7.31249e-07 7.62644e-07 9.06798e-07 1.18042e-06 1.61333e-06 2.25075e-06 3.156e-06 4.41408e-06 6.13596e-06 8.46364e-06 1.15759e-05 1.56943e-05 2.10901e-05 2.80903e-05 3.7084e-05 4.85275e-05 6.29486e-05 8.09481e-05 0.000103199 0.000130445 0.000163489 0.000203183 0.000250414 0.000306077 0.000371052 0.000446174 0.000532195 0.000629748 0.000739305 0.000861143 0.000995299 0.00114154 0.00129934 0.00146784 0.00164586 0.00183189 0.00202408 0.00222029 0.00241813 0.00261497 0.00280802 0.00299439 0.00317115 0.00333544 0.0034845 0.00361574 0.00372686 0.00381588 0.00388117 0.00392154 0.00393627 0.00392507 0.00388818 0.00382627 0.0037405 0.00363242 0.003504 0.00335751 0.00319548 0.00302066 0.0028359 0.00264412 0.00244818 0.00225089 0.00205488 0.00186256 0.00167609 0.00149734 0.00132785 0.00116883 0.00102118 0.000885466 0.000761955 0.000650649 0.000551309 0.000463496 0.000386608 0.00031992 0.000262622 0.000213851 0.000172726 0.000138369 0.000109935 8.66196e-05 6.768e-05 5.24376e-05 4.02849e-05 3.06858e-05 2.31745e-05 1.73521e-05 1.28814e-05 9.48136e-06 6.92088e-06 5.01241e-06 3.6059e-06 2.58311e-06 1.85258e-06 1.34522e-06 1.01068e-06 8.14814e-07 
7.62644e-07 7.95686e-07 9.46798e-07 1.23355e-06 1.6873e-06 2.35557e-06 3.30496e-06 4.62482e-06 6.43185e-06 8.87539e-06 1.21434e-05 1.64691e-05 2.21376e-05 2.94928e-05 3.89439e-05 5.09706e-05 6.61277e-05 8.50465e-05 0.000108435 0.000137071 0.000171801 0.000213517 0.000263148 0.000321633 0.000389894 0.000468802 0.000559144 0.000661577 0.000776594 0.000904476 0.00104526 0.00119869 0.00136421 0.00154092 0.00172756 0.00192256 0.00212397 0.00232956 0.00253681 0.00274296 0.0029451 0.00314021 0.00332524 0.00349717 0.00365313 0.00379044 0.00390667 0.00399977 0.00406803 0.00411023 0.00412559 0.00411384 0.0040752 0.00401039 0.0039206 0.00380749 0.00367307 0.00351973 0.00335012 0.00316709 0.00297364 0.0027728 0.00256759 0.00236093 0.00215556 0.00195403 0.0017586 0.00157122 0.00139351 0.00122676 0.0010719 0.00092953 0.000799939 0.000683134 0.00057887 0.000486691 0.000405968 0.000335947 0.000275778 0.000224559 0.000181367 0.000145282 0.000115417 9.09286e-05 7.10367e-05 5.5029e-05 4.22673e-05 3.21884e-05 2.43029e-05 1.81916e-05 1.35002e-05 9.93315e-06 7.24772e-06 5.24676e-06 3.77261e-06 2.70104e-06 1.93597e-06 1.40483e-06 1.05475e-06 8.49901e-07 
9.06798e-07 9.46798e-07 1.12695e-06 1.46809e-06 2.00733e-06 2.80084e-06 3.92724e-06 5.4919e-06 7.63223e-06 1.05239e-05 1.43875e-05 1.94966e-05 2.61848e-05 3.48541e-05 4.59816e-05 6.01258e-05 7.79311e-05 0.00010013 0.00012754 0.000161061 0.000201663 0.000250375 0.000308257 0.000376381 0.000455792 0.000547477 0.000652317 0.000771044 0.000904195 0.00105206 0.00121466 0.00139166 0.00158239 0.0017858 0.00200042 0.00222441 0.00245555 0.00269127 0.00292867 0.00316462 0.0033958 0.00361877 0.00383007 0.00402629 0.00420418 0.00436069 0.00449312 0.00459911 0.00467678 0.00472473 0.00474209 0.00472856 0.00468438 0.00461038 0.00450791 0.00437881 0.00422538 0.00405031 0.00385659 0.00364745 0.00342629 0.00319655 0.00296166 0.00272494 0.00248953 0.00225833 0.00203393 0.00181859 0.00161417 0.00142217 0.00124368 0.00107942 0.000929744 0.000794692 0.000674009 0.000567195 0.000473554 0.000392235 0.00032228 0.000262665 0.000212335 0.000170242 0.000135365 0.000106737 8.34577e-05 6.47047e-05 4.97392e-05 3.79083e-05 2.86432e-05 2.14561e-05 1.59339e-05 1.17317e-05 8.5655e-06 6.20454e-06 4.46394e-06 3.19789e-06 2.2935e-06 1.66543e-06 1.25144e-06 1.00937e-06 
1.18042e-06 1.23355e-06 1.46809e-06 1.91088e-06 2.60956e-06 3.63615e-06 5.09121e-06 7.10927e-06 9.86538e-06 1.35828e-05 1.85414e-05 2.50869e-05 3.36405e-05 4.47076e-05 5.88869e-05 7.6877e-05 9.94813e-05 0.00012761 0.000162276 0.000204589 0.000255744 0.000316997 0.000389643 0.000474978 0.000574265 0.000688679 0.000819266 0.000966878 0.00113212 0.00131531 0.00151639 0.00173491 0.00196999 0.00222029 0.00248398 0.00275878 0.00304195 0.00333032 0.00362038 0.00390832 0.0041901 0.0044616 0.00471862 0.00495708 0.00517307 0.00536296 0.0055235 0.00565188 0.00574587 0.00580378 0.0058246 0.00580796 0.00575417 0.00566421 0.00553969 0.00538281 0.00519633 0.00498347 0.0047478 0.00449322 0.00422379 0.00394367 0.003657 0.00336779 0.00307987 0.00279675 0.00252161 0.00225723 0.00200591 0.00176951 0.00154941 0.00134655 0.00116141 0.000994081 0.000844309 0.000711527 0.00059492 0.000493484 0.00040607 0.000331447 0.000268337 0.000215461 0.000171575 0.000135489 0.000106095 8.23748e-05 6.34136e-05 4.83989e-05 3.66212e-05 2.74702e-05 2.04279e-05 1.50607e-05 1.10106e-05 7.98613e-06 5.7533e-06 4.12715e-06 2.96422e-06 2.15589e-06 1.62291e-06 1.31149e-06 
1.61333e-06 1.6873e-06 2.00733e-06 2.60956e-06 3.55797e-06 4.94905e-06 6.91723e-06 9.64191e-06 1.3356e-05 1.83557e-05 2.50114e-05 3.37794e-05 4.52135e-05 5.99766e-05 7.88513e-05 0.000102748 0.000132708 0.00016991 0.000215658 0.000271376 0.00033859 0.000418895 0.000513928 0.000625319 0.00075464 0.000903347 0.00107271 0.00126376 0.00147719 0.00171331 0.00197199 0.00225256 0.00255383 0.00287402 0.00321075 0.00356108 0.00392148 0.00428794 0.00465602 0.00502089 0.00537751 0.00572068 0.00604519 0.00634596 0.00661811 0.00685716 0.00705908 0.00722041 0.00733839 0.00741095 0.00743683 0.0074156 0.00734763 0.00723414 0.00707713 0.00687932 0.00664412 0.00637551 0.00607795 0.00575626 0.00541552 0.0050609 0.00469758 0.00433062 0.00396481 0.00360462 0.00325408 0.00291671 0.00259551 0.00229288 0.00201063 0.00175003 0.00151175 0.00129601 0.00110253 0.00093067 0.000779451 0.000647643 0.000533832 0.000436477 0.000353978 0.000284718 0.000227117 0.000179659 0.000140924 0.000109605 8.45192e-05 6.46161e-05 4.89739e-05 3.67971e-05 2.74086e-05 2.02402e-05 1.48211e-05 1.07673e-05 7.76958e-06 5.58294e-06 4.017e-06 2.92738e-06 2.20851e-06 1.78876e-06 
2.25075e-06 2.35557e-06 2.80084e-06 3.63615e-06 4.94905e-06 6.87128e-06 9.58596e-06 1.33369e-05 1.84399e-05 2.52954e-05 3.44027e-05 4.63751e-05 6.19547e-05 8.2027e-05 0.000107634 0.000139981 0.000180449 0.000230584 0.0002921 0.000366855 0.000456829 0.000564087 0.000690731 0.000838843 0.00101041 0.00120727 0.00143099 0.0016828 0.00196353 0.00227345 0.00261228 0.00297907 0.00337216 0.00378915 0.00422689 0.00468151 0.00514843 0.00562244 0.00609782 0.00656839 0.00702771 0.00746914 0.0078861 0.00827212 0.00862108 0.0089273 0.00918572 0.00939203 0.00954272 0.00963523 0.00966798 0.00964044 0.00955308 0.00940743 0.009206 0.00895222 0.00865038 0.0083055 0.00792318 0.00750954 0.00707098 0.00661409 0.00614547 0.00567154 0.00519848 0.00473202 0.00427736 0.00383911 0.00342115 0.00302668 0.00265813 0.00231721 0.00200492 0.00172162 0.00146705 0.00124047 0.0010407 0.000866226 0.000715258 0.000585854 0.000475966 0.000383522 0.000306478 0.00024287 0.000190846 0.000148696 0.000114866 8.79709e-05 6.67913e-05 5.02712e-05 3.75093e-05 2.77463e-05 2.03521e-05 1.48107e-05 1.07057e-05 7.70643e-06 5.55543e-06 4.05695e-06 3.06771e-06 2.49041e-06 
3.156e-06 3.30496e-06 3.92724e-06 5.09121e-06 6.91723e-06 9.58596e-06 1.3348e-05 1.85364e-05 2.5581e-05 3.50259e-05 4.75473e-05 6.39735e-05 8.53034e-05 0.000112725 0.000147632 0.000191632 0.000246555 0.000314449 0.000397569 0.000498352 0.000619382 0.000763339 0.000932935 0.00113084 0.00135958 0.00162146 0.00191842 0.00225197 0.00262301 0.0030318 0.00347782 0.00395967 0.00447508 0.0050208 0.00559264 0.00618548 0.00679335 0.00740947 0.00802643 0.00863628 0.00923073 0.00980133 0.0103397 0.0108375 0.0112871 0.0116813 0.0120137 0.0122788 0.0124722 0.0125908 0.0126324 0.0125966 0.0124838 0.012296 0.0120364 0.0117093 0.0113201 0.0108751 0.0103816 0.00984714 0.00927997 0.00868847 0.00808106 0.00746601 0.00685123 0.00624415 0.00565154 0.00507938 0.00453281 0.00401606 0.00353239 0.00308416 0.00267279 0.00229887 0.00196222 0.00166198 0.00139674 0.00116459 0.000963316 0.000790428 0.00064331 0.000519288 0.000415712 0.000330021 0.000259791 0.000202772 0.000156917 0.000120387 9.15623e-05 6.90349e-05 5.15982e-05 3.82335e-05 2.80924e-05 2.04784e-05 1.48282e-05 1.06932e-05 7.72331e-06 5.65187e-06 4.28349e-06 3.48528e-06 
4.41408e-06 4.62482e-06 5.4919e-06 7.10927e-06 9.64191e-06 1.33369e-05 1.85364e-05 2.56936e-05 3.53927e-05 4.83704e-05 6.55405e-05 8.80181e-05 0.000117145 0.00015451 0.000201973 0.00026167 0.000336023 0.000427735 0.000539766 0.000675301 0.000837704 0.00103044 0.001257 0.00152079 0.00182501 0.00217255 0.00256578 0.00300651 0.00349576 0.00403366 0.00461935 0.00525084 0.00592499 0.00663745 0.00738265 0.00815388 0.00894332 0.0097422 0.0105409 0.0113294 0.0120968 0.0128326 0.0135259 0.0141664 0.0147443 0.0152504 0.0156769 0.0160167 0.0162644 0.016416 0.0164689 0.0164224 0.0162772 0.0160358 0.0157021 0.0152815 0.014781 0.0142084 0.0135729 0.0128841 0.0121524 0.0113885 0.0106031 0.00980684 0.00900981 0.00822161 0.007451 0.00670578 0.00599269 0.00531731 0.00468403 0.00409605 0.00355539 0.003063 0.00261881 0.00222187 0.00187047 0.00156229 0.00129454 0.00106408 0.000867562 0.000701549 0.000562617 0.000447437 0.000352843 0.000275888 0.000213873 0.000164371 0.000125232 9.45836e-05 7.0815e-05 5.25622e-05 3.86861e-05 2.8249e-05 2.04902e-05 1.48028e-05 1.07119e-05 7.85517e-06 5.96675e-06 4.86562e-06 
6.13596e-06 6.43185e-06 7.63223e-06 9.86538e-06 1.3356e-05 1.84399e-05 2.5581e-05 3.53927e-05 4.86632e-05 6.63844e-05 8.97826e-05 0.00012035 0.000159877 0.000210477 0.000274613 0.000355106 0.000455143 0.000578263 0.000728328 0.000909476 0.00112605 0.0013825 0.00168329 0.00203273 0.00243484 0.00289319 0.00341069 0.00398943 0.00463053 0.0053339 0.00609819 0.00692061 0.00779686 0.00872116 0.00968616 0.0106831 0.0117018 0.0127311 0.0137586 0.0147713 0.0157558 0.0166984 0.0175856 0.0184043 0.0191423 0.0197881 0.0203316 0.0207645 0.0210797 0.0212723 0.0213392 0.0212793 0.0210937 0.0207853 0.0203592 0.0198221 0.0191826 0.0184506 0.0176375 0.0167555 0.0158177 0.0148374 0.0138284 0.0128041 0.0117773 0.0107604 0.0097646 0.00880003 0.00787546 0.00699822 0.00617416 0.00540759 0.00470136 0.00405691 0.00347439 0.00295277 0.00249005 0.00208341 0.00172937 0.001424 0.00116307 0.000942175 0.000756932 0.000603038 0.00047639 0.000373146 0.000289776 0.000223094 0.000170267 0.000128819 9.66117e-05 7.18317e-05 5.29583e-05 3.87366e-05 2.81459e-05 2.03699e-05 1.47684e-05 1.08522e-05 8.26166e-06 6.75163e-06 
8.46364e-06 8.87539e-06 1.05239e-05 1.35828e-05 1.83557e-05 2.52954e-05 3.50259e-05 4.83704e-05 6.63844e-05 9.03921e-05 0.000122026 0.000163268 0.000216485 0.000284467 0.000370447 0.000478123 0.000611649 0.000775624 0.000975042 0.00121523 0.00150174 0.00184026 0.0022364 0.00269559 0.00322281 0.00382244 0.00449795 0.00525178 0.00608501 0.00699726 0.00798645 0.00904871 0.0101783 0.0113674 0.0126067 0.0138846 0.0151882 0.0165032 0.0178138 0.0191036 0.0203558 0.0215531 0.0226788 0.0237164 0.0246506 0.0254675 0.0261545 0.0267011 0.0270988 0.0273414 0.0274252 0.0273488 0.0271136 0.0267232 0.0261839 0.0255039 0.0246939 0.0237662 0.0227349 0.0216152 0.0204234 0.0191762 0.0178909 0.0165842 0.0152726 0.0139715 0.0126954 0.0114572 0.0102683 0.00913817 0.00807456 0.00708327 0.0061682 0.00533151 0.00457366 0.00389366 0.00328919 0.00275686 0.00229242 0.00189098 0.00154722 0.00125561 0.00101054 0.000806516 0.000638266 0.000500824 0.000389612 0.000300481 0.000229729 0.000174105 0.0001308 9.74164e-05 7.19429e-05 5.27127e-05 3.83672e-05 2.78171e-05 2.02061e-05 1.48786e-05 1.13519e-05 9.29687e-06 
1.15759e-05 1.21434e-05 1.43875e-05 1.85414e-05 2.50114e-05 3.44027e-05 4.75473e-05 6.55405e-05 8.97826e-05 0.000122026 0.000164426 0.000219588 0.000290617 0.000381157 0.000495422 0.000638206 0.000814879 0.00103136 0.00129403 0.0016097 0.0019854 0.00242829 0.00294539 0.00354344 0.00422853 0.00500595 0.00587981 0.00685281 0.00792595 0.00909833 0.0103669 0.0117263 0.0131689 0.0146847 0.0162613 0.0178841 0.0195366 0.0212006 0.0228565 0.0244837 0.0260611 0.0275674 0.0289818 0.0302841 0.0314555 0.0324787 0.0333386 0.0340221 0.0345191 0.0348218 0.0349258 0.0348295 0.0345344 0.0340451 0.0333691 0.0325167 0.0315007 0.0303364 0.029041 0.0276332 0.0261332 0.0245616 0.0229398 0.0212888 0.019629 0.0179799 0.0163599 0.0147852 0.0132704 0.0118278 0.0104676 0.0091973 0.00802233 0.00694579 0.00596867 0.00509008 0.00430741 0.00361668 0.00301275 0.00248962 0.0020407 0.00165905 0.00133764 0.0010695 0.000847902 0.000666504 0.000519421 0.000401299 0.000307344 0.000233332 0.000175597 0.000131005 9.69136e-05 7.11306e-05 5.18629e-05 3.76694e-05 2.74149e-05 2.02284e-05 1.54676e-05 1.26943e-05 
1.56943e-05 1.64691e-05 1.94966e-05 2.50869e-05 3.37794e-05 4.63751e-05 6.39735e-05 8.80181e-05 0.00012035 0.000163268 0.000219588 0.000292706 0.000386657 0.000506156 0.000656639 0.000844265 0.00107591 0.0013591 0.00170195 0.00211302 0.00260115 0.00317524 0.003844 0.00461565 0.00549759 0.00649609 0.00761589 0.00885991 0.0102289 0.0117212 0.0133324 0.0150554 0.01688 0.0187932 0.0207793 0.0228197 0.0248938 0.0269786 0.0290498 0.0310819 0.033049 0.0349248 0.036684 0.0383018 0.0397556 0.0410242 0.0420894 0.0429354 0.0435499 0.0439238 0.0440517 0.0439315 0.0435652 0.0429583 0.0421199 0.0410623 0.0398012 0.038355 0.0367445 0.0349925 0.0331237 0.0311633 0.0291375 0.0270721 0.0249926 0.0229232 0.0208865 0.0189034 0.0169922 0.0151686 0.0134456 0.0118333 0.0103389 0.00896678 0.00771874 0.00659413 0.00559013 0.00470214 0.00392403 0.00324855 0.00266762 0.00217268 0.00175495 0.0014057 0.00111646 0.000879184 0.000686393 0.000531243 0.000407582 0.000309973 0.000233679 0.000174638 0.000129415 9.51489e-05 6.94968e-05 5.05688e-05 3.68733e-05 2.72637e-05 2.0893e-05 1.71826e-05 
2.10901e-05 2.21376e-05 2.61848e-05 3.36405e-05 4.52135e-05 6.19547e-05 8.53034e-05 0.000117145 0.000159877 0.000216485 0.000290617 0.000386657 0.000509794 0.000666076 0.000862444 0.00110673 0.00140765 0.0017747 0.00221805 0.00274839 0.00337668 0.00411389 0.00497065 0.0059569 0.00708148 0.00835169 0.00977291 0.0113481 0.0130777 0.0149587 0.0169851 0.0191473 0.0214321 0.023823 0.0262999 0.0288396 0.0314163 0.0340017 0.0365659 0.0390776 0.0415052 0.043817 0.0459821 0.047971 0.0497562 0.0513126 0.0526181 0.0536543 0.0544063 0.0548633 0.0550187 0.0548705 0.0544208 0.0536761 0.0526473 0.0513492 0.0498004 0.0480228 0.0460416 0.0438841 0.0415799 0.0391598 0.0366554 0.0340981 0.0315192 0.0289484 0.0264138 0.0239412 0.0215537 0.019271 0.0171099 0.0150834 0.0132011 0.0114691 0.0098902 0.00846433 0.00718856 0.00605768 0.00506453 0.00420044 0.00345565 0.00281969 0.00228175 0.00183102 0.00145692 0.00114938 0.000898958 0.000697008 0.000535713 0.000408138 0.000308222 0.000230747 0.00017129 0.000126156 9.23071e-05 6.7289e-05 4.91597e-05 3.64235e-05 2.79736e-05 2.30535e-05 
2.80903e-05 2.94928e-05 3.48541e-05 4.47076e-05 5.99766e-05 8.2027e-05 0.000112725 0.00015451 0.000210477 0.000284467 0.000381157 0.000506156 0.000666076 0.000868596 0.00112249 0.00143764 0.00182495 0.00229628 0.00286427 0.00354212 0.00434326 0.00528104 0.00636831 0.00761691 0.00903723 0.0106377 0.0124241 0.0143994 0.0165631 0.0189109 0.0214344 0.024121 0.0269537 0.0299116 0.0329694 0.0360985 0.0392669 0.0424402 0.0455819 0.0486541 0.0516188 0.054438 0.0570747 0.0594938 0.0616627 0.0635517 0.0651349 0.0663904 0.0673007 0.0678533 0.0680405 0.0678597 0.0673136 0.0664098 0.065161 0.0635848 0.0617029 0.0595415 0.05713 0.0545012 0.0516902 0.0487337 0.0456696 0.042536 0.0393705 0.0362094 0.033087 0.0300351 0.0270822 0.0242533 0.0215693 0.0190471 0.0166992 0.0145339 0.0125557 0.0107651 0.00915938 0.00773275 0.006477 0.00538194 0.00443593 0.00362633 0.00293997 0.00236359 0.00188416 0.00148916 0.00116684 0.000906348 0.000697861 0.000532618 0.000402938 0.000302185 0.000224713 0.000165792 0.000121524 8.87494e-05 6.49638e-05 4.82332e-05 3.71247e-05 3.06577e-05 
3.7084e-05 3.89439e-05 4.59816e-05 5.88869e-05 7.88513e-05 0.000107634 0.000147632 0.000201973 0.000274613 0.000370447 0.000495422 0.000656639 0.000862444 0.00112249 0.00144778 0.00185061 0.00234454 0.00294422 0.00366518 0.00452352 0.00553555 0.00671733 0.00808416 0.00964999 0.0114268 0.0134241 0.015648 0.0181012 0.0207819 0.0236837 0.0267953 0.0301004 0.0335775 0.0372 0.0409369 0.044753 0.0486093 0.0524641 0.0562735 0.0599923 0.0635751 0.0669767 0.0701538 0.073065 0.0756721 0.0779404 0.0798397 0.0813446 0.0824349 0.083096 0.083319 0.083101 0.082445 0.08136 0.0798607 0.0779674 0.0757055 0.0731053 0.0702015 0.0670323 0.0636389 0.060065 0.0563552 0.052555 0.0487094 0.044862 0.0410544 0.0373252 0.0337096 0.0302384 0.0269378 0.0238292 0.0209289 0.0182481 0.0157932 0.013566 0.0115641 0.00978124 0.0082083 0.00683344 0.00564296 0.00462178 0.00375409 0.00302378 0.00241494 0.00191221 0.00150108 0.0011681 0.000901032 0.000688917 0.000522109 0.000392249 0.0002922 0.000215964 0.000158582 0.000116027 8.50961e-05 6.33124e-05 4.88376e-05 4.04122e-05 
4.85275e-05 5.09706e-05 6.01258e-05 7.6877e-05 0.000102748 0.000139981 0.000191632 0.00026167 0.000355106 0.000478123 0.000638206 0.000844265 0.00110673 0.00143764 0.00185061 0.00236085 0.00298502 0.00374103 0.00464775 0.00572465 0.00699127 0.00846672 0.010169 0.0121142 0.0143161 0.016785 0.0195273 0.0225447 0.0258339 0.0293856 0.0331851 0.0372111 0.0414367 0.0458291 0.0503502 0.054957 0.0596028 0.0642375 0.0688089 0.0732636 0.077548 0.0816095 0.0853973 0.0888635 0.0919639 0.0946586 0.0969127 0.0986973 0.0999891 0.100772 0.101035 0.100775 0.0999954 0.0987071 0.0969265 0.0946768 0.0919873 0.0888928 0.0854332 0.0816529 0.0775997 0.0733244 0.0688794 0.0643183 0.0596941 0.055059 0.0504625 0.0459514 0.0415682 0.0373507 0.0333315 0.0295375 0.0259893 0.022702 0.0196846 0.0169404 0.0144679 0.0122608 0.0103088 0.00859857 0.00711419 0.00583793 0.00475096 0.00383399 0.00306779 0.00243371 0.00191401 0.00149218 0.00115312 0.000883252 0.00067059 0.000504696 0.000376631 0.00027886 0.000205135 0.000150366 0.000110496 8.23818e-05 6.36857e-05 5.28047e-05 
6.29486e-05 6.61277e-05 7.79311e-05 9.94813e-05 0.000132708 0.000180449 0.000246555 0.000336023 0.000455143 0.000611649 0.000814879 0.00107591 0.00140765 0.00182495 0.00234454 0.00298502 0.00376665 0.00471112 0.00584112 0.00717991 0.00875067 0.0105758 0.0126763 0.0150705 0.0177737 0.0207969 0.0241464 0.0278227 0.0318198 0.0361254 0.0407197 0.0455761 0.0506611 0.0559343 0.0613495 0.0668552 0.0723955 0.0779111 0.0833406 0.0886217 0.093692 0.0984906 0.102959 0.107043 0.110691 0.113858 0.116504 0.118598 0.120112 0.121029 0.121335 0.121029 0.120114 0.1186 0.116509 0.113864 0.110701 0.107057 0.102979 0.0985171 0.0937263 0.0886651 0.0833943 0.0779758 0.0724721 0.0669441 0.0614509 0.056048 0.0507865 0.0457125 0.0408657 0.0362795 0.0319803 0.0279875 0.0243135 0.020964 0.0179387 0.0152315 0.0128314 0.0107235 0.00888953 0.0073089 0.00595952 0.00481851 0.00386291 0.00307028 0.00241918 0.00188952 0.00146285 0.00112254 0.000853802 0.000643733 0.000481243 0.000356951 0.000263054 0.00019318 0.000142236 0.000106267 8.23287e-05 6.83983e-05 
8.09481e-05 8.50465e-05 0.00010013 0.00012761 0.00016991 0.000230584 0.000314449 0.000427735 0.000578263 0.000775624 0.00103136 0.0013591 0.0017747 0.00229628 0.00294422 0.00374103 0.00471112 0.00588046 0.00727608 0.00892545 0.0108558 0.013093 0.0156611 0.0185808 0.0218689 0.0255367 0.0295897 0.0340266 0.0388383 0.0440079 0.0495102 0.0553118 0.0613713 0.0676399 0.0740621 0.0805765 0.0871173 0.093615 0.0999982 0.106195 0.112133 0.117744 0.12296 0.127721 0.131967 0.13565 0.138725 0.141155 0.142911 0.143973 0.144327 0.14397 0.142906 0.141148 0.138717 0.135642 0.131961 0.127716 0.122959 0.117748 0.112145 0.106215 0.100029 0.0936573 0.0871726 0.0806458 0.0741459 0.0677385 0.0614845 0.0554389 0.0496502 0.0441593 0.0389992 0.034195 0.0297632 0.0257128 0.0220452 0.018755 0.0158307 0.0132561 0.0110105 0.00907049 0.00741029 0.00600311 0.00482183 0.00383975 0.00303118 0.00237195 0.00183975 0.00141434 0.0010777 0.000814 0.000609619 0.00045298 0.000334428 0.000246053 0.000181521 0.000135901 0.000105514 8.78328e-05 
0.000103199 0.000108435 0.00012754 0.000162276 0.000215658 0.0002921 0.000397569 0.000539766 0.000728328 0.000975042 0.00129403 0.00170195 0.00221805 0.00286427 0.00366518 0.00464775 0.00584112 0.00727608 0.00898446 0.0109984 0.0133493 0.0160671 0.0191787 0.0227071 0.02667 0.0310791 0.0359383 0.0412435 0.0469817 0.0531305 0.0596578 0.0665224 0.0736739 0.0810536 0.0885956 0.0962278 0.103873 0.111451 0.11888 0.126077 0.132961 0.139453 0.14548 0.150971 0.155863 0.160101 0.163635 0.166426 0.168441 0.169658 0.170063 0.169652 0.168429 0.166409 0.163614 0.160076 0.155836 0.150944 0.145454 0.139431 0.132944 0.126068 0.118881 0.111464 0.1039 0.0962702 0.0886546 0.0811299 0.0737677 0.0666335 0.0597854 0.0532731 0.0471377 0.0414106 0.036114 0.0312608 0.0268548 0.0228921 0.0193612 0.0162446 0.0135196 0.0111594 0.00913477 0.00741456 0.00596707 0.00476085 0.00376546 0.00295208 0.00229397 0.00176678 0.00134869 0.00102052 0.000765657 0.000569946 0.000421545 0.000310728 0.000229683 0.000172317 0.000134075 0.000111824 
0.000130445 0.000137071 0.000161061 0.000204589 0.000271376 0.000366855 0.000498352 0.000675301 0.000909476 0.00121523 0.0016097 0.00211302 0.00274839 0.00354212 0.00452352 0.00572465 0.00717991 0.00892545 0.0109984 0.0134359 0.0162739 0.0195462 0.0232828 0.0275086 0.0322422 0.0374944 0.0432671 0.0495527 0.0563328 0.0635784 0.0712495 0.0792954 0.0876556 0.0962603 0.105032 0.113887 0.122735 0.131486 0.140045 0.14832 0.156219 0.163655 0.170546 0.176815 0.182393 0.187218 0.191238 0.194409 0.196697 0.198077 0.198536 0.198067 0.196677 0.194379 0.1912 0.187173 0.182342 0.176761 0.170491 0.163602 0.156169 0.148276 0.140011 0.131463 0.122727 0.113895 0.105059 0.0963067 0.0877225 0.0793831 0.0713574 0.0637056 0.0564776 0.0497129 0.0434401 0.0376772 0.0324317 0.0277015 0.0234759 0.0197364 0.0164585 0.0136123 0.0111647 0.00908001 0.00732162 0.00585285 0.00463798 0.00364299 0.00283614 0.00218838 0.00167357 0.00126864 0.000953518 0.000711062 0.000526873 0.000389093 0.000288172 0.000216645 0.000168924 0.000141159 
0.000163489 0.000171801 0.000201663 0.000255744 0.00033859 0.000456829 0.000619382 0.000837704 0.00112605 0.00150174 0.0019854 0.00260115 0.00337668 0.00434326 0.00553555 0.00699127 0.00875067 0.0108558 0.0133493 0.0162739 0.0196702 0.0235758 0.0280236 0.0330403 0.0386443 0.0448453 0.0516421 0.0590221 0.0669608 0.0754209 0.0843532 0.0936963 0.103378 0.113317 0.123421 0.133596 0.143738 0.153744 0.163508 0.172928 0.181901 0.190332 0.198131 0.205214 0.211508 0.216945 0.221469 0.225035 0.227606 0.229156 0.229669 0.229141 0.227577 0.224993 0.221414 0.216879 0.211432 0.205132 0.198044 0.190243 0.181813 0.172844 0.163432 0.153679 0.143687 0.133562 0.123408 0.113325 0.10341 0.0937526 0.0844337 0.0755251 0.0670872 0.0591688 0.0518063 0.045024 0.038834 0.0332373 0.0282243 0.0237764 0.0198674 0.0164647 0.013531 0.0110263 0.00890836 0.00713508 0.00566489 0.00445802 0.00347715 0.00268794 0.00205936 0.00156391 0.00117755 0.000879707 0.000653016 0.000483148 0.00035853 0.000270096 0.000211045 0.000176689 
0.000203183 0.000213517 0.000250375 0.000316997 0.000418895 0.000564087 0.000763339 0.00103044 0.0013825 0.00184026 0.00242829 0.00317524 0.00411389 0.00528104 0.00671733 0.00846672 0.0105758 0.013093 0.0160671 0.0195462 0.0235758 0.0281973 0.0334462 0.0393501 0.0459271 0.0531842 0.0611163 0.0697047 0.078917 0.0887066 0.0990133 0.109764 0.120873 0.132245 0.143777 0.155357 0.166871 0.178202 0.189233 0.19985 0.209943 0.219407 0.228145 0.236067 0.243095 0.249159 0.254199 0.258168 0.261027 0.262749 0.263318 0.26273 0.260989 0.258112 0.254126 0.249071 0.242993 0.235954 0.228023 0.21928 0.209814 0.199723 0.189111 0.17809 0.166772 0.155276 0.143716 0.132209 0.120862 0.109781 0.0990585 0.0887799 0.0790175 0.0698307 0.0612652 0.0533528 0.0461117 0.0395467 0.0336506 0.0284053 0.0237834 0.0197496 0.0162632 0.0132789 0.0107494 0.00862634 0.00686202 0.00541035 0.00422784 0.00327428 0.00251317 0.00191198 0.00144221 0.00107935 0.000802666 0.000594973 0.00044237 0.000333938 0.000261474 0.000219315 
0.000250414 0.000263148 0.000308257 0.000389643 0.000513928 0.000690731 0.000932935 0.001257 0.00168329 0.0022364 0.00294539 0.003844 0.00497065 0.00636831 0.00808416 0.010169 0.0126763 0.0156611 0.0191787 0.0232828 0.0280236 0.0334462 0.039588 0.046477 0.0541299 0.0625502 0.0717273 0.081635 0.0922318 0.10346 0.115247 0.127506 0.140138 0.153032 0.166071 0.179128 0.192077 0.204787 0.21713 0.228982 0.240222 0.250741 0.260433 0.269206 0.276975 0.283669 0.289227 0.293599 0.296745 0.298639 0.299264 0.298615 0.296698 0.293529 0.289136 0.283559 0.276846 0.269061 0.260275 0.250574 0.24005 0.228807 0.216958 0.204623 0.191925 0.178993 0.165957 0.152943 0.140077 0.127476 0.115249 0.103494 0.0922986 0.0817328 0.0718537 0.0627021 0.0543035 0.046668 0.0397917 0.0336579 0.0282386 0.0234967 0.0193875 0.0158614 0.0128652 0.0103443 0.00824441 0.00651261 0.00509869 0.003956 0.00304195 0.00231843 0.00175193 0.00131348 0.000978535 0.000726676 0.000541336 0.000409476 0.000321281 0.000269968 
0.000306077 0.000321633 0.000376381 0.000474978 0.000625319 0.000838843 0.00113084 0.00152079 0.00203273 0.00269559 0.00354344 0.00461565 0.0059569 0.00761691 0.00964999 0.0121142 0.0150705 0.0185808 0.0227071 0.0275086 0.0330403 0.0393501 0.046477 0.0544485 0.0632787 0.0729664 0.083494 0.0948265 0.106911 0.119678 0.133041 0.146897 0.161133 0.175623 0.190232 0.204821 0.219249 0.233373 0.247053 0.260157 0.272557 0.284133 0.294779 0.304397 0.312901 0.320217 0.326284 0.331051 0.334479 0.336541 0.337221 0.336513 0.334423 0.330969 0.326176 0.320085 0.312746 0.304222 0.294587 0.283927 0.27234 0.259935 0.24683 0.233154 0.21904 0.204628 0.190059 0.175475 0.161015 0.146812 0.132991 0.119666 0.106936 0.0948883 0.0835905 0.0730946 0.0634348 0.0546281 0.0466749 0.0395611 0.0332591 0.0277301 0.0229265 0.018794 0.0152738 0.0123048 0.00982573 0.00777643 0.00609948 0.00474119 0.00365232 0.00278861 0.00211097 0.00158547 0.00118328 0.000880335 0.00065706 0.000498009 0.000391539 0.00032959 
0.000371052 0.000389894 0.000455792 0.000574265 0.00075464 0.00101041 0.00135958 0.00182501 0.00243484 0.00322281 0.00422853 0.00549759 0.00708148 0.00903723 0.0114268 0.0143161 0.0177737 0.0218689 0.02667 0.0322422 0.0386443 0.0459271 0.0541299 0.0632787 0.0733838 0.0844379 0.0964148 0.109269 0.122935 0.137329 0.152348 0.167876 0.183781 0.19992 0.216144 0.232299 0.24823 0.263782 0.278805 0.293158 0.306706 0.319326 0.330907 0.341349 0.350566 0.358483 0.36504 0.370185 0.373883 0.376106 0.376838 0.376074 0.37382 0.370092 0.364916 0.358331 0.350387 0.341145 0.330681 0.319081 0.306446 0.292888 0.27853 0.263507 0.247962 0.232045 0.215909 0.199709 0.1836 0.167731 0.152241 0.137262 0.122911 0.109287 0.0964737 0.0845351 0.0735157 0.0634406 0.0543165 0.0461326 0.038863 0.032468 0.0268976 0.022093 0.0179901 0.0145212 0.0116177 0.00921194 0.00723883 0.00563709 0.00435029 0.00332744 0.00252329 0.00189849 0.00141941 0.00105793 0.000791107 0.000600798 0.000473296 0.000399105 
0.000446174 0.000468802 0.000547477 0.000688679 0.000903347 0.00120727 0.00162146 0.00217255 0.00289319 0.00382244 0.00500595 0.00649609 0.00835169 0.0106377 0.0134241 0.016785 0.0207969 0.0255367 0.0310791 0.0374944 0.0448453 0.0531842 0.0625502 0.0729664 0.0844379 0.0969495 0.110465 0.124926 0.140254 0.156348 0.17309 0.190345 0.207963 0.225786 0.243649 0.261382 0.278816 0.295787 0.312136 0.327713 0.342379 0.356009 0.368488 0.379716 0.389609 0.398094 0.40511 0.410611 0.41456 0.416933 0.417714 0.416898 0.414491 0.410508 0.404974 0.397925 0.38941 0.379488 0.368232 0.355729 0.34208 0.327398 0.311811 0.295458 0.27849 0.261065 0.243349 0.22551 0.207716 0.190133 0.172919 0.156222 0.140174 0.124894 0.110479 0.0970086 0.0845386 0.0731042 0.0627196 0.0533791 0.0450592 0.0377208 0.0313116 0.0257694 0.0210247 0.0170033 0.0136294 0.0108273 0.00852383 0.00664979 0.00514099 0.00393915 0.00299239 0.00225535 0.00168917 0.00126126 0.000944917 0.00071901 0.000567532 0.000479383 
0.000532195 0.000559144 0.000652317 0.000819266 0.00107271 0.00143099 0.00191842 0.00256578 0.00341069 0.00449795 0.00587981 0.00761589 0.00977291 0.0124241 0.015648 0.0195273 0.0241464 0.0295897 0.0359383 0.0432671 0.0516421 0.0611163 0.0717273 0.083494 0.0964148 0.110465 0.125596 0.141737 0.158791 0.176642 0.195153 0.21417 0.233526 0.253045 0.272546 0.291844 0.310761 0.329119 0.346753 0.363508 0.379241 0.393826 0.407148 0.419109 0.429628 0.438633 0.44607 0.451894 0.456071 0.458579 0.459404 0.458543 0.455998 0.451785 0.445925 0.438453 0.429413 0.418861 0.406868 0.393517 0.378907 0.363153 0.346383 0.328739 0.310378 0.291467 0.272181 0.252701 0.23321 0.213889 0.194914 0.17645 0.158649 0.141647 0.125559 0.110479 0.0964775 0.0836012 0.0718734 0.061295 0.0518464 0.0434899 0.0361724 0.0298284 0.0243835 0.0197574 0.0158667 0.012628 0.00995961 0.00778384 0.00602836 0.00462713 0.00352108 0.00265838 0.00199448 0.00149186 0.00111974 0.000853674 0.00067512 0.000571206 
0.000629748 0.000661577 0.000771044 0.000966878 0.00126376 0.0016828 0.00225197 0.00300651 0.00398943 0.00525178 0.00685281 0.00885991 0.0113481 0.0143994 0.0181012 0.0225447 0.0278227 0.0340266 0.0412435 0.0495527 0.0590221 0.0697047 0.081635 0.0948265 0.109269 0.124926 0.141737 0.159613 0.178442 0.198087 0.218392 0.239185 0.26028 0.281484 0.302598 0.323428 0.34378 0.363471 0.382328 0.400193 0.416922 0.432389 0.446483 0.459109 0.470189 0.479659 0.487467 0.493574 0.49795 0.500577 0.501441 0.50054 0.497876 0.493462 0.487317 0.479471 0.469964 0.458847 0.446185 0.432058 0.41656 0.399804 0.381918 0.363045 0.343346 0.322993 0.302171 0.281073 0.259895 0.238833 0.218082 0.197824 0.178232 0.15946 0.141642 0.124889 0.109287 0.0948969 0.0817519 0.0698617 0.0592119 0.0497675 0.0414754 0.034268 0.0280665 0.0227847 0.018332 0.0146168 0.0115489 0.00904197 0.00701495 0.00539364 0.00411135 0.00310929 0.00233676 0.00175093 0.00131657 0.00100562 0.000796781 0.000675227 
0.000739305 0.000776594 0.000904195 0.00113212 0.00147719 0.00196353 0.00262301 0.00349576 0.00463053 0.00608501 0.00792595 0.0102289 0.0130777 0.0165631 0.0207819 0.0258339 0.0318198 0.0388383 0.0469817 0.0563328 0.0669608 0.078917 0.0922318 0.106911 0.122935 0.140254 0.158791 0.178442 0.199073 0.220528 0.242633 0.265193 0.288005 0.310859 0.333541 0.355843 0.377562 0.398509 0.418506 0.437394 0.45503 0.47129 0.486069 0.499278 0.510845 0.520712 0.528835 0.53518 0.539723 0.542448 0.543345 0.542411 0.539649 0.535069 0.528685 0.520523 0.510616 0.49901 0.485762 0.470945 0.454648 0.43698 0.418064 0.398044 0.377082 0.355356 0.333056 0.310385 0.287553 0.264771 0.242251 0.220194 0.198793 0.178221 0.158634 0.14016 0.122903 0.106939 0.0923136 0.0790467 0.0671309 0.0565351 0.0472075 0.0390792 0.0320678 0.0260817 0.0210233 0.0167929 0.0132919 0.0104247 0.00810158 0.00623966 0.00476418 0.003609 0.00271685 0.00203922 0.00153606 0.00117543 0.000933033 0.000791928 
0.000861143 0.000904476 0.00105206 0.00131531 0.00171331 0.00227345 0.0030318 0.00403366 0.0053339 0.00699726 0.00909833 0.0117212 0.0149587 0.0189109 0.0236837 0.0293856 0.0361254 0.0440079 0.0531305 0.0635784 0.0754209 0.0887066 0.10346 0.119678 0.137329 0.156348 0.176642 0.198087 0.220528 0.243791 0.267677 0.291974 0.316459 0.340905 0.365085 0.388779 0.411776 0.433882 0.454918 0.474724 0.493162 0.510113 0.525478 0.539177 0.551147 0.561337 0.569712 0.576245 0.580918 0.58372 0.584643 0.583685 0.580848 0.576138 0.569568 0.561153 0.550922 0.538911 0.52517 0.509763 0.492771 0.474294 0.454453 0.433387 0.411259 0.388247 0.364547 0.340372 0.315942 0.291484 0.267224 0.243384 0.220176 0.197796 0.176418 0.156193 0.137242 0.119658 0.103501 0.0888039 0.0755665 0.0637636 0.0533461 0.0442448 0.0363746 0.0296389 0.0239338 0.0191518 0.0151854 0.0119302 0.00928717 0.00716463 0.00547938 0.00415756 0.00313494 0.00235696 0.00177848 0.00136338 0.00108415 0.000921582 
0.000995299 0.00104526 0.00121466 0.00151639 0.00197199 0.00261228 0.00347782 0.00461935 0.00609819 0.00798645 0.0103669 0.0133324 0.0169851 0.0214344 0.0267953 0.0331851 0.0407197 0.0495102 0.0596578 0.0712495 0.0843532 0.0990133 0.115247 0.133041 0.152348 0.17309 0.195153 0.218392 0.242633 0.267677 0.293306 0.319287 0.345379 0.371339 0.396927 0.421913 0.446081 0.469233 0.49119 0.511797 0.53092 0.548448 0.564292 0.57838 0.590661 0.601095 0.609656 0.616324 0.621089 0.623944 0.624885 0.623912 0.621024 0.616225 0.609521 0.600923 0.590448 0.578125 0.563991 0.548102 0.530528 0.511361 0.490713 0.468719 0.445536 0.421345 0.396345 0.370755 0.344804 0.318733 0.292784 0.267199 0.242208 0.21803 0.19486 0.17287 0.152202 0.132968 0.115243 0.0990734 0.0844695 0.0714132 0.0598593 0.0497395 0.0409671 0.0334413 0.0270522 0.0216848 0.0172232 0.0135538 0.0105685 0.00816633 0.00625546 0.00475397 0.00359039 0.00270379 0.00204363 0.00156939 0.00125011 0.00106421 
0.00114154 0.00119869 0.00139166 0.00173491 0.00225256 0.00297907 0.00395967 0.00525084 0.00692061 0.00904871 0.0117263 0.0150554 0.0191473 0.024121 0.0301004 0.0372111 0.0455761 0.0553118 0.0665224 0.0792954 0.0936963 0.109764 0.127506 0.146897 0.167876 0.190345 0.21417 0.239185 0.265193 0.291974 0.319287 0.34688 0.374494 0.40187 0.428759 0.454922 0.480138 0.504209 0.526959 0.548238 0.567919 0.585904 0.602112 0.616485 0.628984 0.639579 0.648256 0.655005 0.659822 0.662708 0.66366 0.66268 0.659767 0.654919 0.648137 0.639424 0.62879 0.616249 0.601829 0.585573 0.567539 0.547807 0.526481 0.503686 0.479576 0.454328 0.428143 0.401242 0.373867 0.346267 0.318701 0.291427 0.264698 0.238751 0.213807 0.190057 0.167668 0.146768 0.127453 0.109782 0.0937791 0.0794336 0.0667059 0.0555301 0.0458187 0.0374678 0.030362 0.0243793 0.0193956 0.0152884 0.0119401 0.00924074 0.0070895 0.00539616 0.00408174 0.00307868 0.0023308 0.00179295 0.00143058 0.00121955 
0.00129934 0.00136421 0.00158239 0.00196999 0.00255383 0.00337216 0.00447508 0.00592499 0.00779686 0.0101783 0.0131689 0.01688 0.0214321 0.0269537 0.0335775 0.0414367 0.0506611 0.0613713 0.0736739 0.0876556 0.103378 0.120873 0.140138 0.161133 0.183781 0.207963 0.233526 0.26028 0.288005 0.316459 0.345379 0.374494 0.403527 0.432208 0.460276 0.487487 0.513618 0.538472 0.561878 0.583694 0.603804 0.62212 0.638577 0.653129 0.66575 0.676424 0.685149 0.691924 0.696756 0.699648 0.700604 0.699626 0.696711 0.691854 0.68505 0.676293 0.665581 0.652919 0.638321 0.621814 0.603445 0.58328 0.56141 0.537952 0.51305 0.486878 0.459635 0.431546 0.402857 0.373829 0.344734 0.315848 0.287442 0.259776 0.233093 0.207608 0.183508 0.160945 0.140033 0.120846 0.103424 0.0877644 0.0738358 0.0615753 0.0508958 0.0416912 0.0338415 0.0272182 0.0216892 0.0171235 0.0133942 0.010382 0.0079771 0.00608088 0.0046066 0.00347991 0.00263874 0.00203315 0.00162484 0.00138702 
0.00146784 0.00154092 0.0017858 0.00222029 0.00287402 0.00378915 0.0050208 0.00663745 0.00872116 0.0113674 0.0146847 0.0187932 0.023823 0.0299116 0.0372 0.0458291 0.0559343 0.0676399 0.0810536 0.0962603 0.113317 0.132245 0.153032 0.175623 0.19992 0.225786 0.253045 0.281484 0.310859 0.340905 0.371339 0.40187 0.432208 0.462069 0.491184 0.519306 0.546212 0.571708 0.59563 0.617847 0.638255 0.656779 0.673369 0.687996 0.700646 0.71132 0.720026 0.726776 0.731584 0.73446 0.735413 0.734445 0.731552 0.726725 0.719951 0.711217 0.70051 0.68782 0.673148 0.656507 0.637927 0.617461 0.595184 0.571202 0.54565 0.518694 0.49053 0.461383 0.431504 0.401162 0.370642 0.340235 0.310232 0.280913 0.252544 0.225364 0.199583 0.175374 0.152872 0.132171 0.113322 0.0963366 0.0811908 0.0678265 0.0561584 0.0460789 0.0374643 0.0301803 0.0240875 0.0190461 0.0149206 0.0115822 0.00891233 0.00680366 0.00516166 0.00390498 0.0029656 0.00228859 0.0018318 0.0015657 
0.00164586 0.00172756 0.00200042 0.00248398 0.00321075 0.00422689 0.00559264 0.00738265 0.00968616 0.0126067 0.0162613 0.0207793 0.0262999 0.0329694 0.0409369 0.0503502 0.0613495 0.0740621 0.0885956 0.105032 0.123421 0.143777 0.166071 0.190232 0.216144 0.243649 0.272546 0.302598 0.333541 0.365085 0.396927 0.428759 0.460276 0.491184 0.521209 0.550101 0.577639 0.603635 0.627934 0.650418 0.670995 0.689608 0.706222 0.720824 0.733417 0.744015 0.752641 0.759317 0.764066 0.766907 0.76785 0.766899 0.764049 0.759287 0.752594 0.743946 0.733318 0.720688 0.706043 0.689378 0.670708 0.650069 0.62752 0.603154 0.577094 0.549496 0.520552 0.490485 0.459547 0.428016 0.396186 0.364363 0.332856 0.301965 0.271979 0.24316 0.215742 0.189922 0.165855 0.143653 0.123384 0.105073 0.0887053 0.0742286 0.0615604 0.050593 0.0411995 0.0332407 0.0265702 0.0210404 0.0165068 0.0128319 0.00988778 0.00755885 0.00574262 0.00435069 0.00330894 0.0025574 0.00204997 0.00175433 
0.00183189 0.00192256 0.00222441 0.00275878 0.00356108 0.00468151 0.00618548 0.00815388 0.0106831 0.0138846 0.0178841 0.0228197 0.0288396 0.0360985 0.044753 0.054957 0.0668552 0.0805765 0.0962278 0.113887 0.133596 0.155357 0.179128 0.204821 0.232299 0.261382 0.291844 0.323428 0.355843 0.388779 0.421913 0.454922 0.487487 0.519306 0.550101 0.579621 0.60765 0.634008 0.658551 0.681173 0.7018 0.72039 0.736926 0.751412 0.763868 0.774323 0.782812 0.789371 0.794031 0.796816 0.797743 0.796816 0.794029 0.789364 0.782795 0.774289 0.76381 0.751322 0.736795 0.720209 0.701561 0.680869 0.658178 0.633562 0.607133 0.579035 0.549452 0.518604 0.486744 0.454154 0.421137 0.388013 0.355105 0.322737 0.291216 0.26083 0.231835 0.204451 0.178856 0.155182 0.133514 0.113891 0.0963077 0.0807207 0.0670507 0.0551907 0.0450119 0.0363706 0.0291143 0.0230878 0.0181383 0.0141194 0.0108946 0.00833964 0.0063443 0.00481308 0.00366575 0.00283725 0.00227748 0.00195129 
0.00202408 0.00212397 0.00245555 0.00304195 0.00392148 0.00514843 0.00679335 0.00894332 0.0117018 0.0151882 0.0195366 0.0248938 0.0314163 0.0392669 0.0486093 0.0596028 0.0723955 0.0871173 0.103873 0.122735 0.143738 0.166871 0.192077 0.219249 0.24823 0.278816 0.310761 0.34378 0.377562 0.411776 0.446081 0.480138 0.513618 0.546212 0.577639 0.60765 0.636035 0.662624 0.687286 0.709929 0.730496 0.748962 0.765329 0.779619 0.791867 0.802119 0.810424 0.816828 0.821372 0.824087 0.824993 0.824095 0.821387 0.816846 0.810439 0.802124 0.791854 0.779577 0.76525 0.748835 0.730311 0.709678 0.686962 0.662223 0.635555 0.607091 0.577008 0.545517 0.512871 0.479355 0.445279 0.410974 0.37678 0.343037 0.310075 0.278205 0.247705 0.21882 0.191749 0.166645 0.143611 0.122701 0.103922 0.0872373 0.0725737 0.0598255 0.0488628 0.0395382 0.0316939 0.0251676 0.0197985 0.0154318 0.0119225 0.00913815 0.00696062 0.00528751 0.00403245 0.00312534 0.00251208 0.00215465 
0.00222029 0.00232956 0.00269127 0.00333032 0.00428794 0.00562244 0.00740947 0.0097422 0.0127311 0.0165032 0.0212006 0.0269786 0.0340017 0.0424402 0.0524641 0.0642375 0.0779111 0.093615 0.111451 0.131486 0.153744 0.178202 0.204787 0.233373 0.263782 0.295787 0.329119 0.363471 0.398509 0.433882 0.469233 0.504209 0.538472 0.571708 0.603635 0.634008 0.662624 0.689324 0.713992 0.73655 0.75696 0.775216 0.791336 0.805361 0.817343 0.827344 0.835424 0.841643 0.846049 0.84868 0.849561 0.848697 0.846081 0.841685 0.835472 0.827388 0.817376 0.805371 0.791312 0.775146 0.756834 0.736357 0.713723 0.688974 0.662188 0.633485 0.60303 0.571029 0.53773 0.503419 0.468412 0.433051 0.397688 0.362682 0.328382 0.29512 0.2632 0.232887 0.204405 0.177926 0.153572 0.131412 0.111467 0.0937095 0.0780705 0.0644476 0.0527106 0.0427093 0.034281 0.027257 0.0214692 0.0167547 0.0129603 0.00994555 0.00758478 0.00576871 0.00440499 0.00341848 0.00275114 0.00236213 
