3.62944e-06 3.76248e-06 4.32491e-06 5.36491e-06 6.96578e-06 9.25066e-06 1.23871e-05 1.65925e-05 2.21413e-05 2.93716e-05 3.86934e-05 5.05962e-05 6.56557e-05 8.45407e-05 0.000108017 0.000136948 0.000172298 0.000215121 0.000266556 0.000327808 0.000400133 0.000484807 0.000583095 0.000696215 0.000825296 0.000971326 0.00113511 0.00131722 0.00151793 0.0017372 0.00197459 0.00222929 0.00250003 0.0027851 0.00308234 0.00338916 0.00370258 0.00401922 0.00433542 0.00464726 0.00495066 0.00524145 0.00551549 0.00576873 0.00599733 0.00619773 0.00636677 0.00650172 0.0066004 0.00666119 0.00668309 0.00666576 0.00660949 0.00651522 0.00638452 0.00621953 0.00602293 0.00579783 0.00554776 0.00527652 0.00498815 0.00468676 0.0043765 0.00406146 0.00374554 0.00343243 0.0031255 0.00282777 0.00254184 0.00226992 0.00201373 0.00177459 0.00155337 0.00135053 0.00116617 0.00100005 0.000851648 0.000720196 0.00060474 0.000504186 0.000417341 0.000342964 0.000279793 0.000226588 0.000182148 0.000145339 0.000115103 9.04753e-05 7.05825e-05 5.46504e-05 4.19993e-05 3.20417e-05 2.42756e-05 1.82786e-05 1.37001e-05 1.02538e-05 7.71068e-06 5.89223e-06 4.66493e-06 3.93683e-06 
3.76248e-06 3.90131e-06 4.4865e-06 5.56825e-06 7.23337e-06 9.61016e-06 1.28732e-05 1.7249e-05 2.30235e-05 3.05489e-05 4.02522e-05 5.26433e-05 6.83219e-05 8.7984e-05 0.000112427 0.00014255 0.000179355 0.000223939 0.000277485 0.000341247 0.000416529 0.000504654 0.000606936 0.000724636 0.000858922 0.00101082 0.00118115 0.0013705 0.00157916 0.00180707 0.00205377 0.0023184 0.00259963 0.00289569 0.00320434 0.00352287 0.00384818 0.00417678 0.00450487 0.00482837 0.00514306 0.00544463 0.00572878 0.00599132 0.00622828 0.00643599 0.00661117 0.006751 0.00685323 0.00691618 0.00693883 0.00692081 0.00686244 0.00676469 0.00662917 0.0064581 0.00625424 0.00602084 0.00576152 0.00548023 0.00518112 0.00486849 0.00454662 0.00421973 0.00389189 0.00356691 0.0032483 0.00293917 0.00264226 0.00235984 0.00209372 0.00184526 0.00161538 0.00140456 0.00121293 0.00104022 0.000885917 0.000749216 0.000629134 0.000524539 0.000434196 0.000356815 0.000291089 0.000235728 0.000189487 0.000151184 0.000119722 9.40953e-05 7.3397e-05 5.68208e-05 4.36596e-05 3.33015e-05 2.52242e-05 1.89879e-05 1.42275e-05 1.0645e-05 8.00183e-06 6.11229e-06 4.83732e-06 4.08121e-06 
4.32491e-06 4.4865e-06 5.15999e-06 6.40283e-06 8.31418e-06 1.10405e-05 1.47806e-05 1.97928e-05 2.6402e-05 3.50086e-05 4.60971e-05 6.02452e-05 7.81313e-05 0.000100542 0.000128376 0.000162647 0.00020448 0.000255107 0.00031585 0.000388112 0.000473344 0.000573017 0.000688585 0.000821441 0.000972866 0.00114398 0.00133567 0.00154855 0.00178292 0.00203865 0.00231522 0.00261161 0.00292633 0.00325734 0.00360213 0.00395768 0.00432052 0.00468675 0.00505214 0.00541218 0.00576221 0.00609743 0.00641312 0.00670466 0.00696766 0.00719809 0.00739234 0.00754732 0.00766056 0.00773021 0.00775517 0.00773502 0.00767011 0.00756152 0.00741102 0.00722105 0.00699464 0.00673537 0.00644722 0.00613455 0.00580194 0.00545412 0.00509584 0.00473177 0.00436641 0.004004 0.00364844 0.00330323 0.0029714 0.00265552 0.00235763 0.00207928 0.00182152 0.00158494 0.00136968 0.00117552 0.00100188 0.000847917 0.000712547 0.000594526 0.000492493 0.000405021 0.000330656 0.000267963 0.000215551 0.000172099 0.000136378 0.000107257 8.37182e-05 6.4852e-05 4.98611e-05 3.80543e-05 2.88409e-05 2.17228e-05 1.62859e-05 1.2192e-05 9.1703e-06 7.0095e-06 5.55152e-06 4.68745e-06 
5.36491e-06 5.56825e-06 6.40283e-06 7.93904e-06 1.02981e-05 1.36588e-05 1.82636e-05 2.44265e-05 3.25421e-05 4.30957e-05 5.66734e-05 7.39721e-05 9.58091e-05 0.000123129 0.000157009 0.000198659 0.00024942 0.000310755 0.000384232 0.000471503 0.000574275 0.00069427 0.000833182 0.000992622 0.00117406 0.00137877 0.00160776 0.00186167 0.00214079 0.00244492 0.00277335 0.00312483 0.00349754 0.00388903 0.0042963 0.00471577 0.00514334 0.00557442 0.00600406 0.00642699 0.00683775 0.00723081 0.00760066 0.00794195 0.00824962 0.008519 0.00874594 0.00892688 0.00905897 0.0091401 0.00916899 0.00914518 0.00906907 0.00894189 0.0087657 0.00854331 0.00827822 0.00797455 0.00763691 0.00727034 0.00688016 0.00647183 0.00605089 0.00562278 0.00519276 0.00476579 0.00434645 0.00393887 0.00354664 0.0031728 0.00281983 0.00248958 0.00218337 0.00190193 0.00164552 0.00141391 0.00120649 0.00102231 0.000860134 0.000718542 0.000595954 0.000490706 0.0004011 0.000325448 0.000262111 0.000209527 0.000166237 0.000130896 0.00010229 7.93308e-05 6.10635e-05 4.66574e-05 3.54014e-05 2.66945e-05 2.00366e-05 1.5018e-05 1.13105e-05 8.65757e-06 6.86717e-06 5.80692e-06 
6.96578e-06 7.23337e-06 8.31418e-06 1.02981e-05 1.33398e-05 1.76663e-05 2.35856e-05 3.14956e-05 4.1895e-05 5.53961e-05 7.27363e-05 9.47903e-05 0.000122581 0.000157287 0.000200249 0.000252967 0.000317101 0.000394451 0.000486941 0.000596592 0.000725479 0.000875687 0.00104925 0.00124811 0.00147398 0.00172837 0.00201241 0.00232682 0.00267184 0.00304714 0.00345175 0.00388407 0.00434175 0.00482178 0.00532042 0.00583326 0.00635528 0.00688091 0.00740414 0.0079186 0.00841772 0.00889483 0.00934333 0.00975684 0.0101293 0.0104552 0.0107295 0.010948 0.0111074 0.0112052 0.0112397 0.0112106 0.0111182 0.0109641 0.0107507 0.0104812 0.01016 0.00979191 0.00938241 0.00893753 0.00846363 0.00796729 0.00745514 0.00693374 0.00640944 0.00588826 0.00537576 0.00487698 0.00439634 0.00393761 0.00350383 0.00309739 0.00271993 0.00237248 0.00205541 0.00176854 0.00151121 0.00128232 0.00108044 0.000903888 0.000750766 0.000619078 0.000506769 0.000411788 0.000332131 0.000265886 0.000211257 0.000166585 0.000130366 0.000101249 7.80449e-05 5.97166e-05 4.53741e-05 3.42631e-05 2.57549e-05 1.93335e-05 1.45842e-05 1.11831e-05 8.88701e-06 7.52832e-06 
9.25066e-06 9.61016e-06 1.10405e-05 1.36588e-05 1.76663e-05 2.33581e-05 3.1133e-05 4.15057e-05 5.512e-05 7.2764e-05 9.53846e-05 0.000124102 0.000160223 0.000205247 0.000260876 0.00032901 0.000411737 0.000511319 0.000630165 0.000770788 0.00093576 0.00112765 0.00134896 0.00160201 0.00188891 0.00221142 0.00257084 0.00296797 0.00340296 0.00387529 0.00438363 0.00492583 0.00549892 0.00609901 0.00672139 0.00736055 0.00801022 0.0086635 0.00931294 0.00995071 0.0105688 0.0111589 0.0117131 0.0122236 0.0126831 0.0130847 0.0134225 0.0136915 0.0138874 0.0140074 0.0140495 0.0140132 0.013899 0.0137087 0.0134453 0.0131128 0.0127162 0.0122615 0.0117555 0.0112053 0.0106188 0.010004 0.00936891 0.00872169 0.00807012 0.00742161 0.00678309 0.00616081 0.0055603 0.00498631 0.00444271 0.00393256 0.00345803 0.00302048 0.00262053 0.00225805 0.00193232 0.00164208 0.00138565 0.00116097 0.00096577 0.000797587 0.000653896 0.000532154 0.000429873 0.00034466 0.000274264 0.000216598 0.000169761 0.000132044 0.000101935 7.81133e-05 5.94414e-05 4.4954e-05 3.38436e-05 2.54468e-05 1.92291e-05 1.47724e-05 1.17625e-05 9.98263e-06 
1.23871e-05 1.28732e-05 1.47806e-05 1.82636e-05 2.35856e-05 3.1133e-05 4.14267e-05 5.51375e-05 7.31028e-05 9.63449e-05 0.00012609 0.000163782 0.000211104 0.000269981 0.000342588 0.000431346 0.000538908 0.000668136 0.000822064 0.00100384 0.00121669 0.00146378 0.0017482 0.0020728 0.0024401 0.00285221 0.00331063 0.0038162 0.00436897 0.00496809 0.00561177 0.00629716 0.00702036 0.00777642 0.00855933 0.00936214 0.010177 0.0109952 0.0118075 0.0126043 0.0133755 0.0141111 0.0148012 0.0154363 0.0160074 0.0165062 0.0169254 0.0172589 0.0175017 0.0176501 0.0177019 0.0176563 0.0175141 0.0172774 0.0169499 0.0165363 0.016043 0.0154772 0.014847 0.0141615 0.01343 0.0126625 0.011869 0.0110593 0.0102433 0.00943005 0.00862827 0.0078458 0.00708961 0.00636572 0.00567909 0.00503367 0.00443233 0.00387693 0.00336837 0.00290667 0.00249104 0.00212005 0.00179167 0.00150344 0.00125257 0.00103603 0.000850691 0.000693378 0.000560972 0.000450463 0.000359007 0.000283957 0.000222893 0.000173635 0.000134245 0.000103027 7.85189e-05 5.94728e-05 4.48445e-05 3.37737e-05 2.55661e-05 1.96777e-05 1.56991e-05 1.33478e-05 
1.65925e-05 1.7249e-05 1.97928e-05 2.44265e-05 3.14956e-05 4.15057e-05 5.51375e-05 7.32654e-05 9.6979e-05 0.000127605 0.00016673 0.000216221 0.000278241 0.000355261 0.000450065 0.000565739 0.000705654 0.00087343 0.00107289 0.00130799 0.00158273 0.00190107 0.00226679 0.00268338 0.00315389 0.00368079 0.0042658 0.00490979 0.00561262 0.00637304 0.00718855 0.00805543 0.0089686 0.00992172 0.0109071 0.0119161 0.0129386 0.013964 0.0149807 0.0159766 0.0169395 0.0178569 0.0187167 0.0195072 0.0202174 0.0208373 0.0213579 0.0217717 0.0220727 0.0222564 0.0223201 0.022263 0.0220858 0.0217913 0.0213838 0.0208694 0.0202555 0.019551 0.0187659 0.0179112 0.0169984 0.0160398 0.0150477 0.0140343 0.0130117 0.0119913 0.0109839 0.00999935 0.0090465 0.00813296 0.0072651 0.006448 0.00568545 0.00497996 0.00433287 0.00374436 0.00321366 0.00273911 0.00231831 0.0019483 0.00162566 0.00134668 0.00110746 0.000904042 0.000732527 0.000589122 0.000470229 0.000372493 0.000292831 0.00022846 0.000176898 0.000135966 0.000103778 7.87243e-05 5.94536e-05 4.48493e-05 3.40091e-05 2.62248e-05 2.09629e-05 1.78549e-05 
2.21413e-05 2.30235e-05 2.6402e-05 3.25421e-05 4.1895e-05 5.512e-05 7.31028e-05 9.6979e-05 0.000128161 0.000168363 0.000219632 0.000284368 0.000365345 0.000465724 0.000589051 0.000739244 0.000920568 0.00113759 0.0013951 0.00169804 0.00205139 0.00246002 0.00292858 0.00346129 0.0040618 0.00473301 0.00547687 0.00629421 0.0071846 0.00814621 0.00917569 0.0102681 0.011417 0.0126141 0.0138499 0.0151132 0.0163917 0.0176719 0.0189396 0.0201799 0.0213776 0.0225176 0.0235848 0.0245651 0.0254451 0.0262125 0.0268566 0.0273682 0.02774 0.0279666 0.0280448 0.0279735 0.0277537 0.0273887 0.0268838 0.0262462 0.0254852 0.0246113 0.0236369 0.0225753 0.0214406 0.0202478 0.019012 0.0177482 0.0164713 0.0151956 0.0139345 0.0127002 0.0115039 0.0103551 0.00926212 0.00823135 0.00726778 0.00637482 0.00555435 0.00480686 0.00413161 0.00352671 0.00298938 0.00251604 0.00210256 0.00174438 0.00143669 0.00117459 0.000953191 0.00076775 0.000613735 0.000486904 0.000383349 0.000299527 0.000232271 0.000178792 0.000136669 0.000103833 7.85374e-05 5.93412e-05 4.50759e-05 3.48224e-05 2.78882e-05 2.37945e-05 
2.93716e-05 3.05489e-05 3.50086e-05 4.30957e-05 5.53961e-05 7.2764e-05 9.63449e-05 0.000127605 0.000168363 0.000220823 0.000287607 0.000371783 0.000476889 0.000606937 0.00076642 0.000960283 0.00119389 0.00147295 0.00180345 0.00219151 0.00264327 0.00316471 0.00376147 0.00443865 0.00520055 0.00605055 0.00699076 0.00802194 0.00914322 0.010352 0.0116438 0.0130122 0.0144488 0.0159434 0.0174837 0.019056 0.0206448 0.0222335 0.0238045 0.0253397 0.0268203 0.028228 0.0295445 0.0307527 0.0318363 0.0327805 0.0335724 0.034201 0.0346574 0.0349352 0.0350306 0.0349422 0.0346713 0.0342219 0.0336002 0.0328151 0.0318775 0.0308004 0.0295986 0.0282882 0.0268864 0.0254112 0.0238813 0.0223149 0.0207303 0.0191451 0.0175758 0.0160378 0.0145447 0.0131088 0.0117404 0.0104477 0.00923735 0.00811372 0.00707951 0.00613564 0.00528145 0.00451489 0.00383271 0.0032307 0.00270385 0.00224664 0.00185317 0.00151739 0.00123325 0.00099483 0.000796462 0.00063282 0.000498978 0.000390454 0.000303231 0.00023376 0.000178954 0.000136163 0.000103151 7.80643e-05 5.93996e-05 4.59716e-05 3.68861e-05 3.15248e-05 
3.86934e-05 4.02522e-05 4.60971e-05 5.66734e-05 7.27363e-05 9.53846e-05 0.00012609 0.00016673 0.000219632 0.000287607 0.000373992 0.00048268 0.000618145 0.000785452 0.000990244 0.00123872 0.00153756 0.00189388 0.00231506 0.00280865 0.00338216 0.00404284 0.00479749 0.00565218 0.00661196 0.00768066 0.00886055 0.0101522 0.011554 0.0130625 0.0146717 0.0163733 0.0181567 0.0200088 0.0219146 0.0238569 0.0258166 0.0277734 0.0297058 0.0315916 0.0334083 0.0351334 0.0367453 0.038223 0.0395471 0.0407001 0.0416664 0.0424328 0.0429888 0.0433269 0.0434424 0.0433338 0.0430026 0.0424534 0.0416939 0.0407345 0.0395884 0.038271 0.0367999 0.0351947 0.0334759 0.0316654 0.0297855 0.0278586 0.0259068 0.0239516 0.0220132 0.0201106 0.0182608 0.016479 0.0147781 0.0131688 0.0116593 0.0102555 0.00896112 0.0077777 0.00670478 0.00574019 0.0048802 0.00411988 0.00345327 0.0028737 0.00237403 0.00194684 0.00158469 0.00128027 0.00102654 0.000816853 0.000645053 0.000505512 0.00039317 0.000303545 0.000232723 0.000177342 0.000134554 0.000101995 7.77409e-05 6.02758e-05 4.84531e-05 4.14792e-05 
5.05962e-05 5.26433e-05 6.02452e-05 7.39721e-05 9.47903e-05 0.000124102 0.000163782 0.000216221 0.000284368 0.000371783 0.00048268 0.000621959 0.000795237 0.00100885 0.00126983 0.00158589 0.00196529 0.00241679 0.00294945 0.00357247 0.00429494 0.00512562 0.00607259 0.00714298 0.00834266 0.00967588 0.011145 0.0127501 0.014489 0.0163566 0.0183452 0.0204443 0.0226404 0.0249173 0.0272562 0.0296361 0.0320336 0.0344241 0.0367815 0.0390789 0.0412894 0.0433861 0.045343 0.0471353 0.0487399 0.050136 0.051305 0.0522317 0.0529035 0.0533115 0.0534503 0.053318 0.0529165 0.0522513 0.0513313 0.0501689 0.0487796 0.0471818 0.0453964 0.0434464 0.0413566 0.0391529 0.0368621 0.034511 0.0321265 0.0297345 0.0273596 0.025025 0.0227516 0.0205581 0.0184608 0.0164729 0.014605 0.0128649 0.0112575 0.00978524 0.00844797 0.00724348 0.00616762 0.00521466 0.00437761 0.00364851 0.00301874 0.00247934 0.00202123 0.00163544 0.00131331 0.00104663 0.000827752 0.000649661 0.000506038 0.000391266 0.000300427 0.000229281 0.000174231 0.000132284 0.000101 7.8451e-05 6.31794e-05 5.41745e-05 
6.56557e-05 6.83219e-05 7.81313e-05 9.58091e-05 0.000122581 0.000160223 0.000211104 0.000278241 0.000365345 0.000476889 0.000618145 0.000795237 0.00101515 0.00128576 0.00161575 0.00201462 0.00249251 0.00306011 0.00372843 0.0045086 0.00541152 0.00644761 0.00762641 0.00895621 0.0104437 0.0120935 0.0139078 0.0158863 0.0180255 0.0203187 0.0227559 0.0253238 0.0280055 0.0307811 0.0336274 0.0365187 0.039427 0.0423222 0.0451733 0.0479481 0.0506144 0.0531405 0.0554955 0.0576503 0.0595777 0.0612531 0.0626552 0.0637657 0.0645702 0.0650583 0.0652236 0.0650641 0.0645818 0.0637832 0.0626788 0.061283 0.059614 0.0576932 0.0555453 0.0531973 0.0506785 0.0480194 0.0452519 0.0424081 0.0395198 0.0366182 0.0337331 0.0308924 0.0281217 0.025444 0.0228791 0.0204438 0.0181515 0.016012 0.014032 0.0122151 0.0105617 0.00906961 0.00773437 0.00654942 0.00550663 0.00459659 0.00380907 0.0031333 0.0025583 0.00207319 0.00166739 0.00133083 0.00105411 0.000828565 0.00064636 0.000500511 0.000384886 0.000294185 0.0002239 0.00017027 0.000130225 0.000101334 8.17574e-05 7.0218e-05 
8.45407e-05 8.7984e-05 0.000100542 0.000123129 0.000157287 0.000205247 0.000269981 0.000355261 0.000465724 0.000606937 0.000785452 0.00100885 0.00128576 0.00162585 0.0020398 0.00253918 0.00313634 0.00384421 0.00467605 0.00564516 0.00676452 0.00804639 0.00950188 0.0111405 0.0129697 0.0149944 0.0172167 0.0196352 0.0222449 0.0250372 0.0279991 0.0311139 0.0343608 0.0377152 0.0411491 0.0446315 0.0481285 0.0516045 0.0550223 0.058344 0.0615316 0.0645479 0.0673568 0.0699241 0.0722184 0.0742111 0.0758773 0.0771962 0.0781509 0.0787296 0.0789248 0.0787342 0.0781603 0.0772105 0.0758968 0.074236 0.0722491 0.069961 0.0674002 0.0645983 0.0615894 0.0584094 0.0550956 0.0516859 0.0482179 0.0447288 0.041254 0.0378272 0.0344792 0.0312379 0.0281277 0.0251693 0.0223793 0.0197705 0.0173517 0.0151278 0.0131002 0.0112668 0.00962305 0.00816146 0.00687273 0.00574592 0.00476894 0.003929 0.00321298 0.00260776 0.00210056 0.00167915 0.00133203 0.0010486 0.000819245 0.00063534 0.000489305 0.000374568 0.000285524 0.000217486 0.000166621 0.00012989 0.000104988 9.03135e-05 
0.000108017 0.000112427 0.000128376 0.000157009 0.000200249 0.000260876 0.000342588 0.000450065 0.000589051 0.00076642 0.000990244 0.00126983 0.00161575 0.0020398 0.00255495 0.00317521 0.00391546 0.00479121 0.00581828 0.00701242 0.0083889 0.00996201 0.0117445 0.0137472 0.0159782 0.0184427 0.021142 0.0240737 0.0272309 0.0306022 0.0341713 0.0379173 0.0418148 0.045834 0.049941 0.0540986 0.0582668 0.0624032 0.0664641 0.0704051 0.074182 0.0777512 0.0810711 0.0841023 0.0868084 0.0891568 0.0911189 0.0926708 0.0937935 0.0944733 0.0947018 0.0944764 0.0937999 0.0926806 0.0911325 0.0891746 0.086831 0.0841302 0.081105 0.0777917 0.0742298 0.0704608 0.0665282 0.062476 0.0583487 0.0541897 0.0500411 0.0459429 0.0419319 0.0380419 0.0343023 0.0307386 0.0273714 0.0242169 0.0212863 0.0185867 0.0161204 0.0138861 0.0118788 0.0100905 0.00851062 0.00712653 0.00592416 0.00488846 0.00400386 0.00325475 0.00262579 0.00210225 0.00167022 0.00131684 0.00103037 0.000800284 0.000617272 0.000473252 0.000361314 0.000275664 0.000211556 0.000165217 0.000133783 0.000115266 
0.000136948 0.00014255 0.000162647 0.000198659 0.000252967 0.00032901 0.000431346 0.000565739 0.000739244 0.000960283 0.00123872 0.00158589 0.00201462 0.00253918 0.00317521 0.00393951 0.00484986 0.0059247 0.0071827 0.00864235 0.0103214 0.0122364 0.0144017 0.0168294 0.0195283 0.0225033 0.0257551 0.0292795 0.0330672 0.0371034 0.0413678 0.0458348 0.0504733 0.0552475 0.060117 0.0650376 0.0699622 0.0748412 0.0796234 0.0842576 0.0886924 0.0928779 0.0967662 0.100313 0.103475 0.106218 0.108507 0.110316 0.111625 0.112416 0.112681 0.112417 0.111627 0.11032 0.108513 0.106226 0.103487 0.100328 0.0967871 0.0929047 0.0887261 0.0842991 0.0796737 0.0749008 0.0700319 0.0651178 0.0602077 0.0553487 0.0505847 0.0459558 0.0414975 0.0372407 0.0332108 0.0294279 0.0259066 0.0226562 0.0196808 0.0169799 0.0145486 0.0123781 0.0104567 0.00877014 0.0073021 0.00603508 0.00495083 0.00403089 0.00325704 0.00261169 0.00207817 0.00164099 0.00128597 0.00100032 0.000772738 0.000593357 0.000453724 0.000346734 0.000266555 0.000208544 0.000169171 0.000145983 
0.000172298 0.000179355 0.00020448 0.00024942 0.000317101 0.000411737 0.000538908 0.000705654 0.000920568 0.00119389 0.00153756 0.00196529 0.00249251 0.00313634 0.00391546 0.00484986 0.0059606 0.00726936 0.00879802 0.0105681 0.0125999 0.0149123 0.0175216 0.0204409 0.0236792 0.0272413 0.0311266 0.0353286 0.0398349 0.0446269 0.0496794 0.0549611 0.0604347 0.0660573 0.0717812 0.0775545 0.083322 0.0890262 0.0946083 0.100009 0.10517 0.110034 0.114547 0.118658 0.122321 0.125494 0.128141 0.130231 0.131742 0.132654 0.132959 0.132653 0.131739 0.130228 0.128137 0.125491 0.122319 0.118659 0.114551 0.110043 0.105185 0.100032 0.0946398 0.0890676 0.0833742 0.0776183 0.0718572 0.0661457 0.0605354 0.0550738 0.0498033 0.044761 0.0399778 0.0354787 0.0312823 0.0274006 0.0238402 0.0206014 0.0176799 0.0150666 0.0127485 0.0107095 0.0089312 0.00739335 0.00607476 0.00495383 0.0040091 0.00321976 0.00256601 0.00202933 0.00159272 0.00124083 0.000959994 0.000738282 0.000565435 0.00043281 0.000333298 0.00026123 0.000212289 0.000183474 
0.000215121 0.000223939 0.000255107 0.000310755 0.000394451 0.000511319 0.000668136 0.00087343 0.00113759 0.00147295 0.00189388 0.00241679 0.00306011 0.00384421 0.00479121 0.0059247 0.00726936 0.00885052 0.0106935 0.012823 0.0152624 0.0180327 0.0211519 0.0246342 0.0284887 0.0327194 0.0373238 0.0422929 0.0476103 0.0532527 0.0591892 0.065382 0.0717866 0.0783522 0.085023 0.0917384 0.0984348 0.105046 0.111504 0.117743 0.123695 0.129297 0.134488 0.139212 0.143416 0.147054 0.150086 0.152479 0.154206 0.155249 0.155597 0.155245 0.154198 0.152466 0.15007 0.147036 0.143397 0.139194 0.134472 0.129285 0.123688 0.117742 0.111512 0.105064 0.098464 0.0917803 0.0850785 0.0784221 0.071871 0.0654809 0.059302 0.0533786 0.047748 0.0424408 0.0374801 0.032882 0.0286555 0.0248028 0.0213201 0.0181984 0.0154235 0.0129778 0.0108404 0.00898833 0.00739715 0.00604183 0.00489737 0.00393933 0.00314437 0.00249057 0.00195773 0.00152753 0.00118362 0.000911667 0.00069933 0.000536176 0.000413607 0.000324754 0.000264381 0.000228842 
0.000266556 0.000277485 0.00031585 0.000384232 0.000486941 0.000630165 0.000822064 0.00107289 0.0013951 0.00180345 0.00231506 0.00294945 0.00372843 0.00467605 0.00581828 0.0071827 0.00879802 0.0106935 0.0128983 0.0154404 0.0183462 0.0216391 0.0253386 0.0294597 0.0340113 0.038996 0.044409 0.0502377 0.0564614 0.0630509 0.0699689 0.07717 0.0846015 0.0922041 0.0999127 0.107658 0.115366 0.122962 0.130369 0.137512 0.144317 0.150712 0.15663 0.162008 0.166789 0.170922 0.174364 0.177079 0.179037 0.180219 0.180612 0.180211 0.179022 0.177057 0.174336 0.170889 0.166752 0.161969 0.15659 0.150674 0.144283 0.137483 0.130348 0.12295 0.115366 0.107672 0.0999417 0.0922492 0.0846634 0.077249 0.0700648 0.0631631 0.0565887 0.0503786 0.0445616 0.0391581 0.0341805 0.0296335 0.0255145 0.0218144 0.0185186 0.0156077 0.0130585 0.010845 0.00893961 0.0073134 0.0059375 0.00478353 0.00382418 0.00303373 0.00238836 0.00186639 0.0014484 0.00111734 0.000858455 0.000659254 0.000509421 0.000400698 0.000326781 0.000283277 
0.000327808 0.000341247 0.000388112 0.000471503 0.000596592 0.000770788 0.00100384 0.00130799 0.00169804 0.00219151 0.00280865 0.00357247 0.0045086 0.00564516 0.00701242 0.00864235 0.0105681 0.012823 0.0154404 0.0184519 0.0218867 0.0257705 0.0301243 0.0349634 0.040296 0.046123 0.0524363 0.0592192 0.0664454 0.0740791 0.0820754 0.0903806 0.0989329 0.107663 0.116497 0.125354 0.134152 0.142805 0.151227 0.159336 0.167047 0.174284 0.18097 0.187039 0.192428 0.197082 0.200954 0.204006 0.206206 0.207532 0.207972 0.207521 0.206183 0.203973 0.200912 0.197031 0.19237 0.186976 0.180904 0.174216 0.166982 0.159274 0.151173 0.142759 0.134118 0.125334 0.116493 0.107677 0.098966 0.0904334 0.0821482 0.0741715 0.0665565 0.0593477 0.0525803 0.0462802 0.0404639 0.0351391 0.030305 0.0259532 0.0220686 0.0186304 0.0156131 0.0129879 0.0107233 0.00878677 0.00714508 0.00576552 0.00461646 0.00366794 0.0028921 0.0022635 0.00175928 0.00135926 0.00104597 0.000804568 0.000622769 0.000490722 0.000400896 0.000348038 
0.000400133 0.000416529 0.000473344 0.000574275 0.000725479 0.00093576 0.00121669 0.00158273 0.00205139 0.00264327 0.00338216 0.00429494 0.00541152 0.00676452 0.0083889 0.0103214 0.0125999 0.0152624 0.0183462 0.0218867 0.025916 0.0304619 0.0355466 0.0411853 0.0473849 0.0541437 0.0614499 0.0692813 0.0776053 0.0863786 0.0955476 0.105049 0.114812 0.124755 0.134795 0.14484 0.154797 0.164571 0.174067 0.183192 0.191856 0.199973 0.207462 0.214251 0.220271 0.225465 0.229783 0.233182 0.235632 0.237108 0.237596 0.237092 0.235601 0.233138 0.229725 0.225395 0.22019 0.214161 0.207367 0.199874 0.191756 0.183094 0.173974 0.164486 0.154724 0.144781 0.134753 0.124732 0.114809 0.105069 0.0955907 0.0864448 0.0776941 0.0693915 0.0615798 0.054291 0.0475469 0.0413589 0.0357288 0.0306492 0.0261052 0.0220747 0.0185301 0.0154397 0.0127684 0.0104795 0.00853514 0.0068981 0.00553198 0.00440218 0.00347639 0.00272496 0.00212119 0.00164141 0.00126507 0.000974688 0.00075573 0.000596538 0.000488183 0.000424431 
0.000484807 0.000504654 0.000573017 0.00069427 0.000875687 0.00112765 0.00146378 0.00190107 0.00246002 0.00316471 0.00404284 0.00512562 0.00644761 0.00804639 0.00996201 0.0122364 0.0149123 0.0180327 0.0216391 0.0257705 0.0304619 0.0357431 0.0416368 0.0481575 0.0553105 0.0630905 0.0714809 0.0804534 0.0899677 0.0999721 0.110403 0.121188 0.132243 0.143477 0.154795 0.166094 0.177271 0.18822 0.198836 0.209019 0.21867 0.227696 0.236012 0.243539 0.250207 0.255952 0.260724 0.264478 0.267181 0.268809 0.269346 0.268789 0.267143 0.264422 0.26065 0.255863 0.250102 0.243423 0.235886 0.227563 0.218533 0.208882 0.198702 0.188092 0.177153 0.165991 0.154709 0.143411 0.132199 0.121169 0.11041 0.100006 0.0900278 0.0805391 0.0715907 0.0632223 0.0554616 0.0483246 0.0418164 0.0359316 0.0306557 0.0259658 0.0218326 0.0182213 0.0150934 0.0124076 0.0101217 0.00819334 0.006581 0.00524508 0.00414839 0.00325668 0.00253896 0.00196771 0.00151894 0.00117218 0.000910387 0.000719869 0.000590115 0.000513782 
0.000583095 0.000606936 0.000688585 0.000833182 0.00104925 0.00134896 0.0017482 0.00226679 0.00292858 0.00376147 0.00479749 0.00607259 0.00762641 0.00950188 0.0117445 0.0144017 0.0175216 0.0211519 0.0253386 0.0301243 0.0355466 0.0416368 0.0484177 0.0559027 0.0640942 0.0729827 0.0825458 0.0927479 0.10354 0.114861 0.126637 0.138782 0.151202 0.163796 0.176453 0.189061 0.201505 0.213669 0.225441 0.236709 0.247369 0.257322 0.266478 0.274752 0.282072 0.288373 0.293601 0.29771 0.300667 0.302446 0.303033 0.302423 0.300621 0.297642 0.293511 0.288264 0.281944 0.274608 0.26632 0.257154 0.247194 0.23653 0.225262 0.213495 0.201339 0.188908 0.176317 0.163681 0.151111 0.138717 0.126601 0.114855 0.103565 0.0928027 0.0826295 0.0730933 0.064229 0.0560583 0.0485905 0.0418227 0.0357417 0.0303243 0.0255396 0.0213502 0.017714 0.0145855 0.0119174 0.00966212 0.00777287 0.00620459 0.00491479 0.00386421 0.00301718 0.00234192 0.00181062 0.00139951 0.00108877 0.000862403 0.000708143 0.000617405 
0.000696215 0.000724636 0.000821441 0.000992622 0.00124811 0.00160201 0.0020728 0.00268338 0.00346129 0.00443865 0.00565218 0.00714298 0.00895621 0.0111405 0.0137472 0.0168294 0.0204409 0.0246342 0.0294597 0.0349634 0.0411853 0.0481575 0.0559027 0.0644321 0.0737445 0.083825 0.0946443 0.106158 0.118309 0.131024 0.144216 0.15779 0.171638 0.185645 0.199689 0.213647 0.227392 0.240798 0.253744 0.266112 0.27779 0.288674 0.298669 0.307688 0.315657 0.322507 0.328185 0.332645 0.335851 0.33778 0.338415 0.337753 0.335798 0.332565 0.328081 0.322379 0.315506 0.307518 0.298481 0.288471 0.277576 0.265891 0.253521 0.240576 0.227176 0.213442 0.199501 0.185477 0.171495 0.157675 0.144132 0.130972 0.118292 0.106176 0.0946956 0.0839082 0.0738572 0.064571 0.0560639 0.0483367 0.041378 0.0351649 0.0296656 0.0248402 0.0206432 0.0170247 0.0139326 0.0113137 0.00911571 0.00728768 0.00578153 0.00455255 0.00356 0.00276745 0.00214292 0.001659 0.00129277 0.00102574 0.000843654 0.000736558 
0.000825296 0.000858922 0.000972866 0.00117406 0.00147398 0.00188891 0.0024401 0.00315389 0.0040618 0.00520055 0.00661196 0.00834266 0.0104437 0.0129697 0.0159782 0.0195283 0.0236792 0.0284887 0.0340113 0.040296 0.0473849 0.0553105 0.0640942 0.0737445 0.0842553 0.0956056 0.107758 0.120659 0.134239 0.148414 0.163085 0.178142 0.193465 0.208926 0.224391 0.239724 0.254787 0.269447 0.283572 0.297037 0.309727 0.321531 0.332353 0.342103 0.350704 0.35809 0.364204 0.369003 0.372451 0.374523 0.375205 0.374493 0.372391 0.368914 0.364086 0.357944 0.350532 0.341907 0.332135 0.321295 0.309475 0.296775 0.283302 0.269176 0.25452 0.239465 0.224147 0.208702 0.193266 0.177972 0.162947 0.148312 0.134175 0.120633 0.107771 0.0956557 0.0843403 0.0738612 0.0642388 0.0554785 0.0475713 0.0404958 0.0342193 0.0287002 0.0238897 0.0197337 0.0161752 0.0131554 0.0106159 0.00850003 0.00675351 0.0053259 0.00417098 0.00324728 0.00251831 0.00195269 0.00152413 0.00121133 0.000997919 0.000872404 
0.000971326 0.00101082 0.00114398 0.00137877 0.00172837 0.00221142 0.00285221 0.00368079 0.00473301 0.00605055 0.00768066 0.00967588 0.0120935 0.0149944 0.0184427 0.0225033 0.0272413 0.0327194 0.038996 0.046123 0.0541437 0.0630905 0.0729827 0.083825 0.0956056 0.108296 0.121849 0.136201 0.151271 0.16696 0.183158 0.199739 0.216571 0.23351 0.250412 0.267128 0.283511 0.299417 0.314709 0.329255 0.342934 0.355634 0.367256 0.37771 0.386918 0.394815 0.401346 0.406466 0.410143 0.412351 0.413078 0.412318 0.410077 0.406368 0.401216 0.394655 0.386728 0.377492 0.367012 0.355368 0.342648 0.328953 0.314396 0.299099 0.283192 0.266815 0.250111 0.233228 0.216312 0.19951 0.182962 0.166802 0.151154 0.136127 0.121818 0.108307 0.0956572 0.0839141 0.0731056 0.0632425 0.0543196 0.0463172 0.039203 0.0329337 0.0274578 0.0227173 0.01865 0.0151918 0.012278 0.00984571 0.00783441 0.00618748 0.0048529 0.00378381 0.00293884 0.00228231 0.00178427 0.00142043 0.00117204 0.00102596 
0.00113511 0.00118115 0.00133567 0.00160776 0.00201241 0.00257084 0.00331063 0.0042658 0.00547687 0.00699076 0.00886055 0.011145 0.0139078 0.0172167 0.021142 0.0257551 0.0311266 0.0373238 0.044409 0.0524363 0.0614499 0.0714809 0.0825458 0.0946443 0.107758 0.121849 0.136861 0.152717 0.169323 0.186568 0.204325 0.222456 0.240812 0.259238 0.277576 0.295666 0.313352 0.330481 0.34691 0.362503 0.377135 0.390692 0.403075 0.414194 0.423973 0.432348 0.439266 0.444685 0.448573 0.450908 0.451676 0.450873 0.448504 0.444581 0.439128 0.432176 0.423769 0.413958 0.402809 0.3904 0.376818 0.362166 0.346557 0.330118 0.312984 0.2953 0.277218 0.258896 0.240492 0.222165 0.204069 0.186351 0.169149 0.152589 0.13678 0.121816 0.107771 0.0947005 0.0826419 0.0716121 0.0616108 0.0526211 0.0446116 0.0375381 0.0313467 0.0259758 0.0213583 0.0174246 0.014104 0.0113269 0.00902634 0.0071393 0.00560761 0.00437867 0.00340593 0.00264911 0.00207432 0.001654 0.00136689 0.00119805 
0.00131722 0.0013705 0.00154855 0.00186167 0.00232682 0.00296797 0.0038162 0.00490979 0.00629421 0.00802194 0.0101522 0.0127501 0.0158863 0.0196352 0.0240737 0.0292795 0.0353286 0.0422929 0.0502377 0.0592192 0.0692813 0.0804534 0.0927479 0.106158 0.120659 0.136201 0.152717 0.170117 0.188293 0.207119 0.226452 0.24614 0.26602 0.285923 0.305678 0.325116 0.344071 0.362383 0.379904 0.396494 0.412027 0.426389 0.439481 0.451216 0.461519 0.470331 0.477601 0.483291 0.487369 0.489818 0.490623 0.489782 0.487298 0.483183 0.477458 0.470152 0.461305 0.450966 0.439198 0.426075 0.411684 0.396126 0.379515 0.361979 0.343657 0.3247 0.305266 0.285523 0.26564 0.245787 0.226133 0.206839 0.188059 0.169932 0.152583 0.136119 0.120628 0.106177 0.0928122 0.0805591 0.069423 0.0593906 0.0504324 0.042504 0.0355498 0.0295048 0.0242974 0.0198525 0.0160932 0.0129435 0.0103297 0.00818197 0.00643582 0.00503264 0.00392035 0.00305382 0.00239493 0.00191269 0.00158307 0.00138924 
0.00151793 0.00157916 0.00178292 0.00214079 0.00267184 0.00340296 0.00436897 0.00561262 0.0071846 0.00914322 0.011554 0.014489 0.0180255 0.0222449 0.0272309 0.0330672 0.0398349 0.0476103 0.0564614 0.0664454 0.0776053 0.0899677 0.10354 0.118309 0.134239 0.151271 0.169323 0.188293 0.208057 0.228473 0.249383 0.27062 0.292005 0.313357 0.334494 0.355235 0.375408 0.394847 0.413398 0.430922 0.447291 0.462393 0.476131 0.488421 0.499195 0.508395 0.515976 0.521902 0.526148 0.528695 0.529533 0.528659 0.526076 0.521794 0.515831 0.508213 0.498975 0.488164 0.475837 0.462064 0.446929 0.43053 0.41298 0.394408 0.374954 0.354773 0.334031 0.312902 0.291566 0.270205 0.249001 0.22813 0.20776 0.188047 0.169131 0.151135 0.13416 0.118285 0.103568 0.0900435 0.0777234 0.0665994 0.0566445 0.0478152 0.0400546 0.0332947 0.0274601 0.0224702 0.0182421 0.0146931 0.0117428 0.00931447 0.00733699 0.00574546 0.00448207 0.00349653 0.0027463 0.0021967 0.00182084 0.0015998 
0.0017372 0.00180707 0.00203865 0.00244492 0.00304714 0.00387529 0.00496809 0.00637304 0.00814621 0.010352 0.0130625 0.0163566 0.0203187 0.0250372 0.0306022 0.0371034 0.0446269 0.0532527 0.0630509 0.0740791 0.0863786 0.0999721 0.114861 0.131024 0.148414 0.16696 0.186568 0.207119 0.228473 0.250472 0.272943 0.295702 0.318557 0.341315 0.36378 0.385765 0.407089 0.427583 0.447091 0.465471 0.482599 0.498365 0.512676 0.525455 0.536637 0.54617 0.554015 0.560142 0.564528 0.567158 0.568024 0.567123 0.564457 0.560036 0.553872 0.54599 0.536418 0.525197 0.512379 0.498029 0.482225 0.465063 0.446651 0.427116 0.406601 0.385262 0.363271 0.340808 0.318062 0.295228 0.272498 0.250065 0.228112 0.20681 0.186316 0.166768 0.148282 0.130953 0.114849 0.100014 0.0864691 0.074212 0.063219 0.0534482 0.0448422 0.0373309 0.030835 0.0252688 0.0205438 0.0165706 0.0132619 0.0105341 0.00830916 0.00651578 0.00509015 0.00397663 0.00312804 0.00250582 0.00208005 0.00182966 
0.00197459 0.00205377 0.00231522 0.00277335 0.00345175 0.00438363 0.00561177 0.00718855 0.00917569 0.0116438 0.0146717 0.0183452 0.0227559 0.0279991 0.0341713 0.0413678 0.0496794 0.0591892 0.0699689 0.0820754 0.0955476 0.110403 0.126637 0.144216 0.163085 0.183158 0.204325 0.226452 0.249383 0.272943 0.296943 0.321182 0.345456 0.369558 0.393284 0.416438 0.438833 0.460298 0.480675 0.499824 0.517625 0.533971 0.548775 0.561967 0.573489 0.583297 0.591357 0.597644 0.602141 0.604837 0.605726 0.604805 0.602075 0.597543 0.591221 0.583124 0.573277 0.561715 0.548481 0.533635 0.517247 0.499407 0.480221 0.459811 0.438318 0.415902 0.392736 0.369006 0.34491 0.320651 0.296438 0.272474 0.248959 0.22608 0.204011 0.182907 0.162899 0.144096 0.12658 0.110407 0.0956068 0.0821835 0.0701185 0.0593722 0.0498876 0.0415929 0.0344056 0.0282355 0.0229882 0.0185681 0.014881 0.0118362 0.00934888 0.00734102 0.00574271 0.00449274 0.00353913 0.0028393 0.00236015 0.00207836 
0.00222929 0.0023184 0.00261161 0.00312483 0.00388407 0.00492583 0.00629716 0.00805543 0.0102681 0.0130122 0.0163733 0.0204443 0.0253238 0.0311139 0.0379173 0.0458348 0.0549611 0.065382 0.07717 0.0903806 0.105049 0.121188 0.138782 0.15779 0.178142 0.199739 0.222456 0.24614 0.27062 0.295702 0.321182 0.346845 0.372472 0.397844 0.42275 0.446985 0.47036 0.4927 0.51385 0.533673 0.552051 0.568886 0.584099 0.597626 0.609417 0.619437 0.627659 0.634065 0.638644 0.641389 0.642294 0.641359 0.638585 0.633974 0.627534 0.619276 0.609217 0.597385 0.583816 0.568559 0.551679 0.533256 0.513391 0.492201 0.469827 0.446424 0.422169 0.397252 0.371879 0.346263 0.320621 0.295173 0.270133 0.245705 0.22208 0.199428 0.1779 0.157617 0.138678 0.121151 0.105074 0.0904607 0.0772979 0.0655495 0.0551594 0.046055 0.0381511 0.0313533 0.0255619 0.020675 0.0165916 0.0132143 0.0104511 0.00821735 0.00643681 0.00504264 0.00397789 0.00319584 0.00266009 0.00234501 
0.00250003 0.00259963 0.00292633 0.00349754 0.00434175 0.00549892 0.00702036 0.0089686 0.011417 0.0144488 0.0181567 0.0226404 0.0280055 0.0343608 0.0418148 0.0504733 0.0604347 0.0717866 0.0846015 0.0989329 0.114812 0.132243 0.151202 0.171638 0.193465 0.216571 0.240812 0.26602 0.292005 0.318557 0.345456 0.372472 0.399373 0.425929 0.451922 0.477141 0.501394 0.524508 0.546328 0.566722 0.58558 0.602811 0.618343 0.632123 0.644111 0.65428 0.662611 0.669096 0.673727 0.676501 0.677418 0.676476 0.673675 0.669016 0.662501 0.654136 0.64393 0.631902 0.618078 0.6025 0.585221 0.566315 0.545873 0.524007 0.500852 0.476563 0.451316 0.425305 0.398741 0.371844 0.344844 0.317972 0.291459 0.265524 0.240374 0.216199 0.193165 0.171411 0.15105 0.132162 0.114799 0.0989821 0.084705 0.0719359 0.0606206 0.0506864 0.042046 0.0346014 0.0282479 0.0228776 0.0183831 0.0146599 0.0116092 0.00913961 0.00716849 0.00562327 0.00444195 0.00357355 0.00297834 0.00262827 
0.0027851 0.00289569 0.00325734 0.00388903 0.00482178 0.00609901 0.00777642 0.00992172 0.0126141 0.0159434 0.0200088 0.0249173 0.0307811 0.0377152 0.045834 0.0552475 0.0660573 0.0783522 0.0922041 0.107663 0.124755 0.143477 0.163796 0.185645 0.208926 0.23351 0.259238 0.285923 0.313357 0.341315 0.369558 0.397844 0.425929 0.453575 0.480553 0.506652 0.531677 0.555457 0.57784 0.598702 0.617938 0.635469 0.651232 0.665185 0.677297 0.687553 0.695943 0.702464 0.707117 0.709904 0.710826 0.709883 0.707075 0.702399 0.695851 0.687431 0.677141 0.664989 0.650993 0.635182 0.617601 0.598312 0.577397 0.554962 0.531135 0.506067 0.479932 0.452927 0.425266 0.397177 0.3689 0.340678 0.312755 0.285368 0.258741 0.233079 0.208568 0.185363 0.163593 0.143352 0.124703 0.107679 0.0922807 0.0784809 0.0662284 0.0554513 0.0460607 0.0379554 0.0310262 0.0251599 0.0202424 0.0161627 0.0128151 0.0101014 0.00793272 0.0062307 0.00492821 0.00396998 0.00331285 0.00292635 
0.00308234 0.00320434 0.00360213 0.0042963 0.00532042 0.00672139 0.00855933 0.0109071 0.0138499 0.0174837 0.0219146 0.0272562 0.0336274 0.0411491 0.049941 0.060117 0.0717812 0.085023 0.0999127 0.116497 0.134795 0.154795 0.176453 0.199689 0.224391 0.250412 0.277576 0.305678 0.334494 0.36378 0.393284 0.42275 0.451922 0.480553 0.508412 0.535281 0.560968 0.585304 0.608143 0.629368 0.648884 0.666621 0.682529 0.696576 0.708744 0.719026 0.727424 0.733943 0.73859 0.741373 0.742295 0.741359 0.73856 0.733895 0.727354 0.71893 0.708616 0.696411 0.682322 0.666366 0.648576 0.629004 0.607722 0.584825 0.560435 0.534697 0.507783 0.47989 0.451234 0.42205 0.392586 0.363097 0.333841 0.305068 0.277021 0.249923 0.223976 0.199353 0.176199 0.154623 0.134702 0.116478 0.0999604 0.0851289 0.0719356 0.0603095 0.0501613 0.0413872 0.0338739 0.0275029 0.0221543 0.0177104 0.0140589 0.0110949 0.00872343 0.00686015 0.00543289 0.00438206 0.00366107 0.00323698 
0.00338916 0.00352287 0.00395768 0.00471577 0.00583326 0.00736055 0.00936214 0.0119161 0.0151132 0.019056 0.0238569 0.0296361 0.0365187 0.0446315 0.0540986 0.0650376 0.0775545 0.0917384 0.107658 0.125354 0.14484 0.166094 0.189061 0.213647 0.239724 0.267128 0.295666 0.325116 0.355235 0.385765 0.416438 0.446985 0.477141 0.506652 0.535281 0.562811 0.589051 0.613834 0.637024 0.658511 0.678212 0.696066 0.712037 0.726104 0.738262 0.748515 0.756875 0.763355 0.767971 0.770734 0.771652 0.770726 0.767954 0.763326 0.756829 0.748448 0.738167 0.725975 0.711866 0.695848 0.67794 0.658181 0.636633 0.61338 0.588535 0.562237 0.534654 0.505981 0.476437 0.44626 0.415707 0.385042 0.354536 0.324456 0.295058 0.266584 0.239253 0.213257 0.188756 0.165875 0.144705 0.125299 0.107675 0.09182 0.0776904 0.0652173 0.054311 0.044866 0.0367653 0.0298857 0.0241016 0.0192892 0.0153295 0.0121114 0.00953359 0.00750605 0.00595154 0.00480618 0.00401995 0.00355745 
0.00370258 0.00384818 0.00432052 0.00514334 0.00635528 0.00801022 0.010177 0.0129386 0.0163917 0.0206448 0.0258166 0.0320336 0.039427 0.0481285 0.0582668 0.0699622 0.083322 0.0984348 0.115366 0.134152 0.154797 0.177271 0.201505 0.227392 0.254787 0.283511 0.313352 0.344071 0.375408 0.407089 0.438833 0.47036 0.501394 0.531677 0.560968 0.589051 0.615735 0.640863 0.664304 0.685958 0.705752 0.723641 0.739599 0.75362 0.765708 0.775882 0.784163 0.790573 0.795134 0.797863 0.798772 0.797863 0.795131 0.790564 0.784144 0.775847 0.76565 0.75353 0.739471 0.723466 0.705522 0.685667 0.663948 0.64044 0.615244 0.588494 0.560351 0.531007 0.500682 0.469618 0.438076 0.406333 0.374668 0.343364 0.312694 0.282915 0.254264 0.22695 0.20115 0.177005 0.15462 0.134059 0.115352 0.0984908 0.0834381 0.0701275 0.0584698 0.048358 0.0396723 0.032285 0.0260654 0.0208836 0.0166146 0.013141 0.0103553 0.00816209 0.0064791 0.0052382 0.00438599 0.00388465 
0.00401922 0.00417678 0.00468675 0.00557442 0.00688091 0.0086635 0.0109952 0.013964 0.0176719 0.0222335 0.0277734 0.0344241 0.0423222 0.0516045 0.0624032 0.0748412 0.0890262 0.105046 0.122962 0.142805 0.164571 0.18822 0.213669 0.240798 0.269447 0.299417 0.330481 0.362383 0.394847 0.427583 0.460298 0.4927 0.524508 0.555457 0.585304 0.613834 0.640863 0.666237 0.689835 0.711569 0.731377 0.749227 0.765105 0.779019 0.790988 0.801038 0.809204 0.815515 0.820002 0.822686 0.823582 0.822693 0.820014 0.815528 0.809213 0.801037 0.790967 0.778972 0.765022 0.749097 0.731194 0.711323 0.689522 0.665851 0.640404 0.613302 0.584703 0.554794 0.523794 0.491948 0.459522 0.426799 0.394073 0.361636 0.329778 0.298773 0.268874 0.240307 0.213266 0.187909 0.164352 0.142675 0.122916 0.105076 0.0891216 0.074991 0.0625957 0.0518279 0.0425653 0.0346763 0.0280253 0.0224772 0.0179008 0.0141727 0.0111799 0.00882133 0.00700996 0.00567351 0.00475528 0.00421505 
0.00433542 0.00450487 0.00505214 0.00600406 0.00740414 0.00931294 0.0118075 0.0149807 0.0189396 0.0238045 0.0297058 0.0367815 0.0451733 0.0550223 0.0664641 0.0796234 0.0946083 0.111504 0.130369 0.151227 0.174067 0.198836 0.225441 0.253744 0.283572 0.314709 0.34691 0.379904 0.413398 0.447091 0.480675 0.51385 0.546328 0.57784 0.608143 0.637024 0.664304 0.689835 0.713508 0.735244 0.754996 0.772741 0.788484 0.802241 0.814046 0.823938 0.831958 0.838149 0.842546 0.845175 0.846055 0.84519 0.842572 0.838184 0.831996 0.82397 0.814065 0.802238 0.788447 0.772661 0.754862 0.735047 0.713241 0.689492 0.663881 0.636523 0.607565 0.577192 0.54562 0.513094 0.479886 0.446286 0.412596 0.379122 0.346167 0.31402 0.282952 0.253206 0.224992 0.198482 0.173808 0.151062 0.130292 0.111508 0.0946825 0.0797572 0.0666453 0.0552387 0.045413 0.0370335 0.02996 0.0240522 0.0191736 0.0151952 0.0119981 0.0094763 0.00753807 0.00610713 0.00512356 0.00454485 
