2.8553e-05 2.93478e-05 3.24064e-05 3.7892e-05 4.60746e-05 5.73419e-05 7.22043e-05 9.13003e-05 0.000115402 0.000145422 0.000182414 0.000227578 0.00028226 0.000347944 0.000426247 0.000518902 0.000627739 0.00075466 0.000901604 0.00107051 0.00126325 0.00148163 0.00172727 0.00200157 0.00230566 0.00264031 0.00300588 0.00340228 0.00382887 0.00428447 0.00476729 0.00527491 0.00580432 0.00635187 0.00691332 0.00748388 0.0080583 0.0086309 0.00919565 0.00974634 0.0102766 0.0107801 0.0112507 0.0116823 0.0120693 0.0124067 0.0126899 0.0129149 0.0130788 0.0131793 0.0132149 0.0131852 0.0130907 0.0129326 0.0127131 0.0124354 0.0121032 0.0117211 0.011294 0.0108277 0.0103279 0.00980095 0.00925312 0.00869073 0.00812001 0.00754696 0.00697724 0.00641614 0.00586845 0.00533843 0.00482973 0.00434543 0.00388796 0.00345916 0.00306027 0.00269194 0.00235435 0.00204717 0.00176968 0.00152081 0.00129919 0.00110324 0.000931217 0.00078126 0.000651463 0.00053991 0.000444714 0.000364058 0.000296214 0.000239565 0.000192624 0.000154039 0.000122599 9.72361e-05 7.7023e-05 6.117e-05 4.902e-05 4.00429e-05 3.38305e-05 3.00989e-05 
2.93478e-05 3.01682e-05 3.33186e-05 3.89674e-05 4.73925e-05 5.89935e-05 7.4296e-05 9.39577e-05 0.000118774 0.000149683 0.000187771 0.000234273 0.000290573 0.000358198 0.000438811 0.000534193 0.000646226 0.000776864 0.000928096 0.00110191 0.00130024 0.00152492 0.00177761 0.00205975 0.00237248 0.00271659 0.00309245 0.00349994 0.0039384 0.00440659 0.00490269 0.00542419 0.00596799 0.00653032 0.00710685 0.00769266 0.00828233 0.00887005 0.00944964 0.0100147 0.0105588 0.0110754 0.011558 0.0120007 0.0123977 0.0127436 0.013034 0.0132647 0.0134328 0.0135357 0.0135722 0.0135417 0.0134447 0.0132825 0.0130574 0.0127725 0.0124318 0.0120397 0.0116017 0.0111232 0.0106104 0.0100697 0.00950754 0.00893036 0.00834456 0.00775628 0.00717137 0.00659522 0.00603277 0.00548838 0.00496583 0.00446827 0.00399822 0.00355755 0.00314756 0.00276895 0.00242187 0.00210603 0.00182067 0.00156472 0.00133677 0.0011352 0.000958222 0.000803936 0.000670382 0.000555592 0.000457629 0.000374624 0.000304802 0.0002465 0.000198189 0.000158478 0.000126121 0.000100019 7.92179e-05 6.29042e-05 5.04019e-05 4.11653e-05 3.47741e-05 3.09359e-05 
3.24064e-05 3.33186e-05 3.67969e-05 4.30257e-05 5.23099e-05 6.5087e-05 8.1932e-05 0.000103564 0.000130852 0.00016482 0.000206653 0.000257695 0.000319452 0.000393584 0.000481894 0.000586313 0.000708876 0.000851693 0.00101691 0.00120666 0.00142302 0.00166795 0.00194322 0.00225036 0.00259056 0.00296463 0.00337292 0.00381527 0.00429092 0.00479848 0.00533594 0.00590057 0.00648896 0.00709705 0.00772011 0.00835285 0.00898943 0.00962356 0.0102486 0.0108578 0.011444 0.0120003 0.01252 0.0129964 0.0134235 0.0137956 0.0141077 0.0143558 0.0145363 0.0146468 0.0146859 0.0146529 0.0145483 0.0143737 0.0141314 0.0138248 0.0134581 0.013036 0.0125643 0.0120489 0.0114965 0.0109138 0.0103077 0.00968515 0.00905306 0.00841801 0.00778628 0.0071637 0.0065556 0.0059667 0.00540111 0.00486224 0.00435285 0.00387503 0.00343018 0.00301911 0.00264205 0.00229869 0.00198827 0.00170966 0.00146136 0.00124166 0.00104863 0.00088025 0.000734397 0.000608956 0.000501837 0.000411018 0.000334576 0.00027071 0.000217758 0.000174208 0.000138704 0.000110049 8.72034e-05 6.92795e-05 5.5539e-05 4.53858e-05 3.83608e-05 3.41443e-05 
3.7892e-05 3.89674e-05 4.30257e-05 5.02799e-05 6.1081e-05 7.59321e-05 9.54942e-05 0.000120592 0.000152222 0.000191555 0.000239945 0.000298924 0.000370208 0.000455681 0.000557387 0.000677511 0.000818348 0.00098227 0.00117168 0.00138898 0.00163646 0.0019163 0.00223044 0.00258055 0.00296792 0.00339338 0.00385725 0.00435927 0.0048985 0.00547332 0.00608136 0.00671951 0.00738387 0.00806983 0.00877205 0.00948454 0.0102008 0.0109137 0.0116158 0.0122996 0.0129572 0.013581 0.0141632 0.0146967 0.0151747 0.015591 0.0159401 0.0162173 0.0164189 0.0165422 0.0165856 0.0165484 0.0164312 0.0162355 0.0159642 0.0156208 0.01521 0.0147372 0.0142085 0.0136308 0.0130112 0.0123572 0.0116767 0.0109772 0.0102666 0.0095521 0.00884081 0.00813928 0.00745348 0.00678877 0.00614978 0.00554044 0.00496388 0.00442252 0.00391802 0.00345137 0.00302287 0.00263228 0.00227879 0.00196117 0.00167782 0.00142684 0.0012061 0.00101332 0.000846172 0.00070226 0.000579239 0.00047483 0.000386859 0.000313286 0.000252225 0.000201958 0.000160941 0.000127807 0.000101369 8.06123e-05 6.46906e-05 5.29213e-05 4.47779e-05 3.98938e-05 
4.60746e-05 4.73925e-05 5.23099e-05 6.1081e-05 7.41243e-05 9.20387e-05 0.00011561 0.000145817 0.000183841 0.000231066 0.000289091 0.000359722 0.000444974 0.000547057 0.000668361 0.000811434 0.000978944 0.00117364 0.0013983 0.00165566 0.00194837 0.00227889 0.00264942 0.00306179 0.00351743 0.00401719 0.00456135 0.00514948 0.00578039 0.00645209 0.00716173 0.0079056 0.00867912 0.00947687 0.0102926 0.0111195 0.0119498 0.0127754 0.0135879 0.0143784 0.0151381 0.0158581 0.0165297 0.0171447 0.0176953 0.0181746 0.0185762 0.018895 0.0191267 0.0192683 0.0193178 0.0192745 0.0191392 0.0189137 0.0186009 0.0182051 0.0177314 0.0171861 0.0165762 0.0159093 0.0151937 0.014438 0.013651 0.0128415 0.0120184 0.0111901 0.0103648 0.00954998 0.00875264 0.007979 0.0072345 0.00652372 0.00585042 0.00521747 0.00462691 0.00407998 0.00357714 0.0031182 0.00270232 0.00232817 0.00199395 0.00169753 0.00143648 0.00120821 0.00101002 0.00083916 0.000692918 0.000568641 0.000463798 0.000376004 0.000303053 0.000242925 0.000193804 0.000154082 0.000122354 9.74218e-05 7.82833e-05 6.4129e-05 5.43346e-05 4.84649e-05 
5.73419e-05 5.89935e-05 6.5087e-05 7.59321e-05 9.20387e-05 0.000114135 0.000143174 0.000180344 0.00022707 0.000285029 0.000356142 0.000442584 0.000546768 0.000671339 0.000819148 0.000993222 0.00119672 0.00143289 0.001705 0.00201625 0.00236971 0.00276823 0.00321432 0.00371005 0.00425698 0.00485601 0.00550731 0.00621023 0.00696323 0.00776381 0.00860848 0.00949273 0.0104111 0.011357 0.0123231 0.0133012 0.0142823 0.0152569 0.0162151 0.0171464 0.0180406 0.0188873 0.0196766 0.0203988 0.021045 0.0216072 0.022078 0.0224514 0.0227226 0.0228881 0.0229456 0.0228944 0.0227353 0.0224704 0.0221031 0.0216383 0.0210819 0.0204413 0.0197244 0.0189401 0.018098 0.0172081 0.0162806 0.0153259 0.0143541 0.0133754 0.0123992 0.0114344 0.0104892 0.0095711 0.0086865 0.00784095 0.00703896 0.00628407 0.00557881 0.00492477 0.00432265 0.00377234 0.00327298 0.0028231 0.00242066 0.00206323 0.00174801 0.00147198 0.00123199 0.0010248 0.000847216 0.000696094 0.000568429 0.00046138 0.00037231 0.000298801 0.000238675 0.000189994 0.000151068 0.000120449 9.69266e-05 7.95203e-05 6.74739e-05 6.02603e-05 
7.22043e-05 7.4296e-05 8.1932e-05 9.54942e-05 0.00011561 0.000143174 0.000179357 0.000225613 0.000283687 0.000355623 0.000443763 0.000550747 0.000679502 0.000833222 0.00101534 0.0012295 0.00147948 0.00176915 0.00210239 0.00248297 0.0029145 0.0034003 0.00394325 0.00454571 0.00520939 0.0059352 0.00672317 0.00757237 0.00848076 0.00944518 0.0104613 0.0115236 0.0126254 0.0137589 0.0149152 0.0160844 0.0172559 0.0184183 0.0195599 0.0206685 0.0217319 0.0227381 0.0236752 0.024532 0.0252982 0.0259642 0.0265217 0.0269637 0.0272844 0.0274798 0.0275473 0.0274862 0.0272972 0.0269828 0.0265472 0.0259958 0.0253357 0.0245753 0.023724 0.0227922 0.021791 0.0207322 0.0196278 0.01849 0.0173309 0.0161623 0.0149954 0.013841 0.0127087 0.0116075 0.0105452 0.00952855 0.008563 0.00765295 0.00680158 0.00601095 0.00528208 0.00461498 0.00400878 0.00346186 0.00297192 0.00253613 0.00215126 0.00181375 0.00151988 0.00126582 0.00104774 0.000861901 0.000704684 0.000572673 0.000462683 0.000371791 0.000297349 0.000237006 0.0001887 0.000150664 0.00012142 9.97663e-05 8.47783e-05 7.58098e-05 
9.13003e-05 9.39577e-05 0.000103564 0.000120592 0.000145817 0.000180344 0.000225613 0.000283414 0.00035589 0.000445544 0.000555242 0.000688203 0.000847988 0.00103847 0.00126382 0.0015284 0.00183677 0.00219356 0.00260337 0.0030707 0.00359978 0.00419447 0.00485812 0.00559339 0.00640214 0.00728528 0.00824265 0.00927289 0.0103734 0.01154 0.0127676 0.0140492 0.0153767 0.0167406 0.0181301 0.0195336 0.0209382 0.0223304 0.0236962 0.0250213 0.0262912 0.0274916 0.0286087 0.0296295 0.0305416 0.031334 0.0319969 0.032522 0.0329028 0.0331345 0.0332142 0.0331409 0.0329156 0.0325411 0.0320223 0.0313656 0.0305793 0.0296731 0.0286581 0.0275465 0.0263514 0.0250865 0.0237661 0.0224046 0.0210162 0.019615 0.0182145 0.0168272 0.0154651 0.0141388 0.0128577 0.0116301 0.0104627 0.00936086 0.0083287 0.00736885 0.00648274 0.00567057 0.0049315 0.00426373 0.00366468 0.00313106 0.00265911 0.00224464 0.00188323 0.00157034 0.00130138 0.00107184 0.000877396 0.000713897 0.000577488 0.000464614 0.000372052 0.000296929 0.000236725 0.000189272 0.000152756 0.000125704 0.000106975 9.57757e-05 
0.000115402 0.000118774 0.000130852 0.000152222 0.000183841 0.00022707 0.000283687 0.00035589 0.000446309 0.000558012 0.000694501 0.000859701 0.00105795 0.00129394 0.0015727 0.00189951 0.00227984 0.00271921 0.00322312 0.00379688 0.00444546 0.00517337 0.00598445 0.0068817 0.00786713 0.00894161 0.0101047 0.0113544 0.0126875 0.0140987 0.0155815 0.0171275 0.0187268 0.0203678 0.0220376 0.023722 0.0254059 0.0270732 0.0287071 0.0302907 0.0318069 0.033239 0.0345706 0.0357865 0.0368722 0.0378147 0.0386028 0.0392267 0.0396789 0.0399537 0.0400478 0.0399599 0.0396914 0.0392455 0.0386277 0.0378458 0.0369094 0.0358297 0.0346198 0.0332939 0.0318674 0.0303566 0.0287782 0.0271491 0.0254863 0.0238064 0.0221255 0.0204587 0.0188201 0.0172227 0.0156778 0.0141955 0.0127841 0.0114501 0.0101988 0.00903357 0.00795631 0.00696755 0.0060665 0.00525121 0.00451876 0.00386538 0.00328666 0.0027777 0.00233327 0.00194794 0.00161624 0.00133277 0.0010923 0.000889825 0.00072067 0.000580516 0.00046544 0.000371932 0.00029691 0.00023772 0.000192133 0.000158341 0.000134942 0.000120958 
0.000145422 0.000149683 0.00016482 0.000191555 0.000231066 0.000285029 0.000355623 0.000445544 0.000558012 0.000696773 0.000866093 0.00107075 0.00131599 0.0016075 0.00195134 0.00235386 0.00282159 0.00336112 0.00397896 0.00468138 0.00547421 0.00636266 0.00735112 0.00844295 0.00964029 0.0109439 0.0123529 0.0138647 0.0154749 0.0171772 0.0189633 0.020823 0.0227442 0.024713 0.0267139 0.0287299 0.0307429 0.0327338 0.0346829 0.03657 0.0383752 0.0400787 0.0416615 0.0431055 0.0443941 0.0455122 0.0464464 0.0471856 0.0477209 0.0480459 0.0481567 0.0480519 0.0477328 0.0472034 0.0464702 0.045542 0.04443 0.0431474 0.0417093 0.0401325 0.0384348 0.0366354 0.0347539 0.0328102 0.0308244 0.0288161 0.0268043 0.0248072 0.0228417 0.0209231 0.0190653 0.0172804 0.0155786 0.0139681 0.0124553 0.0110445 0.00973846 0.008538 0.00744246 0.00644978 0.00555668 0.00475884 0.00405116 0.00342788 0.00288285 0.00240962 0.00200169 0.00165259 0.00135602 0.00110598 0.000896803 0.000723268 0.000580604 0.000464542 0.000371322 0.000297701 0.000240955 0.000198865 0.000169714 0.000152302 
0.000182414 0.000187771 0.000206653 0.000239945 0.000289091 0.000356142 0.000443763 0.000555242 0.000694501 0.000866093 0.00107519 0.00132758 0.0016296 0.00198808 0.0024103 0.00290384 0.00347648 0.00413605 0.00489022 0.00574633 0.00671116 0.00779073 0.00899 0.0103127 0.011761 0.0133356 0.0150349 0.0168555 0.0187918 0.020836 0.0229778 0.0252048 0.0275024 0.0298538 0.0322405 0.0346424 0.0370379 0.0394044 0.0417187 0.0439573 0.0460966 0.0481136 0.0499862 0.0516934 0.0532158 0.0545358 0.0556381 0.0565099 0.0571408 0.0575235 0.0576533 0.0575289 0.0571517 0.0565262 0.05566 0.0545633 0.0532491 0.0517325 0.0500313 0.0481647 0.0461538 0.0440205 0.041788 0.0394796 0.0371188 0.0347288 0.032332 0.0299499 0.0276027 0.0253087 0.0230845 0.0209449 0.018902 0.0169662 0.0151453 0.0134448 0.0118683 0.0104172 0.00909104 0.00788765 0.00680341 0.00583343 0.00497181 0.00421187 0.00354638 0.00296775 0.00246825 0.00204019 0.00167604 0.00136861 0.00111108 0.000897156 0.00072107 0.000577647 0.000462325 0.000371161 0.000300834 0.00024864 0.000212483 0.000190899 
0.000227578 0.000234273 0.000257695 0.000298924 0.000359722 0.000442584 0.000550747 0.000688203 0.000859701 0.00107075 0.00132758 0.00163716 0.00200709 0.00244555 0.00296122 0.00356311 0.00426043 0.00506239 0.005978 0.00701581 0.00818364 0.00948835 0.0109355 0.0125292 0.0142717 0.0161631 0.0182014 0.0203819 0.0226977 0.0251389 0.0276931 0.0303453 0.0330777 0.0358705 0.0387017 0.0415473 0.0443819 0.0471791 0.0499117 0.0525521 0.055073 0.0574478 0.0596506 0.0616574 0.0634456 0.0649952 0.0662886 0.0673108 0.0680502 0.0684982 0.0686496 0.0685028 0.0680595 0.0673249 0.0663076 0.0650193 0.063475 0.0616923 0.0596913 0.0574944 0.0551258 0.0526111 0.0499771 0.047251 0.0444602 0.0416318 0.0387922 0.0359667 0.0331791 0.0304513 0.0278032 0.0252522 0.0228134 0.0204991 0.0183191 0.0162805 0.0143878 0.0126431 0.0110464 0.00959534 0.00828606 0.00711307 0.0060696 0.00514795 0.00433969 0.00363591 0.00302753 0.00250542 0.00206067 0.00168467 0.00136929 0.00110697 0.000890782 0.000714488 0.000572581 0.000460291 0.000373596 0.000309216 0.000264607 0.000237989 
0.00028226 0.000290573 0.000319452 0.000370208 0.000444974 0.000546768 0.000679502 0.000847988 0.00105795 0.00131599 0.0016296 0.00200709 0.00245753 0.00299066 0.00361675 0.00434645 0.00519058 0.00615993 0.00726497 0.00851558 0.00992073 0.0114882 0.0132241 0.0151329 0.0172167 0.0194751 0.0219053 0.0245012 0.027254 0.0301517 0.0331792 0.0363183 0.039548 0.0428446 0.0461822 0.0495326 0.052866 0.0561517 0.0593578 0.0624526 0.0654045 0.0681827 0.0707576 0.0731015 0.0751887 0.0769962 0.0785039 0.0796949 0.0805559 0.0810771 0.0812526 0.0810806 0.0805631 0.0797059 0.0785189 0.0770155 0.0752126 0.0731303 0.0707917 0.0682225 0.0654504 0.0625049 0.0594168 0.0562176 0.052939 0.0496126 0.0462692 0.0429384 0.0396481 0.0364243 0.0332904 0.0302675 0.0273735 0.0246235 0.0220293 0.0195998 0.017341 0.0152558 0.0133446 0.0116052 0.0100335 0.0086233 0.00736701 0.00625576 0.00527981 0.00442881 0.00369212 0.00305901 0.00251895 0.00206176 0.00167777 0.00135797 0.00109408 0.000878642 0.000705033 0.000567523 0.000461269 0.000382317 0.000327598 0.000294963 
0.000347944 0.000358198 0.000393584 0.000455681 0.000547057 0.000671339 0.000833222 0.00103847 0.00129394 0.0016075 0.00198808 0.00244555 0.00299066 0.00363491 0.00439038 0.00526957 0.00628512 0.00744954 0.00877494 0.0102726 0.0119528 0.0138242 0.0158935 0.0181653 0.0206416 0.0233213 0.0262003 0.0292711 0.0325226 0.0359401 0.0395055 0.043197 0.0469898 0.0508559 0.0547647 0.0586836 0.0625778 0.0664116 0.0701484 0.0737517 0.0771851 0.0804134 0.083403 0.0861221 0.0885418 0.0906359 0.0923816 0.0937599 0.0947556 0.0953579 0.0955601 0.0953601 0.0947602 0.0937669 0.0923914 0.0906489 0.0885584 0.0861428 0.0834283 0.080444 0.0772215 0.0737944 0.0701981 0.0664685 0.0626424 0.058756 0.0548451 0.0509442 0.0470857 0.0433003 0.0396155 0.0360562 0.0326438 0.0293966 0.026329 0.0234519 0.020773 0.0182964 0.016023 0.0139509 0.0120758 0.0103909 0.00888765 0.00755601 0.00638479 0.00536205 0.00447542 0.00371238 0.00306058 0.00250804 0.00204336 0.00165585 0.00133569 0.001074 0.000862887 0.000695513 0.000566076 0.000469841 0.000403124 0.000363352 
0.000426247 0.000438811 0.000481894 0.000557387 0.000668361 0.000819148 0.00101534 0.00126382 0.0015727 0.00195134 0.0024103 0.00296122 0.00361675 0.00439038 0.00529625 0.00634888 0.00756294 0.00895286 0.0105325 0.0123147 0.014311 0.0165309 0.0189818 0.0216684 0.0245922 0.0277512 0.0311399 0.0347487 0.0385641 0.0425682 0.0467394 0.0510518 0.0554762 0.0599797 0.064527 0.0690798 0.0735983 0.0780412 0.0823668 0.0865332 0.0904991 0.0942246 0.0976715 0.100804 0.10359 0.105999 0.108006 0.10959 0.110733 0.111425 0.111656 0.111425 0.110734 0.109592 0.108009 0.106004 0.103597 0.100814 0.0976856 0.0942433 0.0905231 0.0865633 0.0824038 0.0780858 0.073651 0.0691411 0.0645973 0.0600592 0.0555646 0.0511491 0.046845 0.0426817 0.0386845 0.0348751 0.0312711 0.0278859 0.0247292 0.0218064 0.0191194 0.0166667 0.0144437 0.0124433 0.0106559 0.00907012 0.00767337 0.0064519 0.00539146 0.00447755 0.00369578 0.00303215 0.00247329 0.00200663 0.00162061 0.00130471 0.00104959 0.000847121 0.000690418 0.000573839 0.000492997 0.000444823 
0.000518902 0.000534193 0.000586313 0.000677511 0.000811434 0.000993222 0.0012295 0.0015284 0.00189951 0.00235386 0.00290384 0.00356311 0.00434645 0.00526957 0.00634888 0.00760119 0.00904333 0.0106918 0.0125625 0.0146697 0.0170263 0.0196428 0.022527 0.0256834 0.0291131 0.0328129 0.0367754 0.0409887 0.0454362 0.0500965 0.0549438 0.0599478 0.0650742 0.0702849 0.0755387 0.0807919 0.0859987 0.0911121 0.0960846 0.100869 0.105418 0.109687 0.113633 0.117216 0.1204 0.123152 0.125443 0.12725 0.128554 0.129342 0.129605 0.12934 0.128551 0.127246 0.125439 0.123147 0.120396 0.117214 0.113633 0.10969 0.105426 0.100883 0.0961054 0.0911407 0.0860358 0.0808383 0.075595 0.0703515 0.0651513 0.0600354 0.0550415 0.0502039 0.0455525 0.041113 0.0369065 0.0329495 0.0292537 0.0258267 0.0226712 0.0197865 0.0171681 0.0148081 0.0126962 0.0108198 0.00916463 0.00771501 0.00645466 0.0053669 0.00443511 0.00364304 0.00297511 0.00241666 0.00195412 0.00157515 0.00126877 0.00102538 0.000836845 0.0006965 0.000599152 0.000541162 
0.000627739 0.000646226 0.000708876 0.000818348 0.000978944 0.00119672 0.00147948 0.00183677 0.00227984 0.00282159 0.00347648 0.00426043 0.00519058 0.00628512 0.00756294 0.00904333 0.0107455 0.0126883 0.0148894 0.017365 0.0201291 0.0231932 0.0265653 0.0302498 0.0342468 0.0385517 0.0431548 0.0480414 0.0531914 0.0585794 0.0641749 0.0699425 0.0758422 0.0818301 0.087859 0.0938788 0.0998374 0.105682 0.111358 0.116813 0.121994 0.126851 0.131337 0.135406 0.13902 0.142141 0.144738 0.146785 0.148261 0.149152 0.149449 0.149148 0.148254 0.146774 0.144724 0.142125 0.139003 0.135389 0.13132 0.126837 0.121983 0.116807 0.111359 0.10569 0.0998548 0.0939061 0.0878971 0.0818797 0.0759037 0.0700162 0.0642607 0.058677 0.0533 0.0481602 0.0432827 0.0386872 0.0343886 0.0303962 0.0267145 0.0233434 0.0202787 0.0175123 0.015033 0.0128267 0.0108776 0.00916804 0.0076795 0.00639295 0.0052893 0.00434984 0.00355655 0.00289242 0.00234165 0.00188987 0.00152421 0.00123344 0.00100803 0.000840123 0.000723625 0.000654253 
0.00075466 0.000776864 0.000851693 0.00098227 0.00117364 0.00143289 0.00176915 0.00219356 0.00271921 0.00336112 0.00413605 0.00506239 0.00615993 0.00744954 0.00895286 0.0106918 0.0126883 0.0149634 0.0175369 0.0204267 0.0236482 0.0272134 0.0311307 0.035404 0.040032 0.0450083 0.0503208 0.0559512 0.0618755 0.0680637 0.0744799 0.0810831 0.0878271 0.0946618 0.101533 0.108384 0.115156 0.12179 0.128224 0.1344 0.14026 0.145747 0.15081 0.1554 0.159471 0.162985 0.165908 0.16821 0.16987 0.17087 0.171203 0.170864 0.169857 0.168191 0.165884 0.162957 0.159439 0.155366 0.150775 0.145713 0.140228 0.134372 0.128202 0.121774 0.11515 0.108388 0.101548 0.0946898 0.0878686 0.0811384 0.0745493 0.0681471 0.0619724 0.0560608 0.0504419 0.0451397 0.040172 0.0355508 0.0312826 0.0273683 0.0238041 0.0205818 0.0176894 0.0151116 0.0128308 0.0108273 0.00908026 0.00756807 0.00626902 0.00516168 0.00422536 0.00344045 0.0027887 0.00225345 0.00181975 0.00147455 0.00120671 0.00100708 0.000868527 0.00078605 
0.000901604 0.000928096 0.00101691 0.00117168 0.0013983 0.001705 0.00210239 0.00260337 0.00322312 0.00397896 0.00489022 0.005978 0.00726497 0.00877494 0.0105325 0.0125625 0.0148894 0.0175369 0.0205268 0.0238789 0.0276097 0.0317318 0.0362535 0.0411779 0.0465023 0.0522178 0.0583093 0.0647547 0.0715253 0.0785858 0.0858946 0.0934044 0.101062 0.108811 0.11659 0.124334 0.131978 0.139456 0.146699 0.153643 0.160224 0.16638 0.172055 0.177193 0.181749 0.185677 0.188942 0.191513 0.193365 0.194481 0.194852 0.194472 0.193346 0.191485 0.188907 0.185634 0.1817 0.17714 0.171998 0.166323 0.160167 0.153589 0.14665 0.139413 0.131944 0.12431 0.116578 0.108813 0.101079 0.0934367 0.0859431 0.0786505 0.071606 0.0648508 0.0584198 0.0523413 0.0466372 0.0413223 0.0364055 0.0318891 0.0277701 0.0240403 0.0206871 0.017694 0.0150417 0.0127083 0.0106706 0.00890421 0.00738461 0.00608744 0.00498912 0.00406719 0.00330071 0.00267047 0.00215925 0.00175194 0.00143565 0.00119976 0.001036 0.000938542 
0.00107051 0.00110191 0.00120666 0.00138898 0.00165566 0.00201625 0.00248297 0.0030707 0.00379688 0.00468138 0.00574633 0.00701581 0.00851558 0.0102726 0.0123147 0.0146697 0.017365 0.0204267 0.0238789 0.027743 0.0320366 0.0367727 0.0419592 0.0475982 0.0536849 0.0602078 0.0671479 0.0744788 0.0821667 0.0901703 0.0984417 0.106927 0.115565 0.124292 0.133038 0.141734 0.150304 0.158676 0.166774 0.174529 0.181868 0.188726 0.195041 0.200755 0.205815 0.210176 0.213798 0.216648 0.218701 0.219937 0.220346 0.219925 0.218676 0.216611 0.21375 0.210118 0.205748 0.200681 0.194962 0.188644 0.181784 0.174445 0.166695 0.158601 0.150238 0.141678 0.132995 0.124263 0.115552 0.106931 0.0984643 0.0902115 0.0822265 0.0745569 0.0672433 0.0603193 0.0538109 0.0477368 0.0421082 0.0369297 0.0321992 0.0279088 0.0240454 0.0205916 0.0175262 0.0148254 0.0124632 0.0104125 0.00864579 0.00713556 0.00585508 0.00477884 0.00388292 0.00314537 0.00254646 0.00206881 0.00169758 0.00142056 0.00122817 0.00111371 
0.00126325 0.00130024 0.00142302 0.00163646 0.00194837 0.00236971 0.0029145 0.00359978 0.00444546 0.00547421 0.00671116 0.00818364 0.00992073 0.0119528 0.014311 0.0170263 0.0201291 0.0236482 0.0276097 0.0320366 0.0369473 0.0423552 0.0482674 0.0546844 0.0615992 0.0689967 0.0768539 0.0851393 0.0938132 0.102828 0.112129 0.121653 0.131334 0.141098 0.150869 0.160567 0.170112 0.179421 0.188415 0.197015 0.205144 0.212732 0.219712 0.22602 0.231602 0.236409 0.240399 0.243537 0.245796 0.247155 0.247605 0.247139 0.245764 0.24349 0.240338 0.236335 0.231517 0.225924 0.219608 0.212622 0.205031 0.1969 0.188302 0.179313 0.17001 0.160476 0.15079 0.141034 0.131287 0.121625 0.112121 0.102841 0.0938475 0.0851947 0.0769299 0.0690921 0.0617124 0.0548135 0.0484101 0.042509 0.0371095 0.0322045 0.0277806 0.0238193 0.0202981 0.0171909 0.0144692 0.0121029 0.0100614 0.00831373 0.00682992 0.00558111 0.00454024 0.00368234 0.00298493 0.00242818 0.00199512 0.00167175 0.00144711 0.0013135 
0.00148163 0.00152492 0.00166795 0.0019163 0.00227889 0.00276823 0.0034003 0.00419447 0.00517337 0.00636266 0.00779073 0.00948835 0.0114882 0.0138242 0.0165309 0.0196428 0.0231932 0.0272134 0.0317318 0.0367727 0.0423552 0.0484925 0.0551907 0.0624484 0.0702555 0.0785932 0.0874335 0.0967393 0.106464 0.116554 0.126946 0.137569 0.148349 0.159203 0.170047 0.180793 0.191353 0.201637 0.211558 0.221032 0.229976 0.238315 0.245975 0.252893 0.259008 0.264271 0.268635 0.272066 0.274534 0.276019 0.276508 0.275999 0.274495 0.272009 0.268561 0.26418 0.258903 0.252774 0.245845 0.238176 0.229832 0.220884 0.21141 0.201492 0.191214 0.180663 0.169929 0.1591 0.148264 0.137504 0.126903 0.116534 0.106468 0.0967674 0.0874854 0.0786679 0.0703517 0.0625641 0.0553235 0.0486398 0.0425141 0.0369402 0.031905 0.0273891 0.0233686 0.0198153 0.0166981 0.013984 0.011639 0.00962865 0.00791949 0.00647913 0.00527708 0.00428517 0.00347793 0.00283287 0.0023307 0.0019555 0.00169476 0.00153972 
0.00172727 0.00177761 0.00194322 0.00223044 0.00264942 0.00321432 0.00394325 0.00485812 0.00598445 0.00735112 0.00899 0.0109355 0.0132241 0.0158935 0.0189818 0.022527 0.0265653 0.0311307 0.0362535 0.0419592 0.0482674 0.0551907 0.0627339 0.0708929 0.0796542 0.0889945 0.0988803 0.109268 0.120105 0.131328 0.142866 0.154642 0.166569 0.178559 0.190517 0.202348 0.213955 0.225242 0.236115 0.246482 0.256257 0.265358 0.27371 0.281244 0.287899 0.29362 0.298362 0.302087 0.304765 0.306376 0.306907 0.306353 0.30472 0.30202 0.298275 0.293513 0.287774 0.281103 0.273555 0.265191 0.256081 0.246299 0.23593 0.225058 0.213775 0.202176 0.190357 0.178414 0.166442 0.154536 0.142784 0.13127 0.120074 0.109264 0.0989034 0.089044 0.0797289 0.070991 0.062853 0.0553281 0.0484199 0.0421237 0.0364265 0.0313089 0.0267455 0.0227061 0.019157 0.0160624 0.0133845 0.0110858 0.00912866 0.00747717 0.00609719 0.00495711 0.00402827 0.00328532 0.00270648 0.00227371 0.00197288 0.00179403 
0.00200157 0.00205975 0.00225036 0.00258055 0.00306179 0.00371005 0.00454571 0.00559339 0.0068817 0.00844295 0.0103127 0.0125292 0.0151329 0.0181653 0.0216684 0.0256834 0.0302498 0.035404 0.0411779 0.0475982 0.0546844 0.0624484 0.0708929 0.0800108 0.0897845 0.100186 0.111174 0.122701 0.134703 0.147111 0.159845 0.172817 0.185933 0.199094 0.212199 0.225142 0.237819 0.250127 0.261966 0.273237 0.28385 0.293719 0.302765 0.310916 0.318109 0.324287 0.329404 0.333421 0.336308 0.338043 0.338615 0.338018 0.336257 0.333345 0.329304 0.324164 0.317965 0.310753 0.302584 0.293523 0.283642 0.27302 0.261743 0.249903 0.237597 0.224926 0.211994 0.198904 0.18576 0.172666 0.159718 0.147012 0.134632 0.12266 0.111164 0.100205 0.0898335 0.0800871 0.0709943 0.0625721 0.0548272 0.0477565 0.0413482 0.0355824 0.0304328 0.0258675 0.0218504 0.0183423 0.0153023 0.0126889 0.010461 0.00857848 0.00700348 0.00570076 0.00463826 0.00378758 0.00312426 0.00262803 0.00228297 0.00207786 
0.00230566 0.00237248 0.00259056 0.00296792 0.00351743 0.00425698 0.00520939 0.00640214 0.00786713 0.00964029 0.011761 0.0142717 0.0172167 0.0206416 0.0245922 0.0291131 0.0342468 0.040032 0.0465023 0.0536849 0.0615992 0.0702555 0.0796542 0.0897845 0.100624 0.112139 0.124282 0.136996 0.150211 0.163847 0.177816 0.19202 0.206356 0.220716 0.234989 0.249061 0.262822 0.276159 0.288968 0.301145 0.312594 0.323227 0.33296 0.341721 0.349444 0.356072 0.361557 0.36586 0.368952 0.370809 0.37142 0.370781 0.368895 0.365776 0.361446 0.355935 0.349282 0.341537 0.332755 0.323003 0.312355 0.300894 0.288708 0.275895 0.262557 0.248801 0.234738 0.220478 0.206136 0.191822 0.177643 0.163703 0.150097 0.136915 0.124234 0.112125 0.100643 0.0898349 0.0797339 0.0703618 0.0617287 0.053834 0.046667 0.0402083 0.0344306 0.0293005 0.0247795 0.0208255 0.0173942 0.0144403 0.0119186 0.00978507 0.00799786 0.00651788 0.00530952 0.00434113 0.00358541 0.00301971 0.0026262 0.00239235 
0.00264031 0.00271659 0.00296463 0.00339338 0.00401719 0.00485601 0.0059352 0.00728528 0.00894161 0.0109439 0.0133356 0.0161631 0.0194751 0.0233213 0.0277512 0.0328129 0.0385517 0.0450083 0.0522178 0.0602078 0.0689967 0.0785932 0.0889945 0.100186 0.112139 0.124813 0.138155 0.152099 0.166564 0.181464 0.196698 0.21216 0.227737 0.243312 0.258763 0.273971 0.288816 0.303181 0.316954 0.330027 0.342301 0.353684 0.364091 0.373447 0.381686 0.38875 0.394592 0.399172 0.402461 0.404436 0.405086 0.404405 0.402399 0.399081 0.394471 0.3886 0.381508 0.373243 0.363863 0.353435 0.342033 0.329743 0.316658 0.302878 0.28851 0.273667 0.258465 0.243025 0.227468 0.211912 0.196475 0.181271 0.166404 0.151973 0.138066 0.124761 0.112124 0.100206 0.0890487 0.0786784 0.0691095 0.0603444 0.0523741 0.0451799 0.038734 0.0330017 0.0279423 0.023511 0.0196598 0.0163399 0.0135018 0.0110976 0.00908108 0.0074093 0.00604289 0.00494681 0.00409075 0.00344955 0.00300338 0.00273826 
0.00300588 0.00309245 0.00337292 0.00385725 0.00456135 0.00550731 0.00672317 0.00824265 0.0101047 0.0123529 0.0150349 0.0182014 0.0219053 0.0262003 0.0311399 0.0367754 0.0431548 0.0503208 0.0583093 0.0671479 0.0768539 0.0874335 0.0988803 0.111174 0.124282 0.138155 0.152732 0.167938 0.183684 0.199871 0.216391 0.233126 0.249954 0.266747 0.283378 0.299716 0.315636 0.331015 0.345735 0.359686 0.372764 0.384874 0.395932 0.405862 0.414596 0.422078 0.42826 0.433104 0.43658 0.438667 0.439354 0.438635 0.436515 0.433006 0.42813 0.421917 0.414405 0.405642 0.395685 0.384602 0.372469 0.359372 0.345406 0.330675 0.315289 0.299368 0.283033 0.266412 0.249634 0.232826 0.216117 0.199627 0.183474 0.167765 0.152598 0.138062 0.124229 0.111161 0.0989052 0.087494 0.0769466 0.0672688 0.0584542 0.0504849 0.0433333 0.0369636 0.0313332 0.0263943 0.022096 0.0183854 0.0152092 0.012515 0.0102526 0.00837476 0.00683834 0.00560473 0.0046405 0.00391784 0.00341481 0.00311596 
0.00340228 0.00349994 0.00381527 0.00435927 0.00514948 0.00621023 0.00757237 0.00927289 0.0113544 0.0138647 0.0168555 0.0203819 0.0245012 0.0292711 0.0347487 0.0409887 0.0480414 0.0559512 0.0647547 0.0744788 0.0851393 0.0967393 0.109268 0.122701 0.136996 0.152099 0.167938 0.184429 0.201474 0.218963 0.236777 0.254789 0.272866 0.290873 0.30867 0.326123 0.343098 0.359467 0.375108 0.389906 0.403758 0.416565 0.428244 0.438718 0.44792 0.455795 0.462297 0.467388 0.47104 0.473232 0.473953 0.473198 0.470972 0.467286 0.462162 0.455627 0.447719 0.438485 0.427981 0.416274 0.40344 0.389566 0.374748 0.359092 0.342713 0.325733 0.308281 0.29049 0.272497 0.254439 0.236451 0.218667 0.201212 0.184206 0.167756 0.15196 0.136902 0.12265 0.10926 0.0967716 0.0852085 0.0745809 0.0648853 0.0561053 0.0482138 0.0411742 0.0349423 0.0294679 0.0246968 0.0205723 0.0170371 0.0140347 0.0115104 0.00941282 0.00769484 0.00631418 0.00523417 0.00442426 0.00386031 0.0035253 
0.00382887 0.0039384 0.00429092 0.0048985 0.00578039 0.00696323 0.00848076 0.0103734 0.0126875 0.0154749 0.0187918 0.0226977 0.027254 0.0325226 0.0385641 0.0454362 0.0531914 0.0618755 0.0715253 0.0821667 0.0938132 0.106464 0.120105 0.134703 0.150211 0.166564 0.183684 0.201474 0.219826 0.238621 0.257728 0.277009 0.296323 0.315524 0.334466 0.353005 0.371004 0.388329 0.404853 0.420462 0.435047 0.448514 0.460776 0.471758 0.481396 0.489636 0.496433 0.501752 0.505564 0.507853 0.508605 0.507818 0.505495 0.501647 0.496294 0.489462 0.481188 0.471516 0.4605 0.448207 0.434711 0.420099 0.404467 0.387923 0.370584 0.352577 0.334034 0.315096 0.295905 0.276608 0.25735 0.238272 0.219512 0.201199 0.183452 0.166379 0.150073 0.134613 0.120061 0.106465 0.0938558 0.082247 0.0716387 0.0620169 0.0533552 0.0456168 0.0387561 0.0327206 0.0274531 0.0228933 0.0189799 0.0156521 0.0128509 0.0105207 0.00861029 0.00707355 0.00587054 0.00496785 0.00433908 0.00396563 
0.00428447 0.00440659 0.00479848 0.00547332 0.00645209 0.00776381 0.00944518 0.01154 0.0140987 0.0171772 0.020836 0.0251389 0.0301517 0.0359401 0.0425682 0.0500965 0.0585794 0.0680637 0.0785858 0.0901703 0.102828 0.116554 0.131328 0.147111 0.163847 0.181464 0.199871 0.218963 0.238621 0.258713 0.2791 0.299632 0.320159 0.340525 0.360577 0.380166 0.399148 0.417384 0.434746 0.451118 0.466391 0.480471 0.493272 0.504721 0.514758 0.52333 0.530394 0.535917 0.539875 0.54225 0.543031 0.542216 0.539806 0.535813 0.530254 0.523154 0.514547 0.504474 0.492989 0.480154 0.466042 0.450738 0.434339 0.416952 0.398698 0.379703 0.360107 0.340054 0.319695 0.299182 0.278671 0.258312 0.238254 0.218636 0.199588 0.181229 0.163663 0.146978 0.131246 0.116521 0.102841 0.090226 0.0786793 0.0681898 0.0587323 0.0502702 0.0427568 0.0361377 0.0303528 0.0253386 0.0210296 0.0173609 0.0142692 0.0116945 0.00958147 0.00788029 0.00654755 0.00554694 0.00484975 0.00443568 
0.00476729 0.00490269 0.00533594 0.00608136 0.00716173 0.00860848 0.0104613 0.0127676 0.0155815 0.0189633 0.0229778 0.0276931 0.0331792 0.0395055 0.0467394 0.0549438 0.0641749 0.0744799 0.0858946 0.0984417 0.112129 0.126946 0.142866 0.159845 0.177816 0.196698 0.216391 0.236777 0.257728 0.2791 0.300742 0.322496 0.344201 0.365693 0.386812 0.407403 0.427316 0.446411 0.464559 0.481639 0.497547 0.512187 0.525478 0.53735 0.547744 0.55661 0.563911 0.569616 0.573701 0.576152 0.576959 0.576118 0.573633 0.569513 0.563774 0.556437 0.547533 0.537103 0.525194 0.511866 0.497189 0.481247 0.464135 0.44596 0.426841 0.40691 0.386307 0.365183 0.343694 0.322 0.300264 0.278648 0.257309 0.236398 0.216056 0.196414 0.177584 0.159667 0.142743 0.126876 0.11211 0.0984703 0.0859659 0.0745884 0.0643147 0.0551085 0.0469227 0.039701 0.033381 0.0278957 0.0231759 0.0191527 0.0157583 0.0129286 0.010604 0.00873085 0.00726232 0.00615914 0.00539023 0.0049336 
0.00527491 0.00542419 0.00590057 0.00671951 0.0079056 0.00949273 0.0115236 0.0140492 0.0171275 0.020823 0.0252048 0.0303453 0.0363183 0.043197 0.0510518 0.0599478 0.0699425 0.0810831 0.0934044 0.106927 0.121653 0.137569 0.154642 0.172817 0.19202 0.21216 0.233126 0.254789 0.277009 0.299632 0.322496 0.345433 0.368271 0.390841 0.412974 0.434511 0.455298 0.475193 0.494064 0.511794 0.528277 0.543422 0.557149 0.569394 0.5801 0.589223 0.596727 0.602587 0.606781 0.609297 0.610125 0.609264 0.606716 0.602489 0.596595 0.589055 0.579895 0.569151 0.556867 0.5431 0.527917 0.511396 0.49363 0.474726 0.454803 0.433993 0.41244 0.390296 0.367725 0.344893 0.321972 0.299131 0.276539 0.254358 0.23274 0.211825 0.19174 0.172593 0.154476 0.137461 0.1216 0.106926 0.0934511 0.0811718 0.0700671 0.0601016 0.0512281 0.0433889 0.0365194 0.0305494 0.0254065 0.0210172 0.0173099 0.0142162 0.0116723 0.00962068 0.00801109 0.00680129 0.00595778 0.0054569 
0.00580432 0.00596799 0.00648896 0.00738387 0.00867912 0.0104111 0.0126254 0.0153767 0.0187268 0.0227442 0.0275024 0.0330777 0.039548 0.0469898 0.0554762 0.0650742 0.0758422 0.0878271 0.101062 0.115565 0.131334 0.148349 0.166569 0.185933 0.206356 0.227737 0.249954 0.272866 0.296323 0.320159 0.344201 0.368271 0.39219 0.41578 0.438868 0.461288 0.482884 0.503512 0.523042 0.541356 0.558352 0.573942 0.58805 0.600615 0.611587 0.620926 0.628601 0.634589 0.638873 0.641441 0.642288 0.641412 0.638813 0.634497 0.628477 0.620767 0.611392 0.600381 0.587776 0.573627 0.557995 0.540958 0.522604 0.503037 0.482376 0.460751 0.438309 0.415207 0.39161 0.367692 0.343633 0.319611 0.295804 0.272385 0.249517 0.227352 0.206027 0.185663 0.16636 0.148201 0.131246 0.115533 0.101083 0.0878942 0.0759497 0.0652153 0.0556437 0.0471766 0.039747 0.0332824 0.0277065 0.0229423 0.0189141 0.0155491 0.0127796 0.0105442 0.00878926 0.00746947 0.006549 0.00600244 
0.00635187 0.00653032 0.00709705 0.00806983 0.00947687 0.011357 0.0137589 0.0167406 0.0203678 0.024713 0.0298538 0.0358705 0.0428446 0.0508559 0.0599797 0.0702849 0.0818301 0.0946618 0.108811 0.124292 0.141098 0.159203 0.178559 0.199094 0.220716 0.243312 0.266747 0.290873 0.315524 0.340525 0.365693 0.390841 0.41578 0.440327 0.464302 0.487536 0.509872 0.531164 0.551283 0.570115 0.587558 0.603531 0.617962 0.630796 0.641987 0.651501 0.659312 0.665401 0.669755 0.672365 0.673227 0.672339 0.669701 0.665318 0.659199 0.651355 0.641805 0.630576 0.617702 0.603228 0.587211 0.569723 0.550849 0.530688 0.509357 0.486987 0.463725 0.439729 0.41517 0.390227 0.365086 0.339934 0.314959 0.290343 0.266262 0.242877 0.220339 0.198778 0.178306 0.159015 0.140973 0.124228 0.108804 0.0947057 0.081919 0.0704118 0.0601371 0.0510362 0.0430404 0.0360745 0.0300594 0.0249142 0.0205592 0.0169178 0.0139181 0.011495 0.00959136 0.00815904 0.00715977 0.00656647 
0.00691332 0.00710685 0.00772011 0.00877205 0.0102926 0.0123231 0.0149152 0.0181301 0.0220376 0.0267139 0.0322405 0.0387017 0.0461822 0.0547647 0.064527 0.0755387 0.087859 0.101533 0.11659 0.133038 0.150869 0.170047 0.190517 0.212199 0.234989 0.258763 0.283378 0.30867 0.334466 0.360577 0.386812 0.412974 0.438868 0.464302 0.489094 0.51307 0.536073 0.557957 0.578594 0.597873 0.615699 0.631992 0.646689 0.659739 0.671102 0.680751 0.688664 0.694828 0.699234 0.701874 0.702748 0.701852 0.699187 0.694756 0.688565 0.68062 0.670938 0.659537 0.646447 0.631706 0.615367 0.597494 0.578168 0.557484 0.535557 0.512515 0.488505 0.463686 0.438234 0.412332 0.386171 0.359948 0.333859 0.308096 0.282845 0.258281 0.234564 0.211836 0.190221 0.169818 0.150707 0.132941 0.116553 0.101553 0.087928 0.07565 0.0646728 0.0549372 0.0463734 0.0389039 0.0324466 0.0269173 0.0222325 0.0183115 0.0150788 0.0124655 0.0104112 0.00886464 0.00778538 0.0071446 
0.00748388 0.00769266 0.00835285 0.00948454 0.0111195 0.0133012 0.0160844 0.0195336 0.023722 0.0287299 0.0346424 0.0415473 0.0495326 0.0586836 0.0690798 0.0807919 0.0938788 0.108384 0.124334 0.141734 0.160567 0.180793 0.202348 0.225142 0.249061 0.273971 0.299716 0.326123 0.353005 0.380166 0.407403 0.434511 0.461288 0.487536 0.51307 0.537715 0.56131 0.583713 0.604797 0.624456 0.642598 0.659152 0.674057 0.687272 0.698763 0.708507 0.716491 0.722705 0.727143 0.729803 0.730684 0.729785 0.727105 0.722645 0.716407 0.708396 0.698619 0.687092 0.673837 0.658887 0.642287 0.624095 0.604385 0.58325 0.560799 0.537159 0.512475 0.486909 0.460635 0.433844 0.406732 0.379502 0.35236 0.325507 0.29914 0.273444 0.248591 0.224734 0.202008 0.180523 0.160367 0.141603 0.124268 0.108378 0.0939268 0.0808866 0.069213 0.0588472 0.0497182 0.0417468 0.0348481 0.0289348 0.0239197 0.0197186 0.016252 0.0134476 0.0112417 0.00958028 0.0084205 0.00773194 
0.0080583 0.00828233 0.00898943 0.0102008 0.0119498 0.0142823 0.0172559 0.0209382 0.0254059 0.0307429 0.0370379 0.0443819 0.052866 0.0625778 0.0735983 0.0859987 0.0998374 0.115156 0.131978 0.150304 0.170112 0.191353 0.213955 0.237819 0.262822 0.288816 0.315636 0.343098 0.371004 0.399148 0.427316 0.455298 0.482884 0.509872 0.536073 0.56131 0.585424 0.608273 0.629735 0.649707 0.668103 0.684858 0.699919 0.71325 0.724826 0.73463 0.742654 0.748893 0.753348 0.756018 0.756903 0.756004 0.75332 0.748848 0.742588 0.734539 0.724706 0.713096 0.699726 0.68462 0.667817 0.649368 0.629343 0.607826 0.584924 0.56076 0.535477 0.509238 0.482219 0.454612 0.42662 0.398453 0.370324 0.342443 0.315019 0.288246 0.262307 0.237368 0.213573 0.191043 0.169875 0.150139 0.131882 0.115125 0.0998639 0.0860759 0.0737181 0.0627316 0.0530452 0.0445778 0.0372423 0.0309484 0.0256056 0.0211261 0.017427 0.0144324 0.0120754 0.0102994 0.00905928 0.00832305 
0.0086309 0.00887005 0.00962356 0.0109137 0.0127754 0.0152569 0.0184183 0.0223304 0.0270732 0.0327338 0.0394044 0.0471791 0.0561517 0.0664116 0.0780412 0.0911121 0.105682 0.12179 0.139456 0.158676 0.179421 0.201637 0.225242 0.250127 0.276159 0.303181 0.331015 0.359467 0.388329 0.417384 0.446411 0.475193 0.503512 0.531164 0.557957 0.583713 0.608273 0.631499 0.653272 0.673493 0.692085 0.708986 0.724153 0.737557 0.749178 0.759008 0.767045 0.773289 0.777744 0.780414 0.781301 0.780406 0.777726 0.773258 0.766998 0.758941 0.749084 0.737431 0.723989 0.708778 0.691827 0.673182 0.652904 0.631073 0.607789 0.583173 0.557366 0.530529 0.502839 0.474493 0.445696 0.416664 0.387618 0.358778 0.33036 0.302571 0.275604 0.249635 0.22482 0.201289 0.179148 0.158478 0.13933 0.121732 0.105686 0.0911715 0.078147 0.0665549 0.0563236 0.0473707 0.0396069 0.0329393 0.0272743 0.0225208 0.0185924 0.0154101 0.012904 0.0110149 0.00969545 0.00891211 
0.00919565 0.00944964 0.0102486 0.0116158 0.0135879 0.0162151 0.0195599 0.0236962 0.0287071 0.0346829 0.0417187 0.0499117 0.0593578 0.0701484 0.0823668 0.0960846 0.111358 0.128224 0.146699 0.166774 0.188415 0.211558 0.236115 0.261966 0.288968 0.316954 0.345735 0.375108 0.404853 0.434746 0.464559 0.494064 0.523042 0.551283 0.578594 0.604797 0.629735 0.653272 0.675293 0.695706 0.714438 0.731436 0.746665 0.7601 0.771733 0.781559 0.789584 0.795814 0.800257 0.80292 0.803806 0.802917 0.80025 0.7958 0.789558 0.781517 0.771667 0.760005 0.746532 0.731261 0.714212 0.695425 0.674953 0.65287 0.629271 0.604273 0.578013 0.550651 0.522366 0.493355 0.463828 0.434006 0.404116 0.374388 0.345046 0.316307 0.288375 0.261435 0.235654 0.211173 0.188107 0.166544 0.146545 0.128141 0.111341 0.0961258 0.0824582 0.0702809 0.059522 0.0500983 0.0419186 0.0348877 0.0289091 0.0238885 0.0197365 0.016371 0.0137192 0.0117194 0.0103224 0.00949295 
0.00974634 0.0100147 0.0108578 0.0122996 0.0143784 0.0171464 0.0206685 0.0250213 0.0302907 0.03657 0.0439573 0.0525521 0.0624526 0.0737517 0.0865332 0.100869 0.116813 0.1344 0.153643 0.174529 0.197015 0.221032 0.246482 0.273237 0.301145 0.330027 0.359686 0.389906 0.420462 0.451118 0.481639 0.511794 0.541356 0.570115 0.597873 0.624456 0.649707 0.673493 0.695706 0.716257 0.735082 0.752133 0.767384 0.780817 0.792431 0.802229 0.810222 0.816423 0.820842 0.82349 0.824373 0.823492 0.820846 0.816424 0.810218 0.802212 0.792394 0.780753 0.767285 0.751992 0.73489 0.716009 0.695397 0.67312 0.649267 0.623951 0.597306 0.56949 0.540682 0.51108 0.480897 0.450361 0.419703 0.38916 0.358966 0.329347 0.300517 0.272671 0.245985 0.220611 0.196673 0.174267 0.153461 0.134292 0.116774 0.100892 0.0866102 0.073873 0.0626088 0.0527333 0.0441542 0.0367737 0.030493 0.0252149 0.0208472 0.0173047 0.0145121 0.0124053 0.0109332 0.0100592 
