1.33928e-06 1.39372e-06 1.63576e-06 2.09056e-06 2.8025e-06 3.83818e-06 5.28989e-06 7.27986e-06 9.96557e-06 1.35457e-05 1.82668e-05 2.44301e-05 3.23989e-05 4.2605e-05 5.55548e-05 7.18342e-05 9.21106e-05 0.000117134 0.000147733 0.000184807 0.000229317 0.000282267 0.000344683 0.000417583 0.000501951 0.000598694 0.000708605 0.00083232 0.000970274 0.00112266 0.00128938 0.00147003 0.00166384 0.00186971 0.00208613 0.00231123 0.00254279 0.00277827 0.00301483 0.00324942 0.00347879 0.00369962 0.00390858 0.00410236 0.00427783 0.00443209 0.00456251 0.00466685 0.0047433 0.0047905 0.00480764 0.00479441 0.00475107 0.00467838 0.00457764 0.00445063 0.00429955 0.00412696 0.00393576 0.00372906 0.00351011 0.00328225 0.0030488 0.00281298 0.00257787 0.00234631 0.00212086 0.00190377 0.00169693 0.00150188 0.00131977 0.00115139 0.000997212 0.000857352 0.000731665 0.000619753 0.000521016 0.000434694 0.000359905 0.000295692 0.000241052 0.000194975 0.000156464 0.000124566 9.83794e-05 7.70743e-05 5.98956e-05 4.61678e-05 3.52964e-05 2.67645e-05 2.01296e-05 1.50175e-05 1.11163e-05 8.1691e-06 5.96759e-06 4.34537e-06 3.17201e-06 2.34782e-06 1.79935e-06 1.47653e-06 
1.39372e-06 1.45084e-06 1.70386e-06 2.17916e-06 2.92324e-06 4.0059e-06 5.52382e-06 7.60508e-06 1.04147e-05 1.41609e-05 1.9102e-05 2.55536e-05 3.38965e-05 4.4583e-05 5.81435e-05 7.51916e-05 9.64261e-05 0.000122632 0.000154676 0.000193499 0.000240106 0.000295546 0.000360888 0.000437197 0.000525497 0.000626732 0.000741727 0.000871141 0.00101542 0.00117476 0.00134906 0.00153787 0.00174041 0.00195549 0.00218154 0.00241662 0.00265839 0.0029042 0.00315109 0.00339587 0.00363517 0.00386551 0.00408342 0.00428549 0.00446843 0.00462923 0.00476515 0.00487388 0.00495353 0.00500269 0.0050205 0.00500667 0.00496144 0.00488562 0.00478057 0.00464811 0.00449055 0.00431057 0.00411115 0.00389553 0.00366713 0.00342939 0.00318578 0.00293967 0.00269426 0.0024525 0.00221709 0.00199037 0.00177432 0.00157053 0.00138024 0.00120426 0.0010431 0.000896873 0.000765447 0.000648407 0.000545131 0.000454829 0.000376583 0.000309395 0.000252219 0.000203999 0.000163697 0.000130314 0.000102909 8.06125e-05 6.26356e-05 4.82712e-05 3.68968e-05 2.79715e-05 2.10317e-05 1.56859e-05 1.16072e-05 8.52667e-06 6.22621e-06 4.53159e-06 3.30624e-06 2.4458e-06 1.87342e-06 1.53666e-06 
1.63576e-06 1.70386e-06 2.00145e-06 2.55936e-06 3.43188e-06 4.70041e-06 6.47755e-06 8.91233e-06 1.21965e-05 1.65716e-05 2.2337e-05 2.98581e-05 3.95745e-05 5.20079e-05 6.77691e-05 8.75631e-05 0.000112192 0.000142553 0.000179637 0.000224516 0.000278332 0.000342273 0.00041755 0.000505359 0.000606849 0.000723073 0.000854944 0.00100318 0.00116826 0.00135038 0.00154937 0.0017647 0.00199545 0.00224025 0.00249728 0.00276432 0.00303872 0.00331747 0.00359721 0.00387434 0.00414507 0.00440549 0.0046517 0.00487987 0.00508633 0.0052677 0.00542094 0.00554345 0.00563312 0.00568841 0.00570834 0.00569259 0.00564144 0.0055558 0.00543716 0.00528759 0.00510965 0.00490633 0.00468098 0.00443724 0.00417891 0.00390988 0.00363404 0.00335519 0.00307693 0.00280262 0.0025353 0.00227762 0.00203186 0.00179985 0.00158299 0.00138226 0.00119824 0.00103112 0.000880753 0.000746711 0.000628311 0.000524676 0.000434785 0.000357516 0.000291693 0.000236124 0.000189632 0.000151083 0.000119405 9.3608e-05 7.27885e-05 5.61373e-05 4.29402e-05 3.25756e-05 2.451e-05 1.82918e-05 1.35439e-05 9.95533e-06 7.27369e-06 5.29708e-06 3.86714e-06 2.8627e-06 2.19451e-06 1.80167e-06 
2.09056e-06 2.17916e-06 2.55936e-06 3.27011e-06 4.37985e-06 5.99098e-06 8.24488e-06 1.13284e-05 1.54812e-05 2.1005e-05 2.82725e-05 3.77376e-05 4.99451e-05 6.55399e-05 8.52747e-05 0.000110016 0.000140746 0.000178562 0.000224669 0.000280369 0.000347041 0.000426114 0.000519039 0.000627241 0.000752079 0.00089479 0.00105643 0.00123782 0.00143948 0.00166158 0.00190387 0.00216564 0.00244572 0.0027424 0.00305347 0.00337619 0.00370738 0.00404338 0.00438017 0.00471344 0.00503866 0.00535119 0.00564638 0.0059197 0.00616683 0.00638375 0.0065669 0.0067132 0.00682019 0.00688604 0.00690963 0.00689056 0.00682917 0.00672653 0.00658442 0.00640526 0.00619207 0.00594838 0.00567817 0.00538572 0.00507554 0.00475226 0.0044205 0.00408479 0.00374944 0.00341847 0.00309556 0.00278391 0.00248628 0.00220492 0.00194157 0.00169746 0.00147333 0.00126948 0.00108578 0.000921765 0.000776657 0.00064944 0.000538915 0.000443754 0.000362557 0.000293896 0.000236356 0.000188569 0.000149236 0.000117154 9.12207e-05 7.04471e-05 5.39571e-05 4.09866e-05 3.08781e-05 2.30736e-05 1.71059e-05 1.25893e-05 9.20976e-06 6.71577e-06 4.90965e-06 3.64e-06 2.79512e-06 2.29879e-06 
2.8025e-06 2.92324e-06 3.43188e-06 4.37985e-06 5.85724e-06 7.99856e-06 1.09892e-05 1.50734e-05 2.05642e-05 2.78542e-05 3.74272e-05 4.9871e-05 6.58888e-05 8.63106e-05 0.000112102 0.000144371 0.00018437 0.000233491 0.000293259 0.000365312 0.000451381 0.000553248 0.000672713 0.000811535 0.000971374 0.00115373 0.00135986 0.00159072 0.00184688 0.00212847 0.00243508 0.00276576 0.00311892 0.00349239 0.00388332 0.00428826 0.00470318 0.00512351 0.00554426 0.00596007 0.00636534 0.00675435 0.00712139 0.00746089 0.00776758 0.00803655 0.00826346 0.00844457 0.00857686 0.00865814 0.00868704 0.00866309 0.0085867 0.00845918 0.00828269 0.00806019 0.00779537 0.00749253 0.00715652 0.0067926 0.0064063 0.0060033 0.00558932 0.00516992 0.00475047 0.00433597 0.00393099 0.00353959 0.00316523 0.00281078 0.00247848 0.00216994 0.00188617 0.00162762 0.00139421 0.00118544 0.00100039 0.000837854 0.000696378 0.000574338 0.000470008 0.000381618 0.000307404 0.000245651 0.000194728 0.000153113 0.000119411 9.23652e-05 7.08569e-05 5.39085e-05 4.06764e-05 3.04423e-05 2.26036e-05 1.66611e-05 1.22076e-05 8.9163e-06 6.52971e-06 4.85033e-06 3.73229e-06 3.07593e-06 
3.83818e-06 4.0059e-06 4.70041e-06 5.99098e-06 7.99856e-06 1.09034e-05 1.49533e-05 2.04743e-05 2.78827e-05 3.76998e-05 5.05662e-05 6.72574e-05 8.8699e-05 0.00011598 0.000150363 0.000193291 0.00024639 0.00031146 0.000390467 0.000485512 0.000598801 0.0007326 0.00088918 0.00107074 0.00127936 0.00151686 0.00178478 0.00208423 0.00241584 0.00277964 0.003175 0.0036006 0.00405431 0.00453325 0.00503373 0.00555129 0.00608076 0.00661634 0.00715168 0.00768002 0.00819431 0.00868738 0.00915209 0.0095815 0.00996903 0.0103086 0.0105948 0.0108231 0.0109897 0.0110918 0.0111279 0.0110973 0.0110005 0.0108392 0.0106161 0.0103348 0.00999983 0.00961664 0.00919121 0.00873009 0.00824018 0.0077286 0.00720248 0.00666887 0.0061345 0.00560573 0.00508836 0.00458757 0.00410784 0.00365288 0.00322563 0.00282824 0.0024621 0.00212789 0.00182562 0.00155473 0.00131417 0.00110247 0.000917836 0.000758254 0.000621561 0.000505523 0.000407902 0.000326512 0.000259264 0.000204201 0.000159522 0.000123597 9.49732e-05 7.23755e-05 5.46999e-05 4.10043e-05 3.04954e-05 2.25149e-05 1.65242e-05 1.20899e-05 8.87017e-06 6.60211e-06 5.09134e-06 4.20497e-06 
5.28989e-06 5.52382e-06 6.47755e-06 8.24488e-06 1.09892e-05 1.49533e-05 2.04706e-05 2.79784e-05 3.80344e-05 5.13341e-05 6.87307e-05 9.12539e-05 0.000120129 0.000156792 0.000202905 0.000260359 0.000331275 0.000417998 0.000523071 0.000649204 0.000799231 0.000976042 0.00118252 0.00142143 0.00169537 0.00200659 0.00235694 0.00274773 0.00317961 0.00365248 0.0041654 0.00471649 0.00530292 0.00592084 0.00656544 0.00723093 0.00791067 0.0085972 0.00928243 0.00995778 0.0106143 0.011243 0.0118349 0.0123813 0.0128739 0.0133052 0.0136685 0.0139579 0.0141689 0.014298 0.0143433 0.014304 0.0141808 0.0139756 0.0136919 0.0133341 0.012908 0.0124203 0.0118785 0.0112907 0.0106657 0.0100124 0.00933974 0.0086567 0.00797181 0.00729315 0.00662816 0.0059835 0.00536497 0.00477741 0.00422468 0.00370968 0.00323433 0.00279962 0.00240573 0.00205206 0.00173737 0.0014599 0.00121743 0.00100744 0.000827217 0.000673924 0.000544704 0.000436756 0.000347389 0.000274071 0.000214464 0.000166444 0.00012811 9.77891e-05 7.40284e-05 5.55841e-05 4.14062e-05 3.06207e-05 2.25108e-05 1.64987e-05 1.21273e-05 9.04466e-06 6.99009e-06 5.78529e-06 
7.27986e-06 7.60508e-06 8.91233e-06 1.13284e-05 1.50734e-05 2.04743e-05 2.79784e-05 3.81719e-05 5.17998e-05 6.97896e-05 9.32754e-05 0.000123622 0.000162449 0.00021165 0.000273403 0.000350186 0.000444764 0.000560181 0.000699725 0.000866886 0.00106529 0.00129863 0.00157054 0.0018845 0.00224374 0.00265102 0.00310858 0.0036179 0.00417966 0.00479352 0.00545808 0.00617076 0.00692774 0.00772395 0.0085531 0.00940771 0.0102792 0.0111581 0.012034 0.0128962 0.0137332 0.0145339 0.0152868 0.015981 0.0166064 0.0171535 0.0176138 0.0179804 0.0182473 0.0184105 0.0184673 0.018417 0.0182603 0.0179997 0.0176394 0.0171851 0.0166438 0.0160239 0.0153348 0.0145866 0.0137903 0.0129571 0.0120983 0.0112251 0.0103484 0.00947843 0.00862476 0.00779592 0.00699938 0.00624147 0.00552727 0.00486063 0.0042442 0.00367944 0.00316674 0.00270551 0.00229434 0.00193107 0.00161301 0.00133701 0.00109967 0.000897394 0.000726546 0.000583542 0.00046492 0.000367412 0.000287984 0.000223873 0.000172597 0.000131964 0.000100062 7.5254e-05 5.615e-05 4.1592e-05 3.06274e-05 2.24865e-05 1.65591e-05 1.23746e-05 9.58405e-06 7.9484e-06 
9.96557e-06 1.04147e-05 1.21965e-05 1.54812e-05 2.05642e-05 2.78827e-05 3.80344e-05 5.17998e-05 7.01695e-05 9.43733e-05 0.000125911 0.000166581 0.000218513 0.000284187 0.00036645 0.000468523 0.000593993 0.000746788 0.000931138 0.00115151 0.00141252 0.00171883 0.00207503 0.00248546 0.00295409 0.00348429 0.0040787 0.00473903 0.00546586 0.00625855 0.00711504 0.0080318 0.00900374 0.0100242 0.0110851 0.0121767 0.0132881 0.0144071 0.0155209 0.0166155 0.017677 0.018691 0.0196435 0.0205209 0.0213105 0.0220007 0.0225809 0.0230426 0.0233785 0.0235835 0.0236545 0.0235905 0.0233924 0.0230633 0.0226084 0.0220347 0.0213509 0.0205673 0.0196956 0.0187485 0.0177395 0.0166826 0.0155919 0.0144817 0.0133654 0.0122562 0.0111661 0.0101061 0.00908571 0.00811317 0.00719512 0.00633668 0.00554143 0.00481148 0.00414756 0.00354916 0.00301465 0.00254149 0.0021264 0.0017655 0.00145452 0.00118896 0.000964219 0.000775733 0.000619078 0.000490055 0.000384754 0.000299595 0.000231356 0.000177178 0.000134565 0.000101367 7.57563e-05 5.62064e-05 4.1458e-05 3.04908e-05 2.24947e-05 1.68437e-05 1.30728e-05 1.08634e-05 
1.35457e-05 1.41609e-05 1.65716e-05 2.1005e-05 2.78542e-05 3.76998e-05 5.13341e-05 6.97896e-05 9.43733e-05 0.000126704 0.000168749 0.000222864 0.000291826 0.00037886 0.000487656 0.000622375 0.00078763 0.000988454 0.00123024 0.00151867 0.00185956 0.00225877 0.00272201 0.00325465 0.00386153 0.00454672 0.00531329 0.00616312 0.00709664 0.0081127 0.0092084 0.0103789 0.0116176 0.0129158 0.0142629 0.0156468 0.0170534 0.0184675 0.0198728 0.0212521 0.0225878 0.0238622 0.025058 0.0261584 0.0271477 0.0280117 0.0287375 0.0293144 0.0297339 0.0299896 0.0300777 0.0299969 0.0297485 0.0293362 0.0287664 0.0280475 0.0271904 0.0262077 0.0251136 0.0239238 0.0226551 0.0213246 0.0199501 0.0185491 0.0171386 0.0157349 0.0143533 0.0130077 0.0117102 0.0104714 0.00930001 0.00820265 0.00718418 0.00624756 0.00539403 0.00462322 0.00393336 0.00332148 0.00278361 0.00231502 0.00191045 0.00156428 0.00127073 0.00102405 0.000818617 0.000649092 0.000510466 0.000398142 0.000307963 0.000236232 0.000179708 0.000135592 0.000101499 7.54285e-05 5.57288e-05 4.10572e-05 3.03456e-05 2.27672e-05 1.77071e-05 1.47434e-05 
1.82668e-05 1.9102e-05 2.2337e-05 2.82725e-05 3.74272e-05 5.05662e-05 6.87307e-05 9.32754e-05 0.000125911 0.000168749 0.000224351 0.000295776 0.000386613 0.000501024 0.000643749 0.000820115 0.00103601 0.00129781 0.00161236 0.00198677 0.00242834 0.00294436 0.00354185 0.0042274 0.00500683 0.00588496 0.00686532 0.00794988 0.0091388 0.0104302 0.0118201 0.0133019 0.0148671 0.0165043 0.0182003 0.0199394 0.0217042 0.0234757 0.0252333 0.026956 0.028622 0.0302096 0.0316975 0.0330652 0.0342937 0.0353656 0.0362653 0.03698 0.0374992 0.0378152 0.0379236 0.0378227 0.037514 0.0370022 0.0362949 0.0354023 0.0343377 0.0331161 0.0317552 0.030274 0.0286927 0.0270328 0.0253157 0.0235631 0.0217963 0.0200353 0.0182994 0.0166058 0.01497 0.0134055 0.0119234 0.0105324 0.00923889 0.00804708 0.00695885 0.00597414 0.00509108 0.00430625 0.00361496 0.0030115 0.00248942 0.00204179 0.00166144 0.00134118 0.00107394 0.000852976 0.000671931 0.00052495 0.000406721 0.0003125 0.000238116 0.000179954 0.000134925 0.000100434 7.4327e-05 5.48538e-05 4.06172e-05 3.05338e-05 2.37967e-05 1.98522e-05 
2.44301e-05 2.55536e-05 2.98581e-05 3.77376e-05 4.9871e-05 6.72574e-05 9.12539e-05 0.000123622 0.000166581 0.000222864 0.000295776 0.000389248 0.000507889 0.000657012 0.000842657 0.00107158 0.00135121 0.0016896 0.00209528 0.00257714 0.00314421 0.00380543 0.0045694 0.00544405 0.00643632 0.00755183 0.00879454 0.0101664 0.0116671 0.0132938 0.0150409 0.0169 0.0188597 0.0209058 0.0230213 0.0251868 0.0273806 0.0295789 0.0317567 0.0338881 0.0359465 0.0379055 0.0397392 0.0414231 0.0429341 0.0442512 0.0453559 0.0462327 0.0468691 0.0472561 0.0473881 0.0472634 0.0468836 0.0462545 0.045385 0.0442875 0.0429777 0.041474 0.0397974 0.0379707 0.0360187 0.0339671 0.0318422 0.0296704 0.0274776 0.0252889 0.0231277 0.0210156 0.0189721 0.017014 0.0151556 0.013408 0.0117799 0.0102767 0.00890146 0.00765448 0.00653394 0.005536 0.00465518 0.00388468 0.00321671 0.00264282 0.0021542 0.00174192 0.00139721 0.00111161 0.00087715 0.000686428 0.000532718 0.000409986 0.000312912 0.000236866 0.000177888 0.000132631 9.83198e-05 7.26868e-05 5.3921e-05 4.06149e-05 3.17189e-05 2.6512e-05 
3.23989e-05 3.38965e-05 3.95745e-05 4.99451e-05 6.58888e-05 8.8699e-05 0.000120129 0.000162449 0.000218513 0.000291826 0.000386613 0.000507889 0.000661506 0.000854194 0.00109357 0.00138814 0.00174718 0.00218074 0.00269939 0.00331407 0.00403587 0.00487567 0.00584382 0.00694979 0.00820171 0.00960604 0.0111671 0.0128866 0.0147636 0.0167938 0.0189697 0.0212804 0.0237112 0.0262442 0.0288582 0.0315291 0.0342299 0.0369319 0.0396044 0.0422159 0.0447343 0.047128 0.0493659 0.0514186 0.0532587 0.0548611 0.0562041 0.0572692 0.0580416 0.0585107 0.0586701 0.0585175 0.0580551 0.0572895 0.0562313 0.0548954 0.0533001 0.0514673 0.049422 0.0471916 0.0448054 0.0422944 0.0396902 0.0370248 0.0343296 0.0316349 0.0289697 0.0263604 0.0238313 0.0214034 0.0190946 0.0169193 0.0148886 0.0130099 0.0112875 0.00972256 0.00831334 0.00705566 0.00594326 0.00496812 0.00412098 0.00339163 0.00276934 0.0022432 0.00180239 0.00143643 0.00113539 0.000890017 0.000691878 0.000533366 0.000407752 0.000309167 0.000232568 0.000173687 0.000128972 9.55142e-05 7.0986e-05 5.35745e-05 4.19262e-05 3.51101e-05 
4.2605e-05 4.4583e-05 5.20079e-05 6.55399e-05 8.63106e-05 0.00011598 0.000156792 0.00021165 0.000284187 0.00037886 0.000501024 0.000657012 0.000854194 0.00110102 0.001407 0.00178272 0.0022397 0.00279031 0.00344754 0.00422476 0.00513537 0.00619248 0.00740842 0.00879432 0.0103596 0.0121115 0.0140545 0.01619 0.018516 0.0210264 0.0237112 0.0265562 0.029543 0.0326491 0.0358482 0.0391107 0.0424039 0.0456927 0.0489402 0.0521086 0.0551596 0.0580554 0.0607594 0.0632367 0.065455 0.0673851 0.0690013 0.0702821 0.0712102 0.0717732 0.0719636 0.071779 0.0712218 0.0702996 0.069025 0.0674152 0.0654918 0.0632805 0.0608105 0.0581141 0.0552261 0.0521832 0.0490229 0.0457835 0.0425027 0.0392171 0.0359617 0.0327689 0.0296684 0.0266861 0.0238445 0.0211618 0.0186521 0.0163256 0.0141881 0.0122418 0.0104855 0.00891461 0.00752222 0.00629902 0.0052341 0.00431529 0.00352971 0.0028641 0.00230528 0.00184038 0.00145718 0.00114422 0.000890994 0.000688018 0.000526859 0.00040014 0.0003015 0.000225543 0.000167762 0.000124459 9.26697e-05 7.00782e-05 5.49543e-05 4.61065e-05 
5.55548e-05 5.81435e-05 6.77691e-05 8.52747e-05 0.000112102 0.000150363 0.000202905 0.000273403 0.00036645 0.000487656 0.000643749 0.000842657 0.00109357 0.001407 0.00179473 0.00226979 0.00284635 0.0035395 0.00436504 0.00533909 0.00647775 0.00779659 0.00931012 0.0110313 0.0129707 0.0151364 0.0175329 0.0201608 0.0230166 0.026092 0.0293738 0.0328439 0.0364792 0.0402519 0.0441298 0.0480767 0.0520533 0.0560173 0.0599249 0.0637311 0.0673907 0.0708592 0.0740936 0.0770534 0.0797009 0.0820021 0.0839274 0.0854519 0.0865558 0.0872248 0.0874502 0.0872291 0.0865645 0.0854653 0.0839457 0.0820258 0.0797303 0.0770892 0.0741363 0.0709093 0.0674488 0.0637976 0.0600003 0.0561018 0.052147 0.0481795 0.0442413 0.0403717 0.0366064 0.0329776 0.0295128 0.0262349 0.023162 0.0203071 0.0176785 0.0152799 0.0131105 0.011166 0.00943864 0.00791783 0.00659091 0.00544357 0.00446047 0.00362573 0.00292343 0.00233795 0.00185435 0.0014586 0.00113774 0.000880038 0.000675034 0.000513532 0.000387585 0.000290427 0.000216391 0.00016082 0.000119966 9.09002e-05 7.14285e-05 6.00397e-05 
7.18342e-05 7.51916e-05 8.75631e-05 0.000110016 0.000144371 0.000193291 0.000260359 0.000350186 0.000468523 0.000622375 0.000820115 0.00107158 0.00138814 0.00178272 0.00226979 0.00286528 0.0035864 0.00445141 0.00547931 0.00668937 0.00810068 0.00973153 0.0115988 0.0137172 0.0160988 0.0187519 0.021681 0.0248854 0.0283597 0.0320926 0.036067 0.0402601 0.0446432 0.0491822 0.053838 0.0585672 0.0633226 0.0680542 0.0727101 0.0772376 0.0815837 0.0856969 0.0895272 0.093028 0.0961558 0.0988718 0.101142 0.102938 0.104238 0.105025 0.105289 0.105027 0.104243 0.102946 0.101153 0.0988864 0.0961748 0.0930523 0.0895576 0.0857342 0.0816288 0.0772913 0.0727733 0.0681274 0.0634062 0.0586614 0.0539427 0.0492971 0.0447677 0.0403934 0.036208 0.0322398 0.0285116 0.0250403 0.0218369 0.0189073 0.0162517 0.013866 0.0117419 0.00986771 0.00822878 0.00680852 0.00558889 0.00455108 0.00367604 0.00294502 0.00233994 0.00184374 0.00144063 0.00111622 0.000857649 0.000653554 0.000494093 0.000370859 0.000276794 0.000206075 0.000154012 0.000116929 9.20687e-05 7.75313e-05 
9.21106e-05 9.64261e-05 0.000112192 0.000140746 0.00018437 0.00024639 0.000331275 0.000444764 0.000593993 0.00078763 0.00103601 0.00135121 0.00174718 0.0022397 0.00284635 0.0035864 0.00448058 0.00555077 0.00681958 0.0083098 0.0100438 0.0120429 0.0143263 0.0169107 0.0198092 0.0230306 0.0265785 0.0304507 0.0346391 0.0391286 0.0438975 0.0489173 0.0541527 0.0595625 0.0650995 0.0707121 0.0763444 0.0819377 0.0874313 0.092764 0.0978747 0.102704 0.107195 0.111294 0.114952 0.118126 0.120776 0.122871 0.124386 0.125302 0.125608 0.125301 0.124385 0.122871 0.120777 0.118129 0.114958 0.111303 0.107209 0.102724 0.097902 0.0927998 0.0874768 0.0819939 0.0764121 0.070792 0.0651918 0.0596672 0.0542695 0.0490454 0.0440359 0.039276 0.0347938 0.0306109 0.0267421 0.0231957 0.0199737 0.0170725 0.0144835 0.0121938 0.010187 0.00844404 0.00694397 0.00566471 0.00458374 0.00367873 0.00292805 0.00231117 0.00180899 0.00140404 0.00108063 0.000824859 0.000624652 0.000469649 0.000351129 0.000261883 0.000196087 0.000149168 0.000117692 9.92886e-05 
0.000117134 0.000122632 0.000142553 0.000178562 0.000233491 0.00031146 0.000417998 0.000560181 0.000746788 0.000988454 0.00129781 0.0016896 0.00218074 0.00279031 0.0035395 0.00445141 0.00555077 0.00686353 0.00841632 0.0102358 0.012348 0.0147772 0.0175453 0.0206707 0.0241675 0.0280443 0.0323036 0.036941 0.0419449 0.0472957 0.0529659 0.0589203 0.0651161 0.0715037 0.0780271 0.0846252 0.0912326 0.0977812 0.104201 0.110421 0.116372 0.121986 0.1272 0.131952 0.136188 0.139858 0.142921 0.14534 0.147087 0.148143 0.148495 0.14814 0.147081 0.145331 0.14291 0.139847 0.136177 0.131942 0.127193 0.121984 0.116376 0.110433 0.104223 0.0978143 0.0912783 0.0846844 0.0781006 0.0715918 0.0652189 0.0590373 0.0530963 0.0474382 0.0420979 0.0371026 0.0324715 0.0282163 0.0243412 0.0208438 0.0177153 0.0149421 0.012506 0.0103852 0.00855589 0.00699234 0.00566822 0.00455723 0.00363372 0.00287321 0.00225282 0.00175153 0.00135038 0.00103251 0.000783227 0.000589874 0.000441775 0.000330077 0.000247609 0.000188735 0.00014921 0.000126104 
0.000147733 0.000154676 0.000179637 0.000224669 0.000293259 0.000390467 0.000523071 0.000699725 0.000931138 0.00123024 0.00161236 0.00209528 0.00269939 0.00344754 0.00436504 0.00547931 0.00681958 0.00841632 0.0103006 0.0125033 0.0150542 0.0179809 0.0213078 0.025055 0.0292369 0.0338619 0.0389305 0.0444355 0.0503606 0.0566809 0.0633621 0.0703612 0.0776267 0.0850995 0.0927137 0.100398 0.108076 0.115671 0.123101 0.130286 0.137148 0.143612 0.149605 0.155059 0.159915 0.164119 0.167622 0.170387 0.172383 0.173588 0.173989 0.173581 0.17237 0.170368 0.167598 0.16409 0.159884 0.155027 0.149573 0.143584 0.137125 0.13027 0.123093 0.115675 0.108094 0.10043 0.0927616 0.0851643 0.0777089 0.0704607 0.0634783 0.0568127 0.0505066 0.0445936 0.0390985 0.0340372 0.0294169 0.0252368 0.0214889 0.0181586 0.0152262 0.0126675 0.0104554 0.00856032 0.00695188 0.00559935 0.00447262 0.00354278 0.00278267 0.00216722 0.00167372 0.00128192 0.000974069 0.000734852 0.000551303 0.000412646 0.000310128 0.000236854 0.000187628 0.000158854 
0.000184807 0.000193499 0.000224516 0.000280369 0.000365312 0.000485512 0.000649204 0.000866886 0.00115151 0.00151867 0.00198677 0.00257714 0.00331407 0.00422476 0.00533909 0.00668937 0.0083098 0.0102358 0.0125033 0.0151477 0.0182026 0.021699 0.0256637 0.030118 0.0350767 0.0405469 0.0465266 0.0530045 0.0599592 0.067359 0.0751616 0.0833152 0.0917583 0.100421 0.109227 0.118094 0.126934 0.135659 0.144176 0.152398 0.160235 0.167604 0.174426 0.180626 0.186138 0.190903 0.194872 0.198001 0.200258 0.20162 0.202072 0.201609 0.200237 0.19797 0.194832 0.190856 0.186085 0.180568 0.174366 0.167545 0.160179 0.152347 0.144134 0.135627 0.126916 0.118092 0.109243 0.100456 0.0918126 0.08339 0.0752567 0.0674736 0.060092 0.0531535 0.0466895 0.040721 0.0352591 0.0303055 0.0258532 0.0218875 0.0183872 0.0153259 0.0126729 0.010395 0.00845723 0.00682415 0.00546072 0.00433312 0.00340941 0.00265995 0.00205778 0.00157876 0.00120166 0.000908088 0.000682445 0.000511714 0.000385302 0.000294844 0.000234029 0.000198484 
0.000229317 0.000240106 0.000278332 0.000347041 0.000451381 0.000598801 0.000799231 0.00106529 0.00141252 0.00185956 0.00242834 0.00314421 0.00403587 0.00513537 0.00647775 0.00810068 0.0100438 0.012348 0.0150542 0.0182026 0.021831 0.0259733 0.0306587 0.0359093 0.0417397 0.0481547 0.0551492 0.0627069 0.0707998 0.0793882 0.0884209 0.0978357 0.10756 0.117513 0.127606 0.137744 0.147828 0.157758 0.167432 0.17675 0.185616 0.193937 0.201627 0.208605 0.214802 0.220152 0.224603 0.228109 0.230637 0.23216 0.232664 0.232145 0.230607 0.228066 0.224547 0.220084 0.214724 0.20852 0.201536 0.193844 0.185523 0.176661 0.167349 0.157685 0.147769 0.137701 0.127582 0.11751 0.107579 0.0978785 0.0884876 0.0794785 0.0709125 0.0628404 0.0553013 0.0483224 0.0419199 0.0360986 0.0308535 0.0261701 0.0220263 0.0183934 0.0152378 0.0125219 0.0102064 0.00825047 0.00661392 0.00525752 0.00414401 0.00323868 0.0025098 0.00192884 0.0014706 0.00111322 0.000838045 0.000629503 0.000474873 0.000364096 0.000289565 0.000246007 
0.000282267 0.000295546 0.000342273 0.000426114 0.000553248 0.0007326 0.000976042 0.00129863 0.00171883 0.00225877 0.00294436 0.00380543 0.00487567 0.00619248 0.00779659 0.00973153 0.0120429 0.0147772 0.0179809 0.021699 0.0259733 0.0308409 0.0363326 0.042471 0.0492694 0.0567301 0.0648432 0.0735864 0.082924 0.092807 0.103174 0.113951 0.125053 0.136388 0.147852 0.159339 0.170739 0.181937 0.192823 0.203286 0.213222 0.222529 0.231115 0.238895 0.245793 0.251742 0.256685 0.260576 0.263378 0.265066 0.265624 0.265047 0.26334 0.26052 0.256612 0.251653 0.24569 0.238781 0.230992 0.2224 0.213089 0.203155 0.192696 0.181819 0.170633 0.159249 0.147782 0.13634 0.12503 0.113954 0.103205 0.0928656 0.0830096 0.0736977 0.0649781 0.0568856 0.0494423 0.0426575 0.0365287 0.0310427 0.0261769 0.0219006 0.0181771 0.0149651 0.0122201 0.0098963 0.00794755 0.00632887 0.00499722 0.00391227 0.00303699 0.00233796 0.00178554 0.00135391 0.001021 0.000768284 0.000580636 0.00044605 0.000355432 0.000302474 
0.000344683 0.000360888 0.00041755 0.000519039 0.000672713 0.00088918 0.00118252 0.00157054 0.00207503 0.00272201 0.00354185 0.0045694 0.00584382 0.00740842 0.00931012 0.0115988 0.0143263 0.0175453 0.0213078 0.0256637 0.0306587 0.0363326 0.0427175 0.0498358 0.0576986 0.0663045 0.075638 0.0856691 0.0963532 0.107631 0.119428 0.13166 0.144227 0.157023 0.169931 0.182833 0.195604 0.20812 0.220258 0.2319 0.242931 0.253245 0.262742 0.271333 0.278939 0.28549 0.290927 0.295203 0.29828 0.300132 0.300743 0.300108 0.298233 0.295133 0.290836 0.285379 0.27881 0.271189 0.262584 0.253077 0.242757 0.231724 0.220084 0.207952 0.195447 0.182691 0.169809 0.156923 0.144154 0.131616 0.119416 0.10765 0.0964043 0.085751 0.0757487 0.0664414 0.0578584 0.0500143 0.0429106 0.0365357 0.0308673 0.0258736 0.0215149 0.017746 0.0145176 0.0117782 0.00947588 0.00755932 0.00597923 0.00468918 0.00364631 0.00281179 0.00215103 0.0016338 0.00123417 0.000930325 0.000704391 0.000542156 0.000432842 0.00036896 
0.000417583 0.000437197 0.000505359 0.000627241 0.000811535 0.00107074 0.00142143 0.0018845 0.00248546 0.00325465 0.0042274 0.00544405 0.00694979 0.00879432 0.0110313 0.0137172 0.0169107 0.0206707 0.025055 0.030118 0.0359093 0.042471 0.0498358 0.0580249 0.0670464 0.0768938 0.0875447 0.0989603 0.111085 0.123849 0.137164 0.15093 0.165035 0.179358 0.193769 0.208133 0.222316 0.236181 0.249596 0.262432 0.274568 0.285892 0.296299 0.305698 0.314005 0.321151 0.327074 0.331728 0.335075 0.337088 0.337752 0.337061 0.33502 0.331647 0.326968 0.32102 0.313852 0.305524 0.296108 0.285686 0.274352 0.26221 0.249372 0.235961 0.222105 0.207936 0.19359 0.179202 0.164907 0.150833 0.137101 0.123822 0.111095 0.0990056 0.0876244 0.0770055 0.0671868 0.0581899 0.0500208 0.0426712 0.0361195 0.0303333 0.0252706 0.0208825 0.0171148 0.0139106 0.0112115 0.00895976 0.00709931 0.00557719 0.00434422 0.00335561 0.00257135 0.00195633 0.00148031 0.00111782 0.000847889 0.000653842 0.000522994 0.00044653 
0.000501951 0.000525497 0.000606849 0.000752079 0.000971374 0.00127936 0.00169537 0.00224374 0.00295409 0.00386153 0.00500683 0.00643632 0.00820171 0.0103596 0.0129707 0.0160988 0.0198092 0.0241675 0.0292369 0.0350767 0.0417397 0.0492694 0.0576986 0.0670464 0.0773166 0.0884964 0.100555 0.113443 0.127094 0.141423 0.156328 0.171696 0.187397 0.203296 0.219249 0.235107 0.250723 0.26595 0.280645 0.294672 0.307905 0.320226 0.331527 0.341714 0.350704 0.358426 0.36482 0.369838 0.373443 0.375611 0.376324 0.37558 0.373381 0.369746 0.364698 0.358276 0.350528 0.341514 0.331304 0.319984 0.307649 0.294405 0.280372 0.265677 0.250455 0.234851 0.21901 0.20308 0.187209 0.17154 0.156209 0.141343 0.127055 0.113445 0.100597 0.0885762 0.0774313 0.067192 0.0578702 0.0494618 0.0419473 0.035294 0.0294584 0.0243882 0.0200247 0.0163051 0.0131649 0.0105393 0.00836541 0.00658309 0.00513641 0.00397416 0.0030504 0.00232465 0.00176197 0.0013328 0.00101278 0.000782457 0.000627033 0.000536206 
0.000598694 0.000626732 0.000723073 0.00089479 0.00115373 0.00151686 0.00200659 0.00265102 0.00348429 0.00454672 0.00588496 0.00755183 0.00960604 0.0121115 0.0151364 0.0187519 0.0230306 0.0280443 0.0338619 0.0405469 0.0481547 0.0567301 0.0663045 0.0768938 0.0884964 0.101092 0.114639 0.129077 0.144326 0.160286 0.176841 0.193859 0.211197 0.228702 0.246216 0.263579 0.280629 0.297209 0.313169 0.328367 0.342669 0.355956 0.368119 0.379061 0.388702 0.396969 0.403806 0.409167 0.413015 0.415327 0.416088 0.415294 0.412948 0.409066 0.403673 0.396804 0.388506 0.378837 0.367867 0.355681 0.342375 0.328057 0.312849 0.296884 0.280305 0.263264 0.245916 0.228423 0.210945 0.19364 0.17666 0.160147 0.144232 0.129028 0.114636 0.101133 0.0885789 0.0770138 0.0664571 0.0569097 0.0483553 0.0407623 0.0340861 0.0282714 0.0232555 0.0189699 0.0153436 0.012305 0.00978373 0.00771231 0.00602755 0.00467138 0.00359145 0.00274148 0.00208137 0.00157709 0.00120054 0.000929223 0.000746004 0.000638931 
0.000708605 0.000741727 0.000854944 0.00105643 0.00135986 0.00178478 0.00235694 0.00310858 0.0040787 0.00531329 0.00686532 0.00879454 0.0111671 0.0140545 0.0175329 0.021681 0.0265785 0.0323036 0.0389305 0.0465266 0.0551492 0.0648432 0.075638 0.0875447 0.100555 0.114639 0.129744 0.145797 0.162702 0.180343 0.198588 0.217288 0.236283 0.255405 0.274481 0.293336 0.3118 0.329706 0.346895 0.363221 0.378547 0.392752 0.405727 0.417377 0.427623 0.436396 0.443641 0.449315 0.453386 0.45583 0.456634 0.455794 0.453314 0.449208 0.443499 0.436218 0.427412 0.417134 0.405452 0.392449 0.37822 0.362873 0.346531 0.329332 0.311423 0.292963 0.274119 0.255061 0.235965 0.217003 0.198342 0.180141 0.162547 0.145692 0.12969 0.114635 0.100599 0.087633 0.0757658 0.0650048 0.0553382 0.0467362 0.039154 0.0325344 0.0268105 0.0219088 0.017752 0.0142611 0.0113584 0.0089686 0.00702102 0.00545024 0.00419706 0.00320897 0.00244028 0.00185216 0.00141239 0.00109518 0.000880807 0.000755522 
0.00083232 0.000871141 0.00100318 0.00123782 0.00159072 0.00208423 0.00274773 0.0036179 0.00473903 0.00616312 0.00794988 0.0101664 0.0128866 0.01619 0.0201608 0.0248854 0.0304507 0.036941 0.0444355 0.0530045 0.0627069 0.0735864 0.0856691 0.0989603 0.113443 0.129077 0.145797 0.163514 0.182116 0.201471 0.221428 0.241822 0.262474 0.283202 0.303817 0.324134 0.343971 0.363152 0.381515 0.398909 0.415196 0.430254 0.443977 0.456274 0.467068 0.476295 0.483905 0.489858 0.494125 0.496686 0.497529 0.496649 0.494052 0.489748 0.483758 0.476111 0.466847 0.456017 0.443685 0.429929 0.414841 0.398528 0.381113 0.362735 0.343544 0.323706 0.303396 0.282795 0.26209 0.241469 0.221114 0.201202 0.181897 0.163348 0.145687 0.129023 0.113443 0.0990112 0.0857666 0.0737247 0.0628794 0.053204 0.0446545 0.0371724 0.0306875 0.0251213 0.0203903 0.0164087 0.0130908 0.0103537 0.00811861 0.00631244 0.0048688 0.00372851 0.00283995 0.00215907 0.00164926 0.00128112 0.00103215 0.000886631 
0.000970274 0.00101542 0.00116826 0.00143948 0.00184688 0.00241584 0.00317961 0.00417966 0.00546586 0.00709664 0.0091388 0.0116671 0.0147636 0.018516 0.0230166 0.0283597 0.0346391 0.0419449 0.0503606 0.0599592 0.0707998 0.082924 0.0963532 0.111085 0.127094 0.144326 0.162702 0.182116 0.20244 0.223523 0.245195 0.267273 0.289562 0.311863 0.333976 0.355701 0.376849 0.397237 0.4167 0.435083 0.45225 0.468082 0.482477 0.495347 0.506622 0.516244 0.524168 0.53036 0.534794 0.537453 0.538329 0.537417 0.534721 0.530249 0.52402 0.516058 0.506397 0.495084 0.482175 0.467743 0.451876 0.434677 0.416266 0.396782 0.376378 0.355223 0.333499 0.311396 0.289114 0.266853 0.244812 0.223185 0.202153 0.181886 0.162531 0.144216 0.127044 0.111094 0.096415 0.0830339 0.070951 0.0601442 0.0505715 0.0421735 0.0348778 0.0286014 0.0232549 0.0187455 0.01498 0.0118672 0.00932032 0.0072583 0.00560715 0.00430068 0.00328096 0.00249839 0.00191167 0.00148753 0.00120048 0.0010327 
0.00112266 0.00117476 0.00135038 0.00166158 0.00212847 0.00277964 0.00365248 0.00479352 0.00625855 0.0081127 0.0104302 0.0132938 0.0167938 0.0210264 0.026092 0.0320926 0.0391286 0.0472957 0.0566809 0.067359 0.0793882 0.092807 0.107631 0.123849 0.141423 0.160286 0.180343 0.201471 0.223523 0.246328 0.269698 0.293431 0.317316 0.341139 0.364685 0.387746 0.410125 0.431634 0.452104 0.471383 0.489338 0.505852 0.520829 0.53419 0.545871 0.555821 0.564002 0.570387 0.574956 0.577695 0.578597 0.57766 0.574885 0.570281 0.563858 0.555638 0.545648 0.533927 0.520525 0.505507 0.488953 0.470961 0.451648 0.431149 0.409618 0.387226 0.364158 0.340616 0.316807 0.292946 0.269247 0.245921 0.223167 0.201173 0.180108 0.160116 0.141319 0.123809 0.107652 0.0928837 0.0795136 0.0675252 0.0568796 0.0475182 0.0393664 0.0323377 0.0263371 0.0212653 0.0170213 0.013506 0.0106241 0.00828652 0.00641132 0.00492504 0.00376311 0.00287009 0.00219968 0.00171453 0.00138596 0.0011939 
0.00128938 0.00134906 0.00154937 0.00190387 0.00243508 0.003175 0.0041654 0.00545808 0.00711504 0.0092084 0.0118201 0.0150409 0.0189697 0.0237112 0.0293738 0.036067 0.0438975 0.0529659 0.0633621 0.0751616 0.0884209 0.103174 0.119428 0.137164 0.156328 0.176841 0.198588 0.221428 0.245195 0.269698 0.294729 0.320069 0.34549 0.370763 0.395662 0.419969 0.443481 0.466009 0.487382 0.507451 0.526087 0.543181 0.558644 0.572405 0.58441 0.594616 0.602995 0.609526 0.614194 0.616992 0.617915 0.61696 0.614129 0.609427 0.60286 0.594444 0.584197 0.572151 0.558346 0.542839 0.525701 0.507023 0.486913 0.465505 0.442947 0.419413 0.395092 0.37019 0.344925 0.319523 0.294213 0.269223 0.24477 0.221062 0.198286 0.176608 0.156167 0.137072 0.119405 0.103213 0.0885161 0.075305 0.0635449 0.0531789 0.0441314 0.036313 0.0296238 0.0239579 0.0192071 0.0152643 0.0120258 0.00939403 0.00727915 0.00560009 0.00428538 0.00327347 0.00251286 0.00196185 0.00158842 0.00137012 
0.00147003 0.00153787 0.0017647 0.00216564 0.00276576 0.0036006 0.00471649 0.00617076 0.0080318 0.0103789 0.0133019 0.0169 0.0212804 0.0265562 0.0328439 0.0402601 0.0489173 0.0589203 0.0703612 0.0833152 0.0978357 0.113951 0.13166 0.15093 0.171696 0.193859 0.217288 0.241822 0.267273 0.293431 0.320069 0.34695 0.373828 0.400463 0.426617 0.452066 0.476601 0.500033 0.522194 0.542937 0.562141 0.579706 0.595551 0.609618 0.621861 0.63225 0.640764 0.64739 0.652123 0.654958 0.655894 0.65493 0.652066 0.647302 0.640642 0.632092 0.621665 0.60938 0.595268 0.579376 0.561763 0.542512 0.521722 0.499519 0.47605 0.451485 0.426014 0.399848 0.373214 0.346348 0.319492 0.29289 0.26678 0.241387 0.216919 0.193562 0.171474 0.150784 0.131588 0.113948 0.0978968 0.0834319 0.0705245 0.0591205 0.0491444 0.0405045 0.0330965 0.026809 0.0215264 0.0171336 0.0135188 0.0105759 0.00820699 0.00632313 0.00484579 0.00370713 0.00285016 0.00222874 0.0018073 0.0015609 
0.00166384 0.00174041 0.00199545 0.00244572 0.00311892 0.00405431 0.00530292 0.00692774 0.00900374 0.0116176 0.0148671 0.0188597 0.0237112 0.029543 0.0364792 0.0446432 0.0541527 0.0651161 0.0776267 0.0917583 0.10756 0.125053 0.144227 0.165035 0.187397 0.211197 0.236283 0.262474 0.289562 0.317316 0.34549 0.373828 0.402072 0.429966 0.457266 0.48374 0.509178 0.533391 0.556215 0.577511 0.597165 0.615087 0.631211 0.645486 0.657881 0.668377 0.676963 0.683637 0.688399 0.69125 0.692193 0.691227 0.688351 0.683563 0.67686 0.668241 0.657708 0.645272 0.630951 0.614779 0.596806 0.577099 0.555752 0.532878 0.50862 0.483143 0.456638 0.429318 0.401416 0.373177 0.344857 0.316715 0.289005 0.261973 0.235847 0.210835 0.187114 0.164832 0.144104 0.125006 0.107584 0.0918449 0.0777672 0.0653004 0.0543702 0.0448834 0.0367324 0.0298 0.0239643 0.0191024 0.0150942 0.0118254 0.00918963 0.00709024 0.00544143 0.00416886 0.00320998 0.00251397 0.00204163 0.00176544 
0.00186971 0.00195549 0.00224025 0.0027424 0.00349239 0.00453325 0.00592084 0.00772395 0.0100242 0.0129158 0.0165043 0.0209058 0.0262442 0.0326491 0.0402519 0.0491822 0.0595625 0.0715037 0.0850995 0.100421 0.117513 0.136388 0.157023 0.179358 0.203296 0.228702 0.255405 0.283202 0.311863 0.341139 0.370763 0.400463 0.429966 0.459007 0.487332 0.514707 0.540921 0.565787 0.589147 0.610872 0.630856 0.649024 0.66532 0.679709 0.692172 0.702702 0.7113 0.717972 0.722728 0.725575 0.726518 0.725558 0.722693 0.717916 0.711219 0.702592 0.692028 0.679526 0.665092 0.648746 0.630525 0.610484 0.588702 0.565285 0.540366 0.514105 0.48669 0.458335 0.429277 0.39977 0.37008 0.340481 0.311246 0.282637 0.254904 0.228276 0.20295 0.179096 0.156846 0.136294 0.117497 0.100475 0.0852143 0.0716692 0.0597677 0.049416 0.0405036 0.0329087 0.026503 0.0211564 0.0167409 0.0131337 0.0102203 0.00789627 0.00606837 0.00465572 0.00359004 0.00281578 0.00229001 0.00198253 
0.00208613 0.00218154 0.00249728 0.00305347 0.00388332 0.00503373 0.00656544 0.0085531 0.0110851 0.0142629 0.0182003 0.0230213 0.0288582 0.0358482 0.0441298 0.053838 0.0650995 0.0780271 0.0927137 0.109227 0.127606 0.147852 0.169931 0.193769 0.219249 0.246216 0.274481 0.303817 0.333976 0.364685 0.395662 0.426617 0.457266 0.487332 0.516557 0.544704 0.571564 0.596954 0.620724 0.642754 0.662953 0.681257 0.697625 0.712036 0.724485 0.734979 0.743532 0.750158 0.754877 0.7577 0.758636 0.757689 0.754854 0.750122 0.743476 0.7349 0.724375 0.711889 0.697434 0.681017 0.662658 0.642399 0.620307 0.596474 0.571023 0.544107 0.515911 0.486646 0.456552 0.42589 0.394937 0.363978 0.333302 0.303193 0.273918 0.245727 0.218841 0.193449 0.169701 0.147709 0.127547 0.109246 0.0928004 0.0781714 0.0652902 0.0540631 0.0443779 0.0361086 0.0291212 0.0232787 0.0184453 0.0144902 0.0112909 0.00873484 0.0067217 0.00516393 0.00398745 0.00313192 0.0025506 0.0022106 
0.00231123 0.00241662 0.00276432 0.00337619 0.00428826 0.00555129 0.00723093 0.00940771 0.0121767 0.0156468 0.0199394 0.0251868 0.0315291 0.0391107 0.0480767 0.0585672 0.0707121 0.0846252 0.100398 0.118094 0.137744 0.159339 0.182833 0.208133 0.235107 0.263579 0.293336 0.324134 0.355701 0.387746 0.419969 0.452066 0.48374 0.514707 0.544704 0.573495 0.600871 0.626659 0.650716 0.672934 0.693236 0.711572 0.727917 0.742266 0.754628 0.765023 0.773477 0.780017 0.784668 0.78745 0.788375 0.787447 0.784661 0.780002 0.77345 0.764977 0.754556 0.742161 0.727771 0.711377 0.692984 0.67262 0.650335 0.62621 0.600354 0.572913 0.544064 0.514017 0.483012 0.451314 0.41921 0.386997 0.354978 0.323455 0.292715 0.263029 0.23464 0.207755 0.182548 0.159147 0.137641 0.118076 0.100455 0.0847463 0.070886 0.0587817 0.0483195 0.0393703 0.0317948 0.0254497 0.0201918 0.0158826 0.0123915 0.00959838 0.00739559 0.00568897 0.00439871 0.00345962 0.00282113 0.00244766 
0.00254279 0.00265839 0.00303872 0.00370738 0.00470318 0.00608076 0.00791067 0.0102792 0.0132881 0.0170534 0.0217042 0.0273806 0.0342299 0.0424039 0.0520533 0.0633226 0.0763444 0.0912326 0.108076 0.126934 0.147828 0.170739 0.195604 0.222316 0.250723 0.280629 0.3118 0.343971 0.376849 0.410125 0.443481 0.476601 0.509178 0.540921 0.571564 0.600871 0.62864 0.654705 0.678933 0.70123 0.721533 0.739807 0.756045 0.770255 0.782463 0.792703 0.801013 0.807431 0.811989 0.814715 0.815623 0.81472 0.811998 0.807439 0.801016 0.792693 0.782433 0.770196 0.755947 0.739662 0.721331 0.700964 0.678597 0.654295 0.628155 0.600313 0.570938 0.540235 0.508444 0.475833 0.442696 0.409339 0.376082 0.343241 0.311125 0.280023 0.250198 0.221882 0.195265 0.170497 0.147682 0.126878 0.108102 0.091329 0.0765 0.0635247 0.0522891 0.0426611 0.0344971 0.0276477 0.021963 0.0172969 0.0135112 0.0104783 0.00808329 0.00622562 0.00481973 0.00379562 0.00309894 0.00269138 
0.00277827 0.0029042 0.00331747 0.00404338 0.00512351 0.00661634 0.0085972 0.0111581 0.0144071 0.0184675 0.0234757 0.0295789 0.0369319 0.0456927 0.0560173 0.0680542 0.0819377 0.0977812 0.115671 0.135659 0.157758 0.181937 0.20812 0.236181 0.26595 0.297209 0.329706 0.363152 0.397237 0.431634 0.466009 0.500033 0.533391 0.565787 0.596954 0.626659 0.654705 0.680934 0.705228 0.727505 0.747718 0.765848 0.781904 0.795911 0.807909 0.817946 0.826074 0.832339 0.836784 0.83944 0.840328 0.839454 0.836808 0.832371 0.826107 0.817974 0.807922 0.795899 0.781857 0.765757 0.74757 0.727292 0.704942 0.68057 0.654259 0.626132 0.596351 0.565114 0.532659 0.499257 0.465205 0.43082 0.396434 0.362379 0.328981 0.29655 0.265371 0.235693 0.207729 0.181647 0.157568 0.135564 0.115664 0.0978517 0.0820736 0.0682426 0.0562448 0.0459461 0.0371992 0.0298492 0.0237398 0.0187179 0.0146379 0.011365 0.00877734 0.00676802 0.0052459 0.00413625 0.00338097 0.00293907 
0.00301483 0.00315109 0.00359721 0.00438017 0.00554426 0.00715168 0.00928243 0.012034 0.0155209 0.0198728 0.0252333 0.0317567 0.0396044 0.0489402 0.0599249 0.0727101 0.0874313 0.104201 0.123101 0.144176 0.167432 0.192823 0.220258 0.249596 0.280645 0.313169 0.346895 0.381515 0.4167 0.452104 0.487382 0.522194 0.556215 0.589147 0.620724 0.650716 0.678933 0.705228 0.729495 0.751667 0.771712 0.789629 0.805441 0.819191 0.830934 0.840731 0.848645 0.854735 0.85905 0.861628 0.862492 0.861649 0.859091 0.854791 0.84871 0.840797 0.830991 0.819229 0.805448 0.789593 0.771622 0.751511 0.729264 0.704915 0.678533 0.650227 0.62015 0.588494 0.555493 0.521417 0.486567 0.45127 0.415866 0.380705 0.346127 0.312463 0.280015 0.249057 0.219818 0.192486 0.167199 0.144044 0.123061 0.104245 0.0875469 0.0728838 0.0601429 0.0491888 0.0398707 0.0320292 0.0255019 0.0201292 0.0157585 0.0122481 0.00946957 0.00730978 0.00567218 0.00447746 0.00366386 0.00318777 
