7.75796e-05 7.94029e-05 8.61354e-05 9.80496e-05 0.000115584 0.000139361 0.000170188 0.000209061 0.000257161 0.000315856 0.000386695 0.000471402 0.000571864 0.000690114 0.000828307 0.000988695 0.00117359 0.00138531 0.00162616 0.00189834 0.00220392 0.00254473 0.00292234 0.00333796 0.00379238 0.0042859 0.00481826 0.0053886 0.00599541 0.00663649 0.00730893 0.00800909 0.00873265 0.00947459 0.0102293 0.0109905 0.0117515 0.0125051 0.013244 0.0139606 0.0146472 0.0152962 0.0159002 0.0164522 0.0169456 0.0173745 0.0177336 0.0180184 0.0182254 0.018352 0.0183965 0.0183585 0.0182383 0.0180377 0.0177591 0.0174061 0.016983 0.0164951 0.0159483 0.0153492 0.0147047 0.0140221 0.0133092 0.0125734 0.0118223 0.0110634 0.0103038 0.00955018 0.00880875 0.00808517 0.00738449 0.00671104 0.00606848 0.00545977 0.00488714 0.00435214 0.00385569 0.00339809 0.00297908 0.00259794 0.00225351 0.00194426 0.00166841 0.00142393 0.00120866 0.00102033 0.000856655 0.000715336 0.000594142 0.000490928 0.000403665 0.000330469 0.000269608 0.000219525 0.000178839 0.000146349 0.000121042 0.000102089 8.88421e-05 8.08524e-05 
7.94029e-05 8.12749e-05 8.81762e-05 0.000100386 0.000118353 0.000142716 0.000174303 0.000214132 0.000263413 0.000323549 0.000396124 0.000482904 0.000585819 0.00070695 0.000848501 0.00101278 0.00120213 0.00141895 0.00166557 0.00194425 0.00225708 0.00260595 0.00299245 0.0034178 0.00388279 0.00438773 0.00493235 0.00551574 0.00613635 0.00679192 0.00747947 0.00819528 0.0089349 0.00969322 0.0104645 0.0112423 0.0120198 0.0127897 0.0135445 0.0142763 0.0149775 0.0156402 0.0162569 0.0168205 0.0173242 0.0177621 0.0181286 0.0184193 0.0186306 0.0187597 0.0188051 0.0187662 0.0186435 0.0184387 0.0181542 0.0177937 0.0173617 0.0168635 0.0163052 0.0156934 0.0150352 0.0143381 0.0136099 0.0128582 0.012091 0.0113156 0.0105394 0.00976926 0.00901149 0.00827188 0.00755558 0.00686705 0.00621003 0.00558753 0.00500186 0.00445462 0.00394675 0.00347856 0.00304982 0.00265978 0.00230727 0.00199074 0.00170836 0.00145808 0.00123768 0.00104486 0.000877259 0.000732546 0.000608435 0.000502732 0.000413363 0.000338397 0.000276065 0.00022477 0.000183099 0.000149823 0.000123906 0.000104495 9.09301e-05 8.275e-05 
8.61354e-05 8.81762e-05 9.5658e-05 0.000108881 0.00012833 0.000154691 0.000188852 0.000231909 0.000285161 0.000350109 0.000428456 0.000522089 0.000633074 0.000763633 0.000916118 0.00109298 0.00129674 0.00152991 0.00179499 0.00209434 0.00243019 0.00280452 0.00321897 0.00367483 0.00417289 0.00471343 0.00529611 0.00591993 0.00658319 0.00728344 0.00801745 0.00878124 0.00957005 0.0103784 0.0112002 0.0120285 0.0128562 0.0136755 0.0144783 0.0152565 0.0160018 0.0167059 0.017361 0.0179595 0.0184943 0.018959 0.019348 0.0196563 0.0198804 0.0200172 0.0200652 0.0200237 0.0198934 0.0196757 0.0193736 0.0189908 0.0185319 0.0180027 0.0174096 0.0167594 0.0160598 0.0153188 0.0145443 0.0137447 0.0129282 0.0121028 0.0112762 0.0104556 0.00964795 0.00885927 0.00809509 0.00736019 0.00665857 0.00599349 0.00536744 0.00478217 0.00423872 0.00373747 0.00327821 0.00286018 0.00248217 0.00214256 0.00183943 0.00157062 0.00133377 0.00112645 0.000946158 0.000790405 0.000656759 0.000542881 0.000446554 0.000365716 0.000298471 0.000243113 0.000198124 0.000162189 0.000134192 0.000113223 9.85692e-05 8.97368e-05 
9.80496e-05 0.000100386 0.000108881 0.000123874 0.000145905 0.000175744 0.000214385 0.000263052 0.000323196 0.000396491 0.000484831 0.000590316 0.000715238 0.000862059 0.00103338 0.00123191 0.00146041 0.00172166 0.00201836 0.00235313 0.00272835 0.00314616 0.00360834 0.00411621 0.00467059 0.00527171 0.0059191 0.0066116 0.00734724 0.00812324 0.00893598 0.009781 0.010653 0.011546 0.012453 0.0133667 0.0142791 0.0151816 0.0160654 0.0169217 0.0177412 0.0185151 0.0192348 0.019892 0.020479 0.0209889 0.0214155 0.0217536 0.021999 0.0221489 0.0222012 0.0221554 0.0220121 0.021773 0.0214412 0.0210207 0.0205168 0.0199355 0.0192837 0.0185691 0.0177998 0.0169846 0.0161323 0.0152519 0.0143524 0.0134425 0.0125307 0.011625 0.010733 0.00986126 0.00901603 0.00820257 0.00742535 0.00668802 0.00599339 0.00534347 0.00473949 0.00418193 0.00367064 0.00320485 0.00278328 0.00240421 0.00206556 0.00176498 0.00149992 0.0012677 0.00106557 0.000890811 0.000740728 0.000612737 0.000504385 0.000413383 0.000337629 0.00027522 0.00022447 0.00018391 0.000152297 0.000128613 0.000112062 0.000102094 
0.000115584 0.000118353 0.00012833 0.000145905 0.000171704 0.000206615 0.000251784 0.000308619 0.000378789 0.000464215 0.000567068 0.000689748 0.000834874 0.00100525 0.00120382 0.00143367 0.0016979 0.00199965 0.00234196 0.00272772 0.0031596 0.00363994 0.00417066 0.00475319 0.00538834 0.00607626 0.00681632 0.00760707 0.00844617 0.00933038 0.0102555 0.0112164 0.012207 0.0132204 0.014249 0.0152841 0.0163169 0.0173376 0.0183366 0.0193035 0.0202285 0.0211014 0.0219127 0.0226531 0.0233141 0.023888 0.0243678 0.024748 0.0250239 0.025192 0.0252505 0.0251986 0.0250369 0.0247674 0.0243936 0.0239198 0.0233519 0.0226967 0.0219618 0.0211557 0.0202877 0.0193673 0.0184044 0.0174092 0.0163916 0.0153616 0.0143287 0.0133018 0.0122896 0.0112995 0.0103387 0.0094131 0.0085279 0.00768729 0.00689457 0.00615211 0.0054614 0.00482312 0.00423717 0.00370279 0.00321861 0.00278277 0.00239298 0.00204663 0.00174087 0.0014727 0.00123903 0.00103678 0.000862903 0.000714467 0.000588679 0.000482929 0.000394813 0.000322157 0.000263025 0.000215733 0.000178852 0.000151211 0.000131896 0.000120271 
0.000139361 0.000142716 0.000154691 0.000175744 0.000206615 0.000248348 0.000302291 0.000370098 0.000453725 0.00055542 0.000677718 0.00082342 0.000995567 0.00119741 0.00143237 0.00170399 0.00201585 0.00237152 0.00277448 0.00322801 0.00373511 0.00429838 0.00491995 0.00560133 0.00634332 0.00714596 0.00800838 0.00892876 0.00990426 0.010931 0.012004 0.0131173 0.0142638 0.0154354 0.0166233 0.0178177 0.0190082 0.0201839 0.0213334 0.0224453 0.0235081 0.0245104 0.0254413 0.0262903 0.0270479 0.0277053 0.0282547 0.0286897 0.0290052 0.0291973 0.0292637 0.0292037 0.0290181 0.028709 0.0282803 0.027737 0.0270856 0.0263339 0.0254904 0.0245649 0.0235677 0.0225097 0.0214022 0.0202566 0.0190845 0.0178971 0.0167053 0.0155194 0.0143493 0.0132038 0.0120909 0.0110178 0.00999031 0.00901358 0.00809145 0.00722681 0.00642151 0.00567645 0.00499168 0.00436643 0.00379924 0.00328806 0.00283034 0.00242314 0.00206322 0.00174717 0.00147145 0.00123252 0.00102687 0.000851108 0.000701995 0.000576498 0.000471819 0.00038542 0.000315041 0.000258709 0.000214751 0.000181793 0.000158762 0.000144911 
0.000170188 0.000174303 0.000188852 0.000214385 0.000251784 0.000302291 0.000367512 0.000449409 0.000550303 0.000672855 0.00082006 0.000995219 0.00120191 0.00144395 0.00172534 0.00205019 0.00242268 0.00284695 0.00332698 0.00386654 0.00446902 0.00513736 0.00587389 0.00668024 0.00755718 0.00850457 0.00952123 0.0106048 0.0117519 0.0129578 0.0142166 0.0155211 0.0168629 0.0182328 0.0196201 0.0210137 0.0224013 0.0237704 0.0251078 0.0264004 0.0276349 0.0287983 0.0298781 0.0308623 0.03174 0.0325012 0.0331371 0.0336403 0.0340049 0.0342267 0.034303 0.034233 0.0340175 0.0336592 0.0331622 0.0325325 0.0317773 0.0309055 0.0299269 0.0288527 0.0276945 0.026465 0.0251771 0.023844 0.0224788 0.0210947 0.0197042 0.0183194 0.0169515 0.0156111 0.0143075 0.013049 0.0118428 0.0106948 0.00960978 0.00859116 0.0076413 0.00676143 0.00595176 0.00521154 0.00453924 0.00393255 0.00338864 0.00290414 0.00247538 0.00209839 0.00176912 0.00148342 0.00123722 0.00102655 0.000847615 0.000696848 0.000570955 0.000466941 0.000382133 0.000314198 0.00026115 0.00022136 0.000193553 0.000176843 
0.000209061 0.000214132 0.000231909 0.000263052 0.000308619 0.000370098 0.000449409 0.000548898 0.000671328 0.00081987 0.000998081 0.00120987 0.00145948 0.0017514 0.00209033 0.00248111 0.00292861 0.00343762 0.00401277 0.00465837 0.00537831 0.00617588 0.00705366 0.00801336 0.00905573 0.0101804 0.0113857 0.0126688 0.0140253 0.0154496 0.0169346 0.0184717 0.0200511 0.0216615 0.0232909 0.0249258 0.0265522 0.0281553 0.02972 0.0312309 0.0326727 0.0340305 0.0352899 0.0364371 0.0374595 0.0383456 0.0390855 0.0396707 0.0400945 0.0403519 0.0404401 0.0403581 0.0401067 0.039689 0.0391099 0.038376 0.0374957 0.0364792 0.0353378 0.034084 0.0327317 0.0312951 0.0297891 0.0282292 0.0266304 0.025008 0.0233767 0.0217504 0.0201425 0.0185651 0.0170294 0.0155453 0.0141212 0.0127642 0.0114801 0.0102732 0.00914637 0.00810129 0.00713839 0.00625699 0.00545543 0.00473121 0.00408109 0.00350126 0.00298748 0.00253518 0.00213963 0.00179601 0.00149953 0.00124552 0.00102953 0.000847337 0.000695036 0.000569075 0.000466277 0.000383863 0.000319467 0.000271143 0.00023737 0.000217089 
0.000257161 0.000263413 0.000285161 0.000323196 0.000378789 0.000453725 0.000550303 0.000671328 0.000820101 0.0010004 0.00121646 0.00147292 0.0017748 0.00212739 0.00253626 0.00300704 0.00354545 0.00415707 0.00484724 0.00562093 0.00648255 0.00743581 0.00848355 0.00962758 0.0108685 0.0122057 0.0136369 0.0151585 0.0167652 0.0184502 0.0202048 0.0220188 0.0238806 0.025777 0.0276935 0.0296146 0.0315237 0.0334037 0.035237 0.0370058 0.0386924 0.0402795 0.0417504 0.0430896 0.0442823 0.0453155 0.0461778 0.0468594 0.0473527 0.047652 0.0477541 0.0476578 0.0473642 0.0468767 0.0462008 0.0453444 0.0443169 0.0431299 0.0417965 0.0403312 0.0387497 0.0370686 0.0353051 0.0334769 0.0316017 0.0296971 0.0277802 0.0258674 0.0239743 0.0221152 0.0203032 0.0185501 0.016866 0.0152595 0.0137373 0.012305 0.010966 0.00972269 0.00857569 0.00752447 0.00656726 0.00570132 0.00492299 0.00422795 0.0036113 0.00306777 0.00259184 0.00217788 0.00182028 0.00151356 0.00125242 0.00103191 0.000847371 0.000694597 0.000569801 0.00046967 0.000391379 0.000332601 0.000291519 0.000266865 
0.000315856 0.000323549 0.000350109 0.000396491 0.000464215 0.00055542 0.000672855 0.00081987 0.0010004 0.00121895 0.00148053 0.00179066 0.00215526 0.00258059 0.00307316 0.00363961 0.00428657 0.00502054 0.0058477 0.00677372 0.00780363 0.00894158 0.0101907 0.0115528 0.0130283 0.0146162 0.0163136 0.018116 0.0200168 0.0220077 0.0240784 0.0262167 0.0284088 0.0306391 0.0328906 0.0351452 0.0373835 0.0395855 0.0417309 0.0437991 0.0457695 0.0476223 0.0493384 0.0508996 0.0522893 0.0534926 0.0544962 0.0552891 0.0558626 0.0562103 0.0563284 0.0562156 0.0558731 0.0553049 0.0545173 0.0535191 0.0523213 0.0509372 0.0493815 0.0476712 0.045824 0.0438592 0.0417967 0.0396568 0.03746 0.0352268 0.0329771 0.0307299 0.0285036 0.026315 0.0241796 0.0221112 0.020122 0.0182221 0.0164199 0.0147219 0.0131328 0.0116553 0.0102905 0.0090382 0.00789645 0.00686225 0.00593153 0.00509935 0.00436011 0.00370771 0.00313575 0.00263767 0.00220688 0.00183693 0.00152162 0.00125505 0.00103174 0.000846685 0.000695378 0.000573878 0.000478817 0.000407417 0.000357508 0.000327574 
0.000386695 0.000396124 0.000428456 0.000484831 0.000567068 0.000677718 0.00082006 0.000998081 0.00121646 0.00148053 0.00179625 0.00217011 0.00260911 0.00312059 0.00371218 0.00439164 0.00516667 0.00604479 0.0070331 0.0081381 0.00936545 0.0107198 0.0122044 0.0138212 0.0155705 0.0174505 0.0194576 0.021586 0.023828 0.0261732 0.0286096 0.0311225 0.0336957 0.0363108 0.0389479 0.0415858 0.0442021 0.0467735 0.0492764 0.0516872 0.0539822 0.0561385 0.0581343 0.0599488 0.0615631 0.06296 0.0641246 0.0650442 0.065709 0.0661117 0.0662479 0.0661162 0.0657181 0.0650579 0.064143 0.0629833 0.0615915 0.0599824 0.0581732 0.0561829 0.0540323 0.051743 0.0493382 0.0468411 0.0442755 0.0416649 0.0390325 0.0364006 0.0337904 0.0312216 0.0287125 0.0262794 0.0239366 0.0216965 0.0195691 0.0175622 0.0156817 0.013931 0.0123121 0.0108245 0.00946667 0.00823517 0.00712549 0.00613207 0.0052485 0.00446776 0.00378244 0.00318491 0.0026675 0.00222265 0.00184306 0.0015218 0.00125239 0.0010289 0.000846009 0.000699029 0.000583957 0.000497491 0.000437042 0.000400807 
0.000471402 0.000482904 0.000522089 0.000590316 0.000689748 0.00082342 0.000995219 0.00120987 0.00147292 0.00179066 0.00217011 0.00261892 0.00314528 0.0037578 0.00446536 0.00527698 0.00620158 0.00724781 0.00842379 0.00973689 0.0111935 0.0127986 0.0145559 0.0164672 0.0185323 0.0207489 0.0231123 0.0256154 0.0282487 0.0309999 0.0338545 0.0367953 0.0398032 0.0428565 0.0459323 0.0490056 0.0520507 0.0550406 0.0579483 0.0607464 0.0634079 0.0659068 0.068218 0.0703179 0.0721849 0.0737997 0.0751452 0.0762072 0.0769744 0.0774388 0.0775953 0.0774424 0.0769817 0.0762182 0.0751601 0.0738187 0.0722084 0.070346 0.068251 0.0659451 0.0634518 0.060796 0.058004 0.0551025 0.0521188 0.0490801 0.046013 0.0429433 0.0398957 0.0368933 0.0339574 0.0311071 0.0283595 0.0257292 0.0232281 0.0208659 0.0186496 0.0165839 0.0146711 0.0129115 0.0113032 0.00984269 0.00852505 0.00734397 0.00629218 0.00536166 0.00454387 0.00382997 0.00321106 0.00267832 0.00222322 0.00183763 0.00151394 0.00124515 0.001025 0.000847928 0.00070921 0.000604927 0.000532015 0.000488332 
0.000571864 0.000585819 0.000633074 0.000715238 0.000834874 0.000995567 0.00120191 0.00145948 0.0017748 0.00215526 0.00260911 0.00314528 0.00377334 0.00450332 0.00534551 0.00631033 0.00740804 0.00864855 0.0100411 0.011594 0.0133142 0.0152075 0.0172775 0.0195259 0.021952 0.0245528 0.0273222 0.0302516 0.0333294 0.0365411 0.0398693 0.043294 0.0467925 0.05034 0.0539094 0.0574723 0.0609987 0.064458 0.0678188 0.0710501 0.0741212 0.0770024 0.0796651 0.082083 0.0842314 0.0860884 0.0876351 0.0888553 0.0897364 0.0902692 0.0904482 0.0902716 0.0897412 0.0888628 0.0876455 0.086102 0.0842485 0.082104 0.0796905 0.0770326 0.0741567 0.0710913 0.0678661 0.0645117 0.0610592 0.0575397 0.0539839 0.0504214 0.0468807 0.0433887 0.0399702 0.0366475 0.0334407 0.0303671 0.027441 0.0246739 0.0220745 0.0196487 0.0173997 0.015328 0.0134322 0.0117085 0.0101513 0.00875381 0.00750774 0.00640397 0.00543273 0.00458386 0.00384705 0.0032121 0.00266906 0.00220846 0.00182139 0.00149967 0.00123592 0.00102362 0.000857192 0.000732024 0.000644495 0.000592081 
0.000690114 0.00070695 0.000763633 0.000862059 0.00100525 0.00119741 0.00144395 0.0017514 0.00212739 0.00258059 0.00312059 0.0037578 0.00450332 0.00536874 0.00636595 0.00750691 0.00880337 0.0102666 0.0119069 0.0137338 0.0157549 0.0179763 0.0204018 0.0230329 0.0258682 0.0289036 0.0321316 0.0355417 0.0391199 0.0428491 0.0467088 0.0506754 0.0547228 0.058822 0.062942 0.0670499 0.0711115 0.0750917 0.078955 0.082666 0.08619 0.0894935 0.0925444 0.0953127 0.0977711 0.0998949 0.101663 0.103057 0.104063 0.104671 0.104875 0.104672 0.104065 0.10306 0.101668 0.0999017 0.0977803 0.0953249 0.0925601 0.0895135 0.0862148 0.0826962 0.0789913 0.0751346 0.0711615 0.0671074 0.0630073 0.0588952 0.0548039 0.0507643 0.046805 0.0429523 0.0392295 0.0356569 0.0322515 0.0290272 0.0259945 0.0231607 0.0205301 0.0181038 0.0158806 0.0138567 0.012026 0.010381 0.00891234 0.0076098 0.00646226 0.00545807 0.00458542 0.00383252 0.00318789 0.00264051 0.00218004 0.00179694 0.00148258 0.00122935 0.00103071 0.000881241 0.000776706 0.000714137 
0.000828307 0.000848501 0.000916118 0.00103338 0.00120382 0.00143237 0.00172534 0.00209033 0.00253626 0.00307316 0.00371218 0.00446536 0.00534551 0.00636595 0.00754032 0.00888227 0.0104051 0.0121216 0.0140434 0.0161808 0.0185424 0.0211345 0.0239611 0.0270231 0.0303184 0.0338415 0.0375832 0.0415308 0.0456676 0.0499734 0.0544243 0.0589928 0.0636487 0.0683586 0.0730869 0.0777961 0.0824472 0.0870004 0.0914156 0.0956528 0.0996731 0.103439 0.106914 0.110065 0.112861 0.115276 0.117285 0.118868 0.120011 0.1207 0.120931 0.120699 0.120009 0.118866 0.117283 0.115275 0.112861 0.110066 0.106918 0.103446 0.0996847 0.0956695 0.0914381 0.0870296 0.0824837 0.0778406 0.0731399 0.0684204 0.0637196 0.0590728 0.0545131 0.0500707 0.0457729 0.0416433 0.037702 0.0339656 0.0304467 0.0271544 0.0240942 0.0212681 0.0186752 0.0163116 0.014171 0.012245 0.0105233 0.00899452 0.00764593 0.00646439 0.00543638 0.00454842 0.00378727 0.00314025 0.0025954 0.00214164 0.00176897 0.00146853 0.00123271 0.00105518 0.000931002 0.000856706 
0.000988695 0.00101278 0.00109298 0.00123191 0.00143367 0.00170399 0.00205019 0.00248111 0.00300704 0.00363961 0.00439164 0.00527698 0.00631033 0.00750691 0.00888227 0.0104519 0.0122308 0.0142332 0.0164722 0.0189591 0.0217031 0.0247109 0.0279864 0.0315298 0.0353381 0.0394042 0.0437169 0.0482607 0.0530161 0.0579592 0.0630622 0.0682936 0.0736184 0.0789984 0.0843932 0.08976 0.0950548 0.100233 0.105249 0.110058 0.114617 0.118883 0.122817 0.126382 0.129544 0.132273 0.134542 0.136329 0.137618 0.138396 0.138655 0.138393 0.137613 0.136322 0.134532 0.132262 0.129533 0.126371 0.122808 0.118876 0.114612 0.110058 0.105254 0.100245 0.0950746 0.0897882 0.0844305 0.0790455 0.0736756 0.0683613 0.0631402 0.0580473 0.0531139 0.0483676 0.043832 0.0395265 0.0354665 0.0316629 0.0281227 0.0248492 0.0218418 0.0190968 0.0166077 0.0143651 0.012358 0.0105734 0.00899725 0.00761464 0.00641025 0.0053687 0.00447489 0.00371427 0.00307308 0.00253857 0.00209919 0.00174469 0.00146625 0.00125654 0.00110983 0.00102209 
0.00117359 0.00120213 0.00129674 0.00146041 0.0016979 0.00201585 0.00242268 0.00292861 0.00354545 0.00428657 0.00516667 0.00620158 0.00740804 0.00880337 0.0104051 0.0122308 0.0142971 0.0166201 0.0192141 0.0220913 0.0252618 0.0287323 0.0325065 0.0365839 0.0409601 0.0456261 0.0505683 0.0557684 0.0612032 0.0668452 0.0726621 0.0786175 0.0846716 0.090781 0.0968997 0.10298 0.108971 0.114824 0.120488 0.125914 0.131052 0.135856 0.140283 0.144292 0.147845 0.150909 0.153456 0.155462 0.156907 0.157779 0.158069 0.157774 0.156897 0.155448 0.153438 0.150888 0.147821 0.144267 0.140258 0.135832 0.131029 0.125894 0.120474 0.114816 0.108971 0.102988 0.0969177 0.0908096 0.0847115 0.0786692 0.0727257 0.0669207 0.0612904 0.0558666 0.0506768 0.0457438 0.0410859 0.0367164 0.0326441 0.0288736 0.025405 0.0222349 0.0193565 0.0167599 0.0144329 0.0123613 0.0105294 0.00892042 0.00751715 0.0063022 0.00525839 0.00436914 0.00361873 0.00299257 0.00247738 0.00206139 0.00173443 0.00148808 0.0013157 0.00121264 
0.00138531 0.00141895 0.00152991 0.00172166 0.00199965 0.00237152 0.00284695 0.00343762 0.00415707 0.00502054 0.00604479 0.00724781 0.00864855 0.0102666 0.0121216 0.0142332 0.0166201 0.0192999 0.0222882 0.0255985 0.029241 0.0332229 0.0375472 0.0422124 0.0472126 0.0525364 0.0581677 0.0640846 0.0702603 0.0766625 0.0832545 0.0899946 0.0968374 0.103734 0.110633 0.117479 0.124219 0.130795 0.137153 0.143236 0.148992 0.154369 0.15932 0.1638 0.167768 0.171188 0.174029 0.176265 0.177876 0.178847 0.179169 0.178839 0.177861 0.176243 0.174001 0.171154 0.16773 0.163758 0.159276 0.154325 0.148948 0.143195 0.137116 0.130764 0.124195 0.117464 0.110628 0.10374 0.0968562 0.0900264 0.0832998 0.0767217 0.070333 0.0641706 0.0582662 0.0526465 0.0473329 0.0423417 0.0376838 0.0333651 0.029387 0.0257465 0.0224365 0.0194467 0.0167638 0.0143723 0.0122549 0.0103928 0.00876687 0.00735745 0.00614517 0.00511127 0.00423787 0.00350838 0.00290763 0.00242217 0.00204037 0.00175256 0.00155113 0.00143075 
0.00162616 0.00166557 0.00179499 0.00201836 0.00234196 0.00277448 0.00332698 0.00401277 0.00484724 0.0058477 0.0070331 0.00842379 0.0100411 0.0119069 0.0140434 0.0164722 0.0192141 0.0222882 0.0257117 0.0294988 0.0336604 0.0382034 0.04313 0.0484378 0.0541185 0.0601586 0.0665384 0.0732325 0.0802096 0.0874328 0.0948598 0.102444 0.110133 0.117872 0.125604 0.133269 0.140804 0.148149 0.155241 0.162021 0.16843 0.174412 0.179915 0.18489 0.189294 0.193087 0.196237 0.198715 0.200499 0.201574 0.20193 0.201564 0.200479 0.198685 0.196198 0.193041 0.18924 0.184831 0.179851 0.174346 0.168363 0.161955 0.155179 0.148091 0.140753 0.133227 0.125573 0.117853 0.110126 0.102452 0.0948829 0.0874715 0.0802641 0.0733025 0.0666233 0.0602575 0.0542303 0.048561 0.043263 0.0383442 0.0338072 0.0296495 0.0258643 0.0224408 0.0193647 0.0166192 0.0141852 0.0120421 0.0101685 0.00854244 0.00714224 0.00594675 0.00493579 0.00409057 0.0033939 0.00283048 0.00238708 0.00205267 0.00181859 0.00167874 
0.00189834 0.00194425 0.00209434 0.00235313 0.00272772 0.00322801 0.00386654 0.00465837 0.00562093 0.00677372 0.0081381 0.00973689 0.011594 0.0137338 0.0161808 0.0189591 0.0220913 0.0255985 0.0294988 0.0338075 0.0385357 0.04369 0.0492717 0.0552767 0.0616945 0.0685086 0.0756957 0.0832261 0.0910638 0.0991665 0.107486 0.11597 0.12456 0.133195 0.14181 0.15034 0.158715 0.166869 0.174735 0.182245 0.189337 0.195951 0.20203 0.207522 0.21238 0.216562 0.220032 0.222761 0.224725 0.225908 0.226298 0.225894 0.224699 0.222723 0.219982 0.216501 0.21231 0.207444 0.201946 0.195862 0.189245 0.182152 0.174644 0.166782 0.158635 0.150267 0.141749 0.133146 0.124525 0.11595 0.107483 0.0991809 0.091096 0.0832762 0.0757632 0.0685928 0.0617943 0.0553906 0.0493981 0.0438268 0.0386809 0.0339589 0.0296541 0.0257554 0.0222478 0.019113 0.0163304 0.0138774 0.0117301 0.00986442 0.00825598 0.00688117 0.00571737 0.0047434 0.0039399 0.00328956 0.00277743 0.002391 0.00212044 0.00195886 
0.00220392 0.00225708 0.00243019 0.00272835 0.0031596 0.00373511 0.00446902 0.00537831 0.00648255 0.00780363 0.00936545 0.0111935 0.0133142 0.0157549 0.0185424 0.0217031 0.0252618 0.029241 0.0336604 0.0385357 0.0438782 0.0496939 0.055983 0.0627392 0.0699496 0.0775941 0.0856455 0.0940693 0.102824 0.111862 0.121129 0.130566 0.140107 0.149686 0.15923 0.168666 0.177921 0.18692 0.195591 0.203861 0.211663 0.218932 0.225607 0.231632 0.236958 0.24154 0.24534 0.248327 0.250476 0.251769 0.252196 0.251753 0.250444 0.24828 0.245278 0.241465 0.236871 0.231534 0.225499 0.218818 0.211544 0.20374 0.195469 0.186802 0.177808 0.16856 0.159134 0.149603 0.140039 0.130514 0.121096 0.111848 0.10283 0.0940955 0.0856918 0.0776599 0.0700339 0.0628405 0.0560997 0.0498239 0.0440193 0.0386855 0.0338163 0.0294007 0.0254227 0.0218629 0.018699 0.0159063 0.0134588 0.0113296 0.00949194 0.00791946 0.00658693 0.00547067 0.00454896 0.00380236 0.00321404 0.00276992 0.0024589 0.00227321 
0.00254473 0.00260595 0.00280452 0.00314616 0.00363994 0.00429838 0.00513736 0.00617588 0.00743581 0.00894158 0.0107198 0.0127986 0.0152075 0.0179763 0.0211345 0.0247109 0.0287323 0.0332229 0.0382034 0.04369 0.0496939 0.0562203 0.0632678 0.0708279 0.0788845 0.0874136 0.0963836 0.105755 0.11548 0.125505 0.13577 0.146207 0.156745 0.16731 0.177822 0.188202 0.19837 0.208244 0.217746 0.2268 0.235332 0.243273 0.250558 0.25713 0.262934 0.267924 0.27206 0.275309 0.277646 0.279051 0.279515 0.279032 0.277608 0.275253 0.271986 0.267833 0.262828 0.257011 0.250428 0.243133 0.235185 0.226648 0.217593 0.208091 0.198221 0.188061 0.17769 0.16719 0.156641 0.14612 0.135702 0.125459 0.115456 0.105753 0.0964047 0.0874571 0.0789495 0.0709131 0.0633715 0.0563404 0.0498281 0.0438356 0.0383578 0.0333834 0.0288961 0.0248753 0.0212971 0.0181347 0.0153598 0.0129429 0.0108546 0.00906564 0.00754809 0.0062756 0.00522395 0.00437144 0.00369922 0.00319152 0.00283591 0.00262365 
0.00292234 0.00299245 0.00321897 0.00360834 0.00417066 0.00491995 0.00587389 0.00705366 0.00848355 0.0101907 0.0122044 0.0145559 0.0172775 0.0204018 0.0239611 0.0279864 0.0325065 0.0375472 0.04313 0.0492717 0.055983 0.0632678 0.071123 0.0795372 0.0884908 0.0979557 0.107895 0.118263 0.129008 0.140067 0.151373 0.162853 0.174428 0.186015 0.197529 0.208883 0.219989 0.230762 0.241116 0.25097 0.260246 0.26887 0.276775 0.2839 0.290187 0.295589 0.300064 0.303578 0.306104 0.307622 0.308123 0.3076 0.30606 0.303513 0.299979 0.295484 0.290064 0.28376 0.276622 0.268704 0.26007 0.250787 0.240929 0.230574 0.219804 0.208703 0.197358 0.185857 0.174285 0.162728 0.151269 0.139985 0.128949 0.11823 0.107887 0.097973 0.0885328 0.0796027 0.0712103 0.0633749 0.0561073 0.0494106 0.0432806 0.0377064 0.0326713 0.0281538 0.0241284 0.0205663 0.0174368 0.0147079 0.0123472 0.0103227 0.00860359 0.00716068 0.00596714 0.00499886 0.00423485 0.00365756 0.00325311 0.00301176 
0.00333796 0.0034178 0.00367483 0.00411621 0.00475319 0.00560133 0.00668024 0.00801336 0.00962758 0.0115528 0.0138212 0.0164672 0.0195259 0.0230329 0.0270231 0.0315298 0.0365839 0.0422124 0.0484378 0.0552767 0.0627392 0.0708279 0.0795372 0.0888526 0.0987506 0.109198 0.120153 0.131563 0.14337 0.155504 0.167891 0.18045 0.193094 0.205732 0.218273 0.230623 0.242687 0.254374 0.265592 0.276256 0.286283 0.295596 0.304125 0.311803 0.318575 0.324389 0.329202 0.33298 0.335694 0.337325 0.337862 0.3373 0.335644 0.332906 0.329105 0.324269 0.318434 0.311644 0.303948 0.295404 0.286079 0.276042 0.265372 0.25415 0.242464 0.230404 0.218062 0.205533 0.192909 0.180283 0.167746 0.155383 0.143274 0.131495 0.120112 0.109186 0.0987659 0.0888948 0.0796047 0.0709187 0.0628507 0.0554061 0.048582 0.0423682 0.0367479 0.0316987 0.0271937 0.0232023 0.0196913 0.0166261 0.0139715 0.0116924 0.00975515 0.00812757 0.00678008 0.00568607 0.00482231 0.00416934 0.00371176 0.00343877 
0.00379238 0.00388279 0.00417289 0.00467059 0.00538834 0.00634332 0.00755718 0.00905573 0.0108685 0.0130283 0.0155705 0.0185323 0.021952 0.0258682 0.0303184 0.0353381 0.0409601 0.0472126 0.0541185 0.0616945 0.0699496 0.0788845 0.0884908 0.0987506 0.109636 0.121108 0.133119 0.145611 0.158516 0.17176 0.185259 0.198924 0.212662 0.226374 0.23996 0.253319 0.266353 0.278961 0.291048 0.302524 0.313303 0.323303 0.332451 0.34068 0.347931 0.354152 0.3593 0.363338 0.366238 0.36798 0.368553 0.367953 0.366183 0.363256 0.359192 0.35402 0.347775 0.340501 0.332252 0.323086 0.31307 0.302279 0.290794 0.278701 0.266091 0.25306 0.239707 0.226131 0.212434 0.198714 0.185071 0.171596 0.15838 0.145503 0.133042 0.121062 0.109621 0.098766 0.0885351 0.0789557 0.0700452 0.0618116 0.0542538 0.0473625 0.0411212 0.0355067 0.0304909 0.0260413 0.0221225 0.0186973 0.0157275 0.0131751 0.0110033 0.00917689 0.0076635 0.00643384 0.00546236 0.00472762 0.00421263 0.00390545 
0.0042859 0.00438773 0.00471343 0.00527171 0.00607626 0.00714596 0.00850457 0.0101804 0.0122057 0.0146162 0.0174505 0.0207489 0.0245528 0.0289036 0.0338415 0.0394042 0.0456261 0.0525364 0.0601586 0.0685086 0.0775941 0.0874136 0.0979557 0.109198 0.121108 0.133641 0.146743 0.160348 0.174383 0.188763 0.203398 0.21819 0.233037 0.247835 0.262476 0.276851 0.290856 0.304385 0.317338 0.329621 0.341143 0.351822 0.36158 0.37035 0.378072 0.384691 0.390165 0.394457 0.397538 0.399388 0.399996 0.399358 0.397478 0.394368 0.390048 0.384547 0.3779 0.370154 0.361361 0.351581 0.340884 0.329347 0.317052 0.30409 0.290556 0.276552 0.26218 0.247549 0.232765 0.217935 0.203164 0.188555 0.174203 0.160199 0.146627 0.133559 0.121059 0.109183 0.0979735 0.0874621 0.0776708 0.0686104 0.0602823 0.0526782 0.0457821 0.0395705 0.0340142 0.0290789 0.0247272 0.0209191 0.0176136 0.0147696 0.0123472 0.0103082 0.00861716 0.00724212 0.00615511 0.00533261 0.00475596 0.00441208 
0.00481826 0.00493235 0.00529611 0.0059191 0.00681632 0.00800838 0.00952123 0.0113857 0.0136369 0.0163136 0.0194576 0.0231123 0.0273222 0.0321316 0.0375832 0.0437169 0.0505683 0.0581677 0.0665384 0.0756957 0.0856455 0.0963836 0.107895 0.120153 0.133119 0.146743 0.160963 0.175707 0.190893 0.206428 0.222213 0.238144 0.25411 0.269998 0.285693 0.301082 0.316051 0.330492 0.344301 0.357377 0.369628 0.38097 0.391323 0.400619 0.408796 0.415801 0.421589 0.426125 0.42938 0.431335 0.431977 0.431303 0.429317 0.426031 0.421464 0.415645 0.408611 0.400407 0.391085 0.380708 0.369345 0.357075 0.343983 0.330163 0.315715 0.300743 0.285356 0.269668 0.253792 0.237843 0.221934 0.206173 0.190668 0.175514 0.160805 0.146621 0.133034 0.120105 0.107883 0.0964064 0.0857003 0.0757796 0.0666479 0.0582989 0.0507171 0.043879 0.0377544 0.0323078 0.0274993 0.0232867 0.019626 0.016473 0.0137847 0.0115198 0.00963981 0.00811 0.00689988 0.0059838 0.00534141 0.00495838 
0.0053886 0.00551574 0.00591993 0.0066116 0.00760707 0.00892876 0.0106048 0.0126688 0.0151585 0.018116 0.021586 0.0256154 0.0302516 0.0355417 0.0415308 0.0482607 0.0557684 0.0640846 0.0732325 0.0832261 0.0940693 0.105755 0.118263 0.131563 0.145611 0.160348 0.175707 0.191607 0.207958 0.224658 0.241601 0.258673 0.275756 0.292729 0.30947 0.32586 0.34178 0.357116 0.37176 0.385609 0.398568 0.41055 0.421477 0.431277 0.439891 0.447264 0.453352 0.458121 0.461542 0.463596 0.46427 0.463562 0.461476 0.458022 0.453221 0.4471 0.439696 0.431052 0.421223 0.41027 0.398263 0.385282 0.371414 0.356756 0.341409 0.325484 0.309093 0.292356 0.275393 0.258326 0.241274 0.224357 0.207686 0.191369 0.175505 0.160185 0.145487 0.13148 0.118219 0.105749 0.0940995 0.0832894 0.0733253 0.0642029 0.0559078 0.0484167 0.0416988 0.0357171 0.0304301 0.0257929 0.0217588 0.0182806 0.0153121 0.0128087 0.0107291 0.0090356 0.00769517 0.00668 0.00596794 0.00554345 
0.00599541 0.00613635 0.00658319 0.00734724 0.00844617 0.00990426 0.0117519 0.0140253 0.0167652 0.0200168 0.023828 0.0282487 0.0333294 0.0391199 0.0456676 0.0530161 0.0612032 0.0702603 0.0802096 0.0910638 0.102824 0.11548 0.129008 0.14337 0.158516 0.174383 0.190893 0.207958 0.225478 0.243346 0.261444 0.279651 0.297841 0.315885 0.333656 0.351026 0.367873 0.384079 0.399531 0.414125 0.427763 0.440358 0.451831 0.462111 0.471137 0.478857 0.485228 0.490215 0.493791 0.495938 0.496643 0.495904 0.493723 0.490113 0.485092 0.478687 0.470934 0.461876 0.451565 0.440062 0.42744 0.413776 0.39916 0.38369 0.367471 0.350614 0.33324 0.315471 0.297435 0.279258 0.26107 0.242997 0.225159 0.207672 0.190645 0.174176 0.158351 0.143248 0.128929 0.115443 0.102827 0.0911039 0.0802832 0.0703633 0.0613311 0.0531639 0.0458306 0.0392931 0.033508 0.0284281 0.0240041 0.0201859 0.0169239 0.0141706 0.0118815 0.010016 0.00853862 0.0074192 0.00663383 0.00616571 
0.00663649 0.00679192 0.00728344 0.00812324 0.00933038 0.010931 0.0129578 0.0154496 0.0184502 0.0220077 0.0261732 0.0309999 0.0365411 0.0428491 0.0499734 0.0579592 0.0668452 0.0766625 0.0874328 0.0991665 0.111862 0.125505 0.140067 0.155504 0.17176 0.188763 0.206428 0.224658 0.243346 0.262373 0.281615 0.300943 0.32022 0.339314 0.358088 0.37641 0.394154 0.411196 0.427423 0.442727 0.45701 0.470184 0.482171 0.492899 0.502311 0.510354 0.516987 0.522176 0.525896 0.528128 0.528861 0.528093 0.525827 0.522072 0.516849 0.510181 0.502103 0.492658 0.481895 0.469877 0.456672 0.44236 0.427031 0.410783 0.393723 0.375966 0.357636 0.338861 0.319772 0.300506 0.281196 0.261977 0.242979 0.224325 0.206134 0.188511 0.171552 0.155343 0.139951 0.125435 0.111836 0.0991812 0.087485 0.0767482 0.0669595 0.0580971 0.0501297 0.0430184 0.0367183 0.0311801 0.0263518 0.0221803 0.0186132 0.0155997 0.0130922 0.0110474 0.00942693 0.00819859 0.00733661 0.00682289 
0.00730893 0.00747947 0.00801745 0.00893598 0.0102555 0.012004 0.0142166 0.0169346 0.0202048 0.0240784 0.0286096 0.0338545 0.0398693 0.0467088 0.0544243 0.0630622 0.0726621 0.0832545 0.0948598 0.107486 0.121129 0.13577 0.151373 0.167891 0.185259 0.203398 0.222213 0.241601 0.261444 0.281615 0.301982 0.322406 0.342744 0.362856 0.3826 0.401838 0.42044 0.43828 0.455241 0.471214 0.486103 0.499818 0.512281 0.523425 0.533191 0.54153 0.548402 0.553775 0.557625 0.559935 0.560695 0.559901 0.557556 0.553672 0.548264 0.541356 0.532981 0.52318 0.512001 0.499503 0.485755 0.470835 0.454832 0.437846 0.419984 0.401366 0.382116 0.362367 0.342257 0.321927 0.301519 0.281173 0.26103 0.241221 0.221872 0.2031 0.185008 0.167688 0.15122 0.135665 0.121072 0.107474 0.0948887 0.0833207 0.0727609 0.0631884 0.0545722 0.0468728 0.0400439 0.0340343 0.0287895 0.0242537 0.0203715 0.0170889 0.0143553 0.0121246 0.0103559 0.00901453 0.00807304 0.00751199 
0.00800909 0.00819528 0.00878124 0.009781 0.0112164 0.0131173 0.0155211 0.0184717 0.0220188 0.0262167 0.0311225 0.0367953 0.043294 0.0506754 0.0589928 0.0682936 0.0786175 0.0899946 0.102444 0.11597 0.130566 0.146207 0.162853 0.18045 0.198924 0.21819 0.238144 0.258673 0.279651 0.300943 0.322406 0.343894 0.365258 0.38635 0.407023 0.427135 0.44655 0.465142 0.482791 0.499389 0.514838 0.529051 0.541951 0.553473 0.56356 0.572166 0.579253 0.584791 0.588757 0.591137 0.59192 0.591103 0.58869 0.58469 0.579117 0.571995 0.563353 0.553229 0.54167 0.528733 0.514484 0.499001 0.48237 0.464691 0.446074 0.426638 0.406511 0.385829 0.364735 0.343376 0.3219 0.300456 0.279191 0.258247 0.237757 0.217846 0.198629 0.180205 0.16266 0.146065 0.130475 0.115928 0.102447 0.0900398 0.0786992 0.0684064 0.0591308 0.0508327 0.0434646 0.0369736 0.0313028 0.0263939 0.0221884 0.0186296 0.0156637 0.0132417 0.0113203 0.00986253 0.0088391 0.00822929 
0.00873265 0.0089349 0.00957005 0.010653 0.012207 0.0142638 0.0168629 0.0200511 0.0238806 0.0284088 0.0336957 0.0398032 0.0467925 0.0547228 0.0636487 0.0736184 0.0846716 0.0968374 0.110133 0.12456 0.140107 0.156745 0.174428 0.193094 0.212662 0.233037 0.25411 0.275756 0.297841 0.32022 0.342744 0.365258 0.387606 0.409633 0.431188 0.452124 0.472304 0.491597 0.509884 0.527057 0.543019 0.557685 0.570979 0.58284 0.593213 0.602055 0.609331 0.615013 0.619082 0.621522 0.622326 0.62149 0.619018 0.614916 0.6092 0.601889 0.593011 0.5826 0.570702 0.557369 0.542665 0.526665 0.509456 0.491135 0.471813 0.451608 0.430652 0.409084 0.387051 0.364704 0.342199 0.319692 0.297337 0.275284 0.253677 0.232648 0.212322 0.192806 0.174194 0.156566 0.139983 0.124488 0.11011 0.0968601 0.0847347 0.0737163 0.0637754 0.054872 0.046958 0.0399787 0.0338753 0.028587 0.0240524 0.0202119 0.0170089 0.0143917 0.0123141 0.0107373 0.00963003 0.00897033 
0.00947459 0.00969322 0.0103784 0.011546 0.0132204 0.0154354 0.0182328 0.0216615 0.025777 0.0306391 0.0363108 0.0428565 0.05034 0.058822 0.0683586 0.0789984 0.090781 0.103734 0.117872 0.133195 0.149686 0.16731 0.186015 0.205732 0.226374 0.247835 0.269998 0.292729 0.315885 0.339314 0.362856 0.38635 0.409633 0.432545 0.454929 0.476637 0.497526 0.517466 0.536338 0.554034 0.570459 0.58553 0.599174 0.611333 0.621956 0.631003 0.638442 0.644248 0.648403 0.650895 0.651717 0.650866 0.648343 0.644157 0.638318 0.630845 0.621762 0.611102 0.598904 0.585219 0.570108 0.553643 0.535908 0.516999 0.497024 0.476106 0.454374 0.431972 0.40905 0.385764 0.362275 0.338746 0.31534 0.292214 0.26952 0.247402 0.22599 0.205402 0.185741 0.167093 0.149526 0.133092 0.117822 0.103733 0.0908242 0.0790802 0.0684728 0.058962 0.0504992 0.0430283 0.0364888 0.0308174 0.0259502 0.0218247 0.0183816 0.0155663 0.0133304 0.0116328 0.0104404 0.00972999 
0.0102293 0.0104645 0.0112002 0.012453 0.014249 0.0166233 0.0196201 0.0232909 0.0276935 0.0328906 0.0389479 0.0459323 0.0539094 0.062942 0.0730869 0.0843932 0.0968997 0.110633 0.125604 0.14181 0.15923 0.177822 0.197529 0.218273 0.23996 0.262476 0.285693 0.30947 0.333656 0.358088 0.3826 0.407023 0.431188 0.454929 0.478087 0.500508 0.522049 0.54258 0.561982 0.580147 0.596983 0.61241 0.62636 0.638776 0.649612 0.658832 0.666408 0.672317 0.676545 0.67908 0.679917 0.679053 0.67649 0.672234 0.666294 0.658685 0.64943 0.638557 0.626101 0.61211 0.596641 0.579762 0.561554 0.542112 0.521543 0.499967 0.477517 0.454337 0.430581 0.406408 0.381986 0.357485 0.333072 0.308915 0.285173 0.261999 0.239533 0.217901 0.197215 0.177568 0.159035 0.141675 0.125526 0.110607 0.0969221 0.0844579 0.0731875 0.0630717 0.0540614 0.0460994 0.0391235 0.0330683 0.0278674 0.0234558 0.0197713 0.0167568 0.0143615 0.0125421 0.0112639 0.0105025 
0.0109905 0.0112423 0.0120285 0.0133667 0.0152841 0.0178177 0.0210137 0.0249258 0.0296146 0.0351452 0.0415858 0.0490056 0.0574723 0.0670499 0.0777961 0.08976 0.10298 0.117479 0.133269 0.15034 0.168666 0.188202 0.208883 0.230623 0.253319 0.276851 0.301082 0.32586 0.351026 0.37641 0.401838 0.427135 0.452124 0.476637 0.500508 0.523583 0.545718 0.566781 0.586655 0.605236 0.622432 0.638167 0.652377 0.66501 0.676024 0.685387 0.693073 0.699065 0.703351 0.705921 0.70677 0.705897 0.703302 0.698991 0.69297 0.685253 0.675857 0.664806 0.652133 0.637881 0.622102 0.604861 0.586235 0.566317 0.545211 0.523037 0.499929 0.47603 0.451498 0.426496 0.401197 0.375775 0.350407 0.325267 0.300522 0.276334 0.252852 0.23021 0.208529 0.18791 0.168437 0.150173 0.133162 0.117429 0.102981 0.0898068 0.0778823 0.0671685 0.0576161 0.0491673 0.0417582 0.0353215 0.0297886 0.0250918 0.0211666 0.0179534 0.0153988 0.0134578 0.0120939 0.0112814 
0.0117515 0.0120198 0.0128562 0.0142791 0.0163169 0.0190082 0.0224013 0.0265522 0.0315237 0.0373835 0.0442021 0.0520507 0.0609987 0.0711115 0.0824472 0.0950548 0.108971 0.124219 0.140804 0.158715 0.177921 0.19837 0.219989 0.242687 0.266353 0.290856 0.316051 0.34178 0.367873 0.394154 0.42044 0.44655 0.472304 0.497526 0.522049 0.545718 0.568386 0.589924 0.610215 0.629156 0.646662 0.662658 0.677085 0.689896 0.701053 0.710529 0.718302 0.724358 0.728687 0.731283 0.732142 0.731263 0.728646 0.724294 0.718212 0.71041 0.700903 0.68971 0.67686 0.66239 0.646349 0.628796 0.609806 0.589468 0.567884 0.545172 0.521465 0.496909 0.471662 0.445892 0.419774 0.39349 0.367222 0.341151 0.315454 0.2903 0.265846 0.242235 0.219597 0.198041 0.177658 0.158517 0.140669 0.124143 0.10895 0.0950833 0.0825185 0.0712184 0.0611338 0.0522062 0.0443706 0.0375578 0.0316972 0.0267188 0.0225556 0.0191456 0.0164335 0.0143719 0.012923 0.01206 
0.0125051 0.0127897 0.0136755 0.0151816 0.0173376 0.0201839 0.0237704 0.0281553 0.0334037 0.0395855 0.0467735 0.0550406 0.064458 0.0750917 0.0870004 0.100233 0.114824 0.130795 0.148149 0.166869 0.18692 0.208244 0.230762 0.254374 0.278961 0.304385 0.330492 0.357116 0.384079 0.411196 0.43828 0.465142 0.491597 0.517466 0.54258 0.566781 0.589924 0.611879 0.632531 0.651782 0.669548 0.68576 0.700364 0.713316 0.724584 0.734144 0.741981 0.748083 0.752444 0.755059 0.755925 0.755042 0.75241 0.74803 0.741906 0.734043 0.724453 0.71315 0.70016 0.685513 0.669255 0.65144 0.632139 0.611435 0.58943 0.56624 0.541996 0.516844 0.490945 0.464468 0.437594 0.410508 0.383399 0.356456 0.329862 0.303793 0.278417 0.253885 0.230333 0.20788 0.186624 0.16664 0.147985 0.130694 0.114781 0.100243 0.0870564 0.0751864 0.0645837 0.0551895 0.0469376 0.0397574 0.0335762 0.028322 0.0239256 0.0203227 0.0174558 0.0152759 0.0137436 0.0128309 
0.013244 0.0135445 0.0144783 0.0160654 0.0183366 0.0213334 0.0251078 0.02972 0.035237 0.0417309 0.0492764 0.0579483 0.0678188 0.078955 0.0914156 0.105249 0.120488 0.137153 0.155241 0.174735 0.195591 0.217746 0.241116 0.265592 0.291048 0.317338 0.344301 0.37176 0.399531 0.427423 0.455241 0.482791 0.509884 0.536338 0.561982 0.586655 0.610215 0.632531 0.653493 0.673003 0.690984 0.70737 0.722112 0.735171 0.74652 0.75614 0.76402 0.770152 0.774533 0.777159 0.778031 0.777147 0.774507 0.770111 0.763961 0.756058 0.74641 0.735028 0.721931 0.707147 0.690714 0.672683 0.653119 0.632103 0.609733 0.586122 0.561401 0.535715 0.509225 0.482105 0.454538 0.426714 0.398827 0.371071 0.343639 0.316714 0.29047 0.265068 0.240653 0.217349 0.195262 0.174475 0.15505 0.137027 0.120424 0.10524 0.0914562 0.0790373 0.0679349 0.05809 0.0494357 0.0418998 0.035408 0.0298864 0.0252635 0.0214732 0.018456 0.0161611 0.0145475 0.0135866 
0.0139606 0.0142763 0.0152565 0.0169217 0.0193035 0.0224453 0.0264004 0.0312309 0.0370058 0.0437991 0.0516872 0.0607464 0.0710501 0.082666 0.0956528 0.110058 0.125914 0.143236 0.162021 0.182245 0.203861 0.2268 0.25097 0.276256 0.302524 0.329621 0.357377 0.385609 0.414125 0.442727 0.471214 0.499389 0.527057 0.554034 0.580147 0.605236 0.629156 0.651782 0.673003 0.692728 0.710881 0.727403 0.742248 0.755384 0.766788 0.776446 0.78435 0.790498 0.794888 0.79752 0.798395 0.797512 0.794871 0.79047 0.784307 0.776383 0.7667 0.755265 0.742093 0.727205 0.710636 0.692431 0.672651 0.651373 0.62869 0.604714 0.579573 0.553413 0.526396 0.498696 0.470499 0.442 0.413399 0.384895 0.356687 0.328966 0.301914 0.2757 0.250474 0.226371 0.203502 0.181957 0.161803 0.143086 0.125828 0.110031 0.0956783 0.082736 0.0711565 0.0608808 0.0518412 0.0439646 0.037175 0.0313966 0.0265563 0.0225858 0.019424 0.0170183 0.0153267 0.0143192 
