3.38827e-14 3.39273e-14 5.96895e-14 1.29298e-13 2.89065e-13 6.40125e-13 1.39311e-12 2.97522e-12 6.23344e-12 1.28109e-11 2.58263e-11 5.10714e-11 9.90677e-11 1.88513e-10 3.51907e-10 6.44497e-10 1.15813e-09 2.0421e-09 3.53366e-09 6.00137e-09 1.00047e-08 1.63733e-08 2.63086e-08 4.15086e-08 6.43135e-08 9.78659e-08 1.46273e-07 2.1475e-07 3.09719e-07 4.38824e-07 6.10832e-07 8.3537e-07 1.12248e-06 1.48198e-06 1.92258e-06 2.45097e-06 3.07071e-06 3.78124e-06 4.57708e-06 5.44731e-06 6.37552e-06 7.34021e-06 8.31571e-06 9.27353e-06 1.01839e-05 1.10174e-05 1.17467e-05 1.23476e-05 1.28003e-05 1.30901e-05 1.32075e-05 1.31488e-05 1.29158e-05 1.25163e-05 1.19633e-05 1.12752e-05 1.04748e-05 9.58878e-06 8.64598e-06 7.6762e-06 6.70835e-06 5.76897e-06 4.88074e-06 4.06153e-06 3.32386e-06 2.67479e-06 2.11639e-06 1.6464e-06 1.25919e-06 9.46797e-07 6.99881e-07 5.08616e-07 3.63372e-07 2.55213e-07 1.76212e-07 1.19602e-07 7.97989e-08 5.23346e-08 3.37359e-08 2.13737e-08 1.33083e-08 8.14307e-09 4.89605e-09 2.89245e-09 1.67886e-09 9.57347e-10 5.36295e-10 2.95121e-10 1.5953e-10 8.47079e-11 4.41817e-11 2.2636e-11 1.13923e-11 5.63232e-12 2.73564e-12 1.30548e-12 6.12294e-13 2.82637e-13 1.29341e-13 6.10364e-14 
3.39273e-14 3.40047e-14 6.04468e-14 1.32301e-13 2.98501e-13 6.66707e-13 1.46295e-12 3.14931e-12 6.64907e-12 1.37667e-11 2.79519e-11 5.56545e-11 1.08668e-10 2.08079e-10 3.90753e-10 7.19703e-10 1.30022e-09 2.30425e-09 4.00631e-09 6.83452e-09 1.14413e-08 1.87973e-08 3.0313e-08 4.79872e-08 7.45822e-08 1.13817e-07 1.70561e-07 2.51013e-07 3.62816e-07 5.15087e-07 7.18296e-07 9.8396e-07 1.32411e-06 1.75051e-06 2.27365e-06 2.90157e-06 3.63859e-06 4.48409e-06 5.43154e-06 6.4679e-06 7.57353e-06 8.72271e-06 9.88473e-06 1.10255e-05 1.21095e-05 1.31016e-05 1.39693e-05 1.46839e-05 1.52218e-05 1.55657e-05 1.57043e-05 1.56334e-05 1.5355e-05 1.48784e-05 1.42191e-05 1.33989e-05 1.24451e-05 1.13893e-05 1.02659e-05 9.11059e-06 7.95787e-06 6.83941e-06 5.78232e-06 4.80792e-06 3.93107e-06 3.16017e-06 2.49755e-06 1.94042e-06 1.48196e-06 1.11255e-06 8.21002e-07 5.95521e-07 4.24593e-07 2.9755e-07 2.0495e-07 1.38746e-07 9.23116e-08 6.03576e-08 3.8781e-08 2.44843e-08 1.51881e-08 9.25625e-09 5.54174e-09 3.25914e-09 1.88268e-09 1.06816e-09 5.95195e-10 3.25707e-10 1.75036e-10 9.23744e-11 4.78741e-11 2.43657e-11 1.21787e-11 5.97842e-12 2.88247e-12 1.36516e-12 6.35296e-13 2.90886e-13 1.31974e-13 6.16875e-14 
5.96895e-14 6.04468e-14 1.08358e-13 2.38066e-13 5.3826e-13 1.20405e-12 2.64528e-12 5.69998e-12 1.20428e-11 2.49459e-11 5.06607e-11 1.00865e-10 1.96886e-10 3.76797e-10 7.07035e-10 1.30091e-09 2.34727e-09 4.15371e-09 7.2097e-09 1.22761e-08 2.05083e-08 3.36188e-08 5.40858e-08 8.54071e-08 1.32396e-07 2.01503e-07 3.01138e-07 4.41954e-07 6.37027e-07 9.01873e-07 1.25422e-06 1.71345e-06 2.29969e-06 3.03246e-06 3.92896e-06 5.00212e-06 6.25847e-06 7.69615e-06 9.30336e-06 1.10574e-05 1.29246e-05 1.48614e-05 1.6816e-05 1.87313e-05 2.0548e-05 2.22079e-05 2.3657e-05 2.48483e-05 2.57433e-05 2.63132e-05 2.65401e-05 2.64169e-05 2.59475e-05 2.51469e-05 2.40407e-05 2.26649e-05 2.10646e-05 1.92921e-05 1.74048e-05 1.54619e-05 1.35211e-05 1.16355e-05 9.85088e-06 8.20324e-06 6.71806e-06 5.40996e-06 4.28344e-06 3.33433e-06 2.55164e-06 1.91957e-06 1.41956e-06 1.03193e-06 7.37357e-07 5.17871e-07 3.57486e-07 2.42531e-07 1.61701e-07 1.05942e-07 6.82008e-08 4.31363e-08 2.68031e-08 1.63596e-08 9.80772e-09 5.77468e-09 3.339e-09 1.89584e-09 1.05695e-09 5.78571e-10 3.10949e-10 1.64076e-10 8.50004e-11 4.3234e-11 2.15909e-11 1.05871e-11 5.09773e-12 2.41055e-12 1.11978e-12 5.11694e-13 2.31669e-13 1.08135e-13 
1.29298e-13 1.32301e-13 2.38066e-13 5.22566e-13 1.17907e-12 2.63131e-12 5.76653e-12 1.23931e-11 2.61122e-11 5.39345e-11 1.09203e-10 2.16742e-10 4.21695e-10 8.04291e-10 1.50388e-09 2.75693e-09 4.95561e-09 8.73518e-09 1.5101e-08 2.56072e-08 4.25993e-08 6.9534e-08 1.11382e-07 1.75116e-07 2.7027e-07 4.0954e-07 6.09372e-07 8.90459e-07 1.27803e-06 1.80183e-06 2.49557e-06 3.39586e-06 4.54033e-06 5.9651e-06 7.70153e-06 9.77251e-06 1.21885e-05 1.49442e-05 1.80152e-05 2.13571e-05 2.49048e-05 2.85754e-05 3.22709e-05 3.5884e-05 3.93042e-05 4.24231e-05 4.51411e-05 4.73712e-05 4.90427e-05 5.01033e-05 5.05202e-05 5.02807e-05 4.93922e-05 4.78823e-05 4.57986e-05 4.32074e-05 4.0192e-05 3.68498e-05 3.32872e-05 2.96146e-05 2.59403e-05 2.23642e-05 1.89726e-05 1.58346e-05 1.29991e-05 1.04952e-05 8.33283e-06 6.50552e-06 4.99382e-06 3.76896e-06 2.79658e-06 2.04e-06 1.46288e-06 1.03118e-06 7.1446e-07 4.86529e-07 3.25602e-07 2.14127e-07 1.38362e-07 8.78364e-08 5.47767e-08 3.35532e-08 2.01854e-08 1.19252e-08 6.91792e-09 3.94031e-09 2.20344e-09 1.20966e-09 6.51926e-10 3.44906e-10 1.7913e-10 9.13283e-11 4.57118e-11 2.24625e-11 1.08374e-11 5.13432e-12 2.3893e-12 1.09369e-12 4.9611e-13 2.32291e-13 
2.89065e-13 2.98501e-13 5.3826e-13 1.17907e-12 2.6525e-12 5.901e-12 1.28903e-11 2.76114e-11 5.79791e-11 1.19337e-10 2.40758e-10 4.76087e-10 9.22768e-10 1.75313e-09 3.26495e-09 5.96087e-09 1.06698e-08 1.8727e-08 3.22331e-08 5.44153e-08 9.01149e-08 1.4642e-07 2.3346e-07 3.65348e-07 5.61254e-07 8.46535e-07 1.25381e-06 1.82384e-06 2.60598e-06 3.65797e-06 5.04477e-06 6.83631e-06 9.10384e-06 1.19149e-05 1.53271e-05 1.93812e-05 2.40937e-05 2.94503e-05 3.54008e-05 4.18565e-05 4.8691e-05 5.57437e-05 6.28273e-05 6.97378e-05 7.62657e-05 8.22075e-05 8.73761e-05 9.16092e-05 9.47753e-05 9.67775e-05 9.75554e-05 9.70855e-05 9.53822e-05 9.24973e-05 8.85196e-05 8.35733e-05 7.78145e-05 7.14258e-05 6.46079e-05 5.75696e-05 5.05162e-05 4.36382e-05 3.71012e-05 3.10386e-05 2.55464e-05 2.06829e-05 1.64701e-05 1.28987e-05 9.93413e-06 7.52345e-06 5.60249e-06 4.10199e-06 2.95276e-06 2.08953e-06 1.4535e-06 9.93783e-07 6.6777e-07 4.40932e-07 2.86071e-07 1.82338e-07 1.14163e-07 7.02049e-08 4.23981e-08 2.51428e-08 1.46395e-08 8.36842e-09 4.69606e-09 2.58685e-09 1.39875e-09 7.42391e-10 3.86763e-10 1.97781e-10 9.92819e-11 4.8924e-11 2.36686e-11 1.12429e-11 5.24548e-12 2.40726e-12 1.09501e-12 5.14795e-13 
6.40125e-13 6.66707e-13 1.20405e-12 2.63131e-12 5.901e-12 1.30846e-11 2.8486e-11 6.08069e-11 1.27233e-10 2.60932e-10 5.24471e-10 1.03317e-09 1.99474e-09 3.77461e-09 7.00093e-09 1.27283e-08 2.26859e-08 3.9643e-08 6.79301e-08 1.14159e-07 1.88185e-07 3.04346e-07 4.82987e-07 7.52273e-07 1.15019e-06 1.72664e-06 2.54537e-06 3.68543e-06 5.24187e-06 7.325e-06 1.0058e-05 1.35722e-05 1.80002e-05 2.34658e-05 3.0073e-05 3.78924e-05 4.69478e-05 5.72048e-05 6.85616e-05 8.0845e-05 9.38118e-05 0.000107157 0.000120528 0.000133543 0.000145813 0.000156959 0.000166638 0.00017455 0.000180456 0.000184179 0.000185609 0.000184704 0.000181492 0.000176066 0.000168592 0.000159296 0.000148467 0.000136443 0.000123594 0.00011031 9.69745e-05 8.3944e-05 7.15319e-05 5.99918e-05 4.95094e-05 4.01996e-05 3.21102e-05 2.52294e-05 1.94973e-05 1.48189e-05 1.10762e-05 8.1409e-06 5.88324e-06 4.18007e-06 2.91963e-06 2.00446e-06 1.35251e-06 8.96796e-07 5.84251e-07 3.73934e-07 2.35081e-07 1.45146e-07 8.80038e-08 5.23906e-08 3.06205e-08 1.75686e-08 9.89451e-09 5.46963e-09 2.96764e-09 1.58032e-09 8.25958e-10 4.23702e-10 2.13338e-10 1.0544e-10 5.11576e-11 2.43689e-11 1.14009e-11 5.24649e-12 2.39367e-12 1.13012e-12 
1.39311e-12 1.46295e-12 2.64528e-12 5.76653e-12 1.28903e-11 2.8486e-11 6.18013e-11 1.31457e-10 2.7407e-10 5.59995e-10 1.12133e-09 2.20041e-09 4.23149e-09 7.97471e-09 1.47296e-08 2.66659e-08 4.73208e-08 8.2325e-08 1.40429e-07 2.3491e-07 3.85426e-07 6.20383e-07 9.79818e-07 1.51876e-06 2.3109e-06 3.45233e-06 5.0649e-06 7.2986e-06 1.03323e-05 1.4372e-05 1.96457e-05 2.63943e-05 3.48581e-05 4.52587e-05 5.77778e-05 7.25334e-05 8.95556e-05 0.000108766 0.000129965 0.000152819 0.000176874 0.000201563 0.000226238 0.0002502 0.000272741 0.00029318 0.000310894 0.000325351 0.00033612 0.000342886 0.000345457 0.000343758 0.000337838 0.000327868 0.000314142 0.00029707 0.000277168 0.000255046 0.000231376 0.000206864 0.00018221 0.000158069 0.000135019 0.000113532 9.39586e-05 7.65212e-05 6.13194e-05 4.83433e-05 3.74934e-05 2.86029e-05 2.14617e-05 1.5837e-05 1.14918e-05 8.19904e-06 5.75097e-06 3.96517e-06 2.68697e-06 1.78927e-06 1.17067e-06 7.52427e-07 4.75008e-07 2.94494e-07 1.79278e-07 1.07152e-07 6.28694e-08 3.6208e-08 2.04673e-08 1.13548e-08 6.18228e-09 3.30336e-09 1.73222e-09 8.91455e-10 4.5026e-10 2.23215e-10 1.08621e-10 5.18914e-11 2.4346e-11 1.12354e-11 5.14193e-12 2.43823e-12 
2.97522e-12 3.14931e-12 5.69998e-12 1.23931e-11 2.76114e-11 6.08069e-11 1.31457e-10 2.78615e-10 5.78735e-10 1.17806e-09 2.34986e-09 4.59302e-09 8.79698e-09 1.65105e-08 3.03668e-08 5.47371e-08 9.67062e-08 1.67482e-07 2.84374e-07 4.73469e-07 7.73135e-07 1.23842e-06 1.94638e-06 3.0021e-06 4.54532e-06 6.7568e-06 9.864e-06 1.41447e-05 1.99274e-05 2.75871e-05 3.75352e-05 5.02019e-05 6.6011e-05 8.53475e-05 0.000108519 0.000135714 0.00016696 0.00020209 0.000240717 0.000282223 0.000325774 0.000370346 0.000414775 0.000457817 0.000498218 0.000534777 0.000566404 0.000592168 0.000611321 0.000623319 0.000627827 0.00062472 0.000614084 0.00059622 0.000571638 0.000541053 0.000505374 0.000465669 0.000423125 0.00037899 0.000334509 0.000290855 0.000249067 0.000210006 0.000174315 0.000142415 0.000114508 9.05978e-05 7.05268e-05 5.40128e-05 4.06908e-05 3.0151e-05 2.19715e-05 1.57437e-05 1.10913e-05 7.68096e-06 5.22797e-06 3.49672e-06 2.29784e-06 1.48332e-06 9.40443e-07 5.85514e-07 3.57919e-07 2.1479e-07 1.26523e-07 7.31494e-08 4.15049e-08 2.31105e-08 1.26277e-08 6.77073e-09 3.56244e-09 1.83937e-09 9.32013e-10 4.63483e-10 2.26226e-10 1.08396e-10 5.10045e-11 2.36068e-11 1.08381e-11 5.16221e-12 
6.23344e-12 6.64907e-12 1.20428e-11 2.61122e-11 5.79791e-11 1.27233e-10 2.7407e-10 5.78735e-10 1.19763e-09 2.4285e-09 4.8251e-09 9.39326e-09 1.7917e-08 3.34859e-08 6.13239e-08 1.10052e-07 1.93559e-07 3.33677e-07 5.63904e-07 9.34384e-07 1.51835e-06 2.42012e-06 3.78459e-06 5.80795e-06 8.74892e-06 1.29396e-05 1.87944e-05 2.6815e-05 3.75896e-05 5.17838e-05 7.012e-05 9.33455e-05 0.000122187 0.000157292 0.000199164 0.000248089 0.000304066 0.000366751 0.000435418 0.000508948 0.000585851 0.000664323 0.000742329 0.000817712 0.000888307 0.000952055 0.0010071 0.00105186 0.00108506 0.0011058 0.0011135 0.00110798 0.00108936 0.00105816 0.00101526 0.000961853 0.0008995 0.000830025 0.000755465 0.000677973 0.000599703 0.000522702 0.000448795 0.000379504 0.000315988 0.000259023 0.000209002 0.000165978 0.000129712 9.9743e-05 7.54575e-05 5.61538e-05 4.11006e-05 2.95827e-05 2.09352e-05 1.45642e-05 9.9582e-06 6.69082e-06 4.41667e-06 2.86382e-06 1.82368e-06 1.14032e-06 7.0002e-07 4.21828e-07 2.49487e-07 1.4481e-07 8.24812e-08 4.60987e-08 2.52804e-08 1.3603e-08 7.18196e-09 3.7207e-09 1.89147e-09 9.43618e-10 4.62017e-10 2.2205e-10 1.04796e-10 4.86491e-11 2.24084e-11 1.07219e-11 
1.28109e-11 1.37667e-11 2.49459e-11 5.39345e-11 1.19337e-10 2.60932e-10 5.59995e-10 1.17806e-09 2.4285e-09 4.90512e-09 9.70681e-09 1.88194e-08 3.57464e-08 6.65223e-08 1.21291e-07 2.16695e-07 3.79374e-07 6.50944e-07 1.09482e-06 1.80526e-06 2.91895e-06 4.62912e-06 7.20209e-06 1.09956e-05 1.64774e-05 2.42431e-05 3.50291e-05 4.97193e-05 6.93402e-05 9.50415e-05 0.000128058 0.000169652 0.000221031 0.000283252 0.000357106 0.000442999 0.000540841 0.000649953 0.000769011 0.000896037 0.00102844 0.00116313 0.00129663 0.0014253 0.00154552 0.00165384 0.00174719 0.00182294 0.00187904 0.00191396 0.0019268 0.00191723 0.00188549 0.00183243 0.00175947 0.00166861 0.00156243 0.00144396 0.0013166 0.00118397 0.00104969 0.000917249 0.000789762 0.00066986 0.000559578 0.000460305 0.000372793 0.000297207 0.000233216 0.000180094 0.000136841 0.000102291 7.52124e-05 5.43868e-05 3.8669e-05 2.70278e-05 1.85671e-05 1.25334e-05 8.31181e-06 5.41415e-06 3.46327e-06 2.17512e-06 1.34105e-06 8.11537e-07 4.81963e-07 2.80875e-07 1.6061e-07 9.01085e-08 4.95994e-08 2.67856e-08 1.4192e-08 7.37765e-09 3.76313e-09 1.88351e-09 9.25164e-10 4.46035e-10 2.11153e-10 9.83257e-11 4.54426e-11 2.18447e-11 
2.58263e-11 2.79519e-11 5.06607e-11 1.09203e-10 2.40758e-10 5.24471e-10 1.12133e-09 2.34986e-09 4.8251e-09 9.70681e-09 1.91304e-08 3.69348e-08 6.98564e-08 1.29432e-07 2.34943e-07 4.17825e-07 7.28089e-07 1.24332e-06 2.08096e-06 3.41429e-06 5.49269e-06 8.66599e-06 1.34125e-05 2.03691e-05 3.0362e-05 4.44329e-05 6.38587e-05 9.01571e-05 0.000125073 0.00017054 0.000228609 0.000301352 0.000390715 0.000498363 0.000625487 0.000772615 0.000939439 0.00112467 0.00132596 0.0015399 0.00176211 0.0019874 0.00221005 0.00242406 0.00262351 0.00280283 0.00295704 0.00308195 0.00317424 0.00323154 0.0032524 0.00323628 0.0031836 0.0030957 0.00297486 0.00282431 0.00264817 0.00245135 0.00223937 0.00201813 0.0017936 0.00157152 0.00135709 0.00115474 0.000967955 0.000799159 0.000649741 0.00052012 0.000409874 0.000317912 0.000242659 0.000182239 0.000134633 9.78224e-05 6.98886e-05 4.9086e-05 3.38835e-05 2.29826e-05 1.5314e-05 1.00221e-05 6.44044e-06 4.06327e-06 2.51628e-06 1.52932e-06 9.12087e-07 5.33732e-07 3.06425e-07 1.72589e-07 9.53624e-08 5.16906e-08 2.74868e-08 1.43394e-08 7.3393e-09 3.68581e-09 1.81639e-09 8.78527e-10 4.17212e-10 1.94896e-10 9.03864e-11 4.36573e-11 
5.10714e-11 5.56545e-11 1.00865e-10 2.16742e-10 4.76087e-10 1.03317e-09 2.20041e-09 4.59302e-09 9.39326e-09 1.88194e-08 3.69348e-08 7.10056e-08 1.33711e-07 2.46642e-07 4.45664e-07 7.8889e-07 1.36816e-06 2.32501e-06 3.87208e-06 6.3209e-06 1.01163e-05 1.58771e-05 2.44424e-05 3.69201e-05 5.47336e-05 7.96614e-05 0.000113862 0.000159875 0.000220587 0.000299162 0.000398915 0.000523136 0.00067487 0.000856637 0.00107015 0.001316 0.00159342 0.00190004 0.00223182 0.00258304 0.00294648 0.0033137 0.00367546 0.0040222 0.00434451 0.00463362 0.00488172 0.00508228 0.00523018 0.00532173 0.00535471 0.00532832 0.00524322 0.00510146 0.00490661 0.00466368 0.00437911 0.00406061 0.0037169 0.00335735 0.00299147 0.00262852 0.00227692 0.00194395 0.0016354 0.00135542 0.00110648 0.000889527 0.0007041 0.000548639 0.000420755 0.000317519 0.000235729 0.000172129 0.000123591 8.7238e-05 6.05196e-05 4.12522e-05 2.76218e-05 1.81638e-05 1.17277e-05 7.43329e-06 4.62412e-06 2.82285e-06 1.69082e-06 9.93599e-07 5.72786e-07 3.23904e-07 1.79668e-07 9.77585e-08 5.21765e-08 2.73181e-08 1.40317e-08 7.07107e-09 3.49645e-09 1.69671e-09 8.08392e-10 3.78867e-10 1.76333e-10 8.55862e-11 
9.90677e-11 1.08668e-10 1.96886e-10 4.21695e-10 9.22768e-10 1.99474e-09 4.23149e-09 8.79698e-09 1.7917e-08 3.57464e-08 6.98564e-08 1.33711e-07 2.50674e-07 4.60291e-07 8.27854e-07 1.45848e-06 2.51718e-06 4.25645e-06 7.05293e-06 1.14541e-05 1.82354e-05 2.84668e-05 4.35863e-05 6.54749e-05 9.65265e-05 0.000139703 0.00019856 0.000277237 0.000380384 0.000513033 0.000680381 0.000887503 0.00113899 0.00143851 0.00178838 0.00218911 0.00263899 0.00313385 0.00366689 0.0042288 0.00480799 0.00539111 0.00596366 0.0065108 0.00701801 0.00747185 0.00786048 0.00817402 0.00840475 0.00854717 0.00859797 0.00855599 0.00842219 0.0081997 0.00789385 0.00751223 0.0070646 0.00656272 0.00601995 0.00545073 0.00486987 0.0042918 0.00372988 0.00319571 0.00269868 0.00224568 0.00184105 0.00148667 0.00118222 0.000925609 0.000713348 0.000541024 0.000403705 0.000296299 0.000213845 0.000151721 0.000105792 7.24775e-05 4.87727e-05 3.22304e-05 2.09107e-05 1.33164e-05 8.32232e-06 5.10346e-06 3.07035e-06 1.81204e-06 1.04899e-06 5.9562e-07 3.31708e-07 1.81188e-07 9.70729e-08 5.10134e-08 2.62976e-08 1.32994e-08 6.59901e-09 3.21318e-09 1.53604e-09 7.22317e-10 3.37416e-10 1.64588e-10 
1.88513e-10 2.08079e-10 3.76797e-10 8.04291e-10 1.75313e-09 3.77461e-09 7.97471e-09 1.65105e-08 3.34859e-08 6.65223e-08 1.29432e-07 2.46642e-07 4.60291e-07 8.41278e-07 1.50592e-06 2.64026e-06 4.53432e-06 7.62873e-06 1.25758e-05 2.03161e-05 3.21711e-05 4.99481e-05 7.60538e-05 0.000113606 0.000166534 0.000239647 0.000338655 0.000470124 0.000641344 0.000860087 0.00113426 0.00147143 0.00187826 0.00235988 0.00291919 0.00355622 0.0042676 0.00504616 0.00588083 0.00675681 0.00765602 0.0085579 0.00944039 0.010281 0.0110581 0.0117517 0.0123443 0.0128214 0.0131718 0.0133874 0.0134636 0.0133987 0.0131941 0.0128543 0.0123871 0.0118036 0.0111182 0.0103482 0.00951362 0.00863598 0.00773766 0.00684064 0.00596544 0.00513009 0.00434943 0.00363463 0.00299299 0.00242811 0.0019402 0.00152663 0.00118254 0.000901538 0.000676255 0.000498967 0.000362024 0.000258213 0.000180994 0.000124642 8.43063e-05 5.5993e-05 3.65071e-05 2.33613e-05 1.46691e-05 9.03709e-06 5.46146e-06 3.23741e-06 1.88218e-06 1.0732e-06 6.00121e-07 3.29111e-07 1.77012e-07 9.33777e-08 4.8316e-08 2.45238e-08 1.22119e-08 5.96699e-09 2.86231e-09 1.35066e-09 6.33315e-10 3.10501e-10 
3.51907e-10 3.90753e-10 7.07035e-10 1.50388e-09 3.26495e-09 7.00093e-09 1.47296e-08 3.03668e-08 6.13239e-08 1.21291e-07 2.34943e-07 4.45664e-07 8.27854e-07 1.50592e-06 2.68265e-06 4.68019e-06 7.99723e-06 1.33858e-05 2.19506e-05 3.52716e-05 5.55494e-05 8.57664e-05 0.000129857 0.000192865 0.000281083 0.000402122 0.000564917 0.000779609 0.0010573 0.00140965 0.0018483 0.00238416 0.00302655 0.00378222 0.00465444 0.00564205 0.00673877 0.00793273 0.00920637 0.0105368 0.0118967 0.0132551 0.0145796 0.015837 0.016996 0.0180276 0.018907 0.0196134 0.0201312 0.020449 0.0205603 0.0204627 0.0201583 0.0196535 0.0189591 0.018091 0.0170696 0.0159199 0.0146704 0.0133528 0.0119997 0.0106437 0.00931536 0.0080421 0.0068467 0.00574674 0.00475421 0.00387562 0.00311239 0.00246161 0.00191687 0.00146922 0.00110806 0.000822033 0.00059968 0.000430046 0.000303064 0.000209818 0.000142663 9.52396e-05 6.24097e-05 4.01343e-05 2.53233e-05 1.56745e-05 9.5164e-06 5.66649e-06 3.3089e-06 1.89479e-06 1.06399e-06 5.85893e-07 3.16384e-07 1.67552e-07 8.70277e-08 4.43382e-08 2.21597e-08 1.08667e-08 5.23113e-09 2.47724e-09 1.16607e-09 5.74674e-10 
6.44497e-10 7.19703e-10 1.30091e-09 2.75693e-09 5.96087e-09 1.27283e-08 2.66659e-08 5.47371e-08 1.10052e-07 2.16695e-07 4.17825e-07 7.8889e-07 1.45848e-06 2.64026e-06 4.68019e-06 8.12411e-06 1.38108e-05 2.29958e-05 3.75081e-05 5.99425e-05 9.38799e-05 0.000144129 0.000216969 0.000320368 0.000464151 0.000660064 0.000921718 0.00126435 0.00170439 0.0022588 0.00294416 0.00377563 0.00476564 0.00592257 0.00724941 0.00874258 0.010391 0.0121756 0.0140694 0.0160379 0.0180408 0.0200333 0.0219683 0.0237992 0.0254814 0.0269747 0.0282443 0.0292622 0.0300066 0.0304623 0.0306205 0.0304781 0.0300378 0.0293083 0.0283045 0.027048 0.0255669 0.0238959 0.0220752 0.0201491 0.0181644 0.0161676 0.0142035 0.012312 0.0105276 0.00887694 0.0073793 0.00604589 0.00488057 0.00388075 0.00303848 0.00234181 0.00177604 0.00132498 0.000972004 0.000700934 0.000496693 0.000345746 0.000236347 0.000158613 0.000104475 6.75253e-05 4.28167e-05 2.66305e-05 1.62444e-05 9.71725e-06 5.69985e-06 3.27829e-06 1.84878e-06 1.02232e-06 5.54322e-07 2.94741e-07 1.53692e-07 7.86033e-08 3.94331e-08 1.94087e-08 9.3772e-09 4.45691e-09 2.10628e-09 1.04354e-09 
1.15813e-09 1.30022e-09 2.34727e-09 4.95561e-09 1.06698e-08 2.26859e-08 4.73208e-08 9.67062e-08 1.93559e-07 3.79374e-07 7.28089e-07 1.36816e-06 2.51718e-06 4.53432e-06 7.99723e-06 1.38108e-05 2.33554e-05 3.86807e-05 6.27487e-05 9.97243e-05 0.000155303 0.000237058 0.000354776 0.000520741 0.000749913 0.00105996 0.00147107 0.0020055 0.00268686 0.00353902 0.00458484 0.00584449 0.00733374 0.0090621 0.0110311 0.0132326 0.0156481 0.0182479 0.0209915 0.0238288 0.0267017 0.029547 0.0322992 0.0348937 0.0372697 0.0393727 0.0411562 0.0425828 0.0436239 0.0442597 0.0444786 0.0442767 0.0436575 0.0426325 0.0412211 0.0394519 0.0373625 0.0349994 0.0324171 0.0296763 0.0268415 0.0239779 0.0211482 0.01841 0.0158132 0.0133978 0.0111934 0.0092188 0.00748211 0.0059823 0.00471035 0.0036511 0.00278495 0.00208964 0.00154177 0.00111816 0.000796821 0.000557756 0.000383365 0.000258663 0.000171274 0.000111272 7.0912e-05 4.43226e-05 2.7167e-05 1.63277e-05 9.62147e-06 5.55875e-06 3.14865e-06 1.74861e-06 9.52126e-07 5.08346e-07 2.66146e-07 1.36654e-07 6.88207e-08 3.40016e-08 1.64891e-08 7.86658e-09 3.73282e-09 1.85938e-09 
2.0421e-09 2.30425e-09 4.15371e-09 8.73518e-09 1.8727e-08 3.9643e-08 8.2325e-08 1.67482e-07 3.33677e-07 6.50944e-07 1.24332e-06 2.32501e-06 4.25645e-06 7.62873e-06 1.33858e-05 2.29958e-05 3.86807e-05 6.3714e-05 0.000102786 0.000162432 0.000251506 0.000381658 0.000567783 0.000828357 0.0011856 0.00166541 0.00229691 0.0031117 0.00414267 0.00542236 0.00698102 0.00884438 0.0110312 0.0135509 0.0164013 0.0195669 0.0230177 0.026709 0.0305819 0.0345652 0.0385782 0.0425341 0.0463442 0.0499221 0.0531874 0.0560687 0.0585058 0.0604506 0.0618668 0.0627296 0.0630244 0.0627464 0.0619 0.0604996 0.0585698 0.0561471 0.0532798 0.0500283 0.0464642 0.0426679 0.0387256 0.0347256 0.0307541 0.0268911 0.0232071 0.0197605 0.0165955 0.0137419 0.0112155 0.00901856 0.00714236 0.00556876 0.0042728 0.00322498 0.00239347 0.00174599 0.00125141 0.00088095 0.000608898 0.000413093 0.000275005 0.000179604 0.000115051 7.22739e-05 4.45181e-05 2.6885e-05 1.59174e-05 9.23862e-06 5.25668e-06 2.93219e-06 1.60349e-06 8.59736e-07 4.51981e-07 2.33012e-07 1.17814e-07 5.84336e-08 2.8446e-08 1.36232e-08 6.49142e-09 3.25121e-09 
3.53366e-09 4.00631e-09 7.2097e-09 1.5101e-08 3.22331e-08 6.79301e-08 1.40429e-07 2.84374e-07 5.63904e-07 1.09482e-06 2.08096e-06 3.87208e-06 7.05293e-06 1.25758e-05 2.19506e-05 3.75081e-05 6.27487e-05 0.000102786 0.000164883 0.000259067 0.000398786 0.000601552 0.000889497 0.00128974 0.00183447 0.00256061 0.00350909 0.00472347 0.0062481 0.0081258 0.010395 0.0130868 0.0162217 0.0198066 0.0238325 0.028272 0.0330786 0.038187 0.0435139 0.0489613 0.0544199 0.0597743 0.0649082 0.0697095 0.0740754 0.0779154 0.0811545 0.0837329 0.0856066 0.0867453 0.0871317 0.08676 0.0856356 0.0837756 0.0812102 0.0779839 0.0741566 0.0698041 0.0650172 0.0598989 0.0545611 0.0491196 0.0436893 0.0383781 0.0332832 0.0284868 0.0240534 0.0200292 0.0164411 0.0132985 0.0105949 0.00831055 0.00641519 0.00487133 0.00363712 0.00266905 0.0019243 0.00136252 0.000947133 0.000646166 0.000432533 0.000284007 0.000182888 0.000115482 7.14916e-05 4.33878e-05 2.58121e-05 1.50524e-05 8.60426e-06 4.8212e-06 2.6482e-06 1.42602e-06 7.5287e-07 3.89742e-07 1.97859e-07 9.85254e-08 4.81509e-08 2.31509e-08 1.10784e-08 5.57941e-09 
6.00137e-09 6.83452e-09 1.22761e-08 2.56072e-08 5.44153e-08 1.14159e-07 2.3491e-07 4.73469e-07 9.34384e-07 1.80526e-06 3.41429e-06 6.3209e-06 1.14541e-05 2.03161e-05 3.52716e-05 5.99425e-05 9.97243e-05 0.000162432 0.000259067 0.000404669 0.000619205 0.00092839 0.00136434 0.00196588 0.00277845 0.0038534 0.00524655 0.00701618 0.00922018 0.0119127 0.0151404 0.0189384 0.0233264 0.0283051 0.0338534 0.0399265 0.046455 0.053346 0.0604856 0.0677424 0.0749731 0.0820289 0.0887617 0.0950313 0.10071 0.105688 0.109875 0.1132 0.11561 0.117072 0.117565 0.117082 0.11563 0.113229 0.109913 0.105736 0.100767 0.0950991 0.088843 0.0821263 0.0750896 0.0678802 0.0606461 0.0535293 0.0466596 0.0401495 0.0340906 0.0285512 0.0235757 0.019185 0.0153786 0.0121375 0.00942751 0.00720307 0.0054112 0.00399516 0.00289773 0.00206393 0.00144308 0.000990153 0.000666513 0.000440049 0.000284899 0.000180843 0.000112533 6.86404e-05 4.10371e-05 2.40467e-05 1.38107e-05 7.77434e-06 4.28966e-06 2.32017e-06 1.23026e-06 6.39577e-07 3.2604e-07 1.63014e-07 7.99863e-08 3.86116e-08 1.85571e-08 9.39841e-09 
1.00047e-08 1.14413e-08 2.05083e-08 4.25993e-08 9.01149e-08 1.88185e-07 3.85426e-07 7.73135e-07 1.51835e-06 2.91895e-06 5.49269e-06 1.01163e-05 1.82354e-05 3.21711e-05 5.55494e-05 9.38799e-05 0.000155303 0.000251506 0.000398786 0.000619205 0.000941741 0.00140328 0.00204932 0.00293412 0.00412022 0.00567704 0.00767865 0.0102006 0.0133157 0.0170897 0.0215761 0.0268113 0.0328098 0.0395603 0.047023 0.055128 0.0637757 0.0728382 0.0821638 0.0915818 0.10091 0.109962 0.118557 0.126523 0.133709 0.139987 0.145249 0.149418 0.152433 0.154257 0.154869 0.154261 0.15244 0.149427 0.145261 0.14 0.133727 0.126547 0.118591 0.110012 0.10098 0.0916764 0.0822867 0.0729915 0.0639593 0.05534 0.0472595 0.039816 0.0330781 0.027085 0.0218479 0.0173527 0.0135638 0.010429 0.00788383 0.00585693 0.00427417 0.00306272 0.00215416 0.00148668 0.00100648 0.000668233 0.00043501 0.000277615 0.000173662 0.000106474 6.39776e-05 3.76747e-05 2.17423e-05 1.22972e-05 6.81671e-06 3.70371e-06 1.97257e-06 1.02993e-06 5.27256e-07 2.64711e-07 1.30415e-07 6.32118e-08 3.05143e-08 1.55418e-08 
1.63733e-08 1.87973e-08 3.36188e-08 6.9534e-08 1.4642e-07 3.04346e-07 6.20383e-07 1.23842e-06 2.42012e-06 4.62912e-06 8.66599e-06 1.58771e-05 2.84668e-05 4.99481e-05 8.57664e-05 0.000144129 0.000237058 0.000381658 0.000601552 0.00092839 0.00140328 0.00207794 0.00301528 0.0042893 0.00598384 0.00819028 0.011004 0.0145197 0.0188256 0.0239978 0.0300934 0.037145 0.0451554 0.0540934 0.063892 0.0744476 0.0856213 0.0972427 0.109116 0.121025 0.132747 0.144055 0.154733 0.164584 0.173432 0.18113 0.187564 0.192646 0.196314 0.198528 0.199267 0.198523 0.196303 0.192629 0.18754 0.1811 0.173397 0.164548 0.154703 0.144036 0.132747 0.121052 0.109175 0.0973396 0.085758 0.0746239 0.0641053 0.0543386 0.0454256 0.0374322 0.0303887 0.0242924 0.0191112 0.014789 0.0112514 0.0084117 0.00617693 0.00445344 0.00315129 0.00218779 0.00148977 0.000994771 0.000651215 0.000417878 0.000262811 0.000161981 9.78333e-05 5.79025e-05 3.35811e-05 1.9085e-05 1.06294e-05 5.80193e-06 3.10402e-06 1.62784e-06 8.36935e-07 4.21955e-07 2.08743e-07 1.01596e-07 4.92628e-08 2.52338e-08 
2.63086e-08 3.0313e-08 5.40858e-08 1.11382e-07 2.3346e-07 4.82987e-07 9.79818e-07 1.94638e-06 3.78459e-06 7.20209e-06 1.34125e-05 2.44424e-05 4.35863e-05 7.60538e-05 0.000129857 0.000216969 0.000354776 0.000567783 0.000889497 0.00136434 0.00204932 0.00301528 0.00434723 0.00614354 0.00851377 0.0115749 0.015446 0.0202416 0.0260644 0.0329972 0.0410952 0.0503797 0.0608326 0.072393 0.0849562 0.0983748 0.112462 0.126997 0.141735 0.156412 0.17076 0.184517 0.197434 0.209288 0.219886 0.229071 0.236721 0.242746 0.247084 0.249698 0.250566 0.249683 0.247053 0.242698 0.236656 0.228989 0.219789 0.20918 0.197322 0.184411 0.170669 0.156346 0.141704 0.12701 0.112523 0.0984869 0.0851185 0.0726018 0.0610816 0.0506605 0.0413979 0.0333113 0.0263793 0.0205474 0.0157342 0.0118389 0.00874895 0.00634735 0.00451913 0.00315643 0.00216215 0.00145217 0.000956081 0.000616948 0.000390141 0.000241753 0.000146782 8.73204e-05 5.08975e-05 2.90688e-05 1.62678e-05 8.92133e-06 4.7948e-06 2.52579e-06 1.30428e-06 6.60377e-07 3.28057e-07 1.60335e-07 7.80951e-08 4.0231e-08 
4.15086e-08 4.79872e-08 8.54071e-08 1.75116e-07 3.65348e-07 7.52273e-07 1.51876e-06 3.0021e-06 5.80795e-06 1.09956e-05 2.03691e-05 3.69201e-05 6.54749e-05 0.000113606 0.000192865 0.000320368 0.000520741 0.000828357 0.00128974 0.00196588 0.00293412 0.0042893 0.00614354 0.00862447 0.0118715 0.0160302 0.0212444 0.0276478 0.0353536 0.0444455 0.0549685 0.0669223 0.0802562 0.0948676 0.110602 0.127259 0.144593 0.16233 0.18017 0.197802 0.214917 0.231218 0.246432 0.260317 0.272671 0.283332 0.292178 0.299124 0.304114 0.307114 0.308108 0.307089 0.304062 0.299045 0.292069 0.283194 0.272506 0.26013 0.24623 0.231013 0.21472 0.197626 0.180028 0.162233 0.144551 0.127277 0.110683 0.0950102 0.0804559 0.0671713 0.0552567 0.0447611 0.035684 0.0279805 0.021568 0.0163347 0.0121494 0.00887056 0.0063552 0.00446621 0.00307787 0.00207947 0.00137707 0.000893678 0.000568298 0.000354078 0.000216133 0.000129251 7.5724e-05 4.34642e-05 2.44427e-05 1.34684e-05 7.27229e-06 3.84823e-06 1.99593e-06 1.01492e-06 5.0631e-07 2.48498e-07 1.21585e-07 6.29927e-08 
6.43135e-08 7.45822e-08 1.32396e-07 2.7027e-07 5.61254e-07 1.15019e-06 2.3109e-06 4.54532e-06 8.74892e-06 1.64774e-05 3.0362e-05 5.47336e-05 9.65265e-05 0.000166534 0.000281083 0.000464151 0.000749913 0.0011856 0.00183447 0.00277845 0.00412022 0.00598384 0.00851377 0.0118715 0.0162298 0.0217644 0.0286435 0.0370162 0.0470003 0.0586713 0.0720524 0.0871085 0.103743 0.121797 0.141055 0.161252 0.18208 0.203204 0.224272 0.244928 0.264827 0.283647 0.301098 0.316932 0.330947 0.342986 0.352937 0.360726 0.366308 0.369657 0.370764 0.369623 0.366238 0.360619 0.35279 0.342798 0.330719 0.316668 0.300807 0.283339 0.264517 0.24463 0.224003 0.202979 0.181911 0.161149 0.141025 0.121842 0.103862 0.0872959 0.0722988 0.0589648 0.0473271 0.0373613 0.0289923 0.0221036 0.0165481 0.0121603 0.00876759 0.00620015 0.00429911 0.00292211 0.00194654 0.00127058 0.000812569 0.000509087 0.000312444 0.00018784 0.000110621 6.38163e-05 3.60654e-05 1.99685e-05 1.08326e-05 5.75838e-06 2.99993e-06 1.53205e-06 7.6752e-07 3.78294e-07 1.85932e-07 9.68774e-08 
9.78659e-08 1.13817e-07 2.01503e-07 4.0954e-07 8.46535e-07 1.72664e-06 3.45233e-06 6.7568e-06 1.29396e-05 2.42431e-05 4.44329e-05 7.96614e-05 0.000139703 0.000239647 0.000402122 0.000660064 0.00105996 0.00166541 0.00256061 0.0038534 0.00567704 0.00819028 0.0115749 0.0160302 0.0217644 0.0289833 0.0378764 0.048602 0.061273 0.0759443 0.0926031 0.111164 0.131468 0.153288 0.176334 0.200268 0.224716 0.249281 0.273563 0.297169 0.319728 0.340905 0.360407 0.377991 0.393469 0.4067 0.417591 0.426087 0.43216 0.435797 0.436996 0.435757 0.432077 0.425959 0.417414 0.406471 0.393188 0.377662 0.360036 0.340504 0.319311 0.296752 0.273164 0.248918 0.224404 0.200024 0.176168 0.153207 0.131476 0.111258 0.0927773 0.0761879 0.0615719 0.0489397 0.0382355 0.0293468 0.022117 0.0163593 0.0118713 0.00844833 0.00589455 0.00403108 0.00270141 0.0017737 0.00114086 0.0007188 0.000443583 0.000268115 0.000158724 9.20352e-05 5.22724e-05 2.90822e-05 1.58511e-05 8.46475e-06 4.42951e-06 2.27192e-06 1.14299e-06 5.65735e-07 2.79319e-07 1.46355e-07 
1.46273e-07 1.70561e-07 3.01138e-07 6.09372e-07 1.25381e-06 2.54537e-06 5.0649e-06 9.864e-06 1.87944e-05 3.50291e-05 6.38587e-05 0.000113862 0.00019856 0.000338655 0.000564917 0.000921718 0.00147107 0.00229691 0.00350909 0.00524655 0.00767865 0.011004 0.015446 0.0212444 0.0286435 0.0378764 0.0491478 0.0626158 0.0783757 0.0964463 0.116762 0.13917 0.163433 0.18924 0.21622 0.243955 0.272004 0.299913 0.327242 0.353571 0.378519 0.401752 0.422992 0.442016 0.45866 0.472815 0.484415 0.493432 0.499859 0.503702 0.504968 0.503659 0.499771 0.493294 0.484223 0.472564 0.458348 0.441643 0.422564 0.401278 0.378012 0.353047 0.326721 0.299414 0.271546 0.243558 0.2159 0.18901 0.163301 0.13914 0.116833 0.0966098 0.078619 0.0629221 0.0494977 0.0382497 0.0290206 0.0216082 0.0157828 0.0113043 0.00793708 0.00546158 0.00368232 0.00243215 0.0015735 0.000997029 0.000618704 0.000375991 0.000223764 0.000130415 7.44415e-05 4.16177e-05 2.27906e-05 1.22263e-05 6.42635e-06 3.31034e-06 1.67243e-06 8.31261e-07 4.12262e-07 2.17215e-07 
2.1475e-07 2.51013e-07 4.41954e-07 8.90459e-07 1.82384e-06 3.68543e-06 7.2986e-06 1.41447e-05 2.6815e-05 4.97193e-05 9.01571e-05 0.000159875 0.000277237 0.000470124 0.000779609 0.00126435 0.0020055 0.0031117 0.00472347 0.00701618 0.0102006 0.0145197 0.0202416 0.0276478 0.0370162 0.048602 0.0626158 0.0792028 0.0984245 0.120246 0.14453 0.171038 0.19944 0.229332 0.26025 0.291699 0.323171 0.354168 0.384219 0.412896 0.439825 0.46469 0.487244 0.507301 0.524738 0.539484 0.551511 0.560824 0.567443 0.571394 0.572695 0.571353 0.567359 0.56069 0.551322 0.539232 0.524419 0.506914 0.486789 0.464175 0.439259 0.412295 0.383599 0.35355 0.322577 0.291151 0.259769 0.228938 0.199149 0.170859 0.144468 0.120299 0.0985827 0.0794509 0.0629336 0.0489666 0.0374042 0.0280373 0.020614 0.0148606 0.0105007 0.00727087 0.00493227 0.00327731 0.00213273 0.00135912 0.000848113 0.000518211 0.000310037 0.000181629 0.000104193 5.85334e-05 3.22048e-05 1.73555e-05 9.16264e-06 4.74007e-06 2.40475e-06 1.20022e-06 5.97892e-07 3.16745e-07 
3.09719e-07 3.62816e-07 6.37027e-07 1.27803e-06 2.60598e-06 5.24187e-06 1.03323e-05 1.99274e-05 3.75896e-05 6.93402e-05 0.000125073 0.000220587 0.000380384 0.000641344 0.0010573 0.00170439 0.00268686 0.00414267 0.0062481 0.00922018 0.0133157 0.0188256 0.0260644 0.0353536 0.0470003 0.061273 0.0783757 0.0984245 0.121429 0.14728 0.175751 0.2065 0.239093 0.273021 0.30773 0.342647 0.37721 0.410886 0.443195 0.473717 0.502102 0.528078 0.551441 0.57206 0.589862 0.604826 0.616969 0.626333 0.632969 0.636922 0.638225 0.636888 0.632897 0.626218 0.616801 0.604597 0.589565 0.571689 0.550996 0.527559 0.501516 0.473074 0.442511 0.41018 0.376502 0.341964 0.307096 0.272462 0.238631 0.206154 0.175533 0.147195 0.121473 0.0985865 0.078636 0.0616074 0.0473822 0.0357565 0.0264644 0.019203 0.0136563 0.00951551 0.00649478 0.00434157 0.00284196 0.00182149 0.001143 0.000702192 0.000422331 0.000248684 0.000143369 8.09304e-05 4.47355e-05 2.42173e-05 1.28411e-05 6.67113e-06 3.39836e-06 1.70307e-06 8.52103e-07 4.53837e-07 
4.38824e-07 5.15087e-07 9.01873e-07 1.80183e-06 3.65797e-06 7.325e-06 1.4372e-05 2.75871e-05 5.17838e-05 9.50415e-05 0.00017054 0.000299162 0.000513033 0.000860087 0.00140965 0.0022588 0.00353902 0.00542236 0.0081258 0.0119127 0.0170897 0.0239978 0.0329972 0.0444455 0.0586713 0.0759443 0.0964463 0.120246 0.14728 0.177347 0.210111 0.245115 0.281808 0.319575 0.357774 0.395765 0.432943 0.468763 0.502751 0.534517 0.563761 0.590264 0.613889 0.634566 0.652288 0.667088 0.679033 0.688203 0.694679 0.698531 0.699802 0.698508 0.694629 0.688118 0.678904 0.666905 0.65204 0.634246 0.613489 0.589782 0.563197 0.533878 0.502046 0.468008 0.432158 0.394974 0.357006 0.31886 0.281176 0.244593 0.209722 0.177104 0.147186 0.120295 0.0966234 0.0762253 0.0590276 0.0448467 0.033414 0.0244051 0.0174677 0.0122481 0.00841155 0.00565681 0.00372469 0.00240094 0.001515 0.000935767 0.00056577 0.000334841 0.000193992 0.000110028 6.10997e-05 3.32233e-05 1.76922e-05 9.22952e-06 4.72062e-06 2.37522e-06 1.19349e-06 6.38985e-07 
6.10832e-07 7.18296e-07 1.25422e-06 2.49557e-06 5.04477e-06 1.0058e-05 1.96457e-05 3.75352e-05 7.012e-05 0.000128058 0.000228609 0.000398915 0.000680381 0.00113426 0.0018483 0.00294416 0.00458484 0.00698102 0.010395 0.0151404 0.0215761 0.0300934 0.0410952 0.0549685 0.0720524 0.0926031 0.116762 0.14453 0.175751 0.210111 0.24715 0.286285 0.326845 0.368112 0.409362 0.449905 0.489113 0.526445 0.56146 0.593819 0.623286 0.649719 0.673054 0.693299 0.710511 0.724786 0.736238 0.744987 0.751146 0.754801 0.75601 0.754791 0.751122 0.744942 0.736161 0.724666 0.710336 0.693056 0.672733 0.649312 0.622788 0.593229 0.560781 0.525688 0.488294 0.449046 0.408492 0.367264 0.326056 0.285591 0.246583 0.209695 0.175499 0.144444 0.116832 0.0928073 0.0723623 0.0553507 0.0415158 0.0305215 0.0219861 0.0155135 0.0107197 0.00725238 0.00480321 0.00311377 0.00197565 0.00122683 0.000745595 0.000443481 0.000258179 0.00014712 8.20668e-05 4.48189e-05 2.39675e-05 1.2554e-05 6.44631e-06 3.25621e-06 1.64301e-06 8.84114e-07 
8.3537e-07 9.8396e-07 1.71345e-06 3.39586e-06 6.83631e-06 1.35722e-05 2.63943e-05 5.02019e-05 9.33455e-05 0.000169652 0.000301352 0.000523136 0.000887503 0.00147143 0.00238416 0.00377563 0.00584449 0.00884438 0.0130868 0.0189384 0.0268113 0.037145 0.0503797 0.0669223 0.0871085 0.111164 0.13917 0.171038 0.2065 0.245115 0.286285 0.329296 0.373359 0.417661 0.461413 0.503892 0.544469 0.582632 0.617993 0.650285 0.679355 0.705146 0.727682 0.747047 0.76337 0.776804 0.787512 0.795651 0.801358 0.804739 0.80586 0.804744 0.801364 0.795651 0.787495 0.776758 0.763282 0.746902 0.727466 0.704846 0.678959 0.649785 0.617386 0.58192 0.543662 0.503009 0.460481 0.416714 0.372438 0.328445 0.285546 0.244522 0.206078 0.170799 0.139111 0.111269 0.087351 0.067267 0.050789 0.0375828 0.0272459 0.0193451 0.0134489 0.00915292 0.00609697 0.00397466 0.0025356 0.00158284 0.000966858 0.00057792 0.000338043 0.000193511 0.000108422 5.94637e-05 3.19292e-05 1.67903e-05 8.65465e-06 4.38833e-06 2.22322e-06 1.20219e-06 
1.12248e-06 1.32411e-06 2.29969e-06 4.54033e-06 9.10384e-06 1.80002e-05 3.48581e-05 6.6011e-05 0.000122187 0.000221031 0.000390715 0.00067487 0.00113899 0.00187826 0.00302655 0.00476564 0.00733374 0.0110312 0.0162217 0.0233264 0.0328098 0.0451554 0.0608326 0.0802562 0.103743 0.131468 0.163433 0.19944 0.239093 0.281808 0.326845 0.373359 0.42045 0.467228 0.512855 0.556599 0.597855 0.636162 0.671207 0.702813 0.730919 0.755564 0.776862 0.794976 0.810102 0.822448 0.832221 0.839606 0.844764 0.847813 0.848828 0.847832 0.8448 0.839652 0.832266 0.822481 0.810108 0.794939 0.776766 0.755391 0.730652 0.702437 0.670711 0.63554 0.597108 0.55574 0.511906 0.466223 0.419432 0.372376 0.325949 0.281044 0.238498 0.199038 0.16323 0.131456 0.103898 0.0805448 0.0612146 0.0455901 0.0332598 0.0237609 0.0166182 0.011376 0.00762089 0.00499547 0.0032038 0.00201027 0.00123406 0.000741172 0.000435539 0.000250433 0.000140915 7.76033e-05 4.18346e-05 2.20832e-05 1.1425e-05 5.81431e-06 2.95717e-06 1.60661e-06 
1.48198e-06 1.75051e-06 3.03246e-06 5.9651e-06 1.19149e-05 2.34658e-05 4.52587e-05 8.53475e-05 0.000157292 0.000283252 0.000498363 0.000856637 0.00143851 0.00235988 0.00378222 0.00592257 0.0090621 0.0135509 0.0198066 0.0283051 0.0395603 0.0540934 0.072393 0.0948676 0.121797 0.153288 0.18924 0.229332 0.273021 0.319575 0.368112 0.417661 0.467228 0.515859 0.562698 0.607024 0.648283 0.686086 0.720213 0.750587 0.777251 0.800343 0.820062 0.836648 0.850359 0.86145 0.870162 0.876704 0.881253 0.883935 0.884832 0.883968 0.881315 0.876791 0.870264 0.861557 0.850457 0.83672 0.82009 0.800307 0.777129 0.750358 0.719857 0.685589 0.647637 0.606234 0.561778 0.514841 0.466152 0.416581 0.367084 0.318656 0.272259 0.228762 0.188883 0.153143 0.121848 0.0950824 0.0727315 0.0545114 0.0400152 0.0287601 0.0202332 0.0139299 0.00938354 0.00618391 0.00398658 0.00251395 0.00155071 0.000935683 0.0005523 0.000318936 0.000180203 9.96339e-05 5.39161e-05 2.85652e-05 1.48312e-05 7.57435e-06 3.8668e-06 2.11027e-06 
1.92258e-06 2.27365e-06 3.92896e-06 7.70153e-06 1.53271e-05 3.0073e-05 5.77778e-05 0.000108519 0.000199164 0.000357106 0.000625487 0.00107015 0.00178838 0.00291919 0.00465444 0.00724941 0.0110311 0.0164013 0.0238325 0.0338534 0.047023 0.063892 0.0849562 0.110602 0.141055 0.176334 0.21622 0.26025 0.30773 0.357774 0.409362 0.461413 0.512855 0.562698 0.610087 0.654343 0.694982 0.731708 0.764407 0.793109 0.817964 0.839206 0.857115 0.872001 0.884172 0.89392 0.901513 0.907176 0.911093 0.913398 0.914172 0.913441 0.911177 0.907296 0.901663 0.894091 0.88435 0.872172 0.857261 0.839304 0.81799 0.793036 0.764208 0.731362 0.69447 0.653661 0.60924 0.56171 0.511766 0.460274 0.408235 0.356722 0.306814 0.259518 0.215705 0.176047 0.140987 0.110728 0.0852356 0.0642794 0.0474715 0.0343205 0.0242834 0.0168113 0.0113855 0.00754223 0.00488664 0.00309644 0.0019189 0.00116303 0.000689447 0.00039978 0.000226777 0.000125862 6.8358e-05 3.63439e-05 1.89341e-05 9.70231e-06 4.97091e-06 2.72446e-06 
2.45097e-06 2.90157e-06 5.00212e-06 9.77251e-06 1.93812e-05 3.78924e-05 7.25334e-05 0.000135714 0.000248089 0.000442999 0.000772615 0.001316 0.00218911 0.00355622 0.00564205 0.00874258 0.0132326 0.0195669 0.028272 0.0399265 0.055128 0.0744476 0.0983748 0.127259 0.161252 0.200268 0.243955 0.291699 0.342647 0.395765 0.449905 0.503892 0.556599 0.607024 0.654343 0.697941 0.737422 0.7726 0.803472 0.830182 0.852983 0.872195 0.888175 0.901287 0.91188 0.920274 0.926751 0.931546 0.934844 0.93678 0.937433 0.93683 0.934943 0.931691 0.926937 0.920494 0.912124 0.901542 0.888423 0.872415 0.853148 0.830263 0.803436 0.772417 0.737066 0.697396 0.653606 0.606109 0.555537 0.502733 0.448713 0.394609 0.341597 0.290816 0.243285 0.199834 0.161056 0.127281 0.098581 0.074791 0.0555585 0.0403964 0.0287407 0.0200038 0.0136178 0.00906612 0.00590227 0.00375734 0.00233884 0.00142362 0.000847396 0.000493305 0.000280888 0.000156459 8.52714e-05 4.54879e-05 2.37744e-05 1.22216e-05 6.28298e-06 3.45756e-06 
