8.33473e-25 4.90269e-25 1.33851e-24 5.46381e-24 2.23925e-23 8.94325e-23 3.47354e-22 1.31134e-21 4.81006e-21 1.71362e-20 5.92726e-20 1.98988e-19 6.48198e-19 2.04826e-18 6.27721e-18 1.86545e-17 5.37512e-17 1.5016e-16 4.06698e-16 1.06797e-15 2.71916e-15 6.71334e-15 1.60733e-14 3.7322e-14 8.40504e-14 1.83583e-13 3.88893e-13 7.98911e-13 1.59142e-12 3.07345e-12 5.75363e-12 1.04386e-11 1.83494e-11 3.12444e-11 5.15172e-11 8.22257e-11 1.26986e-10 1.89667e-10 2.7385e-10 3.82055e-10 5.1487e-10 6.70187e-10 8.42823e-10 1.02478e-09 1.20621e-09 1.37684e-09 1.52753e-09 1.65141e-09 1.74425e-09 1.80403e-09 1.83015e-09 1.82244e-09 1.78083e-09 1.70543e-09 1.5974e-09 1.45986e-09 1.29851e-09 1.1216e-09 9.39067e-10 7.61111e-10 5.96692e-10 4.52335e-10 3.31581e-10 2.35108e-10 1.61318e-10 1.07166e-10 6.89645e-11 4.30129e-11 2.60121e-11 1.52593e-11 8.68624e-12 4.79968e-12 2.57517e-12 1.34193e-12 6.79356e-13 3.34194e-13 1.59778e-13 7.42536e-14 3.35468e-14 1.47351e-14 6.29285e-15 2.61308e-15 1.05508e-15 4.14247e-16 1.58161e-16 5.87271e-17 2.12092e-17 7.451e-18 2.54676e-18 8.47101e-19 2.74259e-19 8.64537e-20 2.6542e-20 7.93873e-21 2.31411e-21 6.57641e-22 1.82274e-22 4.92903e-23 1.30123e-23 3.37255e-24 
4.90269e-25 2.8712e-25 8.10573e-25 3.40285e-24 1.43162e-23 5.86975e-23 2.34088e-22 9.07568e-22 3.41925e-21 1.25127e-20 4.44598e-20 1.53325e-19 5.13025e-19 1.66497e-18 5.23962e-18 1.59852e-17 4.72696e-17 1.35468e-16 3.7622e-16 1.01247e-15 2.64032e-15 6.67221e-15 1.63393e-14 3.87755e-14 8.9175e-14 1.98737e-13 4.29179e-13 8.98001e-13 1.82027e-12 3.57391e-12 6.79548e-12 1.25105e-11 2.22952e-11 3.84519e-11 6.41603e-11 1.03539e-10 1.61531e-10 2.43511e-10 3.54551e-10 4.98354e-10 6.76004e-10 8.8484e-10 1.11787e-09 1.3641e-09 1.60986e-09 1.84088e-09 2.04455e-09 2.2115e-09 2.33615e-09 2.41609e-09 2.45074e-09 2.44005e-09 2.38382e-09 2.28202e-09 2.13595e-09 1.94964e-09 1.73084e-09 1.49094e-09 1.24374e-09 1.00342e-09 7.82284e-10 5.89179e-10 4.28704e-10 3.01463e-10 2.04967e-10 1.34814e-10 8.5827e-11 5.29129e-11 3.16041e-11 1.82954e-11 1.02686e-11 5.58972e-12 2.95196e-12 1.51283e-12 7.52564e-13 3.6347e-13 1.70473e-13 7.76565e-14 3.43638e-14 1.47732e-14 6.17082e-15 2.50461e-15 9.87882e-16 3.78684e-16 1.41093e-16 5.1103e-17 1.7996e-17 6.1628e-18 2.05285e-18 6.65312e-19 2.09853e-19 6.44414e-20 1.92721e-20 5.61518e-21 1.59455e-21 4.41496e-22 1.19235e-22 3.14231e-23 8.08588e-24 2.04277e-24 
1.33851e-24 8.10573e-25 2.38102e-24 1.0138e-23 4.3113e-23 1.78555e-22 7.1892e-22 2.81256e-21 1.06866e-20 3.94191e-20 1.41096e-19 4.89886e-19 1.64925e-18 5.38202e-18 1.70195e-17 5.2142e-17 1.54733e-16 4.44709e-16 1.23775e-15 3.33608e-15 8.70761e-15 2.20109e-14 5.38871e-14 1.27781e-13 2.93502e-13 6.53022e-13 1.4074e-12 2.93803e-12 5.94031e-12 1.16312e-11 2.20516e-11 4.04746e-11 7.19074e-11 1.23629e-10 2.05642e-10 3.30839e-10 5.14608e-10 7.73578e-10 1.12331e-09 1.57498e-09 2.1315e-09 2.78409e-09 3.51054e-09 4.27629e-09 5.03868e-09 5.75353e-09 6.38204e-09 6.89573e-09 7.27798e-09 7.52193e-09 7.62626e-09 7.59096e-09 7.41536e-09 7.09911e-09 6.64587e-09 6.06783e-09 5.38878e-09 4.64392e-09 3.87605e-09 3.12915e-09 2.44151e-09 1.8406e-09 1.34079e-09 9.44079e-10 6.4283e-10 4.23493e-10 2.70069e-10 1.66794e-10 9.9802e-11 5.78768e-11 3.25397e-11 1.77414e-11 9.38292e-12 4.8147e-12 2.39758e-12 1.15886e-12 5.43766e-13 2.47724e-13 1.09582e-13 4.70713e-14 1.96353e-14 7.95438e-15 3.12954e-15 1.19588e-15 4.43886e-16 1.60059e-16 5.60772e-17 1.9093e-17 6.319e-18 2.03341e-18 6.36414e-19 1.93792e-19 5.7434e-20 1.65732e-20 4.6582e-21 1.2758e-21 3.40628e-22 8.86946e-23 2.25372e-23 5.61976e-24 
5.46381e-24 3.40285e-24 1.0138e-23 4.31097e-23 1.82855e-22 7.55207e-22 3.03186e-21 1.1825e-20 4.4786e-20 1.64639e-19 5.872e-19 2.03105e-18 6.81039e-18 2.21303e-17 6.96685e-17 2.12426e-16 6.27213e-16 1.79307e-15 4.96268e-15 1.32973e-14 3.44947e-14 8.66383e-14 2.10707e-13 4.96256e-13 1.13196e-12 2.50088e-12 5.35186e-12 1.10934e-11 2.2272e-11 4.33062e-11 8.15433e-11 1.48668e-10 2.62405e-10 4.48304e-10 7.41178e-10 1.18551e-09 1.83393e-09 2.74269e-09 3.96377e-09 5.53344e-09 7.45936e-09 9.70919e-09 1.22051e-08 1.48281e-08 1.74324e-08 1.98683e-08 2.20049e-08 2.37473e-08 2.50405e-08 2.58628e-08 2.62102e-08 2.60833e-08 2.54795e-08 2.43973e-08 2.28485e-08 2.0874e-08 1.85542e-08 1.60082e-08 1.33813e-08 1.08228e-08 8.46342e-09 6.39729e-09 4.6744e-09 3.30272e-09 2.25748e-09 1.49344e-09 9.56691e-10 5.93681e-10 3.57021e-10 2.08129e-10 1.1765e-10 6.45032e-11 3.43083e-11 1.77065e-11 8.86879e-12 4.31177e-12 2.03497e-12 9.3241e-13 4.14787e-13 1.79153e-13 7.51291e-14 3.05904e-14 1.20939e-14 4.64272e-15 1.73077e-15 6.26637e-16 2.20382e-16 7.53021e-17 2.50043e-17 8.07096e-18 2.53323e-18 7.73417e-19 2.29777e-19 6.64541e-20 1.87171e-20 5.13613e-21 1.37373e-21 3.58285e-22 9.11775e-23 2.27722e-23 
2.23925e-23 1.43162e-23 4.3113e-23 1.82855e-22 7.72816e-22 3.17994e-21 1.27175e-20 4.94067e-20 1.86365e-19 6.82232e-19 2.42268e-18 8.34195e-18 2.78403e-17 9.00235e-17 2.81952e-16 8.55092e-16 2.5106e-15 7.13511e-15 1.96267e-14 5.22523e-14 1.34645e-13 3.35847e-13 8.1098e-13 1.89608e-12 4.29284e-12 9.41295e-12 1.99912e-11 4.11247e-11 8.19447e-11 1.58152e-10 2.95619e-10 5.3512e-10 9.37947e-10 1.59165e-09 2.61447e-09 4.15605e-09 6.39167e-09 9.50672e-09 1.36697e-08 1.89948e-08 2.54992e-08 3.3067e-08 4.14326e-08 5.01959e-08 5.88724e-08 6.69671e-08 7.40511e-08 7.98149e-08 8.40827e-08 8.67859e-08 8.7915e-08 8.7472e-08 8.54483e-08 8.18374e-08 7.6677e-08 7.01004e-08 6.23718e-08 5.38843e-08 4.51179e-08 3.65677e-08 2.86678e-08 2.17332e-08 1.5934e-08 1.13012e-08 7.75722e-09 5.15543e-09 3.31883e-09 2.07031e-09 1.25187e-09 7.33969e-10 4.17353e-10 2.30212e-10 1.23208e-10 6.399e-11 3.22557e-11 1.57823e-11 7.49613e-12 3.45639e-12 1.54715e-12 6.72292e-13 2.83591e-13 1.16127e-13 4.6161e-14 1.78132e-14 6.67362e-15 2.42766e-15 8.57622e-16 2.94291e-16 9.81165e-17 3.17924e-17 1.00153e-17 3.06849e-18 9.14685e-19 2.65389e-19 7.49793e-20 2.06364e-20 5.53547e-21 1.44776e-21 3.69441e-22 9.25391e-23 
8.94325e-23 5.86975e-23 1.78555e-22 7.55207e-22 3.17994e-21 1.30344e-20 5.19229e-20 2.00901e-19 7.54654e-19 2.75071e-18 9.72455e-18 3.33295e-17 1.10699e-16 3.56157e-16 1.10964e-15 3.34683e-15 9.77011e-15 2.75999e-14 7.54426e-14 1.99533e-13 5.10646e-13 1.26467e-12 3.03143e-12 7.03409e-12 1.5803e-11 3.43805e-11 7.2442e-11 1.47849e-10 2.9229e-10 5.59736e-10 1.03827e-09 1.8654e-09 3.24584e-09 5.46924e-09 8.92292e-09 1.40924e-08 2.15401e-08 3.1854e-08 4.55592e-08 6.29988e-08 8.42004e-08 1.08764e-07 1.35815e-07 1.64057e-07 1.91937e-07 2.17878e-07 2.40526e-07 2.58912e-07 2.72491e-07 2.8106e-07 2.84597e-07 2.8311e-07 2.76572e-07 2.64955e-07 2.48376e-07 2.27252e-07 2.02421e-07 1.7513e-07 1.46909e-07 1.1934e-07 9.38133e-08 7.13474e-08 5.25003e-08 3.73886e-08 2.57798e-08 1.72173e-08 1.1142e-08 6.98912e-09 4.25083e-09 2.50739e-09 1.43471e-09 7.9648e-10 4.29071e-10 2.24329e-10 1.13837e-10 5.60737e-11 2.68114e-11 1.2444e-11 5.60623e-12 2.45146e-12 1.0404e-12 4.28527e-13 1.713e-13 6.64577e-14 2.50252e-14 9.1476e-15 3.24647e-15 1.11889e-15 3.74592e-16 1.21859e-16 3.85333e-17 1.18485e-17 3.54415e-18 1.03173e-18 2.92428e-19 8.07347e-20 2.17214e-20 5.69771e-21 1.45813e-21 3.66357e-22 
3.47354e-22 2.34088e-22 7.1892e-22 3.03186e-21 1.27175e-20 5.19229e-20 2.06002e-19 7.93769e-19 2.96896e-18 1.07743e-17 3.7917e-17 1.29342e-16 4.27484e-16 1.36834e-15 4.24043e-15 1.27184e-14 3.69106e-14 1.03631e-13 2.81451e-13 7.39394e-13 1.879e-12 4.6196e-12 1.09896e-11 2.53017e-11 5.63903e-11 1.21686e-10 2.54301e-10 5.14742e-10 1.00928e-09 1.91709e-09 3.52764e-09 6.28824e-09 1.08582e-08 1.81607e-08 2.94177e-08 4.61446e-08 7.00772e-08 1.03005e-07 1.46498e-07 2.01538e-07 2.68116e-07 3.44908e-07 4.29139e-07 5.16772e-07 6.03011e-07 6.83034e-07 7.52724e-07 8.09163e-07 8.50741e-07 8.76878e-07 8.87534e-07 8.82746e-07 8.62419e-07 8.26459e-07 7.75197e-07 7.09895e-07 6.33097e-07 5.4862e-07 4.61146e-07 3.75534e-07 2.96082e-07 2.25954e-07 1.6692e-07 1.19397e-07 8.27238e-08 5.55373e-08 3.61416e-08 2.28051e-08 1.39561e-08 8.28515e-09 4.77214e-09 2.66729e-09 1.44685e-09 7.61754e-10 3.89285e-10 1.93104e-10 9.29767e-11 4.34502e-11 1.97065e-11 8.67331e-12 3.7041e-12 1.53488e-12 6.17092e-13 2.40723e-13 9.11193e-14 3.34723e-14 1.19351e-14 4.13179e-15 1.38914e-15 4.53728e-16 1.44028e-16 4.44501e-17 1.33431e-17 3.89754e-18 1.10833e-18 3.06968e-19 8.28441e-20 2.17963e-20 5.59454e-21 1.41008e-21 
1.31134e-21 9.07568e-22 2.81256e-21 1.1825e-20 4.94067e-20 2.00901e-19 7.93769e-19 3.04556e-18 1.13417e-17 4.09735e-17 1.43524e-16 4.8723e-16 1.60226e-15 5.10198e-15 1.57248e-14 4.68949e-14 1.35285e-13 3.77454e-13 1.01841e-12 2.65705e-12 6.70381e-12 1.63582e-11 3.86121e-11 8.81837e-11 1.94915e-10 4.17075e-10 8.64176e-10 1.73422e-09 3.37127e-09 6.34917e-09 1.15852e-08 2.04817e-08 3.50832e-08 5.8222e-08 9.36055e-08 1.45778e-07 2.19883e-07 3.21145e-07 4.54045e-07 6.21249e-07 8.22441e-07 1.0534e-06 1.30567e-06 1.56715e-06 1.82364e-06 2.06095e-06 2.26708e-06 2.43361e-06 2.55597e-06 2.63259e-06 2.66343e-06 2.64864e-06 2.58792e-06 2.48093e-06 2.32859e-06 2.13453e-06 1.90619e-06 1.65475e-06 1.39399e-06 1.13826e-06 9.00322e-07 6.89642e-07 5.11621e-07 3.67689e-07 2.56073e-07 1.72879e-07 1.13175e-07 7.18622e-08 4.42674e-08 2.6459e-08 1.53472e-08 8.63969e-09 4.72081e-09 2.50383e-09 1.28903e-09 6.44142e-10 3.12408e-10 1.4704e-10 6.71538e-11 2.97553e-11 1.279e-11 5.3327e-12 2.15667e-12 8.46029e-13 3.2195e-13 1.18865e-13 4.25866e-14 1.481e-14 5.00081e-15 1.64012e-15 5.2268e-16 1.61919e-16 4.87815e-17 1.42989e-17 4.07988e-18 1.13368e-18 3.06933e-19 8.10053e-20 2.08554e-20 5.27378e-21 
4.81006e-21 3.41925e-21 1.06866e-20 4.4786e-20 1.86365e-19 7.54654e-19 2.96896e-18 1.13417e-17 4.20472e-17 1.512e-16 5.27107e-16 1.78058e-15 5.82547e-15 1.84508e-14 5.65511e-14 1.67669e-13 4.80753e-13 1.33278e-12 3.57187e-12 9.25367e-12 2.31755e-11 5.61167e-11 1.31399e-10 2.97608e-10 6.52199e-10 1.38338e-09 2.84094e-09 5.6502e-09 1.08855e-08 2.03185e-08 3.67492e-08 6.4409e-08 1.09397e-07 1.80066e-07 2.87218e-07 4.43932e-07 6.6481e-07 9.64445e-07 1.35506e-06 1.84346e-06 2.42785e-06 3.09533e-06 3.82118e-06 4.57058e-06 5.30313e-06 5.97886e-06 6.56421e-06 7.03591e-06 7.38155e-06 7.59713e-06 7.68281e-06 7.63905e-06 7.46496e-06 7.15944e-06 6.72482e-06 6.17117e-06 5.51925e-06 4.80052e-06 4.05386e-06 3.31994e-06 2.6351e-06 2.02662e-06 1.51035e-06 1.09096e-06 7.6401e-07 5.18883e-07 3.4185e-07 2.18518e-07 1.3555e-07 8.16062e-08 4.76872e-08 2.70498e-08 1.48944e-08 7.96118e-09 4.13053e-09 2.08002e-09 1.01649e-09 4.81991e-10 2.21717e-10 9.89256e-11 4.2806e-11 1.79615e-11 7.30807e-12 2.88334e-12 1.10321e-12 4.09415e-13 1.47402e-13 5.14994e-14 1.74664e-14 5.75264e-15 1.84067e-15 5.7242e-16 1.73096e-16 5.09206e-17 1.45796e-17 4.06495e-18 1.10416e-18 2.92346e-19 7.5505e-20 1.91582e-20 
1.71362e-20 1.25127e-20 3.94191e-20 1.64639e-19 6.82232e-19 2.75071e-18 1.07743e-17 4.09735e-17 1.512e-16 5.41128e-16 1.87722e-15 6.3092e-15 2.05334e-14 6.46799e-14 1.97114e-13 5.80954e-13 1.6554e-12 4.55928e-12 1.21353e-11 3.12132e-11 7.75832e-11 1.86377e-10 4.3282e-10 9.71926e-10 2.11116e-09 4.43745e-09 9.02884e-09 1.77897e-08 3.39525e-08 6.27842e-08 1.12508e-07 1.95402e-07 3.28948e-07 5.36786e-07 8.49105e-07 1.30197e-06 1.93505e-06 2.78726e-06 3.8903e-06 5.26044e-06 6.89013e-06 8.74163e-06 1.07455e-05 1.28058e-05 1.48125e-05 1.66576e-05 1.82514e-05 1.95324e-05 2.04684e-05 2.10499e-05 2.1278e-05 2.11541e-05 2.06758e-05 1.98394e-05 1.86507e-05 1.71362e-05 1.53513e-05 1.33807e-05 1.13295e-05 9.30822e-06 7.41613e-06 5.72854e-06 4.29029e-06 3.11592e-06 2.1951e-06 1.50037e-06 9.9519e-07 6.40693e-07 4.00388e-07 2.42903e-07 1.43063e-07 8.18035e-08 4.54106e-08 2.44713e-08 1.28003e-08 6.49805e-09 3.20076e-09 1.52946e-09 7.0882e-10 3.18536e-10 1.38781e-10 5.8614e-11 2.39967e-11 9.52345e-12 3.66415e-12 1.36698e-12 4.94621e-13 1.73633e-13 5.91555e-14 1.95675e-14 6.28691e-15 1.96292e-15 5.95848e-16 1.75934e-16 5.05547e-17 1.41445e-17 3.85517e-18 1.02412e-18 2.65373e-19 6.75728e-20 
5.92726e-20 4.44598e-20 1.41096e-19 5.872e-19 2.42268e-18 9.72455e-18 3.7917e-17 1.43524e-16 5.27107e-16 1.87722e-15 6.47943e-15 2.16635e-14 7.01242e-14 2.19655e-13 6.65506e-13 1.94951e-12 5.5197e-12 1.51009e-11 3.99123e-11 1.01904e-10 2.51336e-10 5.98898e-10 1.37905e-09 3.0695e-09 6.60662e-09 1.37562e-08 2.77215e-08 5.40894e-08 1.02223e-07 1.87185e-07 3.32187e-07 5.71442e-07 9.53026e-07 1.54109e-06 2.41642e-06 3.67413e-06 5.41712e-06 7.74432e-06 1.07336e-05 1.44209e-05 1.87788e-05 2.3702e-05 2.90034e-05 3.44303e-05 3.96955e-05 4.45204e-05 4.86758e-05 5.20063e-05 5.44332e-05 5.59346e-05 5.65157e-05 5.61809e-05 5.49228e-05 5.27312e-05 4.96186e-05 4.56514e-05 4.09712e-05 3.57958e-05 3.03968e-05 2.50613e-05 2.00493e-05 1.55602e-05 1.17156e-05 8.55873e-06 6.06798e-06 4.17593e-06 2.79e-06 1.80985e-06 1.13998e-06 6.97245e-07 4.14096e-07 2.38797e-07 1.33702e-07 7.26719e-08 3.83391e-08 1.96273e-08 9.74793e-09 4.69539e-09 2.1929e-09 9.92777e-10 4.35597e-10 1.8521e-10 7.63083e-11 3.04666e-11 1.17889e-11 4.42186e-12 1.60818e-12 5.67292e-13 1.94171e-13 6.45134e-14 2.08162e-14 6.52596e-15 1.98882e-15 5.89486e-16 1.7002e-16 4.77418e-17 1.30584e-17 3.48101e-18 9.05092e-19 2.3132e-19 
1.98988e-19 1.53325e-19 4.89886e-19 2.03105e-18 8.34195e-18 3.33295e-17 1.29342e-16 4.8723e-16 1.78058e-15 6.3092e-15 2.16635e-14 7.20417e-14 2.31903e-13 7.22227e-13 2.1751e-12 6.33195e-12 1.78109e-11 4.83948e-11 1.26993e-10 3.21797e-10 7.87409e-10 1.86072e-09 4.24737e-09 9.36815e-09 1.99738e-08 4.11854e-08 8.21707e-08 1.58707e-07 2.96877e-07 5.38065e-07 9.45182e-07 1.60966e-06 2.65819e-06 4.25739e-06 6.61396e-06 9.96737e-06 1.4572e-05 2.06668e-05 2.84322e-05 3.79397e-05 4.91008e-05 6.1633e-05 7.50562e-05 8.87325e-05 0.000101947 0.000114013 0.000124373 0.000132652 0.000138668 0.000142374 0.000143789 0.000142925 0.000139764 0.000134274 0.000126482 0.000116545 0.000104809 9.18061e-05 7.8208e-05 6.4727e-05 5.20142e-05 4.05749e-05 3.0725e-05 2.2588e-05 1.61243e-05 1.1178e-05 7.52612e-06 4.92178e-06 3.12625e-06 1.9287e-06 1.15563e-06 6.72425e-07 3.79907e-07 2.08368e-07 1.10916e-07 5.72844e-08 2.86954e-08 1.39372e-08 6.56122e-09 2.99312e-09 1.32283e-09 5.66328e-10 2.34856e-10 9.43469e-11 3.67204e-11 1.38496e-11 5.06346e-12 1.7951e-12 6.17361e-13 2.06058e-13 6.67805e-14 2.10249e-14 6.43376e-15 1.91456e-15 5.5434e-16 1.56248e-16 4.28952e-17 1.1476e-17 2.99454e-18 7.68302e-19 
6.48198e-19 5.13025e-19 1.64925e-18 6.81039e-18 2.78403e-17 1.10699e-16 4.27484e-16 1.60226e-15 5.82547e-15 2.05334e-14 7.01242e-14 2.31903e-13 7.42222e-13 2.29783e-12 6.8777e-12 1.98934e-11 5.55834e-11 1.4997e-10 3.9065e-10 9.82266e-10 2.38405e-09 5.58583e-09 1.26367e-08 2.76122e-08 5.83005e-08 1.19006e-07 2.34982e-07 4.4907e-07 8.31075e-07 1.49014e-06 2.58974e-06 4.36395e-06 7.13218e-06 1.1308e-05 1.73961e-05 2.5971e-05 3.76304e-05 5.29207e-05 7.22346e-05 9.56936e-05 0.000123034 0.000153536 0.000186019 0.000218949 0.000250628 0.000279447 0.000304107 0.000323757 0.00033799 0.000346724 0.000350012 0.000347891 0.000340308 0.000327183 0.000308562 0.000284799 0.000256692 0.000225485 0.000192758 0.000160198 0.000129361 0.000101471 7.73145e-05 5.7226e-05 4.11513e-05 2.87518e-05 1.95189e-05 1.28751e-05 8.25146e-06 5.13758e-06 3.10729e-06 1.82527e-06 1.04112e-06 5.7647e-07 3.0975e-07 1.61451e-07 8.15994e-08 3.99743e-08 1.89743e-08 8.72391e-09 3.8844e-09 1.67475e-09 6.99168e-10 2.8265e-10 1.10669e-10 4.19777e-11 1.54302e-11 5.49855e-12 1.90037e-12 6.37297e-13 2.07481e-13 6.56104e-14 2.0163e-14 6.02502e-15 1.75153e-15 4.95642e-16 1.36596e-16 3.6683e-17 9.60788e-18 2.4751e-18 
2.04826e-18 1.66497e-18 5.38202e-18 2.21303e-17 9.00235e-17 3.56157e-16 1.36834e-15 5.10198e-15 1.84508e-14 6.46799e-14 2.19655e-13 7.22227e-13 2.29783e-12 7.07025e-12 2.10278e-11 6.04205e-11 1.67657e-10 4.49107e-10 1.16105e-09 2.89631e-09 6.97128e-09 1.61912e-08 3.62937e-08 7.8544e-08 1.64179e-07 3.31653e-07 6.47851e-07 1.22453e-06 2.24098e-06 3.97316e-06 6.82786e-06 1.13783e-05 1.83937e-05 2.88534e-05 4.39313e-05 6.49372e-05 9.32026e-05 0.000129906 0.000175842 0.000231163 0.000295141 0.000366021 0.000441046 0.000516695 0.000589134 0.000654767 0.000710733 0.00075519 0.000787293 0.000806909 0.000814194 0.000809236 0.000791909 0.000762007 0.000719591 0.000665415 0.000601223 0.000529782 0.000454622 0.000379549 0.000308109 0.000243134 0.000186493 0.000139048 0.00010078 7.10057e-05 4.86308e-05 3.23742e-05 2.09462e-05 1.31694e-05 8.04454e-06 4.77309e-06 2.74999e-06 1.53792e-06 8.34501e-07 4.39145e-07 2.24012e-07 1.1072e-07 5.30024e-08 2.45666e-08 1.10225e-08 4.78685e-09 2.01212e-09 8.18721e-10 3.22538e-10 1.23058e-10 4.5486e-11 1.62954e-11 5.66066e-12 1.90766e-12 6.24014e-13 1.98234e-13 6.11918e-14 1.83644e-14 5.36132e-15 1.5234e-15 4.21543e-16 1.13656e-16 2.98856e-17 7.7318e-18 
6.27721e-18 5.23962e-18 1.70195e-17 6.96685e-17 2.81952e-16 1.10964e-15 4.24043e-15 1.57248e-14 5.65511e-14 1.97114e-13 6.65506e-13 2.1751e-12 6.8777e-12 2.10278e-11 6.21283e-11 1.77301e-10 4.88495e-10 1.29887e-09 3.3319e-09 8.24425e-09 1.96745e-08 4.52863e-08 1.00559e-07 2.15476e-07 4.45768e-07 8.9083e-07 1.72086e-06 3.21565e-06 5.81669e-06 1.0192e-05 1.73098e-05 2.85104e-05 4.55611e-05 7.06698e-05 0.000106431 0.000155676 0.000221207 0.000305408 0.000409754 0.00053428 0.000677102 0.000834159 0.000999308 0.00116488 0.00132263 0.00146496 0.00158587 0.00168161 0.00175052 0.00179245 0.00180781 0.00179681 0.00175915 0.00169433 0.00160238 0.00148481 0.00134522 0.00118944 0.00102497 0.000859964 0.000702108 0.000557648 0.000430827 0.000323755 0.000236641 0.000168229 0.000116308 7.81896e-05 5.11028e-05 3.24638e-05 2.00399e-05 1.20168e-05 6.99688e-06 3.95405e-06 2.1676e-06 1.15206e-06 5.9334e-07 2.95967e-07 1.42926e-07 6.67984e-08 3.02074e-08 1.32164e-08 5.59462e-09 2.29164e-09 9.0853e-10 3.48727e-10 1.29644e-10 4.67014e-11 1.63092e-11 5.52441e-12 1.81603e-12 5.79679e-13 1.79773e-13 5.41978e-14 1.58929e-14 4.53555e-15 1.26039e-15 3.41246e-16 9.01013e-17 2.34154e-17 
1.86545e-17 1.59852e-17 5.2142e-17 2.12426e-16 8.55092e-16 3.34683e-15 1.27184e-14 4.68949e-14 1.67669e-13 5.80954e-13 1.94951e-12 6.33195e-12 1.98934e-11 6.04205e-11 1.77301e-10 5.02411e-10 1.37409e-09 3.62573e-09 9.22678e-09 2.26399e-08 5.35566e-08 1.22143e-07 2.68604e-07 5.69737e-07 1.16615e-06 2.30471e-06 4.4011e-06 8.12696e-06 1.45233e-05 2.51369e-05 4.21679e-05 6.86053e-05 0.000108314 0.000166023 0.000247169 0.000357536 0.00050267 0.000687065 0.000913177 0.00118039 0.00148415 0.00181552 0.00216151 0.00250624 0.00283296 0.00312637 0.00337467 0.00357059 0.00371115 0.00379632 0.00382709 0.00380394 0.00372622 0.00359274 0.00340337 0.00316087 0.0028723 0.00254925 0.0022068 0.00186154 0.00152931 0.0012232 0.000952374 0.000721748 0.00053234 0.000382087 0.000266828 0.00018126 0.000119747 7.69098e-05 4.80066e-05 2.91095e-05 1.71382e-05 9.79142e-06 5.42515e-06 2.91335e-06 1.51539e-06 7.63095e-07 3.71841e-07 1.75274e-07 7.99048e-08 3.52282e-08 1.50208e-08 6.19515e-09 2.47219e-09 9.5485e-10 3.57103e-10 1.29378e-10 4.54319e-11 1.54714e-11 5.11226e-12 1.64006e-12 5.11119e-13 1.54829e-13 4.56141e-14 1.30771e-14 3.65031e-15 9.92668e-16 2.63242e-16 6.87355e-17 
5.37512e-17 4.72696e-17 1.54733e-16 6.27213e-16 2.5106e-15 9.77011e-15 3.69106e-14 1.35285e-13 4.80753e-13 1.6554e-12 5.5197e-12 1.78109e-11 5.55834e-11 1.67657e-10 4.88495e-10 1.37409e-09 3.72961e-09 9.7635e-09 2.46421e-08 5.99457e-08 1.40532e-07 3.17479e-07 6.9125e-07 1.45097e-06 2.93753e-06 5.73946e-06 1.08305e-05 1.97548e-05 3.48605e-05 5.9568e-05 9.86453e-05 0.000158437 0.00024697 0.000373849 0.00054984 0.000786068 0.0010928 0.00147784 0.00194469 0.00249063 0.00310532 0.00377014 0.00445902 0.00514084 0.00578335 0.00635753 0.00684141 0.00722183 0.00749386 0.00765798 0.00771648 0.00767038 0.00751831 0.00725766 0.00688767 0.00641308 0.00584681 0.00521061 0.00453318 0.00384645 0.00318132 0.00256387 0.00201294 0.00153937 0.00114645 0.000831333 0.000586807 0.000403074 0.000269338 0.000175008 0.000110527 6.78102e-05 4.03896e-05 2.334e-05 1.30762e-05 7.09752e-06 3.72983e-06 1.89662e-06 9.3279e-07 4.43564e-07 2.03901e-07 9.06055e-08 3.89223e-08 1.61674e-08 6.49544e-09 2.52507e-09 9.5023e-10 3.46333e-10 1.22321e-10 4.1889e-11 1.39169e-11 4.4883e-12 1.40599e-12 4.28051e-13 1.2673e-13 3.65077e-14 1.02389e-14 2.79731e-15 7.45217e-16 1.95556e-16 
1.5016e-16 1.35468e-16 4.44709e-16 1.79307e-15 7.13511e-15 2.75999e-14 1.03631e-13 3.77454e-13 1.33278e-12 4.55928e-12 1.51009e-11 4.83948e-11 1.4997e-10 4.49107e-10 1.29887e-09 3.62573e-09 9.7635e-09 2.53503e-08 6.34381e-08 1.52956e-07 3.55257e-07 7.94786e-07 1.71288e-06 3.55704e-06 7.12071e-06 1.37498e-05 2.56296e-05 4.61579e-05 8.03945e-05 0.000135554 0.000221474 0.000350946 0.000539777 0.000806398 0.00117089 0.0016533 0.00227127 0.00303708 0.00395439 0.00501511 0.00619715 0.00746377 0.00876546 0.0100446 0.0112426 0.0123076 0.0132011 0.0139008 0.0143995 0.0146991 0.0148044 0.0147177 0.0144361 0.0139542 0.0132696 0.0123897 0.0113365 0.0101485 0.00887714 0.00758043 0.00631546 0.00513141 0.00406508 0.00313904 0.00236215 0.0017317 0.00123635 0.000859317 0.000581182 0.000382299 0.000244442 0.000151826 9.15368e-05 5.35282e-05 3.03361e-05 1.66489e-05 8.84216e-06 4.54168e-06 2.25507e-06 1.08207e-06 5.01689e-07 2.24747e-07 9.72947e-08 4.07121e-08 1.6472e-08 6.44674e-09 2.44182e-09 8.95568e-10 3.18229e-10 1.0962e-10 3.66282e-11 1.18789e-11 3.74141e-12 1.14513e-12 3.40797e-13 9.8675e-14 2.78125e-14 7.63568e-15 2.04401e-15 5.39201e-16 
4.06698e-16 3.7622e-16 1.23775e-15 4.96268e-15 1.96267e-14 7.54426e-14 2.81451e-13 1.01841e-12 3.57187e-12 1.21353e-11 3.99123e-11 1.26993e-10 3.9065e-10 1.16105e-09 3.3319e-09 9.22678e-09 2.46421e-08 6.34381e-08 1.57352e-07 3.75915e-07 8.64761e-07 1.91533e-06 4.08463e-06 8.38925e-06 1.6601e-05 3.167e-05 5.82915e-05 0.000103612 0.000178038 0.000296064 0.000476975 0.000745225 0.00113023 0.00166531 0.00238558 0.00332465 0.00451036 0.00595961 0.00767312 0.00963067 0.011788 0.0140767 0.0164079 0.0186811 0.0207958 0.0226652 0.024226 0.0254436 0.026308 0.0268252 0.0270048 0.026851 0.0263582 0.0255161 0.0243184 0.0227751 0.0209216 0.0188212 0.0165606 0.0142393 0.0119567 0.00980063 0.00783908 0.00611649 0.00465386 0.00345168 0.00249438 0.0017555 0.00120257 0.000801343 0.00051907 0.00032658 0.000199406 0.000118054 6.77062e-05 3.7585e-05 2.01798e-05 1.04729e-05 5.25139e-06 2.54338e-06 1.18966e-06 5.37439e-07 2.3453e-07 9.88901e-08 4.0305e-08 1.5886e-08 6.05818e-09 2.23658e-09 7.99826e-10 2.7723e-10 9.31932e-11 3.04017e-11 9.63054e-12 2.96419e-12 8.87007e-13 2.58207e-13 7.31611e-14 2.01892e-14 5.43198e-15 1.44084e-15 
1.06797e-15 1.01247e-15 3.33608e-15 1.32973e-14 5.22523e-14 1.99533e-13 7.39394e-13 2.65705e-12 9.25367e-12 3.12132e-11 1.01904e-10 3.21797e-10 9.82266e-10 2.89631e-09 8.24425e-09 2.26399e-08 5.99457e-08 1.52956e-07 3.75915e-07 8.89528e-07 2.02605e-06 4.44117e-06 9.36918e-06 1.90259e-05 3.72045e-05 7.00981e-05 0.000127356 0.000223335 0.000378434 0.000620345 0.000984933 0.0015164 0.00226631 0.00329118 0.00464821 0.00638938 0.00855414 0.0111613 0.0142011 0.0176289 0.0213616 0.0252789 0.0292309 0.0330522 0.0365817 0.0396826 0.0422585 0.0442592 0.0456744 0.0465176 0.046807 0.0465499 0.0457367 0.0443478 0.0423695 0.0398131 0.0367305 0.0332193 0.0294164 0.0254817 0.0215785 0.0178546 0.0144288 0.0113836 0.00876394 0.00658084 0.00481716 0.00343534 0.00238522 0.00161118 0.00105792 0.000674614 0.000417369 0.000250271 0.000145312 8.16203e-05 4.43169e-05 2.3246e-05 1.17746e-05 5.75772e-06 2.71787e-06 1.23855e-06 5.44998e-07 2.3164e-07 9.51371e-08 3.77761e-08 1.45094e-08 5.39389e-09 1.94194e-09 6.77521e-10 2.29211e-10 7.52401e-11 2.39792e-11 7.42442e-12 2.23457e-12 6.54167e-13 1.86379e-13 5.17108e-14 1.39871e-14 3.73156e-15 
2.71916e-15 2.64032e-15 8.70761e-15 3.44947e-14 1.34645e-13 5.10646e-13 1.879e-12 6.70381e-12 2.31755e-11 7.75832e-11 2.51336e-10 7.87409e-10 2.38405e-09 6.97128e-09 1.96745e-08 5.35566e-08 1.40532e-07 3.55257e-07 8.64761e-07 2.02605e-06 4.56736e-06 9.90504e-06 2.06636e-05 4.14743e-05 8.01169e-05 0.000149034 0.000267181 0.000462069 0.000771772 0.00124652 0.00194944 0.00295584 0.00435057 0.00622295 0.00865909 0.0117319 0.0154898 0.0199446 0.0250616 0.0307515 0.036868 0.0432124 0.0495466 0.055616 0.0611782 0.0660327 0.0700433 0.073144 0.0753286 0.0766251 0.0770652 0.0766613 0.0753972 0.0732388 0.0701584 0.0661645 0.0613266 0.0557842 0.0497385 0.0434308 0.0371126 0.0310181 0.0253429 0.020231 0.015771 0.0119984 0.00890278 0.00643804 0.0045338 0.00310645 0.00206888 0.00133785 0.000839067 0.000509823 0.000299789 0.000170442 9.36178e-05 4.9648e-05 2.54114e-05 1.25501e-05 5.98047e-06 2.75011e-06 1.22068e-06 5.2317e-07 2.16608e-07 8.66803e-08 3.35449e-08 1.25619e-08 4.55486e-09 1.60017e-09 5.4501e-10 1.80082e-10 5.7761e-11 1.79959e-11 5.44939e-12 1.6048e-12 4.59879e-13 1.28316e-13 3.49012e-14 9.3673e-15 
6.71334e-15 6.67221e-15 2.20109e-14 8.66383e-14 3.35847e-13 1.26467e-12 4.6196e-12 1.63582e-11 5.61167e-11 1.86377e-10 5.98898e-10 1.86072e-09 5.58583e-09 1.61912e-08 4.52863e-08 1.22143e-07 3.17479e-07 7.94786e-07 1.91533e-06 4.44117e-06 9.90504e-06 2.12432e-05 4.38078e-05 8.68751e-05 0.000165723 0.000304262 0.000538046 0.000917334 0.00150969 0.00240146 0.00369751 0.00551837 0.00799428 0.0112558 0.0154209 0.0205798 0.0267787 0.0340041 0.0421713 0.0511172 0.0606011 0.0703147 0.0799042 0.0890023 0.0972697 0.104434 0.110317 0.114844 0.11802 0.119897 0.120529 0.119933 0.118085 0.114928 0.110413 0.104535 0.0973791 0.0891272 0.080055 0.0705011 0.0608284 0.0513855 0.0424747 0.0343325 0.0271191 0.0209185 0.0157447 0.0115535 0.00825767 0.00574269 0.00388141 0.00254655 0.0016198 0.000997679 0.000594366 0.000342159 0.000190182 0.000102006 5.27756e-05 2.63341e-05 1.26731e-05 5.88298e-06 2.63507e-06 1.1393e-06 4.75715e-07 1.91935e-07 7.4871e-08 2.82551e-08 1.03224e-08 3.65296e-09 1.25306e-09 4.1691e-10 1.34628e-10 4.22203e-11 1.28668e-11 3.81278e-12 1.09924e-12 3.08522e-13 8.4402e-14 2.2795e-14 
1.60733e-14 1.63393e-14 5.38871e-14 2.10707e-13 8.1098e-13 3.03143e-12 1.09896e-11 3.86121e-11 1.31399e-10 4.3282e-10 1.37905e-09 4.24737e-09 1.26367e-08 3.62937e-08 1.00559e-07 2.68604e-07 6.9125e-07 1.71288e-06 4.08463e-06 9.36918e-06 2.06636e-05 4.38078e-05 8.92654e-05 0.000174834 0.000329227 0.000596357 0.00103987 0.00174718 0.00283212 0.0044351 0.00671999 0.00986702 0.0140612 0.0194766 0.0262567 0.0344935 0.0442062 0.0553248 0.0676783 0.0809927 0.0948978 0.108947 0.122648 0.135508 0.147088 0.157044 0.165167 0.171385 0.175729 0.178287 0.179139 0.178316 0.175778 0.171439 0.165214 0.157077 0.14711 0.135534 0.122694 0.109034 0.0950398 0.0811972 0.0679448 0.0556456 0.044568 0.0348792 0.0266479 0.0198553 0.0144121 0.0101786 0.0069854 0.00465205 0.00300231 0.00187525 0.00113226 0.000660217 0.000371485 0.00020159 0.000105469 5.31929e-05 2.58628e-05 1.2125e-05 5.48295e-06 2.39255e-06 1.00796e-06 4.10213e-07 1.61368e-07 6.13965e-08 2.26084e-08 8.0627e-09 2.78651e-09 9.33882e-10 3.03707e-10 9.59013e-11 2.94218e-11 8.77513e-12 2.54585e-12 7.18917e-13 1.97851e-13 5.37807e-14 
3.7322e-14 3.87755e-14 1.27781e-13 4.96256e-13 1.89608e-12 7.03409e-12 2.53017e-11 8.81837e-11 2.97608e-10 9.71926e-10 3.0695e-09 9.36815e-09 2.76122e-08 7.8544e-08 2.15476e-07 5.69737e-07 1.45097e-06 3.55704e-06 8.38925e-06 1.90259e-05 4.14743e-05 8.68751e-05 0.000174834 0.00033805 0.000628137 0.00112213 0.00192868 0.00319244 0.00509518 0.00785225 0.0117036 0.0168991 0.023679 0.0322495 0.0427571 0.0552616 0.0697145 0.085943 0.103645 0.122397 0.141667 0.160851 0.179315 0.196446 0.211717 0.224736 0.235286 0.243315 0.248899 0.252175 0.253259 0.252192 0.248922 0.243323 0.235261 0.224668 0.21161 0.196319 0.179194 0.160766 0.141644 0.122454 0.103793 0.0861798 0.0700308 0.0556407 0.0431768 0.0326856 0.0241077 0.0172998 0.0120608 0.00815647 0.00534296 0.00338546 0.00207245 0.00122448 0.000697726 0.000383231 0.000202838 0.000103446 5.08391e-05 2.40826e-05 1.09998e-05 4.84672e-06 2.06118e-06 8.46534e-07 3.3597e-07 1.28932e-07 4.78754e-08 1.72124e-08 5.9956e-09 2.02476e-09 6.63349e-10 2.10969e-10 6.51736e-11 1.9569e-11 5.71436e-12 1.62384e-12 4.49642e-13 1.23036e-13 
8.40504e-14 8.9175e-14 2.93502e-13 1.13196e-12 4.29284e-12 1.5803e-11 5.63903e-11 1.94915e-10 6.52199e-10 2.11116e-09 6.60662e-09 1.99738e-08 5.83005e-08 1.64179e-07 4.45768e-07 1.16615e-06 2.93753e-06 7.12071e-06 1.6601e-05 3.72045e-05 8.01169e-05 0.000165723 0.000329227 0.000628137 0.00115117 0.00202738 0.00343345 0.00559684 0.00879223 0.0133301 0.0195376 0.0277323 0.0381922 0.0511232 0.0666285 0.0846815 0.105107 0.127575 0.151606 0.176592 0.201829 0.226559 0.250022 0.271518 0.290472 0.306485 0.319362 0.329102 0.335846 0.339786 0.341083 0.339791 0.335839 0.329058 0.319256 0.306303 0.290217 0.271209 0.249692 0.226247 0.201573 0.176423 0.151547 0.127636 0.105289 0.0849734 0.0670093 0.0515652 0.0386642 0.028204 0.0199824 0.0137281 0.00913088 0.00587129 0.00364535 0.00218322 0.00126035 0.000700979 0.000375519 0.000193754 9.62974e-05 4.61152e-05 2.12865e-05 9.47555e-06 4.06984e-06 1.68764e-06 6.76057e-07 2.61799e-07 9.80665e-08 3.55573e-08 1.24877e-08 4.25074e-09 1.40334e-09 4.49627e-10 1.39897e-10 4.22963e-11 1.24335e-11 3.55601e-12 9.90846e-13 2.72963e-13 
1.83583e-13 1.98737e-13 6.53022e-13 2.50088e-12 9.41295e-12 3.43805e-11 1.21686e-10 4.17075e-10 1.38338e-09 4.43745e-09 1.37562e-08 4.11854e-08 1.19006e-07 3.31653e-07 8.9083e-07 2.30471e-06 5.73946e-06 1.37498e-05 3.167e-05 7.00981e-05 0.000149034 0.000304262 0.000596357 0.00112213 0.00202738 0.00351837 0.0058688 0.00941798 0.0145578 0.0217072 0.0312773 0.0436303 0.0590381 0.0776456 0.099441 0.124236 0.151662 0.181177 0.212089 0.243597 0.274836 0.304928 0.333042 0.35845 0.380591 0.399109 0.413879 0.424979 0.432625 0.437076 0.438535 0.43707 0.432595 0.424894 0.413709 0.398832 0.380205 0.357973 0.332507 0.304378 0.274317 0.243151 0.211753 0.180979 0.151617 0.124346 0.0996924 0.0780143 0.0594903 0.0441281 0.0317836 0.0221891 0.0149902 0.00978507 0.00616411 0.0037437 0.00219051 0.00123427 0.00066957 0.000349702 0.000175866 8.51869e-05 3.976e-05 1.78901e-05 7.76439e-06 3.25231e-06 1.31564e-06 5.14306e-07 1.94418e-07 7.11167e-08 2.51893e-08 8.64486e-09 2.87663e-09 9.28704e-10 2.91081e-10 8.86273e-11 2.62304e-11 7.5511e-12 2.11743e-12 5.87327e-13 
3.88893e-13 4.29179e-13 1.4074e-12 5.35186e-12 1.99912e-11 7.2442e-11 2.54301e-10 8.64176e-10 2.84094e-09 9.02884e-09 2.77215e-08 8.21707e-08 2.34982e-07 6.47851e-07 1.72086e-06 4.4011e-06 1.08305e-05 2.56296e-05 5.82915e-05 0.000127356 0.000267181 0.000538046 0.00103987 0.00192868 0.00343345 0.0058688 0.00963797 0.0152207 0.0231429 0.0339301 0.0480507 0.0658581 0.0875429 0.113098 0.142303 0.174726 0.209737 0.246547 0.284248 0.321869 0.358433 0.393015 0.42479 0.453087 0.477431 0.497572 0.513494 0.525374 0.533514 0.538236 0.53978 0.538228 0.533478 0.525276 0.513297 0.49725 0.476973 0.452504 0.424108 0.392274 0.35768 0.321152 0.283616 0.246043 0.209394 0.174565 0.142329 0.113296 0.087887 0.0663096 0.0485653 0.0344635 0.0236551 0.0156808 0.0100264 0.00617784 0.00366559 0.00209355 0.00115071 0.000608688 0.000309915 0.000151928 7.17394e-05 3.26447e-05 1.43232e-05 6.06315e-06 2.47776e-06 9.7815e-07 3.73272e-07 1.37787e-07 4.92325e-08 1.7039e-08 5.7158e-09 1.85967e-09 5.87225e-10 1.80077e-10 5.36629e-11 1.55504e-11 4.38848e-12 1.22568e-12 
7.98911e-13 8.98001e-13 2.93803e-12 1.10934e-11 4.11247e-11 1.47849e-10 5.14742e-10 1.73422e-09 5.6502e-09 1.77897e-08 5.40894e-08 1.58707e-07 4.4907e-07 1.22453e-06 3.21565e-06 8.12696e-06 1.97548e-05 4.61579e-05 0.000103612 0.000223335 0.000462069 0.000917334 0.00174718 0.00319244 0.00559684 0.00941798 0.0152207 0.0236462 0.0353557 0.0509545 0.0709097 0.0954793 0.124665 0.158195 0.195539 0.235943 0.27848 0.32211 0.365745 0.408314 0.448817 0.486378 0.520278 0.54999 0.575198 0.595811 0.611947 0.623895 0.632035 0.63674 0.638278 0.63674 0.632014 0.623818 0.611775 0.595512 0.574753 0.549398 0.519553 0.485548 0.447921 0.407398 0.36486 0.321311 0.277817 0.235457 0.195258 0.158127 0.1248 0.0957901 0.0713539 0.0514813 0.0359119 0.0241834 0.0157016 0.00981971 0.0059114 0.00342404 0.00190794 0.00102274 0.0005275 0.000261853 0.000125154 5.76231e-05 2.55708e-05 1.09433e-05 4.51935e-06 1.80224e-06 6.94461e-07 2.58748e-07 9.32815e-08 3.25613e-08 1.10126e-08 3.61121e-09 1.14889e-09 3.54858e-10 1.06477e-10 3.1059e-11 8.82135e-12 2.48079e-12 
1.59142e-12 1.82027e-12 5.94031e-12 2.2272e-11 8.19447e-11 2.9229e-10 1.00928e-09 3.37127e-09 1.08855e-08 3.39525e-08 1.02223e-07 2.96877e-07 8.31075e-07 2.24098e-06 5.81669e-06 1.45233e-05 3.48605e-05 8.03945e-05 0.000178038 0.000378434 0.000771772 0.00150969 0.00283212 0.00509518 0.00879223 0.0145578 0.0231429 0.0353557 0.0519688 0.0736084 0.100647 0.133129 0.170738 0.212821 0.258449 0.306501 0.355754 0.404968 0.452961 0.498665 0.541176 0.579777 0.613953 0.643396 0.668003 0.687869 0.703257 0.714557 0.722208 0.726614 0.728056 0.726629 0.722218 0.71453 0.703157 0.687659 0.667658 0.642901 0.613307 0.578992 0.540272 0.497676 0.451932 0.403954 0.354814 0.305693 0.257825 0.212417 0.170572 0.133198 0.100925 0.0740485 0.0525108 0.0359349 0.0237013 0.0150521 0.00919811 0.00540624 0.00305564 0.00166081 0.000868184 0.000436619 0.000211329 9.84882e-05 4.42193e-05 1.91379e-05 7.98926e-06 3.21907e-06 1.25273e-06 4.71186e-07 1.71409e-07 6.0351e-08 2.05802e-08 6.80186e-09 2.1803e-09 6.78275e-10 2.04921e-10 6.01681e-11 1.71976e-11 4.86969e-12 
3.07345e-12 3.57391e-12 1.16312e-11 4.33062e-11 1.58152e-10 5.59736e-10 1.91709e-09 6.34917e-09 2.03185e-08 6.27842e-08 1.87185e-07 5.38065e-07 1.49014e-06 3.97316e-06 1.0192e-05 2.51369e-05 5.9568e-05 0.000135554 0.000296064 0.000620345 0.00124652 0.00240146 0.0044351 0.00785225 0.0133301 0.0217072 0.0339301 0.0509545 0.0736084 0.102445 0.13762 0.178823 0.225294 0.275898 0.329257 0.38389 0.438338 0.491261 0.541506 0.588145 0.630488 0.668079 0.700682 0.728255 0.750928 0.76898 0.782804 0.792863 0.799629 0.803511 0.804785 0.803544 0.799679 0.792904 0.782802 0.768902 0.750744 0.727941 0.700222 0.667465 0.62972 0.587236 0.540482 0.490165 0.437226 0.382827 0.32831 0.275133 0.224765 0.178564 0.137634 0.102706 0.0740597 0.0515213 0.0345344 0.0222819 0.0138287 0.00825188 0.00473334 0.00260984 0.00138339 0.000705139 0.000345749 0.000163156 7.41354e-05 3.24553e-05 1.36979e-05 5.57727e-06 2.19222e-06 8.32431e-07 3.05579e-07 1.08523e-07 3.73127e-08 1.2429e-08 4.01388e-09 1.2576e-09 3.82536e-10 1.1305e-10 3.25156e-11 9.26979e-12 
5.75363e-12 6.79548e-12 2.20516e-11 8.15433e-11 2.95619e-10 1.03827e-09 3.52764e-09 1.15852e-08 3.67492e-08 1.12508e-07 3.32187e-07 9.45182e-07 2.58974e-06 6.82786e-06 1.73098e-05 4.21679e-05 9.86453e-05 0.000221474 0.000476975 0.000984933 0.00194944 0.00369751 0.00671999 0.0117036 0.0195376 0.0312773 0.0480507 0.0709097 0.100647 0.13762 0.181621 0.231856 0.287012 0.345422 0.405267 0.464775 0.522364 0.576736 0.626915 0.672241 0.712344 0.747099 0.776583 0.801027 0.820778 0.836268 0.847983 0.856423 0.86206 0.865282 0.866344 0.865332 0.862148 0.85653 0.848082 0.836331 0.820777 0.800934 0.776372 0.746745 0.711826 0.671548 0.626049 0.575715 0.521225 0.463575 0.404078 0.34433 0.286107 0.231216 0.181294 0.137613 0.100924 0.0713956 0.0486534 0.0319062 0.0201202 0.0121949 0.00710219 0.00397416 0.00213686 0.00110429 0.000548673 0.000262217 0.000120601 5.34119e-05 2.27928e-05 9.37827e-06 3.72323e-06 1.42726e-06 5.28683e-07 1.89372e-07 6.56424e-08 2.20356e-08 7.1689e-09 2.26192e-09 6.92639e-10 2.06002e-10 5.96167e-11 1.71098e-11 
1.04386e-11 1.25105e-11 4.04746e-11 1.48668e-10 5.3512e-10 1.8654e-09 6.28824e-09 2.04817e-08 6.4409e-08 1.95402e-07 5.71442e-07 1.60966e-06 4.36395e-06 1.13783e-05 2.85104e-05 6.86053e-05 0.000158437 0.000350946 0.000745225 0.0015164 0.00295584 0.00551837 0.00986702 0.0168991 0.0277323 0.0436303 0.0658581 0.0954793 0.133129 0.178823 0.231856 0.290836 0.353847 0.418702 0.483221 0.545467 0.603891 0.657397 0.705321 0.747378 0.783579 0.814155 0.839486 0.860041 0.876338 0.888913 0.898294 0.904981 0.909412 0.911934 0.91277 0.911994 0.909526 0.905135 0.898472 0.889095 0.876501 0.860158 0.839528 0.814089 0.783369 0.746992 0.704733 0.656594 0.60288 0.544278 0.481916 0.417374 0.352611 0.289812 0.231145 0.178479 0.133151 0.0958095 0.0663999 0.0442738 0.0283788 0.017477 0.0103377 0.00587235 0.00320366 0.00167885 0.000845372 0.000409206 0.00019051 8.5356e-05 3.68274e-05 1.5312e-05 6.13944e-06 2.3757e-06 8.87867e-07 3.20726e-07 1.12068e-07 3.79075e-08 1.24219e-08 3.94636e-09 1.21637e-09 3.6403e-10 1.05985e-10 3.06168e-11 
1.83494e-11 2.22952e-11 7.19074e-11 2.62405e-10 9.37947e-10 3.24584e-09 1.08582e-08 3.50832e-08 1.09397e-07 3.28948e-07 9.53026e-07 2.65819e-06 7.13218e-06 1.83937e-05 4.55611e-05 0.000108314 0.00024697 0.000539777 0.00113023 0.00226631 0.00435057 0.00799428 0.0140612 0.023679 0.0381922 0.0590381 0.0875429 0.124665 0.170738 0.225294 0.287012 0.353847 0.423294 0.492733 0.559767 0.622464 0.67948 0.730061 0.773963 0.811328 0.842563 0.868227 0.888953 0.905388 0.918154 0.927831 0.934945 0.939956 0.943248 0.945114 0.945736 0.945177 0.943371 0.940133 0.935167 0.928088 0.918431 0.905666 0.889206 0.868421 0.842656 0.811275 0.773715 0.729574 0.678722 0.621432 0.558493 0.491298 0.421822 0.352491 0.285921 0.224578 0.170445 0.124769 0.0879583 0.0596458 0.0388706 0.0243289 0.0146186 0.00843118 0.00466733 0.00248036 0.00126578 0.000620561 0.000292426 0.000132531 5.78067e-05 2.42835e-05 9.83198e-06 3.83979e-06 1.44762e-06 5.27265e-07 1.85685e-07 6.32767e-08 2.08817e-08 6.6785e-09 2.07162e-09 6.23754e-10 1.82666e-10 5.31055e-11 
3.12444e-11 3.84519e-11 1.23629e-10 4.48304e-10 1.59165e-09 5.46924e-09 1.81607e-08 5.8222e-08 1.80066e-07 5.36786e-07 1.54109e-06 4.25739e-06 1.1308e-05 2.88534e-05 7.06698e-05 0.000166023 0.000373849 0.000806398 0.00166531 0.00329118 0.00622295 0.0112558 0.0194766 0.0322495 0.0511232 0.0776456 0.113098 0.158195 0.212821 0.275898 0.345422 0.418702 0.492733 0.564619 0.631928 0.692921 0.746612 0.792699 0.831403 0.863296 0.889137 0.909752 0.925951 0.938479 0.947997 0.955074 0.960193 0.963753 0.96607 0.967376 0.967815 0.967435 0.966186 0.963927 0.960424 0.955358 0.948329 0.93885 0.926343 0.910138 0.889478 0.863542 0.831492 0.792563 0.746186 0.692158 0.630822 0.56322 0.491156 0.417111 0.344003 0.274816 0.21218 0.158016 0.113323 0.0781606 0.0517918 0.0329469 0.0201111 0.0117763 0.00661473 0.00356452 0.00184331 0.000915136 0.00043641 0.00020003 8.81837e-05 3.74193e-05 1.52954e-05 6.02742e-06 2.29176e-06 8.41457e-07 2.98594e-07 1.02488e-07 3.40533e-08 1.09619e-08 3.42126e-09 1.03618e-09 3.05163e-10 8.92669e-11 
5.15172e-11 6.41603e-11 2.05642e-10 7.41178e-10 2.61447e-09 8.92292e-09 2.94177e-08 9.36055e-08 2.87218e-07 8.49105e-07 2.41642e-06 6.61396e-06 1.73961e-05 4.39313e-05 0.000106431 0.000247169 0.00054984 0.00117089 0.00238558 0.00464821 0.00865909 0.0154209 0.0262567 0.0427571 0.0666285 0.099441 0.142303 0.195539 0.258449 0.329257 0.405267 0.483221 0.559767 0.631928 0.697442 0.754933 0.80389 0.844508 0.877469 0.90372 0.924296 0.940201 0.952334 0.961467 0.96824 0.973172 0.976676 0.979079 0.980626 0.981494 0.981788 0.981543 0.980726 0.979232 0.976886 0.973443 0.968574 0.961864 0.952787 0.940694 0.924801 0.90419 0.877842 0.844702 0.803815 0.754505 0.69661 0.630699 0.558225 0.481521 0.403613 0.327855 0.257459 0.195041 0.142283 0.099805 0.0672385 0.0434686 0.0269508 0.0160199 0.00912847 0.00498687 0.00261257 0.00131311 0.000633531 0.000293591 0.00013078 5.60398e-05 2.31189e-05 9.19005e-06 3.52307e-06 1.30363e-06 4.66e-07 1.61061e-07 5.38677e-08 1.74484e-08 5.47804e-09 1.66846e-09 4.94046e-10 1.45379e-10 
