1.92293e-08 2.0253e-08 2.61468e-08 3.80976e-08 5.83793e-08 9.06774e-08 1.40559e-07 2.16136e-07 3.28951e-07 4.9514e-07 7.3689e-07 1.08425e-06 1.57731e-06 2.26875e-06 3.22676e-06 4.53824e-06 6.31219e-06 8.68322e-06 1.18147e-05 1.59017e-05 2.1173e-05 2.78914e-05 3.63539e-05 4.68878e-05 5.9846e-05 7.5599e-05 9.45235e-05 0.000116989 0.000143341 0.000173882 0.000208851 0.000248403 0.000292586 0.000341324 0.000394403 0.000451454 0.000511954 0.000575223 0.000640432 0.000706621 0.000772719 0.000837572 0.000899977 0.00095872 0.00101261 0.00106052 0.00110142 0.00113443 0.0011588 0.00117401 0.0011797 0.00117575 0.00116226 0.00113952 0.00110807 0.00106859 0.00102196 0.000969187 0.000911377 0.000849711 0.000785399 0.000719641 0.000653596 0.000588344 0.000524858 0.000463982 0.000406417 0.000352709 0.000303247 0.000258273 0.000217885 0.000182056 0.000150655 0.00012346 0.000100184 8.04955e-05 6.40342e-05 5.04298e-05 3.93157e-05 3.034e-05 2.31743e-05 1.75189e-05 1.31065e-05 9.70316e-06 7.10823e-06 5.1523e-06 3.69493e-06 2.62151e-06 1.83998e-06 1.27752e-06 8.77402e-07 5.96071e-07 4.00565e-07 2.66307e-07 1.75232e-07 1.1426e-07 7.40754e-08 4.81731e-08 3.21351e-08 2.31195e-08 
2.0253e-08 2.13481e-08 2.76119e-08 4.03142e-08 6.18882e-08 9.62791e-08 1.49451e-07 2.30101e-07 3.50615e-07 5.2832e-07 7.87057e-07 1.15914e-06 1.68768e-06 2.4294e-06 3.45768e-06 4.86612e-06 6.77211e-06 9.32064e-06 1.26877e-05 1.70834e-05 2.27538e-05 2.99824e-05 3.90884e-05 5.0424e-05 6.43687e-05 8.13205e-05 0.000101684 0.000125856 0.000154206 0.000187058 0.000224666 0.000267195 0.000314694 0.000367079 0.000424115 0.000485407 0.000550387 0.000618324 0.000688327 0.000759365 0.000830287 0.000899856 0.000966784 0.00102977 0.00108754 0.00113888 0.00118271 0.00121807 0.00124417 0.00126044 0.00126651 0.00126226 0.00124777 0.00122338 0.00118964 0.00114731 0.0010973 0.0010407 0.000978692 0.000912542 0.000843544 0.000772985 0.000702106 0.000632066 0.000563909 0.000498544 0.000436723 0.000379034 0.000325898 0.000277574 0.000234172 0.000195666 0.000161913 0.000132679 0.000107657 8.64906e-05 6.87934e-05 5.41681e-05 4.22207e-05 3.25732e-05 2.48722e-05 1.87956e-05 1.40558e-05 1.04011e-05 7.61553e-06 5.51678e-06 3.95376e-06 2.80315e-06 1.96594e-06 1.36383e-06 9.35831e-07 6.35143e-07 4.26374e-07 2.83147e-07 1.86087e-07 1.2118e-07 7.845e-08 5.09381e-08 3.39223e-08 2.43674e-08 
2.61468e-08 2.76119e-08 3.57542e-08 5.22182e-08 8.01462e-08 1.24625e-07 1.93335e-07 2.97456e-07 4.52892e-07 6.8185e-07 1.01484e-06 1.49312e-06 2.17168e-06 3.12263e-06 4.43914e-06 6.23974e-06 8.67274e-06 1.19208e-05 1.62052e-05 2.17891e-05 2.89804e-05 3.81317e-05 4.96398e-05 6.39404e-05 8.15015e-05 0.000102812 0.000128366 0.000158645 0.000194096 0.000235107 0.000281976 0.000334889 0.000393891 0.000458859 0.00052949 0.000605277 0.000685513 0.000769286 0.000855496 0.000942874 0.00103001 0.00111539 0.00119744 0.00127459 0.00134528 0.00140806 0.00146161 0.00150477 0.00153659 0.00155639 0.00156373 0.00155844 0.00154066 0.00151077 0.00146945 0.00141759 0.00135634 0.00128698 0.00121096 0.00112981 0.0010451 0.000958411 0.000871247 0.000785029 0.00070104 0.0006204 0.00054404 0.000472693 0.000406891 0.000346967 0.00029307 0.000245183 0.000203145 0.00016668 0.000135421 0.000108937 8.67601e-05 6.84037e-05 5.33851e-05 4.12388e-05 3.15284e-05 2.38548e-05 1.78603e-05 1.32317e-05 9.69876e-06 7.03339e-06 5.04581e-06 3.58085e-06 2.51365e-06 1.74527e-06 1.19851e-06 8.14012e-07 5.46811e-07 3.63344e-07 2.38922e-07 1.55662e-07 1.0082e-07 6.5497e-08 4.36499e-08 3.13931e-08 
3.80976e-08 4.03142e-08 5.22182e-08 7.61904e-08 1.16762e-07 1.81251e-07 2.80674e-07 4.31031e-07 6.55021e-07 9.84244e-07 1.46199e-06 2.14663e-06 3.11568e-06 4.47049e-06 6.34156e-06 8.89425e-06 1.23348e-05 1.69162e-05 2.29437e-05 3.07789e-05 4.08428e-05 5.36161e-05 6.9636e-05 8.94907e-05 0.000113808 0.000143239 0.000178439 0.000220041 0.000268627 0.000324691 0.00038861 0.0004606 0.00054069 0.000628683 0.000724138 0.000826352 0.000934352 0.0010469 0.00116252 0.0012795 0.00139598 0.00150993 0.0016193 0.001722 0.00181599 0.00189937 0.0019704 0.00202758 0.0020697 0.00209584 0.00210543 0.00209828 0.00207455 0.00203475 0.00197976 0.00191076 0.00182923 0.00173686 0.00163555 0.0015273 0.0014142 0.00129831 0.00118164 0.00106608 0.000953331 0.000844901 0.000742051 0.000645779 0.000556821 0.000475649 0.000402491 0.000337352 0.000280046 0.000230226 0.000187422 0.000151072 0.000120562 9.52491e-05 7.44895e-05 5.76601e-05 4.41737e-05 3.34908e-05 2.51259e-05 1.86517e-05 1.36988e-05 9.95362e-06 7.15455e-06 5.08694e-06 3.57748e-06 2.48839e-06 1.71184e-06 1.16465e-06 7.83662e-07 5.21574e-07 3.43516e-07 2.24162e-07 1.45424e-07 9.46442e-08 6.32129e-08 4.55884e-08 
5.83793e-08 6.18882e-08 8.01462e-08 1.16762e-07 1.78578e-07 2.76609e-07 4.27393e-07 6.54882e-07 9.92946e-07 1.48859e-06 2.206e-06 3.23142e-06 4.67896e-06 6.69729e-06 9.47711e-06 1.32591e-05 1.83423e-05 2.50918e-05 3.39464e-05 4.54235e-05 6.01228e-05 7.87253e-05 0.000101989 0.000130738 0.000165847 0.000208218 0.000258753 0.000318312 0.000387678 0.000467507 0.000558281 0.000660256 0.000773422 0.000897457 0.0010317 0.00117513 0.00132635 0.00148362 0.00164487 0.00180773 0.0019696 0.00212773 0.00227926 0.00242135 0.00255123 0.00266631 0.00276424 0.00284298 0.00290089 0.00293675 0.00294979 0.00293975 0.00290684 0.00285178 0.00277574 0.00268033 0.00256755 0.0024397 0.00229937 0.00214928 0.00199229 0.00183121 0.00166883 0.00150773 0.0013503 0.00119863 0.00105449 0.00091931 0.000794135 0.000679669 0.000576273 0.000483998 0.000402625 0.000331709 0.000270626 0.000218624 0.000174864 0.000138463 0.000108532 8.42041e-05 6.46573e-05 4.91329e-05 3.69454e-05 2.7488e-05 2.02342e-05 1.47351e-05 1.06148e-05 7.56367e-06 5.33074e-06 3.71578e-06 2.56153e-06 1.74632e-06 1.17742e-06 7.85204e-07 5.18167e-07 3.38801e-07 2.20249e-07 1.43666e-07 9.62121e-08 6.96097e-08 
9.06774e-08 9.62791e-08 1.24625e-07 1.81251e-07 2.76609e-07 4.27478e-07 6.58987e-07 1.00741e-06 1.52389e-06 2.27919e-06 3.36957e-06 4.92395e-06 7.1123e-06 1.01552e-05 1.43346e-05 2.00048e-05 2.76043e-05 3.76663e-05 5.08284e-05 6.78396e-05 8.95632e-05 0.000116975 0.000151156 0.000193273 0.00024456 0.000306278 0.000379677 0.000465942 0.000566135 0.000681128 0.00081154 0.000957668 0.00111943 0.00129629 0.00148726 0.00169084 0.00190502 0.00212732 0.0023548 0.00258413 0.00281167 0.0030336 0.00324595 0.0034448 0.00362633 0.00378699 0.00392354 0.00403323 0.00411379 0.00416355 0.0041815 0.00416726 0.00412113 0.00404411 0.00393779 0.00380437 0.0036466 0.00346764 0.00327104 0.00306057 0.00284014 0.0026137 0.00238508 0.00215792 0.00193554 0.00172092 0.00151657 0.00132452 0.00114631 0.00098299 0.000835127 0.000702856 0.000585929 0.000483776 0.000395565 0.000320274 0.00025675 0.000203771 0.000160092 0.000124495 9.58178e-05 7.29812e-05 5.50054e-05 4.10195e-05 3.02642e-05 2.20895e-05 1.59487e-05 1.13898e-05 8.04508e-06 5.62005e-06 3.88262e-06 2.6526e-06 1.79222e-06 1.19769e-06 7.92003e-07 5.18927e-07 3.38077e-07 2.21049e-07 1.48447e-07 1.07751e-07 
1.40559e-07 1.49451e-07 1.93335e-07 2.80674e-07 4.27393e-07 6.58987e-07 1.01352e-06 1.5458e-06 2.33284e-06 3.48085e-06 5.13385e-06 7.48403e-06 1.07839e-05 1.53599e-05 2.16275e-05 3.01073e-05 4.14401e-05 5.64026e-05 7.5919e-05 0.00010107 0.000133095 0.00017339 0.000223487 0.000285039 0.000359775 0.000449455 0.000555805 0.000680446 0.000824811 0.000990054 0.00117696 0.00138584 0.00161649 0.00186806 0.00213906 0.00242731 0.00272991 0.00304334 0.00336344 0.00368556 0.00400462 0.0043153 0.00461214 0.00488973 0.00514282 0.00536655 0.00555651 0.00570892 0.00582072 0.00588964 0.00591429 0.00589418 0.00582974 0.00572229 0.00557403 0.00538798 0.00516785 0.00491801 0.00464328 0.00434887 0.00404017 0.00372262 0.00340154 0.00308199 0.00276864 0.00246566 0.0021766 0.0019044 0.00165127 0.00141877 0.00120779 0.00101861 0.000850963 0.000704133 0.000577019 0.000468242 0.000376225 0.000299278 0.000235671 0.000183695 0.00014171 0.000108187 8.1729e-05 6.10892e-05 4.51752e-05 3.30481e-05 2.39149e-05 1.71172e-05 1.21173e-05 8.48337e-06 5.87344e-06 4.02131e-06 2.72273e-06 1.82333e-06 1.20824e-06 7.93318e-07 5.17974e-07 3.39487e-07 2.28621e-07 1.66477e-07 
2.16136e-07 2.30101e-07 2.97456e-07 4.31031e-07 6.54882e-07 1.00741e-06 1.5458e-06 2.35213e-06 3.5414e-06 5.27167e-06 7.75655e-06 1.12801e-05 1.62142e-05 2.30378e-05 3.23582e-05 4.49328e-05 6.1691e-05 8.37533e-05 0.000112448 0.00014932 0.000196134 0.000254863 0.000327669 0.00041686 0.000524841 0.00065404 0.000806817 0.000985366 0.00119159 0.001427 0.00169255 0.00198855 0.00231457 0.00266928 0.00305049 0.00345502 0.00387878 0.00431678 0.00476322 0.00521164 0.00565505 0.0060861 0.00649733 0.00688135 0.00723105 0.00753982 0.00780169 0.00801158 0.00816535 0.00825996 0.00829355 0.00826546 0.00817627 0.00802777 0.00782294 0.00756585 0.00726152 0.00691586 0.00653543 0.00612731 0.00569885 0.00525749 0.00481054 0.004365 0.00392732 0.00350333 0.00309802 0.00271553 0.00235908 0.00203092 0.00173244 0.00146414 0.0012258 0.00101652 0.000834877 0.000679025 0.000546837 0.000436003 0.000344136 0.000268864 0.000207898 0.000159088 0.000120462 9.02498e-05 6.68933e-05 4.90482e-05 3.55738e-05 2.55193e-05 1.81055e-05 1.27036e-05 8.81444e-06 6.04787e-06 4.10356e-06 2.75381e-06 1.82866e-06 1.20323e-06 7.87351e-07 5.17287e-07 3.49327e-07 2.55178e-07 
3.28951e-07 3.50615e-07 4.52892e-07 6.55021e-07 9.92946e-07 1.52389e-06 2.33284e-06 3.5414e-06 5.31942e-06 7.89959e-06 1.15953e-05 1.68219e-05 2.41209e-05 3.41874e-05 4.7899e-05 6.63461e-05 9.08606e-05 0.000123041 0.000164775 0.000218246 0.000285935 0.000370603 0.000475254 0.00060308 0.00075738 0.000941459 0.0011585 0.00141143 0.00170273 0.00203433 0.00240736 0.00282208 0.00327765 0.00377208 0.00430214 0.00486332 0.00544987 0.00605483 0.00667022 0.00728715 0.00789609 0.0084871 0.00905006 0.00957503 0.0100525 0.0104735 0.0108302 0.0111159 0.0113248 0.0114532 0.0114984 0.0114597 0.0113378 0.0111351 0.0108555 0.0105045 0.0100888 0.00961632 0.0090958 0.00853674 0.00794907 0.00734283 0.00672796 0.00611396 0.0055097 0.00492318 0.00436136 0.00383003 0.00333374 0.00287579 0.00245823 0.00208198 0.00174687 0.00145186 0.00119513 0.000974262 0.000786422 0.000628497 0.000497239 0.000389397 0.000301812 0.000231498 0.000175704 0.000131945 9.80257e-05 7.20415e-05 5.23701e-05 3.76537e-05 2.67746e-05 1.88279e-05 1.30925e-05 9.00264e-06 6.1215e-06 4.11674e-06 2.7395e-06 1.80641e-06 1.18468e-06 7.80226e-07 5.28365e-07 3.87175e-07 
4.9514e-07 5.2832e-07 6.8185e-07 9.84244e-07 1.48859e-06 2.27919e-06 3.48085e-06 5.27167e-06 7.89959e-06 1.17032e-05 1.71369e-05 2.48006e-05 3.54738e-05 5.01531e-05 7.00917e-05 9.684e-05 0.000132284 0.000178676 0.000238664 0.000315295 0.000412015 0.000532633 0.000681272 0.000862283 0.00108013 0.00133924 0.00164385 0.00199778 0.00240423 0.00286558 0.00338314 0.00395694 0.00458559 0.00526611 0.00599384 0.00676245 0.00756395 0.0083888 0.00922612 0.0100639 0.0108893 0.011689 0.0124496 0.0131579 0.0138011 0.0143677 0.0148472 0.0152307 0.015511 0.0156829 0.015743 0.0156904 0.015526 0.015253 0.0148765 0.0144037 0.0138435 0.0132061 0.0125033 0.0117475 0.010952 0.0101301 0.0092951 0.00845983 0.00763624 0.0068352 0.00606626 0.00533742 0.00465505 0.00402387 0.00344692 0.00292571 0.00246028 0.00204945 0.00169094 0.00138168 0.00111793 0.000895557 0.000710221 0.000557522 0.000433157 0.00033304 0.000253376 0.000190724 0.000142029 0.000104625 7.62326e-05 5.49365e-05 3.91527e-05 2.7594e-05 1.92308e-05 1.32525e-05 9.03076e-06 6.08627e-06 4.05881e-06 2.68215e-06 1.76298e-06 1.16394e-06 7.9043e-07 5.81023e-07 
7.3689e-07 7.87057e-07 1.01484e-06 1.46199e-06 2.206e-06 3.36957e-06 5.13385e-06 7.75655e-06 1.15953e-05 1.71369e-05 2.50321e-05 3.61372e-05 5.15606e-05 7.27134e-05 0.000101363 0.000139687 0.000190321 0.0002564 0.00034159 0.000450088 0.000586613 0.000756354 0.000964889 0.00121806 0.00152183 0.00188203 0.0023042 0.00279324 0.00335319 0.00398692 0.0046958 0.00547951 0.00633577 0.00726021 0.00824625 0.00928508 0.0103658 0.0114755 0.0125995 0.0137218 0.0148255 0.015893 0.0169065 0.0178489 0.0187036 0.0194556 0.0200913 0.0205991 0.0209699 0.0211968 0.0212758 0.0212053 0.0209867 0.0206242 0.0201243 0.0194963 0.0187516 0.0179038 0.0169678 0.01596 0.0148978 0.0137986 0.0126799 0.0115588 0.0104512 0.00937161 0.00833297 0.0073462 0.00642012 0.00556135 0.00477434 0.00406147 0.00342317 0.00285818 0.00236378 0.00193607 0.00157027 0.00126097 0.00100245 0.000788843 0.000614374 0.00047352 0.000361126 0.000272487 0.000203401 0.00015019 0.00010969 7.92314e-05 5.65974e-05 3.99794e-05 2.7925e-05 1.92866e-05 1.31715e-05 8.89622e-06 5.94558e-06 3.93758e-06 2.59407e-06 1.71689e-06 1.16923e-06 8.62153e-07 
1.08425e-06 1.15914e-06 1.49312e-06 2.14663e-06 3.23142e-06 4.92395e-06 7.48403e-06 1.12801e-05 1.68219e-05 2.48006e-05 3.61372e-05 5.20391e-05 7.40625e-05 0.000104181 0.000144857 0.000199108 0.000270573 0.00036356 0.000483074 0.000634823 0.000825183 0.00106112 0.00135009 0.00169981 0.0021181 0.00261256 0.00319027 0.00385745 0.00461903 0.00547835 0.00643674 0.00749321 0.00864423 0.00988347 0.0112017 0.012587 0.0140246 0.0154973 0.0169856 0.0184686 0.0199241 0.0213292 0.0226611 0.0238976 0.0250175 0.0260015 0.0268324 0.0274955 0.027979 0.0282745 0.0283766 0.0282837 0.0279973 0.0275227 0.0268684 0.026046 0.0250702 0.0239581 0.022729 0.0214039 0.0200051 0.0185552 0.017077 0.0155927 0.0141231 0.0126876 0.0113033 0.00998493 0.00874454 0.0075913 0.0065316 0.00556907 0.00470483 0.00393765 0.00326439 0.00268025 0.00217919 0.00175429 0.00139809 0.00110291 0.000861112 0.000665332 0.000508659 0.000384747 0.000287897 0.000213093 0.000156002 0.00011295 8.08715e-05 5.72579e-05 4.00848e-05 2.77471e-05 1.89916e-05 1.28554e-05 8.61049e-06 5.71513e-06 3.7738e-06 2.50396e-06 1.7101e-06 1.26489e-06 
1.57731e-06 1.68768e-06 2.17168e-06 3.11568e-06 4.67896e-06 7.1123e-06 1.07839e-05 1.62142e-05 2.41209e-05 3.54738e-05 5.15606e-05 7.40625e-05 0.000105138 0.000147514 0.000204576 0.000280457 0.000380115 0.000509389 0.000675032 0.000884698 0.00114689 0.00147082 0.0018663 0.0023434 0.00291222 0.00358249 0.00436311 0.00526175 0.00628435 0.00743459 0.00871353 0.0101192 0.0116461 0.0132853 0.0150244 0.0168469 0.0187334 0.0206612 0.022605 0.0245377 0.0264305 0.0282544 0.0299802 0.0315798 0.0330265 0.034296 0.0353666 0.0362201 0.0368419 0.0372211 0.0373515 0.0372307 0.0368609 0.0362486 0.0354044 0.0343428 0.0330823 0.0316441 0.0300528 0.0283349 0.0265184 0.0246324 0.0227058 0.0207673 0.0188439 0.0169607 0.0151403 0.0134023 0.0117627 0.0102342 0.00882578 0.00754286 0.00638757 0.00535903 0.00445371 0.00366586 0.00298804 0.0024115 0.00192672 0.00152377 0.00119271 0.000923857 0.000708074 0.000536915 0.000402752 0.000298834 0.000219301 0.000159159 0.000114227 8.10628e-05 5.68809e-05 3.94631e-05 2.70715e-05 1.83656e-05 1.23285e-05 8.2013e-06 5.42811e-06 3.61074e-06 2.47304e-06 1.83489e-06 
2.26875e-06 2.4294e-06 3.12263e-06 4.47049e-06 6.69729e-06 1.01552e-05 1.53599e-05 2.30378e-05 3.41874e-05 5.01531e-05 7.27134e-05 0.000104181 0.000147514 0.000206432 0.000285534 0.000390407 0.000527722 0.000705294 0.00093211 0.0012183 0.00157504 0.00201437 0.00254899 0.00319185 0.0039558 0.00485303 0.00589459 0.00708973 0.00844533 0.00996528 0.01165 0.0134958 0.0154949 0.0176348 0.0198983 0.022264 0.0247063 0.0271956 0.0296997 0.0321836 0.0346112 0.0369457 0.0391507 0.0411909 0.0430334 0.044648 0.0460081 0.0470911 0.0478791 0.0483591 0.0485232 0.0483686 0.0478981 0.0471194 0.0460458 0.0446951 0.0430898 0.0412564 0.0392251 0.037029 0.034703 0.0322834 0.029807 0.0273099 0.0248265 0.0223892 0.0200272 0.0177661 0.0156273 0.0136278 0.01178 0.0100918 0.0085671 0.00720552 0.00600336 0.00495397 0.00404831 0.0032756 0.00262385 0.00208045 0.00163262 0.00126784 0.000974185 0.000740565 0.000556904 0.000414236 0.000304736 0.0002217 0.000159493 0.000113455 7.97958e-05 5.54888e-05 3.81516e-05 2.59409e-05 1.74528e-05 1.16365e-05 7.71993e-06 5.14838e-06 3.53634e-06 2.63192e-06 
3.22676e-06 3.45768e-06 4.43914e-06 6.34156e-06 9.47711e-06 1.43346e-05 2.16275e-05 3.23582e-05 4.7899e-05 7.00917e-05 0.000101363 0.000144857 0.000204576 0.000285534 0.0003939 0.000537133 0.000724094 0.000965109 0.00127198 0.00165794 0.00213748 0.00272611 0.00344004 0.00429565 0.00530902 0.00649523 0.00786763 0.00943714 0.0112115 0.0131944 0.0153851 0.0177778 0.0203609 0.0231176 0.0260249 0.0290548 0.032174 0.0353451 0.0385268 0.0416755 0.0447459 0.0476925 0.0504703 0.0530361 0.0553496 0.057374 0.0590772 0.060432 0.0614166 0.0620155 0.0622191 0.0620243 0.0614342 0.0604584 0.0591126 0.0574185 0.0554032 0.053099 0.0505426 0.0477743 0.0448372 0.0417761 0.0386365 0.0354634 0.0323003 0.029188 0.026164 0.0232611 0.0205073 0.0179254 0.0155322 0.0133391 0.0113522 0.00957228 0.00799579 0.00661525 0.00542 0.00439696 0.00353133 0.00280732 0.00220878 0.00171972 0.00132481 0.00100969 0.000761212 0.000567627 0.000418617 0.000305299 0.000220168 0.00015699 0.000110676 7.71421e-05 5.31617e-05 3.62292e-05 2.44301e-05 1.6326e-05 1.08569e-05 7.25906e-06 5.00055e-06 3.73312e-06 
4.53824e-06 4.86612e-06 6.23974e-06 8.89425e-06 1.32591e-05 2.00048e-05 3.01073e-05 4.49328e-05 6.63461e-05 9.684e-05 0.000139687 0.000199108 0.000280457 0.000390407 0.000537133 0.00073047 0.00098204 0.00130531 0.00171559 0.00222992 0.00286683 0.00364604 0.0045879 0.00571287 0.00704071 0.00858969 0.0103757 0.0124112 0.0147045 0.0172588 0.0200713 0.0231329 0.0264276 0.0299325 0.0336177 0.0374467 0.0413774 0.0453624 0.0493503 0.0532872 0.0571173 0.0607849 0.0642356 0.0674171 0.0702811 0.0727837 0.0748864 0.076557 0.0777699 0.0785066 0.0787558 0.0785139 0.0777847 0.0765794 0.0749166 0.072822 0.070328 0.0674729 0.0643008 0.06086 0.0572026 0.053383 0.0494568 0.0454794 0.0415045 0.0375831 0.0337624 0.0300843 0.0265848 0.0232936 0.0202335 0.0174205 0.0148636 0.0125657 0.0105238 0.00872981 0.00717153 0.00583339 0.00469746 0.0037443 0.0029538 0.00230585 0.00178099 0.00136089 0.00102862 0.000768985 0.000568542 0.000415671 0.0003005 0.000214789 0.000151786 0.000106045 7.32499e-05 5.00342e-05 3.38165e-05 2.26511e-05 1.50993e-05 1.01219e-05 6.99286e-06 5.23645e-06 
6.31219e-06 6.77211e-06 8.67274e-06 1.23348e-05 1.83423e-05 2.76043e-05 4.14401e-05 6.1691e-05 9.08606e-05 0.000132284 0.000190321 0.000270573 0.000380115 0.000527722 0.000724094 0.00098204 0.00131661 0.00174515 0.00228726 0.00296458 0.00380053 0.00481975 0.0060475 0.00750886 0.00922773 0.0112259 0.0135216 0.0161289 0.0190562 0.0223053 0.0258705 0.0297383 0.0338868 0.0382853 0.0428955 0.0476708 0.0525583 0.0574991 0.0624302 0.0672855 0.0719978 0.0765 0.0807271 0.0846171 0.0881129 0.091163 0.0937222 0.0957532 0.0972261 0.0981195 0.0984204 0.0981246 0.0972364 0.095769 0.093744 0.0911912 0.0881483 0.0846605 0.0807793 0.076562 0.0720705 0.0673697 0.0625264 0.0576078 0.0526793 0.0478039 0.0430398 0.0384398 0.0340497 0.0299079 0.0260445 0.0224813 0.0192319 0.0163018 0.0136893 0.0113863 0.00937916 0.00764978 0.00617683 0.00493681 0.00390501 0.00305656 0.00236709 0.00181349 0.00137429 0.00103005 0.0007635 0.000559612 0.000405562 0.000290594 0.000205851 0.00014416 9.98112e-05 6.83357e-05 4.62928e-05 3.10806e-05 2.07687e-05 1.39587e-05 9.67164e-06 7.26444e-06 
8.68322e-06 9.32064e-06 1.19208e-05 1.69162e-05 2.50918e-05 3.76663e-05 5.64026e-05 8.37533e-05 0.000123041 0.000178676 0.0002564 0.00036356 0.000509389 0.000705294 0.000965109 0.00130531 0.00174515 0.00230669 0.00301468 0.00389628 0.00498062 0.00629813 0.00787965 0.00975543 0.0119539 0.0145004 0.0174157 0.0207148 0.0244054 0.028487 0.03295 0.0377748 0.0429318 0.0483812 0.0540739 0.0599517 0.0659489 0.0719935 0.0780091 0.0839163 0.0896349 0.0950858 0.100192 0.104883 0.10909 0.112755 0.115826 0.118261 0.120024 0.121092 0.121451 0.121094 0.120028 0.118267 0.115836 0.112769 0.109109 0.104908 0.100225 0.0951276 0.0896873 0.0839807 0.0780867 0.0720854 0.0660556 0.0600733 0.0542102 0.0485312 0.043094 0.0379475 0.0331308 0.0286734 0.0245944 0.0209036 0.0176016 0.0146805 0.012126 0.00991734 0.00802981 0.00643538 0.00510427 0.00400607 0.00311077 0.00238959 0.00181564 0.00136439 0.00101392 0.000745051 0.000541306 0.000388816 0.0002761 0.00019382 0.000134512 9.23092e-05 6.26791e-05 4.21813e-05 2.82552e-05 1.90403e-05 1.32309e-05 9.96786e-06 
1.18147e-05 1.26877e-05 1.62052e-05 2.29437e-05 3.39464e-05 5.08284e-05 7.5919e-05 0.000112448 0.000164775 0.000238664 0.00034159 0.000483074 0.000675032 0.00093211 0.00127198 0.00171559 0.00228726 0.00301468 0.00392872 0.00506302 0.00645333 0.00813666 0.0101501 0.0125296 0.0153083 0.0185152 0.022173 0.026297 0.0308934 0.0359583 0.0414761 0.0474197 0.0537498 0.0604156 0.067355 0.0744963 0.0817591 0.0890568 0.0962978 0.103388 0.110235 0.116744 0.122829 0.128406 0.133399 0.137742 0.141376 0.144252 0.146334 0.147593 0.148014 0.147591 0.14633 0.144247 0.14137 0.137737 0.133396 0.128406 0.122835 0.116758 0.110259 0.103424 0.0963478 0.0891225 0.081842 0.0745971 0.067474 0.0605523 0.0539032 0.047588 0.0416571 0.0361491 0.0310911 0.0264981 0.0223741 0.0187131 0.0155 0.0127123 0.0103215 0.008295 0.00659742 0.00519217 0.00404275 0.00311387 0.00237226 0.00178737 0.0013317 0.000981068 0.000714582 0.000514558 0.000366286 0.000257752 0.000179307 0.00012334 8.3946e-05 5.66271e-05 3.80247e-05 2.56913e-05 1.79045e-05 1.35292e-05 
1.59017e-05 1.70834e-05 2.17891e-05 3.07789e-05 4.54235e-05 6.78396e-05 0.00010107 0.00014932 0.000218246 0.000315295 0.000450088 0.000634823 0.000884698 0.0012183 0.00165794 0.00222992 0.00296458 0.00389628 0.00506302 0.00650589 0.0082682 0.0103943 0.0129282 0.0159117 0.019383 0.023374 0.0279092 0.0330032 0.0386593 0.0448683 0.0516071 0.0588389 0.0665127 0.0745641 0.0829163 0.0914817 0.100164 0.108859 0.117461 0.125859 0.133945 0.141613 0.148765 0.155305 0.161149 0.166223 0.170463 0.173815 0.176237 0.177701 0.178189 0.177695 0.176224 0.173795 0.170439 0.166196 0.16112 0.155275 0.148738 0.141592 0.133932 0.125857 0.117473 0.108889 0.100212 0.0915511 0.0830075 0.0746773 0.0666473 0.0589937 0.0517799 0.0450562 0.0388592 0.0332113 0.0281215 0.0235866 0.0195921 0.0161139 0.0131204 0.010574 0.00843352 0.00665558 0.00519644 0.00401337 0.00306576 0.00231601 0.0017301 0.00127786 0.000933126 0.000673612 0.000480692 0.00033908 0.000236449 0.000163032 0.000111222 7.5205e-05 5.06239e-05 3.42942e-05 2.39691e-05 1.81655e-05 
2.1173e-05 2.27538e-05 2.89804e-05 4.08428e-05 6.01228e-05 8.95632e-05 0.000133095 0.000196134 0.000285935 0.000412015 0.000586613 0.000825183 0.00114689 0.00157504 0.00213748 0.00286683 0.00380053 0.00498062 0.00645333 0.0082682 0.0104769 0.013132 0.0162846 0.0199829 0.0242695 0.0291793 0.034737 0.0409555 0.0478334 0.0553542 0.0634854 0.072178 0.0813667 0.0909715 0.100899 0.111042 0.121289 0.131516 0.1416 0.151416 0.16084 0.169753 0.178044 0.185609 0.192356 0.198203 0.20308 0.206931 0.209712 0.211391 0.211948 0.211378 0.209688 0.206896 0.203035 0.198149 0.192295 0.185545 0.177978 0.16969 0.160783 0.151369 0.141567 0.1315 0.121293 0.11107 0.100951 0.0910501 0.0814718 0.0723087 0.0636402 0.0555304 0.0480275 0.0411636 0.0349547 0.029402 0.0244928 0.0202023 0.0164963 0.0133325 0.0106637 0.00843914 0.00660726 0.00511698 0.00391938 0.0029688 0.00222359 0.00164663 0.00120549 0.000872423 0.000624109 0.000441321 0.000308485 0.000213206 0.000145795 9.8817e-05 6.66821e-05 4.52917e-05 3.1747e-05 2.41306e-05 
2.78914e-05 2.99824e-05 3.81317e-05 5.36161e-05 7.87253e-05 0.000116975 0.00017339 0.000254863 0.000370603 0.000532633 0.000756354 0.00106112 0.00147082 0.00201437 0.00272611 0.00364604 0.00481975 0.00629813 0.00813666 0.0103943 0.013132 0.0164108 0.0202895 0.0248224 0.0300562 0.0360275 0.0427605 0.0502641 0.0585306 0.067534 0.0772293 0.0875529 0.0984231 0.109741 0.121395 0.133259 0.145199 0.157075 0.168746 0.180069 0.190907 0.201129 0.210613 0.219246 0.226928 0.233573 0.239108 0.243472 0.246619 0.248517 0.249145 0.248499 0.246583 0.243419 0.239039 0.233491 0.226834 0.219143 0.210504 0.201019 0.1908 0.179968 0.168657 0.157003 0.145148 0.133233 0.121397 0.109774 0.0984869 0.0876483 0.0773551 0.0676879 0.0587095 0.0504639 0.0429764 0.0362544 0.0302887 0.0250554 0.0205182 0.0166307 0.0133395 0.0105866 0.00831174 0.0064548 0.00495758 0.00376531 0.00282765 0.00209942 0.00154093 0.001118 0.000801782 0.000568345 0.000398232 0.000275889 0.000189105 0.000128477 8.69106e-05 5.91868e-05 4.16057e-05 3.17154e-05 
3.63539e-05 3.90884e-05 4.96398e-05 6.9636e-05 0.000101989 0.000151156 0.000223487 0.000327669 0.000475254 0.000681272 0.000964889 0.00135009 0.0018663 0.00254899 0.00344004 0.0045879 0.0060475 0.00787965 0.0101501 0.0129282 0.0162846 0.0202895 0.0250093 0.0305039 0.0368233 0.0440049 0.05207 0.0610221 0.0708442 0.0814983 0.0929244 0.105041 0.117748 0.130926 0.144441 0.158146 0.171887 0.185505 0.198841 0.211736 0.224039 0.235608 0.246312 0.256032 0.264661 0.272111 0.278306 0.283183 0.286696 0.288813 0.289512 0.288789 0.286649 0.283113 0.278214 0.272 0.264533 0.255888 0.246158 0.235447 0.223876 0.211576 0.198691 0.18537 0.171773 0.158057 0.144382 0.130901 0.117759 0.10509 0.0930095 0.0816188 0.0709974 0.0612039 0.0522756 0.0442286 0.0370592 0.0307458 0.0252514 0.0205264 0.0165115 0.0131413 0.0103465 0.00805725 0.00620531 0.0047257 0.00355833 0.00264884 0.00194921 0.00141781 0.00101932 0.00072432 0.000508745 0.000353288 0.00024273 0.000165302 0.000112096 7.65385e-05 5.39563e-05 4.1247e-05 
4.68878e-05 5.0424e-05 6.39404e-05 8.94907e-05 0.000130738 0.000193273 0.000285039 0.00041686 0.00060308 0.000862283 0.00121806 0.00169981 0.0023434 0.00319185 0.00429565 0.00571287 0.00750886 0.00975543 0.0125296 0.0159117 0.0199829 0.0248224 0.0305039 0.0370922 0.0446396 0.0531822 0.0627368 0.0732985 0.0848387 0.097304 0.110617 0.124675 0.139357 0.15452 0.170006 0.185648 0.20127 0.216692 0.231739 0.246238 0.260026 0.272951 0.284874 0.295672 0.305237 0.313477 0.320316 0.325693 0.329562 0.33189 0.332658 0.33186 0.329504 0.325607 0.320202 0.313338 0.305074 0.295489 0.284674 0.272738 0.259806 0.246017 0.231523 0.216488 0.201084 0.185488 0.169877 0.154426 0.139304 0.124664 0.110649 0.0973795 0.0849549 0.0734519 0.0629225 0.0533942 0.0448715 0.037337 0.0307547 0.0250727 0.0202269 0.0161442 0.0127467 0.00995409 0.00768725 0.00587015 0.00443185 0.00330776 0.00244037 0.00177957 0.00128259 0.000913622 0.000643249 0.000447751 0.000308356 0.000210492 0.00014309 9.79553e-05 6.92487e-05 5.30852e-05 
5.9846e-05 6.43687e-05 8.15015e-05 0.000113808 0.000165847 0.00024456 0.000359775 0.000524841 0.00075738 0.00108013 0.00152183 0.0021181 0.00291222 0.0039558 0.00530902 0.00704071 0.00922773 0.0119539 0.0153083 0.019383 0.0242695 0.0300562 0.0368233 0.0446396 0.0535578 0.0636107 0.0748081 0.0871338 0.100544 0.114968 0.130306 0.146434 0.163204 0.18045 0.197989 0.215631 0.233178 0.250433 0.267203 0.283303 0.29856 0.312815 0.325926 0.337766 0.348228 0.35722 0.36467 0.370518 0.374721 0.377247 0.37808 0.377214 0.374653 0.370417 0.364537 0.357056 0.348034 0.337545 0.325682 0.312553 0.298285 0.28302 0.26692 0.250158 0.232918 0.215394 0.197782 0.18028 0.163077 0.146353 0.130275 0.114987 0.100612 0.0872475 0.0749633 0.0638016 0.0537774 0.0448802 0.0370771 0.0303155 0.0245272 0.0196327 0.0155449 0.0121732 0.00942686 0.00721807 0.00546404 0.00408884 0.00302439 0.00221102 0.00159751 0.00114072 0.000805063 0.000561708 0.000387741 0.000265306 0.000180789 0.000124083 8.79634e-05 6.76165e-05 
7.5599e-05 8.13205e-05 0.000102812 0.000143239 0.000208218 0.000306278 0.000449455 0.00065404 0.000941459 0.00133924 0.00188203 0.00261256 0.00358249 0.00485303 0.00649523 0.00858969 0.0112259 0.0145004 0.0185152 0.023374 0.0291793 0.0360275 0.0440049 0.0531822 0.0636107 0.0753175 0.0883022 0.102534 0.117952 0.134462 0.151942 0.17024 0.189184 0.208578 0.228217 0.247885 0.267365 0.286441 0.304907 0.322567 0.339241 0.354767 0.368999 0.381815 0.393109 0.402795 0.410803 0.417079 0.421584 0.42429 0.425181 0.424252 0.421509 0.416967 0.410654 0.40261 0.39289 0.381563 0.368718 0.354459 0.338914 0.322226 0.304559 0.286095 0.267029 0.247568 0.227928 0.208325 0.188974 0.170081 0.151836 0.134413 0.11796 0.102597 0.0884163 0.0754772 0.0638089 0.0534107 0.0442549 0.0362904 0.0294466 0.023638 0.0187692 0.0147392 0.0114454 0.00878734 0.00666966 0.00500406 0.00371085 0.0027197 0.00196988 0.00141002 0.000997489 0.000697597 0.000482662 0.000331025 0.000226115 0.000155588 0.0001106 8.52449e-05 
9.45235e-05 0.000101684 0.000128366 0.000178439 0.000258753 0.000379677 0.000555805 0.000806817 0.0011585 0.00164385 0.0023042 0.00319027 0.00436311 0.00589459 0.00786763 0.0103757 0.0135216 0.0174157 0.022173 0.0279092 0.034737 0.0427605 0.05207 0.0627368 0.0748081 0.0883022 0.103205 0.119469 0.137011 0.155712 0.175421 0.195961 0.217128 0.238701 0.260447 0.282128 0.303506 0.324352 0.344447 0.363587 0.381589 0.39829 0.413549 0.427246 0.439283 0.449581 0.458077 0.464725 0.46949 0.47235 0.473291 0.47231 0.469411 0.464606 0.457918 0.449382 0.439045 0.42697 0.413237 0.397946 0.381217 0.363194 0.344039 0.323939 0.303096 0.281731 0.260073 0.238361 0.216831 0.195715 0.175233 0.155585 0.136949 0.119471 0.103268 0.0884204 0.0749753 0.0629446 0.0523089 0.0430207 0.0350089 0.0281837 0.0224419 0.0176723 0.0137606 0.0105934 0.00806174 0.00606421 0.00450848 0.00331253 0.00240515 0.00172571 0.00122369 0.000857776 0.000594851 0.00040891 0.000279979 0.000193136 0.000137661 0.00010638 
0.000116989 0.000125856 0.000158645 0.000220041 0.000318312 0.000465942 0.000680446 0.000985366 0.00141143 0.00199778 0.00279324 0.00385745 0.00526175 0.00708973 0.00943714 0.0124112 0.0161289 0.0207148 0.026297 0.0330032 0.0409555 0.0502641 0.0610221 0.0732985 0.0871338 0.102534 0.119469 0.13787 0.157626 0.178593 0.200589 0.223406 0.246809 0.27055 0.29437 0.318009 0.341212 0.363736 0.385353 0.405856 0.425062 0.442813 0.458972 0.473431 0.4861 0.496909 0.505808 0.512758 0.517733 0.520717 0.521699 0.520677 0.517654 0.512637 0.505646 0.496705 0.485852 0.473141 0.458641 0.442443 0.424657 0.405421 0.384894 0.363263 0.340735 0.317537 0.293916 0.270124 0.246423 0.22307 0.200313 0.178382 0.157485 0.1378 0.11947 0.102601 0.0872604 0.0734766 0.0612418 0.0505148 0.0412263 0.0332836 0.0265774 0.0209869 0.016386 0.0126482 0.0096508 0.00727823 0.00542471 0.00399558 0.00290811 0.00209154 0.00148655 0.00104441 0.000725921 0.000500144 0.000343247 0.000237366 0.000169633 0.000131421 
0.000143341 0.000154206 0.000194096 0.000268627 0.000387678 0.000566135 0.000824811 0.00119159 0.00170273 0.00240423 0.00335319 0.00461903 0.00628435 0.00844533 0.0112115 0.0147045 0.0190562 0.0244054 0.0308934 0.0386593 0.0478334 0.0585306 0.0708442 0.0848387 0.100544 0.117952 0.137011 0.157626 0.179661 0.202937 0.227242 0.252334 0.277948 0.303807 0.329628 0.35513 0.380042 0.404113 0.427109 0.448825 0.469081 0.487726 0.504637 0.519715 0.532884 0.544091 0.553295 0.560469 0.565598 0.568672 0.569684 0.568634 0.565521 0.560352 0.553136 0.543889 0.532638 0.519422 0.504299 0.487343 0.468655 0.448361 0.426613 0.403592 0.379507 0.35459 0.329097 0.303298 0.277474 0.251907 0.226873 0.202636 0.179434 0.157477 0.13694 0.117958 0.100621 0.0849782 0.0710366 0.0587645 0.0480969 0.0389406 0.0311814 0.0246901 0.0193294 0.0149597 0.0114442 0.00865269 0.00646521 0.00477358 0.00348266 0.00251062 0.00178849 0.00125938 0.000877281 0.000605778 0.000416697 0.000288859 0.000206963 0.000160739 
0.000173882 0.000187058 0.000235107 0.000324691 0.000467507 0.000681128 0.000990054 0.001427 0.00203433 0.00286558 0.00398692 0.00547835 0.00743459 0.00996528 0.0131944 0.0172588 0.0223053 0.028487 0.0359583 0.0448683 0.0553542 0.067534 0.0814983 0.097304 0.114968 0.134462 0.155712 0.178593 0.202937 0.228533 0.255132 0.28246 0.31022 0.338108 0.365817 0.393048 0.41952 0.444974 0.469176 0.491924 0.51305 0.532413 0.549905 0.565444 0.578971 0.590449 0.599851 0.607166 0.612388 0.615515 0.616545 0.61548 0.612318 0.607059 0.599704 0.590259 0.578737 0.565162 0.549573 0.532031 0.512618 0.491446 0.468656 0.444419 0.418939 0.392452 0.365219 0.337523 0.309662 0.281943 0.254671 0.228138 0.202619 0.178358 0.155563 0.134399 0.114986 0.0973965 0.0816553 0.0677437 0.055604 0.0451449 0.0362493 0.0287809 0.0225921 0.0175306 0.0134452 0.0101911 0.00763341 0.00564965 0.00413149 0.00298518 0.00213133 0.00150411 0.00105005 0.000726662 0.000500973 0.000348102 0.000250036 0.000194657 
0.000208851 0.000224666 0.000281976 0.00038861 0.000558281 0.00081154 0.00117696 0.00169255 0.00240736 0.00338314 0.0046958 0.00643674 0.00871353 0.01165 0.0153851 0.0200713 0.0258705 0.03295 0.0414761 0.0516071 0.0634854 0.0772293 0.0929244 0.110617 0.130306 0.151942 0.175421 0.200589 0.227242 0.255132 0.283976 0.313464 0.343269 0.37306 0.402509 0.431304 0.459154 0.485797 0.511006 0.534587 0.556383 0.576271 0.594163 0.609995 0.62373 0.635346 0.644837 0.652206 0.657457 0.660599 0.661636 0.66057 0.657398 0.652114 0.644709 0.635178 0.623518 0.609736 0.593852 0.575906 0.555962 0.534111 0.510479 0.485224 0.458543 0.430666 0.401857 0.372408 0.342634 0.312863 0.283424 0.254645 0.226832 0.200265 0.175189 0.151803 0.130258 0.110654 0.0930383 0.0774076 0.0637148 0.0518735 0.0417654 0.0332493 0.0261681 0.0203576 0.0156528 0.0118936 0.00893008 0.00662489 0.00485581 0.00351641 0.00251613 0.00177949 0.00124495 0.000863379 0.000596532 0.000415458 0.000299144 0.000233427 
0.000248403 0.000267195 0.000334889 0.0004606 0.000660256 0.000957668 0.00138584 0.00198855 0.00282208 0.00395694 0.00547951 0.00749321 0.0101192 0.0134958 0.0177778 0.0231329 0.0297383 0.0377748 0.0474197 0.0588389 0.072178 0.0875529 0.105041 0.124675 0.146434 0.17024 0.195961 0.223406 0.252334 0.28246 0.313464 0.345001 0.376717 0.408253 0.439266 0.469431 0.498454 0.526075 0.552074 0.576271 0.598528 0.618743 0.636847 0.652801 0.666589 0.678213 0.687683 0.695018 0.700238 0.703358 0.70439 0.703336 0.700192 0.694946 0.68758 0.678075 0.666411 0.652575 0.636569 0.618408 0.598133 0.575815 0.551557 0.525501 0.49783 0.468767 0.438574 0.407548 0.376016 0.344324 0.312828 0.281883 0.251831 0.22299 0.195641 0.170021 0.146314 0.124651 0.105105 0.087693 0.0723806 0.0590892 0.0477024 0.0380754 0.0300435 0.0234314 0.0180606 0.0137563 0.0103529 0.00769809 0.00565508 0.00410419 0.00294299 0.00208575 0.00146224 0.00101618 0.000703599 0.000491124 0.00035446 0.000277207 
0.000292586 0.000314694 0.000393891 0.00054069 0.000773422 0.00111943 0.00161649 0.00231457 0.00327765 0.00458559 0.00633577 0.00864423 0.0116461 0.0154949 0.0203609 0.0264276 0.0338868 0.0429318 0.0537498 0.0665127 0.0813667 0.0984231 0.117748 0.139357 0.163204 0.189184 0.217128 0.246809 0.277948 0.31022 0.343269 0.376717 0.410179 0.443279 0.475656 0.506979 0.536953 0.565325 0.591889 0.616483 0.638989 0.659329 0.67746 0.693369 0.707063 0.718567 0.727911 0.735131 0.74026 0.743323 0.744338 0.74331 0.740231 0.735083 0.72784 0.718466 0.706927 0.693189 0.677229 0.659039 0.638636 0.616062 0.5914 0.564768 0.536333 0.506305 0.474939 0.442535 0.409426 0.375974 0.342557 0.309559 0.277357 0.246303 0.216719 0.18888 0.163008 0.139266 0.117756 0.0985187 0.0815366 0.0667414 0.0540211 0.0432295 0.0341962 0.0267357 0.020657 0.0157708 0.0118963 0.00886546 0.00652684 0.00474694 0.00341097 0.00242234 0.00170162 0.00118492 0.000822124 0.000575098 0.00041601 0.000326037 
0.000341324 0.000367079 0.000458859 0.000628683 0.000897457 0.00129629 0.00186806 0.00266928 0.00377208 0.00526611 0.00726021 0.00988347 0.0132853 0.0176348 0.0231176 0.0299325 0.0382853 0.0483812 0.0604156 0.0745641 0.0909715 0.109741 0.130926 0.15452 0.18045 0.208578 0.238701 0.27055 0.303807 0.338108 0.37306 0.408253 0.443279 0.47774 0.511266 0.543523 0.574219 0.603114 0.630018 0.654791 0.677339 0.697612 0.715595 0.731301 0.744763 0.756028 0.76515 0.77218 0.777164 0.780139 0.781127 0.780135 0.777154 0.77216 0.765115 0.755971 0.744675 0.731173 0.715419 0.697379 0.67704 0.65442 0.629572 0.602591 0.573621 0.542856 0.510543 0.476974 0.442487 0.407457 0.372282 0.337371 0.303132 0.269957 0.238204 0.208189 0.180174 0.154358 0.130873 0.109787 0.0911033 0.074766 0.0606706 0.048672 0.0385955 0.0302474 0.0234248 0.0179247 0.013551 0.0101205 0.0074665 0.00544153 0.00391792 0.00278783 0.00196217 0.001369 0.000951735 0.000667153 0.000483654 0.000379824 
0.000394403 0.000424115 0.00052949 0.000724138 0.0010317 0.00148726 0.00213906 0.00305049 0.00430214 0.00599384 0.00824625 0.0112017 0.0150244 0.0198983 0.0260249 0.0336177 0.0428955 0.0540739 0.067355 0.0829163 0.100899 0.121395 0.144441 0.170006 0.197989 0.228217 0.260447 0.29437 0.329628 0.365817 0.402509 0.439266 0.475656 0.511266 0.54572 0.578683 0.609874 0.639068 0.666094 0.690838 0.713235 0.733264 0.750937 0.766298 0.779405 0.790329 0.799143 0.805918 0.810711 0.81357 0.814522 0.813576 0.810721 0.805927 0.799146 0.790318 0.77937 0.76623 0.750826 0.733097 0.713003 0.690531 0.665705 0.638593 0.609314 0.578041 0.545005 0.510493 0.474841 0.438431 0.401677 0.365013 0.328877 0.293695 0.259865 0.227744 0.197633 0.169771 0.144323 0.121387 0.100988 0.0830868 0.0675893 0.0543536 0.0432029 0.0339364 0.026341 0.0202005 0.0153042 0.0114537 0.00846732 0.00618314 0.00446049 0.0031799 0.00224229 0.00156737 0.00109172 0.000766808 0.000557058 0.000438321 
0.000451454 0.000485407 0.000605277 0.000826352 0.00117513 0.00169084 0.00242731 0.00345502 0.00486332 0.00676245 0.00928508 0.012587 0.0168469 0.022264 0.0290548 0.0374467 0.0476708 0.0599517 0.0744963 0.0914817 0.111042 0.133259 0.158146 0.185648 0.215631 0.247885 0.282128 0.318009 0.35513 0.393048 0.431304 0.469431 0.506979 0.543523 0.578683 0.612131 0.643599 0.672879 0.699826 0.724353 0.746425 0.766051 0.783275 0.798167 0.810814 0.82131 0.829748 0.836213 0.840778 0.843498 0.844407 0.843514 0.840808 0.836252 0.82979 0.821347 0.810837 0.798163 0.783232 0.765956 0.746266 0.724118 0.699505 0.672466 0.643091 0.611529 0.577994 0.542758 0.506156 0.468571 0.430431 0.392189 0.354312 0.317258 0.281466 0.24733 0.215196 0.185338 0.157962 0.133193 0.111085 0.0916169 0.0747061 0.0602168 0.0479722 0.0377666 0.0293775 0.0225767 0.0171397 0.0128531 0.00952032 0.00696527 0.00503401 0.00359527 0.00253971 0.00177843 0.00124098 0.000873314 0.000635692 0.000501114 
0.000511954 0.000550387 0.000685513 0.000934352 0.00132635 0.00190502 0.00272991 0.00387878 0.00544987 0.00756395 0.0103658 0.0140246 0.0187334 0.0247063 0.032174 0.0413774 0.0525583 0.0659489 0.0817591 0.100164 0.121289 0.145199 0.171887 0.20127 0.233178 0.267365 0.303506 0.341212 0.380042 0.41952 0.459154 0.498454 0.536953 0.574219 0.609874 0.643599 0.67514 0.704314 0.731002 0.755146 0.776743 0.795834 0.812493 0.826818 0.838922 0.848921 0.856928 0.863043 0.867351 0.869916 0.870775 0.869941 0.8674 0.863111 0.857009 0.849007 0.839001 0.826879 0.812521 0.795816 0.776664 0.754991 0.730759 0.703974 0.674696 0.64305 0.609224 0.573478 0.536136 0.497583 0.458253 0.418618 0.379168 0.340394 0.30277 0.266733 0.232665 0.200886 0.171635 0.145074 0.121282 0.100261 0.0819411 0.0661962 0.0528507 0.0416957 0.0325011 0.0250276 0.0190376 0.0143036 0.0106144 0.00777979 0.00563259 0.0040297 0.00285143 0.0020001 0.00139808 0.000985651 0.000718813 0.000567622 
0.000575223 0.000618324 0.000769286 0.0010469 0.00148362 0.00212732 0.00304334 0.00431678 0.00605483 0.0083888 0.0114755 0.0154973 0.0206612 0.0271956 0.0353451 0.0453624 0.0574991 0.0719935 0.0890568 0.108859 0.131516 0.157075 0.185505 0.216692 0.250433 0.286441 0.324352 0.363736 0.404113 0.444974 0.485797 0.526075 0.565325 0.603114 0.639068 0.672879 0.704314 0.733214 0.759489 0.783113 0.804114 0.822564 0.838568 0.852251 0.863751 0.873205 0.880743 0.886481 0.890513 0.892911 0.893717 0.892945 0.890581 0.886577 0.880861 0.873337 0.863886 0.852376 0.838667 0.822623 0.804116 0.783042 0.759329 0.732953 0.703943 0.672393 0.638468 0.602409 0.564528 0.525205 0.484881 0.444039 0.403192 0.362859 0.323549 0.285737 0.249847 0.216237 0.185187 0.156891 0.131459 0.108916 0.0892084 0.0722203 0.05778 0.0456768 0.0356743 0.0275238 0.0209754 0.0157881 0.0117367 0.00861705 0.00624918 0.00447812 0.00317382 0.0022298 0.0015612 0.00110253 0.000805479 0.000637096 
