0.000975547 0.000988386 0.00103158 0.00110581 0.00121202 0.00135156 0.00152608 0.00173758 0.00198831 0.00228078 0.00261768 0.00300182 0.0034361 0.00392343 0.00446663 0.00506841 0.00573123 0.00645726 0.00724828 0.00810562 0.00903005 0.0100217 0.01108 0.0122037 0.0133907 0.014638 0.0159417 0.0172972 0.0186987 0.0201397 0.0216128 0.0231099 0.024622 0.0261393 0.0276519 0.0291489 0.0306195 0.0320522 0.0334359 0.0347593 0.0360113 0.0371812 0.0382589 0.0392347 0.0400999 0.0408466 0.0414679 0.041958 0.0423124 0.0425277 0.0426019 0.0425344 0.0423257 0.041978 0.0414944 0.0408796 0.0401393 0.0392804 0.0383107 0.037239 0.0360749 0.0348284 0.0335102 0.0321315 0.0307034 0.0292371 0.0277439 0.0262348 0.0247204 0.0232109 0.0217159 0.0202443 0.0188042 0.0174032 0.0160477 0.0147434 0.013495 0.0123064 0.0111806 0.0101197 0.00912513 0.00819736 0.00733633 0.00654129 0.00581099 0.00514366 0.0045372 0.00398916 0.00349689 0.00305758 0.00266838 0.0023264 0.00202885 0.00177306 0.00155654 0.00137704 0.00123257 0.00112147 0.0010424 0.000994494 
0.000988386 0.00100141 0.00104519 0.00112042 0.00122805 0.00136945 0.00154629 0.00176059 0.00201464 0.00231096 0.00265228 0.00304144 0.00348139 0.00397504 0.00452527 0.00513479 0.0058061 0.00654139 0.00734246 0.00821062 0.00914666 0.0101507 0.0112222 0.0123598 0.0135613 0.0148238 0.0161434 0.0175152 0.0189335 0.0203917 0.0218824 0.0233971 0.0249268 0.0264619 0.027992 0.0295063 0.0309937 0.0324429 0.0338423 0.0351806 0.0364467 0.0376297 0.0387194 0.0397061 0.0405809 0.0413358 0.041964 0.0424595 0.0428177 0.0430354 0.0431104 0.043042 0.042831 0.0424794 0.0419904 0.0413687 0.0406202 0.0397516 0.0387711 0.0376873 0.03651 0.0352494 0.0339163 0.0325219 0.0310774 0.0295943 0.0280839 0.0265572 0.0250252 0.023498 0.0219853 0.0204963 0.0190391 0.0176213 0.0162495 0.0149294 0.0136658 0.0124627 0.011323 0.010249 0.00924204 0.00830268 0.00743083 0.00662577 0.00588621 0.0052104 0.00459619 0.00404112 0.00354251 0.00309753 0.00270328 0.00235686 0.00205544 0.00179631 0.00157696 0.00139511 0.00124875 0.00113619 0.00105609 0.00100756 
0.00103158 0.00104519 0.00109084 0.00116922 0.00128134 0.0014286 0.00161275 0.00183585 0.00210028 0.00240864 0.00276375 0.00316855 0.00362605 0.00413928 0.00471117 0.00534453 0.00604191 0.00680555 0.00763727 0.0085384 0.00950972 0.0105513 0.0116626 0.0128421 0.0140876 0.0153959 0.016763 0.0181838 0.0196525 0.021162 0.0227047 0.0242721 0.0258546 0.0274422 0.0290243 0.0305898 0.0321272 0.0336247 0.0350706 0.0364532 0.0377609 0.0389826 0.0401078 0.0411265 0.0420295 0.0428087 0.043457 0.0439683 0.044338 0.0445624 0.0446397 0.044569 0.044351 0.0439879 0.043483 0.0428411 0.0420681 0.0411713 0.0401586 0.0390394 0.0378233 0.0365211 0.0351438 0.0337029 0.03221 0.030677 0.0291155 0.0275369 0.0259523 0.0243725 0.0228074 0.0212663 0.0197579 0.0182899 0.0168692 0.0155017 0.0141924 0.0129455 0.011764 0.0106503 0.00960588 0.00863131 0.00772655 0.00689088 0.006123 0.00542114 0.00478309 0.00420634 0.00368814 0.00322556 0.00281564 0.00245537 0.00214183 0.00187225 0.00164402 0.00145478 0.00130246 0.00118533 0.00110197 0.00105149 
0.00110581 0.00112042 0.00116922 0.00125295 0.00137269 0.00152989 0.0017264 0.00196441 0.00224641 0.00257514 0.00295356 0.00338476 0.00387191 0.00441815 0.00502657 0.00570009 0.00644135 0.00725267 0.00813592 0.00909246 0.010123 0.0112276 0.0124056 0.0136553 0.0149744 0.0163594 0.017806 0.0193088 0.0208615 0.0224569 0.0240866 0.0257417 0.0274122 0.0290875 0.0307564 0.0324072 0.0340278 0.0356059 0.0371292 0.0385853 0.0399623 0.0412484 0.0424326 0.0435045 0.0444545 0.0452741 0.0459559 0.0464935 0.046882 0.0471178 0.0471988 0.0471241 0.0468946 0.0465124 0.045981 0.0453055 0.044492 0.043548 0.042482 0.0413037 0.0400232 0.0386517 0.0372008 0.0356825 0.0341091 0.0324929 0.0308462 0.029181 0.027509 0.0258413 0.0241886 0.0225607 0.0209668 0.0194149 0.0179124 0.0164656 0.0150798 0.0137595 0.012508 0.0113277 0.0102204 0.0091867 0.00822665 0.00733952 0.00652402 0.00577831 0.00510011 0.00448682 0.00393557 0.0034433 0.0030069 0.00262323 0.00228922 0.00200195 0.00175868 0.00155693 0.00139452 0.00126962 0.00118075 0.00112694 
0.00121202 0.00122805 0.00128134 0.00137269 0.00150324 0.00167456 0.00188863 0.00214779 0.00245471 0.00281233 0.0032238 0.00369241 0.00422153 0.00481452 0.00547463 0.00620494 0.00700823 0.00788693 0.00884296 0.00987769 0.0109918 0.0121853 0.0134573 0.0148061 0.0162288 0.0177217 0.0192802 0.0208983 0.0225693 0.0242852 0.0260372 0.0278155 0.0296095 0.0314078 0.0331985 0.0349689 0.0367062 0.0383973 0.040029 0.0415883 0.0430622 0.0444385 0.0457053 0.0468517 0.0478675 0.0487437 0.0494722 0.0500466 0.0504616 0.0507133 0.0507995 0.0507193 0.0504736 0.0500647 0.0494963 0.0487736 0.0479034 0.0468934 0.0457528 0.0444917 0.0431209 0.0416524 0.0400984 0.0384717 0.0367854 0.0350526 0.0332863 0.0314996 0.0297047 0.0279138 0.0261381 0.0243882 0.022674 0.0210041 0.0193866 0.0178282 0.0163348 0.0149111 0.0135608 0.0122868 0.0110908 0.00997372 0.00893561 0.00797583 0.00709304 0.00628534 0.00555038 0.00488539 0.00428735 0.00375304 0.00327913 0.00286229 0.00249925 0.00218689 0.00192229 0.00170278 0.00152605 0.00139012 0.00129342 0.00123491 
0.00135156 0.00136945 0.0014286 0.00152989 0.00167456 0.00186431 0.0021013 0.00238806 0.0027275 0.00312278 0.00357732 0.00409467 0.00467846 0.00533229 0.00605965 0.00686382 0.00774776 0.008714 0.00976455 0.0109008 0.0121234 0.0134322 0.0148261 0.016303 0.0178599 0.0194926 0.0211959 0.0229632 0.024787 0.0266587 0.0285687 0.0305061 0.0324596 0.0344167 0.0363643 0.038289 0.0401768 0.0420135 0.0437849 0.045477 0.0470758 0.0485682 0.0499414 0.0511837 0.0522841 0.0532329 0.0540217 0.0546434 0.0550924 0.0553645 0.0554574 0.0553702 0.0551036 0.0546603 0.0540442 0.053261 0.0523178 0.0512229 0.0499862 0.0486185 0.0471316 0.045538 0.0438512 0.0420849 0.040253 0.0383699 0.0364495 0.0345059 0.0325526 0.0306025 0.028668 0.0267605 0.0248908 0.0230685 0.0213022 0.0195994 0.0179666 0.016409 0.0149309 0.0135353 0.0122243 0.010999 0.00985954 0.00880539 0.00783518 0.00694693 0.00613814 0.0054059 0.00474698 0.00415792 0.00363515 0.0031751 0.00277422 0.00242914 0.00213671 0.00189404 0.00169862 0.0015483 0.00144137 0.00137671 
0.00152608 0.00154629 0.00161275 0.0017264 0.00188863 0.0021013 0.00236677 0.00268783 0.00306765 0.0035097 0.00401769 0.00459551 0.00524709 0.00597634 0.00678701 0.00768264 0.00866638 0.00974091 0.0109083 0.01217 0.0135266 0.0149777 0.016522 0.0181571 0.0198794 0.0216843 0.0235658 0.0255167 0.0275286 0.029592 0.0316961 0.0338291 0.0359784 0.0381303 0.0402707 0.0423847 0.0444569 0.0464721 0.0484147 0.0502694 0.0520212 0.0536557 0.0551591 0.0565187 0.0577226 0.0587604 0.0596229 0.0603024 0.060793 0.0610901 0.0611911 0.0610952 0.0608032 0.0603178 0.0596434 0.0587861 0.0577535 0.0565548 0.0552005 0.0537024 0.0520731 0.0503265 0.048477 0.0465394 0.0445292 0.0424617 0.0403523 0.0382163 0.0360684 0.0339228 0.0317931 0.0296919 0.027631 0.0256211 0.0236717 0.0217911 0.0199866 0.018264 0.0166281 0.0150825 0.0136295 0.0122706 0.011006 0.00983516 0.00875682 0.00776888 0.0068687 0.00605316 0.00531879 0.00466185 0.0040785 0.00356482 0.00311697 0.00273128 0.00240428 0.00213284 0.00191419 0.00174598 0.00162635 0.00155406 
0.00173758 0.00176059 0.00183585 0.00196441 0.00214779 0.00238806 0.00268783 0.00305017 0.00347857 0.00397686 0.00454912 0.00519959 0.00593259 0.00675235 0.00766298 0.00866828 0.00977163 0.0109759 0.0122832 0.013695 0.0152117 0.0168329 0.0185569 0.0203808 0.0223005 0.0243108 0.0264047 0.0285743 0.0308102 0.0331015 0.0354365 0.037802 0.040184 0.0425674 0.0449365 0.0472749 0.049566 0.0517928 0.0539383 0.0559857 0.0579186 0.0597213 0.0613788 0.0628772 0.0642036 0.0653466 0.0662962 0.0670441 0.0675838 0.0679104 0.0680211 0.0679149 0.0675928 0.0670577 0.0663143 0.0653694 0.0642311 0.0629095 0.061416 0.0597635 0.0579658 0.0560379 0.0539955 0.0518551 0.0496334 0.0473472 0.0450135 0.042649 0.04027 0.0378922 0.0355304 0.0331989 0.0309105 0.0286772 0.0265096 0.0244171 0.0224078 0.0204884 0.0186642 0.0169394 0.0153168 0.013798 0.0123837 0.0110732 0.0098654 0.00875801 0.00774826 0.0068328 0.00600788 0.00526946 0.00461331 0.00403519 0.00353088 0.00309634 0.00272776 0.00242169 0.00217508 0.00198535 0.00185042 0.00176894 
0.00198831 0.00201464 0.00210028 0.00224641 0.00245471 0.0027275 0.00306765 0.00347857 0.00396414 0.00452856 0.00517635 0.00591218 0.00674076 0.00766676 0.00869463 0.00982848 0.011072 0.0124281 0.0138991 0.0154864 0.0171904 0.0190102 0.0209438 0.022988 0.0251379 0.0273873 0.0297287 0.0321528 0.034649 0.0372054 0.0398085 0.0424439 0.0450959 0.0477477 0.0503819 0.0529805 0.055525 0.0579967 0.0603769 0.0626471 0.0647894 0.0667866 0.0686221 0.0702808 0.0717486 0.073013 0.0740632 0.07489 0.0754864 0.075847 0.0759688 0.0758507 0.0754939 0.0749013 0.0740784 0.0730322 0.071772 0.0703084 0.0686542 0.0668232 0.0648308 0.0626933 0.060428 0.0580528 0.0555862 0.0530468 0.0504532 0.0478239 0.0451768 0.0425295 0.0398984 0.0372992 0.0347464 0.0322533 0.0298319 0.0274927 0.0252448 0.0230959 0.0210521 0.0191181 0.0172974 0.0155919 0.0140024 0.0125287 0.0111692 0.00992194 0.00878377 0.00775115 0.00682 0.00598591 0.00524429 0.00459045 0.00401977 0.00352777 0.00311028 0.00276347 0.00248395 0.00226887 0.00211594 0.00202365 
0.00228078 0.00231096 0.00240864 0.00257514 0.00281233 0.00312278 0.0035097 0.00397686 0.00452856 0.00516947 0.00590457 0.006739 0.00767796 0.00872654 0.0098896 0.0111716 0.0125765 0.0141074 0.0157667 0.0175558 0.0194748 0.0215226 0.0236968 0.0259934 0.0284069 0.0309302 0.0335546 0.0362697 0.0390634 0.0419224 0.0448316 0.0477747 0.0507343 0.0536919 0.0566279 0.0595225 0.0623551 0.0651051 0.0677519 0.0702752 0.0726552 0.0748729 0.0769103 0.0787507 0.0803788 0.0817808 0.0829448 0.0838611 0.0845216 0.0849208 0.0850552 0.0849236 0.0845274 0.0838698 0.0829567 0.0817958 0.0803973 0.0787728 0.0769363 0.074903 0.0726896 0.0703141 0.0677956 0.0651537 0.0624088 0.0595814 0.0566921 0.0537613 0.050809 0.0478544 0.0449161 0.0420115 0.0391568 0.036367 0.0336553 0.0310338 0.0285128 0.026101 0.0238055 0.0216316 0.0195835 0.0176636 0.0158728 0.0142112 0.0126773 0.0112689 0.00998278 0.00881508 0.00776138 0.00681688 0.00597654 0.00523522 0.0045878 0.00402937 0.00355529 0.00316132 0.00284371 0.00259929 0.00242551 0.0023207 
0.00261768 0.00265228 0.00276375 0.00295356 0.0032238 0.00357732 0.00401769 0.00454912 0.00517635 0.00590457 0.00673927 0.00768612 0.00875085 0.00993902 0.0112559 0.0127064 0.0142947 0.0160241 0.0178971 0.019915 0.0220777 0.0243837 0.0268301 0.0294122 0.0321236 0.0349561 0.0378998 0.0409429 0.0440718 0.0472714 0.0505249 0.0538141 0.0571194 0.0604202 0.0636949 0.0669213 0.0700768 0.0731386 0.0760839 0.0788903 0.0815361 0.0840004 0.0862635 0.0883069 0.0901139 0.0916695 0.0929607 0.0939767 0.0947088 0.095151 0.0952994 0.0951528 0.0947125 0.0939824 0.0929685 0.0916797 0.0901267 0.0883226 0.0862823 0.0840228 0.0815623 0.0789207 0.0761188 0.0731783 0.0701216 0.0669714 0.0637504 0.0604813 0.0571862 0.0538865 0.0506028 0.0473546 0.04416 0.0410357 0.0379969 0.0350569 0.0322276 0.0295187 0.0269385 0.0244933 0.0221877 0.0200247 0.0180058 0.016131 0.0143991 0.0128076 0.0113532 0.0100318 0.00883862 0.00776835 0.00681549 0.0059744 0.00523943 0.00460517 0.00406646 0.00361862 0.00325749 0.00297953 0.00278193 0.00266282 
0.00300182 0.00304144 0.00316855 0.00338476 0.00369241 0.00409467 0.00459551 0.00519959 0.00591218 0.006739 0.00768612 0.00875981 0.00996631 0.0113117 0.0128019 0.0144419 0.0162364 0.0181888 0.0203017 0.0225761 0.0250119 0.0276071 0.030358 0.0332593 0.0363035 0.0394811 0.042781 0.0461897 0.0496919 0.0532707 0.0569071 0.0605807 0.0642698 0.0679515 0.0716017 0.0751959 0.078709 0.0821158 0.0853912 0.0885107 0.0914502 0.0941868 0.096699 0.0989664 0.100971 0.102696 0.104127 0.105253 0.106064 0.106554 0.106717 0.106554 0.106065 0.105255 0.10413 0.1027 0.100977 0.0989746 0.0967096 0.0942003 0.0914669 0.0885312 0.0854159 0.0821451 0.0787433 0.0752355 0.071647 0.0680027 0.0643272 0.0606442 0.0569767 0.0533463 0.0497735 0.0462767 0.0428732 0.039578 0.0364045 0.0333638 0.0304654 0.0277165 0.0251226 0.0226873 0.0204124 0.0182984 0.016344 0.0145468 0.0129032 0.0114088 0.0100585 0.00884647 0.00776673 0.00681306 0.00597927 0.00525935 0.00464763 0.00413889 0.00372855 0.00341267 0.00318813 0.00305285 
0.0034361 0.00348139 0.00362605 0.00387191 0.00422153 0.00467846 0.00524709 0.00593259 0.00674076 0.00767796 0.00875085 0.00996631 0.0113312 0.0128522 0.0145356 0.0163869 0.018411 0.0206116 0.0229912 0.0255508 0.0282898 0.0312057 0.0342943 0.037549 0.0409614 0.0445207 0.048214 0.0520262 0.0559402 0.0599367 0.0639946 0.0680913 0.0722024 0.0763024 0.0803648 0.0843624 0.0882675 0.0920522 0.0956891 0.099151 0.102412 0.105446 0.10823 0.110742 0.112962 0.114872 0.116456 0.117702 0.118599 0.11914 0.119321 0.119139 0.118598 0.1177 0.116454 0.11487 0.112961 0.110742 0.108231 0.105449 0.102418 0.0991601 0.095702 0.0920694 0.0882895 0.0843899 0.0803981 0.0763419 0.0722484 0.0681441 0.0640543 0.0600031 0.0560134 0.0521059 0.0482999 0.0446123 0.0410582 0.0376503 0.0343994 0.031314 0.0284003 0.0256626 0.0231035 0.0207235 0.0185215 0.0164952 0.0146407 0.0129534 0.0114277 0.0100574 0.00883589 0.00775634 0.00681197 0.00599617 0.00530267 0.00472572 0.00426022 0.00390184 0.0036471 0.00349371 
0.00392343 0.00397504 0.00413928 0.00441815 0.00481452 0.00533229 0.00597634 0.00675235 0.00766676 0.00872654 0.00993902 0.0113117 0.0128522 0.0145677 0.0164649 0.0185498 0.0208277 0.0233023 0.0259761 0.02885 0.0319229 0.0351917 0.0386514 0.0422943 0.0461108 0.0500885 0.0542127 0.0584666 0.0628307 0.0672836 0.0718017 0.0763597 0.0809306 0.0854861 0.089997 0.0944331 0.098764 0.102959 0.106988 0.110821 0.11443 0.117786 0.120865 0.123642 0.126095 0.128204 0.129954 0.131329 0.132319 0.132916 0.133114 0.132913 0.132315 0.131323 0.129946 0.128195 0.126085 0.123632 0.120856 0.117778 0.114423 0.110817 0.106987 0.102962 0.0987721 0.0944466 0.0900164 0.0855121 0.0809635 0.0763999 0.0718494 0.067339 0.0628938 0.0585372 0.0542906 0.0501731 0.0462018 0.0423911 0.0387531 0.0352977 0.0320322 0.0289617 0.0260892 0.0234158 0.0209406 0.0186611 0.0165735 0.0146728 0.0129529 0.0114072 0.0100284 0.00880924 0.00774212 0.00681982 0.00603545 0.00538266 0.00485584 0.00445018 0.00416185 0.00398832 
0.00446663 0.00452527 0.00471117 0.00502657 0.00547463 0.00605965 0.00678701 0.00766298 0.00869463 0.0098896 0.0112559 0.0128019 0.0145356 0.0164649 0.018597 0.0209386 0.0234948 0.0262698 0.0292658 0.0324835 0.0359214 0.0395757 0.0434402 0.0475064 0.0517629 0.0561958 0.0607886 0.0655221 0.0703747 0.0753223 0.0803388 0.0853959 0.090464 0.0955116 0.100506 0.105415 0.110205 0.114842 0.119293 0.123525 0.127508 0.13121 0.134605 0.137666 0.140368 0.142692 0.144618 0.146132 0.147222 0.147878 0.148096 0.147875 0.147214 0.146121 0.144604 0.142675 0.14035 0.137645 0.134584 0.131189 0.127488 0.123507 0.119277 0.11483 0.110197 0.105413 0.10051 0.0955219 0.0904816 0.0854215 0.0803726 0.0753646 0.0704256 0.0655816 0.0608565 0.0562718 0.0518465 0.047597 0.0435372 0.0396781 0.0360283 0.032594 0.0293787 0.026384 0.0236093 0.0210522 0.0187087 0.0165735 0.0146402 0.0129015 0.0113496 0.00997653 0.00877409 0.00773432 0.00684967 0.00611317 0.00551862 0.00506074 0.00473532 0.00453954 
0.00506841 0.00513479 0.00534453 0.00570009 0.00620494 0.00686382 0.00768264 0.00866828 0.00982848 0.0111716 0.0127064 0.0144419 0.0163869 0.0185498 0.0209386 0.0235599 0.0264196 0.0295216 0.0328682 0.0364596 0.0402938 0.0443662 0.0486696 0.053194 0.0579265 0.0628513 0.0679499 0.0732006 0.0785795 0.0840596 0.089612 0.0952054 0.100807 0.106382 0.111896 0.117311 0.122591 0.1277 0.132602 0.13726 0.141641 0.145713 0.149444 0.152807 0.155775 0.158327 0.160441 0.162103 0.163298 0.164018 0.164256 0.164012 0.163287 0.162087 0.16042 0.158302 0.155746 0.152775 0.14941 0.145678 0.141606 0.137226 0.132569 0.127671 0.122566 0.117291 0.111881 0.106375 0.100807 0.0952142 0.0896297 0.0840867 0.0786162 0.073247 0.0680059 0.0629167 0.0580008 0.0532767 0.04876 0.0444635 0.0403969 0.0365675 0.0329798 0.0296357 0.0265349 0.0236753 0.0210527 0.0186615 0.016495 0.0145453 0.0128041 0.0112626 0.00991193 0.00874342 0.00774881 0.00692047 0.0062516 0.00573641 0.00537026 0.00515008 
0.00573123 0.0058061 0.00604191 0.00644135 0.00700823 0.00774776 0.00866638 0.00977163 0.011072 0.0125765 0.0142947 0.0162364 0.018411 0.0208277 0.0234948 0.0264196 0.0296079 0.0330637 0.0367893 0.0407844 0.0450463 0.0495694 0.0543454 0.0593627 0.0646068 0.0700598 0.0757008 0.0815058 0.0874479 0.0934974 0.0996223 0.105788 0.111958 0.118096 0.124161 0.130114 0.135916 0.141526 0.146905 0.152015 0.156818 0.16128 0.165367 0.169049 0.172298 0.17509 0.177403 0.17922 0.180527 0.181314 0.181574 0.181306 0.180512 0.179198 0.177375 0.175056 0.172258 0.169005 0.165319 0.161229 0.156766 0.151963 0.146854 0.141478 0.135871 0.130074 0.124127 0.118069 0.111939 0.105778 0.0996217 0.0935071 0.0874682 0.0815369 0.0757428 0.0701126 0.06467 0.0594358 0.0544277 0.04966 0.0451442 0.0408885 0.0368984 0.0331765 0.029723 0.0265358 0.0236106 0.0209418 0.0185221 0.0163432 0.014396 0.0126713 0.0111592 0.00985043 0.00873597 0.00780747 0.00705753 0.00647981 0.00606923 0.00582243 
0.00645726 0.00654139 0.00680555 0.00725267 0.00788693 0.008714 0.00974091 0.0109759 0.0124281 0.0141074 0.0160241 0.0181888 0.0206116 0.0233023 0.0262698 0.0295216 0.0330637 0.0369004 0.0410333 0.0454619 0.0501825 0.0551886 0.0604705 0.066015 0.0718055 0.0778221 0.0840413 0.0904365 0.0969777 0.103632 0.110365 0.117137 0.12391 0.130642 0.137291 0.143812 0.150164 0.156302 0.162184 0.167769 0.173016 0.177888 0.182349 0.186366 0.18991 0.192954 0.195475 0.197455 0.198879 0.199735 0.200018 0.199726 0.19886 0.197427 0.195439 0.19291 0.189858 0.186309 0.182286 0.177821 0.172947 0.167698 0.162114 0.156233 0.150098 0.143751 0.137235 0.130593 0.123869 0.117106 0.110344 0.103622 0.0969793 0.0904501 0.0840672 0.0778601 0.0718554 0.0660763 0.0605426 0.0552707 0.0502735 0.0455606 0.0411385 0.0370106 0.0331776 0.0296376 0.0263864 0.0234181 0.020725 0.0182985 0.0161287 0.0142056 0.0125188 0.0110581 0.00981376 0.00877667 0.00793879 0.00729323 0.00683444 0.00655876 
0.00724828 0.00734246 0.00763727 0.00813592 0.00884296 0.00976455 0.0109083 0.0122832 0.0138991 0.0157667 0.0178971 0.0203017 0.0229912 0.0259761 0.0292658 0.0328682 0.0367893 0.0410333 0.0456017 0.050493 0.0557029 0.0612237 0.067044 0.073149 0.0795198 0.0861343 0.0929663 0.0999861 0.107161 0.114454 0.121828 0.12924 0.136647 0.144004 0.151266 0.158384 0.165312 0.172003 0.178412 0.184493 0.190204 0.195504 0.200355 0.204722 0.208572 0.211879 0.214617 0.216766 0.218311 0.21924 0.219547 0.219229 0.218288 0.216732 0.214572 0.211824 0.208508 0.20465 0.200276 0.19542 0.190116 0.184402 0.17832 0.171912 0.165223 0.158299 0.151186 0.143932 0.136583 0.129185 0.121784 0.114422 0.107142 0.09998 0.0929737 0.0861553 0.0795543 0.0731965 0.067104 0.0612954 0.0557852 0.0505847 0.0457014 0.0411396 0.0369007 0.0329829 0.0293823 0.0260927 0.0231062 0.0204136 0.0180044 0.015868 0.013993 0.0123686 0.0109842 0.00983003 0.00889728 0.00817851 0.0076677 0.00736086 
0.00810562 0.00821062 0.0085384 0.00909246 0.00987769 0.0109008 0.01217 0.013695 0.0154864 0.0175558 0.019915 0.0225761 0.0255508 0.02885 0.0324835 0.0364596 0.0407844 0.0454619 0.050493 0.0558758 0.0616047 0.0676708 0.074061 0.0807585 0.0877423 0.0949874 0.102465 0.110142 0.117983 0.125948 0.133993 0.142075 0.150146 0.158157 0.166058 0.173798 0.181327 0.188595 0.195551 0.202148 0.20834 0.214084 0.219339 0.224068 0.228236 0.231814 0.234776 0.237101 0.238771 0.239776 0.240107 0.239762 0.238744 0.23706 0.234722 0.231748 0.228159 0.223981 0.219244 0.213982 0.208232 0.202036 0.195436 0.18848 0.181214 0.173688 0.165953 0.158059 0.150056 0.141995 0.133925 0.125891 0.11794 0.110114 0.102452 0.0949892 0.0877591 0.0807901 0.0741069 0.0677301 0.0616764 0.0559587 0.0505857 0.0455628 0.0408919 0.0365718 0.0325988 0.0289664 0.0256666 0.0226896 0.0200244 0.0176595 0.0155831 0.0137833 0.0122487 0.0109689 0.00993433 0.00913697 0.00857031 0.00823004 
0.00903005 0.00914666 0.00950972 0.010123 0.0109918 0.0121234 0.0135266 0.0152117 0.0171904 0.0194748 0.0220777 0.0250119 0.0282898 0.0319229 0.0359214 0.0402938 0.0450463 0.0501825 0.0557029 0.0616047 0.0678812 0.074522 0.0815121 0.0888326 0.0964601 0.104367 0.112521 0.120886 0.129423 0.138088 0.146835 0.155615 0.164376 0.173066 0.181632 0.190017 0.198168 0.206031 0.213553 0.220683 0.227372 0.233573 0.239244 0.244345 0.24884 0.252697 0.25589 0.258394 0.260194 0.261276 0.261632 0.261259 0.260162 0.258347 0.255827 0.252621 0.24875 0.244243 0.239132 0.233452 0.227243 0.220548 0.213415 0.205891 0.198028 0.18988 0.181499 0.17294 0.164259 0.155507 0.146739 0.138006 0.129355 0.120834 0.112485 0.104347 0.0964572 0.0888462 0.0815417 0.0745669 0.0679405 0.061677 0.0557869 0.0502764 0.0451484 0.0404022 0.0360342 0.0320381 0.0284055 0.0251261 0.0221885 0.0195805 0.0172893 0.0153025 0.0136077 0.0121938 0.0110506 0.0101693 0.00954304 0.00916707 
0.0100217 0.0101507 0.0105513 0.0112276 0.0121853 0.0134322 0.0149777 0.0168329 0.0190102 0.0215226 0.0243837 0.0276071 0.0312057 0.0351917 0.0395757 0.0443662 0.0495694 0.0551886 0.0612237 0.0676708 0.074522 0.0817651 0.0893834 0.0973555 0.105655 0.114252 0.123111 0.132193 0.141453 0.150846 0.16032 0.169822 0.179298 0.18869 0.19794 0.20699 0.215782 0.224257 0.232361 0.240037 0.247235 0.253906 0.260003 0.265485 0.270313 0.274456 0.277883 0.280572 0.282503 0.283663 0.284044 0.283645 0.282466 0.280517 0.277811 0.274368 0.27021 0.265367 0.259873 0.253765 0.247085 0.23988 0.232198 0.224092 0.215615 0.206825 0.197779 0.188535 0.179151 0.169685 0.160195 0.150735 0.141358 0.132114 0.12305 0.114209 0.10563 0.0973489 0.0893947 0.0817936 0.0745668 0.0677307 0.0612971 0.055274 0.0496647 0.0444695 0.0396849 0.0353047 0.0313203 0.0277211 0.0244952 0.0216296 0.0191109 0.0169256 0.0150609 0.0135047 0.012246 0.0112756 0.0105859 0.0101721 
0.01108 0.0112222 0.0116626 0.0124056 0.0134573 0.0148261 0.016522 0.0185569 0.0209438 0.0236968 0.0268301 0.030358 0.0342943 0.0386514 0.0434402 0.0486696 0.0543454 0.0604705 0.067044 0.074061 0.0815121 0.0893834 0.0976559 0.106306 0.115304 0.124618 0.134207 0.14403 0.154039 0.164182 0.174406 0.184652 0.194863 0.204976 0.214929 0.22466 0.234107 0.243209 0.251906 0.26014 0.267857 0.275005 0.281535 0.287404 0.292572 0.297004 0.30067 0.303545 0.305609 0.306849 0.307257 0.306829 0.305568 0.303483 0.300589 0.296905 0.292456 0.287271 0.281388 0.274844 0.267686 0.25996 0.251719 0.243017 0.233913 0.224466 0.214738 0.20479 0.194685 0.184485 0.174251 0.164041 0.153914 0.143923 0.134119 0.124549 0.115255 0.106277 0.0976469 0.0893936 0.0815406 0.0741066 0.0671052 0.0605456 0.0544324 0.0487663 0.0435445 0.0387609 0.0344067 0.030471 0.0269415 0.0238044 0.0210457 0.0186511 0.0166069 0.0149003 0.0135197 0.012455 0.0116984 0.0112445 
0.0122037 0.0123598 0.0128421 0.0136553 0.0148061 0.016303 0.0181571 0.0203808 0.022988 0.0259934 0.0294122 0.0332593 0.037549 0.0422943 0.0475064 0.053194 0.0593627 0.066015 0.073149 0.0807585 0.0888326 0.0973555 0.106306 0.115657 0.125378 0.135431 0.145773 0.156359 0.167137 0.178052 0.189044 0.200053 0.211015 0.221864 0.232535 0.24296 0.253074 0.262813 0.272112 0.280912 0.289154 0.296785 0.303753 0.310013 0.315524 0.320247 0.324154 0.327216 0.329415 0.330735 0.331169 0.330712 0.329369 0.327148 0.324064 0.320137 0.315393 0.309865 0.303588 0.296605 0.288961 0.280708 0.271899 0.262594 0.252852 0.242737 0.232313 0.221647 0.210806 0.199854 0.188857 0.177879 0.166982 0.156222 0.145656 0.135334 0.125303 0.115604 0.106275 0.0973454 0.088843 0.080788 0.0731962 0.0660782 0.0594398 0.0532827 0.0476044 0.0423991 0.0376582 0.0333703 0.0295226 0.0261009 0.0230903 0.020476 0.0182433 0.0163787 0.0148698 0.0137061 0.012879 0.0123829 
0.0133907 0.0135613 0.0140876 0.0149744 0.0162288 0.0178599 0.0198794 0.0223005 0.0251379 0.0284069 0.0321236 0.0363035 0.0409614 0.0461108 0.0517629 0.0579265 0.0646068 0.0718055 0.0795198 0.0877423 0.0964601 0.105655 0.115304 0.125378 0.135841 0.146653 0.157768 0.169135 0.1807 0.192402 0.204178 0.215964 0.22769 0.239287 0.250685 0.261813 0.272603 0.282984 0.292892 0.302262 0.311033 0.319149 0.326558 0.33321 0.339064 0.34408 0.348227 0.351478 0.353811 0.355212 0.355672 0.355187 0.353761 0.351403 0.348129 0.343959 0.338921 0.333047 0.326375 0.318949 0.310818 0.302034 0.292654 0.282738 0.272352 0.26156 0.250433 0.239038 0.227448 0.215732 0.203959 0.192197 0.180512 0.168967 0.15762 0.146527 0.135738 0.125299 0.115249 0.105623 0.0964504 0.0877539 0.0795514 0.0718551 0.0646724 0.0580057 0.0518533 0.0462097 0.0410662 0.0364114 0.0322321 0.0285135 0.0252401 0.0223961 0.0199664 0.0179366 0.0162936 0.0150262 0.0141254 0.0135853 
0.014638 0.0148238 0.0153959 0.0163594 0.0177217 0.0194926 0.0216843 0.0243108 0.0273873 0.0309302 0.0349561 0.0394811 0.0445207 0.0500885 0.0561958 0.0628513 0.0700598 0.0778221 0.0861343 0.0949874 0.104367 0.114252 0.124618 0.135431 0.146653 0.15824 0.170143 0.182307 0.194671 0.207173 0.219745 0.232317 0.244816 0.257168 0.2693 0.281137 0.292605 0.303632 0.31415 0.324091 0.333392 0.341994 0.349842 0.356886 0.363082 0.36839 0.372776 0.376214 0.378681 0.380162 0.380648 0.380135 0.378627 0.376133 0.37267 0.368258 0.362926 0.356707 0.349642 0.341775 0.333156 0.32384 0.313887 0.30336 0.292325 0.280854 0.269017 0.256888 0.244541 0.232051 0.219491 0.206934 0.19445 0.182105 0.169963 0.158084 0.146521 0.135324 0.124536 0.114196 0.104335 0.0949796 0.0861486 0.0778566 0.0701124 0.0629197 0.0562773 0.0501803 0.04462 0.0395851 0.0350619 0.0310351 0.0274887 0.0244062 0.0217716 0.0195699 0.0177873 0.016412 0.0154345 0.0148485 
0.0159417 0.0161434 0.016763 0.017806 0.0192802 0.0211959 0.0235658 0.0264047 0.0297287 0.0335546 0.0378998 0.042781 0.048214 0.0542127 0.0607886 0.0679499 0.0757008 0.0840413 0.0929663 0.102465 0.112521 0.123111 0.134207 0.145773 0.157768 0.170143 0.182845 0.195815 0.208989 0.2223 0.235674 0.249038 0.262314 0.275426 0.288293 0.300839 0.312986 0.324658 0.335784 0.346294 0.356122 0.365206 0.37349 0.380923 0.387457 0.393054 0.397678 0.4013 0.4039 0.40546 0.405971 0.405431 0.403842 0.401214 0.397563 0.392912 0.38729 0.38073 0.373275 0.364969 0.355865 0.346021 0.335497 0.324359 0.312678 0.300526 0.287978 0.275112 0.262006 0.248738 0.235385 0.222026 0.208734 0.19558 0.182632 0.169954 0.157605 0.145637 0.134099 0.12303 0.112466 0.102436 0.0929617 0.0840592 0.0757391 0.068006 0.0608599 0.0542962 0.0483067 0.0428799 0.0380019 0.033657 0.0298285 0.0264993 0.0236529 0.0212733 0.0193462 0.0178592 0.0168023 0.0161687 
0.0172972 0.0175152 0.0181838 0.0193088 0.0208983 0.0229632 0.0255167 0.0285743 0.0321528 0.0362697 0.0409429 0.0461897 0.0520262 0.0584666 0.0655221 0.0732006 0.0815058 0.0904365 0.0999861 0.110142 0.120886 0.132193 0.14403 0.156359 0.169135 0.182307 0.195815 0.209598 0.223587 0.237709 0.251888 0.266046 0.2801 0.293969 0.30757 0.320822 0.333644 0.345957 0.357686 0.368759 0.379107 0.388668 0.397382 0.405198 0.412066 0.417946 0.422803 0.426608 0.429337 0.430974 0.431511 0.430944 0.429275 0.426515 0.422681 0.417795 0.411887 0.404992 0.397152 0.388414 0.378832 0.368465 0.357375 0.345633 0.333309 0.320481 0.307225 0.293624 0.279758 0.265712 0.251565 0.2374 0.223296 0.209328 0.195568 0.182085 0.168941 0.156193 0.143893 0.132085 0.120807 0.110091 0.0999613 0.0904364 0.0815283 0.0732432 0.0655819 0.0585406 0.0521113 0.0462826 0.0410404 0.0363687 0.0322503 0.0286675 0.0256031 0.0230404 0.0209644 0.0193623 0.0182235 0.0175411 
0.0186987 0.0189335 0.0196525 0.0208615 0.0225693 0.024787 0.0275286 0.0308102 0.034649 0.0390634 0.0440718 0.0496919 0.0559402 0.0628307 0.0703747 0.0785795 0.0874479 0.0969777 0.107161 0.117983 0.129423 0.141453 0.154039 0.167137 0.1807 0.194671 0.208989 0.223587 0.238391 0.253325 0.268307 0.283255 0.298083 0.312704 0.327033 0.340984 0.354473 0.367418 0.379742 0.391369 0.402229 0.412257 0.421393 0.429583 0.436777 0.442935 0.44802 0.452001 0.454857 0.456571 0.457132 0.456538 0.454792 0.451904 0.447891 0.442776 0.436589 0.429365 0.421148 0.411987 0.401935 0.391054 0.379409 0.36707 0.354112 0.340614 0.326658 0.312328 0.297708 0.282887 0.267949 0.252981 0.238065 0.223282 0.208708 0.194416 0.180473 0.166939 0.153872 0.141317 0.129318 0.117908 0.107115 0.0969585 0.0874535 0.0786073 0.0704219 0.0628942 0.0560166 0.0497779 0.0441639 0.0391584 0.0347436 0.0309014 0.0276137 0.0248635 0.0226352 0.0209152 0.0196925 0.0189599 
0.0201397 0.0203917 0.021162 0.0224569 0.0242852 0.0266587 0.029592 0.0331015 0.0372054 0.0419224 0.0472714 0.0532707 0.0599367 0.0672836 0.0753223 0.0840596 0.0934974 0.103632 0.114454 0.125948 0.138088 0.150846 0.164182 0.178052 0.192402 0.207173 0.2223 0.237709 0.253325 0.269064 0.284844 0.300575 0.316168 0.331532 0.346579 0.361218 0.375362 0.388928 0.401833 0.414002 0.425362 0.435846 0.445393 0.453947 0.461459 0.467886 0.473191 0.477345 0.480324 0.482111 0.482696 0.482077 0.480256 0.477244 0.473057 0.46772 0.461261 0.453719 0.445136 0.435562 0.425052 0.413669 0.40148 0.388556 0.374977 0.360821 0.346175 0.331126 0.315762 0.300174 0.284452 0.268686 0.252963 0.237369 0.221983 0.206884 0.192141 0.177822 0.163984 0.150681 0.137956 0.125848 0.114386 0.103593 0.093485 0.0840717 0.0753559 0.0673355 0.0600035 0.0533488 0.0473573 0.0420125 0.0372963 0.0331901 0.0296753 0.0267342 0.0243505 0.0225103 0.0212022 0.0204185 
0.0216128 0.0218824 0.0227047 0.0240866 0.0260372 0.0285687 0.0316961 0.0354365 0.0398085 0.0448316 0.0505249 0.0569071 0.0639946 0.0718017 0.0803388 0.089612 0.0996223 0.110365 0.121828 0.133993 0.146835 0.16032 0.174406 0.189044 0.204178 0.219745 0.235674 0.251888 0.268307 0.284844 0.301409 0.317912 0.334257 0.350352 0.366101 0.381413 0.396198 0.410368 0.423841 0.436536 0.448381 0.459307 0.469252 0.478158 0.485977 0.492663 0.498182 0.502501 0.505598 0.507456 0.508065 0.507421 0.505528 0.502397 0.498043 0.492491 0.485771 0.477921 0.468984 0.45901 0.448057 0.436187 0.423468 0.409976 0.395789 0.380991 0.36567 0.349916 0.333821 0.317479 0.300985 0.284431 0.267911 0.251513 0.235323 0.219421 0.203884 0.188782 0.174177 0.160125 0.146675 0.133868 0.121736 0.110304 0.0995909 0.0896073 0.0803578 0.0718412 0.064051 0.0569766 0.0506039 0.0449162 0.0398953 0.035522 0.0317772 0.0286426 0.0261016 0.0241397 0.0227449 0.0219094 
0.0231099 0.0233971 0.0242721 0.0257417 0.0278155 0.0305061 0.0338291 0.037802 0.0424439 0.0477747 0.0538141 0.0605807 0.0680913 0.0763597 0.0853959 0.0952054 0.105788 0.117137 0.12924 0.142075 0.155615 0.169822 0.184652 0.200053 0.215964 0.232317 0.249038 0.266046 0.283255 0.300575 0.317912 0.33517 0.352251 0.369057 0.385492 0.401459 0.416866 0.431622 0.445643 0.458848 0.471161 0.482512 0.492839 0.502084 0.510196 0.517132 0.522854 0.527332 0.530542 0.532468 0.533099 0.532432 0.530471 0.527225 0.522712 0.516955 0.509985 0.501839 0.492562 0.482204 0.470823 0.458483 0.445254 0.431211 0.416436 0.401014 0.385036 0.368594 0.351785 0.334706 0.317455 0.300129 0.282825 0.265636 0.248652 0.231959 0.215636 0.199758 0.184392 0.169598 0.155427 0.141924 0.129124 0.117055 0.105737 0.0951833 0.0853997 0.0763859 0.0681364 0.0606408 0.0538853 0.0478532 0.0425259 0.0378838 0.0339075 0.0305783 0.0278788 0.0257941 0.024312 0.0234244 
0.024622 0.0249268 0.0258546 0.0274122 0.0296095 0.0324596 0.0359784 0.040184 0.0450959 0.0507343 0.0571194 0.0642698 0.0722024 0.0809306 0.090464 0.100807 0.111958 0.12391 0.136647 0.150146 0.164376 0.179298 0.194863 0.211015 0.22769 0.244816 0.262314 0.2801 0.298083 0.316168 0.334257 0.352251 0.370047 0.387545 0.404643 0.421243 0.43725 0.452572 0.46712 0.480813 0.493575 0.505334 0.516026 0.525594 0.533986 0.541158 0.547074 0.551703 0.555021 0.557011 0.557663 0.556975 0.554948 0.551594 0.546929 0.540978 0.53377 0.525343 0.515741 0.505017 0.493227 0.480436 0.466716 0.452143 0.436801 0.420777 0.404163 0.387056 0.369554 0.351758 0.33377 0.31569 0.29762 0.279657 0.261895 0.244424 0.227329 0.210688 0.194571 0.179044 0.16416 0.149968 0.136506 0.123805 0.111887 0.100767 0.0904517 0.080943 0.0722356 0.06432 0.0571824 0.0508061 0.0451725 0.0402617 0.0360538 0.0325295 0.0296713 0.0274637 0.0258941 0.0249543 
0.0261393 0.0264619 0.0274422 0.0290875 0.0314078 0.0344167 0.0381303 0.0425674 0.0477477 0.0536919 0.0604202 0.0679515 0.0763024 0.0854861 0.0955116 0.106382 0.118096 0.130642 0.144004 0.158157 0.173066 0.18869 0.204976 0.221864 0.239287 0.257168 0.275426 0.293969 0.312704 0.331532 0.350352 0.369057 0.387545 0.405709 0.423446 0.440655 0.457237 0.4731 0.488152 0.502312 0.5155 0.527647 0.538686 0.548559 0.557216 0.564613 0.570712 0.575483 0.578902 0.580953 0.581626 0.580917 0.578829 0.575373 0.570565 0.56443 0.556997 0.548304 0.538395 0.527322 0.515143 0.501924 0.487735 0.472656 0.456771 0.440169 0.422945 0.405196 0.387026 0.368537 0.349835 0.331024 0.31221 0.293494 0.274973 0.256744 0.238894 0.221505 0.204653 0.188406 0.172822 0.157952 0.143839 0.130514 0.118004 0.106323 0.0954829 0.0854842 0.0763233 0.0679911 0.0604744 0.0537564 0.0478185 0.0426406 0.0382023 0.0344841 0.0314679 0.029138 0.0274813 0.0264895 
0.0276519 0.027992 0.0290243 0.0307564 0.0331985 0.0363643 0.0402707 0.0449365 0.0503819 0.0566279 0.0636949 0.0716017 0.0803648 0.089997 0.100506 0.111896 0.124161 0.137291 0.151266 0.166058 0.181632 0.19794 0.214929 0.232535 0.250685 0.2693 0.288293 0.30757 0.327033 0.346579 0.366101 0.385492 0.404643 0.423446 0.441794 0.459585 0.476716 0.493093 0.508624 0.523225 0.536818 0.54933 0.560696 0.570857 0.579764 0.587371 0.593642 0.598546 0.60206 0.604168 0.60486 0.604132 0.601987 0.598436 0.593494 0.587187 0.579543 0.570599 0.560401 0.549 0.536454 0.522829 0.508196 0.492637 0.476235 0.459081 0.441274 0.422912 0.4041 0.384946 0.365557 0.346042 0.326509 0.307064 0.28781 0.268844 0.25026 0.232144 0.214576 0.197627 0.181359 0.165827 0.151075 0.13714 0.124048 0.111818 0.100461 0.0899803 0.0803729 0.0716305 0.0637399 0.0566849 0.0504466 0.0450048 0.0403389 0.036429 0.0332566 0.0308057 0.0290629 0.0280195 
0.0291489 0.0295063 0.0305898 0.0324072 0.0349689 0.038289 0.0423847 0.0472749 0.0529805 0.0595225 0.0669213 0.0751959 0.0843624 0.0944331 0.105415 0.117311 0.130114 0.143812 0.158384 0.173798 0.190017 0.20699 0.22466 0.24296 0.261813 0.281137 0.300839 0.320822 0.340984 0.361218 0.381413 0.401459 0.421243 0.440655 0.459585 0.477926 0.495577 0.51244 0.528423 0.54344 0.557413 0.570268 0.58194 0.592371 0.60151 0.609313 0.615744 0.620772 0.624375 0.626536 0.627245 0.626499 0.624302 0.620662 0.615597 0.609128 0.601288 0.592111 0.581643 0.569934 0.557044 0.543037 0.527987 0.511974 0.495083 0.477408 0.459047 0.440101 0.420679 0.400889 0.380844 0.360654 0.340432 0.320287 0.300325 0.28065 0.261358 0.242539 0.224278 0.206648 0.189717 0.173541 0.158169 0.143639 0.129981 0.117215 0.105353 0.0944016 0.0843576 0.0752135 0.0669569 0.0595716 0.0530388 0.0473382 0.0424489 0.0383507 0.0350249 0.0324551 0.0306276 0.0295338 
0.0306195 0.0309937 0.0321272 0.0340278 0.0367062 0.0401768 0.0444569 0.049566 0.055525 0.0623551 0.0700768 0.078709 0.0882675 0.098764 0.110205 0.122591 0.135916 0.150164 0.165312 0.181327 0.198168 0.215782 0.234107 0.253074 0.272603 0.292605 0.312986 0.333644 0.354473 0.375362 0.396198 0.416866 0.43725 0.457237 0.476716 0.495577 0.513717 0.531036 0.547442 0.562849 0.577175 0.59035 0.602306 0.612987 0.622342 0.630327 0.636906 0.642049 0.645733 0.647943 0.648669 0.647907 0.64566 0.641939 0.636759 0.630143 0.622121 0.612728 0.602009 0.590015 0.576803 0.562441 0.547 0.530561 0.513212 0.495046 0.476163 0.456667 0.436667 0.416275 0.395605 0.374773 0.353894 0.333081 0.312443 0.292089 0.272118 0.252625 0.233696 0.215412 0.197841 0.181044 0.165073 0.149968 0.135762 0.122476 0.110126 0.0987176 0.0882496 0.0787153 0.0701029 0.0623962 0.0555767 0.0496239 0.044517 0.0402353 0.03676 0.0340742 0.0321642 0.0310211 
0.0320522 0.0324429 0.0336247 0.0356059 0.0383973 0.0420135 0.0464721 0.0517928 0.0579967 0.0651051 0.0731386 0.0821158 0.0920522 0.102959 0.114842 0.1277 0.141526 0.156302 0.172003 0.188595 0.206031 0.224257 0.243209 0.262813 0.282984 0.303632 0.324658 0.345957 0.367418 0.388928 0.410368 0.431622 0.452572 0.4731 0.493093 0.51244 0.531036 0.548781 0.565581 0.581348 0.596003 0.609473 0.621692 0.632604 0.642157 0.650308 0.657022 0.662271 0.66603 0.668285 0.669026 0.668249 0.665958 0.662163 0.656878 0.650126 0.641937 0.632346 0.621396 0.609138 0.59563 0.580938 0.565134 0.5483 0.530524 0.511899 0.492527 0.472514 0.451971 0.431012 0.409754 0.388316 0.366815 0.345368 0.324089 0.303089 0.282472 0.262335 0.242771 0.223861 0.205678 0.188287 0.171741 0.156084 0.141352 0.127567 0.114746 0.102898 0.0920214 0.0821109 0.073155 0.0651381 0.0580417 0.0518453 0.0465279 0.0420687 0.0384487 0.0356507 0.0336609 0.03247 
0.0334359 0.0338423 0.0350706 0.0371292 0.040029 0.0437849 0.0484147 0.0539383 0.0603769 0.0677519 0.0760839 0.0853912 0.0956891 0.106988 0.119293 0.132602 0.146905 0.162184 0.178412 0.195551 0.213553 0.232361 0.251906 0.272112 0.292892 0.31415 0.335784 0.357686 0.379742 0.401833 0.423841 0.445643 0.46712 0.488152 0.508624 0.528423 0.547442 0.565581 0.582744 0.598844 0.613801 0.627541 0.640001 0.651123 0.660857 0.669161 0.675998 0.681342 0.685169 0.687465 0.68822 0.68743 0.685099 0.681236 0.675857 0.668982 0.66064 0.650868 0.639707 0.627208 0.613428 0.598432 0.582295 0.565096 0.546924 0.527874 0.508048 0.487554 0.466505 0.445016 0.423208 0.4012 0.379116 0.357073 0.335191 0.313581 0.292353 0.271609 0.251442 0.231938 0.213175 0.195219 0.178127 0.161946 0.146711 0.13245 0.119181 0.106912 0.0956456 0.0853753 0.0760908 0.0677769 0.0604152 0.0539853 0.0484661 0.0438368 0.040078 0.0371723 0.0351058 0.0338692 
0.0347593 0.0351806 0.0364532 0.0385853 0.0415883 0.045477 0.0502694 0.0559857 0.0626471 0.0702752 0.0788903 0.0885107 0.099151 0.110821 0.123525 0.13726 0.152015 0.167769 0.184493 0.202148 0.220683 0.240037 0.26014 0.280912 0.302262 0.324091 0.346294 0.368759 0.391369 0.414002 0.436536 0.458848 0.480813 0.502312 0.523225 0.54344 0.562849 0.581348 0.598844 0.615248 0.63048 0.644467 0.657145 0.668458 0.678356 0.686797 0.693746 0.699176 0.703065 0.705397 0.706164 0.705363 0.702996 0.699073 0.693607 0.686621 0.678143 0.668206 0.656854 0.644136 0.630108 0.614837 0.598394 0.58086 0.562325 0.542885 0.522641 0.501703 0.480185 0.458206 0.435886 0.413351 0.390722 0.368124 0.345677 0.323498 0.301699 0.280384 0.259652 0.239591 0.220282 0.201794 0.184187 0.16751 0.151802 0.137092 0.123398 0.110732 0.0990951 0.0884839 0.0788879 0.0702923 0.0626788 0.0560273 0.0503165 0.0455255 0.0416347 0.0386268 0.0364875 0.0352073 
0.0360113 0.0364467 0.0377609 0.0399623 0.0430622 0.0470758 0.0520212 0.0579186 0.0647894 0.0726552 0.0815361 0.0914502 0.102412 0.11443 0.127508 0.141641 0.156818 0.173016 0.190204 0.20834 0.227372 0.247235 0.267857 0.289154 0.311033 0.333392 0.356122 0.379107 0.402229 0.425362 0.448381 0.471161 0.493575 0.5155 0.536818 0.557413 0.577175 0.596003 0.613801 0.63048 0.64596 0.66017 0.673045 0.684529 0.694573 0.703137 0.710186 0.715693 0.719637 0.722002 0.722781 0.721969 0.719571 0.715593 0.710051 0.702966 0.694365 0.684282 0.672758 0.659842 0.645591 0.63007 0.613351 0.595514 0.576649 0.556852 0.536227 0.514883 0.492936 0.470506 0.447717 0.424694 0.401564 0.378453 0.355484 0.332778 0.310448 0.288604 0.267346 0.246767 0.226949 0.207965 0.189878 0.172738 0.156588 0.141457 0.127366 0.114327 0.102344 0.0914131 0.0815248 0.0726646 0.0648148 0.057955 0.0520641 0.0471211 0.0431062 0.0400021 0.0377942 0.0364731 
