3.47787e-17 3.16567e-17 6.44321e-17 1.68563e-16 4.50456e-16 1.18433e-15 3.04796e-15 7.67221e-15 1.88847e-14 4.54491e-14 1.06936e-13 2.45964e-13 5.53033e-13 1.2155e-12 2.61144e-12 5.4846e-12 1.12608e-11 2.26039e-11 4.43638e-11 8.51429e-11 1.59806e-10 2.93366e-10 5.26806e-10 9.25468e-10 1.59068e-09 2.67518e-09 4.40249e-09 7.08988e-09 1.11734e-08 1.72323e-08 2.6008e-08 3.84117e-08 5.55131e-08 7.85027e-08 1.0862e-07 1.47048e-07 1.94769e-07 2.52411e-07 3.20075e-07 3.97205e-07 4.82496e-07 5.73891e-07 6.68666e-07 7.63601e-07 8.55216e-07 9.40034e-07 1.01483e-06 1.07682e-06 1.12377e-06 1.15409e-06 1.16676e-06 1.16137e-06 1.13809e-06 1.09767e-06 1.04151e-06 9.71585e-07 8.90507e-07 8.01367e-07 7.07579e-07 6.12647e-07 5.19899e-07 4.32242e-07 3.51969e-07 2.8065e-07 2.19109e-07 1.67481e-07 1.25339e-07 9.18419e-08 6.58961e-08 4.62997e-08 3.18591e-08 2.14714e-08 1.4174e-08 9.16548e-09 5.80589e-09 3.60285e-09 2.19024e-09 1.30438e-09 7.60982e-10 4.34898e-10 2.43458e-10 1.33495e-10 7.16939e-11 3.771e-11 1.94253e-11 9.79937e-12 4.84104e-12 2.34199e-12 1.10954e-12 5.14782e-13 2.3391e-13 1.04099e-13 4.53796e-14 1.93792e-14 8.10824e-15 3.32429e-15 1.3358e-15 5.26375e-16 2.04036e-16 7.97036e-17 
3.16567e-17 2.87734e-17 5.95222e-17 1.58238e-16 4.2905e-16 1.14391e-15 2.98443e-15 7.61347e-15 1.89871e-14 4.62831e-14 1.10262e-13 2.56702e-13 5.83989e-13 1.29818e-12 2.81976e-12 5.98475e-12 1.24123e-11 2.5157e-11 4.98314e-11 9.64775e-11 1.8259e-10 3.37835e-10 6.11171e-10 1.08118e-09 1.87052e-09 3.16512e-09 5.23864e-09 8.48147e-09 1.34328e-08 2.08121e-08 3.15441e-08 4.67702e-08 6.78358e-08 9.62435e-08 1.33565e-07 1.81306e-07 2.40729e-07 3.12646e-07 3.9721e-07 4.93737e-07 6.00594e-07 7.15189e-07 8.34079e-07 9.5319e-07 1.06813e-06 1.1745e-06 1.26825e-06 1.34589e-06 1.40464e-06 1.4425e-06 1.45823e-06 1.45134e-06 1.42202e-06 1.37122e-06 1.30066e-06 1.21284e-06 1.11101e-06 9.99087e-07 8.81368e-07 7.6228e-07 6.46027e-07 5.36274e-07 4.35903e-07 3.46875e-07 2.70197e-07 2.06012e-07 1.53747e-07 1.12316e-07 8.03197e-08 5.62316e-08 3.85434e-08 2.58678e-08 1.69996e-08 1.09397e-08 6.89405e-09 4.25456e-09 2.57126e-09 1.52174e-09 8.81918e-10 5.00481e-10 2.78098e-10 1.51299e-10 8.05895e-11 4.20244e-11 2.1453e-11 1.07207e-11 5.24447e-12 2.51144e-12 1.17732e-12 5.40308e-13 2.42764e-13 1.06799e-13 4.60075e-14 1.94101e-14 8.02102e-15 3.24716e-15 1.28809e-15 5.00942e-16 1.91564e-16 7.3746e-17 
6.44321e-17 5.95222e-17 1.24917e-16 3.34195e-16 9.09876e-16 2.43434e-15 6.37086e-15 1.62974e-14 4.07421e-14 9.95185e-14 2.37492e-13 5.53651e-13 1.26077e-12 2.80435e-12 6.09283e-12 1.29302e-11 2.68046e-11 5.42832e-11 1.07402e-10 2.07636e-10 3.92278e-10 7.24345e-10 1.30744e-09 2.30719e-09 3.981e-09 6.71739e-09 1.10856e-08 1.78938e-08 2.82531e-08 4.36386e-08 6.59373e-08 9.74659e-08 1.4094e-07 1.99376e-07 2.75905e-07 3.73501e-07 4.94622e-07 6.408e-07 8.12226e-07 1.0074e-06 1.22294e-06 1.45355e-06 1.69226e-06 1.93091e-06 2.1607e-06 2.37294e-06 2.55962e-06 2.71387e-06 2.83031e-06 2.90503e-06 2.93566e-06 2.92125e-06 2.86221e-06 2.7604e-06 2.61918e-06 2.44348e-06 2.23972e-06 2.01561e-06 1.77971e-06 1.54083e-06 1.30737e-06 1.08667e-06 8.84563e-07 7.05009e-07 5.50102e-07 4.20193e-07 3.14201e-07 2.30002e-07 1.64831e-07 1.15653e-07 7.94519e-08 5.34449e-08 3.52029e-08 2.27054e-08 1.43404e-08 8.86893e-09 5.37086e-09 3.18464e-09 1.84882e-09 1.05079e-09 5.84647e-10 3.18411e-10 1.69734e-10 8.85529e-11 4.52133e-11 2.25912e-11 1.10461e-11 5.28539e-12 2.47484e-12 1.13407e-12 5.08606e-13 2.2326e-13 9.59346e-14 4.03582e-14 1.66244e-14 6.70647e-15 2.65015e-15 1.02639e-15 3.90771e-16 1.49814e-16 
1.68563e-16 1.58238e-16 3.34195e-16 8.93271e-16 2.42665e-15 6.47638e-15 1.69048e-14 4.3125e-14 1.07494e-13 2.61764e-13 6.22655e-13 1.44662e-12 3.28245e-12 7.27379e-12 1.57411e-11 3.32684e-11 6.86704e-11 1.38447e-10 2.72657e-10 5.24598e-10 9.86227e-10 1.81191e-09 3.2537e-09 5.7118e-09 9.8038e-09 1.64554e-08 2.7013e-08 4.33752e-08 6.8133e-08 1.04702e-07 1.57419e-07 2.31571e-07 3.33306e-07 4.69394e-07 6.46799e-07 8.7205e-07 1.15044e-06 1.48511e-06 1.87616e-06 2.31987e-06 2.80832e-06 3.32938e-06 3.8673e-06 4.40372e-06 4.91905e-06 5.39399e-06 5.81084e-06 6.15457e-06 6.41338e-06 6.57884e-06 6.64579e-06 6.61219e-06 6.47902e-06 6.25035e-06 5.93357e-06 5.53949e-06 5.08231e-06 4.57907e-06 4.04876e-06 3.511e-06 2.98456e-06 2.48596e-06 2.02834e-06 1.62079e-06 1.26824e-06 9.71696e-07 7.28969e-07 5.3548e-07 3.85164e-07 2.7129e-07 1.87121e-07 1.26393e-07 8.36069e-08 5.41601e-08 3.43579e-08 2.13435e-08 1.29829e-08 7.73242e-09 4.50876e-09 2.57369e-09 1.43804e-09 7.86417e-10 4.20886e-10 2.20429e-10 1.12962e-10 5.66412e-11 2.7788e-11 1.33384e-11 6.26434e-12 2.87869e-12 1.29446e-12 5.69638e-13 2.45343e-13 1.03437e-13 4.26941e-14 1.72556e-14 6.83071e-15 2.64982e-15 1.01051e-15 3.88378e-16 
4.50456e-16 4.2905e-16 9.09876e-16 2.42665e-15 6.57115e-15 1.74782e-14 4.54632e-14 1.15563e-13 2.8699e-13 6.96196e-13 1.64951e-12 3.81674e-12 8.62394e-12 1.90272e-11 4.09916e-11 8.62321e-11 1.77142e-10 3.55374e-10 6.96322e-10 1.33277e-09 2.49223e-09 4.55392e-09 8.13261e-09 1.41972e-08 2.42318e-08 4.04443e-08 6.60221e-08 1.05426e-07 1.64696e-07 2.51736e-07 3.76506e-07 5.51045e-07 7.89243e-07 1.10626e-06 1.51752e-06 2.0373e-06 2.6769e-06 3.44268e-06 4.33403e-06 5.34184e-06 6.44762e-06 7.62368e-06 8.83442e-06 1.00387e-05 1.1193e-05 1.22545e-05 1.31842e-05 1.39494e-05 1.45242e-05 1.48903e-05 1.50366e-05 1.49588e-05 1.46591e-05 1.41464e-05 1.34369e-05 1.25544e-05 1.153e-05 1.04015e-05 9.21074e-06 8.00144e-06 6.81546e-06 5.68983e-06 4.65424e-06 3.72952e-06 2.9272e-06 2.25017e-06 1.69407e-06 1.24911e-06 9.0204e-07 6.37998e-07 4.41964e-07 2.99869e-07 1.99273e-07 1.29696e-07 8.26694e-08 5.16031e-08 3.15416e-08 1.88766e-08 1.10599e-08 6.3432e-09 3.56079e-09 1.9562e-09 1.05163e-09 5.53154e-10 2.84665e-10 1.43317e-10 7.05869e-11 3.40101e-11 1.60309e-11 7.39256e-12 3.33541e-12 1.47252e-12 6.36192e-13 2.69023e-13 1.11362e-13 4.51346e-14 1.79149e-14 6.96796e-15 2.6644e-15 1.02773e-15 
1.18433e-15 1.14391e-15 2.43434e-15 6.47638e-15 1.74782e-14 4.63246e-14 1.20058e-13 3.04035e-13 7.52142e-13 1.81738e-12 4.28842e-12 9.88114e-12 2.22298e-11 4.8827e-11 1.04706e-10 2.19217e-10 4.48115e-10 8.94446e-10 1.74348e-09 3.31926e-09 6.17306e-09 1.1217e-08 1.99188e-08 3.45739e-08 5.86712e-08 9.73606e-08 1.58018e-07 2.50886e-07 3.89722e-07 5.92386e-07 8.81197e-07 1.28291e-06 1.82814e-06 2.54995e-06 3.48162e-06 4.65348e-06 6.08898e-06 7.80036e-06 9.78446e-06 1.20195e-05 1.44636e-05 1.70548e-05 1.97147e-05 2.23536e-05 2.48768e-05 2.71921e-05 2.9216e-05 3.08782e-05 3.21239e-05 3.29146e-05 3.32269e-05 3.30516e-05 3.23938e-05 3.12724e-05 2.9722e-05 2.77935e-05 2.55537e-05 2.30836e-05 2.04741e-05 1.78194e-05 1.52108e-05 1.27294e-05 1.04406e-05 8.39108e-06 6.60723e-06 5.09679e-06 3.85152e-06 2.85114e-06 2.06755e-06 1.46874e-06 1.02207e-06 6.96719e-07 4.65222e-07 3.04275e-07 1.94913e-07 1.22278e-07 7.51164e-08 4.51803e-08 2.6603e-08 1.53327e-08 8.64865e-09 4.77378e-09 2.57813e-09 1.36216e-09 7.04039e-10 3.55943e-10 1.7602e-10 8.51417e-11 4.02835e-11 1.8644e-11 8.44137e-12 3.73932e-12 1.62082e-12 6.87549e-13 2.85479e-13 1.16046e-13 4.61937e-14 1.80175e-14 6.90945e-15 2.67539e-15 
3.04796e-15 2.98443e-15 6.37086e-15 1.69048e-14 4.54632e-14 1.20058e-13 3.09989e-13 7.82009e-13 1.92698e-12 4.63729e-12 1.0897e-11 2.50006e-11 5.5996e-11 1.22433e-10 2.61314e-10 5.44444e-10 1.10737e-09 2.19894e-09 4.26351e-09 8.07276e-09 1.49298e-08 2.69746e-08 4.76232e-08 8.21767e-08 1.38627e-07 2.28674e-07 3.68938e-07 5.82303e-07 8.99259e-07 1.35904e-06 2.01027e-06 2.91071e-06 4.12582e-06 5.72559e-06 7.77962e-06 1.03503e-05 1.34843e-05 1.7204e-05 2.14987e-05 2.63179e-05 3.15688e-05 3.71178e-05 4.2797e-05 4.84158e-05 5.37751e-05 5.86816e-05 6.29616e-05 6.64693e-05 6.90922e-05 7.0751e-05 7.13982e-05 7.10157e-05 6.96135e-05 6.72314e-05 6.39407e-05 5.98468e-05 5.5089e-05 4.98361e-05 4.42784e-05 3.86146e-05 3.30373e-05 2.77191e-05 2.28003e-05 1.83822e-05 1.45239e-05 1.1245e-05 8.53109e-06 6.34165e-06 4.61897e-06 3.29627e-06 2.30475e-06 1.57881e-06 1.05953e-06 6.96525e-07 4.48496e-07 2.82828e-07 1.74651e-07 1.05593e-07 6.24945e-08 3.62011e-08 2.05212e-08 1.1382e-08 6.17602e-09 3.27808e-09 1.70181e-09 8.64085e-10 4.29078e-10 2.08377e-10 9.89707e-11 4.59761e-11 2.08911e-11 9.28635e-12 4.03869e-12 1.71876e-12 7.15896e-13 2.91897e-13 1.16538e-13 4.55873e-14 1.75345e-14 6.81641e-15 
7.67221e-15 7.61347e-15 1.62974e-14 4.3125e-14 1.15563e-13 3.04035e-13 7.82009e-13 1.96504e-12 4.82264e-12 1.15577e-11 2.70437e-11 6.1774e-11 1.37737e-10 2.99756e-10 6.36716e-10 1.32003e-09 2.67117e-09 5.27636e-09 1.0175e-08 1.91588e-08 3.52306e-08 6.32823e-08 1.11061e-07 1.90487e-07 3.19383e-07 5.23616e-07 8.39611e-07 1.31708e-06 2.02169e-06 3.03715e-06 4.46628e-06 6.43007e-06 9.06421e-06 1.25122e-05 1.69148e-05 2.23958e-05 2.90449e-05 3.68998e-05 4.59291e-05 5.60204e-05 6.69746e-05 7.85109e-05 9.0281e-05 0.000101893 0.00011294 0.000123029 0.000131811 0.000138994 0.000144352 0.000147729 0.00014903 0.000148222 0.000145323 0.000140415 0.000133638 0.000125207 0.000115399 0.000104558 9.30696e-05 8.13387e-05 6.97607e-05 5.86916e-05 4.84239e-05 3.9171e-05 3.10617e-05 2.41432e-05 1.83927e-05 1.37326e-05 1.00485e-05 7.20564e-06 5.06338e-06 3.48638e-06 2.352e-06 1.55445e-06 1.00632e-06 6.38039e-07 3.9613e-07 2.40784e-07 1.43263e-07 8.34205e-08 4.75298e-08 2.64935e-08 1.44453e-08 7.70325e-09 4.01732e-09 2.04872e-09 1.02165e-09 4.9818e-10 2.37549e-10 1.10772e-10 5.0519e-11 2.25361e-11 9.83479e-12 4.19939e-12 1.75478e-12 7.17735e-13 2.87429e-13 1.12774e-13 4.35112e-14 1.6984e-14 
1.88847e-14 1.89871e-14 4.07421e-14 1.07494e-13 2.8699e-13 7.52142e-13 1.92698e-12 4.82264e-12 1.1787e-11 2.81287e-11 6.55316e-11 1.4902e-10 3.30739e-10 7.16372e-10 1.51421e-09 3.12342e-09 6.28758e-09 1.23533e-08 2.36907e-08 4.43547e-08 8.10875e-08 1.44784e-07 2.52551e-07 4.30486e-07 7.17261e-07 1.1685e-06 1.86182e-06 2.90216e-06 4.42683e-06 6.60925e-06 9.66027e-06 1.38256e-05 1.93777e-05 2.66012e-05 3.57712e-05 4.71243e-05 6.08252e-05 7.69313e-05 9.53608e-05 0.00011587 0.000138046 0.000161316 0.00018498 0.000208257 0.00023034 0.000250461 0.000267935 0.000282195 0.000292808 0.000299473 0.000302012 0.000300357 0.00029455 0.000284745 0.000271217 0.000254378 0.000234774 0.000213074 0.000190037 0.000166465 0.000143142 0.000120782 9.99747e-05 8.11586e-05 6.46045e-05 5.04224e-05 3.85817e-05 2.89404e-05 2.12798e-05 1.53368e-05 1.08337e-05 7.49972e-06 5.0873e-06 3.38097e-06 2.20106e-06 1.4034e-06 8.76191e-07 5.35541e-07 3.20382e-07 1.87558e-07 1.07424e-07 6.01853e-08 3.29783e-08 1.76709e-08 9.25841e-09 4.74275e-09 2.37535e-09 1.16313e-09 5.56859e-10 2.60683e-10 1.19336e-10 5.34289e-11 2.33989e-11 1.00254e-11 4.20321e-12 1.72476e-12 6.9289e-13 2.72702e-13 1.05553e-13 4.1376e-14 
4.54491e-14 4.62831e-14 9.95185e-14 2.61764e-13 6.96196e-13 1.81738e-12 4.63729e-12 1.15577e-11 2.81287e-11 6.68356e-11 1.55014e-10 3.50892e-10 7.75113e-10 1.67074e-09 3.51387e-09 7.21087e-09 1.44388e-08 2.82129e-08 5.3801e-08 1.00145e-07 1.81991e-07 3.22967e-07 5.5985e-07 9.4824e-07 1.56976e-06 2.5407e-06 4.02178e-06 6.22816e-06 9.43856e-06 1.40014e-05 2.0336e-05 2.89255e-05 4.02994e-05 5.50034e-05 7.35562e-05 9.63929e-05 0.000123801 0.000155855 0.000192355 0.000232794 0.000276338 0.000321858 0.000367988 0.00041322 0.000456013 0.000494904 0.0005286 0.000556037 0.000576408 0.000589157 0.000593955 0.000590681 0.000579412 0.000560436 0.000534268 0.000501678 0.000463698 0.000421593 0.000376808 0.000330877 0.000285311 0.000241493 0.000200579 0.000163442 0.000130635 0.000102404 7.87204e-05 5.93383e-05 4.38551e-05 3.1776e-05 2.25696e-05 1.57121e-05 1.07192e-05 7.16523e-06 4.69191e-06 3.00902e-06 1.88953e-06 1.16153e-06 6.98795e-07 4.11347e-07 2.36871e-07 1.33405e-07 7.34705e-08 3.95619e-08 2.08265e-08 1.07177e-08 5.39167e-09 2.65143e-09 1.27465e-09 5.99091e-10 2.75315e-10 1.23726e-10 5.43818e-11 2.33825e-11 9.83693e-12 4.05001e-12 1.63233e-12 6.44505e-13 2.50294e-13 9.85432e-14 
1.06936e-13 1.10262e-13 2.37492e-13 6.22655e-13 1.64951e-12 4.28842e-12 1.0897e-11 2.70437e-11 6.55316e-11 1.55014e-10 3.57887e-10 8.06322e-10 1.77258e-09 3.80183e-09 7.95514e-09 1.62391e-08 3.23406e-08 6.28398e-08 1.19144e-07 2.20462e-07 3.98205e-07 7.02261e-07 1.20958e-06 2.03538e-06 3.3472e-06 5.38134e-06 8.46105e-06 1.30146e-05 1.95909e-05 2.88687e-05 4.16556e-05 5.8871e-05 8.151e-05 0.000110583 0.000147031 0.000191622 0.000244831 0.00030672 0.000376839 0.000454156 0.000537048 0.000623357 0.000710506 0.000795677 0.000876018 0.000948838 0.00101178 0.00106291 0.00110078 0.0011244 0.00113319 0.00112692 0.00110575 0.00107019 0.00102117 0.00096008 0.000888801 0.000809648 0.000725282 0.000638539 0.000552238 0.000468974 0.000390947 0.000319836 0.000256741 0.000202188 0.00015619 0.000118342 8.7935e-05 6.40715e-05 4.57704e-05 3.20514e-05 2.19973e-05 1.47929e-05 9.74539e-06 6.28771e-06 3.97207e-06 2.45615e-06 1.48624e-06 8.79847e-07 5.09456e-07 2.88466e-07 1.59696e-07 8.64254e-08 4.57185e-08 2.36384e-08 1.19456e-08 5.90021e-09 2.84852e-09 1.34431e-09 6.2024e-10 2.79809e-10 1.23447e-10 5.32717e-11 2.24906e-11 9.29175e-12 3.75763e-12 1.48859e-12 5.80087e-13 2.29422e-13 
2.45964e-13 2.56702e-13 5.53651e-13 1.44662e-12 3.81674e-12 9.88114e-12 2.50006e-11 6.1774e-11 1.4902e-10 3.50892e-10 8.06322e-10 1.80792e-09 3.95484e-09 8.43937e-09 1.75669e-08 3.56675e-08 7.06399e-08 1.36476e-07 2.5724e-07 4.73118e-07 8.49252e-07 1.48817e-06 2.5465e-06 4.2565e-06 6.9524e-06 1.11007e-05 1.73327e-05 2.64757e-05 3.95776e-05 5.79197e-05 8.30076e-05 0.000116534 0.000160303 0.000216119 0.000285626 0.000370116 0.000470323 0.000586211 0.000716807 0.000860095 0.00101301 0.00117156 0.00133104 0.00148637 0.00163243 0.00176444 0.00187826 0.00197051 0.00203868 0.00208104 0.00209661 0.00208503 0.00204655 0.00198206 0.00189317 0.00178231 0.00165279 0.0015087 0.00135477 0.00119607 0.00103768 0.000884334 0.000740067 0.000608018 0.000490303 0.000388008 0.000301288 0.000229522 0.000171515 0.000125704 9.03399e-05 6.36513e-05 4.39572e-05 2.97464e-05 1.97198e-05 1.28028e-05 8.13783e-06 5.06274e-06 3.08181e-06 1.83506e-06 1.06858e-06 6.08388e-07 3.38604e-07 1.84194e-07 9.79237e-08 5.08747e-08 2.58292e-08 1.28151e-08 6.21387e-09 2.94491e-09 1.36429e-09 6.17919e-10 2.73668e-10 1.18542e-10 5.02303e-11 2.08263e-11 8.45174e-12 3.35973e-12 1.31393e-12 5.22091e-13 
5.53033e-13 5.83989e-13 1.26077e-12 3.28245e-12 8.62394e-12 2.22298e-11 5.5996e-11 1.37737e-10 3.30739e-10 7.75113e-10 1.77258e-09 3.95484e-09 8.60746e-09 1.82724e-08 3.78318e-08 7.63913e-08 1.50439e-07 2.88958e-07 5.41388e-07 9.89585e-07 1.76506e-06 3.07282e-06 5.22301e-06 8.67079e-06 1.40641e-05 2.22976e-05 3.45677e-05 5.2424e-05 7.78063e-05 0.000113056 0.000160887 0.00022431 0.000306485 0.000410508 0.000539131 0.00069443 0.000877438 0.00108781 0.00132355 0.00158083 0.00185408 0.00213615 0.00241872 0.00269293 0.00294994 0.00318156 0.00338073 0.00354177 0.00366047 0.00373399 0.00376071 0.00374003 0.00367239 0.00355925 0.00340332 0.00320869 0.00298094 0.00272705 0.00245514 0.00217399 0.00189245 0.00161883 0.00136033 0.00112263 0.000909656 0.000723583 0.000564926 0.000432824 0.000325363 0.000239925 0.000173515 0.000123039 8.55216e-05 5.82511e-05 3.88679e-05 2.53975e-05 1.62465e-05 1.01707e-05 6.22917e-06 3.73134e-06 2.18546e-06 1.2513e-06 7.00226e-07 3.82923e-07 2.04615e-07 1.0683e-07 5.44969e-08 2.71636e-08 1.32303e-08 6.29741e-09 2.92971e-09 1.33237e-09 5.92446e-10 2.57621e-10 1.09577e-10 4.5601e-11 1.8573e-11 7.40956e-12 2.90849e-12 1.1613e-12 
1.2155e-12 1.29818e-12 2.80435e-12 7.27379e-12 1.90272e-11 4.8827e-11 1.22433e-10 2.99756e-10 7.16372e-10 1.67074e-09 3.80183e-09 8.43937e-09 1.82724e-08 3.85831e-08 7.9447e-08 1.59521e-07 3.12335e-07 5.96355e-07 1.11049e-06 2.01705e-06 3.5744e-06 6.18137e-06 1.04351e-05 1.72027e-05 2.77045e-05 4.36057e-05 6.71069e-05 0.000101022 0.000148828 0.000214664 0.000303262 0.000419787 0.000569565 0.000757707 0.000988619 0.00126544 0.00158946 0.00195955 0.0023718 0.00281925 0.00329203 0.00377777 0.00426233 0.00473074 0.00516825 0.00556134 0.00589843 0.00617031 0.00637021 0.00649362 0.00653796 0.00650233 0.00638739 0.00619552 0.00593104 0.00560057 0.0052132 0.00478041 0.00431564 0.00383354 0.00334902 0.0028762 0.00242749 0.00201282 0.0016393 0.00131107 0.00102948 0.000793485 0.000600203 0.000445441 0.000324265 0.000231473 0.000161976 0.000111072 7.46118e-05 4.9079e-05 3.16017e-05 1.99111e-05 1.22716e-05 7.39595e-06 4.35765e-06 2.50942e-06 1.41213e-06 7.76417e-07 4.17053e-07 2.18848e-07 1.12188e-07 5.61851e-08 2.74916e-08 1.31442e-08 6.1416e-09 2.80491e-09 1.25236e-09 5.46773e-10 2.33481e-10 9.75371e-11 3.98757e-11 1.59673e-11 6.29181e-12 2.5248e-12 
2.61144e-12 2.81976e-12 6.09283e-12 1.57411e-11 4.09916e-11 1.04706e-10 2.61314e-10 6.36716e-10 1.51421e-09 3.51387e-09 7.95514e-09 1.75669e-08 3.78318e-08 7.9447e-08 1.62674e-07 3.24753e-07 6.32092e-07 1.19955e-06 2.21976e-06 4.00598e-06 7.05205e-06 1.21126e-05 2.03057e-05 3.3236e-05 5.31361e-05 8.30147e-05 0.000126796 0.000189433 0.000276957 0.000396444 0.000555857 0.000763737 0.00102872 0.00135889 0.00176095 0.00223935 0.00279533 0.00342612 0.00412434 0.00487774 0.00566949 0.00647893 0.00728276 0.00805664 0.00877687 0.00942189 0.00997345 0.0104172 0.0107426 0.0109428 0.011014 0.0109547 0.0107661 0.0104516 0.0100181 0.0094757 0.00883871 0.00812528 0.00735686 0.00655706 0.00575007 0.00495911 0.00420481 0.00350405 0.00286918 0.00230784 0.00182309 0.00141404 0.00107659 0.00080436 0.000589561 0.000423776 0.000298618 0.000206205 0.000139479 9.23789e-05 5.98845e-05 3.7981e-05 2.35598e-05 1.42885e-05 8.47014e-06 4.90655e-06 2.77691e-06 1.53527e-06 8.29101e-07 4.37333e-07 2.25321e-07 1.13396e-07 5.57486e-08 2.67774e-08 1.25679e-08 5.765e-09 2.585e-09 1.1333e-09 4.85909e-10 2.03799e-10 8.36433e-11 3.36221e-11 1.33015e-11 5.36539e-12 
5.4846e-12 5.98475e-12 1.29302e-11 3.32684e-11 8.62321e-11 2.19217e-10 5.44444e-10 1.32003e-09 3.12342e-09 7.21087e-09 1.62391e-08 3.56675e-08 7.63913e-08 1.59521e-07 3.24753e-07 6.44494e-07 1.24684e-06 2.35147e-06 4.32359e-06 7.75153e-06 1.35536e-05 2.31184e-05 3.84802e-05 6.25252e-05 9.92186e-05 0.000153835 0.00023316 0.000345632 0.000501375 0.000712077 0.000990658 0.00135071 0.00180568 0.00236775 0.00304661 0.003848 0.00477238 0.0058137 0.00695866 0.00818646 0.00946941 0.0107741 0.0120636 0.0132998 0.0144459 0.0154688 0.0163408 0.0170405 0.0175524 0.0178663 0.0179767 0.0178817 0.0175827 0.0170851 0.0163985 0.0155384 0.0145261 0.0133893 0.012161 0.0108777 0.00957739 0.00829687 0.00706931 0.00592237 0.00487688 0.00394637 0.00313721 0.00244937 0.00187758 0.00141264 0.00104279 0.000754967 0.000535848 0.000372693 0.000253902 0.000169352 0.000110545 7.05883e-05 4.40764e-05 2.69037e-05 1.60481e-05 9.35267e-06 5.32433e-06 2.96042e-06 1.60756e-06 8.52487e-07 4.41494e-07 2.23307e-07 1.10322e-07 5.32431e-08 2.51057e-08 1.15684e-08 5.21015e-09 2.29407e-09 9.87748e-10 4.1599e-10 1.71422e-10 6.91822e-11 2.74832e-11 1.11451e-11 
1.12608e-11 1.24123e-11 2.68046e-11 6.86704e-11 1.77142e-10 4.48115e-10 1.10737e-09 2.67117e-09 6.28758e-09 1.44388e-08 3.23406e-08 7.06399e-08 1.50439e-07 3.12335e-07 6.32092e-07 1.24684e-06 2.39717e-06 4.49216e-06 8.20567e-06 1.46128e-05 2.53745e-05 4.29753e-05 7.10126e-05 0.000114528 0.000180359 0.000277473 0.00041724 0.000613582 0.000882925 0.0012439 0.00171669 0.0023221 0.00308011 0.00400824 0.00511955 0.00642059 0.00790941 0.00957403 0.0113914 0.0133276 0.0153384 0.0173721 0.0193719 0.0212803 0.0230424 0.0246095 0.0259414 0.027007 0.0277846 0.02826 0.0284255 0.0282786 0.0278213 0.0270609 0.0260111 0.0246938 0.0231398 0.0213896 0.0194918 0.0175011 0.0154747 0.013469 0.0115355 0.00971791 0.00805018 0.0065554 0.00524587 0.00412398 0.00318378 0.00241286 0.00179434 0.00130878 0.00093588 0.000655776 0.000450052 0.000302366 0.000198778 0.000127813 8.03504e-05 4.93687e-05 2.96372e-05 1.73796e-05 9.95354e-06 5.56668e-06 3.03993e-06 1.62094e-06 8.43955e-07 4.2909e-07 2.1306e-07 1.03332e-07 4.89585e-08 2.26652e-08 1.02547e-08 4.53543e-09 1.96135e-09 8.29559e-10 3.43281e-10 1.39114e-10 5.55011e-11 2.26313e-11 
2.26039e-11 2.5157e-11 5.42832e-11 1.38447e-10 3.55374e-10 8.94446e-10 2.19894e-09 5.27636e-09 1.23533e-08 2.82129e-08 6.28398e-08 1.36476e-07 2.88958e-07 5.96355e-07 1.19955e-06 2.35147e-06 4.49216e-06 8.36316e-06 1.51746e-05 2.68378e-05 4.62746e-05 7.78066e-05 0.000127616 0.000204256 0.000319167 0.000487136 0.000726619 0.00105983 0.00151252 0.0021133 0.00289255 0.0038807 0.00510614 0.00659259 0.00835628 0.010403 0.0127257 0.015302 0.0180939 0.0210476 0.0240954 0.0271597 0.030157 0.0330033 0.0356203 0.037939 0.0399031 0.0414701 0.0426105 0.0433056 0.0435454 0.0433266 0.0426518 0.0415305 0.0399812 0.0380333 0.0357297 0.0331268 0.0302938 0.027309 0.0242559 0.0212173 0.0182703 0.0154819 0.0129053 0.0105787 0.00852417 0.00674945 0.00524933 0.00400838 0.00300373 0.00220783 0.00159097 0.00112335 0.000776793 0.00052578 0.000348177 0.000225475 0.000142731 8.8289e-05 5.33498e-05 3.14842e-05 1.81429e-05 1.02076e-05 5.60679e-06 3.00657e-06 1.57402e-06 8.04568e-07 4.01586e-07 1.95759e-07 9.32111e-08 4.33613e-08 1.97116e-08 8.75843e-09 3.80475e-09 1.61636e-09 6.7177e-10 2.734e-10 1.09559e-10 4.49277e-11 
4.43638e-11 4.98314e-11 1.07402e-10 2.72657e-10 6.96322e-10 1.74348e-09 4.26351e-09 1.0175e-08 2.36907e-08 5.3801e-08 1.19144e-07 2.5724e-07 5.41388e-07 1.11049e-06 2.21976e-06 4.32359e-06 8.20567e-06 1.51746e-05 2.7345e-05 4.8023e-05 8.22074e-05 0.000137205 0.000223339 0.0003547 0.000549862 0.000832461 0.0012315 0.00178128 0.00252071 0.00349216 0.00473942 0.00630512 0.00822742 0.0105363 0.0132498 0.0163698 0.0198792 0.0237393 0.0278894 0.0322476 0.0367143 0.041177 0.0455172 0.0496179 0.053371 0.0566831 0.059479 0.0617029 0.063317 0.064298 0.0646335 0.0643195 0.0633592 0.0617643 0.0595579 0.0567783 0.0534817 0.0497439 0.0456588 0.0413346 0.0368878 0.0324359 0.0280904 0.0239498 0.020095 0.0165862 0.0134617 0.0107389 0.00841638 0.00647716 0.00489226 0.00362461 0.00263266 0.00187354 0.00130562 0.00089048 0.000594099 0.00038754 0.000247068 0.000153886 9.36132e-05 5.56064e-05 3.22468e-05 1.82547e-05 1.0087e-05 5.44057e-06 2.86447e-06 1.47229e-06 7.38839e-07 3.62056e-07 1.73281e-07 8.10142e-08 3.70089e-08 1.6523e-08 7.21138e-09 3.07762e-09 1.28481e-09 5.25208e-10 2.11428e-10 8.72067e-11 
8.51429e-11 9.64775e-11 2.07636e-10 5.24598e-10 1.33277e-09 3.31926e-09 8.07276e-09 1.91588e-08 4.43547e-08 1.00145e-07 2.20462e-07 4.73118e-07 9.89585e-07 2.01705e-06 4.00598e-06 7.75153e-06 1.46128e-05 2.68378e-05 4.8023e-05 8.37319e-05 0.000142281 0.000235681 0.000380676 0.000599806 0.000922328 0.00138486 0.00203152 0.00291343 0.00408738 0.00561358 0.00755251 0.0099609 0.012887 0.0163657 0.0204129 0.0250213 0.0301567 0.0357554 0.0417245 0.047944 0.0542721 0.0605526 0.0666238 0.072329 0.0775254 0.0820917 0.0859324 0.0889778 0.0911821 0.0925179 0.0929712 0.0925373 0.0912199 0.0890322 0.0860015 0.0821744 0.0776216 0.0724397 0.0667511 0.0606987 0.054439 0.0481324 0.0419337 0.0359829 0.0303983 0.0252714 0.0206652 0.0166136 0.0131244 0.0101823 0.00775375 0.00579177 0.00424109 0.00304259 0.00213721 0.00146906 0.000987613 0.000649051 0.000416801 0.000261444 0.000160139 9.57605e-05 5.58947e-05 3.18422e-05 1.77037e-05 9.6062e-06 5.08733e-06 2.62977e-06 1.32705e-06 6.53842e-07 3.14594e-07 1.47847e-07 6.78818e-08 3.04566e-08 1.33569e-08 5.72729e-09 2.402e-09 9.86362e-10 3.98937e-10 1.65528e-10 
1.59806e-10 1.8259e-10 3.92278e-10 9.86227e-10 2.49223e-09 6.17306e-09 1.49298e-08 3.52306e-08 8.10875e-08 1.81991e-07 3.98205e-07 8.49252e-07 1.76506e-06 3.5744e-06 7.05205e-06 1.35536e-05 2.53745e-05 4.62746e-05 8.22074e-05 0.000142281 0.000239952 0.000394409 0.000632045 0.000987857 0.00150655 0.00224308 0.00326237 0.00463804 0.0064498 0.00877979 0.0117077 0.0153047 0.0196276 0.0247115 0.0305642 0.0371607 0.0444392 0.0523001 0.060607 0.0691907 0.0778573 0.0863978 0.0946007 0.102265 0.109209 0.115284 0.120375 0.124398 0.127301 0.129056 0.129647 0.12907 0.127328 0.124435 0.120421 0.115338 0.109271 0.102337 0.0946882 0.0865054 0.0779899 0.0693521 0.0607986 0.0525212 0.0446864 0.0374283 0.0308451 0.0249974 0.0199101 0.0155759 0.0119608 0.00900947 0.00665253 0.0048121 0.00340774 0.00236113 0.00159976 0.00105938 0.000685371 0.000433028 0.000267111 0.000160827 9.45019e-05 5.41873e-05 3.03187e-05 1.65533e-05 8.81944e-06 4.58589e-06 2.3275e-06 1.15321e-06 5.57912e-07 2.63601e-07 1.21662e-07 5.48647e-08 2.4181e-08 1.04189e-08 4.39036e-09 1.81128e-09 7.36105e-10 3.07282e-10 
2.93366e-10 3.37835e-10 7.24345e-10 1.81191e-09 4.55392e-09 1.1217e-08 2.69746e-08 6.32823e-08 1.44784e-07 3.22967e-07 7.02261e-07 1.48817e-06 3.07282e-06 6.18137e-06 1.21126e-05 2.31184e-05 4.29753e-05 7.78066e-05 0.000137205 0.000235681 0.000394409 0.000643194 0.00102245 0.00158492 0.00239687 0.00353818 0.00510125 0.00718828 0.0099069 0.0133642 0.0176598 0.0228772 0.0290765 0.0362853 0.044493 0.0536443 0.0636374 0.0743234 0.0855097 0.0969672 0.108441 0.119662 0.130367 0.140306 0.149264 0.157063 0.16357 0.168696 0.172385 0.174608 0.175352 0.174614 0.172394 0.168706 0.163579 0.157069 0.14927 0.140315 0.130386 0.1197 0.108506 0.0970671 0.0856497 0.0745055 0.0638603 0.0539033 0.0447807 0.0365925 0.0293926 0.0231916 0.0179626 0.0136471 0.0101632 0.00741379 0.0052939 0.00369797 0.00252556 0.00168553 0.00109877 0.000699378 0.000434533 0.000263478 0.000155886 8.99847e-05 5.06777e-05 2.78456e-05 1.49284e-05 7.80964e-06 3.98722e-06 1.98701e-06 9.6673e-07 4.59279e-07 2.13115e-07 9.66106e-08 4.27977e-08 1.8532e-08 7.84701e-09 3.25279e-09 1.32844e-09 5.57972e-10 
5.26806e-10 6.11171e-10 1.30744e-09 3.2537e-09 8.13261e-09 1.99188e-08 4.76232e-08 1.11061e-07 2.52551e-07 5.5985e-07 1.20958e-06 2.5465e-06 5.22301e-06 1.04351e-05 2.03057e-05 3.84802e-05 7.10126e-05 0.000127616 0.000223339 0.000380676 0.000632045 0.00102245 0.001612 0.0024779 0.00371534 0.0054368 0.00776932 0.0108496 0.0148171 0.0198048 0.0259294 0.0332813 0.0419135 0.0518342 0.0629989 0.0753071 0.0886007 0.102667 0.117246 0.132039 0.146724 0.160972 0.174464 0.186909 0.19806 0.207718 0.215743 0.222041 0.22656 0.229277 0.230181 0.229271 0.226547 0.222017 0.215705 0.207664 0.197991 0.186832 0.174388 0.160909 0.146687 0.132041 0.117296 0.102771 0.0887611 0.0755218 0.0632617 0.0521355 0.0422416 0.0336232 0.0262721 0.0201361 0.0151269 0.0111299 0.00801501 0.00564546 0.0038871 0.00261491 0.00171791 0.00110179 0.000689642 0.000421192 0.00025096 0.000145866 8.27027e-05 4.57411e-05 2.46799e-05 1.2992e-05 6.67361e-06 3.3456e-06 1.63718e-06 7.82206e-07 3.64963e-07 1.66336e-07 7.40703e-08 3.22366e-08 1.37175e-08 5.71386e-09 2.3452e-09 9.91194e-10 
9.25468e-10 1.08118e-09 2.30719e-09 5.7118e-09 1.41972e-08 3.45739e-08 8.21767e-08 1.90487e-07 4.30486e-07 9.4824e-07 2.03538e-06 4.2565e-06 8.67079e-06 1.72027e-05 3.3236e-05 6.25252e-05 0.000114528 0.000204256 0.0003547 0.000599806 0.000987857 0.00158492 0.0024779 0.00377647 0.00561323 0.00814145 0.0115298 0.0159543 0.0215873 0.0285854 0.0370756 0.0471428 0.058819 0.072074 0.086811 0.102865 0.120005 0.137941 0.156335 0.174813 0.192987 0.21047 0.226896 0.241942 0.255339 0.26688 0.276425 0.283887 0.289226 0.292426 0.293488 0.292409 0.289188 0.283825 0.276333 0.266757 0.255185 0.241764 0.226706 0.210283 0.19282 0.174683 0.156257 0.137926 0.120061 0.102993 0.0870086 0.0723328 0.0591273 0.0474865 0.0374388 0.0289525 0.0219437 0.0162877 0.0118308 0.00840404 0.00583469 0.00395709 0.00262041 0.0016937 0.00106821 0.000657252 0.000394456 0.000230898 0.000131821 7.34002e-05 3.9865e-05 2.11208e-05 1.09173e-05 5.50648e-06 2.71067e-06 1.3026e-06 6.11195e-07 2.80085e-07 1.25387e-07 5.48526e-08 2.34584e-08 9.81942e-09 4.05068e-09 1.72281e-09 
1.59068e-09 1.87052e-09 3.981e-09 9.8038e-09 2.42318e-08 5.86712e-08 1.38627e-07 3.19383e-07 7.17261e-07 1.56976e-06 3.3472e-06 6.9524e-06 1.40641e-05 2.77045e-05 5.31361e-05 9.92186e-05 0.000180359 0.000319167 0.000549862 0.000922328 0.00150655 0.00239687 0.00371534 0.00561323 0.00826964 0.0118866 0.0166801 0.0228675 0.0306521 0.0402059 0.0516534 0.0650569 0.0804052 0.0976076 0.116492 0.136809 0.158237 0.180399 0.202873 0.225213 0.246968 0.267704 0.287026 0.304591 0.320128 0.333435 0.344386 0.352913 0.358994 0.36263 0.363832 0.362602 0.358934 0.352815 0.344244 0.333245 0.319889 0.304312 0.286716 0.267382 0.246654 0.224928 0.202638 0.180231 0.158149 0.136808 0.11658 0.0977805 0.0806535 0.0653667 0.052008 0.0405865 0.03104 0.0232455 0.0170336 0.0122047 0.00854534 0.0058437 0.00390127 0.0025417 0.00161554 0.00100159 0.000605594 0.00035707 0.000205302 0.000115109 6.29407e-05 3.35664e-05 1.74618e-05 8.86251e-06 4.38925e-06 2.1217e-06 1.00123e-06 4.61376e-07 2.07662e-07 9.13198e-08 3.92522e-08 1.65121e-08 6.84625e-09 2.93024e-09 
2.67518e-09 3.16512e-09 6.71739e-09 1.64554e-08 4.04443e-08 9.73606e-08 2.28674e-07 5.23616e-07 1.1685e-06 2.5407e-06 5.38134e-06 1.11007e-05 2.22976e-05 4.36057e-05 8.30147e-05 0.000153835 0.000277473 0.000487136 0.000832461 0.00138486 0.00224308 0.00353818 0.0054368 0.00814145 0.0118866 0.0169297 0.0235372 0.031966 0.0424423 0.0551401 0.0701614 0.0875213 0.107139 0.128837 0.152344 0.177304 0.203294 0.229843 0.256448 0.282598 0.307796 0.331581 0.353546 0.373354 0.390749 0.405557 0.417678 0.427075 0.433755 0.43774 0.439054 0.437705 0.433679 0.426952 0.417497 0.405314 0.390442 0.372986 0.353129 0.331132 0.307337 0.282154 0.256043 0.2295 0.203032 0.177136 0.15228 0.128879 0.107282 0.0877546 0.0704692 0.0555027 0.0428379 0.0323723 0.0239339 0.0172999 0.0122177 0.00842598 0.00567202 0.00372548 0.00238686 0.00149134 0.00090859 0.000539715 0.000312573 0.000176498 9.71749e-05 5.21725e-05 2.73187e-05 1.39534e-05 6.95327e-06 3.38124e-06 1.60488e-06 7.43702e-07 3.36556e-07 1.48781e-07 6.4277e-08 2.7174e-08 1.13245e-08 4.87759e-09 
4.40249e-09 5.23864e-09 1.10856e-08 2.7013e-08 6.60221e-08 1.58018e-07 3.68938e-07 8.39611e-07 1.86182e-06 4.02178e-06 8.46105e-06 1.73327e-05 3.45677e-05 6.71069e-05 0.000126796 0.00023316 0.00041724 0.000726619 0.0012315 0.00203152 0.00326237 0.00510125 0.00776932 0.0115298 0.0166801 0.0235372 0.0324169 0.0436086 0.0573471 0.073787 0.0929814 0.114869 0.139268 0.165885 0.194325 0.224114 0.254718 0.285574 0.316107 0.345761 0.374016 0.40041 0.424552 0.446136 0.464946 0.480851 0.493797 0.503789 0.510866 0.515078 0.516465 0.51504 0.510784 0.503654 0.493599 0.48058 0.464597 0.445711 0.424058 0.399863 0.373437 0.345174 0.315539 0.285052 0.254268 0.223756 0.194076 0.165755 0.13926 0.114979 0.0931986 0.0740925 0.0577178 0.0440186 0.0328403 0.0239501 0.0170633 0.0118696 0.00805792 0.00533661 0.00344694 0.00217086 0.00133289 0.000797779 0.000465459 0.000264727 0.000146777 7.93426e-05 4.18216e-05 2.14987e-05 1.07801e-05 5.27387e-06 2.51785e-06 1.17337e-06 5.33897e-07 2.37264e-07 1.03027e-07 4.37727e-08 1.83348e-08 7.94671e-09 
7.08988e-09 8.48147e-09 1.78938e-08 4.33752e-08 1.05426e-07 2.50886e-07 5.82303e-07 1.31708e-06 2.90216e-06 6.22816e-06 1.30146e-05 2.64757e-05 5.2424e-05 0.000101022 0.000189433 0.000345632 0.000613582 0.00105983 0.00178128 0.00291343 0.00463804 0.00718828 0.0108496 0.0159543 0.0228675 0.031966 0.0436086 0.0581029 0.0756711 0.0964205 0.120323 0.147206 0.176755 0.208535 0.242009 0.276573 0.311585 0.346401 0.380398 0.412998 0.443691 0.472043 0.497711 0.520449 0.540101 0.556598 0.569946 0.580197 0.58743 0.591726 0.593141 0.591692 0.587355 0.58007 0.569755 0.556331 0.539748 0.520008 0.497186 0.471443 0.443035 0.412308 0.379699 0.345722 0.310954 0.276018 0.241556 0.208204 0.176559 0.14715 0.120404 0.0966253 0.0759782 0.0584848 0.0440347 0.0324059 0.0232942 0.0163464 0.011193 0.00747573 0.00486868 0.00309115 0.001913 0.00115385 0.000678282 0.000388599 0.000216994 0.000118111 6.2674e-05 3.24273e-05 1.63622e-05 8.05332e-06 3.86734e-06 1.81245e-06 8.29183e-07 3.70426e-07 1.61665e-07 6.90257e-08 2.90586e-08 1.26731e-08 
1.11734e-08 1.34328e-08 2.82531e-08 6.8133e-08 1.64696e-07 3.89722e-07 8.99259e-07 2.02169e-06 4.42683e-06 9.43856e-06 1.95909e-05 3.95776e-05 7.78063e-05 0.000148828 0.000276957 0.000501375 0.000882925 0.00151252 0.00252071 0.00408738 0.0064498 0.0099069 0.0148171 0.0215873 0.0306521 0.0424423 0.0573471 0.0756711 0.0975953 0.123146 0.152177 0.184371 0.21925 0.256215 0.294577 0.333601 0.372553 0.410729 0.447485 0.482258 0.514581 0.544084 0.570502 0.593671 0.613519 0.630052 0.643341 0.653493 0.660629 0.664858 0.666251 0.664832 0.660573 0.653393 0.643183 0.629822 0.613203 0.593263 0.569998 0.543489 0.513906 0.48152 0.446705 0.409934 0.371773 0.332868 0.293922 0.25567 0.21884 0.184114 0.152081 0.123207 0.0977972 0.075988 0.057746 0.0428872 0.031108 0.0220245 0.0152133 0.0102482 0.00673052 0.00430844 0.00268777 0.00163387 0.000967778 0.000558562 0.000314142 0.000172179 9.19799e-05 4.78997e-05 2.43211e-05 1.20431e-05 5.81707e-06 2.74152e-06 1.26101e-06 5.66273e-07 2.48379e-07 1.06567e-07 4.5087e-08 1.97839e-08 
1.72323e-08 2.08121e-08 4.36386e-08 1.04702e-07 2.51736e-07 5.92386e-07 1.35904e-06 3.03715e-06 6.60925e-06 1.40014e-05 2.88687e-05 5.79197e-05 0.000113056 0.000214664 0.000396444 0.000712077 0.0012439 0.0021133 0.00349216 0.00561358 0.00877979 0.0133642 0.0198048 0.0285854 0.0402059 0.0551401 0.073787 0.0964205 0.123146 0.153871 0.188295 0.225921 0.266087 0.308015 0.350864 0.393785 0.435971 0.47669 0.515317 0.55134 0.58437 0.614136 0.640477 0.663331 0.682721 0.698739 0.711523 0.721233 0.728031 0.732048 0.733375 0.732037 0.728002 0.721175 0.71142 0.698575 0.68248 0.663 0.640049 0.613607 0.583742 0.550621 0.514521 0.475839 0.435092 0.392911 0.350031 0.307264 0.265455 0.225441 0.18799 0.15375 0.123202 0.0966336 0.0741247 0.0555626 0.0406714 0.0290553 0.0202478 0.0137583 0.00911271 0.00588189 0.0036991 0.00226639 0.00135273 0.000786547 0.000445548 0.000245902 0.000132246 6.93149e-05 3.54144e-05 1.76416e-05 8.5705e-06 4.06161e-06 1.87819e-06 8.47747e-07 3.73673e-07 1.61094e-07 6.84906e-08 3.02339e-08 
2.6008e-08 3.15441e-08 6.59373e-08 1.57419e-07 3.76506e-07 8.81197e-07 2.01027e-06 4.46628e-06 9.66027e-06 2.0336e-05 4.16556e-05 8.30076e-05 0.000160887 0.000303262 0.000555857 0.000990658 0.00171669 0.00289255 0.00473942 0.00755251 0.0117077 0.0176598 0.0259294 0.0370756 0.0516534 0.0701614 0.0929814 0.120323 0.152177 0.188295 0.228186 0.27115 0.316324 0.362753 0.409456 0.455495 0.500024 0.542324 0.581826 0.61811 0.6509 0.680047 0.705514 0.727354 0.745693 0.760706 0.772595 0.781571 0.787826 0.791514 0.792735 0.79152 0.787831 0.781565 0.772562 0.760628 0.745554 0.727137 0.705204 0.679634 0.650377 0.617476 0.581084 0.541486 0.49911 0.454536 0.40849 0.361824 0.315483 0.270444 0.227654 0.187963 0.152053 0.120395 0.0932226 0.0705309 0.0521045 0.0375615 0.0264093 0.0181022 0.0120925 0.00787048 0.00498998 0.00308147 0.00185332 0.00108561 0.000619361 0.000344195 0.000186341 9.82946e-05 5.05304e-05 2.53207e-05 1.2371e-05 5.89471e-06 2.74012e-06 1.24301e-06 5.50541e-07 2.38455e-07 1.01867e-07 4.52307e-08 
3.84117e-08 4.67702e-08 9.74659e-08 2.31571e-07 5.51045e-07 1.28291e-06 2.91071e-06 6.43007e-06 1.38256e-05 2.89255e-05 5.8871e-05 0.000116534 0.00022431 0.000419787 0.000763737 0.00135071 0.0023221 0.0038807 0.00630512 0.0099609 0.0153047 0.0228772 0.0332813 0.0471428 0.0650569 0.0875213 0.114869 0.147206 0.184371 0.225921 0.27115 0.319136 0.368817 0.419072 0.468809 0.517033 0.562903 0.605757 0.645121 0.680702 0.712362 0.740096 0.763998 0.784241 0.801048 0.814672 0.825371 0.833395 0.838958 0.842231 0.843317 0.842253 0.838998 0.833441 0.825411 0.814688 0.801024 0.784157 0.763835 0.739838 0.711993 0.680209 0.644497 0.605001 0.562025 0.516056 0.467767 0.418014 0.367799 0.31822 0.270391 0.225364 0.18404 0.147106 0.11498 0.0878064 0.0654667 0.0476241 0.033784 0.0233602 0.0157386 0.010329 0.00660183 0.0041089 0.00249006 0.00146931 0.000844217 0.000472355 0.000257404 0.000136636 7.06657e-05 3.56159e-05 1.74978e-05 8.38199e-06 3.91621e-06 1.7852e-06 7.94394e-07 3.4564e-07 1.48343e-07 6.62411e-08 
5.55131e-08 6.78358e-08 1.4094e-07 3.33306e-07 7.89243e-07 1.82814e-06 4.12582e-06 9.06421e-06 1.93777e-05 4.02994e-05 8.151e-05 0.000160303 0.000306485 0.000569565 0.00102872 0.00180568 0.00308011 0.00510614 0.00822742 0.012887 0.0196276 0.0290765 0.0419135 0.058819 0.0804052 0.107139 0.139268 0.176755 0.21925 0.266087 0.316324 0.368817 0.422314 0.475559 0.527383 0.576782 0.622965 0.665367 0.703649 0.737668 0.767444 0.793121 0.814927 0.833146 0.848088 0.86007 0.869395 0.876336 0.881124 0.883932 0.884868 0.883968 0.881193 0.87643 0.869502 0.860176 0.848176 0.833197 0.814921 0.793035 0.767257 0.737355 0.703192 0.664752 0.622188 0.575855 0.526332 0.47443 0.421168 0.367724 0.315356 0.265306 0.218702 0.17646 0.139221 0.10731 0.0807458 0.0592724 0.0424219 0.0295888 0.0201046 0.0133036 0.00857131 0.00537613 0.00328249 0.00195091 0.00112873 0.000635773 0.000348681 0.000186228 9.68818e-05 4.91048e-05 2.42551e-05 1.1679e-05 5.48361e-06 2.51153e-06 1.12267e-06 4.90621e-07 2.11512e-07 9.49664e-08 
7.85027e-08 9.62435e-08 1.99376e-07 4.69394e-07 1.10626e-06 2.54995e-06 5.72559e-06 1.25122e-05 2.66012e-05 5.50034e-05 0.000110583 0.000216119 0.000410508 0.000757707 0.00135889 0.00236775 0.00400824 0.00659259 0.0105363 0.0163657 0.0247115 0.0362853 0.0518342 0.072074 0.0976076 0.128837 0.165885 0.208535 0.256215 0.308015 0.362753 0.419072 0.475559 0.530858 0.583772 0.633337 0.678856 0.719901 0.756293 0.788059 0.815382 0.83855 0.857916 0.87386 0.886763 0.896989 0.904868 0.910685 0.914674 0.917007 0.917789 0.917054 0.914766 0.910816 0.905029 0.897169 0.886949 0.874033 0.858057 0.838635 0.815382 0.787945 0.756034 0.719469 0.678235 0.632523 0.58278 0.529725 0.474344 0.417851 0.361608 0.307028 0.25545 0.208033 0.165658 0.128867 0.0978519 0.0724751 0.0523286 0.036813 0.0252232 0.0168266 0.0109267 0.00690574 0.00424739 0.00254224 0.00148084 0.000839534 0.000463304 0.000248925 0.000130238 6.63718e-05 3.29551e-05 1.59472e-05 7.5233e-06 3.46139e-06 1.55401e-06 6.8199e-07 2.95282e-07 1.33275e-07 
1.0862e-07 1.33565e-07 2.75905e-07 6.46799e-07 1.51752e-06 3.48162e-06 7.77962e-06 1.69148e-05 3.57712e-05 7.35562e-05 0.000147031 0.000285626 0.000539131 0.000988619 0.00176095 0.00304661 0.00511955 0.00835628 0.0132498 0.0204129 0.0305642 0.044493 0.0629989 0.086811 0.116492 0.152344 0.194325 0.242009 0.294577 0.350864 0.409456 0.468809 0.527383 0.583772 0.636804 0.685599 0.729596 0.768536 0.802417 0.831441 0.855947 0.876357 0.893129 0.906719 0.917558 0.926038 0.932499 0.937228 0.940449 0.942326 0.942959 0.94238 0.940554 0.937381 0.932696 0.92627 0.917817 0.90699 0.893394 0.876592 0.856123 0.831522 0.802365 0.768311 0.729168 0.684947 0.635928 0.582699 0.526162 0.467516 0.408181 0.349701 0.293609 0.2413 0.193905 0.152212 0.116616 0.0871358 0.0634584 0.0450198 0.0310996 0.0209119 0.0136841 0.00871258 0.00539694 0.00325243 0.00190697 0.00108792 0.00060399 0.000326378 0.0001717 8.796e-05 4.38927e-05 2.13414e-05 1.01139e-05 4.67354e-06 2.10695e-06 9.28377e-07 4.03616e-07 1.83085e-07 
1.47048e-07 1.81306e-07 3.73501e-07 8.7205e-07 2.0373e-06 4.65348e-06 1.03503e-05 2.23958e-05 4.71243e-05 9.63929e-05 0.000191622 0.000370116 0.00069443 0.00126544 0.00223935 0.003848 0.00642059 0.010403 0.0163698 0.0250213 0.0371607 0.0536443 0.0753071 0.102865 0.136809 0.177304 0.224114 0.276573 0.333601 0.393785 0.455495 0.517033 0.576782 0.633337 0.685599 0.732819 0.774605 0.810884 0.84184 0.867841 0.88937 0.906961 0.921153 0.932456 0.941329 0.948173 0.953324 0.957056 0.95958 0.961046 0.961543 0.961101 0.959689 0.957218 0.953537 0.948434 0.941633 0.932793 0.92151 0.907315 0.889693 0.868097 0.841984 0.81087 0.774388 0.732363 0.684887 0.63238 0.575617 0.515728 0.454142 0.392486 0.332457 0.275666 0.223498 0.176996 0.136792 0.103091 0.0757108 0.0541531 0.0377069 0.0255503 0.0168437 0.0108011 0.00673665 0.00408655 0.00241115 0.00138385 0.000772706 0.000419842 0.000222026 0.00011431 5.73133e-05 2.79932e-05 1.33237e-05 6.18221e-06 2.79811e-06 1.23763e-06 5.40168e-07 2.46191e-07 
