0.000570194 0.000578876 0.000608626 0.000660038 0.000733992 0.000831709 0.000954738 0.00110493 0.00128442 0.00149557 0.00174099 0.00202342 0.00234574 0.00271087 0.00312173 0.0035812 0.00409199 0.00465661 0.00527725 0.00595576 0.00669351 0.00749135 0.00834952 0.00926757 0.0102443 0.0112778 0.0123653 0.013503 0.0146865 0.0159103 0.0171682 0.018453 0.019757 0.0210716 0.0223876 0.0236953 0.0249846 0.0262452 0.0274665 0.028638 0.0297493 0.0307903 0.0317512 0.0326231 0.0333975 0.0340668 0.0346244 0.0350649 0.0353837 0.0355776 0.0356448 0.0355845 0.0353974 0.0350854 0.0346517 0.0341006 0.0334378 0.0326697 0.0318039 0.0308489 0.0298135 0.0287076 0.0275411 0.0263244 0.0250681 0.0237826 0.0224782 0.0211652 0.019853 0.0185509 0.0172674 0.0160104 0.0147869 0.0136032 0.0124647 0.011376 0.0103407 0.00936172 0.00844102 0.00757982 0.00677859 0.00603714 0.00535467 0.00472985 0.00416089 0.00364562 0.00318159 0.00276612 0.00239638 0.00206948 0.00178251 0.00153262 0.00131708 0.00113331 0.00097893 0.000851816 0.000750108 0.00067225 0.000617004 0.000583539 
0.000578876 0.000587703 0.000617924 0.000670142 0.000745249 0.000844484 0.000969419 0.00112193 0.00130418 0.00151859 0.00176776 0.00205451 0.00238172 0.00275239 0.00316946 0.00363583 0.00415427 0.00472729 0.00535714 0.00604566 0.00679424 0.00760372 0.00847435 0.00940565 0.0103964 0.0114447 0.0125475 0.0137013 0.0149014 0.0161422 0.0174175 0.0187201 0.0200419 0.0213744 0.0227082 0.0240335 0.0253401 0.0266174 0.0278549 0.0290418 0.0301677 0.0312223 0.0321958 0.0330789 0.0338633 0.0345412 0.035106 0.0355521 0.0358749 0.0360713 0.0361393 0.0360782 0.0358886 0.0355725 0.0351332 0.0345749 0.0339035 0.0331254 0.0322483 0.0312807 0.0302318 0.0291112 0.0279293 0.0266965 0.0254234 0.0241207 0.0227988 0.0214679 0.0201379 0.018818 0.0175168 0.0162424 0.0150019 0.0138017 0.0126472 0.0115431 0.0104931 0.00950014 0.00856622 0.00769258 0.00687972 0.00612745 0.00543498 0.00480096 0.00422358 0.00370066 0.00322972 0.00280803 0.00243274 0.00210091 0.0018096 0.00155593 0.00133712 0.00115055 0.00099382 0.000864768 0.00076151 0.000682465 0.00062638 0.00059241 
0.000608626 0.000617924 0.000649663 0.00070447 0.000783277 0.000887374 0.0010184 0.00117831 0.00136935 0.00159403 0.00185508 0.0021554 0.00249802 0.00288599 0.00332241 0.00381027 0.00435241 0.00495143 0.00560964 0.00632892 0.00711068 0.00795577 0.00886438 0.00983599 0.0108693 0.0119622 0.0131117 0.0143139 0.0155639 0.016856 0.0181835 0.0195391 0.0209143 0.0223002 0.0236871 0.0250649 0.0264228 0.0277501 0.0290356 0.0302684 0.0314375 0.0325324 0.0335429 0.0344596 0.0352735 0.0359769 0.0365629 0.0370256 0.0373604 0.037564 0.0376343 0.0375707 0.0373738 0.0370457 0.0365896 0.0360102 0.0353132 0.0345055 0.0335949 0.0325902 0.0315009 0.0303372 0.0291094 0.0278286 0.0265056 0.0251516 0.0237774 0.0223935 0.0210101 0.019637 0.018283 0.0169564 0.0156648 0.0144147 0.0132119 0.0120613 0.0109668 0.00993138 0.00895723 0.00804568 0.00719728 0.00641187 0.00568867 0.00502631 0.00442294 0.00387631 0.00338386 0.00294278 0.00255012 0.00220284 0.00189789 0.00163227 0.0014031 0.00120765 0.00104344 0.000908198 0.000799978 0.000717133 0.000658356 0.000622768 
0.000660038 0.000670142 0.00070447 0.000763694 0.000848807 0.000961188 0.00110258 0.00127507 0.00148106 0.00172321 0.00200443 0.0023278 0.0026965 0.00311382 0.00358299 0.00410718 0.00468937 0.00533229 0.00603835 0.00680949 0.00764716 0.00855218 0.0095247 0.0105641 0.0116689 0.0128368 0.0140645 0.0153478 0.0166815 0.0180594 0.0194745 0.0209187 0.0223833 0.0238585 0.0253342 0.0267995 0.0282432 0.0296538 0.0310195 0.0323287 0.03357 0.0347321 0.0358043 0.0367767 0.03764 0.0383858 0.0390069 0.0394973 0.039852 0.0400676 0.0401419 0.0400742 0.0398652 0.0395169 0.039033 0.0384183 0.0376787 0.0368216 0.0358552 0.0347888 0.0336323 0.0323964 0.0310922 0.0297312 0.0283251 0.0268854 0.0254237 0.0239512 0.0224787 0.0210165 0.019574 0.0181601 0.0167828 0.0154493 0.0141656 0.012937 0.0117676 0.0106609 0.00961911 0.00864378 0.00773555 0.00689433 0.00611932 0.00540914 0.00476188 0.00417518 0.00364637 0.00317249 0.00275042 0.00237695 0.00204885 0.00176294 0.00151616 0.00130563 0.00112868 0.000982911 0.000866244 0.000776925 0.000713561 0.000675216 
0.000733992 0.000745249 0.000783277 0.000848807 0.000942921 0.00106712 0.00122331 0.00141375 0.00164104 0.00190808 0.00221801 0.00257416 0.00297999 0.003439 0.00395471 0.00453047 0.0051695 0.0058747 0.00664858 0.0074932 0.00841002 0.00939986 0.0104628 0.011598 0.0128038 0.0140776 0.0154157 0.0168135 0.0182652 0.0197641 0.0213025 0.0228716 0.0244618 0.0260627 0.0276633 0.0292517 0.030816 0.0323436 0.0338219 0.0352385 0.036581 0.0378375 0.0389963 0.0400469 0.0409793 0.0417847 0.0424552 0.0429843 0.043367 0.0435993 0.0436792 0.0436057 0.0433796 0.0430032 0.0424803 0.041816 0.0410167 0.0400903 0.0390456 0.0378925 0.0366416 0.0353045 0.033893 0.0324194 0.0308964 0.0293363 0.0277517 0.0261545 0.0245566 0.0229689 0.0214018 0.0198649 0.018367 0.0169157 0.0155178 0.0141791 0.0129041 0.0116966 0.0105592 0.0094937 0.00850081 0.00758056 0.00673217 0.00595422 0.00524472 0.00460118 0.00402074 0.00350026 0.0030364 0.00262569 0.00226465 0.00194987 0.00167802 0.00144598 0.00125088 0.0010901 0.000961385 0.00086283 0.000792923 0.000750645 
0.000831709 0.000844484 0.000887374 0.000961188 0.00106712 0.00120684 0.00138244 0.00159641 0.00185163 0.00215128 0.00249882 0.0028979 0.0033523 0.00386586 0.00444238 0.00508554 0.00579878 0.00658523 0.00744757 0.00838796 0.00940791 0.0105082 0.0116887 0.0129485 0.0142857 0.015697 0.0171785 0.0187249 0.0203297 0.0219855 0.0236836 0.0254145 0.0271674 0.028931 0.0306931 0.0324408 0.0341609 0.0358397 0.0374636 0.0390189 0.0404921 0.0418702 0.0431408 0.0442923 0.0453139 0.0461959 0.0469301 0.0475093 0.0479279 0.0481819 0.0482688 0.0481879 0.0479398 0.0475272 0.0469539 0.0462257 0.0453495 0.0443337 0.0431879 0.0419229 0.0405503 0.0390824 0.0375323 0.0359133 0.0342392 0.0325235 0.0307798 0.0290215 0.0272611 0.025511 0.0237825 0.0220863 0.0204318 0.0188278 0.0172817 0.0158 0.0143878 0.0130493 0.0117876 0.0106047 0.00950161 0.00847841 0.00753438 0.00666806 0.00587735 0.0051596 0.00451174 0.00393037 0.00341185 0.00295242 0.00254829 0.00219569 0.001891 0.00163079 0.00141188 0.00123141 0.0010869 0.000976224 0.000897732 0.000850294 
0.000954738 0.000969419 0.0010184 0.00110258 0.00122331 0.00138244 0.0015823 0.00182569 0.00211581 0.00245619 0.00285067 0.0033033 0.00381826 0.00439978 0.00505205 0.00577908 0.00658464 0.0074721 0.00844435 0.00950366 0.0106516 0.0118888 0.0132152 0.0146293 0.016129 0.0177105 0.0193693 0.0210993 0.0228932 0.0247426 0.0266379 0.0285682 0.0305217 0.0324857 0.0344467 0.0363903 0.0383021 0.0401668 0.0419696 0.0436952 0.0453289 0.0468565 0.0482643 0.0495395 0.0506705 0.0516467 0.0524589 0.0530994 0.0535621 0.0538426 0.0539383 0.0538482 0.0535732 0.053116 0.052481 0.0516744 0.0507037 0.0495783 0.0483085 0.0469062 0.045384 0.0437555 0.0420351 0.0402374 0.0383774 0.0364703 0.0345309 0.032574 0.0306136 0.0286634 0.0267359 0.024843 0.0229954 0.0212027 0.0194735 0.0178149 0.016233 0.0147324 0.0133167 0.0119883 0.0107486 0.00959764 0.00853488 0.00755879 0.00666714 0.00585711 0.00512535 0.00446815 0.00388155 0.0033614 0.00290351 0.00250373 0.00215805 0.00186265 0.00161401 0.00140894 0.00124467 0.00111884 0.00102962 0.000975731 
0.00110493 0.00112193 0.00117831 0.00127507 0.00141375 0.00159641 0.00182569 0.00210473 0.00243711 0.00282679 0.00327805 0.00379543 0.00438357 0.00504716 0.00579084 0.00661903 0.00753585 0.00854498 0.00964952 0.0108519 0.0121536 0.0135554 0.0150567 0.016656 0.0183505 0.020136 0.0220071 0.0239567 0.0259767 0.0280576 0.0301882 0.0323566 0.0345493 0.0367522 0.0389501 0.0411272 0.043267 0.045353 0.0473684 0.0492964 0.0511209 0.052826 0.0543966 0.0558188 0.0570796 0.0581674 0.0590721 0.0597853 0.0603003 0.0606123 0.0607182 0.0606172 0.0603103 0.0598002 0.0590921 0.0581924 0.0571098 0.0558542 0.0544372 0.0528718 0.0511719 0.0493527 0.0474297 0.0454195 0.0433385 0.0412035 0.039031 0.0368375 0.0346387 0.0324496 0.0302846 0.0281568 0.0260784 0.0240603 0.0221119 0.0202417 0.0184563 0.0167614 0.015161 0.0136581 0.0122541 0.0109497 0.00974415 0.00863595 0.00762276 0.00670152 0.00586859 0.00511993 0.00445113 0.00385763 0.00333478 0.00287795 0.00248267 0.00214468 0.00186003 0.00162516 0.00143695 0.00129277 0.00119053 0.00112883 
0.00128442 0.00130418 0.00136935 0.00148106 0.00164104 0.00185163 0.00211581 0.00243711 0.00281956 0.00326762 0.0037861 0.00438005 0.00505469 0.00581523 0.00666682 0.00761434 0.00866231 0.00981476 0.011075 0.0124456 0.0139282 0.0155231 0.0172299 0.0190463 0.0209692 0.0229934 0.0251128 0.0273193 0.0296036 0.0319546 0.0343599 0.0368058 0.0392773 0.0417584 0.0442321 0.0466805 0.0490856 0.0514286 0.0536908 0.0558539 0.0578996 0.0598105 0.06157 0.0631623 0.0645734 0.0657905 0.0668023 0.0675997 0.0681752 0.0685235 0.0686414 0.0685278 0.0681838 0.0676126 0.0668197 0.0658123 0.0645999 0.0631935 0.0616059 0.0598514 0.0579455 0.0559049 0.053747 0.0514898 0.049152 0.046752 0.0443085 0.0418397 0.0393631 0.0368958 0.0344538 0.032052 0.0297041 0.0274224 0.0252178 0.0230999 0.0210764 0.0191537 0.0173368 0.015629 0.0140323 0.0125474 0.011174 0.00991031 0.00875398 0.00770168 0.00674946 0.00589285 0.005127 0.00444683 0.00384717 0.00332285 0.00286886 0.00248043 0.00215313 0.00188293 0.00166634 0.00150039 0.00138272 0.00131176 
0.00149557 0.00151859 0.00159403 0.00172321 0.00190808 0.00215128 0.00245619 0.00282679 0.00326762 0.0037837 0.00438045 0.00506353 0.00583875 0.00671195 0.00768883 0.0087748 0.00997484 0.0112933 0.0127338 0.014299 0.0159905 0.0178086 0.0197523 0.0218191 0.024005 0.0263041 0.0287091 0.0312108 0.0337984 0.0364594 0.0391796 0.0419435 0.0447342 0.0475336 0.0503225 0.053081 0.0557888 0.058425 0.0609689 0.0633998 0.0656975 0.0678428 0.069817 0.0716031 0.0731851 0.0745491 0.0756827 0.0765757 0.0772199 0.0776095 0.0777409 0.077613 0.0772269 0.0765862 0.0756969 0.0745671 0.073207 0.0716291 0.0698474 0.0678777 0.0657372 0.0634443 0.0610184 0.0584798 0.0558488 0.0531463 0.0503931 0.0476094 0.0448151 0.0420293 0.0392699 0.0365539 0.0338967 0.0313125 0.0288135 0.0264107 0.0241131 0.0219282 0.0198616 0.0179174 0.0160981 0.0144048 0.0128372 0.0113936 0.0100715 0.00886729 0.00777669 0.00679478 0.00591619 0.00513527 0.00444627 0.0038434 0.00332104 0.00287384 0.0024968 0.00218541 0.00193571 0.00174436 0.00160869 0.00152692 
0.00174099 0.00176776 0.00185508 0.00200443 0.00221801 0.00249882 0.00285067 0.00327805 0.0037861 0.00438045 0.00506718 0.00585265 0.00674335 0.00774579 0.0088663 0.0101108 0.0114849 0.0129932 0.0146396 0.016427 0.0183567 0.0204291 0.0226426 0.0249941 0.0274789 0.0300901 0.0328191 0.0356555 0.0385866 0.0415984 0.0446747 0.0477978 0.0509488 0.0541071 0.0572513 0.0603591 0.0634076 0.0663736 0.0692339 0.0719657 0.0745464 0.0769546 0.0791698 0.0811729 0.0829465 0.0844751 0.0857451 0.0867451 0.0874663 0.087902 0.0880486 0.0879045 0.0874712 0.0867527 0.0857554 0.0844884 0.082963 0.0811928 0.0791934 0.0769823 0.0745784 0.0720023 0.0692755 0.0664203 0.0634597 0.0604167 0.0573145 0.054176 0.0510233 0.0478779 0.04476 0.0416887 0.0386816 0.0357546 0.0329219 0.030196 0.0275872 0.0251042 0.0227536 0.0205404 0.0184676 0.0165366 0.0147473 0.0130982 0.0115866 0.0102086 0.00895959 0.00783409 0.00682621 0.00592968 0.00513807 0.00444493 0.00384396 0.00332914 0.00289486 0.00253603 0.00224818 0.00202756 0.00187115 0.00177693 
0.00202342 0.00205451 0.0021554 0.0023278 0.00257416 0.0028979 0.0033033 0.00379543 0.00438005 0.00506353 0.00585265 0.00675453 0.00777643 0.00892558 0.010209 0.0116332 0.0132043 0.0149274 0.0168066 0.0188447 0.0210433 0.0234022 0.0259194 0.0285913 0.031412 0.0343737 0.0374662 0.0406775 0.0439934 0.0473976 0.0508718 0.0543961 0.057949 0.0615075 0.0650474 0.0685439 0.0719714 0.0753039 0.0785157 0.0815813 0.0844758 0.0871755 0.0896576 0.0919011 0.0938868 0.0955975 0.0970183 0.0981367 0.0989428 0.0994297 0.0995928 0.099431 0.0989455 0.0981409 0.0970242 0.0956053 0.0938969 0.0919138 0.0896733 0.0871946 0.0844988 0.0816086 0.0785477 0.0753409 0.0720138 0.0685921 0.0651016 0.0615677 0.0580154 0.0544687 0.0509504 0.0474821 0.0440835 0.0407728 0.0375661 0.0344776 0.0315194 0.0287014 0.0260315 0.0235154 0.0211568 0.0189577 0.0169183 0.015037 0.013311 0.0117363 0.0103078 0.00901949 0.0078649 0.00683708 0.00592887 0.00513307 0.00444263 0.00385081 0.00335131 0.0029384 0.00260707 0.00235306 0.00217299 0.00206457 
0.00234574 0.00238172 0.00249802 0.0026965 0.00297999 0.0033523 0.00381826 0.00438357 0.00505469 0.00583875 0.00674335 0.00777643 0.00894607 0.0102603 0.0117268 0.0133529 0.015145 0.0171088 0.0192486 0.0215674 0.0240664 0.0267452 0.0296014 0.0326303 0.035825 0.0391763 0.0426727 0.0463003 0.0500427 0.0538815 0.0577962 0.0617641 0.0657609 0.069761 0.0737374 0.0776621 0.0815066 0.0852423 0.0888404 0.0922726 0.0955116 0.0985309 0.101306 0.103813 0.10603 0.107941 0.109526 0.110774 0.111673 0.112216 0.112397 0.112216 0.111673 0.110774 0.109527 0.107942 0.106033 0.103817 0.101312 0.0985401 0.0955241 0.0922889 0.088861 0.0852678 0.0815376 0.0776989 0.0737804 0.0698106 0.0658173 0.0618273 0.0578663 0.0539585 0.0501262 0.04639 0.0427682 0.039277 0.0359302 0.0327393 0.0297135 0.0268595 0.0241819 0.0216832 0.0193639 0.0172226 0.0152565 0.0134611 0.0118311 0.0103598 0.00904024 0.00786464 0.00682508 0.00591355 0.00512219 0.00444346 0.0038703 0.00339629 0.0030158 0.00272404 0.00251722 0.00239276 
0.00271087 0.00275239 0.00288599 0.00311382 0.003439 0.00386586 0.00439978 0.00504716 0.00581523 0.00671195 0.00774579 0.00892558 0.0102603 0.0117587 0.0134295 0.0152804 0.0173187 0.0195501 0.0219795 0.0246096 0.0274418 0.030475 0.033706 0.0371294 0.040737 0.0445181 0.0484594 0.052545 0.0567564 0.0610726 0.0654704 0.0699244 0.0744074 0.0788906 0.0833438 0.087736 0.0920355 0.0962105 0.100229 0.104061 0.107674 0.111041 0.114133 0.116926 0.119396 0.121522 0.123287 0.124675 0.125675 0.126278 0.126479 0.126276 0.125672 0.124671 0.123282 0.121516 0.11939 0.116921 0.114129 0.111039 0.107674 0.104064 0.100237 0.0962226 0.0920529 0.0877594 0.0833737 0.0789274 0.0744516 0.0699762 0.06553 0.0611399 0.0568314 0.0526273 0.0485487 0.0446138 0.0408385 0.037236 0.0338168 0.0305891 0.0275582 0.0247274 0.0220976 0.0196676 0.0174344 0.0153935 0.013539 0.0118638 0.0103601 0.00901947 0.0078331 0.00679213 0.0058878 0.00511172 0.004456 0.00391349 0.00347785 0.00314375 0.00290691 0.00276446 
0.00312173 0.00316946 0.00332241 0.00358299 0.00395471 0.00444238 0.00505205 0.00579084 0.00666682 0.00768883 0.0088663 0.010209 0.0117268 0.0134295 0.0153264 0.0174261 0.0197362 0.0222633 0.0250119 0.0279851 0.0311838 0.0346065 0.0382493 0.0421054 0.0461653 0.0504168 0.0548445 0.0594304 0.0641533 0.0689897 0.0739134 0.0788959 0.0839069 0.0889141 0.0938842 0.0987827 0.103574 0.108224 0.112697 0.116959 0.120976 0.124717 0.128152 0.131252 0.133993 0.136352 0.138309 0.139848 0.140956 0.141623 0.141846 0.14162 0.140949 0.139838 0.138297 0.136338 0.133978 0.131237 0.128136 0.124702 0.120963 0.116948 0.11269 0.108221 0.103576 0.0987905 0.0938987 0.088936 0.0839367 0.078934 0.0739601 0.0690452 0.0642175 0.0595032 0.0549257 0.0505057 0.0462614 0.0422079 0.0383574 0.0347192 0.0313001 0.0281039 0.025132 0.0223836 0.0198557 0.0175435 0.0154408 0.0135398 0.0118321 0.0103085 0.00895918 0.00777442 0.00674452 0.00586015 0.00511256 0.00449376 0.00399669 0.0036154 0.00334511 0.00318261 
0.0035812 0.00363583 0.00381027 0.00410718 0.00453047 0.00508554 0.00577908 0.00661903 0.00761434 0.0087748 0.0101108 0.0116332 0.0133529 0.0152804 0.0174261 0.0197991 0.0224079 0.025259 0.0283574 0.031706 0.0353054 0.0391534 0.043245 0.0475725 0.0521247 0.0568873 0.061843 0.0669712 0.0722481 0.0776472 0.0831391 0.0886921 0.0942723 0.099844 0.10537 0.110813 0.116133 0.121292 0.126252 0.130974 0.135424 0.139565 0.143365 0.146793 0.149823 0.15243 0.154591 0.156291 0.157514 0.158251 0.158495 0.158246 0.157504 0.156276 0.154573 0.152407 0.149798 0.146766 0.143336 0.139535 0.135395 0.130947 0.126227 0.121271 0.116117 0.110803 0.105367 0.0998485 0.0942852 0.0887141 0.0831706 0.0776885 0.0722994 0.0670323 0.0619138 0.0569673 0.0522134 0.0476691 0.0433487 0.0392631 0.0354201 0.0318246 0.0284785 0.0253814 0.0225303 0.0199204 0.0175449 0.0153957 0.0134635 0.0117382 0.0102092 0.00886575 0.00769717 0.00669314 0.00584394 0.00514073 0.00457567 0.00414213 0.00383481 0.00365012 
0.00409199 0.00415427 0.00435241 0.00468937 0.0051695 0.00579878 0.00658464 0.00753585 0.00866231 0.00997484 0.0114849 0.0132043 0.015145 0.0173187 0.0197362 0.0224079 0.0253423 0.0285465 0.0320257 0.0357825 0.039817 0.0441263 0.0487044 0.0535419 0.0586261 0.0639407 0.0694657 0.075178 0.0810508 0.0870544 0.093156 0.0993204 0.10551 0.111685 0.117805 0.123828 0.129712 0.135413 0.140891 0.146103 0.151011 0.155576 0.159764 0.16354 0.166876 0.169744 0.172123 0.173992 0.175337 0.176147 0.176415 0.17614 0.175323 0.173971 0.172096 0.169712 0.166839 0.163499 0.15972 0.155531 0.150965 0.146058 0.140847 0.135373 0.129676 0.123798 0.117782 0.11167 0.105504 0.0993238 0.0931697 0.0870789 0.0810865 0.0752249 0.0695238 0.0640095 0.0587053 0.0536307 0.0488018 0.0442314 0.0399286 0.0358994 0.0321465 0.0286699 0.0254667 0.0225321 0.0198588 0.0174383 0.0152604 0.0133144 0.0115885 0.010071 0.0087502 0.00761471 0.00665385 0.00585781 0.00521794 0.0047269 0.00437882 0.00416971 
0.00465661 0.00472729 0.00495143 0.00533229 0.0058747 0.00658523 0.0074721 0.00854498 0.00981476 0.0112933 0.0129932 0.0149274 0.0171088 0.0195501 0.0222633 0.025259 0.0285465 0.0321333 0.0360245 0.0402224 0.0447266 0.0495332 0.0546351 0.0600212 0.0656768 0.0715834 0.0777184 0.0840556 0.0905653 0.0972141 0.103966 0.110781 0.117619 0.124435 0.131185 0.137823 0.144302 0.150577 0.156601 0.162331 0.167722 0.172734 0.177329 0.181472 0.185129 0.188273 0.190879 0.192926 0.194398 0.195285 0.195578 0.195275 0.19438 0.192899 0.190844 0.18823 0.18508 0.181417 0.17727 0.172672 0.167658 0.162266 0.156537 0.150516 0.144245 0.137771 0.131139 0.124397 0.11759 0.110763 0.103959 0.0972194 0.0905829 0.0840859 0.0777613 0.0716387 0.0657441 0.0600998 0.0547242 0.0496317 0.0448333 0.040336 0.0361435 0.0322563 0.0286719 0.0253852 0.0223888 0.0196735 0.0172285 0.0150421 0.0131017 0.0113945 0.00990753 0.00862849 0.0075456 0.00664807 0.00592638 0.00537243 0.00497974 0.00474393 
0.00527725 0.00535714 0.00560964 0.00603835 0.00664858 0.00744757 0.00844435 0.00964952 0.011075 0.0127338 0.0146396 0.0168066 0.0192486 0.0219795 0.0250119 0.0283574 0.0320257 0.0360245 0.0403587 0.0450305 0.0500386 0.0553783 0.0610408 0.0670133 0.073279 0.0798168 0.0866013 0.0936032 0.100789 0.108122 0.115563 0.123067 0.130589 0.138081 0.145495 0.152781 0.159887 0.166763 0.173361 0.179632 0.185529 0.191009 0.19603 0.200554 0.204547 0.207978 0.210821 0.213053 0.214659 0.215625 0.215944 0.215613 0.214636 0.21302 0.210777 0.207924 0.204485 0.200485 0.195954 0.190928 0.185445 0.179546 0.173275 0.166679 0.159805 0.152704 0.145425 0.138019 0.130536 0.123025 0.115533 0.108106 0.100786 0.0936142 0.0866265 0.0798561 0.0733321 0.0670796 0.0611194 0.0554682 0.0501386 0.0451392 0.0404745 0.0361458 0.0321508 0.0284846 0.0251395 0.0221057 0.019372 0.0169254 0.0147526 0.0128396 0.0111724 0.00973751 0.00852201 0.00751415 0.00670346 0.00608106 0.00563984 0.00537498 
0.00595576 0.00604566 0.00632892 0.00680949 0.0074932 0.00838796 0.00950366 0.0108519 0.0124456 0.014299 0.016427 0.0188447 0.0215674 0.0246096 0.0279851 0.031706 0.0357825 0.0402224 0.0450305 0.0502085 0.0557543 0.0616619 0.0679209 0.0745166 0.0814298 0.0886366 0.0961086 0.103813 0.111713 0.119768 0.127932 0.13616 0.144401 0.152603 0.160712 0.168674 0.176435 0.183939 0.191135 0.197969 0.204392 0.210358 0.215821 0.220741 0.225081 0.228809 0.231897 0.234322 0.236065 0.237113 0.237459 0.237099 0.236037 0.234281 0.231844 0.228744 0.225005 0.220655 0.215727 0.210257 0.204287 0.19786 0.191025 0.18383 0.176327 0.168571 0.160615 0.152514 0.144322 0.136093 0.127877 0.119726 0.111687 0.103802 0.0961134 0.0886573 0.0814661 0.0745681 0.0679867 0.061741 0.0558455 0.0503103 0.0451413 0.0403404 0.0359059 0.031833 0.0281137 0.0247379 0.0216936 0.0189671 0.016544 0.0144091 0.0125474 0.0109441 0.00958531 0.00845815 0.00755119 0.00685473 0.00636099 0.0060647 
0.00669351 0.00679424 0.00711068 0.00764716 0.00841002 0.00940791 0.0106516 0.0121536 0.0139282 0.0159905 0.0183567 0.0210433 0.0240664 0.0274418 0.0311838 0.0353054 0.039817 0.0447266 0.0500386 0.0557543 0.0618704 0.0683797 0.0752698 0.082524 0.0901204 0.0980322 0.106228 0.11467 0.123319 0.13213 0.141053 0.150037 0.159028 0.167968 0.1768 0.185466 0.193906 0.202061 0.209875 0.217292 0.224258 0.230724 0.236643 0.24197 0.246668 0.250702 0.254042 0.256664 0.258548 0.25968 0.260054 0.259664 0.258516 0.256616 0.253979 0.250625 0.246579 0.241869 0.236531 0.230604 0.224131 0.217159 0.20974 0.201925 0.193771 0.185335 0.176675 0.16785 0.15892 0.149941 0.14097 0.132061 0.123267 0.114635 0.106209 0.0980317 0.0901375 0.0825583 0.0753205 0.0684458 0.0619507 0.0558473 0.0501426 0.0448396 0.0399372 0.0354307 0.0313122 0.0275711 0.0241946 0.0211685 0.0184771 0.0161043 0.0140338 0.0122498 0.010737 0.00948153 0.00847101 0.00769485 0.00714459 0.00681448 
0.00749135 0.00760372 0.00795577 0.00855218 0.00939986 0.0105082 0.0118888 0.0135554 0.0155231 0.0178086 0.0204291 0.0234022 0.0267452 0.030475 0.0346065 0.0391534 0.0441263 0.0495332 0.0553783 0.0616619 0.0683797 0.0755227 0.0830769 0.0910229 0.099336 0.107986 0.116938 0.126152 0.135582 0.14518 0.154892 0.164661 0.174429 0.184135 0.193715 0.203107 0.212246 0.221072 0.229522 0.237537 0.245061 0.25204 0.258424 0.264169 0.269232 0.273578 0.277175 0.279997 0.282025 0.283244 0.283645 0.283226 0.281988 0.279942 0.277102 0.273489 0.269128 0.264051 0.258294 0.251898 0.244911 0.23738 0.22936 0.220908 0.212083 0.202946 0.193559 0.183987 0.174291 0.164535 0.154779 0.145083 0.135502 0.12609 0.116895 0.107962 0.0993314 0.0910374 0.08311 0.0755735 0.0684469 0.061744 0.0554735 0.0496396 0.0442418 0.0392757 0.0347334 0.0306042 0.0268745 0.0235294 0.0205521 0.0179256 0.0156323 0.0136551 0.0119777 0.010585 0.00946368 0.00860221 0.00799145 0.00762515 
0.00834952 0.00847435 0.00886438 0.0095247 0.0104628 0.0116887 0.0132152 0.0150567 0.0172299 0.0197523 0.0226426 0.0259194 0.0296014 0.033706 0.0382493 0.043245 0.0487044 0.0546351 0.0610408 0.0679209 0.0752698 0.0830769 0.0913257 0.0999944 0.109055 0.118475 0.128214 0.138229 0.148469 0.158882 0.169409 0.179989 0.190558 0.201051 0.211399 0.221536 0.231393 0.240904 0.250003 0.258629 0.26672 0.274221 0.28108 0.287248 0.292682 0.297344 0.301201 0.304227 0.306401 0.307707 0.308136 0.307686 0.306359 0.304165 0.301119 0.297243 0.292563 0.287113 0.280931 0.274059 0.266547 0.258447 0.249815 0.240712 0.2312 0.221344 0.211212 0.200871 0.190387 0.17983 0.169264 0.158753 0.148358 0.138137 0.128143 0.118425 0.109026 0.0999869 0.091339 0.0831101 0.0753218 0.0679901 0.0611253 0.054733 0.0488134 0.0433628 0.0383733 0.0338339 0.0297307 0.0260477 0.0227675 0.0198718 0.0173419 0.0151595 0.0133071 0.0117685 0.0105292 0.00957694 0.00890175 0.00849693 
0.00926757 0.00940565 0.00983599 0.0105641 0.011598 0.0129485 0.0146293 0.016656 0.0190463 0.0218191 0.0249941 0.0285913 0.0326303 0.0371294 0.0421054 0.0475725 0.0535419 0.0600212 0.0670133 0.0745166 0.082524 0.0910229 0.0999944 0.109414 0.11925 0.129467 0.14002 0.150861 0.161937 0.173189 0.184554 0.195966 0.207356 0.218653 0.229786 0.240682 0.251269 0.261477 0.271236 0.28048 0.289146 0.297175 0.304512 0.311107 0.316914 0.321895 0.326014 0.329245 0.331565 0.332959 0.333416 0.332935 0.331518 0.329176 0.325923 0.321782 0.316782 0.310956 0.304344 0.296992 0.28895 0.280273 0.271021 0.261256 0.251046 0.240459 0.229567 0.21844 0.207151 0.195773 0.184375 0.173027 0.161794 0.150738 0.139919 0.129388 0.119195 0.109382 0.0999856 0.0910363 0.0825586 0.0745708 0.0670853 0.0601088 0.0536429 0.0476842 0.0422252 0.0372547 0.0327584 0.0287197 0.0251202 0.0219404 0.0191607 0.0167615 0.014724 0.0130309 0.0116668 0.0106184 0.00987496 0.00942935 
0.0102443 0.0103964 0.0108693 0.0116689 0.0128038 0.0142857 0.016129 0.0183505 0.0209692 0.024005 0.0274789 0.031412 0.035825 0.040737 0.0461653 0.0521247 0.0586261 0.0656768 0.073279 0.0814298 0.0901204 0.099336 0.109055 0.11925 0.129887 0.140924 0.152314 0.164004 0.175936 0.188047 0.200268 0.212528 0.224754 0.23687 0.248799 0.260464 0.27179 0.282701 0.293124 0.302991 0.312235 0.320794 0.328611 0.335633 0.341814 0.347113 0.351495 0.35493 0.357396 0.358877 0.359363 0.358851 0.357345 0.354854 0.351394 0.346989 0.341668 0.335466 0.328424 0.32059 0.312016 0.302759 0.292882 0.282451 0.271536 0.260209 0.248546 0.236622 0.224514 0.2123 0.200054 0.18785 0.175759 0.163848 0.152181 0.140815 0.129803 0.119192 0.109022 0.0993275 0.0901355 0.081467 0.0733365 0.0657523 0.0587172 0.0522287 0.0462795 0.0408585 0.0359509 0.0315395 0.0276051 0.0241273 0.0210852 0.018458 0.0162259 0.0143703 0.0128748 0.011725 0.0109098 0.0104212 
0.0112778 0.0114447 0.0119622 0.0128368 0.0140776 0.015697 0.0177105 0.020136 0.0229934 0.0263041 0.0300901 0.0343737 0.0391763 0.0445181 0.0504168 0.0568873 0.0639407 0.0715834 0.0798168 0.0886366 0.0980322 0.107986 0.118475 0.129467 0.140924 0.152801 0.165047 0.177604 0.190409 0.203393 0.216483 0.229603 0.242675 0.255618 0.26835 0.28079 0.292858 0.304474 0.315564 0.326054 0.335874 0.344962 0.353257 0.360704 0.367257 0.372872 0.377513 0.381151 0.383762 0.385329 0.385844 0.385301 0.383706 0.381068 0.377404 0.372737 0.367098 0.360522 0.353053 0.344738 0.335634 0.325798 0.315296 0.304197 0.292574 0.280503 0.268063 0.255335 0.2424 0.229339 0.216232 0.203159 0.190195 0.177413 0.16488 0.15266 0.140809 0.12938 0.118415 0.107954 0.0980258 0.0886549 0.0798578 0.0716449 0.0640203 0.0569822 0.0505239 0.0446344 0.0392987 0.0344991 0.0302156 0.0264267 0.0231105 0.020245 0.0178093 0.0157836 0.0141504 0.0128946 0.012004 0.0114705 
0.0123653 0.0125475 0.0131117 0.0140645 0.0154157 0.0171785 0.0193693 0.0220071 0.0251128 0.0287091 0.0328191 0.0374662 0.0426727 0.0484594 0.0548445 0.061843 0.0694657 0.0777184 0.0866013 0.0961086 0.106228 0.116938 0.128214 0.14002 0.152314 0.165047 0.178163 0.1916 0.205289 0.219156 0.233124 0.247111 0.261034 0.274807 0.288344 0.301559 0.314368 0.326688 0.338441 0.349549 0.359942 0.369553 0.378321 0.386188 0.393107 0.399034 0.403931 0.407767 0.410521 0.412174 0.412716 0.412144 0.410462 0.407679 0.403814 0.398889 0.392936 0.385992 0.3781 0.369311 0.35968 0.34927 0.338147 0.326383 0.314054 0.30124 0.288024 0.27449 0.260723 0.24681 0.232837 0.218886 0.205039 0.191373 0.177961 0.164872 0.152168 0.139903 0.128126 0.11688 0.106198 0.0961061 0.0866242 0.0777643 0.0695322 0.0619272 0.0549432 0.0485693 0.0427905 0.0375886 0.0329429 0.0288311 0.0252301 0.0221169 0.0194694 0.0172666 0.0154901 0.0141237 0.0131547 0.0125743 
0.013503 0.0137013 0.0143139 0.0153478 0.0168135 0.0187249 0.0210993 0.0239567 0.0273193 0.0312108 0.0356555 0.0406775 0.0463003 0.052545 0.0594304 0.0669712 0.075178 0.0840556 0.0936032 0.103813 0.11467 0.126152 0.138229 0.150861 0.164004 0.177604 0.1916 0.205924 0.220503 0.235259 0.250108 0.264964 0.279737 0.294339 0.308677 0.322663 0.336208 0.349225 0.361633 0.373352 0.384309 0.394435 0.403667 0.411946 0.419224 0.425455 0.430602 0.434634 0.437526 0.439262 0.439832 0.439231 0.437464 0.43454 0.430478 0.425302 0.419042 0.411737 0.403431 0.394175 0.384028 0.373051 0.361315 0.348893 0.335866 0.322314 0.308325 0.293988 0.279391 0.264626 0.249784 0.234951 0.220216 0.20566 0.191362 0.177394 0.163824 0.150712 0.138111 0.126066 0.114615 0.103788 0.0936062 0.0840844 0.0752298 0.0670431 0.0595191 0.0526471 0.0464123 0.0407959 0.0357766 0.0313314 0.0274362 0.0240669 0.0212001 0.0188141 0.016889 0.0154082 0.0143579 0.0137289 
0.0146865 0.0149014 0.0155639 0.0166815 0.0182652 0.0203297 0.0228932 0.0259767 0.0296036 0.0337984 0.0385866 0.0439934 0.0500427 0.0567564 0.0641533 0.0722481 0.0810508 0.0905653 0.100789 0.111713 0.123319 0.135582 0.148469 0.161937 0.175936 0.190409 0.205289 0.220503 0.235975 0.251618 0.267346 0.283067 0.298686 0.314109 0.329242 0.343989 0.358259 0.371962 0.385014 0.397332 0.40884 0.419469 0.429153 0.437834 0.445461 0.451988 0.457377 0.461598 0.464625 0.466441 0.467037 0.466409 0.464559 0.4615 0.457247 0.451826 0.445269 0.437613 0.428904 0.419193 0.408541 0.39701 0.384673 0.371605 0.357889 0.34361 0.328858 0.313725 0.298305 0.282693 0.266985 0.251273 0.235649 0.220202 0.205014 0.190163 0.175722 0.161755 0.148321 0.135468 0.123238 0.111664 0.100771 0.0905753 0.0810865 0.0723064 0.0642308 0.0568496 0.0501478 0.0441066 0.0387042 0.0339168 0.0297193 0.0260866 0.0229943 0.0204195 0.0183416 0.0167428 0.0156088 0.0149297 
0.0159103 0.0161422 0.016856 0.0180594 0.0197641 0.0219855 0.0247426 0.0280576 0.0319546 0.0364594 0.0415984 0.0473976 0.0538815 0.0610726 0.0689897 0.0776472 0.0870544 0.0972141 0.108122 0.119768 0.13213 0.14518 0.158882 0.173189 0.188047 0.203393 0.219156 0.235259 0.251618 0.268144 0.284744 0.301321 0.317775 0.334009 0.349922 0.365417 0.380397 0.394771 0.40845 0.421351 0.433396 0.444512 0.454635 0.463704 0.471667 0.47848 0.484102 0.488504 0.491661 0.493555 0.494177 0.493521 0.491593 0.488403 0.483967 0.478312 0.471467 0.463473 0.454374 0.444223 0.43308 0.421011 0.408089 0.394391 0.380002 0.36501 0.349509 0.333593 0.317361 0.300912 0.284346 0.267762 0.251255 0.23492 0.218844 0.20311 0.187797 0.172973 0.158702 0.145036 0.132021 0.119694 0.108082 0.0972042 0.0870727 0.0776907 0.0690548 0.0611557 0.0539786 0.0475046 0.0417115 0.0365747 0.0320684 0.0281664 0.0248435 0.0220756 0.0198411 0.0181214 0.0169016 0.0161713 
0.0171682 0.0174175 0.0181835 0.0194745 0.0213025 0.0236836 0.0266379 0.0301882 0.0343599 0.0391796 0.0446747 0.0508718 0.0577962 0.0654704 0.0739134 0.0831391 0.093156 0.103966 0.115563 0.127932 0.141053 0.154892 0.169409 0.184554 0.200268 0.216483 0.233124 0.250108 0.267346 0.284744 0.302203 0.319622 0.336897 0.353924 0.370601 0.386824 0.402496 0.417522 0.431809 0.445274 0.457836 0.469422 0.479965 0.489407 0.497693 0.504778 0.510624 0.515199 0.51848 0.520448 0.521094 0.520413 0.51841 0.515095 0.510485 0.504605 0.497486 0.489168 0.479695 0.469121 0.457506 0.444918 0.431429 0.417121 0.402078 0.386392 0.370159 0.353478 0.33645 0.319179 0.30177 0.284325 0.266946 0.249731 0.232774 0.216164 0.199982 0.184304 0.169196 0.154717 0.140915 0.127832 0.115498 0.103935 0.0931558 0.0831666 0.073965 0.0655423 0.0578842 0.0509718 0.0447825 0.0392911 0.0344711 0.0302955 0.0267379 0.0237735 0.0213796 0.0195369 0.0182297 0.0174472 
0.018453 0.0187201 0.0195391 0.0209187 0.0228716 0.0254145 0.0285682 0.0323566 0.0368058 0.0419435 0.0477978 0.0543961 0.0617641 0.0699244 0.0788959 0.0886921 0.0993204 0.110781 0.123067 0.13616 0.150037 0.164661 0.179989 0.195966 0.212528 0.229603 0.247111 0.264964 0.283067 0.301321 0.319622 0.337864 0.35594 0.37374 0.391158 0.408088 0.424429 0.440082 0.454955 0.468961 0.482019 0.494054 0.504999 0.514795 0.523387 0.530732 0.536789 0.541529 0.544927 0.546965 0.547634 0.54693 0.544856 0.541423 0.536648 0.530555 0.523176 0.51455 0.504721 0.493743 0.481677 0.468591 0.454559 0.439662 0.423989 0.407632 0.39069 0.373265 0.355462 0.337389 0.319155 0.300866 0.28263 0.26455 0.246725 0.229248 0.212207 0.195681 0.179743 0.164455 0.14987 0.136033 0.122977 0.110728 0.0993007 0.0887026 0.078933 0.0699842 0.0618422 0.0544882 0.0478995 0.0420505 0.0369138 0.0324617 0.028667 0.0255037 0.0229486 0.0209813 0.0195856 0.0187503 
0.019757 0.0200419 0.0209143 0.0223833 0.0244618 0.0271674 0.0305217 0.0345493 0.0392773 0.0447342 0.0509488 0.057949 0.0657609 0.0744074 0.0839069 0.0942723 0.10551 0.117619 0.130589 0.144401 0.159028 0.174429 0.190558 0.207356 0.224754 0.242675 0.261034 0.279737 0.298686 0.317775 0.336897 0.35594 0.374791 0.393339 0.411472 0.429083 0.446065 0.462321 0.477754 0.492275 0.505805 0.518266 0.529592 0.539722 0.548604 0.556193 0.56245 0.567344 0.570851 0.572955 0.573646 0.57292 0.57078 0.567237 0.562307 0.556015 0.548391 0.539473 0.529308 0.517948 0.505454 0.491894 0.477344 0.461885 0.445607 0.428606 0.410981 0.392838 0.374285 0.355434 0.336398 0.317287 0.298215 0.279288 0.260611 0.242284 0.224397 0.207037 0.190279 0.174191 0.158831 0.144246 0.130474 0.117543 0.10547 0.0942651 0.0839288 0.0744543 0.0658284 0.0580325 0.0510437 0.044836 0.0393815 0.0346519 0.0306188 0.0272557 0.0245383 0.0224458 0.0209611 0.0200726 
0.0210716 0.0213744 0.0223002 0.0238585 0.0260627 0.028931 0.0324857 0.0367522 0.0417584 0.0475336 0.0541071 0.0615075 0.069761 0.0788906 0.0889141 0.099844 0.111685 0.124435 0.138081 0.152603 0.167968 0.184135 0.201051 0.218653 0.23687 0.255618 0.274807 0.294339 0.314109 0.334009 0.353924 0.37374 0.393339 0.412605 0.431424 0.449686 0.467281 0.484109 0.500073 0.515084 0.529058 0.541921 0.553604 0.564049 0.573202 0.581018 0.587461 0.592498 0.596108 0.598274 0.598985 0.598239 0.596037 0.592392 0.587318 0.580839 0.572987 0.563798 0.553317 0.541598 0.528701 0.514694 0.499653 0.48366 0.466807 0.44919 0.430912 0.41208 0.392807 0.373206 0.353394 0.333489 0.313605 0.293855 0.274349 0.255191 0.236478 0.2183 0.200739 0.183865 0.167742 0.15242 0.137941 0.124336 0.111624 0.0998185 0.0889201 0.0789238 0.0698171 0.0615816 0.0541945 0.0476295 0.0418583 0.0368516 0.0325806 0.0290179 0.0261385 0.0239208 0.022347 0.0214054 
0.0223876 0.0227082 0.0236871 0.0253342 0.0276633 0.0306931 0.0344467 0.0389501 0.0442321 0.0503225 0.0572513 0.0650474 0.0737374 0.0833438 0.0938842 0.10537 0.117805 0.131185 0.145495 0.160712 0.1768 0.193715 0.211399 0.229786 0.248799 0.26835 0.288344 0.308677 0.329242 0.349922 0.370601 0.391158 0.411472 0.431424 0.450897 0.469776 0.487952 0.505322 0.521786 0.537256 0.551647 0.564886 0.576903 0.587639 0.597044 0.605071 0.611686 0.616856 0.620561 0.622783 0.623513 0.622748 0.620491 0.616751 0.611544 0.604894 0.596829 0.587388 0.576615 0.564561 0.551287 0.53686 0.521358 0.504862 0.487465 0.469265 0.450366 0.430878 0.410916 0.390598 0.370043 0.349372 0.328705 0.308161 0.287852 0.267889 0.248373 0.2294 0.211055 0.193414 0.176545 0.160502 0.14533 0.131062 0.117723 0.105326 0.0938739 0.083363 0.0737816 0.0651118 0.0573308 0.0504121 0.0443271 0.0390459 0.0345391 0.0307783 0.0277381 0.025396 0.0237339 0.0227395 
0.0236953 0.0240335 0.0250649 0.0267995 0.0292517 0.0324408 0.0363903 0.0411272 0.0466805 0.053081 0.0603591 0.0685439 0.0776621 0.087736 0.0987827 0.110813 0.123828 0.137823 0.152781 0.168674 0.185466 0.203107 0.221536 0.240682 0.260464 0.28079 0.301559 0.322663 0.343989 0.365417 0.386824 0.408088 0.429083 0.449686 0.469776 0.489239 0.507961 0.525837 0.54277 0.558668 0.573448 0.587034 0.59936 0.610367 0.620002 0.628224 0.634996 0.640288 0.64408 0.646354 0.647101 0.646319 0.644011 0.640185 0.634857 0.628049 0.61979 0.610117 0.599073 0.58671 0.573086 0.55827 0.542336 0.52537 0.507463 0.488714 0.46923 0.449121 0.428506 0.407504 0.38624 0.364838 0.343423 0.322116 0.301036 0.280297 0.260006 0.240263 0.22116 0.202775 0.185181 0.168436 0.152589 0.137677 0.123725 0.110749 0.0987557 0.0877408 0.0776941 0.0685981 0.0604302 0.053164 0.0467704 0.041219 0.0364799 0.0325241 0.0293253 0.0268606 0.0251114 0.024065 
0.0249846 0.0253401 0.0264228 0.0282432 0.030816 0.0341609 0.0383021 0.043267 0.0490856 0.0557888 0.0634076 0.0719714 0.0815066 0.0920355 0.103574 0.116133 0.129712 0.144302 0.159887 0.176435 0.193906 0.212246 0.231393 0.251269 0.27179 0.292858 0.314368 0.336208 0.358259 0.380397 0.402496 0.424429 0.446065 0.467281 0.487952 0.507961 0.527193 0.545543 0.56291 0.579205 0.594343 0.60825 0.620859 0.632112 0.641959 0.650357 0.657272 0.662675 0.666545 0.668866 0.66963 0.668833 0.666478 0.662574 0.657136 0.650186 0.641751 0.631866 0.620575 0.607927 0.593981 0.578805 0.562473 0.54507 0.526688 0.507426 0.487393 0.466701 0.44547 0.423824 0.401889 0.379793 0.357665 0.335631 0.313815 0.292334 0.2713 0.250819 0.230986 0.211885 0.193592 0.17617 0.15967 0.144133 0.129587 0.116051 0.103531 0.0920259 0.0815262 0.0720151 0.0634701 0.0558648 0.0491699 0.0433547 0.0383885 0.0342419 0.0308881 0.0283035 0.026469 0.0253717 
0.0262452 0.0266174 0.0277501 0.0296538 0.0323436 0.0358397 0.0401668 0.045353 0.0514286 0.058425 0.0663736 0.0753039 0.0852423 0.0962105 0.108224 0.121292 0.135413 0.150577 0.166763 0.183939 0.202061 0.221072 0.240904 0.261477 0.282701 0.304474 0.326688 0.349225 0.371962 0.394771 0.417522 0.440082 0.462321 0.484109 0.505322 0.525837 0.545543 0.564329 0.582098 0.598756 0.614222 0.628422 0.641288 0.652765 0.662804 0.671362 0.678406 0.683908 0.687848 0.690212 0.69099 0.69018 0.687784 0.683811 0.678274 0.671195 0.662601 0.652525 0.641009 0.628103 0.613864 0.598358 0.58166 0.563854 0.545033 0.525295 0.504751 0.483516 0.461709 0.439459 0.416893 0.394144 0.371343 0.348622 0.326107 0.303921 0.282182 0.260997 0.240467 0.220682 0.20172 0.183649 0.166523 0.150385 0.135268 0.121191 0.108164 0.0961864 0.0852494 0.0753371 0.0664274 0.0584939 0.0515072 0.0454363 0.0402499 0.0359184 0.032414 0.0297131 0.0277958 0.0266492 
0.0274665 0.0278549 0.0290356 0.0310195 0.0338219 0.0374636 0.0419696 0.0473684 0.0536908 0.0609689 0.0692339 0.0785157 0.0888404 0.100229 0.112697 0.126252 0.140891 0.156601 0.173361 0.191135 0.209875 0.229522 0.250003 0.271236 0.293124 0.315564 0.338441 0.361633 0.385014 0.40845 0.431809 0.454955 0.477754 0.500073 0.521786 0.54277 0.56291 0.582098 0.600232 0.617223 0.632987 0.647451 0.66055 0.672228 0.682438 0.691139 0.698298 0.703889 0.707892 0.710294 0.711085 0.710263 0.707831 0.703796 0.698172 0.690978 0.682241 0.671994 0.660277 0.647137 0.632633 0.616827 0.599796 0.581622 0.562397 0.542223 0.521208 0.499469 0.477129 0.454316 0.431162 0.407802 0.384372 0.361005 0.337833 0.314984 0.292578 0.270728 0.249539 0.229105 0.209508 0.190819 0.173097 0.156388 0.140726 0.126133 0.112621 0.100191 0.0888352 0.0785384 0.069279 0.0610306 0.0537637 0.0474471 0.0420492 0.0375397 0.0338907 0.0310777 0.0290809 0.0278867 
0.028638 0.0290418 0.0302684 0.0323287 0.0352385 0.0390189 0.0436952 0.0492964 0.0558539 0.0633998 0.0719657 0.0815813 0.0922726 0.104061 0.116959 0.130974 0.146103 0.162331 0.179632 0.197969 0.217292 0.237537 0.258629 0.28048 0.302991 0.326054 0.349549 0.373352 0.397332 0.421351 0.445274 0.468961 0.492275 0.515084 0.537256 0.558668 0.579205 0.598756 0.617223 0.634513 0.650545 0.665246 0.678553 0.690411 0.700773 0.7096 0.716861 0.722531 0.726589 0.729024 0.729827 0.728995 0.726531 0.722442 0.716741 0.709447 0.700584 0.690185 0.678288 0.66494 0.650197 0.634123 0.61679 0.598282 0.578691 0.558118 0.536672 0.514471 0.49164 0.468308 0.44461 0.420685 0.396669 0.372702 0.348918 0.325449 0.302419 0.279946 0.258139 0.237094 0.2169 0.19763 0.179345 0.162096 0.145919 0.130838 0.116867 0.104008 0.0922554 0.0815937 0.072002 0.0634543 0.055921 0.0493706 0.0437713 0.0390924 0.0353055 0.0323858 0.0303131 0.0290736 
0.0297493 0.0301677 0.0314375 0.03357 0.036581 0.0404921 0.0453289 0.0511209 0.0578996 0.0656975 0.0745464 0.0844758 0.0955116 0.107674 0.120976 0.135424 0.151011 0.167722 0.185529 0.204392 0.224258 0.245061 0.26672 0.289146 0.312235 0.335874 0.359942 0.384309 0.40884 0.433396 0.457836 0.482019 0.505805 0.529058 0.551647 0.573448 0.594343 0.614222 0.632987 0.650545 0.666816 0.681728 0.695219 0.707236 0.717732 0.72667 0.73402 0.739757 0.743864 0.746328 0.747141 0.746301 0.743809 0.739673 0.733905 0.726523 0.71755 0.707018 0.694962 0.68143 0.666475 0.650161 0.632559 0.613751 0.59383 0.572896 0.55106 0.528439 0.50516 0.481354 0.457159 0.432713 0.40816 0.383639 0.359289 0.335247 0.311639 0.288588 0.266206 0.244594 0.223843 0.204031 0.185221 0.167467 0.150808 0.135271 0.120869 0.107609 0.0954828 0.0844783 0.0745744 0.0657451 0.0579611 0.0511906 0.0454016 0.040563 0.0366461 0.0336259 0.0314816 0.0301993 
