6.98831e-12 7.28365e-12 1.13425e-11 2.10566e-11 4.07094e-11 7.8548e-11 1.49612e-10 2.80564e-10 5.17679e-10 9.39703e-10 1.6781e-09 2.9482e-09 5.09597e-09 8.66669e-09 1.45033e-08 2.38839e-08 3.87085e-08 6.17462e-08 9.69535e-08 1.49869e-07 2.28088e-07 3.4181e-07 5.04435e-07 7.3318e-07 1.04965e-06 1.48032e-06 2.05674e-06 2.81552e-06 3.79777e-06 5.04807e-06 6.61277e-06 8.53763e-06 1.08648e-05 1.36293e-05 1.68552e-05 2.05516e-05 2.47092e-05 2.92976e-05 3.42635e-05 3.95302e-05 4.49994e-05 5.05538e-05 5.60618e-05 6.13827e-05 6.63735e-05 7.08947e-05 7.48168e-05 7.80255e-05 8.04266e-05 8.19494e-05 8.25489e-05 8.22075e-05 8.09357e-05 7.87715e-05 7.57796e-05 7.20485e-05 6.76878e-05 6.28236e-05 5.75933e-05 5.21392e-05 4.66026e-05 4.11172e-05 3.58035e-05 3.0764e-05 2.60803e-05 2.18112e-05 1.79927e-05 1.46393e-05 1.17468e-05 9.29524e-06 7.253e-06 5.5804e-06 4.23331e-06 3.1662e-06 2.33461e-06 1.69701e-06 1.21596e-06 8.58801e-07 5.97822e-07 4.10134e-07 2.77282e-07 1.84724e-07 1.21255e-07 7.84181e-08 4.99621e-08 3.13575e-08 1.93861e-08 1.18049e-08 7.08e-09 4.18203e-09 2.4328e-09 1.39375e-09 7.86343e-10 4.36913e-10 2.39086e-10 1.28876e-10 6.84842e-11 3.59905e-11 1.89504e-11 1.0521e-11 
7.28365e-12 7.60287e-12 1.19137e-11 2.22585e-11 4.32733e-11 8.39184e-11 1.60602e-10 3.0254e-10 5.60644e-10 1.0219e-09 1.83206e-09 3.23069e-09 5.60398e-09 9.56244e-09 1.60525e-08 2.65128e-08 4.30871e-08 6.89067e-08 1.08453e-07 1.68013e-07 2.56217e-07 3.84674e-07 5.68651e-07 8.27784e-07 1.18674e-06 1.67575e-06 2.33089e-06 3.19401e-06 4.31214e-06 5.73631e-06 7.51954e-06 9.71419e-06 1.23685e-05 1.55225e-05 1.92037e-05 2.34224e-05 2.8168e-05 3.34054e-05 3.90733e-05 4.50842e-05 5.13253e-05 5.76626e-05 6.39455e-05 7.00135e-05 7.57034e-05 8.08562e-05 8.53246e-05 8.89787e-05 9.17115e-05 9.34427e-05 9.41214e-05 9.37278e-05 9.22739e-05 8.9803e-05 8.63886e-05 8.21315e-05 7.71565e-05 7.16072e-05 6.564e-05 5.94174e-05 5.31007e-05 4.68425e-05 4.07803e-05 3.50315e-05 2.96893e-05 2.48208e-05 2.04671e-05 1.66448e-05 1.3349e-05 1.05567e-05 8.2317e-06 6.32858e-06 4.79679e-06 3.58424e-06 2.64008e-06 1.91682e-06 1.37171e-06 9.6744e-07 6.72412e-07 4.60533e-07 3.10787e-07 2.06637e-07 1.3535e-07 8.73325e-08 5.55047e-08 3.47445e-08 2.14198e-08 1.30045e-08 7.77484e-09 4.57716e-09 2.65332e-09 1.51448e-09 8.51165e-10 4.71023e-10 2.56668e-10 1.37747e-10 7.28621e-11 3.81051e-11 1.99574e-11 1.10161e-11 
1.13425e-11 1.19137e-11 1.87578e-11 3.512e-11 6.83391e-11 1.32582e-10 2.53775e-10 4.78043e-10 8.85687e-10 1.61374e-09 2.89153e-09 5.09531e-09 8.83052e-09 1.50523e-08 2.52378e-08 4.16269e-08 6.75478e-08 1.07847e-07 1.69442e-07 2.61997e-07 3.98743e-07 5.97401e-07 8.81194e-07 1.27987e-06 1.83065e-06 2.57894e-06 3.57872e-06 4.89228e-06 6.58932e-06 8.74502e-06 1.14371e-05 1.47416e-05 1.87281e-05 2.34535e-05 2.89555e-05 3.52464e-05 4.23073e-05 5.00834e-05 5.84818e-05 6.73711e-05 7.65839e-05 8.59224e-05 9.51656e-05 0.000104079 0.000112424 0.000119971 0.000126507 0.000131844 0.000135828 0.000138344 0.000139319 0.000138726 0.000136583 0.000132951 0.000127937 0.000121687 0.000114382 0.000106229 9.74554e-05 8.82985e-05 7.89932e-05 6.97631e-05 6.08104e-05 5.23083e-05 4.43953e-05 3.71721e-05 3.07014e-05 2.501e-05 2.00931e-05 1.5919e-05 1.24363e-05 9.57936e-06 7.27483e-06 5.4465e-06 4.01964e-06 2.92413e-06 2.09658e-06 1.48146e-06 1.03156e-06 7.07755e-07 4.78427e-07 3.18602e-07 2.08997e-07 1.35037e-07 8.59302e-08 5.38498e-08 3.32303e-08 2.01914e-08 1.20798e-08 7.11521e-09 4.12608e-09 2.35559e-09 1.32394e-09 7.32559e-10 3.9907e-10 2.14076e-10 1.1317e-10 5.91437e-11 3.0957e-11 1.70916e-11 
2.10566e-11 2.22585e-11 3.512e-11 6.5693e-11 1.27587e-10 2.46988e-10 4.71667e-10 8.86349e-10 1.63805e-09 2.97679e-09 5.31941e-09 9.34733e-09 1.61526e-08 2.74508e-08 4.5884e-08 7.54398e-08 1.22016e-07 1.94162e-07 3.04011e-07 4.68441e-07 7.10423e-07 1.06057e-06 1.55876e-06 2.25581e-06 3.2149e-06 4.51271e-06 6.23975e-06 8.49989e-06 1.14085e-05 1.50892e-05 1.96686e-05 2.52697e-05 3.20031e-05 3.99577e-05 4.91897e-05 5.97128e-05 7.14892e-05 8.44223e-05 9.83533e-05 0.000113062 0.00012827 0.000143652 0.000158846 0.000173469 0.000187137 0.000199477 0.000210145 0.000218843 0.000225322 0.000229401 0.000230964 0.000229966 0.000226438 0.000220479 0.000212262 0.000202019 0.000190042 0.000176666 0.000162258 0.000147202 0.000131881 0.000116658 0.000101867 8.77921e-05 7.46648e-05 6.26543e-05 5.18689e-05 4.23578e-05 3.41184e-05 2.71037e-05 2.12333e-05 1.64028e-05 1.24937e-05 9.38208e-06 6.94552e-06 5.06834e-06 3.64536e-06 2.58395e-06 1.80489e-06 1.2422e-06 8.42292e-07 5.62621e-07 3.70173e-07 2.39875e-07 1.53079e-07 9.61958e-08 5.95213e-08 3.62604e-08 2.17476e-08 1.28406e-08 7.46343e-09 4.27032e-09 2.40517e-09 1.33351e-09 7.27843e-10 3.91159e-10 2.07151e-10 1.08453e-10 5.68882e-11 3.15157e-11 
4.07094e-11 4.32733e-11 6.83391e-11 1.27587e-10 2.47139e-10 4.77066e-10 9.08389e-10 1.70195e-09 3.13578e-09 5.68083e-09 1.01191e-08 1.77235e-08 3.05251e-08 5.17003e-08 8.61176e-08 1.4109e-07 2.27379e-07 3.60501e-07 5.6237e-07 8.6329e-07 1.30429e-06 1.93971e-06 2.83997e-06 4.09422e-06 5.81266e-06 8.12817e-06 1.11966e-05 1.51956e-05 2.03212e-05 2.67815e-05 3.47881e-05 4.45442e-05 5.623e-05 6.99867e-05 8.58991e-05 0.000103979 0.00012415 0.000146239 0.000169967 0.000194955 0.000220731 0.000246742 0.000272383 0.000297013 0.000319993 0.000340706 0.000358586 0.000373138 0.00038396 0.000390751 0.000393324 0.000391608 0.000385651 0.000375622 0.0003618 0.000344573 0.000324419 0.000301893 0.000277604 0.000252189 0.000226287 0.000200509 0.000175413 0.000151484 0.000129114 0.000108599 9.01274e-05 7.37939e-05 5.96029e-05 4.74846e-05 3.73107e-05 2.89112e-05 2.20908e-05 1.66426e-05 1.2361e-05 9.05031e-06 6.53128e-06 4.64525e-06 3.2557e-06 2.2483e-06 1.52962e-06 1.02514e-06 6.76704e-07 4.39934e-07 2.81645e-07 1.77542e-07 1.10192e-07 6.73304e-08 4.05006e-08 2.39814e-08 1.39778e-08 8.01932e-09 4.52865e-09 2.51731e-09 1.37742e-09 7.42067e-10 3.93936e-10 2.06757e-10 1.08765e-10 6.05052e-11 
7.8548e-11 8.39184e-11 1.32582e-10 2.46988e-10 4.77066e-10 9.18165e-10 1.74298e-09 3.25553e-09 5.97929e-09 1.07974e-08 1.91701e-08 3.34641e-08 5.7439e-08 9.69469e-08 1.60915e-07 2.62688e-07 4.21801e-07 6.66278e-07 1.03548e-06 1.58353e-06 2.38331e-06 3.53079e-06 5.14954e-06 7.39512e-06 1.04586e-05 1.45688e-05 1.99924e-05 2.70314e-05 3.60162e-05 4.7295e-05 6.12186e-05 7.81198e-05 9.82894e-05 0.000121949 0.000149223 0.000180111 0.000214466 0.000251976 0.00029216 0.000334368 0.0003778 0.000421532 0.00046455 0.000505795 0.000544208 0.000578774 0.000608566 0.000632777 0.000650749 0.000661995 0.000666211 0.000663284 0.000653295 0.000636519 0.000613414 0.000584614 0.000550903 0.000513192 0.000472485 0.000429833 0.000386295 0.000342889 0.000300549 0.00026009 0.00022218 0.000187325 0.000155859 0.000127956 0.00010364 8.28106e-05 6.5266e-05 5.07321e-05 3.88889e-05 2.93945e-05 2.19056e-05 1.6093e-05 1.16535e-05 8.31692e-06 5.84917e-06 4.05318e-06 2.767e-06 1.86072e-06 1.23241e-06 8.03859e-07 5.1631e-07 3.26513e-07 2.03289e-07 1.24599e-07 7.51753e-08 4.4645e-08 2.60969e-08 1.50147e-08 8.50249e-09 4.739e-09 2.59993e-09 1.40432e-09 7.47418e-10 3.93323e-10 2.0754e-10 1.15948e-10 
1.49612e-10 1.60602e-10 2.53775e-10 4.71667e-10 9.08389e-10 1.74298e-09 3.29853e-09 6.14158e-09 1.12438e-08 2.02379e-08 3.58118e-08 6.23032e-08 1.06571e-07 1.79243e-07 2.96451e-07 4.82188e-07 7.71404e-07 1.21396e-06 1.8795e-06 2.86328e-06 4.29276e-06 6.33481e-06 9.20305e-06 1.31646e-05 1.85453e-05 2.57332e-05 3.51772e-05 4.73815e-05 6.28939e-05 8.2287e-05 0.000106131 0.000134962 0.000169237 0.000209297 0.000255315 0.000307258 0.000364847 0.000427537 0.000494504 0.000564659 0.000636671 0.000709012 0.000780022 0.000847972 0.000911143 0.000967895 0.00101673 0.00105636 0.00108572 0.00110405 0.00111085 0.00110595 0.00108948 0.00106188 0.0010239 0.000976537 0.000921069 0.000858964 0.000791843 0.000721416 0.000649407 0.000577483 0.000507182 0.000439854 0.000376615 0.000318318 0.000265544 0.000218608 0.000177578 0.000142317 0.000112516 8.7742e-05 6.74814e-05 5.11786e-05 3.82704e-05 2.8213e-05 2.05016e-05 1.4683e-05 1.03626e-05 7.20592e-06 4.93642e-06 3.33103e-06 2.21377e-06 1.44883e-06 9.33649e-07 5.92362e-07 3.69987e-07 2.27482e-07 1.37671e-07 8.20056e-08 4.80771e-08 2.77405e-08 1.57532e-08 8.80454e-09 4.84345e-09 2.62308e-09 1.39977e-09 7.38624e-10 3.90961e-10 2.19367e-10 
2.80564e-10 3.0254e-10 4.78043e-10 8.86349e-10 1.70195e-09 3.25553e-09 6.14158e-09 1.13986e-08 2.08003e-08 3.73148e-08 6.58076e-08 1.14095e-07 1.94481e-07 3.25936e-07 5.37119e-07 8.70432e-07 1.38732e-06 2.17495e-06 3.35441e-06 5.09035e-06 7.60176e-06 1.11736e-05 1.61682e-05 2.30358e-05 3.23223e-05 4.46722e-05 6.08265e-05 8.16109e-05 0.000107915 0.00014066 0.000180754 0.000229036 0.000286214 0.000352789 0.00042899 0.000514703 0.000609422 0.00071221 0.00082169 0.000936067 0.00105317 0.00117053 0.00128548 0.00139525 0.00149711 0.00158847 0.00166697 0.00173056 0.00177761 0.00180689 0.00181765 0.00180962 0.00178301 0.00173851 0.00167728 0.00160094 0.00151146 0.00141117 0.00130264 0.0011886 0.0010718 0.000954898 0.000840391 0.000730467 0.000626956 0.000531273 0.000444402 0.000366901 0.000298934 0.000240324 0.000190614 0.000149139 0.000115092 8.759e-05 6.57291e-05 4.86282e-05 3.54634e-05 2.54898e-05 1.80542e-05 1.25993e-05 8.66185e-06 5.86546e-06 3.91167e-06 2.56881e-06 1.66097e-06 1.05731e-06 6.62543e-07 4.08657e-07 2.48089e-07 1.48231e-07 8.71635e-08 5.04411e-08 2.87267e-08 1.61007e-08 8.88158e-09 4.82308e-09 2.58071e-09 1.36558e-09 7.25122e-10 4.08647e-10 
5.17679e-10 5.60644e-10 8.85687e-10 1.63805e-09 3.13578e-09 5.97929e-09 1.12438e-08 2.08003e-08 3.78313e-08 6.76393e-08 1.18879e-07 2.0539e-07 3.48856e-07 5.82547e-07 9.56472e-07 1.54423e-06 2.4519e-06 3.82914e-06 5.88264e-06 8.8917e-06 1.32256e-05 1.93617e-05 2.7903e-05 3.95937e-05 5.53295e-05 7.61606e-05 0.000103284 0.000138025 0.000181795 0.000236045 0.000302184 0.000381498 0.000475044 0.000583539 0.000707254 0.000845915 0.00099862 0.0011638 0.00133919 0.00152191 0.00170849 0.00189501 0.00207728 0.00225099 0.00241187 0.00255591 0.00267947 0.00277942 0.00285324 0.00289906 0.00291574 0.00290287 0.00286077 0.00279053 0.00269391 0.00257338 0.00243201 0.0022734 0.00210153 0.00192062 0.00173499 0.00154883 0.00136606 0.00119016 0.00102408 0.000870122 0.00072991 0.000604416 0.000493986 0.000398419 0.000317066 0.00024893 0.000192777 0.000147238 0.000110891 8.23405e-05 6.027e-05 4.34796e-05 3.09095e-05 2.16495e-05 1.49377e-05 1.01516e-05 6.79409e-06 4.47732e-06 2.90495e-06 1.85543e-06 1.16652e-06 7.21851e-07 4.39621e-07 2.6349e-07 1.55412e-07 9.02057e-08 5.15237e-08 2.89609e-08 1.60207e-08 8.72403e-09 4.68091e-09 2.48394e-09 1.32328e-09 7.49055e-10 
9.39703e-10 1.0219e-09 1.61374e-09 2.97679e-09 5.68083e-09 1.07974e-08 2.02379e-08 3.73148e-08 6.76393e-08 1.2052e-07 2.11081e-07 3.63398e-07 6.15008e-07 1.02322e-06 1.67374e-06 2.69202e-06 4.25787e-06 6.62351e-06 1.01352e-05 1.5258e-05 2.26027e-05 3.29537e-05 4.72953e-05 6.68329e-05 9.3007e-05 0.000127493 0.000172187 0.000229164 0.00030062 0.000388781 0.000495788 0.000623554 0.000773611 0.000946942 0.00114382 0.00136365 0.00160488 0.00186494 0.00214022 0.00242612 0.00271725 0.00300755 0.00329057 0.0035597 0.00380847 0.0040308 0.0042212 0.00437498 0.00448835 0.00455855 0.00458387 0.00456371 0.00449856 0.00439003 0.00424079 0.00405454 0.00383591 0.00359032 0.0033238 0.0030428 0.00275389 0.00246351 0.00217773 0.00190198 0.00164088 0.00139809 0.00117627 0.000977056 0.000801129 0.000648314 0.000517723 0.000407913 0.000317046 0.000243044 0.000183731 0.000136941 0.000100615 7.28592e-05 5.19906e-05 3.65515e-05 2.53134e-05 1.7266e-05 1.15974e-05 7.66993e-06 4.99382e-06 3.20061e-06 2.01905e-06 1.25354e-06 7.65915e-07 4.60517e-07 2.72471e-07 1.58633e-07 9.08795e-08 5.12323e-08 2.84224e-08 1.55212e-08 8.35147e-09 4.44467e-09 2.37572e-09 1.35085e-09 
1.6781e-09 1.83206e-09 2.89153e-09 5.31941e-09 1.01191e-08 1.91701e-08 3.58118e-08 6.58076e-08 1.18879e-07 2.11081e-07 3.68383e-07 6.31926e-07 1.06554e-06 1.76619e-06 2.8781e-06 4.61124e-06 7.26486e-06 1.12562e-05 1.71547e-05 2.57199e-05 3.79431e-05 5.50885e-05 7.87308e-05 0.000110784 0.000153518 0.000209551 0.000281818 0.000373504 0.000487942 0.000628471 0.000798253 0.00100006 0.00123605 0.00150748 0.00181452 0.00215603 0.0025294 0.00293049 0.00335363 0.00379175 0.00423659 0.00467896 0.00510917 0.00551734 0.00589387 0.00622975 0.00651691 0.00674847 0.0069189 0.00702416 0.00706179 0.00703091 0.00693226 0.00676819 0.00654263 0.00626098 0.00593006 0.00555785 0.0051533 0.00472597 0.00428569 0.00384214 0.0034045 0.00298104 0.00257886 0.0022037 0.00185977 0.00154979 0.00127501 0.0010354 0.000829805 0.000656207 0.000511943 0.000393946 0.000298952 0.000223682 0.000164984 0.000119935 8.5913e-05 6.06318e-05 4.21495e-05 2.88574e-05 1.94548e-05 1.29133e-05 8.43783e-06 5.42693e-06 3.4353e-06 2.14005e-06 1.3119e-06 7.91362e-07 4.6971e-07 2.74319e-07 1.57635e-07 8.91316e-08 4.95934e-08 2.71611e-08 1.46567e-08 7.82356e-09 4.196e-09 2.39674e-09 
2.9482e-09 3.23069e-09 5.09531e-09 9.34733e-09 1.77235e-08 3.34641e-08 6.23032e-08 1.14095e-07 2.0539e-07 3.63398e-07 6.31926e-07 1.08004e-06 1.81435e-06 2.99598e-06 4.8633e-06 7.76138e-06 1.21791e-05 1.87942e-05 2.85251e-05 4.25897e-05 6.25661e-05 9.0452e-05 0.000128718 0.000180342 0.000248827 0.000338178 0.000452843 0.000597599 0.000777389 0.000997099 0.00126128 0.00157383 0.00193764 0.00235425 0.00282354 0.00334337 0.00390951 0.00451543 0.00515245 0.00580988 0.00647536 0.0071353 0.00777543 0.00838135 0.0089391 0.00943568 0.0098595 0.0102007 0.0104514 0.0106058 0.0106606 0.0106144 0.0104683 0.0102257 0.00989209 0.00947536 0.0089852 0.00843313 0.00783208 0.00719594 0.00653906 0.00587567 0.00521932 0.00458236 0.0039755 0.00340749 0.0028849 0.00241212 0.00199138 0.00162298 0.00130554 0.00103634 0.000811638 0.000627015 0.000477703 0.000358849 0.000265734 0.000193943 0.000139476 9.88192e-05 6.89626e-05 4.73957e-05 3.20734e-05 2.13681e-05 1.40133e-05 9.04519e-06 5.74582e-06 3.59175e-06 2.20928e-06 1.33709e-06 7.96206e-07 4.6648e-07 2.68896e-07 1.52507e-07 8.51111e-08 4.67512e-08 2.53024e-08 1.35473e-08 7.29106e-09 4.18384e-09 
5.09597e-09 5.60398e-09 8.83052e-09 1.61526e-08 3.05251e-08 5.7439e-08 1.06571e-07 1.94481e-07 3.48856e-07 6.15008e-07 1.06554e-06 1.81435e-06 3.03636e-06 4.99454e-06 8.07574e-06 1.28368e-05 2.0062e-05 3.08314e-05 4.65998e-05 6.92824e-05 0.000101343 0.000145879 0.000206687 0.000288311 0.000396044 0.000535883 0.000714422 0.000938663 0.00121576 0.00155269 0.00195581 0.00243042 0.00298027 0.00360704 0.00430992 0.00508523 0.00592615 0.00682273 0.00776189 0.00872785 0.00970252 0.0106663 0.0115985 0.0124788 0.0132873 0.0140057 0.0146177 0.0151096 0.0154705 0.0156922 0.0157702 0.0157026 0.015491 0.01514 0.0146575 0.0140542 0.0133439 0.0125426 0.0116686 0.0107417 0.00978231 0.00881084 0.00784691 0.00690854 0.00601151 0.00516891 0.00439076 0.00368398 0.00305239 0.00249701 0.00201634 0.00160685 0.00126347 0.000980005 0.000749673 0.000565451 0.000420436 0.000308098 0.000222468 0.00015825 0.000110875 7.64984e-05 5.1967e-05 3.47528e-05 2.28759e-05 1.48197e-05 9.44778e-06 5.92665e-06 3.65805e-06 2.2214e-06 1.32718e-06 7.80091e-07 4.51106e-07 2.5665e-07 1.43671e-07 7.91568e-08 4.29699e-08 2.30785e-08 1.24647e-08 7.18604e-09 
8.66669e-09 9.56244e-09 1.50523e-08 2.74508e-08 5.17003e-08 9.69469e-08 1.79243e-07 3.25936e-07 5.82547e-07 1.02322e-06 1.76619e-06 2.99598e-06 4.99454e-06 8.18339e-06 1.31791e-05 2.08642e-05 3.24735e-05 4.96971e-05 7.47959e-05 0.000110725 0.00016126 0.000231106 0.000325986 0.00045269 0.000619051 0.00083386 0.00110667 0.00144752 0.0018665 0.0023733 0.00297657 0.00368325 0.00449794 0.00542217 0.00645386 0.00758681 0.00881045 0.0101098 0.0114657 0.0128554 0.0142529 0.0156305 0.0169593 0.0182108 0.0193576 0.0203745 0.0212392 0.021933 0.0224411 0.0227526 0.0228613 0.0227647 0.022465 0.0219685 0.0212857 0.0204314 0.0194241 0.0182862 0.0170426 0.0157208 0.0143491 0.0129563 0.0115701 0.0102161 0.00891727 0.00769261 0.00655714 0.00552151 0.00459204 0.00377103 0.00305718 0.00244617 0.00193132 0.00150424 0.0011555 0.000875201 0.000653468 0.000480858 0.000348647 0.000249021 0.000175177 0.000121346 8.27566e-05 5.5557e-05 3.6709e-05 2.38699e-05 1.5273e-05 9.61524e-06 5.9556e-06 3.6291e-06 2.17554e-06 1.28299e-06 7.44336e-07 4.2483e-07 2.38563e-07 1.31845e-07 7.1792e-08 3.86813e-08 2.09674e-08 1.21449e-08 
1.45033e-08 1.60525e-08 2.52378e-08 4.5884e-08 8.61176e-08 1.60915e-07 2.96451e-07 5.37119e-07 9.56472e-07 1.67374e-06 2.8781e-06 4.8633e-06 8.07574e-06 1.31791e-05 2.11388e-05 3.33277e-05 5.16552e-05 7.87173e-05 0.000117962 0.000173866 0.000252098 0.000359672 0.000505045 0.000698152 0.000950349 0.00127424 0.00168336 0.00219175 0.00281331 0.00356111 0.00444652 0.00547832 0.00666174 0.00799763 0.00948166 0.0111038 0.0128481 0.0146925 0.0166095 0.0185669 0.0205285 0.0224558 0.0243095 0.0260507 0.0276422 0.0290504 0.0302456 0.0312029 0.0319027 0.0323309 0.0324791 0.0323443 0.0319292 0.0312422 0.0302973 0.0291139 0.0277168 0.0261356 0.0244041 0.0225591 0.0206395 0.0186846 0.0167326 0.0148193 0.0129771 0.0112331 0.00960941 0.00812197 0.00678093 0.0055908 0.004551 0.0036566 0.00289918 0.00226769 0.00174942 0.00133073 0.000997835 0.000737386 0.0005369 0.000385082 0.000272008 0.000189187 0.00012954 8.73068e-05 5.79107e-05 3.77992e-05 2.42758e-05 1.53389e-05 9.5349e-06 5.83064e-06 3.50737e-06 2.07542e-06 1.20807e-06 6.91753e-07 3.89698e-07 2.16051e-07 1.18014e-07 6.37921e-08 3.47062e-08 2.01986e-08 
2.38839e-08 2.65128e-08 4.16269e-08 7.54398e-08 1.4109e-07 2.62688e-07 4.82188e-07 8.70432e-07 1.54423e-06 2.69202e-06 4.61124e-06 7.76138e-06 1.28368e-05 2.08642e-05 3.33277e-05 5.23253e-05 8.07559e-05 0.000122533 0.00018282 0.000268266 0.000387227 0.000549952 0.000768687 0.00105768 0.00143304 0.00191246 0.00251467 0.00325882 0.00416356 0.00524603 0.00652066 0.00799801 0.00968347 0.0115762 0.0136684 0.0159442 0.01838 0.0209443 0.0235985 0.0262978 0.0289932 0.0316325 0.0341631 0.0365333 0.0386944 0.0406022 0.0422181 0.0435101 0.044453 0.0450288 0.0452266 0.0450427 0.0444807 0.0435513 0.0422723 0.040669 0.0387733 0.0366238 0.0342648 0.0317447 0.0291152 0.0264289 0.0237373 0.0210895 0.0185297 0.0160964 0.0138209 0.0117268 0.00982977 0.0081379 0.00665227 0.00536781 0.00427438 0.00335797 0.00260187 0.00198785 0.00149709 0.00111114 0.000812516 0.000585246 0.000415136 0.000289932 0.000199332 0.000134884 8.98214e-05 5.88548e-05 3.79421e-05 2.40635e-05 1.50129e-05 9.21345e-06 5.56178e-06 3.30245e-06 1.92881e-06 1.10813e-06 6.26303e-07 3.48345e-07 1.90887e-07 1.03526e-07 5.65345e-08 3.30604e-08 
3.87085e-08 4.30871e-08 6.75478e-08 1.22016e-07 2.27379e-07 4.21801e-07 7.71404e-07 1.38732e-06 2.4519e-06 4.25787e-06 7.26486e-06 1.21791e-05 2.0062e-05 3.24735e-05 5.16552e-05 8.07559e-05 0.000124097 0.000187472 0.000278467 0.000406775 0.00058448 0.000826265 0.00114951 0.00157423 0.00212281 0.00281949 0.00368963 0.00475871 0.00605104 0.0075884 0.00938841 0.011463 0.0138168 0.0164459 0.0193367 0.0224655 0.025798 0.0292901 0.0328888 0.0365338 0.0401593 0.0436969 0.0470776 0.0502347 0.0531056 0.0556341 0.0577713 0.0594769 0.0607195 0.0614768 0.0617352 0.0614902 0.0607463 0.0595167 0.0578239 0.0556992 0.0531832 0.0503245 0.0471797 0.0438111 0.0402856 0.0366716 0.0330375 0.0294484 0.0259642 0.0226375 0.019512 0.0166218 0.0139904 0.0116315 0.0095493 0.00773936 0.00619025 0.00488486 0.00380196 0.00291774 0.00220723 0.00164546 0.00120853 0.00087427 0.000622808 0.000436809 0.00030156 0.000204893 0.00013699 9.01157e-05 5.83201e-05 3.71281e-05 2.32502e-05 1.43209e-05 8.67595e-06 5.1697e-06 3.02982e-06 1.74658e-06 9.90431e-07 5.52676e-07 3.03848e-07 1.65345e-07 9.06374e-08 5.32596e-08 
6.17462e-08 6.89067e-08 1.07847e-07 1.94162e-07 3.60501e-07 6.66278e-07 1.21396e-06 2.17495e-06 3.82914e-06 6.62351e-06 1.12562e-05 1.87942e-05 3.08314e-05 4.96971e-05 7.87173e-05 0.000122533 0.000187472 0.000281955 0.000416922 0.000606242 0.000867052 0.00121998 0.00168922 0.00230229 0.00308961 0.00408372 0.00531808 0.00682572 0.00863745 0.01078 0.0132738 0.0161313 0.019355 0.0229355 0.026851 0.0310665 0.0355337 0.0401922 0.0449709 0.0497901 0.0545643 0.0592052 0.0636252 0.0677399 0.0714712 0.0747492 0.0775141 0.0797165 0.0813183 0.0822924 0.0826228 0.082304 0.0813413 0.0797509 0.0775598 0.0748062 0.0715397 0.0678205 0.0637184 0.0593118 0.0546848 0.049925 0.04512 0.0403549 0.0357086 0.0312517 0.0270439 0.0231329 0.0195536 0.0163276 0.0134643 0.0109616 0.00880747 0.006982 0.00545913 0.00420869 0.00319832 0.0023951 0.00176698 0.00128392 0.000918624 0.000647051 0.000448596 0.000306065 0.000205469 0.000135706 8.81712e-05 5.63494e-05 3.54209e-05 2.18987e-05 1.33153e-05 7.96257e-06 4.68306e-06 2.70892e-06 1.54135e-06 8.62968e-07 4.76016e-07 2.59923e-07 1.43033e-07 8.44568e-08 
9.69535e-08 1.08453e-07 1.69442e-07 3.04011e-07 5.6237e-07 1.03548e-06 1.8795e-06 3.35441e-06 5.88264e-06 1.01352e-05 1.71547e-05 2.85251e-05 4.65998e-05 7.47959e-05 0.000117962 0.00018282 0.000278467 0.000416922 0.000613677 0.000888203 0.00126435 0.00177053 0.00243973 0.00330904 0.00441893 0.00581201 0.00753142 0.0096188 0.012112 0.0150424 0.0184327 0.022294 0.0266242 0.0314058 0.0366052 0.042172 0.04804 0.0541283 0.0603435 0.066583 0.0727379 0.0786975 0.0843528 0.0896002 0.0943448 0.0985022 0.102001 0.104782 0.106802 0.108027 0.108441 0.108036 0.106818 0.104806 0.102033 0.0985431 0.094395 0.089661 0.0844256 0.078784 0.0728398 0.0667018 0.0604802 0.054283 0.0482122 0.0423601 0.0368067 0.0316176 0.0268423 0.0225142 0.0186507 0.0152541 0.0123135 0.00980708 0.00770394 0.00596706 0.00455563 0.00342725 0.00253998 0.00185391 0.00133233 0.000942563 0.000656287 0.000449663 0.000303127 0.000201025 0.000131134 8.4137e-05 5.30925e-05 3.29485e-05 2.01085e-05 1.20688e-05 7.12348e-06 4.13504e-06 2.36089e-06 1.32629e-06 7.34059e-07 4.02221e-07 2.22204e-07 1.31846e-07 
1.49869e-07 1.68013e-07 2.61997e-07 4.68441e-07 8.6329e-07 1.58353e-06 2.86328e-06 5.09035e-06 8.8917e-06 1.5258e-05 2.57199e-05 4.25897e-05 6.92824e-05 0.000110725 0.000173866 0.000268266 0.000406775 0.000606242 0.000888203 0.00127949 0.00181266 0.00252613 0.00346394 0.00467504 0.0062121 0.00812967 0.0104819 0.0133198 0.0166883 0.0206227 0.0251461 0.0302659 0.0359721 0.0422349 0.0490046 0.0562111 0.0637653 0.0715615 0.07948 0.0873914 0.0951606 0.102652 0.109734 0.116283 0.122185 0.127343 0.131674 0.135109 0.137599 0.139108 0.139614 0.139111 0.137605 0.135118 0.131686 0.127359 0.122207 0.116312 0.109773 0.102704 0.0952289 0.0874784 0.0795883 0.0716926 0.0639196 0.0563879 0.0492019 0.0424496 0.0362001 0.0305026 0.0253862 0.020861 0.0169198 0.0135401 0.0106872 0.00831717 0.00637988 0.00482216 0.00359035 0.00263257 0.00190048 0.00135048 0.000944433 0.000649877 0.00043995 0.000292975 0.000191896 0.000123616 7.8311e-05 4.87861e-05 2.98868e-05 1.80041e-05 1.06653e-05 6.21303e-06 3.55971e-06 2.00663e-06 1.11441e-06 6.12783e-07 3.39866e-07 2.02647e-07 
2.28088e-07 2.56217e-07 3.98743e-07 7.10423e-07 1.30429e-06 2.38331e-06 4.29276e-06 7.60176e-06 1.32256e-05 2.26027e-05 3.79431e-05 6.25661e-05 0.000101343 0.00016126 0.000252098 0.000387227 0.00058448 0.000867052 0.00126435 0.00181266 0.00255561 0.00354409 0.00483579 0.00649396 0.0085856 0.0111789 0.0143401 0.0181297 0.0225989 0.0277854 0.0337098 0.0403722 0.0477502 0.0557971 0.0644416 0.0735887 0.0831215 0.0929048 0.102789 0.112614 0.122217 0.131437 0.140118 0.148115 0.1553 0.16156 0.166803 0.170955 0.173958 0.175774 0.176381 0.17577 0.17395 0.170943 0.166789 0.161544 0.155283 0.148101 0.14011 0.13144 0.122236 0.112652 0.102851 0.0929938 0.0832397 0.0737365 0.0646181 0.0559996 0.0479749 0.040614 0.0339628 0.0280436 0.0228558 0.0183795 0.0145775 0.0113997 0.00878647 0.00667282 0.00499169 0.00367713 0.00266675 0.00190357 0.00133714 0.000924134 0.000628305 0.000420173 0.000276351 0.000178744 0.000113687 7.11018e-05 4.37248e-05 2.64392e-05 1.57198e-05 9.19053e-06 5.28427e-06 2.98914e-06 1.66579e-06 9.19243e-07 5.11868e-07 3.06697e-07 
3.4181e-07 3.84674e-07 5.97401e-07 1.06057e-06 1.93971e-06 3.53079e-06 6.33481e-06 1.11736e-05 1.93617e-05 3.29537e-05 5.50885e-05 9.0452e-05 0.000145879 0.000231106 0.000359672 0.000549952 0.000826265 0.00121998 0.00177053 0.00252613 0.00354409 0.00489059 0.00663963 0.00887125 0.0116688 0.0151154 0.0192897 0.0242613 0.030086 0.0368006 0.0444193 0.0529303 0.0622932 0.0724382 0.0832666 0.0946528 0.106447 0.11848 0.13057 0.142524 0.15415 0.165259 0.175675 0.185234 0.193792 0.201226 0.207436 0.212342 0.215885 0.218024 0.218736 0.218013 0.215862 0.212307 0.20739 0.20117 0.193729 0.185167 0.175609 0.1652 0.154103 0.142496 0.130567 0.118508 0.106509 0.0947515 0.0834025 0.0726098 0.0624973 0.053162 0.0446724 0.0370679 0.0303603 0.0245351 0.019556 0.0153682 0.0119032 0.00908358 0.00682763 0.00505335 0.00368191 0.00264027 0.00186302 0.0012933 0.000883132 0.000593118 0.000391739 0.000254423 0.000162476 0.000102018 6.29808e-05 3.82276e-05 2.28134e-05 1.33865e-05 7.72428e-06 4.38471e-06 2.45205e-06 1.35799e-06 7.59207e-07 4.57114e-07 
5.04435e-07 5.68651e-07 8.81194e-07 1.55876e-06 2.83997e-06 5.14954e-06 9.20305e-06 1.61682e-05 2.7903e-05 4.72953e-05 7.87308e-05 0.000128718 0.000206687 0.000325986 0.000505045 0.000768687 0.00114951 0.00168922 0.00243973 0.00346394 0.00483579 0.00663963 0.00896856 0.0119217 0.0156002 0.020103 0.0255208 0.0319305 0.0393892 0.0479289 0.0575522 0.0682286 0.0798933 0.0924468 0.105756 0.11966 0.133971 0.148482 0.162974 0.177225 0.191012 0.204122 0.216358 0.227542 0.237518 0.246156 0.253352 0.259024 0.263113 0.265577 0.266394 0.265557 0.263072 0.258963 0.253271 0.246057 0.237402 0.227414 0.216224 0.203989 0.190887 0.177116 0.16289 0.148429 0.133956 0.119689 0.10583 0.0925663 0.0800565 0.0684313 0.0577884 0.0481912 0.0396691 0.0322193 0.0258099 0.0203842 0.0158665 0.0121676 0.00919015 0.00683455 0.00500324 0.0036045 0.00255504 0.00178168 0.00122201 0.000824274 0.000546731 0.000356569 0.000228639 0.000144138 8.93326e-05 5.44308e-05 3.26052e-05 1.92024e-05 1.11201e-05 6.33466e-06 3.55495e-06 1.9759e-06 1.1091e-06 6.71021e-07 
7.3318e-07 8.27784e-07 1.27987e-06 2.25581e-06 4.09422e-06 7.39512e-06 1.31646e-05 2.30358e-05 3.95937e-05 6.68329e-05 0.000110784 0.000180342 0.000288311 0.00045269 0.000698152 0.00105768 0.00157423 0.00230229 0.00330904 0.00467504 0.00649396 0.00887125 0.0119217 0.0157652 0.0205222 0.0263069 0.0332203 0.0413438 0.0507314 0.0614044 0.0733469 0.0865026 0.100774 0.116026 0.132083 0.148743 0.165776 0.182937 0.199971 0.216621 0.23264 0.247795 0.261871 0.274681 0.286063 0.295886 0.304045 0.310461 0.315076 0.317854 0.318773 0.317825 0.315019 0.310374 0.30393 0.295743 0.285895 0.274491 0.261666 0.247582 0.232428 0.21642 0.199791 0.182789 0.165668 0.148681 0.132074 0.116071 0.100875 0.0866552 0.0735466 0.0616439 0.0510018 0.0416353 0.0335225 0.0266097 0.0208164 0.016043 0.0121768 0.00909969 0.00669333 0.00484482 0.00345017 0.00241684 0.00166506 0.00112806 0.000751448 0.00049215 0.000316882 0.000200575 0.000124803 7.63376e-05 4.59009e-05 2.71326e-05 1.57693e-05 9.01495e-06 5.07692e-06 2.83205e-06 1.59604e-06 9.70275e-07 
1.04965e-06 1.18674e-06 1.83065e-06 3.2149e-06 5.81266e-06 1.04586e-05 1.85453e-05 3.23223e-05 5.53295e-05 9.3007e-05 0.000153518 0.000248827 0.000396044 0.000619051 0.000950349 0.00143304 0.00212281 0.00308961 0.00441893 0.0062121 0.0085856 0.0116688 0.0156002 0.0205222 0.0265741 0.033884 0.0425609 0.0526854 0.0643026 0.077416 0.0919828 0.107912 0.125067 0.143265 0.162288 0.181883 0.201778 0.221688 0.241321 0.260393 0.278635 0.295798 0.311659 0.326027 0.338741 0.349674 0.358726 0.365827 0.370925 0.373988 0.375 0.373953 0.370853 0.365718 0.35858 0.349491 0.338523 0.325778 0.311385 0.295506 0.278335 0.260096 0.241038 0.221432 0.201561 0.181714 0.162176 0.143215 0.125082 0.107992 0.092124 0.0776123 0.0645453 0.0529639 0.0428636 0.0341989 0.0268894 0.0208277 0.0158872 0.0119307 0.0088182 0.00641327 0.00458851 0.00322904 0.00223468 0.00152067 0.00101739 0.000669158 0.000432646 0.000274965 0.000171771 0.000105475 6.36614e-05 3.77706e-05 2.20314e-05 1.26396e-05 7.14322e-06 3.99908e-06 2.26275e-06 1.38213e-06 
1.48032e-06 1.67575e-06 2.57894e-06 4.51271e-06 8.12817e-06 1.45688e-05 2.57332e-05 4.46722e-05 7.61606e-05 0.000127493 0.000209551 0.000338178 0.000535883 0.00083386 0.00127424 0.00191246 0.00281949 0.00408372 0.00581201 0.00812967 0.0111789 0.0151154 0.020103 0.0263069 0.033884 0.0429742 0.053689 0.0661028 0.080244 0.0960892 0.11356 0.132521 0.152787 0.174123 0.196259 0.218893 0.241706 0.264373 0.286574 0.308 0.328366 0.347416 0.364926 0.38071 0.394617 0.406528 0.41636 0.42405 0.429561 0.432867 0.433957 0.432826 0.429478 0.423925 0.41619 0.406314 0.394359 0.380411 0.364591 0.347052 0.327983 0.30761 0.286189 0.264008 0.241373 0.218606 0.196029 0.17396 0.152696 0.132506 0.11362 0.0962205 0.0804386 0.0663502 0.0539767 0.0432885 0.0342111 0.0266336 0.020418 0.0154092 0.0114448 0.00836353 0.00601214 0.00425051 0.00295498 0.0020198 0.00135723 0.000896493 0.000582054 0.000371431 0.00023296 0.000143604 8.7004e-05 5.18109e-05 3.03302e-05 1.74622e-05 9.90329e-06 5.5642e-06 3.16083e-06 1.93974e-06 
2.05674e-06 2.33089e-06 3.57872e-06 6.23975e-06 1.11966e-05 1.99924e-05 3.51772e-05 6.08265e-05 0.000103284 0.000172187 0.000281818 0.000452843 0.000714422 0.00110667 0.00168336 0.00251467 0.00368963 0.00531808 0.00753142 0.0104819 0.0143401 0.0192897 0.0255208 0.0332203 0.0425609 0.053689 0.0667133 0.0816938 0.0986329 0.117471 0.138082 0.16028 0.183821 0.208413 0.233727 0.259411 0.285103 0.310442 0.33508 0.358695 0.380994 0.401724 0.420671 0.43766 0.452558 0.465267 0.475719 0.483873 0.489702 0.493195 0.494346 0.493152 0.489615 0.483739 0.475537 0.465034 0.452274 0.437326 0.420291 0.401304 0.380543 0.358223 0.334601 0.30997 0.284655 0.259002 0.233371 0.208123 0.183609 0.160152 0.138041 0.117515 0.098758 0.0818901 0.0669683 0.0539878 0.0428877 0.0335594 0.0258577 0.0196118 0.0146379 0.0107487 0.00776341 0.00551424 0.00385105 0.00264407 0.0017845 0.00118377 0.000771788 0.000494521 0.000311396 0.0001927 0.000117191 7.00445e-05 4.11514e-05 2.37755e-05 1.35307e-05 7.62933e-06 4.35097e-06 2.68241e-06 
2.81552e-06 3.19401e-06 4.89228e-06 8.49989e-06 1.51956e-05 2.70314e-05 4.73815e-05 8.16109e-05 0.000138025 0.000229164 0.000373504 0.000597599 0.000938663 0.00144752 0.00219175 0.00325882 0.00475871 0.00682572 0.0096188 0.0133198 0.0181297 0.0242613 0.0319305 0.0413438 0.0526854 0.0661028 0.0816938 0.0994945 0.119471 0.141517 0.16545 0.191022 0.217924 0.2458 0.274264 0.302914 0.331344 0.359167 0.386016 0.411563 0.43552 0.457646 0.477744 0.495667 0.511304 0.524586 0.535469 0.543932 0.54997 0.553583 0.554773 0.553541 0.549884 0.5438 0.535286 0.52435 0.511013 0.495318 0.477341 0.457191 0.435021 0.411029 0.38546 0.358603 0.33079 0.302386 0.273781 0.245378 0.217578 0.190765 0.165289 0.141455 0.119506 0.0996194 0.081897 0.0663693 0.0529979 0.0416841 0.0322811 0.0246065 0.0184564 0.0136185 0.00988303 0.00705258 0.00494796 0.00341241 0.00231314 0.00154102 0.0010089 0.000649079 0.000410341 0.00025491 0.000155606 9.33449e-05 5.50354e-05 3.19076e-05 1.8221e-05 1.03102e-05 5.90259e-06 3.6554e-06 
3.79777e-06 4.31214e-06 6.58932e-06 1.14085e-05 2.03212e-05 3.60162e-05 6.28939e-05 0.000107915 0.000181795 0.00030062 0.000487942 0.000777389 0.00121576 0.0018665 0.00281331 0.00416356 0.00605104 0.00863745 0.012112 0.0166883 0.0225989 0.030086 0.0393892 0.0507314 0.0643026 0.080244 0.0986329 0.119471 0.142679 0.168089 0.195456 0.224458 0.254719 0.285815 0.317303 0.348733 0.379665 0.40969 0.438436 0.465577 0.490843 0.514015 0.534928 0.553466 0.569555 0.583155 0.594254 0.602859 0.608982 0.612641 0.613847 0.612603 0.608905 0.602738 0.594086 0.582933 0.569276 0.553126 0.534526 0.513552 0.490322 0.465007 0.437826 0.409055 0.379022 0.348099 0.3167 0.285263 0.254236 0.224063 0.195161 0.167904 0.142605 0.119505 0.0987654 0.0804606 0.0645853 0.0510601 0.0397435 0.0304469 0.02295 0.0170163 0.0124077 0.00889555 0.00626947 0.00434312 0.00295688 0.00197826 0.00130053 0.000840078 0.000533176 0.000332482 0.000203713 0.000122644 7.25636e-05 4.22138e-05 2.4188e-05 1.37338e-05 7.89251e-06 4.90924e-06 
5.04807e-06 5.73631e-06 8.74502e-06 1.50892e-05 2.67815e-05 4.7295e-05 8.2287e-05 0.00014066 0.000236045 0.000388781 0.000628471 0.000997099 0.00155269 0.0023733 0.00356111 0.00524603 0.0075884 0.01078 0.0150424 0.0206227 0.0277854 0.0368006 0.0479289 0.0614044 0.077416 0.0960892 0.117471 0.141517 0.168089 0.196952 0.227785 0.26019 0.293715 0.327873 0.362164 0.396096 0.429205 0.461069 0.491322 0.519657 0.545829 0.569656 0.591011 0.609821 0.626051 0.639702 0.650796 0.659366 0.665449 0.669079 0.670277 0.669049 0.665387 0.659267 0.650654 0.639512 0.625805 0.609512 0.590636 0.569212 0.545317 0.519081 0.49069 0.460392 0.428497 0.395377 0.361456 0.3272 0.2931 0.259655 0.22735 0.196632 0.167891 0.141443 0.117514 0.0962381 0.0776526 0.0617074 0.0482755 0.0371685 0.0281546 0.0209764 0.0153678 0.0110689 0.00783667 0.00545286 0.00372847 0.00250499 0.00165357 0.00107239 0.000683257 0.000427676 0.000262996 0.000158897 9.43366e-05 5.50646e-05 3.1656e-05 1.8035e-05 1.04028e-05 6.4983e-06 
6.61277e-06 7.51954e-06 1.14371e-05 1.96686e-05 3.47881e-05 6.12186e-05 0.000106131 0.000180754 0.000302184 0.000495788 0.000798253 0.00126128 0.00195581 0.00297657 0.00444652 0.00652066 0.00938841 0.0132738 0.0184327 0.0251461 0.0337098 0.0444193 0.0575522 0.0733469 0.0919828 0.11356 0.138082 0.16545 0.195456 0.227785 0.262034 0.297726 0.334333 0.371305 0.408091 0.444167 0.479055 0.512335 0.543656 0.572742 0.599387 0.623454 0.644868 0.6636 0.679664 0.693102 0.703971 0.712337 0.718259 0.721788 0.722954 0.721768 0.718217 0.712268 0.703868 0.692957 0.679468 0.663345 0.644545 0.623059 0.598915 0.572192 0.543033 0.511646 0.478314 0.443391 0.407302 0.370528 0.333597 0.297057 0.261458 0.227324 0.195123 0.165255 0.138021 0.113624 0.0921572 0.0736095 0.0578785 0.0447842 0.0340896 0.0255202 0.0187848 0.0135923 0.00966643 0.00675552 0.00463891 0.00312964 0.00207425 0.00135049 0.000863727 0.000542636 0.000334886 0.000203033 0.000120946 7.08284e-05 4.08501e-05 2.33499e-05 1.35171e-05 8.47868e-06 
8.53763e-06 9.71419e-06 1.47416e-05 2.52697e-05 4.45442e-05 7.81198e-05 0.000134962 0.000229036 0.000381498 0.000623554 0.00100006 0.00157383 0.00243042 0.00368325 0.00547832 0.00799801 0.011463 0.0161313 0.022294 0.0302659 0.0403722 0.0529303 0.0682286 0.0865026 0.107912 0.132521 0.16028 0.191022 0.224458 0.26019 0.297726 0.336506 0.375931 0.415391 0.454295 0.492097 0.528316 0.562547 0.59447 0.623849 0.65053 0.67443 0.695527 0.713848 0.729455 0.742435 0.752881 0.760888 0.766541 0.769903 0.771017 0.769896 0.766523 0.760856 0.752825 0.742347 0.729325 0.713664 0.695279 0.674107 0.650126 0.623358 0.59389 0.561882 0.527575 0.491295 0.453453 0.414535 0.375092 0.335716 0.297016 0.259588 0.223987 0.190695 0.160103 0.132487 0.10801 0.0867105 0.0685217 0.0532812 0.040754 0.0306542 0.0226686 0.016477 0.0117699 0.00826102 0.00569652 0.00385884 0.00256767 0.00167818 0.0010773 0.000679256 0.000420665 0.000255901 0.000152939 8.98497e-05 5.19834e-05 2.98091e-05 1.73167e-05 1.09053e-05 
1.08648e-05 1.23685e-05 1.87281e-05 3.20031e-05 5.623e-05 9.82894e-05 0.000169237 0.000286214 0.000475044 0.000773611 0.00123605 0.00193764 0.00298027 0.00449794 0.00666174 0.00968347 0.0138168 0.019355 0.0266242 0.0359721 0.0477502 0.0622932 0.0798933 0.100774 0.125067 0.152787 0.183821 0.217924 0.254719 0.293715 0.334333 0.375931 0.417841 0.459404 0.499998 0.53907 0.576146 0.610852 0.642909 0.672135 0.698433 0.721782 0.742221 0.759832 0.774728 0.787036 0.796889 0.804409 0.8097 0.812843 0.813888 0.812849 0.809709 0.804416 0.796886 0.787013 0.774672 0.759732 0.742063 0.721553 0.69812 0.671728 0.642402 0.610243 0.575439 0.538275 0.499136 0.458499 0.416925 0.375039 0.333502 0.29298 0.254109 0.217462 0.183518 0.152643 0.125074 0.100914 0.0801404 0.0626188 0.0481247 0.0363673 0.0270162 0.0197246 0.0141508 0.00997411 0.00690604 0.0046968 0.00313733 0.00205817 0.00132602 0.00083901 0.000521363 0.000318198 0.000190775 0.000112423 6.52414e-05 3.75275e-05 2.18742e-05 1.38281e-05 
1.36293e-05 1.55225e-05 2.34535e-05 3.99577e-05 6.99867e-05 0.000121949 0.000209297 0.000352789 0.000583539 0.000946942 0.00150748 0.00235425 0.00360704 0.00542217 0.00799763 0.0115762 0.0164459 0.0229355 0.0314058 0.0422349 0.0557971 0.0724382 0.0924468 0.116026 0.143265 0.174123 0.208413 0.2458 0.285815 0.327873 0.371305 0.415391 0.459404 0.502644 0.544475 0.584343 0.621803 0.656519 0.688266 0.716925 0.742465 0.764928 0.784416 0.801067 0.815042 0.826512 0.835638 0.842571 0.847432 0.850315 0.851276 0.850334 0.847467 0.842617 0.835688 0.826554 0.815066 0.801057 0.784357 0.764805 0.74226 0.716625 0.687858 0.655994 0.621161 0.58359 0.543624 0.501721 0.458438 0.414421 0.370372 0.327018 0.285074 0.245203 0.20798 0.173862 0.143172 0.116085 0.092636 0.0727275 0.0561546 0.0426294 0.0318093 0.0233251 0.0168047 0.0118933 0.00826777 0.00564467 0.00378461 0.0024918 0.00161103 0.0010228 0.000637649 0.000390401 0.00023478 0.000138767 8.07643e-05 4.65949e-05 2.72475e-05 1.72879e-05 
1.68552e-05 1.92037e-05 2.89555e-05 4.91897e-05 8.58991e-05 0.000149223 0.000255315 0.00042899 0.000707254 0.00114382 0.00181452 0.00282354 0.00430992 0.00645386 0.00948166 0.0136684 0.0193367 0.026851 0.0366052 0.0490046 0.0644416 0.0832666 0.105756 0.132083 0.162288 0.196259 0.233727 0.274264 0.317303 0.362164 0.408091 0.454295 0.499998 0.544475 0.587081 0.627285 0.664677 0.698974 0.730014 0.757746 0.782208 0.80351 0.821815 0.837315 0.850217 0.860727 0.869036 0.875314 0.879701 0.882297 0.883166 0.882328 0.87976 0.875397 0.869135 0.860832 0.850318 0.837396 0.821859 0.803499 0.782121 0.757565 0.729722 0.698557 0.664127 0.626602 0.586275 0.543564 0.499014 0.453274 0.407078 0.361205 0.316443 0.273539 0.233165 0.195876 0.162087 0.132054 0.105877 0.0835092 0.0647727 0.0493902 0.0370139 0.0272559 0.0197172 0.0140102 0.00977687 0.00669992 0.00450836 0.00297869 0.00193232 0.00123077 0.000769721 0.000472692 0.000285102 0.000168989 9.86296e-05 5.70641e-05 3.3473e-05 2.13117e-05 
2.05516e-05 2.34224e-05 3.52464e-05 5.97128e-05 0.000103979 0.000180111 0.000307258 0.000514703 0.000845915 0.00136365 0.00215603 0.00334337 0.00508523 0.00758681 0.0111038 0.0159442 0.0224655 0.0310665 0.042172 0.0562111 0.0735887 0.0946528 0.11966 0.148743 0.181883 0.218893 0.259411 0.302914 0.348733 0.396096 0.444167 0.492097 0.53907 0.584343 0.627285 0.667394 0.70431 0.737812 0.767808 0.794319 0.817455 0.837392 0.85435 0.868571 0.880303 0.889782 0.897224 0.902815 0.906705 0.909003 0.909775 0.909043 0.906784 0.902929 0.897366 0.889944 0.880473 0.868735 0.854491 0.83749 0.817489 0.794265 0.767644 0.737519 0.703873 0.666807 0.62655 0.583476 0.538096 0.491054 0.4431 0.395055 0.347767 0.30207 0.258725 0.218388 0.18157 0.148617 0.119704 0.0948395 0.0738845 0.0565801 0.0425794 0.0314817 0.022864 0.0163084 0.0114229 0.00785594 0.00530456 0.00351647 0.00228855 0.00146221 0.000917206 0.000564895 0.000341666 0.000203066 0.000118834 6.89407e-05 4.05589e-05 2.59081e-05 
2.47092e-05 2.8168e-05 4.23073e-05 7.14892e-05 0.00012415 0.000214466 0.000364847 0.000609422 0.00099862 0.00160488 0.0025294 0.00390951 0.00592615 0.00881045 0.0128481 0.01838 0.025798 0.0355337 0.04804 0.0637653 0.0831215 0.106447 0.133971 0.165776 0.201778 0.241706 0.285103 0.331344 0.379665 0.429205 0.479055 0.528316 0.576146 0.621803 0.664677 0.70431 0.740401 0.772799 0.801486 0.826557 0.848192 0.86663 0.882145 0.895021 0.905541 0.913967 0.920531 0.925432 0.928826 0.930826 0.931501 0.930874 0.92892 0.92557 0.920708 0.914175 0.905771 0.895259 0.882374 0.866832 0.848342 0.826629 0.801454 0.772638 0.740091 0.703836 0.664036 0.621004 0.575211 0.527278 0.477959 0.428103 0.378614 0.330395 0.2843 0.241083 0.201352 0.16555 0.133931 0.10657 0.0833743 0.0641104 0.0484398 0.0359542 0.0262108 0.018764 0.0131893 0.00910181 0.00616609 0.0041006 0.0026769 0.00171539 0.00107909 0.000666422 0.000404142 0.000240815 0.000141281 8.21738e-05 4.84789e-05 3.10632e-05 
