1.08329e-13 1.09697e-13 1.88036e-13 3.94095e-13 8.54102e-13 1.83615e-12 3.88264e-12 8.06187e-12 1.64318e-11 3.28728e-11 6.45483e-11 1.24404e-10 2.35339e-10 4.37001e-10 7.96577e-10 1.42547e-09 2.50446e-09 4.32049e-09 7.31919e-09 1.21773e-08 1.98998e-08 3.19453e-08 5.03819e-08 7.80728e-08 1.18886e-07 1.77913e-07 2.6168e-07 3.78314e-07 5.37634e-07 7.51101e-07 1.0316e-06 1.39299e-06 1.84939e-06 2.41423e-06 3.099e-06 3.91194e-06 4.8566e-06 5.9305e-06 7.12421e-06 8.4207e-06 9.79542e-06 1.1217e-05 1.26484e-05 1.4049e-05 1.53764e-05 1.65892e-05 1.76486e-05 1.85202e-05 1.91761e-05 1.95951e-05 1.97639e-05 1.96771e-05 1.93375e-05 1.87561e-05 1.79517e-05 1.69504e-05 1.57849e-05 1.44926e-05 1.31146e-05 1.1693e-05 1.02691e-05 8.88085e-06 7.56123e-06 6.33666e-06 5.22624e-06 4.24155e-06 3.38708e-06 2.6611e-06 2.0569e-06 1.56409e-06 1.17003e-06 8.61022e-07 6.23305e-07 4.4386e-07 3.10913e-07 2.14223e-07 1.4518e-07 9.67692e-08 6.3436e-08 4.08952e-08 2.59248e-08 1.61598e-08 9.9037e-09 5.9672e-09 3.53447e-09 2.05793e-09 1.17777e-09 6.62522e-10 3.66293e-10 1.99037e-10 1.06295e-10 5.57911e-11 2.87804e-11 1.45922e-11 7.2721e-12 3.56257e-12 1.71629e-12 8.14455e-13 3.83889e-13 1.87465e-13 
1.09697e-13 1.11214e-13 1.92434e-13 4.07135e-13 8.89735e-13 1.92761e-12 4.1063e-12 8.58729e-12 1.76234e-11 3.54908e-11 7.01331e-11 1.35992e-10 2.58761e-10 4.83162e-10 8.85365e-10 1.59227e-09 2.8107e-09 4.87031e-09 8.28498e-09 1.38378e-08 2.26955e-08 3.65563e-08 5.78343e-08 8.98804e-08 1.3723e-07 2.05867e-07 3.03474e-07 4.39634e-07 6.2594e-07 8.75945e-07 1.2049e-06 1.62924e-06 2.16571e-06 2.83026e-06 3.63656e-06 4.59444e-06 5.70812e-06 6.97474e-06 8.38312e-06 9.9131e-06 1.15356e-05 1.32133e-05 1.49025e-05 1.65551e-05 1.8121e-05 1.95511e-05 2.07997e-05 2.18266e-05 2.25987e-05 2.30914e-05 2.32889e-05 2.3185e-05 2.27831e-05 2.20961e-05 2.11461e-05 1.99639e-05 1.85878e-05 1.70623e-05 1.54357e-05 1.37579e-05 1.20776e-05 1.04398e-05 8.88348e-06 7.43987e-06 6.13151e-06 4.97202e-06 3.96659e-06 3.11308e-06 2.40339e-06 1.82518e-06 1.36338e-06 1.00171e-06 7.23899e-07 5.14522e-07 3.5967e-07 2.47264e-07 1.67167e-07 1.11134e-07 7.26474e-08 4.66916e-08 2.95031e-08 1.83263e-08 1.11898e-08 6.71543e-09 3.96097e-09 2.29601e-09 1.30788e-09 7.32077e-10 4.02651e-10 2.17607e-10 1.15554e-10 6.02932e-11 3.09121e-11 1.55734e-11 7.71003e-12 3.75143e-12 1.79458e-12 8.45372e-13 3.95347e-13 1.91389e-13 
1.88036e-13 1.92434e-13 3.35489e-13 7.12221e-13 1.55927e-12 3.3824e-12 7.21226e-12 1.50934e-11 3.09904e-11 6.24251e-11 1.23359e-10 2.39148e-10 4.54836e-10 8.48699e-10 1.55378e-09 2.79122e-09 4.92051e-09 8.51301e-09 1.44566e-08 2.40997e-08 3.9444e-08 6.33922e-08 1.00055e-07 1.55112e-07 2.36222e-07 3.53443e-07 5.19627e-07 7.50739e-07 1.06599e-06 1.48774e-06 2.04099e-06 2.75255e-06 3.64955e-06 4.75756e-06 6.09828e-06 7.68685e-06 9.52915e-06 1.16194e-05 1.39382e-05 1.64517e-05 1.91115e-05 2.18564e-05 2.46149e-05 2.73086e-05 2.98566e-05 3.21799e-05 3.4205e-05 3.58675e-05 3.7115e-05 3.79081e-05 3.82222e-05 3.80475e-05 3.73895e-05 3.62689e-05 3.47213e-05 3.27958e-05 3.05542e-05 2.80676e-05 2.54142e-05 2.26746e-05 1.99279e-05 1.72471e-05 1.46961e-05 1.23262e-05 1.01747e-05 8.26467e-06 6.60525e-06 5.19372e-06 4.01759e-06 3.05722e-06 2.28846e-06 1.68499e-06 1.2203e-06 8.69221e-07 6.08928e-07 4.19512e-07 2.84208e-07 1.89323e-07 1.23997e-07 7.98399e-08 5.05342e-08 3.14387e-08 1.92229e-08 1.15506e-08 6.82002e-09 3.95666e-09 2.2553e-09 1.26295e-09 6.94803e-10 3.75503e-10 1.9936e-10 1.03977e-10 5.32748e-11 2.68166e-11 1.3262e-11 6.44454e-12 3.07827e-12 1.44764e-12 6.75822e-13 3.2684e-13 
3.94095e-13 4.07135e-13 7.12221e-13 1.51062e-12 3.3005e-12 7.1429e-12 1.51933e-11 3.17136e-11 6.49401e-11 1.30442e-10 2.5701e-10 4.96719e-10 9.41693e-10 1.75131e-09 3.19523e-09 5.71948e-09 1.00455e-08 1.73139e-08 2.92876e-08 4.86293e-08 7.92685e-08 1.2687e-07 1.99408e-07 3.07837e-07 4.66828e-07 6.95533e-07 1.01827e-06 1.46505e-06 2.07175e-06 2.87981e-06 3.93529e-06 5.28711e-06 6.98434e-06 9.07272e-06 1.15903e-05 1.45627e-05 1.79983e-05 2.18838e-05 2.61813e-05 3.08263e-05 3.57287e-05 4.07755e-05 4.58355e-05 5.07661e-05 5.54207e-05 5.96568e-05 6.33425e-05 6.63628e-05 6.86241e-05 7.00566e-05 7.06167e-05 7.02874e-05 6.9079e-05 6.70286e-05 6.41997e-05 6.06806e-05 5.6582e-05 5.20323e-05 4.7172e-05 4.21472e-05 3.71015e-05 3.21685e-05 2.7465e-05 2.30859e-05 1.9101e-05 1.55543e-05 1.24646e-05 9.82876e-06 7.62572e-06 5.82099e-06 4.3714e-06 3.22944e-06 2.34687e-06 1.67757e-06 1.17941e-06 8.15479e-07 5.54472e-07 3.70701e-07 2.43669e-07 1.57457e-07 1.00013e-07 6.24365e-08 3.83053e-08 2.30926e-08 1.36785e-08 7.96011e-09 4.55074e-09 2.55565e-09 1.4098e-09 7.63901e-10 4.06571e-10 2.12548e-10 1.09146e-10 5.50561e-11 2.7282e-11 1.32823e-11 6.35566e-12 2.99411e-12 1.40052e-12 6.79495e-13 
8.54102e-13 8.89735e-13 1.55927e-12 3.3005e-12 7.19027e-12 1.55132e-11 3.28928e-11 6.84354e-11 1.39668e-10 2.79586e-10 5.48934e-10 1.05709e-09 1.99665e-09 3.69918e-09 6.72283e-09 1.1986e-08 2.09662e-08 3.59862e-08 6.06153e-08 1.00213e-07 1.6264e-07 2.59159e-07 4.05523e-07 6.23232e-07 9.409e-07 1.39562e-06 2.0342e-06 2.91396e-06 4.10298e-06 5.67935e-06 7.72913e-06 1.0343e-05 1.36109e-05 1.76157e-05 2.24249e-05 2.8082e-05 3.45978e-05 4.19427e-05 5.0041e-05 5.87688e-05 6.79555e-05 7.73888e-05 8.68247e-05 9.59996e-05 0.000104644 0.000112496 0.000119316 0.000124895 0.000129064 0.000131696 0.000132713 0.000132085 0.000129831 0.000126019 0.000120764 0.000114228 0.000106612 9.81493e-05 8.90993e-05 7.97297e-05 7.03058e-05 6.1075e-05 5.22553e-05 4.4025e-05 3.65169e-05 2.98162e-05 2.39618e-05 1.89519e-05 1.47508e-05 1.12973e-05 8.51335e-06 6.31189e-06 4.60382e-06 3.30324e-06 2.33124e-06 1.61814e-06 1.10453e-06 7.41343e-07 4.89207e-07 3.17351e-07 2.02352e-07 1.26806e-07 7.8088e-08 4.72488e-08 2.80877e-08 1.64028e-08 9.40942e-09 5.30181e-09 2.93415e-09 1.59486e-09 8.51416e-10 4.46418e-10 2.29897e-10 1.16288e-10 5.7779e-11 2.82033e-11 1.35299e-11 6.39009e-12 2.99744e-12 1.46026e-12 
1.83615e-12 1.92761e-12 3.3824e-12 7.1429e-12 1.55132e-11 3.33619e-11 7.05031e-11 1.46189e-10 2.97321e-10 5.93064e-10 1.16019e-09 2.22591e-09 4.18836e-09 7.72961e-09 1.39918e-08 2.48444e-08 4.32781e-08 7.39679e-08 1.24055e-07 2.04198e-07 3.29934e-07 5.23378e-07 8.15265e-07 1.24726e-06 1.87445e-06 2.76776e-06 4.01604e-06 5.72736e-06 8.02911e-06 1.10663e-05 1.49974e-05 1.99879e-05 2.62003e-05 3.3782e-05 4.28505e-05 5.34776e-05 6.5674e-05 7.93757e-05 9.44351e-05 0.000110617 0.000127602 0.000144999 0.00016236 0.000179204 0.000195041 0.000209402 0.000221853 0.00023202 0.000239601 0.000244373 0.000246197 0.000245019 0.000240876 0.000233887 0.000224261 0.000212286 0.000198324 0.000182798 0.000166172 0.000148934 0.000131566 0.000114521 9.81992e-05 8.29314e-05 6.89668e-05 5.64683e-05 4.55154e-05 3.6112e-05 2.81997e-05 2.16719e-05 1.63897e-05 1.21964e-05 8.92963e-06 6.43184e-06 4.55711e-06 3.17573e-06 2.17642e-06 1.46666e-06 9.71719e-07 6.32874e-07 4.05133e-07 2.54871e-07 1.57554e-07 9.56906e-08 5.70944e-08 3.34626e-08 1.92634e-08 1.08914e-08 6.04771e-09 3.29794e-09 1.76619e-09 9.28909e-10 4.79806e-10 2.43406e-10 1.21284e-10 5.93657e-11 2.85568e-11 1.35241e-11 6.36295e-12 3.11315e-12 
3.88264e-12 4.1063e-12 7.21226e-12 1.51933e-11 3.28928e-11 7.05031e-11 1.48488e-10 3.06828e-10 6.21827e-10 1.23588e-09 2.40878e-09 4.60398e-09 8.6296e-09 1.5863e-08 2.85987e-08 5.05715e-08 8.77228e-08 1.49286e-07 2.4928e-07 4.08498e-07 6.57056e-07 1.03754e-06 1.60875e-06 2.44982e-06 3.66467e-06 5.38612e-06 7.77936e-06 1.10438e-05 1.54128e-05 2.11497e-05 2.85398e-05 3.78781e-05 4.94511e-05 6.35144e-05 8.02665e-05 9.9821e-05 0.00012218 0.000147211 0.000174631 0.000204005 0.00023475 0.000266156 0.00029742 0.000327686 0.000356086 0.000381787 0.000404033 0.000422167 0.000435661 0.00044413 0.00044733 0.000445174 0.000437722 0.000425189 0.000407935 0.000386468 0.000361421 0.000333541 0.000303647 0.000272604 0.000241268 0.00021045 0.000180873 0.000153135 0.000127694 0.000104857 8.47794e-05 6.74838e-05 5.28784e-05 4.07832e-05 3.09573e-05 2.31249e-05 1.69974e-05 1.22919e-05 8.74443e-06 6.11875e-06 4.21064e-06 2.8492e-06 1.89547e-06 1.23955e-06 7.96697e-07 5.03203e-07 3.12284e-07 1.90396e-07 1.14029e-07 6.70773e-08 3.8753e-08 2.19874e-08 1.22507e-08 6.70279e-09 3.60125e-09 1.90002e-09 9.84424e-10 5.00895e-10 2.50313e-10 1.22873e-10 5.92713e-11 2.81492e-11 1.32851e-11 6.52842e-12 
8.06187e-12 8.58729e-12 1.50934e-11 3.17136e-11 6.84354e-11 1.46189e-10 3.06828e-10 6.31776e-10 1.27577e-09 2.52626e-09 4.9053e-09 9.33966e-09 1.74373e-08 3.19248e-08 5.73195e-08 1.00934e-07 1.74333e-07 2.95383e-07 4.91042e-07 8.01035e-07 1.28252e-06 2.01579e-06 3.11087e-06 4.71489e-06 7.01954e-06 1.0268e-05 1.47606e-05 2.08566e-05 2.89734e-05 3.95776e-05 5.31705e-05 7.02646e-05 9.13511e-05 0.000116861 0.000147118 0.000182293 0.000222357 0.000267045 0.000315833 0.000367929 0.000422294 0.000477676 0.000532668 0.000585779 0.000635511 0.000680431 0.00071924 0.000750821 0.000774276 0.000788951 0.000794438 0.000790589 0.00077751 0.000755566 0.000725375 0.0006878 0.000643928 0.000595036 0.000542541 0.000487933 0.000432704 0.000378268 0.000325893 0.000276643 0.000231341 0.000190545 0.000154559 0.000123448 9.7076e-05 7.51501e-05 5.72643e-05 4.29459e-05 3.16947e-05 2.30153e-05 1.64418e-05 1.15535e-05 7.98436e-06 5.42566e-06 3.62474e-06 2.38033e-06 1.53625e-06 9.74267e-07 6.07045e-07 3.71561e-07 2.23385e-07 1.31899e-07 7.64823e-08 4.35491e-08 2.43488e-08 1.33673e-08 7.20568e-09 3.81397e-09 1.98227e-09 1.01171e-09 5.07098e-10 2.4965e-10 1.20773e-10 5.75236e-11 2.7235e-11 1.34436e-11 
1.64318e-11 1.76234e-11 3.09904e-11 6.49401e-11 1.39668e-10 2.97321e-10 6.21827e-10 1.27577e-09 2.56675e-09 5.06359e-09 9.79447e-09 1.85757e-08 3.45425e-08 6.29831e-08 1.12611e-07 1.97451e-07 3.39552e-07 5.72766e-07 9.47846e-07 1.53909e-06 2.45267e-06 3.83667e-06 5.89256e-06 8.8877e-06 1.31678e-05 1.9168e-05 2.74211e-05 3.85598e-05 5.33118e-05 7.24838e-05 9.69336e-05 0.000127528 0.000165085 0.00021031 0.000263712 0.000325529 0.000395656 0.000473578 0.000558344 0.000648555 0.000742403 0.000837732 0.00093214 0.0010231 0.00110808 0.00118469 0.00125075 0.00130442 0.0013442 0.00136901 0.00137819 0.0013715 0.00134911 0.00131163 0.00126009 0.00119593 0.00112094 0.00103728 0.00094731 0.00085355 0.000758524 0.000664641 0.000574077 0.000488675 0.000409872 0.000338672 0.000275641 0.000220943 0.000174393 0.000135528 0.000103687 7.80822e-05 5.78689e-05 4.22021e-05 3.02794e-05 2.137e-05 1.48329e-05 1.01235e-05 6.79258e-06 4.47978e-06 2.90347e-06 1.84902e-06 1.15681e-06 7.10904e-07 4.29077e-07 2.54324e-07 1.48022e-07 8.45918e-08 4.74645e-08 2.6148e-08 1.41428e-08 7.51047e-09 3.91605e-09 2.00495e-09 1.00801e-09 4.97745e-10 2.41504e-10 1.15369e-10 5.48018e-11 2.71747e-11 
3.28728e-11 3.54908e-11 6.24251e-11 1.30442e-10 2.79586e-10 5.93064e-10 1.23588e-09 2.52626e-09 5.06359e-09 9.95109e-09 1.91732e-08 3.62179e-08 6.7075e-08 1.21792e-07 2.16834e-07 3.78544e-07 6.48086e-07 1.08826e-06 1.79261e-06 2.89714e-06 4.5948e-06 7.15276e-06 1.09318e-05 1.64069e-05 2.41872e-05 3.50335e-05 4.98686e-05 6.97794e-05 9.60037e-05 0.000129901 0.000172899 0.000226424 0.000291801 0.000370142 0.000462218 0.000568331 0.000688199 0.000820862 0.000964636 0.00111711 0.00127522 0.00143534 0.00159347 0.00174545 0.00188711 0.00201455 0.00212424 0.00221317 0.00227897 0.00231989 0.00233488 0.00232355 0.00228619 0.00222378 0.00213798 0.00203111 0.00190611 0.00176645 0.00161602 0.00145894 0.00129939 0.00114136 0.000988486 0.000843888 0.000710026 0.00058865 0.000480796 0.000386825 0.000306516 0.000239172 0.000183745 0.000138964 0.000103441 7.57714e-05 5.46085e-05 3.87141e-05 2.69926e-05 1.85052e-05 1.24718e-05 8.26152e-06 5.37778e-06 3.43937e-06 2.16079e-06 1.33334e-06 8.07984e-07 4.80787e-07 2.80899e-07 1.61127e-07 9.0737e-08 5.01639e-08 2.72262e-08 1.45071e-08 7.5891e-09 3.89798e-09 1.96592e-09 9.73735e-10 4.73885e-10 2.27073e-10 1.08226e-10 5.39169e-11 
6.45483e-11 7.01331e-11 1.23359e-10 2.5701e-10 5.48934e-10 1.16019e-09 2.40878e-09 4.9053e-09 9.79447e-09 1.91732e-08 3.67947e-08 6.92221e-08 1.27666e-07 2.3083e-07 4.09181e-07 7.1118e-07 1.21208e-06 2.02594e-06 3.32151e-06 5.34239e-06 8.43171e-06 1.30609e-05 1.98616e-05 2.96586e-05 4.35009e-05 6.26867e-05 8.87769e-05 0.000123592 0.000169186 0.000227787 0.000301711 0.000393237 0.000504444 0.000637028 0.0007921 0.000969982 0.00117003 0.00139052 0.00162853 0.00188003 0.00213992 0.00240229 0.00266067 0.00290833 0.00313864 0.00334537 0.00352295 0.00366667 0.00377279 0.0038386 0.00386246 0.00384378 0.00378302 0.00368171 0.00354247 0.00336892 0.00316572 0.00293837 0.00269304 0.00243634 0.00217496 0.00191537 0.00166352 0.00142454 0.00120252 0.00100045 0.000820179 0.000662451 0.000527055 0.000412991 0.000318662 0.000242072 0.000181008 0.000133199 9.64413e-05 6.86886e-05 4.81137e-05 3.31373e-05 2.24353e-05 1.49286e-05 9.76091e-06 6.26988e-06 3.95594e-06 2.45128e-06 1.49153e-06 8.91079e-07 5.22645e-07 3.00937e-07 1.701e-07 9.43805e-08 5.14059e-08 2.74856e-08 1.4427e-08 7.43456e-09 3.76167e-09 1.86907e-09 9.12447e-10 4.38594e-10 2.09763e-10 1.05e-10 
1.24404e-10 1.35992e-10 2.39148e-10 4.96719e-10 1.05709e-09 2.22591e-09 4.60398e-09 9.33966e-09 1.85757e-08 3.62179e-08 6.92221e-08 1.29688e-07 2.38172e-07 4.28773e-07 7.56713e-07 1.30929e-06 2.2212e-06 3.69523e-06 6.02932e-06 9.65045e-06 1.51555e-05 2.33581e-05 3.53393e-05 5.24988e-05 7.66009e-05 0.000109809 0.000154699 0.000214246 0.000291766 0.00039082 0.00051506 0.000668016 0.000852847 0.00107204 0.00132711 0.00161828 0.00194423 0.00230189 0.00268641 0.00309114 0.00350789 0.00392724 0.00433896 0.0047325 0.00509757 0.00542453 0.00570481 0.00593123 0.00609807 0.00620126 0.0062383 0.00620831 0.00611202 0.00595176 0.0057315 0.0054568 0.00513478 0.00477391 0.00438376 0.0039746 0.00355691 0.00314091 0.00273603 0.0023505 0.00199102 0.00166255 0.00136827 0.00110964 0.000886585 0.000697762 0.00054082 0.000412731 0.000310066 0.000229252 0.00016678 0.000119354 8.40013e-05 5.81282e-05 3.95396e-05 2.64316e-05 1.73606e-05 1.12013e-05 7.09835e-06 4.41731e-06 2.69905e-06 1.61908e-06 9.53428e-07 5.51118e-07 3.12695e-07 1.74144e-07 9.51938e-08 5.10781e-08 2.69033e-08 1.39108e-08 7.06174e-09 3.52017e-09 1.72398e-09 8.31358e-10 3.99022e-10 2.0071e-10 
2.35339e-10 2.58761e-10 4.54836e-10 9.41693e-10 1.99665e-09 4.18836e-09 8.6296e-09 1.74373e-08 3.45425e-08 6.7075e-08 1.27666e-07 2.38172e-07 4.35515e-07 7.8059e-07 1.37142e-06 2.362e-06 3.98836e-06 6.60344e-06 1.0722e-05 1.70764e-05 2.66822e-05 4.09125e-05 6.15762e-05 9.09942e-05 0.000132065 0.000188307 0.000263868 0.000363484 0.000492377 0.000656078 0.000860175 0.00110998 0.00141012 0.0017641 0.00217383 0.00263917 0.00315756 0.00372378 0.00432989 0.0049653 0.00561714 0.00627077 0.00691046 0.00752016 0.00808427 0.00858832 0.0090195 0.00936714 0.00962281 0.00978049 0.00983656 0.00978973 0.00964108 0.00939406 0.00905454 0.00863078 0.00813337 0.00757501 0.00697009 0.00633415 0.00568317 0.00503285 0.00439779 0.00379087 0.00322272 0.0027014 0.00223225 0.00181799 0.00145897 0.00115348 0.000898222 0.000688761 0.000519945 0.000386312 0.000282422 0.000203106 0.000143646 9.98847e-05 6.82693e-05 4.5853e-05 3.0257e-05 1.96114e-05 1.24834e-05 7.80245e-06 4.78781e-06 2.88406e-06 1.70527e-06 9.89637e-07 5.63686e-07 3.15117e-07 1.72894e-07 9.31064e-08 4.9214e-08 2.55351e-08 1.30068e-08 6.50531e-09 3.19641e-09 1.54653e-09 7.4499e-10 3.76594e-10 
4.37001e-10 4.83162e-10 8.48699e-10 1.75131e-09 3.69918e-09 7.72961e-09 1.5863e-08 3.19248e-08 6.29831e-08 1.21792e-07 2.3083e-07 4.28773e-07 7.8059e-07 1.3928e-06 2.43581e-06 4.1756e-06 7.0171e-06 1.15616e-05 1.86796e-05 2.95998e-05 4.60126e-05 7.01837e-05 0.000105071 0.000154436 0.000222927 0.000316131 0.000440559 0.00060356 0.000813133 0.00107763 0.00140536 0.00180404 0.00228022 0.00283858 0.00348128 0.00420732 0.00501203 0.00588678 0.0068189 0.00779194 0.00878621 0.0097796 0.0107486 0.0116693 0.0125189 0.0132762 0.0139226 0.0144427 0.0148245 0.0150593 0.015142 0.0150709 0.0148474 0.0144765 0.0139666 0.0133297 0.012581 0.0117389 0.0108246 0.00986097 0.00887164 0.00788007 0.0069083 0.00597599 0.0050996 0.00429184 0.00356148 0.00291338 0.00234877 0.00186576 0.00145993 0.00112502 0.000853528 0.000637361 0.000468316 0.000338495 0.000240602 0.000168136 0.000115483 7.79394e-05 5.16745e-05 3.36497e-05 2.15172e-05 1.35089e-05 8.32568e-06 5.03659e-06 2.99042e-06 1.74254e-06 9.96479e-07 5.59227e-07 3.07996e-07 1.66478e-07 8.83165e-08 4.5987e-08 2.35061e-08 1.17967e-08 5.81594e-09 2.82354e-09 1.36525e-09 6.93629e-10 
7.96577e-10 8.85365e-10 1.55378e-09 3.19523e-09 6.72283e-09 1.39918e-08 2.85987e-08 5.73195e-08 1.12611e-07 2.16834e-07 4.09181e-07 7.56713e-07 1.37142e-06 2.43581e-06 4.24e-06 7.23383e-06 1.20975e-05 1.98335e-05 3.18825e-05 5.02616e-05 7.77223e-05 0.000117921 0.000175585 0.000256667 0.000368449 0.000519583 0.000720038 0.000980921 0.00131415 0.00173199 0.00224637 0.00286817 0.00360624 0.00446648 0.00545091 0.00655679 0.00777597 0.00909458 0.010493 0.0119463 0.0134252 0.0148971 0.0163278 0.0176831 0.01893 0.0200386 0.0209827 0.0217409 0.0222962 0.022637 0.0227559 0.0226508 0.0223236 0.0217812 0.0210354 0.0201027 0.0190046 0.0177672 0.0164204 0.0149969 0.0135309 0.0120565 0.010606 0.00920863 0.00788927 0.00666748 0.00555725 0.00456689 0.00369938 0.00295305 0.00232233 0.00179871 0.00137169 0.00102962 0.00076047 0.000552512 0.000394749 0.000277261 0.000191392 0.00012981 8.64834e-05 5.65851e-05 3.63521e-05 2.29267e-05 1.41931e-05 8.62352e-06 5.14196e-06 3.00874e-06 1.72757e-06 9.73381e-07 5.38182e-07 2.92006e-07 1.55488e-07 8.12592e-08 4.16841e-08 2.09929e-08 1.03857e-08 5.05972e-09 2.45592e-09 1.25418e-09 
1.42547e-09 1.59227e-09 2.79122e-09 5.71948e-09 1.1986e-08 2.48444e-08 5.05715e-08 1.00934e-07 1.97451e-07 3.78544e-07 7.1118e-07 1.30929e-06 2.362e-06 4.1756e-06 7.23383e-06 1.22817e-05 2.04377e-05 3.33382e-05 5.33162e-05 8.36112e-05 0.000128604 0.000194063 0.000287374 0.000417738 0.000596289 0.000836104 0.00115205 0.00156048 0.00207865 0.00272401 0.00351321 0.00446092 0.0055786 0.00687312 0.00834552 0.00998989 0.0117926 0.013732 0.0157785 0.0178954 0.0200402 0.0221663 0.0242253 0.0261692 0.0279523 0.0295334 0.0308769 0.0319533 0.0327403 0.0332219 0.0333887 0.0332375 0.0327711 0.0319989 0.0309364 0.0296061 0.0280373 0.0262655 0.0243321 0.0222825 0.0201647 0.0180267 0.015915 0.0138717 0.0119333 0.0101293 0.00848137 0.0070032 0.00570096 0.00457393 0.00361568 0.00281521 0.00215828 0.0016287 0.00120937 0.000883328 0.000634432 0.000447932 0.000310795 0.00021186 0.000141848 9.32614e-05 6.01997e-05 3.81441e-05 2.37213e-05 1.4477e-05 8.6699e-06 5.09469e-06 2.9375e-06 1.66185e-06 9.22506e-07 5.02488e-07 2.68589e-07 1.40893e-07 7.25401e-08 3.66643e-08 1.82031e-08 8.90011e-09 4.33703e-09 2.22642e-09 
2.50446e-09 2.8107e-09 4.92051e-09 1.00455e-08 2.09662e-08 4.32781e-08 8.77228e-08 1.74333e-07 3.39552e-07 6.48086e-07 1.21208e-06 2.2212e-06 3.98836e-06 7.0171e-06 1.20975e-05 2.04377e-05 3.38385e-05 5.49144e-05 8.73628e-05 0.000136274 0.000208471 0.000312848 0.000460683 0.000665869 0.000945025 0.00131742 0.00180467 0.00243017 0.00321822 0.00419289 0.00537654 0.00678823 0.00844192 0.0103447 0.0124952 0.0148822 0.0174837 0.0202669 0.0231883 0.0261954 0.029228 0.0322215 0.0351094 0.0378262 0.0403105 0.0425072 0.0443691 0.0458578 0.046944 0.0476071 0.0478349 0.0476234 0.0469764 0.0459058 0.0444319 0.0425842 0.0404009 0.0379294 0.035225 0.0323488 0.0293662 0.0263435 0.0233448 0.0204298 0.0176507 0.0150505 0.012662 0.010507 0.00859701 0.00693368 0.00551039 0.00431372 0.0033252 0.00252304 0.00188371 0.00138336 0.000998929 0.000709039 0.000494545 0.000338857 0.000228028 0.000150667 9.77284e-05 6.22182e-05 3.8873e-05 2.38323e-05 1.43361e-05 8.46111e-06 4.89934e-06 2.78332e-06 1.55136e-06 8.48409e-07 4.55268e-07 2.39736e-07 1.23895e-07 6.28519e-08 3.13185e-08 1.5369e-08 7.51955e-09 3.88069e-09 
4.32049e-09 4.87031e-09 8.51301e-09 1.73139e-08 3.59862e-08 7.39679e-08 1.49286e-07 2.95383e-07 5.72766e-07 1.08826e-06 2.02594e-06 3.69523e-06 6.60344e-06 1.15616e-05 1.98335e-05 3.33382e-05 5.49144e-05 8.86515e-05 0.000140284 0.000217639 0.000331107 0.000494102 0.000723447 0.00103963 0.00146687 0.00203283 0.00276814 0.00370535 0.00487765 0.00631713 0.00805274 0.0101081 0.0124989 0.015231 0.0182984 0.0216812 0.0253453 0.0292424 0.0333104 0.0374759 0.0416566 0.0457649 0.049712 0.0534116 0.0567834 0.0597562 0.0622694 0.0642744 0.0657342 0.0666233 0.0669266 0.0666391 0.0657655 0.0643206 0.06233 0.0598306 0.0568714 0.0535131 0.0498272 0.0458939 0.0417994 0.0376322 0.0334792 0.029422 0.0255335 0.0218749 0.0184943 0.0154254 0.0126881 0.0102886 0.00822174 0.00647215 0.00501701 0.00382812 0.00287411 0.00212244 0.00154107 0.00109981 0.000771212 0.000531211 0.000359319 0.00023862 0.000155547 9.95099e-05 6.24685e-05 3.84766e-05 2.3251e-05 1.37838e-05 8.01631e-06 4.57356e-06 2.55988e-06 1.40569e-06 7.5734e-07 4.0037e-07 2.07707e-07 1.05768e-07 5.28998e-08 2.60573e-08 1.28015e-08 6.64221e-09 
7.31919e-09 8.28498e-09 1.44566e-08 2.92876e-08 6.06153e-08 1.24055e-07 2.4928e-07 4.91042e-07 9.47846e-07 1.79261e-06 3.32151e-06 6.02932e-06 1.0722e-05 1.86796e-05 3.18825e-05 5.33162e-05 8.73628e-05 0.000140284 0.000220786 0.000340644 0.000515336 0.00076464 0.00111308 0.00159018 0.00223032 0.00307231 0.0041583 0.00553235 0.00723837 0.00931767 0.0118061 0.0147313 0.0181092 0.0219419 0.0262149 0.0308957 0.0359331 0.0412577 0.0467835 0.0524108 0.0580297 0.0635255 0.0687828 0.0736911 0.078149 0.0820672 0.0853708 0.0880003 0.0899109 0.0910719 0.0914653 0.0910852 0.0899373 0.0880392 0.0854218 0.0821301 0.078224 0.073779 0.0688846 0.0636426 0.0581634 0.0525618 0.0469519 0.0414426 0.0361325 0.0311067 0.0264339 0.0221644 0.0183306 0.014947 0.012012 0.00950993 0.00741422 0.00568981 0.00429634 0.00319076 0.0023298 0.00167193 0.00117881 0.00081633 0.000555091 0.000370539 0.000242764 0.000156078 9.84565e-05 6.09319e-05 3.69921e-05 2.20301e-05 1.28694e-05 7.37454e-06 4.14531e-06 2.28584e-06 1.23659e-06 6.56359e-07 3.41852e-07 1.74749e-07 8.77333e-08 4.33817e-08 2.14022e-08 1.11653e-08 
1.21773e-08 1.38378e-08 2.40997e-08 4.86293e-08 1.00213e-07 2.04198e-07 4.08498e-07 8.01035e-07 1.53909e-06 2.89714e-06 5.34239e-06 9.65045e-06 1.70764e-05 2.95998e-05 5.02616e-05 8.36112e-05 0.000136274 0.000217639 0.000340644 0.000522621 0.000786131 0.00115968 0.00167821 0.00238324 0.00332247 0.00454883 0.00611886 0.00809039 0.0105196 0.0134577 0.016947 0.0210174 0.0256822 0.0309358 0.0367504 0.0430751 0.0498355 0.0569352 0.0642579 0.0716719 0.0790352 0.0862011 0.0930249 0.0993695 0.105111 0.11014 0.114369 0.117727 0.120162 0.121638 0.122135 0.121647 0.120179 0.117752 0.114402 0.110181 0.10516 0.0994292 0.0930974 0.0862892 0.0791418 0.0717995 0.0644081 0.0571084 0.0500307 0.0432899 0.036981 0.0311775 0.0259295 0.0212644 0.0171882 0.0136878 0.0107342 0.00828608 0.00629338 0.00470104 0.00345227 0.00249147 0.00176644 0.00122997 0.000840859 0.000564261 0.000371598 0.000240119 0.000152223 9.46651e-05 5.77456e-05 3.45501e-05 2.02754e-05 1.16704e-05 6.58878e-06 3.64881e-06 1.98222e-06 1.05644e-06 5.52439e-07 2.8351e-07 1.42889e-07 7.09311e-08 3.51431e-08 1.84346e-08 
1.98998e-08 2.26955e-08 3.9444e-08 7.92685e-08 1.6264e-07 3.29934e-07 6.57056e-07 1.28252e-06 2.45267e-06 4.5948e-06 8.43171e-06 1.51555e-05 2.66822e-05 4.60126e-05 7.77223e-05 0.000128604 0.000208471 0.000331107 0.000515336 0.000786131 0.00117565 0.00172409 0.00248009 0.00350066 0.00485032 0.00659947 0.00882179 0.0115909 0.0149762 0.0190382 0.0238243 0.029363 0.0356611 0.042699 0.0504294 0.0587761 0.0676345 0.076874 0.0863421 0.0958699 0.105279 0.114387 0.123018 0.131009 0.138211 0.144499 0.14977 0.153945 0.156966 0.158794 0.159406 0.158796 0.15697 0.15395 0.149776 0.144506 0.138221 0.131025 0.123044 0.114426 0.105337 0.0959524 0.0864522 0.0770139 0.0678049 0.0589756 0.0506548 0.0429454 0.0359224 0.0296326 0.0240948 0.019303 0.0152288 0.0118262 0.00903576 0.00678949 0.00501513 0.00364026 0.00259558 0.00181739 0.00124926 0.000842834 0.000557983 0.000362424 0.000230923 0.00014432 8.84637e-05 5.31813e-05 3.13546e-05 1.81299e-05 1.02814e-05 5.71866e-06 3.11996e-06 1.66977e-06 8.76733e-07 4.51739e-07 2.28574e-07 1.13917e-07 5.6685e-08 2.98991e-08 
3.19453e-08 3.65563e-08 6.33922e-08 1.2687e-07 2.59159e-07 5.23378e-07 1.03754e-06 2.01579e-06 3.83667e-06 7.15276e-06 1.30609e-05 2.33581e-05 4.09125e-05 7.01837e-05 0.000117921 0.000194063 0.000312848 0.000494102 0.00076464 0.00115968 0.00172409 0.00251326 0.00359338 0.00504089 0.00694093 0.0093846 0.0124652 0.0162733 0.0208915 0.026388 0.0328111 0.0401837 0.0484986 0.0577156 0.0677594 0.0785203 0.0898555 0.101594 0.113541 0.125485 0.13721 0.148496 0.159138 0.168943 0.177744 0.185401 0.191799 0.196854 0.200503 0.202707 0.203441 0.2027 0.200489 0.196832 0.19177 0.185364 0.177703 0.1689 0.159099 0.148468 0.137199 0.1255 0.113586 0.101676 0.0899763 0.0786805 0.0679571 0.0579465 0.0487567 0.0404614 0.0331001 0.0266797 0.0211776 0.0165465 0.0127192 0.00961482 0.00714438 0.00521625 0.00374081 0.00263417 0.00182083 0.00123518 0.000822131 0.000536811 0.000343805 0.000215957 0.000133031 8.03623e-05 4.76054e-05 2.76545e-05 1.57542e-05 8.8017e-06 4.82289e-06 2.59213e-06 1.36669e-06 7.07051e-07 3.59189e-07 1.79733e-07 8.9827e-08 4.76435e-08 
5.03819e-08 5.78343e-08 1.00055e-07 1.99408e-07 4.05523e-07 8.15265e-07 1.60875e-06 3.11087e-06 5.89256e-06 1.09318e-05 1.98616e-05 3.53393e-05 6.15762e-05 0.000105071 0.000175585 0.000287374 0.000460683 0.000723447 0.00111308 0.00167821 0.00248009 0.00359338 0.0051061 0.00711833 0.00973956 0.0130845 0.0172679 0.0223973 0.0285665 0.0358478 0.0442849 0.0538873 0.0646256 0.0764293 0.0891857 0.102743 0.116911 0.131473 0.146187 0.160798 0.175049 0.188686 0.201474 0.213199 0.223677 0.232758 0.240322 0.246281 0.250573 0.25316 0.254019 0.253143 0.25054 0.246229 0.240252 0.232671 0.223575 0.213086 0.201357 0.188573 0.17495 0.160723 0.146144 0.131471 0.116956 0.102836 0.0893292 0.0766197 0.0648576 0.0541533 0.0445758 0.0361536 0.028877 0.0227026 0.0175593 0.0133549 0.00998362 0.00733278 0.0052896 0.00374634 0.00260432 0.00177654 0.00118893 0.000780486 0.0005025 0.000317268 0.000196427 0.000119246 7.09812e-05 4.1429e-05 2.37104e-05 1.33067e-05 7.32357e-06 3.95312e-06 2.09303e-06 1.08727e-06 5.54577e-07 2.7863e-07 1.39868e-07 7.45973e-08 
7.80728e-08 8.98804e-08 1.55112e-07 3.07837e-07 6.23232e-07 1.24726e-06 2.44982e-06 4.71489e-06 8.8877e-06 1.64069e-05 2.96586e-05 5.24988e-05 9.09942e-05 0.000154436 0.000256667 0.000417738 0.000665869 0.00103963 0.00159018 0.00238324 0.00350066 0.00504089 0.00711833 0.00986087 0.0134058 0.0178936 0.0234606 0.03023 0.038303 0.0477495 0.0586007 0.0708427 0.0844133 0.0992003 0.115044 0.131739 0.149045 0.16669 0.184384 0.201828 0.218727 0.234797 0.249779 0.263444 0.275599 0.28609 0.294798 0.301639 0.306555 0.309512 0.310491 0.309486 0.306502 0.301557 0.294688 0.285951 0.275433 0.263256 0.249576 0.234589 0.218525 0.201646 0.184233 0.166581 0.148987 0.131739 0.115105 0.099322 0.0845921 0.0710721 0.0588717 0.0480512 0.0386235 0.0305572 0.0237829 0.0182009 0.01369 0.0101161 0.00734099 0.00522981 0.00365659 0.00250851 0.00168815 0.00111425 0.000721232 0.000457759 0.000284863 0.000173802 0.000103964 6.09712e-05 3.50583e-05 1.97654e-05 1.09268e-05 5.92377e-06 3.14973e-06 1.64298e-06 8.41429e-07 4.24479e-07 2.14026e-07 1.14782e-07 
1.18886e-07 1.3723e-07 2.36222e-07 4.66828e-07 9.409e-07 1.87445e-06 3.66467e-06 7.01954e-06 1.31678e-05 2.41872e-05 4.35009e-05 7.66009e-05 0.000132065 0.000222927 0.000368449 0.000596289 0.000945025 0.00146687 0.00223032 0.00332247 0.00485032 0.00694093 0.00973956 0.0134058 0.0181072 0.024011 0.0312738 0.0400306 0.0503834 0.0623909 0.076061 0.0913445 0.108133 0.126262 0.145512 0.165619 0.186281 0.207173 0.227955 0.248288 0.267844 0.286317 0.303434 0.31896 0.332702 0.34451 0.354276 0.361923 0.367407 0.370699 0.371786 0.370664 0.367336 0.361815 0.354128 0.344322 0.332475 0.318699 0.303146 0.286013 0.267536 0.24799 0.227682 0.20694 0.1861 0.165501 0.145464 0.126286 0.10823 0.091509 0.0762859 0.0626654 0.0506945 0.0403644 0.0316161 0.0243483 0.0184281 0.0137011 0.0100029 0.00716871 0.00504165 0.00347863 0.00235425 0.00156253 0.00101689 0.000648842 0.000405877 0.000248896 0.000149624 8.81752e-05 5.09408e-05 2.88523e-05 1.60222e-05 8.72419e-06 4.65855e-06 2.44012e-06 1.25477e-06 6.35593e-07 3.21892e-07 1.73582e-07 
1.77913e-07 2.05867e-07 3.53443e-07 6.95533e-07 1.39562e-06 2.76776e-06 5.38612e-06 1.0268e-05 1.9168e-05 3.50335e-05 6.26867e-05 0.000109809 0.000188307 0.000316131 0.000519583 0.000836104 0.00131742 0.00203283 0.00307231 0.00454883 0.00659947 0.0093846 0.0130845 0.0178936 0.024011 0.0316297 0.040923 0.052031 0.0650475 0.0800086 0.0968851 0.115579 0.135922 0.157683 0.180575 0.204266 0.228392 0.252573 0.276424 0.299572 0.321666 0.342389 0.361465 0.378665 0.393808 0.406761 0.41743 0.425759 0.431715 0.435285 0.436462 0.435245 0.431632 0.425631 0.417254 0.406535 0.393533 0.378343 0.361103 0.341996 0.321256 0.29916 0.276027 0.252208 0.228075 0.204011 0.180394 0.157583 0.135907 0.115649 0.097035 0.0802289 0.0653256 0.0523517 0.0412698 0.031986 0.0243617 0.0182256 0.0133879 0.0096527 0.00682899 0.00473938 0.00322587 0.00215306 0.00140891 0.000903818 0.00056835 0.000350322 0.000211653 0.00012534 7.27575e-05 4.14005e-05 2.30943e-05 1.26303e-05 6.77319e-06 3.56252e-06 1.83941e-06 9.35541e-07 4.75892e-07 2.58028e-07 
2.6168e-07 3.03474e-07 5.19627e-07 1.01827e-06 2.0342e-06 4.01604e-06 7.77936e-06 1.47606e-05 2.74211e-05 4.98686e-05 8.87769e-05 0.000154699 0.000263868 0.000440559 0.000720038 0.00115205 0.00180467 0.00276814 0.0041583 0.00611886 0.00882179 0.0124652 0.0172679 0.0234606 0.0312738 0.040923 0.0525919 0.0664164 0.0824699 0.100752 0.12118 0.143593 0.167749 0.193338 0.219997 0.247322 0.274887 0.30226 0.329019 0.354769 0.379149 0.401844 0.422589 0.441175 0.457446 0.471294 0.482653 0.49149 0.497794 0.501565 0.502808 0.501522 0.497706 0.491353 0.482463 0.471047 0.45714 0.440811 0.422172 0.401382 0.378655 0.354257 0.328507 0.301766 0.27443 0.246921 0.219668 0.193094 0.167598 0.143541 0.121226 0.10089 0.0826885 0.0667007 0.0529239 0.0412834 0.0316437 0.0238228 0.0176082 0.0127732 0.009091 0.00634649 0.00434478 0.00291631 0.00191896 0.0012377 0.000782437 0.000484778 0.000294366 0.00017518 0.000102175 5.841e-05 3.273e-05 1.79787e-05 9.68244e-06 5.11382e-06 2.65108e-06 1.35384e-06 6.91694e-07 3.77056e-07 
3.78314e-07 4.39634e-07 7.50739e-07 1.46505e-06 2.91396e-06 5.72736e-06 1.10438e-05 2.08566e-05 3.85598e-05 6.97794e-05 0.000123592 0.000214246 0.000363484 0.00060356 0.000980921 0.00156048 0.00243017 0.00370535 0.00553235 0.00809039 0.0115909 0.0162733 0.0223973 0.03023 0.0400306 0.052031 0.0664164 0.0833063 0.102739 0.124661 0.148921 0.175277 0.203402 0.232898 0.263319 0.294189 0.325023 0.355346 0.384713 0.412718 0.439005 0.463279 0.485304 0.504902 0.521955 0.536391 0.548179 0.557316 0.563817 0.567699 0.568978 0.567658 0.563732 0.557183 0.547991 0.536142 0.521642 0.504523 0.48486 0.462777 0.438454 0.412131 0.384107 0.35474 0.324436 0.293644 0.262836 0.232496 0.203097 0.17508 0.148837 0.124688 0.102871 0.0835287 0.0667112 0.0523771 0.0404057 0.0306127 0.0227688 0.0166187 0.0118997 0.00835671 0.00575436 0.00388452 0.00257034 0.00166688 0.00105936 0.000659759 0.000402642 0.000240794 0.000141116 8.10459e-05 4.56184e-05 2.51678e-05 1.36115e-05 7.21852e-06 3.75721e-06 1.92643e-06 9.88497e-07 5.41701e-07 
5.37634e-07 6.2594e-07 1.06599e-06 2.07175e-06 4.10298e-06 8.02911e-06 1.54128e-05 2.89734e-05 5.33118e-05 9.60037e-05 0.000169186 0.000291766 0.000492377 0.000813133 0.00131415 0.00207865 0.00321822 0.00487765 0.00723837 0.0105196 0.0149762 0.0208915 0.0285665 0.038303 0.0503834 0.0650475 0.0824699 0.102739 0.125841 0.151652 0.179936 0.210355 0.242485 0.275834 0.309872 0.344054 0.377846 0.410742 0.442286 0.47208 0.499794 0.525167 0.548005 0.56818 0.58562 0.600299 0.612228 0.621438 0.627971 0.631866 0.63315 0.631831 0.627898 0.621321 0.612059 0.600072 0.585327 0.567816 0.547569 0.52466 0.499222 0.471453 0.441618 0.410051 0.377152 0.343381 0.309244 0.275274 0.242016 0.209997 0.1797 0.151544 0.125859 0.102873 0.0827035 0.0653584 0.0507467 0.0386935 0.0289605 0.0212692 0.0153226 0.0108249 0.00749758 0.00509031 0.00338705 0.00220853 0.00141107 0.000883355 0.000541816 0.000325611 0.000191729 0.000110621 6.25435e-05 3.46545e-05 1.88206e-05 1.00215e-05 5.2368e-06 2.69568e-06 1.38911e-06 7.65181e-07 
7.51101e-07 8.75945e-07 1.48774e-06 2.87981e-06 5.67935e-06 1.10663e-05 2.11497e-05 3.95776e-05 7.24838e-05 0.000129901 0.000227787 0.00039082 0.000656078 0.00107763 0.00173199 0.00272401 0.00419289 0.00631713 0.00931767 0.0134577 0.0190382 0.026388 0.0358478 0.0477495 0.0623909 0.0800086 0.100752 0.124661 0.151652 0.181513 0.213907 0.24839 0.284432 0.321444 0.358817 0.395944 0.432253 0.467225 0.500413 0.531444 0.560032 0.585965 0.60911 0.629396 0.64681 0.661376 0.673151 0.682205 0.688607 0.692417 0.693675 0.692392 0.688553 0.682116 0.673019 0.661191 0.646562 0.629078 0.608715 0.585491 0.559479 0.530819 0.499723 0.466487 0.431484 0.395168 0.358061 0.320737 0.283802 0.247864 0.213506 0.181251 0.151534 0.124683 0.1009 0.0802622 0.0627236 0.0481326 0.0362533 0.0267908 0.0194183 0.0138005 0.00961461 0.00656499 0.00439271 0.00287986 0.00184974 0.00116394 0.000717485 0.000433272 0.000256322 0.000148562 8.43643e-05 4.69441e-05 2.55999e-05 1.36856e-05 7.17927e-06 3.70991e-06 1.91973e-06 1.0628e-06 
1.0316e-06 1.2049e-06 2.04099e-06 3.93529e-06 7.72913e-06 1.49974e-05 2.85398e-05 5.31705e-05 9.69336e-05 0.000172899 0.000301711 0.00051506 0.000860175 0.00140536 0.00224637 0.00351321 0.00537654 0.00805274 0.0118061 0.016947 0.0238243 0.0328111 0.0442849 0.0586007 0.076061 0.0968851 0.12118 0.148921 0.179936 0.213907 0.250385 0.288809 0.328539 0.368895 0.409194 0.448782 0.487067 0.523534 0.557763 0.589428 0.618302 0.644241 0.66718 0.687118 0.704103 0.718216 0.729561 0.738243 0.744363 0.747998 0.749201 0.747986 0.744335 0.738192 0.729478 0.71809 0.703922 0.686872 0.666858 0.643836 0.617809 0.588846 0.557096 0.522791 0.486264 0.447941 0.408341 0.368062 0.32776 0.288119 0.249815 0.21348 0.179665 0.14881 0.121221 0.0970595 0.076343 0.0589595 0.0446886 0.0332296 0.0242319 0.0173243 0.01214 0.00833658 0.00560904 0.00369714 0.00238715 0.00150974 0.000935243 0.000567471 0.000337266 0.00019635 0.000111983 6.25725e-05 3.42599e-05 1.83865e-05 9.68185e-06 5.02206e-06 2.60927e-06 1.45162e-06 
1.39299e-06 1.62924e-06 2.75255e-06 5.28711e-06 1.0343e-05 1.99879e-05 3.78781e-05 7.02646e-05 0.000127528 0.000226424 0.000393237 0.000668016 0.00110998 0.00180404 0.00286817 0.00446092 0.00678823 0.0101081 0.0147313 0.0210174 0.029363 0.0401837 0.0538873 0.0708427 0.0913445 0.115579 0.143593 0.175277 0.210355 0.24839 0.288809 0.330929 0.374006 0.417274 0.45999 0.50147 0.54112 0.578451 0.61309 0.644778 0.673358 0.698768 0.721021 0.740188 0.756383 0.769743 0.780416 0.788544 0.794253 0.797638 0.798761 0.79764 0.794254 0.788537 0.780391 0.769688 0.756285 0.740034 0.720797 0.698462 0.672959 0.644278 0.612488 0.577748 0.540326 0.500604 0.459077 0.416347 0.373103 0.330091 0.288074 0.247794 0.209921 0.175018 0.143507 0.115654 0.0915561 0.0711595 0.0542744 0.0406065 0.0297905 0.0214244 0.0150999 0.0104275 0.00705434 0.00467455 0.00303383 0.00192834 0.00120034 0.000731737 0.000436862 0.000255445 0.000146301 8.20801e-05 4.51169e-05 2.43049e-05 1.28454e-05 6.6875e-06 3.48827e-06 1.9498e-06 
1.84939e-06 2.16571e-06 3.64955e-06 6.98434e-06 1.36109e-05 2.62003e-05 4.94511e-05 9.13511e-05 0.000165085 0.000291801 0.000504444 0.000852847 0.00141012 0.00228022 0.00360624 0.0055786 0.00844192 0.0124989 0.0181092 0.0256822 0.0356611 0.0484986 0.0646256 0.0844133 0.108133 0.135922 0.167749 0.203402 0.242485 0.284432 0.328539 0.374006 0.41999 0.46565 0.510202 0.552953 0.593328 0.630885 0.665318 0.696445 0.724199 0.748602 0.76975 0.787789 0.802896 0.815262 0.825074 0.832507 0.837706 0.840784 0.841808 0.8408 0.837736 0.832544 0.825109 0.815282 0.802889 0.787738 0.76964 0.748416 0.723921 0.696061 0.664818 0.630264 0.592589 0.552107 0.509271 0.464666 0.418994 0.373043 0.327656 0.283673 0.241885 0.202984 0.167522 0.13588 0.108256 0.0846706 0.0649807 0.0489131 0.0360989 0.0261127 0.018509 0.0128525 0.00874169 0.00582292 0.00379825 0.00242604 0.00151729 0.000929172 0.00055718 0.000327181 0.000188153 0.000105977 5.84731e-05 3.16153e-05 1.67685e-05 8.76089e-06 4.58715e-06 2.57568e-06 
2.41423e-06 2.83026e-06 4.75756e-06 9.07272e-06 1.76157e-05 3.3782e-05 6.35144e-05 0.000116861 0.00021031 0.000370142 0.000637028 0.00107204 0.0017641 0.00283858 0.00446648 0.00687312 0.0103447 0.015231 0.0219419 0.0309358 0.042699 0.0577156 0.0764293 0.0992003 0.126262 0.157683 0.193338 0.232898 0.275834 0.321444 0.368895 0.417274 0.46565 0.513128 0.558902 0.60229 0.642761 0.679938 0.713596 0.743647 0.770115 0.793116 0.812827 0.829464 0.843264 0.854464 0.863286 0.86993 0.874557 0.87729 0.878203 0.87732 0.874614 0.870008 0.863378 0.854557 0.843346 0.829519 0.812836 0.793061 0.769974 0.7434 0.713227 0.679433 0.642114 0.601507 0.557997 0.51213 0.464599 0.416218 0.367887 0.320538 0.275075 0.232321 0.192962 0.157511 0.126281 0.0993817 0.0767369 0.0581086 0.0431367 0.0313821 0.0223679 0.0156163 0.0106773 0.00714843 0.00468583 0.00300719 0.00188938 0.00116216 0.000699862 0.000412652 0.000238242 0.000134699 7.45921e-05 4.04726e-05 2.15398e-05 1.12921e-05 5.93405e-06 3.34643e-06 
3.099e-06 3.63656e-06 6.09828e-06 1.15903e-05 2.24249e-05 4.28505e-05 8.02665e-05 0.000147118 0.000263712 0.000462218 0.0007921 0.00132711 0.00217383 0.00348128 0.00545091 0.00834552 0.0124952 0.0182984 0.0262149 0.0367504 0.0504294 0.0677594 0.0891857 0.115044 0.145512 0.180575 0.219997 0.263319 0.309872 0.358817 0.409194 0.45999 0.510202 0.558902 0.605283 0.6487 0.688682 0.724936 0.757333 0.785882 0.810707 0.83201 0.850048 0.865103 0.877461 0.887397 0.895162 0.90097 0.904998 0.907371 0.908167 0.907411 0.905077 0.901083 0.895302 0.887554 0.877623 0.865255 0.850172 0.832084 0.810707 0.785784 0.757112 0.724572 0.68816 0.648016 0.604444 0.55793 0.509135 0.458876 0.408091 0.357784 0.308967 0.262587 0.21947 0.180265 0.145414 0.115135 0.0894315 0.0681176 0.050856 0.0372041 0.0266613 0.0187116 0.0128588 0.00865139 0.00569802 0.00367356 0.00231827 0.00143205 0.000865925 0.000512579 0.000297055 0.000168562 9.36714e-05 5.0996e-05 2.72291e-05 1.43212e-05 7.55211e-06 4.27651e-06 
3.91194e-06 4.59444e-06 7.68685e-06 1.45627e-05 2.8082e-05 5.34776e-05 9.9821e-05 0.000182293 0.000325529 0.000568331 0.000969982 0.00161828 0.00263917 0.00420732 0.00655679 0.00998989 0.0148822 0.0216812 0.0308957 0.0430751 0.0587761 0.0785203 0.102743 0.131739 0.165619 0.204266 0.247322 0.294189 0.344054 0.395944 0.448782 0.50147 0.552953 0.60229 0.6487 0.691592 0.730576 0.765455 0.796202 0.822931 0.845861 0.865278 0.881509 0.894891 0.905753 0.914399 0.921095 0.926069 0.929499 0.931515 0.932195 0.931564 0.929595 0.926208 0.921273 0.914607 0.905983 0.895128 0.881735 0.865472 0.845998 0.822982 0.796138 0.765246 0.730201 0.691036 0.647962 0.601384 0.55191 0.500336 0.447617 0.394813 0.343022 0.293313 0.246646 0.203814 0.165395 0.131728 0.102914 0.0788312 0.0591804 0.0435272 0.0313558 0.0221179 0.0152742 0.0103252 0.00683152 0.00442374 0.00280352 0.00173885 0.00105556 0.000627184 0.000364785 0.000207713 0.000115812 6.3252e-05 3.38782e-05 1.78734e-05 9.45659e-06 5.37588e-06 
