1.5656e-13 1.59056e-13 2.70385e-13 5.60747e-13 1.20329e-12 2.56256e-12 5.36929e-12 1.10495e-11 2.2325e-11 4.42822e-11 8.62281e-11 1.64837e-10 3.09356e-10 5.70009e-10 1.03121e-09 1.83185e-09 3.19555e-09 5.47464e-09 9.21226e-09 1.52274e-08 2.47277e-08 3.9454e-08 6.18583e-08 9.53131e-08 1.44345e-07 2.14875e-07 3.14446e-07 4.52394e-07 6.39926e-07 8.90045e-07 1.21728e-06 1.63713e-06 2.1653e-06 2.81656e-06 3.60341e-06 4.53456e-06 5.61341e-06 6.8366e-06 8.193e-06 9.66305e-06 1.12189e-05 1.28252e-05 1.44404e-05 1.60191e-05 1.75141e-05 1.8879e-05 2.00705e-05 2.10504e-05 2.17875e-05 2.2258e-05 2.24472e-05 2.23491e-05 2.19667e-05 2.13124e-05 2.04073e-05 1.92805e-05 1.79684e-05 1.65129e-05 1.49598e-05 1.33562e-05 1.1748e-05 1.01779e-05 8.68292e-06 7.29291e-06 6.02969e-06 4.90675e-06 3.92966e-06 3.09705e-06 2.40186e-06 1.8329e-06 1.37629e-06 1.01683e-06 7.39165e-07 5.28667e-07 3.72011e-07 2.5754e-07 1.754e-07 1.17514e-07 7.74459e-08 5.02025e-08 3.20067e-08 2.00684e-08 1.23739e-08 7.50228e-09 4.47238e-09 2.6213e-09 1.51043e-09 8.55592e-10 4.76433e-10 2.6079e-10 1.40324e-10 7.42194e-11 3.85885e-11 1.97225e-11 9.90959e-12 4.89536e-12 2.3786e-12 1.13875e-12 5.41855e-13 2.67528e-13 
1.59056e-13 1.61792e-13 2.77548e-13 5.80893e-13 1.25661e-12 2.69619e-12 5.68979e-12 1.17899e-11 2.39793e-11 4.78676e-11 9.37814e-11 1.80328e-10 3.40326e-10 6.30416e-10 1.14627e-09 2.04599e-09 3.58522e-09 6.16831e-09 1.04208e-08 1.72892e-08 2.81732e-08 4.50962e-08 7.09151e-08 1.09569e-07 1.66353e-07 2.48212e-07 3.64003e-07 5.24705e-07 7.43518e-07 1.03577e-06 1.41862e-06 1.91039e-06 2.52964e-06 3.29386e-06 4.21787e-06 5.31201e-06 6.58035e-06 8.01896e-06 9.61468e-06 1.13444e-05 1.31753e-05 1.50654e-05 1.69659e-05 1.88231e-05 2.05813e-05 2.2186e-05 2.35862e-05 2.47372e-05 2.56023e-05 2.61539e-05 2.63747e-05 2.62576e-05 2.58064e-05 2.50356e-05 2.39698e-05 2.26434e-05 2.1099e-05 1.9386e-05 1.75582e-05 1.56711e-05 1.3779e-05 1.19321e-05 1.0174e-05 8.54005e-06 7.05585e-06 5.73722e-06 4.59063e-06 3.61433e-06 2.7999e-06 2.13401e-06 1.60021e-06 1.18049e-06 8.56735e-07 6.11659e-07 4.29571e-07 2.96759e-07 2.01646e-07 1.34762e-07 8.85745e-08 5.72504e-08 3.63867e-08 2.27388e-08 1.39706e-08 8.43831e-09 5.01016e-09 2.92398e-09 1.67726e-09 9.45592e-10 5.23927e-10 2.85292e-10 1.5267e-10 8.02909e-11 4.14985e-11 2.10798e-11 1.05243e-11 5.1649e-12 2.49251e-12 1.18484e-12 5.59509e-13 2.73926e-13 
2.70385e-13 2.77548e-13 4.79598e-13 1.00708e-12 2.1823e-12 4.68783e-12 9.90142e-12 2.05299e-11 4.17726e-11 8.34017e-11 1.63391e-10 3.14092e-10 5.92476e-10 1.0967e-09 1.99223e-09 3.55184e-09 6.21548e-09 1.0677e-08 1.80064e-08 2.98172e-08 4.8487e-08 7.74399e-08 1.21491e-07 1.87253e-07 2.83577e-07 4.22018e-07 6.1725e-07 8.8738e-07 1.25407e-06 1.74234e-06 2.38006e-06 3.19681e-06 4.22234e-06 5.48443e-06 7.00629e-06 8.8037e-06 1.08821e-05 1.32338e-05 1.58364e-05 1.86514e-05 2.16248e-05 2.46884e-05 2.7763e-05 3.07621e-05 3.35966e-05 3.61793e-05 3.84292e-05 4.02757e-05 4.16605e-05 4.25405e-05 4.28884e-05 4.26933e-05 4.19616e-05 4.0716e-05 3.89959e-05 3.68555e-05 3.43629e-05 3.15967e-05 2.86427e-05 2.55899e-05 2.25256e-05 1.95306e-05 1.66757e-05 1.40182e-05 1.16003e-05 9.44824e-06 7.57347e-06 5.97396e-06 4.63685e-06 3.54122e-06 2.66091e-06 1.96714e-06 1.43069e-06 1.02363e-06 7.2044e-07 4.98751e-07 3.396e-07 2.27414e-07 1.49758e-07 9.69726e-08 6.17378e-08 3.86415e-08 2.37747e-08 1.43779e-08 8.54586e-09 4.99186e-09 2.86541e-09 1.61622e-09 8.95757e-10 4.87797e-10 2.61001e-10 1.37214e-10 7.08791e-11 3.59759e-11 1.79435e-11 8.79533e-12 4.23854e-12 2.01162e-12 9.48383e-13 4.63904e-13 
5.60747e-13 5.80893e-13 1.00708e-12 2.11277e-12 4.56903e-12 9.79217e-12 2.06319e-11 4.26691e-11 8.65865e-11 1.72391e-10 3.36741e-10 6.45356e-10 1.21348e-09 2.23882e-09 4.05305e-09 7.20046e-09 1.25544e-08 2.14851e-08 3.60944e-08 5.95339e-08 9.64219e-08 1.5337e-07 2.3962e-07 3.67787e-07 5.54656e-07 8.21997e-07 1.19728e-06 1.71419e-06 2.41275e-06 3.3389e-06 4.54335e-06 6.07958e-06 8.00082e-06 1.03562e-05 1.31859e-05 1.65162e-05 2.03543e-05 2.46834e-05 2.94602e-05 3.46123e-05 4.004e-05 4.56187e-05 5.12046e-05 5.66418e-05 6.17703e-05 6.64345e-05 7.04906e-05 7.38131e-05 7.62997e-05 7.7874e-05 7.84885e-05 7.81247e-05 7.67936e-05 7.45362e-05 7.14219e-05 6.75473e-05 6.30333e-05 5.80199e-05 5.26607e-05 4.71149e-05 4.15395e-05 3.60808e-05 3.08673e-05 2.60039e-05 2.15686e-05 1.7611e-05 1.4154e-05 1.11961e-05 8.71578e-06 6.67689e-06 5.03318e-06 3.73323e-06 2.72441e-06 1.95603e-06 1.38154e-06 9.5984e-07 6.55905e-07 4.40806e-07 2.91321e-07 1.89307e-07 1.20944e-07 7.5958e-08 4.68909e-08 2.84501e-08 1.69635e-08 9.93916e-09 5.72204e-09 3.23663e-09 1.79869e-09 9.82037e-10 5.26744e-10 2.77571e-10 1.437e-10 7.30909e-11 3.65275e-11 1.79383e-11 8.65998e-12 4.11722e-12 1.94489e-12 9.54436e-13 
1.20329e-12 1.25661e-12 2.1823e-12 4.56903e-12 9.85249e-12 2.10509e-11 4.42142e-11 9.11445e-11 1.84343e-10 3.65775e-10 7.11999e-10 1.35965e-09 2.5472e-09 4.6818e-09 8.44307e-09 1.49404e-08 2.59444e-08 4.42176e-08 7.39734e-08 1.21492e-07 1.95921e-07 3.10276e-07 4.82638e-07 7.37522e-07 1.10735e-06 1.63387e-06 2.36945e-06 3.37783e-06 4.73421e-06 6.5243e-06 8.84198e-06 1.17854e-05 1.54511e-05 1.99272e-05 2.52842e-05 3.15661e-05 3.87806e-05 4.68917e-05 5.58139e-05 6.54097e-05 7.54916e-05 8.58281e-05 9.61541e-05 0.000106184 0.000115626 0.000124197 0.000131638 0.000137722 0.000142266 0.000145134 0.00014624 0.000145552 0.000143091 0.000138931 0.000133196 0.000126062 0.000117746 0.000108502 9.86093e-05 8.83579e-05 7.8035e-05 6.79095e-05 5.82187e-05 4.9158e-05 4.08742e-05 3.34629e-05 2.69702e-05 2.13977e-05 1.67099e-05 1.2843e-05 9.71448e-06 7.23094e-06 5.29613e-06 3.81658e-06 2.70585e-06 1.88712e-06 1.29454e-06 8.73374e-07 5.79432e-07 3.77978e-07 2.42402e-07 1.52813e-07 9.46851e-08 5.76573e-08 3.4501e-08 2.02849e-08 1.17178e-08 6.64995e-09 3.70743e-09 2.03046e-09 1.09239e-09 5.7733e-10 2.99737e-10 1.52877e-10 7.66055e-11 3.77179e-11 1.82552e-11 8.70117e-12 4.12187e-12 2.03111e-12 
2.56256e-12 2.69619e-12 4.68783e-12 9.79217e-12 2.10509e-11 4.48328e-11 9.38545e-11 1.92824e-10 3.88652e-10 7.68453e-10 1.49045e-09 2.83572e-09 5.29252e-09 9.69024e-09 1.74064e-08 3.06775e-08 5.30534e-08 9.00416e-08 1.49993e-07 2.45279e-07 3.9381e-07 6.20907e-07 9.61519e-07 1.46272e-06 2.18635e-06 3.21152e-06 4.63672e-06 6.58102e-06 9.18388e-06 1.2603e-05 1.70098e-05 2.25815e-05 2.94912e-05 3.78937e-05 4.79106e-05 5.96129e-05 7.30052e-05 8.80117e-05 0.000104467 0.000122113 0.000140601 0.000159509 0.000178354 0.000196618 0.000213778 0.000229327 0.000242802 0.000253801 0.000262 0.000267158 0.000269126 0.000267847 0.000263359 0.000255793 0.000245372 0.000232407 0.000217285 0.000200461 0.000182434 0.000163726 0.000144855 0.000126308 0.00010852 9.18482e-05 7.65664e-05 6.28559e-05 5.08085e-05 4.04354e-05 3.16796e-05 2.44314e-05 1.85451e-05 1.38543e-05 1.01852e-05 7.36792e-06 5.24394e-06 3.67163e-06 2.52867e-06 1.71277e-06 1.14082e-06 7.4712e-07 4.8101e-07 3.04403e-07 1.89329e-07 1.1572e-07 6.94976e-08 4.10073e-08 2.3771e-08 1.35362e-08 7.57167e-09 4.16021e-09 2.24524e-09 1.19025e-09 6.19792e-10 3.17036e-10 1.59314e-10 7.86571e-11 3.81727e-11 1.82443e-11 8.66867e-12 4.29e-12 
5.36929e-12 5.68979e-12 9.90142e-12 2.06319e-11 4.42142e-11 9.38545e-11 1.95817e-10 4.00924e-10 8.05263e-10 1.58648e-09 3.0658e-09 5.81112e-09 1.08042e-08 1.97044e-08 3.52531e-08 6.18773e-08 1.06564e-07 1.80091e-07 2.98702e-07 4.86314e-07 7.77329e-07 1.22007e-06 1.88079e-06 2.84812e-06 4.23768e-06 6.19632e-06 8.90556e-06 1.25832e-05 1.74824e-05 2.38872e-05 3.21032e-05 4.2444e-05 5.52115e-05 7.06719e-05 8.90279e-05 0.00011039 0.000134747 0.000161946 0.000191674 0.000223456 0.000256663 0.000290533 0.000324208 0.000356775 0.00038731 0.000414927 0.000438818 0.000458288 0.000472771 0.000481856 0.000485284 0.00048296 0.000474952 0.000461485 0.00044295 0.000419884 0.000392964 0.000362984 0.000330818 0.000297385 0.000263599 0.000230326 0.000198339 0.000168286 0.000140662 0.000115805 9.38951e-05 7.49661e-05 5.89316e-05 4.56085e-05 3.47466e-05 2.60557e-05 1.92294e-05 1.39653e-05 9.97927e-06 7.01541e-06 4.8512e-06 3.29929e-06 2.20648e-06 1.45084e-06 9.3781e-07 5.95822e-07 3.7202e-07 2.28247e-07 1.37589e-07 8.14808e-08 4.74006e-08 2.70857e-08 1.52021e-08 8.38027e-09 4.53733e-09 2.41286e-09 1.26028e-09 6.46576e-10 3.25854e-10 1.61339e-10 7.85172e-11 3.76321e-11 1.79363e-11 8.91545e-12 
1.10495e-11 1.17899e-11 2.05299e-11 4.26691e-11 9.11445e-11 1.92824e-10 4.00924e-10 8.17995e-10 1.63709e-09 3.21353e-09 6.18685e-09 1.16823e-08 2.16356e-08 3.93015e-08 7.00284e-08 1.22406e-07 2.09912e-07 3.53215e-07 5.83271e-07 9.45372e-07 1.50424e-06 2.35017e-06 3.6061e-06 5.43535e-06 8.04936e-06 1.17148e-05 1.67586e-05 2.35703e-05 3.25985e-05 4.43425e-05 5.93344e-05 7.81144e-05 0.000101195 0.000129022 0.000161921 0.000200053 0.000243367 0.00029156 0.000344056 0.000400002 0.000458284 0.000517569 0.000576366 0.000633096 0.000686175 0.000734091 0.000775469 0.000809128 0.000834121 0.000849749 0.000855585 0.000851469 0.000837515 0.000814111 0.000781913 0.000741834 0.000695026 0.000642837 0.000586766 0.000528386 0.000469276 0.000410936 0.000354715 0.00030175 0.000252927 0.000208858 0.000169882 0.000136091 0.000107359 8.33931e-05 6.37743e-05 4.801e-05 3.5574e-05 2.5941e-05 1.86135e-05 1.31399e-05 9.12437e-06 6.23145e-06 4.18481e-06 2.76305e-06 1.7933e-06 1.14394e-06 7.17082e-07 4.41664e-07 2.67251e-07 1.58856e-07 9.27486e-08 5.31863e-08 2.99544e-08 1.65682e-08 8.99999e-09 4.80134e-09 2.51565e-09 1.29457e-09 6.54362e-10 3.24935e-10 1.58585e-10 7.6227e-11 3.64477e-11 1.8198e-11 
2.2325e-11 2.39793e-11 4.17726e-11 8.65865e-11 1.84343e-10 3.88652e-10 8.05263e-10 1.63709e-09 3.26443e-09 6.38412e-09 1.22444e-08 2.30308e-08 4.2484e-08 7.68606e-08 1.36386e-07 2.37388e-07 4.0534e-07 6.7906e-07 1.11632e-06 1.80111e-06 2.85261e-06 4.43594e-06 6.7743e-06 1.0162e-05 1.49772e-05 2.1693e-05 3.0885e-05 4.32328e-05 5.95129e-05 8.05809e-05 0.00010734 0.000140696 0.000181496 0.000230458 0.000288092 0.000354613 0.000429874 0.000513297 0.000603849 0.000700033 0.000799925 0.00090125 0.00100148 0.00109795 0.00118802 0.00126916 0.00133911 0.00139591 0.001438 0.00146424 0.00147394 0.00146683 0.00144312 0.00140343 0.00134885 0.00128088 0.00120144 0.00111276 0.00101734 0.000917806 0.000816821 0.000716918 0.000620394 0.000529205 0.000444887 0.000368528 0.000300757 0.000241781 0.000191439 0.000149272 0.000114607 8.66282e-05 6.44558e-05 4.72007e-05 3.40129e-05 2.41142e-05 1.68172e-05 1.15347e-05 7.77945e-06 5.15822e-06 3.36186e-06 2.15336e-06 1.35531e-06 8.38074e-07 5.09089e-07 3.03756e-07 1.78006e-07 1.02446e-07 5.79012e-08 3.21362e-08 1.75152e-08 9.37466e-09 4.92751e-09 2.54363e-09 1.28964e-09 6.42305e-10 3.14399e-10 1.5157e-10 7.27105e-11 3.64698e-11 
4.42822e-11 4.78676e-11 8.34017e-11 1.72391e-10 3.65775e-10 7.68453e-10 1.58648e-09 3.21353e-09 6.38412e-09 1.24378e-08 2.37627e-08 4.45193e-08 8.17919e-08 1.47365e-07 2.60393e-07 4.51283e-07 7.67185e-07 1.2795e-06 2.09382e-06 3.36256e-06 5.30054e-06 8.20321e-06 1.24669e-05 1.86103e-05 2.72943e-05 3.93393e-05 5.57344e-05 7.76375e-05 0.000106359 0.000143329 0.000190039 0.000247967 0.000318472 0.000402677 0.000501341 0.000614721 0.000742461 0.000883501 0.00103603 0.00119748 0.00136462 0.00153365 0.0017004 0.00186051 0.00200964 0.00214373 0.00225909 0.0023526 0.00242176 0.00246476 0.00248048 0.00246853 0.00242922 0.00236357 0.00227331 0.00216088 0.00202933 0.00188229 0.00172381 0.00155819 0.00138977 0.00122274 0.00106092 0.000907587 0.000765344 0.000636075 0.000520918 0.00042031 0.000334074 0.00026153 0.000201621 0.000153044 0.000114363 8.41142e-05 6.08807e-05 4.33544e-05 3.03697e-05 2.09224e-05 1.41729e-05 9.4383e-06 6.17779e-06 3.97373e-06 2.51139e-06 1.55926e-06 9.50934e-07 5.6959e-07 3.35055e-07 1.93544e-07 1.09782e-07 6.11455e-08 3.34405e-08 1.79583e-08 9.47012e-09 4.90419e-09 2.49423e-09 1.24605e-09 6.11763e-10 2.95826e-10 1.4239e-10 7.1753e-11 
8.62281e-11 9.37814e-11 1.63391e-10 3.36741e-10 7.11999e-10 1.49045e-09 3.0658e-09 6.18685e-09 1.22444e-08 2.37627e-08 4.52198e-08 8.4378e-08 1.54384e-07 2.76988e-07 4.87337e-07 8.40901e-07 1.42316e-06 2.36272e-06 3.84848e-06 6.15125e-06 9.64992e-06 1.48616e-05 2.24748e-05 3.33828e-05 4.87148e-05 6.98597e-05 9.84779e-05 0.000136494 0.000186064 0.000249515 0.000329247 0.000427601 0.000546692 0.000688215 0.000853242 0.00104202 0.00125377 0.00148662 0.00173745 0.002002 0.00227496 0.00255014 0.00282084 0.00308007 0.00332097 0.0035371 0.00372269 0.00387284 0.00398369 0.00405241 0.00407729 0.00405772 0.00399419 0.0038883 0.00374275 0.00356133 0.00334885 0.00311101 0.00285421 0.00258528 0.00231116 0.00203858 0.00177372 0.00152195 0.00128759 0.00107381 0.000882621 0.000714891 0.000570492 0.000448464 0.000347214 0.000264714 0.000198693 0.0001468 0.000106736 7.63568e-05 5.37323e-05 3.71859e-05 2.53035e-05 1.69257e-05 1.11273e-05 7.18827e-06 4.56222e-06 2.84431e-06 1.74167e-06 1.04736e-06 6.1848e-07 3.58613e-07 2.04163e-07 1.14122e-07 6.26324e-08 3.37503e-08 1.78575e-08 9.27794e-09 4.7338e-09 2.3723e-09 1.16832e-09 5.66723e-10 2.73726e-10 1.38593e-10 
1.64837e-10 1.80328e-10 3.14092e-10 6.45356e-10 1.35965e-09 2.83572e-09 5.81112e-09 1.16823e-08 2.30308e-08 4.45193e-08 8.4378e-08 1.56799e-07 2.85688e-07 5.10375e-07 8.94044e-07 1.5358e-06 2.58741e-06 4.27569e-06 6.93149e-06 1.10257e-05 1.72122e-05 2.63766e-05 3.96879e-05 5.86506e-05 8.51493e-05 0.000121481 0.000170365 0.000234922 0.000318609 0.000425116 0.000558194 0.000721445 0.000918051 0.00115047 0.00142014 0.00172713 0.00206994 0.00244525 0.00284792 0.003271 0.00370598 0.0041431 0.0045718 0.00498123 0.00536077 0.00570053 0.00599169 0.00622683 0.00640006 0.00650717 0.00654557 0.00651436 0.00641429 0.00624779 0.00601894 0.0057335 0.00539881 0.00502358 0.00461768 0.00419164 0.00375629 0.00332216 0.00289901 0.0024954 0.00211832 0.00177301 0.0014629 0.00118965 0.000953316 0.00075264 0.000585305 0.000448261 0.000338016 0.000250902 0.000183286 0.000131737 9.31389e-05 6.47585e-05 4.42692e-05 2.97472e-05 1.96442e-05 1.27463e-05 8.12475e-06 5.08682e-06 3.12774e-06 1.88849e-06 1.11959e-06 6.51675e-07 3.72405e-07 2.0893e-07 1.15078e-07 6.22288e-08 3.30386e-08 1.7223e-08 8.81645e-09 4.43252e-09 2.18988e-09 1.06568e-09 5.16547e-10 2.62809e-10 
3.09356e-10 3.40326e-10 5.92476e-10 1.21348e-09 2.5472e-09 5.29252e-09 1.08042e-08 2.16356e-08 4.2484e-08 8.17919e-08 1.54384e-07 2.85688e-07 5.183e-07 9.21896e-07 1.60774e-06 2.74928e-06 4.61036e-06 7.58265e-06 1.22334e-05 1.9364e-05 3.00786e-05 4.58602e-05 6.86504e-05 0.000100925 0.000145758 0.000206857 0.000288568 0.000395824 0.000534029 0.000708869 0.000926045 0.00119093 0.00150814 0.00188111 0.00231157 0.00279916 0.00334103 0.0039316 0.00456253 0.00522282 0.00589916 0.00657651 0.00723873 0.00786939 0.00845251 0.00897331 0.00941868 0.00977767 0.0100416 0.0102044 0.0102622 0.0102138 0.0100602 0.00980497 0.00945423 0.00901641 0.00850238 0.00792513 0.00729939 0.00664106 0.0059665 0.0052918 0.00463198 0.00400036 0.00340796 0.00286323 0.00237186 0.00193688 0.00155885 0.00123623 0.000965812 0.000743154 0.00056306 0.000419963 0.000308272 0.000222643 0.00015817 0.000110501 7.58967e-05 5.12378e-05 3.39916e-05 2.21551e-05 1.41846e-05 8.91922e-06 5.50739e-06 3.33904e-06 1.98754e-06 1.16144e-06 6.66275e-07 3.75208e-07 2.07423e-07 1.12568e-07 5.99754e-08 3.13728e-08 1.61139e-08 8.12815e-09 4.02882e-09 1.96704e-09 9.56932e-10 4.89278e-10 
5.70009e-10 6.30416e-10 1.0967e-09 2.23882e-09 4.6818e-09 9.69024e-09 1.97044e-08 3.93015e-08 7.68606e-08 1.47365e-07 2.76988e-07 5.10375e-07 9.21896e-07 1.63248e-06 2.83408e-06 4.82395e-06 8.05133e-06 1.31784e-05 2.11572e-05 3.33224e-05 5.14979e-05 7.81132e-05 0.000116321 0.000170102 0.000244353 0.000344919 0.000478575 0.00065292 0.000876174 0.00115686 0.00150339 0.00192352 0.0024237 0.00300845 0.00367966 0.00443596 0.00527225 0.00617938 0.00714418 0.00814966 0.00917559 0.0101994 0.011197 0.0121442 0.0130177 0.013796 0.0144601 0.0149944 0.0153864 0.0156276 0.0157124 0.0156392 0.0154095 0.0150284 0.0145045 0.0138499 0.0130804 0.0122145 0.0112739 0.0102817 0.00926216 0.0082391 0.00723507 0.00627025 0.00536162 0.00452243 0.00376192 0.00308538 0.00249441 0.00198738 0.00156006 0.00120624 0.000918429 0.00068842 0.00050785 0.000368611 0.000263165 0.000184754 0.000127512 8.64946e-05 5.76506e-05 3.77488e-05 2.42774e-05 1.5333e-05 9.50868e-06 5.78931e-06 3.46027e-06 2.03022e-06 1.16925e-06 6.60991e-07 3.66787e-07 1.99789e-07 1.0683e-07 5.60795e-08 2.89035e-08 1.4629e-08 7.27536e-09 3.5642e-09 1.74041e-09 8.94358e-10 
1.03121e-09 1.14627e-09 1.99223e-09 4.05305e-09 8.44307e-09 1.74064e-08 3.52531e-08 7.00284e-08 1.36386e-07 2.60393e-07 4.87337e-07 8.94044e-07 1.60774e-06 2.83408e-06 4.89738e-06 8.29672e-06 1.37811e-05 2.24465e-05 3.58571e-05 5.6188e-05 8.63872e-05 0.000130347 0.00019307 0.000280816 0.000401198 0.00056321 0.000777151 0.00105443 0.00140721 0.00184791 0.00238854 0.0030399 0.00381066 0.00470641 0.00572872 0.0068743 0.0081344 0.00949445 0.0109342 0.012428 0.0139461 0.0154552 0.0169207 0.0183079 0.0195835 0.0207171 0.0216823 0.0224572 0.0230248 0.0233729 0.0234944 0.0233867 0.0230521 0.0224976 0.021735 0.0207814 0.0196583 0.0183924 0.0170138 0.0155556 0.0140526 0.0125392 0.0110483 0.00960991 0.00824932 0.00698685 0.00583711 0.00480903 0.00390614 0.00312718 0.0024669 0.001917 0.00146701 0.00110524 0.000819513 0.000597861 0.000429001 0.000302692 0.000209945 0.000143106 9.58413e-05 6.30509e-05 4.07369e-05 2.58446e-05 1.60981e-05 9.84358e-06 5.90834e-06 3.48086e-06 2.01279e-06 1.14235e-06 6.36341e-07 3.47926e-07 1.86729e-07 9.83768e-08 5.08836e-08 2.58436e-08 1.28968e-08 6.34017e-09 3.10781e-09 1.60522e-09 
1.83185e-09 2.04599e-09 3.55184e-09 7.20046e-09 1.49404e-08 3.06775e-08 6.18773e-08 1.22406e-07 2.37388e-07 4.51283e-07 8.40901e-07 1.5358e-06 2.74928e-06 4.82395e-06 8.29672e-06 1.39882e-05 2.31212e-05 3.74721e-05 5.95561e-05 9.28425e-05 0.000141993 0.000213104 0.00031394 0.000454113 0.000645185 0.000900658 0.0012358 0.00166727 0.00221259 0.00288931 0.00371403 0.00470123 0.005862 0.00720266 0.0087236 0.0104181 0.0122718 0.014262 0.0163585 0.0185238 0.0207146 0.022884 0.0249831 0.0269634 0.028779 0.0303884 0.0317554 0.0328507 0.0336513 0.0341412 0.0343107 0.0341566 0.033682 0.032896 0.0318147 0.0304608 0.0288637 0.0270595 0.0250898 0.0230003 0.0208393 0.0186554 0.0164956 0.0144026 0.0124136 0.010559 0.00886125 0.00733483 0.00598667 0.00481674 0.00381911 0.00298315 0.00229484 0.001738 0.00129547 0.000950034 0.000685247 0.000485977 0.000338779 0.000232076 0.000156188 0.000103244 6.702e-05 4.27153e-05 2.67266e-05 1.64147e-05 9.89499e-06 5.85417e-06 3.39913e-06 1.93695e-06 1.08324e-06 5.94565e-07 3.20307e-07 1.69378e-07 8.79266e-08 4.48171e-08 2.24442e-08 1.10731e-08 5.44912e-09 2.82921e-09 
3.19555e-09 3.58522e-09 6.21548e-09 1.25544e-08 2.59444e-08 5.30534e-08 1.06564e-07 2.09912e-07 4.0534e-07 7.67185e-07 1.42316e-06 2.58741e-06 4.61036e-06 8.05133e-06 1.37811e-05 2.31212e-05 3.80269e-05 6.13173e-05 9.69513e-05 0.000150344 0.000228706 0.000341381 0.000500142 0.000719411 0.00101634 0.00141068 0.00192451 0.00258151 0.00340619 0.00442256 0.0056528 0.00711553 0.00882405 0.0107847 0.012995 0.0154427 0.0181049 0.0209476 0.0239265 0.0269882 0.0300721 0.0331131 0.0360442 0.0387999 0.0413186 0.043545 0.0454317 0.0469401 0.0480404 0.0487121 0.0489428 0.0487283 0.0480725 0.0469875 0.0454939 0.0436212 0.0414082 0.0389023 0.0361589 0.0332396 0.0302097 0.0271358 0.0240828 0.0211106 0.0182723 0.0156119 0.013163 0.0109486 0.00898117 0.00726333 0.00578926 0.00454616 0.00351601 0.00267723 0.0020063 0.00147921 0.0010726 0.000764681 0.000535826 0.00036893 0.000249532 0.000165757 0.000108117 6.92327e-05 4.35178e-05 2.68479e-05 1.62557e-05 9.65886e-06 5.63196e-06 3.22258e-06 1.80952e-06 9.97144e-07 5.39272e-07 2.86252e-07 1.49151e-07 7.63021e-08 3.83498e-08 1.89895e-08 9.38235e-09 4.89711e-09 
5.47464e-09 6.16831e-09 1.0677e-08 2.14851e-08 4.42176e-08 9.00416e-08 1.80091e-07 3.53215e-07 6.7906e-07 1.2795e-06 2.36272e-06 4.27569e-06 7.58265e-06 1.31784e-05 2.24465e-05 3.74721e-05 6.13173e-05 9.83621e-05 0.000154707 0.000238625 0.000361028 0.000535916 0.000780744 0.00111665 0.00156846 0.0021644 0.00293549 0.00391455 0.00513478 0.00662803 0.00842275 0.0105417 0.0129998 0.0158016 0.0189395 0.0223927 0.0261256 0.0300886 0.034219 0.0384424 0.0426761 0.0468326 0.0508228 0.0545606 0.0579657 0.060967 0.0635039 0.0655276 0.0670009 0.0678982 0.0682041 0.0679136 0.0670315 0.0655729 0.0635633 0.0610401 0.0580522 0.0546605 0.0509364 0.0469599 0.0428174 0.0385972 0.0343865 0.0302673 0.0263131 0.0225862 0.0191358 0.0159968 0.0131904 0.0107242 0.00859406 0.0067857 0.00527703 0.00404035 0.00304451 0.00225696 0.00164545 0.00117937 0.000830773 0.000574981 0.000390883 0.000260953 0.000171044 0.000110055 6.9503e-05 4.30768e-05 2.61995e-05 1.5636e-05 9.15659e-06 5.26153e-06 2.96667e-06 1.64143e-06 8.9124e-07 4.74923e-07 2.48402e-07 1.27552e-07 6.4345e-08 3.19804e-08 1.58658e-08 8.32546e-09 
9.21226e-09 1.04208e-08 1.80064e-08 3.60944e-08 7.39734e-08 1.49993e-07 2.98702e-07 5.83271e-07 1.11632e-06 2.09382e-06 3.84848e-06 6.93149e-06 1.22334e-05 2.11572e-05 3.58571e-05 5.95561e-05 9.69513e-05 0.000154707 0.000242029 0.000371283 0.000558628 0.000824579 0.00119443 0.00169845 0.00237171 0.00325352 0.00438637 0.00581438 0.00758121 0.00972758 0.0122885 0.0152902 0.0187473 0.0226602 0.0270127 0.0317707 0.0368816 0.0422747 0.0478631 0.0535468 0.0592157 0.0647553 0.0700508 0.0749921 0.0794782 0.0834202 0.0867435 0.0893884 0.0913102 0.0924779 0.0928734 0.0924907 0.0913357 0.0894261 0.0867929 0.0834813 0.0795512 0.0750777 0.0701503 0.06487 0.0593469 0.0536952 0.0480291 0.0424573 0.0370791 0.0319804 0.0272308 0.0228824 0.0189691 0.015507 0.012496 0.00992206 0.00775972 0.00597483 0.00452758 0.00337519 0.00247433 0.00178317 0.00126287 0.000878672 0.000600448 0.000402905 0.00026541 0.000171611 0.000108898 6.78111e-05 4.1433e-05 2.48392e-05 1.46103e-05 8.43167e-06 4.77428e-06 2.65252e-06 1.44608e-06 7.73654e-07 4.06226e-07 2.0939e-07 1.06028e-07 5.28982e-08 2.63529e-08 1.39034e-08 
1.52274e-08 1.72892e-08 2.98172e-08 5.95339e-08 1.21492e-07 2.45279e-07 4.86314e-07 9.45372e-07 1.80111e-06 3.36256e-06 6.15125e-06 1.10257e-05 1.9364e-05 3.33224e-05 5.6188e-05 9.28425e-05 0.000150344 0.000238625 0.000371283 0.000566416 0.000847433 0.00124374 0.00179117 0.00253204 0.00351471 0.00479254 0.00642218 0.00846119 0.0109651 0.013984 0.0175588 0.0217174 0.0264715 0.031813 0.0377123 0.0441165 0.0509497 0.0581144 0.0654939 0.0729563 0.08036 0.0875592 0.0944103 0.100777 0.106537 0.111581 0.115822 0.11919 0.121631 0.123112 0.12361 0.12312 0.121647 0.119213 0.115853 0.11162 0.106583 0.100834 0.0944799 0.0876443 0.0804634 0.0730805 0.0656406 0.0582843 0.0511418 0.0443285 0.0379406 0.032053 0.0267178 0.0219643 0.0178006 0.0142155 0.0111818 0.00865952 0.00659975 0.00494805 0.00364789 0.00264358 0.00188252 0.00131688 0.000904679 0.000610207 0.000404022 0.000262543 0.000167418 0.000104752 6.43058e-05 3.87292e-05 2.28833e-05 1.32644e-05 7.54325e-06 4.20869e-06 2.30399e-06 1.23764e-06 6.52435e-07 3.37609e-07 1.7161e-07 8.59499e-08 4.30005e-08 2.28102e-08 
2.47277e-08 2.81732e-08 4.8487e-08 9.64219e-08 1.95921e-07 3.9381e-07 7.77329e-07 1.50424e-06 2.85261e-06 5.30054e-06 9.64992e-06 1.72122e-05 3.00786e-05 5.14979e-05 8.63872e-05 0.000141993 0.000228706 0.000361028 0.000558628 0.000847433 0.00126063 0.00183945 0.00263349 0.00370057 0.00510574 0.00691957 0.00921547 0.0120663 0.0155402 0.019696 0.0245788 0.030215 0.0366084 0.0437372 0.0515517 0.0599736 0.0688969 0.0781904 0.0877015 0.0972619 0.106694 0.115818 0.124459 0.132455 0.139661 0.145951 0.151223 0.155399 0.158421 0.160249 0.160861 0.16025 0.158423 0.155402 0.151227 0.145955 0.139668 0.132468 0.124482 0.115854 0.106749 0.0973406 0.0878075 0.0783261 0.069063 0.0601689 0.0517732 0.0439804 0.0368673 0.0304829 0.0248487 0.019961 0.015794 0.0123035 0.00943206 0.00711269 0.00527395 0.00384369 0.00275244 0.00193602 0.00133721 0.000906739 0.000603483 0.00039416 0.000252606 0.000158829 9.79709e-05 5.92822e-05 3.51885e-05 2.04892e-05 1.17033e-05 6.558e-06 3.60526e-06 1.94465e-06 1.02929e-06 5.34727e-07 2.72868e-07 1.37203e-07 6.89378e-08 3.67697e-08 
3.9454e-08 4.50962e-08 7.74399e-08 1.5337e-07 3.10276e-07 6.20907e-07 1.22007e-06 2.35017e-06 4.43594e-06 8.20321e-06 1.48616e-05 2.63766e-05 4.58602e-05 7.81132e-05 0.000130347 0.000213104 0.000341381 0.000535916 0.000824579 0.00124374 0.00183945 0.00266822 0.00379722 0.00530355 0.0072726 0.00979522 0.0129639 0.0168677 0.0215872 0.0271882 0.0337159 0.0411903 0.049601 0.0589049 0.0690243 0.0798477 0.0912314 0.103004 0.114971 0.126924 0.138647 0.149924 0.160551 0.17034 0.179125 0.186766 0.193152 0.198197 0.20184 0.204039 0.204772 0.204032 0.201825 0.198174 0.193121 0.186728 0.179082 0.170295 0.16051 0.149893 0.138633 0.126935 0.115012 0.103081 0.0913472 0.0800027 0.0692169 0.059131 0.0498549 0.0414647 0.0340026 0.0274786 0.0218732 0.0171418 0.0132197 0.010028 0.00747922 0.00548243 0.0039483 0.00279273 0.00193956 0.00132229 0.000884727 0.000580859 0.000374155 0.00023643 0.000146552 8.91041e-05 5.31384e-05 3.10832e-05 1.78344e-05 1.00375e-05 5.54182e-06 3.00178e-06 1.59535e-06 8.32127e-07 4.26308e-07 2.1521e-07 1.08603e-07 5.82452e-08 
6.18583e-08 7.09151e-08 1.21491e-07 2.3962e-07 4.82638e-07 9.61519e-07 1.88079e-06 3.6061e-06 6.7743e-06 1.24669e-05 2.24748e-05 3.96879e-05 6.86504e-05 0.000116321 0.00019307 0.00031394 0.000500142 0.000780744 0.00119443 0.00179117 0.00263349 0.00379722 0.00537121 0.0074559 0.0101606 0.0135991 0.0178844 0.023122 0.0294025 0.0367948 0.045339 0.0550409 0.0658676 0.0777456 0.09056 0.104157 0.118348 0.132915 0.147618 0.162206 0.176422 0.190019 0.202764 0.214446 0.224885 0.233931 0.241466 0.247403 0.251679 0.254257 0.255113 0.25424 0.251645 0.24735 0.241395 0.233843 0.224782 0.214332 0.202645 0.189905 0.176321 0.162127 0.147572 0.132908 0.118387 0.104245 0.0906975 0.07793 0.066094 0.0553019 0.0456259 0.0370977 0.0297112 0.0234268 0.0181766 0.0138713 0.0104073 0.00767361 0.00555835 0.00395396 0.00276143 0.00189296 0.00127339 0.000840461 0.000544186 0.000345624 0.000215304 0.000131544 7.88228e-05 4.63226e-05 2.66996e-05 1.5094e-05 8.36994e-06 4.55295e-06 2.42979e-06 1.27252e-06 6.54529e-07 3.31752e-07 1.68148e-07 9.06765e-08 
9.53131e-08 1.09569e-07 1.87253e-07 3.67787e-07 7.37522e-07 1.46272e-06 2.84812e-06 5.43535e-06 1.0162e-05 1.86103e-05 3.33828e-05 5.86506e-05 0.000100925 0.000170102 0.000280816 0.000454113 0.000719411 0.00111665 0.00169845 0.00253204 0.00370057 0.00530355 0.0074559 0.0102854 0.0139284 0.0185236 0.0242047 0.0310916 0.0392813 0.0488395 0.0597928 0.0721236 0.0857658 0.100605 0.116478 0.133182 0.150474 0.168087 0.185731 0.203113 0.21994 0.235935 0.250842 0.264436 0.276527 0.286962 0.295625 0.302431 0.307323 0.310266 0.31124 0.310239 0.30727 0.302349 0.295514 0.286823 0.27636 0.264247 0.250638 0.235726 0.219738 0.202929 0.185577 0.167974 0.150412 0.133176 0.116533 0.10072 0.0859379 0.0723466 0.0600581 0.0491364 0.0395982 0.0314166 0.0245263 0.0188315 0.0142143 0.0105433 0.00768193 0.00549623 0.0038604 0.00266111 0.00179995 0.00119439 0.000777435 0.000496318 0.000310744 0.000190796 0.000114881 6.7833e-05 3.92787e-05 2.23057e-05 1.24235e-05 6.78696e-06 3.63721e-06 1.91266e-06 9.87743e-07 5.02669e-07 2.55897e-07 1.38755e-07 
1.44345e-07 1.66353e-07 2.83577e-07 5.54656e-07 1.10735e-06 2.18635e-06 4.23768e-06 8.04936e-06 1.49772e-05 2.72943e-05 4.87148e-05 8.51493e-05 0.000145758 0.000244353 0.000401198 0.000645185 0.00101634 0.00156846 0.00237171 0.00351471 0.00510574 0.0072726 0.0101606 0.0139284 0.0187417 0.0247649 0.0321507 0.0410294 0.0514979 0.0636101 0.0773686 0.0927202 0.109554 0.127701 0.146944 0.167017 0.187623 0.208437 0.229126 0.249355 0.2688 0.287162 0.304171 0.319598 0.333252 0.344986 0.354692 0.362294 0.367745 0.371019 0.3721 0.370984 0.367675 0.362185 0.354544 0.344799 0.333026 0.319338 0.303885 0.286858 0.268492 0.249056 0.228852 0.208202 0.187439 0.166894 0.146889 0.127719 0.109643 0.0928775 0.0775864 0.0638782 0.0518038 0.0413592 0.0324904 0.0251013 0.0190631 0.0142255 0.0104267 0.00750388 0.00530098 0.00367488 0.0024995 0.00166766 0.0010913 0.000700344 0.000440734 0.000271967 0.000164558 9.76309e-05 5.67974e-05 3.24012e-05 1.81264e-05 9.94535e-06 5.35229e-06 2.8261e-06 1.46535e-06 7.4875e-07 3.82848e-07 2.08724e-07 
2.14875e-07 2.48212e-07 4.22018e-07 8.21997e-07 1.63387e-06 3.21152e-06 6.19632e-06 1.17148e-05 2.1693e-05 3.93393e-05 6.98597e-05 0.000121481 0.000206857 0.000344919 0.00056321 0.000900658 0.00141068 0.0021644 0.00325352 0.00479254 0.00691957 0.00979522 0.0135991 0.0185236 0.0247649 0.0325116 0.0419318 0.0531599 0.0662834 0.0813328 0.098274 0.117005 0.137355 0.159093 0.181931 0.20554 0.229561 0.253616 0.277328 0.300329 0.322275 0.342853 0.361793 0.378871 0.393907 0.40677 0.417368 0.425642 0.431562 0.43511 0.43628 0.435069 0.431479 0.425515 0.417192 0.406545 0.393633 0.37855 0.361433 0.342463 0.321867 0.299919 0.276932 0.253251 0.229242 0.205282 0.181745 0.158987 0.137334 0.117067 0.0984162 0.0815457 0.0665547 0.0534749 0.0422744 0.0328653 0.0251146 0.0188562 0.0139044 0.0100663 0.00715277 0.00498714 0.00341119 0.00228853 0.0015057 0.000971409 0.000614488 0.000381108 0.000231737 0.000138151 8.07479e-05 4.62752e-05 2.60035e-05 1.43291e-05 7.74402e-06 4.10577e-06 2.13744e-06 1.09658e-06 5.63157e-07 3.08684e-07 
3.14446e-07 3.64003e-07 6.1725e-07 1.19728e-06 2.36945e-06 4.63672e-06 8.90556e-06 1.67586e-05 3.0885e-05 5.57344e-05 9.84779e-05 0.000170365 0.000288568 0.000478575 0.000777151 0.0012358 0.00192451 0.00293549 0.00438637 0.00642218 0.00921547 0.0129639 0.0178844 0.0242047 0.0321507 0.0419318 0.0537254 0.0676603 0.0838031 0.102147 0.122606 0.145015 0.169131 0.194646 0.221199 0.24839 0.275798 0.302998 0.329576 0.355141 0.379339 0.401862 0.422451 0.440898 0.45705 0.4708 0.482081 0.49086 0.497124 0.500872 0.502107 0.500829 0.497036 0.490723 0.481891 0.470553 0.456746 0.440537 0.422037 0.401404 0.378849 0.354632 0.329066 0.302506 0.275342 0.247988 0.220867 0.194397 0.168975 0.144956 0.122645 0.102277 0.0840138 0.0679374 0.0540514 0.0422878 0.0325178 0.024566 0.0182255 0.013274 0.00948789 0.0066537 0.00457705 0.00308784 0.0020427 0.00132491 0.000842478 0.000525172 0.000320924 0.000192246 0.000112896 6.49957e-05 3.6686e-05 2.03031e-05 1.10188e-05 5.86589e-06 3.06597e-06 1.57927e-06 8.14572e-07 4.48871e-07 
4.52394e-07 5.24705e-07 8.8738e-07 1.71419e-06 3.37783e-06 6.58102e-06 1.25832e-05 2.35703e-05 4.32328e-05 7.76375e-05 0.000136494 0.000234922 0.000395824 0.00065292 0.00105443 0.00166727 0.00258151 0.00391455 0.00581438 0.00846119 0.0120663 0.0168677 0.023122 0.0310916 0.0410294 0.0531599 0.0676603 0.0846423 0.104137 0.126085 0.150332 0.176634 0.204665 0.234031 0.26429 0.294973 0.325602 0.35571 0.384859 0.412649 0.438733 0.462819 0.484676 0.504128 0.521058 0.535395 0.547106 0.556187 0.562649 0.566509 0.56778 0.566467 0.562563 0.556053 0.546918 0.535148 0.520747 0.503752 0.484236 0.462322 0.438187 0.412067 0.384257 0.355107 0.325018 0.29443 0.263807 0.233627 0.204356 0.176431 0.15024 0.126104 0.10426 0.0848563 0.0679476 0.0534998 0.0413999 0.0314716 0.0234927 0.0172141 0.0123776 0.00873101 0.0060405 0.00409804 0.00272589 0.00177752 0.00113621 0.000711894 0.000437192 0.000263164 0.00015527 8.97993e-05 5.0911e-05 2.8297e-05 1.54212e-05 8.24284e-06 4.32543e-06 2.23687e-06 1.15871e-06 6.41848e-07 
6.39926e-07 7.43518e-07 1.25407e-06 2.41275e-06 4.73421e-06 9.18388e-06 1.74824e-05 3.25985e-05 5.95129e-05 0.000106359 0.000186064 0.000318609 0.000534029 0.000876174 0.00140721 0.00221259 0.00340619 0.00513478 0.00758121 0.0109651 0.0155402 0.0215872 0.0294025 0.0392813 0.0514979 0.0662834 0.0838031 0.104137 0.127264 0.153056 0.181275 0.211584 0.243561 0.276723 0.310545 0.344492 0.378037 0.410684 0.441984 0.471547 0.499047 0.524228 0.546899 0.566933 0.584257 0.598844 0.610703 0.619863 0.626363 0.630239 0.631517 0.630204 0.626289 0.619746 0.610535 0.598617 0.583965 0.566571 0.546466 0.523725 0.49848 0.470925 0.441321 0.409997 0.377347 0.343822 0.309919 0.276163 0.243091 0.211222 0.181033 0.152941 0.127274 0.104262 0.0840281 0.0665866 0.051855 0.0396674 0.0297942 0.0219647 0.015888 0.0112732 0.00784424 0.00535175 0.00357942 0.00234664 0.00150786 0.00094957 0.000586047 0.000354466 0.000210118 0.000122072 6.95118e-05 3.88002e-05 2.12325e-05 1.13944e-05 6.00257e-06 3.11635e-06 1.6211e-06 9.02576e-07 
8.90045e-07 1.03577e-06 1.74234e-06 3.3389e-06 6.5243e-06 1.2603e-05 2.38872e-05 4.43425e-05 8.05809e-05 0.000143329 0.000249515 0.000425116 0.000708869 0.00115686 0.00184791 0.00288931 0.00442256 0.00662803 0.00972758 0.013984 0.019696 0.0271882 0.0367948 0.0488395 0.0636101 0.0813328 0.102147 0.126085 0.153056 0.182845 0.215117 0.24943 0.28526 0.32203 0.359138 0.395989 0.432021 0.466724 0.499656 0.530453 0.558831 0.584583 0.607574 0.627735 0.645048 0.659539 0.671259 0.680274 0.686651 0.690447 0.6917 0.690422 0.686596 0.680184 0.671125 0.659353 0.644801 0.627417 0.607181 0.584111 0.558282 0.529832 0.498972 0.46599 0.431258 0.395219 0.358386 0.321326 0.284631 0.248903 0.214713 0.182578 0.152931 0.126098 0.102286 0.0815776 0.0639349 0.0492164 0.0371962 0.0275892 0.0200763 0.0143288 0.0100278 0.00688002 0.00462686 0.00304958 0.00196975 0.00124673 0.000773232 0.000469917 0.000279842 0.000163308 9.33964e-05 5.23507e-05 2.87638e-05 1.54968e-05 8.19499e-06 4.27091e-06 2.23087e-06 1.24827e-06 
1.21728e-06 1.41862e-06 2.38006e-06 4.54335e-06 8.84198e-06 1.70098e-05 3.21032e-05 5.93344e-05 0.00010734 0.000190039 0.000329247 0.000558194 0.000926045 0.00150339 0.00238854 0.00371403 0.0056528 0.00842275 0.0122885 0.0175588 0.0245788 0.0337159 0.045339 0.0597928 0.0773686 0.098274 0.122606 0.150332 0.181275 0.215117 0.251412 0.289606 0.329069 0.369134 0.409129 0.448413 0.486403 0.522594 0.556572 0.588016 0.616699 0.642479 0.66529 0.685129 0.702038 0.716098 0.727407 0.736066 0.742172 0.745801 0.747001 0.745788 0.742143 0.736014 0.727322 0.715971 0.701857 0.684882 0.664968 0.642075 0.616207 0.587437 0.555909 0.521856 0.485605 0.447577 0.408281 0.368306 0.328294 0.288918 0.250841 0.214686 0.180998 0.150213 0.122638 0.0984389 0.0776415 0.0601439 0.0457369 0.0341309 0.0249853 0.0179369 0.0126249 0.00871034 0.00588971 0.00390254 0.00253369 0.0016117 0.00100444 0.000613302 0.000366894 0.000215051 0.000123512 6.95154e-05 3.83465e-05 2.07389e-05 1.10081e-05 5.75847e-06 3.02e-06 1.69799e-06 
1.63713e-06 1.91039e-06 3.19681e-06 6.07958e-06 1.17854e-05 2.25815e-05 4.2444e-05 7.81144e-05 0.000140696 0.000247967 0.000427601 0.000721445 0.00119093 0.00192352 0.0030399 0.00470123 0.00711553 0.0105417 0.0152902 0.0217174 0.030215 0.0411903 0.0550409 0.0721236 0.0927202 0.117005 0.145015 0.176634 0.211584 0.24943 0.289606 0.331441 0.374203 0.417141 0.459526 0.500687 0.54004 0.577105 0.611513 0.643005 0.671427 0.696713 0.718873 0.737974 0.754125 0.767459 0.778119 0.786242 0.791949 0.795335 0.796458 0.795336 0.791948 0.786232 0.778091 0.767401 0.754025 0.737818 0.718647 0.696405 0.671028 0.642507 0.610912 0.576406 0.539252 0.499826 0.458619 0.41622 0.373305 0.330606 0.288873 0.248833 0.211146 0.176368 0.144921 0.11707 0.0929219 0.0724314 0.0554206 0.0416079 0.0306397 0.0221241 0.0156604 0.0108644 0.00738581 0.00491947 0.00321015 0.00205206 0.00128498 0.000788213 0.000473631 0.000278808 0.000160795 9.08616e-05 5.03152e-05 2.73134e-05 1.45506e-05 7.63921e-06 4.02199e-06 2.27191e-06 
2.1653e-06 2.52964e-06 4.22234e-06 8.00082e-06 1.54511e-05 2.94912e-05 5.52115e-05 0.000101195 0.000181496 0.000318472 0.000546692 0.000918051 0.00150814 0.0024237 0.00381066 0.005862 0.00882405 0.0129998 0.0187473 0.0264715 0.0366084 0.049601 0.0658676 0.0857658 0.109554 0.137355 0.169131 0.204665 0.243561 0.28526 0.329069 0.374203 0.419833 0.465137 0.509346 0.55178 0.591872 0.629188 0.663422 0.694393 0.72203 0.746352 0.767449 0.785461 0.800558 0.812927 0.822749 0.830195 0.835407 0.838492 0.839519 0.838508 0.835435 0.830229 0.822781 0.812943 0.800547 0.785406 0.767335 0.746162 0.721749 0.694007 0.662921 0.628568 0.591135 0.550938 0.508421 0.46416 0.418843 0.373246 0.328191 0.284503 0.24296 0.204243 0.168897 0.137304 0.109666 0.086013 0.0662139 0.0500087 0.0370419 0.0269002 0.0191476 0.0133559 0.0091276 0.00611083 0.00400739 0.00257402 0.00161933 0.000997765 0.000602149 0.000355944 0.000206108 0.000116919 6.4987e-05 3.54053e-05 1.89276e-05 9.97204e-06 5.26999e-06 2.99023e-06 
2.81656e-06 3.29386e-06 5.48443e-06 1.03562e-05 1.99272e-05 3.78937e-05 7.06719e-05 0.000129022 0.000230458 0.000402677 0.000688215 0.00115047 0.00188111 0.00300845 0.00470641 0.00720266 0.0107847 0.0158016 0.0226602 0.031813 0.0437372 0.0589049 0.0777456 0.100605 0.127701 0.159093 0.194646 0.234031 0.276723 0.32203 0.369134 0.417141 0.465137 0.512247 0.557681 0.600768 0.640985 0.677958 0.711462 0.741405 0.767806 0.790773 0.810477 0.827126 0.840951 0.852182 0.861038 0.867711 0.872363 0.875111 0.876029 0.87514 0.872418 0.867787 0.861125 0.852271 0.841028 0.827175 0.81048 0.790711 0.767659 0.741153 0.711089 0.677451 0.640338 0.599987 0.55678 0.511256 0.464093 0.416092 0.368133 0.321128 0.275965 0.233451 0.194265 0.158912 0.12771 0.100775 0.0780432 0.0592895 0.044169 0.0322561 0.0230856 0.0161884 0.0111204 0.00748226 0.00493049 0.00318175 0.00201069 0.00124431 0.000754086 0.000447559 0.000260165 0.000148136 8.2635e-05 4.51764e-05 2.42327e-05 1.28101e-05 6.79434e-06 3.87168e-06 
3.60341e-06 4.21787e-06 7.00629e-06 1.31859e-05 2.52842e-05 4.79106e-05 8.90279e-05 0.000161921 0.000288092 0.000501341 0.000853242 0.00142014 0.00231157 0.00367966 0.00572872 0.0087236 0.012995 0.0189395 0.0270127 0.0377123 0.0515517 0.0690243 0.09056 0.116478 0.146944 0.181931 0.221199 0.26429 0.310545 0.359138 0.409129 0.459526 0.509346 0.557681 0.603739 0.646885 0.686654 0.722752 0.755045 0.78354 0.808349 0.829667 0.847741 0.862845 0.87526 0.885253 0.893071 0.898925 0.902986 0.90538 0.906183 0.90542 0.903063 0.899035 0.893207 0.885406 0.875417 0.862992 0.847858 0.829733 0.808342 0.783435 0.754818 0.722382 0.686129 0.6462 0.602903 0.556715 0.508286 0.45842 0.408034 0.358112 0.309644 0.263558 0.220668 0.181614 0.146836 0.116559 0.090795 0.069373 0.0519708 0.0381613 0.0274572 0.0193534 0.0133611 0.00903339 0.00598048 0.00387676 0.00246056 0.00152909 0.000930413 0.000554354 0.000323447 0.00018483 0.000103459 5.67489e-05 3.05385e-05 1.61956e-05 8.61964e-06 4.93185e-06 
4.53456e-06 5.31201e-06 8.8037e-06 1.65162e-05 3.15661e-05 5.96129e-05 0.00011039 0.000200053 0.000354613 0.000614721 0.00104202 0.00172713 0.00279916 0.00443596 0.0068743 0.0104181 0.0154427 0.0223927 0.0317707 0.0441165 0.0599736 0.0798477 0.104157 0.133182 0.167017 0.20554 0.24839 0.294973 0.344492 0.395989 0.448413 0.500687 0.55178 0.600768 0.646885 0.689547 0.728367 0.763144 0.793844 0.820572 0.843536 0.863013 0.87932 0.892786 0.903731 0.912454 0.919219 0.92425 0.927722 0.929763 0.930451 0.929811 0.927816 0.924387 0.919394 0.912659 0.903956 0.893017 0.87954 0.8632 0.843664 0.820614 0.79377 0.762927 0.727986 0.688988 0.646146 0.599865 0.550742 0.499561 0.447257 0.394866 0.343465 0.2941 0.247712 0.205083 0.166785 0.133161 0.104317 0.0801482 0.0603692 0.0445624 0.0322275 0.0228289 0.0158365 0.0107569 0.0071535 0.00465723 0.00296825 0.00185199 0.00113123 0.000676504 0.000396122 0.000227132 0.000127556 7.01876e-05 3.78863e-05 2.01539e-05 1.07615e-05 6.18114e-06 
