5.9009e-05 6.04656e-05 6.59037e-05 7.55615e-05 8.98258e-05 0.000109247 0.000134543 0.000166599 0.000206476 0.000255403 0.000314785 0.000386193 0.000471357 0.000572153 0.000690586 0.000828766 0.000988875 0.00117313 0.00138374 0.00162286 0.0018925 0.00219454 0.00253057 0.00290189 0.0033094 0.00375358 0.00423438 0.00475117 0.00530272 0.00588715 0.00650189 0.00714367 0.00780856 0.00849194 0.00918859 0.0098927 0.010598 0.0112977 0.0119848 0.0126522 0.0132925 0.0138985 0.0144631 0.0149797 0.0154418 0.0158438 0.0161806 0.0164479 0.0166422 0.0167612 0.0168031 0.0167675 0.0166549 0.0164668 0.0162055 0.0158746 0.0154783 0.0150215 0.01451 0.0139501 0.0133484 0.0127119 0.012048 0.0113637 0.0106664 0.00996302 0.00926028 0.00856446 0.00788139 0.00721629 0.00657381 0.0059579 0.00537186 0.00481829 0.00429912 0.00381563 0.00336849 0.00295778 0.00258311 0.00224361 0.00193803 0.00166483 0.00142218 0.0012081 0.00102047 0.000857128 0.000715867 0.000594527 0.000491014 0.000403329 0.000329598 0.00026809 0.000217225 0.00017559 0.00014194 0.000115196 9.44544e-05 7.89747e-05 6.81834e-05 6.16811e-05 
6.04656e-05 6.19632e-05 6.75449e-05 7.74551e-05 9.20908e-05 0.000112017 0.000137969 0.000170858 0.000211768 0.000261963 0.000322882 0.000396136 0.000483497 0.000586888 0.000708364 0.000850084 0.00101428 0.00120323 0.00141918 0.00166433 0.00194076 0.00225035 0.00259475 0.00297527 0.00339283 0.00384789 0.0043404 0.00486972 0.00543456 0.00603298 0.00666235 0.00731932 0.00799985 0.00869921 0.00941205 0.0101324 0.0108539 0.0115696 0.0122724 0.0129549 0.0136096 0.0142291 0.0148064 0.0153344 0.0158067 0.0162176 0.0165618 0.0168349 0.0170335 0.017155 0.0171978 0.0171614 0.0170462 0.0168539 0.0165868 0.0162485 0.0158433 0.0153764 0.0148534 0.0142809 0.0136657 0.0130149 0.0123358 0.011636 0.0109227 0.0102032 0.0094842 0.00877223 0.00807322 0.00739252 0.00673487 0.00610436 0.00550434 0.0049375 0.00440581 0.00391061 0.00345257 0.00303182 0.00264793 0.00230004 0.00198689 0.00170687 0.00145815 0.0012387 0.00104635 0.00087888 0.000734041 0.000609622 0.000503476 0.000413558 0.000337948 0.00027487 0.000222707 0.000180009 0.0001455 0.000118075 9.68046e-05 8.09317e-05 6.98672e-05 6.32017e-05 
6.59037e-05 6.75449e-05 7.36255e-05 8.44102e-05 0.000100328 0.00012199 0.00015019 0.00018591 0.000230322 0.000284786 0.000350852 0.000430251 0.000524889 0.000636829 0.000768272 0.000921531 0.00109899 0.00130308 0.00153619 0.00180066 0.00209869 0.00243228 0.00280314 0.00321264 0.00366173 0.00415086 0.00467992 0.00524819 0.00585424 0.00649596 0.00717048 0.0078742 0.00860277 0.00935111 0.0101135 0.0108836 0.0116544 0.0124188 0.0131691 0.0138974 0.0145958 0.0152565 0.0158718 0.0164345 0.0169378 0.0173754 0.0177419 0.0180327 0.018244 0.0183732 0.0184186 0.0183796 0.0182568 0.0180517 0.0177671 0.0174065 0.0169746 0.0164768 0.0159193 0.0153087 0.0146525 0.013958 0.0132333 0.0124861 0.0117243 0.0109554 0.0101869 0.00942549 0.00867761 0.00794898 0.00724468 0.0065691 0.00592586 0.00531786 0.00474727 0.00421553 0.00372343 0.00327114 0.00285824 0.00248384 0.00214664 0.00184494 0.00157682 0.00134011 0.00113252 0.000951683 0.000795196 0.000660699 0.000545895 0.000448592 0.000366731 0.000298406 0.000241879 0.000195589 0.000158161 0.000128408 0.000105326 8.80988e-05 7.6091e-05 6.88609e-05 
7.55615e-05 7.74551e-05 8.44102e-05 9.67257e-05 0.000114886 0.000139581 0.000171705 0.000212363 0.000262872 0.00032476 0.000399764 0.000489822 0.000597064 0.000723791 0.000872453 0.00104562 0.00124593 0.00147607 0.00173867 0.00203631 0.00237138 0.00274605 0.00316217 0.0036212 0.00412411 0.00467134 0.00526268 0.00589723 0.00657336 0.00728863 0.0080398 0.00882281 0.00963279 0.0104641 0.0113103 0.0121644 0.0130188 0.0138654 0.0146958 0.0155015 0.0162736 0.0170036 0.0176831 0.0183043 0.0188595 0.0193422 0.0197462 0.0200666 0.0202994 0.0204415 0.0204913 0.020448 0.0203122 0.0200858 0.0197716 0.0193735 0.0188967 0.018347 0.0177311 0.0170565 0.016331 0.0155631 0.0147612 0.013934 0.0130901 0.012238 0.0113856 0.0105406 0.00970995 0.00890009 0.00811668 0.0073646 0.00664794 0.00596997 0.00533316 0.0047392 0.00418903 0.00368289 0.00322043 0.00280071 0.00242233 0.00208349 0.00178207 0.00151571 0.00128191 0.00107805 0.000901477 0.00074958 0.000619807 0.000509722 0.000417027 0.000339596 0.000275483 0.000222942 0.000180432 0.000146617 0.000120373 0.000100779 8.71221e-05 7.89048e-05 
8.98258e-05 9.20908e-05 0.000100328 0.000114886 0.000136331 0.000165462 0.000203322 0.000251193 0.000310601 0.000383314 0.000471339 0.00057691 0.000702477 0.000850681 0.00102433 0.00122635 0.00145976 0.00172758 0.00203282 0.00237835 0.00276686 0.00320075 0.00368205 0.00421234 0.00479263 0.0054233 0.006104 0.00683361 0.00761014 0.00843071 0.00929153 0.0101879 0.0111141 0.0120638 0.0130296 0.0140036 0.0149769 0.0159406 0.0168851 0.0178007 0.0186776 0.0195061 0.0202769 0.020981 0.0216101 0.0221567 0.022614 0.0229765 0.0232396 0.0234001 0.023456 0.0234066 0.0232525 0.0229957 0.0226395 0.0221882 0.0216476 0.0210241 0.0203254 0.0195597 0.0187359 0.0178634 0.0169518 0.0160108 0.0150501 0.0140793 0.0131074 0.012143 0.0111943 0.0102684 0.00937192 0.00851042 0.00768866 0.00691046 0.00617872 0.00549548 0.00486191 0.00427841 0.00374465 0.00325968 0.00282196 0.00242954 0.00208006 0.00177087 0.00149916 0.00126197 0.0010563 0.000879173 0.000727673 0.000599014 0.000490564 0.000399876 0.000324711 0.000263056 0.000213127 0.000173382 0.000142515 0.000119462 0.000103393 9.37323e-05 
0.000109247 0.000112017 0.00012199 0.000139581 0.000165462 0.000200586 0.000246186 0.000303782 0.000375179 0.000462462 0.000567997 0.000694409 0.000844572 0.00102158 0.00122869 0.00146933 0.00174699 0.00206516 0.00242728 0.00283665 0.00329632 0.00380899 0.00437693 0.00500184 0.00568478 0.00642604 0.00722508 0.00808044 0.00898968 0.0099493 0.0109548 0.0120006 0.01308 0.0141856 0.0153087 0.0164401 0.0175697 0.0186871 0.0197812 0.020841 0.0218551 0.0228127 0.0237029 0.0245155 0.0252412 0.0258713 0.0263983 0.0268157 0.0271185 0.027303 0.0273669 0.0273094 0.0271314 0.0268349 0.0264238 0.0259029 0.0252788 0.0245589 0.0237518 0.0228669 0.0219143 0.0209047 0.0198492 0.0187589 0.0176449 0.0165181 0.0153891 0.0142679 0.0131637 0.0120849 0.0110394 0.0100335 0.00907295 0.00816228 0.00730498 0.00650354 0.00575947 0.00507336 0.00444496 0.00387328 0.00335667 0.00289292 0.00247939 0.00211309 0.00179077 0.00150905 0.00126447 0.00105355 0.000872941 0.000719372 0.000589771 0.000481272 0.000391246 0.000317323 0.000257403 0.000209664 0.000172564 0.000144843 0.00012552 0.000113911 
0.000134543 0.000137969 0.00015019 0.000171705 0.000203322 0.000246186 0.000301778 0.000371916 0.00045876 0.000564801 0.000692854 0.000846043 0.00102777 0.0012417 0.00149169 0.00178174 0.00211594 0.00249838 0.00293305 0.00342375 0.00397397 0.0045868 0.00526474 0.00600968 0.00682268 0.00770392 0.0086526 0.00966681 0.0107435 0.0118784 0.0130661 0.0142999 0.015572 0.0168732 0.0181937 0.0195225 0.020848 0.0221577 0.0234391 0.024679 0.0258647 0.0269833 0.0280225 0.0289706 0.0298166 0.0305508 0.0311645 0.0316504 0.0320026 0.0322169 0.0322908 0.0322233 0.0320153 0.0316694 0.0311898 0.0305822 0.0298541 0.0290138 0.0280715 0.0270377 0.0259243 0.0247435 0.0235081 0.022231 0.020925 0.0196029 0.0182769 0.0169587 0.0156592 0.0143884 0.0131553 0.0119676 0.0108321 0.00975431 0.00873843 0.00778757 0.00690366 0.00608757 0.00533917 0.00465743 0.00404056 0.00348609 0.00299102 0.00255192 0.00216504 0.00182644 0.0015321 0.00127795 0.00106004 0.000874529 0.000717778 0.000586394 0.000477256 0.000387543 0.000314753 0.000256709 0.00021157 0.000177825 0.000154302 0.000140181 
0.000166599 0.000170858 0.00018591 0.000212363 0.000251193 0.000303782 0.000371916 0.000457786 0.000563986 0.000693507 0.000849719 0.00103636 0.00125748 0.00151742 0.00182077 0.00217226 0.00257669 0.00303886 0.00356341 0.00415476 0.00481692 0.00555339 0.006367 0.00725977 0.00823278 0.00928604 0.0104184 0.0116273 0.0129091 0.0142585 0.0156688 0.0171321 0.0186389 0.0201786 0.0217393 0.0233081 0.0248713 0.0264145 0.0279228 0.0293812 0.0307745 0.0320879 0.0333073 0.0344189 0.0354104 0.0362703 0.0369886 0.037557 0.0379688 0.038219 0.0383049 0.0382253 0.0379812 0.0375756 0.0370133 0.036301 0.0354472 0.0344616 0.0333557 0.032142 0.0308339 0.0294458 0.0279924 0.0264887 0.0249497 0.0233903 0.0218249 0.0202671 0.0187297 0.0172247 0.0157626 0.0143528 0.0130033 0.0117209 0.0105106 0.00937643 0.00832074 0.00734479 0.00644863 0.00563124 0.00489064 0.0042241 0.00362817 0.00309891 0.00263199 0.00222281 0.00186664 0.00155872 0.00129436 0.00106903 0.000878402 0.000718431 0.000585396 0.000475923 0.000387011 0.000316051 0.000260827 0.000219524 0.000190729 0.000173455 
0.000206476 0.000211768 0.000230322 0.000262872 0.000310601 0.000375179 0.00045876 0.000563986 0.000693979 0.00085233 0.00104308 0.00127069 0.00154001 0.00185619 0.00222468 0.00265106 0.003141 0.00370011 0.00433382 0.00504724 0.00584498 0.00673102 0.00770852 0.00877966 0.00994547 0.0112057 0.0125588 0.0140015 0.0155292 0.0171353 0.0188119 0.0205493 0.0223362 0.0241601 0.0260067 0.0278609 0.0297066 0.0315269 0.0333043 0.0350213 0.0366603 0.0382043 0.0396365 0.0409414 0.0421045 0.0431127 0.0439544 0.0446201 0.045102 0.0453947 0.0454945 0.0454006 0.0451139 0.0446378 0.043978 0.0431422 0.0421399 0.0409827 0.0396836 0.038257 0.0367187 0.0350851 0.0333734 0.031601 0.0297855 0.0279442 0.0260939 0.0242508 0.02243 0.0206455 0.01891 0.0172346 0.015629 0.0141012 0.0126577 0.0113032 0.0100409 0.00887235 0.00779798 0.00681677 0.00592659 0.00512436 0.00440618 0.00376751 0.00320333 0.00270827 0.0022768 0.0019033 0.00158223 0.00130823 0.00107614 0.000881145 0.000718802 0.00058507 0.00047635 0.000389506 0.000321873 0.000271265 0.000235979 0.000214824 
0.000255403 0.000261963 0.000284786 0.00032476 0.000383314 0.000462462 0.000564801 0.000693507 0.00085233 0.00104557 0.00127807 0.00155516 0.00188259 0.00226651 0.00271334 0.00322967 0.00382218 0.00449741 0.00526169 0.00612092 0.0070804 0.00814461 0.00931706 0.0106001 0.0119946 0.0135001 0.0151143 0.0168331 0.0186508 0.0205594 0.0225492 0.0246087 0.0267244 0.0288812 0.0310626 0.0332505 0.0354261 0.0375696 0.0396606 0.0416788 0.0436037 0.0454155 0.0470951 0.0486242 0.0499864 0.0511664 0.0521511 0.0529294 0.0534926 0.0538341 0.0539502 0.0538396 0.0535035 0.0529458 0.052173 0.0511939 0.0500195 0.0486631 0.0471396 0.0454659 0.0436598 0.0417406 0.039728 0.0376424 0.0355042 0.0333336 0.0311504 0.0289733 0.0268202 0.0247078 0.022651 0.0206631 0.0187558 0.0169387 0.0152197 0.0136046 0.0120976 0.0107007 0.00941476 0.00823876 0.00717047 0.00620648 0.00534235 0.0045729 0.00389229 0.00329431 0.00277246 0.00232016 0.00193087 0.00159822 0.00131613 0.00107885 0.000881076 0.000717989 0.000585276 0.000479176 0.000396488 0.000334586 0.000291419 0.000265555 
0.000314785 0.000322882 0.000350852 0.000399764 0.000471339 0.000567997 0.000692854 0.000849719 0.00104308 0.00127807 0.00156047 0.0018966 0.0022933 0.00275784 0.00329778 0.00392089 0.00463495 0.00544762 0.00636621 0.00739752 0.00854756 0.0098214 0.0112229 0.0127544 0.0144168 0.0162091 0.0181282 0.0201691 0.0223244 0.0245847 0.0269383 0.0293712 0.0318675 0.0344093 0.0369772 0.03955 0.0421056 0.0446209 0.0470723 0.0494362 0.051689 0.0538077 0.0557703 0.0575559 0.0591456 0.0605219 0.0616698 0.0625767 0.0632325 0.0636298 0.0637644 0.0636346 0.0632421 0.0625912 0.0616893 0.0605464 0.0591753 0.0575911 0.055811 0.0538541 0.0517412 0.0494943 0.0471363 0.0446907 0.0421812 0.0396313 0.0370639 0.0345012 0.031964 0.0294718 0.0270425 0.0246919 0.0224338 0.0202799 0.0182397 0.0163205 0.0145272 0.012863 0.011329 0.00992423 0.00864649 0.00749199 0.00645574 0.00553182 0.00471353 0.00399365 0.00336461 0.00281873 0.0023483 0.00194584 0.00160413 0.00131637 0.00107627 0.00087806 0.000716615 0.000587434 0.00048669 0.000411233 0.000358606 0.000327092 
0.000386193 0.000396136 0.000430251 0.000489822 0.00057691 0.000694409 0.000846043 0.00103636 0.00127069 0.00155516 0.0018966 0.00230251 0.00278096 0.00334051 0.00399003 0.00473861 0.0055953 0.00656897 0.00766807 0.00890034 0.0102726 0.0117905 0.0134582 0.0152782 0.0172511 0.0193751 0.0216465 0.0240587 0.0266029 0.0292675 0.0320386 0.0348995 0.0378315 0.0408133 0.0438223 0.0468337 0.0498217 0.0527597 0.0556204 0.0583763 0.0610005 0.0634664 0.065749 0.0678245 0.0696709 0.0712687 0.0726006 0.0736523 0.0744124 0.0748725 0.0750277 0.0748764 0.0744202 0.0736642 0.0726167 0.0712891 0.069696 0.0678545 0.0657842 0.0635071 0.0610468 0.0584287 0.0556789 0.0528245 0.0498928 0.0469111 0.0439059 0.040903 0.0379267 0.035 0.0321438 0.0293767 0.0267154 0.0241737 0.0217631 0.0194926 0.0173684 0.0153945 0.0135725 0.011902 0.0103806 0.00900401 0.00776685 0.00666236 0.00568288 0.00482008 0.0040652 0.00340928 0.00284333 0.00235855 0.00194647 0.00159905 0.00130884 0.00106902 0.000873499 0.000716919 0.000594721 0.000503152 0.000439278 0.000401048 
0.000471357 0.000483497 0.000524889 0.000597064 0.000702477 0.000844572 0.00102777 0.00125748 0.00154001 0.00188259 0.0022933 0.00278096 0.00335505 0.00402559 0.00480293 0.00569762 0.00672016 0.00788077 0.00918909 0.0106539 0.0122829 0.0140824 0.0160567 0.0182083 0.0205375 0.0230417 0.0257159 0.0285523 0.0315398 0.0346648 0.0379103 0.0412569 0.0446823 0.0481618 0.0516689 0.0551749 0.05865 0.0620633 0.0653835 0.0685792 0.0716195 0.0744741 0.0771145 0.0795136 0.0816467 0.0834914 0.0850284 0.0862414 0.0871176 0.0876476 0.0878258 0.0876503 0.0871231 0.0862499 0.0850401 0.0835065 0.0816656 0.0795368 0.0771424 0.0745071 0.0716579 0.0686236 0.0654342 0.0621206 0.0587141 0.055246 0.051747 0.0482469 0.044774 0.041355 0.0380143 0.0347741 0.0316538 0.02867 0.0258365 0.0231642 0.0206608 0.0183316 0.0161788 0.0142023 0.0123998 0.0107669 0.00929733 0.00798366 0.00681716 0.0057883 0.00488698 0.00410282 0.00342539 0.00284441 0.00234996 0.00193262 0.00158362 0.00129493 0.00105934 0.000870508 0.000723039 0.00061248 0.000535345 0.000489201 
0.000572153 0.000586888 0.000636829 0.000723791 0.000850681 0.00102158 0.0012417 0.00151742 0.00185619 0.00226651 0.00275784 0.00334051 0.00402559 0.00482472 0.00574993 0.00681341 0.00802722 0.00940305 0.0109519 0.0126836 0.0146068 0.0167282 0.0190525 0.0215821 0.0243166 0.0272526 0.0303837 0.0337 0.0371885 0.0408325 0.0446123 0.0485047 0.0524839 0.056521 0.0605852 0.0646436 0.0686618 0.0726043 0.0764355 0.0801195 0.0836211 0.0869063 0.0899426 0.0926995 0.0951491 0.0972663 0.0990295 0.10042 0.101424 0.102031 0.102235 0.102033 0.101427 0.100425 0.0990357 0.0972748 0.0951603 0.092714 0.089961 0.0869293 0.0836492 0.0801533 0.0764756 0.0726512 0.0687159 0.0647054 0.0606549 0.0565986 0.0525693 0.0485978 0.0447126 0.0409396 0.0373016 0.0338184 0.0305064 0.0273786 0.0244447 0.0217113 0.0191815 0.0168559 0.0147321 0.0128056 0.0110695 0.00951557 0.00813389 0.00691365 0.0058433 0.00491091 0.00410441 0.0034119 0.00282183 0.00232321 0.00190578 0.00156013 0.00127778 0.00105129 0.000874289 0.00074152 0.000648874 0.000593476 
0.000690586 0.000708364 0.000768272 0.000872453 0.00102433 0.00122869 0.00149169 0.00182077 0.00222468 0.00271334 0.00329778 0.00399003 0.00480293 0.00574993 0.00684491 0.00810184 0.00953452 0.0111562 0.0129793 0.0150149 0.0172723 0.019759 0.0224797 0.0254366 0.0286284 0.0320508 0.0356954 0.0395505 0.0436 0.0478245 0.0522005 0.056701 0.061296 0.0659522 0.0706339 0.0753034 0.0799215 0.0844477 0.0888416 0.0930626 0.0970711 0.100829 0.104298 0.107447 0.110243 0.112658 0.114668 0.116252 0.117396 0.118087 0.118317 0.118086 0.117395 0.116252 0.114667 0.112658 0.110244 0.107451 0.104305 0.100839 0.0970861 0.093083 0.0888682 0.0844812 0.0799625 0.0753527 0.0706918 0.066019 0.0613719 0.056786 0.0522942 0.0479265 0.0437098 0.0396671 0.0358181 0.0321783 0.0287596 0.0255702 0.0226145 0.0198936 0.0174055 0.0151455 0.0131061 0.0112783 0.00965092 0.00821184 0.0069479 0.00584546 0.00489069 0.00406985 0.0033696 0.0027772 0.00228072 0.00186918 0.00153269 0.00126254 0.00105127 0.000892725 0.000782069 0.00071593 
0.000828766 0.000850084 0.000921531 0.00104562 0.00122635 0.00146933 0.00178174 0.00217226 0.00265106 0.00322967 0.00392089 0.00473861 0.00569762 0.00681341 0.00810184 0.00957886 0.0112601 0.0131606 0.0152941 0.0176729 0.0203073 0.0232052 0.0263713 0.0298074 0.0335112 0.037477 0.0416944 0.0461489 0.0508218 0.0556899 0.0607257 0.0658981 0.071172 0.0765095 0.0818695 0.0872092 0.092484 0.0976482 0.102656 0.107462 0.112022 0.116293 0.120233 0.123806 0.126977 0.129714 0.13199 0.133785 0.135079 0.13586 0.13612 0.135857 0.135074 0.133778 0.131982 0.129704 0.126967 0.123797 0.120226 0.116288 0.112021 0.107466 0.102666 0.097665 0.0925086 0.0872425 0.0819122 0.076562 0.0712349 0.0659714 0.0608094 0.0557836 0.0509251 0.046261 0.0418143 0.0376036 0.0336434 0.0299437 0.0265103 0.0233454 0.0204474 0.0178113 0.0154295 0.0132919 0.0113861 0.00969863 0.0082146 0.00691854 0.00579466 0.00482725 0.00400097 0.00330115 0.00271399 0.00222678 0.00182805 0.00150766 0.00125692 0.00106866 0.000937241 0.000858722 
0.000988875 0.00101428 0.00109899 0.00124593 0.00145976 0.00174699 0.00211594 0.00257669 0.003141 0.00382218 0.00463495 0.0055953 0.00672016 0.00802722 0.00953452 0.0112601 0.0132216 0.0154358 0.0179181 0.0206819 0.0237383 0.0270955 0.0307583 0.0347277 0.0390003 0.0435685 0.0484195 0.0535362 0.058896 0.0644719 0.070232 0.0761403 0.0821566 0.0882374 0.0943363 0.100405 0.106392 0.112247 0.117919 0.123357 0.128511 0.133334 0.13778 0.141809 0.145381 0.148463 0.151026 0.153044 0.154499 0.155377 0.155669 0.155372 0.15449 0.153031 0.151009 0.148443 0.145359 0.141786 0.137757 0.133312 0.128492 0.123342 0.117909 0.112244 0.106396 0.100418 0.0943599 0.0882719 0.0822026 0.0761982 0.0703019 0.0645537 0.0589893 0.0536404 0.0485337 0.0436915 0.039131 0.0348644 0.0308996 0.0272398 0.0238838 0.0208271 0.0180614 0.0155758 0.0133569 0.0113895 0.00965705 0.00814207 0.00682671 0.00569307 0.00472366 0.00390165 0.00321122 0.00263772 0.00216792 0.00179011 0.00149423 0.00127196 0.00111677 0.00102409 
0.00117313 0.00120323 0.00130308 0.00147607 0.00172758 0.00206516 0.00249838 0.00303886 0.00370011 0.00449741 0.00544762 0.00656897 0.00788077 0.00940305 0.0111562 0.0131606 0.0154358 0.0180006 0.0208719 0.0240643 0.0275896 0.0314563 0.0356688 0.0402273 0.0451269 0.0503578 0.0559046 0.0617467 0.0678576 0.0742058 0.0807545 0.0874624 0.0942836 0.101169 0.108066 0.114919 0.121673 0.12827 0.134654 0.140767 0.146556 0.151968 0.156953 0.161466 0.165465 0.168914 0.171779 0.174035 0.175661 0.17664 0.176966 0.176633 0.175646 0.174014 0.171752 0.168881 0.165429 0.161427 0.156912 0.151926 0.146515 0.140729 0.134621 0.128243 0.121654 0.114909 0.108066 0.101181 0.0943087 0.0875008 0.0808067 0.0742717 0.0679372 0.0618394 0.0560097 0.0504741 0.0452531 0.0403619 0.0358101 0.0316025 0.0277389 0.0242148 0.0210219 0.0181484 0.0155797 0.0132992 0.0112883 0.0095276 0.00799692 0.00667608 0.00554522 0.0045852 0.00377796 0.00310674 0.00255637 0.00211338 0.00176622 0.0015053 0.00132308 0.00121429 
0.00138374 0.00141918 0.00153619 0.00173867 0.00203282 0.00242728 0.00293305 0.00356341 0.00433382 0.00526169 0.00636621 0.00766807 0.00918909 0.0109519 0.0129793 0.0152941 0.0179181 0.0208719 0.0241739 0.02784 0.0318826 0.0363102 0.0411268 0.0463312 0.051917 0.0578715 0.0641764 0.0708071 0.0777328 0.084917 0.0923176 0.0998873 0.107574 0.115323 0.123074 0.130766 0.138337 0.145724 0.152863 0.159693 0.166154 0.172188 0.177742 0.182766 0.187214 0.191047 0.194231 0.196736 0.19854 0.199627 0.199987 0.199617 0.19852 0.196706 0.194193 0.191001 0.187162 0.182708 0.17768 0.172124 0.16609 0.159631 0.152804 0.145671 0.138291 0.130729 0.123047 0.115309 0.107574 0.099902 0.0923478 0.0849631 0.0777947 0.0708845 0.0642686 0.0579775 0.0520355 0.0464607 0.0412655 0.0364561 0.0320337 0.0279942 0.0243292 0.0210263 0.0180698 0.0154413 0.0131206 0.0110859 0.00931479 0.00778457 0.00647287 0.00535804 0.00441958 0.00363845 0.00299734 0.00248089 0.00207587 0.00177131 0.00155856 0.00143159 
0.00162286 0.00166433 0.00180066 0.00203631 0.00237835 0.00283665 0.00342375 0.00415476 0.00504724 0.00612092 0.00739752 0.00890034 0.0106539 0.0126836 0.0150149 0.0176729 0.0206819 0.0240643 0.02784 0.032026 0.0366352 0.0416759 0.0471513 0.0530589 0.0593898 0.0661286 0.0732533 0.0807349 0.0885378 0.09662 0.104933 0.113424 0.122035 0.130702 0.13936 0.147942 0.156377 0.164597 0.172532 0.180114 0.187279 0.193965 0.200112 0.205669 0.210585 0.214819 0.218333 0.221097 0.223086 0.224284 0.22468 0.224271 0.223061 0.221059 0.218283 0.214759 0.210516 0.205591 0.200029 0.193877 0.187189 0.180024 0.172444 0.164513 0.1563 0.147874 0.139303 0.130658 0.122006 0.113411 0.104937 0.0966418 0.0885778 0.0807929 0.0733288 0.0662207 0.0594972 0.0531801 0.0472844 0.0418188 0.0367857 0.0321819 0.027999 0.024224 0.0208403 0.017828 0.0151648 0.0128267 0.010789 0.00902619 0.0075133 0.00622598 0.00514111 0.00423718 0.00349458 0.00289587 0.00242602 0.00207252 0.00182554 0.00167817 
0.0018925 0.00194076 0.00209869 0.00237138 0.00276686 0.00329632 0.00397397 0.00481692 0.00584498 0.0070804 0.00854756 0.0102726 0.0122829 0.0146068 0.0172723 0.0203073 0.0237383 0.0275896 0.0318826 0.0366352 0.0418605 0.0475666 0.0537556 0.060423 0.0675573 0.0751399 0.0831444 0.0915371 0.100277 0.109316 0.1186 0.128068 0.137656 0.147292 0.156906 0.166421 0.175762 0.184853 0.193618 0.201984 0.209881 0.217242 0.224004 0.230111 0.23551 0.240157 0.244011 0.247041 0.249221 0.250533 0.250966 0.250517 0.249189 0.246994 0.24395 0.240082 0.235423 0.230013 0.223898 0.217129 0.209763 0.201864 0.193499 0.184737 0.175652 0.166319 0.156815 0.147215 0.137593 0.128023 0.118574 0.10931 0.100291 0.0915715 0.083199 0.075214 0.0676499 0.0605324 0.0538799 0.0477037 0.0420079 0.0367905 0.0320433 0.027753 0.0239021 0.0204692 0.01743 0.0147585 0.012427 0.0104076 0.0086724 0.00719419 0.00594709 0.0049069 0.00405154 0.00336135 0.00281933 0.00241132 0.00212619 0.00195611 
0.00219454 0.00225035 0.00243228 0.00274605 0.00320075 0.00380899 0.0045868 0.00555339 0.00673102 0.00814461 0.0098214 0.0117905 0.0140824 0.0167282 0.019759 0.0232052 0.0270955 0.0314563 0.0363102 0.0416759 0.0475666 0.0539898 0.060946 0.0684285 0.0764228 0.0849063 0.0938481 0.103209 0.112943 0.122994 0.133301 0.143798 0.15441 0.165062 0.175673 0.186161 0.196443 0.206436 0.216059 0.225233 0.233883 0.241938 0.24933 0.256 0.261893 0.26696 0.271161 0.274462 0.276836 0.278264 0.278735 0.278245 0.276798 0.274406 0.271087 0.26687 0.261788 0.255882 0.2492 0.241798 0.233737 0.225083 0.215907 0.206285 0.196296 0.186022 0.175545 0.164947 0.154311 0.143717 0.133241 0.122955 0.112926 0.103216 0.0938778 0.0849585 0.0764966 0.0685224 0.0610581 0.0541179 0.0477081 0.0418282 0.0364704 0.0316216 0.0272632 0.0233725 0.0199235 0.0168877 0.0142349 0.0119343 0.00995512 0.00826708 0.00684138 0.00565101 0.00467123 0.00387998 0.00325816 0.00278985 0.00246249 0.00226728 
0.00253057 0.00259475 0.00280314 0.00316217 0.00368205 0.00437693 0.00526474 0.006367 0.00770852 0.00931706 0.0112229 0.0134582 0.0160567 0.0190525 0.0224797 0.0263713 0.0307583 0.0356688 0.0411268 0.0471513 0.0537556 0.060946 0.0687212 0.0770719 0.0859801 0.0954186 0.105352 0.115734 0.126513 0.137626 0.149005 0.160574 0.172254 0.18396 0.195603 0.207095 0.218345 0.229266 0.239768 0.249768 0.259186 0.267946 0.275978 0.283218 0.289609 0.295102 0.299652 0.303226 0.305795 0.307339 0.307848 0.307317 0.30575 0.30316 0.299566 0.294996 0.289486 0.283078 0.275823 0.267779 0.25901 0.249585 0.239581 0.229079 0.218162 0.206917 0.195435 0.183805 0.172115 0.160454 0.148906 0.13755 0.126462 0.115709 0.105352 0.0954449 0.0860312 0.0771466 0.0688176 0.0610618 0.0538882 0.0472978 0.0412842 0.0358339 0.0309281 0.0265427 0.0226499 0.0192189 0.016217 0.0136104 0.0113652 0.00944803 0.00782707 0.00647227 0.0053561 0.00445397 0.00374451 0.00320993 0.00283615 0.00261331 
0.00290189 0.00297527 0.00321264 0.0036212 0.00421234 0.00500184 0.00600968 0.00725977 0.00877966 0.0106001 0.0127544 0.0152782 0.0182083 0.0215821 0.0254366 0.0298074 0.0347277 0.0402273 0.0463312 0.0530589 0.060423 0.0684285 0.0770719 0.0863408 0.0962129 0.106656 0.11763 0.129081 0.140951 0.15317 0.165661 0.178342 0.191124 0.203914 0.216618 0.229137 0.241377 0.25324 0.264635 0.275471 0.285664 0.295134 0.303808 0.31162 0.31851 0.324427 0.329326 0.333171 0.335934 0.337595 0.338141 0.337569 0.335884 0.333097 0.329228 0.324307 0.318369 0.311459 0.30363 0.294941 0.285458 0.275256 0.264413 0.253016 0.241154 0.228919 0.216408 0.203717 0.190942 0.17818 0.165521 0.153054 0.140862 0.12902 0.117597 0.106653 0.0962376 0.0863925 0.077149 0.0685286 0.0605435 0.0531968 0.0464832 0.04039 0.0348976 0.0299812 0.0256111 0.0217544 0.0183756 0.0154381 0.0129048 0.0107393 0.00890622 0.00737261 0.00610796 0.00508496 0.00427991 0.00367298 0.00324851 0.0029955 
0.0033094 0.00339283 0.00366173 0.00412411 0.00479263 0.00568478 0.00682268 0.00823278 0.00994547 0.0119946 0.0144168 0.0172511 0.0205375 0.0243166 0.0286284 0.0335112 0.0390003 0.0451269 0.051917 0.0593898 0.0675573 0.0764228 0.0859801 0.0962129 0.107095 0.118588 0.130645 0.143208 0.156208 0.16957 0.183207 0.197029 0.21094 0.224837 0.23862 0.252182 0.265422 0.278236 0.290527 0.302201 0.313169 0.323347 0.33266 0.341038 0.348422 0.354758 0.36 0.364113 0.367067 0.368841 0.369425 0.368814 0.367011 0.364031 0.359892 0.354624 0.348264 0.340858 0.332459 0.323128 0.312934 0.301954 0.290272 0.277975 0.265159 0.251923 0.238367 0.224596 0.210713 0.196822 0.183023 0.169411 0.156078 0.143108 0.130576 0.118551 0.107089 0.0962381 0.0860343 0.0765039 0.0676627 0.0595162 0.0520609 0.0452848 0.0391684 0.0336857 0.0288058 0.0244934 0.0207107 0.0174179 0.0145748 0.0121416 0.0100798 0.00835303 0.0069278 0.00577396 0.00486532 0.00417995 0.0037005 0.00341478 
0.00375358 0.00384789 0.00415086 0.00467134 0.0054233 0.00642604 0.00770392 0.00928604 0.0112057 0.0135001 0.0162091 0.0193751 0.0230417 0.0272526 0.0320508 0.037477 0.0435685 0.0503578 0.0578715 0.0661286 0.0751399 0.0849063 0.0954186 0.106656 0.118588 0.13117 0.144349 0.158057 0.17222 0.186753 0.201561 0.216547 0.231603 0.246622 0.261493 0.276104 0.290346 0.30411 0.317295 0.3298 0.341533 0.35241 0.36235 0.371285 0.379152 0.385896 0.391473 0.395846 0.398985 0.400871 0.401491 0.400841 0.398926 0.395757 0.391355 0.38575 0.378979 0.371087 0.362128 0.352167 0.341272 0.329523 0.317005 0.303813 0.290044 0.275803 0.261197 0.246336 0.231331 0.216293 0.201331 0.186548 0.172045 0.157914 0.14424 0.131096 0.118549 0.106652 0.0954466 0.0849651 0.0752268 0.0662405 0.0580047 0.0505084 0.0437324 0.0376502 0.0322294 0.0274327 0.0232198 0.019548 0.0163739 0.0136544 0.0113474 0.00941347 0.00781573 0.0065212 0.00550107 0.00473122 0.00419254 0.00387158 
0.00423438 0.0043404 0.00467992 0.00526268 0.006104 0.00722508 0.0086526 0.0104184 0.0125588 0.0151143 0.0181282 0.0216465 0.0257159 0.0303837 0.0356954 0.0416944 0.0484195 0.0559046 0.0641764 0.0732533 0.0831444 0.0938481 0.105352 0.11763 0.130645 0.144349 0.158678 0.173559 0.188909 0.204633 0.220629 0.23679 0.253001 0.269145 0.285105 0.300761 0.315998 0.330703 0.344767 0.358089 0.370573 0.38213 0.392681 0.402155 0.410488 0.417627 0.423526 0.428149 0.431466 0.433458 0.434113 0.433426 0.431402 0.428053 0.4234 0.41747 0.410302 0.40194 0.39244 0.381865 0.370286 0.357784 0.344447 0.330371 0.315659 0.30042 0.284766 0.268814 0.252682 0.236489 0.220351 0.204381 0.188687 0.173371 0.158526 0.144234 0.130569 0.117591 0.10535 0.0938814 0.0832099 0.0733478 0.0642961 0.0560455 0.0485772 0.0418644 0.0358735 0.0305656 0.0258977 0.0218244 0.0182991 0.0152752 0.0127075 0.0105526 0.00877087 0.00732608 0.00618678 0.00532657 0.0047245 0.00436584 
0.00475117 0.00486972 0.00524819 0.00589723 0.00683361 0.00808044 0.00966681 0.0116273 0.0140015 0.0168331 0.0201691 0.0240587 0.0285523 0.0337 0.0395505 0.0461489 0.0535362 0.0617467 0.0708071 0.0807349 0.0915371 0.103209 0.115734 0.129081 0.143208 0.158057 0.173559 0.189632 0.206184 0.223111 0.240302 0.257641 0.275005 0.29227 0.309309 0.325997 0.342213 0.357839 0.372763 0.386878 0.400087 0.412301 0.423439 0.433429 0.442208 0.449722 0.455927 0.460786 0.464272 0.466365 0.467053 0.466332 0.464206 0.460687 0.455794 0.449557 0.442011 0.433202 0.423183 0.412018 0.399779 0.386547 0.372413 0.357475 0.341839 0.325617 0.308928 0.291894 0.274641 0.257293 0.239976 0.22281 0.205914 0.189398 0.173362 0.1579 0.143092 0.129007 0.1157 0.103214 0.0915783 0.0808091 0.0709106 0.0618753 0.0536853 0.0463137 0.0397263 0.0338822 0.0287364 0.0242406 0.0203452 0.0170001 0.0141566 0.0117681 0.00979126 0.00818708 0.00692126 0.00596505 0.00529562 0.00489689 
0.00530272 0.00543456 0.00585424 0.00657336 0.00761014 0.00898968 0.0107435 0.0129091 0.0155292 0.0186508 0.0223244 0.0266029 0.0315398 0.0371885 0.0436 0.0508218 0.058896 0.0678576 0.0777328 0.0885378 0.100277 0.112943 0.126513 0.140951 0.156208 0.17222 0.188909 0.206184 0.223943 0.242075 0.260459 0.27897 0.297477 0.315846 0.333946 0.351644 0.368815 0.385334 0.401087 0.415965 0.429869 0.442709 0.454403 0.464881 0.474079 0.481946 0.488437 0.493518 0.497161 0.499348 0.500066 0.499313 0.497093 0.493415 0.488301 0.481775 0.473875 0.464644 0.454135 0.44241 0.429542 0.415612 0.400712 0.38494 0.368407 0.351228 0.333526 0.315429 0.297067 0.278575 0.260084 0.241726 0.223625 0.205901 0.188665 0.172019 0.156051 0.140838 0.126443 0.112916 0.100291 0.0885892 0.0778177 0.0679716 0.0590343 0.0509794 0.0437717 0.0373693 0.0317249 0.0267877 0.0225048 0.018823 0.01569 0.0130558 0.0108738 0.00910169 0.00770248 0.006645 0.00590447 0.00546346 
0.00588715 0.00603298 0.00649596 0.00728863 0.00843071 0.0099493 0.0118784 0.0142585 0.0171353 0.0205594 0.0245847 0.0292675 0.0346648 0.0408325 0.0478245 0.0556899 0.0644719 0.0742058 0.084917 0.09662 0.109316 0.122994 0.137626 0.15317 0.16957 0.186753 0.204633 0.223111 0.242075 0.261404 0.28097 0.300637 0.320266 0.339716 0.358849 0.377526 0.395617 0.412994 0.429539 0.445142 0.459704 0.473133 0.485348 0.496281 0.505869 0.514061 0.520816 0.5261 0.529888 0.53216 0.532908 0.532126 0.529819 0.525997 0.520678 0.513888 0.50566 0.496037 0.485071 0.472823 0.459363 0.444772 0.429143 0.412575 0.39518 0.377077 0.358392 0.339258 0.319813 0.300196 0.280548 0.261007 0.241708 0.222779 0.204342 0.186505 0.169368 0.153016 0.137519 0.122934 0.109301 0.0966461 0.0849809 0.0743029 0.0645973 0.0558383 0.0479904 0.0410105 0.0348495 0.029454 0.0247684 0.020736 0.0173013 0.0144106 0.0120141 0.0100664 0.00852753 0.00736394 0.00654889 0.00606357 
0.00650189 0.00666235 0.00717048 0.0080398 0.00929153 0.0109548 0.0130661 0.0156688 0.0188119 0.0225492 0.0269383 0.0320386 0.0379103 0.0446123 0.0522005 0.0607257 0.070232 0.0807545 0.0923176 0.104933 0.1186 0.133301 0.149005 0.165661 0.183207 0.201561 0.220629 0.240302 0.260459 0.28097 0.301696 0.322494 0.343216 0.363714 0.383843 0.403461 0.42243 0.440622 0.457916 0.474201 0.489376 0.503352 0.516049 0.527399 0.537343 0.545832 0.552826 0.558294 0.562211 0.564561 0.565334 0.564527 0.562143 0.558191 0.552688 0.545658 0.537133 0.527153 0.515768 0.503035 0.489025 0.473817 0.457503 0.440183 0.421969 0.402982 0.383354 0.36322 0.342723 0.32201 0.301228 0.280525 0.260044 0.239922 0.22029 0.201267 0.182961 0.165465 0.148859 0.133206 0.118553 0.104932 0.0923584 0.0808328 0.0703426 0.0608631 0.0523588 0.0447858 0.0380933 0.0322256 0.0271242 0.0227295 0.0189823 0.0158259 0.0132068 0.0110766 0.00939257 0.0081186 0.00722602 0.00669458 
0.00714367 0.00731932 0.0078742 0.00882281 0.0101879 0.0120006 0.0142999 0.0171321 0.0205493 0.0246087 0.0293712 0.0348995 0.0412569 0.0485047 0.056701 0.0658981 0.0761403 0.0874624 0.0998873 0.113424 0.128068 0.143798 0.160574 0.178342 0.197029 0.216547 0.23679 0.257641 0.27897 0.300637 0.322494 0.344388 0.366166 0.387671 0.408753 0.429264 0.449064 0.468022 0.486015 0.502932 0.518673 0.53315 0.546285 0.558012 0.568276 0.57703 0.584236 0.589867 0.593899 0.596317 0.597114 0.596284 0.593832 0.589767 0.584102 0.576859 0.568069 0.557768 0.546004 0.532831 0.518317 0.502541 0.48559 0.467567 0.448583 0.428762 0.408235 0.387144 0.365636 0.343864 0.321983 0.300146 0.278508 0.257213 0.236403 0.216205 0.196737 0.178103 0.160388 0.143665 0.127988 0.113394 0.0999031 0.0875199 0.0762342 0.0660227 0.0568503 0.0486724 0.0414368 0.0350859 0.0295584 0.0247916 0.0207234 0.0172934 0.0144451 0.0121268 0.0102929 0.00890491 0.00793222 0.00735314 
0.00780856 0.00799985 0.00860277 0.00963279 0.0111141 0.01308 0.015572 0.0186389 0.0223362 0.0267244 0.0318675 0.0378315 0.0446823 0.0524839 0.061296 0.071172 0.0821566 0.0942836 0.107574 0.122035 0.137656 0.15441 0.172254 0.191124 0.21094 0.231603 0.253001 0.275005 0.297477 0.320266 0.343216 0.366166 0.388953 0.411418 0.433402 0.454755 0.475332 0.495001 0.513638 0.531134 0.54739 0.562318 0.575845 0.587907 0.598453 0.607438 0.614829 0.6206 0.624731 0.627209 0.628025 0.627178 0.624668 0.620505 0.6147 0.607274 0.598252 0.587669 0.575568 0.562002 0.547034 0.53074 0.513208 0.494536 0.474836 0.454233 0.43286 0.410862 0.388391 0.365605 0.342664 0.319732 0.296969 0.274531 0.252567 0.231215 0.210602 0.190841 0.172027 0.15424 0.137541 0.121974 0.107563 0.0943187 0.0822323 0.0712823 0.0614346 0.0526442 0.0448579 0.038016 0.0320549 0.0269092 0.0225133 0.0188039 0.0157211 0.0132102 0.0112228 0.00971796 0.00866312 0.00803519 
0.00849194 0.00869921 0.00935111 0.0104641 0.0120638 0.0141856 0.0168732 0.0201786 0.0241601 0.0288812 0.0344093 0.0408133 0.0481618 0.056521 0.0659522 0.0765095 0.0882374 0.101169 0.115323 0.130702 0.147292 0.165062 0.18396 0.203914 0.224837 0.246622 0.269145 0.29227 0.315846 0.339716 0.363714 0.387671 0.411418 0.434788 0.457618 0.479754 0.501051 0.521373 0.540598 0.558616 0.575332 0.59066 0.604531 0.616885 0.627673 0.636856 0.644403 0.650293 0.654507 0.657034 0.657867 0.657005 0.654448 0.650204 0.644283 0.636701 0.627482 0.616657 0.604263 0.590352 0.574982 0.558225 0.540166 0.520903 0.500546 0.479219 0.457057 0.434208 0.410827 0.387077 0.363126 0.339143 0.315296 0.291751 0.268666 0.246188 0.224455 0.203588 0.183691 0.164853 0.147143 0.130609 0.115284 0.10118 0.0882935 0.0766041 0.0660789 0.0566729 0.048332 0.040995 0.034596 0.029067 0.0243394 0.0203466 0.0170258 0.0143192 0.0121758 0.0105521 0.00941364 0.008736 
0.00918859 0.00941205 0.0101135 0.0113103 0.0130296 0.0153087 0.0181937 0.0217393 0.0260067 0.0310626 0.0369772 0.0438223 0.0516689 0.0605852 0.0706339 0.0818695 0.0943363 0.108066 0.123074 0.13936 0.156906 0.175673 0.195603 0.216618 0.23862 0.261493 0.285105 0.309309 0.333946 0.358849 0.383843 0.408753 0.433402 0.457618 0.481235 0.504093 0.526047 0.546961 0.566714 0.585198 0.602318 0.617995 0.632161 0.644762 0.655754 0.665101 0.672777 0.678762 0.683043 0.68561 0.686458 0.685584 0.68299 0.678682 0.672666 0.664958 0.655576 0.644548 0.631907 0.617699 0.601978 0.584814 0.566287 0.546492 0.525538 0.503549 0.48066 0.45702 0.432788 0.408131 0.383222 0.358238 0.333356 0.308748 0.284582 0.261015 0.238193 0.216248 0.195293 0.175425 0.15672 0.139235 0.123007 0.108052 0.0943718 0.0819475 0.0707476 0.0607275 0.0518325 0.044 0.0371622 0.0312485 0.0261875 0.0219098 0.0183493 0.0154455 0.0131445 0.0114009 0.010178 0.0094502 
0.0098927 0.0101324 0.0108836 0.0121644 0.0140036 0.0164401 0.0195225 0.0233081 0.0278609 0.0332505 0.03955 0.0468337 0.0551749 0.0646436 0.0753034 0.0872092 0.100405 0.114919 0.130766 0.147942 0.166421 0.186161 0.207095 0.229137 0.252182 0.276104 0.300761 0.325997 0.351644 0.377526 0.403461 0.429264 0.454755 0.479754 0.504093 0.527611 0.55016 0.571604 0.591824 0.610715 0.628184 0.644158 0.658572 0.671378 0.682534 0.692012 0.699789 0.705849 0.710181 0.712779 0.713638 0.712757 0.710136 0.705778 0.699691 0.691884 0.682373 0.67118 0.658335 0.643878 0.62786 0.610343 0.591406 0.57114 0.549652 0.527063 0.50351 0.479142 0.454121 0.428618 0.402811 0.376883 0.351018 0.325397 0.300197 0.275584 0.251713 0.228726 0.206745 0.185875 0.1662 0.147784 0.13067 0.114881 0.100419 0.0872696 0.0754031 0.0647753 0.055331 0.0470067 0.0397326 0.0334358 0.0280426 0.0234804 0.0196805 0.0165795 0.0141211 0.0122573 0.01095 0.0101718 
0.010598 0.0108539 0.0116544 0.0130188 0.0149769 0.0175697 0.020848 0.0248713 0.0297066 0.0354261 0.0421056 0.0498217 0.05865 0.0686618 0.0799215 0.092484 0.106392 0.121673 0.138337 0.156377 0.175762 0.196443 0.218345 0.241377 0.265422 0.290346 0.315998 0.342213 0.368815 0.395617 0.42243 0.449064 0.475332 0.501051 0.526047 0.55016 0.573239 0.595152 0.61578 0.63502 0.652786 0.669005 0.683622 0.69659 0.707875 0.717452 0.725304 0.731418 0.735787 0.738407 0.739275 0.738389 0.73575 0.731359 0.72522 0.717341 0.707733 0.696412 0.683405 0.668746 0.65248 0.634665 0.615376 0.594698 0.572738 0.549613 0.52546 0.500429 0.474684 0.448398 0.421756 0.394945 0.368155 0.341578 0.315396 0.289786 0.264912 0.240925 0.217956 0.196119 0.175506 0.156187 0.138213 0.121609 0.106384 0.0925262 0.0800066 0.0687822 0.058798 0.0499893 0.042285 0.0356101 0.0298885 0.0250449 0.0210079 0.0177115 0.0150968 0.0131138 0.0117225 0.0108945 
0.0112977 0.0115696 0.0124188 0.0138654 0.0159406 0.0186871 0.0221577 0.0264145 0.0315269 0.0375696 0.0446209 0.0527597 0.0620633 0.0726043 0.0844477 0.0976482 0.112247 0.12827 0.145724 0.164597 0.184853 0.206436 0.229266 0.25324 0.278236 0.30411 0.330703 0.357839 0.385334 0.412994 0.440622 0.468022 0.495001 0.521373 0.546961 0.571604 0.595152 0.617473 0.63845 0.657985 0.675995 0.692413 0.707188 0.72028 0.731659 0.741307 0.749209 0.755359 0.759752 0.762385 0.763259 0.762371 0.759722 0.755312 0.749142 0.741215 0.731538 0.720125 0.706995 0.692177 0.675711 0.657651 0.638064 0.617034 0.594661 0.571063 0.546375 0.520747 0.494343 0.467341 0.439927 0.412297 0.384646 0.357171 0.330065 0.303514 0.277689 0.25275 0.228839 0.206076 0.184562 0.164376 0.145571 0.128181 0.112218 0.0976721 0.0845179 0.0727131 0.0622025 0.0529212 0.0447965 0.0377517 0.0317083 0.0265888 0.0223192 0.0188307 0.0160625 0.0139623 0.0124884 0.0116113 
0.0119848 0.0122724 0.0131691 0.0146958 0.0168851 0.0197812 0.0234391 0.0279228 0.0333043 0.0396606 0.0470723 0.0556204 0.0653835 0.0764355 0.0888416 0.102656 0.117919 0.134654 0.152863 0.172532 0.193618 0.216059 0.239768 0.264635 0.290527 0.317295 0.344767 0.372763 0.401087 0.429539 0.457916 0.486015 0.513638 0.540598 0.566714 0.591824 0.61578 0.63845 0.659721 0.679499 0.697705 0.714279 0.729172 0.742352 0.753794 0.763486 0.771417 0.777585 0.78199 0.78463 0.785507 0.784621 0.781969 0.777552 0.771367 0.763414 0.753697 0.742222 0.729005 0.714069 0.697447 0.679189 0.659357 0.638029 0.615303 0.591293 0.566133 0.539972 0.512975 0.485323 0.457205 0.428821 0.400373 0.372065 0.344098 0.316664 0.289945 0.264109 0.239305 0.215665 0.193294 0.17228 0.152682 0.13454 0.117868 0.102662 0.0888967 0.0765322 0.0655136 0.0557753 0.0472438 0.0398405 0.0334849 0.0280975 0.0236016 0.0199264 0.0170086 0.0147943 0.01324 0.012315 
0.0126522 0.0129549 0.0138974 0.0155015 0.0178007 0.020841 0.024679 0.0293812 0.0350213 0.0416788 0.0494362 0.0583763 0.0685792 0.0801195 0.0930626 0.107462 0.123357 0.140767 0.159693 0.180114 0.201984 0.225233 0.249768 0.275471 0.302201 0.3298 0.358089 0.386878 0.415965 0.445142 0.474201 0.502932 0.531134 0.558616 0.585198 0.610715 0.63502 0.657985 0.679499 0.699472 0.717831 0.734519 0.749495 0.762731 0.77421 0.783921 0.791863 0.798035 0.80244 0.805081 0.80596 0.805077 0.802429 0.798015 0.79183 0.783871 0.774136 0.762628 0.749355 0.734337 0.7176 0.699189 0.679159 0.657585 0.634561 0.610197 0.584625 0.557994 0.530469 0.502233 0.473478 0.444407 0.41523 0.386155 0.357391 0.329138 0.301586 0.274912 0.249272 0.224806 0.201629 0.179833 0.159485 0.140629 0.123284 0.10745 0.0931026 0.0802042 0.0687001 0.0585245 0.0496031 0.0418559 0.0352007 0.0295557 0.0248422 0.0209873 0.0179256 0.0156013 0.0139695 0.0129984 
