4.34845e-06 4.50458e-06 5.15889e-06 6.36538e-06 8.21708e-06 1.08511e-05 1.44535e-05 1.92649e-05 2.55876e-05 3.3793e-05 4.43291e-05 5.77287e-05 7.4616e-05 9.57124e-05 0.000121841 0.000153926 0.000192992 0.000240159 0.000296628 0.000363667 0.000442586 0.000534713 0.000641357 0.000763768 0.000903094 0.00106033 0.00123628 0.00143147 0.00164616 0.00188022 0.00213316 0.00240405 0.00269151 0.00299372 0.00330836 0.0036327 0.00396359 0.00429749 0.00463056 0.00495871 0.00527769 0.00558317 0.00587084 0.0061365 0.00637617 0.00658618 0.00676324 0.00690455 0.00700783 0.00707143 0.00709432 0.00707613 0.00701717 0.00691841 0.00678148 0.00660859 0.0064025 0.00616644 0.00590406 0.00561931 0.00531635 0.00499948 0.00467301 0.00434118 0.00400809 0.00367757 0.00335318 0.00303809 0.00273507 0.00244643 0.00217406 0.00191938 0.00168334 0.00146649 0.001269 0.00109067 0.000930991 0.000789218 0.00066439 0.000555391 0.000461 0.000379932 0.000310879 0.000252543 0.000203665 0.000163048 0.000129573 0.000102211 8.00312e-05 6.22019e-05 4.79909e-05 3.67622e-05 2.79705e-05 2.11548e-05 1.59309e-05 1.19839e-05 9.06105e-06 6.96457e-06 5.5462e-06 4.70365e-06 
4.50458e-06 4.66736e-06 5.34755e-06 6.60138e-06 8.52568e-06 1.12632e-05 1.50076e-05 2.00093e-05 2.65829e-05 3.51149e-05 4.60715e-05 6.00071e-05 7.75709e-05 9.95133e-05 0.00012669 0.000160062 0.000200694 0.000249749 0.000308475 0.000378187 0.000460246 0.000556027 0.000666886 0.000794118 0.000938908 0.00110229 0.00128507 0.00148782 0.00171077 0.0019538 0.00221637 0.00249753 0.00279583 0.00310936 0.00343573 0.00377211 0.0041152 0.00446135 0.00480659 0.00514666 0.00547718 0.00579366 0.00609164 0.00636678 0.00661498 0.00683243 0.00701573 0.007162 0.0072689 0.0073347 0.00735834 0.00733945 0.00727835 0.00717605 0.00703421 0.00685513 0.00664165 0.00639713 0.00612532 0.00583031 0.00551641 0.00518805 0.00484969 0.00450574 0.00416043 0.00381774 0.00348134 0.00315454 0.00284019 0.00254073 0.00225809 0.00199375 0.00174873 0.0015236 0.00131853 0.00113332 0.00096746 0.00082018 0.000690486 0.000577225 0.000479133 0.000394879 0.000323107 0.00026247 0.000211662 0.00016944 0.000134642 0.000106199 8.3144e-05 6.4612e-05 4.98422e-05 3.81731e-05 2.90377e-05 2.19566e-05 1.65301e-05 1.24308e-05 9.39561e-06 7.21904e-06 5.74683e-06 4.8726e-06 
5.15889e-06 5.34755e-06 6.1274e-06 7.56249e-06 9.76307e-06 1.28914e-05 1.71673e-05 2.28751e-05 3.03712e-05 4.0093e-05 5.25678e-05 6.84212e-05 8.83853e-05 0.000113305 0.000144141 0.000181973 0.000227993 0.0002835 0.000349887 0.000428617 0.000521201 0.000629162 0.000753997 0.000897128 0.00105985 0.00124329 0.00144832 0.00167552 0.00192512 0.00219695 0.00249038 0.00280429 0.00313705 0.0034865 0.00384997 0.00422429 0.00460579 0.00499041 0.00537375 0.00575111 0.00611765 0.00646841 0.00679849 0.00710313 0.00737779 0.00761832 0.00782101 0.00798266 0.00810073 0.00817333 0.00819931 0.00817825 0.00811051 0.0079972 0.00784014 0.00764185 0.00740546 0.00713462 0.00683349 0.00650653 0.00615849 0.00579426 0.00541876 0.00503683 0.00465315 0.00427215 0.0038979 0.00353406 0.00318383 0.00284993 0.00253454 0.00223934 0.00196548 0.00171363 0.00148402 0.00127648 0.00109045 0.000925119 0.000779395 0.000652022 0.000541611 0.000446691 0.000365761 0.000297328 0.000239939 0.000192207 0.000152835 0.000120628 9.45003e-05 7.34826e-05 5.67192e-05 4.34655e-05 3.30824e-05 2.50289e-05 1.88536e-05 1.41861e-05 1.07288e-05 8.24886e-06 6.57144e-06 5.576e-06 
6.36538e-06 6.60138e-06 7.56249e-06 9.32681e-06 1.20284e-05 1.58642e-05 2.11007e-05 2.8082e-05 3.72385e-05 4.90978e-05 6.42942e-05 8.35789e-05 0.000107829 0.000138053 0.000175398 0.000221146 0.000276712 0.00034363 0.000423541 0.000518164 0.000629266 0.00075862 0.000907961 0.00107893 0.001273 0.00149145 0.00173524 0.00200501 0.00230094 0.00262276 0.00296967 0.0033403 0.00373266 0.00414417 0.00457167 0.00501139 0.00545905 0.00590988 0.00635874 0.00680017 0.00722854 0.00763812 0.00802325 0.00837843 0.00869844 0.0089785 0.00921434 0.00940231 0.00953949 0.00962372 0.00965368 0.0096289 0.00954979 0.00941763 0.00923451 0.00900333 0.00872766 0.00841174 0.00806033 0.00767858 0.00727197 0.00684614 0.00640679 0.00595955 0.00550987 0.00506289 0.00462337 0.00419562 0.00378342 0.00338997 0.00301788 0.00266918 0.00234526 0.002047 0.00177472 0.00152826 0.00130705 0.00111017 0.000936404 0.000784303 0.000652268 0.000538598 0.000441545 0.000359361 0.000290343 0.000232859 0.000185378 0.000146483 0.000114888 8.94378e-05 6.91126e-05 5.30222e-05 4.04014e-05 3.06005e-05 2.30769e-05 1.73846e-05 1.31645e-05 1.01355e-05 8.08638e-06 6.8713e-06 
8.21708e-06 8.52568e-06 9.76307e-06 1.20284e-05 1.54914e-05 2.04012e-05 2.70942e-05 3.60036e-05 4.76708e-05 6.27571e-05 8.20563e-05 0.000106506 0.000137197 0.000175383 0.000222482 0.000280076 0.000349903 0.000433845 0.000533904 0.000652168 0.000790777 0.000951864 0.00113751 0.00134965 0.00159003 0.00186013 0.00216104 0.00249343 0.00285744 0.00325265 0.00367797 0.00413164 0.00461117 0.00511337 0.00563432 0.00616941 0.00671344 0.00726063 0.00780476 0.00833929 0.00885744 0.00935237 0.00981732 0.0102457 0.0106314 0.0109687 0.0112525 0.0114786 0.0116434 0.0117444 0.0117801 0.0117499 0.0116543 0.0114949 0.011274 0.0109952 0.0106627 0.0102814 0.00985709 0.00939587 0.00890425 0.00838897 0.00785686 0.00731464 0.00676888 0.00622578 0.0056911 0.00517009 0.00466735 0.00418681 0.00373173 0.00330461 0.00290727 0.00254082 0.00220577 0.00190201 0.00162893 0.00138548 0.00117025 0.000981552 0.00081747 0.000675972 0.000554956 0.000452309 0.000365961 0.000293924 0.000234323 0.00018542 0.000145631 0.000113529 8.78506e-05 6.74911e-05 5.14975e-05 3.90595e-05 2.94984e-05 2.22555e-05 1.688e-05 1.30186e-05 1.04056e-05 8.85731e-06 
1.08511e-05 1.12632e-05 1.28914e-05 1.58642e-05 2.04012e-05 2.68242e-05 3.55665e-05 4.71853e-05 6.23753e-05 8.19833e-05 0.000107023 0.000138688 0.000178365 0.000227641 0.000288305 0.000362347 0.000451948 0.000559457 0.000687365 0.000838259 0.00101477 0.00121953 0.00145504 0.00172367 0.00202749 0.00236824 0.00274716 0.00316496 0.00362171 0.00411672 0.00464855 0.00521487 0.00581252 0.00643742 0.00708466 0.00774851 0.00842249 0.00909949 0.00977185 0.0104315 0.0110703 0.0116798 0.0122518 0.0127784 0.013252 0.0136659 0.0140139 0.0142909 0.0144927 0.0146161 0.0146595 0.014622 0.0145044 0.0143084 0.014037 0.0136943 0.0132856 0.0128168 0.0122947 0.0117268 0.0111211 0.0104856 0.00982874 0.00915869 0.0084835 0.00781078 0.00714766 0.0065006 0.00587537 0.00527688 0.00470924 0.00417565 0.00367846 0.0032192 0.00279858 0.00241659 0.00207261 0.00176542 0.00149337 0.00125442 0.00104628 0.000866478 0.000712427 0.000581528 0.00047122 0.000379032 0.000302626 0.000239826 0.000188642 0.000147276 0.000114133 8.78119e-05 6.71019e-05 5.09712e-05 3.85535e-05 2.91339e-05 2.2135e-05 1.7103e-05 1.36966e-05 1.16796e-05 
1.44535e-05 1.50076e-05 1.71673e-05 2.11007e-05 2.70942e-05 3.55665e-05 4.70805e-05 6.23588e-05 8.23001e-05 0.000107997 0.000140755 0.000182107 0.000233827 0.000297941 0.000376726 0.000472706 0.000588635 0.000727472 0.000892336 0.00108646 0.00131311 0.00157552 0.00187678 0.00221974 0.00260692 0.00304033 0.00352142 0.0040509 0.0046287 0.00525382 0.00592425 0.00663698 0.00738789 0.00817179 0.00898247 0.00981272 0.0106544 0.0114988 0.0123363 0.0131569 0.0139507 0.0147073 0.0154166 0.016069 0.0166553 0.0171673 0.0175974 0.0179395 0.0181884 0.0183405 0.0183936 0.0183468 0.0182009 0.0179581 0.017622 0.0171976 0.0166913 0.0161102 0.0154628 0.0147581 0.0140057 0.0132158 0.0123984 0.0115637 0.0107217 0.00988163 0.00905251 0.00824238 0.00745844 0.00670693 0.00599306 0.00532095 0.00469369 0.00411332 0.00358088 0.00309652 0.0026596 0.00226873 0.00192195 0.00161684 0.00135059 0.00112018 0.000922413 0.000754072 0.000611959 0.000492982 0.000394199 0.000312866 0.000246461 0.000192704 0.00014956 0.00011524 8.81923e-05 6.7093e-05 5.08265e-05 3.84707e-05 2.92793e-05 2.26652e-05 1.81859e-05 1.55353e-05 
1.92649e-05 2.00093e-05 2.28751e-05 2.8082e-05 3.60036e-05 4.71853e-05 6.23588e-05 8.24614e-05 0.000108657 0.000142356 0.00018524 0.000239278 0.000306745 0.000390226 0.000492621 0.000617133 0.000767245 0.00094668 0.00115935 0.00140929 0.00170056 0.00203715 0.00242284 0.00286111 0.00335494 0.00390671 0.00451806 0.0051897 0.0059213 0.00671142 0.00755737 0.00845517 0.0093995 0.0103838 0.0114001 0.0124394 0.0134915 0.0145455 0.0155896 0.0166115 0.0175987 0.0185387 0.0194191 0.0202281 0.0209545 0.0215883 0.0221205 0.0225433 0.0228508 0.0230384 0.0231035 0.023045 0.0228639 0.022563 0.0221464 0.0216205 0.0209927 0.020272 0.0194684 0.0185932 0.017658 0.0166751 0.0156571 0.0146164 0.0135652 0.0125153 0.0114777 0.0104624 0.00947848 0.00853389 0.00763523 0.0067878 0.00599563 0.00526146 0.00458679 0.003972 0.00341645 0.00291859 0.00247612 0.00208612 0.0017452 0.00144963 0.00119549 0.000978782 0.000795514 0.000641811 0.000513974 0.000408536 0.000322304 0.000252378 0.000196162 0.000151371 0.000116015 8.83924e-05 6.70653e-05 5.08437e-05 3.87626e-05 3.00613e-05 2.41659e-05 2.06793e-05 
2.55876e-05 2.65829e-05 3.03712e-05 3.72385e-05 4.76708e-05 6.23753e-05 8.23001e-05 0.000108657 0.000142945 0.000186983 0.000242927 0.000313299 0.000401002 0.000509326 0.000641951 0.000802925 0.000996636 0.00122776 0.00150117 0.0018219 0.00219496 0.00262525 0.00311738 0.00367555 0.00430332 0.00500345 0.00577775 0.00662686 0.00755013 0.0085455 0.00960935 0.0107365 0.0119201 0.0131518 0.0144217 0.0157183 0.0170291 0.0183403 0.0196376 0.0209057 0.0221294 0.0232932 0.0243822 0.025382 0.026279 0.027061 0.0277171 0.0282381 0.0286166 0.0288472 0.0289268 0.0288541 0.0286302 0.0282585 0.0277441 0.0270946 0.0263189 0.0254281 0.0244342 0.0233509 0.0221923 0.0209736 0.01971 0.0184168 0.017109 0.0158011 0.0145068 0.0132386 0.0120079 0.0108245 0.00969686 0.00863184 0.00763465 0.00670892 0.00585678 0.00507895 0.00437484 0.00374274 0.00317998 0.00268307 0.00224791 0.00186998 0.00154446 0.00126638 0.0010308 0.000832872 0.00066797 0.000531728 0.000420112 0.000329449 0.000256441 0.000198176 0.000152112 0.000116067 8.81978e-05 6.69718e-05 5.11452e-05 3.97361e-05 3.20027e-05 2.74314e-05 
3.3793e-05 3.51149e-05 4.0093e-05 4.90978e-05 6.27571e-05 8.19833e-05 0.000107997 0.000142356 0.000186983 0.000244203 0.00031677 0.000407893 0.000521254 0.000661019 0.000831826 0.00103876 0.00128732 0.00158333 0.00193286 0.0023421 0.00281722 0.00336418 0.00398859 0.00469546 0.00548897 0.00637231 0.00734742 0.0084148 0.00957332 0.0108201 0.0121503 0.0135573 0.0150323 0.0165648 0.0181422 0.0197504 0.0213739 0.0229957 0.0245981 0.0261626 0.0276704 0.029103 0.0304421 0.0316703 0.0327714 0.0337306 0.0345347 0.0351728 0.035636 0.0359179 0.0360146 0.0359248 0.0356498 0.0351934 0.0345622 0.0337648 0.0328123 0.0317177 0.0304958 0.0291628 0.0277361 0.0262339 0.0246746 0.023077 0.0214594 0.0198396 0.0182345 0.0166594 0.0151286 0.0136545 0.0122477 0.0109168 0.00966854 0.00850783 0.00743756 0.00645892 0.00557149 0.00477342 0.00406162 0.00343199 0.00287964 0.00239907 0.00198439 0.00162952 0.00132836 0.0010749 0.000863355 0.000688276 0.000544598 0.000427695 0.000333402 0.000258027 0.000198342 0.000151567 0.000115349 8.77286e-05 6.71099e-05 5.22331e-05 4.21446e-05 3.61839e-05 
4.43291e-05 4.60715e-05 5.25678e-05 6.42942e-05 8.20563e-05 0.000107023 0.000140755 0.00018524 0.000242927 0.00031677 0.000410258 0.000527446 0.000672976 0.000852079 0.00107056 0.00133477 0.00165154 0.00202807 0.00247184 0.00299044 0.00359138 0.00428189 0.00506868 0.00595767 0.00695376 0.00806053 0.00928 0.0106124 0.0120559 0.0136066 0.0152582 0.0170021 0.0188272 0.0207203 0.0226659 0.0246464 0.0266427 0.0286341 0.0305991 0.0325151 0.0343596 0.0361101 0.0377447 0.0392425 0.0405841 0.0417519 0.0427302 0.043506 0.0440687 0.0444108 0.0445276 0.0444176 0.0440823 0.0435263 0.0427573 0.0417858 0.0406248 0.0392899 0.0377987 0.0361706 0.0344265 0.0325882 0.0306781 0.0287187 0.0267324 0.0247407 0.0227642 0.020822 0.0189314 0.0171081 0.0153651 0.0137135 0.012162 0.0107167 0.00938173 0.0081589 0.00704806 0.0060473 0.00515312 0.00436074 0.00366436 0.00305739 0.0025327 0.00208289 0.00170048 0.00137806 0.00110849 0.00088501 0.000701294 0.000551562 0.000430588 0.000333728 0.000256908 0.000196614 0.00014986 0.000114157 8.74739e-05 6.82043e-05 5.51308e-05 4.74096e-05 
5.77287e-05 6.00071e-05 6.84212e-05 8.35789e-05 0.000106506 0.000138688 0.000182107 0.000239278 0.000313299 0.000407893 0.000527446 0.000677046 0.000862495 0.00109031 0.00136771 0.00170255 0.00210325 0.00257864 0.00313788 0.00379016 0.00454457 0.00540976 0.0063937 0.00750332 0.00874423 0.0101204 0.0116339 0.0132844 0.0150693 0.0169832 0.0190179 0.0211625 0.0234033 0.0257235 0.0281041 0.0305238 0.0329591 0.0353849 0.0377752 0.040103 0.0423411 0.0444627 0.0464418 0.0482535 0.0498749 0.0512851 0.0524656 0.0534011 0.0540792 0.054491 0.054631 0.0544973 0.054092 0.0534203 0.0524913 0.0513174 0.0499139 0.0482992 0.0464942 0.044522 0.0424072 0.0401758 0.0378547 0.0354708 0.033051 0.0306214 0.0282068 0.0258305 0.023514 0.0212761 0.0191334 0.0170996 0.0151857 0.0133998 0.0117473 0.0102308 0.00885081 0.00760526 0.00649034 0.00550055 0.00462908 0.00386811 0.00320912 0.00264315 0.00216111 0.00175398 0.00141298 0.00112978 0.000896579 0.000706188 0.000552108 0.000428539 0.00033038 0.000253219 0.0001933 0.000147481 0.000113199 8.84197e-05 7.15998e-05 6.16699e-05 
7.4616e-05 7.75709e-05 8.83853e-05 0.000107829 0.000137197 0.000178365 0.000233827 0.000306745 0.000401002 0.000521254 0.000672976 0.000862495 0.00109701 0.00138457 0.00173408 0.00215517 0.00265813 0.00325373 0.00395301 0.00476709 0.0057068 0.00678241 0.00800326 0.00937738 0.0109111 0.0126088 0.0144722 0.0165004 0.0186897 0.0210328 0.0235193 0.0261353 0.0288638 0.0316842 0.0345733 0.037505 0.040451 0.0433813 0.0462645 0.0490685 0.0517612 0.0543108 0.0566865 0.0588593 0.060802 0.0624902 0.0639025 0.0650208 0.0658309 0.0663223 0.0664886 0.0663279 0.0658422 0.0650379 0.0639254 0.0625192 0.0608373 0.0589011 0.0567351 0.0543664 0.0518239 0.0491384 0.0463417 0.0434657 0.0405424 0.0376031 0.0346778 0.0317944 0.028979 0.0262547 0.0236419 0.0211576 0.0188156 0.0166263 0.0145968 0.0127311 0.0110301 0.00949199 0.00811264 0.00688582 0.00580366 0.00485696 0.00403561 0.00332892 0.00272593 0.00221572 0.00178764 0.00143148 0.00113769 0.000897423 0.000702652 0.00054619 0.000421704 0.000323698 0.000247479 0.00018912 0.000145404 0.000113776 9.22973e-05 7.96215e-05 
9.57124e-05 9.95133e-05 0.000113305 0.000138053 0.000175383 0.000227641 0.000297941 0.000390226 0.000509326 0.000661019 0.000852079 0.00109031 0.00138457 0.00174475 0.00218168 0.00270712 0.00333352 0.00407386 0.00494142 0.00594941 0.00711069 0.0084373 0.00994007 0.0116282 0.0135086 0.015586 0.0178617 0.0203339 0.0229971 0.0258422 0.0288556 0.0320203 0.035315 0.0387147 0.0421912 0.0457131 0.0492466 0.0527559 0.0562038 0.0595524 0.0627639 0.065801 0.0686279 0.0712106 0.0735177 0.075521 0.0771956 0.0785208 0.07948 0.0800612 0.0802572 0.0800657 0.079489 0.0785345 0.0772143 0.0755449 0.0735473 0.0712461 0.0686699 0.0658498 0.0628199 0.059616 0.0562753 0.0528354 0.0493342 0.0458086 0.0422943 0.038825 0.0354318 0.032143 0.0289831 0.0259734 0.0231309 0.0204689 0.0179966 0.0157196 0.0136397 0.0117554 0.0100624 0.00855377 0.00722051 0.00605195 0.00503622 0.00416066 0.00341221 0.00277777 0.00224448 0.00180001 0.00143272 0.00113182 0.000887491 0.00069089 0.000534216 0.000410677 0.000314461 0.000240691 0.000185366 0.000145303 0.000118082 0.000102023 
0.000121841 0.00012669 0.000144141 0.000175398 0.000222482 0.000288305 0.000376726 0.000492621 0.000641951 0.000831826 0.00107056 0.00136771 0.00173408 0.00218168 0.00272367 0.00337419 0.00414821 0.00506126 0.00612911 0.00736736 0.00879108 0.0104143 0.0122493 0.0143065 0.0165935 0.0191149 0.0218715 0.0248602 0.0280736 0.0314995 0.0351213 0.0389177 0.0428626 0.046926 0.0510738 0.0552687 0.0594704 0.0636368 0.0677241 0.0716881 0.0754847 0.0790707 0.0824047 0.0854475 0.088163 0.0905189 0.0924868 0.0940429 0.0951685 0.0958499 0.0960789 0.0958528 0.0951744 0.094052 0.0924995 0.0905356 0.0881843 0.0854739 0.0824369 0.0791094 0.0755305 0.0717417 0.067786 0.0637074 0.0595501 0.0553575 0.0511717 0.0470327 0.0429776 0.0390403 0.0352507 0.0316344 0.0282128 0.0250024 0.0220152 0.0192586 0.0167358 0.0144458 0.0123844 0.0105439 0.00891419 0.0074831 0.0062368 0.00516047 0.00423868 0.00345585 0.00279663 0.00224621 0.00179056 0.00141663 0.00111247 0.000867314 0.000671631 0.000517092 0.000396556 0.000304015 0.000234529 0.000184166 0.000149929 0.000129737 
0.000153926 0.000160062 0.000181973 0.000221146 0.000280076 0.000362347 0.000472706 0.000617133 0.000802925 0.00103876 0.00133477 0.00170255 0.00215517 0.00270712 0.00337419 0.00417331 0.0051223 0.00623954 0.00754361 0.00905276 0.0107845 0.0127547 0.0149777 0.0174646 0.0202238 0.0232594 0.0265715 0.0301552 0.0340005 0.038092 0.0424089 0.046925 0.051609 0.0564246 0.0613314 0.066285 0.0712384 0.0761421 0.0809453 0.0855967 0.0900456 0.0942423 0.0981393 0.101692 0.10486 0.107606 0.109897 0.111708 0.113017 0.113809 0.114074 0.11381 0.113019 0.111711 0.109902 0.107613 0.10487 0.101706 0.0981584 0.0942671 0.0900772 0.085636 0.0809931 0.0761992 0.0713055 0.0663624 0.0614193 0.0565231 0.0517178 0.0470435 0.0425363 0.0382272 0.0341423 0.030302 0.0267218 0.0234115 0.0203759 0.0176151 0.0151249 0.0128972 0.0109208 0.00918193 0.00766465 0.00635178 0.00522527 0.0042668 0.00345818 0.00278179 0.00222085 0.0017597 0.00138394 0.00108058 0.000838028 0.000646178 0.000496319 0.000381108 0.0002945 0.000231666 0.00018893 0.000163732 
0.000192992 0.000200694 0.000227993 0.000276712 0.000349903 0.000451948 0.000588635 0.000767245 0.000996636 0.00128732 0.00165154 0.00210325 0.00265813 0.00333352 0.00414821 0.0051223 0.00627679 0.00763329 0.00921344 0.0110384 0.0131282 0.015501 0.0181726 0.0211552 0.0244574 0.028083 0.0320305 0.0362928 0.0408569 0.0457032 0.0508062 0.0561341 0.0616491 0.0673083 0.0730638 0.0788638 0.0846533 0.090375 0.0959705 0.101381 0.106548 0.111416 0.115931 0.120043 0.123705 0.126876 0.129521 0.13161 0.133118 0.13403 0.134334 0.134028 0.133115 0.131606 0.129517 0.126872 0.123702 0.120042 0.115934 0.111424 0.106562 0.101401 0.0959995 0.0904137 0.0847026 0.0789246 0.0731367 0.0673935 0.0617467 0.0562437 0.0509272 0.0458346 0.0409973 0.0364408 0.0321844 0.0282409 0.0246173 0.0213152 0.0183307 0.0156556 0.0132775 0.0111809 0.00934802 0.00775896 0.00639285 0.00522832 0.00424402 0.00341915 0.00273384 0.00216944 0.00170875 0.00133618 0.00103782 0.000801442 0.00061653 0.000474177 0.000367037 0.000289236 0.000236291 0.000205082 
0.000240159 0.000249749 0.0002835 0.00034363 0.000433845 0.000559457 0.000727472 0.00094668 0.00122776 0.00158333 0.00202807 0.00257864 0.00325373 0.00407386 0.00506126 0.00623954 0.00763329 0.00926762 0.0111675 0.0133573 0.0158597 0.0186951 0.0218807 0.0254297 0.0293507 0.0336465 0.0383138 0.0433427 0.0487162 0.0544101 0.0603931 0.0666269 0.0730668 0.0796619 0.0863564 0.09309 0.0997992 0.106418 0.112881 0.11912 0.125069 0.130667 0.135851 0.140567 0.144763 0.148393 0.151419 0.153806 0.155529 0.156569 0.156916 0.156565 0.15552 0.153793 0.151403 0.148375 0.144744 0.140548 0.135834 0.130652 0.12506 0.119117 0.112886 0.106433 0.0998254 0.0931287 0.0864086 0.0797283 0.0731477 0.0667223 0.0605025 0.0545327 0.0488508 0.0434878 0.0384677 0.0338071 0.0295158 0.0255971 0.0220481 0.0188605 0.016021 0.0135128 0.0113155 0.00940685 0.00776279 0.00635863 0.00516954 0.00417119 0.00334024 0.00265466 0.00209409 0.00163996 0.00127568 0.000986624 0.000760165 0.000585589 0.00045404 0.000358425 0.000293323 0.000254956 
0.000296628 0.000308475 0.000349887 0.000423541 0.000533904 0.000687365 0.000892336 0.00115935 0.00150117 0.00193286 0.00247184 0.00313788 0.00395301 0.00494142 0.00612911 0.00754361 0.00921344 0.0111675 0.0134346 0.016042 0.0190155 0.0223775 0.0261467 0.030337 0.0349565 0.0400065 0.0454814 0.0513677 0.0576438 0.0642798 0.071238 0.0784727 0.0859309 0.0935535 0.101275 0.109028 0.116737 0.12433 0.13173 0.138862 0.145653 0.152033 0.157934 0.163296 0.168061 0.17218 0.175609 0.178314 0.180264 0.181441 0.181832 0.181433 0.180249 0.178291 0.17558 0.172146 0.168023 0.163255 0.157893 0.151993 0.145617 0.138831 0.131706 0.124316 0.116735 0.109038 0.101301 0.0935949 0.085989 0.0785478 0.0713301 0.0643882 0.0577674 0.0515052 0.0456309 0.0401659 0.0351234 0.030509 0.0263212 0.022552 0.0191875 0.0162095 0.0135954 0.0113202 0.00935649 0.00767608 0.00625034 0.00505106 0.00405102 0.00322445 0.00254739 0.00199796 0.00155649 0.00120564 0.000930355 0.000717847 0.000557524 0.000440885 0.000361424 0.000314605 
0.000363667 0.000378187 0.000428617 0.000518164 0.000652168 0.000838259 0.00108646 0.00140929 0.0018219 0.0023421 0.00299044 0.00379016 0.00476709 0.00594941 0.00736736 0.00905276 0.0110384 0.0133573 0.016042 0.0191235 0.0226299 0.0265861 0.0310119 0.0359215 0.0413219 0.0472128 0.0535851 0.0604212 0.0676939 0.0753668 0.0833947 0.0917235 0.100291 0.10903 0.117864 0.126715 0.135501 0.144137 0.152539 0.160623 0.168308 0.175517 0.182176 0.188219 0.193583 0.198215 0.202068 0.205105 0.207293 0.208613 0.20905 0.208601 0.20727 0.205071 0.202025 0.198163 0.193524 0.188155 0.182109 0.175448 0.168241 0.160559 0.152481 0.144089 0.135464 0.126692 0.117857 0.10904 0.100321 0.0917722 0.0834632 0.075455 0.0678009 0.0605457 0.0537254 0.0473666 0.0414867 0.0360946 0.0311906 0.0267673 0.0228109 0.0193016 0.0162149 0.0135229 0.0111948 0.00919871 0.00750186 0.00607184 0.00487717 0.00388794 0.0030762 0.00241634 0.00188526 0.00146252 0.00113033 0.000873545 0.000679586 0.000538343 0.000442067 0.000385351 
0.000442586 0.000460246 0.000521201 0.000629266 0.000790777 0.00101477 0.00131311 0.00170056 0.00219496 0.00281722 0.00359138 0.00454457 0.0057068 0.00711069 0.00879108 0.0107845 0.0131282 0.0158597 0.0190155 0.0226299 0.0267341 0.0313547 0.0365125 0.0422213 0.048487 0.0553063 0.0626666 0.0705446 0.0789068 0.0877095 0.0968989 0.106412 0.116176 0.126113 0.136138 0.146162 0.156091 0.165833 0.175293 0.184379 0.193003 0.201079 0.208529 0.21528 0.221266 0.22643 0.230722 0.234101 0.236535 0.238002 0.238487 0.237987 0.236505 0.234056 0.230664 0.22636 0.221185 0.21519 0.208433 0.200979 0.192901 0.184279 0.175198 0.165746 0.156015 0.1461 0.136093 0.126086 0.11617 0.106427 0.0969376 0.0877713 0.0789911 0.0706503 0.0627921 0.0554496 0.0486452 0.0423917 0.0366919 0.0315398 0.0269218 0.022817 0.0191991 0.0160372 0.0132975 0.0109437 0.00893893 0.00724618 0.00582939 0.00465408 0.00368794 0.00290121 0.00226697 0.0017613 0.00136335 0.00105531 0.000822365 0.000652569 0.000536765 0.000468556 
0.000534713 0.000556027 0.000629162 0.00075862 0.000951864 0.00121953 0.00157552 0.00203715 0.00262525 0.00336418 0.00428189 0.00540976 0.00678241 0.0084373 0.0104143 0.0127547 0.015501 0.0186951 0.0223775 0.0265861 0.0313547 0.0367115 0.0426778 0.0492668 0.0564822 0.0643174 0.0727546 0.0817646 0.0913065 0.101328 0.111766 0.122546 0.133587 0.144798 0.156084 0.167345 0.178476 0.189375 0.199938 0.210066 0.219662 0.228634 0.236898 0.244377 0.251 0.256707 0.261446 0.265174 0.267858 0.269474 0.270008 0.269455 0.26782 0.265117 0.261372 0.256617 0.250895 0.24426 0.236772 0.2285 0.219524 0.209928 0.199803 0.189245 0.178356 0.167238 0.155995 0.144729 0.13354 0.122523 0.111768 0.101357 0.0913618 0.0818455 0.0728597 0.0644446 0.056629 0.04943 0.0428541 0.0368972 0.0315462 0.0267798 0.02257 0.0188834 0.0156823 0.0129268 0.0105753 0.00858594 0.00691779 0.00553142 0.00438975 0.00345848 0.00270646 0.00210593 0.00163263 0.00126576 0.000987991 0.000785335 0.000647042 0.000565598 
0.000641357 0.000666886 0.000753997 0.000907961 0.00113751 0.00145504 0.00187678 0.00242284 0.00311738 0.00398859 0.00506868 0.0063937 0.00800326 0.00994007 0.0122493 0.0149777 0.0181726 0.0218807 0.0261467 0.0310119 0.0365125 0.0426778 0.0495294 0.0570788 0.065327 0.0742631 0.0838634 0.0940916 0.104898 0.116221 0.127987 0.140111 0.152499 0.16505 0.177656 0.190206 0.202585 0.214681 0.226382 0.237579 0.248168 0.258053 0.267143 0.275357 0.282623 0.288877 0.294065 0.298143 0.301077 0.302842 0.303425 0.302819 0.301031 0.298075 0.293976 0.288768 0.282496 0.275214 0.266986 0.257885 0.247992 0.237399 0.226203 0.214506 0.202418 0.190051 0.177518 0.164932 0.152405 0.140043 0.127947 0.116211 0.104918 0.0941414 0.083942 0.0743686 0.0654569 0.0572299 0.0496981 0.0428603 0.0367046 0.0312096 0.0263461 0.0220781 0.0183647 0.0151618 0.0124231 0.0101017 0.00815152 0.00652777 0.00518823 0.00409365 0.00320829 0.00250017 0.00194122 0.00150739 0.00117853 0.000938368 0.000774391 0.000677831 
0.000763768 0.000794118 0.000897128 0.00107893 0.00134965 0.00172367 0.00221974 0.00286111 0.00367555 0.00469546 0.00595767 0.00750332 0.00937738 0.0116282 0.0143065 0.0174646 0.0211552 0.0254297 0.030337 0.0359215 0.0422213 0.0492668 0.0570788 0.0656668 0.0750281 0.0851462 0.0959908 0.107517 0.119666 0.132366 0.14553 0.159063 0.172858 0.186801 0.200774 0.214652 0.228313 0.241632 0.254489 0.266768 0.278359 0.28916 0.299077 0.308025 0.31593 0.322725 0.328357 0.33278 0.33596 0.337872 0.338503 0.337846 0.335907 0.332701 0.328252 0.322597 0.31578 0.307855 0.298889 0.288958 0.278145 0.266547 0.254265 0.241409 0.228096 0.214447 0.200584 0.186631 0.172712 0.158944 0.145442 0.13231 0.119645 0.10753 0.0960368 0.0852241 0.0751355 0.0658007 0.0572353 0.0494418 0.0424103 0.0361201 0.0305407 0.0256343 0.0213568 0.0176598 0.0144924 0.0118025 0.00953842 0.0076499 0.00608915 0.00481163 0.00377657 0.0029474 0.00229195 0.00178251 0.00139589 0.00111329 0.000920225 0.000806547 
0.000903094 0.000938908 0.00105985 0.001273 0.00159003 0.00202749 0.00260692 0.00335494 0.00430332 0.00548897 0.00695376 0.00874423 0.0109111 0.0135086 0.0165935 0.0202238 0.0244574 0.0293507 0.0349565 0.0413219 0.048487 0.0564822 0.065327 0.0750281 0.0855777 0.0969534 0.109117 0.122013 0.135574 0.149714 0.164336 0.179331 0.194579 0.209954 0.225325 0.240557 0.255515 0.270068 0.284085 0.297445 0.310032 0.32174 0.332472 0.34214 0.350668 0.357991 0.364054 0.368812 0.37223 0.374284 0.374961 0.374254 0.37217 0.368723 0.363936 0.357846 0.350497 0.341945 0.332255 0.321505 0.309782 0.297183 0.283817 0.269797 0.255248 0.240298 0.22508 0.209729 0.194377 0.179157 0.164195 0.149608 0.135505 0.121983 0.109124 0.0969979 0.0856572 0.0751394 0.0654664 0.0566453 0.048669 0.041518 0.0351616 0.0295601 0.0246665 0.0204285 0.0167905 0.013695 0.0110846 0.00890326 0.00709729 0.00561649 0.00441476 0.00345056 0.00268724 0.00209318 0.00164181 0.00131157 0.00108583 0.000952928 
0.00106033 0.00110229 0.00124329 0.00149145 0.00186013 0.00236824 0.00304033 0.00390671 0.00500345 0.00637231 0.00806053 0.0101204 0.0126088 0.015586 0.0191149 0.0232594 0.028083 0.0336465 0.0400065 0.0472128 0.0553063 0.0643174 0.0742631 0.0851462 0.0969534 0.109655 0.123202 0.137532 0.152561 0.168195 0.184321 0.200816 0.21755 0.234381 0.251166 0.267759 0.284016 0.299796 0.314962 0.329386 0.342949 0.35554 0.367061 0.377423 0.386551 0.394379 0.400852 0.405928 0.409572 0.411761 0.412482 0.411729 0.409507 0.40583 0.400723 0.394219 0.386362 0.377207 0.366818 0.355275 0.342664 0.329086 0.314651 0.299479 0.283699 0.267447 0.250865 0.234097 0.21729 0.200585 0.184122 0.168034 0.15244 0.137453 0.123166 0.10966 0.0969992 0.0852296 0.0743803 0.064464 0.0554773 0.0474027 0.0402099 0.033858 0.0282974 0.0234721 0.0193218 0.0157835 0.0127942 0.0102916 0.00821605 0.00651129 0.00512553 0.00401194 0.00312908 0.00244107 0.00191771 0.00153445 0.00127232 0.00111799 
0.00123628 0.00128507 0.00144832 0.00173524 0.00216104 0.00274716 0.00352142 0.00451806 0.00577775 0.00734742 0.00928 0.0116339 0.0144722 0.0178617 0.0218715 0.0265715 0.0320305 0.0383138 0.0454814 0.0535851 0.0626666 0.0727546 0.0838634 0.0959908 0.109117 0.123202 0.13819 0.154003 0.170547 0.187713 0.205374 0.223395 0.241629 0.259923 0.278121 0.296068 0.313608 0.330592 0.346879 0.362335 0.376837 0.390275 0.402547 0.413567 0.423259 0.43156 0.438417 0.443788 0.447642 0.449956 0.450717 0.449922 0.447573 0.443685 0.438279 0.431389 0.423056 0.413332 0.402283 0.389983 0.376522 0.362 0.346528 0.330231 0.313242 0.295703 0.277765 0.259582 0.241309 0.223103 0.205116 0.187493 0.17037 0.153871 0.138104 0.123163 0.109124 0.0960411 0.0839535 0.07288 0.0628221 0.053765 0.0456797 0.0385246 0.032248 0.0267903 0.0220868 0.0180693 0.0146688 0.0118168 0.00944732 0.00749783 0.00591056 0.00463308 0.00361882 0.00282737 0.00222465 0.00178287 0.00148054 0.00130256 
0.00143147 0.00148782 0.00167552 0.00200501 0.00249343 0.00316496 0.0040509 0.0051897 0.00662686 0.0084148 0.0106124 0.0132844 0.0165004 0.0203339 0.0248602 0.0301552 0.0362928 0.0433427 0.0513677 0.0604212 0.0705446 0.0817646 0.0940916 0.107517 0.122013 0.137532 0.154003 0.171338 0.189429 0.208151 0.227364 0.246917 0.266651 0.286398 0.305992 0.325265 0.344055 0.362206 0.37957 0.396011 0.411403 0.425636 0.43861 0.45024 0.460452 0.469186 0.476393 0.482033 0.486076 0.488503 0.489302 0.488468 0.486005 0.481926 0.47625 0.469008 0.460239 0.449992 0.438329 0.425324 0.411063 0.395645 0.379184 0.361805 0.343644 0.324851 0.305582 0.286 0.266271 0.246564 0.227044 0.207869 0.189192 0.171149 0.153864 0.137444 0.121977 0.10753 0.0941498 0.0818642 0.0706803 0.0605872 0.0515575 0.0435498 0.0365108 0.030378 0.0250823 0.0205504 0.0167074 0.0134785 0.0107911 0.00857647 0.00677039 0.00531459 0.00415711 0.00325274 0.00256324 0.00205741 0.00171105 0.00150716 
0.00164616 0.00171077 0.00192512 0.00230094 0.00285744 0.00362171 0.0046287 0.0059213 0.00755013 0.00957332 0.0120559 0.0150693 0.0186897 0.0229971 0.0280736 0.0340005 0.0408569 0.0487162 0.0576438 0.0676939 0.0789068 0.0913065 0.104898 0.119666 0.135574 0.152561 0.170547 0.189429 0.209083 0.22937 0.250136 0.271213 0.292428 0.313602 0.334557 0.355115 0.375106 0.394368 0.412751 0.430114 0.446334 0.4613 0.474916 0.487098 0.497778 0.506899 0.514415 0.520291 0.524502 0.527028 0.527859 0.526992 0.52443 0.520183 0.51427 0.506717 0.497559 0.486842 0.474624 0.460974 0.445975 0.429725 0.412335 0.393932 0.374655 0.354655 0.334097 0.313149 0.29199 0.270799 0.249753 0.229026 0.208784 0.18918 0.170352 0.152421 0.135489 0.119636 0.10492 0.091376 0.0790187 0.067842 0.0578214 0.0489164 0.0410726 0.034225 0.0283006 0.0232211 0.0189058 0.0152737 0.0122456 0.00974596 0.00770426 0.00605606 0.00474378 0.00371716 0.00293359 0.00235825 0.00196407 0.00173203 
0.00188022 0.0019538 0.00219695 0.00262276 0.00325265 0.00411672 0.00525382 0.00671142 0.0085455 0.0108201 0.0136066 0.0169832 0.0210328 0.0258422 0.0314995 0.038092 0.0457032 0.0544101 0.0642798 0.0753668 0.0877095 0.101328 0.116221 0.132366 0.149714 0.168195 0.187713 0.208151 0.22937 0.251216 0.273517 0.296093 0.318756 0.341314 0.363578 0.385363 0.406491 0.426796 0.446125 0.464338 0.481311 0.496938 0.511124 0.523794 0.534881 0.544336 0.552118 0.558196 0.562547 0.565156 0.566016 0.565122 0.562477 0.55809 0.551975 0.544156 0.534663 0.523537 0.510828 0.496603 0.48094 0.463932 0.445687 0.426332 0.406006 0.384864 0.363072 0.34081 0.318263 0.295621 0.273073 0.250809 0.229008 0.20784 0.187458 0.167998 0.149578 0.132289 0.116203 0.101363 0.0877936 0.0754934 0.0644419 0.0546003 0.0459139 0.0383158 0.0317295 0.026072 0.0212569 0.017197 0.0138066 0.0110033 0.00870996 0.00685594 0.00537774 0.00421989 0.00333521 0.00268505 0.00223938 0.00197702 
0.00213316 0.00221637 0.00249038 0.00296967 0.00367797 0.00464855 0.00592425 0.00755737 0.00960935 0.0121503 0.0152582 0.0190179 0.0235193 0.0288556 0.0351213 0.0424089 0.0508062 0.0603931 0.071238 0.0833947 0.0968989 0.111766 0.127987 0.14553 0.164336 0.184321 0.205374 0.227364 0.250136 0.273517 0.297323 0.321357 0.345417 0.369301 0.392809 0.415748 0.437936 0.459202 0.479394 0.498372 0.516015 0.532221 0.546902 0.559986 0.571417 0.581149 0.589147 0.595388 0.599853 0.602529 0.603411 0.602497 0.599786 0.595288 0.589011 0.580975 0.571205 0.559734 0.546609 0.531886 0.51564 0.497957 0.478942 0.458718 0.437424 0.415216 0.392264 0.368752 0.344873 0.320829 0.29682 0.273049 0.249711 0.226991 0.205058 0.184066 0.164146 0.145404 0.127925 0.111763 0.0969514 0.0834961 0.0713812 0.0605702 0.0510092 0.0426297 0.0353522 0.0290896 0.0237501 0.0192402 0.0154677 0.0123435 0.0097838 0.00771142 0.00605693 0.0047594 0.00376695 0.00303698 0.00253633 0.0022416 
0.00240405 0.00249753 0.00280429 0.0033403 0.00413164 0.00521487 0.00663698 0.00845517 0.0107365 0.0135573 0.0170021 0.0211625 0.0261353 0.0320203 0.0389177 0.046925 0.0561341 0.0666269 0.0784727 0.0917235 0.106412 0.122546 0.140111 0.159063 0.179331 0.200816 0.223395 0.246917 0.271213 0.296093 0.321357 0.346792 0.372186 0.397324 0.421998 0.446007 0.469166 0.491303 0.512264 0.531914 0.550137 0.566834 0.581927 0.595351 0.607055 0.617004 0.62517 0.631534 0.636083 0.63881 0.639709 0.63878 0.636023 0.631442 0.625044 0.616843 0.606855 0.59511 0.581644 0.566508 0.549765 0.531499 0.511807 0.490807 0.468636 0.44545 0.42142 0.396736 0.371598 0.346214 0.320798 0.295566 0.270728 0.246482 0.223018 0.200503 0.179084 0.158885 0.140002 0.122503 0.10643 0.0917967 0.0785939 0.0667881 0.0563266 0.0471404 0.0391474 0.0322567 0.0263714 0.0213921 0.0172202 0.0137598 0.0109205 0.00861845 0.00677822 0.00533331 0.004227 0.00341262 0.00285377 0.00252478 
0.00269151 0.00279583 0.00313705 0.00373266 0.00461117 0.00581252 0.00738789 0.0093995 0.0119201 0.0150323 0.0188272 0.0234033 0.0288638 0.035315 0.0428626 0.051609 0.0616491 0.0730668 0.0859309 0.100291 0.116176 0.133587 0.152499 0.172858 0.194579 0.21755 0.241629 0.266651 0.292428 0.318756 0.345417 0.372186 0.398837 0.425146 0.450895 0.475881 0.499913 0.522821 0.544452 0.564677 0.583384 0.600482 0.615902 0.629586 0.641495 0.6516 0.659881 0.666328 0.670933 0.673692 0.674603 0.673666 0.670881 0.666247 0.65977 0.651454 0.641313 0.629364 0.615636 0.600171 0.583025 0.56427 0.543999 0.522322 0.499374 0.475306 0.450294 0.424526 0.39821 0.371562 0.344808 0.318174 0.291884 0.266156 0.241191 0.217177 0.194276 0.172627 0.152341 0.1335 0.116157 0.100334 0.0860275 0.0732094 0.0618288 0.0518167 0.0430892 0.035552 0.0291035 0.0236389 0.019053 0.0152434 0.0121131 0.00957163 0.00753742 0.00593838 0.00471282 0.00380994 0.00319004 0.0028251 
0.00299372 0.00310936 0.0034865 0.00414417 0.00511337 0.00643742 0.00817179 0.0103838 0.0131518 0.0165648 0.0207203 0.0257235 0.0316842 0.0387147 0.046926 0.0564246 0.0673083 0.0796619 0.0935535 0.10903 0.126113 0.144798 0.16505 0.186801 0.209954 0.234381 0.259923 0.286398 0.313602 0.341314 0.369301 0.397324 0.425146 0.452532 0.47926 0.50512 0.529923 0.553498 0.575697 0.596395 0.615488 0.632896 0.648556 0.662423 0.674466 0.684666 0.693014 0.699504 0.704136 0.70691 0.707828 0.706889 0.704093 0.699437 0.69292 0.684542 0.674307 0.662225 0.648315 0.632608 0.61515 0.596005 0.575255 0.553005 0.529383 0.504538 0.478642 0.451888 0.424487 0.396661 0.368647 0.340681 0.313004 0.285845 0.259426 0.233949 0.209594 0.186517 0.164842 0.144667 0.126055 0.109039 0.093623 0.0797836 0.0674728 0.0566225 0.0471476 0.0389508 0.0319263 0.0259639 0.0209527 0.0167837 0.0133531 0.0105643 0.00832929 0.00657047 0.00522115 0.00422633 0.00354296 0.00314063 
0.00330836 0.00343573 0.00384997 0.00457167 0.00563432 0.00708466 0.00898247 0.0114001 0.0144217 0.0181422 0.0226659 0.0281041 0.0345733 0.0421912 0.0510738 0.0613314 0.0730638 0.0863564 0.101275 0.117864 0.136138 0.156084 0.177656 0.200774 0.225325 0.251166 0.278121 0.305992 0.334557 0.363578 0.392809 0.421998 0.450895 0.47926 0.506863 0.533493 0.55896 0.583096 0.605758 0.626829 0.646213 0.663839 0.679656 0.693629 0.705739 0.715977 0.724342 0.730837 0.735469 0.738242 0.739162 0.738227 0.735437 0.730787 0.724269 0.715878 0.705608 0.693461 0.679445 0.66358 0.645902 0.626463 0.605337 0.582618 0.558428 0.532911 0.506238 0.4786 0.450212 0.421303 0.392115 0.3629 0.333908 0.305385 0.277569 0.250677 0.224909 0.200435 0.177398 0.155907 0.136039 0.117838 0.101316 0.0864551 0.0732112 0.0615176 0.0512886 0.0424246 0.0348162 0.0283482 0.0229039 0.0183681 0.0146307 0.0115885 0.00914755 0.00722461 0.00574803 0.00465856 0.00390981 0.00346898 
0.0036327 0.00377211 0.00422429 0.00501139 0.00616941 0.00774851 0.00981272 0.0124394 0.0157183 0.0197504 0.0246464 0.0305238 0.037505 0.0457131 0.0552687 0.066285 0.0788638 0.09309 0.109028 0.126715 0.146162 0.167345 0.190206 0.214652 0.240557 0.267759 0.296068 0.325265 0.355115 0.385363 0.415748 0.446007 0.475881 0.50512 0.533493 0.560786 0.586811 0.611403 0.634427 0.655771 0.675353 0.693111 0.709005 0.723013 0.735126 0.745347 0.753685 0.76015 0.764757 0.767514 0.76843 0.767506 0.764738 0.760119 0.753636 0.745277 0.735027 0.722879 0.70883 0.692889 0.675078 0.655438 0.634033 0.610948 0.586295 0.560213 0.532869 0.504453 0.475181 0.445287 0.415022 0.384645 0.35442 0.324609 0.295462 0.267216 0.240086 0.214261 0.189897 0.167121 0.146021 0.126653 0.109038 0.0931642 0.0789925 0.0664579 0.055475 0.0459425 0.0377474 0.0307703 0.024889 0.0199825 0.0159343 0.0126351 0.00998493 0.00789503 0.00628881 0.00510285 0.0042874 0.00380727 
0.00396359 0.0041152 0.00460579 0.00545905 0.00671344 0.00842249 0.0106544 0.0134915 0.0170291 0.0213739 0.0266427 0.0329591 0.040451 0.0492466 0.0594704 0.0712384 0.0846533 0.0997992 0.116737 0.135501 0.156091 0.178476 0.202585 0.228313 0.255515 0.284016 0.313608 0.344055 0.375106 0.406491 0.437936 0.469166 0.499913 0.529923 0.55896 0.586811 0.613289 0.638236 0.661524 0.68305 0.702742 0.720551 0.736449 0.750426 0.762485 0.77264 0.780909 0.787314 0.791872 0.7946 0.795508 0.794599 0.791867 0.787302 0.780887 0.7726 0.762422 0.750331 0.736315 0.72037 0.702507 0.682755 0.661165 0.637811 0.612797 0.586254 0.558344 0.529256 0.499205 0.468429 0.437184 0.40574 0.374372 0.343354 0.312953 0.283422 0.254993 0.22787 0.202228 0.178206 0.155909 0.135402 0.116716 0.0998479 0.084762 0.0713966 0.059667 0.0494706 0.0406917 0.0332069 0.026889 0.0216112 0.0172513 0.0136939 0.0108333 0.0085752 0.00683823 0.00555486 0.00467205 0.00415223 
0.00429749 0.00446135 0.00499041 0.00590988 0.00726063 0.00909949 0.0114988 0.0145455 0.0183403 0.0229957 0.0286341 0.0353849 0.0433813 0.0527559 0.0636368 0.0761421 0.090375 0.106418 0.12433 0.144137 0.165833 0.189375 0.214681 0.241632 0.270068 0.299796 0.330592 0.362206 0.394368 0.426796 0.459202 0.491303 0.522821 0.553498 0.583096 0.611403 0.638236 0.663444 0.686904 0.708527 0.728251 0.746039 0.761875 0.775762 0.787717 0.797763 0.805929 0.812244 0.816735 0.819423 0.820319 0.819428 0.816745 0.812254 0.805933 0.797756 0.787691 0.775708 0.761784 0.745902 0.728061 0.708276 0.686586 0.663054 0.637775 0.61087 0.582496 0.552838 0.522111 0.490555 0.458432 0.426018 0.3936 0.361464 0.329893 0.299154 0.269496 0.24114 0.214276 0.18906 0.165609 0.144001 0.124277 0.106441 0.0904629 0.0762846 0.0638225 0.0529733 0.0436193 0.0356331 0.0288831 0.0232375 0.0185681 0.014754 0.0116838 0.00925797 0.0073905 0.00600983 0.00505968 0.00450016 
0.00463056 0.00480659 0.00537375 0.00635874 0.00780476 0.00977185 0.0123363 0.0155896 0.0196376 0.0245981 0.0305991 0.0377752 0.0462645 0.0562038 0.0677241 0.0809453 0.0959705 0.112881 0.13173 0.152539 0.175293 0.199938 0.226382 0.254489 0.284085 0.314962 0.346879 0.37957 0.412751 0.446125 0.479394 0.512264 0.544452 0.575697 0.605758 0.634427 0.661524 0.686904 0.710456 0.732101 0.751786 0.76949 0.785208 0.798957 0.810765 0.820666 0.8287 0.834904 0.839312 0.841949 0.842831 0.841962 0.839336 0.834935 0.828732 0.820693 0.810777 0.798946 0.785163 0.769401 0.751644 0.731896 0.710183 0.686556 0.661097 0.633923 0.60518 0.57505 0.543747 0.511512 0.47861 0.445326 0.411954 0.378794 0.34614 0.314277 0.283468 0.253951 0.225931 0.199581 0.175029 0.152367 0.131646 0.112877 0.096037 0.0810715 0.0678982 0.0564138 0.0464988 0.0380227 0.0308499 0.0248435 0.0198702 0.0158035 0.0125268 0.00993567 0.00793938 0.00646256 0.00544584 0.00484709 
