0.00244875 0.0024729 0.00255173 0.00268598 0.00287657 0.00312479 0.0034322 0.00380066 0.00423222 0.00472912 0.00529367 0.00592826 0.00663518 0.00741666 0.00827468 0.00921097 0.0102269 0.0113233 0.0125006 0.0137586 0.0150963 0.0165121 0.0180035 0.0195672 0.0211991 0.022894 0.0246459 0.026448 0.0282925 0.0301707 0.0320732 0.0339898 0.0359097 0.0378216 0.0397135 0.0415733 0.0433885 0.0451468 0.0468355 0.0484426 0.049956 0.0513643 0.0526566 0.0538229 0.0548539 0.0557414 0.0564782 0.0570583 0.0574769 0.0577307 0.0578175 0.0577366 0.0574888 0.0570761 0.056502 0.0557711 0.0548895 0.0538643 0.0527038 0.0514171 0.0500144 0.0485066 0.0469049 0.0452213 0.0434681 0.0416576 0.0398024 0.0379147 0.0360068 0.0340904 0.032177 0.0302772 0.0284013 0.0265587 0.0247579 0.0230068 0.0213122 0.0196801 0.0181156 0.0166229 0.0152053 0.0138653 0.0126045 0.0114239 0.0103237 0.00930367 0.00836286 0.00749996 0.0067133 0.00600089 0.00536058 0.00479007 0.00428704 0.00384918 0.00347431 0.00316037 0.00290555 0.0027083 0.00256737 0.002482 
0.0024729 0.00249731 0.00257693 0.00271251 0.002905 0.00315566 0.0034661 0.00383816 0.00427394 0.00477568 0.00534571 0.00598643 0.00670017 0.00748914 0.00835536 0.00930056 0.0103261 0.0114329 0.0126212 0.0138909 0.0152411 0.01667 0.0181751 0.0197531 0.0213998 0.02311 0.0248777 0.0266959 0.0285568 0.0304516 0.0323708 0.0343042 0.0362409 0.0381693 0.0400775 0.0419532 0.043784 0.0455572 0.0472602 0.0488808 0.0504069 0.051827 0.0531301 0.0543061 0.0553456 0.0562404 0.0569833 0.0575681 0.0579902 0.058246 0.0583334 0.0582519 0.058002 0.0575858 0.0570069 0.0562699 0.0553809 0.0543472 0.0531769 0.0518795 0.050465 0.0489444 0.0473292 0.0456313 0.0438632 0.0420372 0.040166 0.038262 0.0363376 0.0344045 0.0324743 0.0305579 0.0286654 0.0268064 0.0249895 0.0232227 0.0215128 0.0198659 0.0182871 0.0167808 0.0153501 0.0139977 0.0127252 0.0115336 0.0104231 0.00939345 0.00844374 0.00757265 0.00677849 0.00605928 0.00541282 0.00483683 0.00432895 0.00388686 0.00350835 0.00319137 0.00293409 0.00273493 0.00259263 0.00250645 
0.00255173 0.00257693 0.002659 0.0027987 0.00299699 0.00325518 0.00357489 0.00395804 0.00440672 0.00492325 0.00551001 0.00616942 0.00690387 0.00771561 0.00860667 0.0095788 0.0106334 0.0117713 0.0129929 0.0142978 0.0156852 0.0171532 0.0186992 0.0203198 0.0220107 0.0237665 0.025581 0.0274469 0.0293564 0.0313003 0.033269 0.0352519 0.0372378 0.0392149 0.0411711 0.0430938 0.04497 0.0467871 0.048532 0.0501923 0.0517556 0.0532102 0.0545448 0.0557491 0.0568136 0.0577298 0.0584904 0.0590891 0.0595211 0.0597829 0.0598724 0.0597887 0.0595327 0.0591064 0.0585134 0.0577586 0.0568481 0.0557893 0.0545906 0.0532616 0.0518125 0.0502547 0.0485997 0.0468599 0.0450479 0.0431764 0.0412584 0.0393065 0.0373333 0.0353511 0.0333715 0.0314057 0.0294642 0.0275567 0.0256922 0.0238787 0.0221233 0.0204324 0.0188112 0.017264 0.0157943 0.0144047 0.0130971 0.0118723 0.0107308 0.00967215 0.00869555 0.00779965 0.00698275 0.00624283 0.00557768 0.00498495 0.00446224 0.00400721 0.00361758 0.00329127 0.0030264 0.00282137 0.00267489 0.00258619 
0.00268598 0.00271251 0.0027987 0.00294532 0.00315338 0.00342422 0.00375953 0.00416128 0.00463165 0.00517301 0.00578783 0.0064786 0.00724777 0.00809764 0.00903031 0.0100475 0.0111507 0.0123407 0.0136178 0.0149816 0.0164311 0.0179644 0.0195787 0.0212705 0.0230349 0.0248666 0.026759 0.0287045 0.0306948 0.0327204 0.0347713 0.0368365 0.0389043 0.0409624 0.0429983 0.0449988 0.0469506 0.0488404 0.050655 0.0523811 0.0540061 0.0555178 0.0569047 0.058156 0.0592619 0.0602136 0.0610035 0.0616253 0.0620738 0.0623455 0.0624382 0.062351 0.0620848 0.0616418 0.0610256 0.0602412 0.059295 0.0581946 0.0569488 0.0555674 0.054061 0.0524414 0.0507205 0.0489111 0.0470263 0.0450793 0.0430834 0.0410519 0.0389978 0.0369338 0.0348721 0.0328242 0.0308011 0.028813 0.0268691 0.0249779 0.0231469 0.0213825 0.0196904 0.0180751 0.0165403 0.0150887 0.0137223 0.0124422 0.0112487 0.0101416 0.00911998 0.00818253 0.00732753 0.0065529 0.00585639 0.00523557 0.00468799 0.00421122 0.00380292 0.00346093 0.00318331 0.00296841 0.0028149 0.00272198 
0.00287657 0.002905 0.00299699 0.00315338 0.0033752 0.00366388 0.00402118 0.00444914 0.00495006 0.00552641 0.00618074 0.00691566 0.0077337 0.00863723 0.00962841 0.010709 0.0118805 0.0131436 0.0144987 0.0159452 0.017482 0.0191069 0.0208171 0.0226084 0.0244761 0.0264141 0.0284156 0.0304726 0.032576 0.0347161 0.0368821 0.0390623 0.0412447 0.0434161 0.0455634 0.0476727 0.0497301 0.0517216 0.0536333 0.0554514 0.0571626 0.0587542 0.0602141 0.0615309 0.0626946 0.0636958 0.0645267 0.0651805 0.0656521 0.0659377 0.0660348 0.0659428 0.0656624 0.065196 0.0645474 0.0637217 0.0627257 0.0615673 0.0602557 0.0588011 0.0572147 0.0555087 0.0536958 0.0517892 0.0498026 0.04775 0.0456454 0.0435026 0.0413353 0.0391569 0.0369802 0.0348175 0.0326802 0.0305792 0.0285242 0.0265241 0.024587 0.0227197 0.0209282 0.0192173 0.0175912 0.0160526 0.0146037 0.0132458 0.0119793 0.010804 0.00971911 0.00872324 0.00781463 0.00699116 0.0062505 0.00559014 0.00500753 0.00450013 0.00406552 0.00370143 0.00340585 0.00317704 0.00301361 0.00291473 
0.00312479 0.00315566 0.00325518 0.00342422 0.00366388 0.00397567 0.00436143 0.00482334 0.00536381 0.00598543 0.00669089 0.00748291 0.00836414 0.00933705 0.0104038 0.0115664 0.012826 0.0141837 0.0156394 0.0171926 0.0188419 0.020585 0.0224186 0.0243384 0.0263391 0.0284141 0.0305561 0.0327564 0.0350055 0.0372928 0.0396068 0.041935 0.0442646 0.0465816 0.048872 0.0511211 0.0533141 0.0554362 0.0574726 0.0594088 0.0612306 0.0629246 0.0644781 0.065879 0.0671168 0.0681815 0.0690649 0.0697599 0.0702611 0.0705643 0.0706672 0.070569 0.0702705 0.0697741 0.0690838 0.0682052 0.0671453 0.0659125 0.0645164 0.062968 0.0612789 0.0594621 0.057531 0.0554996 0.0533825 0.0511943 0.0489499 0.0466641 0.0443514 0.042026 0.0397015 0.0373911 0.0351069 0.0328605 0.0306624 0.0285222 0.0264484 0.0244485 0.0225289 0.020695 0.0189509 0.0173001 0.0157448 0.0142865 0.0129258 0.0116625 0.0104958 0.00942441 0.0084465 0.00755989 0.00676213 0.00605061 0.00542267 0.00487564 0.00440696 0.00401426 0.00369542 0.0034486 0.00327233 0.00316574 
0.0034322 0.0034661 0.00357489 0.00375953 0.00402118 0.00436143 0.00478227 0.00528599 0.00587516 0.00655251 0.0073209 0.00818319 0.00914215 0.0102004 0.0113601 0.0126233 0.0139914 0.015465 0.0170443 0.0187285 0.0205159 0.0224039 0.0243889 0.0264661 0.0286297 0.0308726 0.0331866 0.0355624 0.0379897 0.0404571 0.042952 0.0454612 0.0479706 0.0504656 0.0529308 0.0553506 0.0577092 0.0599906 0.0621792 0.0642594 0.0662161 0.0680351 0.0697027 0.0712062 0.0725342 0.0736764 0.0746238 0.075369 0.0759062 0.076231 0.0763409 0.0762351 0.0759144 0.0753814 0.0746404 0.0736973 0.0725595 0.071236 0.069737 0.0680741 0.0662598 0.0643079 0.0622325 0.0600489 0.0577723 0.0554186 0.0530035 0.050543 0.0480526 0.0455475 0.0430424 0.0405513 0.0380874 0.0356632 0.03329 0.0309782 0.028737 0.0265746 0.0244981 0.0225131 0.0206245 0.018836 0.0171501 0.0155685 0.014092 0.0127206 0.0114535 0.0102893 0.00922614 0.00826186 0.00739385 0.00661939 0.00593565 0.00533982 0.0048292 0.00440127 0.00405376 0.00378476 0.00359267 0.00347659 
0.00380066 0.00383816 0.00395804 0.00416128 0.00444914 0.00482334 0.00528599 0.00583955 0.00648674 0.0072305 0.00807383 0.00901978 0.0100713 0.011231 0.0125013 0.0138842 0.0153811 0.0169926 0.0187186 0.0205582 0.0225096 0.0245695 0.0267341 0.0289979 0.0313545 0.0337962 0.0363139 0.0388975 0.0415357 0.044216 0.0469249 0.049648 0.0523701 0.0550752 0.0577468 0.0603681 0.0629221 0.0653916 0.0677597 0.0700097 0.0721256 0.0740918 0.0758939 0.0775183 0.0789527 0.0801861 0.0812089 0.0820132 0.0825928 0.082943 0.0830612 0.0829464 0.0825997 0.0820236 0.0812229 0.0802037 0.0789742 0.0775437 0.0759234 0.0741256 0.0721637 0.0700523 0.0678069 0.0654436 0.0629789 0.0604298 0.0578133 0.0551464 0.0524461 0.0497286 0.0470099 0.0443052 0.0416288 0.0389941 0.0364136 0.0338986 0.0314592 0.0291043 0.0268416 0.0246776 0.0226175 0.0206655 0.0188246 0.0170966 0.0154826 0.0139827 0.0125961 0.0113215 0.010157 0.0091003 0.00814867 0.00729925 0.00654905 0.00589509 0.00533449 0.00486457 0.00448292 0.00418746 0.00397653 0.00384913 
0.00423222 0.00427394 0.00440672 0.00463165 0.00495006 0.00536381 0.00587516 0.00648674 0.00720149 0.00802251 0.00895304 0.00999628 0.0111553 0.012433 0.0138318 0.0153537 0.0170001 0.0187716 0.0206679 0.0226878 0.024829 0.0270882 0.0294607 0.0319406 0.0345205 0.0371921 0.0399453 0.0427691 0.0456509 0.0485771 0.051533 0.0545029 0.0574702 0.0604176 0.0633271 0.0661807 0.0689597 0.0716458 0.0742205 0.076666 0.0789649 0.0811006 0.0830574 0.0848207 0.0863774 0.0877156 0.0888251 0.0896974 0.0903256 0.0907051 0.0908328 0.0907077 0.0903309 0.0897054 0.088836 0.0877294 0.0863944 0.084841 0.0830812 0.0811281 0.0789964 0.0767017 0.0742605 0.0716903 0.069009 0.0662347 0.0633861 0.0604815 0.057539 0.0545766 0.0516115 0.0486602 0.0457383 0.0428605 0.0400405 0.0372905 0.0346217 0.032044 0.0295659 0.0271946 0.0249359 0.0227945 0.0207738 0.018876 0.0171024 0.0154533 0.013928 0.0125252 0.0112429 0.0100788 0.00902989 0.00809328 0.00726576 0.00654415 0.00592537 0.00540657 0.00498515 0.0046589 0.00442602 0.00428544 
0.00472912 0.00477568 0.00492325 0.00517301 0.00552641 0.00598543 0.00655251 0.0072305 0.00802251 0.0089319 0.0099621 0.0111165 0.0123985 0.0138109 0.0153563 0.0170368 0.0188538 0.0208076 0.0228979 0.0251231 0.0274806 0.0299665 0.0325755 0.0353009 0.0381347 0.0410674 0.0440881 0.0471843 0.0503424 0.0535475 0.0567833 0.0600328 0.0632778 0.0664994 0.0696783 0.0727945 0.075828 0.0787589 0.0815671 0.0842334 0.086739 0.089066 0.0911974 0.0931175 0.0948122 0.0962687 0.0974759 0.0984248 0.099108 0.0995204 0.0996588 0.0995221 0.0991115 0.0984301 0.0974832 0.0962781 0.094824 0.0931319 0.0912146 0.0890864 0.0867629 0.084261 0.0815987 0.0787947 0.0758685 0.0728397 0.0697285 0.0665547 0.0633382 0.0600984 0.0568541 0.0536233 0.0504231 0.0472695 0.0441776 0.0411609 0.0382316 0.0354008 0.0326777 0.0300705 0.0275858 0.0252287 0.0230033 0.0209121 0.0189566 0.0171374 0.0154538 0.0139046 0.0124879 0.011201 0.010041 0.00900476 0.00808884 0.00728986 0.00660455 0.00602982 0.0055629 0.0052014 0.0049434 0.00478775 
0.00529367 0.00534571 0.00551001 0.00578783 0.00618074 0.00669089 0.0073209 0.00807383 0.00895304 0.0099621 0.0111047 0.0123845 0.0138048 0.015369 0.0170795 0.0189385 0.0209472 0.0231061 0.0254143 0.0278702 0.0304704 0.0332107 0.0360849 0.0390856 0.0422038 0.0454289 0.0487488 0.0521499 0.055617 0.0591337 0.0626823 0.0662439 0.0697989 0.0733265 0.0768056 0.0802145 0.0835316 0.0867351 0.0898033 0.0927154 0.095451 0.0979907 0.100316 0.102411 0.104259 0.105847 0.107163 0.108197 0.108941 0.10939 0.10954 0.10939 0.108942 0.108199 0.107166 0.105851 0.104265 0.102418 0.100326 0.098003 0.0954661 0.0927337 0.0898253 0.086761 0.083562 0.0802496 0.0768456 0.0733717 0.0698495 0.0663 0.0627439 0.0592009 0.0556896 0.0522277 0.0488316 0.0455163 0.0422954 0.0391809 0.0361833 0.0333117 0.0305733 0.0279742 0.0255188 0.0232102 0.0210503 0.0190397 0.0171781 0.0154642 0.013896 0.0124708 0.0111857 0.0100371 0.00902145 0.00813521 0.00737482 0.00673698 0.0062187 0.00581742 0.00553107 0.0053584 
0.00592826 0.00598643 0.00616942 0.0064786 0.00691566 0.00748291 0.00818319 0.00901978 0.00999628 0.0111165 0.0123845 0.0138039 0.0153785 0.0171116 0.0190059 0.0210635 0.0232856 0.0256723 0.0282227 0.0309346 0.0338043 0.0368266 0.0399949 0.0433006 0.0467337 0.0502825 0.0539335 0.0576716 0.0614801 0.065341 0.0692348 0.0731409 0.0770376 0.0809025 0.0847124 0.0884438 0.092073 0.0955764 0.0989307 0.102113 0.105101 0.107875 0.110414 0.1127 0.114716 0.116448 0.117884 0.119011 0.119822 0.120311 0.120474 0.120311 0.119821 0.11901 0.117882 0.116447 0.114715 0.1127 0.110415 0.107878 0.105107 0.102121 0.0989418 0.0955912 0.0920919 0.0884672 0.0847408 0.0809362 0.0770769 0.073186 0.0692859 0.0653982 0.0615433 0.0577406 0.0540083 0.0503627 0.0468189 0.0433903 0.0400886 0.0369237 0.033904 0.0310363 0.0283256 0.0257755 0.0233884 0.021165 0.0191053 0.0172081 0.0154712 0.0138921 0.0124674 0.0111935 0.0100668 0.00908317 0.008239 0.00753072 0.00695511 0.00650943 0.00619143 0.00599977 
0.00663518 0.00670017 0.00690387 0.00724777 0.0077337 0.00836414 0.00914215 0.0100713 0.0111553 0.0123985 0.0138048 0.0153785 0.0171234 0.0190429 0.0211399 0.0234163 0.0258733 0.0285109 0.0313278 0.0343213 0.0374871 0.0408194 0.0443104 0.0479508 0.0517293 0.0556328 0.0596464 0.0637535 0.0679356 0.0721728 0.0764439 0.0807262 0.0849961 0.089229 0.0933997 0.0974826 0.101452 0.105282 0.108948 0.112424 0.115688 0.118715 0.121486 0.12398 0.12618 0.128069 0.129633 0.130862 0.131746 0.132278 0.132456 0.132277 0.131742 0.130857 0.129627 0.128061 0.126171 0.123972 0.121478 0.118708 0.115682 0.11242 0.108947 0.105284 0.101458 0.097493 0.093415 0.0892497 0.0850226 0.0807589 0.076483 0.0722185 0.0679878 0.0638124 0.0597118 0.0557044 0.0518068 0.0480338 0.0443983 0.0409115 0.0375828 0.0344198 0.0314284 0.0286126 0.0259753 0.0235176 0.0212396 0.0191402 0.0172174 0.0154683 0.0138895 0.0124774 0.0112278 0.0101366 0.00919983 0.00841365 0.00777465 0.00727984 0.00692683 0.00671418 
0.00741666 0.00748914 0.00771561 0.00809764 0.00863723 0.00933705 0.0102004 0.011231 0.012433 0.0138109 0.015369 0.0171116 0.0190429 0.0211664 0.023485 0.0260007 0.0287144 0.031626 0.0347337 0.0380343 0.0415229 0.0451927 0.0490352 0.0530398 0.0571938 0.0614828 0.0658902 0.0703977 0.074985 0.0796303 0.0843102 0.0889999 0.0936737 0.0983046 0.102865 0.107328 0.111665 0.115848 0.119849 0.123643 0.127203 0.130504 0.133525 0.136243 0.13864 0.140697 0.142401 0.143739 0.144701 0.145281 0.145473 0.145277 0.144695 0.14373 0.142389 0.140683 0.138623 0.136226 0.133507 0.130486 0.127185 0.123626 0.119835 0.115836 0.111656 0.107324 0.102866 0.0983107 0.0936858 0.0890185 0.0843356 0.0796629 0.0750249 0.0704449 0.0659447 0.0615444 0.0572623 0.0531146 0.049116 0.0452788 0.0416135 0.0381287 0.034831 0.0317254 0.0288149 0.0261012 0.0235846 0.0212641 0.0191378 0.0172026 0.0154552 0.0138915 0.0125073 0.0112982 0.0102598 0.00938821 0.00867965 0.00813095 0.00773952 0.00750385 
0.00827468 0.00835536 0.00860667 0.00903031 0.00962841 0.0104038 0.0113601 0.0125013 0.0138318 0.0153563 0.0170795 0.0190059 0.0211399 0.023485 0.0260442 0.0288196 0.0318118 0.0350203 0.0384431 0.0420762 0.0459141 0.049949 0.0541713 0.0585691 0.0631284 0.0678332 0.0726651 0.077604 0.0826275 0.0877118 0.0928312 0.0979587 0.103066 0.108124 0.113103 0.117973 0.122703 0.127264 0.131625 0.135758 0.139635 0.14323 0.146517 0.149475 0.152082 0.15432 0.156172 0.157627 0.158672 0.159302 0.15951 0.159297 0.158663 0.157613 0.156154 0.154298 0.152057 0.149447 0.146488 0.143199 0.139604 0.135727 0.131596 0.127237 0.122679 0.117953 0.113088 0.108114 0.103062 0.0979615 0.0928413 0.0877296 0.0826533 0.0776378 0.0727072 0.0678833 0.0631863 0.0586345 0.0542436 0.0500277 0.0459984 0.0421654 0.0385362 0.0351165 0.0319099 0.0289186 0.0261431 0.0235826 0.0212351 0.0190978 0.017167 0.0154384 0.0139077 0.0125702 0.0114212 0.0104566 0.00967222 0.0090648 0.00863153 0.00837076 
0.00921097 0.00930056 0.0095788 0.0100475 0.010709 0.0115664 0.0126233 0.0138842 0.0153537 0.0170368 0.0189385 0.0210635 0.0234163 0.0260007 0.0288196 0.0318749 0.0351672 0.0386955 0.0424573 0.0464481 0.0506614 0.0550885 0.0597184 0.0645381 0.0695319 0.0746821 0.0799685 0.0853689 0.0908588 0.0964121 0.102001 0.107595 0.113165 0.118679 0.124103 0.129407 0.134555 0.139518 0.144261 0.148754 0.152968 0.156874 0.160445 0.163656 0.166486 0.168915 0.170925 0.172503 0.173637 0.174319 0.174545 0.174313 0.173624 0.172484 0.1709 0.168885 0.166452 0.163618 0.160403 0.15683 0.152923 0.148709 0.144216 0.139474 0.134514 0.129369 0.12407 0.118651 0.113144 0.107581 0.101994 0.0964134 0.0908688 0.0853878 0.0799965 0.0747191 0.0695778 0.0645925 0.059781 0.0551585 0.0507383 0.046531 0.0425453 0.0387875 0.0352621 0.0319716 0.0289169 0.0260975 0.0235114 0.0211558 0.0190268 0.0171201 0.015431 0.0139545 0.0126859 0.0116205 0.0107542 0.0100832 0.00960457 0.00931665 
0.0102269 0.0103261 0.0106334 0.0111507 0.0118805 0.012826 0.0139914 0.0153811 0.0170001 0.0188538 0.0209472 0.0232856 0.0258733 0.0287144 0.0318118 0.0351672 0.0387809 0.0426516 0.0467762 0.0511493 0.0557636 0.0606093 0.0656743 0.0709437 0.0764004 0.0820248 0.0877947 0.0936856 0.099671 0.105722 0.111809 0.117899 0.123958 0.129954 0.13585 0.141612 0.147203 0.152589 0.157736 0.16261 0.167179 0.171412 0.175281 0.17876 0.181825 0.184455 0.186631 0.188339 0.189566 0.190304 0.190548 0.190296 0.18955 0.188315 0.1866 0.184417 0.181781 0.17871 0.175227 0.171354 0.167118 0.162548 0.157673 0.152527 0.147143 0.141555 0.135798 0.129907 0.123917 0.117865 0.111783 0.105705 0.0996635 0.0936878 0.0878068 0.082047 0.0764326 0.0709856 0.0657255 0.0606693 0.0558317 0.0512246 0.0468576 0.0427383 0.0388716 0.0352607 0.0319068 0.0288098 0.0259677 0.0233777 0.0210358 0.0189377 0.0170783 0.0154525 0.0140552 0.0128814 0.0119268 0.0111873 0.01066 0.0103429 
0.0113233 0.0114329 0.0117713 0.0123407 0.0131436 0.0141837 0.015465 0.0169926 0.0187716 0.0208076 0.0231061 0.0256723 0.0285109 0.031626 0.0350203 0.0386955 0.0426516 0.0468868 0.0513972 0.0561768 0.0612171 0.0665073 0.0720335 0.0777797 0.0837267 0.089853 0.0961342 0.102544 0.109052 0.115629 0.122241 0.128852 0.135428 0.141931 0.148323 0.154566 0.160622 0.166454 0.172024 0.177297 0.182238 0.186814 0.190996 0.194755 0.198066 0.200906 0.203255 0.205099 0.206423 0.207219 0.207482 0.207209 0.206403 0.205069 0.203217 0.200858 0.198011 0.194693 0.190928 0.186741 0.182161 0.177217 0.171943 0.166373 0.160543 0.154489 0.14825 0.141863 0.135366 0.128798 0.122195 0.115592 0.109026 0.102527 0.0961289 0.0898588 0.0837436 0.0778075 0.0720719 0.0665557 0.0612749 0.0562431 0.051471 0.046967 0.042737 0.0387848 0.0351122 0.031719 0.0286038 0.0257636 0.0231945 0.0208918 0.0188504 0.0170648 0.0155298 0.0142401 0.0131909 0.0123782 0.0117987 0.0114503 
0.0125006 0.0126212 0.0129929 0.0136178 0.0144987 0.0156394 0.0170443 0.0187186 0.0206679 0.0228979 0.0254143 0.0282227 0.0313278 0.0347337 0.0384431 0.0424573 0.0467762 0.0513972 0.0563158 0.0615252 0.0670157 0.072775 0.078788 0.0850367 0.0915003 0.0981548 0.104974 0.111928 0.118987 0.126115 0.133277 0.140435 0.147551 0.154585 0.161496 0.168242 0.174784 0.18108 0.187091 0.19278 0.198109 0.203043 0.20755 0.2116 0.215166 0.218225 0.220755 0.222739 0.224165 0.225021 0.225304 0.225009 0.224141 0.222704 0.220709 0.218168 0.2151 0.211525 0.207467 0.202954 0.198014 0.192682 0.186991 0.180979 0.174683 0.168143 0.1614 0.154494 0.147467 0.140359 0.133209 0.126056 0.118939 0.111892 0.104949 0.0981424 0.0915001 0.0850487 0.0788119 0.0728103 0.0670617 0.0615811 0.0563806 0.0514697 0.0468551 0.0425414 0.0385308 0.0348236 0.0314184 0.0283125 0.0255019 0.0229818 0.0207468 0.0187913 0.0171097 0.0156965 0.0145468 0.0136561 0.013021 0.0126393 
0.0137586 0.0138909 0.0142978 0.0149816 0.0159452 0.0171926 0.0187285 0.0205582 0.0226878 0.0251231 0.0278702 0.0309346 0.0343213 0.0380343 0.0420762 0.0464481 0.0511493 0.0561768 0.0615252 0.0671866 0.0731502 0.0794023 0.0859262 0.092702 0.0997067 0.106914 0.114296 0.12182 0.129453 0.137156 0.144893 0.152621 0.1603 0.167886 0.175336 0.182605 0.189651 0.196429 0.202899 0.209018 0.214748 0.220052 0.224896 0.229248 0.233078 0.236363 0.239079 0.24121 0.242739 0.243658 0.243961 0.243645 0.242712 0.241168 0.239025 0.236297 0.233001 0.22916 0.224799 0.219947 0.214636 0.208901 0.202778 0.196306 0.189528 0.182483 0.175217 0.167772 0.160192 0.152521 0.144801 0.137075 0.129382 0.121762 0.114251 0.106882 0.0996878 0.0926965 0.085934 0.0794229 0.073183 0.0672307 0.0615796 0.0562403 0.0512206 0.0465258 0.0421587 0.0381201 0.0344088 0.0310221 0.0279562 0.0252061 0.0227663 0.020631 0.0187942 0.0172502 0.0159939 0.0150206 0.0143265 0.0139095 
0.0150963 0.0152411 0.0156852 0.0164311 0.017482 0.0188419 0.0205159 0.0225096 0.024829 0.0274806 0.0304704 0.0338043 0.0374871 0.0415229 0.0459141 0.0506614 0.0557636 0.0612171 0.0670157 0.0731502 0.0796086 0.0863758 0.0934331 0.100759 0.108328 0.116112 0.124079 0.132196 0.140425 0.148726 0.157058 0.165378 0.173639 0.181797 0.189805 0.197615 0.205181 0.212457 0.219399 0.225962 0.232106 0.237792 0.242982 0.247643 0.251746 0.255263 0.25817 0.26045 0.262087 0.263071 0.263394 0.263055 0.262056 0.260403 0.258108 0.255186 0.251656 0.247542 0.242869 0.237669 0.231976 0.225825 0.219257 0.212312 0.205034 0.197469 0.189661 0.181658 0.173506 0.165252 0.156942 0.14862 0.14033 0.132114 0.124011 0.116058 0.108289 0.100734 0.0934232 0.0863801 0.0796266 0.073181 0.0670583 0.0612703 0.055826 0.0507315 0.0459903 0.0416036 0.0375706 0.0338888 0.0305543 0.0275621 0.0249067 0.0225818 0.0205815 0.0188997 0.017531 0.0164705 0.0157144 0.0152602 
0.0165121 0.01667 0.0171532 0.0179644 0.0191069 0.020585 0.0224039 0.0245695 0.0270882 0.0299665 0.0332107 0.0368266 0.0408194 0.0451927 0.049949 0.0550885 0.0606093 0.0665073 0.072775 0.0794023 0.0863758 0.0936785 0.10129 0.109187 0.117341 0.125723 0.134297 0.143027 0.151872 0.160791 0.169738 0.178667 0.187529 0.196276 0.204857 0.213223 0.221324 0.229112 0.236538 0.243557 0.250125 0.2562 0.261745 0.266724 0.271104 0.274859 0.277962 0.280395 0.282142 0.283191 0.283535 0.283173 0.282106 0.280342 0.277892 0.274772 0.271003 0.266608 0.261617 0.25606 0.249975 0.243399 0.236374 0.228943 0.221154 0.213052 0.204688 0.196111 0.18737 0.178515 0.169595 0.160659 0.151752 0.14292 0.134205 0.125646 0.11728 0.109142 0.101261 0.093665 0.0863774 0.0794183 0.0728044 0.0665488 0.0606616 0.0551499 0.0500179 0.0452674 0.0408979 0.0369072 0.0332915 0.0300458 0.0271643 0.0246409 0.022469 0.0206427 0.019156 0.0180041 0.0171827 0.0166895 
0.0180035 0.0181751 0.0186992 0.0195787 0.0208171 0.0224186 0.0243889 0.0267341 0.0294607 0.0325755 0.0360849 0.0399949 0.0443104 0.0490352 0.0541713 0.0597184 0.0656743 0.0720335 0.078788 0.0859262 0.0934331 0.10129 0.109475 0.117962 0.12672 0.135718 0.144918 0.154279 0.163759 0.173313 0.182892 0.192446 0.201924 0.211274 0.220443 0.229377 0.238025 0.246334 0.254255 0.261739 0.268739 0.275212 0.281118 0.28642 0.291083 0.295079 0.298381 0.30097 0.302828 0.303943 0.304309 0.303923 0.302788 0.30091 0.298303 0.294982 0.290969 0.28629 0.280974 0.275055 0.26857 0.26156 0.254069 0.246143 0.23783 0.229181 0.220247 0.211082 0.201737 0.192266 0.182721 0.173153 0.163612 0.154146 0.1448 0.135616 0.126636 0.117894 0.109425 0.101257 0.0934169 0.085926 0.0788028 0.0720621 0.0657151 0.0597699 0.0542317 0.0491027 0.0443831 0.0400707 0.036162 0.0326519 0.0295347 0.026804 0.0244531 0.0224757 0.0208659 0.0196184 0.018729 0.0181951 
0.0195672 0.0197531 0.0203198 0.0212705 0.0226084 0.0243384 0.0264661 0.0289979 0.0319406 0.0353009 0.0390856 0.0433006 0.0479508 0.0530398 0.0585691 0.0645381 0.0709437 0.0777797 0.0850367 0.092702 0.100759 0.109187 0.117962 0.127055 0.136435 0.146065 0.155906 0.165915 0.176045 0.186248 0.196472 0.206665 0.216772 0.226737 0.236504 0.246017 0.255221 0.264061 0.272484 0.280439 0.287877 0.294754 0.301026 0.306654 0.311603 0.315843 0.319347 0.322093 0.324063 0.325246 0.325633 0.325224 0.324019 0.322027 0.31926 0.315736 0.311477 0.30651 0.300865 0.294578 0.287689 0.280239 0.272275 0.263845 0.255 0.245794 0.236281 0.226517 0.216556 0.206457 0.196273 0.186059 0.175869 0.165754 0.155761 0.145938 0.136325 0.126964 0.117889 0.109133 0.100723 0.0926842 0.0850356 0.0777939 0.0709718 0.0645785 0.0586199 0.0530991 0.0480166 0.0433708 0.0391582 0.0353738 0.0320118 0.0290658 0.0265289 0.0243946 0.0226568 0.0213099 0.0203497 0.0197734 
0.0211991 0.0213998 0.0220107 0.0230349 0.0244761 0.0263391 0.0286297 0.0313545 0.0345205 0.0381347 0.0422038 0.0467337 0.0517293 0.0571938 0.0631284 0.0695319 0.0764004 0.0837267 0.0915003 0.0997067 0.108328 0.117341 0.12672 0.136435 0.14645 0.156726 0.167222 0.177891 0.188683 0.199547 0.210429 0.221271 0.232016 0.242605 0.252978 0.263077 0.272844 0.28222 0.29115 0.299581 0.307462 0.314745 0.321385 0.327342 0.33258 0.337066 0.340772 0.343676 0.345759 0.34701 0.347419 0.346986 0.345711 0.343604 0.340677 0.336949 0.332442 0.327184 0.321209 0.314552 0.307254 0.29936 0.290919 0.28198 0.272598 0.262828 0.252728 0.242356 0.231771 0.221032 0.210199 0.199329 0.188478 0.177701 0.167049 0.156571 0.146314 0.136319 0.126625 0.117266 0.108272 0.0996701 0.0914819 0.0837254 0.0764147 0.0695601 0.0631686 0.057244 0.0517874 0.0467975 0.042271 0.0382033 0.0345884 0.0314198 0.0286906 0.0263939 0.0245236 0.023074 0.0220405 0.0214204 
0.022894 0.02311 0.0237665 0.0248666 0.0264141 0.0284141 0.0308726 0.0337962 0.0371921 0.0410674 0.0454289 0.0502825 0.0556328 0.0614828 0.0678332 0.0746821 0.0820248 0.089853 0.0981548 0.106914 0.116112 0.125723 0.135718 0.146065 0.156726 0.16766 0.178821 0.190159 0.201624 0.213158 0.224704 0.236202 0.247592 0.258811 0.269796 0.280486 0.290819 0.300735 0.310175 0.319084 0.327409 0.3351 0.34211 0.348397 0.353923 0.358655 0.362563 0.365625 0.367822 0.36914 0.369572 0.369114 0.36777 0.365548 0.36246 0.358528 0.353773 0.348225 0.341917 0.334889 0.327182 0.318842 0.309921 0.300471 0.290548 0.28021 0.269518 0.258533 0.247318 0.235934 0.224444 0.212909 0.201389 0.18994 0.178619 0.167477 0.156563 0.145923 0.135597 0.125624 0.116034 0.106858 0.098118 0.089835 0.0820241 0.0746969 0.0678616 0.0615228 0.0556822 0.0503389 0.0454901 0.041131 0.037256 0.0338583 0.0309311 0.0284673 0.0264605 0.024905 0.023796 0.0231308 
0.0246459 0.0248777 0.025581 0.026759 0.0284156 0.0305561 0.0331866 0.0363139 0.0399453 0.0440881 0.0487488 0.0539335 0.0596464 0.0658902 0.0726651 0.0799685 0.0877947 0.0961342 0.104974 0.114296 0.124079 0.134297 0.144918 0.155906 0.167222 0.178821 0.190654 0.20267 0.214812 0.227021 0.239237 0.251396 0.263434 0.275286 0.286886 0.298168 0.309068 0.319524 0.329475 0.338862 0.34763 0.355727 0.363106 0.369722 0.375535 0.380512 0.384623 0.387842 0.390151 0.391537 0.39199 0.391509 0.390095 0.387758 0.384512 0.380376 0.375374 0.369536 0.362898 0.355499 0.347384 0.338599 0.329198 0.319236 0.308771 0.297865 0.286579 0.27498 0.263131 0.251098 0.238947 0.226742 0.214546 0.20242 0.190422 0.178609 0.167031 0.155737 0.144771 0.134173 0.123979 0.114218 0.104918 0.0960984 0.0877778 0.079969 0.0726808 0.0659191 0.0596861 0.0539817 0.0488031 0.044146 0.0400046 0.0363724 0.0332423 0.0306072 0.0284606 0.0267965 0.0256101 0.0248986 
0.026448 0.0266959 0.0274469 0.0287045 0.0304726 0.0327564 0.0355624 0.0388975 0.0427691 0.0471843 0.0521499 0.0576716 0.0637535 0.0703977 0.077604 0.0853689 0.0936856 0.102544 0.111928 0.12182 0.132196 0.143027 0.154279 0.165915 0.177891 0.190159 0.20267 0.215366 0.228188 0.241076 0.253963 0.266784 0.279471 0.291955 0.304168 0.316041 0.327507 0.338501 0.34896 0.358822 0.368031 0.376532 0.384277 0.391218 0.397317 0.402537 0.406847 0.410222 0.412643 0.414095 0.41457 0.414065 0.412583 0.410133 0.406729 0.402391 0.397144 0.39102 0.384054 0.376288 0.367766 0.358539 0.348661 0.33819 0.327186 0.315712 0.303834 0.29162 0.279138 0.266456 0.253642 0.240766 0.227892 0.215085 0.202408 0.189918 0.17767 0.165718 0.154106 0.142878 0.132072 0.12172 0.111852 0.102489 0.0936517 0.085354 0.077606 0.0704146 0.0637827 0.0577108 0.0521965 0.0472359 0.0428232 0.0389518 0.0356148 0.0328051 0.0305157 0.0287409 0.0274755 0.0267168 
0.0282925 0.0285568 0.0293564 0.0306948 0.032576 0.0350055 0.0379897 0.0415357 0.0456509 0.0503424 0.055617 0.0614801 0.0679356 0.074985 0.0826275 0.0908588 0.099671 0.109052 0.118987 0.129453 0.140425 0.151872 0.163759 0.176045 0.188683 0.201624 0.214812 0.228188 0.241691 0.255256 0.268813 0.282293 0.295626 0.30874 0.321562 0.334022 0.34605 0.357577 0.368538 0.378871 0.388515 0.397416 0.405521 0.412784 0.419164 0.424623 0.42913 0.432659 0.43519 0.436708 0.437204 0.436676 0.435127 0.432565 0.429005 0.424469 0.418981 0.412574 0.405285 0.397155 0.388233 0.378569 0.368219 0.357243 0.345703 0.333667 0.321201 0.308376 0.295264 0.281935 0.268462 0.254915 0.241364 0.227877 0.214519 0.201351 0.188433 0.175819 0.163559 0.151698 0.140276 0.12933 0.118888 0.108978 0.0996192 0.0908277 0.0826151 0.0749891 0.0679536 0.0615096 0.0556554 0.050387 0.0456992 0.0415853 0.0380384 0.0350513 0.0326172 0.0307298 0.0293843 0.0285776 
0.0301707 0.0304516 0.0313003 0.0327204 0.0347161 0.0372928 0.0404571 0.044216 0.0485771 0.0535475 0.0591337 0.065341 0.0721728 0.0796303 0.0877118 0.0964121 0.105722 0.115629 0.126115 0.137156 0.148726 0.160791 0.173313 0.186248 0.199547 0.213158 0.227021 0.241076 0.255256 0.269492 0.283715 0.297849 0.311822 0.325558 0.338983 0.352023 0.364605 0.376658 0.388114 0.39891 0.408983 0.418275 0.426736 0.434315 0.44097 0.446664 0.451364 0.455044 0.457682 0.459264 0.459782 0.459231 0.457616 0.454944 0.451233 0.446501 0.440777 0.434093 0.426486 0.418 0.408683 0.398589 0.387775 0.376302 0.364235 0.351643 0.338596 0.325167 0.311431 0.297461 0.283333 0.26912 0.254897 0.240733 0.226697 0.212855 0.199268 0.185993 0.173085 0.16059 0.148552 0.137009 0.125994 0.115534 0.105652 0.096364 0.0876842 0.0796209 0.072179 0.0653602 0.0591632 0.0535846 0.0486191 0.0442605 0.0405017 0.0373354 0.0347549 0.032754 0.0313274 0.0304723 
0.0320732 0.0323708 0.033269 0.0347713 0.0368821 0.0396068 0.042952 0.0469249 0.051533 0.0567833 0.0626823 0.0692348 0.0764439 0.0843102 0.0928312 0.102001 0.111809 0.122241 0.133277 0.144893 0.157058 0.169738 0.182892 0.196472 0.210429 0.224704 0.239237 0.253963 0.268813 0.283715 0.298594 0.313374 0.327978 0.342327 0.356345 0.369954 0.38308 0.395649 0.407591 0.41884 0.429332 0.439009 0.447815 0.455703 0.462627 0.46855 0.473438 0.477264 0.480008 0.481653 0.48219 0.481618 0.479938 0.477161 0.473301 0.46838 0.462425 0.45547 0.447553 0.438719 0.429017 0.418502 0.407232 0.395272 0.382688 0.36955 0.355932 0.341909 0.327558 0.312956 0.298182 0.283312 0.268423 0.253589 0.238882 0.224371 0.210119 0.196189 0.182635 0.16951 0.156859 0.144722 0.133134 0.122125 0.111719 0.101935 0.0927878 0.0842866 0.0764376 0.0692431 0.0627023 0.0568124 0.0515683 0.0469639 0.0429921 0.0396459 0.0369183 0.0348031 0.0332951 0.0323913 
0.0339898 0.0343042 0.0352519 0.0368365 0.0390623 0.041935 0.0454612 0.049648 0.0545029 0.0600328 0.0662439 0.0731409 0.0807262 0.0889999 0.0979587 0.107595 0.117899 0.128852 0.140435 0.152621 0.165378 0.178667 0.192446 0.206665 0.221271 0.236202 0.251396 0.266784 0.282293 0.297849 0.313374 0.328788 0.34401 0.358961 0.373559 0.387725 0.401382 0.414455 0.426871 0.438561 0.449461 0.459511 0.468654 0.476841 0.484027 0.490172 0.495242 0.499211 0.502056 0.503762 0.504319 0.503726 0.501984 0.499103 0.4951 0.489995 0.483817 0.476599 0.468381 0.459208 0.449132 0.438207 0.426494 0.414058 0.400969 0.387298 0.373122 0.358517 0.343564 0.328342 0.312933 0.297417 0.281874 0.26638 0.251011 0.235839 0.220932 0.206353 0.192161 0.178412 0.165152 0.152426 0.140269 0.128715 0.117789 0.107512 0.097899 0.0889617 0.080707 0.0731378 0.0662541 0.0600534 0.0545311 0.0496811 0.0454966 0.0419704 0.0390958 0.0368664 0.0352769 0.0343245 
0.0359097 0.0362409 0.0372378 0.0389043 0.0412447 0.0442646 0.0479706 0.0523701 0.0574702 0.0632778 0.0697989 0.0770376 0.0849961 0.0936737 0.103066 0.113165 0.123958 0.135428 0.147551 0.1603 0.173639 0.187529 0.201924 0.216772 0.232016 0.247592 0.263434 0.279471 0.295626 0.311822 0.327978 0.34401 0.359836 0.375373 0.390536 0.405244 0.419418 0.432979 0.445854 0.457972 0.469267 0.479678 0.489147 0.497623 0.505061 0.51142 0.516667 0.520772 0.523715 0.52548 0.526057 0.525443 0.523641 0.520661 0.516519 0.511237 0.504843 0.497372 0.488863 0.479364 0.468924 0.457602 0.44546 0.432564 0.418984 0.404795 0.390075 0.374904 0.359364 0.343538 0.327509 0.311361 0.295177 0.279037 0.263019 0.247199 0.231647 0.216431 0.201612 0.187247 0.173388 0.16008 0.147362 0.135269 0.123829 0.113063 0.10299 0.0936205 0.0849635 0.0770227 0.0697988 0.0632896 0.0574909 0.0523969 0.0480009 0.044296 0.0412751 0.0389321 0.0372616 0.0362607 
0.0378216 0.0381693 0.0392149 0.0409624 0.0434161 0.0465816 0.0504656 0.0550752 0.0604176 0.0664994 0.0733265 0.0809025 0.089229 0.0983046 0.108124 0.118679 0.129954 0.141931 0.154585 0.167886 0.181797 0.196276 0.211274 0.226737 0.242605 0.258811 0.275286 0.291955 0.30874 0.325558 0.342327 0.358961 0.375373 0.391477 0.407187 0.422419 0.437092 0.451125 0.464443 0.476973 0.488649 0.499407 0.509189 0.517943 0.525623 0.532188 0.537603 0.54184 0.544877 0.546698 0.547293 0.54666 0.544801 0.541726 0.537452 0.532 0.525399 0.517684 0.508896 0.499082 0.488294 0.47659 0.464034 0.450693 0.436639 0.42195 0.406704 0.390985 0.374875 0.358462 0.341831 0.32507 0.308262 0.291492 0.274842 0.258389 0.242207 0.226367 0.210934 0.195967 0.18152 0.167641 0.154373 0.141751 0.129804 0.118558 0.108031 0.0982362 0.0891828 0.0808755 0.0733159 0.0665021 0.0604305 0.0550955 0.0504906 0.0466089 0.0434434 0.040988 0.0392374 0.0381887 
0.0397135 0.0400775 0.0411711 0.0429983 0.0455634 0.048872 0.0529308 0.0577468 0.0633271 0.0696783 0.0768056 0.0847124 0.0933997 0.102865 0.113103 0.124103 0.13585 0.148323 0.161496 0.175336 0.189805 0.204857 0.220443 0.236504 0.252978 0.269796 0.286886 0.304168 0.321562 0.338983 0.356345 0.373559 0.390536 0.407187 0.423424 0.439161 0.454313 0.468799 0.482541 0.495467 0.507507 0.518597 0.528678 0.537698 0.545609 0.55237 0.557946 0.562309 0.565435 0.56731 0.567923 0.567271 0.565357 0.562192 0.557791 0.552177 0.545379 0.537432 0.528377 0.518262 0.507141 0.495071 0.482118 0.468351 0.453843 0.438672 0.422921 0.406673 0.390015 0.373036 0.355824 0.338468 0.321057 0.303677 0.286413 0.269346 0.252553 0.236106 0.220075 0.204522 0.189502 0.175067 0.16126 0.148121 0.13568 0.123964 0.112993 0.102782 0.0933397 0.0846732 0.0767842 0.0696717 0.0633322 0.0577605 0.0529503 0.0488949 0.0455874 0.0430216 0.0411923 0.0400965 
0.0415733 0.0419532 0.0430938 0.0449988 0.0476727 0.0511211 0.0553506 0.0603681 0.0661807 0.0727945 0.0802145 0.0884438 0.0974826 0.107328 0.117973 0.129407 0.141612 0.154566 0.168242 0.182605 0.197615 0.213223 0.229377 0.246017 0.263077 0.280486 0.298168 0.316041 0.334022 0.352023 0.369954 0.387725 0.405244 0.422419 0.439161 0.455379 0.470989 0.485908 0.500055 0.513357 0.525744 0.537149 0.547515 0.556787 0.564917 0.571864 0.577593 0.582074 0.585286 0.587211 0.587841 0.587172 0.585207 0.581956 0.577435 0.571668 0.564682 0.556515 0.547207 0.536807 0.525368 0.51295 0.499619 0.485445 0.470504 0.454874 0.438639 0.421885 0.404702 0.387179 0.369409 0.351482 0.333491 0.315524 0.297668 0.280008 0.262625 0.245593 0.228983 0.212862 0.197287 0.182312 0.167984 0.154343 0.141422 0.129249 0.117846 0.107229 0.0974089 0.0883924 0.0801825 0.0727785 0.0661777 0.0603751 0.0553646 0.0511396 0.0476933 0.0450197 0.0431135 0.0419718 
0.0433885 0.043784 0.04497 0.0469506 0.0497301 0.0533141 0.0577092 0.0629221 0.0689597 0.075828 0.0835316 0.092073 0.101452 0.111665 0.122703 0.134555 0.147203 0.160622 0.174784 0.189651 0.205181 0.221324 0.238025 0.255221 0.272844 0.290819 0.309068 0.327507 0.34605 0.364605 0.38308 0.401382 0.419418 0.437092 0.454313 0.470989 0.487034 0.502362 0.516894 0.530552 0.543266 0.55497 0.565604 0.575114 0.583451 0.590573 0.596446 0.601039 0.604331 0.606304 0.606949 0.606264 0.60425 0.600919 0.596286 0.590374 0.583212 0.574837 0.56529 0.55462 0.542882 0.530135 0.516447 0.501887 0.486534 0.470468 0.453773 0.436539 0.418855 0.400815 0.382512 0.36404 0.345494 0.326964 0.308543 0.290315 0.272365 0.25477 0.237605 0.220938 0.204829 0.189335 0.174504 0.160378 0.146994 0.13438 0.12256 0.111551 0.101365 0.0920095 0.0834888 0.0758027 0.0689487 0.0629223 0.0577176 0.0533281 0.0497473 0.0469691 0.0449883 0.043802 
0.0451468 0.0455572 0.0467871 0.0488404 0.0517216 0.0554362 0.0599906 0.0653916 0.0716458 0.0787589 0.0867351 0.0955764 0.105282 0.115848 0.127264 0.139518 0.152589 0.166454 0.18108 0.196429 0.212457 0.229112 0.246334 0.264061 0.28222 0.300735 0.319524 0.338501 0.357577 0.376658 0.395649 0.414455 0.432979 0.451125 0.468799 0.485908 0.502362 0.518077 0.532969 0.546962 0.559984 0.571969 0.582854 0.592587 0.601118 0.608404 0.614411 0.619109 0.622476 0.624494 0.625154 0.624453 0.622394 0.618988 0.614249 0.608202 0.600876 0.592306 0.582536 0.571613 0.559593 0.546537 0.532512 0.517591 0.50185 0.485372 0.468244 0.450555 0.432398 0.413867 0.395059 0.376071 0.356998 0.337935 0.318974 0.300206 0.281716 0.263585 0.24589 0.228701 0.212082 0.196091 0.180779 0.16619 0.152362 0.139325 0.127104 0.115719 0.105181 0.0955009 0.0866817 0.0787243 0.0716268 0.0653851 0.0599935 0.0554457 0.0517354 0.0488565 0.0468038 0.0455747 
0.0468355 0.0472602 0.048532 0.050655 0.0536333 0.0574726 0.0621792 0.0677597 0.0742205 0.0815671 0.0898033 0.0989307 0.108948 0.119849 0.131625 0.144261 0.157736 0.172024 0.187091 0.202899 0.219399 0.236538 0.254255 0.272484 0.29115 0.310175 0.329475 0.34896 0.368538 0.388114 0.407591 0.426871 0.445854 0.464443 0.482541 0.500055 0.516894 0.532969 0.548199 0.562505 0.575814 0.588059 0.599179 0.609119 0.61783 0.625269 0.631401 0.636197 0.639633 0.641692 0.642366 0.641651 0.639551 0.636074 0.631238 0.625066 0.617586 0.608836 0.598857 0.587699 0.575417 0.562073 0.547734 0.532473 0.51637 0.499507 0.481972 0.463857 0.445256 0.426265 0.406982 0.387507 0.367937 0.348371 0.328902 0.309623 0.290623 0.271985 0.253788 0.236105 0.219002 0.202539 0.18677 0.171741 0.15749 0.144051 0.13145 0.119706 0.108834 0.0988436 0.0897396 0.0815235 0.0741938 0.0677465 0.0621765 0.0574777 0.0536437 0.0506686 0.0485473 0.0472772 
0.0484426 0.0488808 0.0501923 0.0523811 0.0554514 0.0594088 0.0642594 0.0700097 0.076666 0.0842334 0.0927154 0.102113 0.112424 0.123643 0.135758 0.148754 0.16261 0.177297 0.19278 0.209018 0.225962 0.243557 0.261739 0.280439 0.299581 0.319084 0.338862 0.358822 0.378871 0.39891 0.41884 0.438561 0.457972 0.476973 0.495467 0.513357 0.530552 0.546962 0.562505 0.5771 0.590675 0.603162 0.614498 0.62463 0.633507 0.641087 0.647334 0.652219 0.655719 0.657817 0.658504 0.657776 0.655637 0.652096 0.64717 0.640882 0.633261 0.624344 0.614173 0.602797 0.590273 0.576662 0.562033 0.546458 0.530019 0.512798 0.494886 0.476374 0.457359 0.437938 0.418213 0.398283 0.37825 0.358212 0.338268 0.318511 0.299032 0.279918 0.26125 0.243102 0.225544 0.208638 0.192439 0.176995 0.162347 0.148528 0.135568 0.123486 0.112298 0.102015 0.0926418 0.0841811 0.0766317 0.0699901 0.0642514 0.0594095 0.0554585 0.0523923 0.0502061 0.0488972 
0.049956 0.0504069 0.0517556 0.0540061 0.0571626 0.0612306 0.0662161 0.0721256 0.0789649 0.086739 0.095451 0.105101 0.115688 0.127203 0.139635 0.152968 0.167179 0.182238 0.198109 0.214748 0.232106 0.250125 0.268739 0.287877 0.307462 0.327409 0.34763 0.368031 0.388515 0.408983 0.429332 0.449461 0.469267 0.488649 0.507507 0.525744 0.543266 0.559984 0.575814 0.590675 0.604493 0.617201 0.628736 0.639043 0.648072 0.65578 0.662133 0.6671 0.670658 0.672791 0.67349 0.67275 0.670576 0.666976 0.661969 0.655575 0.647825 0.638755 0.628409 0.616834 0.604088 0.590232 0.575336 0.559473 0.542724 0.525175 0.506914 0.488037 0.46864 0.448823 0.428689 0.408339 0.387876 0.367402 0.347016 0.326815 0.306893 0.287336 0.26823 0.24965 0.231669 0.21435 0.197749 0.181918 0.166899 0.152727 0.139431 0.127033 0.11555 0.104992 0.0953679 0.0866784 0.0789234 0.0720998 0.066203 0.0612272 0.0571665 0.0540151 0.051768 0.0504227 
