0.000581383 0.000590191 0.000620352 0.000672464 0.000747411 0.000846418 0.000971039 0.00112313 0.00130484 0.00151854 0.00176682 0.00205246 0.00237832 0.00274733 0.00316243 0.00362646 0.00414215 0.00471199 0.00533818 0.00602253 0.00676641 0.00757063 0.00843542 0.00936031 0.0103441 0.0113847 0.0124795 0.0136245 0.0148154 0.0160465 0.0173118 0.0186039 0.019915 0.0212365 0.0225593 0.0238736 0.0251692 0.0264357 0.0276627 0.0288394 0.0299556 0.0310011 0.0319661 0.0328417 0.0336192 0.0342913 0.0348511 0.0352933 0.0356134 0.0358081 0.0358755 0.035815 0.0356271 0.0353138 0.0348784 0.0343251 0.0336595 0.0328883 0.0320189 0.0310597 0.0300198 0.028909 0.0277372 0.0265149 0.0252526 0.0239609 0.02265 0.0213302 0.0200111 0.0187019 0.0174112 0.0161468 0.014916 0.0137249 0.0125791 0.0114831 0.0104408 0.00945478 0.00852727 0.00765946 0.00685185 0.00610429 0.00541598 0.00478562 0.00421143 0.00369126 0.00322266 0.00280295 0.00242931 0.00209885 0.00180865 0.00155588 0.00133777 0.00115175 0.000995443 0.000866706 0.000763677 0.000684792 0.000628812 0.000594902 
0.000590191 0.000599145 0.000629782 0.000682706 0.000758815 0.000859352 0.000985893 0.00114032 0.00132481 0.00154178 0.00179385 0.00208382 0.00241461 0.00278919 0.00321052 0.00368149 0.00420486 0.00478314 0.00541856 0.00611295 0.00686769 0.00768359 0.00856086 0.00949903 0.0104968 0.0115523 0.0126624 0.0138236 0.015031 0.0162792 0.0175619 0.0188717 0.0202007 0.0215401 0.0228806 0.0242125 0.0255253 0.0268087 0.0280518 0.029244 0.0303747 0.0314338 0.0324113 0.0332981 0.0340857 0.0347663 0.0353334 0.0357812 0.0361053 0.0363024 0.0363706 0.0363092 0.0361189 0.0358016 0.0353605 0.0348 0.0341258 0.0333446 0.0324639 0.0314922 0.0304388 0.0293133 0.0281262 0.0268877 0.0256087 0.0242997 0.0229713 0.0216337 0.0202967 0.0189697 0.0176614 0.0163796 0.0151318 0.0139241 0.0127623 0.011651 0.0105938 0.00959384 0.00865307 0.0077728 0.00695353 0.00619512 0.00549678 0.00485719 0.00427456 0.0037467 0.00327115 0.0028452 0.00246598 0.00213056 0.00183601 0.00157942 0.00135802 0.00116918 0.00101051 0.000879818 0.000775225 0.000695145 0.000638319 0.0006039 
0.000620352 0.000629782 0.000661948 0.000717482 0.000797318 0.000902752 0.00103543 0.0011973 0.00139064 0.00161795 0.00188196 0.00218559 0.00253185 0.00292383 0.00336459 0.00385713 0.00440429 0.00500866 0.00567253 0.00639777 0.00718578 0.00803736 0.0089527 0.00993125 0.0109717 0.0120718 0.0132286 0.0144382 0.0156956 0.0169951 0.01833 0.0196928 0.0210752 0.022468 0.0238617 0.0252459 0.0266101 0.0279433 0.0292344 0.0304724 0.0316464 0.0327457 0.0337603 0.0346805 0.0354976 0.0362037 0.0367918 0.0372562 0.0375922 0.0377966 0.0378671 0.0378033 0.0376057 0.0372763 0.0368185 0.0362369 0.0355372 0.0347263 0.0338122 0.0328035 0.0317098 0.0305412 0.0293082 0.0280218 0.026693 0.0253327 0.023952 0.0225614 0.0211711 0.0197908 0.0184296 0.0170957 0.0157967 0.0145392 0.0133291 0.0121712 0.0110694 0.0100269 0.00904588 0.00812761 0.00727273 0.0064811 0.00575194 0.00508392 0.0044752 0.00392355 0.0034264 0.00298098 0.00258431 0.00223336 0.00192509 0.00165648 0.00142465 0.00122689 0.00106068 0.000923758 0.000814169 0.000730261 0.000670724 0.000634674 
0.000672464 0.000682706 0.000717482 0.000777465 0.000863653 0.00097743 0.00112054 0.00129509 0.00150346 0.00174835 0.00203264 0.00235943 0.00273192 0.00315337 0.00362703 0.00415605 0.0047434 0.00539182 0.00610369 0.00688093 0.00772498 0.00863663 0.00961599 0.0106624 0.0117744 0.0129496 0.0141848 0.0154755 0.0168167 0.018202 0.0196245 0.0210759 0.0225475 0.0240297 0.0255121 0.0269838 0.0284337 0.0298501 0.0312214 0.0325357 0.0337817 0.0349482 0.0360244 0.0370003 0.0378666 0.038615 0.0392383 0.0397303 0.0400863 0.0403026 0.0403771 0.0403091 0.0400994 0.03975 0.0392644 0.0386475 0.0379053 0.0370451 0.0360752 0.0350048 0.033844 0.0326033 0.031294 0.0299276 0.0285156 0.0270698 0.0256017 0.0241225 0.0226431 0.0211737 0.019724 0.0183028 0.0169182 0.0155772 0.0142861 0.01305 0.0118734 0.0107595 0.00971071 0.00872855 0.00781371 0.00696612 0.00618502 0.00546904 0.00481628 0.00422442 0.00369077 0.0032124 0.00278619 0.00240892 0.00207737 0.00178837 0.00153883 0.00132588 0.00114685 0.000999334 0.00088124 0.000790812 0.000726655 0.000687829 
0.000747411 0.000758815 0.000797318 0.000863653 0.000958907 0.00108459 0.00124259 0.00143519 0.001665 0.00193492 0.00224808 0.00260783 0.00301762 0.00348096 0.00400134 0.00458214 0.00522653 0.00593742 0.00671731 0.00756822 0.0084916 0.00948824 0.0105582 0.0117005 0.0129137 0.0141949 0.0155405 0.0169458 0.018405 0.0199114 0.0214571 0.0230334 0.0246307 0.0262385 0.0278456 0.0294404 0.0310107 0.0325441 0.0340278 0.0354494 0.0367966 0.0380572 0.0392199 0.0402739 0.0412092 0.0420171 0.0426897 0.0432204 0.0436042 0.0438373 0.0439173 0.0438436 0.0436168 0.0432393 0.0427148 0.0420484 0.0412466 0.0403173 0.0392692 0.0381122 0.0368571 0.0355153 0.0340988 0.0326199 0.0310911 0.029525 0.0279341 0.0263303 0.0247255 0.0231308 0.0215565 0.0200123 0.0185069 0.0170482 0.0156428 0.0142966 0.0130142 0.0117994 0.0106549 0.00958236 0.0085827 0.0076559 0.00680123 0.00601729 0.0053021 0.00465319 0.00406773 0.00354256 0.00307437 0.00265968 0.00229504 0.001977 0.00170225 0.00146767 0.00127037 0.00110774 0.00097752 0.000877793 0.000807047 0.00076426 
0.000846418 0.000859352 0.000902752 0.00097743 0.00108459 0.00122588 0.00140342 0.00161971 0.00187761 0.00218033 0.0025313 0.00293419 0.00339277 0.00391089 0.00449233 0.00514076 0.00585962 0.00665201 0.0075206 0.00846751 0.00949424 0.0106015 0.0117893 0.0130564 0.014401 0.0158199 0.017309 0.0188629 0.0204753 0.0221385 0.023844 0.025582 0.0273419 0.0291123 0.0308809 0.0326348 0.0343608 0.0360452 0.0376743 0.0392344 0.040712 0.0420942 0.0433685 0.0445232 0.0455476 0.046432 0.0471681 0.0477488 0.0481685 0.0484232 0.0485104 0.0484292 0.0481805 0.0477667 0.0471919 0.0464617 0.0455831 0.0445645 0.0434155 0.0421469 0.0407702 0.0392978 0.0377429 0.0361187 0.034439 0.0327174 0.0309676 0.0292027 0.0274356 0.0256786 0.0239429 0.0222394 0.0205775 0.018966 0.0174123 0.015923 0.0145033 0.0131574 0.0118884 0.0106983 0.00958821 0.00855825 0.00760771 0.00673517 0.00593852 0.00521516 0.00456203 0.00397573 0.00345265 0.00298902 0.00258106 0.00222501 0.00191724 0.00165432 0.00143308 0.00125064 0.00110451 0.000992582 0.000913192 0.000865211 
0.000971039 0.000985893 0.00103543 0.00112054 0.00124259 0.00140342 0.00160538 0.00185127 0.00214426 0.00248792 0.00288608 0.00334277 0.00386219 0.00444855 0.00510602 0.00583862 0.00665008 0.00754377 0.00852254 0.00958865 0.0107436 0.0119881 0.0133218 0.0147435 0.0162507 0.01784 0.0195064 0.021244 0.0230455 0.0249024 0.0268049 0.0287423 0.0307027 0.0326733 0.0346406 0.0365903 0.0385077 0.0403778 0.0421855 0.0439157 0.0455537 0.0470851 0.0484963 0.0497746 0.0509082 0.0518865 0.0527005 0.0533425 0.0538062 0.0540873 0.0541832 0.0540928 0.0538172 0.053359 0.0527226 0.0519142 0.0509413 0.0498132 0.0485404 0.0471347 0.0456086 0.043976 0.0422509 0.0404482 0.038583 0.0366701 0.0347248 0.0327615 0.0307946 0.0288375 0.0269029 0.0250027 0.0231477 0.0213475 0.0196107 0.0179445 0.0163549 0.0148467 0.0134235 0.0120878 0.0108408 0.00968288 0.00861334 0.00763075 0.00673289 0.00591695 0.00517963 0.00451723 0.00392578 0.00340117 0.0029392 0.00253574 0.00218676 0.00188846 0.0016373 0.00143011 0.0012641 0.00113692 0.00104673 0.000992255 
0.00112313 0.00114032 0.0011973 0.00129509 0.00143519 0.00161971 0.00185127 0.002133 0.00246849 0.0028617 0.00331691 0.00383865 0.00443155 0.0051003 0.00584951 0.00668359 0.00760664 0.00862232 0.00973369 0.0109431 0.0122522 0.0136614 0.0151704 0.0167774 0.0184797 0.0202729 0.0221517 0.024109 0.0261366 0.0282247 0.0303626 0.0325379 0.0347373 0.0369466 0.0391506 0.0413334 0.0434786 0.0455697 0.0475897 0.0495221 0.0513505 0.0530591 0.0546329 0.0560578 0.057321 0.0584107 0.0593171 0.0600316 0.0605475 0.06086 0.0609661 0.0608649 0.0605574 0.0600465 0.059337 0.0584357 0.0573511 0.0560931 0.0546733 0.0531047 0.0514014 0.0495782 0.047651 0.045636 0.04355 0.0414096 0.0392314 0.0370318 0.0348266 0.0326309 0.0304589 0.028324 0.0262382 0.0242126 0.0222566 0.0203786 0.0185855 0.0168828 0.0152748 0.0137643 0.0123529 0.0110412 0.00982855 0.00871354 0.00769382 0.00676635 0.00592755 0.00517335 0.0044994 0.00390113 0.00337391 0.00291313 0.0025143 0.00217317 0.00188581 0.00164864 0.00145855 0.0013129 0.00120961 0.00114728 
0.00130484 0.00132481 0.00139064 0.00150346 0.001665 0.00187761 0.00214426 0.00246849 0.00285431 0.00330618 0.00382892 0.00442756 0.00510731 0.00587336 0.00673083 0.0076846 0.00873917 0.0098985 0.0111659 0.0125439 0.014034 0.0156367 0.0173513 0.0191756 0.0211063 0.0231385 0.0252656 0.0274798 0.0297715 0.0321297 0.034542 0.0369947 0.0394727 0.0419599 0.0444393 0.0468932 0.0493032 0.0516509 0.0539174 0.0560844 0.0581337 0.0600477 0.0618099 0.0634048 0.064818 0.0660367 0.06705 0.0678485 0.0684247 0.0687735 0.0688915 0.0687778 0.0684333 0.0678613 0.0670673 0.0660585 0.0648443 0.0634358 0.0618458 0.0600885 0.0581794 0.0561352 0.0539734 0.051712 0.0493695 0.0469645 0.0445156 0.042041 0.0395583 0.0370846 0.0346359 0.0322271 0.0298719 0.0275828 0.0253706 0.0232449 0.0212136 0.0192831 0.0174583 0.0157427 0.0141383 0.0126459 0.011265 0.00999426 0.00883106 0.00777219 0.00681373 0.00595123 0.00517988 0.0044946 0.00389025 0.00336167 0.00290385 0.00251203 0.00218178 0.00190909 0.00169045 0.0015229 0.0014041 0.00133244 
0.00151854 0.00154178 0.00161795 0.00174835 0.00193492 0.00218033 0.00248792 0.0028617 0.00330618 0.0038264 0.00442774 0.00511586 0.00589656 0.00677565 0.0077588 0.00885141 0.0100584 0.0113841 0.0128321 0.014405 0.0161043 0.0179304 0.0198821 0.021957 0.0241508 0.0264578 0.0288705 0.0313798 0.0339748 0.0366428 0.0393698 0.0421401 0.0449369 0.047742 0.0505362 0.0532998 0.0560121 0.0586525 0.0612001 0.0636345 0.0659353 0.0680832 0.0700598 0.0718479 0.0734317 0.0747971 0.0759319 0.0768258 0.0774706 0.0778606 0.0779921 0.077864 0.0774775 0.0768362 0.0759459 0.074815 0.0734535 0.0718738 0.07009 0.0681179 0.0659747 0.0636788 0.0612495 0.058707 0.0560719 0.0533649 0.0506066 0.0478176 0.0450176 0.0422257 0.0394599 0.0367371 0.0340729 0.0314813 0.0289748 0.0265643 0.0242589 0.022066 0.0199914 0.0180392 0.0162121 0.0145109 0.0129356 0.0114846 0.0101552 0.00894409 0.00784688 0.0068587 0.00597423 0.00518784 0.00449379 0.00388633 0.00335983 0.00290895 0.00252872 0.00221462 0.00196269 0.0017696 0.00163269 0.00155016 
0.00176682 0.00179385 0.00188196 0.00203264 0.00224808 0.0025313 0.00288608 0.00331691 0.00382892 0.00442774 0.00511943 0.00591031 0.00680689 0.00781561 0.00894279 0.0101944 0.0115758 0.0130917 0.0147459 0.0165412 0.0184791 0.0205596 0.0227813 0.025141 0.0276337 0.0302528 0.0329895 0.0358332 0.0387715 0.04179 0.0448727 0.048002 0.0511585 0.0543221 0.0574711 0.0605833 0.0636358 0.0666054 0.0694689 0.0722035 0.0747867 0.077197 0.079414 0.0814187 0.0831937 0.0847233 0.0859941 0.0869948 0.0877164 0.0881524 0.088299 0.0881548 0.0877213 0.0870023 0.0860044 0.0847365 0.08321 0.0814385 0.0794375 0.0772245 0.0748185 0.0722399 0.0695102 0.0666518 0.0636876 0.0606406 0.0575341 0.0543907 0.0512328 0.0480817 0.0449578 0.0418801 0.0388662 0.0359322 0.0330921 0.0303585 0.0277419 0.0252509 0.0228923 0.0206709 0.01859 0.0166509 0.0148537 0.0131968 0.0116776 0.0102923 0.00903626 0.0079041 0.00688995 0.00598756 0.00519053 0.00449244 0.00388699 0.00336819 0.00293044 0.00256866 0.00227839 0.00205587 0.00189811 0.00180306 
0.00205246 0.00208382 0.00218559 0.00235943 0.00260783 0.00293419 0.00334277 0.00383865 0.00442756 0.00511586 0.00591031 0.00681802 0.0078462 0.00900204 0.0102925 0.0117242 0.013303 0.015034 0.0169213 0.0189677 0.0211746 0.0235418 0.0260674 0.0287475 0.0315761 0.0345455 0.0376455 0.040864 0.0441866 0.0475972 0.0510774 0.0546072 0.0581652 0.0617282 0.0652724 0.0687725 0.0722032 0.0755386 0.0787529 0.0818207 0.084717 0.0874181 0.0899015 0.092146 0.0941325 0.0958438 0.0972651 0.0983838 0.0991902 0.0996772 0.0998404 0.0996784 0.0991928 0.0983879 0.0972709 0.0958516 0.0941425 0.0921586 0.089917 0.0874371 0.0847398 0.0818477 0.0787846 0.0755754 0.0722454 0.0688204 0.0653262 0.0617882 0.0582313 0.0546795 0.0511557 0.0476814 0.0442764 0.0409589 0.0377452 0.0346492 0.0316833 0.0288574 0.0261793 0.0236549 0.0212881 0.0190807 0.017033 0.0151436 0.0134098 0.0118274 0.0103915 0.0090961 0.00793483 0.00690075 0.00598672 0.00518559 0.00449033 0.00389421 0.00339095 0.00297484 0.00264087 0.0023848 0.00220325 0.00209394 
0.00237832 0.00241461 0.00253185 0.00273192 0.00301762 0.00339277 0.00386219 0.00443155 0.00510731 0.00589656 0.00680689 0.0078462 0.00902252 0.0103438 0.0118179 0.0134517 0.015252 0.017224 0.0193723 0.0216995 0.024207 0.0268943 0.0297588 0.0327957 0.0359983 0.0393572 0.0428608 0.0464951 0.0502439 0.0540886 0.0580085 0.0619813 0.0659825 0.0699864 0.0739661 0.0778937 0.0817407 0.0854783 0.0890781 0.0925116 0.0957516 0.0987717 0.101547 0.104054 0.106272 0.108183 0.109768 0.111016 0.111915 0.112458 0.112639 0.112458 0.111915 0.111016 0.109769 0.108184 0.106275 0.104058 0.101553 0.0987807 0.0957638 0.0925276 0.0890984 0.0855036 0.0817713 0.0779302 0.0740088 0.0700357 0.0660385 0.0620442 0.0580783 0.0541651 0.050327 0.0465845 0.0429559 0.0394575 0.0361032 0.0329045 0.0298706 0.0270083 0.0243224 0.0218152 0.0194874 0.0173378 0.0153634 0.01356 0.0119222 0.0104435 0.00911681 0.00793454 0.00688876 0.00597152 0.00517497 0.00449159 0.00391437 0.0034369 0.00305355 0.00275956 0.00255113 0.0024257 
0.00274733 0.00278919 0.00292383 0.00315337 0.00348096 0.00391089 0.00444855 0.0051003 0.00587336 0.00677565 0.00781561 0.00900204 0.0103438 0.0118498 0.0135285 0.0153876 0.0174342 0.0196743 0.0221123 0.0247511 0.0275918 0.0306335 0.0338728 0.0373041 0.0409193 0.0447077 0.0486557 0.0527476 0.0569647 0.0612861 0.0656885 0.0701466 0.074633 0.0791191 0.0835747 0.0879688 0.0922698 0.0964458 0.100465 0.104297 0.10791 0.111277 0.114369 0.117162 0.119631 0.121757 0.123521 0.124909 0.125908 0.126511 0.126712 0.12651 0.125905 0.124905 0.123516 0.121751 0.119625 0.117156 0.114365 0.111275 0.10791 0.1043 0.100472 0.0964576 0.0922869 0.0879918 0.0836042 0.0791556 0.0746769 0.070198 0.0657477 0.0613531 0.0570393 0.0528295 0.0487446 0.044803 0.0410205 0.0374104 0.0339833 0.0307473 0.0277081 0.0248687 0.0222303 0.0197916 0.0175499 0.0155006 0.013638 0.0119549 0.0104438 0.00909603 0.00790304 0.00685595 0.00594605 0.00516499 0.0045049 0.00395864 0.00351991 0.00318339 0.00294481 0.00280131 
0.00316243 0.00321052 0.00336459 0.00362703 0.00400134 0.00449233 0.00510602 0.00584951 0.00673083 0.0077588 0.00894279 0.0102925 0.0118179 0.0135285 0.0154336 0.0175418 0.0198607 0.0223965 0.025154 0.028136 0.0313433 0.0347744 0.0384253 0.0422891 0.0463563 0.0506145 0.0550485 0.0596399 0.0643678 0.0692086 0.0741359 0.0791215 0.0841349 0.089144 0.0941154 0.0990146 0.103807 0.108456 0.112929 0.11719 0.121206 0.124946 0.12838 0.131479 0.134218 0.136576 0.138532 0.14007 0.141177 0.141845 0.142067 0.141842 0.141171 0.140061 0.13852 0.136562 0.134203 0.131463 0.128364 0.124931 0.121193 0.117179 0.112921 0.108453 0.103808 0.099022 0.0941295 0.0891655 0.0841643 0.0791592 0.0741822 0.0692636 0.0644316 0.0597123 0.0551291 0.050703 0.046452 0.0423912 0.038533 0.0348868 0.0314593 0.0282545 0.0252739 0.0225167 0.01998 0.0176592 0.0155479 0.0136388 0.0119232 0.0103921 0.00903574 0.00784448 0.00680863 0.00591893 0.00516664 0.00454381 0.00404342 0.00365951 0.00338735 0.00322371 
0.00362646 0.00368149 0.00385713 0.00415605 0.00458214 0.00514076 0.00583862 0.00668359 0.0076846 0.00885141 0.0101944 0.0117242 0.0134517 0.0153876 0.0175418 0.0199237 0.0225414 0.0254015 0.0285088 0.0318663 0.0354742 0.0393304 0.0434299 0.0477647 0.0523236 0.0570924 0.0620536 0.0671866 0.0724676 0.07787 0.0833645 0.0889194 0.0945008 0.100073 0.105599 0.111041 0.11636 0.121518 0.126476 0.131197 0.135644 0.139783 0.143581 0.147007 0.150035 0.152639 0.1548 0.156498 0.15772 0.158456 0.158701 0.158451 0.15771 0.156483 0.154781 0.152617 0.150009 0.146979 0.143551 0.139753 0.135615 0.131169 0.126451 0.121497 0.116344 0.111031 0.105596 0.100077 0.0945133 0.0889409 0.0833955 0.0779108 0.0725183 0.0672472 0.0621239 0.0571719 0.0524118 0.0478608 0.0435331 0.0394398 0.0355886 0.0319845 0.0286296 0.0255236 0.0226636 0.0200448 0.0176605 0.0155027 0.0135623 0.0118291 0.0102927 0.0089424 0.0077675 0.00675777 0.00590356 0.00519604 0.00462741 0.00419106 0.00388172 0.00369581 
0.00414215 0.00420486 0.00440429 0.0047434 0.00522653 0.00585962 0.00665008 0.00760664 0.00873917 0.0100584 0.0115758 0.013303 0.015252 0.0174342 0.0198607 0.0225414 0.0254849 0.0286983 0.0321864 0.0359519 0.0399948 0.044312 0.0488975 0.0537419 0.0588322 0.0641521 0.0696818 0.0753978 0.0812736 0.0872793 0.0933823 0.0995473 0.105737 0.111911 0.11803 0.12405 0.129931 0.13563 0.141104 0.146313 0.151218 0.15578 0.159964 0.163737 0.16707 0.169936 0.172312 0.17418 0.175523 0.176332 0.1766 0.176325 0.175509 0.174159 0.172286 0.169904 0.167033 0.163696 0.15992 0.155734 0.151172 0.146268 0.141061 0.135589 0.129895 0.12402 0.118006 0.111895 0.10573 0.0995501 0.0933955 0.0873034 0.0813088 0.0754442 0.0697393 0.0642204 0.0589108 0.0538301 0.0489945 0.0444167 0.040106 0.0360684 0.0323068 0.0288213 0.0256091 0.0226653 0.0199831 0.0175537 0.0153673 0.013413 0.0116793 0.0101546 0.00882708 0.00768555 0.00671934 0.00591871 0.00527503 0.00478099 0.00443075 0.00422034 
0.00471199 0.00478314 0.00500866 0.00539182 0.00593742 0.00665201 0.00754377 0.00862232 0.0098985 0.0113841 0.0130917 0.015034 0.017224 0.0196743 0.0223965 0.0254015 0.0286983 0.0322942 0.0361942 0.0404006 0.0449129 0.049727 0.0548358 0.060228 0.065889 0.0718 0.0779385 0.0842784 0.0907897 0.0974393 0.104191 0.111005 0.117841 0.124655 0.131402 0.138036 0.144511 0.150782 0.156801 0.162526 0.167912 0.17292 0.17751 0.181648 0.185302 0.188442 0.191045 0.19309 0.194561 0.195446 0.195739 0.195437 0.194543 0.193063 0.19101 0.1884 0.185252 0.181593 0.177451 0.172857 0.167847 0.16246 0.156737 0.15072 0.144453 0.137983 0.131356 0.124617 0.117812 0.110987 0.104184 0.097444 0.0908068 0.0843081 0.0779808 0.0718547 0.0659557 0.0603061 0.0549243 0.049825 0.0450191 0.0405138 0.0363128 0.0324168 0.0288233 0.0255274 0.0225218 0.0197974 0.0173436 0.0151486 0.0132001 0.0114852 0.00999125 0.00870584 0.00761729 0.00671488 0.00598914 0.005432 0.00503701 0.00479981 
0.00533818 0.00541856 0.00567253 0.00610369 0.00671731 0.0075206 0.00852254 0.00973369 0.0111659 0.0128321 0.0147459 0.0169213 0.0193723 0.0221123 0.025154 0.0285088 0.0321864 0.0361942 0.0405371 0.0452172 0.0502329 0.0555795 0.0612481 0.0672259 0.073496 0.0800371 0.0868239 0.0938271 0.101013 0.108346 0.115784 0.123285 0.130804 0.138292 0.145701 0.152981 0.160081 0.166952 0.173543 0.179808 0.185699 0.191172 0.196187 0.200706 0.204694 0.208121 0.21096 0.21319 0.214793 0.215758 0.216076 0.215746 0.21477 0.213156 0.210916 0.208067 0.204632 0.200636 0.196111 0.191091 0.185614 0.179721 0.173457 0.166867 0.159999 0.152904 0.145631 0.13823 0.130751 0.123243 0.115754 0.108328 0.10101 0.0938374 0.0868484 0.0800757 0.0735484 0.0672915 0.0613261 0.0556688 0.0503323 0.0453252 0.0406524 0.036315 0.0323111 0.0286356 0.0252812 0.0222382 0.0194954 0.01704 0.0148588 0.0129378 0.0112633 0.00982164 0.00860019 0.00758717 0.0067722 0.00614642 0.00570276 0.00543642 
0.00602253 0.00611295 0.00639777 0.00688093 0.00756822 0.00846751 0.00958865 0.0109431 0.0125439 0.014405 0.0165412 0.0189677 0.0216995 0.0247511 0.028136 0.0318663 0.0359519 0.0404006 0.0452172 0.0504029 0.0559558 0.0618695 0.0681338 0.0747338 0.0816502 0.088859 0.0963318 0.104036 0.111934 0.119986 0.128148 0.136371 0.144606 0.152802 0.160904 0.168859 0.176612 0.184108 0.191295 0.198122 0.204537 0.210495 0.21595 0.220864 0.225198 0.228921 0.232005 0.234426 0.236166 0.237213 0.237558 0.237199 0.236139 0.234385 0.231952 0.228856 0.225122 0.220778 0.215857 0.210394 0.204432 0.198013 0.191185 0.183998 0.176504 0.168755 0.160807 0.152713 0.144527 0.136303 0.128092 0.119945 0.111907 0.104024 0.096336 0.088879 0.0816858 0.0747846 0.068199 0.061948 0.0560463 0.0505041 0.0453273 0.0405181 0.0360748 0.0319927 0.0282641 0.024879 0.0218254 0.0190899 0.016658 0.0145149 0.0126455 0.0110353 0.00967024 0.00853767 0.0076262 0.00692617 0.00642986 0.00613202 
0.00676641 0.00686769 0.00718578 0.00772498 0.0084916 0.00949424 0.0107436 0.0122522 0.014034 0.0161043 0.0184791 0.0211746 0.024207 0.0275918 0.0313433 0.0354742 0.0399948 0.0449129 0.0502329 0.0559558 0.0620782 0.0685928 0.0754872 0.0827445 0.0903426 0.0982549 0.10645 0.11489 0.123536 0.132342 0.141259 0.150237 0.15922 0.168152 0.176975 0.185631 0.194061 0.202206 0.21001 0.217417 0.224374 0.230831 0.236741 0.242061 0.246751 0.250779 0.254114 0.256731 0.258613 0.259744 0.260116 0.259727 0.25858 0.256684 0.254051 0.250702 0.246662 0.241959 0.236629 0.23071 0.224247 0.217285 0.209875 0.20207 0.193926 0.1855 0.176849 0.168034 0.159112 0.15014 0.141176 0.132273 0.123483 0.114854 0.106431 0.0982538 0.090359 0.082778 0.0755371 0.0686582 0.0621578 0.056048 0.0503362 0.0450253 0.0401144 0.035599 0.0314712 0.0277207 0.0243349 0.0212995 0.0185992 0.0162179 0.0141395 0.0123482 0.0108289 0.00956779 0.00855254 0.00777265 0.00721968 0.00688795 
0.00757063 0.00768359 0.00803736 0.00863663 0.00948824 0.0106015 0.0119881 0.0136614 0.0156367 0.0179304 0.0205596 0.0235418 0.0268943 0.0306335 0.0347744 0.0393304 0.044312 0.049727 0.0555795 0.0618695 0.0685928 0.0757401 0.0832973 0.091245 0.0995584 0.108207 0.117157 0.126367 0.135792 0.145383 0.155087 0.164847 0.174606 0.1843 0.193869 0.203249 0.212377 0.22119 0.229628 0.237631 0.245144 0.252112 0.258487 0.264222 0.269277 0.273616 0.277207 0.280025 0.282049 0.283266 0.283667 0.283248 0.282012 0.27997 0.277135 0.273527 0.269173 0.264104 0.258356 0.251971 0.244994 0.237475 0.229467 0.221027 0.212213 0.203088 0.193713 0.184152 0.174467 0.16472 0.154973 0.145285 0.135711 0.126304 0.117113 0.108183 0.099553 0.0912588 0.0833297 0.0757901 0.0686592 0.0619509 0.055674 0.0498327 0.0444268 0.0394521 0.0349008 0.0307622 0.0270231 0.0236686 0.0206823 0.0180471 0.0157456 0.0137609 0.0120768 0.0106782 0.00955198 0.00868661 0.00807303 0.00770503 
0.00843542 0.00856086 0.0089527 0.00961599 0.0105582 0.0117893 0.0133218 0.0151704 0.0173513 0.0198821 0.0227813 0.0260674 0.0297588 0.0338728 0.0384253 0.0434299 0.0488975 0.0548358 0.0612481 0.0681338 0.0754872 0.0832973 0.0915478 0.100217 0.109276 0.118693 0.128427 0.138436 0.148669 0.159072 0.169589 0.180158 0.190715 0.201195 0.21153 0.221652 0.231495 0.240992 0.250077 0.258689 0.266767 0.274256 0.281103 0.287261 0.292685 0.297339 0.30119 0.304211 0.306381 0.307684 0.308113 0.307663 0.306339 0.304149 0.301108 0.297239 0.292567 0.287126 0.280954 0.274094 0.266594 0.258507 0.249889 0.2408 0.231302 0.221461 0.211342 0.201014 0.190544 0.179999 0.169444 0.158943 0.148557 0.138343 0.128355 0.118642 0.109247 0.100208 0.0915603 0.0833297 0.0755384 0.0682022 0.0613319 0.0549329 0.0490058 0.043547 0.0385487 0.0340001 0.0298875 0.0261952 0.0229058 0.0200013 0.017463 0.0152729 0.0134136 0.0118689 0.0106245 0.00966816 0.00899004 0.00858345 
0.00936031 0.00949903 0.00993125 0.0106624 0.0117005 0.0130564 0.0147435 0.0167774 0.0191756 0.021957 0.025141 0.0287475 0.0327957 0.0373041 0.0422891 0.0477647 0.0537419 0.060228 0.0672259 0.0747338 0.0827445 0.091245 0.100217 0.109635 0.119468 0.129679 0.140225 0.151059 0.162125 0.173365 0.184717 0.196115 0.207491 0.218773 0.22989 0.240769 0.25134 0.261531 0.271274 0.280502 0.289154 0.297169 0.304493 0.311076 0.316873 0.321844 0.325956 0.329181 0.331497 0.332888 0.333345 0.332865 0.331451 0.329112 0.325865 0.321732 0.31674 0.310925 0.304325 0.296986 0.288958 0.280296 0.271059 0.261311 0.251117 0.240546 0.22967 0.218559 0.207286 0.195922 0.184538 0.173202 0.161981 0.150935 0.140124 0.1296 0.119412 0.109602 0.100207 0.0912576 0.0827782 0.0747872 0.0672971 0.0603148 0.053842 0.0478756 0.0424082 0.0374288 0.0329233 0.0288753 0.0252665 0.0220778 0.0192896 0.0168825 0.0148379 0.0131386 0.0117692 0.0107166 0.00997016 0.00952272 
0.0103441 0.0104968 0.0109717 0.0117744 0.0129137 0.014401 0.0162507 0.0184797 0.0211063 0.0241508 0.0276337 0.0315761 0.0359983 0.0409193 0.0463563 0.0523236 0.0588322 0.065889 0.073496 0.0816502 0.0903426 0.0995584 0.109276 0.119468 0.130099 0.141129 0.15251 0.164189 0.176109 0.188206 0.200411 0.212655 0.224864 0.236962 0.248872 0.260519 0.271826 0.282718 0.293124 0.302973 0.3122 0.320744 0.328546 0.335556 0.341725 0.347014 0.351387 0.354816 0.357278 0.358756 0.359241 0.35873 0.357227 0.35474 0.351287 0.34689 0.341579 0.335389 0.32836 0.32054 0.311982 0.302742 0.292882 0.282469 0.271572 0.260264 0.248619 0.236714 0.224624 0.212427 0.200197 0.188008 0.175931 0.164033 0.152376 0.141019 0.130014 0.119409 0.109242 0.0995491 0.0903569 0.0816865 0.0735525 0.0659636 0.0589224 0.0524268 0.0464697 0.0410401 0.0361235 0.0317029 0.0277594 0.0242726 0.0212219 0.0185868 0.0163474 0.0144854 0.0129845 0.0118304 0.011012 0.0105216 
0.0113847 0.0115523 0.0120718 0.0129496 0.0141949 0.0158199 0.01784 0.0202729 0.0231385 0.0264578 0.0302528 0.0345455 0.0393572 0.0447077 0.0506145 0.0570924 0.0641521 0.0718 0.0800371 0.088859 0.0982549 0.108207 0.118693 0.129679 0.141129 0.152996 0.165231 0.177775 0.190564 0.203532 0.216604 0.229705 0.242757 0.255679 0.26839 0.280809 0.292856 0.304452 0.315522 0.325992 0.335795 0.344865 0.353144 0.360578 0.367118 0.372722 0.377354 0.380985 0.383591 0.385155 0.385669 0.385127 0.383535 0.380902 0.377245 0.372587 0.366959 0.360396 0.352941 0.344642 0.335554 0.325737 0.315254 0.304175 0.292572 0.280523 0.268104 0.255397 0.242482 0.229441 0.216354 0.203298 0.190351 0.177583 0.165064 0.152855 0.141014 0.129591 0.118632 0.108174 0.0982477 0.0888763 0.0800772 0.0718606 0.0642308 0.0571864 0.0507208 0.0448232 0.0394789 0.0346703 0.0303776 0.0265798 0.023255 0.0203815 0.0179384 0.0159062 0.0142675 0.0130073 0.0121135 0.011578 
0.0124795 0.0126624 0.0132286 0.0141848 0.0155405 0.017309 0.0195064 0.0221517 0.0252656 0.0288705 0.0329895 0.0376455 0.0428608 0.0486557 0.0550485 0.0620536 0.0696818 0.0779385 0.0868239 0.0963318 0.10645 0.117157 0.128427 0.140225 0.15251 0.165231 0.178333 0.191754 0.205425 0.219273 0.23322 0.247186 0.261086 0.274836 0.288349 0.301541 0.314327 0.326625 0.338355 0.349442 0.359816 0.369408 0.378158 0.386011 0.392916 0.398831 0.403718 0.407548 0.410296 0.411945 0.412486 0.411916 0.410237 0.40746 0.403602 0.398687 0.392745 0.385815 0.377938 0.369166 0.359554 0.349163 0.338061 0.326319 0.314013 0.301223 0.28803 0.274519 0.260775 0.246885 0.232933 0.219003 0.205175 0.191526 0.178131 0.165056 0.152363 0.140108 0.128339 0.117098 0.106419 0.0963284 0.0868458 0.0779835 0.0697473 0.0621368 0.0551462 0.0487647 0.0429777 0.0377672 0.0331126 0.0289919 0.0253824 0.0222611 0.0196061 0.0173967 0.0156146 0.0142438 0.0132715 0.0126891 
0.0136245 0.0138236 0.0144382 0.0154755 0.0169458 0.0188629 0.021244 0.024109 0.0274798 0.0313798 0.0358332 0.040864 0.0464951 0.0527476 0.0596399 0.0671866 0.0753978 0.0842784 0.0938271 0.104036 0.11489 0.126367 0.138436 0.151059 0.164189 0.177775 0.191754 0.20606 0.220619 0.235352 0.250178 0.265009 0.279757 0.294333 0.308646 0.322606 0.336125 0.349118 0.361502 0.373199 0.384134 0.39424 0.403453 0.411717 0.41898 0.425199 0.430336 0.434359 0.437246 0.438979 0.439547 0.438947 0.437183 0.434266 0.430212 0.425045 0.418798 0.411507 0.403218 0.39398 0.383853 0.372897 0.361184 0.348786 0.335783 0.322257 0.308294 0.293982 0.279411 0.264672 0.249853 0.235044 0.220331 0.205795 0.191516 0.177564 0.164009 0.150909 0.138318 0.12628 0.114835 0.10401 0.0938291 0.0843061 0.0754486 0.0672575 0.0597277 0.0528488 0.0466062 0.0409815 0.0359536 0.0314997 0.027596 0.0242186 0.0213444 0.0189517 0.0170211 0.0155357 0.0144821 0.0138511 
0.0148154 0.015031 0.0156956 0.0168167 0.018405 0.0204753 0.0230455 0.0261366 0.0297715 0.0339748 0.0387715 0.0441866 0.0502439 0.0569647 0.0643678 0.0724676 0.0812736 0.0907897 0.101013 0.111934 0.123536 0.135792 0.148669 0.162125 0.176109 0.190564 0.205425 0.220619 0.236067 0.251685 0.267387 0.283081 0.298672 0.314068 0.329172 0.343891 0.358133 0.37181 0.384836 0.397129 0.408615 0.419223 0.428888 0.437552 0.445163 0.451677 0.457056 0.461268 0.464289 0.466102 0.466697 0.466069 0.464224 0.46117 0.456926 0.451516 0.444971 0.437331 0.428639 0.418948 0.408316 0.396808 0.384495 0.371453 0.357764 0.343513 0.328788 0.313683 0.298292 0.282708 0.267026 0.25134 0.235741 0.220317 0.20515 0.190318 0.175894 0.161942 0.14852 0.135677 0.123454 0.111885 0.100994 0.0907987 0.0813083 0.0725248 0.0644443 0.0570569 0.050348 0.0442989 0.0388883 0.0340923 0.0298865 0.0262458 0.0231461 0.0205647 0.0184811 0.0168777 0.0157404 0.0150593 
0.0160465 0.0162792 0.0169951 0.018202 0.0199114 0.0221385 0.0249024 0.0282247 0.0321297 0.0366428 0.04179 0.0475972 0.0540886 0.0612861 0.0692086 0.07787 0.0872793 0.0974393 0.108346 0.119986 0.132342 0.145383 0.159072 0.173365 0.188206 0.203532 0.219273 0.235352 0.251685 0.268184 0.284755 0.301302 0.317726 0.33393 0.349812 0.365277 0.380228 0.394573 0.408225 0.4211 0.433121 0.444215 0.454317 0.463368 0.471316 0.478115 0.483727 0.48812 0.491271 0.493161 0.493781 0.493127 0.491203 0.488018 0.483592 0.477947 0.471116 0.463138 0.454057 0.443926 0.432806 0.420761 0.407864 0.394194 0.379833 0.364871 0.349399 0.333514 0.317312 0.300894 0.284358 0.267802 0.251323 0.235013 0.218961 0.203249 0.187955 0.173149 0.158892 0.145238 0.132232 0.119911 0.108304 0.0974283 0.0872966 0.0779124 0.0692726 0.0613681 0.0541846 0.0477033 0.0419022 0.0367572 0.0322428 0.028333 0.0250026 0.0222281 0.019988 0.0182638 0.0170406 0.0163082 
0.0173118 0.0175619 0.01833 0.0196245 0.0214571 0.023844 0.0268049 0.0303626 0.034542 0.0393698 0.0448727 0.0510774 0.0580085 0.0656885 0.0741359 0.0833645 0.0933823 0.104191 0.115784 0.128148 0.141259 0.155087 0.169589 0.184717 0.200411 0.216604 0.23322 0.250178 0.267387 0.284755 0.302183 0.319569 0.336812 0.353806 0.37045 0.386642 0.402282 0.417278 0.431537 0.444974 0.457511 0.469074 0.479597 0.489019 0.497289 0.50436 0.510195 0.514761 0.518035 0.52 0.520644 0.519965 0.517966 0.514657 0.510056 0.504187 0.497082 0.48878 0.479326 0.468773 0.457182 0.444618 0.431157 0.416877 0.401864 0.38621 0.370009 0.35336 0.336365 0.319127 0.30175 0.284337 0.266988 0.249801 0.232871 0.216285 0.200125 0.184467 0.169376 0.154911 0.141121 0.128047 0.115718 0.104159 0.093381 0.0833909 0.0741864 0.0657593 0.0580955 0.0511763 0.0449796 0.0394804 0.0346525 0.0304692 0.0269043 0.0239333 0.0215338 0.0196866 0.018376 0.0175915 
0.0186039 0.0188717 0.0196928 0.0210759 0.0230334 0.025582 0.0287423 0.0325379 0.0369947 0.0421401 0.048002 0.0546072 0.0619813 0.0701466 0.0791215 0.0889194 0.0995473 0.111005 0.123285 0.136371 0.150237 0.164847 0.180158 0.196115 0.212655 0.229705 0.247186 0.265009 0.283081 0.301302 0.319569 0.337777 0.355817 0.373583 0.390966 0.407862 0.42417 0.439792 0.454635 0.468613 0.481644 0.493656 0.50458 0.514356 0.522932 0.530262 0.536308 0.541039 0.54443 0.546464 0.547132 0.546429 0.544359 0.540933 0.536167 0.530086 0.522721 0.514111 0.504301 0.493345 0.481303 0.468243 0.454239 0.439373 0.423731 0.407407 0.390499 0.373108 0.35534 0.337303 0.319103 0.300848 0.282645 0.264596 0.2468 0.22935 0.212334 0.19583 0.179912 0.16464 0.150069 0.136243 0.123195 0.110951 0.0995264 0.0889288 0.0791575 0.0702052 0.0620583 0.0546982 0.0481026 0.0422461 0.0371019 0.0326423 0.0288404 0.0256707 0.02311 0.0211382 0.0197392 0.0189018 
0.019915 0.0202007 0.0210752 0.0225475 0.0246307 0.0273419 0.0307027 0.0347373 0.0394727 0.0449369 0.0511585 0.0581652 0.0659825 0.074633 0.0841349 0.0945008 0.105737 0.117841 0.130804 0.144606 0.15922 0.174606 0.190715 0.207491 0.224864 0.242757 0.261086 0.279757 0.298672 0.317726 0.336812 0.355817 0.374632 0.393142 0.411239 0.428814 0.445763 0.461985 0.477387 0.49188 0.505383 0.517819 0.529123 0.539234 0.548099 0.555673 0.561918 0.566803 0.570304 0.572405 0.573094 0.572369 0.570233 0.566696 0.561776 0.555495 0.547885 0.538985 0.528839 0.517502 0.505032 0.491499 0.476978 0.46155 0.445305 0.428338 0.410748 0.392642 0.374126 0.355312 0.336313 0.317239 0.298202 0.279309 0.260664 0.242366 0.224507 0.207171 0.190436 0.174367 0.159023 0.144451 0.130688 0.117764 0.105696 0.0944924 0.0841556 0.0746787 0.0660488 0.0582475 0.0512523 0.0450376 0.039576 0.034839 0.030799 0.0274296 0.0247068 0.0226097 0.0211217 0.0202312 
0.0212365 0.0215401 0.022468 0.0240297 0.0262385 0.0291123 0.0326733 0.0369466 0.0419599 0.047742 0.0543221 0.0617282 0.0699864 0.0791191 0.089144 0.100073 0.111911 0.124655 0.138292 0.152802 0.168152 0.1843 0.201195 0.218773 0.236962 0.255679 0.274836 0.294333 0.314068 0.33393 0.353806 0.373583 0.393142 0.41237 0.431151 0.449375 0.466935 0.48373 0.499662 0.514643 0.52859 0.541428 0.553089 0.563514 0.57265 0.580451 0.586882 0.591911 0.595514 0.597676 0.598386 0.59764 0.595443 0.591804 0.586739 0.580273 0.572434 0.563262 0.552802 0.541105 0.528233 0.514253 0.499241 0.483281 0.466462 0.44888 0.430639 0.411846 0.392611 0.373049 0.353277 0.33341 0.313563 0.29385 0.274379 0.255253 0.23657 0.218419 0.200882 0.18403 0.167925 0.152618 0.138151 0.124555 0.111849 0.100046 0.0891488 0.0791512 0.0700413 0.0618012 0.0544084 0.0478369 0.0420588 0.0370451 0.0327675 0.0291986 0.0263138 0.0240916 0.0225146 0.021571 
0.0225593 0.0228806 0.0238617 0.0255121 0.0278456 0.0308809 0.0346406 0.0391506 0.0444393 0.0505362 0.0574711 0.0652724 0.0739661 0.0835747 0.0941154 0.105599 0.11803 0.131402 0.145701 0.160904 0.176975 0.193869 0.21153 0.22989 0.248872 0.26839 0.288349 0.308646 0.329172 0.349812 0.37045 0.390966 0.411239 0.431151 0.450585 0.469426 0.487565 0.504899 0.521332 0.536771 0.551135 0.564348 0.576343 0.58706 0.596447 0.60446 0.611063 0.616224 0.619922 0.622141 0.62287 0.622106 0.619852 0.616119 0.610921 0.604282 0.596232 0.586808 0.576054 0.564023 0.550774 0.536375 0.520903 0.50444 0.487078 0.468915 0.450054 0.430606 0.410684 0.390406 0.369892 0.349262 0.328636 0.30813 0.287859 0.26793 0.248447 0.229503 0.211185 0.193568 0.176719 0.160693 0.145535 0.131278 0.117947 0.105554 0.0941038 0.0835927 0.0740091 0.0653355 0.0575494 0.0506248 0.0445333 0.0392455 0.0347321 0.0309654 0.0279199 0.0255734 0.0239082 0.0229118 
0.0238736 0.0242125 0.0252459 0.0269838 0.0294404 0.0326348 0.0365903 0.0413334 0.0468932 0.0532998 0.0605833 0.0687725 0.0778937 0.0879688 0.0990146 0.111041 0.12405 0.138036 0.152981 0.168859 0.185631 0.203249 0.221652 0.240769 0.260519 0.280809 0.301541 0.322606 0.343891 0.365277 0.386642 0.407862 0.428814 0.449375 0.469426 0.488848 0.507533 0.525375 0.542275 0.558142 0.572894 0.586455 0.598759 0.609745 0.619364 0.627572 0.634332 0.639615 0.6434 0.645671 0.646417 0.645636 0.643331 0.639511 0.634192 0.627396 0.619152 0.609495 0.598471 0.58613 0.572531 0.557743 0.54184 0.524908 0.507036 0.488325 0.468879 0.448811 0.428238 0.407279 0.386058 0.364699 0.343325 0.322059 0.301018 0.280317 0.260061 0.24035 0.221276 0.202917 0.185346 0.16862 0.152789 0.137889 0.123946 0.110977 0.0989864 0.0879724 0.0779244 0.0688254 0.0606532 0.0533816 0.0469819 0.0414243 0.0366789 0.0327173 0.0295134 0.0270445 0.0252922 0.0242439 
0.0251692 0.0255253 0.0266101 0.0284337 0.0310107 0.0343608 0.0385077 0.0434786 0.0493032 0.0560121 0.0636358 0.0722032 0.0817407 0.0922698 0.103807 0.11636 0.129931 0.144511 0.160081 0.176612 0.194061 0.212377 0.231495 0.25134 0.271826 0.292856 0.314327 0.336125 0.358133 0.380228 0.402282 0.42417 0.445763 0.466935 0.487565 0.507533 0.526727 0.545041 0.562376 0.578639 0.59375 0.607631 0.620218 0.631452 0.641282 0.649667 0.65657 0.661965 0.665828 0.668146 0.668908 0.668113 0.665761 0.661864 0.656434 0.649495 0.641074 0.631206 0.619934 0.607308 0.593388 0.578239 0.561938 0.544569 0.526222 0.506999 0.487006 0.466356 0.445168 0.423566 0.401675 0.379624 0.35754 0.335549 0.313774 0.292333 0.271337 0.25089 0.231088 0.212016 0.193747 0.176346 0.159864 0.144341 0.129806 0.116277 0.103762 0.0922589 0.081759 0.0722457 0.063697 0.0560869 0.0493865 0.0435653 0.0385932 0.034441 0.0310822 0.0284935 0.026656 0.0255568 
0.0264357 0.0268087 0.0279433 0.0298501 0.0325441 0.0360452 0.0403778 0.0455697 0.0516509 0.0586525 0.0666054 0.0755386 0.0854783 0.0964458 0.108456 0.121518 0.13563 0.150782 0.166952 0.184108 0.202206 0.22119 0.240992 0.261531 0.282718 0.304452 0.326625 0.349118 0.37181 0.394573 0.417278 0.439792 0.461985 0.48373 0.504899 0.525375 0.545041 0.563792 0.581527 0.598155 0.613593 0.627768 0.640612 0.65207 0.662092 0.670637 0.67767 0.683164 0.687098 0.689458 0.690235 0.689426 0.687034 0.683066 0.677538 0.67047 0.661889 0.651829 0.640332 0.627448 0.613234 0.597756 0.581089 0.563317 0.544531 0.524833 0.504329 0.483136 0.461374 0.439169 0.416649 0.393947 0.371192 0.348515 0.326044 0.3039 0.282199 0.261052 0.240555 0.2208 0.201865 0.183817 0.16671 0.150589 0.135484 0.121416 0.108395 0.0964204 0.0854842 0.0755705 0.0666579 0.0587202 0.0517284 0.0456519 0.04046 0.036123 0.0326139 0.0299089 0.0279887 0.0268402 
0.0276627 0.0280518 0.0292344 0.0312214 0.0340278 0.0376743 0.0421855 0.0475897 0.0539174 0.0612001 0.0694689 0.0787529 0.0890781 0.100465 0.112929 0.126476 0.141104 0.156801 0.173543 0.191295 0.21001 0.229628 0.250077 0.271274 0.293124 0.315522 0.338355 0.361502 0.384836 0.408225 0.431537 0.454635 0.477387 0.499662 0.521332 0.542275 0.562376 0.581527 0.599628 0.616588 0.632325 0.646764 0.659842 0.671502 0.681696 0.690383 0.697532 0.703115 0.707112 0.70951 0.7103 0.70948 0.707051 0.703021 0.697405 0.690222 0.681498 0.671267 0.659568 0.64645 0.63197 0.616192 0.599191 0.581051 0.561863 0.541727 0.520754 0.499058 0.476763 0.453996 0.43089 0.407578 0.384195 0.360874 0.337748 0.314942 0.292577 0.270767 0.249613 0.229211 0.209643 0.190979 0.173278 0.156587 0.140938 0.126356 0.112851 0.100426 0.0890716 0.0787743 0.0695126 0.0612606 0.0539891 0.0476674 0.0422642 0.0377496 0.0340959 0.0312791 0.0292793 0.0280833 
0.0288394 0.029244 0.0304724 0.0325357 0.0354494 0.0392344 0.0439157 0.0495221 0.0560844 0.0636345 0.0722035 0.0818207 0.0925116 0.104297 0.11719 0.131197 0.146313 0.162526 0.179808 0.198122 0.217417 0.237631 0.258689 0.280502 0.302973 0.325992 0.349442 0.373199 0.397129 0.4211 0.444974 0.468613 0.49188 0.514643 0.536771 0.558142 0.578639 0.598155 0.616588 0.633848 0.649853 0.664531 0.677817 0.689657 0.700003 0.708818 0.716069 0.72173 0.725783 0.728215 0.729017 0.728186 0.725725 0.721641 0.715948 0.708663 0.699813 0.689429 0.67755 0.664223 0.649504 0.633457 0.616155 0.59768 0.578126 0.557591 0.536187 0.51403 0.491245 0.46796 0.444311 0.420434 0.396468 0.372549 0.348812 0.325388 0.302401 0.279969 0.258199 0.237189 0.217025 0.197781 0.17952 0.16229 0.146128 0.131059 0.117097 0.104243 0.0924931 0.0818317 0.0722385 0.0636877 0.0561503 0.0495951 0.0439909 0.039307 0.0355157 0.0325923 0.0305167 0.0292755 
0.0299556 0.0303747 0.0316464 0.0337817 0.0367966 0.040712 0.0455537 0.0513505 0.0581337 0.0659353 0.0747867 0.084717 0.0957516 0.10791 0.121206 0.135644 0.151218 0.167912 0.185699 0.204537 0.224374 0.245144 0.266767 0.289154 0.3122 0.335795 0.359816 0.384134 0.408615 0.433121 0.457511 0.481644 0.505383 0.52859 0.551135 0.572894 0.59375 0.613593 0.632325 0.649853 0.666098 0.680987 0.694457 0.706456 0.716938 0.725864 0.733204 0.738934 0.743036 0.745497 0.746309 0.745469 0.742981 0.73885 0.733089 0.725716 0.716755 0.706237 0.694199 0.680688 0.665756 0.649468 0.631896 0.613122 0.593237 0.572342 0.550547 0.527971 0.504738 0.48098 0.456834 0.432439 0.407935 0.383464 0.359163 0.335168 0.311605 0.288596 0.266254 0.244678 0.223959 0.204175 0.18539 0.167657 0.151014 0.13549 0.121098 0.107844 0.0957214 0.0847181 0.0748132 0.0659815 0.0581938 0.051419 0.0456253 0.0407821 0.036861 0.0338371 0.0316901 0.0304062 
