1.29003e-26 6.64228e-27 1.90761e-26 8.61642e-26 3.89703e-25 1.71504e-24 7.33111e-24 3.04226e-23 1.22505e-22 4.78465e-22 1.81178e-21 6.64889e-21 2.36386e-20 8.13928e-20 2.71343e-19 8.75639e-19 2.73483e-18 8.26581e-18 2.41751e-17 6.84192e-17 1.87384e-16 4.9666e-16 1.27407e-15 3.16348e-15 7.60312e-15 1.76877e-14 3.98272e-14 8.67893e-14 1.83004e-13 3.73317e-13 7.36569e-13 1.40527e-12 2.59177e-12 4.61949e-12 7.95426e-12 1.32262e-11 2.12265e-11 3.28609e-11 4.90401e-11 7.05032e-11 9.75899e-11 1.30016e-10 1.6673e-10 2.05936e-10 2.45314e-10 2.82409e-10 3.15058e-10 3.417e-10 3.61485e-10 3.74136e-10 3.79677e-10 3.78163e-10 3.69536e-10 3.53688e-10 3.30693e-10 3.01097e-10 2.66131e-10 2.27708e-10 1.88199e-10 1.5003e-10 1.15275e-10 8.53504e-11 6.09123e-11 4.19242e-11 2.78468e-11 1.78627e-11 1.10731e-11 6.63764e-12 3.84952e-12 2.161e-12 1.17473e-12 6.1862e-13 3.15691e-13 1.5617e-13 7.49142e-14 3.48561e-14 1.57342e-14 6.89206e-15 2.92992e-15 1.20896e-15 4.84237e-16 1.88286e-16 7.10749e-17 2.60484e-17 9.26935e-18 3.20309e-18 1.07499e-18 3.50454e-19 1.11008e-19 3.41726e-20 1.02268e-20 2.97627e-21 8.4263e-22 2.32163e-22 6.22746e-23 1.62693e-23 4.14138e-24 1.0276e-24 2.48679e-25 5.89382e-26 
6.64228e-27 3.41451e-27 1.01975e-26 4.74526e-26 2.20679e-25 9.98817e-25 4.39261e-24 1.876e-23 7.77689e-23 3.12775e-22 1.21986e-21 4.61154e-21 1.68912e-20 5.99215e-20 2.0581e-19 6.84198e-19 2.201e-18 6.85009e-18 2.0623e-17 6.00546e-17 1.69145e-16 4.6077e-16 1.214e-15 3.09359e-15 7.62432e-15 1.81722e-14 4.18827e-14 9.33284e-14 2.01029e-13 4.18472e-13 8.41649e-13 1.63507e-12 3.06734e-12 5.55494e-12 9.70828e-12 1.63673e-11 2.66052e-11 4.16734e-11 6.2858e-11 9.12362e-11 1.27354e-10 1.70892e-10 2.2045e-10 2.73552e-10 3.26965e-10 3.77255e-10 4.2141e-10 4.57301e-10 4.83822e-10 5.00685e-10 5.08008e-10 5.05904e-10 4.94278e-10 4.72918e-10 4.41837e-10 4.01723e-10 3.54244e-10 3.02064e-10 2.48501e-10 1.96941e-10 1.50246e-10 1.10324e-10 7.79962e-11 5.3122e-11 3.48806e-11 2.20964e-11 1.3514e-11 7.98436e-12 4.55951e-12 2.51778e-12 1.34499e-12 6.95318e-13 3.47994e-13 1.68668e-13 7.91964e-14 3.60349e-14 1.5893e-14 6.79597e-15 2.81806e-15 1.13338e-15 4.42166e-16 1.67355e-16 6.14596e-17 2.19027e-17 7.57584e-18 2.54373e-18 8.29304e-19 2.62585e-19 8.07728e-20 2.41458e-20 7.01707e-21 1.98322e-21 5.45339e-22 1.45956e-22 3.80393e-23 9.65797e-24 2.38991e-24 5.76655e-25 1.35746e-25 3.13042e-26 
1.90761e-26 1.01975e-26 3.2011e-26 1.5139e-25 7.12868e-25 3.26475e-24 1.452e-23 6.26791e-23 2.62478e-22 1.06576e-21 4.19387e-21 1.59864e-20 5.90039e-20 2.10777e-19 7.2849e-19 2.43524e-18 7.87161e-18 2.45982e-17 7.43013e-17 2.16925e-16 6.12109e-16 1.6694e-15 4.40067e-15 1.12131e-14 2.7618e-14 6.57533e-14 1.51315e-13 3.36543e-13 7.23325e-13 1.50203e-12 3.01293e-12 5.83666e-12 1.09171e-11 1.97108e-11 3.43425e-11 5.77215e-11 9.35474e-11 1.46109e-10 2.19787e-10 3.1821e-10 4.43151e-10 5.93395e-10 7.64001e-10 9.46374e-10 1.12936e-09 1.3012e-09 1.45164e-09 1.57354e-09 1.66329e-09 1.72008e-09 1.74441e-09 1.73672e-09 1.69665e-09 1.6234e-09 1.51692e-09 1.37949e-09 1.21677e-09 1.03788e-09 8.54184e-10 6.77306e-10 5.17057e-10 3.79985e-10 2.68915e-10 1.83374e-10 1.2057e-10 7.64934e-11 4.68567e-11 2.77284e-11 1.58596e-11 8.77102e-12 4.69201e-12 2.42865e-12 1.21676e-12 5.90218e-13 2.77273e-13 1.26183e-13 5.56401e-14 2.37764e-14 9.84777e-15 3.95377e-15 1.53888e-15 5.80703e-16 2.1247e-16 7.5385e-17 2.59402e-17 8.65845e-18 2.804e-18 8.81246e-19 2.68861e-19 7.96554e-20 2.29254e-20 6.41219e-21 1.74367e-21 4.61188e-22 1.18698e-22 2.97413e-23 7.25817e-24 1.72603e-24 4.00189e-25 9.08438e-26 
8.61642e-26 4.74526e-26 1.5139e-25 7.14867e-25 3.35683e-24 1.53282e-23 6.79638e-23 2.92442e-22 1.22054e-21 4.93845e-21 1.93614e-20 7.35153e-20 2.70219e-19 9.61099e-19 3.30647e-18 1.09992e-17 3.53704e-17 1.09927e-16 3.30135e-16 9.58002e-16 2.68609e-15 7.27722e-15 1.90516e-14 4.82008e-14 1.1786e-13 2.7854e-13 6.36239e-13 1.40457e-12 2.99651e-12 6.17694e-12 1.2301e-11 2.36611e-11 4.39511e-11 7.88221e-11 1.36446e-10 2.27914e-10 3.67204e-10 5.7037e-10 8.53613e-10 1.23012e-09 1.70592e-09 2.2758e-09 2.92062e-09 3.60774e-09 4.29525e-09 4.93921e-09 5.50168e-09 5.95642e-09 6.2904e-09 6.50093e-09 6.59011e-09 6.55962e-09 6.40807e-09 6.13233e-09 5.7321e-09 5.21573e-09 4.60434e-09 3.9319e-09 3.24085e-09 2.57466e-09 1.9701e-09 1.45187e-09 1.03083e-09 7.05522e-10 4.65792e-10 2.96837e-10 1.82705e-10 1.08671e-10 6.24878e-11 3.47503e-11 1.8696e-11 9.73414e-12 4.90603e-12 2.39423e-12 1.13164e-12 5.18151e-13 2.2987e-13 9.88201e-14 4.11707e-14 1.66242e-14 6.50618e-15 2.46812e-15 9.07587e-16 3.23545e-16 1.11831e-16 3.74839e-17 1.21865e-17 3.84398e-18 1.17675e-18 3.49734e-19 1.00951e-19 2.83123e-20 7.71836e-21 2.04622e-21 5.27787e-22 1.32509e-22 3.23983e-23 7.71778e-24 1.79228e-24 4.07515e-25 
3.89703e-25 2.20679e-25 7.12868e-25 3.35683e-24 1.57039e-23 7.14321e-23 3.15474e-22 1.35197e-21 5.61912e-21 2.2638e-20 8.83592e-20 3.33955e-19 1.22164e-18 4.32332e-18 1.47959e-17 4.89505e-17 1.56509e-16 4.8349e-16 1.44289e-15 4.15948e-15 1.15824e-14 3.11552e-14 8.09613e-14 2.03277e-13 4.93191e-13 1.15638e-12 2.62043e-12 5.73895e-12 1.21466e-11 2.48429e-11 4.90922e-11 9.37168e-11 1.728e-10 3.07686e-10 5.28954e-10 8.7772e-10 1.4053e-09 2.17002e-09 3.22998e-09 4.63151e-09 6.39426e-09 8.49657e-09 1.08664e-08 1.33834e-08 1.58944e-08 1.82403e-08 2.02845e-08 2.19335e-08 2.31417e-08 2.39006e-08 2.42184e-08 2.41015e-08 2.35445e-08 2.25356e-08 2.10734e-08 1.91877e-08 1.69547e-08 1.44974e-08 1.19698e-08 9.5297e-09 7.31116e-09 5.40478e-09 3.85122e-09 2.6466e-09 1.75519e-09 1.12403e-09 6.95484e-10 4.15968e-10 2.40584e-10 1.34602e-10 7.28694e-11 3.81828e-11 1.937e-11 9.51559e-12 4.52767e-12 2.08701e-12 9.3205e-13 4.03328e-13 1.69124e-13 6.87208e-14 2.70593e-14 1.03252e-14 3.81819e-15 1.36845e-15 4.75407e-16 1.60121e-16 5.22967e-17 1.65678e-17 5.09288e-18 1.51959e-18 4.40276e-19 1.23922e-19 3.38993e-20 9.01682e-21 2.33315e-21 5.87584e-22 1.44094e-22 3.44255e-23 8.01737e-24 1.82831e-24 
1.71504e-24 9.98817e-25 3.26475e-24 1.53282e-23 7.14321e-23 3.23637e-22 1.42353e-21 6.07525e-21 2.51426e-20 1.00848e-19 3.91836e-19 1.47398e-18 5.36556e-18 1.88917e-17 6.43094e-17 2.11574e-16 6.72508e-16 2.06478e-15 6.12232e-15 1.75301e-14 4.84699e-14 1.29421e-13 3.33759e-13 8.31421e-13 2.00097e-12 4.65328e-12 1.04575e-11 2.27127e-11 4.76749e-11 9.6709e-11 1.89566e-10 3.59019e-10 6.56869e-10 1.16085e-09 1.98124e-09 3.26481e-09 5.19289e-09 7.9692e-09 1.1794e-08 1.6823e-08 2.31165e-08 3.05886e-08 3.89783e-08 4.78578e-08 5.66894e-08 6.49181e-08 7.20712e-08 7.7828e-08 8.20356e-08 8.46685e-08 8.57586e-08 8.5328e-08 8.33576e-08 7.98042e-08 7.4661e-08 6.80305e-08 6.01774e-08 5.15301e-08 4.26255e-08 3.40158e-08 2.61713e-08 1.94124e-08 1.38862e-08 9.58448e-09 6.387e-09 4.11168e-09 2.55832e-09 1.53918e-09 8.95722e-10 5.04355e-10 2.74848e-10 1.44993e-10 7.4062e-11 3.66376e-11 1.75555e-11 8.14907e-12 3.66478e-12 1.59679e-12 6.74076e-13 2.75692e-13 1.09241e-13 4.19362e-14 1.55974e-14 5.62092e-15 1.96295e-15 6.64415e-16 2.18023e-16 6.93787e-17 2.14171e-17 6.41609e-18 1.86612e-18 5.27181e-19 1.44722e-19 3.86256e-20 1.00275e-20 2.5334e-21 6.23197e-22 1.49339e-22 3.48831e-23 7.97937e-24 
7.33111e-24 4.39261e-24 1.452e-23 6.79638e-23 3.15474e-22 1.42353e-21 6.23555e-21 2.64989e-20 1.0919e-19 4.36002e-19 1.6862e-18 6.31263e-18 2.28646e-17 8.00866e-17 2.71145e-16 8.86987e-16 2.80259e-15 8.55091e-15 2.5188e-14 7.16242e-14 1.96609e-13 5.21016e-13 1.3331e-12 3.29395e-12 7.8615e-12 1.81267e-11 4.03861e-11 8.69564e-11 1.80949e-10 3.63912e-10 7.073e-10 1.32845e-09 2.41087e-09 4.22711e-09 7.15966e-09 1.17123e-08 1.85003e-08 2.82067e-08 4.14927e-08 5.88589e-08 8.04757e-08 1.0602e-07 1.3458e-07 1.64698e-07 1.94557e-07 2.22299e-07 2.46354e-07 2.65668e-07 2.79747e-07 2.88525e-07 2.92116e-07 2.90596e-07 2.83898e-07 2.71872e-07 2.54487e-07 2.3208e-07 2.05534e-07 1.7628e-07 1.46118e-07 1.16904e-07 9.02232e-08 6.71667e-08 4.82472e-08 3.34575e-08 2.2411e-08 1.4508e-08 9.08085e-09 5.49773e-09 3.2204e-09 1.82565e-09 1.00185e-09 5.323e-10 2.73879e-10 1.36483e-10 6.58818e-11 3.08074e-11 1.39558e-11 6.12436e-12 2.60344e-12 1.07199e-12 4.27533e-13 1.65146e-13 6.17873e-14 2.23919e-14 7.86146e-15 2.67437e-15 8.81775e-16 2.81869e-16 8.73874e-17 2.62868e-17 7.67548e-18 2.17647e-18 5.99642e-19 1.60598e-19 4.18327e-20 1.06033e-20 2.61663e-21 6.2898e-22 1.47366e-22 3.38164e-23 
3.04226e-23 1.876e-23 6.26791e-23 2.92442e-22 1.35197e-21 6.07525e-21 2.64989e-20 1.12123e-19 4.59949e-19 1.8282e-18 7.03699e-18 2.62155e-17 9.44712e-17 3.29148e-16 1.10822e-15 3.60433e-15 1.13194e-14 3.43162e-14 1.00406e-13 2.83503e-13 7.72468e-13 2.03122e-12 5.15528e-12 1.26317e-11 2.98875e-11 6.83054e-11 1.50821e-10 3.21805e-10 6.63599e-10 1.32261e-09 2.54783e-09 4.74365e-09 8.53555e-09 1.48421e-08 2.49379e-08 4.04826e-08 6.3479e-08 9.61211e-08 1.40496e-07 1.98137e-07 2.69481e-07 3.53364e-07 4.46739e-07 5.44823e-07 6.41737e-07 7.31513e-07 8.09151e-07 8.71333e-07 9.16545e-07 9.44623e-07 9.55969e-07 9.50835e-07 9.2899e-07 8.8993e-07 8.33532e-07 7.60856e-07 6.74716e-07 5.79705e-07 4.81604e-07 3.86394e-07 2.99215e-07 2.23631e-07 1.61365e-07 1.12465e-07 7.57507e-08 4.93311e-08 3.10739e-08 1.89387e-08 1.11711e-08 6.37862e-09 3.52633e-09 1.8878e-09 9.78788e-10 4.9155e-10 2.39124e-10 1.12684e-10 5.14357e-11 2.27406e-11 9.73709e-12 4.03739e-12 1.62099e-12 6.30154e-13 2.37195e-13 8.64548e-14 3.05182e-14 1.04354e-14 3.45744e-15 1.11032e-15 3.4574e-16 1.04436e-16 3.06161e-17 8.71482e-18 2.40988e-18 6.47715e-19 1.69299e-19 4.30558e-20 1.06597e-20 2.57053e-21 6.04149e-22 1.39088e-22 
1.22505e-22 7.77689e-23 2.62478e-22 1.22054e-21 5.61912e-21 2.51426e-20 1.0919e-19 4.59949e-19 1.87819e-18 7.43036e-18 2.84621e-17 1.05502e-16 3.78217e-16 1.31063e-15 4.38795e-15 1.41869e-14 4.42784e-14 1.33363e-13 3.87538e-13 1.08636e-12 2.93764e-12 7.66328e-12 1.92883e-11 4.68532e-11 1.0987e-10 2.488e-10 5.44236e-10 1.15029e-09 2.3496e-09 4.63889e-09 8.85305e-09 1.63321e-08 2.91244e-08 5.02022e-08 8.36408e-08 1.3468e-07 2.09564e-07 3.15029e-07 4.57364e-07 6.41027e-07 8.66994e-07 1.13126e-06 1.42404e-06 1.73034e-06 2.0319e-06 2.31038e-06 2.55054e-06 2.7424e-06 2.88153e-06 2.96759e-06 3.00193e-06 2.98534e-06 2.91708e-06 2.79551e-06 2.62017e-06 2.39425e-06 2.12631e-06 1.83045e-06 1.52448e-06 1.22685e-06 9.53539e-07 7.15722e-07 5.18961e-07 3.63663e-07 2.464e-07 1.6149e-07 1.02414e-07 6.28637e-08 3.73558e-08 2.14935e-08 1.19759e-08 6.46268e-09 3.37804e-09 1.71036e-09 8.38847e-10 3.98501e-10 1.83351e-10 8.16929e-11 3.52424e-11 1.47185e-11 5.95019e-12 2.3283e-12 8.8184e-13 3.2331e-13 1.14761e-13 3.94474e-14 1.31347e-14 4.23791e-15 1.32555e-15 4.02113e-16 1.18363e-16 3.38239e-17 9.38852e-18 2.53261e-18 6.64311e-19 1.69528e-19 4.21126e-20 1.01886e-20 2.40236e-21 5.54948e-22 
4.78465e-22 3.12775e-22 1.06576e-21 4.93845e-21 2.2638e-20 1.00848e-19 4.36002e-19 1.8282e-18 7.43036e-18 2.92539e-17 1.11501e-16 4.11185e-16 1.46624e-15 5.05287e-15 1.68193e-14 5.40518e-14 1.67633e-13 5.01544e-13 1.44725e-12 4.02713e-12 1.08054e-11 2.79582e-11 6.977e-11 1.67971e-10 3.90256e-10 8.75338e-10 1.89617e-09 3.96827e-09 8.0255e-09 1.56886e-08 2.9648e-08 5.41681e-08 9.56855e-08 1.63422e-07 2.69858e-07 4.30827e-07 6.64928e-07 9.91912e-07 1.42982e-06 1.99089e-06 2.67679e-06 3.4744e-06 4.35369e-06 5.26954e-06 6.16785e-06 6.99468e-06 7.70567e-06 8.27215e-06 8.6818e-06 8.93419e-06 9.03359e-06 8.98241e-06 8.77833e-06 8.41632e-06 7.8947e-06 7.2225e-06 6.42476e-06 5.54276e-06 4.62888e-06 3.7377e-06 2.91666e-06 2.19941e-06 1.60317e-06 1.13e-06 7.70523e-07 5.08456e-07 3.24794e-07 2.00881e-07 1.20314e-07 6.97896e-08 3.92107e-08 2.13397e-08 1.12502e-08 5.7454e-09 2.84209e-09 1.36163e-09 6.31705e-10 2.83735e-10 1.23357e-10 5.19028e-11 2.11315e-11 8.3244e-12 3.17293e-12 1.17029e-12 4.17761e-13 1.44369e-13 4.83138e-14 1.56635e-14 4.92173e-15 1.49956e-15 4.43248e-16 1.27174e-16 3.54366e-17 9.59515e-18 2.52602e-18 6.46914e-19 1.61258e-19 3.9147e-20 9.26136e-21 2.1469e-21 
1.81178e-21 1.21986e-21 4.19387e-21 1.93614e-20 8.83592e-20 3.91836e-19 1.6862e-18 7.03699e-18 2.84621e-17 1.11501e-16 4.22815e-16 1.55101e-15 5.50053e-15 1.88482e-14 6.23693e-14 1.99198e-13 6.1379e-13 1.82394e-12 5.22554e-12 1.44312e-11 3.8414e-11 9.85632e-11 2.4381e-10 5.8159e-10 1.33836e-09 2.97234e-09 6.37368e-09 1.32017e-08 2.6423e-08 5.11178e-08 9.56086e-08 1.7291e-07 3.02405e-07 5.11482e-07 8.36696e-07 1.32375e-06 2.02551e-06 2.9971e-06 4.28763e-06 5.92872e-06 7.92132e-06 1.02244e-05 1.27498e-05 1.53682e-05 1.7926e-05 2.02722e-05 2.22836e-05 2.38816e-05 2.5034e-05 2.57411e-05 2.60159e-05 2.58654e-05 2.52826e-05 2.42528e-05 2.27701e-05 2.0859e-05 1.85889e-05 1.60753e-05 1.34653e-05 1.09129e-05 8.5529e-06 6.48218e-06 4.75187e-06 3.37051e-06 2.31403e-06 1.5382e-06 9.90203e-07 6.17401e-07 3.72894e-07 2.18178e-07 1.23669e-07 6.79117e-08 3.61286e-08 1.86187e-08 9.29345e-09 4.49209e-09 2.10212e-09 9.52111e-10 4.1728e-10 1.76922e-10 7.25574e-11 2.87802e-11 1.10414e-11 4.0975e-12 1.47118e-12 5.11193e-13 1.71961e-13 5.60253e-14 1.76867e-14 5.41297e-15 1.60688e-15 4.62945e-16 1.29515e-16 3.52047e-17 9.30295e-18 2.39126e-18 5.98221e-19 1.45737e-19 3.45983e-20 8.04968e-21 
6.64889e-21 4.61154e-21 1.59864e-20 7.35153e-20 3.33955e-19 1.47398e-18 6.31263e-18 2.62155e-17 1.05502e-16 4.11185e-16 1.55101e-15 5.65862e-15 1.99552e-14 6.79806e-14 2.23587e-13 7.09589e-13 2.17198e-12 6.40942e-12 1.82286e-11 4.99532e-11 1.31889e-10 3.35505e-10 8.22443e-10 1.94335e-09 4.428e-09 9.7337e-09 2.0653e-08 4.232e-08 8.37846e-08 1.60328e-07 2.96628e-07 5.30731e-07 9.18479e-07 1.53763e-06 2.4904e-06 3.90259e-06 5.91719e-06 8.68036e-06 1.23186e-05 1.6908e-05 2.244e-05 2.87927e-05 3.57192e-05 4.28649e-05 4.9816e-05 5.61684e-05 6.15969e-05 6.58974e-05 6.89894e-05 7.08788e-05 7.16032e-05 7.11818e-05 6.95951e-05 6.68007e-05 6.27806e-05 5.75971e-05 5.14331e-05 4.4596e-05 3.74793e-05 3.04973e-05 2.40159e-05 1.83013e-05 1.34989e-05 9.63991e-06 6.66709e-06 4.46669e-06 2.89926e-06 1.82338e-06 1.11117e-06 6.56137e-07 3.75423e-07 2.08131e-07 1.1179e-07 5.81638e-08 2.93081e-08 1.42983e-08 6.75154e-09 3.08462e-09 1.36316e-09 5.82547e-10 2.40701e-10 9.61515e-11 3.71344e-11 1.38675e-11 5.00859e-12 1.75011e-12 5.91856e-13 1.93803e-13 6.14769e-14 1.89018e-14 5.63605e-15 1.63071e-15 4.58102e-16 1.25022e-16 3.31669e-17 8.55795e-18 2.14897e-18 5.2545e-19 1.25196e-19 2.92397e-20 
2.36386e-20 1.68912e-20 5.90039e-20 2.70219e-19 1.22164e-18 5.36556e-18 2.28646e-17 9.44712e-17 3.78217e-16 1.46624e-15 5.50053e-15 1.99552e-14 6.99643e-14 2.36914e-13 7.74348e-13 2.44155e-12 7.42258e-12 2.17476e-11 6.13875e-11 1.66897e-10 4.36982e-10 1.10185e-09 2.67605e-09 6.26178e-09 1.41226e-08 3.07163e-08 6.44627e-08 1.30614e-07 2.55656e-07 4.83636e-07 8.84618e-07 1.56496e-06 2.67837e-06 4.43548e-06 7.10866e-06 1.10273e-05 1.65589e-05 2.40702e-05 3.38682e-05 4.61218e-05 6.07774e-05 7.74905e-05 9.56025e-05 0.000114189 0.000132188 0.000148572 0.000162526 0.000173547 0.000181447 0.000186254 0.000188072 0.000186951 0.000182838 0.00017562 0.00016524 0.00015185 0.000135906 0.000118184 9.9687e-05 8.1475e-05 6.44931e-05 4.94397e-05 3.67098e-05 2.64079e-05 1.84089e-05 1.24373e-05 8.14463e-06 5.16973e-06 3.18059e-06 1.89659e-06 1.09605e-06 6.138e-07 3.33034e-07 1.75029e-07 8.90739e-08 4.38786e-08 2.09142e-08 9.64151e-09 4.29748e-09 1.85152e-09 7.70923e-10 3.10194e-10 1.20619e-10 4.53346e-11 1.64734e-11 5.78933e-12 1.96855e-12 6.47956e-13 2.06563e-13 6.38134e-14 1.9115e-14 5.55522e-15 1.5673e-15 4.29529e-16 1.14415e-16 2.96399e-17 7.47195e-18 1.83401e-18 4.3864e-19 1.02855e-19 
8.13928e-20 5.99215e-20 2.10777e-19 9.61099e-19 4.32332e-18 1.88917e-17 8.00866e-17 3.29148e-16 1.31063e-15 5.05287e-15 1.88482e-14 6.79806e-14 2.36914e-13 7.97265e-13 2.58907e-12 8.1088e-12 2.44794e-11 7.11979e-11 1.99427e-10 5.37805e-10 1.3961e-09 3.48856e-09 8.39208e-09 1.94405e-08 4.33856e-08 9.33301e-08 1.93647e-07 3.87799e-07 7.50055e-07 1.40194e-06 2.53362e-06 4.42903e-06 7.49161e-06 1.22648e-05 1.94389e-05 2.98326e-05 4.43398e-05 6.38298e-05 8.9e-05 0.000120189 0.000157181 0.000199053 0.000244133 0.000290134 0.000334462 0.000374646 0.000408748 0.000435597 0.000454782 0.000466407 0.000470741 0.000467913 0.000457785 0.000440064 0.000414593 0.000381706 0.000342486 0.000298792 0.000253042 0.000207815 0.000165433 0.00012764 9.54604e-05 6.92151e-05 4.86612e-05 3.31742e-05 2.1931e-05 1.40583e-05 8.73755e-06 5.26476e-06 3.07493e-06 1.7405e-06 9.54502e-07 5.06986e-07 2.60706e-07 1.2973e-07 6.24389e-08 2.90537e-08 1.30651e-08 5.67621e-09 2.38214e-09 9.65645e-10 3.78129e-10 1.4306e-10 5.23094e-11 1.84923e-11 6.32337e-12 2.09255e-12 6.70525e-13 2.0817e-13 6.26543e-14 1.82928e-14 5.18417e-15 1.42697e-15 3.8173e-16 9.93038e-17 2.51363e-17 6.19466e-18 1.48748e-18 3.50263e-19 
2.71343e-19 2.0581e-19 7.2849e-19 3.30647e-18 1.47959e-17 6.43094e-17 2.71145e-16 1.10822e-15 4.38795e-15 1.68193e-14 6.23693e-14 2.23587e-13 7.74348e-13 2.58907e-12 8.35188e-12 2.59766e-11 7.78547e-11 2.24733e-10 6.24509e-10 1.67015e-09 4.29758e-09 1.06395e-08 2.53445e-08 5.81074e-08 1.28277e-07 2.72826e-07 5.59425e-07 1.10673e-06 2.11405e-06 3.90188e-06 6.9629e-06 1.20197e-05 2.00805e-05 3.2478e-05 5.08715e-05 7.71881e-05 0.000113481 0.000161684 0.000223273 0.000298836 0.000387655 0.000487387 0.000594006 0.000702141 0.000805801 0.000899356 0.000978448 0.00104051 0.00108472 0.00111139 0.00112119 0.00111444 0.00109078 0.00104952 0.000990215 0.000913568 0.00082199 0.00071969 0.000612193 0.000505443 0.000404852 0.000314563 0.000237099 0.000173381 0.000123013 8.4678e-05 5.65499e-05 3.66336e-05 2.30169e-05 1.40233e-05 8.2831e-06 4.74181e-06 2.62993e-06 1.41252e-06 7.34295e-07 3.69257e-07 1.79527e-07 8.43441e-08 3.82757e-08 1.67729e-08 7.09638e-09 2.89868e-09 1.14326e-09 4.35481e-10 1.60258e-10 5.70004e-11 1.96046e-11 6.52379e-12 2.10163e-12 6.55832e-13 1.98374e-13 5.81983e-14 1.6571e-14 4.58218e-15 1.23128e-15 3.21715e-16 8.17856e-17 2.0241e-17 4.88069e-18 1.15438e-18 
8.75639e-19 6.84198e-19 2.43524e-18 1.09992e-17 4.89505e-17 2.11574e-16 8.86987e-16 3.60433e-15 1.41869e-14 5.40518e-14 1.99198e-13 7.09589e-13 2.44155e-12 8.1088e-12 2.59766e-11 8.0215e-11 2.38621e-10 6.83439e-10 1.88374e-09 4.99468e-09 1.27365e-08 3.12322e-08 7.3653e-08 1.67078e-07 3.64732e-07 7.66674e-07 1.55292e-06 3.03349e-06 5.71965e-06 1.04181e-05 1.83455e-05 3.12519e-05 5.1531e-05 8.22822e-05 0.000127281 0.000190808 0.000277297 0.000390773 0.0005341 0.000708085 0.00091062 0.00113608 0.00137528 0.00161629 0.00184603 0.0020524 0.00222615 0.00236202 0.00245847 0.00251641 0.00253741 0.00252217 0.0024699 0.00237893 0.00224819 0.00207899 0.00187639 0.00164937 0.00140985 0.00117078 0.000944101 0.000739156 0.00056185 0.000414644 0.000297091 0.000206642 0.000139506 9.13958e-05 5.8092e-05 3.58133e-05 2.14076e-05 1.24027e-05 6.961e-06 3.7826e-06 1.98882e-06 1.01113e-06 4.96762e-07 2.35715e-07 1.07978e-07 4.77379e-08 2.03662e-08 8.38456e-09 3.33148e-09 1.27791e-09 4.73401e-10 1.69445e-10 5.86312e-11 1.96237e-11 6.35703e-12 1.99446e-12 6.0643e-13 1.78816e-13 5.11664e-14 1.42168e-14 3.83827e-15 1.00753e-15 2.57296e-16 6.39625e-17 1.54913e-17 3.68113e-18 
2.73483e-18 2.201e-18 7.87161e-18 3.53704e-17 1.56509e-16 6.72508e-16 2.80259e-15 1.13194e-14 4.42784e-14 1.67633e-13 6.1379e-13 2.17198e-12 7.42258e-12 2.44794e-11 7.78547e-11 2.38621e-10 7.04353e-10 2.00111e-09 5.46919e-09 1.43736e-08 3.63131e-08 8.81769e-08 2.058e-07 4.61771e-07 9.96493e-07 2.06942e-06 4.13889e-06 7.97929e-06 1.48425e-05 2.66638e-05 4.63022e-05 7.77836e-05 0.000126496 0.000199258 0.000304176 0.000450192 0.000646269 0.000900176 0.00121693 0.00159706 0.00203496 0.00251788 0.00302604 0.00353442 0.00401611 0.00444656 0.00480744 0.00508859 0.00528748 0.00540644 0.00544896 0.00541653 0.00530743 0.00511798 0.00484559 0.00449254 0.00406868 0.00359204 0.00308684 0.0025797 0.00209553 0.00165424 0.00126894 0.000945773 0.00068483 0.000481663 0.000328974 0.000218128 0.000140363 8.76248e-05 5.30448e-05 3.11224e-05 1.76869e-05 9.72913e-06 5.17627e-06 2.66169e-06 1.3219e-06 6.33707e-07 2.93113e-07 1.30773e-07 5.62715e-08 2.33543e-08 9.35057e-09 3.61276e-09 1.34758e-09 4.85516e-10 1.69056e-10 5.69256e-11 1.85487e-11 5.85242e-12 1.78924e-12 5.30408e-13 1.52563e-13 4.26064e-14 1.15603e-14 3.04939e-15 7.82472e-16 1.95437e-16 4.75541e-17 1.13558e-17 
8.26581e-18 6.85009e-18 2.45982e-17 1.09927e-16 4.8349e-16 2.06478e-15 8.55091e-15 3.43162e-14 1.33363e-13 5.01544e-13 1.82394e-12 6.40942e-12 2.17476e-11 7.11979e-11 2.24733e-10 6.83439e-10 2.00111e-09 5.63772e-09 1.52741e-08 3.97761e-08 9.95291e-08 2.3925e-07 5.52479e-07 1.22578e-06 2.61402e-06 5.36119e-06 1.05831e-05 2.01266e-05 3.69141e-05 6.53645e-05 0.000111859 0.000185175 0.000296784 0.000460837 0.000693701 0.00101287 0.00143519 0.00197442 0.00263825 0.0034251 0.00432135 0.00529978 0.00632022 0.00733325 0.00828683 0.0091343 0.00984151 0.0103903 0.0107771 0.0110075 0.0110888 0.0110238 0.0108092 0.0104372 0.00990207 0.00920703 0.0083701 0.00742513 0.00641829 0.00540108 0.00442246 0.0035225 0.00272877 0.00205556 0.00150537 0.00107147 0.000740947 0.000497625 0.000324444 0.000205254 0.000125926 7.48726e-05 4.3111e-05 2.40187e-05 1.2937e-05 6.73107e-06 3.38047e-06 1.63777e-06 7.6511e-07 3.44571e-07 1.49584e-07 6.26019e-08 2.52631e-08 9.83436e-09 3.69459e-09 1.34025e-09 4.69754e-10 1.59184e-10 5.21875e-11 1.65642e-11 5.0935e-12 1.51846e-12 4.3917e-13 1.23309e-13 3.36339e-14 8.91787e-15 2.29994e-15 5.77316e-16 1.41165e-16 3.38852e-17 
2.41751e-17 2.0623e-17 7.43013e-17 3.30135e-16 1.44289e-15 6.12232e-15 2.5188e-14 1.00406e-13 3.87538e-13 1.44725e-12 5.22554e-12 1.82286e-11 6.13875e-11 1.99427e-10 6.24509e-10 1.88374e-09 5.46919e-09 1.52741e-08 4.10068e-08 1.05779e-07 2.62069e-07 6.23434e-07 1.42393e-06 3.12291e-06 6.57892e-06 1.33206e-05 2.59423e-05 4.86455e-05 8.79251e-05 0.000153368 0.000258476 0.000421354 0.000665029 0.00101712 0.00150856 0.00217122 0.00303432 0.00411982 0.00543716 0.00697795 0.00871166 0.0105836 0.0125172 0.0144207 0.0161998 0.0177716 0.0190767 0.0200853 0.0207935 0.0212135 0.0213596 0.0212376 0.0208406 0.0201535 0.0191639 0.0178756 0.0163189 0.0145531 0.0126605 0.0107346 0.00886589 0.00713029 0.00558244 0.00425351 0.00315305 0.002273 0.00159279 0.00108442 0.000716946 0.000460001 0.000286226 0.00017258 0.00010074 5.68766e-05 3.10285e-05 1.63415e-05 8.30218e-06 4.06626e-06 1.9192e-06 8.72716e-07 3.82334e-07 1.61397e-07 6.56681e-08 2.57635e-08 9.75144e-09 3.5629e-09 1.25744e-09 4.28958e-10 1.41544e-10 4.5209e-11 1.39871e-11 4.19475e-12 1.2203e-12 3.44589e-13 9.45164e-14 2.51978e-14 6.53346e-15 1.64862e-15 4.05207e-16 9.7799e-17 
6.84192e-17 6.00546e-17 2.16925e-16 9.58002e-16 4.15948e-15 1.75301e-14 7.16242e-14 2.83503e-13 1.08636e-12 4.02713e-12 1.44312e-11 4.99532e-11 1.66897e-10 5.37805e-10 1.67015e-09 4.99468e-09 1.43736e-08 3.97761e-08 1.05779e-07 2.70184e-07 6.62524e-07 1.55917e-06 3.52104e-06 7.63072e-06 1.58747e-05 3.17195e-05 6.09217e-05 0.000112586 0.000200437 0.000344205 0.000570921 0.000915803 0.00142232 0.00214092 0.00312611 0.0044315 0.00610321 0.00817184 0.0106439 0.013494 0.0166589 0.0200356 0.0234869 0.0268539 0.0299765 0.0327174 0.0349811 0.0367227 0.037941 0.0386604 0.0389075 0.0386927 0.0380035 0.0368117 0.0350929 0.0328491 0.0301269 0.0270224 0.023673 0.0202369 0.0168708 0.0137102 0.0108569 0.00837418 0.00628866 0.00459547 0.00326599 0.00225606 0.00151373 0.000985792 0.000622564 0.000380911 0.00022555 0.000129111 7.13718e-05 3.80638e-05 1.95692e-05 9.69274e-06 4.62345e-06 2.12352e-06 9.39142e-07 4.00016e-07 1.64152e-07 6.49296e-08 2.47691e-08 9.11842e-09 3.24165e-09 1.11367e-09 3.70005e-10 1.18969e-10 3.70471e-11 1.1181e-11 3.27283e-12 9.29785e-13 2.56538e-13 6.87882e-14 1.79369e-14 4.5512e-15 1.12472e-15 2.73022e-16 
1.87384e-16 1.69145e-16 6.12109e-16 2.68609e-15 1.15824e-14 4.84699e-14 1.96609e-13 7.72468e-13 2.93764e-12 1.08054e-11 3.8414e-11 1.31889e-10 4.36982e-10 1.3961e-09 4.29758e-09 1.27365e-08 3.63131e-08 9.95291e-08 2.62069e-07 6.62524e-07 1.60727e-06 3.74044e-06 8.34862e-06 1.78718e-05 3.67021e-05 7.23435e-05 0.000136971 0.000249359 0.000437046 0.000738483 0.00120475 0.00190028 0.00290191 0.0042955 0.00616979 0.00860723 0.0116726 0.0154002 0.0197817 0.0247553 0.0301996 0.0359339 0.041728 0.0473246 0.0524715 0.0569576 0.0606413 0.0634618 0.0654269 0.0665824 0.0669745 0.0666212 0.0655006 0.0635639 0.0607655 0.0571001 0.0526324 0.0475066 0.0419345 0.0361664 0.0304556 0.0250283 0.0200625 0.0156783 0.0119376 0.00885053 0.00638495 0.00447881 0.00305235 0.00201917 0.00129518 0.000804651 0.000483589 0.000280805 0.000157359 8.50162e-05 4.42467e-05 2.21706e-05 1.06916e-05 4.96167e-06 2.21598e-06 9.52736e-07 3.94478e-07 1.57377e-07 6.05328e-08 2.24625e-08 8.04734e-09 2.78541e-09 9.32167e-10 3.01849e-10 9.46454e-11 2.87569e-11 8.47283e-12 2.42249e-12 6.72575e-13 1.81447e-13 4.75956e-14 1.2147e-14 3.01901e-15 7.37273e-16 
4.9666e-16 4.6077e-16 1.6694e-15 7.27722e-15 3.11552e-14 1.29421e-13 5.21016e-13 2.03122e-12 7.66328e-12 2.79582e-11 9.85632e-11 3.35505e-10 1.10185e-09 3.48856e-09 1.06395e-08 3.12322e-08 8.81769e-08 2.3925e-07 6.23434e-07 1.55917e-06 3.74044e-06 8.60403e-06 1.89723e-05 4.01009e-05 8.12614e-05 0.000157945 0.000294675 0.000528247 0.000911053 0.00151391 0.0024277 0.00376289 0.005646 0.00821221 0.0115936 0.0159039 0.0212202 0.0275654 0.0348919 0.0430705 0.0518854 0.0610402 0.0701759 0.0789052 0.0868596 0.0937397 0.0993538 0.103631 0.106598 0.108335 0.108918 0.108376 0.106673 0.103729 0.099466 0.0938601 0.0869905 0.0790548 0.070355 0.0612573 0.0521437 0.0433665 0.0352166 0.0279059 0.021562 0.0162329 0.0118977 0.00848218 0.00587628 0.0039516 0.00257624 0.00162617 0.000992469 0.000584865 0.000332393 0.000181993 9.59221e-05 4.86412e-05 2.37239e-05 1.11285e-05 5.02135e-06 2.1801e-06 9.11179e-07 3.66813e-07 1.42324e-07 5.32608e-08 1.92376e-08 6.7117e-09 2.26353e-09 7.38482e-10 2.3325e-10 7.13761e-11 2.11762e-11 6.09555e-12 1.70352e-12 4.62527e-13 1.22086e-13 3.13477e-14 7.83764e-15 1.92607e-15 
1.27407e-15 1.214e-15 4.40067e-15 1.90516e-14 8.09613e-14 3.33759e-13 1.3331e-12 5.15528e-12 1.92883e-11 6.977e-11 2.4381e-10 8.22443e-10 2.67605e-09 8.39208e-09 2.53445e-08 7.3653e-08 2.058e-07 5.52479e-07 1.42393e-06 3.52104e-06 8.34862e-06 1.89723e-05 4.13098e-05 8.61723e-05 0.000172233 0.000329968 0.000606369 0.00106991 0.00181494 0.00296449 0.0046703 0.007109 0.0104734 0.0149581 0.0207398 0.0279538 0.0366685 0.0468632 0.0584115 0.0710721 0.0844913 0.0982169 0.111729 0.124489 0.136 0.145873 0.153874 0.159936 0.164123 0.166564 0.167376 0.166601 0.164186 0.160009 0.153942 0.145927 0.136046 0.124542 0.11181 0.0983447 0.0846793 0.0713243 0.0587227 0.0472214 0.0370566 0.0283527 0.0211302 0.0153228 0.0107992 0.00738753 0.0048983 0.00314321 0.00194904 0.00116618 0.000672436 0.000373271 0.000199318 0.00010233 5.04994e-05 2.39554e-05 1.09255e-05 4.7925e-06 2.02295e-06 8.22188e-07 3.21969e-07 1.2157e-07 4.42931e-08 1.55839e-08 5.29887e-09 1.74257e-09 5.54664e-10 1.71011e-10 5.11083e-11 1.48163e-11 4.16936e-12 1.13965e-12 3.02779e-13 7.82375e-14 1.96823e-14 4.86838e-15 
3.16348e-15 3.09359e-15 1.12131e-14 4.82008e-14 2.03277e-13 8.31421e-13 3.29395e-12 1.26317e-11 4.68532e-11 1.67971e-10 5.8159e-10 1.94335e-09 6.26178e-09 1.94405e-08 5.81074e-08 1.67078e-07 4.61771e-07 1.22578e-06 3.12291e-06 7.63072e-06 1.78718e-05 4.01009e-05 8.61723e-05 0.000177313 0.00034938 0.000659464 0.00119316 0.0020713 0.00345449 0.00554381 0.00857609 0.0128131 0.0185236 0.0259596 0.035326 0.0467487 0.0602443 0.0756966 0.0928445 0.111283 0.130475 0.149785 0.168515 0.185976 0.201556 0.214797 0.225448 0.23347 0.238984 0.242187 0.243244 0.242214 0.239024 0.233498 0.225441 0.214744 0.201463 0.185866 0.168419 0.149736 0.1305 0.111397 0.0930526 0.0759925 0.060613 0.0471687 0.0357719 0.0264054 0.0189457 0.0131928 0.00890153 0.0058098 0.00366191 0.00222558 0.00130256 0.000733373 0.000396915 0.000206407 0.000103116 4.94918e-05 2.28275e-05 1.01224e-05 4.31765e-06 1.77266e-06 7.01e-07 2.67209e-07 9.82557e-08 3.48799e-08 1.19631e-08 3.96737e-09 1.27316e-09 3.95649e-10 1.19153e-10 3.48001e-11 9.86359e-12 2.71496e-12 7.26191e-13 1.88878e-13 4.78198e-14 1.19075e-14 
7.60312e-15 7.62432e-15 2.7618e-14 1.1786e-13 4.93191e-13 2.00097e-12 7.8615e-12 2.98875e-11 1.0987e-10 3.90256e-10 1.33836e-09 4.428e-09 1.41226e-08 4.33856e-08 1.28277e-07 3.64732e-07 9.96493e-07 2.61402e-06 6.57892e-06 1.58747e-05 3.67021e-05 8.12614e-05 0.000172233 0.00034938 0.000678322 0.00126082 0.00224495 0.00383268 0.00628196 0.009901 0.0150335 0.0220355 0.0312441 0.0429416 0.0573166 0.0744263 0.0941668 0.116257 0.140237 0.165489 0.191268 0.216744 0.241064 0.263418 0.283126 0.299709 0.312941 0.322842 0.329615 0.333532 0.334817 0.333547 0.329625 0.322815 0.312847 0.299531 0.282867 0.263105 0.240736 0.216447 0.191043 0.165367 0.140236 0.116385 0.0944181 0.0747833 0.0577523 0.0434232 0.0317371 0.0225088 0.0154624 0.0102693 0.00658217 0.00406516 0.00241596 0.00138027 0.000757529 0.000399228 0.000202014 9.8159e-05 4.58144e-05 2.05493e-05 8.86272e-06 3.67787e-06 1.46959e-06 5.65843e-07 2.10103e-07 7.52919e-08 2.60606e-08 8.71932e-09 2.82213e-09 8.84292e-10 2.68449e-10 7.90111e-11 2.25622e-11 6.25513e-12 1.68478e-12 4.41152e-13 1.1242e-13 2.81858e-14 
1.76877e-14 1.81722e-14 6.57533e-14 2.7854e-13 1.15638e-12 4.65328e-12 1.81267e-11 6.83054e-11 2.488e-10 8.75338e-10 2.97234e-09 9.7337e-09 3.07163e-08 9.33301e-08 2.72826e-07 7.66674e-07 2.06942e-06 5.36119e-06 1.33206e-05 3.17195e-05 7.23435e-05 0.000157945 0.000329968 0.000659464 0.00126082 0.00230654 0.00403972 0.00677969 0.0109165 0.0168915 0.0251648 0.0361735 0.0502844 0.0677475 0.088654 0.112903 0.140182 0.169968 0.201552 0.234077 0.266592 0.298112 0.327683 0.354452 0.377745 0.397131 0.412463 0.423855 0.431607 0.436073 0.437532 0.436078 0.431593 0.423784 0.412296 0.396844 0.377336 0.353946 0.327121 0.297545 0.266072 0.233649 0.201253 0.169824 0.140204 0.113087 0.088981 0.0681838 0.050789 0.0367036 0.0256811 0.0173625 0.0113213 0.00710818 0.00429163 0.0024892 0.00138608 0.000740727 0.000379876 0.000186986 8.83714e-05 4.012e-05 1.75071e-05 7.34797e-06 2.96848e-06 1.15517e-06 4.33351e-07 1.56842e-07 5.481e-08 1.85085e-08 6.04413e-09 1.91021e-09 5.84706e-10 1.73469e-10 4.99164e-11 1.39412e-11 3.78174e-12 9.97028e-13 2.55765e-13 6.45719e-14 
3.98272e-14 4.18827e-14 1.51315e-13 6.36239e-13 2.62043e-12 1.04575e-11 4.03861e-11 1.50821e-10 5.44236e-10 1.89617e-09 6.37368e-09 2.0653e-08 6.44627e-08 1.93647e-07 5.59425e-07 1.55292e-06 4.13889e-06 1.05831e-05 2.59423e-05 6.09217e-05 0.000136971 0.000294675 0.000606369 0.00119316 0.00224495 0.00403972 0.00695585 0.0114703 0.0181367 0.0275423 0.0402478 0.0567224 0.0772811 0.102037 0.130868 0.163405 0.199037 0.236943 0.27614 0.315553 0.354079 0.39066 0.424341 0.454331 0.480055 0.501211 0.517781 0.529999 0.538267 0.543012 0.544558 0.543015 0.538247 0.529914 0.517586 0.500874 0.479565 0.453703 0.423612 0.389875 0.353291 0.314816 0.275507 0.236459 0.198738 0.163308 0.130972 0.102319 0.0777038 0.0572375 0.0408044 0.0280927 0.0186421 0.011904 0.00730494 0.00430378 0.00243293 0.00131924 0.000686152 0.000342377 0.000163959 7.53929e-05 3.33084e-05 1.41481e-05 5.78206e-06 2.27529e-06 8.62785e-07 3.15518e-07 1.11365e-07 3.79684e-08 1.25136e-08 3.98997e-09 1.23172e-09 3.68409e-10 1.06842e-10 3.00648e-11 8.21434e-12 2.18067e-12 5.63149e-13 1.43176e-13 
8.67893e-14 9.33284e-14 3.36543e-13 1.40457e-12 5.73895e-12 2.27127e-11 8.69564e-11 3.21805e-10 1.15029e-09 3.96827e-09 1.32017e-08 4.232e-08 1.30614e-07 3.87799e-07 1.10673e-06 3.03349e-06 7.97929e-06 2.01266e-05 4.86455e-05 0.000112586 0.000249359 0.000528247 0.00106991 0.0020713 0.00383268 0.00677969 0.0114703 0.0185762 0.0288325 0.042958 0.0615603 0.0850451 0.113549 0.146905 0.184643 0.226018 0.270057 0.315625 0.361504 0.406476 0.449394 0.48925 0.525212 0.556663 0.583227 0.60479 0.6215 0.633721 0.641939 0.646639 0.648169 0.646649 0.641935 0.63366 0.621335 0.604482 0.582756 0.556031 0.524438 0.488365 0.448442 0.405508 0.36058 0.314805 0.269399 0.225566 0.184422 0.146917 0.113774 0.0854425 0.0620768 0.0435342 0.0294108 0.0191087 0.0119244 0.00714034 0.00410039 0.00225756 0.00119167 0.000603202 0.000292903 0.000136507 6.10973e-05 2.62793e-05 1.08704e-05 4.32764e-06 1.65947e-06 6.13409e-07 2.18746e-07 7.53163e-08 2.50579e-08 8.06209e-09 2.51036e-09 7.57077e-10 2.213e-10 6.27448e-11 1.72677e-11 4.61596e-12 1.20005e-12 3.0725e-13 
1.83004e-13 2.01029e-13 7.23325e-13 2.99651e-12 1.21466e-11 4.76749e-11 1.80949e-10 6.63599e-10 2.3496e-09 8.0255e-09 2.6423e-08 8.37846e-08 2.55656e-07 7.50055e-07 2.11405e-06 5.71965e-06 1.48425e-05 3.69141e-05 8.79251e-05 0.000200437 0.000437046 0.000911053 0.00181494 0.00345449 0.00628196 0.0109165 0.0181367 0.0288325 0.0439111 0.0641699 0.0901616 0.122087 0.159738 0.202512 0.249464 0.299399 0.350975 0.402796 0.453512 0.501895 0.546905 0.587721 0.623759 0.654672 0.680346 0.700894 0.716634 0.728042 0.735664 0.740005 0.741421 0.740031 0.735694 0.728038 0.716551 0.700692 0.679996 0.654161 0.623085 0.586895 0.545949 0.500846 0.452421 0.401728 0.349999 0.298584 0.248864 0.202163 0.159651 0.122247 0.0905311 0.0646883 0.0445072 0.0294359 0.0186896 0.0113814 0.00664389 0.00371671 0.00199251 0.00102385 0.000504447 0.000238427 0.000108171 4.71382e-05 1.97447e-05 7.95566e-06 3.08597e-06 1.15332e-06 4.15625e-07 1.44545e-07 4.85525e-08 1.57643e-08 4.95155e-09 1.50573e-09 4.43636e-10 1.26737e-10 3.51314e-11 9.4563e-12 2.47483e-12 6.38079e-13 
3.73317e-13 4.18472e-13 1.50203e-12 6.17694e-12 2.48429e-11 9.6709e-11 3.63912e-10 1.32261e-09 4.63889e-09 1.56886e-08 5.11178e-08 1.60328e-07 4.83636e-07 1.40194e-06 3.90188e-06 1.04181e-05 2.66638e-05 6.53645e-05 0.000153368 0.000344205 0.000738483 0.00151391 0.00296449 0.00554381 0.009901 0.0168915 0.0275423 0.042958 0.0641699 0.091953 0.126657 0.168102 0.215562 0.267853 0.323476 0.380784 0.438129 0.493986 0.547032 0.596202 0.640717 0.680072 0.714023 0.742546 0.765808 0.784142 0.79801 0.807962 0.814564 0.81831 0.819536 0.818354 0.814635 0.808029 0.798036 0.78409 0.765646 0.742249 0.713571 0.679453 0.639926 0.595252 0.545952 0.492827 0.436958 0.379677 0.322512 0.267102 0.215079 0.167916 0.126764 0.0923097 0.0647038 0.043581 0.0281693 0.0174566 0.0103655 0.00589586 0.00321224 0.00167666 0.000838698 0.000402243 0.000185072 8.17426e-05 3.46833e-05 1.41477e-05 5.5526e-06 2.09847e-06 7.64313e-07 2.68512e-07 9.10639e-08 2.98386e-08 9.45407e-09 2.89879e-09 8.60829e-10 2.47772e-10 6.91754e-11 1.87476e-11 4.93882e-12 1.28221e-12 
7.36569e-13 8.41649e-13 3.01293e-12 1.2301e-11 4.90922e-11 1.89566e-10 7.073e-10 2.54783e-09 8.85305e-09 2.9648e-08 9.56086e-08 2.96628e-07 8.84618e-07 2.53362e-06 6.9629e-06 1.83455e-05 4.63022e-05 0.000111859 0.000258476 0.000570921 0.00120475 0.0024277 0.0046703 0.00857609 0.0150335 0.0251648 0.0402478 0.0615603 0.0901616 0.126657 0.171014 0.222486 0.27968 0.340749 0.403635 0.46632 0.527001 0.584203 0.636826 0.684138 0.725748 0.761555 0.791687 0.816442 0.836239 0.851584 0.863033 0.871161 0.876512 0.879535 0.880529 0.879594 0.876617 0.871292 0.863163 0.851684 0.836279 0.816392 0.791517 0.761235 0.72525 0.683444 0.635937 0.58314 0.525807 0.465061 0.402396 0.339627 0.278776 0.221882 0.170758 0.126745 0.0905382 0.0621314 0.0409051 0.0258109 0.0155995 0.0090272 0.00500134 0.00265316 0.00134807 0.00065632 0.000306348 0.00013718 5.89722e-05 2.4357e-05 9.67323e-06 3.69705e-06 1.36097e-06 4.82978e-07 1.65374e-07 5.46822e-08 1.74755e-08 5.40237e-09 1.61683e-09 4.68829e-10 1.31818e-10 3.59657e-11 9.53618e-12 2.49271e-12 
1.40527e-12 1.63507e-12 5.83666e-12 2.36611e-11 9.37168e-11 3.59019e-10 1.32845e-09 4.74365e-09 1.63321e-08 5.41681e-08 1.7291e-07 5.30731e-07 1.56496e-06 4.42903e-06 1.20197e-05 3.12519e-05 7.77836e-05 0.000185175 0.000421354 0.000915803 0.00190028 0.00376289 0.007109 0.0128131 0.0220355 0.0361735 0.0567224 0.0850451 0.122087 0.168102 0.222486 0.283773 0.349818 0.418112 0.486139 0.551671 0.612956 0.668778 0.718434 0.761657 0.798519 0.82934 0.854596 0.874854 0.890717 0.902791 0.911667 0.917895 0.921961 0.924247 0.925004 0.924313 0.922085 0.918067 0.911871 0.903008 0.890925 0.875027 0.8547 0.829337 0.798367 0.761314 0.71787 0.667975 0.61192 0.550436 0.484773 0.416722 0.348535 0.282736 0.221806 0.167833 0.122211 0.085481 0.057349 0.0368651 0.0226894 0.0133649 0.00753304 0.00406311 0.00209766 0.00103699 0.000491141 0.000222999 9.71362e-05 4.06237e-05 1.63253e-05 6.30959e-06 2.34741e-06 8.4142e-07 2.90848e-07 9.70366e-08 3.12757e-08 9.74672e-09 2.93939e-09 8.58543e-10 2.43066e-10 6.67571e-11 1.78127e-11 4.68741e-12 
2.59177e-12 3.06734e-12 1.09171e-11 4.39511e-11 1.728e-10 6.56869e-10 2.41087e-09 8.53555e-09 2.91244e-08 9.56855e-08 3.02405e-07 9.18479e-07 2.67837e-06 7.49161e-06 2.00805e-05 5.1531e-05 0.000126496 0.000296784 0.000665029 0.00142232 0.00290191 0.005646 0.0104734 0.0185236 0.0312441 0.0502844 0.0772811 0.113549 0.159738 0.215562 0.27968 0.349818 0.423084 0.496421 0.567035 0.632719 0.691989 0.744074 0.788797 0.826414 0.857463 0.882638 0.90269 0.918365 0.930363 0.93932 0.945797 0.950284 0.953186 0.954811 0.955352 0.954875 0.953312 0.950467 0.946032 0.939599 0.930675 0.918691 0.903004 0.882904 0.857635 0.826438 0.788617 0.743637 0.691255 0.631676 0.565716 0.494913 0.421533 0.348402 0.278573 0.214886 0.159533 0.113766 0.0778052 0.050971 0.0319587 0.019168 0.0109944 0.00603066 0.00316403 0.00158838 0.000763363 0.000351436 0.000155103 6.56748e-05 2.67031e-05 1.04351e-05 3.92294e-06 1.42007e-06 4.95448e-07 1.66757e-07 5.41957e-08 1.70229e-08 5.17218e-09 1.52144e-09 4.33653e-10 1.19868e-10 3.21818e-11 8.5241e-12 
4.61949e-12 5.55494e-12 1.97108e-11 7.88221e-11 3.07686e-10 1.16085e-09 4.22711e-09 1.48421e-08 5.02022e-08 1.63422e-07 5.11482e-07 1.53763e-06 4.43548e-06 1.22648e-05 3.2478e-05 8.22822e-05 0.000199258 0.000460837 0.00101712 0.00214092 0.0042955 0.00821221 0.0149581 0.0259596 0.0429416 0.0677475 0.102037 0.146905 0.202512 0.267853 0.340749 0.418112 0.496421 0.572268 0.642833 0.70617 0.761263 0.80791 0.846506 0.877814 0.902773 0.922355 0.937486 0.948991 0.957584 0.963863 0.968325 0.971373 0.973324 0.974411 0.974775 0.974466 0.973436 0.971542 0.968553 0.964151 0.95793 0.949389 0.93792 0.9228 0.903189 0.878148 0.846689 0.807864 0.760909 0.705445 0.641718 0.570812 0.494754 0.416429 0.33927 0.266768 0.20193 0.146831 0.102384 0.0683676 0.0436765 0.0266769 0.0155724 0.0086869 0.00463154 0.00236092 0.00115121 0.000537304 0.00024022 0.000102964 4.23482e-05 1.6729e-05 6.35347e-06 2.3221e-06 8.17533e-07 2.77528e-07 9.09283e-08 2.878e-08 8.808e-09 2.60882e-09 7.48457e-10 2.08173e-10 5.62242e-11 1.4987e-11 
7.95426e-12 9.70828e-12 3.43425e-11 1.36446e-10 5.28954e-10 1.98124e-09 7.15966e-09 2.49379e-08 8.36408e-08 2.69858e-07 8.36696e-07 2.4904e-06 7.10866e-06 1.94389e-05 5.08715e-05 0.000127281 0.000304176 0.000693701 0.00150856 0.00312611 0.00616979 0.0115936 0.0207398 0.035326 0.0573166 0.088654 0.130868 0.184643 0.249464 0.323476 0.403635 0.486139 0.567035 0.642833 0.710954 0.769928 0.819342 0.859609 0.891664 0.916693 0.935922 0.950488 0.96138 0.969419 0.975265 0.979439 0.982349 0.984306 0.985545 0.986231 0.986463 0.986275 0.985635 0.984446 0.982545 0.979697 0.975591 0.969817 0.961847 0.951013 0.936479 0.917239 0.892134 0.859912 0.819374 0.769582 0.710159 0.641584 0.565419 0.484337 0.401889 0.322029 0.248496 0.184229 0.130969 0.0891408 0.0580203 0.0360852 0.0214348 0.0121583 0.00658615 0.00340823 0.00168571 0.00079741 0.000361046 0.000156605 6.51351e-05 2.60028e-05 9.97377e-06 3.67938e-06 1.30681e-06 4.47308e-07 1.47704e-07 4.70969e-08 1.45149e-08 4.32773e-09 1.24943e-09 3.49597e-10 9.49643e-11 2.54686e-11 
