0.0013326 0.0013486 0.00140187 0.00149312 0.00162334 0.00179387 0.0020064 0.00226294 0.00256575 0.00291734 0.00332035 0.00377754 0.00429174 0.0048657 0.00550209 0.00620338 0.00697179 0.00780916 0.0087169 0.00969591 0.0107465 0.0118683 0.0130601 0.0143201 0.0156456 0.0170329 0.0184774 0.0199738 0.0215156 0.0230957 0.024706 0.0263376 0.0279809 0.0296257 0.0312612 0.0328762 0.0344592 0.0359984 0.0374822 0.0388988 0.040237 0.0414856 0.0426344 0.0436734 0.0445936 0.0453872 0.0460469 0.0465671 0.0469429 0.0471711 0.0472495 0.0471776 0.0469559 0.0465865 0.0460728 0.0454194 0.0446322 0.0437181 0.0426851 0.0415424 0.0402994 0.0389668 0.0375555 0.0360768 0.0345424 0.0329639 0.0313531 0.0297213 0.0280799 0.0264394 0.0248103 0.0232019 0.0216232 0.0200823 0.0185863 0.0171416 0.0157537 0.0144271 0.0131654 0.0119714 0.010847 0.00979332 0.00881085 0.00789928 0.00705776 0.00628492 0.00557893 0.00493763 0.00435859 0.00383917 0.00337663 0.00296821 0.00261116 0.00230284 0.00204078 0.00182273 0.0016467 0.00151099 0.00141427 0.00135566 
0.0013486 0.00136481 0.00141874 0.00151111 0.0016429 0.0018155 0.0020306 0.00229022 0.00259667 0.00295246 0.00336027 0.0038229 0.00434318 0.0049239 0.00556776 0.00627725 0.00705459 0.00790166 0.00881985 0.00981009 0.0108726 0.0120071 0.0132124 0.0144866 0.0158268 0.0172295 0.0186899 0.0202027 0.0217614 0.0233586 0.0249862 0.0266353 0.0282961 0.0299584 0.0316111 0.033243 0.0348425 0.0363977 0.0378968 0.039328 0.0406799 0.0419413 0.0431017 0.0441512 0.0450807 0.0458823 0.0465486 0.047074 0.0474535 0.0476839 0.0477631 0.0476904 0.0474664 0.0470933 0.0465744 0.0459143 0.045119 0.0441956 0.0431522 0.0419977 0.040742 0.0393957 0.0379698 0.0364758 0.0349254 0.0333304 0.0317027 0.0300537 0.0283949 0.026737 0.0250903 0.0234647 0.0218689 0.0203112 0.0187989 0.0173383 0.015935 0.0145937 0.0133179 0.0121104 0.0109733 0.00990774 0.00891408 0.00799207 0.00714087 0.00635909 0.00564491 0.00499614 0.00441033 0.00388482 0.00341684 0.00300359 0.00264232 0.00233034 0.00206517 0.00184453 0.0016664 0.00152908 0.00143121 0.00137192 
0.00140187 0.00141874 0.00147473 0.0015706 0.00170735 0.0018864 0.0021095 0.00237874 0.00269649 0.00306532 0.003488 0.0039674 0.00450643 0.00510794 0.0057747 0.00650925 0.00731387 0.00819044 0.0091404 0.0101646 0.0112634 0.0124363 0.0136821 0.0149987 0.0163833 0.017832 0.0193401 0.0209018 0.0225106 0.0241588 0.025838 0.027539 0.0292517 0.0309655 0.0326693 0.0343512 0.0359994 0.0376018 0.0391461 0.0406202 0.0420125 0.0433113 0.0445061 0.0455865 0.0465433 0.0473683 0.0480541 0.0485947 0.0489852 0.0492222 0.0493035 0.0492285 0.0489978 0.0486136 0.0480793 0.0473997 0.0465809 0.0456302 0.0445557 0.0433668 0.0420736 0.0406869 0.0392181 0.0376789 0.0360814 0.0344377 0.0327599 0.03106 0.0293496 0.0276399 0.0259415 0.0242644 0.0226178 0.0210101 0.0194489 0.0179409 0.0164916 0.015106 0.0137879 0.01254 0.0113647 0.0102629 0.00923533 0.00828162 0.00740095 0.00659193 0.0058527 0.00518104 0.00457443 0.00403015 0.00354537 0.00311721 0.00274283 0.0024195 0.00214464 0.00191591 0.00173125 0.00158889 0.00148744 0.00142598 
0.00149312 0.00151111 0.0015706 0.00167237 0.0018175 0.00200745 0.00224408 0.00252957 0.00286638 0.00325722 0.00370497 0.00421263 0.00478322 0.00541972 0.006125 0.00690168 0.00775211 0.00867822 0.00968147 0.0107627 0.0119222 0.0131594 0.0144729 0.0158606 0.0173193 0.0188451 0.0204327 0.0220762 0.0237685 0.0255017 0.0272669 0.0290544 0.0308536 0.0326534 0.034442 0.0362072 0.0379366 0.0396174 0.0412368 0.0427823 0.0442416 0.0456028 0.0468545 0.0479863 0.0489885 0.0498524 0.0505704 0.0511363 0.051545 0.0517929 0.0518778 0.051799 0.0515572 0.0511546 0.0505947 0.0498827 0.0490249 0.0480286 0.0469026 0.0456566 0.0443011 0.0428473 0.041307 0.0396927 0.0380168 0.036292 0.0345311 0.0327464 0.0309501 0.0291541 0.0273694 0.0256064 0.023875 0.022184 0.0205412 0.0189538 0.0174278 0.0159683 0.0145792 0.0132638 0.0120243 0.010862 0.0097775 0.00877061 0.00784048 0.0069857 0.00620438 0.00549421 0.0048526 0.00427672 0.00376363 0.00331034 0.00291387 0.00257137 0.00228015 0.00203777 0.00184206 0.00169119 0.00158367 0.00151858 
0.00162334 0.0016429 0.00170735 0.0018175 0.00197449 0.0021799 0.00243568 0.00274416 0.00310795 0.00352992 0.00401313 0.00456073 0.00517593 0.00586186 0.00662151 0.00745766 0.00837272 0.00936869 0.010447 0.0116086 0.0128536 0.0141813 0.0155901 0.0170778 0.0186408 0.0202747 0.0219741 0.0237324 0.0255421 0.0273946 0.0292804 0.0311892 0.0331097 0.03503 0.0369375 0.0388195 0.0406624 0.042453 0.0441776 0.045823 0.0473761 0.0488244 0.050156 0.0513596 0.0524251 0.0533434 0.0541065 0.0547078 0.0551419 0.055405 0.055495 0.0554108 0.0551534 0.0547251 0.0541296 0.0533723 0.0524597 0.0513999 0.0502019 0.0488759 0.0474332 0.0458854 0.0442453 0.0425257 0.0407401 0.0389018 0.0370242 0.0351207 0.0332042 0.0312871 0.0293813 0.027498 0.0256475 0.0238394 0.0220822 0.0203833 0.0187494 0.0171858 0.015697 0.0142865 0.0129568 0.0117092 0.0105445 0.00946269 0.00846282 0.0075435 0.00670277 0.00593824 0.0052472 0.00462667 0.00407357 0.00358473 0.00315701 0.00278739 0.00247303 0.00221133 0.00199998 0.00183704 0.00172094 0.00165069 
0.00179387 0.0018155 0.0018864 0.00200745 0.0021799 0.00240542 0.00268613 0.00302452 0.00342341 0.00388586 0.00441516 0.00501467 0.00568781 0.00643792 0.00726816 0.00818145 0.00918033 0.0102669 0.0114425 0.0127082 0.0140638 0.0155086 0.0170409 0.0186578 0.0203556 0.0221293 0.023973 0.0258796 0.0278407 0.0298472 0.0318886 0.0339537 0.0360305 0.038106 0.0401668 0.042199 0.0441882 0.04612 0.04798 0.0497539 0.0514277 0.052988 0.0544221 0.0557181 0.056865 0.0578532 0.0586742 0.0593209 0.0597876 0.0600704 0.0601667 0.0600758 0.0597984 0.059337 0.0586957 0.0578801 0.0568973 0.0557557 0.0544651 0.0530364 0.0514814 0.0498129 0.0480442 0.0461893 0.0442624 0.0422779 0.0402503 0.0381937 0.0361222 0.0340491 0.0319872 0.0299486 0.0279446 0.0259854 0.0240802 0.0222374 0.020464 0.018766 0.0171484 0.0156148 0.0141682 0.0128102 0.0115418 0.0103628 0.00927253 0.00826951 0.00735171 0.00651664 0.00576142 0.00508292 0.00447783 0.00394279 0.00347445 0.00306957 0.0027251 0.00243825 0.00220655 0.00202791 0.00190065 0.00182369 
0.0020064 0.0020306 0.0021095 0.00224408 0.00243568 0.00268613 0.00299773 0.00337317 0.00381551 0.00432808 0.0049144 0.00557812 0.00632291 0.00715233 0.00806977 0.00907833 0.0101807 0.0113789 0.0126746 0.0140685 0.0155605 0.0171496 0.0188337 0.0206097 0.0224732 0.0244189 0.02644 0.0285287 0.0306758 0.0328711 0.0351034 0.0373603 0.0396287 0.0418944 0.044143 0.0463591 0.0485274 0.0506321 0.0526577 0.0545887 0.0564101 0.0581073 0.0596667 0.0610755 0.062322 0.0633956 0.0642873 0.0649895 0.0654961 0.0658028 0.0659069 0.0658076 0.0655057 0.065004 0.0643067 0.0634199 0.0623513 0.0611098 0.0597061 0.0581518 0.0564596 0.0546434 0.0527175 0.0506969 0.0485971 0.0464337 0.0442223 0.0419782 0.0397167 0.0374523 0.035199 0.03297 0.0307774 0.0286327 0.0265459 0.0245262 0.0225813 0.020718 0.0189417 0.0172567 0.0156662 0.0141722 0.0127758 0.011477 0.0102752 0.00916893 0.00815598 0.00723377 0.00639925 0.00564907 0.0049797 0.00438751 0.0038689 0.00342037 0.00303862 0.00272063 0.00246372 0.00226563 0.00212454 0.00203927 
0.00226294 0.00229022 0.00237874 0.00252957 0.00274416 0.00302452 0.00337317 0.00379305 0.0042875 0.00486012 0.00551476 0.00625538 0.00708592 0.00801024 0.00903198 0.0101544 0.0113804 0.0127121 0.0141511 0.015698 0.0173526 0.0191136 0.0209786 0.022944 0.0250049 0.027155 0.029387 0.0316921 0.0340601 0.0364798 0.0389386 0.041423 0.0439186 0.0464098 0.0488807 0.0513147 0.053695 0.0560043 0.0582258 0.0603427 0.0623385 0.0641976 0.0659051 0.0674472 0.0688112 0.0699857 0.0709609 0.0717286 0.0722822 0.0726171 0.0727305 0.0726213 0.0722906 0.0717411 0.0709777 0.0700069 0.0688369 0.0674775 0.06594 0.0642372 0.0623829 0.060392 0.0582801 0.0560636 0.0537592 0.0513839 0.0489548 0.0464886 0.0440019 0.0415107 0.0390303 0.0365751 0.0341588 0.0317937 0.029491 0.0272609 0.0251121 0.0230521 0.0210869 0.0192215 0.0174595 0.0158033 0.0142542 0.0128125 0.0114775 0.0102478 0.00912113 0.00809472 0.00716533 0.00632937 0.00558304 0.0049224 0.00434356 0.00384271 0.00341626 0.00306093 0.0027738 0.00255238 0.0023947 0.00229946 
0.00256575 0.00259667 0.00269649 0.00286638 0.00310795 0.00342341 0.00381551 0.0042875 0.004843 0.00548598 0.00622063 0.00705125 0.00798213 0.00901744 0.0101611 0.0114166 0.0127869 0.0142743 0.0158804 0.0176057 0.0194498 0.0214111 0.0234866 0.0256723 0.0279625 0.0303503 0.0328273 0.0353835 0.0380078 0.0406875 0.0434089 0.0461569 0.0489154 0.0516675 0.0543957 0.0570816 0.0597068 0.0622526 0.0647003 0.0670317 0.0692288 0.0712747 0.073153 0.0748488 0.0763482 0.0776389 0.0787104 0.0795535 0.0801613 0.0805288 0.0806527 0.0805322 0.0801682 0.0795638 0.0787242 0.0776565 0.0763696 0.0748742 0.0731825 0.0713085 0.0692671 0.0670746 0.064748 0.0623052 0.0597644 0.0571442 0.0544633 0.0517401 0.0489929 0.046239 0.0434956 0.0407784 0.0381026 0.0354818 0.0329286 0.0304542 0.0280684 0.0257796 0.0235947 0.0215194 0.0195577 0.0177125 0.0159855 0.0143771 0.0128867 0.0115129 0.0102534 0.00910517 0.00806487 0.00712857 0.00629216 0.0055514 0.00490201 0.00433987 0.00386105 0.00346195 0.00313938 0.00289061 0.00271346 0.00260654 
0.00291734 0.00295246 0.00306532 0.00325722 0.00352992 0.00388586 0.00432808 0.00486012 0.00548598 0.00621001 0.00703677 0.00797096 0.00901724 0.0101801 0.0114638 0.0128721 0.014408 0.0160741 0.0178718 0.0198015 0.0218625 0.0240529 0.0263692 0.0288067 0.0313589 0.0340179 0.0367743 0.0396169 0.0425333 0.0455092 0.0485294 0.0515771 0.0546347 0.0576834 0.0607037 0.0636756 0.0665787 0.0693926 0.0720968 0.0746713 0.0770965 0.0793538 0.0814256 0.0832953 0.0849479 0.0863702 0.0875504 0.0884789 0.089148 0.0895522 0.0896881 0.0895547 0.089153 0.0884865 0.0875608 0.0863834 0.0849643 0.0833149 0.0814488 0.0793808 0.0771276 0.0747066 0.0721367 0.0694373 0.0666283 0.0637303 0.0607635 0.0577485 0.054705 0.0516526 0.0486099 0.0455945 0.042623 0.0397109 0.036872 0.0341189 0.0314626 0.0289125 0.0264766 0.0241612 0.021971 0.0199095 0.0179786 0.0161791 0.0145105 0.0129714 0.0115593 0.0102713 0.00910347 0.0080518 0.00711178 0.00627878 0.00554818 0.00491544 0.00437628 0.00392673 0.0035633 0.00328299 0.00308342 0.00296302 
0.00332035 0.00336027 0.003488 0.00370497 0.00401313 0.00441516 0.0049144 0.00551476 0.00622063 0.00703677 0.00796818 0.00901997 0.0101972 0.0115048 0.0129473 0.0145286 0.0162521 0.0181203 0.0201346 0.0222953 0.0246013 0.0270503 0.0296382 0.0323595 0.0352068 0.0381711 0.0412418 0.0444064 0.0476508 0.0509594 0.0543148 0.0576988 0.0610915 0.0644723 0.0678197 0.0711116 0.0743256 0.0774391 0.0804299 0.0832758 0.0859557 0.0884489 0.0907364 0.0928 0.0946235 0.0961924 0.0974938 0.0985174 0.0992547 0.0996999 0.0998491 0.0997013 0.0992577 0.0985219 0.0975001 0.0962007 0.0946341 0.0928131 0.0907523 0.088468 0.0859783 0.0833024 0.0804607 0.0774745 0.0743658 0.0711569 0.0678703 0.0645284 0.0611532 0.0577661 0.0543877 0.0510377 0.0477344 0.0444949 0.0413348 0.0382682 0.0353074 0.0324631 0.0297441 0.0271579 0.0247099 0.022404 0.0202428 0.0182272 0.016357 0.0146307 0.0130459 0.0115994 0.010287 0.00910444 0.0080468 0.00710906 0.00628618 0.0055732 0.00496542 0.0044585 0.00404859 0.00373241 0.00350731 0.0033716 
0.00377754 0.0038229 0.0039674 0.00421263 0.00456073 0.00501467 0.00557812 0.00625538 0.00705125 0.00797096 0.00901997 0.0102039 0.0115281 0.0129981 0.0146185 0.0163938 0.0183274 0.0204217 0.0226783 0.0250971 0.0276767 0.0304143 0.033305 0.0363425 0.0395185 0.0428226 0.0462429 0.0497653 0.0533741 0.0570517 0.060779 0.0645355 0.0682995 0.0720479 0.0757571 0.0794028 0.0829602 0.0864048 0.0897118 0.0928573 0.0958179 0.0985713 0.101096 0.103374 0.105385 0.107115 0.10855 0.109679 0.110491 0.110981 0.111145 0.110981 0.110492 0.10968 0.108552 0.107118 0.105389 0.103379 0.101104 0.0985813 0.0958309 0.0928737 0.089732 0.0864293 0.0829895 0.0794372 0.075797 0.0720935 0.0683511 0.0645932 0.0608428 0.0571216 0.0534499 0.0498469 0.0463299 0.0429146 0.0396149 0.0364429 0.0334086 0.0305204 0.0277846 0.025206 0.0227874 0.0205302 0.0184344 0.0164986 0.0147202 0.0130959 0.0116215 0.010292 0.00910226 0.00804686 0.00712026 0.00631705 0.00563208 0.00506061 0.00459839 0.00424181 0.00398799 0.00383503 
0.00429174 0.00434318 0.00450643 0.00478322 0.00517593 0.00568781 0.00632291 0.00708592 0.00798213 0.00901724 0.0101972 0.0115281 0.0130159 0.0146664 0.0164846 0.0184752 0.0206418 0.0229869 0.0255118 0.0282163 0.0310986 0.0341552 0.0373805 0.0407671 0.0443055 0.0479841 0.0517894 0.0557055 0.0597149 0.0637981 0.0679338 0.0720991 0.0762701 0.0804214 0.0845268 0.0885597 0.0924928 0.0962991 0.0999517 0.103424 0.106691 0.109728 0.112513 0.115023 0.117239 0.119145 0.120725 0.121968 0.122862 0.123401 0.123581 0.1234 0.12286 0.121965 0.120722 0.119142 0.117236 0.11502 0.112511 0.109728 0.106693 0.103429 0.0999599 0.0963113 0.0925096 0.0885815 0.0845543 0.0804548 0.0763098 0.0721455 0.0679868 0.0638579 0.0597815 0.0557787 0.0518689 0.0480696 0.0443965 0.040863 0.0374806 0.0342589 0.0312051 0.0283247 0.0256212 0.0230964 0.0207505 0.0185822 0.0165891 0.0147674 0.0131127 0.0116198 0.0102832 0.00909675 0.00805463 0.00715088 0.00637988 0.00573641 0.00521585 0.00481422 0.00452834 0.00435617 
0.0048657 0.0049239 0.00510794 0.00541972 0.00586186 0.00643792 0.00715233 0.00801024 0.00901744 0.0101801 0.0115048 0.0129981 0.0146664 0.0165158 0.018552 0.0207797 0.0232027 0.0258236 0.0286434 0.0316617 0.0348761 0.0382824 0.0418741 0.0456428 0.0495777 0.0536656 0.0578912 0.062237 0.0666832 0.0712082 0.0757884 0.0803985 0.0850119 0.0896007 0.0941363 0.098589 0.102929 0.107128 0.111154 0.114981 0.118579 0.121923 0.124987 0.127749 0.130187 0.132282 0.134019 0.135384 0.136366 0.136958 0.137155 0.136956 0.136361 0.135377 0.13401 0.132272 0.130175 0.127736 0.124975 0.121911 0.118569 0.114973 0.111149 0.107126 0.102932 0.0985966 0.0941495 0.0896201 0.085038 0.0804316 0.0758288 0.0712562 0.0667388 0.0623001 0.0579616 0.053743 0.0496617 0.0457329 0.0419696 0.0383825 0.03498 0.0317685 0.0287522 0.0259334 0.0233126 0.0208885 0.0186588 0.0166196 0.0147663 0.0130932 0.0115943 0.0102632 0.0090934 0.00807849 0.00721232 0.00648921 0.00590408 0.00545258 0.00513123 0.00493778 
0.00550209 0.00556776 0.0057747 0.006125 0.00662151 0.00726816 0.00806977 0.00903198 0.0101611 0.0114638 0.0129473 0.0146185 0.0164846 0.018552 0.0208267 0.0233137 0.0260169 0.0289388 0.0320803 0.0354406 0.0390167 0.0428036 0.0467938 0.0509777 0.0553429 0.0598747 0.0645559 0.0693669 0.0742858 0.0792884 0.0843487 0.0894388 0.0945294 0.0995898 0.104588 0.109493 0.114271 0.118891 0.123319 0.127525 0.131479 0.135152 0.138516 0.141547 0.144222 0.146521 0.148425 0.149922 0.150998 0.151647 0.151862 0.151642 0.15099 0.14991 0.14841 0.146502 0.144201 0.141524 0.138492 0.135127 0.131455 0.127503 0.123299 0.118873 0.114258 0.109485 0.104586 0.0995933 0.0945399 0.0894569 0.0843747 0.0793227 0.0743285 0.0694181 0.0646155 0.0599425 0.0554184 0.0510605 0.0468833 0.0428989 0.039117 0.0355449 0.0321877 0.0290481 0.0261271 0.0234236 0.0209353 0.0186582 0.0165873 0.0147168 0.01304 0.0115503 0.0102404 0.00910345 0.00813276 0.00732214 0.00666604 0.00615972 0.00579938 0.00558255 
0.00620338 0.00627725 0.00650925 0.00690168 0.00745766 0.00818145 0.00907833 0.0101544 0.0114166 0.0128721 0.0145286 0.0163938 0.0184752 0.0207797 0.0233137 0.0260823 0.0290897 0.0323381 0.0358283 0.039559 0.0435264 0.0477247 0.0521453 0.0567772 0.0616064 0.0666163 0.0717879 0.0770992 0.0825259 0.0880412 0.0936165 0.0992211 0.104823 0.110388 0.115881 0.121269 0.126514 0.131583 0.13644 0.14105 0.145383 0.149405 0.153088 0.156406 0.159332 0.161847 0.16393 0.165565 0.166742 0.16745 0.167685 0.167444 0.16673 0.165548 0.163907 0.16182 0.159302 0.156372 0.153052 0.149367 0.145344 0.141012 0.136403 0.131548 0.126483 0.121242 0.115861 0.110373 0.104816 0.099222 0.0936261 0.0880598 0.0825538 0.0771366 0.0718348 0.0666726 0.0616717 0.056851 0.0522271 0.0478136 0.0436216 0.0396595 0.0359331 0.0324459 0.0291994 0.0261927 0.0234235 0.0208877 0.0185803 0.0164948 0.0146244 0.0129617 0.0114991 0.010229 0.00914422 0.00823806 0.00750445 0.00693826 0.00653533 0.00629297 
0.00697179 0.00705459 0.00731387 0.00775211 0.00837272 0.00918033 0.0101807 0.0113804 0.0127869 0.014408 0.0162521 0.0183274 0.0206418 0.0232027 0.0260169 0.0290897 0.0324251 0.0360256 0.0398914 0.0440206 0.0484088 0.0530491 0.0579317 0.0630439 0.0683702 0.0738921 0.079588 0.0854338 0.0914025 0.0974648 0.103589 0.109741 0.115886 0.121987 0.128007 0.133906 0.139647 0.145192 0.150502 0.155541 0.160273 0.164665 0.168685 0.172305 0.175497 0.178239 0.18051 0.182292 0.183574 0.184346 0.184601 0.184338 0.183559 0.18227 0.18048 0.178203 0.175456 0.172259 0.168635 0.164612 0.160218 0.155485 0.150447 0.145139 0.139597 0.13386 0.127966 0.121953 0.115859 0.109723 0.10358 0.0974656 0.0914136 0.0854554 0.0796203 0.0739349 0.0684234 0.063107 0.0580041 0.0531301 0.0484975 0.0441159 0.0399923 0.0361308 0.0325333 0.0291995 0.0261271 0.0233119 0.0207486 0.0184306 0.0163505 0.0145005 0.0128723 0.0114578 0.0102493 0.00923945 0.00842171 0.00779051 0.00734132 0.00707124 
0.00780916 0.00790166 0.00819044 0.00867822 0.00936869 0.0102669 0.0113789 0.0127121 0.0142743 0.0160741 0.0181203 0.0204217 0.0229869 0.0258236 0.0289388 0.0323381 0.0360256 0.0400034 0.0442713 0.0488269 0.053665 0.0587773 0.0641528 0.0697772 0.0756329 0.0816994 0.0879528 0.0943662 0.10091 0.107552 0.114257 0.120989 0.127708 0.134375 0.14095 0.147389 0.153652 0.159698 0.165484 0.170973 0.176126 0.180906 0.18528 0.189216 0.192687 0.195667 0.198134 0.200071 0.201463 0.2023 0.202577 0.202291 0.201444 0.200042 0.198097 0.195621 0.192634 0.189157 0.185215 0.180837 0.176054 0.170899 0.16541 0.159624 0.153581 0.147322 0.140888 0.13432 0.12766 0.120949 0.114228 0.107533 0.100902 0.0943699 0.0879683 0.0817268 0.0756721 0.0698277 0.0642142 0.0588488 0.0537456 0.0489157 0.044367 0.0401047 0.0361311 0.0324465 0.0290485 0.0259331 0.0230948 0.0205267 0.0182209 0.016169 0.0143623 0.0127922 0.0114501 0.0103284 0.00941978 0.00871836 0.00821923 0.00791923 
0.0087169 0.00881985 0.0091404 0.00968147 0.010447 0.0114425 0.0126746 0.0141511 0.0158804 0.0178718 0.0201346 0.0226783 0.0255118 0.0286434 0.0320803 0.0358283 0.0398914 0.0442713 0.0489676 0.053977 0.0592932 0.0649069 0.0708054 0.0769726 0.083389 0.0900316 0.0968741 0.103887 0.111037 0.11829 0.125607 0.132948 0.140271 0.147532 0.154688 0.161694 0.168503 0.175073 0.181358 0.187316 0.192907 0.198092 0.202834 0.207101 0.210861 0.214089 0.216761 0.218858 0.220365 0.221271 0.22157 0.221259 0.220341 0.218823 0.216716 0.214034 0.210797 0.207028 0.202754 0.198006 0.192817 0.187223 0.181263 0.174978 0.16841 0.161604 0.154603 0.147454 0.1402 0.132886 0.125555 0.118249 0.111008 0.103871 0.0968709 0.0900416 0.0834121 0.0770086 0.0708538 0.064967 0.059364 0.0540575 0.0490566 0.0443674 0.0399931 0.0359341 0.0321885 0.0287524 0.0256201 0.0227842 0.0202367 0.0179686 0.0159706 0.0142335 0.0127481 0.0115062 0.0105001 0.00972325 0.00917047 0.00883834 
0.00969591 0.00981009 0.0101646 0.0107627 0.0116086 0.0127082 0.0140685 0.015698 0.0176057 0.0198015 0.0222953 0.0250971 0.0282163 0.0316617 0.0354406 0.039559 0.0440206 0.0488269 0.053977 0.0594666 0.0652884 0.0714316 0.077882 0.0846215 0.0916284 0.0988772 0.106339 0.113981 0.121768 0.12966 0.137617 0.145596 0.153549 0.161431 0.169194 0.176788 0.184166 0.19128 0.198083 0.204529 0.210575 0.216179 0.221303 0.225912 0.229972 0.233456 0.23634 0.238602 0.240227 0.241204 0.241526 0.24119 0.2402 0.238561 0.236286 0.23339 0.229895 0.225824 0.221207 0.216076 0.210466 0.204415 0.197967 0.191163 0.184049 0.176674 0.169083 0.161327 0.153453 0.145508 0.137541 0.129595 0.121716 0.113943 0.106315 0.0988676 0.0916335 0.084641 0.0779155 0.0714785 0.0653477 0.0595373 0.0540578 0.0489164 0.0441171 0.0396609 0.0355463 0.0317693 0.0283241 0.0252033 0.0223983 0.0198997 0.0176977 0.0157823 0.014144 0.0127738 0.0116634 0.010806 0.0101959 0.00982946 
0.0107465 0.0108726 0.0112634 0.0119222 0.0128536 0.0140638 0.0155605 0.0173526 0.0194498 0.0218625 0.0246013 0.0276767 0.0310986 0.0348761 0.0390167 0.0435264 0.0484088 0.053665 0.0592932 0.0652884 0.0716419 0.0783416 0.0853714 0.092711 0.100336 0.108219 0.116328 0.124628 0.133078 0.141638 0.150261 0.158902 0.16751 0.176036 0.184427 0.192632 0.200599 0.208276 0.215614 0.222563 0.229078 0.235114 0.240631 0.245591 0.24996 0.253707 0.256808 0.25924 0.260987 0.262037 0.262383 0.262021 0.260955 0.259193 0.256745 0.253631 0.24987 0.245489 0.240518 0.234992 0.228948 0.222427 0.215474 0.208134 0.200457 0.192492 0.184291 0.175905 0.167387 0.158788 0.150158 0.141547 0.133001 0.124565 0.116282 0.108188 0.100321 0.092712 0.0853881 0.0783735 0.071688 0.0653475 0.0593642 0.0537463 0.0484987 0.0436233 0.0391187 0.0349812 0.031205 0.0277824 0.0247046 0.0219616 0.019543 0.0174385 0.0156377 0.014131 0.0129099 0.0119669 0.0112958 0.0108929 
0.0118683 0.0120071 0.0124363 0.0131594 0.0141813 0.0155086 0.0171496 0.0191136 0.0214111 0.0240529 0.0270503 0.0304143 0.0341552 0.0382824 0.0428036 0.0477247 0.0530491 0.0587773 0.0649069 0.0714316 0.0783416 0.0856231 0.0932578 0.101223 0.109493 0.118037 0.126819 0.1358 0.144939 0.15419 0.163504 0.17283 0.182115 0.191305 0.200344 0.209177 0.217749 0.226005 0.233892 0.241358 0.248353 0.254832 0.260751 0.266071 0.270755 0.274772 0.278094 0.2807 0.282571 0.283696 0.284065 0.283677 0.282535 0.280646 0.278023 0.274684 0.270652 0.265954 0.260622 0.254691 0.248203 0.2412 0.233729 0.225839 0.217582 0.20901 0.20018 0.191146 0.181963 0.172688 0.163373 0.154072 0.144836 0.135712 0.126747 0.117982 0.109456 0.101204 0.0932558 0.085638 0.0783726 0.0714775 0.0649664 0.0588489 0.053131 0.0478152 0.0429006 0.0383839 0.0342591 0.0305186 0.027153 0.0241521 0.021505 0.0192005 0.017228 0.0155772 0.0142389 0.0132052 0.0124697 0.0120282 
0.0130601 0.0132124 0.0136821 0.0144729 0.0155901 0.0170409 0.0188337 0.0209786 0.0234866 0.0263692 0.0296382 0.033305 0.0373805 0.0418741 0.0467938 0.0521453 0.0579317 0.0641528 0.0708054 0.077882 0.0853714 0.0932578 0.101521 0.110136 0.119075 0.128302 0.13778 0.147467 0.157317 0.16728 0.177304 0.187335 0.197315 0.207187 0.21689 0.226367 0.235559 0.244406 0.252853 0.260845 0.268331 0.275261 0.281589 0.287274 0.292279 0.296569 0.300117 0.302899 0.304896 0.306096 0.30649 0.306075 0.304855 0.302838 0.300037 0.29647 0.292163 0.287142 0.281442 0.275101 0.26816 0.260665 0.252666 0.244214 0.235364 0.226173 0.216698 0.206999 0.197134 0.187163 0.177144 0.167133 0.157184 0.147351 0.137682 0.128222 0.119014 0.110095 0.101498 0.0932539 0.0853854 0.0779129 0.0708518 0.0642132 0.0580042 0.0522281 0.0468847 0.0419709 0.037481 0.0334071 0.0297396 0.0264679 0.0235806 0.0210661 0.0189129 0.0171104 0.0156489 0.0145198 0.0137163 0.0132342 
0.0143201 0.0144866 0.0149987 0.0158606 0.0170778 0.0186578 0.0206097 0.022944 0.0256723 0.0288067 0.0323595 0.0363425 0.0407671 0.0456428 0.0509777 0.0567772 0.0630439 0.0697772 0.0769726 0.0846215 0.092711 0.101223 0.110136 0.119423 0.12905 0.138982 0.149176 0.159588 0.170168 0.180862 0.191614 0.202365 0.213056 0.223623 0.234005 0.244137 0.253959 0.263407 0.272423 0.28095 0.288932 0.296318 0.30306 0.309115 0.314443 0.31901 0.322785 0.325745 0.327869 0.329145 0.329563 0.329122 0.327824 0.325677 0.322696 0.3189 0.314314 0.308968 0.302896 0.296139 0.28874 0.280747 0.272212 0.263189 0.253737 0.243914 0.233783 0.223405 0.212844 0.202163 0.191422 0.180684 0.170005 0.159443 0.14905 0.138875 0.128963 0.119357 0.110091 0.101199 0.0927064 0.0846358 0.0770043 0.0698248 0.0631055 0.0568508 0.0510611 0.0457337 0.0408631 0.0364413 0.0324587 0.028904 0.0257657 0.0230314 0.0206893 0.018728 0.0171373 0.0159083 0.0150337 0.0145091 
0.0156456 0.0158268 0.0163833 0.0173193 0.0186408 0.0203556 0.0224732 0.0250049 0.0279625 0.0313589 0.0352068 0.0395185 0.0443055 0.0495777 0.0553429 0.0616064 0.0683702 0.0756329 0.083389 0.0916284 0.100336 0.109493 0.119075 0.12905 0.139385 0.150038 0.160967 0.17212 0.183444 0.194884 0.206378 0.217863 0.229276 0.24055 0.251618 0.262415 0.272873 0.282929 0.29252 0.301585 0.310067 0.317913 0.325072 0.331498 0.337151 0.341995 0.345999 0.349136 0.351388 0.35274 0.353184 0.352716 0.351339 0.349063 0.345901 0.341875 0.33701 0.331336 0.324891 0.317715 0.309855 0.30136 0.292284 0.282685 0.272624 0.262163 0.251366 0.240301 0.229033 0.217629 0.206154 0.194674 0.183251 0.171944 0.16081 0.149903 0.139271 0.128959 0.119006 0.109447 0.100312 0.0916244 0.0834044 0.0756663 0.0684195 0.0616695 0.0554176 0.0496615 0.044396 0.039613 0.0353029 0.0314542 0.0280546 0.0250916 0.0225527 0.020426 0.0187007 0.0173676 0.0164189 0.0158499 
0.0170329 0.0172295 0.017832 0.0188451 0.0202747 0.0221293 0.0244189 0.027155 0.0303503 0.0340179 0.0381711 0.0428226 0.0479841 0.0536656 0.0598747 0.0666163 0.0738921 0.0816994 0.0900316 0.0988772 0.108219 0.118037 0.128302 0.138982 0.150038 0.161429 0.173104 0.185011 0.197093 0.209289 0.221535 0.233763 0.245906 0.257893 0.269655 0.28112 0.29222 0.302887 0.313054 0.32266 0.331643 0.339948 0.347523 0.354321 0.360299 0.36542 0.369651 0.372966 0.375345 0.376773 0.377241 0.376746 0.375292 0.372886 0.369545 0.365289 0.360145 0.354145 0.347326 0.339732 0.33141 0.322412 0.312794 0.302617 0.291943 0.280839 0.269373 0.257614 0.245631 0.233497 0.221279 0.209047 0.196867 0.184803 0.172916 0.161263 0.149896 0.138863 0.128207 0.117967 0.108173 0.0988534 0.0900293 0.081717 0.0739276 0.0666677 0.0599395 0.0537412 0.048068 0.042912 0.0382633 0.0341104 0.0304405 0.0272406 0.0244978 0.0221996 0.0203348 0.0188936 0.0178681 0.0172531 
0.0184774 0.0186899 0.0193401 0.0204327 0.0219741 0.023973 0.02644 0.029387 0.0328273 0.0367743 0.0412418 0.0462429 0.0517894 0.0578912 0.0645559 0.0717879 0.079588 0.0879528 0.0968741 0.106339 0.116328 0.126819 0.13778 0.149176 0.160967 0.173104 0.185536 0.198207 0.211054 0.224014 0.237018 0.249994 0.262872 0.275576 0.288032 0.300168 0.31191 0.323186 0.33393 0.344074 0.353557 0.362319 0.370309 0.377475 0.383775 0.38917 0.393627 0.397119 0.399624 0.401127 0.40162 0.401098 0.399566 0.397033 0.393514 0.38903 0.38361 0.377285 0.370096 0.362085 0.353304 0.343804 0.333646 0.322891 0.311606 0.299858 0.28772 0.275265 0.262565 0.249695 0.236729 0.223739 0.210795 0.197966 0.185317 0.172907 0.160794 0.149029 0.137659 0.126723 0.116259 0.106294 0.0968527 0.0879533 0.0796086 0.0718263 0.0646096 0.0579575 0.0518656 0.0463261 0.0413292 0.0368631 0.0329148 0.0294708 0.0265177 0.0240427 0.022034 0.0204813 0.0193764 0.018714 
0.0199738 0.0202027 0.0209018 0.0220762 0.0237324 0.0258796 0.0285287 0.0316921 0.0353835 0.0396169 0.0444064 0.0497653 0.0557055 0.062237 0.0693669 0.0770992 0.0854338 0.0943662 0.103887 0.113981 0.124628 0.1358 0.147467 0.159588 0.17212 0.185011 0.198207 0.211646 0.225264 0.23899 0.252754 0.26648 0.280092 0.293512 0.306662 0.319466 0.331846 0.34373 0.355045 0.365723 0.3757 0.384916 0.393315 0.400846 0.407464 0.413129 0.417809 0.421474 0.424103 0.42568 0.426197 0.42565 0.424042 0.421383 0.417688 0.41298 0.407287 0.400643 0.393087 0.384665 0.375429 0.365433 0.354738 0.34341 0.331516 0.319128 0.306321 0.29317 0.279753 0.266148 0.252432 0.238681 0.224971 0.211372 0.197955 0.184783 0.171916 0.159412 0.147318 0.135679 0.124533 0.113913 0.103845 0.0943484 0.0854381 0.0771233 0.0694083 0.0622929 0.0557731 0.0498415 0.0444882 0.0397014 0.0354677 0.0317735 0.0286048 0.0259482 0.0237917 0.0221246 0.0209383 0.0202272 
0.0215156 0.0217614 0.0225106 0.0237685 0.0255421 0.0278407 0.0306758 0.0340601 0.0380078 0.0425333 0.0476508 0.0533741 0.0597149 0.0666832 0.0742858 0.0825259 0.0914025 0.10091 0.111037 0.121768 0.133078 0.144939 0.157317 0.170168 0.183444 0.197093 0.211054 0.225264 0.239651 0.254144 0.268667 0.28314 0.297482 0.311614 0.325452 0.338918 0.351931 0.364414 0.376293 0.387498 0.397963 0.407624 0.416425 0.424314 0.431244 0.437175 0.442072 0.445907 0.448657 0.450308 0.450848 0.450275 0.448593 0.445811 0.441945 0.437017 0.431057 0.424098 0.416183 0.407357 0.397673 0.387188 0.375965 0.36407 0.351575 0.338553 0.325082 0.311242 0.297112 0.282775 0.268311 0.253802 0.239325 0.224956 0.210769 0.196832 0.18321 0.169961 0.157138 0.144791 0.132958 0.121677 0.110974 0.100873 0.0913895 0.0825347 0.0743139 0.0667277 0.0597729 0.0534423 0.0477262 0.0426126 0.0380881 0.0341386 0.0307498 0.0279079 0.0256005 0.0238166 0.022547 0.0217861 
0.0230957 0.0233586 0.0241588 0.0255017 0.0273946 0.0298472 0.0328711 0.0364798 0.0406875 0.0455092 0.0509594 0.0570517 0.0637981 0.0712082 0.0792884 0.0880412 0.0974648 0.107552 0.11829 0.12966 0.141638 0.15419 0.16728 0.180862 0.194884 0.209289 0.224014 0.23899 0.254144 0.269399 0.284674 0.299887 0.314954 0.329788 0.344306 0.358424 0.372059 0.385132 0.397565 0.409287 0.420228 0.430325 0.439519 0.447757 0.454991 0.461181 0.466291 0.470291 0.47316 0.474881 0.475444 0.474847 0.473093 0.470191 0.466157 0.461016 0.454795 0.447531 0.439264 0.430044 0.419922 0.408958 0.397216 0.384765 0.371679 0.358033 0.343908 0.329387 0.314553 0.299491 0.284286 0.269023 0.253784 0.238649 0.223695 0.208995 0.194617 0.180624 0.167072 0.154013 0.141492 0.129545 0.118204 0.107494 0.0974334 0.0880338 0.0793023 0.0712404 0.0638456 0.0571111 0.0510275 0.0455827 0.0407633 0.0365547 0.0329425 0.0299126 0.0274519 0.0255491 0.024195 0.0233836 
0.024706 0.0249862 0.025838 0.0272669 0.0292804 0.0318886 0.0351034 0.0389386 0.0434089 0.0485294 0.0543148 0.060779 0.0679338 0.0757884 0.0843487 0.0936165 0.103589 0.114257 0.125607 0.137617 0.150261 0.163504 0.177304 0.191614 0.206378 0.221535 0.237018 0.252754 0.268667 0.284674 0.300693 0.316635 0.332413 0.347939 0.363124 0.377881 0.392125 0.405774 0.418748 0.430974 0.442379 0.4529 0.462476 0.471053 0.478582 0.485022 0.490337 0.494498 0.497481 0.499271 0.499856 0.499236 0.497411 0.494394 0.490199 0.484851 0.478378 0.470817 0.46221 0.452605 0.442058 0.430628 0.41838 0.405387 0.391722 0.377465 0.3627 0.34751 0.331983 0.316208 0.300273 0.284266 0.268273 0.25238 0.236665 0.221208 0.206079 0.191344 0.177066 0.163298 0.150088 0.137477 0.125498 0.114178 0.103538 0.0935921 0.0843475 0.0758075 0.06797 0.060829 0.0543751 0.0485964 0.0434795 0.0390095 0.0351718 0.0319518 0.0293362 0.0273134 0.0258739 0.0250114 
0.0263376 0.0266353 0.027539 0.0290544 0.0311892 0.0339537 0.0373603 0.041423 0.0461569 0.0515771 0.0576988 0.0645355 0.0720991 0.0803985 0.0894388 0.0992211 0.109741 0.120989 0.132948 0.145596 0.158902 0.17283 0.187335 0.202365 0.217863 0.233763 0.249994 0.26648 0.28314 0.299887 0.316635 0.333293 0.349768 0.365969 0.381805 0.397186 0.412022 0.426231 0.43973 0.452443 0.464298 0.475229 0.485173 0.494077 0.501891 0.508572 0.514085 0.5184 0.521493 0.523348 0.523956 0.523312 0.521421 0.518292 0.513942 0.508395 0.50168 0.493833 0.484897 0.474922 0.463963 0.452082 0.439345 0.425824 0.411598 0.396746 0.381355 0.365513 0.349309 0.332835 0.316184 0.299446 0.282713 0.266073 0.249609 0.233404 0.217532 0.202065 0.187067 0.172595 0.158702 0.145429 0.132815 0.120888 0.109671 0.0991789 0.0894219 0.0804039 0.0721235 0.0645754 0.0577505 0.0516372 0.0462218 0.0414895 0.0374253 0.0340144 0.0312432 0.0290998 0.0275743 0.0266605 
0.0279809 0.0282961 0.0292517 0.0308536 0.0331097 0.0360305 0.0396287 0.0439186 0.0489154 0.0546347 0.0610915 0.0682995 0.0762701 0.0850119 0.0945294 0.104823 0.115886 0.127708 0.140271 0.153549 0.16751 0.182115 0.197315 0.213056 0.229276 0.245906 0.262872 0.280092 0.297482 0.314954 0.332413 0.349768 0.366922 0.38378 0.400248 0.416232 0.431642 0.446392 0.460397 0.473581 0.485868 0.497192 0.507491 0.516708 0.524794 0.531706 0.537408 0.54187 0.545068 0.546986 0.547614 0.546949 0.544994 0.54176 0.537262 0.531524 0.524577 0.516456 0.507206 0.496876 0.485521 0.473205 0.459996 0.445967 0.431198 0.415771 0.399774 0.383298 0.366436 0.349282 0.331932 0.314482 0.297025 0.279652 0.262454 0.245514 0.228913 0.212724 0.197017 0.181851 0.167283 0.153357 0.140114 0.127585 0.115795 0.104762 0.0944963 0.085003 0.076282 0.0683286 0.0611342 0.0546872 0.0489742 0.0439801 0.0396898 0.0360883 0.0331617 0.0308977 0.0292864 0.0283213 
0.0296257 0.0299584 0.0309655 0.0326534 0.03503 0.038106 0.0418944 0.0464098 0.0516675 0.0576834 0.0644723 0.0720479 0.0804214 0.0896007 0.0995898 0.110388 0.121987 0.134375 0.147532 0.161431 0.176036 0.191305 0.207187 0.223623 0.24055 0.257893 0.275576 0.293512 0.311614 0.329788 0.347939 0.365969 0.38378 0.401273 0.41835 0.434916 0.450878 0.466147 0.480638 0.494272 0.506973 0.518673 0.529309 0.538824 0.54717 0.554301 0.560183 0.564784 0.568082 0.57006 0.570708 0.570023 0.568008 0.564673 0.560034 0.554116 0.546948 0.538567 0.529017 0.518348 0.506616 0.493885 0.480223 0.465707 0.450416 0.434435 0.417855 0.400767 0.383269 0.365457 0.34743 0.329287 0.311125 0.293041 0.275126 0.25747 0.240155 0.223261 0.206858 0.191012 0.175781 0.161213 0.147351 0.13423 0.121876 0.110308 0.09954 0.0895771 0.0804204 0.0720659 0.0645055 0.057728 0.0517198 0.0464661 0.0419515 0.0381607 0.0350797 0.0326961 0.0309995 0.0299834 
0.0312612 0.0316111 0.0326693 0.034442 0.0369375 0.0401668 0.044143 0.0488807 0.0543957 0.0607037 0.0678197 0.0757571 0.0845268 0.0941363 0.104588 0.115881 0.128007 0.14095 0.154688 0.169194 0.184427 0.200344 0.21689 0.234005 0.251618 0.269655 0.288032 0.306662 0.325452 0.344306 0.363124 0.381805 0.400248 0.41835 0.436011 0.453134 0.469624 0.485389 0.500343 0.514405 0.527499 0.539556 0.550512 0.56031 0.568901 0.57624 0.582291 0.587025 0.590417 0.592451 0.593118 0.592413 0.590341 0.586912 0.582141 0.576052 0.568676 0.560049 0.550215 0.539224 0.527134 0.514008 0.499916 0.484935 0.469146 0.452636 0.435496 0.417822 0.399713 0.381267 0.362588 0.343777 0.324935 0.306161 0.287553 0.269201 0.251193 0.233612 0.216533 0.200024 0.184145 0.16895 0.154483 0.140782 0.127875 0.115783 0.104522 0.0940976 0.0845127 0.0757637 0.0678432 0.0607401 0.0544412 0.0489315 0.0441956 0.0402182 0.0369849 0.0344831 0.0327023 0.031636 
0.0328762 0.033243 0.0343512 0.0362072 0.0388195 0.042199 0.0463591 0.0513147 0.0570816 0.0636756 0.0711116 0.0794028 0.0885597 0.098589 0.109493 0.121269 0.133906 0.147389 0.161694 0.176788 0.192632 0.209177 0.226367 0.244137 0.262415 0.28112 0.300168 0.319466 0.338918 0.358424 0.377881 0.397186 0.416232 0.434916 0.453134 0.470787 0.487778 0.504014 0.519406 0.533874 0.547339 0.559732 0.570989 0.581054 0.589874 0.597408 0.603619 0.608476 0.611956 0.614043 0.614728 0.614006 0.61188 0.608362 0.603467 0.597219 0.589647 0.580789 0.570688 0.559395 0.546967 0.533468 0.51897 0.503548 0.487287 0.470273 0.452602 0.434369 0.415675 0.396624 0.37732 0.357868 0.338373 0.318936 0.299659 0.280637 0.26196 0.243716 0.225981 0.208829 0.192323 0.176519 0.161465 0.147199 0.133754 0.121152 0.10941 0.0985353 0.0885322 0.0793978 0.0711251 0.0637036 0.0571201 0.0513598 0.0464072 0.0422468 0.0388642 0.0362466 0.0343833 0.0332677 
0.0344592 0.0348425 0.0359994 0.0379366 0.0406624 0.0441882 0.0485274 0.053695 0.0597068 0.0665787 0.0743256 0.0829602 0.0924928 0.102929 0.114271 0.126514 0.139647 0.153652 0.168503 0.184166 0.200599 0.217749 0.235559 0.253959 0.272873 0.29222 0.31191 0.331846 0.351931 0.372059 0.392125 0.412022 0.431642 0.450878 0.469624 0.487778 0.505242 0.521921 0.537726 0.552574 0.566388 0.579096 0.590635 0.600948 0.609983 0.617699 0.624057 0.62903 0.632592 0.634729 0.635429 0.634691 0.632516 0.628916 0.623906 0.617509 0.609755 0.600682 0.590331 0.578755 0.566011 0.552162 0.537281 0.521445 0.504739 0.48725 0.469075 0.450313 0.431066 0.411439 0.391541 0.371478 0.35136 0.33129 0.311373 0.291709 0.272391 0.253509 0.235145 0.217374 0.200264 0.183873 0.168251 0.15344 0.139475 0.126379 0.114171 0.102861 0.092452 0.0829436 0.0743291 0.0665982 0.0597381 0.0537341 0.0485707 0.0442323 0.0407045 0.0379741 0.0360305 0.0348669 
0.0359984 0.0363977 0.0376018 0.0396174 0.042453 0.04612 0.0506321 0.0560043 0.0622526 0.0693926 0.0774391 0.0864048 0.0962991 0.107128 0.118891 0.131583 0.145192 0.159698 0.175073 0.19128 0.208276 0.226005 0.244406 0.263407 0.282929 0.302887 0.323186 0.34373 0.364414 0.385132 0.405774 0.426231 0.446392 0.466147 0.485389 0.504014 0.521921 0.539015 0.555206 0.570409 0.584547 0.597548 0.609349 0.619892 0.629127 0.63701 0.643506 0.648585 0.652223 0.654405 0.655121 0.654368 0.652148 0.648472 0.643355 0.636821 0.628899 0.619625 0.609044 0.597205 0.584166 0.569992 0.554754 0.538531 0.521408 0.503474 0.484827 0.465566 0.445797 0.425628 0.405168 0.384528 0.363819 0.343148 0.322624 0.302349 0.28242 0.262931 0.243966 0.225604 0.207916 0.190963 0.174797 0.159465 0.145 0.13143 0.118774 0.107044 0.0962452 0.0863766 0.0774326 0.0694035 0.0622767 0.0560376 0.0506707 0.0461604 0.0424922 0.0396529 0.0376317 0.0364218 
0.0374822 0.0378968 0.0391461 0.0412368 0.0441776 0.04798 0.0526577 0.0582258 0.0647003 0.0720968 0.0804299 0.0897118 0.0999517 0.111154 0.123319 0.13644 0.150502 0.165484 0.181358 0.198083 0.215614 0.233892 0.252853 0.272423 0.29252 0.313054 0.33393 0.355045 0.376293 0.397565 0.418748 0.43973 0.460397 0.480638 0.500343 0.519406 0.537726 0.555206 0.571754 0.587286 0.601724 0.614996 0.627038 0.637793 0.647211 0.655249 0.661871 0.667047 0.670755 0.672979 0.673709 0.672942 0.67068 0.666935 0.661721 0.655061 0.646984 0.637527 0.626733 0.614652 0.601341 0.586866 0.571298 0.554716 0.537205 0.518857 0.499769 0.480044 0.459787 0.43911 0.418123 0.396941 0.375676 0.35444 0.333343 0.312491 0.291986 0.271922 0.252388 0.233466 0.21523 0.197743 0.181061 0.165231 0.150291 0.136269 0.123186 0.111056 0.0998849 0.0896723 0.0804135 0.0720992 0.0647172 0.0582531 0.0526915 0.0480167 0.044214 0.0412704 0.0391749 0.0379206 
0.0388988 0.039328 0.0406202 0.0427823 0.045823 0.0497539 0.0545887 0.0603427 0.0670317 0.0746713 0.0832758 0.0928573 0.103424 0.114981 0.127525 0.14105 0.155541 0.170973 0.187316 0.204529 0.222563 0.241358 0.260845 0.28095 0.301585 0.32266 0.344074 0.365723 0.387498 0.409287 0.430974 0.452443 0.473581 0.494272 0.514405 0.533874 0.552574 0.570409 0.587286 0.60312 0.617833 0.631353 0.643616 0.654565 0.66415 0.672329 0.679065 0.68433 0.688101 0.690363 0.691106 0.690326 0.688028 0.684219 0.678916 0.672142 0.663924 0.6543 0.643312 0.631009 0.61745 0.602698 0.586827 0.569914 0.552046 0.533316 0.513821 0.493665 0.472957 0.451808 0.430331 0.408644 0.386861 0.365097 0.343465 0.322074 0.301027 0.280424 0.260357 0.240909 0.222157 0.204167 0.186999 0.1707 0.155311 0.140863 0.127377 0.114869 0.103345 0.0928068 0.0832499 0.0746655 0.0670416 0.0603642 0.0546177 0.0497868 0.0458567 0.042814 0.0406479 0.0393514 
0.040237 0.0406799 0.0420125 0.0442416 0.0473761 0.0514277 0.0564101 0.0623385 0.0692288 0.0770965 0.0859557 0.0958179 0.106691 0.118579 0.131479 0.145383 0.160273 0.176126 0.192907 0.210575 0.229078 0.248353 0.268331 0.288932 0.310067 0.331643 0.353557 0.3757 0.397963 0.420228 0.442379 0.464298 0.485868 0.506973 0.527499 0.547339 0.566388 0.584547 0.601724 0.617833 0.632796 0.646541 0.659004 0.670128 0.679864 0.68817 0.69501 0.700355 0.704183 0.70648 0.707234 0.706443 0.704111 0.700246 0.694863 0.687986 0.679641 0.669866 0.658701 0.646198 0.632413 0.61741 0.601263 0.584049 0.565855 0.546775 0.526907 0.506356 0.485233 0.463649 0.441722 0.419568 0.397307 0.375055 0.352927 0.331036 0.309488 0.288385 0.267821 0.247883 0.22865 0.210193 0.19257 0.175834 0.160026 0.145179 0.131316 0.118454 0.1066 0.0957569 0.0859205 0.0770828 0.069232 0.0623544 0.0564345 0.051457 0.047407 0.0442714 0.042039 0.0407029 
