1.33611e-07 1.40103e-07 1.72985e-07 2.37289e-07 3.42291e-07 5.02482e-07 7.38861e-07 1.08068e-06 1.56765e-06 2.25273e-06 3.20536e-06 4.51526e-06 6.29673e-06 8.6933e-06 1.18827e-05 1.60815e-05 2.15504e-05 2.85975e-05 3.75818e-05 4.89144e-05 6.30576e-05 8.0522e-05 0.00010186 0.000127654 0.000158506 0.000195018 0.000237767 0.000287287 0.000344035 0.000408364 0.000480491 0.000560473 0.000648173 0.000743246 0.000845114 0.000952966 0.00106575 0.0011822 0.00130081 0.00141994 0.00153776 0.00165237 0.00176182 0.00186415 0.00195749 0.00204004 0.00211022 0.00216663 0.00220814 0.00223392 0.00224343 0.0022365 0.00221327 0.00217421 0.00212014 0.00205214 0.00197157 0.00188 0.00177919 0.00167101 0.00155739 0.00144028 0.0013216 0.00120315 0.00108662 0.000973496 0.00086509 0.000762473 0.000666484 0.00057773 0.000496589 0.000423228 0.000357622 0.000299581 0.00024878 0.000204784 0.00016708 0.000135105 0.00010827 8.59804e-05 6.76584e-05 5.27526e-05 4.0751e-05 3.11873e-05 2.36447e-05 1.77575e-05 1.32098e-05 9.73314e-06 7.10283e-06 5.1335e-06 3.67442e-06 2.60471e-06 1.82879e-06 1.27211e-06 8.77316e-07 6.00974e-07 4.10718e-07 2.82955e-07 2.01023e-07 1.53876e-07 
1.40103e-07 1.46991e-07 1.81708e-07 2.49589e-07 3.60473e-07 5.29731e-07 7.79644e-07 1.14126e-06 1.65676e-06 2.38238e-06 3.39191e-06 4.7807e-06 6.67026e-06 9.21317e-06 1.25983e-05 1.70562e-05 2.28636e-05 3.03483e-05 3.98916e-05 5.19302e-05 6.69554e-05 8.55089e-05 0.000108177 0.000135577 0.000168348 0.000207125 0.000252522 0.000305099 0.00036534 0.000433615 0.000510152 0.000595004 0.000688025 0.00078884 0.000896836 0.00101115 0.00113066 0.00125402 0.00137965 0.00150579 0.00163052 0.00175183 0.00186765 0.00197592 0.00207464 0.00216195 0.00223615 0.00229578 0.00233965 0.00236688 0.00237691 0.00236954 0.00234494 0.0023036 0.00224638 0.00217442 0.00208917 0.00199227 0.00188558 0.00177108 0.0016508 0.00152682 0.00140115 0.0012757 0.00115226 0.00103242 0.000917547 0.000808787 0.000707034 0.000612932 0.000526887 0.000449078 0.000379484 0.000317906 0.000264002 0.000217312 0.000177297 0.000143359 0.000114875 9.12157e-05 7.17678e-05 5.59469e-05 4.32094e-05 3.30605e-05 2.50577e-05 1.88124e-05 1.39894e-05 1.03033e-05 7.5154e-06 5.42892e-06 3.8837e-06 2.75139e-06 1.9305e-06 1.34189e-06 9.24719e-07 6.32903e-07 4.3213e-07 2.97397e-07 2.11054e-07 1.61404e-07 
1.72985e-07 1.81708e-07 2.24766e-07 3.08744e-07 4.4576e-07 6.54718e-07 9.62982e-07 1.40863e-06 2.04332e-06 2.93582e-06 4.17622e-06 5.88073e-06 8.19717e-06 1.13108e-05 1.54506e-05 2.08951e-05 2.79785e-05 3.70951e-05 4.87031e-05 6.33254e-05 8.15487e-05 0.000104018 0.00013143 0.000164516 0.000204027 0.000250711 0.000305282 0.000368392 0.000440595 0.00052231 0.000613783 0.000715055 0.000825925 0.000945927 0.00107431 0.00121004 0.00135178 0.00149791 0.00164658 0.00179569 0.001943 0.00208613 0.00222267 0.00235021 0.00246642 0.00256913 0.00265635 0.0027264 0.00277788 0.00280978 0.00282146 0.00281268 0.00278364 0.00273493 0.00266751 0.00258275 0.00248231 0.00236811 0.00224232 0.00210725 0.00196528 0.00181884 0.00167028 0.00152187 0.0013757 0.00123364 0.00109735 0.000968162 0.000847165 0.000735138 0.000632578 0.000539722 0.000456564 0.000382891 0.000318314 0.000262307 0.000214241 0.000173422 0.000139117 0.000110585 8.7101e-05 6.79717e-05 5.2551e-05 4.02486e-05 3.05358e-05 2.29472e-05 1.70797e-05 1.25905e-05 9.19151e-06 6.64503e-06 4.75729e-06 3.3727e-06 2.36803e-06 1.64705e-06 1.13568e-06 7.77734e-07 5.31322e-07 3.65899e-07 2.59884e-07 1.98973e-07 
2.37289e-07 2.49589e-07 3.08744e-07 4.23709e-07 6.10906e-07 8.95892e-07 1.31558e-06 1.92122e-06 2.78218e-06 3.99055e-06 5.66663e-06 7.96524e-06 1.10826e-05 1.52642e-05 2.08119e-05 2.80924e-05 3.75437e-05 4.96811e-05 6.51007e-05 8.44808e-05 0.000108579 0.000138225 0.00017431 0.000217765 0.000269543 0.000330582 0.000401777 0.000483932 0.000577721 0.000683641 0.000801965 0.000932699 0.00107554 0.00122986 0.00139466 0.00156857 0.00174987 0.0019365 0.00212606 0.00231593 0.00250324 0.00268501 0.0028582 0.0030198 0.00316689 0.00329676 0.00340695 0.00349535 0.00356026 0.00360038 0.00361495 0.00360368 0.0035668 0.00350506 0.00341966 0.00331229 0.00318501 0.00304025 0.0028807 0.00270924 0.00252886 0.00234261 0.00215346 0.00196427 0.00177768 0.0015961 0.00142161 0.00125598 0.00110059 0.000956466 0.000824293 0.000704407 0.000596841 0.000501361 0.000417506 0.000344635 0.000281971 0.000228646 0.000183739 0.000146312 0.000115444 9.02484e-05 6.98958e-05 5.36259e-05 4.07549e-05 3.06787e-05 2.28727e-05 1.68886e-05 1.23493e-05 8.94223e-06 6.41189e-06 4.55268e-06 3.2013e-06 2.22991e-06 1.53982e-06 1.05605e-06 7.22575e-07 4.98465e-07 3.54759e-07 2.72246e-07 
3.42291e-07 3.60473e-07 4.4576e-07 6.10906e-07 8.79211e-07 1.28685e-06 1.88593e-06 2.74863e-06 3.97233e-06 5.68599e-06 8.05755e-06 1.13024e-05 1.56927e-05 2.15677e-05 2.93432e-05 3.95225e-05 5.27042e-05 6.959e-05 9.09884e-05 0.000117815 0.000151089 0.000191919 0.000241492 0.00030104 0.000371814 0.000455042 0.000551877 0.00066335 0.000790306 0.000933347 0.00109277 0.00126853 0.00146014 0.00166672 0.00188687 0.00211875 0.00236003 0.00260796 0.00285936 0.00311076 0.00335841 0.00359839 0.00382676 0.00403957 0.00423307 0.00440373 0.00454838 0.00466432 0.00474932 0.00480177 0.00482065 0.00480561 0.00475695 0.00467562 0.0045632 0.00442186 0.00425426 0.00406354 0.00385318 0.00362692 0.00338866 0.00314236 0.00289191 0.00264106 0.0023933 0.00215182 0.00191938 0.00169835 0.0014906 0.00129756 0.00112017 0.000958945 0.000813985 0.000685036 0.000571539 0.00047269 0.000387495 0.000314832 0.000253499 0.000202266 0.000159912 0.000125261 9.7206e-05 7.47275e-05 5.69042e-05 4.29195e-05 3.20613e-05 2.3719e-05 1.7377e-05 1.26065e-05 9.05613e-06 6.442e-06 4.53803e-06 3.16671e-06 2.19065e-06 1.50517e-06 1.03187e-06 7.13353e-07 5.08949e-07 3.91642e-07 
5.02482e-07 5.29731e-07 6.54718e-07 8.95892e-07 1.28685e-06 1.87961e-06 2.74892e-06 3.99804e-06 5.76591e-06 8.23596e-06 1.16463e-05 1.63014e-05 2.25847e-05 3.09722e-05 4.20459e-05 5.65068e-05 7.51861e-05 9.90538e-05 0.000129223 0.000166949 0.000213622 0.000270747 0.000339926 0.000422814 0.000521079 0.000636343 0.000770119 0.000923737 0.00109827 0.00129445 0.00151259 0.00175253 0.00201354 0.00229433 0.00259296 0.00290687 0.0032329 0.00356729 0.00390579 0.00424373 0.00457613 0.00489779 0.00520346 0.00548797 0.00574636 0.00597402 0.0061668 0.00632115 0.00643418 0.00650377 0.00652862 0.00650827 0.00644312 0.00633442 0.00618423 0.00599538 0.00577137 0.00551631 0.00523477 0.00493169 0.00461219 0.00428153 0.00394486 0.00360718 0.00327315 0.00294705 0.00263264 0.00233311 0.00205106 0.00178846 0.00154666 0.00132644 0.00112801 0.00095111 0.00079506 0.000658841 0.000541168 0.00044057 0.000355459 0.000284196 0.000225145 0.000176719 0.000137419 0.000105857 8.07727e-05 6.10451e-05 4.56928e-05 3.38708e-05 2.48633e-05 1.80728e-05 1.3008e-05 9.27082e-06 6.54315e-06 4.57451e-06 3.17052e-06 2.18263e-06 1.49935e-06 1.03887e-06 7.4309e-07 5.73404e-07 
7.38861e-07 7.79644e-07 9.62982e-07 1.31558e-06 1.88593e-06 2.74892e-06 4.01191e-06 5.82276e-06 8.37995e-06 1.19447e-05 1.6855e-05 2.35417e-05 3.25457e-05 4.45359e-05 6.03272e-05 8.08979e-05 0.000107403 0.000141185 0.000183778 0.000236906 0.000302464 0.000382501 0.000479178 0.00059472 0.00073135 0.000891215 0.00107629 0.0012883 0.00152859 0.00179805 0.00209697 0.00242502 0.00278109 0.00316333 0.00356901 0.0039946 0.00443577 0.00488744 0.00534389 0.00579884 0.00624564 0.00667739 0.00708714 0.00746807 0.00781364 0.00811778 0.00837508 0.00858088 0.00873142 0.00882393 0.00885672 0.00882919 0.00874188 0.00859641 0.0083955 0.00814285 0.00784305 0.00750148 0.00712416 0.00671758 0.00628854 0.00584396 0.00539072 0.00493546 0.00448444 0.00404339 0.00361742 0.00321087 0.00282732 0.00246951 0.00213938 0.00183807 0.001566 0.0013229 0.00110798 0.000919947 0.000757136 0.000617626 0.000499316 0.000400022 0.000317549 0.000249757 0.000194611 0.000150218 0.000114854 8.69774e-05 6.52337e-05 4.84521e-05 3.56371e-05 2.59547e-05 1.87172e-05 1.33653e-05 9.45091e-06 6.61993e-06 4.5969e-06 3.17073e-06 2.1826e-06 1.51569e-06 1.08693e-06 8.41014e-07 
1.08068e-06 1.14126e-06 1.40863e-06 1.92122e-06 2.74863e-06 3.99804e-06 5.82276e-06 8.43339e-06 1.21118e-05 1.72279e-05 2.42589e-05 3.3811e-05 4.66426e-05 6.36887e-05 8.60842e-05 0.000115186 0.00015259 0.000200144 0.00025995 0.000334358 0.000425943 0.000537471 0.000671844 0.00083203 0.00102097 0.00124149 0.00149616 0.00178716 0.00211619 0.00248426 0.00289165 0.0033377 0.00382079 0.00433826 0.00488632 0.00546014 0.00605382 0.00666052 0.00727257 0.00788162 0.00847884 0.00905512 0.00960132 0.0101085 0.010568 0.0109721 0.0113136 0.0115865 0.0117859 0.0119082 0.0119512 0.0119142 0.0117979 0.0116044 0.0113372 0.0110012 0.0106022 0.0101474 0.0096446 0.00910227 0.00852935 0.00793496 0.00732816 0.00671777 0.00611212 0.00551888 0.0049449 0.00439608 0.00387731 0.0033924 0.00294407 0.002534 0.00216292 0.00183063 0.00153618 0.00127797 0.00105388 0.000861417 0.000697813 0.00056018 0.000445592 0.000351179 0.000274195 0.000212078 0.000162479 0.000123291 9.26544e-05 6.89554e-05 5.08173e-05 3.70828e-05 2.6794e-05 1.91693e-05 1.35808e-05 9.53077e-06 6.6308e-06 4.58254e-06 3.16092e-06 2.20003e-06 1.58168e-06 1.2271e-06 
1.56765e-06 1.65676e-06 2.04332e-06 2.78218e-06 3.97233e-06 5.76591e-06 8.37995e-06 1.21118e-05 1.73584e-05 2.4639e-05 3.46214e-05 4.81514e-05 6.62832e-05 9.03122e-05 0.000121805 0.000162626 0.000214963 0.000281335 0.000364597 0.000467923 0.000594778 0.00074886 0.000934028 0.0011542 0.00141324 0.00171481 0.0020622 0.00245817 0.00290478 0.00340319 0.00395352 0.0045547 0.00520434 0.00589868 0.00663253 0.0073993 0.00819106 0.0089987 0.00981201 0.01062 0.011411 0.0121732 0.0128947 0.0135637 0.0141693 0.0147012 0.0151503 0.0155088 0.0157705 0.0159308 0.0159869 0.0159377 0.0157843 0.0155293 0.0151772 0.0147344 0.0142084 0.0136084 0.0129445 0.0122277 0.0114696 0.0106821 0.009877 0.00906596 0.00825992 0.00746904 0.00670246 0.00596811 0.00527259 0.00462114 0.00401755 0.0034643 0.00296252 0.00251218 0.00211221 0.00176066 0.00145483 0.00119154 0.000967199 0.000778018 0.000620136 0.00048974 0.000383165 0.000296965 0.000227976 0.000173341 0.000130529 9.7336e-05 7.18744e-05 5.25515e-05 3.80444e-05 2.72706e-05 1.93572e-05 1.36104e-05 9.48718e-06 6.56942e-06 4.54077e-06 3.16756e-06 2.28302e-06 1.77589e-06 
2.25273e-06 2.38238e-06 2.93582e-06 3.99055e-06 5.68599e-06 8.23596e-06 1.19447e-05 1.72279e-05 2.4639e-05 3.48997e-05 4.89354e-05 6.7914e-05 9.32868e-05 0.00012683 0.000170683 0.000227386 0.000299901 0.00039163 0.000506407 0.000648478 0.000822449 0.00103321 0.00128584 0.00158545 0.00193704 0.0023453 0.00281439 0.00334773 0.00394777 0.00461578 0.00535159 0.00615349 0.00701804 0.00794001 0.00891234 0.00992618 0.010971 0.0120347 0.0131039 0.0141644 0.0152009 0.0161982 0.0171409 0.0180139 0.0188033 0.0194959 0.0200801 0.020546 0.0208858 0.0210935 0.0211657 0.0211012 0.020901 0.0205687 0.02011 0.0195328 0.018847 0.018064 0.0171969 0.0162597 0.0152674 0.0142352 0.0131785 0.0121123 0.0110509 0.0100076 0.00899446 0.00802205 0.00709919 0.00623297 0.00542868 0.00468981 0.00401816 0.00341397 0.0028761 0.0024022 0.00198896 0.00163233 0.00132772 0.00107023 0.000854812 0.000676467 0.000530349 0.000411885 0.000316847 0.000241404 0.00018215 0.000136103 0.000100701 7.37731e-05 5.35121e-05 3.84323e-05 2.73323e-05 1.92546e-05 1.34474e-05 9.33006e-06 6.4623e-06 4.51821e-06 3.26472e-06 2.54616e-06 
3.20536e-06 3.39191e-06 4.17622e-06 5.66663e-06 8.05755e-06 1.16463e-05 1.6855e-05 2.42589e-05 3.46214e-05 4.89354e-05 6.84697e-05 9.48203e-05 0.000129963 0.000176308 0.000236749 0.000314702 0.000414139 0.000539601 0.000696182 0.000889492 0.00112559 0.00141086 0.00175191 0.0021553 0.00262744 0.00317424 0.00380088 0.00451152 0.00530899 0.00619455 0.00716759 0.00822547 0.00936331 0.0105739 0.0118478 0.0131733 0.0145364 0.0159215 0.0173112 0.018687 0.0200297 0.0213194 0.0225368 0.0236629 0.0246798 0.0255711 0.0263222 0.0269206 0.0273566 0.0276228 0.0277147 0.027631 0.027373 0.0269451 0.0263545 0.0256111 0.0247273 0.0237176 0.0225983 0.0213872 0.0201033 0.018766 0.0173948 0.0160091 0.0146272 0.0132664 0.0119424 0.0106691 0.00945809 0.00831895 0.00725889 0.00628282 0.00539347 0.00459156 0.00387593 0.00324388 0.00269138 0.00221339 0.0018041 0.00145726 0.00116639 0.00092497 0.000726692 0.000565546 0.000435955 0.000332837 0.000251653 0.000188418 0.000139688 0.000102539 7.45246e-05 5.3628e-05 3.82132e-05 2.69719e-05 1.88737e-05 1.3121e-05 9.10703e-06 6.38184e-06 4.62297e-06 3.61481e-06 
4.51526e-06 4.7807e-06 5.88073e-06 7.96524e-06 1.13024e-05 1.63014e-05 2.35417e-05 3.3811e-05 4.81514e-05 6.7914e-05 9.48203e-05 0.000131028 0.000179198 0.000242565 0.000324997 0.000431042 0.000565967 0.00073576 0.000947112 0.00120735 0.00152434 0.00190634 0.00236179 0.00289907 0.00352622 0.00425059 0.00507852 0.00601495 0.00706307 0.00822395 0.00949629 0.0108761 0.0123566 0.0139282 0.015578 0.0172909 0.0190487 0.0208311 0.0226161 0.0243801 0.0260985 0.0277467 0.0293002 0.0307351 0.0320294 0.0331625 0.0341164 0.0348759 0.0354285 0.0357654 0.0358812 0.035774 0.0354455 0.0349013 0.0341503 0.0332045 0.0320794 0.030793 0.0293655 0.0278193 0.0261779 0.0244657 0.0227075 0.0209275 0.0191494 0.017395 0.0156847 0.0140363 0.0124652 0.010984 0.00960249 0.00832741 0.00716282 0.00611014 0.00516841 0.00433457 0.00360384 0.00297004 0.00242597 0.00196375 0.00157512 0.00125176 0.000985516 0.000768596 0.000593721 0.000454233 0.00034415 0.000258201 0.000191813 0.000141085 0.000102744 7.40808e-05 5.28905e-05 3.74043e-05 2.62252e-05 1.82683e-05 1.27065e-05 8.92463e-06 6.48133e-06 5.08095e-06 
6.29673e-06 6.67026e-06 8.19717e-06 1.10826e-05 1.56927e-05 2.25847e-05 3.25457e-05 4.66426e-05 6.62832e-05 9.32868e-05 0.000129963 0.000179198 0.000244538 0.000330275 0.000441523 0.00058427 0.000765418 0.000992779 0.00127503 0.00162164 0.0020427 0.00254872 0.0031504 0.00385823 0.00468218 0.00563128 0.0067131 0.00793339 0.00929556 0.0108003 0.0124452 0.0142245 0.0161289 0.0181453 0.0202574 0.022445 0.0246851 0.0269519 0.0292174 0.031452 0.033625 0.0357058 0.037664 0.0394704 0.0410976 0.0425206 0.0437173 0.0446691 0.0453611 0.0457824 0.0459264 0.0457909 0.0453781 0.0446946 0.0437512 0.0425629 0.0411483 0.0395293 0.0377311 0.0357808 0.0337077 0.0315419 0.0293143 0.0270551 0.0247939 0.0225585 0.0203747 0.0182654 0.0162505 0.0143465 0.0125663 0.0109193 0.00941128 0.00804471 0.00681903 0.00573099 0.00477501 0.0039437 0.00322822 0.00261879 0.00210506 0.00167652 0.00132277 0.00103383 0.000800307 0.000613577 0.000465853 0.000350235 0.000260719 0.000192159 0.00014022 0.000101303 7.24692e-05 5.13514e-05 3.60754e-05 2.51807e-05 1.75517e-05 1.23563e-05 8.99624e-06 7.07054e-06 
8.6933e-06 9.21317e-06 1.13108e-05 1.52642e-05 2.15677e-05 3.09722e-05 4.45359e-05 6.36887e-05 9.03122e-05 0.00012683 0.000176308 0.000242565 0.000330275 0.000445074 0.000593645 0.000783787 0.00102444 0.00132568 0.00169864 0.00215538 0.0027087 0.00337183 0.00415811 0.00508054 0.0061513 0.00738123 0.00877925 0.0103518 0.0121024 0.014031 0.0161335 0.0184019 0.0208234 0.0233811 0.0260533 0.0288147 0.0316359 0.0344846 0.0373256 0.0401224 0.0428373 0.0454325 0.0478709 0.050117 0.0521377 0.0539027 0.0553855 0.0565638 0.0574195 0.0579398 0.0581168 0.0579478 0.0574355 0.0565878 0.0554177 0.0539431 0.0521864 0.0501741 0.0479365 0.0455066 0.0429199 0.0402134 0.0374247 0.0345913 0.0317498 0.0289349 0.026179 0.0235111 0.0209566 0.0185369 0.0162689 0.0141653 0.0122342 0.0104797 0.00890199 0.00749772 0.00626062 0.00518196 0.00425114 0.00345617 0.00278428 0.00222232 0.00175723 0.00137637 0.00106777 0.000820387 0.000624193 0.000470264 0.000350798 0.000259083 0.000189439 0.000137138 9.83006e-05 6.9794e-05 4.91297e-05 3.43628e-05 2.40032e-05 1.69374e-05 1.2363e-05 9.74134e-06 
1.18827e-05 1.25983e-05 1.54506e-05 2.08119e-05 2.93432e-05 4.20459e-05 6.03272e-05 8.60842e-05 0.000121805 0.000170683 0.000236749 0.000324997 0.000441523 0.000593645 0.000790007 0.00104065 0.00135702 0.00175196 0.0022396 0.00283512 0.00355454 0.00441432 0.00543086 0.00662002 0.00799646 0.00957299 0.0113599 0.0133641 0.015589 0.0180332 0.0206905 0.0235496 0.0265937 0.0298004 0.0331425 0.0365876 0.040099 0.0436365 0.047157 0.0506157 0.0539666 0.0571641 0.0601635 0.0629223 0.0654008 0.0675632 0.0693779 0.0708184 0.0718636 0.0724983 0.0727132 0.0725052 0.0718775 0.0708393 0.0694061 0.067599 0.0654445 0.0629742 0.0602239 0.0572333 0.0540449 0.0507032 0.0472538 0.0437424 0.0402137 0.0367105 0.0332729 0.0299372 0.0267356 0.0236953 0.0208383 0.0181814 0.0157361 0.0135083 0.0114996 0.00970683 0.00812316 0.00673855 0.00554043 0.00451442 0.0036449 0.0029157 0.0023106 0.00181378 0.00141018 0.00108582 0.000827919 0.000625076 0.000467262 0.000345815 0.000253377 0.000183797 0.000132011 9.39169e-05 6.62437e-05 4.64283e-05 3.25014e-05 2.29876e-05 1.68218e-05 1.32881e-05 
1.60815e-05 1.70562e-05 2.08951e-05 2.80924e-05 3.95225e-05 5.65068e-05 8.08979e-05 0.000115186 0.000162626 0.000227386 0.000314702 0.000431042 0.00058427 0.000783787 0.00104065 0.00136763 0.00177924 0.00229167 0.0029226 0.00369095 0.00461652 0.00571948 0.00701978 0.00853646 0.0102869 0.0122859 0.014545 0.0170716 0.0198681 0.0229315 0.0262525 0.0298157 0.033599 0.0375739 0.0417055 0.0459538 0.0502732 0.0546146 0.0589255 0.0631517 0.0672381 0.0711302 0.074775 0.0781221 0.081125 0.0837416 0.085935 0.0876745 0.0889354 0.0897001 0.0899579 0.0897053 0.0889458 0.0876904 0.0859568 0.0837697 0.08116 0.0781645 0.0748255 0.0711895 0.0673069 0.0632304 0.0590146 0.0547143 0.0503835 0.0460743 0.0418358 0.0377129 0.0337457 0.0299686 0.0264098 0.0230914 0.0200287 0.0172309 0.0147011 0.012437 0.0104313 0.00867282 0.00714694 0.0058366 0.00472307 0.00378668 0.00300755 0.00236613 0.00184369 0.00142272 0.00108716 0.000822562 0.000616194 0.000456995 0.000335533 0.000243891 0.000175529 0.00012513 8.84389e-05 6.21129e-05 4.35758e-05 3.08927e-05 2.26641e-05 1.7948e-05 
2.15504e-05 2.28636e-05 2.79785e-05 3.75437e-05 5.27042e-05 7.51861e-05 0.000107403 0.00015259 0.000214963 0.000299901 0.000414139 0.000565967 0.000765418 0.00102444 0.00135702 0.00177924 0.00230929 0.00296733 0.00377524 0.00475631 0.00593471 0.00733486 0.00898067 0.0108947 0.0130971 0.0156047 0.0184302 0.0215807 0.0250575 0.0288548 0.0329595 0.0373508 0.0420001 0.0468712 0.0519208 0.0570993 0.0623512 0.0676169 0.0728335 0.0779364 0.0828603 0.087541 0.0919165 0.0959282 0.099522 0.102649 0.105268 0.107343 0.108845 0.109755 0.110061 0.109758 0.108851 0.107352 0.105281 0.102666 0.0995442 0.0959565 0.091952 0.0875848 0.0829135 0.078 0.0729084 0.0677038 0.0624505 0.0572111 0.0520449 0.0470068 0.0421462 0.037506 0.0331222 0.0290229 0.0252289 0.0217531 0.0186012 0.0157722 0.0132589 0.011049 0.009126 0.00746992 0.00605862 0.00486853 0.00387558 0.0030559 0.00238648 0.00184565 0.00141342 0.00107174 0.000804577 0.00059797 0.000439958 0.000320456 0.000231106 0.000165084 0.000116916 8.22848e-05 5.78537e-05 4.11115e-05 3.02376e-05 2.4005e-05 
2.85975e-05 3.03483e-05 3.70951e-05 4.96811e-05 6.959e-05 9.90538e-05 0.000141185 0.000200144 0.000281335 0.00039163 0.000539601 0.00073576 0.000992779 0.00132568 0.00175196 0.00229167 0.00296733 0.00380375 0.00482775 0.00606761 0.00755249 0.00931156 0.0113731 0.0137633 0.0165053 0.0196178 0.023114 0.0270006 0.0312766 0.0359326 0.0409504 0.0463025 0.0519526 0.0578552 0.0639571 0.0701975 0.0765098 0.0828227 0.0890616 0.0951505 0.101013 0.106575 0.111765 0.116515 0.120764 0.124456 0.127545 0.129988 0.131757 0.132827 0.133185 0.132826 0.131756 0.129988 0.127545 0.124459 0.120769 0.116524 0.11178 0.106597 0.101044 0.0951921 0.0891151 0.0828893 0.0765906 0.070293 0.0640675 0.0579803 0.0520915 0.0464541 0.0411129 0.0361041 0.0314546 0.0271826 0.0232974 0.0197997 0.0166833 0.0139351 0.0115366 0.00946501 0.00769457 0.00619741 0.00494474 0.00390781 0.00305866 0.00237078 0.00181959 0.00138274 0.00104029 0.000774803 0.000571263 0.000416962 0.000301323 0.000215683 0.000153065 0.000107952 7.60668e-05 5.41814e-05 3.99515e-05 3.17947e-05 
3.75818e-05 3.98916e-05 4.87031e-05 6.51007e-05 9.09884e-05 0.000129223 0.000183778 0.00025995 0.000364597 0.000506407 0.000696182 0.000947112 0.00127503 0.00169864 0.0022396 0.0029226 0.00377524 0.00482775 0.00611255 0.00766365 0.00951572 0.0117032 0.0142589 0.0172131 0.0205915 0.0244145 0.0286954 0.0334394 0.0386423 0.04429 0.0503577 0.0568099 0.0636007 0.0706741 0.0779649 0.0854003 0.0929009 0.100382 0.107758 0.114938 0.121837 0.128368 0.13445 0.140007 0.144969 0.149276 0.152874 0.155718 0.157773 0.159016 0.15943 0.159012 0.157765 0.155706 0.152859 0.14926 0.144953 0.139992 0.134439 0.128362 0.121839 0.114951 0.107782 0.100421 0.0929549 0.0854713 0.0780535 0.0707806 0.0637247 0.0569505 0.0505134 0.0444588 0.0388217 0.0336266 0.0288874 0.0246081 0.0207837 0.017401 0.0144399 0.0118749 0.00967632 0.00781173 0.0062472 0.00494848 0.00388202 0.00301576 0.00231977 0.00176671 0.00133206 0.000994239 0.000734605 0.000537305 0.000389094 0.000279081 0.000198466 0.000140267 9.90542e-05 7.07216e-05 5.22793e-05 4.17066e-05 
4.89144e-05 5.19302e-05 6.33254e-05 8.44808e-05 0.000117815 0.000166949 0.000236906 0.000334358 0.000467923 0.000648478 0.000889492 0.00120735 0.00162164 0.00215538 0.00283512 0.00369095 0.00475631 0.00606761 0.00766365 0.00958473 0.0118717 0.0145645 0.017701 0.021315 0.025435 0.0300824 0.0352699 0.0410001 0.0472645 0.0540426 0.0613017 0.0689965 0.0770699 0.0854534 0.0940688 0.102829 0.111641 0.120407 0.129026 0.137396 0.145419 0.152997 0.160041 0.166464 0.172191 0.177154 0.181294 0.184564 0.186925 0.188351 0.188825 0.188342 0.186908 0.184539 0.181262 0.177117 0.17215 0.166421 0.159999 0.152959 0.145386 0.137372 0.129013 0.120409 0.11166 0.102867 0.0941265 0.0855323 0.0771702 0.0691178 0.0614426 0.0542014 0.0474386 0.0411867 0.0354656 0.0302837 0.0256383 0.0215167 0.0178978 0.0147536 0.0120506 0.00975138 0.00781661 0.00620597 0.00487967 0.00379939 0.00292911 0.00223571 0.00168936 0.00126364 0.000935642 0.000685784 0.000497647 0.000357678 0.000254886 0.000180521 0.000127762 9.14331e-05 6.77594e-05 5.41859e-05 
6.30576e-05 6.69554e-05 8.15487e-05 0.000108579 0.000151089 0.000213622 0.000302464 0.000425943 0.000594778 0.000822449 0.00112559 0.00152434 0.0020427 0.0027087 0.00355454 0.00461652 0.00593471 0.00755249 0.00951572 0.0118717 0.0146677 0.0179498 0.0217606 0.0261377 0.0311117 0.0367041 0.0429261 0.0497764 0.0572409 0.0652911 0.0738843 0.0829637 0.0924592 0.102288 0.112358 0.122566 0.132804 0.14296 0.152917 0.162563 0.171785 0.180477 0.188538 0.195875 0.202406 0.208056 0.212764 0.216477 0.219157 0.220773 0.221309 0.220759 0.21913 0.216438 0.212713 0.207995 0.202337 0.195801 0.18846 0.1804 0.171711 0.162496 0.152861 0.142917 0.132779 0.122561 0.112376 0.10233 0.0925264 0.0830563 0.0740015 0.0654315 0.0574021 0.0499555 0.0431194 0.0369079 0.0313217 0.02635 0.0219711 0.0181548 0.0148641 0.0120566 0.00968722 0.00770908 0.00607554 0.0047413 0.00366351 0.00280248 0.00212226 0.00159089 0.00118046 0.000867043 0.000630487 0.000454091 0.000324261 0.00023014 0.000163238 0.000117096 8.69938e-05 6.97319e-05 
8.0522e-05 8.55089e-05 0.000104018 0.000138225 0.000191919 0.000270747 0.000382501 0.000537471 0.00074886 0.00103321 0.00141086 0.00190634 0.00254872 0.00337183 0.00441432 0.00571948 0.00733486 0.00931156 0.0117032 0.0145645 0.0179498 0.0219111 0.0264959 0.031745 0.0376904 0.044353 0.051741 0.059848 0.068652 0.078115 0.0881823 0.0987839 0.109835 0.121236 0.132879 0.144645 0.15641 0.168045 0.179421 0.190411 0.200892 0.210746 0.219864 0.228147 0.235506 0.241863 0.247153 0.25132 0.254324 0.256134 0.256733 0.256115 0.254287 0.251265 0.247081 0.241777 0.235407 0.228038 0.219748 0.210625 0.200772 0.190295 0.179314 0.167951 0.156333 0.144589 0.132848 0.121232 0.109859 0.0988382 0.0882665 0.0782279 0.0687918 0.0600117 0.051925 0.0445532 0.0379021 0.0319636 0.0267166 0.0221296 0.018162 0.0147668 0.0118929 0.00948659 0.00749373 0.00586145 0.00453926 0.00348015 0.00264124 0.00198422 0.00147545 0.001086 0.000791345 0.00057112 0.000408674 0.000290661 0.000206617 0.00014856 0.000110642 8.88947e-05 
0.00010186 0.000108177 0.00013143 0.00017431 0.000241492 0.000339926 0.000479178 0.000671844 0.000934028 0.00128584 0.00175191 0.00236179 0.0031504 0.00415811 0.00543086 0.00701978 0.00898067 0.0113731 0.0142589 0.017701 0.0217606 0.0264959 0.0319588 0.0381928 0.0452303 0.0530904 0.0617766 0.0712757 0.0815561 0.0925678 0.104243 0.116495 0.129222 0.14231 0.15563 0.169047 0.18242 0.195605 0.208459 0.220841 0.232617 0.243662 0.253858 0.263101 0.271297 0.278366 0.284238 0.28886 0.292187 0.294191 0.294853 0.294167 0.29214 0.28879 0.284147 0.278254 0.271168 0.262957 0.253702 0.243497 0.232448 0.220672 0.208296 0.195454 0.182285 0.168933 0.155541 0.14225 0.129195 0.116501 0.104284 0.0926437 0.0816651 0.0714153 0.0619433 0.0532797 0.0454374 0.0384124 0.0321856 0.0267245 0.0219862 0.0179192 0.0144661 0.0115663 0.00915778 0.00717949 0.00557258 0.00428191 0.00325689 0.00245201 0.00182719 0.00134771 0.000984092 0.00071169 0.00051031 0.000363709 0.000259109 0.000186735 0.000139414 0.000112267 
0.000127654 0.000135577 0.000164516 0.000217765 0.00030104 0.000422814 0.00059472 0.00083203 0.0011542 0.00158545 0.0021553 0.00289907 0.00385823 0.00508054 0.00662002 0.00853646 0.0108947 0.0137633 0.0172131 0.021315 0.0261377 0.031745 0.0381928 0.0455264 0.0537772 0.0629611 0.0730753 0.0840974 0.0959843 0.108672 0.122076 0.136094 0.150604 0.165473 0.180554 0.195694 0.210734 0.225515 0.239881 0.253678 0.266764 0.279005 0.290278 0.300474 0.309497 0.317265 0.323709 0.328774 0.332418 0.33461 0.335333 0.334581 0.332361 0.32869 0.323599 0.317129 0.309338 0.300295 0.290081 0.278795 0.266545 0.253456 0.23966 0.225303 0.210535 0.195515 0.1804 0.16535 0.150515 0.136043 0.122065 0.108701 0.0960531 0.0842037 0.0732159 0.0631317 0.0539727 0.0457409 0.0384205 0.0319797 0.0263736 0.0215468 0.0174362 0.0139738 0.0110898 0.00871413 0.00677906 0.00522058 0.00397957 0.00300257 0.00224221 0.0016573 0.00121265 0.000878776 0.00063141 0.000450959 0.000321963 0.000232567 0.000174051 0.000140475 
0.000158506 0.000168348 0.000204027 0.000269543 0.000371814 0.000521079 0.00073135 0.00102097 0.00141324 0.00193704 0.00262744 0.00352622 0.00468218 0.0061513 0.00799646 0.0102869 0.0130971 0.0165053 0.0205915 0.025435 0.0311117 0.0376904 0.0452303 0.0537772 0.0633605 0.0739906 0.0856564 0.0983244 0.111937 0.126415 0.141655 0.157535 0.173914 0.190637 0.207539 0.224447 0.241187 0.257584 0.273468 0.288677 0.30306 0.316477 0.328801 0.339922 0.349743 0.358183 0.365173 0.37066 0.374603 0.376973 0.377754 0.37694 0.374537 0.370562 0.365044 0.358025 0.349557 0.33971 0.328566 0.316223 0.302792 0.288401 0.273188 0.257308 0.240922 0.2242 0.207315 0.190444 0.173757 0.157419 0.141583 0.126388 0.111956 0.0983881 0.0857621 0.0741341 0.0635368 0.05398 0.0454531 0.0379263 0.031354 0.0256775 0.0208284 0.0167319 0.0133095 0.0104823 0.00817306 0.00630811 0.0048191 0.00364382 0.00272683 0.00201969 0.00148085 0.00107532 0.000774202 0.000554086 0.000396441 0.000287018 0.000215313 0.000174159 
0.000195018 0.000207125 0.000250711 0.000330582 0.000455042 0.000636343 0.000891215 0.00124149 0.00171481 0.0023453 0.00317424 0.00425059 0.00563128 0.00738123 0.00957299 0.0122859 0.0156047 0.0196178 0.0244145 0.0300824 0.0367041 0.044353 0.0530904 0.0629611 0.0739906 0.0861818 0.0995134 0.113938 0.129382 0.145747 0.16291 0.180727 0.199036 0.217661 0.236416 0.25511 0.273552 0.291554 0.308935 0.325523 0.341162 0.355709 0.369035 0.381031 0.391601 0.400667 0.408163 0.414039 0.418257 0.420791 0.421626 0.420755 0.418186 0.413932 0.408021 0.40049 0.391392 0.380791 0.368767 0.355416 0.34085 0.325196 0.308598 0.291216 0.27322 0.254792 0.236119 0.217393 0.198805 0.180538 0.162769 0.145656 0.129343 0.11395 0.0995752 0.0862897 0.0741395 0.0631448 0.0533018 0.0445847 0.0369484 0.030332 0.0246627 0.0198586 0.0158334 0.0124986 0.00976705 0.00755507 0.00578427 0.00438296 0.00328685 0.00243951 0.00179231 0.00130411 0.000940821 0.000674712 0.000483773 0.000351034 0.000263951 0.00021396 
0.000237767 0.000252522 0.000305282 0.000401777 0.000551877 0.000770119 0.00107629 0.00149616 0.0020622 0.00281439 0.00380088 0.00507852 0.0067131 0.00877925 0.0113599 0.014545 0.0184302 0.023114 0.0286954 0.0352699 0.0429261 0.051741 0.0617766 0.0730753 0.0856564 0.0995134 0.114612 0.130889 0.148251 0.16658 0.18573 0.205534 0.225807 0.246352 0.266962 0.287429 0.307546 0.327112 0.345936 0.363843 0.38067 0.396275 0.41053 0.423329 0.43458 0.44421 0.452159 0.458382 0.462844 0.465523 0.466404 0.465485 0.462768 0.458268 0.452008 0.444021 0.434354 0.423068 0.410235 0.395949 0.380319 0.36347 0.345548 0.326715 0.30715 0.287042 0.266592 0.246008 0.225499 0.205268 0.185513 0.166417 0.148145 0.130841 0.114621 0.0995772 0.0857699 0.0732323 0.0619699 0.0519624 0.0431672 0.0355225 0.0289516 0.0233667 0.0186734 0.014774 0.011571 0.0089701 0.00688247 0.00522615 0.00392733 0.00292084 0.00215026 0.00156769 0.00113322 0.000814337 0.00058511 0.000425505 0.000320682 0.000260491 
0.000287287 0.000305099 0.000368392 0.000483932 0.00066335 0.000923737 0.0012883 0.00178716 0.00245817 0.00334773 0.00451152 0.00601495 0.00793339 0.0103518 0.0133641 0.0170716 0.0215807 0.0270006 0.0334394 0.0410001 0.0497764 0.059848 0.0712757 0.0840974 0.0983244 0.113938 0.130889 0.149094 0.168441 0.188787 0.209962 0.231775 0.254019 0.276472 0.298909 0.321104 0.342836 0.363894 0.384081 0.403216 0.421137 0.437704 0.452793 0.466303 0.478151 0.488269 0.496607 0.503123 0.507791 0.510591 0.511513 0.510553 0.507714 0.503007 0.496451 0.488074 0.477915 0.466028 0.45248 0.437354 0.420755 0.402806 0.383648 0.363446 0.342381 0.320651 0.298468 0.276053 0.253631 0.23143 0.209666 0.188547 0.168262 0.148979 0.130838 0.11395 0.0983945 0.0842202 0.0714438 0.0600528 0.050009 0.041251 0.0336998 0.0272623 0.0218365 0.0173154 0.0135915 0.0105594 0.00811916 0.00617814 0.00465227 0.00346698 0.00255739 0.00186818 0.00135309 0.000974268 0.000701466 0.00051123 0.000386154 0.000314314 
0.000344035 0.00036534 0.000440595 0.000577721 0.000790306 0.00109827 0.00152859 0.00211619 0.00290478 0.00394777 0.00530899 0.00706307 0.00929556 0.0121024 0.015589 0.0198681 0.0250575 0.0312766 0.0386423 0.0472645 0.0572409 0.068652 0.0815561 0.0959843 0.111937 0.129382 0.148251 0.168441 0.189815 0.212205 0.235417 0.259233 0.283422 0.307741 0.331945 0.355793 0.379052 0.401502 0.422942 0.44319 0.462087 0.479498 0.495306 0.50942 0.521765 0.532284 0.540934 0.547685 0.552515 0.555411 0.556364 0.555373 0.55244 0.547571 0.54078 0.532089 0.521528 0.509141 0.494984 0.479134 0.461685 0.442752 0.422474 0.401011 0.378545 0.355281 0.331438 0.307249 0.282957 0.258807 0.235039 0.211884 0.189558 0.168253 0.148133 0.129335 0.111957 0.0960655 0.081692 0.0688339 0.0574591 0.0475089 0.0389029 0.031544 0.0253233 0.0201251 0.0158314 0.012326 0.0094975 0.00724189 0.00546434 0.00408024 0.00301564 0.00220719 0.00160171 0.00115554 0.000833665 0.00060887 0.000460914 0.000375908 
0.000408364 0.000433615 0.00052231 0.000683641 0.000933347 0.00129445 0.00179805 0.00248426 0.00340319 0.00461578 0.00619455 0.00822395 0.0108003 0.014031 0.0180332 0.0229315 0.0288548 0.0359326 0.04429 0.0540426 0.0652911 0.078115 0.0925678 0.108672 0.126415 0.145747 0.16658 0.188787 0.212205 0.236641 0.261872 0.287655 0.313735 0.339848 0.365731 0.391128 0.415797 0.439513 0.462072 0.483296 0.503032 0.521151 0.537549 0.552145 0.564876 0.575698 0.58458 0.5915 0.596445 0.599408 0.600384 0.599373 0.596374 0.591392 0.584434 0.575512 0.564647 0.551871 0.537229 0.520785 0.502622 0.482844 0.461581 0.43899 0.41525 0.390566 0.365165 0.33929 0.313198 0.287151 0.261412 0.236238 0.211867 0.188521 0.16639 0.145634 0.126377 0.108705 0.0926649 0.0782675 0.0654891 0.0542753 0.0445464 0.0362021 0.0291278 0.0231994 0.0182892 0.0142697 0.0110179 0.00841827 0.0063646 0.00476174 0.00352608 0.00258567 0.00187992 0.00135884 0.000982276 0.000718899 0.000545366 0.000445637 
0.000480491 0.000510152 0.000613783 0.000801965 0.00109277 0.00151259 0.00209697 0.00289165 0.00395352 0.00535159 0.00716759 0.00949629 0.0124452 0.0161335 0.0206905 0.0262525 0.0329595 0.0409504 0.0503577 0.0613017 0.0738843 0.0881823 0.104243 0.122076 0.141655 0.16291 0.18573 0.209962 0.235417 0.261872 0.289077 0.316764 0.344654 0.372461 0.399907 0.426725 0.452664 0.477497 0.501022 0.523068 0.543489 0.562168 0.579014 0.593962 0.606962 0.617985 0.627011 0.634031 0.639042 0.642042 0.643032 0.642011 0.638979 0.633935 0.626879 0.617814 0.606749 0.593704 0.578708 0.561812 0.543083 0.522613 0.500521 0.476954 0.452087 0.426123 0.399292 0.371844 0.344049 0.316187 0.288539 0.261387 0.234997 0.209616 0.185463 0.162726 0.141554 0.122055 0.104295 0.0882996 0.0740565 0.0615176 0.0506054 0.0412182 0.0332366 0.0265291 0.0209584 0.0163862 0.0126778 0.00970574 0.00735228 0.00551118 0.00408868 0.00300378 0.00218793 0.00158444 0.00114756 0.000841564 0.000639742 0.000523721 
0.000560473 0.000595004 0.000715055 0.000932699 0.00126853 0.00175253 0.00242502 0.0033377 0.0045547 0.00615349 0.00822547 0.0108761 0.0142245 0.0184019 0.0235496 0.0298157 0.0373508 0.0463025 0.0568099 0.0689965 0.0829637 0.0987839 0.116495 0.136094 0.157535 0.180727 0.205534 0.231775 0.259233 0.287655 0.316764 0.346266 0.375857 0.405235 0.434107 0.462194 0.489245 0.51503 0.539355 0.562055 0.582998 0.602081 0.619229 0.634393 0.647542 0.658659 0.667743 0.674794 0.679821 0.682829 0.683822 0.682804 0.67977 0.674714 0.667631 0.658512 0.647354 0.634161 0.618948 0.601747 0.58261 0.561612 0.538858 0.514483 0.488653 0.461567 0.433454 0.40457 0.375195 0.345622 0.316153 0.287093 0.258732 0.231348 0.205189 0.180469 0.157366 0.136013 0.116496 0.0988604 0.0831049 0.0691907 0.0570445 0.0465649 0.0376288 0.0300984 0.0238274 0.018667 0.0144711 0.0111001 0.00842452 0.00632666 0.00470225 0.00346076 0.00252532 0.00183208 0.00132941 0.000976836 0.000744058 0.000610203 
0.000648173 0.000688025 0.000825925 0.00107554 0.00146014 0.00201354 0.00278109 0.00382079 0.00520434 0.00701804 0.00936331 0.0123566 0.0161289 0.0208234 0.0265937 0.033599 0.0420001 0.0519526 0.0636007 0.0770699 0.0924592 0.109835 0.129222 0.150604 0.173914 0.199036 0.225807 0.254019 0.283422 0.313735 0.344654 0.375857 0.407021 0.437826 0.467967 0.49716 0.525149 0.551712 0.57666 0.599841 0.621138 0.640467 0.657769 0.673015 0.686192 0.697302 0.706357 0.713372 0.718366 0.721353 0.722341 0.721335 0.718329 0.713313 0.706271 0.697185 0.686038 0.672818 0.657524 0.640167 0.620781 0.599423 0.576181 0.551173 0.524556 0.496519 0.46729 0.437125 0.406311 0.375155 0.343976 0.313099 0.282843 0.253512 0.225383 0.198703 0.173675 0.15046 0.129169 0.109866 0.0925646 0.0772377 0.0638179 0.0522056 0.0422758 0.033885 0.0268792 0.0210994 0.0163883 0.0125945 0.00957629 0.0072046 0.00536426 0.00395489 0.00289091 0.002101 0.00152731 0.00112438 0.000858091 0.000704923 
0.000743246 0.00078884 0.000945927 0.00122986 0.00166672 0.00229433 0.00316333 0.00433826 0.00589868 0.00794001 0.0105739 0.0139282 0.0181453 0.0233811 0.0298004 0.0375739 0.0468712 0.0578552 0.0706741 0.0854534 0.102288 0.121236 0.14231 0.165473 0.190637 0.217661 0.246352 0.276472 0.307741 0.339848 0.372461 0.405235 0.437826 0.4699 0.501141 0.531264 0.560012 0.587172 0.612565 0.636055 0.657541 0.676959 0.694273 0.709471 0.722562 0.733566 0.742511 0.749428 0.754343 0.757282 0.758256 0.757271 0.754322 0.749391 0.742455 0.733484 0.722448 0.709318 0.694072 0.676704 0.657226 0.635674 0.612117 0.586656 0.559432 0.530625 0.500454 0.469175 0.43708 0.404485 0.371725 0.339146 0.30709 0.275889 0.245851 0.217251 0.190326 0.165263 0.142198 0.121218 0.102354 0.0855907 0.0708699 0.0580953 0.0471413 0.0378605 0.0300915 0.0236662 0.0184164 0.0141789 0.0108002 0.00813961 0.00607081 0.00448337 0.00328271 0.0023898 0.00174029 0.00128351 0.000981347 0.000807492 
0.000845114 0.000896836 0.00107431 0.00139466 0.00188687 0.00259296 0.00356901 0.00488632 0.00663253 0.00891234 0.0118478 0.015578 0.0202574 0.0260533 0.0331425 0.0417055 0.0519208 0.0639571 0.0779649 0.0940688 0.112358 0.132879 0.15563 0.180554 0.207539 0.236416 0.266962 0.298909 0.331945 0.365731 0.399907 0.434107 0.467967 0.501141 0.533309 0.564181 0.593509 0.621086 0.646749 0.670379 0.691897 0.711257 0.728448 0.743479 0.756379 0.767187 0.775949 0.782708 0.787505 0.790371 0.791323 0.790369 0.787501 0.782697 0.775925 0.767145 0.75631 0.743375 0.728299 0.711056 0.691634 0.670048 0.646345 0.620606 0.592955 0.563558 0.532624 0.500406 0.467197 0.43332 0.399123 0.36497 0.331228 0.298254 0.266386 0.235932 0.207156 0.180277 0.155458 0.132808 0.11238 0.0941721 0.0781359 0.0641809 0.0521824 0.0419901 0.0334368 0.0263458 0.0205385 0.0158406 0.0120867 0.0091245 0.00681659 0.00504231 0.00369793 0.00269647 0.00196691 0.00145318 0.00111304 0.000917279 
0.000952966 0.00101115 0.00121004 0.00156857 0.00211875 0.00290687 0.0039946 0.00546014 0.0073993 0.00992618 0.0131733 0.0172909 0.022445 0.0288147 0.0365876 0.0459538 0.0570993 0.0701975 0.0854003 0.102829 0.122566 0.144645 0.169047 0.195694 0.224447 0.25511 0.287429 0.321104 0.355793 0.391128 0.426725 0.462194 0.49716 0.531264 0.564181 0.595626 0.625356 0.653179 0.678947 0.702561 0.723963 0.743132 0.760078 0.774834 0.78745 0.797984 0.806499 0.813052 0.817695 0.820467 0.82139 0.820474 0.817709 0.813068 0.80651 0.797985 0.78743 0.774785 0.759988 0.742991 0.723761 0.702288 0.678597 0.652747 0.624841 0.59503 0.563512 0.530531 0.496378 0.461382 0.425903 0.390318 0.355017 0.320383 0.286783 0.254554 0.223994 0.19535 0.168814 0.14452 0.122542 0.102896 0.0855434 0.070402 0.0573494 0.0462338 0.036883 0.0291127 0.0227348 0.0175641 0.0134239 0.0101503 0.0075949 0.00562677 0.00413294 0.00301838 0.00220525 0.00163199 0.00125211 0.0010334 
0.00106575 0.00113066 0.00135178 0.00174987 0.00236003 0.0032329 0.00443577 0.00605382 0.00819106 0.010971 0.0145364 0.0190487 0.0246851 0.0316359 0.040099 0.0502732 0.0623512 0.0765098 0.0929009 0.111641 0.132804 0.15641 0.18242 0.210734 0.241187 0.273552 0.307546 0.342836 0.379052 0.415797 0.452664 0.489245 0.525149 0.560012 0.593509 0.625356 0.655324 0.683232 0.708954 0.732411 0.753568 0.772428 0.789024 0.803414 0.815666 0.825861 0.834075 0.840382 0.844842 0.847503 0.848392 0.84752 0.844874 0.840425 0.834123 0.825905 0.815698 0.803421 0.788996 0.772352 0.753432 0.732204 0.708667 0.682858 0.654858 0.6248 0.592867 0.559294 0.524368 0.488419 0.451814 0.414947 0.378225 0.342056 0.306835 0.272929 0.240665 0.210324 0.182125 0.15623 0.132733 0.111669 0.0930137 0.0766926 0.0625875 0.0505464 0.0403934 0.0319376 0.0249821 0.0193314 0.0147979 0.0112064 0.00839771 0.00623075 0.00458331 0.00335226 0.00245293 0.00181816 0.00139717 0.00115473 
0.0011822 0.00125402 0.00149791 0.0019365 0.00260796 0.00356729 0.00488744 0.00666052 0.0089987 0.0120347 0.0159215 0.0208311 0.0269519 0.0344846 0.0436365 0.0546146 0.0676169 0.0828227 0.100382 0.120407 0.14296 0.168045 0.195605 0.225515 0.257584 0.291554 0.327112 0.363894 0.401502 0.439513 0.477497 0.51503 0.551712 0.587172 0.621086 0.653179 0.683232 0.711084 0.736626 0.759803 0.780604 0.799057 0.815218 0.829167 0.840995 0.850799 0.858672 0.864701 0.868957 0.871493 0.872344 0.87152 0.869007 0.864771 0.858755 0.850887 0.841078 0.829233 0.815254 0.799049 0.780539 0.759667 0.736407 0.710773 0.682824 0.652671 0.620481 0.586478 0.550942 0.514202 0.47663 0.438632 0.400633 0.363063 0.326342 0.290867 0.256997 0.225041 0.19525 0.16781 0.14284 0.120394 0.100463 0.0829819 0.0678374 0.054879 0.0439281 0.0347883 0.0272546 0.0211222 0.0161928 0.0122806 0.00921579 0.00684731 0.00504387 0.0036943 0.00270711 0.00200957 0.00154658 0.00127988 
