0.00274894 0.00277497 0.00285965 0.00300371 0.00320805 0.0034739 0.00380279 0.0041965 0.00465701 0.00518646 0.00578706 0.00646104 0.00721058 0.00803772 0.00894428 0.00993176 0.0110013 0.0121536 0.0133887 0.0147062 0.0161048 0.0175827 0.0191369 0.0207641 0.0224595 0.024218 0.0260332 0.0278978 0.0298039 0.0317424 0.0337039 0.0356777 0.0376529 0.0396179 0.0415606 0.0434687 0.0453297 0.0471308 0.0488596 0.0505037 0.0520511 0.0534903 0.0548104 0.0560012 0.0570535 0.057959 0.0587106 0.0593021 0.0597289 0.0599876 0.0600759 0.0599934 0.0597406 0.0593195 0.0587338 0.0579881 0.0570883 0.0560417 0.0548566 0.0535422 0.0521086 0.0505666 0.0489279 0.0472043 0.0454081 0.043552 0.0416485 0.0397101 0.0377491 0.0357776 0.033807 0.0318485 0.0299124 0.0280083 0.0261452 0.024331 0.0225731 0.0208775 0.0192498 0.0176944 0.016215 0.0148142 0.013494 0.0122558 0.0110999 0.0100263 0.00903433 0.00812294 0.00729061 0.00653557 0.00585581 0.00524918 0.0047135 0.00424656 0.00384628 0.00351069 0.00323805 0.00302686 0.0028759 0.00278448 
0.00277497 0.00280128 0.00288677 0.0030322 0.00323848 0.00350684 0.00383883 0.00423624 0.00470107 0.00523546 0.00584165 0.00652189 0.00727835 0.0081131 0.00902797 0.0100245 0.0111037 0.0122664 0.0135127 0.0148419 0.016253 0.017744 0.0193119 0.0209533 0.0226636 0.0244373 0.0262682 0.0281488 0.0300711 0.0320262 0.0340042 0.0359946 0.0379863 0.0399676 0.0419264 0.0438502 0.0457265 0.0475423 0.0492852 0.0509426 0.0525025 0.0539532 0.0552838 0.0564842 0.0575448 0.0584575 0.059215 0.0598112 0.0602414 0.060502 0.060591 0.0605078 0.0602529 0.0598285 0.059238 0.0584863 0.0575794 0.0565244 0.0553297 0.0540047 0.0525595 0.0510051 0.049353 0.0476153 0.0458045 0.0439331 0.0420139 0.0400594 0.0380821 0.0360941 0.034107 0.0321319 0.0301794 0.0282591 0.02638 0.0245502 0.022777 0.0210667 0.0194248 0.0178557 0.0163632 0.01495 0.0136181 0.0123687 0.0112024 0.0101191 0.00911819 0.0081985 0.00735857 0.00659661 0.00591059 0.00529837 0.00475773 0.00428647 0.00388247 0.00354377 0.0032686 0.00305544 0.00290309 0.00281082 
0.00285965 0.00288677 0.00297478 0.00312443 0.00333666 0.00361273 0.00395421 0.00436293 0.00484093 0.0053904 0.0060136 0.00671283 0.0074903 0.0083481 0.00928807 0.0103118 0.0114203 0.0126143 0.0138939 0.0152585 0.0167069 0.0182369 0.0198457 0.0215296 0.0232838 0.0251028 0.0269801 0.0289081 0.0308785 0.0328822 0.034909 0.0369483 0.0389886 0.041018 0.0430241 0.0449941 0.046915 0.048774 0.050558 0.0522544 0.0538508 0.0553353 0.0566969 0.057925 0.0590101 0.0599438 0.0607186 0.0613284 0.0617683 0.0620348 0.0621257 0.0620404 0.0617795 0.0613452 0.060741 0.0599718 0.0590438 0.0579642 0.0567417 0.0553857 0.0539066 0.0523156 0.0506245 0.0488457 0.0469917 0.0450756 0.0431102 0.0411086 0.0390833 0.0370467 0.0350108 0.032987 0.0309859 0.0290176 0.0270912 0.0252151 0.0233968 0.0216427 0.0199584 0.0183486 0.016817 0.0153666 0.0139995 0.0127168 0.0115193 0.0104068 0.00937872 0.00843396 0.00757101 0.00678805 0.00608304 0.0054538 0.00489806 0.0044136 0.00399825 0.00365001 0.00336707 0.00314791 0.00299127 0.00289643 
0.00300371 0.0030322 0.00312443 0.00328118 0.0035034 0.00379241 0.00414983 0.00457754 0.00507765 0.00565239 0.00630412 0.00703518 0.00784784 0.00874423 0.00972623 0.0107954 0.0119528 0.0131992 0.0145345 0.0159581 0.0174687 0.0190639 0.0207409 0.0224956 0.024323 0.0262174 0.028172 0.0301788 0.0322293 0.0343138 0.0364218 0.0385423 0.0406634 0.0427726 0.0448571 0.0469036 0.0488989 0.0508294 0.0526817 0.0544427 0.0560996 0.0576402 0.059053 0.0603271 0.0614528 0.0624212 0.0632247 0.063857 0.0643131 0.0645893 0.0646834 0.0645947 0.0643239 0.0638732 0.0632462 0.062448 0.061485 0.0603648 0.0590961 0.0576887 0.0561534 0.0545018 0.052746 0.0508988 0.0489733 0.0469829 0.044941 0.0428609 0.0407559 0.0386387 0.0365217 0.0344168 0.0323351 0.0302869 0.0282819 0.0263287 0.0244351 0.022608 0.0208531 0.0191753 0.0175787 0.0160663 0.0146403 0.0133021 0.0120523 0.010891 0.00981754 0.00883081 0.00792931 0.00711119 0.00637436 0.00571657 0.00513553 0.00462891 0.00419451 0.00383026 0.0035343 0.00330505 0.00314121 0.00304205 
0.00320805 0.00323848 0.00333666 0.0035034 0.00373971 0.00404696 0.00442682 0.00488127 0.00541249 0.00602282 0.00671469 0.00749053 0.00835268 0.00930332 0.0103444 0.0114774 0.0127036 0.0140235 0.015437 0.0169434 0.0185412 0.020228 0.0220004 0.0238543 0.0257844 0.0277845 0.0298472 0.0319644 0.0341269 0.0363245 0.0385462 0.0407802 0.0430142 0.045235 0.0474291 0.0495827 0.0516817 0.053712 0.0556597 0.0575109 0.0592524 0.0608713 0.0623555 0.0636939 0.0648761 0.065893 0.0667366 0.0674004 0.067879 0.0681687 0.0682672 0.0681737 0.067889 0.0674154 0.0667567 0.0659181 0.0649064 0.0637293 0.0623961 0.060917 0.0593033 0.057567 0.0557208 0.0537782 0.0517529 0.0496587 0.0475098 0.0453202 0.0431036 0.0408737 0.0386433 0.036425 0.0342304 0.0320704 0.0299553 0.0278942 0.0258952 0.0239657 0.0221119 0.0203389 0.018651 0.0170516 0.015543 0.0141268 0.0128037 0.0115738 0.0104366 0.00939085 0.00843516 0.00756759 0.00678599 0.00608806 0.00547139 0.00493359 0.00447237 0.00408557 0.00377127 0.0035278 0.00335384 0.00324859 
0.0034739 0.00350684 0.00361273 0.00379241 0.00404696 0.00437779 0.0047867 0.00527574 0.00584721 0.00650356 0.00724732 0.00808102 0.00900712 0.0100279 0.0111452 0.0123608 0.0136756 0.0150903 0.0166047 0.0182179 0.0199282 0.0217329 0.0236284 0.0256101 0.0276723 0.0298083 0.0320103 0.0342695 0.036576 0.038919 0.0412868 0.0436668 0.0460458 0.0484099 0.0507448 0.0530358 0.055268 0.0574266 0.0594966 0.0614636 0.0633135 0.0650328 0.0666087 0.0680294 0.0692841 0.0703631 0.0712582 0.0719622 0.0724697 0.0727767 0.0728809 0.0727813 0.0724788 0.0719759 0.0712764 0.0703861 0.0693117 0.0680618 0.0666459 0.0650749 0.0633606 0.0615156 0.0595536 0.0574885 0.0553349 0.0531075 0.0508213 0.048491 0.0461313 0.0437564 0.0413803 0.0390162 0.0366764 0.0343728 0.032116 0.0299159 0.0277813 0.02572 0.0237387 0.021843 0.0200376 0.018326 0.0167109 0.0151941 0.0137764 0.012458 0.0112384 0.0101165 0.00909083 0.00815937 0.00731993 0.00657009 0.00590736 0.00532924 0.00483333 0.00441737 0.00407933 0.00381748 0.0036304 0.00351728 
0.00380279 0.00383883 0.00395421 0.00414983 0.00442682 0.0047867 0.00523135 0.00576295 0.00638394 0.00709688 0.00790446 0.00880931 0.009814 0.0109209 0.0121319 0.0134488 0.0148725 0.0164036 0.0180418 0.0197859 0.0216341 0.0235833 0.0256295 0.0277677 0.0299917 0.0322942 0.0346666 0.0370995 0.0395822 0.0421029 0.0446492 0.0472076 0.0497637 0.0523029 0.0548097 0.0572684 0.0596632 0.0619781 0.0641974 0.0663056 0.0682877 0.0701293 0.071817 0.0733381 0.0746811 0.0758359 0.0767935 0.0775466 0.0780894 0.0784175 0.0785285 0.0784215 0.0780973 0.0775586 0.0768096 0.0758561 0.0747055 0.0733668 0.0718502 0.0701671 0.0683301 0.0663527 0.0642493 0.0620348 0.0597247 0.0573348 0.0548808 0.0523787 0.0498442 0.0472924 0.0447382 0.0421958 0.0396786 0.0371992 0.0347691 0.032399 0.0300984 0.0278758 0.0257384 0.0236923 0.0217428 0.0198937 0.018148 0.0165077 0.0149739 0.0135469 0.0122262 0.0110108 0.0098991 0.00888913 0.00797857 0.00716491 0.00644554 0.00581784 0.00527925 0.00482741 0.00446017 0.00417568 0.00397247 0.00384967 
0.0041965 0.00423624 0.00436293 0.00457754 0.00488127 0.00527574 0.00576295 0.00634524 0.00702516 0.00780546 0.00868895 0.00967843 0.0107766 0.0119858 0.0133082 0.0147454 0.0162984 0.0179677 0.0197527 0.0216522 0.0236639 0.0257844 0.0280093 0.0303329 0.0327485 0.0352479 0.0378221 0.0404604 0.0431514 0.0458823 0.0486396 0.0514086 0.054174 0.0569198 0.0596294 0.0622861 0.0648726 0.067372 0.0697673 0.0720419 0.0741798 0.0761656 0.0779849 0.0796243 0.0810713 0.0823153 0.0833467 0.0841576 0.0847417 0.0850947 0.0852138 0.085098 0.0847483 0.0841675 0.08336 0.0823322 0.0810919 0.0796486 0.0780133 0.0761981 0.0742165 0.072083 0.0698129 0.0674223 0.0649277 0.062346 0.0596942 0.0569893 0.0542483 0.0514875 0.0487229 0.0459699 0.0432429 0.0405556 0.0379205 0.0353493 0.0328522 0.0304384 0.0281161 0.0258919 0.0237715 0.0217594 0.0198587 0.018072 0.0164003 0.0148443 0.0134036 0.012077 0.0108631 0.00975984 0.00876471 0.00787515 0.00708839 0.00640166 0.00581228 0.00531772 0.00491571 0.00460428 0.00438186 0.00424753 
0.00465701 0.00470107 0.00484093 0.00507765 0.00541249 0.00584721 0.00638394 0.00702516 0.00777361 0.00863221 0.00960392 0.0106917 0.0118984 0.0132264 0.0146781 0.0162549 0.0179578 0.0197873 0.0217425 0.0238219 0.026023 0.0283418 0.0307734 0.0333115 0.0359485 0.0386757 0.0414828 0.0443584 0.0472898 0.0502632 0.0532639 0.0562758 0.0592824 0.0622663 0.0652097 0.0680942 0.0709016 0.0736132 0.076211 0.078677 0.0809941 0.0831457 0.0851164 0.0868916 0.0884582 0.0898047 0.0909207 0.091798 0.0924297 0.0928112 0.0929395 0.0928137 0.0924347 0.0918055 0.0909309 0.0898177 0.0884742 0.0869108 0.0851389 0.0831719 0.0810241 0.0787111 0.0762493 0.073656 0.070949 0.0681464 0.0652667 0.0623283 0.0593493 0.0563476 0.0533405 0.0503445 0.0473754 0.0444481 0.0415763 0.0387726 0.0360484 0.0334138 0.0308775 0.0284473 0.0261291 0.0239281 0.0218481 0.0198915 0.0180602 0.0163546 0.0147745 0.013319 0.0119865 0.0107748 0.00968142 0.00870365 0.00783858 0.00708325 0.00643481 0.00589058 0.00544812 0.00510536 0.0048606 0.00471286 
0.00518646 0.00523546 0.0053904 0.00565239 0.00602282 0.00650356 0.00709688 0.00780546 0.00863221 0.00958022 0.0106527 0.0118527 0.0131832 0.0146468 0.0162457 0.0179817 0.0198555 0.0218673 0.0240163 0.0263005 0.0287169 0.0312611 0.0339276 0.0367093 0.0395978 0.0425834 0.0456548 0.0487994 0.0520034 0.0552516 0.0585278 0.0618148 0.0650944 0.0683477 0.0715553 0.0746975 0.0777542 0.0807057 0.0835322 0.0862144 0.0887337 0.0910724 0.0932137 0.0951422 0.0968437 0.0983057 0.0995172 0.100469 0.101155 0.101568 0.101707 0.10157 0.101158 0.100474 0.0995238 0.0983143 0.0968545 0.0951555 0.0932297 0.0910914 0.088756 0.0862403 0.083562 0.0807397 0.0777927 0.0747406 0.0716034 0.0684008 0.0651526 0.0618782 0.0585964 0.0553252 0.0520819 0.0488826 0.0457423 0.042675 0.039693 0.0368075 0.0340284 0.0313639 0.0288209 0.0264052 0.0241209 0.0219712 0.0199579 0.0180819 0.0163431 0.0147406 0.0132727 0.0119374 0.0107319 0.00965348 0.00869897 0.00786529 0.00714938 0.00654839 0.00605973 0.00568115 0.00541086 0.00524779 
0.00578706 0.00584165 0.0060136 0.00630412 0.00671469 0.00724732 0.00790446 0.00868895 0.00960392 0.0106527 0.0118386 0.0131649 0.0146347 0.0162508 0.0180154 0.0199302 0.0219959 0.0242126 0.026579 0.029093 0.0317508 0.0345478 0.0374774 0.0405319 0.0437019 0.0469766 0.0503435 0.0537888 0.0572973 0.0608524 0.0644363 0.0680301 0.0716141 0.0751677 0.0786698 0.0820989 0.0854335 0.0886519 0.0917328 0.0946555 0.0973997 0.0999464 0.102278 0.104376 0.106228 0.107818 0.109136 0.110171 0.110916 0.111365 0.111515 0.111366 0.110917 0.110172 0.109138 0.107822 0.106233 0.104383 0.102286 0.0999572 0.0974133 0.0946721 0.091753 0.088676 0.0854618 0.0821318 0.0787076 0.0752106 0.0716623 0.0680838 0.0644955 0.0609171 0.0573675 0.0538643 0.050424 0.0470617 0.0437914 0.0406252 0.037574 0.034647 0.0318521 0.0291956 0.0266822 0.0243157 0.0220981 0.0200307 0.0181135 0.0163456 0.0147256 0.0132511 0.0119195 0.0107277 0.0096725 0.00875055 0.00795862 0.00729367 0.00675292 0.00633397 0.0060349 0.00585456 
0.00646104 0.00652189 0.00671283 0.00703518 0.00749053 0.00808102 0.00880931 0.00967843 0.0106917 0.0118527 0.0131649 0.0146318 0.0162567 0.0180424 0.0199912 0.0221047 0.0243836 0.0268276 0.0294354 0.0322041 0.0351297 0.0382067 0.0414277 0.0447842 0.0482656 0.0518599 0.0555535 0.059331 0.0631757 0.0670694 0.0709926 0.0749247 0.0788442 0.0827285 0.0865549 0.0902999 0.0939401 0.0974521 0.100813 0.104 0.106991 0.109766 0.112306 0.114591 0.116607 0.118338 0.119772 0.120898 0.121709 0.122197 0.12236 0.122197 0.121707 0.120897 0.11977 0.118336 0.116605 0.11459 0.112306 0.109768 0.106995 0.104006 0.100822 0.0974648 0.0939569 0.0903211 0.086581 0.0827598 0.078881 0.0749673 0.0710411 0.0671238 0.0632362 0.0593974 0.0556256 0.0519374 0.0483482 0.0448714 0.0415191 0.0383015 0.0352274 0.0323039 0.0295365 0.0269293 0.024485 0.022205 0.0200896 0.018138 0.0163487 0.0147194 0.0132474 0.0119294 0.010762 0.00974177 0.00886514 0.0081289 0.00753009 0.00706615 0.00673499 0.00653541 
0.00721058 0.00727835 0.0074903 0.00784784 0.00835268 0.00900712 0.009814 0.0107766 0.0118984 0.0131832 0.0146347 0.0162567 0.0180525 0.020025 0.0221767 0.0245089 0.0270223 0.0297164 0.0325894 0.035638 0.0388576 0.0422417 0.0457824 0.0494698 0.0532924 0.0572367 0.0612877 0.0654286 0.0696408 0.0739045 0.0781983 0.0824996 0.0867851 0.0910301 0.0952099 0.099299 0.103272 0.107103 0.110769 0.114243 0.117503 0.120526 0.123292 0.125781 0.127975 0.129859 0.13142 0.132645 0.133526 0.134057 0.134234 0.134055 0.133522 0.132639 0.131413 0.129851 0.127966 0.125772 0.123283 0.120518 0.117496 0.114237 0.110766 0.107104 0.103276 0.0993071 0.0952228 0.0910483 0.0868089 0.0825295 0.0782345 0.0739472 0.0696901 0.0654845 0.0613501 0.0573053 0.0533669 0.0495498 0.0458674 0.0423311 0.0389507 0.0357342 0.0326877 0.0298161 0.0271224 0.0246085 0.0222749 0.020121 0.0181453 0.0163455 0.0147187 0.0132615 0.0119704 0.0108416 0.00987143 0.00905649 0.00839357 0.00787992 0.00751333 0.00729251 
0.00803772 0.0081131 0.0083481 0.00874423 0.00930332 0.0100279 0.0109209 0.0119858 0.0132264 0.0146468 0.0162508 0.0180424 0.020025 0.0222018 0.0245749 0.027146 0.0299153 0.0328821 0.0360442 0.0393977 0.0429373 0.0466557 0.050544 0.0545912 0.0587843 0.0631087 0.0675475 0.0720824 0.0766929 0.0813573 0.0860523 0.0907532 0.0954344 0.100069 0.104631 0.109092 0.113424 0.1176 0.121593 0.125377 0.128927 0.132218 0.135227 0.137935 0.140321 0.14237 0.144066 0.145398 0.146355 0.146932 0.147123 0.146928 0.146348 0.145388 0.144053 0.142355 0.140304 0.137916 0.135208 0.132198 0.128907 0.125359 0.121577 0.117586 0.113413 0.109085 0.104629 0.100073 0.0954438 0.0907689 0.0860747 0.0813868 0.0767295 0.0721263 0.0675987 0.0631669 0.0588494 0.0546627 0.0506215 0.0467386 0.0430249 0.0394892 0.0361388 0.0329789 0.0300134 0.0272443 0.0246725 0.0222977 0.0201183 0.018132 0.0163359 0.0147265 0.0132999 0.0120523 0.0109798 0.0100786 0.00934549 0.0087774 0.008372 0.0081279 
0.00894428 0.00902797 0.00928807 0.00972623 0.0103444 0.0111452 0.0121319 0.0133082 0.0146781 0.0162457 0.0180154 0.0199912 0.0221767 0.0245749 0.0271883 0.0300182 0.0330648 0.0363269 0.0398017 0.043485 0.0473704 0.05145 0.0557135 0.0601487 0.0647414 0.0694752 0.0743317 0.0792906 0.0843296 0.0894248 0.0945507 0.0996806 0.104787 0.10984 0.11481 0.119669 0.124386 0.128931 0.133276 0.137391 0.14125 0.144826 0.148097 0.151038 0.153629 0.155853 0.157695 0.15914 0.160179 0.160804 0.161011 0.160799 0.160169 0.159125 0.157676 0.155831 0.153603 0.151009 0.148066 0.144795 0.141217 0.137359 0.133244 0.128902 0.12436 0.119647 0.114792 0.109827 0.10478 0.0996805 0.0945577 0.0894393 0.0843519 0.079321 0.0743702 0.0695217 0.0647957 0.0602104 0.0557822 0.0515251 0.0474513 0.0435708 0.0398916 0.0364199 0.03316 0.0301145 0.0272847 0.0246702 0.0222698 0.0200812 0.0181013 0.0163265 0.0147528 0.0133761 0.0121922 0.0111973 0.0103878 0.00976044 0.00931281 0.00904341 
0.00993176 0.0100245 0.0103118 0.0107954 0.0114774 0.0123608 0.0134488 0.0147454 0.0162549 0.0179817 0.0199302 0.0221047 0.0245089 0.027146 0.0300182 0.0331269 0.0364718 0.0400514 0.0438625 0.0479 0.0521568 0.0566238 0.0612896 0.0661407 0.0711613 0.0763334 0.0816366 0.0870487 0.0925453 0.0981004 0.103686 0.109273 0.114832 0.12033 0.125737 0.131019 0.136145 0.141082 0.145799 0.150266 0.154454 0.158333 0.16188 0.165068 0.167877 0.170288 0.172282 0.173848 0.174973 0.17565 0.175874 0.175643 0.17496 0.173829 0.172257 0.170257 0.167842 0.165029 0.161837 0.158288 0.154407 0.150219 0.145752 0.141036 0.136101 0.130979 0.125701 0.1203 0.114808 0.109256 0.103676 0.0980984 0.0925518 0.0870639 0.0816607 0.0763665 0.0712032 0.0661912 0.0613481 0.0566898 0.0522297 0.047979 0.0439467 0.0401397 0.0365632 0.0332203 0.0301126 0.02724 0.0246014 0.0221946 0.0200164 0.0180631 0.0163305 0.0148143 0.0135102 0.012414 0.0115219 0.0108306 0.0103373 0.0100405 
0.0110013 0.0111037 0.0114203 0.0119528 0.0127036 0.0136756 0.0148725 0.0162984 0.0179578 0.0198555 0.0219959 0.0243836 0.0270223 0.0299153 0.0330648 0.0364718 0.0401358 0.044055 0.0482253 0.052641 0.0572941 0.0621743 0.0672689 0.072563 0.078039 0.0836771 0.0894552 0.0953486 0.101331 0.107374 0.113447 0.119519 0.125557 0.131526 0.137393 0.143123 0.148681 0.154032 0.159143 0.163981 0.168514 0.172714 0.176551 0.18 0.183038 0.185644 0.1878 0.189492 0.190708 0.191439 0.19168 0.191431 0.190692 0.189468 0.187769 0.185605 0.182993 0.17995 0.176496 0.172655 0.168453 0.163917 0.159079 0.153968 0.148619 0.143064 0.137338 0.131476 0.125513 0.119482 0.113418 0.107354 0.10132 0.095347 0.0894633 0.0836952 0.078067 0.0726006 0.0673158 0.0622299 0.0573578 0.052712 0.0483026 0.0441375 0.0402226 0.0365615 0.0331563 0.0300074 0.0271136 0.0244729 0.022082 0.0199372 0.0180341 0.0163682 0.0149349 0.0137299 0.012749 0.0119889 0.0114466 0.0111204 
0.0121536 0.0122664 0.0126143 0.0131992 0.0140235 0.0150903 0.0164036 0.0179677 0.0197873 0.0218673 0.0242126 0.0268276 0.0297164 0.0328821 0.0363269 0.0400514 0.044055 0.048335 0.0528871 0.0577044 0.062778 0.0680963 0.0736453 0.0794084 0.0853663 0.0914973 0.097777 0.104179 0.110674 0.117231 0.123818 0.1304 0.136942 0.143407 0.149759 0.155958 0.16197 0.167755 0.173279 0.178506 0.183402 0.187936 0.192077 0.195799 0.199077 0.201888 0.204213 0.206037 0.207347 0.208135 0.208395 0.208125 0.207327 0.206007 0.204174 0.20184 0.199021 0.195737 0.192009 0.187862 0.183324 0.178425 0.173197 0.167673 0.161888 0.155879 0.149683 0.143337 0.136878 0.130343 0.123769 0.117191 0.110644 0.104159 0.0977676 0.0914987 0.0853787 0.0794315 0.073679 0.0681399 0.062831 0.057766 0.0529562 0.0484107 0.0441359 0.0401364 0.0364147 0.0329714 0.0298057 0.0269156 0.024298 0.0219488 0.0198637 0.0180379 0.0164666 0.0151453 0.0140697 0.013236 0.0126412 0.0122837 
0.0133887 0.0135127 0.0138939 0.0145345 0.015437 0.0166047 0.0180418 0.0197527 0.0217425 0.0240163 0.026579 0.0294354 0.0325894 0.0360442 0.0398017 0.0438625 0.0482253 0.0528871 0.0578426 0.063084 0.0686013 0.0743817 0.0804096 0.0866666 0.0931317 0.099781 0.106588 0.113524 0.120557 0.127654 0.134779 0.141895 0.148965 0.155948 0.162805 0.169496 0.175981 0.18222 0.188174 0.193806 0.19908 0.203962 0.20842 0.212426 0.215952 0.218976 0.221477 0.223439 0.224847 0.225694 0.225973 0.225682 0.224823 0.223403 0.221431 0.218919 0.215886 0.212351 0.208337 0.203872 0.198985 0.193707 0.188072 0.182117 0.175879 0.169396 0.162708 0.155856 0.148878 0.141816 0.134708 0.127592 0.120505 0.113483 0.106559 0.0997642 0.0931269 0.0866738 0.0804285 0.0744119 0.0686422 0.0631348 0.0579022 0.0529545 0.0482993 0.0439417 0.0398848 0.0361297 0.0326759 0.0295214 0.0266631 0.024097 0.0218186 0.019823 0.0181051 0.0166602 0.0154838 0.0145719 0.0139214 0.0135305 
0.0147062 0.0148419 0.0152585 0.0159581 0.0169434 0.0182179 0.0197859 0.0216522 0.0238219 0.0263005 0.029093 0.0322041 0.035638 0.0393977 0.043485 0.0479 0.052641 0.0577044 0.063084 0.0687711 0.0747544 0.0810196 0.0875495 0.0943241 0.10132 0.108512 0.11587 0.123363 0.130958 0.138617 0.146304 0.153977 0.161596 0.169118 0.176501 0.183702 0.190678 0.197387 0.203787 0.209839 0.215504 0.220747 0.225533 0.229833 0.233616 0.23686 0.239543 0.241646 0.243156 0.244064 0.244362 0.24405 0.243128 0.241605 0.239488 0.236794 0.233539 0.229744 0.225436 0.220641 0.215392 0.209721 0.203665 0.197263 0.190554 0.183579 0.176381 0.169002 0.161485 0.153874 0.146209 0.138533 0.130884 0.123301 0.11582 0.108475 0.101297 0.0943137 0.0875521 0.0810348 0.0747817 0.0688097 0.0631329 0.0577625 0.0527069 0.0479724 0.0435624 0.0394787 0.0357209 0.0322874 0.029175 0.0263799 0.0238973 0.0217221 0.0198492 0.0182736 0.0169905 0.0159959 0.0152865 0.0148603 
0.0161048 0.016253 0.0167069 0.0174687 0.0185412 0.0199282 0.0216341 0.0236639 0.026023 0.0287169 0.0317508 0.0351297 0.0388576 0.0429373 0.0473704 0.0521568 0.0572941 0.062778 0.0686013 0.0747544 0.0812245 0.0879958 0.0950495 0.102364 0.109913 0.117669 0.1256 0.133673 0.141851 0.150095 0.158363 0.166613 0.1748 0.18288 0.190807 0.198535 0.206018 0.213212 0.220072 0.226557 0.232625 0.238239 0.243363 0.247964 0.252013 0.255483 0.258352 0.260601 0.262216 0.263185 0.263504 0.263169 0.262184 0.260554 0.25829 0.255407 0.251923 0.247862 0.24325 0.238117 0.232495 0.22642 0.21993 0.213066 0.205871 0.198388 0.190662 0.182739 0.174665 0.166484 0.158243 0.149985 0.141753 0.133588 0.125528 0.117611 0.109869 0.102334 0.0950343 0.0879946 0.0812367 0.0747794 0.0686381 0.0628253 0.0573507 0.0522212 0.0474411 0.0430127 0.038936 0.0352095 0.0318302 0.0287943 0.026097 0.0237329 0.0216969 0.0199837 0.0185884 0.0175067 0.0167352 0.0162718 
0.0175827 0.017744 0.0182369 0.0190639 0.020228 0.0217329 0.0235833 0.0257844 0.0283418 0.0312611 0.0345478 0.0382067 0.0422417 0.0466557 0.05145 0.0566238 0.0621743 0.0680963 0.0743817 0.0810196 0.0879958 0.0952931 0.102891 0.110764 0.118887 0.127228 0.135753 0.144425 0.153205 0.162052 0.17092 0.179765 0.188538 0.197192 0.205679 0.213948 0.221953 0.229644 0.236977 0.243905 0.250386 0.25638 0.26185 0.26676 0.271079 0.27478 0.27784 0.280238 0.281959 0.282993 0.283332 0.282975 0.281923 0.280185 0.277769 0.274694 0.270977 0.266644 0.261721 0.256241 0.250237 0.243747 0.236813 0.229476 0.221782 0.213777 0.205508 0.197026 0.188377 0.17961 0.170775 0.161917 0.153082 0.144315 0.135656 0.127146 0.118821 0.110714 0.102856 0.0952739 0.0879916 0.0810295 0.0744049 0.0681316 0.0622203 0.056679 0.0515129 0.0467246 0.0423147 0.038282 0.0346237 0.0313359 0.0284138 0.0258521 0.0236453 0.0217879 0.020275 0.0191021 0.0182655 0.0177632 
0.0191369 0.0193119 0.0198457 0.0207409 0.0220004 0.0236284 0.0256295 0.0280093 0.0307734 0.0339276 0.0374774 0.0414277 0.0457824 0.050544 0.0557135 0.0612896 0.0672689 0.0736453 0.0804096 0.0875495 0.0950495 0.102891 0.11105 0.119502 0.128216 0.137159 0.146295 0.155585 0.164985 0.174451 0.183935 0.19339 0.202764 0.212006 0.221065 0.229889 0.238426 0.246626 0.25444 0.261821 0.268723 0.275105 0.280926 0.28615 0.290745 0.294681 0.297934 0.300484 0.302314 0.303413 0.303773 0.303393 0.302274 0.300425 0.297856 0.294585 0.290631 0.28602 0.280781 0.274947 0.268554 0.261642 0.254254 0.246434 0.23823 0.229692 0.220869 0.211813 0.202575 0.193208 0.183763 0.174289 0.164835 0.155448 0.146174 0.137053 0.128127 0.119429 0.110995 0.102852 0.0950274 0.0875431 0.0804179 0.0736673 0.0673032 0.0613346 0.0557675 0.0506053 0.045849 0.0414979 0.0375492 0.0339991 0.0308429 0.0280751 0.0256902 0.0236826 0.022047 0.0207789 0.0198744 0.0193315 
0.0207641 0.0209533 0.0215296 0.0224956 0.0238543 0.0256101 0.0277677 0.0303329 0.0333115 0.0367093 0.0405319 0.0447842 0.0494698 0.0545912 0.0601487 0.0661407 0.072563 0.0794084 0.0866666 0.0943241 0.102364 0.110764 0.119502 0.128547 0.137869 0.14743 0.157193 0.167114 0.177149 0.187248 0.197363 0.20744 0.217426 0.227268 0.23691 0.246297 0.255376 0.264093 0.272396 0.280236 0.287566 0.29434 0.300517 0.30606 0.310934 0.315108 0.318557 0.32126 0.3232 0.324364 0.324745 0.324342 0.323156 0.321195 0.318471 0.315002 0.310808 0.305916 0.300357 0.294165 0.287378 0.280037 0.272188 0.263877 0.255156 0.246074 0.236687 0.227047 0.21721 0.20723 0.197161 0.187058 0.176971 0.166951 0.157045 0.147299 0.137755 0.128451 0.119424 0.110705 0.102322 0.0942999 0.0866588 0.0794158 0.0725843 0.0661743 0.0601928 0.0546439 0.0495292 0.0448482 0.0405987 0.0367768 0.0333779 0.0303964 0.0278267 0.0256631 0.0239001 0.0225331 0.0215582 0.0209731 
0.0224595 0.0226636 0.0232838 0.024323 0.0257844 0.0276723 0.0299917 0.0327485 0.0359485 0.0395978 0.0437019 0.0482656 0.0532924 0.0587843 0.0647414 0.0711613 0.078039 0.0853663 0.0931317 0.10132 0.109913 0.118887 0.128216 0.137869 0.147811 0.158004 0.168406 0.178971 0.189652 0.200396 0.211151 0.221861 0.232469 0.242919 0.253152 0.26311 0.272737 0.281976 0.290774 0.299078 0.306838 0.314008 0.320545 0.326408 0.331563 0.335977 0.339624 0.342481 0.34453 0.345761 0.346163 0.345736 0.344482 0.342409 0.339529 0.33586 0.331425 0.326251 0.320369 0.313816 0.306631 0.298858 0.290543 0.281737 0.272491 0.262861 0.252901 0.24267 0.232224 0.221622 0.21092 0.200176 0.189445 0.178779 0.16823 0.157845 0.147671 0.137748 0.128115 0.118806 0.109851 0.101277 0.0931065 0.085358 0.0780462 0.0711823 0.0647744 0.0588274 0.0533436 0.0483227 0.043763 0.0396607 0.0360112 0.032809 0.0300485 0.0277237 0.0258291 0.02436 0.0233122 0.0226836 
0.024218 0.0244373 0.0251028 0.0262174 0.0277845 0.0298083 0.0322942 0.0352479 0.0386757 0.0425834 0.0469766 0.0518599 0.0572367 0.0631087 0.0694752 0.0763334 0.0836771 0.0914973 0.099781 0.108512 0.117669 0.127228 0.137159 0.14743 0.158004 0.168839 0.17989 0.191109 0.202444 0.213841 0.225244 0.236594 0.247831 0.258894 0.269723 0.280257 0.290436 0.300201 0.309496 0.318265 0.326458 0.334026 0.340923 0.347108 0.352544 0.357198 0.361042 0.364054 0.366214 0.36751 0.367934 0.367484 0.366162 0.363976 0.36094 0.357071 0.352394 0.346937 0.340732 0.333816 0.326232 0.318025 0.309242 0.299938 0.290165 0.279981 0.269445 0.258617 0.247557 0.236325 0.224984 0.213592 0.202208 0.190887 0.179685 0.168652 0.157837 0.147284 0.137033 0.127123 0.117585 0.108448 0.0997373 0.0914721 0.083669 0.0763407 0.0694962 0.0631413 0.0572788 0.0519093 0.0470311 0.0426408 0.0387339 0.035305 0.0323482 0.0298577 0.0278278 0.0262536 0.0251309 0.0244574 
0.0260332 0.0262682 0.0269801 0.028172 0.0298472 0.0320103 0.0346666 0.0378221 0.0414828 0.0456548 0.0503435 0.0555535 0.0612877 0.0675475 0.0743317 0.0816366 0.0894552 0.097777 0.106588 0.11587 0.1256 0.135753 0.146295 0.157193 0.168406 0.17989 0.191597 0.203476 0.215472 0.227528 0.239583 0.251577 0.263445 0.275125 0.286552 0.297663 0.308395 0.318687 0.328479 0.337715 0.34634 0.354305 0.361561 0.368067 0.373783 0.378677 0.382718 0.385883 0.388153 0.389515 0.38996 0.389487 0.388097 0.3858 0.382608 0.378541 0.373622 0.367882 0.361355 0.354078 0.346095 0.337454 0.328204 0.3184 0.3081 0.297361 0.286247 0.274819 0.263142 0.251279 0.239293 0.227248 0.215205 0.203225 0.191363 0.179675 0.168211 0.15702 0.146144 0.135624 0.125494 0.115785 0.106525 0.0977339 0.0894308 0.0816293 0.0743397 0.0675687 0.0613199 0.0555943 0.0503908 0.0457062 0.0415361 0.0378752 0.0347176 0.0320574 0.0298889 0.0282071 0.0270076 0.0262883 
0.0278978 0.0281488 0.0289081 0.0301788 0.0319644 0.0342695 0.0370995 0.0404604 0.0443584 0.0487994 0.0537888 0.059331 0.0654286 0.0720824 0.0792906 0.0870487 0.0953486 0.104179 0.113524 0.123363 0.133673 0.144425 0.155585 0.167114 0.178971 0.191109 0.203476 0.216018 0.228678 0.241394 0.254104 0.266742 0.279243 0.291539 0.303564 0.315251 0.326534 0.337351 0.347638 0.357337 0.366393 0.374751 0.382365 0.389189 0.395184 0.400314 0.40455 0.407868 0.410247 0.411674 0.412141 0.411644 0.410188 0.407779 0.404433 0.400169 0.395012 0.388992 0.382144 0.374508 0.366129 0.357056 0.347341 0.337041 0.326214 0.314923 0.303232 0.291205 0.27891 0.266414 0.253783 0.241084 0.228381 0.215737 0.203212 0.190864 0.178748 0.166913 0.155407 0.144271 0.133543 0.123257 0.11344 0.104117 0.0953071 0.0870259 0.0792847 0.0720913 0.06545 0.0593626 0.0538282 0.0488441 0.0444061 0.040509 0.0371469 0.0343138 0.0320041 0.0302126 0.028935 0.0281689 
0.0298039 0.0300711 0.0308785 0.0322293 0.0341269 0.036576 0.0395822 0.0431514 0.0472898 0.0520034 0.0572973 0.0631757 0.0696408 0.0766929 0.0843296 0.0925453 0.101331 0.110674 0.120557 0.130958 0.141851 0.153205 0.164985 0.177149 0.189652 0.202444 0.215472 0.228678 0.242001 0.255376 0.268739 0.28202 0.29515 0.308059 0.320678 0.332937 0.344768 0.356105 0.366883 0.377041 0.386521 0.39527 0.403236 0.410374 0.416644 0.422008 0.426437 0.429905 0.432391 0.433883 0.43437 0.433851 0.432328 0.429811 0.426313 0.421855 0.416462 0.410165 0.403001 0.395011 0.38624 0.37674 0.366565 0.355772 0.344424 0.332584 0.320319 0.307698 0.294789 0.281662 0.268388 0.255036 0.241673 0.228366 0.215178 0.20217 0.189399 0.17692 0.16478 0.153026 0.141697 0.130828 0.120452 0.110592 0.101272 0.0925062 0.084309 0.0766888 0.0696507 0.0631973 0.0573281 0.0520408 0.0473315 0.043195 0.0396256 0.0366173 0.0341643 0.0322616 0.0309046 0.0300911 
0.0317424 0.0320262 0.0328822 0.0343138 0.0363245 0.038919 0.0421029 0.0458823 0.0502632 0.0552516 0.0608524 0.0670694 0.0739045 0.0813573 0.0894248 0.0981004 0.107374 0.117231 0.127654 0.138617 0.150095 0.162052 0.174451 0.187248 0.200396 0.213841 0.227528 0.241394 0.255376 0.269407 0.283418 0.297336 0.31109 0.324607 0.337813 0.350637 0.363009 0.374858 0.38612 0.39673 0.406629 0.415761 0.424074 0.431522 0.438061 0.443655 0.448273 0.451888 0.45448 0.456034 0.456542 0.456001 0.454413 0.451789 0.448142 0.443493 0.437869 0.431301 0.423826 0.415487 0.406332 0.396411 0.385782 0.374504 0.362641 0.350259 0.337428 0.324217 0.3107 0.296949 0.283037 0.269036 0.255018 0.241051 0.227203 0.213537 0.200114 0.18699 0.174218 0.161846 0.149915 0.138464 0.127526 0.117129 0.107296 0.0980443 0.0893889 0.0813395 0.0739023 0.0670804 0.060874 0.0552812 0.0502984 0.0459205 0.042142 0.0389569 0.0363594 0.0343444 0.0329073 0.0320459 
0.0337039 0.0340042 0.034909 0.0364218 0.0385462 0.0412868 0.0446492 0.0486396 0.0532639 0.0585278 0.0644363 0.0709926 0.0781983 0.0860523 0.0945507 0.103686 0.113447 0.123818 0.134779 0.146304 0.158363 0.17092 0.183935 0.197363 0.211151 0.225244 0.239583 0.254104 0.268739 0.283418 0.298068 0.312615 0.326984 0.341099 0.354884 0.368264 0.381167 0.39352 0.405256 0.416309 0.426618 0.436125 0.444778 0.452527 0.459329 0.465148 0.46995 0.473709 0.476403 0.478019 0.478547 0.477985 0.476334 0.473605 0.469813 0.464978 0.459128 0.452295 0.444517 0.435837 0.426305 0.415973 0.404899 0.393145 0.380776 0.367862 0.354473 0.340683 0.326567 0.3122 0.297658 0.283017 0.26835 0.25373 0.239228 0.22491 0.210839 0.197076 0.183675 0.170687 0.158158 0.146127 0.134629 0.123695 0.11335 0.103612 0.0944989 0.0860202 0.0781834 0.0709924 0.0644482 0.0585492 0.053292 0.048672 0.0446836 0.0413209 0.0385784 0.0364505 0.0349331 0.0340236 
0.0356777 0.0359946 0.0369483 0.0385423 0.0407802 0.0436668 0.0472076 0.0514086 0.0562758 0.0618148 0.0680301 0.0749247 0.0824996 0.0907532 0.0996806 0.109273 0.119519 0.1304 0.141895 0.153977 0.166613 0.179765 0.19339 0.20744 0.221861 0.236594 0.251577 0.266742 0.28202 0.297336 0.312615 0.32778 0.342753 0.357454 0.371805 0.385729 0.39915 0.411996 0.424195 0.43568 0.446388 0.456261 0.465243 0.473286 0.480344 0.486381 0.491362 0.49526 0.498054 0.49973 0.500278 0.499694 0.497983 0.495152 0.491219 0.486204 0.480134 0.473044 0.464971 0.455959 0.44606 0.435327 0.423819 0.411601 0.398739 0.385304 0.37137 0.357012 0.342309 0.327337 0.312177 0.296906 0.281601 0.266339 0.251191 0.23623 0.22152 0.207125 0.193102 0.179505 0.166382 0.153776 0.141723 0.130256 0.119402 0.109182 0.0996125 0.0907064 0.0824716 0.074913 0.0680319 0.0618274 0.0562965 0.0514348 0.0472369 0.043697 0.0408094 0.038569 0.0369712 0.0360137 
0.0376529 0.0379863 0.0389886 0.0406634 0.0430142 0.0460458 0.0497637 0.054174 0.0592824 0.0650944 0.0716141 0.0788442 0.0867851 0.0954344 0.104787 0.114832 0.125557 0.136942 0.148965 0.161596 0.1748 0.188538 0.202764 0.217426 0.232469 0.247831 0.263445 0.279243 0.29515 0.31109 0.326984 0.342753 0.358314 0.373586 0.388489 0.402943 0.416869 0.430192 0.44284 0.454745 0.46584 0.476066 0.485368 0.493694 0.501 0.507247 0.512401 0.516434 0.519325 0.521058 0.521625 0.521021 0.519251 0.516323 0.512254 0.507064 0.500783 0.493443 0.485085 0.475753 0.465498 0.454376 0.442448 0.429779 0.416437 0.402496 0.388031 0.373121 0.357844 0.342283 0.326518 0.310631 0.294702 0.27881 0.263031 0.247437 0.232099 0.217083 0.202448 0.188252 0.174544 0.16137 0.14877 0.136777 0.12542 0.114722 0.104702 0.0953725 0.0867436 0.0788205 0.0716054 0.0650979 0.0592954 0.0541938 0.0497878 0.0460718 0.0430402 0.0406878 0.0390102 0.038005 
0.0396179 0.0399676 0.041018 0.0427726 0.045235 0.0484099 0.0523029 0.0569198 0.0622663 0.0683477 0.0751677 0.0827285 0.0910301 0.100069 0.10984 0.12033 0.131526 0.143407 0.155948 0.169118 0.18288 0.197192 0.212006 0.227268 0.242919 0.258894 0.275125 0.291539 0.308059 0.324607 0.341099 0.357454 0.373586 0.389413 0.40485 0.419816 0.43423 0.448016 0.461098 0.473406 0.484874 0.495441 0.50505 0.51365 0.521194 0.527643 0.532963 0.537125 0.540109 0.541898 0.542482 0.541859 0.540032 0.537011 0.532811 0.527455 0.52097 0.513391 0.504758 0.495117 0.48452 0.473023 0.46069 0.447585 0.43378 0.419349 0.40437 0.388924 0.373092 0.356958 0.340606 0.32412 0.307584 0.291078 0.274682 0.258472 0.242521 0.226896 0.211663 0.19688 0.182599 0.168868 0.15573 0.14322 0.131369 0.120202 0.109738 0.0999921 0.090975 0.0826927 0.0751483 0.068342 0.0622714 0.0569329 0.0523215 0.0484316 0.0452577 0.0427947 0.0410382 0.0399859 
0.0415606 0.0419264 0.0430241 0.0448571 0.0474291 0.0507448 0.0548097 0.0596294 0.0652097 0.0715553 0.0786698 0.0865549 0.0952099 0.104631 0.11481 0.125737 0.137393 0.149759 0.162805 0.176501 0.190807 0.205679 0.221065 0.23691 0.253152 0.269723 0.286552 0.303564 0.320678 0.337813 0.354884 0.371805 0.388489 0.40485 0.420803 0.436261 0.451145 0.465374 0.478872 0.491568 0.503394 0.514288 0.524191 0.533051 0.540823 0.547466 0.552944 0.55723 0.560302 0.562144 0.562745 0.562104 0.560224 0.557113 0.552789 0.547272 0.540593 0.532785 0.52389 0.513953 0.503029 0.491173 0.47845 0.464927 0.450677 0.435775 0.420302 0.404339 0.387971 0.371285 0.354365 0.3373 0.320175 0.303075 0.286081 0.269273 0.252726 0.236511 0.220695 0.20534 0.190501 0.176227 0.162564 0.14955 0.137216 0.12559 0.114692 0.104538 0.0951409 0.0865068 0.0786396 0.0715402 0.0652067 0.0596357 0.0548226 0.050762 0.0474484 0.0448768 0.0430428 0.0419442 
0.0434687 0.0438502 0.0449941 0.0469036 0.0495827 0.0530358 0.0572684 0.0622861 0.0680942 0.0746975 0.0820989 0.0902999 0.099299 0.109092 0.119669 0.131019 0.143123 0.155958 0.169496 0.183702 0.198535 0.213948 0.229889 0.246297 0.26311 0.280257 0.297663 0.315251 0.332937 0.350637 0.368264 0.385729 0.402943 0.419816 0.436261 0.452192 0.467525 0.482177 0.496073 0.509139 0.521306 0.53251 0.542693 0.551801 0.559789 0.566615 0.572244 0.576648 0.579804 0.581695 0.582314 0.581655 0.579724 0.576529 0.572086 0.566418 0.559554 0.551529 0.542384 0.532167 0.52093 0.508732 0.495638 0.481716 0.467041 0.451689 0.435742 0.419285 0.402403 0.385186 0.367721 0.350099 0.332408 0.314735 0.297165 0.27978 0.262657 0.245872 0.229493 0.213584 0.198204 0.183405 0.169233 0.155729 0.142926 0.130854 0.119534 0.108984 0.0992162 0.0902395 0.0820579 0.0746728 0.0680831 0.0622855 0.0572756 0.0530484 0.0495985 0.0469209 0.0450113 0.0438675 
0.0453297 0.0457265 0.046915 0.0488989 0.0516817 0.055268 0.0596632 0.0648726 0.0709016 0.0777542 0.0854335 0.0939401 0.103272 0.113424 0.124386 0.136145 0.148681 0.16197 0.175981 0.190678 0.206018 0.221953 0.238426 0.255376 0.272737 0.290436 0.308395 0.326534 0.344768 0.363009 0.381167 0.39915 0.416869 0.43423 0.451145 0.467525 0.483283 0.498338 0.512611 0.526027 0.538516 0.550014 0.560462 0.569806 0.577998 0.584997 0.590768 0.595282 0.598517 0.600456 0.60109 0.600416 0.598436 0.595161 0.590607 0.584796 0.577758 0.569528 0.560147 0.549664 0.538132 0.52561 0.512164 0.497864 0.482785 0.467005 0.450608 0.43368 0.416309 0.398585 0.380601 0.362447 0.344215 0.325994 0.307872 0.289933 0.272258 0.254925 0.238005 0.221564 0.205663 0.190358 0.175696 0.161719 0.148465 0.135961 0.124234 0.113301 0.103176 0.0938674 0.0853816 0.0777201 0.0708822 0.0648651 0.0596647 0.055276 0.051694 0.0489136 0.0469307 0.0457432 
0.0471308 0.0475423 0.048774 0.0508294 0.053712 0.0574266 0.0619781 0.067372 0.0736132 0.0807057 0.0886519 0.0974521 0.107103 0.1176 0.128931 0.141082 0.154032 0.167755 0.18222 0.197387 0.213212 0.229644 0.246626 0.264093 0.281976 0.300201 0.318687 0.337351 0.356105 0.374858 0.39352 0.411996 0.430192 0.448016 0.465374 0.482177 0.498338 0.513773 0.528401 0.542146 0.554939 0.566713 0.57741 0.586973 0.595357 0.602519 0.608423 0.613041 0.61635 0.618334 0.618982 0.618293 0.616268 0.612918 0.60826 0.602315 0.595114 0.586691 0.577089 0.566356 0.554547 0.54172 0.527944 0.513287 0.497827 0.481643 0.464821 0.447448 0.429613 0.411411 0.392933 0.374275 0.355528 0.336786 0.318139 0.299674 0.281473 0.263618 0.246181 0.229232 0.212834 0.197045 0.181913 0.167485 0.153797 0.140881 0.128763 0.117462 0.106994 0.0973674 0.0885894 0.0806623 0.0735858 0.0673576 0.0619739 0.05743 0.0537208 0.0508415 0.0487881 0.0475585 
0.0488596 0.0492852 0.050558 0.0526817 0.0556597 0.0594966 0.0641974 0.0697673 0.076211 0.0835322 0.0917328 0.100813 0.110769 0.121593 0.133276 0.145799 0.159143 0.173279 0.188174 0.203787 0.220072 0.236977 0.25444 0.272396 0.290774 0.309496 0.328479 0.347638 0.366883 0.38612 0.405256 0.424195 0.44284 0.461098 0.478872 0.496073 0.512611 0.528401 0.543361 0.557415 0.570491 0.582523 0.593451 0.60322 0.611782 0.619095 0.625124 0.629838 0.633216 0.635241 0.635903 0.635199 0.633133 0.629714 0.624959 0.618889 0.611536 0.602934 0.593126 0.58216 0.570092 0.556981 0.542895 0.527905 0.512088 0.495526 0.478305 0.460514 0.442245 0.423591 0.40465 0.385516 0.366285 0.347052 0.327909 0.308945 0.290248 0.271898 0.253972 0.236542 0.219673 0.203424 0.187847 0.17299 0.15889 0.145582 0.133092 0.121441 0.110646 0.100716 0.0916599 0.0834796 0.0761757 0.0697462 0.0641876 0.0594955 0.055665 0.0526913 0.0505706 0.0493007 
0.0505037 0.0509426 0.0522544 0.0544427 0.0575109 0.0614636 0.0663056 0.0720419 0.078677 0.0862144 0.0946555 0.104 0.114243 0.125377 0.137391 0.150266 0.163981 0.178506 0.193806 0.209839 0.226557 0.243905 0.261821 0.280236 0.299078 0.318265 0.337715 0.357337 0.377041 0.39673 0.416309 0.43568 0.454745 0.473406 0.491568 0.509139 0.526027 0.542146 0.557415 0.571754 0.585093 0.597364 0.608506 0.618465 0.627192 0.634645 0.640788 0.645592 0.649033 0.651096 0.651771 0.651054 0.64895 0.645467 0.640622 0.634438 0.626944 0.618176 0.608178 0.596997 0.584688 0.571314 0.556941 0.541641 0.525493 0.50858 0.490988 0.472808 0.454133 0.43506 0.415685 0.396107 0.376423 0.356731 0.337123 0.317694 0.29853 0.279716 0.261331 0.243449 0.226137 0.209456 0.19346 0.178198 0.163711 0.150033 0.137192 0.125212 0.114108 0.103892 0.0945726 0.086153 0.0786341 0.0720143 0.0662904 0.0614581 0.0575128 0.0544499 0.0522655 0.0509576 
0.0520511 0.0525025 0.0538508 0.0560996 0.0592524 0.0633135 0.0682877 0.0741798 0.0809941 0.0887337 0.0973997 0.106991 0.117503 0.128927 0.14125 0.154454 0.168514 0.183402 0.19908 0.215504 0.232625 0.250386 0.268723 0.287566 0.306838 0.326458 0.34634 0.366393 0.386521 0.406629 0.426618 0.446388 0.46584 0.484874 0.503394 0.521306 0.538516 0.554939 0.570491 0.585093 0.598672 0.611163 0.622502 0.632635 0.641513 0.649094 0.655341 0.660226 0.663726 0.665824 0.666511 0.665782 0.663642 0.660101 0.655174 0.648885 0.641263 0.632344 0.62217 0.610792 0.598264 0.584647 0.57001 0.554426 0.537974 0.520737 0.502803 0.484264 0.465215 0.445753 0.425978 0.405989 0.385886 0.365767 0.345729 0.325867 0.30627 0.287025 0.268214 0.249911 0.232186 0.215102 0.198716 0.183077 0.168228 0.154205 0.141037 0.128748 0.117356 0.106873 0.0973073 0.088664 0.0809439 0.074146 0.0682673 0.0633038 0.059251 0.0561045 0.0538604 0.0525169 
0.0534903 0.0539532 0.0553353 0.0576402 0.0608713 0.0650328 0.0701293 0.0761656 0.0831457 0.0910724 0.0999464 0.109766 0.120526 0.132218 0.144826 0.158333 0.172714 0.187936 0.203962 0.220747 0.238239 0.25638 0.275105 0.29434 0.314008 0.334026 0.354305 0.374751 0.39527 0.415761 0.436125 0.456261 0.476066 0.495441 0.514288 0.53251 0.550014 0.566713 0.582523 0.597364 0.611163 0.623851 0.635369 0.64566 0.654675 0.662372 0.668714 0.673673 0.677226 0.679356 0.680053 0.679314 0.677142 0.673548 0.668547 0.662162 0.654424 0.645367 0.635036 0.623478 0.61075 0.596914 0.582037 0.566194 0.549464 0.531932 0.513686 0.494819 0.475428 0.455612 0.435471 0.415105 0.394618 0.374108 0.353676 0.333416 0.313422 0.293781 0.274577 0.255887 0.237782 0.220328 0.203582 0.187595 0.172413 0.158071 0.144601 0.132027 0.120368 0.109638 0.0998451 0.0909948 0.0830887 0.076126 0.070104 0.0650191 0.0608668 0.0576429 0.0553436 0.0539671 
