2.47823e-08 2.60898e-08 3.34837e-08 4.84036e-08 7.35932e-08 1.13478e-07 1.74704e-07 2.66898e-07 4.03677e-07 6.03951e-07 8.93566e-07 1.30731e-06 1.89132e-06 2.70585e-06 3.82846e-06 5.35742e-06 7.41533e-06 1.01527e-05 1.37514e-05 1.84271e-05 2.44317e-05 3.2053e-05 4.16144e-05 5.34705e-05 6.80015e-05 8.56041e-05 0.000106679 0.000131617 0.00016078 0.00019448 0.000232959 0.000276368 0.000324741 0.000377979 0.000435834 0.000497896 0.000563589 0.000632173 0.000702751 0.000774291 0.000845642 0.00091557 0.000982793 0.00104602 0.00110397 0.00115546 0.0011994 0.00123483 0.00126099 0.0012773 0.00128339 0.00127913 0.00126463 0.00124021 0.00120641 0.00116399 0.00111386 0.00105709 0.000994863 0.000928435 0.000859094 0.000788121 0.000716753 0.00064615 0.000577356 0.000511286 0.0004487 0.000390195 0.000336206 0.000287007 0.000242721 0.000203336 0.000168726 0.000138669 0.000112867 9.09743e-05 7.26106e-05 5.73824e-05 4.48977e-05 3.4778e-05 2.66679e-05 2.02416e-05 1.52071e-05 1.13073e-05 8.32064e-06 6.05915e-06 4.36612e-06 3.11305e-06 2.19612e-06 1.5328e-06 1.05842e-06 7.23049e-07 4.88677e-07 3.26804e-07 2.16353e-07 1.41974e-07 9.26691e-08 6.07129e-08 4.08319e-08 2.96194e-08 
2.60898e-08 2.74871e-08 3.53392e-08 5.11848e-08 7.79565e-08 1.20386e-07 1.85586e-07 2.83865e-07 4.29813e-07 6.43711e-07 9.5329e-07 1.3959e-06 2.0211e-06 2.89363e-06 4.09685e-06 5.73642e-06 7.94414e-06 1.08819e-05 1.47451e-05 1.97658e-05 2.62146e-05 3.44009e-05 4.4672e-05 5.74086e-05 7.30188e-05 9.1928e-05 0.000114566 0.00014135 0.000172668 0.000208853 0.000250163 0.000296755 0.000348665 0.000405783 0.00046784 0.000534393 0.000604823 0.000678333 0.000753964 0.000830604 0.000907024 0.000981903 0.00105387 0.00112153 0.00118355 0.00123863 0.00128563 0.00132352 0.00135148 0.00136889 0.00137539 0.00137081 0.00135527 0.00132912 0.00129293 0.00124752 0.00119385 0.00113308 0.00106645 0.000995325 0.000921066 0.000845048 0.000768595 0.000692948 0.000619227 0.000548412 0.000481319 0.00041859 0.000360694 0.000307925 0.000260419 0.000218165 0.000181029 0.000148774 0.000121085 9.7589e-05 7.78803e-05 6.1537e-05 4.81387e-05 3.72795e-05 2.85778e-05 2.16841e-05 1.62845e-05 1.21032e-05 8.90192e-06 6.47889e-06 4.66576e-06 3.32447e-06 2.34357e-06 1.63442e-06 1.12762e-06 7.69611e-07 5.1963e-07 3.47133e-07 2.29548e-07 1.50446e-07 9.80661e-08 6.41531e-08 4.30765e-08 3.1202e-08 
3.34837e-08 3.53392e-08 4.54828e-08 6.58942e-08 1.00337e-07 1.54874e-07 2.38606e-07 3.64703e-07 5.5178e-07 8.25668e-07 1.22163e-06 1.78708e-06 2.58477e-06 3.69658e-06 5.22765e-06 7.31095e-06 1.0112e-05 1.38335e-05 1.87196e-05 2.50593e-05 3.31887e-05 4.34912e-05 5.63951e-05 7.2369e-05 9.19129e-05 0.000115546 0.00014379 0.000177151 0.000216091 0.000261007 0.0003122 0.000369845 0.000433968 0.000504416 0.000580842 0.000662688 0.000749181 0.000839338 0.000931978 0.00102574 0.00111913 0.00121054 0.00129831 0.00138075 0.00145625 0.00152325 0.00158036 0.00162637 0.00166029 0.00168138 0.00168918 0.00168353 0.00166455 0.00163267 0.00158859 0.00153325 0.00146786 0.00139378 0.00131253 0.00122573 0.00113505 0.00104214 0.000948622 0.000855998 0.000765639 0.000678744 0.000596319 0.000519161 0.000447854 0.000382776 0.000324106 0.000271849 0.000225855 0.000185846 0.000151449 0.000122217 9.7659e-05 7.72634e-05 6.05173e-05 4.69241e-05 3.60154e-05 2.73603e-05 2.05714e-05 1.53066e-05 1.12704e-05 8.21136e-06 5.91935e-06 4.22172e-06 2.97876e-06 2.07917e-06 1.4356e-06 9.80516e-07 6.62471e-07 4.42824e-07 2.92986e-07 1.9212e-07 1.25291e-07 8.20073e-08 5.51066e-08 3.99642e-08 
4.84036e-08 5.11848e-08 6.58942e-08 9.53743e-08 1.45009e-07 2.23447e-07 3.43641e-07 5.24286e-07 7.91736e-07 1.18246e-06 1.74609e-06 2.54917e-06 3.67949e-06 5.2512e-06 7.41042e-06 1.03412e-05 1.4272e-05 1.94814e-05 2.63035e-05 3.51326e-05 4.64248e-05 6.06982e-05 7.85293e-05 0.000100545 0.000127412 0.000159816 0.000198444 0.000243954 0.000296944 0.000357917 0.000427246 0.000505132 0.000591575 0.000686337 0.000788923 0.000898562 0.0010142 0.00113452 0.00125793 0.00138264 0.00150665 0.00162785 0.00174406 0.0018531 0.00195282 0.00204122 0.0021165 0.00217708 0.00222167 0.00224933 0.00225947 0.00225188 0.00222672 0.00218454 0.00212626 0.00205311 0.00196663 0.00186862 0.00176104 0.00164602 0.00152574 0.00140236 0.00127801 0.00115468 0.00103418 0.000918124 0.000807849 0.000704436 0.000608688 0.000521133 0.00044204 0.000371446 0.00030918 0.000254898 0.000208126 0.000168286 0.00013474 0.000106814 8.38324e-05 6.51337e-05 5.00927e-05 3.81311e-05 2.87268e-05 2.14172e-05 1.58005e-05 1.1534e-05 8.3303e-06 5.95227e-06 4.20745e-06 2.94202e-06 2.0349e-06 1.39219e-06 9.42167e-07 6.30799e-07 4.18015e-07 2.74537e-07 1.7933e-07 1.17589e-07 7.91882e-08 5.75842e-08 
7.35932e-08 7.79565e-08 1.00337e-07 1.45009e-07 2.20035e-07 3.38332e-07 5.19189e-07 7.9037e-07 1.19089e-06 1.77458e-06 2.61444e-06 3.80802e-06 5.48358e-06 7.80727e-06 1.0991e-05 1.53006e-05 2.10646e-05 2.86822e-05 3.86302e-05 5.14682e-05 6.78412e-05 8.84779e-05 0.000114185 0.000145835 0.000184349 0.000230672 0.000285739 0.000350438 0.000425569 0.000511791 0.000609575 0.000719152 0.00084047 0.00097315 0.00111646 0.00126928 0.00143013 0.00159715 0.00176814 0.00194062 0.00211185 0.00227894 0.00243892 0.0025888 0.00272572 0.00284696 0.00295008 0.00303296 0.00309389 0.0031316 0.0031453 0.0031347 0.00310005 0.00304206 0.00296199 0.00286148 0.00274263 0.00260784 0.00245979 0.00230134 0.00213544 0.00196507 0.00179312 0.00162232 0.00145517 0.00129389 0.00114037 0.000996121 0.000862288 0.000739646 0.000628614 0.000529286 0.000441469 0.00036473 0.000298443 0.000241842 0.00019406 0.000154184 0.000121282 9.44423e-05 7.27971e-05 5.5539e-05 4.19354e-05 3.13347e-05 2.31684e-05 1.69497e-05 1.22683e-05 8.78498e-06 6.22296e-06 4.36045e-06 3.02219e-06 2.07185e-06 1.40492e-06 9.42471e-07 6.25772e-07 4.11792e-07 2.69537e-07 1.77137e-07 1.19607e-07 8.72501e-08 
1.13478e-07 1.20386e-07 1.54874e-07 2.23447e-07 3.38332e-07 5.19062e-07 7.9472e-07 1.20705e-06 1.81454e-06 2.6976e-06 3.96498e-06 5.7614e-06 8.27654e-06 1.17552e-05 1.65083e-05 2.29246e-05 3.14823e-05 4.27603e-05 5.74467e-05 7.63457e-05 0.00010038 0.000130585 0.000168105 0.000214166 0.000270058 0.000337091 0.000416555 0.000509663 0.000617488 0.000740902 0.0008805 0.00103654 0.00120887 0.00139689 0.0015995 0.00181509 0.00204152 0.00227617 0.00251593 0.00275735 0.00299661 0.00322972 0.00345257 0.00366109 0.00385133 0.00401959 0.00416254 0.00427731 0.00436158 0.00441361 0.00443235 0.00441742 0.00436913 0.0042885 0.00417719 0.00403748 0.0038722 0.00368463 0.00347845 0.00325755 0.00302602 0.00278793 0.00254729 0.00230789 0.00207322 0.00184638 0.00163004 0.00142636 0.001237 0.00106309 0.00090529 0.000763796 0.000638401 0.000528557 0.000433438 0.00035201 0.000283095 0.000225431 0.000177729 0.000138714 0.000107167 8.19482e-05 6.20174e-05 4.64457e-05 3.44191e-05 2.5237e-05 1.83075e-05 1.31383e-05 9.32703e-06 6.54956e-06 4.5491e-06 3.12516e-06 2.12357e-06 1.42749e-06 9.49746e-07 6.26275e-07 4.10809e-07 2.70617e-07 1.83231e-07 1.34089e-07 
1.74704e-07 1.85586e-07 2.38606e-07 3.43641e-07 5.19189e-07 7.9472e-07 1.21399e-06 1.83963e-06 2.75911e-06 4.09232e-06 6.00083e-06 8.69895e-06 1.24666e-05 1.76635e-05 2.4745e-05 3.42783e-05 4.69582e-05 6.36216e-05 8.52599e-05 0.000113026 0.000148235 0.00019236 0.000247013 0.000313917 0.000394868 0.000491684 0.000606133 0.000739863 0.000894311 0.00107062 0.00126952 0.00149129 0.00173561 0.00200153 0.00228743 0.00259096 0.00290909 0.00323808 0.00357362 0.00391085 0.0042445 0.00456907 0.00487891 0.00516842 0.00543222 0.00566528 0.00586306 0.00602169 0.00613801 0.00620969 0.00623529 0.00621433 0.00614722 0.00603535 0.00588098 0.00568719 0.00545783 0.00519737 0.00491081 0.0046035 0.004281 0.00394894 0.00361283 0.00327791 0.00294906 0.0026306 0.0023263 0.00203923 0.00177177 0.0015256 0.00130173 0.00110051 0.000921766 0.000764798 0.000628532 0.000511581 0.000412347 0.000329098 0.00026005 0.000203428 0.000157523 0.00012073 9.15757e-05 6.87385e-05 5.10547e-05 3.75188e-05 2.72777e-05 1.9619e-05 1.39582e-05 9.82279e-06 6.83715e-06 4.70694e-06 3.20507e-06 2.15894e-06 1.43936e-06 9.51118e-07 6.25249e-07 4.12861e-07 2.80315e-07 2.0578e-07 
2.66898e-07 2.83865e-07 3.64703e-07 5.24286e-07 7.9037e-07 1.20705e-06 1.83963e-06 2.7813e-06 4.16181e-06 6.15844e-06 9.0093e-06 1.30291e-05 1.86275e-05 2.63289e-05 3.67947e-05 5.08453e-05 6.94813e-05 9.39037e-05 0.000125528 0.000165992 0.000217157 0.000281094 0.000360059 0.000456449 0.000572745 0.000711437 0.000874929 0.00106543 0.00128485 0.00153465 0.00181573 0.0021283 0.0024718 0.00284477 0.00324482 0.00366859 0.00411178 0.00456918 0.00503477 0.00550184 0.00596318 0.00641123 0.00683832 0.00723685 0.00759953 0.00791958 0.00819091 0.00840828 0.00856748 0.0086654 0.00870012 0.00867098 0.00857857 0.00842473 0.0082125 0.00794604 0.00763052 0.00727197 0.00687713 0.00645325 0.00600789 0.00554869 0.00508318 0.00461858 0.00416159 0.00371824 0.00329375 0.00289247 0.00251781 0.00217219 0.00185714 0.00157331 0.00132055 0.00109804 0.000904379 0.000737741 0.000595977 0.000476735 0.000377572 0.00029604 0.000229763 0.000176501 0.000134186 0.000100953 7.51515e-05 5.53516e-05 4.03328e-05 2.9073e-05 2.07297e-05 1.46197e-05 1.01979e-05 7.03547e-06 4.80066e-06 3.24047e-06 2.16489e-06 1.43355e-06 9.44452e-07 6.2513e-07 4.25609e-07 3.13411e-07 
4.03677e-07 4.29813e-07 5.5178e-07 7.91736e-07 1.19089e-06 1.81454e-06 2.75911e-06 4.16181e-06 6.2131e-06 9.17234e-06 1.33867e-05 1.93135e-05 2.75458e-05 3.88399e-05 5.41461e-05 7.46379e-05 0.000101741 0.00013716 0.000182892 0.00024124 0.000314806 0.00040647 0.00051935 0.00065674 0.000822025 0.00101857 0.00124961 0.00151806 0.00182639 0.00217644 0.00256928 0.003005 0.0034826 0.00399989 0.00455342 0.00513843 0.0057489 0.00637763 0.00701634 0.00765588 0.00828648 0.00889791 0.00947985 0.0100221 0.010515 0.0109494 0.0113174 0.0116118 0.0118272 0.0119594 0.012006 0.011966 0.0118403 0.0116312 0.0113429 0.0109808 0.0105518 0.0100639 0.00952619 0.00894825 0.00834025 0.00771247 0.00707509 0.00643787 0.00580996 0.00519962 0.00461406 0.00405934 0.00354026 0.00306033 0.0026218 0.00222576 0.00187219 0.00156013 0.00128783 0.00105291 0.000852525 0.000683522 0.000542598 0.000426417 0.000331721 0.000255415 0.00019463 0.000146764 0.000109505 8.08373e-05 5.90362e-05 4.26499e-05 3.04775e-05 2.15415e-05 1.50586e-05 1.0411e-05 7.11899e-06 4.81542e-06 3.22382e-06 2.13927e-06 1.41251e-06 9.3719e-07 6.39833e-07 4.72613e-07 
6.03951e-07 6.43711e-07 8.25668e-07 1.18246e-06 1.77458e-06 2.6976e-06 4.09232e-06 6.15844e-06 9.17234e-06 1.35091e-05 1.96692e-05 2.83094e-05 4.02781e-05 5.66536e-05 7.87849e-05 0.000108331 0.0001473 0.000198079 0.000263454 0.000346623 0.000451176 0.000581067 0.000740551 0.000934092 0.00116624 0.0014415 0.00176411 0.00213788 0.00256597 0.00305063 0.00359302 0.004193 0.00484893 0.00555758 0.006314 0.00711156 0.00794195 0.00879532 0.00966047 0.0105251 0.0113761 0.0121998 0.0129826 0.013711 0.0143722 0.0149543 0.0154467 0.0158404 0.016128 0.0163043 0.016366 0.0163119 0.0161431 0.0158627 0.0154761 0.0149905 0.0144148 0.0137596 0.0130367 0.0122588 0.0114393 0.010592 0.0097303 0.00886732 0.00801533 0.00718554 0.00638777 0.00563035 0.00491996 0.00426158 0.00365854 0.00311254 0.00262383 0.00219137 0.001813 0.00148568 0.00120572 0.000968963 0.000770995 0.000607336 0.000473576 0.000365497 0.000279167 0.000211001 0.000157799 0.000116757 8.54629e-05 6.1881e-05 4.43189e-05 3.13938e-05 2.19938e-05 1.52386e-05 1.04423e-05 7.07835e-06 4.74882e-06 3.15798e-06 2.08979e-06 1.38994e-06 9.51567e-07 7.05028e-07 
8.93566e-07 9.5329e-07 1.22163e-06 1.74609e-06 2.61444e-06 3.96498e-06 6.00083e-06 9.0093e-06 1.33867e-05 1.96692e-05 2.85695e-05 4.10196e-05 5.8219e-05 8.16864e-05 0.000113313 0.000155417 0.000210789 0.000282731 0.000375084 0.000492224 0.000639046 0.000820905 0.00104353 0.00131288 0.00163499 0.00201577 0.00246073 0.00297474 0.00356172 0.00422436 0.00496384 0.00577958 0.00666899 0.00762736 0.00864776 0.00972103 0.0108359 0.011979 0.0131355 0.0142889 0.015422 0.016517 0.0175558 0.0185211 0.0193961 0.0201655 0.0208157 0.021335 0.0217139 0.0219458 0.0220264 0.0219543 0.0217307 0.02136 0.0208487 0.0202062 0.0194442 0.0185761 0.0176173 0.0165843 0.0154946 0.0143661 0.0132165 0.0120631 0.0109221 0.00980858 0.00873566 0.00771468 0.00675481 0.00586303 0.00504411 0.00430073 0.00363359 0.00304162 0.00252227 0.00207175 0.00168533 0.00135761 0.00108282 0.000855016 0.000668303 0.000517015 0.000395837 0.000299892 0.000224804 0.000166722 0.000122319 8.87698e-05 6.37205e-05 4.52382e-05 3.17629e-05 2.20554e-05 1.51462e-05 1.02889e-05 6.91752e-06 4.61013e-06 3.05764e-06 2.03866e-06 1.39959e-06 1.04014e-06 
1.30731e-06 1.3959e-06 1.78708e-06 2.54917e-06 3.80802e-06 5.7614e-06 8.69895e-06 1.30291e-05 1.93135e-05 2.83094e-05 4.10196e-05 5.87511e-05 8.3179e-05 0.000116416 0.000161082 0.000220373 0.000298122 0.000398841 0.000527749 0.000690765 0.000894469 0.00114602 0.001453 0.00182329 0.00226475 0.00278502 0.00339113 0.00408917 0.00488392 0.00577847 0.00677385 0.00786875 0.00905922 0.0103385 0.0116971 0.0131224 0.0145993 0.0161102 0.0176354 0.0191535 0.020642 0.0220777 0.0234376 0.0246992 0.0258413 0.0268444 0.027691 0.0283664 0.0288588 0.0291596 0.0292635 0.0291687 0.028877 0.0283934 0.0277268 0.0268886 0.0258938 0.0247595 0.0235053 0.0221523 0.0207229 0.0192402 0.0177271 0.016206 0.0146983 0.0132236 0.0117995 0.0104411 0.00916078 0.00796828 0.00687033 0.00587096 0.00497161 0.00417136 0.0034673 0.00285479 0.00232792 0.00187981 0.00150297 0.00118967 0.000932139 0.000722878 0.000554787 0.000421326 0.000316587 0.000235347 0.000173071 0.000125894 9.05761e-05 6.445e-05 4.53535e-05 3.1562e-05 2.17222e-05 1.4788e-05 9.96393e-06 6.65495e-06 4.42393e-06 2.95695e-06 2.03572e-06 1.5175e-06 
1.89132e-06 2.0211e-06 2.58477e-06 3.67949e-06 5.48358e-06 8.27654e-06 1.24666e-05 1.86275e-05 2.75458e-05 4.02781e-05 5.8219e-05 8.3179e-05 0.000117469 0.000163993 0.000226335 0.000308848 0.000416729 0.000556064 0.000733856 0.000958005 0.00123724 0.00158098 0.00199917 0.00250201 0.00309964 0.00380173 0.00461711 0.00555325 0.00661581 0.00780816 0.00913095 0.0105817 0.0121546 0.0138401 0.0156251 0.017493 0.0194237 0.0213941 0.0233786 0.0253496 0.0272782 0.029135 0.0308907 0.032517 0.0339871 0.0352765 0.0363636 0.0372299 0.0378609 0.0382457 0.0383778 0.0382551 0.0378797 0.0372581 0.0364009 0.0353229 0.0340423 0.0325808 0.0309628 0.0292149 0.0273656 0.0254439 0.0234791 0.0215001 0.0195342 0.0176071 0.0157416 0.0139577 0.0122721 0.0106979 0.00924457 0.00791801 0.00672082 0.00565247 0.00470978 0.00388727 0.00317765 0.00257231 0.00206176 0.00163602 0.00128504 0.000999018 0.000768601 0.000585128 0.000440735 0.000328424 0.000242093 0.000176515 0.000127292 9.07833e-05 6.40291e-05 4.46585e-05 3.08038e-05 2.10166e-05 1.41917e-05 9.49972e-06 6.32959e-06 4.2413e-06 2.92818e-06 2.1894e-06 
2.70585e-06 2.89363e-06 3.69658e-06 5.2512e-06 7.80727e-06 1.17552e-05 1.76635e-05 2.63289e-05 3.88399e-05 5.66536e-05 8.16864e-05 0.000116416 0.000163993 0.000228358 0.000314356 0.000427844 0.000575777 0.000766262 0.00100857 0.00131312 0.00169131 0.0021554 0.00271822 0.00339279 0.00419195 0.00512779 0.00621115 0.00745101 0.00885384 0.0104231 0.0121587 0.0140564 0.0161077 0.0182996 0.0206144 0.0230302 0.0255206 0.0280558 0.0306032 0.0331276 0.0355925 0.0379611 0.0401966 0.042264 0.0441301 0.0457646 0.047141 0.0482368 0.0490339 0.0495193 0.0496851 0.0495286 0.0490525 0.0482646 0.0471781 0.0458109 0.0441855 0.0423285 0.0402701 0.0380433 0.0356833 0.0332265 0.0307097 0.0281694 0.0256402 0.023155 0.0207433 0.0184311 0.0162405 0.014189 0.0122896 0.0105509 0.00897715 0.00756856 0.00632189 0.00523085 0.0042867 0.00347884 0.0027954 0.00222377 0.00175111 0.00136476 0.00105261 0.000803325 0.000606573 0.000453103 0.000334804 0.000244694 0.000176874 0.000126438 8.93813e-05 6.24823e-05 4.31946e-05 2.95359e-05 1.99887e-05 1.34102e-05 8.95595e-06 6.01634e-06 4.16545e-06 3.12392e-06 
3.82846e-06 4.09685e-06 5.22765e-06 7.41042e-06 1.0991e-05 1.65083e-05 2.4745e-05 3.67947e-05 5.41461e-05 7.87849e-05 0.000113313 0.000161082 0.000226335 0.000314356 0.000431615 0.000585892 0.000786383 0.00104375 0.00137012 0.00177901 0.00228516 0.00290428 0.00365266 0.00454672 0.00560242 0.00683463 0.00825641 0.00987823 0.0117073 0.0137468 0.0159952 0.018446 0.0210871 0.0239007 0.0268635 0.0299467 0.0331167 0.0363354 0.0395615 0.0427511 0.0458587 0.0488388 0.0516463 0.0542381 0.056574 0.0586172 0.0603357 0.0617022 0.0626952 0.063299 0.0635042 0.0633076 0.0627123 0.061728 0.0603702 0.0586606 0.0566264 0.0542997 0.0517172 0.0489191 0.0459485 0.0428502 0.0396698 0.0364524 0.0332417 0.0300789 0.0270018 0.0240437 0.0212332 0.0185937 0.0161427 0.0138923 0.0118492 0.0100148 0.00838631 0.00695664 0.00571558 0.00465035 0.00374636 0.00298792 0.00235886 0.00184311 0.00142515 0.00109037 0.00082537 0.000618063 0.00045781 0.000335402 0.000243019 0.000174131 0.000123382 8.64486e-05 5.9898e-05 4.10495e-05 2.78429e-05 1.87218e-05 1.25327e-05 8.4406e-06 5.86054e-06 4.40839e-06 
5.35742e-06 5.73642e-06 7.31095e-06 1.03412e-05 1.53006e-05 2.29246e-05 3.42783e-05 5.08453e-05 7.46379e-05 0.000108331 0.000155417 0.000220373 0.000308848 0.000427844 0.000585892 0.000793206 0.00106179 0.00140548 0.00183995 0.00238252 0.00305197 0.00386815 0.00485146 0.00602227 0.00740014 0.00900298 0.0108462 0.0129417 0.0152971 0.0179147 0.0207911 0.0239162 0.0272734 0.0308388 0.0345819 0.0384658 0.0424477 0.04648 0.0505112 0.054487 0.058352 0.0620504 0.0655279 0.0687325 0.071616 0.0741347 0.0762503 0.0779308 0.0791506 0.0798913 0.0801418 0.0798984 0.0791648 0.0779523 0.0762795 0.0741717 0.0716614 0.0687866 0.0655913 0.0621236 0.0584353 0.0545809 0.0506156 0.046595 0.0425728 0.0386004 0.0347251 0.0309892 0.0274295 0.0240763 0.0209531 0.0180766 0.0154567 0.0130972 0.0109957 0.0091448 0.00753295 0.00614502 0.00496341 0.00396891 0.00314146 0.00246095 0.00190777 0.00146335 0.00111049 0.000833652 0.000619027 0.000454622 0.000330195 0.000237159 0.000168436 0.000118289 8.21471e-05 5.6425e-05 3.83582e-05 2.58513e-05 1.73465e-05 1.17126e-05 8.15564e-06 6.15315e-06 
7.41533e-06 7.94414e-06 1.0112e-05 1.4272e-05 2.10646e-05 3.14823e-05 4.69582e-05 6.94813e-05 0.000101741 0.0001473 0.000210789 0.000298122 0.000416729 0.000575777 0.000786383 0.00106179 0.00141747 0.00187118 0.00244288 0.0031545 0.00402963 0.00509301 0.00636983 0.00788494 0.00966191 0.0117219 0.0140827 0.0167574 0.0197534 0.0230718 0.0267059 0.0306411 0.0348546 0.0393151 0.0439834 0.0488125 0.0537491 0.0587342 0.0637046 0.0685943 0.0733364 0.0778641 0.0821127 0.0860207 0.0895312 0.092593 0.0951614 0.0971992 0.0986768 0.0995729 0.0998746 0.0995777 0.0986865 0.0972141 0.095182 0.0926197 0.0895649 0.0860622 0.0821629 0.0779239 0.0734067 0.068676 0.0637982 0.0588402 0.0538676 0.0489431 0.0441254 0.0394675 0.0350157 0.0308092 0.0268788 0.0232473 0.019929 0.0169306 0.0142512 0.0118836 0.009815 0.00802787 0.00650144 0.00521253 0.0041367 0.00324909 0.00252531 0.00194203 0.00147752 0.00111199 0.000827769 0.000609426 0.000443709 0.000319456 0.000227423 0.000160088 0.000111432 7.6715e-05 5.22704e-05 3.53086e-05 2.37492e-05 1.60772e-05 1.12268e-05 8.4954e-06 
1.01527e-05 1.08819e-05 1.38335e-05 1.94814e-05 2.86822e-05 4.27603e-05 6.36216e-05 9.39037e-05 0.00013716 0.000198079 0.000282731 0.000398841 0.000556064 0.000766262 0.00104375 0.00140548 0.00187118 0.00246333 0.00320702 0.00412967 0.00526052 0.00662995 0.00826862 0.0102064 0.0124711 0.0150873 0.018075 0.021448 0.025213 0.0293684 0.0339033 0.0387972 0.0440194 0.0495295 0.0552775 0.061205 0.067246 0.0733284 0.0793761 0.08531 0.0910504 0.0965187 0.101639 0.10634 0.110555 0.114225 0.1173 0.119737 0.121502 0.122571 0.12293 0.122573 0.121506 0.119743 0.117309 0.114238 0.110572 0.106363 0.101669 0.096558 0.0911001 0.0853715 0.0794507 0.0734172 0.0673495 0.0613235 0.0554107 0.0496765 0.044179 0.0389675 0.0340822 0.0295532 0.025401 0.0216364 0.0182609 0.0152681 0.0126443 0.0103699 0.00842079 0.00676952 0.0053867 0.00424213 0.00330582 0.00254891 0.00194426 0.001467 0.0010948 0.000808031 0.000589757 0.000425635 0.000303738 0.000214312 0.000149522 0.000103176 7.0461e-05 4.77069e-05 3.21658e-05 2.18314e-05 1.52886e-05 1.16031e-05 
1.37514e-05 1.47451e-05 1.87196e-05 2.63035e-05 3.86302e-05 5.74467e-05 8.52599e-05 0.000125528 0.000182892 0.000263454 0.000375084 0.000527749 0.000733856 0.00100857 0.00137012 0.00183995 0.00244288 0.00320702 0.00416355 0.00534627 0.00679095 0.00853439 0.0106133 0.013063 0.0159158 0.0191997 0.0229362 0.0271394 0.0318141 0.036955 0.0425454 0.048557 0.0549495 0.0616712 0.0686597 0.0758428 0.0831404 0.0904658 0.0977281 0.104834 0.111691 0.118207 0.124294 0.129871 0.134863 0.139204 0.142835 0.145708 0.147788 0.149046 0.149466 0.149043 0.147783 0.145702 0.142828 0.139197 0.134859 0.12987 0.124298 0.118218 0.111712 0.104867 0.0977748 0.090528 0.0832196 0.0759399 0.0687749 0.0618042 0.0550993 0.048722 0.0427235 0.0371435 0.0320099 0.0273391 0.0231366 0.0193975 0.016108 0.0132468 0.0107863 0.00869478 0.00693742 0.00547804 0.00428033 0.00330901 0.00253064 0.00191437 0.00143231 0.0010598 0.000775433 0.000561009 0.000401307 0.000283828 0.000198486 0.00013728 9.39681e-05 6.37713e-05 4.31011e-05 2.93295e-05 2.05982e-05 1.56784e-05 
1.84271e-05 1.97658e-05 2.50593e-05 3.51326e-05 5.14682e-05 7.63457e-05 0.000113026 0.000165992 0.00024124 0.000346623 0.000492224 0.000690765 0.000958005 0.00131312 0.00177901 0.00238252 0.0031545 0.00412967 0.00534627 0.00684546 0.00867037 0.010865 0.0134726 0.0165342 0.0200867 0.0241609 0.0287797 0.0339563 0.0396922 0.0459768 0.0527858 0.0600809 0.0678104 0.0759091 0.0843 0.0928954 0.101599 0.110308 0.118916 0.127315 0.135397 0.143058 0.150198 0.156726 0.162558 0.16762 0.171849 0.175192 0.177608 0.179067 0.179553 0.17906 0.177594 0.175172 0.171824 0.167591 0.162527 0.156695 0.15017 0.143034 0.135382 0.127311 0.118926 0.110334 0.101644 0.0929608 0.084387 0.076018 0.0679408 0.0602316 0.0529547 0.0461614 0.0398892 0.034162 0.0289904 0.0243726 0.0202956 0.0167368 0.0136658 0.0110463 0.00883778 0.0069976 0.0054824 0.00424959 0.00325855 0.00247144 0.00185386 0.00137519 0.00100871 0.000731577 0.000524588 0.000371905 0.000260693 0.000180724 0.000123992 8.43444e-05 5.71443e-05 3.89869e-05 2.74587e-05 2.09607e-05 
2.44317e-05 2.62146e-05 3.31887e-05 4.64248e-05 6.78412e-05 0.00010038 0.000148235 0.000217157 0.000314806 0.000451176 0.000639046 0.000894469 0.00123724 0.00169131 0.00228516 0.00305197 0.00402963 0.00526052 0.00679095 0.00867037 0.0109501 0.0136819 0.0169162 0.0206996 0.0250735 0.030071 0.0357152 0.042017 0.0489733 0.0565661 0.0647612 0.0735086 0.0827422 0.0923814 0.102332 0.11249 0.122741 0.132964 0.143037 0.152835 0.162237 0.171125 0.179389 0.186928 0.193649 0.199473 0.204331 0.208166 0.210934 0.212605 0.21316 0.212593 0.21091 0.20813 0.204285 0.199418 0.193588 0.186862 0.179322 0.17106 0.162177 0.152785 0.143 0.132944 0.122741 0.112513 0.10238 0.0924553 0.0828424 0.0736346 0.0649114 0.0567379 0.0491636 0.0422218 0.0359303 0.0302918 0.0252956 0.0209186 0.0171281 0.0138835 0.0111385 0.00884347 0.00694741 0.00539966 0.00415141 0.00315689 0.00237415 0.00176563 0.00129836 0.000943979 0.000678542 0.000482204 0.000338807 0.000235425 0.000161898 0.000110387 7.49705e-05 5.12821e-05 3.62208e-05 2.77282e-05 
3.2053e-05 3.44009e-05 4.34912e-05 6.06982e-05 8.84779e-05 0.000130585 0.00019236 0.000281094 0.00040647 0.000581067 0.000820905 0.00114602 0.00158098 0.0021554 0.00290428 0.00386815 0.00509301 0.00662995 0.00853439 0.010865 0.0136819 0.0170454 0.0210128 0.0256367 0.0309621 0.0370237 0.0438433 0.051428 0.059768 0.0688356 0.0785845 0.08895 0.0998497 0.111185 0.122843 0.1347 0.146623 0.158474 0.170111 0.181396 0.192192 0.20237 0.211809 0.2204 0.228043 0.234653 0.240157 0.244497 0.247627 0.249514 0.250139 0.249496 0.247591 0.244445 0.240089 0.23457 0.227948 0.220296 0.2117 0.202258 0.192083 0.181293 0.17002 0.158399 0.146569 0.13467 0.122841 0.111213 0.0999084 0.0890401 0.078705 0.0689845 0.0599422 0.0516235 0.0440555 0.0372476 0.0311925 0.0258684 0.0212409 0.0172656 0.0138906 0.011059 0.00871172 0.00678925 0.00523373 0.00399043 0.00300883 0.00224337 0.00165383 0.00120541 0.000868575 0.000618734 0.000435765 0.000303505 0.000209201 0.000142975 9.73386e-05 6.67554e-05 4.72826e-05 3.62983e-05 
4.16144e-05 4.4672e-05 5.63951e-05 7.85293e-05 0.000114185 0.000168105 0.000247013 0.000360059 0.00051935 0.000740551 0.00104353 0.001453 0.00199917 0.00271822 0.00365266 0.00485146 0.00636983 0.00826862 0.0106133 0.0134726 0.0169162 0.0210128 0.0258271 0.0314169 0.0378302 0.0451017 0.0532506 0.0622779 0.0721647 0.0828711 0.0943359 0.106477 0.119194 0.132367 0.145863 0.159537 0.173236 0.186804 0.200081 0.212914 0.225153 0.236658 0.247299 0.256959 0.265535 0.272938 0.279092 0.283937 0.287427 0.28953 0.290224 0.289506 0.28738 0.283867 0.279 0.272826 0.265406 0.256816 0.247144 0.236496 0.224989 0.212753 0.199929 0.186666 0.173119 0.159445 0.1458 0.132337 0.1192 0.10652 0.0944154 0.082986 0.0723124 0.0624546 0.0534516 0.0453214 0.0380628 0.0316565 0.0260677 0.0212491 0.0171434 0.0136868 0.0108115 0.00844858 0.00653039 0.00499225 0.00377404 0.00282114 0.00208502 0.00152347 0.00110044 0.000785788 0.000554728 0.000387264 0.000267555 0.000183285 0.000125084 8.6005e-05 6.10873e-05 4.7026e-05 
5.34705e-05 5.74086e-05 7.2369e-05 0.000100545 0.000145835 0.000214166 0.000313917 0.000456449 0.00065674 0.000934092 0.00131288 0.00182329 0.00250201 0.00339279 0.00454672 0.00602227 0.00788494 0.0102064 0.013063 0.0165342 0.0206996 0.0256367 0.0314169 0.0381027 0.0457435 0.0543727 0.0640046 0.0746317 0.0862233 0.0987245 0.112057 0.126117 0.140784 0.155916 0.171357 0.18694 0.202492 0.217836 0.232799 0.247211 0.260912 0.273751 0.285593 0.296315 0.305812 0.313992 0.320781 0.326119 0.329959 0.33227 0.333033 0.332241 0.329901 0.326033 0.320668 0.313853 0.305649 0.296132 0.285393 0.273539 0.260692 0.24699 0.232583 0.217631 0.202304 0.186777 0.171224 0.155819 0.140726 0.126101 0.112083 0.098794 0.0863335 0.0747792 0.0641847 0.0545798 0.0459711 0.0383441 0.0316653 0.0258856 0.0209431 0.0167672 0.0132814 0.010407 0.00806584 0.00618242 0.00468601 0.00351186 0.00260208 0.00190599 0.00138011 0.000987854 0.000699023 0.000489135 0.000338717 0.000232575 0.000159105 0.000109678 7.81173e-05 6.02996e-05 
6.80015e-05 7.30188e-05 9.19129e-05 0.000127412 0.000184349 0.000270058 0.000394868 0.000572745 0.000822025 0.00116624 0.00163499 0.00226475 0.00309964 0.00419195 0.00560242 0.00740014 0.00966191 0.0124711 0.0159158 0.0200867 0.0250735 0.0309621 0.0378302 0.0457435 0.0547516 0.0648843 0.0761485 0.0885255 0.10197 0.116409 0.131742 0.147846 0.164573 0.181758 0.199221 0.216774 0.234222 0.25137 0.26803 0.284018 0.299164 0.313313 0.326324 0.338073 0.348454 0.357376 0.364767 0.37057 0.374739 0.377246 0.378073 0.377213 0.374672 0.370469 0.364635 0.357212 0.348261 0.337854 0.326082 0.313052 0.29889 0.283735 0.267747 0.251095 0.233961 0.216535 0.199012 0.181585 0.164441 0.14776 0.131705 0.116421 0.102031 0.0886329 0.0762975 0.0650694 0.0549659 0.0459797 0.0380805 0.031219 0.0253299 0.0203361 0.016153 0.0126918 0.00986318 0.00758016 0.00576044 0.00432817 0.00321501 0.00236079 0.00171359 0.00122948 0.000872046 0.00061162 0.000424511 0.000292159 0.000200344 0.000138458 9.88848e-05 7.65341e-05 
8.56041e-05 9.1928e-05 0.000115546 0.000159816 0.000230672 0.000337091 0.000491684 0.000711437 0.00101857 0.0014415 0.00201577 0.00278502 0.00380173 0.00512779 0.00683463 0.00900298 0.0117219 0.0150873 0.0191997 0.0241609 0.030071 0.0370237 0.0451017 0.0543727 0.0648843 0.0766603 0.0896973 0.103962 0.119392 0.135892 0.153339 0.171583 0.190452 0.209754 0.229284 0.248832 0.268182 0.287123 0.305451 0.322976 0.339518 0.354919 0.369036 0.381747 0.392949 0.402556 0.410499 0.416724 0.421192 0.423877 0.424761 0.423839 0.421118 0.416613 0.410351 0.402372 0.392731 0.381497 0.368756 0.354613 0.339192 0.322636 0.305105 0.286777 0.267846 0.248514 0.228994 0.209499 0.19024 0.17142 0.153229 0.135837 0.119394 0.104019 0.0898047 0.0768135 0.0650764 0.0545958 0.0453473 0.0372831 0.030336 0.0244237 0.0194536 0.0153269 0.0119431 0.00920297 0.0070119 0.00528196 0.00393336 0.0028954 0.00210672 0.00151514 0.00107716 0.000757218 0.000526765 0.000363366 0.000249764 0.000173046 0.000123919 9.61605e-05 
0.000106679 0.000114566 0.00014379 0.000198444 0.000285739 0.000416555 0.000606133 0.000874929 0.00124961 0.00176411 0.00246073 0.00339113 0.00461711 0.00621115 0.00825641 0.0108462 0.0140827 0.018075 0.0229362 0.0287797 0.0357152 0.0438433 0.0532506 0.0640046 0.0761485 0.0896973 0.104634 0.120909 0.138436 0.157098 0.176743 0.197196 0.218254 0.2397 0.261304 0.282833 0.304052 0.324736 0.344668 0.363651 0.381503 0.398064 0.413195 0.426778 0.438715 0.448927 0.457354 0.463947 0.468674 0.471511 0.472445 0.471471 0.468595 0.463829 0.457196 0.44873 0.438478 0.426504 0.412886 0.397723 0.381134 0.363261 0.344263 0.324324 0.303644 0.282437 0.260931 0.23936 0.217955 0.196947 0.176551 0.156966 0.138368 0.120904 0.10469 0.0898085 0.0763089 0.0642061 0.0534841 0.0440991 0.0359837 0.029052 0.0232041 0.0183317 0.0143228 0.0110658 0.00845309 0.00638378 0.00476573 0.00351671 0.00256493 0.00184902 0.00131757 0.000928322 0.000647253 0.000447492 0.000308308 0.000214137 0.00015375 0.000119613 
0.000131617 0.00014135 0.000177151 0.000243954 0.000350438 0.000509663 0.000739863 0.00106543 0.00151806 0.00213788 0.00297474 0.00408917 0.00555325 0.00745101 0.00987823 0.0129417 0.0167574 0.021448 0.0271394 0.0339563 0.042017 0.051428 0.0622779 0.0746317 0.0885255 0.103962 0.120909 0.139293 0.159006 0.179901 0.2018 0.224494 0.247753 0.271333 0.294979 0.318435 0.341451 0.363788 0.385222 0.40555 0.424592 0.442191 0.458214 0.472552 0.485116 0.495838 0.504665 0.51156 0.516497 0.519457 0.520432 0.519417 0.516417 0.51144 0.504503 0.495634 0.48487 0.472264 0.457886 0.441824 0.42419 0.405118 0.384767 0.363318 0.340976 0.317966 0.294526 0.270908 0.247367 0.224156 0.20152 0.179686 0.15886 0.139217 0.120902 0.104022 0.0886449 0.0748029 0.0624913 0.0516733 0.0422834 0.0342335 0.0274178 0.0217194 0.0170149 0.0131802 0.0100941 0.00764232 0.00571938 0.00423065 0.00309296 0.00223486 0.00159613 0.00112712 0.000787607 0.000545748 0.000376868 0.000262394 0.000188886 0.000147313 
0.00016078 0.000172668 0.000216091 0.000296944 0.000425569 0.000617488 0.000894311 0.00128485 0.00182639 0.00256597 0.00356172 0.00488392 0.00661581 0.00885384 0.0117073 0.0152971 0.0197534 0.025213 0.0318141 0.0396922 0.0489733 0.059768 0.0721647 0.0862233 0.10197 0.119392 0.138436 0.159006 0.180964 0.204135 0.228306 0.253239 0.278675 0.304339 0.329955 0.355246 0.379948 0.403811 0.426608 0.448136 0.468218 0.486706 0.503476 0.518431 0.531496 0.542616 0.55175 0.558871 0.563962 0.567013 0.568018 0.566975 0.563886 0.558754 0.551592 0.542415 0.531251 0.518141 0.50314 0.486325 0.467796 0.447676 0.426115 0.403294 0.379416 0.35471 0.329427 0.303832 0.278201 0.252812 0.227935 0.20383 0.180733 0.158852 0.138359 0.119391 0.102039 0.0863554 0.07235 0.0599956 0.0492315 0.0399693 0.0320992 0.0254961 0.0200263 0.0155531 0.0119418 0.00906372 0.00679971 0.00504179 0.0036946 0.00267569 0.00191527 0.00135546 0.000949242 0.000659193 0.000456237 0.000318412 0.000229791 0.000179646 
0.00019448 0.000208853 0.000261007 0.000357917 0.000511791 0.000740902 0.00107062 0.00153465 0.00217644 0.00305063 0.00422436 0.00577847 0.00780816 0.0104231 0.0137468 0.0179147 0.0230718 0.0293684 0.036955 0.0459768 0.0565661 0.0688356 0.0828711 0.0987245 0.116409 0.135892 0.157098 0.179901 0.204135 0.229588 0.256017 0.283151 0.310699 0.338362 0.365837 0.392835 0.419076 0.444307 0.468299 0.490853 0.511801 0.531006 0.548359 0.563779 0.577206 0.588601 0.597938 0.605204 0.610392 0.613498 0.614522 0.613463 0.610321 0.605097 0.597792 0.588412 0.576972 0.563498 0.548029 0.530626 0.511372 0.490378 0.467783 0.443756 0.418499 0.392243 0.365244 0.33778 0.310143 0.282636 0.255556 0.229192 0.203814 0.179662 0.156943 0.135822 0.116419 0.0988094 0.0830205 0.0690383 0.0568096 0.0462483 0.0372422 0.0296598 0.0233575 0.0181867 0.0139988 0.0106511 0.0080098 0.005953 0.00437236 0.00317366 0.00227672 0.00161476 0.00113325 0.000788671 0.000547058 0.000382688 0.000276858 0.000216947 
0.000232959 0.000250163 0.0003122 0.000427246 0.000609575 0.0008805 0.00126952 0.00181573 0.00256928 0.00359302 0.00496384 0.00677385 0.00913095 0.0121587 0.0159952 0.0207911 0.0267059 0.0339033 0.0425454 0.0527858 0.0647612 0.0785845 0.0943359 0.112057 0.131742 0.153339 0.176743 0.2018 0.228306 0.256017 0.284656 0.313915 0.343477 0.373015 0.402208 0.43075 0.458355 0.484768 0.509761 0.533147 0.554768 0.574504 0.592264 0.607986 0.621629 0.633171 0.642605 0.649931 0.655153 0.658278 0.659309 0.658249 0.655093 0.649838 0.642477 0.633003 0.621417 0.607726 0.591953 0.57414 0.554349 0.532674 0.509238 0.484198 0.457749 0.430116 0.40156 0.372368 0.342846 0.313317 0.284106 0.25553 0.227894 0.201472 0.176506 0.153194 0.131687 0.112087 0.0944419 0.0787552 0.0649836 0.0530461 0.04283 0.0341992 0.0270015 0.0210769 0.0162635 0.0124041 0.00935002 0.00696509 0.00512724 0.00372978 0.00268143 0.00190582 0.00134032 0.00093474 0.000649776 0.000455576 0.000330377 0.000259468 
0.000276368 0.000296755 0.000369845 0.000505132 0.000719152 0.00103654 0.00149129 0.0021283 0.003005 0.004193 0.00577958 0.00786875 0.0105817 0.0140564 0.018446 0.0239162 0.0306411 0.0387972 0.048557 0.0600809 0.0735086 0.08895 0.106477 0.126117 0.147846 0.171583 0.197196 0.224494 0.253239 0.283151 0.313915 0.345194 0.376638 0.407899 0.438638 0.468537 0.497308 0.524695 0.550481 0.574489 0.596581 0.616654 0.634639 0.650496 0.664206 0.675768 0.685191 0.692493 0.69769 0.700797 0.701824 0.700774 0.697643 0.69242 0.685088 0.675629 0.664026 0.650269 0.634361 0.616319 0.596187 0.574035 0.549967 0.524124 0.496688 0.467877 0.437951 0.407199 0.375943 0.344521 0.313283 0.282576 0.252737 0.224076 0.196872 0.171358 0.147719 0.126086 0.106533 0.089082 0.0737035 0.0603244 0.0488341 0.0390935 0.0309435 0.0242134 0.0187288 0.014318 0.0108176 0.0080765 0.00595845 0.00434374 0.00312938 0.00222878 0.00157065 0.00109761 0.000764591 0.000537258 0.000390512 0.000307361 
0.000324741 0.000348665 0.000433968 0.000591575 0.00084047 0.00120887 0.00173561 0.0024718 0.0034826 0.00484893 0.00666899 0.00905922 0.0121546 0.0161077 0.0210871 0.0272734 0.0348546 0.0440194 0.0549495 0.0678104 0.0827422 0.0998497 0.119194 0.140784 0.164573 0.190452 0.218254 0.247753 0.278675 0.310699 0.343477 0.376638 0.409807 0.442613 0.474704 0.505755 0.535476 0.563619 0.589979 0.614396 0.636751 0.656967 0.674997 0.690826 0.704459 0.715916 0.725227 0.732424 0.737538 0.740593 0.741605 0.740579 0.737508 0.732375 0.725154 0.715813 0.70432 0.690643 0.674763 0.656676 0.636398 0.613976 0.589491 0.563064 0.53486 0.505085 0.473993 0.441875 0.409059 0.375901 0.342769 0.310041 0.278085 0.247247 0.217843 0.190144 0.164371 0.140686 0.119194 0.099937 0.0829039 0.0680316 0.0552142 0.044312 0.0351603 0.0275793 0.0213825 0.0163843 0.0124065 0.00928306 0.00686322 0.00501375 0.00361944 0.00258296 0.00182384 0.00127706 0.000891404 0.000627701 0.000457269 0.000360651 
0.000377979 0.000405783 0.000504416 0.000686337 0.00097315 0.00139689 0.00200153 0.00284477 0.00399989 0.00555758 0.00762736 0.0103385 0.0138401 0.0182996 0.0239007 0.0308388 0.0393151 0.0495295 0.0616712 0.0759091 0.0923814 0.111185 0.132367 0.155916 0.181758 0.209754 0.2397 0.271333 0.304339 0.338362 0.373015 0.407899 0.442613 0.476769 0.510003 0.541988 0.572438 0.601115 0.62783 0.652444 0.674862 0.695032 0.712936 0.728583 0.742003 0.753241 0.762344 0.769363 0.774342 0.777313 0.7783 0.777308 0.77433 0.769341 0.762306 0.75318 0.741912 0.728452 0.712757 0.694796 0.674561 0.652072 0.627383 0.600592 0.571842 0.541325 0.509284 0.476008 0.441827 0.407109 0.372242 0.337629 0.303667 0.270741 0.239202 0.209362 0.181477 0.155747 0.132306 0.111223 0.0925047 0.076103 0.0619189 0.0498142 0.0396207 0.0311507 0.0242066 0.0185896 0.014107 0.0105778 0.00783664 0.0057364 0.00414928 0.00296678 0.00209885 0.00147244 0.00102979 0.000726636 0.000530474 0.00041922 
0.000435834 0.00046784 0.000580842 0.000788923 0.00111646 0.0015995 0.00228743 0.00324482 0.00455342 0.006314 0.00864776 0.0116971 0.0156251 0.0206144 0.0268635 0.0345819 0.0439834 0.0552775 0.0686597 0.0843 0.102332 0.122843 0.145863 0.171357 0.199221 0.229284 0.261304 0.294979 0.329955 0.365837 0.402208 0.438638 0.474704 0.510003 0.544166 0.576864 0.607821 0.636813 0.663672 0.688281 0.710573 0.730524 0.748144 0.763469 0.776557 0.787472 0.796285 0.803062 0.807859 0.81072 0.811673 0.810725 0.807867 0.803068 0.796285 0.787457 0.776518 0.763397 0.748027 0.730352 0.710336 0.68797 0.66328 0.636338 0.607262 0.576225 0.543455 0.509235 0.473895 0.437809 0.401382 0.365039 0.329208 0.294306 0.260723 0.228809 0.198862 0.171115 0.145738 0.122827 0.102413 0.084462 0.0688861 0.0555505 0.0442855 0.0348969 0.0271776 0.0209161 0.0159059 0.011951 0.0088716 0.00650659 0.00471529 0.00337775 0.00239397 0.00168256 0.00117895 0.000833524 0.000609752 0.000482782 
0.000497896 0.000534393 0.000662688 0.000898562 0.00126928 0.00181509 0.00259096 0.00366859 0.00513843 0.00711156 0.00972103 0.0131224 0.017493 0.0230302 0.0299467 0.0384658 0.0488125 0.061205 0.0758428 0.0928954 0.11249 0.1347 0.159537 0.18694 0.216774 0.248832 0.282833 0.318435 0.355246 0.392835 0.43075 0.468537 0.505755 0.541988 0.576864 0.610061 0.641312 0.670413 0.697217 0.721637 0.743632 0.763209 0.780407 0.795291 0.807942 0.818449 0.826902 0.833383 0.837961 0.84069 0.841601 0.840705 0.837989 0.833419 0.82694 0.818482 0.807959 0.795281 0.780358 0.763109 0.743468 0.721397 0.696893 0.669997 0.640803 0.60946 0.576178 0.541228 0.504937 0.467683 0.429884 0.391982 0.354433 0.317688 0.282172 0.248276 0.216336 0.186625 0.159346 0.134627 0.112524 0.0930218 0.0760442 0.0614627 0.0491079 0.0387812 0.0302667 0.0233417 0.0177861 0.01339 0.00995878 0.00731752 0.0053126 0.00381238 0.00270675 0.00190572 0.00133772 0.00094755 0.000694518 0.000550882 
0.000563589 0.000604823 0.000749181 0.0010142 0.00143013 0.00204152 0.00290909 0.00411178 0.0057489 0.00794195 0.0108359 0.0145993 0.0194237 0.0255206 0.0331167 0.0424477 0.0537491 0.067246 0.0831404 0.101599 0.122741 0.146623 0.173236 0.202492 0.234222 0.268182 0.304052 0.341451 0.379948 0.419076 0.458355 0.497308 0.535476 0.572438 0.607821 0.641312 0.67266 0.701681 0.728256 0.752323 0.773875 0.792947 0.809608 0.823951 0.836082 0.846113 0.854152 0.860296 0.864627 0.867205 0.868069 0.86723 0.864674 0.860361 0.854229 0.846193 0.836155 0.824005 0.809629 0.792921 0.773788 0.752161 0.728007 0.701336 0.672213 0.640762 0.607172 0.5717 0.534664 0.496442 0.457461 0.41818 0.379079 0.340638 0.303319 0.26755 0.233708 0.202104 0.172978 0.146492 0.122726 0.101687 0.0833136 0.0674853 0.0540348 0.0427608 0.0334403 0.0258401 0.0197278 0.0148795 0.0110867 0.00816076 0.00593503 0.00426625 0.00303404 0.00213973 0.00150454 0.00106761 0.000783965 0.000622882 
0.000632173 0.000678333 0.000839338 0.00113452 0.00159715 0.00227617 0.00323808 0.00456918 0.00637763 0.00879532 0.011979 0.0161102 0.0213941 0.0280558 0.0363354 0.04648 0.0587342 0.0733284 0.0904658 0.110308 0.132964 0.158474 0.186804 0.217836 0.25137 0.287123 0.324736 0.363788 0.403811 0.444307 0.484768 0.524695 0.563619 0.601115 0.636813 0.670413 0.701681 0.730458 0.756652 0.780231 0.801219 0.819681 0.835715 0.849443 0.860993 0.870498 0.878085 0.883864 0.887928 0.890345 0.891158 0.890379 0.887993 0.883957 0.878199 0.870625 0.861121 0.84956 0.835807 0.819731 0.801212 0.780151 0.756484 0.730191 0.701305 0.669924 0.636213 0.600411 0.562825 0.523831 0.483858 0.44338 0.402897 0.362917 0.323936 0.28642 0.250784 0.217378 0.18648 0.158283 0.132899 0.110356 0.0906084 0.0735468 0.0590077 0.0467885 0.0366605 0.0283816 0.0217076 0.0164018 0.0122421 0.00902634 0.00657528 0.00473404 0.00337204 0.00238185 0.00167749 0.00119234 0.000877077 0.000697968 
