2.39143e-07 2.50334e-07 3.05069e-07 4.10997e-07 5.82062e-07 8.3982e-07 1.21514e-06 1.75045e-06 2.50261e-06 3.54634e-06 4.97823e-06 6.9214e-06 9.53047e-06 1.2997e-05 1.75548e-05 2.34856e-05 3.11233e-05 4.08581e-05 5.31383e-05 6.84712e-05 8.74197e-05 0.000110597 0.000138659 0.000172287 0.000212174 0.000259001 0.00031341 0.000375978 0.000447182 0.000527369 0.000616718 0.000715216 0.000822625 0.000938459 0.00106197 0.00119216 0.00132773 0.00146717 0.0016087 0.00175039 0.00189013 0.0020257 0.00215487 0.0022754 0.00238513 0.00248204 0.0025643 0.00263035 0.0026789 0.00270901 0.00272008 0.0027119 0.00268463 0.00263883 0.00257541 0.00249559 0.00240093 0.00229322 0.00217444 0.00204675 0.00191235 0.00177349 0.00163237 0.00149111 0.00135166 0.0012158 0.00108508 0.000960803 0.000844011 0.00073548 0.000635729 0.000545028 0.000463427 0.000390777 0.000326761 0.000270929 0.000222728 0.000181534 0.000146682 0.00011749 9.32829e-05 7.34097e-05 5.72567e-05 4.42583e-05 3.39025e-05 2.57343e-05 1.93558e-05 1.44248e-05 1.06508e-05 7.79142e-06 5.6468e-06 4.05463e-06 2.88479e-06 2.03442e-06 1.4233e-06 9.89859e-07 6.87603e-07 4.8222e-07 3.49205e-07 2.72181e-07 
2.50334e-07 2.62176e-07 3.19831e-07 4.31385e-07 6.11587e-07 8.83233e-07 1.27897e-06 1.84371e-06 2.63761e-06 3.73978e-06 5.25249e-06 7.30613e-06 1.00645e-05 1.37303e-05 1.85515e-05 2.48262e-05 3.29081e-05 4.32102e-05 5.62071e-05 7.24355e-05 9.24909e-05 0.000117022 0.000146721 0.000182307 0.000224513 0.000274055 0.00033161 0.000397785 0.00047308 0.000557856 0.000652299 0.00075639 0.000869871 0.000992226 0.00112266 0.00126011 0.00140321 0.00155036 0.00169969 0.00184914 0.0019965 0.00213945 0.00227561 0.00240264 0.00251827 0.00262037 0.00270702 0.00277658 0.0028277 0.00285938 0.002871 0.00286234 0.00283358 0.0027853 0.00271843 0.0026343 0.00253452 0.00242097 0.00229575 0.00216111 0.00201939 0.00187294 0.00172408 0.00157505 0.00142791 0.00128452 0.00114654 0.00101533 0.000891996 0.000777368 0.000671993 0.000576163 0.000489932 0.000413147 0.000345479 0.000286453 0.000235489 0.00019193 0.000155074 0.000124203 9.86027e-05 7.75858e-05 6.0504e-05 4.67592e-05 3.58099e-05 2.71748e-05 2.04331e-05 1.52223e-05 1.12354e-05 8.21551e-06 5.95135e-06 4.2711e-06 3.03709e-06 2.1405e-06 1.4965e-06 1.04e-06 7.21835e-07 5.05769e-07 3.65917e-07 2.84986e-07 
3.05069e-07 3.19831e-07 3.9036e-07 5.26503e-07 7.46172e-07 1.07702e-06 1.55859e-06 2.24521e-06 3.20956e-06 4.54706e-06 6.3809e-06 8.86783e-06 1.22044e-05 1.66337e-05 2.2452e-05 3.00149e-05 3.97438e-05 5.21292e-05 6.77338e-05 8.71917e-05 0.000111205 0.000140537 0.000175999 0.000218431 0.000268684 0.00032759 0.000395928 0.000474391 0.000563546 0.000663791 0.000775319 0.000898079 0.00103174 0.00117568 0.00132895 0.00149026 0.00165802 0.00183034 0.00200505 0.00217973 0.00235181 0.00251859 0.00267734 0.00282532 0.00295992 0.0030787 0.00317945 0.00326027 0.00331961 0.00335633 0.00336972 0.00335953 0.00332597 0.00326969 0.00319179 0.00309378 0.00297752 0.00284518 0.00269918 0.00254212 0.0023767 0.00220566 0.00203168 0.00185735 0.00168508 0.00151707 0.00135522 0.00120116 0.00105621 0.000921329 0.0007972 0.000684182 0.000582365 0.000491591 0.000411496 0.000341544 0.00028107 0.000229318 0.000185474 0.000148704 0.000118174 9.30786e-05 7.26574e-05 5.62058e-05 4.3085e-05 3.27256e-05 2.46285e-05 1.83635e-05 1.35649e-05 9.92668e-06 7.19628e-06 5.16819e-06 3.67743e-06 2.59343e-06 1.81425e-06 1.26154e-06 8.76128e-07 6.1429e-07 4.44804e-07 3.46801e-07 
4.10997e-07 4.31385e-07 5.26503e-07 7.09489e-07 1.00417e-06 1.44725e-06 2.09112e-06 3.00756e-06 4.29242e-06 6.07118e-06 8.50547e-06 1.18004e-05 1.62123e-05 2.20574e-05 2.97199e-05 3.96597e-05 5.24195e-05 6.86292e-05 8.90088e-05 0.000114367 0.000145594 0.000183656 0.000229573 0.000284397 0.000349189 0.000424975 0.000512713 0.000613241 0.000727233 0.00085515 0.000997186 0.00115323 0.00132281 0.00150511 0.00169887 0.00190247 0.00211388 0.0023307 0.00255019 0.00276935 0.00298498 0.00319371 0.00339216 0.00357696 0.00374489 0.00389295 0.00401842 0.00411897 0.00419271 0.00423826 0.00425474 0.00424185 0.00419984 0.00412953 0.00403226 0.00390989 0.00376469 0.00359935 0.00341682 0.00322033 0.0030132 0.00279882 0.00258054 0.00236156 0.0021449 0.0019333 0.00172918 0.0015346 0.00135123 0.00118033 0.00102279 0.000879103 0.000749424 0.000633601 0.000531213 0.000441623 0.000364024 0.000297488 0.000241011 0.000193552 0.000154071 0.000121555 9.50439e-05 7.36447e-05 5.65453e-05 4.30189e-05 3.24269e-05 2.42162e-05 1.7916e-05 1.31307e-05 9.53326e-06 6.85659e-06 4.88585e-06 3.45053e-06 2.41725e-06 1.68326e-06 1.17077e-06 8.22262e-07 5.96562e-07 4.66146e-07 
5.82062e-07 6.11587e-07 7.46172e-07 1.00417e-06 1.41877e-06 2.04095e-06 2.9433e-06 4.22505e-06 6.01832e-06 8.49563e-06 1.18785e-05 1.64471e-05 2.25508e-05 3.06187e-05 4.11706e-05 5.48265e-05 7.23152e-05 9.44795e-05 0.000122279 0.000156785 0.000199177 0.000250722 0.000312753 0.000386641 0.000473754 0.000575407 0.000692815 0.000827029 0.000978873 0.00114888 0.00133725 0.00154375 0.00176771 0.00200796 0.00226284 0.00253016 0.00280724 0.00309092 0.00337764 0.00366349 0.00394433 0.00421583 0.00447362 0.00471342 0.00493109 0.0051228 0.00528511 0.00541506 0.00551025 0.00556892 0.00558997 0.00557303 0.00551841 0.00542717 0.00530101 0.00514228 0.00495389 0.00473924 0.00450214 0.00424668 0.00397713 0.00369785 0.00341313 0.00312713 0.00284376 0.0025666 0.00229881 0.00204311 0.00180171 0.00157633 0.00136816 0.00117793 0.0010059 0.000851943 0.000715557 0.000595965 0.000492157 0.000402955 0.000327073 0.000263166 0.000209884 0.000165905 0.000129969 0.000100898 7.7617e-05 5.91612e-05 4.46778e-05 3.34269e-05 2.47756e-05 1.81911e-05 1.32308e-05 9.53281e-06 6.80474e-06 4.81407e-06 3.37836e-06 2.35673e-06 1.64231e-06 1.15584e-06 8.40582e-07 6.58514e-07 
8.3982e-07 8.83233e-07 1.07702e-06 1.44725e-06 2.04095e-06 2.93013e-06 4.21713e-06 6.04144e-06 8.58833e-06 1.2099e-05 1.68821e-05 2.33272e-05 3.19178e-05 4.32465e-05 5.80279e-05 7.71118e-05 0.000101493 0.000132318 0.000170885 0.00021864 0.000277165 0.00034815 0.000433367 0.000534626 0.000653717 0.000792353 0.000952093 0.00113427 0.0013399 0.0015696 0.00182354 0.00210132 0.00240195 0.0027238 0.00306457 0.00342128 0.00379034 0.00416754 0.00454816 0.00492704 0.00529871 0.00565755 0.00599783 0.00631399 0.00660067 0.0068529 0.00706624 0.00723688 0.00736173 0.00743853 0.00746588 0.00744328 0.00737117 0.00725089 0.00708465 0.00687548 0.00662715 0.00634405 0.00603111 0.00569365 0.00533721 0.00496749 0.0045901 0.0042105 0.00383384 0.00346486 0.00310778 0.00276622 0.00244318 0.00214101 0.00186137 0.00160533 0.0013733 0.00116521 0.000980476 0.000818136 0.000676911 0.000555285 0.000451588 0.000364059 0.000290917 0.000230409 0.000180853 0.000140675 0.000108427 8.28052e-05 6.26539e-05 4.69657e-05 3.48764e-05 2.56555e-05 1.86946e-05 1.34943e-05 9.65013e-06 6.8395e-06 4.80855e-06 3.36075e-06 2.34664e-06 1.65518e-06 1.20671e-06 9.47815e-07 
1.21514e-06 1.27897e-06 1.55859e-06 2.09112e-06 2.9433e-06 4.21713e-06 6.05717e-06 8.66002e-06 1.2286e-05 1.72732e-05 2.40529e-05 3.31674e-05 4.52883e-05 6.12352e-05 8.19934e-05 0.00010873 0.000142807 0.000185785 0.000239428 0.00030569 0.000386695 0.000484707 0.000602085 0.000741218 0.000904458 0.00109403 0.00131194 0.00155988 0.00183909 0.00215028 0.00249353 0.0028682 0.00327283 0.00370513 0.00416193 0.00463921 0.0051321 0.00563498 0.00614158 0.00664508 0.00713829 0.0076138 0.00806418 0.00848212 0.00886068 0.00919343 0.00947461 0.00969929 0.0098635 0.00996433 0.00999996 0.00996979 0.00987437 0.00971544 0.00949585 0.00921954 0.00889136 0.00851703 0.00810293 0.00765597 0.00718341 0.00669266 0.0061911 0.00568591 0.0051839 0.00469134 0.00421386 0.00375635 0.00332286 0.0029166 0.00253991 0.0021943 0.00188046 0.0015984 0.00134746 0.00112646 0.000933775 0.000767462 0.000625345 0.000505117 0.000404422 0.000320931 0.000252397 0.000196707 0.000151909 0.000116237 8.81191e-05 6.61808e-05 4.92385e-05 3.62885e-05 2.64919e-05 1.91579e-05 1.37255e-05 9.74573e-06 6.86445e-06 4.80674e-06 3.36304e-06 2.37733e-06 1.73747e-06 1.36822e-06 
1.75045e-06 1.84371e-06 2.24521e-06 3.00756e-06 4.22505e-06 6.04144e-06 8.66002e-06 1.23565e-05 1.74952e-05 2.45474e-05 3.41131e-05 4.69441e-05 6.39682e-05 8.63141e-05 0.000115334 0.000152624 0.000200037 0.000259692 0.000333971 0.0004255 0.000537122 0.000671852 0.000832808 0.00102313 0.0012459 0.00150398 0.00179993 0.00213587 0.0025133 0.00293301 0.00339493 0.00389803 0.00444021 0.00501827 0.00562788 0.0062636 0.0069189 0.00758633 0.00825757 0.00892366 0.00957517 0.0102024 0.0107958 0.0113458 0.0118434 0.0122804 0.0126493 0.0129438 0.0131588 0.0132906 0.0133369 0.0132969 0.0131712 0.0129622 0.0126736 0.0123103 0.0118786 0.0113859 0.0108405 0.0102512 0.00962754 0.0089791 0.00831552 0.0076462 0.00698009 0.00632548 0.00568984 0.0050797 0.00450053 0.0039567 0.00345145 0.00298694 0.00256427 0.00218357 0.00184415 0.00154456 0.00128278 0.00105632 0.000862373 0.000697923 0.000559878 0.000445159 0.000350779 0.000273913 0.000211942 0.000162485 0.000123416 9.28666e-05 6.92234e-05 5.11129e-05 3.73836e-05 2.70842e-05 1.94398e-05 1.38284e-05 9.75809e-06 6.84593e-06 4.79937e-06 3.40013e-06 2.49106e-06 1.96659e-06 
2.50261e-06 2.63761e-06 3.20956e-06 4.29242e-06 6.01832e-06 8.58833e-06 1.2286e-05 1.74952e-05 2.47212e-05 3.46165e-05 4.80089e-05 6.59323e-05 8.96585e-05 0.00012073 0.000160986 0.000212592 0.000278052 0.000360215 0.000462272 0.000587723 0.000740343 0.000924107 0.0011431 0.00140143 0.00170305 0.00205164 0.00245044 0.00290203 0.00340823 0.00396983 0.00458652 0.0052567 0.00597739 0.00674417 0.00755118 0.0083911 0.0092553 0.0101339 0.0110161 0.0118901 0.0127436 0.0135643 0.0143396 0.0150574 0.0157062 0.0162753 0.0167554 0.0171382 0.0174175 0.0175884 0.017648 0.0175953 0.0174313 0.0171589 0.0167826 0.0163089 0.0157458 0.0151028 0.0143903 0.0136199 0.0128035 0.0119537 0.0110829 0.0102033 0.00932661 0.00846361 0.00762418 0.00681696 0.00604927 0.00532701 0.00465465 0.00403522 0.00347037 0.00296053 0.00250497 0.00210197 0.00174904 0.00144304 0.00118036 0.000957131 0.000769315 0.000612876 0.000483881 0.000378584 0.000293501 0.000225448 0.000171568 0.000129346 9.65981e-05 7.14596e-05 5.23624e-05 3.80063e-05 2.73292e-05 1.94762e-05 1.37689e-05 9.67814e-06 6.79854e-06 4.82703e-06 3.54504e-06 2.80561e-06 
3.54634e-06 3.73978e-06 4.54706e-06 6.07118e-06 8.49563e-06 1.2099e-05 1.72732e-05 2.45474e-05 3.46165e-05 4.83751e-05 6.69545e-05 9.17634e-05 0.000124529 0.000167338 0.000222671 0.000293436 0.000382982 0.000495107 0.000634038 0.000804399 0.00101114 0.00125946 0.00155466 0.00190201 0.00230658 0.00277301 0.00330531 0.00390664 0.00457907 0.00532336 0.00613878 0.00702293 0.00797165 0.00897889 0.0100368 0.0111357 0.0122641 0.0134093 0.0145572 0.0156925 0.0167997 0.0178627 0.0188656 0.019793 0.0206302 0.021364 0.0219823 0.022475 0.0228341 0.0230534 0.0231295 0.023061 0.0228492 0.0224976 0.0220122 0.0214009 0.020674 0.0198432 0.0189219 0.0179246 0.0168668 0.0157642 0.0146329 0.0134884 0.0123458 0.0112192 0.0101214 0.00906382 0.00805605 0.00710601 0.00621978 0.00540158 0.00465387 0.00397748 0.00337174 0.00283468 0.00236327 0.00195359 0.0016011 0.00130085 0.00104764 0.000836251 0.00066154 0.000518601 0.000402837 0.000310034 0.000236396 0.000178562 0.000133608 9.90246e-05 7.26966e-05 5.28635e-05 3.80828e-05 2.71898e-05 1.92579e-05 1.35622e-05 9.54617e-06 6.79281e-06 5.00082e-06 3.96744e-06 
4.97823e-06 5.25249e-06 6.3809e-06 8.50547e-06 1.18785e-05 1.68821e-05 2.40529e-05 3.41131e-05 4.80089e-05 6.69545e-05 9.2481e-05 0.000126488 0.000171299 0.000229706 0.000305023 0.000401113 0.000522409 0.000673918 0.000861187 0.00109025 0.00136754 0.00169976 0.0020937 0.00255608 0.00309328 0.00371107 0.00441436 0.00520691 0.00609102 0.00706728 0.00813432 0.00928864 0.0105245 0.0118337 0.0132058 0.0146282 0.016086 0.0175627 0.0190402 0.0204992 0.0219197 0.0232815 0.0245646 0.0257496 0.0268183 0.0277538 0.0285415 0.0291686 0.0296251 0.0299036 0.0299997 0.0299117 0.0296412 0.0291926 0.0285733 0.0277933 0.0268652 0.0258037 0.0246255 0.0233489 0.0219931 0.0205781 0.0191241 0.0176509 0.0161777 0.0147226 0.0133021 0.011931 0.0106219 0.00938519 0.0082291 0.00715943 0.00617975 0.0052915 0.00449419 0.00378565 0.00316225 0.00261921 0.00215088 0.001751 0.00141299 0.00113013 0.0008958 0.000703638 0.00054765 0.000422315 0.000322637 0.000244177 0.000183055 0.000135931 9.99791e-05 7.28389e-05 5.25708e-05 3.76034e-05 2.66835e-05 1.88278e-05 1.32795e-05 9.47022e-06 6.9888e-06 5.55808e-06 
6.9214e-06 7.30613e-06 8.86783e-06 1.18004e-05 1.64471e-05 2.33272e-05 3.31674e-05 4.69441e-05 6.59323e-05 9.17634e-05 0.000126488 0.000172644 0.000233319 0.000312217 0.000413712 0.000542886 0.000705545 0.000908215 0.00115809 0.00146297 0.0018311 0.00227102 0.00279136 0.00340053 0.00410645 0.00491622 0.00583574 0.00686936 0.00801951 0.00928644 0.0106678 0.0121587 0.0137512 0.0154344 0.0171947 0.0190156 0.0208782 0.0227612 0.0246417 0.0264955 0.0282974 0.0300224 0.0316453 0.0331423 0.0344907 0.0356699 0.0366618 0.0374508 0.0380246 0.0383742 0.0384941 0.0383825 0.0380411 0.0374755 0.0366946 0.0357108 0.0345395 0.0331988 0.0317093 0.0300936 0.0283755 0.02658 0.0247322 0.022857 0.0209787 0.01912 0.017302 0.0155437 0.0138614 0.0122689 0.0107768 0.0093932 0.00812307 0.00696879 0.00593025 0.00500513 0.00418922 0.00347677 0.00286085 0.00233368 0.001887 0.0015123 0.00120115 0.000945379 0.000737272 0.000569671 0.000436073 0.000330674 0.000248381 0.000184795 0.000136178 9.93991e-05 7.1875e-05 5.15079e-05 3.66193e-05 2.58887e-05 1.82969e-05 1.30774e-05 9.67422e-06 7.71229e-06 
9.53047e-06 1.00645e-05 1.22044e-05 1.62123e-05 2.25508e-05 3.19178e-05 4.52883e-05 6.39682e-05 8.96585e-05 0.000124529 0.000171299 0.000233319 0.000314656 0.000420169 0.000555571 0.000727474 0.000943401 0.00121176 0.0015418 0.00194344 0.00242716 0.00300373 0.00368391 0.00447815 0.00539613 0.00644642 0.00763597 0.00896969 0.01045 0.0120765 0.0138456 0.0157502 0.0177798 0.0199201 0.0221534 0.0244586 0.0268116 0.0291856 0.0315521 0.0338807 0.0361404 0.0383001 0.0403292 0.0421984 0.04388 0.0453491 0.0465835 0.0475646 0.0482774 0.0487111 0.0488591 0.0487192 0.0482936 0.0475889 0.0466159 0.0453896 0.0439286 0.0422551 0.0403939 0.0383727 0.0362207 0.0339684 0.0316468 0.0292869 0.0269188 0.024571 0.0222701 0.0200401 0.017902 0.0158734 0.0139685 0.012198 0.0105688 0.00908467 0.00774611 0.00655081 0.00549401 0.00456894 0.00376723 0.00307935 0.00249505 0.00200371 0.0015947 0.00125769 0.000982823 0.00076093 0.000583641 0.000443452 0.000333746 0.00024879 0.00018369 0.000134335 9.73207e-05 6.98751e-05 4.97722e-05 3.52562e-05 2.49689e-05 1.7886e-05 1.32635e-05 1.0599e-05 
1.2997e-05 1.37303e-05 1.66337e-05 2.20574e-05 3.06187e-05 4.32465e-05 6.12352e-05 8.63141e-05 0.00012073 0.000167338 0.000229706 0.000312217 0.000420169 0.000559868 0.000738699 0.000965171 0.00124893 0.00160069 0.00203217 0.00255591 0.00318503 0.00393293 0.00481289 0.00583768 0.00701899 0.00836697 0.00988964 0.0115924 0.0134773 0.015543 0.0177842 0.020191 0.0227494 0.0254409 0.0282428 0.0311285 0.0340676 0.037027 0.039971 0.0428626 0.0456638 0.0483366 0.0508441 0.0531507 0.0552233 0.057032 0.0585502 0.0597558 0.0606309 0.0611627 0.0613433 0.0611701 0.0606459 0.0597783 0.0585805 0.05707 0.0552693 0.0532048 0.0509065 0.0484074 0.0457429 0.04295 0.0400666 0.0371304 0.0341785 0.0312461 0.0283664 0.0255693 0.0228816 0.0203257 0.01792 0.0156786 0.0136111 0.011723 0.0100159 0.00848762 0.00713302 0.00594426 0.00491141 0.00402297 0.0032664 0.00262862 0.00209639 0.00165677 0.00129734 0.00100648 0.000773544 0.000588917 0.000444104 0.000331706 0.000245386 0.000179799 0.000130507 9.38815e-05 6.70006e-05 4.75536e-05 3.3748e-05 2.42291e-05 1.80109e-05 1.44268e-05 
1.75548e-05 1.85515e-05 2.2452e-05 2.97199e-05 4.11706e-05 5.80279e-05 8.19934e-05 0.000115334 0.000160986 0.000222671 0.000305023 0.000413712 0.000555571 0.000738699 0.00097254 0.00126793 0.00163709 0.00209354 0.00265198 0.00332803 0.00413794 0.00509818 0.00622494 0.00753357 0.009038 0.01075 0.0126787 0.0148296 0.0172043 0.0197998 0.0226084 0.0256168 0.0288067 0.0321542 0.0356308 0.0392028 0.042833 0.0464802 0.0501013 0.0536509 0.0570833 0.060353 0.0634156 0.0662288 0.0687535 0.070954 0.0727994 0.0742633 0.075325 0.0759693 0.0761872 0.0759756 0.0753376 0.0742824 0.0728253 0.070987 0.0687938 0.0662769 0.0634718 0.0604178 0.057157 0.0537337 0.0501933 0.0465815 0.0429432 0.0393216 0.0357573 0.0322877 0.0289459 0.0257605 0.0227551 0.0199479 0.017352 0.0149753 0.0128209 0.0108872 0.00916878 0.00765683 0.00633977 0.00520393 0.0042342 0.00341463 0.00272898 0.00216121 0.00169585 0.00131836 0.00101531 0.000774547 0.000585258 0.000438002 0.000324656 0.000238344 0.000173336 0.000124931 8.93324e-05 6.35295e-05 4.51801e-05 3.25098e-05 2.42251e-05 1.94501e-05 
2.34856e-05 2.48262e-05 3.00149e-05 3.96597e-05 5.48265e-05 7.71118e-05 0.00010873 0.000152624 0.000212592 0.000293436 0.000401113 0.000542886 0.000727474 0.000965171 0.00126793 0.00164941 0.00212491 0.00271132 0.00342684 0.00429074 0.0053229 0.00654329 0.00797139 0.00962543 0.0115217 0.0136736 0.0160911 0.0187796 0.0217399 0.0249666 0.0284487 0.0321687 0.0361027 0.0402208 0.0444869 0.0488597 0.0532933 0.0577379 0.0621412 0.066449 0.0706068 0.0745604 0.0782576 0.0816488 0.0846881 0.0873341 0.0895506 0.0913073 0.0925802 0.0933518 0.0936117 0.0933563 0.0925892 0.0913212 0.0895697 0.0873589 0.0847192 0.0816868 0.0783033 0.0746145 0.0706699 0.0665219 0.0622243 0.0578315 0.0533975 0.0489744 0.0446116 0.0403547 0.0362449 0.0323177 0.028603 0.0251245 0.0218995 0.018939 0.0162483 0.0138268 0.0116692 0.00976579 0.0081033 0.00666577 0.00543526 0.00439257 0.00351802 0.00279198 0.00219541 0.00171027 0.00131985 0.00100893 0.000763901 0.00057284 0.000425441 0.000312946 0.000228033 0.000164671 0.000117979 8.40698e-05 5.99133e-05 4.32089e-05 3.22756e-05 2.59744e-05 
3.11233e-05 3.29081e-05 3.97438e-05 5.24195e-05 7.23152e-05 0.000101493 0.000142807 0.000200037 0.000278052 0.000382982 0.000522409 0.000705545 0.000943401 0.00124893 0.00163709 0.00212491 0.00273138 0.00347732 0.00438506 0.00547805 0.00678032 0.00831582 0.0101076 0.0121771 0.0145429 0.01722 0.020219 0.0235449 0.0271965 0.0311657 0.0354372 0.039988 0.0447878 0.0497989 0.0549768 0.060271 0.0656258 0.0709817 0.076276 0.0814448 0.0864237 0.0911495 0.0955613 0.0996018 0.103218 0.106362 0.108994 0.111077 0.112585 0.113498 0.113805 0.1135 0.112589 0.111084 0.109003 0.106376 0.103236 0.0996254 0.0955916 0.0911875 0.0864706 0.0815017 0.0763439 0.0710613 0.0657177 0.0603754 0.0550936 0.0499276 0.0449275 0.0401375 0.0355949 0.0313298 0.027365 0.0237155 0.0203895 0.0173882 0.0147065 0.0123344 0.0102569 0.00845567 0.0069097 0.00559624 0.00449168 0.00357232 0.00281497 0.00219754 0.00169942 0.00130176 0.000987624 0.000742101 0.000552246 0.000407023 0.000297163 0.000215012 0.000154348 0.000110207 7.87059e-05 5.68906e-05 4.25982e-05 3.4361e-05 
4.08581e-05 4.32102e-05 5.21292e-05 6.86292e-05 9.44795e-05 0.000132318 0.000185785 0.000259692 0.000360215 0.000495107 0.000673918 0.000908215 0.00121176 0.00160069 0.00209354 0.00271132 0.00347732 0.00441694 0.00555726 0.00692651 0.0085534 0.0104662 0.012692 0.0152553 0.0181773 0.0214742 0.0251567 0.0292289 0.0336868 0.0385186 0.0437036 0.0492121 0.0550058 0.0610382 0.0672548 0.0735947 0.0799913 0.0863737 0.0926683 0.0988004 0.104695 0.110279 0.115484 0.120242 0.124495 0.128188 0.131275 0.133717 0.135483 0.136551 0.136908 0.13655 0.135481 0.133714 0.131273 0.128187 0.124496 0.120247 0.115493 0.110296 0.10472 0.0988348 0.0927142 0.0864322 0.0800636 0.0736816 0.0673566 0.0611547 0.0551365 0.0493559 0.0438591 0.038684 0.0338598 0.0294071 0.0253376 0.021655 0.0183556 0.0154287 0.0128583 0.0106236 0.00870034 0.00706191 0.00568039 0.00452748 0.00357527 0.00279701 0.00216755 0.00166379 0.00126489 0.000952365 0.000710139 0.000524433 0.000383636 0.000278123 0.000200047 0.000143125 0.000102431 7.42079e-05 5.56988e-05 4.50311e-05 
5.31383e-05 5.62071e-05 6.77338e-05 8.90088e-05 0.000122279 0.000170885 0.000239428 0.000333971 0.000462272 0.000634038 0.000861187 0.00115809 0.0015418 0.00203217 0.00265198 0.00342684 0.00438506 0.00555726 0.00697592 0.00867464 0.0106873 0.0130469 0.0157846 0.0189283 0.0225012 0.0265208 0.0309973 0.0359326 0.0413196 0.0471411 0.0533697 0.0599679 0.066888 0.0740728 0.0814567 0.088967 0.0965248 0.104047 0.111448 0.118642 0.125543 0.132067 0.138136 0.143676 0.14862 0.152907 0.156487 0.159315 0.161359 0.162594 0.163006 0.162589 0.16135 0.159301 0.15647 0.152888 0.1486 0.143657 0.13812 0.132056 0.125538 0.118647 0.111465 0.104077 0.0965697 0.0890284 0.0815355 0.0741693 0.0670021 0.060099 0.0535164 0.0473016 0.0414918 0.0361138 0.0311846 0.0267113 0.0226918 0.0191161 0.0159669 0.0132213 0.0108518 0.00882769 0.00711633 0.00568433 0.00449852 0.0035268 0.00273889 0.00210675 0.00160495 0.00121087 0.000904717 0.000669458 0.000490692 0.000356435 0.000256882 0.00018416 0.000132079 9.59034e-05 7.21556e-05 5.8468e-05 
6.84712e-05 7.24355e-05 8.71917e-05 0.000114367 0.000156785 0.00021864 0.00030569 0.0004255 0.000587723 0.000804399 0.00109025 0.00146297 0.00194344 0.00255591 0.00332803 0.00429074 0.00547805 0.00692651 0.00867464 0.0107619 0.0132279 0.0161106 0.0194453 0.0232633 0.0275895 0.0324419 0.0378295 0.0437514 0.0501955 0.0571383 0.0645445 0.0723666 0.0805461 0.0890139 0.0976918 0.106494 0.115327 0.124097 0.132704 0.14105 0.149038 0.156575 0.163573 0.169949 0.175631 0.180551 0.184654 0.187892 0.190231 0.191642 0.192111 0.191633 0.190213 0.187866 0.18462 0.180511 0.175586 0.169903 0.163526 0.156531 0.148999 0.141019 0.132684 0.124091 0.115337 0.106521 0.097739 0.0890819 0.0806353 0.0724767 0.0646746 0.0572869 0.0503603 0.0439297 0.0380183 0.0326378 0.027789 0.0234629 0.0196419 0.016301 0.0134095 0.0109326 0.00883272 0.00707083 0.00560795 0.00440605 0.00342899 0.00264312 0.00201774 0.00152543 0.00114205 0.000846762 0.000621879 0.000452618 0.000326847 0.000234793 0.00016875 0.000122808 9.26183e-05 7.52165e-05 
8.74197e-05 9.24909e-05 0.000111205 0.000145594 0.000199177 0.000277165 0.000386695 0.000537122 0.000740343 0.00101114 0.00136754 0.0018311 0.00242716 0.00318503 0.00413794 0.0053229 0.00678032 0.0085534 0.0106873 0.0132279 0.0162206 0.0197089 0.0237322 0.0283245 0.0335123 0.0393133 0.0457342 0.0527699 0.0604024 0.0686001 0.0773177 0.0864967 0.096066 0.105943 0.116035 0.126242 0.136458 0.146572 0.156473 0.16605 0.175196 0.183806 0.191784 0.19904 0.205495 0.211077 0.215726 0.219392 0.222036 0.223631 0.22416 0.223617 0.222008 0.219351 0.215673 0.211014 0.205424 0.198963 0.191703 0.183724 0.175117 0.165977 0.15641 0.146522 0.136424 0.126228 0.116042 0.105974 0.0961213 0.0865771 0.0774228 0.0687286 0.0605524 0.0529387 0.0459185 0.0395094 0.0337164 0.0285325 0.0239403 0.0199134 0.0164182 0.0134157 0.010863 0.00871531 0.00692733 0.00545444 0.00425397 0.00328594 0.0025137 0.00190428 0.00142857 0.00106132 0.000781001 0.000569551 0.000412103 0.000296637 0.000213649 0.000155835 0.000117804 9.58804e-05 
0.000110597 0.000117022 0.000140537 0.000183656 0.000250722 0.00034815 0.000484707 0.000671852 0.000924107 0.00125946 0.00169976 0.00227102 0.00300373 0.00393293 0.00509818 0.00654329 0.00831582 0.0104662 0.0130469 0.0161106 0.0197089 0.0238905 0.0286988 0.0341705 0.0403326 0.0472014 0.0547804 0.0630587 0.0720107 0.081595 0.0917549 0.102419 0.113501 0.124905 0.136521 0.148235 0.159925 0.171467 0.182735 0.193606 0.203963 0.213691 0.222686 0.230851 0.238103 0.244364 0.249572 0.253674 0.25663 0.258412 0.259001 0.258393 0.256593 0.253619 0.2495 0.244277 0.238002 0.230741 0.222567 0.213568 0.203839 0.193486 0.182623 0.171366 0.159841 0.148171 0.13648 0.124889 0.113514 0.10246 0.0918259 0.0816947 0.0721375 0.0632101 0.0549531 0.0473916 0.040536 0.0343825 0.028915 0.0241064 0.0199205 0.0163142 0.0132396 0.0106457 0.00848027 0.0066917 0.00523011 0.00404849 0.0031035 0.00235592 0.00177097 0.00131834 0.000972052 0.000710273 0.00051494 0.00037141 0.000268068 0.000195966 0.000148488 0.000121116 
0.000138659 0.000146721 0.000175999 0.000229573 0.000312753 0.000433367 0.000602085 0.000832808 0.0011431 0.00155466 0.0020937 0.00279136 0.00368391 0.00481289 0.00622494 0.00797139 0.0101076 0.012692 0.0157846 0.0194453 0.0237322 0.0286988 0.0343925 0.0408515 0.0481027 0.0561598 0.0650214 0.0746694 0.0850687 0.0961662 0.107892 0.120159 0.132867 0.145902 0.159138 0.172445 0.185684 0.198717 0.211406 0.223616 0.235217 0.246089 0.25612 0.265207 0.273263 0.280207 0.285976 0.290515 0.293782 0.29575 0.2964 0.295726 0.293735 0.290445 0.285885 0.280096 0.273133 0.265063 0.255962 0.245923 0.235047 0.223445 0.21124 0.198561 0.185543 0.172323 0.159041 0.145832 0.132828 0.120153 0.10792 0.0962281 0.0851635 0.0747951 0.0651748 0.0563371 0.0482992 0.0410622 0.0346124 0.0289227 0.0239552 0.0196631 0.0159933 0.0128885 0.0102895 0.00813699 0.00637337 0.00494391 0.00379781 0.00288891 0.00217602 0.0016231 0.00119913 0.000877915 0.000637734 0.000460903 0.000333359 0.000244238 0.000185494 0.000151622 
0.000172287 0.000182307 0.000218431 0.000284397 0.000386641 0.000534626 0.000741218 0.00102313 0.00140143 0.00190201 0.00255608 0.00340053 0.00447815 0.00583768 0.00753357 0.00962543 0.0121771 0.0152553 0.0189283 0.0232633 0.0283245 0.0341705 0.0408515 0.0484066 0.0568615 0.0662257 0.0764912 0.0876311 0.0995985 0.112327 0.125731 0.139708 0.154138 0.168891 0.183824 0.198788 0.21363 0.228197 0.242338 0.255907 0.268766 0.280787 0.291851 0.301855 0.310706 0.318324 0.324642 0.329608 0.333179 0.335328 0.336037 0.3353 0.333123 0.329524 0.324532 0.318189 0.310548 0.301677 0.291656 0.280577 0.268548 0.255684 0.242116 0.227982 0.213428 0.198604 0.183664 0.168759 0.15404 0.139645 0.125707 0.112342 0.0996524 0.0877224 0.0766172 0.0663824 0.0570442 0.0486101 0.04107 0.0343981 0.0285556 0.0234927 0.0191512 0.0154678 0.0123759 0.00980821 0.00769885 0.00598472 0.00460692 0.00351156 0.00265036 0.00198084 0.0014663 0.00107562 0.000782882 0.000566935 0.000410904 0.000301716 0.000229671 0.000188123 
0.000212174 0.000224513 0.000268684 0.000349189 0.000473754 0.000653717 0.000904458 0.0012459 0.00170305 0.00230658 0.00309328 0.00410645 0.00539613 0.00701899 0.009038 0.0115217 0.0145429 0.0181773 0.0225012 0.0275895 0.0335123 0.0403326 0.0481027 0.0568615 0.0666316 0.0774172 0.0892018 0.101947 0.115593 0.130057 0.145237 0.161012 0.177243 0.193781 0.210464 0.227127 0.243601 0.259719 0.275318 0.290243 0.304348 0.317499 0.329575 0.340469 0.350088 0.358353 0.365198 0.370571 0.374432 0.376753 0.377518 0.376721 0.374368 0.370475 0.365071 0.358197 0.349904 0.34026 0.329343 0.317248 0.304083 0.289968 0.27504 0.259444 0.243335 0.226877 0.210236 0.193581 0.177078 0.160885 0.145153 0.130017 0.115597 0.101995 0.0892918 0.0775454 0.0667933 0.0570511 0.048314 0.0405592 0.0337477 0.0278275 0.0227361 0.0184042 0.0147577 0.0117212 0.00922015 0.00718241 0.00554033 0.00423166 0.00320027 0.00239656 0.0017775 0.00130643 0.000952729 0.000691301 0.000502076 0.000369466 0.000281877 0.000231356 
0.000259001 0.000274055 0.00032759 0.000424975 0.000575407 0.000792353 0.00109403 0.00150398 0.00205164 0.00277301 0.00371107 0.00491622 0.00644642 0.00836697 0.01075 0.0136736 0.01722 0.0214742 0.0265208 0.0324419 0.0393133 0.0472014 0.0561598 0.0662257 0.0774172 0.089731 0.10314 0.117593 0.133013 0.149302 0.166337 0.183977 0.202065 0.22043 0.238892 0.257269 0.275378 0.293037 0.310073 0.326324 0.341638 0.355877 0.368919 0.380658 0.391001 0.399872 0.407207 0.412958 0.417086 0.419566 0.420383 0.419531 0.417015 0.412852 0.407067 0.399698 0.390795 0.380422 0.368656 0.355589 0.341329 0.326001 0.309741 0.292702 0.275048 0.256952 0.238594 0.220159 0.201828 0.183781 0.166185 0.149198 0.13296 0.117589 0.103186 0.0898225 0.0775501 0.0663943 0.0563577 0.0474215 0.0395483 0.0326848 0.0267649 0.0217134 0.0174495 0.0138892 0.0109487 0.00854684 0.0066064 0.00505614 0.00383142 0.00287483 0.00213635 0.0015732 0.00114948 0.000835703 0.00060819 0.000448515 0.000342943 0.000282038 
0.00031341 0.00033161 0.000395928 0.000512713 0.000692815 0.000952093 0.00131194 0.00179993 0.00245044 0.00330531 0.00441436 0.00583574 0.00763597 0.00988964 0.0126787 0.0160911 0.020219 0.0251567 0.0309973 0.0378295 0.0457342 0.0547804 0.0650214 0.0764912 0.0892018 0.10314 0.118266 0.134513 0.151788 0.16997 0.188918 0.208468 0.228443 0.24865 0.268894 0.288972 0.308689 0.327851 0.346277 0.363797 0.380258 0.395519 0.409462 0.42198 0.432985 0.442406 0.450183 0.456272 0.460639 0.46326 0.464123 0.463223 0.460564 0.45616 0.450034 0.442219 0.432763 0.421722 0.409172 0.3952 0.379912 0.36343 0.345895 0.32746 0.308297 0.288588 0.268525 0.248306 0.228131 0.208197 0.188693 0.169797 0.151669 0.134451 0.118259 0.103187 0.0892982 0.0766317 0.0651992 0.0549881 0.0459638 0.0380731 0.0312471 0.0254059 0.0204613 0.0163215 0.0128933 0.0100857 0.00781184 0.00599071 0.00454856 0.00341955 0.00254601 0.00187844 0.00137512 0.00100168 0.000730449 0.000539816 0.000413648 0.000340848 
0.000375978 0.000397785 0.000474391 0.000613241 0.000827029 0.00113427 0.00155988 0.00213587 0.00290203 0.00390664 0.00520691 0.00686936 0.00896969 0.0115924 0.0148296 0.0187796 0.0235449 0.0292289 0.0359326 0.0437514 0.0527699 0.0630587 0.0746694 0.0876311 0.101947 0.117593 0.134513 0.152624 0.171812 0.191935 0.212829 0.234309 0.256174 0.278213 0.30021 0.321949 0.343219 0.363818 0.383559 0.402267 0.419788 0.435985 0.45074 0.463954 0.475544 0.485446 0.493606 0.499985 0.504556 0.507298 0.508201 0.50726 0.50448 0.499871 0.493452 0.485253 0.475312 0.463683 0.450432 0.435642 0.419413 0.401864 0.383133 0.363378 0.34277 0.321502 0.299773 0.277797 0.255787 0.233961 0.212528 0.191687 0.171622 0.152496 0.134447 0.117588 0.102 0.0877363 0.0748205 0.063248 0.0529888 0.043991 0.0361845 0.0294849 0.0237979 0.0190234 0.0150591 0.0118042 0.00916131 0.00703952 0.0053553 0.00403376 0.00300899 0.00222417 0.00163127 0.00119054 0.000869882 0.000644195 0.000494679 0.000408388 
0.000447182 0.00047308 0.000563546 0.000727233 0.000978873 0.0013399 0.00183909 0.0025133 0.00340823 0.00457907 0.00609102 0.00801951 0.01045 0.0134773 0.0172043 0.0217399 0.0271965 0.0336868 0.0413196 0.0501955 0.0604024 0.0720107 0.0850687 0.0995985 0.115593 0.133013 0.151788 0.171812 0.19295 0.215038 0.237887 0.261289 0.285021 0.308851 0.332546 0.355876 0.378618 0.400562 0.421517 0.441308 0.459782 0.476807 0.49227 0.506081 0.518166 0.528467 0.536942 0.543558 0.548292 0.551131 0.552066 0.551094 0.548217 0.543444 0.536789 0.528274 0.517932 0.505805 0.491953 0.476449 0.459387 0.440879 0.421058 0.40008 0.37812 0.355372 0.332046 0.308365 0.28456 0.260864 0.237507 0.214712 0.192685 0.171612 0.151656 0.132949 0.115595 0.0996615 0.0851865 0.0721754 0.060605 0.0504265 0.0415694 0.0339464 0.0274575 0.0219949 0.0174475 0.013704 0.010657 0.0082048 0.00625376 0.00471938 0.00352697 0.00261184 0.00191912 0.00140324 0.00102729 0.000762307 0.00058659 0.000485154 
0.000527369 0.000557856 0.000663791 0.00085515 0.00114888 0.0015696 0.00215028 0.00293301 0.00396983 0.00532336 0.00706728 0.00928644 0.0120765 0.015543 0.0197998 0.0249666 0.0311657 0.0385186 0.0471411 0.0571383 0.0686001 0.081595 0.0961662 0.112327 0.130057 0.149302 0.16997 0.191935 0.215038 0.239089 0.263876 0.289166 0.314713 0.340268 0.36558 0.390405 0.414512 0.437686 0.459734 0.480482 0.499783 0.51751 0.533563 0.54786 0.560338 0.570951 0.579664 0.586456 0.591312 0.594221 0.59518 0.594186 0.591241 0.586349 0.579519 0.570765 0.56011 0.547589 0.533248 0.51715 0.499378 0.480037 0.459252 0.437173 0.413975 0.389853 0.365023 0.339719 0.314183 0.288666 0.263419 0.238685 0.214695 0.19166 0.169768 0.149174 0.130002 0.112342 0.0962445 0.0817291 0.0687809 0.0573557 0.0473846 0.0387782 0.0314319 0.0252308 0.0200551 0.0157836 0.0122982 0.00948656 0.00724434 0.00547702 0.00410064 0.00304214 0.00223933 0.00164037 0.00120316 0.000894588 0.000689764 0.000571499 
0.000616718 0.000652299 0.000775319 0.000997186 0.00133725 0.00182354 0.00249353 0.00339493 0.00458652 0.00613878 0.00813432 0.0106678 0.0138456 0.0177842 0.0226084 0.0284487 0.0354372 0.0437036 0.0533697 0.0645445 0.0773177 0.0917549 0.107892 0.125731 0.145237 0.166337 0.188918 0.212829 0.237887 0.263876 0.290558 0.317675 0.344963 0.37215 0.398972 0.425173 0.450517 0.474785 0.497785 0.519348 0.539335 0.557631 0.574144 0.588807 0.60157 0.612398 0.621272 0.628177 0.633107 0.63606 0.637034 0.636029 0.633044 0.62808 0.621139 0.612227 0.601357 0.588549 0.57384 0.557278 0.538934 0.5189 0.497292 0.474252 0.449951 0.424583 0.398368 0.371544 0.344368 0.317105 0.290025 0.263393 0.237465 0.212477 0.188642 0.16614 0.145121 0.125692 0.107925 0.0918529 0.0774714 0.0647433 0.0536027 0.0439594 0.0357054 0.0287197 0.0228738 0.0180373 0.0140812 0.0108823 0.00832551 0.00630581 0.00472955 0.00351489 0.00259188 0.00190201 0.00139765 0.0010412 0.000804376 0.000667602 
0.000715216 0.00075639 0.000898079 0.00115323 0.00154375 0.00210132 0.0028682 0.00389803 0.0052567 0.00702293 0.00928864 0.0121587 0.0157502 0.020191 0.0256168 0.0321687 0.039988 0.0492121 0.0599679 0.0723666 0.0864967 0.102419 0.120159 0.139708 0.161012 0.183977 0.208468 0.234309 0.261289 0.289166 0.317675 0.346538 0.375465 0.40417 0.432375 0.459815 0.48625 0.511461 0.535259 0.557484 0.578008 0.596727 0.613565 0.62847 0.641406 0.652354 0.661305 0.66826 0.673219 0.676188 0.677168 0.676162 0.673166 0.668178 0.661191 0.652204 0.641216 0.628236 0.613283 0.596394 0.577622 0.557046 0.534768 0.510921 0.485668 0.459199 0.431734 0.403518 0.374814 0.345903 0.317072 0.288608 0.26079 0.23388 0.208117 0.183709 0.160829 0.13961 0.120142 0.102476 0.0866183 0.0725423 0.060186 0.0494605 0.0402552 0.0324438 0.0258904 0.0204551 0.0159986 0.0123868 0.00949358 0.00720319 0.00541197 0.00402895 0.00297603 0.00218771 0.00161047 0.00120199 0.000930349 0.000773427 
0.000822625 0.000869871 0.00103174 0.00132281 0.00176771 0.00240195 0.00327283 0.00444021 0.00597739 0.00797165 0.0105245 0.0137512 0.0177798 0.0227494 0.0288067 0.0361027 0.0447878 0.0550058 0.066888 0.0805461 0.096066 0.113501 0.132867 0.154138 0.177243 0.202065 0.228443 0.256174 0.285021 0.314713 0.344963 0.375465 0.405913 0.436003 0.465447 0.493975 0.521341 0.547333 0.571767 0.594496 0.615401 0.634397 0.651424 0.666445 0.679444 0.690415 0.699365 0.706306 0.711249 0.714206 0.715185 0.714187 0.711209 0.706242 0.699275 0.690293 0.679284 0.666244 0.651175 0.634095 0.615043 0.594079 0.571292 0.546801 0.520757 0.493345 0.464782 0.435316 0.405216 0.374775 0.344296 0.314086 0.284447 0.255668 0.228015 0.201724 0.176992 0.153979 0.132796 0.113513 0.0961511 0.0806943 0.0670871 0.0552431 0.0450507 0.0363793 0.0290862 0.0230228 0.0180398 0.0139921 0.0107426 0.00816482 0.00614479 0.00458211 0.00339025 0.0024964 0.0018409 0.00137646 0.00106733 0.000888705 
0.000938459 0.000992226 0.00117568 0.00150511 0.00200796 0.0027238 0.00370513 0.00501827 0.00674417 0.00897889 0.0118337 0.0154344 0.0199201 0.0254409 0.0321542 0.0402208 0.0497989 0.0610382 0.0740728 0.0890139 0.105943 0.124905 0.145902 0.168891 0.193781 0.22043 0.24865 0.278213 0.308851 0.340268 0.37215 0.40417 0.436003 0.467333 0.497861 0.527313 0.555446 0.582052 0.606958 0.630029 0.651163 0.670292 0.687373 0.702391 0.715344 0.726247 0.73512 0.741987 0.746871 0.749792 0.75076 0.74978 0.746846 0.741945 0.735057 0.726158 0.715222 0.702229 0.687165 0.670031 0.650844 0.629647 0.606511 0.58154 0.554872 0.526683 0.497184 0.466622 0.435271 0.403434 0.371427 0.339577 0.308208 0.277634 0.248149 0.220015 0.19346 0.168668 0.145774 0.124867 0.105988 0.0891307 0.0742492 0.0612609 0.0500544 0.0404962 0.0324376 0.0257219 0.0201903 0.0156871 0.0120643 0.00918456 0.00692348 0.00517106 0.00383214 0.00282637 0.00208772 0.00156373 0.00121465 0.0010129 
0.00106197 0.00112266 0.00132895 0.00169887 0.00226284 0.00306457 0.00416193 0.00562788 0.00755118 0.0100368 0.0132058 0.0171947 0.0221534 0.0282428 0.0356308 0.0444869 0.0549768 0.0672548 0.0814567 0.0976918 0.116035 0.136521 0.159138 0.183824 0.210464 0.238892 0.268894 0.30021 0.332546 0.36558 0.398972 0.432375 0.465447 0.497861 0.529311 0.559521 0.588254 0.615308 0.640524 0.663781 0.684996 0.704119 0.72113 0.73603 0.74884 0.759589 0.768314 0.775054 0.779841 0.782701 0.783652 0.782697 0.779832 0.775036 0.768283 0.759537 0.74876 0.735915 0.720971 0.703908 0.684724 0.663443 0.640116 0.614828 0.587703 0.558904 0.528635 0.497138 0.464691 0.431603 0.398202 0.364832 0.331839 0.299562 0.26832 0.238406 0.210074 0.183535 0.158951 0.136432 0.116037 0.0977741 0.0816073 0.0674599 0.0552221 0.0447585 0.0359157 0.0285295 0.0224323 0.0174581 0.0134482 0.0102544 0.00774203 0.00579135 0.00429844 0.00317524 0.00234919 0.00176251 0.00137134 0.00114521 
0.00119216 0.00126011 0.00149026 0.00190247 0.00253016 0.00342128 0.00463921 0.0062636 0.0083911 0.0111357 0.0146282 0.0190156 0.0244586 0.0311285 0.0392028 0.0488597 0.060271 0.0735947 0.088967 0.106494 0.126242 0.148235 0.172445 0.198788 0.227127 0.257269 0.288972 0.321949 0.355876 0.390405 0.425173 0.459815 0.493975 0.527313 0.559521 0.590326 0.619495 0.646837 0.672208 0.695504 0.716662 0.735654 0.752479 0.76716 0.779736 0.790257 0.798774 0.805337 0.809992 0.812773 0.813699 0.812778 0.810001 0.805346 0.798776 0.790246 0.779704 0.767096 0.752374 0.735499 0.716447 0.69522 0.671849 0.6464 0.618978 0.589734 0.558859 0.526591 0.493206 0.459018 0.424367 0.389609 0.355113 0.321238 0.288332 0.256715 0.226669 0.198434 0.172198 0.148093 0.126198 0.106539 0.0890889 0.0737793 0.0605034 0.0491251 0.0394872 0.0314191 0.0247447 0.0192885 0.0148813 0.0113645 0.00859303 0.00643745 0.00478503 0.00353995 0.00262305 0.00197111 0.00153609 0.00128454 
0.00132773 0.00140321 0.00165802 0.00211388 0.00280724 0.00379034 0.0051321 0.0069189 0.0092553 0.0122641 0.016086 0.0208782 0.0268116 0.0340676 0.042833 0.0532933 0.0656258 0.0799913 0.0965248 0.115327 0.136458 0.159925 0.185684 0.21363 0.243601 0.275378 0.308689 0.343219 0.378618 0.414512 0.450517 0.48625 0.521341 0.555446 0.588254 0.619495 0.648944 0.676424 0.701807 0.72501 0.745988 0.764735 0.781274 0.795648 0.807915 0.818143 0.8264 0.832748 0.837244 0.839927 0.840823 0.839941 0.83727 0.832783 0.826437 0.818175 0.807932 0.795639 0.781229 0.764642 0.745835 0.724787 0.701507 0.67604 0.648472 0.618937 0.587615 0.554736 0.520572 0.485438 0.449683 0.413678 0.377806 0.342451 0.307986 0.274758 0.243078 0.213213 0.185377 0.159729 0.136367 0.115334 0.096616 0.0801532 0.0658432 0.0535503 0.0431147 0.0343604 0.0271034 0.0211593 0.016349 0.0125035 0.00946775 0.00710273 0.00528696 0.00391684 0.00290656 0.00218746 0.00170726 0.00142952 
0.00146717 0.00155036 0.00183034 0.0023307 0.00309092 0.00416754 0.00563498 0.00758633 0.0101339 0.0134093 0.0175627 0.0227612 0.0291856 0.037027 0.0464802 0.0577379 0.0709817 0.0863737 0.104047 0.124097 0.146572 0.171467 0.198717 0.228197 0.259719 0.293037 0.327851 0.363818 0.400562 0.437686 0.474785 0.511461 0.547333 0.582052 0.615308 0.646837 0.676424 0.703908 0.729177 0.752169 0.772861 0.79127 0.807438 0.821432 0.833329 0.843214 0.851169 0.857271 0.861585 0.864158 0.86502 0.864181 0.861629 0.857333 0.851241 0.843288 0.833396 0.821479 0.807454 0.791241 0.772775 0.752013 0.728941 0.703583 0.676006 0.646324 0.614703 0.581363 0.546572 0.510645 0.473934 0.436823 0.39971 0.363001 0.327092 0.292356 0.259134 0.227719 0.198352 0.171217 0.146434 0.124063 0.104106 0.0865113 0.0711821 0.0579848 0.0467578 0.0373203 0.0294818 0.0230494 0.0178345 0.0136584 0.0103563 0.00777966 0.00579853 0.00430161 0.0031965 0.0024091 0.00188292 0.00157851 
