0.000196677 0.000200521 0.000214215 0.00023817 0.000273026 0.000319686 0.000379306 0.000453289 0.000543278 0.000651142 0.000778959 0.000928992 0.00110367 0.00130553 0.00153722 0.00180142 0.0021008 0.00243793 0.0028153 0.00323515 0.00369947 0.00420987 0.00476757 0.00537327 0.0060271 0.00672856 0.00747645 0.00826885 0.00910306 0.00997558 0.0108821 0.0118176 0.0127762 0.0137514 0.014736 0.0157221 0.0167016 0.0176659 0.018606 0.0195131 0.0203782 0.0211924 0.0219474 0.022635 0.0232478 0.0237791 0.0242229 0.0245742 0.0248291 0.0249845 0.0250388 0.0249914 0.0248427 0.0245946 0.0242499 0.0238125 0.0232875 0.0226807 0.0219988 0.0212493 0.0204402 0.0195798 0.018677 0.0177407 0.0167799 0.0158032 0.0148195 0.0138368 0.0128629 0.0119051 0.0109698 0.0100629 0.0091896 0.00835408 0.00755989 0.00680978 0.00610571 0.00544891 0.00483994 0.00427871 0.00376456 0.00329635 0.0028725 0.00249107 0.00214986 0.00184645 0.00157827 0.0013427 0.00113709 0.000958813 0.000805343 0.000674262 0.00056331 0.000470406 0.000393674 0.000331459 0.00028234 0.000245142 0.000218938 0.000203092 
0.000200521 0.00020445 0.000218427 0.000242869 0.000278434 0.000326038 0.000386862 0.000462336 0.000554136 0.000664166 0.000794542 0.000947573 0.00112573 0.0013316 0.00156788 0.00183729 0.00214254 0.00248628 0.002871 0.00329899 0.00377226 0.00429246 0.00486081 0.00547801 0.00614418 0.0068588 0.00762065 0.00842775 0.00927733 0.0101658 0.0110889 0.0120413 0.0130172 0.0140098 0.0150119 0.0160155 0.0170122 0.0179933 0.0189498 0.0198726 0.0207526 0.0215808 0.0223486 0.023048 0.0236712 0.0242114 0.0246627 0.0250199 0.0252789 0.025437 0.0254921 0.0254438 0.0252926 0.0250402 0.0246896 0.0242448 0.0237108 0.0230936 0.0224001 0.0216377 0.0208146 0.0199393 0.0190209 0.0180682 0.0170905 0.0160967 0.0150956 0.0140954 0.0131041 0.0121291 0.0111769 0.0102536 0.0093643 0.00851343 0.00770457 0.00694053 0.00622331 0.00555418 0.00493372 0.00436184 0.0038379 0.00336072 0.00292872 0.00253993 0.0021921 0.00188278 0.00160937 0.00136918 0.00115953 0.000977741 0.000821241 0.000687567 0.000574416 0.000479669 0.000401414 0.000337964 0.00028787 0.000249934 0.000223213 0.000207056 
0.000214215 0.000218427 0.000233344 0.000259411 0.000297321 0.00034805 0.000412842 0.000493215 0.000590937 0.000708023 0.000846705 0.00100942 0.00119877 0.00141749 0.0016684 0.00195436 0.00227823 0.00264276 0.00305056 0.00350403 0.00400524 0.0045559 0.00515726 0.00581 0.00651421 0.0072693 0.00807393 0.00892598 0.0098225 0.0107597 0.0117329 0.0127367 0.0137648 0.0148101 0.015865 0.0169212 0.0179697 0.0190015 0.0200071 0.020977 0.0219016 0.0227716 0.023578 0.0243123 0.0249665 0.0255335 0.026007 0.0263817 0.0266535 0.0268191 0.0268768 0.0268259 0.026667 0.026402 0.0260338 0.0255667 0.0250059 0.0243577 0.0236293 0.0228283 0.0219635 0.0210437 0.0200782 0.0190766 0.0180483 0.0170028 0.0159492 0.0148963 0.0138524 0.0128253 0.0118219 0.0108485 0.00991061 0.00901291 0.0081592 0.00735245 0.00659482 0.00588771 0.00523174 0.00462688 0.00407248 0.00356735 0.00310984 0.00269792 0.00232925 0.00200125 0.00171121 0.00145631 0.00123373 0.00104066 0.000874379 0.000732302 0.000611998 0.00051123 0.000427979 0.000360462 0.000307149 0.000266772 0.000238334 0.000221145 
0.00023817 0.000242869 0.000259411 0.00028828 0.000330237 0.000386347 0.000457974 0.000546772 0.000654673 0.000783872 0.0009368 0.00111611 0.00132461 0.00156529 0.00184119 0.0021554 0.00251099 0.00291092 0.003358 0.00385476 0.00440341 0.00500573 0.00566301 0.00637593 0.00714449 0.00796799 0.00884489 0.00977281 0.0107485 0.0117677 0.0128255 0.0139157 0.0150316 0.0161656 0.0173092 0.0184536 0.0195891 0.0207059 0.0217939 0.0228426 0.023842 0.024782 0.025653 0.0264457 0.0271518 0.0277636 0.0282744 0.0286785 0.0289713 0.0291497 0.0292117 0.0291565 0.0289847 0.0286985 0.0283009 0.0277965 0.0271909 0.0264909 0.0257039 0.0248385 0.0239037 0.0229092 0.0218649 0.0207811 0.0196679 0.0185356 0.0173939 0.0162525 0.0151202 0.0140054 0.0129158 0.0118581 0.0108384 0.00986169 0.00893227 0.0080534 0.00722749 0.00645611 0.00574004 0.00507929 0.00447325 0.00392067 0.00341984 0.00296859 0.00256443 0.00220461 0.00188621 0.0016062 0.00136152 0.00114913 0.000966109 0.000809626 0.000677046 0.000565936 0.000474096 0.000399583 0.000340727 0.000296144 0.000264746 0.000245781 
0.000273026 0.000278434 0.000297321 0.000330237 0.000378034 0.000441908 0.000523387 0.000624325 0.000746883 0.000893511 0.00106692 0.00127007 0.00150609 0.00177827 0.00208999 0.00244467 0.00284567 0.00329625 0.00379946 0.00435805 0.00497441 0.00565042 0.00638741 0.00718603 0.0080462 0.008967 0.00994661 0.0109823 0.0120703 0.013206 0.0143835 0.0155963 0.0168366 0.018096 0.0193653 0.0206344 0.0218928 0.0231298 0.024334 0.0254942 0.0265991 0.0276379 0.0285999 0.0294751 0.0302543 0.0309292 0.0314924 0.0319379 0.0322605 0.0324569 0.0325248 0.0324635 0.0322736 0.0319575 0.0315185 0.0309615 0.0302928 0.0295196 0.0286501 0.0276937 0.0266602 0.0255603 0.0244047 0.0232048 0.0219718 0.0207167 0.0194506 0.0181838 0.0169264 0.0156875 0.0144756 0.0132984 0.0121625 0.0110737 0.0100368 0.00905541 0.00813238 0.00726955 0.00646788 0.00572749 0.0050478 0.00442752 0.00386481 0.00335736 0.00290246 0.0024971 0.00213808 0.00182207 0.0015457 0.0013056 0.00109852 0.000921334 0.000771099 0.000645104 0.000540896 0.000456303 0.000389458 0.000338812 0.000303146 0.000281618 
0.000319686 0.000326038 0.00034805 0.000386347 0.000441908 0.000516097 0.000610661 0.000727713 0.000869712 0.00103945 0.00124 0.0014747 0.00174712 0.00206094 0.00241999 0.00282808 0.00328898 0.0038063 0.00438344 0.00502341 0.00572879 0.00650163 0.00734328 0.00825436 0.00923463 0.0102829 0.011397 0.0125737 0.0138087 0.0150964 0.0164304 0.017803 0.0192056 0.0206286 0.0220614 0.0234929 0.0249114 0.0263045 0.0276599 0.0289648 0.0302069 0.0313738 0.032454 0.0334362 0.0343103 0.0350671 0.0356983 0.0361973 0.0365586 0.0367782 0.0368538 0.0367846 0.0365713 0.0362163 0.0357236 0.0350985 0.0343479 0.0334797 0.0325032 0.0314287 0.030267 0.0290301 0.02773 0.0263791 0.0249901 0.0235754 0.0221471 0.0207171 0.0192965 0.0178957 0.0165244 0.0151911 0.0139035 0.0126681 0.0114905 0.0103749 0.00932465 0.00834193 0.00742796 0.00658304 0.00580658 0.00509729 0.00445319 0.00387174 0.00334998 0.00288458 0.00247197 0.00210843 0.00179017 0.00151343 0.00127453 0.00106992 0.000896298 0.000750572 0.000629959 0.00053199 0.000454538 0.00039584 0.000354506 0.000329577 
0.000379306 0.000386862 0.000412842 0.000457974 0.000523387 0.000610661 0.000721813 0.000859279 0.0010259 0.00122487 0.00145973 0.00173431 0.00205266 0.00241903 0.00283772 0.00331308 0.00384935 0.00445061 0.00512062 0.00586274 0.0066798 0.00757398 0.0085467 0.00959849 0.0107289 0.0119364 0.0132184 0.014571 0.015989 0.0174662 0.0189949 0.0205664 0.0221706 0.0237966 0.0254324 0.0270654 0.0286822 0.0302688 0.0318113 0.0332954 0.034707 0.0360325 0.0372587 0.0383731 0.0393644 0.0402221 0.0409373 0.0415024 0.0419113 0.0421596 0.0422447 0.0421657 0.0419235 0.0415206 0.0409616 0.0402523 0.0394005 0.038415 0.0373063 0.0360857 0.0347657 0.0333592 0.0318802 0.0303424 0.0287602 0.0271475 0.0255182 0.0238855 0.0222623 0.0206604 0.0190907 0.0175632 0.0160866 0.0146686 0.0133155 0.0120324 0.0108233 0.00969068 0.00863623 0.00766041 0.00676273 0.00594182 0.00519556 0.00452118 0.00391538 0.00337445 0.00289437 0.00247095 0.00209989 0.00177691 0.00149782 0.00125858 0.00105537 0.000884681 0.000743301 0.00062839 0.000537499 0.000468597 0.000420078 0.000390837 
0.000453289 0.000462336 0.000493215 0.000546772 0.000624325 0.000727713 0.000859279 0.00102185 0.00121873 0.0014536 0.00173057 0.00205405 0.00242869 0.00285937 0.00335102 0.00390858 0.00453688 0.00524052 0.00602372 0.00689022 0.00784313 0.0088848 0.0100167 0.0112392 0.0125516 0.013952 0.0154371 0.0170023 0.0186415 0.0203473 0.0221108 0.0239217 0.0257687 0.027639 0.0295189 0.0313938 0.0332486 0.0350674 0.0368342 0.0385329 0.0401476 0.0416628 0.0430636 0.0443361 0.0454674 0.0464459 0.0472614 0.0479054 0.0483711 0.0486537 0.0487501 0.0486594 0.0483825 0.0479224 0.0472841 0.0464743 0.0455015 0.0443758 0.0431089 0.0417136 0.0402039 0.0385945 0.036901 0.0351392 0.0333251 0.0314748 0.0296039 0.0277278 0.0258608 0.0240167 0.022208 0.0204463 0.0187417 0.0171031 0.0155379 0.0140522 0.0126506 0.0113364 0.0101115 0.00897679 0.0079318 0.00697514 0.00610454 0.00531694 0.00460867 0.00397555 0.00341307 0.00291644 0.00248077 0.00210118 0.00177284 0.00149111 0.00125161 0.00105026 0.000883356 0.000747615 0.000640194 0.000558735 0.000501377 0.000466832 
0.000543278 0.000554136 0.000590937 0.000654673 0.000746883 0.000869712 0.0010259 0.00121873 0.00145203 0.0017301 0.00205769 0.00243989 0.00288209 0.00338986 0.00396889 0.00462482 0.00536313 0.00618903 0.00710728 0.00812203 0.0092367 0.0104538 0.0117748 0.0132 0.0147282 0.0163571 0.0180826 0.0198992 0.0217997 0.0237753 0.0258156 0.0279087 0.0300414 0.0321989 0.0343656 0.0365247 0.0386586 0.0407495 0.0427791 0.044729 0.0465813 0.0483182 0.0499232 0.0513803 0.0526751 0.0537944 0.0547269 0.0554629 0.0559949 0.0563174 0.056427 0.0563225 0.0560053 0.0554784 0.0547476 0.0538204 0.0527064 0.051417 0.0499653 0.0483658 0.0466342 0.0447874 0.0428428 0.0408184 0.0387326 0.0366035 0.034449 0.0322867 0.030133 0.0280038 0.0259137 0.0238758 0.0219021 0.0200029 0.0181869 0.0164614 0.0148318 0.0133023 0.0118752 0.0105517 0.00933151 0.00821328 0.00719452 0.00627189 0.0054413 0.00469804 0.00403699 0.00345273 0.00293966 0.00249216 0.00210471 0.00177195 0.00148881 0.00125058 0.00105295 0.000892123 0.000764784 0.000668189 0.000600173 0.000559238 
0.000651142 0.000664166 0.000708023 0.000783872 0.000893511 0.00103945 0.00122487 0.0014536 0.0017301 0.00205936 0.00244687 0.00289852 0.00342053 0.00401932 0.00470138 0.00547318 0.00634095 0.00731057 0.00838739 0.00957603 0.0108802 0.0123027 0.0138448 0.0155066 0.0172867 0.0191819 0.0211873 0.0232962 0.0255002 0.0277889 0.0301501 0.03257 0.0350332 0.0375228 0.0400206 0.0425074 0.0449632 0.0473675 0.0496995 0.0519383 0.0540636 0.0560553 0.0578945 0.0595634 0.0610455 0.0623263 0.0633928 0.0642342 0.0648421 0.0652102 0.0653348 0.0652147 0.0648511 0.0642478 0.0634109 0.0623492 0.0610733 0.0595961 0.0579323 0.0560983 0.0541119 0.0519921 0.0497587 0.0474322 0.0450333 0.0425828 0.0401011 0.0376082 0.0351232 0.0326642 0.030248 0.0278901 0.0256041 0.0234021 0.0212946 0.0192899 0.0173947 0.015614 0.0139508 0.0124066 0.0109814 0.00967393 0.00848145 0.00740033 0.006426 0.0055532 0.00477611 0.00408856 0.00348417 0.00295651 0.00249919 0.00210607 0.00177127 0.00148934 0.00125529 0.0010647 0.000913716 0.000799151 0.000718481 0.000669959 
0.000778959 0.000794542 0.000846705 0.0009368 0.00106692 0.00124 0.00145973 0.00173057 0.00205769 0.00244687 0.00290446 0.00343726 0.00405243 0.00475733 0.00555941 0.00646602 0.00748424 0.00862071 0.0098814 0.0112714 0.0127949 0.0144546 0.0162519 0.0181866 0.0202566 0.0224581 0.024785 0.0272294 0.0297813 0.0324284 0.0351567 0.0379499 0.0407903 0.0436584 0.0465332 0.0493929 0.0522146 0.0549748 0.0576499 0.0602162 0.0626507 0.0649307 0.0670349 0.0689432 0.0706372 0.0721003 0.073318 0.0742784 0.0749719 0.0753915 0.075533 0.0753951 0.0749792 0.0742894 0.0733329 0.0721192 0.0706603 0.0689708 0.0670672 0.0649679 0.062693 0.0602639 0.0577031 0.0550336 0.0522791 0.0494632 0.0466092 0.0437399 0.0408771 0.0380418 0.0352531 0.0325291 0.0298855 0.0273367 0.0248946 0.0225692 0.0203686 0.0182986 0.0163632 0.0145644 0.0129025 0.0113761 0.0099825 0.00871767 0.00757656 0.00655327 0.00564124 0.00483346 0.00412266 0.00350148 0.0029626 0.00249892 0.0021037 0.00177061 0.0014939 0.00126841 0.0010897 0.000954052 0.000858533 0.000801113 
0.000928992 0.000947573 0.00100942 0.00111611 0.00127007 0.0014747 0.00173431 0.00205405 0.00243989 0.00289852 0.00343726 0.00406394 0.00478675 0.00561414 0.00655459 0.00761645 0.00880773 0.0101359 0.0116076 0.0132284 0.0150029 0.0169339 0.0190226 0.0212685 0.0236688 0.0262186 0.0289109 0.031736 0.0346822 0.0377351 0.0408783 0.0440932 0.0473591 0.0506536 0.0539529 0.0572319 0.0604644 0.063624 0.0666837 0.0696169 0.0723974 0.0749998 0.0774002 0.0795758 0.0815061 0.0831726 0.084559 0.085652 0.0864408 0.0869177 0.087078 0.0869202 0.0864459 0.0856599 0.0845698 0.0831866 0.0815236 0.079597 0.0774255 0.0750296 0.072432 0.0696567 0.066729 0.0636751 0.0605215 0.0572951 0.0540224 0.0507293 0.0474409 0.0441809 0.0409717 0.0378336 0.0347854 0.0318433 0.0290215 0.0263319 0.0237838 0.0213845 0.0191387 0.0170492 0.0151167 0.0133398 0.0117157 0.0102402 0.00890754 0.00771123 0.00664387 0.00569756 0.00486401 0.00413484 0.00350167 0.00295637 0.00249116 0.00209878 0.00177257 0.00150659 0.00129568 0.00113553 0.00102276 0.000955007 
0.00110367 0.00112573 0.00119877 0.00132461 0.00150609 0.00174712 0.00205266 0.00242869 0.00288209 0.00342053 0.00405243 0.00478675 0.00563288 0.00660041 0.00769899 0.00893806 0.0103266 0.011873 0.0135847 0.0154677 0.0175269 0.0197652 0.0221836 0.024781 0.027554 0.0304964 0.0335998 0.0368529 0.0402416 0.0437494 0.0473572 0.0510435 0.0547846 0.0585548 0.062327 0.0660725 0.0697618 0.0733648 0.0768512 0.080191 0.0833546 0.0863137 0.0890414 0.0915124 0.0937036 0.0955944 0.0971669 0.098406 0.0992998 0.0998398 0.100021 0.0998411 0.0993024 0.0984101 0.0971728 0.0956025 0.0937141 0.0915258 0.0890582 0.0863344 0.0833796 0.0802209 0.0768866 0.073406 0.0698093 0.0661265 0.0623878 0.0586225 0.0548592 0.051125 0.0474454 0.0438439 0.0403419 0.0369584 0.03371 0.0306104 0.0276709 0.0249 0.0223037 0.0198854 0.0176463 0.0155854 0.0136997 0.0119846 0.010434 0.00904052 0.00779597 0.00669142 0.00571751 0.00486472 0.0041235 0.00348457 0.00293901 0.0024785 0.00209536 0.00178277 0.00153478 0.00134642 0.00121377 0.00113411 
0.00130553 0.0013316 0.00141749 0.00156529 0.00177827 0.00206094 0.00241903 0.00285937 0.00338986 0.00401932 0.00475733 0.00561414 0.00660041 0.00772703 0.0090049 0.0104446 0.0120563 0.0138493 0.0158316 0.0180099 0.0203894 0.0229729 0.0257612 0.0287525 0.0319424 0.0353236 0.0388857 0.0426155 0.0464966 0.0505099 0.0546332 0.058842 0.0631089 0.067405 0.0716992 0.0759591 0.0801514 0.0842422 0.0881974 0.0919833 0.0955671 0.098917 0.102003 0.104797 0.107273 0.109409 0.111185 0.112583 0.113592 0.114201 0.114404 0.1142 0.113592 0.112583 0.111185 0.10941 0.107276 0.104801 0.10201 0.0989267 0.0955806 0.0920013 0.0882205 0.0842711 0.0801867 0.0760013 0.0717487 0.0674622 0.0631739 0.0589148 0.0547139 0.0505981 0.0465919 0.0427174 0.0389936 0.0354366 0.0320598 0.0288732 0.0258842 0.0230971 0.0205137 0.0181334 0.0159531 0.0139679 0.0121711 0.0105548 0.00910967 0.00782581 0.00669267 0.00569946 0.00483539 0.00408988 0.00345279 0.00291457 0.00246647 0.00210064 0.00181027 0.00158965 0.00143427 0.00134101 
0.00153722 0.00156788 0.0016684 0.00184119 0.00208999 0.00241999 0.00283772 0.00335102 0.00396889 0.00470138 0.00555941 0.00655459 0.00769899 0.0090049 0.0104846 0.0121499 0.0140121 0.0160814 0.0183667 0.0208753 0.0236123 0.0265807 0.0297808 0.0332101 0.0368629 0.0407303 0.0448001 0.0490569 0.0534815 0.0580519 0.0627426 0.0675255 0.0723696 0.077242 0.0821074 0.0869296 0.091671 0.0962936 0.100759 0.105031 0.109071 0.112845 0.11632 0.119464 0.12225 0.124651 0.126646 0.128217 0.129349 0.130032 0.13026 0.13003 0.129345 0.128212 0.126639 0.124644 0.122242 0.119458 0.116315 0.112842 0.109071 0.105035 0.100768 0.0963078 0.0916916 0.0869574 0.082143 0.0772858 0.0724222 0.067587 0.0628131 0.0581312 0.0535694 0.0491528 0.0449036 0.0408404 0.0369788 0.0333308 0.0299052 0.0267077 0.0237406 0.0210037 0.018494 0.0162065 0.014134 0.0122675 0.0105971 0.00911149 0.007799 0.00664746 0.00564471 0.00477876 0.0040381 0.0034119 0.00289017 0.00246398 0.00212552 0.00186828 0.0016871 0.0015784 
0.00180142 0.00183729 0.00195436 0.0021554 0.00244467 0.00282808 0.00331308 0.00390858 0.00462482 0.00547318 0.00646602 0.00761645 0.00893806 0.0104446 0.0121499 0.014067 0.0162085 0.0185855 0.0212077 0.0240828 0.0272162 0.0306107 0.034266 0.0381786 0.0423414 0.0467439 0.0513716 0.0562064 0.0612264 0.066406 0.0717163 0.0771252 0.0825978 0.0880967 0.0935824 0.0990142 0.10435 0.109548 0.114565 0.11936 0.123893 0.128123 0.132016 0.135536 0.138653 0.141339 0.14357 0.145325 0.14659 0.147353 0.147607 0.147349 0.146583 0.145314 0.143556 0.141323 0.138635 0.135517 0.131997 0.128105 0.123877 0.119347 0.114557 0.109545 0.104353 0.0990247 0.0936011 0.0881243 0.082635 0.0771724 0.0717737 0.0664736 0.0613041 0.0562938 0.0514681 0.0468488 0.0424538 0.0382974 0.0343902 0.0307389 0.0273471 0.0242151 0.02134 0.0187165 0.016337 0.0141918 0.0122699 0.010559 0.00904583 0.00771697 0.0065587 0.00555756 0.00470054 0.00397538 0.00337078 0.00287658 0.00248392 0.00218539 0.00197511 0.001849 
0.0021008 0.00214254 0.00227823 0.00251099 0.00284567 0.00328898 0.00384935 0.00453688 0.00536313 0.00634095 0.00748424 0.00880773 0.0103266 0.0120563 0.0140121 0.0162085 0.0186592 0.0213764 0.0243707 0.02765 0.0312199 0.0350827 0.0392376 0.0436799 0.0484009 0.0533879 0.0586242 0.0640885 0.0697558 0.0755969 0.0815788 0.0876652 0.0938168 0.0999916 0.106146 0.112233 0.118208 0.124022 0.12963 0.134986 0.140044 0.144762 0.1491 0.153021 0.156491 0.15948 0.161961 0.163913 0.165319 0.166166 0.166447 0.16616 0.165307 0.163896 0.161939 0.159453 0.156461 0.152989 0.149066 0.144727 0.14001 0.134954 0.129602 0.123999 0.118191 0.112223 0.106144 0.1 0.0938355 0.0876949 0.0816199 0.0756497 0.0698203 0.0641644 0.058711 0.053485 0.0485074 0.0437947 0.0393595 0.0352104 0.0313518 0.0277848 0.0245068 0.0215124 0.0187935 0.0163399 0.0141392 0.0121781 0.010442 0.00891587 0.00758437 0.00643245 0.00544552 0.00460978 0.00391249 0.00334217 0.00288881 0.00254401 0.00230111 0.0021555 
0.00243793 0.00248628 0.00264276 0.00291092 0.00329625 0.0038063 0.00445061 0.00524052 0.00618903 0.00731057 0.00862071 0.0101359 0.011873 0.0138493 0.0160814 0.0185855 0.0213764 0.0244675 0.0278699 0.0315919 0.0356392 0.0400135 0.0447131 0.049732 0.0550596 0.0606809 0.0665763 0.0727216 0.0790878 0.0856418 0.0923464 0.0991607 0.106041 0.112939 0.119808 0.126595 0.133251 0.139722 0.145958 0.151908 0.157523 0.162758 0.167567 0.171912 0.175754 0.179062 0.181807 0.183966 0.18552 0.186456 0.186766 0.186448 0.185503 0.183941 0.181776 0.179024 0.175711 0.171864 0.167516 0.162704 0.157469 0.151855 0.145908 0.139676 0.133211 0.126563 0.119784 0.112925 0.106038 0.0991697 0.092368 0.0856765 0.0791358 0.0727829 0.0666505 0.0607674 0.0551575 0.0498403 0.0448306 0.0401386 0.0357704 0.0317277 0.0280084 0.0246073 0.0215157 0.0187227 0.0162151 0.0139781 0.0119958 0.0102515 0.00872823 0.00740922 0.00627817 0.00531964 0.00451933 0.00386434 0.00334341 0.00294709 0.00266788 0.00250055 
0.0028153 0.002871 0.00305056 0.003358 0.00379946 0.00438344 0.00512062 0.00602372 0.00710728 0.00838739 0.0098814 0.0116076 0.0135847 0.0158316 0.0183667 0.0212077 0.0243707 0.0278699 0.0317171 0.035921 0.0404869 0.0454162 0.0507059 0.0563482 0.0623307 0.0686356 0.0752402 0.0821168 0.0892323 0.0965495 0.104026 0.111617 0.119273 0.126941 0.134567 0.142097 0.149472 0.156637 0.163535 0.170111 0.176313 0.182089 0.187394 0.192182 0.196414 0.200056 0.203077 0.205452 0.207161 0.208189 0.20853 0.208179 0.207139 0.20542 0.203036 0.200006 0.196356 0.192117 0.187324 0.182016 0.176237 0.170035 0.16346 0.156566 0.149406 0.142038 0.134517 0.126901 0.119245 0.111602 0.104025 0.0965628 0.0892607 0.0821602 0.0752986 0.0687084 0.0624171 0.0564473 0.0508163 0.0455365 0.0406154 0.0360559 0.0318565 0.0280121 0.0245137 0.0213499 0.0185063 0.015967 0.0137144 0.0117304 0.00999616 0.00849312 0.00720317 0.00610911 0.00519499 0.00444641 0.00385074 0.00339741 0.00307799 0.00288664 
0.00323515 0.00329899 0.00350403 0.00385476 0.00435805 0.00502341 0.00586274 0.00689022 0.00812203 0.00957603 0.0112714 0.0132284 0.0154677 0.0180099 0.0208753 0.0240828 0.02765 0.0315919 0.035921 0.0406461 0.0457721 0.0512996 0.0572242 0.0635364 0.0702212 0.077258 0.0846206 0.0922773 0.100191 0.108319 0.116616 0.125029 0.133504 0.141984 0.15041 0.158719 0.166851 0.174742 0.182333 0.189564 0.196377 0.202719 0.208537 0.213787 0.218425 0.222413 0.22572 0.228318 0.230188 0.231312 0.231684 0.231299 0.230161 0.228279 0.225668 0.22235 0.218351 0.213705 0.208448 0.202624 0.196278 0.189463 0.182233 0.174644 0.166757 0.158632 0.150331 0.141916 0.133448 0.124986 0.116588 0.108308 0.100196 0.0922996 0.08466 0.077314 0.0702932 0.0636234 0.0573249 0.0514125 0.0458955 0.040778 0.0360596 0.031735 0.0277956 0.0242288 0.0210198 0.0181511 0.0156039 0.0133581 0.0113932 0.00968867 0.00822459 0.00698186 0.00594279 0.00509136 0.00441352 0.00389747 0.00353382 0.00331605 
0.00369947 0.00377226 0.00400524 0.00440341 0.00497441 0.00572879 0.0066798 0.00784313 0.0092367 0.0108802 0.0127949 0.0150029 0.0175269 0.0203894 0.0236123 0.0272162 0.0312199 0.0356392 0.0404869 0.0457721 0.051499 0.0576673 0.0642709 0.0712981 0.0787313 0.0865466 0.094714 0.103197 0.111955 0.12094 0.1301 0.139378 0.148714 0.158045 0.167306 0.17643 0.185349 0.193997 0.202308 0.210217 0.217663 0.224589 0.230939 0.236664 0.241718 0.246063 0.249664 0.252493 0.254526 0.25575 0.256153 0.255734 0.254494 0.252445 0.249602 0.245987 0.24163 0.236564 0.230829 0.224471 0.21754 0.21009 0.202179 0.19387 0.185225 0.176312 0.167196 0.157946 0.148627 0.139305 0.130043 0.120901 0.111934 0.103195 0.094731 0.0865826 0.0787857 0.0713701 0.0643591 0.0577703 0.051615 0.045899 0.0406227 0.0357815 0.0313664 0.0273649 0.0237607 0.0205355 0.0176688 0.0151388 0.0129232 0.0109995 0.00934575 0.00794093 0.00676549 0.00580173 0.00503409 0.00444946 0.00403743 0.00379077 
0.00420987 0.00429246 0.0045559 0.00500573 0.00565042 0.00650163 0.00757398 0.0088848 0.0104538 0.0123027 0.0144546 0.0169339 0.0197652 0.0229729 0.0265807 0.0306107 0.0350827 0.0400135 0.0454162 0.0512996 0.0576673 0.0645176 0.0718426 0.0796283 0.0878538 0.0964917 0.105508 0.114862 0.124506 0.134389 0.144453 0.154634 0.164868 0.175085 0.185213 0.195181 0.204915 0.214343 0.223396 0.232003 0.240099 0.247623 0.254518 0.260729 0.26621 0.270918 0.274819 0.277881 0.280083 0.281407 0.281843 0.281388 0.280045 0.277826 0.274745 0.270829 0.266105 0.26061 0.254387 0.247482 0.23995 0.231848 0.223238 0.214185 0.204759 0.19503 0.185069 0.174951 0.164747 0.154529 0.144364 0.134319 0.124456 0.114832 0.105499 0.0965045 0.0878875 0.0796822 0.0719155 0.0646079 0.0577733 0.0514191 0.045547 0.0401531 0.0352287 0.0307605 0.0267318 0.023123 0.019912 0.0170755 0.014589 0.0124282 0.0105691 0.00898857 0.00766521 0.00657949 0.00571428 0.00505513 0.00459051 0.00431245 
0.00476757 0.00486081 0.00515726 0.00566301 0.00638741 0.00734328 0.0085467 0.0100167 0.0117748 0.0138448 0.0162519 0.0190226 0.0221836 0.0257612 0.0297808 0.034266 0.0392376 0.0447131 0.0507059 0.0572242 0.0642709 0.0718426 0.0799295 0.0885145 0.0975736 0.107075 0.116981 0.127245 0.137815 0.148634 0.159637 0.170755 0.181918 0.193049 0.204072 0.214908 0.225478 0.235707 0.245517 0.254837 0.263596 0.271729 0.279176 0.28588 0.291792 0.296869 0.301072 0.304371 0.306742 0.308167 0.308636 0.308145 0.306699 0.304307 0.300988 0.296766 0.291671 0.285743 0.279024 0.271564 0.263421 0.254654 0.245329 0.235517 0.225289 0.214722 0.203893 0.19288 0.181761 0.170614 0.159513 0.148529 0.137732 0.127184 0.116943 0.107062 0.0975834 0.0885472 0.0799841 0.0719175 0.0643643 0.0573339 0.0508295 0.044848 0.0393811 0.0344153 0.0299333 0.0259141 0.0223344 0.0191691 0.0163918 0.0139762 0.011896 0.0101262 0.00864328 0.00742596 0.0064554 0.00571572 0.00519428 0.00488228 
0.00537327 0.00547801 0.00581 0.00637593 0.00718603 0.00825436 0.00959849 0.0112392 0.0132 0.0155066 0.0181866 0.0212685 0.024781 0.0287525 0.0332101 0.0381786 0.0436799 0.049732 0.0563482 0.0635364 0.0712981 0.0796283 0.0885145 0.0979367 0.107867 0.11827 0.129102 0.140311 0.151842 0.163628 0.175601 0.187685 0.199802 0.211871 0.223809 0.235531 0.246955 0.257996 0.268576 0.278617 0.288046 0.296794 0.304797 0.311997 0.318343 0.323788 0.328295 0.331831 0.334371 0.335897 0.336399 0.335873 0.334322 0.331759 0.3282 0.323672 0.318206 0.311841 0.304624 0.296606 0.287845 0.278406 0.268358 0.257774 0.246731 0.23531 0.223593 0.211664 0.199607 0.187505 0.175439 0.163487 0.151723 0.140217 0.129032 0.118227 0.10785 0.0979453 0.0885478 0.079685 0.0713763 0.0636338 0.0564623 0.0498601 0.043819 0.0383258 0.0333624 0.028907 0.0249348 0.0214189 0.0183313 0.0156432 0.0133266 0.0113541 0.0097002 0.00834169 0.00725803 0.00643188 0.0058494 0.00550097 
0.0060271 0.00614418 0.00651421 0.00714449 0.0080462 0.00923463 0.0107289 0.0125516 0.0147282 0.0172867 0.0202566 0.0236688 0.027554 0.0319424 0.0368629 0.0423414 0.0484009 0.0550596 0.0623307 0.0702212 0.0787313 0.0878538 0.0975736 0.107867 0.118702 0.130039 0.141829 0.154015 0.166534 0.179315 0.192282 0.205354 0.218446 0.23147 0.244338 0.256959 0.269244 0.281107 0.292461 0.303227 0.313327 0.322689 0.331248 0.338942 0.345719 0.351532 0.35634 0.36011 0.362818 0.364445 0.364979 0.364418 0.362765 0.360031 0.356235 0.351403 0.345568 0.338769 0.331055 0.322478 0.313101 0.302988 0.292213 0.280851 0.268986 0.256701 0.244084 0.231225 0.218212 0.205135 0.192081 0.179135 0.166377 0.153884 0.141725 0.129964 0.118656 0.107849 0.0975828 0.0878895 0.0787915 0.0703038 0.062433 0.0551787 0.0485338 0.0424849 0.0370136 0.0320972 0.0277096 0.0238223 0.0204053 0.0174279 0.0148598 0.0126715 0.0108354 0.0093264 0.00812207 0.0072036 0.00655594 0.00616862 
0.00672856 0.0068588 0.0072693 0.00796799 0.008967 0.0102829 0.0119364 0.013952 0.0163571 0.0191819 0.0224581 0.0262186 0.0304964 0.0353236 0.0407303 0.0467439 0.0533879 0.0606809 0.0686356 0.077258 0.0865466 0.0964917 0.107075 0.11827 0.130039 0.142338 0.155112 0.1683 0.18183 0.195626 0.209606 0.223682 0.237762 0.251752 0.265557 0.279082 0.292233 0.304917 0.317045 0.328533 0.339301 0.349273 0.358381 0.366565 0.373767 0.379941 0.385045 0.389047 0.391919 0.393645 0.394211 0.393616 0.391862 0.388961 0.384932 0.379801 0.373601 0.366375 0.358169 0.34904 0.33905 0.328267 0.316767 0.30463 0.29194 0.278788 0.265266 0.251467 0.237487 0.223422 0.209364 0.195406 0.181634 0.16813 0.154972 0.142228 0.12996 0.118222 0.107058 0.0965038 0.0865864 0.0773233 0.0687238 0.060789 0.0535126 0.0468817 0.0408777 0.0354771 0.0306526 0.0263742 0.0226098 0.019327 0.016493 0.0140764 0.0120474 0.0103788 0.00904654 0.00803012 0.00731329 0.00688469 
0.00747645 0.00762065 0.00807393 0.00884489 0.00994661 0.011397 0.0132184 0.0154371 0.0180826 0.0211873 0.024785 0.0289109 0.0335998 0.0388857 0.0448001 0.0513716 0.0586242 0.0665763 0.0752402 0.0846206 0.094714 0.105508 0.116981 0.129102 0.141829 0.155112 0.168892 0.183099 0.197658 0.212484 0.227488 0.242576 0.25765 0.27261 0.287354 0.301782 0.315795 0.329295 0.34219 0.354392 0.365817 0.376389 0.386038 0.394699 0.402318 0.408845 0.414238 0.418464 0.421497 0.423318 0.423916 0.423287 0.421436 0.418372 0.414117 0.408694 0.40214 0.394495 0.385808 0.376137 0.365544 0.3541 0.341884 0.328977 0.315469 0.301453 0.287025 0.272286 0.257335 0.242275 0.227204 0.212221 0.19742 0.182889 0.168712 0.154965 0.141715 0.129021 0.116934 0.105494 0.0947309 0.0846664 0.0753121 0.0666712 0.0587387 0.0515021 0.0449428 0.0390366 0.0337554 0.0290673 0.0249389 0.0213355 0.0182223 0.0155656 0.0133335 0.0114968 0.0100296 0.00890989 0.00812009 0.00764796 
0.00826885 0.00842775 0.00892598 0.00977281 0.0109823 0.0125737 0.014571 0.0170023 0.0198992 0.0232962 0.0272294 0.031736 0.0368529 0.0426155 0.0490569 0.0562064 0.0640885 0.0727216 0.0821168 0.0922773 0.103197 0.114862 0.127245 0.140311 0.154015 0.1683 0.183099 0.198339 0.213936 0.229799 0.245832 0.261935 0.278003 0.293929 0.309606 0.324929 0.339793 0.354098 0.367747 0.380648 0.392717 0.403874 0.414047 0.423173 0.431195 0.438062 0.443734 0.448177 0.451365 0.453278 0.453907 0.453246 0.4513 0.448081 0.443606 0.437903 0.431006 0.422956 0.413802 0.403603 0.392422 0.380333 0.367414 0.353751 0.339436 0.324565 0.309241 0.293566 0.277648 0.261592 0.245506 0.229494 0.213656 0.198088 0.182879 0.168114 0.153865 0.140197 0.127167 0.114819 0.103189 0.0923012 0.0821702 0.0728012 0.0641909 0.0563277 0.049193 0.0427624 0.0370064 0.0318923 0.0273846 0.0234467 0.0200419 0.0171342 0.0146897 0.012677 0.0110685 0.0098405 0.00897419 0.00845643 
0.00910306 0.00927733 0.0098225 0.0107485 0.0120703 0.0138087 0.015989 0.0186415 0.0217997 0.0255002 0.0297813 0.0346822 0.0402416 0.0464966 0.0534815 0.0612264 0.0697558 0.0790878 0.0892323 0.100191 0.111955 0.124506 0.137815 0.151842 0.166534 0.18183 0.197658 0.213936 0.230574 0.247475 0.264535 0.281648 0.298701 0.315583 0.332181 0.348384 0.364084 0.379175 0.393558 0.407139 0.419831 0.431553 0.442233 0.451806 0.460213 0.467407 0.473346 0.477996 0.481331 0.483332 0.48399 0.483299 0.481264 0.477896 0.473213 0.467242 0.460016 0.451577 0.441975 0.431267 0.419519 0.406803 0.393202 0.378801 0.363697 0.347988 0.331781 0.315183 0.298307 0.281264 0.264167 0.247127 0.230251 0.213642 0.197396 0.181604 0.166345 0.151692 0.137704 0.124434 0.11192 0.100191 0.0892653 0.0791503 0.0698443 0.0613368 0.0536096 0.046638 0.0403919 0.0348371 0.0299367 0.0256522 0.0219447 0.0187763 0.0161109 0.0139151 0.0121594 0.0108186 0.00987264 0.00930733 
0.00997558 0.0101658 0.0107597 0.0117677 0.013206 0.0150964 0.0174662 0.0203473 0.0237753 0.0277889 0.0324284 0.0377351 0.0437494 0.0505099 0.0580519 0.066406 0.0755969 0.0856418 0.0965495 0.108319 0.12094 0.134389 0.148634 0.163628 0.179315 0.195626 0.212484 0.229799 0.247475 0.265407 0.283485 0.301595 0.31962 0.337441 0.354941 0.372003 0.388515 0.404369 0.419462 0.433698 0.446989 0.459252 0.470415 0.480412 0.489187 0.49669 0.502881 0.507726 0.5112 0.513285 0.513969 0.51325 0.511131 0.507623 0.502744 0.49652 0.488983 0.480176 0.470147 0.458953 0.446661 0.433344 0.419085 0.403971 0.388101 0.371577 0.354507 0.337006 0.319188 0.301171 0.283075 0.265017 0.247109 0.229462 0.21218 0.195359 0.179087 0.163441 0.148488 0.134285 0.120876 0.108294 0.0965602 0.0856854 0.0756698 0.066504 0.0581704 0.0506444 0.0438952 0.0378875 0.032583 0.0279414 0.0239219 0.0204844 0.0175907 0.0152056 0.0132976 0.0118401 0.0108116 0.0101971 
0.0108821 0.0110889 0.0117329 0.0128255 0.0143835 0.0164304 0.0189949 0.0221108 0.0258156 0.0301501 0.0351567 0.0408783 0.0473572 0.0546332 0.0627426 0.0717163 0.0815788 0.0923464 0.104026 0.116616 0.1301 0.144453 0.159637 0.175601 0.192282 0.209606 0.227488 0.245832 0.264535 0.283485 0.302565 0.321654 0.340629 0.359366 0.377742 0.395636 0.412933 0.42952 0.445294 0.460155 0.474016 0.486792 0.498412 0.508809 0.517929 0.525722 0.532148 0.537175 0.540779 0.542941 0.543652 0.542907 0.54071 0.537072 0.53201 0.525548 0.517721 0.508567 0.498136 0.486484 0.473676 0.459787 0.444898 0.429102 0.412495 0.395183 0.377278 0.358897 0.340161 0.321192 0.302116 0.283054 0.264127 0.245453 0.227142 0.209298 0.192014 0.175375 0.159455 0.144315 0.130005 0.116563 0.104013 0.0923696 0.0816345 0.0718003 0.0628502 0.0547595 0.0474973 0.0410272 0.0353095 0.0303023 0.025963 0.0222495 0.0191215 0.0165419 0.0144775 0.0128999 0.0117865 0.0111213 
0.0118176 0.0120413 0.0127367 0.0139157 0.0155963 0.017803 0.0205664 0.0239217 0.0279087 0.03257 0.0379499 0.0440932 0.0510435 0.058842 0.0675255 0.0771252 0.0876652 0.0991607 0.111617 0.125029 0.139378 0.154634 0.170755 0.187685 0.205354 0.223682 0.242576 0.261935 0.281648 0.301595 0.321654 0.341697 0.361595 0.381218 0.400439 0.419133 0.437181 0.454468 0.470887 0.486341 0.500738 0.513997 0.526044 0.536815 0.546255 0.554316 0.56096 0.566156 0.569879 0.572113 0.572847 0.572078 0.56981 0.566052 0.560822 0.554142 0.546045 0.53657 0.525764 0.513682 0.50039 0.485961 0.470478 0.454032 0.436722 0.418656 0.399948 0.380719 0.361094 0.3412 0.321167 0.301124 0.281199 0.261514 0.242189 0.223332 0.205045 0.187421 0.170537 0.154462 0.139252 0.124948 0.111579 0.0991621 0.0877024 0.0771939 0.0676208 0.0589588 0.0511767 0.0442374 0.0381 0.0327211 0.0280563 0.0240614 0.0206945 0.0179164 0.0156921 0.0139919 0.0127917 0.0120748 
0.0127762 0.0130172 0.0137648 0.0150316 0.0168366 0.0192056 0.0221706 0.0257687 0.0300414 0.0350332 0.0407903 0.0473591 0.0547846 0.0631089 0.0723696 0.0825978 0.0938168 0.106041 0.119273 0.133504 0.148714 0.164868 0.181918 0.199802 0.218446 0.237762 0.25765 0.278003 0.298701 0.31962 0.340629 0.361595 0.382383 0.402857 0.422887 0.442343 0.461104 0.479052 0.496081 0.51209 0.526988 0.540695 0.553137 0.564253 0.573987 0.582294 0.589137 0.594486 0.598318 0.600616 0.601373 0.600583 0.59825 0.594384 0.589001 0.582122 0.573779 0.564008 0.552856 0.540377 0.526635 0.511703 0.495661 0.478603 0.460628 0.441846 0.422372 0.402331 0.381851 0.361064 0.340106 0.319111 0.298213 0.277541 0.257222 0.237371 0.218097 0.199499 0.181663 0.164661 0.148556 0.133394 0.119208 0.106019 0.0938344 0.08265 0.0724515 0.0632153 0.0549099 0.0474977 0.0409368 0.0351824 0.0301883 0.0259087 0.0222998 0.0193204 0.016934 0.0151093 0.0138211 0.0130517 
0.0137514 0.0140098 0.0148101 0.0161656 0.018096 0.0206286 0.0237966 0.027639 0.0321989 0.0375228 0.0436584 0.0506536 0.0585548 0.067405 0.077242 0.0880967 0.0999916 0.112939 0.126941 0.141984 0.158045 0.175085 0.193049 0.211871 0.23147 0.251752 0.27261 0.293929 0.315583 0.337441 0.359366 0.381218 0.402857 0.424144 0.444941 0.465119 0.48455 0.503119 0.520716 0.537241 0.552602 0.566721 0.579526 0.590955 0.600956 0.609486 0.616508 0.621995 0.625924 0.628281 0.629057 0.628249 0.625859 0.621896 0.616375 0.609318 0.600752 0.590714 0.579247 0.566405 0.552248 0.53685 0.52029 0.502661 0.484062 0.464604 0.444406 0.423593 0.402298 0.380657 0.358809 0.336896 0.315057 0.293428 0.272142 0.251321 0.231082 0.21153 0.192757 0.174843 0.157855 0.141845 0.12685 0.112894 0.0999886 0.0881315 0.0773095 0.0674999 0.0586713 0.0507858 0.0438005 0.0376693 0.0323446 0.0277788 0.0239263 0.0207444 0.0181947 0.0162446 0.0148676 0.0140452 
0.014736 0.0150119 0.015865 0.0173092 0.0193653 0.0220614 0.0254324 0.0295189 0.0343656 0.0400206 0.0465332 0.0539529 0.062327 0.0716992 0.0821074 0.0935824 0.106146 0.119808 0.134567 0.15041 0.167306 0.185213 0.204072 0.223809 0.244338 0.265557 0.287354 0.309606 0.332181 0.354941 0.377742 0.400439 0.422887 0.444941 0.466462 0.487316 0.507375 0.52652 0.544642 0.561641 0.577427 0.59192 0.605053 0.616765 0.627005 0.635733 0.642915 0.648523 0.652539 0.654948 0.655741 0.654917 0.652477 0.648429 0.642787 0.635571 0.626807 0.61653 0.60478 0.591608 0.577075 0.56125 0.544213 0.526056 0.506877 0.486789 0.465911 0.444371 0.422304 0.399851 0.377155 0.354363 0.33162 0.309069 0.286848 0.265088 0.243911 0.22343 0.203743 0.184937 0.167083 0.15024 0.134449 0.119738 0.106121 0.0935991 0.0821599 0.0717818 0.0624339 0.0540779 0.0466702 0.0401637 0.0345093 0.029658 0.0255622 0.0221778 0.0194649 0.0173892 0.0159234 0.0150481 
0.0157221 0.0160155 0.0169212 0.0184536 0.0206344 0.0234929 0.0270654 0.0313938 0.0365247 0.0425074 0.0493929 0.0572319 0.0660725 0.0759591 0.0869296 0.0990142 0.112233 0.126595 0.142097 0.158719 0.17643 0.195181 0.214908 0.235531 0.256959 0.279082 0.301782 0.324929 0.348384 0.372003 0.395636 0.419133 0.442343 0.465119 0.487316 0.508799 0.529438 0.549114 0.567717 0.585147 0.601317 0.616148 0.629574 0.641537 0.651989 0.660891 0.668212 0.673927 0.678018 0.680472 0.681281 0.680443 0.67796 0.673839 0.668092 0.660737 0.6518 0.64131 0.629309 0.615843 0.600971 0.58476 0.56729 0.548648 0.528936 0.508263 0.486752 0.464532 0.44174 0.418521 0.395022 0.371395 0.34779 0.324357 0.30124 0.278576 0.256495 0.235115 0.214543 0.19487 0.176175 0.158519 0.141951 0.126501 0.112187 0.0990124 0.0869665 0.0760289 0.0661691 0.057349 0.0495242 0.0426466 0.0366659 0.0315317 0.0271948 0.0236096 0.0207346 0.0185344 0.0169803 0.0160525 
0.0167016 0.0170122 0.0179697 0.0195891 0.0218928 0.0249114 0.0286822 0.0332486 0.0386586 0.0449632 0.0522146 0.0604644 0.0697618 0.0801514 0.091671 0.10435 0.118208 0.133251 0.149472 0.166851 0.185349 0.204915 0.225478 0.246955 0.269244 0.292233 0.315795 0.339793 0.364084 0.388515 0.412933 0.437181 0.461104 0.48455 0.507375 0.529438 0.55061 0.57077 0.589809 0.607628 0.624142 0.639273 0.652957 0.66514 0.675777 0.68483 0.692271 0.698077 0.702232 0.704724 0.705547 0.704698 0.702178 0.697995 0.692159 0.684686 0.675598 0.664925 0.652703 0.638978 0.623805 0.607249 0.589386 0.570306 0.550106 0.528898 0.506802 0.483951 0.460484 0.436548 0.412295 0.38788 0.36346 0.339189 0.315218 0.291692 0.268745 0.246503 0.225079 0.204571 0.185062 0.166621 0.149299 0.133132 0.11814 0.104329 0.0916919 0.0802079 0.0698478 0.0605732 0.0523396 0.045098 0.038797 0.0333847 0.0288108 0.0250279 0.0219934 0.0196705 0.0180295 0.0170498 
0.0176659 0.0179933 0.0190015 0.0207059 0.0231298 0.0263045 0.0302688 0.0350674 0.0407495 0.0473675 0.0549748 0.063624 0.0733648 0.0842422 0.0962936 0.109548 0.124022 0.139722 0.156637 0.174742 0.193997 0.214343 0.235707 0.257996 0.281107 0.304917 0.329295 0.354098 0.379175 0.404369 0.42952 0.454468 0.479052 0.503119 0.52652 0.549114 0.57077 0.591368 0.610798 0.628964 0.645782 0.661176 0.675086 0.687459 0.698253 0.707435 0.714977 0.72086 0.725069 0.727593 0.728427 0.727569 0.72502 0.720786 0.714875 0.707302 0.698088 0.687257 0.674845 0.660894 0.645456 0.628595 0.610383 0.590908 0.570268 0.548572 0.525942 0.502511 0.478419 0.453818 0.428861 0.40371 0.378524 0.353465 0.328687 0.304343 0.280574 0.257512 0.235274 0.213967 0.193679 0.174484 0.156437 0.139579 0.123933 0.109508 0.0962984 0.0842852 0.0734398 0.0637241 0.0550932 0.0474975 0.0408846 0.0352015 0.0303964 0.0264207 0.0232304 0.0207876 0.0190618 0.0180315 
0.018606 0.0189498 0.0200071 0.0217939 0.024334 0.0276599 0.0318113 0.0368342 0.0427791 0.0496995 0.0576499 0.0666837 0.0768512 0.0881974 0.100759 0.114565 0.12963 0.145958 0.163535 0.182333 0.202308 0.223396 0.245517 0.268576 0.292461 0.317045 0.34219 0.367747 0.393558 0.419462 0.445294 0.470887 0.496081 0.520716 0.544642 0.567717 0.589809 0.610798 0.630577 0.649049 0.666131 0.681754 0.695857 0.708392 0.719319 0.728608 0.736234 0.74218 0.746433 0.748983 0.749827 0.748963 0.74639 0.742114 0.736143 0.728488 0.719168 0.708206 0.695632 0.681487 0.66582 0.648692 0.630172 0.610347 0.589312 0.567176 0.544062 0.520101 0.495438 0.470224 0.444617 0.418782 0.392883 0.367087 0.341554 0.316442 0.291898 0.26806 0.245054 0.222989 0.201961 0.182047 0.16331 0.145792 0.12952 0.114507 0.100748 0.088227 0.0769151 0.0667749 0.0577614 0.0498244 0.0429106 0.0369659 0.0319375 0.0277753 0.0244344 0.0218757 0.0200678 0.0189885 
0.0195131 0.0198726 0.020977 0.0228426 0.0254942 0.0289648 0.0332954 0.0385329 0.044729 0.0519383 0.0602162 0.0696169 0.080191 0.0919833 0.105031 0.11936 0.134986 0.151908 0.170111 0.189564 0.210217 0.232003 0.254837 0.278617 0.303227 0.328533 0.354392 0.380648 0.407139 0.433698 0.460155 0.486341 0.51209 0.537241 0.561641 0.585147 0.607628 0.628964 0.649049 0.667787 0.685099 0.700917 0.715184 0.727854 0.738891 0.748267 0.755961 0.761957 0.766245 0.768817 0.769669 0.768799 0.766208 0.7619 0.755881 0.748161 0.738754 0.727683 0.714975 0.700667 0.684804 0.667445 0.648657 0.628524 0.607139 0.584611 0.561061 0.536623 0.51144 0.485667 0.459465 0.433 0.406444 0.379964 0.35373 0.327902 0.302635 0.278072 0.254344 0.231567 0.209842 0.189251 0.169861 0.151719 0.134855 0.119284 0.105004 0.0919997 0.0802438 0.0696993 0.0603208 0.052058 0.0448567 0.038662 0.0334199 0.0290794 0.0255943 0.0229245 0.0210379 0.0199117 
