0.000101901 0.000104176 0.000112489 0.000127148 0.000148647 0.000177686 0.00021517 0.000262208 0.000320111 0.000390389 0.000474744 0.000575057 0.000693373 0.000831883 0.000992891 0.00117878 0.00139199 0.00163495 0.00191 0.00221942 0.00256526 0.00294934 0.00337316 0.0038378 0.00434392 0.00489161 0.00548038 0.00610911 0.00677596 0.0074784 0.00821314 0.00897617 0.00976273 0.0105674 0.0113841 0.0122062 0.0130264 0.0138374 0.0146312 0.0153998 0.0161352 0.0168295 0.017475 0.0180643 0.0185907 0.0190478 0.0194303 0.0197335 0.0199537 0.0200883 0.0201355 0.0200949 0.0199669 0.0197532 0.0194563 0.01908 0.0186288 0.0181082 0.0175243 0.0168838 0.0161942 0.015463 0.0146982 0.0139077 0.0130996 0.0122817 0.0114614 0.010646 0.00984205 0.00905567 0.00829232 0.00755674 0.00685299 0.00618437 0.00555347 0.00496215 0.00441158 0.00390231 0.00343428 0.0030069 0.00261913 0.00226953 0.00195632 0.00167748 0.00143081 0.00121398 0.00102459 0.000860234 0.000718548 0.000597239 0.000494127 0.000407168 0.000334476 0.000274345 0.00022525 0.000185864 0.00015506 0.000131909 0.00011569 0.000105898 
0.000104176 0.00010651 0.000115019 0.000130022 0.000152024 0.000181742 0.000220099 0.000268231 0.000327479 0.000399388 0.000485697 0.000588329 0.000709375 0.000851072 0.00101577 0.00120592 0.00142399 0.00167245 0.00195373 0.00227011 0.0026237 0.00301635 0.00344956 0.00392446 0.00444169 0.00500133 0.00560288 0.00624516 0.00692631 0.00764372 0.00839403 0.00917312 0.00997615 0.0107976 0.0116311 0.0124701 0.0133072 0.0141346 0.0149444 0.0157285 0.0164787 0.0171869 0.0178451 0.0184461 0.0189828 0.0194489 0.0198389 0.020148 0.0203725 0.0205096 0.0205577 0.0205162 0.0203857 0.0201677 0.0198649 0.0194812 0.019021 0.01849 0.0178945 0.0172413 0.0165378 0.0157919 0.0150117 0.0142052 0.0133806 0.0125459 0.0117088 0.0108765 0.0100559 0.0092531 0.00847371 0.0077226 0.0070039 0.00632101 0.00567656 0.00507248 0.00450997 0.00398959 0.0035113 0.00307451 0.00267816 0.00232079 0.00200059 0.00171551 0.00146329 0.00124157 0.00104789 0.00087981 0.000734902 0.00061083 0.000505364 0.000416417 0.000342063 0.000280555 0.000230336 0.000190049 0.00015854 0.000134861 0.000118272 0.00010826 
0.000112489 0.000115019 0.000124201 0.000140375 0.000164081 0.000196086 0.000237381 0.000289178 0.00035291 0.000430228 0.000522985 0.000633233 0.000763197 0.000915257 0.00109191 0.00129575 0.00152941 0.00179549 0.00209654 0.00243499 0.00281303 0.0032326 0.00369528 0.00420219 0.00475399 0.00535072 0.00599181 0.00667595 0.00740111 0.00816449 0.00896249 0.0097907 0.010644 0.0115163 0.0124013 0.0132915 0.0141794 0.0150568 0.0159151 0.0167459 0.0175405 0.0182903 0.0189872 0.0196232 0.020191 0.0206841 0.0210965 0.0214233 0.0216605 0.0218054 0.0218561 0.021812 0.0216737 0.021443 0.0211225 0.0207163 0.0202293 0.0196672 0.0190367 0.0183449 0.0175999 0.0168097 0.0159828 0.0151279 0.0142535 0.0133682 0.0124798 0.0115963 0.0107248 0.00987192 0.00904353 0.00824483 0.00748025 0.00675343 0.00606719 0.00542363 0.00482406 0.00426912 0.00375881 0.00329255 0.00286924 0.00248737 0.00214505 0.00184012 0.00157021 0.00133281 0.00112534 0.000945204 0.000789831 0.000656737 0.000543552 0.000448055 0.000368194 0.000302105 0.000248128 0.000204815 0.000170931 0.000145465 0.000127626 0.000116863 
0.000127148 0.000130022 0.000140375 0.000158583 0.00018525 0.000221228 0.000267617 0.000325764 0.000397257 0.000483924 0.000587815 0.000711196 0.000856521 0.00102641 0.00122361 0.00145095 0.00171132 0.00200756 0.00234244 0.00271858 0.00313835 0.00360382 0.00411667 0.00467806 0.00528863 0.00594835 0.00665651 0.0074116 0.00821132 0.00905251 0.00993115 0.0108424 0.0117804 0.0127389 0.0137104 0.0146871 0.0156606 0.016622 0.017562 0.0184713 0.0193406 0.0201605 0.0209221 0.021617 0.0222371 0.0227753 0.0232254 0.0235819 0.0238406 0.0239984 0.0240534 0.024005 0.0238537 0.0236015 0.0232514 0.0228076 0.0222754 0.021661 0.0209717 0.0202153 0.0194003 0.0185355 0.0176303 0.0166939 0.0157357 0.0147649 0.0137903 0.0128204 0.0118631 0.0109255 0.0100143 0.00913516 0.00829294 0.0074917 0.00673463 0.00602408 0.00536159 0.00474792 0.00418315 0.0036667 0.00319745 0.00277377 0.00239367 0.0020548 0.0017546 0.00149035 0.00125923 0.00105838 0.000885016 0.000736391 0.000609903 0.000503103 0.000413727 0.000339716 0.000279233 0.000230673 0.000192671 0.000164103 0.000144092 0.000132027 
0.000148647 0.000152024 0.000164081 0.00018525 0.000216223 0.000257974 0.000311763 0.000379125 0.000461873 0.000562087 0.0006821 0.000824479 0.000992006 0.00118764 0.00141448 0.0016757 0.00197454 0.00231418 0.0026977 0.00312799 0.00360766 0.00413897 0.0047237 0.0053631 0.00605776 0.00680754 0.00761151 0.00846789 0.00937395 0.0103261 0.0113196 0.012349 0.0134077 0.0144885 0.015583 0.0166826 0.0177776 0.0188581 0.0199139 0.0209346 0.0219096 0.0228288 0.0236821 0.0244602 0.0251543 0.0257564 0.0262597 0.0266582 0.0269472 0.0271233 0.0271844 0.0271299 0.0269603 0.0266777 0.0262856 0.0257886 0.0251924 0.0245042 0.0237317 0.0228837 0.0219695 0.0209992 0.0199828 0.0189309 0.0178537 0.0167617 0.0156646 0.0145719 0.0134925 0.0124346 0.0114055 0.0104117 0.00945884 0.00855147 0.0076933 0.00688707 0.00613463 0.00543695 0.00479421 0.00420586 0.00367072 0.00318707 0.0027527 0.00236505 0.00202129 0.00171837 0.00145316 0.00122246 0.00102311 0.000852052 0.00070633 0.000583175 0.00048002 0.000394528 0.00032461 0.000268438 0.000224456 0.000191382 0.000168215 0.000154258 
0.000177686 0.000181742 0.000196086 0.000221228 0.000257974 0.000307464 0.000371161 0.000450857 0.000548658 0.000666976 0.000808514 0.000976241 0.00117336 0.00140329 0.00166956 0.00197584 0.00232579 0.00272303 0.00317104 0.00367307 0.00423203 0.00485042 0.00553016 0.00627254 0.00707813 0.00794661 0.00887679 0.00986646 0.0109124 0.0120102 0.0131546 0.014339 0.0155559 0.0167969 0.0180526 0.0193128 0.0205667 0.021803 0.02301 0.024176 0.025289 0.0263376 0.0273105 0.0281971 0.0289875 0.029673 0.0302455 0.0306987 0.0310271 0.031227 0.031296 0.0312334 0.03104 0.0307179 0.0302711 0.0297047 0.0290253 0.0282407 0.0273598 0.0263924 0.025349 0.0242408 0.0230794 0.0218765 0.0206439 0.0193933 0.0181358 0.0168825 0.0156432 0.0144275 0.0132437 0.0120994 0.0110011 0.0099542 0.008963 0.00803079 0.00715981 0.00635131 0.00560564 0.00492231 0.00430006 0.00373704 0.0032308 0.00277849 0.00237693 0.00202267 0.00171216 0.00144175 0.00120783 0.00100688 0.000835511 0.000690533 0.000568979 0.000468145 0.00038561 0.000319253 0.000267266 0.000228159 0.000200765 0.000184275 
0.00021517 0.000220099 0.000237381 0.000267617 0.000311763 0.000371161 0.000447542 0.000543012 0.000660048 0.000801483 0.000970483 0.00117052 0.00140533 0.00167888 0.00199529 0.00235878 0.00277357 0.00324382 0.00377349 0.00436629 0.00502547 0.00575379 0.00655338 0.00742556 0.00837081 0.00938862 0.0104774 0.0116344 0.0128558 0.0141362 0.0154695 0.0168479 0.0182626 0.0197038 0.0211606 0.0226212 0.0240731 0.0255034 0.0268987 0.0282454 0.0295301 0.0307395 0.0318608 0.0328821 0.0337922 0.0345809 0.0352394 0.0357602 0.0361375 0.0363669 0.0364457 0.0363732 0.0361501 0.035779 0.0352643 0.0346119 0.0338292 0.032925 0.0319094 0.0307936 0.0295896 0.02831 0.0269681 0.0255772 0.024151 0.0227027 0.0212453 0.0197913 0.0183523 0.0169393 0.015562 0.0142293 0.0129488 0.0117268 0.0105686 0.00947807 0.00845801 0.00751003 0.00663468 0.00583156 0.00509936 0.00443605 0.00383894 0.00330479 0.00283 0.00241064 0.00204263 0.00172177 0.00144389 0.0012049 0.00100087 0.000828073 0.000683045 0.000562623 0.000463969 0.000384592 0.000322366 0.000275539 0.000242737 0.000223006 
0.000262208 0.000268231 0.000289178 0.000325764 0.000379125 0.000450857 0.000543012 0.000658085 0.000799007 0.000969121 0.00117216 0.00141221 0.00169364 0.00202111 0.00239941 0.00283345 0.00332813 0.00388823 0.00451831 0.00522257 0.00600469 0.00686776 0.00781405 0.00884496 0.00996083 0.0111609 0.012443 0.0138038 0.0152386 0.0167411 0.0183037 0.0199174 0.0215718 0.0232554 0.0249554 0.0266583 0.0283494 0.0300139 0.0316361 0.0332007 0.034692 0.0360949 0.0373949 0.0385781 0.0396319 0.0405446 0.0413064 0.0419085 0.0423444 0.0426092 0.0426998 0.0426152 0.0423564 0.0419265 0.0413303 0.0405745 0.0396676 0.0386197 0.0374422 0.0361478 0.0347503 0.0332643 0.0317048 0.0300873 0.0284274 0.0267403 0.0250412 0.0233445 0.0216636 0.0200115 0.0183995 0.016838 0.015336 0.0139011 0.0125395 0.011256 0.0100541 0.00893572 0.00790183 0.00695211 0.00608522 0.00529894 0.00459026 0.00395555 0.00339068 0.00289117 0.00245228 0.00206918 0.00173701 0.00145101 0.00120656 0.00099931 0.000825187 0.000680467 0.000561802 0.000466252 0.0003913 0.000334874 0.000295347 0.000271587 
0.000320111 0.000327479 0.00035291 0.000397257 0.000461873 0.000548658 0.000660048 0.000799007 0.000969006 0.001174 0.0014184 0.001707 0.00204497 0.00243774 0.00289092 0.00341022 0.00400133 0.00466977 0.00542076 0.0062591 0.00718894 0.00821371 0.00933587 0.0105568 0.0118768 0.0132945 0.0148073 0.0164111 0.0180999 0.0198664 0.0217015 0.0235944 0.0255329 0.0275036 0.0294914 0.0314806 0.0334542 0.0353949 0.0372847 0.0391059 0.0408404 0.042471 0.0439809 0.0453544 0.0465769 0.0476353 0.0485181 0.0492156 0.0497202 0.0500264 0.0501307 0.050032 0.0497314 0.0492324 0.0485405 0.0476634 0.0466106 0.0453938 0.044026 0.0425217 0.0408966 0.0391675 0.0373517 0.035467 0.0335313 0.0315623 0.0295774 0.0275935 0.0256262 0.0236906 0.0218001 0.0199668 0.0182014 0.0165131 0.0149091 0.0133955 0.0119763 0.0106542 0.00943059 0.0083052 0.00727672 0.00634274 0.00549992 0.00474416 0.00407075 0.00347454 0.00295007 0.00249172 0.00209385 0.00175088 0.00145742 0.00120835 0.000998878 0.000824611 0.000681593 0.000566346 0.000475888 0.000407761 0.000360034 0.000331365 
0.000390389 0.000399388 0.000430228 0.000483924 0.000562087 0.000666976 0.000801483 0.000969121 0.001174 0.00142079 0.0017147 0.00206137 0.00246687 0.00293754 0.00347995 0.00410073 0.00480648 0.00560354 0.00649792 0.00749506 0.00859964 0.00981543 0.0111451 0.01259 0.0141501 0.0158237 0.0176074 0.019496 0.0214824 0.0235577 0.0257111 0.0279299 0.0301996 0.0325045 0.0348271 0.0371489 0.0394503 0.0417113 0.0439112 0.0460293 0.0480452 0.0499389 0.0516913 0.0532843 0.0547014 0.0559277 0.05695 0.0577573 0.0583411 0.0586949 0.0588149 0.0586999 0.0583512 0.0577725 0.0569703 0.0559532 0.0547323 0.0533205 0.051733 0.0499861 0.048098 0.0460878 0.0439752 0.0417808 0.0395252 0.0372289 0.034912 0.032594 0.0302933 0.0280273 0.0258117 0.0236609 0.0215875 0.0196023 0.0177143 0.0159304 0.0142559 0.0126942 0.011247 0.00991439 0.00869508 0.00758647 0.00658486 0.00568563 0.00488342 0.00417233 0.00354606 0.00299812 0.00252191 0.00211096 0.00175895 0.00145986 0.00120807 0.000998401 0.000826179 0.000687292 0.000578215 0.00049603 0.000438451 0.000403885 
0.000474744 0.000485697 0.000522985 0.000587815 0.0006821 0.000808514 0.000970483 0.00117216 0.0014184 0.0017147 0.00206718 0.00248247 0.00296767 0.00353019 0.00417766 0.00491778 0.00575815 0.00670609 0.00776843 0.00895132 0.01026 0.0116987 0.0132701 0.0149757 0.0168148 0.0187853 0.0208829 0.0231011 0.0254315 0.0278633 0.0303836 0.0329775 0.0356282 0.0383169 0.0410235 0.0437264 0.0464031 0.0490303 0.0515843 0.0540413 0.056378 0.0585714 0.0605997 0.0624425 0.0640809 0.0654978 0.0666786 0.0676106 0.0682841 0.068692 0.0688298 0.0686962 0.0682927 0.0676235 0.066696 0.0655199 0.0641078 0.0624744 0.0606368 0.0586138 0.0564259 0.0540949 0.0516437 0.0490955 0.0464741 0.0438032 0.0411058 0.0384045 0.0357208 0.0330747 0.0304849 0.0279681 0.0255392 0.023211 0.0209942 0.0188972 0.0169265 0.0150864 0.0133792 0.0118052 0.0103634 0.00905084 0.00786356 0.00679636 0.00584317 0.00499724 0.00425135 0.00359798 0.00302951 0.00253838 0.00211723 0.00175903 0.00145717 0.00120557 0.000998726 0.000831798 0.000700617 0.000601739 0.000532458 0.00049089 
0.000575057 0.000588329 0.000633233 0.000711196 0.000824479 0.000976241 0.00117052 0.00141221 0.001707 0.00206137 0.00248247 0.00297806 0.00355641 0.00422612 0.00499606 0.0058751 0.00687199 0.00799507 0.00925213 0.0106501 0.0121948 0.0138908 0.0157409 0.0177464 0.0199063 0.0222177 0.0246751 0.0272706 0.0299941 0.0328328 0.0357713 0.0387923 0.0418759 0.0450004 0.0481424 0.051277 0.0543781 0.0574191 0.0603727 0.0632118 0.0659096 0.0684403 0.0707789 0.0729023 0.0747891 0.07642 0.0777784 0.0788502 0.0796242 0.0800926 0.0802503 0.0800959 0.0796309 0.0788603 0.0777921 0.0764376 0.0748108 0.0729285 0.0708098 0.0684762 0.0659509 0.0632586 0.0604254 0.0574779 0.0544432 0.0513483 0.04822 0.0450842 0.0419656 0.0388875 0.0358717 0.0329378 0.0301031 0.0273828 0.0247897 0.022334 0.0200234 0.0178633 0.0158567 0.0140047 0.012306 0.0107578 0.00935568 0.00809385 0.00696548 0.0059629 0.00507784 0.00430167 0.00362559 0.00304084 0.00253887 0.00211148 0.00175096 0.00145018 0.0012027 0.00100283 0.000845666 0.000727153 0.000644106 0.000594306 
0.000693373 0.000709375 0.000763197 0.000856521 0.000992006 0.00117336 0.00140533 0.00169364 0.00204497 0.00246687 0.00296767 0.00355641 0.00424266 0.00503641 0.00594784 0.00698718 0.00816439 0.009489 0.0109698 0.0126145 0.0144295 0.0164198 0.0185882 0.0209358 0.023461 0.0261599 0.0290257 0.032049 0.0352174 0.0385159 0.0419265 0.0454287 0.0489994 0.0526137 0.0562442 0.0598626 0.0634387 0.0669422 0.070342 0.0736073 0.0767076 0.0796137 0.0822974 0.0847326 0.0868951 0.0887635 0.0903188 0.0915455 0.092431 0.0929663 0.093146 0.0929684 0.0924352 0.091552 0.0903279 0.0887754 0.0869103 0.0847514 0.0823203 0.0796411 0.0767401 0.0736453 0.0703859 0.0669924 0.0634955 0.0599262 0.0563148 0.0526913 0.0490839 0.0455198 0.0420239 0.0386191 0.0353259 0.0321619 0.0291423 0.0262793 0.0235823 0.0210579 0.0187102 0.0165406 0.0145483 0.0127303 0.0110818 0.00959643 0.00826661 0.00708365 0.00603813 0.00512017 0.00431969 0.00362657 0.00303093 0.00252325 0.00209459 0.00173662 0.00144185 0.0012036 0.00101614 0.000874729 0.000775625 0.000716225 
0.000831883 0.000851072 0.000915257 0.00102641 0.00118764 0.00140329 0.00167888 0.00202111 0.00243774 0.00293754 0.00353019 0.00422612 0.00503641 0.00597251 0.00704614 0.00826893 0.00965225 0.0112068 0.0129425 0.0148679 0.0169901 0.0193141 0.0218431 0.0245775 0.0275151 0.0306507 0.0339762 0.03748 0.0411476 0.0449611 0.0488995 0.052939 0.057053 0.0612124 0.0653861 0.0695413 0.0736441 0.0776597 0.0815529 0.0852887 0.0888331 0.0921527 0.0952163 0.0979944 0.10046 0.102589 0.104361 0.105757 0.106765 0.107374 0.107577 0.107374 0.106766 0.10576 0.104364 0.102594 0.100467 0.0980043 0.0952294 0.0921697 0.0888546 0.0853154 0.0815854 0.0776986 0.07369 0.0695945 0.0654469 0.061281 0.0571296 0.0530234 0.0489915 0.0450602 0.0412533 0.0375917 0.0340929 0.0307717 0.0276392 0.0247037 0.0219703 0.0194412 0.0171159 0.0149914 0.0130627 0.0113229 0.00976328 0.00837427 0.0071452 0.00606485 0.00512168 0.00430411 0.00360075 0.00300066 0.00249345 0.0020695 0.0017201 0.00143749 0.00121499 0.00104708 0.000929392 0.000858884 
0.000992891 0.00101577 0.00109191 0.00122361 0.00141448 0.00166956 0.00199529 0.00239941 0.00289092 0.00347995 0.00417766 0.00499606 0.00594784 0.00704614 0.00830427 0.00973547 0.0113526 0.0131676 0.0151915 0.0174338 0.0199022 0.0226019 0.0255359 0.0287042 0.0321036 0.0357275 0.039566 0.0436054 0.0478282 0.0522138 0.0567375 0.0613718 0.0660861 0.0708471 0.0756192 0.0803652 0.0850466 0.0896238 0.0940575 0.0983083 0.102338 0.106109 0.109587 0.112739 0.115534 0.117947 0.119953 0.121535 0.122675 0.123363 0.123593 0.123362 0.122673 0.121532 0.11995 0.117944 0.115532 0.112738 0.109588 0.106113 0.102346 0.0983212 0.094076 0.0896487 0.0850785 0.080405 0.0756672 0.0709038 0.0661518 0.0614465 0.0568211 0.052306 0.0479287 0.0437133 0.0396807 0.035848 0.0322287 0.0288329 0.025667 0.022734 0.0200341 0.0175644 0.0153195 0.0132919 0.0114723 0.0098497 0.00841226 0.00714729 0.00604167 0.00508222 0.00425593 0.0035502 0.00295312 0.0024536 0.00204156 0.00170805 0.00144532 0.00124696 0.00110791 0.00102464 
0.00117878 0.00120592 0.00129575 0.00145095 0.0016757 0.00197584 0.00235878 0.00283345 0.00341022 0.00410073 0.00491778 0.0058751 0.00698718 0.00826893 0.00973547 0.0114017 0.013282 0.0153899 0.0177374 0.0203349 0.0231905 0.0263099 0.0296955 0.0333468 0.0372594 0.0414251 0.0458318 0.0504632 0.055299 0.0603147 0.0654822 0.0707696 0.0761419 0.0815612 0.0869872 0.0923776 0.097689 0.102877 0.107898 0.112707 0.117262 0.121522 0.125447 0.129002 0.132153 0.134872 0.137131 0.138911 0.140194 0.140968 0.141226 0.140965 0.140188 0.138902 0.13712 0.134859 0.13214 0.128989 0.125435 0.121511 0.117254 0.112703 0.107899 0.102885 0.0977039 0.0924007 0.0870191 0.0816027 0.0761935 0.0708314 0.0655543 0.0603971 0.0553912 0.0505647 0.0459419 0.0415428 0.0373835 0.0334762 0.0298288 0.0264457 0.0233275 0.0204716 0.0178725 0.0155221 0.0134101 0.0115247 0.00985237 0.00837899 0.00708976 0.00596971 0.00500406 0.00417846 0.00347927 0.00289379 0.00241043 0.0020189 0.00171028 0.00147718 0.00131375 0.00121592 
0.00139199 0.00142399 0.00152941 0.00171132 0.00197454 0.00232579 0.00277357 0.00332813 0.00400133 0.00480648 0.00575815 0.00687199 0.00816439 0.00965225 0.0113526 0.013282 0.0154567 0.0178915 0.0205996 0.0235923 0.0268782 0.0304629 0.0343486 0.0385337 0.0430124 0.0477747 0.0528059 0.0580869 0.0635938 0.0692985 0.0751685 0.0811674 0.0872553 0.0933892 0.0995236 0.105611 0.111603 0.11745 0.123102 0.128512 0.133631 0.138414 0.142819 0.146805 0.150337 0.153381 0.155911 0.157903 0.159338 0.160203 0.16049 0.160197 0.159327 0.157887 0.155892 0.153358 0.150311 0.146778 0.142791 0.138386 0.133605 0.128489 0.123084 0.117437 0.111598 0.105614 0.099536 0.0934119 0.0872891 0.0812128 0.0752257 0.0693676 0.0636746 0.0581789 0.0529084 0.0478868 0.043133 0.0386614 0.0344822 0.0306007 0.0270187 0.023734 0.0207408 0.0180308 0.0155927 0.0134134 0.0114782 0.00977117 0.00827579 0.0069752 0.00585268 0.00489195 0.00407753 0.00339492 0.0028309 0.00237369 0.00201309 0.00174061 0.00154954 0.00143522 
0.00163495 0.00167245 0.00179549 0.00200756 0.00231418 0.00272303 0.00324382 0.00388823 0.00466977 0.00560354 0.00670609 0.00799507 0.009489 0.0112068 0.0131676 0.0153899 0.0178915 0.0206888 0.0237961 0.0272255 0.0309861 0.0350832 0.0395185 0.0442892 0.0493879 0.0548024 0.0605151 0.0665035 0.07274 0.0791923 0.085823 0.0925908 0.0994507 0.106354 0.11325 0.120085 0.126806 0.133357 0.139684 0.145734 0.151453 0.156793 0.161707 0.16615 0.170085 0.173474 0.17629 0.178505 0.1801 0.181062 0.18138 0.181054 0.180085 0.178482 0.17626 0.173439 0.170045 0.166107 0.161661 0.156746 0.151407 0.145689 0.139643 0.133322 0.126777 0.120065 0.113239 0.106354 0.0994631 0.092616 0.0858615 0.0792444 0.0728058 0.0665825 0.0606067 0.0549059 0.0495022 0.0444128 0.0396499 0.0352209 0.0311283 0.0273706 0.0239422 0.0208341 0.0180345 0.0155291 0.0133016 0.0113344 0.00960914 0.00810693 0.00680898 0.00569696 0.00475334 0.00396172 0.00330708 0.00277602 0.00235692 0.00204009 0.00181789 0.00168499 
0.00191 0.00195373 0.00209654 0.00234244 0.0026977 0.00317104 0.00377349 0.00451831 0.00542076 0.00649792 0.00776843 0.00925213 0.0109698 0.0129425 0.0151915 0.0177374 0.0205996 0.0237961 0.0273424 0.0312511 0.0355316 0.0401891 0.0452243 0.0506331 0.0564061 0.0625283 0.0689792 0.0757325 0.0827563 0.0900135 0.0974618 0.105054 0.112741 0.120466 0.128174 0.135806 0.143301 0.150599 0.15764 0.164365 0.170719 0.176645 0.182094 0.187018 0.191375 0.195127 0.198241 0.200691 0.202454 0.203516 0.203868 0.203506 0.202433 0.20066 0.198201 0.195079 0.19132 0.186957 0.182028 0.176577 0.170649 0.164297 0.157574 0.150537 0.143245 0.135759 0.128137 0.120441 0.112728 0.105056 0.0974779 0.0900449 0.0828033 0.0757949 0.0690566 0.06262 0.0565109 0.0507497 0.0453511 0.0403244 0.0356736 0.0313978 0.0274918 0.0239463 0.0207487 0.0178836 0.0153333 0.0130784 0.0110985 0.00937256 0.00787972 0.00659938 0.00551186 0.00459868 0.00384288 0.00322931 0.0027448 0.00237837 0.00212134 0.00196765 
0.00221942 0.00227011 0.00243499 0.00271858 0.00312799 0.00367307 0.00436629 0.00522257 0.0062591 0.00749506 0.00895132 0.0106501 0.0126145 0.0148679 0.0174338 0.0203349 0.0235923 0.0272255 0.0312511 0.0356824 0.0405287 0.0457947 0.0514803 0.0575795 0.0640806 0.0709656 0.0782105 0.0857847 0.0936518 0.101769 0.11009 0.118561 0.127125 0.135722 0.144289 0.152761 0.161072 0.169155 0.176946 0.18438 0.191396 0.197935 0.203942 0.209367 0.214164 0.218292 0.221717 0.224409 0.226347 0.227513 0.227898 0.2275 0.22632 0.22437 0.221666 0.21823 0.214092 0.209287 0.203856 0.197844 0.191302 0.184285 0.176852 0.169065 0.160987 0.152684 0.144222 0.135667 0.127083 0.118534 0.11008 0.101776 0.0936762 0.0858268 0.07827 0.0710419 0.0641726 0.057686 0.0515996 0.0459251 0.040668 0.0358287 0.0314021 0.0273791 0.0237463 0.0204872 0.0175827 0.0150115 0.0127513 0.0107789 0.00907091 0.00760456 0.0063578 0.00530994 0.00444195 0.00373678 0.0031796 0.00275803 0.00246227 0.00228548 
0.00256526 0.0026237 0.00281303 0.00313835 0.00360766 0.00423203 0.00502547 0.00600469 0.00718894 0.00859964 0.01026 0.0121948 0.0144295 0.0169901 0.0199022 0.0231905 0.0268782 0.0309861 0.0355316 0.0405287 0.0459865 0.0519091 0.0582949 0.0651359 0.0724178 0.0801191 0.0882119 0.096661 0.105425 0.114455 0.123699 0.133098 0.142587 0.152101 0.16157 0.170922 0.180086 0.188989 0.19756 0.205731 0.213434 0.220607 0.227191 0.233133 0.238383 0.242898 0.246642 0.249584 0.251701 0.252974 0.253395 0.252958 0.251669 0.249537 0.24658 0.242822 0.238295 0.233034 0.227083 0.220492 0.213314 0.205608 0.197437 0.188868 0.179969 0.170813 0.16147 0.152013 0.142514 0.13304 0.123659 0.114434 0.105423 0.0966789 0.0882497 0.0801764 0.0724936 0.065229 0.0584037 0.0520317 0.0461207 0.0406723 0.0356823 0.0311413 0.0270357 0.0233478 0.0200571 0.0171407 0.014574 0.0123316 0.0103877 0.00871708 0.00729524 0.00609912 0.0051075 0.00430129 0.0036639 0.00318143 0.00284288 0.00264058 
0.00294934 0.00301635 0.0032326 0.00360382 0.00413897 0.00485042 0.00575379 0.00686776 0.00821371 0.00981543 0.0116987 0.0138908 0.0164198 0.0193141 0.0226019 0.0263099 0.0304629 0.0350832 0.0401891 0.0457947 0.0519091 0.0585352 0.0656698 0.0733026 0.081416 0.0899849 0.0989767 0.108352 0.118062 0.128055 0.138269 0.14864 0.159098 0.169569 0.179977 0.190244 0.200292 0.210042 0.219419 0.228348 0.236758 0.244582 0.251757 0.258227 0.26394 0.26885 0.27292 0.276116 0.278415 0.279797 0.280253 0.279778 0.278377 0.27606 0.272846 0.26876 0.263834 0.258108 0.251626 0.244441 0.23661 0.228195 0.219264 0.209888 0.200141 0.190099 0.179841 0.169445 0.158989 0.148548 0.138195 0.128001 0.11803 0.108342 0.0989892 0.0900195 0.081472 0.0733789 0.0657649 0.0586471 0.0520355 0.0459333 0.0403372 0.0352382 0.0306222 0.0264708 0.0227619 0.019471 0.0165713 0.0140351 0.0118341 0.00994061 0.00832748 0.00696921 0.00584222 0.00492528 0.00419991 0.0036506 0.00326509 0.00303478 
0.00337316 0.00344956 0.00369528 0.00411667 0.0047237 0.00553016 0.00655338 0.00781405 0.00933587 0.0111451 0.0132701 0.0157409 0.0185882 0.0218431 0.0255359 0.0296955 0.0343486 0.0395185 0.0452243 0.0514803 0.0582949 0.0656698 0.0735998 0.0820718 0.0910646 0.100549 0.110488 0.120835 0.131538 0.142536 0.153763 0.165147 0.17661 0.188072 0.19945 0.21066 0.221617 0.232237 0.242438 0.252142 0.261272 0.269757 0.277533 0.284538 0.290719 0.296029 0.300427 0.30388 0.306362 0.307854 0.308345 0.307832 0.306318 0.303815 0.300342 0.295925 0.290597 0.284399 0.27738 0.269592 0.261096 0.251959 0.242251 0.232048 0.22143 0.210478 0.199277 0.18791 0.176463 0.165017 0.153653 0.142447 0.131472 0.120794 0.110471 0.100557 0.0910973 0.0821279 0.0736779 0.0657679 0.0584106 0.0516112 0.0453676 0.0396713 0.034508 0.0298585 0.0256997 0.0220051 0.0187459 0.0158921 0.0134129 0.0112777 0.00945693 0.00792242 0.00664814 0.00561063 0.00478937 0.00416718 0.00373044 0.00346959 
0.0038378 0.00392446 0.00420219 0.00467806 0.0053631 0.00627254 0.00742556 0.00884496 0.0105568 0.01259 0.0149757 0.0177464 0.0209358 0.0245775 0.0287042 0.0333468 0.0385337 0.0442892 0.0506331 0.0575795 0.0651359 0.0733026 0.0820718 0.0914272 0.101344 0.111788 0.122717 0.134079 0.145815 0.157857 0.170133 0.182562 0.19506 0.207541 0.219914 0.232088 0.243972 0.255476 0.266514 0.277002 0.286859 0.296012 0.304391 0.311934 0.318584 0.324293 0.329019 0.332728 0.335393 0.336994 0.337521 0.336969 0.335344 0.332655 0.328923 0.324175 0.318445 0.311775 0.304215 0.295821 0.286656 0.276789 0.266294 0.255253 0.243748 0.231868 0.219701 0.207339 0.194873 0.182391 0.169982 0.15773 0.145712 0.134002 0.122668 0.111767 0.10135 0.0914597 0.0821295 0.0733837 0.0652381 0.0577001 0.0507691 0.0444375 0.0386912 0.0335102 0.0288703 0.0247434 0.0210987 0.0179037 0.0151251 0.0127296 0.0106849 0.00896005 0.00752656 0.00635856 0.00543348 0.00473233 0.00424005 0.00394611 
0.00434392 0.00444169 0.00475399 0.00528863 0.00605776 0.00707813 0.00837081 0.00996083 0.0118768 0.0141501 0.0168148 0.0199063 0.023461 0.0275151 0.0321036 0.0372594 0.0430124 0.0493879 0.0564061 0.0640806 0.0724178 0.081416 0.0910646 0.101344 0.112225 0.123668 0.135625 0.148038 0.160841 0.173959 0.187313 0.200814 0.214372 0.227891 0.241275 0.254426 0.267248 0.279645 0.291524 0.302798 0.313384 0.323202 0.332182 0.340259 0.347375 0.35348 0.358531 0.362492 0.365338 0.367047 0.367609 0.36702 0.365283 0.362412 0.358424 0.353349 0.34722 0.340082 0.331985 0.322987 0.313153 0.302555 0.291272 0.279386 0.266987 0.254167 0.241022 0.227647 0.214141 0.200601 0.18712 0.173791 0.160698 0.147923 0.13554 0.123613 0.1122 0.10135 0.0910988 0.081477 0.0725034 0.064188 0.0565323 0.0495296 0.043166 0.0374214 0.0322705 0.0276837 0.0236281 0.0200689 0.0169703 0.0142962 0.0120114 0.0100824 0.00847786 0.00716958 0.00613278 0.00534662 0.00479454 0.00446497 
0.00489161 0.00500133 0.00535072 0.00594835 0.00680754 0.00794661 0.00938862 0.0111609 0.0132945 0.0158237 0.0187853 0.0222177 0.0261599 0.0306507 0.0357275 0.0414251 0.0477747 0.0548024 0.0625283 0.0709656 0.0801191 0.0899849 0.100549 0.111788 0.123668 0.136143 0.149161 0.162655 0.176552 0.190772 0.205225 0.219818 0.23445 0.24902 0.263424 0.277559 0.291321 0.30461 0.317328 0.329384 0.340691 0.351168 0.360741 0.369344 0.376917 0.38341 0.388778 0.392987 0.396009 0.397824 0.39842 0.397794 0.39595 0.392899 0.388662 0.383267 0.376748 0.36915 0.360524 0.35093 0.340435 0.329112 0.317044 0.304317 0.291023 0.277261 0.26313 0.248734 0.234176 0.219561 0.204989 0.19056 0.176368 0.1625 0.149037 0.136053 0.12361 0.111764 0.100557 0.0900229 0.0801853 0.0710572 0.0626422 0.0549349 0.0479222 0.0415839 0.0358937 0.0308206 0.0263299 0.0223846 0.0189461 0.0159756 0.0134353 0.0112885 0.00950146 0.00804333 0.0068871 0.00601 0.00539394 0.00502625 
0.00548038 0.00560288 0.00599181 0.00665651 0.00761151 0.00887679 0.0104774 0.012443 0.0148073 0.0176074 0.0208829 0.0246751 0.0290257 0.0339762 0.039566 0.0458318 0.0528059 0.0605151 0.0689792 0.0782105 0.0882119 0.0989767 0.110488 0.122717 0.135625 0.149161 0.163263 0.177862 0.192875 0.208213 0.22378 0.239474 0.255188 0.270813 0.286238 0.301354 0.316051 0.330224 0.343771 0.356598 0.368613 0.379735 0.389887 0.399002 0.40702 0.413888 0.419564 0.424012 0.427204 0.42912 0.42975 0.429089 0.427141 0.423918 0.41944 0.413734 0.406837 0.398792 0.389652 0.379476 0.368333 0.356299 0.343457 0.329898 0.315718 0.301018 0.285904 0.270485 0.254871 0.239173 0.223499 0.207956 0.192646 0.177664 0.163099 0.149031 0.135531 0.12266 0.110466 0.0989889 0.0882559 0.0782836 0.0690782 0.0606362 0.0529454 0.0459855 0.0397297 0.0341459 0.0291975 0.0248452 0.0210481 0.0177645 0.0149537 0.0125763 0.0105957 0.00897855 0.00769546 0.00672172 0.00603764 0.00562942 
0.00610911 0.00624516 0.00667595 0.0074116 0.00846789 0.00986646 0.0116344 0.0138038 0.0164111 0.019496 0.0231011 0.0272706 0.032049 0.03748 0.0436054 0.0504632 0.0580869 0.0665035 0.0757325 0.0857847 0.096661 0.108352 0.120835 0.134079 0.148038 0.162655 0.177862 0.19358 0.209721 0.226187 0.242875 0.259673 0.276468 0.293143 0.309581 0.325667 0.341285 0.356327 0.370686 0.384264 0.396969 0.408716 0.419428 0.429036 0.43748 0.444709 0.45068 0.455355 0.45871 0.460724 0.461385 0.460691 0.458644 0.455257 0.450549 0.444547 0.437287 0.428813 0.419176 0.408438 0.396667 0.383941 0.370344 0.35597 0.340918 0.325294 0.309208 0.292773 0.276107 0.259326 0.242548 0.225885 0.209447 0.193338 0.177654 0.162484 0.147906 0.133986 0.120781 0.108335 0.0966801 0.0858367 0.0758141 0.066611 0.0582161 0.0506098 0.0437648 0.037648 0.0322212 0.0274429 0.0232698 0.0196575 0.0165624 0.0139424 0.0117579 0.00997298 0.00855603 0.00748024 0.00672432 0.00627331 
0.00677596 0.00692631 0.00740111 0.00821132 0.00937395 0.0109124 0.0128558 0.0152386 0.0180999 0.0214824 0.0254315 0.0299941 0.0352174 0.0411476 0.0478282 0.055299 0.0635938 0.07274 0.0827563 0.0936518 0.105425 0.118062 0.131538 0.145815 0.160841 0.176552 0.192875 0.209721 0.226995 0.24459 0.262395 0.280291 0.298158 0.315871 0.333307 0.350344 0.366863 0.38275 0.397897 0.412201 0.425569 0.437915 0.449162 0.45924 0.46809 0.475661 0.481909 0.4868 0.490308 0.492414 0.493105 0.49238 0.49024 0.486699 0.481774 0.475492 0.467889 0.459007 0.448898 0.437622 0.425249 0.411856 0.39753 0.382366 0.366465 0.349937 0.332896 0.315461 0.297755 0.279901 0.262023 0.244241 0.226674 0.209433 0.192623 0.17634 0.160668 0.145684 0.13145 0.118015 0.105417 0.0936804 0.0828184 0.0728317 0.0637108 0.0554366 0.0479818 0.0413124 0.0353887 0.0301674 0.0256026 0.0216475 0.0182556 0.0153818 0.0129839 0.0110233 0.00946605 0.00828324 0.00745193 0.00695602 
0.0074784 0.00764372 0.00816449 0.00905251 0.0103261 0.0120102 0.0141362 0.0167411 0.0198664 0.0235577 0.0278633 0.0328328 0.0385159 0.0449611 0.0522138 0.0603147 0.0692985 0.0791923 0.0900135 0.101769 0.114455 0.128055 0.142536 0.157857 0.173959 0.190772 0.208213 0.226187 0.24459 0.263308 0.28222 0.3012 0.320121 0.338851 0.35726 0.375223 0.392614 0.409317 0.425219 0.440219 0.454219 0.467134 0.478886 0.489406 0.498637 0.506527 0.513035 0.518127 0.521777 0.523968 0.524688 0.523933 0.521708 0.518024 0.512897 0.506355 0.498431 0.489166 0.478612 0.466829 0.453884 0.439856 0.424832 0.408908 0.392188 0.374784 0.356814 0.338403 0.319677 0.300767 0.281803 0.262913 0.244223 0.225853 0.207916 0.190516 0.173745 0.157688 0.142412 0.127974 0.114418 0.101773 0.0900539 0.079266 0.0694013 0.0604416 0.0523598 0.0451211 0.0386849 0.0330059 0.0280359 0.0237256 0.0200257 0.0168884 0.0142686 0.0121253 0.0104218 0.00912752 0.00821765 0.00767494 
0.00821314 0.00839403 0.00896249 0.00993115 0.0113196 0.0131546 0.0154695 0.0183037 0.0217015 0.0257111 0.0303836 0.0357713 0.0419265 0.0488995 0.0567375 0.0654822 0.0751685 0.085823 0.0974618 0.11009 0.123699 0.138269 0.153763 0.170133 0.187313 0.205225 0.22378 0.242875 0.262395 0.28222 0.30222 0.322263 0.342212 0.36193 0.381283 0.400137 0.418366 0.435847 0.452469 0.468126 0.482722 0.49617 0.508394 0.519327 0.52891 0.537095 0.543841 0.549117 0.552898 0.555167 0.555913 0.555132 0.55283 0.549014 0.543703 0.536921 0.528701 0.519083 0.508115 0.495857 0.482376 0.46775 0.452065 0.435418 0.417915 0.39967 0.380805 0.361448 0.34173 0.321789 0.30176 0.281781 0.261983 0.242495 0.223438 0.204924 0.187056 0.169923 0.153601 0.138154 0.123631 0.110066 0.0974787 0.085877 0.0752553 0.0655966 0.0568743 0.0490534 0.0420919 0.0359431 0.0305567 0.0258808 0.0218636 0.0184544 0.0156056 0.0132733 0.0114188 0.010009 0.00901784 0.0084267 
0.00897617 0.00917312 0.0097907 0.0108424 0.012349 0.014339 0.0168479 0.0199174 0.0235944 0.0279299 0.0329775 0.0387923 0.0454287 0.052939 0.0613718 0.0707696 0.0811674 0.0925908 0.105054 0.118561 0.133098 0.14864 0.165147 0.182562 0.200814 0.219818 0.239474 0.259673 0.280291 0.3012 0.322263 0.343338 0.364283 0.384955 0.405212 0.424918 0.443943 0.462162 0.479461 0.495734 0.510884 0.524827 0.537486 0.548797 0.558702 0.567155 0.574118 0.57956 0.583459 0.585798 0.586567 0.585764 0.583391 0.579458 0.573981 0.566983 0.558494 0.548552 0.537206 0.52451 0.510532 0.495348 0.479044 0.461716 0.443472 0.424427 0.404706 0.38444 0.363766 0.342826 0.321762 0.300718 0.279835 0.259248 0.239087 0.219472 0.200514 0.182311 0.164946 0.14849 0.132997 0.118508 0.105046 0.0926235 0.0812365 0.07087 0.061498 0.0530853 0.0455893 0.0389616 0.03315 0.0281005 0.0237586 0.020071 0.0169872 0.014461 0.0124512 0.0109229 0.00984811 0.00920718 
0.00976273 0.00997615 0.010644 0.0117804 0.0134077 0.0155559 0.0182626 0.0215718 0.0255329 0.0301996 0.0356282 0.0418759 0.0489994 0.057053 0.0660861 0.0761419 0.0872553 0.0994507 0.112741 0.127125 0.142587 0.159098 0.17661 0.19506 0.214372 0.23445 0.255188 0.276468 0.298158 0.320121 0.342212 0.364283 0.386184 0.407767 0.428886 0.449399 0.469174 0.488084 0.506013 0.522857 0.538518 0.552913 0.565968 0.57762 0.587815 0.596508 0.603664 0.609254 0.613257 0.615658 0.616449 0.615626 0.613192 0.609155 0.603531 0.59634 0.587611 0.577379 0.56569 0.552597 0.538164 0.522466 0.505588 0.487626 0.468687 0.448888 0.428356 0.407225 0.385636 0.363736 0.341673 0.319598 0.297659 0.275999 0.254756 0.23406 0.214029 0.194768 0.17637 0.158911 0.142453 0.127042 0.112706 0.0994607 0.0873054 0.076227 0.0662004 0.0571905 0.0491541 0.0420416 0.0357992 0.0303705 0.0256985 0.0217276 0.0184047 0.0156808 0.0135127 0.0118634 0.0107033 0.0100115 
0.0105674 0.0107976 0.0115163 0.0127389 0.0144885 0.0167969 0.0197038 0.0232554 0.0275036 0.0325045 0.0383169 0.0450004 0.0526137 0.0612124 0.0708471 0.0815612 0.0933892 0.106354 0.120466 0.135722 0.152101 0.169569 0.188072 0.207541 0.227891 0.24902 0.270813 0.293143 0.315871 0.338851 0.36193 0.384955 0.407767 0.430214 0.452145 0.473415 0.49389 0.513441 0.531951 0.549317 0.565443 0.580246 0.593656 0.605612 0.616063 0.624967 0.632292 0.63801 0.642104 0.644559 0.645369 0.644529 0.642043 0.637917 0.632165 0.624807 0.615866 0.605378 0.593384 0.579934 0.565091 0.548926 0.531522 0.512976 0.493392 0.47289 0.451596 0.429648 0.407191 0.384376 0.361357 0.33829 0.315331 0.292632 0.270338 0.248587 0.227506 0.207207 0.187792 0.169345 0.151933 0.135608 0.120404 0.10634 0.0934192 0.0816298 0.0709482 0.0613399 0.0527612 0.0451616 0.0384855 0.0326747 0.0276698 0.0234128 0.019848 0.0169243 0.0145959 0.012824 0.0115774 0.0108342 
0.0113841 0.0116311 0.0124013 0.0137104 0.015583 0.0180526 0.0211606 0.0249554 0.0294914 0.0348271 0.0410235 0.0481424 0.0562442 0.0653861 0.0756192 0.0869872 0.0995236 0.11325 0.128174 0.144289 0.16157 0.179977 0.19945 0.219914 0.241275 0.263424 0.286238 0.309581 0.333307 0.35726 0.381283 0.405212 0.428886 0.452145 0.474835 0.49681 0.51793 0.538069 0.55711 0.574947 0.59149 0.606657 0.62038 0.632602 0.643276 0.652362 0.65983 0.665658 0.669829 0.67233 0.673155 0.672302 0.669772 0.665572 0.659712 0.65221 0.643089 0.632378 0.620117 0.606353 0.591144 0.57456 0.556681 0.537602 0.517427 0.496273 0.474271 0.451559 0.428285 0.404605 0.380677 0.356665 0.33273 0.309031 0.285723 0.26295 0.240848 0.219539 0.199131 0.179716 0.161367 0.144144 0.128084 0.113212 0.0995327 0.0870383 0.0757063 0.0655028 0.0563838 0.0482982 0.0411889 0.0349958 0.0296577 0.0251139 0.0213065 0.018182 0.0156926 0.0137974 0.0124639 0.0116689 
0.0122062 0.0124701 0.0132915 0.0146871 0.0166826 0.0193128 0.0226212 0.0266583 0.0314806 0.0371489 0.0437264 0.051277 0.0598626 0.0695413 0.0803652 0.0923776 0.105611 0.120085 0.135806 0.152761 0.170922 0.190244 0.21066 0.232088 0.254426 0.277559 0.301354 0.325667 0.350344 0.375223 0.400137 0.424918 0.449399 0.473415 0.49681 0.519433 0.541144 0.561817 0.581334 0.599593 0.616504 0.63199 0.645985 0.658435 0.669298 0.678537 0.686126 0.692045 0.696279 0.698818 0.699657 0.698792 0.696227 0.691966 0.686018 0.678397 0.669124 0.658225 0.645735 0.631698 0.616169 0.599214 0.580911 0.561351 0.540639 0.51889 0.496235 0.472815 0.448779 0.424287 0.399503 0.374595 0.349732 0.32508 0.300799 0.277045 0.25396 0.231674 0.210303 0.189946 0.170686 0.152584 0.135687 0.120022 0.105599 0.0924106 0.0804376 0.0696464 0.0599934 0.0514265 0.0438878 0.0373155 0.0316462 0.0268171 0.0227683 0.0194438 0.0167938 0.0147758 0.0133555 0.0125089 
0.0130264 0.0133072 0.0141794 0.0156606 0.0177776 0.0205667 0.0240731 0.0283494 0.0334542 0.0394503 0.0464031 0.0543781 0.0634387 0.0736441 0.0850466 0.097689 0.111603 0.126806 0.143301 0.161072 0.180086 0.200292 0.221617 0.243972 0.267248 0.291321 0.316051 0.341285 0.366863 0.392614 0.418366 0.443943 0.469174 0.49389 0.51793 0.541144 0.563391 0.584542 0.604483 0.623114 0.640346 0.656106 0.670332 0.682974 0.693993 0.703358 0.711044 0.717036 0.721321 0.72389 0.72474 0.723868 0.721275 0.716966 0.710948 0.703232 0.693835 0.68278 0.670098 0.65583 0.640026 0.622747 0.60407 0.584083 0.562888 0.5406 0.51735 0.493278 0.468538 0.443292 0.417708 0.391959 0.36622 0.340664 0.31546 0.290769 0.266743 0.24352 0.221223 0.199959 0.179816 0.160864 0.143154 0.126718 0.111569 0.0977035 0.0851036 0.073737 0.0635602 0.0545209 0.04656 0.0396142 0.0336186 0.0285082 0.024221 0.0206989 0.0178903 0.0157507 0.0142446 0.0133469 
0.0138374 0.0141346 0.0150568 0.016622 0.0188581 0.021803 0.0255034 0.0300139 0.0353949 0.0417113 0.0490303 0.0574191 0.0669422 0.0776597 0.0896238 0.102877 0.11745 0.133357 0.150599 0.169155 0.188989 0.210042 0.232237 0.255476 0.279645 0.30461 0.330224 0.356327 0.38275 0.409317 0.435847 0.462162 0.488084 0.513441 0.538069 0.561817 0.584542 0.606118 0.626432 0.645384 0.662891 0.678883 0.693302 0.706101 0.717247 0.72671 0.734473 0.74052 0.744843 0.747435 0.748294 0.747417 0.744805 0.740461 0.734389 0.7266 0.717105 0.705925 0.693087 0.678626 0.662589 0.645034 0.626032 0.605669 0.584045 0.561275 0.537486 0.512822 0.487437 0.461495 0.435169 0.408637 0.382079 0.355674 0.3296 0.304023 0.279104 0.254989 0.231807 0.209675 0.188686 0.168917 0.150424 0.133244 0.117394 0.102873 0.0896653 0.0777399 0.0670539 0.0575545 0.0491821 0.041872 0.0355575 0.0301721 0.0256516 0.0219361 0.018972 0.0167133 0.015123 0.0141752 
0.0146312 0.0149444 0.0159151 0.017562 0.0199139 0.02301 0.0268987 0.0316361 0.0372847 0.0439112 0.0515843 0.0603727 0.070342 0.0815529 0.0940575 0.107898 0.123102 0.139684 0.15764 0.176946 0.19756 0.219419 0.242438 0.266514 0.291524 0.317328 0.343771 0.370686 0.397897 0.425219 0.452469 0.479461 0.506013 0.531951 0.55711 0.581334 0.604483 0.626432 0.647068 0.666296 0.684034 0.700218 0.714793 0.727717 0.73896 0.748499 0.756317 0.762405 0.766756 0.769364 0.77023 0.76935 0.766725 0.762357 0.756248 0.748405 0.738838 0.727562 0.714599 0.699982 0.683752 0.665964 0.646685 0.625997 0.603997 0.580798 0.556529 0.53133 0.505359 0.478782 0.451774 0.424519 0.397201 0.370006 0.343117 0.31671 0.29095 0.265993 0.241975 0.219019 0.197226 0.176679 0.157439 0.139547 0.123025 0.107875 0.0940834 0.0816204 0.0704436 0.0605005 0.0517306 0.0440682 0.0374453 0.0317935 0.0270468 0.0231437 0.0200286 0.0176543 0.0159823 0.0149858 
0.0153998 0.0157285 0.0167459 0.0184713 0.0209346 0.024176 0.0282454 0.0332007 0.0391059 0.0460293 0.0540413 0.0632118 0.0736073 0.0852887 0.0983083 0.112707 0.128512 0.145734 0.164365 0.18438 0.205731 0.228348 0.252142 0.277002 0.302798 0.329384 0.356598 0.384264 0.412201 0.440219 0.468126 0.495734 0.522857 0.549317 0.574947 0.599593 0.623114 0.645384 0.666296 0.685755 0.703685 0.720023 0.734721 0.747741 0.759056 0.768648 0.776505 0.78262 0.786988 0.789607 0.790477 0.789597 0.786965 0.782583 0.776451 0.768573 0.758954 0.747607 0.73455 0.71981 0.703425 0.685444 0.665932 0.644965 0.62264 0.599066 0.574371 0.548696 0.522198 0.495046 0.467418 0.4395 0.411484 0.38356 0.355916 0.328736 0.302194 0.276449 0.251647 0.227917 0.205367 0.184085 0.164138 0.145573 0.128413 0.112666 0.0983189 0.0853436 0.0736988 0.0633318 0.0541819 0.0461825 0.039264 0.0333568 0.0283932 0.0243099 0.0210499 0.0185644 0.0168139 0.0157706 
