1.29856e-10 1.36713e-10 1.9868e-10 3.37822e-10 6.01008e-10 1.07267e-09 1.89614e-09 3.30747e-09 5.68726e-09 9.63786e-09 1.60957e-08 2.64915e-08 4.29723e-08 6.87046e-08 1.08276e-07 1.68213e-07 2.57637e-07 3.89062e-07 5.7934e-07 8.50736e-07 1.2321e-06 1.7601e-06 2.48031e-06 3.44827e-06 4.73005e-06 6.40239e-06 8.55207e-06 1.12744e-05 1.46707e-05 1.88443e-05 2.38958e-05 2.99167e-05 3.69825e-05 4.51452e-05 5.44257e-05 6.48069e-05 7.62278e-05 8.85801e-05 0.000101707 0.000115403 0.000129422 0.00014348 0.00015727 0.000170468 0.00018275 0.000193805 0.000203342 0.000211107 0.000216893 0.00022054 0.000221951 0.000221087 0.000217973 0.000212695 0.000205398 0.00019628 0.000185586 0.0001736 0.000160627 0.000146991 0.000133013 0.000119006 0.000105256 9.20169e-05 7.9502e-05 6.78774e-05 5.72614e-05 4.77249e-05 3.92949e-05 3.19595e-05 2.56744e-05 2.03708e-05 1.59621e-05 1.23515e-05 9.4376e-06 7.12016e-06 5.30362e-06 3.90011e-06 2.8312e-06 2.02871e-06 1.43481e-06 1.00152e-06 6.89884e-07 4.6894e-07 3.1452e-07 2.08132e-07 1.35882e-07 8.75155e-08 5.56017e-08 3.48457e-08 2.15401e-08 1.31332e-08 7.89789e-09 4.68457e-09 2.74087e-09 1.58245e-09 9.02802e-10 5.11437e-10 2.92597e-10 1.78546e-10 
1.36713e-10 1.44128e-10 2.10366e-10 3.59311e-10 6.41762e-10 1.14944e-09 2.03845e-09 3.56657e-09 6.15054e-09 1.04515e-08 1.74997e-08 2.88724e-08 4.69417e-08 7.52118e-08 1.18768e-07 1.84856e-07 2.83614e-07 4.28967e-07 6.39688e-07 9.40597e-07 1.36389e-06 1.95046e-06 2.75125e-06 3.82827e-06 5.25533e-06 7.11819e-06 9.51382e-06 1.25487e-05 1.6336e-05 2.09911e-05 2.66262e-05 3.33433e-05 4.12266e-05 5.03337e-05 6.06875e-05 7.22683e-05 8.50076e-05 9.87837e-05 0.000113421 0.00012869 0.000144316 0.000159982 0.000175344 0.000190044 0.00020372 0.000216025 0.000226637 0.000235276 0.000241708 0.000245759 0.000247321 0.00024635 0.000242875 0.00023699 0.000228859 0.0002187 0.000206786 0.00019343 0.000178976 0.000163781 0.000148205 0.000132594 0.000117268 0.000102512 8.85612e-05 7.5603e-05 6.37691e-05 5.31389e-05 4.37427e-05 3.55674e-05 2.85637e-05 2.26548e-05 1.77442e-05 1.37236e-05 1.04801e-05 7.90165e-06 5.8815e-06 4.32158e-06 3.13435e-06 2.24371e-06 1.58513e-06 1.10511e-06 7.60241e-07 5.16025e-07 3.45564e-07 2.28293e-07 1.48776e-07 9.56354e-08 6.06356e-08 3.79173e-08 2.33845e-08 1.42228e-08 8.53097e-09 5.0463e-09 2.94407e-09 1.69466e-09 9.63737e-10 5.44084e-10 3.101e-10 1.88478e-10 
1.9868e-10 2.10366e-10 3.08017e-10 5.26807e-10 9.41293e-10 1.68588e-09 2.98906e-09 5.22772e-09 9.01032e-09 1.53008e-08 2.55988e-08 4.21958e-08 6.85312e-08 1.09675e-07 1.72966e-07 2.68836e-07 4.11841e-07 6.21914e-07 9.25846e-07 1.35895e-06 1.96686e-06 2.80737e-06 3.95218e-06 5.48824e-06 7.51869e-06 1.01628e-05 1.35549e-05 1.78417e-05 2.31785e-05 2.97225e-05 3.76258e-05 4.70251e-05 5.80315e-05 7.07191e-05 8.51132e-05 0.00010118 0.000118821 0.000137861 0.000158055 0.000179086 0.000200572 0.000222082 0.000243145 0.000263271 0.000281973 0.000298779 0.000313256 0.000325026 0.000333775 0.000339272 0.00034137 0.000340013 0.000335238 0.000327176 0.000316044 0.000302139 0.000285829 0.000267536 0.000247726 0.000226884 0.000205497 0.00018404 0.000162951 0.000142617 0.000123368 0.000105461 8.90811e-05 7.43433e-05 6.12935e-05 4.99186e-05 4.01557e-05 3.1903e-05 2.50309e-05 1.93931e-05 1.48357e-05 1.12052e-05 8.35494e-06 6.14953e-06 4.46761e-06 3.20335e-06 2.26667e-06 1.58265e-06 1.09033e-06 7.41085e-07 4.9691e-07 3.28663e-07 2.14415e-07 1.37963e-07 8.75469e-08 5.47861e-08 3.38088e-08 2.05733e-08 1.23447e-08 7.3041e-09 4.26185e-09 2.45323e-09 1.395e-09 7.87443e-10 4.48813e-10 2.73016e-10 
3.37822e-10 3.59311e-10 5.26807e-10 9.00141e-10 1.60549e-09 2.8696e-09 5.07679e-09 8.85909e-09 1.52337e-08 2.58066e-08 4.30679e-08 7.08089e-08 1.14698e-07 1.8306e-07 2.87895e-07 4.46188e-07 6.81536e-07 1.02611e-06 1.52295e-06 2.2285e-06 3.21537e-06 4.57503e-06 6.42036e-06 8.88758e-06 1.21373e-05 1.63541e-05 2.17449e-05 2.8534e-05 3.69571e-05 4.72511e-05 5.96425e-05 7.43328e-05 9.1482e-05 0.000111192 0.000133489 0.000158309 0.000185488 0.000214751 0.000245714 0.000277889 0.000310691 0.000343465 0.000375499 0.000406057 0.000434406 0.000459844 0.000481726 0.000499488 0.00051267 0.000520926 0.000524041 0.000521934 0.000514664 0.000502422 0.000485532 0.000464438 0.000439685 0.000411907 0.000381796 0.000350081 0.000317497 0.000284756 0.000252523 0.00022139 0.00019186 0.000164332 0.000139096 0.000116337 9.61345e-05 7.84798e-05 6.32863e-05 5.04074e-05 3.96523e-05 3.0803e-05 2.36279e-05 1.78946e-05 1.33796e-05 9.87515e-06 7.19414e-06 5.17254e-06 3.67008e-06 2.5695e-06 1.77493e-06 1.20956e-06 8.13117e-07 5.39158e-07 3.526e-07 2.27415e-07 1.44644e-07 9.07186e-08 5.61035e-08 3.42108e-08 2.05686e-08 1.21933e-08 7.12774e-09 4.11018e-09 2.34129e-09 1.32402e-09 7.56336e-10 4.61633e-10 
6.01008e-10 6.41762e-10 9.41293e-10 1.60549e-09 2.85654e-09 5.09232e-09 8.98495e-09 1.5636e-08 2.68118e-08 4.52911e-08 7.53655e-08 1.23543e-07 1.99515e-07 3.1745e-07 4.97687e-07 7.68883e-07 1.17066e-06 1.75679e-06 2.59882e-06 3.79016e-06 5.45029e-06 7.72897e-06 1.08099e-05 1.49137e-05 2.02986e-05 2.72601e-05 3.61266e-05 4.72524e-05 6.10064e-05 7.77564e-05 9.78501e-05 0.000121592 0.000149219 0.000180872 0.000216573 0.000256201 0.000299476 0.000345948 0.000395001 0.000445854 0.000497589 0.000549173 0.000599499 0.000647423 0.000691812 0.000731583 0.000765744 0.000793434 0.000813947 0.000826759 0.000831542 0.000828175 0.000816747 0.000797556 0.000771098 0.000738052 0.00069926 0.000655693 0.000608422 0.000558573 0.000507286 0.000455672 0.000404771 0.000355513 0.000308694 0.000264952 0.000224759 0.00018842 0.000156079 0.000127739 0.000103279 8.24845e-05 6.5066e-05 5.06888e-05 3.89943e-05 2.96193e-05 2.22118e-05 1.6443e-05 1.20148e-05 8.66449e-06 6.16611e-06 4.32986e-06 2.99974e-06 2.0502e-06 1.38219e-06 9.19091e-07 6.02743e-07 3.89812e-07 2.48598e-07 1.56326e-07 9.69254e-08 5.92513e-08 3.57111e-08 2.12206e-08 1.24337e-08 7.18637e-09 4.10301e-09 2.32593e-09 1.3325e-09 8.16542e-10 
1.07267e-09 1.14944e-09 1.68588e-09 2.8696e-09 5.09232e-09 9.05308e-09 1.59287e-08 2.7641e-08 4.72608e-08 7.96001e-08 1.32062e-07 2.15826e-07 3.47474e-07 5.51143e-07 8.61323e-07 1.32639e-06 2.01292e-06 3.01081e-06 4.43911e-06 6.45239e-06 9.24738e-06 1.30693e-05 1.82172e-05 2.5048e-05 3.39776e-05 4.54782e-05 6.00715e-05 7.83161e-05 0.000100789 0.00012806 0.000160662 0.000199055 0.000243583 0.000294442 0.000351631 0.000414927 0.000483859 0.000557693 0.000635432 0.000715839 0.000797462 0.000878684 0.000957777 0.00103297 0.0011025 0.0011647 0.00121806 0.00126125 0.00129319 0.00131309 0.00132044 0.00131507 0.00129712 0.00126703 0.00122558 0.00117381 0.001113 0.00104465 0.000970414 0.000892034 0.000811278 0.000729876 0.000649453 0.000571475 0.000497201 0.000427652 0.000363592 0.000305526 0.00025371 0.000208176 0.000168763 0.000135154 0.000106914 8.35305e-05 6.44478e-05 4.90989e-05 3.69306e-05 2.74218e-05 2.00979e-05 1.45377e-05 1.03772e-05 7.30884e-06 5.07874e-06 3.4814e-06 2.35395e-06 1.56979e-06 1.03241e-06 6.69559e-07 4.28178e-07 2.6998e-07 1.67838e-07 1.02868e-07 6.21572e-08 3.7028e-08 2.17492e-08 1.2601e-08 7.21202e-09 4.09892e-09 2.35536e-09 1.44921e-09 
1.89614e-09 2.03845e-09 2.98906e-09 5.07679e-09 8.98495e-09 1.59287e-08 2.79466e-08 4.83564e-08 8.24389e-08 1.38438e-07 2.28987e-07 3.73087e-07 5.98796e-07 9.46785e-07 1.47491e-06 2.26394e-06 3.4245e-06 5.10522e-06 7.50195e-06 1.08676e-05 1.55225e-05 2.18633e-05 3.03715e-05 4.16179e-05 5.62636e-05 7.50544e-05 9.88086e-05 0.000128396 0.000164706 0.000208611 0.000260915 0.000322297 0.000393255 0.000474041 0.000564604 0.000664545 0.00077308 0.000889023 0.00101079 0.00113645 0.00126372 0.00139011 0.00151295 0.00162953 0.00173716 0.00183331 0.00191566 0.00198224 0.0020314 0.00206194 0.00207313 0.00206468 0.00203682 0.00199024 0.00192608 0.00184593 0.00175174 0.00164579 0.00153058 0.00140879 0.00128312 0.00115623 0.00103063 0.000908607 0.000792127 0.0006828 0.000581852 0.000490108 0.000408014 0.000335666 0.000272855 0.000219128 0.000173839 0.000136216 0.00010541 8.05485e-05 6.07705e-05 4.52619e-05 3.32752e-05 2.41434e-05 1.72866e-05 1.22124e-05 8.51181e-06 5.85219e-06 3.96867e-06 2.65434e-06 1.75071e-06 1.13863e-06 7.30175e-07 4.61661e-07 2.87771e-07 1.76841e-07 1.07132e-07 6.39832e-08 3.7676e-08 2.18828e-08 1.25556e-08 7.15474e-09 4.12401e-09 2.54781e-09 
3.30747e-09 3.56657e-09 5.22772e-09 8.85909e-09 1.5636e-08 2.7641e-08 4.83564e-08 8.34281e-08 1.4181e-07 2.37426e-07 3.91525e-07 6.35939e-07 1.01747e-06 1.60366e-06 2.49014e-06 3.80979e-06 5.74375e-06 8.53414e-06 1.24983e-05 1.8044e-05 2.56844e-05 3.60519e-05 4.99091e-05 6.81549e-05 9.18231e-05 0.000122072 0.000160165 0.00020743 0.000265218 0.000334837 0.000417474 0.000514116 0.000625455 0.000751798 0.000892986 0.00104832 0.00121653 0.00139573 0.00158345 0.00177669 0.00197198 0.0021655 0.00235323 0.00253106 0.00269498 0.00284119 0.00296626 0.00306721 0.00314165 0.00318779 0.00320454 0.00319149 0.00314898 0.00307803 0.00298036 0.0028583 0.00271478 0.0025532 0.0023773 0.00219109 0.00199864 0.00180399 0.00161095 0.001423 0.00124319 0.001074 0.000917383 0.000774653 0.000646571 0.000533356 0.000434762 0.000350155 0.000278603 0.000218961 0.000169958 0.000130273 9.85908e-05 7.36599e-05 5.4322e-05 3.95375e-05 2.8397e-05 2.01236e-05 1.40688e-05 9.70222e-06 6.59932e-06 4.42686e-06 2.92833e-06 1.91e-06 1.2283e-06 7.78766e-07 4.86761e-07 2.99927e-07 1.82178e-07 1.09084e-07 6.43972e-08 3.74972e-08 2.15693e-08 1.23241e-08 7.12592e-09 4.42045e-09 
5.68726e-09 6.15054e-09 9.01032e-09 1.52337e-08 2.68118e-08 4.72608e-08 8.24389e-08 1.4181e-07 2.40326e-07 4.01144e-07 6.59465e-07 1.06779e-06 1.70299e-06 2.67547e-06 4.14087e-06 6.31438e-06 9.48786e-06 1.40494e-05 2.05051e-05 2.95014e-05 4.18472e-05 5.85339e-05 8.07489e-05 0.000109883 0.000147525 0.000195443 0.000255547 0.000329833 0.000420309 0.000528893 0.000657305 0.000806937 0.000978719 0.00117299 0.00138938 0.00162671 0.00188294 0.00215514 0.00243953 0.00273153 0.00302595 0.00331706 0.00359889 0.00386538 0.0041106 0.004329 0.00451555 0.00466592 0.00477663 0.0048451 0.00486973 0.00484997 0.00478628 0.00468017 0.00453414 0.0043516 0.00413682 0.00389476 0.00363094 0.00335125 0.00306171 0.00276831 0.00247674 0.00219224 0.0019194 0.00166204 0.00142314 0.00120481 0.0010083 0.000834061 0.000681833 0.000550768 0.000439545 0.000346513 0.000269805 0.000207458 0.000157505 0.000118052 8.7338e-05 6.37705e-05 4.59473e-05 3.26634e-05 2.2907e-05 1.58461e-05 1.08112e-05 7.27408e-06 4.82602e-06 3.15697e-06 2.03605e-06 1.29454e-06 8.11386e-07 5.01314e-07 3.05318e-07 1.833e-07 1.0849e-07 6.33341e-08 3.65256e-08 2.09267e-08 1.21386e-08 7.56107e-09 
9.63786e-09 1.04515e-08 1.53008e-08 2.58066e-08 4.52911e-08 7.96001e-08 1.38438e-07 2.37426e-07 4.01144e-07 6.67516e-07 1.09394e-06 1.76566e-06 2.80693e-06 4.39541e-06 6.78032e-06 1.03046e-05 1.54308e-05 2.2771e-05 3.31188e-05 4.74821e-05 6.71149e-05 9.35438e-05 0.000128586 0.000174356 0.000233251 0.000307918 0.000401195 0.000516018 0.00065531 0.000821828 0.001018 0.00124573 0.00150623 0.00179979 0.00212567 0.00248192 0.00286536 0.0032715 0.00369464 0.00412798 0.00456383 0.00499383 0.00540925 0.00580129 0.00616143 0.00648167 0.00675481 0.00697468 0.00713631 0.00723604 0.00727162 0.00724226 0.00714865 0.00699292 0.00677864 0.00651069 0.00619518 0.00583922 0.00545076 0.00503828 0.00461054 0.00417624 0.00374373 0.00332072 0.00291402 0.00252937 0.0021713 0.00184308 0.00154675 0.00128314 0.00105206 0.000852416 0.000682395 0.000539666 0.000421548 0.000325186 0.00024769 0.000186254 0.000138246 0.00010127 7.32027e-05 5.22064e-05 3.67292e-05 2.54878e-05 1.74435e-05 1.17724e-05 7.83408e-06 5.13994e-06 3.32464e-06 2.11992e-06 1.33247e-06 8.25549e-07 5.0416e-07 3.03488e-07 1.80101e-07 1.05414e-07 6.09539e-08 3.50197e-08 2.0379e-08 1.27468e-08 
1.60957e-08 1.74997e-08 2.55988e-08 4.30679e-08 7.53655e-08 1.32062e-07 2.28987e-07 3.91525e-07 6.59465e-07 1.09394e-06 1.78708e-06 2.87514e-06 4.55577e-06 7.11029e-06 1.09314e-05 1.65567e-05 2.47076e-05 3.63335e-05 5.2658e-05 7.52265e-05 0.000105949 0.000147137 0.000201523 0.000272262 0.000362905 0.000477344 0.000619709 0.000794235 0.00100509 0.00125613 0.00155072 0.00189137 0.00227956 0.00271544 0.0031976 0.00372292 0.0042865 0.00488162 0.00549986 0.00613129 0.00676476 0.00738825 0.00798929 0.00855539 0.00907449 0.00953532 0.00992779 0.0102433 0.0104748 0.0106174 0.0106679 0.0106251 0.0104901 0.0102659 0.00995741 0.00957147 0.00911663 0.00860291 0.00804148 0.00744438 0.00682403 0.00619286 0.00556287 0.00494519 0.00434977 0.00378503 0.00325776 0.00277294 0.00233378 0.0019418 0.00159698 0.00129799 0.00104242 0.000827075 0.000648181 0.000501674 0.000383395 0.000289264 0.000215422 0.00015833 0.000114827 8.21605e-05 5.79908e-05 4.03712e-05 2.77171e-05 1.87644e-05 1.25254e-05 8.24279e-06 5.34751e-06 3.41975e-06 2.15566e-06 1.33935e-06 8.20206e-07 4.95086e-07 2.94593e-07 1.72886e-07 1.00237e-07 5.77526e-08 3.37184e-08 2.11788e-08 
2.64915e-08 2.88724e-08 4.21958e-08 7.08089e-08 1.23543e-07 2.15826e-07 3.73087e-07 6.35939e-07 1.06779e-06 1.76566e-06 2.87514e-06 4.61053e-06 7.28135e-06 1.13259e-05 1.73532e-05 2.61922e-05 3.895e-05 5.70745e-05 8.24215e-05 0.00011732 0.000164631 0.000227792 0.000310839 0.000418396 0.000555629 0.000728143 0.000941837 0.00120269 0.00151651 0.00188859 0.00232342 0.00282423 0.00339271 0.00402859 0.00472942 0.00549032 0.00630388 0.00716023 0.00804717 0.00895047 0.00985428 0.0107417 0.0115952 0.0123974 0.0131317 0.0137824 0.0143357 0.0147799 0.0151055 0.0153055 0.0153757 0.0153147 0.0151238 0.0148071 0.0143713 0.0138259 0.0131826 0.012455 0.0116587 0.0108104 0.00992722 0.00902671 0.00812572 0.00724005 0.00638391 0.0055695 0.00480674 0.00410308 0.00346352 0.00289063 0.00238483 0.00194461 0.00156688 0.00124734 0.000980854 0.000761742 0.000584138 0.00044223 0.000330465 0.00024371 0.000177344 0.000127318 9.01613e-05 6.29726e-05 4.33737e-05 2.94573e-05 1.97245e-05 1.30205e-05 8.47265e-06 5.43444e-06 3.43567e-06 2.14078e-06 1.31471e-06 7.95779e-07 4.74813e-07 2.79407e-07 1.62441e-07 9.38622e-08 5.49838e-08 3.46814e-08 
4.29723e-08 4.69417e-08 6.85312e-08 1.14698e-07 1.99515e-07 3.47474e-07 5.98796e-07 1.01747e-06 1.70299e-06 2.80693e-06 4.55577e-06 7.28135e-06 1.14607e-05 1.77659e-05 2.7126e-05 4.07994e-05 6.04565e-05 8.82698e-05 0.000127007 0.00018012 0.000251819 0.000347128 0.000471903 0.0006328 0.000837187 0.00109299 0.00140846 0.00179187 0.00225112 0.00279329 0.0034242 0.00414785 0.00496593 0.00587742 0.00687819 0.00796075 0.0091142 0.0103243 0.0115736 0.0128422 0.0141081 0.0153477 0.0165372 0.0176529 0.018672 0.0195736 0.0203391 0.0209527 0.0214017 0.021677 0.0217729 0.0216876 0.0214228 0.020984 0.0203803 0.0196241 0.0187313 0.0177202 0.0166119 0.0154289 0.0141949 0.0129336 0.0116685 0.0104215 0.00921251 0.00805888 0.00697487 0.00597142 0.0050561 0.00423316 0.00350382 0.00286655 0.00231757 0.00185129 0.00146082 0.00113845 0.000876075 0.000665566 0.000499094 0.000369348 0.000269695 0.000194278 0.000138044 9.67375e-05 6.6849e-05 4.55477e-05 3.05959e-05 2.02602e-05 1.32243e-05 8.50795e-06 5.39479e-06 3.37136e-06 2.0764e-06 1.26038e-06 7.54124e-07 4.44998e-07 2.59433e-07 1.50348e-07 8.83713e-08 5.59772e-08 
6.87046e-08 7.52118e-08 1.09675e-07 1.8306e-07 3.1745e-07 5.51143e-07 9.46785e-07 1.60366e-06 2.67547e-06 4.39541e-06 7.11029e-06 1.13259e-05 1.77659e-05 2.74447e-05 4.17572e-05 6.25821e-05 9.23996e-05 0.000134416 0.000192691 0.000272252 0.000379192 0.000520727 0.000705199 0.000942014 0.00124149 0.00161461 0.00207269 0.0026269 0.00328776 0.0040645 0.0049644 0.00599213 0.00714911 0.00843292 0.0098369 0.0113498 0.012956 0.0146351 0.0163631 0.0181122 0.0198525 0.0215522 0.0231791 0.0247016 0.0260896 0.0273152 0.0283542 0.0291857 0.0297933 0.0301651 0.0302937 0.0301768 0.0298166 0.0292203 0.0283998 0.0273714 0.0261557 0.0247772 0.0232635 0.0216445 0.019952 0.0182179 0.0164738 0.0147497 0.013073 0.0114679 0.00995436 0.00854831 0.00726092 0.006099 0.00506512 0.00415809 0.00337347 0.00270426 0.00214147 0.00167487 0.00129348 0.000986188 0.000742157 0.000551168 0.000403873 0.000291946 0.000208156 0.000146365 0.000101482 6.93726e-05 4.6751e-05 3.10568e-05 2.03352e-05 1.31232e-05 8.34648e-06 5.23151e-06 3.2315e-06 1.96719e-06 1.18037e-06 6.98477e-07 4.08368e-07 2.37367e-07 1.4e-07 8.90586e-08 
1.08276e-07 1.18768e-07 1.72966e-07 2.87895e-07 4.97687e-07 8.61323e-07 1.47491e-06 2.49014e-06 4.14087e-06 6.78032e-06 1.09314e-05 1.73532e-05 2.7126e-05 4.17572e-05 6.33073e-05 9.45372e-05 0.000139069 0.000201559 0.00028786 0.000405175 0.00056217 0.000769027 0.00103742 0.0013804 0.00181214 0.00234756 0.00300184 0.00378976 0.00472496 0.00581911 0.00708101 0.00851576 0.0101239 0.0119008 0.0138359 0.0159131 0.0181097 0.0203979 0.0227444 0.0251121 0.0274607 0.0297481 0.0319319 0.0339707 0.0358254 0.0374602 0.0388435 0.0399491 0.0407557 0.0412483 0.0414176 0.0412606 0.0407802 0.0399855 0.0388916 0.0375196 0.0358958 0.0340516 0.0320228 0.0298485 0.02757 0.0252294 0.0228687 0.020528 0.0182442 0.0160504 0.0139743 0.0120383 0.0102587 0.00864611 0.00720524 0.00593578 0.00483294 0.00388821 0.00309025 0.00242575 0.00188023 0.00143878 0.0010867 0.000809957 0.000595628 0.000432084 0.000309151 0.00021813 0.000151755 0.000104087 7.03774e-05 4.69037e-05 3.08095e-05 1.99451e-05 1.27244e-05 7.99977e-06 4.95618e-06 3.02593e-06 1.82089e-06 1.08059e-06 6.33595e-07 3.69403e-07 2.18635e-07 1.39676e-07 
1.68213e-07 1.84856e-07 2.68836e-07 4.46188e-07 7.68883e-07 1.32639e-06 2.26394e-06 3.80979e-06 6.31438e-06 1.03046e-05 1.65567e-05 2.61922e-05 4.07994e-05 6.25821e-05 9.45372e-05 0.000140656 0.000206146 0.000297654 0.000423484 0.000593783 0.000820662 0.00111824 0.00150257 0.00199141 0.00260386 0.00335979 0.00427914 0.005381 0.0066826 0.00819823 0.00993807 0.0119071 0.0141041 0.0165209 0.0191418 0.0219433 0.0248942 0.0279564 0.0310855 0.0342322 0.0373434 0.0403648 0.0432415 0.0459207 0.0483524 0.0504917 0.0522988 0.0537407 0.0547912 0.0554316 0.0556503 0.0554436 0.0548152 0.0537765 0.0523463 0.0505506 0.0484228 0.0460022 0.0433341 0.0404682 0.0374575 0.0343562 0.031219 0.0280982 0.0250429 0.0220973 0.0192993 0.0166797 0.0142619 0.0120616 0.0100872 0.00834003 0.00681538 0.00550342 0.00439028 0.00345912 0.00269123 0.00206705 0.001567 0.00117225 0.00086519 0.000629895 0.000452288 0.000320246 0.000223569 0.000153867 0.000104385 6.97978e-05 4.59967e-05 2.98719e-05 1.91173e-05 1.2056e-05 7.49177e-06 4.58763e-06 2.76876e-06 1.64787e-06 9.69051e-07 5.66728e-07 3.36608e-07 2.15968e-07 
2.57637e-07 2.83614e-07 4.11841e-07 6.81536e-07 1.17066e-06 2.01292e-06 3.4245e-06 5.74375e-06 9.48786e-06 1.54308e-05 2.47076e-05 3.895e-05 6.04565e-05 9.23996e-05 0.000139069 0.000206146 0.000300993 0.000432948 0.0006136 0.000857 0.00117979 0.00160121 0.00214292 0.00282867 0.00368369 0.00473389 0.00600489 0.00752076 0.00930266 0.0113675 0.0137262 0.016383 0.0193336 0.0225644 0.0260524 0.0297647 0.0336589 0.0376839 0.0417814 0.0458872 0.0499334 0.0538505 0.0575696 0.0610244 0.0641529 0.0668994 0.0692153 0.0710602 0.0724024 0.073219 0.0734963 0.0732297 0.0724238 0.0710924 0.0692581 0.066953 0.0642174 0.0611002 0.057657 0.0539498 0.0500448 0.0460108 0.0419169 0.0378308 0.033816 0.0299305 0.0262249 0.0227413 0.0195122 0.0165607 0.0139003 0.0115352 0.00946183 0.00766937 0.00614144 0.00485732 0.00379346 0.0029247 0.00222555 0.00167113 0.00123797 0.000904603 0.000651891 0.000463225 0.000324524 0.000224122 0.000152564 0.000102356 6.76752e-05 4.40932e-05 2.83085e-05 1.79081e-05 1.11626e-05 6.85618e-06 4.15021e-06 2.47735e-06 1.46118e-06 8.57213e-07 5.10959e-07 3.29242e-07 
3.89062e-07 4.28967e-07 6.21914e-07 1.02611e-06 1.75679e-06 3.01081e-06 5.10522e-06 8.53414e-06 1.40494e-05 2.2771e-05 3.63335e-05 5.70745e-05 8.82698e-05 0.000134416 0.000201559 0.000297654 0.000432948 0.000620353 0.00087577 0.00121834 0.00167054 0.00225812 0.00300982 0.00395676 0.00513163 0.00656755 0.00829666 0.0103485 0.0127484 0.0155152 0.0186603 0.0221853 0.0260809 0.0303264 0.0348885 0.0397222 0.0447708 0.0499674 0.0552367 0.0604971 0.0656631 0.0706482 0.0753672 0.0797389 0.0836881 0.0871477 0.0900595 0.0923753 0.0940575 0.0950792 0.0954243 0.0950874 0.0940739 0.0924 0.0900928 0.08719 0.08374 0.079801 0.0754407 0.0707341 0.0657624 0.0606105 0.0553648 0.0501101 0.0449276 0.0398918 0.0350691 0.0305156 0.0262759 0.0223829 0.0188572 0.0157081 0.0129341 0.0105245 0.00846049 0.00671753 0.00526662 0.00407619 0.0031137 0.00234694 0.00174517 0.00127997 0.000925792 0.000660244 0.000464205 0.000321716 0.000219758 0.000147939 9.8141e-05 6.41534e-05 4.13207e-05 2.62227e-05 1.63964e-05 1.01017e-05 6.13324e-06 3.67202e-06 2.17234e-06 1.27846e-06 7.64801e-07 4.94929e-07 
5.7934e-07 6.39688e-07 9.25846e-07 1.52295e-06 2.59882e-06 4.43911e-06 7.50195e-06 1.24983e-05 2.05051e-05 3.31188e-05 5.2658e-05 8.24215e-05 0.000127007 0.000192691 0.00028786 0.000423484 0.0006136 0.00087577 0.00123146 0.00170632 0.00233018 0.00313694 0.00416398 0.00545138 0.00704065 0.00897316 0.0112883 0.0140215 0.0172016 0.0208492 0.024974 0.0295734 0.034631 0.0401155 0.0459807 0.0521659 0.0585969 0.0651877 0.0718433 0.0784616 0.0849375 0.0911653 0.0970422 0.102471 0.107363 0.111639 0.115231 0.118082 0.120151 0.121405 0.121826 0.121409 0.120159 0.118096 0.115249 0.111663 0.107394 0.102511 0.0970919 0.0912269 0.085013 0.0785529 0.0719518 0.0653144 0.0587418 0.0523285 0.0461596 0.0403084 0.034835 0.029785 0.0251893 0.0210642 0.0174124 0.0142244 0.0114801 0.00915122 0.00720304 0.00559687 0.00429202 0.00324762 0.00242417 0.00178471 0.00129569 0.000927446 0.000654437 0.000455177 0.000312016 0.000210772 0.000140299 9.20175e-05 5.9462e-05 3.7857e-05 2.37458e-05 1.4675e-05 8.93718e-06 5.36696e-06 3.18474e-06 1.88029e-06 1.12891e-06 7.33694e-07 
8.50736e-07 9.40597e-07 1.35895e-06 2.2285e-06 3.79016e-06 6.45239e-06 1.08676e-05 1.8044e-05 2.95014e-05 4.74821e-05 7.52265e-05 0.00011732 0.00018012 0.000272252 0.000405175 0.000593783 0.000857 0.00121834 0.00170632 0.00235471 0.00320249 0.00429345 0.0056754 0.00739893 0.00951568 0.0120763 0.0151278 0.0187111 0.0228584 0.0275898 0.032912 0.0388153 0.0452727 0.0522393 0.0596522 0.0674314 0.0754816 0.0836945 0.0919521 0.10013 0.108101 0.11574 0.122924 0.129541 0.135488 0.140673 0.145019 0.148465 0.15096 0.15247 0.152975 0.152469 0.150958 0.148462 0.145017 0.140672 0.13549 0.129548 0.122939 0.115765 0.10814 0.100186 0.0920272 0.083791 0.0756007 0.0675736 0.0598167 0.0524243 0.0454753 0.0390319 0.0331384 0.0278213 0.0230901 0.0189385 0.0153465 0.0122826 0.00970668 0.00757242 0.00583005 0.00442875 0.00331868 0.00245266 0.00178736 0.00128417 0.000909486 0.000634862 0.000436737 0.000296057 0.000197747 0.000130134 8.43722e-05 5.38913e-05 3.39114e-05 2.10232e-05 1.28428e-05 7.73596e-06 4.60463e-06 2.72739e-06 1.64348e-06 1.0727e-06 
1.2321e-06 1.36389e-06 1.96686e-06 3.21537e-06 5.45029e-06 9.24738e-06 1.55225e-05 2.56844e-05 4.18472e-05 6.71149e-05 0.000105949 0.000164631 0.000251819 0.000379192 0.00056217 0.000820662 0.00117979 0.00167054 0.00233018 0.00320249 0.00433748 0.00579081 0.00762246 0.00989509 0.0126716 0.0160125 0.0199726 0.0245977 0.0299214 0.0359618 0.0427192 0.0501735 0.0582837 0.0669868 0.0761991 0.0858174 0.0957218 0.105779 0.115844 0.12577 0.135405 0.144604 0.153226 0.161142 0.168236 0.174407 0.179568 0.183652 0.186604 0.188389 0.188984 0.188382 0.18659 0.18363 0.179541 0.174375 0.168202 0.161109 0.153196 0.144582 0.135395 0.125776 0.115871 0.105829 0.0957995 0.0859235 0.0763339 0.0671492 0.0584715 0.0503833 0.0429463 0.0362012 0.0301674 0.0248447 0.0202152 0.0162457 0.0128911 0.0100975 0.00780546 0.00595302 0.0044785 0.00332271 0.00243072 0.00175301 0.00124617 0.000873072 0.000602775 0.00041006 0.000274847 0.000181491 0.000118064 7.56596e-05 4.77629e-05 2.97042e-05 1.82025e-05 1.09982e-05 6.56669e-06 3.90221e-06 2.36002e-06 1.54695e-06 
1.7601e-06 1.95046e-06 2.80737e-06 4.57503e-06 7.72897e-06 1.30693e-05 2.18633e-05 3.60519e-05 5.85339e-05 9.35438e-05 0.000147137 0.000227792 0.000347128 0.000520727 0.000769027 0.00111824 0.00160121 0.00225812 0.00313694 0.00429345 0.00579081 0.00769844 0.0100903 0.0130425 0.0166301 0.0209235 0.0259847 0.0318631 0.0385915 0.0461828 0.0546273 0.0638905 0.0739123 0.0846075 0.0958671 0.107561 0.11954 0.131643 0.1437 0.155535 0.166976 0.177854 0.188013 0.19731 0.205616 0.212822 0.218836 0.223585 0.227014 0.229084 0.229771 0.229069 0.226985 0.223542 0.21878 0.212755 0.20554 0.197228 0.18793 0.177774 0.166904 0.155479 0.143664 0.131633 0.11956 0.107614 0.0959553 0.084731 0.0740696 0.0640787 0.0548422 0.0464189 0.0388425 0.0321225 0.0262458 0.0211799 0.0168761 0.0132734 0.0103024 0.00788915 0.00595878 0.00443841 0.00325954 0.00235976 0.00168382 0.00118407 0.000820472 0.000560156 0.000376771 0.000249653 0.000162955 0.000104774 6.63576e-05 4.14001e-05 2.54492e-05 1.54244e-05 9.2382e-06 5.50767e-06 3.34321e-06 2.2007e-06 
2.48031e-06 2.75125e-06 3.95218e-06 6.42036e-06 1.08099e-05 1.82172e-05 3.03715e-05 4.99091e-05 8.07489e-05 0.000128586 0.000201523 0.000310839 0.000471903 0.000705199 0.00103742 0.00150257 0.00214292 0.00300982 0.00416398 0.0056754 0.00762246 0.0100903 0.0131685 0.0169475 0.0215149 0.0269508 0.0333229 0.0406818 0.0490566 0.0584509 0.0688404 0.080171 0.0923589 0.105291 0.11883 0.132812 0.147059 0.161379 0.175572 0.189439 0.202783 0.215419 0.227174 0.237893 0.24744 0.2557 0.262577 0.267997 0.271904 0.274259 0.275039 0.274236 0.27186 0.267931 0.26249 0.255594 0.247318 0.237758 0.227031 0.215274 0.202642 0.189309 0.175461 0.161293 0.147006 0.132795 0.118854 0.105358 0.0924682 0.080321 0.0690273 0.0586696 0.0493004 0.0409435 0.0335945 0.0272247 0.0217838 0.0172049 0.0134091 0.0103101 0.00781887 0.00584714 0.00431099 0.00313305 0.00224412 0.00158399 0.00110163 0.000754826 0.000509509 0.000338782 0.000221885 0.000143141 9.09533e-05 5.69271e-05 3.5104e-05 2.13423e-05 1.28226e-05 7.66965e-06 4.6726e-06 3.08868e-06 
3.44827e-06 3.82827e-06 5.48824e-06 8.88758e-06 1.49137e-05 2.5048e-05 4.16179e-05 6.81549e-05 0.000109883 0.000174356 0.000272262 0.000418396 0.0006328 0.000942014 0.0013804 0.00199141 0.00282867 0.00395676 0.00545138 0.00739893 0.00989509 0.0130425 0.0169475 0.0217156 0.0274467 0.0342292 0.0421345 0.051211 0.0614799 0.0729306 0.085519 0.0991656 0.113757 0.129148 0.145166 0.161615 0.178281 0.194941 0.211367 0.227335 0.24263 0.257048 0.270407 0.282543 0.293316 0.302609 0.310328 0.316399 0.320767 0.323397 0.324266 0.323367 0.320708 0.316311 0.310212 0.302466 0.293148 0.282354 0.270202 0.256834 0.242413 0.227125 0.211171 0.194768 0.17814 0.161513 0.14511 0.129141 0.1138 0.0992593 0.0856607 0.0731158 0.061702 0.0514623 0.0424063 0.0345124 0.0277324 0.0219955 0.0172145 0.0132908 0.0101205 0.00759882 0.00562472 0.00410379 0.00295073 0.00209061 0.00145936 0.00100358 0.000679834 0.000453614 0.000298112 0.00019296 0.000123012 7.72395e-05 4.77798e-05 2.91392e-05 1.75618e-05 1.05387e-05 6.44394e-06 4.27722e-06 
4.73005e-06 5.25533e-06 7.51869e-06 1.21373e-05 2.02986e-05 3.39776e-05 5.62636e-05 9.18231e-05 0.000147525 0.000233251 0.000362905 0.000555629 0.000837187 0.00124149 0.00181214 0.00260386 0.00368369 0.00513163 0.00704065 0.00951568 0.0126716 0.0166301 0.0215149 0.0274467 0.0345365 0.0428791 0.052546 0.0635795 0.0759876 0.0897397 0.104765 0.120954 0.138157 0.156192 0.174848 0.19389 0.213071 0.232135 0.25083 0.268908 0.286137 0.302303 0.317217 0.330712 0.34265 0.352916 0.36142 0.368094 0.372889 0.375771 0.376722 0.375735 0.372817 0.367987 0.361277 0.352738 0.34244 0.330473 0.316953 0.302021 0.285844 0.268614 0.250545 0.231869 0.212834 0.193691 0.174696 0.156094 0.138117 0.120974 0.104844 0.0898738 0.0761716 0.0638059 0.0528053 0.0431612 0.034831 0.0277433 0.0218045 0.0169048 0.0129254 0.00974428 0.00724164 0.00530428 0.00382866 0.00272293 0.00190783 0.00131678 0.000895196 0.000599408 0.000395279 0.000256712 0.00016419 0.000103427 6.41806e-05 3.92631e-05 2.37371e-05 1.42908e-05 8.76985e-06 5.84483e-06 
6.40239e-06 7.11819e-06 1.01628e-05 1.63541e-05 2.72601e-05 4.54782e-05 7.50544e-05 0.000122072 0.000195443 0.000307918 0.000477344 0.000728143 0.00109299 0.00161461 0.00234756 0.00335979 0.00473389 0.00656755 0.00897316 0.0120763 0.0160125 0.0209235 0.0269508 0.0342292 0.0428791 0.0529982 0.0646542 0.0778778 0.0926576 0.108937 0.126612 0.145534 0.165515 0.186329 0.207723 0.229425 0.251152 0.272619 0.293548 0.313674 0.332755 0.350572 0.366932 0.381675 0.394667 0.405803 0.415003 0.422206 0.427371 0.430473 0.431495 0.430432 0.427291 0.422084 0.414839 0.405599 0.394423 0.381393 0.366617 0.350229 0.332392 0.313301 0.293174 0.272257 0.250814 0.229122 0.207466 0.186127 0.165376 0.145462 0.126609 0.109002 0.0927863 0.078063 0.0648866 0.0532669 0.0431721 0.0345347 0.0272573 0.0212211 0.0162929 0.0123331 0.00920242 0.00676713 0.00490352 0.00350065 0.00246191 0.00170542 0.00116356 0.000781835 0.000517347 0.000337115 0.000216321 0.000136701 8.50945e-05 5.22181e-05 3.16671e-05 1.91267e-05 1.17796e-05 7.88222e-06 
8.55207e-06 9.51382e-06 1.35549e-05 2.17449e-05 3.61266e-05 6.00715e-05 9.88086e-05 0.000160165 0.000255547 0.000401195 0.000619709 0.000941837 0.00140846 0.00207269 0.00300184 0.00427914 0.00600489 0.00829666 0.0112883 0.0151278 0.0199726 0.0259847 0.0333229 0.0421345 0.052546 0.0646542 0.0785175 0.0941486 0.11151 0.130511 0.151009 0.17281 0.195681 0.219349 0.243519 0.267878 0.29211 0.315902 0.338958 0.361002 0.381785 0.40109 0.418731 0.434557 0.448449 0.460314 0.470087 0.47772 0.483185 0.486461 0.48754 0.486419 0.483099 0.477591 0.469912 0.460093 0.448181 0.434245 0.418376 0.400698 0.381363 0.360559 0.338504 0.31545 0.291672 0.267469 0.243151 0.219036 0.195432 0.172634 0.150909 0.13049 0.111566 0.094276 0.0787074 0.0648955 0.0528258 0.0424392 0.0336392 0.0263 0.0202763 0.0154113 0.0115456 0.00852382 0.00620044 0.0044434 0.0031366 0.00218074 0.00149318 0.00100682 0.0006685 0.000437061 0.000281368 0.000178372 0.000111379 6.8557e-05 4.17032e-05 2.5269e-05 1.56175e-05 1.04914e-05 
1.12744e-05 1.25487e-05 1.78417e-05 2.8534e-05 4.72524e-05 7.83161e-05 0.000128396 0.00020743 0.000329833 0.000516018 0.000794235 0.00120269 0.00179187 0.0026269 0.00378976 0.005381 0.00752076 0.0103485 0.0140215 0.0187111 0.0245977 0.0318631 0.0406818 0.051211 0.0635795 0.0778778 0.0941486 0.11238 0.1325 0.154378 0.177823 0.202594 0.228405 0.254936 0.281846 0.308785 0.335405 0.361373 0.386378 0.410139 0.43241 0.452982 0.471686 0.488386 0.502983 0.515404 0.525601 0.533546 0.539223 0.542623 0.543743 0.542581 0.539138 0.533417 0.525425 0.515178 0.502707 0.488059 0.471309 0.452559 0.431945 0.409641 0.385857 0.360841 0.334876 0.308273 0.281368 0.254507 0.228039 0.202302 0.177614 0.154256 0.132468 0.112433 0.0942802 0.0780771 0.0638331 0.0515041 0.040999 0.0321896 0.0249202 0.0190186 0.0143054 0.0106032 0.00774294 0.0055699 0.00394643 0.00275377 0.00189225 0.00128034 0.00085299 0.000559525 0.000361368 0.000229808 0.000143938 8.88659e-05 5.42209e-05 3.29574e-05 2.04402e-05 1.3784e-05 
1.46707e-05 1.6336e-05 2.31785e-05 3.69571e-05 6.10064e-05 0.000100789 0.000164706 0.000265218 0.000420309 0.00065531 0.00100509 0.00151651 0.00225112 0.00328776 0.00472496 0.0066826 0.00930266 0.0127484 0.0172016 0.0228584 0.0299214 0.0385915 0.0490566 0.0614799 0.0759876 0.0926576 0.11151 0.1325 0.155515 0.180375 0.206838 0.234606 0.26334 0.29267 0.322211 0.351578 0.380398 0.408321 0.43503 0.460247 0.483737 0.50531 0.524815 0.542144 0.557221 0.57 0.580456 0.58858 0.594373 0.597838 0.59898 0.5978 0.594294 0.588459 0.580289 0.569784 0.556953 0.541821 0.524436 0.504876 0.483252 0.459716 0.434461 0.407727 0.379792 0.350976 0.32163 0.292128 0.262854 0.234193 0.20651 0.180141 0.15538 0.132464 0.111568 0.0928 0.0762013 0.0617493 0.0493647 0.0389212 0.0302569 0.0231859 0.01751 0.0130295 0.00955155 0.00689691 0.00490472 0.00343482 0.00236856 0.00160814 0.00107497 0.000707436 0.000458351 0.000292387 0.000183688 0.000113745 6.96075e-05 4.2441e-05 2.64118e-05 1.78775e-05 
1.88443e-05 2.09911e-05 2.97225e-05 4.72511e-05 7.77564e-05 0.00012806 0.000208611 0.000334837 0.000528893 0.000821828 0.00125613 0.00188859 0.00279329 0.0040645 0.00581911 0.00819823 0.0113675 0.0155152 0.0208492 0.0275898 0.0359618 0.0461828 0.0584509 0.0729306 0.0897397 0.108937 0.130511 0.154378 0.180375 0.208268 0.237756 0.268483 0.300053 0.332047 0.364041 0.395617 0.426382 0.455978 0.484091 0.510454 0.534853 0.557121 0.577138 0.594827 0.610143 0.623068 0.633606 0.64177 0.647578 0.651049 0.652194 0.651017 0.647512 0.641666 0.633461 0.622876 0.609899 0.594527 0.576778 0.556699 0.53437 0.509914 0.483499 0.455344 0.425719 0.394941 0.363371 0.331402 0.299453 0.267949 0.237305 0.207914 0.180127 0.15424 0.130481 0.109008 0.0898999 0.0731639 0.058739 0.0465069 0.0363034 0.0279324 0.0211788 0.0158212 0.0116424 0.00843815 0.00602273 0.00423284 0.00292902 0.00199541 0.00133825 0.000883535 0.000574238 0.000367429 0.000231518 0.000143781 8.82452e-05 5.3968e-05 3.3697e-05 2.28914e-05 
2.38958e-05 2.66262e-05 3.76258e-05 5.96425e-05 9.78501e-05 0.000160662 0.000260915 0.000417474 0.000657305 0.001018 0.00155072 0.00232342 0.0034242 0.0049644 0.00708101 0.00993807 0.0137262 0.0186603 0.024974 0.032912 0.0427192 0.0546273 0.0688404 0.085519 0.104765 0.126612 0.151009 0.177823 0.206838 0.237756 0.270214 0.303795 0.338048 0.372507 0.40671 0.440214 0.472616 0.503556 0.532732 0.559898 0.584867 0.607507 0.627733 0.645504 0.660811 0.67367 0.684113 0.692178 0.697903 0.70132 0.702449 0.701296 0.697854 0.692099 0.683999 0.673515 0.660607 0.645245 0.627413 0.607121 0.584412 0.559374 0.532143 0.502908 0.471921 0.439487 0.405969 0.371774 0.337345 0.303146 0.269641 0.237279 0.20647 0.177574 0.15088 0.126599 0.104859 0.0857037 0.0690974 0.0549361 0.0430591 0.0332637 0.0253206 0.0189884 0.0140259 0.0102032 0.00730882 0.00515478 0.00357919 0.00244648 0.00164609 0.0010902 0.000710727 0.000456117 0.000288236 0.000179515 0.000110491 6.77723e-05 4.24533e-05 2.89409e-05 
2.99167e-05 3.33433e-05 4.70251e-05 7.43328e-05 0.000121592 0.000199055 0.000322297 0.000514116 0.000806937 0.00124573 0.00189137 0.00282423 0.00414785 0.00599213 0.00851576 0.0119071 0.016383 0.0221853 0.0295734 0.0388153 0.0501735 0.0638905 0.080171 0.0991656 0.120954 0.145534 0.17281 0.202594 0.234606 0.268483 0.303795 0.340065 0.376788 0.413454 0.44957 0.484677 0.518366 0.550289 0.580163 0.607773 0.632965 0.655649 0.675782 0.693363 0.708423 0.721012 0.731193 0.739029 0.744578 0.747885 0.74898 0.747872 0.744549 0.73898 0.731118 0.720904 0.708273 0.693162 0.67552 0.655319 0.632561 0.607291 0.579603 0.549655 0.517665 0.483923 0.448781 0.412652 0.375997 0.339313 0.303108 0.267884 0.234117 0.202228 0.172574 0.145428 0.12097 0.0992902 0.0803859 0.0641742 0.0505034 0.0391694 0.0299321 0.0225321 0.0167054 0.0121965 0.00876759 0.00620494 0.00432282 0.0029644 0.00200089 0.00132926 0.000869166 0.000559416 0.000354513 0.000221405 0.000136651 8.40588e-05 5.28204e-05 3.61299e-05 
3.69825e-05 4.12266e-05 5.80315e-05 9.1482e-05 0.000149219 0.000243583 0.000393255 0.000625455 0.000978719 0.00150623 0.00227956 0.00339271 0.00496593 0.00714911 0.0101239 0.0141041 0.0193336 0.0260809 0.034631 0.0452727 0.0582837 0.0739123 0.0923589 0.113757 0.138157 0.165515 0.195681 0.228405 0.26334 0.300053 0.338048 0.376788 0.415717 0.454287 0.491981 0.528334 0.56294 0.595471 0.625672 0.653366 0.678444 0.700858 0.720613 0.737752 0.752345 0.76448 0.774249 0.78174 0.787031 0.790181 0.791227 0.79018 0.787026 0.781726 0.77422 0.764427 0.752258 0.73762 0.720425 0.700603 0.678112 0.65295 0.625167 0.594876 0.562261 0.52758 0.49117 0.453439 0.414858 0.375948 0.337258 0.29934 0.262731 0.22792 0.195332 0.165306 0.138086 0.113811 0.0925214 0.0741612 0.058595 0.0456223 0.0349962 0.0264424 0.019676 0.0144163 0.0103991 0.00738433 0.00516129 0.00355062 0.00240395 0.00160181 0.00105041 0.000677974 0.000430822 0.000269785 0.000166957 0.000102986 6.49095e-05 4.45427e-05 
4.51452e-05 5.03337e-05 7.07191e-05 0.000111192 0.000180872 0.000294442 0.000474041 0.000751798 0.00117299 0.00179979 0.00271544 0.00402859 0.00587742 0.00843292 0.0119008 0.0165209 0.0225644 0.0303264 0.0401155 0.0522393 0.0669868 0.0846075 0.105291 0.129148 0.156192 0.186329 0.219349 0.254936 0.29267 0.332047 0.372507 0.413454 0.454287 0.494427 0.533344 0.570571 0.605718 0.638485 0.668655 0.696093 0.72074 0.742599 0.761722 0.778197 0.792136 0.80366 0.812891 0.819943 0.824909 0.827861 0.828844 0.827872 0.824928 0.819965 0.81291 0.803666 0.792118 0.778143 0.761618 0.742432 0.720497 0.695761 0.668226 0.637955 0.605087 0.569845 0.532537 0.493559 0.453383 0.412546 0.371629 0.331232 0.291948 0.254334 0.218886 0.186013 0.156026 0.129124 0.105392 0.0848126 0.0672712 0.0525771 0.0404814 0.0306981 0.0229236 0.0168538 0.0121982 0.00869015 0.00609325 0.00420464 0.00285525 0.00190802 0.00125472 0.00081204 0.000517377 0.000324824 0.000201536 0.000124648 7.87907e-05 5.42357e-05 
5.44257e-05 6.06875e-05 8.51132e-05 0.000133489 0.000216573 0.000351631 0.000564604 0.000892986 0.00138938 0.00212567 0.0031976 0.00472942 0.00687819 0.0098369 0.0138359 0.0191418 0.0260524 0.0348885 0.0459807 0.0596522 0.0761991 0.0958671 0.11883 0.145166 0.174848 0.207723 0.243519 0.281846 0.322211 0.364041 0.40671 0.44957 0.491981 0.533344 0.57312 0.610853 0.646178 0.67883 0.708636 0.735512 0.759452 0.780509 0.798786 0.814414 0.827546 0.838337 0.846935 0.853474 0.858065 0.86079 0.861701 0.860812 0.858107 0.853531 0.847001 0.838402 0.827599 0.814441 0.798772 0.780438 0.759308 0.73528 0.708302 0.678385 0.645618 0.610179 0.572343 0.532481 0.491057 0.448616 0.405762 0.363137 0.321386 0.281133 0.242943 0.207299 0.174582 0.145056 0.118861 0.0960203 0.0764488 0.0599711 0.0463412 0.0352657 0.0264249 0.0194929 0.0141541 0.0101154 0.00711424 0.00492373 0.00335316 0.00224698 0.0014816 0.000961374 0.000614074 0.000386489 0.000240389 0.000149058 9.44823e-05 6.52285e-05 
6.48069e-05 7.22683e-05 0.00010118 0.000158309 0.000256201 0.000414927 0.000664545 0.00104832 0.00162671 0.00248192 0.00372292 0.00549032 0.00796075 0.0113498 0.0159131 0.0219433 0.0297647 0.0397222 0.0521659 0.0674314 0.0858174 0.107561 0.132812 0.161615 0.19389 0.229425 0.267878 0.308785 0.351578 0.395617 0.440214 0.484677 0.528334 0.570571 0.610853 0.648743 0.68391 0.716129 0.74528 0.771333 0.794334 0.814391 0.831655 0.8463 0.858515 0.868485 0.876383 0.882362 0.886546 0.889025 0.889857 0.889058 0.886609 0.882453 0.876494 0.868606 0.858635 0.846406 0.831731 0.81442 0.794295 0.771208 0.745053 0.715785 0.683439 0.648143 0.610129 0.569737 0.527412 0.483699 0.439217 0.394641 0.350664 0.30797 0.267194 0.228894 0.193523 0.161415 0.132768 0.107655 0.0860255 0.0677248 0.0525153 0.0401 0.0301466 0.0223099 0.0162501 0.0116484 0.00821649 0.00570274 0.00389436 0.00261658 0.00172975 0.00112519 0.000720448 0.000454513 0.000283365 0.000176134 0.00011194 7.74961e-05 
7.62278e-05 8.50076e-05 0.000118821 0.000185488 0.000299476 0.000483859 0.00077308 0.00121653 0.00188294 0.00286536 0.0042865 0.00630388 0.0091142 0.012956 0.0181097 0.0248942 0.0336589 0.0447708 0.0585969 0.0754816 0.0957218 0.11954 0.147059 0.178281 0.213071 0.251152 0.29211 0.335405 0.380398 0.426382 0.472616 0.518366 0.56294 0.605718 0.646178 0.68391 0.718621 0.750137 0.778392 0.803411 0.825297 0.844208 0.860341 0.873912 0.885141 0.894241 0.901405 0.9068 0.910561 0.912786 0.913535 0.912828 0.910643 0.906918 0.901554 0.894412 0.885324 0.874093 0.860503 0.844333 0.825364 0.803398 0.778278 0.749904 0.718254 0.6834 0.645527 0.604935 0.562044 0.517386 0.47159 0.425352 0.379409 0.334499 0.291325 0.250517 0.212604 0.177989 0.146936 0.119571 0.0958825 0.0757437 0.0589297 0.0451445 0.0340464 0.0252733 0.0184635 0.0132733 0.00938881 0.00653403 0.00447373 0.00301345 0.00199698 0.0013021 0.000835636 0.000528365 0.000330145 0.000205686 0.000131048 9.09628e-05 
