2.81236e-20 2.20836e-20 5.13751e-20 1.61785e-19 5.16057e-19 1.61184e-18 4.91294e-18 1.46056e-17 4.2339e-17 1.19649e-16 3.29568e-16 8.84648e-16 2.31382e-15 5.8963e-15 1.46382e-14 3.54032e-14 8.34147e-14 1.91471e-13 4.28199e-13 9.3306e-13 1.98123e-12 4.09983e-12 8.2689e-12 1.62562e-11 3.11542e-11 5.82051e-11 1.06015e-10 1.88251e-10 3.25883e-10 5.49942e-10 9.04627e-10 1.45036e-09 2.26612e-09 3.45004e-09 5.11719e-09 7.39313e-09 1.04026e-08 1.42531e-08 1.90146e-08 2.46988e-08 3.12407e-08 3.84895e-08 4.62108e-08 5.41034e-08 6.18271e-08 6.9038e-08 7.54215e-08 8.07174e-08 8.4731e-08 8.73321e-08 8.84456e-08 8.80408e-08 8.61267e-08 8.27546e-08 7.80284e-08 7.21154e-08 6.52508e-08 5.77308e-08 4.98916e-08 4.20784e-08 3.46109e-08 2.77515e-08 2.16854e-08 1.65124e-08 1.22526e-08 8.86076e-09 6.2462e-09 4.29292e-09 2.87725e-09 1.88098e-09 1.19966e-09 7.46597e-10 4.53458e-10 2.68829e-10 1.55581e-10 8.7906e-11 4.8495e-11 2.61224e-11 1.37398e-11 7.05665e-12 3.5389e-12 1.73294e-12 8.28571e-13 3.86814e-13 1.76318e-13 7.84715e-14 3.41004e-14 1.44696e-14 5.99563e-15 2.42624e-15 9.58973e-16 3.70268e-16 1.39681e-16 5.14936e-17 1.85548e-17 6.53653e-18 2.25183e-18 7.58887e-19 2.50522e-19 8.21033e-20 
2.20836e-20 1.72618e-20 4.10768e-20 1.32193e-19 4.30192e-19 1.3703e-18 4.25885e-18 1.29079e-17 3.81395e-17 1.09836e-16 3.08218e-16 8.42624e-16 2.24385e-15 5.81941e-15 1.46975e-14 3.61456e-14 8.65571e-14 2.0183e-13 4.58265e-13 1.01326e-12 2.18189e-12 4.57602e-12 9.34819e-12 1.86032e-11 3.60665e-11 6.81239e-11 1.25369e-10 2.24791e-10 3.92703e-10 6.68384e-10 1.10825e-09 1.79005e-09 2.81616e-09 4.31477e-09 6.43729e-09 9.35025e-09 1.32205e-08 1.81937e-08 2.43669e-08 3.176e-08 4.02915e-08 4.97645e-08 5.98697e-08 7.02075e-08 8.03264e-08 8.97701e-08 9.81232e-08 1.05044e-07 1.10281e-07 1.13667e-07 1.15108e-07 1.14565e-07 1.1205e-07 1.07627e-07 1.0143e-07 9.36755e-08 8.46719e-08 7.48109e-08 6.45382e-08 5.43123e-08 4.45563e-08 3.5616e-08 2.77326e-08 2.10332e-08 1.55381e-08 1.11821e-08 7.84065e-09 5.35767e-09 3.56849e-09 2.31722e-09 1.46726e-09 9.06112e-10 5.45829e-10 3.20767e-10 1.8392e-10 1.029e-10 5.61795e-11 2.99319e-11 1.55632e-11 7.8972e-12 3.91073e-12 1.88994e-12 8.91336e-13 4.10237e-13 1.8426e-13 8.07686e-14 3.45533e-14 1.44279e-14 5.88061e-15 2.33995e-15 9.09113e-16 3.44933e-16 1.27834e-16 4.62858e-17 1.63774e-17 5.66438e-18 1.91554e-18 6.33609e-19 2.05254e-19 6.59622e-20 
5.13751e-20 4.10768e-20 9.99636e-20 3.24706e-19 1.0637e-18 3.40847e-18 1.0652e-17 3.24492e-17 9.6326e-17 2.78571e-16 7.8465e-16 2.15215e-15 5.74707e-15 1.49395e-14 3.77999e-14 9.30855e-14 2.23099e-13 5.20403e-13 1.18148e-12 2.61092e-12 5.61672e-12 1.17637e-11 2.39901e-11 4.76431e-11 9.2151e-11 1.7361e-10 3.18608e-10 5.696e-10 9.92032e-10 1.68315e-09 2.78196e-09 4.47906e-09 7.02419e-09 1.07284e-08 1.59571e-08 2.31095e-08 3.25829e-08 4.47192e-08 5.97412e-08 7.76832e-08 9.83346e-08 1.21208e-07 1.4555e-07 1.70395e-07 1.94657e-07 2.17249e-07 2.37185e-07 2.53663e-07 2.66094e-07 2.74096e-07 2.77453e-07 2.76081e-07 2.70007e-07 2.59379e-07 2.4451e-07 2.25909e-07 2.04306e-07 1.80633e-07 1.55954e-07 1.31366e-07 1.07885e-07 8.63429e-08 6.73237e-08 5.11377e-08 3.78405e-08 2.72812e-08 1.91658e-08 1.31228e-08 8.75884e-09 5.69984e-09 3.61698e-09 2.23852e-09 1.35132e-09 7.95762e-10 4.57161e-10 2.56236e-10 1.40122e-10 7.47607e-11 3.89166e-11 1.97642e-11 9.79239e-12 4.73311e-12 2.2317e-12 1.02647e-12 4.6054e-13 2.01562e-13 8.60572e-14 3.5845e-14 1.45672e-14 5.77672e-15 2.23571e-15 8.44611e-16 3.11527e-16 1.1221e-16 3.94799e-17 1.3572e-17 4.55995e-18 1.49793e-18 4.81717e-19 1.53668e-19 
1.61785e-19 1.32193e-19 3.24706e-19 1.05368e-18 3.44374e-18 1.10068e-17 3.4305e-17 1.04204e-16 3.08396e-16 8.89017e-16 2.49563e-15 6.82056e-15 1.81447e-14 4.69787e-14 1.18365e-13 2.90191e-13 6.92263e-13 1.60689e-12 3.62955e-12 7.97824e-12 1.70687e-11 3.55459e-11 7.20683e-11 1.42275e-10 2.73533e-10 5.12206e-10 9.3429e-10 1.6602e-09 2.87414e-09 4.8477e-09 7.96613e-09 1.27536e-08 1.98915e-08 3.02221e-08 4.47258e-08 6.44647e-08 9.04827e-08 1.23664e-07 1.64562e-07 2.13221e-07 2.69026e-07 3.30633e-07 3.95998e-07 4.62529e-07 5.27337e-07 5.87541e-07 6.40551e-07 6.84267e-07 7.17164e-07 7.38255e-07 7.46993e-07 7.43162e-07 7.26836e-07 6.98405e-07 6.58679e-07 6.08995e-07 5.51277e-07 4.8798e-07 4.21923e-07 3.56019e-07 2.92973e-07 2.35018e-07 1.83731e-07 1.39967e-07 1.03906e-07 7.51734e-08 5.30107e-08 3.64424e-08 2.44268e-08 1.59665e-08 1.01788e-08 6.32964e-09 3.83971e-09 2.2724e-09 1.31207e-09 7.39143e-10 4.06251e-10 2.17843e-10 1.13961e-10 5.81582e-11 2.89516e-11 1.40578e-11 6.65755e-12 3.07502e-12 1.38518e-12 6.08547e-13 2.60749e-13 1.08973e-13 4.44254e-14 1.7669e-14 6.85699e-15 2.59704e-15 9.60154e-16 3.46597e-16 1.22193e-16 4.20843e-17 1.41639e-17 4.66012e-18 1.50089e-18 4.79722e-19 
5.16057e-19 4.30192e-19 1.0637e-18 3.44374e-18 1.12173e-17 3.57264e-17 1.10945e-16 3.35742e-16 9.89801e-16 2.8419e-15 7.94463e-15 2.16193e-14 5.72568e-14 1.47556e-13 3.69977e-13 9.02503e-13 2.14171e-12 4.94443e-12 1.11055e-11 2.42696e-11 5.16121e-11 1.06824e-10 2.15225e-10 4.22184e-10 8.06443e-10 1.50032e-09 2.71891e-09 4.80023e-09 8.2571e-09 1.38395e-08 2.26023e-08 3.59692e-08 5.57757e-08 8.42704e-08 1.24048e-07 1.77891e-07 2.485e-07 3.38118e-07 4.48086e-07 5.78382e-07 7.27254e-07 8.91039e-07 1.06427e-06 1.2401e-06 1.41093e-06 1.56925e-06 1.70835e-06 1.82282e-06 1.90875e-06 1.96363e-06 1.98609e-06 1.97559e-06 1.93233e-06 1.8573e-06 1.7526e-06 1.62167e-06 1.46951e-06 1.3025e-06 1.128e-06 9.5363e-07 7.86512e-07 6.32544e-07 4.95935e-07 3.7902e-07 2.82362e-07 2.05066e-07 1.45204e-07 1.00259e-07 6.75129e-08 4.43434e-08 2.84117e-08 1.77595e-08 1.08308e-08 6.44465e-09 3.74161e-09 2.11949e-09 1.17139e-09 6.31601e-10 3.32217e-10 1.70451e-10 8.52977e-11 4.16287e-11 1.98123e-11 9.19468e-12 4.16088e-12 1.83603e-12 7.90015e-13 3.31498e-13 1.35663e-13 5.4155e-14 2.10904e-14 8.01474e-15 2.97269e-15 1.07641e-15 3.80614e-16 1.31462e-16 4.4367e-17 1.46364e-17 4.72647e-18 1.51549e-18 
1.61184e-18 1.3703e-18 3.40847e-18 1.10068e-17 3.57264e-17 1.13368e-16 3.50723e-16 1.05724e-15 3.10436e-15 8.8763e-15 2.47079e-14 6.69385e-14 1.76466e-13 4.52597e-13 1.12921e-12 2.74034e-12 6.46823e-12 1.48498e-11 3.31615e-11 7.20388e-11 1.52258e-10 3.13148e-10 6.26845e-10 1.22153e-09 2.31779e-09 4.28311e-09 7.70976e-09 1.35204e-08 2.31027e-08 3.84685e-08 6.24236e-08 9.8721e-08 1.52157e-07 2.28554e-07 3.34566e-07 4.7725e-07 6.6336e-07 8.98392e-07 1.18545e-06 1.5241e-06 1.90951e-06 2.33201e-06 2.77742e-06 3.22816e-06 3.66494e-06 4.06876e-06 4.42275e-06 4.71342e-06 4.93108e-06 5.06958e-06 5.12556e-06 5.09774e-06 4.98661e-06 4.79465e-06 4.52706e-06 4.19247e-06 3.80341e-06 3.37599e-06 2.92879e-06 2.48117e-06 2.05129e-06 1.65426e-06 1.30101e-06 9.97712e-07 7.46072e-07 5.44046e-07 3.86916e-07 2.68394e-07 1.81618e-07 1.19899e-07 7.72299e-08 4.85389e-08 2.97678e-08 1.78138e-08 1.0402e-08 5.92652e-09 3.29442e-09 1.78653e-09 9.45036e-10 4.87572e-10 2.45318e-10 1.20357e-10 5.7574e-11 2.68511e-11 1.22085e-11 5.41156e-12 2.33863e-12 9.85394e-13 4.04871e-13 1.62235e-13 6.34125e-14 2.41823e-14 8.99947e-15 3.26924e-15 1.1596e-15 4.0173e-16 1.35975e-16 4.49849e-17 1.45678e-17 4.68679e-18 
4.91294e-18 4.25885e-18 1.0652e-17 3.4305e-17 1.10945e-16 3.50723e-16 1.08081e-15 3.24506e-15 9.48932e-15 2.7018e-14 7.48778e-14 2.0194e-13 5.29865e-13 1.35238e-12 3.35704e-12 8.104e-12 1.90241e-11 4.34279e-11 9.64091e-11 2.0816e-10 4.3719e-10 8.93343e-10 1.77638e-09 3.43819e-09 6.47893e-09 1.18895e-08 2.12523e-08 3.70103e-08 6.28041e-08 1.03864e-07 1.67416e-07 2.63038e-07 4.02857e-07 6.01448e-07 8.75296e-07 1.24168e-06 1.71688e-06 2.31383e-06 3.03934e-06 3.89139e-06 4.85704e-06 5.91161e-06 7.01958e-06 8.13736e-06 9.21751e-06 1.02136e-05 1.10848e-05 1.17986e-05 1.23317e-05 1.26697e-05 1.28046e-05 1.27335e-05 1.24575e-05 1.19827e-05 1.13214e-05 1.04946e-05 9.53247e-06 8.47436e-06 7.36567e-06 6.25388e-06 5.18371e-06 4.19274e-06 3.30833e-06 2.54639e-06 1.91179e-06 1.40015e-06 1.00038e-06 6.97361e-07 4.74336e-07 3.14837e-07 2.03929e-07 1.28908e-07 7.95217e-08 4.78727e-08 2.81229e-08 1.61201e-08 9.01484e-09 4.91787e-09 2.61674e-09 1.35783e-09 6.8701e-10 3.3889e-10 1.62962e-10 7.63849e-11 3.48984e-11 1.5541e-11 6.74599e-12 2.85455e-12 1.17763e-12 4.73727e-13 1.85857e-13 7.11307e-14 2.65628e-14 9.68157e-15 3.4451e-15 1.19722e-15 4.0645e-16 1.34862e-16 4.38011e-17 1.41412e-17 
1.46056e-17 1.29079e-17 3.24492e-17 1.04204e-16 3.35742e-16 1.05724e-15 3.24506e-15 9.70318e-15 2.8255e-14 8.00988e-14 2.20993e-13 5.93244e-13 1.54913e-12 3.93421e-12 9.7156e-12 2.3328e-11 5.4457e-11 1.23594e-10 2.72727e-10 5.85184e-10 1.22112e-09 2.47863e-09 4.89505e-09 9.40827e-09 1.76031e-08 3.20715e-08 5.69134e-08 9.83971e-08 1.65774e-07 2.72207e-07 4.35707e-07 6.79911e-07 1.03444e-06 1.53454e-06 2.21962e-06 3.13044e-06 4.30478e-06 5.7718e-06 7.54554e-06 9.61869e-06 1.1958e-05 1.45025e-05 1.71663e-05 1.9845e-05 2.24259e-05 2.47999e-05 2.68711e-05 2.85641e-05 2.98254e-05 3.0622e-05 3.09359e-05 3.07607e-05 3.00991e-05 2.89647e-05 2.73863e-05 2.54124e-05 2.31139e-05 2.0583e-05 1.79266e-05 1.52574e-05 1.26817e-05 1.02898e-05 8.1481e-06 6.29609e-06 4.74721e-06 3.4928e-06 2.50786e-06 1.75734e-06 1.20188e-06 8.02291e-07 5.22737e-07 3.32437e-07 2.06346e-07 1.25001e-07 7.38961e-08 4.26249e-08 2.39869e-08 1.31667e-08 7.04853e-09 3.67922e-09 1.8723e-09 9.28735e-10 4.49004e-10 2.1155e-10 9.71317e-11 4.34603e-11 1.89509e-11 8.0539e-12 3.33644e-12 1.34751e-12 5.30691e-13 2.03853e-13 7.63959e-14 2.79399e-14 9.97506e-15 3.47759e-15 1.1843e-15 3.94149e-16 1.28402e-16 4.16057e-17 
4.2339e-17 3.81395e-17 9.6326e-17 3.08396e-16 9.89801e-16 3.10436e-15 9.48932e-15 2.8255e-14 8.19208e-14 2.312e-13 6.34955e-13 1.69643e-12 4.40815e-12 1.11382e-11 2.73609e-11 6.53362e-11 1.51654e-10 3.42153e-10 7.50371e-10 1.59979e-09 3.31631e-09 6.6856e-09 1.31109e-08 2.50181e-08 4.64669e-08 8.40305e-08 1.48003e-07 2.53961e-07 4.24664e-07 6.92158e-07 1.09984e-06 1.70407e-06 2.57472e-06 3.79399e-06 5.45267e-06 7.64335e-06 1.04502e-05 1.39361e-05 1.81277e-05 2.30023e-05 2.84773e-05 3.44077e-05 4.05924e-05 4.67905e-05 5.27443e-05 5.82055e-05 6.29584e-05 6.6834e-05 6.97142e-05 7.15261e-05 7.22312e-05 7.18154e-05 7.02849e-05 6.76699e-05 6.40341e-05 5.9486e-05 5.41853e-05 4.83403e-05 4.21946e-05 3.60051e-05 3.00166e-05 2.44379e-05 1.94249e-05 1.50726e-05 1.14165e-05 8.44107e-06 6.09252e-06 4.29287e-06 2.953e-06 1.98312e-06 1.30016e-06 8.32122e-07 5.19862e-07 3.16994e-07 1.88633e-07 1.09524e-07 6.20367e-08 3.42719e-08 1.84623e-08 9.69616e-09 4.96357e-09 2.47626e-09 1.20378e-09 5.70172e-10 2.6312e-10 1.18302e-10 5.18255e-11 2.21233e-11 9.20397e-12 3.73248e-12 1.47574e-12 5.69017e-13 2.14022e-13 7.85494e-14 2.81393e-14 9.84265e-15 3.36273e-15 1.12268e-15 3.66885e-16 1.19331e-16 
1.19649e-16 1.09836e-16 2.78571e-16 8.89017e-16 2.8419e-15 8.8763e-15 2.7018e-14 8.00988e-14 2.312e-13 6.49518e-13 1.7754e-12 4.72033e-12 1.22042e-11 3.06762e-11 7.495e-11 1.77975e-10 4.10701e-10 9.21006e-10 2.00717e-09 4.25142e-09 8.7535e-09 1.75237e-08 3.41177e-08 6.46224e-08 1.1912e-07 2.13763e-07 3.73582e-07 6.3605e-07 1.05532e-06 1.70681e-06 2.69154e-06 4.13922e-06 6.20883e-06 9.08511e-06 1.29694e-05 1.80638e-05 2.45482e-05 3.25514e-05 4.21195e-05 5.31873e-05 6.55577e-05 7.88977e-05 9.27542e-05 0.000106591 0.000119839 0.000131957 0.000142475 0.000151031 0.000157373 0.000161347 0.000162874 0.000161924 0.000158512 0.0001527 0.000144625 0.000134519 0.000122728 0.000109707 9.59875e-05 8.21365e-05 6.8696e-05 5.61326e-05 4.47995e-05 3.49174e-05 2.65762e-05 1.97525e-05 1.43361e-05 1.01607e-05 7.03234e-06 4.75274e-06 3.13642e-06 2.02084e-06 1.27112e-06 7.80423e-07 4.67607e-07 2.73366e-07 1.5589e-07 8.6695e-08 4.70067e-08 2.48435e-08 1.27955e-08 6.42111e-09 3.13916e-09 1.49495e-09 6.93467e-10 3.13343e-10 1.37923e-10 5.91451e-11 2.47138e-11 1.00642e-11 3.99526e-12 1.54649e-12 5.83863e-13 2.15066e-13 7.73166e-14 2.71368e-14 9.30225e-15 3.11578e-15 1.02155e-15 3.33576e-16 
3.29568e-16 3.08218e-16 7.8465e-16 2.49563e-15 7.94463e-15 2.47079e-14 7.48778e-14 2.20993e-13 6.34955e-13 1.7754e-12 4.82938e-12 1.2776e-11 3.28615e-11 8.21602e-11 1.99632e-10 4.71329e-10 1.0812e-09 2.40964e-09 5.2177e-09 1.09781e-08 2.24473e-08 4.46158e-08 8.62237e-08 1.62077e-07 2.96437e-07 5.27752e-07 9.1493e-07 1.54516e-06 2.543e-06 4.0799e-06 6.38283e-06 9.7397e-06 1.4499e-05 2.10605e-05 2.98533e-05 4.13008e-05 5.57702e-05 7.35118e-05 9.45934e-05 0.000118842 0.000145805 0.000174744 0.000204677 0.000234454 0.000262869 0.00028878 0.000311211 0.000329409 0.000342863 0.000351261 0.000354446 0.000352362 0.000345034 0.000332592 0.000315312 0.000293676 0.000268402 0.00024044 0.000210915 0.000181024 0.000151927 0.000124628 9.98985e-05 7.82345e-05 5.98544e-05 4.47337e-05 3.26591e-05 2.32912e-05 1.62248e-05 1.10391e-05 7.33533e-06 4.75964e-06 3.01527e-06 1.8646e-06 1.12526e-06 6.62531e-07 3.80476e-07 2.13053e-07 1.16295e-07 6.18635e-08 3.20627e-08 1.61873e-08 7.95965e-09 3.81167e-09 1.77756e-09 8.07284e-10 3.57073e-10 1.5384e-10 6.45705e-11 2.64087e-11 1.05273e-11 4.09127e-12 1.55062e-12 5.73324e-13 2.06864e-13 7.28644e-14 2.5064e-14 8.4237e-15 2.77124e-15 9.08637e-16 
8.84648e-16 8.42624e-16 2.15215e-15 6.82056e-15 2.16193e-14 6.69385e-14 2.0194e-13 5.93244e-13 1.69643e-12 4.72033e-12 1.2776e-11 3.36251e-11 8.60302e-11 2.13917e-10 5.16832e-10 1.21309e-09 2.76583e-09 6.12524e-09 1.31763e-08 2.75342e-08 5.59023e-08 1.10297e-07 2.11544e-07 3.94544e-07 7.15846e-07 1.26403e-06 2.17321e-06 3.6395e-06 5.93962e-06 9.44981e-06 1.46618e-05 2.21912e-05 3.27736e-05 4.72399e-05 6.64687e-05 9.13086e-05 0.000122475 0.000160425 0.000205229 0.000256455 0.000313104 0.000373605 0.000435903 0.000497628 0.000556319 0.000609669 0.000655721 0.000692988 0.000720462 0.000737547 0.000743944 0.000739547 0.000724408 0.000698773 0.000663181 0.000618585 0.000566418 0.000508592 0.00044738 0.000385227 0.00032451 0.000267318 0.000215274 0.00016945 0.000130357 9.80017e-05 7.19978e-05 5.16844e-05 3.6251e-05 2.48399e-05 1.66259e-05 1.0868e-05 6.93661e-06 4.32179e-06 2.62769e-06 1.55862e-06 9.0161e-07 5.08469e-07 2.79472e-07 1.49662e-07 7.80685e-08 3.96587e-08 1.96171e-08 9.44771e-09 4.42996e-09 2.0224e-09 8.99018e-10 3.89191e-10 1.64109e-10 6.74177e-11 2.699e-11 1.05328e-11 4.00808e-12 1.48772e-12 5.38834e-13 1.90498e-13 6.57645e-14 2.2181e-14 7.32306e-15 2.4114e-15 
2.31382e-15 2.24385e-15 5.74707e-15 1.81447e-14 5.72568e-14 1.76466e-13 5.29865e-13 1.54913e-12 4.40815e-12 1.22042e-11 3.28615e-11 8.60302e-11 2.1891e-10 5.41267e-10 1.30013e-09 3.03329e-09 6.87282e-09 1.51223e-08 3.23122e-08 6.70518e-08 1.3515e-07 2.64656e-07 5.03662e-07 9.31848e-07 1.67681e-06 2.93599e-06 5.00456e-06 8.30867e-06 1.34418e-05 2.12e-05 3.26097e-05 4.89383e-05 7.16774e-05 0.000102486 0.000143086 0.000195105 0.000259864 0.000338141 0.000429923 0.000534198 0.000648843 0.000770638 0.000895456 0.0010186 0.00113525 0.00124093 0.00133189 0.00140529 0.00145925 0.00149269 0.00150504 0.00149614 0.00146607 0.00141529 0.00134479 0.00125637 0.00115278 0.0010377 0.000915546 0.000791111 0.00066909 0.000553647 0.00044808 0.000354622 0.000274414 0.000207601 0.000153531 0.000110983 7.84075e-05 5.41286e-05 3.65072e-05 2.40498e-05 1.54704e-05 9.71443e-06 5.95256e-06 3.55797e-06 2.07371e-06 1.17809e-06 6.52142e-07 3.51641e-07 1.84644e-07 9.43962e-08 4.6978e-08 2.27571e-08 1.07304e-08 4.92504e-09 2.2006e-09 9.57371e-10 4.05615e-10 1.67397e-10 6.73132e-11 2.63819e-11 1.00811e-11 3.7571e-12 1.36615e-12 4.84849e-13 1.68012e-13 5.68766e-14 1.88476e-14 6.23411e-15 
5.8963e-15 5.81941e-15 1.49395e-14 4.69787e-14 1.47556e-13 4.52597e-13 1.35238e-12 3.93421e-12 1.11382e-11 3.06762e-11 8.21602e-11 2.13917e-10 5.41267e-10 1.33057e-09 3.17697e-09 7.36637e-09 1.65841e-08 3.62488e-08 7.69219e-08 1.58485e-07 3.17081e-07 6.16158e-07 1.16328e-06 2.13459e-06 3.80864e-06 6.61097e-06 1.11693e-05 1.83777e-05 2.94636e-05 4.60503e-05 7.02001e-05 0.000104421 0.000151617 0.000214963 0.000297687 0.000402756 0.000532484 0.000688073 0.000869183 0.00107356 0.00129689 0.00153281 0.00177337 0.00200963 0.00223255 0.0024338 0.00260646 0.0027454 0.00284727 0.00291013 0.00293308 0.0029158 0.00285844 0.00276177 0.00262759 0.00245911 0.00226137 0.00204116 0.00180673 0.00156705 0.00133104 0.00110669 0.000900443 0.000716775 0.000558129 0.00042506 0.00031657 0.000230529 0.000164112 0.000114188 7.76345e-05 5.15603e-05 3.34391e-05 2.11695e-05 1.30769e-05 7.87871e-06 4.62783e-06 2.64906e-06 1.47718e-06 8.02151e-07 4.24071e-07 2.18216e-07 1.09279e-07 5.32549e-08 2.52551e-08 1.16555e-08 5.23554e-09 2.28934e-09 9.74712e-10 4.04175e-10 1.63274e-10 6.42776e-11 2.46685e-11 9.23251e-12 3.37095e-12 1.20117e-12 4.17874e-13 1.42008e-13 4.72408e-14 1.56987e-14 
1.46382e-14 1.46975e-14 3.77999e-14 1.18365e-13 3.69977e-13 1.12921e-12 3.35704e-12 9.7156e-12 2.73609e-11 7.495e-11 1.99632e-10 5.16832e-10 1.30013e-09 3.17697e-09 7.53897e-09 1.73695e-08 3.88482e-08 8.43363e-08 1.77708e-07 3.63467e-07 7.21685e-07 1.39139e-06 2.60552e-06 4.74086e-06 8.38559e-06 1.44261e-05 2.41516e-05 3.93714e-05 6.25328e-05 9.68222e-05 0.000146224 0.000215503 0.00031008 0.000435765 0.00059833 0.000802917 0.00105331 0.00135115 0.00169518 0.00208064 0.00249906 0.00293847 0.00338411 0.00381971 0.00422895 0.00459704 0.00491181 0.00516437 0.005349 0.00546251 0.00550343 0.00547128 0.00536628 0.00518969 0.00494449 0.00463623 0.00427369 0.00386887 0.00343646 0.00299264 0.00255363 0.00213416 0.0017463 0.00139871 0.00109638 0.000840901 0.000630952 0.000463049 0.000332304 0.000233132 0.000159841 0.000107063 7.00294e-05 4.47114e-05 2.78517e-05 1.6919e-05 1.0018e-05 5.77931e-06 3.24702e-06 1.77605e-06 9.455e-07 4.89792e-07 2.46857e-07 1.21042e-07 5.77412e-08 2.67997e-08 1.2104e-08 5.32062e-09 2.27685e-09 9.48779e-10 3.8511e-10 1.52314e-10 5.87195e-11 2.20734e-11 8.09407e-12 2.89628e-12 1.01173e-12 3.45209e-13 1.15305e-13 3.85046e-14 
3.54032e-14 3.61456e-14 9.30855e-14 2.90191e-13 9.02503e-13 2.74034e-12 8.104e-12 2.3328e-11 6.53362e-11 1.77975e-10 4.71329e-10 1.21309e-09 3.03329e-09 7.36637e-09 1.73695e-08 3.97573e-08 8.83205e-08 1.90401e-07 3.98306e-07 8.08571e-07 1.59303e-06 3.04663e-06 5.65767e-06 1.02058e-05 1.78915e-05 3.04985e-05 5.05821e-05 8.16728e-05 0.00012847 0.000196989 0.000294623 0.000430052 0.000612961 0.000853498 0.00116148 0.00154531 0.00201073 0.00255952 0.00318821 0.00388728 0.00464085 0.00542719 0.00622014 0.00699128 0.00771252 0.00835866 0.00890931 0.00934978 0.00967082 0.00986748 0.00993753 0.00988025 0.00969599 0.0093866 0.0089568 0.00841566 0.00777774 0.00706331 0.0062974 0.00550791 0.0047231 0.00396901 0.00326738 0.00263426 0.00207947 0.00160689 0.00121522 0.000899178 0.000650774 0.000460535 0.000318547 0.000215268 0.00014206 9.15028e-05 5.74956e-05 3.52245e-05 2.10301e-05 1.22297e-05 6.92439e-06 3.81577e-06 2.04593e-06 1.06714e-06 5.41391e-07 2.67144e-07 1.28214e-07 5.98574e-08 2.71872e-08 1.20161e-08 5.16921e-09 2.16508e-09 8.83183e-10 3.50997e-10 1.35953e-10 5.13419e-11 1.89111e-11 6.79666e-12 2.38443e-12 8.17018e-13 2.74054e-13 9.19836e-14 
8.34147e-14 8.65571e-14 2.23099e-13 6.92263e-13 2.14171e-12 6.46823e-12 1.90241e-11 5.4457e-11 1.51654e-10 4.10701e-10 1.0812e-09 2.76583e-09 6.87282e-09 1.65841e-08 3.88482e-08 8.83205e-08 1.9484e-07 4.17025e-07 8.65927e-07 1.74438e-06 3.40946e-06 6.46692e-06 1.1907e-05 2.12895e-05 3.69826e-05 6.24514e-05 0.000102582 0.000164012 0.000255424 0.000387733 0.000574095 0.000829653 0.00117092 0.00161478 0.00217702 0.00287055 0.00370327 0.00467602 0.00578073 0.00699919 0.00830287 0.00965407 0.0110083 0.0123182 0.0135375 0.0146253 0.0155489 0.0162853 0.0168205 0.0171471 0.0172621 0.0171645 0.0168548 0.0163354 0.0156133 0.0147026 0.0136262 0.0124167 0.0111149 0.00976664 0.00841915 0.00711653 0.0058963 0.00478704 0.00380721 0.00296536 0.00226127 0.00168769 0.00123236 0.000880068 0.000614363 0.000419031 0.000279089 0.000181412 0.000115017 7.10842e-05 4.28019e-05 2.50964e-05 1.43227e-05 7.95315e-06 4.2957e-06 2.25643e-06 1.15253e-06 5.72418e-07 2.76454e-07 1.29846e-07 5.93214e-08 2.63672e-08 1.14052e-08 4.80246e-09 1.96919e-09 7.86556e-10 3.06161e-10 1.16176e-10 4.2993e-11 1.55227e-11 5.4702e-12 1.88262e-12 6.34291e-13 2.14025e-13 
1.91471e-13 2.0183e-13 5.20403e-13 1.60689e-12 4.94443e-12 1.48498e-11 4.34279e-11 1.23594e-10 3.42153e-10 9.21006e-10 2.40964e-09 6.12524e-09 1.51223e-08 3.62488e-08 8.43363e-08 1.90401e-07 4.17025e-07 8.85986e-07 1.82569e-06 3.64885e-06 7.07379e-06 1.33043e-05 2.42824e-05 4.30253e-05 7.40445e-05 0.000123837 0.00020141 0.000318781 0.000491373 0.000738196 0.00108168 0.00154706 0.00216117 0.00295063 0.00393938 0.00514575 0.00657921 0.00823722 0.0101027 0.0121426 0.0143079 0.016536 0.0187546 0.0208882 0.022864 0.0246188 0.0261032 0.0272828 0.0281373 0.028657 0.028838 0.0286791 0.0281806 0.0273457 0.026184 0.0247157 0.0229753 0.0210125 0.0188905 0.0166816 0.0144609 0.0123 0.0102609 0.00839232 0.00672749 0.00528388 0.00406468 0.0030613 0.00225632 0.00162668 0.00114651 0.000789542 0.000530913 0.000348371 0.000222922 0.000139021 8.44436e-05 4.99326e-05 2.87298e-05 1.60787e-05 8.75021e-06 4.62969e-06 2.38127e-06 1.19065e-06 5.78769e-07 2.73546e-07 1.25731e-07 5.62138e-08 2.44545e-08 1.03544e-08 4.2687e-09 1.71405e-09 6.70615e-10 2.55751e-10 9.511e-11 3.45044e-11 1.22165e-11 4.22376e-12 1.42964e-12 4.85065e-13 
4.28199e-13 4.58265e-13 1.18148e-12 3.62955e-12 1.11055e-11 3.31615e-11 9.64091e-11 2.72727e-10 7.50371e-10 2.00717e-09 5.2177e-09 1.31763e-08 3.23122e-08 7.69219e-08 1.77708e-07 3.98306e-07 8.65927e-07 1.82569e-06 3.73255e-06 7.39961e-06 1.42253e-05 2.65239e-05 4.79784e-05 8.42272e-05 0.00014357 0.000237759 0.000382792 0.000599608 0.000914529 0.00135929 0.00197046 0.00278813 0.00385372 0.00520683 0.00688136 0.00890093 0.0112742 0.0139906 0.0170168 0.0202956 0.0237466 0.0272703 0.0307548 0.0340849 0.037152 0.0398633 0.0421473 0.0439561 0.0452623 0.0460538 0.0463265 0.0460794 0.0453123 0.0440284 0.0422396 0.0399735 0.0372787 0.0342274 0.0309126 0.0274426 0.0239317 0.0204907 0.017218 0.014193 0.0114727 0.00909051 0.00705754 0.00536614 0.00399384 0.002908 0.00207016 0.00143989 0.000977843 0.00064791 0.000418561 0.000263457 0.000161471 9.63115e-05 5.588e-05 3.1526e-05 1.72901e-05 9.21658e-06 4.77472e-06 2.404e-06 1.17643e-06 5.59642e-07 2.58853e-07 1.16442e-07 5.09571e-08 2.17012e-08 8.99705e-09 3.63257e-09 1.42888e-09 5.47788e-10 2.04759e-10 7.46553e-11 2.65614e-11 9.22745e-12 3.1383e-12 1.07091e-12 
9.3306e-13 1.01326e-12 2.61092e-12 7.97824e-12 2.42696e-11 7.20388e-11 2.0816e-10 5.85184e-10 1.59979e-09 4.25142e-09 1.09781e-08 2.75342e-08 6.70518e-08 1.58485e-07 3.63467e-07 8.08571e-07 1.74438e-06 3.64885e-06 7.39961e-06 1.45473e-05 2.77264e-05 5.12395e-05 9.18388e-05 0.000159703 0.000269572 0.000441942 0.000704183 0.00109137 0.00164663 0.00242066 0.00347039 0.00485638 0.00663902 0.00887355 0.0116041 0.0148572 0.0186354 0.0229118 0.027626 0.0326838 0.0379593 0.0433015 0.0485452 0.0535235 0.0580821 0.0620914 0.0654543 0.0681076 0.0700175 0.0711708 0.0715645 0.0711977 0.0700696 0.0681819 0.0655478 0.0622019 0.0582088 0.0536671 0.0487072 0.0434831 0.0381607 0.0329036 0.0278607 0.023156 0.0188829 0.0151008 0.0118372 0.00909019 0.00683463 0.00502794 0.00361653 0.00254154 0.00174367 0.00116697 0.000761297 0.000483764 0.000299239 0.000180079 0.000105382 5.99474e-05 3.31406e-05 1.7802e-05 9.29117e-06 4.71167e-06 2.3218e-06 1.11197e-06 5.17703e-07 2.34369e-07 1.03202e-07 4.42167e-08 1.84399e-08 7.48796e-09 2.96193e-09 1.14173e-09 4.2905e-10 1.57248e-10 5.62315e-11 1.96321e-11 6.71027e-12 2.30339e-12 
1.98123e-12 2.18189e-12 5.61672e-12 1.70687e-11 5.16121e-11 1.52258e-10 4.3719e-10 1.22112e-09 3.31631e-09 8.7535e-09 2.24473e-08 5.59023e-08 1.3515e-07 3.17081e-07 7.21685e-07 1.59303e-06 3.40946e-06 7.07379e-06 1.42253e-05 2.77264e-05 5.23786e-05 9.5918e-05 0.000170307 0.000293295 0.000490138 0.000795299 0.00125385 0.00192226 0.00286823 0.00416925 0.00590964 0.00817601 0.0110511 0.0146063 0.018893 0.0239344 0.029717 0.0361846 0.0432351 0.0507207 0.0584532 0.0662149 0.0737729 0.0808976 0.0873811 0.0930527 0.0977879 0.101509 0.104179 0.105786 0.10633 0.105811 0.104226 0.101574 0.0978669 0.0931435 0.0874839 0.0810151 0.0739097 0.0663759 0.058642 0.0509384 0.0434802 0.0364524 0.0300003 0.0242247 0.0191811 0.0148831 0.0113089 0.00840875 0.00611334 0.0043421 0.00301041 0.00203559 0.00134135 0.000860708 0.000537453 0.000326398 0.000192697 0.000110553 6.16204e-05 3.33641e-05 1.75475e-05 8.96496e-06 4.44972e-06 2.14608e-06 1.00598e-06 4.58449e-07 2.03181e-07 8.76024e-08 3.67579e-08 1.5016e-08 5.97444e-09 2.31609e-09 8.75195e-10 3.22497e-10 1.15932e-10 4.0684e-11 1.39775e-11 4.82733e-12 
4.09983e-12 4.57602e-12 1.17637e-11 3.55459e-11 1.06824e-10 3.13148e-10 8.93343e-10 2.47863e-09 6.6856e-09 1.75237e-08 4.46158e-08 1.10297e-07 2.64656e-07 6.16158e-07 1.39139e-06 3.04663e-06 6.46692e-06 1.33043e-05 2.65239e-05 5.12395e-05 9.5918e-05 0.000174008 0.000305991 0.000521749 0.000863038 0.00138569 0.00216113 0.00327664 0.00483399 0.00694611 0.00973157 0.013307 0.0177778 0.0232275 0.0297068 0.0372231 0.0457312 0.055128 0.0652501 0.0758774 0.0867426 0.0975461 0.107977 0.117735 0.126556 0.134227 0.140601 0.14559 0.149157 0.151296 0.152015 0.151314 0.149189 0.145632 0.140647 0.134274 0.126605 0.117792 0.10805 0.0976456 0.0868767 0.0760521 0.0654673 0.0553855 0.0460226 0.0375389 0.0300357 0.0235572 0.0180967 0.0136049 0.0100007 0.00718123 0.00503271 0.00343912 0.00228962 0.00148393 0.000935621 0.00057355 0.000341687 0.000197753 0.000111161 6.06833e-05 3.21704e-05 1.65631e-05 8.28289e-06 4.02403e-06 1.89972e-06 8.71744e-07 3.88958e-07 1.68804e-07 7.1284e-08 2.93019e-08 1.17292e-08 4.57391e-09 1.73832e-09 6.44131e-10 2.32815e-10 8.21354e-11 2.83684e-11 9.85895e-12 
8.2689e-12 9.34819e-12 2.39901e-11 7.20683e-11 2.15225e-10 6.26845e-10 1.77638e-09 4.89505e-09 1.31109e-08 3.41177e-08 8.62237e-08 2.11544e-07 5.03662e-07 1.16328e-06 2.60552e-06 5.65767e-06 1.1907e-05 2.42824e-05 4.79784e-05 9.18388e-05 0.000170307 0.000305991 0.000532771 0.000899227 0.00147194 0.00233805 0.00360638 0.00540635 0.00788426 0.0111967 0.0155009 0.0209438 0.0276477 0.0356978 0.045128 0.0559103 0.0679457 0.0810613 0.0950108 0.109483 0.124117 0.138522 0.152302 0.16509 0.176566 0.186486 0.194684 0.201073 0.205625 0.208346 0.209254 0.208354 0.205635 0.201079 0.194679 0.186466 0.176533 0.165051 0.152271 0.138514 0.124147 0.109564 0.0951496 0.0812603 0.0682016 0.0562144 0.0454682 0.0360592 0.0280147 0.0213015 0.0158364 0.0114999 0.00814863 0.00562882 0.00378706 0.00247965 0.00157899 0.000977288 0.000587651 0.000343185 0.000194606 0.000107141 5.7269e-05 2.97223e-05 1.49798e-05 7.33296e-06 3.48748e-06 1.61189e-06 7.24249e-07 3.16466e-07 1.34528e-07 5.56569e-08 2.2419e-08 8.7959e-09 3.36274e-09 1.25324e-09 4.55506e-10 1.61574e-10 5.61085e-11 1.96247e-11 
1.62562e-11 1.86032e-11 4.76431e-11 1.42275e-10 4.22184e-10 1.22153e-09 3.43819e-09 9.40827e-09 2.50181e-08 6.46224e-08 1.62077e-07 3.94544e-07 9.31848e-07 2.13459e-06 4.74086e-06 1.02058e-05 2.12895e-05 4.30253e-05 8.42272e-05 0.000159703 0.000293295 0.000521749 0.000899227 0.00150197 0.00243237 0.0038214 0.0058284 0.00863726 0.0124486 0.0174682 0.023892 0.0318894 0.0415863 0.0530485 0.0662684 0.0811546 0.0975267 0.115116 0.133572 0.152479 0.171373 0.189769 0.207198 0.223229 0.237506 0.249765 0.25984 0.267655 0.273202 0.276508 0.277605 0.276503 0.273185 0.267617 0.259772 0.249662 0.237369 0.223068 0.207029 0.189613 0.171252 0.152413 0.133577 0.115199 0.0976912 0.0813953 0.0665744 0.0534042 0.0419731 0.032288 0.0242838 0.0178372 0.0127824 0.0089275 0.00607131 0.00401709 0.00258412 0.00161524 0.000980596 0.000578009 0.000330737 0.000183694 9.90304e-05 5.18252e-05 2.63317e-05 1.29919e-05 6.22637e-06 2.89933e-06 1.31221e-06 5.77441e-07 2.47157e-07 1.02937e-07 4.17324e-08 1.64764e-08 6.33742e-09 2.3758e-09 8.68457e-10 3.09765e-10 1.08165e-10 3.80789e-11 
3.11542e-11 3.60665e-11 9.2151e-11 2.73533e-10 8.06443e-10 2.31779e-09 6.47893e-09 1.76031e-08 4.64669e-08 1.1912e-07 2.96437e-07 7.15846e-07 1.67681e-06 3.80864e-06 8.38559e-06 1.78915e-05 3.69826e-05 7.40445e-05 0.00014357 0.000269572 0.000490138 0.000863038 0.00147194 0.00243237 0.00389616 0.00605281 0.00912638 0.0133669 0.0190363 0.0263893 0.035652 0.0469992 0.0605347 0.0762736 0.0941318 0.11392 0.135345 0.158018 0.18147 0.20517 0.228557 0.251067 0.272168 0.291396 0.30838 0.322858 0.334685 0.343815 0.35027 0.354106 0.355373 0.354088 0.350227 0.343735 0.334555 0.32267 0.308134 0.291103 0.271845 0.250739 0.228253 0.204917 0.18129 0.15793 0.135359 0.114037 0.0943456 0.0765711 0.0608971 0.0474043 0.0360762 0.0268102 0.0194343 0.0137268 0.00943817 0.00631191 0.00410281 0.00259061 0.0015883 0.000945237 0.000545935 0.000305983 0.000166423 8.78472e-05 4.50099e-05 2.23897e-05 1.08158e-05 5.07547e-06 2.3144e-06 1.0259e-06 4.42219e-07 1.85442e-07 7.56815e-08 3.00721e-08 1.16388e-08 4.38947e-09 1.61387e-09 5.78888e-10 2.03271e-10 7.2033e-11 
5.82051e-11 6.81239e-11 1.7361e-10 5.12206e-10 1.50032e-09 4.28311e-09 1.18895e-08 3.20715e-08 8.40305e-08 2.13763e-07 5.27752e-07 1.26403e-06 2.93599e-06 6.61097e-06 1.44261e-05 3.04985e-05 6.24514e-05 0.000123837 0.000237759 0.000441942 0.000795299 0.00138569 0.00233805 0.0038214 0.00605281 0.00929612 0.0138537 0.0200503 0.0282098 0.0386272 0.0515385 0.0670943 0.0853377 0.106191 0.129451 0.154792 0.181779 0.209886 0.238517 0.267036 0.294801 0.321195 0.345661 0.36773 0.387049 0.403393 0.416658 0.426843 0.434016 0.438266 0.439665 0.438239 0.433954 0.426731 0.41648 0.403138 0.386713 0.36732 0.345195 0.320701 0.294308 0.266577 0.238124 0.209585 0.18159 0.154726 0.12951 0.106368 0.0856181 0.0674562 0.0519557 0.0390719 0.0286551 0.0204727 0.0142349 0.00962443 0.00632305 0.00403425 0.0024986 0.00150175 0.000875752 0.000495469 0.000271961 0.000144841 7.48582e-05 3.75528e-05 1.829e-05 8.65138e-06 3.97557e-06 1.77546e-06 7.70878e-07 3.25532e-07 1.33755e-07 5.34958e-08 2.08354e-08 7.90576e-09 2.92378e-09 1.05471e-09 3.72443e-10 1.32858e-10 
1.06015e-10 1.25369e-10 3.18608e-10 9.3429e-10 2.71891e-09 7.70976e-09 2.12523e-08 5.69134e-08 1.48003e-07 3.73582e-07 9.1493e-07 2.17321e-06 5.00456e-06 1.11693e-05 2.41516e-05 5.05821e-05 0.000102582 0.00020141 0.000382792 0.000704183 0.00125385 0.00216113 0.00360638 0.0058284 0.00912638 0.0138537 0.0204014 0.0291713 0.040541 0.0548242 0.072234 0.0928525 0.116613 0.143293 0.172525 0.203813 0.236558 0.270088 0.303693 0.336657 0.36829 0.397964 0.425137 0.449384 0.470408 0.488047 0.502263 0.513118 0.520728 0.525225 0.526704 0.525196 0.520661 0.512994 0.502064 0.487757 0.470019 0.448899 0.42457 0.397338 0.367636 0.33601 0.303089 0.26956 0.236136 0.203519 0.172373 0.143287 0.116746 0.09311 0.0725907 0.0552501 0.0410031 0.0296377 0.020844 0.0142512 0.00946559 0.00610407 0.00382016 0.00231955 0.00136616 0.000780452 0.000432451 0.000232441 0.000121211 6.13357e-05 3.0126e-05 1.43666e-05 6.65421e-06 2.99448e-06 1.30977e-06 5.57044e-07 2.30453e-07 9.27807e-08 3.63663e-08 1.38835e-08 5.16484e-09 1.87376e-09 6.65409e-10 2.38942e-10 
1.88251e-10 2.24791e-10 5.696e-10 1.6602e-09 4.80023e-09 1.35204e-08 3.70103e-08 9.83971e-08 2.53961e-07 6.3605e-07 1.54516e-06 3.6395e-06 8.30867e-06 1.83777e-05 3.93714e-05 8.16728e-05 0.000164012 0.000318781 0.000599608 0.00109137 0.00192226 0.00327664 0.00540635 0.00863726 0.0133669 0.0200503 0.0291713 0.0412019 0.0565521 0.0755201 0.0982478 0.124694 0.154622 0.187615 0.223097 0.260376 0.298682 0.337211 0.375167 0.411793 0.446404 0.478411 0.507343 0.532858 0.554754 0.572961 0.587525 0.598578 0.606293 0.610838 0.612332 0.610814 0.606235 0.598467 0.587339 0.57268 0.554366 0.532359 0.506739 0.47772 0.445651 0.411009 0.374389 0.336477 0.298028 0.259836 0.222697 0.187374 0.154548 0.124782 0.098482 0.0758727 0.056988 0.0416817 0.0296571 0.0205093 0.0137753 0.00898103 0.00568119 0.00348583 0.00207417 0.00119678 0.000669607 0.000363324 0.000191206 9.76184e-05 4.83609e-05 2.3255e-05 1.08578e-05 4.92413e-06 2.1699e-06 9.29502e-07 3.87204e-07 1.56926e-07 6.19017e-08 2.3777e-08 8.89753e-09 3.24629e-09 1.15931e-09 4.1905e-10 
3.25883e-10 3.92703e-10 9.92032e-10 2.87414e-09 8.2571e-09 2.31027e-08 6.28041e-08 1.65774e-07 4.24664e-07 1.05532e-06 2.543e-06 5.93962e-06 1.34418e-05 2.94636e-05 6.25328e-05 0.00012847 0.000255424 0.000491373 0.000914529 0.00164663 0.00286823 0.00483399 0.00788426 0.0124486 0.0190363 0.0282098 0.040541 0.0565521 0.0766515 0.101072 0.129825 0.162682 0.199179 0.238655 0.280298 0.32321 0.366463 0.409156 0.450452 0.489611 0.526013 0.559166 0.588717 0.614452 0.636292 0.654277 0.668547 0.679307 0.686781 0.691171 0.692616 0.69116 0.686747 0.679232 0.668409 0.654051 0.635961 0.614006 0.588154 0.558492 0.525245 0.488772 0.449572 0.408272 0.365614 0.322438 0.279642 0.23815 0.19885 0.162542 0.129873 0.10129 0.0770079 0.0570037 0.0410409 0.0287136 0.0195073 0.0128613 0.00822552 0.00510139 0.00306743 0.00178804 0.0010104 0.000553547 0.000294048 0.000151486 7.5705e-05 3.67115e-05 1.72802e-05 7.89804e-06 3.50658e-06 1.51292e-06 6.34605e-07 2.589e-07 1.02777e-07 3.97185e-08 1.49499e-08 5.48521e-09 1.96979e-09 7.16666e-10 
5.49942e-10 6.68384e-10 1.68315e-09 4.8477e-09 1.38395e-08 3.84685e-08 1.03864e-07 2.72207e-07 6.92158e-07 1.70681e-06 4.0799e-06 9.44981e-06 2.12e-05 4.60503e-05 9.68222e-05 0.000196989 0.000387733 0.000738196 0.00135929 0.00242066 0.00416925 0.00694611 0.0111967 0.0174682 0.0263893 0.0386272 0.0548242 0.0755201 0.101072 0.131586 0.166877 0.206466 0.249609 0.295368 0.342684 0.390468 0.437672 0.483349 0.526686 0.567025 0.60387 0.636882 0.665868 0.690769 0.711648 0.728664 0.742047 0.752066 0.758989 0.763044 0.764382 0.76305 0.758991 0.752045 0.741981 0.728529 0.711423 0.690437 0.665417 0.636309 0.603179 0.566226 0.525798 0.482401 0.4367 0.389514 0.341797 0.294598 0.249002 0.206056 0.166685 0.131611 0.101292 0.075894 0.0553002 0.03915 0.0269087 0.017945 0.011606 0.00727719 0.0044227 0.00260499 0.00148698 0.000822649 0.00044115 0.000229353 0.000115632 5.65495e-05 2.68352e-05 1.23613e-05 5.52934e-06 2.4028e-06 1.0148e-06 4.16735e-07 1.66476e-07 6.47227e-08 2.45019e-08 9.03975e-09 3.26406e-09 1.19521e-09 
9.04627e-10 1.10825e-09 2.78196e-09 7.96613e-09 2.26023e-08 6.24236e-08 1.67416e-07 4.35707e-07 1.09984e-06 2.69154e-06 6.38283e-06 1.46618e-05 3.26097e-05 7.02001e-05 0.000146224 0.000294623 0.000574095 0.00108168 0.00197046 0.00347039 0.00590964 0.00973157 0.0155009 0.023892 0.035652 0.0515385 0.072234 0.0982478 0.129825 0.166877 0.208956 0.255276 0.30478 0.356238 0.408363 0.459915 0.509784 0.557043 0.600975 0.641071 0.677013 0.708654 0.73599 0.759132 0.778284 0.793716 0.805738 0.81467 0.820808 0.824391 0.825577 0.824415 0.820847 0.814709 0.805757 0.793691 0.778193 0.758954 0.735706 0.70825 0.676479 0.640403 0.600178 0.556129 0.508779 0.458857 0.407303 0.355236 0.303901 0.25458 0.208488 0.16666 0.129854 0.0984922 0.0726418 0.0520469 0.036198 0.0244217 0.0159754 0.0101288 0.00622278 0.003704 0.002136 0.00119341 0.00064609 0.000338991 0.000172417 8.50354e-05 4.06808e-05 1.88847e-05 8.51018e-06 3.72441e-06 1.58365e-06 6.54555e-07 2.63099e-07 1.02893e-07 3.91723e-08 1.45307e-08 5.2749e-09 1.94371e-09 
1.45036e-09 1.79005e-09 4.47906e-09 1.27536e-08 3.59692e-08 9.8721e-08 2.63038e-07 6.79911e-07 1.70407e-06 4.13922e-06 9.7397e-06 2.21912e-05 4.89383e-05 0.000104421 0.000215503 0.000430052 0.000829653 0.00154706 0.00278813 0.00485638 0.00817601 0.013307 0.0209438 0.0318894 0.0469992 0.0670943 0.0928525 0.124694 0.162682 0.206466 0.255276 0.307983 0.363201 0.419431 0.475198 0.529175 0.580262 0.627631 0.670729 0.709248 0.743093 0.772332 0.797155 0.817839 0.834716 0.848149 0.858505 0.866135 0.871346 0.874379 0.875387 0.874419 0.87142 0.86623 0.858604 0.848233 0.834765 0.817829 0.797064 0.772137 0.742773 0.708784 0.670106 0.626846 0.579323 0.528107 0.474048 0.418261 0.36209 0.307013 0.25452 0.205974 0.162476 0.12476 0.0931456 0.0675494 0.0475433 0.0324542 0.021475 0.0137691 0.00855194 0.0051445 0.00299718 0.00169116 0.000924291 0.000489397 0.000251101 0.000124882 6.02226e-05 2.81707e-05 1.27877e-05 5.63547e-06 2.4122e-06 1.00334e-06 4.05733e-07 1.59591e-07 6.10924e-08 2.27816e-08 8.31332e-09 3.08215e-09 
2.26612e-09 2.81616e-09 7.02419e-09 1.98915e-08 5.57757e-08 1.52157e-07 4.02857e-07 1.03444e-06 2.57472e-06 6.20883e-06 1.4499e-05 3.27736e-05 7.16774e-05 0.000151617 0.00031008 0.000612961 0.00117092 0.00216117 0.00385372 0.00663902 0.0110511 0.0177778 0.0276477 0.0415863 0.0605347 0.0853377 0.116613 0.154622 0.199179 0.249609 0.30478 0.363201 0.423179 0.482989 0.541037 0.595989 0.646837 0.692926 0.733921 0.769759 0.800584 0.82668 0.848423 0.86623 0.880539 0.891774 0.900339 0.906592 0.910834 0.913295 0.914117 0.913346 0.910932 0.906729 0.900503 0.89195 0.880709 0.866375 0.848519 0.826701 0.800499 0.769537 0.733532 0.692345 0.646053 0.595007 0.53989 0.481735 0.421902 0.361999 0.303751 0.248836 0.198711 0.15447 0.116747 0.0856984 0.0610433 0.0421624 0.0282219 0.018299 0.0114899 0.0069851 0.0041111 0.0023425 0.00129236 0.000690466 0.000357328 0.000179178 8.70867e-05 4.10427e-05 1.87638e-05 8.32542e-06 3.5867e-06 1.50106e-06 6.10571e-07 2.41506e-07 9.29437e-08 3.48364e-08 1.27765e-08 4.76508e-09 
3.45004e-09 4.31477e-09 1.07284e-08 3.02221e-08 8.42704e-08 2.28554e-07 6.01448e-07 1.53454e-06 3.79399e-06 9.08511e-06 2.10605e-05 4.72399e-05 0.000102486 0.000214963 0.000435765 0.000853498 0.00161478 0.00295063 0.00520683 0.00887355 0.0146063 0.0232275 0.0356978 0.0530485 0.0762736 0.106191 0.143293 0.187615 0.238655 0.295368 0.356238 0.419431 0.482989 0.545033 0.603936 0.658445 0.707724 0.751348 0.789245 0.82161 0.848822 0.871366 0.889771 0.904566 0.916256 0.925302 0.932112 0.937034 0.940349 0.942265 0.942908 0.942322 0.94046 0.937195 0.932316 0.92554 0.916517 0.904833 0.890024 0.871579 0.848961 0.821635 0.789113 0.751017 0.70716 0.657632 0.602885 0.543788 0.481629 0.418063 0.354979 0.294328 0.237917 0.187218 0.143232 0.106418 0.0767108 0.0536079 0.0362959 0.0237976 0.0151046 0.00927872 0.00551606 0.00317345 0.00176701 0.000952413 0.000497051 0.000251247 0.00012305 5.84142e-05 2.68908e-05 1.20099e-05 5.20645e-06 2.19192e-06 8.96637e-07 3.5657e-07 1.37931e-07 5.19525e-08 1.91467e-08 7.18177e-09 
5.11719e-09 6.43729e-09 1.59571e-08 4.47258e-08 1.24048e-07 3.34566e-07 8.75296e-07 2.21962e-06 5.45267e-06 1.29694e-05 2.98533e-05 6.64687e-05 0.000143086 0.000297687 0.00059833 0.00116148 0.00217702 0.00393938 0.00688136 0.0116041 0.018893 0.0297068 0.045128 0.0662684 0.0941318 0.129451 0.172525 0.223097 0.280298 0.342684 0.408363 0.475198 0.541037 0.603936 0.662331 0.71513 0.76174 0.802008 0.836137 0.864579 0.887923 0.906818 0.92191 0.933798 0.943021 0.950043 0.955257 0.958984 0.961474 0.962907 0.963391 0.962963 0.961586 0.959151 0.955476 0.950311 0.943333 0.934144 0.922274 0.907179 0.888247 0.864825 0.836255 0.801939 0.761432 0.714544 0.661452 0.602789 0.539685 0.473744 0.406935 0.341415 0.279301 0.222446 0.172242 0.129508 0.0944619 0.0667801 0.045727 0.0303114 0.0194438 0.0120668 0.00724422 0.004207 0.00236361 0.00128493 0.000676076 0.0003444 0.00016992 8.12311e-05 3.7644e-05 1.6919e-05 7.37869e-06 3.12419e-06 1.28493e-06 5.13622e-07 1.99659e-07 7.55562e-08 2.7975e-08 1.05507e-08 
7.39313e-09 9.35025e-09 2.31095e-08 6.44647e-08 1.77891e-07 4.7725e-07 1.24168e-06 3.13044e-06 7.64335e-06 1.80638e-05 4.13008e-05 9.13086e-05 0.000195105 0.000402756 0.000802917 0.00154531 0.00287055 0.00514575 0.00890093 0.0148572 0.0239344 0.0372231 0.0559103 0.0811546 0.11392 0.154792 0.203813 0.260376 0.32321 0.390468 0.459915 0.529175 0.595989 0.658445 0.71513 0.765195 0.808327 0.84467 0.874698 0.899086 0.9186 0.934009 0.946028 0.955289 0.96233 0.967597 0.971449 0.974168 0.975969 0.977 0.977351 0.977052 0.976072 0.974326 0.971662 0.967866 0.962656 0.955669 0.946453 0.934464 0.919059 0.899508 0.87503 0.844848 0.808283 0.764867 0.71448 0.657469 0.594728 0.527719 0.458392 0.389024 0.321984 0.259476 0.203294 0.154654 0.11411 0.0815872 0.0564844 0.037844 0.0245272 0.0153732 0.00931722 0.00546021 0.00309437 0.00169612 0.000899444 0.000461607 0.000229361 0.000110384 5.14801e-05 2.32774e-05 1.02099e-05 4.34645e-06 1.79686e-06 7.21776e-07 2.81883e-07 1.07148e-07 3.98469e-08 1.51065e-08 
