7.91203e-07 8.24943e-07 9.79199e-07 1.27161e-06 1.73359e-06 2.41274e-06 3.37559e-06 4.71131e-06 6.5361e-06 8.99838e-06 1.22846e-05 1.66257e-05 2.23034e-05 2.96569e-05 3.90892e-05 5.10719e-05 6.61494e-05 8.49404e-05 0.000108137 0.000136502 0.000170857 0.000212075 0.000261058 0.000318718 0.000385949 0.000463597 0.000552418 0.000653048 0.000765956 0.00089141 0.00102943 0.00117977 0.00134187 0.00151484 0.00169747 0.00188819 0.00208512 0.00228608 0.0024886 0.00269001 0.00288746 0.00307801 0.00325869 0.00342657 0.00357884 0.00371288 0.00382636 0.00391725 0.0039839 0.00402511 0.00404013 0.00402869 0.00399101 0.00392779 0.00384019 0.00372981 0.00359862 0.00344895 0.00328338 0.00310468 0.00291578 0.00271961 0.00251914 0.00231719 0.00211646 0.00191941 0.00172826 0.0015449 0.00137094 0.00120762 0.00105587 0.000916273 0.00078913 0.000674451 0.00057201 0.00048137 0.000401927 0.000332953 0.000273625 0.00022307 0.000180389 0.00014469 0.000115106 9.08168e-05 7.10587e-05 5.5135e-05 4.24205e-05 3.23624e-05 2.44797e-05 1.83596e-05 1.36524e-05 1.00665e-05 7.36136e-06 5.34151e-06 3.85029e-06 2.76402e-06 1.98687e-06 1.44632e-06 1.08945e-06 8.80369e-07 
8.24943e-07 8.60437e-07 1.02208e-06 1.32842e-06 1.81246e-06 2.52421e-06 3.53361e-06 4.93437e-06 6.84861e-06 9.43237e-06 1.28817e-05 1.74392e-05 2.34011e-05 3.11241e-05 4.10315e-05 5.3619e-05 6.94585e-05 8.91999e-05 0.00011357 0.000143369 0.000179459 0.000222754 0.000274201 0.000334755 0.000405351 0.000486872 0.000580107 0.000685719 0.000804195 0.000935807 0.00108057 0.00123823 0.00140817 0.00158948 0.00178086 0.00198068 0.00218696 0.00239741 0.00260945 0.00282029 0.00302694 0.00322634 0.00341537 0.00359097 0.00375022 0.0038904 0.00400904 0.00410404 0.0041737 0.00421675 0.00423241 0.0042204 0.00418096 0.0041148 0.00402316 0.00390768 0.00377044 0.00361385 0.00344061 0.00325362 0.00305591 0.0028506 0.00264073 0.00242929 0.00221908 0.0020127 0.00181246 0.00162035 0.00143805 0.00126686 0.00110778 0.000961406 0.000828069 0.000707785 0.000600318 0.000505217 0.000421854 0.000349467 0.000287197 0.00023413 0.000189326 0.000151849 0.000120791 9.52917e-05 7.45499e-05 5.78344e-05 4.44888e-05 3.39328e-05 2.5661e-05 1.924e-05 1.43025e-05 1.05421e-05 7.70607e-06 5.58919e-06 4.02686e-06 2.88922e-06 2.07561e-06 1.50993e-06 1.13662e-06 9.18017e-07 
9.79199e-07 1.02208e-06 1.21445e-06 1.57824e-06 2.15247e-06 2.99613e-06 4.19164e-06 5.8493e-06 8.11268e-06 1.11649e-05 1.52359e-05 2.06095e-05 2.76319e-05 3.67191e-05 4.8364e-05 6.31427e-05 8.17185e-05 0.000104843 0.000133357 0.00016818 0.000210305 0.000260778 0.000320682 0.000391102 0.000473099 0.000567669 0.000675698 0.000797918 0.000934861 0.00108681 0.00125375 0.00143535 0.00163089 0.00183927 0.00205901 0.00228821 0.00252459 0.00276553 0.00300808 0.00324904 0.00348504 0.00371259 0.00392815 0.00412828 0.00430967 0.00446923 0.00460421 0.00471223 0.00479137 0.00484022 0.0048579 0.0048441 0.00479907 0.00472364 0.00461918 0.00448758 0.00433114 0.00415261 0.00395502 0.00374166 0.00351596 0.00328143 0.00304155 0.00279971 0.0025591 0.00232268 0.00209309 0.00187264 0.00166324 0.00146643 0.00128334 0.00111472 0.000960954 0.000822091 0.000697892 0.000587863 0.000491309 0.000407373 0.00033509 0.000273421 0.000221296 0.000177648 0.000141438 0.000111676 8.74415e-05 6.78914e-05 5.2267e-05 3.98964e-05 3.01936e-05 2.26548e-05 1.68527e-05 1.243e-05 9.09194e-06 6.59839e-06 4.75679e-06 3.41494e-06 2.45481e-06 1.78702e-06 1.34631e-06 1.08843e-06 
1.27161e-06 1.32842e-06 1.57824e-06 2.04927e-06 2.79149e-06 3.88032e-06 5.42096e-06 7.55386e-06 1.04615e-05 1.43761e-05 1.95884e-05 2.64568e-05 3.54169e-05 4.69907e-05 6.17953e-05 8.05496e-05 0.000104079 0.000133315 0.000169296 0.000213156 0.000266112 0.000329442 0.00040446 0.000492483 0.000594783 0.000712548 0.000846825 0.000998463 0.00116806 0.00135591 0.00156195 0.00178569 0.00202621 0.00228213 0.00255157 0.00283221 0.00312122 0.00341541 0.00371119 0.00400468 0.0042918 0.00456833 0.00483005 0.0050728 0.00529262 0.00548585 0.00564917 0.00577977 0.00587536 0.00593425 0.00595541 0.00593847 0.00588375 0.00579222 0.00566553 0.00550591 0.00531614 0.00509948 0.00485956 0.00460032 0.00432589 0.00404048 0.00374828 0.00345338 0.00315967 0.00287072 0.00258977 0.00231964 0.0020627 0.00182087 0.00159556 0.00138773 0.00119791 0.00102621 0.000872396 0.0007359 0.000615917 0.000511436 0.000421304 0.000344275 0.000279054 0.000224345 0.000178879 0.000141445 0.000110912 8.62388e-05 6.64869e-05 5.08224e-05 3.8516e-05 2.89389e-05 2.15565e-05 1.59206e-05 1.16604e-05 8.47345e-06 6.11653e-06 4.39703e-06 3.1653e-06 2.30788e-06 1.74183e-06 1.41085e-06 
1.73359e-06 1.81246e-06 2.15247e-06 2.79149e-06 3.79646e-06 5.26817e-06 7.34688e-06 1.02194e-05 1.4128e-05 1.93801e-05 2.63592e-05 3.55372e-05 4.74857e-05 6.28877e-05 8.25476e-05 0.0001074 0.000138512 0.000177089 0.000224462 0.000282083 0.000351502 0.000434341 0.000532256 0.000646896 0.000779846 0.000932568 0.00110634 0.00130217 0.00152075 0.00176236 0.00202684 0.0023135 0.0026211 0.00294779 0.00329115 0.00364817 0.00401527 0.00438836 0.00476292 0.00513408 0.0054967 0.00584554 0.00617533 0.00648089 0.00675733 0.00700009 0.00720511 0.00736891 0.00748866 0.0075623 0.00758856 0.00756699 0.00749798 0.00738275 0.00722332 0.00702244 0.00678357 0.00651071 0.00620839 0.00588147 0.00553509 0.0051745 0.00480493 0.00443151 0.0040591 0.00369224 0.00333503 0.00299105 0.00266336 0.00235441 0.00206609 0.00179967 0.0015559 0.00133499 0.00113672 0.000960432 0.000805173 0.000669709 0.000552618 0.000452348 0.000367281 0.000295781 0.000236242 0.000187125 0.000146982 0.000114479 8.84078e-05 6.7692e-05 5.1386e-05 3.86723e-05 2.88538e-05 2.13445e-05 1.5658e-05 1.13968e-05 8.24008e-06 5.93355e-06 4.27904e-06 3.12608e-06 2.36451e-06 1.9195e-06 
2.41274e-06 2.52421e-06 2.99613e-06 3.88032e-06 5.26817e-06 7.29696e-06 1.01573e-05 1.41025e-05 1.94601e-05 2.66447e-05 3.61723e-05 4.86757e-05 6.49188e-05 8.58118e-05 0.000112423 0.000145989 0.000187918 0.000239791 0.00030335 0.000380487 0.000473211 0.000583612 0.000713816 0.000865922 0.00104193 0.00124368 0.00147273 0.00173031 0.00201721 0.00233369 0.00267943 0.00305342 0.00345395 0.00387855 0.00432403 0.00478642 0.00526107 0.00574272 0.00622554 0.00670329 0.00716944 0.00761731 0.00804022 0.00843166 0.00878544 0.00909583 0.00935774 0.00956679 0.00971947 0.00981318 0.00984636 0.00981843 0.00972989 0.00958229 0.00937814 0.00912092 0.00881494 0.00846527 0.00807757 0.00765801 0.00721306 0.00674936 0.00627359 0.00579226 0.0053116 0.00483743 0.00437503 0.00392907 0.00350352 0.00310162 0.00272589 0.00237807 0.00205922 0.00176973 0.00150939 0.00127746 0.00107278 0.000893841 0.000738852 0.000605855 0.000492789 0.00039756 0.000318097 0.000252408 0.000198611 0.000154964 0.000119883 9.19522e-05 6.99233e-05 5.27137e-05 3.93974e-05 2.91935e-05 2.14521e-05 1.56405e-05 1.13278e-05 8.17145e-06 5.9041e-06 4.32223e-06 3.27671e-06 2.66611e-06 
3.37559e-06 3.53361e-06 4.19164e-06 5.42096e-06 7.34688e-06 1.01573e-05 1.41124e-05 1.95574e-05 2.69373e-05 3.68141e-05 4.98851e-05 6.70028e-05 8.91935e-05 0.000117676 0.000153876 0.000199437 0.000256225 0.000326326 0.000412031 0.000515813 0.000640289 0.000788166 0.000962182 0.00116502 0.00139922 0.00166708 0.00197053 0.00231105 0.00268954 0.00310619 0.00356043 0.00405083 0.00457501 0.00512967 0.00571055 0.00631243 0.00692925 0.00755416 0.00817965 0.00879769 0.00939993 0.00997783 0.0105229 0.0110268 0.0114819 0.0118807 0.012217 0.0124851 0.0126808 0.0128007 0.0128428 0.0128065 0.0126924 0.0125024 0.0122398 0.0119088 0.011515 0.0110647 0.010565 0.0100239 0.00944945 0.0088502 0.00823463 0.00761108 0.00698755 0.00637156 0.00576994 0.00518878 0.0046333 0.00410779 0.00361561 0.00315916 0.00273994 0.00235859 0.00201495 0.00170822 0.00143698 0.00119936 0.000993124 0.000815788 0.000664716 0.000537212 0.000430599 0.000342283 0.000269807 0.000210885 0.000163431 0.000125573 9.56554e-05 7.22368e-05 5.40811e-05 4.01423e-05 2.95476e-05 2.15795e-05 1.56562e-05 1.13141e-05 8.19029e-06 6.00838e-06 4.56532e-06 3.72295e-06 
4.71131e-06 4.93437e-06 5.8493e-06 7.55386e-06 1.02194e-05 1.41025e-05 1.95574e-05 2.70532e-05 3.7193e-05 5.07366e-05 6.8624e-05 9.20009e-05 0.000122243 0.000160976 0.0002101 0.000271794 0.000348523 0.000443033 0.000558327 0.000697631 0.000864342 0.00106196 0.00129399 0.00156386 0.00187477 0.00222959 0.0026307 0.00307986 0.00357803 0.00412532 0.00472077 0.00536234 0.0060468 0.0067697 0.0075254 0.00830707 0.0091068 0.00991574 0.0107242 0.0115219 0.0122981 0.0130421 0.013743 0.0143903 0.0149742 0.0154855 0.0159163 0.0162595 0.0165096 0.0166627 0.0167161 0.0166691 0.0165225 0.0162786 0.0159415 0.0155167 0.015011 0.0144324 0.0137901 0.0130938 0.0123539 0.0115813 0.0107867 0.00998069 0.00917365 0.0083752 0.00759419 0.00683851 0.00611501 0.00542936 0.00478604 0.00418831 0.00363829 0.00313699 0.00268438 0.00227957 0.00192087 0.001606 0.00133215 0.00109619 0.000894761 0.000724405 0.000581666 0.000463182 0.000365748 0.000286375 0.000222322 0.000171119 0.000130575 9.87761e-05 7.4076e-05 5.50768e-05 4.0609e-05 2.97083e-05 2.15909e-05 1.56306e-05 1.13365e-05 8.33366e-06 6.34629e-06 5.18665e-06 
6.5361e-06 6.84861e-06 8.11268e-06 1.04615e-05 1.4128e-05 1.94601e-05 2.69373e-05 3.7193e-05 5.10398e-05 6.9498e-05 9.38272e-05 0.000125558 0.00016652 0.000218875 0.000285132 0.000368164 0.000471209 0.000597856 0.000752015 0.000937868 0.00115979 0.00142228 0.0017298 0.00208668 0.00249693 0.0029641 0.00349107 0.0040799 0.00473162 0.0054461 0.00622188 0.00705608 0.00794433 0.00888069 0.00985775 0.0108666 0.0118971 0.0129377 0.0139761 0.0149992 0.0159935 0.0169452 0.0178407 0.0186669 0.0194114 0.0200629 0.0206112 0.0210477 0.0213655 0.0215597 0.0216271 0.0215667 0.0213795 0.0210685 0.0206387 0.0200969 0.0194517 0.0187132 0.0178926 0.0170023 0.0160554 0.0150655 0.0140461 0.0130109 0.0119728 0.0109442 0.00993655 0.00895997 0.00802337 0.0071342 0.00629839 0.00552037 0.00480308 0.00414803 0.00355544 0.00302435 0.00255282 0.00213803 0.00177655 0.00146443 0.00119744 0.000971159 0.000781173 0.000623145 0.000492927 0.00038663 0.000300676 0.000231828 0.000177204 0.000134279 0.000100872 7.51271e-05 5.54858e-05 4.06604e-05 2.96013e-05 2.14679e-05 1.55996e-05 1.14911e-05 8.77009e-06 7.18295e-06 
8.99838e-06 9.43237e-06 1.11649e-05 1.43761e-05 1.93801e-05 2.66447e-05 3.68141e-05 5.07366e-05 6.9498e-05 9.44584e-05 0.000127291 0.000170024 0.000225076 0.00029529 0.000383958 0.000494836 0.000632139 0.000800521 0.00100503 0.00125104 0.00154414 0.00189005 0.00229439 0.00276259 0.00329962 0.00390982 0.00459662 0.00536238 0.00620813 0.00713336 0.0081359 0.00921177 0.0103551 0.011558 0.0128109 0.0141023 0.015419 0.0167465 0.0180692 0.0193705 0.0206334 0.0218406 0.0229752 0.0240208 0.0249622 0.0257851 0.0264771 0.0270276 0.0274281 0.0276724 0.0277567 0.0276798 0.0274429 0.0270497 0.0265064 0.0258214 0.0250054 0.0240706 0.0230312 0.0219026 0.0207009 0.0194431 0.0181464 0.0168277 0.0155034 0.0141894 0.0128999 0.0116481 0.0104455 0.00930165 0.00822449 0.00721989 0.00629189 0.00544273 0.00467299 0.00398173 0.00336671 0.00282458 0.00235112 0.00194147 0.00159031 0.00129207 0.00104115 0.000831996 0.000659295 0.00051803 0.000403568 0.000311701 0.000238668 0.000181165 0.000136325 0.000101703 7.5241e-05 5.52306e-05 4.0278e-05 2.92631e-05 2.13042e-05 1.57254e-05 1.20281e-05 9.87217e-06 
1.22846e-05 1.28817e-05 1.52359e-05 1.95884e-05 2.63592e-05 3.61723e-05 4.98851e-05 6.8624e-05 9.38272e-05 0.000127291 0.000171221 0.000228279 0.00030163 0.000394985 0.000512623 0.000659407 0.000840776 0.00106271 0.00133166 0.00165446 0.00203819 0.00249003 0.00301702 0.00362586 0.00432264 0.00511257 0.00599971 0.00698666 0.00807433 0.00926167 0.0105455 0.0119204 0.0133786 0.0149098 0.0165016 0.0181392 0.0198061 0.0214839 0.0231528 0.0247923 0.0263811 0.0278979 0.0293217 0.0306325 0.0318113 0.0328408 0.0337058 0.0343934 0.0348932 0.0351977 0.0353022 0.0352053 0.0349085 0.0344163 0.0337362 0.0328786 0.0318563 0.0306846 0.0293808 0.0279635 0.026453 0.0248701 0.023236 0.021572 0.0198984 0.0182351 0.0166002 0.0150104 0.0134803 0.0120223 0.0106466 0.00936108 0.0081712 0.0070802 0.00608919 0.00519736 0.00440222 0.00369983 0.00308512 0.00255211 0.00209422 0.00170453 0.00137595 0.0011015 0.000874411 0.00068827 0.000537136 0.000415589 0.000318768 0.000242383 0.000182704 0.000136535 0.000101182 7.43989e-05 5.43507e-05 3.9558e-05 2.88539e-05 2.13418e-05 1.63597e-05 1.34554e-05 
1.66257e-05 1.74392e-05 2.06095e-05 2.64568e-05 3.55372e-05 4.86757e-05 6.70028e-05 9.20009e-05 0.000125558 0.000170024 0.000228279 0.000303784 0.000400646 0.000523659 0.000678334 0.000870909 0.00110833 0.0013982 0.00174869 0.00216841 0.00266622 0.00325104 0.00393157 0.00471599 0.00561168 0.00662479 0.00776 0.0090201 0.0104057 0.011915 0.0135435 0.0152837 0.0171256 0.0190558 0.0210584 0.0231149 0.0252043 0.0273038 0.0293887 0.0314337 0.0334126 0.0352992 0.0370681 0.0386945 0.0401557 0.0414307 0.042501 0.0433511 0.0439684 0.0443441 0.0444724 0.0443517 0.0439836 0.0433738 0.0425313 0.0414686 0.0402011 0.0387474 0.0371283 0.0353666 0.033487 0.0315148 0.0294762 0.0273971 0.025303 0.0232182 0.0211656 0.019166 0.0172378 0.0153971 0.0136569 0.0120274 0.0105161 0.00912744 0.00786341 0.00672345 0.00570489 0.0048032 0.00401234 0.00332511 0.00273346 0.00222884 0.00180244 0.00144552 0.00114956 0.000906466 0.000708675 0.000549278 0.000422049 0.000321473 0.000242738 0.000181711 0.000134889 9.93545e-05 7.27081e-05 5.30144e-05 3.87428e-05 2.8715e-05 2.20597e-05 1.81809e-05 
2.23034e-05 2.34011e-05 2.76319e-05 3.54169e-05 4.74857e-05 6.49188e-05 8.91935e-05 0.000122243 0.00016652 0.000225076 0.00030163 0.000400646 0.000527399 0.000688023 0.000889548 0.0011399 0.00144785 0.00182299 0.00227555 0.00281624 0.00345606 0.00420597 0.00507658 0.00607776 0.00721828 0.00850534 0.00994418 0.0115377 0.0132859 0.0151859 0.0172313 0.0194125 0.0217161 0.0241253 0.0266198 0.0291765 0.0317692 0.0343697 0.036948 0.0394727 0.0419121 0.0442346 0.0464093 0.0484065 0.0501989 0.0517613 0.0530718 0.0541118 0.0548665 0.0553251 0.055481 0.0553322 0.0548808 0.0541334 0.0531008 0.0517977 0.0502427 0.0484579 0.0464683 0.0443013 0.0419864 0.0395544 0.037037 0.0344657 0.0318717 0.0292849 0.0267334 0.0242432 0.0218375 0.0195362 0.0173562 0.0153107 0.0134095 0.0116589 0.0100619 0.00861851 0.00732598 0.00617922 0.00517119 0.00429329 0.00353583 0.00288835 0.00234005 0.00188009 0.00149787 0.00118325 0.000926723 0.000719561 0.000553866 0.000422617 0.000319665 0.00023971 0.000178251 0.00013152 9.64157e-05 7.0428e-05 5.15673e-05 3.8299e-05 2.94864e-05 2.43516e-05 
2.96569e-05 3.11241e-05 3.67191e-05 4.69907e-05 6.28877e-05 8.58118e-05 0.000117676 0.000160976 0.000218875 0.00029529 0.000394985 0.000523659 0.000688023 0.000895855 0.00115603 0.00147851 0.00187431 0.00235534 0.0029343 0.0036244 0.00443911 0.00539175 0.00649509 0.0077609 0.00919946 0.010819 0.0126253 0.014621 0.0168054 0.019174 0.0217181 0.0244251 0.0272777 0.0302547 0.0333308 0.0364772 0.0396619 0.0428503 0.0460058 0.0490907 0.0520667 0.054896 0.0575416 0.0599684 0.0621438 0.0640383 0.0656259 0.0668848 0.0677975 0.0683515 0.0685391 0.0683578 0.0678102 0.0669039 0.0656517 0.064071 0.0621836 0.0600156 0.0575964 0.0549587 0.0521375 0.0491696 0.0460929 0.0429455 0.0397649 0.0365876 0.0334479 0.0303778 0.0274058 0.0245571 0.0218529 0.0193101 0.0169415 0.0147557 0.0127572 0.0109469 0.00932213 0.00787734 0.00660446 0.00549339 0.00453258 0.00370944 0.00301083 0.00242348 0.00193433 0.00153082 0.00120111 0.000934288 0.00072043 0.000550681 0.000417262 0.000313441 0.000233483 0.000172572 0.000126734 9.27431e-05 6.80372e-05 5.06357e-05 3.90691e-05 3.23309e-05 
3.90892e-05 4.10315e-05 4.8364e-05 6.17953e-05 8.25476e-05 0.000112423 0.000153876 0.0002101 0.000285132 0.000383958 0.000512623 0.000678334 0.000889548 0.00115603 0.00148888 0.00190051 0.00240455 0.00301572 0.0037496 0.00462229 0.00565009 0.00684902 0.00823426 0.00981966 0.011617 0.0136357 0.0158816 0.0183571 0.0210602 0.0239844 0.0271179 0.0304444 0.0339419 0.037584 0.0413393 0.0451725 0.0490446 0.0529138 0.0567362 0.0604665 0.0640595 0.0674701 0.0706548 0.0735726 0.076185 0.0784578 0.0803606 0.0818682 0.0829604 0.0836225 0.0838459 0.0836274 0.0829703 0.0818834 0.0803813 0.0784844 0.0762179 0.0736123 0.0707018 0.0675249 0.0641226 0.0605384 0.056817 0.0530039 0.0491439 0.0452807 0.041456 0.0377086 0.0340735 0.0305818 0.02726 0.0241296 0.0212071 0.018504 0.0160269 0.0137779 0.0117547 0.0099514 0.008359 0.00696582 0.00575827 0.00472137 0.00383936 0.00309614 0.00247581 0.00196295 0.00154298 0.00120239 0.000928832 0.000711244 0.000539876 0.000406259 0.000303151 0.000224458 0.000165131 0.000121064 8.89853e-05 6.63632e-05 5.1315e-05 4.25501e-05 
5.10719e-05 5.3619e-05 6.31427e-05 8.05496e-05 0.0001074 0.000145989 0.000199437 0.000271794 0.000368164 0.000494836 0.000659407 0.000870909 0.0011399 0.00147851 0.00190051 0.00242118 0.00305728 0.00382675 0.00474851 0.00584201 0.00712674 0.00862172 0.0103448 0.012312 0.0145367 0.0170291 0.0197953 0.0228367 0.0261497 0.0297249 0.033547 0.0375948 0.0418409 0.0462525 0.0507913 0.0554143 0.0600746 0.0647222 0.0693049 0.0737693 0.0780621 0.0821306 0.0859243 0.0893953 0.0924994 0.0951971 0.0974535 0.0992397 0.100533 0.101316 0.101579 0.101319 0.100539 0.0992493 0.0974669 0.0952148 0.0925222 0.0894239 0.0859595 0.0821732 0.0781129 0.0738292 0.0693745 0.064802 0.060165 0.0555153 0.0509027 0.0463739 0.0419716 0.0377336 0.0336928 0.0298762 0.0263047 0.0229937 0.0199524 0.0171845 0.0146887 0.0124588 0.0104851 0.00875416 0.00725036 0.00595607 0.00485256 0.00392059 0.00314094 0.00249493 0.00196477 0.00153388 0.00118705 0.000910602 0.00069243 0.000521976 0.000390185 0.000289408 0.000213295 0.000156662 0.000115375 8.62224e-05 6.68151e-05 5.5513e-05 
6.61494e-05 6.94585e-05 8.17185e-05 0.000104079 0.000138512 0.000187918 0.000256225 0.000348523 0.000471209 0.000632139 0.000840776 0.00110833 0.00144785 0.00187431 0.00240455 0.00305728 0.00385282 0.00481289 0.0059602 0.00731795 0.00890924 0.0107564 0.01288 0.0152984 0.0180265 0.0210752 0.0244502 0.0281517 0.0321737 0.0365031 0.0411202 0.0459981 0.0511028 0.056394 0.0618254 0.0673454 0.072898 0.0784241 0.0838624 0.0891506 0.0942265 0.0990295 0.103501 0.107587 0.111237 0.114405 0.117052 0.119146 0.120661 0.121577 0.121884 0.121578 0.120662 0.119148 0.117056 0.114411 0.111246 0.107601 0.10352 0.0990551 0.09426 0.089193 0.083915 0.0784878 0.0729735 0.0674331 0.0619256 0.0565066 0.0512272 0.0461334 0.0412653 0.0366564 0.0323334 0.028316 0.0246168 0.0212421 0.0181916 0.0154596 0.0130355 0.0109045 0.00904869 0.00744765 0.0060794 0.00492114 0.00394998 0.00314346 0.0024801 0.00193976 0.00150389 0.00115574 0.00088041 0.00066486 0.000497871 0.000369935 0.000273132 0.000200984 0.000148304 0.000111061 8.6248e-05 7.17996e-05 
8.49404e-05 8.91999e-05 0.000104843 0.000133315 0.000177089 0.000239791 0.000326326 0.000443033 0.000597856 0.000800521 0.00106271 0.0013982 0.00182299 0.00235534 0.00301572 0.00382675 0.00481289 0.00600011 0.00741541 0.00908619 0.0110395 0.0133011 0.0158946 0.0188406 0.0221554 0.0258502 0.0299299 0.0343928 0.0392295 0.0444229 0.0499472 0.055769 0.0618466 0.0681311 0.0745669 0.0810927 0.0876426 0.0941474 0.100536 0.106736 0.112677 0.118288 0.123505 0.128264 0.13251 0.136192 0.139265 0.141694 0.143449 0.14451 0.144864 0.144507 0.143444 0.141687 0.139257 0.136183 0.132502 0.128259 0.123503 0.118292 0.112687 0.106755 0.100565 0.0941886 0.0876967 0.0811607 0.0746494 0.0682284 0.0619585 0.0558948 0.050086 0.0445731 0.0393895 0.0345604 0.0301027 0.0260259 0.0223315 0.0190147 0.0160644 0.0134644 0.0111947 0.00923184 0.00755035 0.00612359 0.00492449 0.0039264 0.00310362 0.00243194 0.00188894 0.00145429 0.00110983 0.000839605 0.000629842 0.000468826 0.000346769 0.000255643 0.000189004 0.000141833 0.000110381 9.20685e-05 
0.000108137 0.00011357 0.000133357 0.000169296 0.000224462 0.00030335 0.000412031 0.000558327 0.000752015 0.00100503 0.00133166 0.00174869 0.00227555 0.0029343 0.0037496 0.00474851 0.0059602 0.00741541 0.00914593 0.0111837 0.01356 0.0163044 0.0194436 0.023 0.0269912 0.0314282 0.0363146 0.0416459 0.0474087 0.05358 0.0601278 0.0670103 0.0741771 0.0815695 0.0891215 0.096761 0.104411 0.111992 0.119421 0.126617 0.133499 0.139988 0.146011 0.151498 0.156386 0.160619 0.16415 0.166937 0.16895 0.170166 0.17057 0.17016 0.168938 0.16692 0.164128 0.160594 0.156358 0.15147 0.145984 0.139965 0.133482 0.126608 0.119421 0.112004 0.104437 0.0968021 0.0891791 0.0816444 0.0742695 0.0671199 0.0602539 0.0537213 0.0475634 0.041812 0.0364894 0.0316091 0.0271754 0.0231847 0.0196259 0.016482 0.0137305 0.0113452 0.00929686 0.00755465 0.00608699 0.00486253 0.00385083 0.00302306 0.00235241 0.00181442 0.00138716 0.00105129 0.000790043 0.00058912 0.000436531 0.000322414 0.000238835 0.000179598 0.000140069 0.000117055 
0.000136502 0.000143369 0.00016818 0.000213156 0.000282083 0.000380487 0.000515813 0.000697631 0.000937868 0.00125104 0.00165446 0.00216841 0.00281624 0.0036244 0.00462229 0.00584201 0.00731795 0.00908619 0.0111837 0.0136474 0.0165131 0.0198141 0.02358 0.0278353 0.032598 0.0378786 0.0436784 0.0499893 0.0567925 0.0640586 0.0717473 0.0798079 0.0881795 0.0967925 0.105569 0.114426 0.123274 0.132022 0.140577 0.148845 0.156737 0.164165 0.171047 0.177308 0.182877 0.187695 0.191708 0.194874 0.197158 0.198536 0.198994 0.198526 0.197138 0.194844 0.19167 0.18765 0.182826 0.177253 0.170992 0.164111 0.156686 0.148801 0.140541 0.131998 0.123265 0.114433 0.105594 0.0968373 0.0882448 0.0798938 0.0718536 0.0641842 0.0569357 0.0501481 0.0438501 0.0380603 0.0327867 0.0280275 0.0237727 0.0200042 0.0166977 0.0138242 0.0113505 0.00924139 0.00746043 0.00597109 0.0047377 0.00372626 0.00290498 0.00224472 0.00171923 0.00130529 0.000982676 0.00073407 0.000544919 0.000403214 0.00029927 0.000225508 0.000176245 0.000147565 
0.000170857 0.000179459 0.000210305 0.000266112 0.000351502 0.000473211 0.000640289 0.000864342 0.00115979 0.00154414 0.00203819 0.00266622 0.00345606 0.00443911 0.00565009 0.00712674 0.00890924 0.0110395 0.01356 0.0165131 0.0199391 0.0238751 0.0283536 0.0334006 0.0390341 0.0452631 0.052086 0.0594895 0.0674488 0.0759263 0.0848723 0.0942255 0.103914 0.113855 0.123959 0.134129 0.144264 0.154261 0.164015 0.173422 0.182382 0.190799 0.198584 0.205654 0.211935 0.217361 0.221877 0.225435 0.228 0.229547 0.230059 0.229532 0.227971 0.225392 0.221821 0.217295 0.211859 0.205571 0.198496 0.190709 0.182293 0.173337 0.163938 0.154195 0.144213 0.134095 0.123944 0.113862 0.103944 0.09428 0.084951 0.0760287 0.0675735 0.0596346 0.0522487 0.0454405 0.0392227 0.0335967 0.0285536 0.0240753 0.0201361 0.0167039 0.013742 0.0112105 0.0090676 0.00727135 0.00578034 0.00455485 0.00355753 0.00275399 0.00211311 0.00160721 0.00121213 0.000907088 0.000674569 0.000500073 0.000371881 0.000280795 0.000219913 0.000184471 
0.000212075 0.000222754 0.000260778 0.000329442 0.000434341 0.000583612 0.000788166 0.00106196 0.00142228 0.00189005 0.00249003 0.00325104 0.00420597 0.00539175 0.00684902 0.00862172 0.0107564 0.0133011 0.0163044 0.0198141 0.0238751 0.0285284 0.0338088 0.0397433 0.0463492 0.0536332 0.0615893 0.0701985 0.0794278 0.0892303 0.0995457 0.110301 0.12141 0.132778 0.144302 0.15587 0.16737 0.178685 0.189698 0.200296 0.210369 0.219813 0.228531 0.236436 0.243447 0.249496 0.254524 0.258483 0.261334 0.263052 0.26362 0.263033 0.261296 0.258427 0.254451 0.249408 0.243345 0.236322 0.228409 0.219685 0.210239 0.200168 0.189575 0.178572 0.167271 0.155788 0.14424 0.13274 0.121397 0.110316 0.099589 0.0893017 0.0795264 0.0703226 0.0617364 0.0538002 0.0465324 0.0399386 0.0340122 0.0287357 0.0240823 0.0200174 0.0165006 0.0134873 0.0109304 0.00878205 0.00699455 0.00552199 0.00432092 0.00335109 0.00257591 0.00196272 0.00148288 0.00111168 0.000828199 0.000615097 0.000458302 0.000346753 0.000272131 0.00022869 
0.000261058 0.000274201 0.000320682 0.00040446 0.000532256 0.000713816 0.000962182 0.00129399 0.0017298 0.00229439 0.00301702 0.00393157 0.00507658 0.00649509 0.00823426 0.0103448 0.01288 0.0158946 0.0194436 0.02358 0.0283536 0.0338088 0.0399823 0.0469014 0.0545819 0.0630269 0.072225 0.0821496 0.0927585 0.103994 0.115783 0.12804 0.140664 0.153547 0.166569 0.179607 0.192534 0.205219 0.217536 0.229361 0.240575 0.251068 0.260735 0.269484 0.277233 0.283909 0.289451 0.29381 0.296948 0.298837 0.29946 0.298813 0.296901 0.293741 0.28936 0.283798 0.277104 0.26934 0.260577 0.2509 0.240403 0.229187 0.217364 0.205055 0.192381 0.179471 0.166454 0.153456 0.140602 0.128008 0.115783 0.104027 0.0928233 0.0822453 0.0723494 0.0631769 0.0547538 0.0470908 0.0401847 0.0340194 0.0285679 0.0237934 0.0196522 0.016095 0.0130692 0.0105207 0.00839527 0.00664027 0.0052056 0.00404458 0.0031146 0.00237742 0.00179938 0.00135133 0.00100855 0.000750414 0.000560198 0.000424702 0.000333986 0.000281175 
0.000318718 0.000334755 0.000391102 0.000492483 0.000646896 0.000865922 0.00116502 0.00156386 0.00208668 0.00276259 0.00362586 0.00471599 0.00607776 0.0077609 0.00981966 0.012312 0.0152984 0.0188406 0.023 0.0278353 0.0334006 0.0397433 0.0469014 0.0549016 0.0637572 0.0734664 0.0840109 0.0953551 0.107446 0.120214 0.133571 0.147417 0.161637 0.176105 0.19069 0.205251 0.219647 0.233738 0.247385 0.260455 0.27282 0.284365 0.29498 0.30457 0.313049 0.320343 0.326391 0.331143 0.334561 0.336617 0.337295 0.336589 0.334506 0.331062 0.326284 0.320211 0.312894 0.304395 0.294788 0.284158 0.272604 0.260232 0.247162 0.23352 0.219438 0.205057 0.190516 0.175957 0.161518 0.14733 0.13352 0.120199 0.107469 0.0954147 0.0841052 0.0735925 0.0639113 0.0550793 0.0470977 0.0399529 0.0336184 0.0280561 0.0232191 0.0190537 0.0155019 0.012503 0.00999604 0.00792123 0.00622127 0.00484254 0.00373578 0.00285665 0.00216589 0.00162945 0.00121828 0.000908119 0.000679217 0.00051596 0.000406569 0.000342883 
0.000385949 0.000405351 0.000473099 0.000594783 0.000779846 0.00104193 0.00139922 0.00187477 0.00249693 0.00329962 0.00432264 0.00561168 0.00721828 0.00919946 0.011617 0.0145367 0.0180265 0.0221554 0.0269912 0.032598 0.0390341 0.0463492 0.0545819 0.0637572 0.0738845 0.0849558 0.0969443 0.109804 0.123469 0.137856 0.152861 0.168369 0.184249 0.200358 0.216547 0.232665 0.248555 0.264065 0.279047 0.293358 0.306866 0.319447 0.330992 0.341402 0.350589 0.358481 0.365017 0.370146 0.373832 0.376048 0.376777 0.376016 0.373769 0.370053 0.364894 0.35833 0.350411 0.341198 0.330767 0.319203 0.306606 0.293088 0.278772 0.263791 0.248288 0.23241 0.216312 0.200146 0.184067 0.168223 0.152753 0.137787 0.123443 0.10982 0.097001 0.0850508 0.0740142 0.063917 0.0547666 0.0465532 0.0392514 0.0328228 0.027218 0.0223792 0.0182429 0.014742 0.0118084 0.00937488 0.00737649 0.00575215 0.00444543 0.00340529 0.00258639 0.0019492 0.00145991 0.0010902 0.000816936 0.0006218 0.000490938 0.000414749 
0.000463597 0.000486872 0.000567669 0.000712548 0.000932568 0.00124368 0.00166708 0.00222959 0.0029641 0.00390982 0.00511257 0.00662479 0.00850534 0.010819 0.0136357 0.0170291 0.0210752 0.0258502 0.0314282 0.0378786 0.0452631 0.0536332 0.0630269 0.0734664 0.0849558 0.0974793 0.111 0.12546 0.140778 0.156856 0.173575 0.1908 0.208383 0.226166 0.243984 0.261669 0.279054 0.295975 0.312274 0.327802 0.342422 0.356007 0.368445 0.379637 0.389498 0.397954 0.404947 0.41043 0.414366 0.416731 0.41751 0.416697 0.414298 0.410328 0.404812 0.397786 0.389299 0.379409 0.36819 0.355728 0.342123 0.327488 0.31195 0.295647 0.278729 0.261353 0.243684 0.225889 0.208135 0.190587 0.173403 0.156728 0.140696 0.125425 0.111012 0.0975361 0.0850542 0.0736019 0.0631941 0.0538262 0.0454754 0.0381036 0.0316597 0.0260823 0.0213026 0.0172474 0.0138413 0.0110092 0.00867825 0.00677941 0.00524861 0.00402758 0.00306433 0.00231339 0.0017357 0.00129846 0.000974804 0.000743397 0.000588086 0.000497655 
0.000552418 0.000580107 0.000675698 0.000846825 0.00110634 0.00147273 0.00197053 0.0026307 0.00349107 0.00459662 0.00599971 0.00776 0.00994418 0.0126253 0.0158816 0.0197953 0.0244502 0.0299299 0.0363146 0.0436784 0.052086 0.0615893 0.072225 0.0840109 0.0969443 0.111 0.126129 0.14226 0.159296 0.177121 0.195598 0.214575 0.233885 0.253353 0.2728 0.292042 0.3109 0.3292 0.346777 0.363476 0.379157 0.393693 0.40697 0.418892 0.429375 0.43835 0.445762 0.451567 0.45573 0.45823 0.459053 0.458194 0.455658 0.451458 0.445618 0.438171 0.42916 0.418644 0.406691 0.393385 0.378824 0.363122 0.346407 0.328821 0.310518 0.291665 0.272435 0.253009 0.233569 0.214294 0.195358 0.176927 0.159152 0.142168 0.12609 0.111012 0.0970047 0.0841156 0.0723688 0.0617659 0.0522884 0.0438996 0.0365474 0.0301676 0.0246867 0.0200251 0.0161004 0.0128296 0.0101315 0.0079288 0.00614922 0.00472683 0.0036025 0.00272432 0.00204753 0.00153444 0.00115407 0.000881784 0.000698889 0.000592388 
0.000653048 0.000685719 0.000797918 0.000998463 0.00130217 0.00173031 0.00231105 0.00307986 0.0040799 0.00536238 0.00698666 0.0090201 0.0115377 0.014621 0.0183571 0.0228367 0.0281517 0.0343928 0.0416459 0.0499893 0.0594895 0.0701985 0.0821496 0.0953551 0.109804 0.12546 0.14226 0.160116 0.178917 0.198525 0.218786 0.239528 0.260567 0.28171 0.30276 0.323524 0.34381 0.363435 0.382228 0.400033 0.416705 0.432119 0.446165 0.458749 0.469792 0.479231 0.487013 0.4931 0.497463 0.500081 0.500942 0.500044 0.497389 0.492989 0.486864 0.479044 0.469568 0.458487 0.445868 0.431789 0.416344 0.399645 0.381819 0.36301 0.343376 0.32309 0.302334 0.2813 0.260182 0.239177 0.218476 0.198262 0.178706 0.159962 0.142163 0.12542 0.10982 0.0954229 0.082264 0.0703531 0.0596771 0.0502021 0.0418763 0.034633 0.0283948 0.0230763 0.0185879 0.0148386 0.011739 0.0092029 0.0071497 0.00550525 0.00420285 0.00318366 0.00239681 0.0017993 0.00135571 0.00103779 0.000824066 0.000699601 
0.000765956 0.000804195 0.000934861 0.00116806 0.00152075 0.00201721 0.00268954 0.00357803 0.00473162 0.00620813 0.00807433 0.0104057 0.0132859 0.0168054 0.0210602 0.0261497 0.0321737 0.0392295 0.0474087 0.0567925 0.0674488 0.0794278 0.0927585 0.107446 0.123469 0.140778 0.159296 0.178917 0.199509 0.220918 0.242967 0.265466 0.288211 0.310993 0.333602 0.35583 0.377475 0.39835 0.418278 0.437101 0.454677 0.470882 0.485611 0.498777 0.510306 0.520142 0.528239 0.534564 0.539093 0.54181 0.542704 0.541773 0.53902 0.534453 0.52809 0.519953 0.510078 0.498509 0.485305 0.470537 0.454296 0.436688 0.417837 0.397887 0.376997 0.355344 0.333118 0.31052 0.287759 0.265044 0.242585 0.220583 0.199228 0.178695 0.159137 0.140682 0.123435 0.107471 0.0928378 0.079555 0.0676165 0.0569926 0.0476326 0.0394689 0.0324205 0.0263968 0.0213013 0.0170352 0.0135004 0.0106021 0.00825077 0.00636372 0.00486629 0.0036923 0.00278436 0.00209379 0.00158038 0.00121198 0.000964132 0.000819775 
0.00089141 0.000935807 0.00108681 0.00135591 0.00176236 0.00233369 0.00310619 0.00412532 0.0054461 0.00713336 0.00926167 0.011915 0.0151859 0.019174 0.0239844 0.0297249 0.0365031 0.0444229 0.05358 0.0640586 0.0759263 0.0892303 0.103994 0.120214 0.137856 0.156856 0.177121 0.198525 0.220918 0.244122 0.267942 0.292167 0.316575 0.34094 0.365038 0.388651 0.411568 0.433597 0.45456 0.474299 0.492674 0.509569 0.524885 0.53854 0.550472 0.560632 0.568982 0.575496 0.580156 0.58295 0.58387 0.582915 0.580086 0.57539 0.568838 0.560448 0.550248 0.538275 0.524577 0.509219 0.492284 0.473869 0.454096 0.433104 0.411052 0.38812 0.364502 0.340409 0.316059 0.291677 0.267489 0.243715 0.220565 0.198234 0.176895 0.156699 0.137766 0.120191 0.104033 0.089325 0.0760692 0.0642414 0.0537935 0.0446579 0.0367509 0.0299772 0.0242339 0.0194147 0.0154128 0.0121245 0.00945123 0.00730161 0.00559256 0.00425023 0.00321031 0.00241811 0.00182831 0.00140462 0.00111935 0.000953172 
0.00102943 0.00108057 0.00125375 0.00156195 0.00202684 0.00267943 0.00356043 0.00472077 0.00622188 0.0081359 0.0105455 0.0135435 0.0172313 0.0217181 0.0271179 0.033547 0.0411202 0.0499472 0.0601278 0.0717473 0.0848723 0.0995457 0.115783 0.133571 0.152861 0.173575 0.195598 0.218786 0.242967 0.267942 0.293495 0.319393 0.345399 0.37127 0.396769 0.421668 0.445751 0.468823 0.490705 0.511242 0.530302 0.547775 0.563569 0.577616 0.589862 0.600267 0.608804 0.615455 0.620208 0.623055 0.623994 0.623023 0.620143 0.615356 0.60867 0.600094 0.589649 0.577361 0.56327 0.547429 0.529912 0.510807 0.490228 0.46831 0.445208 0.421101 0.396189 0.370687 0.344825 0.318839 0.292973 0.267464 0.242543 0.218424 0.195304 0.173353 0.152713 0.133495 0.115777 0.099603 0.0849858 0.0719084 0.0603269 0.0501745 0.041366 0.033802 0.027374 0.0219682 0.0174695 0.0137652 0.0107477 0.00831659 0.00638008 0.00485639 0.00367399 0.00277185 0.00209929 0.0016156 0.00128967 0.0010998 
0.00117977 0.00123823 0.00143535 0.00178569 0.0023135 0.00305342 0.00405083 0.00536234 0.00705608 0.00921177 0.0119204 0.0152837 0.0194125 0.0244251 0.0304444 0.0375948 0.0459981 0.055769 0.0670103 0.0798079 0.0942255 0.110301 0.12804 0.147417 0.168369 0.1908 0.214575 0.239528 0.265466 0.292167 0.319393 0.346894 0.374413 0.401694 0.428488 0.454559 0.479687 0.503676 0.52635 0.54756 0.56718 0.585111 0.601273 0.615607 0.628073 0.638642 0.647298 0.654032 0.658839 0.661718 0.662668 0.66169 0.658783 0.653945 0.647179 0.638487 0.627879 0.61537 0.60099 0.58478 0.5668 0.54713 0.525873 0.503154 0.479127 0.453966 0.427873 0.401068 0.373788 0.346282 0.318808 0.291621 0.264971 0.239095 0.214211 0.190511 0.168159 0.147285 0.127984 0.110316 0.0943054 0.0799432 0.0671912 0.055985 0.0462387 0.0378499 0.0307049 0.0246828 0.0196606 0.0155169 0.0121347 0.00940452 0.00722585 0.00550862 0.00417386 0.00315395 0.00239256 0.00184439 0.00147474 0.00125936 
0.00134187 0.00140817 0.00163089 0.00202621 0.0026211 0.00345395 0.00457501 0.0060468 0.00794433 0.0103551 0.0133786 0.0171256 0.0217161 0.0272777 0.0339419 0.0418409 0.0511028 0.0618466 0.0741771 0.0881795 0.103914 0.12141 0.140664 0.161637 0.184249 0.208383 0.233885 0.260567 0.288211 0.316575 0.345399 0.374413 0.403345 0.431924 0.459893 0.487009 0.513051 0.537822 0.561154 0.582903 0.602955 0.621221 0.637635 0.652152 0.664744 0.675397 0.684104 0.690866 0.695689 0.698576 0.699531 0.698554 0.695644 0.690796 0.684004 0.675265 0.664575 0.651942 0.637378 0.620915 0.602596 0.58249 0.560687 0.537303 0.512484 0.486402 0.459254 0.431264 0.402676 0.37375 0.344755 0.315965 0.287648 0.260064 0.233452 0.208027 0.183975 0.161446 0.140557 0.12138 0.103956 0.0882854 0.0743363 0.0620481 0.0513354 0.0420937 0.0342046 0.0275413 0.0219728 0.0173691 0.0136042 0.0105594 0.00812536 0.0062036 0.00470748 0.0035626 0.00270682 0.00209004 0.00167382 0.00143126 
0.00151484 0.00158948 0.00183927 0.00228213 0.00294779 0.00387855 0.00512967 0.0067697 0.00888069 0.011558 0.0149098 0.0190558 0.0241253 0.0302547 0.037584 0.0462525 0.056394 0.0681311 0.0815695 0.0967925 0.113855 0.132778 0.153547 0.176105 0.200358 0.226166 0.253353 0.28171 0.310993 0.34094 0.37127 0.401694 0.431924 0.461679 0.490693 0.518718 0.545535 0.57095 0.594801 0.616955 0.637309 0.655788 0.672341 0.686937 0.699564 0.71022 0.718913 0.725654 0.730455 0.733328 0.73428 0.733312 0.730423 0.725602 0.718838 0.710117 0.699427 0.686761 0.672118 0.655515 0.636981 0.616568 0.594355 0.570445 0.544975 0.518108 0.49004 0.460995 0.431222 0.400988 0.370575 0.340272 0.310367 0.28114 0.252852 0.225742 0.200019 0.175855 0.153385 0.132701 0.113857 0.0968658 0.0817038 0.068315 0.0566158 0.0465004 0.0378468 0.0305223 0.0243891 0.0193085 0.0151459 0.0117733 0.00907258 0.00693677 0.00527144 0.00399528 0.00304018 0.0023511 0.00188577 0.00161455 
0.00169747 0.00178086 0.00205901 0.00255157 0.00329115 0.00432403 0.00571055 0.0075254 0.00985775 0.0128109 0.0165016 0.0210584 0.0266198 0.0333308 0.0413393 0.0507913 0.0618254 0.0745669 0.0891215 0.105569 0.123959 0.144302 0.166569 0.19069 0.216547 0.243984 0.2728 0.30276 0.333602 0.365038 0.396769 0.428488 0.459893 0.490693 0.520615 0.549411 0.576861 0.60278 0.627012 0.649438 0.669968 0.688542 0.705125 0.719703 0.732278 0.742864 0.751481 0.758151 0.762897 0.765735 0.766678 0.765727 0.762879 0.75812 0.751433 0.742793 0.732178 0.719566 0.704944 0.68831 0.66968 0.649088 0.626598 0.6023 0.576317 0.548807 0.519959 0.489995 0.459166 0.427747 0.39603 0.364319 0.332918 0.302128 0.272233 0.243495 0.216145 0.190379 0.166351 0.144175 0.123918 0.105607 0.0892282 0.0747306 0.0620338 0.0510319 0.0416001 0.0336008 0.0268892 0.0213192 0.0167471 0.0130365 0.01006 0.00770238 0.0058614 0.0044487 0.00339014 0.00262566 0.00210906 0.00180792 
0.00188819 0.00198068 0.00228821 0.00283221 0.00364817 0.00478642 0.00631243 0.00830707 0.0108666 0.0141023 0.0181392 0.0231149 0.0291765 0.0364772 0.0451725 0.0554143 0.0673454 0.0810927 0.096761 0.114426 0.134129 0.15587 0.179607 0.205251 0.232665 0.261669 0.292042 0.323524 0.35583 0.388651 0.421668 0.454559 0.487009 0.518718 0.549411 0.578837 0.606783 0.633068 0.657549 0.68012 0.700707 0.719265 0.735778 0.750247 0.762692 0.77314 0.781626 0.788183 0.792842 0.795627 0.796554 0.795627 0.79284 0.788175 0.781607 0.773105 0.762632 0.750155 0.735645 0.719082 0.700466 0.679815 0.657175 0.632622 0.606265 0.578251 0.548763 0.518018 0.486268 0.453793 0.420894 0.387887 0.355094 0.322834 0.291414 0.261118 0.2322 0.20488 0.179333 0.155693 0.134045 0.114427 0.0968379 0.0812339 0.0675381 0.0556456 0.0454294 0.0367478 0.0294501 0.0233824 0.0183933 0.0143373 0.0110786 0.00849354 0.00647206 0.00491883 0.00375362 0.00291134 0.00234178 0.00200972 
0.00208512 0.00218696 0.00252459 0.00312122 0.00401527 0.00526107 0.00692925 0.0091068 0.0118971 0.015419 0.0198061 0.0252043 0.0317692 0.0396619 0.0490446 0.0600746 0.072898 0.0876426 0.104411 0.123274 0.144264 0.16737 0.192534 0.219647 0.248555 0.279054 0.3109 0.34381 0.377475 0.411568 0.445751 0.479687 0.513051 0.545535 0.576861 0.606783 0.635089 0.661612 0.686219 0.708818 0.729353 0.747796 0.764148 0.778428 0.790673 0.800924 0.809231 0.815637 0.820183 0.8229 0.823806 0.822908 0.820197 0.815654 0.809244 0.800927 0.790657 0.778385 0.764066 0.747666 0.729166 0.708565 0.685893 0.661209 0.634608 0.606224 0.576231 0.544842 0.512306 0.478906 0.444951 0.410768 0.376695 0.343068 0.310216 0.278444 0.24803 0.219218 0.192204 0.167142 0.144135 0.123237 0.104457 0.0877596 0.0730733 0.0602947 0.0492959 0.0399315 0.0320455 0.0254774 0.0200677 0.0156627 0.0121182 0.00930226 0.00709728 0.00540096 0.004127 0.00320527 0.00258161 0.00221794 
0.00228608 0.00239741 0.00276553 0.00341541 0.00438836 0.00574272 0.00755416 0.00991574 0.0129377 0.0167465 0.0214839 0.0273038 0.0343697 0.0428503 0.0529138 0.0647222 0.0784241 0.0941474 0.111992 0.132022 0.154261 0.178685 0.205219 0.233738 0.264065 0.295975 0.3292 0.363435 0.39835 0.433597 0.468823 0.503676 0.537822 0.57095 0.60278 0.633068 0.661612 0.688253 0.712873 0.735397 0.755783 0.774024 0.790138 0.804162 0.816148 0.826154 0.834242 0.840467 0.844878 0.847514 0.848395 0.84753 0.844909 0.840508 0.834287 0.826196 0.816177 0.804169 0.790111 0.773952 0.755654 0.735201 0.712602 0.6879 0.661174 0.632545 0.602176 0.570272 0.537082 0.502887 0.468004 0.432768 0.397532 0.362648 0.328464 0.295309 0.263484 0.233252 0.204836 0.178407 0.154087 0.131946 0.112005 0.0942389 0.0785806 0.0649296 0.0531579 0.0431175 0.0346475 0.0275813 0.021752 0.016998 0.0131672 0.0101196 0.00773017 0.00588974 0.00450614 0.00350422 0.00282589 0.00243029 
0.0024886 0.00260945 0.00300808 0.00371119 0.00476292 0.00622554 0.00817965 0.0107242 0.0139761 0.0180692 0.0231528 0.0293887 0.036948 0.0460058 0.0567362 0.0693049 0.0838624 0.100536 0.119421 0.140577 0.164015 0.189698 0.217536 0.247385 0.279047 0.312274 0.346777 0.382228 0.418278 0.45456 0.490705 0.52635 0.561154 0.594801 0.627012 0.657549 0.686219 0.712873 0.73741 0.759768 0.779926 0.797893 0.813705 0.827418 0.839099 0.848822 0.856661 0.862681 0.866942 0.869486 0.87034 0.869511 0.86699 0.862747 0.856738 0.848904 0.839175 0.827476 0.813734 0.797879 0.779858 0.759633 0.737198 0.712576 0.685831 0.657069 0.626441 0.594146 0.560425 0.525562 0.489875 0.45371 0.417429 0.381403 0.345996 0.311558 0.278413 0.246846 0.217101 0.189371 0.163796 0.140462 0.119402 0.100601 0.083999 0.0694984 0.0569718 0.0462693 0.037226 0.0296695 0.0234264 0.0183277 0.0142133 0.0109359 0.00836314 0.00637933 0.00488646 0.00380454 0.00307165 0.00264416 
