5.40793e-05 5.59185e-05 6.15124e-05 7.10904e-05 8.50368e-05 0.000103893 0.000128363 0.000159311 0.00019777 0.000244941 0.000302192 0.000371054 0.000453213 0.0005505 0.000664875 0.000798399 0.000953209 0.00113148 0.00133537 0.00156701 0.00182839 0.00212134 0.00244746 0.00280804 0.003204 0.00363582 0.00410348 0.00460642 0.00514345 0.00571275 0.00631183 0.00693753 0.00758599 0.00825271 0.00893258 0.00961989 0.0103085 0.0109918 0.0116628 0.0123146 0.0129399 0.0135316 0.0140827 0.0145867 0.0150373 0.0154288 0.0157564 0.0160157 0.0162034 0.016317 0.016355 0.016317 0.0162034 0.0160157 0.0157564 0.0154288 0.0150373 0.0145867 0.0140827 0.0135316 0.0129399 0.0123146 0.0116628 0.0109918 0.0103085 0.00961989 0.00893258 0.00825271 0.00758599 0.00693753 0.00631183 0.00571275 0.00514345 0.00460642 0.00410348 0.00363582 0.003204 0.00280804 0.00244746 0.00212134 0.00182839 0.00156701 0.00133537 0.00113148 0.000953209 0.000798399 0.000664875 0.0005505 0.000453213 0.000371054 0.000302192 0.000244941 0.00019777 0.000159311 0.000128363 0.000103893 8.50368e-05 7.10904e-05 6.15124e-05 5.59185e-05 
5.59185e-05 5.78165e-05 6.35889e-05 7.34718e-05 8.78602e-05 0.000107311 0.000132547 0.000164458 0.000204104 0.00025272 0.000311708 0.00038264 0.000467247 0.000567407 0.000685125 0.000822515 0.000981763 0.00116509 0.00137472 0.0016128 0.00188138 0.00218232 0.00251725 0.00288747 0.00329391 0.00373705 0.00421685 0.00473272 0.00528342 0.00586708 0.00648114 0.00712234 0.00778672 0.00846968 0.00916596 0.00986974 0.0105747 0.0112741 0.0119609 0.0126278 0.0132676 0.0138729 0.0144367 0.0149522 0.015413 0.0158134 0.0161484 0.0164135 0.0166054 0.0167216 0.0167605 0.0167216 0.0166054 0.0164135 0.0161484 0.0158134 0.015413 0.0149522 0.0144367 0.0138729 0.0132676 0.0126278 0.0119609 0.0112741 0.0105747 0.00986974 0.00916596 0.00846968 0.00778672 0.00712234 0.00648114 0.00586708 0.00528342 0.00473272 0.00421685 0.00373705 0.00329391 0.00288747 0.00251725 0.00218232 0.00188138 0.0016128 0.00137472 0.00116509 0.000981763 0.000822515 0.000685125 0.000567407 0.000467247 0.00038264 0.000311708 0.00025272 0.000204104 0.000164458 0.000132547 0.000107311 8.78602e-05 7.34718e-05 6.35889e-05 5.78165e-05 
6.15124e-05 6.35889e-05 6.99036e-05 8.07121e-05 9.64427e-05 0.000117699 0.000145261 0.000180094 0.000223343 0.000276339 0.000340598 0.000417811 0.000509841 0.000618706 0.00074656 0.000895664 0.00106836 0.00126702 0.001494 0.00175159 0.00204197 0.00236709 0.00272867 0.00312805 0.00356619 0.00404355 0.00456005 0.005115 0.00570702 0.00633408 0.00699337 0.00768138 0.00839384 0.00912581 0.00987164 0.0106251 0.0113795 0.0121275 0.0128618 0.0135745 0.014258 0.0149044 0.0155062 0.0160563 0.016548 0.0169751 0.0173324 0.0176151 0.0178197 0.0179436 0.017985 0.0179436 0.0178197 0.0176151 0.0173324 0.0169751 0.016548 0.0160563 0.0155062 0.0149044 0.014258 0.0135745 0.0128618 0.0121275 0.0113795 0.0106251 0.00987164 0.00912581 0.00839384 0.00768138 0.00699337 0.00633408 0.00570702 0.005115 0.00456005 0.00404355 0.00356619 0.00312805 0.00272867 0.00236709 0.00204197 0.00175159 0.001494 0.00126702 0.00106836 0.000895664 0.00074656 0.000618706 0.000509841 0.000417811 0.000340598 0.000276339 0.000223343 0.000180094 0.000145261 0.000117699 9.64427e-05 8.07121e-05 6.99036e-05 6.35889e-05 
7.10904e-05 7.34718e-05 8.07121e-05 9.31007e-05 0.000111122 0.000135457 0.000166989 0.000206804 0.000256194 0.000316656 0.000389892 0.0004778 0.000582465 0.000706142 0.000851231 0.00102025 0.00121579 0.00144048 0.00169693 0.00198764 0.00231499 0.00268112 0.00308785 0.00353663 0.00402845 0.00456375 0.00514234 0.00576338 0.00642527 0.00712565 0.00786136 0.00862841 0.00942204 0.0102367 0.0110661 0.0119034 0.012741 0.0135711 0.0143853 0.0151752 0.0159321 0.0166477 0.0173136 0.017922 0.0184656 0.0189377 0.0193324 0.0196447 0.0198707 0.0200075 0.0200533 0.0200075 0.0198707 0.0196447 0.0193324 0.0189377 0.0184656 0.017922 0.0173136 0.0166477 0.0159321 0.0151752 0.0143853 0.0135711 0.012741 0.0119034 0.0110661 0.0102367 0.00942204 0.00862841 0.00786136 0.00712565 0.00642527 0.00576338 0.00514234 0.00456375 0.00402845 0.00353663 0.00308785 0.00268112 0.00231499 0.00198764 0.00169693 0.00144048 0.00121579 0.00102025 0.000851231 0.000706142 0.000582465 0.0004778 0.000389892 0.000316656 0.000256194 0.000206804 0.000166989 0.000135457 0.000111122 9.31007e-05 8.07121e-05 7.34718e-05 
8.50368e-05 8.78602e-05 9.64427e-05 0.000111122 0.000132463 0.000161259 0.00019854 0.000245567 0.000303841 0.000375099 0.000461309 0.000564665 0.000687569 0.000832614 0.00100255 0.00120027 0.00142871 0.00169087 0.00198969 0.002328 0.00270846 0.00313344 0.00360496 0.00412458 0.00469331 0.00531157 0.00597902 0.00669459 0.00745634 0.00826147 0.00910627 0.00998611 0.0108955 0.011828 0.0127765 0.0137331 0.0146893 0.015636 0.0165639 0.0174634 0.0183248 0.0191386 0.0198955 0.0205867 0.0212039 0.0217398 0.0221876 0.0225419 0.0227983 0.0229534 0.0230053 0.0229534 0.0227983 0.0225419 0.0221876 0.0217398 0.0212039 0.0205867 0.0198955 0.0191386 0.0183248 0.0174634 0.0165639 0.015636 0.0146893 0.0137331 0.0127765 0.011828 0.0108955 0.00998611 0.00910627 0.00826147 0.00745634 0.00669459 0.00597902 0.00531157 0.00469331 0.00412458 0.00360496 0.00313344 0.00270846 0.002328 0.00198969 0.00169087 0.00142871 0.00120027 0.00100255 0.000832614 0.000687569 0.000564665 0.000461309 0.000375099 0.000303841 0.000245567 0.00019854 0.000161259 0.000132463 0.000111122 9.64427e-05 8.78602e-05 
0.000103893 0.000107311 0.000117699 0.000135457 0.000161259 0.00019605 0.000241048 0.000297754 0.000367943 0.000453668 0.000557254 0.000681283 0.000828577 0.00100217 0.00120529 0.00144129 0.00171359 0.00202566 0.00238087 0.00278249 0.00323352 0.00373664 0.0042941 0.00490761 0.00557822 0.00630626 0.00709122 0.00793169 0.00882529 0.00976861 0.0107572 0.0117857 0.0128474 0.013935 0.0150401 0.0161535 0.0172653 0.0183651 0.0194421 0.0204852 0.0214835 0.0224259 0.023302 0.0241015 0.0248151 0.0254343 0.0259517 0.0263608 0.0266568 0.0268358 0.0268958 0.0268358 0.0266568 0.0263608 0.0259517 0.0254343 0.0248151 0.0241015 0.023302 0.0224259 0.0214835 0.0204852 0.0194421 0.0183651 0.0172653 0.0161535 0.0150401 0.013935 0.0128474 0.0117857 0.0107572 0.00976861 0.00882529 0.00793169 0.00709122 0.00630626 0.00557822 0.00490761 0.0042941 0.00373664 0.00323352 0.00278249 0.00238087 0.00202566 0.00171359 0.00144129 0.00120529 0.00100217 0.000828577 0.000681283 0.000557254 0.000453668 0.000367943 0.000297754 0.000241048 0.00019605 0.000161259 0.000135457 0.000117699 0.000107311 
0.000128363 0.000132547 0.000145261 0.000166989 0.00019854 0.000241048 0.00029598 0.000365133 0.000450635 0.000554939 0.000680819 0.000831349 0.00100988 0.00122002 0.00146555 0.00175044 0.00207871 0.00245439 0.00288143 0.00336358 0.00390431 0.00450666 0.00517315 0.00590564 0.00670524 0.00757215 0.0085056 0.00950377 0.0105637 0.0116811 0.0128508 0.0140662 0.0153195 0.0166018 0.0179033 0.0192132 0.02052 0.0218115 0.023075 0.0242979 0.0254671 0.0265702 0.0275949 0.0285295 0.0293633 0.0300865 0.0306905 0.031168 0.0315134 0.0317223 0.0317922 0.0317223 0.0315134 0.031168 0.0306905 0.0300865 0.0293633 0.0285295 0.0275949 0.0265702 0.0254671 0.0242979 0.023075 0.0218115 0.02052 0.0192132 0.0179033 0.0166018 0.0153195 0.0140662 0.0128508 0.0116811 0.0105637 0.00950377 0.0085056 0.00757215 0.00670524 0.00590564 0.00517315 0.00450666 0.00390431 0.00336358 0.00288143 0.00245439 0.00207871 0.00175044 0.00146555 0.00122002 0.00100988 0.000831349 0.000680819 0.000554939 0.000450635 0.000365133 0.00029598 0.000241048 0.00019854 0.000166989 0.000145261 0.000132547 
0.000159311 0.000164458 0.000180094 0.000206804 0.000245567 0.000297754 0.000365133 0.000449872 0.00055453 0.000682056 0.000835775 0.00101936 0.00123683 0.00149244 0.00179073 0.00213636 0.00253407 0.0029886 0.00350457 0.00408633 0.00473787 0.00546267 0.00626355 0.00714255 0.00810079 0.0091383 0.010254 0.0114455 0.012709 0.0140395 0.0154305 0.016874 0.0183608 0.0198804 0.021421 0.0229699 0.0245136 0.0260377 0.0275275 0.0289681 0.0303445 0.0316421 0.0328466 0.0339446 0.0349236 0.0357723 0.0364809 0.037041 0.0374459 0.0376908 0.0377728 0.0376908 0.0374459 0.037041 0.0364809 0.0357723 0.0349236 0.0339446 0.0328466 0.0316421 0.0303445 0.0289681 0.0275275 0.0260377 0.0245136 0.0229699 0.021421 0.0198804 0.0183608 0.016874 0.0154305 0.0140395 0.012709 0.0114455 0.010254 0.0091383 0.00810079 0.00714255 0.00626355 0.00546267 0.00473787 0.00408633 0.00350457 0.0029886 0.00253407 0.00213636 0.00179073 0.00149244 0.00123683 0.00101936 0.000835775 0.000682056 0.00055453 0.000449872 0.000365133 0.000297754 0.000245567 0.000206804 0.000180094 0.000164458 
0.00019777 0.000204104 0.000223343 0.000256194 0.000303841 0.000367943 0.000450635 0.00055453 0.000682711 0.000838725 0.00102656 0.00125062 0.00151568 0.00182685 0.00218949 0.00260912 0.00309135 0.00364174 0.00426566 0.0049682 0.00575393 0.00662683 0.00759007 0.00864584 0.00979523 0.0110381 0.0123728 0.0137963 0.0153041 0.0168897 0.0185454 0.0202615 0.0220271 0.0238295 0.0256549 0.0274882 0.0293133 0.0311137 0.0328719 0.0345706 0.0361924 0.0377201 0.0391373 0.0404284 0.041579 0.042576 0.0434081 0.0440655 0.0445407 0.0448281 0.0449243 0.0448281 0.0445407 0.0440655 0.0434081 0.042576 0.041579 0.0404284 0.0391373 0.0377201 0.0361924 0.0345706 0.0328719 0.0311137 0.0293133 0.0274882 0.0256549 0.0238295 0.0220271 0.0202615 0.0185454 0.0168897 0.0153041 0.0137963 0.0123728 0.0110381 0.00979523 0.00864584 0.00759007 0.00662683 0.00575393 0.0049682 0.00426566 0.00364174 0.00309135 0.00260912 0.00218949 0.00182685 0.00151568 0.00125062 0.00102656 0.000838725 0.000682711 0.00055453 0.000450635 0.000367943 0.000303841 0.000256194 0.000223343 0.000204104 
0.000244941 0.00025272 0.000276339 0.000316656 0.000375099 0.000453668 0.000554939 0.000682056 0.000838725 0.0010292 0.00125826 0.00153116 0.00185361 0.00223166 0.00267168 0.00318019 0.00376378 0.00442897 0.00518204 0.00602885 0.00697468 0.00802403 0.00918041 0.0104462 0.0118224 0.0133085 0.0149025 0.0166003 0.0183962 0.0202825 0.0222498 0.0242864 0.0263792 0.0285133 0.0306722 0.0328382 0.0349924 0.0371152 0.0391866 0.041186 0.0430933 0.0448887 0.0465531 0.0480685 0.0494182 0.0505873 0.0515625 0.0523328 0.0528895 0.0532261 0.0533387 0.0532261 0.0528895 0.0523328 0.0515625 0.0505873 0.0494182 0.0480685 0.0465531 0.0448887 0.0430933 0.041186 0.0391866 0.0371152 0.0349924 0.0328382 0.0306722 0.0285133 0.0263792 0.0242864 0.0222498 0.0202825 0.0183962 0.0166003 0.0149025 0.0133085 0.0118224 0.0104462 0.00918041 0.00802403 0.00697468 0.00602885 0.00518204 0.00442897 0.00376378 0.00318019 0.00267168 0.00223166 0.00185361 0.00153116 0.00125826 0.0010292 0.000838725 0.000682056 0.000554939 0.000453668 0.000375099 0.000316656 0.000276339 0.00025272 
0.000302192 0.000311708 0.000340598 0.000389892 0.000461309 0.000557254 0.000680819 0.000835775 0.00102656 0.00125826 0.00153657 0.00186776 0.0022586 0.00271626 0.00324825 0.00386225 0.004566 0.00536709 0.00627281 0.00728991 0.00842444 0.00968145 0.0110648 0.0125771 0.0142191 0.0159899 0.0178866 0.0199044 0.0220361 0.0242722 0.0266014 0.0290099 0.0314819 0.0339997 0.036544 0.0390939 0.0416274 0.0441215 0.0465529 0.0488978 0.0511329 0.0532352 0.0551828 0.056955 0.0585326 0.0598983 0.0610372 0.0619365 0.0625862 0.062979 0.0631104 0.062979 0.0625862 0.0619365 0.0610372 0.0598983 0.0585326 0.056955 0.0551828 0.0532352 0.0511329 0.0488978 0.0465529 0.0441215 0.0416274 0.0390939 0.036544 0.0339997 0.0314819 0.0290099 0.0266014 0.0242722 0.0220361 0.0199044 0.0178866 0.0159899 0.0142191 0.0125771 0.0110648 0.00968145 0.00842444 0.00728991 0.00627281 0.00536709 0.004566 0.00386225 0.00324825 0.00271626 0.0022586 0.00186776 0.00153657 0.00125826 0.00102656 0.000835775 0.000680819 0.000557254 0.000461309 0.000389892 0.000340598 0.000311708 
0.000371054 0.00038264 0.000417811 0.0004778 0.000564665 0.000681283 0.000831349 0.00101936 0.00125062 0.00153116 0.00186776 0.00226784 0.00273939 0.00329088 0.00393113 0.00466912 0.00551389 0.00647423 0.00755857 0.00877464 0.0101293 0.0116282 0.0132756 0.015074 0.0170242 0.0191245 0.0213713 0.0237583 0.0262768 0.0289155 0.0316605 0.0344955 0.0374018 0.0403585 0.043343 0.0463308 0.0492963 0.0522128 0.0550533 0.0577904 0.0603971 0.0628471 0.0651153 0.0671778 0.0690128 0.0706006 0.0719242 0.072969 0.0737236 0.0741797 0.0743323 0.0741797 0.0737236 0.072969 0.0719242 0.0706006 0.0690128 0.0671778 0.0651153 0.0628471 0.0603971 0.0577904 0.0550533 0.0522128 0.0492963 0.0463308 0.043343 0.0403585 0.0374018 0.0344955 0.0316605 0.0289155 0.0262768 0.0237583 0.0213713 0.0191245 0.0170242 0.015074 0.0132756 0.0116282 0.0101293 0.00877464 0.00755857 0.00647423 0.00551389 0.00466912 0.00393113 0.00329088 0.00273939 0.00226784 0.00186776 0.00153116 0.00125062 0.00101936 0.000831349 0.000681283 0.000564665 0.0004778 0.000417811 0.00038264 
0.000453213 0.000467247 0.000509841 0.000582465 0.000687569 0.000828577 0.00100988 0.00123683 0.00151568 0.00185361 0.0022586 0.00273939 0.00330539 0.00396652 0.00473307 0.00561552 0.00662431 0.00776963 0.0090611 0.0105075 0.0121167 0.0138947 0.0158463 0.017974 0.020278 0.0227562 0.0254037 0.0282127 0.0311726 0.0342698 0.0374877 0.040807 0.0442056 0.0476593 0.0511413 0.0546234 0.0580758 0.0614678 0.0647681 0.0679455 0.070969 0.0738085 0.0764354 0.0788225 0.0809452 0.082781 0.0843106 0.0855177 0.0863893 0.086916 0.0870922 0.086916 0.0863893 0.0855177 0.0843106 0.082781 0.0809452 0.0788225 0.0764354 0.0738085 0.070969 0.0679455 0.0647681 0.0614678 0.0580758 0.0546234 0.0511413 0.0476593 0.0442056 0.040807 0.0374877 0.0342698 0.0311726 0.0282127 0.0254037 0.0227562 0.020278 0.017974 0.0158463 0.0138947 0.0121167 0.0105075 0.0090611 0.00776963 0.00662431 0.00561552 0.00473307 0.00396652 0.00330539 0.00273939 0.0022586 0.00185361 0.00151568 0.00123683 0.00100988 0.000828577 0.000687569 0.000582465 0.000509841 0.000467247 
0.0005505 0.000567407 0.000618706 0.000706142 0.000832614 0.00100217 0.00122002 0.00149244 0.00182685 0.00223166 0.00271626 0.00329088 0.00396652 0.00475472 0.00566745 0.00671683 0.00791488 0.00927327 0.010803 0.0125139 0.0144147 0.0165123 0.0188114 0.0213145 0.0240215 0.0269292 0.0300313 0.0333183 0.0367773 0.040392 0.0441428 0.0480069 0.0519586 0.0559693 0.0600083 0.0640429 0.0680387 0.0719606 0.0757728 0.0794395 0.0829257 0.0861971 0.0892212 0.0919676 0.0944082 0.096518 0.0982751 0.0996612 0.100662 0.101266 0.101469 0.101266 0.100662 0.0996612 0.0982751 0.096518 0.0944082 0.0919676 0.0892212 0.0861971 0.0829257 0.0794395 0.0757728 0.0719606 0.0680387 0.0640429 0.0600083 0.0559693 0.0519586 0.0480069 0.0441428 0.040392 0.0367773 0.0333183 0.0300313 0.0269292 0.0240215 0.0213145 0.0188114 0.0165123 0.0144147 0.0125139 0.010803 0.00927327 0.00791488 0.00671683 0.00566745 0.00475472 0.00396652 0.00329088 0.00271626 0.00223166 0.00182685 0.00149244 0.00122002 0.00100217 0.000832614 0.000706142 0.000618706 0.000567407 
0.000664875 0.000685125 0.00074656 0.000851231 0.00100255 0.00120529 0.00146555 0.00179073 0.00218949 0.00267168 0.00324825 0.00393113 0.00473307 0.00566745 0.00674808 0.00798888 0.00940361 0.0110055 0.0128071 0.0148193 0.0170518 0.019512 0.022205 0.0251329 0.0282948 0.0316866 0.0353002 0.0391241 0.0431426 0.0473365 0.0516826 0.0561542 0.0607214 0.0653512 0.0700081 0.0746545 0.0792513 0.0837582 0.0881346 0.09234 0.0963347 0.10008 0.10354 0.10668 0.109469 0.111878 0.113884 0.115466 0.116607 0.117297 0.117527 0.117297 0.116607 0.115466 0.113884 0.111878 0.109469 0.10668 0.10354 0.10008 0.0963347 0.09234 0.0881346 0.0837582 0.0792513 0.0746545 0.0700081 0.0653512 0.0607214 0.0561542 0.0516826 0.0473365 0.0431426 0.0391241 0.0353002 0.0316866 0.0282948 0.0251329 0.022205 0.019512 0.0170518 0.0148193 0.0128071 0.0110055 0.00940361 0.00798888 0.00674808 0.00566745 0.00473307 0.00393113 0.00324825 0.00267168 0.00218949 0.00179073 0.00146555 0.00120529 0.00100255 0.000851231 0.00074656 0.000685125 
0.000798399 0.000822515 0.000895664 0.00102025 0.00120027 0.00144129 0.00175044 0.00213636 0.00260912 0.00318019 0.00386225 0.00466912 0.00561552 0.00671683 0.00798888 0.00944756 0.0111085 0.0129867 0.0150961 0.017449 0.0200559 0.0229246 0.0260604 0.029465 0.0331367 0.0370698 0.0412543 0.0456762 0.0503169 0.0551535 0.060159 0.0653023 0.0705488 0.0758606 0.0811969 0.086515 0.0917702 0.096917 0.10191 0.106703 0.111251 0.115512 0.119446 0.123013 0.126179 0.128912 0.131187 0.132981 0.134274 0.135056 0.135317 0.135056 0.134274 0.132981 0.131187 0.128912 0.126179 0.123013 0.119446 0.115512 0.111251 0.106703 0.10191 0.096917 0.0917702 0.086515 0.0811969 0.0758606 0.0705488 0.0653023 0.060159 0.0551535 0.0503169 0.0456762 0.0412543 0.0370698 0.0331367 0.029465 0.0260604 0.0229246 0.0200559 0.017449 0.0150961 0.0129867 0.0111085 0.00944756 0.00798888 0.00671683 0.00561552 0.00466912 0.00386225 0.00318019 0.00260912 0.00213636 0.00175044 0.00144129 0.00120027 0.00102025 0.000895664 0.000822515 
0.000953209 0.000981763 0.00106836 0.00121579 0.00142871 0.00171359 0.00207871 0.00253407 0.00309135 0.00376378 0.004566 0.00551389 0.00662431 0.00791488 0.00940361 0.0111085 0.0130473 0.0152366 0.0176921 0.0204273 0.0234534 0.026779 0.0304089 0.0343446 0.038583 0.0431166 0.0479334 0.0530162 0.0583432 0.0638873 0.0696172 0.0754971 0.081487 0.0875436 0.0936206 0.0996694 0.10564 0.11148 0.11714 0.122568 0.127714 0.132531 0.136973 0.140999 0.14457 0.147652 0.150215 0.152235 0.153692 0.154572 0.154866 0.154572 0.153692 0.152235 0.150215 0.147652 0.14457 0.140999 0.136973 0.132531 0.127714 0.122568 0.11714 0.11148 0.10564 0.0996694 0.0936206 0.0875436 0.081487 0.0754971 0.0696172 0.0638873 0.0583432 0.0530162 0.0479334 0.0431166 0.038583 0.0343446 0.0304089 0.026779 0.0234534 0.0204273 0.0176921 0.0152366 0.0130473 0.0111085 0.00940361 0.00791488 0.00662431 0.00551389 0.004566 0.00376378 0.00309135 0.00253407 0.00207871 0.00171359 0.00142871 0.00121579 0.00106836 0.000981763 
0.00113148 0.00116509 0.00126702 0.00144048 0.00169087 0.00202566 0.00245439 0.0029886 0.00364174 0.00442897 0.00536709 0.00647423 0.00776963 0.00927327 0.0110055 0.0129867 0.0152366 0.0177739 0.0206157 0.0237767 0.0272692 0.0311017 0.0352791 0.0398018 0.0446654 0.0498604 0.0553719 0.0611795 0.0672574 0.0735742 0.0800936 0.0867745 0.0935711 0.100434 0.107312 0.114149 0.12089 0.127476 0.133851 0.139959 0.145744 0.151154 0.156139 0.160654 0.164655 0.168107 0.170976 0.173236 0.174866 0.175849 0.176178 0.175849 0.174866 0.173236 0.170976 0.168107 0.164655 0.160654 0.156139 0.151154 0.145744 0.139959 0.133851 0.127476 0.12089 0.114149 0.107312 0.100434 0.0935711 0.0867745 0.0800936 0.0735742 0.0672574 0.0611795 0.0553719 0.0498604 0.0446654 0.0398018 0.0352791 0.0311017 0.0272692 0.0237767 0.0206157 0.0177739 0.0152366 0.0129867 0.0110055 0.00927327 0.00776963 0.00647423 0.00536709 0.00442897 0.00364174 0.0029886 0.00245439 0.00202566 0.00169087 0.00144048 0.00126702 0.00116509 
0.00133537 0.00137472 0.001494 0.00169693 0.00198969 0.00238087 0.00288143 0.00350457 0.00426566 0.00518204 0.00627281 0.00755857 0.0090611 0.010803 0.0128071 0.0150961 0.0176921 0.0206157 0.0238855 0.0275177 0.0315249 0.035916 0.0406953 0.0458622 0.0514106 0.0573283 0.0635974 0.0701937 0.077087 0.084241 0.091614 0.0991589 0.106824 0.114554 0.12229 0.12997 0.137532 0.144913 0.152049 0.158878 0.16534 0.171377 0.176935 0.181965 0.18642 0.19026 0.193451 0.195963 0.197774 0.198867 0.199233 0.198867 0.197774 0.195963 0.193451 0.19026 0.18642 0.181965 0.176935 0.171377 0.16534 0.158878 0.152049 0.144913 0.137532 0.12997 0.12229 0.114554 0.106824 0.0991589 0.091614 0.084241 0.077087 0.0701937 0.0635974 0.0573283 0.0514106 0.0458622 0.0406953 0.035916 0.0315249 0.0275177 0.0238855 0.0206157 0.0176921 0.0150961 0.0128071 0.010803 0.0090611 0.00755857 0.00627281 0.00518204 0.00426566 0.00350457 0.00288143 0.00238087 0.00198969 0.00169693 0.001494 0.00137472 
0.00156701 0.0016128 0.00175159 0.00198764 0.002328 0.00278249 0.00336358 0.00408633 0.0049682 0.00602885 0.00728991 0.00877464 0.0105075 0.0125139 0.0148193 0.017449 0.0204273 0.0237767 0.0275177 0.0316672 0.0362386 0.0412408 0.0466773 0.052546 0.0588386 0.0655403 0.0726294 0.0800774 0.0878493 0.0959033 0.104192 0.112661 0.121254 0.129907 0.138554 0.147129 0.15556 0.16378 0.171717 0.179305 0.186477 0.193171 0.199329 0.204896 0.209824 0.21407 0.217595 0.22037 0.222369 0.223575 0.223979 0.223575 0.222369 0.22037 0.217595 0.21407 0.209824 0.204896 0.199329 0.193171 0.186477 0.179305 0.171717 0.16378 0.15556 0.147129 0.138554 0.129907 0.121254 0.112661 0.104192 0.0959033 0.0878493 0.0800774 0.0726294 0.0655403 0.0588386 0.052546 0.0466773 0.0412408 0.0362386 0.0316672 0.0275177 0.0237767 0.0204273 0.017449 0.0148193 0.0125139 0.0105075 0.00877464 0.00728991 0.00602885 0.0049682 0.00408633 0.00336358 0.00278249 0.002328 0.00198764 0.00175159 0.0016128 
0.00182839 0.00188138 0.00204197 0.00231499 0.00270846 0.00323352 0.00390431 0.00473787 0.00575393 0.00697468 0.00842444 0.0101293 0.0121167 0.0144147 0.0170518 0.0200559 0.0234534 0.0272692 0.0315249 0.0362386 0.0414242 0.0470901 0.0532388 0.0598665 0.0669623 0.0745079 0.0824778 0.0908387 0.09955 0.108564 0.117827 0.127278 0.136852 0.14648 0.156089 0.165603 0.174947 0.184044 0.192818 0.201196 0.209107 0.216483 0.223262 0.229385 0.234801 0.239464 0.243334 0.246379 0.248572 0.249895 0.250337 0.249895 0.248572 0.246379 0.243334 0.239464 0.234801 0.229385 0.223262 0.216483 0.209107 0.201196 0.192818 0.184044 0.174947 0.165603 0.156089 0.14648 0.136852 0.127278 0.117827 0.108564 0.09955 0.0908387 0.0824778 0.0745079 0.0669623 0.0598665 0.0532388 0.0470901 0.0414242 0.0362386 0.0315249 0.0272692 0.0234534 0.0200559 0.0170518 0.0144147 0.0121167 0.0101293 0.00842444 0.00697468 0.00575393 0.00473787 0.00390431 0.00323352 0.00270846 0.00231499 0.00204197 0.00188138 
0.00212134 0.00218232 0.00236709 0.00268112 0.00313344 0.00373664 0.00450666 0.00546267 0.00662683 0.00802403 0.00968145 0.0116282 0.0138947 0.0165123 0.019512 0.0229246 0.026779 0.0311017 0.035916 0.0412408 0.0470901 0.0534716 0.0603868 0.0678294 0.0757855 0.0842333 0.0931423 0.102474 0.112182 0.122212 0.132503 0.142988 0.153594 0.164243 0.174856 0.18535 0.195643 0.20565 0.21529 0.224483 0.233155 0.241232 0.248647 0.25534 0.261255 0.266344 0.270566 0.273885 0.276275 0.277717 0.278199 0.277717 0.276275 0.273885 0.270566 0.266344 0.261255 0.25534 0.248647 0.241232 0.233155 0.224483 0.21529 0.20565 0.195643 0.18535 0.174856 0.164243 0.153594 0.142988 0.132503 0.122212 0.112182 0.102474 0.0931423 0.0842333 0.0757855 0.0678294 0.0603868 0.0534716 0.0470901 0.0412408 0.035916 0.0311017 0.026779 0.0229246 0.019512 0.0165123 0.0138947 0.0116282 0.00968145 0.00802403 0.00662683 0.00546267 0.00450666 0.00373664 0.00313344 0.00268112 0.00236709 0.00218232 
0.00244746 0.00251725 0.00272867 0.00308785 0.00360496 0.0042941 0.00517315 0.00626355 0.00759007 0.00918041 0.0110648 0.0132756 0.0158463 0.0188114 0.022205 0.0260604 0.0304089 0.0352791 0.0406953 0.0466773 0.0532388 0.0603868 0.0681207 0.076432 0.0853031 0.0947079 0.104611 0.114967 0.125725 0.136822 0.14819 0.159755 0.171435 0.183146 0.194799 0.206306 0.217576 0.228518 0.239046 0.249074 0.258521 0.267311 0.275373 0.282643 0.289063 0.294582 0.299158 0.302754 0.305342 0.306903 0.307425 0.306903 0.305342 0.302754 0.299158 0.294582 0.289063 0.282643 0.275373 0.267311 0.258521 0.249074 0.239046 0.228518 0.217576 0.206306 0.194799 0.183146 0.171435 0.159755 0.14819 0.136822 0.125725 0.114967 0.104611 0.0947079 0.0853031 0.076432 0.0681207 0.0603868 0.0532388 0.0466773 0.0406953 0.0352791 0.0304089 0.0260604 0.022205 0.0188114 0.0158463 0.0132756 0.0110648 0.00918041 0.00759007 0.00626355 0.00517315 0.0042941 0.00360496 0.00308785 0.00272867 0.00251725 
0.00280804 0.00288747 0.00312805 0.00353663 0.00412458 0.00490761 0.00590564 0.00714255 0.00864584 0.0104462 0.0125771 0.015074 0.017974 0.0213145 0.0251329 0.029465 0.0343446 0.0398018 0.0458622 0.052546 0.0598665 0.0678294 0.076432 0.0856626 0.0954998 0.105912 0.116859 0.12829 0.140144 0.152353 0.164841 0.177524 0.190314 0.203119 0.215841 0.228385 0.240653 0.252548 0.263977 0.274849 0.28508 0.294588 0.3033 0.311149 0.318074 0.324023 0.328952 0.332824 0.335609 0.337289 0.33785 0.337289 0.335609 0.332824 0.328952 0.324023 0.318074 0.311149 0.3033 0.294588 0.28508 0.274849 0.263977 0.252548 0.240653 0.228385 0.215841 0.203119 0.190314 0.177524 0.164841 0.152353 0.140144 0.12829 0.116859 0.105912 0.0954998 0.0856626 0.076432 0.0678294 0.0598665 0.052546 0.0458622 0.0398018 0.0343446 0.029465 0.0251329 0.0213145 0.017974 0.015074 0.0125771 0.0104462 0.00864584 0.00714255 0.00590564 0.00490761 0.00412458 0.00353663 0.00312805 0.00288747 
0.003204 0.00329391 0.00356619 0.00402845 0.00469331 0.00557822 0.00670524 0.00810079 0.00979523 0.0118224 0.0142191 0.0170242 0.020278 0.0240215 0.0282948 0.0331367 0.038583 0.0446654 0.0514106 0.0588386 0.0669623 0.0757855 0.0853031 0.0954998 0.106349 0.117816 0.129851 0.142399 0.15539 0.168749 0.182391 0.196224 0.210152 0.224073 0.237885 0.251481 0.264759 0.277616 0.289951 0.301671 0.312685 0.322909 0.332267 0.34069 0.348115 0.354489 0.359766 0.363909 0.366889 0.368685 0.369285 0.368685 0.366889 0.363909 0.359766 0.354489 0.348115 0.34069 0.332267 0.322909 0.312685 0.301671 0.289951 0.277616 0.264759 0.251481 0.237885 0.224073 0.210152 0.196224 0.182391 0.168749 0.15539 0.142399 0.129851 0.117816 0.106349 0.0954998 0.0853031 0.0757855 0.0669623 0.0588386 0.0514106 0.0446654 0.038583 0.0331367 0.0282948 0.0240215 0.020278 0.0170242 0.0142191 0.0118224 0.00979523 0.00810079 0.00670524 0.00557822 0.00469331 0.00402845 0.00356619 0.00329391 
0.00363582 0.00373705 0.00404355 0.00456375 0.00531157 0.00630626 0.00757215 0.0091383 0.0110381 0.0133085 0.0159899 0.0191245 0.0227562 0.0269292 0.0316866 0.0370698 0.0431166 0.0498604 0.0573283 0.0655403 0.0745079 0.0842333 0.0947079 0.105912 0.117816 0.130376 0.143538 0.157238 0.171399 0.185938 0.20076 0.215766 0.23085 0.245903 0.260814 0.27547 0.289761 0.303578 0.316816 0.329377 0.341166 0.352097 0.362091 0.371076 0.37899 0.385778 0.391395 0.395802 0.39897 0.40088 0.401517 0.40088 0.39897 0.395802 0.391395 0.385778 0.37899 0.371076 0.362091 0.352097 0.341166 0.329377 0.316816 0.303578 0.289761 0.27547 0.260814 0.245903 0.23085 0.215766 0.20076 0.185938 0.171399 0.157238 0.143538 0.130376 0.117816 0.105912 0.0947079 0.0842333 0.0745079 0.0655403 0.0573283 0.0498604 0.0431166 0.0370698 0.0316866 0.0269292 0.0227562 0.0191245 0.0159899 0.0133085 0.0110381 0.0091383 0.00757215 0.00630626 0.00531157 0.00456375 0.00404355 0.00373705 
0.00410348 0.00421685 0.00456005 0.00514234 0.00597902 0.00709122 0.0085056 0.010254 0.0123728 0.0149025 0.0178866 0.0213713 0.0254037 0.0300313 0.0353002 0.0412543 0.0479334 0.0553719 0.0635974 0.0726294 0.0824778 0.0931423 0.104611 0.116859 0.129851 0.143538 0.157858 0.172738 0.188095 0.203834 0.219855 0.236047 0.252296 0.268486 0.284497 0.300209 0.315506 0.330274 0.344403 0.35779 0.370338 0.381958 0.39257 0.402101 0.410487 0.417675 0.423617 0.428278 0.431627 0.433645 0.434319 0.433645 0.431627 0.428278 0.423617 0.417675 0.410487 0.402101 0.39257 0.381958 0.370338 0.35779 0.344403 0.330274 0.315506 0.300209 0.284497 0.268486 0.252296 0.236047 0.219855 0.203834 0.188095 0.172738 0.157858 0.143538 0.129851 0.116859 0.104611 0.0931423 0.0824778 0.0726294 0.0635974 0.0553719 0.0479334 0.0412543 0.0353002 0.0300313 0.0254037 0.0213713 0.0178866 0.0149025 0.0123728 0.010254 0.0085056 0.00709122 0.00597902 0.00514234 0.00456005 0.00421685 
0.00460642 0.00473272 0.005115 0.00576338 0.00669459 0.00793169 0.00950377 0.0114455 0.0137963 0.0166003 0.0199044 0.0237583 0.0282127 0.0333183 0.0391241 0.0456762 0.0530162 0.0611795 0.0701937 0.0800774 0.0908387 0.102474 0.114967 0.12829 0.142399 0.157238 0.172738 0.188819 0.205387 0.222339 0.239566 0.256947 0.274362 0.291683 0.308785 0.325542 0.341829 0.357528 0.372526 0.386716 0.399999 0.412284 0.423489 0.433542 0.44238 0.449947 0.4562 0.4611 0.46462 0.46674 0.467448 0.46674 0.46462 0.4611 0.4562 0.449947 0.44238 0.433542 0.423489 0.412284 0.399999 0.386716 0.372526 0.357528 0.341829 0.325542 0.308785 0.291683 0.274362 0.256947 0.239566 0.222339 0.205387 0.188819 0.172738 0.157238 0.142399 0.12829 0.114967 0.102474 0.0908387 0.0800774 0.0701937 0.0611795 0.0530162 0.0456762 0.0391241 0.0333183 0.0282127 0.0237583 0.0199044 0.0166003 0.0137963 0.0114455 0.00950377 0.00793169 0.00669459 0.00576338 0.005115 0.00473272 
0.00514345 0.00528342 0.00570702 0.00642527 0.00745634 0.00882529 0.0105637 0.012709 0.0153041 0.0183962 0.0220361 0.0262768 0.0311726 0.0367773 0.0431426 0.0503169 0.0583432 0.0672574 0.077087 0.0878493 0.09955 0.112182 0.125725 0.140144 0.15539 0.171399 0.188095 0.205387 0.223173 0.241342 0.259772 0.278338 0.296907 0.315345 0.33352 0.351298 0.36855 0.385154 0.400991 0.415953 0.429939 0.442857 0.454625 0.465172 0.474434 0.482358 0.488899 0.494023 0.497702 0.499917 0.500657 0.499917 0.497702 0.494023 0.488899 0.482358 0.474434 0.465172 0.454625 0.442857 0.429939 0.415953 0.400991 0.385154 0.36855 0.351298 0.33352 0.315345 0.296907 0.278338 0.259772 0.241342 0.223173 0.205387 0.188095 0.171399 0.15539 0.140144 0.125725 0.112182 0.09955 0.0878493 0.077087 0.0672574 0.0583432 0.0503169 0.0431426 0.0367773 0.0311726 0.0262768 0.0220361 0.0183962 0.0153041 0.012709 0.0105637 0.00882529 0.00745634 0.00642527 0.00570702 0.00528342 
0.00571275 0.00586708 0.00633408 0.00712565 0.00826147 0.00976861 0.0116811 0.0140395 0.0168897 0.0202825 0.0242722 0.0289155 0.0342698 0.040392 0.0473365 0.0551535 0.0638873 0.0735742 0.084241 0.0959033 0.108564 0.122212 0.136822 0.152353 0.168749 0.185938 0.203834 0.222339 0.241342 0.260719 0.280343 0.300077 0.31978 0.339312 0.358532 0.3773 0.395484 0.412955 0.429594 0.44529 0.459941 0.473454 0.48575 0.496756 0.506411 0.514664 0.521472 0.526801 0.530626 0.532927 0.533696 0.532927 0.530626 0.526801 0.521472 0.514664 0.506411 0.496756 0.48575 0.473454 0.459941 0.44529 0.429594 0.412955 0.395484 0.3773 0.358532 0.339312 0.31978 0.300077 0.280343 0.260719 0.241342 0.222339 0.203834 0.185938 0.168749 0.152353 0.136822 0.122212 0.108564 0.0959033 0.084241 0.0735742 0.0638873 0.0551535 0.0473365 0.040392 0.0342698 0.0289155 0.0242722 0.0202825 0.0168897 0.0140395 0.0116811 0.00976861 0.00826147 0.00712565 0.00633408 0.00586708 
0.00631183 0.00648114 0.00699337 0.00786136 0.00910627 0.0107572 0.0128508 0.0154305 0.0185454 0.0222498 0.0266014 0.0316605 0.0374877 0.0441428 0.0516826 0.060159 0.0696172 0.0800936 0.091614 0.104192 0.117827 0.132503 0.14819 0.164841 0.182391 0.20076 0.219855 0.239566 0.259772 0.280343 0.30114 0.322016 0.342825 0.363418 0.383645 0.403365 0.422438 0.440734 0.45813 0.474515 0.489786 0.503853 0.516634 0.528062 0.538076 0.546628 0.553676 0.55919 0.563145 0.565525 0.566319 0.565525 0.563145 0.55919 0.553676 0.546628 0.538076 0.528062 0.516634 0.503853 0.489786 0.474515 0.45813 0.440734 0.422438 0.403365 0.383645 0.363418 0.342825 0.322016 0.30114 0.280343 0.259772 0.239566 0.219855 0.20076 0.182391 0.164841 0.14819 0.132503 0.117827 0.104192 0.091614 0.0800936 0.0696172 0.060159 0.0516826 0.0441428 0.0374877 0.0316605 0.0266014 0.0222498 0.0185454 0.0154305 0.0128508 0.0107572 0.00910627 0.00786136 0.00699337 0.00648114 
0.00693753 0.00712234 0.00768138 0.00862841 0.00998611 0.0117857 0.0140662 0.016874 0.0202615 0.0242864 0.0290099 0.0344955 0.040807 0.0480069 0.0561542 0.0653023 0.0754971 0.0867745 0.0991589 0.112661 0.127278 0.142988 0.159755 0.177524 0.196224 0.215766 0.236047 0.256947 0.278338 0.300077 0.322016 0.344003 0.36588 0.387491 0.408683 0.429306 0.44922 0.46829 0.486393 0.503417 0.519259 0.533831 0.547055 0.558863 0.569199 0.578016 0.585278 0.590955 0.595024 0.597472 0.598289 0.597472 0.595024 0.590955 0.585278 0.578016 0.569199 0.558863 0.547055 0.533831 0.519259 0.503417 0.486393 0.46829 0.44922 0.429306 0.408683 0.387491 0.36588 0.344003 0.322016 0.300077 0.278338 0.256947 0.236047 0.215766 0.196224 0.177524 0.159755 0.142988 0.127278 0.112661 0.0991589 0.0867745 0.0754971 0.0653023 0.0561542 0.0480069 0.040807 0.0344955 0.0290099 0.0242864 0.0202615 0.016874 0.0140662 0.0117857 0.00998611 0.00862841 0.00768138 0.00712234 
0.00758599 0.00778672 0.00839384 0.00942204 0.0108955 0.0128474 0.0153195 0.0183608 0.0220271 0.0263792 0.0314819 0.0374018 0.0442056 0.0519586 0.0607214 0.0705488 0.081487 0.0935711 0.106824 0.121254 0.136852 0.153594 0.171435 0.190314 0.210152 0.23085 0.252296 0.274362 0.296907 0.31978 0.342825 0.36588 0.388779 0.411361 0.433465 0.45494 0.47564 0.495429 0.514183 0.531791 0.548153 0.56318 0.576797 0.588942 0.59956 0.60861 0.616056 0.621873 0.626041 0.628546 0.629383 0.628546 0.626041 0.621873 0.616056 0.60861 0.59956 0.588942 0.576797 0.56318 0.548153 0.531791 0.514183 0.495429 0.47564 0.45494 0.433465 0.411361 0.388779 0.36588 0.342825 0.31978 0.296907 0.274362 0.252296 0.23085 0.210152 0.190314 0.171435 0.153594 0.136852 0.121254 0.106824 0.0935711 0.081487 0.0705488 0.0607214 0.0519586 0.0442056 0.0374018 0.0314819 0.0263792 0.0220271 0.0183608 0.0153195 0.0128474 0.0108955 0.00942204 0.00839384 0.00778672 
0.00825271 0.00846968 0.00912581 0.0102367 0.011828 0.013935 0.0166018 0.0198804 0.0238295 0.0285133 0.0339997 0.0403585 0.0476593 0.0559693 0.0653512 0.0758606 0.0875436 0.100434 0.114554 0.129907 0.14648 0.164243 0.183146 0.203119 0.224073 0.245903 0.268486 0.291683 0.315345 0.339312 0.363418 0.387491 0.411361 0.434858 0.457819 0.480086 0.501512 0.521961 0.541309 0.559444 0.576268 0.591697 0.60566 0.618096 0.628957 0.638203 0.645805 0.651738 0.655988 0.658542 0.659394 0.658542 0.655988 0.651738 0.645805 0.638203 0.628957 0.618096 0.60566 0.591697 0.576268 0.559444 0.541309 0.521961 0.501512 0.480086 0.457819 0.434858 0.411361 0.387491 0.363418 0.339312 0.315345 0.291683 0.268486 0.245903 0.224073 0.203119 0.183146 0.164243 0.14648 0.129907 0.114554 0.100434 0.0875436 0.0758606 0.0653512 0.0559693 0.0476593 0.0403585 0.0339997 0.0285133 0.0238295 0.0198804 0.0166018 0.013935 0.011828 0.0102367 0.00912581 0.00846968 
0.00893258 0.00916596 0.00987164 0.0110661 0.0127765 0.0150401 0.0179033 0.021421 0.0256549 0.0306722 0.036544 0.043343 0.0511413 0.0600083 0.0700081 0.0811969 0.0936206 0.107312 0.12229 0.138554 0.156089 0.174856 0.194799 0.215841 0.237885 0.260814 0.284497 0.308785 0.33352 0.358532 0.383645 0.408683 0.433465 0.457819 0.481574 0.504572 0.526663 0.547709 0.567588 0.586191 0.603422 0.619201 0.633459 0.646141 0.657204 0.666612 0.67434 0.680368 0.684682 0.687274 0.688138 0.687274 0.684682 0.680368 0.67434 0.666612 0.657204 0.646141 0.633459 0.619201 0.603422 0.586191 0.567588 0.547709 0.526663 0.504572 0.481574 0.457819 0.433465 0.408683 0.383645 0.358532 0.33352 0.308785 0.284497 0.260814 0.237885 0.215841 0.194799 0.174856 0.156089 0.138554 0.12229 0.107312 0.0936206 0.0811969 0.0700081 0.0600083 0.0511413 0.043343 0.036544 0.0306722 0.0256549 0.021421 0.0179033 0.0150401 0.0127765 0.0110661 0.00987164 0.00916596 
0.00961989 0.00986974 0.0106251 0.0119034 0.0137331 0.0161535 0.0192132 0.0229699 0.0274882 0.0328382 0.0390939 0.0463308 0.0546234 0.0640429 0.0746545 0.086515 0.0996694 0.114149 0.12997 0.147129 0.165603 0.18535 0.206306 0.228385 0.251481 0.27547 0.300209 0.325542 0.351298 0.3773 0.403365 0.429306 0.45494 0.480086 0.504572 0.528235 0.550926 0.572507 0.592856 0.611867 0.629448 0.645523 0.660027 0.672912 0.684137 0.693673 0.701499 0.707598 0.711961 0.714581 0.715455 0.714581 0.711961 0.707598 0.701499 0.693673 0.684137 0.672912 0.660027 0.645523 0.629448 0.611867 0.592856 0.572507 0.550926 0.528235 0.504572 0.480086 0.45494 0.429306 0.403365 0.3773 0.351298 0.325542 0.300209 0.27547 0.251481 0.228385 0.206306 0.18535 0.165603 0.147129 0.12997 0.114149 0.0996694 0.086515 0.0746545 0.0640429 0.0546234 0.0463308 0.0390939 0.0328382 0.0274882 0.0229699 0.0192132 0.0161535 0.0137331 0.0119034 0.0106251 0.00986974 
0.0103085 0.0105747 0.0113795 0.012741 0.0146893 0.0172653 0.02052 0.0245136 0.0293133 0.0349924 0.0416274 0.0492963 0.0580758 0.0680387 0.0792513 0.0917702 0.10564 0.12089 0.137532 0.15556 0.174947 0.195643 0.217576 0.240653 0.264759 0.289761 0.315506 0.341829 0.36855 0.395484 0.422438 0.44922 0.47564 0.501512 0.526663 0.550926 0.574151 0.596203 0.616961 0.636322 0.654198 0.670517 0.685221 0.698265 0.709615 0.719247 0.727143 0.733293 0.73769 0.740329 0.741209 0.740329 0.73769 0.733293 0.727143 0.719247 0.709615 0.698265 0.685221 0.670517 0.654198 0.636322 0.616961 0.596203 0.574151 0.550926 0.526663 0.501512 0.47564 0.44922 0.422438 0.395484 0.36855 0.341829 0.315506 0.289761 0.264759 0.240653 0.217576 0.195643 0.174947 0.15556 0.137532 0.12089 0.10564 0.0917702 0.0792513 0.0680387 0.0580758 0.0492963 0.0416274 0.0349924 0.0293133 0.0245136 0.02052 0.0172653 0.0146893 0.012741 0.0113795 0.0105747 
0.0109918 0.0112741 0.0121275 0.0135711 0.015636 0.0183651 0.0218115 0.0260377 0.0311137 0.0371152 0.0441215 0.0522128 0.0614678 0.0719606 0.0837582 0.096917 0.11148 0.127476 0.144913 0.16378 0.184044 0.20565 0.228518 0.252548 0.277616 0.303578 0.330274 0.357528 0.385154 0.412955 0.440734 0.46829 0.495429 0.521961 0.547709 0.572507 0.596203 0.618664 0.639772 0.659426 0.677544 0.694059 0.708918 0.722081 0.733521 0.743218 0.75116 0.757341 0.761757 0.764407 0.76529 0.764407 0.761757 0.757341 0.75116 0.743218 0.733521 0.722081 0.708918 0.694059 0.677544 0.659426 0.639772 0.618664 0.596203 0.572507 0.547709 0.521961 0.495429 0.46829 0.440734 0.412955 0.385154 0.357528 0.330274 0.303578 0.277616 0.252548 0.228518 0.20565 0.184044 0.16378 0.144913 0.127476 0.11148 0.096917 0.0837582 0.0719606 0.0614678 0.0522128 0.0441215 0.0371152 0.0311137 0.0260377 0.0218115 0.0183651 0.015636 0.0135711 0.0121275 0.0112741 
0.0116628 0.0119609 0.0128618 0.0143853 0.0165639 0.0194421 0.023075 0.0275275 0.0328719 0.0391866 0.0465529 0.0550533 0.0647681 0.0757728 0.0881346 0.10191 0.11714 0.133851 0.152049 0.171717 0.192818 0.21529 0.239046 0.263977 0.289951 0.316816 0.344403 0.372526 0.400991 0.429594 0.45813 0.486393 0.514183 0.541309 0.567588 0.592856 0.616961 0.639772 0.661173 0.681068 0.699379 0.716043 0.731016 0.744262 0.755759 0.765495 0.773461 0.779655 0.784078 0.786731 0.787615 0.786731 0.784078 0.779655 0.773461 0.765495 0.755759 0.744262 0.731016 0.716043 0.699379 0.681068 0.661173 0.639772 0.616961 0.592856 0.567588 0.541309 0.514183 0.486393 0.45813 0.429594 0.400991 0.372526 0.344403 0.316816 0.289951 0.263977 0.239046 0.21529 0.192818 0.171717 0.152049 0.133851 0.11714 0.10191 0.0881346 0.0757728 0.0647681 0.0550533 0.0465529 0.0391866 0.0328719 0.0275275 0.023075 0.0194421 0.0165639 0.0143853 0.0128618 0.0119609 
0.0123146 0.0126278 0.0135745 0.0151752 0.0174634 0.0204852 0.0242979 0.0289681 0.0345706 0.041186 0.0488978 0.0577904 0.0679455 0.0794395 0.09234 0.106703 0.122568 0.139959 0.158878 0.179305 0.201196 0.224483 0.249074 0.274849 0.301671 0.329377 0.35779 0.386716 0.415953 0.44529 0.474515 0.503417 0.531791 0.559444 0.586191 0.611867 0.636322 0.659426 0.681068 0.701154 0.719613 0.736388 0.751437 0.764733 0.77626 0.78601 0.79398 0.800173 0.804592 0.807242 0.808125 0.807242 0.804592 0.800173 0.79398 0.78601 0.77626 0.764733 0.751437 0.736388 0.719613 0.701154 0.681068 0.659426 0.636322 0.611867 0.586191 0.559444 0.531791 0.503417 0.474515 0.44529 0.415953 0.386716 0.35779 0.329377 0.301671 0.274849 0.249074 0.224483 0.201196 0.179305 0.158878 0.139959 0.122568 0.106703 0.09234 0.0794395 0.0679455 0.0577904 0.0488978 0.041186 0.0345706 0.0289681 0.0242979 0.0204852 0.0174634 0.0151752 0.0135745 0.0126278 
