0.000103648 0.000106676 0.000115862 0.000131513 0.000154142 0.000184467 0.000223411 0.000272102 0.000331873 0.000404251 0.000490954 0.000593879 0.000715085 0.000856771 0.00102125 0.00121091 0.00142817 0.00167547 0.00195515 0.00226945 0.00262042 0.00300983 0.00343917 0.00390949 0.00442139 0.00497494 0.00556961 0.00620421 0.00687689 0.00758504 0.00832534 0.00909373 0.00988542 0.0106949 0.0115161 0.0123424 0.0131664 0.0139807 0.0147774 0.0155485 0.0162859 0.0169817 0.0176281 0.0182179 0.0187441 0.0192006 0.019582 0.0198835 0.0201016 0.0202336 0.0202777 0.0202336 0.0201016 0.0198835 0.019582 0.0192006 0.0187441 0.0182179 0.0176281 0.0169817 0.0162859 0.0155485 0.0147774 0.0139807 0.0131664 0.0123424 0.0115161 0.0106949 0.00988542 0.00909373 0.00832534 0.00758504 0.00687689 0.00620421 0.00556961 0.00497494 0.00442139 0.00390949 0.00343917 0.00300983 0.00262042 0.00226945 0.00195515 0.00167547 0.00142817 0.00121091 0.00102125 0.000856771 0.000715085 0.000593879 0.000490954 0.000404251 0.000331873 0.000272102 0.000223411 0.000184467 0.000154142 0.000131513 0.000115862 0.000106676 
0.000106676 0.000109787 0.000119224 0.000135301 0.000158544 0.000189688 0.000229677 0.000279667 0.00034102 0.000415298 0.000504259 0.000609842 0.00073415 0.000879427 0.00104804 0.00124241 0.00146503 0.00171837 0.00200481 0.00232663 0.00268591 0.00308447 0.00352379 0.00400494 0.00452851 0.00509456 0.00570252 0.00635118 0.00703862 0.00776217 0.00851843 0.00930324 0.0101117 0.0109382 0.0117766 0.0126199 0.0134608 0.0142917 0.0151046 0.0158912 0.0166433 0.0173529 0.0180122 0.0186135 0.0191501 0.0196156 0.0200044 0.0203118 0.0205341 0.0206687 0.0207137 0.0206687 0.0205341 0.0203118 0.0200044 0.0196156 0.0191501 0.0186135 0.0180122 0.0173529 0.0166433 0.0158912 0.0151046 0.0142917 0.0134608 0.0126199 0.0117766 0.0109382 0.0101117 0.00930324 0.00851843 0.00776217 0.00703862 0.00635118 0.00570252 0.00509456 0.00452851 0.00400494 0.00352379 0.00308447 0.00268591 0.00232663 0.00200481 0.00171837 0.00146503 0.00124241 0.00104804 0.000879427 0.00073415 0.000609842 0.000504259 0.000415298 0.00034102 0.000279667 0.000229677 0.000189688 0.000158544 0.000135301 0.000119224 0.000109787 
0.000115862 0.000119224 0.000129421 0.00014679 0.000171893 0.000205517 0.000248672 0.000302594 0.000368737 0.000448769 0.000544565 0.00065819 0.000791882 0.000948027 0.00112913 0.00133778 0.00157659 0.00184817 0.00215504 0.0024996 0.00288402 0.00331019 0.00377964 0.00429348 0.00485229 0.00545606 0.00610417 0.00679525 0.00752724 0.00829725 0.00910164 0.00993596 0.010795 0.0116728 0.0125627 0.0134575 0.0143495 0.0152304 0.0160918 0.0169252 0.0177217 0.018473 0.0191708 0.0198072 0.0203749 0.0208672 0.0212784 0.0216036 0.0218386 0.0219809 0.0220285 0.0219809 0.0218386 0.0216036 0.0212784 0.0208672 0.0203749 0.0198072 0.0191708 0.018473 0.0177217 0.0169252 0.0160918 0.0152304 0.0143495 0.0134575 0.0125627 0.0116728 0.010795 0.00993596 0.00910164 0.00829725 0.00752724 0.00679525 0.00610417 0.00545606 0.00485229 0.00429348 0.00377964 0.00331019 0.00288402 0.0024996 0.00215504 0.00184817 0.00157659 0.00133778 0.00112913 0.000948027 0.000791882 0.00065819 0.000544565 0.000448769 0.000368737 0.000302594 0.000248672 0.000205517 0.000171893 0.00014679 0.000129421 0.000119224 
0.000131513 0.000135301 0.00014679 0.000166354 0.000194617 0.000232453 0.000280985 0.000341582 0.000415855 0.00050565 0.000613039 0.000740299 0.000889898 0.00106446 0.00126673 0.00149954 0.00176575 0.00206821 0.00240964 0.00279263 0.00321953 0.00369235 0.00421271 0.00478174 0.00540001 0.00606744 0.00678323 0.00754584 0.0083529 0.00920119 0.0100866 0.0110043 0.0119485 0.0129125 0.0138892 0.0148706 0.0158483 0.0168133 0.0177564 0.0186682 0.0195394 0.0203607 0.0211232 0.0218184 0.0224383 0.0229758 0.0234245 0.0237793 0.0240358 0.024191 0.0242429 0.024191 0.0240358 0.0237793 0.0234245 0.0229758 0.0224383 0.0218184 0.0211232 0.0203607 0.0195394 0.0186682 0.0177564 0.0168133 0.0158483 0.0148706 0.0138892 0.0129125 0.0119485 0.0110043 0.0100866 0.00920119 0.0083529 0.00754584 0.00678323 0.00606744 0.00540001 0.00478174 0.00421271 0.00369235 0.00321953 0.00279263 0.00240964 0.00206821 0.00176575 0.00149954 0.00126673 0.00106446 0.000889898 0.000740299 0.000613039 0.00050565 0.000415855 0.000341582 0.000280985 0.000232453 0.000194617 0.000166354 0.00014679 0.000135301 
0.000154142 0.000158544 0.000171893 0.000194617 0.000227429 0.000271328 0.000327596 0.000397793 0.000483754 0.000587579 0.000711619 0.000858456 0.00103088 0.00123185 0.00146446 0.00173189 0.00203735 0.00238399 0.00277485 0.0032128 0.0037004 0.00423984 0.00483287 0.00548064 0.00618369 0.00694182 0.00775403 0.00861846 0.00953234 0.0104919 0.0114926 0.0125287 0.0135938 0.0146803 0.0157801 0.0168843 0.0179835 0.0190676 0.0201264 0.0211494 0.0221263 0.0230467 0.0239007 0.024679 0.0253727 0.025974 0.026476 0.0268726 0.0271594 0.0273328 0.0273909 0.0273328 0.0271594 0.0268726 0.026476 0.025974 0.0253727 0.024679 0.0239007 0.0230467 0.0221263 0.0211494 0.0201264 0.0190676 0.0179835 0.0168843 0.0157801 0.0146803 0.0135938 0.0125287 0.0114926 0.0104919 0.00953234 0.00861846 0.00775403 0.00694182 0.00618369 0.00548064 0.00483287 0.00423984 0.0037004 0.0032128 0.00277485 0.00238399 0.00203735 0.00173189 0.00146446 0.00123185 0.00103088 0.000858456 0.000711619 0.000587579 0.000483754 0.000397793 0.000327596 0.000271328 0.000227429 0.000194617 0.000171893 0.000158544 
0.000184467 0.000189688 0.000205517 0.000232453 0.000271328 0.000323305 0.000389874 0.000472849 0.00057436 0.000696839 0.000843006 0.00101584 0.00121856 0.00145456 0.00172738 0.00204067 0.00239806 0.00280314 0.00325935 0.00376989 0.00433761 0.00496493 0.00565373 0.00640521 0.00721986 0.00809731 0.00903626 0.0100344 0.0110886 0.0121942 0.0133459 0.0145372 0.0157605 0.0170073 0.0182682 0.019533 0.0207908 0.0220305 0.0232403 0.0244084 0.025523 0.0265726 0.0275459 0.0284324 0.0292223 0.0299067 0.0304778 0.0309291 0.0312552 0.0314524 0.0315184 0.0314524 0.0312552 0.0309291 0.0304778 0.0299067 0.0292223 0.0284324 0.0275459 0.0265726 0.025523 0.0244084 0.0232403 0.0220305 0.0207908 0.019533 0.0182682 0.0170073 0.0157605 0.0145372 0.0133459 0.0121942 0.0110886 0.0100344 0.00903626 0.00809731 0.00721986 0.00640521 0.00565373 0.00496493 0.00433761 0.00376989 0.00325935 0.00280314 0.00239806 0.00204067 0.00172738 0.00145456 0.00121856 0.00101584 0.000843006 0.000696839 0.00057436 0.000472849 0.000389874 0.000323305 0.000271328 0.000232453 0.000205517 0.000189688 
0.000223411 0.000229677 0.000248672 0.000280985 0.000327596 0.000389874 0.000469574 0.000568828 0.000690136 0.000836349 0.00101065 0.00121651 0.00145768 0.00173811 0.00206191 0.00243327 0.00285639 0.00333536 0.00387412 0.00447627 0.00514504 0.0058831 0.00669248 0.00757443 0.00852935 0.00955664 0.0106546 0.0118205 0.0130503 0.0143388 0.0156795 0.0170647 0.0184857 0.0199325 0.0213942 0.0228591 0.0243147 0.0257479 0.0271456 0.028494 0.0297798 0.0309898 0.0321113 0.0331322 0.0340414 0.0348288 0.0354857 0.0360046 0.0363795 0.0366062 0.036682 0.0366062 0.0363795 0.0360046 0.0354857 0.0348288 0.0340414 0.0331322 0.0321113 0.0309898 0.0297798 0.028494 0.0271456 0.0257479 0.0243147 0.0228591 0.0213942 0.0199325 0.0184857 0.0170647 0.0156795 0.0143388 0.0130503 0.0118205 0.0106546 0.00955664 0.00852935 0.00757443 0.00669248 0.0058831 0.00514504 0.00447627 0.00387412 0.00333536 0.00285639 0.00243327 0.00206191 0.00173811 0.00145768 0.00121651 0.00101065 0.000836349 0.000690136 0.000568828 0.000469574 0.000389874 0.000327596 0.000280985 0.000248672 0.000229677 
0.000272102 0.000279667 0.000302594 0.000341582 0.000397793 0.000472849 0.000568828 0.00068825 0.000834068 0.00100964 0.00121871 0.00146537 0.00175399 0.00208921 0.00247579 0.00291861 0.00342252 0.00399225 0.0046323 0.00534677 0.00613928 0.00701282 0.00796959 0.00901086 0.0101369 0.0113468 0.0126385 0.0140083 0.0154516 0.0169621 0.018532 0.0201523 0.0218126 0.0235014 0.0252059 0.0269125 0.0286067 0.0302735 0.0318976 0.0334632 0.0349551 0.0363581 0.0376577 0.0388401 0.0398927 0.0408039 0.0415637 0.0421637 0.0425972 0.0428593 0.042947 0.0428593 0.0425972 0.0421637 0.0415637 0.0408039 0.0398927 0.0388401 0.0376577 0.0363581 0.0349551 0.0334632 0.0318976 0.0302735 0.0286067 0.0269125 0.0252059 0.0235014 0.0218126 0.0201523 0.018532 0.0169621 0.0154516 0.0140083 0.0126385 0.0113468 0.0101369 0.00901086 0.00796959 0.00701282 0.00613928 0.00534677 0.0046323 0.00399225 0.00342252 0.00291861 0.00247579 0.00208921 0.00175399 0.00146537 0.00121871 0.00100964 0.000834068 0.00068825 0.000568828 0.000472849 0.000397793 0.000341582 0.000302594 0.000279667 
0.000331873 0.00034102 0.000368737 0.000415855 0.000483754 0.00057436 0.000690136 0.000834068 0.00100965 0.00122084 0.00147207 0.00176813 0.00211416 0.00251558 0.00297797 0.00350698 0.00410825 0.00478722 0.00554904 0.0063984 0.00733939 0.00837529 0.00950849 0.0107403 0.0120707 0.0134986 0.015021 0.0166338 0.018331 0.0201052 0.0219471 0.0238462 0.02579 0.0277652 0.0297568 0.0317489 0.0337248 0.035667 0.0375578 0.0393792 0.0411136 0.0427436 0.0442524 0.0456245 0.0468453 0.0479018 0.0487824 0.0494777 0.0499798 0.0502834 0.0503849 0.0502834 0.0499798 0.0494777 0.0487824 0.0479018 0.0468453 0.0456245 0.0442524 0.0427436 0.0411136 0.0393792 0.0375578 0.035667 0.0337248 0.0317489 0.0297568 0.0277652 0.02579 0.0238462 0.0219471 0.0201052 0.018331 0.0166338 0.015021 0.0134986 0.0120707 0.0107403 0.00950849 0.00837529 0.00733939 0.0063984 0.00554904 0.00478722 0.00410825 0.00350698 0.00297797 0.00251558 0.00211416 0.00176813 0.00147207 0.00122084 0.00100965 0.000834068 0.000690136 0.00057436 0.000483754 0.000415855 0.000368737 0.00034102 
0.000404251 0.000415298 0.000448769 0.00050565 0.000587579 0.000696839 0.000836349 0.00100964 0.00122084 0.00147464 0.00177622 0.00213123 0.00254571 0.00302598 0.00357854 0.00420997 0.00492679 0.00573526 0.00664128 0.00765019 0.00876656 0.00999404 0.0113352 0.0127912 0.014362 0.0160457 0.0178389 0.0197362 0.0217306 0.023813 0.0259726 0.0281966 0.0304708 0.0327792 0.0351045 0.0374282 0.0397308 0.0419922 0.044192 0.0463094 0.0483241 0.0502163 0.0519668 0.0535578 0.0549727 0.0561965 0.0572164 0.0580213 0.0586025 0.0589538 0.0590713 0.0589538 0.0586025 0.0580213 0.0572164 0.0561965 0.0549727 0.0535578 0.0519668 0.0502163 0.0483241 0.0463094 0.044192 0.0419922 0.0397308 0.0374282 0.0351045 0.0327792 0.0304708 0.0281966 0.0259726 0.023813 0.0217306 0.0197362 0.0178389 0.0160457 0.014362 0.0127912 0.0113352 0.00999404 0.00876656 0.00765019 0.00664128 0.00573526 0.00492679 0.00420997 0.00357854 0.00302598 0.00254571 0.00213123 0.00177622 0.00147464 0.00122084 0.00100964 0.000836349 0.000696839 0.000587579 0.00050565 0.000448769 0.000415298 
0.000490954 0.000504259 0.000544565 0.000613039 0.000711619 0.000843006 0.00101065 0.00121871 0.00147207 0.00177622 0.00213726 0.00256183 0.00305696 0.00363002 0.00428859 0.00504029 0.00589261 0.00685276 0.00792748 0.00912278 0.0104438 0.0118945 0.0134777 0.0151944 0.0170441 0.0190245 0.0211312 0.0233576 0.0256951 0.0281331 0.0306586 0.0332567 0.0359105 0.0386014 0.0413094 0.0440128 0.0466892 0.0493155 0.051868 0.0543231 0.0566574 0.0588482 0.0608738 0.0627137 0.0643492 0.0657632 0.0669412 0.0678705 0.0685415 0.068947 0.0690827 0.068947 0.0685415 0.0678705 0.0669412 0.0657632 0.0643492 0.0627137 0.0608738 0.0588482 0.0566574 0.0543231 0.051868 0.0493155 0.0466892 0.0440128 0.0413094 0.0386014 0.0359105 0.0332567 0.0306586 0.0281331 0.0256951 0.0233576 0.0211312 0.0190245 0.0170441 0.0151944 0.0134777 0.0118945 0.0104438 0.00912278 0.00792748 0.00685276 0.00589261 0.00504029 0.00428859 0.00363002 0.00305696 0.00256183 0.00213726 0.00177622 0.00147207 0.00121871 0.00101065 0.000843006 0.000711619 0.000613039 0.000544565 0.000504259 
0.000593879 0.000609842 0.00065819 0.000740299 0.000858456 0.00101584 0.00121651 0.00146537 0.00176813 0.00213123 0.00256183 0.00306764 0.00365687 0.00433809 0.00512005 0.00601155 0.00702119 0.00815722 0.00942728 0.0108381 0.0123955 0.0141037 0.0159656 0.0179821 0.0201523 0.0224729 0.0249386 0.0275413 0.0302709 0.0331145 0.0360568 0.0390804 0.0421656 0.0452907 0.0484323 0.0515656 0.0546648 0.0577031 0.0606537 0.0634893 0.0661835 0.0687103 0.0710451 0.0731647 0.0750478 0.0766753 0.0780305 0.0790994 0.079871 0.0803372 0.0804932 0.0803372 0.079871 0.0790994 0.0780305 0.0766753 0.0750478 0.0731647 0.0710451 0.0687103 0.0661835 0.0634893 0.0606537 0.0577031 0.0546648 0.0515656 0.0484323 0.0452907 0.0421656 0.0390804 0.0360568 0.0331145 0.0302709 0.0275413 0.0249386 0.0224729 0.0201523 0.0179821 0.0159656 0.0141037 0.0123955 0.0108381 0.00942728 0.00815722 0.00702119 0.00601155 0.00512005 0.00433809 0.00365687 0.00306764 0.00256183 0.00213123 0.00176813 0.00146537 0.00121651 0.00101584 0.000858456 0.000740299 0.00065819 0.000609842 
0.000715085 0.00073415 0.000791882 0.000889898 0.00103088 0.00121856 0.00145768 0.00175399 0.00211416 0.00254571 0.00305696 0.00365687 0.00435497 0.00516115 0.00608549 0.00713809 0.00832878 0.00966694 0.0111612 0.0128191 0.0146469 0.0166493 0.0188293 0.0211874 0.0237221 0.0264294 0.0293024 0.0323315 0.0355046 0.0388063 0.0422189 0.0457217 0.0492921 0.0529048 0.0565329 0.0601479 0.0637201 0.067219 0.0706139 0.073874 0.0769691 0.0798698 0.0825485 0.0849788 0.0871369 0.0890013 0.0905531 0.0917768 0.0926599 0.0931934 0.0933718 0.0931934 0.0926599 0.0917768 0.0905531 0.0890013 0.0871369 0.0849788 0.0825485 0.0798698 0.0769691 0.073874 0.0706139 0.067219 0.0637201 0.0601479 0.0565329 0.0529048 0.0492921 0.0457217 0.0422189 0.0388063 0.0355046 0.0323315 0.0293024 0.0264294 0.0237221 0.0211874 0.0188293 0.0166493 0.0146469 0.0128191 0.0111612 0.00966694 0.00832878 0.00713809 0.00608549 0.00516115 0.00435497 0.00365687 0.00305696 0.00254571 0.00211416 0.00175399 0.00145768 0.00121856 0.00103088 0.000889898 0.000791882 0.00073415 
0.000856771 0.000879427 0.000948027 0.00106446 0.00123185 0.00145456 0.00173811 0.00208921 0.00251558 0.00302598 0.00363002 0.00433809 0.00516115 0.00611057 0.00719791 0.00843468 0.00983207 0.0114006 0.0131501 0.0150888 0.0172236 0.0195595 0.0220993 0.0248434 0.0277895 0.0309322 0.0342633 0.0377713 0.0414415 0.0452562 0.0491944 0.0532323 0.0573434 0.0614988 0.0656676 0.0698171 0.0739136 0.0779224 0.0818086 0.0855373 0.0890746 0.0923875 0.0954447 0.0982169 0.100677 0.102802 0.104569 0.105963 0.106968 0.107576 0.107779 0.107576 0.106968 0.105963 0.104569 0.102802 0.100677 0.0982169 0.0954447 0.0923875 0.0890746 0.0855373 0.0818086 0.0779224 0.0739136 0.0698171 0.0656676 0.0614988 0.0573434 0.0532323 0.0491944 0.0452562 0.0414415 0.0377713 0.0342633 0.0309322 0.0277895 0.0248434 0.0220993 0.0195595 0.0172236 0.0150888 0.0131501 0.0114006 0.00983207 0.00843468 0.00719791 0.00611057 0.00516115 0.00433809 0.00363002 0.00302598 0.00251558 0.00208921 0.00173811 0.00145456 0.00123185 0.00106446 0.000948027 0.000879427 
0.00102125 0.00104804 0.00112913 0.00126673 0.00146446 0.00172738 0.00206191 0.00247579 0.00297797 0.00357854 0.00428859 0.00512005 0.00608549 0.00719791 0.00847047 0.00991623 0.0115478 0.0133771 0.0154148 0.0176703 0.0201508 0.0228617 0.0258057 0.0289825 0.0323888 0.0360182 0.0398603 0.0439017 0.0481248 0.052509 0.0570298 0.0616598 0.0663684 0.0711226 0.0758871 0.0806247 0.0852971 0.0898652 0.0942895 0.0985311 0.102552 0.106314 0.109785 0.112929 0.115719 0.118126 0.120128 0.121706 0.122845 0.123532 0.123762 0.123532 0.122845 0.121706 0.120128 0.118126 0.115719 0.112929 0.109785 0.106314 0.102552 0.0985311 0.0942895 0.0898652 0.0852971 0.0806247 0.0758871 0.0711226 0.0663684 0.0616598 0.0570298 0.052509 0.0481248 0.0439017 0.0398603 0.0360182 0.0323888 0.0289825 0.0258057 0.0228617 0.0201508 0.0176703 0.0154148 0.0133771 0.0115478 0.00991623 0.00847047 0.00719791 0.00608549 0.00512005 0.00428859 0.00357854 0.00297797 0.00247579 0.00206191 0.00172738 0.00146446 0.00126673 0.00112913 0.00104804 
0.00121091 0.00124241 0.00133778 0.00149954 0.00173189 0.00204067 0.00243327 0.00291861 0.00350698 0.00420997 0.00504029 0.00601155 0.00713809 0.00843468 0.00991623 0.0115975 0.0134925 0.0156147 0.0179758 0.0205859 0.023453 0.0265825 0.0299768 0.033635 0.0375527 0.0417216 0.0461296 0.0507603 0.0555936 0.060605 0.0657665 0.0710464 0.0764099 0.0818193 0.0872345 0.0926135 0.0979131 0.103089 0.108098 0.112896 0.11744 0.12169 0.125606 0.129152 0.132297 0.135009 0.137265 0.139041 0.140322 0.141096 0.141355 0.141096 0.140322 0.139041 0.137265 0.135009 0.132297 0.129152 0.125606 0.12169 0.11744 0.112896 0.108098 0.103089 0.0979131 0.0926135 0.0872345 0.0818193 0.0764099 0.0710464 0.0657665 0.060605 0.0555936 0.0507603 0.0461296 0.0417216 0.0375527 0.033635 0.0299768 0.0265825 0.023453 0.0205859 0.0179758 0.0156147 0.0134925 0.0115975 0.00991623 0.00843468 0.00713809 0.00601155 0.00504029 0.00420997 0.00350698 0.00291861 0.00243327 0.00204067 0.00173189 0.00149954 0.00133778 0.00124241 
0.00142817 0.00146503 0.00157659 0.00176575 0.00203735 0.00239806 0.00285639 0.00342252 0.00410825 0.00492679 0.00589261 0.00702119 0.00832878 0.00983207 0.0115478 0.0134925 0.015682 0.0181308 0.0208521 0.0238566 0.0271529 0.0307464 0.0346389 0.0388289 0.0433104 0.0480732 0.0531029 0.0583802 0.0638813 0.0695783 0.0754389 0.0814267 0.0875023 0.0936228 0.0997431 0.105816 0.111793 0.117625 0.123263 0.128659 0.133765 0.138537 0.142931 0.146908 0.150431 0.15347 0.155995 0.157983 0.159417 0.160283 0.160572 0.160283 0.159417 0.157983 0.155995 0.15347 0.150431 0.146908 0.142931 0.138537 0.133765 0.128659 0.123263 0.117625 0.111793 0.105816 0.0997431 0.0936228 0.0875023 0.0814267 0.0754389 0.0695783 0.0638813 0.0583802 0.0531029 0.0480732 0.0433104 0.0388289 0.0346389 0.0307464 0.0271529 0.0238566 0.0208521 0.0181308 0.015682 0.0134925 0.0115478 0.00983207 0.00832878 0.00702119 0.00589261 0.00492679 0.00410825 0.00342252 0.00285639 0.00239806 0.00203735 0.00176575 0.00157659 0.00146503 
0.00167547 0.00171837 0.00184817 0.00206821 0.00238399 0.00280314 0.00333536 0.00399225 0.00478722 0.00573526 0.00685276 0.00815722 0.00966694 0.0114006 0.0133771 0.0156147 0.0181308 0.0209417 0.0240613 0.0275015 0.0312709 0.0353749 0.0398149 0.0445881 0.0496868 0.0550988 0.0608066 0.0667878 0.0730149 0.0794556 0.0860731 0.0928261 0.0996698 0.106556 0.113434 0.120252 0.126954 0.133488 0.139798 0.145831 0.151536 0.156862 0.161764 0.166197 0.170123 0.173506 0.176316 0.178529 0.180124 0.181086 0.181408 0.181086 0.180124 0.178529 0.176316 0.173506 0.170123 0.166197 0.161764 0.156862 0.151536 0.145831 0.139798 0.133488 0.126954 0.120252 0.113434 0.106556 0.0996698 0.0928261 0.0860731 0.0794556 0.0730149 0.0667878 0.0608066 0.0550988 0.0496868 0.0445881 0.0398149 0.0353749 0.0312709 0.0275015 0.0240613 0.0209417 0.0181308 0.0156147 0.0133771 0.0114006 0.00966694 0.00815722 0.00685276 0.00573526 0.00478722 0.00399225 0.00333536 0.00280314 0.00238399 0.00206821 0.00184817 0.00171837 
0.00195515 0.00200481 0.00215504 0.00240964 0.00277485 0.00325935 0.00387412 0.0046323 0.00554904 0.00664128 0.00792748 0.00942728 0.0111612 0.0131501 0.0154148 0.0179758 0.0208521 0.0240613 0.0276187 0.0315366 0.0358242 0.0404863 0.0455237 0.050932 0.0567018 0.0628181 0.0692603 0.0760025 0.0830128 0.0902544 0.0976853 0.105259 0.112925 0.12063 0.128316 0.135926 0.1434 0.150677 0.157699 0.164406 0.170742 0.176654 0.182089 0.187002 0.19135 0.195095 0.198205 0.200652 0.202415 0.203479 0.203835 0.203479 0.202415 0.200652 0.198205 0.195095 0.19135 0.187002 0.182089 0.176654 0.170742 0.164406 0.157699 0.150677 0.1434 0.135926 0.128316 0.12063 0.112925 0.105259 0.0976853 0.0902544 0.0830128 0.0760025 0.0692603 0.0628181 0.0567018 0.050932 0.0455237 0.0404863 0.0358242 0.0315366 0.0276187 0.0240613 0.0208521 0.0179758 0.0154148 0.0131501 0.0111612 0.00942728 0.00792748 0.00664128 0.00554904 0.0046323 0.00387412 0.00325935 0.00277485 0.00240964 0.00215504 0.00200481 
0.00226945 0.00232663 0.0024996 0.00279263 0.0032128 0.00376989 0.00447627 0.00534677 0.0063984 0.00765019 0.00912278 0.0108381 0.0128191 0.0150888 0.0176703 0.0205859 0.0238566 0.0275015 0.0315366 0.0359752 0.0408263 0.0460944 0.0517792 0.0578745 0.0643687 0.0712439 0.078476 0.0860348 0.0938841 0.101982 0.11028 0.118728 0.127268 0.13584 0.144382 0.152829 0.161115 0.169175 0.176944 0.184358 0.191355 0.197877 0.20387 0.209282 0.21407 0.218191 0.221611 0.224302 0.22624 0.227409 0.2278 0.227409 0.22624 0.224302 0.221611 0.218191 0.21407 0.209282 0.20387 0.197877 0.191355 0.184358 0.176944 0.169175 0.161115 0.152829 0.144382 0.13584 0.127268 0.118728 0.11028 0.101982 0.0938841 0.0860348 0.078476 0.0712439 0.0643687 0.0578745 0.0517792 0.0460944 0.0408263 0.0359752 0.0315366 0.0275015 0.0238566 0.0205859 0.0176703 0.0150888 0.0128191 0.0108381 0.00912278 0.00765019 0.0063984 0.00534677 0.00447627 0.00376989 0.0032128 0.00279263 0.0024996 0.00232663 
0.00262042 0.00268591 0.00288402 0.00321953 0.0037004 0.00433761 0.00514504 0.00613928 0.00733939 0.00876656 0.0104438 0.0123955 0.0146469 0.0172236 0.0201508 0.023453 0.0271529 0.0312709 0.0358242 0.0408263 0.0462862 0.0522079 0.0585894 0.0654229 0.0726938 0.0803811 0.0884566 0.0968857 0.105627 0.114633 0.123851 0.133221 0.142682 0.152167 0.161607 0.170931 0.180067 0.188944 0.197491 0.205639 0.213322 0.220477 0.227046 0.232975 0.238215 0.242723 0.246464 0.249404 0.251522 0.2528 0.253227 0.2528 0.251522 0.249404 0.246464 0.242723 0.238215 0.232975 0.227046 0.220477 0.213322 0.205639 0.197491 0.188944 0.180067 0.170931 0.161607 0.152167 0.142682 0.133221 0.123851 0.114633 0.105627 0.0968857 0.0884566 0.0803811 0.0726938 0.0654229 0.0585894 0.0522079 0.0462862 0.0408263 0.0358242 0.0312709 0.0271529 0.023453 0.0201508 0.0172236 0.0146469 0.0123955 0.0104438 0.00876656 0.00733939 0.00613928 0.00514504 0.00433761 0.0037004 0.00321953 0.00288402 0.00268591 
0.00300983 0.00308447 0.00331019 0.00369235 0.00423984 0.00496493 0.0058831 0.00701282 0.00837529 0.00999404 0.0118945 0.0141037 0.0166493 0.0195595 0.0228617 0.0265825 0.0307464 0.0353749 0.0404863 0.0460944 0.0522079 0.0588296 0.0659561 0.0735772 0.0816753 0.0902255 0.0991954 0.108545 0.118229 0.128192 0.138375 0.148714 0.159139 0.169577 0.179952 0.190188 0.200205 0.209927 0.219278 0.228182 0.236571 0.244376 0.251535 0.257992 0.263695 0.268599 0.272665 0.275861 0.278162 0.27955 0.280014 0.27955 0.278162 0.275861 0.272665 0.268599 0.263695 0.257992 0.251535 0.244376 0.236571 0.228182 0.219278 0.209927 0.200205 0.190188 0.179952 0.169577 0.159139 0.148714 0.138375 0.128192 0.118229 0.108545 0.0991954 0.0902255 0.0816753 0.0735772 0.0659561 0.0588296 0.0522079 0.0460944 0.0404863 0.0353749 0.0307464 0.0265825 0.0228617 0.0195595 0.0166493 0.0141037 0.0118945 0.00999404 0.00837529 0.00701282 0.0058831 0.00496493 0.00423984 0.00369235 0.00331019 0.00308447 
0.00343917 0.00352379 0.00377964 0.00421271 0.00483287 0.00565373 0.00669248 0.00796959 0.00950849 0.0113352 0.0134777 0.0159656 0.0188293 0.0220993 0.0258057 0.0299768 0.0346389 0.0398149 0.0455237 0.0517792 0.0585894 0.0659561 0.0738739 0.0823297 0.0913026 0.100764 0.110675 0.120993 0.131664 0.142628 0.153819 0.165166 0.176592 0.188017 0.19936 0.210535 0.221459 0.232049 0.242222 0.2519 0.261007 0.269473 0.277233 0.284225 0.290397 0.2957 0.300096 0.303549 0.306034 0.307533 0.308034 0.307533 0.306034 0.303549 0.300096 0.2957 0.290397 0.284225 0.277233 0.269473 0.261007 0.2519 0.242222 0.232049 0.221459 0.210535 0.19936 0.188017 0.176592 0.165166 0.153819 0.142628 0.131664 0.120993 0.110675 0.100764 0.0913026 0.0823297 0.0738739 0.0659561 0.0585894 0.0517792 0.0455237 0.0398149 0.0346389 0.0299768 0.0258057 0.0220993 0.0188293 0.0159656 0.0134777 0.0113352 0.00950849 0.00796959 0.00669248 0.00565373 0.00483287 0.00421271 0.00377964 0.00352379 
0.00390949 0.00400494 0.00429348 0.00478174 0.00548064 0.00640521 0.00757443 0.00901086 0.0107403 0.0127912 0.0151944 0.0179821 0.0211874 0.0248434 0.0289825 0.033635 0.0388289 0.0445881 0.050932 0.0578745 0.0654229 0.0735772 0.0823297 0.0916643 0.101556 0.111972 0.122869 0.134196 0.145894 0.157898 0.170133 0.182522 0.194979 0.20742 0.219754 0.231891 0.24374 0.255212 0.26622 0.276681 0.286516 0.295649 0.304012 0.311542 0.318183 0.323887 0.328611 0.332321 0.334991 0.3366 0.337138 0.3366 0.334991 0.332321 0.328611 0.323887 0.318183 0.311542 0.304012 0.295649 0.286516 0.276681 0.26622 0.255212 0.24374 0.231891 0.219754 0.20742 0.194979 0.182522 0.170133 0.157898 0.145894 0.134196 0.122869 0.111972 0.101556 0.0916643 0.0823297 0.0735772 0.0654229 0.0578745 0.050932 0.0445881 0.0388289 0.033635 0.0289825 0.0248434 0.0211874 0.0179821 0.0151944 0.0127912 0.0107403 0.00901086 0.00757443 0.00640521 0.00548064 0.00478174 0.00429348 0.00400494 
0.00442139 0.00452851 0.00485229 0.00540001 0.00618369 0.00721986 0.00852935 0.0101369 0.0120707 0.014362 0.0170441 0.0201523 0.0237221 0.0277895 0.0323888 0.0375527 0.0433104 0.0496868 0.0567018 0.0643687 0.0726938 0.0816753 0.0913026 0.101556 0.112407 0.123816 0.135736 0.148109 0.16087 0.173945 0.187254 0.200711 0.214224 0.2277 0.241043 0.254155 0.26694 0.279303 0.291152 0.302399 0.312962 0.322761 0.331725 0.33979 0.346898 0.352999 0.358049 0.362013 0.364864 0.366582 0.367156 0.366582 0.364864 0.362013 0.358049 0.352999 0.346898 0.33979 0.331725 0.322761 0.312962 0.302399 0.291152 0.279303 0.26694 0.254155 0.241043 0.2277 0.214224 0.200711 0.187254 0.173945 0.16087 0.148109 0.135736 0.123816 0.112407 0.101556 0.0913026 0.0816753 0.0726938 0.0643687 0.0567018 0.0496868 0.0433104 0.0375527 0.0323888 0.0277895 0.0237221 0.0201523 0.0170441 0.014362 0.0120707 0.0101369 0.00852935 0.00721986 0.00618369 0.00540001 0.00485229 0.00452851 
0.00497494 0.00509456 0.00545606 0.00606744 0.00694182 0.00809731 0.00955664 0.0113468 0.0134986 0.0160457 0.0190245 0.0224729 0.0264294 0.0309322 0.0360182 0.0417216 0.0480732 0.0550988 0.0628181 0.0712439 0.0803811 0.0902255 0.100764 0.111972 0.123816 0.136253 0.149228 0.162678 0.176529 0.1907 0.205105 0.219649 0.234234 0.248758 0.263119 0.277213 0.290937 0.304191 0.316879 0.328909 0.340193 0.350651 0.36021 0.368802 0.376368 0.382857 0.388226 0.392438 0.395467 0.397292 0.397902 0.397292 0.395467 0.392438 0.388226 0.382857 0.376368 0.368802 0.36021 0.350651 0.340193 0.328909 0.316879 0.304191 0.290937 0.277213 0.263119 0.248758 0.234234 0.219649 0.205105 0.1907 0.176529 0.162678 0.149228 0.136253 0.123816 0.111972 0.100764 0.0902255 0.0803811 0.0712439 0.0628181 0.0550988 0.0480732 0.0417216 0.0360182 0.0309322 0.0264294 0.0224729 0.0190245 0.0160457 0.0134986 0.0113468 0.00955664 0.00809731 0.00694182 0.00606744 0.00545606 0.00509456 
0.00556961 0.00570252 0.00610417 0.00678323 0.00775403 0.00903626 0.0106546 0.0126385 0.015021 0.0178389 0.0211312 0.0249386 0.0293024 0.0342633 0.0398603 0.0461296 0.0531029 0.0608066 0.0692603 0.078476 0.0884566 0.0991954 0.110675 0.122869 0.135736 0.149228 0.163284 0.177833 0.192795 0.208081 0.223596 0.239239 0.254903 0.27048 0.28586 0.300933 0.315592 0.32973 0.343248 0.356048 0.368042 0.379146 0.389285 0.398391 0.406403 0.413269 0.418947 0.423399 0.4266 0.428528 0.429172 0.428528 0.4266 0.423399 0.418947 0.413269 0.406403 0.398391 0.389285 0.379146 0.368042 0.356048 0.343248 0.32973 0.315592 0.300933 0.28586 0.27048 0.254903 0.239239 0.223596 0.208081 0.192795 0.177833 0.163284 0.149228 0.135736 0.122869 0.110675 0.0991954 0.0884566 0.078476 0.0692603 0.0608066 0.0531029 0.0461296 0.0398603 0.0342633 0.0293024 0.0249386 0.0211312 0.0178389 0.015021 0.0126385 0.0106546 0.00903626 0.00775403 0.00678323 0.00610417 0.00570252 
0.00620421 0.00635118 0.00679525 0.00754584 0.00861846 0.0100344 0.0118205 0.0140083 0.0166338 0.0197362 0.0233576 0.0275413 0.0323315 0.0377713 0.0439017 0.0507603 0.0583802 0.0667878 0.0760025 0.0860348 0.0968857 0.108545 0.120993 0.134196 0.148109 0.162678 0.177833 0.193497 0.209583 0.225994 0.242626 0.25937 0.276113 0.292739 0.309131 0.325175 0.340755 0.355763 0.370093 0.383646 0.39633 0.408061 0.418761 0.428361 0.436802 0.444031 0.450004 0.454686 0.45805 0.460076 0.460753 0.460076 0.45805 0.454686 0.450004 0.444031 0.436802 0.428361 0.418761 0.408061 0.39633 0.383646 0.370093 0.355763 0.340755 0.325175 0.309131 0.292739 0.276113 0.25937 0.242626 0.225994 0.209583 0.193497 0.177833 0.162678 0.148109 0.134196 0.120993 0.108545 0.0968857 0.0860348 0.0760025 0.0667878 0.0583802 0.0507603 0.0439017 0.0377713 0.0323315 0.0275413 0.0233576 0.0197362 0.0166338 0.0140083 0.0118205 0.0100344 0.00861846 0.00754584 0.00679525 0.00635118 
0.00687689 0.00703862 0.00752724 0.0083529 0.00953234 0.0110886 0.0130503 0.0154516 0.018331 0.0217306 0.0256951 0.0302709 0.0355046 0.0414415 0.0481248 0.0555936 0.0638813 0.0730149 0.0830128 0.0938841 0.105627 0.118229 0.131664 0.145894 0.16087 0.176529 0.192795 0.209583 0.226798 0.244335 0.262082 0.279922 0.297735 0.315398 0.332788 0.349783 0.366265 0.382119 0.397238 0.411519 0.424869 0.437201 0.448438 0.458511 0.467359 0.474931 0.481184 0.486083 0.489601 0.491719 0.492427 0.491719 0.489601 0.486083 0.481184 0.474931 0.467359 0.458511 0.448438 0.437201 0.424869 0.411519 0.397238 0.382119 0.366265 0.349783 0.332788 0.315398 0.297735 0.279922 0.262082 0.244335 0.226798 0.209583 0.192795 0.176529 0.16087 0.145894 0.131664 0.118229 0.105627 0.0938841 0.0830128 0.0730149 0.0638813 0.0555936 0.0481248 0.0414415 0.0355046 0.0302709 0.0256951 0.0217306 0.018331 0.0154516 0.0130503 0.0110886 0.00953234 0.0083529 0.00752724 0.00703862 
0.00758504 0.00776217 0.00829725 0.00920119 0.0104919 0.0121942 0.0143388 0.0169621 0.0201052 0.023813 0.0281331 0.0331145 0.0388063 0.0452562 0.052509 0.060605 0.0695783 0.0794556 0.0902544 0.101982 0.114633 0.128192 0.142628 0.157898 0.173945 0.1907 0.208081 0.225994 0.244335 0.262991 0.281843 0.300767 0.319633 0.338313 0.356677 0.374598 0.391953 0.408625 0.424502 0.43948 0.453465 0.466368 0.478113 0.48863 0.497861 0.505755 0.512269 0.517369 0.521031 0.523235 0.523971 0.523235 0.521031 0.517369 0.512269 0.505755 0.497861 0.48863 0.478113 0.466368 0.453465 0.43948 0.424502 0.408625 0.391953 0.374598 0.356677 0.338313 0.319633 0.300767 0.281843 0.262991 0.244335 0.225994 0.208081 0.1907 0.173945 0.157898 0.142628 0.128192 0.114633 0.101982 0.0902544 0.0794556 0.0695783 0.060605 0.052509 0.0452562 0.0388063 0.0331145 0.0281331 0.023813 0.0201052 0.0169621 0.0143388 0.0121942 0.0104919 0.00920119 0.00829725 0.00776217 
0.00832534 0.00851843 0.00910164 0.0100866 0.0114926 0.0133459 0.0156795 0.018532 0.0219471 0.0259726 0.0306586 0.0360568 0.0422189 0.0491944 0.0570298 0.0657665 0.0754389 0.0860731 0.0976853 0.11028 0.123851 0.138375 0.153819 0.170133 0.187254 0.205105 0.223596 0.242626 0.262082 0.281843 0.301783 0.321768 0.341662 0.361331 0.380639 0.399454 0.417648 0.435102 0.451701 0.467339 0.481922 0.495362 0.507581 0.518513 0.528098 0.536289 0.543043 0.548329 0.552122 0.554405 0.555167 0.554405 0.552122 0.548329 0.543043 0.536289 0.528098 0.518513 0.507581 0.495362 0.481922 0.467339 0.451701 0.435102 0.417648 0.399454 0.380639 0.361331 0.341662 0.321768 0.301783 0.281843 0.262082 0.242626 0.223596 0.205105 0.187254 0.170133 0.153819 0.138375 0.123851 0.11028 0.0976853 0.0860731 0.0754389 0.0657665 0.0570298 0.0491944 0.0422189 0.0360568 0.0306586 0.0259726 0.0219471 0.018532 0.0156795 0.0133459 0.0114926 0.0100866 0.00910164 0.00851843 
0.00909373 0.00930324 0.00993596 0.0110043 0.0125287 0.0145372 0.0170647 0.0201523 0.0238462 0.0281966 0.0332567 0.0390804 0.0457217 0.0532323 0.0616598 0.0710464 0.0814267 0.0928261 0.105259 0.118728 0.133221 0.148714 0.165166 0.182522 0.200711 0.219649 0.239239 0.25937 0.279922 0.300767 0.321768 0.342785 0.363676 0.384299 0.404514 0.424183 0.443176 0.46137 0.478649 0.494907 0.510048 0.523985 0.536643 0.547955 0.557864 0.566325 0.573297 0.57875 0.582662 0.585015 0.5858 0.585015 0.582662 0.57875 0.573297 0.566325 0.557864 0.547955 0.536643 0.523985 0.510048 0.494907 0.478649 0.46137 0.443176 0.424183 0.404514 0.384299 0.363676 0.342785 0.321768 0.300767 0.279922 0.25937 0.239239 0.219649 0.200711 0.182522 0.165166 0.148714 0.133221 0.118728 0.105259 0.0928261 0.0814267 0.0710464 0.0616598 0.0532323 0.0457217 0.0390804 0.0332567 0.0281966 0.0238462 0.0201523 0.0170647 0.0145372 0.0125287 0.0110043 0.00993596 0.00930324 
0.00988542 0.0101117 0.010795 0.0119485 0.0135938 0.0157605 0.0184857 0.0218126 0.02579 0.0304708 0.0359105 0.0421656 0.0492921 0.0573434 0.0663684 0.0764099 0.0875023 0.0996698 0.112925 0.127268 0.142682 0.159139 0.176592 0.194979 0.214224 0.234234 0.254903 0.276113 0.297735 0.319633 0.341662 0.363676 0.385525 0.407062 0.428139 0.448619 0.468365 0.487253 0.505166 0.521998 0.537653 0.552046 0.565103 0.576759 0.586961 0.595663 0.60283 0.608432 0.612448 0.614864 0.61567 0.614864 0.612448 0.608432 0.60283 0.595663 0.586961 0.576759 0.565103 0.552046 0.537653 0.521998 0.505166 0.487253 0.468365 0.448619 0.428139 0.407062 0.385525 0.363676 0.341662 0.319633 0.297735 0.276113 0.254903 0.234234 0.214224 0.194979 0.176592 0.159139 0.142682 0.127268 0.112925 0.0996698 0.0875023 0.0764099 0.0663684 0.0573434 0.0492921 0.0421656 0.0359105 0.0304708 0.02579 0.0218126 0.0184857 0.0157605 0.0135938 0.0119485 0.010795 0.0101117 
0.0106949 0.0109382 0.0116728 0.0129125 0.0146803 0.0170073 0.0199325 0.0235014 0.0277652 0.0327792 0.0386014 0.0452907 0.0529048 0.0614988 0.0711226 0.0818193 0.0936228 0.106556 0.12063 0.13584 0.152167 0.169577 0.188017 0.20742 0.2277 0.248758 0.27048 0.292739 0.315398 0.338313 0.361331 0.384299 0.407062 0.429464 0.451357 0.472597 0.493047 0.512579 0.531078 0.548436 0.564559 0.579364 0.592779 0.604742 0.615202 0.624118 0.631454 0.637185 0.641293 0.643762 0.644586 0.643762 0.641293 0.637185 0.631454 0.624118 0.615202 0.604742 0.592779 0.579364 0.564559 0.548436 0.531078 0.512579 0.493047 0.472597 0.451357 0.429464 0.407062 0.384299 0.361331 0.338313 0.315398 0.292739 0.27048 0.248758 0.2277 0.20742 0.188017 0.169577 0.152167 0.13584 0.12063 0.106556 0.0936228 0.0818193 0.0711226 0.0614988 0.0529048 0.0452907 0.0386014 0.0327792 0.0277652 0.0235014 0.0199325 0.0170073 0.0146803 0.0129125 0.0116728 0.0109382 
0.0115161 0.0117766 0.0125627 0.0138892 0.0157801 0.0182682 0.0213942 0.0252059 0.0297568 0.0351045 0.0413094 0.0484323 0.0565329 0.0656676 0.0758871 0.0872345 0.0997431 0.113434 0.128316 0.144382 0.161607 0.179952 0.19936 0.219754 0.241043 0.263119 0.28586 0.309131 0.332788 0.356677 0.380639 0.404514 0.428139 0.451357 0.474014 0.495961 0.517061 0.537186 0.556218 0.574052 0.590596 0.605768 0.619499 0.631731 0.642416 0.651515 0.658997 0.664838 0.669023 0.671538 0.672377 0.671538 0.669023 0.664838 0.658997 0.651515 0.642416 0.631731 0.619499 0.605768 0.590596 0.574052 0.556218 0.537186 0.517061 0.495961 0.474014 0.451357 0.428139 0.404514 0.380639 0.356677 0.332788 0.309131 0.28586 0.263119 0.241043 0.219754 0.19936 0.179952 0.161607 0.144382 0.128316 0.113434 0.0997431 0.0872345 0.0758871 0.0656676 0.0565329 0.0484323 0.0413094 0.0351045 0.0297568 0.0252059 0.0213942 0.0182682 0.0157801 0.0138892 0.0125627 0.0117766 
0.0123424 0.0126199 0.0134575 0.0148706 0.0168843 0.019533 0.0228591 0.0269125 0.0317489 0.0374282 0.0440128 0.0515656 0.0601479 0.0698171 0.0806247 0.0926135 0.105816 0.120252 0.135926 0.152829 0.170931 0.190188 0.210535 0.231891 0.254155 0.277213 0.300933 0.325175 0.349783 0.374598 0.399454 0.424183 0.448619 0.472597 0.495961 0.51856 0.540256 0.560918 0.580431 0.598691 0.615608 0.631102 0.645108 0.657571 0.668447 0.677701 0.685304 0.691237 0.695484 0.698036 0.698888 0.698036 0.695484 0.691237 0.685304 0.677701 0.668447 0.657571 0.645108 0.631102 0.615608 0.598691 0.580431 0.560918 0.540256 0.51856 0.495961 0.472597 0.448619 0.424183 0.399454 0.374598 0.349783 0.325175 0.300933 0.277213 0.254155 0.231891 0.210535 0.190188 0.170931 0.152829 0.135926 0.120252 0.105816 0.0926135 0.0806247 0.0698171 0.0601479 0.0515656 0.0440128 0.0374282 0.0317489 0.0269125 0.0228591 0.019533 0.0168843 0.0148706 0.0134575 0.0126199 
0.0131664 0.0134608 0.0143495 0.0158483 0.0179835 0.0207908 0.0243147 0.0286067 0.0337248 0.0397308 0.0466892 0.0546648 0.0637201 0.0739136 0.0852971 0.0979131 0.111793 0.126954 0.1434 0.161115 0.180067 0.200205 0.221459 0.24374 0.26694 0.290937 0.315592 0.340755 0.366265 0.391953 0.417648 0.443176 0.468365 0.493047 0.517061 0.540256 0.56249 0.583636 0.603578 0.622213 0.639454 0.655226 0.669466 0.682124 0.693159 0.702539 0.71024 0.716246 0.720543 0.723125 0.723986 0.723125 0.720543 0.716246 0.71024 0.702539 0.693159 0.682124 0.669466 0.655226 0.639454 0.622213 0.603578 0.583636 0.56249 0.540256 0.517061 0.493047 0.468365 0.443176 0.417648 0.391953 0.366265 0.340755 0.315592 0.290937 0.26694 0.24374 0.221459 0.200205 0.180067 0.161115 0.1434 0.126954 0.111793 0.0979131 0.0852971 0.0739136 0.0637201 0.0546648 0.0466892 0.0397308 0.0337248 0.0286067 0.0243147 0.0207908 0.0179835 0.0158483 0.0143495 0.0134608 
0.0139807 0.0142917 0.0152304 0.0168133 0.0190676 0.0220305 0.0257479 0.0302735 0.035667 0.0419922 0.0493155 0.0577031 0.067219 0.0779224 0.0898652 0.103089 0.117625 0.133488 0.150677 0.169175 0.188944 0.209927 0.232049 0.255212 0.279303 0.304191 0.32973 0.355763 0.382119 0.408625 0.435102 0.46137 0.487253 0.512579 0.537186 0.560918 0.583636 0.605211 0.625529 0.644491 0.662011 0.678018 0.692453 0.70527 0.716433 0.725913 0.733691 0.739752 0.744088 0.746691 0.747559 0.746691 0.744088 0.739752 0.733691 0.725913 0.716433 0.70527 0.692453 0.678018 0.662011 0.644491 0.625529 0.605211 0.583636 0.560918 0.537186 0.512579 0.487253 0.46137 0.435102 0.408625 0.382119 0.355763 0.32973 0.304191 0.279303 0.255212 0.232049 0.209927 0.188944 0.169175 0.150677 0.133488 0.117625 0.103089 0.0898652 0.0779224 0.067219 0.0577031 0.0493155 0.0419922 0.035667 0.0302735 0.0257479 0.0220305 0.0190676 0.0168133 0.0152304 0.0142917 
0.0147774 0.0151046 0.0160918 0.0177564 0.0201264 0.0232403 0.0271456 0.0318976 0.0375578 0.044192 0.051868 0.0606537 0.0706139 0.0818086 0.0942895 0.108098 0.123263 0.139798 0.157699 0.176944 0.197491 0.219278 0.242222 0.26622 0.291152 0.316879 0.343248 0.370093 0.397238 0.424502 0.451701 0.478649 0.505166 0.531078 0.556218 0.580431 0.603578 0.625529 0.646174 0.665414 0.683169 0.699371 0.713965 0.726909 0.738171 0.747727 0.755561 0.761663 0.766025 0.768644 0.769517 0.768644 0.766025 0.761663 0.755561 0.747727 0.738171 0.726909 0.713965 0.699371 0.683169 0.665414 0.646174 0.625529 0.603578 0.580431 0.556218 0.531078 0.505166 0.478649 0.451701 0.424502 0.397238 0.370093 0.343248 0.316879 0.291152 0.26622 0.242222 0.219278 0.197491 0.176944 0.157699 0.139798 0.123263 0.108098 0.0942895 0.0818086 0.0706139 0.0606537 0.051868 0.044192 0.0375578 0.0318976 0.0271456 0.0232403 0.0201264 0.0177564 0.0160918 0.0151046 
0.0155485 0.0158912 0.0169252 0.0186682 0.0211494 0.0244084 0.028494 0.0334632 0.0393792 0.0463094 0.0543231 0.0634893 0.073874 0.0855373 0.0985311 0.112896 0.128659 0.145831 0.164406 0.184358 0.205639 0.228182 0.2519 0.276681 0.302399 0.328909 0.356048 0.383646 0.411519 0.43948 0.467339 0.494907 0.521998 0.548436 0.574052 0.598691 0.622213 0.644491 0.665414 0.68489 0.702839 0.719199 0.733918 0.746959 0.758294 0.767905 0.775777 0.781905 0.786284 0.788912 0.789788 0.788912 0.786284 0.781905 0.775777 0.767905 0.758294 0.746959 0.733918 0.719199 0.702839 0.68489 0.665414 0.644491 0.622213 0.598691 0.574052 0.548436 0.521998 0.494907 0.467339 0.43948 0.411519 0.383646 0.356048 0.328909 0.302399 0.276681 0.2519 0.228182 0.205639 0.184358 0.164406 0.145831 0.128659 0.112896 0.0985311 0.0855373 0.073874 0.0634893 0.0543231 0.0463094 0.0393792 0.0334632 0.028494 0.0244084 0.0211494 0.0186682 0.0169252 0.0158912 
