7.87051e-06 8.26714e-06 9.48423e-06 1.16041e-05 1.47669e-05 1.9174e-05 2.5094e-05 3.28683e-05 4.29191e-05 5.57564e-05 7.19861e-05 9.23164e-05 0.000117564 0.000148657 0.000186638 0.000232659 0.000287975 0.000353935 0.000431962 0.000523532 0.000630142 0.000753279 0.000894372 0.00105475 0.0012356 0.00143788 0.00166231 0.00190929 0.00217885 0.0024706 0.00278371 0.00311685 0.0034682 0.00383542 0.00421567 0.00460565 0.00500158 0.00539933 0.00579442 0.00618216 0.00655766 0.00691603 0.00725239 0.00756203 0.00784049 0.00808367 0.00828794 0.00845017 0.00856789 0.00863927 0.00866319 0.00863927 0.00856789 0.00845017 0.00828794 0.00808367 0.00784049 0.00756203 0.00725239 0.00691603 0.00655766 0.00618216 0.00579442 0.00539933 0.00500158 0.00460565 0.00421567 0.00383542 0.0034682 0.00311685 0.00278371 0.0024706 0.00217885 0.00190929 0.00166231 0.00143788 0.0012356 0.00105475 0.000894372 0.000753279 0.000630142 0.000523532 0.000431962 0.000353935 0.000287975 0.000232659 0.000186638 0.000148657 0.000117564 9.23164e-05 7.19861e-05 5.57564e-05 4.29191e-05 3.28683e-05 2.5094e-05 1.9174e-05 1.47669e-05 1.16041e-05 9.48423e-06 8.26714e-06 
8.26714e-06 8.68274e-06 9.95792e-06 1.21787e-05 1.54911e-05 2.01056e-05 2.63019e-05 3.44363e-05 4.49486e-05 5.83702e-05 7.53315e-05 9.65696e-05 0.000122933 0.000155388 0.000195015 0.000243009 0.000300674 0.000369405 0.000450677 0.000546015 0.000656967 0.000785065 0.000931784 0.00109849 0.0012864 0.0014965 0.00172952 0.00198585 0.00226551 0.00256809 0.00289271 0.00323798 0.00360201 0.00398236 0.0043761 0.00477978 0.00518953 0.00560104 0.00600971 0.00641068 0.00679893 0.00716938 0.00751702 0.00783699 0.0081247 0.00837594 0.00858695 0.00875453 0.00887612 0.00894984 0.00897454 0.00894984 0.00887612 0.00875453 0.00858695 0.00837594 0.0081247 0.00783699 0.00751702 0.00716938 0.00679893 0.00641068 0.00600971 0.00560104 0.00518953 0.00477978 0.0043761 0.00398236 0.00360201 0.00323798 0.00289271 0.00256809 0.00226551 0.00198585 0.00172952 0.0014965 0.0012864 0.00109849 0.000931784 0.000785065 0.000656967 0.000546015 0.000450677 0.000369405 0.000300674 0.000243009 0.000195015 0.000155388 0.000122933 9.65696e-05 7.53315e-05 5.83702e-05 4.49486e-05 3.44363e-05 2.63019e-05 2.01056e-05 1.54911e-05 1.21787e-05 9.95792e-06 8.68274e-06 
9.48423e-06 9.95792e-06 1.1411e-05 1.39406e-05 1.77114e-05 2.29604e-05 3.00027e-05 3.92389e-05 5.1163e-05 6.6371e-05 8.55692e-05 0.000109581 0.000139356 0.000175967 0.00022062 0.000274639 0.00033947 0.000416655 0.000507821 0.000614645 0.000738825 0.000882038 0.00104589 0.00123186 0.00144126 0.00167515 0.00193427 0.00221904 0.00252942 0.00286491 0.00322449 0.0036066 0.00400912 0.00442933 0.00486397 0.00530924 0.00576087 0.00621413 0.00666396 0.00710504 0.00753187 0.00793894 0.00832075 0.00867203 0.00898777 0.0092634 0.00949482 0.00967858 0.00981188 0.00989269 0.00991977 0.00989269 0.00981188 0.00967858 0.00949482 0.0092634 0.00898777 0.00867203 0.00832075 0.00793894 0.00753187 0.00710504 0.00666396 0.00621413 0.00576087 0.00530924 0.00486397 0.00442933 0.00400912 0.0036066 0.00322449 0.00286491 0.00252942 0.00221904 0.00193427 0.00167515 0.00144126 0.00123186 0.00104589 0.000882038 0.000738825 0.000614645 0.000507821 0.000416655 0.00033947 0.000274639 0.00022062 0.000175967 0.000139356 0.000109581 8.55692e-05 6.6371e-05 5.1163e-05 3.92389e-05 3.00027e-05 2.29604e-05 1.77114e-05 1.39406e-05 1.1411e-05 9.95792e-06 
1.16041e-05 1.21787e-05 1.39406e-05 1.7006e-05 2.15718e-05 2.7921e-05 3.64295e-05 4.75742e-05 6.19424e-05 8.02413e-05 0.000103307 0.000132114 0.000167778 0.000211565 0.000264886 0.000329292 0.000406467 0.000498207 0.000606394 0.000732968 0.000879879 0.00104905 0.0012423 0.00146131 0.00170755 0.00198217 0.002286 0.00261941 0.0029823 0.00337402 0.00379332 0.00423832 0.00470649 0.00519466 0.005699 0.00621512 0.00673805 0.00726235 0.00778219 0.00829147 0.0087839 0.00925317 0.00969304 0.0100975 0.0104608 0.0107778 0.0110439 0.0112551 0.0114083 0.0115011 0.0115322 0.0115011 0.0114083 0.0112551 0.0110439 0.0107778 0.0104608 0.0100975 0.00969304 0.00925317 0.0087839 0.00829147 0.00778219 0.00726235 0.00673805 0.00621512 0.005699 0.00519466 0.00470649 0.00423832 0.00379332 0.00337402 0.0029823 0.00261941 0.002286 0.00198217 0.00170755 0.00146131 0.0012423 0.00104905 0.000879879 0.000732968 0.000606394 0.000498207 0.000406467 0.000329292 0.000264886 0.000211565 0.000167778 0.000132114 0.000103307 8.02413e-05 6.19424e-05 4.75742e-05 3.64295e-05 2.7921e-05 2.15718e-05 1.7006e-05 1.39406e-05 1.21787e-05 
1.47669e-05 1.54911e-05 1.77114e-05 2.15718e-05 2.73167e-05 3.52966e-05 4.59767e-05 5.99462e-05 7.79292e-05 0.000100796 0.000129573 0.000165452 0.000209798 0.000264151 0.000330225 0.0004099 0.000505204 0.000618299 0.000751439 0.000906936 0.00108711 0.00129422 0.00153041 0.00179764 0.00209757 0.00243153 0.0028004 0.00320454 0.00364372 0.00411706 0.00462295 0.00515907 0.00572231 0.00630879 0.00691392 0.00753238 0.00815824 0.00878502 0.0094058 0.0100134 0.0106003 0.0111591 0.0116825 0.0121634 0.0125951 0.0129716 0.0132875 0.0135381 0.0137198 0.0138299 0.0138668 0.0138299 0.0137198 0.0135381 0.0132875 0.0129716 0.0125951 0.0121634 0.0116825 0.0111591 0.0106003 0.0100134 0.0094058 0.00878502 0.00815824 0.00753238 0.00691392 0.00630879 0.00572231 0.00515907 0.00462295 0.00411706 0.00364372 0.00320454 0.0028004 0.00243153 0.00209757 0.00179764 0.00153041 0.00129422 0.00108711 0.000906936 0.000751439 0.000618299 0.000505204 0.0004099 0.000330225 0.000264151 0.000209798 0.000165452 0.000129573 0.000100796 7.79292e-05 5.99462e-05 4.59767e-05 3.52966e-05 2.73167e-05 2.15718e-05 1.77114e-05 1.54911e-05 
1.9174e-05 2.01056e-05 2.29604e-05 2.7921e-05 3.52966e-05 4.55304e-05 5.92095e-05 7.70764e-05 0.000100042 0.000129198 0.00016583 0.000211427 0.000267688 0.000336527 0.000420065 0.000520622 0.000640695 0.000782931 0.000950081 0.00114496 0.00137035 0.001629 0.00192345 0.002256 0.00262862 0.0030428 0.0034995 0.00399905 0.00454101 0.0051242 0.00574652 0.00640502 0.00709579 0.00781405 0.00855412 0.00930949 0.0100729 0.0108366 0.0115921 0.0123307 0.0130435 0.0137215 0.0143561 0.0149386 0.0154613 0.0159169 0.0162989 0.0166019 0.0168215 0.0169546 0.0169991 0.0169546 0.0168215 0.0166019 0.0162989 0.0159169 0.0154613 0.0149386 0.0143561 0.0137215 0.0130435 0.0123307 0.0115921 0.0108366 0.0100729 0.00930949 0.00855412 0.00781405 0.00709579 0.00640502 0.00574652 0.0051242 0.00454101 0.00399905 0.0034995 0.0030428 0.00262862 0.002256 0.00192345 0.001629 0.00137035 0.00114496 0.000950081 0.000782931 0.000640695 0.000520622 0.000420065 0.000336527 0.000267688 0.000211427 0.00016583 0.000129198 0.000100042 7.70764e-05 5.92095e-05 4.55304e-05 3.52966e-05 2.7921e-05 2.29604e-05 2.01056e-05 
2.5094e-05 2.63019e-05 3.00027e-05 3.64295e-05 4.59767e-05 5.92095e-05 7.68752e-05 9.99176e-05 0.000129492 0.00016698 0.000214006 0.000272444 0.000344431 0.000432362 0.000538888 0.000666895 0.000819482 0.000999919 0.00121159 0.00145794 0.00174239 0.00206822 0.00243851 0.002856 0.00332298 0.00384117 0.0044116 0.0050345 0.0057092 0.00643405 0.00720633 0.00802225 0.0088769 0.00976427 0.0106773 0.011608 0.0125474 0.0134859 0.0144133 0.0153191 0.0161923 0.0170221 0.0177981 0.01851 0.0191482 0.0197042 0.0201702 0.0205396 0.0208074 0.0209695 0.0210239 0.0209695 0.0208074 0.0205396 0.0201702 0.0197042 0.0191482 0.01851 0.0177981 0.0170221 0.0161923 0.0153191 0.0144133 0.0134859 0.0125474 0.011608 0.0106773 0.00976427 0.0088769 0.00802225 0.00720633 0.00643405 0.0057092 0.0050345 0.0044116 0.00384117 0.00332298 0.002856 0.00243851 0.00206822 0.00174239 0.00145794 0.00121159 0.000999919 0.000819482 0.000666895 0.000538888 0.000432362 0.000344431 0.000272444 0.000214006 0.00016698 0.000129492 9.99176e-05 7.68752e-05 5.92095e-05 4.59767e-05 3.64295e-05 3.00027e-05 2.63019e-05 
3.28683e-05 3.44363e-05 3.92389e-05 4.75742e-05 5.99462e-05 7.70764e-05 9.99176e-05 0.000129671 0.000167804 0.000216068 0.000276517 0.000351518 0.000443756 0.000556239 0.00069228 0.00085548 0.00104969 0.00127895 0.00154745 0.00185939 0.00221896 0.00263013 0.00309661 0.00362165 0.00420794 0.00485743 0.0055712 0.00634935 0.00719084 0.00809344 0.00905361 0.0100665 0.0111259 0.0122242 0.0133528 0.0145016 0.0156597 0.0168153 0.017956 0.0190687 0.0201404 0.021158 0.0221087 0.0229801 0.023761 0.0244408 0.0250102 0.0254616 0.0257885 0.0259865 0.0260528 0.0259865 0.0257885 0.0254616 0.0250102 0.0244408 0.023761 0.0229801 0.0221087 0.021158 0.0201404 0.0190687 0.017956 0.0168153 0.0156597 0.0145016 0.0133528 0.0122242 0.0111259 0.0100665 0.00905361 0.00809344 0.00719084 0.00634935 0.0055712 0.00485743 0.00420794 0.00362165 0.00309661 0.00263013 0.00221896 0.00185939 0.00154745 0.00127895 0.00104969 0.00085548 0.00069228 0.000556239 0.000443756 0.000351518 0.000276517 0.000216068 0.000167804 0.000129671 9.99176e-05 7.70764e-05 5.99462e-05 4.75742e-05 3.92389e-05 3.44363e-05 
4.29191e-05 4.49486e-05 5.1163e-05 6.19424e-05 7.79292e-05 0.000100042 0.000129492 0.000167804 0.000216837 0.000278806 0.000356302 0.000452302 0.000570177 0.000713691 0.000886979 0.00109452 0.00134108 0.00163165 0.00197137 0.0023654 0.00281881 0.00333642 0.00392265 0.00458137 0.0053157 0.00612781 0.00701884 0.00798864 0.00903569 0.010157 0.011348 0.0126024 0.0139125 0.0152688 0.0166605 0.0180752 0.0194996 0.0209192 0.0223187 0.0236826 0.0249948 0.0262396 0.0274015 0.0284658 0.0294188 0.0302479 0.0309422 0.0314922 0.0318905 0.0321317 0.0322125 0.0321317 0.0318905 0.0314922 0.0309422 0.0302479 0.0294188 0.0284658 0.0274015 0.0262396 0.0249948 0.0236826 0.0223187 0.0209192 0.0194996 0.0180752 0.0166605 0.0152688 0.0139125 0.0126024 0.011348 0.010157 0.00903569 0.00798864 0.00701884 0.00612781 0.0053157 0.00458137 0.00392265 0.00333642 0.00281881 0.0023654 0.00197137 0.00163165 0.00134108 0.00109452 0.000886979 0.000713691 0.000570177 0.000452302 0.000356302 0.000278806 0.000216837 0.000167804 0.000129492 0.000100042 7.79292e-05 6.19424e-05 5.1163e-05 4.49486e-05 
5.57564e-05 5.83702e-05 6.6371e-05 8.02413e-05 0.000100796 0.000129198 0.00016698 0.000216068 0.000278806 0.000357981 0.000456843 0.000579122 0.000729028 0.000911245 0.00113091 0.00139355 0.00170507 0.00207157 0.00249936 0.00299469 0.0035637 0.00421218 0.00494539 0.00576788 0.00668322 0.00769384 0.00880082 0.0100037 0.0113003 0.0126866 0.0141567 0.0157029 0.0173151 0.0189819 0.0206897 0.0224236 0.0241669 0.0259022 0.027611 0.0292744 0.0308732 0.0323883 0.0338014 0.0350948 0.0362521 0.0372584 0.0381006 0.0387675 0.0392503 0.0395426 0.0396405 0.0395426 0.0392503 0.0387675 0.0381006 0.0372584 0.0362521 0.0350948 0.0338014 0.0323883 0.0308732 0.0292744 0.027611 0.0259022 0.0241669 0.0224236 0.0206897 0.0189819 0.0173151 0.0157029 0.0141567 0.0126866 0.0113003 0.0100037 0.00880082 0.00769384 0.00668322 0.00576788 0.00494539 0.00421218 0.0035637 0.00299469 0.00249936 0.00207157 0.00170507 0.00139355 0.00113091 0.000911245 0.000729028 0.000579122 0.000456843 0.000357981 0.000278806 0.000216068 0.00016698 0.000129198 0.000100796 8.02413e-05 6.6371e-05 5.83702e-05 
7.19861e-05 7.53315e-05 8.55692e-05 0.000103307 0.000129573 0.00016583 0.000214006 0.000276517 0.000356302 0.000456843 0.000582197 0.000737002 0.000926484 0.00115644 0.0014332 0.00176357 0.00215476 0.00261425 0.00314965 0.00376854 0.00447829 0.00528579 0.00619725 0.00721795 0.00835196 0.00960191 0.0109687 0.0124515 0.0140472 0.0157506 0.0175541 0.0194479 0.0214197 0.0234551 0.0255377 0.0276491 0.0297694 0.0318771 0.0339503 0.035966 0.0379014 0.0397338 0.0414413 0.0430028 0.0443991 0.0456124 0.0466273 0.0474307 0.0480122 0.0483641 0.0484819 0.0483641 0.0480122 0.0474307 0.0466273 0.0456124 0.0443991 0.0430028 0.0414413 0.0397338 0.0379014 0.035966 0.0339503 0.0318771 0.0297694 0.0276491 0.0255377 0.0234551 0.0214197 0.0194479 0.0175541 0.0157506 0.0140472 0.0124515 0.0109687 0.00960191 0.00835196 0.00721795 0.00619725 0.00528579 0.00447829 0.00376854 0.00314965 0.00261425 0.00215476 0.00176357 0.0014332 0.00115644 0.000926484 0.000737002 0.000582197 0.000456843 0.000356302 0.000276517 0.000214006 0.00016583 0.000129573 0.000103307 8.55692e-05 7.53315e-05 
9.23164e-05 9.65696e-05 0.000109581 0.000132114 0.000165452 0.000211427 0.000272444 0.000351518 0.000452302 0.000579122 0.000737002 0.000931675 0.00116958 0.00145783 0.00180419 0.00221697 0.00270491 0.00327709 0.00394266 0.00471072 0.00559003 0.00658873 0.00771407 0.00897212 0.0103674 0.0119028 0.0135789 0.0153941 0.0173443 0.0194226 0.0216197 0.023923 0.0263175 0.0287857 0.0313073 0.0338602 0.0364202 0.038962 0.041459 0.043884 0.0462098 0.0484098 0.0504578 0.0523293 0.0540015 0.0554537 0.0566677 0.0576283 0.0583233 0.0587439 0.0588847 0.0587439 0.0583233 0.0576283 0.0566677 0.0554537 0.0540015 0.0523293 0.0504578 0.0484098 0.0462098 0.043884 0.041459 0.038962 0.0364202 0.0338602 0.0313073 0.0287857 0.0263175 0.023923 0.0216197 0.0194226 0.0173443 0.0153941 0.0135789 0.0119028 0.0103674 0.00897212 0.00771407 0.00658873 0.00559003 0.00471072 0.00394266 0.00327709 0.00270491 0.00221697 0.00180419 0.00145783 0.00116958 0.000931675 0.000737002 0.000579122 0.000452302 0.000351518 0.000272444 0.000211427 0.000165452 0.000132114 0.000109581 9.65696e-05 
0.000117564 0.000122933 0.000139356 0.000167778 0.000209798 0.000267688 0.000344431 0.000443756 0.000570177 0.000729028 0.000926484 0.00116958 0.00146618 0.00182498 0.0022554 0.00276751 0.00337185 0.00407931 0.00490085 0.00584727 0.00692889 0.00815524 0.0095347 0.0110741 0.0127786 0.0146509 0.0166912 0.0188972 0.0212631 0.0237804 0.026437 0.0292176 0.0321039 0.0350742 0.0381043 0.0411676 0.0442353 0.047277 0.0502613 0.0531562 0.0559296 0.0585502 0.0609876 0.063213 0.0651998 0.0669242 0.0683649 0.0695044 0.0703286 0.0708272 0.0709941 0.0708272 0.0703286 0.0695044 0.0683649 0.0669242 0.0651998 0.063213 0.0609876 0.0585502 0.0559296 0.0531562 0.0502613 0.047277 0.0442353 0.0411676 0.0381043 0.0350742 0.0321039 0.0292176 0.026437 0.0237804 0.0212631 0.0188972 0.0166912 0.0146509 0.0127786 0.0110741 0.0095347 0.00815524 0.00692889 0.00584727 0.00490085 0.00407931 0.00337185 0.00276751 0.0022554 0.00182498 0.00146618 0.00116958 0.000926484 0.000729028 0.000570177 0.000443756 0.000344431 0.000267688 0.000209798 0.000167778 0.000139356 0.000122933 
0.000148657 0.000155388 0.000175967 0.000211565 0.000264151 0.000336527 0.000432362 0.000556239 0.000713691 0.000911245 0.00115644 0.00145783 0.00182498 0.0022684 0.00279945 0.00343021 0.00417333 0.00504176 0.00604848 0.0072062 0.008527 0.0100219 0.0117005 0.0135704 0.0156371 0.0179033 0.0203686 0.0230293 0.0258781 0.0289039 0.0320918 0.035423 0.0388751 0.0424222 0.0460352 0.0496823 0.0533293 0.0569406 0.0604791 0.0639073 0.067188 0.0702846 0.0731618 0.0757866 0.0781282 0.080159 0.0818548 0.0831955 0.0841648 0.0847511 0.0849473 0.0847511 0.0841648 0.0831955 0.0818548 0.080159 0.0781282 0.0757866 0.0731618 0.0702846 0.067188 0.0639073 0.0604791 0.0569406 0.0533293 0.0496823 0.0460352 0.0424222 0.0388751 0.035423 0.0320918 0.0289039 0.0258781 0.0230293 0.0203686 0.0179033 0.0156371 0.0135704 0.0117005 0.0100219 0.008527 0.0072062 0.00604848 0.00504176 0.00417333 0.00343021 0.00279945 0.0022684 0.00182498 0.00145783 0.00115644 0.000911245 0.000713691 0.000556239 0.000432362 0.000336527 0.000264151 0.000211565 0.000175967 0.000155388 
0.000186638 0.000195015 0.00022062 0.000264886 0.000330225 0.000420065 0.000538888 0.00069228 0.000886979 0.00113091 0.0014332 0.00180419 0.0022554 0.00279945 0.00344992 0.00422123 0.00512838 0.00618664 0.00741129 0.00881715 0.0104182 0.012227 0.0142544 0.016509 0.0189962 0.0217187 0.024675 0.02786 0.0312641 0.0348734 0.0386694 0.0426294 0.0467263 0.050929 0.0552031 0.0595108 0.0638123 0.0680654 0.0722273 0.0762544 0.0801036 0.0837327 0.0871014 0.0901717 0.0929085 0.0952804 0.0972599 0.0988241 0.0999546 0.100638 0.100867 0.100638 0.0999546 0.0988241 0.0972599 0.0952804 0.0929085 0.0901717 0.0871014 0.0837327 0.0801036 0.0762544 0.0722273 0.0680654 0.0638123 0.0595108 0.0552031 0.050929 0.0467263 0.0426294 0.0386694 0.0348734 0.0312641 0.02786 0.024675 0.0217187 0.0189962 0.016509 0.0142544 0.012227 0.0104182 0.00881715 0.00741129 0.00618664 0.00512838 0.00422123 0.00344992 0.00279945 0.0022554 0.00180419 0.0014332 0.00113091 0.000886979 0.00069228 0.000538888 0.000420065 0.000330225 0.000264886 0.00022062 0.000195015 
0.000232659 0.000243009 0.000274639 0.000329292 0.0004099 0.000520622 0.000666895 0.00085548 0.00109452 0.00139355 0.00176357 0.00221697 0.00276751 0.00343021 0.00422123 0.0051576 0.00625695 0.0075372 0.00901611 0.0107108 0.0126373 0.0148099 0.0172406 0.0199387 0.0229098 0.0261558 0.0296743 0.0334581 0.0374948 0.0417671 0.0462526 0.0509236 0.0557478 0.0606883 0.0657046 0.0707524 0.0757851 0.080754 0.0856095 0.0903017 0.094781 0.0989994 0.102911 0.106473 0.109645 0.112392 0.114683 0.116493 0.1178 0.118591 0.118855 0.118591 0.1178 0.116493 0.114683 0.112392 0.109645 0.106473 0.102911 0.0989994 0.094781 0.0903017 0.0856095 0.080754 0.0757851 0.0707524 0.0657046 0.0606883 0.0557478 0.0509236 0.0462526 0.0417671 0.0374948 0.0334581 0.0296743 0.0261558 0.0229098 0.0199387 0.0172406 0.0148099 0.0126373 0.0107108 0.00901611 0.0075372 0.00625695 0.0051576 0.00422123 0.00343021 0.00276751 0.00221697 0.00176357 0.00139355 0.00109452 0.00085548 0.000666895 0.000520622 0.0004099 0.000329292 0.000274639 0.000243009 
0.000287975 0.000300674 0.00033947 0.000406467 0.000505204 0.000640695 0.000819482 0.00104969 0.00134108 0.00170507 0.00215476 0.00270491 0.00337185 0.00417333 0.00512838 0.00625695 0.00757965 0.00911728 0.0108903 0.0129184 0.0152196 0.0178101 0.0207029 0.0239079 0.0274306 0.0312722 0.0354284 0.0398896 0.0446403 0.049659 0.0549185 0.0603857 0.0660222 0.0717848 0.0776258 0.083494 0.0893354 0.0950941 0.100713 0.106136 0.111306 0.116169 0.120673 0.124771 0.128417 0.131572 0.134202 0.136278 0.137778 0.138684 0.138987 0.138684 0.137778 0.136278 0.134202 0.131572 0.128417 0.124771 0.120673 0.116169 0.111306 0.106136 0.100713 0.0950941 0.0893354 0.083494 0.0776258 0.0717848 0.0660222 0.0603857 0.0549185 0.049659 0.0446403 0.0398896 0.0354284 0.0312722 0.0274306 0.0239079 0.0207029 0.0178101 0.0152196 0.0129184 0.0108903 0.00911728 0.00757965 0.00625695 0.00512838 0.00417333 0.00337185 0.00270491 0.00215476 0.00170507 0.00134108 0.00104969 0.000819482 0.000640695 0.000505204 0.000406467 0.00033947 0.000300674 
0.000353935 0.000369405 0.000416655 0.000498207 0.000618299 0.000782931 0.000999919 0.00127895 0.00163165 0.00207157 0.00261425 0.00327709 0.00407931 0.00504176 0.00618664 0.0075372 0.00911728 0.0109508 0.0130612 0.0154708 0.0181998 0.021266 0.0246838 0.0284631 0.0326093 0.037122 0.0419951 0.0472158 0.0527647 0.0586156 0.0647358 0.071086 0.0776211 0.0842903 0.0910386 0.0978068 0.104533 0.111154 0.117605 0.123821 0.12974 0.1353 0.140445 0.14512 0.149276 0.15287 0.155863 0.158225 0.15993 0.16096 0.161305 0.16096 0.15993 0.158225 0.155863 0.15287 0.149276 0.14512 0.140445 0.1353 0.12974 0.123821 0.117605 0.111154 0.104533 0.0978068 0.0910386 0.0842903 0.0776211 0.071086 0.0647358 0.0586156 0.0527647 0.0472158 0.0419951 0.037122 0.0326093 0.0284631 0.0246838 0.021266 0.0181998 0.0154708 0.0130612 0.0109508 0.00911728 0.0075372 0.00618664 0.00504176 0.00407931 0.00327709 0.00261425 0.00207157 0.00163165 0.00127895 0.000999919 0.000782931 0.000618299 0.000498207 0.000416655 0.000369405 
0.000431962 0.000450677 0.000507821 0.000606394 0.000751439 0.000950081 0.00121159 0.00154745 0.00197137 0.00249936 0.00314965 0.00394266 0.00490085 0.00604848 0.00741129 0.00901611 0.0108903 0.0130612 0.0155554 0.0183977 0.021611 0.0252144 0.0292232 0.0336475 0.038492 0.0437545 0.0494262 0.0554905 0.0619237 0.0686939 0.0757621 0.083082 0.090601 0.0982603 0.105997 0.113742 0.121427 0.128979 0.136325 0.143394 0.150115 0.156422 0.16225 0.16754 0.172238 0.176298 0.179677 0.182341 0.184263 0.185424 0.185813 0.185424 0.184263 0.182341 0.179677 0.176298 0.172238 0.16754 0.16225 0.156422 0.150115 0.143394 0.136325 0.128979 0.121427 0.113742 0.105997 0.0982603 0.090601 0.083082 0.0757621 0.0686939 0.0619237 0.0554905 0.0494262 0.0437545 0.038492 0.0336475 0.0292232 0.0252144 0.021611 0.0183977 0.0155554 0.0130612 0.0108903 0.00901611 0.00741129 0.00604848 0.00490085 0.00394266 0.00314965 0.00249936 0.00197137 0.00154745 0.00121159 0.000950081 0.000751439 0.000606394 0.000507821 0.000450677 
0.000523532 0.000546015 0.000614645 0.000732968 0.000906936 0.00114496 0.00145794 0.00185939 0.0023654 0.00299469 0.00376854 0.00471072 0.00584727 0.0072062 0.00881715 0.0107108 0.0129184 0.0154708 0.0183977 0.0217271 0.0254838 0.0296885 0.0343571 0.0394997 0.0451194 0.051212 0.0577652 0.0647583 0.0721619 0.079938 0.0880404 0.0964151 0.105001 0.113731 0.122531 0.131327 0.140039 0.148585 0.156886 0.16486 0.172432 0.179527 0.186076 0.192013 0.197281 0.201829 0.205611 0.208592 0.210742 0.21204 0.212474 0.21204 0.210742 0.208592 0.205611 0.201829 0.197281 0.192013 0.186076 0.179527 0.172432 0.16486 0.156886 0.148585 0.140039 0.131327 0.122531 0.113731 0.105001 0.0964151 0.0880404 0.079938 0.0721619 0.0647583 0.0577652 0.051212 0.0451194 0.0394997 0.0343571 0.0296885 0.0254838 0.0217271 0.0183977 0.0154708 0.0129184 0.0107108 0.00881715 0.0072062 0.00584727 0.00471072 0.00376854 0.00299469 0.0023654 0.00185939 0.00145794 0.00114496 0.000906936 0.000732968 0.000614645 0.000546015 
0.000630142 0.000656967 0.000738825 0.000879879 0.00108711 0.00137035 0.00174239 0.00221896 0.00281881 0.0035637 0.00447829 0.00559003 0.00692889 0.008527 0.0104182 0.0126373 0.0152196 0.0181998 0.021611 0.0254838 0.0298451 0.0347172 0.0401162 0.0460514 0.0525244 0.0595279 0.0670457 0.0750517 0.0835105 0.092377 0.101597 0.111108 0.120839 0.130714 0.140651 0.150563 0.160363 0.16996 0.179266 0.188192 0.196655 0.204573 0.211872 0.218482 0.224341 0.229395 0.233594 0.236902 0.239286 0.240725 0.241207 0.240725 0.239286 0.236902 0.233594 0.229395 0.224341 0.218482 0.211872 0.204573 0.196655 0.188192 0.179266 0.16996 0.160363 0.150563 0.140651 0.130714 0.120839 0.111108 0.101597 0.092377 0.0835105 0.0750517 0.0670457 0.0595279 0.0525244 0.0460514 0.0401162 0.0347172 0.0298451 0.0254838 0.021611 0.0181998 0.0152196 0.0126373 0.0104182 0.008527 0.00692889 0.00559003 0.00447829 0.0035637 0.00281881 0.00221896 0.00174239 0.00137035 0.00108711 0.000879879 0.000738825 0.000656967 
0.000753279 0.000785065 0.000882038 0.00104905 0.00129422 0.001629 0.00206822 0.00263013 0.00333642 0.00421218 0.00528579 0.00658873 0.00815524 0.0100219 0.012227 0.0148099 0.0178101 0.021266 0.0252144 0.0296885 0.0347172 0.0403237 0.0465242 0.0533268 0.0607307 0.068725 0.0772886 0.0863896 0.0959853 0.106023 0.116439 0.127161 0.13811 0.149198 0.160334 0.171421 0.182362 0.193057 0.20341 0.213324 0.222708 0.231476 0.239547 0.246848 0.253312 0.258882 0.263507 0.267147 0.26977 0.271353 0.271882 0.271353 0.26977 0.267147 0.263507 0.258882 0.253312 0.246848 0.239547 0.231476 0.222708 0.213324 0.20341 0.193057 0.182362 0.171421 0.160334 0.149198 0.13811 0.127161 0.116439 0.106023 0.0959853 0.0863896 0.0772886 0.068725 0.0607307 0.0533268 0.0465242 0.0403237 0.0347172 0.0296885 0.0252144 0.021266 0.0178101 0.0148099 0.012227 0.0100219 0.00815524 0.00658873 0.00528579 0.00421218 0.00333642 0.00263013 0.00206822 0.001629 0.00129422 0.00104905 0.000882038 0.000785065 
0.000894372 0.000931784 0.00104589 0.0012423 0.00153041 0.00192345 0.00243851 0.00309661 0.00392265 0.00494539 0.00619725 0.00771407 0.0095347 0.0117005 0.0142544 0.0172406 0.0207029 0.0246838 0.0292232 0.0343571 0.0401162 0.0465242 0.0535969 0.0613405 0.0697512 0.0788137 0.0885013 0.098775 0.109584 0.120867 0.132551 0.144553 0.156784 0.169144 0.181532 0.193842 0.205966 0.217796 0.229225 0.240152 0.250479 0.260112 0.268968 0.276968 0.284044 0.290133 0.295187 0.299161 0.302023 0.303749 0.304326 0.303749 0.302023 0.299161 0.295187 0.290133 0.284044 0.276968 0.268968 0.260112 0.250479 0.240152 0.229225 0.217796 0.205966 0.193842 0.181532 0.169144 0.156784 0.144553 0.132551 0.120867 0.109584 0.098775 0.0885013 0.0788137 0.0697512 0.0613405 0.0535969 0.0465242 0.0401162 0.0343571 0.0292232 0.0246838 0.0207029 0.0172406 0.0142544 0.0117005 0.0095347 0.00771407 0.00619725 0.00494539 0.00392265 0.00309661 0.00243851 0.00192345 0.00153041 0.0012423 0.00104589 0.000931784 
0.00105475 0.00109849 0.00123186 0.00146131 0.00179764 0.002256 0.002856 0.00362165 0.00458137 0.00576788 0.00721795 0.00897212 0.0110741 0.0135704 0.016509 0.0199387 0.0239079 0.0284631 0.0336475 0.0394997 0.0460514 0.0533268 0.0613405 0.0700964 0.0795866 0.0897908 0.100675 0.112194 0.124287 0.136882 0.149897 0.163238 0.176803 0.190484 0.204167 0.217735 0.231072 0.24406 0.256585 0.268539 0.279816 0.29032 0.299962 0.30866 0.316344 0.322951 0.328428 0.332732 0.33583 0.337699 0.338323 0.337699 0.33583 0.332732 0.328428 0.322951 0.316344 0.30866 0.299962 0.29032 0.279816 0.268539 0.256585 0.24406 0.231072 0.217735 0.204167 0.190484 0.176803 0.163238 0.149897 0.136882 0.124287 0.112194 0.100675 0.0897908 0.0795866 0.0700964 0.0613405 0.0533268 0.0460514 0.0394997 0.0336475 0.0284631 0.0239079 0.0199387 0.016509 0.0135704 0.0110741 0.00897212 0.00721795 0.00576788 0.00458137 0.00362165 0.002856 0.002256 0.00179764 0.00146131 0.00123186 0.00109849 
0.0012356 0.0012864 0.00144126 0.00170755 0.00209757 0.00262862 0.00332298 0.00420794 0.0053157 0.00668322 0.00835196 0.0103674 0.0127786 0.0156371 0.0189962 0.0229098 0.0274306 0.0326093 0.038492 0.0451194 0.0525244 0.0607307 0.0697512 0.0795866 0.0902244 0.101638 0.113787 0.126615 0.140053 0.154018 0.168417 0.183144 0.198086 0.213123 0.228129 0.242979 0.257545 0.271702 0.285328 0.298308 0.310532 0.321899 0.332318 0.341703 0.349984 0.357096 0.362987 0.367612 0.37094 0.372946 0.373616 0.372946 0.37094 0.367612 0.362987 0.357096 0.349984 0.341703 0.332318 0.321899 0.310532 0.298308 0.285328 0.271702 0.257545 0.242979 0.228129 0.213123 0.198086 0.183144 0.168417 0.154018 0.140053 0.126615 0.113787 0.101638 0.0902244 0.0795866 0.0697512 0.0607307 0.0525244 0.0451194 0.038492 0.0326093 0.0274306 0.0229098 0.0189962 0.0156371 0.0127786 0.0103674 0.00835196 0.00668322 0.0053157 0.00420794 0.00332298 0.00262862 0.00209757 0.00170755 0.00144126 0.0012864 
0.00143788 0.0014965 0.00167515 0.00198217 0.00243153 0.0030428 0.00384117 0.00485743 0.00612781 0.00769384 0.00960191 0.0119028 0.0146509 0.0179033 0.0217187 0.0261558 0.0312722 0.037122 0.0437545 0.051212 0.0595279 0.068725 0.0788137 0.0897908 0.101638 0.114322 0.127793 0.141986 0.156821 0.172203 0.188028 0.204176 0.220523 0.236938 0.253283 0.269422 0.285219 0.300541 0.315259 0.329252 0.342407 0.354618 0.365792 0.375844 0.3847 0.392298 0.398585 0.403518 0.407065 0.409202 0.409916 0.409202 0.407065 0.403518 0.398585 0.392298 0.3847 0.375844 0.365792 0.354618 0.342407 0.329252 0.315259 0.300541 0.285219 0.269422 0.253283 0.236938 0.220523 0.204176 0.188028 0.172203 0.156821 0.141986 0.127793 0.114322 0.101638 0.0897908 0.0788137 0.068725 0.0595279 0.051212 0.0437545 0.037122 0.0312722 0.0261558 0.0217187 0.0179033 0.0146509 0.0119028 0.00960191 0.00769384 0.00612781 0.00485743 0.00384117 0.0030428 0.00243153 0.00198217 0.00167515 0.0014965 
0.00166231 0.00172952 0.00193427 0.002286 0.0028004 0.0034995 0.0044116 0.0055712 0.00701884 0.00880082 0.0109687 0.0135789 0.0166912 0.0203686 0.024675 0.0296743 0.0354284 0.0419951 0.0494262 0.0577652 0.0670457 0.0772886 0.0885013 0.100675 0.113787 0.127793 0.142635 0.158238 0.17451 0.191345 0.208623 0.226214 0.243981 0.26178 0.279465 0.296887 0.313903 0.330371 0.346158 0.361137 0.375192 0.388216 0.400113 0.4108 0.420202 0.42826 0.434919 0.440141 0.443892 0.446152 0.446907 0.446152 0.443892 0.440141 0.434919 0.42826 0.420202 0.4108 0.400113 0.388216 0.375192 0.361137 0.346158 0.330371 0.313903 0.296887 0.279465 0.26178 0.243981 0.226214 0.208623 0.191345 0.17451 0.158238 0.142635 0.127793 0.113787 0.100675 0.0885013 0.0772886 0.0670457 0.0577652 0.0494262 0.0419951 0.0354284 0.0296743 0.024675 0.0203686 0.0166912 0.0135789 0.0109687 0.00880082 0.00701884 0.0055712 0.0044116 0.0034995 0.0028004 0.002286 0.00193427 0.00172952 
0.00190929 0.00198585 0.00221904 0.00261941 0.00320454 0.00399905 0.0050345 0.00634935 0.00798864 0.0100037 0.0124515 0.0153941 0.0188972 0.0230293 0.02786 0.0334581 0.0398896 0.0472158 0.0554905 0.0647583 0.0750517 0.0863896 0.098775 0.112194 0.126615 0.141986 0.158238 0.175285 0.193022 0.211329 0.230075 0.249117 0.268304 0.28748 0.306489 0.325173 0.343379 0.360961 0.37778 0.393705 0.408617 0.422411 0.434989 0.446269 0.45618 0.464662 0.471666 0.477152 0.481091 0.483462 0.484254 0.483462 0.481091 0.477152 0.471666 0.464662 0.45618 0.446269 0.434989 0.422411 0.408617 0.393705 0.37778 0.360961 0.343379 0.325173 0.306489 0.28748 0.268304 0.249117 0.230075 0.211329 0.193022 0.175285 0.158238 0.141986 0.126615 0.112194 0.098775 0.0863896 0.0750517 0.0647583 0.0554905 0.0472158 0.0398896 0.0334581 0.02786 0.0230293 0.0188972 0.0153941 0.0124515 0.0100037 0.00798864 0.00634935 0.0050345 0.00399905 0.00320454 0.00261941 0.00221904 0.00198585 
0.00217885 0.00226551 0.00252942 0.0029823 0.00364372 0.00454101 0.0057092 0.00719084 0.00903569 0.0113003 0.0140472 0.0173443 0.0212631 0.0258781 0.0312641 0.0374948 0.0446403 0.0527647 0.0619237 0.0721619 0.0835105 0.0959853 0.109584 0.124287 0.140053 0.156821 0.17451 0.193022 0.212238 0.232027 0.252241 0.272725 0.293316 0.313847 0.33415 0.354059 0.373415 0.392064 0.409864 0.426682 0.442399 0.456907 0.470114 0.481939 0.492313 0.501179 0.508491 0.514213 0.51832 0.520791 0.521615 0.520791 0.51832 0.514213 0.508491 0.501179 0.492313 0.481939 0.470114 0.456907 0.442399 0.426682 0.409864 0.392064 0.373415 0.354059 0.33415 0.313847 0.293316 0.272725 0.252241 0.232027 0.212238 0.193022 0.17451 0.156821 0.140053 0.124287 0.109584 0.0959853 0.0835105 0.0721619 0.0619237 0.0527647 0.0446403 0.0374948 0.0312641 0.0258781 0.0212631 0.0173443 0.0140472 0.0113003 0.00903569 0.00719084 0.0057092 0.00454101 0.00364372 0.0029823 0.00252942 0.00226551 
0.0024706 0.00256809 0.00286491 0.00337402 0.00411706 0.0051242 0.00643405 0.00809344 0.010157 0.0126866 0.0157506 0.0194226 0.0237804 0.0289039 0.0348734 0.0417671 0.049659 0.0586156 0.0686939 0.079938 0.092377 0.106023 0.120867 0.136882 0.154018 0.172203 0.191345 0.211329 0.232027 0.253289 0.274958 0.296863 0.318829 0.340677 0.36223 0.383314 0.403763 0.42342 0.442138 0.459786 0.476242 0.491403 0.505178 0.51749 0.528274 0.537478 0.54506 0.550988 0.555239 0.557795 0.558649 0.557795 0.555239 0.550988 0.54506 0.537478 0.528274 0.51749 0.505178 0.491403 0.476242 0.459786 0.442138 0.42342 0.403763 0.383314 0.36223 0.340677 0.318829 0.296863 0.274958 0.253289 0.232027 0.211329 0.191345 0.172203 0.154018 0.136882 0.120867 0.106023 0.092377 0.079938 0.0686939 0.0586156 0.049659 0.0417671 0.0348734 0.0289039 0.0237804 0.0194226 0.0157506 0.0126866 0.010157 0.00809344 0.00643405 0.0051242 0.00411706 0.00337402 0.00286491 0.00256809 
0.00278371 0.00289271 0.00322449 0.00379332 0.00462295 0.00574652 0.00720633 0.00905361 0.011348 0.0141567 0.0175541 0.0216197 0.026437 0.0320918 0.0386694 0.0462526 0.0549185 0.0647358 0.0757621 0.0880404 0.101597 0.116439 0.132551 0.149897 0.168417 0.188028 0.208623 0.230075 0.252241 0.274958 0.298052 0.321342 0.344639 0.367753 0.390499 0.412696 0.434171 0.454765 0.474329 0.492732 0.509855 0.525598 0.539873 0.552609 0.563746 0.573238 0.581048 0.587147 0.591517 0.594145 0.595021 0.594145 0.591517 0.587147 0.581048 0.573238 0.563746 0.552609 0.539873 0.525598 0.509855 0.492732 0.474329 0.454765 0.434171 0.412696 0.390499 0.367753 0.344639 0.321342 0.298052 0.274958 0.252241 0.230075 0.208623 0.188028 0.168417 0.149897 0.132551 0.116439 0.101597 0.0880404 0.0757621 0.0647358 0.0549185 0.0462526 0.0386694 0.0320918 0.026437 0.0216197 0.0175541 0.0141567 0.011348 0.00905361 0.00720633 0.00574652 0.00462295 0.00379332 0.00322449 0.00289271 
0.00311685 0.00323798 0.0036066 0.00423832 0.00515907 0.00640502 0.00802225 0.0100665 0.0126024 0.0157029 0.0194479 0.023923 0.0292176 0.035423 0.0426294 0.0509236 0.0603857 0.071086 0.083082 0.0964151 0.111108 0.127161 0.144553 0.163238 0.183144 0.204176 0.226214 0.249117 0.272725 0.296863 0.321342 0.345967 0.370538 0.394856 0.418726 0.441961 0.464385 0.485835 0.506164 0.525241 0.542951 0.559199 0.573902 0.586995 0.598425 0.608151 0.616143 0.622379 0.626843 0.629525 0.630419 0.629525 0.626843 0.622379 0.616143 0.608151 0.598425 0.586995 0.573902 0.559199 0.542951 0.525241 0.506164 0.485835 0.464385 0.441961 0.418726 0.394856 0.370538 0.345967 0.321342 0.296863 0.272725 0.249117 0.226214 0.204176 0.183144 0.163238 0.144553 0.127161 0.111108 0.0964151 0.083082 0.071086 0.0603857 0.0509236 0.0426294 0.035423 0.0292176 0.023923 0.0194479 0.0157029 0.0126024 0.0100665 0.00802225 0.00640502 0.00515907 0.00423832 0.0036066 0.00323798 
0.0034682 0.00360201 0.00400912 0.00470649 0.00572231 0.00709579 0.0088769 0.0111259 0.0139125 0.0173151 0.0214197 0.0263175 0.0321039 0.0388751 0.0467263 0.0557478 0.0660222 0.0776211 0.090601 0.105001 0.120839 0.13811 0.156784 0.176803 0.198086 0.220523 0.243981 0.268304 0.293316 0.318829 0.344639 0.370538 0.396316 0.421764 0.446679 0.47087 0.494156 0.516376 0.537381 0.557045 0.575259 0.59193 0.606985 0.620365 0.632025 0.641932 0.650061 0.656396 0.660928 0.663649 0.664556 0.663649 0.660928 0.656396 0.650061 0.641932 0.632025 0.620365 0.606985 0.59193 0.575259 0.557045 0.537381 0.516376 0.494156 0.47087 0.446679 0.421764 0.396316 0.370538 0.344639 0.318829 0.293316 0.268304 0.243981 0.220523 0.198086 0.176803 0.156784 0.13811 0.120839 0.105001 0.090601 0.0776211 0.0660222 0.0557478 0.0467263 0.0388751 0.0321039 0.0263175 0.0214197 0.0173151 0.0139125 0.0111259 0.0088769 0.00709579 0.00572231 0.00470649 0.00400912 0.00360201 
0.00383542 0.00398236 0.00442933 0.00519466 0.00630879 0.00781405 0.00976427 0.0122242 0.0152688 0.0189819 0.0234551 0.0287857 0.0350742 0.0424222 0.050929 0.0606883 0.0717848 0.0842903 0.0982603 0.113731 0.130714 0.149198 0.169144 0.190484 0.213123 0.236938 0.26178 0.28748 0.313847 0.340677 0.367753 0.394856 0.421764 0.448259 0.474133 0.499189 0.523247 0.546143 0.567734 0.587896 0.606526 0.623539 0.63887 0.652467 0.664294 0.674326 0.682546 0.688945 0.693518 0.696263 0.697178 0.696263 0.693518 0.688945 0.682546 0.674326 0.664294 0.652467 0.63887 0.623539 0.606526 0.587896 0.567734 0.546143 0.523247 0.499189 0.474133 0.448259 0.421764 0.394856 0.367753 0.340677 0.313847 0.28748 0.26178 0.236938 0.213123 0.190484 0.169144 0.149198 0.130714 0.113731 0.0982603 0.0842903 0.0717848 0.0606883 0.050929 0.0424222 0.0350742 0.0287857 0.0234551 0.0189819 0.0152688 0.0122242 0.00976427 0.00781405 0.00630879 0.00519466 0.00442933 0.00398236 
0.00421567 0.0043761 0.00486397 0.005699 0.00691392 0.00855412 0.0106773 0.0133528 0.0166605 0.0206897 0.0255377 0.0313073 0.0381043 0.0460352 0.0552031 0.0657046 0.0776258 0.0910386 0.105997 0.122531 0.140651 0.160334 0.181532 0.204167 0.228129 0.253283 0.279465 0.306489 0.33415 0.36223 0.390499 0.418726 0.446679 0.474133 0.500874 0.526702 0.551436 0.574915 0.596998 0.617567 0.636526 0.6538 0.66933 0.683075 0.695008 0.705112 0.71338 0.719808 0.724398 0.72715 0.728068 0.72715 0.724398 0.719808 0.71338 0.705112 0.695008 0.683075 0.66933 0.6538 0.636526 0.617567 0.596998 0.574915 0.551436 0.526702 0.500874 0.474133 0.446679 0.418726 0.390499 0.36223 0.33415 0.306489 0.279465 0.253283 0.228129 0.204167 0.181532 0.160334 0.140651 0.122531 0.105997 0.0910386 0.0776258 0.0657046 0.0552031 0.0460352 0.0381043 0.0313073 0.0255377 0.0206897 0.0166605 0.0133528 0.0106773 0.00855412 0.00691392 0.005699 0.00486397 0.0043761 
0.00460565 0.00477978 0.00530924 0.00621512 0.00753238 0.00930949 0.011608 0.0145016 0.0180752 0.0224236 0.0276491 0.0338602 0.0411676 0.0496823 0.0595108 0.0707524 0.083494 0.0978068 0.113742 0.131327 0.150563 0.171421 0.193842 0.217735 0.242979 0.269422 0.296887 0.325173 0.354059 0.383314 0.412696 0.441961 0.47087 0.499189 0.526702 0.553206 0.578521 0.602487 0.62497 0.645858 0.665063 0.682517 0.698174 0.712001 0.723982 0.734109 0.742383 0.748808 0.75339 0.756137 0.757052 0.756137 0.75339 0.748808 0.742383 0.734109 0.723982 0.712001 0.698174 0.682517 0.665063 0.645858 0.62497 0.602487 0.578521 0.553206 0.526702 0.499189 0.47087 0.441961 0.412696 0.383314 0.354059 0.325173 0.296887 0.269422 0.242979 0.217735 0.193842 0.171421 0.150563 0.131327 0.113742 0.0978068 0.083494 0.0707524 0.0595108 0.0496823 0.0411676 0.0338602 0.0276491 0.0224236 0.0180752 0.0145016 0.011608 0.00930949 0.00753238 0.00621512 0.00530924 0.00477978 
0.00500158 0.00518953 0.00576087 0.00673805 0.00815824 0.0100729 0.0125474 0.0156597 0.0194996 0.0241669 0.0297694 0.0364202 0.0442353 0.0533293 0.0638123 0.0757851 0.0893354 0.104533 0.121427 0.140039 0.160363 0.182362 0.205966 0.231072 0.257545 0.285219 0.313903 0.343379 0.373415 0.403763 0.434171 0.464385 0.494156 0.523247 0.551436 0.578521 0.604321 0.628683 0.651477 0.672599 0.69197 0.709531 0.725247 0.739096 0.751071 0.761175 0.769416 0.775808 0.780362 0.783089 0.783998 0.783089 0.780362 0.775808 0.769416 0.761175 0.751071 0.739096 0.725247 0.709531 0.69197 0.672599 0.651477 0.628683 0.604321 0.578521 0.551436 0.523247 0.494156 0.464385 0.434171 0.403763 0.373415 0.343379 0.313903 0.285219 0.257545 0.231072 0.205966 0.182362 0.160363 0.140039 0.121427 0.104533 0.0893354 0.0757851 0.0638123 0.0533293 0.0442353 0.0364202 0.0297694 0.0241669 0.0194996 0.0156597 0.0125474 0.0100729 0.00815824 0.00673805 0.00576087 0.00518953 
0.00539933 0.00560104 0.00621413 0.00726235 0.00878502 0.0108366 0.0134859 0.0168153 0.0209192 0.0259022 0.0318771 0.038962 0.047277 0.0569406 0.0680654 0.080754 0.0950941 0.111154 0.128979 0.148585 0.16996 0.193057 0.217796 0.24406 0.271702 0.300541 0.330371 0.360961 0.392064 0.42342 0.454765 0.485835 0.516376 0.546143 0.574915 0.602487 0.628683 0.653354 0.676375 0.697652 0.717114 0.734715 0.750429 0.764244 0.776166 0.786206 0.794382 0.800714 0.805221 0.807919 0.808817 0.807919 0.805221 0.800714 0.794382 0.786206 0.776166 0.764244 0.750429 0.734715 0.717114 0.697652 0.676375 0.653354 0.628683 0.602487 0.574915 0.546143 0.516376 0.485835 0.454765 0.42342 0.392064 0.360961 0.330371 0.300541 0.271702 0.24406 0.217796 0.193057 0.16996 0.148585 0.128979 0.111154 0.0950941 0.080754 0.0680654 0.0569406 0.047277 0.038962 0.0318771 0.0259022 0.0209192 0.0168153 0.0134859 0.0108366 0.00878502 0.00726235 0.00621413 0.00560104 
0.00579442 0.00600971 0.00666396 0.00778219 0.0094058 0.0115921 0.0144133 0.017956 0.0223187 0.027611 0.0339503 0.041459 0.0502613 0.0604791 0.0722273 0.0856095 0.100713 0.117605 0.136325 0.156886 0.179266 0.20341 0.229225 0.256585 0.285328 0.315259 0.346158 0.37778 0.409864 0.442138 0.474329 0.506164 0.537381 0.567734 0.596998 0.62497 0.651477 0.676375 0.699548 0.720909 0.740398 0.757978 0.773636 0.787371 0.799198 0.809139 0.817221 0.823472 0.827917 0.830575 0.83146 0.830575 0.827917 0.823472 0.817221 0.809139 0.799198 0.787371 0.773636 0.757978 0.740398 0.720909 0.699548 0.676375 0.651477 0.62497 0.596998 0.567734 0.537381 0.506164 0.474329 0.442138 0.409864 0.37778 0.346158 0.315259 0.285328 0.256585 0.229225 0.20341 0.179266 0.156886 0.136325 0.117605 0.100713 0.0856095 0.0722273 0.0604791 0.0502613 0.041459 0.0339503 0.027611 0.0223187 0.017956 0.0144133 0.0115921 0.0094058 0.00778219 0.00666396 0.00600971 
