0.000296818 0.000303419 0.000323375 0.000357137 0.000405458 0.000469382 0.000550237 0.000649622 0.000769395 0.000911648 0.00107868 0.00127299 0.0014972 0.00175405 0.00204633 0.00237683 0.00274829 0.00316332 0.00362434 0.00413349 0.00469257 0.00530297 0.00596558 0.00668071 0.00744804 0.00826655 0.00913449 0.0100493 0.0110076 0.0120052 0.0130371 0.0140975 0.0151798 0.0162766 0.0173801 0.0184817 0.0195724 0.0206431 0.0216841 0.022686 0.0236392 0.0245344 0.0253626 0.0261154 0.026785 0.0273643 0.0278472 0.0282283 0.0285035 0.0286699 0.0287255 0.0286699 0.0285035 0.0282283 0.0278472 0.0273643 0.026785 0.0261154 0.0253626 0.0245344 0.0236392 0.022686 0.0216841 0.0206431 0.0195724 0.0184817 0.0173801 0.0162766 0.0151798 0.0140975 0.0130371 0.0120052 0.0110076 0.0100493 0.00913449 0.00826655 0.00744804 0.00668071 0.00596558 0.00530297 0.00469257 0.00413349 0.00362434 0.00316332 0.00274829 0.00237683 0.00204633 0.00175405 0.0014972 0.00127299 0.00107868 0.000911648 0.000769395 0.000649622 0.000550237 0.000469382 0.000405458 0.000357137 0.000323375 0.000303419 
0.000303419 0.000310157 0.000330524 0.000364982 0.000414296 0.000479527 0.000562026 0.000663422 0.000785601 0.000930691 0.00110104 0.00129916 0.00152774 0.00178954 0.00208742 0.00242419 0.00280263 0.00322539 0.00369492 0.00421338 0.00478259 0.00540395 0.00607834 0.00680607 0.00758679 0.00841947 0.00930229 0.0102326 0.0112071 0.0122214 0.0132704 0.0143481 0.015448 0.0165626 0.0176837 0.0188029 0.0199109 0.0209984 0.0220557 0.0230731 0.024041 0.0249499 0.0257908 0.0265551 0.0272348 0.0278229 0.028313 0.0286998 0.0289792 0.029148 0.0292045 0.029148 0.0289792 0.0286998 0.028313 0.0278229 0.0272348 0.0265551 0.0257908 0.0249499 0.024041 0.0230731 0.0220557 0.0209984 0.0199109 0.0188029 0.0176837 0.0165626 0.015448 0.0143481 0.0132704 0.0122214 0.0112071 0.0102326 0.00930229 0.00841947 0.00758679 0.00680607 0.00607834 0.00540395 0.00478259 0.00421338 0.00369492 0.00322539 0.00280263 0.00242419 0.00208742 0.00178954 0.00152774 0.00129916 0.00110104 0.000930691 0.000785601 0.000663422 0.000562026 0.000479527 0.000414296 0.000364982 0.000330524 0.000310157 
0.000323375 0.000330524 0.000352136 0.000388694 0.000441004 0.000510181 0.000597646 0.000705108 0.00083455 0.000988204 0.00116853 0.00137816 0.00161991 0.00189668 0.00221143 0.00256711 0.00296661 0.00341267 0.00390785 0.00445437 0.0050541 0.00570847 0.00641837 0.00718405 0.00800513 0.00888044 0.00980807 0.0107852 0.0118083 0.0128727 0.0139731 0.0151033 0.0162562 0.017424 0.0185984 0.0197703 0.0209302 0.0220682 0.0231744 0.0242386 0.0252507 0.0262009 0.0270798 0.0278785 0.0285888 0.0292032 0.0297151 0.0301192 0.030411 0.0305873 0.0306463 0.0305873 0.030411 0.0301192 0.0297151 0.0292032 0.0285888 0.0278785 0.0270798 0.0262009 0.0252507 0.0242386 0.0231744 0.0220682 0.0209302 0.0197703 0.0185984 0.017424 0.0162562 0.0151033 0.0139731 0.0128727 0.0118083 0.0107852 0.00980807 0.00888044 0.00800513 0.00718405 0.00641837 0.00570847 0.0050541 0.00445437 0.00390785 0.00341267 0.00296661 0.00256711 0.00221143 0.00189668 0.00161991 0.00137816 0.00116853 0.000988204 0.00083455 0.000705108 0.000597646 0.000510181 0.000441004 0.000388694 0.000352136 0.000330524 
0.000357137 0.000364982 0.000388694 0.000428798 0.000486164 0.000562001 0.000657844 0.000775541 0.000917233 0.00108533 0.00128247 0.00151151 0.00177546 0.00207743 0.0024206 0.00280812 0.00324306 0.00372836 0.00426668 0.0048604 0.00551147 0.00622134 0.0069909 0.00782035 0.0087092 0.00965613 0.010659 0.0117147 0.0128192 0.0139678 0.0151544 0.0163724 0.0176142 0.0188715 0.0201351 0.0213953 0.0226421 0.0238648 0.0250528 0.0261951 0.0272812 0.0283006 0.0292432 0.0300995 0.0308608 0.0315192 0.0320678 0.0325006 0.0328132 0.0330021 0.0330653 0.0330021 0.0328132 0.0325006 0.0320678 0.0315192 0.0308608 0.0300995 0.0292432 0.0283006 0.0272812 0.0261951 0.0250528 0.0238648 0.0226421 0.0213953 0.0201351 0.0188715 0.0176142 0.0163724 0.0151544 0.0139678 0.0128192 0.0117147 0.010659 0.00965613 0.0087092 0.00782035 0.0069909 0.00622134 0.00551147 0.0048604 0.00426668 0.00372836 0.00324306 0.00280812 0.0024206 0.00207743 0.00177546 0.00151151 0.00128247 0.00108533 0.000917233 0.000775541 0.000657844 0.000562001 0.000486164 0.000428798 0.000388694 0.000364982 
0.000405458 0.000414296 0.000441004 0.000486164 0.000550741 0.000636073 0.000743859 0.000876142 0.00103529 0.00122395 0.00144505 0.00170171 0.00199724 0.00233506 0.00271863 0.0031514 0.0036367 0.0041777 0.00477728 0.00543798 0.00616185 0.00695041 0.00780452 0.00872433 0.00970916 0.0107575 0.0118667 0.0130335 0.0142534 0.0155208 0.0168292 0.0181713 0.0195387 0.020922 0.0223115 0.0236964 0.0250656 0.0264077 0.0277109 0.0289636 0.0301539 0.0312706 0.0323028 0.0332403 0.0340734 0.0347937 0.0353937 0.0358671 0.0362089 0.0364154 0.0364845 0.0364154 0.0362089 0.0358671 0.0353937 0.0347937 0.0340734 0.0332403 0.0323028 0.0312706 0.0301539 0.0289636 0.0277109 0.0264077 0.0250656 0.0236964 0.0223115 0.020922 0.0195387 0.0181713 0.0168292 0.0155208 0.0142534 0.0130335 0.0118667 0.0107575 0.00970916 0.00872433 0.00780452 0.00695041 0.00616185 0.00543798 0.00477728 0.0041777 0.0036367 0.0031514 0.00271863 0.00233506 0.00199724 0.00170171 0.00144505 0.00122395 0.00103529 0.000876142 0.000743859 0.000636073 0.000550741 0.000486164 0.000441004 0.000414296 
0.000469382 0.000479527 0.000510181 0.000562001 0.000636073 0.000733905 0.000857409 0.00100888 0.00119098 0.00140668 0.00165925 0.0019522 0.0022892 0.00267406 0.00311062 0.0036027 0.00415398 0.00476793 0.0054477 0.00619602 0.00701509 0.00790648 0.00887104 0.0099088 0.0110189 0.0121994 0.0134474 0.0147589 0.0161289 0.017551 0.0190179 0.0205214 0.0220518 0.0235991 0.0251519 0.0266986 0.0282268 0.0297237 0.0311764 0.0325718 0.0338972 0.0351401 0.0362883 0.0373307 0.0382568 0.0390573 0.0397239 0.0402497 0.0406293 0.0408587 0.0409354 0.0408587 0.0406293 0.0402497 0.0397239 0.0390573 0.0382568 0.0373307 0.0362883 0.0351401 0.0338972 0.0325718 0.0311764 0.0297237 0.0282268 0.0266986 0.0251519 0.0235991 0.0220518 0.0205214 0.0190179 0.017551 0.0161289 0.0147589 0.0134474 0.0121994 0.0110189 0.0099088 0.00887104 0.00790648 0.00701509 0.00619602 0.0054477 0.00476793 0.00415398 0.0036027 0.00311062 0.00267406 0.0022892 0.0019522 0.00165925 0.00140668 0.00119098 0.00100888 0.000857409 0.000733905 0.000636073 0.000562001 0.000510181 0.000479527 
0.000550237 0.000562026 0.000597646 0.000657844 0.000743859 0.000857409 0.00100067 0.00117626 0.00138718 0.00163683 0.00192889 0.00226733 0.0026563 0.00310009 0.00360299 0.00416928 0.00480305 0.00550816 0.00628805 0.00714571 0.0080835 0.00910306 0.0102052 0.0113898 0.0126556 0.0140005 0.0154208 0.0169121 0.0184683 0.0200823 0.0217457 0.0234489 0.0251814 0.0269313 0.0286863 0.0304329 0.0321574 0.0338455 0.0354826 0.0370543 0.0385463 0.0399446 0.0412358 0.0424076 0.0434482 0.0443474 0.045096 0.0456863 0.0461124 0.0463699 0.046456 0.0463699 0.0461124 0.0456863 0.045096 0.0443474 0.0434482 0.0424076 0.0412358 0.0399446 0.0385463 0.0370543 0.0354826 0.0338455 0.0321574 0.0304329 0.0286863 0.0269313 0.0251814 0.0234489 0.0217457 0.0200823 0.0184683 0.0169121 0.0154208 0.0140005 0.0126556 0.0113898 0.0102052 0.00910306 0.0080835 0.00714571 0.00628805 0.00550816 0.00480305 0.00416928 0.00360299 0.00310009 0.0026563 0.00226733 0.00192889 0.00163683 0.00138718 0.00117626 0.00100067 0.000857409 0.000743859 0.000657844 0.000597646 0.000562026 
0.000649622 0.000663422 0.000705108 0.000775541 0.000876142 0.00100888 0.00117626 0.00138126 0.00162733 0.00191834 0.00225849 0.00265231 0.00310449 0.00361989 0.00420337 0.00485973 0.00559356 0.00640914 0.0073103 0.0083003 0.00938166 0.0105561 0.0118244 0.0131861 0.0146398 0.0161826 0.0178105 0.019518 0.0212981 0.0231426 0.0250418 0.0269848 0.0289594 0.0309522 0.0329492 0.0349351 0.0368944 0.038811 0.0406685 0.0424506 0.0441414 0.0457251 0.0471869 0.0485129 0.04969 0.0507067 0.0515529 0.0522202 0.0527017 0.0529926 0.0530899 0.0529926 0.0527017 0.0522202 0.0515529 0.0507067 0.04969 0.0485129 0.0471869 0.0457251 0.0441414 0.0424506 0.0406685 0.038811 0.0368944 0.0349351 0.0329492 0.0309522 0.0289594 0.0269848 0.0250418 0.0231426 0.0212981 0.019518 0.0178105 0.0161826 0.0146398 0.0131861 0.0118244 0.0105561 0.00938166 0.0083003 0.0073103 0.00640914 0.00559356 0.00485973 0.00420337 0.00361989 0.00310449 0.00265231 0.00225849 0.00191834 0.00162733 0.00138126 0.00117626 0.00100888 0.000876142 0.000775541 0.000705108 0.000663422 
0.000769395 0.000785601 0.00083455 0.000917233 0.00103529 0.00119098 0.00138718 0.00162733 0.00191538 0.00225575 0.00265327 0.00311309 0.00364056 0.00424119 0.0049205 0.00568389 0.00653652 0.00748317 0.00852807 0.00967479 0.0109261 0.0122836 0.0137481 0.015319 0.0169942 0.0187704 0.0206426 0.0226045 0.0246478 0.0267631 0.0289391 0.0311632 0.0334215 0.0356988 0.0379789 0.0402446 0.0424783 0.0446617 0.0467763 0.048804 0.0507264 0.0525263 0.0541868 0.0556922 0.0570281 0.0581817 0.0591415 0.0598981 0.060444 0.0607738 0.0608841 0.0607738 0.060444 0.0598981 0.0591415 0.0581817 0.0570281 0.0556922 0.0541868 0.0525263 0.0507264 0.048804 0.0467763 0.0446617 0.0424783 0.0402446 0.0379789 0.0356988 0.0334215 0.0311632 0.0289391 0.0267631 0.0246478 0.0226045 0.0206426 0.0187704 0.0169942 0.015319 0.0137481 0.0122836 0.0109261 0.00967479 0.00852807 0.00748317 0.00653652 0.00568389 0.0049205 0.00424119 0.00364056 0.00311309 0.00265327 0.00225575 0.00191538 0.00162733 0.00138718 0.00119098 0.00103529 0.000917233 0.00083455 0.000785601 
0.000911648 0.000930691 0.000988204 0.00108533 0.00122395 0.00140668 0.00163683 0.00191834 0.00225575 0.00265415 0.00311904 0.0036563 0.00427206 0.00497255 0.00576404 0.00665261 0.00764407 0.00874374 0.00995631 0.0112857 0.0127348 0.0143054 0.015998 0.0178116 0.0197438 0.0217904 0.0239456 0.0262017 0.0285493 0.0309772 0.0334724 0.0360206 0.0386057 0.0412103 0.043816 0.0464032 0.0489519 0.0514414 0.0538509 0.0561598 0.0583476 0.0603948 0.0622824 0.0639931 0.0655106 0.0668204 0.0679099 0.0687686 0.0693881 0.0697622 0.0698873 0.0697622 0.0693881 0.0687686 0.0679099 0.0668204 0.0655106 0.0639931 0.0622824 0.0603948 0.0583476 0.0561598 0.0538509 0.0514414 0.0489519 0.0464032 0.043816 0.0412103 0.0386057 0.0360206 0.0334724 0.0309772 0.0285493 0.0262017 0.0239456 0.0217904 0.0197438 0.0178116 0.015998 0.0143054 0.0127348 0.0112857 0.00995631 0.00874374 0.00764407 0.00665261 0.00576404 0.00497255 0.00427206 0.0036563 0.00311904 0.00265415 0.00225575 0.00191834 0.00163683 0.00140668 0.00122395 0.00108533 0.000988204 0.000930691 
0.00107868 0.00110104 0.00116853 0.00128247 0.00144505 0.00165925 0.00192889 0.00225849 0.00265327 0.00311904 0.0036621 0.00428915 0.00500716 0.00582323 0.00674441 0.00777759 0.00892926 0.0102053 0.0116111 0.0131506 0.0148271 0.0166423 0.0185966 0.0206884 0.0229149 0.0252708 0.0277492 0.0303412 0.0330356 0.0358197 0.0386783 0.041595 0.0445513 0.0475273 0.0505022 0.0534536 0.0563589 0.0591946 0.0619374 0.0645639 0.0670512 0.0693773 0.0715211 0.073463 0.0751849 0.0766707 0.0779062 0.0788797 0.0795819 0.0800059 0.0801477 0.0800059 0.0795819 0.0788797 0.0779062 0.0766707 0.0751849 0.073463 0.0715211 0.0693773 0.0670512 0.0645639 0.0619374 0.0591946 0.0563589 0.0534536 0.0505022 0.0475273 0.0445513 0.041595 0.0386783 0.0358197 0.0330356 0.0303412 0.0277492 0.0252708 0.0229149 0.0206884 0.0185966 0.0166423 0.0148271 0.0131506 0.0116111 0.0102053 0.00892926 0.00777759 0.00674441 0.00582323 0.00500716 0.00428915 0.0036621 0.00311904 0.00265327 0.00225849 0.00192889 0.00165925 0.00144505 0.00128247 0.00116853 0.00110104 
0.00127299 0.00129916 0.00137816 0.00151151 0.00170171 0.0019522 0.00226733 0.00265231 0.00311309 0.0036563 0.00428915 0.00501925 0.00585452 0.00680298 0.0078726 0.00907111 0.0104058 0.0118832 0.013509 0.0152878 0.017223 0.0193161 0.0215673 0.0239747 0.0265343 0.0292401 0.0320838 0.0350548 0.0381405 0.0413257 0.0445932 0.047924 0.0512971 0.0546899 0.0580785 0.0614377 0.0647418 0.0679646 0.0710795 0.0740604 0.0768817 0.0795187 0.0819477 0.084147 0.0860963 0.0877777 0.0891755 0.0902767 0.0910707 0.0915501 0.0917105 0.0915501 0.0910707 0.0902767 0.0891755 0.0877777 0.0860963 0.084147 0.0819477 0.0795187 0.0768817 0.0740604 0.0710795 0.0679646 0.0647418 0.0614377 0.0580785 0.0546899 0.0512971 0.047924 0.0445932 0.0413257 0.0381405 0.0350548 0.0320838 0.0292401 0.0265343 0.0239747 0.0215673 0.0193161 0.017223 0.0152878 0.013509 0.0118832 0.0104058 0.00907111 0.0078726 0.00680298 0.00585452 0.00501925 0.00428915 0.0036563 0.00311309 0.00265231 0.00226733 0.0019522 0.00170171 0.00151151 0.00137816 0.00129916 
0.0014972 0.00152774 0.00161991 0.00177546 0.00199724 0.0022892 0.0026563 0.00310449 0.00364056 0.00427206 0.00500716 0.00585452 0.00682307 0.00792188 0.00915991 0.0105458 0.0120876 0.0137926 0.0156671 0.017716 0.0199426 0.0223487 0.0249338 0.0276954 0.0306288 0.0337267 0.0369793 0.0403742 0.0438967 0.0475293 0.0512525 0.0550443 0.0588808 0.0627363 0.0665839 0.0703951 0.0741408 0.0777917 0.0813179 0.0846902 0.08788 0.0908597 0.0936031 0.0960857 0.0982854 0.100182 0.101758 0.103 0.103895 0.104435 0.104616 0.104435 0.103895 0.103 0.101758 0.100182 0.0982854 0.0960857 0.0936031 0.0908597 0.08788 0.0846902 0.0813179 0.0777917 0.0741408 0.0703951 0.0665839 0.0627363 0.0588808 0.0550443 0.0512525 0.0475293 0.0438967 0.0403742 0.0369793 0.0337267 0.0306288 0.0276954 0.0249338 0.0223487 0.0199426 0.017716 0.0156671 0.0137926 0.0120876 0.0105458 0.00915991 0.00792188 0.00682307 0.00585452 0.00500716 0.00427206 0.00364056 0.00310449 0.0026563 0.0022892 0.00199724 0.00177546 0.00161991 0.00152774 
0.00175405 0.00178954 0.00189668 0.00207743 0.00233506 0.00267406 0.00310009 0.00361989 0.00424119 0.00497255 0.00582323 0.00680298 0.00792188 0.00919012 0.0106177 0.0122143 0.0139888 0.0159492 0.0181023 0.0204534 0.0230059 0.0257614 0.0287189 0.0318752 0.0352245 0.0387581 0.0424644 0.0463292 0.0503353 0.0544627 0.0586891 0.0629894 0.0673365 0.0717014 0.0760536 0.0803611 0.0845914 0.0887114 0.092688 0.0964885 0.100081 0.103435 0.106521 0.109313 0.111786 0.113917 0.115687 0.117081 0.118086 0.118693 0.118896 0.118693 0.118086 0.117081 0.115687 0.113917 0.111786 0.109313 0.106521 0.103435 0.100081 0.0964885 0.092688 0.0887114 0.0845914 0.0803611 0.0760536 0.0717014 0.0673365 0.0629894 0.0586891 0.0544627 0.0503353 0.0463292 0.0424644 0.0387581 0.0352245 0.0318752 0.0287189 0.0257614 0.0230059 0.0204534 0.0181023 0.0159492 0.0139888 0.0122143 0.0106177 0.00919012 0.00792188 0.00680298 0.00582323 0.00497255 0.00424119 0.00361989 0.00310009 0.00267406 0.00233506 0.00207743 0.00189668 0.00178954 
0.00204633 0.00208742 0.00221143 0.0024206 0.00271863 0.00311062 0.00360299 0.00420337 0.0049205 0.00576404 0.00674441 0.0078726 0.00915991 0.0106177 0.0122571 0.0140889 0.0161229 0.0183677 0.0208308 0.0235177 0.0264319 0.0295745 0.0329443 0.036537 0.0403455 0.0443594 0.0485655 0.052947 0.0574843 0.0621546 0.0669323 0.0717891 0.0766942 0.0816152 0.0865175 0.0913656 0.096123 0.100753 0.105218 0.109483 0.113512 0.117271 0.120729 0.123854 0.126622 0.129006 0.130986 0.132545 0.133668 0.134346 0.134573 0.134346 0.133668 0.132545 0.130986 0.129006 0.126622 0.123854 0.120729 0.117271 0.113512 0.109483 0.105218 0.100753 0.096123 0.0913656 0.0865175 0.0816152 0.0766942 0.0717891 0.0669323 0.0621546 0.0574843 0.052947 0.0485655 0.0443594 0.0403455 0.036537 0.0329443 0.0295745 0.0264319 0.0235177 0.0208308 0.0183677 0.0161229 0.0140889 0.0122571 0.0106177 0.00915991 0.0078726 0.00674441 0.00576404 0.0049205 0.00420337 0.00360299 0.00311062 0.00271863 0.0024206 0.00221143 0.00208742 
0.00237683 0.00242419 0.00256711 0.00280812 0.0031514 0.0036027 0.00416928 0.00485973 0.00568389 0.00665261 0.00777759 0.00907111 0.0105458 0.0122143 0.0140889 0.0161815 0.0185028 0.0210623 0.0238679 0.0269253 0.030238 0.0338069 0.0376298 0.0417014 0.0460132 0.0505531 0.0553055 0.0602513 0.0653678 0.0706292 0.0760064 0.0814674 0.0869779 0.0925011 0.0979986 0.103431 0.108757 0.113936 0.118928 0.123692 0.12819 0.132384 0.13624 0.139724 0.142807 0.145462 0.147666 0.149401 0.150651 0.151406 0.151658 0.151406 0.150651 0.149401 0.147666 0.145462 0.142807 0.139724 0.13624 0.132384 0.12819 0.123692 0.118928 0.113936 0.108757 0.103431 0.0979986 0.0925011 0.0869779 0.0814674 0.0760064 0.0706292 0.0653678 0.0602513 0.0553055 0.0505531 0.0460132 0.0417014 0.0376298 0.0338069 0.030238 0.0269253 0.0238679 0.0210623 0.0185028 0.0161815 0.0140889 0.0122143 0.0105458 0.00907111 0.00777759 0.00665261 0.00568389 0.00485973 0.00416928 0.0036027 0.0031514 0.00280812 0.00256711 0.00242419 
0.00274829 0.00280263 0.00296661 0.00324306 0.0036367 0.00415398 0.00480305 0.00559356 0.00653652 0.00764407 0.00892926 0.0104058 0.0120876 0.0139888 0.0161229 0.0185028 0.0211403 0.0240457 0.0272272 0.0306908 0.0344398 0.0384746 0.0427923 0.0473861 0.052246 0.0573577 0.0627033 0.0682608 0.0740045 0.0799049 0.0859293 0.0920419 0.098204 0.104375 0.110511 0.11657 0.122505 0.128272 0.133827 0.139124 0.144122 0.148779 0.153058 0.156923 0.160341 0.163284 0.165726 0.167648 0.169033 0.169868 0.170147 0.169868 0.169033 0.167648 0.165726 0.163284 0.160341 0.156923 0.153058 0.148779 0.144122 0.139124 0.133827 0.128272 0.122505 0.11657 0.110511 0.104375 0.098204 0.0920419 0.0859293 0.0799049 0.0740045 0.0682608 0.0627033 0.0573577 0.052246 0.0473861 0.0427923 0.0384746 0.0344398 0.0306908 0.0272272 0.0240457 0.0211403 0.0185028 0.0161229 0.0139888 0.0120876 0.0104058 0.00892926 0.00764407 0.00653652 0.00559356 0.00480305 0.00415398 0.0036367 0.00324306 0.00296661 0.00280263 
0.00316332 0.00322539 0.00341267 0.00372836 0.0041777 0.00476793 0.00550816 0.00640914 0.00748317 0.00874374 0.0102053 0.0118832 0.0137926 0.0159492 0.0183677 0.0210623 0.0240457 0.0273288 0.0309203 0.0348264 0.0390501 0.0435911 0.0484454 0.0536049 0.0590576 0.064787 0.0707724 0.0769887 0.0834067 0.0899933 0.0967117 0.103522 0.110381 0.117243 0.12406 0.130786 0.137369 0.14376 0.149911 0.155773 0.161299 0.166446 0.171172 0.175439 0.17921 0.182456 0.185149 0.187268 0.188794 0.189714 0.190022 0.189714 0.188794 0.187268 0.185149 0.182456 0.17921 0.175439 0.171172 0.166446 0.161299 0.155773 0.149911 0.14376 0.137369 0.130786 0.12406 0.117243 0.110381 0.103522 0.0967117 0.0899933 0.0834067 0.0769887 0.0707724 0.064787 0.0590576 0.0536049 0.0484454 0.0435911 0.0390501 0.0348264 0.0309203 0.0273288 0.0240457 0.0210623 0.0183677 0.0159492 0.0137926 0.0118832 0.0102053 0.00874374 0.00748317 0.00640914 0.00550816 0.00476793 0.0041777 0.00372836 0.00341267 0.00322539 
0.00362434 0.00369492 0.00390785 0.00426668 0.00477728 0.0054477 0.00628805 0.0073103 0.00852807 0.00995631 0.0116111 0.013509 0.0156671 0.0181023 0.0208308 0.0238679 0.0272272 0.0309203 0.0349563 0.0393415 0.0440783 0.0491658 0.0545986 0.060367 0.0664569 0.0728492 0.0795201 0.0864412 0.0935797 0.100898 0.108356 0.115907 0.123506 0.131101 0.13864 0.14607 0.153336 0.160386 0.167164 0.173619 0.179701 0.185362 0.190557 0.195243 0.199385 0.202947 0.205902 0.208226 0.209899 0.210908 0.211246 0.210908 0.209899 0.208226 0.205902 0.202947 0.199385 0.195243 0.190557 0.185362 0.179701 0.173619 0.167164 0.160386 0.153336 0.14607 0.13864 0.131101 0.123506 0.115907 0.108356 0.100898 0.0935797 0.0864412 0.0795201 0.0728492 0.0664569 0.060367 0.0545986 0.0491658 0.0440783 0.0393415 0.0349563 0.0309203 0.0272272 0.0238679 0.0208308 0.0181023 0.0156671 0.013509 0.0116111 0.00995631 0.00852807 0.0073103 0.00628805 0.0054477 0.00477728 0.00426668 0.00390785 0.00369492 
0.00413349 0.00421338 0.00445437 0.0048604 0.00543798 0.00619602 0.00714571 0.0083003 0.00967479 0.0112857 0.0131506 0.0152878 0.017716 0.0204534 0.0235177 0.0269253 0.0306908 0.0348264 0.0393415 0.044242 0.0495303 0.055204 0.0612567 0.0676765 0.0744469 0.0815461 0.0889469 0.0966174 0.10452 0.112614 0.120854 0.129189 0.137567 0.145934 0.154231 0.162401 0.170384 0.178121 0.185556 0.192631 0.199291 0.205487 0.211168 0.216292 0.220817 0.224708 0.227934 0.23047 0.232296 0.233397 0.233765 0.233397 0.232296 0.23047 0.227934 0.224708 0.220817 0.216292 0.211168 0.205487 0.199291 0.192631 0.185556 0.178121 0.170384 0.162401 0.154231 0.145934 0.137567 0.129189 0.120854 0.112614 0.10452 0.0966174 0.0889469 0.0815461 0.0744469 0.0676765 0.0612567 0.055204 0.0495303 0.044242 0.0393415 0.0348264 0.0306908 0.0269253 0.0235177 0.0204534 0.017716 0.0152878 0.0131506 0.0112857 0.00967479 0.0083003 0.00714571 0.00619602 0.00543798 0.0048604 0.00445437 0.00421338 
0.00469257 0.00478259 0.0050541 0.00551147 0.00616185 0.00701509 0.0080835 0.00938166 0.0109261 0.0127348 0.0148271 0.017223 0.0199426 0.0230059 0.0264319 0.030238 0.0344398 0.0390501 0.0440783 0.0495303 0.0554074 0.0617065 0.0684191 0.0755315 0.0830244 0.0908727 0.0990459 0.107508 0.116217 0.125128 0.134189 0.143346 0.152542 0.161715 0.170803 0.179744 0.188472 0.196925 0.20504 0.212757 0.220017 0.226764 0.232948 0.238522 0.243442 0.247671 0.251176 0.25393 0.255913 0.257109 0.257509 0.257109 0.255913 0.25393 0.251176 0.247671 0.243442 0.238522 0.232948 0.226764 0.220017 0.212757 0.20504 0.196925 0.188472 0.179744 0.170803 0.161715 0.152542 0.143346 0.134189 0.125128 0.116217 0.107508 0.0990459 0.0908727 0.0830244 0.0755315 0.0684191 0.0617065 0.0554074 0.0495303 0.0440783 0.0390501 0.0344398 0.030238 0.0264319 0.0230059 0.0199426 0.017223 0.0148271 0.0127348 0.0109261 0.00938166 0.0080835 0.00701509 0.00616185 0.00551147 0.0050541 0.00478259 
0.00530297 0.00540395 0.00570847 0.00622134 0.00695041 0.00790648 0.00910306 0.0105561 0.0122836 0.0143054 0.0166423 0.0193161 0.0223487 0.0257614 0.0295745 0.0338069 0.0384746 0.0435911 0.0491658 0.055204 0.0617065 0.0686685 0.0760797 0.083924 0.092179 0.100816 0.109802 0.119094 0.128649 0.138413 0.148333 0.158347 0.168392 0.178404 0.188313 0.198051 0.20755 0.216741 0.225557 0.233934 0.241808 0.249122 0.255821 0.261855 0.267179 0.271753 0.275542 0.27852 0.280662 0.281954 0.282386 0.281954 0.280662 0.27852 0.275542 0.271753 0.267179 0.261855 0.255821 0.249122 0.241808 0.233934 0.225557 0.216741 0.20755 0.198051 0.188313 0.178404 0.168392 0.158347 0.148333 0.138413 0.128649 0.119094 0.109802 0.100816 0.092179 0.083924 0.0760797 0.0686685 0.0617065 0.055204 0.0491658 0.0435911 0.0384746 0.0338069 0.0295745 0.0257614 0.0223487 0.0193161 0.0166423 0.0143054 0.0122836 0.0105561 0.00910306 0.00790648 0.00695041 0.00622134 0.00570847 0.00540395 
0.00596558 0.00607834 0.00641837 0.0069909 0.00780452 0.00887104 0.0102052 0.0118244 0.0137481 0.015998 0.0185966 0.0215673 0.0249338 0.0287189 0.0329443 0.0376298 0.0427923 0.0484454 0.0545986 0.0612567 0.0684191 0.0760797 0.084226 0.092839 0.101893 0.111357 0.121191 0.13135 0.141784 0.152437 0.163246 0.174148 0.185072 0.195948 0.206702 0.217261 0.227551 0.237497 0.24703 0.25608 0.264582 0.272472 0.279694 0.286196 0.291929 0.296852 0.30093 0.304132 0.306436 0.307825 0.308289 0.307825 0.306436 0.304132 0.30093 0.296852 0.291929 0.286196 0.279694 0.272472 0.264582 0.25608 0.24703 0.237497 0.227551 0.217261 0.206702 0.195948 0.185072 0.174148 0.163246 0.152437 0.141784 0.13135 0.121191 0.111357 0.101893 0.092839 0.084226 0.0760797 0.0684191 0.0612567 0.0545986 0.0484454 0.0427923 0.0376298 0.0329443 0.0287189 0.0249338 0.0215673 0.0185966 0.015998 0.0137481 0.0118244 0.0102052 0.00887104 0.00780452 0.0069909 0.00641837 0.00607834 
0.00668071 0.00680607 0.00718405 0.00782035 0.00872433 0.0099088 0.0113898 0.0131861 0.015319 0.0178116 0.0206884 0.0239747 0.0276954 0.0318752 0.036537 0.0417014 0.0473861 0.0536049 0.060367 0.0676765 0.0755315 0.083924 0.092839 0.102255 0.112142 0.122465 0.13318 0.144238 0.155583 0.167152 0.178879 0.190694 0.20252 0.214282 0.225901 0.237298 0.248393 0.259108 0.269369 0.279102 0.288237 0.29671 0.30446 0.311432 0.317577 0.322851 0.327218 0.330646 0.333112 0.334598 0.335095 0.334598 0.333112 0.330646 0.327218 0.322851 0.317577 0.311432 0.30446 0.29671 0.288237 0.279102 0.269369 0.259108 0.248393 0.237298 0.225901 0.214282 0.20252 0.190694 0.178879 0.167152 0.155583 0.144238 0.13318 0.122465 0.112142 0.102255 0.092839 0.083924 0.0755315 0.0676765 0.060367 0.0536049 0.0473861 0.0417014 0.036537 0.0318752 0.0276954 0.0239747 0.0206884 0.0178116 0.015319 0.0131861 0.0113898 0.0099088 0.00872433 0.00782035 0.00718405 0.00680607 
0.00744804 0.00758679 0.00800513 0.0087092 0.00970916 0.0110189 0.0126556 0.0146398 0.0169942 0.0197438 0.0229149 0.0265343 0.0306288 0.0352245 0.0403455 0.0460132 0.052246 0.0590576 0.0664569 0.0744469 0.0830244 0.092179 0.101893 0.112142 0.122892 0.134104 0.145729 0.157713 0.169994 0.182504 0.195172 0.207919 0.220666 0.23333 0.245828 0.258073 0.269983 0.281475 0.292469 0.302888 0.31266 0.321717 0.329995 0.337438 0.343993 0.349617 0.354272 0.357925 0.360551 0.362134 0.362663 0.362134 0.360551 0.357925 0.354272 0.349617 0.343993 0.337438 0.329995 0.321717 0.31266 0.302888 0.292469 0.281475 0.269983 0.258073 0.245828 0.23333 0.220666 0.207919 0.195172 0.182504 0.169994 0.157713 0.145729 0.134104 0.122892 0.112142 0.101893 0.092179 0.0830244 0.0744469 0.0664569 0.0590576 0.052246 0.0460132 0.0403455 0.0352245 0.0306288 0.0265343 0.0229149 0.0197438 0.0169942 0.0146398 0.0126556 0.0110189 0.00970916 0.0087092 0.00800513 0.00758679 
0.00826655 0.00841947 0.00888044 0.00965613 0.0107575 0.0121994 0.0140005 0.0161826 0.0187704 0.0217904 0.0252708 0.0292401 0.0337267 0.0387581 0.0443594 0.0505531 0.0573577 0.064787 0.0728492 0.0815461 0.0908727 0.100816 0.111357 0.122465 0.134104 0.14623 0.158788 0.17172 0.184957 0.198427 0.212051 0.225746 0.239426 0.253003 0.266386 0.279486 0.292215 0.304485 0.316213 0.327318 0.337725 0.347362 0.356164 0.364073 0.371036 0.377005 0.381944 0.385818 0.388604 0.390282 0.390843 0.390282 0.388604 0.385818 0.381944 0.377005 0.371036 0.364073 0.356164 0.347362 0.337725 0.327318 0.316213 0.304485 0.292215 0.279486 0.266386 0.253003 0.239426 0.225746 0.212051 0.198427 0.184957 0.17172 0.158788 0.14623 0.134104 0.122465 0.111357 0.100816 0.0908727 0.0815461 0.0728492 0.064787 0.0573577 0.0505531 0.0443594 0.0387581 0.0337267 0.0292401 0.0252708 0.0217904 0.0187704 0.0161826 0.0140005 0.0121994 0.0107575 0.00965613 0.00888044 0.00841947 
0.00913449 0.00930229 0.00980807 0.010659 0.0118667 0.0134474 0.0154208 0.0178105 0.0206426 0.0239456 0.0277492 0.0320838 0.0369793 0.0424644 0.0485655 0.0553055 0.0627033 0.0707724 0.0795201 0.0889469 0.0990459 0.109802 0.121191 0.13318 0.145729 0.158788 0.172299 0.186195 0.200404 0.214846 0.229438 0.244089 0.258708 0.273201 0.287472 0.301427 0.314973 0.328017 0.340474 0.352258 0.363292 0.373502 0.382821 0.391188 0.39855 0.404859 0.410075 0.414166 0.417107 0.418878 0.41947 0.418878 0.417107 0.414166 0.410075 0.404859 0.39855 0.391188 0.382821 0.373502 0.363292 0.352258 0.340474 0.328017 0.314973 0.301427 0.287472 0.273201 0.258708 0.244089 0.229438 0.214846 0.200404 0.186195 0.172299 0.158788 0.145729 0.13318 0.121191 0.109802 0.0990459 0.0889469 0.0795201 0.0707724 0.0627033 0.0553055 0.0485655 0.0424644 0.0369793 0.0320838 0.0277492 0.0239456 0.0206426 0.0178105 0.0154208 0.0134474 0.0118667 0.010659 0.00980807 0.00930229 
0.0100493 0.0102326 0.0107852 0.0117147 0.0130335 0.0147589 0.0169121 0.019518 0.0226045 0.0262017 0.0303412 0.0350548 0.0403742 0.0463292 0.052947 0.0602513 0.0682608 0.0769887 0.0864412 0.0966174 0.107508 0.119094 0.13135 0.144238 0.157713 0.17172 0.186195 0.201067 0.216256 0.231678 0.247241 0.26285 0.278408 0.293815 0.30897 0.323774 0.338129 0.351939 0.365113 0.377566 0.389215 0.399985 0.409809 0.418623 0.426373 0.433012 0.438498 0.442799 0.44589 0.447752 0.448374 0.447752 0.44589 0.442799 0.438498 0.433012 0.426373 0.418623 0.409809 0.399985 0.389215 0.377566 0.365113 0.351939 0.338129 0.323774 0.30897 0.293815 0.278408 0.26285 0.247241 0.231678 0.216256 0.201067 0.186195 0.17172 0.157713 0.144238 0.13135 0.119094 0.107508 0.0966174 0.0864412 0.0769887 0.0682608 0.0602513 0.052947 0.0463292 0.0403742 0.0350548 0.0303412 0.0262017 0.0226045 0.019518 0.0169121 0.0147589 0.0130335 0.0117147 0.0107852 0.0102326 
0.0110076 0.0112071 0.0118083 0.0128192 0.0142534 0.0161289 0.0184683 0.0212981 0.0246478 0.0285493 0.0330356 0.0381405 0.0438967 0.0503353 0.0574843 0.0653678 0.0740045 0.0834067 0.0935797 0.10452 0.116217 0.128649 0.141784 0.155583 0.169994 0.184957 0.200404 0.216256 0.232429 0.24883 0.265363 0.281927 0.298418 0.31473 0.330759 0.346399 0.361549 0.37611 0.389987 0.403091 0.415339 0.426655 0.436967 0.446213 0.454338 0.461294 0.46704 0.471543 0.474778 0.476726 0.477376 0.476726 0.474778 0.471543 0.46704 0.461294 0.454338 0.446213 0.436967 0.426655 0.415339 0.403091 0.389987 0.37611 0.361549 0.346399 0.330759 0.31473 0.298418 0.281927 0.265363 0.24883 0.232429 0.216256 0.200404 0.184957 0.169994 0.155583 0.141784 0.128649 0.116217 0.10452 0.0935797 0.0834067 0.0740045 0.0653678 0.0574843 0.0503353 0.0438967 0.0381405 0.0330356 0.0285493 0.0246478 0.0212981 0.0184683 0.0161289 0.0142534 0.0128192 0.0118083 0.0112071 
0.0120052 0.0122214 0.0128727 0.0139678 0.0155208 0.017551 0.0200823 0.0231426 0.0267631 0.0309772 0.0358197 0.0413257 0.0475293 0.0544627 0.0621546 0.0706292 0.0799049 0.0899933 0.100898 0.112614 0.125128 0.138413 0.152437 0.167152 0.182504 0.198427 0.214846 0.231678 0.24883 0.266205 0.2837 0.301208 0.31862 0.335824 0.35271 0.369169 0.385095 0.400386 0.414945 0.428681 0.441507 0.453346 0.464128 0.473788 0.482272 0.48953 0.495524 0.500219 0.503591 0.505621 0.506299 0.505621 0.503591 0.500219 0.495524 0.48953 0.482272 0.473788 0.464128 0.453346 0.441507 0.428681 0.414945 0.400386 0.385095 0.369169 0.35271 0.335824 0.31862 0.301208 0.2837 0.266205 0.24883 0.231678 0.214846 0.198427 0.182504 0.167152 0.152437 0.138413 0.125128 0.112614 0.100898 0.0899933 0.0799049 0.0706292 0.0621546 0.0544627 0.0475293 0.0413257 0.0358197 0.0309772 0.0267631 0.0231426 0.0200823 0.017551 0.0155208 0.0139678 0.0128727 0.0122214 
0.0130371 0.0132704 0.0139731 0.0151544 0.0168292 0.0190179 0.0217457 0.0250418 0.0289391 0.0334724 0.0386783 0.0445932 0.0512525 0.0586891 0.0669323 0.0760064 0.0859293 0.0967117 0.108356 0.120854 0.134189 0.148333 0.163246 0.178879 0.195172 0.212051 0.229438 0.247241 0.265363 0.2837 0.302144 0.320579 0.338893 0.356968 0.374689 0.391944 0.408623 0.42462 0.439836 0.454177 0.467557 0.479897 0.491126 0.501179 0.510002 0.517547 0.523774 0.52865 0.532151 0.534258 0.534962 0.534258 0.532151 0.52865 0.523774 0.517547 0.510002 0.501179 0.491126 0.479897 0.467557 0.454177 0.439836 0.42462 0.408623 0.391944 0.374689 0.356968 0.338893 0.320579 0.302144 0.2837 0.265363 0.247241 0.229438 0.212051 0.195172 0.178879 0.163246 0.148333 0.134189 0.120854 0.108356 0.0967117 0.0859293 0.0760064 0.0669323 0.0586891 0.0512525 0.0445932 0.0386783 0.0334724 0.0289391 0.0250418 0.0217457 0.0190179 0.0168292 0.0151544 0.0139731 0.0132704 
0.0140975 0.0143481 0.0151033 0.0163724 0.0181713 0.0205214 0.0234489 0.0269848 0.0311632 0.0360206 0.041595 0.047924 0.0550443 0.0629894 0.0717891 0.0814674 0.0920419 0.103522 0.115907 0.129189 0.143346 0.158347 0.174148 0.190694 0.207919 0.225746 0.244089 0.26285 0.281927 0.301208 0.320579 0.339921 0.359113 0.378033 0.396563 0.414586 0.431988 0.448661 0.464505 0.479423 0.493329 0.506143 0.517793 0.528217 0.537359 0.545172 0.551616 0.556661 0.560282 0.562461 0.563189 0.562461 0.560282 0.556661 0.551616 0.545172 0.537359 0.528217 0.517793 0.506143 0.493329 0.479423 0.464505 0.448661 0.431988 0.414586 0.396563 0.378033 0.359113 0.339921 0.320579 0.301208 0.281927 0.26285 0.244089 0.225746 0.207919 0.190694 0.174148 0.158347 0.143346 0.129189 0.115907 0.103522 0.0920419 0.0814674 0.0717891 0.0629894 0.0550443 0.047924 0.041595 0.0360206 0.0311632 0.0269848 0.0234489 0.0205214 0.0181713 0.0163724 0.0151033 0.0143481 
0.0151798 0.015448 0.0162562 0.0176142 0.0195387 0.0220518 0.0251814 0.0289594 0.0334215 0.0386057 0.0445513 0.0512971 0.0588808 0.0673365 0.0766942 0.0869779 0.098204 0.110381 0.123506 0.137567 0.152542 0.168392 0.185072 0.20252 0.220666 0.239426 0.258708 0.278408 0.298418 0.31862 0.338893 0.359113 0.379153 0.398889 0.418196 0.436953 0.455046 0.472363 0.488801 0.504265 0.518666 0.531924 0.543969 0.554737 0.564175 0.572237 0.578883 0.584084 0.587815 0.59006 0.59081 0.59006 0.587815 0.584084 0.578883 0.572237 0.564175 0.554737 0.543969 0.531924 0.518666 0.504265 0.488801 0.472363 0.455046 0.436953 0.418196 0.398889 0.379153 0.359113 0.338893 0.31862 0.298418 0.278408 0.258708 0.239426 0.220666 0.20252 0.185072 0.168392 0.152542 0.137567 0.123506 0.110381 0.098204 0.0869779 0.0766942 0.0673365 0.0588808 0.0512971 0.0445513 0.0386057 0.0334215 0.0289594 0.0251814 0.0220518 0.0195387 0.0176142 0.0162562 0.015448 
0.0162766 0.0165626 0.017424 0.0188715 0.020922 0.0235991 0.0269313 0.0309522 0.0356988 0.0412103 0.0475273 0.0546899 0.0627363 0.0717014 0.0816152 0.0925011 0.104375 0.117243 0.131101 0.145934 0.161715 0.178404 0.195948 0.214282 0.23333 0.253003 0.273201 0.293815 0.31473 0.335824 0.356968 0.378033 0.398889 0.419404 0.439452 0.458909 0.477655 0.49558 0.512577 0.528552 0.543414 0.557086 0.569496 0.580583 0.590293 0.598582 0.605413 0.610756 0.614588 0.616893 0.617663 0.616893 0.614588 0.610756 0.605413 0.598582 0.590293 0.580583 0.569496 0.557086 0.543414 0.528552 0.512577 0.49558 0.477655 0.458909 0.439452 0.419404 0.398889 0.378033 0.356968 0.335824 0.31473 0.293815 0.273201 0.253003 0.23333 0.214282 0.195948 0.178404 0.161715 0.145934 0.131101 0.117243 0.104375 0.0925011 0.0816152 0.0717014 0.0627363 0.0546899 0.0475273 0.0412103 0.0356988 0.0309522 0.0269313 0.0235991 0.020922 0.0188715 0.017424 0.0165626 
0.0173801 0.0176837 0.0185984 0.0201351 0.0223115 0.0251519 0.0286863 0.0329492 0.0379789 0.043816 0.0505022 0.0580785 0.0665839 0.0760536 0.0865175 0.0979986 0.110511 0.12406 0.13864 0.154231 0.170803 0.188313 0.206702 0.225901 0.245828 0.266386 0.287472 0.30897 0.330759 0.35271 0.374689 0.396563 0.418196 0.439452 0.460202 0.480317 0.499678 0.518172 0.535691 0.552139 0.567429 0.581481 0.594226 0.605604 0.615562 0.624058 0.631055 0.636526 0.640449 0.642808 0.643596 0.642808 0.640449 0.636526 0.631055 0.624058 0.615562 0.605604 0.594226 0.581481 0.567429 0.552139 0.535691 0.518172 0.499678 0.480317 0.460202 0.439452 0.418196 0.396563 0.374689 0.35271 0.330759 0.30897 0.287472 0.266386 0.245828 0.225901 0.206702 0.188313 0.170803 0.154231 0.13864 0.12406 0.110511 0.0979986 0.0865175 0.0760536 0.0665839 0.0580785 0.0505022 0.043816 0.0379789 0.0329492 0.0286863 0.0251519 0.0223115 0.0201351 0.0185984 0.0176837 
0.0184817 0.0188029 0.0197703 0.0213953 0.0236964 0.0266986 0.0304329 0.0349351 0.0402446 0.0464032 0.0534536 0.0614377 0.0703951 0.0803611 0.0913656 0.103431 0.11657 0.130786 0.14607 0.162401 0.179744 0.198051 0.217261 0.237298 0.258073 0.279486 0.301427 0.323774 0.346399 0.369169 0.391944 0.414586 0.436953 0.458909 0.480317 0.50105 0.520984 0.540005 0.558007 0.574892 0.590572 0.604971 0.618021 0.629661 0.639842 0.648523 0.65567 0.661255 0.665258 0.667665 0.668469 0.667665 0.665258 0.661255 0.65567 0.648523 0.639842 0.629661 0.618021 0.604971 0.590572 0.574892 0.558007 0.540005 0.520984 0.50105 0.480317 0.458909 0.436953 0.414586 0.391944 0.369169 0.346399 0.323774 0.301427 0.279486 0.258073 0.237298 0.217261 0.198051 0.179744 0.162401 0.14607 0.130786 0.11657 0.103431 0.0913656 0.0803611 0.0703951 0.0614377 0.0534536 0.0464032 0.0402446 0.0349351 0.0304329 0.0266986 0.0236964 0.0213953 0.0197703 0.0188029 
0.0195724 0.0199109 0.0209302 0.0226421 0.0250656 0.0282268 0.0321574 0.0368944 0.0424783 0.0489519 0.0563589 0.0647418 0.0741408 0.0845914 0.096123 0.108757 0.122505 0.137369 0.153336 0.170384 0.188472 0.20755 0.227551 0.248393 0.269983 0.292215 0.314973 0.338129 0.361549 0.385095 0.408623 0.431988 0.455046 0.477655 0.499678 0.520984 0.541449 0.560956 0.579399 0.596682 0.612717 0.62743 0.640752 0.652627 0.663007 0.671852 0.67913 0.684815 0.688889 0.691339 0.692156 0.691339 0.688889 0.684815 0.67913 0.671852 0.663007 0.652627 0.640752 0.62743 0.612717 0.596682 0.579399 0.560956 0.541449 0.520984 0.499678 0.477655 0.455046 0.431988 0.408623 0.385095 0.361549 0.338129 0.314973 0.292215 0.269983 0.248393 0.227551 0.20755 0.188472 0.170384 0.153336 0.137369 0.122505 0.108757 0.096123 0.0845914 0.0741408 0.0647418 0.0563589 0.0489519 0.0424783 0.0368944 0.0321574 0.0282268 0.0250656 0.0226421 0.0209302 0.0199109 
0.0206431 0.0209984 0.0220682 0.0238648 0.0264077 0.0297237 0.0338455 0.038811 0.0446617 0.0514414 0.0591946 0.0679646 0.0777917 0.0887114 0.100753 0.113936 0.128272 0.14376 0.160386 0.178121 0.196925 0.216741 0.237497 0.259108 0.281475 0.304485 0.328017 0.351939 0.37611 0.400386 0.42462 0.448661 0.472363 0.49558 0.518172 0.540005 0.560956 0.580906 0.599751 0.617393 0.633748 0.64874 0.662305 0.674388 0.684942 0.693931 0.701323 0.707095 0.71123 0.713715 0.714545 0.713715 0.71123 0.707095 0.701323 0.693931 0.684942 0.674388 0.662305 0.64874 0.633748 0.617393 0.599751 0.580906 0.560956 0.540005 0.518172 0.49558 0.472363 0.448661 0.42462 0.400386 0.37611 0.351939 0.328017 0.304485 0.281475 0.259108 0.237497 0.216741 0.196925 0.178121 0.160386 0.14376 0.128272 0.113936 0.100753 0.0887114 0.0777917 0.0679646 0.0591946 0.0514414 0.0446617 0.038811 0.0338455 0.0297237 0.0264077 0.0238648 0.0220682 0.0209984 
0.0216841 0.0220557 0.0231744 0.0250528 0.0277109 0.0311764 0.0354826 0.0406685 0.0467763 0.0538509 0.0619374 0.0710795 0.0813179 0.092688 0.105218 0.118928 0.133827 0.149911 0.167164 0.185556 0.20504 0.225557 0.24703 0.269369 0.292469 0.316213 0.340474 0.365113 0.389987 0.414945 0.439836 0.464505 0.488801 0.512577 0.535691 0.558007 0.579399 0.599751 0.618956 0.63692 0.653559 0.668799 0.682577 0.694841 0.705547 0.714658 0.722148 0.727995 0.732181 0.734698 0.735537 0.734698 0.732181 0.727995 0.722148 0.714658 0.705547 0.694841 0.682577 0.668799 0.653559 0.63692 0.618956 0.599751 0.579399 0.558007 0.535691 0.512577 0.488801 0.464505 0.439836 0.414945 0.389987 0.365113 0.340474 0.316213 0.292469 0.269369 0.24703 0.225557 0.20504 0.185556 0.167164 0.149911 0.133827 0.118928 0.105218 0.092688 0.0813179 0.0710795 0.0619374 0.0538509 0.0467763 0.0406685 0.0354826 0.0311764 0.0277109 0.0250528 0.0231744 0.0220557 
0.022686 0.0230731 0.0242386 0.0261951 0.0289636 0.0325718 0.0370543 0.0424506 0.048804 0.0561598 0.0645639 0.0740604 0.0846902 0.0964885 0.109483 0.123692 0.139124 0.155773 0.173619 0.192631 0.212757 0.233934 0.25608 0.279102 0.302888 0.327318 0.352258 0.377566 0.403091 0.428681 0.454177 0.479423 0.504265 0.528552 0.552139 0.574892 0.596682 0.617393 0.63692 0.655169 0.672058 0.687514 0.701477 0.713897 0.724732 0.733949 0.741522 0.747431 0.751661 0.754202 0.75505 0.754202 0.751661 0.747431 0.741522 0.733949 0.724732 0.713897 0.701477 0.687514 0.672058 0.655169 0.63692 0.617393 0.596682 0.574892 0.552139 0.528552 0.504265 0.479423 0.454177 0.428681 0.403091 0.377566 0.352258 0.327318 0.302888 0.279102 0.25608 0.233934 0.212757 0.192631 0.173619 0.155773 0.139124 0.123692 0.109483 0.0964885 0.0846902 0.0740604 0.0645639 0.0561598 0.048804 0.0424506 0.0370543 0.0325718 0.0289636 0.0261951 0.0242386 0.0230731 
0.0236392 0.024041 0.0252507 0.0272812 0.0301539 0.0338972 0.0385463 0.0441414 0.0507264 0.0583476 0.0670512 0.0768817 0.08788 0.100081 0.113512 0.12819 0.144122 0.161299 0.179701 0.199291 0.220017 0.241808 0.264582 0.288237 0.31266 0.337725 0.363292 0.389215 0.415339 0.441507 0.467557 0.493329 0.518666 0.543414 0.567429 0.590572 0.612717 0.633748 0.653559 0.672058 0.689163 0.704806 0.718928 0.731481 0.742425 0.75173 0.759372 0.765332 0.769597 0.77216 0.773015 0.77216 0.769597 0.765332 0.759372 0.75173 0.742425 0.731481 0.718928 0.704806 0.689163 0.672058 0.653559 0.633748 0.612717 0.590572 0.567429 0.543414 0.518666 0.493329 0.467557 0.441507 0.415339 0.389215 0.363292 0.337725 0.31266 0.288237 0.264582 0.241808 0.220017 0.199291 0.179701 0.161299 0.144122 0.12819 0.113512 0.100081 0.08788 0.0768817 0.0670512 0.0583476 0.0507264 0.0441414 0.0385463 0.0338972 0.0301539 0.0272812 0.0252507 0.024041 
