8.88768e-07 9.53515e-07 1.15468e-06 1.51349e-06 2.06674e-06 2.869e-06 3.99564e-06 5.5467e-06 7.65155e-06 1.04744e-05 1.42201e-05 1.91409e-05 2.5543e-05 3.37929e-05 4.43234e-05 5.76389e-05 7.43182e-05 9.50162e-05 0.000120462 0.000151452 0.000188846 0.000233546 0.000286483 0.000348592 0.000420782 0.000503904 0.000598715 0.000705838 0.000825719 0.000958592 0.00110443 0.00126294 0.00143347 0.00161509 0.00180647 0.00200597 0.00221161 0.0024211 0.00263187 0.00284116 0.003046 0.00324337 0.00343019 0.00360346 0.00376029 0.00389802 0.00401422 0.00410686 0.00417425 0.00421519 0.00422891 0.00421519 0.00417425 0.00410686 0.00401422 0.00389802 0.00376029 0.00360346 0.00343019 0.00324337 0.003046 0.00284116 0.00263187 0.0024211 0.00221161 0.00200597 0.00180647 0.00161509 0.00143347 0.00126294 0.00110443 0.000958592 0.000825719 0.000705838 0.000598715 0.000503904 0.000420782 0.000348592 0.000286483 0.000233546 0.000188846 0.000151452 0.000120462 9.50162e-05 7.43182e-05 5.76389e-05 4.43234e-05 3.37929e-05 2.5543e-05 1.91409e-05 1.42201e-05 1.04744e-05 7.65155e-06 5.5467e-06 3.99564e-06 2.869e-06 2.06674e-06 1.51349e-06 1.15468e-06 9.53515e-07 
9.53515e-07 1.02277e-06 1.23793e-06 1.62159e-06 2.21294e-06 3.07006e-06 4.27312e-06 5.92848e-06 8.17358e-06 1.11827e-05 1.51733e-05 2.04125e-05 2.72248e-05 3.59977e-05 4.71891e-05 6.13315e-05 7.90357e-05 0.000100992 0.000127968 0.000160802 0.000200397 0.000247699 0.000303685 0.000369332 0.00044559 0.000533347 0.000633388 0.000746358 0.000872716 0.00101269 0.00116626 0.00133307 0.00151246 0.00170342 0.00190456 0.00211415 0.0023301 0.00255001 0.0027712 0.00299074 0.00320557 0.00341249 0.00360831 0.00378989 0.00395421 0.00409848 0.00422019 0.0043172 0.00438778 0.00443064 0.00444502 0.00443064 0.00438778 0.0043172 0.00422019 0.00409848 0.00395421 0.00378989 0.00360831 0.00341249 0.00320557 0.00299074 0.0027712 0.00255001 0.0023301 0.00211415 0.00190456 0.00170342 0.00151246 0.00133307 0.00116626 0.00101269 0.000872716 0.000746358 0.000633388 0.000533347 0.00044559 0.000369332 0.000303685 0.000247699 0.000200397 0.000160802 0.000127968 0.000100992 7.90357e-05 6.13315e-05 4.71891e-05 3.59977e-05 2.72248e-05 2.04125e-05 1.51733e-05 1.11827e-05 8.17358e-06 5.92848e-06 4.27312e-06 3.07006e-06 2.21294e-06 1.62159e-06 1.23793e-06 1.02277e-06 
1.15468e-06 1.23793e-06 1.49647e-06 1.95715e-06 2.66655e-06 3.69359e-06 5.13327e-06 7.11143e-06 9.79043e-06 1.33757e-05 1.8123e-05 2.43461e-05 3.24249e-05 4.28126e-05 5.60428e-05 7.27352e-05 9.35983e-05 0.000119431 0.00015112 0.000189629 0.000235995 0.000291299 0.000356656 0.000433173 0.000521924 0.000623905 0.000739993 0.000870895 0.0010171 0.00117885 0.00135606 0.00154831 0.00175481 0.00197435 0.00220534 0.00244576 0.00269322 0.00294496 0.00319793 0.00344881 0.0036941 0.00393019 0.00415346 0.00436037 0.00454751 0.00471175 0.00485025 0.00496061 0.00504088 0.00508962 0.00510597 0.00508962 0.00504088 0.00496061 0.00485025 0.00471175 0.00454751 0.00436037 0.00415346 0.00393019 0.0036941 0.00344881 0.00319793 0.00294496 0.00269322 0.00244576 0.00220534 0.00197435 0.00175481 0.00154831 0.00135606 0.00117885 0.0010171 0.000870895 0.000739993 0.000623905 0.000521924 0.000433173 0.000356656 0.000291299 0.000235995 0.000189629 0.00015112 0.000119431 9.35983e-05 7.27352e-05 5.60428e-05 4.28126e-05 3.24249e-05 2.43461e-05 1.8123e-05 1.33757e-05 9.79043e-06 7.11143e-06 5.13327e-06 3.69359e-06 2.66655e-06 1.95715e-06 1.49647e-06 1.23793e-06 
1.51349e-06 1.62159e-06 1.95715e-06 2.55458e-06 3.47342e-06 4.80175e-06 6.6607e-06 9.2104e-06 1.2657e-05 1.72606e-05 2.33444e-05 3.13036e-05 4.16153e-05 5.48471e-05 7.16653e-05 9.2841e-05 0.000119253 0.00015189 0.000191841 0.000240293 0.000298508 0.000367806 0.000449532 0.000545023 0.00065556 0.000782325 0.000926346 0.00108844 0.00126915 0.00146869 0.00168693 0.00192328 0.00217672 0.00244574 0.00272834 0.00302206 0.00332394 0.00363064 0.00393845 0.00424335 0.00454114 0.00482747 0.00509801 0.00534852 0.00557493 0.0057735 0.00594088 0.00607418 0.00617111 0.00622996 0.00624969 0.00622996 0.00617111 0.00607418 0.00594088 0.0057735 0.00557493 0.00534852 0.00509801 0.00482747 0.00454114 0.00424335 0.00393845 0.00363064 0.00332394 0.00302206 0.00272834 0.00244574 0.00217672 0.00192328 0.00168693 0.00146869 0.00126915 0.00108844 0.000926346 0.000782325 0.00065556 0.000545023 0.000449532 0.000367806 0.000298508 0.000240293 0.000191841 0.00015189 0.000119253 9.2841e-05 7.16653e-05 5.48471e-05 4.16153e-05 3.13036e-05 2.33444e-05 1.72606e-05 1.2657e-05 9.2104e-06 6.6607e-06 4.80175e-06 3.47342e-06 2.55458e-06 1.95715e-06 1.62159e-06 
2.06674e-06 2.21294e-06 2.66655e-06 3.47342e-06 4.71287e-06 6.50196e-06 9.00145e-06 1.24234e-05 1.704e-05 2.31942e-05 3.13104e-05 4.19065e-05 5.56054e-05 7.31463e-05 9.53938e-05 0.000123345 0.000158132 0.000201024 0.000253415 0.000316814 0.000392822 0.000483103 0.000589345 0.000713213 0.000856294 0.00102003 0.00120568 0.00141418 0.00164617 0.00190183 0.0021809 0.00248258 0.00280547 0.00314761 0.00350641 0.00387872 0.0042608 0.00464841 0.00503688 0.00542118 0.00579606 0.00615612 0.00649599 0.0068104 0.00709434 0.0073432 0.00755283 0.00771973 0.00784103 0.00791466 0.00793934 0.00791466 0.00784103 0.00771973 0.00755283 0.0073432 0.00709434 0.0068104 0.00649599 0.00615612 0.00579606 0.00542118 0.00503688 0.00464841 0.0042608 0.00387872 0.00350641 0.00314761 0.00280547 0.00248258 0.0021809 0.00190183 0.00164617 0.00141418 0.00120568 0.00102003 0.000856294 0.000713213 0.000589345 0.000483103 0.000392822 0.000316814 0.000253415 0.000201024 0.000158132 0.000123345 9.53938e-05 7.31463e-05 5.56054e-05 4.19065e-05 3.13104e-05 2.31942e-05 1.704e-05 1.24234e-05 9.00145e-06 6.50196e-06 4.71287e-06 3.47342e-06 2.66655e-06 2.21294e-06 
2.869e-06 3.07006e-06 3.69359e-06 4.80175e-06 6.50196e-06 8.95252e-06 1.23705e-05 1.70414e-05 2.33312e-05 3.16994e-05 4.27133e-05 5.70633e-05 7.55771e-05 9.92338e-05 0.000129175 0.000166711 0.00021333 0.000270684 0.00034059 0.000425001 0.000525982 0.000645666 0.000786205 0.00094971 0.00113817 0.00135339 0.00159689 0.00186982 0.00217286 0.00250618 0.00286931 0.0032611 0.00367968 0.00412243 0.00458595 0.00506612 0.00555812 0.0060565 0.00655527 0.00704805 0.00752816 0.00798877 0.0084231 0.00882451 0.00918674 0.00950398 0.00977107 0.0099836 0.010138 0.0102317 0.0102631 0.0102317 0.010138 0.0099836 0.00977107 0.00950398 0.00918674 0.00882451 0.0084231 0.00798877 0.00752816 0.00704805 0.00655527 0.0060565 0.00555812 0.00506612 0.00458595 0.00412243 0.00367968 0.0032611 0.00286931 0.00250618 0.00217286 0.00186982 0.00159689 0.00135339 0.00113817 0.00094971 0.000786205 0.000645666 0.000525982 0.000425001 0.00034059 0.000270684 0.00021333 0.000166711 0.000129175 9.92338e-05 7.55771e-05 5.70633e-05 4.27133e-05 3.16994e-05 2.33312e-05 1.70414e-05 1.23705e-05 8.95252e-06 6.50196e-06 4.80175e-06 3.69359e-06 3.07006e-06 
3.99564e-06 4.27312e-06 5.13327e-06 6.6607e-06 9.00145e-06 1.23705e-05 1.70619e-05 2.3462e-05 3.20646e-05 4.34881e-05 5.84942e-05 7.80068e-05 0.000103131 0.000135169 0.000175634 0.000226261 0.000289004 0.000366036 0.000459728 0.000572621 0.000707389 0.000866781 0.00105355 0.00127038 0.00151979 0.00180402 0.00212493 0.0024839 0.00288168 0.00331835 0.00379315 0.00430447 0.00484975 0.0054255 0.00602724 0.00664957 0.00728623 0.00793018 0.00857375 0.00920874 0.00982664 0.0104188 0.0109766 0.0114916 0.011956 0.0123624 0.0127043 0.0129763 0.0131738 0.0132937 0.0133338 0.0132937 0.0131738 0.0129763 0.0127043 0.0123624 0.011956 0.0114916 0.0109766 0.0104188 0.00982664 0.00920874 0.00857375 0.00793018 0.00728623 0.00664957 0.00602724 0.0054255 0.00484975 0.00430447 0.00379315 0.00331835 0.00288168 0.0024839 0.00212493 0.00180402 0.00151979 0.00127038 0.00105355 0.000866781 0.000707389 0.000572621 0.000459728 0.000366036 0.000289004 0.000226261 0.000175634 0.000135169 0.000103131 7.80068e-05 5.84942e-05 4.34881e-05 3.20646e-05 2.3462e-05 1.70619e-05 1.23705e-05 9.00145e-06 6.6607e-06 5.13327e-06 4.27312e-06 
5.5467e-06 5.92848e-06 7.11143e-06 9.2104e-06 1.24234e-05 1.70414e-05 2.3462e-05 3.22063e-05 4.39387e-05 5.94895e-05 7.98785e-05 0.000106339 0.000140343 0.000183617 0.000238165 0.000306272 0.000390507 0.000493711 0.000618974 0.000769596 0.000949028 0.0011608 0.00140843 0.00169533 0.00202464 0.00239915 0.00282114 0.00329222 0.0038132 0.00438399 0.00500345 0.0056693 0.0063781 0.00712517 0.00790464 0.00870946 0.00953153 0.0103618 0.0111904 0.0120068 0.0128003 0.0135599 0.0142746 0.014934 0.015528 0.0160474 0.0164843 0.0168316 0.0170837 0.0172366 0.0172879 0.0172366 0.0170837 0.0168316 0.0164843 0.0160474 0.015528 0.014934 0.0142746 0.0135599 0.0128003 0.0120068 0.0111904 0.0103618 0.00953153 0.00870946 0.00790464 0.00712517 0.0063781 0.0056693 0.00500345 0.00438399 0.0038132 0.00329222 0.00282114 0.00239915 0.00202464 0.00169533 0.00140843 0.0011608 0.000949028 0.000769596 0.000618974 0.000493711 0.000390507 0.000306272 0.000238165 0.000183617 0.000140343 0.000106339 7.98785e-05 5.94895e-05 4.39387e-05 3.22063e-05 2.3462e-05 1.70414e-05 1.24234e-05 9.2104e-06 7.11143e-06 5.92848e-06 
7.65155e-06 8.17358e-06 9.79043e-06 1.2657e-05 1.704e-05 2.33312e-05 3.20646e-05 4.39387e-05 5.98424e-05 8.08834e-05 0.000108419 0.000144086 0.000189831 0.000247933 0.000321025 0.000412101 0.000524515 0.000661963 0.000828445 0.00102822 0.0012657 0.00154541 0.0018718 0.00224915 0.0026814 0.00317197 0.0037236 0.00433816 0.00501647 0.00575817 0.00656157 0.00742351 0.00833937 0.00930297 0.0103066 0.0113412 0.0123963 0.0134603 0.0145206 0.015564 0.0165768 0.0175452 0.0184555 0.0192944 0.0200496 0.0207095 0.0212641 0.0217048 0.0220246 0.0222186 0.0222836 0.0222186 0.0220246 0.0217048 0.0212641 0.0207095 0.0200496 0.0192944 0.0184555 0.0175452 0.0165768 0.015564 0.0145206 0.0134603 0.0123963 0.0113412 0.0103066 0.00930297 0.00833937 0.00742351 0.00656157 0.00575817 0.00501647 0.00433816 0.0037236 0.00317197 0.0026814 0.00224915 0.0018718 0.00154541 0.0012657 0.00102822 0.000828445 0.000661963 0.000524515 0.000412101 0.000321025 0.000247933 0.000189831 0.000144086 0.000108419 8.08834e-05 5.98424e-05 4.39387e-05 3.20646e-05 2.33312e-05 1.704e-05 1.2657e-05 9.79043e-06 8.17358e-06 
1.04744e-05 1.11827e-05 1.33757e-05 1.72606e-05 2.31942e-05 3.16994e-05 4.34881e-05 5.94895e-05 8.08834e-05 0.000109136 0.000146041 0.000193751 0.000254824 0.000332241 0.000429436 0.000550302 0.000699181 0.00088084 0.00110042 0.00136335 0.00167528 0.00204189 0.00246878 0.0029613 0.0035243 0.00416192 0.00487744 0.00567295 0.00654922 0.00750547 0.00853925 0.00964625 0.0108203 0.0120533 0.0133353 0.0146547 0.015998 0.0173505 0.0186964 0.0200191 0.0213013 0.0225258 0.0236756 0.0247342 0.0256863 0.0265178 0.0272161 0.0277707 0.028173 0.0284169 0.0284987 0.0284169 0.028173 0.0277707 0.0272161 0.0265178 0.0256863 0.0247342 0.0236756 0.0225258 0.0213013 0.0200191 0.0186964 0.0173505 0.015998 0.0146547 0.0133353 0.0120533 0.0108203 0.00964625 0.00853925 0.00750547 0.00654922 0.00567295 0.00487744 0.00416192 0.0035243 0.0029613 0.00246878 0.00204189 0.00167528 0.00136335 0.00110042 0.00088084 0.000699181 0.000550302 0.000429436 0.000332241 0.000254824 0.000193751 0.000146041 0.000109136 8.08834e-05 5.94895e-05 4.34881e-05 3.16994e-05 2.31942e-05 1.72606e-05 1.33757e-05 1.11827e-05 
1.42201e-05 1.51733e-05 1.8123e-05 2.33444e-05 3.13104e-05 4.27133e-05 5.84942e-05 7.98785e-05 0.000108419 0.000146041 0.000195089 0.000258379 0.000339235 0.000441527 0.000569694 0.000728749 0.000924267 0.00116234 0.0014495 0.00179265 0.00219887 0.00267529 0.00322889 0.00386623 0.00459322 0.00541485 0.00633491 0.00735571 0.00847784 0.00969991 0.0110184 0.0124276 0.0139192 0.0154829 0.0171059 0.0187731 0.0204678 0.0221715 0.0238644 0.0255256 0.0271339 0.028668 0.0301068 0.0314303 0.0326196 0.0336573 0.0345283 0.0352196 0.035721 0.0360249 0.0361267 0.0360249 0.035721 0.0352196 0.0345283 0.0336573 0.0326196 0.0314303 0.0301068 0.028668 0.0271339 0.0255256 0.0238644 0.0221715 0.0204678 0.0187731 0.0171059 0.0154829 0.0139192 0.0124276 0.0110184 0.00969991 0.00847784 0.00735571 0.00633491 0.00541485 0.00459322 0.00386623 0.00322889 0.00267529 0.00219887 0.00179265 0.0014495 0.00116234 0.000924267 0.000728749 0.000569694 0.000441527 0.000339235 0.000258379 0.000195089 0.000146041 0.000108419 7.98785e-05 5.84942e-05 4.27133e-05 3.13104e-05 2.33444e-05 1.8123e-05 1.51733e-05 
1.91409e-05 2.04125e-05 2.43461e-05 3.13036e-05 4.19065e-05 5.70633e-05 7.80068e-05 0.000106339 0.000144086 0.000193751 0.000258379 0.00034161 0.000447731 0.000581717 0.000749255 0.000956744 0.00121127 0.00152054 0.00189279 0.00233667 0.00286101 0.00347465 0.00418615 0.00500351 0.00593383 0.00698301 0.00815536 0.00945331 0.0108771 0.0124245 0.0140906 0.0158677 0.0177452 0.0197095 0.0217446 0.0238315 0.0259491 0.0280745 0.0301831 0.0322493 0.034247 0.03615 0.0379329 0.0395711 0.0410418 0.0423242 0.0433997 0.044253 0.0448715 0.0452463 0.0453718 0.0452463 0.0448715 0.044253 0.0433997 0.0423242 0.0410418 0.0395711 0.0379329 0.03615 0.034247 0.0322493 0.0301831 0.0280745 0.0259491 0.0238315 0.0217446 0.0197095 0.0177452 0.0158677 0.0140906 0.0124245 0.0108771 0.00945331 0.00815536 0.00698301 0.00593383 0.00500351 0.00418615 0.00347465 0.00286101 0.00233667 0.00189279 0.00152054 0.00121127 0.000956744 0.000749255 0.000581717 0.000447731 0.00034161 0.000258379 0.000193751 0.000144086 0.000106339 7.80068e-05 5.70633e-05 4.19065e-05 3.13036e-05 2.43461e-05 2.04125e-05 
2.5543e-05 2.72248e-05 3.24249e-05 4.16153e-05 5.56054e-05 7.55771e-05 0.000103131 0.000140343 0.000189831 0.000254824 0.000339235 0.000447731 0.00058579 0.000759749 0.000976821 0.0012451 0.0015735 0.00197168 0.00244994 0.00301897 0.0036897 0.00447294 0.00537909 0.00641776 0.00759739 0.0089248 0.0104048 0.0120398 0.0138295 0.0157704 0.0178558 0.0200756 0.0224161 0.02486 0.0273871 0.0299738 0.032594 0.0352194 0.0378198 0.040364 0.0428204 0.0451574 0.0473443 0.0493515 0.0511518 0.0527201 0.0540346 0.0550769 0.0558321 0.0562896 0.0564428 0.0562896 0.0558321 0.0550769 0.0540346 0.0527201 0.0511518 0.0493515 0.0473443 0.0451574 0.0428204 0.040364 0.0378198 0.0352194 0.032594 0.0299738 0.0273871 0.02486 0.0224161 0.0200756 0.0178558 0.0157704 0.0138295 0.0120398 0.0104048 0.0089248 0.00759739 0.00641776 0.00537909 0.00447294 0.0036897 0.00301897 0.00244994 0.00197168 0.0015735 0.0012451 0.000976821 0.000759749 0.00058579 0.000447731 0.000339235 0.000254824 0.000189831 0.000140343 0.000103131 7.55771e-05 5.56054e-05 4.16153e-05 3.24249e-05 2.72248e-05 
3.37929e-05 3.59977e-05 4.28126e-05 5.48471e-05 7.31463e-05 9.92338e-05 0.000135169 0.000183617 0.000247933 0.000332241 0.000441527 0.000581717 0.000759749 0.000983613 0.00126238 0.00160618 0.00202613 0.00253423 0.00314316 0.00386609 0.00471633 0.00570698 0.00685052 0.00815837 0.00964037 0.0113043 0.0131553 0.0151957 0.0174241 0.0198356 0.022421 0.0251672 0.0280566 0.0310678 0.0341752 0.0373499 0.0405599 0.0437705 0.0469453 0.0500466 0.0530366 0.0558773 0.0585321 0.0609662 0.0631471 0.0650454 0.0666354 0.0678952 0.0688078 0.0693603 0.0695454 0.0693603 0.0688078 0.0678952 0.0666354 0.0650454 0.0631471 0.0609662 0.0585321 0.0558773 0.0530366 0.0500466 0.0469453 0.0437705 0.0405599 0.0373499 0.0341752 0.0310678 0.0280566 0.0251672 0.022421 0.0198356 0.0174241 0.0151957 0.0131553 0.0113043 0.00964037 0.00815837 0.00685052 0.00570698 0.00471633 0.00386609 0.00314316 0.00253423 0.00202613 0.00160618 0.00126238 0.000983613 0.000759749 0.000581717 0.000441527 0.000332241 0.000247933 0.000183617 0.000135169 9.92338e-05 7.31463e-05 5.48471e-05 4.28126e-05 3.59977e-05 
4.43234e-05 4.71891e-05 5.60428e-05 7.16653e-05 9.53938e-05 0.000129175 0.000175634 0.000238165 0.000321025 0.000429436 0.000569694 0.000749255 0.000976821 0.00126238 0.00161723 0.00205392 0.00258619 0.00322877 0.00399718 0.00490741 0.00597551 0.00721717 0.00864721 0.010279 0.0121238 0.0141902 0.0164839 0.0190063 0.021755 0.0247228 0.0278977 0.0312625 0.0347954 0.0384693 0.042253 0.0461111 0.0500045 0.0538917 0.0577289 0.0614712 0.0650735 0.0684912 0.0716812 0.0746024 0.077217 0.0794908 0.0813938 0.0829008 0.0839918 0.0846523 0.0848734 0.0846523 0.0839918 0.0829008 0.0813938 0.0794908 0.077217 0.0746024 0.0716812 0.0684912 0.0650735 0.0614712 0.0577289 0.0538917 0.0500045 0.0461111 0.042253 0.0384693 0.0347954 0.0312625 0.0278977 0.0247228 0.021755 0.0190063 0.0164839 0.0141902 0.0121238 0.010279 0.00864721 0.00721717 0.00597551 0.00490741 0.00399718 0.00322877 0.00258619 0.00205392 0.00161723 0.00126238 0.000976821 0.000749255 0.000569694 0.000429436 0.000321025 0.000238165 0.000175634 0.000129175 9.53938e-05 7.16653e-05 5.60428e-05 4.71891e-05 
5.76389e-05 6.13315e-05 7.27352e-05 9.2841e-05 0.000123345 0.000166711 0.000226261 0.000306272 0.000412101 0.000550302 0.000728749 0.000956744 0.0012451 0.00160618 0.00205392 0.00260375 0.00327244 0.00407793 0.00503899 0.00617484 0.00750465 0.00904698 0.0108192 0.0128366 0.0151121 0.017655 0.0204709 0.0235604 0.0269192 0.0305373 0.0343991 0.0384828 0.0427608 0.0472002 0.0517625 0.056405 0.0610808 0.0657404 0.0703317 0.0748019 0.079098 0.0831679 0.0869615 0.0904312 0.0935334 0.0962286 0.0984825 0.100266 0.101557 0.102338 0.102599 0.102338 0.101557 0.100266 0.0984825 0.0962286 0.0935334 0.0904312 0.0869615 0.0831679 0.079098 0.0748019 0.0703317 0.0657404 0.0610808 0.056405 0.0517625 0.0472002 0.0427608 0.0384828 0.0343991 0.0305373 0.0269192 0.0235604 0.0204709 0.017655 0.0151121 0.0128366 0.0108192 0.00904698 0.00750465 0.00617484 0.00503899 0.00407793 0.00327244 0.00260375 0.00205392 0.00160618 0.0012451 0.000956744 0.000728749 0.000550302 0.000412101 0.000306272 0.000226261 0.000166711 0.000123345 9.2841e-05 7.27352e-05 6.13315e-05 
7.43182e-05 7.90357e-05 9.35983e-05 0.000119253 0.000158132 0.00021333 0.000289004 0.000390507 0.000524515 0.000699181 0.000924267 0.00121127 0.0015735 0.00202613 0.00258619 0.00327244 0.0041052 0.00510608 0.00629755 0.00770246 0.00934344 0.0112422 0.0134188 0.0158907 0.0186721 0.021773 0.0251984 0.0289476 0.033014 0.0373839 0.0420371 0.0469463 0.0520774 0.0573901 0.0628381 0.0683701 0.0739305 0.0794605 0.0848995 0.0901856 0.0952574 0.100055 0.10452 0.108599 0.112241 0.115403 0.118045 0.120134 0.121645 0.122559 0.122865 0.122559 0.121645 0.120134 0.118045 0.115403 0.112241 0.108599 0.10452 0.100055 0.0952574 0.0901856 0.0848995 0.0794605 0.0739305 0.0683701 0.0628381 0.0573901 0.0520774 0.0469463 0.0420371 0.0373839 0.033014 0.0289476 0.0251984 0.021773 0.0186721 0.0158907 0.0134188 0.0112422 0.00934344 0.00770246 0.00629755 0.00510608 0.0041052 0.00327244 0.00258619 0.00202613 0.0015735 0.00121127 0.000924267 0.000699181 0.000524515 0.000390507 0.000289004 0.00021333 0.000158132 0.000119253 9.35983e-05 7.90357e-05 
9.50162e-05 0.000100992 0.000119431 0.00015189 0.000201024 0.000270684 0.000366036 0.000493711 0.000661963 0.00088084 0.00116234 0.00152054 0.00197168 0.00253423 0.00322877 0.00407793 0.00510608 0.00633897 0.00780325 0.00952582 0.0115331 0.0138501 0.0164998 0.0195016 0.022871 0.0266183 0.0307475 0.035256 0.0401339 0.0453631 0.0509178 0.0567642 0.0628605 0.0691579 0.0756012 0.0821293 0.0886772 0.095176 0.101555 0.107744 0.113671 0.119269 0.124471 0.129217 0.13345 0.137121 0.140185 0.142606 0.144357 0.145415 0.145769 0.145415 0.144357 0.142606 0.140185 0.137121 0.13345 0.129217 0.124471 0.119269 0.113671 0.107744 0.101555 0.095176 0.0886772 0.0821293 0.0756012 0.0691579 0.0628605 0.0567642 0.0509178 0.0453631 0.0401339 0.035256 0.0307475 0.0266183 0.022871 0.0195016 0.0164998 0.0138501 0.0115331 0.00952582 0.00780325 0.00633897 0.00510608 0.00407793 0.00322877 0.00253423 0.00197168 0.00152054 0.00116234 0.00088084 0.000661963 0.000493711 0.000366036 0.000270684 0.000201024 0.00015189 0.000119431 0.000100992 
0.000120462 0.000127968 0.00015112 0.000191841 0.000253415 0.00034059 0.000459728 0.000618974 0.000828445 0.00110042 0.0014495 0.00189279 0.00244994 0.00314316 0.00399718 0.00503899 0.00629755 0.00780325 0.00958737 0.0116812 0.0141153 0.0169182 0.0201155 0.0237289 0.0277747 0.0322629 0.0371961 0.0425689 0.0483673 0.0545677 0.0611378 0.0680357 0.0752111 0.0826056 0.0901536 0.0977837 0.10542 0.112983 0.120392 0.127566 0.134424 0.14089 0.14689 0.152356 0.157225 0.161442 0.164959 0.167737 0.169744 0.170957 0.171363 0.170957 0.169744 0.167737 0.164959 0.161442 0.157225 0.152356 0.14689 0.14089 0.134424 0.127566 0.120392 0.112983 0.10542 0.0977837 0.0901536 0.0826056 0.0752111 0.0680357 0.0611378 0.0545677 0.0483673 0.0425689 0.0371961 0.0322629 0.0277747 0.0237289 0.0201155 0.0169182 0.0141153 0.0116812 0.00958737 0.00780325 0.00629755 0.00503899 0.00399718 0.00314316 0.00244994 0.00189279 0.0014495 0.00110042 0.000828445 0.000618974 0.000459728 0.00034059 0.000253415 0.000191841 0.00015112 0.000127968 
0.000151452 0.000160802 0.000189629 0.000240293 0.000316814 0.000425001 0.000572621 0.000769596 0.00102822 0.00136335 0.00179265 0.00233667 0.00301897 0.00386609 0.00490741 0.00617484 0.00770246 0.00952582 0.0116812 0.0142047 0.0171312 0.0204927 0.0243178 0.0286297 0.0334453 0.0387738 0.0446157 0.0509618 0.0577927 0.0650787 0.0727792 0.0808435 0.0892112 0.0978131 0.106572 0.115406 0.124227 0.132944 0.141465 0.149699 0.157556 0.16495 0.171801 0.178032 0.183576 0.188372 0.192369 0.195522 0.197799 0.199175 0.199635 0.199175 0.197799 0.195522 0.192369 0.188372 0.183576 0.178032 0.171801 0.16495 0.157556 0.149699 0.141465 0.132944 0.124227 0.115406 0.106572 0.0978131 0.0892112 0.0808435 0.0727792 0.0650787 0.0577927 0.0509618 0.0446157 0.0387738 0.0334453 0.0286297 0.0243178 0.0204927 0.0171312 0.0142047 0.0116812 0.00952582 0.00770246 0.00617484 0.00490741 0.00386609 0.00301897 0.00233667 0.00179265 0.00136335 0.00102822 0.000769596 0.000572621 0.000425001 0.000316814 0.000240293 0.000189629 0.000160802 
0.000188846 0.000200397 0.000235995 0.000298508 0.000392822 0.000525982 0.000707389 0.000949028 0.0012657 0.00167528 0.00219887 0.00286101 0.0036897 0.00471633 0.00597551 0.00750465 0.00934344 0.0115331 0.0141153 0.0171312 0.0206199 0.0246174 0.0291546 0.0342562 0.039939 0.0462106 0.0530684 0.0604985 0.0684753 0.0769609 0.0859057 0.0952487 0.104918 0.114833 0.124904 0.135035 0.145128 0.155079 0.164785 0.174145 0.183059 0.191432 0.199176 0.206209 0.212458 0.217857 0.222351 0.225895 0.228452 0.229996 0.230513 0.229996 0.228452 0.225895 0.222351 0.217857 0.212458 0.206209 0.199176 0.191432 0.183059 0.174145 0.164785 0.155079 0.145128 0.135035 0.124904 0.114833 0.104918 0.0952487 0.0859057 0.0769609 0.0684753 0.0604985 0.0530684 0.0462106 0.039939 0.0342562 0.0291546 0.0246174 0.0206199 0.0171312 0.0141153 0.0115331 0.00934344 0.00750465 0.00597551 0.00471633 0.0036897 0.00286101 0.00219887 0.00167528 0.0012657 0.000949028 0.000707389 0.000525982 0.000392822 0.000298508 0.000235995 0.000200397 
0.000233546 0.000247699 0.000291299 0.000367806 0.000483103 0.000645666 0.000866781 0.0011608 0.00154541 0.00204189 0.00267529 0.00347465 0.00447294 0.00570698 0.00721717 0.00904698 0.0112422 0.0138501 0.0169182 0.0204927 0.0246174 0.0293316 0.0346686 0.0406538 0.0473033 0.0546224 0.0626041 0.0712286 0.0804626 0.0902591 0.100558 0.111286 0.12236 0.133685 0.145158 0.156672 0.168112 0.179366 0.190317 0.200855 0.210869 0.220258 0.228927 0.236786 0.243759 0.249777 0.25478 0.258721 0.261563 0.263279 0.263853 0.263279 0.261563 0.258721 0.25478 0.249777 0.243759 0.236786 0.228927 0.220258 0.210869 0.200855 0.190317 0.179366 0.168112 0.156672 0.145158 0.133685 0.12236 0.111286 0.100558 0.0902591 0.0804626 0.0712286 0.0626041 0.0546224 0.0473033 0.0406538 0.0346686 0.0293316 0.0246174 0.0204927 0.0169182 0.0138501 0.0112422 0.00904698 0.00721717 0.00570698 0.00447294 0.00347465 0.00267529 0.00204189 0.00154541 0.0011608 0.000866781 0.000645666 0.000483103 0.000367806 0.000291299 0.000247699 
0.000286483 0.000303685 0.000356656 0.000449532 0.000589345 0.000786205 0.00105355 0.00140843 0.0018718 0.00246878 0.00322889 0.00418615 0.00537909 0.00685052 0.00864721 0.0108192 0.0134188 0.0164998 0.0201155 0.0243178 0.0291546 0.0346686 0.0408947 0.0478587 0.0555749 0.0640451 0.073257 0.0831834 0.0937819 0.104995 0.11675 0.128962 0.141532 0.154353 0.167307 0.180272 0.193122 0.205731 0.217972 0.229724 0.240868 0.251295 0.260904 0.269601 0.277305 0.283945 0.28946 0.2938 0.296927 0.298815 0.299446 0.298815 0.296927 0.2938 0.28946 0.283945 0.277305 0.269601 0.260904 0.251295 0.240868 0.229724 0.217972 0.205731 0.193122 0.180272 0.167307 0.154353 0.141532 0.128962 0.11675 0.104995 0.0937819 0.0831834 0.073257 0.0640451 0.0555749 0.0478587 0.0408947 0.0346686 0.0291546 0.0243178 0.0201155 0.0164998 0.0134188 0.0108192 0.00864721 0.00685052 0.00537909 0.00418615 0.00322889 0.00246878 0.0018718 0.00140843 0.00105355 0.000786205 0.000589345 0.000449532 0.000356656 0.000303685 
0.000348592 0.000369332 0.000433173 0.000545023 0.000713213 0.00094971 0.00127038 0.00169533 0.00224915 0.0029613 0.00386623 0.00500351 0.00641776 0.00815837 0.010279 0.0128366 0.0158907 0.0195016 0.0237289 0.0286297 0.0342562 0.0406538 0.0478587 0.0558958 0.064777 0.0744993 0.0850434 0.0963736 0.108437 0.121163 0.134467 0.148249 0.162395 0.176782 0.191279 0.205749 0.220053 0.234052 0.247609 0.260593 0.272878 0.284348 0.294897 0.304429 0.312858 0.320113 0.326131 0.330863 0.33427 0.336325 0.337012 0.336325 0.33427 0.330863 0.326131 0.320113 0.312858 0.304429 0.294897 0.284348 0.272878 0.260593 0.247609 0.234052 0.220053 0.205749 0.191279 0.176782 0.162395 0.148249 0.134467 0.121163 0.108437 0.0963736 0.0850434 0.0744993 0.064777 0.0558958 0.0478587 0.0406538 0.0342562 0.0286297 0.0237289 0.0195016 0.0158907 0.0128366 0.010279 0.00815837 0.00641776 0.00500351 0.00386623 0.0029613 0.00224915 0.00169533 0.00127038 0.00094971 0.000713213 0.000545023 0.000433173 0.000369332 
0.000420782 0.00044559 0.000521924 0.00065556 0.000856294 0.00113817 0.00151979 0.00202464 0.0026814 0.0035243 0.00459322 0.00593383 0.00759739 0.00964037 0.0121238 0.0151121 0.0186721 0.022871 0.0277747 0.0334453 0.039939 0.0473033 0.0555749 0.064777 0.0749176 0.0859876 0.0979595 0.110787 0.124405 0.138731 0.153663 0.169086 0.18487 0.200878 0.216962 0.232971 0.248753 0.264156 0.279035 0.293249 0.306667 0.319168 0.33064 0.340987 0.350122 0.357972 0.364475 0.369584 0.373259 0.375475 0.376215 0.375475 0.373259 0.369584 0.364475 0.357972 0.350122 0.340987 0.33064 0.319168 0.306667 0.293249 0.279035 0.264156 0.248753 0.232971 0.216962 0.200878 0.18487 0.169086 0.153663 0.138731 0.124405 0.110787 0.0979595 0.0859876 0.0749176 0.064777 0.0555749 0.0473033 0.039939 0.0334453 0.0277747 0.022871 0.0186721 0.0151121 0.0121238 0.00964037 0.00759739 0.00593383 0.00459322 0.0035243 0.0026814 0.00202464 0.00151979 0.00113817 0.000856294 0.00065556 0.000521924 0.00044559 
0.000503904 0.000533347 0.000623905 0.000782325 0.00102003 0.00135339 0.00180402 0.00239915 0.00317197 0.00416192 0.00541485 0.00698301 0.0089248 0.0113043 0.0141902 0.017655 0.021773 0.0266183 0.0322629 0.0387738 0.0462106 0.0546224 0.0640451 0.0744993 0.0859876 0.0984933 0.111979 0.126387 0.141638 0.157634 0.174257 0.191376 0.208844 0.226506 0.2442 0.261761 0.279023 0.295824 0.31201 0.327432 0.341955 0.355453 0.367814 0.378941 0.388746 0.39716 0.404121 0.409583 0.413509 0.415875 0.416665 0.415875 0.413509 0.409583 0.404121 0.39716 0.388746 0.378941 0.367814 0.355453 0.341955 0.327432 0.31201 0.295824 0.279023 0.261761 0.2442 0.226506 0.208844 0.191376 0.174257 0.157634 0.141638 0.126387 0.111979 0.0984933 0.0859876 0.0744993 0.0640451 0.0546224 0.0462106 0.0387738 0.0322629 0.0266183 0.021773 0.017655 0.0141902 0.0113043 0.0089248 0.00698301 0.00541485 0.00416192 0.00317197 0.00239915 0.00180402 0.00135339 0.00102003 0.000782325 0.000623905 0.000533347 
0.000598715 0.000633388 0.000739993 0.000926346 0.00120568 0.00159689 0.00212493 0.00282114 0.0037236 0.00487744 0.00633491 0.00815536 0.0104048 0.0131553 0.0164839 0.0204709 0.0251984 0.0307475 0.0371961 0.0446157 0.0530684 0.0626041 0.073257 0.0850434 0.0979595 0.111979 0.127054 0.143112 0.160059 0.177779 0.196139 0.214989 0.234164 0.253494 0.272799 0.291902 0.310624 0.328794 0.346249 0.362837 0.378416 0.392861 0.406059 0.417914 0.428343 0.437276 0.444657 0.450441 0.454596 0.457098 0.457933 0.457098 0.454596 0.450441 0.444657 0.437276 0.428343 0.417914 0.406059 0.392861 0.378416 0.362837 0.346249 0.328794 0.310624 0.291902 0.272799 0.253494 0.234164 0.214989 0.196139 0.177779 0.160059 0.143112 0.127054 0.111979 0.0979595 0.0850434 0.073257 0.0626041 0.0530684 0.0446157 0.0371961 0.0307475 0.0251984 0.0204709 0.0164839 0.0131553 0.0104048 0.00815536 0.00633491 0.00487744 0.0037236 0.00282114 0.00212493 0.00159689 0.00120568 0.000926346 0.000739993 0.000633388 
0.000705838 0.000746358 0.000870895 0.00108844 0.00141418 0.00186982 0.0024839 0.00329222 0.00433816 0.00567295 0.00735571 0.00945331 0.0120398 0.0151957 0.0190063 0.0235604 0.0289476 0.035256 0.0425689 0.0509618 0.0604985 0.0712286 0.0831834 0.0963736 0.110787 0.126387 0.143112 0.160874 0.179563 0.199045 0.219168 0.239762 0.260648 0.281634 0.30253 0.323142 0.343282 0.362769 0.381436 0.399124 0.415692 0.431016 0.444983 0.457502 0.468492 0.47789 0.485644 0.491713 0.496068 0.498689 0.499564 0.498689 0.496068 0.491713 0.485644 0.47789 0.468492 0.457502 0.444983 0.431016 0.415692 0.399124 0.381436 0.362769 0.343282 0.323142 0.30253 0.281634 0.260648 0.239762 0.219168 0.199045 0.179563 0.160874 0.143112 0.126387 0.110787 0.0963736 0.0831834 0.0712286 0.0604985 0.0509618 0.0425689 0.035256 0.0289476 0.0235604 0.0190063 0.0151957 0.0120398 0.00945331 0.00735571 0.00567295 0.00433816 0.00329222 0.0024839 0.00186982 0.00141418 0.00108844 0.000870895 0.000746358 
0.000825719 0.000872716 0.0010171 0.00126915 0.00164617 0.00217286 0.00288168 0.0038132 0.00501647 0.00654922 0.00847784 0.0108771 0.0138295 0.0174241 0.021755 0.0269192 0.033014 0.0401339 0.0483673 0.0577927 0.0684753 0.0804626 0.0937819 0.108437 0.124405 0.141638 0.160059 0.179563 0.200022 0.221282 0.243173 0.265505 0.28808 0.310693 0.333134 0.3552 0.376694 0.397426 0.417225 0.435931 0.453405 0.469521 0.484176 0.497279 0.50876 0.518558 0.526629 0.532939 0.537463 0.540183 0.541091 0.540183 0.537463 0.532939 0.526629 0.518558 0.50876 0.497279 0.484176 0.469521 0.453405 0.435931 0.417225 0.397426 0.376694 0.3552 0.333134 0.310693 0.28808 0.265505 0.243173 0.221282 0.200022 0.179563 0.160059 0.141638 0.124405 0.108437 0.0937819 0.0804626 0.0684753 0.0577927 0.0483673 0.0401339 0.033014 0.0269192 0.021755 0.0174241 0.0138295 0.0108771 0.00847784 0.00654922 0.00501647 0.0038132 0.00288168 0.00217286 0.00164617 0.00126915 0.0010171 0.000872716 
0.000958592 0.00101269 0.00117885 0.00146869 0.00190183 0.00250618 0.00331835 0.00438399 0.00575817 0.00750547 0.00969991 0.0124245 0.0157704 0.0198356 0.0247228 0.0305373 0.0373839 0.0453631 0.0545677 0.0650787 0.0769609 0.0902591 0.104995 0.121163 0.138731 0.157634 0.177779 0.199045 0.221282 0.244318 0.267961 0.292003 0.316226 0.34041 0.364332 0.387777 0.410538 0.432424 0.453259 0.472884 0.491161 0.507973 0.523219 0.536819 0.548708 0.558836 0.567164 0.573666 0.578323 0.581121 0.582055 0.581121 0.578323 0.573666 0.567164 0.558836 0.548708 0.536819 0.523219 0.507973 0.491161 0.472884 0.453259 0.432424 0.410538 0.387777 0.364332 0.34041 0.316226 0.292003 0.267961 0.244318 0.221282 0.199045 0.177779 0.157634 0.138731 0.121163 0.104995 0.0902591 0.0769609 0.0650787 0.0545677 0.0453631 0.0373839 0.0305373 0.0247228 0.0198356 0.0157704 0.0124245 0.00969991 0.00750547 0.00575817 0.00438399 0.00331835 0.00250618 0.00190183 0.00146869 0.00117885 0.00101269 
0.00110443 0.00116626 0.00135606 0.00168693 0.0021809 0.00286931 0.00379315 0.00500345 0.00656157 0.00853925 0.0110184 0.0140906 0.0178558 0.022421 0.0278977 0.0343991 0.0420371 0.0509178 0.0611378 0.0727792 0.0859057 0.100558 0.11675 0.134467 0.153663 0.174257 0.196139 0.219168 0.243173 0.267961 0.293319 0.319021 0.34483 0.370511 0.395828 0.420557 0.444485 0.467416 0.489174 0.509604 0.528574 0.545971 0.561705 0.575704 0.587914 0.598294 0.606815 0.613457 0.618209 0.621063 0.622014 0.621063 0.618209 0.613457 0.606815 0.598294 0.587914 0.575704 0.561705 0.545971 0.528574 0.509604 0.489174 0.467416 0.444485 0.420557 0.395828 0.370511 0.34483 0.319021 0.293319 0.267961 0.243173 0.219168 0.196139 0.174257 0.153663 0.134467 0.11675 0.100558 0.0859057 0.0727792 0.0611378 0.0509178 0.0420371 0.0343991 0.0278977 0.022421 0.0178558 0.0140906 0.0110184 0.00853925 0.00656157 0.00500345 0.00379315 0.00286931 0.0021809 0.00168693 0.00135606 0.00116626 
0.00126294 0.00133307 0.00154831 0.00192328 0.00248258 0.0032611 0.00430447 0.0056693 0.00742351 0.00964625 0.0124276 0.0158677 0.0200756 0.0251672 0.0312625 0.0384828 0.0469463 0.0567642 0.0680357 0.0808435 0.0952487 0.111286 0.128962 0.148249 0.169086 0.191376 0.214989 0.239762 0.265505 0.292003 0.319021 0.346313 0.373628 0.400713 0.427323 0.453225 0.478202 0.502056 0.524615 0.545727 0.565267 0.583133 0.599245 0.613542 0.625981 0.636533 0.645179 0.651909 0.656717 0.659603 0.660564 0.659603 0.656717 0.651909 0.645179 0.636533 0.625981 0.613542 0.599245 0.583133 0.565267 0.545727 0.524615 0.502056 0.478202 0.453225 0.427323 0.400713 0.373628 0.346313 0.319021 0.292003 0.265505 0.239762 0.214989 0.191376 0.169086 0.148249 0.128962 0.111286 0.0952487 0.0808435 0.0680357 0.0567642 0.0469463 0.0384828 0.0312625 0.0251672 0.0200756 0.0158677 0.0124276 0.00964625 0.00742351 0.0056693 0.00430447 0.0032611 0.00248258 0.00192328 0.00154831 0.00133307 
0.00143347 0.00151246 0.00175481 0.00217672 0.00280547 0.00367968 0.00484975 0.0063781 0.00833937 0.0108203 0.0139192 0.0177452 0.0224161 0.0280566 0.0347954 0.0427608 0.0520774 0.0628605 0.0752111 0.0892112 0.104918 0.12236 0.141532 0.162395 0.18487 0.208844 0.234164 0.260648 0.28808 0.316226 0.34483 0.373628 0.40235 0.430732 0.458519 0.485471 0.511369 0.536016 0.559243 0.580907 0.600891 0.619106 0.635482 0.649974 0.66255 0.673193 0.681897 0.688661 0.693488 0.696382 0.697346 0.696382 0.693488 0.688661 0.681897 0.673193 0.66255 0.649974 0.635482 0.619106 0.600891 0.580907 0.559243 0.536016 0.511369 0.485471 0.458519 0.430732 0.40235 0.373628 0.34483 0.316226 0.28808 0.260648 0.234164 0.208844 0.18487 0.162395 0.141532 0.12236 0.104918 0.0892112 0.0752111 0.0628605 0.0520774 0.0427608 0.0347954 0.0280566 0.0224161 0.0177452 0.0139192 0.0108203 0.00833937 0.0063781 0.00484975 0.00367968 0.00280547 0.00217672 0.00175481 0.00151246 
0.00161509 0.00170342 0.00197435 0.00244574 0.00314761 0.00412243 0.0054255 0.00712517 0.00930297 0.0120533 0.0154829 0.0197095 0.02486 0.0310678 0.0384693 0.0472002 0.0573901 0.0691579 0.0826056 0.0978131 0.114833 0.133685 0.154353 0.176782 0.200878 0.226506 0.253494 0.281634 0.310693 0.34041 0.370511 0.400713 0.430732 0.460292 0.489129 0.516999 0.543682 0.568985 0.592745 0.614829 0.635131 0.653573 0.670103 0.684687 0.697309 0.707965 0.716662 0.723409 0.728217 0.731097 0.732057 0.731097 0.728217 0.723409 0.716662 0.707965 0.697309 0.684687 0.670103 0.653573 0.635131 0.614829 0.592745 0.568985 0.543682 0.516999 0.489129 0.460292 0.430732 0.400713 0.370511 0.34041 0.310693 0.281634 0.253494 0.226506 0.200878 0.176782 0.154353 0.133685 0.114833 0.0978131 0.0826056 0.0691579 0.0573901 0.0472002 0.0384693 0.0310678 0.02486 0.0197095 0.0154829 0.0120533 0.00930297 0.00712517 0.0054255 0.00412243 0.00314761 0.00244574 0.00197435 0.00170342 
0.00180647 0.00190456 0.00220534 0.00272834 0.00350641 0.00458595 0.00602724 0.00790464 0.0103066 0.0133353 0.0171059 0.0217446 0.0273871 0.0341752 0.042253 0.0517625 0.0628381 0.0756012 0.0901536 0.106572 0.124904 0.145158 0.167307 0.191279 0.216962 0.2442 0.272799 0.30253 0.333134 0.364332 0.395828 0.427323 0.458519 0.489129 0.518883 0.547534 0.574865 0.600686 0.624845 0.647217 0.667712 0.686265 0.70284 0.717419 0.730002 0.740598 0.749226 0.755908 0.760663 0.763509 0.764456 0.763509 0.760663 0.755908 0.749226 0.740598 0.730002 0.717419 0.70284 0.686265 0.667712 0.647217 0.624845 0.600686 0.574865 0.547534 0.518883 0.489129 0.458519 0.427323 0.395828 0.364332 0.333134 0.30253 0.272799 0.2442 0.216962 0.191279 0.167307 0.145158 0.124904 0.106572 0.0901536 0.0756012 0.0628381 0.0517625 0.042253 0.0341752 0.0273871 0.0217446 0.0171059 0.0133353 0.0103066 0.00790464 0.00602724 0.00458595 0.00350641 0.00272834 0.00220534 0.00190456 
0.00200597 0.00211415 0.00244576 0.00302206 0.00387872 0.00506612 0.00664957 0.00870946 0.0113412 0.0146547 0.0187731 0.0238315 0.0299738 0.0373499 0.0461111 0.056405 0.0683701 0.0821293 0.0977837 0.115406 0.135035 0.156672 0.180272 0.205749 0.232971 0.261761 0.291902 0.323142 0.3552 0.387777 0.420557 0.453225 0.485471 0.516999 0.547534 0.57683 0.604671 0.630877 0.655302 0.677838 0.698408 0.716963 0.733483 0.747968 0.760431 0.7709 0.779404 0.785977 0.790649 0.793441 0.79437 0.793441 0.790649 0.785977 0.779404 0.7709 0.760431 0.747968 0.733483 0.716963 0.698408 0.677838 0.655302 0.630877 0.604671 0.57683 0.547534 0.516999 0.485471 0.453225 0.420557 0.387777 0.3552 0.323142 0.291902 0.261761 0.232971 0.205749 0.180272 0.156672 0.135035 0.115406 0.0977837 0.0821293 0.0683701 0.056405 0.0461111 0.0373499 0.0299738 0.0238315 0.0187731 0.0146547 0.0113412 0.00870946 0.00664957 0.00506612 0.00387872 0.00302206 0.00244576 0.00211415 
0.00221161 0.0023301 0.00269322 0.00332394 0.0042608 0.00555812 0.00728623 0.00953153 0.0123963 0.015998 0.0204678 0.0259491 0.032594 0.0405599 0.0500045 0.0610808 0.0739305 0.0886772 0.10542 0.124227 0.145128 0.168112 0.193122 0.220053 0.248753 0.279023 0.310624 0.343282 0.376694 0.410538 0.444485 0.478202 0.511369 0.543682 0.574865 0.604671 0.632891 0.659352 0.683923 0.706507 0.727042 0.7455 0.761875 0.776185 0.78846 0.798742 0.807075 0.813502 0.818062 0.820786 0.821691 0.820786 0.818062 0.813502 0.807075 0.798742 0.78846 0.776185 0.761875 0.7455 0.727042 0.706507 0.683923 0.659352 0.632891 0.604671 0.574865 0.543682 0.511369 0.478202 0.444485 0.410538 0.376694 0.343282 0.310624 0.279023 0.248753 0.220053 0.193122 0.168112 0.145128 0.124227 0.10542 0.0886772 0.0739305 0.0610808 0.0500045 0.0405599 0.032594 0.0259491 0.0204678 0.015998 0.0123963 0.00953153 0.00728623 0.00555812 0.0042608 0.00332394 0.00269322 0.0023301 
0.0024211 0.00255001 0.00294496 0.00363064 0.00464841 0.0060565 0.00793018 0.0103618 0.0134603 0.0173505 0.0221715 0.0280745 0.0352194 0.0437705 0.0538917 0.0657404 0.0794605 0.095176 0.112983 0.132944 0.155079 0.179366 0.205731 0.234052 0.264156 0.295824 0.328794 0.362769 0.397426 0.432424 0.467416 0.502056 0.536016 0.568985 0.600686 0.630877 0.659352 0.685952 0.710556 0.733083 0.75349 0.771763 0.787915 0.801982 0.81401 0.824056 0.832176 0.838427 0.842854 0.845496 0.846373 0.845496 0.842854 0.838427 0.832176 0.824056 0.81401 0.801982 0.787915 0.771763 0.75349 0.733083 0.710556 0.685952 0.659352 0.630877 0.600686 0.568985 0.536016 0.502056 0.467416 0.432424 0.397426 0.362769 0.328794 0.295824 0.264156 0.234052 0.205731 0.179366 0.155079 0.132944 0.112983 0.095176 0.0794605 0.0657404 0.0538917 0.0437705 0.0352194 0.0280745 0.0221715 0.0173505 0.0134603 0.0103618 0.00793018 0.0060565 0.00464841 0.00363064 0.00294496 0.00255001 
