1.93196e-14 2.71597e-14 5.63163e-14 1.27205e-13 2.87355e-13 6.38782e-13 1.39338e-12 2.98089e-12 6.25373e-12 1.28659e-11 2.59569e-11 5.13558e-11 9.96473e-11 1.89631e-10 3.53956e-10 6.48078e-10 1.16408e-09 2.05149e-09 3.54758e-09 6.02044e-09 1.0028e-08 1.63961e-08 2.63189e-08 4.14804e-08 6.41972e-08 9.75734e-08 1.45656e-07 2.13571e-07 3.07611e-07 4.35244e-07 6.04999e-07 8.26206e-07 1.10854e-06 1.46136e-06 1.89293e-06 2.4094e-06 3.01382e-06 3.70517e-06 4.4776e-06 5.31997e-06 6.21584e-06 7.14393e-06 8.07903e-06 8.99335e-06 9.85803e-06 1.06448e-05 1.13276e-05 1.18836e-05 1.22943e-05 1.25462e-05 1.26311e-05 1.25462e-05 1.22943e-05 1.18836e-05 1.13276e-05 1.06448e-05 9.85803e-06 8.99335e-06 8.07903e-06 7.14393e-06 6.21584e-06 5.31997e-06 4.4776e-06 3.70517e-06 3.01382e-06 2.4094e-06 1.89293e-06 1.46136e-06 1.10854e-06 8.26206e-07 6.04999e-07 4.35244e-07 3.07611e-07 2.13571e-07 1.45656e-07 9.75734e-08 6.41972e-08 4.14804e-08 2.63189e-08 1.63961e-08 1.0028e-08 6.02044e-09 3.54758e-09 2.05149e-09 1.16408e-09 6.48078e-10 3.53956e-10 1.89631e-10 9.96473e-11 5.13558e-11 2.59569e-11 1.28659e-11 6.25373e-12 2.98089e-12 1.39338e-12 6.38782e-13 2.87355e-13 1.27205e-13 5.63163e-14 2.71597e-14 
2.71597e-14 3.8123e-14 7.8847e-14 1.77673e-13 4.00452e-13 8.88178e-13 1.93296e-12 4.12566e-12 8.63505e-12 1.77226e-11 3.56686e-11 7.03961e-11 1.3625e-10 2.58625e-10 4.81491e-10 8.79277e-10 1.57517e-09 2.7685e-09 4.77453e-09 8.08055e-09 1.34226e-08 2.18863e-08 3.50356e-08 5.50685e-08 8.49975e-08 1.28845e-07 1.91836e-07 2.80566e-07 4.03101e-07 5.6898e-07 7.89057e-07 1.07515e-06 1.43948e-06 1.89379e-06 2.44836e-06 3.11074e-06 3.88453e-06 4.76812e-06 5.7538e-06 6.82719e-06 7.96726e-06 9.14692e-06 1.03342e-05 1.1494e-05 1.25899e-05 1.35864e-05 1.44506e-05 1.5154e-05 1.56734e-05 1.59919e-05 1.60992e-05 1.59919e-05 1.56734e-05 1.5154e-05 1.44506e-05 1.35864e-05 1.25899e-05 1.1494e-05 1.03342e-05 9.14692e-06 7.96726e-06 6.82719e-06 5.7538e-06 4.76812e-06 3.88453e-06 3.11074e-06 2.44836e-06 1.89379e-06 1.43948e-06 1.07515e-06 7.89057e-07 5.6898e-07 4.03101e-07 2.80566e-07 1.91836e-07 1.28845e-07 8.49975e-08 5.50685e-08 3.50356e-08 2.18863e-08 1.34226e-08 8.08055e-09 4.77453e-09 2.7685e-09 1.57517e-09 8.79277e-10 4.81491e-10 2.58625e-10 1.3625e-10 7.03961e-11 3.56686e-11 1.77226e-11 8.63505e-12 4.12566e-12 1.93296e-12 8.88178e-13 4.00452e-13 1.77673e-13 7.8847e-14 3.8123e-14 
5.63163e-14 7.8847e-14 1.62376e-13 3.64436e-13 8.18251e-13 1.8079e-12 3.91938e-12 8.33257e-12 1.73705e-11 3.55062e-11 7.11635e-11 1.39856e-10 2.69521e-10 5.09352e-10 9.44039e-10 1.71612e-09 3.06011e-09 5.35319e-09 9.1882e-09 1.54757e-08 2.55823e-08 4.15107e-08 6.61268e-08 1.03432e-07 1.58875e-07 2.3968e-07 3.55174e-07 5.17044e-07 7.39494e-07 1.0392e-06 1.435e-06 1.94726e-06 2.59682e-06 3.40354e-06 4.38451e-06 5.55196e-06 6.91111e-06 8.45819e-06 1.01789e-05 1.20477e-05 1.40275e-05 1.60714e-05 1.81244e-05 2.01261e-05 2.20145e-05 2.37291e-05 2.52145e-05 2.64223e-05 2.73135e-05 2.78597e-05 2.80438e-05 2.78597e-05 2.73135e-05 2.64223e-05 2.52145e-05 2.37291e-05 2.20145e-05 2.01261e-05 1.81244e-05 1.60714e-05 1.40275e-05 1.20477e-05 1.01789e-05 8.45819e-06 6.91111e-06 5.55196e-06 4.38451e-06 3.40354e-06 2.59682e-06 1.94726e-06 1.435e-06 1.0392e-06 7.39494e-07 5.17044e-07 3.55174e-07 2.3968e-07 1.58875e-07 1.03432e-07 6.61268e-08 4.15107e-08 2.55823e-08 1.54757e-08 9.1882e-09 5.35319e-09 3.06011e-09 1.71612e-09 9.44039e-10 5.09352e-10 2.69521e-10 1.39856e-10 7.11635e-11 3.55062e-11 1.73705e-11 8.33257e-12 3.91938e-12 1.8079e-12 8.18251e-13 3.64436e-13 1.62376e-13 7.8847e-14 
1.27205e-13 1.77673e-13 3.64436e-13 8.14895e-13 1.82311e-12 4.01377e-12 8.6701e-12 1.8365e-11 3.81415e-11 7.76664e-11 1.55059e-10 3.03527e-10 5.82573e-10 1.09643e-09 2.02358e-09 3.6628e-09 6.50284e-09 1.13252e-08 1.9351e-08 3.24442e-08 5.33849e-08 8.62217e-08 1.36711e-07 2.12838e-07 3.25403e-07 4.88638e-07 7.20784e-07 1.04456e-06 1.48737e-06 2.08117e-06 2.86183e-06 3.86775e-06 5.13793e-06 6.70909e-06 8.61234e-06 1.08692e-05 1.34877e-05 1.64588e-05 1.97536e-05 2.3322e-05 2.70931e-05 3.09773e-05 3.48705e-05 3.86595e-05 4.22283e-05 4.54642e-05 4.8264e-05 5.05384e-05 5.22155e-05 5.3243e-05 5.3589e-05 5.3243e-05 5.22155e-05 5.05384e-05 4.8264e-05 4.54642e-05 4.22283e-05 3.86595e-05 3.48705e-05 3.09773e-05 2.70931e-05 2.3322e-05 1.97536e-05 1.64588e-05 1.34877e-05 1.08692e-05 8.61234e-06 6.70909e-06 5.13793e-06 3.86775e-06 2.86183e-06 2.08117e-06 1.48737e-06 1.04456e-06 7.20784e-07 4.88638e-07 3.25403e-07 2.12838e-07 1.36711e-07 8.62217e-08 5.33849e-08 3.24442e-08 1.9351e-08 1.13252e-08 6.50284e-09 3.6628e-09 2.02358e-09 1.09643e-09 5.82573e-10 3.03527e-10 1.55059e-10 7.76664e-11 3.81415e-11 1.8365e-11 8.6701e-12 4.01377e-12 1.82311e-12 8.14895e-13 3.64436e-13 1.77673e-13 
2.87355e-13 4.00452e-13 8.18251e-13 1.82311e-12 4.0648e-12 8.91855e-12 1.91984e-11 4.05235e-11 8.38615e-11 1.70144e-10 3.38431e-10 6.59973e-10 1.26183e-09 2.36549e-09 4.34826e-09 7.83839e-09 1.38581e-08 2.40326e-08 4.08868e-08 6.82523e-08 1.11809e-07 1.79778e-07 2.83774e-07 4.39809e-07 6.694e-07 1.00071e-06 1.46962e-06 2.1205e-06 3.00652e-06 4.18927e-06 5.7373e-06 7.72353e-06 1.02212e-05 1.32987e-05 1.70126e-05 2.14009e-05 2.64756e-05 3.22155e-05 3.85624e-05 4.54178e-05 5.26447e-05 6.00715e-05 6.75004e-05 7.47173e-05 8.15038e-05 8.76489e-05 9.29595e-05 9.72696e-05 0.000100446 0.00010239 0.000103045 0.00010239 0.000100446 9.72696e-05 9.29595e-05 8.76489e-05 8.15038e-05 7.47173e-05 6.75004e-05 6.00715e-05 5.26447e-05 4.54178e-05 3.85624e-05 3.22155e-05 2.64756e-05 2.14009e-05 1.70126e-05 1.32987e-05 1.02212e-05 7.72353e-06 5.7373e-06 4.18927e-06 3.00652e-06 2.1205e-06 1.46962e-06 1.00071e-06 6.694e-07 4.39809e-07 2.83774e-07 1.79778e-07 1.11809e-07 6.82523e-08 4.08868e-08 2.40326e-08 1.38581e-08 7.83839e-09 4.34826e-09 2.36549e-09 1.26183e-09 6.59973e-10 3.38431e-10 1.70144e-10 8.38615e-11 4.05235e-11 1.91984e-11 8.91855e-12 4.0648e-12 1.82311e-12 8.18251e-13 4.00452e-13 
6.38782e-13 8.88178e-13 1.8079e-12 4.01377e-12 8.91855e-12 1.95016e-11 4.18358e-11 8.79977e-11 1.81461e-10 3.66831e-10 7.26968e-10 1.41233e-09 2.68996e-09 5.02302e-09 9.19654e-09 1.65107e-08 2.90696e-08 5.01997e-08 8.50387e-08 1.41337e-07 2.30515e-07 3.68996e-07 5.79841e-07 8.94632e-07 1.35553e-06 2.01737e-06 2.94951e-06 4.23716e-06 5.98173e-06 8.29979e-06 1.13201e-05 1.51786e-05 2.00105e-05 2.594e-05 3.30686e-05 4.14613e-05 5.11335e-05 6.2039e-05 7.40617e-05 8.70121e-05 0.00010063 0.000114592 0.000128529 0.000142043 0.00015473 0.000166201 0.000176104 0.000184132 0.000190044 0.000193662 0.00019488 0.000193662 0.000190044 0.000184132 0.000176104 0.000166201 0.00015473 0.000142043 0.000128529 0.000114592 0.00010063 8.70121e-05 7.40617e-05 6.2039e-05 5.11335e-05 4.14613e-05 3.30686e-05 2.594e-05 2.00105e-05 1.51786e-05 1.13201e-05 8.29979e-06 5.98173e-06 4.23716e-06 2.94951e-06 2.01737e-06 1.35553e-06 8.94632e-07 5.79841e-07 3.68996e-07 2.30515e-07 1.41337e-07 8.50387e-08 5.01997e-08 2.90696e-08 1.65107e-08 9.19654e-09 5.02302e-09 2.68996e-09 1.41233e-09 7.26968e-10 3.66831e-10 1.81461e-10 8.79977e-11 4.18358e-11 1.95016e-11 8.91855e-12 4.01377e-12 1.8079e-12 8.88178e-13 
1.39338e-12 1.93296e-12 3.91938e-12 8.6701e-12 1.91984e-11 4.18358e-11 8.94364e-11 1.87458e-10 3.85174e-10 7.75804e-10 1.53174e-09 2.96455e-09 5.62452e-09 1.04614e-08 1.90764e-08 3.41077e-08 5.98004e-08 1.02828e-07 1.73436e-07 2.86987e-07 4.65974e-07 7.42541e-07 1.16152e-06 1.78391e-06 2.69057e-06 3.98596e-06 5.80127e-06 8.2965e-06 1.16607e-05 1.61095e-05 2.18793e-05 2.9217e-05 3.83659e-05 4.95467e-05 6.29353e-05 7.8639e-05 9.66727e-05 0.000116938 0.000139211 0.000163133 0.000188222 0.000213884 0.000239443 0.000264179 0.000287361 0.000308291 0.000326335 0.000340951 0.000351705 0.000358283 0.000360497 0.000358283 0.000351705 0.000340951 0.000326335 0.000308291 0.000287361 0.000264179 0.000239443 0.000213884 0.000188222 0.000163133 0.000139211 0.000116938 9.66727e-05 7.8639e-05 6.29353e-05 4.95467e-05 3.83659e-05 2.9217e-05 2.18793e-05 1.61095e-05 1.16607e-05 8.2965e-06 5.80127e-06 3.98596e-06 2.69057e-06 1.78391e-06 1.16152e-06 7.42541e-07 4.65974e-07 2.86987e-07 1.73436e-07 1.02828e-07 5.98004e-08 3.41077e-08 1.90764e-08 1.04614e-08 5.62452e-09 2.96455e-09 1.53174e-09 7.75804e-10 3.85174e-10 1.87458e-10 8.94364e-11 4.18358e-11 1.91984e-11 8.6701e-12 3.91938e-12 1.93296e-12 
2.98089e-12 4.12566e-12 8.33257e-12 1.8365e-11 4.05235e-11 8.79977e-11 1.87458e-10 3.91506e-10 8.01509e-10 1.6084e-09 3.16365e-09 6.09945e-09 1.15269e-08 2.13539e-08 3.87803e-08 6.90487e-08 1.20548e-07 2.06388e-07 3.46574e-07 5.70915e-07 9.22769e-07 1.46369e-06 2.27896e-06 3.48376e-06 5.22975e-06 7.71138e-06 1.11711e-05 1.59022e-05 2.22489e-05 3.06002e-05 4.1379e-05 5.50227e-05 7.19574e-05 9.25633e-05 0.000117136 0.000145845 0.000178691 0.000215474 0.000255768 0.000298917 0.000344044 0.000390085 0.000435838 0.000480025 0.000521363 0.000558627 0.000590711 0.000616671 0.000635756 0.000647425 0.000651351 0.000647425 0.000635756 0.000616671 0.000590711 0.000558627 0.000521363 0.000480025 0.000435838 0.000390085 0.000344044 0.000298917 0.000255768 0.000215474 0.000178691 0.000145845 0.000117136 9.25633e-05 7.19574e-05 5.50227e-05 4.1379e-05 3.06002e-05 2.22489e-05 1.59022e-05 1.11711e-05 7.71138e-06 5.22975e-06 3.48376e-06 2.27896e-06 1.46369e-06 9.22769e-07 5.70915e-07 3.46574e-07 2.06388e-07 1.20548e-07 6.90487e-08 3.87803e-08 2.13539e-08 1.15269e-08 6.09945e-09 3.16365e-09 1.6084e-09 8.01509e-10 3.91506e-10 1.87458e-10 8.79977e-11 4.05235e-11 1.8365e-11 8.33257e-12 4.12566e-12 
6.25373e-12 8.63505e-12 1.73705e-11 3.81415e-11 8.38615e-11 1.81461e-10 3.85174e-10 8.01509e-10 1.63483e-09 3.26831e-09 6.404e-09 1.22986e-08 2.31499e-08 4.27118e-08 7.72469e-08 1.36958e-07 2.38077e-07 4.05815e-07 6.78409e-07 1.11246e-06 1.78975e-06 2.82558e-06 4.37856e-06 6.66137e-06 9.95194e-06 1.46039e-05 2.10546e-05 2.98294e-05 4.15388e-05 5.68675e-05 7.65523e-05 0.000101348 0.000131979 0.000169081 0.000213134 0.00026439 0.000322805 0.000387982 0.000459137 0.000535093 0.000614298 0.000694892 0.000774788 0.000851785 0.000923678 0.00098838 0.00104401 0.00108897 0.001122 0.00114218 0.00114897 0.00114218 0.001122 0.00108897 0.00104401 0.00098838 0.000923678 0.000851785 0.000774788 0.000694892 0.000614298 0.000535093 0.000459137 0.000387982 0.000322805 0.00026439 0.000213134 0.000169081 0.000131979 0.000101348 7.65523e-05 5.68675e-05 4.15388e-05 2.98294e-05 2.10546e-05 1.46039e-05 9.95194e-06 6.66137e-06 4.37856e-06 2.82558e-06 1.78975e-06 1.11246e-06 6.78409e-07 4.05815e-07 2.38077e-07 1.36958e-07 7.72469e-08 4.27118e-08 2.31499e-08 1.22986e-08 6.404e-09 3.26831e-09 1.63483e-09 8.01509e-10 3.85174e-10 1.81461e-10 8.38615e-11 3.81415e-11 1.73705e-11 8.63505e-12 
1.28659e-11 1.77226e-11 3.55062e-11 7.76664e-11 1.70144e-10 3.66831e-10 7.75804e-10 1.6084e-09 3.26831e-09 6.50895e-09 1.27042e-08 2.43012e-08 4.55578e-08 8.37083e-08 1.50755e-07 2.6614e-07 4.60611e-07 7.81631e-07 1.30072e-06 2.12304e-06 3.3995e-06 5.34134e-06 8.23697e-06 1.24702e-05 1.85387e-05 2.70705e-05 3.88361e-05 5.47527e-05 7.5877e-05 0.000103383 0.000138521 0.000182556 0.000236685 0.00030194 0.000379068 0.000468418 0.00056983 0.000682548 0.000805163 0.000935611 0.00107122 0.00120883 0.00134489 0.00147571 0.00159762 0.00170715 0.00180118 0.00187709 0.00193279 0.00196682 0.00197825 0.00196682 0.00193279 0.00187709 0.00180118 0.00170715 0.00159762 0.00147571 0.00134489 0.00120883 0.00107122 0.000935611 0.000805163 0.000682548 0.00056983 0.000468418 0.000379068 0.00030194 0.000236685 0.000182556 0.000138521 0.000103383 7.5877e-05 5.47527e-05 3.88361e-05 2.70705e-05 1.85387e-05 1.24702e-05 8.23697e-06 5.34134e-06 3.3995e-06 2.12304e-06 1.30072e-06 7.81631e-07 4.60611e-07 2.6614e-07 1.50755e-07 8.37083e-08 4.55578e-08 2.43012e-08 1.27042e-08 6.50895e-09 3.26831e-09 1.6084e-09 7.75804e-10 3.66831e-10 1.70144e-10 7.76664e-11 3.55062e-11 1.77226e-11 
2.59569e-11 3.56686e-11 7.11635e-11 1.55059e-10 3.38431e-10 7.26968e-10 1.53174e-09 3.16365e-09 6.404e-09 1.27042e-08 2.46979e-08 4.7053e-08 8.78487e-08 1.60738e-07 2.88245e-07 5.06643e-07 8.72949e-07 1.47462e-06 2.44256e-06 3.96796e-06 6.32318e-06 9.88666e-06 1.51711e-05 2.28534e-05 3.3804e-05 4.9112e-05 7.01019e-05 9.83359e-05 0.000135597 0.000183844 0.000245142 0.000321553 0.000414996 0.000527084 0.000658934 0.000810985 0.000982821 0.00117304 0.00137918 0.00159771 0.00182416 0.00205325 0.00227916 0.00249586 0.00269736 0.00287805 0.00303294 0.00315782 0.00324939 0.00330527 0.00332405 0.00330527 0.00324939 0.00315782 0.00303294 0.00287805 0.00269736 0.00249586 0.00227916 0.00205325 0.00182416 0.00159771 0.00137918 0.00117304 0.000982821 0.000810985 0.000658934 0.000527084 0.000414996 0.000321553 0.000245142 0.000183844 0.000135597 9.83359e-05 7.01019e-05 4.9112e-05 3.3804e-05 2.28534e-05 1.51711e-05 9.88666e-06 6.32318e-06 3.96796e-06 2.44256e-06 1.47462e-06 8.72949e-07 5.06643e-07 2.88245e-07 1.60738e-07 8.78487e-08 4.7053e-08 2.46979e-08 1.27042e-08 6.404e-09 3.16365e-09 1.53174e-09 7.26968e-10 3.38431e-10 1.55059e-10 7.11635e-11 3.56686e-11 
5.13558e-11 7.03961e-11 1.39856e-10 3.03527e-10 6.59973e-10 1.41233e-09 2.96455e-09 6.09945e-09 1.22986e-08 2.43012e-08 4.7053e-08 8.9275e-08 1.65981e-07 3.02403e-07 5.39931e-07 9.44821e-07 1.62056e-06 2.72488e-06 4.49224e-06 7.26265e-06 1.15169e-05 1.7918e-05 2.73566e-05 4.09994e-05 6.03332e-05 8.72018e-05 0.000123827 0.000172802 0.000237057 0.000319778 0.000424277 0.000553816 0.000711377 0.00089939 0.00111945 0.00137201 0.00165614 0.00196932 0.00230736 0.00266439 0.00303309 0.00340492 0.00377055 0.00412036 0.00444491 0.00473538 0.00498396 0.00518412 0.00533073 0.00542015 0.00545019 0.00542015 0.00533073 0.00518412 0.00498396 0.00473538 0.00444491 0.00412036 0.00377055 0.00340492 0.00303309 0.00266439 0.00230736 0.00196932 0.00165614 0.00137201 0.00111945 0.00089939 0.000711377 0.000553816 0.000424277 0.000319778 0.000237057 0.000172802 0.000123827 8.72018e-05 6.03332e-05 4.09994e-05 2.73566e-05 1.7918e-05 1.15169e-05 7.26265e-06 4.49224e-06 2.72488e-06 1.62056e-06 9.44821e-07 5.39931e-07 3.02403e-07 1.65981e-07 8.9275e-08 4.7053e-08 2.43012e-08 1.22986e-08 6.09945e-09 2.96455e-09 1.41233e-09 6.59973e-10 3.03527e-10 1.39856e-10 7.03961e-11 
9.96473e-11 1.3625e-10 2.69521e-10 5.82573e-10 1.26183e-09 2.68996e-09 5.62452e-09 1.15269e-08 2.31499e-08 4.55578e-08 8.78487e-08 1.65981e-07 3.0728e-07 5.5741e-07 9.90836e-07 1.72603e-06 2.94688e-06 4.93172e-06 8.09149e-06 1.30177e-05 2.05404e-05 3.1795e-05 4.82944e-05 7.20022e-05 0.000105399 0.000151531 0.000214032 0.000297101 0.000405427 0.000544046 0.000718124 0.000932665 0.00119214 0.00150008 0.0018586 0.00226802 0.00272642 0.00322942 0.00377005 0.00433883 0.00492405 0.00551227 0.00608896 0.0066392 0.00714849 0.00760335 0.00799194 0.00830439 0.00853301 0.00867235 0.00871915 0.00867235 0.00853301 0.00830439 0.00799194 0.00760335 0.00714849 0.0066392 0.00608896 0.00551227 0.00492405 0.00433883 0.00377005 0.00322942 0.00272642 0.00226802 0.0018586 0.00150008 0.00119214 0.000932665 0.000718124 0.000544046 0.000405427 0.000297101 0.000214032 0.000151531 0.000105399 7.20022e-05 4.82944e-05 3.1795e-05 2.05404e-05 1.30177e-05 8.09149e-06 4.93172e-06 2.94688e-06 1.72603e-06 9.90836e-07 5.5741e-07 3.0728e-07 1.65981e-07 8.78487e-08 4.55578e-08 2.31499e-08 1.15269e-08 5.62452e-09 2.68996e-09 1.26183e-09 5.82573e-10 2.69521e-10 1.3625e-10 
1.89631e-10 2.58625e-10 5.09352e-10 1.09643e-09 2.36549e-09 5.02302e-09 1.04614e-08 2.13539e-08 4.27118e-08 8.37083e-08 1.60738e-07 3.02403e-07 5.5741e-07 1.00668e-06 1.78139e-06 3.08892e-06 5.24905e-06 8.74251e-06 1.42739e-05 2.28499e-05 3.58719e-05 5.52408e-05 8.34676e-05 0.000123782 0.000180223 0.000257702 0.000362016 0.000499785 0.000678315 0.000905347 0.0011887 0.0015358 0.00195312 0.00244555 0.00301572 0.00366338 0.00438489 0.00517285 0.00601599 0.00689934 0.00780475 0.00871161 0.00959783 0.010441 0.0112194 0.0119131 0.0125047 0.0129796 0.0133267 0.0135381 0.0136091 0.0135381 0.0133267 0.0129796 0.0125047 0.0119131 0.0112194 0.010441 0.00959783 0.00871161 0.00780475 0.00689934 0.00601599 0.00517285 0.00438489 0.00366338 0.00301572 0.00244555 0.00195312 0.0015358 0.0011887 0.000905347 0.000678315 0.000499785 0.000362016 0.000257702 0.000180223 0.000123782 8.34676e-05 5.52408e-05 3.58719e-05 2.28499e-05 1.42739e-05 8.74251e-06 5.24905e-06 3.08892e-06 1.78139e-06 1.00668e-06 5.5741e-07 3.02403e-07 1.60738e-07 8.37083e-08 4.27118e-08 2.13539e-08 1.04614e-08 5.02302e-09 2.36549e-09 1.09643e-09 5.09352e-10 2.58625e-10 
3.53956e-10 4.81491e-10 9.44039e-10 2.02358e-09 4.34826e-09 9.19654e-09 1.90764e-08 3.87803e-08 7.72469e-08 1.50755e-07 2.88245e-07 5.39931e-07 9.90836e-07 1.78139e-06 3.13782e-06 5.41551e-06 9.15876e-06 1.51801e-05 2.46616e-05 3.92789e-05 6.13457e-05 9.39731e-05 0.000141234 0.000208314 0.000301638 0.000428929 0.0005992 0.00082262 0.00111026 0.00147367 0.00192433 0.00247289 0.00312837 0.00389718 0.00478221 0.00578194 0.00688978 0.00809359 0.00937564 0.010713 0.0120781 0.0134403 0.014767 0.0160255 0.0171841 0.0182143 0.019091 0.0197938 0.0203068 0.020619 0.0207238 0.020619 0.0203068 0.0197938 0.019091 0.0182143 0.0171841 0.0160255 0.014767 0.0134403 0.0120781 0.010713 0.00937564 0.00809359 0.00688978 0.00578194 0.00478221 0.00389718 0.00312837 0.00247289 0.00192433 0.00147367 0.00111026 0.00082262 0.0005992 0.000428929 0.000301638 0.000208314 0.000141234 9.39731e-05 6.13457e-05 3.92789e-05 2.46616e-05 1.51801e-05 9.15876e-06 5.41551e-06 3.13782e-06 1.78139e-06 9.90836e-07 5.39931e-07 2.88245e-07 1.50755e-07 7.72469e-08 3.87803e-08 1.90764e-08 9.19654e-09 4.34826e-09 2.02358e-09 9.44039e-10 4.81491e-10 
6.48078e-10 8.79277e-10 1.71612e-09 3.6628e-09 7.83839e-09 1.65107e-08 3.41077e-08 6.90487e-08 1.36958e-07 2.6614e-07 5.06643e-07 9.44821e-07 1.72603e-06 3.08892e-06 5.41551e-06 9.302e-06 1.56552e-05 2.58189e-05 4.17335e-05 6.61272e-05 0.000102735 0.000156535 0.00023398 0.000343207 0.000494183 0.000698759 0.000970589 0.00132488 0.00177793 0.00234649 0.00304684 0.00389374 0.00489917 0.00607103 0.00741185 0.0089176 0.0105769 0.0123703 0.0142709 0.0162442 0.0182499 0.0202433 0.0221779 0.0240069 0.0256861 0.0271754 0.0284403 0.0294524 0.0301904 0.030639 0.0307895 0.030639 0.0301904 0.0294524 0.0284403 0.0271754 0.0256861 0.0240069 0.0221779 0.0202433 0.0182499 0.0162442 0.0142709 0.0123703 0.0105769 0.0089176 0.00741185 0.00607103 0.00489917 0.00389374 0.00304684 0.00234649 0.00177793 0.00132488 0.000970589 0.000698759 0.000494183 0.000343207 0.00023398 0.000156535 0.000102735 6.61272e-05 4.17335e-05 2.58189e-05 1.56552e-05 9.302e-06 5.41551e-06 3.08892e-06 1.72603e-06 9.44821e-07 5.06643e-07 2.6614e-07 1.36958e-07 6.90487e-08 3.41077e-08 1.65107e-08 7.83839e-09 3.6628e-09 1.71612e-09 8.79277e-10 
1.16408e-09 1.57517e-09 3.06011e-09 6.50284e-09 1.38581e-08 2.90696e-08 5.98004e-08 1.20548e-07 2.38077e-07 4.60611e-07 8.72949e-07 1.62056e-06 2.94688e-06 5.24905e-06 9.15876e-06 1.56552e-05 2.6217e-05 4.30196e-05 6.91788e-05 0.00010904 0.000168498 0.000255339 0.000379554 0.000553607 0.000792594 0.00111424 0.0015387 0.0020881 0.00278576 0.00365519 0.00471873 0.00599601 0.00750215 0.00924606 0.0112287 0.0134415 0.0158656 0.0184712 0.0212178 0.0240554 0.0269266 0.0297682 0.0325154 0.0351038 0.037473 0.0395686 0.0413445 0.042763 0.0437958 0.0444232 0.0446335 0.0444232 0.0437958 0.042763 0.0413445 0.0395686 0.037473 0.0351038 0.0325154 0.0297682 0.0269266 0.0240554 0.0212178 0.0184712 0.0158656 0.0134415 0.0112287 0.00924606 0.00750215 0.00599601 0.00471873 0.00365519 0.00278576 0.0020881 0.0015387 0.00111424 0.000792594 0.000553607 0.000379554 0.000255339 0.000168498 0.00010904 6.91788e-05 4.30196e-05 2.6217e-05 1.56552e-05 9.15876e-06 5.24905e-06 2.94688e-06 1.62056e-06 8.72949e-07 4.60611e-07 2.38077e-07 1.20548e-07 5.98004e-08 2.90696e-08 1.38581e-08 6.50284e-09 3.06011e-09 1.57517e-09 
2.05149e-09 2.7685e-09 5.35319e-09 1.13252e-08 2.40326e-08 5.01997e-08 1.02828e-07 2.06388e-07 4.05815e-07 7.81631e-07 1.47462e-06 2.72488e-06 4.93172e-06 8.74251e-06 1.51801e-05 2.58189e-05 4.30196e-05 7.02279e-05 0.00011234 0.000176124 0.000270683 0.000407915 0.000602935 0.000874388 0.00124458 0.00173936 0.0023877 0.00322089 0.00427132 0.00557094 0.00714926 0.00903124 0.0112348 0.0137687 0.0166301 0.0198031 0.0232576 0.0269488 0.0308181 0.0347949 0.0387991 0.0427446 0.0465434 0.0501096 0.0533632 0.0562331 0.0586593 0.0605936 0.0619998 0.0628531 0.0631391 0.0628531 0.0619998 0.0605936 0.0586593 0.0562331 0.0533632 0.0501096 0.0465434 0.0427446 0.0387991 0.0347949 0.0308181 0.0269488 0.0232576 0.0198031 0.0166301 0.0137687 0.0112348 0.00903124 0.00714926 0.00557094 0.00427132 0.00322089 0.0023877 0.00173936 0.00124458 0.000874388 0.000602935 0.000407915 0.000270683 0.000176124 0.00011234 7.02279e-05 4.30196e-05 2.58189e-05 1.51801e-05 8.74251e-06 4.93172e-06 2.72488e-06 1.47462e-06 7.81631e-07 4.05815e-07 2.06388e-07 1.02828e-07 5.01997e-08 2.40326e-08 1.13252e-08 5.35319e-09 2.7685e-09 
3.54758e-09 4.77453e-09 9.1882e-09 1.9351e-08 4.08868e-08 8.50387e-08 1.73436e-07 3.46574e-07 6.78409e-07 1.30072e-06 2.44256e-06 4.49224e-06 8.09149e-06 1.42739e-05 2.46616e-05 4.17335e-05 6.91788e-05 0.00011234 0.000178745 0.000278708 0.000425969 0.000638307 0.000938061 0.00135246 0.00191366 0.00265841 0.00362724 0.00486315 0.00640973 0.00830891 0.0105982 0.0133075 0.0164566 0.0200516 0.0240828 0.0285225 0.0333245 0.0384237 0.0437375 0.0491687 0.0546093 0.0599447 0.0650595 0.0698425 0.0741911 0.0780155 0.0812404 0.0838062 0.0856687 0.0867976 0.0871759 0.0867976 0.0856687 0.0838062 0.0812404 0.0780155 0.0741911 0.0698425 0.0650595 0.0599447 0.0546093 0.0491687 0.0437375 0.0384237 0.0333245 0.0285225 0.0240828 0.0200516 0.0164566 0.0133075 0.0105982 0.00830891 0.00640973 0.00486315 0.00362724 0.00265841 0.00191366 0.00135246 0.000938061 0.000638307 0.000425969 0.000278708 0.000178745 0.00011234 6.91788e-05 4.17335e-05 2.46616e-05 1.42739e-05 8.09149e-06 4.49224e-06 2.44256e-06 1.30072e-06 6.78409e-07 3.46574e-07 1.73436e-07 8.50387e-08 4.08868e-08 1.9351e-08 9.1882e-09 4.77453e-09 
6.02044e-09 8.08055e-09 1.54757e-08 3.24442e-08 6.82523e-08 1.41337e-07 2.86987e-07 5.70915e-07 1.11246e-06 2.12304e-06 3.96796e-06 7.26265e-06 1.30177e-05 2.28499e-05 3.92789e-05 6.61272e-05 0.00010904 0.000176124 0.000278708 0.000432168 0.000656787 0.000978533 0.00142966 0.00204899 0.00288176 0.00397884 0.00539541 0.00718882 0.00941589 0.0121296 0.0153752 0.0191869 0.0235832 0.0285643 0.0341085 0.040171 0.046683 0.0535525 0.0606666 0.0678953 0.0750969 0.0821237 0.0888291 0.0950735 0.10073 0.105689 0.109859 0.113169 0.115568 0.117021 0.117507 0.117021 0.115568 0.113169 0.109859 0.105689 0.10073 0.0950735 0.0888291 0.0821237 0.0750969 0.0678953 0.0606666 0.0535525 0.046683 0.040171 0.0341085 0.0285643 0.0235832 0.0191869 0.0153752 0.0121296 0.00941589 0.00718882 0.00539541 0.00397884 0.00288176 0.00204899 0.00142966 0.000978533 0.000656787 0.000432168 0.000278708 0.000176124 0.00010904 6.61272e-05 3.92789e-05 2.28499e-05 1.30177e-05 7.26265e-06 3.96796e-06 2.12304e-06 1.11246e-06 5.70915e-07 2.86987e-07 1.41337e-07 6.82523e-08 3.24442e-08 1.54757e-08 8.08055e-09 
1.0028e-08 1.34226e-08 2.55823e-08 5.33849e-08 1.11809e-07 2.30515e-07 4.65974e-07 9.22769e-07 1.78975e-06 3.3995e-06 6.32318e-06 1.15169e-05 2.05404e-05 3.58719e-05 6.13457e-05 0.000102735 0.000168498 0.000270683 0.000425969 0.000656787 0.000992419 0.00146994 0.00213486 0.00304122 0.00425103 0.00583296 0.00785999 0.0104063 0.0135434 0.0173355 0.0218346 0.0270758 0.0330728 0.0398138 0.047259 0.055339 0.0639552 0.0729812 0.0822669 0.0916437 0.100931 0.109945 0.118503 0.126439 0.133599 0.139854 0.145099 0.149253 0.152259 0.154076 0.154684 0.154076 0.152259 0.149253 0.145099 0.139854 0.133599 0.126439 0.118503 0.109945 0.100931 0.0916437 0.0822669 0.0729812 0.0639552 0.055339 0.047259 0.0398138 0.0330728 0.0270758 0.0218346 0.0173355 0.0135434 0.0104063 0.00785999 0.00583296 0.00425103 0.00304122 0.00213486 0.00146994 0.000992419 0.000656787 0.000425969 0.000270683 0.000168498 0.000102735 6.13457e-05 3.58719e-05 2.05404e-05 1.15169e-05 6.32318e-06 3.3995e-06 1.78975e-06 9.22769e-07 4.65974e-07 2.30515e-07 1.11809e-07 5.33849e-08 2.55823e-08 1.34226e-08 
1.63961e-08 2.18863e-08 4.15107e-08 8.62217e-08 1.79778e-07 3.68996e-07 7.42541e-07 1.46369e-06 2.82558e-06 5.34134e-06 9.88666e-06 1.7918e-05 3.1795e-05 5.52408e-05 9.39731e-05 0.000156535 0.000255339 0.000407915 0.000638307 0.000978533 0.00146994 0.0021643 0.00312431 0.0044234 0.00614454 0.00837787 0.0112172 0.0147555 0.0190793 0.0242628 0.0303618 0.0374076 0.0454024 0.0543151 0.0640793 0.0745924 0.0857174 0.097286 0.109104 0.12096 0.13263 0.143891 0.154528 0.164344 0.173164 0.180841 0.187258 0.192328 0.195989 0.1982 0.198939 0.1982 0.195989 0.192328 0.187258 0.180841 0.173164 0.164344 0.154528 0.143891 0.13263 0.12096 0.109104 0.097286 0.0857174 0.0745924 0.0640793 0.0543151 0.0454024 0.0374076 0.0303618 0.0242628 0.0190793 0.0147555 0.0112172 0.00837787 0.00614454 0.0044234 0.00312431 0.0021643 0.00146994 0.000978533 0.000638307 0.000407915 0.000255339 0.000156535 9.39731e-05 5.52408e-05 3.1795e-05 1.7918e-05 9.88666e-06 5.34134e-06 2.82558e-06 1.46369e-06 7.42541e-07 3.68996e-07 1.79778e-07 8.62217e-08 4.15107e-08 2.18863e-08 
2.63189e-08 3.50356e-08 6.61268e-08 1.36711e-07 2.83774e-07 5.79841e-07 1.16152e-06 2.27896e-06 4.37856e-06 8.23697e-06 1.51711e-05 2.73566e-05 4.82944e-05 8.34676e-05 0.000141234 0.00023398 0.000379554 0.000602935 0.000938061 0.00142966 0.00213486 0.00312431 0.00448244 0.00630665 0.0087051 0.011793 0.0156873 0.0205006 0.0263333 0.0332665 0.0413541 0.0506166 0.061036 0.0725519 0.0850612 0.0984184 0.112439 0.126906 0.141575 0.156188 0.170478 0.184183 0.197057 0.208877 0.219449 0.228616 0.236253 0.242271 0.246607 0.249222 0.250096 0.249222 0.246607 0.242271 0.236253 0.228616 0.219449 0.208877 0.197057 0.184183 0.170478 0.156188 0.141575 0.126906 0.112439 0.0984184 0.0850612 0.0725519 0.061036 0.0506166 0.0413541 0.0332665 0.0263333 0.0205006 0.0156873 0.011793 0.0087051 0.00630665 0.00448244 0.00312431 0.00213486 0.00142966 0.000938061 0.000602935 0.000379554 0.00023398 0.000141234 8.34676e-05 4.82944e-05 2.73566e-05 1.51711e-05 8.23697e-06 4.37856e-06 2.27896e-06 1.16152e-06 5.79841e-07 2.83774e-07 1.36711e-07 6.61268e-08 3.50356e-08 
4.14804e-08 5.50685e-08 1.03432e-07 2.12838e-07 4.39809e-07 8.94632e-07 1.78391e-06 3.48376e-06 6.66137e-06 1.24702e-05 2.28534e-05 4.09994e-05 7.20022e-05 0.000123782 0.000208314 0.000343207 0.000553607 0.000874388 0.00135246 0.00204899 0.00304122 0.0044234 0.00630665 0.00881705 0.012092 0.0162747 0.0215065 0.0279186 0.0356221 0.0446991 0.0551937 0.0671056 0.0803849 0.0949307 0.110591 0.127168 0.14442 0.162076 0.179839 0.197402 0.214456 0.230707 0.245881 0.259737 0.272072 0.282721 0.291562 0.298509 0.303503 0.30651 0.307515 0.30651 0.303503 0.298509 0.291562 0.282721 0.272072 0.259737 0.245881 0.230707 0.214456 0.197402 0.179839 0.162076 0.14442 0.127168 0.110591 0.0949307 0.0803849 0.0671056 0.0551937 0.0446991 0.0356221 0.0279186 0.0215065 0.0162747 0.012092 0.00881705 0.00630665 0.0044234 0.00304122 0.00204899 0.00135246 0.000874388 0.000553607 0.000343207 0.000208314 0.000123782 7.20022e-05 4.09994e-05 2.28534e-05 1.24702e-05 6.66137e-06 3.48376e-06 1.78391e-06 8.94632e-07 4.39809e-07 2.12838e-07 1.03432e-07 5.50685e-08 
6.41972e-08 8.49975e-08 1.58875e-07 3.25403e-07 6.694e-07 1.35553e-06 2.69057e-06 5.22975e-06 9.95194e-06 1.85387e-05 3.3804e-05 6.03332e-05 0.000105399 0.000180223 0.000301638 0.000494183 0.000792594 0.00124458 0.00191366 0.00288176 0.00425103 0.00614454 0.0087051 0.012092 0.0164754 0.022028 0.0289151 0.0372833 0.0472486 0.0588851 0.0722163 0.0872079 0.103765 0.121733 0.140899 0.161001 0.181736 0.202772 0.22376 0.244348 0.264192 0.282969 0.300391 0.316207 0.330214 0.342253 0.35221 0.360008 0.365601 0.368965 0.370087 0.368965 0.365601 0.360008 0.35221 0.342253 0.330214 0.316207 0.300391 0.282969 0.264192 0.244348 0.22376 0.202772 0.181736 0.161001 0.140899 0.121733 0.103765 0.0872079 0.0722163 0.0588851 0.0472486 0.0372833 0.0289151 0.022028 0.0164754 0.012092 0.0087051 0.00614454 0.00425103 0.00288176 0.00191366 0.00124458 0.000792594 0.000494183 0.000301638 0.000180223 0.000105399 6.03332e-05 3.3804e-05 1.85387e-05 9.95194e-06 5.22975e-06 2.69057e-06 1.35553e-06 6.694e-07 3.25403e-07 1.58875e-07 8.49975e-08 
9.75734e-08 1.28845e-07 2.3968e-07 4.88638e-07 1.00071e-06 2.01737e-06 3.98596e-06 7.71138e-06 1.46039e-05 2.70705e-05 4.9112e-05 8.72018e-05 0.000151531 0.000257702 0.000428929 0.000698759 0.00111424 0.00173936 0.00265841 0.00397884 0.00583296 0.00837787 0.011793 0.0162747 0.022028 0.0292551 0.0381426 0.0488463 0.0614779 0.076092 0.0926771 0.11115 0.131356 0.153071 0.17601 0.199841 0.224192 0.248671 0.27288 0.296427 0.318944 0.340094 0.359583 0.377166 0.392651 0.405897 0.416806 0.425321 0.431414 0.435071 0.43629 0.435071 0.431414 0.425321 0.416806 0.405897 0.392651 0.377166 0.359583 0.340094 0.318944 0.296427 0.27288 0.248671 0.224192 0.199841 0.17601 0.153071 0.131356 0.11115 0.0926771 0.076092 0.0614779 0.0488463 0.0381426 0.0292551 0.022028 0.0162747 0.011793 0.00837787 0.00583296 0.00397884 0.00265841 0.00173936 0.00111424 0.000698759 0.000428929 0.000257702 0.000151531 8.72018e-05 4.9112e-05 2.70705e-05 1.46039e-05 7.71138e-06 3.98596e-06 2.01737e-06 1.00071e-06 4.88638e-07 2.3968e-07 1.28845e-07 
1.45656e-07 1.91836e-07 3.55174e-07 7.20784e-07 1.46962e-06 2.94951e-06 5.80127e-06 1.11711e-05 2.10546e-05 3.88361e-05 7.01019e-05 0.000123827 0.000214032 0.000362016 0.0005992 0.000970589 0.0015387 0.0023877 0.00362724 0.00539541 0.00785999 0.0112172 0.0156873 0.0215065 0.0289151 0.0381426 0.0493907 0.0628158 0.0785128 0.0965017 0.11672 0.139018 0.163165 0.188855 0.215721 0.243352 0.271309 0.299144 0.326415 0.352705 0.377632 0.40086 0.422109 0.441152 0.457823 0.472008 0.483639 0.492685 0.49914 0.503007 0.504295 0.503007 0.49914 0.492685 0.483639 0.472008 0.457823 0.441152 0.422109 0.40086 0.377632 0.352705 0.326415 0.299144 0.271309 0.243352 0.215721 0.188855 0.163165 0.139018 0.11672 0.0965017 0.0785128 0.0628158 0.0493907 0.0381426 0.0289151 0.0215065 0.0156873 0.0112172 0.00785999 0.00539541 0.00362724 0.0023877 0.0015387 0.000970589 0.0005992 0.000362016 0.000214032 0.000123827 7.01019e-05 3.88361e-05 2.10546e-05 1.11711e-05 5.80127e-06 2.94951e-06 1.46962e-06 7.20784e-07 3.55174e-07 1.91836e-07 
2.13571e-07 2.80566e-07 5.17044e-07 1.04456e-06 2.1205e-06 4.23716e-06 8.2965e-06 1.59022e-05 2.98294e-05 5.47527e-05 9.83359e-05 0.000172802 0.000297101 0.000499785 0.00082262 0.00132488 0.0020881 0.00322089 0.00486315 0.00718882 0.0104063 0.0147555 0.0205006 0.0279186 0.0372833 0.0488463 0.0628158 0.0793361 0.0984699 0.120185 0.14435 0.170731 0.199006 0.228775 0.259582 0.290937 0.322333 0.353276 0.383295 0.411961 0.438896 0.463784 0.486371 0.50647 0.523952 0.538744 0.550815 0.560166 0.566818 0.570795 0.572119 0.570795 0.566818 0.560166 0.550815 0.538744 0.523952 0.50647 0.486371 0.463784 0.438896 0.411961 0.383295 0.353276 0.322333 0.290937 0.259582 0.228775 0.199006 0.170731 0.14435 0.120185 0.0984699 0.0793361 0.0628158 0.0488463 0.0372833 0.0279186 0.0205006 0.0147555 0.0104063 0.00718882 0.00486315 0.00322089 0.0020881 0.00132488 0.00082262 0.000499785 0.000297101 0.000172802 9.83359e-05 5.47527e-05 2.98294e-05 1.59022e-05 8.2965e-06 4.23716e-06 2.1205e-06 1.04456e-06 5.17044e-07 2.80566e-07 
3.07611e-07 4.03101e-07 7.39494e-07 1.48737e-06 3.00652e-06 5.98173e-06 1.16607e-05 2.22489e-05 4.15388e-05 7.5877e-05 0.000135597 0.000237057 0.000405427 0.000678315 0.00111026 0.00177793 0.00278576 0.00427132 0.00640973 0.00941589 0.0135434 0.0190793 0.0263333 0.0356221 0.0472486 0.0614779 0.0785128 0.0984699 0.121362 0.147085 0.175419 0.206032 0.238494 0.272305 0.306916 0.341759 0.376272 0.409925 0.442234 0.472777 0.501201 0.527228 0.550651 0.571333 0.589197 0.60422 0.616416 0.625825 0.632496 0.636476 0.637799 0.636476 0.632496 0.625825 0.616416 0.60422 0.589197 0.571333 0.550651 0.527228 0.501201 0.472777 0.442234 0.409925 0.376272 0.341759 0.306916 0.272305 0.238494 0.206032 0.175419 0.147085 0.121362 0.0984699 0.0785128 0.0614779 0.0472486 0.0356221 0.0263333 0.0190793 0.0135434 0.00941589 0.00640973 0.00427132 0.00278576 0.00177793 0.00111026 0.000678315 0.000405427 0.000237057 0.000135597 7.5877e-05 4.15388e-05 2.22489e-05 1.16607e-05 5.98173e-06 3.00652e-06 1.48737e-06 7.39494e-07 4.03101e-07 
4.35244e-07 5.6898e-07 1.0392e-06 2.08117e-06 4.18927e-06 8.29979e-06 1.61095e-05 3.06002e-05 5.68675e-05 0.000103383 0.000183844 0.000319778 0.000544046 0.000905347 0.00147367 0.00234649 0.00365519 0.00557094 0.00830891 0.0121296 0.0173355 0.0242628 0.0332665 0.0446991 0.0588851 0.076092 0.0965017 0.120185 0.147085 0.177008 0.209625 0.244489 0.281059 0.318725 0.35685 0.394797 0.431961 0.467794 0.501819 0.533642 0.562956 0.589538 0.613246 0.634005 0.651802 0.66667 0.678672 0.687888 0.6944 0.698276 0.699562 0.698276 0.6944 0.687888 0.678672 0.66667 0.651802 0.634005 0.613246 0.589538 0.562956 0.533642 0.501819 0.467794 0.431961 0.394797 0.35685 0.318725 0.281059 0.244489 0.209625 0.177008 0.147085 0.120185 0.0965017 0.076092 0.0588851 0.0446991 0.0332665 0.0242628 0.0173355 0.0121296 0.00830891 0.00557094 0.00365519 0.00234649 0.00147367 0.000905347 0.000544046 0.000319778 0.000183844 0.000103383 5.68675e-05 3.06002e-05 1.61095e-05 8.29979e-06 4.18927e-06 2.08117e-06 1.0392e-06 5.6898e-07 
6.04999e-07 7.89057e-07 1.435e-06 2.86183e-06 5.7373e-06 1.13201e-05 2.18793e-05 4.1379e-05 7.65523e-05 0.000138521 0.000245142 0.000424277 0.000718124 0.0011887 0.00192433 0.00304684 0.00471873 0.00714926 0.0105982 0.0153752 0.0218346 0.0303618 0.0413541 0.0551937 0.0722163 0.0926771 0.11672 0.14435 0.175419 0.209625 0.246516 0.285519 0.325973 0.367166 0.408376 0.448913 0.488147 0.525533 0.560623 0.593072 0.622639 0.649174 0.672609 0.692947 0.710242 0.724588 0.736097 0.74489 0.751079 0.754753 0.755971 0.754753 0.751079 0.74489 0.736097 0.724588 0.710242 0.692947 0.672609 0.649174 0.622639 0.593072 0.560623 0.525533 0.488147 0.448913 0.408376 0.367166 0.325973 0.285519 0.246516 0.209625 0.175419 0.14435 0.11672 0.0926771 0.0722163 0.0551937 0.0413541 0.0303618 0.0218346 0.0153752 0.0105982 0.00714926 0.00471873 0.00304684 0.00192433 0.0011887 0.000718124 0.000424277 0.000245142 0.000138521 7.65523e-05 4.1379e-05 2.18793e-05 1.13201e-05 5.7373e-06 2.86183e-06 1.435e-06 7.89057e-07 
8.26206e-07 1.07515e-06 1.94726e-06 3.86775e-06 7.72353e-06 1.51786e-05 2.9217e-05 5.50227e-05 0.000101348 0.000182556 0.000321553 0.000553816 0.000932665 0.0015358 0.00247289 0.00389374 0.00599601 0.00903124 0.0133075 0.0191869 0.0270758 0.0374076 0.0506166 0.0671056 0.0872079 0.11115 0.139018 0.170731 0.206032 0.244489 0.285519 0.328417 0.372401 0.416664 0.460417 0.502933 0.543579 0.581835 0.617306 0.649718 0.67891 0.704819 0.727463 0.746926 0.763331 0.776833 0.787593 0.795769 0.801499 0.804891 0.806014 0.804891 0.801499 0.795769 0.787593 0.776833 0.763331 0.746926 0.727463 0.704819 0.67891 0.649718 0.617306 0.581835 0.543579 0.502933 0.460417 0.416664 0.372401 0.328417 0.285519 0.244489 0.206032 0.170731 0.139018 0.11115 0.0872079 0.0671056 0.0506166 0.0374076 0.0270758 0.0191869 0.0133075 0.00903124 0.00599601 0.00389374 0.00247289 0.0015358 0.000932665 0.000553816 0.000321553 0.000182556 0.000101348 5.50227e-05 2.9217e-05 1.51786e-05 7.72353e-06 3.86775e-06 1.94726e-06 1.07515e-06 
1.10854e-06 1.43948e-06 2.59682e-06 5.13793e-06 1.02212e-05 2.00105e-05 3.83659e-05 7.19574e-05 0.000131979 0.000236685 0.000414996 0.000711377 0.00119214 0.00195312 0.00312837 0.00489917 0.00750215 0.0112348 0.0164566 0.0235832 0.0330728 0.0454024 0.061036 0.0803849 0.103765 0.131356 0.163165 0.199006 0.238494 0.281059 0.325973 0.372401 0.419451 0.46623 0.511902 0.555727 0.597093 0.635529 0.670713 0.702458 0.7307 0.755469 0.776876 0.795083 0.810285 0.82269 0.832504 0.839916 0.845087 0.848138 0.849147 0.848138 0.845087 0.839916 0.832504 0.82269 0.810285 0.795083 0.776876 0.755469 0.7307 0.702458 0.670713 0.635529 0.597093 0.555727 0.511902 0.46623 0.419451 0.372401 0.325973 0.281059 0.238494 0.199006 0.163165 0.131356 0.103765 0.0803849 0.061036 0.0454024 0.0330728 0.0235832 0.0164566 0.0112348 0.00750215 0.00489917 0.00312837 0.00195312 0.00119214 0.000711377 0.000414996 0.000236685 0.000131979 7.19574e-05 3.83659e-05 2.00105e-05 1.02212e-05 5.13793e-06 2.59682e-06 1.43948e-06 
1.46136e-06 1.89379e-06 3.40354e-06 6.70909e-06 1.32987e-05 2.594e-05 4.95467e-05 9.25633e-05 0.000169081 0.00030194 0.000527084 0.00089939 0.00150008 0.00244555 0.00389718 0.00607103 0.00924606 0.0137687 0.0200516 0.0285643 0.0398138 0.0543151 0.0725519 0.0949307 0.121733 0.153071 0.188855 0.228775 0.272305 0.318725 0.367166 0.416664 0.46623 0.514909 0.561836 0.606286 0.647689 0.685649 0.719934 0.75046 0.777262 0.800474 0.820294 0.836962 0.850735 0.86187 0.870609 0.877166 0.881717 0.884393 0.885276 0.884393 0.881717 0.877166 0.870609 0.86187 0.850735 0.836962 0.820294 0.800474 0.777262 0.75046 0.719934 0.685649 0.647689 0.606286 0.561836 0.514909 0.46623 0.416664 0.367166 0.318725 0.272305 0.228775 0.188855 0.153071 0.121733 0.0949307 0.0725519 0.0543151 0.0398138 0.0285643 0.0200516 0.0137687 0.00924606 0.00607103 0.00389718 0.00244555 0.00150008 0.00089939 0.000527084 0.00030194 0.000169081 9.25633e-05 4.95467e-05 2.594e-05 1.32987e-05 6.70909e-06 3.40354e-06 1.89379e-06 
1.89293e-06 2.44836e-06 4.38451e-06 8.61234e-06 1.70126e-05 3.30686e-05 6.29353e-05 0.000117136 0.000213134 0.000379068 0.000658934 0.00111945 0.0018586 0.00301572 0.00478221 0.00741185 0.0112287 0.0166301 0.0240828 0.0341085 0.047259 0.0640793 0.0850612 0.110591 0.140899 0.17601 0.215721 0.259582 0.306916 0.35685 0.408376 0.460417 0.511902 0.561836 0.609356 0.65377 0.694581 0.731483 0.764348 0.793202 0.818189 0.839538 0.857533 0.872482 0.884696 0.894472 0.902076 0.90774 0.911649 0.913939 0.914693 0.913939 0.911649 0.90774 0.902076 0.894472 0.884696 0.872482 0.857533 0.839538 0.818189 0.793202 0.764348 0.731483 0.694581 0.65377 0.609356 0.561836 0.511902 0.460417 0.408376 0.35685 0.306916 0.259582 0.215721 0.17601 0.140899 0.110591 0.0850612 0.0640793 0.047259 0.0341085 0.0240828 0.0166301 0.0112287 0.00741185 0.00478221 0.00301572 0.0018586 0.00111945 0.000658934 0.000379068 0.000213134 0.000117136 6.29353e-05 3.30686e-05 1.70126e-05 8.61234e-06 4.38451e-06 2.44836e-06 
2.4094e-06 3.11074e-06 5.55196e-06 1.08692e-05 2.14009e-05 4.14613e-05 7.8639e-05 0.000145845 0.00026439 0.000468418 0.000810985 0.00137201 0.00226802 0.00366338 0.00578194 0.0089176 0.0134415 0.0198031 0.0285225 0.040171 0.055339 0.0745924 0.0984184 0.127168 0.161001 0.199841 0.243352 0.290937 0.341759 0.394797 0.448913 0.502933 0.555727 0.606286 0.65377 0.697553 0.737223 0.772584 0.803621 0.830473 0.853389 0.87269 0.888735 0.901888 0.912504 0.920906 0.927379 0.932162 0.935442 0.937356 0.937984 0.937356 0.935442 0.932162 0.927379 0.920906 0.912504 0.901888 0.888735 0.87269 0.853389 0.830473 0.803621 0.772584 0.737223 0.697553 0.65377 0.606286 0.555727 0.502933 0.448913 0.394797 0.341759 0.290937 0.243352 0.199841 0.161001 0.127168 0.0984184 0.0745924 0.055339 0.040171 0.0285225 0.0198031 0.0134415 0.0089176 0.00578194 0.00366338 0.00226802 0.00137201 0.000810985 0.000468418 0.00026439 0.000145845 7.8639e-05 4.14613e-05 2.14009e-05 1.08692e-05 5.55196e-06 3.11074e-06 
