9.57619e-10 1.12026e-09 1.65382e-09 2.70509e-09 4.55314e-09 7.66588e-09 1.27897e-08 2.10831e-08 3.43078e-08 5.50979e-08 8.7326e-08 1.36594e-07 2.10873e-07 3.21324e-07 4.83314e-07 7.17651e-07 1.05204e-06 1.52272e-06 2.17632e-06 3.07167e-06 4.28172e-06 5.89515e-06 8.01761e-06 1.07723e-05 1.42998e-05 1.87562e-05 2.43106e-05 3.11401e-05 3.94236e-05 4.93338e-05 6.10271e-05 7.46328e-05 9.02414e-05 0.000107893 0.000127565 0.000149165 0.000172523 0.000197388 0.00022343 0.000250242 0.000277354 0.000304244 0.000330354 0.000355112 0.00037795 0.000398326 0.000415743 0.000429769 0.000440051 0.000446327 0.000448437 0.000446327 0.000440051 0.000429769 0.000415743 0.000398326 0.00037795 0.000355112 0.000330354 0.000304244 0.000277354 0.000250242 0.00022343 0.000197388 0.000172523 0.000149165 0.000127565 0.000107893 9.02414e-05 7.46328e-05 6.10271e-05 4.93338e-05 3.94236e-05 3.11401e-05 2.43106e-05 1.87562e-05 1.42998e-05 1.07723e-05 8.01761e-06 5.89515e-06 4.28172e-06 3.07167e-06 2.17632e-06 1.52272e-06 1.05204e-06 7.17651e-07 4.83314e-07 3.21324e-07 2.10873e-07 1.36594e-07 8.7326e-08 5.50979e-08 3.43078e-08 2.10831e-08 1.27897e-08 7.66588e-09 4.55314e-09 2.70509e-09 1.65382e-09 1.12026e-09 
1.12026e-09 1.30975e-09 1.9311e-09 3.15442e-09 5.30272e-09 8.91708e-09 1.48594e-08 2.44655e-08 3.97641e-08 6.37831e-08 1.00968e-07 1.57737e-07 2.43211e-07 3.70135e-07 5.5603e-07 8.24579e-07 1.20725e-06 1.74516e-06 2.49106e-06 3.51144e-06 4.88854e-06 6.72218e-06 9.13102e-06 1.22532e-05 1.62458e-05 2.12833e-05 2.75537e-05 3.5254e-05 4.45822e-05 5.57288e-05 6.88658e-05 8.41344e-05 0.000101632 0.000121399 0.000143407 0.000167551 0.000193636 0.000221381 0.000250417 0.00028029 0.000310478 0.0003404 0.000369439 0.00039696 0.000422335 0.000444966 0.000464306 0.000479876 0.000491287 0.000498252 0.000500593 0.000498252 0.000491287 0.000479876 0.000464306 0.000444966 0.000422335 0.00039696 0.000369439 0.0003404 0.000310478 0.00028029 0.000250417 0.000221381 0.000193636 0.000167551 0.000143407 0.000121399 0.000101632 8.41344e-05 6.88658e-05 5.57288e-05 4.45822e-05 3.5254e-05 2.75537e-05 2.12833e-05 1.62458e-05 1.22532e-05 9.13102e-06 6.72218e-06 4.88854e-06 3.51144e-06 2.49106e-06 1.74516e-06 1.20725e-06 8.24579e-07 5.5603e-07 3.70135e-07 2.43211e-07 1.57737e-07 1.00968e-07 6.37831e-08 3.97641e-08 2.44655e-08 1.48594e-08 8.91708e-09 5.30272e-09 3.15442e-09 1.9311e-09 1.30975e-09 
1.65382e-09 1.9311e-09 2.83953e-09 4.625e-09 7.7537e-09 1.30045e-08 2.16148e-08 3.54958e-08 5.75412e-08 9.20549e-08 1.45333e-07 2.26435e-07 3.48186e-07 5.2844e-07 7.91646e-07 1.17072e-06 1.70923e-06 2.46385e-06 3.50701e-06 4.92959e-06 6.84353e-06 9.38406e-06 1.27112e-05 1.70104e-05 2.24916e-05 2.93864e-05 3.79435e-05 4.84215e-05 6.10789e-05 7.61624e-05 9.38918e-05 0.000114445 0.00013794 0.000164419 0.000193835 0.000226034 0.000260751 0.000297607 0.000336108 0.000375652 0.000415551 0.000455041 0.000493317 0.000529549 0.000562923 0.000592662 0.000618055 0.000638488 0.000653456 0.000662589 0.000665659 0.000662589 0.000653456 0.000638488 0.000618055 0.000592662 0.000562923 0.000529549 0.000493317 0.000455041 0.000415551 0.000375652 0.000336108 0.000297607 0.000260751 0.000226034 0.000193835 0.000164419 0.00013794 0.000114445 9.38918e-05 7.61624e-05 6.10789e-05 4.84215e-05 3.79435e-05 2.93864e-05 2.24916e-05 1.70104e-05 1.27112e-05 9.38406e-06 6.84353e-06 4.92959e-06 3.50701e-06 2.46385e-06 1.70923e-06 1.17072e-06 7.91646e-07 5.2844e-07 3.48186e-07 2.26435e-07 1.45333e-07 9.20549e-08 5.75412e-08 3.54958e-08 2.16148e-08 1.30045e-08 7.7537e-09 4.625e-09 2.83953e-09 1.9311e-09 
2.70509e-09 3.15442e-09 4.625e-09 7.5102e-09 1.25543e-08 2.09973e-08 3.48033e-08 5.69959e-08 9.2136e-08 1.46983e-07 2.31387e-07 3.59466e-07 5.51122e-07 8.33952e-07 1.24558e-06 1.83644e-06 2.67299e-06 3.84128e-06 5.45075e-06 7.63807e-06 1.05707e-05 1.44501e-05 1.95131e-05 2.60328e-05 3.43166e-05 4.47018e-05 5.7548e-05 7.32264e-05 9.21054e-05 0.000114532 0.000140814 0.000171191 0.000205817 0.000244735 0.000287855 0.000334937 0.000385583 0.000439227 0.000495146 0.00055247 0.000610202 0.000667249 0.000722456 0.000774646 0.00082266 0.0008654 0.000901863 0.000931182 0.000952649 0.000965743 0.000970144 0.000965743 0.000952649 0.000931182 0.000901863 0.0008654 0.00082266 0.000774646 0.000722456 0.000667249 0.000610202 0.00055247 0.000495146 0.000439227 0.000385583 0.000334937 0.000287855 0.000244735 0.000205817 0.000171191 0.000140814 0.000114532 9.21054e-05 7.32264e-05 5.7548e-05 4.47018e-05 3.43166e-05 2.60328e-05 1.95131e-05 1.44501e-05 1.05707e-05 7.63807e-06 5.45075e-06 3.84128e-06 2.67299e-06 1.83644e-06 1.24558e-06 8.33952e-07 5.51122e-07 3.59466e-07 2.31387e-07 1.46983e-07 9.2136e-08 5.69959e-08 3.48033e-08 2.09973e-08 1.25543e-08 7.5102e-09 4.625e-09 3.15442e-09 
4.55314e-09 5.30272e-09 7.7537e-09 1.25543e-08 2.09284e-08 3.49105e-08 5.7713e-08 9.42653e-08 1.51979e-07 2.41796e-07 3.79608e-07 5.88101e-07 8.99136e-07 1.35671e-06 2.02055e-06 2.97042e-06 4.31089e-06 6.17682e-06 8.7389e-06 1.22093e-05 1.68467e-05 2.29605e-05 3.09131e-05 4.11195e-05 5.40445e-05 7.01948e-05 9.01073e-05 0.000114332 0.00014341 0.000177846 0.00021808 0.000264448 0.000317153 0.00037623 0.000441514 0.000512621 0.000588928 0.000669572 0.000753461 0.000839288 0.000925568 0.00101068 0.00109293 0.00117057 0.00124191 0.00130536 0.00135943 0.00140288 0.00143468 0.00145407 0.00146059 0.00145407 0.00143468 0.00140288 0.00135943 0.00130536 0.00124191 0.00117057 0.00109293 0.00101068 0.000925568 0.000839288 0.000753461 0.000669572 0.000588928 0.000512621 0.000441514 0.00037623 0.000317153 0.000264448 0.00021808 0.000177846 0.00014341 0.000114332 9.01073e-05 7.01948e-05 5.40445e-05 4.11195e-05 3.09131e-05 2.29605e-05 1.68467e-05 1.22093e-05 8.7389e-06 6.17682e-06 4.31089e-06 2.97042e-06 2.02055e-06 1.35671e-06 8.99136e-07 5.88101e-07 3.79608e-07 2.41796e-07 1.51979e-07 9.42653e-08 5.7713e-08 3.49105e-08 2.09284e-08 1.25543e-08 7.7537e-09 5.30272e-09 
7.66588e-09 8.91708e-09 1.30045e-08 2.09973e-08 3.49105e-08 5.80854e-08 9.57824e-08 1.56049e-07 2.50946e-07 3.98218e-07 6.2354e-07 9.63438e-07 1.46901e-06 2.21054e-06 3.28309e-06 4.81301e-06 6.96533e-06 9.95187e-06 1.40396e-05 1.95586e-05 2.69097e-05 3.65696e-05 4.90939e-05 6.51155e-05 8.53388e-05 0.000110527 0.000141485 0.000179028 0.000223954 0.000276998 0.000338788 0.000409796 0.000490285 0.000580262 0.000679439 0.000787195 0.000902562 0.00102422 0.0011505 0.00127946 0.00140886 0.0015363 0.00165926 0.00177518 0.00188157 0.00197608 0.00205656 0.00212119 0.00216846 0.00219727 0.00220695 0.00219727 0.00216846 0.00212119 0.00205656 0.00197608 0.00188157 0.00177518 0.00165926 0.0015363 0.00140886 0.00127946 0.0011505 0.00102422 0.000902562 0.000787195 0.000679439 0.000580262 0.000490285 0.000409796 0.000338788 0.000276998 0.000223954 0.000179028 0.000141485 0.000110527 8.53388e-05 6.51155e-05 4.90939e-05 3.65696e-05 2.69097e-05 1.95586e-05 1.40396e-05 9.95187e-06 6.96533e-06 4.81301e-06 3.28309e-06 2.21054e-06 1.46901e-06 9.63438e-07 6.2354e-07 3.98218e-07 2.50946e-07 1.56049e-07 9.57824e-08 5.80854e-08 3.49105e-08 2.09973e-08 1.30045e-08 8.91708e-09 
1.27897e-08 1.48594e-08 2.16148e-08 3.48033e-08 5.7713e-08 9.57824e-08 1.5755e-07 2.5604e-07 4.10701e-07 6.5006e-07 1.01524e-06 1.56454e-06 2.3792e-06 3.57055e-06 5.28851e-06 7.7316e-06 1.1158e-05 1.58975e-05 2.23639e-05 3.10668e-05 4.26213e-05 5.77559e-05 7.73147e-05 0.000102254 0.000133632 0.00017259 0.000220317 0.000278015 0.000346847 0.00042787 0.000521973 0.000629803 0.00075169 0.000887579 0.00103697 0.00119889 0.00137183 0.0015538 0.00174229 0.00193439 0.00212681 0.00231599 0.00249824 0.00266982 0.00282711 0.00296668 0.00308545 0.00318074 0.0032504 0.00329284 0.0033071 0.00329284 0.0032504 0.00318074 0.00308545 0.00296668 0.00282711 0.00266982 0.00249824 0.00231599 0.00212681 0.00193439 0.00174229 0.0015538 0.00137183 0.00119889 0.00103697 0.000887579 0.00075169 0.000629803 0.000521973 0.00042787 0.000346847 0.000278015 0.000220317 0.00017259 0.000133632 0.000102254 7.73147e-05 5.77559e-05 4.26213e-05 3.10668e-05 2.23639e-05 1.58975e-05 1.1158e-05 7.7316e-06 5.28851e-06 3.57055e-06 2.3792e-06 1.56454e-06 1.01524e-06 6.5006e-07 4.10701e-07 2.5604e-07 1.5755e-07 9.57824e-08 5.7713e-08 3.48033e-08 2.16148e-08 1.48594e-08 
2.10831e-08 2.44655e-08 3.54958e-08 5.69959e-08 9.42653e-08 1.56049e-07 2.5604e-07 4.15053e-07 6.6408e-07 1.04841e-06 1.63313e-06 2.51011e-06 3.80694e-06 5.69778e-06 8.4162e-06 1.22702e-05 1.76585e-05 2.50883e-05 3.51931e-05 4.8749e-05 6.66884e-05 9.01096e-05 0.000120278 0.00015862 0.000206704 0.000266208 0.000338871 0.000426436 0.000530568 0.000652766 0.000794264 0.000955924 0.00113814 0.00134073 0.00156286 0.001803 0.00205887 0.00232748 0.00260513 0.00288751 0.00316983 0.00344693 0.00371346 0.00396403 0.00419344 0.0043968 0.00456968 0.00470829 0.00480956 0.00487124 0.00489196 0.00487124 0.00480956 0.00470829 0.00456968 0.0043968 0.00419344 0.00396403 0.00371346 0.00344693 0.00316983 0.00288751 0.00260513 0.00232748 0.00205887 0.001803 0.00156286 0.00134073 0.00113814 0.000955924 0.000794264 0.000652766 0.000530568 0.000426436 0.000338871 0.000266208 0.000206704 0.00015862 0.000120278 9.01096e-05 6.66884e-05 4.8749e-05 3.51931e-05 2.50883e-05 1.76585e-05 1.22702e-05 8.4162e-06 5.69778e-06 3.80694e-06 2.51011e-06 1.63313e-06 1.04841e-06 6.6408e-07 4.15053e-07 2.5604e-07 1.56049e-07 9.42653e-08 5.69959e-08 3.54958e-08 2.44655e-08 
3.43078e-08 3.97641e-08 5.75412e-08 9.2136e-08 1.51979e-07 2.50946e-07 4.10701e-07 6.6408e-07 1.0598e-06 1.66883e-06 2.59273e-06 3.97442e-06 6.01157e-06 8.97286e-06 1.32173e-05 1.9216e-05 2.75765e-05 3.90679e-05 5.46461e-05 7.54764e-05 0.000102952 0.000138704 0.000184603 0.000242743 0.000315411 0.000405038 0.000514126 0.000645156 0.000800474 0.00098216 0.00119189 0.00143078 0.00169925 0.00199689 0.00232235 0.00267327 0.00304626 0.00343687 0.00383973 0.00424861 0.0046566 0.00505632 0.00544017 0.00580053 0.00613001 0.00642175 0.00666953 0.00686805 0.007013 0.00710126 0.00713089 0.00710126 0.007013 0.00686805 0.00666953 0.00642175 0.00613001 0.00580053 0.00544017 0.00505632 0.0046566 0.00424861 0.00383973 0.00343687 0.00304626 0.00267327 0.00232235 0.00199689 0.00169925 0.00143078 0.00119189 0.00098216 0.000800474 0.000645156 0.000514126 0.000405038 0.000315411 0.000242743 0.000184603 0.000138704 0.000102952 7.54764e-05 5.46461e-05 3.90679e-05 2.75765e-05 1.9216e-05 1.32173e-05 8.97286e-06 6.01157e-06 3.97442e-06 2.59273e-06 1.66883e-06 1.0598e-06 6.6408e-07 4.10701e-07 2.50946e-07 1.51979e-07 9.2136e-08 5.75412e-08 3.97641e-08 
5.50979e-08 6.37831e-08 9.20549e-08 1.46983e-07 2.41796e-07 3.98218e-07 6.5006e-07 1.04841e-06 1.66883e-06 2.62095e-06 4.06116e-06 6.20864e-06 9.36536e-06 1.39401e-05 2.04768e-05 2.96862e-05 4.24803e-05 6.00087e-05 8.36927e-05 0.000115256 0.00015675 0.00021056 0.000279407 0.000366316 0.000474573 0.000607638 0.000769048 0.000962272 0.00119055 0.00145671 0.00176297 0.00211072 0.00250034 0.00293102 0.00340061 0.00390557 0.00444088 0.00500011 0.00557552 0.00615826 0.00673855 0.00730604 0.00785005 0.00835999 0.00882561 0.0092374 0.00958681 0.00986652 0.0100706 0.0101949 0.0102366 0.0101949 0.0100706 0.00986652 0.00958681 0.0092374 0.00882561 0.00835999 0.00785005 0.00730604 0.00673855 0.00615826 0.00557552 0.00500011 0.00444088 0.00390557 0.00340061 0.00293102 0.00250034 0.00211072 0.00176297 0.00145671 0.00119055 0.000962272 0.000769048 0.000607638 0.000474573 0.000366316 0.000279407 0.00021056 0.00015675 0.000115256 8.36927e-05 6.00087e-05 4.24803e-05 2.96862e-05 2.04768e-05 1.39401e-05 9.36536e-06 6.20864e-06 4.06116e-06 2.62095e-06 1.66883e-06 1.04841e-06 6.5006e-07 3.98218e-07 2.41796e-07 1.46983e-07 9.20549e-08 6.37831e-08 
8.7326e-08 1.00968e-07 1.45333e-07 2.31387e-07 3.79608e-07 6.2354e-07 1.01524e-06 1.63313e-06 2.59273e-06 4.06116e-06 6.27583e-06 9.56824e-06 1.43932e-05 2.13641e-05 3.1293e-05 4.52367e-05 6.45452e-05 9.0911e-05 0.000126417 0.000173575 0.000235357 0.0003152 0.000416999 0.000545058 0.000704012 0.00089871 0.00113406 0.00141481 0.00174537 0.00212949 0.00257 0.00306857 0.0036254 0.00423903 0.00490614 0.00562144 0.00637768 0.00716568 0.00797453 0.0087918 0.00960392 0.0103966 0.0111551 0.0118649 0.0125122 0.0130839 0.0135685 0.0139561 0.0142388 0.0144108 0.0144685 0.0144108 0.0142388 0.0139561 0.0135685 0.0130839 0.0125122 0.0118649 0.0111551 0.0103966 0.00960392 0.0087918 0.00797453 0.00716568 0.00637768 0.00562144 0.00490614 0.00423903 0.0036254 0.00306857 0.00257 0.00212949 0.00174537 0.00141481 0.00113406 0.00089871 0.000704012 0.000545058 0.000416999 0.0003152 0.000235357 0.000173575 0.000126417 9.0911e-05 6.45452e-05 4.52367e-05 3.1293e-05 2.13641e-05 1.43932e-05 9.56824e-06 6.27583e-06 4.06116e-06 2.59273e-06 1.63313e-06 1.01524e-06 6.2354e-07 3.79608e-07 2.31387e-07 1.45333e-07 1.00968e-07 
1.36594e-07 1.57737e-07 2.26435e-07 3.59466e-07 5.88101e-07 9.63438e-07 1.56454e-06 2.51011e-06 3.97442e-06 6.20864e-06 9.56824e-06 1.45476e-05 2.18222e-05 3.22991e-05 4.7174e-05 6.79957e-05 9.6733e-05 0.000135842 0.000188329 0.000257801 0.000348496 0.000465293 0.000613677 0.000799668 0.0010297 0.00131045 0.00164859 0.00205055 0.00252213 0.00306819 0.00369229 0.00439626 0.00517993 0.00604078 0.00697378 0.00797122 0.00902277 0.0101155 0.0112344 0.0123621 0.0134803 0.0145694 0.0156097 0.0165816 0.0174665 0.0182471 0.0189081 0.0194363 0.0198213 0.0200553 0.0201339 0.0200553 0.0198213 0.0194363 0.0189081 0.0182471 0.0174665 0.0165816 0.0156097 0.0145694 0.0134803 0.0123621 0.0112344 0.0101155 0.00902277 0.00797122 0.00697378 0.00604078 0.00517993 0.00439626 0.00369229 0.00306819 0.00252213 0.00205055 0.00164859 0.00131045 0.0010297 0.000799668 0.000613677 0.000465293 0.000348496 0.000257801 0.000188329 0.000135842 9.6733e-05 6.79957e-05 4.7174e-05 3.22991e-05 2.18222e-05 1.45476e-05 9.56824e-06 6.20864e-06 3.97442e-06 2.51011e-06 1.56454e-06 9.63438e-07 5.88101e-07 3.59466e-07 2.26435e-07 1.57737e-07 
2.10873e-07 2.43211e-07 3.48186e-07 5.51122e-07 8.99136e-07 1.46901e-06 2.3792e-06 3.80694e-06 6.01157e-06 9.36536e-06 1.43932e-05 2.18222e-05 3.26416e-05 4.81739e-05 7.01547e-05 0.000100821 0.000143003 0.000200213 0.000276726 0.000377641 0.000508917 0.000677361 0.000890582 0.00115686 0.00148498 0.00188396 0.00236274 0.00292977 0.00359259 0.00435735 0.00522827 0.00620724 0.00729332 0.00848243 0.00976706 0.0111362 0.0125753 0.0140667 0.0155895 0.0171207 0.0186354 0.0201075 0.0215108 0.0228196 0.0240094 0.0250575 0.0259439 0.0266516 0.0271671 0.0274804 0.0275855 0.0274804 0.0271671 0.0266516 0.0259439 0.0250575 0.0240094 0.0228196 0.0215108 0.0201075 0.0186354 0.0171207 0.0155895 0.0140667 0.0125753 0.0111362 0.00976706 0.00848243 0.00729332 0.00620724 0.00522827 0.00435735 0.00359259 0.00292977 0.00236274 0.00188396 0.00148498 0.00115686 0.000890582 0.000677361 0.000508917 0.000377641 0.000276726 0.000200213 0.000143003 0.000100821 7.01547e-05 4.81739e-05 3.26416e-05 2.18222e-05 1.43932e-05 9.36536e-06 6.01157e-06 3.80694e-06 2.3792e-06 1.46901e-06 8.99136e-07 5.51122e-07 3.48186e-07 2.43211e-07 
3.21324e-07 3.70135e-07 5.2844e-07 8.33952e-07 1.35671e-06 2.21054e-06 3.57055e-06 5.69778e-06 8.97286e-06 1.39401e-05 2.13641e-05 3.22991e-05 4.81739e-05 7.08895e-05 0.00010293 0.000147481 0.000208551 0.00029109 0.000401086 0.000545643 0.000733005 0.000972531 0.0012746 0.00165041 0.00211176 0.00267061 0.00333869 0.00412692 0.00504485 0.00609998 0.00729718 0.00863804 0.0101204 0.0117377 0.0134791 0.0153291 0.0172677 0.0192708 0.0213104 0.0233559 0.0253743 0.0273316 0.0291936 0.030927 0.0325 0.0338839 0.0350528 0.0359852 0.0366639 0.0370761 0.0372144 0.0370761 0.0366639 0.0359852 0.0350528 0.0338839 0.0325 0.030927 0.0291936 0.0273316 0.0253743 0.0233559 0.0213104 0.0192708 0.0172677 0.0153291 0.0134791 0.0117377 0.0101204 0.00863804 0.00729718 0.00609998 0.00504485 0.00412692 0.00333869 0.00267061 0.00211176 0.00165041 0.0012746 0.000972531 0.000733005 0.000545643 0.000401086 0.00029109 0.000208551 0.000147481 0.00010293 7.08895e-05 4.81739e-05 3.22991e-05 2.13641e-05 1.39401e-05 8.97286e-06 5.69778e-06 3.57055e-06 2.21054e-06 1.35671e-06 8.33952e-07 5.2844e-07 3.70135e-07 
4.83314e-07 5.5603e-07 7.91646e-07 1.24558e-06 2.02055e-06 3.28309e-06 5.28851e-06 8.4162e-06 1.32173e-05 2.04768e-05 3.1293e-05 4.7174e-05 7.01547e-05 0.00010293 0.000149004 0.000212849 0.000300063 0.000417519 0.000573484 0.000777702 0.00104141 0.00137726 0.0017992 0.00232213 0.00296159 0.00373319 0.00465199 0.00573181 0.00698442 0.00841872 0.01004 0.0118489 0.0138414 0.0160076 0.0183318 0.0207927 0.0233632 0.0260109 0.0286991 0.0313876 0.0340338 0.0365937 0.0390238 0.0412815 0.0433269 0.0451235 0.0466392 0.047847 0.0487254 0.0492587 0.0494375 0.0492587 0.0487254 0.047847 0.0466392 0.0451235 0.0433269 0.0412815 0.0390238 0.0365937 0.0340338 0.0313876 0.0286991 0.0260109 0.0233632 0.0207927 0.0183318 0.0160076 0.0138414 0.0118489 0.01004 0.00841872 0.00698442 0.00573181 0.00465199 0.00373319 0.00296159 0.00232213 0.0017992 0.00137726 0.00104141 0.000777702 0.000573484 0.000417519 0.000300063 0.000212849 0.000149004 0.00010293 7.01547e-05 4.7174e-05 3.1293e-05 2.04768e-05 1.32173e-05 8.4162e-06 5.28851e-06 3.28309e-06 2.02055e-06 1.24558e-06 7.91646e-07 5.5603e-07 
7.17651e-07 8.24579e-07 1.17072e-06 1.83644e-06 2.97042e-06 4.81301e-06 7.7316e-06 1.22702e-05 1.9216e-05 2.96862e-05 4.52367e-05 6.79957e-05 0.000100821 0.000147481 0.000212849 0.000303116 0.000425986 0.000590864 0.000808998 0.00109355 0.00145961 0.00192402 0.00250519 0.00322265 0.0040965 0.0051467 0.00639225 0.00785021 0.0095347 0.0114559 0.0136188 0.0160229 0.0186608 0.0215179 0.0245725 0.0277953 0.0311503 0.0345949 0.0380816 0.0415586 0.0449716 0.0482653 0.0513846 0.0542768 0.0568922 0.0591858 0.0611182 0.0626564 0.0637741 0.0644524 0.0646797 0.0644524 0.0637741 0.0626564 0.0611182 0.0591858 0.0568922 0.0542768 0.0513846 0.0482653 0.0449716 0.0415586 0.0380816 0.0345949 0.0311503 0.0277953 0.0245725 0.0215179 0.0186608 0.0160229 0.0136188 0.0114559 0.0095347 0.00785021 0.00639225 0.0051467 0.0040965 0.00322265 0.00250519 0.00192402 0.00145961 0.00109355 0.000808998 0.000590864 0.000425986 0.000303116 0.000212849 0.000147481 0.000100821 6.79957e-05 4.52367e-05 2.96862e-05 1.9216e-05 1.22702e-05 7.7316e-06 4.81301e-06 2.97042e-06 1.83644e-06 1.17072e-06 8.24579e-07 
1.05204e-06 1.20725e-06 1.70923e-06 2.67299e-06 4.31089e-06 6.96533e-06 1.1158e-05 1.76585e-05 2.75765e-05 4.24803e-05 6.45452e-05 9.6733e-05 0.000143003 0.000208551 0.000300063 0.000425986 0.000596774 0.000825114 0.00112608 0.0015172 0.00201839 0.00265177 0.00344124 0.00441191 0.00558937 0.00699866 0.0086632 0.0106036 0.0128362 0.0153721 0.0182155 0.0213631 0.0248032 0.0285148 0.0324679 0.0366235 0.0409343 0.0453454 0.049796 0.0542208 0.058552 0.0627206 0.0666592 0.070303 0.0735918 0.0764711 0.0788936 0.0808196 0.0822179 0.0830659 0.0833501 0.0830659 0.0822179 0.0808196 0.0788936 0.0764711 0.0735918 0.070303 0.0666592 0.0627206 0.058552 0.0542208 0.049796 0.0453454 0.0409343 0.0366235 0.0324679 0.0285148 0.0248032 0.0213631 0.0182155 0.0153721 0.0128362 0.0106036 0.0086632 0.00699866 0.00558937 0.00441191 0.00344124 0.00265177 0.00201839 0.0015172 0.00112608 0.000825114 0.000596774 0.000425986 0.000300063 0.000208551 0.000143003 9.6733e-05 6.45452e-05 4.24803e-05 2.75765e-05 1.76585e-05 1.1158e-05 6.96533e-06 4.31089e-06 2.67299e-06 1.70923e-06 1.20725e-06 
1.52272e-06 1.74516e-06 2.46385e-06 3.84128e-06 6.17682e-06 9.95187e-06 1.58975e-05 2.50883e-05 3.90679e-05 6.00087e-05 9.0911e-05 0.000135842 0.000200213 0.00029109 0.000417519 0.000590864 0.000825114 0.00113713 0.00154683 0.0020772 0.00275416 0.00360625 0.00466401 0.00595921 0.0075238 0.00938859 0.0115818 0.0141277 0.0170445 0.0203435 0.024027 0.0280876 0.0325073 0.0372566 0.0422951 0.0475715 0.0530247 0.0585851 0.0641765 0.0697179 0.0751258 0.0803165 0.0852083 0.0897235 0.0937904 0.0973448 0.100331 0.102702 0.104422 0.105464 0.105814 0.105464 0.104422 0.102702 0.100331 0.0973448 0.0937904 0.0897235 0.0852083 0.0803165 0.0751258 0.0697179 0.0641765 0.0585851 0.0530247 0.0475715 0.0422951 0.0372566 0.0325073 0.0280876 0.024027 0.0203435 0.0170445 0.0141277 0.0115818 0.00938859 0.0075238 0.00595921 0.00466401 0.00360625 0.00275416 0.0020772 0.00154683 0.00113713 0.000825114 0.000590864 0.000417519 0.00029109 0.000200213 0.000135842 9.0911e-05 6.00087e-05 3.90679e-05 2.50883e-05 1.58975e-05 9.95187e-06 6.17682e-06 3.84128e-06 2.46385e-06 1.74516e-06 
2.17632e-06 2.49106e-06 3.50701e-06 5.45075e-06 8.7389e-06 1.40396e-05 2.23639e-05 3.51931e-05 5.46461e-05 8.36927e-05 0.000126417 0.000188329 0.000276726 0.000401086 0.000573484 0.000808998 0.00112608 0.00154683 0.00209718 0.00280682 0.00370897 0.00483988 0.00623796 0.0079427 0.00999325 0.0124267 0.0152764 0.0185698 0.0223267 0.0265571 0.0312602 0.0364224 0.0420171 0.048004 0.0543293 0.060927 0.0677195 0.07462 0.0815345 0.0883642 0.0950086 0.101368 0.107344 0.112848 0.117794 0.122109 0.125728 0.128598 0.130678 0.131937 0.132359 0.131937 0.130678 0.128598 0.125728 0.122109 0.117794 0.112848 0.107344 0.101368 0.0950086 0.0883642 0.0815345 0.07462 0.0677195 0.060927 0.0543293 0.048004 0.0420171 0.0364224 0.0312602 0.0265571 0.0223267 0.0185698 0.0152764 0.0124267 0.00999325 0.0079427 0.00623796 0.00483988 0.00370897 0.00280682 0.00209718 0.00154683 0.00112608 0.000808998 0.000573484 0.000401086 0.000276726 0.000188329 0.000126417 8.36927e-05 5.46461e-05 3.51931e-05 2.23639e-05 1.40396e-05 8.7389e-06 5.45075e-06 3.50701e-06 2.49106e-06 
3.07167e-06 3.51144e-06 4.92959e-06 7.63807e-06 1.22093e-05 1.95586e-05 3.10668e-05 4.8749e-05 7.54764e-05 0.000115256 0.000173575 0.000257801 0.000377641 0.000545643 0.000777702 0.00109355 0.0015172 0.0020772 0.00280682 0.00374385 0.00493025 0.00641131 0.00823454 0.0104482 0.0130992 0.0162316 0.0198834 0.0240848 0.028856 0.0342045 0.0401237 0.0465919 0.053571 0.0610068 0.0688295 0.0769552 0.0852871 0.0937188 0.102136 0.110422 0.118455 0.12612 0.133304 0.139902 0.145819 0.15097 0.155283 0.158699 0.161172 0.162669 0.16317 0.162669 0.161172 0.158699 0.155283 0.15097 0.145819 0.139902 0.133304 0.12612 0.118455 0.110422 0.102136 0.0937188 0.0852871 0.0769552 0.0688295 0.0610068 0.053571 0.0465919 0.0401237 0.0342045 0.028856 0.0240848 0.0198834 0.0162316 0.0130992 0.0104482 0.00823454 0.00641131 0.00493025 0.00374385 0.00280682 0.0020772 0.0015172 0.00109355 0.000777702 0.000545643 0.000377641 0.000257801 0.000173575 0.000115256 7.54764e-05 4.8749e-05 3.10668e-05 1.95586e-05 1.22093e-05 7.63807e-06 4.92959e-06 3.51144e-06 
4.28172e-06 4.88854e-06 6.84353e-06 1.05707e-05 1.68467e-05 2.69097e-05 4.26213e-05 6.66884e-05 0.000102952 0.00015675 0.000235357 0.000348496 0.000508917 0.000733005 0.00104141 0.00145961 0.00201839 0.00275416 0.00370897 0.00493025 0.00647013 0.00838436 0.0107307 0.013567 0.0169488 0.0209265 0.0255427 0.0308294 0.0368052 0.043473 0.0508182 0.0588075 0.0673884 0.0764895 0.0860218 0.0958803 0.105947 0.116092 0.126181 0.136075 0.145635 0.154727 0.163223 0.171005 0.177967 0.184015 0.18907 0.193068 0.195959 0.197707 0.198292 0.197707 0.195959 0.193068 0.18907 0.184015 0.177967 0.171005 0.163223 0.154727 0.145635 0.136075 0.126181 0.116092 0.105947 0.0958803 0.0860218 0.0764895 0.0673884 0.0588075 0.0508182 0.043473 0.0368052 0.0308294 0.0255427 0.0209265 0.0169488 0.013567 0.0107307 0.00838436 0.00647013 0.00493025 0.00370897 0.00275416 0.00201839 0.00145961 0.00104141 0.000733005 0.000508917 0.000348496 0.000235357 0.00015675 0.000102952 6.66884e-05 4.26213e-05 2.69097e-05 1.68467e-05 1.05707e-05 6.84353e-06 4.88854e-06 
5.89515e-06 6.72218e-06 9.38406e-06 1.44501e-05 2.29605e-05 3.65696e-05 5.77559e-05 9.01096e-05 0.000138704 0.00021056 0.0003152 0.000465293 0.000677361 0.000972531 0.00137726 0.00192402 0.00265177 0.00360625 0.00483988 0.00641131 0.00838436 0.0108266 0.013807 0.0173937 0.0216509 0.0266352 0.0323927 0.0389554 0.0463384 0.0545369 0.0635253 0.0732551 0.0836559 0.0946356 0.106082 0.117867 0.129848 0.141871 0.153779 0.165412 0.17661 0.187224 0.197111 0.206141 0.214199 0.221183 0.22701 0.231611 0.234934 0.236942 0.237614 0.236942 0.234934 0.231611 0.22701 0.221183 0.214199 0.206141 0.197111 0.187224 0.17661 0.165412 0.153779 0.141871 0.129848 0.117867 0.106082 0.0946356 0.0836559 0.0732551 0.0635253 0.0545369 0.0463384 0.0389554 0.0323927 0.0266352 0.0216509 0.0173937 0.013807 0.0108266 0.00838436 0.00641131 0.00483988 0.00360625 0.00265177 0.00192402 0.00137726 0.000972531 0.000677361 0.000465293 0.0003152 0.00021056 0.000138704 9.01096e-05 5.77559e-05 3.65696e-05 2.29605e-05 1.44501e-05 9.38406e-06 6.72218e-06 
8.01761e-06 9.13102e-06 1.27112e-05 1.95131e-05 3.09131e-05 4.90939e-05 7.73147e-05 0.000120278 0.000184603 0.000279407 0.000416999 0.000613677 0.000890582 0.0012746 0.0017992 0.00250519 0.00344124 0.00466401 0.00623796 0.00823454 0.0107307 0.013807 0.0175445 0.022022 0.0273119 0.0334763 0.0405631 0.048602 0.0576016 0.0675464 0.0783955 0.0900818 0.102513 0.115571 0.129121 0.143004 0.157053 0.17109 0.184933 0.1984 0.211315 0.223511 0.234834 0.245144 0.254319 0.262253 0.268859 0.274066 0.277823 0.280092 0.28085 0.280092 0.277823 0.274066 0.268859 0.262253 0.254319 0.245144 0.234834 0.223511 0.211315 0.1984 0.184933 0.17109 0.157053 0.143004 0.129121 0.115571 0.102513 0.0900818 0.0783955 0.0675464 0.0576016 0.048602 0.0405631 0.0334763 0.0273119 0.022022 0.0175445 0.013807 0.0107307 0.00823454 0.00623796 0.00466401 0.00344124 0.00250519 0.0017992 0.0012746 0.000890582 0.000613677 0.000416999 0.000279407 0.000184603 0.000120278 7.73147e-05 4.90939e-05 3.09131e-05 1.95131e-05 1.27112e-05 9.13102e-06 
1.07723e-05 1.22532e-05 1.70104e-05 2.60328e-05 4.11195e-05 6.51155e-05 0.000102254 0.00015862 0.000242743 0.000366316 0.000545058 0.000799668 0.00115686 0.00165041 0.00232213 0.00322265 0.00441191 0.00595921 0.0079427 0.0104482 0.013567 0.0173937 0.022022 0.0275411 0.0340309 0.0415575 0.0501681 0.0598875 0.070714 0.0826173 0.0955372 0.109383 0.124037 0.139353 0.155165 0.171288 0.187525 0.203671 0.219523 0.234879 0.249545 0.263342 0.276106 0.287691 0.297971 0.306837 0.314204 0.320001 0.324178 0.326698 0.32754 0.326698 0.324178 0.320001 0.314204 0.306837 0.297971 0.287691 0.276106 0.263342 0.249545 0.234879 0.219523 0.203671 0.187525 0.171288 0.155165 0.139353 0.124037 0.109383 0.0955372 0.0826173 0.070714 0.0598875 0.0501681 0.0415575 0.0340309 0.0275411 0.022022 0.0173937 0.013567 0.0104482 0.0079427 0.00595921 0.00441191 0.00322265 0.00232213 0.00165041 0.00115686 0.000799668 0.000545058 0.000366316 0.000242743 0.00015862 0.000102254 6.51155e-05 4.11195e-05 2.60328e-05 1.70104e-05 1.22532e-05 
1.42998e-05 1.62458e-05 2.24916e-05 3.43166e-05 5.40445e-05 8.53388e-05 0.000133632 0.000206704 0.000315411 0.000474573 0.000704012 0.0010297 0.00148498 0.00211176 0.00296159 0.0040965 0.00558937 0.0075238 0.00999325 0.0130992 0.0169488 0.0216509 0.0273119 0.0340309 0.041894 0.0509687 0.061299 0.0729008 0.085758 0.0998209 0.115005 0.131193 0.148235 0.165954 0.184152 0.202613 0.221111 0.239417 0.257304 0.274553 0.290956 0.306326 0.320491 0.333304 0.344638 0.354388 0.36247 0.368819 0.373386 0.376139 0.377059 0.376139 0.373386 0.368819 0.36247 0.354388 0.344638 0.333304 0.320491 0.306326 0.290956 0.274553 0.257304 0.239417 0.221111 0.202613 0.184152 0.165954 0.148235 0.131193 0.115005 0.0998209 0.085758 0.0729008 0.061299 0.0509687 0.041894 0.0340309 0.0273119 0.0216509 0.0169488 0.0130992 0.00999325 0.0075238 0.00558937 0.0040965 0.00296159 0.00211176 0.00148498 0.0010297 0.000704012 0.000474573 0.000315411 0.000206704 0.000133632 8.53388e-05 5.40445e-05 3.43166e-05 2.24916e-05 1.62458e-05 
1.87562e-05 2.12833e-05 2.93864e-05 4.47018e-05 7.01948e-05 0.000110527 0.00017259 0.000266208 0.000405038 0.000607638 0.00089871 0.00131045 0.00188396 0.00267061 0.00373319 0.0051467 0.00699866 0.00938859 0.0124267 0.0162316 0.0209265 0.0266352 0.0334763 0.0415575 0.0509687 0.0617764 0.0740173 0.087694 0.102771 0.119175 0.136793 0.155473 0.175032 0.195259 0.21592 0.236769 0.25755 0.278011 0.297904 0.316996 0.33507 0.351933 0.367413 0.381364 0.393664 0.404215 0.41294 0.41978 0.424693 0.427651 0.428639 0.427651 0.424693 0.41978 0.41294 0.404215 0.393664 0.381364 0.367413 0.351933 0.33507 0.316996 0.297904 0.278011 0.25755 0.236769 0.21592 0.195259 0.175032 0.155473 0.136793 0.119175 0.102771 0.087694 0.0740173 0.0617764 0.0509687 0.0415575 0.0334763 0.0266352 0.0209265 0.0162316 0.0124267 0.00938859 0.00699866 0.0051467 0.00373319 0.00267061 0.00188396 0.00131045 0.00089871 0.000607638 0.000405038 0.000266208 0.00017259 0.000110527 7.01948e-05 4.47018e-05 2.93864e-05 2.12833e-05 
2.43106e-05 2.75537e-05 3.79435e-05 5.7548e-05 9.01073e-05 0.000141485 0.000220317 0.000338871 0.000514126 0.000769048 0.00113406 0.00164859 0.00236274 0.00333869 0.00465199 0.00639225 0.0086632 0.0115818 0.0152764 0.0198834 0.0255427 0.0323927 0.0405631 0.0501681 0.061299 0.0740173 0.088348 0.104276 0.121741 0.14064 0.160825 0.182109 0.204271 0.227061 0.25021 0.273441 0.29647 0.319022 0.340835 0.361665 0.38129 0.399516 0.416178 0.431136 0.444279 0.455518 0.464787 0.472038 0.477238 0.480366 0.48141 0.480366 0.477238 0.472038 0.464787 0.455518 0.444279 0.431136 0.416178 0.399516 0.38129 0.361665 0.340835 0.319022 0.29647 0.273441 0.25021 0.227061 0.204271 0.182109 0.160825 0.14064 0.121741 0.104276 0.088348 0.0740173 0.061299 0.0501681 0.0405631 0.0323927 0.0255427 0.0198834 0.0152764 0.0115818 0.0086632 0.00639225 0.00465199 0.00333869 0.00236274 0.00164859 0.00113406 0.000769048 0.000514126 0.000338871 0.000220317 0.000141485 9.01073e-05 5.7548e-05 3.79435e-05 2.75537e-05 
3.11401e-05 3.5254e-05 4.84215e-05 7.32264e-05 0.000114332 0.000179028 0.000278015 0.000426436 0.000645156 0.000962272 0.00141481 0.00205055 0.00292977 0.00412692 0.00573181 0.00785021 0.0106036 0.0141277 0.0185698 0.0240848 0.0308294 0.0389554 0.048602 0.0598875 0.0729008 0.087694 0.104276 0.122607 0.142599 0.164112 0.186959 0.210913 0.235712 0.261066 0.286672 0.312219 0.337401 0.361924 0.385514 0.407921 0.428926 0.448342 0.466011 0.481808 0.495636 0.507423 0.517116 0.524682 0.530099 0.533353 0.534439 0.533353 0.530099 0.524682 0.517116 0.507423 0.495636 0.481808 0.466011 0.448342 0.428926 0.407921 0.385514 0.361924 0.337401 0.312219 0.286672 0.261066 0.235712 0.210913 0.186959 0.164112 0.142599 0.122607 0.104276 0.087694 0.0729008 0.0598875 0.048602 0.0389554 0.0308294 0.0240848 0.0185698 0.0141277 0.0106036 0.00785021 0.00573181 0.00412692 0.00292977 0.00205055 0.00141481 0.000962272 0.000645156 0.000426436 0.000278015 0.000179028 0.000114332 7.32264e-05 4.84215e-05 3.5254e-05 
3.94236e-05 4.45822e-05 6.10789e-05 9.21054e-05 0.00014341 0.000223954 0.000346847 0.000530568 0.000800474 0.00119055 0.00174537 0.00252213 0.00359259 0.00504485 0.00698442 0.0095347 0.0128362 0.0170445 0.0223267 0.028856 0.0368052 0.0463384 0.0576016 0.070714 0.085758 0.102771 0.121741 0.142599 0.16522 0.189424 0.214982 0.241622 0.269038 0.296901 0.324873 0.352614 0.379797 0.406115 0.431285 0.455062 0.477232 0.497621 0.516088 0.532526 0.546858 0.559031 0.569012 0.576784 0.582338 0.58567 0.586781 0.58567 0.582338 0.576784 0.569012 0.559031 0.546858 0.532526 0.516088 0.497621 0.477232 0.455062 0.431285 0.406115 0.379797 0.352614 0.324873 0.296901 0.269038 0.241622 0.214982 0.189424 0.16522 0.142599 0.121741 0.102771 0.085758 0.070714 0.0576016 0.0463384 0.0368052 0.028856 0.0223267 0.0170445 0.0128362 0.0095347 0.00698442 0.00504485 0.00359259 0.00252213 0.00174537 0.00119055 0.000800474 0.000530568 0.000346847 0.000223954 0.00014341 9.21054e-05 6.10789e-05 4.45822e-05 
4.93338e-05 5.57288e-05 7.61624e-05 0.000114532 0.000177846 0.000276998 0.00042787 0.000652766 0.00098216 0.00145671 0.00212949 0.00306819 0.00435735 0.00609998 0.00841872 0.0114559 0.0153721 0.0203435 0.0265571 0.0342045 0.043473 0.0545369 0.0675464 0.0826173 0.0998209 0.119175 0.14064 0.164112 0.189424 0.216353 0.244621 0.27391 0.303868 0.334129 0.364321 0.394079 0.423058 0.450944 0.477455 0.502352 0.525437 0.546553 0.565581 0.582441 0.597078 0.609464 0.619587 0.627448 0.633054 0.636413 0.637532 0.636413 0.633054 0.627448 0.619587 0.609464 0.597078 0.582441 0.565581 0.546553 0.525437 0.502352 0.477455 0.450944 0.423058 0.394079 0.364321 0.334129 0.303868 0.27391 0.244621 0.216353 0.189424 0.164112 0.14064 0.119175 0.0998209 0.0826173 0.0675464 0.0545369 0.043473 0.0342045 0.0265571 0.0203435 0.0153721 0.0114559 0.00841872 0.00609998 0.00435735 0.00306819 0.00212949 0.00145671 0.00098216 0.000652766 0.00042787 0.000276998 0.000177846 0.000114532 7.61624e-05 5.57288e-05 
6.10271e-05 6.88658e-05 9.38918e-05 0.000140814 0.00021808 0.000338788 0.000521973 0.000794264 0.00119189 0.00176297 0.00257 0.00369229 0.00522827 0.00729718 0.01004 0.0136188 0.0182155 0.024027 0.0312602 0.0401237 0.0508182 0.0635253 0.0783955 0.0955372 0.115005 0.136793 0.160825 0.186959 0.214982 0.244621 0.275548 0.307396 0.339771 0.372266 0.404481 0.43603 0.466557 0.495746 0.523322 0.549061 0.572785 0.594363 0.613703 0.630754 0.645489 0.657909 0.668024 0.675856 0.68143 0.684765 0.685875 0.684765 0.68143 0.675856 0.668024 0.657909 0.645489 0.630754 0.613703 0.594363 0.572785 0.549061 0.523322 0.495746 0.466557 0.43603 0.404481 0.372266 0.339771 0.307396 0.275548 0.244621 0.214982 0.186959 0.160825 0.136793 0.115005 0.0955372 0.0783955 0.0635253 0.0508182 0.0401237 0.0312602 0.024027 0.0182155 0.0136188 0.01004 0.00729718 0.00522827 0.00369229 0.00257 0.00176297 0.00119189 0.000794264 0.000521973 0.000338788 0.00021808 0.000140814 9.38918e-05 6.88658e-05 
7.46328e-05 8.41344e-05 0.000114445 0.000171191 0.000264448 0.000409796 0.000629803 0.000955924 0.00143078 0.00211072 0.00306857 0.00439626 0.00620724 0.00863804 0.0118489 0.0160229 0.0213631 0.0280876 0.0364224 0.0465919 0.0588075 0.0732551 0.0900818 0.109383 0.131193 0.155473 0.182109 0.210913 0.241622 0.27391 0.307396 0.341665 0.376281 0.410802 0.4448 0.477877 0.50967 0.539868 0.568212 0.594498 0.618574 0.64034 0.65974 0.676751 0.691381 0.703658 0.713621 0.721311 0.726771 0.730032 0.731117 0.730032 0.726771 0.721311 0.713621 0.703658 0.691381 0.676751 0.65974 0.64034 0.618574 0.594498 0.568212 0.539868 0.50967 0.477877 0.4448 0.410802 0.376281 0.341665 0.307396 0.27391 0.241622 0.210913 0.182109 0.155473 0.131193 0.109383 0.0900818 0.0732551 0.0588075 0.0465919 0.0364224 0.0280876 0.0213631 0.0160229 0.0118489 0.00863804 0.00620724 0.00439626 0.00306857 0.00211072 0.00143078 0.000955924 0.000629803 0.000409796 0.000264448 0.000171191 0.000114445 8.41344e-05 
9.02414e-05 0.000101632 0.00013794 0.000205817 0.000317153 0.000490285 0.00075169 0.00113814 0.00169925 0.00250034 0.0036254 0.00517993 0.00729332 0.0101204 0.0138414 0.0186608 0.0248032 0.0325073 0.0420171 0.053571 0.0673884 0.0836559 0.102513 0.124037 0.148235 0.175032 0.204271 0.235712 0.269038 0.303868 0.339771 0.376281 0.412922 0.449222 0.484733 0.519046 0.551803 0.582702 0.611507 0.63804 0.662183 0.683871 0.703084 0.719837 0.73417 0.746141 0.755817 0.763261 0.768532 0.771675 0.772719 0.771675 0.768532 0.763261 0.755817 0.746141 0.73417 0.719837 0.703084 0.683871 0.662183 0.63804 0.611507 0.582702 0.551803 0.519046 0.484733 0.449222 0.412922 0.376281 0.339771 0.303868 0.269038 0.235712 0.204271 0.175032 0.148235 0.124037 0.102513 0.0836559 0.0673884 0.053571 0.0420171 0.0325073 0.0248032 0.0186608 0.0138414 0.0101204 0.00729332 0.00517993 0.0036254 0.00250034 0.00169925 0.00113814 0.00075169 0.000490285 0.000317153 0.000205817 0.00013794 0.000101632 
0.000107893 0.000121399 0.000164419 0.000244735 0.00037623 0.000580262 0.000887579 0.00134073 0.00199689 0.00293102 0.00423903 0.00604078 0.00848243 0.0117377 0.0160076 0.0215179 0.0285148 0.0372566 0.048004 0.0610068 0.0764895 0.0946356 0.115571 0.139353 0.165954 0.195259 0.227061 0.261066 0.296901 0.334129 0.372266 0.410802 0.449222 0.487029 0.523761 0.559006 0.592415 0.623706 0.652669 0.67916 0.703098 0.724459 0.74326 0.759554 0.773417 0.784939 0.794209 0.801317 0.806335 0.809322 0.810314 0.809322 0.806335 0.801317 0.794209 0.784939 0.773417 0.759554 0.74326 0.724459 0.703098 0.67916 0.652669 0.623706 0.592415 0.559006 0.523761 0.487029 0.449222 0.410802 0.372266 0.334129 0.296901 0.261066 0.227061 0.195259 0.165954 0.139353 0.115571 0.0946356 0.0764895 0.0610068 0.048004 0.0372566 0.0285148 0.0215179 0.0160076 0.0117377 0.00848243 0.00604078 0.00423903 0.00293102 0.00199689 0.00134073 0.000887579 0.000580262 0.00037623 0.000244735 0.000164419 0.000121399 
0.000127565 0.000143407 0.000193835 0.000287855 0.000441514 0.000679439 0.00103697 0.00156286 0.00232235 0.00340061 0.00490614 0.00697378 0.00976706 0.0134791 0.0183318 0.0245725 0.0324679 0.0422951 0.0543293 0.0688295 0.0860218 0.106082 0.129121 0.155165 0.184152 0.21592 0.25021 0.286672 0.324873 0.364321 0.404481 0.4448 0.484733 0.523761 0.561414 0.597286 0.631042 0.662427 0.691262 0.717442 0.740929 0.761738 0.779929 0.795594 0.808842 0.819792 0.828562 0.83526 0.839974 0.842775 0.843703 0.842775 0.839974 0.83526 0.828562 0.819792 0.808842 0.795594 0.779929 0.761738 0.740929 0.717442 0.691262 0.662427 0.631042 0.597286 0.561414 0.523761 0.484733 0.4448 0.404481 0.364321 0.324873 0.286672 0.25021 0.21592 0.184152 0.155165 0.129121 0.106082 0.0860218 0.0688295 0.0543293 0.0422951 0.0324679 0.0245725 0.0183318 0.0134791 0.00976706 0.00697378 0.00490614 0.00340061 0.00232235 0.00156286 0.00103697 0.000679439 0.000441514 0.000287855 0.000193835 0.000143407 
0.000149165 0.000167551 0.000226034 0.000334937 0.000512621 0.000787195 0.00119889 0.001803 0.00267327 0.00390557 0.00562144 0.00797122 0.0111362 0.0153291 0.0207927 0.0277953 0.0366235 0.0475715 0.060927 0.0769552 0.0958803 0.117867 0.143004 0.171288 0.202613 0.236769 0.273441 0.312219 0.352614 0.394079 0.43603 0.477877 0.519046 0.559006 0.597286 0.633489 0.667305 0.698508 0.726957 0.75259 0.775412 0.795481 0.8129 0.827796 0.840313 0.8506 0.858797 0.86503 0.869403 0.871995 0.872854 0.871995 0.869403 0.86503 0.858797 0.8506 0.840313 0.827796 0.8129 0.795481 0.775412 0.75259 0.726957 0.698508 0.667305 0.633489 0.597286 0.559006 0.519046 0.477877 0.43603 0.394079 0.352614 0.312219 0.273441 0.236769 0.202613 0.171288 0.143004 0.117867 0.0958803 0.0769552 0.060927 0.0475715 0.0366235 0.0277953 0.0207927 0.0153291 0.0111362 0.00797122 0.00562144 0.00390557 0.00267327 0.001803 0.00119889 0.000787195 0.000512621 0.000334937 0.000226034 0.000167551 
0.000172523 0.000193636 0.000260751 0.000385583 0.000588928 0.000902562 0.00137183 0.00205887 0.00304626 0.00444088 0.00637768 0.00902277 0.0125753 0.0172677 0.0233632 0.0311503 0.0409343 0.0530247 0.0677195 0.0852871 0.105947 0.129848 0.157053 0.187525 0.221111 0.25755 0.29647 0.337401 0.379797 0.423058 0.466557 0.50967 0.551803 0.592415 0.631042 0.667305 0.70092 0.731698 0.75954 0.784428 0.80641 0.825591 0.842112 0.856137 0.867843 0.877403 0.884978 0.890712 0.89472 0.89709 0.897874 0.89709 0.89472 0.890712 0.884978 0.877403 0.867843 0.856137 0.842112 0.825591 0.80641 0.784428 0.75954 0.731698 0.70092 0.667305 0.631042 0.592415 0.551803 0.50967 0.466557 0.423058 0.379797 0.337401 0.29647 0.25755 0.221111 0.187525 0.157053 0.129848 0.105947 0.0852871 0.0677195 0.0530247 0.0409343 0.0311503 0.0233632 0.0172677 0.0125753 0.00902277 0.00637768 0.00444088 0.00304626 0.00205887 0.00137183 0.000902562 0.000588928 0.000385583 0.000260751 0.000193636 
