0.000728175 0.000740596 0.000778045 0.000841088 0.000930653 0.00104803 0.00119482 0.00137298 0.00158469 0.00183241 0.00211879 0.00244663 0.00281883 0.00323831 0.00370798 0.00423063 0.00480888 0.00544508 0.00614127 0.00689906 0.00771954 0.00860325 0.00955009 0.0105592 0.0116291 0.0127572 0.0139403 0.0151743 0.016454 0.0177737 0.0191266 0.0205049 0.0219005 0.0233042 0.0247065 0.0260971 0.0274656 0.0288012 0.0300931 0.0313304 0.0325023 0.0335986 0.0346092 0.035525 0.0363372 0.0370383 0.0376215 0.0380811 0.0384126 0.0386129 0.0386798 0.0386129 0.0384126 0.0380811 0.0376215 0.0370383 0.0363372 0.035525 0.0346092 0.0335986 0.0325023 0.0313304 0.0300931 0.0288012 0.0274656 0.0260971 0.0247065 0.0233042 0.0219005 0.0205049 0.0191266 0.0177737 0.016454 0.0151743 0.0139403 0.0127572 0.0116291 0.0105592 0.00955009 0.00860325 0.00771954 0.00689906 0.00614127 0.00544508 0.00480888 0.00423063 0.00370798 0.00323831 0.00281883 0.00244663 0.00211879 0.00183241 0.00158469 0.00137298 0.00119482 0.00104803 0.000930653 0.000841088 0.000778045 0.000740596 
0.000740596 0.000753211 0.00079125 0.000855282 0.00094625 0.00106545 0.00121453 0.00139544 0.0016104 0.0018619 0.00215263 0.0024854 0.00286316 0.00328886 0.00376543 0.0042957 0.00488231 0.00552763 0.00623372 0.00700218 0.00783412 0.00873007 0.00968991 0.0107128 0.011797 0.0129402 0.014139 0.0153892 0.0166857 0.0180225 0.0193927 0.0207886 0.0222018 0.0236231 0.0250429 0.0264507 0.027836 0.029188 0.0304956 0.0317478 0.0329338 0.0340432 0.0350659 0.0359925 0.0368144 0.0375237 0.0381137 0.0385787 0.0389142 0.0391167 0.0391845 0.0391167 0.0389142 0.0385787 0.0381137 0.0375237 0.0368144 0.0359925 0.0350659 0.0340432 0.0329338 0.0317478 0.0304956 0.029188 0.027836 0.0264507 0.0250429 0.0236231 0.0222018 0.0207886 0.0193927 0.0180225 0.0166857 0.0153892 0.014139 0.0129402 0.011797 0.0107128 0.00968991 0.00873007 0.00783412 0.00700218 0.00623372 0.00552763 0.00488231 0.0042957 0.00376543 0.00328886 0.00286316 0.0024854 0.00215263 0.0018619 0.0016104 0.00139544 0.00121453 0.00106545 0.00094625 0.000855282 0.00079125 0.000753211 
0.000778045 0.00079125 0.000831063 0.000898077 0.000993269 0.00111799 0.00127393 0.00146312 0.00168788 0.00195077 0.00225457 0.0026022 0.00299669 0.00344111 0.00393846 0.00449167 0.00510344 0.00577621 0.00651206 0.00731264 0.00817906 0.00911181 0.0101107 0.0111749 0.0123025 0.0134911 0.0147371 0.0160361 0.0173827 0.0187708 0.0201932 0.0216419 0.0231081 0.0245823 0.0260545 0.0275141 0.02895 0.0303509 0.0317056 0.0330027 0.0342311 0.0353798 0.0364387 0.0373979 0.0382486 0.0389828 0.0395934 0.0400746 0.0404217 0.0406313 0.0407014 0.0406313 0.0404217 0.0400746 0.0395934 0.0389828 0.0382486 0.0373979 0.0364387 0.0353798 0.0342311 0.0330027 0.0317056 0.0303509 0.02895 0.0275141 0.0260545 0.0245823 0.0231081 0.0216419 0.0201932 0.0187708 0.0173827 0.0160361 0.0147371 0.0134911 0.0123025 0.0111749 0.0101107 0.00911181 0.00817906 0.00731264 0.00651206 0.00577621 0.00510344 0.00449167 0.00393846 0.00344111 0.00299669 0.0026022 0.00225457 0.00195077 0.00168788 0.00146312 0.00127393 0.00111799 0.000993269 0.000898077 0.000831063 0.00079125 
0.000841088 0.000855282 0.000898077 0.0009701 0.00107239 0.00120637 0.00137385 0.00157696 0.00181817 0.00210017 0.00242591 0.00279848 0.00322107 0.00369688 0.0042291 0.00482077 0.00547473 0.00619351 0.00697927 0.00783369 0.00875786 0.00975228 0.0108167 0.01195 0.0131503 0.0144148 0.0157397 0.0171203 0.0185509 0.0200248 0.0215345 0.0230714 0.0246262 0.0261889 0.0277488 0.0292947 0.0308151 0.0322979 0.0337314 0.0351034 0.0364024 0.0376169 0.0387361 0.0397498 0.0406487 0.0414243 0.0420692 0.0425775 0.042944 0.0431654 0.0432394 0.0431654 0.042944 0.0425775 0.0420692 0.0414243 0.0406487 0.0397498 0.0387361 0.0376169 0.0364024 0.0351034 0.0337314 0.0322979 0.0308151 0.0292947 0.0277488 0.0261889 0.0246262 0.0230714 0.0215345 0.0200248 0.0185509 0.0171203 0.0157397 0.0144148 0.0131503 0.01195 0.0108167 0.00975228 0.00875786 0.00783369 0.00697927 0.00619351 0.00547473 0.00482077 0.0042291 0.00369688 0.00322107 0.00279848 0.00242591 0.00210017 0.00181817 0.00157696 0.00137385 0.00120637 0.00107239 0.0009701 0.000898077 0.000855282 
0.000930653 0.00094625 0.000993269 0.00107239 0.00118473 0.00133183 0.00151564 0.00173846 0.00200295 0.00231201 0.0026688 0.00307665 0.00353895 0.00405917 0.00464067 0.0052867 0.00600026 0.00678402 0.00764024 0.00857063 0.00957632 0.0106577 0.0118144 0.0130452 0.0143479 0.0157194 0.0171555 0.0186511 0.0201999 0.0217946 0.023427 0.025088 0.0267674 0.0284544 0.0301377 0.031805 0.0334439 0.0350418 0.0365858 0.0380631 0.0394612 0.040768 0.0419719 0.043062 0.0440284 0.0448621 0.0455553 0.0461014 0.0464953 0.0467332 0.0468127 0.0467332 0.0464953 0.0461014 0.0455553 0.0448621 0.0440284 0.043062 0.0419719 0.040768 0.0394612 0.0380631 0.0365858 0.0350418 0.0334439 0.031805 0.0301377 0.0284544 0.0267674 0.025088 0.023427 0.0217946 0.0201999 0.0186511 0.0171555 0.0157194 0.0143479 0.0130452 0.0118144 0.0106577 0.00957632 0.00857063 0.00764024 0.00678402 0.00600026 0.0052867 0.00464067 0.00405917 0.00353895 0.00307665 0.0026688 0.00231201 0.00200295 0.00173846 0.00151564 0.00133183 0.00118473 0.00107239 0.000993269 0.00094625 
0.00104803 0.00106545 0.00111799 0.00120637 0.00133183 0.00149605 0.00170117 0.00194972 0.00224456 0.0025889 0.00298617 0.00343998 0.00395404 0.00453207 0.00517772 0.00589449 0.00668558 0.00755384 0.00850164 0.00953075 0.0106423 0.0118366 0.0131131 0.0144704 0.0159059 0.0174161 0.0189963 0.0206407 0.0223425 0.0240936 0.0258849 0.0277063 0.0295468 0.0313946 0.0332371 0.0350612 0.0368534 0.0385997 0.0402864 0.0418995 0.0434256 0.0448514 0.0461645 0.0473531 0.0484066 0.0493152 0.0500705 0.0506654 0.0510945 0.0513536 0.0514402 0.0513536 0.0510945 0.0506654 0.0500705 0.0493152 0.0484066 0.0473531 0.0461645 0.0448514 0.0434256 0.0418995 0.0402864 0.0385997 0.0368534 0.0350612 0.0332371 0.0313946 0.0295468 0.0277063 0.0258849 0.0240936 0.0223425 0.0206407 0.0189963 0.0174161 0.0159059 0.0144704 0.0131131 0.0118366 0.0106423 0.00953075 0.00850164 0.00755384 0.00668558 0.00589449 0.00517772 0.00453207 0.00395404 0.00343998 0.00298617 0.0025889 0.00224456 0.00194972 0.00170117 0.00149605 0.00133183 0.00120637 0.00111799 0.00106545 
0.00119482 0.00121453 0.00127393 0.00137385 0.00151564 0.00170117 0.00193281 0.00221334 0.00254594 0.00293414 0.00338171 0.00389262 0.00447093 0.00512071 0.00584596 0.00665044 0.00753763 0.00851057 0.00957177 0.0107231 0.0119656 0.0132995 0.0147241 0.0162376 0.0178371 0.0195185 0.0212764 0.0231045 0.0249948 0.0269385 0.0289254 0.0309443 0.0329831 0.0350286 0.0370669 0.0390837 0.041064 0.0429927 0.0448545 0.0466343 0.0483173 0.0498891 0.0513361 0.0526455 0.0538057 0.054806 0.0556374 0.0562923 0.0567644 0.0570495 0.0571448 0.0570495 0.0567644 0.0562923 0.0556374 0.054806 0.0538057 0.0526455 0.0513361 0.0498891 0.0483173 0.0466343 0.0448545 0.0429927 0.041064 0.0390837 0.0370669 0.0350286 0.0329831 0.0309443 0.0289254 0.0269385 0.0249948 0.0231045 0.0212764 0.0195185 0.0178371 0.0162376 0.0147241 0.0132995 0.0119656 0.0107231 0.00957177 0.00851057 0.00753763 0.00665044 0.00584596 0.00512071 0.00447093 0.00389262 0.00338171 0.00293414 0.00254594 0.00221334 0.00193281 0.00170117 0.00151564 0.00137385 0.00127393 0.00121453 
0.00137298 0.00139544 0.00146312 0.00157696 0.00173846 0.00194972 0.00221334 0.00253244 0.00291057 0.00335161 0.00385976 0.00443942 0.00509505 0.00583115 0.00665207 0.00756195 0.00856455 0.00966315 0.0108604 0.0121582 0.0135577 0.0150588 0.0166607 0.0183611 0.0201566 0.0220425 0.0240128 0.0260599 0.0281752 0.0303486 0.0325686 0.0348228 0.0370976 0.0393783 0.0416496 0.0438954 0.0460994 0.0482446 0.0503144 0.052292 0.0541612 0.0559061 0.0575119 0.0589645 0.0602511 0.0613602 0.0622818 0.0630075 0.0635307 0.0638466 0.0639522 0.0638466 0.0635307 0.0630075 0.0622818 0.0613602 0.0602511 0.0589645 0.0575119 0.0559061 0.0541612 0.052292 0.0503144 0.0482446 0.0460994 0.0438954 0.0416496 0.0393783 0.0370976 0.0348228 0.0325686 0.0303486 0.0281752 0.0260599 0.0240128 0.0220425 0.0201566 0.0183611 0.0166607 0.0150588 0.0135577 0.0121582 0.0108604 0.00966315 0.00856455 0.00756195 0.00665207 0.00583115 0.00509505 0.00443942 0.00385976 0.00335161 0.00291057 0.00253244 0.00221334 0.00194972 0.00173846 0.00157696 0.00146312 0.00139544 
0.00158469 0.0016104 0.00168788 0.00181817 0.00200295 0.00224456 0.00254594 0.00291057 0.00334238 0.00384573 0.00442528 0.0050859 0.00583256 0.00667021 0.00760364 0.00863738 0.00977553 0.0110216 0.0123784 0.013848 0.0154313 0.0171283 0.0189375 0.0208565 0.0228811 0.0250059 0.0272239 0.0295266 0.0319041 0.034345 0.0368365 0.0393645 0.0419136 0.0444677 0.0470096 0.0495214 0.0519848 0.0543812 0.0566921 0.0588989 0.0609837 0.0629292 0.0647187 0.066337 0.0677699 0.0690048 0.0700306 0.0708383 0.0714205 0.071772 0.0718895 0.071772 0.0714205 0.0708383 0.0700306 0.0690048 0.0677699 0.066337 0.0647187 0.0629292 0.0609837 0.0588989 0.0566921 0.0543812 0.0519848 0.0495214 0.0470096 0.0444677 0.0419136 0.0393645 0.0368365 0.034345 0.0319041 0.0295266 0.0272239 0.0250059 0.0228811 0.0208565 0.0189375 0.0171283 0.0154313 0.013848 0.0123784 0.0110216 0.00977553 0.00863738 0.00760364 0.00667021 0.00583256 0.0050859 0.00442528 0.00384573 0.00334238 0.00291057 0.00254594 0.00224456 0.00200295 0.00181817 0.00168788 0.0016104 
0.00183241 0.0018619 0.00195077 0.00210017 0.00231201 0.0025889 0.00293414 0.00335161 0.00384573 0.00442135 0.00508367 0.00583811 0.00669018 0.00764535 0.00870892 0.00988582 0.0111805 0.0125968 0.0141377 0.0158053 0.0176004 0.0195227 0.0215705 0.0237406 0.0260284 0.0284273 0.0309295 0.0335252 0.0362031 0.0389502 0.0417521 0.0445929 0.0474556 0.0503218 0.0531723 0.0559873 0.0587464 0.061429 0.0640143 0.066482 0.0688121 0.0709854 0.0729838 0.0747903 0.0763893 0.077767 0.0789113 0.0798119 0.0804611 0.0808529 0.0809839 0.0808529 0.0804611 0.0798119 0.0789113 0.077767 0.0763893 0.0747903 0.0729838 0.0709854 0.0688121 0.066482 0.0640143 0.061429 0.0587464 0.0559873 0.0531723 0.0503218 0.0474556 0.0445929 0.0417521 0.0389502 0.0362031 0.0335252 0.0309295 0.0284273 0.0260284 0.0237406 0.0215705 0.0195227 0.0176004 0.0158053 0.0141377 0.0125968 0.0111805 0.00988582 0.00870892 0.00764535 0.00669018 0.00583811 0.00508367 0.00442135 0.00384573 0.00335161 0.00293414 0.0025889 0.00231201 0.00210017 0.00195077 0.0018619 
0.00211879 0.00215263 0.00225457 0.00242591 0.0026688 0.00298617 0.00338171 0.00385976 0.00442528 0.00508367 0.00584074 0.0067025 0.00767508 0.00876451 0.00997664 0.0113169 0.0127901 0.0144003 0.0161507 0.0180435 0.0200793 0.0222575 0.024576 0.027031 0.0296169 0.0323263 0.0351499 0.0380768 0.0410939 0.0441867 0.0473388 0.0505323 0.053748 0.0569655 0.0601632 0.0633191 0.0664103 0.069414 0.0723073 0.0750675 0.0776725 0.0801012 0.0823334 0.0843506 0.0861355 0.0876729 0.0889496 0.0899543 0.0906783 0.0911152 0.0912613 0.0911152 0.0906783 0.0899543 0.0889496 0.0876729 0.0861355 0.0843506 0.0823334 0.0801012 0.0776725 0.0750675 0.0723073 0.069414 0.0664103 0.0633191 0.0601632 0.0569655 0.053748 0.0505323 0.0473388 0.0441867 0.0410939 0.0380768 0.0351499 0.0323263 0.0296169 0.027031 0.024576 0.0222575 0.0200793 0.0180435 0.0161507 0.0144003 0.0127901 0.0113169 0.00997664 0.00876451 0.00767508 0.0067025 0.00584074 0.00508367 0.00442528 0.00385976 0.00338171 0.00298617 0.0026688 0.00242591 0.00225457 0.00215263 
0.00244663 0.0024854 0.0026022 0.00279848 0.00307665 0.00343998 0.00389262 0.00443942 0.0050859 0.00583811 0.0067025 0.00768576 0.00879466 0.0100359 0.0114158 0.0129404 0.0146149 0.0164437 0.0184301 0.0205762 0.0228826 0.0253484 0.0279708 0.0307452 0.0336652 0.0367221 0.0399054 0.0432024 0.0465984 0.0500769 0.0536194 0.0572058 0.0608145 0.0644227 0.0680063 0.0715408 0.0750007 0.0783607 0.0815953 0.0846795 0.087589 0.0903003 0.0927913 0.0950414 0.0970318 0.0987457 0.100169 0.101288 0.102095 0.102582 0.102744 0.102582 0.102095 0.101288 0.100169 0.0987457 0.0970318 0.0950414 0.0927913 0.0903003 0.087589 0.0846795 0.0815953 0.0783607 0.0750007 0.0715408 0.0680063 0.0644227 0.0608145 0.0572058 0.0536194 0.0500769 0.0465984 0.0432024 0.0399054 0.0367221 0.0336652 0.0307452 0.0279708 0.0253484 0.0228826 0.0205762 0.0184301 0.0164437 0.0146149 0.0129404 0.0114158 0.0100359 0.00879466 0.00768576 0.0067025 0.00583811 0.0050859 0.00443942 0.00389262 0.00343998 0.00307665 0.00279848 0.0026022 0.0024854 
0.00281883 0.00286316 0.00299669 0.00322107 0.00353895 0.00395404 0.00447093 0.00509505 0.00583256 0.00669018 0.00767508 0.00879466 0.0100564 0.0114677 0.0130355 0.0147663 0.0166659 0.0187388 0.0209885 0.023417 0.0260249 0.0288106 0.0317708 0.0349001 0.0381909 0.0416332 0.0452149 0.0489216 0.0527367 0.0566414 0.0606149 0.0646347 0.0686766 0.0727151 0.0767234 0.0806741 0.0845392 0.0882903 0.0918995 0.095339 0.098582 0.101603 0.104377 0.106882 0.109097 0.111004 0.112587 0.113832 0.114729 0.11527 0.115451 0.11527 0.114729 0.113832 0.112587 0.111004 0.109097 0.106882 0.104377 0.101603 0.098582 0.095339 0.0918995 0.0882903 0.0845392 0.0806741 0.0767234 0.0727151 0.0686766 0.0646347 0.0606149 0.0566414 0.0527367 0.0489216 0.0452149 0.0416332 0.0381909 0.0349001 0.0317708 0.0288106 0.0260249 0.023417 0.0209885 0.0187388 0.0166659 0.0147663 0.0130355 0.0114677 0.0100564 0.00879466 0.00767508 0.00669018 0.00583256 0.00509505 0.00447093 0.00395404 0.00353895 0.00322107 0.00299669 0.00286316 
0.00323831 0.00328886 0.00344111 0.00369688 0.00405917 0.00453207 0.00512071 0.00583115 0.00667021 0.00764535 0.00876451 0.0100359 0.0114677 0.013068 0.0148445 0.0168043 0.0189533 0.0212966 0.0238378 0.0265788 0.0295197 0.0326586 0.0359914 0.0395117 0.0432106 0.0470767 0.0510961 0.0552526 0.0595271 0.0638987 0.0683439 0.0728377 0.0773529 0.081861 0.0863325 0.0907368 0.0950429 0.0992197 0.103236 0.107062 0.110667 0.114023 0.117105 0.119886 0.122345 0.12446 0.126216 0.127597 0.128592 0.129192 0.129392 0.129192 0.128592 0.127597 0.126216 0.12446 0.122345 0.119886 0.117105 0.114023 0.110667 0.107062 0.103236 0.0992197 0.0950429 0.0907368 0.0863325 0.081861 0.0773529 0.0728377 0.0683439 0.0638987 0.0595271 0.0552526 0.0510961 0.0470767 0.0432106 0.0395117 0.0359914 0.0326586 0.0295197 0.0265788 0.0238378 0.0212966 0.0189533 0.0168043 0.0148445 0.013068 0.0114677 0.0100359 0.00876451 0.00764535 0.00667021 0.00583115 0.00512071 0.00453207 0.00405917 0.00369688 0.00344111 0.00328886 
0.00370798 0.00376543 0.00393846 0.0042291 0.00464067 0.00517772 0.00584596 0.00665207 0.00760364 0.00870892 0.00997664 0.0114158 0.0130355 0.0148445 0.0168513 0.0190632 0.021487 0.0241277 0.0269892 0.0300732 0.0333794 0.0369053 0.040646 0.0445939 0.0487387 0.0530673 0.057564 0.0622103 0.0669848 0.0718639 0.0768215 0.0818294 0.0868575 0.0918743 0.0968469 0.101741 0.106524 0.11116 0.115615 0.119857 0.123852 0.12757 0.130981 0.13406 0.13678 0.13912 0.141062 0.142588 0.143688 0.144351 0.144573 0.144351 0.143688 0.142588 0.141062 0.13912 0.13678 0.13406 0.130981 0.12757 0.123852 0.119857 0.115615 0.11116 0.106524 0.101741 0.0968469 0.0918743 0.0868575 0.0818294 0.0768215 0.0718639 0.0669848 0.0622103 0.057564 0.0530673 0.0487387 0.0445939 0.040646 0.0369053 0.0333794 0.0300732 0.0269892 0.0241277 0.021487 0.0190632 0.0168513 0.0148445 0.0130355 0.0114158 0.00997664 0.00870892 0.00760364 0.00665207 0.00584596 0.00517772 0.00464067 0.0042291 0.00393846 0.00376543 
0.00423063 0.0042957 0.00449167 0.00482077 0.0052867 0.00589449 0.00665044 0.00756195 0.00863738 0.00988582 0.0113169 0.0129404 0.0147663 0.0168043 0.0190632 0.0215513 0.0242756 0.0272414 0.0304525 0.0339105 0.0376148 0.0415619 0.0457461 0.0501584 0.054787 0.0596169 0.0646304 0.0698064 0.0751211 0.080548 0.086058 0.0916196 0.0971997 0.102763 0.108274 0.113695 0.118988 0.124115 0.129041 0.133727 0.138138 0.142242 0.146006 0.149401 0.1524 0.154979 0.157118 0.1588 0.160011 0.160742 0.160986 0.160742 0.160011 0.1588 0.157118 0.154979 0.1524 0.149401 0.146006 0.142242 0.138138 0.133727 0.129041 0.124115 0.118988 0.113695 0.108274 0.102763 0.0971997 0.0916196 0.086058 0.080548 0.0751211 0.0698064 0.0646304 0.0596169 0.054787 0.0501584 0.0457461 0.0415619 0.0376148 0.0339105 0.0304525 0.0272414 0.0242756 0.0215513 0.0190632 0.0168043 0.0147663 0.0129404 0.0113169 0.00988582 0.00863738 0.00756195 0.00665044 0.00589449 0.0052867 0.00482077 0.00449167 0.0042957 
0.00480888 0.00488231 0.00510344 0.00547473 0.00600026 0.00668558 0.00753763 0.00856455 0.00977553 0.0111805 0.0127901 0.0146149 0.0166659 0.0189533 0.021487 0.0242756 0.0273265 0.0306453 0.0342358 0.0380992 0.0422343 0.0466371 0.0513003 0.0562138 0.0613639 0.0667337 0.072303 0.0780482 0.0839427 0.0899568 0.0960583 0.102212 0.108382 0.114529 0.120614 0.126595 0.132431 0.138082 0.143506 0.148665 0.153518 0.158031 0.162168 0.165898 0.169192 0.172024 0.174372 0.176218 0.177547 0.178349 0.178616 0.178349 0.177547 0.176218 0.174372 0.172024 0.169192 0.165898 0.162168 0.158031 0.153518 0.148665 0.143506 0.138082 0.132431 0.126595 0.120614 0.114529 0.108382 0.102212 0.0960583 0.0899568 0.0839427 0.0780482 0.072303 0.0667337 0.0613639 0.0562138 0.0513003 0.0466371 0.0422343 0.0380992 0.0342358 0.0306453 0.0273265 0.0242756 0.021487 0.0189533 0.0166659 0.0146149 0.0127901 0.0111805 0.00977553 0.00856455 0.00753763 0.00668558 0.00600026 0.00547473 0.00510344 0.00488231 
0.00544508 0.00552763 0.00577621 0.00619351 0.00678402 0.00755384 0.00851057 0.00966315 0.0110216 0.0125968 0.0144003 0.0164437 0.0187388 0.0212966 0.0241277 0.0272414 0.0306453 0.0343453 0.0383449 0.0426451 0.0472439 0.0521364 0.0573141 0.0627652 0.0684741 0.0744216 0.080585 0.0869379 0.0934507 0.10009 0.106821 0.113605 0.120401 0.127167 0.133859 0.140433 0.146844 0.153047 0.158998 0.164654 0.169973 0.174916 0.179445 0.183527 0.187131 0.190228 0.192796 0.194814 0.196267 0.197143 0.197435 0.197143 0.196267 0.194814 0.192796 0.190228 0.187131 0.183527 0.179445 0.174916 0.169973 0.164654 0.158998 0.153047 0.146844 0.140433 0.133859 0.127167 0.120401 0.113605 0.106821 0.10009 0.0934507 0.0869379 0.080585 0.0744216 0.0684741 0.0627652 0.0573141 0.0521364 0.0472439 0.0426451 0.0383449 0.0343453 0.0306453 0.0272414 0.0241277 0.0212966 0.0187388 0.0164437 0.0144003 0.0125968 0.0110216 0.00966315 0.00851057 0.00755384 0.00678402 0.00619351 0.00577621 0.00552763 
0.00614127 0.00623372 0.00651206 0.00697927 0.00764024 0.00850164 0.00957177 0.0108604 0.0123784 0.0141377 0.0161507 0.0184301 0.0209885 0.0238378 0.0269892 0.0304525 0.0342358 0.0383449 0.0427832 0.0475512 0.0526463 0.0580622 0.0637891 0.0698134 0.0761174 0.0826795 0.0894742 0.0964721 0.10364 0.110942 0.118339 0.125788 0.133244 0.140662 0.147994 0.155192 0.162206 0.168988 0.175491 0.181668 0.187474 0.192866 0.197806 0.202255 0.206182 0.209556 0.212352 0.214549 0.21613 0.217084 0.217403 0.217084 0.21613 0.214549 0.212352 0.209556 0.206182 0.202255 0.197806 0.192866 0.187474 0.181668 0.175491 0.168988 0.162206 0.155192 0.147994 0.140662 0.133244 0.125788 0.118339 0.110942 0.10364 0.0964721 0.0894742 0.0826795 0.0761174 0.0698134 0.0637891 0.0580622 0.0526463 0.0475512 0.0427832 0.0383449 0.0342358 0.0304525 0.0269892 0.0238378 0.0209885 0.0184301 0.0161507 0.0141377 0.0123784 0.0108604 0.00957177 0.00850164 0.00764024 0.00697927 0.00651206 0.00623372 
0.00689906 0.00700218 0.00731264 0.00783369 0.00857063 0.00953075 0.0107231 0.0121582 0.013848 0.0158053 0.0180435 0.0205762 0.023417 0.0265788 0.0300732 0.0339105 0.0380992 0.0426451 0.0475512 0.0528176 0.0584406 0.0644128 0.0707227 0.0773548 0.084289 0.0915011 0.0989626 0.106641 0.1145 0.122499 0.130595 0.138742 0.146891 0.154992 0.162993 0.170842 0.178486 0.185872 0.192949 0.199668 0.20598 0.211839 0.217204 0.222035 0.226296 0.229956 0.232989 0.235371 0.237086 0.238119 0.238465 0.238119 0.237086 0.235371 0.232989 0.229956 0.226296 0.222035 0.217204 0.211839 0.20598 0.199668 0.192949 0.185872 0.178486 0.170842 0.162993 0.154992 0.146891 0.138742 0.130595 0.122499 0.1145 0.106641 0.0989626 0.0915011 0.084289 0.0773548 0.0707227 0.0644128 0.0584406 0.0528176 0.0475512 0.0426451 0.0380992 0.0339105 0.0300732 0.0265788 0.023417 0.0205762 0.0180435 0.0158053 0.013848 0.0121582 0.0107231 0.00953075 0.00857063 0.00783369 0.00731264 0.00700218 
0.00771954 0.00783412 0.00817906 0.00875786 0.00957632 0.0106423 0.0119656 0.0135577 0.0154313 0.0176004 0.0200793 0.0228826 0.0260249 0.0295197 0.0333794 0.0376148 0.0422343 0.0472439 0.0526463 0.0584406 0.0646223 0.0711824 0.0781077 0.0853805 0.0929783 0.100874 0.109036 0.117428 0.12601 0.134739 0.143566 0.152441 0.161312 0.170124 0.178821 0.187346 0.195642 0.203654 0.211326 0.218605 0.225439 0.23178 0.237583 0.242806 0.247412 0.251367 0.254642 0.257215 0.259066 0.260182 0.260555 0.260182 0.259066 0.257215 0.254642 0.251367 0.247412 0.242806 0.237583 0.23178 0.225439 0.218605 0.211326 0.203654 0.195642 0.187346 0.178821 0.170124 0.161312 0.152441 0.143566 0.134739 0.12601 0.117428 0.109036 0.100874 0.0929783 0.0853805 0.0781077 0.0711824 0.0646223 0.0584406 0.0526463 0.0472439 0.0422343 0.0376148 0.0333794 0.0295197 0.0260249 0.0228826 0.0200793 0.0176004 0.0154313 0.0135577 0.0119656 0.0106423 0.00957632 0.00875786 0.00817906 0.00783412 
0.00860325 0.00873007 0.00911181 0.00975228 0.0106577 0.0118366 0.0132995 0.0150588 0.0171283 0.0195227 0.0222575 0.0253484 0.0288106 0.0326586 0.0369053 0.0415619 0.0466371 0.0521364 0.0580622 0.0644128 0.0711824 0.0783605 0.0859319 0.0938765 0.102169 0.11078 0.119673 0.12881 0.138146 0.147633 0.157219 0.16685 0.176469 0.186016 0.195432 0.204655 0.213624 0.22228 0.230563 0.238417 0.245787 0.252622 0.258873 0.264498 0.269455 0.273711 0.277235 0.280002 0.281992 0.283192 0.283593 0.283192 0.281992 0.280002 0.277235 0.273711 0.269455 0.264498 0.258873 0.252622 0.245787 0.238417 0.230563 0.22228 0.213624 0.204655 0.195432 0.186016 0.176469 0.16685 0.157219 0.147633 0.138146 0.12881 0.119673 0.11078 0.102169 0.0938765 0.0859319 0.0783605 0.0711824 0.0644128 0.0580622 0.0521364 0.0466371 0.0415619 0.0369053 0.0326586 0.0288106 0.0253484 0.0222575 0.0195227 0.0171283 0.0150588 0.0132995 0.0118366 0.0106577 0.00975228 0.00911181 0.00873007 
0.00955009 0.00968991 0.0101107 0.0108167 0.0118144 0.0131131 0.0147241 0.0166607 0.0189375 0.0215705 0.024576 0.0279708 0.0317708 0.0359914 0.040646 0.0457461 0.0513003 0.0573141 0.0637891 0.0707227 0.0781077 0.0859319 0.0941779 0.102823 0.11184 0.121194 0.130847 0.140756 0.150872 0.161144 0.171514 0.181925 0.192314 0.202618 0.212771 0.22271 0.232369 0.241683 0.250591 0.259032 0.266948 0.274286 0.280994 0.287026 0.292341 0.296902 0.300677 0.303641 0.305773 0.307058 0.307487 0.307058 0.305773 0.303641 0.300677 0.296902 0.292341 0.287026 0.280994 0.274286 0.266948 0.259032 0.250591 0.241683 0.232369 0.22271 0.212771 0.202618 0.192314 0.181925 0.171514 0.161144 0.150872 0.140756 0.130847 0.121194 0.11184 0.102823 0.0941779 0.0859319 0.0781077 0.0707227 0.0637891 0.0573141 0.0513003 0.0457461 0.040646 0.0359914 0.0317708 0.0279708 0.024576 0.0215705 0.0189375 0.0166607 0.0147241 0.0131131 0.0118144 0.0108167 0.0101107 0.00968991 
0.0105592 0.0107128 0.0111749 0.01195 0.0130452 0.0144704 0.0162376 0.0183611 0.0208565 0.0237406 0.027031 0.0307452 0.0349001 0.0395117 0.0445939 0.0501584 0.0562138 0.0627652 0.0698134 0.0773548 0.0853805 0.0938765 0.102823 0.112195 0.121961 0.132084 0.142522 0.153227 0.164148 0.175226 0.186402 0.197612 0.20879 0.219867 0.230775 0.241443 0.251804 0.261788 0.27133 0.280366 0.288835 0.296681 0.30385 0.310294 0.31597 0.320839 0.324868 0.32803 0.330304 0.331674 0.332132 0.331674 0.330304 0.32803 0.324868 0.320839 0.31597 0.310294 0.30385 0.296681 0.288835 0.280366 0.27133 0.261788 0.251804 0.241443 0.230775 0.219867 0.20879 0.197612 0.186402 0.175226 0.164148 0.153227 0.142522 0.132084 0.121961 0.112195 0.102823 0.0938765 0.0853805 0.0773548 0.0698134 0.0627652 0.0562138 0.0501584 0.0445939 0.0395117 0.0349001 0.0307452 0.027031 0.0237406 0.0208565 0.0183611 0.0162376 0.0144704 0.0130452 0.01195 0.0111749 0.0107128 
0.0116291 0.011797 0.0123025 0.0131503 0.0143479 0.0159059 0.0178371 0.0201566 0.0228811 0.0260284 0.0296169 0.0336652 0.0381909 0.0432106 0.0487387 0.054787 0.0613639 0.0684741 0.0761174 0.084289 0.0929783 0.102169 0.11184 0.121961 0.132499 0.143413 0.154657 0.16618 0.177923 0.189827 0.201825 0.21385 0.225831 0.237694 0.249367 0.260775 0.271846 0.282507 0.292689 0.302325 0.311351 0.319708 0.32734 0.334197 0.340234 0.345411 0.349693 0.353054 0.35547 0.356926 0.357412 0.356926 0.35547 0.353054 0.349693 0.345411 0.340234 0.334197 0.32734 0.319708 0.311351 0.302325 0.292689 0.282507 0.271846 0.260775 0.249367 0.237694 0.225831 0.21385 0.201825 0.189827 0.177923 0.16618 0.154657 0.143413 0.132499 0.121961 0.11184 0.102169 0.0929783 0.084289 0.0761174 0.0684741 0.0613639 0.054787 0.0487387 0.0432106 0.0381909 0.0336652 0.0296169 0.0260284 0.0228811 0.0201566 0.0178371 0.0159059 0.0143479 0.0131503 0.0123025 0.011797 
0.0127572 0.0129402 0.0134911 0.0144148 0.0157194 0.0174161 0.0195185 0.0220425 0.0250059 0.0284273 0.0323263 0.0367221 0.0416332 0.0470767 0.0530673 0.0596169 0.0667337 0.0744216 0.0826795 0.0915011 0.100874 0.11078 0.121194 0.132084 0.143413 0.155137 0.167204 0.17956 0.192142 0.204885 0.217719 0.23057 0.243363 0.256021 0.268465 0.280619 0.292403 0.303744 0.314568 0.324804 0.334387 0.343255 0.351349 0.358618 0.365014 0.370497 0.375032 0.378589 0.381146 0.382687 0.383202 0.382687 0.381146 0.378589 0.375032 0.370497 0.365014 0.358618 0.351349 0.343255 0.334387 0.324804 0.314568 0.303744 0.292403 0.280619 0.268465 0.256021 0.243363 0.23057 0.217719 0.204885 0.192142 0.17956 0.167204 0.155137 0.143413 0.132084 0.121194 0.11078 0.100874 0.0915011 0.0826795 0.0744216 0.0667337 0.0596169 0.0530673 0.0470767 0.0416332 0.0367221 0.0323263 0.0284273 0.0250059 0.0220425 0.0195185 0.0174161 0.0157194 0.0144148 0.0134911 0.0129402 
0.0139403 0.014139 0.0147371 0.0157397 0.0171555 0.0189963 0.0212764 0.0240128 0.0272239 0.0309295 0.0351499 0.0399054 0.0452149 0.0510961 0.057564 0.0646304 0.072303 0.080585 0.0894742 0.0989626 0.109036 0.119673 0.130847 0.142522 0.154657 0.167204 0.180109 0.19331 0.206741 0.220333 0.234009 0.247693 0.261304 0.27476 0.287979 0.300878 0.313377 0.325396 0.336859 0.347693 0.35783 0.367204 0.375756 0.383432 0.390184 0.39597 0.400753 0.404504 0.407201 0.408825 0.409368 0.408825 0.407201 0.404504 0.400753 0.39597 0.390184 0.383432 0.375756 0.367204 0.35783 0.347693 0.336859 0.325396 0.313377 0.300878 0.287979 0.27476 0.261304 0.247693 0.234009 0.220333 0.206741 0.19331 0.180109 0.167204 0.154657 0.142522 0.130847 0.119673 0.109036 0.0989626 0.0894742 0.080585 0.072303 0.0646304 0.057564 0.0510961 0.0452149 0.0399054 0.0351499 0.0309295 0.0272239 0.0240128 0.0212764 0.0189963 0.0171555 0.0157397 0.0147371 0.014139 
0.0151743 0.0153892 0.0160361 0.0171203 0.0186511 0.0206407 0.0231045 0.0260599 0.0295266 0.0335252 0.0380768 0.0432024 0.0489216 0.0552526 0.0622103 0.0698064 0.0780482 0.0869379 0.0964721 0.106641 0.117428 0.12881 0.140756 0.153227 0.16618 0.17956 0.19331 0.207363 0.22165 0.236095 0.250618 0.265137 0.279566 0.293819 0.307809 0.321451 0.334659 0.347351 0.359448 0.370873 0.381555 0.391429 0.400431 0.408508 0.415609 0.421692 0.426719 0.430661 0.433493 0.435199 0.435769 0.435199 0.433493 0.430661 0.426719 0.421692 0.415609 0.408508 0.400431 0.391429 0.381555 0.370873 0.359448 0.347351 0.334659 0.321451 0.307809 0.293819 0.279566 0.265137 0.250618 0.236095 0.22165 0.207363 0.19331 0.17956 0.16618 0.153227 0.140756 0.12881 0.117428 0.106641 0.0964721 0.0869379 0.0780482 0.0698064 0.0622103 0.0552526 0.0489216 0.0432024 0.0380768 0.0335252 0.0295266 0.0260599 0.0231045 0.0206407 0.0186511 0.0171203 0.0160361 0.0153892 
0.016454 0.0166857 0.0173827 0.0185509 0.0201999 0.0223425 0.0249948 0.0281752 0.0319041 0.0362031 0.0410939 0.0465984 0.0527367 0.0595271 0.0669848 0.0751211 0.0839427 0.0934507 0.10364 0.1145 0.12601 0.138146 0.150872 0.164148 0.177923 0.192142 0.206741 0.22165 0.236794 0.252092 0.26746 0.28281 0.298053 0.313097 0.327853 0.342229 0.356138 0.369493 0.382213 0.394219 0.405437 0.415799 0.425242 0.43371 0.441152 0.447524 0.452788 0.456915 0.45988 0.461665 0.462261 0.461665 0.45988 0.456915 0.452788 0.447524 0.441152 0.43371 0.425242 0.415799 0.405437 0.394219 0.382213 0.369493 0.356138 0.342229 0.327853 0.313097 0.298053 0.28281 0.26746 0.252092 0.236794 0.22165 0.206741 0.192142 0.177923 0.164148 0.150872 0.138146 0.12601 0.1145 0.10364 0.0934507 0.0839427 0.0751211 0.0669848 0.0595271 0.0527367 0.0465984 0.0410939 0.0362031 0.0319041 0.0281752 0.0249948 0.0223425 0.0201999 0.0185509 0.0173827 0.0166857 
0.0177737 0.0180225 0.0187708 0.0200248 0.0217946 0.0240936 0.0269385 0.0303486 0.034345 0.0389502 0.0441867 0.0500769 0.0566414 0.0638987 0.0718639 0.080548 0.0899568 0.10009 0.110942 0.122499 0.134739 0.147633 0.161144 0.175226 0.189827 0.204885 0.220333 0.236095 0.252092 0.268238 0.284444 0.300618 0.316665 0.332491 0.348 0.363099 0.377695 0.3917 0.405029 0.417602 0.429342 0.44018 0.450051 0.458898 0.46667 0.473322 0.478816 0.483121 0.486213 0.488075 0.488697 0.488075 0.486213 0.483121 0.478816 0.473322 0.46667 0.458898 0.450051 0.44018 0.429342 0.417602 0.405029 0.3917 0.377695 0.363099 0.348 0.332491 0.316665 0.300618 0.284444 0.268238 0.252092 0.236095 0.220333 0.204885 0.189827 0.175226 0.161144 0.147633 0.134739 0.122499 0.110942 0.10009 0.0899568 0.080548 0.0718639 0.0638987 0.0566414 0.0500769 0.0441867 0.0389502 0.034345 0.0303486 0.0269385 0.0240936 0.0217946 0.0200248 0.0187708 0.0180225 
0.0191266 0.0193927 0.0201932 0.0215345 0.023427 0.0258849 0.0289254 0.0325686 0.0368365 0.0417521 0.0473388 0.0536194 0.0606149 0.0683439 0.0768215 0.086058 0.0960583 0.106821 0.118339 0.130595 0.143566 0.157219 0.171514 0.186402 0.201825 0.217719 0.234009 0.250618 0.26746 0.284444 0.301477 0.318462 0.3353 0.351893 0.368139 0.383944 0.399211 0.413849 0.42777 0.440892 0.453137 0.464434 0.474719 0.483931 0.49202 0.498941 0.504655 0.509131 0.512346 0.514281 0.514928 0.514281 0.512346 0.509131 0.504655 0.498941 0.49202 0.483931 0.474719 0.464434 0.453137 0.440892 0.42777 0.413849 0.399211 0.383944 0.368139 0.351893 0.3353 0.318462 0.301477 0.284444 0.26746 0.250618 0.234009 0.217719 0.201825 0.186402 0.171514 0.157219 0.143566 0.130595 0.118339 0.106821 0.0960583 0.086058 0.0768215 0.0683439 0.0606149 0.0536194 0.0473388 0.0417521 0.0368365 0.0325686 0.0289254 0.0258849 0.023427 0.0215345 0.0201932 0.0193927 
0.0205049 0.0207886 0.0216419 0.0230714 0.025088 0.0277063 0.0309443 0.0348228 0.0393645 0.0445929 0.0505323 0.0572058 0.0646347 0.0728377 0.0818294 0.0916196 0.102212 0.113605 0.125788 0.138742 0.152441 0.16685 0.181925 0.197612 0.21385 0.23057 0.247693 0.265137 0.28281 0.300618 0.318462 0.336241 0.353852 0.371192 0.388157 0.404647 0.420564 0.435813 0.450306 0.463957 0.476688 0.488426 0.499106 0.508668 0.51706 0.524237 0.530161 0.5348 0.538131 0.540136 0.540806 0.540136 0.538131 0.5348 0.530161 0.524237 0.51706 0.508668 0.499106 0.488426 0.476688 0.463957 0.450306 0.435813 0.420564 0.404647 0.388157 0.371192 0.353852 0.336241 0.318462 0.300618 0.28281 0.265137 0.247693 0.23057 0.21385 0.197612 0.181925 0.16685 0.152441 0.138742 0.125788 0.113605 0.102212 0.0916196 0.0818294 0.0728377 0.0646347 0.0572058 0.0505323 0.0445929 0.0393645 0.0348228 0.0309443 0.0277063 0.025088 0.0230714 0.0216419 0.0207886 
0.0219005 0.0222018 0.0231081 0.0246262 0.0267674 0.0295468 0.0329831 0.0370976 0.0419136 0.0474556 0.053748 0.0608145 0.0686766 0.0773529 0.0868575 0.0971997 0.108382 0.120401 0.133244 0.146891 0.161312 0.176469 0.192314 0.20879 0.225831 0.243363 0.261304 0.279566 0.298053 0.316665 0.3353 0.353852 0.372214 0.390277 0.407936 0.425088 0.441631 0.457469 0.472509 0.486667 0.499862 0.512021 0.523076 0.53297 0.541649 0.549069 0.555191 0.559984 0.563425 0.565496 0.566188 0.565496 0.563425 0.559984 0.555191 0.549069 0.541649 0.53297 0.523076 0.512021 0.499862 0.486667 0.472509 0.457469 0.441631 0.425088 0.407936 0.390277 0.372214 0.353852 0.3353 0.316665 0.298053 0.279566 0.261304 0.243363 0.225831 0.20879 0.192314 0.176469 0.161312 0.146891 0.133244 0.120401 0.108382 0.0971997 0.0868575 0.0773529 0.0686766 0.0608145 0.053748 0.0474556 0.0419136 0.0370976 0.0329831 0.0295468 0.0267674 0.0246262 0.0231081 0.0222018 
0.0233042 0.0236231 0.0245823 0.0261889 0.0284544 0.0313946 0.0350286 0.0393783 0.0444677 0.0503218 0.0569655 0.0644227 0.0727151 0.081861 0.0918743 0.102763 0.114529 0.127167 0.140662 0.154992 0.170124 0.186016 0.202618 0.219867 0.237694 0.256021 0.27476 0.293819 0.313097 0.332491 0.351893 0.371192 0.390277 0.409038 0.427365 0.445151 0.462293 0.478691 0.494254 0.508893 0.522528 0.535085 0.546496 0.556702 0.565652 0.573299 0.579607 0.584544 0.588088 0.590221 0.590933 0.590221 0.588088 0.584544 0.579607 0.573299 0.565652 0.556702 0.546496 0.535085 0.522528 0.508893 0.494254 0.478691 0.462293 0.445151 0.427365 0.409038 0.390277 0.371192 0.351893 0.332491 0.313097 0.293819 0.27476 0.256021 0.237694 0.219867 0.202618 0.186016 0.170124 0.154992 0.140662 0.127167 0.114529 0.102763 0.0918743 0.081861 0.0727151 0.0644227 0.0569655 0.0503218 0.0444677 0.0393783 0.0350286 0.0313946 0.0284544 0.0261889 0.0245823 0.0236231 
0.0247065 0.0250429 0.0260545 0.0277488 0.0301377 0.0332371 0.0370669 0.0416496 0.0470096 0.0531723 0.0601632 0.0680063 0.0767234 0.0863325 0.0968469 0.108274 0.120614 0.133859 0.147994 0.162993 0.178821 0.195432 0.212771 0.230775 0.249367 0.268465 0.287979 0.307809 0.327853 0.348 0.368139 0.388157 0.407936 0.427365 0.446329 0.464719 0.48243 0.499361 0.515418 0.530512 0.544561 0.557491 0.569235 0.579734 0.588936 0.596796 0.603277 0.608349 0.611988 0.614178 0.614909 0.614178 0.611988 0.608349 0.603277 0.596796 0.588936 0.579734 0.569235 0.557491 0.544561 0.530512 0.515418 0.499361 0.48243 0.464719 0.446329 0.427365 0.407936 0.388157 0.368139 0.348 0.327853 0.307809 0.287979 0.268465 0.249367 0.230775 0.212771 0.195432 0.178821 0.162993 0.147994 0.133859 0.120614 0.108274 0.0968469 0.0863325 0.0767234 0.0680063 0.0601632 0.0531723 0.0470096 0.0416496 0.0370669 0.0332371 0.0301377 0.0277488 0.0260545 0.0250429 
0.0260971 0.0264507 0.0275141 0.0292947 0.031805 0.0350612 0.0390837 0.0438954 0.0495214 0.0559873 0.0633191 0.0715408 0.0806741 0.0907368 0.101741 0.113695 0.126595 0.140433 0.155192 0.170842 0.187346 0.204655 0.22271 0.241443 0.260775 0.280619 0.300878 0.321451 0.342229 0.363099 0.383944 0.404647 0.425088 0.445151 0.464719 0.483681 0.50193 0.519362 0.535883 0.551402 0.565838 0.579117 0.591172 0.601942 0.611378 0.619435 0.626076 0.631271 0.634998 0.637241 0.637989 0.637241 0.634998 0.631271 0.626076 0.619435 0.611378 0.601942 0.591172 0.579117 0.565838 0.551402 0.535883 0.519362 0.50193 0.483681 0.464719 0.445151 0.425088 0.404647 0.383944 0.363099 0.342229 0.321451 0.300878 0.280619 0.260775 0.241443 0.22271 0.204655 0.187346 0.170842 0.155192 0.140433 0.126595 0.113695 0.101741 0.0907368 0.0806741 0.0715408 0.0633191 0.0559873 0.0495214 0.0438954 0.0390837 0.0350612 0.031805 0.0292947 0.0275141 0.0264507 
0.0274656 0.027836 0.02895 0.0308151 0.0334439 0.0368534 0.041064 0.0460994 0.0519848 0.0587464 0.0664103 0.0750007 0.0845392 0.0950429 0.106524 0.118988 0.132431 0.146844 0.162206 0.178486 0.195642 0.213624 0.232369 0.251804 0.271846 0.292403 0.313377 0.334659 0.356138 0.377695 0.399211 0.420564 0.441631 0.462293 0.48243 0.50193 0.520682 0.538583 0.555536 0.571452 0.586248 0.599849 0.61219 0.623211 0.632862 0.641099 0.647886 0.653195 0.657002 0.659293 0.660057 0.659293 0.657002 0.653195 0.647886 0.641099 0.632862 0.623211 0.61219 0.599849 0.586248 0.571452 0.555536 0.538583 0.520682 0.50193 0.48243 0.462293 0.441631 0.420564 0.399211 0.377695 0.356138 0.334659 0.313377 0.292403 0.271846 0.251804 0.232369 0.213624 0.195642 0.178486 0.162206 0.146844 0.132431 0.118988 0.106524 0.0950429 0.0845392 0.0750007 0.0664103 0.0587464 0.0519848 0.0460994 0.041064 0.0368534 0.0334439 0.0308151 0.02895 0.027836 
0.0288012 0.029188 0.0303509 0.0322979 0.0350418 0.0385997 0.0429927 0.0482446 0.0543812 0.061429 0.069414 0.0783607 0.0882903 0.0992197 0.11116 0.124115 0.138082 0.153047 0.168988 0.185872 0.203654 0.22228 0.241683 0.261788 0.282507 0.303744 0.325396 0.347351 0.369493 0.3917 0.413849 0.435813 0.457469 0.478691 0.499361 0.519362 0.538583 0.556919 0.574273 0.590554 0.605681 0.619579 0.632182 0.643432 0.653279 0.66168 0.6686 0.674012 0.677892 0.680226 0.681005 0.680226 0.677892 0.674012 0.6686 0.66168 0.653279 0.643432 0.632182 0.619579 0.605681 0.590554 0.574273 0.556919 0.538583 0.519362 0.499361 0.478691 0.457469 0.435813 0.413849 0.3917 0.369493 0.347351 0.325396 0.303744 0.282507 0.261788 0.241683 0.22228 0.203654 0.185872 0.168988 0.153047 0.138082 0.124115 0.11116 0.0992197 0.0882903 0.0783607 0.069414 0.061429 0.0543812 0.0482446 0.0429927 0.0385997 0.0350418 0.0322979 0.0303509 0.029188 
0.0300931 0.0304956 0.0317056 0.0337314 0.0365858 0.0402864 0.0448545 0.0503144 0.0566921 0.0640143 0.0723073 0.0815953 0.0918995 0.103236 0.115615 0.129041 0.143506 0.158998 0.175491 0.192949 0.211326 0.230563 0.250591 0.27133 0.292689 0.314568 0.336859 0.359448 0.382213 0.405029 0.42777 0.450306 0.472509 0.494254 0.515418 0.535883 0.555536 0.574273 0.591995 0.608611 0.62404 0.638208 0.651049 0.662507 0.672531 0.681081 0.688121 0.693624 0.69757 0.699943 0.700735 0.699943 0.69757 0.693624 0.688121 0.681081 0.672531 0.662507 0.651049 0.638208 0.62404 0.608611 0.591995 0.574273 0.555536 0.535883 0.515418 0.494254 0.472509 0.450306 0.42777 0.405029 0.382213 0.359448 0.336859 0.314568 0.292689 0.27133 0.250591 0.230563 0.211326 0.192949 0.175491 0.158998 0.143506 0.129041 0.115615 0.103236 0.0918995 0.0815953 0.0723073 0.0640143 0.0566921 0.0503144 0.0448545 0.0402864 0.0365858 0.0337314 0.0317056 0.0304956 
0.0313304 0.0317478 0.0330027 0.0351034 0.0380631 0.0418995 0.0466343 0.052292 0.0588989 0.066482 0.0750675 0.0846795 0.095339 0.107062 0.119857 0.133727 0.148665 0.164654 0.181668 0.199668 0.218605 0.238417 0.259032 0.280366 0.302325 0.324804 0.347693 0.370873 0.394219 0.417602 0.440892 0.463957 0.486667 0.508893 0.530512 0.551402 0.571452 0.590554 0.608611 0.625532 0.641235 0.655647 0.668703 0.680346 0.69053 0.699211 0.706358 0.711944 0.715948 0.718356 0.71916 0.718356 0.715948 0.711944 0.706358 0.699211 0.69053 0.680346 0.668703 0.655647 0.641235 0.625532 0.608611 0.590554 0.571452 0.551402 0.530512 0.508893 0.486667 0.463957 0.440892 0.417602 0.394219 0.370873 0.347693 0.324804 0.302325 0.280366 0.259032 0.238417 0.218605 0.199668 0.181668 0.164654 0.148665 0.133727 0.119857 0.107062 0.095339 0.0846795 0.0750675 0.066482 0.0588989 0.052292 0.0466343 0.0418995 0.0380631 0.0351034 0.0330027 0.0317478 
0.0325023 0.0329338 0.0342311 0.0364024 0.0394612 0.0434256 0.0483173 0.0541612 0.0609837 0.0688121 0.0776725 0.087589 0.098582 0.110667 0.123852 0.138138 0.153518 0.169973 0.187474 0.20598 0.225439 0.245787 0.266948 0.288835 0.311351 0.334387 0.35783 0.381555 0.405437 0.429342 0.453137 0.476688 0.499862 0.522528 0.544561 0.565838 0.586248 0.605681 0.62404 0.641235 0.657184 0.671814 0.685061 0.696871 0.707195 0.715994 0.723235 0.728894 0.732949 0.735387 0.736201 0.735387 0.732949 0.728894 0.723235 0.715994 0.707195 0.696871 0.685061 0.671814 0.657184 0.641235 0.62404 0.605681 0.586248 0.565838 0.544561 0.522528 0.499862 0.476688 0.453137 0.429342 0.405437 0.381555 0.35783 0.334387 0.311351 0.288835 0.266948 0.245787 0.225439 0.20598 0.187474 0.169973 0.153518 0.138138 0.123852 0.110667 0.098582 0.087589 0.0776725 0.0688121 0.0609837 0.0541612 0.0483173 0.0434256 0.0394612 0.0364024 0.0342311 0.0329338 
