0.00168399 0.00170563 0.00177073 0.0018799 0.0020341 0.00223468 0.0024833 0.00278194 0.00313282 0.00353835 0.00400111 0.00452374 0.0051089 0.00575918 0.00647704 0.00726469 0.00812406 0.00905665 0.0100635 0.0111452 0.0123015 0.0135315 0.0148338 0.0162059 0.0176444 0.0191453 0.0207034 0.0223128 0.0239666 0.025657 0.0273754 0.0291125 0.0308581 0.0326017 0.034332 0.0360374 0.0377061 0.039326 0.0408851 0.0423717 0.0437739 0.0450807 0.0462815 0.0473662 0.048326 0.0491525 0.0498387 0.0503788 0.050768 0.0510028 0.0510814 0.0510028 0.050768 0.0503788 0.0498387 0.0491525 0.048326 0.0473662 0.0462815 0.0450807 0.0437739 0.0423717 0.0408851 0.039326 0.0377061 0.0360374 0.034332 0.0326017 0.0308581 0.0291125 0.0273754 0.025657 0.0239666 0.0223128 0.0207034 0.0191453 0.0176444 0.0162059 0.0148338 0.0135315 0.0123015 0.0111452 0.0100635 0.00905665 0.00812406 0.00726469 0.00647704 0.00575918 0.0051089 0.00452374 0.00400111 0.00353835 0.00313282 0.00278194 0.0024833 0.00223468 0.0020341 0.0018799 0.00177073 0.00170563 
0.00170563 0.00172752 0.00179339 0.00190383 0.00205985 0.00226277 0.00251429 0.00281639 0.00317131 0.00358149 0.00404953 0.00457808 0.00516983 0.00582738 0.0065532 0.00734953 0.00821829 0.009161 0.0101787 0.0112719 0.0124405 0.0136835 0.0149993 0.0163856 0.0178389 0.0193551 0.0209289 0.0225545 0.0242247 0.0259318 0.027667 0.029421 0.0311836 0.0329439 0.0346907 0.0364123 0.0380967 0.0397318 0.0413055 0.0428058 0.044221 0.0455399 0.0467516 0.0478463 0.0488148 0.0496488 0.0503413 0.0508862 0.0512789 0.0515159 0.0515951 0.0515159 0.0512789 0.0508862 0.0503413 0.0496488 0.0488148 0.0478463 0.0467516 0.0455399 0.044221 0.0428058 0.0413055 0.0397318 0.0380967 0.0364123 0.0346907 0.0329439 0.0311836 0.029421 0.027667 0.0259318 0.0242247 0.0225545 0.0209289 0.0193551 0.0178389 0.0163856 0.0149993 0.0136835 0.0124405 0.0112719 0.0101787 0.009161 0.00821829 0.00734953 0.0065532 0.00582738 0.00516983 0.00457808 0.00404953 0.00358149 0.00317131 0.00281639 0.00251429 0.00226277 0.00205985 0.00190383 0.00179339 0.00172752 
0.00177073 0.00179339 0.00186156 0.00197586 0.00213731 0.00234727 0.00260749 0.00292 0.00328709 0.00371125 0.00419515 0.0047415 0.00535305 0.00603245 0.00678222 0.00760462 0.00850161 0.00947473 0.010525 0.0116529 0.0128583 0.0141401 0.0154968 0.0169256 0.0184233 0.0199854 0.0216065 0.0232805 0.0250001 0.0267574 0.0285432 0.030348 0.0321612 0.0339718 0.0357682 0.0375383 0.03927 0.0409507 0.042568 0.0441098 0.0455638 0.0469187 0.0481635 0.0492879 0.0502826 0.0511392 0.0518503 0.0524099 0.0528131 0.0530564 0.0531378 0.0530564 0.0528131 0.0524099 0.0518503 0.0511392 0.0502826 0.0492879 0.0481635 0.0469187 0.0455638 0.0441098 0.042568 0.0409507 0.03927 0.0375383 0.0357682 0.0339718 0.0321612 0.030348 0.0285432 0.0267574 0.0250001 0.0232805 0.0216065 0.0199854 0.0184233 0.0169256 0.0154968 0.0141401 0.0128583 0.0116529 0.010525 0.00947473 0.00850161 0.00760462 0.00678222 0.00603245 0.00535305 0.0047415 0.00419515 0.00371125 0.00328709 0.00292 0.00260749 0.00234727 0.00213731 0.00197586 0.00186156 0.00179339 
0.0018799 0.00190383 0.00197586 0.00209662 0.00226716 0.00248892 0.00276371 0.00309363 0.00348107 0.00392864 0.00443908 0.00501521 0.00565988 0.00637582 0.00716563 0.00803164 0.00897584 0.00999978 0.0111045 0.0122904 0.0135573 0.014904 0.0163288 0.0178289 0.0194006 0.0210393 0.0227394 0.0244943 0.0262964 0.0281373 0.0300076 0.0318971 0.0337949 0.0356894 0.0375684 0.0394196 0.04123 0.0429867 0.0446768 0.0462876 0.0478065 0.0492215 0.0505213 0.0516953 0.0527336 0.0536277 0.0543699 0.0549539 0.0553747 0.0556287 0.0557136 0.0556287 0.0553747 0.0549539 0.0543699 0.0536277 0.0527336 0.0516953 0.0505213 0.0492215 0.0478065 0.0462876 0.0446768 0.0429867 0.04123 0.0394196 0.0375684 0.0356894 0.0337949 0.0318971 0.0300076 0.0281373 0.0262964 0.0244943 0.0227394 0.0210393 0.0194006 0.0178289 0.0163288 0.014904 0.0135573 0.0122904 0.0111045 0.00999978 0.00897584 0.00803164 0.00716563 0.00637582 0.00565988 0.00501521 0.00443908 0.00392864 0.00348107 0.00309363 0.00276371 0.00248892 0.00226716 0.00209662 0.00197586 0.00190383 
0.0020341 0.00205985 0.00213731 0.00226716 0.00245052 0.0026889 0.0029842 0.00333866 0.00375478 0.0042353 0.00478311 0.00540118 0.00609246 0.00685984 0.007706 0.00863336 0.00964395 0.0107394 0.0119206 0.0131881 0.0145414 0.0159793 0.0174998 0.0190999 0.0207757 0.022522 0.0243329 0.0262013 0.0281192 0.0300775 0.0320662 0.0340745 0.0360908 0.0381029 0.0400978 0.0420625 0.0439832 0.0458465 0.0476385 0.049346 0.0509556 0.0524548 0.0538317 0.055075 0.0561745 0.0571211 0.0579068 0.058525 0.0589704 0.0592392 0.059329 0.0592392 0.0589704 0.058525 0.0579068 0.0571211 0.0561745 0.055075 0.0538317 0.0524548 0.0509556 0.049346 0.0476385 0.0458465 0.0439832 0.0420625 0.0400978 0.0381029 0.0360908 0.0340745 0.0320662 0.0300775 0.0281192 0.0262013 0.0243329 0.022522 0.0207757 0.0190999 0.0174998 0.0159793 0.0145414 0.0131881 0.0119206 0.0107394 0.00964395 0.00863336 0.007706 0.00685984 0.00609246 0.00540118 0.00478311 0.0042353 0.00375478 0.00333866 0.0029842 0.0026889 0.00245052 0.00226716 0.00213731 0.00205985 
0.00223468 0.00226277 0.00234727 0.00248892 0.0026889 0.00294882 0.00327073 0.00365698 0.00411026 0.00463349 0.00522971 0.00590208 0.00665374 0.00748769 0.00840678 0.00941351 0.01051 0.0116979 0.0129781 0.0143509 0.0158159 0.0173716 0.0190158 0.0207451 0.022555 0.0244402 0.0263941 0.0284089 0.030476 0.0325856 0.034727 0.0368884 0.0390574 0.0412208 0.043365 0.0454757 0.0475385 0.0495388 0.051462 0.0532937 0.0550201 0.0566276 0.0581035 0.0594359 0.060614 0.0616281 0.0624698 0.0631318 0.0636088 0.0638966 0.0639929 0.0638966 0.0636088 0.0631318 0.0624698 0.0616281 0.060614 0.0594359 0.0581035 0.0566276 0.0550201 0.0532937 0.051462 0.0495388 0.0475385 0.0454757 0.043365 0.0412208 0.0390574 0.0368884 0.034727 0.0325856 0.030476 0.0284089 0.0263941 0.0244402 0.022555 0.0207451 0.0190158 0.0173716 0.0158159 0.0143509 0.0129781 0.0116979 0.01051 0.00941351 0.00840678 0.00748769 0.00665374 0.00590208 0.00522971 0.00463349 0.00411026 0.00365698 0.00327073 0.00294882 0.0026889 0.00248892 0.00234727 0.00226277 
0.0024833 0.00251429 0.00260749 0.00276371 0.0029842 0.00327073 0.00362546 0.00405096 0.0045501 0.00512599 0.00578193 0.00652126 0.00734732 0.00826333 0.00927226 0.0103767 0.011579 0.0128806 0.0142826 0.015785 0.0173874 0.0190879 0.020884 0.0227719 0.0247466 0.0268023 0.0289316 0.031126 0.0333762 0.0356712 0.0379996 0.0403485 0.0427045 0.0450534 0.0473802 0.0496696 0.0519062 0.054074 0.0561575 0.0581413 0.0600103 0.0617501 0.063347 0.0647883 0.0660625 0.067159 0.0680689 0.0687846 0.0693001 0.0696112 0.0697152 0.0696112 0.0693001 0.0687846 0.0680689 0.067159 0.0660625 0.0647883 0.063347 0.0617501 0.0600103 0.0581413 0.0561575 0.054074 0.0519062 0.0496696 0.0473802 0.0450534 0.0427045 0.0403485 0.0379996 0.0356712 0.0333762 0.031126 0.0289316 0.0268023 0.0247466 0.0227719 0.020884 0.0190879 0.0173874 0.015785 0.0142826 0.0128806 0.011579 0.0103767 0.00927226 0.00826333 0.00734732 0.00652126 0.00578193 0.00512599 0.0045501 0.00405096 0.00362546 0.00327073 0.0029842 0.00276371 0.00260749 0.00251429 
0.00278194 0.00281639 0.00292 0.00309363 0.00333866 0.00365698 0.00405096 0.00452336 0.00507728 0.00571609 0.00644333 0.0072626 0.00817746 0.00919134 0.0103074 0.0115284 0.0128567 0.0142938 0.0158408 0.0174975 0.0192633 0.021136 0.0231127 0.0251891 0.0273597 0.0296177 0.0319552 0.0343628 0.03683 0.039345 0.0418949 0.0444661 0.0470436 0.0496119 0.0521548 0.0546557 0.0570977 0.0594637 0.0617368 0.0639002 0.0659377 0.0678337 0.0695735 0.0711435 0.0725309 0.0737247 0.0747152 0.0754942 0.0760552 0.0763938 0.0765069 0.0763938 0.0760552 0.0754942 0.0747152 0.0737247 0.0725309 0.0711435 0.0695735 0.0678337 0.0659377 0.0639002 0.0617368 0.0594637 0.0570977 0.0546557 0.0521548 0.0496119 0.0470436 0.0444661 0.0418949 0.039345 0.03683 0.0343628 0.0319552 0.0296177 0.0273597 0.0251891 0.0231127 0.021136 0.0192633 0.0174975 0.0158408 0.0142938 0.0128567 0.0115284 0.0103074 0.00919134 0.00817746 0.0072626 0.00644333 0.00571609 0.00507728 0.00452336 0.00405096 0.00365698 0.00333866 0.00309363 0.00292 0.00281639 
0.00313282 0.00317131 0.00328709 0.00348107 0.00375478 0.00411026 0.0045501 0.00507728 0.00569519 0.00640746 0.00721791 0.00813043 0.00914886 0.0102769 0.0115178 0.0128746 0.0143496 0.0159444 0.01766 0.0194962 0.0214519 0.0235247 0.0257111 0.0280063 0.0304041 0.0328968 0.0354757 0.0381302 0.0408487 0.0436182 0.0464247 0.0492528 0.0520863 0.0549083 0.0577009 0.060446 0.0631252 0.0657199 0.0682116 0.0705821 0.0728139 0.07489 0.0767945 0.0785126 0.0800306 0.0813365 0.0824197 0.0832715 0.083885 0.0842551 0.0843788 0.0842551 0.083885 0.0832715 0.0824197 0.0813365 0.0800306 0.0785126 0.0767945 0.07489 0.0728139 0.0705821 0.0682116 0.0657199 0.0631252 0.060446 0.0577009 0.0549083 0.0520863 0.0492528 0.0464247 0.0436182 0.0408487 0.0381302 0.0354757 0.0328968 0.0304041 0.0280063 0.0257111 0.0235247 0.0214519 0.0194962 0.01766 0.0159444 0.0143496 0.0128746 0.0115178 0.0102769 0.00914886 0.00813043 0.00721791 0.00640746 0.00569519 0.00507728 0.0045501 0.00411026 0.00375478 0.00348107 0.00328709 0.00317131 
0.00353835 0.00358149 0.00371125 0.00392864 0.0042353 0.00463349 0.00512599 0.00571609 0.00640746 0.00720403 0.00810996 0.00912944 0.0102666 0.0115254 0.0129093 0.0144215 0.0160644 0.0178397 0.0197481 0.0217893 0.0239619 0.026263 0.0286887 0.0312334 0.0338901 0.0366503 0.0395039 0.0424394 0.0454438 0.0485027 0.0516006 0.0547206 0.0578448 0.0609545 0.0640303 0.0670523 0.0700003 0.072854 0.0755933 0.0781983 0.08065 0.0829299 0.0850206 0.0869062 0.0885717 0.0900043 0.0911923 0.0921265 0.0927991 0.0932049 0.0933406 0.0932049 0.0927991 0.0921265 0.0911923 0.0900043 0.0885717 0.0869062 0.0850206 0.0829299 0.08065 0.0781983 0.0755933 0.072854 0.0700003 0.0670523 0.0640303 0.0609545 0.0578448 0.0547206 0.0516006 0.0485027 0.0454438 0.0424394 0.0395039 0.0366503 0.0338901 0.0312334 0.0286887 0.026263 0.0239619 0.0217893 0.0197481 0.0178397 0.0160644 0.0144215 0.0129093 0.0115254 0.0102666 0.00912944 0.00810996 0.00720403 0.00640746 0.00571609 0.00512599 0.00463349 0.0042353 0.00392864 0.00371125 0.00358149 
0.00400111 0.00404953 0.00419515 0.00443908 0.00478311 0.00522971 0.00578193 0.00644333 0.00721791 0.00810996 0.00912397 0.0102645 0.0115359 0.0129425 0.014488 0.0161758 0.0180082 0.0199871 0.0221129 0.0243851 0.026802 0.0293603 0.0320552 0.0348805 0.0378281 0.0408886 0.0440506 0.0473014 0.0506264 0.0540097 0.057434 0.0608807 0.0643301 0.0677617 0.0711541 0.0744855 0.0777337 0.0808765 0.0838921 0.0867587 0.0894555 0.0919625 0.0942608 0.0963329 0.0981629 0.0997364 0.101041 0.102067 0.102806 0.103251 0.1034 0.103251 0.102806 0.102067 0.101041 0.0997364 0.0981629 0.0963329 0.0942608 0.0919625 0.0894555 0.0867587 0.0838921 0.0808765 0.0777337 0.0744855 0.0711541 0.0677617 0.0643301 0.0608807 0.057434 0.0540097 0.0506264 0.0473014 0.0440506 0.0408886 0.0378281 0.0348805 0.0320552 0.0293603 0.026802 0.0243851 0.0221129 0.0199871 0.0180082 0.0161758 0.014488 0.0129425 0.0115359 0.0102645 0.00912397 0.00810996 0.00721791 0.00644333 0.00578193 0.00522971 0.00478311 0.00443908 0.00419515 0.00404953 
0.00452374 0.00457808 0.0047415 0.00501521 0.00540118 0.00590208 0.00652126 0.0072626 0.00813043 0.00912944 0.0102645 0.0115404 0.0129621 0.014534 0.0162602 0.018144 0.020188 0.0223939 0.0247622 0.0272919 0.0299809 0.0328253 0.0358197 0.0389569 0.0422278 0.0456218 0.0491261 0.0527264 0.0564067 0.0601493 0.063935 0.0677432 0.0715523 0.0753395 0.0790816 0.0827545 0.0863339 0.0897957 0.0931158 0.0962707 0.0992375 0.101995 0.104521 0.106799 0.10881 0.110538 0.111971 0.113098 0.113909 0.114398 0.114562 0.114398 0.113909 0.113098 0.111971 0.110538 0.10881 0.106799 0.104521 0.101995 0.0992375 0.0962707 0.0931158 0.0897957 0.0863339 0.0827545 0.0790816 0.0753395 0.0715523 0.0677432 0.063935 0.0601493 0.0564067 0.0527264 0.0491261 0.0456218 0.0422278 0.0389569 0.0358197 0.0328253 0.0299809 0.0272919 0.0247622 0.0223939 0.020188 0.018144 0.0162602 0.014534 0.0129621 0.0115404 0.0102645 0.00912944 0.00813043 0.0072626 0.00652126 0.00590208 0.00540118 0.00501521 0.0047415 0.00457808 
0.0051089 0.00516983 0.00535305 0.00565988 0.00609246 0.00665374 0.00734732 0.00817746 0.00914886 0.0102666 0.0115359 0.0129621 0.0145503 0.0163054 0.0182315 0.0203323 0.0226103 0.0250673 0.0277033 0.0305173 0.0335065 0.0366664 0.0399908 0.0434713 0.047098 0.0508586 0.054739 0.0587233 0.0627935 0.0669301 0.0711118 0.075316 0.0795188 0.0836953 0.0878196 0.0918657 0.095807 0.099617 0.103269 0.106739 0.11 0.113029 0.115805 0.118306 0.120514 0.122411 0.123984 0.12522 0.12611 0.126646 0.126826 0.126646 0.12611 0.12522 0.123984 0.122411 0.120514 0.118306 0.115805 0.113029 0.11 0.106739 0.103269 0.099617 0.095807 0.0918657 0.0878196 0.0836953 0.0795188 0.075316 0.0711118 0.0669301 0.0627935 0.0587233 0.054739 0.0508586 0.047098 0.0434713 0.0399908 0.0366664 0.0335065 0.0305173 0.0277033 0.0250673 0.0226103 0.0203323 0.0182315 0.0163054 0.0145503 0.0129621 0.0115359 0.0102666 0.00914886 0.00817746 0.00734732 0.00665374 0.00609246 0.00565988 0.00535305 0.00516983 
0.00575918 0.00582738 0.00603245 0.00637582 0.00685984 0.00748769 0.00826333 0.00919134 0.0102769 0.0115254 0.0129425 0.014534 0.0163054 0.0182617 0.0204075 0.0227464 0.0252813 0.0280134 0.0309428 0.0340681 0.0373857 0.0408906 0.0445755 0.048431 0.0524458 0.0566062 0.0608965 0.0652988 0.0697933 0.0743583 0.0789704 0.0836046 0.0882346 0.0928331 0.0973718 0.101822 0.106155 0.110342 0.114353 0.118162 0.121742 0.125066 0.12811 0.130852 0.133272 0.135352 0.137075 0.138429 0.139404 0.139992 0.140188 0.139992 0.139404 0.138429 0.137075 0.135352 0.133272 0.130852 0.12811 0.125066 0.121742 0.118162 0.114353 0.110342 0.106155 0.101822 0.0973718 0.0928331 0.0882346 0.0836046 0.0789704 0.0743583 0.0697933 0.0652988 0.0608965 0.0566062 0.0524458 0.048431 0.0445755 0.0408906 0.0373857 0.0340681 0.0309428 0.0280134 0.0252813 0.0227464 0.0204075 0.0182617 0.0163054 0.014534 0.0129425 0.0115254 0.0102769 0.00919134 0.00826333 0.00748769 0.00685984 0.00637582 0.00603245 0.00582738 
0.00647704 0.0065532 0.00678222 0.00716563 0.007706 0.00840678 0.00927226 0.0103074 0.0115178 0.0129093 0.014488 0.0162602 0.0182315 0.0204075 0.0227928 0.0253914 0.0282059 0.0312376 0.0344862 0.0379497 0.0416242 0.0455035 0.0495794 0.0538414 0.0582765 0.0628696 0.0676031 0.0724571 0.0774098 0.0824371 0.0875132 0.0926107 0.0977007 0.102753 0.107738 0.112622 0.117376 0.121967 0.126364 0.130537 0.134457 0.138096 0.141428 0.144429 0.147076 0.14935 0.151234 0.152715 0.15378 0.154423 0.154638 0.154423 0.15378 0.152715 0.151234 0.14935 0.147076 0.144429 0.141428 0.138096 0.134457 0.130537 0.126364 0.121967 0.117376 0.112622 0.107738 0.102753 0.0977007 0.0926107 0.0875132 0.0824371 0.0774098 0.0724571 0.0676031 0.0628696 0.0582765 0.0538414 0.0495794 0.0455035 0.0416242 0.0379497 0.0344862 0.0312376 0.0282059 0.0253914 0.0227928 0.0204075 0.0182315 0.0162602 0.014488 0.0129093 0.0115178 0.0103074 0.00927226 0.00840678 0.007706 0.00716563 0.00678222 0.0065532 
0.00726469 0.00734953 0.00760462 0.00803164 0.00863336 0.00941351 0.0103767 0.0115284 0.0128746 0.0144215 0.0161758 0.018144 0.0203323 0.0227464 0.0253914 0.0282712 0.0313883 0.0347439 0.0383374 0.0421663 0.0462257 0.0505088 0.055006 0.0597055 0.0645928 0.0696509 0.0748604 0.0801993 0.0856432 0.0911659 0.0967389 0.102332 0.107914 0.113452 0.118912 0.12426 0.129462 0.134484 0.139291 0.143852 0.148135 0.152109 0.155746 0.159021 0.161909 0.16439 0.166446 0.16806 0.169222 0.169922 0.170157 0.169922 0.169222 0.16806 0.166446 0.16439 0.161909 0.159021 0.155746 0.152109 0.148135 0.143852 0.139291 0.134484 0.129462 0.12426 0.118912 0.113452 0.107914 0.102332 0.0967389 0.0911659 0.0856432 0.0801993 0.0748604 0.0696509 0.0645928 0.0597055 0.055006 0.0505088 0.0462257 0.0421663 0.0383374 0.0347439 0.0313883 0.0282712 0.0253914 0.0227464 0.0203323 0.018144 0.0161758 0.0144215 0.0128746 0.0115284 0.0103767 0.00941351 0.00863336 0.00803164 0.00760462 0.00734953 
0.00812406 0.00821829 0.00850161 0.00897584 0.00964395 0.01051 0.011579 0.0128567 0.0143496 0.0160644 0.0180082 0.020188 0.0226103 0.0252813 0.0282059 0.0313883 0.034831 0.0385348 0.0424988 0.0467197 0.051192 0.0559077 0.060856 0.0660236 0.0713943 0.0769493 0.0826668 0.0885226 0.0944901 0.10054 0.106642 0.112762 0.118866 0.124919 0.130883 0.136723 0.1424 0.147877 0.153119 0.15809 0.162755 0.167083 0.171043 0.174607 0.17775 0.180449 0.182684 0.18444 0.185703 0.186465 0.186719 0.186465 0.185703 0.18444 0.182684 0.180449 0.17775 0.174607 0.171043 0.167083 0.162755 0.15809 0.153119 0.147877 0.1424 0.136723 0.130883 0.124919 0.118866 0.112762 0.106642 0.10054 0.0944901 0.0885226 0.0826668 0.0769493 0.0713943 0.0660236 0.060856 0.0559077 0.051192 0.0467197 0.0424988 0.0385348 0.034831 0.0313883 0.0282059 0.0252813 0.0226103 0.020188 0.0180082 0.0160644 0.0143496 0.0128567 0.011579 0.01051 0.00964395 0.00897584 0.00850161 0.00821829 
0.00905665 0.009161 0.00947473 0.00999978 0.0107394 0.0116979 0.0128806 0.0142938 0.0159444 0.0178397 0.0199871 0.0223939 0.0250673 0.0280134 0.0312376 0.0347439 0.0385348 0.0426109 0.0469705 0.0516098 0.0565224 0.061699 0.0671275 0.072793 0.0786775 0.0847599 0.0910164 0.0974203 0.103942 0.11055 0.117211 0.123888 0.130543 0.137139 0.143635 0.149992 0.156169 0.162126 0.167824 0.173225 0.178293 0.182992 0.18729 0.191157 0.194566 0.197493 0.199917 0.20182 0.20319 0.204015 0.204291 0.204015 0.20319 0.20182 0.199917 0.197493 0.194566 0.191157 0.18729 0.182992 0.178293 0.173225 0.167824 0.162126 0.156169 0.149992 0.143635 0.137139 0.130543 0.123888 0.117211 0.11055 0.103942 0.0974203 0.0910164 0.0847599 0.0786775 0.072793 0.0671275 0.061699 0.0565224 0.0516098 0.0469705 0.0426109 0.0385348 0.0347439 0.0312376 0.0280134 0.0250673 0.0223939 0.0199871 0.0178397 0.0159444 0.0142938 0.0128806 0.0116979 0.0107394 0.00999978 0.00947473 0.009161 
0.0100635 0.0101787 0.010525 0.0111045 0.0119206 0.0129781 0.0142826 0.0158408 0.01766 0.0197481 0.0221129 0.0247622 0.0277033 0.0309428 0.0344862 0.0383374 0.0424988 0.0469705 0.0517504 0.0568338 0.0622133 0.0678782 0.0738152 0.0800074 0.0864347 0.0930742 0.0998993 0.106881 0.113987 0.121182 0.12843 0.135692 0.142926 0.150091 0.157145 0.164043 0.170743 0.177201 0.183376 0.189226 0.194713 0.199799 0.204449 0.208632 0.212319 0.215483 0.218103 0.22016 0.22164 0.222532 0.22283 0.222532 0.22164 0.22016 0.218103 0.215483 0.212319 0.208632 0.204449 0.199799 0.194713 0.189226 0.183376 0.177201 0.170743 0.164043 0.157145 0.150091 0.142926 0.135692 0.12843 0.121182 0.113987 0.106881 0.0998993 0.0930742 0.0864347 0.0800074 0.0738152 0.0678782 0.0622133 0.0568338 0.0517504 0.0469705 0.0424988 0.0383374 0.0344862 0.0309428 0.0277033 0.0247622 0.0221129 0.0197481 0.01766 0.0158408 0.0142826 0.0129781 0.0119206 0.0111045 0.010525 0.0101787 
0.0111452 0.0112719 0.0116529 0.0122904 0.0131881 0.0143509 0.015785 0.0174975 0.0194962 0.0217893 0.0243851 0.0272919 0.0305173 0.0340681 0.0379497 0.0421663 0.0467197 0.0516098 0.0568338 0.0623861 0.068258 0.0744378 0.0809101 0.0876564 0.0946545 0.101879 0.109301 0.116888 0.124605 0.132415 0.140277 0.14815 0.155988 0.163747 0.171381 0.178843 0.186086 0.193065 0.199735 0.206051 0.211973 0.21746 0.222475 0.226985 0.230959 0.234368 0.237191 0.239407 0.241001 0.241962 0.242283 0.241962 0.241001 0.239407 0.237191 0.234368 0.230959 0.226985 0.222475 0.21746 0.211973 0.206051 0.199735 0.193065 0.186086 0.178843 0.171381 0.163747 0.155988 0.14815 0.140277 0.132415 0.124605 0.116888 0.109301 0.101879 0.0946545 0.0876564 0.0809101 0.0744378 0.068258 0.0623861 0.0568338 0.0516098 0.0467197 0.0421663 0.0379497 0.0340681 0.0305173 0.0272919 0.0243851 0.0217893 0.0194962 0.0174975 0.015785 0.0143509 0.0131881 0.0122904 0.0116529 0.0112719 
0.0123015 0.0124405 0.0128583 0.0135573 0.0145414 0.0158159 0.0173874 0.0192633 0.0214519 0.0239619 0.026802 0.0299809 0.0335065 0.0373857 0.0416242 0.0462257 0.051192 0.0565224 0.0622133 0.068258 0.0746469 0.0813664 0.0883996 0.0957259 0.103321 0.111156 0.119201 0.127419 0.135774 0.144223 0.152724 0.161231 0.169696 0.178071 0.186306 0.194351 0.202157 0.209674 0.216855 0.223652 0.230022 0.235922 0.241313 0.24616 0.250429 0.254091 0.257122 0.259501 0.261212 0.262243 0.262588 0.262243 0.261212 0.259501 0.257122 0.254091 0.250429 0.24616 0.241313 0.235922 0.230022 0.223652 0.216855 0.209674 0.202157 0.194351 0.186306 0.178071 0.169696 0.161231 0.152724 0.144223 0.135774 0.127419 0.119201 0.111156 0.103321 0.0957259 0.0883996 0.0813664 0.0746469 0.068258 0.0622133 0.0565224 0.051192 0.0462257 0.0416242 0.0373857 0.0335065 0.0299809 0.026802 0.0239619 0.0214519 0.0192633 0.0173874 0.0158159 0.0145414 0.0135573 0.0128583 0.0124405 
0.0135315 0.0136835 0.0141401 0.014904 0.0159793 0.0173716 0.0190879 0.021136 0.0235247 0.026263 0.0293603 0.0328253 0.0366664 0.0408906 0.0455035 0.0505088 0.0559077 0.061699 0.0678782 0.0744378 0.0813664 0.0886491 0.0962669 0.104197 0.112413 0.120884 0.129575 0.138448 0.147463 0.156575 0.165736 0.174899 0.184011 0.193021 0.201875 0.210521 0.218905 0.226975 0.23468 0.241971 0.248801 0.255124 0.2609 0.266091 0.270662 0.274582 0.277826 0.280372 0.282203 0.283306 0.283674 0.283306 0.282203 0.280372 0.277826 0.274582 0.270662 0.266091 0.2609 0.255124 0.248801 0.241971 0.23468 0.226975 0.218905 0.210521 0.201875 0.193021 0.184011 0.174899 0.165736 0.156575 0.147463 0.138448 0.129575 0.120884 0.112413 0.104197 0.0962669 0.0886491 0.0813664 0.0744378 0.0678782 0.061699 0.0559077 0.0505088 0.0455035 0.0408906 0.0366664 0.0328253 0.0293603 0.026263 0.0235247 0.021136 0.0190879 0.0173716 0.0159793 0.014904 0.0141401 0.0136835 
0.0148338 0.0149993 0.0154968 0.0163288 0.0174998 0.0190158 0.020884 0.0231127 0.0257111 0.0286887 0.0320552 0.0358197 0.0399908 0.0445755 0.0495794 0.055006 0.060856 0.0671275 0.0738152 0.0809101 0.0883996 0.0962669 0.104491 0.113047 0.121906 0.131033 0.140393 0.149942 0.159638 0.169431 0.179273 0.189109 0.198885 0.208547 0.218036 0.227297 0.236273 0.244908 0.253149 0.260944 0.268242 0.274996 0.281164 0.286705 0.291583 0.295765 0.299226 0.301941 0.303893 0.30507 0.305463 0.30507 0.303893 0.301941 0.299226 0.295765 0.291583 0.286705 0.281164 0.274996 0.268242 0.260944 0.253149 0.244908 0.236273 0.227297 0.218036 0.208547 0.198885 0.189109 0.179273 0.169431 0.159638 0.149942 0.140393 0.131033 0.121906 0.113047 0.104491 0.0962669 0.0883996 0.0809101 0.0738152 0.0671275 0.060856 0.055006 0.0495794 0.0445755 0.0399908 0.0358197 0.0320552 0.0286887 0.0257111 0.0231127 0.020884 0.0190158 0.0174998 0.0163288 0.0154968 0.0149993 
0.0162059 0.0163856 0.0169256 0.0178289 0.0190999 0.0207451 0.0227719 0.0251891 0.0280063 0.0312334 0.0348805 0.0389569 0.0434713 0.048431 0.0538414 0.0597055 0.0660236 0.072793 0.0800074 0.0876564 0.0957259 0.104197 0.113047 0.122249 0.131769 0.141573 0.151619 0.161863 0.172257 0.182749 0.193286 0.203811 0.214267 0.224593 0.23473 0.244617 0.254195 0.263405 0.27219 0.280495 0.288268 0.29546 0.302024 0.307919 0.313108 0.317555 0.321234 0.32412 0.326195 0.327446 0.327863 0.327446 0.326195 0.32412 0.321234 0.317555 0.313108 0.307919 0.302024 0.29546 0.288268 0.280495 0.27219 0.263405 0.254195 0.244617 0.23473 0.224593 0.214267 0.203811 0.193286 0.182749 0.172257 0.161863 0.151619 0.141573 0.131769 0.122249 0.113047 0.104197 0.0957259 0.0876564 0.0800074 0.072793 0.0660236 0.0597055 0.0538414 0.048431 0.0434713 0.0389569 0.0348805 0.0312334 0.0280063 0.0251891 0.0227719 0.0207451 0.0190999 0.0178289 0.0169256 0.0163856 
0.0176444 0.0178389 0.0184233 0.0194006 0.0207757 0.022555 0.0247466 0.0273597 0.0304041 0.0338901 0.0378281 0.0422278 0.047098 0.0524458 0.0582765 0.0645928 0.0713943 0.0786775 0.0864347 0.0946545 0.103321 0.112413 0.121906 0.131769 0.141968 0.152464 0.163212 0.174166 0.185272 0.196478 0.207723 0.21895 0.230095 0.241096 0.251889 0.262411 0.272598 0.282389 0.291724 0.300545 0.308797 0.316429 0.323393 0.329645 0.335145 0.339859 0.343758 0.346816 0.349014 0.350338 0.350781 0.350338 0.349014 0.346816 0.343758 0.339859 0.335145 0.329645 0.323393 0.316429 0.308797 0.300545 0.291724 0.282389 0.272598 0.262411 0.251889 0.241096 0.230095 0.21895 0.207723 0.196478 0.185272 0.174166 0.163212 0.152464 0.141968 0.131769 0.121906 0.112413 0.103321 0.0946545 0.0864347 0.0786775 0.0713943 0.0645928 0.0582765 0.0524458 0.047098 0.0422278 0.0378281 0.0338901 0.0304041 0.0273597 0.0247466 0.022555 0.0207757 0.0194006 0.0184233 0.0178389 
0.0191453 0.0193551 0.0199854 0.0210393 0.022522 0.0244402 0.0268023 0.0296177 0.0328968 0.0366503 0.0408886 0.0456218 0.0508586 0.0566062 0.0628696 0.0696509 0.0769493 0.0847599 0.0930742 0.101879 0.111156 0.120884 0.131033 0.141573 0.152464 0.163665 0.175128 0.186803 0.198633 0.210561 0.222525 0.234462 0.246304 0.257987 0.269443 0.280604 0.291405 0.30178 0.311667 0.321006 0.329738 0.337812 0.345175 0.351784 0.357596 0.362577 0.366695 0.369924 0.372245 0.373644 0.374111 0.373644 0.372245 0.369924 0.366695 0.362577 0.357596 0.351784 0.345175 0.337812 0.329738 0.321006 0.311667 0.30178 0.291405 0.280604 0.269443 0.257987 0.246304 0.234462 0.222525 0.210561 0.198633 0.186803 0.175128 0.163665 0.152464 0.141573 0.131033 0.120884 0.111156 0.101879 0.0930742 0.0847599 0.0769493 0.0696509 0.0628696 0.0566062 0.0508586 0.0456218 0.0408886 0.0366503 0.0328968 0.0296177 0.0268023 0.0244402 0.022522 0.0210393 0.0199854 0.0193551 
0.0207034 0.0209289 0.0216065 0.0227394 0.0243329 0.0263941 0.0289316 0.0319552 0.0354757 0.0395039 0.0440506 0.0491261 0.054739 0.0608965 0.0676031 0.0748604 0.0826668 0.0910164 0.0998993 0.109301 0.119201 0.129575 0.140393 0.151619 0.163212 0.175128 0.187316 0.19972 0.212282 0.22494 0.237628 0.250279 0.262823 0.275191 0.287311 0.299114 0.310529 0.321489 0.331928 0.341783 0.350995 0.359508 0.36727 0.374234 0.380357 0.385602 0.389938 0.393337 0.39578 0.397252 0.397744 0.397252 0.39578 0.393337 0.389938 0.385602 0.380357 0.374234 0.36727 0.359508 0.350995 0.341783 0.331928 0.321489 0.310529 0.299114 0.287311 0.275191 0.262823 0.250279 0.237628 0.22494 0.212282 0.19972 0.187316 0.175128 0.163212 0.151619 0.140393 0.129575 0.119201 0.109301 0.0998993 0.0910164 0.0826668 0.0748604 0.0676031 0.0608965 0.054739 0.0491261 0.0440506 0.0395039 0.0354757 0.0319552 0.0289316 0.0263941 0.0243329 0.0227394 0.0216065 0.0209289 
0.0223128 0.0225545 0.0232805 0.0244943 0.0262013 0.0284089 0.031126 0.0343628 0.0381302 0.0424394 0.0473014 0.0527264 0.0587233 0.0652988 0.0724571 0.0801993 0.0885226 0.0974203 0.106881 0.116888 0.127419 0.138448 0.149942 0.161863 0.174166 0.186803 0.19972 0.212858 0.226156 0.239546 0.252961 0.266328 0.279575 0.292627 0.305411 0.317853 0.32988 0.341422 0.35241 0.362779 0.372467 0.381415 0.389571 0.396886 0.403316 0.408823 0.413374 0.416942 0.419506 0.42105 0.421566 0.42105 0.419506 0.416942 0.413374 0.408823 0.403316 0.396886 0.389571 0.381415 0.372467 0.362779 0.35241 0.341422 0.32988 0.317853 0.305411 0.292627 0.279575 0.266328 0.252961 0.239546 0.226156 0.212858 0.19972 0.186803 0.174166 0.161863 0.149942 0.138448 0.127419 0.116888 0.106881 0.0974203 0.0885226 0.0801993 0.0724571 0.0652988 0.0587233 0.0527264 0.0473014 0.0424394 0.0381302 0.0343628 0.031126 0.0284089 0.0262013 0.0244943 0.0232805 0.0225545 
0.0239666 0.0242247 0.0250001 0.0262964 0.0281192 0.030476 0.0333762 0.03683 0.0408487 0.0454438 0.0506264 0.0564067 0.0627935 0.0697933 0.0774098 0.0856432 0.0944901 0.103942 0.113987 0.124605 0.135774 0.147463 0.159638 0.172257 0.185272 0.198633 0.212282 0.226156 0.240189 0.254312 0.268451 0.282532 0.296478 0.310212 0.323655 0.336731 0.349365 0.361483 0.373013 0.383889 0.394046 0.403424 0.411969 0.41963 0.426362 0.432125 0.436888 0.44062 0.443302 0.444918 0.445457 0.444918 0.443302 0.44062 0.436888 0.432125 0.426362 0.41963 0.411969 0.403424 0.394046 0.383889 0.373013 0.361483 0.349365 0.336731 0.323655 0.310212 0.296478 0.282532 0.268451 0.254312 0.240189 0.226156 0.212282 0.198633 0.185272 0.172257 0.159638 0.147463 0.135774 0.124605 0.113987 0.103942 0.0944901 0.0856432 0.0774098 0.0697933 0.0627935 0.0564067 0.0506264 0.0454438 0.0408487 0.03683 0.0333762 0.030476 0.0281192 0.0262964 0.0250001 0.0242247 
0.025657 0.0259318 0.0267574 0.0281373 0.0300775 0.0325856 0.0356712 0.039345 0.0436182 0.0485027 0.0540097 0.0601493 0.0669301 0.0743583 0.0824371 0.0911659 0.10054 0.11055 0.121182 0.132415 0.144223 0.156575 0.169431 0.182749 0.196478 0.210561 0.22494 0.239546 0.254312 0.269162 0.284022 0.29881 0.313449 0.327856 0.341951 0.355653 0.368885 0.38157 0.393634 0.405007 0.415625 0.425424 0.434349 0.442348 0.449375 0.455391 0.460359 0.464253 0.46705 0.468735 0.469298 0.468735 0.46705 0.464253 0.460359 0.455391 0.449375 0.442348 0.434349 0.425424 0.415625 0.405007 0.393634 0.38157 0.368885 0.355653 0.341951 0.327856 0.313449 0.29881 0.284022 0.269162 0.254312 0.239546 0.22494 0.210561 0.196478 0.182749 0.169431 0.156575 0.144223 0.132415 0.121182 0.11055 0.10054 0.0911659 0.0824371 0.0743583 0.0669301 0.0601493 0.0540097 0.0485027 0.0436182 0.039345 0.0356712 0.0325856 0.0300775 0.0281373 0.0267574 0.0259318 
0.0273754 0.027667 0.0285432 0.0300076 0.0320662 0.034727 0.0379996 0.0418949 0.0464247 0.0516006 0.057434 0.063935 0.0711118 0.0789704 0.0875132 0.0967389 0.106642 0.117211 0.12843 0.140277 0.152724 0.165736 0.179273 0.193286 0.207723 0.222525 0.237628 0.252961 0.268451 0.284022 0.299592 0.315079 0.330399 0.345469 0.360204 0.374521 0.388339 0.401579 0.414165 0.426025 0.437092 0.447302 0.456597 0.464926 0.47224 0.478499 0.483668 0.487718 0.490628 0.49238 0.492965 0.49238 0.490628 0.487718 0.483668 0.478499 0.47224 0.464926 0.456597 0.447302 0.437092 0.426025 0.414165 0.401579 0.388339 0.374521 0.360204 0.345469 0.330399 0.315079 0.299592 0.284022 0.268451 0.252961 0.237628 0.222525 0.207723 0.193286 0.179273 0.165736 0.152724 0.140277 0.12843 0.117211 0.106642 0.0967389 0.0875132 0.0789704 0.0711118 0.063935 0.057434 0.0516006 0.0464247 0.0418949 0.0379996 0.034727 0.0320662 0.0300076 0.0285432 0.027667 
0.0291125 0.029421 0.030348 0.0318971 0.0340745 0.0368884 0.0403485 0.0444661 0.0492528 0.0547206 0.0608807 0.0677432 0.075316 0.0836046 0.0926107 0.102332 0.112762 0.123888 0.135692 0.14815 0.161231 0.174899 0.189109 0.203811 0.21895 0.234462 0.250279 0.266328 0.282532 0.29881 0.315079 0.331251 0.34724 0.362959 0.37832 0.393237 0.407626 0.421406 0.4345 0.446833 0.458336 0.468944 0.478598 0.487245 0.494836 0.501331 0.506694 0.510895 0.513912 0.515729 0.516336 0.515729 0.513912 0.510895 0.506694 0.501331 0.494836 0.487245 0.478598 0.468944 0.458336 0.446833 0.4345 0.421406 0.407626 0.393237 0.37832 0.362959 0.34724 0.331251 0.315079 0.29881 0.282532 0.266328 0.250279 0.234462 0.21895 0.203811 0.189109 0.174899 0.161231 0.14815 0.135692 0.123888 0.112762 0.102332 0.0926107 0.0836046 0.075316 0.0677432 0.0608807 0.0547206 0.0492528 0.0444661 0.0403485 0.0368884 0.0340745 0.0318971 0.030348 0.029421 
0.0308581 0.0311836 0.0321612 0.0337949 0.0360908 0.0390574 0.0427045 0.0470436 0.0520863 0.0578448 0.0643301 0.0715523 0.0795188 0.0882346 0.0977007 0.107914 0.118866 0.130543 0.142926 0.155988 0.169696 0.184011 0.198885 0.214267 0.230095 0.246304 0.262823 0.279575 0.296478 0.313449 0.330399 0.34724 0.363881 0.380231 0.3962 0.4117 0.426643 0.440947 0.454531 0.467321 0.479244 0.490236 0.500236 0.509189 0.517047 0.523768 0.529316 0.533662 0.536783 0.538662 0.539289 0.538662 0.536783 0.533662 0.529316 0.523768 0.517047 0.509189 0.500236 0.490236 0.479244 0.467321 0.454531 0.440947 0.426643 0.4117 0.3962 0.380231 0.363881 0.34724 0.330399 0.313449 0.296478 0.279575 0.262823 0.246304 0.230095 0.214267 0.198885 0.184011 0.169696 0.155988 0.142926 0.130543 0.118866 0.107914 0.0977007 0.0882346 0.0795188 0.0715523 0.0643301 0.0578448 0.0520863 0.0470436 0.0427045 0.0390574 0.0360908 0.0337949 0.0321612 0.0311836 
0.0326017 0.0329439 0.0339718 0.0356894 0.0381029 0.0412208 0.0450534 0.0496119 0.0549083 0.0609545 0.0677617 0.0753395 0.0836953 0.0928331 0.102753 0.113452 0.124919 0.137139 0.150091 0.163747 0.178071 0.193021 0.208547 0.224593 0.241096 0.257987 0.275191 0.292627 0.310212 0.327856 0.345469 0.362959 0.380231 0.397192 0.413749 0.429811 0.445288 0.460096 0.474153 0.487381 0.499708 0.511067 0.521397 0.530643 0.538756 0.545693 0.551419 0.555902 0.559122 0.56106 0.561707 0.56106 0.559122 0.555902 0.551419 0.545693 0.538756 0.530643 0.521397 0.511067 0.499708 0.487381 0.474153 0.460096 0.445288 0.429811 0.413749 0.397192 0.380231 0.362959 0.345469 0.327856 0.310212 0.292627 0.275191 0.257987 0.241096 0.224593 0.208547 0.193021 0.178071 0.163747 0.150091 0.137139 0.124919 0.113452 0.102753 0.0928331 0.0836953 0.0753395 0.0677617 0.0609545 0.0549083 0.0496119 0.0450534 0.0412208 0.0381029 0.0356894 0.0339718 0.0329439 
0.034332 0.0346907 0.0357682 0.0375684 0.0400978 0.043365 0.0473802 0.0521548 0.0577009 0.0640303 0.0711541 0.0790816 0.0878196 0.0973718 0.107738 0.118912 0.130883 0.143635 0.157145 0.171381 0.186306 0.201875 0.218036 0.23473 0.251889 0.269443 0.287311 0.305411 0.323655 0.341951 0.360204 0.37832 0.3962 0.413749 0.430871 0.447472 0.463462 0.478752 0.493259 0.506906 0.519617 0.531327 0.541971 0.551496 0.559851 0.566993 0.572886 0.577501 0.580813 0.582807 0.583473 0.582807 0.580813 0.577501 0.572886 0.566993 0.559851 0.551496 0.541971 0.531327 0.519617 0.506906 0.493259 0.478752 0.463462 0.447472 0.430871 0.413749 0.3962 0.37832 0.360204 0.341951 0.323655 0.305411 0.287311 0.269443 0.251889 0.23473 0.218036 0.201875 0.186306 0.171381 0.157145 0.143635 0.130883 0.118912 0.107738 0.0973718 0.0878196 0.0790816 0.0711541 0.0640303 0.0577009 0.0521548 0.0473802 0.043365 0.0400978 0.0375684 0.0357682 0.0346907 
0.0360374 0.0364123 0.0375383 0.0394196 0.0420625 0.0454757 0.0496696 0.0546557 0.060446 0.0670523 0.0744855 0.0827545 0.0918657 0.101822 0.112622 0.12426 0.136723 0.149992 0.164043 0.178843 0.194351 0.210521 0.227297 0.244617 0.262411 0.280604 0.299114 0.317853 0.336731 0.355653 0.374521 0.393237 0.4117 0.429811 0.447472 0.464588 0.481065 0.496814 0.51175 0.525793 0.53887 0.55091 0.561852 0.571639 0.580222 0.587558 0.593609 0.598347 0.601747 0.603794 0.604477 0.603794 0.601747 0.598347 0.593609 0.587558 0.580222 0.571639 0.561852 0.55091 0.53887 0.525793 0.51175 0.496814 0.481065 0.464588 0.447472 0.429811 0.4117 0.393237 0.374521 0.355653 0.336731 0.317853 0.299114 0.280604 0.262411 0.244617 0.227297 0.210521 0.194351 0.178843 0.164043 0.149992 0.136723 0.12426 0.112622 0.101822 0.0918657 0.0827545 0.0744855 0.0670523 0.060446 0.0546557 0.0496696 0.0454757 0.0420625 0.0394196 0.0375383 0.0364123 
0.0377061 0.0380967 0.03927 0.04123 0.0439832 0.0475385 0.0519062 0.0570977 0.0631252 0.0700003 0.0777337 0.0863339 0.095807 0.106155 0.117376 0.129462 0.1424 0.156169 0.170743 0.186086 0.202157 0.218905 0.236273 0.254195 0.272598 0.291405 0.310529 0.32988 0.349365 0.368885 0.388339 0.407626 0.426643 0.445288 0.463462 0.481065 0.498003 0.514185 0.529526 0.543944 0.557363 0.569715 0.580936 0.59097 0.599767 0.607283 0.613483 0.618335 0.621818 0.623914 0.624614 0.623914 0.621818 0.618335 0.613483 0.607283 0.599767 0.59097 0.580936 0.569715 0.557363 0.543944 0.529526 0.514185 0.498003 0.481065 0.463462 0.445288 0.426643 0.407626 0.388339 0.368885 0.349365 0.32988 0.310529 0.291405 0.272598 0.254195 0.236273 0.218905 0.202157 0.186086 0.170743 0.156169 0.1424 0.129462 0.117376 0.106155 0.095807 0.0863339 0.0777337 0.0700003 0.0631252 0.0570977 0.0519062 0.0475385 0.0439832 0.04123 0.03927 0.0380967 
0.039326 0.0397318 0.0409507 0.0429867 0.0458465 0.0495388 0.054074 0.0594637 0.0657199 0.072854 0.0808765 0.0897957 0.099617 0.110342 0.121967 0.134484 0.147877 0.162126 0.177201 0.193065 0.209674 0.226975 0.244908 0.263405 0.282389 0.30178 0.321489 0.341422 0.361483 0.38157 0.401579 0.421406 0.440947 0.460096 0.478752 0.496814 0.514185 0.530775 0.546495 0.561263 0.575003 0.587646 0.599127 0.609391 0.618387 0.626071 0.632408 0.637368 0.640926 0.643068 0.643783 0.643068 0.640926 0.637368 0.632408 0.626071 0.618387 0.609391 0.599127 0.587646 0.575003 0.561263 0.546495 0.530775 0.514185 0.496814 0.478752 0.460096 0.440947 0.421406 0.401579 0.38157 0.361483 0.341422 0.321489 0.30178 0.282389 0.263405 0.244908 0.226975 0.209674 0.193065 0.177201 0.162126 0.147877 0.134484 0.121967 0.110342 0.099617 0.0897957 0.0808765 0.072854 0.0657199 0.0594637 0.054074 0.0495388 0.0458465 0.0429867 0.0409507 0.0397318 
0.0408851 0.0413055 0.042568 0.0446768 0.0476385 0.051462 0.0561575 0.0617368 0.0682116 0.0755933 0.0838921 0.0931158 0.103269 0.114353 0.126364 0.139291 0.153119 0.167824 0.183376 0.199735 0.216855 0.23468 0.253149 0.27219 0.291724 0.311667 0.331928 0.35241 0.373013 0.393634 0.414165 0.4345 0.454531 0.474153 0.493259 0.51175 0.529526 0.546495 0.562567 0.577661 0.591699 0.604611 0.616333 0.62681 0.635989 0.643829 0.650293 0.655351 0.65898 0.661164 0.661893 0.661164 0.65898 0.655351 0.650293 0.643829 0.635989 0.62681 0.616333 0.604611 0.591699 0.577661 0.562567 0.546495 0.529526 0.51175 0.493259 0.474153 0.454531 0.4345 0.414165 0.393634 0.373013 0.35241 0.331928 0.311667 0.291724 0.27219 0.253149 0.23468 0.216855 0.199735 0.183376 0.167824 0.153119 0.139291 0.126364 0.114353 0.103269 0.0931158 0.0838921 0.0755933 0.0682116 0.0617368 0.0561575 0.051462 0.0476385 0.0446768 0.042568 0.0413055 
0.0423717 0.0428058 0.0441098 0.0462876 0.049346 0.0532937 0.0581413 0.0639002 0.0705821 0.0781983 0.0867587 0.0962707 0.106739 0.118162 0.130537 0.143852 0.15809 0.173225 0.189226 0.206051 0.223652 0.241971 0.260944 0.280495 0.300545 0.321006 0.341783 0.362779 0.383889 0.405007 0.426025 0.446833 0.467321 0.487381 0.506906 0.525793 0.543944 0.561263 0.577661 0.593054 0.607366 0.620526 0.63247 0.643141 0.65249 0.660472 0.667052 0.6722 0.675893 0.678115 0.678857 0.678115 0.675893 0.6722 0.667052 0.660472 0.65249 0.643141 0.63247 0.620526 0.607366 0.593054 0.577661 0.561263 0.543944 0.525793 0.506906 0.487381 0.467321 0.446833 0.426025 0.405007 0.383889 0.362779 0.341783 0.321006 0.300545 0.280495 0.260944 0.241971 0.223652 0.206051 0.189226 0.173225 0.15809 0.143852 0.130537 0.118162 0.106739 0.0962707 0.0867587 0.0781983 0.0705821 0.0639002 0.0581413 0.0532937 0.049346 0.0462876 0.0441098 0.0428058 
0.0437739 0.044221 0.0455638 0.0478065 0.0509556 0.0550201 0.0600103 0.0659377 0.0728139 0.08065 0.0894555 0.0992375 0.11 0.121742 0.134457 0.148135 0.162755 0.178293 0.194713 0.211973 0.230022 0.248801 0.268242 0.288268 0.308797 0.329738 0.350995 0.372467 0.394046 0.415625 0.437092 0.458336 0.479244 0.499708 0.519617 0.53887 0.557363 0.575003 0.591699 0.607366 0.621929 0.635314 0.64746 0.658308 0.66781 0.675921 0.682606 0.687835 0.691587 0.693844 0.694597 0.693844 0.691587 0.687835 0.682606 0.675921 0.66781 0.658308 0.64746 0.635314 0.621929 0.607366 0.591699 0.575003 0.557363 0.53887 0.519617 0.499708 0.479244 0.458336 0.437092 0.415625 0.394046 0.372467 0.350995 0.329738 0.308797 0.288268 0.268242 0.248801 0.230022 0.211973 0.194713 0.178293 0.162755 0.148135 0.134457 0.121742 0.11 0.0992375 0.0894555 0.08065 0.0728139 0.0659377 0.0600103 0.0550201 0.0509556 0.0478065 0.0455638 0.044221 
