1.36201e-16 2.11062e-16 5.0973e-16 1.31935e-15 3.38393e-15 8.50545e-15 2.09178e-14 5.03222e-14 1.18411e-13 2.72517e-13 6.13412e-13 1.35041e-12 2.90767e-12 6.12357e-12 1.26145e-11 2.54201e-11 5.01148e-11 9.66688e-11 1.8247e-10 3.37086e-10 6.09526e-10 1.07896e-09 1.87e-09 3.17359e-09 5.27458e-09 8.58609e-09 1.36902e-08 2.13827e-08 3.27172e-08 4.90413e-08 7.2016e-08 1.03605e-07 1.4602e-07 2.01616e-07 2.72719e-07 3.61398e-07 4.69192e-07 5.96814e-07 7.43875e-07 9.08675e-07 1.08811e-06 1.2777e-06 1.47182e-06 1.66403e-06 1.84753e-06 2.0156e-06 2.16206e-06 2.28161e-06 2.37002e-06 2.42427e-06 2.44256e-06 2.42427e-06 2.37002e-06 2.28161e-06 2.16206e-06 2.0156e-06 1.84753e-06 1.66403e-06 1.47182e-06 1.2777e-06 1.08811e-06 9.08675e-07 7.43875e-07 5.96814e-07 4.69192e-07 3.61398e-07 2.72719e-07 2.01616e-07 1.4602e-07 1.03605e-07 7.2016e-08 4.90413e-08 3.27172e-08 2.13827e-08 1.36902e-08 8.58609e-09 5.27458e-09 3.17359e-09 1.87e-09 1.07896e-09 6.09526e-10 3.37086e-10 1.8247e-10 9.66688e-11 5.01148e-11 2.54201e-11 1.26145e-11 6.12357e-12 2.90767e-12 1.35041e-12 6.13412e-13 2.72517e-13 1.18411e-13 5.03222e-14 2.09178e-14 8.50545e-15 3.38393e-15 1.31935e-15 5.0973e-16 2.11062e-16 
2.11062e-16 3.26388e-16 7.8575e-16 2.02788e-15 5.18662e-15 1.29998e-14 3.188e-14 7.64733e-14 1.7942e-13 4.11701e-13 9.23905e-13 2.02772e-12 4.35238e-12 9.137e-12 1.87613e-11 3.76825e-11 7.4042e-11 1.4234e-10 2.67759e-10 4.92936e-10 8.88239e-10 1.56685e-09 2.7061e-09 4.57662e-09 7.58026e-09 1.22974e-08 1.95421e-08 3.04229e-08 4.64008e-08 6.93371e-08 1.01516e-07 1.45626e-07 2.04684e-07 2.81881e-07 3.80354e-07 5.02871e-07 6.5146e-07 8.27011e-07 1.02891e-06 1.25476e-06 1.50026e-06 1.75929e-06 2.02416e-06 2.28613e-06 2.53596e-06 2.7646e-06 2.96369e-06 3.12611e-06 3.24617e-06 3.31982e-06 3.34464e-06 3.31982e-06 3.24617e-06 3.12611e-06 2.96369e-06 2.7646e-06 2.53596e-06 2.28613e-06 2.02416e-06 1.75929e-06 1.50026e-06 1.25476e-06 1.02891e-06 8.27011e-07 6.5146e-07 5.02871e-07 3.80354e-07 2.81881e-07 2.04684e-07 1.45626e-07 1.01516e-07 6.93371e-08 4.64008e-08 3.04229e-08 1.95421e-08 1.22974e-08 7.58026e-09 4.57662e-09 2.7061e-09 1.56685e-09 8.88239e-10 4.92936e-10 2.67759e-10 1.4234e-10 7.4042e-11 3.76825e-11 1.87613e-11 9.137e-12 4.35238e-12 2.02772e-12 9.23905e-13 4.11701e-13 1.7942e-13 7.64733e-14 3.188e-14 1.29998e-14 5.18662e-15 2.02788e-15 7.8575e-16 3.26388e-16 
5.0973e-16 7.8575e-16 1.88247e-15 4.83682e-15 1.23177e-14 3.07399e-14 7.5055e-14 1.79241e-13 4.18631e-13 9.56174e-13 2.1357e-12 4.66484e-12 9.9639e-12 2.0813e-11 4.25185e-11 8.4956e-11 1.66046e-10 3.17491e-10 5.93973e-10 1.08742e-09 1.94848e-09 3.41771e-09 5.86926e-09 9.86993e-09 1.62552e-08 2.62228e-08 4.14408e-08 6.41634e-08 9.73404e-08 1.44703e-07 2.10795e-07 3.00926e-07 4.21003e-07 5.77223e-07 7.75612e-07 1.02141e-06 1.31834e-06 1.66787e-06 2.0685e-06 2.51527e-06 2.99955e-06 3.5092e-06 4.02915e-06 4.54236e-06 5.03094e-06 5.47737e-06 5.86564e-06 6.18204e-06 6.41576e-06 6.55906e-06 6.60733e-06 6.55906e-06 6.41576e-06 6.18204e-06 5.86564e-06 5.47737e-06 5.03094e-06 4.54236e-06 4.02915e-06 3.5092e-06 2.99955e-06 2.51527e-06 2.0685e-06 1.66787e-06 1.31834e-06 1.02141e-06 7.75612e-07 5.77223e-07 4.21003e-07 3.00926e-07 2.10795e-07 1.44703e-07 9.73404e-08 6.41634e-08 4.14408e-08 2.62228e-08 1.62552e-08 9.86993e-09 5.86926e-09 3.41771e-09 1.94848e-09 1.08742e-09 5.93973e-10 3.17491e-10 1.66046e-10 8.4956e-11 4.25185e-11 2.0813e-11 9.9639e-12 4.66484e-12 2.1357e-12 9.56174e-13 4.18631e-13 1.79241e-13 7.5055e-14 3.07399e-14 1.23177e-14 4.83682e-15 1.88247e-15 7.8575e-16 
1.31935e-15 2.02788e-15 4.83682e-15 1.23773e-14 3.13966e-14 7.80431e-14 1.89788e-13 4.51395e-13 1.0499e-12 2.38792e-12 5.31071e-12 1.15488e-11 2.45572e-11 5.10612e-11 1.03824e-10 2.06458e-10 4.0155e-10 7.63971e-10 1.42202e-09 2.58999e-09 4.61666e-09 8.05515e-09 1.37599e-08 2.30161e-08 3.7705e-08 6.05043e-08 9.51174e-08 1.46513e-07 2.21148e-07 3.27131e-07 4.74267e-07 6.73924e-07 9.38654e-07 1.28151e-06 1.71504e-06 2.24998e-06 2.89376e-06 3.6489e-06 4.51161e-06 5.47077e-06 6.50759e-06 7.59602e-06 8.70397e-06 9.79539e-06 1.08326e-05 1.1779e-05 1.2601e-05 1.32702e-05 1.37641e-05 1.40668e-05 1.41687e-05 1.40668e-05 1.37641e-05 1.32702e-05 1.2601e-05 1.1779e-05 1.08326e-05 9.79539e-06 8.70397e-06 7.59602e-06 6.50759e-06 5.47077e-06 4.51161e-06 3.6489e-06 2.89376e-06 2.24998e-06 1.71504e-06 1.28151e-06 9.38654e-07 6.73924e-07 4.74267e-07 3.27131e-07 2.21148e-07 1.46513e-07 9.51174e-08 6.05043e-08 3.7705e-08 2.30161e-08 1.37599e-08 8.05515e-09 4.61666e-09 2.58999e-09 1.42202e-09 7.63971e-10 4.0155e-10 2.06458e-10 1.03824e-10 5.10612e-11 2.45572e-11 1.15488e-11 5.31071e-12 2.38792e-12 1.0499e-12 4.51395e-13 1.89788e-13 7.80431e-14 3.13966e-14 1.23773e-14 4.83682e-15 2.02788e-15 
3.38393e-15 5.18662e-15 1.23177e-14 3.13966e-14 7.93373e-14 1.96455e-13 4.75894e-13 1.12742e-12 2.61177e-12 5.91606e-12 1.31026e-11 2.83724e-11 6.00695e-11 1.24348e-10 2.51696e-10 4.98196e-10 9.64394e-10 1.82598e-09 3.38213e-09 6.12931e-09 1.08702e-08 1.88693e-08 3.20666e-08 5.33597e-08 8.69608e-08 1.38824e-07 2.17125e-07 3.32756e-07 4.99775e-07 7.35704e-07 1.06158e-06 1.50163e-06 2.08235e-06 2.83107e-06 3.77377e-06 4.93231e-06 6.32131e-06 7.94482e-06 9.79356e-06 1.18429e-05 1.4052e-05 1.63653e-05 1.8715e-05 2.10249e-05 2.32164e-05 2.52128e-05 2.69448e-05 2.83535e-05 2.93924e-05 3.00287e-05 3.0243e-05 3.00287e-05 2.93924e-05 2.83535e-05 2.69448e-05 2.52128e-05 2.32164e-05 2.10249e-05 1.8715e-05 1.63653e-05 1.4052e-05 1.18429e-05 9.79356e-06 7.94482e-06 6.32131e-06 4.93231e-06 3.77377e-06 2.83107e-06 2.08235e-06 1.50163e-06 1.06158e-06 7.35704e-07 4.99775e-07 3.32756e-07 2.17125e-07 1.38824e-07 8.69608e-08 5.33597e-08 3.20666e-08 1.88693e-08 1.08702e-08 6.12931e-09 3.38213e-09 1.82598e-09 9.64394e-10 4.98196e-10 2.51696e-10 1.24348e-10 6.00695e-11 2.83724e-11 1.31026e-11 5.91606e-12 2.61177e-12 1.12742e-12 4.75894e-13 1.96455e-13 7.93373e-14 3.13966e-14 1.23177e-14 5.18662e-15 
8.50545e-15 1.29998e-14 3.07399e-14 7.80431e-14 1.96455e-13 4.84592e-13 1.16932e-12 2.75925e-12 6.36645e-12 1.43622e-11 3.16763e-11 6.83012e-11 1.4398e-10 2.96729e-10 5.97899e-10 1.17798e-09 2.26952e-09 4.27636e-09 7.88181e-09 1.42123e-08 2.50771e-08 4.33062e-08 7.32115e-08 1.21188e-07 1.96465e-07 3.11994e-07 4.85431e-07 7.40128e-07 1.106e-06 1.62006e-06 2.32641e-06 3.27542e-06 4.52175e-06 6.12122e-06 8.12624e-06 1.05801e-05 1.35106e-05 1.69235e-05 2.07967e-05 2.50767e-05 2.96776e-05 3.4483e-05 3.93526e-05 4.41301e-05 4.86544e-05 5.27698e-05 5.63354e-05 5.92322e-05 6.13671e-05 6.2674e-05 6.31139e-05 6.2674e-05 6.13671e-05 5.92322e-05 5.63354e-05 5.27698e-05 4.86544e-05 4.41301e-05 3.93526e-05 3.4483e-05 2.96776e-05 2.50767e-05 2.07967e-05 1.69235e-05 1.35106e-05 1.05801e-05 8.12624e-06 6.12122e-06 4.52175e-06 3.27542e-06 2.32641e-06 1.62006e-06 1.106e-06 7.40128e-07 4.85431e-07 3.11994e-07 1.96465e-07 1.21188e-07 7.32115e-08 4.33062e-08 2.50771e-08 1.42123e-08 7.88181e-09 4.27636e-09 2.26952e-09 1.17798e-09 5.97899e-10 2.96729e-10 1.4398e-10 6.83012e-11 3.16763e-11 1.43622e-11 6.36645e-12 2.75925e-12 1.16932e-12 4.84592e-13 1.96455e-13 7.80431e-14 3.07399e-14 1.29998e-14 
2.09178e-14 3.188e-14 7.5055e-14 1.89788e-13 4.75894e-13 1.16932e-12 2.81047e-12 6.60543e-12 1.51791e-11 3.41015e-11 7.48964e-11 1.60802e-10 3.37488e-10 6.92424e-10 1.38883e-09 2.72348e-09 5.22204e-09 9.79161e-09 1.7957e-08 3.22152e-08 5.65484e-08 9.71427e-08 1.63354e-07 2.68957e-07 4.33681e-07 6.85006e-07 1.06011e-06 1.60779e-06 2.39005e-06 3.48306e-06 4.97682e-06 6.97321e-06 9.58188e-06 1.29135e-05 1.70708e-05 2.21366e-05 2.81617e-05 3.51518e-05 4.30567e-05 5.17636e-05 6.10952e-05 7.08154e-05 8.06414e-05 9.0261e-05 9.93534e-05 0.00010761 0.000114755 0.000120553 0.000124822 0.000127434 0.000128313 0.000127434 0.000124822 0.000120553 0.000114755 0.00010761 9.93534e-05 9.0261e-05 8.06414e-05 7.08154e-05 6.10952e-05 5.17636e-05 4.30567e-05 3.51518e-05 2.81617e-05 2.21366e-05 1.70708e-05 1.29135e-05 9.58188e-06 6.97321e-06 4.97682e-06 3.48306e-06 2.39005e-06 1.60779e-06 1.06011e-06 6.85006e-07 4.33681e-07 2.68957e-07 1.63354e-07 9.71427e-08 5.65484e-08 3.22152e-08 1.7957e-08 9.79161e-09 5.22204e-09 2.72348e-09 1.38883e-09 6.92424e-10 3.37488e-10 1.60802e-10 7.48964e-11 3.41015e-11 1.51791e-11 6.60543e-12 2.81047e-12 1.16932e-12 4.75894e-13 1.89788e-13 7.5055e-14 3.188e-14 
5.03222e-14 7.64733e-14 1.79241e-13 4.51395e-13 1.12742e-12 2.75925e-12 6.60543e-12 1.5462e-11 3.53852e-11 7.91649e-11 1.73128e-10 3.70092e-10 7.73304e-10 1.5794e-09 3.15323e-09 6.15416e-09 1.17429e-08 2.19095e-08 3.99767e-08 7.13484e-08 1.24581e-07 2.1287e-07 3.56021e-07 5.8297e-07 9.34843e-07 1.46846e-06 2.2601e-06 3.40904e-06 5.04044e-06 7.30672e-06 1.03865e-05 1.448e-05 1.98008e-05 2.6562e-05 3.4958e-05 4.51423e-05 5.72033e-05 7.114e-05 8.68421e-05 0.000104078 0.000122492 0.000141619 0.000160904 0.000179741 0.00019751 0.000213619 0.000227536 0.000238818 0.000247118 0.000252193 0.000253901 0.000252193 0.000247118 0.000238818 0.000227536 0.000213619 0.00019751 0.000179741 0.000160904 0.000141619 0.000122492 0.000104078 8.68421e-05 7.114e-05 5.72033e-05 4.51423e-05 3.4958e-05 2.6562e-05 1.98008e-05 1.448e-05 1.03865e-05 7.30672e-06 5.04044e-06 3.40904e-06 2.2601e-06 1.46846e-06 9.34843e-07 5.8297e-07 3.56021e-07 2.1287e-07 1.24581e-07 7.13484e-08 3.99767e-08 2.19095e-08 1.17429e-08 6.15416e-09 3.15323e-09 1.5794e-09 7.73304e-10 3.70092e-10 1.73128e-10 7.91649e-11 3.53852e-11 1.5462e-11 6.60543e-12 2.75925e-12 1.12742e-12 4.51395e-13 1.79241e-13 7.64733e-14 
1.18411e-13 1.7942e-13 4.18631e-13 1.0499e-12 2.61177e-12 6.36645e-12 1.51791e-11 3.53852e-11 8.06427e-11 1.79652e-10 3.9119e-10 8.32558e-10 1.73181e-09 3.52083e-09 6.99625e-09 1.3589e-08 2.5802e-08 4.78983e-08 8.69475e-08 1.54364e-07 2.68091e-07 4.55586e-07 7.57744e-07 1.23383e-06 1.96741e-06 3.07295e-06 4.70281e-06 7.05366e-06 1.03713e-05 1.49522e-05 2.11408e-05 2.93196e-05 3.98919e-05 5.32549e-05 6.97652e-05 8.96963e-05 0.000113194 0.000140231 0.000170573 0.000203758 0.000239095 0.000275689 0.000312485 0.00034834 0.00038209 0.000412631 0.000438977 0.000460307 0.000475984 0.000485565 0.000488787 0.000485565 0.000475984 0.000460307 0.000438977 0.000412631 0.00038209 0.00034834 0.000312485 0.000275689 0.000239095 0.000203758 0.000170573 0.000140231 0.000113194 8.96963e-05 6.97652e-05 5.32549e-05 3.98919e-05 2.93196e-05 2.11408e-05 1.49522e-05 1.03713e-05 7.05366e-06 4.70281e-06 3.07295e-06 1.96741e-06 1.23383e-06 7.57744e-07 4.55586e-07 2.68091e-07 1.54364e-07 8.69475e-08 4.78983e-08 2.5802e-08 1.3589e-08 6.99625e-09 3.52083e-09 1.73181e-09 8.32558e-10 3.9119e-10 1.79652e-10 8.06427e-11 3.53852e-11 1.51791e-11 6.36645e-12 2.61177e-12 1.0499e-12 4.18631e-13 1.7942e-13 
2.72517e-13 4.11701e-13 9.56174e-13 2.38792e-12 5.91606e-12 1.43622e-11 3.41015e-11 7.91649e-11 1.79652e-10 3.98494e-10 8.63915e-10 1.83043e-09 3.79012e-09 7.66957e-09 1.51676e-08 2.93169e-08 5.53877e-08 1.02295e-07 1.84722e-07 3.26198e-07 5.63434e-07 9.52163e-07 1.57472e-06 2.54945e-06 4.04174e-06 6.27625e-06 9.54928e-06 1.42398e-05 2.08172e-05 2.98423e-05 4.19599e-05 5.78788e-05 7.83372e-05 0.000104052 0.000135656 0.000173615 0.000218153 0.000269172 0.000326192 0.000388315 0.000454234 0.000522279 0.000590506 0.000656815 0.000719092 0.000775337 0.000823779 0.000862946 0.000891706 0.000909269 0.000915174 0.000909269 0.000891706 0.000862946 0.000823779 0.000775337 0.000719092 0.000656815 0.000590506 0.000522279 0.000454234 0.000388315 0.000326192 0.000269172 0.000218153 0.000173615 0.000135656 0.000104052 7.83372e-05 5.78788e-05 4.19599e-05 2.98423e-05 2.08172e-05 1.42398e-05 9.54928e-06 6.27625e-06 4.04174e-06 2.54945e-06 1.57472e-06 9.52163e-07 5.63434e-07 3.26198e-07 1.84722e-07 1.02295e-07 5.53877e-08 2.93169e-08 1.51676e-08 7.66957e-09 3.79012e-09 1.83043e-09 8.63915e-10 3.98494e-10 1.79652e-10 7.91649e-11 3.41015e-11 1.43622e-11 5.91606e-12 2.38792e-12 9.56174e-13 4.11701e-13 
6.13412e-13 9.23905e-13 2.1357e-12 5.31071e-12 1.31026e-11 3.16763e-11 7.48964e-11 1.73128e-10 3.9119e-10 8.63915e-10 1.86457e-09 3.93263e-09 8.10525e-09 1.63239e-08 3.21266e-08 6.1789e-08 1.16145e-07 2.13395e-07 3.83296e-07 6.73181e-07 1.15632e-06 1.94303e-06 3.19494e-06 5.14231e-06 8.10409e-06 1.25095e-05 1.89194e-05 2.80443e-05 4.0755e-05 5.80821e-05 8.11974e-05 0.000111374 0.000149922 0.000198092 0.00025696 0.000327293 0.000409403 0.00050302 0.000607188 0.000720221 0.000839716 0.000962647 0.00108553 0.00120463 0.00131623 0.00141681 0.00150328 0.0015731 0.00162432 0.00165557 0.00166608 0.00165557 0.00162432 0.0015731 0.00150328 0.00141681 0.00131623 0.00120463 0.00108553 0.000962647 0.000839716 0.000720221 0.000607188 0.00050302 0.000409403 0.000327293 0.00025696 0.000198092 0.000149922 0.000111374 8.11974e-05 5.80821e-05 4.0755e-05 2.80443e-05 1.89194e-05 1.25095e-05 8.10409e-06 5.14231e-06 3.19494e-06 1.94303e-06 1.15632e-06 6.73181e-07 3.83296e-07 2.13395e-07 1.16145e-07 6.1789e-08 3.21266e-08 1.63239e-08 8.10525e-09 3.93263e-09 1.86457e-09 8.63915e-10 3.9119e-10 1.73128e-10 7.48964e-11 3.16763e-11 1.31026e-11 5.31071e-12 2.1357e-12 9.23905e-13 
1.35041e-12 2.02772e-12 4.66484e-12 1.15488e-11 2.83724e-11 6.83012e-11 1.60802e-10 3.70092e-10 8.32558e-10 1.83043e-09 3.93263e-09 8.25607e-09 1.69357e-08 3.39443e-08 6.64762e-08 1.2721e-07 2.37886e-07 4.34769e-07 7.76707e-07 1.35659e-06 2.31704e-06 3.871e-06 6.32772e-06 1.01237e-05 1.58581e-05 2.43291e-05 3.65695e-05 5.38742e-05 7.78137e-05 0.000110226 0.000153176 0.000208881 0.000279586 0.000367399 0.000474086 0.000600838 0.000748032 0.000915021 0.00109997 0.0012998 0.00151022 0.00172591 0.00194083 0.00214853 0.00234265 0.00251722 0.00266703 0.00278781 0.0028763 0.00293027 0.0029484 0.00293027 0.0028763 0.00278781 0.00266703 0.00251722 0.00234265 0.00214853 0.00194083 0.00172591 0.00151022 0.0012998 0.00109997 0.000915021 0.000748032 0.000600838 0.000474086 0.000367399 0.000279586 0.000208881 0.000153176 0.000110226 7.78137e-05 5.38742e-05 3.65695e-05 2.43291e-05 1.58581e-05 1.01237e-05 6.32772e-06 3.871e-06 2.31704e-06 1.35659e-06 7.76707e-07 4.34769e-07 2.37886e-07 1.2721e-07 6.64762e-08 3.39443e-08 1.69357e-08 8.25607e-09 3.93263e-09 1.83043e-09 8.32558e-10 3.70092e-10 1.60802e-10 6.83012e-11 2.83724e-11 1.15488e-11 4.66484e-12 2.02772e-12 
2.90767e-12 4.35238e-12 9.9639e-12 2.45572e-11 6.00695e-11 1.4398e-10 3.37488e-10 7.73304e-10 1.73181e-09 3.79012e-09 8.10525e-09 1.69357e-08 3.45735e-08 6.8956e-08 1.34367e-07 2.55811e-07 4.75868e-07 8.65049e-07 1.53691e-06 2.66927e-06 4.53286e-06 7.52841e-06 1.22325e-05 1.94515e-05 3.02807e-05 4.61653e-05 6.89548e-05 0.000100943 0.000144879 0.000203944 0.000281668 0.000381783 0.00050801 0.000663772 0.000851844 0.00107397 0.00133048 0.00161996 0.001939 0.00228215 0.00264197 0.00300941 0.00337426 0.00372579 0.00405343 0.0043474 0.00459918 0.00480184 0.00495016 0.00504052 0.00507087 0.00504052 0.00495016 0.00480184 0.00459918 0.0043474 0.00405343 0.00372579 0.00337426 0.00300941 0.00264197 0.00228215 0.001939 0.00161996 0.00133048 0.00107397 0.000851844 0.000663772 0.00050801 0.000381783 0.000281668 0.000203944 0.000144879 0.000100943 6.89548e-05 4.61653e-05 3.02807e-05 1.94515e-05 1.22325e-05 7.52841e-06 4.53286e-06 2.66927e-06 1.53691e-06 8.65049e-07 4.75868e-07 2.55811e-07 1.34367e-07 6.8956e-08 3.45735e-08 1.69357e-08 8.10525e-09 3.79012e-09 1.73181e-09 7.73304e-10 3.37488e-10 1.4398e-10 6.00695e-11 2.45572e-11 9.9639e-12 4.35238e-12 
6.12357e-12 9.137e-12 2.0813e-11 5.10612e-11 1.24348e-10 2.96729e-10 6.92424e-10 1.5794e-09 3.52083e-09 7.66957e-09 1.63239e-08 3.39443e-08 6.8956e-08 1.36844e-07 2.65292e-07 5.02437e-07 9.29666e-07 1.68076e-06 2.96948e-06 5.12782e-06 8.65691e-06 1.42918e-05 2.30801e-05 3.64722e-05 5.64183e-05 8.54631e-05 0.000126827 0.000184457 0.000263027 0.000367874 0.000504835 0.000679992 0.000899294 0.00116808 0.00149051 0.00186895 0.0023034 0.00279097 0.00332555 0.00389774 0.00449508 0.0051026 0.00570363 0.00628082 0.00681725 0.00729734 0.00770767 0.00803741 0.0082784 0.00842511 0.00847436 0.00842511 0.0082784 0.00803741 0.00770767 0.00729734 0.00681725 0.00628082 0.00570363 0.0051026 0.00449508 0.00389774 0.00332555 0.00279097 0.0023034 0.00186895 0.00149051 0.00116808 0.000899294 0.000679992 0.000504835 0.000367874 0.000263027 0.000184457 0.000126827 8.54631e-05 5.64183e-05 3.64722e-05 2.30801e-05 1.42918e-05 8.65691e-06 5.12782e-06 2.96948e-06 1.68076e-06 9.29666e-07 5.02437e-07 2.65292e-07 1.36844e-07 6.8956e-08 3.39443e-08 1.63239e-08 7.66957e-09 3.52083e-09 1.5794e-09 6.92424e-10 2.96729e-10 1.24348e-10 5.10612e-11 2.0813e-11 9.137e-12 
1.26145e-11 1.87613e-11 4.25185e-11 1.03824e-10 2.51696e-10 5.97899e-10 1.38883e-09 3.15323e-09 6.99625e-09 1.51676e-08 3.21266e-08 6.64762e-08 1.34367e-07 2.65292e-07 5.11631e-07 9.6383e-07 1.7737e-06 3.18888e-06 5.60191e-06 9.61728e-06 1.61393e-05 2.64822e-05 4.25002e-05 6.67341e-05 0.000102563 0.000154346 0.000227532 0.000328718 0.000465611 0.000646884 0.000881883 0.00118017 0.0015509 0.00200206 0.00253955 0.00316629 0.0038813 0.00467901 0.00554882 0.00647508 0.0074375 0.0084121 0.00937254 0.0102917 0.0111433 0.0119034 0.0125517 0.0130716 0.0134512 0.013682 0.0137594 0.013682 0.0134512 0.0130716 0.0125517 0.0119034 0.0111433 0.0102917 0.00937254 0.0084121 0.0074375 0.00647508 0.00554882 0.00467901 0.0038813 0.00316629 0.00253955 0.00200206 0.0015509 0.00118017 0.000881883 0.000646884 0.000465611 0.000328718 0.000227532 0.000154346 0.000102563 6.67341e-05 4.25002e-05 2.64822e-05 1.61393e-05 9.61728e-06 5.60191e-06 3.18888e-06 1.7737e-06 9.6383e-07 5.11631e-07 2.65292e-07 1.34367e-07 6.64762e-08 3.21266e-08 1.51676e-08 6.99625e-09 3.15323e-09 1.38883e-09 5.97899e-10 2.51696e-10 1.03824e-10 4.25185e-11 1.87613e-11 
2.54201e-11 3.76825e-11 8.4956e-11 2.06458e-10 4.98196e-10 1.17798e-09 2.72348e-09 6.15416e-09 1.3589e-08 2.93169e-08 6.1789e-08 1.2721e-07 2.55811e-07 5.02437e-07 9.6383e-07 1.80585e-06 3.30483e-06 5.90799e-06 1.03184e-05 1.76094e-05 2.9372e-05 4.78956e-05 7.63779e-05 0.000119152 0.000181916 0.00027193 0.000398155 0.000571288 0.000803654 0.0011089 0.00150148 0.00199589 0.00260567 0.00334219 0.00421333 0.00522208 0.00636534 0.00763289 0.00900695 0.0104622 0.0119668 0.0134833 0.0149717 0.0163908 0.0177013 0.0188677 0.0198601 0.0206545 0.0212335 0.0215854 0.0217033 0.0215854 0.0212335 0.0206545 0.0198601 0.0188677 0.0177013 0.0163908 0.0149717 0.0134833 0.0119668 0.0104622 0.00900695 0.00763289 0.00636534 0.00522208 0.00421333 0.00334219 0.00260567 0.00199589 0.00150148 0.0011089 0.000803654 0.000571288 0.000398155 0.00027193 0.000181916 0.000119152 7.63779e-05 4.78956e-05 2.9372e-05 1.76094e-05 1.03184e-05 5.90799e-06 3.30483e-06 1.80585e-06 9.6383e-07 5.02437e-07 2.55811e-07 1.2721e-07 6.1789e-08 2.93169e-08 1.3589e-08 6.15416e-09 2.72348e-09 1.17798e-09 4.98196e-10 2.06458e-10 8.4956e-11 3.76825e-11 
5.01148e-11 7.4042e-11 1.66046e-10 4.0155e-10 9.64394e-10 2.26952e-09 5.22204e-09 1.17429e-08 2.5802e-08 5.53877e-08 1.16145e-07 2.37886e-07 4.75868e-07 9.29666e-07 1.7737e-06 3.30483e-06 6.01384e-06 1.06887e-05 1.85577e-05 3.14791e-05 5.21814e-05 8.45514e-05 0.00013396 0.000207602 0.000314824 0.000467383 0.00067959 0.000968279 0.00135254 0.00185314 0.00249166 0.00328923 0.004265 0.00543436 0.00680694 0.00838475 0.0101605 0.0121163 0.0142233 0.016442 0.0187236 0.0210123 0.0232484 0.025372 0.0273262 0.0290603 0.0305319 0.0317076 0.0325631 0.0330824 0.0332565 0.0330824 0.0325631 0.0317076 0.0305319 0.0290603 0.0273262 0.025372 0.0232484 0.0210123 0.0187236 0.016442 0.0142233 0.0121163 0.0101605 0.00838475 0.00680694 0.00543436 0.004265 0.00328923 0.00249166 0.00185314 0.00135254 0.000968279 0.00067959 0.000467383 0.000314824 0.000207602 0.00013396 8.45514e-05 5.21814e-05 3.14791e-05 1.85577e-05 1.06887e-05 6.01384e-06 3.30483e-06 1.7737e-06 9.29666e-07 4.75868e-07 2.37886e-07 1.16145e-07 5.53877e-08 2.5802e-08 1.17429e-08 5.22204e-09 2.26952e-09 9.64394e-10 4.0155e-10 1.66046e-10 7.4042e-11 
9.66688e-11 1.4234e-10 3.17491e-10 7.63971e-10 1.82598e-09 4.27636e-09 9.79161e-09 2.19095e-08 4.78983e-08 1.02295e-07 2.13395e-07 4.34769e-07 8.65049e-07 1.68076e-06 3.18888e-06 5.90799e-06 1.06887e-05 1.88855e-05 3.25911e-05 5.49428e-05 9.05018e-05 0.000145698 0.000229316 0.000352987 0.000531623 0.000783728 0.00113149 0.00160061 0.0022197 0.00301929 0.00403042 0.00528264 0.00680177 0.00860729 0.0107096 0.0131077 0.0157868 0.0187169 0.0218528 0.0251347 0.0284904 0.031839 0.0350953 0.0381747 0.0409979 0.043495 0.0456083 0.047293 0.0485167 0.0492587 0.0495073 0.0492587 0.0485167 0.047293 0.0456083 0.043495 0.0409979 0.0381747 0.0350953 0.031839 0.0284904 0.0251347 0.0218528 0.0187169 0.0157868 0.0131077 0.0107096 0.00860729 0.00680177 0.00528264 0.00403042 0.00301929 0.0022197 0.00160061 0.00113149 0.000783728 0.000531623 0.000352987 0.000229316 0.000145698 9.05018e-05 5.49428e-05 3.25911e-05 1.88855e-05 1.06887e-05 5.90799e-06 3.18888e-06 1.68076e-06 8.65049e-07 4.34769e-07 2.13395e-07 1.02295e-07 4.78983e-08 2.19095e-08 9.79161e-09 4.27636e-09 1.82598e-09 7.63971e-10 3.17491e-10 1.4234e-10 
1.8247e-10 2.67759e-10 5.93973e-10 1.42202e-09 3.38213e-09 7.88181e-09 1.7957e-08 3.99767e-08 8.69475e-08 1.84722e-07 3.83296e-07 7.76707e-07 1.53691e-06 2.96948e-06 5.60191e-06 1.03184e-05 1.85577e-05 3.25911e-05 5.58968e-05 9.36393e-05 0.000153251 0.000245094 0.000383166 0.000585762 0.000876028 0.00128226 0.00183785 0.00258081 0.00355261 0.0047966 0.00635562 0.00826921 0.0105702 0.0132814 0.0164118 0.0199535 0.0238793 0.0281412 0.0326706 0.0373799 0.0421661 0.0469156 0.051511 0.055837 0.0597873 0.0632693 0.0662074 0.068544 0.0702383 0.0712644 0.0716079 0.0712644 0.0702383 0.068544 0.0662074 0.0632693 0.0597873 0.055837 0.051511 0.0469156 0.0421661 0.0373799 0.0326706 0.0281412 0.0238793 0.0199535 0.0164118 0.0132814 0.0105702 0.00826921 0.00635562 0.0047966 0.00355261 0.00258081 0.00183785 0.00128226 0.000876028 0.000585762 0.000383166 0.000245094 0.000153251 9.36393e-05 5.58968e-05 3.25911e-05 1.85577e-05 1.03184e-05 5.60191e-06 2.96948e-06 1.53691e-06 7.76707e-07 3.83296e-07 1.84722e-07 8.69475e-08 3.99767e-08 1.7957e-08 7.88181e-09 3.38213e-09 1.42202e-09 5.93973e-10 2.67759e-10 
3.37086e-10 4.92936e-10 1.08742e-09 2.58999e-09 6.12931e-09 1.42123e-08 3.22152e-08 7.13484e-08 1.54364e-07 3.26198e-07 6.73181e-07 1.35659e-06 2.66927e-06 5.12782e-06 9.61728e-06 1.76094e-05 3.14791e-05 5.49428e-05 9.36393e-05 0.000155858 0.000253405 0.000402554 0.000625019 0.000948816 0.00140887 0.00204722 0.00291263 0.00405951 0.005546 0.00743127 0.00977206 0.0126185 0.0160099 0.0199695 0.0245009 0.0295837 0.0351713 0.0411898 0.0475385 0.0540936 0.0607127 0.0672424 0.073526 0.0794127 0.0847651 0.0894655 0.0934193 0.0965556 0.0988255 0.100198 0.100658 0.100198 0.0988255 0.0965556 0.0934193 0.0894655 0.0847651 0.0794127 0.073526 0.0672424 0.0607127 0.0540936 0.0475385 0.0411898 0.0351713 0.0295837 0.0245009 0.0199695 0.0160099 0.0126185 0.00977206 0.00743127 0.005546 0.00405951 0.00291263 0.00204722 0.00140887 0.000948816 0.000625019 0.000402554 0.000253405 0.000155858 9.36393e-05 5.49428e-05 3.14791e-05 1.76094e-05 9.61728e-06 5.12782e-06 2.66927e-06 1.35659e-06 6.73181e-07 3.26198e-07 1.54364e-07 7.13484e-08 3.22152e-08 1.42123e-08 6.12931e-09 2.58999e-09 1.08742e-09 4.92936e-10 
6.09526e-10 8.88239e-10 1.94848e-09 4.61666e-09 1.08702e-08 2.50771e-08 5.65484e-08 1.24581e-07 2.68091e-07 5.63434e-07 1.15632e-06 2.31704e-06 4.53286e-06 8.65691e-06 1.61393e-05 2.9372e-05 5.21814e-05 9.05018e-05 0.000153251 0.000253405 0.000409242 0.00064567 0.000995492 0.00150045 0.00221179 0.00319018 0.00450464 0.00623056 0.00844654 0.0112302 0.0146532 0.0187754 0.0236396 0.0292649 0.0356425 0.0427316 0.0504568 0.0587084 0.0673444 0.076195 0.0850708 0.0937712 0.102096 0.109854 0.116875 0.123017 0.128166 0.132239 0.135181 0.136958 0.137552 0.136958 0.135181 0.132239 0.128166 0.123017 0.116875 0.109854 0.102096 0.0937712 0.0850708 0.076195 0.0673444 0.0587084 0.0504568 0.0427316 0.0356425 0.0292649 0.0236396 0.0187754 0.0146532 0.0112302 0.00844654 0.00623056 0.00450464 0.00319018 0.00221179 0.00150045 0.000995492 0.00064567 0.000409242 0.000253405 0.000153251 9.05018e-05 5.21814e-05 2.9372e-05 1.61393e-05 8.65691e-06 4.53286e-06 2.31704e-06 1.15632e-06 5.63434e-07 2.68091e-07 1.24581e-07 5.65484e-08 2.50771e-08 1.08702e-08 4.61666e-09 1.94848e-09 8.88239e-10 
1.07896e-09 1.56685e-09 3.41771e-09 8.05515e-09 1.88693e-08 4.33062e-08 9.71427e-08 2.1287e-07 4.55586e-07 9.52163e-07 1.94303e-06 3.871e-06 7.52841e-06 1.42918e-05 2.64822e-05 4.78956e-05 8.45514e-05 0.000145698 0.000245094 0.000402554 0.00064567 0.00101158 0.00154855 0.0023171 0.00339035 0.00485325 0.00680051 0.00933312 0.0125533 0.0165586 0.0214347 0.027248 0.0340387 0.041814 0.050543 0.0601533 0.0705295 0.081515 0.0929159 0.104508 0.116048 0.127284 0.137968 0.147869 0.156787 0.164554 0.171042 0.176159 0.179847 0.18207 0.182813 0.18207 0.179847 0.176159 0.171042 0.164554 0.156787 0.147869 0.137968 0.127284 0.116048 0.104508 0.0929159 0.081515 0.0705295 0.0601533 0.050543 0.041814 0.0340387 0.027248 0.0214347 0.0165586 0.0125533 0.00933312 0.00680051 0.00485325 0.00339035 0.0023171 0.00154855 0.00101158 0.00064567 0.000402554 0.000245094 0.000145698 8.45514e-05 4.78956e-05 2.64822e-05 1.42918e-05 7.52841e-06 3.871e-06 1.94303e-06 9.52163e-07 4.55586e-07 2.1287e-07 9.71427e-08 4.33062e-08 1.88693e-08 8.05515e-09 3.41771e-09 1.56685e-09 
1.87e-09 2.7061e-09 5.86926e-09 1.37599e-08 3.20666e-08 7.32115e-08 1.63354e-07 3.56021e-07 7.57744e-07 1.57472e-06 3.19494e-06 6.32772e-06 1.22325e-05 2.30801e-05 4.25002e-05 7.63779e-05 0.00013396 0.000229316 0.000383166 0.000625019 0.000995492 0.00154855 0.00235336 0.00349532 0.00507578 0.00721025 0.0100246 0.0136492 0.0182122 0.0238298 0.0305981 0.0385834 0.0478137 0.0582726 0.0698939 0.0825601 0.0961027 0.110306 0.124916 0.139647 0.154196 0.168259 0.181543 0.193782 0.204746 0.214251 0.22216 0.228378 0.232849 0.235541 0.236439 0.235541 0.232849 0.228378 0.22216 0.214251 0.204746 0.193782 0.181543 0.168259 0.154196 0.139647 0.124916 0.110306 0.0961027 0.0825601 0.0698939 0.0582726 0.0478137 0.0385834 0.0305981 0.0238298 0.0182122 0.0136492 0.0100246 0.00721025 0.00507578 0.00349532 0.00235336 0.00154855 0.000995492 0.000625019 0.000383166 0.000229316 0.00013396 7.63779e-05 4.25002e-05 2.30801e-05 1.22325e-05 6.32772e-06 3.19494e-06 1.57472e-06 7.57744e-07 3.56021e-07 1.63354e-07 7.32115e-08 3.20666e-08 1.37599e-08 5.86926e-09 2.7061e-09 
3.17359e-09 4.57662e-09 9.86993e-09 2.30161e-08 5.33597e-08 1.21188e-07 2.68957e-07 5.8297e-07 1.23383e-06 2.54945e-06 5.14231e-06 1.01237e-05 1.94515e-05 3.64722e-05 6.67341e-05 0.000119152 0.000207602 0.000352987 0.000585762 0.000948816 0.00150045 0.0023171 0.00349532 0.00515231 0.00742467 0.0104647 0.0144342 0.0194956 0.025802 0.0334848 0.0426426 0.0533302 0.0655501 0.0792461 0.0943008 0.110536 0.127716 0.145556 0.163733 0.181896 0.199686 0.216749 0.232752 0.247402 0.260451 0.271709 0.281037 0.288346 0.293587 0.296736 0.297787 0.296736 0.293587 0.288346 0.281037 0.271709 0.260451 0.247402 0.232752 0.216749 0.199686 0.181896 0.163733 0.145556 0.127716 0.110536 0.0943008 0.0792461 0.0655501 0.0533302 0.0426426 0.0334848 0.025802 0.0194956 0.0144342 0.0104647 0.00742467 0.00515231 0.00349532 0.0023171 0.00150045 0.000948816 0.000585762 0.000352987 0.000207602 0.000119152 6.67341e-05 3.64722e-05 1.94515e-05 1.01237e-05 5.14231e-06 2.54945e-06 1.23383e-06 5.8297e-07 2.68957e-07 1.21188e-07 5.33597e-08 2.30161e-08 9.86993e-09 4.57662e-09 
5.27458e-09 7.58026e-09 1.62552e-08 3.7705e-08 8.69608e-08 1.96465e-07 4.33681e-07 9.34843e-07 1.96741e-06 4.04174e-06 8.10409e-06 1.58581e-05 3.02807e-05 5.64183e-05 0.000102563 0.000181916 0.000314824 0.000531623 0.000876028 0.00140887 0.00221179 0.00339035 0.00507578 0.00742467 0.0106159 0.014844 0.0203101 0.0272086 0.0357136 0.0459632 0.0580463 0.0719902 0.0877534 0.105221 0.124205 0.144451 0.165642 0.187418 0.209381 0.23112 0.252221 0.272292 0.290974 0.307959 0.322996 0.335899 0.346542 0.354851 0.360793 0.364357 0.365544 0.364357 0.360793 0.354851 0.346542 0.335899 0.322996 0.307959 0.290974 0.272292 0.252221 0.23112 0.209381 0.187418 0.165642 0.144451 0.124205 0.105221 0.0877534 0.0719902 0.0580463 0.0459632 0.0357136 0.0272086 0.0203101 0.014844 0.0106159 0.00742467 0.00507578 0.00339035 0.00221179 0.00140887 0.000876028 0.000531623 0.000314824 0.000181916 0.000102563 5.64183e-05 3.02807e-05 1.58581e-05 8.10409e-06 4.04174e-06 1.96741e-06 9.34843e-07 4.33681e-07 1.96465e-07 8.69608e-08 3.7705e-08 1.62552e-08 7.58026e-09 
8.58609e-09 1.22974e-08 2.62228e-08 6.05043e-08 1.38824e-07 3.11994e-07 6.85006e-07 1.46846e-06 3.07295e-06 6.27625e-06 1.25095e-05 2.43291e-05 4.61653e-05 8.54631e-05 0.000154346 0.00027193 0.000467383 0.000783728 0.00128226 0.00204722 0.00319018 0.00485325 0.00721025 0.0104647 0.014844 0.0205893 0.0279413 0.0371229 0.0483205 0.0616659 0.0772202 0.0949627 0.114785 0.136493 0.159808 0.184382 0.209811 0.235651 0.261436 0.286698 0.310986 0.333883 0.355022 0.374099 0.390877 0.405192 0.416941 0.426078 0.432591 0.436491 0.437789 0.436491 0.432591 0.426078 0.416941 0.405192 0.390877 0.374099 0.355022 0.333883 0.310986 0.286698 0.261436 0.235651 0.209811 0.184382 0.159808 0.136493 0.114785 0.0949627 0.0772202 0.0616659 0.0483205 0.0371229 0.0279413 0.0205893 0.014844 0.0104647 0.00721025 0.00485325 0.00319018 0.00204722 0.00128226 0.000783728 0.000467383 0.00027193 0.000154346 8.54631e-05 4.61653e-05 2.43291e-05 1.25095e-05 6.27625e-06 3.07295e-06 1.46846e-06 6.85006e-07 3.11994e-07 1.38824e-07 6.05043e-08 2.62228e-08 1.22974e-08 
1.36902e-08 1.95421e-08 4.14408e-08 9.51174e-08 2.17125e-07 4.85431e-07 1.06011e-06 2.2601e-06 4.70281e-06 9.54928e-06 1.89194e-05 3.65695e-05 6.89548e-05 0.000126827 0.000227532 0.000398155 0.00067959 0.00113149 0.00183785 0.00291263 0.00450464 0.00680051 0.0100246 0.0144342 0.0203101 0.0279413 0.0376053 0.049545 0.0639456 0.0809134 0.100459 0.12249 0.146805 0.173107 0.201009 0.230061 0.259762 0.289588 0.319014 0.347533 0.374672 0.400013 0.423205 0.443968 0.4621 0.477473 0.490025 0.499744 0.50665 0.510776 0.512147 0.510776 0.50665 0.499744 0.490025 0.477473 0.4621 0.443968 0.423205 0.400013 0.374672 0.347533 0.319014 0.289588 0.259762 0.230061 0.201009 0.173107 0.146805 0.12249 0.100459 0.0809134 0.0639456 0.049545 0.0376053 0.0279413 0.0203101 0.0144342 0.0100246 0.00680051 0.00450464 0.00291263 0.00183785 0.00113149 0.00067959 0.000398155 0.000227532 0.000126827 6.89548e-05 3.65695e-05 1.89194e-05 9.54928e-06 4.70281e-06 2.2601e-06 1.06011e-06 4.85431e-07 2.17125e-07 9.51174e-08 4.14408e-08 1.95421e-08 
2.13827e-08 3.04229e-08 6.41634e-08 1.46513e-07 3.32756e-07 7.40128e-07 1.60779e-06 3.40904e-06 7.05366e-06 1.42398e-05 2.80443e-05 5.38742e-05 0.000100943 0.000184457 0.000328718 0.000571288 0.000968279 0.00160061 0.00258081 0.00405951 0.00623056 0.00933312 0.0136492 0.0194956 0.0272086 0.0371229 0.049545 0.0647243 0.0828257 0.103906 0.127899 0.15461 0.183723 0.214815 0.247378 0.28085 0.314637 0.348148 0.380812 0.412105 0.44156 0.468784 0.493464 0.51537 0.534354 0.550342 0.563321 0.573325 0.580408 0.584628 0.58603 0.584628 0.580408 0.573325 0.563321 0.550342 0.534354 0.51537 0.493464 0.468784 0.44156 0.412105 0.380812 0.348148 0.314637 0.28085 0.247378 0.214815 0.183723 0.15461 0.127899 0.103906 0.0828257 0.0647243 0.049545 0.0371229 0.0272086 0.0194956 0.0136492 0.00933312 0.00623056 0.00405951 0.00258081 0.00160061 0.000968279 0.000571288 0.000328718 0.000184457 0.000100943 5.38742e-05 2.80443e-05 1.42398e-05 7.05366e-06 3.40904e-06 1.60779e-06 7.40128e-07 3.32756e-07 1.46513e-07 6.41634e-08 3.04229e-08 
3.27172e-08 4.64008e-08 9.73404e-08 2.21148e-07 4.99775e-07 1.106e-06 2.39005e-06 5.04044e-06 1.03713e-05 2.08172e-05 4.0755e-05 7.78137e-05 0.000144879 0.000263027 0.000465611 0.000803654 0.00135254 0.0022197 0.00355261 0.005546 0.00844654 0.0125533 0.0182122 0.025802 0.0357136 0.0483205 0.0639456 0.0828257 0.105081 0.130689 0.159479 0.191128 0.225177 0.261064 0.298152 0.335766 0.373232 0.409907 0.445201 0.478599 0.509671 0.538075 0.563564 0.585979 0.605244 0.621351 0.634346 0.644311 0.65134 0.655517 0.656902 0.655517 0.65134 0.644311 0.634346 0.621351 0.605244 0.585979 0.563564 0.538075 0.509671 0.478599 0.445201 0.409907 0.373232 0.335766 0.298152 0.261064 0.225177 0.191128 0.159479 0.130689 0.105081 0.0828257 0.0639456 0.0483205 0.0357136 0.025802 0.0182122 0.0125533 0.00844654 0.005546 0.00355261 0.0022197 0.00135254 0.000803654 0.000465611 0.000263027 0.000144879 7.78137e-05 4.0755e-05 2.08172e-05 1.03713e-05 5.04044e-06 2.39005e-06 1.106e-06 4.99775e-07 2.21148e-07 9.73404e-08 4.64008e-08 
4.90413e-08 6.93371e-08 1.44703e-07 3.27131e-07 7.35704e-07 1.62006e-06 3.48306e-06 7.30672e-06 1.49522e-05 2.98423e-05 5.80821e-05 0.000110226 0.000203944 0.000367874 0.000646884 0.0011089 0.00185314 0.00301929 0.0047966 0.00743127 0.0112302 0.0165586 0.0238298 0.0334848 0.0459632 0.0616659 0.0809134 0.103906 0.130689 0.161135 0.194933 0.231607 0.270541 0.311021 0.35228 0.393545 0.434078 0.47321 0.510363 0.545064 0.576945 0.605747 0.631313 0.653571 0.672529 0.688255 0.700858 0.710469 0.717219 0.72122 0.722544 0.72122 0.717219 0.710469 0.700858 0.688255 0.672529 0.653571 0.631313 0.605747 0.576945 0.545064 0.510363 0.47321 0.434078 0.393545 0.35228 0.311021 0.270541 0.231607 0.194933 0.161135 0.130689 0.103906 0.0809134 0.0616659 0.0459632 0.0334848 0.0238298 0.0165586 0.0112302 0.00743127 0.0047966 0.00301929 0.00185314 0.0011089 0.000646884 0.000367874 0.000203944 0.000110226 5.80821e-05 2.98423e-05 1.49522e-05 7.30672e-06 3.48306e-06 1.62006e-06 7.35704e-07 3.27131e-07 1.44703e-07 6.93371e-08 
7.2016e-08 1.01516e-07 2.10795e-07 4.74267e-07 1.06158e-06 2.32641e-06 4.97682e-06 1.03865e-05 2.11408e-05 4.19599e-05 8.11974e-05 0.000153176 0.000281668 0.000504835 0.000881883 0.00150148 0.00249166 0.00403042 0.00635562 0.00977206 0.0146532 0.0214347 0.0305981 0.0426426 0.0580463 0.0772202 0.100459 0.127899 0.159479 0.194933 0.233787 0.27539 0.318958 0.363624 0.408503 0.452741 0.495567 0.536317 0.574457 0.609587 0.641435 0.669846 0.694767 0.716231 0.734335 0.749224 0.761069 0.770047 0.776324 0.780033 0.781259 0.780033 0.776324 0.770047 0.761069 0.749224 0.734335 0.716231 0.694767 0.669846 0.641435 0.609587 0.574457 0.536317 0.495567 0.452741 0.408503 0.363624 0.318958 0.27539 0.233787 0.194933 0.159479 0.127899 0.100459 0.0772202 0.0580463 0.0426426 0.0305981 0.0214347 0.0146532 0.00977206 0.00635562 0.00403042 0.00249166 0.00150148 0.000881883 0.000504835 0.000281668 0.000153176 8.11974e-05 4.19599e-05 2.11408e-05 1.03865e-05 4.97682e-06 2.32641e-06 1.06158e-06 4.74267e-07 2.10795e-07 1.01516e-07 
1.03605e-07 1.45626e-07 3.00926e-07 6.73924e-07 1.50163e-06 3.27542e-06 6.97321e-06 1.448e-05 2.93196e-05 5.78788e-05 0.000111374 0.000208881 0.000381783 0.000679992 0.00118017 0.00199589 0.00328923 0.00528264 0.00826921 0.0126185 0.0187754 0.027248 0.0385834 0.0533302 0.0719902 0.0949627 0.12249 0.15461 0.191128 0.231607 0.27539 0.32164 0.3694 0.417664 0.465447 0.511847 0.556087 0.597549 0.635775 0.670468 0.701475 0.728763 0.752397 0.772514 0.789303 0.802982 0.813777 0.821906 0.827561 0.830891 0.83199 0.830891 0.827561 0.821906 0.813777 0.802982 0.789303 0.772514 0.752397 0.728763 0.701475 0.670468 0.635775 0.597549 0.556087 0.511847 0.465447 0.417664 0.3694 0.32164 0.27539 0.231607 0.191128 0.15461 0.12249 0.0949627 0.0719902 0.0533302 0.0385834 0.027248 0.0187754 0.0126185 0.00826921 0.00528264 0.00328923 0.00199589 0.00118017 0.000679992 0.000381783 0.000208881 0.000111374 5.78788e-05 2.93196e-05 1.448e-05 6.97321e-06 3.27542e-06 1.50163e-06 6.73924e-07 3.00926e-07 1.45626e-07 
1.4602e-07 2.04684e-07 4.21003e-07 9.38654e-07 2.08235e-06 4.52175e-06 9.58188e-06 1.98008e-05 3.98919e-05 7.83372e-05 0.000149922 0.000279586 0.00050801 0.000899294 0.0015509 0.00260567 0.004265 0.00680177 0.0105702 0.0160099 0.0236396 0.0340387 0.0478137 0.0655501 0.0877534 0.114785 0.146805 0.183723 0.225177 0.270541 0.318958 0.3694 0.420749 0.471881 0.521742 0.569414 0.614157 0.655429 0.692882 0.726347 0.755805 0.781356 0.803184 0.821529 0.836663 0.848868 0.858415 0.865553 0.870491 0.873387 0.874342 0.873387 0.870491 0.865553 0.858415 0.848868 0.836663 0.821529 0.803184 0.781356 0.755805 0.726347 0.692882 0.655429 0.614157 0.569414 0.521742 0.471881 0.420749 0.3694 0.318958 0.270541 0.225177 0.183723 0.146805 0.114785 0.0877534 0.0655501 0.0478137 0.0340387 0.0236396 0.0160099 0.0105702 0.00680177 0.004265 0.00260567 0.0015509 0.000899294 0.00050801 0.000279586 0.000149922 7.83372e-05 3.98919e-05 1.98008e-05 9.58188e-06 4.52175e-06 2.08235e-06 9.38654e-07 4.21003e-07 2.04684e-07 
2.01616e-07 2.81881e-07 5.77223e-07 1.28151e-06 2.83107e-06 6.12122e-06 1.29135e-05 2.6562e-05 5.32549e-05 0.000104052 0.000198092 0.000367399 0.000663772 0.00116808 0.00200206 0.00334219 0.00543436 0.00860729 0.0132814 0.0199695 0.0292649 0.041814 0.0582726 0.0792461 0.105221 0.136493 0.173107 0.214815 0.261064 0.311021 0.363624 0.417664 0.471881 0.525062 0.576122 0.624167 0.668531 0.708782 0.744707 0.776282 0.803632 0.826987 0.846645 0.862941 0.876216 0.886803 0.895004 0.901088 0.90527 0.907713 0.908517 0.907713 0.90527 0.901088 0.895004 0.886803 0.876216 0.862941 0.846645 0.826987 0.803632 0.776282 0.744707 0.708782 0.668531 0.624167 0.576122 0.525062 0.471881 0.417664 0.363624 0.311021 0.261064 0.214815 0.173107 0.136493 0.105221 0.0792461 0.0582726 0.041814 0.0292649 0.0199695 0.0132814 0.00860729 0.00543436 0.00334219 0.00200206 0.00116808 0.000663772 0.000367399 0.000198092 0.000104052 5.32549e-05 2.6562e-05 1.29135e-05 6.12122e-06 2.83107e-06 1.28151e-06 5.77223e-07 2.81881e-07 
2.72719e-07 3.80354e-07 7.75612e-07 1.71504e-06 3.77377e-06 8.12624e-06 1.70708e-05 3.4958e-05 6.97652e-05 0.000135656 0.00025696 0.000474086 0.000851844 0.00149051 0.00253955 0.00421333 0.00680694 0.0107096 0.0164118 0.0245009 0.0356425 0.050543 0.0698939 0.0943008 0.124205 0.159808 0.201009 0.247378 0.298152 0.35228 0.408503 0.465447 0.521742 0.576122 0.627511 0.675082 0.718275 0.756798 0.790589 0.819779 0.844632 0.865505 0.882796 0.896916 0.908262 0.917199 0.92405 0.929087 0.932526 0.934526 0.935182 0.934526 0.932526 0.929087 0.92405 0.917199 0.908262 0.896916 0.882796 0.865505 0.844632 0.819779 0.790589 0.756798 0.718275 0.675082 0.627511 0.576122 0.521742 0.465447 0.408503 0.35228 0.298152 0.247378 0.201009 0.159808 0.124205 0.0943008 0.0698939 0.050543 0.0356425 0.0245009 0.0164118 0.0107096 0.00680694 0.00421333 0.00253955 0.00149051 0.000851844 0.000474086 0.00025696 0.000135656 6.97652e-05 3.4958e-05 1.70708e-05 8.12624e-06 3.77377e-06 1.71504e-06 7.75612e-07 3.80354e-07 
3.61398e-07 5.02871e-07 1.02141e-06 2.24998e-06 4.93231e-06 1.05801e-05 2.21366e-05 4.51423e-05 8.96963e-05 0.000173615 0.000327293 0.000600838 0.00107397 0.00186895 0.00316629 0.00522208 0.00838475 0.0131077 0.0199535 0.0295837 0.0427316 0.0601533 0.0825601 0.110536 0.144451 0.184382 0.230061 0.28085 0.335766 0.393545 0.452741 0.511847 0.569414 0.624167 0.675082 0.721432 0.762797 0.799042 0.830267 0.856754 0.878901 0.897173 0.912052 0.924007 0.93347 0.940823 0.946394 0.95045 0.953199 0.954789 0.955309 0.954789 0.953199 0.95045 0.946394 0.940823 0.93347 0.924007 0.912052 0.897173 0.878901 0.856754 0.830267 0.799042 0.762797 0.721432 0.675082 0.624167 0.569414 0.511847 0.452741 0.393545 0.335766 0.28085 0.230061 0.184382 0.144451 0.110536 0.0825601 0.0601533 0.0427316 0.0295837 0.0199535 0.0131077 0.00838475 0.00522208 0.00316629 0.00186895 0.00107397 0.000600838 0.000327293 0.000173615 8.96963e-05 4.51423e-05 2.21366e-05 1.05801e-05 4.93231e-06 2.24998e-06 1.02141e-06 5.02871e-07 
