0.000232842 0.000238375 0.000255114 0.000283477 0.000324161 0.000378133 0.000446627 0.000531134 0.000633393 0.000755368 0.000899235 0.00106735 0.00126224 0.00148652 0.00174289 0.00203408 0.00236279 0.00273162 0.003143 0.00359915 0.00410196 0.00465297 0.00525324 0.00590332 0.00660314 0.00735199 0.00814843 0.00899029 0.00987458 0.0107975 0.0117545 0.0127402 0.0137484 0.0147722 0.0158043 0.0168364 0.0178601 0.0188665 0.0198464 0.0207907 0.0216902 0.0225359 0.0233191 0.0240315 0.0246657 0.0252147 0.0256725 0.026034 0.0262952 0.0264531 0.026506 0.0264531 0.0262952 0.026034 0.0256725 0.0252147 0.0246657 0.0240315 0.0233191 0.0225359 0.0216902 0.0207907 0.0198464 0.0188665 0.0178601 0.0168364 0.0158043 0.0147722 0.0137484 0.0127402 0.0117545 0.0107975 0.00987458 0.00899029 0.00814843 0.00735199 0.00660314 0.00590332 0.00525324 0.00465297 0.00410196 0.00359915 0.003143 0.00273162 0.00236279 0.00203408 0.00174289 0.00148652 0.00126224 0.00106735 0.000899235 0.000755368 0.000633393 0.000531134 0.000446627 0.000378133 0.000324161 0.000283477 0.000255114 0.000238375 
0.000238375 0.00024403 0.000261139 0.000290128 0.000331706 0.000386858 0.000456843 0.000543178 0.000647633 0.000772209 0.000919121 0.00109077 0.00128971 0.00151861 0.00178023 0.00207732 0.00241263 0.00278879 0.00320828 0.00367333 0.00418587 0.00474743 0.00535909 0.00602139 0.00673424 0.00749691 0.00830792 0.00916502 0.0100652 0.0110046 0.0119784 0.0129814 0.014007 0.0150485 0.0160982 0.0171478 0.0181888 0.019212 0.0202083 0.0211682 0.0220824 0.0229419 0.0237378 0.0244618 0.0251063 0.0256641 0.0261292 0.0264965 0.0267619 0.0269223 0.026976 0.0269223 0.0267619 0.0264965 0.0261292 0.0256641 0.0251063 0.0244618 0.0237378 0.0229419 0.0220824 0.0211682 0.0202083 0.019212 0.0181888 0.0171478 0.0160982 0.0150485 0.014007 0.0129814 0.0119784 0.0110046 0.0100652 0.00916502 0.00830792 0.00749691 0.00673424 0.00602139 0.00535909 0.00474743 0.00418587 0.00367333 0.00320828 0.00278879 0.00241263 0.00207732 0.00178023 0.00151861 0.00128971 0.00109077 0.000919121 0.000772209 0.000647633 0.000543178 0.000456843 0.000386858 0.000331706 0.000290128 0.000261139 0.00024403 
0.000255114 0.000261139 0.000279366 0.000310245 0.000354523 0.000413243 0.00048773 0.000579586 0.000690676 0.000823108 0.000979211 0.00116151 0.00137269 0.00161556 0.001893 0.00220789 0.00256311 0.0029614 0.00340533 0.00389724 0.00443909 0.00503248 0.00567847 0.0063776 0.00712973 0.00793403 0.0087889 0.00969196 0.01064 0.0116288 0.0126535 0.0137084 0.0147867 0.0158813 0.016984 0.0180863 0.0191792 0.020253 0.0212983 0.0223051 0.0232638 0.0241649 0.0249991 0.0257578 0.026433 0.0270174 0.0275046 0.0278893 0.0281672 0.0283352 0.0283914 0.0283352 0.0281672 0.0278893 0.0275046 0.0270174 0.026433 0.0257578 0.0249991 0.0241649 0.0232638 0.0223051 0.0212983 0.020253 0.0191792 0.0180863 0.016984 0.0158813 0.0147867 0.0137084 0.0126535 0.0116288 0.01064 0.00969196 0.0087889 0.00793403 0.00712973 0.0063776 0.00567847 0.00503248 0.00443909 0.00389724 0.00340533 0.0029614 0.00256311 0.00220789 0.001893 0.00161556 0.00137269 0.00116151 0.000979211 0.000823108 0.000690676 0.000579586 0.00048773 0.000413243 0.000354523 0.000310245 0.000279366 0.000261139 
0.000283477 0.000290128 0.000310245 0.000344318 0.000393162 0.000457909 0.000540004 0.000641187 0.000763482 0.000909178 0.0010808 0.00128108 0.00151292 0.00177934 0.00208345 0.00242836 0.00281713 0.0032527 0.00373782 0.00427493 0.00486614 0.00551308 0.00621684 0.00697791 0.00779608 0.00867037 0.00959896 0.0105792 0.0116075 0.0126794 0.0137895 0.0149315 0.0160983 0.0172818 0.0184736 0.0196642 0.020844 0.0220027 0.02313 0.0242155 0.0252486 0.0262193 0.0271177 0.0279345 0.0286612 0.02929 0.0298142 0.030228 0.0305269 0.0307076 0.0307681 0.0307076 0.0305269 0.030228 0.0298142 0.02929 0.0286612 0.0279345 0.0271177 0.0262193 0.0252486 0.0242155 0.02313 0.0220027 0.020844 0.0196642 0.0184736 0.0172818 0.0160983 0.0149315 0.0137895 0.0126794 0.0116075 0.0105792 0.00959896 0.00867037 0.00779608 0.00697791 0.00621684 0.00551308 0.00486614 0.00427493 0.00373782 0.0032527 0.00281713 0.00242836 0.00208345 0.00177934 0.00151292 0.00128108 0.0010808 0.000909178 0.000763482 0.000641187 0.000540004 0.000457909 0.000393162 0.000344318 0.000310245 0.000290128 
0.000324161 0.000331706 0.000354523 0.000393162 0.000448529 0.00052189 0.000614851 0.000729351 0.000867643 0.00103227 0.00122602 0.00145194 0.00171322 0.00201321 0.00235531 0.00274295 0.00317947 0.00366808 0.00421175 0.00481313 0.00547444 0.00619742 0.00698318 0.00783214 0.00874397 0.00971746 0.0107505 0.0118401 0.0129821 0.0141716 0.0154025 0.0166677 0.0179594 0.0192687 0.0205862 0.0219015 0.023204 0.0244825 0.0257257 0.026922 0.0280601 0.0291289 0.0301177 0.0310164 0.0318157 0.0325072 0.0330834 0.0335382 0.0338667 0.0340652 0.0341316 0.0340652 0.0338667 0.0335382 0.0330834 0.0325072 0.0318157 0.0310164 0.0301177 0.0291289 0.0280601 0.026922 0.0257257 0.0244825 0.023204 0.0219015 0.0205862 0.0192687 0.0179594 0.0166677 0.0154025 0.0141716 0.0129821 0.0118401 0.0107505 0.00971746 0.00874397 0.00783214 0.00698318 0.00619742 0.00547444 0.00481313 0.00421175 0.00366808 0.00317947 0.00274295 0.00235531 0.00201321 0.00171322 0.00145194 0.00122602 0.00103227 0.000867643 0.000729351 0.000614851 0.00052189 0.000448529 0.000393162 0.000354523 0.000331706 
0.000378133 0.000386858 0.000413243 0.000457909 0.00052189 0.000606617 0.000713916 0.000845982 0.00100536 0.00119493 0.00141785 0.00167752 0.00197755 0.00232168 0.00271372 0.0031575 0.00365672 0.00421494 0.00483541 0.00552103 0.00627421 0.00709676 0.00798983 0.00895375 0.00998801 0.0110911 0.0122606 0.0134929 0.0147833 0.016126 0.0175142 0.0189399 0.0203942 0.0218672 0.0233482 0.0248256 0.0262876 0.0277217 0.0291153 0.0304555 0.0317298 0.0329259 0.0340319 0.0350367 0.0359301 0.0367026 0.0373463 0.0378542 0.038221 0.0384426 0.0385168 0.0384426 0.038221 0.0378542 0.0373463 0.0367026 0.0359301 0.0350367 0.0340319 0.0329259 0.0317298 0.0304555 0.0291153 0.0277217 0.0262876 0.0248256 0.0233482 0.0218672 0.0203942 0.0189399 0.0175142 0.016126 0.0147833 0.0134929 0.0122606 0.0110911 0.00998801 0.00895375 0.00798983 0.00709676 0.00627421 0.00552103 0.00483541 0.00421494 0.00365672 0.0031575 0.00271372 0.00232168 0.00197755 0.00167752 0.00141785 0.00119493 0.00100536 0.000845982 0.000713916 0.000606617 0.00052189 0.000457909 0.000413243 0.000386858 
0.000446627 0.000456843 0.00048773 0.000540004 0.000614851 0.000713916 0.000839292 0.000993495 0.00117944 0.00140042 0.00166002 0.00196214 0.00231086 0.00271044 0.00316518 0.00367937 0.0042572 0.00490261 0.00561923 0.00641024 0.00727825 0.00822521 0.00925224 0.0103596 0.0115465 0.0128111 0.0141504 0.0155602 0.0170351 0.0185683 0.0201519 0.0217768 0.0234328 0.0251086 0.0267921 0.0284703 0.0301297 0.0317562 0.0333357 0.0348537 0.0362962 0.0376495 0.0389002 0.040036 0.0410454 0.041918 0.0426448 0.0432182 0.0436321 0.0438823 0.043966 0.0438823 0.0436321 0.0432182 0.0426448 0.041918 0.0410454 0.040036 0.0389002 0.0376495 0.0362962 0.0348537 0.0333357 0.0317562 0.0301297 0.0284703 0.0267921 0.0251086 0.0234328 0.0217768 0.0201519 0.0185683 0.0170351 0.0155602 0.0141504 0.0128111 0.0115465 0.0103596 0.00925224 0.00822521 0.00727825 0.00641024 0.00561923 0.00490261 0.0042572 0.00367937 0.00316518 0.00271044 0.00231086 0.00196214 0.00166002 0.00140042 0.00117944 0.000993495 0.000839292 0.000713916 0.000614851 0.000540004 0.00048773 0.000456843 
0.000531134 0.000543178 0.000579586 0.000641187 0.000729351 0.000845982 0.000993495 0.0011748 0.00139324 0.00165261 0.00195704 0.00231099 0.00271913 0.00318631 0.00371743 0.00431735 0.00499079 0.00574218 0.00657558 0.00749449 0.00850176 0.00959945 0.0107887 0.0120695 0.0134409 0.0149006 0.0164449 0.0180688 0.0197659 0.0215285 0.0233472 0.0252116 0.02711 0.0290294 0.0309559 0.0328748 0.0347706 0.0366276 0.0384296 0.0401603 0.041804 0.0433451 0.0447687 0.0460608 0.0472087 0.0482007 0.0490267 0.0496782 0.0501485 0.0504326 0.0505277 0.0504326 0.0501485 0.0496782 0.0490267 0.0482007 0.0472087 0.0460608 0.0447687 0.0433451 0.041804 0.0401603 0.0384296 0.0366276 0.0347706 0.0328748 0.0309559 0.0290294 0.02711 0.0252116 0.0233472 0.0215285 0.0197659 0.0180688 0.0164449 0.0149006 0.0134409 0.0120695 0.0107887 0.00959945 0.00850176 0.00749449 0.00657558 0.00574218 0.00499079 0.00431735 0.00371743 0.00318631 0.00271913 0.00231099 0.00195704 0.00165261 0.00139324 0.0011748 0.000993495 0.000845982 0.000729351 0.000641187 0.000579586 0.000543178 
0.000633393 0.000647633 0.000690676 0.000763482 0.000867643 0.00100536 0.00117944 0.00139324 0.00165064 0.001956 0.0023141 0.00273003 0.00320918 0.00375709 0.00437934 0.00508146 0.00586879 0.00674632 0.00771857 0.00878943 0.00996199 0.0112384 0.0126198 0.0141061 0.0156957 0.0173859 0.0191721 0.0210486 0.0230077 0.0250402 0.0271356 0.0292815 0.0314645 0.0336698 0.0358813 0.0380822 0.0402551 0.0423817 0.0444439 0.0464233 0.0483019 0.0500623 0.0516876 0.0531622 0.0544715 0.0556027 0.0565443 0.0572868 0.0578226 0.0581464 0.0582546 0.0581464 0.0578226 0.0572868 0.0565443 0.0556027 0.0544715 0.0531622 0.0516876 0.0500623 0.0483019 0.0464233 0.0444439 0.0423817 0.0402551 0.0380822 0.0358813 0.0336698 0.0314645 0.0292815 0.0271356 0.0250402 0.0230077 0.0210486 0.0191721 0.0173859 0.0156957 0.0141061 0.0126198 0.0112384 0.00996199 0.00878943 0.00771857 0.00674632 0.00586879 0.00508146 0.00437934 0.00375709 0.00320918 0.00273003 0.0023141 0.001956 0.00165064 0.00139324 0.00117944 0.00100536 0.000867643 0.000763482 0.000690676 0.000647633 
0.000755368 0.000772209 0.000823108 0.000909178 0.00103227 0.00119493 0.00140042 0.00165261 0.001956 0.00231563 0.00273697 0.00322593 0.00378865 0.00443148 0.00516079 0.00598287 0.00690374 0.00792904 0.00906379 0.0103123 0.0116779 0.0131629 0.0147684 0.0164938 0.0183373 0.0202953 0.0223626 0.024532 0.0267946 0.0291398 0.0315551 0.0340264 0.0365381 0.0390731 0.0416131 0.0441388 0.0466304 0.0490671 0.0514282 0.0536931 0.0558414 0.0578532 0.0597097 0.0613932 0.0628875 0.0641779 0.0652518 0.0660984 0.0667092 0.0670782 0.0672016 0.0670782 0.0667092 0.0660984 0.0652518 0.0641779 0.0628875 0.0613932 0.0597097 0.0578532 0.0558414 0.0536931 0.0514282 0.0490671 0.0466304 0.0441388 0.0416131 0.0390731 0.0365381 0.0340264 0.0315551 0.0291398 0.0267946 0.024532 0.0223626 0.0202953 0.0183373 0.0164938 0.0147684 0.0131629 0.0116779 0.0103123 0.00906379 0.00792904 0.00690374 0.00598287 0.00516079 0.00443148 0.00378865 0.00322593 0.00273697 0.00231563 0.001956 0.00165261 0.00140042 0.00119493 0.00103227 0.000909178 0.000823108 0.000772209 
0.000899235 0.000919121 0.000979211 0.0010808 0.00122602 0.00141785 0.00166002 0.00195704 0.0023141 0.00273697 0.003232 0.00380593 0.00446583 0.00521892 0.00607248 0.00703362 0.00810916 0.00930541 0.010628 0.0120816 0.0136699 0.0153952 0.0172584 0.0192588 0.0213939 0.0236592 0.0260485 0.0285532 0.0311629 0.0338652 0.0366456 0.0394878 0.0423738 0.0452839 0.0481972 0.0510919 0.0539449 0.0567332 0.059433 0.062021 0.0644742 0.0667702 0.0688879 0.0708073 0.0725103 0.0739804 0.0752034 0.0761673 0.0768627 0.0772827 0.0774232 0.0772827 0.0768627 0.0761673 0.0752034 0.0739804 0.0725103 0.0708073 0.0688879 0.0667702 0.0644742 0.062021 0.059433 0.0567332 0.0539449 0.0510919 0.0481972 0.0452839 0.0423738 0.0394878 0.0366456 0.0338652 0.0311629 0.0285532 0.0260485 0.0236592 0.0213939 0.0192588 0.0172584 0.0153952 0.0136699 0.0120816 0.010628 0.00930541 0.00810916 0.00703362 0.00607248 0.00521892 0.00446583 0.00380593 0.003232 0.00273697 0.0023141 0.00195704 0.00166002 0.00141785 0.00122602 0.0010808 0.000979211 0.000919121 
0.00106735 0.00109077 0.00116151 0.00128108 0.00145194 0.00167752 0.00196214 0.00231099 0.00273003 0.00322593 0.00380593 0.00447778 0.00524953 0.00612942 0.00712571 0.00824644 0.00949928 0.0108913 0.0124287 0.0141166 0.015959 0.0179582 0.020115 0.0224281 0.0248944 0.0275084 0.0302626 0.0331469 0.0361492 0.0392549 0.0424472 0.0457074 0.0490147 0.0523466 0.0556795 0.0589881 0.0622466 0.0654286 0.0685075 0.0714569 0.0742508 0.0768642 0.0792733 0.0814558 0.0833914 0.0850616 0.0864507 0.0875453 0.0883348 0.0888116 0.088971 0.0888116 0.0883348 0.0875453 0.0864507 0.0850616 0.0833914 0.0814558 0.0792733 0.0768642 0.0742508 0.0714569 0.0685075 0.0654286 0.0622466 0.0589881 0.0556795 0.0523466 0.0490147 0.0457074 0.0424472 0.0392549 0.0361492 0.0331469 0.0302626 0.0275084 0.0248944 0.0224281 0.020115 0.0179582 0.015959 0.0141166 0.0124287 0.0108913 0.00949928 0.00824644 0.00712571 0.00612942 0.00524953 0.00447778 0.00380593 0.00322593 0.00273003 0.00231099 0.00196214 0.00167752 0.00145194 0.00128108 0.00116151 0.00109077 
0.00126224 0.00128971 0.00137269 0.00151292 0.00171322 0.00197755 0.00231086 0.00271913 0.00320918 0.00378865 0.00446583 0.00524953 0.00614893 0.00717338 0.0083322 0.00963447 0.0110888 0.0127029 0.0144838 0.0164371 0.0185669 0.0208755 0.0233635 0.026029 0.0288679 0.0318739 0.0350377 0.0383477 0.0417896 0.0453465 0.048999 0.0527256 0.0565025 0.0603042 0.0641035 0.0678721 0.0715805 0.0751991 0.0786979 0.0820471 0.0852177 0.0881818 0.0909126 0.0933855 0.0955775 0.0974684 0.0990405 0.100279 0.101172 0.101711 0.101892 0.101711 0.101172 0.100279 0.0990405 0.0974684 0.0955775 0.0933855 0.0909126 0.0881818 0.0852177 0.0820471 0.0786979 0.0751991 0.0715805 0.0678721 0.0641035 0.0603042 0.0565025 0.0527256 0.048999 0.0453465 0.0417896 0.0383477 0.0350377 0.0318739 0.0288679 0.026029 0.0233635 0.0208755 0.0185669 0.0164371 0.0144838 0.0127029 0.0110888 0.00963447 0.0083322 0.00717338 0.00614893 0.00524953 0.00446583 0.00378865 0.00320918 0.00271913 0.00231086 0.00197755 0.00171322 0.00151292 0.00137269 0.00128971 
0.00148652 0.00151861 0.00161556 0.00177934 0.00201321 0.00232168 0.00271044 0.00318631 0.00375709 0.00443148 0.00521892 0.00612942 0.00717338 0.00836135 0.00970383 0.011211 0.0128924 0.0147567 0.0168115 0.0190627 0.0215149 0.0241701 0.0270286 0.0300879 0.0333428 0.0367856 0.0404055 0.0441887 0.0481186 0.0521758 0.056338 0.0605804 0.0648762 0.0691961 0.0735095 0.0777843 0.0819875 0.0860856 0.090045 0.0938326 0.0974158 0.100764 0.103846 0.106636 0.109108 0.11124 0.113012 0.114407 0.115413 0.11602 0.116223 0.11602 0.115413 0.114407 0.113012 0.11124 0.109108 0.106636 0.103846 0.100764 0.0974158 0.0938326 0.090045 0.0860856 0.0819875 0.0777843 0.0735095 0.0691961 0.0648762 0.0605804 0.056338 0.0521758 0.0481186 0.0441887 0.0404055 0.0367856 0.0333428 0.0300879 0.0270286 0.0241701 0.0215149 0.0190627 0.0168115 0.0147567 0.0128924 0.011211 0.00970383 0.00836135 0.00717338 0.00612942 0.00521892 0.00443148 0.00375709 0.00318631 0.00271044 0.00232168 0.00201321 0.00177934 0.00161556 0.00151861 
0.00174289 0.00178023 0.001893 0.00208345 0.00235531 0.00271372 0.00316518 0.00371743 0.00437934 0.00516079 0.00607248 0.00712571 0.0083322 0.00970383 0.0112523 0.0129891 0.0149246 0.0170685 0.019429 0.0220125 0.0248235 0.0278642 0.0311342 0.0346301 0.0383457 0.0422717 0.0463952 0.0507003 0.0551678 0.0597752 0.0644973 0.0693057 0.0741698 0.0790568 0.083932 0.0887593 0.0935018 0.098122 0.102583 0.106846 0.110878 0.114641 0.118105 0.121239 0.124014 0.126406 0.128393 0.129958 0.131086 0.131767 0.131995 0.131767 0.131086 0.129958 0.128393 0.126406 0.124014 0.121239 0.118105 0.114641 0.110878 0.106846 0.102583 0.098122 0.0935018 0.0887593 0.083932 0.0790568 0.0741698 0.0693057 0.0644973 0.0597752 0.0551678 0.0507003 0.0463952 0.0422717 0.0383457 0.0346301 0.0311342 0.0278642 0.0248235 0.0220125 0.019429 0.0170685 0.0149246 0.0129891 0.0112523 0.00970383 0.0083322 0.00712571 0.00607248 0.00516079 0.00437934 0.00371743 0.00316518 0.00271372 0.00235531 0.00208345 0.001893 0.00178023 
0.00203408 0.00207732 0.00220789 0.00242836 0.00274295 0.0031575 0.00367937 0.00431735 0.00508146 0.00598287 0.00703362 0.00824644 0.00963447 0.011211 0.0129891 0.0149813 0.0171993 0.0196535 0.0223529 0.0253043 0.0285121 0.0319784 0.035702 0.0396787 0.0439009 0.0483572 0.0530329 0.0579094 0.0629645 0.0681727 0.0735051 0.0789295 0.0844116 0.0899141 0.0953983 0.100824 0.10615 0.111334 0.116335 0.121112 0.125625 0.129837 0.13371 0.137212 0.140312 0.142983 0.145202 0.146948 0.148207 0.148967 0.149221 0.148967 0.148207 0.146948 0.145202 0.142983 0.140312 0.137212 0.13371 0.129837 0.125625 0.121112 0.116335 0.111334 0.10615 0.100824 0.0953983 0.0899141 0.0844116 0.0789295 0.0735051 0.0681727 0.0629645 0.0579094 0.0530329 0.0483572 0.0439009 0.0396787 0.035702 0.0319784 0.0285121 0.0253043 0.0223529 0.0196535 0.0171993 0.0149813 0.0129891 0.011211 0.00963447 0.00824644 0.00703362 0.00598287 0.00508146 0.00431735 0.00367937 0.0031575 0.00274295 0.00242836 0.00220789 0.00207732 
0.00236279 0.00241263 0.00256311 0.00281713 0.00317947 0.00365672 0.0042572 0.00499079 0.00586879 0.00690374 0.00810916 0.00949928 0.0110888 0.0128924 0.0149246 0.0171993 0.0197292 0.0225257 0.0255984 0.0289542 0.0325979 0.0365308 0.0407513 0.0452537 0.0500289 0.0550636 0.0603404 0.065838 0.071531 0.0773903 0.0833831 0.0894733 0.095622 0.101788 0.107927 0.113996 0.119947 0.125736 0.131315 0.136641 0.141669 0.146358 0.150668 0.154562 0.158008 0.160976 0.16344 0.165379 0.166777 0.16762 0.167902 0.16762 0.166777 0.165379 0.16344 0.160976 0.158008 0.154562 0.150668 0.146358 0.141669 0.136641 0.131315 0.125736 0.119947 0.113996 0.107927 0.101788 0.095622 0.0894733 0.0833831 0.0773903 0.071531 0.065838 0.0603404 0.0550636 0.0500289 0.0452537 0.0407513 0.0365308 0.0325979 0.0289542 0.0255984 0.0225257 0.0197292 0.0171993 0.0149246 0.0128924 0.0110888 0.00949928 0.00810916 0.00690374 0.00586879 0.00499079 0.0042572 0.00365672 0.00317947 0.00281713 0.00256311 0.00241263 
0.00273162 0.00278879 0.0029614 0.0032527 0.00366808 0.00421494 0.00490261 0.00574218 0.00674632 0.00792904 0.00930541 0.0108913 0.0127029 0.0147567 0.0170685 0.0196535 0.0225257 0.0256973 0.0291783 0.0329762 0.0370954 0.0415369 0.0462978 0.0513713 0.0567464 0.0624073 0.0683341 0.0745023 0.0808829 0.0874428 0.0941453 0.10095 0.107813 0.114688 0.121527 0.128281 0.134899 0.14133 0.147524 0.153432 0.159005 0.164199 0.16897 0.173279 0.17709 0.180371 0.183094 0.185236 0.186779 0.187711 0.188022 0.187711 0.186779 0.185236 0.183094 0.180371 0.17709 0.173279 0.16897 0.164199 0.159005 0.153432 0.147524 0.14133 0.134899 0.128281 0.121527 0.114688 0.107813 0.10095 0.0941453 0.0874428 0.0808829 0.0745023 0.0683341 0.0624073 0.0567464 0.0513713 0.0462978 0.0415369 0.0370954 0.0329762 0.0291783 0.0256973 0.0225257 0.0196535 0.0170685 0.0147567 0.0127029 0.0108913 0.00930541 0.00792904 0.00674632 0.00574218 0.00490261 0.00421494 0.00366808 0.0032527 0.0029614 0.00278879 
0.003143 0.00320828 0.00340533 0.00373782 0.00421175 0.00483541 0.00561923 0.00657558 0.00771857 0.00906379 0.010628 0.0124287 0.0144838 0.0168115 0.019429 0.0223529 0.0255984 0.0291783 0.0331035 0.0373813 0.0420161 0.047008 0.0523532 0.0580431 0.0640645 0.0703992 0.0770242 0.0839115 0.0910282 0.0983371 0.105797 0.113362 0.120985 0.128613 0.136195 0.143674 0.150997 0.158106 0.164948 0.171468 0.177614 0.183339 0.188594 0.193337 0.19753 0.201138 0.204132 0.206486 0.208182 0.209205 0.209546 0.209205 0.208182 0.206486 0.204132 0.201138 0.19753 0.193337 0.188594 0.183339 0.177614 0.171468 0.164948 0.158106 0.150997 0.143674 0.136195 0.128613 0.120985 0.113362 0.105797 0.0983371 0.0910282 0.0839115 0.0770242 0.0703992 0.0640645 0.0580431 0.0523532 0.047008 0.0420161 0.0373813 0.0331035 0.0291783 0.0255984 0.0223529 0.019429 0.0168115 0.0144838 0.0124287 0.010628 0.00906379 0.00771857 0.00657558 0.00561923 0.00483541 0.00421175 0.00373782 0.00340533 0.00320828 
0.00359915 0.00367333 0.00389724 0.00427493 0.00481313 0.00552103 0.00641024 0.00749449 0.00878943 0.0103123 0.0120816 0.0141166 0.0164371 0.0190627 0.0220125 0.0253043 0.0289542 0.0329762 0.0373813 0.0421771 0.0473674 0.0529516 0.0589243 0.0652752 0.0719887 0.0790437 0.0864137 0.094067 0.101967 0.110071 0.118333 0.126704 0.135129 0.143552 0.151914 0.160157 0.168218 0.176038 0.183557 0.190717 0.197462 0.203738 0.209497 0.214692 0.219281 0.223229 0.226503 0.229077 0.23093 0.232048 0.232422 0.232048 0.23093 0.229077 0.226503 0.223229 0.219281 0.214692 0.209497 0.203738 0.197462 0.190717 0.183557 0.176038 0.168218 0.160157 0.151914 0.143552 0.135129 0.126704 0.118333 0.110071 0.101967 0.094067 0.0864137 0.0790437 0.0719887 0.0652752 0.0589243 0.0529516 0.0473674 0.0421771 0.0373813 0.0329762 0.0289542 0.0253043 0.0220125 0.0190627 0.0164371 0.0141166 0.0120816 0.0103123 0.00878943 0.00749449 0.00641024 0.00552103 0.00481313 0.00427493 0.00389724 0.00367333 
0.00410196 0.00418587 0.00443909 0.00486614 0.00547444 0.00627421 0.00727825 0.00850176 0.00996199 0.0116779 0.0136699 0.015959 0.0185669 0.0215149 0.0248235 0.0285121 0.0325979 0.0370954 0.0420161 0.0473674 0.0531526 0.05937 0.0660126 0.073068 0.0805177 0.0883376 0.0964976 0.104962 0.113689 0.122631 0.131739 0.140955 0.150222 0.159477 0.168656 0.177694 0.186526 0.195085 0.203307 0.21113 0.218494 0.225342 0.23162 0.237281 0.242279 0.246576 0.250138 0.252938 0.254954 0.256169 0.256576 0.256169 0.254954 0.252938 0.250138 0.246576 0.242279 0.237281 0.23162 0.225342 0.218494 0.21113 0.203307 0.195085 0.186526 0.177694 0.168656 0.159477 0.150222 0.140955 0.131739 0.122631 0.113689 0.104962 0.0964976 0.0883376 0.0805177 0.073068 0.0660126 0.05937 0.0531526 0.0473674 0.0420161 0.0370954 0.0325979 0.0285121 0.0248235 0.0215149 0.0185669 0.015959 0.0136699 0.0116779 0.00996199 0.00850176 0.00727825 0.00627421 0.00547444 0.00486614 0.00443909 0.00418587 
0.00465297 0.00474743 0.00503248 0.00551308 0.00619742 0.00709676 0.00822521 0.00959945 0.0112384 0.0131629 0.0153952 0.0179582 0.0208755 0.0241701 0.0278642 0.0319784 0.0365308 0.0415369 0.047008 0.0529516 0.05937 0.0662603 0.0736136 0.081415 0.0896432 0.0982704 0.107263 0.116579 0.126174 0.135996 0.145987 0.156087 0.166231 0.176351 0.186377 0.19624 0.205868 0.21519 0.224137 0.232642 0.240642 0.248076 0.254887 0.261023 0.266439 0.271093 0.274949 0.277979 0.28016 0.281475 0.281915 0.281475 0.28016 0.277979 0.274949 0.271093 0.266439 0.261023 0.254887 0.248076 0.240642 0.232642 0.224137 0.21519 0.205868 0.19624 0.186377 0.176351 0.166231 0.156087 0.145987 0.135996 0.126174 0.116579 0.107263 0.0982704 0.0896432 0.081415 0.0736136 0.0662603 0.05937 0.0529516 0.047008 0.0415369 0.0365308 0.0319784 0.0278642 0.0241701 0.0208755 0.0179582 0.0153952 0.0131629 0.0112384 0.00959945 0.00822521 0.00709676 0.00619742 0.00551308 0.00503248 0.00474743 
0.00525324 0.00535909 0.00567847 0.00621684 0.00698318 0.00798983 0.00925224 0.0107887 0.0126198 0.0147684 0.0172584 0.020115 0.0233635 0.0270286 0.0311342 0.035702 0.0407513 0.0462978 0.0523532 0.0589243 0.0660126 0.0736136 0.0817162 0.0903028 0.0993489 0.108823 0.118686 0.128894 0.139394 0.150131 0.16104 0.172055 0.183106 0.19412 0.20502 0.215731 0.226176 0.23628 0.245968 0.255171 0.263819 0.271849 0.279201 0.285821 0.291659 0.296674 0.300828 0.304091 0.306438 0.307854 0.308327 0.307854 0.306438 0.304091 0.300828 0.296674 0.291659 0.285821 0.279201 0.271849 0.263819 0.255171 0.245968 0.23628 0.226176 0.215731 0.20502 0.19412 0.183106 0.172055 0.16104 0.150131 0.139394 0.128894 0.118686 0.108823 0.0993489 0.0903028 0.0817162 0.0736136 0.0660126 0.0589243 0.0523532 0.0462978 0.0407513 0.035702 0.0311342 0.0270286 0.0233635 0.020115 0.0172584 0.0147684 0.0126198 0.0107887 0.00925224 0.00798983 0.00698318 0.00621684 0.00567847 0.00535909 
0.00590332 0.00602139 0.0063776 0.00697791 0.00783214 0.00895375 0.0103596 0.0120695 0.0141061 0.0164938 0.0192588 0.0224281 0.026029 0.0300879 0.0346301 0.0396787 0.0452537 0.0513713 0.0580431 0.0652752 0.073068 0.081415 0.0903028 0.0997109 0.109611 0.119967 0.130737 0.14187 0.153308 0.16499 0.176847 0.188805 0.200789 0.212719 0.224513 0.23609 0.247368 0.258267 0.268709 0.278617 0.287921 0.296553 0.30445 0.311556 0.31782 0.323198 0.32765 0.331146 0.33366 0.335176 0.335683 0.335176 0.33366 0.331146 0.32765 0.323198 0.31782 0.311556 0.30445 0.296553 0.287921 0.278617 0.268709 0.258267 0.247368 0.23609 0.224513 0.212719 0.200789 0.188805 0.176847 0.16499 0.153308 0.14187 0.130737 0.119967 0.109611 0.0997109 0.0903028 0.081415 0.073068 0.0652752 0.0580431 0.0513713 0.0452537 0.0396787 0.0346301 0.0300879 0.026029 0.0224281 0.0192588 0.0164938 0.0141061 0.0120695 0.0103596 0.00895375 0.00783214 0.00697791 0.0063776 0.00602139 
0.00660314 0.00673424 0.00712973 0.00779608 0.00874397 0.00998801 0.0115465 0.0134409 0.0156957 0.0183373 0.0213939 0.0248944 0.0288679 0.0333428 0.0383457 0.0439009 0.0500289 0.0567464 0.0640645 0.0719887 0.0805177 0.0896432 0.0993489 0.109611 0.120397 0.131668 0.143374 0.155461 0.167865 0.180519 0.193347 0.20627 0.219205 0.232068 0.244771 0.257226 0.269348 0.28105 0.292249 0.302868 0.312829 0.322064 0.330507 0.338098 0.344786 0.350524 0.355273 0.359001 0.361681 0.363297 0.363837 0.363297 0.361681 0.359001 0.355273 0.350524 0.344786 0.338098 0.330507 0.322064 0.312829 0.302868 0.292249 0.28105 0.269348 0.257226 0.244771 0.232068 0.219205 0.20627 0.193347 0.180519 0.167865 0.155461 0.143374 0.131668 0.120397 0.109611 0.0993489 0.0896432 0.0805177 0.0719887 0.0640645 0.0567464 0.0500289 0.0439009 0.0383457 0.0333428 0.0288679 0.0248944 0.0213939 0.0183373 0.0156957 0.0134409 0.0115465 0.00998801 0.00874397 0.00779608 0.00712973 0.00673424 
0.00735199 0.00749691 0.00793403 0.00867037 0.00971746 0.0110911 0.0128111 0.0149006 0.0173859 0.0202953 0.0236592 0.0275084 0.0318739 0.0367856 0.0422717 0.0483572 0.0550636 0.0624073 0.0703992 0.0790437 0.0883376 0.0982704 0.108823 0.119967 0.131668 0.143879 0.156547 0.169612 0.183005 0.19665 0.210467 0.22437 0.23827 0.252077 0.265696 0.279036 0.292004 0.304511 0.316469 0.327795 0.338412 0.348245 0.357228 0.365301 0.372408 0.378502 0.383543 0.387498 0.390342 0.392056 0.392628 0.392056 0.390342 0.387498 0.383543 0.378502 0.372408 0.365301 0.357228 0.348245 0.338412 0.327795 0.316469 0.304511 0.292004 0.279036 0.265696 0.252077 0.23827 0.22437 0.210467 0.19665 0.183005 0.169612 0.156547 0.143879 0.131668 0.119967 0.108823 0.0982704 0.0883376 0.0790437 0.0703992 0.0624073 0.0550636 0.0483572 0.0422717 0.0367856 0.0318739 0.0275084 0.0236592 0.0202953 0.0173859 0.0149006 0.0128111 0.0110911 0.00971746 0.00867037 0.00793403 0.00749691 
0.00814843 0.00830792 0.0087889 0.00959896 0.0107505 0.0122606 0.0141504 0.0164449 0.0191721 0.0223626 0.0260485 0.0302626 0.0350377 0.0404055 0.0463952 0.0530329 0.0603404 0.0683341 0.0770242 0.0864137 0.0964976 0.107263 0.118686 0.130737 0.143374 0.156547 0.170198 0.184259 0.198656 0.213306 0.228124 0.243016 0.257888 0.272642 0.28718 0.301404 0.315216 0.328523 0.341233 0.35326 0.364523 0.374947 0.384462 0.393005 0.400523 0.406965 0.412292 0.41647 0.419472 0.421282 0.421886 0.421282 0.419472 0.41647 0.412292 0.406965 0.400523 0.393005 0.384462 0.374947 0.364523 0.35326 0.341233 0.328523 0.315216 0.301404 0.28718 0.272642 0.257888 0.243016 0.228124 0.213306 0.198656 0.184259 0.170198 0.156547 0.143374 0.130737 0.118686 0.107263 0.0964976 0.0864137 0.0770242 0.0683341 0.0603404 0.0530329 0.0463952 0.0404055 0.0350377 0.0302626 0.0260485 0.0223626 0.0191721 0.0164449 0.0141504 0.0122606 0.0107505 0.00959896 0.0087889 0.00830792 
0.00899029 0.00916502 0.00969196 0.0105792 0.0118401 0.0134929 0.0155602 0.0180688 0.0210486 0.024532 0.0285532 0.0331469 0.0383477 0.0441887 0.0507003 0.0579094 0.065838 0.0745023 0.0839115 0.094067 0.104962 0.116579 0.128894 0.14187 0.155461 0.169612 0.184259 0.199328 0.214738 0.230402 0.246225 0.262109 0.277952 0.293652 0.309104 0.324204 0.338851 0.352948 0.366398 0.379113 0.39101 0.40201 0.412043 0.421045 0.428961 0.435741 0.441344 0.445737 0.448893 0.450794 0.451429 0.450794 0.448893 0.445737 0.441344 0.435741 0.428961 0.421045 0.412043 0.40201 0.39101 0.379113 0.366398 0.352948 0.338851 0.324204 0.309104 0.293652 0.277952 0.262109 0.246225 0.230402 0.214738 0.199328 0.184259 0.169612 0.155461 0.14187 0.128894 0.116579 0.104962 0.094067 0.0839115 0.0745023 0.065838 0.0579094 0.0507003 0.0441887 0.0383477 0.0331469 0.0285532 0.024532 0.0210486 0.0180688 0.0155602 0.0134929 0.0118401 0.0105792 0.00969196 0.00916502 
0.00987458 0.0100652 0.01064 0.0116075 0.0129821 0.0147833 0.0170351 0.0197659 0.0230077 0.0267946 0.0311629 0.0361492 0.0417896 0.0481186 0.0551678 0.0629645 0.071531 0.0808829 0.0910282 0.101967 0.113689 0.126174 0.139394 0.153308 0.167865 0.183005 0.198656 0.214738 0.231166 0.247843 0.264669 0.281541 0.298349 0.314985 0.331339 0.347302 0.36277 0.37764 0.391813 0.405198 0.41771 0.429268 0.439802 0.449246 0.457545 0.464648 0.470516 0.475115 0.478418 0.480407 0.481071 0.480407 0.478418 0.475115 0.470516 0.464648 0.457545 0.449246 0.439802 0.429268 0.41771 0.405198 0.391813 0.37764 0.36277 0.347302 0.331339 0.314985 0.298349 0.281541 0.264669 0.247843 0.231166 0.214738 0.198656 0.183005 0.167865 0.153308 0.139394 0.126174 0.113689 0.101967 0.0910282 0.0808829 0.071531 0.0629645 0.0551678 0.0481186 0.0417896 0.0361492 0.0311629 0.0267946 0.0230077 0.0197659 0.0170351 0.0147833 0.0129821 0.0116075 0.01064 0.0100652 
0.0107975 0.0110046 0.0116288 0.0126794 0.0141716 0.016126 0.0185683 0.0215285 0.0250402 0.0291398 0.0338652 0.0392549 0.0453465 0.0521758 0.0597752 0.0681727 0.0773903 0.0874428 0.0983371 0.110071 0.122631 0.135996 0.150131 0.16499 0.180519 0.19665 0.213306 0.230402 0.247843 0.265528 0.283349 0.301197 0.318956 0.336513 0.353751 0.370559 0.386826 0.402447 0.417321 0.431353 0.444457 0.456551 0.467564 0.47743 0.486094 0.493505 0.499624 0.504418 0.50786 0.509932 0.510624 0.509932 0.50786 0.504418 0.499624 0.493505 0.486094 0.47743 0.467564 0.456551 0.444457 0.431353 0.417321 0.402447 0.386826 0.370559 0.353751 0.336513 0.318956 0.301197 0.283349 0.265528 0.247843 0.230402 0.213306 0.19665 0.180519 0.16499 0.150131 0.135996 0.122631 0.110071 0.0983371 0.0874428 0.0773903 0.0681727 0.0597752 0.0521758 0.0453465 0.0392549 0.0338652 0.0291398 0.0250402 0.0215285 0.0185683 0.016126 0.0141716 0.0126794 0.0116288 0.0110046 
0.0117545 0.0119784 0.0126535 0.0137895 0.0154025 0.0175142 0.0201519 0.0233472 0.0271356 0.0315551 0.0366456 0.0424472 0.048999 0.056338 0.0644973 0.0735051 0.0833831 0.0941453 0.105797 0.118333 0.131739 0.145987 0.16104 0.176847 0.193347 0.210467 0.228124 0.246225 0.264669 0.283349 0.302151 0.320958 0.339649 0.358104 0.376204 0.39383 0.410871 0.427215 0.442762 0.457414 0.471082 0.483687 0.495154 0.50542 0.514427 0.522128 0.528483 0.533459 0.537031 0.539181 0.539899 0.539181 0.537031 0.533459 0.528483 0.522128 0.514427 0.50542 0.495154 0.483687 0.471082 0.457414 0.442762 0.427215 0.410871 0.39383 0.376204 0.358104 0.339649 0.320958 0.302151 0.283349 0.264669 0.246225 0.228124 0.210467 0.193347 0.176847 0.16104 0.145987 0.131739 0.118333 0.105797 0.0941453 0.0833831 0.0735051 0.0644973 0.056338 0.048999 0.0424472 0.0366456 0.0315551 0.0271356 0.0233472 0.0201519 0.0175142 0.0154025 0.0137895 0.0126535 0.0119784 
0.0127402 0.0129814 0.0137084 0.0149315 0.0166677 0.0189399 0.0217768 0.0252116 0.0292815 0.0340264 0.0394878 0.0457074 0.0527256 0.0605804 0.0693057 0.0789295 0.0894733 0.10095 0.113362 0.126704 0.140955 0.156087 0.172055 0.188805 0.20627 0.22437 0.243016 0.262109 0.281541 0.301197 0.320958 0.340699 0.360296 0.379623 0.398554 0.416969 0.434751 0.451789 0.467976 0.483216 0.497419 0.510504 0.522398 0.533037 0.542366 0.550337 0.556911 0.562056 0.565748 0.56797 0.568711 0.56797 0.565748 0.562056 0.556911 0.550337 0.542366 0.533037 0.522398 0.510504 0.497419 0.483216 0.467976 0.451789 0.434751 0.416969 0.398554 0.379623 0.360296 0.340699 0.320958 0.301197 0.281541 0.262109 0.243016 0.22437 0.20627 0.188805 0.172055 0.156087 0.140955 0.126704 0.113362 0.10095 0.0894733 0.0789295 0.0693057 0.0605804 0.0527256 0.0457074 0.0394878 0.0340264 0.0292815 0.0252116 0.0217768 0.0189399 0.0166677 0.0149315 0.0137084 0.0129814 
0.0137484 0.014007 0.0147867 0.0160983 0.0179594 0.0203942 0.0234328 0.02711 0.0314645 0.0365381 0.0423738 0.0490147 0.0565025 0.0648762 0.0741698 0.0844116 0.095622 0.107813 0.120985 0.135129 0.150222 0.166231 0.183106 0.200789 0.219205 0.23827 0.257888 0.277952 0.298349 0.318956 0.339649 0.360296 0.380768 0.400932 0.420662 0.43983 0.458318 0.476012 0.492805 0.508598 0.523302 0.536836 0.549127 0.560112 0.569738 0.577957 0.584731 0.590031 0.593833 0.59612 0.596884 0.59612 0.593833 0.590031 0.584731 0.577957 0.569738 0.560112 0.549127 0.536836 0.523302 0.508598 0.492805 0.476012 0.458318 0.43983 0.420662 0.400932 0.380768 0.360296 0.339649 0.318956 0.298349 0.277952 0.257888 0.23827 0.219205 0.200789 0.183106 0.166231 0.150222 0.135129 0.120985 0.107813 0.095622 0.0844116 0.0741698 0.0648762 0.0565025 0.0490147 0.0423738 0.0365381 0.0314645 0.02711 0.0234328 0.0203942 0.0179594 0.0160983 0.0147867 0.014007 
0.0147722 0.0150485 0.0158813 0.0172818 0.0192687 0.0218672 0.0251086 0.0290294 0.0336698 0.0390731 0.0452839 0.0523466 0.0603042 0.0691961 0.0790568 0.0899141 0.101788 0.114688 0.128613 0.143552 0.159477 0.176351 0.19412 0.212719 0.232068 0.252077 0.272642 0.293652 0.314985 0.336513 0.358104 0.379623 0.400932 0.421898 0.442386 0.462269 0.481424 0.499735 0.517095 0.533404 0.548573 0.562521 0.575178 0.58648 0.596376 0.604821 0.611778 0.617218 0.621119 0.623465 0.624249 0.623465 0.621119 0.617218 0.611778 0.604821 0.596376 0.58648 0.575178 0.562521 0.548573 0.533404 0.517095 0.499735 0.481424 0.462269 0.442386 0.421898 0.400932 0.379623 0.358104 0.336513 0.314985 0.293652 0.272642 0.252077 0.232068 0.212719 0.19412 0.176351 0.159477 0.143552 0.128613 0.114688 0.101788 0.0899141 0.0790568 0.0691961 0.0603042 0.0523466 0.0452839 0.0390731 0.0336698 0.0290294 0.0251086 0.0218672 0.0192687 0.0172818 0.0158813 0.0150485 
0.0158043 0.0160982 0.016984 0.0184736 0.0205862 0.0233482 0.0267921 0.0309559 0.0358813 0.0416131 0.0481972 0.0556795 0.0641035 0.0735095 0.083932 0.0953983 0.107927 0.121527 0.136195 0.151914 0.168656 0.186377 0.20502 0.224513 0.244771 0.265696 0.28718 0.309104 0.331339 0.353751 0.376204 0.398554 0.420662 0.442386 0.463592 0.484146 0.503926 0.522813 0.540698 0.557484 0.573081 0.587408 0.600397 0.611987 0.622127 0.630775 0.637894 0.643459 0.647449 0.649848 0.650648 0.649848 0.647449 0.643459 0.637894 0.630775 0.622127 0.611987 0.600397 0.587408 0.573081 0.557484 0.540698 0.522813 0.503926 0.484146 0.463592 0.442386 0.420662 0.398554 0.376204 0.353751 0.331339 0.309104 0.28718 0.265696 0.244771 0.224513 0.20502 0.186377 0.168656 0.151914 0.136195 0.121527 0.107927 0.0953983 0.083932 0.0735095 0.0641035 0.0556795 0.0481972 0.0416131 0.0358813 0.0309559 0.0267921 0.0233482 0.0205862 0.0184736 0.016984 0.0160982 
0.0168364 0.0171478 0.0180863 0.0196642 0.0219015 0.0248256 0.0284703 0.0328748 0.0380822 0.0441388 0.0510919 0.0589881 0.0678721 0.0777843 0.0887593 0.100824 0.113996 0.128281 0.143674 0.160157 0.177694 0.19624 0.215731 0.23609 0.257226 0.279036 0.301404 0.324204 0.347302 0.370559 0.39383 0.416969 0.43983 0.462269 0.484146 0.505328 0.525687 0.545106 0.563476 0.580698 0.596683 0.611354 0.624642 0.63649 0.646847 0.655674 0.662938 0.668613 0.672679 0.675124 0.67594 0.675124 0.672679 0.668613 0.662938 0.655674 0.646847 0.63649 0.624642 0.611354 0.596683 0.580698 0.563476 0.545106 0.525687 0.505328 0.484146 0.462269 0.43983 0.416969 0.39383 0.370559 0.347302 0.324204 0.301404 0.279036 0.257226 0.23609 0.215731 0.19624 0.177694 0.160157 0.143674 0.128281 0.113996 0.100824 0.0887593 0.0777843 0.0678721 0.0589881 0.0510919 0.0441388 0.0380822 0.0328748 0.0284703 0.0248256 0.0219015 0.0196642 0.0180863 0.0171478 
0.0178601 0.0181888 0.0191792 0.020844 0.023204 0.0262876 0.0301297 0.0347706 0.0402551 0.0466304 0.0539449 0.0622466 0.0715805 0.0819875 0.0935018 0.10615 0.119947 0.134899 0.150997 0.168218 0.186526 0.205868 0.226176 0.247368 0.269348 0.292004 0.315216 0.338851 0.36277 0.386826 0.410871 0.434751 0.458318 0.481424 0.503926 0.525687 0.546581 0.566487 0.585297 0.602914 0.61925 0.634228 0.647783 0.659858 0.670406 0.67939 0.686779 0.692549 0.696682 0.699167 0.699996 0.699167 0.696682 0.692549 0.686779 0.67939 0.670406 0.659858 0.647783 0.634228 0.61925 0.602914 0.585297 0.566487 0.546581 0.525687 0.503926 0.481424 0.458318 0.434751 0.410871 0.386826 0.36277 0.338851 0.315216 0.292004 0.269348 0.247368 0.226176 0.205868 0.186526 0.168218 0.150997 0.134899 0.119947 0.10615 0.0935018 0.0819875 0.0715805 0.0622466 0.0539449 0.0466304 0.0402551 0.0347706 0.0301297 0.0262876 0.023204 0.020844 0.0191792 0.0181888 
0.0188665 0.019212 0.020253 0.0220027 0.0244825 0.0277217 0.0317562 0.0366276 0.0423817 0.0490671 0.0567332 0.0654286 0.0751991 0.0860856 0.098122 0.111334 0.125736 0.14133 0.158106 0.176038 0.195085 0.21519 0.23628 0.258267 0.28105 0.304511 0.328523 0.352948 0.37764 0.402447 0.427215 0.451789 0.476012 0.499735 0.522813 0.545106 0.566487 0.586836 0.606044 0.624015 0.640663 0.655913 0.669701 0.681975 0.692689 0.701808 0.709304 0.715155 0.719344 0.721862 0.722702 0.721862 0.719344 0.715155 0.709304 0.701808 0.692689 0.681975 0.669701 0.655913 0.640663 0.624015 0.606044 0.586836 0.566487 0.545106 0.522813 0.499735 0.476012 0.451789 0.427215 0.402447 0.37764 0.352948 0.328523 0.304511 0.28105 0.258267 0.23628 0.21519 0.195085 0.176038 0.158106 0.14133 0.125736 0.111334 0.098122 0.0860856 0.0751991 0.0654286 0.0567332 0.0490671 0.0423817 0.0366276 0.0317562 0.0277217 0.0244825 0.0220027 0.020253 0.019212 
0.0198464 0.0202083 0.0212983 0.02313 0.0257257 0.0291153 0.0333357 0.0384296 0.0444439 0.0514282 0.059433 0.0685075 0.0786979 0.090045 0.102583 0.116335 0.131315 0.147524 0.164948 0.183557 0.203307 0.224137 0.245968 0.268709 0.292249 0.316469 0.341233 0.366398 0.391813 0.417321 0.442762 0.467976 0.492805 0.517095 0.540698 0.563476 0.585297 0.606044 0.625608 0.643893 0.660816 0.676304 0.690295 0.702739 0.713595 0.722828 0.730413 0.736332 0.740568 0.743114 0.743963 0.743114 0.740568 0.736332 0.730413 0.722828 0.713595 0.702739 0.690295 0.676304 0.660816 0.643893 0.625608 0.606044 0.585297 0.563476 0.540698 0.517095 0.492805 0.467976 0.442762 0.417321 0.391813 0.366398 0.341233 0.316469 0.292249 0.268709 0.245968 0.224137 0.203307 0.183557 0.164948 0.147524 0.131315 0.116335 0.102583 0.090045 0.0786979 0.0685075 0.059433 0.0514282 0.0444439 0.0384296 0.0333357 0.0291153 0.0257257 0.02313 0.0212983 0.0202083 
0.0207907 0.0211682 0.0223051 0.0242155 0.026922 0.0304555 0.0348537 0.0401603 0.0464233 0.0536931 0.062021 0.0714569 0.0820471 0.0938326 0.106846 0.121112 0.136641 0.153432 0.171468 0.190717 0.21113 0.232642 0.255171 0.278617 0.302868 0.327795 0.35326 0.379113 0.405198 0.431353 0.457414 0.483216 0.508598 0.533404 0.557484 0.580698 0.602914 0.624015 0.643893 0.662454 0.679616 0.695309 0.709474 0.722063 0.733037 0.742365 0.750024 0.755998 0.760272 0.76284 0.763696 0.76284 0.760272 0.755998 0.750024 0.742365 0.733037 0.722063 0.709474 0.695309 0.679616 0.662454 0.643893 0.624015 0.602914 0.580698 0.557484 0.533404 0.508598 0.483216 0.457414 0.431353 0.405198 0.379113 0.35326 0.327795 0.302868 0.278617 0.255171 0.232642 0.21113 0.190717 0.171468 0.153432 0.136641 0.121112 0.106846 0.0938326 0.0820471 0.0714569 0.062021 0.0536931 0.0464233 0.0401603 0.0348537 0.0304555 0.026922 0.0242155 0.0223051 0.0211682 
