0 0 0 0 0 0 0 0 0 0 0 0 0 0 0 0 0 0 0 0 0 1.20849e-36 7.15491e-35 2.18779e-33 4.53029e-32 7.08821e-31 8.89582e-30 9.29639e-29 8.2916e-28 6.41521e-27 4.35083e-26 2.60461e-25 1.38393e-24 6.56176e-24 2.79132e-23 1.07007e-22 3.70571e-22 1.16031e-21 3.29112e-21 8.50039e-21 2.01142e-20 4.3541e-20 8.48404e-20 1.44963e-19 2.13097e-19 2.71134e-19 3.08522e-19 3.27169e-19 3.34545e-19 3.36887e-19 3.37374e-19 3.36887e-19 3.34545e-19 3.27169e-19 3.08522e-19 2.71134e-19 2.13097e-19 1.44963e-19 8.48404e-20 4.3541e-20 2.01142e-20 8.50039e-21 3.29112e-21 1.16031e-21 3.70571e-22 1.07007e-22 2.79132e-23 6.56176e-24 1.38393e-24 2.60461e-25 4.35083e-26 6.41521e-27 8.2916e-28 9.29639e-29 8.89582e-30 7.08821e-31 4.53029e-32 2.18779e-33 7.15491e-35 1.20849e-36 0 0 0 0 0 0 0 0 0 0 0 0 0 0 0 0 0 0 0 0 
0 0 0 0 0 0 0 0 0 0 0 0 0 0 0 0 0 0 0 0 1.42152e-36 8.86962e-35 2.85899e-33 6.23306e-32 1.02455e-30 1.34724e-29 1.47161e-28 1.37025e-27 1.10743e-26 7.86435e-26 4.94662e-25 2.77037e-24 1.38725e-23 6.23714e-23 2.52896e-22 9.28221e-22 3.0905e-21 9.34178e-21 2.56801e-20 6.44898e-20 1.48704e-19 3.14256e-19 5.99505e-19 1.00786e-18 1.46736e-18 1.8605e-18 2.1174e-18 2.24838e-18 2.30168e-18 2.31917e-18 2.32291e-18 2.31917e-18 2.30168e-18 2.24838e-18 2.1174e-18 1.8605e-18 1.46736e-18 1.00786e-18 5.99505e-19 3.14256e-19 1.48704e-19 6.44898e-20 2.56801e-20 9.34178e-21 3.0905e-21 9.28221e-22 2.52896e-22 6.23714e-23 1.38725e-23 2.77037e-24 4.94662e-25 7.86435e-26 1.10743e-26 1.37025e-27 1.47161e-28 1.34724e-29 1.02455e-30 6.23306e-32 2.85899e-33 8.86962e-35 1.42152e-36 0 0 0 0 0 0 0 0 0 0 0 0 0 0 0 0 0 0 0 
0 0 0 0 0 0 0 0 0 0 0 0 0 0 0 0 0 0 0 3.03641e-36 1.99616e-34 6.78423e-33 1.5589e-31 2.69726e-30 3.72563e-29 4.26403e-28 4.15051e-27 3.50207e-26 2.59734e-25 1.70966e-24 1.00509e-23 5.29871e-23 2.51296e-22 1.07568e-21 4.17102e-21 1.46979e-20 4.71571e-20 1.37866e-19 3.67835e-19 8.99161e-19 2.02244e-18 4.17688e-18 7.8096e-18 1.29292e-17 1.86513e-17 2.3566e-17 2.68196e-17 2.85122e-17 2.92192e-17 2.94581e-17 2.95106e-17 2.94581e-17 2.92192e-17 2.85122e-17 2.68196e-17 2.3566e-17 1.86513e-17 1.29292e-17 7.8096e-18 4.17688e-18 2.02244e-18 8.99161e-19 3.67835e-19 1.37866e-19 4.71571e-20 1.46979e-20 4.17102e-21 1.07568e-21 2.51296e-22 5.29871e-23 1.00509e-23 1.70966e-24 2.59734e-25 3.50207e-26 4.15051e-27 4.26403e-28 3.72563e-29 2.69726e-30 1.5589e-31 6.78423e-33 1.99616e-34 3.03641e-36 0 0 0 0 0 0 0 0 0 0 0 0 0 0 0 0 0 0 
0 0 0 0 0 0 0 0 0 0 0 0 0 0 0 0 0 0 5.91114e-36 4.09063e-34 1.46524e-32 3.54985e-31 6.47341e-30 9.41279e-29 1.13193e-27 1.15495e-26 1.01927e-25 7.89614e-25 5.42969e-24 3.34038e-23 1.84798e-22 9.2228e-22 4.16238e-21 1.70317e-20 6.33754e-20 2.15054e-19 6.66644e-19 1.88925e-18 4.90145e-18 1.16812e-17 2.56665e-17 5.18807e-17 9.52097e-17 1.55404e-16 2.22267e-16 2.79883e-16 3.18463e-16 3.38896e-16 3.47631e-16 3.50663e-16 3.51344e-16 3.50663e-16 3.47631e-16 3.38896e-16 3.18463e-16 2.79883e-16 2.22267e-16 1.55404e-16 9.52097e-17 5.18807e-17 2.56665e-17 1.16812e-17 4.90145e-18 1.88925e-18 6.66644e-19 2.15054e-19 6.33754e-20 1.70317e-20 4.16238e-21 9.2228e-22 1.84798e-22 3.34038e-23 5.42969e-24 7.89614e-25 1.01927e-25 1.15495e-26 1.13193e-27 9.41279e-29 6.47341e-30 3.54985e-31 1.46524e-32 4.09063e-34 5.91114e-36 0 0 0 0 0 0 0 0 0 0 0 0 0 0 0 0 0 
0 0 0 0 0 0 0 0 0 0 0 0 0 0 0 0 0 1.05212e-35 7.65426e-34 2.88655e-32 7.36915e-31 1.41652e-29 2.17043e-28 2.74735e-27 2.94544e-26 2.7252e-25 2.20852e-24 1.58641e-23 1.01943e-22 5.89937e-22 3.08758e-21 1.46522e-20 6.31622e-20 2.4783e-19 8.87334e-19 2.90624e-18 8.72161e-18 2.39997e-17 6.06291e-17 1.41035e-16 3.03049e-16 6.00191e-16 1.08224e-15 1.74305e-15 2.47282e-15 3.10338e-15 3.52991e-15 3.75949e-15 3.85971e-15 3.89535e-15 3.90351e-15 3.89535e-15 3.85971e-15 3.75949e-15 3.52991e-15 3.10338e-15 2.47282e-15 1.74305e-15 1.08224e-15 6.00191e-16 3.03049e-16 1.41035e-16 6.06291e-17 2.39997e-17 8.72161e-18 2.90624e-18 8.87334e-19 2.4783e-19 6.31622e-20 1.46522e-20 3.08758e-21 5.89937e-22 1.01943e-22 1.58641e-23 2.20852e-24 2.7252e-25 2.94544e-26 2.74735e-27 2.17043e-28 1.41652e-29 7.36915e-31 2.88655e-32 7.65426e-34 1.05212e-35 0 0 0 0 0 0 0 0 0 0 0 0 0 0 0 0 
0 0 0 0 0 0 0 0 0 0 0 0 0 0 0 0 1.71668e-35 1.311e-33 5.19804e-32 1.39687e-30 2.82878e-29 4.56778e-28 6.09164e-27 6.87387e-26 6.68268e-25 5.67825e-24 4.26725e-23 2.86439e-22 1.73097e-21 9.47161e-21 4.71011e-20 2.13314e-19 8.81021e-19 3.32358e-18 1.14759e-17 3.63491e-17 1.05779e-16 2.8303e-16 6.97035e-16 1.5842e-15 3.33196e-15 6.4716e-15 1.14761e-14 1.82511e-14 2.56921e-14 3.2136e-14 3.65344e-14 3.89366e-14 4.00054e-14 4.03937e-14 4.04842e-14 4.03937e-14 4.00054e-14 3.89366e-14 3.65344e-14 3.2136e-14 2.56921e-14 1.82511e-14 1.14761e-14 6.4716e-15 3.33196e-15 1.5842e-15 6.97035e-16 2.8303e-16 1.05779e-16 3.63491e-17 1.14759e-17 3.32358e-18 8.81021e-19 2.13314e-19 4.71011e-20 9.47161e-21 1.73097e-21 2.86439e-22 4.26725e-23 5.67825e-24 6.68268e-25 6.87387e-26 6.09164e-27 4.56778e-28 2.82878e-29 1.39687e-30 5.19804e-32 1.311e-33 1.71668e-35 0 0 0 0 0 0 0 0 0 0 0 0 0 0 0 
0 0 0 0 0 0 0 0 0 0 0 0 0 0 0 2.57332e-35 2.05973e-33 8.57319e-32 2.42185e-30 5.16153e-29 8.77859e-28 1.23354e-26 1.4663e-25 1.50031e-24 1.33956e-23 1.05558e-22 7.41339e-22 4.6793e-21 2.67289e-20 1.38882e-19 6.58566e-19 2.85498e-18 1.13266e-17 4.11715e-17 1.37356e-16 4.21429e-16 1.19091e-15 3.102e-15 7.45471e-15 1.65673e-14 3.41332e-14 6.50666e-14 1.13555e-13 1.78429e-13 2.49304e-13 3.10793e-13 3.53104e-13 3.76517e-13 3.87113e-13 3.91039e-13 3.91969e-13 3.91039e-13 3.87113e-13 3.76517e-13 3.53104e-13 3.10793e-13 2.49304e-13 1.78429e-13 1.13555e-13 6.50666e-14 3.41332e-14 1.65673e-14 7.45471e-15 3.102e-15 1.19091e-15 4.21429e-16 1.37356e-16 4.11715e-17 1.13266e-17 2.85498e-18 6.58566e-19 1.38882e-19 2.67289e-20 4.6793e-21 7.41339e-22 1.05558e-22 1.33956e-23 1.50031e-24 1.4663e-25 1.23354e-26 8.77859e-28 5.16153e-29 2.42185e-30 8.57319e-32 2.05973e-33 2.57332e-35 0 0 0 0 0 0 0 0 0 0 0 0 0 0 
0 0 0 0 0 0 0 0 0 0 0 0 0 0 3.55015e-35 2.97372e-33 1.29731e-31 3.84666e-30 8.61634e-29 1.54194e-27 2.28169e-26 2.85735e-25 3.07957e-24 2.89385e-23 2.39636e-22 1.76488e-21 1.16557e-20 6.9533e-20 3.77015e-19 1.86673e-18 8.46569e-18 3.52184e-17 1.34502e-16 4.71954e-16 1.52373e-15 4.53463e-15 1.24578e-14 3.16194e-14 7.42087e-14 1.61374e-13 3.25885e-13 6.10076e-13 1.04847e-12 1.62848e-12 2.2589e-12 2.80662e-12 3.1862e-12 3.39874e-12 3.49643e-12 3.53327e-12 3.54213e-12 3.53327e-12 3.49643e-12 3.39874e-12 3.1862e-12 2.80662e-12 2.2589e-12 1.62848e-12 1.04847e-12 6.10076e-13 3.25885e-13 1.61374e-13 7.42087e-14 3.16194e-14 1.24578e-14 4.53463e-15 1.52373e-15 4.71954e-16 1.34502e-16 3.52184e-17 8.46569e-18 1.86673e-18 3.77015e-19 6.9533e-20 1.16557e-20 1.76488e-21 2.39636e-22 2.89385e-23 3.07957e-24 2.85735e-25 2.28169e-26 1.54194e-27 8.61634e-29 3.84666e-30 1.29731e-31 2.97372e-33 3.55015e-35 0 0 0 0 0 0 0 0 0 0 0 0 0 
0 0 0 0 0 0 0 0 0 0 0 0 0 4.51386e-35 3.95092e-33 1.80377e-31 5.60509e-30 1.31762e-28 2.47782e-27 3.85732e-26 5.08616e-25 5.77445e-24 5.71548e-23 4.98145e-22 3.85577e-21 2.67072e-20 1.66711e-19 9.43908e-19 4.87504e-18 2.30685e-17 1.00298e-16 4.01238e-16 1.47772e-15 5.01303e-15 1.56831e-14 4.53216e-14 1.2116e-13 2.99883e-13 6.87762e-13 1.46422e-12 2.8997e-12 5.33364e-12 9.03075e-12 1.38698e-11 1.91032e-11 2.36548e-11 2.68291e-11 2.86253e-11 2.94626e-11 2.97835e-11 2.98616e-11 2.97835e-11 2.94626e-11 2.86253e-11 2.68291e-11 2.36548e-11 1.91032e-11 1.38698e-11 9.03075e-12 5.33364e-12 2.8997e-12 1.46422e-12 6.87762e-13 2.99883e-13 1.2116e-13 4.53216e-14 1.56831e-14 5.01303e-15 1.47772e-15 4.01238e-16 1.00298e-16 2.30685e-17 4.87504e-18 9.43908e-19 1.66711e-19 2.67072e-20 3.85577e-21 4.98145e-22 5.71548e-23 5.77445e-24 5.08616e-25 3.85732e-26 2.47782e-27 1.31762e-28 5.60509e-30 1.80377e-31 3.95092e-33 4.51386e-35 0 0 0 0 0 0 0 0 0 0 0 0 
0 0 0 0 0 0 0 0 0 0 0 0 5.29467e-35 4.8361e-33 2.30714e-31 7.50199e-30 1.84796e-28 3.64653e-27 5.9644e-26 8.27258e-25 9.88819e-24 1.03094e-22 9.46457e-22 7.71128e-21 5.61441e-20 3.67628e-19 2.17819e-18 1.17461e-17 5.7954e-17 2.62718e-16 1.09731e-15 4.22846e-15 1.50395e-14 4.93875e-14 1.49876e-13 4.20952e-13 1.09586e-12 2.6466e-12 5.93424e-12 1.23735e-11 2.40386e-11 4.34596e-11 7.25205e-11 1.10164e-10 1.50674e-10 1.8593e-10 2.10653e-10 2.24777e-10 2.31444e-10 2.34036e-10 2.34674e-10 2.34036e-10 2.31444e-10 2.24777e-10 2.10653e-10 1.8593e-10 1.50674e-10 1.10164e-10 7.25205e-11 4.34596e-11 2.40386e-11 1.23735e-11 5.93424e-12 2.6466e-12 1.09586e-12 4.20952e-13 1.49876e-13 4.93875e-14 1.50395e-14 4.22846e-15 1.09731e-15 2.62718e-16 5.7954e-17 1.17461e-17 2.17819e-18 3.67628e-19 5.61441e-20 7.71128e-21 9.46457e-22 1.03094e-22 9.88819e-24 8.27258e-25 5.9644e-26 3.64653e-27 1.84796e-28 7.50199e-30 2.30714e-31 4.8361e-33 5.29467e-35 0 0 0 0 0 0 0 0 0 0 0 
0 0 0 0 0 0 0 0 0 0 0 5.7334e-35 5.45801e-33 2.71718e-31 9.23188e-30 2.37939e-28 4.91942e-27 8.44221e-26 1.23014e-24 1.54653e-23 1.69748e-22 1.64153e-21 1.40887e-20 1.0799e-19 7.43437e-19 4.62167e-18 2.60843e-17 1.34365e-16 6.34842e-16 2.76251e-15 1.11025e-14 4.12681e-14 1.41915e-13 4.51564e-13 1.33039e-12 3.63415e-12 9.21791e-12 2.17315e-11 4.76535e-11 9.73397e-11 1.85557e-10 3.29804e-10 5.42499e-10 8.15218e-10 1.10727e-09 1.36151e-09 1.54065e-09 1.64385e-09 1.69313e-09 1.71254e-09 1.71736e-09 1.71254e-09 1.69313e-09 1.64385e-09 1.54065e-09 1.36151e-09 1.10727e-09 8.15218e-10 5.42499e-10 3.29804e-10 1.85557e-10 9.73397e-11 4.76535e-11 2.17315e-11 9.21791e-12 3.63415e-12 1.33039e-12 4.51564e-13 1.41915e-13 4.12681e-14 1.11025e-14 2.76251e-15 6.34842e-16 1.34365e-16 2.60843e-17 4.62167e-18 7.43437e-19 1.0799e-19 1.40887e-20 1.64153e-21 1.69748e-22 1.54653e-23 1.23014e-24 8.44221e-26 4.91942e-27 2.37939e-28 9.23188e-30 2.71718e-31 5.45801e-33 5.7334e-35 0 0 0 0 0 0 0 0 0 0 
0 0 0 0 0 0 0 0 0 0 5.7334e-35 5.68231e-33 2.94831e-31 1.04528e-29 2.81483e-28 6.0887e-27 1.09468e-25 1.67341e-24 2.21001e-23 2.5512e-22 2.59723e-21 2.34816e-20 1.89623e-19 1.3746e-18 8.98683e-18 5.32329e-17 2.8705e-16 1.41595e-15 6.41947e-15 2.68583e-14 1.04004e-13 3.73292e-13 1.24227e-12 3.83297e-12 1.09701e-11 2.91588e-11 7.20879e-11 1.6594e-10 3.55928e-10 7.12323e-10 1.33252e-09 2.32859e-09 3.77608e-09 5.61351e-09 7.57138e-09 9.27563e-09 1.04814e-08 1.11812e-08 1.15188e-08 1.16533e-08 1.16871e-08 1.16533e-08 1.15188e-08 1.11812e-08 1.04814e-08 9.27563e-09 7.57138e-09 5.61351e-09 3.77608e-09 2.32859e-09 1.33252e-09 7.12323e-10 3.55928e-10 1.6594e-10 7.20879e-11 2.91588e-11 1.09701e-11 3.83297e-12 1.24227e-12 3.73292e-13 1.04004e-13 2.68583e-14 6.41947e-15 1.41595e-15 2.8705e-16 5.32329e-17 8.98683e-18 1.3746e-18 1.89623e-19 2.34816e-20 2.59723e-21 2.5512e-22 2.21001e-23 1.67341e-24 1.09468e-25 6.0887e-27 2.81483e-28 1.04528e-29 2.94831e-31 5.68231e-33 5.7334e-35 0 0 0 0 0 0 0 0 0 
0 0 0 0 0 0 0 0 0 5.29467e-35 5.45801e-33 2.94831e-31 1.08941e-29 3.06116e-28 6.918e-27 1.3012e-25 2.08376e-24 2.88686e-23 3.50058e-22 3.74798e-21 3.56735e-20 3.03487e-19 2.31819e-18 1.59631e-17 9.94748e-17 5.63172e-16 2.90888e-15 1.37693e-14 6.00024e-14 2.41695e-13 9.0269e-13 3.13106e-12 1.00899e-11 3.0204e-11 8.40098e-11 2.17348e-10 5.23833e-10 1.17748e-09 2.47044e-09 4.84391e-09 8.89164e-09 1.52764e-08 2.44204e-08 3.59119e-08 4.80943e-08 5.86934e-08 6.62178e-08 7.06139e-08 7.27535e-08 7.36149e-08 7.3833e-08 7.36149e-08 7.27535e-08 7.06139e-08 6.62178e-08 5.86934e-08 4.80943e-08 3.59119e-08 2.44204e-08 1.52764e-08 8.89164e-09 4.84391e-09 2.47044e-09 1.17748e-09 5.23833e-10 2.17348e-10 8.40098e-11 3.0204e-11 1.00899e-11 3.13106e-12 9.0269e-13 2.41695e-13 6.00024e-14 1.37693e-14 2.90888e-15 5.63172e-16 9.94748e-17 1.59631e-17 2.31819e-18 3.03487e-19 3.56735e-20 3.74798e-21 3.50058e-22 2.88686e-23 2.08376e-24 1.3012e-25 6.918e-27 3.06116e-28 1.08941e-29 2.94831e-31 5.45801e-33 5.29467e-35 0 0 0 0 0 0 0 0 
0 0 0 0 0 0 0 0 4.51386e-35 4.8361e-33 2.71718e-31 1.04528e-29 3.06116e-28 7.21851e-27 1.41847e-25 2.37631e-24 3.44868e-23 4.38667e-22 4.93335e-21 4.93835e-20 4.42313e-19 3.55975e-18 2.58346e-17 1.69618e-16 1.01063e-15 5.48303e-15 2.71872e-14 1.23715e-13 5.18912e-13 2.01453e-12 7.26233e-12 2.43567e-11 7.60353e-11 2.2089e-10 5.97207e-10 1.50405e-09 3.53382e-09 7.75597e-09 1.5915e-08 3.05673e-08 5.50487e-08 9.29649e-08 1.46472e-07 2.13036e-07 2.8323e-07 3.44246e-07 3.8768e-07 4.13199e-07 4.2572e-07 4.30807e-07 4.32104e-07 4.30807e-07 4.2572e-07 4.13199e-07 3.8768e-07 3.44246e-07 2.8323e-07 2.13036e-07 1.46472e-07 9.29649e-08 5.50487e-08 3.05673e-08 1.5915e-08 7.75597e-09 3.53382e-09 1.50405e-09 5.97207e-10 2.2089e-10 7.60353e-11 2.43567e-11 7.26233e-12 2.01453e-12 5.18912e-13 1.23715e-13 2.71872e-14 5.48303e-15 1.01063e-15 1.69618e-16 2.58346e-17 3.55975e-18 4.42313e-19 4.93835e-20 4.93335e-21 4.38667e-22 3.44868e-23 2.37631e-24 1.41847e-25 7.21851e-27 3.06116e-28 1.04528e-29 2.71718e-31 4.8361e-33 4.51386e-35 0 0 0 0 0 0 0 
0 0 0 0 0 0 0 3.55015e-35 3.95092e-33 2.30714e-31 9.23188e-30 2.81483e-28 6.918e-27 1.41847e-25 2.4826e-24 3.769e-23 5.02187e-22 5.9242e-21 6.22896e-20 5.86766e-19 4.9721e-18 3.80249e-17 2.63182e-16 1.65275e-15 9.44126e-15 4.91975e-14 2.3462e-13 1.02791e-12 4.15476e-12 1.55582e-11 5.41654e-11 1.75705e-10 5.31433e-10 1.49838e-09 3.93779e-09 9.65304e-09 2.2106e-08 4.73606e-08 9.50158e-08 1.78701e-07 3.15621e-07 5.2374e-07 8.13027e-07 1.16918e-06 1.54267e-06 1.86688e-06 2.09815e-06 2.23469e-06 2.30214e-06 2.32977e-06 2.33686e-06 2.32977e-06 2.30214e-06 2.23469e-06 2.09815e-06 1.86688e-06 1.54267e-06 1.16918e-06 8.13027e-07 5.2374e-07 3.15621e-07 1.78701e-07 9.50158e-08 4.73606e-08 2.2106e-08 9.65304e-09 3.93779e-09 1.49838e-09 5.31433e-10 1.75705e-10 5.41654e-11 1.55582e-11 4.15476e-12 1.02791e-12 2.3462e-13 4.91975e-14 9.44126e-15 1.65275e-15 2.63182e-16 3.80249e-17 4.9721e-18 5.86766e-19 6.22896e-20 5.9242e-21 5.02187e-22 3.769e-23 2.4826e-24 1.41847e-25 6.918e-27 2.81483e-28 9.23188e-30 2.30714e-31 3.95092e-33 3.55015e-35 0 0 0 0 0 0 
0 0 0 0 0 0 2.57332e-35 2.97372e-33 1.80377e-31 7.50199e-30 2.37939e-28 6.0887e-27 1.3012e-25 2.37631e-24 3.769e-23 5.25328e-22 6.49153e-21 7.15955e-20 7.08409e-19 6.31363e-18 5.08431e-17 3.70886e-16 2.45601e-15 1.47929e-14 8.12056e-14 4.0723e-13 1.8709e-12 7.90193e-12 3.08074e-11 1.11345e-10 3.74474e-10 1.17497e-09 3.44287e-09 9.41967e-09 2.40575e-08 5.73863e-08 1.28042e-07 2.67653e-07 5.24731e-07 9.65874e-07 1.67216e-06 2.72504e-06 4.16574e-06 5.92034e-06 7.74936e-06 9.33419e-06 1.04662e-05 1.11372e-05 1.14706e-05 1.16082e-05 1.16437e-05 1.16082e-05 1.14706e-05 1.11372e-05 1.04662e-05 9.33419e-06 7.74936e-06 5.92034e-06 4.16574e-06 2.72504e-06 1.67216e-06 9.65874e-07 5.24731e-07 2.67653e-07 1.28042e-07 5.73863e-08 2.40575e-08 9.41967e-09 3.44287e-09 1.17497e-09 3.74474e-10 1.11345e-10 3.08074e-11 7.90193e-12 1.8709e-12 4.0723e-13 8.12056e-14 1.47929e-14 2.45601e-15 3.70886e-16 5.08431e-17 6.31363e-18 7.08409e-19 7.15955e-20 6.49153e-21 5.25328e-22 3.769e-23 2.37631e-24 1.3012e-25 6.0887e-27 2.37939e-28 7.50199e-30 1.80377e-31 2.97372e-33 2.57332e-35 0 0 0 0 0 
0 0 0 0 0 1.71668e-35 2.05973e-33 1.29731e-31 5.60509e-30 1.84796e-28 4.91942e-27 1.09468e-25 2.08376e-24 3.44868e-23 5.02187e-22 6.49153e-21 7.49957e-20 7.78373e-19 7.28686e-18 6.17213e-17 4.7415e-16 3.30984e-15 2.10279e-14 1.21763e-13 6.43631e-13 3.11154e-12 1.37906e-11 5.62133e-11 2.11557e-10 7.38288e-10 2.39887e-09 7.27913e-09 2.06563e-08 5.48184e-08 1.35996e-07 3.15507e-07 6.85473e-07 1.3971e-06 2.67465e-06 4.8149e-06 8.16478e-06 1.30578e-05 1.96431e-05 2.75717e-05 3.57833e-05 4.28815e-05 4.79552e-05 5.09715e-05 5.2478e-05 5.31031e-05 5.32653e-05 5.31031e-05 5.2478e-05 5.09715e-05 4.79552e-05 4.28815e-05 3.57833e-05 2.75717e-05 1.96431e-05 1.30578e-05 8.16478e-06 4.8149e-06 2.67465e-06 1.3971e-06 6.85473e-07 3.15507e-07 1.35996e-07 5.48184e-08 2.06563e-08 7.27913e-09 2.39887e-09 7.38288e-10 2.11557e-10 5.62133e-11 1.37906e-11 3.11154e-12 6.43631e-13 1.21763e-13 2.10279e-14 3.30984e-15 4.7415e-16 6.17213e-17 7.28686e-18 7.78373e-19 7.49957e-20 6.49153e-21 5.02187e-22 3.44868e-23 2.08376e-24 1.09468e-25 4.91942e-27 1.84796e-28 5.60509e-30 1.29731e-31 2.05973e-33 1.71668e-35 0 0 0 0 
0 0 0 0 1.05212e-35 1.311e-33 8.57319e-32 3.84666e-30 1.31762e-28 3.64653e-27 8.44221e-26 1.67341e-24 2.88686e-23 4.38667e-22 5.9242e-21 7.15955e-20 7.78373e-19 7.64356e-18 6.80077e-17 5.49546e-16 4.04032e-15 2.70638e-14 1.65352e-13 9.22386e-13 4.70311e-12 2.19508e-11 9.39699e-11 3.70015e-10 1.34506e-09 4.53352e-09 1.42298e-08 4.17412e-08 1.14646e-07 2.94911e-07 7.1018e-07 1.60121e-06 3.38458e-06 6.7199e-06 1.25505e-05 2.2075e-05 3.66308e-05 5.74358e-05 8.49452e-05 0.000117659 0.0001513 0.00018029 0.000201011 0.000213356 0.000219546 0.000222128 0.0002228 0.000222128 0.000219546 0.000213356 0.000201011 0.00018029 0.0001513 0.000117659 8.49452e-05 5.74358e-05 3.66308e-05 2.2075e-05 1.25505e-05 6.7199e-06 3.38458e-06 1.60121e-06 7.1018e-07 2.94911e-07 1.14646e-07 4.17412e-08 1.42298e-08 4.53352e-09 1.34506e-09 3.70015e-10 9.39699e-11 2.19508e-11 4.70311e-12 9.22386e-13 1.65352e-13 2.70638e-14 4.04032e-15 5.49546e-16 6.80077e-17 7.64356e-18 7.78373e-19 7.15955e-20 5.9242e-21 4.38667e-22 2.88686e-23 1.67341e-24 8.44221e-26 3.64653e-27 1.31762e-28 3.84666e-30 8.57319e-32 1.311e-33 1.05212e-35 0 0 0 
0 0 0 5.91114e-36 7.65426e-34 5.19804e-32 2.42185e-30 8.61634e-29 2.47782e-27 5.9644e-26 1.23014e-24 2.21001e-23 3.50058e-22 4.93335e-21 6.22896e-20 7.08409e-19 7.28686e-18 6.80077e-17 5.7727e-16 4.46456e-15 3.15006e-14 2.02958e-13 1.19493e-12 6.43275e-12 3.16866e-11 1.42963e-10 5.91759e-10 2.25265e-09 7.91327e-09 2.57629e-08 7.80955e-08 2.21314e-07 5.87817e-07 1.46424e-06 3.41926e-06 7.48454e-06 1.53753e-05 2.97023e-05 5.40524e-05 9.27784e-05 0.000150472 0.000231036 0.000335531 0.000458121 0.000583176 0.000690533 0.000767198 0.000812934 0.000835937 0.000845569 0.000848085 0.000845569 0.000835937 0.000812934 0.000767198 0.000690533 0.000583176 0.000458121 0.000335531 0.000231036 0.000150472 9.27784e-05 5.40524e-05 2.97023e-05 1.53753e-05 7.48454e-06 3.41926e-06 1.46424e-06 5.87817e-07 2.21314e-07 7.80955e-08 2.57629e-08 7.91327e-09 2.25265e-09 5.91759e-10 1.42963e-10 3.16866e-11 6.43275e-12 1.19493e-12 2.02958e-13 3.15006e-14 4.46456e-15 5.7727e-16 6.80077e-17 7.28686e-18 7.08409e-19 6.22896e-20 4.93335e-21 3.50058e-22 2.21001e-23 1.23014e-24 5.9644e-26 2.47782e-27 8.61634e-29 2.42185e-30 5.19804e-32 7.65426e-34 5.91114e-36 0 0 
0 0 3.03641e-36 4.09063e-34 2.88655e-32 1.39687e-30 5.16153e-29 1.54194e-27 3.85732e-26 8.27258e-25 1.54653e-23 2.5512e-22 3.74798e-21 4.93835e-20 5.86766e-19 6.31363e-18 6.17213e-17 5.49546e-16 4.46456e-15 3.31376e-14 2.24912e-13 1.39667e-12 7.93795e-12 4.13014e-11 1.96793e-10 8.59243e-10 3.44193e-09 1.26751e-08 4.30437e-08 1.35361e-07 3.96098e-07 1.08353e-06 2.7798e-06 6.69665e-06 1.51443e-05 3.21412e-05 6.40801e-05 0.00012027 0.000212934 0.000356131 0.000563682 0.000846235 0.00120502 0.0016196 0.00203864 0.00239667 0.00265188 0.0028042 0.00288095 0.00291319 0.00292163 0.00291319 0.00288095 0.0028042 0.00265188 0.00239667 0.00203864 0.0016196 0.00120502 0.000846235 0.000563682 0.000356131 0.000212934 0.00012027 6.40801e-05 3.21412e-05 1.51443e-05 6.69665e-06 2.7798e-06 1.08353e-06 3.96098e-07 1.35361e-07 4.30437e-08 1.26751e-08 3.44193e-09 8.59243e-10 1.96793e-10 4.13014e-11 7.93795e-12 1.39667e-12 2.24912e-13 3.31376e-14 4.46456e-15 5.49546e-16 6.17213e-17 6.31363e-18 5.86766e-19 4.93835e-20 3.74798e-21 2.5512e-22 1.54653e-23 8.27258e-25 3.85732e-26 1.54194e-27 5.16153e-29 1.39687e-30 2.88655e-32 4.09063e-34 3.03641e-36 0 
0 1.42152e-36 1.99616e-34 1.46524e-32 7.36915e-31 2.82878e-29 8.77859e-28 2.28169e-26 5.08616e-25 9.88819e-24 1.69748e-22 2.59723e-21 3.56735e-20 4.42313e-19 4.9721e-18 5.08431e-17 4.7415e-16 4.04032e-15 3.15006e-14 2.24912e-13 1.47137e-12 8.82148e-12 4.84699e-11 2.44051e-10 1.12606e-09 4.76228e-09 1.84749e-08 6.585e-08 2.16232e-07 6.5675e-07 1.85416e-06 4.89091e-06 1.21028e-05 2.8151e-05 6.15502e-05 0.000126444 0.000244243 0.000444571 0.000764331 0.00124329 0.00191698 0.00280877 0.0039145 0.00517023 0.00642593 0.00749246 0.00825061 0.00870278 0.00893087 0.00902686 0.00905205 0.00902686 0.00893087 0.00870278 0.00825061 0.00749246 0.00642593 0.00517023 0.0039145 0.00280877 0.00191698 0.00124329 0.000764331 0.000444571 0.000244243 0.000126444 6.15502e-05 2.8151e-05 1.21028e-05 4.89091e-06 1.85416e-06 6.5675e-07 2.16232e-07 6.585e-08 1.84749e-08 4.76228e-09 1.12606e-09 2.44051e-10 4.84699e-11 8.82148e-12 1.47137e-12 2.24912e-13 3.15006e-14 4.04032e-15 4.7415e-16 5.08431e-17 4.9721e-18 4.42313e-19 3.56735e-20 2.59723e-21 1.69748e-22 9.88819e-24 5.08616e-25 2.28169e-26 8.77859e-28 2.82878e-29 7.36915e-31 1.46524e-32 1.99616e-34 1.42152e-36 
1.20849e-36 8.86962e-35 6.78423e-33 3.54985e-31 1.41652e-29 4.56778e-28 1.23354e-26 2.85735e-25 5.77445e-24 1.03094e-22 1.64153e-21 2.34816e-20 3.03487e-19 3.55975e-18 3.80249e-17 3.70886e-16 3.30984e-15 2.70638e-14 2.02958e-13 1.39667e-12 8.82148e-12 5.11343e-11 2.71948e-10 1.32646e-09 5.93173e-09 2.43162e-08 9.14086e-08 3.15467e-07 1.00182e-06 2.93818e-06 7.99791e-06 2.0319e-05 4.84157e-05 0.000108516 0.000228913 0.000454264 0.000848384 0.00149436 0.00248928 0.00392932 0.00588893 0.00840294 0.0114365 0.0148128 0.0181461 0.0209564 0.0229462 0.024131 0.0247285 0.0249803 0.0250464 0.0249803 0.0247285 0.024131 0.0229462 0.0209564 0.0181461 0.0148128 0.0114365 0.00840294 0.00588893 0.00392932 0.00248928 0.00149436 0.000848384 0.000454264 0.000228913 0.000108516 4.84157e-05 2.0319e-05 7.99791e-06 2.93818e-06 1.00182e-06 3.15467e-07 9.14086e-08 2.43162e-08 5.93173e-09 1.32646e-09 2.71948e-10 5.11343e-11 8.82148e-12 1.39667e-12 2.02958e-13 2.70638e-14 3.30984e-15 3.70886e-16 3.80249e-17 3.55975e-18 3.03487e-19 2.34816e-20 1.64153e-21 1.03094e-22 5.77445e-24 2.85735e-25 1.23354e-26 4.56778e-28 1.41652e-29 3.54985e-31 6.78423e-33 8.86962e-35 
7.15491e-35 2.85899e-33 1.5589e-31 6.47341e-30 2.17043e-28 6.09164e-27 1.4663e-25 3.07957e-24 5.71548e-23 9.46457e-22 1.40887e-20 1.89623e-19 2.31819e-18 2.58346e-17 2.63182e-16 2.45601e-15 2.10279e-14 1.65352e-13 1.19493e-12 7.93795e-12 4.84699e-11 2.71948e-10 1.40123e-09 6.62605e-09 2.87363e-08 1.14242e-07 4.16302e-07 1.39146e-06 4.27353e-06 1.20995e-05 3.17321e-05 7.75415e-05 0.00017757 0.000382605 0.000776748 0.00148528 0.00267536 0.00454866 0.00732199 0.0111861 0.0162536 0.0225288 0.0298667 0.0378405 0.0455912 0.0520653 0.0566246 0.0593313 0.060695 0.0612695 0.0614206 0.0612695 0.060695 0.0593313 0.0566246 0.0520653 0.0455912 0.0378405 0.0298667 0.0225288 0.0162536 0.0111861 0.00732199 0.00454866 0.00267536 0.00148528 0.000776748 0.000382605 0.00017757 7.75415e-05 3.17321e-05 1.20995e-05 4.27353e-06 1.39146e-06 4.16302e-07 1.14242e-07 2.87363e-08 6.62605e-09 1.40123e-09 2.71948e-10 4.84699e-11 7.93795e-12 1.19493e-12 1.65352e-13 2.10279e-14 2.45601e-15 2.63182e-16 2.58346e-17 2.31819e-18 1.89623e-19 1.40887e-20 9.46457e-22 5.71548e-23 3.07957e-24 1.4663e-25 6.09164e-27 2.17043e-28 6.47341e-30 1.5589e-31 2.85899e-33 
2.18779e-33 6.23306e-32 2.69726e-30 9.41279e-29 2.74735e-27 6.87387e-26 1.50031e-24 2.89385e-23 4.98145e-22 7.71128e-21 1.0799e-19 1.3746e-18 1.59631e-17 1.69618e-16 1.65275e-15 1.47929e-14 1.21763e-13 9.22386e-13 6.43275e-12 4.13014e-11 2.44051e-10 1.32646e-09 6.62605e-09 3.03922e-08 1.27878e-07 4.93166e-07 1.74238e-06 5.64061e-06 1.67526e-05 4.57718e-05 0.000115563 0.000271242 0.000595707 0.00123061 0.00239727 0.00440402 0.00762887 0.012483 0.0193586 0.0285368 0.0400827 0.0538143 0.0692918 0.0856316 0.101211 0.114071 0.123063 0.128379 0.131051 0.132176 0.132472 0.132176 0.131051 0.128379 0.123063 0.114071 0.101211 0.0856316 0.0692918 0.0538143 0.0400827 0.0285368 0.0193586 0.012483 0.00762887 0.00440402 0.00239727 0.00123061 0.000595707 0.000271242 0.000115563 4.57718e-05 1.67526e-05 5.64061e-06 1.74238e-06 4.93166e-07 1.27878e-07 3.03922e-08 6.62605e-09 1.32646e-09 2.44051e-10 4.13014e-11 6.43275e-12 9.22386e-13 1.21763e-13 1.47929e-14 1.65275e-15 1.69618e-16 1.59631e-17 1.3746e-18 1.0799e-19 7.71128e-21 4.98145e-22 2.89385e-23 1.50031e-24 6.87387e-26 2.74735e-27 9.41279e-29 2.69726e-30 6.23306e-32 
4.53029e-32 1.02455e-30 3.72563e-29 1.13193e-27 2.94544e-26 6.68268e-25 1.33956e-23 2.39636e-22 3.85577e-21 5.61441e-20 7.43437e-19 8.98683e-18 9.94748e-17 1.01063e-15 9.44126e-15 8.12056e-14 6.43631e-13 4.70311e-12 3.16866e-11 1.96793e-10 1.12606e-09 5.93173e-09 2.87363e-08 1.27878e-07 5.22079e-07 1.95318e-06 6.69003e-06 2.0973e-05 6.02193e-05 0.000158701 0.000385418 0.000867678 0.00182359 0.00360124 0.00670882 0.0118003 0.0195929 0.0307532 0.0457923 0.0649159 0.0878599 0.113912 0.142032 0.170689 0.197354 0.219033 0.234053 0.242882 0.247306 0.249165 0.249653 0.249165 0.247306 0.242882 0.234053 0.219033 0.197354 0.170689 0.142032 0.113912 0.0878599 0.0649159 0.0457923 0.0307532 0.0195929 0.0118003 0.00670882 0.00360124 0.00182359 0.000867678 0.000385418 0.000158701 6.02193e-05 2.0973e-05 6.69003e-06 1.95318e-06 5.22079e-07 1.27878e-07 2.87363e-08 5.93173e-09 1.12606e-09 1.96793e-10 3.16866e-11 4.70311e-12 6.43631e-13 8.12056e-14 9.44126e-15 1.01063e-15 9.94748e-17 8.98683e-18 7.43437e-19 5.61441e-20 3.85577e-21 2.39636e-22 1.33956e-23 6.68268e-25 2.94544e-26 1.13193e-27 3.72563e-29 1.02455e-30 
7.08821e-31 1.34724e-29 4.26403e-28 1.15495e-26 2.7252e-25 5.67825e-24 1.05558e-22 1.76488e-21 2.67072e-20 3.67628e-19 4.62167e-18 5.32329e-17 5.63172e-16 5.48303e-15 4.91975e-14 4.0723e-13 3.11154e-12 2.19508e-11 1.42963e-10 8.59243e-10 4.76228e-09 2.43162e-08 1.14242e-07 4.93166e-07 1.95318e-06 7.08637e-06 2.35224e-05 7.13796e-05 0.000198037 0.000503088 0.0011742 0.00253196 0.00508141 0.00956383 0.0169758 0.0284788 0.0451569 0.0677516 0.0965291 0.131146 0.17049 0.212847 0.256298 0.298702 0.336956 0.367453 0.388332 0.400518 0.406595 0.409143 0.409811 0.409143 0.406595 0.400518 0.388332 0.367453 0.336956 0.298702 0.256298 0.212847 0.17049 0.131146 0.0965291 0.0677516 0.0451569 0.0284788 0.0169758 0.00956383 0.00508141 0.00253196 0.0011742 0.000503088 0.000198037 7.13796e-05 2.35224e-05 7.08637e-06 1.95318e-06 4.93166e-07 1.14242e-07 2.43162e-08 4.76228e-09 8.59243e-10 1.42963e-10 2.19508e-11 3.11154e-12 4.0723e-13 4.91975e-14 5.48303e-15 5.63172e-16 5.32329e-17 4.62167e-18 3.67628e-19 2.67072e-20 1.76488e-21 1.05558e-22 5.67825e-24 2.7252e-25 1.15495e-26 4.26403e-28 1.34724e-29 
8.89582e-30 1.47161e-28 4.15051e-27 1.01927e-25 2.20852e-24 4.26725e-23 7.41339e-22 1.16557e-20 1.66711e-19 2.17819e-18 2.60843e-17 2.8705e-16 2.90888e-15 2.71872e-14 2.3462e-13 1.8709e-12 1.37906e-11 9.39699e-11 5.91759e-10 3.44193e-09 1.84749e-08 9.14086e-08 4.16302e-07 1.74238e-06 6.69003e-06 2.35224e-05 7.56108e-05 0.000221918 0.000594434 0.00145438 0.003259 0.00672222 0.0128571 0.0229965 0.0387481 0.0617484 0.093143 0.133117 0.180885 0.234816 0.292432 0.350809 0.407263 0.459558 0.504927 0.540199 0.563985 0.577743 0.584569 0.58742 0.588167 0.58742 0.584569 0.577743 0.563985 0.540199 0.504927 0.459558 0.407263 0.350809 0.292432 0.234816 0.180885 0.133117 0.093143 0.0617484 0.0387481 0.0229965 0.0128571 0.00672222 0.003259 0.00145438 0.000594434 0.000221918 7.56108e-05 2.35224e-05 6.69003e-06 1.74238e-06 4.16302e-07 9.14086e-08 1.84749e-08 3.44193e-09 5.91759e-10 9.39699e-11 1.37906e-11 1.8709e-12 2.3462e-13 2.71872e-14 2.90888e-15 2.8705e-16 2.60843e-17 2.17819e-18 1.66711e-19 1.16557e-20 7.41339e-22 4.26725e-23 2.20852e-24 1.01927e-25 4.15051e-27 1.47161e-28 
9.29639e-29 1.37025e-27 3.50207e-26 7.89614e-25 1.58641e-23 2.86439e-22 4.6793e-21 6.9533e-20 9.43908e-19 1.17461e-17 1.34365e-16 1.41595e-15 1.37693e-14 1.23715e-13 1.02791e-12 7.90193e-12 5.62133e-11 3.70015e-10 2.25265e-09 1.26751e-08 6.585e-08 3.15467e-07 1.39146e-06 5.64061e-06 2.0973e-05 7.13796e-05 0.000221918 0.000629186 0.00162516 0.00382491 0.008219 0.0161955 0.0294709 0.0499717 0.0796632 0.120129 0.171755 0.233116 0.301395 0.373153 0.444634 0.512305 0.573566 0.626994 0.671209 0.704528 0.726581 0.739199 0.74542 0.748009 0.748686 0.748009 0.74542 0.739199 0.726581 0.704528 0.671209 0.626994 0.573566 0.512305 0.444634 0.373153 0.301395 0.233116 0.171755 0.120129 0.0796632 0.0499717 0.0294709 0.0161955 0.008219 0.00382491 0.00162516 0.000629186 0.000221918 7.13796e-05 2.0973e-05 5.64061e-06 1.39146e-06 3.15467e-07 6.585e-08 1.26751e-08 2.25265e-09 3.70015e-10 5.62133e-11 7.90193e-12 1.02791e-12 1.23715e-13 1.37693e-14 1.41595e-15 1.34365e-16 1.17461e-17 9.43908e-19 6.9533e-20 4.6793e-21 2.86439e-22 1.58641e-23 7.89614e-25 3.50207e-26 1.37025e-27 
8.2916e-28 1.10743e-26 2.59734e-25 5.42969e-24 1.01943e-22 1.73097e-21 2.67289e-20 3.77015e-19 4.87504e-18 5.7954e-17 6.34842e-16 6.41947e-15 6.00024e-14 5.18912e-13 4.15476e-12 3.08074e-11 2.11557e-10 1.34506e-09 7.91327e-09 4.30437e-08 2.16232e-07 1.00182e-06 4.27353e-06 1.67526e-05 6.02193e-05 0.000198037 0.000594434 0.00162516 0.00404076 0.00913325 0.0187913 0.0353252 0.0610752 0.0980106 0.147478 0.209831 0.28358 0.364846 0.44849 0.529723 0.604643 0.67053 0.726119 0.771542 0.807191 0.833096 0.849867 0.859341 0.863976 0.865896 0.866397 0.865896 0.863976 0.859341 0.849867 0.833096 0.807191 0.771542 0.726119 0.67053 0.604643 0.529723 0.44849 0.364846 0.28358 0.209831 0.147478 0.0980106 0.0610752 0.0353252 0.0187913 0.00913325 0.00404076 0.00162516 0.000594434 0.000198037 6.02193e-05 1.67526e-05 4.27353e-06 1.00182e-06 2.16232e-07 4.30437e-08 7.91327e-09 1.34506e-09 2.11557e-10 3.08074e-11 4.15476e-12 5.18912e-13 6.00024e-14 6.41947e-15 6.34842e-16 5.7954e-17 4.87504e-18 3.77015e-19 2.67289e-20 1.73097e-21 1.01943e-22 5.42969e-24 2.59734e-25 1.10743e-26 
6.41521e-27 7.86435e-26 1.70966e-24 3.34038e-23 5.89937e-22 9.47161e-21 1.38882e-19 1.86673e-18 2.30685e-17 2.62718e-16 2.76251e-15 2.68583e-14 2.41695e-13 2.01453e-12 1.55582e-11 1.11345e-10 7.38288e-10 4.53352e-09 2.57629e-08 1.35361e-07 6.5675e-07 2.93818e-06 1.20995e-05 4.57718e-05 0.000158701 0.000503088 0.00145438 0.00382491 0.00913325 0.0197824 0.0388967 0.0696512 0.114295 0.173456 0.246159 0.330109 0.421348 0.513961 0.601711 0.680097 0.746734 0.800983 0.843549 0.876069 0.900192 0.917031 0.927661 0.933576 0.936444 0.937625 0.937933 0.937625 0.936444 0.933576 0.927661 0.917031 0.900192 0.876069 0.843549 0.800983 0.746734 0.680097 0.601711 0.513961 0.421348 0.330109 0.246159 0.173456 0.114295 0.0696512 0.0388967 0.0197824 0.00913325 0.00382491 0.00145438 0.000503088 0.000158701 4.57718e-05 1.20995e-05 2.93818e-06 6.5675e-07 1.35361e-07 2.57629e-08 4.53352e-09 7.38288e-10 1.11345e-10 1.55582e-11 2.01453e-12 2.41695e-13 2.68583e-14 2.76251e-15 2.62718e-16 2.30685e-17 1.86673e-18 1.38882e-19 9.47161e-21 5.89937e-22 3.34038e-23 1.70966e-24 7.86435e-26 
4.35083e-26 4.94662e-25 1.00509e-23 1.84798e-22 3.08758e-21 4.71011e-20 6.58566e-19 8.46569e-18 1.00298e-16 1.09731e-15 1.11025e-14 1.04004e-13 9.0269e-13 7.26233e-12 5.41654e-11 3.74474e-10 2.39887e-09 1.42298e-08 7.80955e-08 3.96098e-07 1.85416e-06 7.99791e-06 3.17321e-05 0.000115563 0.000385418 0.0011742 0.003259 0.008219 0.0187913 0.0388967 0.072918 0.124162 0.193217 0.277375 0.371671 0.470556 0.568432 0.659404 0.738539 0.803473 0.854277 0.89251 0.920386 0.940286 0.954213 0.963524 0.969239 0.972366 0.973866 0.97448 0.974639 0.97448 0.973866 0.972366 0.969239 0.963524 0.954213 0.940286 0.920386 0.89251 0.854277 0.803473 0.738539 0.659404 0.568432 0.470556 0.371671 0.277375 0.193217 0.124162 0.072918 0.0388967 0.0187913 0.008219 0.003259 0.0011742 0.000385418 0.000115563 3.17321e-05 7.99791e-06 1.85416e-06 3.96098e-07 7.80955e-08 1.42298e-08 2.39887e-09 3.74474e-10 5.41654e-11 7.26233e-12 9.0269e-13 1.04004e-13 1.11025e-14 1.09731e-15 1.00298e-16 8.46569e-18 6.58566e-19 4.71011e-20 3.08758e-21 1.84798e-22 1.00509e-23 4.94662e-25 
2.60461e-25 2.77037e-24 5.29871e-23 9.2228e-22 1.46522e-20 2.13314e-19 2.85498e-18 3.52184e-17 4.01238e-16 4.22846e-15 4.12681e-14 3.73292e-13 3.13106e-12 2.43567e-11 1.75705e-10 1.17497e-09 7.27913e-09 4.17412e-08 2.21314e-07 1.08353e-06 4.89091e-06 2.0319e-05 7.75415e-05 0.000271242 0.000867678 0.00253196 0.00672222 0.0161955 0.0353252 0.0696512 0.124162 0.200686 0.296008 0.402438 0.510713 0.613196 0.704882 0.782462 0.844298 0.890925 0.924526 0.947904 0.963743 0.974307 0.981274 0.985725 0.988375 0.989797 0.990471 0.990745 0.990815 0.990745 0.990471 0.989797 0.988375 0.985725 0.981274 0.974307 0.963743 0.947904 0.924526 0.890925 0.844298 0.782462 0.704882 0.613196 0.510713 0.402438 0.296008 0.200686 0.124162 0.0696512 0.0353252 0.0161955 0.00672222 0.00253196 0.000867678 0.000271242 7.75415e-05 2.0319e-05 4.89091e-06 1.08353e-06 2.21314e-07 4.17412e-08 7.27913e-09 1.17497e-09 1.75705e-10 2.43567e-11 3.13106e-12 3.73292e-13 4.12681e-14 4.22846e-15 4.01238e-16 3.52184e-17 2.85498e-18 2.13314e-19 1.46522e-20 9.2228e-22 5.29871e-23 2.77037e-24 
1.38393e-24 1.38725e-23 2.51296e-22 4.16238e-21 6.31622e-20 8.81021e-19 1.13266e-17 1.34502e-16 1.47772e-15 1.50395e-14 1.41915e-13 1.24227e-12 1.00899e-11 7.60353e-11 5.31433e-10 3.44287e-09 2.06563e-08 1.14646e-07 5.87817e-07 2.7798e-06 1.21028e-05 4.84157e-05 0.00017757 0.000595707 0.00182359 0.00508141 0.0128571 0.0294709 0.0610752 0.114295 0.193217 0.296008 0.413896 0.534114 0.644916 0.739306 0.815246 0.873423 0.915787 0.945146 0.964658 0.977221 0.985134 0.990065 0.993127 0.994993 0.996068 0.996632 0.996896 0.997002 0.99703 0.997002 0.996896 0.996632 0.996068 0.994993 0.993127 0.990065 0.985134 0.977221 0.964658 0.945146 0.915787 0.873423 0.815246 0.739306 0.644916 0.534114 0.413896 0.296008 0.193217 0.114295 0.0610752 0.0294709 0.0128571 0.00508141 0.00182359 0.000595707 0.00017757 4.84157e-05 1.21028e-05 2.7798e-06 5.87817e-07 1.14646e-07 2.06563e-08 3.44287e-09 5.31433e-10 7.60353e-11 1.00899e-11 1.24227e-12 1.41915e-13 1.50395e-14 1.47772e-15 1.34502e-16 1.13266e-17 8.81021e-19 6.31622e-20 4.16238e-21 2.51296e-22 1.38725e-23 
6.56176e-24 6.23714e-23 1.07568e-21 1.70317e-20 2.4783e-19 3.32358e-18 4.11715e-17 4.71954e-16 5.01303e-15 4.93875e-14 4.51564e-13 3.83297e-12 3.0204e-11 2.2089e-10 1.49838e-09 9.41967e-09 5.48184e-08 2.94911e-07 1.46424e-06 6.69665e-06 2.8151e-05 0.000108516 0.000382605 0.00123061 0.00360124 0.00956383 0.0229965 0.0499717 0.0980106 0.173456 0.277375 0.402438 0.534114 0.65655 0.758752 0.837089 0.893617 0.932628 0.958464 0.974888 0.984956 0.99096 0.994477 0.996525 0.997721 0.998415 0.998801 0.998999 0.999091 0.999127 0.999136 0.999127 0.999091 0.998999 0.998801 0.998415 0.997721 0.996525 0.994477 0.99096 0.984956 0.974888 0.958464 0.932628 0.893617 0.837089 0.758752 0.65655 0.534114 0.402438 0.277375 0.173456 0.0980106 0.0499717 0.0229965 0.00956383 0.00360124 0.00123061 0.000382605 0.000108516 2.8151e-05 6.69665e-06 1.46424e-06 2.94911e-07 5.48184e-08 9.41967e-09 1.49838e-09 2.2089e-10 3.0204e-11 3.83297e-12 4.51564e-13 4.93875e-14 5.01303e-15 4.71954e-16 4.11715e-17 3.32358e-18 2.4783e-19 1.70317e-20 1.07568e-21 6.23714e-23 
2.79132e-23 2.52896e-22 4.17102e-21 6.33754e-20 8.87334e-19 1.14759e-17 1.37356e-16 1.52373e-15 1.56831e-14 1.49876e-13 1.33039e-12 1.09701e-11 8.40098e-11 5.97207e-10 3.93779e-09 2.40575e-08 1.35996e-07 7.1018e-07 3.41926e-06 1.51443e-05 6.15502e-05 0.000228913 0.000776748 0.00239727 0.00670882 0.0169758 0.0387481 0.0796632 0.147478 0.246159 0.371671 0.510713 0.644916 0.758752 0.844955 0.904515 0.943047 0.966901 0.98118 0.989468 0.994144 0.996724 0.998129 0.998894 0.999314 0.999545 0.999669 0.999731 0.999759 0.99977 0.999773 0.99977 0.999759 0.999731 0.999669 0.999545 0.999314 0.998894 0.998129 0.996724 0.994144 0.989468 0.98118 0.966901 0.943047 0.904515 0.844955 0.758752 0.644916 0.510713 0.371671 0.246159 0.147478 0.0796632 0.0387481 0.0169758 0.00670882 0.00239727 0.000776748 0.000228913 6.15502e-05 1.51443e-05 3.41926e-06 7.1018e-07 1.35996e-07 2.40575e-08 3.93779e-09 5.97207e-10 8.40098e-11 1.09701e-11 1.33039e-12 1.49876e-13 1.56831e-14 1.52373e-15 1.37356e-16 1.14759e-17 8.87334e-19 6.33754e-20 4.17102e-21 2.52896e-22 
1.07007e-22 9.28221e-22 1.46979e-20 2.15054e-19 2.90624e-18 3.63491e-17 4.21429e-16 4.53463e-15 4.53216e-14 4.20952e-13 3.63415e-12 2.91588e-11 2.17348e-10 1.50405e-09 9.65304e-09 5.73863e-08 3.15507e-07 1.60121e-06 7.48454e-06 3.21412e-05 0.000126444 0.000454264 0.00148528 0.00440402 0.0118003 0.0284788 0.0617484 0.120129 0.209831 0.330109 0.470556 0.613196 0.739306 0.837089 0.904515 0.946682 0.971195 0.984777 0.992078 0.995918 0.9979 0.998909 0.999419 0.999678 0.999811 0.999881 0.999917 0.999934 0.999942 0.999945 0.999946 0.999945 0.999942 0.999934 0.999917 0.999881 0.999811 0.999678 0.999419 0.998909 0.9979 0.995918 0.992078 0.984777 0.971195 0.946682 0.904515 0.837089 0.739306 0.613196 0.470556 0.330109 0.209831 0.120129 0.0617484 0.0284788 0.0118003 0.00440402 0.00148528 0.000454264 0.000126444 3.21412e-05 7.48454e-06 1.60121e-06 3.15507e-07 5.73863e-08 9.65304e-09 1.50405e-09 2.17348e-10 2.91588e-11 3.63415e-12 4.20952e-13 4.53216e-14 4.53463e-15 4.21429e-16 3.63491e-17 2.90624e-18 2.15054e-19 1.46979e-20 9.28221e-22 
3.70571e-22 3.0905e-21 4.71571e-20 6.66644e-19 8.72161e-18 1.05779e-16 1.19091e-15 1.24578e-14 1.2116e-13 1.09586e-12 9.21791e-12 7.20879e-11 5.23833e-10 3.53382e-09 2.2106e-08 1.28042e-07 6.85473e-07 3.38458e-06 1.53753e-05 6.40801e-05 0.000244243 0.000848384 0.00267536 0.00762887 0.0195929 0.0451569 0.093143 0.171755 0.28358 0.421348 0.568432 0.704882 0.815246 0.893617 0.943047 0.971195 0.98598 0.993324 0.996853 0.99852 0.9993 0.999664 0.999833 0.999914 0.999952 0.999971 0.999981 0.999985 0.999987 0.999988 0.999988 0.999988 0.999987 0.999985 0.999981 0.999971 0.999952 0.999914 0.999833 0.999664 0.9993 0.99852 0.996853 0.993324 0.98598 0.971195 0.943047 0.893617 0.815246 0.704882 0.568432 0.421348 0.28358 0.171755 0.093143 0.0451569 0.0195929 0.00762887 0.00267536 0.000848384 0.000244243 6.40801e-05 1.53753e-05 3.38458e-06 6.85473e-07 1.28042e-07 2.2106e-08 3.53382e-09 5.23833e-10 7.20879e-11 9.21791e-12 1.09586e-12 1.2116e-13 1.24578e-14 1.19091e-15 1.05779e-16 8.72161e-18 6.66644e-19 4.71571e-20 3.0905e-21 
1.16031e-21 9.34178e-21 1.37866e-19 1.88925e-18 2.39997e-17 2.8303e-16 3.102e-15 3.16194e-14 2.99883e-13 2.6466e-12 2.17315e-11 1.6594e-10 1.17748e-09 7.75597e-09 4.73606e-08 2.67653e-07 1.3971e-06 6.7199e-06 2.97023e-05 0.00012027 0.000444571 0.00149436 0.00454866 0.012483 0.0307532 0.0677516 0.133117 0.233116 0.364846 0.513961 0.659404 0.782462 0.873423 0.932628 0.966901 0.984777 0.993324 0.997151 0.998796 0.999489 0.99978 0.999903 0.999956 0.999979 0.999989 0.999994 0.999996 0.999997 0.999997 0.999998 0.999998 0.999998 0.999997 0.999997 0.999996 0.999994 0.999989 0.999979 0.999956 0.999903 0.99978 0.999489 0.998796 0.997151 0.993324 0.984777 0.966901 0.932628 0.873423 0.782462 0.659404 0.513961 0.364846 0.233116 0.133117 0.0677516 0.0307532 0.012483 0.00454866 0.00149436 0.000444571 0.00012027 2.97023e-05 6.7199e-06 1.3971e-06 2.67653e-07 4.73606e-08 7.75597e-09 1.17748e-09 1.6594e-10 2.17315e-11 2.6466e-12 2.99883e-13 3.16194e-14 3.102e-15 2.8303e-16 2.39997e-17 1.88925e-18 1.37866e-19 9.34178e-21 
3.29112e-21 2.56801e-20 3.67835e-19 4.90145e-18 6.06291e-17 6.97035e-16 7.45471e-15 7.42087e-14 6.87762e-13 5.93424e-12 4.76535e-11 3.55928e-10 2.47044e-09 1.5915e-08 9.50158e-08 5.24731e-07 2.67465e-06 1.25505e-05 5.40524e-05 0.000212934 0.000764331 0.00248928 0.00732199 0.0193586 0.0457923 0.0965291 0.180885 0.301395 0.44849 0.601711 0.738539 0.844298 0.915787 0.958464 0.98118 0.992078 0.996853 0.998796 0.999547 0.999829 0.999934 0.999974 0.999989 0.999995 0.999998 0.999999 0.999999 0.999999 1 1 1 1 1 0.999999 0.999999 0.999999 0.999998 0.999995 0.999989 0.999974 0.999934 0.999829 0.999547 0.998796 0.996853 0.992078 0.98118 0.958464 0.915787 0.844298 0.738539 0.601711 0.44849 0.301395 0.180885 0.0965291 0.0457923 0.0193586 0.00732199 0.00248928 0.000764331 0.000212934 5.40524e-05 1.25505e-05 2.67465e-06 5.24731e-07 9.50158e-08 1.5915e-08 2.47044e-09 3.55928e-10 4.76535e-11 5.93424e-12 6.87762e-13 7.42087e-14 7.45471e-15 6.97035e-16 6.06291e-17 4.90145e-18 3.67835e-19 2.56801e-20 
