4.08096e-07 4.41504e-07 5.4583e-07 7.33685e-07 1.02713e-06 1.45928e-06 2.07649e-06 2.94136e-06 4.13621e-06 5.76745e-06 7.97035e-06 1.09145e-05 1.48095e-05 1.9911e-05 2.65264e-05 3.50202e-05 4.58182e-05 5.94107e-05 7.63531e-05 9.72642e-05 0.000122821 0.000153751 0.000190817 0.000234802 0.000286487 0.000346622 0.0004159 0.000494919 0.000584152 0.000683903 0.000794281 0.00091516 0.00104616 0.0011866 0.00133554 0.0014917 0.00165354 0.00181923 0.00198671 0.00215369 0.00231775 0.00247635 0.00262693 0.00276695 0.00289398 0.00300575 0.0031002 0.00317558 0.00323048 0.00326385 0.00327504 0.00326385 0.00323048 0.00317558 0.0031002 0.00300575 0.00289398 0.00276695 0.00262693 0.00247635 0.00231775 0.00215369 0.00198671 0.00181923 0.00165354 0.0014917 0.00133554 0.0011866 0.00104616 0.00091516 0.000794281 0.000683903 0.000584152 0.000494919 0.0004159 0.000346622 0.000286487 0.000234802 0.000190817 0.000153751 0.000122821 9.72642e-05 7.63531e-05 5.94107e-05 4.58182e-05 3.50202e-05 2.65264e-05 1.9911e-05 1.48095e-05 1.09145e-05 7.97035e-06 5.76745e-06 4.13621e-06 2.94136e-06 2.07649e-06 1.45928e-06 1.02713e-06 7.33685e-07 5.4583e-07 4.41504e-07 
4.41504e-07 4.77537e-07 5.90036e-07 7.92544e-07 1.10874e-06 1.57415e-06 2.23848e-06 3.16878e-06 4.45322e-06 6.20558e-06 8.57046e-06 1.17289e-05 1.59046e-05 2.137e-05 2.84523e-05 3.75392e-05 4.90833e-05 6.3605e-05 8.1693e-05 0.000104003 0.000131251 0.000164204 0.000203669 0.000250471 0.000305428 0.000369331 0.000442902 0.000526767 0.000621414 0.000727156 0.000844097 0.000972092 0.00111073 0.00125929 0.00141675 0.00158177 0.00175272 0.00192767 0.00210443 0.0022806 0.00245363 0.00262086 0.00277958 0.00292714 0.00306097 0.00317869 0.00327817 0.00335756 0.00341536 0.00345049 0.00346228 0.00345049 0.00341536 0.00335756 0.00327817 0.00317869 0.00306097 0.00292714 0.00277958 0.00262086 0.00245363 0.0022806 0.00210443 0.00192767 0.00175272 0.00158177 0.00141675 0.00125929 0.00111073 0.000972092 0.000844097 0.000727156 0.000621414 0.000526767 0.000442902 0.000369331 0.000305428 0.000250471 0.000203669 0.000164204 0.000131251 0.000104003 8.1693e-05 6.3605e-05 4.90833e-05 3.75392e-05 2.84523e-05 2.137e-05 1.59046e-05 1.17289e-05 8.57046e-06 6.20558e-06 4.45322e-06 3.16878e-06 2.23848e-06 1.57415e-06 1.10874e-06 7.92544e-07 5.90036e-07 4.77537e-07 
5.4583e-07 5.90036e-07 7.27996e-07 9.76141e-07 1.36318e-06 1.9321e-06 2.74301e-06 3.8768e-06 5.43964e-06 7.56828e-06 1.04361e-05 1.42597e-05 1.93059e-05 2.58993e-05 3.44283e-05 4.53522e-05 5.92057e-05 7.66017e-05 9.8232e-05 0.000124864 0.000157334 0.000196536 0.000243403 0.000298888 0.000363934 0.000439441 0.000526232 0.000625009 0.000736311 0.000860473 0.000997581 0.00114744 0.00130952 0.00148298 0.0016666 0.0018588 0.00205768 0.00226098 0.00246618 0.0026705 0.002871 0.00306461 0.00324824 0.00341883 0.00357347 0.00370944 0.00382427 0.00391588 0.00398257 0.0040231 0.00403669 0.0040231 0.00398257 0.00391588 0.00382427 0.00370944 0.00357347 0.00341883 0.00324824 0.00306461 0.002871 0.0026705 0.00246618 0.00226098 0.00205768 0.0018588 0.0016666 0.00148298 0.00130952 0.00114744 0.000997581 0.000860473 0.000736311 0.000625009 0.000526232 0.000439441 0.000363934 0.000298888 0.000243403 0.000196536 0.000157334 0.000124864 9.8232e-05 7.66017e-05 5.92057e-05 4.53522e-05 3.44283e-05 2.58993e-05 1.93059e-05 1.42597e-05 1.04361e-05 7.56828e-06 5.43964e-06 3.8768e-06 2.74301e-06 1.9321e-06 1.36318e-06 9.76141e-07 7.27996e-07 5.90036e-07 
7.33685e-07 7.92544e-07 9.76141e-07 1.30605e-06 1.81992e-06 2.57407e-06 3.64703e-06 5.1443e-06 7.20397e-06 1.00035e-05 1.37671e-05 1.87742e-05 2.53681e-05 3.39646e-05 4.50604e-05 5.92402e-05 7.71826e-05 9.96627e-05 0.000127552 0.000161814 0.000203493 0.000253702 0.000313595 0.000384346 0.000467109 0.000562977 0.000672939 0.000797828 0.000938267 0.00109462 0.00126695 0.00145494 0.0016579 0.00187473 0.00210387 0.00234334 0.00259074 0.00284328 0.00309782 0.00335096 0.00359906 0.00383838 0.00406513 0.00427561 0.00446625 0.00463375 0.00477515 0.00488789 0.00496994 0.00501978 0.0050365 0.00501978 0.00496994 0.00488789 0.00477515 0.00463375 0.00446625 0.00427561 0.00406513 0.00383838 0.00359906 0.00335096 0.00309782 0.00284328 0.00259074 0.00234334 0.00210387 0.00187473 0.0016579 0.00145494 0.00126695 0.00109462 0.000938267 0.000797828 0.000672939 0.000562977 0.000467109 0.000384346 0.000313595 0.000253702 0.000203493 0.000161814 0.000127552 9.96627e-05 7.71826e-05 5.92402e-05 4.50604e-05 3.39646e-05 2.53681e-05 1.87742e-05 1.37671e-05 1.00035e-05 7.20397e-06 5.1443e-06 3.64703e-06 2.57407e-06 1.81992e-06 1.30605e-06 9.76141e-07 7.92544e-07 
1.02713e-06 1.10874e-06 1.36318e-06 1.81992e-06 2.53039e-06 3.57132e-06 5.04959e-06 7.10834e-06 9.93454e-06 1.37677e-05 1.89097e-05 2.57355e-05 3.47043e-05 4.63704e-05 6.13939e-05 8.05489e-05 0.000104731 0.000134958 0.000172371 0.000218225 0.000273876 0.000340759 0.000420358 0.000514171 0.00062366 0.0007502 0.000895018 0.00105913 0.00124328 0.00144787 0.00167289 0.00191787 0.00218185 0.00246332 0.00276025 0.00307002 0.00338951 0.00371514 0.00404286 0.00436832 0.00468689 0.00499382 0.00528433 0.00555373 0.00579752 0.00601156 0.00619213 0.00633605 0.00644074 0.00650432 0.00652564 0.00650432 0.00644074 0.00633605 0.00619213 0.00601156 0.00579752 0.00555373 0.00528433 0.00499382 0.00468689 0.00436832 0.00404286 0.00371514 0.00338951 0.00307002 0.00276025 0.00246332 0.00218185 0.00191787 0.00167289 0.00144787 0.00124328 0.00105913 0.000895018 0.0007502 0.00062366 0.000514171 0.000420358 0.000340759 0.000273876 0.000218225 0.000172371 0.000134958 0.000104731 8.05489e-05 6.13939e-05 4.63704e-05 3.47043e-05 2.57355e-05 1.89097e-05 1.37677e-05 9.93454e-06 7.10834e-06 5.04959e-06 3.57132e-06 2.53039e-06 1.81992e-06 1.36318e-06 1.10874e-06 
1.45928e-06 1.57415e-06 1.9321e-06 2.57407e-06 3.57132e-06 5.03012e-06 7.09811e-06 9.97264e-06 1.39108e-05 1.9241e-05 2.63761e-05 3.58274e-05 4.82187e-05 6.43011e-05 8.49656e-05 0.000111254 0.000144366 0.000185661 0.000236656 0.000299014 0.000374522 0.00046506 0.000572567 0.000698981 0.000846184 0.00101593 0.00120977 0.00142895 0.00167436 0.00194643 0.00224505 0.00256951 0.00291845 0.00328982 0.00368085 0.00408809 0.00450742 0.00493411 0.00536291 0.00578814 0.00620384 0.00660388 0.00698209 0.00733247 0.00764927 0.00792721 0.00816153 0.00834819 0.00848393 0.00856634 0.00859398 0.00856634 0.00848393 0.00834819 0.00816153 0.00792721 0.00764927 0.00733247 0.00698209 0.00660388 0.00620384 0.00578814 0.00536291 0.00493411 0.00450742 0.00408809 0.00368085 0.00328982 0.00291845 0.00256951 0.00224505 0.00194643 0.00167436 0.00142895 0.00120977 0.00101593 0.000846184 0.000698981 0.000572567 0.00046506 0.000374522 0.000299014 0.000236656 0.000185661 0.000144366 0.000111254 8.49656e-05 6.43011e-05 4.82187e-05 3.58274e-05 2.63761e-05 1.9241e-05 1.39108e-05 9.97264e-06 7.09811e-06 5.03012e-06 3.57132e-06 2.57407e-06 1.9321e-06 1.57415e-06 
2.07649e-06 2.23848e-06 2.74301e-06 3.64703e-06 5.04959e-06 7.09811e-06 9.99708e-06 1.40192e-05 1.95189e-05 2.69477e-05 3.68716e-05 4.99894e-05 6.71515e-05 8.93781e-05 0.000117875 0.000154049 0.000199511 0.000256084 0.000325789 0.000410835 0.000513584 0.00063651 0.000782146 0.000953013 0.00115154 0.00137996 0.00164023 0.00193389 0.00226201 0.00262501 0.00302261 0.00345377 0.00391655 0.00440815 0.00492485 0.00546203 0.00601424 0.00657525 0.0071382 0.00769569 0.00823997 0.0087631 0.00925716 0.00971441 0.0101275 0.0104896 0.0107947 0.0110376 0.0112142 0.0113214 0.0113574 0.0113214 0.0112142 0.0110376 0.0107947 0.0104896 0.0101275 0.00971441 0.00925716 0.0087631 0.00823997 0.00769569 0.0071382 0.00657525 0.00601424 0.00546203 0.00492485 0.00440815 0.00391655 0.00345377 0.00302261 0.00262501 0.00226201 0.00193389 0.00164023 0.00137996 0.00115154 0.000953013 0.000782146 0.00063651 0.000513584 0.000410835 0.000325789 0.000256084 0.000199511 0.000154049 0.000117875 8.93781e-05 6.71515e-05 4.99894e-05 3.68716e-05 2.69477e-05 1.95189e-05 1.40192e-05 9.99708e-06 7.09811e-06 5.04959e-06 3.64703e-06 2.74301e-06 2.23848e-06 
2.94136e-06 3.16878e-06 3.8768e-06 5.1443e-06 7.10834e-06 9.97264e-06 1.40192e-05 1.96234e-05 2.72716e-05 3.75824e-05 5.13284e-05 6.94612e-05 9.31351e-05 0.000123731 0.000162874 0.000212455 0.000274631 0.000351834 0.00044675 0.000562298 0.000701588 0.000867862 0.00106442 0.00129452 0.00156127 0.00186752 0.00221572 0.00260775 0.00304485 0.00352741 0.0040549 0.00462576 0.00523732 0.00588574 0.00656602 0.00727204 0.0079966 0.00873156 0.00946794 0.0101962 0.0109062 0.0115878 0.0122309 0.0128254 0.013362 0.0138321 0.0142279 0.0145429 0.0147718 0.0149107 0.0149572 0.0149107 0.0147718 0.0145429 0.0142279 0.0138321 0.013362 0.0128254 0.0122309 0.0115878 0.0109062 0.0101962 0.00946794 0.00873156 0.0079966 0.00727204 0.00656602 0.00588574 0.00523732 0.00462576 0.0040549 0.00352741 0.00304485 0.00260775 0.00221572 0.00186752 0.00156127 0.00129452 0.00106442 0.000867862 0.000701588 0.000562298 0.00044675 0.000351834 0.000274631 0.000212455 0.000162874 0.000123731 9.31351e-05 6.94612e-05 5.13284e-05 3.75824e-05 2.72716e-05 1.96234e-05 1.40192e-05 9.97264e-06 7.10834e-06 5.1443e-06 3.8768e-06 3.16878e-06 
4.13621e-06 4.45322e-06 5.43964e-06 7.20397e-06 9.93454e-06 1.39108e-05 1.95189e-05 2.72716e-05 3.78322e-05 5.20412e-05 7.09464e-05 9.58341e-05 0.00012826 0.000170078 0.000223466 0.000290945 0.000375384 0.00048 0.000608336 0.000764225 0.000951729 0.00117506 0.00143848 0.00174616 0.00210208 0.0025098 0.00297234 0.003492 0.00407016 0.00470711 0.00540195 0.00615241 0.0069548 0.00780393 0.00869316 0.00961441 0.0105583 0.0115141 0.0124703 0.0134146 0.0143341 0.0152158 0.0160465 0.0168139 0.0175058 0.0181115 0.0186212 0.0190266 0.019321 0.0194997 0.0195595 0.0194997 0.019321 0.0190266 0.0186212 0.0181115 0.0175058 0.0168139 0.0160465 0.0152158 0.0143341 0.0134146 0.0124703 0.0115141 0.0105583 0.00961441 0.00869316 0.00780393 0.0069548 0.00615241 0.00540195 0.00470711 0.00407016 0.003492 0.00297234 0.0025098 0.00210208 0.00174616 0.00143848 0.00117506 0.000951729 0.000764225 0.000608336 0.00048 0.000375384 0.000290945 0.000223466 0.000170078 0.00012826 9.58341e-05 7.09464e-05 5.20412e-05 3.78322e-05 2.72716e-05 1.95189e-05 1.39108e-05 9.93454e-06 7.20397e-06 5.43964e-06 4.45322e-06 
5.76745e-06 6.20558e-06 7.56828e-06 1.00035e-05 1.37677e-05 1.9241e-05 2.69477e-05 3.75824e-05 5.20412e-05 7.14572e-05 9.72387e-05 0.000131109 0.000175147 0.000231822 0.000304023 0.000395082 0.000508782 0.000649342 0.000821391 0.00102991 0.00128016 0.00157757 0.00192756 0.00233546 0.00280624 0.00334434 0.00395346 0.00463629 0.00539435 0.00622772 0.00713494 0.00811276 0.00915617 0.0102582 0.0114102 0.0126014 0.0138198 0.0150516 0.0162821 0.0174954 0.0186752 0.0198049 0.0208683 0.0218495 0.0227335 0.0235067 0.0241569 0.0246737 0.0250489 0.0252765 0.0253528 0.0252765 0.0250489 0.0246737 0.0241569 0.0235067 0.0227335 0.0218495 0.0208683 0.0198049 0.0186752 0.0174954 0.0162821 0.0150516 0.0138198 0.0126014 0.0114102 0.0102582 0.00915617 0.00811276 0.00713494 0.00622772 0.00539435 0.00463629 0.00395346 0.00334434 0.00280624 0.00233546 0.00192756 0.00157757 0.00128016 0.00102991 0.000821391 0.000649342 0.000508782 0.000395082 0.000304023 0.000231822 0.000175147 0.000131109 9.72387e-05 7.14572e-05 5.20412e-05 3.75824e-05 2.69477e-05 1.9241e-05 1.37677e-05 1.00035e-05 7.56828e-06 6.20558e-06 
7.97035e-06 8.57046e-06 1.04361e-05 1.37671e-05 1.89097e-05 2.63761e-05 3.68716e-05 5.13284e-05 7.09464e-05 9.72387e-05 0.00013208 0.00017776 0.000237028 0.00031314 0.000409896 0.00053166 0.000683363 0.00087049 0.00109903 0.00137539 0.0017063 0.00209867 0.00255938 0.00309509 0.00371197 0.00441548 0.00521004 0.00609877 0.00708323 0.00816315 0.00933624 0.010598 0.0119416 0.013358 0.0148356 0.0163608 0.0179179 0.0194896 0.021057 0.0226001 0.0240986 0.0255317 0.026879 0.0281208 0.0292385 0.0302153 0.0310361 0.0316883 0.0321615 0.0324485 0.0325447 0.0324485 0.0321615 0.0316883 0.0310361 0.0302153 0.0292385 0.0281208 0.026879 0.0255317 0.0240986 0.0226001 0.021057 0.0194896 0.0179179 0.0163608 0.0148356 0.013358 0.0119416 0.010598 0.00933624 0.00816315 0.00708323 0.00609877 0.00521004 0.00441548 0.00371197 0.00309509 0.00255938 0.00209867 0.0017063 0.00137539 0.00109903 0.00087049 0.000683363 0.00053166 0.000409896 0.00031314 0.000237028 0.00017776 0.00013208 9.72387e-05 7.09464e-05 5.13284e-05 3.68716e-05 2.63761e-05 1.89097e-05 1.37671e-05 1.04361e-05 8.57046e-06 
1.09145e-05 1.17289e-05 1.42597e-05 1.87742e-05 2.57355e-05 3.58274e-05 4.99894e-05 6.94612e-05 9.58341e-05 0.000131109 0.00017776 0.000238795 0.000317818 0.000419084 0.000547537 0.000708834 0.000909345 0.00115612 0.00145682 0.00181962 0.00225304 0.00276576 0.00336639 0.00406317 0.00486368 0.00577449 0.00680081 0.00794615 0.009212 0.0105975 0.0120992 0.013711 0.0154237 0.0172254 0.0191014 0.021034 0.0230035 0.024988 0.0269636 0.0289058 0.0307889 0.0325875 0.0342762 0.035831 0.0372291 0.0384498 0.0394749 0.0402888 0.0408793 0.0412372 0.0413571 0.0412372 0.0408793 0.0402888 0.0394749 0.0384498 0.0372291 0.035831 0.0342762 0.0325875 0.0307889 0.0289058 0.0269636 0.024988 0.0230035 0.021034 0.0191014 0.0172254 0.0154237 0.013711 0.0120992 0.0105975 0.009212 0.00794615 0.00680081 0.00577449 0.00486368 0.00406317 0.00336639 0.00276576 0.00225304 0.00181962 0.00145682 0.00115612 0.000909345 0.000708834 0.000547537 0.000419084 0.000317818 0.000238795 0.00017776 0.000131109 9.58341e-05 6.94612e-05 4.99894e-05 3.58274e-05 2.57355e-05 1.87742e-05 1.42597e-05 1.17289e-05 
1.48095e-05 1.59046e-05 1.93059e-05 2.53681e-05 3.47043e-05 4.82187e-05 6.71515e-05 9.31351e-05 0.00012826 0.000175147 0.000237028 0.000317818 0.000422197 0.000555665 0.000724593 0.000936243 0.00119876 0.0015211 0.00191298 0.0023847 0.00294691 0.00361043 0.00438588 0.00528334 0.00631196 0.00747954 0.00879211 0.0102535 0.0118648 0.0136245 0.0155274 0.0175653 0.0197261 0.0219944 0.0243512 0.0267746 0.0292394 0.0317184 0.0341823 0.0366003 0.0389414 0.0411741 0.0432678 0.0451932 0.0469228 0.0484316 0.0496976 0.0507023 0.0514308 0.0518722 0.0520201 0.0518722 0.0514308 0.0507023 0.0496976 0.0484316 0.0469228 0.0451932 0.0432678 0.0411741 0.0389414 0.0366003 0.0341823 0.0317184 0.0292394 0.0267746 0.0243512 0.0219944 0.0197261 0.0175653 0.0155274 0.0136245 0.0118648 0.0102535 0.00879211 0.00747954 0.00631196 0.00528334 0.00438588 0.00361043 0.00294691 0.0023847 0.00191298 0.0015211 0.00119876 0.000936243 0.000724593 0.000555665 0.000422197 0.000317818 0.000237028 0.000175147 0.00012826 9.31351e-05 6.71515e-05 4.82187e-05 3.47043e-05 2.53681e-05 1.93059e-05 1.59046e-05 
1.9911e-05 2.137e-05 2.58993e-05 3.39646e-05 4.63704e-05 6.43011e-05 8.93781e-05 0.000123731 0.000170078 0.000231822 0.00031314 0.000419084 0.000555665 0.000729927 0.000949997 0.0012251 0.00156553 0.00198259 0.00248844 0.00309589 0.00381817 0.00466856 0.00566 0.00680466 0.00811344 0.00959543 0.0112574 0.0131034 0.015134 0.0173462 0.0197331 0.0222833 0.0249813 0.0278073 0.0307375 0.0337442 0.0367963 0.0398601 0.0428998 0.0458779 0.0487566 0.0514981 0.0540654 0.0564235 0.0585395 0.0603837 0.0619299 0.0631561 0.0640448 0.0645832 0.0647635 0.0645832 0.0640448 0.0631561 0.0619299 0.0603837 0.0585395 0.0564235 0.0540654 0.0514981 0.0487566 0.0458779 0.0428998 0.0398601 0.0367963 0.0337442 0.0307375 0.0278073 0.0249813 0.0222833 0.0197331 0.0173462 0.015134 0.0131034 0.0112574 0.00959543 0.00811344 0.00680466 0.00566 0.00466856 0.00381817 0.00309589 0.00248844 0.00198259 0.00156553 0.0012251 0.000949997 0.000729927 0.000555665 0.000419084 0.00031314 0.000231822 0.000170078 0.000123731 8.93781e-05 6.43011e-05 4.63704e-05 3.39646e-05 2.58993e-05 2.137e-05 
2.65264e-05 2.84523e-05 3.44283e-05 4.50604e-05 6.13939e-05 8.49656e-05 0.000117875 0.000162874 0.000223466 0.000304023 0.000409896 0.000547537 0.000724593 0.000949997 0.00123401 0.00158824 0.00202557 0.00256008 0.00320684 0.00398165 0.00490068 0.00598008 0.00723544 0.00868123 0.0103302 0.0121928 0.0142765 0.0165851 0.0191184 0.0218717 0.0248351 0.0279939 0.031328 0.0348125 0.0384175 0.0421086 0.0458479 0.0495942 0.053304 0.0569323 0.0604337 0.0637631 0.0668766 0.0697327 0.0722928 0.0745218 0.0763891 0.077869 0.0789409 0.0795901 0.0798075 0.0795901 0.0789409 0.077869 0.0763891 0.0745218 0.0722928 0.0697327 0.0668766 0.0637631 0.0604337 0.0569323 0.053304 0.0495942 0.0458479 0.0421086 0.0384175 0.0348125 0.031328 0.0279939 0.0248351 0.0218717 0.0191184 0.0165851 0.0142765 0.0121928 0.0103302 0.00868123 0.00723544 0.00598008 0.00490068 0.00398165 0.00320684 0.00256008 0.00202557 0.00158824 0.00123401 0.000949997 0.000724593 0.000547537 0.000409896 0.000304023 0.000223466 0.000162874 0.000117875 8.49656e-05 6.13939e-05 4.50604e-05 3.44283e-05 2.84523e-05 
3.50202e-05 3.75392e-05 4.53522e-05 5.92402e-05 8.05489e-05 0.000111254 0.000154049 0.000212455 0.000290945 0.000395082 0.00053166 0.000708834 0.000936243 0.0012251 0.00158824 0.00204009 0.00259666 0.00327527 0.00409442 0.00507336 0.00623166 0.00758869 0.00916298 0.0109715 0.013029 0.0153472 0.0179339 0.0207927 0.0239218 0.027314 0.0309562 0.0348291 0.0389073 0.0431594 0.0475484 0.0520325 0.0565655 0.0610976 0.0655769 0.0699497 0.0741623 0.0781616 0.0818961 0.0853173 0.0883802 0.0910443 0.0932743 0.0950403 0.0963189 0.0970929 0.0973521 0.0970929 0.0963189 0.0950403 0.0932743 0.0910443 0.0883802 0.0853173 0.0818961 0.0781616 0.0741623 0.0699497 0.0655769 0.0610976 0.0565655 0.0520325 0.0475484 0.0431594 0.0389073 0.0348291 0.0309562 0.027314 0.0239218 0.0207927 0.0179339 0.0153472 0.013029 0.0109715 0.00916298 0.00758869 0.00623166 0.00507336 0.00409442 0.00327527 0.00259666 0.00204009 0.00158824 0.0012251 0.000936243 0.000708834 0.00053166 0.000395082 0.000290945 0.000212455 0.000154049 0.000111254 8.05489e-05 5.92402e-05 4.53522e-05 3.75392e-05 
4.58182e-05 4.90833e-05 5.92057e-05 7.71826e-05 0.000104731 0.000144366 0.000199511 0.000274631 0.000375384 0.000508782 0.000683363 0.000909345 0.00119876 0.00156553 0.00202557 0.00259666 0.0032984 0.00415198 0.0051798 0.00640507 0.0078512 0.00954117 0.0114967 0.0137374 0.01628 0.0191373 0.0223173 0.0258227 0.0296496 0.0337877 0.0382195 0.0429201 0.0478577 0.0529934 0.0582821 0.0636729 0.0691103 0.0745353 0.0798861 0.0850999 0.0901135 0.0948652 0.0992956 0.103349 0.106973 0.110122 0.112755 0.114839 0.116347 0.117259 0.117565 0.117259 0.116347 0.114839 0.112755 0.110122 0.106973 0.103349 0.0992956 0.0948652 0.0901135 0.0850999 0.0798861 0.0745353 0.0691103 0.0636729 0.0582821 0.0529934 0.0478577 0.0429201 0.0382195 0.0337877 0.0296496 0.0258227 0.0223173 0.0191373 0.01628 0.0137374 0.0114967 0.00954117 0.0078512 0.00640507 0.0051798 0.00415198 0.0032984 0.00259666 0.00202557 0.00156553 0.00119876 0.000909345 0.000683363 0.000508782 0.000375384 0.000274631 0.000199511 0.000144366 0.000104731 7.71826e-05 5.92057e-05 4.90833e-05 
5.94107e-05 6.3605e-05 7.66017e-05 9.96627e-05 0.000134958 0.000185661 0.000256084 0.000351834 0.00048 0.000649342 0.00087049 0.00115612 0.0015211 0.00198259 0.00256008 0.00327527 0.00415198 0.00521576 0.00649352 0.00801291 0.00980163 0.0118866 0.0142928 0.0170428 0.0201551 0.0236432 0.0275151 0.0317717 0.0364065 0.0414049 0.0467441 0.0523925 0.0583105 0.0644506 0.0707581 0.0771722 0.0836269 0.0900526 0.0963771 0.102527 0.10843 0.114015 0.119214 0.123963 0.128204 0.131885 0.13496 0.137392 0.13915 0.140214 0.14057 0.140214 0.13915 0.137392 0.13496 0.131885 0.128204 0.123963 0.119214 0.114015 0.10843 0.102527 0.0963771 0.0900526 0.0836269 0.0771722 0.0707581 0.0644506 0.0583105 0.0523925 0.0467441 0.0414049 0.0364065 0.0317717 0.0275151 0.0236432 0.0201551 0.0170428 0.0142928 0.0118866 0.00980163 0.00801291 0.00649352 0.00521576 0.00415198 0.00327527 0.00256008 0.00198259 0.0015211 0.00115612 0.00087049 0.000649342 0.00048 0.000351834 0.000256084 0.000185661 0.000134958 9.96627e-05 7.66017e-05 6.3605e-05 
7.63531e-05 8.1693e-05 9.8232e-05 0.000127552 0.000172371 0.000236656 0.000325789 0.00044675 0.000608336 0.000821391 0.00109903 0.00145682 0.00191298 0.00248844 0.00320684 0.00409442 0.0051798 0.00649352 0.00806753 0.00993442 0.0121265 0.014675 0.0176085 0.020952 0.0247258 0.028944 0.0336134 0.0387329 0.044292 0.0502711 0.0566405 0.0633609 0.0703835 0.0776508 0.0850974 0.0926511 0.100235 0.107767 0.115164 0.122342 0.129218 0.135712 0.141746 0.147251 0.152159 0.156415 0.159966 0.162772 0.1648 0.166026 0.166437 0.166026 0.1648 0.162772 0.159966 0.156415 0.152159 0.147251 0.141746 0.135712 0.129218 0.122342 0.115164 0.107767 0.100235 0.0926511 0.0850974 0.0776508 0.0703835 0.0633609 0.0566405 0.0502711 0.044292 0.0387329 0.0336134 0.028944 0.0247258 0.020952 0.0176085 0.014675 0.0121265 0.00993442 0.00806753 0.00649352 0.0051798 0.00409442 0.00320684 0.00248844 0.00191298 0.00145682 0.00109903 0.000821391 0.000608336 0.00044675 0.000325789 0.000236656 0.000172371 0.000127552 9.8232e-05 8.1693e-05 
9.72642e-05 0.000104003 0.000124864 0.000161814 0.000218225 0.000299014 0.000410835 0.000562298 0.000764225 0.00102991 0.00137539 0.00181962 0.0023847 0.00309589 0.00398165 0.00507336 0.00640507 0.00801291 0.00993442 0.0122076 0.0148698 0.0179564 0.0214999 0.0255277 0.0300614 0.0351149 0.0406934 0.0467925 0.0533971 0.0604807 0.0680058 0.0759238 0.0841754 0.0926916 0.101395 0.110201 0.11902 0.127758 0.13632 0.14461 0.152536 0.160006 0.166936 0.173247 0.178866 0.183732 0.187788 0.190991 0.193304 0.194702 0.19517 0.194702 0.193304 0.190991 0.187788 0.183732 0.178866 0.173247 0.166936 0.160006 0.152536 0.14461 0.13632 0.127758 0.11902 0.110201 0.101395 0.0926916 0.0841754 0.0759238 0.0680058 0.0604807 0.0533971 0.0467925 0.0406934 0.0351149 0.0300614 0.0255277 0.0214999 0.0179564 0.0148698 0.0122076 0.00993442 0.00801291 0.00640507 0.00507336 0.00398165 0.00309589 0.0023847 0.00181962 0.00137539 0.00102991 0.000764225 0.000562298 0.000410835 0.000299014 0.000218225 0.000161814 0.000124864 0.000104003 
0.000122821 0.000131251 0.000157334 0.000203493 0.000273876 0.000374522 0.000513584 0.000701588 0.000951729 0.00128016 0.0017063 0.00225304 0.00294691 0.00381817 0.00490068 0.00623166 0.0078512 0.00980163 0.0121265 0.0148698 0.0180739 0.0217789 0.0260206 0.0308288 0.0362257 0.0422244 0.0488276 0.0560263 0.0637993 0.0721123 0.0809183 0.0901577 0.0997595 0.109642 0.119714 0.129878 0.14003 0.150065 0.159873 0.169349 0.178388 0.186891 0.194765 0.201923 0.208287 0.21379 0.218374 0.221988 0.224598 0.226174 0.226701 0.226174 0.224598 0.221988 0.218374 0.21379 0.208287 0.201923 0.194765 0.186891 0.178388 0.169349 0.159873 0.150065 0.14003 0.129878 0.119714 0.109642 0.0997595 0.0901577 0.0809183 0.0721123 0.0637993 0.0560263 0.0488276 0.0422244 0.0362257 0.0308288 0.0260206 0.0217789 0.0180739 0.0148698 0.0121265 0.00980163 0.0078512 0.00623166 0.00490068 0.00381817 0.00294691 0.00225304 0.0017063 0.00128016 0.000951729 0.000701588 0.000513584 0.000374522 0.000273876 0.000203493 0.000157334 0.000131251 
0.000153751 0.000164204 0.000196536 0.000253702 0.000340759 0.00046506 0.00063651 0.000867862 0.00117506 0.00157757 0.00209867 0.00276576 0.00361043 0.00466856 0.00598008 0.00758869 0.00954117 0.0118866 0.014675 0.0179564 0.0217789 0.0261869 0.0312194 0.0369079 0.0432747 0.0503312 0.0580763 0.0664952 0.0755591 0.0852243 0.0954326 0.106112 0.117179 0.128536 0.140078 0.151694 0.163266 0.174673 0.185796 0.196517 0.20672 0.216298 0.225149 0.233182 0.240313 0.246471 0.251593 0.255629 0.25854 0.260298 0.260886 0.260298 0.25854 0.255629 0.251593 0.246471 0.240313 0.233182 0.225149 0.216298 0.20672 0.196517 0.185796 0.174673 0.163266 0.151694 0.140078 0.128536 0.117179 0.106112 0.0954326 0.0852243 0.0755591 0.0664952 0.0580763 0.0503312 0.0432747 0.0369079 0.0312194 0.0261869 0.0217789 0.0179564 0.014675 0.0118866 0.00954117 0.00758869 0.00598008 0.00466856 0.00361043 0.00276576 0.00209867 0.00157757 0.00117506 0.000867862 0.00063651 0.00046506 0.000340759 0.000253702 0.000196536 0.000164204 
0.000190817 0.000203669 0.000243403 0.000313595 0.000420358 0.000572567 0.000782146 0.00106442 0.00143848 0.00192756 0.00255938 0.00336639 0.00438588 0.00566 0.00723544 0.00916298 0.0114967 0.0142928 0.0176085 0.0214999 0.0260206 0.0312194 0.037138 0.043809 0.0512539 0.0594812 0.0684845 0.0782421 0.0887156 0.0998503 0.111575 0.123805 0.13644 0.149368 0.16247 0.175617 0.188677 0.201518 0.214006 0.226011 0.237411 0.248089 0.257936 0.266856 0.274762 0.281579 0.287242 0.2917 0.294913 0.296852 0.297501 0.296852 0.294913 0.2917 0.287242 0.281579 0.274762 0.266856 0.257936 0.248089 0.237411 0.226011 0.214006 0.201518 0.188677 0.175617 0.16247 0.149368 0.13644 0.123805 0.111575 0.0998503 0.0887156 0.0782421 0.0684845 0.0594812 0.0512539 0.043809 0.037138 0.0312194 0.0260206 0.0214999 0.0176085 0.0142928 0.0114967 0.00916298 0.00723544 0.00566 0.00438588 0.00336639 0.00255938 0.00192756 0.00143848 0.00106442 0.000782146 0.000572567 0.000420358 0.000313595 0.000243403 0.000203669 
0.000234802 0.000250471 0.000298888 0.000384346 0.000514171 0.000698981 0.000953013 0.00129452 0.00174616 0.00233546 0.00309509 0.00406317 0.00528334 0.00680466 0.00868123 0.0109715 0.0137374 0.0170428 0.020952 0.0255277 0.0308288 0.0369079 0.043809 0.051565 0.0601953 0.0697041 0.0800786 0.091288 0.103283 0.115996 0.129342 0.143219 0.157512 0.172092 0.186823 0.201562 0.216161 0.230474 0.244357 0.257669 0.270277 0.28206 0.292904 0.302707 0.31138 0.318847 0.325042 0.329914 0.333423 0.335539 0.336246 0.335539 0.333423 0.329914 0.325042 0.318847 0.31138 0.302707 0.292904 0.28206 0.270277 0.257669 0.244357 0.230474 0.216161 0.201562 0.186823 0.172092 0.157512 0.143219 0.129342 0.115996 0.103283 0.091288 0.0800786 0.0697041 0.0601953 0.051565 0.043809 0.0369079 0.0308288 0.0255277 0.020952 0.0170428 0.0137374 0.0109715 0.00868123 0.00680466 0.00528334 0.00406317 0.00309509 0.00233546 0.00174616 0.00129452 0.000953013 0.000698981 0.000514171 0.000384346 0.000298888 0.000250471 
0.000286487 0.000305428 0.000363934 0.000467109 0.00062366 0.000846184 0.00115154 0.00156127 0.00210208 0.00280624 0.00371197 0.00486368 0.00631196 0.00811344 0.0103302 0.013029 0.01628 0.0201551 0.0247258 0.0300614 0.0362257 0.0432747 0.0512539 0.0601953 0.070115 0.0810115 0.0928635 0.10563 0.119248 0.133636 0.148692 0.164298 0.180321 0.196615 0.213026 0.229395 0.245561 0.261364 0.276648 0.291264 0.305072 0.317945 0.329765 0.340429 0.349846 0.35794 0.364647 0.369915 0.373705 0.375991 0.376754 0.375991 0.373705 0.369915 0.364647 0.35794 0.349846 0.340429 0.329765 0.317945 0.305072 0.291264 0.276648 0.261364 0.245561 0.229395 0.213026 0.196615 0.180321 0.164298 0.148692 0.133636 0.119248 0.10563 0.0928635 0.0810115 0.070115 0.0601953 0.0512539 0.0432747 0.0362257 0.0300614 0.0247258 0.0201551 0.01628 0.013029 0.0103302 0.00811344 0.00631196 0.00486368 0.00371197 0.00280624 0.00210208 0.00156127 0.00115154 0.000846184 0.00062366 0.000467109 0.000363934 0.000305428 
0.000346622 0.000369331 0.000439441 0.000562977 0.0007502 0.00101593 0.00137996 0.00186752 0.0025098 0.00334434 0.00441548 0.00577449 0.00747954 0.00959543 0.0121928 0.0153472 0.0191373 0.0236432 0.028944 0.0351149 0.0422244 0.0503312 0.0594812 0.0697041 0.0810115 0.0933941 0.106821 0.121237 0.136567 0.152711 0.169551 0.186948 0.204752 0.222799 0.240918 0.258933 0.276669 0.293953 0.310621 0.326516 0.341492 0.355417 0.368174 0.379657 0.389779 0.398464 0.405649 0.411287 0.415339 0.417781 0.418596 0.417781 0.415339 0.411287 0.405649 0.398464 0.389779 0.379657 0.368174 0.355417 0.341492 0.326516 0.310621 0.293953 0.276669 0.258933 0.240918 0.222799 0.204752 0.186948 0.169551 0.152711 0.136567 0.121237 0.106821 0.0933941 0.0810115 0.0697041 0.0594812 0.0503312 0.0422244 0.0351149 0.028944 0.0236432 0.0191373 0.0153472 0.0121928 0.00959543 0.00747954 0.00577449 0.00441548 0.00334434 0.0025098 0.00186752 0.00137996 0.00101593 0.0007502 0.000562977 0.000439441 0.000369331 
0.0004159 0.000442902 0.000526232 0.000672939 0.000895018 0.00120977 0.00164023 0.00221572 0.00297234 0.00395346 0.00521004 0.00680081 0.00879211 0.0112574 0.0142765 0.0179339 0.0223173 0.0275151 0.0336134 0.0406934 0.0488276 0.0580763 0.0684845 0.0800786 0.0928635 0.106821 0.121907 0.138054 0.155168 0.173132 0.191807 0.211037 0.230651 0.250467 0.270295 0.289945 0.309228 0.327961 0.345971 0.363094 0.379182 0.394102 0.407735 0.41998 0.430751 0.439976 0.447596 0.453567 0.457856 0.460438 0.4613 0.460438 0.457856 0.453567 0.447596 0.439976 0.430751 0.41998 0.407735 0.394102 0.379182 0.363094 0.345971 0.327961 0.309228 0.289945 0.270295 0.250467 0.230651 0.211037 0.191807 0.173132 0.155168 0.138054 0.121907 0.106821 0.0928635 0.0800786 0.0684845 0.0580763 0.0488276 0.0406934 0.0336134 0.0275151 0.0223173 0.0179339 0.0142765 0.0112574 0.00879211 0.00680081 0.00521004 0.00395346 0.00297234 0.00221572 0.00164023 0.00120977 0.000895018 0.000672939 0.000526232 0.000442902 
0.000494919 0.000526767 0.000625009 0.000797828 0.00105913 0.00142895 0.00193389 0.00260775 0.003492 0.00463629 0.00609877 0.00794615 0.0102535 0.0131034 0.0165851 0.0207927 0.0258227 0.0317717 0.0387329 0.0467925 0.0560263 0.0664952 0.0782421 0.091288 0.10563 0.121237 0.138054 0.155994 0.174946 0.194773 0.215315 0.236396 0.257824 0.279398 0.300912 0.32216 0.342943 0.363066 0.382351 0.400629 0.417753 0.433588 0.44802 0.460951 0.472301 0.482002 0.490004 0.496265 0.500758 0.503461 0.504363 0.503461 0.500758 0.496265 0.490004 0.482002 0.472301 0.460951 0.44802 0.433588 0.417753 0.400629 0.382351 0.363066 0.342943 0.32216 0.300912 0.279398 0.257824 0.236396 0.215315 0.194773 0.174946 0.155994 0.138054 0.121237 0.10563 0.091288 0.0782421 0.0664952 0.0560263 0.0467925 0.0387329 0.0317717 0.0258227 0.0207927 0.0165851 0.0131034 0.0102535 0.00794615 0.00609877 0.00463629 0.003492 0.00260775 0.00193389 0.00142895 0.00105913 0.000797828 0.000625009 0.000526767 
0.000584152 0.000621414 0.000736311 0.000938267 0.00124328 0.00167436 0.00226201 0.00304485 0.00407016 0.00539435 0.00708323 0.009212 0.0118648 0.015134 0.0191184 0.0239218 0.0296496 0.0364065 0.044292 0.0533971 0.0637993 0.0755591 0.0887156 0.103283 0.119248 0.136567 0.155168 0.174946 0.19577 0.217481 0.239898 0.262823 0.286044 0.309341 0.332491 0.355277 0.377485 0.398916 0.419386 0.438725 0.456786 0.473439 0.488575 0.502103 0.513949 0.524054 0.532375 0.538876 0.543536 0.546337 0.547272 0.546337 0.543536 0.538876 0.532375 0.524054 0.513949 0.502103 0.488575 0.473439 0.456786 0.438725 0.419386 0.398916 0.377485 0.355277 0.332491 0.309341 0.286044 0.262823 0.239898 0.217481 0.19577 0.174946 0.155168 0.136567 0.119248 0.103283 0.0887156 0.0755591 0.0637993 0.0533971 0.044292 0.0364065 0.0296496 0.0239218 0.0191184 0.015134 0.0118648 0.009212 0.00708323 0.00539435 0.00407016 0.00304485 0.00226201 0.00167436 0.00124328 0.000938267 0.000736311 0.000621414 
0.000683903 0.000727156 0.000860473 0.00109462 0.00144787 0.00194643 0.00262501 0.00352741 0.00470711 0.00622772 0.00816315 0.0105975 0.0136245 0.0173462 0.0218717 0.027314 0.0337877 0.0414049 0.0502711 0.0604807 0.0721123 0.0852243 0.0998503 0.115996 0.133636 0.152711 0.173132 0.194773 0.217481 0.241075 0.265351 0.29009 0.315058 0.340017 0.364731 0.388967 0.412505 0.435139 0.456683 0.476969 0.495854 0.513213 0.528945 0.542967 0.555217 0.565644 0.574213 0.5809 0.585686 0.588562 0.589521 0.588562 0.585686 0.5809 0.574213 0.565644 0.555217 0.542967 0.528945 0.513213 0.495854 0.476969 0.456683 0.435139 0.412505 0.388967 0.364731 0.340017 0.315058 0.29009 0.265351 0.241075 0.217481 0.194773 0.173132 0.152711 0.133636 0.115996 0.0998503 0.0852243 0.0721123 0.0604807 0.0502711 0.0414049 0.0337877 0.027314 0.0218717 0.0173462 0.0136245 0.0105975 0.00816315 0.00622772 0.00470711 0.00352741 0.00262501 0.00194643 0.00144787 0.00109462 0.000860473 0.000727156 
0.000794281 0.000844097 0.000997581 0.00126695 0.00167289 0.00224505 0.00302261 0.0040549 0.00540195 0.00713494 0.00933624 0.0120992 0.0155274 0.0197331 0.0248351 0.0309562 0.0382195 0.0467441 0.0566405 0.0680058 0.0809183 0.0954326 0.111575 0.129342 0.148692 0.169551 0.191807 0.215315 0.239898 0.265351 0.291448 0.317946 0.344591 0.37113 0.397311 0.42289 0.447641 0.471356 0.493846 0.514951 0.53453 0.55247 0.568679 0.583087 0.59564 0.606302 0.615047 0.62186 0.62673 0.629654 0.630629 0.629654 0.62673 0.62186 0.615047 0.606302 0.59564 0.583087 0.568679 0.55247 0.53453 0.514951 0.493846 0.471356 0.447641 0.42289 0.397311 0.37113 0.344591 0.317946 0.291448 0.265351 0.239898 0.215315 0.191807 0.169551 0.148692 0.129342 0.111575 0.0954326 0.0809183 0.0680058 0.0566405 0.0467441 0.0382195 0.0309562 0.0248351 0.0197331 0.0155274 0.0120992 0.00933624 0.00713494 0.00540195 0.0040549 0.00302261 0.00224505 0.00167289 0.00126695 0.000997581 0.000844097 
0.00091516 0.000972092 0.00114744 0.00145494 0.00191787 0.00256951 0.00345377 0.00462576 0.00615241 0.00811276 0.010598 0.013711 0.0175653 0.0222833 0.0279939 0.0348291 0.0429201 0.0523925 0.0633609 0.0759238 0.0901577 0.106112 0.123805 0.143219 0.164298 0.186948 0.211037 0.236396 0.262823 0.29009 0.317946 0.346126 0.374359 0.402374 0.429905 0.456702 0.482534 0.50719 0.530488 0.55227 0.572407 0.590796 0.607357 0.622035 0.634789 0.645595 0.65444 0.661319 0.66623 0.669176 0.670158 0.669176 0.66623 0.661319 0.65444 0.645595 0.634789 0.622035 0.607357 0.590796 0.572407 0.55227 0.530488 0.50719 0.482534 0.456702 0.429905 0.402374 0.374359 0.346126 0.317946 0.29009 0.262823 0.236396 0.211037 0.186948 0.164298 0.143219 0.123805 0.106112 0.0901577 0.0759238 0.0633609 0.0523925 0.0429201 0.0348291 0.0279939 0.0222833 0.0175653 0.013711 0.010598 0.00811276 0.00615241 0.00462576 0.00345377 0.00256951 0.00191787 0.00145494 0.00114744 0.000972092 
0.00104616 0.00111073 0.00130952 0.0016579 0.00218185 0.00291845 0.00391655 0.00523732 0.0069548 0.00915617 0.0119416 0.0154237 0.0197261 0.0249813 0.031328 0.0389073 0.0478577 0.0583105 0.0703835 0.0841754 0.0997595 0.117179 0.13644 0.157512 0.180321 0.204752 0.230651 0.257824 0.286044 0.315058 0.344591 0.374359 0.404071 0.43344 0.462191 0.490067 0.516834 0.542284 0.566239 0.588552 0.609104 0.627806 0.644594 0.659425 0.672275 0.683136 0.692006 0.698891 0.703801 0.706743 0.707723 0.706743 0.703801 0.698891 0.692006 0.683136 0.672275 0.659425 0.644594 0.627806 0.609104 0.588552 0.566239 0.542284 0.516834 0.490067 0.462191 0.43344 0.404071 0.374359 0.344591 0.315058 0.286044 0.257824 0.230651 0.204752 0.180321 0.157512 0.13644 0.117179 0.0997595 0.0841754 0.0703835 0.0583105 0.0478577 0.0389073 0.031328 0.0249813 0.0197261 0.0154237 0.0119416 0.00915617 0.0069548 0.00523732 0.00391655 0.00291845 0.00218185 0.0016579 0.00130952 0.00111073 
0.0011866 0.00125929 0.00148298 0.00187473 0.00246332 0.00328982 0.00440815 0.00588574 0.00780393 0.0102582 0.013358 0.0172254 0.0219944 0.0278073 0.0348125 0.0431594 0.0529934 0.0644506 0.0776508 0.0926916 0.109642 0.128536 0.149368 0.172092 0.196615 0.222799 0.250467 0.279398 0.309341 0.340017 0.37113 0.402374 0.43344 0.464029 0.493858 0.522664 0.550214 0.576304 0.600765 0.623459 0.644284 0.663164 0.680052 0.694924 0.70777 0.718598 0.727421 0.734257 0.739124 0.742037 0.743007 0.742037 0.739124 0.734257 0.727421 0.718598 0.70777 0.694924 0.680052 0.663164 0.644284 0.623459 0.600765 0.576304 0.550214 0.522664 0.493858 0.464029 0.43344 0.402374 0.37113 0.340017 0.309341 0.279398 0.250467 0.222799 0.196615 0.172092 0.149368 0.128536 0.109642 0.0926916 0.0776508 0.0644506 0.0529934 0.0431594 0.0348125 0.0278073 0.0219944 0.0172254 0.013358 0.0102582 0.00780393 0.00588574 0.00440815 0.00328982 0.00246332 0.00187473 0.00148298 0.00125929 
0.00133554 0.00141675 0.0016666 0.00210387 0.00276025 0.00368085 0.00492485 0.00656602 0.00869316 0.0114102 0.0148356 0.0191014 0.0243512 0.0307375 0.0384175 0.0475484 0.0582821 0.0707581 0.0850974 0.101395 0.119714 0.140078 0.16247 0.186823 0.213026 0.240918 0.270295 0.300912 0.332491 0.364731 0.397311 0.429905 0.462191 0.493858 0.524615 0.554198 0.582376 0.608952 0.633767 0.656698 0.677656 0.696585 0.713455 0.728259 0.741008 0.751722 0.760431 0.767165 0.771951 0.774814 0.775766 0.774814 0.771951 0.767165 0.760431 0.751722 0.741008 0.728259 0.713455 0.696585 0.677656 0.656698 0.633767 0.608952 0.582376 0.554198 0.524615 0.493858 0.462191 0.429905 0.397311 0.364731 0.332491 0.300912 0.270295 0.240918 0.213026 0.186823 0.16247 0.140078 0.119714 0.101395 0.0850974 0.0707581 0.0582821 0.0475484 0.0384175 0.0307375 0.0243512 0.0191014 0.0148356 0.0114102 0.00869316 0.00656602 0.00492485 0.00368085 0.00276025 0.00210387 0.0016666 0.00141675 
0.0014917 0.00158177 0.0018588 0.00234334 0.00307002 0.00408809 0.00546203 0.00727204 0.00961441 0.0126014 0.0163608 0.021034 0.0267746 0.0337442 0.0421086 0.0520325 0.0636729 0.0771722 0.0926511 0.110201 0.129878 0.151694 0.175617 0.201562 0.229395 0.258933 0.289945 0.32216 0.355277 0.388967 0.42289 0.456702 0.490067 0.522664 0.554198 0.584405 0.613058 0.639971 0.664995 0.688024 0.708986 0.727843 0.744585 0.759224 0.771789 0.782317 0.790852 0.797437 0.802111 0.804902 0.80583 0.804902 0.802111 0.797437 0.790852 0.782317 0.771789 0.759224 0.744585 0.727843 0.708986 0.688024 0.664995 0.639971 0.613058 0.584405 0.554198 0.522664 0.490067 0.456702 0.42289 0.388967 0.355277 0.32216 0.289945 0.258933 0.229395 0.201562 0.175617 0.151694 0.129878 0.110201 0.0926511 0.0771722 0.0636729 0.0520325 0.0421086 0.0337442 0.0267746 0.021034 0.0163608 0.0126014 0.00961441 0.00727204 0.00546203 0.00408809 0.00307002 0.00234334 0.0018588 0.00158177 
0.00165354 0.00175272 0.00205768 0.00259074 0.00338951 0.00450742 0.00601424 0.0079966 0.0105583 0.0138198 0.0179179 0.0230035 0.0292394 0.0367963 0.0458479 0.0565655 0.0691103 0.0836269 0.100235 0.11902 0.14003 0.163266 0.188677 0.216161 0.245561 0.276669 0.309228 0.342943 0.377485 0.412505 0.447641 0.482534 0.516834 0.550214 0.582376 0.613058 0.642042 0.669149 0.694248 0.717247 0.738095 0.756772 0.77329 0.787678 0.799984 0.810264 0.818574 0.824971 0.829503 0.832207 0.833105 0.832207 0.829503 0.824971 0.818574 0.810264 0.799984 0.787678 0.77329 0.756772 0.738095 0.717247 0.694248 0.669149 0.642042 0.613058 0.582376 0.550214 0.516834 0.482534 0.447641 0.412505 0.377485 0.342943 0.309228 0.276669 0.245561 0.216161 0.188677 0.163266 0.14003 0.11902 0.100235 0.0836269 0.0691103 0.0565655 0.0458479 0.0367963 0.0292394 0.0230035 0.0179179 0.0138198 0.0105583 0.0079966 0.00601424 0.00450742 0.00338951 0.00259074 0.00205768 0.00175272 
0.00181923 0.00192767 0.00226098 0.00284328 0.00371514 0.00493411 0.00657525 0.00873156 0.0115141 0.0150516 0.0194896 0.024988 0.0317184 0.0398601 0.0495942 0.0610976 0.0745353 0.0900526 0.107767 0.127758 0.150065 0.174673 0.201518 0.230474 0.261364 0.293953 0.327961 0.363066 0.398916 0.435139 0.471356 0.50719 0.542284 0.576304 0.608952 0.639971 0.669149 0.696323 0.721375 0.744232 0.764863 0.783268 0.799478 0.813544 0.825531 0.83551 0.843555 0.849732 0.8541 0.856703 0.857567 0.856703 0.8541 0.849732 0.843555 0.83551 0.825531 0.813544 0.799478 0.783268 0.764863 0.744232 0.721375 0.696323 0.669149 0.639971 0.608952 0.576304 0.542284 0.50719 0.471356 0.435139 0.398916 0.363066 0.327961 0.293953 0.261364 0.230474 0.201518 0.174673 0.150065 0.127758 0.107767 0.0900526 0.0745353 0.0610976 0.0495942 0.0398601 0.0317184 0.024988 0.0194896 0.0150516 0.0115141 0.00873156 0.00657525 0.00493411 0.00371514 0.00284328 0.00226098 0.00192767 
