2.09427e-09 2.42243e-09 3.49116e-09 5.56955e-09 9.16294e-09 1.51052e-08 2.47028e-08 3.9945e-08 6.38003e-08 1.00622e-07 1.56692e-07 2.40932e-07 3.65812e-07 5.48483e-07 8.12163e-07 1.18776e-06 1.71577e-06 2.44833e-06 3.4514e-06 4.80703e-06 6.61536e-06 8.99633e-06 1.20907e-05 1.60603e-05 2.10866e-05 2.73688e-05 3.51186e-05 4.45543e-05 5.58923e-05 6.93366e-05 8.50668e-05 0.000103225 0.0001239 0.000147119 0.000172828 0.000200887 0.000231061 0.00026302 0.000296338 0.0003305 0.000364917 0.000398942 0.000431887 0.00046305 0.000491737 0.000517288 0.0005391 0.000556646 0.000569498 0.000577339 0.000579975 0.000577339 0.000569498 0.000556646 0.0005391 0.000517288 0.000491737 0.00046305 0.000431887 0.000398942 0.000364917 0.0003305 0.000296338 0.00026302 0.000231061 0.000200887 0.000172828 0.000147119 0.0001239 0.000103225 8.50668e-05 6.93366e-05 5.58923e-05 4.45543e-05 3.51186e-05 2.73688e-05 2.10866e-05 1.60603e-05 1.20907e-05 8.99633e-06 6.61536e-06 4.80703e-06 3.4514e-06 2.44833e-06 1.71577e-06 1.18776e-06 8.12163e-07 5.48483e-07 3.65812e-07 2.40932e-07 1.56692e-07 1.00622e-07 6.38003e-08 3.9945e-08 2.47028e-08 1.51052e-08 9.16294e-09 5.56955e-09 3.49116e-09 2.42243e-09 
2.42243e-09 2.80051e-09 4.0313e-09 6.42318e-09 1.05547e-08 1.73797e-08 2.83905e-08 4.58567e-08 7.316e-08 1.15253e-07 1.79271e-07 2.75333e-07 4.17559e-07 6.25341e-07 9.24885e-07 1.35103e-06 1.94931e-06 2.77829e-06 3.91194e-06 5.44206e-06 7.48052e-06 1.0161e-05 1.36403e-05 1.8098e-05 2.37355e-05 3.07729e-05 3.9444e-05 4.9989e-05 6.26455e-05 7.76367e-05 9.51579e-05 0.000115362 0.000138346 0.000164131 0.000192656 0.000223761 0.000257185 0.000292558 0.000329409 0.000367168 0.000405186 0.000442748 0.0004791 0.000513471 0.000545097 0.000573256 0.000597287 0.000616614 0.000630768 0.000639403 0.000642305 0.000639403 0.000630768 0.000616614 0.000597287 0.000573256 0.000545097 0.000513471 0.0004791 0.000442748 0.000405186 0.000367168 0.000329409 0.000292558 0.000257185 0.000223761 0.000192656 0.000164131 0.000138346 0.000115362 9.51579e-05 7.76367e-05 6.26455e-05 4.9989e-05 3.9444e-05 3.07729e-05 2.37355e-05 1.8098e-05 1.36403e-05 1.0161e-05 7.48052e-06 5.44206e-06 3.91194e-06 2.77829e-06 1.94931e-06 1.35103e-06 9.24885e-07 6.25341e-07 4.17559e-07 2.75333e-07 1.79271e-07 1.15253e-07 7.316e-08 4.58567e-08 2.83905e-08 1.73797e-08 1.05547e-08 6.42318e-09 4.0313e-09 2.80051e-09 
3.49116e-09 4.0313e-09 5.78818e-09 9.19708e-09 1.50733e-08 2.47579e-08 4.03432e-08 6.50019e-08 1.03447e-07 1.62557e-07 2.5221e-07 3.86366e-07 5.84435e-07 8.72981e-07 1.28777e-06 1.87615e-06 2.69981e-06 3.83774e-06 5.38931e-06 7.47735e-06 1.02509e-05 1.38874e-05 1.85938e-05 2.46062e-05 3.21882e-05 4.16262e-05 5.32229e-05 6.72875e-05 8.41236e-05 0.000104014 0.000127203 0.000153878 0.00018415 0.000218038 0.000255446 0.000296154 0.000339813 0.000385933 0.000433896 0.000482965 0.000532297 0.000580973 0.000628022 0.000672457 0.000713306 0.000749646 0.000780636 0.000805546 0.000823781 0.000834902 0.000838639 0.000834902 0.000823781 0.000805546 0.000780636 0.000749646 0.000713306 0.000672457 0.000628022 0.000580973 0.000532297 0.000482965 0.000433896 0.000385933 0.000339813 0.000296154 0.000255446 0.000218038 0.00018415 0.000153878 0.000127203 0.000104014 8.41236e-05 6.72875e-05 5.32229e-05 4.16262e-05 3.21882e-05 2.46062e-05 1.85938e-05 1.38874e-05 1.02509e-05 7.47735e-06 5.38931e-06 3.83774e-06 2.69981e-06 1.87615e-06 1.28777e-06 8.72981e-07 5.84435e-07 3.86366e-07 2.5221e-07 1.62557e-07 1.03447e-07 6.50019e-08 4.03432e-08 2.47579e-08 1.50733e-08 9.19708e-09 5.78818e-09 4.0313e-09 
5.56955e-09 6.42318e-09 9.19708e-09 1.45702e-08 2.3812e-08 3.90048e-08 6.33884e-08 1.01859e-07 1.61664e-07 2.53345e-07 3.91982e-07 5.98805e-07 9.03218e-07 1.3453e-06 1.97877e-06 2.87448e-06 4.12431e-06 5.84536e-06 8.1843e-06 1.13216e-05 1.54751e-05 2.09028e-05 2.79041e-05 3.6819e-05 4.80245e-05 6.1928e-05 7.89572e-05 9.9546e-05 0.000124116 0.000153057 0.000186698 0.000225289 0.000268965 0.000317727 0.00037142 0.000429711 0.000492083 0.000557831 0.000626069 0.000695747 0.000765677 0.000834566 0.000901056 0.00096377 0.00102136 0.00107253 0.00111614 0.00115117 0.0011768 0.00119242 0.00119767 0.00119242 0.0011768 0.00115117 0.00111614 0.00107253 0.00102136 0.00096377 0.000901056 0.000834566 0.000765677 0.000695747 0.000626069 0.000557831 0.000492083 0.000429711 0.00037142 0.000317727 0.000268965 0.000225289 0.000186698 0.000153057 0.000124116 9.9546e-05 7.89572e-05 6.1928e-05 4.80245e-05 3.6819e-05 2.79041e-05 2.09028e-05 1.54751e-05 1.13216e-05 8.1843e-06 5.84536e-06 4.12431e-06 2.87448e-06 1.97877e-06 1.3453e-06 9.03218e-07 5.98805e-07 3.91982e-07 2.53345e-07 1.61664e-07 1.01859e-07 6.33884e-08 3.90048e-08 2.3812e-08 1.45702e-08 9.19708e-09 6.42318e-09 
9.16294e-09 1.05547e-08 1.50733e-08 2.3812e-08 3.88108e-08 6.34084e-08 1.02784e-07 1.64741e-07 2.60791e-07 4.07619e-07 6.29011e-07 9.58324e-07 1.44159e-06 2.14128e-06 3.14083e-06 4.54981e-06 6.50966e-06 9.1999e-06 1.28443e-05 1.7717e-05 2.41473e-05 3.2523e-05 4.32923e-05 5.69608e-05 7.40863e-05 9.52679e-05 0.00012113 0.000152301 0.000189388 0.000232941 0.000283424 0.000341169 0.000406346 0.000478924 0.000558639 0.000644973 0.00073714 0.000834085 0.000934498 0.00103684 0.00113936 0.0012402 0.00133738 0.00142892 0.00151288 0.00158742 0.00165088 0.00170182 0.00173907 0.00176178 0.0017694 0.00176178 0.00173907 0.00170182 0.00165088 0.00158742 0.00151288 0.00142892 0.00133738 0.0012402 0.00113936 0.00103684 0.000934498 0.000834085 0.00073714 0.000644973 0.000558639 0.000478924 0.000406346 0.000341169 0.000283424 0.000232941 0.000189388 0.000152301 0.00012113 9.52679e-05 7.40863e-05 5.69608e-05 4.32923e-05 3.2523e-05 2.41473e-05 1.7717e-05 1.28443e-05 9.1999e-06 6.50966e-06 4.54981e-06 3.14083e-06 2.14128e-06 1.44159e-06 9.58324e-07 6.29011e-07 4.07619e-07 2.60791e-07 1.64741e-07 1.02784e-07 6.34084e-08 3.88108e-08 2.3812e-08 1.50733e-08 1.05547e-08 
1.51052e-08 1.73797e-08 2.47579e-08 3.90048e-08 6.34084e-08 1.03337e-07 1.67096e-07 2.6716e-07 4.21874e-07 6.57738e-07 1.0124e-06 1.53846e-06 2.30824e-06 3.41953e-06 5.00241e-06 7.22698e-06 1.0312e-05 1.45337e-05 2.02353e-05 2.78347e-05 3.78319e-05 5.08132e-05 6.74517e-05 8.85034e-05 0.000114797 0.000147218 0.000186682 0.000234104 0.000290357 0.000356227 0.000432359 0.000519205 0.000616966 0.000725546 0.000844507 0.000973042 0.00110995 0.00125365 0.00140219 0.0015533 0.00170441 0.0018528 0.00199561 0.00212994 0.00225301 0.00236216 0.00245501 0.00252949 0.00258393 0.0026171 0.00262824 0.0026171 0.00258393 0.00252949 0.00245501 0.00236216 0.00225301 0.00212994 0.00199561 0.0018528 0.00170441 0.0015533 0.00140219 0.00125365 0.00110995 0.000973042 0.000844507 0.000725546 0.000616966 0.000519205 0.000432359 0.000356227 0.000290357 0.000234104 0.000186682 0.000147218 0.000114797 8.85034e-05 6.74517e-05 5.08132e-05 3.78319e-05 2.78347e-05 2.02353e-05 1.45337e-05 1.0312e-05 7.22698e-06 5.00241e-06 3.41953e-06 2.30824e-06 1.53846e-06 1.0124e-06 6.57738e-07 4.21874e-07 2.6716e-07 1.67096e-07 1.03337e-07 6.34084e-08 3.90048e-08 2.47579e-08 1.73797e-08 
2.47028e-08 2.83905e-08 4.03432e-08 6.33884e-08 1.02784e-07 1.67096e-07 2.6954e-07 4.29907e-07 6.77209e-07 1.05322e-06 1.61707e-06 2.4511e-06 3.66809e-06 5.41998e-06 7.90805e-06 1.13945e-05 1.6215e-05 2.27919e-05 3.1647e-05 4.34136e-05 5.88449e-05 7.88202e-05 0.000104344 0.000136536 0.000176621 0.000225895 0.000285689 0.000357325 0.00044205 0.00054097 0.000654978 0.000784669 0.000930269 0.00109156 0.00126784 0.00145785 0.00165978 0.00187127 0.00208945 0.00231096 0.00253211 0.00274892 0.00295725 0.00315298 0.00333207 0.00349076 0.00362563 0.00373374 0.00381272 0.00386082 0.00387698 0.00386082 0.00381272 0.00373374 0.00362563 0.00349076 0.00333207 0.00315298 0.00295725 0.00274892 0.00253211 0.00231096 0.00208945 0.00187127 0.00165978 0.00145785 0.00126784 0.00109156 0.000930269 0.000784669 0.000654978 0.00054097 0.00044205 0.000357325 0.000285689 0.000225895 0.000176621 0.000136536 0.000104344 7.88202e-05 5.88449e-05 4.34136e-05 3.1647e-05 2.27919e-05 1.6215e-05 1.13945e-05 7.90805e-06 5.41998e-06 3.66809e-06 2.4511e-06 1.61707e-06 1.05322e-06 6.77209e-07 4.29907e-07 2.6954e-07 1.67096e-07 1.02784e-07 6.33884e-08 4.03432e-08 2.83905e-08 
3.9945e-08 4.58567e-08 6.50019e-08 1.01859e-07 1.64741e-07 2.6716e-07 4.29907e-07 6.84024e-07 1.07487e-06 1.66754e-06 2.55386e-06 3.86125e-06 5.76357e-06 8.49416e-06 1.23609e-05 1.77633e-05 2.52105e-05 3.53404e-05 4.89376e-05 6.69496e-05 9.04982e-05 0.000120886 0.000159591 0.000208259 0.000268667 0.000342691 0.000432244 0.000539205 0.000665328 0.000812149 0.000980874 0.00117227 0.00138656 0.00162332 0.00188141 0.00215893 0.00245318 0.00276069 0.00307725 0.00339804 0.00371773 0.00403061 0.00433082 0.00461247 0.00486988 0.00509772 0.0052912 0.00544618 0.00555935 0.00562824 0.00565138 0.00562824 0.00555935 0.00544618 0.0052912 0.00509772 0.00486988 0.00461247 0.00433082 0.00403061 0.00371773 0.00339804 0.00307725 0.00276069 0.00245318 0.00215893 0.00188141 0.00162332 0.00138656 0.00117227 0.000980874 0.000812149 0.000665328 0.000539205 0.000432244 0.000342691 0.000268667 0.000208259 0.000159591 0.000120886 9.04982e-05 6.69496e-05 4.89376e-05 3.53404e-05 2.52105e-05 1.77633e-05 1.23609e-05 8.49416e-06 5.76357e-06 3.86125e-06 2.55386e-06 1.66754e-06 1.07487e-06 6.84024e-07 4.29907e-07 2.6716e-07 1.64741e-07 1.01859e-07 6.50019e-08 4.58567e-08 
6.38003e-08 7.316e-08 1.03447e-07 1.61664e-07 2.60791e-07 4.21874e-07 6.77209e-07 1.07487e-06 1.68488e-06 2.60739e-06 3.98318e-06 6.00688e-06 8.9431e-06 1.31455e-05 1.90791e-05 2.73443e-05 3.87035e-05 5.41073e-05 7.47195e-05 0.000101939 0.000137412 0.000183043 0.00024098 0.000313594 0.00040344 0.000513188 0.00064554 0.000803125 0.000988371 0.00120336 0.0014497 0.00172832 0.00203939 0.00238216 0.00275482 0.00315454 0.00357733 0.00401816 0.00447101 0.00492899 0.00538453 0.00582962 0.006256 0.00665547 0.00702011 0.00734251 0.00761603 0.00783498 0.00799475 0.00809199 0.00812464 0.00809199 0.00799475 0.00783498 0.00761603 0.00734251 0.00702011 0.00665547 0.006256 0.00582962 0.00538453 0.00492899 0.00447101 0.00401816 0.00357733 0.00315454 0.00275482 0.00238216 0.00203939 0.00172832 0.0014497 0.00120336 0.000988371 0.000803125 0.00064554 0.000513188 0.00040344 0.000313594 0.00024098 0.000183043 0.000137412 0.000101939 7.47195e-05 5.41073e-05 3.87035e-05 2.73443e-05 1.90791e-05 1.31455e-05 8.9431e-06 6.00688e-06 3.98318e-06 2.60739e-06 1.68488e-06 1.07487e-06 6.77209e-07 4.21874e-07 2.60791e-07 1.61664e-07 1.03447e-07 7.316e-08 
1.00622e-07 1.15253e-07 1.62557e-07 2.53345e-07 4.07619e-07 6.57738e-07 1.05322e-06 1.66754e-06 2.60739e-06 4.02482e-06 6.13282e-06 9.22478e-06 1.3698e-05 2.00814e-05 2.90676e-05 4.1547e-05 5.86454e-05 8.17597e-05 0.000112592 0.000153178 0.000205902 0.000273502 0.000359055 0.000465932 0.000597739 0.00075822 0.000951128 0.00118008 0.00144836 0.00175876 0.00211331 0.00251315 0.00295825 0.00344731 0.0039776 0.00454489 0.00514345 0.00576607 0.00640423 0.00704828 0.00768765 0.00831124 0.00890764 0.00946558 0.0099742 0.0104234 0.0108041 0.0111087 0.0113308 0.0114659 0.0115113 0.0114659 0.0113308 0.0111087 0.0108041 0.0104234 0.0099742 0.00946558 0.00890764 0.00831124 0.00768765 0.00704828 0.00640423 0.00576607 0.00514345 0.00454489 0.0039776 0.00344731 0.00295825 0.00251315 0.00211331 0.00175876 0.00144836 0.00118008 0.000951128 0.00075822 0.000597739 0.000465932 0.000359055 0.000273502 0.000205902 0.000153178 0.000112592 8.17597e-05 5.86454e-05 4.1547e-05 2.90676e-05 2.00814e-05 1.3698e-05 9.22478e-06 6.13282e-06 4.02482e-06 2.60739e-06 1.66754e-06 1.05322e-06 6.57738e-07 4.07619e-07 2.53345e-07 1.62557e-07 1.15253e-07 
1.56692e-07 1.79271e-07 2.5221e-07 3.91982e-07 6.29011e-07 1.0124e-06 1.61707e-06 2.55386e-06 3.98318e-06 6.13282e-06 9.32076e-06 1.39833e-05 2.07088e-05 3.0278e-05 4.37079e-05 6.23013e-05 8.76969e-05 0.000121919 0.000167422 0.000227125 0.000304429 0.000403218 0.000527826 0.000682973 0.000873671 0.00110508 0.00138232 0.00171027 0.00209331 0.00253505 0.00303804 0.00360351 0.0042311 0.00491867 0.00566209 0.00645524 0.00728992 0.00815603 0.00904169 0.00993357 0.0108172 0.0116774 0.0124986 0.0132658 0.0139641 0.0145802 0.0151018 0.0155188 0.0158227 0.0160074 0.0160695 0.0160074 0.0158227 0.0155188 0.0151018 0.0145802 0.0139641 0.0132658 0.0124986 0.0116774 0.0108172 0.00993357 0.00904169 0.00815603 0.00728992 0.00645524 0.00566209 0.00491867 0.0042311 0.00360351 0.00303804 0.00253505 0.00209331 0.00171027 0.00138232 0.00110508 0.000873671 0.000682973 0.000527826 0.000403218 0.000304429 0.000227125 0.000167422 0.000121919 8.76969e-05 6.23013e-05 4.37079e-05 3.0278e-05 2.07088e-05 1.39833e-05 9.32076e-06 6.13282e-06 3.98318e-06 2.55386e-06 1.61707e-06 1.0124e-06 6.29011e-07 3.91982e-07 2.5221e-07 1.79271e-07 
2.40932e-07 2.75333e-07 3.86366e-07 5.98805e-07 9.58324e-07 1.53846e-06 2.4511e-06 3.86125e-06 6.00688e-06 9.22478e-06 1.39833e-05 2.09224e-05 3.09023e-05 4.50588e-05 6.48657e-05 9.22022e-05 0.000129421 0.000179414 0.000245669 0.000332313 0.000444125 0.00058653 0.000765541 0.000987665 0.00125975 0.00158879 0.00198165 0.00244479 0.0029839 0.00360356 0.00430684 0.00509495 0.0059669 0.00691928 0.00794601 0.00903831 0.0101847 0.0113712 0.0125816 0.0137976 0.0149999 0.0161679 0.0172812 0.0183193 0.0192631 0.0200946 0.0207979 0.0213596 0.0217687 0.0220174 0.0221009 0.0220174 0.0217687 0.0213596 0.0207979 0.0200946 0.0192631 0.0183193 0.0172812 0.0161679 0.0149999 0.0137976 0.0125816 0.0113712 0.0101847 0.00903831 0.00794601 0.00691928 0.0059669 0.00509495 0.00430684 0.00360356 0.0029839 0.00244479 0.00198165 0.00158879 0.00125975 0.000987665 0.000765541 0.00058653 0.000444125 0.000332313 0.000245669 0.000179414 0.000129421 9.22022e-05 6.48657e-05 4.50588e-05 3.09023e-05 2.09224e-05 1.39833e-05 9.22478e-06 6.00688e-06 3.86125e-06 2.4511e-06 1.53846e-06 9.58324e-07 5.98805e-07 3.86366e-07 2.75333e-07 
3.65812e-07 4.17559e-07 5.84435e-07 9.03218e-07 1.44159e-06 2.30824e-06 3.66809e-06 5.76357e-06 8.9431e-06 1.3698e-05 2.07088e-05 3.09023e-05 4.55184e-05 6.61876e-05 9.50164e-05 0.000134678 0.000188503 0.000260565 0.00035575 0.000479805 0.00063935 0.000841848 0.00109551 0.00140917 0.00179203 0.00225339 0.0028023 0.00344715 0.00419517 0.00505201 0.00602117 0.00710362 0.00829735 0.00959707 0.010994 0.0124757 0.0140265 0.0156272 0.0172559 0.0188884 0.0204988 0.0220601 0.0235454 0.0249282 0.0261834 0.0272878 0.028221 0.0289655 0.0295075 0.0298368 0.0299472 0.0298368 0.0295075 0.0289655 0.028221 0.0272878 0.0261834 0.0249282 0.0235454 0.0220601 0.0204988 0.0188884 0.0172559 0.0156272 0.0140265 0.0124757 0.010994 0.00959707 0.00829735 0.00710362 0.00602117 0.00505201 0.00419517 0.00344715 0.0028023 0.00225339 0.00179203 0.00140917 0.00109551 0.000841848 0.00063935 0.000479805 0.00035575 0.000260565 0.000188503 0.000134678 9.50164e-05 6.61876e-05 4.55184e-05 3.09023e-05 2.07088e-05 1.3698e-05 8.9431e-06 5.76357e-06 3.66809e-06 2.30824e-06 1.44159e-06 9.03218e-07 5.84435e-07 4.17559e-07 
5.48483e-07 6.25341e-07 8.72981e-07 1.3453e-06 2.14128e-06 3.41953e-06 5.41998e-06 8.49416e-06 1.31455e-05 2.00814e-05 3.0278e-05 4.50588e-05 6.61876e-05 9.59735e-05 0.000137386 0.000194176 0.000270993 0.000373494 0.000508426 0.000683679 0.000908285 0.00119235 0.00154694 0.00198381 0.00251514 0.0031531 0.00390939 0.00479466 0.00581789 0.0069858 0.0083022 0.00976742 0.0113778 0.0131255 0.0149979 0.0169779 0.019044 0.0211707 0.0233288 0.0254865 0.02761 0.0296645 0.031615 0.0334277 0.0350704 0.0365139 0.0377322 0.0387033 0.0394097 0.0398387 0.0399826 0.0398387 0.0394097 0.0387033 0.0377322 0.0365139 0.0350704 0.0334277 0.031615 0.0296645 0.02761 0.0254865 0.0233288 0.0211707 0.019044 0.0169779 0.0149979 0.0131255 0.0113778 0.00976742 0.0083022 0.0069858 0.00581789 0.00479466 0.00390939 0.0031531 0.00251514 0.00198381 0.00154694 0.00119235 0.000908285 0.000683679 0.000508426 0.000373494 0.000270993 0.000194176 0.000137386 9.59735e-05 6.61876e-05 4.50588e-05 3.0278e-05 2.00814e-05 1.31455e-05 8.49416e-06 5.41998e-06 3.41953e-06 2.14128e-06 1.3453e-06 8.72981e-07 6.25341e-07 
8.12163e-07 9.24885e-07 1.28777e-06 1.97877e-06 3.14083e-06 5.00241e-06 7.90805e-06 1.23609e-05 1.90791e-05 2.90676e-05 4.37079e-05 6.48657e-05 9.50164e-05 0.000137386 0.000196105 0.000276363 0.000384561 0.000528446 0.000717202 0.000961505 0.00127349 0.00166666 0.00215564 0.00275588 0.00348321 0.00435328 0.00538089 0.00657927 0.00795931 0.00952871 0.0112912 0.013246 0.015387 0.0177025 0.0201751 0.0227814 0.0254928 0.0282754 0.0310914 0.0338994 0.0366561 0.0393171 0.0418383 0.0441769 0.0462928 0.0481493 0.0497143 0.0509606 0.0518665 0.0524164 0.0526007 0.0524164 0.0518665 0.0509606 0.0497143 0.0481493 0.0462928 0.0441769 0.0418383 0.0393171 0.0366561 0.0338994 0.0310914 0.0282754 0.0254928 0.0227814 0.0201751 0.0177025 0.015387 0.013246 0.0112912 0.00952871 0.00795931 0.00657927 0.00538089 0.00435328 0.00348321 0.00275588 0.00215564 0.00166666 0.00127349 0.000961505 0.000717202 0.000528446 0.000384561 0.000276363 0.000196105 0.000137386 9.50164e-05 6.48657e-05 4.37079e-05 2.90676e-05 1.90791e-05 1.23609e-05 7.90805e-06 5.00241e-06 3.14083e-06 1.97877e-06 1.28777e-06 9.24885e-07 
1.18776e-06 1.35103e-06 1.87615e-06 2.87448e-06 4.54981e-06 7.22698e-06 1.13945e-05 1.77633e-05 2.73443e-05 4.1547e-05 6.23013e-05 9.22022e-05 0.000134678 0.000194176 0.000276363 0.000388323 0.000538748 0.000738096 0.000998694 0.00133478 0.00176242 0.00229936 0.00296466 0.00377828 0.00476045 0.00593089 0.00730798 0.00890781 0.0107431 0.0128224 0.0151488 0.0177194 0.0205247 0.0235479 0.026765 0.0301449 0.0336497 0.0372355 0.0408538 0.044452 0.0479753 0.0513682 0.0545758 0.0575453 0.0602273 0.062577 0.0645551 0.0661288 0.0672718 0.0679652 0.0681976 0.0679652 0.0672718 0.0661288 0.0645551 0.062577 0.0602273 0.0575453 0.0545758 0.0513682 0.0479753 0.044452 0.0408538 0.0372355 0.0336497 0.0301449 0.026765 0.0235479 0.0205247 0.0177194 0.0151488 0.0128224 0.0107431 0.00890781 0.00730798 0.00593089 0.00476045 0.00377828 0.00296466 0.00229936 0.00176242 0.00133478 0.000998694 0.000738096 0.000538748 0.000388323 0.000276363 0.000194176 0.000134678 9.22022e-05 6.23013e-05 4.1547e-05 2.73443e-05 1.77633e-05 1.13945e-05 7.22698e-06 4.54981e-06 2.87448e-06 1.87615e-06 1.35103e-06 
1.71577e-06 1.94931e-06 2.69981e-06 4.12431e-06 6.50966e-06 1.0312e-05 1.6215e-05 2.52105e-05 3.87035e-05 5.86454e-05 8.76969e-05 0.000129421 0.000188503 0.000270993 0.000384561 0.000538748 0.000745194 0.00101782 0.00137294 0.00182926 0.00240776 0.00313139 0.00402461 0.00511278 0.00642127 0.00797452 0.00979485 0.0119013 0.0143083 0.0170246 0.020052 0.0233845 0.0270075 0.0308975 0.0350222 0.0393406 0.0438035 0.048355 0.0529336 0.0574736 0.0619072 0.0661661 0.070183 0.0738941 0.0772397 0.0801661 0.0826265 0.0845815 0.0860004 0.0868607 0.087149 0.0868607 0.0860004 0.0845815 0.0826265 0.0801661 0.0772397 0.0738941 0.070183 0.0661661 0.0619072 0.0574736 0.0529336 0.048355 0.0438035 0.0393406 0.0350222 0.0308975 0.0270075 0.0233845 0.020052 0.0170246 0.0143083 0.0119013 0.00979485 0.00797452 0.00642127 0.00511278 0.00402461 0.00313139 0.00240776 0.00182926 0.00137294 0.00101782 0.000745194 0.000538748 0.000384561 0.000270993 0.000188503 0.000129421 8.76969e-05 5.86454e-05 3.87035e-05 2.52105e-05 1.6215e-05 1.0312e-05 6.50966e-06 4.12431e-06 2.69981e-06 1.94931e-06 
2.44833e-06 2.77829e-06 3.83774e-06 5.84536e-06 9.1999e-06 1.45337e-05 2.27919e-05 3.53404e-05 5.41073e-05 8.17597e-05 0.000121919 0.000179414 0.000260565 0.000373494 0.000528446 0.000738096 0.00101782 0.0013859 0.00186362 0.00247521 0.00324763 0.00421015 0.00539366 0.00682981 0.00854991 0.0105836 0.0129574 0.0156932 0.0188068 0.0223063 0.026191 0.0304502 0.0350627 0.0399962 0.0452079 0.0506443 0.0562431 0.061934 0.0676403 0.0732815 0.0787748 0.0840377 0.0889897 0.0935545 0.0976618 0.101248 0.10426 0.10665 0.108383 0.109433 0.109784 0.109433 0.108383 0.10665 0.10426 0.101248 0.0976618 0.0935545 0.0889897 0.0840377 0.0787748 0.0732815 0.0676403 0.061934 0.0562431 0.0506443 0.0452079 0.0399962 0.0350627 0.0304502 0.026191 0.0223063 0.0188068 0.0156932 0.0129574 0.0105836 0.00854991 0.00682981 0.00539366 0.00421015 0.00324763 0.00247521 0.00186362 0.0013859 0.00101782 0.000738096 0.000528446 0.000373494 0.000260565 0.000179414 0.000121919 8.17597e-05 5.41073e-05 3.53404e-05 2.27919e-05 1.45337e-05 9.1999e-06 5.84536e-06 3.83774e-06 2.77829e-06 
3.4514e-06 3.91194e-06 5.38931e-06 8.1843e-06 1.28443e-05 2.02353e-05 3.1647e-05 4.89376e-05 7.47195e-05 0.000112592 0.000167422 0.000245669 0.00035575 0.000508426 0.000717202 0.000998694 0.00137294 0.00186362 0.00249811 0.00330734 0.00432548 0.00558925 0.00713705 0.00900774 0.0112392 0.0138667 0.016921 0.0204264 0.0243994 0.0288463 0.0337622 0.03913 0.0449195 0.0510874 0.0575776 0.0643222 0.0712429 0.0782525 0.0852577 0.0921609 0.0988631 0.105266 0.111276 0.116803 0.121766 0.126092 0.129718 0.132593 0.134675 0.135937 0.136359 0.135937 0.134675 0.132593 0.129718 0.126092 0.121766 0.116803 0.111276 0.105266 0.0988631 0.0921609 0.0852577 0.0782525 0.0712429 0.0643222 0.0575776 0.0510874 0.0449195 0.03913 0.0337622 0.0288463 0.0243994 0.0204264 0.016921 0.0138667 0.0112392 0.00900774 0.00713705 0.00558925 0.00432548 0.00330734 0.00249811 0.00186362 0.00137294 0.000998694 0.000717202 0.000508426 0.00035575 0.000245669 0.000167422 0.000112592 7.47195e-05 4.89376e-05 3.1647e-05 2.02353e-05 1.28443e-05 8.1843e-06 5.38931e-06 3.91194e-06 
4.80703e-06 5.44206e-06 7.47735e-06 1.13216e-05 1.7717e-05 2.78347e-05 4.34136e-05 6.69496e-05 0.000101939 0.000153178 0.000227125 0.000332313 0.000479805 0.000683679 0.000961505 0.00133478 0.00182926 0.00247521 0.00330734 0.00436461 0.00568964 0.00732783 0.00932613 0.0117314 0.0145888 0.0179391 0.0218172 0.0262492 0.0312508 0.0368251 0.0429612 0.0496328 0.0567984 0.0644009 0.0723682 0.0806152 0.0890452 0.0975521 0.106024 0.114344 0.122397 0.130068 0.137248 0.143836 0.149738 0.154873 0.159171 0.162574 0.165036 0.166527 0.167026 0.166527 0.165036 0.162574 0.159171 0.154873 0.149738 0.143836 0.137248 0.130068 0.122397 0.114344 0.106024 0.0975521 0.0890452 0.0806152 0.0723682 0.0644009 0.0567984 0.0496328 0.0429612 0.0368251 0.0312508 0.0262492 0.0218172 0.0179391 0.0145888 0.0117314 0.00932613 0.00732783 0.00568964 0.00436461 0.00330734 0.00247521 0.00182926 0.00133478 0.000961505 0.000683679 0.000479805 0.000332313 0.000227125 0.000153178 0.000101939 6.69496e-05 4.34136e-05 2.78347e-05 1.7717e-05 1.13216e-05 7.47735e-06 5.44206e-06 
6.61536e-06 7.48052e-06 1.02509e-05 1.54751e-05 2.41473e-05 3.78319e-05 5.88449e-05 9.04982e-05 0.000137412 0.000205902 0.000304429 0.000444125 0.00063935 0.000908285 0.00127349 0.00176242 0.00240776 0.00324763 0.00432548 0.00568964 0.00739252 0.0094894 0.0120368 0.0150902 0.0187021 0.0229191 0.0277792 0.0333093 0.0395227 0.0464171 0.0539729 0.0621522 0.070899 0.0801392 0.0897822 0.0997226 0.109843 0.120017 0.13011 0.139989 0.149519 0.158569 0.167016 0.174746 0.181656 0.187655 0.192668 0.196631 0.199496 0.201229 0.201809 0.201229 0.199496 0.196631 0.192668 0.187655 0.181656 0.174746 0.167016 0.158569 0.149519 0.139989 0.13011 0.120017 0.109843 0.0997226 0.0897822 0.0801392 0.070899 0.0621522 0.0539729 0.0464171 0.0395227 0.0333093 0.0277792 0.0229191 0.0187021 0.0150902 0.0120368 0.0094894 0.00739252 0.00568964 0.00432548 0.00324763 0.00240776 0.00176242 0.00127349 0.000908285 0.00063935 0.000444125 0.000304429 0.000205902 0.000137412 9.04982e-05 5.88449e-05 3.78319e-05 2.41473e-05 1.54751e-05 1.02509e-05 7.48052e-06 
8.99633e-06 1.0161e-05 1.38874e-05 2.09028e-05 3.2523e-05 5.08132e-05 7.88202e-05 0.000120886 0.000183043 0.000273502 0.000403218 0.00058653 0.000841848 0.00119235 0.00166666 0.00229936 0.00313139 0.00421015 0.00558925 0.00732783 0.0094894 0.0121402 0.0153471 0.0191748 0.023683 0.0289235 0.0349364 0.0417477 0.0493661 0.0577812 0.0669616 0.0768548 0.0873868 0.0984634 0.109972 0.121785 0.133762 0.145753 0.157605 0.169161 0.18027 0.190785 0.20057 0.2095 0.217464 0.224363 0.230117 0.23466 0.237941 0.239924 0.240587 0.239924 0.237941 0.23466 0.230117 0.224363 0.217464 0.2095 0.20057 0.190785 0.18027 0.169161 0.157605 0.145753 0.133762 0.121785 0.109972 0.0984634 0.0873868 0.0768548 0.0669616 0.0577812 0.0493661 0.0417477 0.0349364 0.0289235 0.023683 0.0191748 0.0153471 0.0121402 0.0094894 0.00732783 0.00558925 0.00421015 0.00313139 0.00229936 0.00166666 0.00119235 0.000841848 0.00058653 0.000403218 0.000273502 0.000183043 0.000120886 7.88202e-05 5.08132e-05 3.2523e-05 2.09028e-05 1.38874e-05 1.0161e-05 
1.20907e-05 1.36403e-05 1.85938e-05 2.79041e-05 4.32923e-05 6.74517e-05 0.000104344 0.000159591 0.00024098 0.000359055 0.000527826 0.000765541 0.00109551 0.00154694 0.00215564 0.00296466 0.00402461 0.00539366 0.00713705 0.00932613 0.0120368 0.0153471 0.0193349 0.0240741 0.0296314 0.0360626 0.0434083 0.0516912 0.0609128 0.0710513 0.0820602 0.0938684 0.106381 0.119479 0.133027 0.146871 0.160845 0.174778 0.188492 0.201812 0.214571 0.226606 0.23777 0.247929 0.256964 0.264775 0.271277 0.276402 0.280099 0.282332 0.283078 0.282332 0.280099 0.276402 0.271277 0.264775 0.256964 0.247929 0.23777 0.226606 0.214571 0.201812 0.188492 0.174778 0.160845 0.146871 0.133027 0.119479 0.106381 0.0938684 0.0820602 0.0710513 0.0609128 0.0516912 0.0434083 0.0360626 0.0296314 0.0240741 0.0193349 0.0153471 0.0120368 0.00932613 0.00713705 0.00539366 0.00402461 0.00296466 0.00215564 0.00154694 0.00109551 0.000765541 0.000527826 0.000359055 0.00024098 0.000159591 0.000104344 6.74517e-05 4.32923e-05 2.79041e-05 1.85938e-05 1.36403e-05 
1.60603e-05 1.8098e-05 2.46062e-05 3.6819e-05 5.69608e-05 8.85034e-05 0.000136536 0.000208259 0.000313594 0.000465932 0.000682973 0.000987665 0.00140917 0.00198381 0.00275588 0.00377828 0.00511278 0.00682981 0.00900774 0.0117314 0.0150902 0.0191748 0.0240741 0.0298711 0.0366384 0.0444342 0.0532974 0.0632447 0.0742667 0.0863267 0.0993592 0.113271 0.12794 0.143224 0.158958 0.17496 0.191041 0.207001 0.222645 0.237778 0.252216 0.265787 0.278333 0.289715 0.29981 0.308517 0.315749 0.321441 0.325541 0.328015 0.328842 0.328015 0.325541 0.321441 0.315749 0.308517 0.29981 0.289715 0.278333 0.265787 0.252216 0.237778 0.222645 0.207001 0.191041 0.17496 0.158958 0.143224 0.12794 0.113271 0.0993592 0.0863267 0.0742667 0.0632447 0.0532974 0.0444342 0.0366384 0.0298711 0.0240741 0.0191748 0.0150902 0.0117314 0.00900774 0.00682981 0.00511278 0.00377828 0.00275588 0.00198381 0.00140917 0.000987665 0.000682973 0.000465932 0.000313594 0.000208259 0.000136536 8.85034e-05 5.69608e-05 3.6819e-05 2.46062e-05 1.8098e-05 
2.10866e-05 2.37355e-05 3.21882e-05 4.80245e-05 7.40863e-05 0.000114797 0.000176621 0.000268667 0.00040344 0.000597739 0.000873671 0.00125975 0.00179203 0.00251514 0.00348321 0.00476045 0.00642127 0.00854991 0.0112392 0.0145888 0.0187021 0.023683 0.0296314 0.0366384 0.0447812 0.0541179 0.0646831 0.0764836 0.0894958 0.103664 0.118898 0.135079 0.152058 0.16966 0.18769 0.205941 0.224192 0.242225 0.25982 0.276769 0.292873 0.307951 0.321842 0.334403 0.345512 0.355067 0.362988 0.36921 0.373687 0.376386 0.377287 0.376386 0.373687 0.36921 0.362988 0.355067 0.345512 0.334403 0.321842 0.307951 0.292873 0.276769 0.25982 0.242225 0.224192 0.205941 0.18769 0.16966 0.152058 0.135079 0.118898 0.103664 0.0894958 0.0764836 0.0646831 0.0541179 0.0447812 0.0366384 0.0296314 0.023683 0.0187021 0.0145888 0.0112392 0.00854991 0.00642127 0.00476045 0.00348321 0.00251514 0.00179203 0.00125975 0.000873671 0.000597739 0.00040344 0.000268667 0.000176621 0.000114797 7.40863e-05 4.80245e-05 3.21882e-05 2.37355e-05 
2.73688e-05 3.07729e-05 4.16262e-05 6.1928e-05 9.52679e-05 0.000147218 0.000225895 0.000342691 0.000513188 0.00075822 0.00110508 0.00158879 0.00225339 0.0031531 0.00435328 0.00593089 0.00797452 0.0105836 0.0138667 0.0179391 0.0229191 0.0289235 0.0360626 0.0444342 0.0541179 0.0651692 0.0776146 0.0914473 0.106625 0.123067 0.140657 0.159245 0.178649 0.198663 0.219059 0.239601 0.260042 0.28014 0.299659 0.318375 0.336083 0.352596 0.367751 0.381408 0.393449 0.403778 0.41232 0.419018 0.42383 0.426728 0.427695 0.426728 0.42383 0.419018 0.41232 0.403778 0.393449 0.381408 0.367751 0.352596 0.336083 0.318375 0.299659 0.28014 0.260042 0.239601 0.219059 0.198663 0.178649 0.159245 0.140657 0.123067 0.106625 0.0914473 0.0776146 0.0651692 0.0541179 0.0444342 0.0360626 0.0289235 0.0229191 0.0179391 0.0138667 0.0105836 0.00797452 0.00593089 0.00435328 0.0031531 0.00225339 0.00158879 0.00110508 0.00075822 0.000513188 0.000342691 0.000225895 0.000147218 9.52679e-05 6.1928e-05 4.16262e-05 3.07729e-05 
3.51186e-05 3.9444e-05 5.32229e-05 7.89572e-05 0.00012113 0.000186682 0.000285689 0.000432244 0.00064554 0.000951128 0.00138232 0.00198165 0.0028023 0.00390939 0.00538089 0.00730798 0.00979485 0.0129574 0.016921 0.0218172 0.0277792 0.0349364 0.0434083 0.0532974 0.0646831 0.0776146 0.0921063 0.108133 0.125629 0.144486 0.164554 0.185649 0.207554 0.230027 0.25281 0.275634 0.29823 0.320334 0.341696 0.362083 0.381283 0.399113 0.41541 0.430042 0.442901 0.453899 0.462973 0.470072 0.475165 0.478229 0.479252 0.478229 0.475165 0.470072 0.462973 0.453899 0.442901 0.430042 0.41541 0.399113 0.381283 0.362083 0.341696 0.320334 0.29823 0.275634 0.25281 0.230027 0.207554 0.185649 0.164554 0.144486 0.125629 0.108133 0.0921063 0.0776146 0.0646831 0.0532974 0.0434083 0.0349364 0.0277792 0.0218172 0.016921 0.0129574 0.00979485 0.00730798 0.00538089 0.00390939 0.0028023 0.00198165 0.00138232 0.000951128 0.00064554 0.000432244 0.000285689 0.000186682 0.00012113 7.89572e-05 5.32229e-05 3.9444e-05 
4.45543e-05 4.9989e-05 6.72875e-05 9.9546e-05 0.000152301 0.000234104 0.000357325 0.000539205 0.000803125 0.00118008 0.00171027 0.00244479 0.00344715 0.00479466 0.00657927 0.00890781 0.0119013 0.0156932 0.0204264 0.0262492 0.0333093 0.0417477 0.0516912 0.0632447 0.0764836 0.0914473 0.108133 0.126494 0.146433 0.167811 0.190441 0.214101 0.238535 0.263466 0.288603 0.313649 0.338311 0.362309 0.385381 0.407291 0.427828 0.446811 0.46409 0.479544 0.493076 0.504615 0.514109 0.521522 0.526831 0.530021 0.531085 0.530021 0.526831 0.521522 0.514109 0.504615 0.493076 0.479544 0.46409 0.446811 0.427828 0.407291 0.385381 0.362309 0.338311 0.313649 0.288603 0.263466 0.238535 0.214101 0.190441 0.167811 0.146433 0.126494 0.108133 0.0914473 0.0764836 0.0632447 0.0516912 0.0417477 0.0333093 0.0262492 0.0204264 0.0156932 0.0119013 0.00890781 0.00657927 0.00479466 0.00344715 0.00244479 0.00171027 0.00118008 0.000803125 0.000539205 0.000357325 0.000234104 0.000152301 9.9546e-05 6.72875e-05 4.9989e-05 
5.58923e-05 6.26455e-05 8.41236e-05 0.000124116 0.000189388 0.000290357 0.00044205 0.000665328 0.000988371 0.00144836 0.00209331 0.0029839 0.00419517 0.00581789 0.00795931 0.0107431 0.0143083 0.0188068 0.0243994 0.0312508 0.0395227 0.0493661 0.0609128 0.0742667 0.0894958 0.106625 0.125629 0.146433 0.168908 0.192875 0.218108 0.244343 0.271286 0.298622 0.326028 0.35318 0.379767 0.405496 0.430099 0.45334 0.475015 0.494954 0.513023 0.529115 0.543154 0.555085 0.564874 0.5725 0.577951 0.581223 0.582314 0.581223 0.577951 0.5725 0.564874 0.555085 0.543154 0.529115 0.513023 0.494954 0.475015 0.45334 0.430099 0.405496 0.379767 0.35318 0.326028 0.298622 0.271286 0.244343 0.218108 0.192875 0.168908 0.146433 0.125629 0.106625 0.0894958 0.0742667 0.0609128 0.0493661 0.0395227 0.0312508 0.0243994 0.0188068 0.0143083 0.0107431 0.00795931 0.00581789 0.00419517 0.0029839 0.00209331 0.00144836 0.000988371 0.000665328 0.00044205 0.000290357 0.000189388 0.000124116 8.41236e-05 6.26455e-05 
6.93366e-05 7.76367e-05 0.000104014 0.000153057 0.000232941 0.000356227 0.00054097 0.000812149 0.00120336 0.00175876 0.00253505 0.00360356 0.00505201 0.0069858 0.00952871 0.0128224 0.0170246 0.0223063 0.0288463 0.0368251 0.0464171 0.0577812 0.0710513 0.0863267 0.103664 0.123067 0.144486 0.167811 0.192875 0.219457 0.247289 0.276062 0.305442 0.335078 0.364616 0.393711 0.422035 0.449286 0.475198 0.499541 0.522123 0.542793 0.561433 0.577962 0.592323 0.604486 0.614434 0.622165 0.62768 0.630987 0.632088 0.630987 0.62768 0.622165 0.614434 0.604486 0.592323 0.577962 0.561433 0.542793 0.522123 0.499541 0.475198 0.449286 0.422035 0.393711 0.364616 0.335078 0.305442 0.276062 0.247289 0.219457 0.192875 0.167811 0.144486 0.123067 0.103664 0.0863267 0.0710513 0.0577812 0.0464171 0.0368251 0.0288463 0.0223063 0.0170246 0.0128224 0.00952871 0.0069858 0.00505201 0.00360356 0.00253505 0.00175876 0.00120336 0.000812149 0.00054097 0.000356227 0.000232941 0.000153057 0.000104014 7.76367e-05 
8.50668e-05 9.51579e-05 0.000127203 0.000186698 0.000283424 0.000432359 0.000654978 0.000980874 0.0014497 0.00211331 0.00303804 0.00430684 0.00602117 0.0083022 0.0112912 0.0151488 0.020052 0.026191 0.0337622 0.0429612 0.0539729 0.0669616 0.0820602 0.0993592 0.118898 0.140657 0.164554 0.190441 0.218108 0.247289 0.277668 0.308894 0.340591 0.372375 0.403864 0.434693 0.464523 0.493053 0.520021 0.545209 0.568445 0.589599 0.60858 0.625331 0.639825 0.652052 0.662021 0.669746 0.675247 0.67854 0.679636 0.67854 0.675247 0.669746 0.662021 0.652052 0.639825 0.625331 0.60858 0.589599 0.568445 0.545209 0.520021 0.493053 0.464523 0.434693 0.403864 0.372375 0.340591 0.308894 0.277668 0.247289 0.218108 0.190441 0.164554 0.140657 0.118898 0.0993592 0.0820602 0.0669616 0.0539729 0.0429612 0.0337622 0.026191 0.020052 0.0151488 0.0112912 0.0083022 0.00602117 0.00430684 0.00303804 0.00211331 0.0014497 0.000980874 0.000654978 0.000432359 0.000283424 0.000186698 0.000127203 9.51579e-05 
0.000103225 0.000115362 0.000153878 0.000225289 0.000341169 0.000519205 0.000784669 0.00117227 0.00172832 0.00251315 0.00360351 0.00509495 0.00710362 0.00976742 0.013246 0.0177194 0.0233845 0.0304502 0.03913 0.0496328 0.0621522 0.0768548 0.0938684 0.113271 0.135079 0.159245 0.185649 0.214101 0.244343 0.276062 0.308894 0.342443 0.376295 0.410032 0.44325 0.475569 0.506647 0.536185 0.563933 0.589693 0.613317 0.634703 0.653789 0.670549 0.684984 0.697112 0.706965 0.714579 0.719988 0.723221 0.724296 0.723221 0.719988 0.714579 0.706965 0.697112 0.684984 0.670549 0.653789 0.634703 0.613317 0.589693 0.563933 0.536185 0.506647 0.475569 0.44325 0.410032 0.376295 0.342443 0.308894 0.276062 0.244343 0.214101 0.185649 0.159245 0.135079 0.113271 0.0938684 0.0768548 0.0621522 0.0496328 0.03913 0.0304502 0.0233845 0.0177194 0.013246 0.00976742 0.00710362 0.00509495 0.00360351 0.00251315 0.00172832 0.00117227 0.000784669 0.000519205 0.000341169 0.000225289 0.000153878 0.000115362 
0.0001239 0.000138346 0.00018415 0.000268965 0.000406346 0.000616966 0.000930269 0.00138656 0.00203939 0.00295825 0.0042311 0.0059669 0.00829735 0.0113778 0.015387 0.0205247 0.0270075 0.0350627 0.0449195 0.0567984 0.070899 0.0873868 0.106381 0.12794 0.152058 0.178649 0.207554 0.238535 0.271286 0.305442 0.340591 0.376295 0.412101 0.447564 0.48226 0.515802 0.547846 0.578106 0.60635 0.632405 0.656152 0.67752 0.696482 0.713045 0.727239 0.739114 0.748724 0.756127 0.761374 0.764505 0.765546 0.764505 0.761374 0.756127 0.748724 0.739114 0.727239 0.713045 0.696482 0.67752 0.656152 0.632405 0.60635 0.578106 0.547846 0.515802 0.48226 0.447564 0.412101 0.376295 0.340591 0.305442 0.271286 0.238535 0.207554 0.178649 0.152058 0.12794 0.106381 0.0873868 0.070899 0.0567984 0.0449195 0.0350627 0.0270075 0.0205247 0.015387 0.0113778 0.00829735 0.0059669 0.0042311 0.00295825 0.00203939 0.00138656 0.000930269 0.000616966 0.000406346 0.000268965 0.00018415 0.000138346 
0.000147119 0.000164131 0.000218038 0.000317727 0.000478924 0.000725546 0.00109156 0.00162332 0.00238216 0.00344731 0.00491867 0.00691928 0.00959707 0.0131255 0.0177025 0.0235479 0.0308975 0.0399962 0.0510874 0.0644009 0.0801392 0.0984634 0.119479 0.143224 0.16966 0.198663 0.230027 0.263466 0.298622 0.335078 0.372375 0.410032 0.447564 0.484501 0.520405 0.554887 0.587611 0.618305 0.646764 0.672843 0.696457 0.717573 0.736198 0.752373 0.766164 0.777646 0.786901 0.794006 0.799029 0.802021 0.803014 0.802021 0.799029 0.794006 0.786901 0.777646 0.766164 0.752373 0.736198 0.717573 0.696457 0.672843 0.646764 0.618305 0.587611 0.554887 0.520405 0.484501 0.447564 0.410032 0.372375 0.335078 0.298622 0.263466 0.230027 0.198663 0.16966 0.143224 0.119479 0.0984634 0.0801392 0.0644009 0.0510874 0.0399962 0.0308975 0.0235479 0.0177025 0.0131255 0.00959707 0.00691928 0.00491867 0.00344731 0.00238216 0.00162332 0.00109156 0.000725546 0.000478924 0.000317727 0.000218038 0.000164131 
0.000172828 0.000192656 0.000255446 0.00037142 0.000558639 0.000844507 0.00126784 0.00188141 0.00275482 0.0039776 0.00566209 0.00794601 0.010994 0.0149979 0.0201751 0.026765 0.0350222 0.0452079 0.0575776 0.0723682 0.0897822 0.109972 0.133027 0.158958 0.18769 0.219059 0.25281 0.288603 0.326028 0.364616 0.403864 0.44325 0.48226 0.520405 0.557241 0.592378 0.625497 0.656348 0.684753 0.710604 0.733853 0.754503 0.772601 0.788225 0.80147 0.812443 0.821248 0.827983 0.832731 0.835553 0.83649 0.835553 0.832731 0.827983 0.821248 0.812443 0.80147 0.788225 0.772601 0.754503 0.733853 0.710604 0.684753 0.656348 0.625497 0.592378 0.557241 0.520405 0.48226 0.44325 0.403864 0.364616 0.326028 0.288603 0.25281 0.219059 0.18769 0.158958 0.133027 0.109972 0.0897822 0.0723682 0.0575776 0.0452079 0.0350222 0.026765 0.0201751 0.0149979 0.010994 0.00794601 0.00566209 0.0039776 0.00275482 0.00188141 0.00126784 0.000844507 0.000558639 0.00037142 0.000255446 0.000192656 
0.000200887 0.000223761 0.000296154 0.000429711 0.000644973 0.000973042 0.00145785 0.00215893 0.00315454 0.00454489 0.00645524 0.00903831 0.0124757 0.0169779 0.0227814 0.0301449 0.0393406 0.0506443 0.0643222 0.0806152 0.0997226 0.121785 0.146871 0.17496 0.205941 0.239601 0.275634 0.313649 0.35318 0.393711 0.434693 0.475569 0.515802 0.554887 0.592378 0.627897 0.661141 0.69189 0.719998 0.745396 0.768074 0.788077 0.80549 0.820426 0.833013 0.843383 0.851665 0.857975 0.862409 0.86504 0.865912 0.86504 0.862409 0.857975 0.851665 0.843383 0.833013 0.820426 0.80549 0.788077 0.768074 0.745396 0.719998 0.69189 0.661141 0.627897 0.592378 0.554887 0.515802 0.475569 0.434693 0.393711 0.35318 0.313649 0.275634 0.239601 0.205941 0.17496 0.146871 0.121785 0.0997226 0.0806152 0.0643222 0.0506443 0.0393406 0.0301449 0.0227814 0.0169779 0.0124757 0.00903831 0.00645524 0.00454489 0.00315454 0.00215893 0.00145785 0.000973042 0.000644973 0.000429711 0.000296154 0.000223761 
0.000231061 0.000257185 0.000339813 0.000492083 0.00073714 0.00110995 0.00165978 0.00245318 0.00357733 0.00514345 0.00728992 0.0101847 0.0140265 0.019044 0.0254928 0.0336497 0.0438035 0.0562431 0.0712429 0.0890452 0.109843 0.133762 0.160845 0.191041 0.224192 0.260042 0.29823 0.338311 0.379767 0.422035 0.464523 0.506647 0.547846 0.587611 0.625497 0.661141 0.694267 0.724682 0.752282 0.777034 0.798973 0.818183 0.834787 0.848931 0.860775 0.870476 0.878184 0.884031 0.888127 0.890551 0.891353 0.890551 0.888127 0.884031 0.878184 0.870476 0.860775 0.848931 0.834787 0.818183 0.798973 0.777034 0.752282 0.724682 0.694267 0.661141 0.625497 0.587611 0.547846 0.506647 0.464523 0.422035 0.379767 0.338311 0.29823 0.260042 0.224192 0.191041 0.160845 0.133762 0.109843 0.0890452 0.0712429 0.0562431 0.0438035 0.0336497 0.0254928 0.019044 0.0140265 0.0101847 0.00728992 0.00514345 0.00357733 0.00245318 0.00165978 0.00110995 0.00073714 0.000492083 0.000339813 0.000257185 
