0.00137233 0.00139129 0.00144839 0.0015442 0.00167973 0.00185631 0.00207563 0.0023397 0.00265077 0.00301132 0.00342399 0.00389153 0.00441671 0.00500227 0.00565085 0.00636486 0.00714648 0.00799749 0.00891924 0.00991258 0.0109777 0.0121142 0.0133209 0.0145958 0.0159361 0.017338 0.0187971 0.0203077 0.0218634 0.023457 0.0250803 0.0267244 0.0283796 0.0300357 0.0316818 0.0333067 0.0348988 0.0364464 0.0379377 0.0393612 0.0407053 0.041959 0.0431119 0.0441543 0.045077 0.0458722 0.0465326 0.0470526 0.0474274 0.0476536 0.0477292 0.0476536 0.0474274 0.0470526 0.0465326 0.0458722 0.045077 0.0441543 0.0431119 0.041959 0.0407053 0.0393612 0.0379377 0.0364464 0.0348988 0.0333067 0.0316818 0.0300357 0.0283796 0.0267244 0.0250803 0.023457 0.0218634 0.0203077 0.0187971 0.017338 0.0159361 0.0145958 0.0133209 0.0121142 0.0109777 0.00991258 0.00891924 0.00799749 0.00714648 0.00636486 0.00565085 0.00500227 0.00441671 0.00389153 0.00342399 0.00301132 0.00265077 0.0023397 0.00207563 0.00185631 0.00167973 0.0015442 0.00144839 0.00139129 
0.00139129 0.0014105 0.00146831 0.00156534 0.00170258 0.00188138 0.00210345 0.00237082 0.00268575 0.00305075 0.00346848 0.00394172 0.00447326 0.00506586 0.00572217 0.00644464 0.00723544 0.00809636 0.00902878 0.0100335 0.0111108 0.0122601 0.0134803 0.0147693 0.0161244 0.0175416 0.0190164 0.0205433 0.0221156 0.0237261 0.0253664 0.0270277 0.0287 0.0303731 0.0320361 0.0336775 0.0352857 0.0368488 0.038355 0.0397926 0.04115 0.0424161 0.0435803 0.0446328 0.0455645 0.0463674 0.0470342 0.0475592 0.0479376 0.048166 0.0482424 0.048166 0.0479376 0.0475592 0.0470342 0.0463674 0.0455645 0.0446328 0.0435803 0.0424161 0.04115 0.0397926 0.038355 0.0368488 0.0352857 0.0336775 0.0320361 0.0303731 0.0287 0.0270277 0.0253664 0.0237261 0.0221156 0.0205433 0.0190164 0.0175416 0.0161244 0.0147693 0.0134803 0.0122601 0.0111108 0.0100335 0.00902878 0.00809636 0.00723544 0.00644464 0.00572217 0.00506586 0.00447326 0.00394172 0.00346848 0.00305075 0.00268575 0.00237082 0.00210345 0.00188138 0.00170258 0.00156534 0.00146831 0.0014105 
0.00144839 0.00146831 0.00152831 0.00162898 0.00177136 0.00195685 0.00218719 0.00246447 0.00279101 0.0031694 0.00360236 0.00409273 0.00464338 0.00525715 0.00593672 0.0066846 0.00750299 0.00839373 0.00935817 0.0103971 0.0115108 0.0126986 0.0139594 0.015291 0.0166903 0.0181536 0.0196759 0.0212515 0.0228736 0.0245348 0.0262263 0.0279391 0.0296629 0.0313872 0.0331006 0.0347915 0.0364479 0.0380577 0.0396086 0.0410886 0.0424858 0.0437889 0.0449871 0.0460701 0.0470288 0.0478548 0.0485409 0.0490809 0.0494702 0.0497052 0.0497837 0.0497052 0.0494702 0.0490809 0.0485409 0.0478548 0.0470288 0.0460701 0.0449871 0.0437889 0.0424858 0.0410886 0.0396086 0.0380577 0.0364479 0.0347915 0.0331006 0.0313872 0.0296629 0.0279391 0.0262263 0.0245348 0.0228736 0.0212515 0.0196759 0.0181536 0.0166903 0.015291 0.0139594 0.0126986 0.0115108 0.0103971 0.00935817 0.00839373 0.00750299 0.0066846 0.00593672 0.00525715 0.00464338 0.00409273 0.00360236 0.0031694 0.00279101 0.00246447 0.00218719 0.00195685 0.00177136 0.00162898 0.00152831 0.00146831 
0.0015442 0.00156534 0.00162898 0.00173577 0.00188677 0.00208346 0.00232765 0.00262153 0.00296752 0.00336832 0.00382678 0.00434584 0.0049285 0.00557768 0.00629618 0.00708658 0.00795115 0.00889176 0.00990976 0.011006 0.0121805 0.0134328 0.0147613 0.0161639 0.0176374 0.0191775 0.0207791 0.0224361 0.0241415 0.0258872 0.0276643 0.029463 0.0312728 0.0330824 0.0348801 0.0366537 0.0383906 0.0400781 0.0417035 0.0432542 0.0447179 0.0460828 0.0473375 0.0484715 0.0494751 0.0503397 0.0510577 0.0516229 0.0520303 0.0522762 0.0523584 0.0522762 0.0520303 0.0516229 0.0510577 0.0503397 0.0494751 0.0484715 0.0473375 0.0460828 0.0447179 0.0432542 0.0417035 0.0400781 0.0383906 0.0366537 0.0348801 0.0330824 0.0312728 0.029463 0.0276643 0.0258872 0.0241415 0.0224361 0.0207791 0.0191775 0.0176374 0.0161639 0.0147613 0.0134328 0.0121805 0.011006 0.00990976 0.00889176 0.00795115 0.00708658 0.00629618 0.00557768 0.0049285 0.00434584 0.00382678 0.00336832 0.00296752 0.00262153 0.00232765 0.00208346 0.00188677 0.00173577 0.00162898 0.00156534 
0.00167973 0.00170258 0.00177136 0.00188677 0.00204994 0.00226242 0.00252616 0.00284344 0.00321687 0.00364927 0.00414367 0.00470317 0.00533092 0.00602999 0.00680333 0.00765362 0.0085832 0.009594 0.0106874 0.0118642 0.0131243 0.0144672 0.0158911 0.0173936 0.0189711 0.0206191 0.0223322 0.0241037 0.0259259 0.0277904 0.0296875 0.0316068 0.0335371 0.0354664 0.0373823 0.0392718 0.0411215 0.042918 0.0446479 0.0462977 0.0478546 0.0493059 0.0506398 0.0518451 0.0529117 0.0538303 0.0545932 0.0551936 0.0556263 0.0558874 0.0559747 0.0558874 0.0556263 0.0551936 0.0545932 0.0538303 0.0529117 0.0518451 0.0506398 0.0493059 0.0478546 0.0462977 0.0446479 0.042918 0.0411215 0.0392718 0.0373823 0.0354664 0.0335371 0.0316068 0.0296875 0.0277904 0.0259259 0.0241037 0.0223322 0.0206191 0.0189711 0.0173936 0.0158911 0.0144672 0.0131243 0.0118642 0.0106874 0.009594 0.0085832 0.00765362 0.00680333 0.00602999 0.00533092 0.00470317 0.00414367 0.00364927 0.00321687 0.00284344 0.00252616 0.00226242 0.00204994 0.00188677 0.00177136 0.00170258 
0.00185631 0.00188138 0.00195685 0.00208346 0.00226242 0.00249541 0.00278451 0.00313218 0.00354121 0.00401462 0.00455564 0.00516758 0.0058538 0.00661756 0.00746196 0.00838983 0.00940362 0.0105053 0.0116963 0.0129773 0.0143482 0.0158082 0.0173554 0.018987 0.020699 0.0224865 0.0243435 0.0262626 0.0282357 0.0302534 0.0323053 0.0343801 0.0364658 0.0385495 0.0406176 0.0426564 0.0446514 0.0465882 0.0484525 0.05023 0.0519067 0.0534693 0.054905 0.0562021 0.0573496 0.0583378 0.0591582 0.0598039 0.0602692 0.0605499 0.0606438 0.0605499 0.0602692 0.0598039 0.0591582 0.0583378 0.0573496 0.0562021 0.054905 0.0534693 0.0519067 0.05023 0.0484525 0.0465882 0.0446514 0.0426564 0.0406176 0.0385495 0.0364658 0.0343801 0.0323053 0.0302534 0.0282357 0.0262626 0.0243435 0.0224865 0.020699 0.018987 0.0173554 0.0158082 0.0143482 0.0129773 0.0116963 0.0105053 0.00940362 0.00838983 0.00746196 0.00661756 0.0058538 0.00516758 0.00455564 0.00401462 0.00354121 0.00313218 0.00278451 0.00249541 0.00226242 0.00208346 0.00195685 0.00188138 
0.00207563 0.00210345 0.00218719 0.00232765 0.00252616 0.00278451 0.00310498 0.00349022 0.00394325 0.00446733 0.00506595 0.00574267 0.00650107 0.00734467 0.00827675 0.00930032 0.0104179 0.0116317 0.0129429 0.0143523 0.0158596 0.0174638 0.0191626 0.020953 0.0228303 0.0247893 0.026823 0.0289235 0.0310817 0.0332874 0.0355292 0.0377948 0.040071 0.0423438 0.0445985 0.0468201 0.048993 0.0511017 0.0531305 0.055064 0.0568874 0.058586 0.0601464 0.0615556 0.062802 0.0638751 0.064766 0.065467 0.065972 0.0662768 0.0663787 0.0662768 0.065972 0.065467 0.064766 0.0638751 0.062802 0.0615556 0.0601464 0.058586 0.0568874 0.055064 0.0531305 0.0511017 0.048993 0.0468201 0.0445985 0.0423438 0.040071 0.0377948 0.0355292 0.0332874 0.0310817 0.0289235 0.026823 0.0247893 0.0228303 0.020953 0.0191626 0.0174638 0.0158596 0.0143523 0.0129429 0.0116317 0.0104179 0.00930032 0.00827675 0.00734467 0.00650107 0.00574267 0.00506595 0.00446733 0.00394325 0.00349022 0.00310498 0.00278451 0.00252616 0.00232765 0.00218719 0.00210345 
0.0023397 0.00237082 0.00246447 0.00262153 0.00284344 0.00313218 0.00349022 0.00392046 0.00442617 0.0050109 0.00567843 0.00643262 0.00727734 0.00821636 0.0092532 0.010391 0.0116326 0.01298 0.0144346 0.0159971 0.017667 0.0194429 0.0213224 0.0233016 0.0253757 0.0275385 0.0297823 0.0320983 0.0344764 0.0369053 0.0393725 0.0418643 0.0443664 0.0468633 0.0493391 0.0517772 0.0541607 0.0564727 0.0586962 0.0608144 0.0628111 0.0646707 0.0663782 0.0679199 0.0692832 0.0704568 0.0714308 0.072197 0.0727491 0.0730822 0.0731936 0.0730822 0.0727491 0.072197 0.0714308 0.0704568 0.0692832 0.0679199 0.0663782 0.0646707 0.0628111 0.0608144 0.0586962 0.0564727 0.0541607 0.0517772 0.0493391 0.0468633 0.0443664 0.0418643 0.0393725 0.0369053 0.0344764 0.0320983 0.0297823 0.0275385 0.0253757 0.0233016 0.0213224 0.0194429 0.017667 0.0159971 0.0144346 0.01298 0.0116326 0.010391 0.0092532 0.00821636 0.00727734 0.00643262 0.00567843 0.0050109 0.00442617 0.00392046 0.00349022 0.00313218 0.00284344 0.00262153 0.00246447 0.00237082 
0.00265077 0.00268575 0.00279101 0.00296752 0.00321687 0.00354121 0.00394325 0.00442617 0.00499353 0.00564923 0.00639737 0.00724214 0.00818774 0.00923824 0.0103974 0.0116687 0.0130548 0.0145581 0.0161799 0.0179207 0.0197798 0.0217556 0.0238452 0.0260441 0.0283468 0.0307463 0.033234 0.0358 0.0384332 0.0411208 0.0438491 0.046603 0.0493665 0.0521228 0.0548542 0.0575426 0.0601696 0.0627165 0.0651648 0.0674962 0.069693 0.0717381 0.0736155 0.0753101 0.0768081 0.0780974 0.0791672 0.0800087 0.080615 0.0809807 0.081103 0.0809807 0.080615 0.0800087 0.0791672 0.0780974 0.0768081 0.0753101 0.0736155 0.0717381 0.069693 0.0674962 0.0651648 0.0627165 0.0601696 0.0575426 0.0548542 0.0521228 0.0493665 0.046603 0.0438491 0.0411208 0.0384332 0.0358 0.033234 0.0307463 0.0283468 0.0260441 0.0238452 0.0217556 0.0197798 0.0179207 0.0161799 0.0145581 0.0130548 0.0116687 0.0103974 0.00923824 0.00818774 0.00724214 0.00639737 0.00564923 0.00499353 0.00442617 0.00394325 0.00354121 0.00321687 0.00296752 0.00279101 0.00268575 
0.00301132 0.00305075 0.0031694 0.00336832 0.00364927 0.00401462 0.00446733 0.0050109 0.00564923 0.00638658 0.00722741 0.00817632 0.00923784 0.0104164 0.011716 0.0131403 0.0146923 0.0163742 0.0181875 0.0201324 0.0222081 0.0244126 0.0267422 0.0291921 0.0317558 0.0344254 0.0371913 0.0400423 0.042966 0.0459482 0.0489736 0.0520255 0.0550863 0.0581373 0.061159 0.0641316 0.0670348 0.0698481 0.0725513 0.0751243 0.0775478 0.0798031 0.0818728 0.0837403 0.0853908 0.086811 0.0879892 0.0889159 0.0895834 0.0899861 0.0901207 0.0899861 0.0895834 0.0889159 0.0879892 0.086811 0.0853908 0.0837403 0.0818728 0.0798031 0.0775478 0.0751243 0.0725513 0.0698481 0.0670348 0.0641316 0.061159 0.0581373 0.0550863 0.0520255 0.0489736 0.0459482 0.042966 0.0400423 0.0371913 0.0344254 0.0317558 0.0291921 0.0267422 0.0244126 0.0222081 0.0201324 0.0181875 0.0163742 0.0146923 0.0131403 0.011716 0.0104164 0.00923784 0.00817632 0.00722741 0.00638658 0.00564923 0.0050109 0.00446733 0.00401462 0.00364927 0.00336832 0.0031694 0.00305075 
0.00342399 0.00346848 0.00360236 0.00382678 0.00414367 0.00455564 0.00506595 0.00567843 0.00639737 0.00722741 0.00817346 0.00924049 0.0104334 0.0117571 0.0132157 0.0148133 0.0165529 0.0184369 0.0204665 0.022642 0.0249622 0.0274245 0.0300248 0.0327574 0.035615 0.0385885 0.0416672 0.0448386 0.0480885 0.0514014 0.0547601 0.0581462 0.0615401 0.0649211 0.0682679 0.0715585 0.0747705 0.0778816 0.0808695 0.0837123 0.0863888 0.0888788 0.0911629 0.0932233 0.0950438 0.0966099 0.097909 0.0989305 0.0996662 0.10011 0.100258 0.10011 0.0996662 0.0989305 0.097909 0.0966099 0.0950438 0.0932233 0.0911629 0.0888788 0.0863888 0.0837123 0.0808695 0.0778816 0.0747705 0.0715585 0.0682679 0.0649211 0.0615401 0.0581462 0.0547601 0.0514014 0.0480885 0.0448386 0.0416672 0.0385885 0.035615 0.0327574 0.0300248 0.0274245 0.0249622 0.022642 0.0204665 0.0184369 0.0165529 0.0148133 0.0132157 0.0117571 0.0104334 0.00924049 0.00817346 0.00722741 0.00639737 0.00567843 0.00506595 0.00455564 0.00414367 0.00382678 0.00360236 0.00346848 
0.00389153 0.00394172 0.00409273 0.00434584 0.00470317 0.00516758 0.00574267 0.00643262 0.00724214 0.00817632 0.00924049 0.0104401 0.0117804 0.0132667 0.0149036 0.0166951 0.0186447 0.0207546 0.0230261 0.0254591 0.0280521 0.030802 0.033704 0.0367516 0.0399363 0.043248 0.0466744 0.0502016 0.0538138 0.0574936 0.0612219 0.0649783 0.068741 0.0724873 0.0761936 0.0798357 0.083389 0.0868289 0.0901311 0.0932716 0.0962272 0.0989756 0.101496 0.103769 0.105777 0.107504 0.108936 0.110061 0.110872 0.111361 0.111525 0.111361 0.110872 0.110061 0.108936 0.107504 0.105777 0.103769 0.101496 0.0989756 0.0962272 0.0932716 0.0901311 0.0868289 0.083389 0.0798357 0.0761936 0.0724873 0.068741 0.0649783 0.0612219 0.0574936 0.0538138 0.0502016 0.0466744 0.043248 0.0399363 0.0367516 0.033704 0.030802 0.0280521 0.0254591 0.0230261 0.0207546 0.0186447 0.0166951 0.0149036 0.0132667 0.0117804 0.0104401 0.00924049 0.00817632 0.00724214 0.00643262 0.00574267 0.00516758 0.00470317 0.00434584 0.00409273 0.00394172 
0.00441671 0.00447326 0.00464338 0.0049285 0.00533092 0.0058538 0.00650107 0.00727734 0.00818774 0.00923784 0.0104334 0.0117804 0.0132846 0.0149516 0.0167862 0.018793 0.0209753 0.0233356 0.0258748 0.0285928 0.0314875 0.0345552 0.0377903 0.0411853 0.0447307 0.0484149 0.0522241 0.0561428 0.0601533 0.0642362 0.0683703 0.0725329 0.0767 0.0808465 0.0849465 0.0889731 0.0928997 0.0966991 0.100345 0.10381 0.10707 0.110101 0.112879 0.115384 0.117595 0.119497 0.121074 0.122314 0.123206 0.123744 0.123924 0.123744 0.123206 0.122314 0.121074 0.119497 0.117595 0.115384 0.112879 0.110101 0.10707 0.10381 0.100345 0.0966991 0.0928997 0.0889731 0.0849465 0.0808465 0.0767 0.0725329 0.0683703 0.0642362 0.0601533 0.0561428 0.0522241 0.0484149 0.0447307 0.0411853 0.0377903 0.0345552 0.0314875 0.0285928 0.0258748 0.0233356 0.0209753 0.018793 0.0167862 0.0149516 0.0132846 0.0117804 0.0104334 0.00923784 0.00818774 0.00727734 0.00650107 0.0058538 0.00533092 0.0049285 0.00464338 0.00447326 
0.00500227 0.00506586 0.00525715 0.00557768 0.00602999 0.00661756 0.00734467 0.00821636 0.00923824 0.0104164 0.0117571 0.0132667 0.0149516 0.0168176 0.0188701 0.0211138 0.0235521 0.0261874 0.0290208 0.0320514 0.0352769 0.0386928 0.0422927 0.0460679 0.0500077 0.0540988 0.058326 0.0626717 0.0671163 0.0716382 0.0762139 0.0808184 0.085425 0.0900062 0.0945334 0.0989772 0.103308 0.107497 0.111514 0.115332 0.118921 0.122257 0.125313 0.128068 0.1305 0.132591 0.134324 0.135686 0.136667 0.137258 0.137456 0.137258 0.136667 0.135686 0.134324 0.132591 0.1305 0.128068 0.125313 0.122257 0.118921 0.115332 0.111514 0.107497 0.103308 0.0989772 0.0945334 0.0900062 0.085425 0.0808184 0.0762139 0.0716382 0.0671163 0.0626717 0.058326 0.0540988 0.0500077 0.0460679 0.0422927 0.0386928 0.0352769 0.0320514 0.0290208 0.0261874 0.0235521 0.0211138 0.0188701 0.0168176 0.0149516 0.0132667 0.0117571 0.0104164 0.00923824 0.00821636 0.00734467 0.00661756 0.00602999 0.00557768 0.00525715 0.00506586 
0.00565085 0.00572217 0.00593672 0.00629618 0.00680333 0.00746196 0.00827675 0.0092532 0.0103974 0.011716 0.0132157 0.0149036 0.0167862 0.0188701 0.0211609 0.0236634 0.0263812 0.0293168 0.0324707 0.0358421 0.0394277 0.0432224 0.0472188 0.051407 0.0557746 0.060307 0.064987 0.069795 0.0747092 0.0797056 0.0847583 0.0898396 0.0949202 0.0999698 0.104957 0.10985 0.114616 0.119223 0.12364 0.127834 0.131777 0.135439 0.138795 0.141817 0.144485 0.146778 0.148679 0.150172 0.151247 0.151895 0.152112 0.151895 0.151247 0.150172 0.148679 0.146778 0.144485 0.141817 0.138795 0.135439 0.131777 0.127834 0.12364 0.119223 0.114616 0.10985 0.104957 0.0999698 0.0949202 0.0898396 0.0847583 0.0797056 0.0747092 0.069795 0.064987 0.060307 0.0557746 0.051407 0.0472188 0.0432224 0.0394277 0.0358421 0.0324707 0.0293168 0.0263812 0.0236634 0.0211609 0.0188701 0.0167862 0.0149036 0.0132157 0.011716 0.0103974 0.0092532 0.00827675 0.00746196 0.00680333 0.00629618 0.00593672 0.00572217 
0.00636486 0.00644464 0.0066846 0.00708658 0.00765362 0.00838983 0.00930032 0.010391 0.0116687 0.0131403 0.0148133 0.0166951 0.018793 0.0211138 0.0236634 0.0264468 0.029468 0.0327289 0.0362302 0.0399703 0.0439454 0.0481495 0.0525739 0.0572075 0.0620364 0.0670441 0.0722113 0.0775163 0.082935 0.0884407 0.0940049 0.0995971 0.105185 0.110736 0.116215 0.121587 0.126818 0.131871 0.136713 0.14131 0.145629 0.149639 0.153312 0.15662 0.159538 0.162046 0.164124 0.165757 0.166932 0.167641 0.167878 0.167641 0.166932 0.165757 0.164124 0.162046 0.159538 0.15662 0.153312 0.149639 0.145629 0.14131 0.136713 0.131871 0.126818 0.121587 0.116215 0.110736 0.105185 0.0995971 0.0940049 0.0884407 0.082935 0.0775163 0.0722113 0.0670441 0.0620364 0.0572075 0.0525739 0.0481495 0.0439454 0.0399703 0.0362302 0.0327289 0.029468 0.0264468 0.0236634 0.0211138 0.018793 0.0166951 0.0148133 0.0131403 0.0116687 0.010391 0.00930032 0.00838983 0.00765362 0.00708658 0.0066846 0.00644464 
0.00714648 0.00723544 0.00750299 0.00795115 0.0085832 0.00940362 0.0104179 0.0116326 0.0130548 0.0146923 0.0165529 0.0186447 0.0209753 0.0235521 0.0263812 0.029468 0.0328161 0.0364277 0.040303 0.0444397 0.0488335 0.0534771 0.0583609 0.063472 0.0687949 0.0743111 0.0799993 0.0858353 0.0917924 0.0978412 0.10395 0.110087 0.116214 0.122298 0.128299 0.13418 0.139903 0.145429 0.150722 0.155744 0.160461 0.164839 0.168847 0.172455 0.175638 0.178373 0.180638 0.182418 0.183698 0.184471 0.184729 0.184471 0.183698 0.182418 0.180638 0.178373 0.175638 0.172455 0.168847 0.164839 0.160461 0.155744 0.150722 0.145429 0.139903 0.13418 0.128299 0.122298 0.116214 0.110087 0.10395 0.0978412 0.0917924 0.0858353 0.0799993 0.0743111 0.0687949 0.063472 0.0583609 0.0534771 0.0488335 0.0444397 0.040303 0.0364277 0.0328161 0.029468 0.0263812 0.0235521 0.0209753 0.0186447 0.0165529 0.0146923 0.0130548 0.0116326 0.0104179 0.00940362 0.0085832 0.00795115 0.00750299 0.00723544 
0.00799749 0.00809636 0.00839373 0.00889176 0.009594 0.0105053 0.0116317 0.01298 0.0145581 0.0163742 0.0184369 0.0207546 0.0233356 0.0261874 0.0293168 0.0327289 0.0364277 0.040415 0.0446905 0.0492515 0.0540926 0.0592056 0.0645793 0.0701994 0.0760483 0.0821056 0.0883474 0.0947472 0.101275 0.1079 0.114586 0.121298 0.127996 0.134642 0.141194 0.147611 0.153853 0.159877 0.165644 0.171113 0.176248 0.181012 0.185371 0.189295 0.192756 0.195727 0.198189 0.200122 0.201514 0.202352 0.202633 0.202352 0.201514 0.200122 0.198189 0.195727 0.192756 0.189295 0.185371 0.181012 0.176248 0.171113 0.165644 0.159877 0.153853 0.147611 0.141194 0.134642 0.127996 0.121298 0.114586 0.1079 0.101275 0.0947472 0.0883474 0.0821056 0.0760483 0.0701994 0.0645793 0.0592056 0.0540926 0.0492515 0.0446905 0.040415 0.0364277 0.0327289 0.0293168 0.0261874 0.0233356 0.0207546 0.0184369 0.0163742 0.0145581 0.01298 0.0116317 0.0105053 0.009594 0.00889176 0.00839373 0.00809636 
0.00891924 0.00902878 0.00935817 0.00990976 0.0106874 0.0116963 0.0129429 0.0144346 0.0161799 0.0181875 0.0204665 0.0230261 0.0258748 0.0290208 0.0324707 0.0362302 0.040303 0.0446905 0.0493922 0.0544044 0.0597209 0.0653322 0.0712256 0.077385 0.0837909 0.0904204 0.0972474 0.104242 0.111373 0.118604 0.125898 0.133214 0.140512 0.147748 0.154878 0.161858 0.168642 0.175187 0.181449 0.187386 0.192957 0.198123 0.20285 0.207102 0.210851 0.21407 0.216736 0.218829 0.220336 0.221244 0.221547 0.221244 0.220336 0.218829 0.216736 0.21407 0.210851 0.207102 0.20285 0.198123 0.192957 0.187386 0.181449 0.175187 0.168642 0.161858 0.154878 0.147748 0.140512 0.133214 0.125898 0.118604 0.111373 0.104242 0.0972474 0.0904204 0.0837909 0.077385 0.0712256 0.0653322 0.0597209 0.0544044 0.0493922 0.0446905 0.040303 0.0362302 0.0324707 0.0290208 0.0258748 0.0230261 0.0204665 0.0181875 0.0161799 0.0144346 0.0129429 0.0116963 0.0106874 0.00990976 0.00935817 0.00902878 
0.00991258 0.0100335 0.0103971 0.011006 0.0118642 0.0129773 0.0143523 0.0159971 0.0179207 0.0201324 0.022642 0.0254591 0.0285928 0.0320514 0.0358421 0.0399703 0.0444397 0.0492515 0.0544044 0.0598941 0.0657131 0.0718507 0.0782924 0.0850202 0.0920126 0.0992441 0.106686 0.114306 0.122068 0.129935 0.137864 0.145814 0.153738 0.16159 0.169323 0.176888 0.184238 0.191324 0.198101 0.204522 0.210546 0.21613 0.221236 0.225829 0.229877 0.233351 0.236228 0.238487 0.240112 0.241091 0.241419 0.241091 0.240112 0.238487 0.236228 0.233351 0.229877 0.225829 0.221236 0.21613 0.210546 0.204522 0.198101 0.191324 0.184238 0.176888 0.169323 0.16159 0.153738 0.145814 0.137864 0.129935 0.122068 0.114306 0.106686 0.0992441 0.0920126 0.0850202 0.0782924 0.0718507 0.0657131 0.0598941 0.0544044 0.0492515 0.0444397 0.0399703 0.0358421 0.0320514 0.0285928 0.0254591 0.022642 0.0201324 0.0179207 0.0159971 0.0143523 0.0129773 0.0118642 0.011006 0.0103971 0.0100335 
0.0109777 0.0111108 0.0115108 0.0121805 0.0131243 0.0143482 0.0158596 0.017667 0.0197798 0.0222081 0.0249622 0.0280521 0.0314875 0.0352769 0.0394277 0.0439454 0.0488335 0.0540926 0.0597209 0.0657131 0.0720606 0.078751 0.0857681 0.093092 0.100699 0.10856 0.116645 0.124917 0.133338 0.141867 0.150459 0.159066 0.167641 0.176133 0.18449 0.192662 0.200596 0.208243 0.215551 0.222473 0.228963 0.234977 0.240475 0.245418 0.249773 0.253511 0.256605 0.259033 0.26078 0.261833 0.262185 0.261833 0.26078 0.259033 0.256605 0.253511 0.249773 0.245418 0.240475 0.234977 0.228963 0.222473 0.215551 0.208243 0.200596 0.192662 0.18449 0.176133 0.167641 0.159066 0.150459 0.141867 0.133338 0.124917 0.116645 0.10856 0.100699 0.093092 0.0857681 0.078751 0.0720606 0.0657131 0.0597209 0.0540926 0.0488335 0.0439454 0.0394277 0.0352769 0.0314875 0.0280521 0.0249622 0.0222081 0.0197798 0.017667 0.0158596 0.0143482 0.0131243 0.0121805 0.0115108 0.0111108 
0.0121142 0.0122601 0.0126986 0.0134328 0.0144672 0.0158082 0.0174638 0.0194429 0.0217556 0.0244126 0.0274245 0.030802 0.0345552 0.0386928 0.0432224 0.0481495 0.0534771 0.0592056 0.0653322 0.0718507 0.078751 0.0860192 0.0936372 0.101583 0.109829 0.118346 0.127099 0.136049 0.145155 0.15437 0.163647 0.172935 0.182182 0.191333 0.200335 0.209131 0.217668 0.22589 0.233744 0.24118 0.248149 0.254603 0.260501 0.265803 0.270473 0.274479 0.277794 0.280397 0.282268 0.283396 0.283773 0.283396 0.282268 0.280397 0.277794 0.274479 0.270473 0.265803 0.260501 0.254603 0.248149 0.24118 0.233744 0.22589 0.217668 0.209131 0.200335 0.191333 0.182182 0.172935 0.163647 0.15437 0.145155 0.136049 0.127099 0.118346 0.109829 0.101583 0.0936372 0.0860192 0.078751 0.0718507 0.0653322 0.0592056 0.0534771 0.0481495 0.0432224 0.0386928 0.0345552 0.030802 0.0274245 0.0244126 0.0217556 0.0194429 0.0174638 0.0158082 0.0144672 0.0134328 0.0126986 0.0122601 
0.0133209 0.0134803 0.0139594 0.0147613 0.0158911 0.0173554 0.0191626 0.0213224 0.0238452 0.0267422 0.0300248 0.033704 0.0377903 0.0422927 0.0472188 0.0525739 0.0583609 0.0645793 0.0712256 0.0782924 0.0857681 0.0936372 0.101879 0.11047 0.11938 0.128576 0.13802 0.147671 0.157482 0.167405 0.177387 0.187376 0.197313 0.207142 0.216805 0.226241 0.235393 0.244203 0.252616 0.260576 0.268032 0.274936 0.281241 0.286908 0.291897 0.296176 0.299717 0.302495 0.304493 0.305697 0.3061 0.305697 0.304493 0.302495 0.299717 0.296176 0.291897 0.286908 0.281241 0.274936 0.268032 0.260576 0.252616 0.244203 0.235393 0.226241 0.216805 0.207142 0.197313 0.187376 0.177387 0.167405 0.157482 0.147671 0.13802 0.128576 0.11938 0.11047 0.101879 0.0936372 0.0857681 0.0782924 0.0712256 0.0645793 0.0583609 0.0525739 0.0472188 0.0422927 0.0377903 0.033704 0.0300248 0.0267422 0.0238452 0.0213224 0.0191626 0.0173554 0.0158911 0.0147613 0.0139594 0.0134803 
0.0145958 0.0147693 0.015291 0.0161639 0.0173936 0.018987 0.020953 0.0233016 0.0260441 0.0291921 0.0327574 0.0367516 0.0411853 0.0460679 0.051407 0.0572075 0.063472 0.0701994 0.077385 0.0850202 0.093092 0.101583 0.11047 0.119727 0.129321 0.139217 0.149372 0.159743 0.170278 0.180927 0.191633 0.202338 0.212981 0.223502 0.233838 0.243926 0.253705 0.263113 0.272092 0.280584 0.288535 0.295893 0.302612 0.308647 0.313959 0.318514 0.322282 0.325238 0.327364 0.328645 0.329072 0.328645 0.327364 0.325238 0.322282 0.318514 0.313959 0.308647 0.302612 0.295893 0.288535 0.280584 0.272092 0.263113 0.253705 0.243926 0.233838 0.223502 0.212981 0.202338 0.191633 0.180927 0.170278 0.159743 0.149372 0.139217 0.129321 0.119727 0.11047 0.101583 0.093092 0.0850202 0.077385 0.0701994 0.063472 0.0572075 0.051407 0.0460679 0.0411853 0.0367516 0.0327574 0.0291921 0.0260441 0.0233016 0.020953 0.018987 0.0173936 0.0161639 0.015291 0.0147693 
0.0159361 0.0161244 0.0166903 0.0176374 0.0189711 0.020699 0.0228303 0.0253757 0.0283468 0.0317558 0.035615 0.0399363 0.0447307 0.0500077 0.0557746 0.0620364 0.0687949 0.0760483 0.0837909 0.0920126 0.100699 0.109829 0.11938 0.129321 0.139618 0.150231 0.161115 0.172221 0.183497 0.194886 0.206329 0.217763 0.229125 0.240348 0.251367 0.262116 0.272529 0.282542 0.292093 0.301121 0.309571 0.317387 0.324521 0.330926 0.336563 0.341395 0.345391 0.348525 0.350779 0.352137 0.35259 0.352137 0.350779 0.348525 0.345391 0.341395 0.336563 0.330926 0.324521 0.317387 0.309571 0.301121 0.292093 0.282542 0.272529 0.262116 0.251367 0.240348 0.229125 0.217763 0.206329 0.194886 0.183497 0.172221 0.161115 0.150231 0.139618 0.129321 0.11938 0.109829 0.100699 0.0920126 0.0837909 0.0760483 0.0687949 0.0620364 0.0557746 0.0500077 0.0447307 0.0399363 0.035615 0.0317558 0.0283468 0.0253757 0.0228303 0.020699 0.0189711 0.0176374 0.0166903 0.0161244 
0.017338 0.0175416 0.0181536 0.0191775 0.0206191 0.0224865 0.0247893 0.0275385 0.0307463 0.0344254 0.0385885 0.043248 0.0484149 0.0540988 0.060307 0.0670441 0.0743111 0.0821056 0.0904204 0.0992441 0.10856 0.118346 0.128576 0.139217 0.150231 0.161574 0.1732 0.185056 0.197085 0.209225 0.221415 0.233588 0.245675 0.257608 0.269317 0.280731 0.291783 0.302404 0.312529 0.322096 0.331045 0.33932 0.346869 0.353645 0.359606 0.364714 0.368938 0.37225 0.374631 0.376066 0.376545 0.376066 0.374631 0.37225 0.368938 0.364714 0.359606 0.353645 0.346869 0.33932 0.331045 0.322096 0.312529 0.302404 0.291783 0.280731 0.269317 0.257608 0.245675 0.233588 0.221415 0.209225 0.197085 0.185056 0.1732 0.161574 0.150231 0.139217 0.128576 0.118346 0.10856 0.0992441 0.0904204 0.0821056 0.0743111 0.0670441 0.060307 0.0540988 0.0484149 0.043248 0.0385885 0.0344254 0.0307463 0.0275385 0.0247893 0.0224865 0.0206191 0.0191775 0.0181536 0.0175416 
0.0187971 0.0190164 0.0196759 0.0207791 0.0223322 0.0243435 0.026823 0.0297823 0.033234 0.0371913 0.0416672 0.0466744 0.0522241 0.058326 0.064987 0.0722113 0.0799993 0.0883474 0.0972474 0.106686 0.116645 0.127099 0.13802 0.149372 0.161115 0.1732 0.185578 0.198192 0.210982 0.223882 0.236825 0.249742 0.262559 0.275205 0.287605 0.299687 0.311378 0.322607 0.333306 0.34341 0.352857 0.361588 0.36955 0.376695 0.382978 0.38836 0.39281 0.396299 0.398806 0.400317 0.400821 0.400317 0.398806 0.396299 0.39281 0.38836 0.382978 0.376695 0.36955 0.361588 0.352857 0.34341 0.333306 0.322607 0.311378 0.299687 0.287605 0.275205 0.262559 0.249742 0.236825 0.223882 0.210982 0.198192 0.185578 0.1732 0.161115 0.149372 0.13802 0.127099 0.116645 0.106686 0.0972474 0.0883474 0.0799993 0.0722113 0.064987 0.058326 0.0522241 0.0466744 0.0416672 0.0371913 0.033234 0.0297823 0.026823 0.0243435 0.0223322 0.0207791 0.0196759 0.0190164 
0.0203077 0.0205433 0.0212515 0.0224361 0.0241037 0.0262626 0.0289235 0.0320983 0.0358 0.0400423 0.0448386 0.0502016 0.0561428 0.0626717 0.069795 0.0775163 0.0858353 0.0947472 0.104242 0.114306 0.124917 0.136049 0.147671 0.159743 0.172221 0.185056 0.198192 0.21157 0.225124 0.238787 0.252486 0.266148 0.279697 0.293055 0.306146 0.318893 0.33122 0.343054 0.354323 0.36496 0.3749 0.384083 0.392454 0.399962 0.406563 0.412216 0.416888 0.420551 0.423183 0.424769 0.425298 0.424769 0.423183 0.420551 0.416888 0.412216 0.406563 0.399962 0.392454 0.384083 0.3749 0.36496 0.354323 0.343054 0.33122 0.318893 0.306146 0.293055 0.279697 0.266148 0.252486 0.238787 0.225124 0.21157 0.198192 0.185056 0.172221 0.159743 0.147671 0.136049 0.124917 0.114306 0.104242 0.0947472 0.0858353 0.0775163 0.069795 0.0626717 0.0561428 0.0502016 0.0448386 0.0400423 0.0358 0.0320983 0.0289235 0.0262626 0.0241037 0.0224361 0.0212515 0.0205433 
0.0218634 0.0221156 0.0228736 0.0241415 0.0259259 0.0282357 0.0310817 0.0344764 0.0384332 0.042966 0.0480885 0.0538138 0.0601533 0.0671163 0.0747092 0.082935 0.0917924 0.101275 0.111373 0.122068 0.133338 0.145155 0.157482 0.170278 0.183497 0.197085 0.210982 0.225124 0.239444 0.253869 0.268323 0.282728 0.297004 0.311071 0.324847 0.338253 0.351211 0.363642 0.375474 0.386637 0.397063 0.406691 0.415464 0.42333 0.430243 0.436161 0.441052 0.444885 0.447639 0.449298 0.449852 0.449298 0.447639 0.444885 0.441052 0.436161 0.430243 0.42333 0.415464 0.406691 0.397063 0.386637 0.375474 0.363642 0.351211 0.338253 0.324847 0.311071 0.297004 0.282728 0.268323 0.253869 0.239444 0.225124 0.210982 0.197085 0.183497 0.170278 0.157482 0.145155 0.133338 0.122068 0.111373 0.101275 0.0917924 0.082935 0.0747092 0.0671163 0.0601533 0.0538138 0.0480885 0.042966 0.0384332 0.0344764 0.0310817 0.0282357 0.0259259 0.0241415 0.0228736 0.0221156 
0.023457 0.0237261 0.0245348 0.0258872 0.0277904 0.0302534 0.0332874 0.0369053 0.0411208 0.0459482 0.0514014 0.0574936 0.0642362 0.0716382 0.0797056 0.0884407 0.0978412 0.1079 0.118604 0.129935 0.141867 0.15437 0.167405 0.180927 0.194886 0.209225 0.223882 0.238787 0.253869 0.269051 0.284254 0.299395 0.314392 0.329159 0.343613 0.357669 0.371247 0.384266 0.396651 0.408329 0.419232 0.429295 0.438461 0.446677 0.453894 0.460071 0.465174 0.469173 0.472046 0.473776 0.474354 0.473776 0.472046 0.469173 0.465174 0.460071 0.453894 0.446677 0.438461 0.429295 0.419232 0.408329 0.396651 0.384266 0.371247 0.357669 0.343613 0.329159 0.314392 0.299395 0.284254 0.269051 0.253869 0.238787 0.223882 0.209225 0.194886 0.180927 0.167405 0.15437 0.141867 0.129935 0.118604 0.1079 0.0978412 0.0884407 0.0797056 0.0716382 0.0642362 0.0574936 0.0514014 0.0459482 0.0411208 0.0369053 0.0332874 0.0302534 0.0277904 0.0258872 0.0245348 0.0237261 
0.0250803 0.0253664 0.0262263 0.0276643 0.0296875 0.0323053 0.0355292 0.0393725 0.0438491 0.0489736 0.0547601 0.0612219 0.0683703 0.0762139 0.0847583 0.0940049 0.10395 0.114586 0.125898 0.137864 0.150459 0.163647 0.177387 0.191633 0.206329 0.221415 0.236825 0.252486 0.268323 0.284254 0.300196 0.316064 0.33177 0.347226 0.362344 0.377038 0.391224 0.404818 0.417743 0.429924 0.441291 0.451778 0.461325 0.46988 0.477392 0.483821 0.489129 0.493289 0.496277 0.498076 0.498677 0.498076 0.496277 0.493289 0.489129 0.483821 0.477392 0.46988 0.461325 0.451778 0.441291 0.429924 0.417743 0.404818 0.391224 0.377038 0.362344 0.347226 0.33177 0.316064 0.300196 0.284254 0.268323 0.252486 0.236825 0.221415 0.206329 0.191633 0.177387 0.163647 0.150459 0.137864 0.125898 0.114586 0.10395 0.0940049 0.0847583 0.0762139 0.0683703 0.0612219 0.0547601 0.0489736 0.0438491 0.0393725 0.0355292 0.0323053 0.0296875 0.0276643 0.0262263 0.0253664 
0.0267244 0.0270277 0.0279391 0.029463 0.0316068 0.0343801 0.0377948 0.0418643 0.046603 0.0520255 0.0581462 0.0649783 0.0725329 0.0808184 0.0898396 0.0995971 0.110087 0.121298 0.133214 0.145814 0.159066 0.172935 0.187376 0.202338 0.217763 0.233588 0.249742 0.266148 0.282728 0.299395 0.316064 0.332644 0.349045 0.365174 0.380942 0.396257 0.411034 0.425188 0.438637 0.451306 0.463122 0.474019 0.483935 0.492817 0.500614 0.507284 0.512791 0.517105 0.520203 0.522069 0.522692 0.522069 0.520203 0.517105 0.512791 0.507284 0.500614 0.492817 0.483935 0.474019 0.463122 0.451306 0.438637 0.425188 0.411034 0.396257 0.380942 0.365174 0.349045 0.332644 0.316064 0.299395 0.282728 0.266148 0.249742 0.233588 0.217763 0.202338 0.187376 0.172935 0.159066 0.145814 0.133214 0.121298 0.110087 0.0995971 0.0898396 0.0808184 0.0725329 0.0649783 0.0581462 0.0520255 0.046603 0.0418643 0.0377948 0.0343801 0.0316068 0.029463 0.0279391 0.0270277 
0.0283796 0.0287 0.0296629 0.0312728 0.0335371 0.0364658 0.040071 0.0443664 0.0493665 0.0550863 0.0615401 0.068741 0.0767 0.085425 0.0949202 0.105185 0.116214 0.127996 0.140512 0.153738 0.167641 0.182182 0.197313 0.212981 0.229125 0.245675 0.262559 0.279697 0.297004 0.314392 0.33177 0.349045 0.366122 0.382906 0.399304 0.415222 0.430572 0.445266 0.459221 0.47236 0.484609 0.495899 0.50617 0.515365 0.523435 0.530337 0.536033 0.540495 0.543699 0.545628 0.546272 0.545628 0.543699 0.540495 0.536033 0.530337 0.523435 0.515365 0.50617 0.495899 0.484609 0.47236 0.459221 0.445266 0.430572 0.415222 0.399304 0.382906 0.366122 0.349045 0.33177 0.314392 0.297004 0.279697 0.262559 0.245675 0.229125 0.212981 0.197313 0.182182 0.167641 0.153738 0.140512 0.127996 0.116214 0.105185 0.0949202 0.085425 0.0767 0.068741 0.0615401 0.0550863 0.0493665 0.0443664 0.040071 0.0364658 0.0335371 0.0312728 0.0296629 0.0287 
0.0300357 0.0303731 0.0313872 0.0330824 0.0354664 0.0385495 0.0423438 0.0468633 0.0521228 0.0581373 0.0649211 0.0724873 0.0808465 0.0900062 0.0999698 0.110736 0.122298 0.134642 0.147748 0.16159 0.176133 0.191333 0.207142 0.223502 0.240348 0.257608 0.275205 0.293055 0.311071 0.329159 0.347226 0.365174 0.382906 0.400323 0.417329 0.433829 0.44973 0.464943 0.479384 0.492973 0.505636 0.517303 0.527912 0.537406 0.545736 0.552858 0.558735 0.563337 0.566641 0.56863 0.569294 0.56863 0.566641 0.563337 0.558735 0.552858 0.545736 0.537406 0.527912 0.517303 0.505636 0.492973 0.479384 0.464943 0.44973 0.433829 0.417329 0.400323 0.382906 0.365174 0.347226 0.329159 0.311071 0.293055 0.275205 0.257608 0.240348 0.223502 0.207142 0.191333 0.176133 0.16159 0.147748 0.134642 0.122298 0.110736 0.0999698 0.0900062 0.0808465 0.0724873 0.0649211 0.0581373 0.0521228 0.0468633 0.0423438 0.0385495 0.0354664 0.0330824 0.0313872 0.0303731 
0.0316818 0.0320361 0.0331006 0.0348801 0.0373823 0.0406176 0.0445985 0.0493391 0.0548542 0.061159 0.0682679 0.0761936 0.0849465 0.0945334 0.104957 0.116215 0.128299 0.141194 0.154878 0.169323 0.18449 0.200335 0.216805 0.233838 0.251367 0.269317 0.287605 0.306146 0.324847 0.343613 0.362344 0.380942 0.399304 0.417329 0.434919 0.451975 0.468403 0.484113 0.499017 0.513035 0.526091 0.538116 0.549046 0.558823 0.567399 0.574729 0.580776 0.58551 0.588909 0.590954 0.591637 0.590954 0.588909 0.58551 0.580776 0.574729 0.567399 0.558823 0.549046 0.538116 0.526091 0.513035 0.499017 0.484113 0.468403 0.451975 0.434919 0.417329 0.399304 0.380942 0.362344 0.343613 0.324847 0.306146 0.287605 0.269317 0.251367 0.233838 0.216805 0.200335 0.18449 0.169323 0.154878 0.141194 0.128299 0.116215 0.104957 0.0945334 0.0849465 0.0761936 0.0682679 0.061159 0.0548542 0.0493391 0.0445985 0.0406176 0.0373823 0.0348801 0.0331006 0.0320361 
0.0333067 0.0336775 0.0347915 0.0366537 0.0392718 0.0426564 0.0468201 0.0517772 0.0575426 0.0641316 0.0715585 0.0798357 0.0889731 0.0989772 0.10985 0.121587 0.13418 0.147611 0.161858 0.176888 0.192662 0.209131 0.226241 0.243926 0.262116 0.280731 0.299687 0.318893 0.338253 0.357669 0.377038 0.396257 0.415222 0.433829 0.451975 0.469561 0.486491 0.502671 0.518014 0.532438 0.545866 0.558228 0.56946 0.579504 0.588311 0.595836 0.602043 0.606901 0.610388 0.612487 0.613188 0.612487 0.610388 0.606901 0.602043 0.595836 0.588311 0.579504 0.56946 0.558228 0.545866 0.532438 0.518014 0.502671 0.486491 0.469561 0.451975 0.433829 0.415222 0.396257 0.377038 0.357669 0.338253 0.318893 0.299687 0.280731 0.262116 0.243926 0.226241 0.209131 0.192662 0.176888 0.161858 0.147611 0.13418 0.121587 0.10985 0.0989772 0.0889731 0.0798357 0.0715585 0.0641316 0.0575426 0.0517772 0.0468201 0.0426564 0.0392718 0.0366537 0.0347915 0.0336775 
0.0348988 0.0352857 0.0364479 0.0383906 0.0411215 0.0446514 0.048993 0.0541607 0.0601696 0.0670348 0.0747705 0.083389 0.0928997 0.103308 0.114616 0.126818 0.139903 0.153853 0.168642 0.184238 0.200596 0.217668 0.235393 0.253705 0.272529 0.291783 0.311378 0.33122 0.351211 0.371247 0.391224 0.411034 0.430572 0.44973 0.468403 0.486491 0.503894 0.520518 0.536274 0.55108 0.564857 0.577535 0.589049 0.599343 0.608365 0.616073 0.622428 0.627402 0.630972 0.63312 0.633837 0.63312 0.630972 0.627402 0.622428 0.616073 0.608365 0.599343 0.589049 0.577535 0.564857 0.55108 0.536274 0.520518 0.503894 0.486491 0.468403 0.44973 0.430572 0.411034 0.391224 0.371247 0.351211 0.33122 0.311378 0.291783 0.272529 0.253705 0.235393 0.217668 0.200596 0.184238 0.168642 0.153853 0.139903 0.126818 0.114616 0.103308 0.0928997 0.083389 0.0747705 0.0670348 0.0601696 0.0541607 0.048993 0.0446514 0.0411215 0.0383906 0.0364479 0.0352857 
0.0364464 0.0368488 0.0380577 0.0400781 0.042918 0.0465882 0.0511017 0.0564727 0.0627165 0.0698481 0.0778816 0.0868289 0.0966991 0.107497 0.119223 0.131871 0.145429 0.159877 0.175187 0.191324 0.208243 0.22589 0.244203 0.263113 0.282542 0.302404 0.322607 0.343054 0.363642 0.384266 0.404818 0.425188 0.445266 0.464943 0.484113 0.502671 0.520518 0.537558 0.553701 0.568862 0.582965 0.595937 0.607714 0.618239 0.627461 0.635337 0.64183 0.646911 0.650557 0.652751 0.653483 0.652751 0.650557 0.646911 0.64183 0.635337 0.627461 0.618239 0.607714 0.595937 0.582965 0.568862 0.553701 0.537558 0.520518 0.502671 0.484113 0.464943 0.445266 0.425188 0.404818 0.384266 0.363642 0.343054 0.322607 0.302404 0.282542 0.263113 0.244203 0.22589 0.208243 0.191324 0.175187 0.159877 0.145429 0.131871 0.119223 0.107497 0.0966991 0.0868289 0.0778816 0.0698481 0.0627165 0.0564727 0.0511017 0.0465882 0.042918 0.0400781 0.0380577 0.0368488 
0.0379377 0.038355 0.0396086 0.0417035 0.0446479 0.0484525 0.0531305 0.0586962 0.0651648 0.0725513 0.0808695 0.0901311 0.100345 0.111514 0.12364 0.136713 0.150722 0.165644 0.181449 0.198101 0.215551 0.233744 0.252616 0.272092 0.292093 0.312529 0.333306 0.354323 0.375474 0.396651 0.417743 0.438637 0.459221 0.479384 0.499017 0.518014 0.536274 0.553701 0.570202 0.585693 0.600097 0.613341 0.62536 0.636098 0.645504 0.653535 0.660155 0.665334 0.669049 0.671285 0.672031 0.671285 0.669049 0.665334 0.660155 0.653535 0.645504 0.636098 0.62536 0.613341 0.600097 0.585693 0.570202 0.553701 0.536274 0.518014 0.499017 0.479384 0.459221 0.438637 0.417743 0.396651 0.375474 0.354323 0.333306 0.312529 0.292093 0.272092 0.252616 0.233744 0.215551 0.198101 0.181449 0.165644 0.150722 0.136713 0.12364 0.111514 0.100345 0.0901311 0.0808695 0.0725513 0.0651648 0.0586962 0.0531305 0.0484525 0.0446479 0.0417035 0.0396086 0.038355 
0.0393612 0.0397926 0.0410886 0.0432542 0.0462977 0.05023 0.055064 0.0608144 0.0674962 0.0751243 0.0837123 0.0932716 0.10381 0.115332 0.127834 0.14131 0.155744 0.171113 0.187386 0.204522 0.222473 0.24118 0.260576 0.280584 0.301121 0.322096 0.34341 0.36496 0.386637 0.408329 0.429924 0.451306 0.47236 0.492973 0.513035 0.532438 0.55108 0.568862 0.585693 0.601488 0.616168 0.62966 0.641902 0.652834 0.662408 0.670581 0.677315 0.682583 0.686362 0.688636 0.689395 0.688636 0.686362 0.682583 0.677315 0.670581 0.662408 0.652834 0.641902 0.62966 0.616168 0.601488 0.585693 0.568862 0.55108 0.532438 0.513035 0.492973 0.47236 0.451306 0.429924 0.408329 0.386637 0.36496 0.34341 0.322096 0.301121 0.280584 0.260576 0.24118 0.222473 0.204522 0.187386 0.171113 0.155744 0.14131 0.127834 0.115332 0.10381 0.0932716 0.0837123 0.0751243 0.0674962 0.0608144 0.055064 0.05023 0.0462977 0.0432542 0.0410886 0.0397926 
0.0407053 0.04115 0.0424858 0.0447179 0.0478546 0.0519067 0.0568874 0.0628111 0.069693 0.0775478 0.0863888 0.0962272 0.10707 0.118921 0.131777 0.145629 0.160461 0.176248 0.192957 0.210546 0.228963 0.248149 0.268032 0.288535 0.309571 0.331045 0.352857 0.3749 0.397063 0.419232 0.441291 0.463122 0.484609 0.505636 0.526091 0.545866 0.564857 0.582965 0.600097 0.616168 0.631098 0.644817 0.657259 0.668368 0.678094 0.686394 0.693233 0.698581 0.702417 0.704725 0.705495 0.704725 0.702417 0.698581 0.693233 0.686394 0.678094 0.668368 0.657259 0.644817 0.631098 0.616168 0.600097 0.582965 0.564857 0.545866 0.526091 0.505636 0.484609 0.463122 0.441291 0.419232 0.397063 0.3749 0.352857 0.331045 0.309571 0.288535 0.268032 0.248149 0.228963 0.210546 0.192957 0.176248 0.160461 0.145629 0.131777 0.118921 0.10707 0.0962272 0.0863888 0.0775478 0.069693 0.0628111 0.0568874 0.0519067 0.0478546 0.0447179 0.0424858 0.04115 
