0.000137732 0.000141483 0.000152851 0.000172181 0.000200047 0.000237253 0.000284828 0.000344028 0.000416322 0.000503392 0.000607119 0.000729564 0.000872949 0.00103963 0.00123208 0.0014528 0.00170435 0.00198921 0.00230981 0.0026684 0.00306699 0.00350733 0.00399076 0.00451821 0.00509007 0.00570618 0.00636572 0.0070672 0.00780838 0.00858629 0.00939718 0.0102366 0.0110992 0.0119791 0.0128697 0.0137639 0.014654 0.015532 0.0163895 0.0172182 0.0180096 0.0187554 0.0194475 0.0200784 0.0206407 0.0211283 0.0215352 0.0218569 0.0220895 0.0222302 0.0222772 0.0222302 0.0220895 0.0218569 0.0215352 0.0211283 0.0206407 0.0200784 0.0194475 0.0187554 0.0180096 0.0172182 0.0163895 0.015532 0.014654 0.0137639 0.0128697 0.0119791 0.0110992 0.0102366 0.00939718 0.00858629 0.00780838 0.0070672 0.00636572 0.00570618 0.00509007 0.00451821 0.00399076 0.00350733 0.00306699 0.0026684 0.00230981 0.00198921 0.00170435 0.0014528 0.00123208 0.00103963 0.000872949 0.000729564 0.000607119 0.000503392 0.000416322 0.000344028 0.000284828 0.000237253 0.000200047 0.000172181 0.000152851 0.000141483 
0.000141483 0.00014533 0.000156986 0.000176806 0.000205376 0.000243517 0.000292282 0.000352952 0.000427028 0.000516229 0.000622473 0.000747864 0.00089467 0.00106529 0.00126224 0.00148809 0.00174542 0.00203677 0.0023646 0.00273119 0.0031386 0.00358858 0.0040825 0.00462128 0.00520531 0.00583441 0.00650772 0.00722371 0.00798008 0.00877379 0.00960102 0.0104572 0.0113369 0.0122341 0.013142 0.0140535 0.0149607 0.0158554 0.0167292 0.0175735 0.0183797 0.0191393 0.0198443 0.0204867 0.0210594 0.0215559 0.0219703 0.0222978 0.0225346 0.0226778 0.0227258 0.0226778 0.0225346 0.0222978 0.0219703 0.0215559 0.0210594 0.0204867 0.0198443 0.0191393 0.0183797 0.0175735 0.0167292 0.0158554 0.0149607 0.0140535 0.013142 0.0122341 0.0113369 0.0104572 0.00960102 0.00877379 0.00798008 0.00722371 0.00650772 0.00583441 0.00520531 0.00462128 0.0040825 0.00358858 0.0031386 0.00273119 0.0023646 0.00203677 0.00174542 0.00148809 0.00126224 0.00106529 0.00089467 0.000747864 0.000622473 0.000516229 0.000427028 0.000352952 0.000292282 0.000243517 0.000205376 0.000176806 0.000156986 0.00014533 
0.000152851 0.000156986 0.000169517 0.00019082 0.00022152 0.000262492 0.000314855 0.000379972 0.000459441 0.000555086 0.000668942 0.000803242 0.000960387 0.00114292 0.00135349 0.00159481 0.0018696 0.00218055 0.00253021 0.00292098 0.00335501 0.0038341 0.00435967 0.00493265 0.0055534 0.00622167 0.00693652 0.00769627 0.00849845 0.0093398 0.0102162 0.0111229 0.012054 0.0130033 0.0139635 0.0149271 0.0158857 0.0168308 0.0177534 0.0186447 0.0194954 0.0202969 0.0210404 0.0217178 0.0223216 0.0228449 0.0232817 0.0236268 0.0238763 0.0240272 0.0240777 0.0240272 0.0238763 0.0236268 0.0232817 0.0228449 0.0223216 0.0217178 0.0210404 0.0202969 0.0194954 0.0186447 0.0177534 0.0168308 0.0158857 0.0149271 0.0139635 0.0130033 0.012054 0.0111229 0.0102162 0.0093398 0.00849845 0.00769627 0.00693652 0.00622167 0.0055534 0.00493265 0.00435967 0.0038341 0.00335501 0.00292098 0.00253021 0.00218055 0.0018696 0.00159481 0.00135349 0.00114292 0.000960387 0.000803242 0.000668942 0.000555086 0.000459441 0.000379972 0.000314855 0.000262492 0.00022152 0.00019082 0.000169517 0.000156986 
0.000172181 0.000176806 0.00019082 0.000214638 0.000248951 0.00029472 0.000353183 0.000425837 0.000514442 0.000620999 0.000747746 0.000897125 0.00107177 0.00127445 0.00150805 0.00177553 0.00207984 0.00242388 0.00281041 0.003242 0.00372095 0.00424916 0.00482811 0.00545874 0.00614137 0.00687565 0.00766046 0.00849389 0.00937318 0.0102947 0.0112539 0.0122455 0.0132631 0.0142999 0.0153479 0.0163989 0.0174439 0.0184736 0.0194783 0.0204483 0.0213738 0.0222453 0.0230535 0.0237897 0.0244456 0.0250139 0.0254881 0.0258629 0.0261337 0.0262975 0.0263523 0.0262975 0.0261337 0.0258629 0.0254881 0.0250139 0.0244456 0.0237897 0.0230535 0.0222453 0.0213738 0.0204483 0.0194783 0.0184736 0.0174439 0.0163989 0.0153479 0.0142999 0.0132631 0.0122455 0.0112539 0.0102947 0.00937318 0.00849389 0.00766046 0.00687565 0.00614137 0.00545874 0.00482811 0.00424916 0.00372095 0.003242 0.00281041 0.00242388 0.00207984 0.00177553 0.00150805 0.00127445 0.00107177 0.000897125 0.000747746 0.000620999 0.000514442 0.000425837 0.000353183 0.00029472 0.000248951 0.000214638 0.00019082 0.000176806 
0.000200047 0.000205376 0.00022152 0.000248951 0.000288448 0.000341106 0.00040832 0.000491786 0.00059349 0.000715691 0.000860905 0.00103188 0.00123157 0.00146307 0.00172962 0.00203449 0.00238098 0.00277227 0.00321142 0.00370125 0.00424424 0.00484246 0.00549744 0.00621015 0.00698084 0.007809 0.00869327 0.00963141 0.0106202 0.0116555 0.0127322 0.0138442 0.0149845 0.0161452 0.0173176 0.0184925 0.0196597 0.0208091 0.0219299 0.0230113 0.0240425 0.025013 0.0259127 0.0267317 0.0274612 0.0280931 0.0286202 0.0290366 0.0293376 0.0295195 0.0295804 0.0295195 0.0293376 0.0290366 0.0286202 0.0280931 0.0274612 0.0267317 0.0259127 0.025013 0.0240425 0.0230113 0.0219299 0.0208091 0.0196597 0.0184925 0.0173176 0.0161452 0.0149845 0.0138442 0.0127322 0.0116555 0.0106202 0.00963141 0.00869327 0.007809 0.00698084 0.00621015 0.00549744 0.00484246 0.00424424 0.00370125 0.00321142 0.00277227 0.00238098 0.00203449 0.00172962 0.00146307 0.00123157 0.00103188 0.000860905 0.000715691 0.00059349 0.000491786 0.00040832 0.000341106 0.000288448 0.000248951 0.00022152 0.000205376 
0.000237253 0.000243517 0.000262492 0.00029472 0.000341106 0.000402908 0.000481737 0.000579548 0.000698621 0.000841554 0.00101123 0.0012108 0.00144362 0.00171323 0.00202331 0.00237757 0.00277971 0.00323333 0.00374185 0.00430839 0.00493569 0.00562599 0.00638094 0.00720149 0.0080878 0.00903914 0.0100538 0.0111292 0.0122614 0.0134457 0.014676 0.0159455 0.017246 0.0185686 0.0199034 0.0212397 0.0225664 0.0238718 0.0251437 0.0263702 0.027539 0.0286383 0.0296568 0.0305837 0.0314089 0.0321234 0.0327192 0.0331898 0.0335299 0.0337354 0.0338042 0.0337354 0.0335299 0.0331898 0.0327192 0.0321234 0.0314089 0.0305837 0.0296568 0.0286383 0.027539 0.0263702 0.0251437 0.0238718 0.0225664 0.0212397 0.0199034 0.0185686 0.017246 0.0159455 0.014676 0.0134457 0.0122614 0.0111292 0.0100538 0.00903914 0.0080878 0.00720149 0.00638094 0.00562599 0.00493569 0.00430839 0.00374185 0.00323333 0.00277971 0.00237757 0.00202331 0.00171323 0.00144362 0.0012108 0.00101123 0.000841554 0.000698621 0.000579548 0.000481737 0.000402908 0.000341106 0.00029472 0.000262492 0.000243517 
0.000284828 0.000292282 0.000314855 0.000353183 0.00040832 0.000481737 0.000575314 0.000691326 0.000832429 0.00100164 0.0012023 0.00143805 0.00171278 0.00203057 0.00239563 0.00281221 0.00328454 0.0038167 0.00441256 0.0050756 0.00580889 0.00661486 0.00749528 0.00845108 0.00948228 0.0105879 0.0117658 0.0130127 0.0143241 0.0156943 0.0171164 0.0185821 0.0200822 0.0216063 0.0231431 0.0246803 0.0262051 0.0277041 0.0291637 0.0305701 0.0319095 0.0331686 0.0343343 0.0353947 0.0363383 0.037155 0.037836 0.0383736 0.038762 0.0389968 0.0390753 0.0389968 0.038762 0.0383736 0.037836 0.037155 0.0363383 0.0353947 0.0343343 0.0331686 0.0319095 0.0305701 0.0291637 0.0277041 0.0262051 0.0246803 0.0231431 0.0216063 0.0200822 0.0185821 0.0171164 0.0156943 0.0143241 0.0130127 0.0117658 0.0105879 0.00948228 0.00845108 0.00749528 0.00661486 0.00580889 0.0050756 0.00441256 0.0038167 0.00328454 0.00281221 0.00239563 0.00203057 0.00171278 0.00143805 0.0012023 0.00100164 0.000832429 0.000691326 0.000575314 0.000481737 0.00040832 0.000353183 0.000314855 0.000292282 
0.000344028 0.000352952 0.000379972 0.000425837 0.000491786 0.000579548 0.000691326 0.000829789 0.000998047 0.00119962 0.00143842 0.00171868 0.00204492 0.00242186 0.00285437 0.00334734 0.00390563 0.00453389 0.00523651 0.00601743 0.00688005 0.00782704 0.00886029 0.00998068 0.0111881 0.012481 0.013857 0.0153119 0.0168404 0.0184357 0.0200897 0.0217926 0.0235337 0.025301 0.0270812 0.0288604 0.0306236 0.0323557 0.0340409 0.0356634 0.0372077 0.0386584 0.0400008 0.0412212 0.0423068 0.0432461 0.0440289 0.0446468 0.0450931 0.0453628 0.0454531 0.0453628 0.0450931 0.0446468 0.0440289 0.0432461 0.0423068 0.0412212 0.0400008 0.0386584 0.0372077 0.0356634 0.0340409 0.0323557 0.0306236 0.0288604 0.0270812 0.025301 0.0235337 0.0217926 0.0200897 0.0184357 0.0168404 0.0153119 0.013857 0.012481 0.0111881 0.00998068 0.00886029 0.00782704 0.00688005 0.00601743 0.00523651 0.00453389 0.00390563 0.00334734 0.00285437 0.00242186 0.00204492 0.00171868 0.00143842 0.00119962 0.000998047 0.000829789 0.000691326 0.000579548 0.000491786 0.000425837 0.000379972 0.000352952 
0.000416322 0.000427028 0.000459441 0.000514442 0.00059349 0.000698621 0.000832429 0.000998047 0.00119912 0.00143979 0.00172461 0.00205853 0.0024468 0.00289492 0.00340852 0.00399325 0.00465467 0.00539814 0.00622861 0.00715054 0.00816771 0.00928307 0.0104986 0.0118151 0.0132321 0.0147479 0.0163591 0.0180608 0.0198467 0.0217086 0.0236368 0.0256202 0.0276459 0.0297 0.0317673 0.0338314 0.0358753 0.0378814 0.0398317 0.0417081 0.0434927 0.0451681 0.0467177 0.0481256 0.0493774 0.0504601 0.0513621 0.052074 0.052588 0.0528986 0.0530025 0.0528986 0.052588 0.052074 0.0513621 0.0504601 0.0493774 0.0481256 0.0467177 0.0451681 0.0434927 0.0417081 0.0398317 0.0378814 0.0358753 0.0338314 0.0317673 0.0297 0.0276459 0.0256202 0.0236368 0.0217086 0.0198467 0.0180608 0.0163591 0.0147479 0.0132321 0.0118151 0.0104986 0.00928307 0.00816771 0.00715054 0.00622861 0.00539814 0.00465467 0.00399325 0.00340852 0.00289492 0.0024468 0.00205853 0.00172461 0.00143979 0.00119912 0.000998047 0.000832429 0.000698621 0.00059349 0.000514442 0.000459441 0.000427028 
0.000503392 0.000516229 0.000555086 0.000620999 0.000715691 0.000841554 0.00100164 0.00119962 0.00143979 0.00172697 0.00206651 0.00246416 0.00292605 0.00345856 0.00406818 0.00476145 0.00554476 0.0064242 0.00740542 0.00849344 0.00969245 0.0110057 0.0124351 0.0139816 0.0156442 0.0174206 0.0193067 0.0212966 0.0233825 0.0255549 0.0278023 0.0301116 0.0324678 0.0348547 0.0372545 0.0396485 0.0420171 0.0443399 0.0465962 0.0487655 0.0508272 0.0527616 0.0545496 0.0561734 0.0576165 0.058864 0.059903 0.0607228 0.0613146 0.0616722 0.0617918 0.0616722 0.0613146 0.0607228 0.059903 0.058864 0.0576165 0.0561734 0.0545496 0.0527616 0.0508272 0.0487655 0.0465962 0.0443399 0.0420171 0.0396485 0.0372545 0.0348547 0.0324678 0.0301116 0.0278023 0.0255549 0.0233825 0.0212966 0.0193067 0.0174206 0.0156442 0.0139816 0.0124351 0.0110057 0.00969245 0.00849344 0.00740542 0.0064242 0.00554476 0.00476145 0.00406818 0.00345856 0.00292605 0.00246416 0.00206651 0.00172697 0.00143979 0.00119962 0.00100164 0.000841554 0.000715691 0.000620999 0.000555086 0.000516229 
0.000607119 0.000622473 0.000668942 0.000747746 0.000860905 0.00101123 0.0012023 0.00143842 0.00172461 0.00206651 0.00247034 0.00294281 0.00349104 0.00412238 0.00484437 0.00566451 0.0065901 0.00762811 0.00878492 0.0100662 0.0114764 0.0130193 0.0146968 0.0165094 0.018456 0.0205334 0.0227366 0.0250585 0.0274898 0.0300191 0.0326329 0.0353158 0.0380506 0.0408182 0.0435982 0.046369 0.0491078 0.0517914 0.0543963 0.0568987 0.0592755 0.061504 0.0635627 0.0654312 0.0670911 0.0685254 0.0697197 0.0706616 0.0713415 0.0717523 0.0718897 0.0717523 0.0713415 0.0706616 0.0697197 0.0685254 0.0670911 0.0654312 0.0635627 0.061504 0.0592755 0.0568987 0.0543963 0.0517914 0.0491078 0.046369 0.0435982 0.0408182 0.0380506 0.0353158 0.0326329 0.0300191 0.0274898 0.0250585 0.0227366 0.0205334 0.018456 0.0165094 0.0146968 0.0130193 0.0114764 0.0100662 0.00878492 0.00762811 0.0065901 0.00566451 0.00484437 0.00412238 0.00349104 0.00294281 0.00247034 0.00206651 0.00172461 0.00143842 0.0012023 0.00101123 0.000860905 0.000747746 0.000668942 0.000622473 
0.000729564 0.000747864 0.000803242 0.000897125 0.00103188 0.0012108 0.00143805 0.00171868 0.00205853 0.00246416 0.00294281 0.00350226 0.00415073 0.00489673 0.0057489 0.00671583 0.00780587 0.00902691 0.0103861 0.0118898 0.0135431 0.0153497 0.0173116 0.0194291 0.0217006 0.0241219 0.026687 0.0293872 0.0322115 0.0351464 0.0381762 0.0412829 0.0444464 0.0476446 0.0508541 0.05405 0.0572062 0.0602962 0.0632931 0.06617 0.0689005 0.0714591 0.0738212 0.075964 0.0778666 0.07951 0.0808779 0.0819565 0.0827348 0.083205 0.0833623 0.083205 0.0827348 0.0819565 0.0808779 0.07951 0.0778666 0.075964 0.0738212 0.0714591 0.0689005 0.06617 0.0632931 0.0602962 0.0572062 0.05405 0.0508541 0.0476446 0.0444464 0.0412829 0.0381762 0.0351464 0.0322115 0.0293872 0.026687 0.0241219 0.0217006 0.0194291 0.0173116 0.0153497 0.0135431 0.0118898 0.0103861 0.00902691 0.00780587 0.00671583 0.0057489 0.00489673 0.00415073 0.00350226 0.00294281 0.00246416 0.00205853 0.00171868 0.00143805 0.0012108 0.00103188 0.000897125 0.000803242 0.000747864 
0.000872949 0.00089467 0.000960387 0.00107177 0.00123157 0.00144362 0.00171278 0.00204492 0.0024468 0.00292605 0.00349104 0.00415073 0.00491461 0.00579244 0.00679411 0.00792942 0.00920785 0.0106383 0.0122288 0.0139864 0.0159165 0.0180231 0.0203083 0.022772 0.0254116 0.0282222 0.0311963 0.0343234 0.0375907 0.0409822 0.0444796 0.048062 0.051706 0.0553865 0.0590763 0.062747 0.0663689 0.0699118 0.0733451 0.0766384 0.079762 0.0826868 0.0853855 0.0878323 0.0900037 0.0918786 0.0934386 0.0946683 0.0955554 0.0960913 0.0962705 0.0960913 0.0955554 0.0946683 0.0934386 0.0918786 0.0900037 0.0878323 0.0853855 0.0826868 0.079762 0.0766384 0.0733451 0.0699118 0.0663689 0.062747 0.0590763 0.0553865 0.051706 0.048062 0.0444796 0.0409822 0.0375907 0.0343234 0.0311963 0.0282222 0.0254116 0.022772 0.0203083 0.0180231 0.0159165 0.0139864 0.0122288 0.0106383 0.00920785 0.00792942 0.00679411 0.00579244 0.00491461 0.00415073 0.00349104 0.00292605 0.0024468 0.00204492 0.00171278 0.00144362 0.00123157 0.00107177 0.000960387 0.00089467 
0.00103963 0.00106529 0.00114292 0.00127445 0.00146307 0.00171323 0.00203057 0.00242186 0.00289492 0.00345856 0.00412238 0.00489673 0.00579244 0.00682067 0.00799269 0.00931963 0.0108122 0.0124803 0.0143329 0.0163778 0.0186208 0.0210662 0.0237157 0.0265688 0.0296222 0.0328696 0.0363019 0.0399069 0.043669 0.04757 0.0515883 0.0556999 0.0598779 0.0640934 0.0683154 0.0725115 0.076648 0.0806908 0.0846053 0.0883573 0.0919131 0.0952406 0.0983089 0.101089 0.103556 0.105684 0.107454 0.108849 0.109856 0.110464 0.110667 0.110464 0.109856 0.108849 0.107454 0.105684 0.103556 0.101089 0.0983089 0.0952406 0.0919131 0.0883573 0.0846053 0.0806908 0.076648 0.0725115 0.0683154 0.0640934 0.0598779 0.0556999 0.0515883 0.04757 0.043669 0.0399069 0.0363019 0.0328696 0.0296222 0.0265688 0.0237157 0.0210662 0.0186208 0.0163778 0.0143329 0.0124803 0.0108122 0.00931963 0.00799269 0.00682067 0.00579244 0.00489673 0.00412238 0.00345856 0.00289492 0.00242186 0.00203057 0.00171323 0.00146307 0.00127445 0.00114292 0.00106529 
0.00123208 0.00126224 0.00135349 0.00150805 0.00172962 0.00202331 0.00239563 0.00285437 0.00340852 0.00406818 0.00484437 0.0057489 0.00679411 0.00799269 0.00935742 0.0109008 0.0126349 0.0145707 0.0167183 0.0190859 0.0216799 0.0245046 0.0275616 0.0308496 0.0343643 0.038098 0.0420397 0.046175 0.0504856 0.0549503 0.0595442 0.0642396 0.0690058 0.0738097 0.0786163 0.0833887 0.0880891 0.0926788 0.097119 0.101372 0.105399 0.109165 0.112635 0.115778 0.118565 0.120968 0.122967 0.124542 0.125677 0.126363 0.126592 0.126363 0.125677 0.124542 0.122967 0.120968 0.118565 0.115778 0.112635 0.109165 0.105399 0.101372 0.097119 0.0926788 0.0880891 0.0833887 0.0786163 0.0738097 0.0690058 0.0642396 0.0595442 0.0549503 0.0504856 0.046175 0.0420397 0.038098 0.0343643 0.0308496 0.0275616 0.0245046 0.0216799 0.0190859 0.0167183 0.0145707 0.0126349 0.0109008 0.00935742 0.00799269 0.00679411 0.0057489 0.00484437 0.00406818 0.00340852 0.00285437 0.00239563 0.00202331 0.00172962 0.00150805 0.00135349 0.00126224 
0.0014528 0.00148809 0.00159481 0.00177553 0.00203449 0.00237757 0.00281221 0.00334734 0.00399325 0.00476145 0.00566451 0.00671583 0.00792942 0.00931963 0.0109008 0.012687 0.0146916 0.0169269 0.0194039 0.0221314 0.0251164 0.0283629 0.0318723 0.0356423 0.0396675 0.0439386 0.0484423 0.0531616 0.0580754 0.063159 0.0683838 0.0737181 0.0791271 0.0845732 0.0900166 0.095416 0.100729 0.105912 0.110922 0.115716 0.120252 0.124492 0.128396 0.131929 0.135061 0.137761 0.140005 0.141772 0.143046 0.143815 0.144073 0.143815 0.143046 0.141772 0.140005 0.137761 0.135061 0.131929 0.128396 0.124492 0.120252 0.115716 0.110922 0.105912 0.100729 0.095416 0.0900166 0.0845732 0.0791271 0.0737181 0.0683838 0.063159 0.0580754 0.0531616 0.0484423 0.0439386 0.0396675 0.0356423 0.0318723 0.0283629 0.0251164 0.0221314 0.0194039 0.0169269 0.0146916 0.012687 0.0109008 0.00931963 0.00792942 0.00671583 0.00566451 0.00476145 0.00399325 0.00334734 0.00281221 0.00237757 0.00203449 0.00177553 0.00159481 0.00148809 
0.00170435 0.00174542 0.0018696 0.00207984 0.00238098 0.00277971 0.00328454 0.00390563 0.00465467 0.00554476 0.0065901 0.00780587 0.00920785 0.0108122 0.0126349 0.0146916 0.0169973 0.0195653 0.0224076 0.0255339 0.0289511 0.0326634 0.0366714 0.040972 0.0455583 0.0504188 0.0555379 0.0608958 0.066468 0.0722259 0.0781372 0.0841655 0.0902713 0.0964125 0.102544 0.10862 0.114593 0.120414 0.126036 0.131411 0.136494 0.14124 0.145607 0.149558 0.153057 0.156073 0.158579 0.160551 0.161973 0.162831 0.163118 0.162831 0.161973 0.160551 0.158579 0.156073 0.153057 0.149558 0.145607 0.14124 0.136494 0.131411 0.126036 0.120414 0.114593 0.10862 0.102544 0.0964125 0.0902713 0.0841655 0.0781372 0.0722259 0.066468 0.0608958 0.0555379 0.0504188 0.0455583 0.040972 0.0366714 0.0326634 0.0289511 0.0255339 0.0224076 0.0195653 0.0169973 0.0146916 0.0126349 0.0108122 0.00920785 0.00780587 0.0065901 0.00554476 0.00465467 0.00390563 0.00328454 0.00277971 0.00238098 0.00207984 0.0018696 0.00174542 
0.00198921 0.00203677 0.00218055 0.00242388 0.00277227 0.00323333 0.0038167 0.00453389 0.00539814 0.0064242 0.00762811 0.00902691 0.0106383 0.0124803 0.0145707 0.0169269 0.0195653 0.0225006 0.0257455 0.0293104 0.0332025 0.0374255 0.0419795 0.0468601 0.0520584 0.057561 0.0633495 0.0694005 0.0756861 0.0821736 0.088826 0.0956024 0.102458 0.109346 0.116216 0.123016 0.129694 0.136197 0.142471 0.148464 0.154127 0.159411 0.16427 0.168663 0.172551 0.175901 0.178682 0.180871 0.182449 0.183401 0.18372 0.183401 0.182449 0.180871 0.178682 0.175901 0.172551 0.168663 0.16427 0.159411 0.154127 0.148464 0.142471 0.136197 0.129694 0.123016 0.116216 0.109346 0.102458 0.0956024 0.088826 0.0821736 0.0756861 0.0694005 0.0633495 0.057561 0.0520584 0.0468601 0.0419795 0.0374255 0.0332025 0.0293104 0.0257455 0.0225006 0.0195653 0.0169269 0.0145707 0.0124803 0.0106383 0.00902691 0.00762811 0.0064242 0.00539814 0.00453389 0.0038167 0.00323333 0.00277227 0.00242388 0.00218055 0.00203677 
0.00230981 0.0023646 0.00253021 0.00281041 0.00321142 0.00374185 0.00441256 0.00523651 0.00622861 0.00740542 0.00878492 0.0103861 0.0122288 0.0143329 0.0167183 0.0194039 0.0224076 0.0257455 0.0294313 0.0334756 0.0378858 0.0426652 0.0478129 0.0533231 0.0591848 0.065382 0.0718931 0.0786914 0.0857445 0.0930155 0.100462 0.108039 0.115696 0.12338 0.131036 0.138606 0.146032 0.153256 0.160219 0.166865 0.173139 0.178989 0.184365 0.189221 0.193518 0.197217 0.200288 0.202704 0.204445 0.205495 0.205846 0.205495 0.204445 0.202704 0.200288 0.197217 0.193518 0.189221 0.184365 0.178989 0.173139 0.166865 0.160219 0.153256 0.146032 0.138606 0.131036 0.12338 0.115696 0.108039 0.100462 0.0930155 0.0857445 0.0786914 0.0718931 0.065382 0.0591848 0.0533231 0.0478129 0.0426652 0.0378858 0.0334756 0.0294313 0.0257455 0.0224076 0.0194039 0.0167183 0.0143329 0.0122288 0.0103861 0.00878492 0.00740542 0.00622861 0.00523651 0.00441256 0.00374185 0.00321142 0.00281041 0.00253021 0.0023646 
0.0026684 0.00273119 0.00292098 0.003242 0.00370125 0.00430839 0.0050756 0.00601743 0.00715054 0.00849344 0.0100662 0.0118898 0.0139864 0.0163778 0.0190859 0.0221314 0.0255339 0.0293104 0.0334756 0.0380405 0.0430124 0.048394 0.0541831 0.0603721 0.0669479 0.0738914 0.0811776 0.0887757 0.0966489 0.104755 0.113048 0.121475 0.129981 0.138508 0.146993 0.155374 0.163588 0.171569 0.179255 0.186585 0.193498 0.199938 0.205853 0.211192 0.215913 0.219976 0.223347 0.225998 0.227908 0.22906 0.229445 0.22906 0.227908 0.225998 0.223347 0.219976 0.215913 0.211192 0.205853 0.199938 0.193498 0.186585 0.179255 0.171569 0.163588 0.155374 0.146993 0.138508 0.129981 0.121475 0.113048 0.104755 0.0966489 0.0887757 0.0811776 0.0738914 0.0669479 0.0603721 0.0541831 0.048394 0.0430124 0.0380405 0.0334756 0.0293104 0.0255339 0.0221314 0.0190859 0.0163778 0.0139864 0.0118898 0.0100662 0.00849344 0.00715054 0.00601743 0.0050756 0.00430839 0.00370125 0.003242 0.00292098 0.00273119 
0.00306699 0.0031386 0.00335501 0.00372095 0.00424424 0.00493569 0.00580889 0.00688005 0.00816771 0.00969245 0.0114764 0.0135431 0.0159165 0.0186208 0.0216799 0.0251164 0.0289511 0.0332025 0.0378858 0.0430124 0.0485892 0.0546182 0.0610957 0.068012 0.0753514 0.0830913 0.0912031 0.0996513 0.108395 0.117386 0.126572 0.135896 0.145296 0.154707 0.164062 0.173292 0.182327 0.191099 0.199537 0.207576 0.215152 0.222203 0.228674 0.234512 0.23967 0.244107 0.247787 0.25068 0.252763 0.25402 0.25444 0.25402 0.252763 0.25068 0.247787 0.244107 0.23967 0.234512 0.228674 0.222203 0.215152 0.207576 0.199537 0.191099 0.182327 0.173292 0.164062 0.154707 0.145296 0.135896 0.126572 0.117386 0.108395 0.0996513 0.0912031 0.0830913 0.0753514 0.068012 0.0610957 0.0546182 0.0485892 0.0430124 0.0378858 0.0332025 0.0289511 0.0251164 0.0216799 0.0186208 0.0159165 0.0135431 0.0114764 0.00969245 0.00816771 0.00688005 0.00580889 0.00493569 0.00424424 0.00372095 0.00335501 0.0031386 
0.00350733 0.00358858 0.0038341 0.00424916 0.00484246 0.00562599 0.00661486 0.00782704 0.00928307 0.0110057 0.0130193 0.0153497 0.0180231 0.0210662 0.0245046 0.0283629 0.0326634 0.0374255 0.0426652 0.048394 0.0546182 0.0613388 0.0685502 0.0762405 0.0843908 0.0929751 0.10196 0.111306 0.120966 0.130888 0.141011 0.151274 0.161608 0.171941 0.182201 0.192313 0.2022 0.211787 0.221002 0.229772 0.238028 0.245707 0.252749 0.259097 0.264702 0.26952 0.273515 0.276654 0.278914 0.280277 0.280733 0.280277 0.278914 0.276654 0.273515 0.26952 0.264702 0.259097 0.252749 0.245707 0.238028 0.229772 0.221002 0.211787 0.2022 0.192313 0.182201 0.171941 0.161608 0.151274 0.141011 0.130888 0.120966 0.111306 0.10196 0.0929751 0.0843908 0.0762405 0.0685502 0.0613388 0.0546182 0.048394 0.0426652 0.0374255 0.0326634 0.0283629 0.0245046 0.0210662 0.0180231 0.0153497 0.0130193 0.0110057 0.00928307 0.00782704 0.00661486 0.00562599 0.00484246 0.00424916 0.0038341 0.00358858 
0.00399076 0.0040825 0.00435967 0.00482811 0.00549744 0.00638094 0.00749528 0.00886029 0.0104986 0.0124351 0.0146968 0.0173116 0.0203083 0.0237157 0.0275616 0.0318723 0.0366714 0.0419795 0.0478129 0.0541831 0.0610957 0.0685502 0.0765392 0.0850478 0.0940538 0.103527 0.11343 0.123717 0.134337 0.145229 0.15633 0.167568 0.178871 0.190159 0.201353 0.212373 0.223135 0.23356 0.243569 0.253085 0.262036 0.270354 0.277974 0.284839 0.290897 0.296102 0.300415 0.303803 0.306241 0.307711 0.308203 0.307711 0.306241 0.303803 0.300415 0.296102 0.290897 0.284839 0.277974 0.270354 0.262036 0.253085 0.243569 0.23356 0.223135 0.212373 0.201353 0.190159 0.178871 0.167568 0.15633 0.145229 0.134337 0.123717 0.11343 0.103527 0.0940538 0.0850478 0.0765392 0.0685502 0.0610957 0.0541831 0.0478129 0.0419795 0.0366714 0.0318723 0.0275616 0.0237157 0.0203083 0.0173116 0.0146968 0.0124351 0.0104986 0.00886029 0.00749528 0.00638094 0.00549744 0.00482811 0.00435967 0.0040825 
0.00451821 0.00462128 0.00493265 0.00545874 0.00621015 0.00720149 0.00845108 0.00998068 0.0118151 0.0139816 0.0165094 0.0194291 0.022772 0.0265688 0.0308496 0.0356423 0.040972 0.0468601 0.0533231 0.0603721 0.068012 0.0762405 0.0850478 0.094416 0.104319 0.114722 0.125583 0.136851 0.148467 0.160367 0.172478 0.184724 0.197023 0.209292 0.221444 0.233391 0.245046 0.256323 0.267139 0.277411 0.287064 0.296026 0.304229 0.311614 0.318127 0.323718 0.328349 0.331986 0.334603 0.33618 0.336707 0.33618 0.334603 0.331986 0.328349 0.323718 0.318127 0.311614 0.304229 0.296026 0.287064 0.277411 0.267139 0.256323 0.245046 0.233391 0.221444 0.209292 0.197023 0.184724 0.172478 0.160367 0.148467 0.136851 0.125583 0.114722 0.104319 0.094416 0.0850478 0.0762405 0.068012 0.0603721 0.0533231 0.0468601 0.040972 0.0356423 0.0308496 0.0265688 0.022772 0.0194291 0.0165094 0.0139816 0.0118151 0.00998068 0.00845108 0.00720149 0.00621015 0.00545874 0.00493265 0.00462128 
0.00509007 0.00520531 0.0055534 0.00614137 0.00698084 0.0080878 0.00948228 0.0111881 0.0132321 0.0156442 0.018456 0.0217006 0.0254116 0.0296222 0.0343643 0.0396675 0.0455583 0.0520584 0.0591848 0.0669479 0.0753514 0.0843908 0.0940538 0.104319 0.115156 0.126526 0.13838 0.150662 0.163307 0.176243 0.189392 0.20267 0.215989 0.229258 0.242383 0.255272 0.26783 0.279968 0.291595 0.302627 0.312983 0.322589 0.331374 0.339277 0.346241 0.352217 0.357163 0.361046 0.363839 0.365522 0.366084 0.365522 0.363839 0.361046 0.357163 0.352217 0.346241 0.339277 0.331374 0.322589 0.312983 0.302627 0.291595 0.279968 0.26783 0.255272 0.242383 0.229258 0.215989 0.20267 0.189392 0.176243 0.163307 0.150662 0.13838 0.126526 0.115156 0.104319 0.0940538 0.0843908 0.0753514 0.0669479 0.0591848 0.0520584 0.0455583 0.0396675 0.0343643 0.0296222 0.0254116 0.0217006 0.018456 0.0156442 0.0132321 0.0111881 0.00948228 0.0080878 0.00698084 0.00614137 0.0055534 0.00520531 
0.00570618 0.00583441 0.00622167 0.00687565 0.007809 0.00903914 0.0105879 0.012481 0.0147479 0.0174206 0.0205334 0.0241219 0.0282222 0.0328696 0.038098 0.0439386 0.0504188 0.057561 0.065382 0.0738914 0.0830913 0.0929751 0.103527 0.114722 0.126526 0.138893 0.151771 0.165095 0.178794 0.192791 0.206998 0.221326 0.235679 0.249959 0.264067 0.277903 0.291369 0.304367 0.316804 0.328593 0.339648 0.349892 0.359252 0.367666 0.375075 0.381428 0.386685 0.390809 0.393774 0.395561 0.396158 0.395561 0.393774 0.390809 0.386685 0.381428 0.375075 0.367666 0.359252 0.349892 0.339648 0.328593 0.316804 0.304367 0.291369 0.277903 0.264067 0.249959 0.235679 0.221326 0.206998 0.192791 0.178794 0.165095 0.151771 0.138893 0.126526 0.114722 0.103527 0.0929751 0.0830913 0.0738914 0.065382 0.057561 0.0504188 0.0439386 0.038098 0.0328696 0.0282222 0.0241219 0.0205334 0.0174206 0.0147479 0.012481 0.0105879 0.00903914 0.007809 0.00687565 0.00622167 0.00583441 
0.00636572 0.00650772 0.00693652 0.00766046 0.00869327 0.0100538 0.0117658 0.013857 0.0163591 0.0193067 0.0227366 0.026687 0.0311963 0.0363019 0.0420397 0.0484423 0.0555379 0.0633495 0.0718931 0.0811776 0.0912031 0.10196 0.11343 0.125583 0.13838 0.151771 0.165695 0.180082 0.194855 0.209928 0.225207 0.240595 0.25599 0.271286 0.286378 0.30116 0.315529 0.329381 0.342622 0.355157 0.366899 0.37777 0.387694 0.396607 0.404449 0.41117 0.416727 0.421085 0.424218 0.426105 0.426735 0.426105 0.424218 0.421085 0.416727 0.41117 0.404449 0.396607 0.387694 0.37777 0.366899 0.355157 0.342622 0.329381 0.315529 0.30116 0.286378 0.271286 0.25599 0.240595 0.225207 0.209928 0.194855 0.180082 0.165695 0.151771 0.13838 0.125583 0.11343 0.10196 0.0912031 0.0811776 0.0718931 0.0633495 0.0555379 0.0484423 0.0420397 0.0363019 0.0311963 0.026687 0.0227366 0.0193067 0.0163591 0.013857 0.0117658 0.0100538 0.00869327 0.00766046 0.00693652 0.00650772 
0.0070672 0.00722371 0.00769627 0.00849389 0.00963141 0.0111292 0.0130127 0.0153119 0.0180608 0.0212966 0.0250585 0.0293872 0.0343234 0.0399069 0.046175 0.0531616 0.0608958 0.0694005 0.0786914 0.0887757 0.0996513 0.111306 0.123717 0.136851 0.150662 0.165095 0.180082 0.195548 0.211407 0.227565 0.243922 0.260373 0.276808 0.293117 0.309187 0.324907 0.340166 0.354861 0.368888 0.382154 0.394567 0.406047 0.416518 0.425913 0.434173 0.441248 0.447095 0.451678 0.45497 0.456954 0.457616 0.456954 0.45497 0.451678 0.447095 0.441248 0.434173 0.425913 0.416518 0.406047 0.394567 0.382154 0.368888 0.354861 0.340166 0.324907 0.309187 0.293117 0.276808 0.260373 0.243922 0.227565 0.211407 0.195548 0.180082 0.165095 0.150662 0.136851 0.123717 0.111306 0.0996513 0.0887757 0.0786914 0.0694005 0.0608958 0.0531616 0.046175 0.0399069 0.0343234 0.0293872 0.0250585 0.0212966 0.0180608 0.0153119 0.0130127 0.0111292 0.00963141 0.00849389 0.00769627 0.00722371 
0.00780838 0.00798008 0.00849845 0.00937318 0.0106202 0.0122614 0.0143241 0.0168404 0.0198467 0.0233825 0.0274898 0.0322115 0.0375907 0.043669 0.0504856 0.0580754 0.066468 0.0756861 0.0857445 0.0966489 0.108395 0.120966 0.134337 0.148467 0.163307 0.178794 0.194855 0.211407 0.228355 0.2456 0.263033 0.280542 0.298011 0.315321 0.332355 0.348996 0.365129 0.380644 0.395438 0.409411 0.422473 0.434539 0.445535 0.455392 0.464052 0.471464 0.477585 0.482381 0.485826 0.4879 0.488593 0.4879 0.485826 0.482381 0.477585 0.471464 0.464052 0.455392 0.445535 0.434539 0.422473 0.409411 0.395438 0.380644 0.365129 0.348996 0.332355 0.315321 0.298011 0.280542 0.263033 0.2456 0.228355 0.211407 0.194855 0.178794 0.163307 0.148467 0.134337 0.120966 0.108395 0.0966489 0.0857445 0.0756861 0.066468 0.0580754 0.0504856 0.043669 0.0375907 0.0322115 0.0274898 0.0233825 0.0198467 0.0168404 0.0143241 0.0122614 0.0106202 0.00937318 0.00849845 0.00798008 
0.00858629 0.00877379 0.0093398 0.0102947 0.0116555 0.0134457 0.0156943 0.0184357 0.0217086 0.0255549 0.0300191 0.0351464 0.0409822 0.04757 0.0549503 0.063159 0.0722259 0.0821736 0.0930155 0.104755 0.117386 0.130888 0.145229 0.160367 0.176243 0.192791 0.209928 0.227565 0.2456 0.263925 0.282424 0.300979 0.319465 0.337759 0.355736 0.373274 0.390255 0.406565 0.422098 0.436751 0.450433 0.463059 0.474553 0.484847 0.493884 0.501613 0.507993 0.512988 0.516575 0.518734 0.519455 0.518734 0.516575 0.512988 0.507993 0.501613 0.493884 0.484847 0.474553 0.463059 0.450433 0.436751 0.422098 0.406565 0.390255 0.373274 0.355736 0.337759 0.319465 0.300979 0.282424 0.263925 0.2456 0.227565 0.209928 0.192791 0.176243 0.160367 0.145229 0.130888 0.117386 0.104755 0.0930155 0.0821736 0.0722259 0.063159 0.0549503 0.04757 0.0409822 0.0351464 0.0300191 0.0255549 0.0217086 0.0184357 0.0156943 0.0134457 0.0116555 0.0102947 0.0093398 0.00877379 
0.00939718 0.00960102 0.0102162 0.0112539 0.0127322 0.014676 0.0171164 0.0200897 0.0236368 0.0278023 0.0326329 0.0381762 0.0444796 0.0515883 0.0595442 0.0683838 0.0781372 0.088826 0.100462 0.113048 0.126572 0.141011 0.15633 0.172478 0.189392 0.206998 0.225207 0.243922 0.263033 0.282424 0.301974 0.321554 0.341035 0.360286 0.379178 0.397584 0.415382 0.432454 0.448692 0.463992 0.478261 0.491415 0.503377 0.514082 0.52347 0.531494 0.538113 0.543293 0.547011 0.549249 0.549996 0.549249 0.547011 0.543293 0.538113 0.531494 0.52347 0.514082 0.503377 0.491415 0.478261 0.463992 0.448692 0.432454 0.415382 0.397584 0.379178 0.360286 0.341035 0.321554 0.301974 0.282424 0.263033 0.243922 0.225207 0.206998 0.189392 0.172478 0.15633 0.141011 0.126572 0.113048 0.100462 0.088826 0.0781372 0.0683838 0.0595442 0.0515883 0.0444796 0.0381762 0.0326329 0.0278023 0.0236368 0.0200897 0.0171164 0.014676 0.0127322 0.0112539 0.0102162 0.00960102 
0.0102366 0.0104572 0.0111229 0.0122455 0.0138442 0.0159455 0.0185821 0.0217926 0.0256202 0.0301116 0.0353158 0.0412829 0.048062 0.0556999 0.0642396 0.0737181 0.0841655 0.0956024 0.108039 0.121475 0.135896 0.151274 0.167568 0.184724 0.20267 0.221326 0.240595 0.260373 0.280542 0.300979 0.321554 0.342133 0.362579 0.382756 0.402528 0.421766 0.440343 0.45814 0.475044 0.490954 0.505774 0.51942 0.531818 0.542901 0.552613 0.560908 0.567745 0.573094 0.576932 0.579241 0.580012 0.579241 0.576932 0.573094 0.567745 0.560908 0.552613 0.542901 0.531818 0.51942 0.505774 0.490954 0.475044 0.45814 0.440343 0.421766 0.402528 0.382756 0.362579 0.342133 0.321554 0.300979 0.280542 0.260373 0.240595 0.221326 0.20267 0.184724 0.167568 0.151274 0.135896 0.121475 0.108039 0.0956024 0.0841655 0.0737181 0.0642396 0.0556999 0.048062 0.0412829 0.0353158 0.0301116 0.0256202 0.0217926 0.0185821 0.0159455 0.0138442 0.0122455 0.0111229 0.0104572 
0.0110992 0.0113369 0.012054 0.0132631 0.0149845 0.017246 0.0200822 0.0235337 0.0276459 0.0324678 0.0380506 0.0444464 0.051706 0.0598779 0.0690058 0.0791271 0.0902713 0.102458 0.115696 0.129981 0.145296 0.161608 0.178871 0.197023 0.215989 0.235679 0.25599 0.276808 0.298011 0.319465 0.341035 0.362579 0.383954 0.405018 0.425632 0.44566 0.464975 0.483453 0.500983 0.51746 0.532791 0.546891 0.559688 0.571117 0.581125 0.589664 0.596699 0.602199 0.606144 0.608517 0.609309 0.608517 0.606144 0.602199 0.596699 0.589664 0.581125 0.571117 0.559688 0.546891 0.532791 0.51746 0.500983 0.483453 0.464975 0.44566 0.425632 0.405018 0.383954 0.362579 0.341035 0.319465 0.298011 0.276808 0.25599 0.235679 0.215989 0.197023 0.178871 0.161608 0.145296 0.129981 0.115696 0.102458 0.0902713 0.0791271 0.0690058 0.0598779 0.051706 0.0444464 0.0380506 0.0324678 0.0276459 0.0235337 0.0200822 0.017246 0.0149845 0.0132631 0.012054 0.0113369 
0.0119791 0.0122341 0.0130033 0.0142999 0.0161452 0.0185686 0.0216063 0.025301 0.0297 0.0348547 0.0408182 0.0476446 0.0553865 0.0640934 0.0738097 0.0845732 0.0964125 0.109346 0.12338 0.138508 0.154707 0.171941 0.190159 0.209292 0.229258 0.249959 0.271286 0.293117 0.315321 0.337759 0.360286 0.382756 0.405018 0.426926 0.448336 0.46911 0.489116 0.50823 0.52634 0.543341 0.55914 0.573655 0.586813 0.598554 0.608825 0.617583 0.624793 0.630427 0.634466 0.636895 0.637705 0.636895 0.634466 0.630427 0.624793 0.617583 0.608825 0.598554 0.586813 0.573655 0.55914 0.543341 0.52634 0.50823 0.489116 0.46911 0.448336 0.426926 0.405018 0.382756 0.360286 0.337759 0.315321 0.293117 0.271286 0.249959 0.229258 0.209292 0.190159 0.171941 0.154707 0.138508 0.12338 0.109346 0.0964125 0.0845732 0.0738097 0.0640934 0.0553865 0.0476446 0.0408182 0.0348547 0.0297 0.025301 0.0216063 0.0185686 0.0161452 0.0142999 0.0130033 0.0122341 
0.0128697 0.013142 0.0139635 0.0153479 0.0173176 0.0199034 0.0231431 0.0270812 0.0317673 0.0372545 0.0435982 0.0508541 0.0590763 0.0683154 0.0786163 0.0900166 0.102544 0.116216 0.131036 0.146993 0.164062 0.182201 0.201353 0.221444 0.242383 0.264067 0.286378 0.309187 0.332355 0.355736 0.379178 0.402528 0.425632 0.448336 0.470494 0.491964 0.512612 0.532314 0.550956 0.568434 0.584658 0.599546 0.613028 0.625045 0.635549 0.644498 0.65186 0.657611 0.661731 0.664208 0.665035 0.664208 0.661731 0.657611 0.65186 0.644498 0.635549 0.625045 0.613028 0.599546 0.584658 0.568434 0.550956 0.532314 0.512612 0.491964 0.470494 0.448336 0.425632 0.402528 0.379178 0.355736 0.332355 0.309187 0.286378 0.264067 0.242383 0.221444 0.201353 0.182201 0.164062 0.146993 0.131036 0.116216 0.102544 0.0900166 0.0786163 0.0683154 0.0590763 0.0508541 0.0435982 0.0372545 0.0317673 0.0270812 0.0231431 0.0199034 0.0173176 0.0153479 0.0139635 0.013142 
0.0137639 0.0140535 0.0149271 0.0163989 0.0184925 0.0212397 0.0246803 0.0288604 0.0338314 0.0396485 0.046369 0.05405 0.062747 0.0725115 0.0833887 0.095416 0.10862 0.123016 0.138606 0.155374 0.173292 0.192313 0.212373 0.233391 0.255272 0.277903 0.30116 0.324907 0.348996 0.373274 0.397584 0.421766 0.44566 0.46911 0.491964 0.514078 0.535317 0.555557 0.574682 0.592591 0.609195 0.624413 0.63818 0.65044 0.661145 0.670259 0.677751 0.6836 0.687789 0.690307 0.691147 0.690307 0.687789 0.6836 0.677751 0.670259 0.661145 0.65044 0.63818 0.624413 0.609195 0.592591 0.574682 0.555557 0.535317 0.514078 0.491964 0.46911 0.44566 0.421766 0.397584 0.373274 0.348996 0.324907 0.30116 0.277903 0.255272 0.233391 0.212373 0.192313 0.173292 0.155374 0.138606 0.123016 0.10862 0.095416 0.0833887 0.0725115 0.062747 0.05405 0.046369 0.0396485 0.0338314 0.0288604 0.0246803 0.0212397 0.0184925 0.0163989 0.0149271 0.0140535 
0.014654 0.0149607 0.0158857 0.0174439 0.0196597 0.0225664 0.0262051 0.0306236 0.0358753 0.0420171 0.0491078 0.0572062 0.0663689 0.076648 0.0880891 0.100729 0.114593 0.129694 0.146032 0.163588 0.182327 0.2022 0.223135 0.245046 0.26783 0.291369 0.315529 0.340166 0.365129 0.390255 0.415382 0.440343 0.464975 0.489116 0.512612 0.535317 0.557095 0.577821 0.597381 0.615674 0.632613 0.648121 0.662135 0.674602 0.685478 0.694731 0.702332 0.708262 0.712508 0.715059 0.715909 0.715059 0.712508 0.708262 0.702332 0.694731 0.685478 0.674602 0.662135 0.648121 0.632613 0.615674 0.597381 0.577821 0.557095 0.535317 0.512612 0.489116 0.464975 0.440343 0.415382 0.390255 0.365129 0.340166 0.315529 0.291369 0.26783 0.245046 0.223135 0.2022 0.182327 0.163588 0.146032 0.129694 0.114593 0.100729 0.0880891 0.076648 0.0663689 0.0572062 0.0491078 0.0420171 0.0358753 0.0306236 0.0262051 0.0225664 0.0196597 0.0174439 0.0158857 0.0149607 
0.015532 0.0158554 0.0168308 0.0184736 0.0208091 0.0238718 0.0277041 0.0323557 0.0378814 0.0443399 0.0517914 0.0602962 0.0699118 0.0806908 0.0926788 0.105912 0.120414 0.136197 0.153256 0.171569 0.191099 0.211787 0.23356 0.256323 0.279968 0.304367 0.329381 0.354861 0.380644 0.406565 0.432454 0.45814 0.483453 0.50823 0.532314 0.555557 0.577821 0.598982 0.618927 0.637558 0.654789 0.670547 0.684772 0.697413 0.708432 0.717798 0.725487 0.731483 0.735773 0.738351 0.73921 0.738351 0.735773 0.731483 0.725487 0.717798 0.708432 0.697413 0.684772 0.670547 0.654789 0.637558 0.618927 0.598982 0.577821 0.555557 0.532314 0.50823 0.483453 0.45814 0.432454 0.406565 0.380644 0.354861 0.329381 0.304367 0.279968 0.256323 0.23356 0.211787 0.191099 0.171569 0.153256 0.136197 0.120414 0.105912 0.0926788 0.0806908 0.0699118 0.0602962 0.0517914 0.0443399 0.0378814 0.0323557 0.0277041 0.0238718 0.0208091 0.0184736 0.0168308 0.0158554 
0.0163895 0.0167292 0.0177534 0.0194783 0.0219299 0.0251437 0.0291637 0.0340409 0.0398317 0.0465962 0.0543963 0.0632931 0.0733451 0.0846053 0.097119 0.110922 0.126036 0.142471 0.160219 0.179255 0.199537 0.221002 0.243569 0.267139 0.291595 0.316804 0.342622 0.368888 0.395438 0.422098 0.448692 0.475044 0.500983 0.52634 0.550956 0.574682 0.597381 0.618927 0.639211 0.658135 0.675617 0.691587 0.705987 0.718772 0.729906 0.739363 0.747121 0.753168 0.757492 0.760089 0.760955 0.760089 0.757492 0.753168 0.747121 0.739363 0.729906 0.718772 0.705987 0.691587 0.675617 0.658135 0.639211 0.618927 0.597381 0.574682 0.550956 0.52634 0.500983 0.475044 0.448692 0.422098 0.395438 0.368888 0.342622 0.316804 0.291595 0.267139 0.243569 0.221002 0.199537 0.179255 0.160219 0.142471 0.126036 0.110922 0.097119 0.0846053 0.0733451 0.0632931 0.0543963 0.0465962 0.0398317 0.0340409 0.0291637 0.0251437 0.0219299 0.0194783 0.0177534 0.0167292 
0.0172182 0.0175735 0.0186447 0.0204483 0.0230113 0.0263702 0.0305701 0.0356634 0.0417081 0.0487655 0.0568987 0.06617 0.0766384 0.0883573 0.101372 0.115716 0.131411 0.148464 0.166865 0.186585 0.207576 0.229772 0.253085 0.277411 0.302627 0.328593 0.355157 0.382154 0.409411 0.436751 0.463992 0.490954 0.51746 0.543341 0.568434 0.592591 0.615674 0.637558 0.658135 0.677311 0.695004 0.71115 0.725694 0.738594 0.749819 0.759345 0.767155 0.773239 0.777588 0.780199 0.78107 0.780199 0.777588 0.773239 0.767155 0.759345 0.749819 0.738594 0.725694 0.71115 0.695004 0.677311 0.658135 0.637558 0.615674 0.592591 0.568434 0.543341 0.51746 0.490954 0.463992 0.436751 0.409411 0.382154 0.355157 0.328593 0.302627 0.277411 0.253085 0.229772 0.207576 0.186585 0.166865 0.148464 0.131411 0.115716 0.101372 0.0883573 0.0766384 0.06617 0.0568987 0.0487655 0.0417081 0.0356634 0.0305701 0.0263702 0.0230113 0.0204483 0.0186447 0.0175735 
