3.10447e-05 3.22366e-05 3.58704e-05 4.21206e-05 5.12808e-05 6.37672e-05 8.01231e-05 0.000101024 0.000127285 0.00015986 0.000199853 0.000248511 0.00030723 0.000377542 0.000461112 0.000559716 0.000675226 0.000809575 0.00096473 0.00114264 0.00134521 0.00157421 0.00183126 0.00211774 0.00243473 0.00278294 0.00316269 0.00357377 0.0040155 0.00448656 0.00498507 0.0055085 0.00605371 0.00661692 0.00719377 0.00777935 0.00836826 0.00895471 0.00953256 0.0100955 0.010637 0.0111507 0.0116302 0.0120695 0.012463 0.0128054 0.0130922 0.0133194 0.013484 0.0135837 0.0136171 0.0135837 0.013484 0.0133194 0.0130922 0.0128054 0.012463 0.0120695 0.0116302 0.0111507 0.010637 0.0100955 0.00953256 0.00895471 0.00836826 0.00777935 0.00719377 0.00661692 0.00605371 0.0055085 0.00498507 0.00448656 0.0040155 0.00357377 0.00316269 0.00278294 0.00243473 0.00211774 0.00183126 0.00157421 0.00134521 0.00114264 0.00096473 0.000809575 0.000675226 0.000559716 0.000461112 0.000377542 0.00030723 0.000248511 0.000199853 0.00015986 0.000127285 0.000101024 8.01231e-05 6.37672e-05 5.12808e-05 4.21206e-05 3.58704e-05 3.22366e-05 
3.22366e-05 3.34717e-05 3.72368e-05 4.37122e-05 5.3201e-05 6.61327e-05 8.30681e-05 0.000104705 0.000131881 0.000165584 0.000206947 0.000257259 0.000317953 0.000390609 0.000476936 0.000578763 0.00069801 0.000836662 0.000996737 0.00118023 0.0013891 0.00162514 0.00189002 0.00218513 0.00251157 0.00287007 0.00326092 0.00368391 0.0041383 0.00462275 0.00513529 0.00567332 0.00623359 0.00681223 0.00740475 0.00800612 0.00861078 0.0092128 0.00980589 0.0103835 0.0109392 0.0114661 0.011958 0.0124086 0.0128121 0.0131633 0.0134573 0.0136903 0.0138591 0.0139612 0.0139955 0.0139612 0.0138591 0.0136903 0.0134573 0.0131633 0.0128121 0.0124086 0.011958 0.0114661 0.0109392 0.0103835 0.00980589 0.0092128 0.00861078 0.00800612 0.00740475 0.00681223 0.00623359 0.00567332 0.00513529 0.00462275 0.0041383 0.00368391 0.00326092 0.00287007 0.00251157 0.00218513 0.00189002 0.00162514 0.0013891 0.00118023 0.000996737 0.000836662 0.00069801 0.000578763 0.000476936 0.000390609 0.000317953 0.000257259 0.000206947 0.000165584 0.000131881 0.000104705 8.30681e-05 6.61327e-05 5.3201e-05 4.37122e-05 3.72368e-05 3.34717e-05 
3.58704e-05 3.72368e-05 4.14016e-05 4.85624e-05 5.9051e-05 7.33378e-05 9.20363e-05 0.000115909 0.000145872 0.000183 0.000228532 0.000283866 0.000350564 0.000430337 0.00052504 0.00063665 0.00076724 0.00091895 0.00109395 0.00129438 0.00152233 0.00177973 0.00206832 0.00238959 0.00274468 0.00313433 0.0035588 0.00401783 0.00451056 0.00503549 0.00559047 0.00617265 0.00677849 0.00740378 0.00804368 0.00869274 0.00934499 0.00999404 0.0106331 0.0112553 0.0118535 0.0124206 0.0129498 0.0134344 0.0138682 0.0142456 0.0145616 0.0148119 0.0149932 0.015103 0.0151398 0.015103 0.0149932 0.0148119 0.0145616 0.0142456 0.0138682 0.0134344 0.0129498 0.0124206 0.0118535 0.0112553 0.0106331 0.00999404 0.00934499 0.00869274 0.00804368 0.00740378 0.00677849 0.00617265 0.00559047 0.00503549 0.00451056 0.00401783 0.0035588 0.00313433 0.00274468 0.00238959 0.00206832 0.00177973 0.00152233 0.00129438 0.00109395 0.00091895 0.00076724 0.00063665 0.00052504 0.000430337 0.000350564 0.000283866 0.000228532 0.000183 0.000145872 0.000115909 9.20363e-05 7.33378e-05 5.9051e-05 4.85624e-05 4.14016e-05 3.72368e-05 
4.21206e-05 4.37122e-05 4.85624e-05 5.6898e-05 6.91004e-05 8.57092e-05 0.000107428 0.000135129 0.000169861 0.000212851 0.00026551 0.000329431 0.000406386 0.000498316 0.000607316 0.000735617 0.000885551 0.00105952 0.00125995 0.00148922 0.00174965 0.00204337 0.00237229 0.00273802 0.00314178 0.00358431 0.00406586 0.00458602 0.00514375 0.00573731 0.00636418 0.00702112 0.00770408 0.00840831 0.00912833 0.00985802 0.0105907 0.0113192 0.012036 0.0127334 0.0134034 0.0140383 0.0146303 0.0151722 0.0156572 0.0160789 0.0164319 0.0167115 0.0169139 0.0170365 0.0170775 0.0170365 0.0169139 0.0167115 0.0164319 0.0160789 0.0156572 0.0151722 0.0146303 0.0140383 0.0134034 0.0127334 0.012036 0.0113192 0.0105907 0.00985802 0.00912833 0.00840831 0.00770408 0.00702112 0.00636418 0.00573731 0.00514375 0.00458602 0.00406586 0.00358431 0.00314178 0.00273802 0.00237229 0.00204337 0.00174965 0.00148922 0.00125995 0.00105952 0.000885551 0.000735617 0.000607316 0.000498316 0.000406386 0.000329431 0.00026551 0.000212851 0.000169861 0.000135129 0.000107428 8.57092e-05 6.91004e-05 5.6898e-05 4.85624e-05 4.37122e-05 
5.12808e-05 5.3201e-05 5.9051e-05 6.91004e-05 8.38017e-05 0.000103795 0.000129913 0.00016319 0.000204862 0.000256377 0.000319396 0.00039579 0.000487634 0.000597196 0.000726921 0.0008794 0.00105734 0.0012635 0.00150068 0.00177162 0.00207893 0.00242504 0.00281209 0.00324186 0.00371567 0.00423428 0.00479785 0.00540582 0.00605688 0.00674887 0.00747881 0.00824284 0.00903623 0.00985341 0.010688 0.011533 0.0123805 0.0132225 0.0140502 0.0148548 0.0156273 0.0163587 0.0170404 0.017664 0.0182217 0.0187065 0.0191122 0.0194334 0.0196659 0.0198066 0.0198538 0.0198066 0.0196659 0.0194334 0.0191122 0.0187065 0.0182217 0.017664 0.0170404 0.0163587 0.0156273 0.0148548 0.0140502 0.0132225 0.0123805 0.011533 0.010688 0.00985341 0.00903623 0.00824284 0.00747881 0.00674887 0.00605688 0.00540582 0.00479785 0.00423428 0.00371567 0.00324186 0.00281209 0.00242504 0.00207893 0.00177162 0.00150068 0.0012635 0.00105734 0.0008794 0.000726921 0.000597196 0.000487634 0.00039579 0.000319396 0.000256377 0.000204862 0.00016319 0.000129913 0.000103795 8.38017e-05 6.91004e-05 5.9051e-05 5.3201e-05 
6.37672e-05 6.61327e-05 7.33378e-05 8.57092e-05 0.000103795 0.00012837 0.000160441 0.000201254 0.000252302 0.000315327 0.00039232 0.000485522 0.000597415 0.000730701 0.000888285 0.00107323 0.00128874 0.00153807 0.00182448 0.00215117 0.00252116 0.00293725 0.00340188 0.00391703 0.00448415 0.00510401 0.00577666 0.00650129 0.00727621 0.00809877 0.00896529 0.00987113 0.0108106 0.0117771 0.0127631 0.0137602 0.0147593 0.0157509 0.0167247 0.0176705 0.0185778 0.0194362 0.0202357 0.0209666 0.0216199 0.0221876 0.0226624 0.0230382 0.0233102 0.0234748 0.02353 0.0234748 0.0233102 0.0230382 0.0226624 0.0221876 0.0216199 0.0209666 0.0202357 0.0194362 0.0185778 0.0176705 0.0167247 0.0157509 0.0147593 0.0137602 0.0127631 0.0117771 0.0108106 0.00987113 0.00896529 0.00809877 0.00727621 0.00650129 0.00577666 0.00510401 0.00448415 0.00391703 0.00340188 0.00293725 0.00252116 0.00215117 0.00182448 0.00153807 0.00128874 0.00107323 0.000888285 0.000730701 0.000597415 0.000485522 0.00039232 0.000315327 0.000252302 0.000201254 0.000160441 0.00012837 0.000103795 8.57092e-05 7.33378e-05 6.61327e-05 
8.01231e-05 8.30681e-05 9.20363e-05 0.000107428 0.000129913 0.000160441 0.00020024 0.000250831 0.000314033 0.000391961 0.000487033 0.000601962 0.000739741 0.000903628 0.00109711 0.00132385 0.00158767 0.00189243 0.00224201 0.00264014 0.00309038 0.00359596 0.00415969 0.00478379 0.00546985 0.00621863 0.00703001 0.00790287 0.00883502 0.00982311 0.0108626 0.0119479 0.0130721 0.0142272 0.0154042 0.0165931 0.0177832 0.018963 0.0201206 0.0212439 0.0223205 0.0233383 0.0242855 0.025151 0.0259242 0.0265957 0.0271571 0.0276013 0.0279227 0.0281172 0.0281823 0.0281172 0.0279227 0.0276013 0.0271571 0.0265957 0.0259242 0.025151 0.0242855 0.0233383 0.0223205 0.0212439 0.0201206 0.018963 0.0177832 0.0165931 0.0154042 0.0142272 0.0130721 0.0119479 0.0108626 0.00982311 0.00883502 0.00790287 0.00703001 0.00621863 0.00546985 0.00478379 0.00415969 0.00359596 0.00309038 0.00264014 0.00224201 0.00189243 0.00158767 0.00132385 0.00109711 0.000903628 0.000739741 0.000601962 0.000487033 0.000391961 0.000314033 0.000250831 0.00020024 0.000160441 0.000129913 0.000107428 9.20363e-05 8.30681e-05 
0.000101024 0.000104705 0.000115909 0.000135129 0.00016319 0.000201254 0.000250831 0.000313784 0.000392334 0.000489064 0.000606921 0.000749199 0.000919529 0.00112185 0.00136035 0.00163947 0.00196374 0.0023378 0.00276621 0.00325342 0.00380359 0.00442048 0.0051073 0.00586657 0.0067 0.00760833 0.00859119 0.00964704 0.0107731 0.011965 0.0132174 0.0145232 0.0158741 0.0172604 0.0186713 0.0200949 0.0215184 0.0229281 0.0243099 0.0256495 0.0269324 0.0281442 0.0292713 0.0303003 0.0312191 0.0320167 0.0326832 0.0332104 0.0335917 0.0338225 0.0338997 0.0338225 0.0335917 0.0332104 0.0326832 0.0320167 0.0312191 0.0303003 0.0292713 0.0281442 0.0269324 0.0256495 0.0243099 0.0229281 0.0215184 0.0200949 0.0186713 0.0172604 0.0158741 0.0145232 0.0132174 0.011965 0.0107731 0.00964704 0.00859119 0.00760833 0.0067 0.00586657 0.0051073 0.00442048 0.00380359 0.00325342 0.00276621 0.0023378 0.00196374 0.00163947 0.00136035 0.00112185 0.000919529 0.000749199 0.000606921 0.000489064 0.000392334 0.000313784 0.000250831 0.000201254 0.00016319 0.000135129 0.000115909 0.000104705 
0.000127285 0.000131881 0.000145872 0.000169861 0.000204862 0.000252302 0.000314033 0.000392334 0.000489921 0.000609948 0.000756001 0.000932083 0.0011426 0.0013923 0.00168625 0.00202975 0.00242827 0.0028873 0.00341228 0.00400844 0.00468066 0.00543329 0.00627004 0.00719372 0.00820615 0.009308 0.0104986 0.0117758 0.013136 0.0145739 0.0160827 0.0176539 0.0192772 0.0209411 0.0226325 0.0243372 0.0260398 0.0277242 0.0293737 0.0309713 0.0324999 0.0339428 0.0352837 0.0365072 0.0375991 0.0385464 0.0393376 0.0399633 0.0404158 0.0406896 0.0407812 0.0406896 0.0404158 0.0399633 0.0393376 0.0385464 0.0375991 0.0365072 0.0352837 0.0339428 0.0324999 0.0309713 0.0293737 0.0277242 0.0260398 0.0243372 0.0226325 0.0209411 0.0192772 0.0176539 0.0160827 0.0145739 0.013136 0.0117758 0.0104986 0.009308 0.00820615 0.00719372 0.00627004 0.00543329 0.00468066 0.00400844 0.00341228 0.0028873 0.00242827 0.00202975 0.00168625 0.0013923 0.0011426 0.000932083 0.000756001 0.000609948 0.000489921 0.000392334 0.000314033 0.000252302 0.000204862 0.000169861 0.000145872 0.000131881 
0.00015986 0.000165584 0.000183 0.000212851 0.000256377 0.000315327 0.000391961 0.000489064 0.000609948 0.000758449 0.00093892 0.00115621 0.00141565 0.00172295 0.00208422 0.00250579 0.00299419 0.00355594 0.00419748 0.00492496 0.00574407 0.00665985 0.00767649 0.00879715 0.0100237 0.0113568 0.0127951 0.014336 0.0159747 0.0177047 0.0195176 0.021403 0.0233485 0.0253401 0.0273623 0.0293981 0.0314291 0.0334364 0.0354001 0.0373002 0.0391167 0.04083 0.042421 0.0438718 0.0451657 0.0462876 0.0472245 0.047965 0.0485004 0.0488243 0.0489327 0.0488243 0.0485004 0.047965 0.0472245 0.0462876 0.0451657 0.0438718 0.042421 0.04083 0.0391167 0.0373002 0.0354001 0.0334364 0.0314291 0.0293981 0.0273623 0.0253401 0.0233485 0.021403 0.0195176 0.0177047 0.0159747 0.014336 0.0127951 0.0113568 0.0100237 0.00879715 0.00767649 0.00665985 0.00574407 0.00492496 0.00419748 0.00355594 0.00299419 0.00250579 0.00208422 0.00172295 0.00141565 0.00115621 0.00093892 0.000758449 0.000609948 0.000489064 0.000391961 0.000315327 0.000256377 0.000212851 0.000183 0.000165584 
0.000199853 0.000206947 0.000228532 0.00026551 0.000319396 0.00039232 0.000487033 0.000606921 0.000756001 0.00093892 0.00116094 0.00142792 0.00174624 0.0021228 0.00256487 0.00308001 0.00367596 0.00436046 0.00514106 0.00602496 0.00701875 0.00812824 0.00935815 0.010712 0.0121916 0.0137974 0.0155275 0.0173785 0.0193442 0.0214167 0.0235855 0.0258381 0.0281596 0.0305332 0.0329403 0.0353608 0.0377729 0.0401543 0.0424818 0.0447317 0.0468807 0.0489059 0.0507853 0.0524978 0.0540242 0.0553472 0.0564513 0.0573238 0.0579545 0.0583358 0.0584635 0.0583358 0.0579545 0.0573238 0.0564513 0.0553472 0.0540242 0.0524978 0.0507853 0.0489059 0.0468807 0.0447317 0.0424818 0.0401543 0.0377729 0.0353608 0.0329403 0.0305332 0.0281596 0.0258381 0.0235855 0.0214167 0.0193442 0.0173785 0.0155275 0.0137974 0.0121916 0.010712 0.00935815 0.00812824 0.00701875 0.00602496 0.00514106 0.00436046 0.00367596 0.00308001 0.00256487 0.0021228 0.00174624 0.00142792 0.00116094 0.00093892 0.000756001 0.000606921 0.000487033 0.00039232 0.000319396 0.00026551 0.000228532 0.000206947 
0.000248511 0.000257259 0.000283866 0.000329431 0.00039579 0.000485522 0.000601962 0.000749199 0.000932083 0.00115621 0.00142792 0.00175421 0.00214275 0.00260175 0.00313985 0.00376604 0.00448944 0.00531913 0.00626396 0.00733229 0.00853171 0.00986883 0.0113489 0.0129758 0.0147513 0.0166754 0.0187456 0.0209572 0.0233028 0.0257722 0.028353 0.0310299 0.0337852 0.0365987 0.0394486 0.0423108 0.0451601 0.0479699 0.0507133 0.0533627 0.0558911 0.0582719 0.0604794 0.0624897 0.0642804 0.0658316 0.0671257 0.0681479 0.0688865 0.0693332 0.0694826 0.0693332 0.0688865 0.0681479 0.0671257 0.0658316 0.0642804 0.0624897 0.0604794 0.0582719 0.0558911 0.0533627 0.0507133 0.0479699 0.0451601 0.0423108 0.0394486 0.0365987 0.0337852 0.0310299 0.028353 0.0257722 0.0233028 0.0209572 0.0187456 0.0166754 0.0147513 0.0129758 0.0113489 0.00986883 0.00853171 0.00733229 0.00626396 0.00531913 0.00448944 0.00376604 0.00313985 0.00260175 0.00214275 0.00175421 0.00142792 0.00115621 0.000932083 0.000749199 0.000601962 0.000485522 0.00039579 0.000329431 0.000283866 0.000257259 
0.00030723 0.000317953 0.000350564 0.000406386 0.000487634 0.000597415 0.000739741 0.000919529 0.0011426 0.00141565 0.00174624 0.00214275 0.00261428 0.00317055 0.00382181 0.0045786 0.00545165 0.00645156 0.0075886 0.00887239 0.0103116 0.0119138 0.0136847 0.0156283 0.0177464 0.0200385 0.0225011 0.0251281 0.0279103 0.0308355 0.0338883 0.0370505 0.0403009 0.043616 0.0469697 0.0503338 0.0536789 0.0569741 0.0601879 0.0632887 0.0662451 0.0690265 0.0716035 0.0739486 0.0760363 0.0778437 0.0793508 0.0805409 0.0814007 0.0819204 0.0820943 0.0819204 0.0814007 0.0805409 0.0793508 0.0778437 0.0760363 0.0739486 0.0716035 0.0690265 0.0662451 0.0632887 0.0601879 0.0569741 0.0536789 0.0503338 0.0469697 0.043616 0.0403009 0.0370505 0.0338883 0.0308355 0.0279103 0.0251281 0.0225011 0.0200385 0.0177464 0.0156283 0.0136847 0.0119138 0.0103116 0.00887239 0.0075886 0.00645156 0.00545165 0.0045786 0.00382181 0.00317055 0.00261428 0.00214275 0.00174624 0.00141565 0.0011426 0.000919529 0.000739741 0.000597415 0.000487634 0.000406386 0.000350564 0.000317953 
0.000377542 0.000390609 0.000430337 0.000498316 0.000597196 0.000730701 0.000903628 0.00112185 0.0013923 0.00172295 0.0021228 0.00260175 0.00317055 0.00384068 0.00462414 0.00553329 0.00658061 0.00777839 0.00913847 0.0106719 0.0123884 0.0142964 0.0164023 0.0187101 0.0212216 0.0239352 0.0268465 0.0299476 0.0332272 0.0366705 0.040259 0.0439709 0.0477815 0.0516626 0.0555839 0.0595127 0.0634146 0.067254 0.0709946 0.0745999 0.0780341 0.0812622 0.0842507 0.0869683 0.089386 0.0914779 0.0932215 0.0945979 0.0955918 0.0961926 0.0963936 0.0961926 0.0955918 0.0945979 0.0932215 0.0914779 0.089386 0.0869683 0.0842507 0.0812622 0.0780341 0.0745999 0.0709946 0.067254 0.0634146 0.0595127 0.0555839 0.0516626 0.0477815 0.0439709 0.040259 0.0366705 0.0332272 0.0299476 0.0268465 0.0239352 0.0212216 0.0187101 0.0164023 0.0142964 0.0123884 0.0106719 0.00913847 0.00777839 0.00658061 0.00553329 0.00462414 0.00384068 0.00317055 0.00260175 0.0021228 0.00172295 0.0013923 0.00112185 0.000903628 0.000730701 0.000597196 0.000498316 0.000430337 0.000390609 
0.000461112 0.000476936 0.00052504 0.000607316 0.000726921 0.000888285 0.00109711 0.00136035 0.00168625 0.00208422 0.00256487 0.00313985 0.00382181 0.00462414 0.00556086 0.00664633 0.00789497 0.00932094 0.0109378 0.0127579 0.0147925 0.0170506 0.0195392 0.0222624 0.0252214 0.0284138 0.0318337 0.0354713 0.0393125 0.0433396 0.0475306 0.0518597 0.0562977 0.0608119 0.0653668 0.0699247 0.0744459 0.0788895 0.083214 0.0873778 0.0913401 0.0950611 0.0985032 0.101631 0.104412 0.106816 0.10882 0.1104 0.111541 0.112231 0.112462 0.112231 0.111541 0.1104 0.10882 0.106816 0.104412 0.101631 0.0985032 0.0950611 0.0913401 0.0873778 0.083214 0.0788895 0.0744459 0.0699247 0.0653668 0.0608119 0.0562977 0.0518597 0.0475306 0.0433396 0.0393125 0.0354713 0.0318337 0.0284138 0.0252214 0.0222624 0.0195392 0.0170506 0.0147925 0.0127579 0.0109378 0.00932094 0.00789497 0.00664633 0.00556086 0.00462414 0.00382181 0.00313985 0.00256487 0.00208422 0.00168625 0.00136035 0.00109711 0.000888285 0.000726921 0.000607316 0.00052504 0.000476936 
0.000559716 0.000578763 0.00063665 0.000735617 0.0008794 0.00107323 0.00132385 0.00163947 0.00202975 0.00250579 0.00308001 0.00376604 0.0045786 0.00553329 0.00664633 0.00793429 0.00941371 0.0111008 0.0130108 0.0151579 0.0175542 0.0202099 0.0231322 0.0263252 0.0297893 0.0335211 0.0375128 0.0417521 0.0462221 0.0509015 0.0557642 0.06078 0.0659146 0.0711303 0.076386 0.0816383 0.0868419 0.09195 0.0969155 0.101691 0.106232 0.110491 0.114428 0.118003 0.121179 0.123924 0.126209 0.128012 0.129313 0.130099 0.130362 0.130099 0.129313 0.128012 0.126209 0.123924 0.121179 0.118003 0.114428 0.110491 0.106232 0.101691 0.0969155 0.09195 0.0868419 0.0816383 0.076386 0.0711303 0.0659146 0.06078 0.0557642 0.0509015 0.0462221 0.0417521 0.0375128 0.0335211 0.0297893 0.0263252 0.0231322 0.0202099 0.0175542 0.0151579 0.0130108 0.0111008 0.00941371 0.00793429 0.00664633 0.00553329 0.0045786 0.00376604 0.00308001 0.00250579 0.00202975 0.00163947 0.00132385 0.00107323 0.0008794 0.000735617 0.00063665 0.000578763 
0.000675226 0.00069801 0.00076724 0.000885551 0.00105734 0.00128874 0.00158767 0.00196374 0.00242827 0.00299419 0.00367596 0.00448944 0.00545165 0.00658061 0.00789497 0.00941371 0.0111557 0.0131392 0.0153816 0.0178984 0.0207033 0.0238069 0.0272168 0.0309369 0.0349666 0.0393011 0.0439302 0.0488389 0.054007 0.0594089 0.065014 0.0707872 0.0766887 0.0826747 0.0886985 0.0947104 0.100659 0.106491 0.112153 0.117594 0.12276 0.127603 0.132075 0.136132 0.139733 0.142844 0.145433 0.147475 0.148947 0.149837 0.150134 0.149837 0.148947 0.147475 0.145433 0.142844 0.139733 0.136132 0.132075 0.127603 0.12276 0.117594 0.112153 0.106491 0.100659 0.0947104 0.0886985 0.0826747 0.0766887 0.0707872 0.065014 0.0594089 0.054007 0.0488389 0.0439302 0.0393011 0.0349666 0.0309369 0.0272168 0.0238069 0.0207033 0.0178984 0.0153816 0.0131392 0.0111557 0.00941371 0.00789497 0.00658061 0.00545165 0.00448944 0.00367596 0.00299419 0.00242827 0.00196374 0.00158767 0.00128874 0.00105734 0.000885551 0.00076724 0.00069801 
0.000809575 0.000836662 0.00091895 0.00105952 0.0012635 0.00153807 0.00189243 0.0023378 0.0028873 0.00355594 0.00436046 0.00531913 0.00645156 0.00777839 0.00932094 0.0111008 0.0131392 0.0154569 0.0180731 0.0210051 0.0242675 0.0278718 0.0318258 0.0361326 0.0407907 0.0457931 0.0511272 0.0567746 0.0627112 0.0689068 0.0753257 0.0819271 0.0886651 0.0954899 0.102348 0.109183 0.115937 0.12255 0.128964 0.135119 0.140957 0.146424 0.151468 0.15604 0.160096 0.163597 0.16651 0.168804 0.17046 0.171459 0.171794 0.171459 0.17046 0.168804 0.16651 0.163597 0.160096 0.15604 0.151468 0.146424 0.140957 0.135119 0.128964 0.12255 0.115937 0.109183 0.102348 0.0954899 0.0886651 0.0819271 0.0753257 0.0689068 0.0627112 0.0567746 0.0511272 0.0457931 0.0407907 0.0361326 0.0318258 0.0278718 0.0242675 0.0210051 0.0180731 0.0154569 0.0131392 0.0111008 0.00932094 0.00777839 0.00645156 0.00531913 0.00436046 0.00355594 0.0028873 0.0023378 0.00189243 0.00153807 0.0012635 0.00105952 0.00091895 0.000836662 
0.00096473 0.000996737 0.00109395 0.00125995 0.00150068 0.00182448 0.00224201 0.00276621 0.00341228 0.00419748 0.00514106 0.00626396 0.0075886 0.00913847 0.0109378 0.0130108 0.0153816 0.0180731 0.0211066 0.0245011 0.0282723 0.0324322 0.0369884 0.0419434 0.0472939 0.0530308 0.0591383 0.0655943 0.0723701 0.0794303 0.0867336 0.0942329 0.101876 0.109606 0.117362 0.125081 0.132698 0.140147 0.147362 0.154277 0.16083 0.16696 0.172609 0.177726 0.182262 0.186174 0.189427 0.191988 0.193836 0.194951 0.195324 0.194951 0.193836 0.191988 0.189427 0.186174 0.182262 0.177726 0.172609 0.16696 0.16083 0.154277 0.147362 0.140147 0.132698 0.125081 0.117362 0.109606 0.101876 0.0942329 0.0867336 0.0794303 0.0723701 0.0655943 0.0591383 0.0530308 0.0472939 0.0419434 0.0369884 0.0324322 0.0282723 0.0245011 0.0211066 0.0180731 0.0153816 0.0130108 0.0109378 0.00913847 0.0075886 0.00626396 0.00514106 0.00419748 0.00341228 0.00276621 0.00224201 0.00182448 0.00150068 0.00125995 0.00109395 0.000996737 
0.00114264 0.00118023 0.00129438 0.00148922 0.00177162 0.00215117 0.00264014 0.00325342 0.00400844 0.00492496 0.00602496 0.00733229 0.00887239 0.0106719 0.0127579 0.0151579 0.0178984 0.0210051 0.0245011 0.028407 0.0327396 0.0375112 0.0427291 0.0483946 0.0545024 0.0610406 0.0679899 0.0753238 0.0830084 0.0910027 0.0992591 0.107724 0.116337 0.125035 0.133749 0.142409 0.150943 0.159277 0.167339 0.175056 0.18236 0.189185 0.19547 0.201156 0.206193 0.210535 0.214142 0.216982 0.219029 0.220265 0.220678 0.220265 0.219029 0.216982 0.214142 0.210535 0.206193 0.201156 0.19547 0.189185 0.18236 0.175056 0.167339 0.159277 0.150943 0.142409 0.133749 0.125035 0.116337 0.107724 0.0992591 0.0910027 0.0830084 0.0753238 0.0679899 0.0610406 0.0545024 0.0483946 0.0427291 0.0375112 0.0327396 0.028407 0.0245011 0.0210051 0.0178984 0.0151579 0.0127579 0.0106719 0.00887239 0.00733229 0.00602496 0.00492496 0.00400844 0.00325342 0.00264014 0.00215117 0.00177162 0.00148922 0.00129438 0.00118023 
0.00134521 0.0013891 0.00152233 0.00174965 0.00207893 0.00252116 0.00309038 0.00380359 0.00468066 0.00574407 0.00701875 0.00853171 0.0103116 0.0123884 0.0147925 0.0175542 0.0207033 0.0242675 0.0282723 0.0327396 0.0376871 0.0431273 0.0490666 0.0555048 0.0624344 0.0698399 0.0776982 0.0859776 0.0946386 0.103634 0.112909 0.122402 0.132047 0.141771 0.151499 0.161151 0.170649 0.179912 0.18886 0.197414 0.205502 0.21305 0.219993 0.22627 0.231825 0.236609 0.240582 0.243708 0.245961 0.24732 0.247775 0.24732 0.245961 0.243708 0.240582 0.236609 0.231825 0.22627 0.219993 0.21305 0.205502 0.197414 0.18886 0.179912 0.170649 0.161151 0.151499 0.141771 0.132047 0.122402 0.112909 0.103634 0.0946386 0.0859776 0.0776982 0.0698399 0.0624344 0.0555048 0.0490666 0.0431273 0.0376871 0.0327396 0.0282723 0.0242675 0.0207033 0.0175542 0.0147925 0.0123884 0.0103116 0.00853171 0.00701875 0.00574407 0.00468066 0.00380359 0.00309038 0.00252116 0.00207893 0.00174965 0.00152233 0.0013891 
0.00157421 0.00162514 0.00177973 0.00204337 0.00242504 0.00293725 0.00359596 0.00442048 0.00543329 0.00665985 0.00812824 0.00986883 0.0119138 0.0142964 0.0170506 0.0202099 0.0238069 0.0278718 0.0324322 0.0375112 0.0431273 0.0492926 0.0560125 0.0632849 0.0710993 0.0794365 0.0882685 0.0975582 0.10726 0.117319 0.127673 0.138254 0.148985 0.159788 0.170577 0.181267 0.19177 0.201997 0.211864 0.221284 0.230179 0.238471 0.24609 0.252971 0.259056 0.264293 0.268638 0.272056 0.274518 0.276003 0.276499 0.276003 0.274518 0.272056 0.268638 0.264293 0.259056 0.252971 0.24609 0.238471 0.230179 0.221284 0.211864 0.201997 0.19177 0.181267 0.170577 0.159788 0.148985 0.138254 0.127673 0.117319 0.10726 0.0975582 0.0882685 0.0794365 0.0710993 0.0632849 0.0560125 0.0492926 0.0431273 0.0375112 0.0324322 0.0278718 0.0238069 0.0202099 0.0170506 0.0142964 0.0119138 0.00986883 0.00812824 0.00665985 0.00543329 0.00442048 0.00359596 0.00293725 0.00242504 0.00204337 0.00177973 0.00162514 
0.00183126 0.00189002 0.00206832 0.00237229 0.00281209 0.00340188 0.00415969 0.0051073 0.00627004 0.00767649 0.00935815 0.0113489 0.0136847 0.0164023 0.0195392 0.0231322 0.0272168 0.0318258 0.0369884 0.0427291 0.0490666 0.0560125 0.0635708 0.0717369 0.0804968 0.0898269 0.0996939 0.110054 0.120856 0.132036 0.143524 0.155244 0.167112 0.179038 0.19093 0.202693 0.214233 0.225454 0.236262 0.246569 0.256287 0.265336 0.273642 0.281135 0.287755 0.293449 0.29817 0.301881 0.304552 0.306164 0.306703 0.306164 0.304552 0.301881 0.29817 0.293449 0.287755 0.281135 0.273642 0.265336 0.256287 0.246569 0.236262 0.225454 0.214233 0.202693 0.19093 0.179038 0.167112 0.155244 0.143524 0.132036 0.120856 0.110054 0.0996939 0.0898269 0.0804968 0.0717369 0.0635708 0.0560125 0.0490666 0.0427291 0.0369884 0.0318258 0.0272168 0.0231322 0.0195392 0.0164023 0.0136847 0.0113489 0.00935815 0.00767649 0.00627004 0.0051073 0.00415969 0.00340188 0.00281209 0.00237229 0.00206832 0.00189002 
0.00211774 0.00218513 0.00238959 0.00273802 0.00324186 0.00391703 0.00478379 0.00586657 0.00719372 0.00879715 0.010712 0.0129758 0.0156283 0.0187101 0.0222624 0.0263252 0.0309369 0.0361326 0.0419434 0.0483946 0.0555048 0.0632849 0.0717369 0.0808531 0.0906156 0.100996 0.111954 0.123441 0.135395 0.147747 0.160418 0.173321 0.186365 0.19945 0.212477 0.225342 0.237942 0.250174 0.26194 0.273144 0.283694 0.293505 0.3025 0.310606 0.317762 0.32391 0.329005 0.333007 0.335888 0.337625 0.338205 0.337625 0.335888 0.333007 0.329005 0.32391 0.317762 0.310606 0.3025 0.293505 0.283694 0.273144 0.26194 0.250174 0.237942 0.225342 0.212477 0.19945 0.186365 0.173321 0.160418 0.147747 0.135395 0.123441 0.111954 0.100996 0.0906156 0.0808531 0.0717369 0.0632849 0.0555048 0.0483946 0.0419434 0.0361326 0.0309369 0.0263252 0.0222624 0.0187101 0.0156283 0.0129758 0.010712 0.00879715 0.00719372 0.00586657 0.00478379 0.00391703 0.00324186 0.00273802 0.00238959 0.00218513 
0.00243473 0.00251157 0.00274468 0.00314178 0.00371567 0.00448415 0.00546985 0.0067 0.00820615 0.0100237 0.0121916 0.0147513 0.0177464 0.0212216 0.0252214 0.0297893 0.0349666 0.0407907 0.0472939 0.0545024 0.0624344 0.0710993 0.0804968 0.0906156 0.101433 0.112915 0.125016 0.137677 0.15083 0.164397 0.17829 0.192412 0.206663 0.220935 0.235118 0.249102 0.262775 0.276029 0.288757 0.300859 0.31224 0.32281 0.332489 0.341202 0.348885 0.355482 0.360944 0.365233 0.368318 0.370177 0.370798 0.370177 0.368318 0.365233 0.360944 0.355482 0.348885 0.341202 0.332489 0.32281 0.31224 0.300859 0.288757 0.276029 0.262775 0.249102 0.235118 0.220935 0.206663 0.192412 0.17829 0.164397 0.15083 0.137677 0.125016 0.112915 0.101433 0.0906156 0.0804968 0.0710993 0.0624344 0.0545024 0.0472939 0.0407907 0.0349666 0.0297893 0.0252214 0.0212216 0.0177464 0.0147513 0.0121916 0.0100237 0.00820615 0.0067 0.00546985 0.00448415 0.00371567 0.00314178 0.00274468 0.00251157 
0.00278294 0.00287007 0.00313433 0.00358431 0.00423428 0.00510401 0.00621863 0.00760833 0.009308 0.0113568 0.0137974 0.0166754 0.0200385 0.0239352 0.0284138 0.0335211 0.0393011 0.0457931 0.0530308 0.0610406 0.0698399 0.0794365 0.0898269 0.100996 0.112915 0.125545 0.138831 0.152708 0.167098 0.181914 0.197059 0.212426 0.227905 0.24338 0.258731 0.273841 0.28859 0.302863 0.316549 0.329542 0.341742 0.353059 0.363408 0.372714 0.380912 0.387944 0.393763 0.398328 0.401611 0.403589 0.404249 0.403589 0.401611 0.398328 0.393763 0.387944 0.380912 0.372714 0.363408 0.353059 0.341742 0.329542 0.316549 0.302863 0.28859 0.273841 0.258731 0.24338 0.227905 0.212426 0.197059 0.181914 0.167098 0.152708 0.138831 0.125545 0.112915 0.100996 0.0898269 0.0794365 0.0698399 0.0610406 0.0530308 0.0457931 0.0393011 0.0335211 0.0284138 0.0239352 0.0200385 0.0166754 0.0137974 0.0113568 0.009308 0.00760833 0.00621863 0.00510401 0.00423428 0.00358431 0.00313433 0.00287007 
0.00316269 0.00326092 0.0035588 0.00406586 0.00479785 0.00577666 0.00703001 0.00859119 0.0104986 0.0127951 0.0155275 0.0187456 0.0225011 0.0268465 0.0318337 0.0375128 0.0439302 0.0511272 0.0591383 0.0679899 0.0776982 0.0882685 0.0996939 0.111954 0.125016 0.138831 0.153338 0.168463 0.18412 0.20021 0.216627 0.233254 0.249972 0.266655 0.283175 0.299406 0.315223 0.330503 0.345131 0.358997 0.371997 0.384039 0.395038 0.404916 0.413609 0.421058 0.427217 0.432046 0.435517 0.437607 0.438306 0.437607 0.435517 0.432046 0.427217 0.421058 0.413609 0.404916 0.395038 0.384039 0.371997 0.358997 0.345131 0.330503 0.315223 0.299406 0.283175 0.266655 0.249972 0.233254 0.216627 0.20021 0.18412 0.168463 0.153338 0.138831 0.125016 0.111954 0.0996939 0.0882685 0.0776982 0.0679899 0.0591383 0.0511272 0.0439302 0.0375128 0.0318337 0.0268465 0.0225011 0.0187456 0.0155275 0.0127951 0.0104986 0.00859119 0.00703001 0.00577666 0.00479785 0.00406586 0.0035588 0.00326092 
0.00357377 0.00368391 0.00401783 0.00458602 0.00540582 0.00650129 0.00790287 0.00964704 0.0117758 0.014336 0.0173785 0.0209572 0.0251281 0.0299476 0.0354713 0.0417521 0.0488389 0.0567746 0.0655943 0.0753238 0.0859776 0.0975582 0.110054 0.123441 0.137677 0.152708 0.168463 0.18486 0.201802 0.219181 0.236879 0.254771 0.272727 0.290612 0.308291 0.325628 0.342493 0.358758 0.374303 0.389013 0.402785 0.415523 0.427142 0.437564 0.446725 0.454568 0.461047 0.466125 0.469772 0.471968 0.472701 0.471968 0.469772 0.466125 0.461047 0.454568 0.446725 0.437564 0.427142 0.415523 0.402785 0.389013 0.374303 0.358758 0.342493 0.325628 0.308291 0.290612 0.272727 0.254771 0.236879 0.219181 0.201802 0.18486 0.168463 0.152708 0.137677 0.123441 0.110054 0.0975582 0.0859776 0.0753238 0.0655943 0.0567746 0.0488389 0.0417521 0.0354713 0.0299476 0.0251281 0.0209572 0.0173785 0.014336 0.0117758 0.00964704 0.00790287 0.00650129 0.00540582 0.00458602 0.00401783 0.00368391 
0.0040155 0.0041383 0.00451056 0.00514375 0.00605688 0.00727621 0.00883502 0.0107731 0.013136 0.0159747 0.0193442 0.0233028 0.0279103 0.0332272 0.0393125 0.0462221 0.054007 0.0627112 0.0723701 0.0830084 0.0946386 0.10726 0.120856 0.135395 0.15083 0.167098 0.18412 0.201802 0.220038 0.238709 0.257687 0.276838 0.29602 0.315091 0.333906 0.352324 0.370208 0.387425 0.40385 0.419369 0.433875 0.447272 0.459473 0.470406 0.480004 0.488213 0.494988 0.500294 0.504103 0.506396 0.507161 0.506396 0.504103 0.500294 0.494988 0.488213 0.480004 0.470406 0.459473 0.447272 0.433875 0.419369 0.40385 0.387425 0.370208 0.352324 0.333906 0.315091 0.29602 0.276838 0.257687 0.238709 0.220038 0.201802 0.18412 0.167098 0.15083 0.135395 0.120856 0.10726 0.0946386 0.0830084 0.0723701 0.0627112 0.054007 0.0462221 0.0393125 0.0332272 0.0279103 0.0233028 0.0193442 0.0159747 0.013136 0.0107731 0.00883502 0.00727621 0.00605688 0.00514375 0.00451056 0.0041383 
0.00448656 0.00462275 0.00503549 0.00573731 0.00674887 0.00809877 0.00982311 0.011965 0.0145739 0.0177047 0.0214167 0.0257722 0.0308355 0.0366705 0.0433396 0.0509015 0.0594089 0.0689068 0.0794303 0.0910027 0.103634 0.117319 0.132036 0.147747 0.164397 0.181914 0.20021 0.219181 0.238709 0.258666 0.278912 0.299304 0.31969 0.339918 0.359838 0.379301 0.398163 0.416289 0.433552 0.449834 0.465029 0.479039 0.491782 0.503184 0.513183 0.521726 0.52877 0.534282 0.538237 0.540617 0.541412 0.540617 0.538237 0.534282 0.52877 0.521726 0.513183 0.503184 0.491782 0.479039 0.465029 0.449834 0.433552 0.416289 0.398163 0.379301 0.359838 0.339918 0.31969 0.299304 0.278912 0.258666 0.238709 0.219181 0.20021 0.181914 0.164397 0.147747 0.132036 0.117319 0.103634 0.0910027 0.0794303 0.0689068 0.0594089 0.0509015 0.0433396 0.0366705 0.0308355 0.0257722 0.0214167 0.0177047 0.0145739 0.011965 0.00982311 0.00809877 0.00674887 0.00573731 0.00503549 0.00462275 
0.00498507 0.00513529 0.00559047 0.00636418 0.00747881 0.00896529 0.0108626 0.0132174 0.0160827 0.0195176 0.0235855 0.028353 0.0338883 0.040259 0.0475306 0.0557642 0.065014 0.0753257 0.0867336 0.0992591 0.112909 0.127673 0.143524 0.160418 0.17829 0.197059 0.216627 0.236879 0.257687 0.278912 0.300405 0.322009 0.343566 0.364914 0.385896 0.406358 0.426151 0.445136 0.463184 0.480176 0.496007 0.510582 0.523818 0.535645 0.546004 0.554844 0.562128 0.567823 0.571906 0.574363 0.575183 0.574363 0.571906 0.567823 0.562128 0.554844 0.546004 0.535645 0.523818 0.510582 0.496007 0.480176 0.463184 0.445136 0.426151 0.406358 0.385896 0.364914 0.343566 0.322009 0.300405 0.278912 0.257687 0.236879 0.216627 0.197059 0.17829 0.160418 0.143524 0.127673 0.112909 0.0992591 0.0867336 0.0753257 0.065014 0.0557642 0.0475306 0.040259 0.0338883 0.028353 0.0235855 0.0195176 0.0160827 0.0132174 0.0108626 0.00896529 0.00747881 0.00636418 0.00559047 0.00513529 
0.0055085 0.00567332 0.00617265 0.00702112 0.00824284 0.00987113 0.0119479 0.0145232 0.0176539 0.021403 0.0258381 0.0310299 0.0370505 0.0439709 0.0518597 0.06078 0.0707872 0.0819271 0.0942329 0.107724 0.122402 0.138254 0.155244 0.173321 0.192412 0.212426 0.233254 0.254771 0.276838 0.299304 0.322009 0.344788 0.367473 0.389894 0.411888 0.433294 0.453961 0.473746 0.492521 0.510166 0.526576 0.54166 0.555337 0.567541 0.578215 0.587316 0.594806 0.600658 0.604852 0.607373 0.608215 0.607373 0.604852 0.600658 0.594806 0.587316 0.578215 0.567541 0.555337 0.54166 0.526576 0.510166 0.492521 0.473746 0.453961 0.433294 0.411888 0.389894 0.367473 0.344788 0.322009 0.299304 0.276838 0.254771 0.233254 0.212426 0.192412 0.173321 0.155244 0.138254 0.122402 0.107724 0.0942329 0.0819271 0.0707872 0.06078 0.0518597 0.0439709 0.0370505 0.0310299 0.0258381 0.021403 0.0176539 0.0145232 0.0119479 0.00987113 0.00824284 0.00702112 0.00617265 0.00567332 
0.00605371 0.00623359 0.00677849 0.00770408 0.00903623 0.0108106 0.0130721 0.0158741 0.0192772 0.0233485 0.0281596 0.0337852 0.0403009 0.0477815 0.0562977 0.0659146 0.0766887 0.0886651 0.101876 0.116337 0.132047 0.148985 0.167112 0.186365 0.206663 0.227905 0.249972 0.272727 0.29602 0.31969 0.343566 0.367473 0.391234 0.414673 0.437619 0.459909 0.481387 0.50191 0.521346 0.539581 0.556509 0.572043 0.586106 0.598636 0.609581 0.618902 0.626565 0.632548 0.636833 0.639408 0.640267 0.639408 0.636833 0.632548 0.626565 0.618902 0.609581 0.598636 0.586106 0.572043 0.556509 0.539581 0.521346 0.50191 0.481387 0.459909 0.437619 0.414673 0.391234 0.367473 0.343566 0.31969 0.29602 0.272727 0.249972 0.227905 0.206663 0.186365 0.167112 0.148985 0.132047 0.116337 0.101876 0.0886651 0.0766887 0.0659146 0.0562977 0.0477815 0.0403009 0.0337852 0.0281596 0.0233485 0.0192772 0.0158741 0.0130721 0.0108106 0.00903623 0.00770408 0.00677849 0.00623359 
0.00661692 0.00681223 0.00740378 0.00840831 0.00985341 0.0117771 0.0142272 0.0172604 0.0209411 0.0253401 0.0305332 0.0365987 0.043616 0.0516626 0.0608119 0.0711303 0.0826747 0.0954899 0.109606 0.125035 0.141771 0.159788 0.179038 0.19945 0.220935 0.24338 0.266655 0.290612 0.315091 0.339918 0.364914 0.389894 0.414673 0.439068 0.462903 0.486009 0.50823 0.529421 0.549453 0.56821 0.585593 0.601516 0.615909 0.628713 0.639883 0.649383 0.657187 0.663273 0.667629 0.670247 0.671119 0.670247 0.667629 0.663273 0.657187 0.649383 0.639883 0.628713 0.615909 0.601516 0.585593 0.56821 0.549453 0.529421 0.50823 0.486009 0.462903 0.439068 0.414673 0.389894 0.364914 0.339918 0.315091 0.290612 0.266655 0.24338 0.220935 0.19945 0.179038 0.159788 0.141771 0.125035 0.109606 0.0954899 0.0826747 0.0711303 0.0608119 0.0516626 0.043616 0.0365987 0.0305332 0.0253401 0.0209411 0.0172604 0.0142272 0.0117771 0.00985341 0.00840831 0.00740378 0.00681223 
0.00719377 0.00740475 0.00804368 0.00912833 0.010688 0.0127631 0.0154042 0.0186713 0.0226325 0.0273623 0.0329403 0.0394486 0.0469697 0.0555839 0.0653668 0.076386 0.0886985 0.102348 0.117362 0.133749 0.151499 0.170577 0.19093 0.212477 0.235118 0.258731 0.283175 0.308291 0.333906 0.359838 0.385896 0.411888 0.437619 0.462903 0.487556 0.511408 0.534301 0.556091 0.576648 0.59586 0.613633 0.629884 0.644549 0.657576 0.668925 0.678565 0.686474 0.692638 0.697047 0.699695 0.700578 0.699695 0.697047 0.692638 0.686474 0.678565 0.668925 0.657576 0.644549 0.629884 0.613633 0.59586 0.576648 0.556091 0.534301 0.511408 0.487556 0.462903 0.437619 0.411888 0.385896 0.359838 0.333906 0.308291 0.283175 0.258731 0.235118 0.212477 0.19093 0.170577 0.151499 0.133749 0.117362 0.102348 0.0886985 0.076386 0.0653668 0.0555839 0.0469697 0.0394486 0.0329403 0.0273623 0.0226325 0.0186713 0.0154042 0.0127631 0.010688 0.00912833 0.00804368 0.00740475 
0.00777935 0.00800612 0.00869274 0.00985802 0.011533 0.0137602 0.0165931 0.0200949 0.0243372 0.0293981 0.0353608 0.0423108 0.0503338 0.0595127 0.0699247 0.0816383 0.0947104 0.109183 0.125081 0.142409 0.161151 0.181267 0.202693 0.225342 0.249102 0.273841 0.299406 0.325628 0.352324 0.379301 0.406358 0.433294 0.459909 0.486009 0.511408 0.535934 0.559426 0.581741 0.602753 0.622354 0.640452 0.656971 0.671854 0.685053 0.696535 0.706276 0.71426 0.720477 0.72492 0.727587 0.728476 0.727587 0.72492 0.720477 0.71426 0.706276 0.696535 0.685053 0.671854 0.656971 0.640452 0.622354 0.602753 0.581741 0.559426 0.535934 0.511408 0.486009 0.459909 0.433294 0.406358 0.379301 0.352324 0.325628 0.299406 0.273841 0.249102 0.225342 0.202693 0.181267 0.161151 0.142409 0.125081 0.109183 0.0947104 0.0816383 0.0699247 0.0595127 0.0503338 0.0423108 0.0353608 0.0293981 0.0243372 0.0200949 0.0165931 0.0137602 0.011533 0.00985802 0.00869274 0.00800612 
0.00836826 0.00861078 0.00934499 0.0105907 0.0123805 0.0147593 0.0177832 0.0215184 0.0260398 0.0314291 0.0377729 0.0451601 0.0536789 0.0634146 0.0744459 0.0868419 0.100659 0.115937 0.132698 0.150943 0.170649 0.19177 0.214233 0.237942 0.262775 0.28859 0.315223 0.342493 0.370208 0.398163 0.426151 0.453961 0.481387 0.50823 0.534301 0.559426 0.583444 0.606214 0.627613 0.647535 0.665896 0.682627 0.697673 0.710996 0.72257 0.732376 0.740404 0.746649 0.75111 0.753786 0.754678 0.753786 0.75111 0.746649 0.740404 0.732376 0.72257 0.710996 0.697673 0.682627 0.665896 0.647535 0.627613 0.606214 0.583444 0.559426 0.534301 0.50823 0.481387 0.453961 0.426151 0.398163 0.370208 0.342493 0.315223 0.28859 0.262775 0.237942 0.214233 0.19177 0.170649 0.150943 0.132698 0.115937 0.100659 0.0868419 0.0744459 0.0634146 0.0536789 0.0451601 0.0377729 0.0314291 0.0260398 0.0215184 0.0177832 0.0147593 0.0123805 0.0105907 0.00934499 0.00861078 
0.00895471 0.0092128 0.00999404 0.0113192 0.0132225 0.0157509 0.018963 0.0229281 0.0277242 0.0334364 0.0401543 0.0479699 0.0569741 0.067254 0.0788895 0.09195 0.106491 0.12255 0.140147 0.159277 0.179912 0.201997 0.225454 0.250174 0.276029 0.302863 0.330503 0.358758 0.387425 0.416289 0.445136 0.473746 0.50191 0.529421 0.556091 0.581741 0.606214 0.62937 0.651089 0.671271 0.689837 0.706723 0.721884 0.735287 0.746913 0.756751 0.764796 0.771048 0.775511 0.778187 0.779079 0.778187 0.775511 0.771048 0.764796 0.756751 0.746913 0.735287 0.721884 0.706723 0.689837 0.671271 0.651089 0.62937 0.606214 0.581741 0.556091 0.529421 0.50191 0.473746 0.445136 0.416289 0.387425 0.358758 0.330503 0.302863 0.276029 0.250174 0.225454 0.201997 0.179912 0.159277 0.140147 0.12255 0.106491 0.09195 0.0788895 0.067254 0.0569741 0.0479699 0.0401543 0.0334364 0.0277242 0.0229281 0.018963 0.0157509 0.0132225 0.0113192 0.00999404 0.0092128 
0.00953256 0.00980589 0.0106331 0.012036 0.0140502 0.0167247 0.0201206 0.0243099 0.0293737 0.0354001 0.0424818 0.0507133 0.0601879 0.0709946 0.083214 0.0969155 0.112153 0.128964 0.147362 0.167339 0.18886 0.211864 0.236262 0.26194 0.288757 0.316549 0.345131 0.374303 0.40385 0.433552 0.463184 0.492521 0.521346 0.549453 0.576648 0.602753 0.627613 0.651089 0.673066 0.69345 0.712166 0.729159 0.744389 0.757833 0.769476 0.779316 0.787353 0.793594 0.798046 0.800713 0.801602 0.800713 0.798046 0.793594 0.787353 0.779316 0.769476 0.757833 0.744389 0.729159 0.712166 0.69345 0.673066 0.651089 0.627613 0.602753 0.576648 0.549453 0.521346 0.492521 0.463184 0.433552 0.40385 0.374303 0.345131 0.316549 0.288757 0.26194 0.236262 0.211864 0.18886 0.167339 0.147362 0.128964 0.112153 0.0969155 0.083214 0.0709946 0.0601879 0.0507133 0.0424818 0.0354001 0.0293737 0.0243099 0.0201206 0.0167247 0.0140502 0.012036 0.0106331 0.00980589 
0.0100955 0.0103835 0.0112553 0.0127334 0.0148548 0.0176705 0.0212439 0.0256495 0.0309713 0.0373002 0.0447317 0.0533627 0.0632887 0.0745999 0.0873778 0.101691 0.117594 0.135119 0.154277 0.175056 0.197414 0.221284 0.246569 0.273144 0.300859 0.329542 0.358997 0.389013 0.419369 0.449834 0.480176 0.510166 0.539581 0.56821 0.59586 0.622354 0.647535 0.671271 0.69345 0.713982 0.732801 0.749856 0.765117 0.778566 0.790197 0.800014 0.808023 0.814236 0.818665 0.821317 0.822201 0.821317 0.818665 0.814236 0.808023 0.800014 0.790197 0.778566 0.765117 0.749856 0.732801 0.713982 0.69345 0.671271 0.647535 0.622354 0.59586 0.56821 0.539581 0.510166 0.480176 0.449834 0.419369 0.389013 0.358997 0.329542 0.300859 0.273144 0.246569 0.221284 0.197414 0.175056 0.154277 0.135119 0.117594 0.101691 0.0873778 0.0745999 0.0632887 0.0533627 0.0447317 0.0373002 0.0309713 0.0256495 0.0212439 0.0176705 0.0148548 0.0127334 0.0112553 0.0103835 
