0.000158627 0.000162795 0.00017542 0.000196868 0.000227745 0.000268898 0.000321411 0.000386601 0.000466012 0.0005614 0.000674728 0.000808138 0.000963935 0.00114455 0.00135252 0.00159042 0.00186084 0.00216632 0.00250929 0.002892 0.00331645 0.00378433 0.00429693 0.00485508 0.00545908 0.00610861 0.00680272 0.00753973 0.00831722 0.00913201 0.00998015 0.0108569 0.0117568 0.0126736 0.0136006 0.0145302 0.0154548 0.0163659 0.0172551 0.0181137 0.0189331 0.0197048 0.0204205 0.0210725 0.0216536 0.0221571 0.0225773 0.0229094 0.0231494 0.0232945 0.0233431 0.0232945 0.0231494 0.0229094 0.0225773 0.0221571 0.0216536 0.0210725 0.0204205 0.0197048 0.0189331 0.0181137 0.0172551 0.0163659 0.0154548 0.0145302 0.0136006 0.0126736 0.0117568 0.0108569 0.00998015 0.00913201 0.00831722 0.00753973 0.00680272 0.00610861 0.00545908 0.00485508 0.00429693 0.00378433 0.00331645 0.002892 0.00250929 0.00216632 0.00186084 0.00159042 0.00135252 0.00114455 0.000963935 0.000808138 0.000674728 0.0005614 0.000466012 0.000386601 0.000321411 0.000268898 0.000227745 0.000196868 0.00017542 0.000162795 
0.000162795 0.000167065 0.00018 0.000201972 0.000233601 0.000275751 0.00032953 0.000396281 0.00047758 0.00057522 0.000691201 0.000827708 0.00098709 0.00117183 0.00138449 0.00162772 0.00190414 0.00221634 0.00256677 0.00295773 0.00339124 0.00386901 0.00439235 0.00496208 0.00557848 0.00624124 0.00694934 0.00770107 0.00849396 0.00932474 0.0101894 0.011083 0.0120001 0.0129343 0.0138787 0.0148258 0.0157674 0.0166953 0.0176008 0.018475 0.0193092 0.0200948 0.0208233 0.021487 0.0220784 0.0225908 0.0230184 0.0233563 0.0236005 0.0237482 0.0237977 0.0237482 0.0236005 0.0233563 0.0230184 0.0225908 0.0220784 0.021487 0.0208233 0.0200948 0.0193092 0.018475 0.0176008 0.0166953 0.0157674 0.0148258 0.0138787 0.0129343 0.0120001 0.011083 0.0101894 0.00932474 0.00849396 0.00770107 0.00694934 0.00624124 0.00557848 0.00496208 0.00439235 0.00386901 0.00339124 0.00295773 0.00256677 0.00221634 0.00190414 0.00162772 0.00138449 0.00117183 0.00098709 0.000827708 0.000691201 0.00057522 0.00047758 0.000396281 0.00032953 0.000275751 0.000233601 0.000201972 0.00018 0.000167065 
0.00017542 0.00018 0.000193871 0.000217429 0.000251332 0.0002965 0.000354106 0.000425579 0.000512588 0.000617034 0.000741035 0.000886902 0.00105712 0.0012543 0.00148117 0.00174048 0.00203502 0.00236748 0.00274045 0.00315631 0.00361717 0.00412479 0.00468052 0.00528518 0.00593901 0.00664164 0.00739194 0.00818806 0.00902734 0.00990631 0.0108206 0.0117652 0.0127342 0.0137208 0.0147177 0.015717 0.0167103 0.0176887 0.0186431 0.0195643 0.0204431 0.0212705 0.0220376 0.0227362 0.0233586 0.0238978 0.0243477 0.0247032 0.0249601 0.0251155 0.0251675 0.0251155 0.0249601 0.0247032 0.0243477 0.0238978 0.0233586 0.0227362 0.0220376 0.0212705 0.0204431 0.0195643 0.0186431 0.0176887 0.0167103 0.015717 0.0147177 0.0137208 0.0127342 0.0117652 0.0108206 0.00990631 0.00902734 0.00818806 0.00739194 0.00664164 0.00593901 0.00528518 0.00468052 0.00412479 0.00361717 0.00315631 0.00274045 0.00236748 0.00203502 0.00174048 0.00148117 0.0012543 0.00105712 0.000886902 0.000741035 0.000617034 0.000512588 0.000425579 0.000354106 0.0002965 0.000251332 0.000217429 0.000193871 0.00018 
0.000196868 0.000201972 0.000217429 0.000243674 0.000281431 0.000331708 0.000395798 0.000475265 0.000571939 0.000687903 0.000825471 0.00098717 0.0011757 0.00139393 0.00164478 0.00193128 0.00225641 0.00262308 0.00303408 0.00349194 0.00399893 0.00455688 0.0051672 0.0058307 0.00654758 0.00731734 0.00813867 0.00900949 0.00992682 0.0108868 0.0118847 0.0129149 0.0139709 0.0150455 0.0161307 0.0172178 0.0182977 0.0193608 0.0203974 0.0213974 0.022351 0.0232483 0.0240801 0.0248373 0.0255117 0.0260958 0.0265831 0.0269681 0.0272462 0.0274144 0.0274707 0.0274144 0.0272462 0.0269681 0.0265831 0.0260958 0.0255117 0.0248373 0.0240801 0.0232483 0.022351 0.0213974 0.0203974 0.0193608 0.0182977 0.0172178 0.0161307 0.0150455 0.0139709 0.0129149 0.0118847 0.0108868 0.00992682 0.00900949 0.00813867 0.00731734 0.00654758 0.0058307 0.0051672 0.00455688 0.00399893 0.00349194 0.00303408 0.00262308 0.00225641 0.00193128 0.00164478 0.00139393 0.0011757 0.00098717 0.000825471 0.000687903 0.000571939 0.000475265 0.000395798 0.000331708 0.000281431 0.000243674 0.000217429 0.000201972 
0.000227745 0.000233601 0.000251332 0.000281431 0.000324712 0.000382316 0.000455696 0.000546615 0.000657132 0.000789584 0.000946569 0.00113091 0.00134564 0.00159393 0.00187906 0.00220436 0.00257314 0.00298862 0.00345384 0.00397157 0.00454425 0.00517387 0.00586186 0.00660906 0.00741558 0.00828072 0.00920295 0.0101798 0.0112079 0.0122828 0.0133992 0.0145507 0.0157301 0.0169292 0.0181393 0.0193506 0.020553 0.021736 0.0228887 0.0240001 0.0250593 0.0260555 0.0269785 0.0278184 0.0285662 0.0292137 0.0297537 0.0301802 0.0304884 0.0306747 0.0307371 0.0306747 0.0304884 0.0301802 0.0297537 0.0292137 0.0285662 0.0278184 0.0269785 0.0260555 0.0250593 0.0240001 0.0228887 0.021736 0.020553 0.0193506 0.0181393 0.0169292 0.0157301 0.0145507 0.0133992 0.0122828 0.0112079 0.0101798 0.00920295 0.00828072 0.00741558 0.00660906 0.00586186 0.00517387 0.00454425 0.00397157 0.00345384 0.00298862 0.00257314 0.00220436 0.00187906 0.00159393 0.00134564 0.00113091 0.000946569 0.000789584 0.000657132 0.000546615 0.000455696 0.000382316 0.000324712 0.000281431 0.000251332 0.000233601 
0.000268898 0.000275751 0.0002965 0.000331708 0.000382316 0.00044963 0.000535321 0.000641409 0.000770252 0.000924523 0.00110719 0.00132146 0.00157079 0.00185878 0.00218913 0.00256561 0.00299193 0.00347168 0.00400827 0.00460476 0.00526381 0.00598757 0.00677756 0.00763459 0.00855865 0.00954881 0.0106032 0.0117188 0.0128918 0.014117 0.0153882 0.0166981 0.0180386 0.0194002 0.0207731 0.0221462 0.0235083 0.0248473 0.0261511 0.0274074 0.0286039 0.0297287 0.0307702 0.0317176 0.0325607 0.0332905 0.033899 0.0343795 0.0347265 0.0349364 0.0350066 0.0349364 0.0347265 0.0343795 0.033899 0.0332905 0.0325607 0.0317176 0.0307702 0.0297287 0.0286039 0.0274074 0.0261511 0.0248473 0.0235083 0.0221462 0.0207731 0.0194002 0.0180386 0.0166981 0.0153882 0.014117 0.0128918 0.0117188 0.0106032 0.00954881 0.00855865 0.00763459 0.00677756 0.00598757 0.00526381 0.00460476 0.00400827 0.00347168 0.00299193 0.00256561 0.00218913 0.00185878 0.00157079 0.00132146 0.00110719 0.000924523 0.000770252 0.000641409 0.000535321 0.00044963 0.000382316 0.000331708 0.0002965 0.000275751 
0.000321411 0.00032953 0.000354106 0.000395798 0.000455696 0.000535321 0.000636611 0.000761912 0.000913953 0.00109583 0.00131096 0.00156305 0.00185607 0.00219414 0.00258151 0.00302247 0.00352122 0.00408185 0.00470815 0.00540357 0.00617103 0.00701287 0.0079307 0.00892527 0.00999641 0.0111429 0.0123624 0.0136514 0.0150051 0.0164176 0.0178817 0.0193889 0.0209297 0.0224935 0.0240687 0.0256428 0.027203 0.0287355 0.0302267 0.0316625 0.0330291 0.0343131 0.0355013 0.0365816 0.0375427 0.0383742 0.0390673 0.0396144 0.0400096 0.0402485 0.0403284 0.0402485 0.0400096 0.0396144 0.0390673 0.0383742 0.0375427 0.0365816 0.0355013 0.0343131 0.0330291 0.0316625 0.0302267 0.0287355 0.027203 0.0256428 0.0240687 0.0224935 0.0209297 0.0193889 0.0178817 0.0164176 0.0150051 0.0136514 0.0123624 0.0111429 0.00999641 0.00892527 0.0079307 0.00701287 0.00617103 0.00540357 0.00470815 0.00408185 0.00352122 0.00302247 0.00258151 0.00219414 0.00185607 0.00156305 0.00131096 0.00109583 0.000913953 0.000761912 0.000636611 0.000535321 0.000455696 0.000395798 0.000354106 0.00032953 
0.000386601 0.000396281 0.000425579 0.000475265 0.000546615 0.000641409 0.000761912 0.00091086 0.00109144 0.00130724 0.00156225 0.00186077 0.00220737 0.00260683 0.00306402 0.00358385 0.00417115 0.00483055 0.00556633 0.00638236 0.00728188 0.00826744 0.00934072 0.0105024 0.0117521 0.0130882 0.0145078 0.0160066 0.017579 0.019218 0.020915 0.0226603 0.0244427 0.0262499 0.0280687 0.0298847 0.031683 0.0334481 0.0351642 0.0368155 0.0383861 0.0398608 0.0412249 0.0424644 0.0435666 0.0445199 0.0453143 0.0459412 0.0463939 0.0466675 0.046759 0.0466675 0.0463939 0.0459412 0.0453143 0.0445199 0.0435666 0.0424644 0.0412249 0.0398608 0.0383861 0.0368155 0.0351642 0.0334481 0.031683 0.0298847 0.0280687 0.0262499 0.0244427 0.0226603 0.020915 0.019218 0.017579 0.0160066 0.0145078 0.0130882 0.0117521 0.0105024 0.00934072 0.00826744 0.00728188 0.00638236 0.00556633 0.00483055 0.00417115 0.00358385 0.00306402 0.00260683 0.00220737 0.00186077 0.00156225 0.00130724 0.00109144 0.00091086 0.000761912 0.000641409 0.000546615 0.000475265 0.000425579 0.000396281 
0.000466012 0.00047758 0.000512588 0.000571939 0.000657132 0.000770252 0.000913953 0.00109144 0.00130642 0.00156312 0.00186614 0.00222051 0.00263151 0.00310467 0.00364563 0.00426001 0.00495335 0.0057309 0.00659754 0.00755757 0.00861462 0.00977144 0.0110298 0.0123902 0.013852 0.0154131 0.01707 0.0188174 0.0206487 0.0225553 0.0245275 0.0265538 0.028621 0.0307151 0.0328206 0.0349211 0.0369993 0.0390375 0.0410176 0.0429215 0.0447313 0.0464295 0.0479993 0.0494252 0.0506925 0.0517881 0.0527008 0.0534209 0.0539408 0.054255 0.0543601 0.054255 0.0539408 0.0534209 0.0527008 0.0517881 0.0506925 0.0494252 0.0479993 0.0464295 0.0447313 0.0429215 0.0410176 0.0390375 0.0369993 0.0349211 0.0328206 0.0307151 0.028621 0.0265538 0.0245275 0.0225553 0.0206487 0.0188174 0.01707 0.0154131 0.013852 0.0123902 0.0110298 0.00977144 0.00861462 0.00755757 0.00659754 0.0057309 0.00495335 0.00426001 0.00364563 0.00310467 0.00263151 0.00222051 0.00186614 0.00156312 0.00130642 0.00109144 0.000913953 0.000770252 0.000657132 0.000571939 0.000512588 0.00047758 
0.0005614 0.00057522 0.000617034 0.000687903 0.000789584 0.000924523 0.00109583 0.00130724 0.00156312 0.00186835 0.00222833 0.00264887 0.00313613 0.00369647 0.0043364 0.0050624 0.00588076 0.0067975 0.00781811 0.00894742 0.0101894 0.0115471 0.0130222 0.0146153 0.0163251 0.018149 0.0200827 0.0221198 0.0242523 0.0264703 0.0287622 0.0311144 0.0335119 0.0359383 0.0383755 0.0408048 0.0432063 0.0455597 0.0478442 0.0500392 0.0521243 0.0540796 0.0558862 0.0575261 0.0589831 0.0602423 0.0612908 0.0621178 0.0627148 0.0630755 0.0631962 0.0630755 0.0627148 0.0621178 0.0612908 0.0602423 0.0589831 0.0575261 0.0558862 0.0540796 0.0521243 0.0500392 0.0478442 0.0455597 0.0432063 0.0408048 0.0383755 0.0359383 0.0335119 0.0311144 0.0287622 0.0264703 0.0242523 0.0221198 0.0200827 0.018149 0.0163251 0.0146153 0.0130222 0.0115471 0.0101894 0.00894742 0.00781811 0.0067975 0.00588076 0.0050624 0.0043364 0.00369647 0.00313613 0.00264887 0.00222833 0.00186835 0.00156312 0.00130724 0.00109583 0.000924523 0.000789584 0.000687903 0.000617034 0.00057522 
0.000674728 0.000691201 0.000741035 0.000825471 0.000946569 0.00110719 0.00131096 0.00156225 0.00186614 0.00222833 0.00265507 0.00315312 0.00372959 0.00439183 0.00514731 0.00600346 0.00696748 0.00804617 0.00924573 0.0105716 0.012028 0.0136184 0.0153443 0.0172061 0.0192022 0.0213291 0.0235814 0.0259516 0.0284302 0.0310055 0.0336637 0.0363892 0.0391645 0.0419703 0.0447862 0.0475904 0.0503601 0.0530721 0.0557027 0.0582284 0.060626 0.062873 0.0649478 0.0668303 0.068502 0.0699462 0.0711484 0.0720964 0.0727806 0.0731939 0.0733322 0.0731939 0.0727806 0.0720964 0.0711484 0.0699462 0.068502 0.0668303 0.0649478 0.062873 0.060626 0.0582284 0.0557027 0.0530721 0.0503601 0.0475904 0.0447862 0.0419703 0.0391645 0.0363892 0.0336637 0.0310055 0.0284302 0.0259516 0.0235814 0.0213291 0.0192022 0.0172061 0.0153443 0.0136184 0.012028 0.0105716 0.00924573 0.00804617 0.00696748 0.00600346 0.00514731 0.00439183 0.00372959 0.00315312 0.00265507 0.00222833 0.00186614 0.00156225 0.00131096 0.00110719 0.000946569 0.000825471 0.000741035 0.000691201 
0.000808138 0.000827708 0.000886902 0.00098717 0.00113091 0.00132146 0.00156305 0.00186077 0.00222051 0.00264887 0.00315312 0.00374106 0.00442086 0.00520101 0.00609006 0.00709647 0.00822845 0.00949367 0.0108991 0.0124507 0.0141533 0.0160103 0.0180233 0.0201924 0.0225152 0.0249876 0.0276029 0.0303521 0.0332239 0.0362045 0.039278 0.042426 0.0456282 0.0488627 0.0521057 0.0553323 0.0585164 0.0616317 0.0646511 0.067548 0.0702961 0.0728699 0.0752451 0.0773991 0.0793109 0.0809619 0.0823358 0.0834189 0.0842004 0.0846725 0.0848304 0.0846725 0.0842004 0.0834189 0.0823358 0.0809619 0.0793109 0.0773991 0.0752451 0.0728699 0.0702961 0.067548 0.0646511 0.0616317 0.0585164 0.0553323 0.0521057 0.0488627 0.0456282 0.042426 0.039278 0.0362045 0.0332239 0.0303521 0.0276029 0.0249876 0.0225152 0.0201924 0.0180233 0.0160103 0.0141533 0.0124507 0.0108991 0.00949367 0.00822845 0.00709647 0.00609006 0.00520101 0.00442086 0.00374106 0.00315312 0.00264887 0.00222051 0.00186077 0.00156305 0.00132146 0.00113091 0.00098717 0.000886902 0.000827708 
0.000963935 0.00098709 0.00105712 0.0011757 0.00134564 0.00157079 0.00185607 0.00220737 0.00263151 0.00313613 0.00372959 0.00442086 0.00521936 0.00613477 0.00717685 0.00835524 0.00967919 0.0111574 0.0127975 0.0146062 0.0165887 0.0187484 0.0210871 0.0236042 0.0262967 0.0291594 0.0321841 0.0353603 0.0386745 0.0421106 0.04565 0.0492715 0.0529518 0.0566654 0.0603853 0.064083 0.0677289 0.0712929 0.0747446 0.0780537 0.0811906 0.0841266 0.0868346 0.089289 0.0914665 0.0933462 0.0949098 0.0961421 0.0970311 0.097568 0.0977476 0.097568 0.0970311 0.0961421 0.0949098 0.0933462 0.0914665 0.089289 0.0868346 0.0841266 0.0811906 0.0780537 0.0747446 0.0712929 0.0677289 0.064083 0.0603853 0.0566654 0.0529518 0.0492715 0.04565 0.0421106 0.0386745 0.0353603 0.0321841 0.0291594 0.0262967 0.0236042 0.0210871 0.0187484 0.0165887 0.0146062 0.0127975 0.0111574 0.00967919 0.00835524 0.00717685 0.00613477 0.00521936 0.00442086 0.00372959 0.00313613 0.00263151 0.00220737 0.00185607 0.00157079 0.00134564 0.0011757 0.00105712 0.00098709 
0.00114455 0.00117183 0.0012543 0.00139393 0.00159393 0.00185878 0.00219414 0.00260683 0.00310467 0.00369647 0.00439183 0.00520101 0.00613477 0.00720414 0.0084202 0.00979385 0.0113355 0.0130548 0.0149604 0.0170595 0.0193576 0.0218585 0.0245635 0.0274714 0.0305786 0.0338784 0.0373611 0.0410142 0.0448218 0.0487652 0.0528229 0.0569703 0.0611808 0.0654253 0.0696728 0.073891 0.0780465 0.0821052 0.0860327 0.0897952 0.0933594 0.0966932 0.0997661 0.10255 0.105018 0.107148 0.108919 0.110315 0.111321 0.111929 0.112133 0.111929 0.111321 0.110315 0.108919 0.107148 0.105018 0.10255 0.0997661 0.0966932 0.0933594 0.0897952 0.0860327 0.0821052 0.0780465 0.073891 0.0696728 0.0654253 0.0611808 0.0569703 0.0528229 0.0487652 0.0448218 0.0410142 0.0373611 0.0338784 0.0305786 0.0274714 0.0245635 0.0218585 0.0193576 0.0170595 0.0149604 0.0130548 0.0113355 0.00979385 0.0084202 0.00720414 0.00613477 0.00520101 0.00439183 0.00369647 0.00310467 0.00260683 0.00219414 0.00185878 0.00159393 0.00139393 0.0012543 0.00117183 
0.00135252 0.00138449 0.00148117 0.00164478 0.00187906 0.00218913 0.00258151 0.00306402 0.00364563 0.0043364 0.00514731 0.00609006 0.00717685 0.0084202 0.00983262 0.0114264 0.0132131 0.0152035 0.017407 0.0198316 0.0224831 0.0253653 0.0284791 0.0318227 0.0353914 0.0391769 0.0431679 0.0473493 0.0517029 0.0562067 0.0608361 0.0655629 0.0703566 0.075184 0.0800103 0.0847988 0.0895117 0.0941109 0.0985578 0.102815 0.106844 0.11061 0.11408 0.117221 0.120005 0.122407 0.124403 0.125975 0.127109 0.127794 0.128022 0.127794 0.127109 0.125975 0.124403 0.122407 0.120005 0.117221 0.11408 0.11061 0.106844 0.102815 0.0985578 0.0941109 0.0895117 0.0847988 0.0800103 0.075184 0.0703566 0.0655629 0.0608361 0.0562067 0.0517029 0.0473493 0.0431679 0.0391769 0.0353914 0.0318227 0.0284791 0.0253653 0.0224831 0.0198316 0.017407 0.0152035 0.0132131 0.0114264 0.00983262 0.0084202 0.00717685 0.00609006 0.00514731 0.0043364 0.00364563 0.00306402 0.00258151 0.00218913 0.00187906 0.00164478 0.00148117 0.00138449 
0.00159042 0.00162772 0.00174048 0.00193128 0.00220436 0.00256561 0.00302247 0.00358385 0.00426001 0.0050624 0.00600346 0.00709647 0.00835524 0.00979385 0.0114264 0.0132664 0.0153271 0.0176201 0.0201558 0.0229427 0.025987 0.0292922 0.032859 0.0366848 0.0407632 0.0450846 0.0496353 0.0543977 0.0593506 0.0644689 0.0697239 0.0750839 0.0805139 0.0859767 0.0914326 0.0968406 0.102158 0.107343 0.112352 0.117143 0.121675 0.125908 0.129805 0.133331 0.136454 0.139147 0.141385 0.143147 0.144418 0.145185 0.145441 0.145185 0.144418 0.143147 0.141385 0.139147 0.136454 0.133331 0.129805 0.125908 0.121675 0.117143 0.112352 0.107343 0.102158 0.0968406 0.0914326 0.0859767 0.0805139 0.0750839 0.0697239 0.0644689 0.0593506 0.0543977 0.0496353 0.0450846 0.0407632 0.0366848 0.032859 0.0292922 0.025987 0.0229427 0.0201558 0.0176201 0.0153271 0.0132664 0.0114264 0.00979385 0.00835524 0.00709647 0.00600346 0.0050624 0.00426001 0.00358385 0.00302247 0.00256561 0.00220436 0.00193128 0.00174048 0.00162772 
0.00186084 0.00190414 0.00203502 0.00225641 0.00257314 0.00299193 0.00352122 0.00417115 0.00495335 0.00588076 0.00696748 0.00822845 0.00967919 0.0113355 0.0132131 0.0153271 0.0176918 0.0203203 0.0232238 0.0264113 0.0298891 0.0336607 0.037726 0.0420813 0.046719 0.0516272 0.0567899 0.0621866 0.0677926 0.0735794 0.0795142 0.0855608 0.09168 0.0978295 0.103965 0.110041 0.11601 0.121824 0.127436 0.132799 0.137869 0.1426 0.146954 0.150891 0.154376 0.15738 0.159875 0.161839 0.163255 0.164109 0.164395 0.164109 0.163255 0.161839 0.159875 0.15738 0.154376 0.150891 0.146954 0.1426 0.137869 0.132799 0.127436 0.121824 0.11601 0.110041 0.103965 0.0978295 0.09168 0.0855608 0.0795142 0.0735794 0.0677926 0.0621866 0.0567899 0.0516272 0.046719 0.0420813 0.037726 0.0336607 0.0298891 0.0264113 0.0232238 0.0203203 0.0176918 0.0153271 0.0132131 0.0113355 0.00967919 0.00822845 0.00696748 0.00588076 0.00495335 0.00417115 0.00352122 0.00299193 0.00257314 0.00225641 0.00203502 0.00190414 
0.00216632 0.00221634 0.00236748 0.00262308 0.00298862 0.00347168 0.00408185 0.00483055 0.0057309 0.0067975 0.00804617 0.00949367 0.0111574 0.0130548 0.0152035 0.0176201 0.0203203 0.0233184 0.0266263 0.0302536 0.0342068 0.0384889 0.0430991 0.0480323 0.0532792 0.0588256 0.0646527 0.0707369 0.0770498 0.0835586 0.0902264 0.0970124 0.103872 0.110759 0.117622 0.124412 0.131076 0.137561 0.143815 0.149787 0.155428 0.160689 0.165525 0.169897 0.173765 0.177097 0.179864 0.182041 0.18361 0.184557 0.184873 0.184557 0.18361 0.182041 0.179864 0.177097 0.173765 0.169897 0.165525 0.160689 0.155428 0.149787 0.143815 0.137561 0.131076 0.124412 0.117622 0.110759 0.103872 0.0970124 0.0902264 0.0835586 0.0770498 0.0707369 0.0646527 0.0588256 0.0532792 0.0480323 0.0430991 0.0384889 0.0342068 0.0302536 0.0266263 0.0233184 0.0203203 0.0176201 0.0152035 0.0130548 0.0111574 0.00949367 0.00804617 0.0067975 0.0057309 0.00483055 0.00408185 0.00347168 0.00298862 0.00262308 0.00236748 0.00221634 
0.00250929 0.00256677 0.00274045 0.00303408 0.00345384 0.00400827 0.00470815 0.00556633 0.00659754 0.00781811 0.00924573 0.0108991 0.0127975 0.0149604 0.017407 0.0201558 0.0232238 0.0266263 0.0303762 0.0344834 0.0389544 0.0437916 0.0489934 0.054553 0.0604591 0.0666949 0.0732385 0.0800626 0.0871349 0.0944183 0.101871 0.109447 0.117097 0.124768 0.132406 0.139954 0.147354 0.154549 0.161482 0.168096 0.174337 0.180155 0.185499 0.190327 0.194596 0.198272 0.201323 0.203723 0.205452 0.206495 0.206844 0.206495 0.205452 0.203723 0.201323 0.198272 0.194596 0.190327 0.185499 0.180155 0.174337 0.168096 0.161482 0.154549 0.147354 0.139954 0.132406 0.124768 0.117097 0.109447 0.101871 0.0944183 0.0871349 0.0800626 0.0732385 0.0666949 0.0604591 0.054553 0.0489934 0.0437916 0.0389544 0.0344834 0.0303762 0.0266263 0.0232238 0.0201558 0.017407 0.0149604 0.0127975 0.0108991 0.00924573 0.00781811 0.00659754 0.00556633 0.00470815 0.00400827 0.00345384 0.00303408 0.00274045 0.00256677 
0.002892 0.00295773 0.00315631 0.00349194 0.00397157 0.00460476 0.00540357 0.00638236 0.00755757 0.00894742 0.0105716 0.0124507 0.0146062 0.0170595 0.0198316 0.0229427 0.0264113 0.0302536 0.0344834 0.0391109 0.0441422 0.0495793 0.0554191 0.0616532 0.0682678 0.0752433 0.0825542 0.0901694 0.0980521 0.10616 0.114447 0.122862 0.131349 0.13985 0.148304 0.156651 0.164825 0.172765 0.180409 0.187695 0.194564 0.200962 0.206836 0.212138 0.216824 0.220857 0.224203 0.226834 0.228729 0.229872 0.230254 0.229872 0.228729 0.226834 0.224203 0.220857 0.216824 0.212138 0.206836 0.200962 0.194564 0.187695 0.180409 0.172765 0.164825 0.156651 0.148304 0.13985 0.131349 0.122862 0.114447 0.10616 0.0980521 0.0901694 0.0825542 0.0752433 0.0682678 0.0616532 0.0554191 0.0495793 0.0441422 0.0391109 0.0344834 0.0302536 0.0264113 0.0229427 0.0198316 0.0170595 0.0146062 0.0124507 0.0105716 0.00894742 0.00755757 0.00638236 0.00540357 0.00460476 0.00397157 0.00349194 0.00315631 0.00295773 
0.00331645 0.00339124 0.00361717 0.00399893 0.00454425 0.00526381 0.00617103 0.00728188 0.00861462 0.0101894 0.012028 0.0141533 0.0165887 0.0193576 0.0224831 0.025987 0.0298891 0.0342068 0.0389544 0.0441422 0.0497762 0.0558572 0.0623808 0.0693365 0.0767076 0.0844714 0.0925986 0.101054 0.109795 0.118776 0.127944 0.137242 0.146608 0.15598 0.165291 0.174471 0.183454 0.192171 0.200553 0.208536 0.216056 0.223055 0.229475 0.235267 0.240383 0.244783 0.248432 0.251301 0.253366 0.254612 0.255029 0.254612 0.253366 0.251301 0.248432 0.244783 0.240383 0.235267 0.229475 0.223055 0.216056 0.208536 0.200553 0.192171 0.183454 0.174471 0.165291 0.15598 0.146608 0.137242 0.127944 0.118776 0.109795 0.101054 0.0925986 0.0844714 0.0767076 0.0693365 0.0623808 0.0558572 0.0497762 0.0441422 0.0389544 0.0342068 0.0298891 0.025987 0.0224831 0.0193576 0.0165887 0.0141533 0.012028 0.0101894 0.00861462 0.00728188 0.00617103 0.00526381 0.00454425 0.00399893 0.00361717 0.00339124 
0.00378433 0.00386901 0.00412479 0.00455688 0.00517387 0.00598757 0.00701287 0.00826744 0.00977144 0.0115471 0.0136184 0.0160103 0.0187484 0.0218585 0.0253653 0.0292922 0.0336607 0.0384889 0.0437916 0.0495793 0.0558572 0.0626252 0.0698768 0.0775993 0.0857731 0.0943716 0.103361 0.112702 0.122348 0.132245 0.142336 0.152558 0.162844 0.173123 0.183323 0.193369 0.203189 0.212707 0.221852 0.230553 0.238742 0.246357 0.253338 0.25963 0.265186 0.269961 0.273919 0.27703 0.279269 0.280619 0.281071 0.280619 0.279269 0.27703 0.273919 0.269961 0.265186 0.25963 0.253338 0.246357 0.238742 0.230553 0.221852 0.212707 0.203189 0.193369 0.183323 0.173123 0.162844 0.152558 0.142336 0.132245 0.122348 0.112702 0.103361 0.0943716 0.0857731 0.0775993 0.0698768 0.0626252 0.0558572 0.0495793 0.0437916 0.0384889 0.0336607 0.0292922 0.0253653 0.0218585 0.0187484 0.0160103 0.0136184 0.0115471 0.00977144 0.00826744 0.00701287 0.00598757 0.00517387 0.00455688 0.00412479 0.00386901 
0.00429693 0.00439235 0.00468052 0.0051672 0.00586186 0.00677756 0.0079307 0.00934072 0.0110298 0.0130222 0.0153443 0.0180233 0.0210871 0.0245635 0.0284791 0.032859 0.037726 0.0430991 0.0489934 0.0554191 0.0623808 0.0698768 0.0778988 0.086431 0.0954506 0.104927 0.114822 0.125092 0.135682 0.146536 0.157588 0.168769 0.180007 0.191224 0.202342 0.213281 0.223961 0.234302 0.244226 0.25366 0.262532 0.270774 0.278323 0.285124 0.291124 0.296279 0.30055 0.303905 0.306319 0.307775 0.308261 0.307775 0.306319 0.303905 0.30055 0.296279 0.291124 0.285124 0.278323 0.270774 0.262532 0.25366 0.244226 0.234302 0.223961 0.213281 0.202342 0.191224 0.180007 0.168769 0.157588 0.146536 0.135682 0.125092 0.114822 0.104927 0.0954506 0.086431 0.0778988 0.0698768 0.0623808 0.0554191 0.0489934 0.0430991 0.037726 0.032859 0.0284791 0.0245635 0.0210871 0.0180233 0.0153443 0.0130222 0.0110298 0.00934072 0.0079307 0.00677756 0.00586186 0.0051672 0.00468052 0.00439235 
0.00485508 0.00496208 0.00528518 0.0058307 0.00660906 0.00763459 0.00892527 0.0105024 0.0123902 0.0146153 0.0172061 0.0201924 0.0236042 0.0274714 0.0318227 0.0366848 0.0420813 0.0480323 0.054553 0.0616532 0.0693365 0.0775993 0.086431 0.0958129 0.105718 0.116112 0.126952 0.138187 0.149759 0.161603 0.173649 0.18582 0.198038 0.210218 0.222277 0.234127 0.245684 0.256861 0.267578 0.277755 0.287316 0.29619 0.304313 0.311625 0.318071 0.323607 0.32819 0.33179 0.334379 0.33594 0.336462 0.33594 0.334379 0.33179 0.32819 0.323607 0.318071 0.311625 0.304313 0.29619 0.287316 0.277755 0.267578 0.256861 0.245684 0.234127 0.222277 0.210218 0.198038 0.18582 0.173649 0.161603 0.149759 0.138187 0.126952 0.116112 0.105718 0.0958129 0.086431 0.0775993 0.0693365 0.0616532 0.054553 0.0480323 0.0420813 0.0366848 0.0318227 0.0274714 0.0236042 0.0201924 0.0172061 0.0146153 0.0123902 0.0105024 0.00892527 0.00763459 0.00660906 0.0058307 0.00528518 0.00496208 
0.00545908 0.00557848 0.00593901 0.00654758 0.00741558 0.00855865 0.00999641 0.0117521 0.013852 0.0163251 0.0192022 0.0225152 0.0262967 0.0305786 0.0353914 0.0407632 0.046719 0.0532792 0.0604591 0.0682678 0.0767076 0.0857731 0.0954506 0.105718 0.116545 0.127892 0.13971 0.151943 0.164527 0.17739 0.190456 0.203642 0.216861 0.230023 0.243038 0.255812 0.268256 0.280278 0.291793 0.302716 0.312968 0.322475 0.33117 0.338991 0.345882 0.351795 0.356689 0.360531 0.363294 0.364959 0.365516 0.364959 0.363294 0.360531 0.356689 0.351795 0.345882 0.338991 0.33117 0.322475 0.312968 0.302716 0.291793 0.280278 0.268256 0.255812 0.243038 0.230023 0.216861 0.203642 0.190456 0.17739 0.164527 0.151943 0.13971 0.127892 0.116545 0.105718 0.0954506 0.0857731 0.0767076 0.0682678 0.0604591 0.0532792 0.046719 0.0407632 0.0353914 0.0305786 0.0262967 0.0225152 0.0192022 0.0163251 0.013852 0.0117521 0.00999641 0.00855865 0.00741558 0.00654758 0.00593901 0.00557848 
0.00610861 0.00624124 0.00664164 0.00731734 0.00828072 0.00954881 0.0111429 0.0130882 0.0154131 0.018149 0.0213291 0.0249876 0.0291594 0.0338784 0.0391769 0.0450846 0.0516272 0.0588256 0.0666949 0.0752433 0.0844714 0.0943716 0.104927 0.116112 0.127892 0.140221 0.153046 0.166304 0.179924 0.19383 0.207935 0.222152 0.236387 0.250542 0.264522 0.278227 0.291561 0.30443 0.316741 0.328407 0.339346 0.349481 0.358742 0.367066 0.374394 0.38068 0.385879 0.389959 0.392892 0.394659 0.39525 0.394659 0.392892 0.389959 0.385879 0.38068 0.374394 0.367066 0.358742 0.349481 0.339346 0.328407 0.316741 0.30443 0.291561 0.278227 0.264522 0.250542 0.236387 0.222152 0.207935 0.19383 0.179924 0.166304 0.153046 0.140221 0.127892 0.116112 0.104927 0.0943716 0.0844714 0.0752433 0.0666949 0.0588256 0.0516272 0.0450846 0.0391769 0.0338784 0.0291594 0.0249876 0.0213291 0.018149 0.0154131 0.0130882 0.0111429 0.00954881 0.00828072 0.00731734 0.00664164 0.00624124 
0.00680272 0.00694934 0.00739194 0.00813867 0.00920295 0.0106032 0.0123624 0.0145078 0.01707 0.0200827 0.0235814 0.0276029 0.0321841 0.0373611 0.0431679 0.0496353 0.0567899 0.0646527 0.0732385 0.0825542 0.0925986 0.103361 0.114822 0.126952 0.13971 0.153046 0.1669 0.181203 0.195879 0.210842 0.226 0.241258 0.256515 0.271669 0.286615 0.30125 0.315471 0.329179 0.342279 0.35468 0.366296 0.377048 0.386864 0.395679 0.403435 0.410082 0.415579 0.419889 0.422988 0.424854 0.425478 0.424854 0.422988 0.419889 0.415579 0.410082 0.403435 0.395679 0.386864 0.377048 0.366296 0.35468 0.342279 0.329179 0.315471 0.30125 0.286615 0.271669 0.256515 0.241258 0.226 0.210842 0.195879 0.181203 0.1669 0.153046 0.13971 0.126952 0.114822 0.103361 0.0925986 0.0825542 0.0732385 0.0646527 0.0567899 0.0496353 0.0431679 0.0373611 0.0321841 0.0276029 0.0235814 0.0200827 0.01707 0.0145078 0.0123624 0.0106032 0.00920295 0.00813867 0.00739194 0.00694934 
0.00753973 0.00770107 0.00818806 0.00900949 0.0101798 0.0117188 0.0136514 0.0160066 0.0188174 0.0221198 0.0259516 0.0303521 0.0353603 0.0410142 0.0473493 0.0543977 0.0621866 0.0707369 0.0800626 0.0901694 0.101054 0.112702 0.125092 0.138187 0.151943 0.166304 0.181203 0.196566 0.212308 0.228337 0.244554 0.260856 0.277135 0.293283 0.30919 0.324746 0.339843 0.354379 0.368254 0.381374 0.393651 0.405003 0.415358 0.42465 0.432819 0.439816 0.445598 0.450131 0.453388 0.455349 0.456004 0.455349 0.453388 0.450131 0.445598 0.439816 0.432819 0.42465 0.415358 0.405003 0.393651 0.381374 0.368254 0.354379 0.339843 0.324746 0.30919 0.293283 0.277135 0.260856 0.244554 0.228337 0.212308 0.196566 0.181203 0.166304 0.151943 0.138187 0.125092 0.112702 0.101054 0.0901694 0.0800626 0.0707369 0.0621866 0.0543977 0.0473493 0.0410142 0.0353603 0.0303521 0.0259516 0.0221198 0.0188174 0.0160066 0.0136514 0.0117188 0.0101798 0.00900949 0.00818806 0.00770107 
0.00831722 0.00849396 0.00902734 0.00992682 0.0112079 0.0128918 0.0150051 0.017579 0.0206487 0.0242523 0.0284302 0.0332239 0.0386745 0.0448218 0.0517029 0.0593506 0.0677926 0.0770498 0.0871349 0.0980521 0.109795 0.122348 0.135682 0.149759 0.164527 0.179924 0.195879 0.212308 0.22912 0.246216 0.263489 0.28083 0.298125 0.315257 0.332111 0.348572 0.364529 0.379874 0.394503 0.408321 0.421237 0.433169 0.444042 0.453791 0.462355 0.469686 0.47574 0.480484 0.483891 0.485943 0.486628 0.485943 0.483891 0.480484 0.47574 0.469686 0.462355 0.453791 0.444042 0.433169 0.421237 0.408321 0.394503 0.379874 0.364529 0.348572 0.332111 0.315257 0.298125 0.28083 0.263489 0.246216 0.22912 0.212308 0.195879 0.179924 0.164527 0.149759 0.135682 0.122348 0.109795 0.0980521 0.0871349 0.0770498 0.0677926 0.0593506 0.0517029 0.0448218 0.0386745 0.0332239 0.0284302 0.0242523 0.0206487 0.017579 0.0150051 0.0128918 0.0112079 0.00992682 0.00902734 0.00849396 
0.00913201 0.00932474 0.00990631 0.0108868 0.0122828 0.014117 0.0164176 0.019218 0.0225553 0.0264703 0.0310055 0.0362045 0.0421106 0.0487652 0.0562067 0.0644689 0.0735794 0.0835586 0.0944183 0.10616 0.118776 0.132245 0.146536 0.161603 0.17739 0.19383 0.210842 0.228337 0.246216 0.264372 0.282693 0.301061 0.319355 0.337454 0.355235 0.37258 0.389372 0.4055 0.420858 0.435347 0.448876 0.461361 0.472728 0.48291 0.491848 0.499494 0.505804 0.510747 0.514296 0.516432 0.517145 0.516432 0.514296 0.510747 0.505804 0.499494 0.491848 0.48291 0.472728 0.461361 0.448876 0.435347 0.420858 0.4055 0.389372 0.37258 0.355235 0.337454 0.319355 0.301061 0.282693 0.264372 0.246216 0.228337 0.210842 0.19383 0.17739 0.161603 0.146536 0.132245 0.118776 0.10616 0.0944183 0.0835586 0.0735794 0.0644689 0.0562067 0.0487652 0.0421106 0.0362045 0.0310055 0.0264703 0.0225553 0.019218 0.0164176 0.014117 0.0122828 0.0108868 0.00990631 0.00932474 
0.00998015 0.0101894 0.0108206 0.0118847 0.0133992 0.0153882 0.0178817 0.020915 0.0245275 0.0287622 0.0336637 0.039278 0.04565 0.0528229 0.0608361 0.0697239 0.0795142 0.0902264 0.101871 0.114447 0.127944 0.142336 0.157588 0.173649 0.190456 0.207935 0.226 0.244554 0.263489 0.282693 0.302045 0.321421 0.340693 0.359733 0.378415 0.396615 0.414212 0.431092 0.447146 0.462275 0.476386 0.489395 0.501227 0.511815 0.521104 0.529043 0.535592 0.540719 0.544399 0.546613 0.547353 0.546613 0.544399 0.540719 0.535592 0.529043 0.521104 0.511815 0.501227 0.489395 0.476386 0.462275 0.447146 0.431092 0.414212 0.396615 0.378415 0.359733 0.340693 0.321421 0.302045 0.282693 0.263489 0.244554 0.226 0.207935 0.190456 0.173649 0.157588 0.142336 0.127944 0.114447 0.101871 0.0902264 0.0795142 0.0697239 0.0608361 0.0528229 0.04565 0.039278 0.0336637 0.0287622 0.0245275 0.020915 0.0178817 0.0153882 0.0133992 0.0118847 0.0108206 0.0101894 
0.0108569 0.011083 0.0117652 0.0129149 0.0145507 0.0166981 0.0193889 0.0226603 0.0265538 0.0311144 0.0363892 0.042426 0.0492715 0.0569703 0.0655629 0.0750839 0.0855608 0.0970124 0.109447 0.122862 0.137242 0.152558 0.168769 0.18582 0.203642 0.222152 0.241258 0.260856 0.28083 0.301061 0.321421 0.341778 0.361999 0.381951 0.401501 0.420521 0.438887 0.456483 0.473198 0.48893 0.503588 0.517086 0.529351 0.540318 0.54993 0.55814 0.564908 0.570204 0.574003 0.57629 0.577053 0.57629 0.574003 0.570204 0.564908 0.55814 0.54993 0.540318 0.529351 0.517086 0.503588 0.48893 0.473198 0.456483 0.438887 0.420521 0.401501 0.381951 0.361999 0.341778 0.321421 0.301061 0.28083 0.260856 0.241258 0.222152 0.203642 0.18582 0.168769 0.152558 0.137242 0.122862 0.109447 0.0970124 0.0855608 0.0750839 0.0655629 0.0569703 0.0492715 0.042426 0.0363892 0.0311144 0.0265538 0.0226603 0.0193889 0.0166981 0.0145507 0.0129149 0.0117652 0.011083 
0.0117568 0.0120001 0.0127342 0.0139709 0.0157301 0.0180386 0.0209297 0.0244427 0.028621 0.0335119 0.0391645 0.0456282 0.0529518 0.0611808 0.0703566 0.0805139 0.09168 0.103872 0.117097 0.131349 0.146608 0.162844 0.180007 0.198038 0.216861 0.236387 0.256515 0.277135 0.298125 0.319355 0.340693 0.361999 0.383135 0.40396 0.42434 0.444141 0.463237 0.481508 0.498843 0.51514 0.530306 0.544258 0.556922 0.568235 0.578142 0.586598 0.593565 0.599014 0.602921 0.605272 0.606056 0.605272 0.602921 0.599014 0.593565 0.586598 0.578142 0.568235 0.556922 0.544258 0.530306 0.51514 0.498843 0.481508 0.463237 0.444141 0.42434 0.40396 0.383135 0.361999 0.340693 0.319355 0.298125 0.277135 0.256515 0.236387 0.216861 0.198038 0.180007 0.162844 0.146608 0.131349 0.117097 0.103872 0.09168 0.0805139 0.0703566 0.0611808 0.0529518 0.0456282 0.0391645 0.0335119 0.028621 0.0244427 0.0209297 0.0180386 0.0157301 0.0139709 0.0127342 0.0120001 
0.0126736 0.0129343 0.0137208 0.0150455 0.0169292 0.0194002 0.0224935 0.0262499 0.0307151 0.0359383 0.0419703 0.0488627 0.0566654 0.0654253 0.075184 0.0859767 0.0978295 0.110759 0.124768 0.13985 0.15598 0.173123 0.191224 0.210218 0.230023 0.250542 0.271669 0.293283 0.315257 0.337454 0.359733 0.381951 0.40396 0.425619 0.446785 0.467323 0.487104 0.506007 0.523919 0.540738 0.556372 0.570738 0.583766 0.595392 0.605566 0.614242 0.621386 0.626971 0.630974 0.633381 0.634185 0.633381 0.630974 0.626971 0.621386 0.614242 0.605566 0.595392 0.583766 0.570738 0.556372 0.540738 0.523919 0.506007 0.487104 0.467323 0.446785 0.425619 0.40396 0.381951 0.359733 0.337454 0.315257 0.293283 0.271669 0.250542 0.230023 0.210218 0.191224 0.173123 0.15598 0.13985 0.124768 0.110759 0.0978295 0.0859767 0.075184 0.0654253 0.0566654 0.0488627 0.0419703 0.0359383 0.0307151 0.0262499 0.0224935 0.0194002 0.0169292 0.0150455 0.0137208 0.0129343 
0.0136006 0.0138787 0.0147177 0.0161307 0.0181393 0.0207731 0.0240687 0.0280687 0.0328206 0.0383755 0.0447862 0.0521057 0.0603853 0.0696728 0.0800103 0.0914326 0.103965 0.117622 0.132406 0.148304 0.165291 0.183323 0.202342 0.222277 0.243038 0.264522 0.286615 0.30919 0.332111 0.355235 0.378415 0.401501 0.42434 0.446785 0.468691 0.489919 0.510338 0.529825 0.548269 0.565565 0.581625 0.596367 0.60972 0.621627 0.632037 0.640908 0.648208 0.653911 0.657998 0.660455 0.661275 0.660455 0.657998 0.653911 0.648208 0.640908 0.632037 0.621627 0.60972 0.596367 0.581625 0.565565 0.548269 0.529825 0.510338 0.489919 0.468691 0.446785 0.42434 0.401501 0.378415 0.355235 0.332111 0.30919 0.286615 0.264522 0.243038 0.222277 0.202342 0.183323 0.165291 0.148304 0.132406 0.117622 0.103965 0.0914326 0.0800103 0.0696728 0.0603853 0.0521057 0.0447862 0.0383755 0.0328206 0.0280687 0.0240687 0.0207731 0.0181393 0.0161307 0.0147177 0.0138787 
0.0145302 0.0148258 0.015717 0.0172178 0.0193506 0.0221462 0.0256428 0.0298847 0.0349211 0.0408048 0.0475904 0.0553323 0.064083 0.073891 0.0847988 0.0968406 0.110041 0.124412 0.139954 0.156651 0.174471 0.193369 0.213281 0.234127 0.255812 0.278227 0.30125 0.324746 0.348572 0.37258 0.396615 0.420521 0.444141 0.467323 0.489919 0.511787 0.532795 0.552818 0.571746 0.589476 0.605918 0.620994 0.634638 0.646791 0.657407 0.666447 0.673881 0.679686 0.683844 0.686343 0.687177 0.686343 0.683844 0.679686 0.673881 0.666447 0.657407 0.646791 0.634638 0.620994 0.605918 0.589476 0.571746 0.552818 0.532795 0.511787 0.489919 0.467323 0.444141 0.420521 0.396615 0.37258 0.348572 0.324746 0.30125 0.278227 0.255812 0.234127 0.213281 0.193369 0.174471 0.156651 0.139954 0.124412 0.110041 0.0968406 0.0847988 0.073891 0.064083 0.0553323 0.0475904 0.0408048 0.0349211 0.0298847 0.0256428 0.0221462 0.0193506 0.0172178 0.015717 0.0148258 
0.0154548 0.0157674 0.0167103 0.0182977 0.020553 0.0235083 0.027203 0.031683 0.0369993 0.0432063 0.0503601 0.0585164 0.0677289 0.0780465 0.0895117 0.102158 0.11601 0.131076 0.147354 0.164825 0.183454 0.203189 0.223961 0.245684 0.268256 0.291561 0.315471 0.339843 0.364529 0.389372 0.414212 0.438887 0.463237 0.487104 0.510338 0.532795 0.55434 0.574851 0.594215 0.612332 0.629115 0.644486 0.658382 0.670749 0.681542 0.690726 0.698274 0.704164 0.708381 0.710915 0.711761 0.710915 0.708381 0.704164 0.698274 0.690726 0.681542 0.670749 0.658382 0.644486 0.629115 0.612332 0.594215 0.574851 0.55434 0.532795 0.510338 0.487104 0.463237 0.438887 0.414212 0.389372 0.364529 0.339843 0.315471 0.291561 0.268256 0.245684 0.223961 0.203189 0.183454 0.164825 0.147354 0.131076 0.11601 0.102158 0.0895117 0.0780465 0.0677289 0.0585164 0.0503601 0.0432063 0.0369993 0.031683 0.027203 0.0235083 0.020553 0.0182977 0.0167103 0.0157674 
0.0163659 0.0166953 0.0176887 0.0193608 0.021736 0.0248473 0.0287355 0.0334481 0.0390375 0.0455597 0.0530721 0.0616317 0.0712929 0.0821052 0.0941109 0.107343 0.121824 0.137561 0.154549 0.172765 0.192171 0.212707 0.234302 0.256861 0.280278 0.30443 0.329179 0.354379 0.379874 0.4055 0.431092 0.456483 0.481508 0.506007 0.529825 0.552818 0.574851 0.5958 0.615554 0.634014 0.651094 0.666722 0.680835 0.693383 0.704325 0.713629 0.721271 0.727231 0.731496 0.734059 0.734914 0.734059 0.731496 0.727231 0.721271 0.713629 0.704325 0.693383 0.680835 0.666722 0.651094 0.634014 0.615554 0.5958 0.574851 0.552818 0.529825 0.506007 0.481508 0.456483 0.431092 0.4055 0.379874 0.354379 0.329179 0.30443 0.280278 0.256861 0.234302 0.212707 0.192171 0.172765 0.154549 0.137561 0.121824 0.107343 0.0941109 0.0821052 0.0712929 0.0616317 0.0530721 0.0455597 0.0390375 0.0334481 0.0287355 0.0248473 0.021736 0.0193608 0.0176887 0.0166953 
0.0172551 0.0176008 0.0186431 0.0203974 0.0228887 0.0261511 0.0302267 0.0351642 0.0410176 0.0478442 0.0557027 0.0646511 0.0747446 0.0860327 0.0985578 0.112352 0.127436 0.143815 0.161482 0.180409 0.200553 0.221852 0.244226 0.267578 0.291793 0.316741 0.342279 0.368254 0.394503 0.420858 0.447146 0.473198 0.498843 0.523919 0.548269 0.571746 0.594215 0.615554 0.635651 0.65441 0.671749 0.687596 0.701893 0.714592 0.725657 0.735059 0.742775 0.74879 0.753094 0.755679 0.756541 0.755679 0.753094 0.74879 0.742775 0.735059 0.725657 0.714592 0.701893 0.687596 0.671749 0.65441 0.635651 0.615554 0.594215 0.571746 0.548269 0.523919 0.498843 0.473198 0.447146 0.420858 0.394503 0.368254 0.342279 0.316741 0.291793 0.267578 0.244226 0.221852 0.200553 0.180409 0.161482 0.143815 0.127436 0.112352 0.0985578 0.0860327 0.0747446 0.0646511 0.0557027 0.0478442 0.0410176 0.0351642 0.0302267 0.0261511 0.0228887 0.0203974 0.0186431 0.0176008 
0.0181137 0.018475 0.0195643 0.0213974 0.0240001 0.0274074 0.0316625 0.0368155 0.0429215 0.0500392 0.0582284 0.067548 0.0780537 0.0897952 0.102815 0.117143 0.132799 0.149787 0.168096 0.187695 0.208536 0.230553 0.25366 0.277755 0.302716 0.328407 0.35468 0.381374 0.408321 0.435347 0.462275 0.48893 0.51514 0.540738 0.565565 0.589476 0.612332 0.634014 0.65441 0.673428 0.690987 0.707018 0.721467 0.73429 0.745454 0.754932 0.762707 0.768765 0.773097 0.775698 0.776565 0.775698 0.773097 0.768765 0.762707 0.754932 0.745454 0.73429 0.721467 0.707018 0.690987 0.673428 0.65441 0.634014 0.612332 0.589476 0.565565 0.540738 0.51514 0.48893 0.462275 0.435347 0.408321 0.381374 0.35468 0.328407 0.302716 0.277755 0.25366 0.230553 0.208536 0.187695 0.168096 0.149787 0.132799 0.117143 0.102815 0.0897952 0.0780537 0.067548 0.0582284 0.0500392 0.0429215 0.0368155 0.0316625 0.0274074 0.0240001 0.0213974 0.0195643 0.018475 
