0.000664599 0.000676264 0.000711446 0.000770698 0.000854937 0.000965428 0.00110377 0.00127186 0.00147188 0.00170627 0.00197764 0.00228879 0.0026426 0.003042 0.0034899 0.00398913 0.00454232 0.00515191 0.00581997 0.0065482 0.0073378 0.00818942 0.00910308 0.0100781 0.011113 0.0122056 0.0133527 0.0145504 0.0157938 0.0170773 0.0183941 0.019737 0.0210978 0.0224675 0.0238368 0.0251957 0.0265338 0.0278405 0.0291051 0.0303168 0.0314651 0.0325396 0.0335306 0.0344288 0.0352258 0.0359138 0.0364862 0.0369374 0.0372629 0.0374596 0.0375253 0.0374596 0.0372629 0.0369374 0.0364862 0.0359138 0.0352258 0.0344288 0.0335306 0.0325396 0.0314651 0.0303168 0.0291051 0.0278405 0.0265338 0.0251957 0.0238368 0.0224675 0.0210978 0.019737 0.0183941 0.0170773 0.0157938 0.0145504 0.0133527 0.0122056 0.011113 0.0100781 0.00910308 0.00818942 0.0073378 0.0065482 0.00581997 0.00515191 0.00454232 0.00398913 0.0034899 0.003042 0.0026426 0.00228879 0.00197764 0.00170627 0.00147188 0.00127186 0.00110377 0.000965428 0.000854937 0.000770698 0.000711446 0.000676264 
0.000676264 0.000688119 0.00072387 0.00078408 0.000869677 0.000981944 0.00112249 0.00129326 0.00149645 0.00173452 0.00201012 0.00232609 0.00268534 0.00309083 0.00354551 0.00405222 0.00461364 0.00523222 0.00591005 0.00664883 0.00744977 0.00831352 0.00924007 0.0102287 0.011278 0.0123856 0.0135483 0.0147622 0.0160223 0.0173228 0.0186571 0.0200176 0.021396 0.0227834 0.0241702 0.0255464 0.0269014 0.0282245 0.0295049 0.0307316 0.031894 0.0329818 0.0339849 0.0348941 0.0357007 0.0363971 0.0369764 0.037433 0.0377625 0.0379615 0.038028 0.0379615 0.0377625 0.037433 0.0369764 0.0363971 0.0357007 0.0348941 0.0339849 0.0329818 0.031894 0.0307316 0.0295049 0.0282245 0.0269014 0.0255464 0.0241702 0.0227834 0.021396 0.0200176 0.0186571 0.0173228 0.0160223 0.0147622 0.0135483 0.0123856 0.011278 0.0102287 0.00924007 0.00831352 0.00744977 0.00664883 0.00591005 0.00523222 0.00461364 0.00405222 0.00354551 0.00309083 0.00268534 0.00232609 0.00201012 0.00173452 0.00149645 0.00129326 0.00112249 0.000981944 0.000869677 0.00078408 0.00072387 0.000688119 
0.000711446 0.00072387 0.000761338 0.000824435 0.000914124 0.00103174 0.00117895 0.00135777 0.00157048 0.00181964 0.002108 0.00243849 0.00281411 0.00323794 0.00371301 0.00424226 0.00482845 0.00547408 0.0061813 0.00695183 0.0077869 0.00868712 0.00965246 0.0106821 0.0117746 0.0129273 0.0141371 0.0153997 0.0167099 0.0180617 0.0194482 0.0208615 0.022293 0.0237335 0.025173 0.0266011 0.0280068 0.0293792 0.030707 0.0319789 0.0331839 0.0343113 0.0353509 0.0362929 0.0371286 0.0378499 0.03845 0.038923 0.0392642 0.0394703 0.0395392 0.0394703 0.0392642 0.038923 0.03845 0.0378499 0.0371286 0.0362929 0.0353509 0.0343113 0.0331839 0.0319789 0.030707 0.0293792 0.0280068 0.0266011 0.025173 0.0237335 0.022293 0.0208615 0.0194482 0.0180617 0.0167099 0.0153997 0.0141371 0.0129273 0.0117746 0.0106821 0.00965246 0.00868712 0.0077869 0.00695183 0.0061813 0.00547408 0.00482845 0.00424226 0.00371301 0.00323794 0.00281411 0.00243849 0.002108 0.00181964 0.00157048 0.00135777 0.00117895 0.00103174 0.000914124 0.000824435 0.000761338 0.00072387 
0.000770698 0.00078408 0.000824435 0.000892383 0.000988948 0.00111555 0.00127396 0.00146631 0.00169503 0.00196282 0.00227259 0.00262744 0.00303056 0.00348517 0.00399447 0.00456155 0.00518928 0.00588028 0.00663678 0.00746054 0.00835281 0.00931416 0.0103445 0.0114429 0.0126076 0.013836 0.0151245 0.0164686 0.0178627 0.0193003 0.0207741 0.0222757 0.0237961 0.0253253 0.0268529 0.0283677 0.0298583 0.031313 0.03272 0.0340673 0.0353435 0.0365371 0.0376374 0.0386343 0.0395185 0.0402817 0.0409164 0.0414166 0.0417775 0.0419954 0.0420683 0.0419954 0.0417775 0.0414166 0.0409164 0.0402817 0.0395185 0.0386343 0.0376374 0.0365371 0.0353435 0.0340673 0.03272 0.031313 0.0298583 0.0283677 0.0268529 0.0253253 0.0237961 0.0222757 0.0207741 0.0193003 0.0178627 0.0164686 0.0151245 0.013836 0.0126076 0.0114429 0.0103445 0.00931416 0.00835281 0.00746054 0.00663678 0.00588028 0.00518928 0.00456155 0.00399447 0.00348517 0.00303056 0.00262744 0.00227259 0.00196282 0.00169503 0.00146631 0.00127396 0.00111555 0.000988948 0.000892383 0.000824435 0.00078408 
0.000854937 0.000869677 0.000914124 0.000988948 0.00109526 0.00123459 0.00140887 0.00162039 0.00187178 0.00216595 0.00250604 0.00289539 0.00333741 0.00383556 0.00439327 0.00501382 0.00570027 0.00645538 0.00728149 0.00818043 0.00915344 0.0102011 0.0113231 0.0125184 0.0137851 0.0151201 0.0165196 0.0179784 0.0194906 0.0210491 0.0226458 0.0242717 0.025917 0.027571 0.0292224 0.0308591 0.032469 0.0340394 0.0355576 0.0370109 0.0383869 0.0396735 0.0408591 0.0419331 0.0428854 0.0437071 0.0443905 0.0449289 0.0453173 0.0455519 0.0456303 0.0455519 0.0453173 0.0449289 0.0443905 0.0437071 0.0428854 0.0419331 0.0408591 0.0396735 0.0383869 0.0370109 0.0355576 0.0340394 0.032469 0.0308591 0.0292224 0.027571 0.025917 0.0242717 0.0226458 0.0210491 0.0194906 0.0179784 0.0165196 0.0151201 0.0137851 0.0125184 0.0113231 0.0102011 0.00915344 0.00818043 0.00728149 0.00645538 0.00570027 0.00501382 0.00439327 0.00383556 0.00333741 0.00289539 0.00250604 0.00216595 0.00187178 0.00162039 0.00140887 0.00123459 0.00109526 0.000988948 0.000914124 0.000869677 
0.000965428 0.000981944 0.00103174 0.00111555 0.00123459 0.00139055 0.00158555 0.0018221 0.00210308 0.00243168 0.00281133 0.00324565 0.00373838 0.00429328 0.00491405 0.00560424 0.00636712 0.00720565 0.0081223 0.00911898 0.0101969 0.0113566 0.0125977 0.0139189 0.0153178 0.0167911 0.0183344 0.019942 0.0216071 0.0233221 0.025078 0.0268648 0.0286717 0.0304871 0.0322984 0.0340928 0.0358567 0.0375765 0.0392383 0.0408284 0.0423333 0.0437398 0.0450355 0.0462088 0.0472489 0.0481462 0.0488923 0.04948 0.0499039 0.0501599 0.0502455 0.0501599 0.0499039 0.04948 0.0488923 0.0481462 0.0472489 0.0462088 0.0450355 0.0437398 0.0423333 0.0408284 0.0392383 0.0375765 0.0358567 0.0340928 0.0322984 0.0304871 0.0286717 0.0268648 0.025078 0.0233221 0.0216071 0.019942 0.0183344 0.0167911 0.0153178 0.0139189 0.0125977 0.0113566 0.0101969 0.00911898 0.0081223 0.00720565 0.00636712 0.00560424 0.00491405 0.00429328 0.00373838 0.00324565 0.00281133 0.00243168 0.00210308 0.0018221 0.00158555 0.00139055 0.00123459 0.00111555 0.00103174 0.000981944 
0.00110377 0.00112249 0.00117895 0.00127396 0.00140887 0.00158555 0.00180635 0.00207407 0.00239188 0.00276331 0.00319215 0.0036824 0.00423816 0.00486355 0.00556262 0.00633922 0.00719693 0.00813889 0.00916775 0.0102855 0.0114934 0.0127918 0.0141801 0.0156568 0.0172192 0.0188633 0.0205841 0.0223752 0.0242291 0.026137 0.0280889 0.0300738 0.0320797 0.0340936 0.0361018 0.0380899 0.0400432 0.0419465 0.0437848 0.0455428 0.0472058 0.0487595 0.0501903 0.0514854 0.0526332 0.0536231 0.054446 0.0550941 0.0555615 0.0558438 0.0559381 0.0558438 0.0555615 0.0550941 0.054446 0.0536231 0.0526332 0.0514854 0.0501903 0.0487595 0.0472058 0.0455428 0.0437848 0.0419465 0.0400432 0.0380899 0.0361018 0.0340936 0.0320797 0.0300738 0.0280889 0.026137 0.0242291 0.0223752 0.0205841 0.0188633 0.0172192 0.0156568 0.0141801 0.0127918 0.0114934 0.0102855 0.00916775 0.00813889 0.00719693 0.00633922 0.00556262 0.00486355 0.00423816 0.0036824 0.00319215 0.00276331 0.00239188 0.00207407 0.00180635 0.00158555 0.00140887 0.00127396 0.00117895 0.00112249 
0.00127186 0.00129326 0.00135777 0.00146631 0.00162039 0.0018221 0.00207407 0.0023794 0.00274166 0.00316476 0.00365292 0.00421058 0.00484226 0.00555252 0.00634581 0.00722636 0.00819804 0.00926427 0.0104278 0.0116909 0.0130546 0.0145192 0.016084 0.0177469 0.0195048 0.0213532 0.0232862 0.0252965 0.0273757 0.0295137 0.0316995 0.0339206 0.0361635 0.0384138 0.0406563 0.0428749 0.0450533 0.0471748 0.0492225 0.0511799 0.0530307 0.0547591 0.0563501 0.0577898 0.0590652 0.0601649 0.0610788 0.0617986 0.0623176 0.0626309 0.0627357 0.0626309 0.0623176 0.0617986 0.0610788 0.0601649 0.0590652 0.0577898 0.0563501 0.0547591 0.0530307 0.0511799 0.0492225 0.0471748 0.0450533 0.0428749 0.0406563 0.0384138 0.0361635 0.0339206 0.0316995 0.0295137 0.0273757 0.0252965 0.0232862 0.0213532 0.0195048 0.0177469 0.016084 0.0145192 0.0130546 0.0116909 0.0104278 0.00926427 0.00819804 0.00722636 0.00634581 0.00555252 0.00484226 0.00421058 0.00365292 0.00316476 0.00274166 0.0023794 0.00207407 0.0018221 0.00162039 0.00146631 0.00135777 0.00129326 
0.00147188 0.00149645 0.00157048 0.00169503 0.00187178 0.00210308 0.00239188 0.00274166 0.0031564 0.0036405 0.00419864 0.00483577 0.00555693 0.00636716 0.00727136 0.00827418 0.00937987 0.0105921 0.0119139 0.0133474 0.0148938 0.0165532 0.0183246 0.0202055 0.0221922 0.0242793 0.0264601 0.0287263 0.0310683 0.0334747 0.0359328 0.0384289 0.0409476 0.0434729 0.0459877 0.0484741 0.0509139 0.0532885 0.0555794 0.057768 0.0598364 0.0617671 0.0635437 0.0651507 0.0665739 0.0678006 0.0688199 0.0696225 0.0702011 0.0705504 0.0706672 0.0705504 0.0702011 0.0696225 0.0688199 0.0678006 0.0665739 0.0651507 0.0635437 0.0617671 0.0598364 0.057768 0.0555794 0.0532885 0.0509139 0.0484741 0.0459877 0.0434729 0.0409476 0.0384289 0.0359328 0.0334747 0.0310683 0.0287263 0.0264601 0.0242793 0.0221922 0.0202055 0.0183246 0.0165532 0.0148938 0.0133474 0.0119139 0.0105921 0.00937987 0.00827418 0.00727136 0.00636716 0.00555693 0.00483577 0.00419864 0.0036405 0.0031564 0.00274166 0.00239188 0.00210308 0.00187178 0.00169503 0.00157048 0.00149645 
0.00170627 0.00173452 0.00181964 0.00196282 0.00216595 0.00243168 0.00276331 0.00316476 0.0036405 0.00419543 0.00483481 0.00556414 0.00638904 0.00731509 0.00834772 0.00949203 0.0107527 0.0121336 0.013638 0.0152682 0.0170254 0.0189093 0.0209185 0.0230502 0.0252998 0.0276611 0.0301265 0.0326863 0.0353295 0.0380433 0.0408133 0.0436239 0.046458 0.0492974 0.052123 0.0549149 0.0576528 0.060316 0.0628838 0.0653357 0.0676517 0.0698127 0.0718002 0.0735974 0.0751885 0.0765596 0.0776986 0.0785952 0.0792415 0.0796317 0.0797621 0.0796317 0.0792415 0.0785952 0.0776986 0.0765596 0.0751885 0.0735974 0.0718002 0.0698127 0.0676517 0.0653357 0.0628838 0.060316 0.0576528 0.0549149 0.052123 0.0492974 0.046458 0.0436239 0.0408133 0.0380433 0.0353295 0.0326863 0.0301265 0.0276611 0.0252998 0.0230502 0.0209185 0.0189093 0.0170254 0.0152682 0.013638 0.0121336 0.0107527 0.00949203 0.00834772 0.00731509 0.00638904 0.00556414 0.00483481 0.00419543 0.0036405 0.00316476 0.00276331 0.00243168 0.00216595 0.00196282 0.00181964 0.00173452 
0.00197764 0.00201012 0.002108 0.00227259 0.00250604 0.00281133 0.00319215 0.00365292 0.00419864 0.00483481 0.00556729 0.00640224 0.00734588 0.00840442 0.00958385 0.0108898 0.0123273 0.0139006 0.0156132 0.0174674 0.0194643 0.0216034 0.0238829 0.0262992 0.028847 0.0315192 0.0343067 0.0371987 0.0401825 0.0432435 0.0463656 0.049531 0.0527205 0.0559137 0.0590893 0.0622249 0.0652979 0.0682852 0.0711639 0.0739112 0.076505 0.078924 0.081148 0.0831581 0.0849372 0.0864699 0.0877428 0.0887446 0.0894667 0.0899025 0.0900482 0.0899025 0.0894667 0.0887446 0.0877428 0.0864699 0.0849372 0.0831581 0.081148 0.078924 0.076505 0.0739112 0.0711639 0.0682852 0.0652979 0.0622249 0.0590893 0.0559137 0.0527205 0.049531 0.0463656 0.0432435 0.0401825 0.0371987 0.0343067 0.0315192 0.028847 0.0262992 0.0238829 0.0216034 0.0194643 0.0174674 0.0156132 0.0139006 0.0123273 0.0108898 0.00958385 0.00840442 0.00734588 0.00640224 0.00556729 0.00483481 0.00419864 0.00365292 0.00319215 0.00281133 0.00250604 0.00227259 0.002108 0.00201012 
0.00228879 0.00232609 0.00243849 0.00262744 0.00289539 0.00324565 0.0036824 0.00421058 0.00483577 0.00556414 0.00640224 0.00735689 0.00843504 0.00964355 0.010989 0.0124776 0.0141148 0.0159053 0.0178526 0.0199591 0.0222257 0.0246518 0.027235 0.0299708 0.0328531 0.0358736 0.0390219 0.0422855 0.04565 0.0490989 0.0526138 0.0561748 0.0597603 0.0633475 0.0669123 0.0704299 0.0738751 0.0772223 0.0804458 0.0835207 0.0864222 0.089127 0.0916126 0.0938585 0.0958455 0.0975568 0.0989777 0.100096 0.100902 0.101388 0.10155 0.101388 0.100902 0.100096 0.0989777 0.0975568 0.0958455 0.0938585 0.0916126 0.089127 0.0864222 0.0835207 0.0804458 0.0772223 0.0738751 0.0704299 0.0669123 0.0633475 0.0597603 0.0561748 0.0526138 0.0490989 0.04565 0.0422855 0.0390219 0.0358736 0.0328531 0.0299708 0.027235 0.0246518 0.0222257 0.0199591 0.0178526 0.0159053 0.0141148 0.0124776 0.010989 0.00964355 0.00843504 0.00735689 0.00640224 0.00556414 0.00483577 0.00421058 0.0036824 0.00324565 0.00289539 0.00262744 0.00243849 0.00232609 
0.0026426 0.00268534 0.00281411 0.00303056 0.00333741 0.00373838 0.00423816 0.00484226 0.00555693 0.00638904 0.00734588 0.00843504 0.00966422 0.011041 0.0125726 0.0142657 0.0161264 0.0181596 0.0203692 0.0227573 0.0253248 0.0280707 0.0309918 0.034083 0.037337 0.0407441 0.0442925 0.0479679 0.0517538 0.0556316 0.0595806 0.0635784 0.0676007 0.071622 0.0756154 0.0795534 0.0834079 0.0871504 0.0907526 0.0941868 0.0974258 0.100444 0.103216 0.10572 0.107934 0.109841 0.111424 0.112669 0.113566 0.114108 0.114289 0.114108 0.113566 0.112669 0.111424 0.109841 0.107934 0.10572 0.103216 0.100444 0.0974258 0.0941868 0.0907526 0.0871504 0.0834079 0.0795534 0.0756154 0.071622 0.0676007 0.0635784 0.0595806 0.0556316 0.0517538 0.0479679 0.0442925 0.0407441 0.037337 0.034083 0.0309918 0.0280707 0.0253248 0.0227573 0.0203692 0.0181596 0.0161264 0.0142657 0.0125726 0.011041 0.00966422 0.00843504 0.00734588 0.00638904 0.00555693 0.00484226 0.00423816 0.00373838 0.00333741 0.00303056 0.00281411 0.00268534 
0.003042 0.00309083 0.00323794 0.00348517 0.00383556 0.00429328 0.00486355 0.00555252 0.00636716 0.00731509 0.00840442 0.00964355 0.011041 0.012605 0.0143436 0.0162641 0.018373 0.0206755 0.0231756 0.0258755 0.0287759 0.0318751 0.0351693 0.0386524 0.0423159 0.0461487 0.050137 0.0542648 0.0585132 0.0628614 0.067286 0.0717617 0.0762616 0.0807571 0.0852185 0.0896149 0.0939153 0.0980882 0.102102 0.105927 0.109533 0.112891 0.115974 0.118758 0.121219 0.123337 0.125095 0.126478 0.127475 0.128076 0.128277 0.128076 0.127475 0.126478 0.125095 0.123337 0.121219 0.118758 0.115974 0.112891 0.109533 0.105927 0.102102 0.0980882 0.0939153 0.0896149 0.0852185 0.0807571 0.0762616 0.0717617 0.067286 0.0628614 0.0585132 0.0542648 0.050137 0.0461487 0.0423159 0.0386524 0.0351693 0.0318751 0.0287759 0.0258755 0.0231756 0.0206755 0.018373 0.0162641 0.0143436 0.012605 0.011041 0.00964355 0.00840442 0.00731509 0.00636716 0.00555252 0.00486355 0.00429328 0.00383556 0.00348517 0.00323794 0.00309083 
0.0034899 0.00354551 0.00371301 0.00399447 0.00439327 0.00491405 0.00556262 0.00634581 0.00727136 0.00834772 0.00958385 0.010989 0.0125726 0.0143436 0.0163109 0.0184822 0.0208646 0.0234637 0.0262835 0.0293262 0.0325921 0.0360788 0.0397819 0.0436942 0.0478055 0.0521033 0.0565718 0.0611927 0.0659449 0.0708048 0.0757462 0.080741 0.085759 0.0907684 0.0957363 0.100629 0.105411 0.110049 0.114507 0.118753 0.122754 0.126478 0.129896 0.13298 0.135707 0.138053 0.139999 0.14153 0.142632 0.143297 0.14352 0.143297 0.142632 0.14153 0.139999 0.138053 0.135707 0.13298 0.129896 0.126478 0.122754 0.118753 0.114507 0.110049 0.105411 0.100629 0.0957363 0.0907684 0.085759 0.080741 0.0757462 0.0708048 0.0659449 0.0611927 0.0565718 0.0521033 0.0478055 0.0436942 0.0397819 0.0360788 0.0325921 0.0293262 0.0262835 0.0234637 0.0208646 0.0184822 0.0163109 0.0143436 0.0125726 0.010989 0.00958385 0.00834772 0.00727136 0.00634581 0.00556262 0.00491405 0.00439327 0.00399447 0.00371301 0.00354551 
0.00398913 0.00405222 0.00424226 0.00456155 0.00501382 0.00560424 0.00633922 0.00722636 0.00827418 0.00949203 0.0108898 0.0124776 0.0142657 0.0162641 0.0184822 0.0209286 0.0236106 0.0265341 0.0297033 0.0331203 0.0367847 0.0406939 0.044842 0.0492208 0.0538185 0.0586207 0.0636096 0.0687644 0.0740613 0.079474 0.0849731 0.0905274 0.0961033 0.101666 0.107178 0.112602 0.117902 0.123037 0.127972 0.132668 0.137091 0.141206 0.144981 0.148387 0.151396 0.153984 0.156131 0.157819 0.159035 0.159768 0.160014 0.159768 0.159035 0.157819 0.156131 0.153984 0.151396 0.148387 0.144981 0.141206 0.137091 0.132668 0.127972 0.123037 0.117902 0.112602 0.107178 0.101666 0.0961033 0.0905274 0.0849731 0.079474 0.0740613 0.0687644 0.0636096 0.0586207 0.0538185 0.0492208 0.044842 0.0406939 0.0367847 0.0331203 0.0297033 0.0265341 0.0236106 0.0209286 0.0184822 0.0162641 0.0142657 0.0124776 0.0108898 0.00949203 0.00827418 0.00722636 0.00633922 0.00560424 0.00501382 0.00456155 0.00424226 0.00405222 
0.00454232 0.00461364 0.00482845 0.00518928 0.00570027 0.00636712 0.00719693 0.00819804 0.00937987 0.0107527 0.0123273 0.0141148 0.0161264 0.018373 0.0208646 0.0236106 0.0266186 0.0298949 0.0334437 0.0372667 0.0413632 0.0457296 0.0503591 0.0552418 0.0603644 0.0657103 0.0712594 0.0769883 0.0828704 0.0888762 0.0949731 0.101126 0.107299 0.113451 0.119545 0.125537 0.131386 0.137052 0.142492 0.147667 0.152538 0.157068 0.161221 0.164967 0.168275 0.17112 0.173479 0.175333 0.176669 0.177474 0.177743 0.177474 0.176669 0.175333 0.173479 0.17112 0.168275 0.164967 0.161221 0.157068 0.152538 0.147667 0.142492 0.137052 0.131386 0.125537 0.119545 0.113451 0.107299 0.101126 0.0949731 0.0888762 0.0828704 0.0769883 0.0712594 0.0657103 0.0603644 0.0552418 0.0503591 0.0457296 0.0413632 0.0372667 0.0334437 0.0298949 0.0266186 0.0236106 0.0208646 0.018373 0.0161264 0.0141148 0.0123273 0.0107527 0.00937987 0.00819804 0.00719693 0.00636712 0.00570027 0.00518928 0.00482845 0.00461364 
0.00515191 0.00523222 0.00547408 0.00588028 0.00645538 0.00720565 0.00813889 0.00926427 0.0105921 0.0121336 0.0139006 0.0159053 0.0181596 0.0206755 0.0234637 0.0265341 0.0298949 0.0335526 0.0375111 0.0417721 0.0463341 0.0511924 0.0563393 0.0617631 0.0674485 0.0733768 0.0795253 0.0858677 0.0923744 0.0990124 0.105746 0.112536 0.119342 0.126122 0.13283 0.139423 0.145855 0.152081 0.158055 0.163735 0.169077 0.174043 0.178595 0.182698 0.186321 0.189435 0.192016 0.194045 0.195506 0.196387 0.196682 0.196387 0.195506 0.194045 0.192016 0.189435 0.186321 0.182698 0.178595 0.174043 0.169077 0.163735 0.158055 0.152081 0.145855 0.139423 0.13283 0.126122 0.119342 0.112536 0.105746 0.0990124 0.0923744 0.0858677 0.0795253 0.0733768 0.0674485 0.0617631 0.0563393 0.0511924 0.0463341 0.0417721 0.0375111 0.0335526 0.0298949 0.0265341 0.0234637 0.0206755 0.0181596 0.0159053 0.0139006 0.0121336 0.0105921 0.00926427 0.00813889 0.00720565 0.00645538 0.00588028 0.00547408 0.00523222 
0.00581997 0.00591005 0.0061813 0.00663678 0.00728149 0.0081223 0.00916775 0.0104278 0.0119139 0.013638 0.0156132 0.0178526 0.0203692 0.0231756 0.0262835 0.0297033 0.0334437 0.0375111 0.0419096 0.0466402 0.0517007 0.0570855 0.0627851 0.0687864 0.0750719 0.0816203 0.0884061 0.0954002 0.102569 0.109877 0.117284 0.124748 0.132223 0.139663 0.14702 0.154245 0.161289 0.168102 0.174636 0.180844 0.186681 0.192103 0.197071 0.201547 0.205497 0.208892 0.211706 0.213916 0.215508 0.216468 0.216788 0.216468 0.215508 0.213916 0.211706 0.208892 0.205497 0.201547 0.197071 0.192103 0.186681 0.180844 0.174636 0.168102 0.161289 0.154245 0.14702 0.139663 0.132223 0.124748 0.117284 0.109877 0.102569 0.0954002 0.0884061 0.0816203 0.0750719 0.0687864 0.0627851 0.0570855 0.0517007 0.0466402 0.0419096 0.0375111 0.0334437 0.0297033 0.0262835 0.0231756 0.0203692 0.0178526 0.0156132 0.013638 0.0119139 0.0104278 0.00916775 0.0081223 0.00728149 0.00663678 0.0061813 0.00591005 
0.0065482 0.00664883 0.00695183 0.00746054 0.00818043 0.00911898 0.0102855 0.0116909 0.0133474 0.0152682 0.0174674 0.0199591 0.0227573 0.0258755 0.0293262 0.0331203 0.0372667 0.0417721 0.0466402 0.0518714 0.0574629 0.0634077 0.0696947 0.0763088 0.0832302 0.0904349 0.0978946 0.105577 0.113444 0.121458 0.129573 0.137744 0.145921 0.154053 0.162089 0.169974 0.177656 0.185082 0.192199 0.198957 0.205308 0.211204 0.216604 0.221466 0.225756 0.229442 0.232495 0.234894 0.236621 0.237662 0.23801 0.237662 0.236621 0.234894 0.232495 0.229442 0.225756 0.221466 0.216604 0.211204 0.205308 0.198957 0.192199 0.185082 0.177656 0.169974 0.162089 0.154053 0.145921 0.137744 0.129573 0.121458 0.113444 0.105577 0.0978946 0.0904349 0.0832302 0.0763088 0.0696947 0.0634077 0.0574629 0.0518714 0.0466402 0.0417721 0.0372667 0.0331203 0.0293262 0.0258755 0.0227573 0.0199591 0.0174674 0.0152682 0.0133474 0.0116909 0.0102855 0.00911898 0.00818043 0.00746054 0.00695183 0.00664883 
0.0073378 0.00744977 0.0077869 0.00835281 0.00915344 0.0101969 0.0114934 0.0130546 0.0148938 0.0170254 0.0194643 0.0222257 0.0253248 0.0287759 0.0325921 0.0367847 0.0413632 0.0463341 0.0517007 0.0574629 0.0636167 0.0701539 0.0770615 0.0843222 0.0919137 0.0998093 0.107977 0.116381 0.124982 0.133733 0.142589 0.151498 0.160407 0.16926 0.178001 0.186573 0.194918 0.202978 0.210699 0.218026 0.224906 0.231292 0.237136 0.242397 0.247036 0.251021 0.254321 0.256914 0.258779 0.259904 0.260279 0.259904 0.258779 0.256914 0.254321 0.251021 0.247036 0.242397 0.237136 0.231292 0.224906 0.218026 0.210699 0.202978 0.194918 0.186573 0.178001 0.16926 0.160407 0.151498 0.142589 0.133733 0.124982 0.116381 0.107977 0.0998093 0.0919137 0.0843222 0.0770615 0.0701539 0.0636167 0.0574629 0.0517007 0.0463341 0.0413632 0.0367847 0.0325921 0.0287759 0.0253248 0.0222257 0.0194643 0.0170254 0.0148938 0.0130546 0.0114934 0.0101969 0.00915344 0.00835281 0.0077869 0.00744977 
0.00818942 0.00831352 0.00868712 0.00931416 0.0102011 0.0113566 0.0127918 0.0145192 0.0165532 0.0189093 0.0216034 0.0246518 0.0280707 0.0318751 0.0360788 0.0406939 0.0457296 0.0511924 0.0570855 0.0634077 0.0701539 0.0773141 0.0848738 0.092813 0.101107 0.109725 0.118633 0.127791 0.137155 0.146675 0.156301 0.165976 0.175643 0.185243 0.194713 0.203993 0.213021 0.221735 0.230076 0.237987 0.245411 0.252298 0.258598 0.264266 0.269263 0.273553 0.277105 0.279895 0.281901 0.283111 0.283515 0.283111 0.281901 0.279895 0.277105 0.273553 0.269263 0.264266 0.258598 0.252298 0.245411 0.237987 0.230076 0.221735 0.213021 0.203993 0.194713 0.185243 0.175643 0.165976 0.156301 0.146675 0.137155 0.127791 0.118633 0.109725 0.101107 0.092813 0.0848738 0.0773141 0.0701539 0.0634077 0.0570855 0.0511924 0.0457296 0.0406939 0.0360788 0.0318751 0.0280707 0.0246518 0.0216034 0.0189093 0.0165532 0.0145192 0.0127918 0.0113566 0.0102011 0.00931416 0.00868712 0.00831352 
0.00910308 0.00924007 0.00965246 0.0103445 0.0113231 0.0125977 0.0141801 0.016084 0.0183246 0.0209185 0.0238829 0.027235 0.0309918 0.0351693 0.0397819 0.044842 0.0503591 0.0563393 0.0627851 0.0696947 0.0770615 0.0848738 0.0931147 0.101762 0.110788 0.120159 0.129836 0.139776 0.14993 0.160246 0.170667 0.181133 0.191582 0.201949 0.212169 0.222175 0.231902 0.241285 0.250261 0.258767 0.266746 0.274143 0.280906 0.286989 0.292348 0.296948 0.300756 0.303745 0.305895 0.307191 0.307624 0.307191 0.305895 0.303745 0.300756 0.296948 0.292348 0.286989 0.280906 0.274143 0.266746 0.258767 0.250261 0.241285 0.231902 0.222175 0.212169 0.201949 0.191582 0.181133 0.170667 0.160246 0.14993 0.139776 0.129836 0.120159 0.110788 0.101762 0.0931147 0.0848738 0.0770615 0.0696947 0.0627851 0.0563393 0.0503591 0.044842 0.0397819 0.0351693 0.0309918 0.027235 0.0238829 0.0209185 0.0183246 0.016084 0.0141801 0.0125977 0.0113231 0.0103445 0.00965246 0.00924007 
0.0100781 0.0102287 0.0106821 0.0114429 0.0125184 0.0139189 0.0156568 0.0177469 0.0202055 0.0230502 0.0262992 0.0299708 0.034083 0.0386524 0.0436942 0.0492208 0.0552418 0.0617631 0.0687864 0.0763088 0.0843222 0.092813 0.101762 0.111144 0.120928 0.131078 0.14155 0.152297 0.163267 0.174401 0.185639 0.196916 0.208165 0.219317 0.230302 0.24105 0.251489 0.261552 0.271171 0.280282 0.288823 0.296736 0.303967 0.310467 0.316193 0.321105 0.32517 0.32836 0.330654 0.332037 0.332499 0.332037 0.330654 0.32836 0.32517 0.321105 0.316193 0.310467 0.303967 0.296736 0.288823 0.280282 0.271171 0.261552 0.251489 0.24105 0.230302 0.219317 0.208165 0.196916 0.185639 0.174401 0.163267 0.152297 0.14155 0.131078 0.120928 0.111144 0.101762 0.092813 0.0843222 0.0763088 0.0687864 0.0617631 0.0552418 0.0492208 0.0436942 0.0386524 0.034083 0.0299708 0.0262992 0.0230502 0.0202055 0.0177469 0.0156568 0.0139189 0.0125184 0.0114429 0.0106821 0.0102287 
0.011113 0.011278 0.0117746 0.0126076 0.0137851 0.0153178 0.0172192 0.0195048 0.0221922 0.0252998 0.028847 0.0328531 0.037337 0.0423159 0.0478055 0.0538185 0.0603644 0.0674485 0.0750719 0.0832302 0.0919137 0.101107 0.110788 0.120928 0.131494 0.142445 0.153735 0.16531 0.177115 0.189086 0.201159 0.213263 0.225327 0.237277 0.249039 0.260537 0.271698 0.282448 0.292716 0.302436 0.311542 0.319973 0.327674 0.334594 0.340686 0.34591 0.350232 0.353624 0.356062 0.357532 0.358022 0.357532 0.356062 0.353624 0.350232 0.34591 0.340686 0.334594 0.327674 0.319973 0.311542 0.302436 0.292716 0.282448 0.271698 0.260537 0.249039 0.237277 0.225327 0.213263 0.201159 0.189086 0.177115 0.16531 0.153735 0.142445 0.131494 0.120928 0.110788 0.101107 0.0919137 0.0832302 0.0750719 0.0674485 0.0603644 0.0538185 0.0478055 0.0423159 0.037337 0.0328531 0.028847 0.0252998 0.0221922 0.0195048 0.0172192 0.0153178 0.0137851 0.0126076 0.0117746 0.011278 
0.0122056 0.0123856 0.0129273 0.013836 0.0151201 0.0167911 0.0188633 0.0213532 0.0242793 0.0276611 0.0315192 0.0358736 0.0407441 0.0461487 0.0521033 0.0586207 0.0657103 0.0733768 0.0816203 0.0904349 0.0998093 0.109725 0.120159 0.131078 0.142445 0.154217 0.166341 0.178762 0.191417 0.20424 0.21716 0.230103 0.242992 0.255749 0.268294 0.280549 0.292434 0.303874 0.314794 0.325123 0.334794 0.343743 0.351912 0.359249 0.365706 0.371241 0.375818 0.379409 0.381991 0.383546 0.384066 0.383546 0.381991 0.379409 0.375818 0.371241 0.365706 0.359249 0.351912 0.343743 0.334794 0.325123 0.314794 0.303874 0.292434 0.280549 0.268294 0.255749 0.242992 0.230103 0.21716 0.20424 0.191417 0.178762 0.166341 0.154217 0.142445 0.131078 0.120159 0.109725 0.0998093 0.0904349 0.0816203 0.0733768 0.0657103 0.0586207 0.0521033 0.0461487 0.0407441 0.0358736 0.0315192 0.0276611 0.0242793 0.0213532 0.0188633 0.0167911 0.0151201 0.013836 0.0129273 0.0123856 
0.0133527 0.0135483 0.0141371 0.0151245 0.0165196 0.0183344 0.0205841 0.0232862 0.0264601 0.0301265 0.0343067 0.0390219 0.0442925 0.050137 0.0565718 0.0636096 0.0712594 0.0795253 0.0884061 0.0978946 0.107977 0.118633 0.129836 0.14155 0.153735 0.166341 0.179314 0.192592 0.20611 0.219794 0.23357 0.247359 0.261078 0.274645 0.287976 0.300988 0.313598 0.325726 0.337295 0.34823 0.358461 0.367924 0.376558 0.384307 0.391124 0.396966 0.401795 0.405583 0.408305 0.409945 0.410492 0.409945 0.408305 0.405583 0.401795 0.396966 0.391124 0.384307 0.376558 0.367924 0.358461 0.34823 0.337295 0.325726 0.313598 0.300988 0.287976 0.274645 0.261078 0.247359 0.23357 0.219794 0.20611 0.192592 0.179314 0.166341 0.153735 0.14155 0.129836 0.118633 0.107977 0.0978946 0.0884061 0.0795253 0.0712594 0.0636096 0.0565718 0.050137 0.0442925 0.0390219 0.0343067 0.0301265 0.0264601 0.0232862 0.0205841 0.0183344 0.0165196 0.0151245 0.0141371 0.0135483 
0.0145504 0.0147622 0.0153997 0.0164686 0.0179784 0.019942 0.0223752 0.0252965 0.0287263 0.0326863 0.0371987 0.0422855 0.0479679 0.0542648 0.0611927 0.0687644 0.0769883 0.0858677 0.0954002 0.105577 0.116381 0.127791 0.139776 0.152297 0.16531 0.178762 0.192592 0.206736 0.221122 0.235673 0.250308 0.264943 0.279493 0.293869 0.307984 0.321749 0.335079 0.34789 0.360101 0.371635 0.38242 0.392388 0.401478 0.409633 0.416804 0.422946 0.428022 0.432002 0.434862 0.436584 0.43716 0.436584 0.434862 0.432002 0.428022 0.422946 0.416804 0.409633 0.401478 0.392388 0.38242 0.371635 0.360101 0.34789 0.335079 0.321749 0.307984 0.293869 0.279493 0.264943 0.250308 0.235673 0.221122 0.206736 0.192592 0.178762 0.16531 0.152297 0.139776 0.127791 0.116381 0.105577 0.0954002 0.0858677 0.0769883 0.0687644 0.0611927 0.0542648 0.0479679 0.0422855 0.0371987 0.0326863 0.0287263 0.0252965 0.0223752 0.019942 0.0179784 0.0164686 0.0153997 0.0147622 
0.0157938 0.0160223 0.0167099 0.0178627 0.0194906 0.0216071 0.0242291 0.0273757 0.0310683 0.0353295 0.0401825 0.04565 0.0517538 0.0585132 0.0659449 0.0740613 0.0828704 0.0923744 0.102569 0.113444 0.124982 0.137155 0.14993 0.163267 0.177115 0.191417 0.20611 0.221122 0.236377 0.251794 0.267287 0.282767 0.298142 0.313322 0.328213 0.342723 0.356763 0.370247 0.383089 0.395212 0.406539 0.417002 0.426538 0.435089 0.442604 0.449038 0.454354 0.458521 0.461514 0.463317 0.463919 0.463317 0.461514 0.458521 0.454354 0.449038 0.442604 0.435089 0.426538 0.417002 0.406539 0.395212 0.383089 0.370247 0.356763 0.342723 0.328213 0.313322 0.298142 0.282767 0.267287 0.251794 0.236377 0.221122 0.20611 0.191417 0.177115 0.163267 0.14993 0.137155 0.124982 0.113444 0.102569 0.0923744 0.0828704 0.0740613 0.0659449 0.0585132 0.0517538 0.04565 0.0401825 0.0353295 0.0310683 0.0273757 0.0242291 0.0216071 0.0194906 0.0178627 0.0167099 0.0160223 
0.0170773 0.0173228 0.0180617 0.0193003 0.0210491 0.0233221 0.026137 0.0295137 0.0334747 0.0380433 0.0432435 0.0490989 0.0556316 0.0628614 0.0708048 0.079474 0.0888762 0.0990124 0.109877 0.121458 0.133733 0.146675 0.160246 0.174401 0.189086 0.20424 0.219794 0.235673 0.251794 0.268072 0.284416 0.300732 0.316924 0.332896 0.348551 0.363794 0.378531 0.392673 0.406133 0.418829 0.430684 0.441629 0.451597 0.460531 0.468379 0.475096 0.480643 0.48499 0.488112 0.489993 0.490621 0.489993 0.488112 0.48499 0.480643 0.475096 0.468379 0.460531 0.451597 0.441629 0.430684 0.418829 0.406133 0.392673 0.378531 0.363794 0.348551 0.332896 0.316924 0.300732 0.284416 0.268072 0.251794 0.235673 0.219794 0.20424 0.189086 0.174401 0.160246 0.146675 0.133733 0.121458 0.109877 0.0990124 0.0888762 0.079474 0.0708048 0.0628614 0.0556316 0.0490989 0.0432435 0.0380433 0.0334747 0.0295137 0.026137 0.0233221 0.0210491 0.0193003 0.0180617 0.0173228 
0.0183941 0.0186571 0.0194482 0.0207741 0.0226458 0.025078 0.0280889 0.0316995 0.0359328 0.0408133 0.0463656 0.0526138 0.0595806 0.067286 0.0757462 0.0849731 0.0949731 0.105746 0.117284 0.129573 0.142589 0.156301 0.170667 0.185639 0.201159 0.21716 0.23357 0.250308 0.267287 0.284416 0.301599 0.318738 0.335733 0.352482 0.368886 0.384844 0.40026 0.415042 0.429101 0.442353 0.454719 0.466128 0.476513 0.485816 0.493983 0.500971 0.50674 0.51126 0.514506 0.51646 0.517112 0.51646 0.514506 0.51126 0.50674 0.500971 0.493983 0.485816 0.476513 0.466128 0.454719 0.442353 0.429101 0.415042 0.40026 0.384844 0.368886 0.352482 0.335733 0.318738 0.301599 0.284416 0.267287 0.250308 0.23357 0.21716 0.201159 0.185639 0.170667 0.156301 0.142589 0.129573 0.117284 0.105746 0.0949731 0.0849731 0.0757462 0.067286 0.0595806 0.0526138 0.0463656 0.0408133 0.0359328 0.0316995 0.0280889 0.025078 0.0226458 0.0207741 0.0194482 0.0186571 
0.019737 0.0200176 0.0208615 0.0222757 0.0242717 0.0268648 0.0300738 0.0339206 0.0384289 0.0436239 0.049531 0.0561748 0.0635784 0.0717617 0.080741 0.0905274 0.101126 0.112536 0.124748 0.137744 0.151498 0.165976 0.181133 0.196916 0.213263 0.230103 0.247359 0.264943 0.282767 0.300732 0.318738 0.336683 0.354462 0.371968 0.389099 0.405752 0.421826 0.437227 0.451864 0.46565 0.478507 0.49036 0.501144 0.510799 0.519272 0.526518 0.532498 0.537181 0.540544 0.542568 0.543244 0.542568 0.540544 0.537181 0.532498 0.526518 0.519272 0.510799 0.501144 0.49036 0.478507 0.46565 0.451864 0.437227 0.421826 0.405752 0.389099 0.371968 0.354462 0.336683 0.318738 0.300732 0.282767 0.264943 0.247359 0.230103 0.213263 0.196916 0.181133 0.165976 0.151498 0.137744 0.124748 0.112536 0.101126 0.0905274 0.080741 0.0717617 0.0635784 0.0561748 0.049531 0.0436239 0.0384289 0.0339206 0.0300738 0.0268648 0.0242717 0.0222757 0.0208615 0.0200176 
0.0210978 0.021396 0.022293 0.0237961 0.025917 0.0286717 0.0320797 0.0361635 0.0409476 0.046458 0.0527205 0.0597603 0.0676007 0.0762616 0.085759 0.0961033 0.107299 0.119342 0.132223 0.145921 0.160407 0.175643 0.191582 0.208165 0.225327 0.242992 0.261078 0.279493 0.298142 0.316924 0.335733 0.354462 0.373001 0.391241 0.409075 0.426397 0.443105 0.4591 0.47429 0.488588 0.501912 0.514189 0.525352 0.53534 0.544102 0.551591 0.557771 0.562608 0.566081 0.568171 0.568869 0.568171 0.566081 0.562608 0.557771 0.551591 0.544102 0.53534 0.525352 0.514189 0.501912 0.488588 0.47429 0.4591 0.443105 0.426397 0.409075 0.391241 0.373001 0.354462 0.335733 0.316924 0.298142 0.279493 0.261078 0.242992 0.225327 0.208165 0.191582 0.175643 0.160407 0.145921 0.132223 0.119342 0.107299 0.0961033 0.085759 0.0762616 0.0676007 0.0597603 0.0527205 0.046458 0.0409476 0.0361635 0.0320797 0.0286717 0.025917 0.0237961 0.022293 0.021396 
0.0224675 0.0227834 0.0237335 0.0253253 0.027571 0.0304871 0.0340936 0.0384138 0.0434729 0.0492974 0.0559137 0.0633475 0.071622 0.0807571 0.0907684 0.101666 0.113451 0.126122 0.139663 0.154053 0.16926 0.185243 0.201949 0.219317 0.237277 0.255749 0.274645 0.293869 0.313322 0.332896 0.352482 0.371968 0.391241 0.410188 0.428698 0.446661 0.463974 0.480536 0.496252 0.511035 0.524802 0.537479 0.548999 0.559302 0.568334 0.576052 0.582418 0.5874 0.590976 0.593128 0.593846 0.593128 0.590976 0.5874 0.582418 0.576052 0.568334 0.559302 0.548999 0.537479 0.524802 0.511035 0.496252 0.480536 0.463974 0.446661 0.428698 0.410188 0.391241 0.371968 0.352482 0.332896 0.313322 0.293869 0.274645 0.255749 0.237277 0.219317 0.201949 0.185243 0.16926 0.154053 0.139663 0.126122 0.113451 0.101666 0.0907684 0.0807571 0.071622 0.0633475 0.0559137 0.0492974 0.0434729 0.0384138 0.0340936 0.0304871 0.027571 0.0253253 0.0237335 0.0227834 
0.0238368 0.0241702 0.025173 0.0268529 0.0292224 0.0322984 0.0361018 0.0406563 0.0459877 0.052123 0.0590893 0.0669123 0.0756154 0.0852185 0.0957363 0.107178 0.119545 0.13283 0.14702 0.162089 0.178001 0.194713 0.212169 0.230302 0.249039 0.268294 0.287976 0.307984 0.328213 0.348551 0.368886 0.389099 0.409075 0.428698 0.447851 0.466425 0.484313 0.501411 0.517625 0.532865 0.547049 0.560101 0.571955 0.582551 0.591837 0.599767 0.606306 0.611422 0.615093 0.617302 0.618039 0.617302 0.615093 0.611422 0.606306 0.599767 0.591837 0.582551 0.571955 0.560101 0.547049 0.532865 0.517625 0.501411 0.484313 0.466425 0.447851 0.428698 0.409075 0.389099 0.368886 0.348551 0.328213 0.307984 0.287976 0.268294 0.249039 0.230302 0.212169 0.194713 0.178001 0.162089 0.14702 0.13283 0.119545 0.107178 0.0957363 0.0852185 0.0756154 0.0669123 0.0590893 0.052123 0.0459877 0.0406563 0.0361018 0.0322984 0.0292224 0.0268529 0.025173 0.0241702 
0.0251957 0.0255464 0.0266011 0.0283677 0.0308591 0.0340928 0.0380899 0.0428749 0.0484741 0.0549149 0.0622249 0.0704299 0.0795534 0.0896149 0.100629 0.112602 0.125537 0.139423 0.154245 0.169974 0.186573 0.203993 0.222175 0.24105 0.260537 0.280549 0.300988 0.321749 0.342723 0.363794 0.384844 0.405752 0.426397 0.446661 0.466425 0.485577 0.504006 0.521609 0.53829 0.553958 0.56853 0.581932 0.594096 0.604963 0.614482 0.622609 0.629307 0.634547 0.638305 0.640566 0.641321 0.640566 0.638305 0.634547 0.629307 0.622609 0.614482 0.604963 0.594096 0.581932 0.56853 0.553958 0.53829 0.521609 0.504006 0.485577 0.466425 0.446661 0.426397 0.405752 0.384844 0.363794 0.342723 0.321749 0.300988 0.280549 0.260537 0.24105 0.222175 0.203993 0.186573 0.169974 0.154245 0.139423 0.125537 0.112602 0.100629 0.0896149 0.0795534 0.0704299 0.0622249 0.0549149 0.0484741 0.0428749 0.0380899 0.0340928 0.0308591 0.0283677 0.0266011 0.0255464 
0.0265338 0.0269014 0.0280068 0.0298583 0.032469 0.0358567 0.0400432 0.0450533 0.0509139 0.0576528 0.0652979 0.0738751 0.0834079 0.0939153 0.105411 0.117902 0.131386 0.145855 0.161289 0.177656 0.194918 0.213021 0.231902 0.251489 0.271698 0.292434 0.313598 0.335079 0.356763 0.378531 0.40026 0.421826 0.443105 0.463974 0.484313 0.504006 0.522942 0.541017 0.558132 0.574197 0.58913 0.602854 0.615304 0.626421 0.636155 0.644461 0.651304 0.656656 0.660494 0.662803 0.663574 0.662803 0.660494 0.656656 0.651304 0.644461 0.636155 0.626421 0.615304 0.602854 0.58913 0.574197 0.558132 0.541017 0.522942 0.504006 0.484313 0.463974 0.443105 0.421826 0.40026 0.378531 0.356763 0.335079 0.313598 0.292434 0.271698 0.251489 0.231902 0.213021 0.194918 0.177656 0.161289 0.145855 0.131386 0.117902 0.105411 0.0939153 0.0834079 0.0738751 0.0652979 0.0576528 0.0509139 0.0450533 0.0400432 0.0358567 0.032469 0.0298583 0.0280068 0.0269014 
0.0278405 0.0282245 0.0293792 0.031313 0.0340394 0.0375765 0.0419465 0.0471748 0.0532885 0.060316 0.0682852 0.0772223 0.0871504 0.0980882 0.110049 0.123037 0.137052 0.152081 0.168102 0.185082 0.202978 0.221735 0.241285 0.261552 0.282448 0.303874 0.325726 0.34789 0.370247 0.392673 0.415042 0.437227 0.4591 0.480536 0.501411 0.521609 0.541017 0.559529 0.577046 0.593477 0.60874 0.62276 0.635472 0.646816 0.656744 0.665213 0.672189 0.677642 0.681552 0.683904 0.684689 0.683904 0.681552 0.677642 0.672189 0.665213 0.656744 0.646816 0.635472 0.62276 0.60874 0.593477 0.577046 0.559529 0.541017 0.521609 0.501411 0.480536 0.4591 0.437227 0.415042 0.392673 0.370247 0.34789 0.325726 0.303874 0.282448 0.261552 0.241285 0.221735 0.202978 0.185082 0.168102 0.152081 0.137052 0.123037 0.110049 0.0980882 0.0871504 0.0772223 0.0682852 0.060316 0.0532885 0.0471748 0.0419465 0.0375765 0.0340394 0.031313 0.0293792 0.0282245 
0.0291051 0.0295049 0.030707 0.03272 0.0355576 0.0392383 0.0437848 0.0492225 0.0555794 0.0628838 0.0711639 0.0804458 0.0907526 0.102102 0.114507 0.127972 0.142492 0.158055 0.174636 0.192199 0.210699 0.230076 0.250261 0.271171 0.292716 0.314794 0.337295 0.360101 0.383089 0.406133 0.429101 0.451864 0.47429 0.496252 0.517625 0.53829 0.558132 0.577046 0.594931 0.611697 0.627261 0.641551 0.654499 0.666049 0.676153 0.684768 0.691862 0.697406 0.701381 0.703771 0.704569 0.703771 0.701381 0.697406 0.691862 0.684768 0.676153 0.666049 0.654499 0.641551 0.627261 0.611697 0.594931 0.577046 0.558132 0.53829 0.517625 0.496252 0.47429 0.451864 0.429101 0.406133 0.383089 0.360101 0.337295 0.314794 0.292716 0.271171 0.250261 0.230076 0.210699 0.192199 0.174636 0.158055 0.142492 0.127972 0.114507 0.102102 0.0907526 0.0804458 0.0711639 0.0628838 0.0555794 0.0492225 0.0437848 0.0392383 0.0355576 0.03272 0.030707 0.0295049 
0.0303168 0.0307316 0.0319789 0.0340673 0.0370109 0.0408284 0.0455428 0.0511799 0.057768 0.0653357 0.0739112 0.0835207 0.0941868 0.105927 0.118753 0.132668 0.147667 0.163735 0.180844 0.198957 0.218026 0.237987 0.258767 0.280282 0.302436 0.325123 0.34823 0.371635 0.395212 0.418829 0.442353 0.46565 0.488588 0.511035 0.532865 0.553958 0.574197 0.593477 0.611697 0.628766 0.644604 0.659135 0.672296 0.68403 0.69429 0.703036 0.710235 0.71586 0.719892 0.722316 0.723125 0.722316 0.719892 0.71586 0.710235 0.703036 0.69429 0.68403 0.672296 0.659135 0.644604 0.628766 0.611697 0.593477 0.574197 0.553958 0.532865 0.511035 0.488588 0.46565 0.442353 0.418829 0.395212 0.371635 0.34823 0.325123 0.302436 0.280282 0.258767 0.237987 0.218026 0.198957 0.180844 0.163735 0.147667 0.132668 0.118753 0.105927 0.0941868 0.0835207 0.0739112 0.0653357 0.057768 0.0511799 0.0455428 0.0408284 0.0370109 0.0340673 0.0319789 0.0307316 
0.0314651 0.031894 0.0331839 0.0353435 0.0383869 0.0423333 0.0472058 0.0530307 0.0598364 0.0676517 0.076505 0.0864222 0.0974258 0.109533 0.122754 0.137091 0.152538 0.169077 0.186681 0.205308 0.224906 0.245411 0.266746 0.288823 0.311542 0.334794 0.358461 0.38242 0.406539 0.430684 0.454719 0.478507 0.501912 0.524802 0.547049 0.56853 0.58913 0.60874 0.627261 0.644604 0.660684 0.675432 0.688782 0.70068 0.711079 0.71994 0.727231 0.732926 0.737008 0.739462 0.740281 0.739462 0.737008 0.732926 0.727231 0.71994 0.711079 0.70068 0.688782 0.675432 0.660684 0.644604 0.627261 0.60874 0.58913 0.56853 0.547049 0.524802 0.501912 0.478507 0.454719 0.430684 0.406539 0.38242 0.358461 0.334794 0.311542 0.288823 0.266746 0.245411 0.224906 0.205308 0.186681 0.169077 0.152538 0.137091 0.122754 0.109533 0.0974258 0.0864222 0.076505 0.0676517 0.0598364 0.0530307 0.0472058 0.0423333 0.0383869 0.0353435 0.0331839 0.031894 
