0.0018007 0.00182328 0.0018912 0.00200507 0.00216584 0.00237486 0.00263377 0.00294454 0.00330935 0.00373062 0.00421086 0.00475269 0.00535872 0.00603148 0.00677334 0.00758646 0.00847266 0.00943335 0.0104695 0.0115814 0.0127689 0.0140309 0.0153658 0.0167709 0.0182428 0.0197772 0.0213689 0.0230116 0.0246984 0.0264214 0.0281717 0.0299399 0.0317158 0.0334886 0.035247 0.0369793 0.0386734 0.0403174 0.0418991 0.0434065 0.044828 0.0461524 0.0473689 0.0484677 0.0494396 0.0502765 0.0509713 0.051518 0.0519119 0.0521496 0.0522291 0.0521496 0.0519119 0.051518 0.0509713 0.0502765 0.0494396 0.0484677 0.0473689 0.0461524 0.044828 0.0434065 0.0418991 0.0403174 0.0386734 0.0369793 0.035247 0.0334886 0.0317158 0.0299399 0.0281717 0.0264214 0.0246984 0.0230116 0.0213689 0.0197772 0.0182428 0.0167709 0.0153658 0.0140309 0.0127689 0.0115814 0.0104695 0.00943335 0.00847266 0.00758646 0.00677334 0.00603148 0.00535872 0.00475269 0.00421086 0.00373062 0.00330935 0.00294454 0.00263377 0.00237486 0.00216584 0.00200507 0.0018912 0.00182328 
0.00182328 0.00184611 0.00191482 0.00202999 0.0021926 0.002404 0.00266585 0.00298013 0.00334905 0.00377503 0.00426062 0.00480844 0.00542112 0.00610122 0.00685112 0.00767298 0.00856864 0.00953951 0.0105865 0.0117101 0.0129098 0.0141848 0.0155333 0.0169526 0.0184392 0.0199889 0.0215963 0.0232551 0.0249583 0.0266979 0.028465 0.0302501 0.0320428 0.0338322 0.035607 0.0373553 0.0390651 0.0407241 0.0423202 0.0438413 0.0452757 0.046612 0.0478394 0.048948 0.0499286 0.0507729 0.0514739 0.0520254 0.0524228 0.0526626 0.0527427 0.0526626 0.0524228 0.0520254 0.0514739 0.0507729 0.0499286 0.048948 0.0478394 0.046612 0.0452757 0.0438413 0.0423202 0.0407241 0.0390651 0.0373553 0.035607 0.0338322 0.0320428 0.0302501 0.028465 0.0266979 0.0249583 0.0232551 0.0215963 0.0199889 0.0184392 0.0169526 0.0155333 0.0141848 0.0129098 0.0117101 0.0105865 0.00953951 0.00856864 0.00767298 0.00685112 0.00610122 0.00542112 0.00480844 0.00426062 0.00377503 0.00334905 0.00298013 0.00266585 0.002404 0.0021926 0.00202999 0.00191482 0.00184611 
0.0018912 0.00191482 0.00198587 0.00210496 0.00227309 0.00249165 0.00276234 0.00308718 0.00346844 0.00390859 0.00441024 0.00497607 0.00560876 0.00631091 0.00708497 0.0079331 0.00885717 0.00985862 0.0109384 0.0120967 0.0133334 0.0146473 0.0160366 0.0174985 0.0190295 0.020625 0.0222795 0.0239867 0.0257392 0.0275287 0.0293461 0.0311817 0.0330248 0.0348642 0.0366882 0.0384848 0.0402414 0.0419457 0.0435851 0.0451472 0.0466201 0.0479921 0.0492523 0.0503903 0.0513969 0.0522635 0.0529829 0.0535489 0.0539567 0.0542028 0.0542851 0.0542028 0.0539567 0.0535489 0.0529829 0.0522635 0.0513969 0.0503903 0.0492523 0.0479921 0.0466201 0.0451472 0.0435851 0.0419457 0.0402414 0.0384848 0.0366882 0.0348642 0.0330248 0.0311817 0.0293461 0.0275287 0.0257392 0.0239867 0.0222795 0.020625 0.0190295 0.0174985 0.0160366 0.0146473 0.0133334 0.0120967 0.0109384 0.00985862 0.00885717 0.0079331 0.00708497 0.00631091 0.00560876 0.00497607 0.00441024 0.00390859 0.00346844 0.00308718 0.00276234 0.00249165 0.00227309 0.00210496 0.00198587 0.00191482 
0.00200507 0.00202999 0.00210496 0.00223061 0.00240799 0.00263854 0.00292402 0.00326653 0.00366843 0.00413229 0.0046608 0.00525675 0.00592291 0.00666195 0.00747638 0.00836844 0.00934002 0.0103926 0.011527 0.0127436 0.0140419 0.0154208 0.0168783 0.0184114 0.0200164 0.0216885 0.0234218 0.0252096 0.0270442 0.028917 0.0308185 0.0327384 0.0346655 0.0365883 0.0384944 0.0403713 0.0422061 0.0439858 0.0456974 0.0473279 0.0488651 0.0502967 0.0516113 0.0527985 0.0538483 0.054752 0.0555022 0.0560924 0.0565176 0.0567742 0.0568599 0.0567742 0.0565176 0.0560924 0.0555022 0.054752 0.0538483 0.0527985 0.0516113 0.0502967 0.0488651 0.0473279 0.0456974 0.0439858 0.0422061 0.0403713 0.0384944 0.0365883 0.0346655 0.0327384 0.0308185 0.028917 0.0270442 0.0252096 0.0234218 0.0216885 0.0200164 0.0184114 0.0168783 0.0154208 0.0140419 0.0127436 0.011527 0.0103926 0.00934002 0.00836844 0.00747638 0.00666195 0.00592291 0.00525675 0.0046608 0.00413229 0.00366843 0.00326653 0.00292402 0.00263854 0.00240799 0.00223061 0.00210496 0.00202999 
0.00216584 0.0021926 0.00227309 0.00240799 0.0025984 0.00284582 0.00315213 0.00351953 0.0039505 0.00444773 0.00501407 0.00565241 0.00636566 0.00715659 0.00802783 0.00898167 0.0100201 0.0111444 0.0123557 0.0136541 0.0150391 0.0165093 0.0180626 0.0196957 0.0214046 0.0231841 0.0250279 0.0269289 0.0288788 0.0308685 0.0328878 0.0349258 0.0369708 0.0390103 0.0410316 0.0430211 0.0449654 0.0468507 0.0486633 0.0503897 0.0520167 0.0535318 0.0549227 0.0561785 0.0572889 0.0582446 0.0590378 0.0596619 0.0601114 0.0603827 0.0604733 0.0603827 0.0601114 0.0596619 0.0590378 0.0582446 0.0572889 0.0561785 0.0549227 0.0535318 0.0520167 0.0503897 0.0486633 0.0468507 0.0449654 0.0430211 0.0410316 0.0390103 0.0369708 0.0349258 0.0328878 0.0308685 0.0288788 0.0269289 0.0250279 0.0231841 0.0214046 0.0196957 0.0180626 0.0165093 0.0150391 0.0136541 0.0123557 0.0111444 0.0100201 0.00898167 0.00802783 0.00715659 0.00636566 0.00565241 0.00501407 0.00444773 0.0039505 0.00351953 0.00315213 0.00284582 0.0025984 0.00240799 0.00227309 0.0021926 
0.00237486 0.002404 0.00249165 0.00263854 0.00284582 0.00311511 0.00344841 0.00384805 0.00431667 0.00485713 0.00547244 0.00616566 0.00693985 0.00779794 0.00874266 0.00977641 0.0109012 0.0121184 0.013429 0.0148331 0.01633 0.0179182 0.0195951 0.0213573 0.0232003 0.0251183 0.0271047 0.0291516 0.0312501 0.0333904 0.0355615 0.0377517 0.0399484 0.0421383 0.0443076 0.0464421 0.0485273 0.0505485 0.052491 0.0543407 0.0560833 0.0577055 0.0591946 0.0605386 0.0617268 0.0627493 0.0635979 0.0642653 0.0647461 0.0650363 0.0651332 0.0650363 0.0647461 0.0642653 0.0635979 0.0627493 0.0617268 0.0605386 0.0591946 0.0577055 0.0560833 0.0543407 0.052491 0.0505485 0.0485273 0.0464421 0.0443076 0.0421383 0.0399484 0.0377517 0.0355615 0.0333904 0.0312501 0.0291516 0.0271047 0.0251183 0.0232003 0.0213573 0.0195951 0.0179182 0.01633 0.0148331 0.013429 0.0121184 0.0109012 0.00977641 0.00874266 0.00779794 0.00693985 0.00616566 0.00547244 0.00485713 0.00431667 0.00384805 0.00344841 0.00311511 0.00284582 0.00263854 0.00249165 0.002404 
0.00263377 0.00266585 0.00276234 0.00292402 0.00315213 0.00344841 0.003815 0.00425441 0.00476946 0.00536322 0.00603888 0.00679974 0.00764901 0.00858982 0.00962503 0.0107571 0.0119882 0.0133197 0.0147525 0.0162865 0.0179209 0.019654 0.0214828 0.0234035 0.025411 0.027499 0.0296602 0.0318861 0.0341668 0.0364916 0.0388487 0.0412252 0.0436077 0.0459816 0.0483322 0.050644 0.0529015 0.0550887 0.0571902 0.0591904 0.0610743 0.0628275 0.0644364 0.0658882 0.0671714 0.0682755 0.0691916 0.0699121 0.070431 0.0707441 0.0708488 0.0707441 0.070431 0.0699121 0.0691916 0.0682755 0.0671714 0.0658882 0.0644364 0.0628275 0.0610743 0.0591904 0.0571902 0.0550887 0.0529015 0.050644 0.0483322 0.0459816 0.0436077 0.0412252 0.0388487 0.0364916 0.0341668 0.0318861 0.0296602 0.027499 0.025411 0.0234035 0.0214828 0.019654 0.0179209 0.0162865 0.0147525 0.0133197 0.0119882 0.0107571 0.00962503 0.00858982 0.00764901 0.00679974 0.00603888 0.00536322 0.00476946 0.00425441 0.003815 0.00344841 0.00315213 0.00292402 0.00276234 0.00266585 
0.00294454 0.00298013 0.00308718 0.00326653 0.00351953 0.00384805 0.00425441 0.00474131 0.00531181 0.00596918 0.00671689 0.00755842 0.00849725 0.00953668 0.0106797 0.011929 0.0132867 0.0147542 0.0163324 0.018021 0.019819 0.0217243 0.0237336 0.0258425 0.0280454 0.0303352 0.0327039 0.0351419 0.0376386 0.0401821 0.0427595 0.0453568 0.0479591 0.0505509 0.0531159 0.0556374 0.0580985 0.0604822 0.0627714 0.0649495 0.0670002 0.0689081 0.0706584 0.0722375 0.0736327 0.0748331 0.0758289 0.0766119 0.0771759 0.0775162 0.0776299 0.0775162 0.0771759 0.0766119 0.0758289 0.0748331 0.0736327 0.0722375 0.0706584 0.0689081 0.0670002 0.0649495 0.0627714 0.0604822 0.0580985 0.0556374 0.0531159 0.0505509 0.0479591 0.0453568 0.0427595 0.0401821 0.0376386 0.0351419 0.0327039 0.0303352 0.0280454 0.0258425 0.0237336 0.0217243 0.019819 0.018021 0.0163324 0.0147542 0.0132867 0.011929 0.0106797 0.00953668 0.00849725 0.00755842 0.00671689 0.00596918 0.00531181 0.00474131 0.00425441 0.00384805 0.00351953 0.00326653 0.00308718 0.00298013 
0.00330935 0.00334905 0.00346844 0.00366843 0.0039505 0.00431667 0.00476946 0.00531181 0.005947 0.0066786 0.00751032 0.00844593 0.00948913 0.0106435 0.0119121 0.0132978 0.0148028 0.0164286 0.0181758 0.020044 0.022032 0.0241373 0.0263561 0.0286834 0.0311128 0.0336366 0.0362456 0.0389293 0.0416761 0.0444726 0.0473048 0.0501573 0.0530137 0.0558571 0.0586697 0.0614333 0.0641295 0.0667396 0.0692454 0.0716285 0.0738716 0.0759577 0.0778709 0.0795965 0.0811209 0.0824321 0.0835196 0.0843747 0.0849904 0.0853619 0.0854861 0.0853619 0.0849904 0.0843747 0.0835196 0.0824321 0.0811209 0.0795965 0.0778709 0.0759577 0.0738716 0.0716285 0.0692454 0.0667396 0.0641295 0.0614333 0.0586697 0.0558571 0.0530137 0.0501573 0.0473048 0.0444726 0.0416761 0.0389293 0.0362456 0.0336366 0.0311128 0.0286834 0.0263561 0.0241373 0.022032 0.020044 0.0181758 0.0164286 0.0148028 0.0132978 0.0119121 0.0106435 0.00948913 0.00844593 0.00751032 0.0066786 0.005947 0.00531181 0.00476946 0.00431667 0.0039505 0.00366843 0.00346844 0.00334905 
0.00373062 0.00377503 0.00390859 0.00413229 0.00444773 0.00485713 0.00536322 0.00596918 0.0066786 0.00749532 0.00842335 0.00946677 0.0106295 0.0119154 0.0133278 0.0148697 0.0165431 0.0183497 0.02029 0.0223634 0.0245683 0.0269017 0.0293594 0.0319355 0.034623 0.0374131 0.0402956 0.0432589 0.0462898 0.0493739 0.0524955 0.0556376 0.0587825 0.0619113 0.0650046 0.0680425 0.071005 0.0738716 0.0766224 0.0792377 0.0816983 0.083986 0.0860834 0.0879746 0.0896449 0.0910813 0.0922724 0.0932089 0.0938832 0.0942899 0.0944259 0.0942899 0.0938832 0.0932089 0.0922724 0.0910813 0.0896449 0.0879746 0.0860834 0.083986 0.0816983 0.0792377 0.0766224 0.0738716 0.071005 0.0680425 0.0650046 0.0619113 0.0587825 0.0556376 0.0524955 0.0493739 0.0462898 0.0432589 0.0402956 0.0374131 0.034623 0.0319355 0.0293594 0.0269017 0.0245683 0.0223634 0.02029 0.0183497 0.0165431 0.0148697 0.0133278 0.0119154 0.0106295 0.00946677 0.00842335 0.00749532 0.0066786 0.00596918 0.00536322 0.00485713 0.00444773 0.00413229 0.00390859 0.00377503 
0.00421086 0.00426062 0.00441024 0.0046608 0.00501407 0.00547244 0.00603888 0.00671689 0.00751032 0.00842335 0.00946034 0.0106256 0.0119235 0.0133581 0.0149328 0.0166508 0.0185143 0.0205248 0.0226827 0.0249871 0.0274361 0.0300262 0.0327525 0.0356083 0.0385856 0.0416746 0.044864 0.0481407 0.0514902 0.0548964 0.0583419 0.0618082 0.0652756 0.0687234 0.0721304 0.0754748 0.0787344 0.0818873 0.0849115 0.0877856 0.0904887 0.0930009 0.0953036 0.0973792 0.099212 0.100788 0.102094 0.103121 0.103861 0.104307 0.104456 0.104307 0.103861 0.103121 0.102094 0.100788 0.099212 0.0973792 0.0953036 0.0930009 0.0904887 0.0877856 0.0849115 0.0818873 0.0787344 0.0754748 0.0721304 0.0687234 0.0652756 0.0618082 0.0583419 0.0548964 0.0514902 0.0481407 0.044864 0.0416746 0.0385856 0.0356083 0.0327525 0.0300262 0.0274361 0.0249871 0.0226827 0.0205248 0.0185143 0.0166508 0.0149328 0.0133581 0.0119235 0.0106256 0.00946034 0.00842335 0.00751032 0.00671689 0.00603888 0.00547244 0.00501407 0.0046608 0.00441024 0.00426062 
0.00475269 0.00480844 0.00497607 0.00525675 0.00565241 0.00616566 0.00679974 0.00755842 0.00844593 0.00946677 0.0106256 0.0119273 0.0133762 0.0149768 0.0167328 0.0186474 0.0207229 0.0229607 0.0253611 0.0279228 0.0306436 0.0335192 0.0365439 0.0397105 0.0430096 0.0464304 0.0499601 0.0535842 0.0572865 0.0610493 0.0648533 0.0686781 0.0725019 0.0763021 0.0800554 0.0837379 0.0873255 0.0907939 0.0941194 0.0972785 0.100249 0.103008 0.105536 0.107815 0.109826 0.111555 0.112989 0.114115 0.114926 0.115415 0.115579 0.115415 0.114926 0.114115 0.112989 0.111555 0.109826 0.107815 0.105536 0.103008 0.100249 0.0972785 0.0941194 0.0907939 0.0873255 0.0837379 0.0800554 0.0763021 0.0725019 0.0686781 0.0648533 0.0610493 0.0572865 0.0535842 0.0499601 0.0464304 0.0430096 0.0397105 0.0365439 0.0335192 0.0306436 0.0279228 0.0253611 0.0229607 0.0207229 0.0186474 0.0167328 0.0149768 0.0133762 0.0119273 0.0106256 0.00946677 0.00844593 0.00755842 0.00679974 0.00616566 0.00565241 0.00525675 0.00497607 0.00480844 
0.00535872 0.00542112 0.00560876 0.00592291 0.00636566 0.00693985 0.00764901 0.00849725 0.00948913 0.0106295 0.0119235 0.0133762 0.0149925 0.0167769 0.0187334 0.0208654 0.0231752 0.0256641 0.0283321 0.0311777 0.034198 0.0373881 0.0407416 0.0442501 0.0479031 0.0516884 0.0555919 0.0595972 0.0636865 0.0678402 0.0720369 0.0762542 0.080468 0.0846536 0.0887854 0.0928372 0.0967827 0.100596 0.10425 0.107719 0.110981 0.114009 0.116784 0.119283 0.121489 0.123385 0.124956 0.126191 0.127079 0.127615 0.127795 0.127615 0.127079 0.126191 0.124956 0.123385 0.121489 0.119283 0.116784 0.114009 0.110981 0.107719 0.10425 0.100596 0.0967827 0.0928372 0.0887854 0.0846536 0.080468 0.0762542 0.0720369 0.0678402 0.0636865 0.0595972 0.0555919 0.0516884 0.0479031 0.0442501 0.0407416 0.0373881 0.034198 0.0311777 0.0283321 0.0256641 0.0231752 0.0208654 0.0187334 0.0167769 0.0149925 0.0133762 0.0119235 0.0106295 0.00948913 0.00849725 0.00764901 0.00693985 0.00636566 0.00592291 0.00560876 0.00542112 
0.00603148 0.00610122 0.00631091 0.00666195 0.00715659 0.00779794 0.00858982 0.00953668 0.0106435 0.0119154 0.0133581 0.0149768 0.0167769 0.0187631 0.0209398 0.0233102 0.0258769 0.0286408 0.0316018 0.034758 0.0381058 0.0416396 0.045352 0.0492336 0.0532725 0.0574551 0.0617655 0.0661857 0.0706959 0.0752744 0.0798976 0.0845408 0.0891777 0.0937811 0.0983229 0.102775 0.107107 0.111293 0.115302 0.119107 0.122683 0.126002 0.129042 0.13178 0.134195 0.136271 0.137991 0.139342 0.140315 0.140901 0.141097 0.140901 0.140315 0.139342 0.137991 0.136271 0.134195 0.13178 0.129042 0.126002 0.122683 0.119107 0.115302 0.111293 0.107107 0.102775 0.0983229 0.0937811 0.0891777 0.0845408 0.0798976 0.0752744 0.0706959 0.0661857 0.0617655 0.0574551 0.0532725 0.0492336 0.045352 0.0416396 0.0381058 0.034758 0.0316018 0.0286408 0.0258769 0.0233102 0.0209398 0.0187631 0.0167769 0.0149768 0.0133581 0.0119154 0.0106435 0.00953668 0.00858982 0.00779794 0.00715659 0.00666195 0.00631091 0.00610122 
0.00677334 0.00685112 0.00708497 0.00747638 0.00802783 0.00874266 0.00962503 0.0106797 0.0119121 0.0133278 0.0149328 0.0167328 0.0187334 0.0209398 0.0233563 0.0259865 0.0288326 0.0318958 0.0351752 0.0386688 0.042372 0.0462786 0.0503801 0.0546657 0.0591223 0.0637346 0.0684848 0.0733532 0.0783176 0.0833541 0.088437 0.0935389 0.0986311 0.103684 0.108666 0.113548 0.118296 0.122881 0.127271 0.131437 0.135348 0.138979 0.142303 0.145295 0.147935 0.150203 0.152082 0.153558 0.15462 0.155261 0.155475 0.155261 0.15462 0.153558 0.152082 0.150203 0.147935 0.145295 0.142303 0.138979 0.135348 0.131437 0.127271 0.122881 0.118296 0.113548 0.108666 0.103684 0.0986311 0.0935389 0.088437 0.0833541 0.0783176 0.0733532 0.0684848 0.0637346 0.0591223 0.0546657 0.0503801 0.0462786 0.042372 0.0386688 0.0351752 0.0318958 0.0288326 0.0259865 0.0233563 0.0209398 0.0187334 0.0167328 0.0149328 0.0133278 0.0119121 0.0106797 0.00962503 0.00874266 0.00802783 0.00747638 0.00708497 0.00685112 
0.00758646 0.00767298 0.0079331 0.00836844 0.00898167 0.00977641 0.0107571 0.011929 0.0132978 0.0148697 0.0166508 0.0186474 0.0208654 0.0233102 0.0259865 0.0288977 0.0320461 0.0354325 0.0390559 0.0429134 0.0469999 0.0513082 0.0558286 0.0605489 0.0654546 0.0705284 0.0757508 0.0810997 0.086551 0.0920781 0.0976529 0.103245 0.108824 0.114357 0.119809 0.125149 0.130341 0.135351 0.140146 0.144695 0.148965 0.152926 0.156552 0.159815 0.162693 0.165164 0.167212 0.16882 0.169977 0.170675 0.170908 0.170675 0.169977 0.16882 0.167212 0.165164 0.162693 0.159815 0.156552 0.152926 0.148965 0.144695 0.140146 0.135351 0.130341 0.125149 0.119809 0.114357 0.108824 0.103245 0.0976529 0.0920781 0.086551 0.0810997 0.0757508 0.0705284 0.0654546 0.0605489 0.0558286 0.0513082 0.0469999 0.0429134 0.0390559 0.0354325 0.0320461 0.0288977 0.0259865 0.0233102 0.0208654 0.0186474 0.0166508 0.0148697 0.0132978 0.011929 0.0107571 0.00977641 0.00898167 0.00836844 0.0079331 0.00767298 
0.00847266 0.00856864 0.00885717 0.00934002 0.0100201 0.0109012 0.0119882 0.0132867 0.0148028 0.0165431 0.0185143 0.0207229 0.0231752 0.0258769 0.0288326 0.0320461 0.0355194 0.039253 0.0432455 0.0474934 0.0519907 0.0567291 0.0616977 0.0668829 0.0722682 0.0778348 0.0835608 0.089422 0.0953917 0.101441 0.107539 0.113652 0.119748 0.125789 0.131741 0.137565 0.143226 0.148687 0.153911 0.158864 0.163512 0.167823 0.171766 0.175315 0.178444 0.181131 0.183356 0.185103 0.186361 0.187119 0.187372 0.187119 0.186361 0.185103 0.183356 0.181131 0.178444 0.175315 0.171766 0.167823 0.163512 0.158864 0.153911 0.148687 0.143226 0.137565 0.131741 0.125789 0.119748 0.113652 0.107539 0.101441 0.0953917 0.089422 0.0835608 0.0778348 0.0722682 0.0668829 0.0616977 0.0567291 0.0519907 0.0474934 0.0432455 0.039253 0.0355194 0.0320461 0.0288326 0.0258769 0.0231752 0.0207229 0.0185143 0.0165431 0.0148028 0.0132867 0.0119882 0.0109012 0.0100201 0.00934002 0.00885717 0.00856864 
0.00943335 0.00953951 0.00985862 0.0103926 0.0111444 0.0121184 0.0133197 0.0147542 0.0164286 0.0183497 0.0205248 0.0229607 0.0256641 0.0286408 0.0318958 0.0354325 0.039253 0.0433574 0.0477439 0.0524081 0.0573431 0.0625395 0.0679849 0.0736642 0.0795591 0.0856485 0.0919085 0.0983124 0.104831 0.111432 0.118083 0.124747 0.131388 0.137966 0.144443 0.150778 0.156933 0.162867 0.168541 0.173919 0.178964 0.183641 0.187918 0.191766 0.195158 0.198069 0.20048 0.202374 0.203736 0.204557 0.204831 0.204557 0.203736 0.202374 0.20048 0.198069 0.195158 0.191766 0.187918 0.183641 0.178964 0.173919 0.168541 0.162867 0.156933 0.150778 0.144443 0.137966 0.131388 0.124747 0.118083 0.111432 0.104831 0.0983124 0.0919085 0.0856485 0.0795591 0.0736642 0.0679849 0.0625395 0.0573431 0.0524081 0.0477439 0.0433574 0.039253 0.0354325 0.0318958 0.0286408 0.0256641 0.0229607 0.0205248 0.0183497 0.0164286 0.0147542 0.0133197 0.0121184 0.0111444 0.0103926 0.00985862 0.00953951 
0.0104695 0.0105865 0.0109384 0.011527 0.0123557 0.013429 0.0147525 0.0163324 0.0181758 0.02029 0.0226827 0.0253611 0.0283321 0.0316018 0.0351752 0.0390559 0.0432455 0.0477439 0.0525485 0.0576542 0.0630531 0.0687344 0.0746844 0.0808859 0.087319 0.0939602 0.100783 0.107759 0.114855 0.122037 0.129269 0.136511 0.143723 0.150864 0.157891 0.164761 0.171432 0.177861 0.184006 0.189827 0.195285 0.200344 0.204969 0.209128 0.212794 0.215939 0.218544 0.220589 0.22206 0.222946 0.223243 0.222946 0.22206 0.220589 0.218544 0.215939 0.212794 0.209128 0.204969 0.200344 0.195285 0.189827 0.184006 0.177861 0.171432 0.164761 0.157891 0.150864 0.143723 0.136511 0.129269 0.122037 0.114855 0.107759 0.100783 0.0939602 0.087319 0.0808859 0.0746844 0.0687344 0.0630531 0.0576542 0.0525485 0.0477439 0.0432455 0.0390559 0.0351752 0.0316018 0.0283321 0.0253611 0.0226827 0.02029 0.0181758 0.0163324 0.0147525 0.013429 0.0123557 0.011527 0.0109384 0.0105865 
0.0115814 0.0117101 0.0120967 0.0127436 0.0136541 0.0148331 0.0162865 0.018021 0.020044 0.0223634 0.0249871 0.0279228 0.0311777 0.034758 0.0386688 0.0429134 0.0474934 0.0524081 0.0576542 0.0632257 0.0691136 0.0753058 0.0817867 0.0885375 0.0955359 0.102756 0.11017 0.117745 0.125446 0.133235 0.141074 0.14892 0.156728 0.164455 0.172055 0.179482 0.186689 0.193632 0.200265 0.206546 0.212433 0.217888 0.222873 0.227355 0.231303 0.234691 0.237496 0.239697 0.241281 0.242235 0.242554 0.242235 0.241281 0.239697 0.237496 0.234691 0.231303 0.227355 0.222873 0.217888 0.212433 0.206546 0.200265 0.193632 0.186689 0.179482 0.172055 0.164455 0.156728 0.14892 0.141074 0.133235 0.125446 0.117745 0.11017 0.102756 0.0955359 0.0885375 0.0817867 0.0753058 0.0691136 0.0632257 0.0576542 0.0524081 0.0474934 0.0429134 0.0386688 0.034758 0.0311777 0.0279228 0.0249871 0.0223634 0.020044 0.018021 0.0162865 0.0148331 0.0136541 0.0127436 0.0120967 0.0117101 
0.0127689 0.0129098 0.0133334 0.0140419 0.0150391 0.01633 0.0179209 0.019819 0.022032 0.0245683 0.0274361 0.0306436 0.034198 0.0381058 0.042372 0.0469999 0.0519907 0.0573431 0.0630531 0.0691136 0.0755145 0.0822419 0.0892788 0.0966041 0.104193 0.112019 0.120048 0.128247 0.136578 0.145 0.15347 0.161942 0.170369 0.178704 0.186898 0.1949 0.202662 0.210136 0.217273 0.224029 0.230358 0.23622 0.241576 0.24639 0.25063 0.254267 0.257277 0.259639 0.261338 0.262362 0.262704 0.262362 0.261338 0.259639 0.257277 0.254267 0.25063 0.24639 0.241576 0.23622 0.230358 0.224029 0.217273 0.210136 0.202662 0.1949 0.186898 0.178704 0.170369 0.161942 0.15347 0.145 0.136578 0.128247 0.120048 0.112019 0.104193 0.0966041 0.0892788 0.0822419 0.0755145 0.0691136 0.0630531 0.0573431 0.0519907 0.0469999 0.042372 0.0381058 0.034198 0.0306436 0.0274361 0.0245683 0.022032 0.019819 0.0179209 0.01633 0.0150391 0.0140419 0.0133334 0.0129098 
0.0140309 0.0141848 0.0146473 0.0154208 0.0165093 0.0179182 0.019654 0.0217243 0.0241373 0.0269017 0.0300262 0.0335192 0.0373881 0.0416396 0.0462786 0.0513082 0.0567291 0.0625395 0.0687344 0.0753058 0.0822419 0.0895276 0.0971435 0.105067 0.113271 0.121724 0.130393 0.13924 0.148223 0.157299 0.166421 0.17554 0.184607 0.193568 0.202373 0.210968 0.219301 0.22732 0.234975 0.242218 0.249 0.25528 0.261015 0.266169 0.270706 0.274598 0.277818 0.280345 0.282162 0.283257 0.283623 0.283257 0.282162 0.280345 0.277818 0.274598 0.270706 0.266169 0.261015 0.25528 0.249 0.242218 0.234975 0.22732 0.219301 0.210968 0.202373 0.193568 0.184607 0.17554 0.166421 0.157299 0.148223 0.13924 0.130393 0.121724 0.113271 0.105067 0.0971435 0.0895276 0.0822419 0.0753058 0.0687344 0.0625395 0.0567291 0.0513082 0.0462786 0.0416396 0.0373881 0.0335192 0.0300262 0.0269017 0.0241373 0.0217243 0.019654 0.0179182 0.0165093 0.0154208 0.0146473 0.0141848 
0.0153658 0.0155333 0.0160366 0.0168783 0.0180626 0.0195951 0.0214828 0.0237336 0.0263561 0.0293594 0.0327525 0.0365439 0.0407416 0.045352 0.0503801 0.0558286 0.0616977 0.0679849 0.0746844 0.0817867 0.0892788 0.0971435 0.10536 0.113903 0.122742 0.131845 0.141175 0.150689 0.160345 0.170094 0.179887 0.189672 0.199394 0.208999 0.21843 0.227632 0.236548 0.245125 0.253309 0.261048 0.268293 0.274998 0.281119 0.286618 0.291459 0.295609 0.299042 0.301737 0.303674 0.304841 0.305231 0.304841 0.303674 0.301737 0.299042 0.295609 0.291459 0.286618 0.281119 0.274998 0.268293 0.261048 0.253309 0.245125 0.236548 0.227632 0.21843 0.208999 0.199394 0.189672 0.179887 0.170094 0.160345 0.150689 0.141175 0.131845 0.122742 0.113903 0.10536 0.0971435 0.0892788 0.0817867 0.0746844 0.0679849 0.0616977 0.0558286 0.0503801 0.045352 0.0407416 0.0365439 0.0327525 0.0293594 0.0263561 0.0237336 0.0214828 0.0195951 0.0180626 0.0168783 0.0160366 0.0155333 
0.0167709 0.0169526 0.0174985 0.0184114 0.0196957 0.0213573 0.0234035 0.0258425 0.0286834 0.0319355 0.0356083 0.0397105 0.0442501 0.0492336 0.0546657 0.0605489 0.0668829 0.0736642 0.0808859 0.0885375 0.0966041 0.105067 0.113903 0.123083 0.132578 0.142349 0.152357 0.162557 0.172903 0.183342 0.193822 0.204287 0.214679 0.224939 0.235009 0.244828 0.254339 0.263483 0.272203 0.280446 0.28816 0.295296 0.301809 0.307657 0.312804 0.317216 0.320865 0.323728 0.325786 0.327026 0.327441 0.327026 0.325786 0.323728 0.320865 0.317216 0.312804 0.307657 0.301809 0.295296 0.28816 0.280446 0.272203 0.263483 0.254339 0.244828 0.235009 0.224939 0.214679 0.204287 0.193822 0.183342 0.172903 0.162557 0.152357 0.142349 0.132578 0.123083 0.113903 0.105067 0.0966041 0.0885375 0.0808859 0.0736642 0.0668829 0.0605489 0.0546657 0.0492336 0.0442501 0.0397105 0.0356083 0.0319355 0.0286834 0.0258425 0.0234035 0.0213573 0.0196957 0.0184114 0.0174985 0.0169526 
0.0182428 0.0184392 0.0190295 0.0200164 0.0214046 0.0232003 0.025411 0.0280454 0.0311128 0.034623 0.0385856 0.0430096 0.0479031 0.0532725 0.0591223 0.0654546 0.0722682 0.0795591 0.087319 0.0955359 0.104193 0.113271 0.122742 0.132578 0.142743 0.153198 0.1639 0.1748 0.18585 0.196992 0.208172 0.219328 0.230401 0.241327 0.252045 0.26249 0.272602 0.282319 0.291581 0.300333 0.30852 0.31609 0.322997 0.329198 0.334652 0.339327 0.343193 0.346226 0.348405 0.349719 0.350157 0.349719 0.348405 0.346226 0.343193 0.339327 0.334652 0.329198 0.322997 0.31609 0.30852 0.300333 0.291581 0.282319 0.272602 0.26249 0.252045 0.241327 0.230401 0.219328 0.208172 0.196992 0.18585 0.1748 0.1639 0.153198 0.142743 0.132578 0.122742 0.113271 0.104193 0.0955359 0.087319 0.0795591 0.0722682 0.0654546 0.0591223 0.0532725 0.0479031 0.0430096 0.0385856 0.034623 0.0311128 0.0280454 0.025411 0.0232003 0.0214046 0.0200164 0.0190295 0.0184392 
0.0197772 0.0199889 0.020625 0.0216885 0.0231841 0.0251183 0.027499 0.0303352 0.0336366 0.0374131 0.0416746 0.0464304 0.0516884 0.0574551 0.0637346 0.0705284 0.0778348 0.0856485 0.0939602 0.102756 0.112019 0.121724 0.131845 0.142349 0.153198 0.164349 0.175757 0.18737 0.199134 0.21099 0.222878 0.234735 0.246495 0.258094 0.269465 0.280542 0.291259 0.301552 0.31136 0.320622 0.329283 0.337289 0.344591 0.351143 0.356906 0.361844 0.365927 0.369128 0.37143 0.372816 0.373279 0.372816 0.37143 0.369128 0.365927 0.361844 0.356906 0.351143 0.344591 0.337289 0.329283 0.320622 0.31136 0.301552 0.291259 0.280542 0.269465 0.258094 0.246495 0.234735 0.222878 0.21099 0.199134 0.18737 0.175757 0.164349 0.153198 0.142349 0.131845 0.121724 0.112019 0.102756 0.0939602 0.0856485 0.0778348 0.0705284 0.0637346 0.0574551 0.0516884 0.0464304 0.0416746 0.0374131 0.0336366 0.0303352 0.027499 0.0251183 0.0231841 0.0216885 0.020625 0.0199889 
0.0213689 0.0215963 0.0222795 0.0234218 0.0250279 0.0271047 0.0296602 0.0327039 0.0362456 0.0402956 0.044864 0.0499601 0.0555919 0.0617655 0.0684848 0.0757508 0.0835608 0.0919085 0.100783 0.11017 0.120048 0.130393 0.141175 0.152357 0.1639 0.175757 0.18788 0.200213 0.212698 0.225274 0.237877 0.250439 0.262892 0.275166 0.287193 0.298902 0.310226 0.321096 0.331448 0.341221 0.350355 0.358795 0.36649 0.373393 0.379463 0.384662 0.38896 0.39233 0.394752 0.396211 0.396698 0.396211 0.394752 0.39233 0.38896 0.384662 0.379463 0.373393 0.36649 0.358795 0.350355 0.341221 0.331448 0.321096 0.310226 0.298902 0.287193 0.275166 0.262892 0.250439 0.237877 0.225274 0.212698 0.200213 0.18788 0.175757 0.1639 0.152357 0.141175 0.130393 0.120048 0.11017 0.100783 0.0919085 0.0835608 0.0757508 0.0684848 0.0617655 0.0555919 0.0499601 0.044864 0.0402956 0.0362456 0.0327039 0.0296602 0.0271047 0.0250279 0.0234218 0.0222795 0.0215963 
0.0230116 0.0232551 0.0239867 0.0252096 0.0269289 0.0291516 0.0318861 0.0351419 0.0389293 0.0432589 0.0481407 0.0535842 0.0595972 0.0661857 0.0733532 0.0810997 0.089422 0.0983124 0.107759 0.117745 0.128247 0.13924 0.150689 0.162557 0.1748 0.18737 0.200213 0.213271 0.226482 0.239781 0.2531 0.266368 0.279514 0.292464 0.305146 0.317486 0.329414 0.340858 0.351752 0.362032 0.371635 0.380506 0.38859 0.395841 0.402214 0.407672 0.412182 0.415718 0.418259 0.41979 0.420301 0.41979 0.418259 0.415718 0.412182 0.407672 0.402214 0.395841 0.38859 0.380506 0.371635 0.362032 0.351752 0.340858 0.329414 0.317486 0.305146 0.292464 0.279514 0.266368 0.2531 0.239781 0.226482 0.213271 0.200213 0.18737 0.1748 0.162557 0.150689 0.13924 0.128247 0.117745 0.107759 0.0983124 0.089422 0.0810997 0.0733532 0.0661857 0.0595972 0.0535842 0.0481407 0.0432589 0.0389293 0.0351419 0.0318861 0.0291516 0.0269289 0.0252096 0.0239867 0.0232551 
0.0246984 0.0249583 0.0257392 0.0270442 0.0288788 0.0312501 0.0341668 0.0376386 0.0416761 0.0462898 0.0514902 0.0572865 0.0636865 0.0706959 0.0783176 0.086551 0.0953917 0.104831 0.114855 0.125446 0.136578 0.148223 0.160345 0.172903 0.18585 0.199134 0.212698 0.226482 0.240419 0.25444 0.268474 0.282447 0.296283 0.309905 0.323237 0.336204 0.34873 0.360743 0.372173 0.382953 0.39302 0.402315 0.410784 0.418376 0.425048 0.43076 0.435479 0.439178 0.441836 0.443437 0.443972 0.443437 0.441836 0.439178 0.435479 0.43076 0.425048 0.418376 0.410784 0.402315 0.39302 0.382953 0.372173 0.360743 0.34873 0.336204 0.323237 0.309905 0.296283 0.282447 0.268474 0.25444 0.240419 0.226482 0.212698 0.199134 0.18585 0.172903 0.160345 0.148223 0.136578 0.125446 0.114855 0.104831 0.0953917 0.086551 0.0783176 0.0706959 0.0636865 0.0572865 0.0514902 0.0462898 0.0416761 0.0376386 0.0341668 0.0312501 0.0288788 0.0270442 0.0257392 0.0249583 
0.0264214 0.0266979 0.0275287 0.028917 0.0308685 0.0333904 0.0364916 0.0401821 0.0444726 0.0493739 0.0548964 0.0610493 0.0678402 0.0752744 0.0833541 0.0920781 0.101441 0.111432 0.122037 0.133235 0.145 0.157299 0.170094 0.183342 0.196992 0.21099 0.225274 0.239781 0.25444 0.26918 0.283924 0.298595 0.313114 0.327401 0.341377 0.354961 0.368077 0.380651 0.392608 0.40388 0.414402 0.424114 0.432958 0.440885 0.447849 0.45381 0.458733 0.462592 0.465364 0.467034 0.467591 0.467034 0.465364 0.462592 0.458733 0.45381 0.447849 0.440885 0.432958 0.424114 0.414402 0.40388 0.392608 0.380651 0.368077 0.354961 0.341377 0.327401 0.313114 0.298595 0.283924 0.26918 0.25444 0.239781 0.225274 0.21099 0.196992 0.183342 0.170094 0.157299 0.145 0.133235 0.122037 0.111432 0.101441 0.0920781 0.0833541 0.0752744 0.0678402 0.0610493 0.0548964 0.0493739 0.0444726 0.0401821 0.0364916 0.0333904 0.0308685 0.028917 0.0275287 0.0266979 
0.0281717 0.028465 0.0293461 0.0308185 0.0328878 0.0355615 0.0388487 0.0427595 0.0473048 0.0524955 0.0583419 0.0648533 0.0720369 0.0798976 0.088437 0.0976529 0.107539 0.118083 0.129269 0.141074 0.15347 0.166421 0.179887 0.193822 0.208172 0.222878 0.237877 0.2531 0.268474 0.283924 0.29937 0.31473 0.329922 0.344864 0.359471 0.373662 0.387358 0.400479 0.412952 0.424705 0.435672 0.44579 0.455001 0.463254 0.470502 0.476704 0.481826 0.48584 0.488723 0.490459 0.491039 0.490459 0.488723 0.48584 0.481826 0.476704 0.470502 0.463254 0.455001 0.44579 0.435672 0.424705 0.412952 0.400479 0.387358 0.373662 0.359471 0.344864 0.329922 0.31473 0.29937 0.283924 0.268474 0.2531 0.237877 0.222878 0.208172 0.193822 0.179887 0.166421 0.15347 0.141074 0.129269 0.118083 0.107539 0.0976529 0.088437 0.0798976 0.0720369 0.0648533 0.0583419 0.0524955 0.0473048 0.0427595 0.0388487 0.0355615 0.0328878 0.0308185 0.0293461 0.028465 
0.0299399 0.0302501 0.0311817 0.0327384 0.0349258 0.0377517 0.0412252 0.0453568 0.0501573 0.0556376 0.0618082 0.0686781 0.0762542 0.0845408 0.0935389 0.103245 0.113652 0.124747 0.136511 0.14892 0.161942 0.17554 0.189672 0.204287 0.219328 0.234735 0.250439 0.266368 0.282447 0.298595 0.31473 0.330766 0.346619 0.3622 0.377426 0.39221 0.40647 0.420126 0.433101 0.445322 0.45672 0.467231 0.476798 0.485366 0.492889 0.499325 0.504639 0.508802 0.511792 0.513593 0.514194 0.513593 0.511792 0.508802 0.504639 0.499325 0.492889 0.485366 0.476798 0.467231 0.45672 0.445322 0.433101 0.420126 0.40647 0.39221 0.377426 0.3622 0.346619 0.330766 0.31473 0.298595 0.282447 0.266368 0.250439 0.234735 0.219328 0.204287 0.189672 0.17554 0.161942 0.14892 0.136511 0.124747 0.113652 0.103245 0.0935389 0.0845408 0.0762542 0.0686781 0.0618082 0.0556376 0.0501573 0.0453568 0.0412252 0.0377517 0.0349258 0.0327384 0.0311817 0.0302501 
0.0317158 0.0320428 0.0330248 0.0346655 0.0369708 0.0399484 0.0436077 0.0479591 0.0530137 0.0587825 0.0652756 0.0725019 0.080468 0.0891777 0.0986311 0.108824 0.119748 0.131388 0.143723 0.156728 0.170369 0.184607 0.199394 0.214679 0.230401 0.246495 0.262892 0.279514 0.296283 0.313114 0.329922 0.346619 0.363114 0.37932 0.395146 0.410506 0.425313 0.439487 0.452948 0.46562 0.477435 0.488327 0.498236 0.507108 0.514895 0.521555 0.527054 0.531361 0.534454 0.536316 0.536937 0.536316 0.534454 0.531361 0.527054 0.521555 0.514895 0.507108 0.498236 0.488327 0.477435 0.46562 0.452948 0.439487 0.425313 0.410506 0.395146 0.37932 0.363114 0.346619 0.329922 0.313114 0.296283 0.279514 0.262892 0.246495 0.230401 0.214679 0.199394 0.184607 0.170369 0.156728 0.143723 0.131388 0.119748 0.108824 0.0986311 0.0891777 0.080468 0.0725019 0.0652756 0.0587825 0.0530137 0.0479591 0.0436077 0.0399484 0.0369708 0.0346655 0.0330248 0.0320428 
0.0334886 0.0338322 0.0348642 0.0365883 0.0390103 0.0421383 0.0459816 0.0505509 0.0558571 0.0619113 0.0687234 0.0763021 0.0846536 0.0937811 0.103684 0.114357 0.125789 0.137966 0.150864 0.164455 0.178704 0.193568 0.208999 0.224939 0.241327 0.258094 0.275166 0.292464 0.309905 0.327401 0.344864 0.3622 0.37932 0.396129 0.412536 0.428452 0.443788 0.45846 0.472388 0.485495 0.49771 0.508966 0.519202 0.528365 0.536405 0.54328 0.548955 0.553399 0.55659 0.558511 0.559152 0.558511 0.55659 0.553399 0.548955 0.54328 0.536405 0.528365 0.519202 0.508966 0.49771 0.485495 0.472388 0.45846 0.443788 0.428452 0.412536 0.396129 0.37932 0.3622 0.344864 0.327401 0.309905 0.292464 0.275166 0.258094 0.241327 0.224939 0.208999 0.193568 0.178704 0.164455 0.150864 0.137966 0.125789 0.114357 0.103684 0.0937811 0.0846536 0.0763021 0.0687234 0.0619113 0.0558571 0.0505509 0.0459816 0.0421383 0.0390103 0.0365883 0.0348642 0.0338322 
0.035247 0.035607 0.0366882 0.0384944 0.0410316 0.0443076 0.0483322 0.0531159 0.0586697 0.0650046 0.0721304 0.0800554 0.0887854 0.0983229 0.108666 0.119809 0.131741 0.144443 0.157891 0.172055 0.186898 0.202373 0.21843 0.235009 0.252045 0.269465 0.287193 0.305146 0.323237 0.341377 0.359471 0.377426 0.395146 0.412536 0.429502 0.445951 0.461794 0.476944 0.491319 0.504841 0.517437 0.52904 0.539589 0.549028 0.557309 0.564388 0.570229 0.574803 0.578087 0.580064 0.580724 0.580064 0.578087 0.574803 0.570229 0.564388 0.557309 0.549028 0.539589 0.52904 0.517437 0.504841 0.491319 0.476944 0.461794 0.445951 0.429502 0.412536 0.395146 0.377426 0.359471 0.341377 0.323237 0.305146 0.287193 0.269465 0.252045 0.235009 0.21843 0.202373 0.186898 0.172055 0.157891 0.144443 0.131741 0.119809 0.108666 0.0983229 0.0887854 0.0800554 0.0721304 0.0650046 0.0586697 0.0531159 0.0483322 0.0443076 0.0410316 0.0384944 0.0366882 0.035607 
0.0369793 0.0373553 0.0384848 0.0403713 0.0430211 0.0464421 0.050644 0.0556374 0.0614333 0.0680425 0.0754748 0.0837379 0.0928372 0.102775 0.113548 0.125149 0.137565 0.150778 0.164761 0.179482 0.1949 0.210968 0.227632 0.244828 0.26249 0.280542 0.298902 0.317486 0.336204 0.354961 0.373662 0.39221 0.410506 0.428452 0.445951 0.462909 0.479235 0.49484 0.509639 0.523555 0.536513 0.548446 0.55929 0.568991 0.577498 0.584769 0.590768 0.595465 0.598836 0.600865 0.601543 0.600865 0.598836 0.595465 0.590768 0.584769 0.577498 0.568991 0.55929 0.548446 0.536513 0.523555 0.509639 0.49484 0.479235 0.462909 0.445951 0.428452 0.410506 0.39221 0.373662 0.354961 0.336204 0.317486 0.298902 0.280542 0.26249 0.244828 0.227632 0.210968 0.1949 0.179482 0.164761 0.150778 0.137565 0.125149 0.113548 0.102775 0.0928372 0.0837379 0.0754748 0.0680425 0.0614333 0.0556374 0.050644 0.0464421 0.0430211 0.0403713 0.0384848 0.0373553 
0.0386734 0.0390651 0.0402414 0.0422061 0.0449654 0.0485273 0.0529015 0.0580985 0.0641295 0.071005 0.0787344 0.0873255 0.0967827 0.107107 0.118296 0.130341 0.143226 0.156933 0.171432 0.186689 0.202662 0.219301 0.236548 0.254339 0.272602 0.291259 0.310226 0.329414 0.34873 0.368077 0.387358 0.40647 0.425313 0.443788 0.461794 0.479235 0.496018 0.512052 0.527253 0.541541 0.55484 0.567082 0.578204 0.58815 0.596871 0.604322 0.610469 0.61528 0.618733 0.620812 0.621506 0.620812 0.618733 0.61528 0.610469 0.604322 0.596871 0.58815 0.578204 0.567082 0.55484 0.541541 0.527253 0.512052 0.496018 0.479235 0.461794 0.443788 0.425313 0.40647 0.387358 0.368077 0.34873 0.329414 0.310226 0.291259 0.272602 0.254339 0.236548 0.219301 0.202662 0.186689 0.171432 0.156933 0.143226 0.130341 0.118296 0.107107 0.0967827 0.0873255 0.0787344 0.071005 0.0641295 0.0580985 0.0529015 0.0485273 0.0449654 0.0422061 0.0402414 0.0390651 
0.0403174 0.0407241 0.0419457 0.0439858 0.0468507 0.0505485 0.0550887 0.0604822 0.0667396 0.0738716 0.0818873 0.0907939 0.100596 0.111293 0.122881 0.135351 0.148687 0.162867 0.177861 0.193632 0.210136 0.22732 0.245125 0.263483 0.282319 0.301552 0.321096 0.340858 0.360743 0.380651 0.400479 0.420126 0.439487 0.45846 0.476944 0.49484 0.512052 0.528491 0.544068 0.558704 0.572322 0.584853 0.596235 0.60641 0.615329 0.622948 0.629232 0.63415 0.637679 0.639804 0.640513 0.639804 0.637679 0.63415 0.629232 0.622948 0.615329 0.60641 0.596235 0.584853 0.572322 0.558704 0.544068 0.528491 0.512052 0.49484 0.476944 0.45846 0.439487 0.420126 0.400479 0.380651 0.360743 0.340858 0.321096 0.301552 0.282319 0.263483 0.245125 0.22732 0.210136 0.193632 0.177861 0.162867 0.148687 0.135351 0.122881 0.111293 0.100596 0.0907939 0.0818873 0.0738716 0.0667396 0.0604822 0.0550887 0.0505485 0.0468507 0.0439858 0.0419457 0.0407241 
0.0418991 0.0423202 0.0435851 0.0456974 0.0486633 0.052491 0.0571902 0.0627714 0.0692454 0.0766224 0.0849115 0.0941194 0.10425 0.115302 0.127271 0.140146 0.153911 0.168541 0.184006 0.200265 0.217273 0.234975 0.253309 0.272203 0.291581 0.31136 0.331448 0.351752 0.372173 0.392608 0.412952 0.433101 0.452948 0.472388 0.491319 0.509639 0.527253 0.544068 0.559996 0.574956 0.58887 0.60167 0.613292 0.623679 0.632782 0.640556 0.646967 0.651983 0.655583 0.657749 0.658472 0.657749 0.655583 0.651983 0.646967 0.640556 0.632782 0.623679 0.613292 0.60167 0.58887 0.574956 0.559996 0.544068 0.527253 0.509639 0.491319 0.472388 0.452948 0.433101 0.412952 0.392608 0.372173 0.351752 0.331448 0.31136 0.291581 0.272203 0.253309 0.234975 0.217273 0.200265 0.184006 0.168541 0.153911 0.140146 0.127271 0.115302 0.10425 0.0941194 0.0849115 0.0766224 0.0692454 0.0627714 0.0571902 0.052491 0.0486633 0.0456974 0.0435851 0.0423202 
0.0434065 0.0438413 0.0451472 0.0473279 0.0503897 0.0543407 0.0591904 0.0649495 0.0716285 0.0792377 0.0877856 0.0972785 0.107719 0.119107 0.131437 0.144695 0.158864 0.173919 0.189827 0.206546 0.224029 0.242218 0.261048 0.280446 0.300333 0.320622 0.341221 0.362032 0.382953 0.40388 0.424705 0.445322 0.46562 0.485495 0.504841 0.523555 0.541541 0.558704 0.574956 0.590214 0.604401 0.617449 0.629291 0.639873 0.649144 0.657061 0.663588 0.668695 0.672359 0.674563 0.675299 0.674563 0.672359 0.668695 0.663588 0.657061 0.649144 0.639873 0.629291 0.617449 0.604401 0.590214 0.574956 0.558704 0.541541 0.523555 0.504841 0.485495 0.46562 0.445322 0.424705 0.40388 0.382953 0.362032 0.341221 0.320622 0.300333 0.280446 0.261048 0.242218 0.224029 0.206546 0.189827 0.173919 0.158864 0.144695 0.131437 0.119107 0.107719 0.0972785 0.0877856 0.0792377 0.0716285 0.0649495 0.0591904 0.0543407 0.0503897 0.0473279 0.0451472 0.0438413 
0.044828 0.0452757 0.0466201 0.0488651 0.0520167 0.0560833 0.0610743 0.0670002 0.0738716 0.0816983 0.0904887 0.100249 0.110981 0.122683 0.135348 0.148965 0.163512 0.178964 0.195285 0.212433 0.230358 0.249 0.268293 0.28816 0.30852 0.329283 0.350355 0.371635 0.39302 0.414402 0.435672 0.45672 0.477435 0.49771 0.517437 0.536513 0.55484 0.572322 0.58887 0.604401 0.618839 0.632111 0.644155 0.654915 0.664339 0.672385 0.679017 0.684206 0.687928 0.690168 0.690916 0.690168 0.687928 0.684206 0.679017 0.672385 0.664339 0.654915 0.644155 0.632111 0.618839 0.604401 0.58887 0.572322 0.55484 0.536513 0.517437 0.49771 0.477435 0.45672 0.435672 0.414402 0.39302 0.371635 0.350355 0.329283 0.30852 0.28816 0.268293 0.249 0.230358 0.212433 0.195285 0.178964 0.163512 0.148965 0.135348 0.122683 0.110981 0.100249 0.0904887 0.0816983 0.0738716 0.0670002 0.0610743 0.0560833 0.0520167 0.0488651 0.0466201 0.0452757 
