0.00230532 0.00233166 0.00241088 0.00254355 0.0027306 0.00297331 0.00327327 0.00363235 0.00405263 0.00453637 0.00508594 0.00570374 0.00639215 0.00715343 0.00798967 0.00890264 0.00989381 0.0109642 0.0121142 0.0133438 0.0146521 0.0160377 0.0174981 0.0190304 0.0206303 0.0222931 0.0240128 0.0257827 0.0275951 0.0294417 0.031313 0.0331991 0.0350892 0.0369721 0.0388361 0.0406691 0.0424587 0.0441926 0.0458584 0.0474439 0.0489372 0.0503269 0.0516022 0.0527531 0.0537703 0.0546456 0.0553719 0.0559431 0.0563546 0.0566028 0.0566858 0.0566028 0.0563546 0.0559431 0.0553719 0.0546456 0.0537703 0.0527531 0.0516022 0.0503269 0.0489372 0.0474439 0.0458584 0.0441926 0.0424587 0.0406691 0.0388361 0.0369721 0.0350892 0.0331991 0.031313 0.0294417 0.0275951 0.0257827 0.0240128 0.0222931 0.0206303 0.0190304 0.0174981 0.0160377 0.0146521 0.0133438 0.0121142 0.0109642 0.00989381 0.00890264 0.00798967 0.00715343 0.00639215 0.00570374 0.00508594 0.00453637 0.00405263 0.00363235 0.00327327 0.00297331 0.0027306 0.00254355 0.00241088 0.00233166 
0.00233166 0.00235828 0.00243833 0.00257237 0.00276137 0.0030066 0.00330966 0.00367243 0.00409702 0.00458569 0.00514083 0.00576486 0.00646016 0.00722902 0.00807352 0.00899545 0.00999628 0.011077 0.0122381 0.0134793 0.0148 0.0161986 0.0176727 0.0192191 0.0208337 0.0225116 0.0242469 0.0260326 0.0278612 0.0297241 0.0316118 0.0335144 0.0354209 0.03732 0.0392 0.0410486 0.0428533 0.0446018 0.0462816 0.0478802 0.0493859 0.0507871 0.052073 0.0532333 0.0542588 0.0551413 0.0558735 0.0564493 0.0568641 0.0571144 0.0571981 0.0571144 0.0568641 0.0564493 0.0558735 0.0551413 0.0542588 0.0532333 0.052073 0.0507871 0.0493859 0.0478802 0.0462816 0.0446018 0.0428533 0.0410486 0.0392 0.03732 0.0354209 0.0335144 0.0316118 0.0297241 0.0278612 0.0260326 0.0242469 0.0225116 0.0208337 0.0192191 0.0176727 0.0161986 0.0148 0.0134793 0.0122381 0.011077 0.00999628 0.00899545 0.00807352 0.00722902 0.00646016 0.00576486 0.00514083 0.00458569 0.00409702 0.00367243 0.00330966 0.0030066 0.00276137 0.00257237 0.00243833 0.00235828 
0.00241088 0.00243833 0.00252086 0.00265906 0.0028539 0.00310669 0.00341907 0.00379294 0.00423047 0.00473395 0.00530583 0.00594856 0.00666458 0.00745619 0.00832551 0.00927436 0.0103042 0.011416 0.0126102 0.0138867 0.0152445 0.0166822 0.0181971 0.019786 0.0214447 0.023168 0.0249499 0.0267833 0.0286604 0.0305723 0.0325093 0.0344612 0.0364169 0.0383647 0.0402925 0.0421879 0.0440381 0.0458304 0.047552 0.0491903 0.0507331 0.0521688 0.0534861 0.0546748 0.0557253 0.0566292 0.0573791 0.0579689 0.0583937 0.05865 0.0587357 0.05865 0.0583937 0.0579689 0.0573791 0.0566292 0.0557253 0.0546748 0.0534861 0.0521688 0.0507331 0.0491903 0.047552 0.0458304 0.0440381 0.0421879 0.0402925 0.0383647 0.0364169 0.0344612 0.0325093 0.0305723 0.0286604 0.0267833 0.0249499 0.023168 0.0214447 0.019786 0.0181971 0.0166822 0.0152445 0.0138867 0.0126102 0.011416 0.0103042 0.00927436 0.00832551 0.00745619 0.00666458 0.00594856 0.00530583 0.00473395 0.00423047 0.00379294 0.00341907 0.00310669 0.0028539 0.00265906 0.00252086 0.00243833 
0.00254355 0.00257237 0.00265906 0.00280421 0.00300882 0.00327426 0.00360221 0.00399465 0.0044538 0.00498205 0.0055819 0.0062559 0.00700653 0.00783616 0.00874696 0.00974077 0.010819 0.0119828 0.0132324 0.0145676 0.0159875 0.0174903 0.0190734 0.0207333 0.0224655 0.0242647 0.0261244 0.0280373 0.0299952 0.0319888 0.0340082 0.0360424 0.03808 0.040109 0.0421166 0.0440899 0.0460159 0.0478811 0.0496724 0.0513768 0.0529816 0.0544746 0.0558444 0.0570802 0.0581723 0.0591119 0.0598914 0.0605044 0.0609459 0.0612123 0.0613013 0.0612123 0.0609459 0.0605044 0.0598914 0.0591119 0.0581723 0.0570802 0.0558444 0.0544746 0.0529816 0.0513768 0.0496724 0.0478811 0.0460159 0.0440899 0.0421166 0.040109 0.03808 0.0360424 0.0340082 0.0319888 0.0299952 0.0280373 0.0261244 0.0242647 0.0224655 0.0207333 0.0190734 0.0174903 0.0159875 0.0145676 0.0132324 0.0119828 0.010819 0.00974077 0.00874696 0.00783616 0.00700653 0.0062559 0.0055819 0.00498205 0.0044538 0.00399465 0.00360221 0.00327426 0.00300882 0.00280421 0.00265906 0.00257237 
0.0027306 0.00276137 0.0028539 0.00300882 0.00322718 0.0035104 0.00386026 0.00427881 0.00476838 0.00533145 0.00597064 0.00668858 0.00748787 0.00837094 0.00934001 0.010397 0.0115433 0.01278 0.0141074 0.0155251 0.017032 0.0186263 0.0203051 0.0220645 0.0238999 0.0258054 0.0277743 0.0297987 0.0318699 0.033978 0.0361126 0.0382622 0.0404147 0.0425572 0.0446766 0.0467592 0.0487911 0.0507585 0.0526474 0.0544442 0.0561356 0.057709 0.0591522 0.060454 0.0616043 0.0625938 0.0634146 0.0640601 0.0645249 0.0648053 0.0648991 0.0648053 0.0645249 0.0640601 0.0634146 0.0625938 0.0616043 0.060454 0.0591522 0.057709 0.0561356 0.0544442 0.0526474 0.0507585 0.0487911 0.0467592 0.0446766 0.0425572 0.0404147 0.0382622 0.0361126 0.033978 0.0318699 0.0297987 0.0277743 0.0258054 0.0238999 0.0220645 0.0203051 0.0186263 0.017032 0.0155251 0.0141074 0.01278 0.0115433 0.010397 0.00934001 0.00837094 0.00748787 0.00668858 0.00597064 0.00533145 0.00476838 0.00427881 0.00386026 0.0035104 0.00322718 0.00300882 0.0028539 0.00276137 
0.00297331 0.0030066 0.00310669 0.00327426 0.0035104 0.00381664 0.00419482 0.00464715 0.00517605 0.00578415 0.00647419 0.00724894 0.0081111 0.00906321 0.0101076 0.0112461 0.0124804 0.0138112 0.0152389 0.016763 0.0183823 0.0200946 0.0218967 0.0237845 0.0257528 0.0277954 0.0299049 0.0320728 0.0342899 0.0365456 0.0388285 0.0411266 0.0434267 0.0457154 0.0479785 0.0502015 0.0523697 0.0544683 0.0564826 0.0583982 0.060201 0.0618775 0.063415 0.0648016 0.0660266 0.0670802 0.0679541 0.0686412 0.069136 0.0694345 0.0695343 0.0694345 0.069136 0.0686412 0.0679541 0.0670802 0.0660266 0.0648016 0.063415 0.0618775 0.060201 0.0583982 0.0564826 0.0544683 0.0523697 0.0502015 0.0479785 0.0457154 0.0434267 0.0411266 0.0388285 0.0365456 0.0342899 0.0320728 0.0299049 0.0277954 0.0257528 0.0237845 0.0218967 0.0200946 0.0183823 0.016763 0.0152389 0.0138112 0.0124804 0.0112461 0.0101076 0.00906321 0.0081111 0.00724894 0.00647419 0.00578415 0.00517605 0.00464715 0.00419482 0.00381664 0.0035104 0.00327426 0.00310669 0.0030066 
0.00327327 0.00330966 0.00341907 0.00360221 0.00386026 0.00419482 0.00460789 0.00510179 0.0056791 0.00634261 0.00709522 0.00793984 0.00887932 0.00991632 0.0110532 0.012292 0.0136342 0.0150807 0.0166316 0.0182864 0.0200435 0.0219005 0.0238539 0.0258991 0.0280304 0.0302409 0.0325226 0.0348664 0.037262 0.0396982 0.0421627 0.0446423 0.0471231 0.0495905 0.0520292 0.0544238 0.0567585 0.0590175 0.061185 0.0632456 0.0651843 0.0669867 0.0686393 0.0701294 0.0714455 0.0725773 0.0735159 0.0742539 0.0747852 0.0751058 0.0752129 0.0751058 0.0747852 0.0742539 0.0735159 0.0725773 0.0714455 0.0701294 0.0686393 0.0669867 0.0651843 0.0632456 0.061185 0.0590175 0.0567585 0.0544238 0.0520292 0.0495905 0.0471231 0.0446423 0.0421627 0.0396982 0.037262 0.0348664 0.0325226 0.0302409 0.0280304 0.0258991 0.0238539 0.0219005 0.0200435 0.0182864 0.0166316 0.0150807 0.0136342 0.012292 0.0110532 0.00991632 0.00887932 0.00793984 0.00709522 0.00634261 0.0056791 0.00510179 0.00460789 0.00419482 0.00386026 0.00360221 0.00341907 0.00330966 
0.00363235 0.00367243 0.00379294 0.00399465 0.00427881 0.00464715 0.00510179 0.00564522 0.0062802 0.00700971 0.00783682 0.00876462 0.00979612 0.0109341 0.0121811 0.0135391 0.0150096 0.0165935 0.0182908 0.0201007 0.0220215 0.0240503 0.0261831 0.0284149 0.0307394 0.0331488 0.0356346 0.0381866 0.0407937 0.0434435 0.0461228 0.0488172 0.0515115 0.0541901 0.0568364 0.0594337 0.0619651 0.0644134 0.0667617 0.0689934 0.0710925 0.0730435 0.0748318 0.0764439 0.0778675 0.0790915 0.0801064 0.0809042 0.0814787 0.0818252 0.081941 0.0818252 0.0814787 0.0809042 0.0801064 0.0790915 0.0778675 0.0764439 0.0748318 0.0730435 0.0710925 0.0689934 0.0667617 0.0644134 0.0619651 0.0594337 0.0568364 0.0541901 0.0515115 0.0488172 0.0461228 0.0434435 0.0407937 0.0381866 0.0356346 0.0331488 0.0307394 0.0284149 0.0261831 0.0240503 0.0220215 0.0201007 0.0182908 0.0165935 0.0150096 0.0135391 0.0121811 0.0109341 0.00979612 0.00876462 0.00783682 0.00700971 0.0062802 0.00564522 0.00510179 0.00464715 0.00427881 0.00399465 0.00379294 0.00367243 
0.00405263 0.00409702 0.00423047 0.0044538 0.00476838 0.00517605 0.0056791 0.0062802 0.00698232 0.00778862 0.00870241 0.00972696 0.0108655 0.0121208 0.0134957 0.0149922 0.0166117 0.0183551 0.0202222 0.0222121 0.0243226 0.0265504 0.0288911 0.031339 0.0338871 0.0365268 0.0392486 0.0420413 0.0448927 0.0477894 0.0507167 0.053659 0.0565998 0.059522 0.0624077 0.0652388 0.0679967 0.0706632 0.0732197 0.0756486 0.0779323 0.0800542 0.0819987 0.0837512 0.0852984 0.0866285 0.0877311 0.0885979 0.0892218 0.0895982 0.089724 0.0895982 0.0892218 0.0885979 0.0877311 0.0866285 0.0852984 0.0837512 0.0819987 0.0800542 0.0779323 0.0756486 0.0732197 0.0706632 0.0679967 0.0652388 0.0624077 0.059522 0.0565998 0.053659 0.0507167 0.0477894 0.0448927 0.0420413 0.0392486 0.0365268 0.0338871 0.031339 0.0288911 0.0265504 0.0243226 0.0222121 0.0202222 0.0183551 0.0166117 0.0149922 0.0134957 0.0121208 0.0108655 0.00972696 0.00870241 0.00778862 0.00698232 0.0062802 0.0056791 0.00517605 0.00476838 0.0044538 0.00423047 0.00409702 
0.00453637 0.00458569 0.00473395 0.00498205 0.00533145 0.00578415 0.00634261 0.00700971 0.00778862 0.00868277 0.00969565 0.0108308 0.0120915 0.013481 0.0150019 0.0166564 0.0184459 0.0203712 0.0224319 0.0246268 0.0269533 0.0294077 0.031985 0.0346787 0.0374809 0.0403823 0.0433721 0.0464382 0.049567 0.0527436 0.0559521 0.0591754 0.0623956 0.0655937 0.0687504 0.0718459 0.0748603 0.0777734 0.0805655 0.0832171 0.0857094 0.0880245 0.0901453 0.0920563 0.0937431 0.0951929 0.0963946 0.097339 0.0980189 0.098429 0.098566 0.098429 0.0980189 0.097339 0.0963946 0.0951929 0.0937431 0.0920563 0.0901453 0.0880245 0.0857094 0.0832171 0.0805655 0.0777734 0.0748603 0.0718459 0.0687504 0.0655937 0.0623956 0.0591754 0.0559521 0.0527436 0.049567 0.0464382 0.0433721 0.0403823 0.0374809 0.0346787 0.031985 0.0294077 0.0269533 0.0246268 0.0224319 0.0203712 0.0184459 0.0166564 0.0150019 0.013481 0.0120915 0.0108308 0.00969565 0.00868277 0.00778862 0.00700971 0.00634261 0.00578415 0.00533145 0.00498205 0.00473395 0.00458569 
0.00508594 0.00514083 0.00530583 0.0055819 0.00597064 0.00647419 0.00709522 0.00783682 0.00870241 0.00969565 0.0108203 0.0120801 0.0134786 0.0150192 0.0167045 0.0185368 0.0205176 0.0226475 0.0249258 0.027351 0.0299202 0.032629 0.0354717 0.038441 0.0415281 0.0447227 0.0480126 0.0513846 0.0548236 0.0583133 0.0618361 0.0653734 0.0689053 0.0724114 0.0758705 0.079261 0.0825612 0.0857492 0.0888036 0.0917033 0.0944278 0.0969579 0.099275 0.101362 0.103204 0.104787 0.106099 0.10713 0.107872 0.108319 0.108469 0.108319 0.107872 0.10713 0.106099 0.104787 0.103204 0.101362 0.099275 0.0969579 0.0944278 0.0917033 0.0888036 0.0857492 0.0825612 0.079261 0.0758705 0.0724114 0.0689053 0.0653734 0.0618361 0.0583133 0.0548236 0.0513846 0.0480126 0.0447227 0.0415281 0.038441 0.0354717 0.032629 0.0299202 0.027351 0.0249258 0.0226475 0.0205176 0.0185368 0.0167045 0.0150192 0.0134786 0.0120801 0.0108203 0.00969565 0.00870241 0.00783682 0.00709522 0.00647419 0.00597064 0.0055819 0.00530583 0.00514083 
0.00570374 0.00576486 0.00594856 0.0062559 0.00668858 0.00724894 0.00793984 0.00876462 0.00972696 0.0108308 0.0120801 0.0134789 0.015031 0.0167398 0.0186083 0.0206386 0.0228322 0.0251895 0.0277097 0.0303908 0.0332293 0.0362204 0.0393575 0.0426323 0.0460351 0.0495543 0.0531764 0.0568868 0.0606688 0.0645044 0.0683744 0.0722582 0.0761342 0.07998 0.0837724 0.0874879 0.0911029 0.0945936 0.0979366 0.101109 0.104089 0.106856 0.109388 0.111669 0.113682 0.115411 0.116844 0.11797 0.11878 0.119268 0.119432 0.119268 0.11878 0.11797 0.116844 0.115411 0.113682 0.111669 0.109388 0.106856 0.104089 0.101109 0.0979366 0.0945936 0.0911029 0.0874879 0.0837724 0.07998 0.0761342 0.0722582 0.0683744 0.0645044 0.0606688 0.0568868 0.0531764 0.0495543 0.0460351 0.0426323 0.0393575 0.0362204 0.0332293 0.0303908 0.0277097 0.0251895 0.0228322 0.0206386 0.0186083 0.0167398 0.015031 0.0134789 0.0120801 0.0108308 0.00972696 0.00876462 0.00793984 0.00724894 0.00668858 0.0062559 0.00594856 0.00576486 
0.00639215 0.00646016 0.00666458 0.00700653 0.00748787 0.0081111 0.00887932 0.00979612 0.0108655 0.0120915 0.0134786 0.015031 0.0167527 0.0186473 0.0207177 0.0229663 0.0253945 0.0280023 0.0307887 0.0337514 0.0368862 0.0401875 0.0436479 0.0472582 0.0510073 0.0548823 0.0588686 0.0629496 0.067107 0.0713212 0.0755708 0.0798333 0.0840852 0.0883017 0.0924579 0.0965279 0.100486 0.104307 0.107964 0.111434 0.114692 0.117715 0.120483 0.122974 0.125172 0.12706 0.128624 0.129853 0.130738 0.131271 0.131449 0.131271 0.130738 0.129853 0.128624 0.12706 0.125172 0.122974 0.120483 0.117715 0.114692 0.111434 0.107964 0.104307 0.100486 0.0965279 0.0924579 0.0883017 0.0840852 0.0798333 0.0755708 0.0713212 0.067107 0.0629496 0.0588686 0.0548823 0.0510073 0.0472582 0.0436479 0.0401875 0.0368862 0.0337514 0.0307887 0.0280023 0.0253945 0.0229663 0.0207177 0.0186473 0.0167527 0.015031 0.0134786 0.0120915 0.0108655 0.00979612 0.00887932 0.0081111 0.00748787 0.00700653 0.00666458 0.00646016 
0.00715343 0.00722902 0.00745619 0.00783616 0.00837094 0.00906321 0.00991632 0.0109341 0.0121208 0.013481 0.0150192 0.0167398 0.0186473 0.0207452 0.0230367 0.0255241 0.0282085 0.0310901 0.0341672 0.0374371 0.040895 0.0445344 0.048347 0.0523225 0.0564484 0.0607105 0.0650924 0.0695758 0.0741408 0.0787655 0.0834266 0.0880995 0.0927583 0.0973762 0.101926 0.106379 0.110708 0.114885 0.118882 0.122672 0.12623 0.12953 0.132551 0.13527 0.137667 0.139726 0.141432 0.142772 0.143736 0.144317 0.144511 0.144317 0.143736 0.142772 0.141432 0.139726 0.137667 0.13527 0.132551 0.12953 0.12623 0.122672 0.118882 0.114885 0.110708 0.106379 0.101926 0.0973762 0.0927583 0.0880995 0.0834266 0.0787655 0.0741408 0.0695758 0.0650924 0.0607105 0.0564484 0.0523225 0.048347 0.0445344 0.040895 0.0374371 0.0341672 0.0310901 0.0282085 0.0255241 0.0230367 0.0207452 0.0186473 0.0167398 0.0150192 0.013481 0.0121208 0.0109341 0.00991632 0.00906321 0.00837094 0.00783616 0.00745619 0.00722902 
0.00798967 0.00807352 0.00832551 0.00874696 0.00934001 0.0101076 0.0110532 0.0121811 0.0134957 0.0150019 0.0167045 0.0186083 0.0207177 0.0230367 0.0255684 0.028315 0.0312777 0.0344561 0.0378484 0.0414511 0.0452588 0.0492641 0.0534575 0.0578275 0.0623603 0.0670401 0.0718486 0.0767659 0.0817698 0.0868364 0.0919402 0.0970542 0.10215 0.107199 0.112171 0.117035 0.121762 0.12632 0.13068 0.134814 0.138693 0.14229 0.145581 0.148542 0.151153 0.153395 0.155252 0.15671 0.157759 0.158392 0.158603 0.158392 0.157759 0.15671 0.155252 0.153395 0.151153 0.148542 0.145581 0.14229 0.138693 0.134814 0.13068 0.12632 0.121762 0.117035 0.112171 0.107199 0.10215 0.0970542 0.0919402 0.0868364 0.0817698 0.0767659 0.0718486 0.0670401 0.0623603 0.0578275 0.0534575 0.0492641 0.0452588 0.0414511 0.0378484 0.0344561 0.0312777 0.028315 0.0255684 0.0230367 0.0207177 0.0186083 0.0167045 0.0150019 0.0134957 0.0121811 0.0110532 0.0101076 0.00934001 0.00874696 0.00832551 0.00807352 
0.00890264 0.00899545 0.00927436 0.00974077 0.010397 0.0112461 0.012292 0.0135391 0.0149922 0.0166564 0.0185368 0.0206386 0.0229663 0.0255241 0.028315 0.0313414 0.034604 0.0381023 0.041834 0.0457949 0.0499787 0.0543772 0.0589797 0.0637732 0.0687425 0.0738699 0.0791355 0.0845171 0.0899905 0.0955296 0.101106 0.106691 0.112254 0.117762 0.123184 0.128486 0.133635 0.1386 0.143347 0.147845 0.152065 0.155977 0.159554 0.162773 0.16561 0.168046 0.170063 0.171647 0.172787 0.173474 0.173703 0.173474 0.172787 0.171647 0.170063 0.168046 0.16561 0.162773 0.159554 0.155977 0.152065 0.147845 0.143347 0.1386 0.133635 0.128486 0.123184 0.117762 0.112254 0.106691 0.101106 0.0955296 0.0899905 0.0845171 0.0791355 0.0738699 0.0687425 0.0637732 0.0589797 0.0543772 0.0499787 0.0457949 0.041834 0.0381023 0.034604 0.0313414 0.028315 0.0255241 0.0229663 0.0206386 0.0185368 0.0166564 0.0149922 0.0135391 0.012292 0.0112461 0.010397 0.00974077 0.00927436 0.00899545 
0.00989381 0.00999628 0.0103042 0.010819 0.0115433 0.0124804 0.0136342 0.0150096 0.0166117 0.0184459 0.0205176 0.0228322 0.0253945 0.0282085 0.0312777 0.034604 0.0381882 0.0420291 0.0461241 0.0504681 0.0550541 0.0598726 0.0649117 0.070157 0.0755915 0.0811958 0.0869478 0.0928234 0.0987959 0.104837 0.110916 0.117 0.123057 0.129052 0.13495 0.140715 0.146312 0.151706 0.156861 0.161744 0.166323 0.170568 0.174448 0.177938 0.181014 0.183653 0.185839 0.187555 0.18879 0.189534 0.189783 0.189534 0.18879 0.187555 0.185839 0.183653 0.181014 0.177938 0.174448 0.170568 0.166323 0.161744 0.156861 0.151706 0.146312 0.140715 0.13495 0.129052 0.123057 0.117 0.110916 0.104837 0.0987959 0.0928234 0.0869478 0.0811958 0.0755915 0.070157 0.0649117 0.0598726 0.0550541 0.0504681 0.0461241 0.0420291 0.0381882 0.034604 0.0312777 0.0282085 0.0253945 0.0228322 0.0205176 0.0184459 0.0166117 0.0150096 0.0136342 0.0124804 0.0115433 0.010819 0.0103042 0.00999628 
0.0109642 0.011077 0.011416 0.0119828 0.01278 0.0138112 0.0150807 0.0165935 0.0183551 0.0203712 0.0226475 0.0251895 0.0280023 0.0310901 0.0344561 0.0381023 0.0420291 0.046235 0.0507166 0.0554682 0.0604816 0.0657462 0.0712488 0.0769732 0.0829008 0.0890101 0.095277 0.101675 0.108175 0.114746 0.121354 0.127965 0.134543 0.141051 0.14745 0.153702 0.159769 0.165614 0.171197 0.176484 0.181441 0.186033 0.19023 0.194004 0.197329 0.200183 0.202545 0.204399 0.205733 0.206537 0.206806 0.206537 0.205733 0.204399 0.202545 0.200183 0.197329 0.194004 0.19023 0.186033 0.181441 0.176484 0.171197 0.165614 0.159769 0.153702 0.14745 0.141051 0.134543 0.127965 0.121354 0.114746 0.108175 0.101675 0.095277 0.0890101 0.0829008 0.0769732 0.0712488 0.0657462 0.0604816 0.0554682 0.0507166 0.046235 0.0420291 0.0381023 0.0344561 0.0310901 0.0280023 0.0251895 0.0226475 0.0203712 0.0183551 0.0165935 0.0150807 0.0138112 0.01278 0.0119828 0.011416 0.011077 
0.0121142 0.0122381 0.0126102 0.0132324 0.0141074 0.0152389 0.0166316 0.0182908 0.0202222 0.0224319 0.0249258 0.0277097 0.0307887 0.0341672 0.0378484 0.041834 0.0461241 0.0507166 0.0556075 0.0607902 0.0662555 0.0719914 0.0779832 0.0842131 0.0906604 0.0973016 0.10411 0.111058 0.118112 0.125239 0.132403 0.139566 0.14669 0.153734 0.160658 0.167419 0.173978 0.180292 0.186323 0.192031 0.19738 0.202335 0.206862 0.210932 0.214517 0.217593 0.220138 0.222136 0.223574 0.22444 0.224729 0.22444 0.223574 0.222136 0.220138 0.217593 0.214517 0.210932 0.206862 0.202335 0.19738 0.192031 0.186323 0.180292 0.173978 0.167419 0.160658 0.153734 0.14669 0.139566 0.132403 0.125239 0.118112 0.111058 0.10411 0.0973016 0.0906604 0.0842131 0.0779832 0.0719914 0.0662555 0.0607902 0.0556075 0.0507166 0.0461241 0.041834 0.0378484 0.0341672 0.0307887 0.0277097 0.0249258 0.0224319 0.0202222 0.0182908 0.0166316 0.0152389 0.0141074 0.0132324 0.0126102 0.0122381 
0.0133438 0.0134793 0.0138867 0.0145676 0.0155251 0.016763 0.0182864 0.0201007 0.0222121 0.0246268 0.027351 0.0303908 0.0337514 0.0374371 0.0414511 0.0457949 0.0504681 0.0554682 0.0607902 0.0664267 0.0723673 0.0785985 0.085104 0.0918642 0.0988565 0.106055 0.113431 0.120953 0.128586 0.136294 0.144038 0.151778 0.15947 0.167073 0.174542 0.181832 0.188901 0.195704 0.202199 0.208344 0.2141 0.21943 0.224299 0.228675 0.232528 0.235834 0.238569 0.240716 0.24226 0.24319 0.243501 0.24319 0.24226 0.240716 0.238569 0.235834 0.232528 0.228675 0.224299 0.21943 0.2141 0.208344 0.202199 0.195704 0.188901 0.181832 0.174542 0.167073 0.15947 0.151778 0.144038 0.136294 0.128586 0.120953 0.113431 0.106055 0.0988565 0.0918642 0.085104 0.0785985 0.0723673 0.0664267 0.0607902 0.0554682 0.0504681 0.0457949 0.0414511 0.0374371 0.0337514 0.0303908 0.027351 0.0246268 0.0222121 0.0201007 0.0182864 0.016763 0.0155251 0.0145676 0.0138867 0.0134793 
0.0146521 0.0148 0.0152445 0.0159875 0.017032 0.0183823 0.0200435 0.0220215 0.0243226 0.0269533 0.0299202 0.0332293 0.0368862 0.040895 0.0452588 0.0499787 0.0550541 0.0604816 0.0662555 0.0723673 0.0788051 0.0855543 0.0925966 0.0999106 0.107471 0.115251 0.123217 0.131337 0.139572 0.147884 0.15623 0.164567 0.172849 0.18103 0.189063 0.196901 0.204497 0.211805 0.218778 0.225373 0.231549 0.237266 0.242487 0.247177 0.251307 0.254849 0.257779 0.260078 0.261732 0.262728 0.263061 0.262728 0.261732 0.260078 0.257779 0.254849 0.251307 0.247177 0.242487 0.237266 0.231549 0.225373 0.218778 0.211805 0.204497 0.196901 0.189063 0.18103 0.172849 0.164567 0.15623 0.147884 0.139572 0.131337 0.123217 0.115251 0.107471 0.0999106 0.0925966 0.0855543 0.0788051 0.0723673 0.0662555 0.0604816 0.0550541 0.0499787 0.0452588 0.040895 0.0368862 0.0332293 0.0299202 0.0269533 0.0243226 0.0220215 0.0200435 0.0183823 0.017032 0.0159875 0.0152445 0.0148 
0.0160377 0.0161986 0.0166822 0.0174903 0.0186263 0.0200946 0.0219005 0.0240503 0.0265504 0.0294077 0.032629 0.0362204 0.0401875 0.0445344 0.0492641 0.0543772 0.0598726 0.0657462 0.0719914 0.0785985 0.0855543 0.0928424 0.100443 0.108332 0.116483 0.124865 0.133443 0.142182 0.151041 0.159976 0.168944 0.177897 0.186787 0.195564 0.204178 0.212579 0.220717 0.228542 0.236007 0.243064 0.249671 0.255784 0.261364 0.266377 0.270789 0.274572 0.277702 0.280157 0.281923 0.282987 0.283342 0.282987 0.281923 0.280157 0.277702 0.274572 0.270789 0.266377 0.261364 0.255784 0.249671 0.243064 0.236007 0.228542 0.220717 0.212579 0.204178 0.195564 0.186787 0.177897 0.168944 0.159976 0.151041 0.142182 0.133443 0.124865 0.116483 0.108332 0.100443 0.0928424 0.0855543 0.0785985 0.0719914 0.0657462 0.0598726 0.0543772 0.0492641 0.0445344 0.0401875 0.0362204 0.032629 0.0294077 0.0265504 0.0240503 0.0219005 0.0200946 0.0186263 0.0174903 0.0166822 0.0161986 
0.0174981 0.0176727 0.0181971 0.0190734 0.0203051 0.0218967 0.0238539 0.0261831 0.0288911 0.031985 0.0354717 0.0393575 0.0436479 0.048347 0.0534575 0.0589797 0.0649117 0.0712488 0.0779832 0.085104 0.0925966 0.100443 0.108621 0.117105 0.125865 0.134869 0.144079 0.153455 0.162955 0.172533 0.182139 0.191725 0.201239 0.210626 0.219836 0.228813 0.237505 0.245859 0.253825 0.261354 0.268399 0.274915 0.280863 0.286203 0.290903 0.294932 0.298264 0.300878 0.302758 0.30389 0.304268 0.30389 0.302758 0.300878 0.298264 0.294932 0.290903 0.286203 0.280863 0.274915 0.268399 0.261354 0.253825 0.245859 0.237505 0.228813 0.219836 0.210626 0.201239 0.191725 0.182139 0.172533 0.162955 0.153455 0.144079 0.134869 0.125865 0.117105 0.108621 0.100443 0.0925966 0.085104 0.0779832 0.0712488 0.0649117 0.0589797 0.0534575 0.048347 0.0436479 0.0393575 0.0354717 0.031985 0.0288911 0.0261831 0.0238539 0.0218967 0.0203051 0.0190734 0.0181971 0.0176727 
0.0190304 0.0192191 0.019786 0.0207333 0.0220645 0.0237845 0.0258991 0.0284149 0.031339 0.0346787 0.038441 0.0426323 0.0472582 0.0523225 0.0578275 0.0637732 0.070157 0.0769732 0.0842131 0.0918642 0.0999106 0.108332 0.117105 0.1262 0.135587 0.14523 0.155088 0.165118 0.175275 0.185509 0.195769 0.206002 0.216152 0.226163 0.235978 0.245542 0.254797 0.26369 0.272165 0.280172 0.287662 0.294588 0.300907 0.306579 0.31157 0.315847 0.319385 0.322159 0.324153 0.325355 0.325757 0.325355 0.324153 0.322159 0.319385 0.315847 0.31157 0.306579 0.300907 0.294588 0.287662 0.280172 0.272165 0.26369 0.254797 0.245542 0.235978 0.226163 0.216152 0.206002 0.195769 0.185509 0.175275 0.165118 0.155088 0.14523 0.135587 0.1262 0.117105 0.108332 0.0999106 0.0918642 0.0842131 0.0769732 0.070157 0.0637732 0.0578275 0.0523225 0.0472582 0.0426323 0.038441 0.0346787 0.031339 0.0284149 0.0258991 0.0237845 0.0220645 0.0207333 0.019786 0.0192191 
0.0206303 0.0208337 0.0214447 0.0224655 0.0238999 0.0257528 0.0280304 0.0307394 0.0338871 0.0374809 0.0415281 0.0460351 0.0510073 0.0564484 0.0623603 0.0687425 0.0755915 0.0829008 0.0906604 0.0988565 0.107471 0.116483 0.125865 0.135587 0.145615 0.155911 0.16643 0.177128 0.187955 0.198858 0.209783 0.220673 0.231469 0.242112 0.252542 0.2627 0.272526 0.281963 0.290953 0.299443 0.307382 0.314721 0.321414 0.327421 0.332704 0.337232 0.340975 0.343911 0.346021 0.347292 0.347717 0.347292 0.346021 0.343911 0.340975 0.337232 0.332704 0.327421 0.321414 0.314721 0.307382 0.299443 0.290953 0.281963 0.272526 0.2627 0.252542 0.242112 0.231469 0.220673 0.209783 0.198858 0.187955 0.177128 0.16643 0.155911 0.145615 0.135587 0.125865 0.116483 0.107471 0.0988565 0.0906604 0.0829008 0.0755915 0.0687425 0.0623603 0.0564484 0.0510073 0.0460351 0.0415281 0.0374809 0.0338871 0.0307394 0.0280304 0.0257528 0.0238999 0.0224655 0.0214447 0.0208337 
0.0222931 0.0225116 0.023168 0.0242647 0.0258054 0.0277954 0.0302409 0.0331488 0.0365268 0.0403823 0.0447227 0.0495543 0.0548823 0.0607105 0.0670401 0.0738699 0.0811958 0.0890101 0.0973016 0.106055 0.115251 0.124865 0.134869 0.14523 0.155911 0.16687 0.178062 0.189437 0.200944 0.212525 0.224123 0.235678 0.247128 0.258409 0.26946 0.280217 0.290617 0.300601 0.310109 0.319085 0.327474 0.335227 0.342295 0.348637 0.354214 0.358992 0.362941 0.366038 0.368264 0.369605 0.370053 0.369605 0.368264 0.366038 0.362941 0.358992 0.354214 0.348637 0.342295 0.335227 0.327474 0.319085 0.310109 0.300601 0.290617 0.280217 0.26946 0.258409 0.247128 0.235678 0.224123 0.212525 0.200944 0.189437 0.178062 0.16687 0.155911 0.14523 0.134869 0.124865 0.115251 0.106055 0.0973016 0.0890101 0.0811958 0.0738699 0.0670401 0.0607105 0.0548823 0.0495543 0.0447227 0.0403823 0.0365268 0.0331488 0.0302409 0.0277954 0.0258054 0.0242647 0.023168 0.0225116 
0.0240128 0.0242469 0.0249499 0.0261244 0.0277743 0.0299049 0.0325226 0.0356346 0.0392486 0.0433721 0.0480126 0.0531764 0.0588686 0.0650924 0.0718486 0.0791355 0.0869478 0.095277 0.10411 0.113431 0.123217 0.133443 0.144079 0.155088 0.16643 0.178062 0.189934 0.201995 0.214187 0.226452 0.238729 0.250953 0.26306 0.274983 0.286656 0.298014 0.30899 0.319522 0.329548 0.339009 0.347849 0.356014 0.363457 0.370133 0.376002 0.381029 0.385184 0.388442 0.390783 0.392193 0.392664 0.392193 0.390783 0.388442 0.385184 0.381029 0.376002 0.370133 0.363457 0.356014 0.347849 0.339009 0.329548 0.319522 0.30899 0.298014 0.286656 0.274983 0.26306 0.250953 0.238729 0.226452 0.214187 0.201995 0.189934 0.178062 0.16643 0.155088 0.144079 0.133443 0.123217 0.113431 0.10411 0.095277 0.0869478 0.0791355 0.0718486 0.0650924 0.0588686 0.0531764 0.0480126 0.0433721 0.0392486 0.0356346 0.0325226 0.0299049 0.0277743 0.0261244 0.0249499 0.0242469 
0.0257827 0.0260326 0.0267833 0.0280373 0.0297987 0.0320728 0.0348664 0.0381866 0.0420413 0.0464382 0.0513846 0.0568868 0.0629496 0.0695758 0.0767659 0.0845171 0.0928234 0.101675 0.111058 0.120953 0.131337 0.142182 0.153455 0.165118 0.177128 0.189437 0.201995 0.214744 0.227626 0.240578 0.253535 0.266429 0.279194 0.291759 0.304054 0.316011 0.327562 0.33864 0.349181 0.359124 0.368411 0.376987 0.384801 0.391809 0.397967 0.403241 0.407599 0.411015 0.41347 0.414949 0.415443 0.414949 0.41347 0.411015 0.407599 0.403241 0.397967 0.391809 0.384801 0.376987 0.368411 0.359124 0.349181 0.33864 0.327562 0.316011 0.304054 0.291759 0.279194 0.266429 0.253535 0.240578 0.227626 0.214744 0.201995 0.189437 0.177128 0.165118 0.153455 0.142182 0.131337 0.120953 0.111058 0.101675 0.0928234 0.0845171 0.0767659 0.0695758 0.0629496 0.0568868 0.0513846 0.0464382 0.0420413 0.0381866 0.0348664 0.0320728 0.0297987 0.0280373 0.0267833 0.0260326 
0.0275951 0.0278612 0.0286604 0.0299952 0.0318699 0.0342899 0.037262 0.0407937 0.0448927 0.049567 0.0548236 0.0606688 0.067107 0.0741408 0.0817698 0.0899905 0.0987959 0.108175 0.118112 0.128586 0.139572 0.151041 0.162955 0.175275 0.187955 0.200944 0.214187 0.227626 0.241197 0.254834 0.26847 0.282034 0.295454 0.308656 0.32157 0.334122 0.346243 0.357862 0.368913 0.379334 0.389063 0.398044 0.406225 0.413559 0.420003 0.425521 0.430079 0.433651 0.436218 0.437764 0.438281 0.437764 0.436218 0.433651 0.430079 0.425521 0.420003 0.413559 0.406225 0.398044 0.389063 0.379334 0.368913 0.357862 0.346243 0.334122 0.32157 0.308656 0.295454 0.282034 0.26847 0.254834 0.241197 0.227626 0.214187 0.200944 0.187955 0.175275 0.162955 0.151041 0.139572 0.128586 0.118112 0.108175 0.0987959 0.0899905 0.0817698 0.0741408 0.067107 0.0606688 0.0548236 0.049567 0.0448927 0.0407937 0.037262 0.0342899 0.0318699 0.0299952 0.0286604 0.0278612 
0.0294417 0.0297241 0.0305723 0.0319888 0.033978 0.0365456 0.0396982 0.0434435 0.0477894 0.0527436 0.0583133 0.0645044 0.0713212 0.0787655 0.0868364 0.0955296 0.104837 0.114746 0.125239 0.136294 0.147884 0.159976 0.172533 0.185509 0.198858 0.212525 0.226452 0.240578 0.254834 0.269154 0.283464 0.297691 0.31176 0.325594 0.339119 0.35226 0.364942 0.377095 0.388649 0.399539 0.409703 0.419083 0.427624 0.435279 0.442003 0.447758 0.452513 0.456239 0.458915 0.460527 0.461065 0.460527 0.458915 0.456239 0.452513 0.447758 0.442003 0.435279 0.427624 0.419083 0.409703 0.399539 0.388649 0.377095 0.364942 0.35226 0.339119 0.325594 0.31176 0.297691 0.283464 0.269154 0.254834 0.240578 0.226452 0.212525 0.198858 0.185509 0.172533 0.159976 0.147884 0.136294 0.125239 0.114746 0.104837 0.0955296 0.0868364 0.0787655 0.0713212 0.0645044 0.0583133 0.0527436 0.0477894 0.0434435 0.0396982 0.0365456 0.033978 0.0319888 0.0305723 0.0297241 
0.031313 0.0316118 0.0325093 0.0340082 0.0361126 0.0388285 0.0421627 0.0461228 0.0507167 0.0559521 0.0618361 0.0683744 0.0755708 0.0834266 0.0919402 0.101106 0.110916 0.121354 0.132403 0.144038 0.15623 0.168944 0.182139 0.195769 0.209783 0.224123 0.238729 0.253535 0.26847 0.283464 0.29844 0.313322 0.32803 0.342487 0.356614 0.370332 0.383567 0.396243 0.40829 0.41964 0.430229 0.439998 0.448891 0.456859 0.463856 0.469844 0.474789 0.478665 0.481448 0.483124 0.483684 0.483124 0.481448 0.478665 0.474789 0.469844 0.463856 0.456859 0.448891 0.439998 0.430229 0.41964 0.40829 0.396243 0.383567 0.370332 0.356614 0.342487 0.32803 0.313322 0.29844 0.283464 0.26847 0.253535 0.238729 0.224123 0.209783 0.195769 0.182139 0.168944 0.15623 0.144038 0.132403 0.121354 0.110916 0.101106 0.0919402 0.0834266 0.0755708 0.0683744 0.0618361 0.0559521 0.0507167 0.0461228 0.0421627 0.0388285 0.0361126 0.0340082 0.0325093 0.0316118 
0.0331991 0.0335144 0.0344612 0.0360424 0.0382622 0.0411266 0.0446423 0.0488172 0.053659 0.0591754 0.0653734 0.0722582 0.0798333 0.0880995 0.0970542 0.106691 0.117 0.127965 0.139566 0.151778 0.164567 0.177897 0.191725 0.206002 0.220673 0.235678 0.250953 0.266429 0.282034 0.297691 0.313322 0.328846 0.344182 0.359249 0.373964 0.388248 0.402021 0.415209 0.427736 0.439534 0.450537 0.460684 0.469919 0.47819 0.485453 0.491666 0.496797 0.500817 0.503703 0.505442 0.506022 0.505442 0.503703 0.500817 0.496797 0.491666 0.485453 0.47819 0.469919 0.460684 0.450537 0.439534 0.427736 0.415209 0.402021 0.388248 0.373964 0.359249 0.344182 0.328846 0.313322 0.297691 0.282034 0.266429 0.250953 0.235678 0.220673 0.206002 0.191725 0.177897 0.164567 0.151778 0.139566 0.127965 0.117 0.106691 0.0970542 0.0880995 0.0798333 0.0722582 0.0653734 0.0591754 0.053659 0.0488172 0.0446423 0.0411266 0.0382622 0.0360424 0.0344612 0.0335144 
0.0350892 0.0354209 0.0364169 0.03808 0.0404147 0.0434267 0.0471231 0.0515115 0.0565998 0.0623956 0.0689053 0.0761342 0.0840852 0.0927583 0.10215 0.112254 0.123057 0.134543 0.14669 0.15947 0.172849 0.186787 0.201239 0.216152 0.231469 0.247128 0.26306 0.279194 0.295454 0.31176 0.32803 0.344182 0.360131 0.375792 0.39108 0.405914 0.420211 0.433894 0.446887 0.459119 0.470523 0.481036 0.490601 0.499166 0.506684 0.513115 0.518424 0.522582 0.525569 0.527367 0.527968 0.527367 0.525569 0.522582 0.518424 0.513115 0.506684 0.499166 0.490601 0.481036 0.470523 0.459119 0.446887 0.433894 0.420211 0.405914 0.39108 0.375792 0.360131 0.344182 0.32803 0.31176 0.295454 0.279194 0.26306 0.247128 0.231469 0.216152 0.201239 0.186787 0.172849 0.15947 0.14669 0.134543 0.123057 0.112254 0.10215 0.0927583 0.0840852 0.0761342 0.0689053 0.0623956 0.0565998 0.0515115 0.0471231 0.0434267 0.0404147 0.03808 0.0364169 0.0354209 
0.0369721 0.03732 0.0383647 0.040109 0.0425572 0.0457154 0.0495905 0.0541901 0.059522 0.0655937 0.0724114 0.07998 0.0883017 0.0973762 0.107199 0.117762 0.129052 0.141051 0.153734 0.167073 0.18103 0.195564 0.210626 0.226163 0.242112 0.258409 0.274983 0.291759 0.308656 0.325594 0.342487 0.359249 0.375792 0.392028 0.407872 0.423237 0.438041 0.452202 0.465644 0.478295 0.490084 0.500949 0.510831 0.519677 0.52744 0.53408 0.53956 0.543852 0.546934 0.54879 0.549409 0.54879 0.546934 0.543852 0.53956 0.53408 0.52744 0.519677 0.510831 0.500949 0.490084 0.478295 0.465644 0.452202 0.438041 0.423237 0.407872 0.392028 0.375792 0.359249 0.342487 0.325594 0.308656 0.291759 0.274983 0.258409 0.242112 0.226163 0.210626 0.195564 0.18103 0.167073 0.153734 0.141051 0.129052 0.117762 0.107199 0.0973762 0.0883017 0.07998 0.0724114 0.0655937 0.059522 0.0541901 0.0495905 0.0457154 0.0425572 0.040109 0.0383647 0.03732 
0.0388361 0.0392 0.0402925 0.0421166 0.0446766 0.0479785 0.0520292 0.0568364 0.0624077 0.0687504 0.0758705 0.0837724 0.0924579 0.101926 0.112171 0.123184 0.13495 0.14745 0.160658 0.174542 0.189063 0.204178 0.219836 0.235978 0.252542 0.26946 0.286656 0.304054 0.32157 0.339119 0.356614 0.373964 0.39108 0.407872 0.42425 0.440126 0.455416 0.470037 0.48391 0.49696 0.509119 0.52032 0.530505 0.53962 0.547617 0.554455 0.560098 0.564517 0.56769 0.5696 0.570238 0.5696 0.56769 0.564517 0.560098 0.554455 0.547617 0.53962 0.530505 0.52032 0.509119 0.49696 0.48391 0.470037 0.455416 0.440126 0.42425 0.407872 0.39108 0.373964 0.356614 0.339119 0.32157 0.304054 0.286656 0.26946 0.252542 0.235978 0.219836 0.204178 0.189063 0.174542 0.160658 0.14745 0.13495 0.123184 0.112171 0.101926 0.0924579 0.0837724 0.0758705 0.0687504 0.0624077 0.0568364 0.0520292 0.0479785 0.0446766 0.0421166 0.0402925 0.0392 
0.0406691 0.0410486 0.0421879 0.0440899 0.0467592 0.0502015 0.0544238 0.0594337 0.0652388 0.0718459 0.079261 0.0874879 0.0965279 0.106379 0.117035 0.128486 0.140715 0.153702 0.167419 0.181832 0.196901 0.212579 0.228813 0.245542 0.2627 0.280217 0.298014 0.316011 0.334122 0.35226 0.370332 0.388248 0.405914 0.423237 0.440126 0.456492 0.472246 0.487305 0.501588 0.51502 0.527529 0.53905 0.549523 0.558893 0.567112 0.574138 0.579935 0.584475 0.587733 0.589695 0.59035 0.589695 0.587733 0.584475 0.579935 0.574138 0.567112 0.558893 0.549523 0.53905 0.527529 0.51502 0.501588 0.487305 0.472246 0.456492 0.440126 0.423237 0.405914 0.388248 0.370332 0.35226 0.334122 0.316011 0.298014 0.280217 0.2627 0.245542 0.228813 0.212579 0.196901 0.181832 0.167419 0.153702 0.140715 0.128486 0.117035 0.106379 0.0965279 0.0874879 0.079261 0.0718459 0.0652388 0.0594337 0.0544238 0.0502015 0.0467592 0.0440899 0.0421879 0.0410486 
0.0424587 0.0428533 0.0440381 0.0460159 0.0487911 0.0523697 0.0567585 0.0619651 0.0679967 0.0748603 0.0825612 0.0911029 0.100486 0.110708 0.121762 0.133635 0.146312 0.159769 0.173978 0.188901 0.204497 0.220717 0.237505 0.254797 0.272526 0.290617 0.30899 0.327562 0.346243 0.364942 0.383567 0.402021 0.420211 0.438041 0.455416 0.472246 0.488441 0.503915 0.518587 0.532379 0.54522 0.557043 0.567787 0.577397 0.585825 0.593028 0.598971 0.603623 0.606963 0.608973 0.609645 0.608973 0.606963 0.603623 0.598971 0.593028 0.585825 0.577397 0.567787 0.557043 0.54522 0.532379 0.518587 0.503915 0.488441 0.472246 0.455416 0.438041 0.420211 0.402021 0.383567 0.364942 0.346243 0.327562 0.30899 0.290617 0.272526 0.254797 0.237505 0.220717 0.204497 0.188901 0.173978 0.159769 0.146312 0.133635 0.121762 0.110708 0.100486 0.0911029 0.0825612 0.0748603 0.0679967 0.0619651 0.0567585 0.0523697 0.0487911 0.0460159 0.0440381 0.0428533 
0.0441926 0.0446018 0.0458304 0.0478811 0.0507585 0.0544683 0.0590175 0.0644134 0.0706632 0.0777734 0.0857492 0.0945936 0.104307 0.114885 0.12632 0.1386 0.151706 0.165614 0.180292 0.195704 0.211805 0.228542 0.245859 0.26369 0.281963 0.300601 0.319522 0.33864 0.357862 0.377095 0.396243 0.415209 0.433894 0.452202 0.470037 0.487305 0.503915 0.51978 0.534817 0.548948 0.562101 0.574207 0.585205 0.595041 0.603664 0.611033 0.617111 0.621869 0.625284 0.62734 0.628026 0.62734 0.625284 0.621869 0.617111 0.611033 0.603664 0.595041 0.585205 0.574207 0.562101 0.548948 0.534817 0.51978 0.503915 0.487305 0.470037 0.452202 0.433894 0.415209 0.396243 0.377095 0.357862 0.33864 0.319522 0.300601 0.281963 0.26369 0.245859 0.228542 0.211805 0.195704 0.180292 0.165614 0.151706 0.1386 0.12632 0.114885 0.104307 0.0945936 0.0857492 0.0777734 0.0706632 0.0644134 0.0590175 0.0544683 0.0507585 0.0478811 0.0458304 0.0446018 
0.0458584 0.0462816 0.047552 0.0496724 0.0526474 0.0564826 0.061185 0.0667617 0.0732197 0.0805655 0.0888036 0.0979366 0.107964 0.118882 0.13068 0.143347 0.156861 0.171197 0.186323 0.202199 0.218778 0.236007 0.253825 0.272165 0.290953 0.310109 0.329548 0.349181 0.368913 0.388649 0.40829 0.427736 0.446887 0.465644 0.48391 0.501588 0.518587 0.534817 0.550196 0.564643 0.578086 0.590455 0.60169 0.611735 0.62054 0.628063 0.634267 0.639123 0.642608 0.644706 0.645406 0.644706 0.642608 0.639123 0.634267 0.628063 0.62054 0.611735 0.60169 0.590455 0.578086 0.564643 0.550196 0.534817 0.518587 0.501588 0.48391 0.465644 0.446887 0.427736 0.40829 0.388649 0.368913 0.349181 0.329548 0.310109 0.290953 0.272165 0.253825 0.236007 0.218778 0.202199 0.186323 0.171197 0.156861 0.143347 0.13068 0.118882 0.107964 0.0979366 0.0888036 0.0805655 0.0732197 0.0667617 0.061185 0.0564826 0.0526474 0.0496724 0.047552 0.0462816 
0.0474439 0.0478802 0.0491903 0.0513768 0.0544442 0.0583982 0.0632456 0.0689934 0.0756486 0.0832171 0.0917033 0.101109 0.111434 0.122672 0.134814 0.147845 0.161744 0.176484 0.192031 0.208344 0.225373 0.243064 0.261354 0.280172 0.299443 0.319085 0.339009 0.359124 0.379334 0.399539 0.41964 0.439534 0.459119 0.478295 0.49696 0.51502 0.532379 0.548948 0.564643 0.579383 0.593094 0.605707 0.61716 0.627398 0.63637 0.644035 0.650355 0.655301 0.658851 0.660987 0.6617 0.660987 0.658851 0.655301 0.650355 0.644035 0.63637 0.627398 0.61716 0.605707 0.593094 0.579383 0.564643 0.548948 0.532379 0.51502 0.49696 0.478295 0.459119 0.439534 0.41964 0.399539 0.379334 0.359124 0.339009 0.319085 0.299443 0.280172 0.261354 0.243064 0.225373 0.208344 0.192031 0.176484 0.161744 0.147845 0.134814 0.122672 0.111434 0.101109 0.0917033 0.0832171 0.0756486 0.0689934 0.0632456 0.0583982 0.0544442 0.0513768 0.0491903 0.0478802 
0.0489372 0.0493859 0.0507331 0.0529816 0.0561356 0.060201 0.0651843 0.0710925 0.0779323 0.0857094 0.0944278 0.104089 0.114692 0.12623 0.138693 0.152065 0.166323 0.181441 0.19738 0.2141 0.231549 0.249671 0.268399 0.287662 0.307382 0.327474 0.347849 0.368411 0.389063 0.409703 0.430229 0.450537 0.470523 0.490084 0.509119 0.527529 0.54522 0.562101 0.578086 0.593094 0.60705 0.619887 0.63154 0.641954 0.651079 0.658873 0.665299 0.670327 0.673935 0.676107 0.676832 0.676107 0.673935 0.670327 0.665299 0.658873 0.651079 0.641954 0.63154 0.619887 0.60705 0.593094 0.578086 0.562101 0.54522 0.527529 0.509119 0.490084 0.470523 0.450537 0.430229 0.409703 0.389063 0.368411 0.347849 0.327474 0.307382 0.287662 0.268399 0.249671 0.231549 0.2141 0.19738 0.181441 0.166323 0.152065 0.138693 0.12623 0.114692 0.104089 0.0944278 0.0857094 0.0779323 0.0710925 0.0651843 0.060201 0.0561356 0.0529816 0.0507331 0.0493859 
0.0503269 0.0507871 0.0521688 0.0544746 0.057709 0.0618775 0.0669867 0.0730435 0.0800542 0.0880245 0.0969579 0.106856 0.117715 0.12953 0.14229 0.155977 0.170568 0.186033 0.202335 0.21943 0.237266 0.255784 0.274915 0.294588 0.314721 0.335227 0.356014 0.376987 0.398044 0.419083 0.439998 0.460684 0.481036 0.500949 0.52032 0.53905 0.557043 0.574207 0.590455 0.605707 0.619887 0.632925 0.644759 0.655333 0.664596 0.672507 0.679028 0.684131 0.687792 0.689995 0.69073 0.689995 0.687792 0.684131 0.679028 0.672507 0.664596 0.655333 0.644759 0.632925 0.619887 0.605707 0.590455 0.574207 0.557043 0.53905 0.52032 0.500949 0.481036 0.460684 0.439998 0.419083 0.398044 0.376987 0.356014 0.335227 0.314721 0.294588 0.274915 0.255784 0.237266 0.21943 0.202335 0.186033 0.170568 0.155977 0.14229 0.12953 0.117715 0.106856 0.0969579 0.0880245 0.0800542 0.0730435 0.0669867 0.0618775 0.057709 0.0544746 0.0521688 0.0507871 
