1.83711e-06 1.95636e-06 2.32525e-06 2.9777e-06 3.97217e-06 5.39439e-06 7.36129e-06 1.00258e-05 1.35827e-05 1.82748e-05 2.44006e-05 3.23208e-05 4.24659e-05 5.53426e-05 7.15394e-05 9.17303e-05 0.000116676 0.000147223 0.000184297 0.000228894 0.000282068 0.000344906 0.000418508 0.000503954 0.000602267 0.000714378 0.000841077 0.000982973 0.00114044 0.0013136 0.00150223 0.00170579 0.00192335 0.00215359 0.0023948 0.00264488 0.00290136 0.00316142 0.00342197 0.00367967 0.00393102 0.00417243 0.0044003 0.00461112 0.00480153 0.00496844 0.00510906 0.00522102 0.00530241 0.00535182 0.00536838 0.00535182 0.00530241 0.00522102 0.00510906 0.00496844 0.00480153 0.00461112 0.0044003 0.00417243 0.00393102 0.00367967 0.00342197 0.00316142 0.00290136 0.00264488 0.0023948 0.00215359 0.00192335 0.00170579 0.00150223 0.0013136 0.00114044 0.000982973 0.000841077 0.000714378 0.000602267 0.000503954 0.000418508 0.000344906 0.000282068 0.000228894 0.000184297 0.000147223 0.000116676 9.17303e-05 7.15394e-05 5.53426e-05 4.24659e-05 3.23208e-05 2.44006e-05 1.82748e-05 1.35827e-05 1.00258e-05 7.36129e-06 5.39439e-06 3.97217e-06 2.9777e-06 2.32525e-06 1.95636e-06 
1.95636e-06 2.083e-06 2.4747e-06 3.16733e-06 4.2227e-06 5.73144e-06 7.81704e-06 1.0641e-05 1.44088e-05 1.93766e-05 2.58588e-05 3.42353e-05 4.4959e-05 5.85628e-05 7.56647e-05 9.69721e-05 0.000123283 0.000155484 0.000194544 0.000241505 0.000297467 0.000363565 0.000440944 0.000530728 0.00063398 0.000751662 0.000884592 0.00103339 0.00119845 0.00137986 0.0015774 0.00179048 0.00201812 0.00225893 0.00251111 0.00277247 0.00304043 0.00331203 0.00358406 0.00385304 0.00411532 0.00436716 0.00460483 0.00482467 0.00502319 0.00519718 0.00534375 0.00546044 0.00554525 0.00559673 0.00561399 0.00559673 0.00554525 0.00546044 0.00534375 0.00519718 0.00502319 0.00482467 0.00460483 0.00436716 0.00411532 0.00385304 0.00358406 0.00331203 0.00304043 0.00277247 0.00251111 0.00225893 0.00201812 0.00179048 0.0015774 0.00137986 0.00119845 0.00103339 0.000884592 0.000751662 0.00063398 0.000530728 0.000440944 0.000363565 0.000297467 0.000241505 0.000194544 0.000155484 0.000123283 9.69721e-05 7.56647e-05 5.85628e-05 4.4959e-05 3.42353e-05 2.58588e-05 1.93766e-05 1.44088e-05 1.0641e-05 7.81704e-06 5.73144e-06 4.2227e-06 3.16733e-06 2.4747e-06 2.083e-06 
2.32525e-06 2.4747e-06 2.93679e-06 3.75343e-06 4.99672e-06 6.77228e-06 9.22392e-06 1.25394e-05 1.69571e-05 2.27739e-05 3.03535e-05 4.01343e-05 5.26381e-05 6.84774e-05 8.83613e-05 0.000113099 0.000143603 0.000180881 0.000226036 0.000280247 0.000344758 0.000420845 0.000509796 0.000612863 0.000731231 0.000865961 0.00101795 0.00118786 0.0013761 0.00158274 0.00180747 0.00204961 0.002308 0.00258104 0.00286669 0.00316244 0.00346536 0.00377214 0.00407914 0.00438246 0.00467801 0.00496161 0.00522908 0.00547636 0.00569956 0.00589509 0.00605975 0.0061908 0.00628604 0.00634384 0.00636321 0.00634384 0.00628604 0.0061908 0.00605975 0.00589509 0.00569956 0.00547636 0.00522908 0.00496161 0.00467801 0.00438246 0.00407914 0.00377214 0.00346536 0.00316244 0.00286669 0.00258104 0.002308 0.00204961 0.00180747 0.00158274 0.0013761 0.00118786 0.00101795 0.000865961 0.000731231 0.000612863 0.000509796 0.000420845 0.000344758 0.000280247 0.000226036 0.000180881 0.000143603 0.000113099 8.83613e-05 6.84774e-05 5.26381e-05 4.01343e-05 3.03535e-05 2.27739e-05 1.69571e-05 1.25394e-05 9.22392e-06 6.77228e-06 4.99672e-06 3.75343e-06 2.93679e-06 2.4747e-06 
2.9777e-06 3.16733e-06 3.75343e-06 4.78843e-06 6.36246e-06 8.60742e-06 1.17025e-05 1.58814e-05 2.14401e-05 2.87464e-05 3.82495e-05 5.04899e-05 6.61091e-05 8.58579e-05 0.000110603 0.00014133 0.000179147 0.000225276 0.000281045 0.000347874 0.000427248 0.000520691 0.000629728 0.000755837 0.000900402 0.00106466 0.00124962 0.00145604 0.00168433 0.00193451 0.00220617 0.0024984 0.00280976 0.0031383 0.00348152 0.0038364 0.00419941 0.0045666 0.00493362 0.00529585 0.00564845 0.00598649 0.00630504 0.00659931 0.00686475 0.00709716 0.00729278 0.00744841 0.00756147 0.00763008 0.00765308 0.00763008 0.00756147 0.00744841 0.00729278 0.00709716 0.00686475 0.00659931 0.00630504 0.00598649 0.00564845 0.00529585 0.00493362 0.0045666 0.00419941 0.0038364 0.00348152 0.0031383 0.00280976 0.0024984 0.00220617 0.00193451 0.00168433 0.00145604 0.00124962 0.00106466 0.000900402 0.000755837 0.000629728 0.000520691 0.000427248 0.000347874 0.000281045 0.000225276 0.000179147 0.00014133 0.000110603 8.58579e-05 6.61091e-05 5.04899e-05 3.82495e-05 2.87464e-05 2.14401e-05 1.58814e-05 1.17025e-05 8.60742e-06 6.36246e-06 4.78843e-06 3.75343e-06 3.16733e-06 
3.97217e-06 4.2227e-06 4.99672e-06 6.36246e-06 8.43715e-06 1.13921e-05 1.54596e-05 2.09421e-05 2.82216e-05 3.77719e-05 5.01699e-05 6.6108e-05 8.64055e-05 0.000112018 0.000144046 0.000183737 0.000232486 0.000291829 0.000363427 0.000449049 0.000550538 0.000669774 0.000808626 0.000968897 0.00115226 0.00136018 0.00159387 0.00185417 0.00214151 0.00245582 0.00279651 0.00316235 0.00355149 0.00396143 0.00438901 0.00483045 0.00528135 0.00573683 0.00619151 0.00663972 0.00707552 0.00749289 0.00788584 0.00824853 0.00857544 0.00886149 0.00910213 0.00929349 0.00943247 0.00951678 0.00954504 0.00951678 0.00943247 0.00929349 0.00910213 0.00886149 0.00857544 0.00824853 0.00788584 0.00749289 0.00707552 0.00663972 0.00619151 0.00573683 0.00528135 0.00483045 0.00438901 0.00396143 0.00355149 0.00316235 0.00279651 0.00245582 0.00214151 0.00185417 0.00159387 0.00136018 0.00115226 0.000968897 0.000808626 0.000669774 0.000550538 0.000449049 0.000363427 0.000291829 0.000232486 0.000183737 0.000144046 0.000112018 8.64055e-05 6.6108e-05 5.01699e-05 3.77719e-05 2.82216e-05 2.09421e-05 1.54596e-05 1.13921e-05 8.43715e-06 6.36246e-06 4.99672e-06 4.2227e-06 
5.39439e-06 5.73144e-06 6.77228e-06 8.60742e-06 1.13921e-05 1.53529e-05 2.07966e-05 2.81216e-05 3.78305e-05 5.05446e-05 6.70186e-05 8.81559e-05 0.000115022 0.000148857 0.000191082 0.000243305 0.000307316 0.00038508 0.000478714 0.00059046 0.000722643 0.000877626 0.00105774 0.00126522 0.00150212 0.00177022 0.00207095 0.00240528 0.00277364 0.00317584 0.00361098 0.00407742 0.00457272 0.00509362 0.00563607 0.00619523 0.00676554 0.00734082 0.00791435 0.00847901 0.00902741 0.00955206 0.0100455 0.0105006 0.0109105 0.0112689 0.0115702 0.0118097 0.0119836 0.0120891 0.0121244 0.0120891 0.0119836 0.0118097 0.0115702 0.0112689 0.0109105 0.0105006 0.0100455 0.00955206 0.00902741 0.00847901 0.00791435 0.00734082 0.00676554 0.00619523 0.00563607 0.00509362 0.00457272 0.00407742 0.00361098 0.00317584 0.00277364 0.00240528 0.00207095 0.00177022 0.00150212 0.00126522 0.00105774 0.000877626 0.000722643 0.00059046 0.000478714 0.00038508 0.000307316 0.000243305 0.000191082 0.000148857 0.000115022 8.81559e-05 6.70186e-05 5.05446e-05 3.78305e-05 2.81216e-05 2.07966e-05 1.53529e-05 1.13921e-05 8.60742e-06 6.77228e-06 5.73144e-06 
7.36129e-06 7.81704e-06 9.22392e-06 1.17025e-05 1.54596e-05 2.07966e-05 2.81209e-05 3.79604e-05 5.09797e-05 6.79984e-05 9.00097e-05 0.000118199 0.000153961 0.000198911 0.0002549 0.000324011 0.000408556 0.000511061 0.00063424 0.000780952 0.000954152 0.00115682 0.00139188 0.00166213 0.00197008 0.00231791 0.00270732 0.00313941 0.00361459 0.00413246 0.00469174 0.00529019 0.00592457 0.00659064 0.00728315 0.00799589 0.00872178 0.00945297 0.010181 0.0108968 0.0115912 0.0122549 0.0128785 0.0134531 0.0139702 0.014422 0.0148017 0.0151034 0.0153224 0.0154552 0.0154996 0.0154552 0.0153224 0.0151034 0.0148017 0.014422 0.0139702 0.0134531 0.0128785 0.0122549 0.0115912 0.0108968 0.010181 0.00945297 0.00872178 0.00799589 0.00728315 0.00659064 0.00592457 0.00529019 0.00469174 0.00413246 0.00361459 0.00313941 0.00270732 0.00231791 0.00197008 0.00166213 0.00139188 0.00115682 0.000954152 0.000780952 0.00063424 0.000511061 0.000408556 0.000324011 0.0002549 0.000198911 0.000153961 0.000118199 9.00097e-05 6.79984e-05 5.09797e-05 3.79604e-05 2.81209e-05 2.07966e-05 1.54596e-05 1.17025e-05 9.22392e-06 7.81704e-06 
1.00258e-05 1.0641e-05 1.25394e-05 1.58814e-05 2.09421e-05 2.81216e-05 3.79604e-05 5.11569e-05 6.85889e-05 9.13364e-05 0.000120704 0.000158247 0.000205785 0.000265427 0.000339573 0.000430921 0.000542453 0.000677417 0.000839283 0.0010317 0.0012584 0.00152316 0.00182963 0.00218128 0.00258122 0.00303208 0.00353587 0.00409382 0.00470626 0.00537251 0.00609073 0.00685791 0.00766977 0.00852077 0.00940413 0.0103119 0.0112351 0.0121636 0.013087 0.0139937 0.0148724 0.0157111 0.0164985 0.0172234 0.0178753 0.0184445 0.0189225 0.0193022 0.0195776 0.0197446 0.0198006 0.0197446 0.0195776 0.0193022 0.0189225 0.0184445 0.0178753 0.0172234 0.0164985 0.0157111 0.0148724 0.0139937 0.013087 0.0121636 0.0112351 0.0103119 0.00940413 0.00852077 0.00766977 0.00685791 0.00609073 0.00537251 0.00470626 0.00409382 0.00353587 0.00303208 0.00258122 0.00218128 0.00182963 0.00152316 0.0012584 0.0010317 0.000839283 0.000677417 0.000542453 0.000430921 0.000339573 0.000265427 0.000205785 0.000158247 0.000120704 9.13364e-05 6.85889e-05 5.11569e-05 3.79604e-05 2.81216e-05 2.09421e-05 1.58814e-05 1.25394e-05 1.0641e-05 
1.35827e-05 1.44088e-05 1.69571e-05 2.14401e-05 2.82216e-05 3.78305e-05 5.09797e-05 6.85889e-05 9.18118e-05 0.000122064 0.000161051 0.000210801 0.000273682 0.000352426 0.000450136 0.000570286 0.000716705 0.000893541 0.00110522 0.00135635 0.00165166 0.00199587 0.00239354 0.00284893 0.00336586 0.00394747 0.00459612 0.00531315 0.00609875 0.00695179 0.00786973 0.00884851 0.00988252 0.0109646 0.012086 0.0132365 0.0144049 0.0155785 0.0167438 0.0178869 0.0189931 0.0200481 0.0210374 0.0219474 0.0227651 0.0234786 0.0240775 0.0245529 0.0248977 0.0251067 0.0251767 0.0251067 0.0248977 0.0245529 0.0240775 0.0234786 0.0227651 0.0219474 0.0210374 0.0200481 0.0189931 0.0178869 0.0167438 0.0155785 0.0144049 0.0132365 0.012086 0.0109646 0.00988252 0.00884851 0.00786973 0.00695179 0.00609875 0.00531315 0.00459612 0.00394747 0.00336586 0.00284893 0.00239354 0.00199587 0.00165166 0.00135635 0.00110522 0.000893541 0.000716705 0.000570286 0.000450136 0.000352426 0.000273682 0.000210801 0.000161051 0.000122064 9.18118e-05 6.85889e-05 5.09797e-05 3.78305e-05 2.82216e-05 2.14401e-05 1.69571e-05 1.44088e-05 
1.82748e-05 1.93766e-05 2.27739e-05 2.87464e-05 3.77719e-05 5.05446e-05 6.79984e-05 9.13364e-05 0.000122064 0.000162023 0.000213432 0.000278912 0.000361526 0.000464788 0.000592682 0.00074965 0.000940569 0.00117071 0.00144565 0.00177121 0.0021533 0.00259777 0.00311027 0.00369602 0.00435962 0.00510481 0.0059343 0.00684947 0.00785027 0.00893498 0.0101001 0.0113402 0.012648 0.0140143 0.0154279 0.0168761 0.0183444 0.0198171 0.0212776 0.0227082 0.0240911 0.0254085 0.0266427 0.0277768 0.0287951 0.029683 0.0304279 0.0310189 0.0314474 0.031707 0.031794 0.031707 0.0314474 0.0310189 0.0304279 0.029683 0.0287951 0.0277768 0.0266427 0.0254085 0.0240911 0.0227082 0.0212776 0.0198171 0.0183444 0.0168761 0.0154279 0.0140143 0.012648 0.0113402 0.0101001 0.00893498 0.00785027 0.00684947 0.0059343 0.00510481 0.00435962 0.00369602 0.00311027 0.00259777 0.0021533 0.00177121 0.00144565 0.00117071 0.000940569 0.00074965 0.000592682 0.000464788 0.000361526 0.000278912 0.000213432 0.000162023 0.000122064 9.13364e-05 6.79984e-05 5.05446e-05 3.77719e-05 2.87464e-05 2.27739e-05 1.93766e-05 
2.44006e-05 2.58588e-05 3.03535e-05 3.82495e-05 5.01699e-05 6.70186e-05 9.00097e-05 0.000120704 0.000161051 0.000213432 0.0002807 0.000366229 0.000473938 0.000608319 0.00077444 0.000977937 0.00122497 0.00152218 0.00187656 0.00229535 0.00278589 0.0033554 0.00401076 0.00475831 0.00560354 0.00655084 0.00760322 0.00876209 0.0100269 0.0113953 0.0128623 0.0144209 0.0160617 0.0177729 0.0195405 0.0213483 0.0231784 0.0250114 0.0268265 0.0286022 0.0303166 0.0319479 0.0334746 0.0348762 0.0361336 0.0372293 0.0381479 0.0388763 0.0394043 0.0397241 0.0398313 0.0397241 0.0394043 0.0388763 0.0381479 0.0372293 0.0361336 0.0348762 0.0334746 0.0319479 0.0303166 0.0286022 0.0268265 0.0250114 0.0231784 0.0213483 0.0195405 0.0177729 0.0160617 0.0144209 0.0128623 0.0113953 0.0100269 0.00876209 0.00760322 0.00655084 0.00560354 0.00475831 0.00401076 0.0033554 0.00278589 0.00229535 0.00187656 0.00152218 0.00122497 0.000977937 0.00077444 0.000608319 0.000473938 0.000366229 0.0002807 0.000213432 0.000161051 0.000120704 9.00097e-05 6.70186e-05 5.01699e-05 3.82495e-05 3.03535e-05 2.58588e-05 
3.23208e-05 3.42353e-05 4.01343e-05 5.04899e-05 6.6108e-05 8.81559e-05 0.000118199 0.000158247 0.000210801 0.000278912 0.000366229 0.000477047 0.000616346 0.000789814 0.00100385 0.00126553 0.00158259 0.0019633 0.00241634 0.00295066 0.00357527 0.00429898 0.00513013 0.00607628 0.00714391 0.00833807 0.00966207 0.0111172 0.0127022 0.0144137 0.0162451 0.0181872 0.020228 0.0223527 0.0245435 0.0267805 0.0290415 0.0313026 0.0335385 0.0357229 0.0378292 0.039831 0.0417024 0.0434189 0.0449574 0.0462971 0.0474196 0.0483092 0.0489538 0.0493442 0.0494749 0.0493442 0.0489538 0.0483092 0.0474196 0.0462971 0.0449574 0.0434189 0.0417024 0.039831 0.0378292 0.0357229 0.0335385 0.0313026 0.0290415 0.0267805 0.0245435 0.0223527 0.020228 0.0181872 0.0162451 0.0144137 0.0127022 0.0111172 0.00966207 0.00833807 0.00714391 0.00607628 0.00513013 0.00429898 0.00357527 0.00295066 0.00241634 0.0019633 0.00158259 0.00126553 0.00100385 0.000789814 0.000616346 0.000477047 0.000366229 0.000278912 0.000210801 0.000158247 0.000118199 8.81559e-05 6.6108e-05 5.04899e-05 4.01343e-05 3.42353e-05 
4.24659e-05 4.4959e-05 5.26381e-05 6.61091e-05 8.64055e-05 0.000115022 0.000153961 0.000205785 0.000273682 0.000361526 0.000473938 0.000616346 0.000795021 0.0010171 0.00129059 0.00162433 0.00202788 0.00251149 0.00308583 0.00376186 0.00455051 0.00546242 0.00650758 0.00769491 0.00903196 0.0105244 0.0121758 0.013987 0.0159561 0.0180779 0.0203441 0.0227427 0.0252585 0.0278728 0.0305638 0.0333069 0.0360749 0.0388386 0.0415674 0.0442296 0.0467934 0.0492269 0.0514995 0.0535818 0.0554465 0.057069 0.0584275 0.0595038 0.0602831 0.0607551 0.0609131 0.0607551 0.0602831 0.0595038 0.0584275 0.057069 0.0554465 0.0535818 0.0514995 0.0492269 0.0467934 0.0442296 0.0415674 0.0388386 0.0360749 0.0333069 0.0305638 0.0278728 0.0252585 0.0227427 0.0203441 0.0180779 0.0159561 0.013987 0.0121758 0.0105244 0.00903196 0.00769491 0.00650758 0.00546242 0.00455051 0.00376186 0.00308583 0.00251149 0.00202788 0.00162433 0.00129059 0.0010171 0.000795021 0.000616346 0.000473938 0.000361526 0.000273682 0.000205785 0.000153961 0.000115022 8.64055e-05 6.61091e-05 5.26381e-05 4.4959e-05 
5.53426e-05 5.85628e-05 6.84774e-05 8.58579e-05 0.000112018 0.000148857 0.000198911 0.000265427 0.000352426 0.000464788 0.000608319 0.000789814 0.0010171 0.00129907 0.00164563 0.00206771 0.00257708 0.00318625 0.00390826 0.00475636 0.00574371 0.00688302 0.00818607 0.00966331 0.0113233 0.0131725 0.0152142 0.017449 0.0198735 0.0224809 0.0252601 0.028196 0.0312693 0.034457 0.0377323 0.0410651 0.0444224 0.0477691 0.0510684 0.0542826 0.0573736 0.0603039 0.0630373 0.0655392 0.0677776 0.0697237 0.071352 0.0726413 0.0735746 0.0741395 0.0743287 0.0741395 0.0735746 0.0726413 0.071352 0.0697237 0.0677776 0.0655392 0.0630373 0.0603039 0.0573736 0.0542826 0.0510684 0.0477691 0.0444224 0.0410651 0.0377323 0.034457 0.0312693 0.028196 0.0252601 0.0224809 0.0198735 0.017449 0.0152142 0.0131725 0.0113233 0.00966331 0.00818607 0.00688302 0.00574371 0.00475636 0.00390826 0.00318625 0.00257708 0.00206771 0.00164563 0.00129907 0.0010171 0.000789814 0.000608319 0.000464788 0.000352426 0.000265427 0.000198911 0.000148857 0.000112018 8.58579e-05 6.84774e-05 5.85628e-05 
7.15394e-05 7.56647e-05 8.83613e-05 0.000110603 0.000144046 0.000191082 0.0002549 0.000339573 0.000450136 0.000592682 0.00077444 0.00100385 0.00129059 0.00164563 0.00208116 0.00261053 0.00324809 0.00400903 0.00490906 0.00596407 0.00718974 0.00860106 0.0102118 0.012034 0.0140773 0.0163485 0.0188509 0.0215842 0.0245433 0.027719 0.0310969 0.0346581 0.0383787 0.0422303 0.0461802 0.0501921 0.0542264 0.0582413 0.062193 0.0660368 0.0697282 0.0732231 0.0764791 0.0794562 0.0821172 0.0844287 0.0863614 0.0878908 0.0889975 0.0896672 0.0898914 0.0896672 0.0889975 0.0878908 0.0863614 0.0844287 0.0821172 0.0794562 0.0764791 0.0732231 0.0697282 0.0660368 0.062193 0.0582413 0.0542264 0.0501921 0.0461802 0.0422303 0.0383787 0.0346581 0.0310969 0.027719 0.0245433 0.0215842 0.0188509 0.0163485 0.0140773 0.012034 0.0102118 0.00860106 0.00718974 0.00596407 0.00490906 0.00400903 0.00324809 0.00261053 0.00208116 0.00164563 0.00129059 0.00100385 0.00077444 0.000592682 0.000450136 0.000339573 0.0002549 0.000191082 0.000144046 0.000110603 8.83613e-05 7.56647e-05 
9.17303e-05 9.69721e-05 0.000113099 0.00014133 0.000183737 0.000243305 0.000324011 0.000430921 0.000570286 0.00074965 0.000977937 0.00126553 0.00162433 0.00206771 0.00261053 0.00326897 0.00406039 0.00500301 0.00611559 0.007417 0.00892573 0.0106592 0.0126334 0.014862 0.0173554 0.020121 0.0231616 0.0264754 0.0300553 0.033889 0.0379583 0.0422394 0.046703 0.0513144 0.0560345 0.0608195 0.0656226 0.0703942 0.0750828 0.0796364 0.0840029 0.0881313 0.0919727 0.095481 0.0986137 0.101332 0.103604 0.105401 0.1067 0.107486 0.107749 0.107486 0.1067 0.105401 0.103604 0.101332 0.0986137 0.095481 0.0919727 0.0881313 0.0840029 0.0796364 0.0750828 0.0703942 0.0656226 0.0608195 0.0560345 0.0513144 0.046703 0.0422394 0.0379583 0.033889 0.0300553 0.0264754 0.0231616 0.020121 0.0173554 0.014862 0.0126334 0.0106592 0.00892573 0.007417 0.00611559 0.00500301 0.00406039 0.00326897 0.00261053 0.00206771 0.00162433 0.00126553 0.000977937 0.00074965 0.000570286 0.000430921 0.000324011 0.000243305 0.000183737 0.00014133 0.000113099 9.69721e-05 
0.000116676 0.000123283 0.000143603 0.000179147 0.000232486 0.000307316 0.000408556 0.000542453 0.000716705 0.000940569 0.00122497 0.00158259 0.00202788 0.00257708 0.00324809 0.00406039 0.00503472 0.00619276 0.00755672 0.00914878 0.0109904 0.0131019 0.0155012 0.0182037 0.0212207 0.0245595 0.0282222 0.0322051 0.0364984 0.041086 0.0459449 0.0510457 0.0563528 0.0618244 0.0674135 0.0730686 0.0787343 0.0843526 0.0898637 0.0952073 0.100323 0.105154 0.109643 0.113737 0.117389 0.120556 0.1232 0.12529 0.126801 0.127714 0.12802 0.127714 0.126801 0.12529 0.1232 0.120556 0.117389 0.113737 0.109643 0.105154 0.100323 0.0952073 0.0898637 0.0843526 0.0787343 0.0730686 0.0674135 0.0618244 0.0563528 0.0510457 0.0459449 0.041086 0.0364984 0.0322051 0.0282222 0.0245595 0.0212207 0.0182037 0.0155012 0.0131019 0.0109904 0.00914878 0.00755672 0.00619276 0.00503472 0.00406039 0.00324809 0.00257708 0.00202788 0.00158259 0.00122497 0.000940569 0.000716705 0.000542453 0.000408556 0.000307316 0.000232486 0.000179147 0.000143603 0.000123283 
0.000147223 0.000155484 0.000180881 0.000225276 0.000291829 0.00038508 0.000511061 0.000677417 0.000893541 0.00117071 0.00152218 0.0019633 0.00251149 0.00318625 0.00400903 0.00500301 0.00619276 0.00760387 0.00926233 0.0111939 0.0134235 0.015974 0.0188657 0.0221155 0.0257353 0.0297322 0.0341067 0.0388529 0.0439574 0.0493994 0.0551505 0.0611746 0.0674286 0.0738628 0.0804216 0.0870443 0.0936665 0.100221 0.106639 0.112851 0.118789 0.124387 0.129582 0.134315 0.138533 0.142186 0.145233 0.14764 0.14938 0.150431 0.150783 0.150431 0.14938 0.14764 0.145233 0.142186 0.138533 0.134315 0.129582 0.124387 0.118789 0.112851 0.106639 0.100221 0.0936665 0.0870443 0.0804216 0.0738628 0.0674286 0.0611746 0.0551505 0.0493994 0.0439574 0.0388529 0.0341067 0.0297322 0.0257353 0.0221155 0.0188657 0.015974 0.0134235 0.0111939 0.00926233 0.00760387 0.00619276 0.00500301 0.00400903 0.00318625 0.00251149 0.0019633 0.00152218 0.00117071 0.000893541 0.000677417 0.000511061 0.00038508 0.000291829 0.000225276 0.000180881 0.000155484 
0.000184297 0.000194544 0.000226036 0.000281045 0.000363427 0.000478714 0.00063424 0.000839283 0.00110522 0.00144565 0.00187656 0.00241634 0.00308583 0.00390826 0.00490906 0.00611559 0.00755672 0.00926233 0.0112626 0.0135871 0.0162642 0.0193199 0.0227765 0.026652 0.0309591 0.0357036 0.0408845 0.0464924 0.0525097 0.0589101 0.0656584 0.072711 0.0800165 0.0875158 0.0951438 0.10283 0.1105 0.118077 0.125482 0.132637 0.139465 0.145892 0.151848 0.157267 0.16209 0.166264 0.169742 0.172488 0.174471 0.175669 0.17607 0.175669 0.174471 0.172488 0.169742 0.166264 0.16209 0.157267 0.151848 0.145892 0.139465 0.132637 0.125482 0.118077 0.1105 0.10283 0.0951438 0.0875158 0.0800165 0.072711 0.0656584 0.0589101 0.0525097 0.0464924 0.0408845 0.0357036 0.0309591 0.026652 0.0227765 0.0193199 0.0162642 0.0135871 0.0112626 0.00926233 0.00755672 0.00611559 0.00490906 0.00390826 0.00308583 0.00241634 0.00187656 0.00144565 0.00110522 0.000839283 0.00063424 0.000478714 0.000363427 0.000281045 0.000226036 0.000194544 
0.000228894 0.000241505 0.000280247 0.000347874 0.000449049 0.00059046 0.000780952 0.0010317 0.00135635 0.00177121 0.00229535 0.00295066 0.00376186 0.00475636 0.00596407 0.007417 0.00914878 0.0111939 0.0135871 0.0163621 0.0195508 0.0231821 0.0272803 0.0318646 0.0369473 0.0425331 0.048618 0.0551889 0.0622226 0.0696864 0.0775374 0.0857233 0.094183 0.102848 0.111641 0.120483 0.129287 0.137967 0.146433 0.154599 0.162377 0.169687 0.176451 0.182597 0.18806 0.192783 0.196716 0.199818 0.202057 0.20341 0.203862 0.20341 0.202057 0.199818 0.196716 0.192783 0.18806 0.182597 0.176451 0.169687 0.162377 0.154599 0.146433 0.137967 0.129287 0.120483 0.111641 0.102848 0.094183 0.0857233 0.0775374 0.0696864 0.0622226 0.0551889 0.048618 0.0425331 0.0369473 0.0318646 0.0272803 0.0231821 0.0195508 0.0163621 0.0135871 0.0111939 0.00914878 0.007417 0.00596407 0.00475636 0.00376186 0.00295066 0.00229535 0.00177121 0.00135635 0.0010317 0.000780952 0.00059046 0.000449049 0.000347874 0.000280247 0.000241505 
0.000282068 0.000297467 0.000344758 0.000427248 0.000550538 0.000722643 0.000954152 0.0012584 0.00165166 0.0021533 0.00278589 0.00357527 0.00455051 0.00574371 0.00718974 0.00892573 0.0109904 0.0134235 0.0162642 0.0195508 0.0233188 0.0275997 0.0324199 0.0377989 0.0437485 0.0502713 0.0573597 0.0649956 0.0731495 0.0817808 0.090838 0.100259 0.109972 0.119896 0.129945 0.140027 0.150044 0.159898 0.169491 0.178725 0.187506 0.195744 0.203354 0.210259 0.216389 0.221683 0.226087 0.229558 0.232062 0.233574 0.23408 0.233574 0.232062 0.229558 0.226087 0.221683 0.216389 0.210259 0.203354 0.195744 0.187506 0.178725 0.169491 0.159898 0.150044 0.140027 0.129945 0.119896 0.109972 0.100259 0.090838 0.0817808 0.0731495 0.0649956 0.0573597 0.0502713 0.0437485 0.0377989 0.0324199 0.0275997 0.0233188 0.0195508 0.0162642 0.0134235 0.0109904 0.00892573 0.00718974 0.00574371 0.00455051 0.00357527 0.00278589 0.0021533 0.00165166 0.0012584 0.000954152 0.000722643 0.000550538 0.000427248 0.000344758 0.000297467 
0.000344906 0.000363565 0.000420845 0.000520691 0.000669774 0.000877626 0.00115682 0.00152316 0.00199587 0.00259777 0.0033554 0.00429898 0.00546242 0.00688302 0.00860106 0.0106592 0.0131019 0.015974 0.0193199 0.0231821 0.0275997 0.032607 0.0382316 0.0444933 0.0514024 0.0589584 0.0671495 0.0759512 0.0853267 0.0952264 0.105589 0.11634 0.127398 0.13867 0.150056 0.161452 0.172749 0.183839 0.194612 0.204961 0.214783 0.223982 0.232466 0.240152 0.246967 0.252845 0.25773 0.261577 0.264351 0.266025 0.266585 0.266025 0.264351 0.261577 0.25773 0.252845 0.246967 0.240152 0.232466 0.223982 0.214783 0.204961 0.194612 0.183839 0.172749 0.161452 0.150056 0.13867 0.127398 0.11634 0.105589 0.0952264 0.0853267 0.0759512 0.0671495 0.0589584 0.0514024 0.0444933 0.0382316 0.032607 0.0275997 0.0231821 0.0193199 0.015974 0.0131019 0.0106592 0.00860106 0.00688302 0.00546242 0.00429898 0.0033554 0.00259777 0.00199587 0.00152316 0.00115682 0.000877626 0.000669774 0.000520691 0.000420845 0.000363565 
0.000418508 0.000440944 0.000509796 0.000629728 0.000808626 0.00105774 0.00139188 0.00182963 0.00239354 0.00311027 0.00401076 0.00513013 0.00650758 0.00818607 0.0102118 0.0126334 0.0155012 0.0188657 0.0227765 0.0272803 0.0324199 0.0382316 0.0447442 0.0519768 0.0599374 0.0686217 0.0780122 0.0880772 0.098771 0.110034 0.121793 0.133963 0.146448 0.159143 0.171935 0.184708 0.19734 0.209712 0.221704 0.2332 0.24409 0.254269 0.263641 0.272119 0.279625 0.286092 0.291461 0.295685 0.298728 0.300565 0.301179 0.300565 0.298728 0.295685 0.291461 0.286092 0.279625 0.272119 0.263641 0.254269 0.24409 0.2332 0.221704 0.209712 0.19734 0.184708 0.171935 0.159143 0.146448 0.133963 0.121793 0.110034 0.098771 0.0880772 0.0780122 0.0686217 0.0599374 0.0519768 0.0447442 0.0382316 0.0324199 0.0272803 0.0227765 0.0188657 0.0155012 0.0126334 0.0102118 0.00818607 0.00650758 0.00513013 0.00401076 0.00311027 0.00239354 0.00182963 0.00139188 0.00105774 0.000808626 0.000629728 0.000509796 0.000440944 
0.000503954 0.000530728 0.000612863 0.000755837 0.000968897 0.00126522 0.00166213 0.00218128 0.00284893 0.00369602 0.00475831 0.00607628 0.00769491 0.00966331 0.012034 0.014862 0.0182037 0.0221155 0.026652 0.0318646 0.0377989 0.0444933 0.0519768 0.060267 0.0693689 0.0792732 0.0899553 0.101375 0.113477 0.12619 0.139428 0.153093 0.167075 0.181256 0.195509 0.209705 0.223711 0.237396 0.25063 0.26329 0.275257 0.286422 0.296683 0.30595 0.314142 0.321191 0.327037 0.331632 0.334941 0.336937 0.337604 0.336937 0.334941 0.331632 0.327037 0.321191 0.314142 0.30595 0.296683 0.286422 0.275257 0.26329 0.25063 0.237396 0.223711 0.209705 0.195509 0.181256 0.167075 0.153093 0.139428 0.12619 0.113477 0.101375 0.0899553 0.0792732 0.0693689 0.060267 0.0519768 0.0444933 0.0377989 0.0318646 0.026652 0.0221155 0.0182037 0.014862 0.012034 0.00966331 0.00769491 0.00607628 0.00475831 0.00369602 0.00284893 0.00218128 0.00166213 0.00126522 0.000968897 0.000755837 0.000612863 0.000530728 
0.000602267 0.00063398 0.000731231 0.000900402 0.00115226 0.00150212 0.00197008 0.00258122 0.00336586 0.00435962 0.00560354 0.00714391 0.00903196 0.0113233 0.0140773 0.0173554 0.0212207 0.0257353 0.0309591 0.0369473 0.0437485 0.0514024 0.0599374 0.0693689 0.0796976 0.0909079 0.102967 0.115825 0.129416 0.143654 0.15844 0.173663 0.189198 0.204912 0.220665 0.236314 0.251715 0.266726 0.281208 0.29503 0.308068 0.320207 0.331343 0.341382 0.350244 0.357857 0.364165 0.369119 0.372683 0.374832 0.375549 0.374832 0.372683 0.369119 0.364165 0.357857 0.350244 0.341382 0.331343 0.320207 0.308068 0.29503 0.281208 0.266726 0.251715 0.236314 0.220665 0.204912 0.189198 0.173663 0.15844 0.143654 0.129416 0.115825 0.102967 0.0909079 0.0796976 0.0693689 0.0599374 0.0514024 0.0437485 0.0369473 0.0309591 0.0257353 0.0212207 0.0173554 0.0140773 0.0113233 0.00903196 0.00714391 0.00560354 0.00435962 0.00336586 0.00258122 0.00197008 0.00150212 0.00115226 0.000900402 0.000731231 0.00063398 
0.000714378 0.000751662 0.000865961 0.00106466 0.00136018 0.00177022 0.00231791 0.00303208 0.00394747 0.00510481 0.00655084 0.00833807 0.0105244 0.0131725 0.0163485 0.020121 0.0245595 0.0297322 0.0357036 0.0425331 0.0502713 0.0589584 0.0686217 0.0792732 0.0909079 0.103503 0.117016 0.131386 0.146533 0.162358 0.178749 0.195578 0.212704 0.22998 0.247252 0.264366 0.281164 0.297495 0.313212 0.328177 0.342262 0.355347 0.367327 0.378109 0.38761 0.395761 0.402506 0.407799 0.411603 0.413896 0.414662 0.413896 0.411603 0.407799 0.402506 0.395761 0.38761 0.378109 0.367327 0.355347 0.342262 0.328177 0.313212 0.297495 0.281164 0.264366 0.247252 0.22998 0.212704 0.195578 0.178749 0.162358 0.146533 0.131386 0.117016 0.103503 0.0909079 0.0792732 0.0686217 0.0589584 0.0502713 0.0425331 0.0357036 0.0297322 0.0245595 0.020121 0.0163485 0.0131725 0.0105244 0.00833807 0.00655084 0.00510481 0.00394747 0.00303208 0.00231791 0.00177022 0.00136018 0.00106466 0.000865961 0.000751662 
0.000841077 0.000884592 0.00101795 0.00124962 0.00159387 0.00207095 0.00270732 0.00353587 0.00459612 0.0059343 0.00760322 0.00966207 0.0121758 0.0152142 0.0188509 0.0231616 0.0282222 0.0341067 0.0408845 0.048618 0.0573597 0.0671495 0.0780122 0.0899553 0.102967 0.117016 0.132048 0.147991 0.164749 0.18221 0.200245 0.218708 0.237446 0.256295 0.275088 0.293657 0.311834 0.32946 0.34638 0.36245 0.377539 0.391527 0.404307 0.415787 0.425886 0.434537 0.441687 0.447291 0.451316 0.453741 0.45455 0.453741 0.451316 0.447291 0.441687 0.434537 0.425886 0.415787 0.404307 0.391527 0.377539 0.36245 0.34638 0.32946 0.311834 0.293657 0.275088 0.256295 0.237446 0.218708 0.200245 0.18221 0.164749 0.147991 0.132048 0.117016 0.102967 0.0899553 0.0780122 0.0671495 0.0573597 0.048618 0.0408845 0.0341067 0.0282222 0.0231616 0.0188509 0.0152142 0.0121758 0.00966207 0.00760322 0.0059343 0.00459612 0.00353587 0.00270732 0.00207095 0.00159387 0.00124962 0.00101795 0.000884592 
0.000982973 0.00103339 0.00118786 0.00145604 0.00185417 0.00240528 0.00313941 0.00409382 0.00531315 0.00684947 0.00876209 0.0111172 0.013987 0.017449 0.0215842 0.0264754 0.0322051 0.0388529 0.0464924 0.0551889 0.0649956 0.0759512 0.0880772 0.101375 0.115825 0.131386 0.147991 0.165553 0.183962 0.20309 0.222789 0.242899 0.26325 0.283662 0.303956 0.323951 0.343471 0.362346 0.380418 0.397538 0.413573 0.428404 0.441925 0.454046 0.46469 0.473794 0.481307 0.48719 0.491412 0.493954 0.494802 0.493954 0.491412 0.48719 0.481307 0.473794 0.46469 0.454046 0.441925 0.428404 0.413573 0.397538 0.380418 0.362346 0.343471 0.323951 0.303956 0.283662 0.26325 0.242899 0.222789 0.20309 0.183962 0.165553 0.147991 0.131386 0.115825 0.101375 0.0880772 0.0759512 0.0649956 0.0551889 0.0464924 0.0388529 0.0322051 0.0264754 0.0215842 0.017449 0.013987 0.0111172 0.00876209 0.00684947 0.00531315 0.00409382 0.00313941 0.00240528 0.00185417 0.00145604 0.00118786 0.00103339 
0.00114044 0.00119845 0.0013761 0.00168433 0.00214151 0.00277364 0.00361459 0.00470626 0.00609875 0.00785027 0.0100269 0.0127022 0.0159561 0.0198735 0.0245433 0.0300553 0.0364984 0.0439574 0.0525097 0.0622226 0.0731495 0.0853267 0.098771 0.113477 0.129416 0.146533 0.164749 0.183962 0.204045 0.224852 0.246219 0.267969 0.289914 0.311862 0.333618 0.354991 0.375796 0.395857 0.415011 0.433109 0.450017 0.465617 0.479807 0.492501 0.503627 0.513128 0.520957 0.52708 0.531471 0.534113 0.534994 0.534113 0.531471 0.52708 0.520957 0.513128 0.503627 0.492501 0.479807 0.465617 0.450017 0.433109 0.415011 0.395857 0.375796 0.354991 0.333618 0.311862 0.289914 0.267969 0.246219 0.224852 0.204045 0.183962 0.164749 0.146533 0.129416 0.113477 0.098771 0.0853267 0.0731495 0.0622226 0.0525097 0.0439574 0.0364984 0.0300553 0.0245433 0.0198735 0.0159561 0.0127022 0.0100269 0.00785027 0.00609875 0.00470626 0.00361459 0.00277364 0.00214151 0.00168433 0.0013761 0.00119845 
0.0013136 0.00137986 0.00158274 0.00193451 0.00245582 0.00317584 0.00413246 0.00537251 0.00695179 0.00893498 0.0113953 0.0144137 0.0180779 0.0224809 0.027719 0.033889 0.041086 0.0493994 0.0589101 0.0696864 0.0817808 0.0952264 0.110034 0.12619 0.143654 0.162358 0.18221 0.20309 0.224852 0.247334 0.270354 0.293716 0.317218 0.340652 0.363812 0.386496 0.408512 0.429679 0.449832 0.468821 0.486513 0.502796 0.517572 0.530761 0.542299 0.552134 0.560226 0.566547 0.571076 0.573798 0.574707 0.573798 0.571076 0.566547 0.560226 0.552134 0.542299 0.530761 0.517572 0.502796 0.486513 0.468821 0.449832 0.429679 0.408512 0.386496 0.363812 0.340652 0.317218 0.293716 0.270354 0.247334 0.224852 0.20309 0.18221 0.162358 0.143654 0.12619 0.110034 0.0952264 0.0817808 0.0696864 0.0589101 0.0493994 0.041086 0.033889 0.027719 0.0224809 0.0180779 0.0144137 0.0113953 0.00893498 0.00695179 0.00537251 0.00413246 0.00317584 0.00245582 0.00193451 0.00158274 0.00137986 
0.00150223 0.0015774 0.00180747 0.00220617 0.00279651 0.00361098 0.00469174 0.00609073 0.00786973 0.0101001 0.0128623 0.0162451 0.0203441 0.0252601 0.0310969 0.0379583 0.0459449 0.0551505 0.0656584 0.0775374 0.090838 0.105589 0.121793 0.139428 0.15844 0.178749 0.200245 0.222789 0.246219 0.270354 0.294992 0.319922 0.344925 0.369779 0.394268 0.41818 0.441316 0.463494 0.484547 0.504327 0.522706 0.539576 0.554847 0.568446 0.580318 0.59042 0.598718 0.605192 0.609825 0.612608 0.613537 0.612608 0.609825 0.605192 0.598718 0.59042 0.580318 0.568446 0.554847 0.539576 0.522706 0.504327 0.484547 0.463494 0.441316 0.41818 0.394268 0.369779 0.344925 0.319922 0.294992 0.270354 0.246219 0.222789 0.200245 0.178749 0.15844 0.139428 0.121793 0.105589 0.090838 0.0775374 0.0656584 0.0551505 0.0459449 0.0379583 0.0310969 0.0252601 0.0203441 0.0162451 0.0128623 0.0101001 0.00786973 0.00609073 0.00469174 0.00361098 0.00279651 0.00220617 0.00180747 0.0015774 
0.00170579 0.00179048 0.00204961 0.0024984 0.00316235 0.00407742 0.00529019 0.00685791 0.00884851 0.0113402 0.0144209 0.0181872 0.0227427 0.028196 0.0346581 0.0422394 0.0510457 0.0611746 0.072711 0.0857233 0.100259 0.11634 0.133963 0.153093 0.173663 0.195578 0.218708 0.242899 0.267969 0.293716 0.319922 0.346358 0.372789 0.398982 0.424708 0.44975 0.473904 0.496986 0.51883 0.539292 0.558251 0.575605 0.591274 0.605194 0.61732 0.627616 0.636061 0.64264 0.647344 0.650168 0.651109 0.650168 0.647344 0.64264 0.636061 0.627616 0.61732 0.605194 0.591274 0.575605 0.558251 0.539292 0.51883 0.496986 0.473904 0.44975 0.424708 0.398982 0.372789 0.346358 0.319922 0.293716 0.267969 0.242899 0.218708 0.195578 0.173663 0.153093 0.133963 0.11634 0.100259 0.0857233 0.072711 0.0611746 0.0510457 0.0422394 0.0346581 0.028196 0.0227427 0.0181872 0.0144209 0.0113402 0.00884851 0.00685791 0.00529019 0.00407742 0.00316235 0.0024984 0.00204961 0.00179048 
0.00192335 0.00201812 0.002308 0.00280976 0.00355149 0.00457272 0.00592457 0.00766977 0.00988252 0.012648 0.0160617 0.020228 0.0252585 0.0312693 0.0383787 0.046703 0.0563528 0.0674286 0.0800165 0.094183 0.109972 0.127398 0.146448 0.167075 0.189198 0.212704 0.237446 0.26325 0.289914 0.317218 0.344925 0.372789 0.400561 0.427997 0.454857 0.48092 0.505979 0.529849 0.552368 0.573398 0.592825 0.610557 0.626523 0.640673 0.652969 0.66339 0.671921 0.678558 0.683298 0.686141 0.687089 0.686141 0.683298 0.678558 0.671921 0.66339 0.652969 0.640673 0.626523 0.610557 0.592825 0.573398 0.552368 0.529849 0.505979 0.48092 0.454857 0.427997 0.400561 0.372789 0.344925 0.317218 0.289914 0.26325 0.237446 0.212704 0.189198 0.167075 0.146448 0.127398 0.109972 0.094183 0.0800165 0.0674286 0.0563528 0.046703 0.0383787 0.0312693 0.0252585 0.020228 0.0160617 0.012648 0.00988252 0.00766977 0.00592457 0.00457272 0.00355149 0.00280976 0.002308 0.00201812 
0.00215359 0.00225893 0.00258104 0.0031383 0.00396143 0.00509362 0.00659064 0.00852077 0.0109646 0.0140143 0.0177729 0.0223527 0.0278728 0.034457 0.0422303 0.0513144 0.0618244 0.0738628 0.0875158 0.102848 0.119896 0.13867 0.159143 0.181256 0.204912 0.22998 0.256295 0.283662 0.311862 0.340652 0.369779 0.398982 0.427997 0.456568 0.484451 0.511417 0.53726 0.561798 0.584872 0.606352 0.626134 0.644136 0.6603 0.674587 0.686974 0.697448 0.706008 0.712656 0.717399 0.720241 0.721188 0.720241 0.717399 0.712656 0.706008 0.697448 0.686974 0.674587 0.6603 0.644136 0.626134 0.606352 0.584872 0.561798 0.53726 0.511417 0.484451 0.456568 0.427997 0.398982 0.369779 0.340652 0.311862 0.283662 0.256295 0.22998 0.204912 0.181256 0.159143 0.13867 0.119896 0.102848 0.0875158 0.0738628 0.0618244 0.0513144 0.0422303 0.034457 0.0278728 0.0223527 0.0177729 0.0140143 0.0109646 0.00852077 0.00659064 0.00509362 0.00396143 0.0031383 0.00258104 0.00225893 
0.0023948 0.00251111 0.00286669 0.00348152 0.00438901 0.00563607 0.00728315 0.00940413 0.012086 0.0154279 0.0195405 0.0245435 0.0305638 0.0377323 0.0461802 0.0560345 0.0674135 0.0804216 0.0951438 0.111641 0.129945 0.150056 0.171935 0.195509 0.220665 0.247252 0.275088 0.303956 0.333618 0.363812 0.394268 0.424708 0.454857 0.484451 0.513237 0.540985 0.56749 0.592572 0.61608 0.637894 0.657919 0.676086 0.692352 0.706689 0.719087 0.729548 0.738081 0.744697 0.749411 0.752234 0.753174 0.752234 0.749411 0.744697 0.738081 0.729548 0.719087 0.706689 0.692352 0.676086 0.657919 0.637894 0.61608 0.592572 0.56749 0.540985 0.513237 0.484451 0.454857 0.424708 0.394268 0.363812 0.333618 0.303956 0.275088 0.247252 0.220665 0.195509 0.171935 0.150056 0.129945 0.111641 0.0951438 0.0804216 0.0674135 0.0560345 0.0461802 0.0377323 0.0305638 0.0245435 0.0195405 0.0154279 0.012086 0.00940413 0.00728315 0.00563607 0.00438901 0.00348152 0.00286669 0.00251111 
0.00264488 0.00277247 0.00316244 0.0038364 0.00483045 0.00619523 0.00799589 0.0103119 0.0132365 0.0168761 0.0213483 0.0267805 0.0333069 0.0410651 0.0501921 0.0608195 0.0730686 0.0870443 0.10283 0.120483 0.140027 0.161452 0.184708 0.209705 0.236314 0.264366 0.293657 0.323951 0.354991 0.386496 0.41818 0.44975 0.48092 0.511417 0.540985 0.569393 0.596437 0.621942 0.645767 0.667802 0.687963 0.706197 0.722472 0.736777 0.749115 0.759501 0.767955 0.774499 0.779156 0.781942 0.782869 0.781942 0.779156 0.774499 0.767955 0.759501 0.749115 0.736777 0.722472 0.706197 0.687963 0.667802 0.645767 0.621942 0.596437 0.569393 0.540985 0.511417 0.48092 0.44975 0.41818 0.386496 0.354991 0.323951 0.293657 0.264366 0.236314 0.209705 0.184708 0.161452 0.140027 0.120483 0.10283 0.0870443 0.0730686 0.0608195 0.0501921 0.0410651 0.0333069 0.0267805 0.0213483 0.0168761 0.0132365 0.0103119 0.00799589 0.00619523 0.00483045 0.0038364 0.00316244 0.00277247 
0.00290136 0.00304043 0.00346536 0.00419941 0.00528135 0.00676554 0.00872178 0.0112351 0.0144049 0.0183444 0.0231784 0.0290415 0.0360749 0.0444224 0.0542264 0.0656226 0.0787343 0.0936665 0.1105 0.129287 0.150044 0.172749 0.19734 0.223711 0.251715 0.281164 0.311834 0.343471 0.375796 0.408512 0.441316 0.473904 0.505979 0.53726 0.56749 0.596437 0.6239 0.649713 0.673744 0.695893 0.716092 0.734301 0.750503 0.764702 0.776915 0.787171 0.795501 0.801938 0.806512 0.809246 0.810156 0.809246 0.806512 0.801938 0.795501 0.787171 0.776915 0.764702 0.750503 0.734301 0.716092 0.695893 0.673744 0.649713 0.6239 0.596437 0.56749 0.53726 0.505979 0.473904 0.441316 0.408512 0.375796 0.343471 0.311834 0.281164 0.251715 0.223711 0.19734 0.172749 0.150044 0.129287 0.1105 0.0936665 0.0787343 0.0656226 0.0542264 0.0444224 0.0360749 0.0290415 0.0231784 0.0183444 0.0144049 0.0112351 0.00872178 0.00676554 0.00528135 0.00419941 0.00346536 0.00304043 
0.00316142 0.00331203 0.00377214 0.0045666 0.00573683 0.00734082 0.00945297 0.0121636 0.0155785 0.0198171 0.0250114 0.0313026 0.0388386 0.0477691 0.0582413 0.0703942 0.0843526 0.100221 0.118077 0.137967 0.159898 0.183839 0.209712 0.237396 0.266726 0.297495 0.32946 0.362346 0.395857 0.429679 0.463494 0.496986 0.529849 0.561798 0.592572 0.621942 0.649713 0.675727 0.699861 0.722029 0.742177 0.760279 0.776336 0.790364 0.802397 0.812476 0.820643 0.826943 0.831414 0.834083 0.834971 0.834083 0.831414 0.826943 0.820643 0.812476 0.802397 0.790364 0.776336 0.760279 0.742177 0.722029 0.699861 0.675727 0.649713 0.621942 0.592572 0.561798 0.529849 0.496986 0.463494 0.429679 0.395857 0.362346 0.32946 0.297495 0.266726 0.237396 0.209712 0.183839 0.159898 0.137967 0.118077 0.100221 0.0843526 0.0703942 0.0582413 0.0477691 0.0388386 0.0313026 0.0250114 0.0198171 0.0155785 0.0121636 0.00945297 0.00734082 0.00573683 0.0045666 0.00377214 0.00331203 
0.00342197 0.00358406 0.00407914 0.00493362 0.00619151 0.00791435 0.010181 0.013087 0.0167438 0.0212776 0.0268265 0.0335385 0.0415674 0.0510684 0.062193 0.0750828 0.0898637 0.106639 0.125482 0.146433 0.169491 0.194612 0.221704 0.25063 0.281208 0.313212 0.34638 0.380418 0.415011 0.449832 0.484547 0.51883 0.552368 0.584872 0.61608 0.645767 0.673744 0.699861 0.724008 0.746111 0.766131 0.784059 0.799908 0.813713 0.82552 0.835383 0.843358 0.849498 0.853847 0.856443 0.857305 0.856443 0.853847 0.849498 0.843358 0.835383 0.82552 0.813713 0.799908 0.784059 0.766131 0.746111 0.724008 0.699861 0.673744 0.645767 0.61608 0.584872 0.552368 0.51883 0.484547 0.449832 0.415011 0.380418 0.34638 0.313212 0.281208 0.25063 0.221704 0.194612 0.169491 0.146433 0.125482 0.106639 0.0898637 0.0750828 0.062193 0.0510684 0.0415674 0.0335385 0.0268265 0.0212776 0.0167438 0.013087 0.010181 0.00791435 0.00619151 0.00493362 0.00407914 0.00358406 
