2.03234e-05 2.11754e-05 2.37779e-05 2.82706e-05 3.48898e-05 4.39713e-05 5.59567e-05 7.13987e-05 9.09678e-05 0.000115459 0.000145795 0.000183036 0.000228371 0.000283128 0.000348758 0.00042683 0.000519015 0.00062706 0.000752763 0.000897937 0.00106437 0.00125376 0.00146771 0.0017076 0.00197459 0.00226951 0.00259286 0.00294466 0.0033245 0.00373142 0.00416392 0.00461989 0.00509666 0.00559094 0.00609891 0.00661619 0.00713795 0.00765892 0.00817354 0.008676 0.00916037 0.0096207 0.0100512 0.0104461 0.0108003 0.0111088 0.0113675 0.0115726 0.0117212 0.0118113 0.0118414 0.0118113 0.0117212 0.0115726 0.0113675 0.0111088 0.0108003 0.0104461 0.0100512 0.0096207 0.00916037 0.008676 0.00817354 0.00765892 0.00713795 0.00661619 0.00609891 0.00559094 0.00509666 0.00461989 0.00416392 0.00373142 0.0033245 0.00294466 0.00259286 0.00226951 0.00197459 0.0017076 0.00146771 0.00125376 0.00106437 0.000897937 0.000752763 0.00062706 0.000519015 0.00042683 0.000348758 0.000283128 0.000228371 0.000183036 0.000145795 0.000115459 9.09678e-05 7.13987e-05 5.59567e-05 4.39713e-05 3.48898e-05 2.82706e-05 2.37779e-05 2.11754e-05 
2.11754e-05 2.20612e-05 2.47665e-05 2.94364e-05 3.63152e-05 4.57511e-05 5.82008e-05 7.42364e-05 9.45517e-05 0.000119968 0.000151441 0.000190063 0.000237065 0.000293815 0.00036181 0.000442668 0.000538109 0.000649932 0.000779985 0.000930132 0.00110221 0.00129796 0.00151901 0.00176679 0.00204246 0.00234689 0.00268054 0.00304346 0.00343517 0.0038547 0.00430046 0.00477029 0.00526141 0.00577046 0.00629346 0.00682594 0.00736289 0.00789893 0.00842833 0.00894512 0.00944322 0.00991653 0.010359 0.010765 0.011129 0.0114461 0.0117119 0.0119227 0.0120754 0.0121679 0.0121989 0.0121679 0.0120754 0.0119227 0.0117119 0.0114461 0.011129 0.010765 0.010359 0.00991653 0.00944322 0.00894512 0.00842833 0.00789893 0.00736289 0.00682594 0.00629346 0.00577046 0.00526141 0.00477029 0.00430046 0.0038547 0.00343517 0.00304346 0.00268054 0.00234689 0.00204246 0.00176679 0.00151901 0.00129796 0.00110221 0.000930132 0.000779985 0.000649932 0.000538109 0.000442668 0.00036181 0.000293815 0.000237065 0.000190063 0.000151441 0.000119968 9.45517e-05 7.42364e-05 5.82008e-05 4.57511e-05 3.63152e-05 2.94364e-05 2.47665e-05 2.20612e-05 
2.37779e-05 2.47665e-05 2.77857e-05 3.29955e-05 4.0666e-05 5.11816e-05 6.50463e-05 8.28909e-05 0.000105479 0.000133715 0.000168648 0.000211476 0.000263549 0.000326362 0.000401551 0.000490879 0.000596218 0.000719521 0.000862792 0.00102804 0.00121725 0.0014323 0.00167492 0.00194662 0.00224865 0.00258189 0.00294681 0.00334339 0.0037711 0.0042288 0.00471474 0.00522653 0.00576113 0.00631484 0.00688335 0.00746177 0.00804471 0.00862631 0.00920039 0.00976051 0.0103001 0.0108126 0.0112916 0.0117309 0.0121246 0.0124676 0.0127549 0.0129827 0.0131478 0.0132478 0.0132813 0.0132478 0.0131478 0.0129827 0.0127549 0.0124676 0.0121246 0.0117309 0.0112916 0.0108126 0.0103001 0.00976051 0.00920039 0.00862631 0.00804471 0.00746177 0.00688335 0.00631484 0.00576113 0.00522653 0.00471474 0.0042288 0.0037711 0.00334339 0.00294681 0.00258189 0.00224865 0.00194662 0.00167492 0.0014323 0.00121725 0.00102804 0.000862792 0.000719521 0.000596218 0.000490879 0.000401551 0.000326362 0.000263549 0.000211476 0.000168648 0.000133715 0.000105479 8.28909e-05 6.50463e-05 5.11816e-05 4.0666e-05 3.29955e-05 2.77857e-05 2.47665e-05 
2.82706e-05 2.94364e-05 3.29955e-05 3.91342e-05 4.81665e-05 6.05386e-05 7.68354e-05 9.77878e-05 0.00012428 0.000157355 0.000198224 0.000248265 0.000309029 0.000382229 0.000469735 0.000573559 0.000695827 0.000838756 0.00100461 0.00119566 0.00141411 0.00166207 0.00194146 0.00225394 0.00260085 0.00298314 0.00340124 0.00385508 0.00434396 0.00486651 0.00542069 0.0060037 0.00661205 0.0072415 0.00788714 0.00854342 0.00920423 0.00986296 0.0105127 0.0111461 0.0117559 0.0123347 0.0128753 0.0133709 0.0138149 0.0142014 0.0145252 0.0147818 0.0149677 0.0150803 0.0151181 0.0150803 0.0149677 0.0147818 0.0145252 0.0142014 0.0138149 0.0133709 0.0128753 0.0123347 0.0117559 0.0111461 0.0105127 0.00986296 0.00920423 0.00854342 0.00788714 0.0072415 0.00661205 0.0060037 0.00542069 0.00486651 0.00434396 0.00385508 0.00340124 0.00298314 0.00260085 0.00225394 0.00194146 0.00166207 0.00141411 0.00119566 0.00100461 0.000838756 0.000695827 0.000573559 0.000469735 0.000382229 0.000309029 0.000248265 0.000198224 0.000157355 0.00012428 9.77878e-05 7.68354e-05 6.05386e-05 4.81665e-05 3.91342e-05 3.29955e-05 2.94364e-05 
3.48898e-05 3.63152e-05 4.0666e-05 4.81665e-05 5.91942e-05 7.42857e-05 9.41432e-05 0.000119643 0.000151842 0.000191989 0.000241525 0.000302092 0.000375528 0.000463861 0.0005693 0.000694211 0.000841089 0.00101253 0.00121116 0.00143961 0.00170045 0.00199607 0.00232866 0.0027001 0.00311186 0.00356494 0.00405978 0.00459615 0.00517314 0.00578905 0.00644136 0.00712675 0.00784103 0.00857921 0.0093355 0.0101034 0.0108758 0.011645 0.0124029 0.0131412 0.0138514 0.014525 0.0151537 0.0157297 0.0162454 0.0166942 0.01707 0.0173677 0.0175834 0.017714 0.0177577 0.017714 0.0175834 0.0173677 0.01707 0.0166942 0.0162454 0.0157297 0.0151537 0.014525 0.0138514 0.0131412 0.0124029 0.011645 0.0108758 0.0101034 0.0093355 0.00857921 0.00784103 0.00712675 0.00644136 0.00578905 0.00517314 0.00459615 0.00405978 0.00356494 0.00311186 0.0027001 0.00232866 0.00199607 0.00170045 0.00143961 0.00121116 0.00101253 0.000841089 0.000694211 0.0005693 0.000463861 0.000375528 0.000302092 0.000241525 0.000191989 0.000151842 0.000119643 9.41432e-05 7.42857e-05 5.91942e-05 4.81665e-05 4.0666e-05 3.63152e-05 
4.39713e-05 4.57511e-05 5.11816e-05 6.05386e-05 7.42857e-05 9.3081e-05 0.000117785 0.000149469 0.000189425 0.000239173 0.000300468 0.000375302 0.000465897 0.000574704 0.00070438 0.000857763 0.00103784 0.00124769 0.00149045 0.00176922 0.002087 0.00244659 0.00285053 0.00330094 0.00379949 0.00434724 0.00494457 0.00559108 0.00628554 0.00702579 0.00780871 0.00863021 0.00948523 0.0103677 0.0112708 0.0121866 0.0131068 0.0140221 0.0149232 0.0158001 0.0166428 0.0174415 0.0181865 0.0188684 0.0194788 0.0200095 0.0204538 0.0208057 0.0210605 0.0212148 0.0212665 0.0212148 0.0210605 0.0208057 0.0204538 0.0200095 0.0194788 0.0188684 0.0181865 0.0174415 0.0166428 0.0158001 0.0149232 0.0140221 0.0131068 0.0121866 0.0112708 0.0103677 0.00948523 0.00863021 0.00780871 0.00702579 0.00628554 0.00559108 0.00494457 0.00434724 0.00379949 0.00330094 0.00285053 0.00244659 0.002087 0.00176922 0.00149045 0.00124769 0.00103784 0.000857763 0.00070438 0.000574704 0.000465897 0.000375302 0.000300468 0.000239173 0.000189425 0.000149469 0.000117785 9.3081e-05 7.42857e-05 6.05386e-05 5.11816e-05 4.57511e-05 
5.59567e-05 5.82008e-05 6.50463e-05 7.68354e-05 9.41432e-05 0.000117785 0.000148825 0.000188588 0.000238667 0.000300934 0.000377544 0.000470937 0.000583833 0.000719218 0.00088032 0.00107058 0.0012936 0.0015531 0.00185281 0.00219644 0.00258754 0.00302941 0.00352499 0.00407674 0.00468651 0.00535544 0.00608381 0.00687099 0.00771531 0.008614 0.00956317 0.0105578 0.0115915 0.0126571 0.0137462 0.0148494 0.0159565 0.0170567 0.0181385 0.0191904 0.0202003 0.0211567 0.0220481 0.0228635 0.0235928 0.0242268 0.0247572 0.0251771 0.0254812 0.0256652 0.0257268 0.0256652 0.0254812 0.0251771 0.0247572 0.0242268 0.0235928 0.0228635 0.0220481 0.0211567 0.0202003 0.0191904 0.0181385 0.0170567 0.0159565 0.0148494 0.0137462 0.0126571 0.0115915 0.0105578 0.00956317 0.008614 0.00771531 0.00687099 0.00608381 0.00535544 0.00468651 0.00407674 0.00352499 0.00302941 0.00258754 0.00219644 0.00185281 0.0015531 0.0012936 0.00107058 0.00088032 0.000719218 0.000583833 0.000470937 0.000377544 0.000300934 0.000238667 0.000188588 0.000148825 0.000117785 9.41432e-05 7.68354e-05 6.50463e-05 5.82008e-05 
7.13987e-05 7.42364e-05 8.28909e-05 9.77878e-05 0.000119643 0.000149469 0.000188588 0.000238641 0.000301601 0.000379779 0.000475831 0.000592758 0.000733895 0.000902894 0.00110369 0.00134048 0.0016176 0.00193956 0.00231084 0.00273586 0.00321884 0.00376368 0.00437381 0.00505204 0.00580045 0.00662022 0.00751151 0.00847334 0.00950347 0.0105984 0.0117532 0.0129616 0.0142159 0.0155072 0.0168252 0.0181588 0.0194956 0.0208225 0.022126 0.0233921 0.0246067 0.0257558 0.0268261 0.0278045 0.0286791 0.0294389 0.0300743 0.0305773 0.0309412 0.0311615 0.0312353 0.0311615 0.0309412 0.0305773 0.0300743 0.0294389 0.0286791 0.0278045 0.0268261 0.0257558 0.0246067 0.0233921 0.022126 0.0208225 0.0194956 0.0181588 0.0168252 0.0155072 0.0142159 0.0129616 0.0117532 0.0105984 0.00950347 0.00847334 0.00751151 0.00662022 0.00580045 0.00505204 0.00437381 0.00376368 0.00321884 0.00273586 0.00231084 0.00193956 0.0016176 0.00134048 0.00110369 0.000902894 0.000733895 0.000592758 0.000475831 0.000379779 0.000301601 0.000238641 0.000188588 0.000149469 0.000119643 9.77878e-05 8.28909e-05 7.42364e-05 
9.09678e-05 9.45517e-05 0.000105479 0.00012428 0.000151842 0.000189425 0.000238667 0.000301601 0.000380665 0.000478711 0.000599011 0.000745249 0.000921513 0.00113227 0.00138231 0.00167671 0.00202076 0.00241985 0.00287939 0.00340464 0.0040006 0.00467187 0.00542243 0.0062555 0.00717338 0.00817726 0.00926711 0.0104415 0.0116974 0.0130305 0.0144344 0.0159015 0.0174224 0.018986 0.0205801 0.022191 0.0238039 0.0254032 0.0269726 0.0284955 0.0299551 0.031335 0.0326191 0.0337922 0.0348402 0.0357501 0.0365108 0.0371127 0.0375481 0.0378116 0.0378998 0.0378116 0.0375481 0.0371127 0.0365108 0.0357501 0.0348402 0.0337922 0.0326191 0.031335 0.0299551 0.0284955 0.0269726 0.0254032 0.0238039 0.022191 0.0205801 0.018986 0.0174224 0.0159015 0.0144344 0.0130305 0.0116974 0.0104415 0.00926711 0.00817726 0.00717338 0.0062555 0.00542243 0.00467187 0.0040006 0.00340464 0.00287939 0.00241985 0.00202076 0.00167671 0.00138231 0.00113227 0.000921513 0.000745249 0.000599011 0.000478711 0.000380665 0.000301601 0.000238667 0.000189425 0.000151842 0.00012428 0.000105479 9.45517e-05 
0.000115459 0.000119968 0.000133715 0.000157355 0.000191989 0.000239173 0.000300934 0.000379779 0.000478711 0.000601239 0.000751374 0.000933629 0.00115299 0.0014149 0.00172518 0.00208996 0.00251563 0.00300866 0.0035755 0.00422242 0.00495532 0.00577956 0.00669977 0.00771959 0.00884155 0.0100668 0.011395 0.0128241 0.0143502 0.0159677 0.0176689 0.0194442 0.021282 0.0231692 0.0250907 0.02703 0.0289695 0.0308906 0.0327737 0.0345992 0.0363474 0.0379985 0.0395339 0.0409357 0.042187 0.0432731 0.0441805 0.0448982 0.0454174 0.0457315 0.0458366 0.0457315 0.0454174 0.0448982 0.0441805 0.0432731 0.042187 0.0409357 0.0395339 0.0379985 0.0363474 0.0345992 0.0327737 0.0308906 0.0289695 0.02703 0.0250907 0.0231692 0.021282 0.0194442 0.0176689 0.0159677 0.0143502 0.0128241 0.011395 0.0100668 0.00884155 0.00771959 0.00669977 0.00577956 0.00495532 0.00422242 0.0035755 0.00300866 0.00251563 0.00208996 0.00172518 0.0014149 0.00115299 0.000933629 0.000751374 0.000601239 0.000478711 0.000379779 0.000300934 0.000239173 0.000191989 0.000157355 0.000133715 0.000119968 
0.000145795 0.000151441 0.000168648 0.000198224 0.000241525 0.000300468 0.000377544 0.000475831 0.000599011 0.000751374 0.000937819 0.00116384 0.0014355 0.00175938 0.00214252 0.00259231 0.00311639 0.00372248 0.00441827 0.00521115 0.00610805 0.00711521 0.00823791 0.00948027 0.010845 0.0123331 0.0139438 0.0156744 0.0175197 0.0194728 0.021524 0.0236615 0.0258714 0.0281377 0.0304422 0.0327653 0.0350859 0.0373818 0.03963 0.0418073 0.0438903 0.0458561 0.0476826 0.0493489 0.0508355 0.052125 0.053202 0.0540535 0.0546692 0.0550417 0.0551664 0.0550417 0.0546692 0.0540535 0.053202 0.052125 0.0508355 0.0493489 0.0476826 0.0458561 0.0438903 0.0418073 0.03963 0.0373818 0.0350859 0.0327653 0.0304422 0.0281377 0.0258714 0.0236615 0.021524 0.0194728 0.0175197 0.0156744 0.0139438 0.0123331 0.010845 0.00948027 0.00823791 0.00711521 0.00610805 0.00521115 0.00441827 0.00372248 0.00311639 0.00259231 0.00214252 0.00175938 0.0014355 0.00116384 0.000937819 0.000751374 0.000599011 0.000475831 0.000377544 0.000300468 0.000241525 0.000198224 0.000168648 0.000151441 
0.000183036 0.000190063 0.000211476 0.000248265 0.000302092 0.000375302 0.000470937 0.000592758 0.000745249 0.000933629 0.00116384 0.00144254 0.00177704 0.00217528 0.00264568 0.00319711 0.00383866 0.0045795 0.00542868 0.00639489 0.00748621 0.0087098 0.0100717 0.0115764 0.0132268 0.0150237 0.0169658 0.0190492 0.0212676 0.023612 0.0260707 0.0286293 0.0312709 0.0339762 0.0367237 0.0394899 0.0422498 0.0449772 0.0476451 0.0502261 0.0526931 0.0550192 0.0571787 0.0591474 0.0609027 0.0624244 0.0636946 0.0646986 0.0654244 0.0658633 0.0660102 0.0658633 0.0654244 0.0646986 0.0636946 0.0624244 0.0609027 0.0591474 0.0571787 0.0550192 0.0526931 0.0502261 0.0476451 0.0449772 0.0422498 0.0394899 0.0367237 0.0339762 0.0312709 0.0286293 0.0260707 0.023612 0.0212676 0.0190492 0.0169658 0.0150237 0.0132268 0.0115764 0.0100717 0.0087098 0.00748621 0.00639489 0.00542868 0.0045795 0.00383866 0.00319711 0.00264568 0.00217528 0.00177704 0.00144254 0.00116384 0.000933629 0.000745249 0.000592758 0.000470937 0.000375302 0.000302092 0.000248265 0.000211476 0.000190063 
0.000228371 0.000237065 0.000263549 0.000309029 0.000375528 0.000465897 0.000583833 0.000733895 0.000921513 0.00115299 0.0014355 0.00177704 0.00218639 0.00267304 0.00324704 0.00391891 0.00469942 0.00559937 0.00662936 0.00779951 0.00911913 0.0105964 0.0122382 0.0140493 0.0160327 0.0181889 0.0205156 0.0230079 0.0256578 0.028454 0.0313823 0.0344252 0.0375625 0.040771 0.0440253 0.0472975 0.0505584 0.053777 0.056922 0.0599614 0.0628635 0.0655975 0.0681337 0.0704439 0.0725024 0.0742859 0.075774 0.0769497 0.0777993 0.0783131 0.078485 0.0783131 0.0777993 0.0769497 0.075774 0.0742859 0.0725024 0.0704439 0.0681337 0.0655975 0.0628635 0.0599614 0.056922 0.053777 0.0505584 0.0472975 0.0440253 0.040771 0.0375625 0.0344252 0.0313823 0.028454 0.0256578 0.0230079 0.0205156 0.0181889 0.0160327 0.0140493 0.0122382 0.0105964 0.00911913 0.00779951 0.00662936 0.00559937 0.00469942 0.00391891 0.00324704 0.00267304 0.00218639 0.00177704 0.0014355 0.00115299 0.000921513 0.000733895 0.000583833 0.000465897 0.000375528 0.000309029 0.000263549 0.000237065 
0.000283128 0.000293815 0.000326362 0.000382229 0.000463861 0.000574704 0.000719218 0.000902894 0.00113227 0.0014149 0.00175938 0.00217528 0.00267304 0.00326393 0.00395988 0.00477328 0.00571677 0.00680299 0.00804427 0.00945228 0.0110377 0.0128097 0.014776 0.0169417 0.0193097 0.02188 0.0246493 0.0276111 0.0307553 0.0340682 0.0375324 0.041127 0.0448278 0.0486074 0.0524356 0.05628 0.0601061 0.0638782 0.0675598 0.0711139 0.0745041 0.077695 0.0806523 0.0833442 0.0857411 0.0878166 0.0895475 0.0909143 0.0919019 0.0924989 0.0926987 0.0924989 0.0919019 0.0909143 0.0895475 0.0878166 0.0857411 0.0833442 0.0806523 0.077695 0.0745041 0.0711139 0.0675598 0.0638782 0.0601061 0.05628 0.0524356 0.0486074 0.0448278 0.041127 0.0375324 0.0340682 0.0307553 0.0276111 0.0246493 0.02188 0.0193097 0.0169417 0.014776 0.0128097 0.0110377 0.00945228 0.00804427 0.00680299 0.00571677 0.00477328 0.00395988 0.00326393 0.00267304 0.00217528 0.00175938 0.0014149 0.00113227 0.000902894 0.000719218 0.000574704 0.000463861 0.000382229 0.000326362 0.000293815 
0.000348758 0.00036181 0.000401551 0.000469735 0.0005693 0.00070438 0.00088032 0.00110369 0.00138231 0.00172518 0.00214252 0.00264568 0.00324704 0.00395988 0.00479822 0.00577656 0.00690965 0.00821216 0.0096983 0.0113814 0.0132736 0.0153853 0.0177246 0.0202971 0.0231055 0.0261489 0.0294229 0.0329189 0.0366245 0.0405228 0.044593 0.0488101 0.0531454 0.0575667 0.0620387 0.0665235 0.0709813 0.0753708 0.0796497 0.083776 0.087708 0.091405 0.0948286 0.0979423 0.100713 0.10311 0.105109 0.106686 0.107826 0.108514 0.108745 0.108514 0.107826 0.106686 0.105109 0.10311 0.100713 0.0979423 0.0948286 0.091405 0.087708 0.083776 0.0796497 0.0753708 0.0709813 0.0665235 0.0620387 0.0575667 0.0531454 0.0488101 0.044593 0.0405228 0.0366245 0.0329189 0.0294229 0.0261489 0.0231055 0.0202971 0.0177246 0.0153853 0.0132736 0.0113814 0.0096983 0.00821216 0.00690965 0.00577656 0.00479822 0.00395988 0.00324704 0.00264568 0.00214252 0.00172518 0.00138231 0.00110369 0.00088032 0.00070438 0.0005693 0.000469735 0.000401551 0.00036181 
0.00042683 0.000442668 0.000490879 0.000573559 0.000694211 0.000857763 0.00107058 0.00134048 0.00167671 0.00208996 0.00259231 0.00319711 0.00391891 0.00477328 0.00577656 0.00694562 0.00829754 0.00984918 0.0116168 0.0136155 0.015859 0.0183586 0.0211233 0.0241587 0.0274671 0.0310465 0.0348909 0.0389895 0.0433268 0.0478826 0.0526318 0.0575449 0.0625882 0.0677239 0.0729112 0.0781061 0.0832628 0.088334 0.0932715 0.0980274 0.102554 0.106807 0.110741 0.114316 0.117495 0.120244 0.122534 0.124341 0.125646 0.126434 0.126698 0.126434 0.125646 0.124341 0.122534 0.120244 0.117495 0.114316 0.110741 0.106807 0.102554 0.0980274 0.0932715 0.088334 0.0832628 0.0781061 0.0729112 0.0677239 0.0625882 0.0575449 0.0526318 0.0478826 0.0433268 0.0389895 0.0348909 0.0310465 0.0274671 0.0241587 0.0211233 0.0183586 0.015859 0.0136155 0.0116168 0.00984918 0.00829754 0.00694562 0.00577656 0.00477328 0.00391891 0.00319711 0.00259231 0.00208996 0.00167671 0.00134048 0.00107058 0.000857763 0.000694211 0.000573559 0.000490879 0.000442668 
0.000519015 0.000538109 0.000596218 0.000695827 0.000841089 0.00103784 0.0012936 0.0016176 0.00202076 0.00251563 0.00311639 0.00383866 0.00469942 0.00571677 0.00690965 0.00829754 0.00990002 0.0117364 0.013825 0.016183 0.0188254 0.0217647 0.0250104 0.0285682 0.0324394 0.036621 0.0411048 0.0458771 0.0509193 0.0562069 0.0617102 0.0673946 0.0732205 0.0791443 0.0851188 0.0910936 0.0970163 0.102833 0.108489 0.113931 0.119105 0.12396 0.128448 0.132523 0.136143 0.139271 0.141876 0.143931 0.145413 0.146309 0.146609 0.146309 0.145413 0.143931 0.141876 0.139271 0.136143 0.132523 0.128448 0.12396 0.119105 0.113931 0.108489 0.102833 0.0970163 0.0910936 0.0851188 0.0791443 0.0732205 0.0673946 0.0617102 0.0562069 0.0509193 0.0458771 0.0411048 0.036621 0.0324394 0.0285682 0.0250104 0.0217647 0.0188254 0.016183 0.013825 0.0117364 0.00990002 0.00829754 0.00690965 0.00571677 0.00469942 0.00383866 0.00311639 0.00251563 0.00202076 0.0016176 0.0012936 0.00103784 0.000841089 0.000695827 0.000596218 0.000538109 
0.00062706 0.000649932 0.000719521 0.000838756 0.00101253 0.00124769 0.0015531 0.00193956 0.00241985 0.00300866 0.00372248 0.0045795 0.00559937 0.00680299 0.00821216 0.00984918 0.0117364 0.0138956 0.0163475 0.0191111 0.022203 0.0256367 0.029422 0.0335643 0.0380642 0.0429166 0.0481109 0.0536304 0.0594522 0.0655474 0.0718809 0.0784122 0.0850956 0.0918808 0.0987135 0.105537 0.112291 0.118915 0.125348 0.13153 0.1374 0.142903 0.147984 0.152594 0.156686 0.16022 0.163161 0.165479 0.167152 0.168162 0.1685 0.168162 0.167152 0.165479 0.163161 0.16022 0.156686 0.152594 0.147984 0.142903 0.1374 0.13153 0.125348 0.118915 0.112291 0.105537 0.0987135 0.0918808 0.0850956 0.0784122 0.0718809 0.0655474 0.0594522 0.0536304 0.0481109 0.0429166 0.0380642 0.0335643 0.029422 0.0256367 0.022203 0.0191111 0.0163475 0.0138956 0.0117364 0.00984918 0.00821216 0.00680299 0.00559937 0.0045795 0.00372248 0.00300866 0.00241985 0.00193956 0.0015531 0.00124769 0.00101253 0.000838756 0.000719521 0.000649932 
0.000752763 0.000779985 0.000862792 0.00100461 0.00121116 0.00149045 0.00185281 0.00231084 0.00287939 0.0035755 0.00441827 0.00542868 0.00662936 0.00804427 0.0096983 0.0116168 0.013825 0.0163475 0.0192072 0.0224253 0.0260198 0.0300049 0.0343907 0.039182 0.0443781 0.0499717 0.0559492 0.0622902 0.0689671 0.0759457 0.0831851 0.0906383 0.0982526 0.105971 0.113731 0.121468 0.129116 0.136606 0.14387 0.150842 0.157454 0.163646 0.169357 0.174534 0.179125 0.183087 0.186383 0.188979 0.190852 0.191982 0.192361 0.191982 0.190852 0.188979 0.186383 0.183087 0.179125 0.174534 0.169357 0.163646 0.157454 0.150842 0.14387 0.136606 0.129116 0.121468 0.113731 0.105971 0.0982526 0.0906383 0.0831851 0.0759457 0.0689671 0.0622902 0.0559492 0.0499717 0.0443781 0.039182 0.0343907 0.0300049 0.0260198 0.0224253 0.0192072 0.0163475 0.013825 0.0116168 0.0096983 0.00804427 0.00662936 0.00542868 0.00441827 0.0035755 0.00287939 0.00231084 0.00185281 0.00149045 0.00121116 0.00100461 0.000862792 0.000779985 
0.000897937 0.000930132 0.00102804 0.00119566 0.00143961 0.00176922 0.00219644 0.00273586 0.00340464 0.00422242 0.00521115 0.00639489 0.00779951 0.00945228 0.0113814 0.0136155 0.016183 0.0191111 0.0224253 0.0261487 0.0303005 0.0348959 0.0399446 0.0454508 0.0514117 0.0578176 0.0646513 0.0718879 0.0794946 0.0874314 0.0956507 0.104098 0.112714 0.121433 0.130186 0.138899 0.147498 0.155908 0.164053 0.171859 0.179254 0.18617 0.192543 0.198314 0.203427 0.207837 0.211503 0.214389 0.21647 0.217726 0.218146 0.217726 0.21647 0.214389 0.211503 0.207837 0.203427 0.198314 0.192543 0.18617 0.179254 0.171859 0.164053 0.155908 0.147498 0.138899 0.130186 0.121433 0.112714 0.104098 0.0956507 0.0874314 0.0794946 0.0718879 0.0646513 0.0578176 0.0514117 0.0454508 0.0399446 0.0348959 0.0303005 0.0261487 0.0224253 0.0191111 0.016183 0.0136155 0.0113814 0.00945228 0.00779951 0.00639489 0.00521115 0.00422242 0.00340464 0.00273586 0.00219644 0.00176922 0.00143961 0.00119566 0.00102804 0.000930132 
0.00106437 0.00110221 0.00121725 0.00141411 0.00170045 0.002087 0.00258754 0.00321884 0.0040006 0.00495532 0.00610805 0.00748621 0.00911913 0.0110377 0.0132736 0.015859 0.0188254 0.022203 0.0260198 0.0303005 0.0350658 0.0403312 0.0461061 0.0523933 0.0591877 0.0664766 0.0742385 0.0824434 0.0910528 0.10002 0.10929 0.118801 0.128485 0.138268 0.148072 0.157817 0.16742 0.176796 0.185865 0.194544 0.202755 0.210426 0.217486 0.223872 0.229527 0.234399 0.238446 0.241631 0.243927 0.245312 0.245775 0.245312 0.243927 0.241631 0.238446 0.234399 0.229527 0.223872 0.217486 0.210426 0.202755 0.194544 0.185865 0.176796 0.16742 0.157817 0.148072 0.138268 0.128485 0.118801 0.10929 0.10002 0.0910528 0.0824434 0.0742385 0.0664766 0.0591877 0.0523933 0.0461061 0.0403312 0.0350658 0.0303005 0.0260198 0.022203 0.0188254 0.015859 0.0132736 0.0110377 0.00911913 0.00748621 0.00610805 0.00495532 0.0040006 0.00321884 0.00258754 0.002087 0.00170045 0.00141411 0.00121725 0.00110221 
0.00125376 0.00129796 0.0014323 0.00166207 0.00199607 0.00244659 0.00302941 0.00376368 0.00467187 0.00577956 0.00711521 0.0087098 0.0105964 0.0128097 0.0153853 0.0183586 0.0217647 0.0256367 0.0300049 0.0348959 0.0403312 0.0463266 0.0528907 0.0600244 0.06772 0.0759609 0.0847208 0.093964 0.103645 0.113711 0.124098 0.134736 0.145548 0.156452 0.167361 0.178186 0.188836 0.199219 0.209246 0.218828 0.227883 0.23633 0.244096 0.251113 0.257321 0.262666 0.267101 0.270591 0.273104 0.274621 0.275128 0.274621 0.273104 0.270591 0.267101 0.262666 0.257321 0.251113 0.244096 0.23633 0.227883 0.218828 0.209246 0.199219 0.188836 0.178186 0.167361 0.156452 0.145548 0.134736 0.124098 0.113711 0.103645 0.093964 0.0847208 0.0759609 0.06772 0.0600244 0.0528907 0.0463266 0.0403312 0.0348959 0.0300049 0.0256367 0.0217647 0.0183586 0.0153853 0.0128097 0.0105964 0.0087098 0.00711521 0.00577956 0.00467187 0.00376368 0.00302941 0.00244659 0.00199607 0.00166207 0.0014323 0.00129796 
0.00146771 0.00151901 0.00167492 0.00194146 0.00232866 0.00285053 0.00352499 0.00437381 0.00542243 0.00669977 0.00823791 0.0100717 0.0122382 0.014776 0.0177246 0.0211233 0.0250104 0.029422 0.0343907 0.0399446 0.0461061 0.0528907 0.0603057 0.0683498 0.077012 0.086271 0.0960953 0.106443 0.11726 0.128487 0.14005 0.151872 0.163866 0.17594 0.187999 0.199944 0.211676 0.223096 0.234107 0.244614 0.254529 0.263767 0.27225 0.279906 0.286673 0.292493 0.297321 0.301116 0.303849 0.305498 0.306048 0.305498 0.303849 0.301116 0.297321 0.292493 0.286673 0.279906 0.27225 0.263767 0.254529 0.244614 0.234107 0.223096 0.211676 0.199944 0.187999 0.17594 0.163866 0.151872 0.14005 0.128487 0.11726 0.106443 0.0960953 0.086271 0.077012 0.0683498 0.0603057 0.0528907 0.0461061 0.0399446 0.0343907 0.029422 0.0250104 0.0211233 0.0177246 0.014776 0.0122382 0.0100717 0.00823791 0.00669977 0.00542243 0.00437381 0.00352499 0.00285053 0.00232866 0.00194146 0.00167492 0.00151901 
0.0017076 0.00176679 0.00194662 0.00225394 0.0027001 0.00330094 0.00407674 0.00505204 0.0062555 0.00771959 0.00948027 0.0115764 0.0140493 0.0169417 0.0202971 0.0241587 0.0285682 0.0335643 0.039182 0.0454508 0.0523933 0.0600244 0.0683498 0.0773654 0.0870559 0.0973951 0.108345 0.119857 0.131869 0.144312 0.157105 0.170159 0.183378 0.196662 0.209905 0.223 0.235839 0.248317 0.260328 0.271772 0.282556 0.29259 0.301791 0.310087 0.317411 0.323706 0.328923 0.333022 0.335972 0.337751 0.338345 0.337751 0.335972 0.333022 0.328923 0.323706 0.317411 0.310087 0.301791 0.29259 0.282556 0.271772 0.260328 0.248317 0.235839 0.223 0.209905 0.196662 0.183378 0.170159 0.157105 0.144312 0.131869 0.119857 0.108345 0.0973951 0.0870559 0.0773654 0.0683498 0.0600244 0.0523933 0.0454508 0.039182 0.0335643 0.0285682 0.0241587 0.0202971 0.0169417 0.0140493 0.0115764 0.00948027 0.00771959 0.0062555 0.00505204 0.00407674 0.00330094 0.0027001 0.00225394 0.00194662 0.00176679 
0.00197459 0.00204246 0.00224865 0.00260085 0.00311186 0.00379949 0.00468651 0.00580045 0.00717338 0.00884155 0.010845 0.0132268 0.0160327 0.0193097 0.0231055 0.0274671 0.0324394 0.0380642 0.0443781 0.0514117 0.0591877 0.06772 0.077012 0.0870559 0.097832 0.109308 0.121439 0.134168 0.147426 0.161133 0.175198 0.189524 0.204003 0.218525 0.232977 0.247241 0.261202 0.274746 0.287762 0.300145 0.311795 0.322619 0.332534 0.341461 0.349335 0.356096 0.361694 0.36609 0.369252 0.371158 0.371795 0.371158 0.369252 0.36609 0.361694 0.356096 0.349335 0.341461 0.332534 0.322619 0.311795 0.300145 0.287762 0.274746 0.261202 0.247241 0.232977 0.218525 0.204003 0.189524 0.175198 0.161133 0.147426 0.134168 0.121439 0.109308 0.097832 0.0870559 0.077012 0.06772 0.0591877 0.0514117 0.0443781 0.0380642 0.0324394 0.0274671 0.0231055 0.0193097 0.0160327 0.0132268 0.010845 0.00884155 0.00717338 0.00580045 0.00468651 0.00379949 0.00311186 0.00260085 0.00224865 0.00204246 
0.00226951 0.00234689 0.00258189 0.00298314 0.00356494 0.00434724 0.00535544 0.00662022 0.00817726 0.0100668 0.0123331 0.0150237 0.0181889 0.02188 0.0261489 0.0310465 0.036621 0.0429166 0.0499717 0.0578176 0.0664766 0.0759609 0.086271 0.0973951 0.109308 0.121971 0.135331 0.149323 0.163869 0.178877 0.194248 0.209873 0.225636 0.241415 0.257087 0.272527 0.287612 0.30222 0.316236 0.329547 0.342051 0.353652 0.364264 0.373807 0.382215 0.389427 0.395394 0.400076 0.403443 0.405472 0.406149 0.405472 0.403443 0.400076 0.395394 0.389427 0.382215 0.373807 0.364264 0.353652 0.342051 0.329547 0.316236 0.30222 0.287612 0.272527 0.257087 0.241415 0.225636 0.209873 0.194248 0.178877 0.163869 0.149323 0.135331 0.121971 0.109308 0.0973951 0.086271 0.0759609 0.0664766 0.0578176 0.0499717 0.0429166 0.036621 0.0310465 0.0261489 0.02188 0.0181889 0.0150237 0.0123331 0.0100668 0.00817726 0.00662022 0.00535544 0.00434724 0.00356494 0.00298314 0.00258189 0.00234689 
0.00259286 0.00268054 0.00294681 0.00340124 0.00405978 0.00494457 0.00608381 0.00751151 0.00926711 0.011395 0.0139438 0.0169658 0.0205156 0.0246493 0.0294229 0.0348909 0.0411048 0.0481109 0.0559492 0.0646513 0.0742385 0.0847208 0.0960953 0.108345 0.121439 0.135331 0.149961 0.165252 0.181117 0.197454 0.214154 0.231095 0.248153 0.265195 0.282088 0.2987 0.314899 0.330557 0.345554 0.359773 0.373109 0.385462 0.396746 0.406881 0.4158 0.423442 0.42976 0.434715 0.438275 0.440419 0.441135 0.440419 0.438275 0.434715 0.42976 0.423442 0.4158 0.406881 0.396746 0.385462 0.373109 0.359773 0.345554 0.330557 0.314899 0.2987 0.282088 0.265195 0.248153 0.231095 0.214154 0.197454 0.181117 0.165252 0.149961 0.135331 0.121439 0.108345 0.0960953 0.0847208 0.0742385 0.0646513 0.0559492 0.0481109 0.0411048 0.0348909 0.0294229 0.0246493 0.0205156 0.0169658 0.0139438 0.011395 0.00926711 0.00751151 0.00608381 0.00494457 0.00405978 0.00340124 0.00294681 0.00268054 
0.00294466 0.00304346 0.00334339 0.00385508 0.00459615 0.00559108 0.00687099 0.00847334 0.0104415 0.0128241 0.0156744 0.0190492 0.0230079 0.0276111 0.0329189 0.0389895 0.0458771 0.0536304 0.0622902 0.0718879 0.0824434 0.093964 0.106443 0.119857 0.134168 0.149323 0.165252 0.181868 0.199074 0.216758 0.234797 0.25306 0.271411 0.28971 0.307813 0.325579 0.34287 0.359553 0.375502 0.390598 0.404732 0.417805 0.429728 0.440423 0.449823 0.45787 0.464516 0.469723 0.473463 0.475715 0.476467 0.475715 0.473463 0.469723 0.464516 0.45787 0.449823 0.440423 0.429728 0.417805 0.404732 0.390598 0.375502 0.359553 0.34287 0.325579 0.307813 0.28971 0.271411 0.25306 0.234797 0.216758 0.199074 0.181868 0.165252 0.149323 0.134168 0.119857 0.106443 0.093964 0.0824434 0.0718879 0.0622902 0.0536304 0.0458771 0.0389895 0.0329189 0.0276111 0.0230079 0.0190492 0.0156744 0.0128241 0.0104415 0.00847334 0.00687099 0.00559108 0.00459615 0.00385508 0.00334339 0.00304346 
0.0033245 0.00343517 0.0037711 0.00434396 0.00517314 0.00628554 0.00771531 0.00950347 0.0116974 0.0143502 0.0175197 0.0212676 0.0256578 0.0307553 0.0366245 0.0433268 0.0509193 0.0594522 0.0689671 0.0794946 0.0910528 0.103645 0.11726 0.131869 0.147426 0.163869 0.181117 0.199074 0.217631 0.236666 0.256043 0.275622 0.295254 0.31479 0.334078 0.35297 0.371321 0.388992 0.405853 0.421784 0.436674 0.450424 0.462946 0.474162 0.484007 0.492426 0.499373 0.504812 0.508716 0.511066 0.511851 0.511066 0.508716 0.504812 0.499373 0.492426 0.484007 0.474162 0.462946 0.450424 0.436674 0.421784 0.405853 0.388992 0.371321 0.35297 0.334078 0.31479 0.295254 0.275622 0.256043 0.236666 0.217631 0.199074 0.181117 0.163869 0.147426 0.131869 0.11726 0.103645 0.0910528 0.0794946 0.0689671 0.0594522 0.0509193 0.0433268 0.0366245 0.0307553 0.0256578 0.0212676 0.0175197 0.0143502 0.0116974 0.00950347 0.00771531 0.00628554 0.00517314 0.00434396 0.0037711 0.00343517 
0.00373142 0.0038547 0.0042288 0.00486651 0.00578905 0.00702579 0.008614 0.0105984 0.0130305 0.0159677 0.0194728 0.023612 0.028454 0.0340682 0.0405228 0.0478826 0.0562069 0.0655474 0.0759457 0.0874314 0.10002 0.113711 0.128487 0.144312 0.161133 0.178877 0.197454 0.216758 0.236666 0.257044 0.277746 0.298621 0.31951 0.340254 0.360691 0.380668 0.400034 0.418645 0.43637 0.453085 0.468681 0.483058 0.49613 0.507822 0.518072 0.526827 0.534044 0.53969 0.54374 0.546177 0.546991 0.546177 0.54374 0.53969 0.534044 0.526827 0.518072 0.507822 0.49613 0.483058 0.468681 0.453085 0.43637 0.418645 0.400034 0.380668 0.360691 0.340254 0.31951 0.298621 0.277746 0.257044 0.236666 0.216758 0.197454 0.178877 0.161133 0.144312 0.128487 0.113711 0.10002 0.0874314 0.0759457 0.0655474 0.0562069 0.0478826 0.0405228 0.0340682 0.028454 0.023612 0.0194728 0.0159677 0.0130305 0.0105984 0.008614 0.00702579 0.00578905 0.00486651 0.0042288 0.0038547 
0.00416392 0.00430046 0.00471474 0.00542069 0.00644136 0.00780871 0.00956317 0.0117532 0.0144344 0.0176689 0.021524 0.0260707 0.0313823 0.0375324 0.044593 0.0526318 0.0617102 0.0718809 0.0831851 0.0956507 0.10929 0.124098 0.14005 0.157105 0.175198 0.194248 0.214154 0.234797 0.256043 0.277746 0.299751 0.321891 0.344 0.365909 0.38745 0.408461 0.428787 0.448283 0.466812 0.484253 0.500496 0.515444 0.529013 0.541132 0.551741 0.560792 0.568245 0.574071 0.578248 0.58076 0.581598 0.58076 0.578248 0.574071 0.568245 0.560792 0.551741 0.541132 0.529013 0.515444 0.500496 0.484253 0.466812 0.448283 0.428787 0.408461 0.38745 0.365909 0.344 0.321891 0.299751 0.277746 0.256043 0.234797 0.214154 0.194248 0.175198 0.157105 0.14005 0.124098 0.10929 0.0956507 0.0831851 0.0718809 0.0617102 0.0526318 0.044593 0.0375324 0.0313823 0.0260707 0.021524 0.0176689 0.0144344 0.0117532 0.00956317 0.00780871 0.00644136 0.00542069 0.00471474 0.00430046 
0.00461989 0.00477029 0.00522653 0.0060037 0.00712675 0.00863021 0.0105578 0.0129616 0.0159015 0.0194442 0.0236615 0.0286293 0.0344252 0.041127 0.0488101 0.0575449 0.0673946 0.0784122 0.0906383 0.104098 0.118801 0.134736 0.151872 0.170159 0.189524 0.209873 0.231095 0.25306 0.275622 0.298621 0.321891 0.345256 0.368539 0.391561 0.414149 0.436135 0.457359 0.477674 0.496943 0.515045 0.531871 0.547328 0.561336 0.573827 0.584747 0.594051 0.601705 0.607682 0.611965 0.614539 0.615398 0.614539 0.611965 0.607682 0.601705 0.594051 0.584747 0.573827 0.561336 0.547328 0.531871 0.515045 0.496943 0.477674 0.457359 0.436135 0.414149 0.391561 0.368539 0.345256 0.321891 0.298621 0.275622 0.25306 0.231095 0.209873 0.189524 0.170159 0.151872 0.134736 0.118801 0.104098 0.0906383 0.0784122 0.0673946 0.0575449 0.0488101 0.041127 0.0344252 0.0286293 0.0236615 0.0194442 0.0159015 0.0129616 0.0105578 0.00863021 0.00712675 0.0060037 0.00522653 0.00477029 
0.00509666 0.00526141 0.00576113 0.00661205 0.00784103 0.00948523 0.0115915 0.0142159 0.0174224 0.021282 0.0258714 0.0312709 0.0375625 0.0448278 0.0531454 0.0625882 0.0732205 0.0850956 0.0982526 0.112714 0.128485 0.145548 0.163866 0.183378 0.204003 0.225636 0.248153 0.271411 0.295254 0.31951 0.344 0.368539 0.392939 0.417014 0.440585 0.463477 0.48553 0.506593 0.526531 0.545223 0.562565 0.578466 0.592851 0.605659 0.616838 0.626351 0.634169 0.640269 0.644636 0.647259 0.648135 0.647259 0.644636 0.640269 0.634169 0.626351 0.616838 0.605659 0.592851 0.578466 0.562565 0.545223 0.526531 0.506593 0.48553 0.463477 0.440585 0.417014 0.392939 0.368539 0.344 0.31951 0.295254 0.271411 0.248153 0.225636 0.204003 0.183378 0.163866 0.145548 0.128485 0.112714 0.0982526 0.0850956 0.0732205 0.0625882 0.0531454 0.0448278 0.0375625 0.0312709 0.0258714 0.021282 0.0174224 0.0142159 0.0115915 0.00948523 0.00784103 0.00661205 0.00576113 0.00526141 
0.00559094 0.00577046 0.00631484 0.0072415 0.00857921 0.0103677 0.0126571 0.0155072 0.018986 0.0231692 0.0281377 0.0339762 0.040771 0.0486074 0.0575667 0.0677239 0.0791443 0.0918808 0.105971 0.121433 0.138268 0.156452 0.17594 0.196662 0.218525 0.241415 0.265195 0.28971 0.31479 0.340254 0.365909 0.391561 0.417014 0.442075 0.466556 0.490282 0.513088 0.534825 0.555357 0.574567 0.592354 0.608632 0.623332 0.636398 0.647786 0.657464 0.665407 0.6716 0.67603 0.67869 0.679578 0.67869 0.67603 0.6716 0.665407 0.657464 0.647786 0.636398 0.623332 0.608632 0.592354 0.574567 0.555357 0.534825 0.513088 0.490282 0.466556 0.442075 0.417014 0.391561 0.365909 0.340254 0.31479 0.28971 0.265195 0.241415 0.218525 0.196662 0.17594 0.156452 0.138268 0.121433 0.105971 0.0918808 0.0791443 0.0677239 0.0575667 0.0486074 0.040771 0.0339762 0.0281377 0.0231692 0.018986 0.0155072 0.0126571 0.0103677 0.00857921 0.0072415 0.00631484 0.00577046 
0.00609891 0.00629346 0.00688335 0.00788714 0.0093355 0.0112708 0.0137462 0.0168252 0.0205801 0.0250907 0.0304422 0.0367237 0.0440253 0.0524356 0.0620387 0.0729112 0.0851188 0.0987135 0.113731 0.130186 0.148072 0.167361 0.187999 0.209905 0.232977 0.257087 0.282088 0.307813 0.334078 0.360691 0.38745 0.414149 0.440585 0.466556 0.491873 0.516355 0.539836 0.562168 0.583218 0.602871 0.621031 0.637619 0.652572 0.665839 0.677385 0.687184 0.695217 0.701474 0.705946 0.70863 0.709525 0.70863 0.705946 0.701474 0.695217 0.687184 0.677385 0.665839 0.652572 0.637619 0.621031 0.602871 0.583218 0.562168 0.539836 0.516355 0.491873 0.466556 0.440585 0.414149 0.38745 0.360691 0.334078 0.307813 0.282088 0.257087 0.232977 0.209905 0.187999 0.167361 0.148072 0.130186 0.113731 0.0987135 0.0851188 0.0729112 0.0620387 0.0524356 0.0440253 0.0367237 0.0304422 0.0250907 0.0205801 0.0168252 0.0137462 0.0112708 0.0093355 0.00788714 0.00688335 0.00629346 
0.00661619 0.00682594 0.00746177 0.00854342 0.0101034 0.0121866 0.0148494 0.0181588 0.022191 0.02703 0.0327653 0.0394899 0.0472975 0.05628 0.0665235 0.0781061 0.0910936 0.105537 0.121468 0.138899 0.157817 0.178186 0.199944 0.223 0.247241 0.272527 0.2987 0.325579 0.35297 0.380668 0.408461 0.436135 0.463477 0.490282 0.516355 0.541513 0.56559 0.588438 0.609929 0.629951 0.648415 0.665247 0.680391 0.693806 0.705461 0.715338 0.723426 0.729719 0.734213 0.73691 0.737809 0.73691 0.734213 0.729719 0.723426 0.715338 0.705461 0.693806 0.680391 0.665247 0.648415 0.629951 0.609929 0.588438 0.56559 0.541513 0.516355 0.490282 0.463477 0.436135 0.408461 0.380668 0.35297 0.325579 0.2987 0.272527 0.247241 0.223 0.199944 0.178186 0.157817 0.138899 0.121468 0.105537 0.0910936 0.0781061 0.0665235 0.05628 0.0472975 0.0394899 0.0327653 0.02703 0.022191 0.0181588 0.0148494 0.0121866 0.0101034 0.00854342 0.00746177 0.00682594 
0.00713795 0.00736289 0.00804471 0.00920423 0.0108758 0.0131068 0.0159565 0.0194956 0.0238039 0.0289695 0.0350859 0.0422498 0.0505584 0.0601061 0.0709813 0.0832628 0.0970163 0.112291 0.129116 0.147498 0.16742 0.188836 0.211676 0.235839 0.261202 0.287612 0.314899 0.34287 0.371321 0.400034 0.428787 0.457359 0.48553 0.513088 0.539836 0.56559 0.590184 0.613471 0.635328 0.655648 0.674348 0.691361 0.706639 0.720148 0.731867 0.741784 0.749894 0.756197 0.760695 0.763393 0.764292 0.763393 0.760695 0.756197 0.749894 0.741784 0.731867 0.720148 0.706639 0.691361 0.674348 0.655648 0.635328 0.613471 0.590184 0.56559 0.539836 0.513088 0.48553 0.457359 0.428787 0.400034 0.371321 0.34287 0.314899 0.287612 0.261202 0.235839 0.211676 0.188836 0.16742 0.147498 0.129116 0.112291 0.0970163 0.0832628 0.0709813 0.0601061 0.0505584 0.0422498 0.0350859 0.0289695 0.0238039 0.0194956 0.0159565 0.0131068 0.0108758 0.00920423 0.00804471 0.00736289 
0.00765892 0.00789893 0.00862631 0.00986296 0.011645 0.0140221 0.0170567 0.0208225 0.0254032 0.0308906 0.0373818 0.0449772 0.053777 0.0638782 0.0753708 0.088334 0.102833 0.118915 0.136606 0.155908 0.176796 0.199219 0.223096 0.248317 0.274746 0.30222 0.330557 0.359553 0.388992 0.418645 0.448283 0.477674 0.506593 0.534825 0.562168 0.588438 0.613471 0.637124 0.659275 0.679825 0.698698 0.715834 0.731193 0.744749 0.756489 0.76641 0.774512 0.780803 0.78529 0.787978 0.788874 0.787978 0.78529 0.780803 0.774512 0.76641 0.756489 0.744749 0.731193 0.715834 0.698698 0.679825 0.659275 0.637124 0.613471 0.588438 0.562168 0.534825 0.506593 0.477674 0.448283 0.418645 0.388992 0.359553 0.330557 0.30222 0.274746 0.248317 0.223096 0.199219 0.176796 0.155908 0.136606 0.118915 0.102833 0.088334 0.0753708 0.0638782 0.053777 0.0449772 0.0373818 0.0308906 0.0254032 0.0208225 0.0170567 0.0140221 0.011645 0.00986296 0.00862631 0.00789893 
0.00817354 0.00842833 0.00920039 0.0105127 0.0124029 0.0149232 0.0181385 0.022126 0.0269726 0.0327737 0.03963 0.0476451 0.056922 0.0675598 0.0796497 0.0932715 0.108489 0.125348 0.14387 0.164053 0.185865 0.209246 0.234107 0.260328 0.287762 0.316236 0.345554 0.375502 0.405853 0.43637 0.466812 0.496943 0.526531 0.555357 0.583218 0.609929 0.635328 0.659275 0.681654 0.702372 0.72136 0.738566 0.753958 0.767519 0.779244 0.789137 0.797207 0.803466 0.807925 0.810597 0.811486 0.810597 0.807925 0.803466 0.797207 0.789137 0.779244 0.767519 0.753958 0.738566 0.72136 0.702372 0.681654 0.659275 0.635328 0.609929 0.583218 0.555357 0.526531 0.496943 0.466812 0.43637 0.405853 0.375502 0.345554 0.316236 0.287762 0.260328 0.234107 0.209246 0.185865 0.164053 0.14387 0.125348 0.108489 0.0932715 0.0796497 0.0675598 0.056922 0.0476451 0.03963 0.0327737 0.0269726 0.022126 0.0181385 0.0149232 0.0124029 0.0105127 0.00920039 0.00842833 
0.008676 0.00894512 0.00976051 0.0111461 0.0131412 0.0158001 0.0191904 0.0233921 0.0284955 0.0345992 0.0418073 0.0502261 0.0599614 0.0711139 0.083776 0.0980274 0.113931 0.13153 0.150842 0.171859 0.194544 0.218828 0.244614 0.271772 0.300145 0.329547 0.359773 0.390598 0.421784 0.453085 0.484253 0.515045 0.545223 0.574567 0.602871 0.629951 0.655648 0.679825 0.702372 0.723203 0.742254 0.759484 0.774868 0.788398 0.800077 0.809916 0.817932 0.824142 0.828563 0.83121 0.832091 0.83121 0.828563 0.824142 0.817932 0.809916 0.800077 0.788398 0.774868 0.759484 0.742254 0.723203 0.702372 0.679825 0.655648 0.629951 0.602871 0.574567 0.545223 0.515045 0.484253 0.453085 0.421784 0.390598 0.359773 0.329547 0.300145 0.271772 0.244614 0.218828 0.194544 0.171859 0.150842 0.13153 0.113931 0.0980274 0.083776 0.0711139 0.0599614 0.0502261 0.0418073 0.0345992 0.0284955 0.0233921 0.0191904 0.0158001 0.0131412 0.0111461 0.00976051 0.00894512 
