0.00273195 0.00276117 0.002849 0.002996 0.00320306 0.0034714 0.00380254 0.00419825 0.00466051 0.00519143 0.00579323 0.00646813 0.0072183 0.00804576 0.00895234 0.00993953 0.0110085 0.0121598 0.0133937 0.0147097 0.0161065 0.0175822 0.019134 0.0207584 0.0224509 0.0242062 0.0260179 0.0278789 0.0297811 0.0317157 0.0336729 0.0356425 0.0376134 0.0395739 0.0415122 0.0434159 0.0452724 0.0470691 0.0487935 0.0504333 0.0519765 0.0534116 0.0547276 0.0559145 0.056963 0.0578648 0.0586128 0.059201 0.0596245 0.05988 0.0599654 0.05988 0.0596245 0.059201 0.0586128 0.0578648 0.056963 0.0559145 0.0547276 0.0534116 0.0519765 0.0504333 0.0487935 0.0470691 0.0452724 0.0434159 0.0415122 0.0395739 0.0376134 0.0356425 0.0336729 0.0317157 0.0297811 0.0278789 0.0260179 0.0242062 0.0224509 0.0207584 0.019134 0.0175822 0.0161065 0.0147097 0.0133937 0.0121598 0.0110085 0.00993953 0.00895234 0.00804576 0.0072183 0.00646813 0.00579323 0.00519143 0.00466051 0.00419825 0.00380254 0.0034714 0.00320306 0.002996 0.002849 0.00276117 
0.00276117 0.00279067 0.00287936 0.00302779 0.00323686 0.0035078 0.00384214 0.00424166 0.00470835 0.00524433 0.00585184 0.00653311 0.00729031 0.00812548 0.00904044 0.0100367 0.0111154 0.0122772 0.0135222 0.0148499 0.0162591 0.0177478 0.0193132 0.0209517 0.0226588 0.024429 0.0262561 0.0281328 0.0300509 0.0320016 0.033975 0.0359607 0.0379476 0.0399241 0.041878 0.0437968 0.0456681 0.0474791 0.0492171 0.0508698 0.052425 0.0538712 0.0551974 0.0563935 0.0574501 0.0583589 0.0591126 0.0597052 0.060132 0.0603895 0.0604755 0.0603895 0.060132 0.0597052 0.0591126 0.0583589 0.0574501 0.0563935 0.0551974 0.0538712 0.052425 0.0508698 0.0492171 0.0474791 0.0456681 0.0437968 0.041878 0.0399241 0.0379476 0.0359607 0.033975 0.0320016 0.0300509 0.0281328 0.0262561 0.024429 0.0226588 0.0209517 0.0193132 0.0177478 0.0162591 0.0148499 0.0135222 0.0122772 0.0111154 0.0100367 0.00904044 0.00812548 0.00729031 0.00653311 0.00585184 0.00524433 0.00470835 0.00424166 0.00384214 0.0035078 0.00323686 0.00302779 0.00287936 0.00279067 
0.002849 0.00287936 0.00297062 0.00312335 0.00333847 0.00361722 0.00396117 0.00437213 0.00485212 0.00540331 0.00602797 0.00672835 0.00750667 0.008365 0.00930516 0.0103287 0.0114367 0.0126298 0.0139082 0.0152712 0.0167175 0.0182452 0.0198513 0.0215321 0.0232829 0.0250982 0.0269714 0.0288952 0.0308611 0.0328599 0.0348818 0.036916 0.0389511 0.0409752 0.0429759 0.0449405 0.0468561 0.0487097 0.0504885 0.0521797 0.0537711 0.0552508 0.0566076 0.0578312 0.058912 0.0598416 0.0606125 0.0612186 0.0616552 0.0619185 0.0620065 0.0619185 0.0616552 0.0612186 0.0606125 0.0598416 0.058912 0.0578312 0.0566076 0.0552508 0.0537711 0.0521797 0.0504885 0.0487097 0.0468561 0.0449405 0.0429759 0.0409752 0.0389511 0.036916 0.0348818 0.0328599 0.0308611 0.0288952 0.0269714 0.0250982 0.0232829 0.0215321 0.0198513 0.0182452 0.0167175 0.0152712 0.0139082 0.0126298 0.0114367 0.0103287 0.00930516 0.008365 0.00750667 0.00672835 0.00602797 0.00540331 0.00485212 0.00437213 0.00396117 0.00361722 0.00333847 0.00312335 0.00297062 0.00287936 
0.002996 0.00302779 0.00312335 0.00328327 0.00350849 0.0038003 0.00416031 0.00459038 0.0050926 0.0056692 0.00632249 0.00705481 0.00786842 0.00876541 0.00974766 0.0108167 0.0119736 0.0132191 0.0145531 0.015975 0.0174834 0.0190762 0.0207502 0.0225016 0.0243254 0.0262158 0.0281659 0.0301681 0.0322137 0.034293 0.0363957 0.0385107 0.0406261 0.0427295 0.0448082 0.046849 0.0488384 0.0507631 0.0526098 0.0543653 0.0560169 0.0575524 0.0589602 0.0602295 0.0613507 0.0623149 0.0631145 0.0637431 0.0641958 0.0644689 0.0645601 0.0644689 0.0641958 0.0637431 0.0631145 0.0623149 0.0613507 0.0602295 0.0589602 0.0575524 0.0560169 0.0543653 0.0526098 0.0507631 0.0488384 0.046849 0.0448082 0.0427295 0.0406261 0.0385107 0.0363957 0.034293 0.0322137 0.0301681 0.0281659 0.0262158 0.0243254 0.0225016 0.0207502 0.0190762 0.0174834 0.015975 0.0145531 0.0132191 0.0119736 0.0108167 0.00974766 0.00876541 0.00786842 0.00705481 0.00632249 0.0056692 0.0050926 0.00459038 0.00416031 0.0038003 0.00350849 0.00328327 0.00312335 0.00302779 
0.00320306 0.00323686 0.00333847 0.00350849 0.00374791 0.00405807 0.00444065 0.00489758 0.00543104 0.00604333 0.00673687 0.00751405 0.00837721 0.0093285 0.0103698 0.0115028 0.0127284 0.0140473 0.0154594 0.0169639 0.0185594 0.0202435 0.0220128 0.0238631 0.0257892 0.0277848 0.0298429 0.031955 0.0341121 0.0363041 0.03852 0.0407481 0.0429759 0.0451905 0.0473784 0.0495257 0.0516186 0.0536428 0.0555845 0.0574299 0.0591657 0.0607791 0.0622582 0.0635917 0.0647692 0.0657818 0.0666215 0.0672816 0.0677569 0.0680436 0.0681394 0.0680436 0.0677569 0.0672816 0.0666215 0.0657818 0.0647692 0.0635917 0.0622582 0.0607791 0.0591657 0.0574299 0.0555845 0.0536428 0.0516186 0.0495257 0.0473784 0.0451905 0.0429759 0.0407481 0.03852 0.0363041 0.0341121 0.031955 0.0298429 0.0277848 0.0257892 0.0238631 0.0220128 0.0202435 0.0185594 0.0169639 0.0154594 0.0140473 0.0127284 0.0115028 0.0103698 0.0093285 0.00837721 0.00751405 0.00673687 0.00604333 0.00543104 0.00489758 0.00444065 0.00405807 0.00374791 0.00350849 0.00333847 0.00323686 
0.0034714 0.0035078 0.00361722 0.0038003 0.00405807 0.00439195 0.00480369 0.00529533 0.00586914 0.00652754 0.00727305 0.00810816 0.0090353 0.0100567 0.0111743 0.0123896 0.0137039 0.0151175 0.0166303 0.0182414 0.0199492 0.0217508 0.0236429 0.0256206 0.0276785 0.0298097 0.0320066 0.0342603 0.036561 0.0388979 0.0412594 0.0436329 0.0460053 0.0483628 0.050691 0.0529753 0.0552009 0.057353 0.0594167 0.0613776 0.0632215 0.0649352 0.0665057 0.0679214 0.0691714 0.0702461 0.0711372 0.0718377 0.072342 0.0726462 0.0727478 0.0726462 0.072342 0.0718377 0.0711372 0.0702461 0.0691714 0.0679214 0.0665057 0.0649352 0.0632215 0.0613776 0.0594167 0.057353 0.0552009 0.0529753 0.050691 0.0483628 0.0460053 0.0436329 0.0412594 0.0388979 0.036561 0.0342603 0.0320066 0.0298097 0.0276785 0.0256206 0.0236429 0.0217508 0.0199492 0.0182414 0.0166303 0.0151175 0.0137039 0.0123896 0.0111743 0.0100567 0.0090353 0.00810816 0.00727305 0.00652754 0.00586914 0.00529533 0.00480369 0.00439195 0.00405807 0.0038003 0.00361722 0.0035078 
0.00380254 0.00384214 0.00396117 0.00416031 0.00444065 0.00480369 0.00525129 0.0057856 0.00640901 0.00712408 0.00793345 0.00883973 0.00984545 0.0109529 0.0121641 0.0134807 0.0149037 0.0164335 0.0180698 0.0198116 0.021657 0.0236028 0.0256452 0.0277791 0.0299983 0.0322955 0.0346623 0.0370892 0.0395655 0.0420797 0.0446192 0.0471706 0.0497196 0.0522516 0.0547513 0.0572029 0.0595907 0.0618988 0.0641114 0.0662132 0.0681892 0.070025 0.0717072 0.0732231 0.0745615 0.0757119 0.0766657 0.0774154 0.0779551 0.0782806 0.0783894 0.0782806 0.0779551 0.0774154 0.0766657 0.0757119 0.0745615 0.0732231 0.0717072 0.070025 0.0681892 0.0662132 0.0641114 0.0618988 0.0595907 0.0572029 0.0547513 0.0522516 0.0497196 0.0471706 0.0446192 0.0420797 0.0395655 0.0370892 0.0346623 0.0322955 0.0299983 0.0277791 0.0256452 0.0236028 0.021657 0.0198116 0.0180698 0.0164335 0.0149037 0.0134807 0.0121641 0.0109529 0.00984545 0.00883973 0.00793345 0.00712408 0.00640901 0.0057856 0.00525129 0.00480369 0.00444065 0.00416031 0.00396117 0.00384214 
0.00419825 0.00424166 0.00437213 0.00459038 0.00489758 0.00529533 0.0057856 0.00637067 0.00705309 0.00783556 0.00872086 0.00971175 0.0108109 0.0120206 0.0133431 0.0147798 0.0163318 0.0179995 0.0197824 0.0216793 0.0236877 0.0258045 0.0280251 0.0303439 0.0327541 0.0352478 0.0378158 0.0404475 0.0431316 0.0458554 0.0486054 0.0513669 0.0541247 0.0568628 0.0595649 0.062214 0.0647932 0.0672854 0.0696737 0.0719417 0.0740732 0.0760531 0.0778669 0.0795011 0.0809435 0.0821832 0.0832108 0.0840185 0.0845998 0.0849505 0.0850677 0.0849505 0.0845998 0.0840185 0.0832108 0.0821832 0.0809435 0.0795011 0.0778669 0.0760531 0.0740732 0.0719417 0.0696737 0.0672854 0.0647932 0.062214 0.0595649 0.0568628 0.0541247 0.0513669 0.0486054 0.0458554 0.0431316 0.0404475 0.0378158 0.0352478 0.0327541 0.0303439 0.0280251 0.0258045 0.0236877 0.0216793 0.0197824 0.0179995 0.0163318 0.0147798 0.0133431 0.0120206 0.0108109 0.00971175 0.00872086 0.00783556 0.00705309 0.00637067 0.0057856 0.00529533 0.00489758 0.00459038 0.00437213 0.00424166 
0.00466051 0.00470835 0.00485212 0.0050926 0.00543104 0.00586914 0.00640901 0.00705309 0.00780408 0.00866486 0.00963836 0.0107275 0.011935 0.0132635 0.014715 0.0162911 0.0179928 0.0198203 0.0217731 0.0238495 0.0260468 0.0283614 0.0307881 0.0333208 0.035952 0.0386728 0.0414731 0.0443415 0.0472655 0.0502312 0.0532239 0.0562277 0.0592262 0.062202 0.0651373 0.0680139 0.0708134 0.0735176 0.0761081 0.0785673 0.080878 0.0830235 0.0849886 0.0867587 0.0883208 0.0896631 0.0907757 0.0916499 0.0922792 0.0926587 0.0927855 0.0926587 0.0922792 0.0916499 0.0907757 0.0896631 0.0883208 0.0867587 0.0849886 0.0830235 0.080878 0.0785673 0.0761081 0.0735176 0.0708134 0.0680139 0.0651373 0.062202 0.0592262 0.0562277 0.0532239 0.0502312 0.0472655 0.0443415 0.0414731 0.0386728 0.035952 0.0333208 0.0307881 0.0283614 0.0260468 0.0238495 0.0217731 0.0198203 0.0179928 0.0162911 0.014715 0.0132635 0.011935 0.0107275 0.00963836 0.00866486 0.00780408 0.00705309 0.00640901 0.00586914 0.00543104 0.0050926 0.00485212 0.00470835 
0.00519143 0.00524433 0.00540331 0.0056692 0.00604333 0.00652754 0.00712408 0.00783556 0.00866486 0.00961503 0.0106892 0.0118904 0.0132217 0.0146855 0.016284 0.0180189 0.0198911 0.0219007 0.0240467 0.0263274 0.0287396 0.031279 0.03394 0.0367157 0.0395977 0.0425762 0.0456402 0.048777 0.0519728 0.0552127 0.0584803 0.0617586 0.0650295 0.0682742 0.0714733 0.0746071 0.0776558 0.0805994 0.0834185 0.0860936 0.0886064 0.090939 0.0930748 0.0949983 0.0966954 0.0981535 0.0993617 0.100311 0.100994 0.101406 0.101544 0.101406 0.100994 0.100311 0.0993617 0.0981535 0.0966954 0.0949983 0.0930748 0.090939 0.0886064 0.0860936 0.0834185 0.0805994 0.0776558 0.0746071 0.0714733 0.0682742 0.0650295 0.0617586 0.0584803 0.0552127 0.0519728 0.048777 0.0456402 0.0425762 0.0395977 0.0367157 0.03394 0.031279 0.0287396 0.0263274 0.0240467 0.0219007 0.0198911 0.0180189 0.016284 0.0146855 0.0132217 0.0118904 0.0106892 0.00961503 0.00866486 0.00783556 0.00712408 0.00652754 0.00604333 0.0056692 0.00540331 0.00524433 
0.00579323 0.00585184 0.00602797 0.00632249 0.00673687 0.00727305 0.00793345 0.00872086 0.00963836 0.0106892 0.0118767 0.0132041 0.0146745 0.0162905 0.0180544 0.0199678 0.0220315 0.0242454 0.0266083 0.0291181 0.0317712 0.0345627 0.0374862 0.040534 0.0436967 0.0469637 0.0503224 0.0537592 0.0572589 0.0608049 0.0643796 0.0679641 0.0715389 0.0750833 0.0785764 0.0819969 0.085323 0.0885334 0.0916067 0.0945222 0.0972598 0.0998004 0.102126 0.10422 0.106067 0.107654 0.108969 0.110001 0.110745 0.111193 0.111343 0.111193 0.110745 0.110001 0.108969 0.107654 0.106067 0.10422 0.102126 0.0998004 0.0972598 0.0945222 0.0916067 0.0885334 0.085323 0.0819969 0.0785764 0.0750833 0.0715389 0.0679641 0.0643796 0.0608049 0.0572589 0.0537592 0.0503224 0.0469637 0.0436967 0.040534 0.0374862 0.0345627 0.0317712 0.0291181 0.0266083 0.0242454 0.0220315 0.0199678 0.0180544 0.0162905 0.0146745 0.0132041 0.0118767 0.0106892 0.00963836 0.00872086 0.00793345 0.00727305 0.00673687 0.00632249 0.00602797 0.00585184 
0.00646813 0.00653311 0.00672835 0.00705481 0.00751405 0.00810816 0.00883973 0.00971175 0.0107275 0.0118904 0.0132041 0.0146719 0.016297 0.0180823 0.02003 0.0221417 0.0244181 0.0268588 0.0294625 0.0322265 0.0351466 0.0382173 0.0414315 0.0447805 0.0482538 0.0518397 0.0555243 0.0592925 0.0631276 0.0670116 0.0709249 0.0748472 0.0787568 0.0826316 0.0864486 0.0901845 0.0938159 0.0973196 0.100673 0.103852 0.106837 0.109606 0.11214 0.114421 0.116433 0.118161 0.119593 0.120717 0.121526 0.122014 0.122177 0.122014 0.121526 0.120717 0.119593 0.118161 0.116433 0.114421 0.11214 0.109606 0.106837 0.103852 0.100673 0.0973196 0.0938159 0.0901845 0.0864486 0.0826316 0.0787568 0.0748472 0.0709249 0.0670116 0.0631276 0.0592925 0.0555243 0.0518397 0.0482538 0.0447805 0.0414315 0.0382173 0.0351466 0.0322265 0.0294625 0.0268588 0.0244181 0.0221417 0.02003 0.0180823 0.016297 0.0146719 0.0132041 0.0118904 0.0107275 0.00971175 0.00883973 0.00810816 0.00751405 0.00705481 0.00672835 0.00653311 
0.0072183 0.00729031 0.00750667 0.00786842 0.00837721 0.0090353 0.00984545 0.0108109 0.011935 0.0132217 0.0146745 0.016297 0.0180927 0.0200645 0.0222146 0.0245445 0.0270548 0.029745 0.0326132 0.0356563 0.0388696 0.0422467 0.0457797 0.0494589 0.0532726 0.0572076 0.0612488 0.0653796 0.0695815 0.0738347 0.078118 0.0824089 0.086684 0.0909189 0.0950889 0.0991686 0.103133 0.106956 0.110613 0.11408 0.117333 0.120351 0.123112 0.125596 0.127787 0.129668 0.131227 0.13245 0.133331 0.133862 0.134039 0.133862 0.133331 0.13245 0.131227 0.129668 0.127787 0.125596 0.123112 0.120351 0.117333 0.11408 0.110613 0.106956 0.103133 0.0991686 0.0950889 0.0909189 0.086684 0.0824089 0.078118 0.0738347 0.0695815 0.0653796 0.0612488 0.0572076 0.0532726 0.0494589 0.0457797 0.0422467 0.0388696 0.0356563 0.0326132 0.029745 0.0270548 0.0245445 0.0222146 0.0200645 0.0180927 0.016297 0.0146745 0.0132217 0.011935 0.0108109 0.00984545 0.0090353 0.00837721 0.00786842 0.00750667 0.00729031 
0.00804576 0.00812548 0.008365 0.00876541 0.0093285 0.0100567 0.0109529 0.0120206 0.0132635 0.0146855 0.0162905 0.0180823 0.0200645 0.02224 0.0246111 0.0271792 0.0299448 0.0329069 0.0360635 0.0394107 0.0429432 0.0466538 0.0505335 0.0545715 0.0587549 0.0630691 0.0674973 0.0720213 0.0766208 0.081274 0.0859578 0.0906477 0.095318 0.0999424 0.104494 0.108945 0.113268 0.117435 0.121421 0.125198 0.128741 0.132026 0.135031 0.137735 0.140118 0.142164 0.143859 0.14519 0.146147 0.146725 0.146918 0.146725 0.146147 0.14519 0.143859 0.142164 0.140118 0.137735 0.135031 0.132026 0.128741 0.125198 0.121421 0.117435 0.113268 0.108945 0.104494 0.0999424 0.095318 0.0906477 0.0859578 0.081274 0.0766208 0.0720213 0.0674973 0.0630691 0.0587549 0.0545715 0.0505335 0.0466538 0.0429432 0.0394107 0.0360635 0.0329069 0.0299448 0.0271792 0.0246111 0.02224 0.0200645 0.0180823 0.0162905 0.0146855 0.0132635 0.0120206 0.0109529 0.0100567 0.0093285 0.00876541 0.008365 0.00812548 
0.00895234 0.00904044 0.00930516 0.00974766 0.0103698 0.0111743 0.0121641 0.0133431 0.014715 0.016284 0.0180544 0.02003 0.0222146 0.0246111 0.0272218 0.0300481 0.0330902 0.0363468 0.0398154 0.0434915 0.047369 0.0514398 0.0556938 0.0601189 0.064701 0.0694237 0.0742688 0.0792159 0.0842431 0.0893264 0.0944405 0.0995588 0.104653 0.109696 0.114656 0.119505 0.124212 0.128749 0.133085 0.137194 0.141047 0.144618 0.147884 0.150821 0.15341 0.155633 0.157473 0.158918 0.159958 0.160584 0.160794 0.160584 0.159958 0.158918 0.157473 0.155633 0.15341 0.150821 0.147884 0.144618 0.141047 0.137194 0.133085 0.128749 0.124212 0.119505 0.114656 0.109696 0.104653 0.0995588 0.0944405 0.0893264 0.0842431 0.0792159 0.0742688 0.0694237 0.064701 0.0601189 0.0556938 0.0514398 0.047369 0.0434915 0.0398154 0.0363468 0.0330902 0.0300481 0.0272218 0.0246111 0.0222146 0.02003 0.0180544 0.016284 0.014715 0.0133431 0.0121641 0.0111743 0.0103698 0.00974766 0.00930516 0.00904044 
0.00993953 0.0100367 0.0103287 0.0108167 0.0115028 0.0123896 0.0134807 0.0147798 0.0162911 0.0180189 0.0199678 0.0221417 0.0245445 0.0271792 0.0300481 0.0331524 0.0364921 0.0400655 0.0438694 0.0478988 0.0521467 0.0566039 0.0612594 0.0660994 0.0711085 0.0762685 0.0815594 0.0869589 0.092443 0.0979855 0.103559 0.109134 0.114681 0.120168 0.125564 0.130836 0.135952 0.140881 0.145591 0.150051 0.154233 0.158108 0.16165 0.164836 0.167643 0.170052 0.172047 0.173613 0.174739 0.175418 0.175645 0.175418 0.174739 0.173613 0.172047 0.170052 0.167643 0.164836 0.16165 0.158108 0.154233 0.150051 0.145591 0.140881 0.135952 0.130836 0.125564 0.120168 0.114681 0.109134 0.103559 0.0979855 0.092443 0.0869589 0.0815594 0.0762685 0.0711085 0.0660994 0.0612594 0.0566039 0.0521467 0.0478988 0.0438694 0.0400655 0.0364921 0.0331524 0.0300481 0.0271792 0.0245445 0.0221417 0.0199678 0.0180189 0.0162911 0.0147798 0.0134807 0.0123896 0.0115028 0.0108167 0.0103287 0.0100367 
0.0110085 0.0111154 0.0114367 0.0119736 0.0127284 0.0137039 0.0149037 0.0163318 0.0179928 0.0198911 0.0220315 0.0244181 0.0270548 0.0299448 0.0330902 0.0364921 0.04015 0.044062 0.0482243 0.052631 0.0572741 0.0621436 0.0672268 0.0725089 0.0779724 0.0835976 0.0893624 0.0952426 0.101212 0.107241 0.113302 0.119361 0.125386 0.131344 0.137201 0.14292 0.148469 0.153812 0.158915 0.163747 0.168275 0.17247 0.176304 0.179751 0.182788 0.185394 0.187551 0.189244 0.190462 0.191196 0.191441 0.191196 0.190462 0.189244 0.187551 0.185394 0.182788 0.179751 0.176304 0.17247 0.168275 0.163747 0.158915 0.153812 0.148469 0.14292 0.137201 0.131344 0.125386 0.119361 0.113302 0.107241 0.101212 0.0952426 0.0893624 0.0835976 0.0779724 0.0725089 0.0672268 0.0621436 0.0572741 0.052631 0.0482243 0.044062 0.04015 0.0364921 0.0330902 0.0299448 0.0270548 0.0244181 0.0220315 0.0198911 0.0179928 0.0163318 0.0149037 0.0137039 0.0127284 0.0119736 0.0114367 0.0111154 
0.0121598 0.0122772 0.0126298 0.0132191 0.0140473 0.0151175 0.0164335 0.0179995 0.0198203 0.0219007 0.0242454 0.0268588 0.029745 0.0329069 0.0363468 0.0400655 0.044062 0.0483341 0.052877 0.0576843 0.062747 0.0680535 0.0735901 0.0793402 0.0852846 0.0914018 0.0976676 0.104055 0.110536 0.11708 0.123653 0.130223 0.136752 0.143206 0.149546 0.155736 0.161738 0.167516 0.173032 0.178253 0.183145 0.187675 0.191814 0.195534 0.198811 0.201623 0.20395 0.205776 0.20709 0.207881 0.208146 0.207881 0.20709 0.205776 0.20395 0.201623 0.198811 0.195534 0.191814 0.187675 0.183145 0.178253 0.173032 0.167516 0.161738 0.155736 0.149546 0.143206 0.136752 0.130223 0.123653 0.11708 0.110536 0.104055 0.0976676 0.0914018 0.0852846 0.0793402 0.0735901 0.0680535 0.062747 0.0576843 0.052877 0.0483341 0.044062 0.0400655 0.0363468 0.0329069 0.029745 0.0268588 0.0242454 0.0219007 0.0198203 0.0179995 0.0164335 0.0151175 0.0140473 0.0132191 0.0126298 0.0122772 
0.0133937 0.0135222 0.0139082 0.0145531 0.0154594 0.0166303 0.0180698 0.0197824 0.0217731 0.0240467 0.0266083 0.0294625 0.0326132 0.0360635 0.0398154 0.0438694 0.0482243 0.052877 0.0578224 0.0630528 0.0685582 0.0743258 0.0803402 0.0865833 0.093034 0.0996687 0.106461 0.113382 0.1204 0.127483 0.134594 0.141698 0.148755 0.155726 0.162573 0.169254 0.17573 0.181961 0.187908 0.193535 0.198805 0.203684 0.208141 0.212146 0.215673 0.218698 0.221201 0.223166 0.224579 0.225431 0.225715 0.225431 0.224579 0.223166 0.221201 0.218698 0.215673 0.212146 0.208141 0.203684 0.198805 0.193535 0.187908 0.181961 0.17573 0.169254 0.162573 0.155726 0.148755 0.141698 0.134594 0.127483 0.1204 0.113382 0.106461 0.0996687 0.093034 0.0865833 0.0803402 0.0743258 0.0685582 0.0630528 0.0578224 0.052877 0.0482243 0.0438694 0.0398154 0.0360635 0.0326132 0.0294625 0.0266083 0.0240467 0.0217731 0.0197824 0.0180698 0.0166303 0.0154594 0.0145531 0.0139082 0.0135222 
0.0147097 0.0148499 0.0152712 0.015975 0.0169639 0.0182414 0.0198116 0.0216793 0.0238495 0.0263274 0.0291181 0.0322265 0.0356563 0.0394107 0.0434915 0.0478988 0.052631 0.0576843 0.0630528 0.0687278 0.0746981 0.0809495 0.0874651 0.0942247 0.101206 0.108382 0.115724 0.123202 0.130782 0.138427 0.146099 0.153759 0.161365 0.168876 0.176248 0.18344 0.190407 0.197109 0.203503 0.209551 0.215213 0.220453 0.225239 0.229538 0.233324 0.23657 0.239256 0.241363 0.242879 0.243792 0.244098 0.243792 0.242879 0.241363 0.239256 0.23657 0.233324 0.229538 0.225239 0.220453 0.215213 0.209551 0.203503 0.197109 0.190407 0.18344 0.176248 0.168876 0.161365 0.153759 0.146099 0.138427 0.130782 0.123202 0.115724 0.108382 0.101206 0.0942247 0.0874651 0.0809495 0.0746981 0.0687278 0.0630528 0.0576843 0.052631 0.0478988 0.0434915 0.0394107 0.0356563 0.0322265 0.0291181 0.0263274 0.0238495 0.0216793 0.0198116 0.0182414 0.0169639 0.015975 0.0152712 0.0148499 
0.0161065 0.0162591 0.0167175 0.0174834 0.0185594 0.0199492 0.021657 0.0236877 0.0260468 0.0287396 0.0317712 0.0351466 0.0388696 0.0429432 0.047369 0.0521467 0.0572741 0.062747 0.0685582 0.0746981 0.0811542 0.0879108 0.0949491 0.102247 0.109781 0.11752 0.125436 0.133493 0.141655 0.149884 0.158137 0.166374 0.174549 0.182618 0.190534 0.198253 0.205729 0.212916 0.219771 0.226252 0.232318 0.237931 0.243055 0.247657 0.251709 0.255182 0.258056 0.26031 0.261931 0.262908 0.263235 0.262908 0.261931 0.26031 0.258056 0.255182 0.251709 0.247657 0.243055 0.237931 0.232318 0.226252 0.219771 0.212916 0.205729 0.198253 0.190534 0.182618 0.174549 0.166374 0.158137 0.149884 0.141655 0.133493 0.125436 0.11752 0.109781 0.102247 0.0949491 0.0879108 0.0811542 0.0746981 0.0685582 0.062747 0.0572741 0.0521467 0.047369 0.0429432 0.0388696 0.0351466 0.0317712 0.0287396 0.0260468 0.0236877 0.021657 0.0199492 0.0185594 0.0174834 0.0167175 0.0162591 
0.0175822 0.0177478 0.0182452 0.0190762 0.0202435 0.0217508 0.0236028 0.0258045 0.0283614 0.031279 0.0345627 0.0382173 0.0422467 0.0466538 0.0514398 0.0566039 0.0621436 0.0680535 0.0743258 0.0809495 0.0879108 0.0951923 0.102774 0.110631 0.118736 0.12706 0.135569 0.144225 0.152989 0.16182 0.170675 0.179506 0.188267 0.19691 0.205387 0.213648 0.221645 0.229331 0.236659 0.243585 0.250065 0.256059 0.26153 0.266442 0.270765 0.274471 0.277536 0.279941 0.28167 0.282712 0.28306 0.282712 0.28167 0.279941 0.277536 0.274471 0.270765 0.266442 0.26153 0.256059 0.250065 0.243585 0.236659 0.229331 0.221645 0.213648 0.205387 0.19691 0.188267 0.179506 0.170675 0.16182 0.152989 0.144225 0.135569 0.12706 0.118736 0.110631 0.102774 0.0951923 0.0879108 0.0809495 0.0743258 0.0680535 0.0621436 0.0566039 0.0514398 0.0466538 0.0422467 0.0382173 0.0345627 0.031279 0.0283614 0.0258045 0.0236028 0.0217508 0.0202435 0.0190762 0.0182452 0.0177478 
0.019134 0.0193132 0.0198513 0.0207502 0.0220128 0.0236429 0.0256452 0.0280251 0.0307881 0.03394 0.0374862 0.0414315 0.0457797 0.0505335 0.0556938 0.0612594 0.0672268 0.0735901 0.0803402 0.0874651 0.0949491 0.102774 0.110916 0.11935 0.128047 0.136973 0.146092 0.155364 0.164749 0.174199 0.18367 0.193111 0.202473 0.211705 0.220755 0.229571 0.238102 0.246297 0.254108 0.261487 0.26839 0.274772 0.280596 0.285824 0.290424 0.294366 0.297626 0.300184 0.302022 0.30313 0.3035 0.30313 0.302022 0.300184 0.297626 0.294366 0.290424 0.285824 0.280596 0.274772 0.26839 0.261487 0.254108 0.246297 0.238102 0.229571 0.220755 0.211705 0.202473 0.193111 0.18367 0.174199 0.164749 0.155364 0.146092 0.136973 0.128047 0.11935 0.110916 0.102774 0.0949491 0.0874651 0.0803402 0.0735901 0.0672268 0.0612594 0.0556938 0.0505335 0.0457797 0.0414315 0.0374862 0.03394 0.0307881 0.0280251 0.0256452 0.0236429 0.0220128 0.0207502 0.0198513 0.0193132 
0.0207584 0.0209517 0.0215321 0.0225016 0.0238631 0.0256206 0.0277791 0.0303439 0.0333208 0.0367157 0.040534 0.0447805 0.0494589 0.0545715 0.0601189 0.0660994 0.0725089 0.0793402 0.0865833 0.0942247 0.102247 0.110631 0.11935 0.128378 0.137681 0.147225 0.15697 0.166875 0.176893 0.186977 0.197078 0.207142 0.217118 0.226949 0.236583 0.245964 0.255037 0.263751 0.272052 0.279892 0.287222 0.293999 0.30018 0.305728 0.310608 0.31479 0.318247 0.320959 0.322909 0.324083 0.324475 0.324083 0.322909 0.320959 0.318247 0.31479 0.310608 0.305728 0.30018 0.293999 0.287222 0.279892 0.272052 0.263751 0.255037 0.245964 0.236583 0.226949 0.217118 0.207142 0.197078 0.186977 0.176893 0.166875 0.15697 0.147225 0.137681 0.128378 0.11935 0.110631 0.102247 0.0942247 0.0865833 0.0793402 0.0725089 0.0660994 0.0601189 0.0545715 0.0494589 0.0447805 0.040534 0.0367157 0.0333208 0.0303439 0.0277791 0.0256206 0.0238631 0.0225016 0.0215321 0.0209517 
0.0224509 0.0226588 0.0232829 0.0243254 0.0257892 0.0276785 0.0299983 0.0327541 0.035952 0.0395977 0.0436967 0.0482538 0.0532726 0.0587549 0.064701 0.0711085 0.0779724 0.0852846 0.093034 0.101206 0.109781 0.118736 0.128047 0.137681 0.147605 0.15778 0.168164 0.178712 0.189377 0.200106 0.210848 0.221545 0.232143 0.242584 0.252809 0.262762 0.272385 0.281622 0.290419 0.298724 0.306487 0.313661 0.320203 0.326073 0.331235 0.335658 0.339314 0.342182 0.344242 0.345484 0.345899 0.345484 0.344242 0.342182 0.339314 0.335658 0.331235 0.326073 0.320203 0.313661 0.306487 0.298724 0.290419 0.281622 0.272385 0.262762 0.252809 0.242584 0.232143 0.221545 0.210848 0.200106 0.189377 0.178712 0.168164 0.15778 0.147605 0.137681 0.128047 0.118736 0.109781 0.101206 0.093034 0.0852846 0.0779724 0.0711085 0.064701 0.0587549 0.0532726 0.0482538 0.0436967 0.0395977 0.035952 0.0327541 0.0299983 0.0276785 0.0257892 0.0243254 0.0232829 0.0226588 
0.0242062 0.024429 0.0250982 0.0262158 0.0277848 0.0298097 0.0322955 0.0352478 0.0386728 0.0425762 0.0469637 0.0518397 0.0572076 0.0630691 0.0694237 0.0762685 0.0835976 0.0914018 0.0996687 0.108382 0.11752 0.12706 0.136973 0.147225 0.15778 0.168596 0.17963 0.190832 0.202151 0.213534 0.224924 0.236262 0.24749 0.258545 0.269368 0.279897 0.290073 0.299838 0.309133 0.317905 0.326103 0.333676 0.340579 0.346772 0.352217 0.356882 0.360737 0.36376 0.365932 0.367241 0.367678 0.367241 0.365932 0.36376 0.360737 0.356882 0.352217 0.346772 0.340579 0.333676 0.326103 0.317905 0.309133 0.299838 0.290073 0.279897 0.269368 0.258545 0.24749 0.236262 0.224924 0.213534 0.202151 0.190832 0.17963 0.168596 0.15778 0.147225 0.136973 0.12706 0.11752 0.108382 0.0996687 0.0914018 0.0835976 0.0762685 0.0694237 0.0630691 0.0572076 0.0518397 0.0469637 0.0425762 0.0386728 0.0352478 0.0322955 0.0298097 0.0277848 0.0262158 0.0250982 0.024429 
0.0260179 0.0262561 0.0269714 0.0281659 0.0298429 0.0320066 0.0346623 0.0378158 0.0414731 0.0456402 0.0503224 0.0555243 0.0612488 0.0674973 0.0742688 0.0815594 0.0893624 0.0976676 0.106461 0.115724 0.125436 0.135569 0.146092 0.15697 0.168164 0.17963 0.191319 0.203182 0.215163 0.227204 0.239248 0.251231 0.263091 0.274764 0.286186 0.297294 0.308025 0.318317 0.328112 0.337351 0.345982 0.353954 0.361219 0.367734 0.373461 0.378366 0.382419 0.385597 0.387881 0.389256 0.389716 0.389256 0.387881 0.385597 0.382419 0.378366 0.373461 0.367734 0.361219 0.353954 0.345982 0.337351 0.328112 0.318317 0.308025 0.297294 0.286186 0.274764 0.263091 0.251231 0.239248 0.227204 0.215163 0.203182 0.191319 0.17963 0.168164 0.15697 0.146092 0.135569 0.125436 0.115724 0.106461 0.0976676 0.0893624 0.0815594 0.0742688 0.0674973 0.0612488 0.0555243 0.0503224 0.0456402 0.0414731 0.0378158 0.0346623 0.0320066 0.0298429 0.0281659 0.0269714 0.0262561 
0.0278789 0.0281328 0.0288952 0.0301681 0.031955 0.0342603 0.0370892 0.0404475 0.0443415 0.048777 0.0537592 0.0592925 0.0653796 0.0720213 0.0792159 0.0869589 0.0952426 0.104055 0.113382 0.123202 0.133493 0.144225 0.155364 0.166875 0.178712 0.190832 0.203182 0.215708 0.228353 0.241056 0.253755 0.266383 0.278877 0.291167 0.303189 0.314874 0.326158 0.336977 0.347268 0.356973 0.366036 0.374403 0.382027 0.388862 0.394869 0.400012 0.404262 0.407594 0.409988 0.411429 0.411911 0.411429 0.409988 0.407594 0.404262 0.400012 0.394869 0.388862 0.382027 0.374403 0.366036 0.356973 0.347268 0.336977 0.326158 0.314874 0.303189 0.291167 0.278877 0.266383 0.253755 0.241056 0.228353 0.215708 0.203182 0.190832 0.178712 0.166875 0.155364 0.144225 0.133493 0.123202 0.113382 0.104055 0.0952426 0.0869589 0.0792159 0.0720213 0.0653796 0.0592925 0.0537592 0.048777 0.0443415 0.0404475 0.0370892 0.0342603 0.031955 0.0301681 0.0288952 0.0281328 
0.0297811 0.0300509 0.0308611 0.0322137 0.0341121 0.036561 0.0395655 0.0431316 0.0472655 0.0519728 0.0572589 0.0631276 0.0695815 0.0766208 0.0842431 0.092443 0.101212 0.110536 0.1204 0.130782 0.141655 0.152989 0.164749 0.176893 0.189377 0.202151 0.215163 0.228353 0.241662 0.255026 0.268378 0.28165 0.294775 0.30768 0.320297 0.332556 0.344389 0.35573 0.366514 0.376679 0.386169 0.394928 0.402906 0.410057 0.41634 0.421719 0.426163 0.429646 0.432148 0.433655 0.434158 0.433655 0.432148 0.429646 0.426163 0.421719 0.41634 0.410057 0.402906 0.394928 0.386169 0.376679 0.366514 0.35573 0.344389 0.332556 0.320297 0.30768 0.294775 0.28165 0.268378 0.255026 0.241662 0.228353 0.215163 0.202151 0.189377 0.176893 0.164749 0.152989 0.141655 0.130782 0.1204 0.110536 0.101212 0.092443 0.0842431 0.0766208 0.0695815 0.0631276 0.0572589 0.0519728 0.0472655 0.0431316 0.0395655 0.036561 0.0341121 0.0322137 0.0308611 0.0300509 
0.0317157 0.0320016 0.0328599 0.034293 0.0363041 0.0388979 0.0420797 0.0458554 0.0502312 0.0552127 0.0608049 0.0670116 0.0738347 0.081274 0.0893264 0.0979855 0.107241 0.11708 0.127483 0.138427 0.149884 0.16182 0.174199 0.186977 0.200106 0.213534 0.227204 0.241056 0.255026 0.269046 0.283047 0.296958 0.310708 0.324222 0.337428 0.350254 0.36263 0.374485 0.385755 0.396374 0.406284 0.415428 0.423755 0.431216 0.437771 0.443381 0.448015 0.451646 0.454255 0.455826 0.456351 0.455826 0.454255 0.451646 0.448015 0.443381 0.437771 0.431216 0.423755 0.415428 0.406284 0.396374 0.385755 0.374485 0.36263 0.350254 0.337428 0.324222 0.310708 0.296958 0.283047 0.269046 0.255026 0.241056 0.227204 0.213534 0.200106 0.186977 0.174199 0.16182 0.149884 0.138427 0.127483 0.11708 0.107241 0.0979855 0.0893264 0.081274 0.0738347 0.0670116 0.0608049 0.0552127 0.0502312 0.0458554 0.0420797 0.0388979 0.0363041 0.034293 0.0328599 0.0320016 
0.0336729 0.033975 0.0348818 0.0363957 0.03852 0.0412594 0.0446192 0.0486054 0.0532239 0.0584803 0.0643796 0.0709249 0.078118 0.0859578 0.0944405 0.103559 0.113302 0.123653 0.134594 0.146099 0.158137 0.170675 0.18367 0.197078 0.210848 0.224924 0.239248 0.253755 0.268378 0.283047 0.29769 0.312232 0.326598 0.340712 0.354498 0.367882 0.380791 0.393152 0.404897 0.415962 0.426284 0.435805 0.444472 0.452237 0.459056 0.464892 0.469711 0.473488 0.4762 0.477834 0.478379 0.477834 0.4762 0.473488 0.469711 0.464892 0.459056 0.452237 0.444472 0.435805 0.426284 0.415962 0.404897 0.393152 0.380791 0.367882 0.354498 0.340712 0.326598 0.312232 0.29769 0.283047 0.268378 0.253755 0.239248 0.224924 0.210848 0.197078 0.18367 0.170675 0.158137 0.146099 0.134594 0.123653 0.113302 0.103559 0.0944405 0.0859578 0.078118 0.0709249 0.0643796 0.0584803 0.0532239 0.0486054 0.0446192 0.0412594 0.03852 0.0363957 0.0348818 0.033975 
0.0356425 0.0359607 0.036916 0.0385107 0.0407481 0.0436329 0.0471706 0.0513669 0.0562277 0.0617586 0.0679641 0.0748472 0.0824089 0.0906477 0.0995588 0.109134 0.119361 0.130223 0.141698 0.153759 0.166374 0.179506 0.193111 0.207142 0.221545 0.236262 0.251231 0.266383 0.28165 0.296958 0.312232 0.327393 0.342364 0.357066 0.371421 0.385351 0.39878 0.411635 0.423846 0.435344 0.446067 0.455955 0.464954 0.473014 0.480091 0.486146 0.491145 0.495063 0.497876 0.49957 0.500136 0.49957 0.497876 0.495063 0.491145 0.486146 0.480091 0.473014 0.464954 0.455955 0.446067 0.435344 0.423846 0.411635 0.39878 0.385351 0.371421 0.357066 0.342364 0.327393 0.312232 0.296958 0.28165 0.266383 0.251231 0.236262 0.221545 0.207142 0.193111 0.179506 0.166374 0.153759 0.141698 0.130223 0.119361 0.109134 0.0995588 0.0906477 0.0824089 0.0748472 0.0679641 0.0617586 0.0562277 0.0513669 0.0471706 0.0436329 0.0407481 0.0385107 0.036916 0.0359607 
0.0376134 0.0379476 0.0389511 0.0406261 0.0429759 0.0460053 0.0497196 0.0541247 0.0592262 0.0650295 0.0715389 0.0787568 0.086684 0.095318 0.104653 0.114681 0.125386 0.136752 0.148755 0.161365 0.174549 0.188267 0.202473 0.217118 0.232143 0.24749 0.263091 0.278877 0.294775 0.310708 0.326598 0.342364 0.357926 0.373201 0.38811 0.402571 0.416507 0.429842 0.442504 0.454423 0.465535 0.475778 0.485098 0.493444 0.500769 0.507036 0.51221 0.516263 0.519173 0.520926 0.521511 0.520926 0.519173 0.516263 0.51221 0.507036 0.500769 0.493444 0.485098 0.475778 0.465535 0.454423 0.442504 0.429842 0.416507 0.402571 0.38811 0.373201 0.357926 0.342364 0.326598 0.310708 0.294775 0.278877 0.263091 0.24749 0.232143 0.217118 0.202473 0.188267 0.174549 0.161365 0.148755 0.136752 0.125386 0.114681 0.104653 0.095318 0.086684 0.0787568 0.0715389 0.0650295 0.0592262 0.0541247 0.0497196 0.0460053 0.0429759 0.0406261 0.0389511 0.0379476 
0.0395739 0.0399241 0.0409752 0.0427295 0.0451905 0.0483628 0.0522516 0.0568628 0.062202 0.0682742 0.0750833 0.0826316 0.0909189 0.0999424 0.109696 0.120168 0.131344 0.143206 0.155726 0.168876 0.182618 0.19691 0.211705 0.226949 0.242584 0.258545 0.274764 0.291167 0.30768 0.324222 0.340712 0.357066 0.373201 0.389033 0.404478 0.419453 0.433879 0.447678 0.460776 0.473101 0.484588 0.495174 0.504803 0.513423 0.520988 0.527458 0.532799 0.536982 0.539986 0.541795 0.542398 0.541795 0.539986 0.536982 0.532799 0.527458 0.520988 0.513423 0.504803 0.495174 0.484588 0.473101 0.460776 0.447678 0.433879 0.419453 0.404478 0.389033 0.373201 0.357066 0.340712 0.324222 0.30768 0.291167 0.274764 0.258545 0.242584 0.226949 0.211705 0.19691 0.182618 0.168876 0.155726 0.143206 0.131344 0.120168 0.109696 0.0999424 0.0909189 0.0826316 0.0750833 0.0682742 0.062202 0.0568628 0.0522516 0.0483628 0.0451905 0.0427295 0.0409752 0.0399241 
0.0415122 0.041878 0.0429759 0.0448082 0.0473784 0.050691 0.0547513 0.0595649 0.0651373 0.0714733 0.0785764 0.0864486 0.0950889 0.104494 0.114656 0.125564 0.137201 0.149546 0.162573 0.176248 0.190534 0.205387 0.220755 0.236583 0.252809 0.269368 0.286186 0.303189 0.320297 0.337428 0.354498 0.371421 0.38811 0.404478 0.42044 0.43591 0.450808 0.465052 0.478568 0.491283 0.503129 0.514043 0.523968 0.53285 0.540644 0.547308 0.552809 0.557117 0.56021 0.562072 0.562694 0.562072 0.56021 0.557117 0.552809 0.547308 0.540644 0.53285 0.523968 0.514043 0.503129 0.491283 0.478568 0.465052 0.450808 0.43591 0.42044 0.404478 0.38811 0.371421 0.354498 0.337428 0.320297 0.303189 0.286186 0.269368 0.252809 0.236583 0.220755 0.205387 0.190534 0.176248 0.162573 0.149546 0.137201 0.125564 0.114656 0.104494 0.0950889 0.0864486 0.0785764 0.0714733 0.0651373 0.0595649 0.0547513 0.050691 0.0473784 0.0448082 0.0429759 0.041878 
0.0434159 0.0437968 0.0449405 0.046849 0.0495257 0.0529753 0.0572029 0.062214 0.0680139 0.0746071 0.0819969 0.0901845 0.0991686 0.108945 0.119505 0.130836 0.14292 0.155736 0.169254 0.18344 0.198253 0.213648 0.229571 0.245964 0.262762 0.279897 0.297294 0.314874 0.332556 0.350254 0.367882 0.385351 0.402571 0.419453 0.43591 0.451855 0.467203 0.481874 0.495789 0.508875 0.521063 0.53229 0.542495 0.551628 0.559639 0.566488 0.57214 0.576566 0.579743 0.581656 0.582295 0.581656 0.579743 0.576566 0.57214 0.566488 0.559639 0.551628 0.542495 0.53229 0.521063 0.508875 0.495789 0.481874 0.467203 0.451855 0.43591 0.419453 0.402571 0.385351 0.367882 0.350254 0.332556 0.314874 0.297294 0.279897 0.262762 0.245964 0.229571 0.213648 0.198253 0.18344 0.169254 0.155736 0.14292 0.130836 0.119505 0.108945 0.0991686 0.0901845 0.0819969 0.0746071 0.0680139 0.062214 0.0572029 0.0529753 0.0495257 0.046849 0.0449405 0.0437968 
0.0452724 0.0456681 0.0468561 0.0488384 0.0516186 0.0552009 0.0595907 0.0647932 0.0708134 0.0776558 0.085323 0.0938159 0.103133 0.113268 0.124212 0.135952 0.148469 0.161738 0.17573 0.190407 0.205729 0.221645 0.238102 0.255037 0.272385 0.290073 0.308025 0.326158 0.344389 0.36263 0.380791 0.39878 0.416507 0.433879 0.450808 0.467203 0.482979 0.498054 0.512348 0.525786 0.538299 0.549821 0.560292 0.56966 0.577877 0.5849 0.590695 0.595233 0.59849 0.60045 0.601105 0.60045 0.59849 0.595233 0.590695 0.5849 0.577877 0.56966 0.560292 0.549821 0.538299 0.525786 0.512348 0.498054 0.482979 0.467203 0.450808 0.433879 0.416507 0.39878 0.380791 0.36263 0.344389 0.326158 0.308025 0.290073 0.272385 0.255037 0.238102 0.221645 0.205729 0.190407 0.17573 0.161738 0.148469 0.135952 0.124212 0.113268 0.103133 0.0938159 0.085323 0.0776558 0.0708134 0.0647932 0.0595907 0.0552009 0.0516186 0.0488384 0.0468561 0.0456681 
0.0470691 0.0474791 0.0487097 0.0507631 0.0536428 0.057353 0.0618988 0.0672854 0.0735176 0.0805994 0.0885334 0.0973196 0.106956 0.117435 0.128749 0.140881 0.153812 0.167516 0.181961 0.197109 0.212916 0.229331 0.246297 0.263751 0.281622 0.299838 0.318317 0.336977 0.35573 0.374485 0.393152 0.411635 0.429842 0.447678 0.465052 0.481874 0.498054 0.51351 0.528161 0.54193 0.554748 0.566547 0.577269 0.586858 0.595268 0.602454 0.608383 0.613025 0.616356 0.618362 0.619032 0.618362 0.616356 0.613025 0.608383 0.602454 0.595268 0.586858 0.577269 0.566547 0.554748 0.54193 0.528161 0.51351 0.498054 0.481874 0.465052 0.447678 0.429842 0.411635 0.393152 0.374485 0.35573 0.336977 0.318317 0.299838 0.281622 0.263751 0.246297 0.229331 0.212916 0.197109 0.181961 0.167516 0.153812 0.140881 0.128749 0.117435 0.106956 0.0973196 0.0885334 0.0805994 0.0735176 0.0672854 0.0618988 0.057353 0.0536428 0.0507631 0.0487097 0.0474791 
0.0487935 0.0492171 0.0504885 0.0526098 0.0555845 0.0594167 0.0641114 0.0696737 0.0761081 0.0834185 0.0916067 0.100673 0.110613 0.121421 0.133085 0.145591 0.158915 0.173032 0.187908 0.203503 0.219771 0.236659 0.254108 0.272052 0.290419 0.309133 0.328112 0.347268 0.366514 0.385755 0.404897 0.423846 0.442504 0.460776 0.478568 0.495789 0.512348 0.528161 0.543145 0.557224 0.570327 0.582385 0.59334 0.603136 0.611724 0.619063 0.625116 0.629855 0.633256 0.635303 0.635987 0.635303 0.633256 0.629855 0.625116 0.619063 0.611724 0.603136 0.59334 0.582385 0.570327 0.557224 0.543145 0.528161 0.512348 0.495789 0.478568 0.460776 0.442504 0.423846 0.404897 0.385755 0.366514 0.347268 0.328112 0.309133 0.290419 0.272052 0.254108 0.236659 0.219771 0.203503 0.187908 0.173032 0.158915 0.145591 0.133085 0.121421 0.110613 0.100673 0.0916067 0.0834185 0.0761081 0.0696737 0.0641114 0.0594167 0.0555845 0.0526098 0.0504885 0.0492171 
0.0504333 0.0508698 0.0521797 0.0543653 0.0574299 0.0613776 0.0662132 0.0719417 0.0785673 0.0860936 0.0945222 0.103852 0.11408 0.125198 0.137194 0.150051 0.163747 0.178253 0.193535 0.209551 0.226252 0.243585 0.261487 0.279892 0.298724 0.317905 0.337351 0.356973 0.376679 0.396374 0.415962 0.435344 0.454423 0.473101 0.491283 0.508875 0.525786 0.54193 0.557224 0.571591 0.584957 0.597256 0.608426 0.618412 0.627166 0.634645 0.640814 0.645642 0.649107 0.651193 0.651889 0.651193 0.649107 0.645642 0.640814 0.634645 0.627166 0.618412 0.608426 0.597256 0.584957 0.571591 0.557224 0.54193 0.525786 0.508875 0.491283 0.473101 0.454423 0.435344 0.415962 0.396374 0.376679 0.356973 0.337351 0.317905 0.298724 0.279892 0.261487 0.243585 0.226252 0.209551 0.193535 0.178253 0.163747 0.150051 0.137194 0.125198 0.11408 0.103852 0.0945222 0.0860936 0.0785673 0.0719417 0.0662132 0.0613776 0.0574299 0.0543653 0.0521797 0.0508698 
0.0519765 0.052425 0.0537711 0.0560169 0.0591657 0.0632215 0.0681892 0.0740732 0.080878 0.0886064 0.0972598 0.106837 0.117333 0.128741 0.141047 0.154233 0.168275 0.183145 0.198805 0.215213 0.232318 0.250065 0.26839 0.287222 0.306487 0.326103 0.345982 0.366036 0.386169 0.406284 0.426284 0.446067 0.465535 0.484588 0.503129 0.521063 0.538299 0.554748 0.570327 0.584957 0.598565 0.611084 0.622452 0.632613 0.641519 0.649126 0.6554 0.66031 0.663834 0.665954 0.666662 0.665954 0.663834 0.66031 0.6554 0.649126 0.641519 0.632613 0.622452 0.611084 0.598565 0.584957 0.570327 0.554748 0.538299 0.521063 0.503129 0.484588 0.465535 0.446067 0.426284 0.406284 0.386169 0.366036 0.345982 0.326103 0.306487 0.287222 0.26839 0.250065 0.232318 0.215213 0.198805 0.183145 0.168275 0.154233 0.141047 0.128741 0.117333 0.106837 0.0972598 0.0886064 0.080878 0.0740732 0.0681892 0.0632215 0.0591657 0.0560169 0.0537711 0.052425 
0.0534116 0.0538712 0.0552508 0.0575524 0.0607791 0.0649352 0.070025 0.0760531 0.0830235 0.090939 0.0998004 0.109606 0.120351 0.132026 0.144618 0.158108 0.17247 0.187675 0.203684 0.220453 0.237931 0.256059 0.274772 0.293999 0.313661 0.333676 0.353954 0.374403 0.394928 0.415428 0.435805 0.455955 0.475778 0.495174 0.514043 0.53229 0.549821 0.566547 0.582385 0.597256 0.611084 0.623803 0.63535 0.645669 0.654713 0.662437 0.668806 0.67379 0.677366 0.679519 0.680238 0.679519 0.677366 0.67379 0.668806 0.662437 0.654713 0.645669 0.63535 0.623803 0.611084 0.597256 0.582385 0.566547 0.549821 0.53229 0.514043 0.495174 0.475778 0.455955 0.435805 0.415428 0.394928 0.374403 0.353954 0.333676 0.313661 0.293999 0.274772 0.256059 0.237931 0.220453 0.203684 0.187675 0.17247 0.158108 0.144618 0.132026 0.120351 0.109606 0.0998004 0.090939 0.0830235 0.0760531 0.070025 0.0649352 0.0607791 0.0575524 0.0552508 0.0538712 
