7.5228e-05 7.75999e-05 8.48045e-05 9.7109e-05 0.00011496 0.000138985 0.000169994 0.000208982 0.000257127 0.000315793 0.000386519 0.00047102 0.000571168 0.00068898 0.000826595 0.000986244 0.00117022 0.00138082 0.00162032 0.0018909 0.00219462 0.00253328 0.00290844 0.00332129 0.00377261 0.00426269 0.00479127 0.0053575 0.00595986 0.00659617 0.00726353 0.00795834 0.00867628 0.00941238 0.010161 0.010916 0.0116707 0.012418 0.0131505 0.0138607 0.0145409 0.0151836 0.0157815 0.0163276 0.0168154 0.0172389 0.0175929 0.017873 0.0180757 0.0181983 0.0182393 0.0181983 0.0180757 0.017873 0.0175929 0.0172389 0.0168154 0.0163276 0.0157815 0.0151836 0.0145409 0.0138607 0.0131505 0.012418 0.0116707 0.010916 0.010161 0.00941238 0.00867628 0.00795834 0.00726353 0.00659617 0.00595986 0.0053575 0.00479127 0.00426269 0.00377261 0.00332129 0.00290844 0.00253328 0.00219462 0.0018909 0.00162032 0.00138082 0.00117022 0.000986244 0.000826595 0.00068898 0.000571168 0.00047102 0.000386519 0.000315793 0.000257127 0.000208982 0.000169994 0.000138985 0.00011496 9.7109e-05 8.48045e-05 7.75999e-05 
7.75999e-05 8.0042e-05 8.74594e-05 0.000100126 0.000118501 0.000143227 0.000175135 0.000215246 0.000264769 0.000325098 0.000397814 0.00048467 0.000587584 0.00070862 0.000849965 0.0010139 0.00120276 0.00141891 0.00166465 0.00194223 0.0022537 0.00260094 0.0029855 0.00340859 0.003871 0.004373 0.00491432 0.00549407 0.00611067 0.00676189 0.00744475 0.00815554 0.00888986 0.00964262 0.0104081 0.0111799 0.0119512 0.0127149 0.0134634 0.0141889 0.0148838 0.0155403 0.0161509 0.0167086 0.0172067 0.0176391 0.0180005 0.0182865 0.0184934 0.0186186 0.0186605 0.0186186 0.0184934 0.0182865 0.0180005 0.0176391 0.0172067 0.0167086 0.0161509 0.0155403 0.0148838 0.0141889 0.0134634 0.0127149 0.0119512 0.0111799 0.0104081 0.00964262 0.00888986 0.00815554 0.00744475 0.00676189 0.00611067 0.00549407 0.00491432 0.004373 0.003871 0.00340859 0.0029855 0.00260094 0.0022537 0.00194223 0.00166465 0.00141891 0.00120276 0.0010139 0.000849965 0.00070862 0.000587584 0.00048467 0.000397814 0.000325098 0.000264769 0.000215246 0.000175135 0.000143227 0.000118501 0.000100126 8.74594e-05 8.0042e-05 
8.48045e-05 8.74594e-05 9.55222e-05 0.000109288 0.000129251 0.000156103 0.000190739 0.000234255 0.00028795 0.000353322 0.000432064 0.000526055 0.000637347 0.000768146 0.000920785 0.00109769 0.00130136 0.00153428 0.00179892 0.00209762 0.00243257 0.00280572 0.0032187 0.00367275 0.00416867 0.0047067 0.0052865 0.00590706 0.00656667 0.00726289 0.00799251 0.00875156 0.0095353 0.0103383 0.0111544 0.0119769 0.0127985 0.0136116 0.0144082 0.0151801 0.0159191 0.0166171 0.0172661 0.0178587 0.0183878 0.018847 0.0192309 0.0195345 0.0197541 0.0198871 0.0199315 0.0198871 0.0197541 0.0195345 0.0192309 0.018847 0.0183878 0.0178587 0.0172661 0.0166171 0.0159191 0.0151801 0.0144082 0.0136116 0.0127985 0.0119769 0.0111544 0.0103383 0.0095353 0.00875156 0.00799251 0.00726289 0.00656667 0.00590706 0.0052865 0.0047067 0.00416867 0.00367275 0.0032187 0.00280572 0.00243257 0.00209762 0.00179892 0.00153428 0.00130136 0.00109769 0.000920785 0.000768146 0.000637347 0.000526055 0.000432064 0.000353322 0.00028795 0.000234255 0.000190739 0.000156103 0.000129251 0.000109288 9.55222e-05 8.74594e-05 
9.7109e-05 0.000100126 0.000109288 0.000124926 0.000147593 0.000178064 0.000217342 0.000266651 0.000327442 0.000401387 0.000490372 0.000596486 0.000722008 0.000869381 0.00104119 0.00124011 0.00146888 0.00173024 0.00202688 0.00236137 0.00273607 0.00315307 0.00361413 0.00412054 0.0046731 0.00527201 0.00591679 0.00660627 0.00733848 0.00811063 0.00891912 0.00975952 0.0106265 0.0115142 0.0124156 0.0133235 0.0142298 0.0151261 0.0160036 0.0168535 0.0176667 0.0184343 0.0191479 0.0197991 0.0203803 0.0208847 0.0213061 0.0216394 0.0218805 0.0220264 0.0220752 0.0220264 0.0218805 0.0216394 0.0213061 0.0208847 0.0203803 0.0197991 0.0191479 0.0184343 0.0176667 0.0168535 0.0160036 0.0151261 0.0142298 0.0133235 0.0124156 0.0115142 0.0106265 0.00975952 0.00891912 0.00811063 0.00733848 0.00660627 0.00591679 0.00527201 0.0046731 0.00412054 0.00361413 0.00315307 0.00273607 0.00236137 0.00202688 0.00173024 0.00146888 0.00124011 0.00104119 0.000869381 0.000722008 0.000596486 0.000490372 0.000401387 0.000327442 0.000266651 0.000217342 0.000178064 0.000147593 0.000124926 0.000109288 0.000100126 
0.00011496 0.000118501 0.000129251 0.000147593 0.000174164 0.000209862 0.000255838 0.000313504 0.000384529 0.000470831 0.000574572 0.000698142 0.000844141 0.00101535 0.00121471 0.00144525 0.00171007 0.00201224 0.00235479 0.00274057 0.0031722 0.003652 0.00418184 0.00476313 0.00539664 0.00608251 0.00682007 0.00760788 0.0084436 0.00932397 0.0102448 0.011201 0.0121866 0.0131946 0.0142174 0.0152465 0.016273 0.0172874 0.0182799 0.0192403 0.0201588 0.0210253 0.0218302 0.0225645 0.0232196 0.0237879 0.0242626 0.0246379 0.0249093 0.0250735 0.0251285 0.0250735 0.0249093 0.0246379 0.0242626 0.0237879 0.0232196 0.0225645 0.0218302 0.0210253 0.0201588 0.0192403 0.0182799 0.0172874 0.016273 0.0152465 0.0142174 0.0131946 0.0121866 0.011201 0.0102448 0.00932397 0.0084436 0.00760788 0.00682007 0.00608251 0.00539664 0.00476313 0.00418184 0.003652 0.0031722 0.00274057 0.00235479 0.00201224 0.00171007 0.00144525 0.00121471 0.00101535 0.000844141 0.000698142 0.000574572 0.000470831 0.000384529 0.000313504 0.000255838 0.000209862 0.000174164 0.000147593 0.000129251 0.000118501 
0.000138985 0.000143227 0.000156103 0.000178064 0.000209862 0.000252549 0.000307481 0.000376316 0.000461008 0.000563803 0.000687225 0.000834063 0.00100734 0.00121028 0.00144629 0.00171886 0.00203155 0.00238789 0.00279131 0.00324506 0.00375209 0.00431496 0.00493576 0.00561597 0.00635636 0.00715694 0.00801681 0.00893416 0.00990614 0.0109289 0.0119974 0.0131058 0.0142469 0.0154129 0.0165947 0.0177828 0.0189668 0.0201357 0.0212785 0.0223836 0.0234395 0.0244351 0.0253595 0.0262022 0.0269538 0.0276054 0.0281496 0.0285797 0.0288906 0.0290788 0.0291417 0.0290788 0.0288906 0.0285797 0.0281496 0.0276054 0.0269538 0.0262022 0.0253595 0.0244351 0.0234395 0.0223836 0.0212785 0.0201357 0.0189668 0.0177828 0.0165947 0.0154129 0.0142469 0.0131058 0.0119974 0.0109289 0.00990614 0.00893416 0.00801681 0.00715694 0.00635636 0.00561597 0.00493576 0.00431496 0.00375209 0.00324506 0.00279131 0.00238789 0.00203155 0.00171886 0.00144629 0.00121028 0.00100734 0.000834063 0.000687225 0.000563803 0.000461008 0.000376316 0.000307481 0.000252549 0.000209862 0.000178064 0.000156103 0.000143227 
0.000169994 0.000175135 0.000190739 0.000217342 0.000255838 0.000307481 0.000373884 0.000457012 0.000559183 0.000683056 0.000831613 0.00100814 0.00121619 0.00145956 0.0017422 0.00206822 0.00244173 0.00286682 0.00334745 0.00388732 0.0044898 0.00515775 0.00589349 0.00669857 0.00757378 0.00851892 0.00953279 0.0106131 0.0117563 0.0129579 0.0142117 0.0155108 0.0168469 0.0182105 0.0195914 0.0209781 0.0223587 0.0237206 0.0250509 0.0263362 0.0275636 0.02872 0.0297929 0.0307706 0.0316421 0.0323974 0.0330279 0.0335261 0.0338862 0.034104 0.0341769 0.034104 0.0338862 0.0335261 0.0330279 0.0323974 0.0316421 0.0307706 0.0297929 0.02872 0.0275636 0.0263362 0.0250509 0.0237206 0.0223587 0.0209781 0.0195914 0.0182105 0.0168469 0.0155108 0.0142117 0.0129579 0.0117563 0.0106131 0.00953279 0.00851892 0.00757378 0.00669857 0.00589349 0.00515775 0.0044898 0.00388732 0.00334745 0.00286682 0.00244173 0.00206822 0.0017422 0.00145956 0.00121619 0.00100814 0.000831613 0.000683056 0.000559183 0.000457012 0.000373884 0.000307481 0.000255838 0.000217342 0.000190739 0.000175135 
0.000208982 0.000215246 0.000234255 0.000266651 0.000313504 0.000376316 0.000457012 0.00055794 0.000681862 0.00083194 0.00101172 0.00122509 0.00147626 0.00176969 0.00211006 0.00250214 0.00295076 0.00346067 0.00403645 0.00468235 0.00540221 0.00619926 0.00707605 0.00803424 0.00907455 0.0101966 0.0113987 0.0126779 0.0140301 0.0154494 0.0169289 0.01846 0.0200329 0.0216365 0.0232587 0.0248861 0.0265049 0.0281002 0.0296571 0.0311603 0.0325945 0.0339449 0.0351971 0.0363375 0.0373534 0.0382336 0.0389679 0.0395481 0.0399674 0.0402209 0.0403058 0.0402209 0.0399674 0.0395481 0.0389679 0.0382336 0.0373534 0.0363375 0.0351971 0.0339449 0.0325945 0.0311603 0.0296571 0.0281002 0.0265049 0.0248861 0.0232587 0.0216365 0.0200329 0.01846 0.0169289 0.0154494 0.0140301 0.0126779 0.0113987 0.0101966 0.00907455 0.00803424 0.00707605 0.00619926 0.00540221 0.00468235 0.00403645 0.00346067 0.00295076 0.00250214 0.00211006 0.00176969 0.00147626 0.00122509 0.00101172 0.00083194 0.000681862 0.00055794 0.000457012 0.000376316 0.000313504 0.000266651 0.000234255 0.000215246 
0.000257127 0.000264769 0.00028795 0.000327442 0.000384529 0.000461008 0.000559183 0.000681862 0.000832339 0.00101438 0.00123221 0.00149043 0.00179404 0.00214829 0.00255869 0.00303086 0.00357042 0.00418292 0.00487363 0.00564747 0.00650878 0.00746124 0.00850763 0.0096497 0.0108881 0.012222 0.0136494 0.0151665 0.016768 0.0184472 0.0201955 0.0220027 0.0238571 0.0257458 0.0276543 0.0295671 0.0314678 0.0333394 0.0351642 0.0369247 0.0386031 0.0401824 0.0416458 0.0429778 0.0441638 0.0451909 0.0460475 0.0467241 0.047213 0.0475085 0.0476074 0.0475085 0.047213 0.0467241 0.0460475 0.0451909 0.0441638 0.0429778 0.0416458 0.0401824 0.0386031 0.0369247 0.0351642 0.0333394 0.0314678 0.0295671 0.0276543 0.0257458 0.0238571 0.0220027 0.0201955 0.0184472 0.016768 0.0151665 0.0136494 0.012222 0.0108881 0.0096497 0.00850763 0.00746124 0.00650878 0.00564747 0.00487363 0.00418292 0.00357042 0.00303086 0.00255869 0.00214829 0.00179404 0.00149043 0.00123221 0.00101438 0.000832339 0.000681862 0.000559183 0.000461008 0.000384529 0.000327442 0.00028795 0.000264769 
0.000315793 0.000325098 0.000353322 0.000401387 0.000470831 0.000563803 0.000683056 0.00083194 0.00101438 0.00123487 0.0014984 0.00181045 0.0021769 0.00260397 0.00309813 0.00366594 0.00431399 0.0050487 0.00587619 0.00680207 0.0078313 0.00896798 0.0102152 0.0115747 0.0130469 0.0146308 0.0163235 0.0181204 0.0200151 0.0219992 0.0240625 0.0261929 0.0283766 0.0305982 0.0328407 0.0350861 0.0373151 0.0395079 0.0416441 0.0437033 0.045665 0.0475095 0.0492176 0.0507714 0.0521543 0.0533512 0.0543492 0.0551372 0.0557063 0.0560504 0.0561656 0.0560504 0.0557063 0.0551372 0.0543492 0.0533512 0.0521543 0.0507714 0.0492176 0.0475095 0.045665 0.0437033 0.0416441 0.0395079 0.0373151 0.0350861 0.0328407 0.0305982 0.0283766 0.0261929 0.0240625 0.0219992 0.0200151 0.0181204 0.0163235 0.0146308 0.0130469 0.0115747 0.0102152 0.00896798 0.0078313 0.00680207 0.00587619 0.0050487 0.00431399 0.00366594 0.00309813 0.00260397 0.0021769 0.00181045 0.0014984 0.00123487 0.00101438 0.00083194 0.000683056 0.000563803 0.000470831 0.000401387 0.000353322 0.000325098 
0.000386519 0.000397814 0.000432064 0.000490372 0.000574572 0.000687225 0.000831613 0.00101172 0.00123221 0.0014984 0.00181621 0.00219211 0.00263303 0.00314628 0.00373942 0.00442014 0.00519608 0.00607468 0.00706297 0.00816737 0.0093935 0.0107459 0.0122279 0.0138413 0.0155863 0.0174613 0.0194625 0.0215844 0.023819 0.0261563 0.028584 0.0310879 0.0336515 0.0362567 0.0388837 0.0415113 0.0441173 0.0466786 0.0491716 0.0515726 0.0538583 0.0560059 0.0579934 0.0598003 0.0614076 0.0627981 0.0639571 0.0648719 0.0655325 0.0659318 0.0660654 0.0659318 0.0655325 0.0648719 0.0639571 0.0627981 0.0614076 0.0598003 0.0579934 0.0560059 0.0538583 0.0515726 0.0491716 0.0466786 0.0441173 0.0415113 0.0388837 0.0362567 0.0336515 0.0310879 0.028584 0.0261563 0.023819 0.0215844 0.0194625 0.0174613 0.0155863 0.0138413 0.0122279 0.0107459 0.0093935 0.00816737 0.00706297 0.00607468 0.00519608 0.00442014 0.00373942 0.00314628 0.00263303 0.00219211 0.00181621 0.0014984 0.00123221 0.00101172 0.000831613 0.000687225 0.000574572 0.000490372 0.000432064 0.000397814 
0.00047102 0.00048467 0.000526055 0.000596486 0.000698142 0.000834063 0.00100814 0.00122509 0.00149043 0.00181045 0.00219211 0.00264302 0.00317132 0.00378556 0.00449455 0.00530722 0.00623243 0.00727873 0.00845418 0.00976607 0.0112207 0.0128231 0.0145768 0.0164836 0.0185433 0.0207536 0.0231099 0.0256051 0.0282296 0.0309715 0.033816 0.0367464 0.0397433 0.0427855 0.0458499 0.0489119 0.0519456 0.0549245 0.0578215 0.0606092 0.063261 0.0657506 0.0680532 0.0701453 0.0720053 0.0736138 0.0749539 0.0760113 0.0767747 0.0772361 0.0773905 0.0772361 0.0767747 0.0760113 0.0749539 0.0736138 0.0720053 0.0701453 0.0680532 0.0657506 0.063261 0.0606092 0.0578215 0.0549245 0.0519456 0.0489119 0.0458499 0.0427855 0.0397433 0.0367464 0.033816 0.0309715 0.0282296 0.0256051 0.0231099 0.0207536 0.0185433 0.0164836 0.0145768 0.0128231 0.0112207 0.00976607 0.00845418 0.00727873 0.00623243 0.00530722 0.00449455 0.00378556 0.00317132 0.00264302 0.00219211 0.00181045 0.00149043 0.00122509 0.00100814 0.000834063 0.000698142 0.000596486 0.000526055 0.00048467 
0.000571168 0.000587584 0.000637347 0.000722008 0.000844141 0.00100734 0.00121619 0.00147626 0.00179404 0.0021769 0.00263303 0.00317132 0.00380127 0.00453283 0.00537622 0.00634176 0.00743965 0.00867968 0.010071 0.0116219 0.0133393 0.0152287 0.017294 0.0195366 0.021956 0.0245491 0.0273099 0.0302298 0.0332973 0.036498 0.0398147 0.0432273 0.0467135 0.0502484 0.0538053 0.0573556 0.0608698 0.0643171 0.0676664 0.0708868 0.0739477 0.0768193 0.0794734 0.0818834 0.0840248 0.0858758 0.0874173 0.0886333 0.0895111 0.0900414 0.0902188 0.0900414 0.0895111 0.0886333 0.0874173 0.0858758 0.0840248 0.0818834 0.0794734 0.0768193 0.0739477 0.0708868 0.0676664 0.0643171 0.0608698 0.0573556 0.0538053 0.0502484 0.0467135 0.0432273 0.0398147 0.036498 0.0332973 0.0302298 0.0273099 0.0245491 0.021956 0.0195366 0.017294 0.0152287 0.0133393 0.0116219 0.010071 0.00867968 0.00743965 0.00634176 0.00537622 0.00453283 0.00380127 0.00317132 0.00263303 0.0021769 0.00179404 0.00147626 0.00121619 0.00100734 0.000844141 0.000722008 0.000637347 0.000587584 
0.00068898 0.00070862 0.000768146 0.000869381 0.00101535 0.00121028 0.00145956 0.00176969 0.00214829 0.00260397 0.00314628 0.00378556 0.00453283 0.0053996 0.00639767 0.0075389 0.00883495 0.010297 0.0119353 0.0137591 0.0157762 0.0179926 0.020412 0.0230358 0.0258629 0.0288889 0.0321066 0.0355055 0.0390717 0.0427882 0.0466346 0.0505877 0.0546212 0.0587065 0.0628126 0.0669069 0.0709552 0.0749227 0.0787739 0.0824735 0.0859871 0.0892809 0.092323 0.0950837 0.0975354 0.0996535 0.101417 0.102807 0.103811 0.104417 0.10462 0.104417 0.103811 0.102807 0.101417 0.0996535 0.0975354 0.0950837 0.092323 0.0892809 0.0859871 0.0824735 0.0787739 0.0749227 0.0709552 0.0669069 0.0628126 0.0587065 0.0546212 0.0505877 0.0466346 0.0427882 0.0390717 0.0355055 0.0321066 0.0288889 0.0258629 0.0230358 0.020412 0.0179926 0.0157762 0.0137591 0.0119353 0.010297 0.00883495 0.0075389 0.00639767 0.0053996 0.00453283 0.00378556 0.00314628 0.00260397 0.00214829 0.00176969 0.00145956 0.00121028 0.00101535 0.000869381 0.000768146 0.00070862 
0.000826595 0.000849965 0.000920785 0.00104119 0.00121471 0.00144629 0.0017422 0.00211006 0.00255869 0.00309813 0.00373942 0.00449455 0.00537622 0.00639767 0.00757244 0.00891406 0.0104358 0.0121502 0.0140689 0.0162021 0.0185584 0.021144 0.0239629 0.027016 0.0303012 0.0338132 0.0375428 0.0414773 0.0456003 0.0498916 0.0543275 0.0588808 0.0635213 0.0682159 0.0729292 0.0776238 0.0822608 0.0868006 0.0912032 0.0954289 0.0994385 0.103194 0.106661 0.109805 0.112595 0.115005 0.11701 0.11859 0.11973 0.120419 0.12065 0.120419 0.11973 0.11859 0.11701 0.115005 0.112595 0.109805 0.106661 0.103194 0.0994385 0.0954289 0.0912032 0.0868006 0.0822608 0.0776238 0.0729292 0.0682159 0.0635213 0.0588808 0.0543275 0.0498916 0.0456003 0.0414773 0.0375428 0.0338132 0.0303012 0.027016 0.0239629 0.021144 0.0185584 0.0162021 0.0140689 0.0121502 0.0104358 0.00891406 0.00757244 0.00639767 0.00537622 0.00449455 0.00373942 0.00309813 0.00255869 0.00211006 0.0017422 0.00144629 0.00121471 0.00104119 0.000920785 0.000849965 
0.000986244 0.0010139 0.00109769 0.00124011 0.00144525 0.00171886 0.00206822 0.00250214 0.00303086 0.00366594 0.00442014 0.00530722 0.00634176 0.0075389 0.00891406 0.0104826 0.0122594 0.0142588 0.0164935 0.0189748 0.021712 0.0247117 0.0279777 0.0315104 0.0353067 0.0393597 0.0436582 0.048187 0.0529266 0.0578534 0.0629398 0.0681544 0.0734623 0.0788259 0.0842045 0.0895558 0.0948359 0.1 0.105003 0.109801 0.114349 0.118606 0.122533 0.126091 0.129247 0.131972 0.134238 0.136023 0.137311 0.138089 0.138349 0.138089 0.137311 0.136023 0.134238 0.131972 0.129247 0.126091 0.122533 0.118606 0.114349 0.109801 0.105003 0.1 0.0948359 0.0895558 0.0842045 0.0788259 0.0734623 0.0681544 0.0629398 0.0578534 0.0529266 0.048187 0.0436582 0.0393597 0.0353067 0.0315104 0.0279777 0.0247117 0.021712 0.0189748 0.0164935 0.0142588 0.0122594 0.0104826 0.00891406 0.0075389 0.00634176 0.00530722 0.00442014 0.00366594 0.00303086 0.00250214 0.00206822 0.00171886 0.00144525 0.00124011 0.00109769 0.0010139 
0.00117022 0.00120276 0.00130136 0.00146888 0.00171007 0.00203155 0.00244173 0.00295076 0.00357042 0.00431399 0.00519608 0.00623243 0.00743965 0.00883495 0.0104358 0.0122594 0.0143227 0.0166413 0.0192296 0.0220998 0.0252617 0.0287223 0.0324851 0.0365497 0.0409119 0.0455627 0.0504887 0.0556717 0.0610889 0.0667127 0.0725112 0.0784484 0.0844844 0.0905762 0.0966779 0.102742 0.108718 0.114557 0.120209 0.125623 0.130751 0.135547 0.139967 0.14397 0.147518 0.150579 0.153124 0.155129 0.156575 0.157448 0.15774 0.157448 0.156575 0.155129 0.153124 0.150579 0.147518 0.14397 0.139967 0.135547 0.130751 0.125623 0.120209 0.114557 0.108718 0.102742 0.0966779 0.0905762 0.0844844 0.0784484 0.0725112 0.0667127 0.0610889 0.0556717 0.0504887 0.0455627 0.0409119 0.0365497 0.0324851 0.0287223 0.0252617 0.0220998 0.0192296 0.0166413 0.0143227 0.0122594 0.0104358 0.00883495 0.00743965 0.00623243 0.00519608 0.00431399 0.00357042 0.00295076 0.00244173 0.00203155 0.00171007 0.00146888 0.00130136 0.00120276 
0.00138082 0.00141891 0.00153428 0.00173024 0.00201224 0.00238789 0.00286682 0.00346067 0.00418292 0.0050487 0.00607468 0.00727873 0.00867968 0.010297 0.0121502 0.0142588 0.0166413 0.0193154 0.0222964 0.0255978 0.02923 0.0332 0.0375108 0.0421611 0.0471451 0.0524516 0.0580646 0.0639624 0.0701185 0.0765009 0.083073 0.0897935 0.0966172 0.103495 0.110377 0.117207 0.123931 0.130494 0.136839 0.142912 0.148658 0.154028 0.158973 0.163448 0.167413 0.170832 0.173672 0.175909 0.177522 0.178495 0.178821 0.178495 0.177522 0.175909 0.173672 0.170832 0.167413 0.163448 0.158973 0.154028 0.148658 0.142912 0.136839 0.130494 0.123931 0.117207 0.110377 0.103495 0.0966172 0.0897935 0.083073 0.0765009 0.0701185 0.0639624 0.0580646 0.0524516 0.0471451 0.0421611 0.0375108 0.0332 0.02923 0.0255978 0.0222964 0.0193154 0.0166413 0.0142588 0.0121502 0.010297 0.00867968 0.00727873 0.00607468 0.0050487 0.00418292 0.00346067 0.00286682 0.00238789 0.00201224 0.00173024 0.00153428 0.00141891 
0.00162032 0.00166465 0.00179892 0.00202688 0.00235479 0.00279131 0.00334745 0.00403645 0.00487363 0.00587619 0.00706297 0.00845418 0.010071 0.0119353 0.0140689 0.0164935 0.0192296 0.0222964 0.0257109 0.0294873 0.0336365 0.0381654 0.0430764 0.048367 0.0540294 0.06005 0.0664094 0.0730825 0.0800383 0.0872401 0.0946459 0.102209 0.109878 0.117599 0.125313 0.132961 0.140482 0.147814 0.154895 0.161665 0.168066 0.174042 0.17954 0.184512 0.188915 0.192708 0.195859 0.198339 0.200127 0.201206 0.201566 0.201206 0.200127 0.198339 0.195859 0.192708 0.188915 0.184512 0.17954 0.174042 0.168066 0.161665 0.154895 0.147814 0.140482 0.132961 0.125313 0.117599 0.109878 0.102209 0.0946459 0.0872401 0.0800383 0.0730825 0.0664094 0.06005 0.0540294 0.048367 0.0430764 0.0381654 0.0336365 0.0294873 0.0257109 0.0222964 0.0192296 0.0164935 0.0140689 0.0119353 0.010071 0.00845418 0.00706297 0.00587619 0.00487363 0.00403645 0.00334745 0.00279131 0.00235479 0.00202688 0.00179892 0.00166465 
0.0018909 0.00194223 0.00209762 0.00236137 0.00274057 0.00324506 0.00388732 0.00468235 0.00564747 0.00680207 0.00816737 0.00976607 0.0116219 0.0137591 0.0162021 0.0189748 0.0220998 0.0255978 0.0294873 0.0337833 0.038497 0.0436349 0.0491988 0.0551843 0.0615816 0.068374 0.0755388 0.0830465 0.0908613 0.0989413 0.107239 0.115701 0.124271 0.132887 0.141485 0.149998 0.15836 0.166502 0.174357 0.18186 0.188946 0.195556 0.201632 0.207123 0.211982 0.216165 0.219639 0.222372 0.224341 0.225529 0.225926 0.225529 0.224341 0.222372 0.219639 0.216165 0.211982 0.207123 0.201632 0.195556 0.188946 0.18186 0.174357 0.166502 0.15836 0.149998 0.141485 0.132887 0.124271 0.115701 0.107239 0.0989413 0.0908613 0.0830465 0.0755388 0.068374 0.0615816 0.0551843 0.0491988 0.0436349 0.038497 0.0337833 0.0294873 0.0255978 0.0220998 0.0189748 0.0162021 0.0137591 0.0116219 0.00976607 0.00816737 0.00680207 0.00564747 0.00468235 0.00388732 0.00324506 0.00274057 0.00236137 0.00209762 0.00194223 
0.00219462 0.0022537 0.00243257 0.00273607 0.0031722 0.00375209 0.0044898 0.00540221 0.00650878 0.0078313 0.0093935 0.0112207 0.0133393 0.0157762 0.0185584 0.021712 0.0252617 0.02923 0.0336365 0.038497 0.0438227 0.0496198 0.0558887 0.0626233 0.069811 0.0774319 0.0854591 0.0938586 0.102589 0.111604 0.120848 0.130262 0.139784 0.149343 0.158871 0.168293 0.177535 0.186524 0.195186 0.203451 0.211249 0.218515 0.22519 0.231217 0.236546 0.241132 0.244937 0.24793 0.250086 0.251387 0.251821 0.251387 0.250086 0.24793 0.244937 0.241132 0.236546 0.231217 0.22519 0.218515 0.211249 0.203451 0.195186 0.186524 0.177535 0.168293 0.158871 0.149343 0.139784 0.130262 0.120848 0.111604 0.102589 0.0938586 0.0854591 0.0774319 0.069811 0.0626233 0.0558887 0.0496198 0.0438227 0.038497 0.0336365 0.02923 0.0252617 0.021712 0.0185584 0.0157762 0.0133393 0.0112207 0.0093935 0.0078313 0.00650878 0.00540221 0.0044898 0.00375209 0.0031722 0.00273607 0.00243257 0.0022537 
0.00253328 0.00260094 0.00280572 0.00315307 0.003652 0.00431496 0.00515775 0.00619926 0.00746124 0.00896798 0.0107459 0.0128231 0.0152287 0.0179926 0.021144 0.0247117 0.0287223 0.0332 0.0381654 0.0436349 0.0496198 0.0561254 0.0631505 0.0706868 0.0787186 0.0872223 0.0961665 0.105512 0.115212 0.125213 0.135454 0.14587 0.156388 0.166935 0.177432 0.187799 0.197956 0.207822 0.217319 0.226369 0.2349 0.242842 0.25013 0.256705 0.262515 0.267512 0.271655 0.274913 0.277259 0.278674 0.279146 0.278674 0.277259 0.274913 0.271655 0.267512 0.262515 0.256705 0.25013 0.242842 0.2349 0.226369 0.217319 0.207822 0.197956 0.187799 0.177432 0.166935 0.156388 0.14587 0.135454 0.125213 0.115212 0.105512 0.0961665 0.0872223 0.0787186 0.0706868 0.0631505 0.0561254 0.0496198 0.0436349 0.0381654 0.0332 0.0287223 0.0247117 0.021144 0.0179926 0.0152287 0.0128231 0.0107459 0.00896798 0.00746124 0.00619926 0.00515775 0.00431496 0.003652 0.00315307 0.00280572 0.00260094 
0.00290844 0.0029855 0.0032187 0.00361413 0.00418184 0.00493576 0.00589349 0.00707605 0.00850763 0.0102152 0.0122279 0.0145768 0.017294 0.020412 0.0239629 0.0279777 0.0324851 0.0375108 0.0430764 0.0491988 0.0558887 0.0631505 0.0709811 0.0793695 0.0882965 0.0977343 0.107647 0.117988 0.128707 0.139742 0.151025 0.162484 0.174041 0.185611 0.197112 0.208454 0.219553 0.23032 0.240671 0.250525 0.259803 0.268431 0.276342 0.283474 0.28977 0.295181 0.299667 0.303191 0.305728 0.307258 0.307769 0.307258 0.305728 0.303191 0.299667 0.295181 0.28977 0.283474 0.276342 0.268431 0.259803 0.250525 0.240671 0.23032 0.219553 0.208454 0.197112 0.185611 0.174041 0.162484 0.151025 0.139742 0.128707 0.117988 0.107647 0.0977343 0.0882965 0.0793695 0.0709811 0.0631505 0.0558887 0.0491988 0.0430764 0.0375108 0.0324851 0.0279777 0.0239629 0.020412 0.017294 0.0145768 0.0122279 0.0102152 0.00850763 0.00707605 0.00589349 0.00493576 0.00418184 0.00361413 0.0032187 0.0029855 
0.00332129 0.00340859 0.00367275 0.00412054 0.00476313 0.00561597 0.00669857 0.00803424 0.0096497 0.0115747 0.0138413 0.0164836 0.0195366 0.0230358 0.027016 0.0315104 0.0365497 0.0421611 0.048367 0.0551843 0.0626233 0.0706868 0.0793695 0.0886573 0.098527 0.108946 0.119873 0.131257 0.143037 0.155147 0.167512 0.180051 0.192678 0.205303 0.217833 0.230174 0.242234 0.253918 0.265137 0.275804 0.285837 0.295158 0.303695 0.311385 0.318168 0.323994 0.328821 0.332612 0.335339 0.336984 0.337533 0.336984 0.335339 0.332612 0.328821 0.323994 0.318168 0.311385 0.303695 0.295158 0.285837 0.275804 0.265137 0.253918 0.242234 0.230174 0.217833 0.205303 0.192678 0.180051 0.167512 0.155147 0.143037 0.131257 0.119873 0.108946 0.098527 0.0886573 0.0793695 0.0706868 0.0626233 0.0551843 0.048367 0.0421611 0.0365497 0.0315104 0.027016 0.0230358 0.0195366 0.0164836 0.0138413 0.0115747 0.0096497 0.00803424 0.00669857 0.00561597 0.00476313 0.00412054 0.00367275 0.00340859 
0.00377261 0.003871 0.00416867 0.0046731 0.00539664 0.00635636 0.00757378 0.00907455 0.0108881 0.0130469 0.0155863 0.0185433 0.021956 0.0258629 0.0303012 0.0353067 0.0409119 0.0471451 0.0540294 0.0615816 0.069811 0.0787186 0.0882965 0.098527 0.109383 0.120826 0.132808 0.145273 0.158153 0.171373 0.184852 0.198499 0.212222 0.225923 0.239501 0.252856 0.265888 0.278498 0.290591 0.302074 0.312862 0.322873 0.332035 0.340278 0.347544 0.353781 0.358944 0.362998 0.365913 0.367671 0.368258 0.367671 0.365913 0.362998 0.358944 0.353781 0.347544 0.340278 0.332035 0.322873 0.312862 0.302074 0.290591 0.278498 0.265888 0.252856 0.239501 0.225923 0.212222 0.198499 0.184852 0.171373 0.158153 0.145273 0.132808 0.120826 0.109383 0.098527 0.0882965 0.0787186 0.069811 0.0615816 0.0540294 0.0471451 0.0409119 0.0353067 0.0303012 0.0258629 0.021956 0.0185433 0.0155863 0.0130469 0.0108881 0.00907455 0.00757378 0.00635636 0.00539664 0.0046731 0.00416867 0.003871 
0.00426269 0.004373 0.0047067 0.00527201 0.00608251 0.00715694 0.00851892 0.0101966 0.012222 0.0146308 0.0174613 0.0207536 0.0245491 0.0288889 0.0338132 0.0393597 0.0455627 0.0524516 0.06005 0.068374 0.0774319 0.0872223 0.0977343 0.108946 0.120826 0.133329 0.146402 0.159981 0.173991 0.188349 0.202966 0.217743 0.232579 0.247368 0.262005 0.27638 0.290387 0.303923 0.316886 0.32918 0.340717 0.351411 0.361186 0.369975 0.377714 0.384353 0.389845 0.394155 0.397253 0.39912 0.399744 0.39912 0.397253 0.394155 0.389845 0.384353 0.377714 0.369975 0.361186 0.351411 0.340717 0.32918 0.316886 0.303923 0.290387 0.27638 0.262005 0.247368 0.232579 0.217743 0.202966 0.188349 0.173991 0.159981 0.146402 0.133329 0.120826 0.108946 0.0977343 0.0872223 0.0774319 0.068374 0.06005 0.0524516 0.0455627 0.0393597 0.0338132 0.0288889 0.0245491 0.0207536 0.0174613 0.0146308 0.012222 0.0101966 0.00851892 0.00715694 0.00608251 0.00527201 0.0047067 0.004373 
0.00479127 0.00491432 0.0052865 0.00591679 0.00682007 0.00801681 0.00953279 0.0113987 0.0136494 0.0163235 0.0194625 0.0231099 0.0273099 0.0321066 0.0375428 0.0436582 0.0504887 0.0580646 0.0664094 0.0755388 0.0854591 0.0961665 0.107647 0.119873 0.132808 0.146402 0.160595 0.175313 0.190476 0.205991 0.221761 0.23768 0.253637 0.269521 0.285217 0.30061 0.315587 0.330039 0.343862 0.356955 0.369225 0.380586 0.390961 0.400279 0.408478 0.415504 0.421314 0.425871 0.429145 0.431118 0.431777 0.431118 0.429145 0.425871 0.421314 0.415504 0.408478 0.400279 0.390961 0.380586 0.369225 0.356955 0.343862 0.330039 0.315587 0.30061 0.285217 0.269521 0.253637 0.23768 0.221761 0.205991 0.190476 0.175313 0.160595 0.146402 0.132808 0.119873 0.107647 0.0961665 0.0854591 0.0755388 0.0664094 0.0580646 0.0504887 0.0436582 0.0375428 0.0321066 0.0273099 0.0231099 0.0194625 0.0163235 0.0136494 0.0113987 0.00953279 0.00801681 0.00682007 0.00591679 0.0052865 0.00491432 
0.0053575 0.00549407 0.00590706 0.00660627 0.00760788 0.00893416 0.0106131 0.0126779 0.0151665 0.0181204 0.0215844 0.0256051 0.0302298 0.0355055 0.0414773 0.048187 0.0556717 0.0639624 0.0730825 0.0830465 0.0938586 0.105512 0.117988 0.131257 0.145273 0.159981 0.175313 0.191189 0.207519 0.224202 0.241133 0.258197 0.275276 0.292249 0.308996 0.325395 0.341328 0.356681 0.371344 0.385214 0.398197 0.410204 0.421156 0.430982 0.439621 0.447019 0.453132 0.457923 0.461365 0.463438 0.46413 0.463438 0.461365 0.457923 0.453132 0.447019 0.439621 0.430982 0.421156 0.410204 0.398197 0.385214 0.371344 0.356681 0.341328 0.325395 0.308996 0.292249 0.275276 0.258197 0.241133 0.224202 0.207519 0.191189 0.175313 0.159981 0.145273 0.131257 0.117988 0.105512 0.0938586 0.0830465 0.0730825 0.0639624 0.0556717 0.048187 0.0414773 0.0355055 0.0302298 0.0256051 0.0215844 0.0181204 0.0151665 0.0126779 0.0106131 0.00893416 0.00760788 0.00660627 0.00590706 0.00549407 
0.00595986 0.00611067 0.00656667 0.00733848 0.0084436 0.00990614 0.0117563 0.0140301 0.016768 0.0200151 0.023819 0.0282296 0.0332973 0.0390717 0.0456003 0.0529266 0.0610889 0.0701185 0.0800383 0.0908613 0.102589 0.115212 0.128707 0.143037 0.158153 0.173991 0.190476 0.207519 0.225021 0.242875 0.260965 0.279168 0.297359 0.315409 0.33319 0.350576 0.367441 0.383669 0.399146 0.413767 0.427434 0.440058 0.45156 0.46187 0.470924 0.478672 0.48507 0.490081 0.49368 0.495846 0.49657 0.495846 0.49368 0.490081 0.48507 0.478672 0.470924 0.46187 0.45156 0.440058 0.427434 0.413767 0.399146 0.383669 0.367441 0.350576 0.33319 0.315409 0.297359 0.279168 0.260965 0.242875 0.225021 0.207519 0.190476 0.173991 0.158153 0.143037 0.128707 0.115212 0.102589 0.0908613 0.0800383 0.0701185 0.0610889 0.0529266 0.0456003 0.0390717 0.0332973 0.0282296 0.023819 0.0200151 0.016768 0.0140301 0.0117563 0.00990614 0.0084436 0.00733848 0.00656667 0.00611067 
0.00659617 0.00676189 0.00726289 0.00811063 0.00932397 0.0109289 0.0129579 0.0154494 0.0184472 0.0219992 0.0261563 0.0309715 0.036498 0.0427882 0.0498916 0.0578534 0.0667127 0.0765009 0.0872401 0.0989413 0.111604 0.125213 0.139742 0.155147 0.171373 0.188349 0.205991 0.224202 0.242875 0.261893 0.281131 0.300459 0.319744 0.338848 0.357639 0.375982 0.39375 0.41082 0.427077 0.442413 0.45673 0.469938 0.481958 0.49272 0.502163 0.510236 0.516898 0.522113 0.525856 0.528109 0.528861 0.528109 0.525856 0.522113 0.516898 0.510236 0.502163 0.49272 0.481958 0.469938 0.45673 0.442413 0.427077 0.41082 0.39375 0.375982 0.357639 0.338848 0.319744 0.300459 0.281131 0.261893 0.242875 0.224202 0.205991 0.188349 0.171373 0.155147 0.139742 0.125213 0.111604 0.0989413 0.0872401 0.0765009 0.0667127 0.0578534 0.0498916 0.0427882 0.036498 0.0309715 0.0261563 0.0219992 0.0184472 0.0154494 0.0129579 0.0109289 0.00932397 0.00811063 0.00726289 0.00676189 
0.00726353 0.00744475 0.00799251 0.00891912 0.0102448 0.0119974 0.0142117 0.0169289 0.0201955 0.0240625 0.028584 0.033816 0.0398147 0.0466346 0.0543275 0.0629398 0.0725112 0.083073 0.0946459 0.107239 0.120848 0.135454 0.151025 0.167512 0.184852 0.202966 0.221761 0.241133 0.260965 0.281131 0.301499 0.321929 0.342279 0.362408 0.382174 0.40144 0.420072 0.437946 0.454942 0.470953 0.48588 0.499633 0.512134 0.523314 0.533114 0.541486 0.548388 0.553788 0.557662 0.559994 0.560772 0.559994 0.557662 0.553788 0.548388 0.541486 0.533114 0.523314 0.512134 0.499633 0.48588 0.470953 0.454942 0.437946 0.420072 0.40144 0.382174 0.362408 0.342279 0.321929 0.301499 0.281131 0.260965 0.241133 0.221761 0.202966 0.184852 0.167512 0.151025 0.135454 0.120848 0.107239 0.0946459 0.083073 0.0725112 0.0629398 0.0543275 0.0466346 0.0398147 0.033816 0.028584 0.0240625 0.0201955 0.0169289 0.0142117 0.0119974 0.0102448 0.00891912 0.00799251 0.00744475 
0.00795834 0.00815554 0.00875156 0.00975952 0.011201 0.0131058 0.0155108 0.01846 0.0220027 0.0261929 0.0310879 0.0367464 0.0432273 0.0505877 0.0588808 0.0681544 0.0784484 0.0897935 0.102209 0.115701 0.130262 0.14587 0.162484 0.180051 0.198499 0.217743 0.23768 0.258197 0.279168 0.300459 0.321929 0.343429 0.364812 0.385927 0.406628 0.426773 0.446225 0.464856 0.482546 0.499187 0.514679 0.528934 0.541875 0.553436 0.56356 0.5722 0.579318 0.584884 0.588875 0.591276 0.592077 0.591276 0.588875 0.584884 0.579318 0.5722 0.56356 0.553436 0.541875 0.528934 0.514679 0.499187 0.482546 0.464856 0.446225 0.426773 0.406628 0.385927 0.364812 0.343429 0.321929 0.300459 0.279168 0.258197 0.23768 0.217743 0.198499 0.180051 0.162484 0.14587 0.130262 0.115701 0.102209 0.0897935 0.0784484 0.0681544 0.0588808 0.0505877 0.0432273 0.0367464 0.0310879 0.0261929 0.0220027 0.01846 0.0155108 0.0131058 0.011201 0.00975952 0.00875156 0.00815554 
0.00867628 0.00888986 0.0095353 0.0106265 0.0121866 0.0142469 0.0168469 0.0200329 0.0238571 0.0283766 0.0336515 0.0397433 0.0467135 0.0546212 0.0635213 0.0734623 0.0844844 0.0966172 0.109878 0.124271 0.139784 0.156388 0.174041 0.192678 0.212222 0.232579 0.253637 0.275276 0.297359 0.319744 0.342279 0.364812 0.387184 0.409241 0.43083 0.451806 0.472028 0.491366 0.509699 0.52692 0.542929 0.55764 0.570978 0.58288 0.593292 0.60217 0.609477 0.615188 0.619281 0.621743 0.622564 0.621743 0.619281 0.615188 0.609477 0.60217 0.593292 0.58288 0.570978 0.55764 0.542929 0.52692 0.509699 0.491366 0.472028 0.451806 0.43083 0.409241 0.387184 0.364812 0.342279 0.319744 0.297359 0.275276 0.253637 0.232579 0.212222 0.192678 0.174041 0.156388 0.139784 0.124271 0.109878 0.0966172 0.0844844 0.0734623 0.0635213 0.0546212 0.0467135 0.0397433 0.0336515 0.0283766 0.0238571 0.0200329 0.0168469 0.0142469 0.0121866 0.0106265 0.0095353 0.00888986 
0.00941238 0.00964262 0.0103383 0.0115142 0.0131946 0.0154129 0.0182105 0.0216365 0.0257458 0.0305982 0.0362567 0.0427855 0.0502484 0.0587065 0.0682159 0.0788259 0.0905762 0.103495 0.117599 0.132887 0.149343 0.166935 0.185611 0.205303 0.225923 0.247368 0.269521 0.292249 0.315409 0.338848 0.362408 0.385927 0.409241 0.432189 0.454614 0.476366 0.497304 0.517294 0.536218 0.553965 0.570441 0.58556 0.599251 0.611453 0.622116 0.631199 0.63867 0.644505 0.648684 0.651197 0.652035 0.651197 0.648684 0.644505 0.63867 0.631199 0.622116 0.611453 0.599251 0.58556 0.570441 0.553965 0.536218 0.517294 0.497304 0.476366 0.454614 0.432189 0.409241 0.385927 0.362408 0.338848 0.315409 0.292249 0.269521 0.247368 0.225923 0.205303 0.185611 0.166935 0.149343 0.132887 0.117599 0.103495 0.0905762 0.0788259 0.0682159 0.0587065 0.0502484 0.0427855 0.0362567 0.0305982 0.0257458 0.0216365 0.0182105 0.0154129 0.0131946 0.0115142 0.0103383 0.00964262 
0.010161 0.0104081 0.0111544 0.0124156 0.0142174 0.0165947 0.0195914 0.0232587 0.0276543 0.0328407 0.0388837 0.0458499 0.0538053 0.0628126 0.0729292 0.0842045 0.0966779 0.110377 0.125313 0.141485 0.158871 0.177432 0.197112 0.217833 0.239501 0.262005 0.285217 0.308996 0.33319 0.357639 0.382174 0.406628 0.43083 0.454614 0.477819 0.500291 0.521886 0.542472 0.561929 0.580149 0.597039 0.612518 0.626516 0.638976 0.649853 0.65911 0.666718 0.672655 0.676906 0.67946 0.680312 0.67946 0.676906 0.672655 0.666718 0.65911 0.649853 0.638976 0.626516 0.612518 0.597039 0.580149 0.561929 0.542472 0.521886 0.500291 0.477819 0.454614 0.43083 0.406628 0.382174 0.357639 0.33319 0.308996 0.285217 0.262005 0.239501 0.217833 0.197112 0.177432 0.158871 0.141485 0.125313 0.110377 0.0966779 0.0842045 0.0729292 0.0628126 0.0538053 0.0458499 0.0388837 0.0328407 0.0276543 0.0232587 0.0195914 0.0165947 0.0142174 0.0124156 0.0111544 0.0104081 
0.010916 0.0111799 0.0119769 0.0133235 0.0152465 0.0177828 0.0209781 0.0248861 0.0295671 0.0350861 0.0415113 0.0489119 0.0573556 0.0669069 0.0776238 0.0895558 0.102742 0.117207 0.132961 0.149998 0.168293 0.187799 0.208454 0.230174 0.252856 0.27638 0.30061 0.325395 0.350576 0.375982 0.40144 0.426773 0.451806 0.476366 0.500291 0.523422 0.545615 0.566739 0.586672 0.605311 0.622563 0.638351 0.652611 0.66529 0.676345 0.685743 0.693461 0.69948 0.703788 0.706375 0.707238 0.706375 0.703788 0.69948 0.693461 0.685743 0.676345 0.66529 0.652611 0.638351 0.622563 0.605311 0.586672 0.566739 0.545615 0.523422 0.500291 0.476366 0.451806 0.426773 0.40144 0.375982 0.350576 0.325395 0.30061 0.27638 0.252856 0.230174 0.208454 0.187799 0.168293 0.149998 0.132961 0.117207 0.102742 0.0895558 0.0776238 0.0669069 0.0573556 0.0489119 0.0415113 0.0350861 0.0295671 0.0248861 0.0209781 0.0177828 0.0152465 0.0133235 0.0119769 0.0111799 
0.0116707 0.0119512 0.0127985 0.0142298 0.016273 0.0189668 0.0223587 0.0265049 0.0314678 0.0373151 0.0441173 0.0519456 0.0608698 0.0709552 0.0822608 0.0948359 0.108718 0.123931 0.140482 0.15836 0.177535 0.197956 0.219553 0.242234 0.265888 0.290387 0.315587 0.341328 0.367441 0.39375 0.420072 0.446225 0.472028 0.497304 0.521886 0.545615 0.568347 0.589948 0.610302 0.629304 0.646867 0.662918 0.677396 0.690252 0.70145 0.710961 0.718764 0.724845 0.729195 0.731807 0.732678 0.731807 0.729195 0.724845 0.718764 0.710961 0.70145 0.690252 0.677396 0.662918 0.646867 0.629304 0.610302 0.589948 0.568347 0.545615 0.521886 0.497304 0.472028 0.446225 0.420072 0.39375 0.367441 0.341328 0.315587 0.290387 0.265888 0.242234 0.219553 0.197956 0.177535 0.15836 0.140482 0.123931 0.108718 0.0948359 0.0822608 0.0709552 0.0608698 0.0519456 0.0441173 0.0373151 0.0314678 0.0265049 0.0223587 0.0189668 0.016273 0.0142298 0.0127985 0.0119512 
0.012418 0.0127149 0.0136116 0.0151261 0.0172874 0.0201357 0.0237206 0.0281002 0.0333394 0.0395079 0.0466786 0.0549245 0.0643171 0.0749227 0.0868006 0.1 0.114557 0.130494 0.147814 0.166502 0.186524 0.207822 0.23032 0.253918 0.278498 0.303923 0.330039 0.356681 0.383669 0.41082 0.437946 0.464856 0.491366 0.517294 0.542472 0.566739 0.589948 0.61197 0.632687 0.652001 0.669826 0.686094 0.700747 0.713744 0.725052 0.734646 0.742512 0.748637 0.753016 0.755645 0.756521 0.755645 0.753016 0.748637 0.742512 0.734646 0.725052 0.713744 0.700747 0.686094 0.669826 0.652001 0.632687 0.61197 0.589948 0.566739 0.542472 0.517294 0.491366 0.464856 0.437946 0.41082 0.383669 0.356681 0.330039 0.303923 0.278498 0.253918 0.23032 0.207822 0.186524 0.166502 0.147814 0.130494 0.114557 0.1 0.0868006 0.0749227 0.0643171 0.0549245 0.0466786 0.0395079 0.0333394 0.0281002 0.0237206 0.0201357 0.0172874 0.0151261 0.0136116 0.0127149 
0.0131505 0.0134634 0.0144082 0.0160036 0.0182799 0.0212785 0.0250509 0.0296571 0.0351642 0.0416441 0.0491716 0.0578215 0.0676664 0.0787739 0.0912032 0.105003 0.120209 0.136839 0.154895 0.174357 0.195186 0.217319 0.240671 0.265137 0.290591 0.316886 0.343862 0.371344 0.399146 0.427077 0.454942 0.482546 0.509699 0.536218 0.561929 0.586672 0.610302 0.632687 0.653716 0.673291 0.691331 0.707773 0.722564 0.735667 0.747054 0.756707 0.764613 0.770766 0.775162 0.7778 0.778679 0.7778 0.775162 0.770766 0.764613 0.756707 0.747054 0.735667 0.722564 0.707773 0.691331 0.673291 0.653716 0.632687 0.610302 0.586672 0.561929 0.536218 0.509699 0.482546 0.454942 0.427077 0.399146 0.371344 0.343862 0.316886 0.290591 0.265137 0.240671 0.217319 0.195186 0.174357 0.154895 0.136839 0.120209 0.105003 0.0912032 0.0787739 0.0676664 0.0578215 0.0491716 0.0416441 0.0351642 0.0296571 0.0250509 0.0212785 0.0182799 0.0160036 0.0144082 0.0134634 
0.0138607 0.0141889 0.0151801 0.0168535 0.0192403 0.0223836 0.0263362 0.0311603 0.0369247 0.0437033 0.0515726 0.0606092 0.0708868 0.0824735 0.0954289 0.109801 0.125623 0.142912 0.161665 0.18186 0.203451 0.226369 0.250525 0.275804 0.302074 0.32918 0.356955 0.385214 0.413767 0.442413 0.470953 0.499187 0.52692 0.553965 0.580149 0.605311 0.629304 0.652001 0.673291 0.69308 0.711293 0.727869 0.742763 0.755941 0.767381 0.777068 0.784997 0.791163 0.795566 0.798207 0.799087 0.798207 0.795566 0.791163 0.784997 0.777068 0.767381 0.755941 0.742763 0.727869 0.711293 0.69308 0.673291 0.652001 0.629304 0.605311 0.580149 0.553965 0.52692 0.499187 0.470953 0.442413 0.413767 0.385214 0.356955 0.32918 0.302074 0.275804 0.250525 0.226369 0.203451 0.18186 0.161665 0.142912 0.125623 0.109801 0.0954289 0.0824735 0.0708868 0.0606092 0.0515726 0.0437033 0.0369247 0.0311603 0.0263362 0.0223836 0.0192403 0.0168535 0.0151801 0.0141889 
