4.76684e-11 5.83981e-11 9.46865e-11 1.70099e-10 3.11761e-10 5.68183e-10 1.02247e-09 1.81344e-09 3.1685e-09 5.45329e-09 9.24534e-09 1.54407e-08 2.54049e-08 4.11817e-08 6.57752e-08 1.03521e-07 1.60561e-07 2.45437e-07 3.69805e-07 5.49265e-07 8.04292e-07 1.16122e-06 1.6532e-06 2.32111e-06 3.21416e-06 4.39018e-06 5.91535e-06 7.86325e-06 1.0313e-05 1.33465e-05 1.70445e-05 2.1482e-05 2.67224e-05 3.28114e-05 3.9771e-05 4.75933e-05 5.62356e-05 6.56173e-05 7.56181e-05 8.60793e-05 9.68071e-05 0.000107578 0.000118149 0.000128263 0.000137663 0.000146102 0.000153351 0.000159211 0.000163519 0.000166153 0.000167039 0.000166153 0.000163519 0.000159211 0.000153351 0.000146102 0.000137663 0.000128263 0.000118149 0.000107578 9.68071e-05 8.60793e-05 7.56181e-05 6.56173e-05 5.62356e-05 4.75933e-05 3.9771e-05 3.28114e-05 2.67224e-05 2.1482e-05 1.70445e-05 1.33465e-05 1.0313e-05 7.86325e-06 5.91535e-06 4.39018e-06 3.21416e-06 2.32111e-06 1.6532e-06 1.16122e-06 8.04292e-07 5.49265e-07 3.69805e-07 2.45437e-07 1.60561e-07 1.03521e-07 6.57752e-08 4.11817e-08 2.54049e-08 1.54407e-08 9.24534e-09 5.45329e-09 3.1685e-09 1.81344e-09 1.02247e-09 5.68183e-10 3.11761e-10 1.70099e-10 9.46865e-11 5.83981e-11 
5.83981e-11 7.14844e-11 1.15716e-10 2.07538e-10 3.79796e-10 6.91145e-10 1.24189e-09 2.19932e-09 3.8369e-09 6.59356e-09 1.11612e-08 1.86113e-08 3.0573e-08 4.94801e-08 7.89018e-08 1.23978e-07 1.91976e-07 2.92977e-07 4.40708e-07 6.53498e-07 9.55347e-07 1.37705e-06 1.95729e-06 2.74362e-06 3.79318e-06 5.17294e-06 6.95935e-06 9.23715e-06 1.20972e-05 1.56333e-05 1.99376e-05 2.50952e-05 3.11775e-05 3.82356e-05 4.62926e-05 5.53377e-05 6.53197e-05 7.61444e-05 8.76722e-05 9.97196e-05 0.000112064 0.000124448 0.000136594 0.000148207 0.000158996 0.000168676 0.000176988 0.000183705 0.000188641 0.000191659 0.000192675 0.000191659 0.000188641 0.000183705 0.000176988 0.000168676 0.000158996 0.000148207 0.000136594 0.000124448 0.000112064 9.97196e-05 8.76722e-05 7.61444e-05 6.53197e-05 5.53377e-05 4.62926e-05 3.82356e-05 3.11775e-05 2.50952e-05 1.99376e-05 1.56333e-05 1.20972e-05 9.23715e-06 6.95935e-06 5.17294e-06 3.79318e-06 2.74362e-06 1.95729e-06 1.37705e-06 9.55347e-07 6.53498e-07 4.40708e-07 2.92977e-07 1.91976e-07 1.23978e-07 7.89018e-08 4.94801e-08 3.0573e-08 1.86113e-08 1.11612e-08 6.59356e-09 3.8369e-09 2.19932e-09 1.24189e-09 6.91145e-10 3.79796e-10 2.07538e-10 1.15716e-10 7.14844e-11 
9.46865e-11 1.15716e-10 1.86709e-10 3.33775e-10 6.08933e-10 1.10481e-09 1.97925e-09 3.49457e-09 6.07796e-09 1.04124e-08 1.75702e-08 2.92049e-08 4.78206e-08 7.71412e-08 1.22604e-07 1.92005e-07 2.96312e-07 4.50671e-07 6.75603e-07 9.9838e-07 1.45452e-06 2.08939e-06 2.95965e-06 4.13462e-06 5.69713e-06 7.74371e-06 1.0384e-05 1.37386e-05 1.79364e-05 2.31091e-05 2.93851e-05 3.68817e-05 4.56959e-05 5.58947e-05 6.75052e-05 8.05054e-05 9.48171e-05 0.000110301 0.000126755 0.000143916 0.000161467 0.000179046 0.000196259 0.000212695 0.000227944 0.000241613 0.00025334 0.000262809 0.000269765 0.000274016 0.000275446 0.000274016 0.000269765 0.000262809 0.00025334 0.000241613 0.000227944 0.000212695 0.000196259 0.000179046 0.000161467 0.000143916 0.000126755 0.000110301 9.48171e-05 8.05054e-05 6.75052e-05 5.58947e-05 4.56959e-05 3.68817e-05 2.93851e-05 2.31091e-05 1.79364e-05 1.37386e-05 1.0384e-05 7.74371e-06 5.69713e-06 4.13462e-06 2.95965e-06 2.08939e-06 1.45452e-06 9.9838e-07 6.75603e-07 4.50671e-07 2.96312e-07 1.92005e-07 1.22604e-07 7.71412e-08 4.78206e-08 2.92049e-08 1.75702e-08 1.04124e-08 6.07796e-09 3.49457e-09 1.97925e-09 1.10481e-09 6.08933e-10 3.33775e-10 1.86709e-10 1.15716e-10 
1.70099e-10 2.07538e-10 3.33775e-10 5.94718e-10 1.08163e-09 1.9565e-09 3.49444e-09 6.15094e-09 1.06649e-08 1.82129e-08 3.06348e-08 5.07553e-08 8.28338e-08 1.33175e-07 2.10945e-07 3.29217e-07 5.063e-07 7.6735e-07 1.14627e-06 1.68789e-06 2.45029e-06 3.50719e-06 4.95024e-06 6.89087e-06 9.46144e-06 1.28153e-05 1.71255e-05 2.25812e-05 2.93829e-05 3.7734e-05 4.78309e-05 5.98507e-05 7.3937e-05 9.01849e-05 0.000108626 0.000129216 0.000151822 0.000176217 0.000202079 0.000228993 0.000256461 0.000283921 0.000310763 0.000336355 0.000360067 0.000381296 0.000399491 0.000414172 0.000424949 0.000431533 0.000433748 0.000431533 0.000424949 0.000414172 0.000399491 0.000381296 0.000360067 0.000336355 0.000310763 0.000283921 0.000256461 0.000228993 0.000202079 0.000176217 0.000151822 0.000129216 0.000108626 9.01849e-05 7.3937e-05 5.98507e-05 4.78309e-05 3.7734e-05 2.93829e-05 2.25812e-05 1.71255e-05 1.28153e-05 9.46144e-06 6.89087e-06 4.95024e-06 3.50719e-06 2.45029e-06 1.68789e-06 1.14627e-06 7.6735e-07 5.063e-07 3.29217e-07 2.10945e-07 1.33175e-07 8.28338e-08 5.07553e-08 3.06348e-08 1.82129e-08 1.06649e-08 6.15094e-09 3.49444e-09 1.9565e-09 1.08163e-09 5.94718e-10 3.33775e-10 2.07538e-10 
3.11761e-10 3.79796e-10 6.08933e-10 1.08163e-09 1.96143e-09 3.53779e-09 6.30072e-09 1.10586e-08 1.9118e-08 3.25518e-08 5.4588e-08 9.01636e-08 1.46691e-07 2.35096e-07 3.7119e-07 5.77427e-07 8.85101e-07 1.337e-06 1.99053e-06 2.92117e-06 4.22621e-06 6.02854e-06 8.48003e-06 1.17643e-05 1.60983e-05 2.17317e-05 2.89445e-05 3.80412e-05 4.93413e-05 6.3167e-05 7.98261e-05 9.95923e-05 0.000122683 0.000149235 0.000179284 0.000212739 0.000249374 0.000288809 0.000330517 0.000373826 0.000417939 0.000461956 0.000504911 0.000545802 0.00058364 0.000617476 0.000646449 0.000669808 0.000686944 0.000697409 0.000700929 0.000697409 0.000686944 0.000669808 0.000646449 0.000617476 0.00058364 0.000545802 0.000504911 0.000461956 0.000417939 0.000373826 0.000330517 0.000288809 0.000249374 0.000212739 0.000179284 0.000149235 0.000122683 9.95923e-05 7.98261e-05 6.3167e-05 4.93413e-05 3.80412e-05 2.89445e-05 2.17317e-05 1.60983e-05 1.17643e-05 8.48003e-06 6.02854e-06 4.22621e-06 2.92117e-06 1.99053e-06 1.337e-06 8.85101e-07 5.77427e-07 3.7119e-07 2.35096e-07 1.46691e-07 9.01636e-08 5.4588e-08 3.25518e-08 1.9118e-08 1.10586e-08 6.30072e-09 3.53779e-09 1.96143e-09 1.08163e-09 6.08933e-10 3.79796e-10 
5.68183e-10 6.91145e-10 1.10481e-09 1.9565e-09 3.53779e-09 6.36328e-09 1.13014e-08 1.97797e-08 3.40979e-08 5.78899e-08 9.67943e-08 1.594e-07 2.58549e-07 4.13095e-07 6.50199e-07 1.00826e-06 1.54056e-06 2.3196e-06 3.44215e-06 5.03485e-06 7.26009e-06 1.03219e-05 1.44709e-05 2.00088e-05 2.72895e-05 3.67184e-05 4.87467e-05 6.3862e-05 8.25722e-05 0.000105385 0.00013278 0.000165178 0.000202906 0.000246158 0.000294962 0.000349149 0.000408328 0.000471874 0.000538925 0.000608398 0.000679018 0.000749356 0.000817879 0.000883014 0.000943202 0.000996964 0.00104295 0.00108 0.00110717 0.00112375 0.00112933 0.00112375 0.00110717 0.00108 0.00104295 0.000996964 0.000943202 0.000883014 0.000817879 0.000749356 0.000679018 0.000608398 0.000538925 0.000471874 0.000408328 0.000349149 0.000294962 0.000246158 0.000202906 0.000165178 0.00013278 0.000105385 8.25722e-05 6.3862e-05 4.87467e-05 3.67184e-05 2.72895e-05 2.00088e-05 1.44709e-05 1.03219e-05 7.26009e-06 5.03485e-06 3.44215e-06 2.3196e-06 1.54056e-06 1.00826e-06 6.50199e-07 4.13095e-07 2.58549e-07 1.594e-07 9.67943e-08 5.78899e-08 3.40979e-08 1.97797e-08 1.13014e-08 6.36328e-09 3.53779e-09 1.9565e-09 1.10481e-09 6.91145e-10 
1.02247e-09 1.24189e-09 1.97925e-09 3.49444e-09 6.30072e-09 1.13014e-08 2.00159e-08 3.49339e-08 6.00509e-08 1.01658e-07 1.6948e-07 2.78268e-07 4.49995e-07 7.16776e-07 1.12468e-06 1.73855e-06 2.64793e-06 3.9741e-06 5.87812e-06 8.56971e-06 1.23164e-05 1.74524e-05 2.43863e-05 3.36066e-05 4.56834e-05 6.12652e-05 8.10696e-05 0.000105866 0.00013645 0.00017361 0.000218081 0.000270499 0.000331343 0.000400881 0.000479113 0.000565727 0.000660067 0.00076111 0.000867474 0.000977435 0.00108898 0.00119987 0.00130772 0.00141007 0.00150452 0.00158879 0.0016608 0.00171877 0.00176124 0.00178716 0.00179588 0.00178716 0.00176124 0.00171877 0.0016608 0.00158879 0.00150452 0.00141007 0.00130772 0.00119987 0.00108898 0.000977435 0.000867474 0.00076111 0.000660067 0.000565727 0.000479113 0.000400881 0.000331343 0.000270499 0.000218081 0.00017361 0.00013645 0.000105866 8.10696e-05 6.12652e-05 4.56834e-05 3.36066e-05 2.43863e-05 1.74524e-05 1.23164e-05 8.56971e-06 5.87812e-06 3.9741e-06 2.64793e-06 1.73855e-06 1.12468e-06 7.16776e-07 4.49995e-07 2.78268e-07 1.6948e-07 1.01658e-07 6.00509e-08 3.49339e-08 2.00159e-08 1.13014e-08 6.30072e-09 3.49444e-09 1.97925e-09 1.24189e-09 
1.81344e-09 2.19932e-09 3.49457e-09 6.15094e-09 1.10586e-08 1.97797e-08 3.49339e-08 6.07982e-08 1.04212e-07 1.75905e-07 2.92395e-07 4.78644e-07 7.71676e-07 1.22537e-06 1.91669e-06 2.95344e-06 4.48383e-06 6.70756e-06 9.88858e-06 1.43687e-05 2.05817e-05 2.90663e-05 4.04777e-05 5.5594e-05 7.53179e-05 0.00010067 0.000132771 0.000172814 0.000222021 0.000281593 0.000352636 0.000436087 0.000532632 0.000642619 0.000765978 0.000902157 0.00105007 0.00120808 0.00137399 0.00154512 0.00171835 0.00189023 0.00205708 0.00221518 0.00236087 0.0024907 0.00260153 0.00269067 0.00275595 0.00279576 0.00280914 0.00279576 0.00275595 0.00269067 0.00260153 0.0024907 0.00236087 0.00221518 0.00205708 0.00189023 0.00171835 0.00154512 0.00137399 0.00120808 0.00105007 0.000902157 0.000765978 0.000642619 0.000532632 0.000436087 0.000352636 0.000281593 0.000222021 0.000172814 0.000132771 0.00010067 7.53179e-05 5.5594e-05 4.04777e-05 2.90663e-05 2.05817e-05 1.43687e-05 9.88858e-06 6.70756e-06 4.48383e-06 2.95344e-06 1.91669e-06 1.22537e-06 7.71676e-07 4.78644e-07 2.92395e-07 1.75905e-07 1.04212e-07 6.07982e-08 3.49339e-08 1.97797e-08 1.10586e-08 6.15094e-09 3.49457e-09 2.19932e-09 
3.1685e-09 3.8369e-09 6.07796e-09 1.06649e-08 1.9118e-08 3.40979e-08 6.00509e-08 1.04212e-07 1.78108e-07 2.99753e-07 4.96771e-07 8.10737e-07 1.30305e-06 2.06269e-06 3.21616e-06 4.93988e-06 7.47511e-06 1.11455e-05 1.63763e-05 2.37155e-05 3.38546e-05 4.76476e-05 6.61264e-05 9.05093e-05 0.0001222 0.000162775 0.000213953 0.000277547 0.000355401 0.000449302 0.000560877 0.000691476 0.000842047 0.00101301 0.00120415 0.00141452 0.00164234 0.00188505 0.00213925 0.00240082 0.002665 0.00292657 0.00318004 0.00341981 0.00364043 0.00383677 0.0040042 0.00413875 0.00423721 0.00429725 0.00431742 0.00429725 0.00423721 0.00413875 0.0040042 0.00383677 0.00364043 0.00341981 0.00318004 0.00292657 0.002665 0.00240082 0.00213925 0.00188505 0.00164234 0.00141452 0.00120415 0.00101301 0.000842047 0.000691476 0.000560877 0.000449302 0.000355401 0.000277547 0.000213953 0.000162775 0.0001222 9.05093e-05 6.61264e-05 4.76476e-05 3.38546e-05 2.37155e-05 1.63763e-05 1.11455e-05 7.47511e-06 4.93988e-06 3.21616e-06 2.06269e-06 1.30305e-06 8.10737e-07 4.96771e-07 2.99753e-07 1.78108e-07 1.04212e-07 6.00509e-08 3.40979e-08 1.9118e-08 1.06649e-08 6.07796e-09 3.8369e-09 
5.45329e-09 6.59356e-09 1.04124e-08 1.82129e-08 3.25518e-08 5.78899e-08 1.01658e-07 1.75905e-07 2.99753e-07 5.02973e-07 8.31034e-07 1.35208e-06 2.16634e-06 3.41837e-06 5.31277e-06 8.13352e-06 1.2267e-05 1.82289e-05 2.66934e-05 3.85239e-05 5.4804e-05 7.68638e-05 0.0001063 0.000144987 0.000195067 0.00025893 0.00033916 0.00043846 0.000559552 0.00070504 0.000877259 0.0010781 0.00130883 0.00156991 0.00186083 0.00217999 0.0025246 0.00289067 0.00327304 0.0036655 0.00406096 0.00445167 0.00482953 0.00518635 0.00551416 0.0058055 0.00605367 0.00625292 0.00639862 0.00648742 0.00651725 0.00648742 0.00639862 0.00625292 0.00605367 0.0058055 0.00551416 0.00518635 0.00482953 0.00445167 0.00406096 0.0036655 0.00327304 0.00289067 0.0025246 0.00217999 0.00186083 0.00156991 0.00130883 0.0010781 0.000877259 0.00070504 0.000559552 0.00043846 0.00033916 0.00025893 0.000195067 0.000144987 0.0001063 7.68638e-05 5.4804e-05 3.85239e-05 2.66934e-05 1.82289e-05 1.2267e-05 8.13352e-06 5.31277e-06 3.41837e-06 2.16634e-06 1.35208e-06 8.31034e-07 5.02973e-07 2.99753e-07 1.75905e-07 1.01658e-07 5.78899e-08 3.25518e-08 1.82129e-08 1.04124e-08 6.59356e-09 
9.24534e-09 1.11612e-08 1.75702e-08 3.06348e-08 5.4588e-08 9.67943e-08 1.6948e-07 2.92395e-07 4.96771e-07 8.31034e-07 1.36884e-06 2.22014e-06 3.54586e-06 5.57716e-06 8.63961e-06 1.31828e-05 1.98156e-05 2.93458e-05 4.2824e-05 6.15884e-05 8.73072e-05 0.000122016 0.000168144 0.000228517 0.000306351 0.000405196 0.000528862 0.0006813 0.000866438 0.00108799 0.00134922 0.00165271 0.00200007 0.00239169 0.00282658 0.00330208 0.00381389 0.00435594 0.00492054 0.0054985 0.00607945 0.00665214 0.00720485 0.00772582 0.00820365 0.00862773 0.00898853 0.00927793 0.00948941 0.00961823 0.00966149 0.00961823 0.00948941 0.00927793 0.00898853 0.00862773 0.00820365 0.00772582 0.00720485 0.00665214 0.00607945 0.0054985 0.00492054 0.00435594 0.00381389 0.00330208 0.00282658 0.00239169 0.00200007 0.00165271 0.00134922 0.00108799 0.000866438 0.0006813 0.000528862 0.000405196 0.000306351 0.000228517 0.000168144 0.000122016 8.73072e-05 6.15884e-05 4.2824e-05 2.93458e-05 1.98156e-05 1.31828e-05 8.63961e-06 5.57716e-06 3.54586e-06 2.22014e-06 1.36884e-06 8.31034e-07 4.96771e-07 2.92395e-07 1.6948e-07 9.67943e-08 5.4588e-08 3.06348e-08 1.75702e-08 1.11612e-08 
1.54407e-08 1.86113e-08 2.92049e-08 5.07553e-08 9.01636e-08 1.594e-07 2.78268e-07 4.78644e-07 8.10737e-07 1.35208e-06 2.22014e-06 3.58943e-06 5.71434e-06 8.95848e-06 1.38315e-05 2.10339e-05 3.15088e-05 4.65012e-05 6.76209e-05 9.69058e-05 0.000136881 0.000190608 0.000261712 0.000354386 0.000473355 0.000623801 0.00081123 0.00104129 0.00131954 0.00165114 0.00204054 0.00249113 0.00300486 0.0035819 0.00422035 0.00491603 0.00566234 0.00645027 0.00726854 0.00810387 0.00894135 0.00976497 0.0105581 0.0113043 0.0119875 0.012593 0.0131074 0.0135197 0.0138207 0.0140039 0.0140655 0.0140039 0.0138207 0.0135197 0.0131074 0.012593 0.0119875 0.0113043 0.0105581 0.00976497 0.00894135 0.00810387 0.00726854 0.00645027 0.00566234 0.00491603 0.00422035 0.0035819 0.00300486 0.00249113 0.00204054 0.00165114 0.00131954 0.00104129 0.00081123 0.000623801 0.000473355 0.000354386 0.000261712 0.000190608 0.000136881 9.69058e-05 6.76209e-05 4.65012e-05 3.15088e-05 2.10339e-05 1.38315e-05 8.95848e-06 5.71434e-06 3.58943e-06 2.22014e-06 1.35208e-06 8.10737e-07 4.78644e-07 2.78268e-07 1.594e-07 9.01636e-08 5.07553e-08 2.92049e-08 1.86113e-08 
2.54049e-08 3.0573e-08 4.78206e-08 8.28338e-08 1.46691e-07 2.58549e-07 4.49995e-07 7.71676e-07 1.30305e-06 2.16634e-06 3.54586e-06 5.71434e-06 9.06741e-06 1.41679e-05 2.1801e-05 3.30397e-05 4.93217e-05 7.25339e-05 0.000105101 0.000150075 0.000211211 0.000293033 0.000400856 0.000540784 0.000719636 0.000944824 0.00122414 0.00156551 0.00197659 0.0024644 0.00303483 0.00369218 0.00443861 0.00527376 0.00619431 0.00719373 0.00826217 0.00938649 0.0105505 0.0117353 0.0129199 0.0140821 0.0151987 0.016247 0.0172051 0.0180528 0.0187722 0.019348 0.0197682 0.0200238 0.0201096 0.0200238 0.0197682 0.019348 0.0187722 0.0180528 0.0172051 0.016247 0.0151987 0.0140821 0.0129199 0.0117353 0.0105505 0.00938649 0.00826217 0.00719373 0.00619431 0.00527376 0.00443861 0.00369218 0.00303483 0.0024644 0.00197659 0.00156551 0.00122414 0.000944824 0.000719636 0.000540784 0.000400856 0.000293033 0.000211211 0.000150075 0.000105101 7.25339e-05 4.93217e-05 3.30397e-05 2.1801e-05 1.41679e-05 9.06741e-06 5.71434e-06 3.54586e-06 2.16634e-06 1.30305e-06 7.71676e-07 4.49995e-07 2.58549e-07 1.46691e-07 8.28338e-08 4.78206e-08 3.0573e-08 
4.11817e-08 4.94801e-08 7.71412e-08 1.33175e-07 2.35096e-07 4.13095e-07 7.16776e-07 1.22537e-06 2.06269e-06 3.41837e-06 5.57716e-06 8.95848e-06 1.41679e-05 2.20629e-05 3.38332e-05 5.10965e-05 7.60081e-05 0.00011138 0.000160805 0.000228773 0.000320776 0.000443378 0.000604237 0.00081207 0.00107654 0.00140803 0.00181736 0.00231538 0.00291242 0.00361778 0.00443901 0.00538131 0.00644683 0.00763414 0.00893769 0.0103476 0.0118494 0.0134242 0.0150494 0.0166985 0.0183427 0.0199515 0.0214935 0.0229381 0.0242559 0.0254199 0.0264063 0.027195 0.0277699 0.0281196 0.0282369 0.0281196 0.0277699 0.027195 0.0264063 0.0254199 0.0242559 0.0229381 0.0214935 0.0199515 0.0183427 0.0166985 0.0150494 0.0134242 0.0118494 0.0103476 0.00893769 0.00763414 0.00644683 0.00538131 0.00443901 0.00361778 0.00291242 0.00231538 0.00181736 0.00140803 0.00107654 0.00081207 0.000604237 0.000443378 0.000320776 0.000228773 0.000160805 0.00011138 7.60081e-05 5.10965e-05 3.38332e-05 2.20629e-05 1.41679e-05 8.95848e-06 5.57716e-06 3.41837e-06 2.06269e-06 1.22537e-06 7.16776e-07 4.13095e-07 2.35096e-07 1.33175e-07 7.71412e-08 4.94801e-08 
6.57752e-08 7.89018e-08 1.22604e-07 2.10945e-07 3.7119e-07 6.50199e-07 1.12468e-06 1.91669e-06 3.21616e-06 5.31277e-06 8.63961e-06 1.38315e-05 2.1801e-05 3.38332e-05 5.17023e-05 7.78078e-05 0.000115328 0.000168385 0.00024221 0.000343304 0.000479554 0.000660319 0.000896434 0.00120012 0.0015848 0.00206475 0.00265468 0.00336909 0.00422161 0.00522419 0.00638619 0.00771356 0.00920797 0.0108661 0.0126791 0.0146322 0.0167047 0.0188702 0.0210972 0.0233498 0.025589 0.0277738 0.0298628 0.0318152 0.0335927 0.03516 0.0364863 0.0375454 0.0383168 0.0387856 0.0389429 0.0387856 0.0383168 0.0375454 0.0364863 0.03516 0.0335927 0.0318152 0.0298628 0.0277738 0.025589 0.0233498 0.0210972 0.0188702 0.0167047 0.0146322 0.0126791 0.0108661 0.00920797 0.00771356 0.00638619 0.00522419 0.00422161 0.00336909 0.00265468 0.00206475 0.0015848 0.00120012 0.000896434 0.000660319 0.000479554 0.000343304 0.00024221 0.000168385 0.000115328 7.78078e-05 5.17023e-05 3.38332e-05 2.1801e-05 1.38315e-05 8.63961e-06 5.31277e-06 3.21616e-06 1.91669e-06 1.12468e-06 6.50199e-07 3.7119e-07 2.10945e-07 1.22604e-07 7.89018e-08 
1.03521e-07 1.23978e-07 1.92005e-07 3.29217e-07 5.77427e-07 1.00826e-06 1.73855e-06 2.95344e-06 4.93988e-06 8.13352e-06 1.31828e-05 2.10339e-05 3.30397e-05 5.10965e-05 7.78078e-05 0.000116675 0.000172309 0.000250652 0.0003592 0.000507196 0.00070578 0.000968062 0.00130909 0.00174569 0.00229614 0.00297968 0.00381585 0.00482366 0.00602058 0.00742151 0.0090376 0.0108752 0.0129346 0.0152095 0.0176862 0.0203432 0.0231515 0.0260746 0.02907 0.0320895 0.0350815 0.0379925 0.0407682 0.0433564 0.0457076 0.0477771 0.0495254 0.0509198 0.0519345 0.0525508 0.0527575 0.0525508 0.0519345 0.0509198 0.0495254 0.0477771 0.0457076 0.0433564 0.0407682 0.0379925 0.0350815 0.0320895 0.02907 0.0260746 0.0231515 0.0203432 0.0176862 0.0152095 0.0129346 0.0108752 0.0090376 0.00742151 0.00602058 0.00482366 0.00381585 0.00297968 0.00229614 0.00174569 0.00130909 0.000968062 0.00070578 0.000507196 0.0003592 0.000250652 0.000172309 0.000116675 7.78078e-05 5.10965e-05 3.30397e-05 2.10339e-05 1.31828e-05 8.13352e-06 4.93988e-06 2.95344e-06 1.73855e-06 1.00826e-06 5.77427e-07 3.29217e-07 1.92005e-07 1.23978e-07 
1.60561e-07 1.91976e-07 2.96312e-07 5.063e-07 8.85101e-07 1.54056e-06 2.64793e-06 4.48383e-06 7.47511e-06 1.2267e-05 1.98156e-05 3.15088e-05 4.93217e-05 7.60081e-05 0.000115328 0.000172309 0.000253532 0.000367425 0.000524545 0.000737819 0.00102271 0.00139725 0.00188198 0.00249962 0.00327458 0.00423227 0.00539808 0.0067963 0.00844876 0.0103734 0.0125829 0.0150831 0.0178719 0.0209384 0.0242619 0.0278119 0.0315484 0.0354221 0.0393765 0.0433487 0.0472717 0.0510766 0.0546946 0.0580596 0.0611095 0.0637887 0.0660485 0.0678484 0.0691568 0.069951 0.0702172 0.069951 0.0691568 0.0678484 0.0660485 0.0637887 0.0611095 0.0580596 0.0546946 0.0510766 0.0472717 0.0433487 0.0393765 0.0354221 0.0315484 0.0278119 0.0242619 0.0209384 0.0178719 0.0150831 0.0125829 0.0103734 0.00844876 0.0067963 0.00539808 0.00423227 0.00327458 0.00249962 0.00188198 0.00139725 0.00102271 0.000737819 0.000524545 0.000367425 0.000253532 0.000172309 0.000115328 7.60081e-05 4.93217e-05 3.15088e-05 1.98156e-05 1.2267e-05 7.47511e-06 4.48383e-06 2.64793e-06 1.54056e-06 8.85101e-07 5.063e-07 2.96312e-07 1.91976e-07 
2.45437e-07 2.92977e-07 4.50671e-07 7.6735e-07 1.337e-06 2.3196e-06 3.9741e-06 6.70756e-06 1.11455e-05 1.82289e-05 2.93458e-05 4.65012e-05 7.25339e-05 0.00011138 0.000168385 0.000250652 0.000367425 0.00053046 0.000754383 0.00105697 0.0014593 0.00198579 0.00266391 0.00352378 0.00459739 0.00591756 0.00751657 0.00942469 0.0116684 0.0142684 0.0172382 0.0205821 0.0242937 0.0283553 0.0327366 0.0373953 0.0422771 0.0473173 0.0524419 0.0575703 0.0626175 0.0674967 0.0721226 0.0764134 0.0802933 0.0836944 0.086558 0.0888358 0.0904897 0.0914929 0.091829 0.0914929 0.0904897 0.0888358 0.086558 0.0836944 0.0802933 0.0764134 0.0721226 0.0674967 0.0626175 0.0575703 0.0524419 0.0473173 0.0422771 0.0373953 0.0327366 0.0283553 0.0242937 0.0205821 0.0172382 0.0142684 0.0116684 0.00942469 0.00751657 0.00591756 0.00459739 0.00352378 0.00266391 0.00198579 0.0014593 0.00105697 0.000754383 0.00053046 0.000367425 0.000250652 0.000168385 0.00011138 7.25339e-05 4.65012e-05 2.93458e-05 1.82289e-05 1.11455e-05 6.70756e-06 3.9741e-06 2.3196e-06 1.337e-06 7.6735e-07 4.50671e-07 2.92977e-07 
3.69805e-07 4.40708e-07 6.75603e-07 1.14627e-06 1.99053e-06 3.44215e-06 5.87812e-06 9.88858e-06 1.63763e-05 2.66934e-05 4.2824e-05 6.76209e-05 0.000105101 0.000160805 0.00024221 0.0003592 0.000524545 0.000754383 0.00106864 0.00149136 0.00205079 0.00277936 0.00371322 0.00489152 0.00635533 0.00814614 0.0103041 0.0128658 0.0158623 0.0193166 0.0232418 0.0276384 0.0324939 0.0377804 0.0434553 0.0494608 0.0557252 0.0621643 0.0686839 0.0751825 0.0815546 0.0876936 0.0934955 0.0988618 0.103702 0.107935 0.111493 0.114319 0.116369 0.117611 0.118027 0.117611 0.116369 0.114319 0.111493 0.107935 0.103702 0.0988618 0.0934955 0.0876936 0.0815546 0.0751825 0.0686839 0.0621643 0.0557252 0.0494608 0.0434553 0.0377804 0.0324939 0.0276384 0.0232418 0.0193166 0.0158623 0.0128658 0.0103041 0.00814614 0.00635533 0.00489152 0.00371322 0.00277936 0.00205079 0.00149136 0.00106864 0.000754383 0.000524545 0.0003592 0.00024221 0.000160805 0.000105101 6.76209e-05 4.2824e-05 2.66934e-05 1.63763e-05 9.88858e-06 5.87812e-06 3.44215e-06 1.99053e-06 1.14627e-06 6.75603e-07 4.40708e-07 
5.49265e-07 6.53498e-07 9.9838e-07 1.68789e-06 2.92117e-06 5.03485e-06 8.56971e-06 1.43687e-05 2.37155e-05 3.85239e-05 6.15884e-05 9.69058e-05 0.000150075 0.000228773 0.000343304 0.000507196 0.000737819 0.00105697 0.00149136 0.00207293 0.00283895 0.00383171 0.00509789 0.00668745 0.00865203 0.011043 0.0139088 0.0172928 0.0212299 0.0257442 0.0308461 0.0365305 0.0427747 0.0495379 0.0567609 0.0643667 0.0722623 0.0803407 0.0884842 0.0965677 0.104463 0.112041 0.11918 0.125763 0.131685 0.136852 0.141186 0.144623 0.147113 0.14862 0.149125 0.14862 0.147113 0.144623 0.141186 0.136852 0.131685 0.125763 0.11918 0.112041 0.104463 0.0965677 0.0884842 0.0803407 0.0722623 0.0643667 0.0567609 0.0495379 0.0427747 0.0365305 0.0308461 0.0257442 0.0212299 0.0172928 0.0139088 0.011043 0.00865203 0.00668745 0.00509789 0.00383171 0.00283895 0.00207293 0.00149136 0.00105697 0.000737819 0.000507196 0.000343304 0.000228773 0.000150075 9.69058e-05 6.15884e-05 3.85239e-05 2.37155e-05 1.43687e-05 8.56971e-06 5.03485e-06 2.92117e-06 1.68789e-06 9.9838e-07 6.53498e-07 
8.04292e-07 9.55347e-07 1.45452e-06 2.45029e-06 4.22621e-06 7.26009e-06 1.23164e-05 2.05817e-05 3.38546e-05 5.4804e-05 8.73072e-05 0.000136881 0.000211211 0.000320776 0.000479554 0.00070578 0.00102271 0.0014593 0.00205079 0.00283895 0.00387203 0.00520429 0.00689489 0.00900634 0.0116022 0.0147447 0.0184909 0.0228903 0.0279805 0.0337846 0.0403078 0.0475354 0.0554313 0.063937 0.0729728 0.082438 0.0922144 0.102169 0.112157 0.122028 0.131629 0.14081 0.149428 0.157349 0.164454 0.170639 0.175816 0.179914 0.182878 0.184672 0.185273 0.184672 0.182878 0.179914 0.175816 0.170639 0.164454 0.157349 0.149428 0.14081 0.131629 0.122028 0.112157 0.102169 0.0922144 0.082438 0.0729728 0.063937 0.0554313 0.0475354 0.0403078 0.0337846 0.0279805 0.0228903 0.0184909 0.0147447 0.0116022 0.00900634 0.00689489 0.00520429 0.00387203 0.00283895 0.00205079 0.0014593 0.00102271 0.00070578 0.000479554 0.000320776 0.000211211 0.000136881 8.73072e-05 5.4804e-05 3.38546e-05 2.05817e-05 1.23164e-05 7.26009e-06 4.22621e-06 2.45029e-06 1.45452e-06 9.55347e-07 
1.16122e-06 1.37705e-06 2.08939e-06 3.50719e-06 6.02854e-06 1.03219e-05 1.74524e-05 2.90663e-05 4.76476e-05 7.68638e-05 0.000122016 0.000190608 0.000293033 0.000443378 0.000660319 0.000968062 0.00139725 0.00198579 0.00277936 0.00383171 0.00520429 0.00696545 0.00918881 0.0119511 0.0153289 0.0193956 0.0242169 0.029847 0.0363242 0.0436676 0.0518736 0.0609136 0.0707331 0.0812516 0.0923633 0.10394 0.115835 0.127884 0.139915 0.15175 0.163211 0.174127 0.184334 0.193685 0.202047 0.209307 0.215369 0.22016 0.223621 0.225713 0.226413 0.225713 0.223621 0.22016 0.215369 0.209307 0.202047 0.193685 0.184334 0.174127 0.163211 0.15175 0.139915 0.127884 0.115835 0.10394 0.0923633 0.0812516 0.0707331 0.0609136 0.0518736 0.0436676 0.0363242 0.029847 0.0242169 0.0193956 0.0153289 0.0119511 0.00918881 0.00696545 0.00520429 0.00383171 0.00277936 0.00198579 0.00139725 0.000968062 0.000660319 0.000443378 0.000293033 0.000190608 0.000122016 7.68638e-05 4.76476e-05 2.90663e-05 1.74524e-05 1.03219e-05 6.02854e-06 3.50719e-06 2.08939e-06 1.37705e-06 
1.6532e-06 1.95729e-06 2.95965e-06 4.95024e-06 8.48003e-06 1.44709e-05 2.43863e-05 4.04777e-05 6.61264e-05 0.0001063 0.000168144 0.000261712 0.000400856 0.000604237 0.000896434 0.00130909 0.00188198 0.00266391 0.00371322 0.00509789 0.00689489 0.00918881 0.0120696 0.0156294 0.0199589 0.0251422 0.0312525 0.0383468 0.046461 0.0556063 0.0657653 0.0768906 0.0889038 0.101697 0.115133 0.129053 0.143275 0.157605 0.171841 0.185776 0.199209 0.211948 0.223812 0.234642 0.244295 0.252653 0.259615 0.265106 0.269068 0.27146 0.27226 0.27146 0.269068 0.265106 0.259615 0.252653 0.244295 0.234642 0.223812 0.211948 0.199209 0.185776 0.171841 0.157605 0.143275 0.129053 0.115133 0.101697 0.0889038 0.0768906 0.0657653 0.0556063 0.046461 0.0383468 0.0312525 0.0251422 0.0199589 0.0156294 0.0120696 0.00918881 0.00689489 0.00509789 0.00371322 0.00266391 0.00188198 0.00130909 0.000896434 0.000604237 0.000400856 0.000261712 0.000168144 0.0001063 6.61264e-05 4.04777e-05 2.43863e-05 1.44709e-05 8.48003e-06 4.95024e-06 2.95965e-06 1.95729e-06 
2.32111e-06 2.74362e-06 4.13462e-06 6.89087e-06 1.17643e-05 2.00088e-05 3.36066e-05 5.5594e-05 9.05093e-05 0.000144987 0.000228517 0.000354386 0.000540784 0.00081207 0.00120012 0.00174569 0.00249962 0.00352378 0.00489152 0.00668745 0.00900634 0.0119511 0.0156294 0.0201502 0.0256176 0.0321261 0.0397542 0.0485585 0.0585686 0.0697823 0.0821632 0.0956388 0.110101 0.125408 0.141388 0.157845 0.174562 0.191313 0.207862 0.223979 0.239439 0.254033 0.267569 0.279876 0.29081 0.300246 0.308089 0.314261 0.318706 0.321388 0.322285 0.321388 0.318706 0.314261 0.308089 0.300246 0.29081 0.279876 0.267569 0.254033 0.239439 0.223979 0.207862 0.191313 0.174562 0.157845 0.141388 0.125408 0.110101 0.0956388 0.0821632 0.0697823 0.0585686 0.0485585 0.0397542 0.0321261 0.0256176 0.0201502 0.0156294 0.0119511 0.00900634 0.00668745 0.00489152 0.00352378 0.00249962 0.00174569 0.00120012 0.00081207 0.000540784 0.000354386 0.000228517 0.000144987 9.05093e-05 5.5594e-05 3.36066e-05 2.00088e-05 1.17643e-05 6.89087e-06 4.13462e-06 2.74362e-06 
3.21416e-06 3.79318e-06 5.69713e-06 9.46144e-06 1.60983e-05 2.72895e-05 4.56834e-05 7.53179e-05 0.0001222 0.000195067 0.000306351 0.000473355 0.000719636 0.00107654 0.0015848 0.00229614 0.00327458 0.00459739 0.00635533 0.00865203 0.0116022 0.0153289 0.0199589 0.0256176 0.0324225 0.0404762 0.0498596 0.0606247 0.0727891 0.0863316 0.10119 0.11726 0.134397 0.152421 0.17112 0.190258 0.209581 0.228827 0.247736 0.266049 0.283526 0.299944 0.315104 0.328832 0.340982 0.351435 0.360099 0.366902 0.371794 0.374742 0.375727 0.374742 0.371794 0.366902 0.360099 0.351435 0.340982 0.328832 0.315104 0.299944 0.283526 0.266049 0.247736 0.228827 0.209581 0.190258 0.17112 0.152421 0.134397 0.11726 0.10119 0.0863316 0.0727891 0.0606247 0.0498596 0.0404762 0.0324225 0.0256176 0.0199589 0.0153289 0.0116022 0.00865203 0.00635533 0.00459739 0.00327458 0.00229614 0.0015848 0.00107654 0.000719636 0.000473355 0.000306351 0.000195067 0.0001222 7.53179e-05 4.56834e-05 2.72895e-05 1.60983e-05 9.46144e-06 5.69713e-06 3.79318e-06 
4.39018e-06 5.17294e-06 7.74371e-06 1.28153e-05 2.17317e-05 3.67184e-05 6.12652e-05 0.00010067 0.000162775 0.00025893 0.000405196 0.000623801 0.000944824 0.00140803 0.00206475 0.00297968 0.00423227 0.00591756 0.00814614 0.011043 0.0147447 0.0193956 0.0251422 0.0321261 0.0404762 0.0503006 0.0616779 0.0746502 0.0892168 0.105331 0.122896 0.14177 0.161766 0.18266 0.204194 0.226092 0.248062 0.26981 0.291047 0.311499 0.33091 0.349051 0.365722 0.380753 0.394004 0.405366 0.414755 0.422111 0.42739 0.430568 0.431629 0.430568 0.42739 0.422111 0.414755 0.405366 0.394004 0.380753 0.365722 0.349051 0.33091 0.311499 0.291047 0.26981 0.248062 0.226092 0.204194 0.18266 0.161766 0.14177 0.122896 0.105331 0.0892168 0.0746502 0.0616779 0.0503006 0.0404762 0.0321261 0.0251422 0.0193956 0.0147447 0.011043 0.00814614 0.00591756 0.00423227 0.00297968 0.00206475 0.00140803 0.000944824 0.000623801 0.000405196 0.00025893 0.000162775 0.00010067 6.12652e-05 3.67184e-05 2.17317e-05 1.28153e-05 7.74371e-06 5.17294e-06 
5.91535e-06 6.95935e-06 1.0384e-05 1.71255e-05 2.89445e-05 4.87467e-05 8.10696e-05 0.000132771 0.000213953 0.00033916 0.000528862 0.00081123 0.00122414 0.00181736 0.00265468 0.00381585 0.00539808 0.00751657 0.0103041 0.0139088 0.0184909 0.0242169 0.0312525 0.0397542 0.0498596 0.0616779 0.0752803 0.0906922 0.107888 0.126785 0.147249 0.16909 0.192074 0.215926 0.240344 0.265007 0.289587 0.313762 0.337221 0.359675 0.380863 0.400557 0.418564 0.434723 0.44891 0.46103 0.471014 0.478815 0.484404 0.487764 0.488884 0.487764 0.484404 0.478815 0.471014 0.46103 0.44891 0.434723 0.418564 0.400557 0.380863 0.359675 0.337221 0.313762 0.289587 0.265007 0.240344 0.215926 0.192074 0.16909 0.147249 0.126785 0.107888 0.0906922 0.0752803 0.0616779 0.0498596 0.0397542 0.0312525 0.0242169 0.0184909 0.0139088 0.0103041 0.00751657 0.00539808 0.00381585 0.00265468 0.00181736 0.00122414 0.00081123 0.000528862 0.00033916 0.000213953 0.000132771 8.10696e-05 4.87467e-05 2.89445e-05 1.71255e-05 1.0384e-05 6.95935e-06 
7.86325e-06 9.23715e-06 1.37386e-05 2.25812e-05 3.80412e-05 6.3862e-05 0.000105866 0.000172814 0.000277547 0.00043846 0.0006813 0.00104129 0.00156551 0.00231538 0.00336909 0.00482366 0.0067963 0.00942469 0.0128658 0.0172928 0.0228903 0.029847 0.0383468 0.0485585 0.0606247 0.0746502 0.0906922 0.108752 0.128771 0.150624 0.174128 0.199041 0.225075 0.251904 0.279176 0.30653 0.333604 0.36005 0.385543 0.409789 0.432528 0.453541 0.47265 0.489714 0.504628 0.517318 0.527737 0.535856 0.54166 0.545144 0.546306 0.545144 0.54166 0.535856 0.527737 0.517318 0.504628 0.489714 0.47265 0.453541 0.432528 0.409789 0.385543 0.36005 0.333604 0.30653 0.279176 0.251904 0.225075 0.199041 0.174128 0.150624 0.128771 0.108752 0.0906922 0.0746502 0.0606247 0.0485585 0.0383468 0.029847 0.0228903 0.0172928 0.0128658 0.00942469 0.0067963 0.00482366 0.00336909 0.00231538 0.00156551 0.00104129 0.0006813 0.00043846 0.000277547 0.000172814 0.000105866 6.3862e-05 3.80412e-05 2.25812e-05 1.37386e-05 9.23715e-06 
1.0313e-05 1.20972e-05 1.79364e-05 2.93829e-05 4.93413e-05 8.25722e-05 0.00013645 0.000222021 0.000355401 0.000559552 0.000866438 0.00131954 0.00197659 0.00291242 0.00422161 0.00602058 0.00844876 0.0116684 0.0158623 0.0212299 0.0279805 0.0363242 0.046461 0.0585686 0.0727891 0.0892168 0.107888 0.128771 0.151764 0.176694 0.203321 0.231346 0.260421 0.290168 0.320186 0.350076 0.379447 0.407933 0.435202 0.460961 0.484963 0.507008 0.526939 0.544643 0.560042 0.573089 0.583763 0.592056 0.597971 0.601517 0.602697 0.601517 0.597971 0.592056 0.583763 0.573089 0.560042 0.544643 0.526939 0.507008 0.484963 0.460961 0.435202 0.407933 0.379447 0.350076 0.320186 0.290168 0.260421 0.231346 0.203321 0.176694 0.151764 0.128771 0.107888 0.0892168 0.0727891 0.0585686 0.046461 0.0363242 0.0279805 0.0212299 0.0158623 0.0116684 0.00844876 0.00602058 0.00422161 0.00291242 0.00197659 0.00131954 0.000866438 0.000559552 0.000355401 0.000222021 0.00013645 8.25722e-05 4.93413e-05 2.93829e-05 1.79364e-05 1.20972e-05 
1.33465e-05 1.56333e-05 2.31091e-05 3.7734e-05 6.3167e-05 0.000105385 0.00017361 0.000281593 0.000449302 0.00070504 0.00108799 0.00165114 0.0024644 0.00361778 0.00522419 0.00742151 0.0103734 0.0142684 0.0193166 0.0257442 0.0337846 0.0436676 0.0556063 0.0697823 0.0863316 0.105331 0.126785 0.150624 0.176694 0.204765 0.234533 0.265638 0.297671 0.3302 0.362779 0.394975 0.426375 0.456601 0.485325 0.512266 0.537197 0.559946 0.580388 0.598442 0.614065 0.627243 0.63798 0.646296 0.652214 0.655754 0.656933 0.655754 0.652214 0.646296 0.63798 0.627243 0.614065 0.598442 0.580388 0.559946 0.537197 0.512266 0.485325 0.456601 0.426375 0.394975 0.362779 0.3302 0.297671 0.265638 0.234533 0.204765 0.176694 0.150624 0.126785 0.105331 0.0863316 0.0697823 0.0556063 0.0436676 0.0337846 0.0257442 0.0193166 0.0142684 0.0103734 0.00742151 0.00522419 0.00361778 0.0024644 0.00165114 0.00108799 0.00070504 0.000449302 0.000281593 0.00017361 0.000105385 6.3167e-05 3.7734e-05 2.31091e-05 1.56333e-05 
1.70445e-05 1.99376e-05 2.93851e-05 4.78309e-05 7.98261e-05 0.00013278 0.000218081 0.000352636 0.000560877 0.000877259 0.00134922 0.00204054 0.00303483 0.00443901 0.00638619 0.0090376 0.0125829 0.0172382 0.0232418 0.0308461 0.0403078 0.0518736 0.0657653 0.0821632 0.10119 0.122896 0.147249 0.174128 0.203321 0.234533 0.267394 0.301476 0.336311 0.371414 0.4063 0.440506 0.473605 0.505221 0.535034 0.562787 0.588285 0.611389 0.632014 0.65012 0.665702 0.678779 0.689391 0.697581 0.703393 0.706864 0.708019 0.706864 0.703393 0.697581 0.689391 0.678779 0.665702 0.65012 0.632014 0.611389 0.588285 0.562787 0.535034 0.505221 0.473605 0.440506 0.4063 0.371414 0.336311 0.301476 0.267394 0.234533 0.203321 0.174128 0.147249 0.122896 0.10119 0.0821632 0.0657653 0.0518736 0.0403078 0.0308461 0.0232418 0.0172382 0.0125829 0.0090376 0.00638619 0.00443901 0.00303483 0.00204054 0.00134922 0.000877259 0.000560877 0.000352636 0.000218081 0.00013278 7.98261e-05 4.78309e-05 2.93851e-05 1.99376e-05 
2.1482e-05 2.50952e-05 3.68817e-05 5.98507e-05 9.95923e-05 0.000165178 0.000270499 0.000436087 0.000691476 0.0010781 0.00165271 0.00249113 0.00369218 0.00538131 0.00771356 0.0108752 0.0150831 0.0205821 0.0276384 0.0365305 0.0475354 0.0609136 0.0768906 0.0956388 0.11726 0.14177 0.16909 0.199041 0.231346 0.265638 0.301476 0.338366 0.375782 0.413188 0.450067 0.485935 0.520361 0.552978 0.583489 0.611669 0.637359 0.660467 0.680952 0.698817 0.714101 0.72686 0.737167 0.745091 0.750699 0.754041 0.755152 0.754041 0.750699 0.745091 0.737167 0.72686 0.714101 0.698817 0.680952 0.660467 0.637359 0.611669 0.583489 0.552978 0.520361 0.485935 0.450067 0.413188 0.375782 0.338366 0.301476 0.265638 0.231346 0.199041 0.16909 0.14177 0.11726 0.0956388 0.0768906 0.0609136 0.0475354 0.0365305 0.0276384 0.0205821 0.0150831 0.0108752 0.00771356 0.00538131 0.00369218 0.00249113 0.00165271 0.0010781 0.000691476 0.000436087 0.000270499 0.000165178 9.95923e-05 5.98507e-05 3.68817e-05 2.50952e-05 
2.67224e-05 3.11775e-05 4.56959e-05 7.3937e-05 0.000122683 0.000202906 0.000331343 0.000532632 0.000842047 0.00130883 0.00200007 0.00300486 0.00443861 0.00644683 0.00920797 0.0129346 0.0178719 0.0242937 0.0324939 0.0427747 0.0554313 0.0707331 0.0889038 0.110101 0.134397 0.161766 0.192074 0.225075 0.260421 0.297671 0.336311 0.375782 0.415499 0.454888 0.493404 0.530552 0.565908 0.599124 0.629934 0.658154 0.683674 0.706449 0.726489 0.743845 0.758598 0.770844 0.780686 0.788223 0.79354 0.796702 0.797752 0.796702 0.79354 0.788223 0.780686 0.770844 0.758598 0.743845 0.726489 0.706449 0.683674 0.658154 0.629934 0.599124 0.565908 0.530552 0.493404 0.454888 0.415499 0.375782 0.336311 0.297671 0.260421 0.225075 0.192074 0.161766 0.134397 0.110101 0.0889038 0.0707331 0.0554313 0.0427747 0.0324939 0.0242937 0.0178719 0.0129346 0.00920797 0.00644683 0.00443861 0.00300486 0.00200007 0.00130883 0.000842047 0.000532632 0.000331343 0.000202906 0.000122683 7.3937e-05 4.56959e-05 3.11775e-05 
3.28114e-05 3.82356e-05 5.58947e-05 9.01849e-05 0.000149235 0.000246158 0.000400881 0.000642619 0.00101301 0.00156991 0.00239169 0.0035819 0.00527376 0.00763414 0.0108661 0.0152095 0.0209384 0.0283553 0.0377804 0.0495379 0.063937 0.0812516 0.101697 0.125408 0.152421 0.18266 0.215926 0.251904 0.290168 0.3302 0.371414 0.413188 0.454888 0.495905 0.535675 0.573706 0.609588 0.643004 0.673728 0.701626 0.726639 0.748777 0.768101 0.784713 0.798736 0.810305 0.819553 0.826603 0.831559 0.834501 0.835475 0.834501 0.831559 0.826603 0.819553 0.810305 0.798736 0.784713 0.768101 0.748777 0.726639 0.701626 0.673728 0.643004 0.609588 0.573706 0.535675 0.495905 0.454888 0.413188 0.371414 0.3302 0.290168 0.251904 0.215926 0.18266 0.152421 0.125408 0.101697 0.0812516 0.063937 0.0495379 0.0377804 0.0283553 0.0209384 0.0152095 0.0108661 0.00763414 0.00527376 0.0035819 0.00239169 0.00156991 0.00101301 0.000642619 0.000400881 0.000246158 0.000149235 9.01849e-05 5.58947e-05 3.82356e-05 
3.9771e-05 4.62926e-05 6.75052e-05 0.000108626 0.000179284 0.000294962 0.000479113 0.000765978 0.00120415 0.00186083 0.00282658 0.00422035 0.00619431 0.00893769 0.0126791 0.0176862 0.0242619 0.0327366 0.0434553 0.0567609 0.0729728 0.0923633 0.115133 0.141388 0.17112 0.204194 0.240344 0.279176 0.320186 0.362779 0.4063 0.450067 0.493404 0.535675 0.576312 0.614831 0.650849 0.684088 0.714373 0.741621 0.765832 0.787073 0.805458 0.821136 0.834272 0.845037 0.853593 0.860083 0.864629 0.86732 0.86821 0.86732 0.864629 0.860083 0.853593 0.845037 0.834272 0.821136 0.805458 0.787073 0.765832 0.741621 0.714373 0.684088 0.650849 0.614831 0.576312 0.535675 0.493404 0.450067 0.4063 0.362779 0.320186 0.279176 0.240344 0.204194 0.17112 0.141388 0.115133 0.0923633 0.0729728 0.0567609 0.0434553 0.0327366 0.0242619 0.0176862 0.0126791 0.00893769 0.00619431 0.00422035 0.00282658 0.00186083 0.00120415 0.000765978 0.000479113 0.000294962 0.000179284 0.000108626 6.75052e-05 4.62926e-05 
4.75933e-05 5.53377e-05 8.05054e-05 0.000129216 0.000212739 0.000349149 0.000565727 0.000902157 0.00141452 0.00217999 0.00330208 0.00491603 0.00719373 0.0103476 0.0146322 0.0203432 0.0278119 0.0373953 0.0494608 0.0643667 0.082438 0.10394 0.129053 0.157845 0.190258 0.226092 0.265007 0.30653 0.350076 0.394975 0.440506 0.485935 0.530552 0.573706 0.614831 0.653464 0.689259 0.721984 0.751518 0.77784 0.801008 0.821145 0.838419 0.853024 0.865163 0.875039 0.882837 0.888723 0.892828 0.89525 0.896051 0.89525 0.892828 0.888723 0.882837 0.875039 0.865163 0.853024 0.838419 0.821145 0.801008 0.77784 0.751518 0.721984 0.689259 0.653464 0.614831 0.573706 0.530552 0.485935 0.440506 0.394975 0.350076 0.30653 0.265007 0.226092 0.190258 0.157845 0.129053 0.10394 0.082438 0.0643667 0.0494608 0.0373953 0.0278119 0.0203432 0.0146322 0.0103476 0.00719373 0.00491603 0.00330208 0.00217999 0.00141452 0.000902157 0.000565727 0.000349149 0.000212739 0.000129216 8.05054e-05 5.53377e-05 
5.62356e-05 6.53197e-05 9.48171e-05 0.000151822 0.000249374 0.000408328 0.000660067 0.00105007 0.00164234 0.0025246 0.00381389 0.00566234 0.00826217 0.0118494 0.0167047 0.0231515 0.0315484 0.0422771 0.0557252 0.0722623 0.0922144 0.115835 0.143275 0.174562 0.209581 0.248062 0.289587 0.333604 0.379447 0.426375 0.473605 0.520361 0.565908 0.609588 0.650849 0.689259 0.724514 0.756437 0.784968 0.810145 0.832087 0.850973 0.867019 0.880461 0.891539 0.90048 0.907492 0.912753 0.916405 0.918555 0.919264 0.918555 0.916405 0.912753 0.907492 0.90048 0.891539 0.880461 0.867019 0.850973 0.832087 0.810145 0.784968 0.756437 0.724514 0.689259 0.650849 0.609588 0.565908 0.520361 0.473605 0.426375 0.379447 0.333604 0.289587 0.248062 0.209581 0.174562 0.143275 0.115835 0.0922144 0.0722623 0.0557252 0.0422771 0.0315484 0.0231515 0.0167047 0.0118494 0.00826217 0.00566234 0.00381389 0.0025246 0.00164234 0.00105007 0.000660067 0.000408328 0.000249374 0.000151822 9.48171e-05 6.53197e-05 
