2.612e-07 2.83995e-07 3.55393e-07 4.84689e-07 6.88229e-07 9.90706e-07 1.42702e-06 2.0447e-06 2.90695e-06 4.09627e-06 5.7187e-06 7.90856e-06 1.08337e-05 1.47008e-05 1.97611e-05 2.63154e-05 3.47189e-05 4.53843e-05 5.8784e-05 7.54493e-05 9.59678e-05 0.000120976 0.000151151 0.000187194 0.000229812 0.000279696 0.000337494 0.00040378 0.000479022 0.00056355 0.000657518 0.00076088 0.000873356 0.000994413 0.00112325 0.0012588 0.00139971 0.00154439 0.00169101 0.00183755 0.00198183 0.00212158 0.00225449 0.00237827 0.0024907 0.00258973 0.0026735 0.0027404 0.00278915 0.00281879 0.00282873 0.00281879 0.00278915 0.0027404 0.0026735 0.00258973 0.0024907 0.00237827 0.00225449 0.00212158 0.00198183 0.00183755 0.00169101 0.00154439 0.00139971 0.0012588 0.00112325 0.000994413 0.000873356 0.00076088 0.000657518 0.00056355 0.000479022 0.00040378 0.000337494 0.000279696 0.000229812 0.000187194 0.000151151 0.000120976 9.59678e-05 7.54493e-05 5.8784e-05 4.53843e-05 3.47189e-05 2.63154e-05 1.97611e-05 1.47008e-05 1.08337e-05 7.90856e-06 5.7187e-06 4.09627e-06 2.90695e-06 2.0447e-06 1.42702e-06 9.90706e-07 6.88229e-07 4.84689e-07 3.55393e-07 2.83995e-07 
2.83995e-07 3.087e-07 3.86069e-07 5.26129e-07 7.46508e-07 1.07383e-06 1.54567e-06 2.21321e-06 3.14442e-06 4.42794e-06 6.17762e-06 8.53752e-06 1.16875e-05 1.58487e-05 2.129e-05 2.83325e-05 3.73553e-05 4.87982e-05 6.31641e-05 8.10181e-05 0.000102984 0.000129738 0.000161995 0.000200498 0.000245993 0.000299208 0.000360824 0.000431443 0.000511552 0.00060149 0.000701413 0.00081126 0.000930725 0.00105923 0.00119593 0.00133968 0.00148905 0.00164234 0.00179762 0.00195275 0.00210544 0.00225328 0.00239385 0.00252472 0.00264357 0.00274823 0.00283674 0.00290743 0.00295893 0.00299023 0.00300074 0.00299023 0.00295893 0.00290743 0.00283674 0.00274823 0.00264357 0.00252472 0.00239385 0.00225328 0.00210544 0.00195275 0.00179762 0.00164234 0.00148905 0.00133968 0.00119593 0.00105923 0.000930725 0.00081126 0.000701413 0.00060149 0.000511552 0.000431443 0.000360824 0.000299208 0.000245993 0.000200498 0.000161995 0.000129738 0.000102984 8.10181e-05 6.31641e-05 4.87982e-05 3.73553e-05 2.83325e-05 2.129e-05 1.58487e-05 1.16875e-05 8.53752e-06 6.17762e-06 4.42794e-06 3.14442e-06 2.21321e-06 1.54567e-06 1.07383e-06 7.46508e-07 5.26129e-07 3.86069e-07 3.087e-07 
3.55393e-07 3.86069e-07 4.82091e-07 6.55772e-07 9.28734e-07 1.33358e-06 1.91629e-06 2.73931e-06 3.88543e-06 5.46239e-06 7.60825e-06 1.04973e-05 1.43464e-05 1.9422e-05 2.60466e-05 3.46049e-05 4.55492e-05 5.94034e-05 7.67642e-05 9.83005e-05 0.000124748 0.000156901 0.000195598 0.000241704 0.000296087 0.000359587 0.000432986 0.000516966 0.000612076 0.000718684 0.000836943 0.00096675 0.00110772 0.00125914 0.00142 0.00158894 0.00176426 0.00194398 0.00212584 0.00230734 0.00248581 0.00265847 0.0028225 0.00297512 0.00311362 0.00323553 0.00333858 0.00342085 0.00348077 0.00351719 0.00352941 0.00351719 0.00348077 0.00342085 0.00333858 0.00323553 0.00311362 0.00297512 0.0028225 0.00265847 0.00248581 0.00230734 0.00212584 0.00194398 0.00176426 0.00158894 0.00142 0.00125914 0.00110772 0.00096675 0.000836943 0.000718684 0.000612076 0.000516966 0.000432986 0.000359587 0.000296087 0.000241704 0.000195598 0.000156901 0.000124748 9.83005e-05 7.67642e-05 5.94034e-05 4.55492e-05 3.46049e-05 2.60466e-05 1.9422e-05 1.43464e-05 1.04973e-05 7.60825e-06 5.46239e-06 3.88543e-06 2.73931e-06 1.91629e-06 1.33358e-06 9.28734e-07 6.55772e-07 4.82091e-07 3.86069e-07 
4.84689e-07 5.26129e-07 6.55772e-07 8.90023e-07 1.25765e-06 1.80198e-06 2.58395e-06 3.68615e-06 5.21782e-06 7.32069e-06 1.01758e-05 1.40112e-05 1.91095e-05 2.58171e-05 3.45514e-05 4.58091e-05 6.0172e-05 7.83112e-05 0.000100989 0.000129054 0.00016344 0.000205147 0.000255226 0.000314758 0.000384816 0.000466437 0.000560573 0.000668048 0.000789506 0.000925366 0.00107577 0.00124053 0.00141912 0.00161061 0.00181367 0.00202657 0.00224716 0.00247294 0.00270108 0.00292847 0.00315178 0.00336759 0.00357239 0.00376276 0.00393539 0.00408722 0.0042155 0.00431785 0.00439237 0.00443766 0.00445285 0.00443766 0.00439237 0.00431785 0.0042155 0.00408722 0.00393539 0.00376276 0.00357239 0.00336759 0.00315178 0.00292847 0.00270108 0.00247294 0.00224716 0.00202657 0.00181367 0.00161061 0.00141912 0.00124053 0.00107577 0.000925366 0.000789506 0.000668048 0.000560573 0.000466437 0.000384816 0.000314758 0.000255226 0.000205147 0.00016344 0.000129054 0.000100989 7.83112e-05 6.0172e-05 4.58091e-05 3.45514e-05 2.58171e-05 1.91095e-05 1.40112e-05 1.01758e-05 7.32069e-06 5.21782e-06 3.68615e-06 2.58395e-06 1.80198e-06 1.25765e-06 8.90023e-07 6.55772e-07 5.26129e-07 
6.88229e-07 7.46508e-07 9.28734e-07 1.25765e-06 1.77311e-06 2.53501e-06 3.62742e-06 5.16404e-06 7.2948e-06 1.02137e-05 1.41679e-05 1.94675e-05 2.6496e-05 3.57213e-05 4.77057e-05 6.31158e-05 8.27293e-05 0.00010744 0.000138259 0.000176308 0.000222812 0.000279082 0.000346485 0.000426419 0.000520264 0.000629341 0.000754852 0.000897819 0.00105903 0.00123895 0.00143771 0.00165499 0.00189003 0.00214156 0.00240778 0.00268639 0.00297458 0.00326908 0.00356619 0.0038619 0.00415192 0.00443184 0.0046972 0.00494361 0.00516686 0.00536306 0.00552872 0.00566083 0.00575698 0.00581539 0.00583499 0.00581539 0.00575698 0.00566083 0.00552872 0.00536306 0.00516686 0.00494361 0.0046972 0.00443184 0.00415192 0.0038619 0.00356619 0.00326908 0.00297458 0.00268639 0.00240778 0.00214156 0.00189003 0.00165499 0.00143771 0.00123895 0.00105903 0.000897819 0.000754852 0.000629341 0.000520264 0.000426419 0.000346485 0.000279082 0.000222812 0.000176308 0.000138259 0.00010744 8.27293e-05 6.31158e-05 4.77057e-05 3.57213e-05 2.6496e-05 1.94675e-05 1.41679e-05 1.02137e-05 7.2948e-06 5.16404e-06 3.62742e-06 2.53501e-06 1.77311e-06 1.25765e-06 9.28734e-07 7.46508e-07 
9.90706e-07 1.07383e-06 1.33358e-06 1.80198e-06 2.53501e-06 3.61668e-06 5.16473e-06 7.33794e-06 1.03452e-05 1.4456e-05 2.00127e-05 2.74435e-05 3.72764e-05 5.01532e-05 6.6843e-05 8.82536e-05 0.000115441 0.000149614 0.000192132 0.000244502 0.000308358 0.000385439 0.000477553 0.000586535 0.000714185 0.000862209 0.00103214 0.00122527 0.00144256 0.00168455 0.0019513 0.0022423 0.00255645 0.00289197 0.00324644 0.00361672 0.00399908 0.00438917 0.00478211 0.00517263 0.00555513 0.00592385 0.00627299 0.00659686 0.00689004 0.0071475 0.00736473 0.00753789 0.00766386 0.00774037 0.00776603 0.00774037 0.00766386 0.00753789 0.00736473 0.0071475 0.00689004 0.00659686 0.00627299 0.00592385 0.00555513 0.00517263 0.00478211 0.00438917 0.00399908 0.00361672 0.00324644 0.00289197 0.00255645 0.0022423 0.0019513 0.00168455 0.00144256 0.00122527 0.00103214 0.000862209 0.000714185 0.000586535 0.000477553 0.000385439 0.000308358 0.000244502 0.000192132 0.000149614 0.000115441 8.82536e-05 6.6843e-05 5.01532e-05 3.72764e-05 2.74435e-05 2.00127e-05 1.4456e-05 1.03452e-05 7.33794e-06 5.16473e-06 3.61668e-06 2.53501e-06 1.80198e-06 1.33358e-06 1.07383e-06 
1.42702e-06 1.54567e-06 1.91629e-06 2.58395e-06 3.62742e-06 5.16473e-06 7.36092e-06 1.04381e-05 1.46877e-05 2.04847e-05 2.83042e-05 3.87384e-05 5.25155e-05 7.05177e-05 9.37985e-05 0.000123597 0.00016135 0.000208693 0.000267464 0.000339685 0.000427541 0.000533347 0.000659496 0.0008084 0.00098241 0.00118373 0.00141434 0.00167583 0.00196939 0.00229561 0.00265445 0.00304512 0.00346602 0.00391469 0.00438779 0.00488113 0.00538968 0.00590765 0.00642862 0.00694563 0.00745135 0.00793824 0.00839876 0.00882551 0.00921148 0.00955015 0.00983573 0.0100632 0.0102287 0.0103291 0.0103628 0.0103291 0.0102287 0.0100632 0.00983573 0.00955015 0.00921148 0.00882551 0.00839876 0.00793824 0.00745135 0.00694563 0.00642862 0.00590765 0.00538968 0.00488113 0.00438779 0.00391469 0.00346602 0.00304512 0.00265445 0.00229561 0.00196939 0.00167583 0.00141434 0.00118373 0.00098241 0.0008084 0.000659496 0.000533347 0.000427541 0.000339685 0.000267464 0.000208693 0.00016135 0.000123597 9.37985e-05 7.05177e-05 5.25155e-05 3.87384e-05 2.83042e-05 2.04847e-05 1.46877e-05 1.04381e-05 7.36092e-06 5.16473e-06 3.62742e-06 2.58395e-06 1.91629e-06 1.54567e-06 
2.0447e-06 2.21321e-06 2.73931e-06 3.68615e-06 5.16404e-06 7.33794e-06 1.04381e-05 1.47737e-05 2.07493e-05 2.88844e-05 3.98347e-05 5.44158e-05 7.3627e-05 9.86753e-05 0.000130997 0.000172276 0.000224456 0.000289744 0.000370607 0.000469748 0.000590076 0.000734657 0.00090664 0.00110918 0.00134533 0.00161793 0.00192947 0.00228197 0.00267681 0.00311466 0.00359526 0.00411742 0.00467885 0.00527617 0.00590483 0.00655921 0.0072326 0.00791735 0.008605 0.00928642 0.00995206 0.0105921 0.0111968 0.0117566 0.0122625 0.012706 0.0130797 0.0133773 0.0135936 0.0137249 0.0137689 0.0137249 0.0135936 0.0133773 0.0130797 0.012706 0.0122625 0.0117566 0.0111968 0.0105921 0.00995206 0.00928642 0.008605 0.00791735 0.0072326 0.00655921 0.00590483 0.00527617 0.00467885 0.00411742 0.00359526 0.00311466 0.00267681 0.00228197 0.00192947 0.00161793 0.00134533 0.00110918 0.00090664 0.000734657 0.000590076 0.000469748 0.000370607 0.000289744 0.000224456 0.000172276 0.000130997 9.86753e-05 7.3627e-05 5.44158e-05 3.98347e-05 2.88844e-05 2.07493e-05 1.47737e-05 1.04381e-05 7.33794e-06 5.16404e-06 3.68615e-06 2.73931e-06 2.21321e-06 
2.90695e-06 3.14442e-06 3.88543e-06 5.21782e-06 7.2948e-06 1.03452e-05 1.46877e-05 2.07493e-05 2.90875e-05 4.0416e-05 5.56334e-05 7.58536e-05 0.000102438 0.000137024 0.000181555 0.000238301 0.000309873 0.000399222 0.000509634 0.000644694 0.000808242 0.0010043 0.00123698 0.00151038 0.00182841 0.00219469 0.00261235 0.00308386 0.00361086 0.00419397 0.00483268 0.00552516 0.00626822 0.00705721 0.00788604 0.00874719 0.00963181 0.0105299 0.0114303 0.0123213 0.0131904 0.014025 0.0148127 0.0155411 0.0161987 0.0167747 0.0172599 0.0176459 0.0179265 0.0180967 0.0181538 0.0180967 0.0179265 0.0176459 0.0172599 0.0167747 0.0161987 0.0155411 0.0148127 0.014025 0.0131904 0.0123213 0.0114303 0.0105299 0.00963181 0.00874719 0.00788604 0.00705721 0.00626822 0.00552516 0.00483268 0.00419397 0.00361086 0.00308386 0.00261235 0.00219469 0.00182841 0.00151038 0.00123698 0.0010043 0.000808242 0.000644694 0.000509634 0.000399222 0.000309873 0.000238301 0.000181555 0.000137024 0.000102438 7.58536e-05 5.56334e-05 4.0416e-05 2.90875e-05 2.07493e-05 1.46877e-05 1.03452e-05 7.2948e-06 5.21782e-06 3.88543e-06 3.14442e-06 
4.09627e-06 4.42794e-06 5.46239e-06 7.32069e-06 1.02137e-05 1.4456e-05 2.04847e-05 2.88844e-05 4.0416e-05 5.60514e-05 7.70107e-05 0.000104802 0.000141261 0.000188591 0.000249397 0.000326709 0.000424 0.000545181 0.000694586 0.000876924 0.00109721 0.00136067 0.00167262 0.0020383 0.00246269 0.00295035 0.00350513 0.00413002 0.00482688 0.00559624 0.00643713 0.00734687 0.00832104 0.00935336 0.0104357 0.0115581 0.0127091 0.0138755 0.0150432 0.0161968 0.0173205 0.0183983 0.0194142 0.0203526 0.021199 0.0219398 0.0225633 0.0230592 0.0234194 0.0236379 0.0237111 0.0236379 0.0234194 0.0230592 0.0225633 0.0219398 0.021199 0.0203526 0.0194142 0.0183983 0.0173205 0.0161968 0.0150432 0.0138755 0.0127091 0.0115581 0.0104357 0.00935336 0.00832104 0.00734687 0.00643713 0.00559624 0.00482688 0.00413002 0.00350513 0.00295035 0.00246269 0.0020383 0.00167262 0.00136067 0.00109721 0.000876924 0.000694586 0.000545181 0.000424 0.000326709 0.000249397 0.000188591 0.000141261 0.000104802 7.70107e-05 5.60514e-05 4.0416e-05 2.88844e-05 2.04847e-05 1.4456e-05 1.02137e-05 7.32069e-06 5.46239e-06 4.42794e-06 
5.7187e-06 6.17762e-06 7.60825e-06 1.01758e-05 1.41679e-05 2.00127e-05 2.83042e-05 3.98347e-05 5.56334e-05 7.70107e-05 0.000105607 0.000143444 0.000192974 0.000257133 0.000339374 0.000443705 0.000574699 0.000737484 0.000937717 0.00118152 0.00147536 0.00182598 0.00224014 0.00272448 0.00328527 0.00392813 0.00465777 0.00547772 0.00638999 0.00739491 0.0084908 0.00967387 0.010938 0.0122749 0.0136737 0.0151215 0.0166034 0.0181026 0.0196008 0.0210787 0.0225163 0.0238932 0.0251893 0.0263854 0.027463 0.0284055 0.0291981 0.0298281 0.0302855 0.030563 0.030656 0.030563 0.0302855 0.0298281 0.0291981 0.0284055 0.027463 0.0263854 0.0251893 0.0238932 0.0225163 0.0210787 0.0196008 0.0181026 0.0166034 0.0151215 0.0136737 0.0122749 0.010938 0.00967387 0.0084908 0.00739491 0.00638999 0.00547772 0.00465777 0.00392813 0.00328527 0.00272448 0.00224014 0.00182598 0.00147536 0.00118152 0.000937717 0.000737484 0.000574699 0.000443705 0.000339374 0.000257133 0.000192974 0.000143444 0.000105607 7.70107e-05 5.56334e-05 3.98347e-05 2.83042e-05 2.00127e-05 1.41679e-05 1.01758e-05 7.60825e-06 6.17762e-06 
7.90856e-06 8.53752e-06 1.04973e-05 1.40112e-05 1.94675e-05 2.74435e-05 3.87384e-05 5.44158e-05 7.58536e-05 0.000104802 0.000143444 0.000194462 0.000261102 0.000347232 0.000457389 0.000596814 0.000771467 0.000988002 0.00125372 0.00157649 0.00196459 0.00242656 0.00297093 0.00360602 0.00433958 0.00517847 0.00612833 0.00719321 0.00837522 0.00967424 0.0110876 0.01261 0.0142332 0.0159461 0.0177346 0.0195822 0.0214696 0.0233756 0.025277 0.0271496 0.0289683 0.0307078 0.0323432 0.0338506 0.0352073 0.0363929 0.0373891 0.0381805 0.0387549 0.0391031 0.0392198 0.0391031 0.0387549 0.0381805 0.0373891 0.0363929 0.0352073 0.0338506 0.0323432 0.0307078 0.0289683 0.0271496 0.025277 0.0233756 0.0214696 0.0195822 0.0177346 0.0159461 0.0142332 0.01261 0.0110876 0.00967424 0.00837522 0.00719321 0.00612833 0.00517847 0.00433958 0.00360602 0.00297093 0.00242656 0.00196459 0.00157649 0.00125372 0.000988002 0.000771467 0.000596814 0.000457389 0.000347232 0.000261102 0.000194462 0.000143444 0.000104802 7.58536e-05 5.44158e-05 3.87384e-05 2.74435e-05 1.94675e-05 1.40112e-05 1.04973e-05 8.53752e-06 
1.08337e-05 1.16875e-05 1.43464e-05 1.91095e-05 2.6496e-05 3.72764e-05 5.25155e-05 7.3627e-05 0.000102438 0.000141261 0.000192974 0.000261102 0.000349895 0.000464397 0.000610507 0.000795012 0.00102559 0.00131079 0.00165994 0.00208302 0.0025905 0.00319309 0.00390143 0.00472578 0.00567559 0.00675912 0.00798297 0.00935167 0.0108673 0.0125289 0.0143326 0.0162709 0.0183328 0.0205039 0.0227662 0.0250982 0.0274758 0.0298723 0.0322587 0.034605 0.0368801 0.039053 0.0410932 0.0429713 0.04466 0.0461342 0.047372 0.0483547 0.0490675 0.0494996 0.0496443 0.0494996 0.0490675 0.0483547 0.047372 0.0461342 0.04466 0.0429713 0.0410932 0.039053 0.0368801 0.034605 0.0322587 0.0298723 0.0274758 0.0250982 0.0227662 0.0205039 0.0183328 0.0162709 0.0143326 0.0125289 0.0108673 0.00935167 0.00798297 0.00675912 0.00567559 0.00472578 0.00390143 0.00319309 0.0025905 0.00208302 0.00165994 0.00131079 0.00102559 0.000795012 0.000610507 0.000464397 0.000349895 0.000261102 0.000192974 0.000141261 0.000102438 7.3627e-05 5.25155e-05 3.72764e-05 2.6496e-05 1.91095e-05 1.43464e-05 1.16875e-05 
1.47008e-05 1.58487e-05 1.9422e-05 2.58171e-05 3.57213e-05 5.01532e-05 7.05177e-05 9.86753e-05 0.000137024 0.000188591 0.000257133 0.000347232 0.000464397 0.000615142 0.000807058 0.00104884 0.00135028 0.00172223 0.00217647 0.00272555 0.00338254 0.0041607 0.00507315 0.00613236 0.0073497 0.00873492 0.0102956 0.0120366 0.0139597 0.016063 0.0183405 0.0207822 0.0233735 0.0260959 0.0289262 0.0318376 0.0347999 0.0377797 0.0407416 0.0436484 0.0464625 0.0491461 0.0516621 0.0539754 0.0560531 0.0578651 0.0593853 0.0605914 0.0614658 0.0619957 0.0621732 0.0619957 0.0614658 0.0605914 0.0593853 0.0578651 0.0560531 0.0539754 0.0516621 0.0491461 0.0464625 0.0436484 0.0407416 0.0377797 0.0347999 0.0318376 0.0289262 0.0260959 0.0233735 0.0207822 0.0183405 0.016063 0.0139597 0.0120366 0.0102956 0.00873492 0.0073497 0.00613236 0.00507315 0.0041607 0.00338254 0.00272555 0.00217647 0.00172223 0.00135028 0.00104884 0.000807058 0.000615142 0.000464397 0.000347232 0.000257133 0.000188591 0.000137024 9.86753e-05 7.05177e-05 5.01532e-05 3.57213e-05 2.58171e-05 1.9422e-05 1.58487e-05 
1.97611e-05 2.129e-05 2.60466e-05 3.45514e-05 4.77057e-05 6.6843e-05 9.37985e-05 0.000130997 0.000181555 0.000249397 0.000339374 0.000457389 0.000610507 0.000807058 0.0010567 0.00137046 0.00176071 0.00224106 0.00282623 0.00353183 0.00437396 0.00536888 0.00653251 0.00787982 0.0094243 0.0111772 0.0131471 0.015339 0.0177539 0.0203884 0.023234 0.0262772 0.0294993 0.0328762 0.036379 0.0399742 0.0436244 0.0472887 0.0509238 0.054485 0.0579265 0.0612031 0.0642707 0.0670874 0.0696142 0.0718158 0.0736611 0.0751242 0.0761844 0.0768266 0.0770417 0.0768266 0.0761844 0.0751242 0.0736611 0.0718158 0.0696142 0.0670874 0.0642707 0.0612031 0.0579265 0.054485 0.0509238 0.0472887 0.0436244 0.0399742 0.036379 0.0328762 0.0294993 0.0262772 0.023234 0.0203884 0.0177539 0.015339 0.0131471 0.0111772 0.0094243 0.00787982 0.00653251 0.00536888 0.00437396 0.00353183 0.00282623 0.00224106 0.00176071 0.00137046 0.0010567 0.000807058 0.000610507 0.000457389 0.000339374 0.000249397 0.000181555 0.000130997 9.37985e-05 6.6843e-05 4.77057e-05 3.45514e-05 2.60466e-05 2.129e-05 
2.63154e-05 2.83325e-05 3.46049e-05 4.58091e-05 6.31158e-05 8.82536e-05 0.000123597 0.000172276 0.000238301 0.000326709 0.000443705 0.000596814 0.000795012 0.00104884 0.00137046 0.00177372 0.00227406 0.00288839 0.00363492 0.00453278 0.00560164 0.00686117 0.00833042 0.0100271 0.011967 0.0141629 0.0166241 0.0193554 0.0223568 0.0256225 0.0291409 0.032894 0.0368578 0.041002 0.0452905 0.049682 0.0541307 0.0585871 0.0629992 0.0673131 0.0714747 0.0754302 0.0791278 0.0825183 0.085556 0.0881999 0.0904141 0.0921684 0.0934388 0.094208 0.0944656 0.094208 0.0934388 0.0921684 0.0904141 0.0881999 0.085556 0.0825183 0.0791278 0.0754302 0.0714747 0.0673131 0.0629992 0.0585871 0.0541307 0.049682 0.0452905 0.041002 0.0368578 0.032894 0.0291409 0.0256225 0.0223568 0.0193554 0.0166241 0.0141629 0.011967 0.0100271 0.00833042 0.00686117 0.00560164 0.00453278 0.00363492 0.00288839 0.00227406 0.00177372 0.00137046 0.00104884 0.000795012 0.000596814 0.000443705 0.000326709 0.000238301 0.000172276 0.000123597 8.82536e-05 6.31158e-05 4.58091e-05 3.46049e-05 2.83325e-05 
3.47189e-05 3.73553e-05 4.55492e-05 6.0172e-05 8.27293e-05 0.000115441 0.00016135 0.000224456 0.000309873 0.000424 0.000574699 0.000771467 0.00102559 0.00135028 0.00176071 0.00227406 0.00290941 0.00368757 0.00463077 0.00576224 0.0071057 0.00868463 0.0105216 0.0126373 0.0150496 0.017773 0.0208171 0.0241862 0.0278784 0.031885 0.0361902 0.0407707 0.0455958 0.0506278 0.0558221 0.0611285 0.0664917 0.0718523 0.0771483 0.0823161 0.0872921 0.0920135 0.0964199 0.100455 0.104065 0.107203 0.109829 0.111908 0.113413 0.114324 0.114629 0.114324 0.113413 0.111908 0.109829 0.107203 0.104065 0.100455 0.0964199 0.0920135 0.0872921 0.0823161 0.0771483 0.0718523 0.0664917 0.0611285 0.0558221 0.0506278 0.0455958 0.0407707 0.0361902 0.031885 0.0278784 0.0241862 0.0208171 0.017773 0.0150496 0.0126373 0.0105216 0.00868463 0.0071057 0.00576224 0.00463077 0.00368757 0.00290941 0.00227406 0.00176071 0.00135028 0.00102559 0.000771467 0.000574699 0.000424 0.000309873 0.000224456 0.00016135 0.000115441 8.27293e-05 6.0172e-05 4.55492e-05 3.73553e-05 
4.53843e-05 4.87982e-05 5.94034e-05 7.83112e-05 0.00010744 0.000149614 0.000208693 0.000289744 0.000399222 0.000545181 0.000737484 0.000988002 0.00131079 0.00172223 0.00224106 0.00288839 0.00368757 0.00466389 0.00584422 0.00725645 0.00892883 0.0108891 0.0131635 0.0157758 0.0187463 0.0220905 0.0258181 0.0299323 0.0344286 0.0392944 0.0445085 0.050041 0.0558534 0.0618992 0.0681242 0.0744678 0.0808638 0.087242 0.0935294 0.099652 0.105536 0.111108 0.1163 0.121047 0.125288 0.128972 0.13205 0.134486 0.136247 0.137313 0.13767 0.137313 0.136247 0.134486 0.13205 0.128972 0.125288 0.121047 0.1163 0.111108 0.105536 0.099652 0.0935294 0.087242 0.0808638 0.0744678 0.0681242 0.0618992 0.0558534 0.050041 0.0445085 0.0392944 0.0344286 0.0299323 0.0258181 0.0220905 0.0187463 0.0157758 0.0131635 0.0108891 0.00892883 0.00725645 0.00584422 0.00466389 0.00368757 0.00288839 0.00224106 0.00172223 0.00131079 0.000988002 0.000737484 0.000545181 0.000399222 0.000289744 0.000208693 0.000149614 0.00010744 7.83112e-05 5.94034e-05 4.87982e-05 
5.8784e-05 6.31641e-05 7.67642e-05 0.000100989 0.000138259 0.000192132 0.000267464 0.000370607 0.000509634 0.000694586 0.000937717 0.00125372 0.00165994 0.00217647 0.00282623 0.00363492 0.00463077 0.00584422 0.00730739 0.0090534 0.0111155 0.0135259 0.0163149 0.0195094 0.0231317 0.0271982 0.031718 0.0366925 0.0421134 0.0479632 0.0542142 0.0608284 0.0677582 0.0749467 0.0823287 0.089832 0.0973784 0.104886 0.112269 0.119444 0.126324 0.132828 0.138877 0.144398 0.149325 0.153598 0.157166 0.159986 0.162025 0.163257 0.16367 0.163257 0.162025 0.159986 0.157166 0.153598 0.149325 0.144398 0.138877 0.132828 0.126324 0.119444 0.112269 0.104886 0.0973784 0.089832 0.0823287 0.0749467 0.0677582 0.0608284 0.0542142 0.0479632 0.0421134 0.0366925 0.031718 0.0271982 0.0231317 0.0195094 0.0163149 0.0135259 0.0111155 0.0090534 0.00730739 0.00584422 0.00463077 0.00363492 0.00282623 0.00217647 0.00165994 0.00125372 0.000937717 0.000694586 0.000509634 0.000370607 0.000267464 0.000192132 0.000138259 0.000100989 7.67642e-05 6.31641e-05 
7.54493e-05 8.10181e-05 9.83005e-05 0.000129054 0.000176308 0.000244502 0.000339685 0.000469748 0.000644694 0.000876924 0.00118152 0.00157649 0.00208302 0.00272555 0.00353183 0.00453278 0.00576224 0.00725645 0.0090534 0.0111919 0.0137107 0.0166468 0.0200345 0.0239038 0.0282787 0.0331758 0.0386032 0.044559 0.0510306 0.0579938 0.0654129 0.0732407 0.0814186 0.0898782 0.0985417 0.107324 0.116134 0.124876 0.133454 0.141769 0.149727 0.157234 0.164204 0.170554 0.176213 0.181114 0.185202 0.18843 0.190762 0.192172 0.192643 0.192172 0.190762 0.18843 0.185202 0.181114 0.176213 0.170554 0.164204 0.157234 0.149727 0.141769 0.133454 0.124876 0.116134 0.107324 0.0985417 0.0898782 0.0814186 0.0732407 0.0654129 0.0579938 0.0510306 0.044559 0.0386032 0.0331758 0.0282787 0.0239038 0.0200345 0.0166468 0.0137107 0.0111919 0.0090534 0.00725645 0.00576224 0.00453278 0.00353183 0.00272555 0.00208302 0.00157649 0.00118152 0.000876924 0.000644694 0.000469748 0.000339685 0.000244502 0.000176308 0.000129054 9.83005e-05 8.10181e-05 
9.59678e-05 0.000102984 0.000124748 0.00016344 0.000222812 0.000308358 0.000427541 0.000590076 0.000808242 0.00109721 0.00147536 0.00196459 0.0025905 0.00338254 0.00437396 0.00560164 0.0071057 0.00892883 0.0111155 0.0137107 0.0167589 0.0203021 0.0243788 0.0290214 0.0342554 0.040097 0.046552 0.0536143 0.0612652 0.0694728 0.0781917 0.0873636 0.0969178 0.106772 0.116836 0.127009 0.137187 0.14726 0.157119 0.166654 0.175758 0.184328 0.19227 0.199494 0.20592 0.211479 0.216109 0.219763 0.2224 0.223993 0.224526 0.223993 0.2224 0.219763 0.216109 0.211479 0.20592 0.199494 0.19227 0.184328 0.175758 0.166654 0.157119 0.14726 0.137187 0.127009 0.116836 0.106772 0.0969178 0.0873636 0.0781917 0.0694728 0.0612652 0.0536143 0.046552 0.040097 0.0342554 0.0290214 0.0243788 0.0203021 0.0167589 0.0137107 0.0111155 0.00892883 0.0071057 0.00560164 0.00437396 0.00338254 0.0025905 0.00196459 0.00147536 0.00109721 0.000808242 0.000590076 0.000427541 0.000308358 0.000222812 0.00016344 0.000124748 0.000102984 
0.000120976 0.000129738 0.000156901 0.000205147 0.000279082 0.000385439 0.000533347 0.000734657 0.0010043 0.00136067 0.00182598 0.00242656 0.00319309 0.0041607 0.00536888 0.00686117 0.00868463 0.0108891 0.0135259 0.0166468 0.0203021 0.0245391 0.0293997 0.034919 0.0411228 0.048026 0.0556309 0.0639261 0.0728851 0.0824664 0.0926136 0.103255 0.114307 0.125672 0.137244 0.148909 0.160546 0.172032 0.183245 0.194062 0.204366 0.214045 0.222995 0.231122 0.238339 0.244573 0.24976 0.253848 0.256796 0.258577 0.259173 0.258577 0.256796 0.253848 0.24976 0.244573 0.238339 0.231122 0.222995 0.214045 0.204366 0.194062 0.183245 0.172032 0.160546 0.148909 0.137244 0.125672 0.114307 0.103255 0.0926136 0.0824664 0.0728851 0.0639261 0.0556309 0.048026 0.0411228 0.034919 0.0293997 0.0245391 0.0203021 0.0166468 0.0135259 0.0108891 0.00868463 0.00686117 0.00536888 0.0041607 0.00319309 0.00242656 0.00182598 0.00136067 0.0010043 0.000734657 0.000533347 0.000385439 0.000279082 0.000205147 0.000156901 0.000129738 
0.000151151 0.000161995 0.000195598 0.000255226 0.000346485 0.000477553 0.000659496 0.00090664 0.00123698 0.00167262 0.00224014 0.00297093 0.00390143 0.00507315 0.00653251 0.00833042 0.0105216 0.0131635 0.0163149 0.0200345 0.0243788 0.0293997 0.0351429 0.0416448 0.0489311 0.0570141 0.0658913 0.0755439 0.0859364 0.0970159 0.108713 0.120941 0.133601 0.14658 0.159755 0.172996 0.186166 0.19913 0.21175 0.223894 0.235433 0.246247 0.256226 0.265268 0.273285 0.280198 0.285944 0.290467 0.293727 0.295695 0.296353 0.295695 0.293727 0.290467 0.285944 0.280198 0.273285 0.265268 0.256226 0.246247 0.235433 0.223894 0.21175 0.19913 0.186166 0.172996 0.159755 0.14658 0.133601 0.120941 0.108713 0.0970159 0.0859364 0.0755439 0.0658913 0.0570141 0.0489311 0.0416448 0.0351429 0.0293997 0.0243788 0.0200345 0.0163149 0.0131635 0.0105216 0.00833042 0.00653251 0.00507315 0.00390143 0.00297093 0.00224014 0.00167262 0.00123698 0.00090664 0.000659496 0.000477553 0.000346485 0.000255226 0.000195598 0.000161995 
0.000187194 0.000200498 0.000241704 0.000314758 0.000426419 0.000586535 0.0008084 0.00110918 0.00151038 0.0020383 0.00272448 0.00360602 0.00472578 0.00613236 0.00787982 0.0100271 0.0126373 0.0157758 0.0195094 0.0239038 0.0290214 0.034919 0.0416448 0.0492364 0.0577176 0.0670968 0.0773652 0.0884952 0.10044 0.113133 0.12649 0.14041 0.154774 0.169453 0.184307 0.199189 0.213947 0.228431 0.242491 0.255983 0.26877 0.280725 0.291732 0.301685 0.310494 0.318078 0.324372 0.329321 0.332886 0.335036 0.335755 0.335036 0.332886 0.329321 0.324372 0.318078 0.310494 0.301685 0.291732 0.280725 0.26877 0.255983 0.242491 0.228431 0.213947 0.199189 0.184307 0.169453 0.154774 0.14041 0.12649 0.113133 0.10044 0.0884952 0.0773652 0.0670968 0.0577176 0.0492364 0.0416448 0.034919 0.0290214 0.0239038 0.0195094 0.0157758 0.0126373 0.0100271 0.00787982 0.00613236 0.00472578 0.00360602 0.00272448 0.0020383 0.00151038 0.00110918 0.0008084 0.000586535 0.000426419 0.000314758 0.000241704 0.000200498 
0.000229812 0.000245993 0.000296087 0.000384816 0.000520264 0.000714185 0.00098241 0.00134533 0.00182841 0.00246269 0.00328527 0.00433958 0.00567559 0.0073497 0.0094243 0.011967 0.0150496 0.0187463 0.0231317 0.0282787 0.0342554 0.0411228 0.0489311 0.0577176 0.0675032 0.0782908 0.0900633 0.102782 0.116387 0.130798 0.145912 0.16161 0.177755 0.194201 0.210788 0.227353 0.243729 0.259751 0.275258 0.290097 0.304122 0.317202 0.329215 0.340056 0.349631 0.357861 0.36468 0.370037 0.373892 0.376216 0.376992 0.376216 0.373892 0.370037 0.36468 0.357861 0.349631 0.340056 0.329215 0.317202 0.304122 0.290097 0.275258 0.259751 0.243729 0.227353 0.210788 0.194201 0.177755 0.16161 0.145912 0.130798 0.116387 0.102782 0.0900633 0.0782908 0.0675032 0.0577176 0.0489311 0.0411228 0.0342554 0.0282787 0.0231317 0.0187463 0.0150496 0.011967 0.0094243 0.0073497 0.00567559 0.00433958 0.00328527 0.00246269 0.00182841 0.00134533 0.00098241 0.000714185 0.000520264 0.000384816 0.000296087 0.000245993 
0.000279696 0.000299208 0.000359587 0.000466437 0.000629341 0.000862209 0.00118373 0.00161793 0.00219469 0.00295035 0.00392813 0.00517847 0.00675912 0.00873492 0.0111772 0.0141629 0.017773 0.0220905 0.0271982 0.0331758 0.040097 0.048026 0.0570141 0.0670968 0.0782908 0.0905916 0.103972 0.11838 0.13374 0.149955 0.166904 0.184448 0.202431 0.220686 0.239036 0.257301 0.275298 0.29285 0.309786 0.325944 0.341173 0.355337 0.368314 0.379998 0.390296 0.399132 0.406443 0.412178 0.416301 0.418785 0.419615 0.418785 0.416301 0.412178 0.406443 0.399132 0.390296 0.379998 0.368314 0.355337 0.341173 0.325944 0.309786 0.29285 0.275298 0.257301 0.239036 0.220686 0.202431 0.184448 0.166904 0.149955 0.13374 0.11838 0.103972 0.0905916 0.0782908 0.0670968 0.0570141 0.048026 0.040097 0.0331758 0.0271982 0.0220905 0.017773 0.0141629 0.0111772 0.00873492 0.00675912 0.00517847 0.00392813 0.00295035 0.00219469 0.00161793 0.00118373 0.000862209 0.000629341 0.000466437 0.000359587 0.000299208 
0.000337494 0.000360824 0.000432986 0.000560573 0.000754852 0.00103214 0.00141434 0.00192947 0.00261235 0.00350513 0.00465777 0.00612833 0.00798297 0.0102956 0.0131471 0.0166241 0.0208171 0.0258181 0.031718 0.0386032 0.046552 0.0556309 0.0658913 0.0773652 0.0900633 0.103972 0.11905 0.135233 0.152428 0.170516 0.189357 0.208792 0.228644 0.248725 0.268841 0.288794 0.308389 0.327437 0.345756 0.363178 0.379551 0.394737 0.408614 0.421077 0.432039 0.441427 0.449181 0.455257 0.459619 0.462246 0.463123 0.462246 0.459619 0.455257 0.449181 0.441427 0.432039 0.421077 0.408614 0.394737 0.379551 0.363178 0.345756 0.327437 0.308389 0.288794 0.268841 0.248725 0.228644 0.208792 0.189357 0.170516 0.152428 0.135233 0.11905 0.103972 0.0900633 0.0773652 0.0658913 0.0556309 0.046552 0.0386032 0.031718 0.0258181 0.0208171 0.0166241 0.0131471 0.0102956 0.00798297 0.00612833 0.00465777 0.00350513 0.00261235 0.00192947 0.00141434 0.00103214 0.000754852 0.000560573 0.000432986 0.000360824 
0.00040378 0.000431443 0.000516966 0.000668048 0.000897819 0.00122527 0.00167583 0.00228197 0.00308386 0.00413002 0.00547772 0.00719321 0.00935167 0.0120366 0.015339 0.0193554 0.0241862 0.0299323 0.0366925 0.044559 0.0536143 0.0639261 0.0755439 0.0884952 0.102782 0.11838 0.135233 0.153259 0.172346 0.192355 0.213123 0.234469 0.256194 0.278092 0.29995 0.321553 0.342694 0.363174 0.382804 0.401413 0.418847 0.434969 0.449661 0.462823 0.474374 0.484245 0.492385 0.498754 0.503322 0.506071 0.506988 0.506071 0.503322 0.498754 0.492385 0.484245 0.474374 0.462823 0.449661 0.434969 0.418847 0.401413 0.382804 0.363174 0.342694 0.321553 0.29995 0.278092 0.256194 0.234469 0.213123 0.192355 0.172346 0.153259 0.135233 0.11838 0.102782 0.0884952 0.0755439 0.0639261 0.0536143 0.044559 0.0366925 0.0299323 0.0241862 0.0193554 0.015339 0.0120366 0.00935167 0.00719321 0.00547772 0.00413002 0.00308386 0.00228197 0.00167583 0.00122527 0.000897819 0.000668048 0.000516966 0.000431443 
0.000479022 0.000511552 0.000612076 0.000789506 0.00105903 0.00144256 0.00196939 0.00267681 0.00361086 0.00482688 0.00638999 0.00837522 0.0108673 0.0139597 0.0177539 0.0223568 0.0278784 0.0344286 0.0421134 0.0510306 0.0612652 0.0728851 0.0859364 0.10044 0.116387 0.13374 0.152428 0.172346 0.193363 0.215316 0.238021 0.261272 0.28485 0.308527 0.332073 0.355261 0.377869 0.399692 0.420537 0.440231 0.458622 0.475575 0.490981 0.504745 0.516795 0.527071 0.535529 0.542137 0.546872 0.549718 0.550668 0.549718 0.546872 0.542137 0.535529 0.527071 0.516795 0.504745 0.490981 0.475575 0.458622 0.440231 0.420537 0.399692 0.377869 0.355261 0.332073 0.308527 0.28485 0.261272 0.238021 0.215316 0.193363 0.172346 0.152428 0.13374 0.116387 0.10044 0.0859364 0.0728851 0.0612652 0.0510306 0.0421134 0.0344286 0.0278784 0.0223568 0.0177539 0.0139597 0.0108673 0.00837522 0.00638999 0.00482688 0.00361086 0.00267681 0.00196939 0.00144256 0.00105903 0.000789506 0.000612076 0.000511552 
0.00056355 0.00060149 0.000718684 0.000925366 0.00123895 0.00168455 0.00229561 0.00311466 0.00419397 0.00559624 0.00739491 0.00967424 0.0125289 0.016063 0.0203884 0.0256225 0.031885 0.0392944 0.0479632 0.0579938 0.0694728 0.0824664 0.0970159 0.113133 0.130798 0.149955 0.170516 0.192355 0.215316 0.239215 0.26384 0.288964 0.314346 0.339739 0.364896 0.389575 0.413548 0.436602 0.458544 0.4792 0.498424 0.516088 0.532091 0.546348 0.558798 0.569391 0.578093 0.584881 0.589739 0.592657 0.59363 0.592657 0.589739 0.584881 0.578093 0.569391 0.558798 0.546348 0.532091 0.516088 0.498424 0.4792 0.458544 0.436602 0.413548 0.389575 0.364896 0.339739 0.314346 0.288964 0.26384 0.239215 0.215316 0.192355 0.170516 0.149955 0.130798 0.113133 0.0970159 0.0824664 0.0694728 0.0579938 0.0479632 0.0392944 0.031885 0.0256225 0.0203884 0.016063 0.0125289 0.00967424 0.00739491 0.00559624 0.00419397 0.00311466 0.00229561 0.00168455 0.00123895 0.000925366 0.000718684 0.00060149 
0.000657518 0.000701413 0.000836943 0.00107577 0.00143771 0.0019513 0.00265445 0.00359526 0.00483268 0.00643713 0.0084908 0.0110876 0.0143326 0.0183405 0.023234 0.0291409 0.0361902 0.0445085 0.0542142 0.0654129 0.0781917 0.0926136 0.108713 0.12649 0.145912 0.166904 0.189357 0.213123 0.238021 0.26384 0.290346 0.317286 0.344399 0.371419 0.398083 0.424139 0.449352 0.473506 0.496406 0.517887 0.537806 0.556048 0.572521 0.587154 0.599896 0.610713 0.61958 0.626485 0.63142 0.634382 0.63537 0.634382 0.63142 0.626485 0.61958 0.610713 0.599896 0.587154 0.572521 0.556048 0.537806 0.517887 0.496406 0.473506 0.449352 0.424139 0.398083 0.371419 0.344399 0.317286 0.290346 0.26384 0.238021 0.213123 0.189357 0.166904 0.145912 0.12649 0.108713 0.0926136 0.0781917 0.0654129 0.0542142 0.0445085 0.0361902 0.0291409 0.023234 0.0183405 0.0143326 0.0110876 0.0084908 0.00643713 0.00483268 0.00359526 0.00265445 0.0019513 0.00143771 0.00107577 0.000836943 0.000701413 
0.00076088 0.00081126 0.00096675 0.00124053 0.00165499 0.0022423 0.00304512 0.00411742 0.00552516 0.00734687 0.00967387 0.01261 0.0162709 0.0207822 0.0262772 0.032894 0.0407707 0.050041 0.0608284 0.0732407 0.0873636 0.103255 0.120941 0.14041 0.16161 0.184448 0.208792 0.234469 0.261272 0.288964 0.317286 0.345963 0.37471 0.403246 0.431294 0.458593 0.484904 0.510009 0.533718 0.555873 0.576341 0.595018 0.611827 0.626713 0.639638 0.650582 0.659534 0.666493 0.671459 0.674437 0.675429 0.674437 0.671459 0.666493 0.659534 0.650582 0.639638 0.626713 0.611827 0.595018 0.576341 0.555873 0.533718 0.510009 0.484904 0.458593 0.431294 0.403246 0.37471 0.345963 0.317286 0.288964 0.261272 0.234469 0.208792 0.184448 0.16161 0.14041 0.120941 0.103255 0.0873636 0.0732407 0.0608284 0.050041 0.0407707 0.032894 0.0262772 0.0207822 0.0162709 0.01261 0.00967387 0.00734687 0.00552516 0.00411742 0.00304512 0.0022423 0.00165499 0.00124053 0.00096675 0.00081126 
0.000873356 0.000930725 0.00110772 0.00141912 0.00189003 0.00255645 0.00346602 0.00467885 0.00626822 0.00832104 0.010938 0.0142332 0.0183328 0.0233735 0.0294993 0.0368578 0.0455958 0.0558534 0.0677582 0.0814186 0.0969178 0.114307 0.133601 0.154774 0.177755 0.202431 0.228644 0.256194 0.28485 0.314346 0.344399 0.37471 0.404976 0.434899 0.464191 0.492585 0.519838 0.545735 0.570095 0.592766 0.613631 0.632599 0.64961 0.664624 0.677622 0.688598 0.697555 0.704504 0.709456 0.712423 0.713411 0.712423 0.709456 0.704504 0.697555 0.688598 0.677622 0.664624 0.64961 0.632599 0.613631 0.592766 0.570095 0.545735 0.519838 0.492585 0.464191 0.434899 0.404976 0.37471 0.344399 0.314346 0.28485 0.256194 0.228644 0.202431 0.177755 0.154774 0.133601 0.114307 0.0969178 0.0814186 0.0677582 0.0558534 0.0455958 0.0368578 0.0294993 0.0233735 0.0183328 0.0142332 0.010938 0.00832104 0.00626822 0.00467885 0.00346602 0.00255645 0.00189003 0.00141912 0.00110772 0.000930725 
0.000994413 0.00105923 0.00125914 0.00161061 0.00214156 0.00289197 0.00391469 0.00527617 0.00705721 0.00935336 0.0122749 0.0159461 0.0205039 0.0260959 0.0328762 0.041002 0.0506278 0.0618992 0.0749467 0.0898782 0.106772 0.125672 0.14658 0.169453 0.194201 0.220686 0.248725 0.278092 0.308527 0.339739 0.371419 0.403246 0.434899 0.466065 0.49645 0.525779 0.553812 0.580339 0.605186 0.628216 0.649325 0.668441 0.685521 0.700544 0.713508 0.724423 0.73331 0.74019 0.745085 0.748015 0.74899 0.748015 0.745085 0.74019 0.73331 0.724423 0.713508 0.700544 0.685521 0.668441 0.649325 0.628216 0.605186 0.580339 0.553812 0.525779 0.49645 0.466065 0.434899 0.403246 0.371419 0.339739 0.308527 0.278092 0.248725 0.220686 0.194201 0.169453 0.14658 0.125672 0.106772 0.0898782 0.0749467 0.0618992 0.0506278 0.041002 0.0328762 0.0260959 0.0205039 0.0159461 0.0122749 0.00935336 0.00705721 0.00527617 0.00391469 0.00289197 0.00214156 0.00161061 0.00125914 0.00105923 
0.00112325 0.00119593 0.00142 0.00181367 0.00240778 0.00324644 0.00438779 0.00590483 0.00788604 0.0104357 0.0136737 0.0177346 0.0227662 0.0289262 0.036379 0.0452905 0.0558221 0.0681242 0.0823287 0.0985417 0.116836 0.137244 0.159755 0.184307 0.210788 0.239036 0.268841 0.29995 0.332073 0.364896 0.398083 0.431294 0.464191 0.49645 0.527767 0.557869 0.586517 0.613509 0.638683 0.661917 0.683124 0.702251 0.719275 0.734193 0.747024 0.757795 0.76654 0.773296 0.778096 0.780964 0.781919 0.780964 0.778096 0.773296 0.76654 0.757795 0.747024 0.734193 0.719275 0.702251 0.683124 0.661917 0.638683 0.613509 0.586517 0.557869 0.527767 0.49645 0.464191 0.431294 0.398083 0.364896 0.332073 0.29995 0.268841 0.239036 0.210788 0.184307 0.159755 0.137244 0.116836 0.0985417 0.0823287 0.0681242 0.0558221 0.0452905 0.036379 0.0289262 0.0227662 0.0177346 0.0136737 0.0104357 0.00788604 0.00590483 0.00438779 0.00324644 0.00240778 0.00181367 0.00142 0.00119593 
0.0012588 0.00133968 0.00158894 0.00202657 0.00268639 0.00361672 0.00488113 0.00655921 0.00874719 0.0115581 0.0151215 0.0195822 0.0250982 0.0318376 0.0399742 0.049682 0.0611285 0.0744678 0.089832 0.107324 0.127009 0.148909 0.172996 0.199189 0.227353 0.257301 0.288794 0.321553 0.355261 0.389575 0.424139 0.458593 0.492585 0.525779 0.557869 0.588581 0.617682 0.644981 0.670329 0.693621 0.714788 0.7338 0.750653 0.765365 0.777973 0.788523 0.797066 0.80365 0.808319 0.811106 0.812033 0.811106 0.808319 0.80365 0.797066 0.788523 0.777973 0.765365 0.750653 0.7338 0.714788 0.693621 0.670329 0.644981 0.617682 0.588581 0.557869 0.525779 0.492585 0.458593 0.424139 0.389575 0.355261 0.321553 0.288794 0.257301 0.227353 0.199189 0.172996 0.148909 0.127009 0.107324 0.089832 0.0744678 0.0611285 0.049682 0.0399742 0.0318376 0.0250982 0.0195822 0.0151215 0.0115581 0.00874719 0.00655921 0.00488113 0.00361672 0.00268639 0.00202657 0.00158894 0.00133968 
0.00139971 0.00148905 0.00176426 0.00224716 0.00297458 0.00399908 0.00538968 0.0072326 0.00963181 0.0127091 0.0166034 0.0214696 0.0274758 0.0347999 0.0436244 0.0541307 0.0664917 0.0808638 0.0973784 0.116134 0.137187 0.160546 0.186166 0.213947 0.243729 0.275298 0.308389 0.342694 0.377869 0.413548 0.449352 0.484904 0.519838 0.553812 0.586517 0.617682 0.647083 0.674539 0.699919 0.723135 0.744141 0.762924 0.779505 0.793921 0.806231 0.816496 0.824784 0.831156 0.835666 0.838354 0.839247 0.838354 0.835666 0.831156 0.824784 0.816496 0.806231 0.793921 0.779505 0.762924 0.744141 0.723135 0.699919 0.674539 0.647083 0.617682 0.586517 0.553812 0.519838 0.484904 0.449352 0.413548 0.377869 0.342694 0.308389 0.275298 0.243729 0.213947 0.186166 0.160546 0.137187 0.116134 0.0973784 0.0808638 0.0664917 0.0541307 0.0436244 0.0347999 0.0274758 0.0214696 0.0166034 0.0127091 0.00963181 0.0072326 0.00538968 0.00399908 0.00297458 0.00224716 0.00176426 0.00148905 
0.00154439 0.00164234 0.00194398 0.00247294 0.00326908 0.00438917 0.00590765 0.00791735 0.0105299 0.0138755 0.0181026 0.0233756 0.0298723 0.0377797 0.0472887 0.0585871 0.0718523 0.087242 0.104886 0.124876 0.14726 0.172032 0.19913 0.228431 0.259751 0.29285 0.327437 0.363174 0.399692 0.436602 0.473506 0.510009 0.545735 0.580339 0.613509 0.644981 0.674539 0.702018 0.727303 0.750327 0.771063 0.789524 0.805747 0.819795 0.831743 0.841672 0.849663 0.855791 0.860119 0.862696 0.863552 0.862696 0.860119 0.855791 0.849663 0.841672 0.831743 0.819795 0.805747 0.789524 0.771063 0.750327 0.727303 0.702018 0.674539 0.644981 0.613509 0.580339 0.545735 0.510009 0.473506 0.436602 0.399692 0.363174 0.327437 0.29285 0.259751 0.228431 0.19913 0.172032 0.14726 0.124876 0.104886 0.087242 0.0718523 0.0585871 0.0472887 0.0377797 0.0298723 0.0233756 0.0181026 0.0138755 0.0105299 0.00791735 0.00590765 0.00438917 0.00326908 0.00247294 0.00194398 0.00164234 
