6.44868e-05 6.65939e-05 7.29981e-05 8.39484e-05 9.98617e-05 0.000121324 0.000149095 0.000184108 0.000227471 0.00028047 0.000344564 0.00042138 0.000512704 0.000620464 0.000746717 0.000893613 0.00106337 0.00125824 0.00148044 0.00173213 0.00201533 0.00233188 0.00268334 0.00307097 0.0034956 0.00395763 0.00445692 0.00499274 0.00556376 0.00616794 0.0068026 0.00746433 0.00814906 0.00885201 0.00956782 0.0102905 0.0110137 0.0117305 0.0124337 0.0131161 0.0137702 0.0143887 0.0149643 0.0154904 0.0159605 0.0163689 0.0167103 0.0169806 0.0171761 0.0172945 0.0173341 0.0172945 0.0171761 0.0169806 0.0167103 0.0163689 0.0159605 0.0154904 0.0149643 0.0143887 0.0137702 0.0131161 0.0124337 0.0117305 0.0110137 0.0102905 0.00956782 0.00885201 0.00814906 0.00746433 0.0068026 0.00616794 0.00556376 0.00499274 0.00445692 0.00395763 0.0034956 0.00307097 0.00268334 0.00233188 0.00201533 0.00173213 0.00148044 0.00125824 0.00106337 0.000893613 0.000746717 0.000620464 0.000512704 0.00042138 0.000344564 0.00028047 0.000227471 0.000184108 0.000149095 0.000121324 9.98617e-05 8.39484e-05 7.29981e-05 6.65939e-05 
6.65939e-05 6.87656e-05 7.5366e-05 8.66509e-05 0.000103048 0.000125161 0.000153767 0.000189825 0.000234474 0.000289031 0.000354993 0.000434029 0.000527966 0.000638783 0.000768581 0.000919564 0.001094 0.00129418 0.00152239 0.00178081 0.00207151 0.00239635 0.00275694 0.00315453 0.00358997 0.00406364 0.00457539 0.00512446 0.00570945 0.0063283 0.00697821 0.00765571 0.0083566 0.00907602 0.00980846 0.0105478 0.0112875 0.0120206 0.0127397 0.0134374 0.014106 0.0147382 0.0153266 0.0158642 0.0163446 0.0167618 0.0171107 0.0173868 0.0175866 0.0177075 0.017748 0.0177075 0.0175866 0.0173868 0.0171107 0.0167618 0.0163446 0.0158642 0.0153266 0.0147382 0.014106 0.0134374 0.0127397 0.0120206 0.0112875 0.0105478 0.00980846 0.00907602 0.0083566 0.00765571 0.00697821 0.0063283 0.00570945 0.00512446 0.00457539 0.00406364 0.00358997 0.00315453 0.00275694 0.00239635 0.00207151 0.00178081 0.00152239 0.00129418 0.001094 0.000919564 0.000768581 0.000638783 0.000527966 0.000434029 0.000354993 0.000289031 0.000234474 0.000189825 0.000153767 0.000125161 0.000103048 8.66509e-05 7.5366e-05 6.87656e-05 
7.29981e-05 7.5366e-05 8.25618e-05 9.48619e-05 0.000112728 0.000136812 0.000167952 0.000207182 0.000255729 0.000315011 0.000386638 0.000472399 0.000574259 0.000694335 0.000834876 0.000998235 0.00118683 0.00140311 0.00164947 0.00192826 0.00224165 0.0025916 0.00297978 0.00340749 0.00387559 0.00438446 0.00493386 0.00552294 0.00615017 0.00681327 0.00750925 0.00823435 0.00898405 0.00975315 0.0105358 0.0113254 0.012115 0.0128971 0.0136641 0.0144078 0.0151204 0.0157939 0.0164205 0.0169929 0.0175043 0.0179483 0.0183195 0.0186133 0.0188258 0.0189544 0.0189975 0.0189544 0.0188258 0.0186133 0.0183195 0.0179483 0.0175043 0.0169929 0.0164205 0.0157939 0.0151204 0.0144078 0.0136641 0.0128971 0.012115 0.0113254 0.0105358 0.00975315 0.00898405 0.00823435 0.00750925 0.00681327 0.00615017 0.00552294 0.00493386 0.00438446 0.00387559 0.00340749 0.00297978 0.0025916 0.00224165 0.00192826 0.00164947 0.00140311 0.00118683 0.000998235 0.000834876 0.000694335 0.000574259 0.000472399 0.000386638 0.000315011 0.000255729 0.000207182 0.000167952 0.000136812 0.000112728 9.48619e-05 8.25618e-05 7.5366e-05 
8.39484e-05 8.66509e-05 9.48619e-05 0.000108893 0.000129263 0.000156705 0.000192163 0.000236796 0.000291979 0.000359303 0.000440566 0.000537767 0.000653096 0.000788906 0.000947696 0.00113207 0.0013447 0.00158828 0.00186546 0.00217878 0.00253061 0.00292308 0.00335797 0.00383666 0.00436003 0.00492841 0.00554146 0.00619816 0.00689672 0.00763456 0.00840829 0.00921369 0.0100457 0.0108986 0.0117657 0.01264 0.0135137 0.0143785 0.0152259 0.0160473 0.0168338 0.0175768 0.0182677 0.0188987 0.0194621 0.0199511 0.0203599 0.0206833 0.0209172 0.0210588 0.0211062 0.0210588 0.0209172 0.0206833 0.0203599 0.0199511 0.0194621 0.0188987 0.0182677 0.0175768 0.0168338 0.0160473 0.0152259 0.0143785 0.0135137 0.01264 0.0117657 0.0108986 0.0100457 0.00921369 0.00840829 0.00763456 0.00689672 0.00619816 0.00554146 0.00492841 0.00436003 0.00383666 0.00335797 0.00292308 0.00253061 0.00217878 0.00186546 0.00158828 0.0013447 0.00113207 0.000947696 0.000788906 0.000653096 0.000537767 0.000440566 0.000359303 0.000291979 0.000236796 0.000192163 0.000156705 0.000129263 0.000108893 9.48619e-05 8.66509e-05 
9.98617e-05 0.000103048 0.000112728 0.000129263 0.000153256 0.000185555 0.000227253 0.000279692 0.000344461 0.000423393 0.000518559 0.000632256 0.000766995 0.000925468 0.00111053 0.00132513 0.00157232 0.00185514 0.00217655 0.00253943 0.00294641 0.00339982 0.00390163 0.00445331 0.00505577 0.00570924 0.00641326 0.00716654 0.00796694 0.00881141 0.00969601 0.0106159 0.0115652 0.0125373 0.0135248 0.0145194 0.0155126 0.0164949 0.0174567 0.0183883 0.0192797 0.0201212 0.0209035 0.0216174 0.0222546 0.0228075 0.0232695 0.0236349 0.0238992 0.0240591 0.0241126 0.0240591 0.0238992 0.0236349 0.0232695 0.0228075 0.0222546 0.0216174 0.0209035 0.0201212 0.0192797 0.0183883 0.0174567 0.0164949 0.0155126 0.0145194 0.0135248 0.0125373 0.0115652 0.0106159 0.00969601 0.00881141 0.00796694 0.00716654 0.00641326 0.00570924 0.00505577 0.00445331 0.00390163 0.00339982 0.00294641 0.00253943 0.00217655 0.00185514 0.00157232 0.00132513 0.00111053 0.000925468 0.000766995 0.000632256 0.000518559 0.000423393 0.000344461 0.000279692 0.000227253 0.000185555 0.000153256 0.000129263 0.000112728 0.000103048 
0.000121324 0.000125161 0.000136812 0.000156705 0.000185555 0.000224363 0.000274421 0.000337313 0.000414908 0.000509362 0.000623106 0.000758832 0.000919472 0.00110816 0.00132822 0.00158309 0.00187625 0.00221122 0.00259141 0.00302006 0.00350017 0.00403436 0.00462479 0.00527305 0.00598006 0.00674597 0.00757008 0.00845076 0.0093854 0.0103703 0.0114009 0.0124712 0.0135747 0.0147035 0.0158489 0.0170016 0.0181514 0.0192876 0.0203992 0.021475 0.0225037 0.0234742 0.0243758 0.0251981 0.0259317 0.0265681 0.0270996 0.0275198 0.0278237 0.0280076 0.0280691 0.0280076 0.0278237 0.0275198 0.0270996 0.0265681 0.0259317 0.0251981 0.0243758 0.0234742 0.0225037 0.021475 0.0203992 0.0192876 0.0181514 0.0170016 0.0158489 0.0147035 0.0135747 0.0124712 0.0114009 0.0103703 0.0093854 0.00845076 0.00757008 0.00674597 0.00598006 0.00527305 0.00462479 0.00403436 0.00350017 0.00302006 0.00259141 0.00221122 0.00187625 0.00158309 0.00132822 0.00110816 0.000919472 0.000758832 0.000623106 0.000509362 0.000414908 0.000337313 0.000274421 0.000224363 0.000185555 0.000156705 0.000136812 0.000125161 
0.000149095 0.000153767 0.000167952 0.000192163 0.000227253 0.000274421 0.000335211 0.000411509 0.000505545 0.000619881 0.000757402 0.000921297 0.00111503 0.0013423 0.001607 0.00191315 0.00226484 0.00266615 0.00312101 0.00363317 0.00420603 0.00484257 0.00554518 0.00631558 0.0071547 0.00806255 0.00903813 0.0100794 0.011183 0.0123446 0.0135585 0.0148179 0.0161148 0.0174399 0.0187832 0.0201337 0.0214794 0.022808 0.0241068 0.0253627 0.0265626 0.0276939 0.0287441 0.0297015 0.0305553 0.0312955 0.0319134 0.0324019 0.0327551 0.0329687 0.0330402 0.0329687 0.0327551 0.0324019 0.0319134 0.0312955 0.0305553 0.0297015 0.0287441 0.0276939 0.0265626 0.0253627 0.0241068 0.022808 0.0214794 0.0201337 0.0187832 0.0174399 0.0161148 0.0148179 0.0135585 0.0123446 0.011183 0.0100794 0.00903813 0.00806255 0.0071547 0.00631558 0.00554518 0.00484257 0.00420603 0.00363317 0.00312101 0.00266615 0.00226484 0.00191315 0.001607 0.0013423 0.00111503 0.000921297 0.000757402 0.000619881 0.000505545 0.000411509 0.000335211 0.000274421 0.000227253 0.000192163 0.000167952 0.000153767 
0.000184108 0.000189825 0.000207182 0.000236796 0.000279692 0.000337313 0.000411509 0.000504545 0.000619089 0.000758204 0.000925333 0.00112427 0.00135913 0.00163429 0.00195435 0.00232406 0.00274819 0.00323151 0.0037786 0.00439378 0.00508095 0.00584349 0.00668406 0.00760451 0.00860575 0.00968757 0.0108486 0.0120862 0.0133964 0.0147736 0.0162112 0.0177009 0.0192331 0.020797 0.0223807 0.0239712 0.0255545 0.0271163 0.0286416 0.0301154 0.0315224 0.032848 0.0340778 0.0351982 0.0361968 0.0370623 0.0377845 0.0383553 0.0387678 0.0390173 0.0391008 0.0390173 0.0387678 0.0383553 0.0377845 0.0370623 0.0361968 0.0351982 0.0340778 0.032848 0.0315224 0.0301154 0.0286416 0.0271163 0.0255545 0.0239712 0.0223807 0.020797 0.0192331 0.0177009 0.0162112 0.0147736 0.0133964 0.0120862 0.0108486 0.00968757 0.00860575 0.00760451 0.00668406 0.00584349 0.00508095 0.00439378 0.0037786 0.00323151 0.00274819 0.00232406 0.00195435 0.00163429 0.00135913 0.00112427 0.000925333 0.000758204 0.000619089 0.000504545 0.000411509 0.000337313 0.000279692 0.000236796 0.000207182 0.000189825 
0.000227471 0.000234474 0.000255729 0.000291979 0.000344461 0.000414908 0.000505545 0.000619089 0.000758739 0.00092816 0.00113146 0.00137317 0.00165817 0.00199166 0.00237907 0.00282599 0.00333804 0.00392077 0.00457953 0.0053193 0.00614455 0.00705909 0.00806589 0.00916694 0.010363 0.0116538 0.0130372 0.01451 0.0160672 0.0177022 0.0194068 0.021171 0.0229836 0.0248316 0.026701 0.0285764 0.0304416 0.0322798 0.0340734 0.0358048 0.0374567 0.0390118 0.0404536 0.0417664 0.0429359 0.0439489 0.044794 0.0454617 0.0459441 0.0462359 0.0463335 0.0462359 0.0459441 0.0454617 0.044794 0.0439489 0.0429359 0.0417664 0.0404536 0.0390118 0.0374567 0.0358048 0.0340734 0.0322798 0.0304416 0.0285764 0.026701 0.0248316 0.0229836 0.021171 0.0194068 0.0177022 0.0160672 0.01451 0.0130372 0.0116538 0.010363 0.00916694 0.00806589 0.00705909 0.00614455 0.0053193 0.00457953 0.00392077 0.00333804 0.00282599 0.00237907 0.00199166 0.00165817 0.00137317 0.00113146 0.00092816 0.000758739 0.000619089 0.000505545 0.000414908 0.000344461 0.000291979 0.000255729 0.000234474 
0.00028047 0.000289031 0.000315011 0.000359303 0.000423393 0.000509362 0.000619881 0.000758204 0.00092816 0.00113413 0.001381 0.00167417 0.00201942 0.00242293 0.00289108 0.00343046 0.00404765 0.00474913 0.00554109 0.00642927 0.0074188 0.00851395 0.00971802 0.0110331 0.0124598 0.0139974 0.0156434 0.0173936 0.0192416 0.0211797 0.0231977 0.0252841 0.027425 0.0296055 0.0318088 0.034017 0.0362109 0.038371 0.0404768 0.042508 0.0444444 0.0462659 0.0479536 0.0494895 0.0508569 0.0520409 0.0530282 0.053808 0.0543713 0.0547119 0.0548259 0.0547119 0.0543713 0.053808 0.0530282 0.0520409 0.0508569 0.0494895 0.0479536 0.0462659 0.0444444 0.042508 0.0404768 0.038371 0.0362109 0.034017 0.0318088 0.0296055 0.027425 0.0252841 0.0231977 0.0211797 0.0192416 0.0173936 0.0156434 0.0139974 0.0124598 0.0110331 0.00971802 0.00851395 0.0074188 0.00642927 0.00554109 0.00474913 0.00404765 0.00343046 0.00289108 0.00242293 0.00201942 0.00167417 0.001381 0.00113413 0.00092816 0.000758204 0.000619881 0.000509362 0.000423393 0.000359303 0.000315011 0.000289031 
0.000344564 0.000354993 0.000386638 0.000440566 0.000518559 0.000623106 0.000757402 0.000925333 0.00113146 0.001381 0.00167977 0.00203415 0.002451 0.00293758 0.00350142 0.00415022 0.00489167 0.0057333 0.00668226 0.00774513 0.00892774 0.0102349 0.0116702 0.0132357 0.014932 0.0167578 0.0187098 0.0207826 0.0229688 0.0252585 0.02764 0.0300991 0.0326197 0.035184 0.0377723 0.0403636 0.0429358 0.0454657 0.04793 0.0503049 0.052567 0.0546935 0.0566625 0.0584533 0.0600468 0.0614258 0.0625755 0.0634831 0.0641386 0.0645349 0.0646675 0.0645349 0.0641386 0.0634831 0.0625755 0.0614258 0.0600468 0.0584533 0.0566625 0.0546935 0.052567 0.0503049 0.04793 0.0454657 0.0429358 0.0403636 0.0377723 0.035184 0.0326197 0.0300991 0.02764 0.0252585 0.0229688 0.0207826 0.0187098 0.0167578 0.014932 0.0132357 0.0116702 0.0102349 0.00892774 0.00774513 0.00668226 0.0057333 0.00489167 0.00415022 0.00350142 0.00293758 0.002451 0.00203415 0.00167977 0.001381 0.00113146 0.000925333 0.000757402 0.000623106 0.000518559 0.000440566 0.000386638 0.000354993 
0.00042138 0.000434029 0.000472399 0.000537767 0.000632256 0.000758832 0.000921297 0.00112427 0.00137317 0.00167417 0.00203415 0.00246065 0.00296173 0.00354592 0.00422204 0.00499906 0.00588591 0.0068913 0.00802344 0.00928985 0.0106971 0.0122505 0.0139539 0.0158095 0.0178176 0.0199761 0.0222809 0.0247252 0.0273 0.0299935 0.0327914 0.0356771 0.0386317 0.041634 0.0446611 0.0476886 0.0506906 0.0536405 0.0565112 0.0592755 0.0619064 0.0643777 0.0666643 0.0687428 0.0705913 0.0721902 0.0735227 0.0745743 0.0753337 0.0757927 0.0759462 0.0757927 0.0753337 0.0745743 0.0735227 0.0721902 0.0705913 0.0687428 0.0666643 0.0643777 0.0619064 0.0592755 0.0565112 0.0536405 0.0506906 0.0476886 0.0446611 0.041634 0.0386317 0.0356771 0.0327914 0.0299935 0.0273 0.0247252 0.0222809 0.0199761 0.0178176 0.0158095 0.0139539 0.0122505 0.0106971 0.00928985 0.00802344 0.0068913 0.00588591 0.00499906 0.00422204 0.00354592 0.00296173 0.00246065 0.00203415 0.00167417 0.00137317 0.00112427 0.000921297 0.000758832 0.000632256 0.000537767 0.000472399 0.000434029 
0.000512704 0.000527966 0.000574259 0.000653096 0.000766995 0.000919472 0.00111503 0.00135913 0.00165817 0.00201942 0.002451 0.00296173 0.00356107 0.00425896 0.00506569 0.00599164 0.00704714 0.00824217 0.00958613 0.0110875 0.0127537 0.0145905 0.0166022 0.0187906 0.0211558 0.0236948 0.0264025 0.0292704 0.0322875 0.0354398 0.0387103 0.0420794 0.0455248 0.0490219 0.052544 0.0560627 0.0595483 0.06297 0.0662968 0.0694973 0.072541 0.0753979 0.0780395 0.080439 0.0825719 0.084416 0.0859521 0.087164 0.088039 0.0885677 0.0887446 0.0885677 0.088039 0.087164 0.0859521 0.084416 0.0825719 0.080439 0.0780395 0.0753979 0.072541 0.0694973 0.0662968 0.06297 0.0595483 0.0560627 0.052544 0.0490219 0.0455248 0.0420794 0.0387103 0.0354398 0.0322875 0.0292704 0.0264025 0.0236948 0.0211558 0.0187906 0.0166022 0.0145905 0.0127537 0.0110875 0.00958613 0.00824217 0.00704714 0.00599164 0.00506569 0.00425896 0.00356107 0.00296173 0.002451 0.00201942 0.00165817 0.00135913 0.00111503 0.000919472 0.000766995 0.000653096 0.000574259 0.000527966 
0.000620464 0.000638783 0.000694335 0.000788906 0.000925468 0.00110816 0.0013423 0.00163429 0.00199166 0.00242293 0.00293758 0.00354592 0.00425896 0.00508826 0.00604568 0.00714323 0.00839274 0.00980561 0.0113925 0.013163 0.0151252 0.0172855 0.0196483 0.0222154 0.024986 0.0279566 0.0311202 0.0344668 0.0379829 0.0416519 0.0454538 0.0493656 0.0533611 0.0574118 0.0614869 0.0655537 0.0695779 0.0735244 0.0773578 0.0810424 0.0845435 0.0878272 0.0908612 0.0936155 0.0960623 0.0981768 0.0999373 0.101326 0.102328 0.102934 0.103136 0.102934 0.102328 0.101326 0.0999373 0.0981768 0.0960623 0.0936155 0.0908612 0.0878272 0.0845435 0.0810424 0.0773578 0.0735244 0.0695779 0.0655537 0.0614869 0.0574118 0.0533611 0.0493656 0.0454538 0.0416519 0.0379829 0.0344668 0.0311202 0.0279566 0.024986 0.0222154 0.0196483 0.0172855 0.0151252 0.013163 0.0113925 0.00980561 0.00839274 0.00714323 0.00604568 0.00508826 0.00425896 0.00354592 0.00293758 0.00242293 0.00199166 0.00163429 0.0013423 0.00110816 0.000925468 0.000788906 0.000694335 0.000638783 
0.000746717 0.000768581 0.000834876 0.000947696 0.00111053 0.00132822 0.001607 0.00195435 0.00237907 0.00289108 0.00350142 0.00422204 0.00506569 0.00604568 0.00717569 0.00846945 0.00994045 0.0116016 0.013465 0.0155411 0.0178391 0.0203657 0.0231254 0.0261197 0.0293472 0.032803 0.0364784 0.0403613 0.0444357 0.0486817 0.053076 0.0575915 0.0621981 0.0668629 0.0715503 0.0762228 0.0808415 0.0853665 0.0897573 0.093974 0.0979771 0.101729 0.105192 0.108335 0.111125 0.113534 0.11554 0.117121 0.118262 0.118951 0.119182 0.118951 0.118262 0.117121 0.11554 0.113534 0.111125 0.108335 0.105192 0.101729 0.0979771 0.093974 0.0897573 0.0853665 0.0808415 0.0762228 0.0715503 0.0668629 0.0621981 0.0575915 0.053076 0.0486817 0.0444357 0.0403613 0.0364784 0.032803 0.0293472 0.0261197 0.0231254 0.0203657 0.0178391 0.0155411 0.013465 0.0116016 0.00994045 0.00846945 0.00717569 0.00604568 0.00506569 0.00422204 0.00350142 0.00289108 0.00237907 0.00195435 0.001607 0.00132822 0.00111053 0.000947696 0.000834876 0.000768581 
0.000893613 0.000919564 0.000998235 0.00113207 0.00132513 0.00158309 0.00191315 0.00232406 0.00282599 0.00343046 0.00415022 0.00499906 0.00599164 0.00714323 0.00846945 0.00998592 0.0117079 0.01365 0.0158256 0.0182465 0.0209224 0.0238606 0.0270655 0.0305383 0.0342764 0.0382734 0.0425188 0.0469979 0.0516916 0.0565767 0.0616257 0.0668075 0.0720873 0.0774272 0.0827867 0.0881231 0.0933921 0.0985487 0.103548 0.108343 0.112892 0.117152 0.121082 0.124645 0.127806 0.130535 0.132805 0.134595 0.135886 0.136665 0.136926 0.136665 0.135886 0.134595 0.132805 0.130535 0.127806 0.124645 0.121082 0.117152 0.112892 0.108343 0.103548 0.0985487 0.0933921 0.0881231 0.0827867 0.0774272 0.0720873 0.0668075 0.0616257 0.0565767 0.0516916 0.0469979 0.0425188 0.0382734 0.0342764 0.0305383 0.0270655 0.0238606 0.0209224 0.0182465 0.0158256 0.01365 0.0117079 0.00998592 0.00846945 0.00714323 0.00599164 0.00499906 0.00415022 0.00343046 0.00282599 0.00232406 0.00191315 0.00158309 0.00132513 0.00113207 0.000998235 0.000919564 
0.00106337 0.001094 0.00118683 0.0013447 0.00157232 0.00187625 0.00226484 0.00274819 0.00333804 0.00404765 0.00489167 0.00588591 0.00704714 0.00839274 0.00994045 0.0117079 0.0137124 0.0159701 0.0184958 0.0213025 0.0244007 0.027798 0.0314987 0.0355031 0.0398075 0.0444038 0.0492791 0.0544157 0.0597912 0.0653784 0.0711454 0.0770565 0.0830716 0.0891476 0.0952385 0.101296 0.10727 0.113111 0.118767 0.124188 0.129325 0.134131 0.138562 0.142576 0.146136 0.149207 0.151761 0.153773 0.155224 0.1561 0.156393 0.1561 0.155224 0.153773 0.151761 0.149207 0.146136 0.142576 0.138562 0.134131 0.129325 0.124188 0.118767 0.113111 0.10727 0.101296 0.0952385 0.0891476 0.0830716 0.0770565 0.0711454 0.0653784 0.0597912 0.0544157 0.0492791 0.0444038 0.0398075 0.0355031 0.0314987 0.027798 0.0244007 0.0213025 0.0184958 0.0159701 0.0137124 0.0117079 0.00994045 0.00839274 0.00704714 0.00588591 0.00489167 0.00404765 0.00333804 0.00274819 0.00226484 0.00187625 0.00157232 0.0013447 0.00118683 0.001094 
0.00125824 0.00129418 0.00140311 0.00158828 0.00185514 0.00221122 0.00266615 0.00323151 0.00392077 0.00474913 0.0057333 0.0068913 0.00824217 0.00980561 0.0116016 0.01365 0.0159701 0.0185797 0.0214953 0.0247309 0.0282976 0.0322033 0.0364518 0.0410427 0.0459707 0.0512255 0.0567915 0.0626478 0.068768 0.0751204 0.0816687 0.0883714 0.0951833 0.102055 0.108936 0.11577 0.122503 0.129077 0.135437 0.141526 0.147292 0.152681 0.157645 0.162139 0.166122 0.169556 0.17241 0.174658 0.176279 0.177257 0.177584 0.177257 0.176279 0.174658 0.17241 0.169556 0.166122 0.162139 0.157645 0.152681 0.147292 0.141526 0.135437 0.129077 0.122503 0.11577 0.108936 0.102055 0.0951833 0.0883714 0.0816687 0.0751204 0.068768 0.0626478 0.0567915 0.0512255 0.0459707 0.0410427 0.0364518 0.0322033 0.0282976 0.0247309 0.0214953 0.0185797 0.0159701 0.01365 0.0116016 0.00980561 0.00824217 0.0068913 0.0057333 0.00474913 0.00392077 0.00323151 0.00266615 0.00221122 0.00185514 0.00158828 0.00140311 0.00129418 
0.00148044 0.00152239 0.00164947 0.00186546 0.00217655 0.00259141 0.00312101 0.0037786 0.00457953 0.00554109 0.00668226 0.00802344 0.00958613 0.0113925 0.013465 0.0158256 0.0184958 0.0214953 0.0248419 0.0285508 0.0326336 0.0370982 0.0419479 0.0471811 0.0527906 0.0587636 0.0650815 0.0717195 0.0786468 0.0858271 0.0932185 0.100774 0.108442 0.116168 0.123893 0.131557 0.139098 0.146454 0.153561 0.160359 0.166789 0.172794 0.178321 0.183321 0.187748 0.191564 0.194734 0.197229 0.199028 0.200114 0.200477 0.200114 0.199028 0.197229 0.194734 0.191564 0.187748 0.183321 0.178321 0.172794 0.166789 0.160359 0.153561 0.146454 0.139098 0.131557 0.123893 0.116168 0.108442 0.100774 0.0932185 0.0858271 0.0786468 0.0717195 0.0650815 0.0587636 0.0527906 0.0471811 0.0419479 0.0370982 0.0326336 0.0285508 0.0248419 0.0214953 0.0184958 0.0158256 0.013465 0.0113925 0.00958613 0.00802344 0.00668226 0.00554109 0.00457953 0.0037786 0.00312101 0.00259141 0.00217655 0.00186546 0.00164947 0.00152239 
0.00173213 0.00178081 0.00192826 0.00217878 0.00253943 0.00302006 0.00363317 0.00439378 0.0053193 0.00642927 0.00774513 0.00928985 0.0110875 0.013163 0.0155411 0.0182465 0.0213025 0.0247309 0.0285508 0.0327783 0.0374256 0.0425004 0.0480051 0.0539366 0.0602855 0.0670363 0.0741664 0.0816471 0.0894428 0.0975116 0.105806 0.114273 0.122854 0.131488 0.14011 0.148653 0.157048 0.165227 0.173122 0.180665 0.187792 0.194442 0.200557 0.206084 0.210975 0.215188 0.218686 0.221439 0.223422 0.224619 0.225019 0.224619 0.223422 0.221439 0.218686 0.215188 0.210975 0.206084 0.200557 0.194442 0.187792 0.180665 0.173122 0.165227 0.157048 0.148653 0.14011 0.131488 0.122854 0.114273 0.105806 0.0975116 0.0894428 0.0816471 0.0741664 0.0670363 0.0602855 0.0539366 0.0480051 0.0425004 0.0374256 0.0327783 0.0285508 0.0247309 0.0213025 0.0182465 0.0155411 0.013163 0.0110875 0.00928985 0.00774513 0.00642927 0.0053193 0.00439378 0.00363317 0.00302006 0.00253943 0.00217878 0.00192826 0.00178081 
0.00201533 0.00207151 0.00224165 0.00253061 0.00294641 0.00350017 0.00420603 0.00508095 0.00614455 0.0074188 0.00892774 0.0106971 0.0127537 0.0151252 0.0178391 0.0209224 0.0244007 0.0282976 0.0326336 0.0374256 0.0426861 0.0484223 0.0546356 0.0613209 0.0684664 0.076053 0.0840544 0.0924368 0.101159 0.110175 0.119429 0.128861 0.138408 0.148001 0.157567 0.167034 0.176324 0.185364 0.19408 0.202398 0.210249 0.217568 0.224292 0.230364 0.235735 0.240357 0.244193 0.24721 0.249383 0.250694 0.251133 0.250694 0.249383 0.24721 0.244193 0.240357 0.235735 0.230364 0.224292 0.217568 0.210249 0.202398 0.19408 0.185364 0.176324 0.167034 0.157567 0.148001 0.138408 0.128861 0.119429 0.110175 0.101159 0.0924368 0.0840544 0.076053 0.0684664 0.0613209 0.0546356 0.0484223 0.0426861 0.0374256 0.0326336 0.0282976 0.0244007 0.0209224 0.0178391 0.0151252 0.0127537 0.0106971 0.00892774 0.0074188 0.00614455 0.00508095 0.00420603 0.00350017 0.00294641 0.00253061 0.00224165 0.00207151 
0.00233188 0.00239635 0.0025916 0.00292308 0.00339982 0.00403436 0.00484257 0.00584349 0.00705909 0.00851395 0.0102349 0.0122505 0.0145905 0.0172855 0.0203657 0.0238606 0.027798 0.0322033 0.0370982 0.0425004 0.0484223 0.0548705 0.0618449 0.0693383 0.0773356 0.0858142 0.0947431 0.104083 0.113788 0.123804 0.13407 0.144519 0.155079 0.165675 0.176227 0.186655 0.196876 0.206809 0.216373 0.225491 0.234088 0.242094 0.249442 0.256073 0.261932 0.266972 0.271153 0.274439 0.276806 0.278233 0.27871 0.278233 0.276806 0.274439 0.271153 0.266972 0.261932 0.256073 0.249442 0.242094 0.234088 0.225491 0.216373 0.206809 0.196876 0.186655 0.176227 0.165675 0.155079 0.144519 0.13407 0.123804 0.113788 0.104083 0.0947431 0.0858142 0.0773356 0.0693383 0.0618449 0.0548705 0.0484223 0.0425004 0.0370982 0.0322033 0.027798 0.0238606 0.0203657 0.0172855 0.0145905 0.0122505 0.0102349 0.00851395 0.00705909 0.00584349 0.00484257 0.00403436 0.00339982 0.00292308 0.0025916 0.00239635 
0.00268334 0.00275694 0.00297978 0.00335797 0.00390163 0.00462479 0.00554518 0.00668406 0.00806589 0.00971802 0.0116702 0.0139539 0.0166022 0.0196483 0.0231254 0.0270655 0.0314987 0.0364518 0.0419479 0.0480051 0.0546356 0.0618449 0.0696312 0.0779845 0.0868865 0.09631 0.106219 0.116569 0.127307 0.138372 0.149697 0.161206 0.172821 0.184459 0.196032 0.207452 0.218631 0.229481 0.239916 0.249852 0.259209 0.267914 0.275896 0.283093 0.289447 0.294909 0.299437 0.302995 0.305556 0.307101 0.307617 0.307101 0.305556 0.302995 0.299437 0.294909 0.289447 0.283093 0.275896 0.267914 0.259209 0.249852 0.239916 0.229481 0.218631 0.207452 0.196032 0.184459 0.172821 0.161206 0.149697 0.138372 0.127307 0.116569 0.106219 0.09631 0.0868865 0.0779845 0.0696312 0.0618449 0.0546356 0.0480051 0.0419479 0.0364518 0.0314987 0.0270655 0.0231254 0.0196483 0.0166022 0.0139539 0.0116702 0.00971802 0.00806589 0.00668406 0.00554518 0.00462479 0.00390163 0.00335797 0.00297978 0.00275694 
0.00307097 0.00315453 0.00340749 0.00383666 0.00445331 0.00527305 0.00631558 0.00760451 0.00916694 0.0110331 0.0132357 0.0158095 0.0187906 0.0222154 0.0261197 0.0305383 0.0355031 0.0410427 0.0471811 0.0539366 0.0613209 0.0693383 0.0779845 0.0872467 0.0971024 0.10752 0.118457 0.129864 0.14168 0.153838 0.166262 0.178869 0.191574 0.204283 0.216904 0.229342 0.241499 0.253283 0.264601 0.275365 0.285491 0.2949 0.303519 0.311283 0.318133 0.324018 0.328892 0.332721 0.335476 0.337137 0.337692 0.337137 0.335476 0.332721 0.328892 0.324018 0.318133 0.311283 0.303519 0.2949 0.285491 0.275365 0.264601 0.253283 0.241499 0.229342 0.216904 0.204283 0.191574 0.178869 0.166262 0.153838 0.14168 0.129864 0.118457 0.10752 0.0971024 0.0872467 0.0779845 0.0693383 0.0613209 0.0539366 0.0471811 0.0410427 0.0355031 0.0305383 0.0261197 0.0222154 0.0187906 0.0158095 0.0132357 0.0110331 0.00916694 0.00760451 0.00631558 0.00527305 0.00445331 0.00383666 0.00340749 0.00315453 
0.0034956 0.00358997 0.00387559 0.00436003 0.00505577 0.00598006 0.0071547 0.00860575 0.010363 0.0124598 0.014932 0.0178176 0.0211558 0.024986 0.0293472 0.0342764 0.0398075 0.0459707 0.0527906 0.0602855 0.0684664 0.0773356 0.0868865 0.0971024 0.107957 0.119412 0.131421 0.143925 0.156859 0.170145 0.183701 0.197437 0.211257 0.225062 0.23875 0.252219 0.265367 0.278092 0.290299 0.301894 0.312788 0.3229 0.332153 0.340481 0.347822 0.354123 0.35934 0.363435 0.366381 0.368157 0.36875 0.368157 0.366381 0.363435 0.35934 0.354123 0.347822 0.340481 0.332153 0.3229 0.312788 0.301894 0.290299 0.278092 0.265367 0.252219 0.23875 0.225062 0.211257 0.197437 0.183701 0.170145 0.156859 0.143925 0.131421 0.119412 0.107957 0.0971024 0.0868865 0.0773356 0.0684664 0.0602855 0.0527906 0.0459707 0.0398075 0.0342764 0.0293472 0.024986 0.0211558 0.0178176 0.014932 0.0124598 0.010363 0.00860575 0.0071547 0.00598006 0.00505577 0.00436003 0.00387559 0.00358997 
0.00395763 0.00406364 0.00438446 0.00492841 0.00570924 0.00674597 0.00806255 0.00968757 0.0116538 0.0139974 0.0167578 0.0199761 0.0236948 0.0279566 0.032803 0.0382734 0.0444038 0.0512255 0.0587636 0.0670363 0.076053 0.0858142 0.09631 0.10752 0.119412 0.131943 0.145059 0.158696 0.172778 0.187222 0.201936 0.216821 0.231775 0.246689 0.261454 0.275962 0.290102 0.30377 0.316862 0.329282 0.340937 0.351742 0.361621 0.370502 0.378323 0.385032 0.390583 0.394938 0.398069 0.399956 0.400587 0.399956 0.398069 0.394938 0.390583 0.385032 0.378323 0.370502 0.361621 0.351742 0.340937 0.329282 0.316862 0.30377 0.290102 0.275962 0.261454 0.246689 0.231775 0.216821 0.201936 0.187222 0.172778 0.158696 0.145059 0.131943 0.119412 0.10752 0.09631 0.0858142 0.076053 0.0670363 0.0587636 0.0512255 0.0444038 0.0382734 0.032803 0.0279566 0.0236948 0.0199761 0.0167578 0.0139974 0.0116538 0.00968757 0.00806255 0.00674597 0.00570924 0.00492841 0.00438446 0.00406364 
0.00445692 0.00457539 0.00493386 0.00554146 0.00641326 0.00757008 0.00903813 0.0108486 0.0130372 0.0156434 0.0187098 0.0222809 0.0264025 0.0311202 0.0364784 0.0425188 0.0492791 0.0567915 0.0650815 0.0741664 0.0840544 0.0947431 0.106219 0.118457 0.131421 0.145059 0.159313 0.174108 0.189363 0.204985 0.220873 0.23692 0.253016 0.269044 0.284888 0.300431 0.315558 0.330159 0.344125 0.357356 0.369757 0.38124 0.391726 0.401144 0.409431 0.416533 0.422406 0.427011 0.43032 0.432314 0.43298 0.432314 0.43032 0.427011 0.422406 0.416533 0.409431 0.401144 0.391726 0.38124 0.369757 0.357356 0.344125 0.330159 0.315558 0.300431 0.284888 0.269044 0.253016 0.23692 0.220873 0.204985 0.189363 0.174108 0.159313 0.145059 0.131421 0.118457 0.106219 0.0947431 0.0840544 0.0741664 0.0650815 0.0567915 0.0492791 0.0425188 0.0364784 0.0311202 0.0264025 0.0222809 0.0187098 0.0156434 0.0130372 0.0108486 0.00903813 0.00757008 0.00641326 0.00554146 0.00493386 0.00457539 
0.00499274 0.00512446 0.00552294 0.00619816 0.00716654 0.00845076 0.0100794 0.0120862 0.01451 0.0173936 0.0207826 0.0247252 0.0292704 0.0344668 0.0403613 0.0469979 0.0544157 0.0626478 0.0717195 0.0816471 0.0924368 0.104083 0.116569 0.129864 0.143925 0.158696 0.174108 0.190081 0.206524 0.223335 0.240405 0.257618 0.274855 0.291992 0.308906 0.325473 0.341573 0.357088 0.371908 0.385929 0.399053 0.41119 0.422261 0.432194 0.440926 0.448404 0.454582 0.459424 0.462903 0.464998 0.465698 0.464998 0.462903 0.459424 0.454582 0.448404 0.440926 0.432194 0.422261 0.41119 0.399053 0.385929 0.371908 0.357088 0.341573 0.325473 0.308906 0.291992 0.274855 0.257618 0.240405 0.223335 0.206524 0.190081 0.174108 0.158696 0.143925 0.129864 0.116569 0.104083 0.0924368 0.0816471 0.0717195 0.0626478 0.0544157 0.0469979 0.0403613 0.0344668 0.0292704 0.0247252 0.0207826 0.0173936 0.01451 0.0120862 0.0100794 0.00845076 0.00716654 0.00619816 0.00552294 0.00512446 
0.00556376 0.00570945 0.00615017 0.00689672 0.00796694 0.0093854 0.011183 0.0133964 0.0160672 0.0192416 0.0229688 0.0273 0.0322875 0.0379829 0.0444357 0.0516916 0.0597912 0.068768 0.0786468 0.0894428 0.101159 0.113788 0.127307 0.14168 0.156859 0.172778 0.189363 0.206524 0.22416 0.242163 0.260413 0.278787 0.297155 0.315388 0.333354 0.350924 0.367971 0.384376 0.400022 0.414803 0.428619 0.441382 0.453009 0.46343 0.472582 0.480413 0.486878 0.491942 0.495579 0.497768 0.498499 0.497768 0.495579 0.491942 0.486878 0.480413 0.472582 0.46343 0.453009 0.441382 0.428619 0.414803 0.400022 0.384376 0.367971 0.350924 0.333354 0.315388 0.297155 0.278787 0.260413 0.242163 0.22416 0.206524 0.189363 0.172778 0.156859 0.14168 0.127307 0.113788 0.101159 0.0894428 0.0786468 0.068768 0.0597912 0.0516916 0.0444357 0.0379829 0.0322875 0.0273 0.0229688 0.0192416 0.0160672 0.0133964 0.011183 0.0093854 0.00796694 0.00689672 0.00615017 0.00570945 
0.00616794 0.0063283 0.00681327 0.00763456 0.00881141 0.0103703 0.0123446 0.0147736 0.0177022 0.0211797 0.0252585 0.0299935 0.0354398 0.0416519 0.0486817 0.0565767 0.0653784 0.0751204 0.0858271 0.0975116 0.110175 0.123804 0.138372 0.153838 0.170145 0.187222 0.204985 0.223335 0.242163 0.26135 0.28077 0.300289 0.31977 0.339075 0.358067 0.37661 0.394573 0.411832 0.428268 0.443773 0.458247 0.471599 0.483748 0.494625 0.504168 0.512326 0.519056 0.524325 0.528106 0.530382 0.531142 0.530382 0.528106 0.524325 0.519056 0.512326 0.504168 0.494625 0.483748 0.471599 0.458247 0.443773 0.428268 0.411832 0.394573 0.37661 0.358067 0.339075 0.31977 0.300289 0.28077 0.26135 0.242163 0.223335 0.204985 0.187222 0.170145 0.153838 0.138372 0.123804 0.110175 0.0975116 0.0858271 0.0751204 0.0653784 0.0565767 0.0486817 0.0416519 0.0354398 0.0299935 0.0252585 0.0211797 0.0177022 0.0147736 0.0123446 0.0103703 0.00881141 0.00763456 0.00681327 0.0063283 
0.0068026 0.00697821 0.00750925 0.00840829 0.00969601 0.0114009 0.0135585 0.0162112 0.0194068 0.0231977 0.02764 0.0327914 0.0387103 0.0454538 0.053076 0.0616257 0.0711454 0.0816687 0.0932185 0.105806 0.119429 0.13407 0.149697 0.166262 0.183701 0.201936 0.220873 0.240405 0.260413 0.28077 0.301339 0.321979 0.342545 0.362891 0.382874 0.402353 0.421192 0.439264 0.456448 0.472635 0.487724 0.501624 0.514257 0.525554 0.535455 0.543911 0.550882 0.556336 0.560249 0.562603 0.563388 0.562603 0.560249 0.556336 0.550882 0.543911 0.535455 0.525554 0.514257 0.501624 0.487724 0.472635 0.456448 0.439264 0.421192 0.402353 0.382874 0.362891 0.342545 0.321979 0.301339 0.28077 0.260413 0.240405 0.220873 0.201936 0.183701 0.166262 0.149697 0.13407 0.119429 0.105806 0.0932185 0.0816687 0.0711454 0.0616257 0.053076 0.0454538 0.0387103 0.0327914 0.02764 0.0231977 0.0194068 0.0162112 0.0135585 0.0114009 0.00969601 0.00840829 0.00750925 0.00697821 
0.00746433 0.00765571 0.00823435 0.00921369 0.0106159 0.0124712 0.0148179 0.0177009 0.021171 0.0252841 0.0300991 0.0356771 0.0420794 0.0493656 0.0575915 0.0668075 0.0770565 0.0883714 0.100774 0.114273 0.128861 0.144519 0.161206 0.178869 0.197437 0.216821 0.23692 0.257618 0.278787 0.300289 0.321979 0.343708 0.365322 0.38667 0.407602 0.427972 0.44764 0.466478 0.484362 0.501183 0.51684 0.531244 0.544318 0.555995 0.566219 0.574943 0.582129 0.587747 0.591775 0.594199 0.595007 0.594199 0.591775 0.587747 0.582129 0.574943 0.566219 0.555995 0.544318 0.531244 0.51684 0.501183 0.484362 0.466478 0.44764 0.427972 0.407602 0.38667 0.365322 0.343708 0.321979 0.300289 0.278787 0.257618 0.23692 0.216821 0.197437 0.178869 0.161206 0.144519 0.128861 0.114273 0.100774 0.0883714 0.0770565 0.0668075 0.0575915 0.0493656 0.0420794 0.0356771 0.0300991 0.0252841 0.021171 0.0177009 0.0148179 0.0124712 0.0106159 0.00921369 0.00823435 0.00765571 
0.00814906 0.0083566 0.00898405 0.0100457 0.0115652 0.0135747 0.0161148 0.0192331 0.0229836 0.027425 0.0326197 0.0386317 0.0455248 0.0533611 0.0621981 0.0720873 0.0830716 0.0951833 0.108442 0.122854 0.138408 0.155079 0.172821 0.191574 0.211257 0.231775 0.253016 0.274855 0.297155 0.31977 0.342545 0.365322 0.387942 0.410245 0.432077 0.453286 0.473733 0.493283 0.511815 0.529217 0.545392 0.560252 0.573722 0.585739 0.596248 0.605207 0.61258 0.618341 0.62247 0.624952 0.625781 0.624952 0.62247 0.618341 0.61258 0.605207 0.596248 0.585739 0.573722 0.560252 0.545392 0.529217 0.511815 0.493283 0.473733 0.453286 0.432077 0.410245 0.387942 0.365322 0.342545 0.31977 0.297155 0.274855 0.253016 0.231775 0.211257 0.191574 0.172821 0.155079 0.138408 0.122854 0.108442 0.0951833 0.0830716 0.0720873 0.0621981 0.0533611 0.0455248 0.0386317 0.0326197 0.027425 0.0229836 0.0192331 0.0161148 0.0135747 0.0115652 0.0100457 0.00898405 0.0083566 
0.00885201 0.00907602 0.00975315 0.0108986 0.0125373 0.0147035 0.0174399 0.020797 0.0248316 0.0296055 0.035184 0.041634 0.0490219 0.0574118 0.0668629 0.0774272 0.0891476 0.102055 0.116168 0.131488 0.148001 0.165675 0.184459 0.204283 0.225062 0.246689 0.269044 0.291992 0.315388 0.339075 0.362891 0.38667 0.410245 0.433451 0.456128 0.478122 0.499289 0.519496 0.538619 0.556549 0.573188 0.588454 0.602274 0.614586 0.625343 0.634503 0.642036 0.647918 0.652131 0.654663 0.655508 0.654663 0.652131 0.647918 0.642036 0.634503 0.625343 0.614586 0.602274 0.588454 0.573188 0.556549 0.538619 0.519496 0.499289 0.478122 0.456128 0.433451 0.410245 0.38667 0.362891 0.339075 0.315388 0.291992 0.269044 0.246689 0.225062 0.204283 0.184459 0.165675 0.148001 0.131488 0.116168 0.102055 0.0891476 0.0774272 0.0668629 0.0574118 0.0490219 0.041634 0.035184 0.0296055 0.0248316 0.020797 0.0174399 0.0147035 0.0125373 0.0108986 0.00975315 0.00907602 
0.00956782 0.00980846 0.0105358 0.0117657 0.0135248 0.0158489 0.0187832 0.0223807 0.026701 0.0318088 0.0377723 0.0446611 0.052544 0.0614869 0.0715503 0.0827867 0.0952385 0.108936 0.123893 0.14011 0.157567 0.176227 0.196032 0.216904 0.23875 0.261454 0.284888 0.308906 0.333354 0.358067 0.382874 0.407602 0.432077 0.456128 0.479591 0.50231 0.524139 0.544941 0.564597 0.582998 0.600049 0.615669 0.629791 0.642357 0.653322 0.662651 0.670315 0.676296 0.680577 0.683149 0.684007 0.683149 0.680577 0.676296 0.670315 0.662651 0.653322 0.642357 0.629791 0.615669 0.600049 0.582998 0.564597 0.544941 0.524139 0.50231 0.479591 0.456128 0.432077 0.407602 0.382874 0.358067 0.333354 0.308906 0.284888 0.261454 0.23875 0.216904 0.196032 0.176227 0.157567 0.14011 0.123893 0.108936 0.0952385 0.0827867 0.0715503 0.0614869 0.052544 0.0446611 0.0377723 0.0318088 0.026701 0.0223807 0.0187832 0.0158489 0.0135248 0.0117657 0.0105358 0.00980846 
0.0102905 0.0105478 0.0113254 0.01264 0.0145194 0.0170016 0.0201337 0.0239712 0.0285764 0.034017 0.0403636 0.0476886 0.0560627 0.0655537 0.0762228 0.0881231 0.101296 0.11577 0.131557 0.148653 0.167034 0.186655 0.207452 0.229342 0.252219 0.275962 0.300431 0.325473 0.350924 0.37661 0.402353 0.427972 0.453286 0.478122 0.50231 0.525692 0.548119 0.569458 0.589588 0.608402 0.62581 0.641734 0.656111 0.668887 0.680023 0.689488 0.697257 0.703314 0.707649 0.710252 0.71112 0.710252 0.707649 0.703314 0.697257 0.689488 0.680023 0.668887 0.656111 0.641734 0.62581 0.608402 0.589588 0.569458 0.548119 0.525692 0.50231 0.478122 0.453286 0.427972 0.402353 0.37661 0.350924 0.325473 0.300431 0.275962 0.252219 0.229342 0.207452 0.186655 0.167034 0.148653 0.131557 0.11577 0.101296 0.0881231 0.0762228 0.0655537 0.0560627 0.0476886 0.0403636 0.034017 0.0285764 0.0239712 0.0201337 0.0170016 0.0145194 0.01264 0.0113254 0.0105478 
0.0110137 0.0112875 0.012115 0.0135137 0.0155126 0.0181514 0.0214794 0.0255545 0.0304416 0.0362109 0.0429358 0.0506906 0.0595483 0.0695779 0.0808415 0.0933921 0.10727 0.122503 0.139098 0.157048 0.176324 0.196876 0.218631 0.241499 0.265367 0.290102 0.315558 0.341573 0.367971 0.394573 0.421192 0.44764 0.473733 0.499289 0.524139 0.548119 0.571084 0.592898 0.613442 0.632614 0.650326 0.666504 0.68109 0.694036 0.705307 0.714876 0.722724 0.728838 0.73321 0.735836 0.736711 0.735836 0.73321 0.728838 0.722724 0.714876 0.705307 0.694036 0.68109 0.666504 0.650326 0.632614 0.613442 0.592898 0.571084 0.548119 0.524139 0.499289 0.473733 0.44764 0.421192 0.394573 0.367971 0.341573 0.315558 0.290102 0.265367 0.241499 0.218631 0.196876 0.176324 0.157048 0.139098 0.122503 0.10727 0.0933921 0.0808415 0.0695779 0.0595483 0.0506906 0.0429358 0.0362109 0.0304416 0.0255545 0.0214794 0.0181514 0.0155126 0.0135137 0.012115 0.0112875 
0.0117305 0.0120206 0.0128971 0.0143785 0.0164949 0.0192876 0.022808 0.0271163 0.0322798 0.038371 0.0454657 0.0536405 0.06297 0.0735244 0.0853665 0.0985487 0.113111 0.129077 0.146454 0.165227 0.185364 0.206809 0.229481 0.253283 0.278092 0.30377 0.330159 0.357088 0.384376 0.411832 0.439264 0.466478 0.493283 0.519496 0.544941 0.569458 0.592898 0.615127 0.636029 0.655504 0.673469 0.689854 0.704606 0.717683 0.729054 0.738699 0.746601 0.752754 0.757151 0.75979 0.76067 0.75979 0.757151 0.752754 0.746601 0.738699 0.729054 0.717683 0.704606 0.689854 0.673469 0.655504 0.636029 0.615127 0.592898 0.569458 0.544941 0.519496 0.493283 0.466478 0.439264 0.411832 0.384376 0.357088 0.330159 0.30377 0.278092 0.253283 0.229481 0.206809 0.185364 0.165227 0.146454 0.129077 0.113111 0.0985487 0.0853665 0.0735244 0.06297 0.0536405 0.0454657 0.038371 0.0322798 0.0271163 0.022808 0.0192876 0.0164949 0.0143785 0.0128971 0.0120206 
0.0124337 0.0127397 0.0136641 0.0152259 0.0174567 0.0203992 0.0241068 0.0286416 0.0340734 0.0404768 0.04793 0.0565112 0.0662968 0.0773578 0.0897573 0.103548 0.118767 0.135437 0.153561 0.173122 0.19408 0.216373 0.239916 0.264601 0.290299 0.316862 0.344125 0.371908 0.400022 0.428268 0.456448 0.484362 0.511815 0.538619 0.564597 0.589588 0.613442 0.636029 0.657234 0.676961 0.695131 0.711679 0.726558 0.73973 0.751171 0.760864 0.7688 0.774974 0.779383 0.782029 0.782911 0.782029 0.779383 0.774974 0.7688 0.760864 0.751171 0.73973 0.726558 0.711679 0.695131 0.676961 0.657234 0.636029 0.613442 0.589588 0.564597 0.538619 0.511815 0.484362 0.456448 0.428268 0.400022 0.371908 0.344125 0.316862 0.290299 0.264601 0.239916 0.216373 0.19408 0.173122 0.153561 0.135437 0.118767 0.103548 0.0897573 0.0773578 0.0662968 0.0565112 0.04793 0.0404768 0.0340734 0.0286416 0.0241068 0.0203992 0.0174567 0.0152259 0.0136641 0.0127397 
0.0131161 0.0134374 0.0144078 0.0160473 0.0183883 0.021475 0.0253627 0.0301154 0.0358048 0.042508 0.0503049 0.0592755 0.0694973 0.0810424 0.093974 0.108343 0.124188 0.141526 0.160359 0.180665 0.202398 0.225491 0.249852 0.275365 0.301894 0.329282 0.357356 0.385929 0.414803 0.443773 0.472635 0.501183 0.529217 0.556549 0.582998 0.608402 0.632614 0.655504 0.676961 0.696893 0.715224 0.731895 0.746864 0.7601 0.771583 0.781302 0.789252 0.795432 0.799844 0.80249 0.803371 0.80249 0.799844 0.795432 0.789252 0.781302 0.771583 0.7601 0.746864 0.731895 0.715224 0.696893 0.676961 0.655504 0.632614 0.608402 0.582998 0.556549 0.529217 0.501183 0.472635 0.443773 0.414803 0.385929 0.357356 0.329282 0.301894 0.275365 0.249852 0.225491 0.202398 0.180665 0.160359 0.141526 0.124188 0.108343 0.093974 0.0810424 0.0694973 0.0592755 0.0503049 0.042508 0.0358048 0.0301154 0.0253627 0.021475 0.0183883 0.0160473 0.0144078 0.0134374 
