5.94583e-08 6.57864e-08 8.58221e-08 1.22839e-07 1.82699e-07 2.74483e-07 4.11409e-07 6.12083e-07 9.02114e-07 1.31613e-06 1.90024e-06 2.71496e-06 3.83852e-06 5.37069e-06 7.43681e-06 1.01921e-05 1.38256e-05 1.85647e-05 2.46774e-05 3.24756e-05 4.23147e-05 5.4593e-05 6.97475e-05 8.82471e-05 0.000110583 0.000137254 0.000168751 0.000205538 0.000248023 0.000296541 0.000351322 0.000412469 0.00047993 0.000553482 0.00063271 0.000717 0.000805537 0.000897309 0.000991122 0.00108562 0.00117933 0.00127068 0.00135804 0.0014398 0.00151437 0.00158029 0.00163622 0.00168099 0.00171366 0.00173355 0.00174023 0.00173355 0.00171366 0.00168099 0.00163622 0.00158029 0.00151437 0.0014398 0.00135804 0.00127068 0.00117933 0.00108562 0.000991122 0.000897309 0.000805537 0.000717 0.00063271 0.000553482 0.00047993 0.000412469 0.000351322 0.000296541 0.000248023 0.000205538 0.000168751 0.000137254 0.000110583 8.82471e-05 6.97475e-05 5.4593e-05 4.23147e-05 3.24756e-05 2.46774e-05 1.85647e-05 1.38256e-05 1.01921e-05 7.43681e-06 5.37069e-06 3.83852e-06 2.71496e-06 1.90024e-06 1.31613e-06 9.02114e-07 6.12083e-07 4.11409e-07 2.74483e-07 1.82699e-07 1.22839e-07 8.58221e-08 6.57864e-08 
6.57864e-08 7.2764e-08 9.48504e-08 1.35638e-07 2.01556e-07 3.02556e-07 4.53115e-07 6.73589e-07 9.91967e-07 1.44606e-06 2.08616e-06 2.97818e-06 4.20726e-06 5.88184e-06 8.13799e-06 1.11439e-05 1.51046e-05 2.02656e-05 2.69167e-05 3.53941e-05 4.60807e-05 5.94048e-05 7.58357e-05 9.58763e-05 0.000120052 0.000148896 0.000182932 0.00022265 0.000268487 0.000320791 0.000379805 0.000445628 0.000518199 0.00059727 0.000682388 0.000772891 0.0008679 0.000966327 0.00106689 0.00116815 0.00126851 0.0013663 0.00145979 0.00154726 0.00162702 0.00169751 0.0017573 0.00180515 0.00184007 0.00186132 0.00186846 0.00186132 0.00184007 0.00180515 0.0017573 0.00169751 0.00162702 0.00154726 0.00145979 0.0013663 0.00126851 0.00116815 0.00106689 0.000966327 0.0008679 0.000772891 0.000682388 0.00059727 0.000518199 0.000445628 0.000379805 0.000320791 0.000268487 0.00022265 0.000182932 0.000148896 0.000120052 9.58763e-05 7.58357e-05 5.94048e-05 4.60807e-05 3.53941e-05 2.69167e-05 2.02656e-05 1.51046e-05 1.11439e-05 8.13799e-06 5.88184e-06 4.20726e-06 2.97818e-06 2.08616e-06 1.44606e-06 9.91967e-07 6.73589e-07 4.53115e-07 3.02556e-07 2.01556e-07 1.35638e-07 9.48504e-08 7.2764e-08 
8.58221e-08 9.48504e-08 1.23412e-07 1.76101e-07 2.61131e-07 3.91195e-07 5.84719e-07 8.67556e-07 1.27517e-06 1.85533e-06 2.67143e-06 3.80631e-06 5.36669e-06 7.48808e-06 1.034e-05 1.41315e-05 1.91163e-05 2.55976e-05 3.3932e-05 4.45316e-05 5.78645e-05 7.44521e-05 9.48634e-05 0.000119706 0.000149611 0.000185217 0.000227147 0.00027598 0.000332224 0.000396283 0.000468425 0.000548748 0.000637152 0.000733314 0.000836666 0.000946389 0.00106141 0.0011804 0.00130183 0.00142394 0.00154484 0.00166253 0.00177494 0.00188002 0.00197577 0.00206033 0.00213202 0.00218937 0.00223121 0.00225667 0.00226522 0.00225667 0.00223121 0.00218937 0.00213202 0.00206033 0.00197577 0.00188002 0.00177494 0.00166253 0.00154484 0.00142394 0.00130183 0.0011804 0.00106141 0.000946389 0.000836666 0.000733314 0.000637152 0.000548748 0.000468425 0.000396283 0.000332224 0.00027598 0.000227147 0.000185217 0.000149611 0.000119706 9.48634e-05 7.44521e-05 5.78645e-05 4.45316e-05 3.3932e-05 2.55976e-05 1.91163e-05 1.41315e-05 1.034e-05 7.48808e-06 5.36669e-06 3.80631e-06 2.67143e-06 1.85533e-06 1.27517e-06 8.67556e-07 5.84719e-07 3.91195e-07 2.61131e-07 1.76101e-07 1.23412e-07 9.48504e-08 
1.22839e-07 1.35638e-07 1.76101e-07 2.50653e-07 3.70763e-07 5.54121e-07 8.26345e-07 1.22328e-06 1.79397e-06 2.60425e-06 3.74122e-06 5.31832e-06 7.48119e-06 1.04141e-05 1.43468e-05 1.95615e-05 2.63993e-05 3.52665e-05 4.66387e-05 6.10633e-05 7.91595e-05 0.000101614 0.000129171 0.000162623 0.000202789 0.000250489 0.000306518 0.00037161 0.0004464 0.000531379 0.000626859 0.000732929 0.000849417 0.000975861 0.00111149 0.0012552 0.00140557 0.00156087 0.00171909 0.00187796 0.00203503 0.00218773 0.00233341 0.00246944 0.00259329 0.00270257 0.00279515 0.00286919 0.00292317 0.00295602 0.00296704 0.00295602 0.00292317 0.00286919 0.00279515 0.00270257 0.00259329 0.00246944 0.00233341 0.00218773 0.00203503 0.00187796 0.00171909 0.00156087 0.00140557 0.0012552 0.00111149 0.000975861 0.000849417 0.000732929 0.000626859 0.000531379 0.0004464 0.00037161 0.000306518 0.000250489 0.000202789 0.000162623 0.000129171 0.000101614 7.91595e-05 6.10633e-05 4.66387e-05 3.52665e-05 2.63993e-05 1.95615e-05 1.43468e-05 1.04141e-05 7.48119e-06 5.31832e-06 3.74122e-06 2.60425e-06 1.79397e-06 1.22328e-06 8.26345e-07 5.54121e-07 3.70763e-07 2.50653e-07 1.76101e-07 1.35638e-07 
1.82699e-07 2.01556e-07 2.61131e-07 3.70763e-07 5.47098e-07 8.15759e-07 1.21377e-06 1.7928e-06 2.62331e-06 3.79964e-06 5.44616e-06 7.72435e-06 1.08408e-05 1.50559e-05 2.06932e-05 2.81485e-05 3.78987e-05 5.05088e-05 6.66382e-05 8.70422e-05 0.000112571 0.000144163 0.000182831 0.000229645 0.000285706 0.000352109 0.000429906 0.000520057 0.000623378 0.00074049 0.000871759 0.00101725 0.00117667 0.00134933 0.00153416 0.0017296 0.00193372 0.00214414 0.00235815 0.0025727 0.00278451 0.00299014 0.00318607 0.00336883 0.00353505 0.00368161 0.00380567 0.00390482 0.0039771 0.00402105 0.0040358 0.00402105 0.0039771 0.00390482 0.00380567 0.00368161 0.00353505 0.00336883 0.00318607 0.00299014 0.00278451 0.0025727 0.00235815 0.00214414 0.00193372 0.0017296 0.00153416 0.00134933 0.00117667 0.00101725 0.000871759 0.00074049 0.000623378 0.000520057 0.000429906 0.000352109 0.000285706 0.000229645 0.000182831 0.000144163 0.000112571 8.70422e-05 6.66382e-05 5.05088e-05 3.78987e-05 2.81485e-05 2.06932e-05 1.50559e-05 1.08408e-05 7.72435e-06 5.44616e-06 3.79964e-06 2.62331e-06 1.7928e-06 1.21377e-06 8.15759e-07 5.47098e-07 3.70763e-07 2.61131e-07 2.01556e-07 
2.74483e-07 3.02556e-07 3.91195e-07 5.54121e-07 8.15759e-07 1.21364e-06 1.80187e-06 2.65575e-06 3.8777e-06 5.60445e-06 8.01564e-06 1.13438e-05 1.58854e-05 2.20129e-05 3.01873e-05 4.09706e-05 5.50369e-05 7.31827e-05 9.63323e-05 0.000125541 0.00016199 0.000206978 0.0002619 0.00032822 0.000407433 0.00050102 0.000610386 0.000736802 0.000881331 0.00104476 0.0012275 0.00142958 0.00165052 0.0018893 0.00214435 0.00241354 0.00269413 0.00298287 0.00327603 0.00356947 0.00385874 0.00413917 0.00440606 0.00465472 0.00488066 0.00507969 0.00524807 0.00538255 0.00548054 0.00554011 0.0055601 0.00554011 0.00548054 0.00538255 0.00524807 0.00507969 0.00488066 0.00465472 0.00440606 0.00413917 0.00385874 0.00356947 0.00327603 0.00298287 0.00269413 0.00241354 0.00214435 0.0018893 0.00165052 0.00142958 0.0012275 0.00104476 0.000881331 0.000736802 0.000610386 0.00050102 0.000407433 0.00032822 0.0002619 0.000206978 0.00016199 0.000125541 9.63323e-05 7.31827e-05 5.50369e-05 4.09706e-05 3.01873e-05 2.20129e-05 1.58854e-05 1.13438e-05 8.01564e-06 5.60445e-06 3.8777e-06 2.65575e-06 1.80187e-06 1.21364e-06 8.15759e-07 5.54121e-07 3.91195e-07 3.02556e-07 
4.11409e-07 4.53115e-07 5.84719e-07 8.26345e-07 1.21377e-06 1.80187e-06 2.66957e-06 3.92646e-06 5.72116e-06 8.25151e-06 1.17767e-05 1.6631e-05 2.32395e-05 3.2134e-05 4.39708e-05 5.95467e-05 7.98143e-05 0.000105894 0.000139081 0.000180848 0.000232835 0.000296837 0.000374771 0.000468638 0.00058047 0.00071226 0.000865886 0.00104302 0.00124505 0.00147294 0.00172719 0.00200769 0.00231369 0.00264369 0.00299546 0.00336598 0.00375147 0.00414746 0.00454882 0.00494992 0.00534474 0.00572698 0.00609031 0.00642844 0.00673538 0.00700554 0.00723391 0.00741622 0.00754899 0.00762968 0.00765676 0.00762968 0.00754899 0.00741622 0.00723391 0.00700554 0.00673538 0.00642844 0.00609031 0.00572698 0.00534474 0.00494992 0.00454882 0.00414746 0.00375147 0.00336598 0.00299546 0.00264369 0.00231369 0.00200769 0.00172719 0.00147294 0.00124505 0.00104302 0.000865886 0.00071226 0.00058047 0.000468638 0.000374771 0.000296837 0.000232835 0.000180848 0.000139081 0.000105894 7.98143e-05 5.95467e-05 4.39708e-05 3.2134e-05 2.32395e-05 1.6631e-05 1.17767e-05 8.25151e-06 5.72116e-06 3.92646e-06 2.66957e-06 1.80187e-06 1.21377e-06 8.26345e-07 5.84719e-07 4.53115e-07 
6.12083e-07 6.73589e-07 8.67556e-07 1.22328e-06 1.7928e-06 2.65575e-06 3.92646e-06 5.76325e-06 8.38024e-06 1.20617e-05 1.71788e-05 2.42089e-05 3.37568e-05 4.65769e-05 6.35965e-05 8.59376e-05 0.000114936 0.000152157 0.000199403 0.000258713 0.000332349 0.000422771 0.000532597 0.000664539 0.000821333 0.00100564 0.00121996 0.00146646 0.00174691 0.00206251 0.00241379 0.00280045 0.00322132 0.00367423 0.00415601 0.00466245 0.00518836 0.0057276 0.00627323 0.00681764 0.0073527 0.00787003 0.00836113 0.00881766 0.00923166 0.00959573 0.00990328 0.0101486 0.0103273 0.0104358 0.0104722 0.0104358 0.0103273 0.0101486 0.00990328 0.00959573 0.00923166 0.00881766 0.00836113 0.00787003 0.0073527 0.00681764 0.00627323 0.0057276 0.00518836 0.00466245 0.00415601 0.00367423 0.00322132 0.00280045 0.00241379 0.00206251 0.00174691 0.00146646 0.00121996 0.00100564 0.000821333 0.000664539 0.000532597 0.000422771 0.000332349 0.000258713 0.000199403 0.000152157 0.000114936 8.59376e-05 6.35965e-05 4.65769e-05 3.37568e-05 2.42089e-05 1.71788e-05 1.20617e-05 8.38024e-06 5.76325e-06 3.92646e-06 2.65575e-06 1.7928e-06 1.22328e-06 8.67556e-07 6.73589e-07 
9.02114e-07 9.91967e-07 1.27517e-06 1.79397e-06 2.62331e-06 3.8777e-06 5.72116e-06 8.38024e-06 1.21606e-05 1.74666e-05 2.48249e-05 3.49107e-05 4.85761e-05 6.68809e-05 9.1123e-05 0.000122867 0.000163967 0.00021659 0.000283217 0.000366644 0.000469958 0.000596498 0.000749796 0.000933492 0.00115123 0.00140653 0.00170263 0.00204236 0.00242792 0.00286075 0.00334136 0.00386915 0.00444233 0.0050578 0.00571111 0.00639647 0.00710678 0.00783375 0.00856805 0.0092995 0.0100173 0.0107103 0.0113674 0.0119774 0.0125301 0.0130157 0.0134256 0.0137525 0.0139903 0.0141347 0.0141832 0.0141347 0.0139903 0.0137525 0.0134256 0.0130157 0.0125301 0.0119774 0.0113674 0.0107103 0.0100173 0.0092995 0.00856805 0.00783375 0.00710678 0.00639647 0.00571111 0.0050578 0.00444233 0.00386915 0.00334136 0.00286075 0.00242792 0.00204236 0.00170263 0.00140653 0.00115123 0.000933492 0.000749796 0.000596498 0.000469958 0.000366644 0.000283217 0.00021659 0.000163967 0.000122867 9.1123e-05 6.68809e-05 4.85761e-05 3.49107e-05 2.48249e-05 1.74666e-05 1.21606e-05 8.38024e-06 5.72116e-06 3.8777e-06 2.62331e-06 1.79397e-06 1.27517e-06 9.91967e-07 
1.31613e-06 1.44606e-06 1.85533e-06 2.60425e-06 3.79964e-06 5.60445e-06 8.25151e-06 1.20617e-05 1.74666e-05 2.50357e-05 3.55084e-05 4.98291e-05 6.91863e-05 9.50528e-05 0.000129225 0.000173861 0.00023151 0.000305132 0.00039811 0.000514231 0.00065766 0.000832877 0.00104459 0.00129763 0.00159677 0.00194661 0.00235131 0.00281446 0.00333876 0.00392589 0.00457623 0.00528871 0.00606067 0.00688772 0.0077637 0.00868073 0.00962924 0.0105981 0.011575 0.0125465 0.0134983 0.014416 0.0152848 0.0160906 0.0168198 0.0174599 0.0179997 0.0184299 0.0187428 0.0189328 0.0189965 0.0189328 0.0187428 0.0184299 0.0179997 0.0174599 0.0168198 0.0160906 0.0152848 0.014416 0.0134983 0.0125465 0.011575 0.0105981 0.00962924 0.00868073 0.0077637 0.00688772 0.00606067 0.00528871 0.00457623 0.00392589 0.00333876 0.00281446 0.00235131 0.00194661 0.00159677 0.00129763 0.00104459 0.000832877 0.00065766 0.000514231 0.00039811 0.000305132 0.00023151 0.000173861 0.000129225 9.50528e-05 6.91863e-05 4.98291e-05 3.55084e-05 2.50357e-05 1.74666e-05 1.20617e-05 8.25151e-06 5.60445e-06 3.79964e-06 2.60425e-06 1.85533e-06 1.44606e-06 
1.90024e-06 2.08616e-06 2.67143e-06 3.74122e-06 5.44616e-06 8.01564e-06 1.17767e-05 1.71788e-05 2.48249e-05 3.55084e-05 5.02556e-05 7.03737e-05 9.75018e-05 0.000133664 0.000181319 0.00024341 0.000323398 0.000425289 0.000553632 0.000713502 0.000910448 0.00115041 0.00143958 0.00178426 0.00219068 0.0026647 0.00321163 0.00383589 0.00454076 0.00532807 0.00619797 0.00714865 0.00817622 0.00927456 0.0104353 0.0116477 0.0128992 0.0141751 0.0154591 0.0167337 0.0179805 0.0191806 0.0203154 0.0213665 0.0223167 0.0231499 0.0238522 0.0244114 0.0248179 0.0250647 0.0251474 0.0250647 0.0248179 0.0244114 0.0238522 0.0231499 0.0223167 0.0213665 0.0203154 0.0191806 0.0179805 0.0167337 0.0154591 0.0141751 0.0128992 0.0116477 0.0104353 0.00927456 0.00817622 0.00714865 0.00619797 0.00532807 0.00454076 0.00383589 0.00321163 0.0026647 0.00219068 0.00178426 0.00143958 0.00115041 0.000910448 0.000713502 0.000553632 0.000425289 0.000323398 0.00024341 0.000181319 0.000133664 9.75018e-05 7.03737e-05 5.02556e-05 3.55084e-05 2.48249e-05 1.71788e-05 1.17767e-05 8.01564e-06 5.44616e-06 3.74122e-06 2.67143e-06 2.08616e-06 
2.71496e-06 2.97818e-06 3.80631e-06 5.31832e-06 7.72435e-06 1.13438e-05 1.6631e-05 2.42089e-05 3.49107e-05 4.98291e-05 7.03737e-05 9.83334e-05 0.000135944 0.000185954 0.000251693 0.000337129 0.000446907 0.000586378 0.000761596 0.000979275 0.00124672 0.00157169 0.00196224 0.00242651 0.00297243 0.00360744 0.00433814 0.00516991 0.00610658 0.00715006 0.00830002 0.00955359 0.0109052 0.0123464 0.0138659 0.0154496 0.0170808 0.0187403 0.0204071 0.0220587 0.0236715 0.0252216 0.0266851 0.0280389 0.0292612 0.0303322 0.031234 0.0319516 0.032473 0.0327894 0.0328954 0.0327894 0.032473 0.0319516 0.031234 0.0303322 0.0292612 0.0280389 0.0266851 0.0252216 0.0236715 0.0220587 0.0204071 0.0187403 0.0170808 0.0154496 0.0138659 0.0123464 0.0109052 0.00955359 0.00830002 0.00715006 0.00610658 0.00516991 0.00433814 0.00360744 0.00297243 0.00242651 0.00196224 0.00157169 0.00124672 0.000979275 0.000761596 0.000586378 0.000446907 0.000337129 0.000251693 0.000185954 0.000135944 9.83334e-05 7.03737e-05 4.98291e-05 3.49107e-05 2.42089e-05 1.6631e-05 1.13438e-05 7.72435e-06 5.31832e-06 3.80631e-06 2.97818e-06 
3.83852e-06 4.20726e-06 5.36669e-06 7.48119e-06 1.08408e-05 1.58854e-05 2.32395e-05 3.37568e-05 4.85761e-05 6.91863e-05 9.75018e-05 0.000135944 0.000187526 0.000255943 0.00034565 0.000461931 0.000610953 0.000799782 0.00103637 0.00132949 0.00168865 0.00212385 0.00264543 0.00326374 0.00398877 0.00482977 0.0057948 0.00689029 0.00812057 0.00948744 0.0109898 0.0126232 0.0143798 0.0162483 0.0182134 0.0202569 0.0223568 0.0244887 0.0266256 0.028739 0.0307991 0.0327757 0.0346391 0.0363606 0.037913 0.0392717 0.0404148 0.0413238 0.0419839 0.0423843 0.0425185 0.0423843 0.0419839 0.0413238 0.0404148 0.0392717 0.037913 0.0363606 0.0346391 0.0327757 0.0307991 0.028739 0.0266256 0.0244887 0.0223568 0.0202569 0.0182134 0.0162483 0.0143798 0.0126232 0.0109898 0.00948744 0.00812057 0.00689029 0.0057948 0.00482977 0.00398877 0.00326374 0.00264543 0.00212385 0.00168865 0.00132949 0.00103637 0.000799782 0.000610953 0.000461931 0.00034565 0.000255943 0.000187526 0.000135944 9.75018e-05 6.91863e-05 4.85761e-05 3.37568e-05 2.32395e-05 1.58854e-05 1.08408e-05 7.48119e-06 5.36669e-06 4.20726e-06 
5.37069e-06 5.88184e-06 7.48808e-06 1.04141e-05 1.50559e-05 2.20129e-05 3.2134e-05 4.65769e-05 6.68809e-05 9.50528e-05 0.000133664 0.000185954 0.000255943 0.000348538 0.000469633 0.00062619 0.000826293 0.00107916 0.00139513 0.00178552 0.00226251 0.00283888 0.0035277 0.00434193 0.00529398 0.00639515 0.00765514 0.0090814 0.0106786 0.0124483 0.0143879 0.0164911 0.018747 0.0211402 0.0236511 0.0262556 0.0289259 0.0316308 0.0343364 0.0370068 0.039605 0.0420937 0.0444362 0.0465971 0.0485434 0.0502449 0.0516751 0.0528115 0.0536363 0.0541364 0.054304 0.0541364 0.0536363 0.0528115 0.0516751 0.0502449 0.0485434 0.0465971 0.0444362 0.0420937 0.039605 0.0370068 0.0343364 0.0316308 0.0289259 0.0262556 0.0236511 0.0211402 0.018747 0.0164911 0.0143879 0.0124483 0.0106786 0.0090814 0.00765514 0.00639515 0.00529398 0.00434193 0.0035277 0.00283888 0.00226251 0.00178552 0.00139513 0.00107916 0.000826293 0.00062619 0.000469633 0.000348538 0.000255943 0.000185954 0.000133664 9.50528e-05 6.68809e-05 4.65769e-05 3.2134e-05 2.20129e-05 1.50559e-05 1.04141e-05 7.48808e-06 5.88184e-06 
7.43681e-06 8.13799e-06 1.034e-05 1.43468e-05 2.06932e-05 3.01873e-05 4.39708e-05 6.35965e-05 9.1123e-05 0.000129225 0.000181319 0.000251693 0.00034565 0.000469633 0.000631352 0.000839874 0.00110568 0.00144065 0.00185804 0.0023723 0.00299886 0.00375379 0.0046534 0.00571371 0.00694986 0.00837547 0.0100019 0.0118376 0.0138874 0.0161519 0.018627 0.0213032 0.0241659 0.0271948 0.0303642 0.0336436 0.0369977 0.0403873 0.0437704 0.0471025 0.0503382 0.053432 0.0563391 0.0590169 0.0614256 0.0635289 0.0652951 0.0666974 0.0677146 0.0683312 0.0685377 0.0683312 0.0677146 0.0666974 0.0652951 0.0635289 0.0614256 0.0590169 0.0563391 0.053432 0.0503382 0.0471025 0.0437704 0.0403873 0.0369977 0.0336436 0.0303642 0.0271948 0.0241659 0.0213032 0.018627 0.0161519 0.0138874 0.0118376 0.0100019 0.00837547 0.00694986 0.00571371 0.0046534 0.00375379 0.00299886 0.0023723 0.00185804 0.00144065 0.00110568 0.000839874 0.000631352 0.000469633 0.00034565 0.000251693 0.000181319 0.000129225 9.1123e-05 6.35965e-05 4.39708e-05 3.01873e-05 2.06932e-05 1.43468e-05 1.034e-05 8.13799e-06 
1.01921e-05 1.11439e-05 1.41315e-05 1.95615e-05 2.81485e-05 4.09706e-05 5.95467e-05 8.59376e-05 0.000122867 0.000173861 0.00024341 0.000337129 0.000461931 0.00062619 0.000839874 0.00111466 0.00146396 0.00190294 0.00244839 0.00311851 0.00393259 0.00491061 0.00607262 0.00743814 0.00902536 0.0108504 0.0129262 0.0152622 0.0178628 0.0207273 0.0238489 0.0272146 0.0308045 0.0345922 0.0385451 0.0426244 0.0467861 0.0509818 0.0551596 0.0592657 0.0632448 0.0670421 0.0706042 0.0738802 0.0768228 0.0793893 0.0815422 0.0832502 0.0844883 0.0852385 0.0854898 0.0852385 0.0844883 0.0832502 0.0815422 0.0793893 0.0768228 0.0738802 0.0706042 0.0670421 0.0632448 0.0592657 0.0551596 0.0509818 0.0467861 0.0426244 0.0385451 0.0345922 0.0308045 0.0272146 0.0238489 0.0207273 0.0178628 0.0152622 0.0129262 0.0108504 0.00902536 0.00743814 0.00607262 0.00491061 0.00393259 0.00311851 0.00244839 0.00190294 0.00146396 0.00111466 0.000839874 0.00062619 0.000461931 0.000337129 0.00024341 0.000173861 0.000122867 8.59376e-05 5.95467e-05 4.09706e-05 2.81485e-05 1.95615e-05 1.41315e-05 1.11439e-05 
1.38256e-05 1.51046e-05 1.91163e-05 2.63993e-05 3.78987e-05 5.50369e-05 7.98143e-05 0.000114936 0.000163967 0.00023151 0.000323398 0.000446907 0.000610953 0.000826293 0.00110568 0.00146396 0.00191815 0.00248733 0.00319253 0.00405639 0.00510276 0.00635609 0.00784073 0.00958009 0.0115957 0.0139061 0.016526 0.0194652 0.0227273 0.0263094 0.0302013 0.034385 0.0388343 0.0435153 0.0483867 0.0534002 0.0585016 0.0636316 0.0687276 0.0737246 0.0785568 0.0831592 0.0874686 0.0914253 0.0949742 0.0980655 0.100656 0.102709 0.104197 0.105098 0.105399 0.105098 0.104197 0.102709 0.100656 0.0980655 0.0949742 0.0914253 0.0874686 0.0831592 0.0785568 0.0737246 0.0687276 0.0636316 0.0585016 0.0534002 0.0483867 0.0435153 0.0388343 0.034385 0.0302013 0.0263094 0.0227273 0.0194652 0.016526 0.0139061 0.0115957 0.00958009 0.00784073 0.00635609 0.00510276 0.00405639 0.00319253 0.00248733 0.00191815 0.00146396 0.00110568 0.000826293 0.000610953 0.000446907 0.000323398 0.00023151 0.000163967 0.000114936 7.98143e-05 5.50369e-05 3.78987e-05 2.63993e-05 1.91163e-05 1.51046e-05 
1.85647e-05 2.02656e-05 2.55976e-05 3.52665e-05 5.05088e-05 7.31827e-05 0.000105894 0.000152157 0.00021659 0.000305132 0.000425289 0.000586378 0.000799782 0.00107916 0.00144065 0.00190294 0.00248733 0.00321759 0.00411972 0.00522155 0.00655217 0.00814115 0.0100176 0.0122092 0.0147409 0.0176339 0.020904 0.024561 0.0286071 0.0330361 0.0378333 0.042974 0.0484246 0.0541421 0.0600747 0.0661631 0.0723412 0.0785378 0.0846778 0.0906842 0.0964795 0.101988 0.107136 0.111854 0.116079 0.119755 0.122832 0.125268 0.127032 0.1281 0.128457 0.1281 0.127032 0.125268 0.122832 0.119755 0.116079 0.111854 0.107136 0.101988 0.0964795 0.0906842 0.0846778 0.0785378 0.0723412 0.0661631 0.0600747 0.0541421 0.0484246 0.042974 0.0378333 0.0330361 0.0286071 0.024561 0.020904 0.0176339 0.0147409 0.0122092 0.0100176 0.00814115 0.00655217 0.00522155 0.00411972 0.00321759 0.00248733 0.00190294 0.00144065 0.00107916 0.000799782 0.000586378 0.000425289 0.000305132 0.00021659 0.000152157 0.000105894 7.31827e-05 5.05088e-05 3.52665e-05 2.55976e-05 2.02656e-05 
2.46774e-05 2.69167e-05 3.3932e-05 4.66387e-05 6.66382e-05 9.63323e-05 0.000139081 0.000199403 0.000283217 0.00039811 0.000553632 0.000761596 0.00103637 0.00139513 0.00185804 0.00244839 0.00319253 0.00411972 0.00526174 0.00665241 0.00832672 0.0103199 0.0126665 0.0153984 0.0185442 0.0221274 0.0261647 0.0306649 0.0356278 0.041043 0.0468893 0.0531344 0.0597352 0.0666378 0.0737785 0.0810852 0.0884784 0.0958734 0.103182 0.110313 0.117178 0.123688 0.129761 0.135316 0.140284 0.144598 0.148206 0.15106 0.153124 0.154374 0.154792 0.154374 0.153124 0.15106 0.148206 0.144598 0.140284 0.135316 0.129761 0.123688 0.117178 0.110313 0.103182 0.0958734 0.0884784 0.0810852 0.0737785 0.0666378 0.0597352 0.0531344 0.0468893 0.041043 0.0356278 0.0306649 0.0261647 0.0221274 0.0185442 0.0153984 0.0126665 0.0103199 0.00832672 0.00665241 0.00526174 0.00411972 0.00319253 0.00244839 0.00185804 0.00139513 0.00103637 0.000761596 0.000553632 0.00039811 0.000283217 0.000199403 0.000139081 9.63323e-05 6.66382e-05 4.66387e-05 3.3932e-05 2.69167e-05 
3.24756e-05 3.53941e-05 4.45316e-05 6.10633e-05 8.70422e-05 0.000125541 0.000180848 0.000258713 0.000366644 0.000514231 0.000713502 0.000979275 0.00132949 0.00178552 0.0023723 0.00311851 0.00405639 0.00522155 0.00665241 0.00838948 0.0104744 0.0129487 0.0158522 0.0192218 0.0230893 0.02748 0.0324107 0.0378886 0.0439097 0.0504576 0.0575034 0.0650052 0.0729085 0.0811466 0.0896423 0.0983088 0.107052 0.115772 0.124367 0.132731 0.140763 0.148364 0.155437 0.161897 0.167662 0.172663 0.176839 0.180139 0.182525 0.183967 0.18445 0.183967 0.182525 0.180139 0.176839 0.172663 0.167662 0.161897 0.155437 0.148364 0.140763 0.132731 0.124367 0.115772 0.107052 0.0983088 0.0896423 0.0811466 0.0729085 0.0650052 0.0575034 0.0504576 0.0439097 0.0378886 0.0324107 0.02748 0.0230893 0.0192218 0.0158522 0.0129487 0.0104744 0.00838948 0.00665241 0.00522155 0.00405639 0.00311851 0.0023723 0.00178552 0.00132949 0.000979275 0.000713502 0.000514231 0.000366644 0.000258713 0.000180848 0.000125541 8.70422e-05 6.10633e-05 4.45316e-05 3.53941e-05 
4.23147e-05 4.60807e-05 5.78645e-05 7.91595e-05 0.000112571 0.00016199 0.000232835 0.000332349 0.000469958 0.00065766 0.000910448 0.00124672 0.00168865 0.00226251 0.00299886 0.00393259 0.00510276 0.00655217 0.00832672 0.0104744 0.0130441 0.0160839 0.0196396 0.0237525 0.0284575 0.033781 0.0397392 0.046336 0.0535622 0.0613938 0.0697923 0.078704 0.0880611 0.0977824 0.107775 0.117936 0.128155 0.138317 0.148304 0.157997 0.167282 0.176045 0.184184 0.191601 0.198209 0.203932 0.208704 0.212471 0.215193 0.216837 0.217387 0.216837 0.215193 0.212471 0.208704 0.203932 0.198209 0.191601 0.184184 0.176045 0.167282 0.157997 0.148304 0.138317 0.128155 0.117936 0.107775 0.0977824 0.0880611 0.078704 0.0697923 0.0613938 0.0535622 0.046336 0.0397392 0.033781 0.0284575 0.0237525 0.0196396 0.0160839 0.0130441 0.0104744 0.00832672 0.00655217 0.00510276 0.00393259 0.00299886 0.00226251 0.00168865 0.00124672 0.000910448 0.00065766 0.000469958 0.000332349 0.000232835 0.00016199 0.000112571 7.91595e-05 5.78645e-05 4.60807e-05 
5.4593e-05 5.94048e-05 7.44521e-05 0.000101614 0.000144163 0.000206978 0.000296837 0.000422771 0.000596498 0.000832877 0.00115041 0.00157169 0.00212385 0.00283888 0.00375379 0.00491061 0.00635609 0.00814115 0.0103199 0.0129487 0.0160839 0.0197808 0.0240909 0.0290597 0.0347247 0.0411125 0.0482371 0.0560979 0.0646785 0.0739455 0.0838484 0.0943197 0.105276 0.11662 0.128241 0.140019 0.151827 0.163532 0.175 0.1861 0.196702 0.206685 0.215934 0.224346 0.231826 0.238293 0.243678 0.247924 0.250989 0.25284 0.253459 0.25284 0.250989 0.247924 0.243678 0.238293 0.231826 0.224346 0.215934 0.206685 0.196702 0.1861 0.175 0.163532 0.151827 0.140019 0.128241 0.11662 0.105276 0.0943197 0.0838484 0.0739455 0.0646785 0.0560979 0.0482371 0.0411125 0.0347247 0.0290597 0.0240909 0.0197808 0.0160839 0.0129487 0.0103199 0.00814115 0.00635609 0.00491061 0.00375379 0.00283888 0.00212385 0.00157169 0.00115041 0.000832877 0.000596498 0.000422771 0.000296837 0.000206978 0.000144163 0.000101614 7.44521e-05 5.94048e-05 
6.97475e-05 7.58357e-05 9.48634e-05 0.000129171 0.000182831 0.0002619 0.000374771 0.000532597 0.000749796 0.00104459 0.00143958 0.00196224 0.00264543 0.0035277 0.0046534 0.00607262 0.00784073 0.0100176 0.0126665 0.0158522 0.0196396 0.0240909 0.0292631 0.0352057 0.0419576 0.0495444 0.0579765 0.0672469 0.0773299 0.0881801 0.0997331 0.111905 0.124596 0.137688 0.151054 0.164554 0.178042 0.191369 0.204387 0.216948 0.228913 0.240149 0.250533 0.259955 0.268317 0.275535 0.281536 0.286262 0.28967 0.291727 0.292415 0.291727 0.28967 0.286262 0.281536 0.275535 0.268317 0.259955 0.250533 0.240149 0.228913 0.216948 0.204387 0.191369 0.178042 0.164554 0.151054 0.137688 0.124596 0.111905 0.0997331 0.0881801 0.0773299 0.0672469 0.0579765 0.0495444 0.0419576 0.0352057 0.0292631 0.0240909 0.0196396 0.0158522 0.0126665 0.0100176 0.00784073 0.00607262 0.0046534 0.0035277 0.00264543 0.00196224 0.00143958 0.00104459 0.000749796 0.000532597 0.000374771 0.0002619 0.000182831 0.000129171 9.48634e-05 7.58357e-05 
8.82471e-05 9.58763e-05 0.000119706 0.000162623 0.000229645 0.00032822 0.000468638 0.000664539 0.000933492 0.00129763 0.00178426 0.00242651 0.00326374 0.00434193 0.00571371 0.00743814 0.00958009 0.0122092 0.0153984 0.0192218 0.0237525 0.0290597 0.0352057 0.0422429 0.0502104 0.0591314 0.0690108 0.0798328 0.0915601 0.104133 0.117471 0.131472 0.146015 0.160964 0.176169 0.191472 0.206709 0.221713 0.23632 0.250371 0.263715 0.276211 0.287731 0.298158 0.307393 0.315348 0.321953 0.327148 0.33089 0.333148 0.333902 0.333148 0.33089 0.327148 0.321953 0.315348 0.307393 0.298158 0.287731 0.276211 0.263715 0.250371 0.23632 0.221713 0.206709 0.191472 0.176169 0.160964 0.146015 0.131472 0.117471 0.104133 0.0915601 0.0798328 0.0690108 0.0591314 0.0502104 0.0422429 0.0352057 0.0290597 0.0237525 0.0192218 0.0153984 0.0122092 0.00958009 0.00743814 0.00571371 0.00434193 0.00326374 0.00242651 0.00178426 0.00129763 0.000933492 0.000664539 0.000468638 0.00032822 0.000229645 0.000162623 0.000119706 9.58763e-05 
0.000110583 0.000120052 0.000149611 0.000202789 0.000285706 0.000407433 0.00058047 0.000821333 0.00115123 0.00159677 0.00219068 0.00297243 0.00398877 0.00529398 0.00694986 0.00902536 0.0115957 0.0147409 0.0185442 0.0230893 0.0284575 0.0347247 0.0419576 0.0502104 0.0595211 0.0699085 0.0813696 0.0938777 0.107381 0.121804 0.137046 0.152985 0.169477 0.186366 0.20348 0.22064 0.237664 0.254369 0.270576 0.286115 0.300827 0.314563 0.327191 0.338593 0.348669 0.357332 0.364511 0.370151 0.374209 0.376656 0.377473 0.376656 0.374209 0.370151 0.364511 0.357332 0.348669 0.338593 0.327191 0.314563 0.300827 0.286115 0.270576 0.254369 0.237664 0.22064 0.20348 0.186366 0.169477 0.152985 0.137046 0.121804 0.107381 0.0938777 0.0813696 0.0699085 0.0595211 0.0502104 0.0419576 0.0347247 0.0284575 0.0230893 0.0185442 0.0147409 0.0115957 0.00902536 0.00694986 0.00529398 0.00398877 0.00297243 0.00219068 0.00159677 0.00115123 0.000821333 0.00058047 0.000407433 0.000285706 0.000202789 0.000149611 0.000120052 
0.000137254 0.000148896 0.000185217 0.000250489 0.000352109 0.00050102 0.00071226 0.00100564 0.00140653 0.00194661 0.0026647 0.00360744 0.00482977 0.00639515 0.00837547 0.0108504 0.0139061 0.0176339 0.0221274 0.02748 0.033781 0.0411125 0.0495444 0.0591314 0.0699085 0.0818878 0.0950561 0.109373 0.124771 0.141153 0.158397 0.176359 0.194873 0.213757 0.232819 0.251859 0.270677 0.289073 0.306859 0.323852 0.339888 0.354814 0.368496 0.380819 0.391681 0.401001 0.408712 0.41476 0.419108 0.421727 0.422601 0.421727 0.419108 0.41476 0.408712 0.401001 0.391681 0.380819 0.368496 0.354814 0.339888 0.323852 0.306859 0.289073 0.270677 0.251859 0.232819 0.213757 0.194873 0.176359 0.158397 0.141153 0.124771 0.109373 0.0950561 0.0818878 0.0699085 0.0591314 0.0495444 0.0411125 0.033781 0.02748 0.0221274 0.0176339 0.0139061 0.0108504 0.00837547 0.00639515 0.00482977 0.00360744 0.0026647 0.00194661 0.00140653 0.00100564 0.00071226 0.00050102 0.000352109 0.000250489 0.000185217 0.000148896 
0.000168751 0.000182932 0.000227147 0.000306518 0.000429906 0.000610386 0.000865886 0.00121996 0.00170263 0.00235131 0.00321163 0.00433814 0.0057948 0.00765514 0.0100019 0.0129262 0.016526 0.020904 0.0261647 0.0324107 0.0397392 0.0482371 0.0579765 0.0690108 0.0813696 0.0950561 0.110044 0.126277 0.143667 0.162096 0.181418 0.201462 0.22204 0.242944 0.26396 0.284868 0.305451 0.325497 0.344804 0.363185 0.380471 0.396508 0.411165 0.424328 0.435902 0.445811 0.453993 0.460402 0.465002 0.467772 0.468696 0.467772 0.465002 0.460402 0.453993 0.445811 0.435902 0.424328 0.411165 0.396508 0.380471 0.363185 0.344804 0.325497 0.305451 0.284868 0.26396 0.242944 0.22204 0.201462 0.181418 0.162096 0.143667 0.126277 0.110044 0.0950561 0.0813696 0.0690108 0.0579765 0.0482371 0.0397392 0.0324107 0.0261647 0.020904 0.016526 0.0129262 0.0100019 0.00765514 0.0057948 0.00433814 0.00321163 0.00235131 0.00170263 0.00121996 0.000865886 0.000610386 0.000429906 0.000306518 0.000227147 0.000182932 
0.000205538 0.00022265 0.00027598 0.00037161 0.000520057 0.000736802 0.00104302 0.00146646 0.00204236 0.00281446 0.00383589 0.00516991 0.00689029 0.0090814 0.0118376 0.0152622 0.0194652 0.024561 0.0306649 0.0378886 0.046336 0.0560979 0.0672469 0.0798328 0.0938777 0.109373 0.126277 0.144514 0.163973 0.184511 0.205956 0.228113 0.250763 0.273678 0.296621 0.319351 0.341637 0.363255 0.383995 0.403666 0.422097 0.439139 0.454665 0.468566 0.480758 0.491171 0.499752 0.506462 0.511273 0.514166 0.515132 0.514166 0.511273 0.506462 0.499752 0.491171 0.480758 0.468566 0.454665 0.439139 0.422097 0.403666 0.383995 0.363255 0.341637 0.319351 0.296621 0.273678 0.250763 0.228113 0.205956 0.184511 0.163973 0.144514 0.126277 0.109373 0.0938777 0.0798328 0.0672469 0.0560979 0.046336 0.0378886 0.0306649 0.024561 0.0194652 0.0152622 0.0118376 0.0090814 0.00689029 0.00516991 0.00383589 0.00281446 0.00204236 0.00146646 0.00104302 0.000736802 0.000520057 0.00037161 0.00027598 0.00022265 
0.000248023 0.000268487 0.000332224 0.0004464 0.000623378 0.000881331 0.00124505 0.00174691 0.00242792 0.00333876 0.00454076 0.00610658 0.00812057 0.0106786 0.0138874 0.0178628 0.0227273 0.0286071 0.0356278 0.0439097 0.0535622 0.0646785 0.0773299 0.0915601 0.107381 0.124771 0.143667 0.163973 0.185552 0.208234 0.23182 0.256086 0.280787 0.30567 0.330476 0.354948 0.378841 0.40192 0.423973 0.444806 0.464253 0.482169 0.498436 0.512956 0.525654 0.536472 0.545368 0.552312 0.557285 0.560272 0.561269 0.560272 0.557285 0.552312 0.545368 0.536472 0.525654 0.512956 0.498436 0.482169 0.464253 0.444806 0.423973 0.40192 0.378841 0.354948 0.330476 0.30567 0.280787 0.256086 0.23182 0.208234 0.185552 0.163973 0.143667 0.124771 0.107381 0.0915601 0.0773299 0.0646785 0.0535622 0.0439097 0.0356278 0.0286071 0.0227273 0.0178628 0.0138874 0.0106786 0.00812057 0.00610658 0.00454076 0.00333876 0.00242792 0.00174691 0.00124505 0.000881331 0.000623378 0.0004464 0.000332224 0.000268487 
0.000296541 0.000320791 0.000396283 0.000531379 0.00074049 0.00104476 0.00147294 0.00206251 0.00286075 0.00392589 0.00532807 0.00715006 0.00948744 0.0124483 0.0161519 0.0207273 0.0263094 0.0330361 0.041043 0.0504576 0.0613938 0.0739455 0.0881801 0.104133 0.121804 0.141153 0.162096 0.184511 0.208234 0.233067 0.25878 0.285119 0.311815 0.33859 0.365164 0.391265 0.416637 0.441039 0.464257 0.486102 0.506411 0.52505 0.541913 0.556916 0.569997 0.581112 0.590232 0.597337 0.602417 0.605467 0.606484 0.605467 0.602417 0.597337 0.590232 0.581112 0.569997 0.556916 0.541913 0.52505 0.506411 0.486102 0.464257 0.441039 0.416637 0.391265 0.365164 0.33859 0.311815 0.285119 0.25878 0.233067 0.208234 0.184511 0.162096 0.141153 0.121804 0.104133 0.0881801 0.0739455 0.0613938 0.0504576 0.041043 0.0330361 0.0263094 0.0207273 0.0161519 0.0124483 0.00948744 0.00715006 0.00532807 0.00392589 0.00286075 0.00206251 0.00147294 0.00104476 0.00074049 0.000531379 0.000396283 0.000320791 
0.000351322 0.000379805 0.000468425 0.000626859 0.000871759 0.0012275 0.00172719 0.00241379 0.00334136 0.00457623 0.00619797 0.00830002 0.0109898 0.0143879 0.018627 0.0238489 0.0302013 0.0378333 0.0468893 0.0575034 0.0697923 0.0838484 0.0997331 0.117471 0.137046 0.158397 0.181418 0.205956 0.23182 0.25878 0.286574 0.314922 0.343525 0.372084 0.400301 0.427891 0.454588 0.480149 0.504363 0.527046 0.548047 0.567246 0.584549 0.599889 0.613222 0.624519 0.633765 0.640954 0.646087 0.649165 0.650191 0.649165 0.646087 0.640954 0.633765 0.624519 0.613222 0.599889 0.584549 0.567246 0.548047 0.527046 0.504363 0.480149 0.454588 0.427891 0.400301 0.372084 0.343525 0.314922 0.286574 0.25878 0.23182 0.205956 0.181418 0.158397 0.137046 0.117471 0.0997331 0.0838484 0.0697923 0.0575034 0.0468893 0.0378333 0.0302013 0.0238489 0.018627 0.0143879 0.0109898 0.00830002 0.00619797 0.00457623 0.00334136 0.00241379 0.00172719 0.0012275 0.000871759 0.000626859 0.000468425 0.000379805 
0.000412469 0.000445628 0.000548748 0.000732929 0.00101725 0.00142958 0.00200769 0.00280045 0.00386915 0.00528871 0.00714865 0.00955359 0.0126232 0.0164911 0.0213032 0.0272146 0.034385 0.042974 0.0531344 0.0650052 0.078704 0.0943197 0.111905 0.131472 0.152985 0.176359 0.201462 0.228113 0.256086 0.285119 0.314922 0.345182 0.375577 0.405786 0.435495 0.464408 0.492254 0.518794 0.543818 0.567155 0.588667 0.60825 0.62583 0.641358 0.654809 0.666171 0.675446 0.682643 0.687773 0.690846 0.69187 0.690846 0.687773 0.682643 0.675446 0.666171 0.654809 0.641358 0.62583 0.60825 0.588667 0.567155 0.543818 0.518794 0.492254 0.464408 0.435495 0.405786 0.375577 0.345182 0.314922 0.285119 0.256086 0.228113 0.201462 0.176359 0.152985 0.131472 0.111905 0.0943197 0.078704 0.0650052 0.0531344 0.042974 0.034385 0.0272146 0.0213032 0.0164911 0.0126232 0.00955359 0.00714865 0.00528871 0.00386915 0.00280045 0.00200769 0.00142958 0.00101725 0.000732929 0.000548748 0.000445628 
0.00047993 0.000518199 0.000637152 0.000849417 0.00117667 0.00165052 0.00231369 0.00322132 0.00444233 0.00606067 0.00817622 0.0109052 0.0143798 0.018747 0.0241659 0.0308045 0.0388343 0.0484246 0.0597352 0.0729085 0.0880611 0.105276 0.124596 0.146015 0.169477 0.194873 0.22204 0.250763 0.280787 0.311815 0.343525 0.375577 0.407625 0.439327 0.470356 0.50041 0.529217 0.556539 0.582178 0.605977 0.627815 0.647608 0.665301 0.680869 0.694305 0.705619 0.714829 0.721959 0.727033 0.730068 0.731078 0.730068 0.727033 0.721959 0.714829 0.705619 0.694305 0.680869 0.665301 0.647608 0.627815 0.605977 0.582178 0.556539 0.529217 0.50041 0.470356 0.439327 0.407625 0.375577 0.343525 0.311815 0.280787 0.250763 0.22204 0.194873 0.169477 0.146015 0.124596 0.105276 0.0880611 0.0729085 0.0597352 0.0484246 0.0388343 0.0308045 0.0241659 0.018747 0.0143798 0.0109052 0.00817622 0.00606067 0.00444233 0.00322132 0.00231369 0.00165052 0.00117667 0.000849417 0.000637152 0.000518199 
0.000553482 0.00059727 0.000733314 0.000975861 0.00134933 0.0018893 0.00264369 0.00367423 0.0050578 0.00688772 0.00927456 0.0123464 0.0162483 0.0211402 0.0271948 0.0345922 0.0435153 0.0541421 0.0666378 0.0811466 0.0977824 0.11662 0.137688 0.160964 0.186366 0.213757 0.242944 0.273678 0.30567 0.33859 0.372084 0.405786 0.439327 0.472348 0.504513 0.535515 0.565082 0.592988 0.619046 0.643116 0.665098 0.684928 0.702578 0.718042 0.731339 0.742497 0.751554 0.758548 0.763515 0.766483 0.76747 0.766483 0.763515 0.758548 0.751554 0.742497 0.731339 0.718042 0.702578 0.684928 0.665098 0.643116 0.619046 0.592988 0.565082 0.535515 0.504513 0.472348 0.439327 0.405786 0.372084 0.33859 0.30567 0.273678 0.242944 0.213757 0.186366 0.160964 0.137688 0.11662 0.0977824 0.0811466 0.0666378 0.0541421 0.0435153 0.0345922 0.0271948 0.0211402 0.0162483 0.0123464 0.00927456 0.00688772 0.0050578 0.00367423 0.00264369 0.0018893 0.00134933 0.000975861 0.000733314 0.00059727 
0.00063271 0.000682388 0.000836666 0.00111149 0.00153416 0.00214435 0.00299546 0.00415601 0.00571111 0.0077637 0.0104353 0.0138659 0.0182134 0.0236511 0.0303642 0.0385451 0.0483867 0.0600747 0.0737785 0.0896423 0.107775 0.128241 0.151054 0.176169 0.20348 0.232819 0.26396 0.296621 0.330476 0.365164 0.400301 0.435495 0.470356 0.504513 0.537621 0.569373 0.599503 0.627794 0.654079 0.678236 0.700187 0.719894 0.737353 0.752584 0.765626 0.776532 0.785356 0.792152 0.796969 0.799843 0.800798 0.799843 0.796969 0.792152 0.785356 0.776532 0.765626 0.752584 0.737353 0.719894 0.700187 0.678236 0.654079 0.627794 0.599503 0.569373 0.537621 0.504513 0.470356 0.435495 0.400301 0.365164 0.330476 0.296621 0.26396 0.232819 0.20348 0.176169 0.151054 0.128241 0.107775 0.0896423 0.0737785 0.0600747 0.0483867 0.0385451 0.0303642 0.0236511 0.0182134 0.0138659 0.0104353 0.0077637 0.00571111 0.00415601 0.00299546 0.00214435 0.00153416 0.00111149 0.000836666 0.000682388 
0.000717 0.000772891 0.000946389 0.0012552 0.0017296 0.00241354 0.00336598 0.00466245 0.00639647 0.00868073 0.0116477 0.0154496 0.0202569 0.0262556 0.0336436 0.0426244 0.0534002 0.0661631 0.0810852 0.0983088 0.117936 0.140019 0.164554 0.191472 0.22064 0.251859 0.284868 0.319351 0.354948 0.391265 0.427891 0.464408 0.50041 0.535515 0.569373 0.601679 0.632178 0.660667 0.686997 0.711068 0.73283 0.752268 0.769406 0.784287 0.796977 0.807546 0.816068 0.822614 0.827244 0.830002 0.830918 0.830002 0.827244 0.822614 0.816068 0.807546 0.796977 0.784287 0.769406 0.752268 0.73283 0.711068 0.686997 0.660667 0.632178 0.601679 0.569373 0.535515 0.50041 0.464408 0.427891 0.391265 0.354948 0.319351 0.284868 0.251859 0.22064 0.191472 0.164554 0.140019 0.117936 0.0983088 0.0810852 0.0661631 0.0534002 0.0426244 0.0336436 0.0262556 0.0202569 0.0154496 0.0116477 0.00868073 0.00639647 0.00466245 0.00336598 0.00241354 0.0017296 0.0012552 0.000946389 0.000772891 
0.000805537 0.0008679 0.00106141 0.00140557 0.00193372 0.00269413 0.00375147 0.00518836 0.00710678 0.00962924 0.0128992 0.0170808 0.0223568 0.0289259 0.0369977 0.0467861 0.0585016 0.0723412 0.0884784 0.107052 0.128155 0.151827 0.178042 0.206709 0.237664 0.270677 0.305451 0.341637 0.378841 0.416637 0.454588 0.492254 0.529217 0.565082 0.599503 0.632178 0.662864 0.691377 0.717587 0.741421 0.762852 0.781896 0.7986 0.813036 0.825289 0.835453 0.843619 0.849873 0.854285 0.85691 0.857782 0.85691 0.854285 0.849873 0.843619 0.835453 0.825289 0.813036 0.7986 0.781896 0.762852 0.741421 0.717587 0.691377 0.662864 0.632178 0.599503 0.565082 0.529217 0.492254 0.454588 0.416637 0.378841 0.341637 0.305451 0.270677 0.237664 0.206709 0.178042 0.151827 0.128155 0.107052 0.0884784 0.0723412 0.0585016 0.0467861 0.0369977 0.0289259 0.0223568 0.0170808 0.0128992 0.00962924 0.00710678 0.00518836 0.00375147 0.00269413 0.00193372 0.00140557 0.00106141 0.0008679 
0.000897309 0.000966327 0.0011804 0.00156087 0.00214414 0.00298287 0.00414746 0.0057276 0.00783375 0.0105981 0.0141751 0.0187403 0.0244887 0.0316308 0.0403873 0.0509818 0.0636316 0.0785378 0.0958734 0.115772 0.138317 0.163532 0.191369 0.221713 0.254369 0.289073 0.325497 0.363255 0.40192 0.441039 0.480149 0.518794 0.556539 0.592988 0.627794 0.660667 0.691377 0.719758 0.745705 0.76917 0.790154 0.808699 0.82488 0.838793 0.850547 0.860254 0.868024 0.873954 0.878128 0.880607 0.881429 0.880607 0.878128 0.873954 0.868024 0.860254 0.850547 0.838793 0.82488 0.808699 0.790154 0.76917 0.745705 0.719758 0.691377 0.660667 0.627794 0.592988 0.556539 0.518794 0.480149 0.441039 0.40192 0.363255 0.325497 0.289073 0.254369 0.221713 0.191369 0.163532 0.138317 0.115772 0.0958734 0.0785378 0.0636316 0.0509818 0.0403873 0.0316308 0.0244887 0.0187403 0.0141751 0.0105981 0.00783375 0.0057276 0.00414746 0.00298287 0.00214414 0.00156087 0.0011804 0.000966327 
