1.02272e-07 1.12417e-07 1.44404e-07 2.03059e-07 2.96959e-07 4.39268e-07 6.48939e-07 9.52324e-07 1.38523e-06 1.99546e-06 2.84583e-06 4.01772e-06 5.61505e-06 7.76866e-06 1.0641e-05 1.44306e-05 1.93768e-05 2.57638e-05 3.3923e-05 4.42353e-05 5.71302e-05 7.30832e-05 9.261e-05 0.000116257 0.00014459 0.000178176 0.000217562 0.000263255 0.000315692 0.000375216 0.000442041 0.00051623 0.000597667 0.000686037 0.000780806 0.000881218 0.00098629 0.00109482 0.00120542 0.0013165 0.00142637 0.00153322 0.0016352 0.00173046 0.00181723 0.00189383 0.00195874 0.00201066 0.00204854 0.00207158 0.00207931 0.00207158 0.00204854 0.00201066 0.00195874 0.00189383 0.00181723 0.00173046 0.0016352 0.00153322 0.00142637 0.0013165 0.00120542 0.00109482 0.00098629 0.000881218 0.000780806 0.000686037 0.000597667 0.00051623 0.000442041 0.000375216 0.000315692 0.000263255 0.000217562 0.000178176 0.00014459 0.000116257 9.261e-05 7.30832e-05 5.71302e-05 4.42353e-05 3.3923e-05 2.57638e-05 1.93768e-05 1.44306e-05 1.0641e-05 7.76866e-06 5.61505e-06 4.01772e-06 2.84583e-06 1.99546e-06 1.38523e-06 9.52324e-07 6.48939e-07 4.39268e-07 2.96959e-07 2.03059e-07 1.44404e-07 1.12417e-07 
1.12417e-07 1.2353e-07 1.58565e-07 2.22781e-07 3.25528e-07 4.81143e-07 7.10253e-07 1.04151e-06 1.51382e-06 2.17906e-06 3.10533e-06 4.38077e-06 6.11781e-06 8.45785e-06 1.15762e-05 1.56869e-05 2.10479e-05 2.79646e-05 3.67931e-05 4.7942e-05 6.18715e-05 7.90904e-05 0.00010015 0.000125632 0.00015614 0.000192275 0.000234618 0.000283706 0.000339998 0.000403851 0.000475487 0.000554965 0.000642152 0.000736702 0.000838039 0.00094535 0.00105758 0.00117345 0.00129146 0.00140995 0.00152709 0.00164096 0.00174961 0.00185108 0.00194348 0.00202502 0.00209411 0.00214937 0.00218967 0.00221418 0.00222241 0.00221418 0.00218967 0.00214937 0.00209411 0.00202502 0.00194348 0.00185108 0.00174961 0.00164096 0.00152709 0.00140995 0.00129146 0.00117345 0.00105758 0.00094535 0.000838039 0.000736702 0.000642152 0.000554965 0.000475487 0.000403851 0.000339998 0.000283706 0.000234618 0.000192275 0.00015614 0.000125632 0.00010015 7.90904e-05 6.18715e-05 4.7942e-05 3.67931e-05 2.79646e-05 2.10479e-05 1.56869e-05 1.15762e-05 8.45785e-06 6.11781e-06 4.38077e-06 3.10533e-06 2.17906e-06 1.51382e-06 1.04151e-06 7.10253e-07 4.81143e-07 3.25528e-07 2.22781e-07 1.58565e-07 1.2353e-07 
1.44404e-07 1.58565e-07 2.03183e-07 2.84886e-07 4.15436e-07 6.12847e-07 9.02986e-07 1.32171e-06 1.91759e-06 2.75522e-06 3.91924e-06 5.51883e-06 7.69293e-06 1.06158e-05 1.45028e-05 1.96164e-05 2.62714e-05 3.48398e-05 4.57542e-05 5.95088e-05 7.66586e-05 9.78149e-05 0.000123637 0.000154821 0.00019208 0.000236125 0.000287639 0.000347245 0.000415474 0.000492729 0.000579249 0.000675078 0.000780031 0.000893669 0.00101528 0.00114388 0.00127819 0.00141667 0.00155755 0.00169883 0.00183836 0.00197388 0.00210306 0.00222361 0.0023333 0.00243006 0.00251199 0.0025775 0.00262526 0.00265431 0.00266406 0.00265431 0.00262526 0.0025775 0.00251199 0.00243006 0.0023333 0.00222361 0.00210306 0.00197388 0.00183836 0.00169883 0.00155755 0.00141667 0.00127819 0.00114388 0.00101528 0.000893669 0.000780031 0.000675078 0.000579249 0.000492729 0.000415474 0.000347245 0.000287639 0.000236125 0.00019208 0.000154821 0.000123637 9.78149e-05 7.66586e-05 5.95088e-05 4.57542e-05 3.48398e-05 2.62714e-05 1.96164e-05 1.45028e-05 1.06158e-05 7.69293e-06 5.51883e-06 3.91924e-06 2.75522e-06 1.91759e-06 1.32171e-06 9.02986e-07 6.12847e-07 4.15436e-07 2.84886e-07 2.03183e-07 1.58565e-07 
2.03059e-07 2.22781e-07 2.84886e-07 3.98474e-07 5.79686e-07 8.53188e-07 1.25432e-06 1.83195e-06 2.65207e-06 3.80223e-06 5.39671e-06 7.58255e-06 1.05462e-05 1.45206e-05 1.97929e-05 2.67116e-05 3.5693e-05 4.72276e-05 6.18828e-05 8.03049e-05 0.000103216 0.000131408 0.000165732 0.000207078 0.000256357 0.00031447 0.000382274 0.000460542 0.000549925 0.000650904 0.000763743 0.000888456 0.00102476 0.00117205 0.00132937 0.00149542 0.00166854 0.00184676 0.00202777 0.00220903 0.00238781 0.00256123 0.00272635 0.00288029 0.00302024 0.00314358 0.00324797 0.00333138 0.00339217 0.00342914 0.00344154 0.00342914 0.00339217 0.00333138 0.00324797 0.00314358 0.00302024 0.00288029 0.00272635 0.00256123 0.00238781 0.00220903 0.00202777 0.00184676 0.00166854 0.00149542 0.00132937 0.00117205 0.00102476 0.000888456 0.000763743 0.000650904 0.000549925 0.000460542 0.000382274 0.00031447 0.000256357 0.000207078 0.000165732 0.000131408 0.000103216 8.03049e-05 6.18828e-05 4.72276e-05 3.5693e-05 2.67116e-05 1.97929e-05 1.45206e-05 1.05462e-05 7.58255e-06 5.39671e-06 3.80223e-06 2.65207e-06 1.83195e-06 1.25432e-06 8.53188e-07 5.79686e-07 3.98474e-07 2.84886e-07 2.22781e-07 
2.96959e-07 3.25528e-07 4.15436e-07 5.79686e-07 8.41306e-07 1.23543e-06 1.81227e-06 2.64108e-06 3.81515e-06 5.45783e-06 7.72965e-06 1.08365e-05 1.50384e-05 2.06595e-05 2.80975e-05 3.78333e-05 5.04397e-05 6.65879e-05 8.70522e-05 0.00011271 0.000144537 0.0001836 0.000231035 0.000288029 0.000355785 0.000435487 0.000528247 0.000635062 0.000756751 0.000893902 0.00104681 0.00121543 0.00139932 0.00159762 0.00180899 0.00203167 0.0022634 0.00250153 0.002743 0.00298444 0.00322222 0.00345257 0.00367165 0.00387566 0.00406096 0.00422414 0.00436215 0.00447236 0.00455264 0.00460145 0.00461783 0.00460145 0.00455264 0.00447236 0.00436215 0.00422414 0.00406096 0.00387566 0.00367165 0.00345257 0.00322222 0.00298444 0.002743 0.00250153 0.0022634 0.00203167 0.00180899 0.00159762 0.00139932 0.00121543 0.00104681 0.000893902 0.000756751 0.000635062 0.000528247 0.000435487 0.000355785 0.000288029 0.000231035 0.0001836 0.000144537 0.00011271 8.70522e-05 6.65879e-05 5.04397e-05 3.78333e-05 2.80975e-05 2.06595e-05 1.50384e-05 1.08365e-05 7.72965e-06 5.45783e-06 3.81515e-06 2.64108e-06 1.81227e-06 1.23543e-06 8.41306e-07 5.79686e-07 4.15436e-07 3.25528e-07 
4.39268e-07 4.81143e-07 6.12847e-07 8.53188e-07 1.23543e-06 1.81023e-06 2.64983e-06 3.85363e-06 5.55514e-06 7.93038e-06 1.12078e-05 1.56793e-05 2.17126e-05 2.97641e-05 4.03922e-05 5.42696e-05 7.21941e-05 9.50975e-05 0.00012405 0.000160258 0.00020506 0.000259907 0.000326342 0.000405965 0.000500388 0.000611181 0.000739812 0.000887575 0.00105551 0.00124435 0.00145441 0.00168553 0.00193704 0.00220769 0.00249562 0.00279835 0.00311282 0.0034354 0.00376197 0.004088 0.00440864 0.00471884 0.00501351 0.00528762 0.00553635 0.0057552 0.00594017 0.0060878 0.0061953 0.00626064 0.00628256 0.00626064 0.0061953 0.0060878 0.00594017 0.0057552 0.00553635 0.00528762 0.00501351 0.00471884 0.00440864 0.004088 0.00376197 0.0034354 0.00311282 0.00279835 0.00249562 0.00220769 0.00193704 0.00168553 0.00145441 0.00124435 0.00105551 0.000887575 0.000739812 0.000611181 0.000500388 0.000405965 0.000326342 0.000259907 0.00020506 0.000160258 0.00012405 9.50975e-05 7.21941e-05 5.42696e-05 4.03922e-05 2.97641e-05 2.17126e-05 1.56793e-05 1.12078e-05 7.93038e-06 5.55514e-06 3.85363e-06 2.64983e-06 1.81023e-06 1.23543e-06 8.53188e-07 6.12847e-07 4.81143e-07 
6.48939e-07 7.10253e-07 9.02986e-07 1.25432e-06 1.81227e-06 2.64983e-06 3.87088e-06 5.61801e-06 8.0822e-06 1.15146e-05 1.624e-05 2.26724e-05 3.13315e-05 4.28602e-05 5.80421e-05 7.7818e-05 0.0001033 0.00013578 0.000176739 0.000227836 0.000290904 0.000367923 0.000460984 0.000572243 0.000703859 0.000857918 0.00103635 0.00124083 0.00147269 0.0017328 0.00202149 0.00233843 0.0026826 0.00305218 0.00344458 0.00385636 0.00428333 0.00472056 0.00516247 0.00560297 0.00603556 0.00645353 0.0068501 0.00721859 0.00755264 0.00784634 0.00809438 0.00829224 0.00843627 0.00852377 0.00855312 0.00852377 0.00843627 0.00829224 0.00809438 0.00784634 0.00755264 0.00721859 0.0068501 0.00645353 0.00603556 0.00560297 0.00516247 0.00472056 0.00428333 0.00385636 0.00344458 0.00305218 0.0026826 0.00233843 0.00202149 0.0017328 0.00147269 0.00124083 0.00103635 0.000857918 0.000703859 0.000572243 0.000460984 0.000367923 0.000290904 0.000227836 0.000176739 0.00013578 0.0001033 7.7818e-05 5.80421e-05 4.28602e-05 3.13315e-05 2.26724e-05 1.624e-05 1.15146e-05 8.0822e-06 5.61801e-06 3.87088e-06 2.64983e-06 1.81227e-06 1.25432e-06 9.02986e-07 7.10253e-07 
9.52324e-07 1.04151e-06 1.32171e-06 1.83195e-06 2.64108e-06 3.85363e-06 5.61801e-06 8.13743e-06 1.16834e-05 1.66119e-05 2.3382e-05 3.25771e-05 4.49268e-05 6.13313e-05 8.28835e-05 0.000110891 0.000146893 0.000192673 0.000250262 0.000321931 0.000410174 0.000517672 0.000647242 0.000801769 0.000984122 0.00119705 0.00144308 0.00172435 0.00204253 0.00239866 0.00279302 0.00322503 0.00369315 0.00419479 0.00472632 0.00528305 0.00585925 0.00644826 0.00704259 0.00763411 0.00821417 0.00877388 0.00930428 0.0097966 0.0102425 0.0106342 0.0109647 0.0112283 0.01142 0.0115365 0.0115755 0.0115365 0.01142 0.0112283 0.0109647 0.0106342 0.0102425 0.0097966 0.00930428 0.00877388 0.00821417 0.00763411 0.00704259 0.00644826 0.00585925 0.00528305 0.00472632 0.00419479 0.00369315 0.00322503 0.00279302 0.00239866 0.00204253 0.00172435 0.00144308 0.00119705 0.000984122 0.000801769 0.000647242 0.000517672 0.000410174 0.000321931 0.000250262 0.000192673 0.000146893 0.000110891 8.28835e-05 6.13313e-05 4.49268e-05 3.25771e-05 2.3382e-05 1.66119e-05 1.16834e-05 8.13743e-06 5.61801e-06 3.85363e-06 2.64108e-06 1.83195e-06 1.32171e-06 1.04151e-06 
1.38523e-06 1.51382e-06 1.91759e-06 2.65207e-06 3.81515e-06 5.55514e-06 8.0822e-06 1.16834e-05 1.67412e-05 2.37559e-05 3.33705e-05 4.63994e-05 6.38585e-05 8.69963e-05 0.000117323 0.000156641 0.00020706 0.000271018 0.000351279 0.000450918 0.000573298 0.000722013 0.00090082 0.00111354 0.00136395 0.00165563 0.00199183 0.00237527 0.002808 0.00329121 0.00382507 0.00440858 0.00503949 0.00571415 0.00642756 0.00717332 0.00794372 0.00872984 0.00952173 0.0103086 0.0110791 0.0118216 0.0125243 0.0131759 0.0137653 0.0142827 0.0147191 0.0150668 0.0153196 0.0154732 0.0155247 0.0154732 0.0153196 0.0150668 0.0147191 0.0142827 0.0137653 0.0131759 0.0125243 0.0118216 0.0110791 0.0103086 0.00952173 0.00872984 0.00794372 0.00717332 0.00642756 0.00571415 0.00503949 0.00440858 0.00382507 0.00329121 0.002808 0.00237527 0.00199183 0.00165563 0.00136395 0.00111354 0.00090082 0.000722013 0.000573298 0.000450918 0.000351279 0.000271018 0.00020706 0.000156641 0.000117323 8.69963e-05 6.38585e-05 4.63994e-05 3.33705e-05 2.37559e-05 1.67412e-05 1.16834e-05 8.0822e-06 5.55514e-06 3.81515e-06 2.65207e-06 1.91759e-06 1.51382e-06 
1.99546e-06 2.17906e-06 2.75522e-06 3.80223e-06 5.45783e-06 7.93038e-06 1.15146e-05 1.66119e-05 2.37559e-05 3.36423e-05 4.71629e-05 6.54435e-05 8.98838e-05 0.000122198 0.000164453 0.000219103 0.000289016 0.000377486 0.000488233 0.00062538 0.000793408 0.000997084 0.00124136 0.00153124 0.00187162 0.00226712 0.00272186 0.00323922 0.00382167 0.00447052 0.0051857 0.00596562 0.006807 0.00770479 0.00865216 0.00964048 0.0106595 0.0116974 0.0127411 0.0137765 0.0147889 0.015763 0.0166838 0.0175365 0.0183072 0.0189831 0.0195527 0.0200063 0.020336 0.0205362 0.0206033 0.0205362 0.020336 0.0200063 0.0195527 0.0189831 0.0183072 0.0175365 0.0166838 0.015763 0.0147889 0.0137765 0.0127411 0.0116974 0.0106595 0.00964048 0.00865216 0.00770479 0.006807 0.00596562 0.0051857 0.00447052 0.00382167 0.00323922 0.00272186 0.00226712 0.00187162 0.00153124 0.00124136 0.000997084 0.000793408 0.00062538 0.000488233 0.000377486 0.000289016 0.000219103 0.000164453 0.000122198 8.98838e-05 6.54435e-05 4.71629e-05 3.36423e-05 2.37559e-05 1.66119e-05 1.15146e-05 7.93038e-06 5.45783e-06 3.80223e-06 2.75522e-06 2.17906e-06 
2.84583e-06 3.10533e-06 3.91924e-06 5.39671e-06 7.72965e-06 1.12078e-05 1.624e-05 2.3382e-05 3.33705e-05 4.71629e-05 6.59831e-05 9.1371e-05 0.000125235 0.000169903 0.000228173 0.000303354 0.000399296 0.000520404 0.00067163 0.000858435 0.00108672 0.00136274 0.00169294 0.00208377 0.00254154 0.00307207 0.00368051 0.00437102 0.00514648 0.00600822 0.00695579 0.00798669 0.00909627 0.0102776 0.0115215 0.0128165 0.014149 0.0155036 0.0168634 0.0182101 0.0195247 0.0207878 0.0219802 0.0230832 0.024079 0.0249514 0.0256861 0.0262708 0.0266956 0.0269535 0.0270399 0.0269535 0.0266956 0.0262708 0.0256861 0.0249514 0.024079 0.0230832 0.0219802 0.0207878 0.0195247 0.0182101 0.0168634 0.0155036 0.014149 0.0128165 0.0115215 0.0102776 0.00909627 0.00798669 0.00695579 0.00600822 0.00514648 0.00437102 0.00368051 0.00307207 0.00254154 0.00208377 0.00169294 0.00136274 0.00108672 0.000858435 0.00067163 0.000520404 0.000399296 0.000303354 0.000228173 0.000169903 0.000125235 9.1371e-05 6.59831e-05 4.71629e-05 3.33705e-05 2.3382e-05 1.624e-05 1.12078e-05 7.72965e-06 5.39671e-06 3.91924e-06 3.10533e-06 
4.01772e-06 4.38077e-06 5.51883e-06 7.58255e-06 1.08365e-05 1.56793e-05 2.26724e-05 3.25771e-05 4.63994e-05 6.54435e-05 9.1371e-05 0.000126266 0.000172701 0.000233805 0.000313324 0.000415669 0.000545953 0.00071 0.000914322 0.00116607 0.00147293 0.00184299 0.00228453 0.00280581 0.00341475 0.00411865 0.00492384 0.00583528 0.00685625 0.00798796 0.00922931 0.0105766 0.0120232 0.0135598 0.0151742 0.0168513 0.0185734 0.0203207 0.0220713 0.0238021 0.0254888 0.027107 0.0286325 0.0300418 0.0313129 0.0324254 0.0333614 0.0341059 0.0346465 0.0349745 0.0350844 0.0349745 0.0346465 0.0341059 0.0333614 0.0324254 0.0313129 0.0300418 0.0286325 0.027107 0.0254888 0.0238021 0.0220713 0.0203207 0.0185734 0.0168513 0.0151742 0.0135598 0.0120232 0.0105766 0.00922931 0.00798796 0.00685625 0.00583528 0.00492384 0.00411865 0.00341475 0.00280581 0.00228453 0.00184299 0.00147293 0.00116607 0.000914322 0.00071 0.000545953 0.000415669 0.000313324 0.000233805 0.000172701 0.000126266 9.1371e-05 6.54435e-05 4.63994e-05 3.25771e-05 2.26724e-05 1.56793e-05 1.08365e-05 7.58255e-06 5.51883e-06 4.38077e-06 
5.61505e-06 6.11781e-06 7.69293e-06 1.05462e-05 1.50384e-05 2.17126e-05 3.13315e-05 4.49268e-05 6.38585e-05 8.98838e-05 0.000125235 0.000172701 0.000235715 0.000318435 0.000425821 0.000563689 0.000738751 0.000958618 0.00123176 0.00156743 0.00197551 0.00246633 0.00305041 0.00373812 0.00453934 0.00546305 0.00651686 0.00770659 0.00903579 0.0105054 0.0121132 0.0138538 0.0157183 0.017694 0.0197649 0.0219115 0.0241109 0.0263379 0.0285649 0.0307625 0.0329006 0.0349486 0.0368764 0.0386551 0.0402574 0.0416585 0.0428363 0.0437724 0.0444519 0.044864 0.0450021 0.044864 0.0444519 0.0437724 0.0428363 0.0416585 0.0402574 0.0386551 0.0368764 0.0349486 0.0329006 0.0307625 0.0285649 0.0263379 0.0241109 0.0219115 0.0197649 0.017694 0.0157183 0.0138538 0.0121132 0.0105054 0.00903579 0.00770659 0.00651686 0.00546305 0.00453934 0.00373812 0.00305041 0.00246633 0.00197551 0.00156743 0.00123176 0.000958618 0.000738751 0.000563689 0.000425821 0.000318435 0.000235715 0.000172701 0.000125235 8.98838e-05 6.38585e-05 4.49268e-05 3.13315e-05 2.17126e-05 1.50384e-05 1.05462e-05 7.69293e-06 6.11781e-06 
7.76866e-06 8.45785e-06 1.06158e-05 1.45206e-05 2.06595e-05 2.97641e-05 4.28602e-05 6.13313e-05 8.69963e-05 0.000122198 0.000169903 0.000233805 0.000318435 0.000429261 0.000572773 0.000756559 0.000989331 0.00128092 0.00164222 0.00208504 0.00262195 0.00326599 0.00403032 0.00492781 0.0059706 0.00716951 0.00853355 0.0100693 0.0117806 0.0136675 0.0157265 0.0179497 0.0203252 0.0228362 0.0254618 0.028177 0.0309529 0.0337577 0.0365567 0.0393135 0.0419909 0.0445513 0.0469578 0.049175 0.05117 0.0529126 0.0543763 0.0555387 0.056382 0.0568933 0.0570646 0.0568933 0.056382 0.0555387 0.0543763 0.0529126 0.05117 0.049175 0.0469578 0.0445513 0.0419909 0.0393135 0.0365567 0.0337577 0.0309529 0.028177 0.0254618 0.0228362 0.0203252 0.0179497 0.0157265 0.0136675 0.0117806 0.0100693 0.00853355 0.00716951 0.0059706 0.00492781 0.00403032 0.00326599 0.00262195 0.00208504 0.00164222 0.00128092 0.000989331 0.000756559 0.000572773 0.000429261 0.000318435 0.000233805 0.000169903 0.000122198 8.69963e-05 6.13313e-05 4.28602e-05 2.97641e-05 2.06595e-05 1.45206e-05 1.06158e-05 8.45785e-06 
1.0641e-05 1.15762e-05 1.45028e-05 1.97929e-05 2.80975e-05 4.03922e-05 5.80421e-05 8.28835e-05 0.000117323 0.000164453 0.000228173 0.000313324 0.000425821 0.000572773 0.00076259 0.00100505 0.00131134 0.00169402 0.00216692 0.00274496 0.00344393 0.00428004 0.00526957 0.00642828 0.00777079 0.00931 0.0110563 0.013017 0.0151957 0.0175914 0.0201985 0.0230061 0.025998 0.0291525 0.0324429 0.0358373 0.0392997 0.0427901 0.0462661 0.0496829 0.0529951 0.056157 0.0591242 0.0618542 0.0643073 0.0664478 0.068244 0.0696694 0.070703 0.0713293 0.0715391 0.0713293 0.070703 0.0696694 0.068244 0.0664478 0.0643073 0.0618542 0.0591242 0.056157 0.0529951 0.0496829 0.0462661 0.0427901 0.0392997 0.0358373 0.0324429 0.0291525 0.025998 0.0230061 0.0201985 0.0175914 0.0151957 0.013017 0.0110563 0.00931 0.00777079 0.00642828 0.00526957 0.00428004 0.00344393 0.00274496 0.00216692 0.00169402 0.00131134 0.00100505 0.00076259 0.000572773 0.000425821 0.000313324 0.000228173 0.000164453 0.000117323 8.28835e-05 5.80421e-05 4.03922e-05 2.80975e-05 1.97929e-05 1.45028e-05 1.15762e-05 
1.44306e-05 1.56869e-05 1.96164e-05 2.67116e-05 3.78333e-05 5.42696e-05 7.7818e-05 0.000110891 0.000156641 0.000219103 0.000303354 0.000415669 0.000563689 0.000756559 0.00100505 0.00132164 0.00172053 0.00221756 0.0028301 0.0035768 0.00447718 0.00555123 0.00681877 0.00829879 0.0100087 0.0119635 0.014175 0.0166508 0.019394 0.022402 0.0256663 0.029172 0.0328976 0.0368154 0.0408912 0.0450855 0.0493533 0.053646 0.0579113 0.0620954 0.0661434 0.0700008 0.0736147 0.0769346 0.079914 0.0825105 0.0846873 0.0864135 0.0876643 0.088422 0.0886758 0.088422 0.0876643 0.0864135 0.0846873 0.0825105 0.079914 0.0769346 0.0736147 0.0700008 0.0661434 0.0620954 0.0579113 0.053646 0.0493533 0.0450855 0.0408912 0.0368154 0.0328976 0.029172 0.0256663 0.022402 0.019394 0.0166508 0.014175 0.0119635 0.0100087 0.00829879 0.00681877 0.00555123 0.00447718 0.0035768 0.0028301 0.00221756 0.00172053 0.00132164 0.00100505 0.000756559 0.000563689 0.000415669 0.000303354 0.000219103 0.000156641 0.000110891 7.7818e-05 5.42696e-05 3.78333e-05 2.67116e-05 1.96164e-05 1.56869e-05 
1.93768e-05 2.10479e-05 2.62714e-05 3.5693e-05 5.04397e-05 7.21941e-05 0.0001033 0.000146893 0.00020706 0.000289016 0.000399296 0.000545953 0.000738751 0.000989331 0.00131134 0.00172053 0.00223469 0.00287364 0.00365891 0.00461351 0.00576134 0.00712665 0.00873328 0.0106038 0.0127585 0.0152146 0.0179851 0.0210777 0.0244941 0.0282294 0.0322713 0.0365997 0.0411868 0.0459972 0.0509884 0.0561111 0.0613107 0.0665279 0.0717001 0.0767627 0.0816506 0.0862996 0.0906474 0.0946354 0.0982093 0.10132 0.103925 0.10599 0.107485 0.10839 0.108693 0.10839 0.107485 0.10599 0.103925 0.10132 0.0982093 0.0946354 0.0906474 0.0862996 0.0816506 0.0767627 0.0717001 0.0665279 0.0613107 0.0561111 0.0509884 0.0459972 0.0411868 0.0365997 0.0322713 0.0282294 0.0244941 0.0210777 0.0179851 0.0152146 0.0127585 0.0106038 0.00873328 0.00712665 0.00576134 0.00461351 0.00365891 0.00287364 0.00223469 0.00172053 0.00131134 0.000989331 0.000738751 0.000545953 0.000399296 0.000289016 0.00020706 0.000146893 0.0001033 7.21941e-05 5.04397e-05 3.5693e-05 2.62714e-05 2.10479e-05 
2.57638e-05 2.79646e-05 3.48398e-05 4.72276e-05 6.65879e-05 9.50975e-05 0.00013578 0.000192673 0.000271018 0.000377486 0.000520404 0.00071 0.000958618 0.00128092 0.00169402 0.00221756 0.00287364 0.0036867 0.00468318 0.00589109 0.00733935 0.00905702 0.0110723 0.0134117 0.0160985 0.019152 0.0225858 0.0264073 0.0306164 0.0352045 0.0401543 0.0454395 0.0510243 0.0568644 0.0629071 0.0690923 0.075354 0.081621 0.087819 0.093872 0.0997037 0.105239 0.110407 0.115139 0.119373 0.123055 0.126134 0.128572 0.130336 0.131404 0.131762 0.131404 0.130336 0.128572 0.126134 0.123055 0.119373 0.115139 0.110407 0.105239 0.0997037 0.093872 0.087819 0.081621 0.075354 0.0690923 0.0629071 0.0568644 0.0510243 0.0454395 0.0401543 0.0352045 0.0306164 0.0264073 0.0225858 0.019152 0.0160985 0.0134117 0.0110723 0.00905702 0.00733935 0.00589109 0.00468318 0.0036867 0.00287364 0.00221756 0.00169402 0.00128092 0.000958618 0.00071 0.000520404 0.000377486 0.000271018 0.000192673 0.00013578 9.50975e-05 6.65879e-05 4.72276e-05 3.48398e-05 2.79646e-05 
3.3923e-05 3.67931e-05 4.57542e-05 6.18828e-05 8.70522e-05 0.00012405 0.000176739 0.000250262 0.000351279 0.000488233 0.00067163 0.000914322 0.00123176 0.00164222 0.00216692 0.0028301 0.00365891 0.00468318 0.00593497 0.007448 0.0092568 0.0113957 0.0138979 0.0167935 0.0201091 0.0238655 0.0280769 0.0327492 0.0378795 0.0434545 0.0494507 0.0558336 0.0625582 0.0695694 0.076803 0.0841864 0.0916408 0.099082 0.106423 0.113575 0.12045 0.126963 0.133031 0.138578 0.143534 0.147836 0.151432 0.154275 0.156332 0.157576 0.157992 0.157576 0.156332 0.154275 0.151432 0.147836 0.143534 0.138578 0.133031 0.126963 0.12045 0.113575 0.106423 0.099082 0.0916408 0.0841864 0.076803 0.0695694 0.0625582 0.0558336 0.0494507 0.0434545 0.0378795 0.0327492 0.0280769 0.0238655 0.0201091 0.0167935 0.0138979 0.0113957 0.0092568 0.007448 0.00593497 0.00468318 0.00365891 0.0028301 0.00216692 0.00164222 0.00123176 0.000914322 0.00067163 0.000488233 0.000351279 0.000250262 0.000176739 0.00012405 8.70522e-05 6.18828e-05 4.57542e-05 3.67931e-05 
4.42353e-05 4.7942e-05 5.95088e-05 8.03049e-05 0.00011271 0.000160258 0.000227836 0.000321931 0.000450918 0.00062538 0.000858435 0.00116607 0.00156743 0.00208504 0.00274496 0.0035768 0.00461351 0.00589109 0.007448 0.00932434 0.0115608 0.0141976 0.0172727 0.0208205 0.0248701 0.0294438 0.0345553 0.0402083 0.0463956 0.053098 0.0602839 0.0679094 0.0759182 0.0842429 0.0928059 0.101521 0.110295 0.119029 0.127623 0.135975 0.143986 0.151557 0.158597 0.165021 0.170751 0.175719 0.179865 0.183141 0.185508 0.18694 0.187419 0.18694 0.185508 0.183141 0.179865 0.175719 0.170751 0.165021 0.158597 0.151557 0.143986 0.135975 0.127623 0.119029 0.110295 0.101521 0.0928059 0.0842429 0.0759182 0.0679094 0.0602839 0.053098 0.0463956 0.0402083 0.0345553 0.0294438 0.0248701 0.0208205 0.0172727 0.0141976 0.0115608 0.00932434 0.007448 0.00589109 0.00461351 0.0035768 0.00274496 0.00208504 0.00156743 0.00116607 0.000858435 0.00062538 0.000450918 0.000321931 0.000227836 0.000160258 0.00011271 8.03049e-05 5.95088e-05 4.7942e-05 
5.71302e-05 6.18715e-05 7.66586e-05 0.000103216 0.000144537 0.00020506 0.000290904 0.000410174 0.000573298 0.000793408 0.00108672 0.00147293 0.00197551 0.00262195 0.00344393 0.00447718 0.00576134 0.00733935 0.0092568 0.0115608 0.0142989 0.0175172 0.0212588 0.025562 0.0304585 0.0359708 0.0421114 0.0488805 0.0562653 0.0642388 0.0727597 0.0817726 0.0912084 0.100985 0.111011 0.121184 0.131395 0.141531 0.151478 0.161119 0.170343 0.179041 0.187113 0.194463 0.201009 0.206675 0.211398 0.215125 0.217817 0.219444 0.219989 0.219444 0.217817 0.215125 0.211398 0.206675 0.201009 0.194463 0.187113 0.179041 0.170343 0.161119 0.151478 0.141531 0.131395 0.121184 0.111011 0.100985 0.0912084 0.0817726 0.0727597 0.0642388 0.0562653 0.0488805 0.0421114 0.0359708 0.0304585 0.025562 0.0212588 0.0175172 0.0142989 0.0115608 0.0092568 0.00733935 0.00576134 0.00447718 0.00344393 0.00262195 0.00197551 0.00147293 0.00108672 0.000793408 0.000573298 0.000410174 0.000290904 0.00020506 0.000144537 0.000103216 7.66586e-05 6.18715e-05 
7.30832e-05 7.90904e-05 9.78149e-05 0.000131408 0.0001836 0.000259907 0.000367923 0.000517672 0.000722013 0.000997084 0.00136274 0.00184299 0.00246633 0.00326599 0.00428004 0.00555123 0.00712665 0.00905702 0.0113957 0.0141976 0.0175172 0.0214068 0.0259148 0.031083 0.0369445 0.0435219 0.0508246 0.0588482 0.0675723 0.0769604 0.0869595 0.0975007 0.1085 0.11986 0.131471 0.143215 0.154968 0.1666 0.177982 0.188985 0.199484 0.209361 0.218506 0.226817 0.234204 0.240589 0.245905 0.250095 0.253119 0.254945 0.255556 0.254945 0.253119 0.250095 0.245905 0.240589 0.234204 0.226817 0.218506 0.209361 0.199484 0.188985 0.177982 0.1666 0.154968 0.143215 0.131471 0.11986 0.1085 0.0975007 0.0869595 0.0769604 0.0675723 0.0588482 0.0508246 0.0435219 0.0369445 0.031083 0.0259148 0.0214068 0.0175172 0.0141976 0.0113957 0.00905702 0.00712665 0.00555123 0.00428004 0.00326599 0.00246633 0.00184299 0.00136274 0.000997084 0.000722013 0.000517672 0.000367923 0.000259907 0.0001836 0.000131408 9.78149e-05 7.90904e-05 
9.261e-05 0.00010015 0.000123637 0.000165732 0.000231035 0.000326342 0.000460984 0.000647242 0.00090082 0.00124136 0.00169294 0.00228453 0.00305041 0.00403032 0.00526957 0.00681877 0.00873328 0.0110723 0.0138979 0.0172727 0.0212588 0.0259148 0.0312938 0.0374406 0.0443892 0.0521603 0.0607596 0.0701755 0.0803785 0.0913203 0.102934 0.115136 0.127824 0.140884 0.154189 0.167602 0.180982 0.194184 0.207063 0.219478 0.231293 0.242379 0.25262 0.261907 0.270147 0.277256 0.283166 0.28782 0.291175 0.293201 0.293878 0.293201 0.291175 0.28782 0.283166 0.277256 0.270147 0.261907 0.25262 0.242379 0.231293 0.219478 0.207063 0.194184 0.180982 0.167602 0.154189 0.140884 0.127824 0.115136 0.102934 0.0913203 0.0803785 0.0701755 0.0607596 0.0521603 0.0443892 0.0374406 0.0312938 0.0259148 0.0212588 0.0172727 0.0138979 0.0110723 0.00873328 0.00681877 0.00526957 0.00403032 0.00305041 0.00228453 0.00169294 0.00124136 0.00090082 0.000647242 0.000460984 0.000326342 0.000231035 0.000165732 0.000123637 0.00010015 
0.000116257 0.000125632 0.000154821 0.000207078 0.000288029 0.000405965 0.000572243 0.000801769 0.00111354 0.00153124 0.00208377 0.00280581 0.00373812 0.00492781 0.00642828 0.00829879 0.0106038 0.0134117 0.0167935 0.0208205 0.025562 0.031083 0.0374406 0.0446819 0.0528403 0.0619337 0.0719615 0.0829036 0.0947189 0.107345 0.1207 0.134681 0.149168 0.164028 0.179114 0.194271 0.209341 0.224162 0.238576 0.252429 0.265575 0.277878 0.289214 0.299472 0.308554 0.316377 0.32287 0.327977 0.331656 0.333875 0.334617 0.333875 0.331656 0.327977 0.32287 0.316377 0.308554 0.299472 0.289214 0.277878 0.265575 0.252429 0.238576 0.224162 0.209341 0.194271 0.179114 0.164028 0.149168 0.134681 0.1207 0.107345 0.0947189 0.0829036 0.0719615 0.0619337 0.0528403 0.0446819 0.0374406 0.031083 0.025562 0.0208205 0.0167935 0.0134117 0.0106038 0.00829879 0.00642828 0.00492781 0.00373812 0.00280581 0.00208377 0.00153124 0.00111354 0.000801769 0.000572243 0.000405965 0.000288029 0.000207078 0.000154821 0.000125632 
0.00014459 0.00015614 0.00019208 0.000256357 0.000355785 0.000500388 0.000703859 0.000984122 0.00136395 0.00187162 0.00254154 0.00341475 0.00453934 0.0059706 0.00777079 0.0100087 0.0127585 0.0160985 0.0201091 0.0248701 0.0304585 0.0369445 0.0443892 0.0528403 0.0623297 0.07287 0.084453 0.0970473 0.110598 0.125027 0.140233 0.156093 0.17247 0.189206 0.206137 0.223088 0.239882 0.256345 0.272302 0.287591 0.302057 0.315557 0.327965 0.339165 0.349061 0.357568 0.364619 0.370157 0.374142 0.376544 0.377347 0.376544 0.374142 0.370157 0.364619 0.357568 0.349061 0.339165 0.327965 0.315557 0.302057 0.287591 0.272302 0.256345 0.239882 0.223088 0.206137 0.189206 0.17247 0.156093 0.140233 0.125027 0.110598 0.0970473 0.084453 0.07287 0.0623297 0.0528403 0.0443892 0.0369445 0.0304585 0.0248701 0.0201091 0.0160985 0.0127585 0.0100087 0.00777079 0.0059706 0.00453934 0.00341475 0.00254154 0.00187162 0.00136395 0.000984122 0.000703859 0.000500388 0.000355785 0.000256357 0.00019208 0.00015614 
0.000178176 0.000192275 0.000236125 0.00031447 0.000435487 0.000611181 0.000857918 0.00119705 0.00165563 0.00226712 0.00307207 0.00411865 0.00546305 0.00716951 0.00931 0.0119635 0.0152146 0.019152 0.0238655 0.0294438 0.0359708 0.0435219 0.0521603 0.0619337 0.07287 0.0849753 0.0982306 0.112591 0.127986 0.144319 0.161467 0.179287 0.197617 0.216281 0.235091 0.253856 0.272381 0.290476 0.307956 0.32465 0.340395 0.355047 0.368475 0.380568 0.391227 0.400373 0.40794 0.413875 0.418142 0.420712 0.421571 0.420712 0.418142 0.413875 0.40794 0.400373 0.391227 0.380568 0.368475 0.355047 0.340395 0.32465 0.307956 0.290476 0.272381 0.253856 0.235091 0.216281 0.197617 0.179287 0.161467 0.144319 0.127986 0.112591 0.0982306 0.0849753 0.07287 0.0619337 0.0521603 0.0435219 0.0359708 0.0294438 0.0238655 0.019152 0.0152146 0.0119635 0.00931 0.00716951 0.00546305 0.00411865 0.00307207 0.00226712 0.00165563 0.00119705 0.000857918 0.000611181 0.000435487 0.00031447 0.000236125 0.000192275 
0.000217562 0.000234618 0.000287639 0.000382274 0.000528247 0.000739812 0.00103635 0.00144308 0.00199183 0.00272186 0.00368051 0.00492384 0.00651686 0.00853355 0.0110563 0.014175 0.0179851 0.0225858 0.0280769 0.0345553 0.0421114 0.0508246 0.0607596 0.0719615 0.084453 0.0982306 0.113263 0.129489 0.14682 0.165136 0.184293 0.204126 0.224448 0.245061 0.265757 0.286324 0.306553 0.32624 0.345191 0.363227 0.380184 0.395914 0.410289 0.4232 0.434553 0.444274 0.452303 0.458591 0.463107 0.465825 0.466732 0.465825 0.463107 0.458591 0.452303 0.444274 0.434553 0.4232 0.410289 0.395914 0.380184 0.363227 0.345191 0.32624 0.306553 0.286324 0.265757 0.245061 0.224448 0.204126 0.184293 0.165136 0.14682 0.129489 0.113263 0.0982306 0.084453 0.0719615 0.0607596 0.0508246 0.0421114 0.0345553 0.0280769 0.0225858 0.0179851 0.014175 0.0110563 0.00853355 0.00651686 0.00492384 0.00368051 0.00272186 0.00199183 0.00144308 0.00103635 0.000739812 0.000528247 0.000382274 0.000287639 0.000234618 
0.000263255 0.000283706 0.000347245 0.000460542 0.000635062 0.000887575 0.00124083 0.00172435 0.00237527 0.00323922 0.00437102 0.00583528 0.00770659 0.0100693 0.013017 0.0166508 0.0210777 0.0264073 0.0327492 0.0402083 0.0488805 0.0588482 0.0701755 0.0829036 0.0970473 0.112591 0.129489 0.147661 0.166997 0.187353 0.208563 0.230434 0.252756 0.275308 0.297862 0.320188 0.342062 0.36327 0.383609 0.402897 0.420969 0.437679 0.452903 0.466539 0.478499 0.488717 0.49714 0.503727 0.508451 0.511292 0.512241 0.511292 0.508451 0.503727 0.49714 0.488717 0.478499 0.466539 0.452903 0.437679 0.420969 0.402897 0.383609 0.36327 0.342062 0.320188 0.297862 0.275308 0.252756 0.230434 0.208563 0.187353 0.166997 0.147661 0.129489 0.112591 0.0970473 0.0829036 0.0701755 0.0588482 0.0488805 0.0402083 0.0327492 0.0264073 0.0210777 0.0166508 0.013017 0.0100693 0.00770659 0.00583528 0.00437102 0.00323922 0.00237527 0.00172435 0.00124083 0.000887575 0.000635062 0.000460542 0.000347245 0.000283706 
0.000315692 0.000339998 0.000415474 0.000549925 0.000756751 0.00105551 0.00147269 0.00204253 0.002808 0.00382167 0.00514648 0.00685625 0.00903579 0.0117806 0.0151957 0.019394 0.0244941 0.0306164 0.0378795 0.0463956 0.0562653 0.0675723 0.0803785 0.0947189 0.110598 0.127986 0.14682 0.166997 0.188383 0.210811 0.234086 0.257991 0.282291 0.306742 0.331095 0.355105 0.378534 0.40116 0.422777 0.443199 0.462265 0.479834 0.49579 0.510038 0.522503 0.533127 0.541866 0.54869 0.553577 0.556514 0.557494 0.556514 0.553577 0.54869 0.541866 0.533127 0.522503 0.510038 0.49579 0.479834 0.462265 0.443199 0.422777 0.40116 0.378534 0.355105 0.331095 0.306742 0.282291 0.257991 0.234086 0.210811 0.188383 0.166997 0.14682 0.127986 0.110598 0.0947189 0.0803785 0.0675723 0.0562653 0.0463956 0.0378795 0.0306164 0.0244941 0.019394 0.0151957 0.0117806 0.00903579 0.00685625 0.00514648 0.00382167 0.002808 0.00204253 0.00147269 0.00105551 0.000756751 0.000549925 0.000415474 0.000339998 
0.000375216 0.000403851 0.000492729 0.000650904 0.000893902 0.00124435 0.0017328 0.00239866 0.00329121 0.00447052 0.00600822 0.00798796 0.0105054 0.0136675 0.0175914 0.022402 0.0282294 0.0352045 0.0434545 0.053098 0.0642388 0.0769604 0.0913203 0.107345 0.125027 0.144319 0.165136 0.187353 0.210811 0.235314 0.26064 0.286545 0.31277 0.339047 0.365111 0.390699 0.415566 0.439482 0.462239 0.483655 0.503573 0.521861 0.538415 0.553151 0.566006 0.576934 0.585905 0.592897 0.597898 0.600901 0.601902 0.600901 0.597898 0.592897 0.585905 0.576934 0.566006 0.553151 0.538415 0.521861 0.503573 0.483655 0.462239 0.439482 0.415566 0.390699 0.365111 0.339047 0.31277 0.286545 0.26064 0.235314 0.210811 0.187353 0.165136 0.144319 0.125027 0.107345 0.0913203 0.0769604 0.0642388 0.053098 0.0434545 0.0352045 0.0282294 0.022402 0.0175914 0.0136675 0.0105054 0.00798796 0.00600822 0.00447052 0.00329121 0.00239866 0.0017328 0.00124435 0.000893902 0.000650904 0.000492729 0.000403851 
0.000442041 0.000475487 0.000579249 0.000763743 0.00104681 0.00145441 0.00202149 0.00279302 0.00382507 0.0051857 0.00695579 0.00922931 0.0121132 0.0157265 0.0201985 0.0256663 0.0322713 0.0401543 0.0494507 0.0602839 0.0727597 0.0869595 0.102934 0.1207 0.140233 0.161467 0.184293 0.208563 0.234086 0.26064 0.287974 0.315817 0.343884 0.371888 0.399544 0.42658 0.452741 0.477795 0.501535 0.523786 0.544398 0.563253 0.580259 0.595347 0.60847 0.619596 0.628708 0.635797 0.640861 0.643898 0.64491 0.643898 0.640861 0.635797 0.628708 0.619596 0.60847 0.595347 0.580259 0.563253 0.544398 0.523786 0.501535 0.477795 0.452741 0.42658 0.399544 0.371888 0.343884 0.315817 0.287974 0.26064 0.234086 0.208563 0.184293 0.161467 0.140233 0.1207 0.102934 0.0869595 0.0727597 0.0602839 0.0494507 0.0401543 0.0322713 0.0256663 0.0201985 0.0157265 0.0121132 0.00922931 0.00695579 0.0051857 0.00382507 0.00279302 0.00202149 0.00145441 0.00104681 0.000763743 0.000579249 0.000475487 
0.00051623 0.000554965 0.000675078 0.000888456 0.00121543 0.00168553 0.00233843 0.00322503 0.00440858 0.00596562 0.00798669 0.0105766 0.0138538 0.0179497 0.0230061 0.029172 0.0365997 0.0454395 0.0558336 0.0679094 0.0817726 0.0975007 0.115136 0.134681 0.156093 0.179287 0.204126 0.230434 0.257991 0.286545 0.315817 0.345507 0.375308 0.404913 0.434022 0.462353 0.489645 0.515667 0.540219 0.563131 0.58427 0.60353 0.620836 0.636136 0.649402 0.660617 0.669779 0.676894 0.681967 0.685007 0.686019 0.685007 0.681967 0.676894 0.669779 0.660617 0.649402 0.636136 0.620836 0.60353 0.58427 0.563131 0.540219 0.515667 0.489645 0.462353 0.434022 0.404913 0.375308 0.345507 0.315817 0.286545 0.257991 0.230434 0.204126 0.179287 0.156093 0.134681 0.115136 0.0975007 0.0817726 0.0679094 0.0558336 0.0454395 0.0365997 0.029172 0.0230061 0.0179497 0.0138538 0.0105766 0.00798669 0.00596562 0.00440858 0.00322503 0.00233843 0.00168553 0.00121543 0.000888456 0.000675078 0.000554965 
0.000597667 0.000642152 0.000780031 0.00102476 0.00139932 0.00193704 0.0026826 0.00369315 0.00503949 0.006807 0.00909627 0.0120232 0.0157183 0.0203252 0.025998 0.0328976 0.0411868 0.0510243 0.0625582 0.0759182 0.0912084 0.1085 0.127824 0.149168 0.17247 0.197617 0.224448 0.252756 0.282291 0.31277 0.343884 0.375308 0.406713 0.437772 0.468174 0.497629 0.525876 0.552687 0.577868 0.601264 0.622756 0.642256 0.659709 0.675083 0.688367 0.699564 0.708688 0.715757 0.72079 0.723802 0.724805 0.723802 0.72079 0.715757 0.708688 0.699564 0.688367 0.675083 0.659709 0.642256 0.622756 0.601264 0.577868 0.552687 0.525876 0.497629 0.468174 0.437772 0.406713 0.375308 0.343884 0.31277 0.282291 0.252756 0.224448 0.197617 0.17247 0.149168 0.127824 0.1085 0.0912084 0.0759182 0.0625582 0.0510243 0.0411868 0.0328976 0.025998 0.0203252 0.0157183 0.0120232 0.00909627 0.006807 0.00503949 0.00369315 0.0026826 0.00193704 0.00139932 0.00102476 0.000780031 0.000642152 
0.000686037 0.000736702 0.000893669 0.00117205 0.00159762 0.00220769 0.00305218 0.00419479 0.00571415 0.00770479 0.0102776 0.0135598 0.017694 0.0228362 0.0291525 0.0368154 0.0459972 0.0568644 0.0695694 0.0842429 0.100985 0.11986 0.140884 0.164028 0.189206 0.216281 0.245061 0.275308 0.306742 0.339047 0.371888 0.404913 0.437772 0.470124 0.501647 0.532046 0.561063 0.588475 0.614101 0.637802 0.659476 0.679056 0.696508 0.711821 0.725005 0.736083 0.745084 0.752042 0.756986 0.759942 0.760926 0.759942 0.756986 0.752042 0.745084 0.736083 0.725005 0.711821 0.696508 0.679056 0.659476 0.637802 0.614101 0.588475 0.561063 0.532046 0.501647 0.470124 0.437772 0.404913 0.371888 0.339047 0.306742 0.275308 0.245061 0.216281 0.189206 0.164028 0.140884 0.11986 0.100985 0.0842429 0.0695694 0.0568644 0.0459972 0.0368154 0.0291525 0.0228362 0.017694 0.0135598 0.0102776 0.00770479 0.00571415 0.00419479 0.00305218 0.00220769 0.00159762 0.00117205 0.000893669 0.000736702 
0.000780806 0.000838039 0.00101528 0.00132937 0.00180899 0.00249562 0.00344458 0.00472632 0.00642756 0.00865216 0.0115215 0.0151742 0.0197649 0.0254618 0.0324429 0.0408912 0.0509884 0.0629071 0.076803 0.0928059 0.111011 0.131471 0.154189 0.179114 0.206137 0.235091 0.265757 0.297862 0.331095 0.365111 0.399544 0.434022 0.468174 0.501647 0.53411 0.565269 0.594869 0.622698 0.648589 0.672422 0.694114 0.713622 0.730933 0.746061 0.759036 0.769901 0.778703 0.785491 0.790305 0.79318 0.794136 0.79318 0.790305 0.785491 0.778703 0.769901 0.759036 0.746061 0.730933 0.713622 0.694114 0.672422 0.648589 0.622698 0.594869 0.565269 0.53411 0.501647 0.468174 0.434022 0.399544 0.365111 0.331095 0.297862 0.265757 0.235091 0.206137 0.179114 0.154189 0.131471 0.111011 0.0928059 0.076803 0.0629071 0.0509884 0.0408912 0.0324429 0.0254618 0.0197649 0.0151742 0.0115215 0.00865216 0.00642756 0.00472632 0.00344458 0.00249562 0.00180899 0.00132937 0.00101528 0.000838039 
0.000881218 0.00094535 0.00114388 0.00149542 0.00203167 0.00279835 0.00385636 0.00528305 0.00717332 0.00964048 0.0128165 0.0168513 0.0219115 0.028177 0.0358373 0.0450855 0.0561111 0.0690923 0.0841864 0.101521 0.121184 0.143215 0.167602 0.194271 0.223088 0.253856 0.286324 0.320188 0.355105 0.390699 0.42658 0.462353 0.497629 0.532046 0.565269 0.597005 0.627006 0.655075 0.68106 0.704862 0.726421 0.745717 0.762764 0.777595 0.790266 0.800837 0.809374 0.81594 0.820588 0.823359 0.82428 0.823359 0.820588 0.81594 0.809374 0.800837 0.790266 0.777595 0.762764 0.745717 0.726421 0.704862 0.68106 0.655075 0.627006 0.597005 0.565269 0.532046 0.497629 0.462353 0.42658 0.390699 0.355105 0.320188 0.286324 0.253856 0.223088 0.194271 0.167602 0.143215 0.121184 0.101521 0.0841864 0.0690923 0.0561111 0.0450855 0.0358373 0.028177 0.0219115 0.0168513 0.0128165 0.00964048 0.00717332 0.00528305 0.00385636 0.00279835 0.00203167 0.00149542 0.00114388 0.00094535 
0.00098629 0.00105758 0.00127819 0.00166854 0.0022634 0.00311282 0.00428333 0.00585925 0.00794372 0.0106595 0.014149 0.0185734 0.0241109 0.0309529 0.0392997 0.0493533 0.0613107 0.075354 0.0916408 0.110295 0.131395 0.154968 0.180982 0.209341 0.239882 0.272381 0.306553 0.342062 0.378534 0.415566 0.452741 0.489645 0.525876 0.561063 0.594869 0.627006 0.657238 0.685381 0.711304 0.734928 0.75622 0.775184 0.791857 0.806299 0.818583 0.828793 0.837012 0.843314 0.847766 0.850417 0.851297 0.850417 0.847766 0.843314 0.837012 0.828793 0.818583 0.806299 0.791857 0.775184 0.75622 0.734928 0.711304 0.685381 0.657238 0.627006 0.594869 0.561063 0.525876 0.489645 0.452741 0.415566 0.378534 0.342062 0.306553 0.272381 0.239882 0.209341 0.180982 0.154968 0.131395 0.110295 0.0916408 0.075354 0.0613107 0.0493533 0.0392997 0.0309529 0.0241109 0.0185734 0.014149 0.0106595 0.00794372 0.00585925 0.00428333 0.00311282 0.0022634 0.00166854 0.00127819 0.00105758 
0.00109482 0.00117345 0.00141667 0.00184676 0.00250153 0.0034354 0.00472056 0.00644826 0.00872984 0.0116974 0.0155036 0.0203207 0.0263379 0.0337577 0.0427901 0.053646 0.0665279 0.081621 0.099082 0.119029 0.141531 0.1666 0.194184 0.224162 0.256345 0.290476 0.32624 0.36327 0.40116 0.439482 0.477795 0.515667 0.552687 0.588475 0.622698 0.655075 0.685381 0.71345 0.739173 0.762495 0.783406 0.801936 0.818147 0.832122 0.843958 0.853755 0.861612 0.867621 0.871855 0.874372 0.875207 0.874372 0.871855 0.867621 0.861612 0.853755 0.843958 0.832122 0.818147 0.801936 0.783406 0.762495 0.739173 0.71345 0.685381 0.655075 0.622698 0.588475 0.552687 0.515667 0.477795 0.439482 0.40116 0.36327 0.32624 0.290476 0.256345 0.224162 0.194184 0.1666 0.141531 0.119029 0.099082 0.081621 0.0665279 0.053646 0.0427901 0.0337577 0.0263379 0.0203207 0.0155036 0.0116974 0.00872984 0.00644826 0.00472056 0.0034354 0.00250153 0.00184676 0.00141667 0.00117345 
