1.65494e-05 1.72725e-05 1.94831e-05 2.33065e-05 2.89544e-05 3.67286e-05 4.70268e-05 6.03488e-05 7.73032e-05 9.86143e-05 0.000125128 0.000157817 0.000197783 0.000246257 0.000304595 0.00037427 0.000456856 0.000554011 0.000667453 0.00079892 0.000950141 0.00112278 0.0013184 0.00153839 0.00178393 0.00205589 0.00235482 0.00268087 0.00303372 0.00341257 0.00381607 0.00424231 0.00468883 0.00515257 0.00562992 0.00611677 0.00660853 0.0071002 0.00758645 0.00806175 0.00852038 0.00895666 0.00936494 0.00973983 0.0100762 0.0103694 0.0106153 0.0108104 0.0109518 0.0110375 0.0110662 0.0110375 0.0109518 0.0108104 0.0106153 0.0103694 0.0100762 0.00973983 0.00936494 0.00895666 0.00852038 0.00806175 0.00758645 0.0071002 0.00660853 0.00611677 0.00562992 0.00515257 0.00468883 0.00424231 0.00381607 0.00341257 0.00303372 0.00268087 0.00235482 0.00205589 0.00178393 0.00153839 0.0013184 0.00112278 0.000950141 0.00079892 0.000667453 0.000554011 0.000456856 0.00037427 0.000304595 0.000246257 0.000197783 0.000157817 0.000125128 9.86143e-05 7.73032e-05 6.03488e-05 4.70268e-05 3.67286e-05 2.89544e-05 2.33065e-05 1.94831e-05 1.72725e-05 
1.72725e-05 1.80254e-05 2.03272e-05 2.43079e-05 3.01868e-05 3.82773e-05 4.89915e-05 6.28476e-05 8.0476e-05 0.000102627 0.000130176 0.000164129 0.000205627 0.00025594 0.000316469 0.000388734 0.00047436 0.000575055 0.000692587 0.000828748 0.00098531 0.00116399 0.00136638 0.0015939 0.00184776 0.00212884 0.00243771 0.00277448 0.00313882 0.00352989 0.00394628 0.00438601 0.00484653 0.00532469 0.00581675 0.00631849 0.00682516 0.00733163 0.00783243 0.00832183 0.008794 0.00924308 0.00966328 0.0100491 0.0103952 0.0106968 0.0109498 0.0111504 0.0112959 0.011384 0.0114135 0.011384 0.0112959 0.0111504 0.0109498 0.0106968 0.0103952 0.0100491 0.00966328 0.00924308 0.008794 0.00832183 0.00783243 0.00733163 0.00682516 0.00631849 0.00581675 0.00532469 0.00484653 0.00438601 0.00394628 0.00352989 0.00313882 0.00277448 0.00243771 0.00212884 0.00184776 0.0015939 0.00136638 0.00116399 0.00098531 0.000828748 0.000692587 0.000575055 0.00047436 0.000388734 0.000316469 0.00025594 0.000205627 0.000164129 0.000130176 0.000102627 8.0476e-05 6.28476e-05 4.89915e-05 3.82773e-05 3.01868e-05 2.43079e-05 2.03272e-05 1.80254e-05 
1.94831e-05 2.03272e-05 2.29074e-05 2.73678e-05 3.3952e-05 4.30072e-05 5.49905e-05 7.04751e-05 9.01585e-05 0.000114869 0.000145573 0.000183378 0.000229539 0.000285451 0.00035265 0.000432799 0.000527672 0.000639134 0.000769105 0.000919528 0.00109232 0.00128934 0.00151228 0.00176269 0.00204181 0.00235058 0.00268957 0.00305886 0.00345805 0.00388615 0.0043416 0.00482221 0.00532515 0.00584696 0.00638358 0.00693037 0.00748219 0.00803344 0.00857821 0.0091103 0.00962341 0.0101112 0.0105674 0.0109861 0.0113616 0.0116888 0.0119631 0.0121807 0.0123384 0.0124339 0.0124659 0.0124339 0.0123384 0.0121807 0.0119631 0.0116888 0.0113616 0.0109861 0.0105674 0.0101112 0.00962341 0.0091103 0.00857821 0.00803344 0.00748219 0.00693037 0.00638358 0.00584696 0.00532515 0.00482221 0.0043416 0.00388615 0.00345805 0.00305886 0.00268957 0.00235058 0.00204181 0.00176269 0.00151228 0.00128934 0.00109232 0.000919528 0.000769105 0.000639134 0.000527672 0.000432799 0.00035265 0.000285451 0.000229539 0.000183378 0.000145573 0.000114869 9.01585e-05 7.04751e-05 5.49905e-05 4.30072e-05 3.3952e-05 2.73678e-05 2.29074e-05 2.03272e-05 
2.33065e-05 2.43079e-05 2.73678e-05 3.2655e-05 4.04543e-05 5.11713e-05 6.53395e-05 8.36269e-05 0.000106845 0.000135957 0.000172082 0.000216504 0.000270669 0.000336188 0.000414824 0.000508485 0.0006192 0.000749093 0.000900347 0.00107516 0.0012757 0.00150404 0.00176208 0.00205152 0.00237372 0.0027297 0.00312001 0.00354467 0.00400315 0.00449425 0.00501611 0.00556617 0.00614116 0.00673709 0.0073493 0.0079725 0.00860086 0.00922802 0.00984728 0.0104517 0.0110341 0.0115874 0.0121046 0.0125789 0.0130042 0.0133746 0.013685 0.0139311 0.0141095 0.0142175 0.0142537 0.0142175 0.0141095 0.0139311 0.013685 0.0133746 0.0130042 0.0125789 0.0121046 0.0115874 0.0110341 0.0104517 0.00984728 0.00922802 0.00860086 0.0079725 0.0073493 0.00673709 0.00614116 0.00556617 0.00501611 0.00449425 0.00400315 0.00354467 0.00312001 0.0027297 0.00237372 0.00205152 0.00176208 0.00150404 0.0012757 0.00107516 0.000900347 0.000749093 0.0006192 0.000508485 0.000414824 0.000336188 0.000270669 0.000216504 0.000172082 0.000135957 0.000106845 8.36269e-05 6.53395e-05 5.11713e-05 4.04543e-05 3.2655e-05 2.73678e-05 2.43079e-05 
2.89544e-05 3.01868e-05 3.3952e-05 4.04543e-05 5.00386e-05 6.31958e-05 8.05704e-05 0.000102969 0.000131368 0.000166926 0.000210986 0.000265083 0.000330947 0.000410493 0.000505818 0.000619179 0.000752971 0.000909692 0.0010919 0.00130216 0.00154299 0.00181677 0.0021257 0.00247168 0.00285625 0.00328049 0.00374496 0.00424959 0.00479362 0.00537555 0.0059931 0.00664316 0.0073218 0.0080243 0.00874513 0.00947807 0.0102163 0.0109523 0.0116784 0.0123863 0.013068 0.013715 0.0143194 0.0148735 0.0153699 0.015802 0.016164 0.016451 0.0166588 0.0167847 0.0168269 0.0167847 0.0166588 0.016451 0.016164 0.015802 0.0153699 0.0148735 0.0143194 0.013715 0.013068 0.0123863 0.0116784 0.0109523 0.0102163 0.00947807 0.00874513 0.0080243 0.0073218 0.00664316 0.0059931 0.00537555 0.00479362 0.00424959 0.00374496 0.00328049 0.00285625 0.00247168 0.0021257 0.00181677 0.00154299 0.00130216 0.0010919 0.000909692 0.000752971 0.000619179 0.000505818 0.000410493 0.000330947 0.000265083 0.000210986 0.000166926 0.000131368 0.000102969 8.05704e-05 6.31958e-05 5.00386e-05 4.04543e-05 3.3952e-05 3.01868e-05 
3.67286e-05 3.82773e-05 4.30072e-05 5.11713e-05 6.31958e-05 7.96868e-05 0.000101439 0.000129445 0.000164906 0.000209242 0.000264098 0.000331348 0.000413097 0.000511673 0.000629614 0.000769646 0.00093465 0.00112762 0.00135161 0.00160966 0.00190476 0.00223969 0.00261702 0.00303892 0.00350715 0.00402288 0.00458664 0.00519821 0.00585655 0.00655973 0.00730489 0.00808818 0.00890482 0.00974904 0.0106142 0.0114929 0.0123768 0.0132572 0.0141247 0.0149698 0.0157828 0.0165538 0.0172735 0.0179328 0.0185231 0.0190368 0.0194669 0.0198076 0.0200545 0.0202039 0.020254 0.0202039 0.0200545 0.0198076 0.0194669 0.0190368 0.0185231 0.0179328 0.0172735 0.0165538 0.0157828 0.0149698 0.0141247 0.0132572 0.0123768 0.0114929 0.0106142 0.00974904 0.00890482 0.00808818 0.00730489 0.00655973 0.00585655 0.00519821 0.00458664 0.00402288 0.00350715 0.00303892 0.00261702 0.00223969 0.00190476 0.00160966 0.00135161 0.00112762 0.00093465 0.000769646 0.000629614 0.000511673 0.000413097 0.000331348 0.000264098 0.000209242 0.000164906 0.000129445 0.000101439 7.96868e-05 6.31958e-05 5.11713e-05 4.30072e-05 3.82773e-05 
4.70268e-05 4.89915e-05 5.49905e-05 6.53395e-05 8.05704e-05 0.000101439 0.000128934 0.000164291 0.000209 0.00026482 0.000333782 0.0004182 0.00052066 0.000644019 0.000791378 0.000966061 0.00117157 0.00141152 0.00168959 0.00200944 0.00237461 0.00278842 0.00325385 0.00377344 0.00434917 0.00498232 0.00567337 0.00642188 0.00722642 0.0080845 0.00899248 0.00994559 0.0109379 0.0119624 0.013011 0.0140746 0.0151433 0.0162066 0.0172532 0.0182718 0.0192507 0.0201784 0.0210437 0.0218357 0.0225445 0.0231608 0.0236767 0.0240853 0.0243811 0.0245603 0.0246202 0.0245603 0.0243811 0.0240853 0.0236767 0.0231608 0.0225445 0.0218357 0.0210437 0.0201784 0.0192507 0.0182718 0.0172532 0.0162066 0.0151433 0.0140746 0.013011 0.0119624 0.0109379 0.00994559 0.00899248 0.0080845 0.00722642 0.00642188 0.00567337 0.00498232 0.00434917 0.00377344 0.00325385 0.00278842 0.00237461 0.00200944 0.00168959 0.00141152 0.00117157 0.000966061 0.000791378 0.000644019 0.00052066 0.0004182 0.000333782 0.00026482 0.000209 0.000164291 0.000128934 0.000101439 8.05704e-05 6.53395e-05 5.49905e-05 4.89915e-05 
6.03488e-05 6.28476e-05 7.04751e-05 8.36269e-05 0.000102969 0.000129445 0.000164291 0.000209047 0.000265567 0.000336035 0.000422972 0.000529235 0.000658017 0.00081283 0.000997478 0.00121602 0.00147273 0.00177198 0.00211824 0.00251589 0.00296915 0.00348198 0.00405787 0.00469976 0.0054099 0.00618965 0.00703939 0.0079584 0.00894473 0.00999515 0.0111051 0.0122685 0.0134782 0.0147254 0.0160003 0.0172919 0.0185882 0.0198764 0.0211432 0.0223747 0.0235572 0.0246769 0.0257204 0.0266749 0.0275285 0.0282704 0.0288912 0.0293826 0.0297383 0.0299537 0.0300258 0.0299537 0.0297383 0.0293826 0.0288912 0.0282704 0.0275285 0.0266749 0.0257204 0.0246769 0.0235572 0.0223747 0.0211432 0.0198764 0.0185882 0.0172919 0.0160003 0.0147254 0.0134782 0.0122685 0.0111051 0.00999515 0.00894473 0.0079584 0.00703939 0.00618965 0.0054099 0.00469976 0.00405787 0.00348198 0.00296915 0.00251589 0.00211824 0.00177198 0.00147273 0.00121602 0.000997478 0.00081283 0.000658017 0.000529235 0.000422972 0.000336035 0.000265567 0.000209047 0.000164291 0.000129445 0.000102969 8.36269e-05 7.04751e-05 6.28476e-05 
7.73032e-05 8.0476e-05 9.01585e-05 0.000106845 0.000131368 0.000164906 0.000209 0.000265567 0.000336911 0.000425744 0.000535183 0.000668758 0.000830403 0.00102443 0.0012555 0.00152857 0.00184882 0.00222158 0.00265221 0.00314599 0.00370794 0.00434274 0.00505449 0.00584659 0.00672154 0.00768077 0.00872452 0.00985165 0.0110596 0.0123441 0.0136994 0.0151181 0.0165911 0.0181079 0.0196564 0.0212232 0.0227938 0.0243529 0.0258844 0.0273719 0.0287987 0.0301486 0.0314057 0.0325547 0.0335817 0.0344738 0.0352198 0.0358103 0.0362376 0.0364962 0.0365827 0.0364962 0.0362376 0.0358103 0.0352198 0.0344738 0.0335817 0.0325547 0.0314057 0.0301486 0.0287987 0.0273719 0.0258844 0.0243529 0.0227938 0.0212232 0.0196564 0.0181079 0.0165911 0.0151181 0.0136994 0.0123441 0.0110596 0.00985165 0.00872452 0.00768077 0.00672154 0.00584659 0.00505449 0.00434274 0.00370794 0.00314599 0.00265221 0.00222158 0.00184882 0.00152857 0.0012555 0.00102443 0.000830403 0.000668758 0.000535183 0.000425744 0.000336911 0.000265567 0.000209 0.000164906 0.000131368 0.000106845 9.01585e-05 8.0476e-05 
9.86143e-05 0.000102627 0.000114869 0.000135957 0.000166926 0.000209242 0.00026482 0.000336035 0.000425744 0.000537294 0.00067453 0.000841797 0.00104392 0.00128617 0.00157424 0.00191416 0.0023122 0.00277479 0.00330837 0.00391924 0.00461338 0.00539627 0.00627271 0.00724657 0.00832063 0.00949635 0.0107737 0.012151 0.0136249 0.0151899 0.0168388 0.0185625 0.0203496 0.0221874 0.0240612 0.0259548 0.0278508 0.0297307 0.0315754 0.0333652 0.0350805 0.0367018 0.0382105 0.0395885 0.0408194 0.041888 0.0427813 0.0434879 0.0439992 0.0443085 0.0444121 0.0443085 0.0439992 0.0434879 0.0427813 0.041888 0.0408194 0.0395885 0.0382105 0.0367018 0.0350805 0.0333652 0.0315754 0.0297307 0.0278508 0.0259548 0.0240612 0.0221874 0.0203496 0.0185625 0.0168388 0.0151899 0.0136249 0.012151 0.0107737 0.00949635 0.00832063 0.00724657 0.00627271 0.00539627 0.00461338 0.00391924 0.00330837 0.00277479 0.0023122 0.00191416 0.00157424 0.00128617 0.00104392 0.000841797 0.00067453 0.000537294 0.000425744 0.000336035 0.00026482 0.000209242 0.000166926 0.000135957 0.000114869 0.000102627 
0.000125128 0.000130176 0.000145573 0.000172082 0.000210986 0.000264098 0.000333782 0.000422972 0.000535183 0.00067453 0.000845732 0.0010541 0.00130552 0.00160643 0.00196371 0.00238465 0.00287683 0.00344795 0.00410569 0.00485753 0.00571054 0.00667111 0.00774478 0.00893594 0.0102476 0.0116812 0.0132364 0.0149108 0.0166998 0.0185966 0.0205923 0.0226754 0.0248324 0.0270475 0.0293029 0.0315794 0.033856 0.0361107 0.0383207 0.0404628 0.0425138 0.0444507 0.0462515 0.0478952 0.0493624 0.0506355 0.0516992 0.0525404 0.0531488 0.0535168 0.05364 0.0535168 0.0531488 0.0525404 0.0516992 0.0506355 0.0493624 0.0478952 0.0462515 0.0444507 0.0425138 0.0404628 0.0383207 0.0361107 0.033856 0.0315794 0.0293029 0.0270475 0.0248324 0.0226754 0.0205923 0.0185966 0.0166998 0.0149108 0.0132364 0.0116812 0.0102476 0.00893594 0.00774478 0.00667111 0.00571054 0.00485753 0.00410569 0.00344795 0.00287683 0.00238465 0.00196371 0.00160643 0.00130552 0.0010541 0.000845732 0.00067453 0.000535183 0.000422972 0.000333782 0.000264098 0.000210986 0.000172082 0.000145573 0.000130176 
0.000157817 0.000164129 0.000183378 0.000216504 0.000265083 0.000331348 0.0004182 0.000529235 0.000668758 0.000841797 0.0010541 0.00131213 0.00162303 0.00199457 0.00243505 0.00295325 0.00355821 0.00425912 0.00506509 0.00598494 0.00702691 0.00819845 0.00950587 0.0109541 0.0125463 0.0142839 0.0161659 0.018189 0.0203473 0.0226324 0.025033 0.0275352 0.0301224 0.0327756 0.0354737 0.0381934 0.04091 0.0435972 0.0462282 0.0487758 0.0512125 0.0535117 0.0556475 0.0575955 0.0593332 0.0608402 0.0620987 0.0630935 0.0638128 0.0642479 0.0643935 0.0642479 0.0638128 0.0630935 0.0620987 0.0608402 0.0593332 0.0575955 0.0556475 0.0535117 0.0512125 0.0487758 0.0462282 0.0435972 0.04091 0.0381934 0.0354737 0.0327756 0.0301224 0.0275352 0.025033 0.0226324 0.0203473 0.018189 0.0161659 0.0142839 0.0125463 0.0109541 0.00950587 0.00819845 0.00702691 0.00598494 0.00506509 0.00425912 0.00355821 0.00295325 0.00243505 0.00199457 0.00162303 0.00131213 0.0010541 0.000841797 0.000668758 0.000529235 0.0004182 0.000331348 0.000265083 0.000216504 0.000183378 0.000164129 
0.000197783 0.000205627 0.000229539 0.000270669 0.000330947 0.000413097 0.00052066 0.000658017 0.000830403 0.00104392 0.00130552 0.00162303 0.00200504 0.00246088 0.0030005 0.00363437 0.00437323 0.00522794 0.00620924 0.00732743 0.00859209 0.0100117 0.0115936 0.0133429 0.0152632 0.0173555 0.0196181 0.0220466 0.0246335 0.027368 0.0302365 0.033222 0.0363046 0.0394614 0.0426672 0.0458945 0.0491139 0.0522948 0.0554056 0.0584145 0.0612895 0.0639998 0.0665153 0.0688079 0.0708516 0.0726229 0.0741013 0.0752695 0.076114 0.0766247 0.0767956 0.0766247 0.076114 0.0752695 0.0741013 0.0726229 0.0708516 0.0688079 0.0665153 0.0639998 0.0612895 0.0584145 0.0554056 0.0522948 0.0491139 0.0458945 0.0426672 0.0394614 0.0363046 0.033222 0.0302365 0.027368 0.0246335 0.0220466 0.0196181 0.0173555 0.0152632 0.0133429 0.0115936 0.0100117 0.00859209 0.00732743 0.00620924 0.00522794 0.00437323 0.00363437 0.0030005 0.00246088 0.00200504 0.00162303 0.00130552 0.00104392 0.000830403 0.000658017 0.00052066 0.000413097 0.000330947 0.000270669 0.000229539 0.000205627 
0.000246257 0.00025594 0.000285451 0.000336188 0.000410493 0.000511673 0.000644019 0.00081283 0.00102443 0.00128617 0.00160643 0.00199457 0.00246088 0.00301649 0.00367324 0.0044435 0.00533996 0.00637537 0.00756225 0.00891255 0.0104373 0.0121462 0.0140472 0.0161462 0.0184466 0.020949 0.0236507 0.026546 0.0296253 0.0328753 0.0362793 0.0398168 0.043464 0.0471937 0.050976 0.0547785 0.0585668 0.0623052 0.0659569 0.069485 0.0728527 0.0760244 0.0789655 0.0816439 0.0840298 0.0860965 0.0878205 0.0891823 0.0901663 0.0907612 0.0909603 0.0907612 0.0901663 0.0891823 0.0878205 0.0860965 0.0840298 0.0816439 0.0789655 0.0760244 0.0728527 0.069485 0.0659569 0.0623052 0.0585668 0.0547785 0.050976 0.0471937 0.043464 0.0398168 0.0362793 0.0328753 0.0296253 0.026546 0.0236507 0.020949 0.0184466 0.0161462 0.0140472 0.0121462 0.0104373 0.00891255 0.00756225 0.00637537 0.00533996 0.0044435 0.00367324 0.00301649 0.00246088 0.00199457 0.00160643 0.00128617 0.00102443 0.00081283 0.000644019 0.000511673 0.000410493 0.000336188 0.000285451 0.00025594 
0.000304595 0.000316469 0.00035265 0.000414824 0.000505818 0.000629614 0.000791378 0.000997478 0.0012555 0.00157424 0.00196371 0.00243505 0.0030005 0.00367324 0.00446722 0.005397 0.00647743 0.00772335 0.00914927 0.0107689 0.0125948 0.014638 0.0169071 0.0194084 0.0221453 0.0251177 0.0283217 0.0317495 0.0353894 0.0392251 0.0432362 0.0473982 0.0516827 0.0560578 0.0604882 0.0649362 0.0693617 0.0737232 0.0779785 0.082085 0.0860007 0.0896846 0.0930978 0.0962035 0.098968 0.101361 0.103356 0.104932 0.10607 0.106757 0.106988 0.106757 0.10607 0.104932 0.103356 0.101361 0.098968 0.0962035 0.0930978 0.0896846 0.0860007 0.082085 0.0779785 0.0737232 0.0693617 0.0649362 0.0604882 0.0560578 0.0516827 0.0473982 0.0432362 0.0392251 0.0353894 0.0317495 0.0283217 0.0251177 0.0221453 0.0194084 0.0169071 0.014638 0.0125948 0.0107689 0.00914927 0.00772335 0.00647743 0.005397 0.00446722 0.00367324 0.0030005 0.00243505 0.00196371 0.00157424 0.0012555 0.000997478 0.000791378 0.000629614 0.000505818 0.000414824 0.00035265 0.000316469 
0.00037427 0.000388734 0.000432799 0.000508485 0.000619179 0.000769646 0.000966061 0.00121602 0.00152857 0.00191416 0.00238465 0.00295325 0.00363437 0.0044435 0.005397 0.00651185 0.00780529 0.00929448 0.0109961 0.0129257 0.0150975 0.0175237 0.0202137 0.0231742 0.026408 0.0299143 0.0336875 0.0377177 0.0419902 0.0464852 0.0511782 0.0560402 0.0610376 0.0661328 0.0712849 0.07645 0.081582 0.0866332 0.0915552 0.0962994 0.100818 0.105065 0.108996 0.11257 0.115749 0.118499 0.12079 0.122599 0.123905 0.124694 0.124958 0.124694 0.123905 0.122599 0.12079 0.118499 0.115749 0.11257 0.108996 0.105065 0.100818 0.0962994 0.0915552 0.0866332 0.081582 0.07645 0.0712849 0.0661328 0.0610376 0.0560402 0.0511782 0.0464852 0.0419902 0.0377177 0.0336875 0.0299143 0.026408 0.0231742 0.0202137 0.0175237 0.0150975 0.0129257 0.0109961 0.00929448 0.00780529 0.00651185 0.005397 0.0044435 0.00363437 0.00295325 0.00238465 0.00191416 0.00152857 0.00121602 0.000966061 0.000769646 0.000619179 0.000508485 0.000432799 0.000388734 
0.000456856 0.00047436 0.000527672 0.0006192 0.000752971 0.00093465 0.00117157 0.00147273 0.00184882 0.0023122 0.00287683 0.00355821 0.00437323 0.00533996 0.00647743 0.00780529 0.00934341 0.0111115 0.0131284 0.0154119 0.0179777 0.0208392 0.0240067 0.0274866 0.0312815 0.0353891 0.039802 0.0445075 0.0494875 0.0547181 0.0601704 0.0658097 0.0715968 0.0774881 0.0834362 0.0893905 0.0952982 0.101105 0.106756 0.112196 0.117372 0.122231 0.126724 0.130806 0.134433 0.137569 0.14018 0.14224 0.143727 0.144626 0.144927 0.144626 0.143727 0.14224 0.14018 0.137569 0.134433 0.130806 0.126724 0.122231 0.117372 0.112196 0.106756 0.101105 0.0952982 0.0893905 0.0834362 0.0774881 0.0715968 0.0658097 0.0601704 0.0547181 0.0494875 0.0445075 0.039802 0.0353891 0.0312815 0.0274866 0.0240067 0.0208392 0.0179777 0.0154119 0.0131284 0.0111115 0.00934341 0.00780529 0.00647743 0.00533996 0.00437323 0.00355821 0.00287683 0.0023122 0.00184882 0.00147273 0.00117157 0.00093465 0.000752971 0.0006192 0.000527672 0.00047436 
0.000554011 0.000575055 0.000639134 0.000749093 0.000909692 0.00112762 0.00141152 0.00177198 0.00222158 0.00277479 0.00344795 0.00425912 0.00522794 0.00637537 0.00772335 0.00929448 0.0111115 0.0131967 0.0155715 0.0182557 0.0212667 0.0246191 0.0283235 0.0323864 0.0368094 0.0415885 0.0467141 0.0521701 0.0579345 0.0639789 0.0702686 0.0767633 0.0834175 0.0901806 0.0969981 0.103813 0.110564 0.11719 0.12363 0.129822 0.135706 0.141224 0.146321 0.150947 0.155055 0.158603 0.161557 0.163885 0.165566 0.166581 0.16692 0.166581 0.165566 0.163885 0.161557 0.158603 0.155055 0.150947 0.146321 0.141224 0.135706 0.129822 0.12363 0.11719 0.110564 0.103813 0.0969981 0.0901806 0.0834175 0.0767633 0.0702686 0.0639789 0.0579345 0.0521701 0.0467141 0.0415885 0.0368094 0.0323864 0.0283235 0.0246191 0.0212667 0.0182557 0.0155715 0.0131967 0.0111115 0.00929448 0.00772335 0.00637537 0.00522794 0.00425912 0.00344795 0.00277479 0.00222158 0.00177198 0.00141152 0.00112762 0.000909692 0.000749093 0.000639134 0.000575055 
0.000667453 0.000692587 0.000769105 0.000900347 0.0010919 0.00135161 0.00168959 0.00211824 0.00265221 0.00330837 0.00410569 0.00506509 0.00620924 0.00756225 0.00914927 0.0109961 0.0131284 0.0155715 0.0183493 0.0214837 0.0249938 0.0288949 0.0331984 0.0379102 0.0430305 0.0485534 0.0544663 0.0607494 0.0673759 0.0743122 0.0815176 0.0889453 0.0965425 0.104251 0.11201 0.119753 0.127412 0.134919 0.142204 0.1492 0.155839 0.162058 0.167797 0.173 0.177617 0.181602 0.184917 0.187529 0.189413 0.190551 0.190932 0.190551 0.189413 0.187529 0.184917 0.181602 0.177617 0.173 0.167797 0.162058 0.155839 0.1492 0.142204 0.134919 0.127412 0.119753 0.11201 0.104251 0.0965425 0.0889453 0.0815176 0.0743122 0.0673759 0.0607494 0.0544663 0.0485534 0.0430305 0.0379102 0.0331984 0.0288949 0.0249938 0.0214837 0.0183493 0.0155715 0.0131284 0.0109961 0.00914927 0.00756225 0.00620924 0.00506509 0.00410569 0.00330837 0.00265221 0.00211824 0.00168959 0.00135161 0.0010919 0.000900347 0.000769105 0.000692587 
0.00079892 0.000828748 0.000919528 0.00107516 0.00130216 0.00160966 0.00200944 0.00251589 0.00314599 0.00391924 0.00485753 0.00598494 0.00732743 0.00891255 0.0107689 0.0129257 0.0154119 0.0182557 0.0214837 0.0251199 0.0291848 0.0336949 0.0386614 0.0440894 0.0499776 0.0563175 0.0630927 0.0702794 0.0778453 0.0857508 0.0939486 0.102384 0.110998 0.119723 0.12849 0.137225 0.145853 0.154296 0.162478 0.170324 0.177761 0.184718 0.191132 0.196941 0.20209 0.206532 0.210224 0.213131 0.215228 0.216494 0.216917 0.216494 0.215228 0.213131 0.210224 0.206532 0.20209 0.196941 0.191132 0.184718 0.177761 0.170324 0.162478 0.154296 0.145853 0.137225 0.12849 0.119723 0.110998 0.102384 0.0939486 0.0857508 0.0778453 0.0702794 0.0630927 0.0563175 0.0499776 0.0440894 0.0386614 0.0336949 0.0291848 0.0251199 0.0214837 0.0182557 0.0154119 0.0129257 0.0107689 0.00891255 0.00732743 0.00598494 0.00485753 0.00391924 0.00314599 0.00251589 0.00200944 0.00160966 0.00130216 0.00107516 0.000919528 0.000828748 
0.000950141 0.00098531 0.00109232 0.0012757 0.00154299 0.00190476 0.00237461 0.00296915 0.00370794 0.00461338 0.00571054 0.00702691 0.00859209 0.0104373 0.0125948 0.0150975 0.0179777 0.0212667 0.0249938 0.0291848 0.033862 0.0390423 0.0447365 0.0509488 0.0576756 0.0649053 0.0726174 0.0807828 0.0893635 0.098313 0.107577 0.117092 0.126791 0.136598 0.146436 0.156221 0.16587 0.175299 0.184422 0.193158 0.201428 0.209155 0.216269 0.222706 0.228407 0.233321 0.237402 0.240615 0.24293 0.244328 0.244795 0.244328 0.24293 0.240615 0.237402 0.233321 0.228407 0.222706 0.216269 0.209155 0.201428 0.193158 0.184422 0.175299 0.16587 0.156221 0.146436 0.136598 0.126791 0.117092 0.107577 0.098313 0.0893635 0.0807828 0.0726174 0.0649053 0.0576756 0.0509488 0.0447365 0.0390423 0.033862 0.0291848 0.0249938 0.0212667 0.0179777 0.0150975 0.0125948 0.0104373 0.00859209 0.00702691 0.00571054 0.00461338 0.00370794 0.00296915 0.00237461 0.00190476 0.00154299 0.0012757 0.00109232 0.00098531 
0.00112278 0.00116399 0.00128934 0.00150404 0.00181677 0.00223969 0.00278842 0.00348198 0.00434274 0.00539627 0.00667111 0.00819845 0.0100117 0.0121462 0.014638 0.0175237 0.0208392 0.0246191 0.0288949 0.0336949 0.0390423 0.0449542 0.051441 0.0585052 0.0661404 0.0743313 0.0830525 0.0922692 0.101937 0.112001 0.122399 0.13306 0.143907 0.154856 0.165819 0.176705 0.187422 0.197877 0.207978 0.217636 0.226765 0.235285 0.24312 0.250201 0.256466 0.261861 0.266339 0.269862 0.272401 0.273932 0.274444 0.273932 0.272401 0.269862 0.266339 0.261861 0.256466 0.250201 0.24312 0.235285 0.226765 0.217636 0.207978 0.197877 0.187422 0.176705 0.165819 0.154856 0.143907 0.13306 0.122399 0.112001 0.101937 0.0922692 0.0830525 0.0743313 0.0661404 0.0585052 0.051441 0.0449542 0.0390423 0.0336949 0.0288949 0.0246191 0.0208392 0.0175237 0.014638 0.0121462 0.0100117 0.00819845 0.00667111 0.00539627 0.00434274 0.00348198 0.00278842 0.00223969 0.00181677 0.00150404 0.00128934 0.00116399 
0.0013184 0.00136638 0.00151228 0.00176208 0.0021257 0.00261702 0.00325385 0.00405787 0.00505449 0.00627271 0.00774478 0.00950587 0.0115936 0.0140472 0.0169071 0.0202137 0.0240067 0.0283235 0.0331984 0.0386614 0.0447365 0.051441 0.0587842 0.0667662 0.0753775 0.0845981 0.0943973 0.104734 0.115555 0.126799 0.138394 0.15026 0.16231 0.174451 0.186586 0.198615 0.210436 0.221949 0.233055 0.243657 0.253664 0.262991 0.271557 0.27929 0.286126 0.292006 0.296884 0.300719 0.303481 0.305147 0.305704 0.305147 0.303481 0.300719 0.296884 0.292006 0.286126 0.27929 0.271557 0.262991 0.253664 0.243657 0.233055 0.221949 0.210436 0.198615 0.186586 0.174451 0.16231 0.15026 0.138394 0.126799 0.115555 0.104734 0.0943973 0.0845981 0.0753775 0.0667662 0.0587842 0.051441 0.0447365 0.0386614 0.0331984 0.0283235 0.0240067 0.0202137 0.0169071 0.0140472 0.0115936 0.00950587 0.00774478 0.00627271 0.00505449 0.00405787 0.00325385 0.00261702 0.0021257 0.00176208 0.00151228 0.00136638 
0.00153839 0.0015939 0.00176269 0.00205152 0.00247168 0.00303892 0.00377344 0.00469976 0.00584659 0.00724657 0.00893594 0.0109541 0.0133429 0.0161462 0.0194084 0.0231742 0.0274866 0.0323864 0.0379102 0.0440894 0.0509488 0.0585052 0.0667662 0.0757292 0.0853807 0.0956955 0.106637 0.118155 0.130191 0.142673 0.155519 0.168641 0.181941 0.195316 0.208659 0.221861 0.234813 0.247405 0.259531 0.27109 0.281983 0.292122 0.301421 0.309807 0.317211 0.323575 0.32885 0.332994 0.335977 0.337776 0.338377 0.337776 0.335977 0.332994 0.32885 0.323575 0.317211 0.309807 0.301421 0.292122 0.281983 0.27109 0.259531 0.247405 0.234813 0.221861 0.208659 0.195316 0.181941 0.168641 0.155519 0.142673 0.130191 0.118155 0.106637 0.0956955 0.0853807 0.0757292 0.0667662 0.0585052 0.0509488 0.0440894 0.0379102 0.0323864 0.0274866 0.0231742 0.0194084 0.0161462 0.0133429 0.0109541 0.00893594 0.00724657 0.00584659 0.00469976 0.00377344 0.00303892 0.00247168 0.00205152 0.00176269 0.0015939 
0.00178393 0.00184776 0.00204181 0.00237372 0.00285625 0.00350715 0.00434917 0.0054099 0.00672154 0.00832063 0.0102476 0.0125463 0.0152632 0.0184466 0.0221453 0.026408 0.0312815 0.0368094 0.0430305 0.0499776 0.0576756 0.0661404 0.0753775 0.0853807 0.0961319 0.1076 0.119741 0.132497 0.1458 0.159569 0.173713 0.188131 0.202716 0.217355 0.231932 0.246327 0.260424 0.274105 0.287257 0.299773 0.31155 0.322495 0.332521 0.341551 0.349515 0.356353 0.362017 0.366464 0.369662 0.371591 0.372235 0.371591 0.369662 0.366464 0.362017 0.356353 0.349515 0.341551 0.332521 0.322495 0.31155 0.299773 0.287257 0.274105 0.260424 0.246327 0.231932 0.217355 0.202716 0.188131 0.173713 0.159569 0.1458 0.132497 0.119741 0.1076 0.0961319 0.0853807 0.0753775 0.0661404 0.0576756 0.0499776 0.0430305 0.0368094 0.0312815 0.026408 0.0221453 0.0184466 0.0152632 0.0125463 0.0102476 0.00832063 0.00672154 0.0054099 0.00434917 0.00350715 0.00285625 0.00237372 0.00204181 0.00184776 
0.00205589 0.00212884 0.00235058 0.0027297 0.00328049 0.00402288 0.00498232 0.00618965 0.00768077 0.00949635 0.0116812 0.0142839 0.0173555 0.020949 0.0251177 0.0299143 0.0353891 0.0415885 0.0485534 0.0563175 0.0649053 0.0743313 0.0845981 0.0956955 0.1076 0.120273 0.133664 0.147706 0.162321 0.177416 0.192892 0.208636 0.224531 0.240453 0.256276 0.271873 0.287116 0.301883 0.316054 0.329517 0.342165 0.353902 0.364637 0.374294 0.3828 0.390098 0.396136 0.400874 0.40428 0.406333 0.407019 0.406333 0.40428 0.400874 0.396136 0.390098 0.3828 0.374294 0.364637 0.353902 0.342165 0.329517 0.316054 0.301883 0.287116 0.271873 0.256276 0.240453 0.224531 0.208636 0.192892 0.177416 0.162321 0.147706 0.133664 0.120273 0.1076 0.0956955 0.0845981 0.0743313 0.0649053 0.0563175 0.0485534 0.0415885 0.0353891 0.0299143 0.0251177 0.020949 0.0173555 0.0142839 0.0116812 0.00949635 0.00768077 0.00618965 0.00498232 0.00402288 0.00328049 0.0027297 0.00235058 0.00212884 
0.00235482 0.00243771 0.00268957 0.00312001 0.00374496 0.00458664 0.00567337 0.00703939 0.00872452 0.0107737 0.0132364 0.0161659 0.0196181 0.0236507 0.0283217 0.0336875 0.039802 0.0467141 0.0544663 0.0630927 0.0726174 0.0830525 0.0943973 0.106637 0.119741 0.133664 0.148346 0.163712 0.179671 0.196123 0.212954 0.230043 0.247259 0.26447 0.28154 0.298332 0.314713 0.330551 0.345722 0.36011 0.373604 0.386106 0.397526 0.407783 0.416809 0.424543 0.430937 0.43595 0.439553 0.441723 0.442448 0.441723 0.439553 0.43595 0.430937 0.424543 0.416809 0.407783 0.397526 0.386106 0.373604 0.36011 0.345722 0.330551 0.314713 0.298332 0.28154 0.26447 0.247259 0.230043 0.212954 0.196123 0.179671 0.163712 0.148346 0.133664 0.119741 0.106637 0.0943973 0.0830525 0.0726174 0.0630927 0.0544663 0.0467141 0.039802 0.0336875 0.0283217 0.0236507 0.0196181 0.0161659 0.0132364 0.0107737 0.00872452 0.00703939 0.00567337 0.00458664 0.00374496 0.00312001 0.00268957 0.00243771 
0.00268087 0.00277448 0.00305886 0.00354467 0.00424959 0.00519821 0.00642188 0.0079584 0.00985165 0.012151 0.0149108 0.018189 0.0220466 0.026546 0.0317495 0.0377177 0.0445075 0.0521701 0.0607494 0.0702794 0.0807828 0.0922692 0.104734 0.118155 0.132497 0.147706 0.163712 0.180428 0.197756 0.215581 0.23378 0.252218 0.270756 0.289249 0.307553 0.325523 0.343017 0.359899 0.37604 0.39132 0.405626 0.418858 0.430926 0.441751 0.451264 0.459407 0.466132 0.471402 0.475186 0.477465 0.478225 0.477465 0.475186 0.471402 0.466132 0.459407 0.451264 0.441751 0.430926 0.418858 0.405626 0.39132 0.37604 0.359899 0.343017 0.325523 0.307553 0.289249 0.270756 0.252218 0.23378 0.215581 0.197756 0.180428 0.163712 0.147706 0.132497 0.118155 0.104734 0.0922692 0.0807828 0.0702794 0.0607494 0.0521701 0.0445075 0.0377177 0.0317495 0.026546 0.0220466 0.018189 0.0149108 0.012151 0.00985165 0.0079584 0.00642188 0.00519821 0.00424959 0.00354467 0.00305886 0.00277448 
0.00303372 0.00313882 0.00345805 0.00400315 0.00479362 0.00585655 0.00722642 0.00894473 0.0110596 0.0136249 0.0166998 0.0203473 0.0246335 0.0296253 0.0353894 0.0419902 0.0494875 0.0579345 0.0673759 0.0778453 0.0893635 0.101937 0.115555 0.130191 0.1458 0.162321 0.179671 0.197756 0.216463 0.235667 0.255232 0.275013 0.294859 0.314615 0.334128 0.353245 0.371818 0.389705 0.406774 0.422901 0.437974 0.451892 0.464565 0.475916 0.485879 0.494397 0.501425 0.506928 0.510877 0.513254 0.514047 0.513254 0.510877 0.506928 0.501425 0.494397 0.485879 0.475916 0.464565 0.451892 0.437974 0.422901 0.406774 0.389705 0.371818 0.353245 0.334128 0.314615 0.294859 0.275013 0.255232 0.235667 0.216463 0.197756 0.179671 0.162321 0.1458 0.130191 0.115555 0.101937 0.0893635 0.0778453 0.0673759 0.0579345 0.0494875 0.0419902 0.0353894 0.0296253 0.0246335 0.0203473 0.0166998 0.0136249 0.0110596 0.00894473 0.00722642 0.00585655 0.00479362 0.00400315 0.00345805 0.00313882 
0.00341257 0.00352989 0.00388615 0.00449425 0.00537555 0.00655973 0.0080845 0.00999515 0.0123441 0.0151899 0.0185966 0.0226324 0.027368 0.0328753 0.0392251 0.0464852 0.0547181 0.0639789 0.0743122 0.0857508 0.098313 0.112001 0.126799 0.142673 0.159569 0.177416 0.196123 0.215581 0.235667 0.256243 0.277162 0.298266 0.319393 0.340381 0.361066 0.381287 0.400892 0.419734 0.437679 0.4546 0.470386 0.484937 0.498165 0.509996 0.520365 0.529219 0.536518 0.542227 0.546322 0.548786 0.549608 0.548786 0.546322 0.542227 0.536518 0.529219 0.520365 0.509996 0.498165 0.484937 0.470386 0.4546 0.437679 0.419734 0.400892 0.381287 0.361066 0.340381 0.319393 0.298266 0.277162 0.256243 0.235667 0.215581 0.196123 0.177416 0.159569 0.142673 0.126799 0.112001 0.098313 0.0857508 0.0743122 0.0639789 0.0547181 0.0464852 0.0392251 0.0328753 0.027368 0.0226324 0.0185966 0.0151899 0.0123441 0.00999515 0.0080845 0.00655973 0.00537555 0.00449425 0.00388615 0.00352989 
0.00381607 0.00394628 0.0043416 0.00501611 0.0059931 0.00730489 0.00899248 0.0111051 0.0136994 0.0168388 0.0205923 0.025033 0.0302365 0.0362793 0.0432362 0.0511782 0.0601704 0.0702686 0.0815176 0.0939486 0.107577 0.122399 0.138394 0.155519 0.173713 0.192892 0.212954 0.23378 0.255232 0.277162 0.299408 0.321804 0.344176 0.366351 0.388158 0.409431 0.430011 0.449749 0.468507 0.486162 0.5026 0.517725 0.531451 0.543707 0.554435 0.563584 0.571117 0.577005 0.581225 0.583763 0.58461 0.583763 0.581225 0.577005 0.571117 0.563584 0.554435 0.543707 0.531451 0.517725 0.5026 0.486162 0.468507 0.449749 0.430011 0.409431 0.388158 0.366351 0.344176 0.321804 0.299408 0.277162 0.255232 0.23378 0.212954 0.192892 0.173713 0.155519 0.138394 0.122399 0.107577 0.0939486 0.0815176 0.0702686 0.0601704 0.0511782 0.0432362 0.0362793 0.0302365 0.025033 0.0205923 0.0168388 0.0136994 0.0111051 0.00899248 0.00730489 0.0059931 0.00501611 0.0043416 0.00394628 
0.00424231 0.00438601 0.00482221 0.00556617 0.00664316 0.00808818 0.00994559 0.0122685 0.0151181 0.0185625 0.0226754 0.0275352 0.033222 0.0398168 0.0473982 0.0560402 0.0658097 0.0767633 0.0889453 0.102384 0.117092 0.13306 0.15026 0.168641 0.188131 0.208636 0.230043 0.252218 0.275013 0.298266 0.321804 0.345447 0.369015 0.392323 0.415194 0.437456 0.458945 0.479511 0.499015 0.517334 0.534357 0.54999 0.564154 0.57678 0.587814 0.597214 0.604944 0.61098 0.615304 0.617903 0.61877 0.617903 0.615304 0.61098 0.604944 0.597214 0.587814 0.57678 0.564154 0.54999 0.534357 0.517334 0.499015 0.479511 0.458945 0.437456 0.415194 0.392323 0.369015 0.345447 0.321804 0.298266 0.275013 0.252218 0.230043 0.208636 0.188131 0.168641 0.15026 0.13306 0.117092 0.102384 0.0889453 0.0767633 0.0658097 0.0560402 0.0473982 0.0398168 0.033222 0.0275352 0.0226754 0.0185625 0.0151181 0.0122685 0.00994559 0.00808818 0.00664316 0.00556617 0.00482221 0.00438601 
0.00468883 0.00484653 0.00532515 0.00614116 0.0073218 0.00890482 0.0109379 0.0134782 0.0165911 0.0203496 0.0248324 0.0301224 0.0363046 0.043464 0.0516827 0.0610376 0.0715968 0.0834175 0.0965425 0.110998 0.126791 0.143907 0.16231 0.181941 0.202716 0.224531 0.247259 0.270756 0.294859 0.319393 0.344176 0.369015 0.393719 0.418097 0.441965 0.465144 0.48747 0.50879 0.528965 0.547874 0.565411 0.581485 0.59602 0.608957 0.620246 0.629848 0.637737 0.643891 0.648295 0.650942 0.651824 0.650942 0.648295 0.643891 0.637737 0.629848 0.620246 0.608957 0.59602 0.581485 0.565411 0.547874 0.528965 0.50879 0.48747 0.465144 0.441965 0.418097 0.393719 0.369015 0.344176 0.319393 0.294859 0.270756 0.247259 0.224531 0.202716 0.181941 0.16231 0.143907 0.126791 0.110998 0.0965425 0.0834175 0.0715968 0.0610376 0.0516827 0.043464 0.0363046 0.0301224 0.0248324 0.0203496 0.0165911 0.0134782 0.0109379 0.00890482 0.0073218 0.00614116 0.00532515 0.00484653 
0.00515257 0.00532469 0.00584696 0.00673709 0.0080243 0.00974904 0.0119624 0.0147254 0.0181079 0.0221874 0.0270475 0.0327756 0.0394614 0.0471937 0.0560578 0.0661328 0.0774881 0.0901806 0.104251 0.119723 0.136598 0.154856 0.174451 0.195316 0.217355 0.240453 0.26447 0.289249 0.314615 0.340381 0.366351 0.392323 0.418097 0.443475 0.468264 0.492285 0.515368 0.537363 0.558131 0.577554 0.59553 0.611975 0.626818 0.640005 0.651493 0.661253 0.669261 0.675501 0.679965 0.682645 0.683539 0.682645 0.679965 0.675501 0.669261 0.661253 0.651493 0.640005 0.626818 0.611975 0.59553 0.577554 0.558131 0.537363 0.515368 0.492285 0.468264 0.443475 0.418097 0.392323 0.366351 0.340381 0.314615 0.289249 0.26447 0.240453 0.217355 0.195316 0.174451 0.154856 0.136598 0.119723 0.104251 0.0901806 0.0774881 0.0661328 0.0560578 0.0471937 0.0394614 0.0327756 0.0270475 0.0221874 0.0181079 0.0147254 0.0119624 0.00974904 0.0080243 0.00673709 0.00584696 0.00532469 
0.00562992 0.00581675 0.00638358 0.0073493 0.00874513 0.0106142 0.013011 0.0160003 0.0196564 0.0240612 0.0293029 0.0354737 0.0426672 0.050976 0.0604882 0.0712849 0.0834362 0.0969981 0.11201 0.12849 0.146436 0.165819 0.186586 0.208659 0.231932 0.256276 0.28154 0.307553 0.334128 0.361066 0.388158 0.415194 0.441965 0.468264 0.493896 0.518676 0.542437 0.565024 0.586305 0.606165 0.624506 0.64125 0.656335 0.669713 0.68135 0.69122 0.699309 0.705606 0.710107 0.712807 0.713708 0.712807 0.710107 0.705606 0.699309 0.69122 0.68135 0.669713 0.656335 0.64125 0.624506 0.606165 0.586305 0.565024 0.542437 0.518676 0.493896 0.468264 0.441965 0.415194 0.388158 0.361066 0.334128 0.307553 0.28154 0.256276 0.231932 0.208659 0.186586 0.165819 0.146436 0.12849 0.11201 0.0969981 0.0834362 0.0712849 0.0604882 0.050976 0.0426672 0.0354737 0.0293029 0.0240612 0.0196564 0.0160003 0.013011 0.0106142 0.00874513 0.0073493 0.00638358 0.00581675 
0.00611677 0.00631849 0.00693037 0.0079725 0.00947807 0.0114929 0.0140746 0.0172919 0.0212232 0.0259548 0.0315794 0.0381934 0.0458945 0.0547785 0.0649362 0.07645 0.0893905 0.103813 0.119753 0.137225 0.156221 0.176705 0.198615 0.221861 0.246327 0.271873 0.298332 0.325523 0.353245 0.381287 0.409431 0.437456 0.465144 0.492285 0.518676 0.544134 0.568487 0.591586 0.6133 0.633519 0.652152 0.669128 0.684391 0.697903 0.709636 0.719574 0.727707 0.734032 0.738549 0.741258 0.742161 0.741258 0.738549 0.734032 0.727707 0.719574 0.709636 0.697903 0.684391 0.669128 0.652152 0.633519 0.6133 0.591586 0.568487 0.544134 0.518676 0.492285 0.465144 0.437456 0.409431 0.381287 0.353245 0.325523 0.298332 0.271873 0.246327 0.221861 0.198615 0.176705 0.156221 0.137225 0.119753 0.103813 0.0893905 0.07645 0.0649362 0.0547785 0.0458945 0.0381934 0.0315794 0.0259548 0.0212232 0.0172919 0.0140746 0.0114929 0.00947807 0.0079725 0.00693037 0.00631849 
0.00660853 0.00682516 0.00748219 0.00860086 0.0102163 0.0123768 0.0151433 0.0185882 0.0227938 0.0278508 0.033856 0.04091 0.0491139 0.0585668 0.0693617 0.081582 0.0952982 0.110564 0.127412 0.145853 0.16587 0.187422 0.210436 0.234813 0.260424 0.287116 0.314713 0.343017 0.371818 0.400892 0.430011 0.458945 0.48747 0.515368 0.542437 0.568487 0.593352 0.616882 0.638951 0.659455 0.678309 0.695451 0.710833 0.724424 0.736206 0.74617 0.754315 0.760641 0.765156 0.767862 0.768763 0.767862 0.765156 0.760641 0.754315 0.74617 0.736206 0.724424 0.710833 0.695451 0.678309 0.659455 0.638951 0.616882 0.593352 0.568487 0.542437 0.515368 0.48747 0.458945 0.430011 0.400892 0.371818 0.343017 0.314713 0.287116 0.260424 0.234813 0.210436 0.187422 0.16587 0.145853 0.127412 0.110564 0.0952982 0.081582 0.0693617 0.0585668 0.0491139 0.04091 0.033856 0.0278508 0.0227938 0.0185882 0.0151433 0.0123768 0.0102163 0.00860086 0.00748219 0.00682516 
0.0071002 0.00733163 0.00803344 0.00922802 0.0109523 0.0132572 0.0162066 0.0198764 0.0243529 0.0297307 0.0361107 0.0435972 0.0522948 0.0623052 0.0737232 0.0866332 0.101105 0.11719 0.134919 0.154296 0.175299 0.197877 0.221949 0.247405 0.274105 0.301883 0.330551 0.359899 0.389705 0.419734 0.449749 0.479511 0.50879 0.537363 0.565024 0.591586 0.616882 0.640765 0.663115 0.683834 0.702845 0.720092 0.735538 0.74916 0.760948 0.770902 0.779027 0.785331 0.789826 0.792519 0.793415 0.792519 0.789826 0.785331 0.779027 0.770902 0.760948 0.74916 0.735538 0.720092 0.702845 0.683834 0.663115 0.640765 0.616882 0.591586 0.565024 0.537363 0.50879 0.479511 0.449749 0.419734 0.389705 0.359899 0.330551 0.301883 0.274105 0.247405 0.221949 0.197877 0.175299 0.154296 0.134919 0.11719 0.101105 0.0866332 0.0737232 0.0623052 0.0522948 0.0435972 0.0361107 0.0297307 0.0243529 0.0198764 0.0162066 0.0132572 0.0109523 0.00922802 0.00803344 0.00733163 
0.00758645 0.00783243 0.00857821 0.00984728 0.0116784 0.0141247 0.0172532 0.0211432 0.0258844 0.0315754 0.0383207 0.0462282 0.0554056 0.0659569 0.0779785 0.0915552 0.106756 0.12363 0.142204 0.162478 0.184422 0.207978 0.233055 0.259531 0.287257 0.316054 0.345722 0.37604 0.406774 0.437679 0.468507 0.499015 0.528965 0.558131 0.586305 0.6133 0.638951 0.663115 0.685678 0.706548 0.725656 0.742954 0.758415 0.772024 0.78378 0.793691 0.801771 0.808033 0.812493 0.815164 0.816053 0.815164 0.812493 0.808033 0.801771 0.793691 0.78378 0.772024 0.758415 0.742954 0.725656 0.706548 0.685678 0.663115 0.638951 0.6133 0.586305 0.558131 0.528965 0.499015 0.468507 0.437679 0.406774 0.37604 0.345722 0.316054 0.287257 0.259531 0.233055 0.207978 0.184422 0.162478 0.142204 0.12363 0.106756 0.0915552 0.0779785 0.0659569 0.0554056 0.0462282 0.0383207 0.0315754 0.0258844 0.0211432 0.0172532 0.0141247 0.0116784 0.00984728 0.00857821 0.00783243 
