7.04037e-13 9.26429e-13 1.71606e-12 3.49723e-12 7.18816e-12 1.45976e-11 2.91613e-11 5.72531e-11 1.10453e-10 2.09378e-10 3.90005e-10 7.13861e-10 1.28406e-09 2.26992e-09 3.94391e-09 6.73555e-09 1.13081e-08 1.86648e-08 3.02918e-08 4.83438e-08 7.58794e-08 1.17146e-07 1.77908e-07 2.65818e-07 3.90783e-07 5.65322e-07 8.0483e-07 1.12771e-06 1.55529e-06 2.11144e-06 2.82181e-06 3.71267e-06 4.80934e-06 6.13416e-06 7.70424e-06 9.52904e-06 1.16081e-05 1.39289e-05 1.64658e-05 1.91796e-05 2.20176e-05 2.49159e-05 2.78015e-05 3.05957e-05 3.32184e-05 3.55911e-05 3.76416e-05 3.93065e-05 4.05341e-05 4.12862e-05 4.15396e-05 4.12862e-05 4.05341e-05 3.93065e-05 3.76416e-05 3.55911e-05 3.32184e-05 3.05957e-05 2.78015e-05 2.49159e-05 2.20176e-05 1.91796e-05 1.64658e-05 1.39289e-05 1.16081e-05 9.52904e-06 7.70424e-06 6.13416e-06 4.80934e-06 3.71267e-06 2.82181e-06 2.11144e-06 1.55529e-06 1.12771e-06 8.0483e-07 5.65322e-07 3.90783e-07 2.65818e-07 1.77908e-07 1.17146e-07 7.58794e-08 4.83438e-08 3.02918e-08 1.86648e-08 1.13081e-08 6.73555e-09 3.94391e-09 2.26992e-09 1.28406e-09 7.13861e-10 3.90005e-10 2.09378e-10 1.10453e-10 5.72531e-11 2.91613e-11 1.45976e-11 7.18816e-12 3.49723e-12 1.71606e-12 9.26429e-13 
9.26429e-13 1.21763e-12 2.25067e-12 4.57742e-12 9.39029e-12 1.90334e-11 3.79502e-11 7.43645e-11 1.43183e-10 2.70883e-10 5.03553e-10 9.19811e-10 1.65108e-09 2.91259e-09 5.04975e-09 8.60555e-09 1.44162e-08 2.37427e-08 3.84476e-08 6.1224e-08 9.58825e-08 1.47699e-07 2.23814e-07 3.33673e-07 4.89476e-07 7.06581e-07 1.00383e-06 1.40366e-06 1.932e-06 2.61777e-06 3.49195e-06 4.58613e-06 5.93059e-06 7.5519e-06 9.47016e-06 1.16961e-05 1.42284e-05 1.70513e-05 2.01331e-05 2.34258e-05 2.68655e-05 3.03748e-05 3.38655e-05 3.7243e-05 4.04108e-05 4.3275e-05 4.57489e-05 4.77568e-05 4.92368e-05 5.01435e-05 5.04488e-05 5.01435e-05 4.92368e-05 4.77568e-05 4.57489e-05 4.3275e-05 4.04108e-05 3.7243e-05 3.38655e-05 3.03748e-05 2.68655e-05 2.34258e-05 2.01331e-05 1.70513e-05 1.42284e-05 1.16961e-05 9.47016e-06 7.5519e-06 5.93059e-06 4.58613e-06 3.49195e-06 2.61777e-06 1.932e-06 1.40366e-06 1.00383e-06 7.06581e-07 4.89476e-07 3.33673e-07 2.23814e-07 1.47699e-07 9.58825e-08 6.1224e-08 3.84476e-08 2.37427e-08 1.44162e-08 8.60555e-09 5.04975e-09 2.91259e-09 1.65108e-09 9.19811e-10 5.03553e-10 2.70883e-10 1.43183e-10 7.43645e-11 3.79502e-11 1.90334e-11 9.39029e-12 4.57742e-12 2.25067e-12 1.21763e-12 
1.71606e-12 2.25067e-12 4.14412e-12 8.39731e-12 1.71664e-11 3.46747e-11 6.88959e-11 1.34526e-10 2.5809e-10 4.86486e-10 9.00982e-10 1.63955e-09 2.93169e-09 5.15145e-09 8.89595e-09 1.5099e-08 2.51908e-08 4.13166e-08 6.66268e-08 1.05651e-07 1.6476e-07 2.52724e-07 3.81343e-07 5.6613e-07 8.27e-07 1.18887e-06 1.68213e-06 2.34273e-06 3.21195e-06 4.33551e-06 5.76203e-06 7.54067e-06 9.71809e-06 1.23346e-05 1.542e-05 1.89888e-05 2.30367e-05 2.75365e-05 3.24362e-05 3.76584e-05 4.31017e-05 4.86437e-05 5.41461e-05 5.94615e-05 6.44395e-05 6.89348e-05 7.28134e-05 7.59587e-05 7.82757e-05 7.96944e-05 8.01721e-05 7.96944e-05 7.82757e-05 7.59587e-05 7.28134e-05 6.89348e-05 6.44395e-05 5.94615e-05 5.41461e-05 4.86437e-05 4.31017e-05 3.76584e-05 3.24362e-05 2.75365e-05 2.30367e-05 1.89888e-05 1.542e-05 1.23346e-05 9.71809e-06 7.54067e-06 5.76203e-06 4.33551e-06 3.21195e-06 2.34273e-06 1.68213e-06 1.18887e-06 8.27e-07 5.6613e-07 3.81343e-07 2.52724e-07 1.6476e-07 1.05651e-07 6.66268e-08 4.13166e-08 2.51908e-08 1.5099e-08 8.89595e-09 5.15145e-09 2.93169e-09 1.63955e-09 9.00982e-10 4.86486e-10 2.5809e-10 1.34526e-10 6.88959e-11 3.46747e-11 1.71664e-11 8.39731e-12 4.14412e-12 2.25067e-12 
3.49723e-12 4.57742e-12 8.39731e-12 1.69556e-11 3.45457e-11 6.95482e-11 1.37724e-10 2.68008e-10 5.12397e-10 9.62444e-10 1.77607e-09 3.22018e-09 5.73662e-09 1.0042e-08 1.72745e-08 2.92049e-08 4.8531e-08 7.92768e-08 1.27319e-07 2.01059e-07 3.12244e-07 4.76948e-07 7.16668e-07 1.0595e-06 1.54127e-06 2.20654e-06 3.10929e-06 4.31299e-06 5.89e-06 7.91988e-06 1.04866e-05 1.36742e-05 1.75618e-05 2.22163e-05 2.76859e-05 3.39919e-05 4.11221e-05 4.90254e-05 5.76076e-05 6.67317e-05 7.62199e-05 8.58596e-05 9.54123e-05 0.000104624 0.000113238 0.000121007 0.000127702 0.000133127 0.00013712 0.000139564 0.000140387 0.000139564 0.00013712 0.000133127 0.000127702 0.000121007 0.000113238 0.000104624 9.54123e-05 8.58596e-05 7.62199e-05 6.67317e-05 5.76076e-05 4.90254e-05 4.11221e-05 3.39919e-05 2.76859e-05 2.22163e-05 1.75618e-05 1.36742e-05 1.04866e-05 7.91988e-06 5.89e-06 4.31299e-06 3.10929e-06 2.20654e-06 1.54127e-06 1.0595e-06 7.16668e-07 4.76948e-07 3.12244e-07 2.01059e-07 1.27319e-07 7.92768e-08 4.8531e-08 2.92049e-08 1.72745e-08 1.0042e-08 5.73662e-09 3.22018e-09 1.77607e-09 9.62444e-10 5.12397e-10 2.68008e-10 1.37724e-10 6.95482e-11 3.45457e-11 1.69556e-11 8.39731e-12 4.57742e-12 
7.18816e-12 9.39029e-12 1.71664e-11 3.45457e-11 7.01606e-11 1.40805e-10 2.77948e-10 5.39139e-10 1.02739e-09 1.92334e-09 3.53726e-09 6.39122e-09 1.13456e-08 1.97894e-08 3.39182e-08 5.71307e-08 9.45785e-08 1.53906e-07 2.46217e-07 3.87295e-07 5.99093e-07 9.11467e-07 1.36412e-06 2.00862e-06 2.91035e-06 4.15013e-06 5.82518e-06 8.04917e-06 1.09507e-05 1.46704e-05 1.9355e-05 2.51508e-05 3.21931e-05 4.05951e-05 5.04349e-05 6.17433e-05 7.44912e-05 8.85808e-05 0.000103841 0.000120024 0.000136814 0.000153838 0.000170675 0.000186885 0.00020202 0.000215652 0.000227388 0.000236888 0.000243877 0.000248153 0.000249592 0.000248153 0.000243877 0.000236888 0.000227388 0.000215652 0.00020202 0.000186885 0.000170675 0.000153838 0.000136814 0.000120024 0.000103841 8.85808e-05 7.44912e-05 6.17433e-05 5.04349e-05 4.05951e-05 3.21931e-05 2.51508e-05 1.9355e-05 1.46704e-05 1.09507e-05 8.04917e-06 5.82518e-06 4.15013e-06 2.91035e-06 2.00862e-06 1.36412e-06 9.11467e-07 5.99093e-07 3.87295e-07 2.46217e-07 1.53906e-07 9.45785e-08 5.71307e-08 3.39182e-08 1.97894e-08 1.13456e-08 6.39122e-09 3.53726e-09 1.92334e-09 1.02739e-09 5.39139e-10 2.77948e-10 1.40805e-10 7.01606e-11 3.45457e-11 1.71664e-11 9.39029e-12 
1.45976e-11 1.90334e-11 3.46747e-11 6.95482e-11 1.40805e-10 2.81703e-10 5.54339e-10 1.07184e-09 2.03593e-09 3.79887e-09 6.96322e-09 1.25385e-08 2.21811e-08 3.85524e-08 6.58396e-08 1.10493e-07 1.82239e-07 2.95437e-07 4.7083e-07 7.37744e-07 1.13673e-06 1.72264e-06 2.56796e-06 3.76629e-06 5.43555e-06 7.72063e-06 1.07947e-05 1.48588e-05 2.0139e-05 2.68802e-05 3.53367e-05 4.57586e-05 5.83751e-05 7.33739e-05 9.088e-05 0.000110934 0.000133471 0.00015831 0.000185139 0.000213521 0.000242901 0.000272625 0.000301969 0.00033017 0.000356462 0.000380112 0.00040045 0.0004169 0.000428993 0.000436388 0.000438876 0.000436388 0.000428993 0.0004169 0.00040045 0.000380112 0.000356462 0.00033017 0.000301969 0.000272625 0.000242901 0.000213521 0.000185139 0.00015831 0.000133471 0.000110934 9.088e-05 7.33739e-05 5.83751e-05 4.57586e-05 3.53367e-05 2.68802e-05 2.0139e-05 1.48588e-05 1.07947e-05 7.72063e-06 5.43555e-06 3.76629e-06 2.56796e-06 1.72264e-06 1.13673e-06 7.37744e-07 4.7083e-07 2.95437e-07 1.82239e-07 1.10493e-07 6.58396e-08 3.85524e-08 2.21811e-08 1.25385e-08 6.96322e-09 3.79887e-09 2.03593e-09 1.07184e-09 5.54339e-10 2.81703e-10 1.40805e-10 6.95482e-11 3.46747e-11 1.90334e-11 
2.91613e-11 3.79502e-11 6.88959e-11 1.37724e-10 2.77948e-10 5.54339e-10 1.0874e-09 2.09582e-09 3.96801e-09 7.3795e-09 1.34809e-08 2.41917e-08 4.26468e-08 7.38603e-08 1.25683e-07 2.10147e-07 3.45307e-07 5.57669e-07 8.85323e-07 1.38181e-06 2.12074e-06 3.20108e-06 4.75285e-06 6.94285e-06 9.97996e-06 1.4119e-05 1.96628e-05 2.69601e-05 3.64004e-05 4.84025e-05 6.3397e-05 8.18036e-05 0.000104001 0.000130293 0.000160873 0.000195786 0.000234901 0.000277881 0.000324176 0.000373026 0.000423472 0.000474399 0.000524575 0.000572711 0.000617519 0.000657769 0.000692345 0.000720283 0.000740809 0.000753354 0.000757574 0.000753354 0.000740809 0.000720283 0.000692345 0.000657769 0.000617519 0.000572711 0.000524575 0.000474399 0.000423472 0.000373026 0.000324176 0.000277881 0.000234901 0.000195786 0.000160873 0.000130293 0.000104001 8.18036e-05 6.3397e-05 4.84025e-05 3.64004e-05 2.69601e-05 1.96628e-05 1.4119e-05 9.97996e-06 6.94285e-06 4.75285e-06 3.20108e-06 2.12074e-06 1.38181e-06 8.85323e-07 5.57669e-07 3.45307e-07 2.10147e-07 1.25683e-07 7.38603e-08 4.26468e-08 2.41917e-08 1.34809e-08 7.3795e-09 3.96801e-09 2.09582e-09 1.0874e-09 5.54339e-10 2.77948e-10 1.37724e-10 6.88959e-11 3.79502e-11 
5.72531e-11 7.43645e-11 1.34526e-10 2.68008e-10 5.39139e-10 1.07184e-09 2.09582e-09 4.02633e-09 7.59796e-09 1.4083e-08 2.56393e-08 4.58506e-08 8.05435e-08 1.38993e-07 2.35648e-07 3.92548e-07 6.4258e-07 1.03377e-06 1.63475e-06 2.54142e-06 3.88486e-06 5.8402e-06 8.63608e-06 1.25639e-05 1.79863e-05 2.53424e-05 3.51503e-05 4.80028e-05 6.45562e-05 8.55105e-05 0.000111579 0.000143448 0.000181727 0.000226896 0.000279239 0.000338793 0.000405293 0.00047814 0.00055638 0.000638714 0.000723527 0.000808954 0.000892947 0.000973376 0.00104812 0.00111517 0.0011727 0.00121913 0.00125323 0.00127405 0.00128106 0.00127405 0.00125323 0.00121913 0.0011727 0.00111517 0.00104812 0.000973376 0.000892947 0.000808954 0.000723527 0.000638714 0.00055638 0.00047814 0.000405293 0.000338793 0.000279239 0.000226896 0.000181727 0.000143448 0.000111579 8.55105e-05 6.45562e-05 4.80028e-05 3.51503e-05 2.53424e-05 1.79863e-05 1.25639e-05 8.63608e-06 5.8402e-06 3.88486e-06 2.54142e-06 1.63475e-06 1.03377e-06 6.4258e-07 3.92548e-07 2.35648e-07 1.38993e-07 8.05435e-08 4.58506e-08 2.56393e-08 1.4083e-08 7.59796e-09 4.02633e-09 2.09582e-09 1.07184e-09 5.39139e-10 2.68008e-10 1.34526e-10 7.43645e-11 
1.10453e-10 1.43183e-10 2.5809e-10 5.12397e-10 1.02739e-09 2.03593e-09 3.96801e-09 7.59796e-09 1.42899e-08 2.63967e-08 4.78914e-08 8.53425e-08 1.4938e-07 2.56843e-07 4.33835e-07 7.1996e-07 1.17401e-06 1.88134e-06 2.96325e-06 4.5882e-06 6.98504e-06 1.04576e-05 1.53998e-05 2.23106e-05 3.18061e-05 4.46277e-05 6.16428e-05 8.38365e-05 0.00011229 0.000148147 0.000192559 0.000246622 0.000311292 0.000387296 0.000475037 0.000574504 0.000685191 0.00080605 0.000935461 0.00107126 0.00121078 0.00135098 0.00148852 0.00161997 0.00174192 0.00185115 0.00194476 0.00202024 0.00207561 0.00210942 0.00212079 0.00210942 0.00207561 0.00202024 0.00194476 0.00185115 0.00174192 0.00161997 0.00148852 0.00135098 0.00121078 0.00107126 0.000935461 0.00080605 0.000685191 0.000574504 0.000475037 0.000387296 0.000311292 0.000246622 0.000192559 0.000148147 0.00011229 8.38365e-05 6.16428e-05 4.46277e-05 3.18061e-05 2.23106e-05 1.53998e-05 1.04576e-05 6.98504e-06 4.5882e-06 2.96325e-06 1.88134e-06 1.17401e-06 7.1996e-07 4.33835e-07 2.56843e-07 1.4938e-07 8.53425e-08 4.78914e-08 2.63967e-08 1.42899e-08 7.59796e-09 3.96801e-09 2.03593e-09 1.02739e-09 5.12397e-10 2.5809e-10 1.43183e-10 
2.09378e-10 2.70883e-10 4.86486e-10 9.62444e-10 1.92334e-09 3.79887e-09 7.3795e-09 1.4083e-08 2.63967e-08 4.85923e-08 8.7851e-08 1.55991e-07 2.72046e-07 4.66022e-07 7.84192e-07 1.29639e-06 2.10571e-06 3.36099e-06 5.27243e-06 8.13025e-06 1.23261e-05 1.83765e-05 2.69467e-05 3.88732e-05 5.51812e-05 7.70952e-05 0.000106036 0.000143605 0.000191543 0.000251671 0.000325806 0.000415648 0.000522655 0.000647894 0.000791898 0.000954524 0.00113485 0.00133107 0.0015405 0.00175962 0.00198414 0.00220917 0.00242944 0.00263952 0.00283406 0.00300804 0.00315692 0.00327686 0.00336478 0.00341843 0.00343646 0.00341843 0.00336478 0.00327686 0.00315692 0.00300804 0.00283406 0.00263952 0.00242944 0.00220917 0.00198414 0.00175962 0.0015405 0.00133107 0.00113485 0.000954524 0.000791898 0.000647894 0.000522655 0.000415648 0.000325806 0.000251671 0.000191543 0.000143605 0.000106036 7.70952e-05 5.51812e-05 3.88732e-05 2.69467e-05 1.83765e-05 1.23261e-05 8.13025e-06 5.27243e-06 3.36099e-06 2.10571e-06 1.29639e-06 7.84192e-07 4.66022e-07 2.72046e-07 1.55991e-07 8.7851e-08 4.85923e-08 2.63967e-08 1.4083e-08 7.3795e-09 3.79887e-09 1.92334e-09 9.62444e-10 4.86486e-10 2.70883e-10 
3.90005e-10 5.03553e-10 9.00982e-10 1.77607e-09 3.53726e-09 6.96322e-09 1.34809e-08 2.56393e-08 4.78914e-08 8.7851e-08 1.5826e-07 2.7999e-07 4.86495e-07 8.30239e-07 1.39172e-06 2.29175e-06 3.70768e-06 5.89405e-06 9.20813e-06 1.414e-05 2.13469e-05 3.16892e-05 4.62675e-05 6.64551e-05 9.39225e-05 0.000130648 0.000178909 0.000241248 0.000320401 0.000419202 0.000540441 0.000686687 0.000860089 0.00106216 0.00129353 0.00155378 0.00184126 0.00215298 0.00248457 0.00283041 0.00318375 0.00353695 0.00388184 0.00421007 0.00451345 0.0047843 0.00501577 0.00520203 0.00533844 0.00542163 0.00544959 0.00542163 0.00533844 0.00520203 0.00501577 0.0047843 0.00451345 0.00421007 0.00388184 0.00353695 0.00318375 0.00283041 0.00248457 0.00215298 0.00184126 0.00155378 0.00129353 0.00106216 0.000860089 0.000686687 0.000540441 0.000419202 0.000320401 0.000241248 0.000178909 0.000130648 9.39225e-05 6.64551e-05 4.62675e-05 3.16892e-05 2.13469e-05 1.414e-05 9.20813e-06 5.89405e-06 3.70768e-06 2.29175e-06 1.39172e-06 8.30239e-07 4.86495e-07 2.7999e-07 1.5826e-07 8.7851e-08 4.78914e-08 2.56393e-08 1.34809e-08 6.96322e-09 3.53726e-09 1.77607e-09 9.00982e-10 5.03553e-10 
7.13861e-10 9.19811e-10 1.63955e-09 3.22018e-09 6.39122e-09 1.25385e-08 2.41917e-08 4.58506e-08 8.53425e-08 1.55991e-07 2.7999e-07 4.93522e-07 8.54289e-07 1.45233e-06 2.42503e-06 3.97747e-06 6.40892e-06 1.01463e-05 1.57852e-05 2.41371e-05 3.62824e-05 5.36262e-05 7.79519e-05 0.000111467 0.000156836 0.000217187 0.000296086 0.000397478 0.000525565 0.000684644 0.000878885 0.00111206 0.00138724 0.00170645 0.00207035 0.00247798 0.00292646 0.00341092 0.00392446 0.00445831 0.00500206 0.00554408 0.00607202 0.0065733 0.00703568 0.00744777 0.00779943 0.00808206 0.00828886 0.00841492 0.00845726 0.00841492 0.00828886 0.00808206 0.00779943 0.00744777 0.00703568 0.0065733 0.00607202 0.00554408 0.00500206 0.00445831 0.00392446 0.00341092 0.00292646 0.00247798 0.00207035 0.00170645 0.00138724 0.00111206 0.000878885 0.000684644 0.000525565 0.000397478 0.000296086 0.000217187 0.000156836 0.000111467 7.79519e-05 5.36262e-05 3.62824e-05 2.41371e-05 1.57852e-05 1.01463e-05 6.40892e-06 3.97747e-06 2.42503e-06 1.45233e-06 8.54289e-07 4.93522e-07 2.7999e-07 1.55991e-07 8.53425e-08 4.58506e-08 2.41917e-08 1.25385e-08 6.39122e-09 3.22018e-09 1.63955e-09 9.19811e-10 
1.28406e-09 1.65108e-09 2.93169e-09 5.73662e-09 1.13456e-08 2.21811e-08 4.26468e-08 8.05435e-08 1.4938e-07 2.72046e-07 4.86495e-07 8.54289e-07 1.47312e-06 2.49462e-06 4.1489e-06 6.77747e-06 1.08757e-05 1.71461e-05 2.65619e-05 4.04404e-05 6.05231e-05 8.90577e-05 0.000128875 0.00018345 0.00025694 0.000354183 0.000480641 0.00064229 0.000845424 0.00109639 0.00140127 0.00176541 0.00219304 0.00268674 0.003247 0.00387182 0.00455639 0.00529296 0.00607086 0.00687671 0.00769488 0.00850805 0.00929795 0.0100462 0.0107348 0.0113475 0.0118694 0.0122884 0.0125947 0.0127813 0.012844 0.0127813 0.0125947 0.0122884 0.0118694 0.0113475 0.0107348 0.0100462 0.00929795 0.00850805 0.00769488 0.00687671 0.00607086 0.00529296 0.00455639 0.00387182 0.003247 0.00268674 0.00219304 0.00176541 0.00140127 0.00109639 0.000845424 0.00064229 0.000480641 0.000354183 0.00025694 0.00018345 0.000128875 8.90577e-05 6.05231e-05 4.04404e-05 2.65619e-05 1.71461e-05 1.08757e-05 6.77747e-06 4.1489e-06 2.49462e-06 1.47312e-06 8.54289e-07 4.86495e-07 2.72046e-07 1.4938e-07 8.05435e-08 4.26468e-08 2.21811e-08 1.13456e-08 5.73662e-09 2.93169e-09 1.65108e-09 
2.26992e-09 2.91259e-09 5.15145e-09 1.0042e-08 1.97894e-08 3.85524e-08 7.38603e-08 1.38993e-07 2.56843e-07 4.66022e-07 8.30239e-07 1.45233e-06 2.49462e-06 4.20771e-06 6.9698e-06 1.13389e-05 1.81194e-05 2.84448e-05 4.38749e-05 6.65061e-05 9.90896e-05 0.000145148 0.000209083 0.000296249 0.000412996 0.000566639 0.000765352 0.00101798 0.0013337 0.00172168 0.00219046 0.00274745 0.0033982 0.00414577 0.00499007 0.00592733 0.00694972 0.0080452 0.00919763 0.0103871 0.0115907 0.0127832 0.0139382 0.0150295 0.0160318 0.0169216 0.0176785 0.0182852 0.0187283 0.018998 0.0190886 0.018998 0.0187283 0.0182852 0.0176785 0.0169216 0.0160318 0.0150295 0.0139382 0.0127832 0.0115907 0.0103871 0.00919763 0.0080452 0.00694972 0.00592733 0.00499007 0.00414577 0.0033982 0.00274745 0.00219046 0.00172168 0.0013337 0.00101798 0.000765352 0.000566639 0.000412996 0.000296249 0.000209083 0.000145148 9.90896e-05 6.65061e-05 4.38749e-05 2.84448e-05 1.81194e-05 1.13389e-05 6.9698e-06 4.20771e-06 2.49462e-06 1.45233e-06 8.30239e-07 4.66022e-07 2.56843e-07 1.38993e-07 7.38603e-08 3.85524e-08 1.97894e-08 1.0042e-08 5.15145e-09 2.91259e-09 
3.94391e-09 5.04975e-09 8.89595e-09 1.72745e-08 3.39182e-08 6.58396e-08 1.25683e-07 2.35648e-07 4.33835e-07 7.84192e-07 1.39172e-06 2.42503e-06 4.1489e-06 6.9698e-06 1.14977e-05 1.86271e-05 2.96395e-05 4.63286e-05 7.11458e-05 0.000107362 0.000159237 0.000232181 0.000332893 0.000469455 0.000651352 0.0008894 0.00119555 0.00158256 0.00206353 0.00265124 0.00335743 0.00419192 0.00516169 0.00626995 0.00751534 0.00889118 0.0103851 0.0119788 0.0136484 0.0153651 0.0170959 0.0188052 0.0204558 0.0220111 0.023436 0.0246985 0.0257705 0.0266287 0.0272547 0.0276355 0.0277633 0.0276355 0.0272547 0.0266287 0.0257705 0.0246985 0.023436 0.0220111 0.0204558 0.0188052 0.0170959 0.0153651 0.0136484 0.0119788 0.0103851 0.00889118 0.00751534 0.00626995 0.00516169 0.00419192 0.00335743 0.00265124 0.00206353 0.00158256 0.00119555 0.0008894 0.000651352 0.000469455 0.000332893 0.000232181 0.000159237 0.000107362 7.11458e-05 4.63286e-05 2.96395e-05 1.86271e-05 1.14977e-05 6.9698e-06 4.1489e-06 2.42503e-06 1.39172e-06 7.84192e-07 4.33835e-07 2.35648e-07 1.25683e-07 6.58396e-08 3.39182e-08 1.72745e-08 8.89595e-09 5.04975e-09 
6.73555e-09 8.60555e-09 1.5099e-08 2.92049e-08 5.71307e-08 1.10493e-07 2.10147e-07 3.92548e-07 7.1996e-07 1.29639e-06 2.29175e-06 3.97747e-06 6.77747e-06 1.13389e-05 1.86271e-05 3.0049e-05 4.76076e-05 7.4087e-05 0.000113265 0.000170146 0.000251192 0.000364545 0.000520193 0.000730072 0.00100804 0.00136974 0.00183223 0.00241348 0.00313162 0.00400405 0.00504634 0.006271 0.00768627 0.00929489 0.011093 0.0130695 0.0152052 0.017473 0.0198387 0.022261 0.0246941 0.0270885 0.0293934 0.031559 0.0335381 0.0352877 0.0367705 0.0379558 0.0388194 0.0393444 0.0395205 0.0393444 0.0388194 0.0379558 0.0367705 0.0352877 0.0335381 0.031559 0.0293934 0.0270885 0.0246941 0.022261 0.0198387 0.017473 0.0152052 0.0130695 0.011093 0.00929489 0.00768627 0.006271 0.00504634 0.00400405 0.00313162 0.00241348 0.00183223 0.00136974 0.00100804 0.000730072 0.000520193 0.000364545 0.000251192 0.000170146 0.000113265 7.4087e-05 4.76076e-05 3.0049e-05 1.86271e-05 1.13389e-05 6.77747e-06 3.97747e-06 2.29175e-06 1.29639e-06 7.1996e-07 3.92548e-07 2.10147e-07 1.10493e-07 5.71307e-08 2.92049e-08 1.5099e-08 8.60555e-09 
1.13081e-08 1.44162e-08 2.51908e-08 4.8531e-08 9.45785e-08 1.82239e-07 3.45307e-07 6.4258e-07 1.17401e-06 2.10571e-06 3.70768e-06 6.40892e-06 1.08757e-05 1.81194e-05 2.96395e-05 4.76076e-05 7.50947e-05 0.00011634 0.000177054 0.00026474 0.000389011 0.000561866 0.000797893 0.00111434 0.00153104 0.00207005 0.00275516 0.00361104 0.00466214 0.0059314 0.00743871 0.00919932 0.0112221 0.0135083 0.0160497 0.0188284 0.0218155 0.0249723 0.02825 0.0315919 0.0349352 0.0382131 0.041358 0.0443039 0.0469887 0.0493568 0.0513598 0.0529583 0.0541217 0.0548283 0.0550652 0.0548283 0.0541217 0.0529583 0.0513598 0.0493568 0.0469887 0.0443039 0.041358 0.0382131 0.0349352 0.0315919 0.02825 0.0249723 0.0218155 0.0188284 0.0160497 0.0135083 0.0112221 0.00919932 0.00743871 0.0059314 0.00466214 0.00361104 0.00275516 0.00207005 0.00153104 0.00111434 0.000797893 0.000561866 0.000389011 0.00026474 0.000177054 0.00011634 7.50947e-05 4.76076e-05 2.96395e-05 1.81194e-05 1.08757e-05 6.40892e-06 3.70768e-06 2.10571e-06 1.17401e-06 6.4258e-07 3.45307e-07 1.82239e-07 9.45785e-08 4.8531e-08 2.51908e-08 1.44162e-08 
1.86648e-08 2.37427e-08 4.13166e-08 7.92768e-08 1.53906e-07 2.95437e-07 5.57669e-07 1.03377e-06 1.88134e-06 3.36099e-06 5.89405e-06 1.01463e-05 1.71461e-05 2.84448e-05 4.63286e-05 7.4087e-05 0.00011634 0.00017942 0.000271792 0.000404487 0.000591518 0.000850217 0.00120144 0.0016696 0.0022824 0.00307031 0.00406566 0.00530142 0.00680964 0.00861958 0.0107557 0.0132354 0.0160672 0.0192488 0.0227652 0.0265883 0.0306765 0.0349746 0.0394159 0.0439237 0.0484142 0.0527997 0.0569923 0.0609069 0.0644645 0.0675945 0.0702365 0.0723414 0.0738713 0.0747997 0.0751109 0.0747997 0.0738713 0.0723414 0.0702365 0.0675945 0.0644645 0.0609069 0.0569923 0.0527997 0.0484142 0.0439237 0.0394159 0.0349746 0.0306765 0.0265883 0.0227652 0.0192488 0.0160672 0.0132354 0.0107557 0.00861958 0.00680964 0.00530142 0.00406566 0.00307031 0.0022824 0.0016696 0.00120144 0.000850217 0.000591518 0.000404487 0.000271792 0.00017942 0.00011634 7.4087e-05 4.63286e-05 2.84448e-05 1.71461e-05 1.01463e-05 5.89405e-06 3.36099e-06 1.88134e-06 1.03377e-06 5.57669e-07 2.95437e-07 1.53906e-07 7.92768e-08 4.13166e-08 2.37427e-08 
3.02918e-08 3.84476e-08 6.66268e-08 1.27319e-07 2.46217e-07 4.7083e-07 8.85323e-07 1.63475e-06 2.96325e-06 5.27243e-06 9.20813e-06 1.57852e-05 2.65619e-05 4.38749e-05 7.11458e-05 0.000113265 0.000177054 0.000271792 0.000409784 0.000606936 0.000883271 0.00126331 0.00177628 0.00245595 0.00334019 0.00447008 0.00588849 0.00763831 0.00976026 0.0122903 0.0152572 0.0186794 0.0225629 0.0268989 0.0316625 0.0368114 0.0422861 0.0480111 0.0538966 0.0598415 0.0657372 0.0714712 0.0769323 0.0820137 0.0866178 0.0906578 0.0940604 0.0967663 0.0987304 0.0999212 0.10032 0.0999212 0.0987304 0.0967663 0.0940604 0.0906578 0.0866178 0.0820137 0.0769323 0.0714712 0.0657372 0.0598415 0.0538966 0.0480111 0.0422861 0.0368114 0.0316625 0.0268989 0.0225629 0.0186794 0.0152572 0.0122903 0.00976026 0.00763831 0.00588849 0.00447008 0.00334019 0.00245595 0.00177628 0.00126331 0.000883271 0.000606936 0.000409784 0.000271792 0.000177054 0.000113265 7.11458e-05 4.38749e-05 2.65619e-05 1.57852e-05 9.20813e-06 5.27243e-06 2.96325e-06 1.63475e-06 8.85323e-07 4.7083e-07 2.46217e-07 1.27319e-07 6.66268e-08 3.84476e-08 
4.83438e-08 6.1224e-08 1.05651e-07 2.01059e-07 3.87295e-07 7.37744e-07 1.38181e-06 2.54142e-06 4.5882e-06 8.13025e-06 1.414e-05 2.41371e-05 4.04404e-05 6.65061e-05 0.000107362 0.000170146 0.00026474 0.000404487 0.000606936 0.000894578 0.00129545 0.00184357 0.00257899 0.00354746 0.00479961 0.00638947 0.00837244 0.0108028 0.0137305 0.0171982 0.0212374 0.0258658 0.0310837 0.036872 0.0431909 0.049979 0.0571539 0.0646144 0.0722428 0.0799091 0.0874758 0.0948027 0.101753 0.108196 0.114016 0.119108 0.123386 0.126782 0.129243 0.130734 0.131234 0.130734 0.129243 0.126782 0.123386 0.119108 0.114016 0.108196 0.101753 0.0948027 0.0874758 0.0799091 0.0722428 0.0646144 0.0571539 0.049979 0.0431909 0.036872 0.0310837 0.0258658 0.0212374 0.0171982 0.0137305 0.0108028 0.00837244 0.00638947 0.00479961 0.00354746 0.00257899 0.00184357 0.00129545 0.000894578 0.000606936 0.000404487 0.00026474 0.000170146 0.000107362 6.65061e-05 4.04404e-05 2.41371e-05 1.414e-05 8.13025e-06 4.5882e-06 2.54142e-06 1.38181e-06 7.37744e-07 3.87295e-07 2.01059e-07 1.05651e-07 6.1224e-08 
7.58794e-08 9.58825e-08 1.6476e-07 3.12244e-07 5.99093e-07 1.13673e-06 2.12074e-06 3.88486e-06 6.98504e-06 1.23261e-05 2.13469e-05 3.62824e-05 6.05231e-05 9.90896e-05 0.000159237 0.000251192 0.000389011 0.000591518 0.000883271 0.00129545 0.00186657 0.00264283 0.00367801 0.00503276 0.00677321 0.0089687 0.011689 0.0150005 0.0189628 0.0236236 0.0290154 0.0351512 0.0420213 0.0495911 0.0578003 0.0665623 0.0757662 0.0852791 0.0949508 0.104618 0.114112 0.123263 0.131905 0.139887 0.147071 0.153338 0.158591 0.162751 0.165762 0.167584 0.168194 0.167584 0.165762 0.162751 0.158591 0.153338 0.147071 0.139887 0.131905 0.123263 0.114112 0.104618 0.0949508 0.0852791 0.0757662 0.0665623 0.0578003 0.0495911 0.0420213 0.0351512 0.0290154 0.0236236 0.0189628 0.0150005 0.011689 0.0089687 0.00677321 0.00503276 0.00367801 0.00264283 0.00186657 0.00129545 0.000883271 0.000591518 0.000389011 0.000251192 0.000159237 9.90896e-05 6.05231e-05 3.62824e-05 2.13469e-05 1.23261e-05 6.98504e-06 3.88486e-06 2.12074e-06 1.13673e-06 5.99093e-07 3.12244e-07 1.6476e-07 9.58825e-08 
1.17146e-07 1.47699e-07 2.52724e-07 4.76948e-07 9.11467e-07 1.72264e-06 3.20108e-06 5.8402e-06 1.04576e-05 1.83765e-05 3.16892e-05 5.36262e-05 8.90577e-05 0.000145148 0.000232181 0.000364545 0.000561866 0.000850217 0.00126331 0.00184357 0.00264283 0.00372259 0.00515358 0.00701446 0.00938957 0.0123658 0.0160284 0.0204565 0.0257175 0.0318625 0.0389207 0.0468956 0.0557616 0.0654623 0.0759096 0.0869854 0.0985435 0.110415 0.122412 0.134335 0.145982 0.157152 0.167654 0.177313 0.185975 0.193507 0.199803 0.204779 0.208374 0.210547 0.211274 0.210547 0.208374 0.204779 0.199803 0.193507 0.185975 0.177313 0.167654 0.157152 0.145982 0.134335 0.122412 0.110415 0.0985435 0.0869854 0.0759096 0.0654623 0.0557616 0.0468956 0.0389207 0.0318625 0.0257175 0.0204565 0.0160284 0.0123658 0.00938957 0.00701446 0.00515358 0.00372259 0.00264283 0.00184357 0.00126331 0.000850217 0.000561866 0.000364545 0.000232181 0.000145148 8.90577e-05 5.36262e-05 3.16892e-05 1.83765e-05 1.04576e-05 5.8402e-06 3.20108e-06 1.72264e-06 9.11467e-07 4.76948e-07 2.52724e-07 1.47699e-07 
1.77908e-07 2.23814e-07 3.81343e-07 7.16668e-07 1.36412e-06 2.56796e-06 4.75285e-06 8.63608e-06 1.53998e-05 2.69467e-05 4.62675e-05 7.79519e-05 0.000128875 0.000209083 0.000332893 0.000520193 0.000797893 0.00120144 0.00177628 0.00257899 0.00367801 0.00515358 0.00709679 0.00960737 0.0127905 0.016752 0.0215935 0.0274054 0.0342611 0.0422103 0.0512739 0.0614393 0.0726574 0.0848419 0.0978697 0.111583 0.125796 0.140297 0.154859 0.169245 0.183217 0.196546 0.209018 0.220439 0.23064 0.239481 0.246849 0.252659 0.256849 0.259379 0.260224 0.259379 0.256849 0.252659 0.246849 0.239481 0.23064 0.220439 0.209018 0.196546 0.183217 0.169245 0.154859 0.140297 0.125796 0.111583 0.0978697 0.0848419 0.0726574 0.0614393 0.0512739 0.0422103 0.0342611 0.0274054 0.0215935 0.016752 0.0127905 0.00960737 0.00709679 0.00515358 0.00367801 0.00257899 0.00177628 0.00120144 0.000797893 0.000520193 0.000332893 0.000209083 0.000128875 7.79519e-05 4.62675e-05 2.69467e-05 1.53998e-05 8.63608e-06 4.75285e-06 2.56796e-06 1.36412e-06 7.16668e-07 3.81343e-07 2.23814e-07 
2.65818e-07 3.33673e-07 5.6613e-07 1.0595e-06 2.00862e-06 3.76629e-06 6.94285e-06 1.25639e-05 2.23106e-05 3.88732e-05 6.64551e-05 0.000111467 0.00018345 0.000296249 0.000469455 0.000730072 0.00111434 0.0016696 0.00245595 0.00354746 0.00503276 0.00701446 0.00960737 0.0129352 0.0171259 0.0223054 0.0285904 0.0360805 0.0448506 0.0549436 0.0663644 0.079076 0.0929969 0.108002 0.123925 0.140563 0.157682 0.175026 0.192325 0.209307 0.225701 0.241254 0.255732 0.268926 0.280663 0.290798 0.299218 0.305841 0.310608 0.313482 0.314442 0.313482 0.310608 0.305841 0.299218 0.290798 0.280663 0.268926 0.255732 0.241254 0.225701 0.209307 0.192325 0.175026 0.157682 0.140563 0.123925 0.108002 0.0929969 0.079076 0.0663644 0.0549436 0.0448506 0.0360805 0.0285904 0.0223054 0.0171259 0.0129352 0.00960737 0.00701446 0.00503276 0.00354746 0.00245595 0.0016696 0.00111434 0.000730072 0.000469455 0.000296249 0.00018345 0.000111467 6.64551e-05 3.88732e-05 2.23106e-05 1.25639e-05 6.94285e-06 3.76629e-06 2.00862e-06 1.0595e-06 5.6613e-07 3.33673e-07 
3.90783e-07 4.89476e-07 8.27e-07 1.54127e-06 2.91035e-06 5.43555e-06 9.97996e-06 1.79863e-05 3.18061e-05 5.51812e-05 9.39225e-05 0.000156836 0.00025694 0.000412996 0.000651352 0.00100804 0.00153104 0.0022824 0.00334019 0.00479961 0.00677321 0.00938957 0.0127905 0.0171259 0.0225478 0.0292016 0.0372169 0.0466984 0.0577163 0.0702987 0.0844254 0.100025 0.116973 0.135098 0.15418 0.173964 0.194167 0.214485 0.234607 0.254226 0.273046 0.290794 0.307223 0.322122 0.335315 0.346663 0.35606 0.363431 0.368726 0.371914 0.372978 0.371914 0.368726 0.363431 0.35606 0.346663 0.335315 0.322122 0.307223 0.290794 0.273046 0.254226 0.234607 0.214485 0.194167 0.173964 0.15418 0.135098 0.116973 0.100025 0.0844254 0.0702987 0.0577163 0.0466984 0.0372169 0.0292016 0.0225478 0.0171259 0.0127905 0.00938957 0.00677321 0.00479961 0.00334019 0.0022824 0.00153104 0.00100804 0.000651352 0.000412996 0.00025694 0.000156836 9.39225e-05 5.51812e-05 3.18061e-05 1.79863e-05 9.97996e-06 5.43555e-06 2.91035e-06 1.54127e-06 8.27e-07 4.89476e-07 
5.65322e-07 7.06581e-07 1.18887e-06 2.20654e-06 4.15013e-06 7.72063e-06 1.4119e-05 2.53424e-05 4.46277e-05 7.70952e-05 0.000130648 0.000217187 0.000354183 0.000566639 0.0008894 0.00136974 0.00207005 0.00307031 0.00447008 0.00638947 0.0089687 0.0123658 0.016752 0.0223054 0.0292016 0.0376034 0.0476497 0.0594436 0.0730425 0.0884499 0.10561 0.124404 0.144658 0.166139 0.18857 0.211638 0.235007 0.258328 0.281252 0.303442 0.324585 0.344397 0.362629 0.379074 0.393567 0.40598 0.416223 0.424234 0.429976 0.433428 0.434579 0.433428 0.429976 0.424234 0.416223 0.40598 0.393567 0.379074 0.362629 0.344397 0.324585 0.303442 0.281252 0.258328 0.235007 0.211638 0.18857 0.166139 0.144658 0.124404 0.10561 0.0884499 0.0730425 0.0594436 0.0476497 0.0376034 0.0292016 0.0223054 0.016752 0.0123658 0.0089687 0.00638947 0.00447008 0.00307031 0.00207005 0.00136974 0.0008894 0.000566639 0.000354183 0.000217187 0.000130648 7.70952e-05 4.46277e-05 2.53424e-05 1.4119e-05 7.72063e-06 4.15013e-06 2.20654e-06 1.18887e-06 7.06581e-07 
8.0483e-07 1.00383e-06 1.68213e-06 3.10929e-06 5.82518e-06 1.07947e-05 1.96628e-05 3.51503e-05 6.16428e-05 0.000106036 0.000178909 0.000296086 0.000480641 0.000765352 0.00119555 0.00183223 0.00275516 0.00406566 0.00588849 0.00837244 0.011689 0.0160284 0.0215935 0.0285904 0.0372169 0.0476497 0.0600303 0.0744522 0.0909497 0.10949 0.129968 0.152211 0.175977 0.200969 0.226845 0.253232 0.279741 0.305979 0.331567 0.356149 0.379402 0.401044 0.420835 0.438585 0.454146 0.467415 0.478321 0.486825 0.492905 0.496555 0.497771 0.496555 0.492905 0.486825 0.478321 0.467415 0.454146 0.438585 0.420835 0.401044 0.379402 0.356149 0.331567 0.305979 0.279741 0.253232 0.226845 0.200969 0.175977 0.152211 0.129968 0.10949 0.0909497 0.0744522 0.0600303 0.0476497 0.0372169 0.0285904 0.0215935 0.0160284 0.011689 0.00837244 0.00588849 0.00406566 0.00275516 0.00183223 0.00119555 0.000765352 0.000480641 0.000296086 0.000178909 0.000106036 6.16428e-05 3.51503e-05 1.96628e-05 1.07947e-05 5.82518e-06 3.10929e-06 1.68213e-06 1.00383e-06 
1.12771e-06 1.40366e-06 2.34273e-06 4.31299e-06 8.04917e-06 1.48588e-05 2.69601e-05 4.80028e-05 8.38365e-05 0.000143605 0.000241248 0.000397478 0.00064229 0.00101798 0.00158256 0.00241348 0.00361104 0.00530142 0.00763831 0.0108028 0.0150005 0.0204565 0.0274054 0.0360805 0.0466984 0.0594436 0.0744522 0.0917975 0.111479 0.133414 0.157437 0.183306 0.210705 0.239265 0.268573 0.298198 0.327699 0.356651 0.38465 0.411333 0.43638 0.459523 0.480545 0.499284 0.515621 0.529483 0.540831 0.549648 0.555937 0.559705 0.56096 0.559705 0.555937 0.549648 0.540831 0.529483 0.515621 0.499284 0.480545 0.459523 0.43638 0.411333 0.38465 0.356651 0.327699 0.298198 0.268573 0.239265 0.210705 0.183306 0.157437 0.133414 0.111479 0.0917975 0.0744522 0.0594436 0.0466984 0.0360805 0.0274054 0.0204565 0.0150005 0.0108028 0.00763831 0.00530142 0.00361104 0.00241348 0.00158256 0.00101798 0.00064229 0.000397478 0.000241248 0.000143605 8.38365e-05 4.80028e-05 2.69601e-05 1.48588e-05 8.04917e-06 4.31299e-06 2.34273e-06 1.40366e-06 
1.55529e-06 1.932e-06 3.21195e-06 5.89e-06 1.09507e-05 2.0139e-05 3.64004e-05 6.45562e-05 0.00011229 0.000191543 0.000320401 0.000525565 0.000845424 0.0013337 0.00206353 0.00313162 0.00466214 0.00680964 0.00976026 0.0137305 0.0189628 0.0257175 0.0342611 0.0448506 0.0577163 0.0730425 0.0909497 0.111479 0.13458 0.160109 0.187828 0.217411 0.248463 0.280537 0.31315 0.345813 0.378045 0.409391 0.439441 0.467835 0.494272 0.518511 0.540372 0.559728 0.576505 0.590665 0.602204 0.611138 0.617492 0.621292 0.622557 0.621292 0.617492 0.611138 0.602204 0.590665 0.576505 0.559728 0.540372 0.518511 0.494272 0.467835 0.439441 0.409391 0.378045 0.345813 0.31315 0.280537 0.248463 0.217411 0.187828 0.160109 0.13458 0.111479 0.0909497 0.0730425 0.0577163 0.0448506 0.0342611 0.0257175 0.0189628 0.0137305 0.00976026 0.00680964 0.00466214 0.00313162 0.00206353 0.0013337 0.000845424 0.000525565 0.000320401 0.000191543 0.00011229 6.45562e-05 3.64004e-05 2.0139e-05 1.09507e-05 5.89e-06 3.21195e-06 1.932e-06 
2.11144e-06 2.61777e-06 4.33551e-06 7.91988e-06 1.46704e-05 2.68802e-05 4.84025e-05 8.55105e-05 0.000148147 0.000251671 0.000419202 0.000684644 0.00109639 0.00172168 0.00265124 0.00400405 0.0059314 0.00861958 0.0122903 0.0171982 0.0236236 0.0318625 0.0422103 0.0549436 0.0702987 0.0884499 0.10949 0.133414 0.160109 0.189356 0.22083 0.254117 0.288736 0.324157 0.359834 0.395224 0.429816 0.463141 0.494792 0.524432 0.55179 0.576669 0.598933 0.618508 0.635365 0.649513 0.660986 0.669834 0.676108 0.679852 0.681096 0.679852 0.676108 0.669834 0.660986 0.649513 0.635365 0.618508 0.598933 0.576669 0.55179 0.524432 0.494792 0.463141 0.429816 0.395224 0.359834 0.324157 0.288736 0.254117 0.22083 0.189356 0.160109 0.133414 0.10949 0.0884499 0.0702987 0.0549436 0.0422103 0.0318625 0.0236236 0.0171982 0.0122903 0.00861958 0.0059314 0.00400405 0.00265124 0.00172168 0.00109639 0.000684644 0.000419202 0.000251671 0.000148147 8.55105e-05 4.84025e-05 2.68802e-05 1.46704e-05 7.91988e-06 4.33551e-06 2.61777e-06 
2.82181e-06 3.49195e-06 5.76203e-06 1.04866e-05 1.9355e-05 3.53367e-05 6.3397e-05 0.000111579 0.000192559 0.000325806 0.000540441 0.000878885 0.00140127 0.00219046 0.00335743 0.00504634 0.00743871 0.0107557 0.0152572 0.0212374 0.0290154 0.0389207 0.0512739 0.0663644 0.0844254 0.10561 0.129968 0.157437 0.187828 0.22083 0.256025 0.292903 0.330893 0.36939 0.407784 0.445495 0.481989 0.516802 0.549545 0.579916 0.607692 0.632731 0.654954 0.674344 0.690926 0.704758 0.715917 0.724485 0.73054 0.734145 0.735343 0.734145 0.73054 0.724485 0.715917 0.704758 0.690926 0.674344 0.654954 0.632731 0.607692 0.579916 0.549545 0.516802 0.481989 0.445495 0.407784 0.36939 0.330893 0.292903 0.256025 0.22083 0.187828 0.157437 0.129968 0.10561 0.0844254 0.0663644 0.0512739 0.0389207 0.0290154 0.0212374 0.0152572 0.0107557 0.00743871 0.00504634 0.00335743 0.00219046 0.00140127 0.000878885 0.000540441 0.000325806 0.000192559 0.000111579 6.3397e-05 3.53367e-05 1.9355e-05 1.04866e-05 5.76203e-06 3.49195e-06 
3.71267e-06 4.58613e-06 7.54067e-06 1.36742e-05 2.51508e-05 4.57586e-05 8.18036e-05 0.000143448 0.000246622 0.000415648 0.000686687 0.00111206 0.00176541 0.00274745 0.00419192 0.006271 0.00919932 0.0132354 0.0186794 0.0258658 0.0351512 0.0468956 0.0614393 0.079076 0.100025 0.124404 0.152211 0.183306 0.217411 0.254117 0.292903 0.333161 0.374231 0.415436 0.456118 0.495667 0.533546 0.569308 0.602602 0.633175 0.660864 0.685591 0.707345 0.72617 0.742149 0.755389 0.766009 0.774126 0.779841 0.783236 0.784362 0.783236 0.779841 0.774126 0.766009 0.755389 0.742149 0.72617 0.707345 0.685591 0.660864 0.633175 0.602602 0.569308 0.533546 0.495667 0.456118 0.415436 0.374231 0.333161 0.292903 0.254117 0.217411 0.183306 0.152211 0.124404 0.100025 0.079076 0.0614393 0.0468956 0.0351512 0.0258658 0.0186794 0.0132354 0.00919932 0.006271 0.00419192 0.00274745 0.00176541 0.00111206 0.000686687 0.000415648 0.000246622 0.000143448 8.18036e-05 4.57586e-05 2.51508e-05 1.36742e-05 7.54067e-06 4.58613e-06 
4.80934e-06 5.93059e-06 9.71809e-06 1.75618e-05 3.21931e-05 5.83751e-05 0.000104001 0.000181727 0.000311292 0.000522655 0.000860089 0.00138724 0.00219304 0.0033982 0.00516169 0.00768627 0.0112221 0.0160672 0.0225629 0.0310837 0.0420213 0.0557616 0.0726574 0.0929969 0.116973 0.144658 0.175977 0.210705 0.248463 0.288736 0.330893 0.374231 0.418006 0.46148 0.503957 0.544816 0.583532 0.619693 0.652998 0.683258 0.710383 0.734365 0.755265 0.773192 0.788285 0.800701 0.810599 0.818124 0.823402 0.826529 0.827565 0.826529 0.823402 0.818124 0.810599 0.800701 0.788285 0.773192 0.755265 0.734365 0.710383 0.683258 0.652998 0.619693 0.583532 0.544816 0.503957 0.46148 0.418006 0.374231 0.330893 0.288736 0.248463 0.210705 0.175977 0.144658 0.116973 0.0929969 0.0726574 0.0557616 0.0420213 0.0310837 0.0225629 0.0160672 0.0112221 0.00768627 0.00516169 0.0033982 0.00219304 0.00138724 0.000860089 0.000522655 0.000311292 0.000181727 0.000104001 5.83751e-05 3.21931e-05 1.75618e-05 9.71809e-06 5.93059e-06 
6.13416e-06 7.5519e-06 1.23346e-05 2.22163e-05 4.05951e-05 7.33739e-05 0.000130293 0.000226896 0.000387296 0.000647894 0.00106216 0.00170645 0.00268674 0.00414577 0.00626995 0.00929489 0.0135083 0.0192488 0.0268989 0.036872 0.0495911 0.0654623 0.0848419 0.108002 0.135098 0.166139 0.200969 0.239265 0.280537 0.324157 0.36939 0.415436 0.46148 0.506734 0.550481 0.592104 0.631111 0.667136 0.699946 0.729426 0.755564 0.778429 0.798154 0.814913 0.828899 0.840315 0.849354 0.856187 0.860959 0.863778 0.86471 0.863778 0.860959 0.856187 0.849354 0.840315 0.828899 0.814913 0.798154 0.778429 0.755564 0.729426 0.699946 0.667136 0.631111 0.592104 0.550481 0.506734 0.46148 0.415436 0.36939 0.324157 0.280537 0.239265 0.200969 0.166139 0.135098 0.108002 0.0848419 0.0654623 0.0495911 0.036872 0.0268989 0.0192488 0.0135083 0.00929489 0.00626995 0.00414577 0.00268674 0.00170645 0.00106216 0.000647894 0.000387296 0.000226896 0.000130293 7.33739e-05 4.05951e-05 2.22163e-05 1.23346e-05 7.5519e-06 
7.70424e-06 9.47016e-06 1.542e-05 2.76859e-05 5.04349e-05 9.088e-05 0.000160873 0.000279239 0.000475037 0.000791898 0.00129353 0.00207035 0.003247 0.00499007 0.00751534 0.011093 0.0160497 0.0227652 0.0316625 0.0431909 0.0578003 0.0759096 0.0978697 0.123925 0.15418 0.18857 0.226845 0.268573 0.31315 0.359834 0.407784 0.456118 0.503957 0.550481 0.594968 0.636825 0.675604 0.711006 0.742873 0.771173 0.795975 0.817429 0.835737 0.851132 0.863859 0.874159 0.882253 0.888334 0.892561 0.895049 0.895871 0.895049 0.892561 0.888334 0.882253 0.874159 0.863859 0.851132 0.835737 0.817429 0.795975 0.771173 0.742873 0.711006 0.675604 0.636825 0.594968 0.550481 0.503957 0.456118 0.407784 0.359834 0.31315 0.268573 0.226845 0.18857 0.15418 0.123925 0.0978697 0.0759096 0.0578003 0.0431909 0.0316625 0.0227652 0.0160497 0.011093 0.00751534 0.00499007 0.003247 0.00207035 0.00129353 0.000791898 0.000475037 0.000279239 0.000160873 9.088e-05 5.04349e-05 2.76859e-05 1.542e-05 9.47016e-06 
9.52904e-06 1.16961e-05 1.89888e-05 3.39919e-05 6.17433e-05 0.000110934 0.000195786 0.000338793 0.000574504 0.000954524 0.00155378 0.00247798 0.00387182 0.00592733 0.00889118 0.0130695 0.0188284 0.0265883 0.0368114 0.049979 0.0665623 0.0869854 0.111583 0.140563 0.173964 0.211638 0.253232 0.298198 0.345813 0.395224 0.445495 0.495667 0.544816 0.592104 0.636825 0.678424 0.716513 0.750871 0.781425 0.808228 0.831435 0.851269 0.868 0.881914 0.893299 0.902427 0.909542 0.914851 0.918522 0.920675 0.921384 0.920675 0.918522 0.914851 0.909542 0.902427 0.893299 0.881914 0.868 0.851269 0.831435 0.808228 0.781425 0.750871 0.716513 0.678424 0.636825 0.592104 0.544816 0.495667 0.445495 0.395224 0.345813 0.298198 0.253232 0.211638 0.173964 0.140563 0.111583 0.0869854 0.0665623 0.049979 0.0368114 0.0265883 0.0188284 0.0130695 0.00889118 0.00592733 0.00387182 0.00247798 0.00155378 0.000954524 0.000574504 0.000338793 0.000195786 0.000110934 6.17433e-05 3.39919e-05 1.89888e-05 1.16961e-05 
