2.52356e-05 2.62476e-05 2.93355e-05 3.46562e-05 4.2474e-05 5.31641e-05 6.7218e-05 8.5249e-05 0.000107998 0.00013634 0.000171286 0.00021399 0.000265744 0.000327977 0.000402249 0.000490233 0.000593701 0.000714496 0.000854503 0.00101561 0.00119965 0.00140839 0.00164342 0.00190613 0.00219765 0.00251876 0.00286986 0.00325087 0.00366124 0.00409985 0.00456499 0.00505436 0.00556504 0.00609352 0.00663568 0.00718691 0.00774206 0.00829562 0.00884174 0.00937432 0.00988719 0.0103741 0.0108291 0.0112462 0.01162 0.0119455 0.0122182 0.0124344 0.012591 0.0126858 0.0127176 0.0126858 0.012591 0.0124344 0.0122182 0.0119455 0.01162 0.0112462 0.0108291 0.0103741 0.00988719 0.00937432 0.00884174 0.00829562 0.00774206 0.00718691 0.00663568 0.00609352 0.00556504 0.00505436 0.00456499 0.00409985 0.00366124 0.00325087 0.00286986 0.00251876 0.00219765 0.00190613 0.00164342 0.00140839 0.00119965 0.00101561 0.000854503 0.000714496 0.000593701 0.000490233 0.000402249 0.000327977 0.000265744 0.00021399 0.000171286 0.00013634 0.000107998 8.5249e-05 6.7218e-05 5.31641e-05 4.2474e-05 3.46562e-05 2.93355e-05 2.62476e-05 
2.62476e-05 2.72978e-05 3.05024e-05 3.60235e-05 4.41344e-05 5.52231e-05 6.97975e-05 8.84912e-05 0.00011207 0.000141436 0.000177634 0.000221853 0.000275426 0.000339826 0.000416658 0.000507644 0.000614608 0.000739444 0.000884086 0.00105047 0.00124049 0.00145592 0.00169842 0.0019694 0.00227 0.00260101 0.00296282 0.00335536 0.00377801 0.00422961 0.00470841 0.00521202 0.00573743 0.00628102 0.00683855 0.00740528 0.00797592 0.00854481 0.00910594 0.00965308 0.0101799 0.01068 0.0111471 0.0115754 0.0119592 0.0122933 0.0125732 0.0127951 0.0129558 0.0130532 0.0130858 0.0130532 0.0129558 0.0127951 0.0125732 0.0122933 0.0119592 0.0115754 0.0111471 0.01068 0.0101799 0.00965308 0.00910594 0.00854481 0.00797592 0.00740528 0.00683855 0.00628102 0.00573743 0.00521202 0.00470841 0.00422961 0.00377801 0.00335536 0.00296282 0.00260101 0.00227 0.0019694 0.00169842 0.00145592 0.00124049 0.00105047 0.000884086 0.000739444 0.000614608 0.000507644 0.000416658 0.000339826 0.000275426 0.000221853 0.000177634 0.000141436 0.00011207 8.84912e-05 6.97975e-05 5.52231e-05 4.41344e-05 3.60235e-05 3.05024e-05 2.72978e-05 
2.93355e-05 3.05024e-05 3.40624e-05 4.0194e-05 4.91977e-05 6.15001e-05 7.76591e-05 9.83702e-05 0.000124473 0.000156956 0.000196962 0.00024579 0.000304894 0.000375879 0.000460492 0.000560602 0.000678185 0.00081529 0.000974005 0.00115641 0.00136455 0.00160032 0.00186547 0.00216151 0.00248963 0.00285064 0.00324492 0.00367233 0.00413218 0.00462315 0.0051433 0.00569 0.00625996 0.00684924 0.00745326 0.00806684 0.00868431 0.00929954 0.00990605 0.0104972 0.011066 0.0116058 0.0121099 0.0125718 0.0129856 0.0133458 0.0136475 0.0138866 0.0140598 0.0141647 0.0141998 0.0141647 0.0140598 0.0138866 0.0136475 0.0133458 0.0129856 0.0125718 0.0121099 0.0116058 0.011066 0.0104972 0.00990605 0.00929954 0.00868431 0.00806684 0.00745326 0.00684924 0.00625996 0.00569 0.0051433 0.00462315 0.00413218 0.00367233 0.00324492 0.00285064 0.00248963 0.00216151 0.00186547 0.00160032 0.00136455 0.00115641 0.000974005 0.00081529 0.000678185 0.000560602 0.000460492 0.000375879 0.000304894 0.00024579 0.000196962 0.000156956 0.000124473 9.83702e-05 7.76591e-05 6.15001e-05 4.91977e-05 4.0194e-05 3.40624e-05 3.05024e-05 
3.46562e-05 3.60235e-05 4.0194e-05 4.7374e-05 5.79105e-05 7.2296e-05 9.11738e-05 0.000115345 0.000145775 0.000183599 0.000230127 0.000286846 0.000355415 0.000437664 0.000535577 0.000651276 0.000786994 0.000945042 0.00112777 0.0013375 0.00157651 0.00184692 0.00215064 0.00248932 0.00286425 0.00327627 0.00372572 0.00421237 0.00473536 0.00529312 0.00588339 0.00650314 0.0071486 0.00781529 0.008498 0.00919089 0.00988758 0.0105812 0.0112644 0.0119298 0.0125697 0.0131766 0.013743 0.0142618 0.0147263 0.0151305 0.0154689 0.0157371 0.0159313 0.0160489 0.0160882 0.0160489 0.0159313 0.0157371 0.0154689 0.0151305 0.0147263 0.0142618 0.013743 0.0131766 0.0125697 0.0119298 0.0112644 0.0105812 0.00988758 0.00919089 0.008498 0.00781529 0.0071486 0.00650314 0.00588339 0.00529312 0.00473536 0.00421237 0.00372572 0.00327627 0.00286425 0.00248932 0.00215064 0.00184692 0.00157651 0.0013375 0.00112777 0.000945042 0.000786994 0.000651276 0.000535577 0.000437664 0.000355415 0.000286846 0.000230127 0.000183599 0.000145775 0.000115345 9.11738e-05 7.2296e-05 5.79105e-05 4.7374e-05 4.0194e-05 3.60235e-05 
4.2474e-05 4.41344e-05 4.91977e-05 5.79105e-05 7.06875e-05 8.81164e-05 0.000110965 0.000140186 0.000176928 0.000222537 0.000278567 0.000346772 0.00042911 0.000527733 0.000644967 0.000783293 0.000945315 0.00113372 0.00135122 0.0016005 0.00188416 0.00220462 0.00256404 0.00296426 0.00340668 0.00389219 0.00442108 0.00499298 0.00560675 0.00626049 0.00695144 0.00767602 0.00842975 0.00920736 0.0100028 0.0108092 0.0116192 0.0124249 0.0132177 0.0139893 0.0147307 0.0154333 0.0160886 0.0166885 0.0172253 0.0176922 0.018083 0.0183925 0.0186167 0.0187524 0.0187978 0.0187524 0.0186167 0.0183925 0.018083 0.0176922 0.0172253 0.0166885 0.0160886 0.0154333 0.0147307 0.0139893 0.0132177 0.0124249 0.0116192 0.0108092 0.0100028 0.00920736 0.00842975 0.00767602 0.00695144 0.00626049 0.00560675 0.00499298 0.00442108 0.00389219 0.00340668 0.00296426 0.00256404 0.00220462 0.00188416 0.0016005 0.00135122 0.00113372 0.000945315 0.000783293 0.000644967 0.000527733 0.00042911 0.000346772 0.000278567 0.000222537 0.000176928 0.000140186 0.000110965 8.81164e-05 7.06875e-05 5.79105e-05 4.91977e-05 4.41344e-05 
5.31641e-05 5.52231e-05 6.15001e-05 7.2296e-05 8.81164e-05 0.000109678 0.000137913 0.000173981 0.000219275 0.000275424 0.000344305 0.000428033 0.000528963 0.000649673 0.000792947 0.000961741 0.00115915 0.00138835 0.00165254 0.00195487 0.00229838 0.00268585 0.00311978 0.00360223 0.00413476 0.0047183 0.00535306 0.00603844 0.00677298 0.00755427 0.00837892 0.00924256 0.0101398 0.0110644 0.012009 0.0129655 0.0139253 0.0148789 0.0158166 0.0167281 0.0176033 0.018432 0.0192044 0.019911 0.020543 0.0210924 0.0215521 0.021916 0.0221795 0.022339 0.0223924 0.022339 0.0221795 0.021916 0.0215521 0.0210924 0.020543 0.019911 0.0192044 0.018432 0.0176033 0.0167281 0.0158166 0.0148789 0.0139253 0.0129655 0.012009 0.0110644 0.0101398 0.00924256 0.00837892 0.00755427 0.00677298 0.00603844 0.00535306 0.0047183 0.00413476 0.00360223 0.00311978 0.00268585 0.00229838 0.00195487 0.00165254 0.00138835 0.00115915 0.000961741 0.000792947 0.000649673 0.000528963 0.000428033 0.000344305 0.000275424 0.000219275 0.000173981 0.000137913 0.000109678 8.81164e-05 7.2296e-05 6.15001e-05 5.52231e-05 
6.7218e-05 6.97975e-05 7.76591e-05 9.11738e-05 0.000110965 0.000137913 0.000173166 0.000218147 0.000274562 0.000344406 0.000429966 0.000533822 0.000658832 0.00080812 0.000985049 0.00119318 0.00143622 0.00171797 0.00204224 0.00241276 0.00283308 0.00330649 0.00383585 0.00442352 0.00507121 0.00577989 0.00654964 0.00737957 0.00826777 0.00921118 0.0102056 0.0112456 0.0123247 0.0134353 0.0145685 0.0157148 0.0168637 0.018004 0.019124 0.0202118 0.0212554 0.0222428 0.0231624 0.0240031 0.0247545 0.0254075 0.0259535 0.0263858 0.0266986 0.0268879 0.0269513 0.0268879 0.0266986 0.0263858 0.0259535 0.0254075 0.0247545 0.0240031 0.0231624 0.0222428 0.0212554 0.0202118 0.019124 0.018004 0.0168637 0.0157148 0.0145685 0.0134353 0.0123247 0.0112456 0.0102056 0.00921118 0.00826777 0.00737957 0.00654964 0.00577989 0.00507121 0.00442352 0.00383585 0.00330649 0.00283308 0.00241276 0.00204224 0.00171797 0.00143622 0.00119318 0.000985049 0.00080812 0.000658832 0.000533822 0.000429966 0.000344406 0.000274562 0.000218147 0.000173166 0.000137913 0.000110965 9.11738e-05 7.76591e-05 6.97975e-05 
8.5249e-05 8.84912e-05 9.83702e-05 0.000115345 0.000140186 0.000173981 0.000218147 0.000274437 0.000344947 0.00043213 0.000538786 0.000668068 0.000823461 0.00100876 0.00122805 0.00148563 0.00178597 0.00213361 0.00253312 0.00298891 0.0035052 0.0040858 0.00473406 0.00545264 0.00624345 0.00710743 0.0080445 0.00905338 0.0101316 0.0112752 0.0124789 0.0137363 0.0150392 0.0163783 0.0177432 0.0191222 0.0205027 0.0218714 0.0232145 0.0245178 0.0257669 0.0269478 0.0280468 0.0290509 0.0299479 0.0307268 0.031378 0.0318933 0.0322661 0.0324917 0.0325672 0.0324917 0.0322661 0.0318933 0.031378 0.0307268 0.0299479 0.0290509 0.0280468 0.0269478 0.0257669 0.0245178 0.0232145 0.0218714 0.0205027 0.0191222 0.0177432 0.0163783 0.0150392 0.0137363 0.0124789 0.0112752 0.0101316 0.00905338 0.0080445 0.00710743 0.00624345 0.00545264 0.00473406 0.0040858 0.0035052 0.00298891 0.00253312 0.00213361 0.00178597 0.00148563 0.00122805 0.00100876 0.000823461 0.000668068 0.000538786 0.00043213 0.000344947 0.000274437 0.000218147 0.000173981 0.000140186 0.000115345 9.83702e-05 8.84912e-05 
0.000107998 0.00011207 0.000124473 0.000145775 0.000176928 0.000219275 0.000274562 0.000344947 0.000433011 0.000541757 0.000674619 0.000835444 0.00102848 0.00125835 0.00152998 0.00184858 0.00221952 0.00264825 0.00314021 0.00370065 0.00433452 0.00504629 0.00583982 0.00671814 0.0076833 0.00873623 0.00987658 0.0111026 0.0124109 0.0137967 0.0152535 0.016773 0.0183456 0.0199599 0.0216032 0.0232615 0.0249198 0.0265622 0.0281723 0.029733 0.0312277 0.0326396 0.0339525 0.0351513 0.0362216 0.0371505 0.0379267 0.0385407 0.0389849 0.0392536 0.0393435 0.0392536 0.0389849 0.0385407 0.0379267 0.0371505 0.0362216 0.0351513 0.0339525 0.0326396 0.0312277 0.029733 0.0281723 0.0265622 0.0249198 0.0232615 0.0216032 0.0199599 0.0183456 0.016773 0.0152535 0.0137967 0.0124109 0.0111026 0.00987658 0.00873623 0.0076833 0.00671814 0.00583982 0.00504629 0.00433452 0.00370065 0.00314021 0.00264825 0.00221952 0.00184858 0.00152998 0.00125835 0.00102848 0.000835444 0.000674619 0.000541757 0.000433011 0.000344947 0.000274562 0.000219275 0.000176928 0.000145775 0.000124473 0.00011207 
0.00013634 0.000141436 0.000156956 0.000183599 0.000222537 0.000275424 0.000344406 0.00043213 0.000541757 0.000676964 0.000841938 0.00104137 0.00128041 0.00156466 0.00190008 0.00229292 0.00274964 0.00327675 0.00388069 0.0045677 0.00534356 0.0062135 0.00718193 0.00825224 0.00942666 0.010706 0.0120896 0.0135749 0.0151578 0.0168321 0.0185897 0.0204206 0.022313 0.024253 0.0262256 0.0282138 0.0301999 0.0321647 0.0340888 0.0359523 0.0377353 0.0394181 0.0409819 0.0424086 0.0436817 0.0447861 0.0457085 0.0464379 0.0469654 0.0472845 0.0473913 0.0472845 0.0469654 0.0464379 0.0457085 0.0447861 0.0436817 0.0424086 0.0409819 0.0394181 0.0377353 0.0359523 0.0340888 0.0321647 0.0301999 0.0282138 0.0262256 0.024253 0.022313 0.0204206 0.0185897 0.0168321 0.0151578 0.0135749 0.0120896 0.010706 0.00942666 0.00825224 0.00718193 0.0062135 0.00534356 0.0045677 0.00388069 0.00327675 0.00274964 0.00229292 0.00190008 0.00156466 0.00128041 0.00104137 0.000841938 0.000676964 0.000541757 0.00043213 0.000344406 0.000275424 0.000222537 0.000183599 0.000156956 0.000141436 
0.000171286 0.000177634 0.000196962 0.000230127 0.000278567 0.000344305 0.000429966 0.000538786 0.000674619 0.000841938 0.00104583 0.00129198 0.00158662 0.00193649 0.00234876 0.00283092 0.00339066 0.00403574 0.00477376 0.00561205 0.00655737 0.00761574 0.00879218 0.0100905 0.011513 0.0130603 0.0147313 0.0165225 0.0184288 0.0204422 0.022553 0.0247489 0.0270154 0.0293362 0.0316929 0.0340656 0.0364328 0.0387723 0.041061 0.0432754 0.0453921 0.0473883 0.0492419 0.0509319 0.0524389 0.0537456 0.0548365 0.0556988 0.0563221 0.0566992 0.0568254 0.0566992 0.0563221 0.0556988 0.0548365 0.0537456 0.0524389 0.0509319 0.0492419 0.0473883 0.0453921 0.0432754 0.041061 0.0387723 0.0364328 0.0340656 0.0316929 0.0293362 0.0270154 0.0247489 0.022553 0.0204422 0.0184288 0.0165225 0.0147313 0.0130603 0.011513 0.0100905 0.00879218 0.00761574 0.00655737 0.00561205 0.00477376 0.00403574 0.00339066 0.00283092 0.00234876 0.00193649 0.00158662 0.00129198 0.00104583 0.000841938 0.000674619 0.000538786 0.000429966 0.000344305 0.000278567 0.000230127 0.000196962 0.000177634 
0.00021399 0.000221853 0.00024579 0.000286846 0.000346772 0.000428033 0.000533822 0.000668068 0.000835444 0.00104137 0.00129198 0.00159412 0.0019553 0.00238359 0.00288754 0.00347609 0.00415835 0.00494347 0.00584041 0.00685768 0.00800315 0.0092837 0.010705 0.0122712 0.0139847 0.0158457 0.0178526 0.0200008 0.0222837 0.0246915 0.0272122 0.029831 0.0325304 0.0352909 0.0380906 0.0409059 0.0437115 0.0464811 0.0491877 0.0518038 0.0543023 0.0566565 0.0588407 0.0608308 0.0626044 0.0641413 0.0654238 0.0664372 0.0671697 0.0676126 0.0677608 0.0676126 0.0671697 0.0664372 0.0654238 0.0641413 0.0626044 0.0608308 0.0588407 0.0566565 0.0543023 0.0518038 0.0491877 0.0464811 0.0437115 0.0409059 0.0380906 0.0352909 0.0325304 0.029831 0.0272122 0.0246915 0.0222837 0.0200008 0.0178526 0.0158457 0.0139847 0.0122712 0.010705 0.0092837 0.00800315 0.00685768 0.00584041 0.00494347 0.00415835 0.00347609 0.00288754 0.00238359 0.0019553 0.00159412 0.00129198 0.00104137 0.000835444 0.000668068 0.000533822 0.000428033 0.000346772 0.000286846 0.00024579 0.000221853 
0.000265744 0.000275426 0.000304894 0.000355415 0.00042911 0.000528963 0.000658832 0.000823461 0.00102848 0.00128041 0.00158662 0.0019553 0.00239542 0.00291658 0.00352895 0.00424309 0.00506974 0.00601961 0.00710317 0.00833028 0.00970996 0.01125 0.0129568 0.0148348 0.0168863 0.0191112 0.0215068 0.0240674 0.0267845 0.0296463 0.032638 0.0357418 0.0389369 0.0421999 0.0455051 0.0488244 0.0521285 0.0553865 0.058567 0.061638 0.0645682 0.0673267 0.069884 0.0722123 0.074286 0.0760819 0.0775799 0.0787631 0.079618 0.0801349 0.0803079 0.0801349 0.079618 0.0787631 0.0775799 0.0760819 0.074286 0.0722123 0.069884 0.0673267 0.0645682 0.061638 0.058567 0.0553865 0.0521285 0.0488244 0.0455051 0.0421999 0.0389369 0.0357418 0.032638 0.0296463 0.0267845 0.0240674 0.0215068 0.0191112 0.0168863 0.0148348 0.0129568 0.01125 0.00970996 0.00833028 0.00710317 0.00601961 0.00506974 0.00424309 0.00352895 0.00291658 0.00239542 0.0019553 0.00158662 0.00128041 0.00102848 0.000823461 0.000658832 0.000528963 0.00042911 0.000355415 0.000304894 0.000275426 
0.000327977 0.000339826 0.000375879 0.000437664 0.000527733 0.000649673 0.00080812 0.00100876 0.00125835 0.00156466 0.00193649 0.00238359 0.00291658 0.00354684 0.00428635 0.00514751 0.00614288 0.00728495 0.0085858 0.0100568 0.0117082 0.0135488 0.0155855 0.0178231 0.0202637 0.0229067 0.0257481 0.0287808 0.031994 0.0353734 0.0389011 0.0425558 0.0463128 0.0501445 0.0540206 0.0579085 0.0617737 0.0655806 0.0692927 0.0728735 0.0762866 0.0794969 0.0824706 0.0851759 0.0875838 0.089668 0.0914056 0.0927775 0.0937685 0.0943675 0.094568 0.0943675 0.0937685 0.0927775 0.0914056 0.089668 0.0875838 0.0851759 0.0824706 0.0794969 0.0762866 0.0728735 0.0692927 0.0655806 0.0617737 0.0579085 0.0540206 0.0501445 0.0463128 0.0425558 0.0389011 0.0353734 0.031994 0.0287808 0.0257481 0.0229067 0.0202637 0.0178231 0.0155855 0.0135488 0.0117082 0.0100568 0.0085858 0.00728495 0.00614288 0.00514751 0.00428635 0.00354684 0.00291658 0.00238359 0.00193649 0.00156466 0.00125835 0.00100876 0.00080812 0.000649673 0.000527733 0.000437664 0.000375879 0.000339826 
0.000402249 0.000416658 0.000460492 0.000535577 0.000644967 0.000792947 0.000985049 0.00122805 0.00152998 0.00190008 0.00234876 0.00288754 0.00352895 0.00428635 0.00517377 0.00620566 0.00739661 0.00876105 0.0103129 0.012065 0.014029 0.0162146 0.0186294 0.0212783 0.0241632 0.0272824 0.0306306 0.0341988 0.0379737 0.0419379 0.0460701 0.0503447 0.0547328 0.0592021 0.0637169 0.0682396 0.0727304 0.0771481 0.0814509 0.0855969 0.0895449 0.0932548 0.0966884 0.0998097 0.102586 0.104987 0.106989 0.108568 0.109708 0.110398 0.110628 0.110398 0.109708 0.108568 0.106989 0.104987 0.102586 0.0998097 0.0966884 0.0932548 0.0895449 0.0855969 0.0814509 0.0771481 0.0727304 0.0682396 0.0637169 0.0592021 0.0547328 0.0503447 0.0460701 0.0419379 0.0379737 0.0341988 0.0306306 0.0272824 0.0241632 0.0212783 0.0186294 0.0162146 0.014029 0.012065 0.0103129 0.00876105 0.00739661 0.00620566 0.00517377 0.00428635 0.00352895 0.00288754 0.00234876 0.00190008 0.00152998 0.00122805 0.000985049 0.000792947 0.000644967 0.000535577 0.000460492 0.000416658 
0.000490233 0.000507644 0.000560602 0.000651276 0.000783293 0.000961741 0.00119318 0.00148563 0.00184858 0.00229292 0.00283092 0.00347609 0.00424309 0.00514751 0.00620566 0.00743426 0.00885016 0.0104699 0.0123092 0.0143828 0.0167035 0.0192821 0.0221267 0.0252422 0.0286298 0.0322869 0.0362065 0.0403771 0.0447824 0.0494016 0.0542092 0.0591754 0.0642659 0.0694431 0.0746661 0.079891 0.0850724 0.0901632 0.0951158 0.0998826 0.104417 0.108674 0.11261 0.116186 0.119363 0.122111 0.124399 0.126204 0.127507 0.128294 0.128558 0.128294 0.127507 0.126204 0.124399 0.122111 0.119363 0.116186 0.11261 0.108674 0.104417 0.0998826 0.0951158 0.0901632 0.0850724 0.079891 0.0746661 0.0694431 0.0642659 0.0591754 0.0542092 0.0494016 0.0447824 0.0403771 0.0362065 0.0322869 0.0286298 0.0252422 0.0221267 0.0192821 0.0167035 0.0143828 0.0123092 0.0104699 0.00885016 0.00743426 0.00620566 0.00514751 0.00424309 0.00347609 0.00283092 0.00229292 0.00184858 0.00148563 0.00119318 0.000961741 0.000783293 0.000651276 0.000560602 0.000507644 
0.000593701 0.000614608 0.000678185 0.000786994 0.000945315 0.00115915 0.00143622 0.00178597 0.00221952 0.00274964 0.00339066 0.00415835 0.00506974 0.00614288 0.00739661 0.00885016 0.0105228 0.0124333 0.0145995 0.0170378 0.0197624 0.0227851 0.0261143 0.0297547 0.0337068 0.0379665 0.0425246 0.047367 0.0524739 0.0578205 0.0633765 0.069107 0.0749723 0.0809288 0.0869293 0.0929239 0.0988606 0.104686 0.110347 0.115788 0.120959 0.125809 0.130289 0.134355 0.137967 0.141087 0.143684 0.145732 0.14721 0.148102 0.148401 0.148102 0.14721 0.145732 0.143684 0.141087 0.137967 0.134355 0.130289 0.125809 0.120959 0.115788 0.110347 0.104686 0.0988606 0.0929239 0.0869293 0.0809288 0.0749723 0.069107 0.0633765 0.0578205 0.0524739 0.047367 0.0425246 0.0379665 0.0337068 0.0297547 0.0261143 0.0227851 0.0197624 0.0170378 0.0145995 0.0124333 0.0105228 0.00885016 0.00739661 0.00614288 0.00506974 0.00415835 0.00339066 0.00274964 0.00221952 0.00178597 0.00143622 0.00115915 0.000945315 0.000786994 0.000678185 0.000614608 
0.000714496 0.000739444 0.00081529 0.000945042 0.00113372 0.00138835 0.00171797 0.00213361 0.00264825 0.00327675 0.00403574 0.00494347 0.00601961 0.00728495 0.00876105 0.0104699 0.0124333 0.0146725 0.0172074 0.0200563 0.0232347 0.0267552 0.0306264 0.0348527 0.0394335 0.0443627 0.0496289 0.0552143 0.0610954 0.0672427 0.0736207 0.0801887 0.0869011 0.0937075 0.100554 0.107385 0.11414 0.120759 0.127183 0.133352 0.139207 0.144693 0.149756 0.154347 0.158421 0.161939 0.164865 0.167172 0.168836 0.169841 0.170177 0.169841 0.168836 0.167172 0.164865 0.161939 0.158421 0.154347 0.149756 0.144693 0.139207 0.133352 0.127183 0.120759 0.11414 0.107385 0.100554 0.0937075 0.0869011 0.0801887 0.0736207 0.0672427 0.0610954 0.0552143 0.0496289 0.0443627 0.0394335 0.0348527 0.0306264 0.0267552 0.0232347 0.0200563 0.0172074 0.0146725 0.0124333 0.0104699 0.00876105 0.00728495 0.00601961 0.00494347 0.00403574 0.00327675 0.00264825 0.00213361 0.00171797 0.00138835 0.00113372 0.000945042 0.00081529 0.000739444 
0.000854503 0.000884086 0.000974005 0.00112777 0.00135122 0.00165254 0.00204224 0.00253312 0.00314021 0.00388069 0.00477376 0.00584041 0.00710317 0.0085858 0.0103129 0.0123092 0.0145995 0.0172074 0.0201552 0.0234628 0.0271471 0.0312213 0.0356942 0.0405692 0.0458445 0.0515118 0.0575564 0.0639569 0.0706852 0.0777065 0.0849797 0.0924576 0.100088 0.107813 0.115572 0.123301 0.130935 0.138405 0.145645 0.152589 0.159172 0.165333 0.171013 0.17616 0.180723 0.184661 0.187935 0.190514 0.192374 0.193497 0.193872 0.193497 0.192374 0.190514 0.187935 0.184661 0.180723 0.17616 0.171013 0.165333 0.159172 0.152589 0.145645 0.138405 0.130935 0.123301 0.115572 0.107813 0.100088 0.0924576 0.0849797 0.0777065 0.0706852 0.0639569 0.0575564 0.0515118 0.0458445 0.0405692 0.0356942 0.0312213 0.0271471 0.0234628 0.0201552 0.0172074 0.0145995 0.0123092 0.0103129 0.0085858 0.00710317 0.00584041 0.00477376 0.00388069 0.00314021 0.00253312 0.00204224 0.00165254 0.00135122 0.00112777 0.000974005 0.000884086 
0.00101561 0.00105047 0.00115641 0.0013375 0.0016005 0.00195487 0.00241276 0.00298891 0.00370065 0.0045677 0.00561205 0.00685768 0.00833028 0.0100568 0.012065 0.0143828 0.0170378 0.0200563 0.0234628 0.027279 0.031523 0.0362084 0.0413437 0.0469316 0.0529681 0.0594423 0.066336 0.0736233 0.081271 0.0892384 0.0974779 0.105936 0.114551 0.123261 0.131995 0.140683 0.14925 0.157622 0.165725 0.173487 0.180837 0.187708 0.194036 0.199765 0.20484 0.209216 0.212851 0.215714 0.217778 0.219024 0.219441 0.219024 0.217778 0.215714 0.212851 0.209216 0.20484 0.199765 0.194036 0.187708 0.180837 0.173487 0.165725 0.157622 0.14925 0.140683 0.131995 0.123261 0.114551 0.105936 0.0974779 0.0892384 0.081271 0.0736233 0.066336 0.0594423 0.0529681 0.0469316 0.0413437 0.0362084 0.031523 0.027279 0.0234628 0.0200563 0.0170378 0.0143828 0.012065 0.0100568 0.00833028 0.00685768 0.00561205 0.0045677 0.00370065 0.00298891 0.00241276 0.00195487 0.0016005 0.0013375 0.00115641 0.00105047 
0.00119965 0.00124049 0.00136455 0.00157651 0.00188416 0.00229838 0.00283308 0.0035052 0.00433452 0.00534356 0.00655737 0.00800315 0.00970996 0.0117082 0.014029 0.0167035 0.0197624 0.0232347 0.0271471 0.031523 0.0363814 0.0417362 0.0475956 0.0539605 0.0608248 0.0681742 0.0759865 0.0842307 0.0928678 0.101851 0.111125 0.120628 0.130294 0.140048 0.149815 0.159514 0.169064 0.178384 0.187392 0.196008 0.204158 0.211767 0.218768 0.225099 0.230703 0.235531 0.239541 0.242696 0.24497 0.246342 0.246801 0.246342 0.24497 0.242696 0.239541 0.235531 0.230703 0.225099 0.218768 0.211767 0.204158 0.196008 0.187392 0.178384 0.169064 0.159514 0.149815 0.140048 0.130294 0.120628 0.111125 0.101851 0.0928678 0.0842307 0.0759865 0.0681742 0.0608248 0.0539605 0.0475956 0.0417362 0.0363814 0.031523 0.0271471 0.0232347 0.0197624 0.0167035 0.014029 0.0117082 0.00970996 0.00800315 0.00655737 0.00534356 0.00433452 0.0035052 0.00283308 0.00229838 0.00188416 0.00157651 0.00136455 0.00124049 
0.00140839 0.00145592 0.00160032 0.00184692 0.00220462 0.00268585 0.00330649 0.0040858 0.00504629 0.0062135 0.00761574 0.0092837 0.01125 0.0135488 0.0162146 0.0192821 0.0227851 0.0267552 0.0312213 0.0362084 0.0417362 0.0478188 0.0544632 0.0616686 0.069426 0.0777173 0.0865154 0.0957838 0.105477 0.115541 0.125913 0.136523 0.147296 0.158149 0.168999 0.179757 0.190332 0.200637 0.210583 0.220084 0.229058 0.237427 0.245119 0.252067 0.258213 0.263503 0.267893 0.271346 0.273833 0.275334 0.275836 0.275334 0.273833 0.271346 0.267893 0.263503 0.258213 0.252067 0.245119 0.237427 0.229058 0.220084 0.210583 0.200637 0.190332 0.179757 0.168999 0.158149 0.147296 0.136523 0.125913 0.115541 0.105477 0.0957838 0.0865154 0.0777173 0.069426 0.0616686 0.0544632 0.0478188 0.0417362 0.0362084 0.0312213 0.0267552 0.0227851 0.0192821 0.0162146 0.0135488 0.01125 0.0092837 0.00761574 0.0062135 0.00504629 0.0040858 0.00330649 0.00268585 0.00220462 0.00184692 0.00160032 0.00145592 
0.00164342 0.00169842 0.00186547 0.00215064 0.00256404 0.00311978 0.00383585 0.00473406 0.00583982 0.00718193 0.00879218 0.010705 0.0129568 0.0155855 0.0186294 0.0221267 0.0261143 0.0306264 0.0356942 0.0413437 0.0475956 0.0544632 0.0619524 0.0700599 0.0787733 0.0880701 0.0979177 0.108273 0.119084 0.130289 0.141816 0.153588 0.165518 0.177518 0.189493 0.201347 0.212982 0.224302 0.235211 0.245617 0.255432 0.264575 0.272968 0.280542 0.287234 0.29299 0.297764 0.301517 0.304218 0.305848 0.306393 0.305848 0.304218 0.301517 0.297764 0.29299 0.287234 0.280542 0.272968 0.264575 0.255432 0.245617 0.235211 0.224302 0.212982 0.201347 0.189493 0.177518 0.165518 0.153588 0.141816 0.130289 0.119084 0.108273 0.0979177 0.0880701 0.0787733 0.0700599 0.0619524 0.0544632 0.0475956 0.0413437 0.0356942 0.0306264 0.0261143 0.0221267 0.0186294 0.0155855 0.0129568 0.010705 0.00879218 0.00718193 0.00583982 0.00473406 0.00383585 0.00311978 0.00256404 0.00215064 0.00186547 0.00169842 
0.00190613 0.0019694 0.00216151 0.00248932 0.00296426 0.00360223 0.00442352 0.00545264 0.00671814 0.00825224 0.0100905 0.0122712 0.0148348 0.0178231 0.0212783 0.0252422 0.0297547 0.0348527 0.0405692 0.0469316 0.0539605 0.0616686 0.0700599 0.0791282 0.088857 0.0992188 0.110175 0.121675 0.13366 0.146058 0.158791 0.17177 0.184901 0.198085 0.211219 0.224198 0.236916 0.24927 0.261157 0.27248 0.283145 0.293066 0.302163 0.310363 0.317601 0.323822 0.328977 0.333027 0.335942 0.337699 0.338287 0.337699 0.335942 0.333027 0.328977 0.323822 0.317601 0.310363 0.302163 0.293066 0.283145 0.27248 0.261157 0.24927 0.236916 0.224198 0.211219 0.198085 0.184901 0.17177 0.158791 0.146058 0.13366 0.121675 0.110175 0.0992188 0.088857 0.0791282 0.0700599 0.0616686 0.0539605 0.0469316 0.0405692 0.0348527 0.0297547 0.0252422 0.0212783 0.0178231 0.0148348 0.0122712 0.0100905 0.00825224 0.00671814 0.00545264 0.00442352 0.00360223 0.00296426 0.00248932 0.00216151 0.0019694 
0.00219765 0.00227 0.00248963 0.00286425 0.00340668 0.00413476 0.00507121 0.00624345 0.0076833 0.00942666 0.011513 0.0139847 0.0168863 0.0202637 0.0241632 0.0286298 0.0337068 0.0394335 0.0458445 0.0529681 0.0608248 0.069426 0.0787733 0.088857 0.099656 0.111137 0.123254 0.135951 0.149157 0.162795 0.176774 0.190997 0.205361 0.219757 0.234073 0.248196 0.262011 0.275408 0.288279 0.300519 0.312033 0.322728 0.332523 0.341342 0.349119 0.355796 0.361326 0.365667 0.36879 0.370673 0.371302 0.370673 0.36879 0.365667 0.361326 0.355796 0.349119 0.341342 0.332523 0.322728 0.312033 0.300519 0.288279 0.275408 0.262011 0.248196 0.234073 0.219757 0.205361 0.190997 0.176774 0.162795 0.149157 0.135951 0.123254 0.111137 0.099656 0.088857 0.0787733 0.069426 0.0608248 0.0529681 0.0458445 0.0394335 0.0337068 0.0286298 0.0241632 0.0202637 0.0168863 0.0139847 0.011513 0.00942666 0.0076833 0.00624345 0.00507121 0.00413476 0.00340668 0.00286425 0.00248963 0.00227 
0.00251876 0.00260101 0.00285064 0.00327627 0.00389219 0.0047183 0.00577989 0.00710743 0.00873623 0.010706 0.0130603 0.0158457 0.0191112 0.0229067 0.0272824 0.0322869 0.0379665 0.0443627 0.0515118 0.0594423 0.0681742 0.0777173 0.0880701 0.0992188 0.111137 0.123785 0.137109 0.151045 0.165513 0.180425 0.195683 0.211178 0.226797 0.242422 0.257932 0.273205 0.28812 0.302558 0.316406 0.329556 0.341906 0.353363 0.363841 0.373265 0.381566 0.388686 0.394578 0.399201 0.402525 0.404528 0.405197 0.404528 0.402525 0.399201 0.394578 0.388686 0.381566 0.373265 0.363841 0.353363 0.341906 0.329556 0.316406 0.302558 0.28812 0.273205 0.257932 0.242422 0.226797 0.211178 0.195683 0.180425 0.165513 0.151045 0.137109 0.123785 0.111137 0.0992188 0.0880701 0.0777173 0.0681742 0.0594423 0.0515118 0.0443627 0.0379665 0.0322869 0.0272824 0.0229067 0.0191112 0.0158457 0.0130603 0.010706 0.00873623 0.00710743 0.00577989 0.0047183 0.00389219 0.00327627 0.00285064 0.00260101 
0.00286986 0.00296282 0.00324492 0.00372572 0.00442108 0.00535306 0.00654964 0.0080445 0.00987658 0.0120896 0.0147313 0.0178526 0.0215068 0.0257481 0.0306306 0.0362065 0.0425246 0.0496289 0.0575564 0.066336 0.0759865 0.0865154 0.0979177 0.110175 0.123254 0.137109 0.151678 0.166887 0.182648 0.198861 0.215418 0.232201 0.249087 0.265947 0.282651 0.29907 0.315075 0.330542 0.345351 0.359391 0.372556 0.384752 0.395891 0.405896 0.414699 0.422244 0.428481 0.433372 0.436887 0.439004 0.439711 0.439004 0.436887 0.433372 0.428481 0.422244 0.414699 0.405896 0.395891 0.384752 0.372556 0.359391 0.345351 0.330542 0.315075 0.29907 0.282651 0.265947 0.249087 0.232201 0.215418 0.198861 0.182648 0.166887 0.151678 0.137109 0.123254 0.110175 0.0979177 0.0865154 0.0759865 0.066336 0.0575564 0.0496289 0.0425246 0.0362065 0.0306306 0.0257481 0.0215068 0.0178526 0.0147313 0.0120896 0.00987658 0.0080445 0.00654964 0.00535306 0.00442108 0.00372572 0.00324492 0.00296282 
0.00325087 0.00335536 0.00367233 0.00421237 0.00499298 0.00603844 0.00737957 0.00905338 0.0111026 0.0135749 0.0165225 0.0200008 0.0240674 0.0287808 0.0341988 0.0403771 0.047367 0.0552143 0.0639569 0.0736233 0.0842307 0.0957838 0.108273 0.121675 0.135951 0.151045 0.166887 0.183394 0.200467 0.217997 0.235863 0.253939 0.27209 0.290179 0.308067 0.325616 0.342691 0.359161 0.374905 0.389805 0.403755 0.416658 0.428427 0.438983 0.448262 0.456205 0.462767 0.467908 0.471601 0.473825 0.474567 0.473825 0.471601 0.467908 0.462767 0.456205 0.448262 0.438983 0.428427 0.416658 0.403755 0.389805 0.374905 0.359161 0.342691 0.325616 0.308067 0.290179 0.27209 0.253939 0.235863 0.217997 0.200467 0.183394 0.166887 0.151045 0.135951 0.121675 0.108273 0.0957838 0.0842307 0.0736233 0.0639569 0.0552143 0.047367 0.0403771 0.0341988 0.0287808 0.0240674 0.0200008 0.0165225 0.0135749 0.0111026 0.00905338 0.00737957 0.00603844 0.00499298 0.00421237 0.00367233 0.00335536 
0.00366124 0.00377801 0.00413218 0.00473536 0.00560675 0.00677298 0.00826777 0.0101316 0.0124109 0.0151578 0.0184288 0.0222837 0.0267845 0.031994 0.0379737 0.0447824 0.0524739 0.0610954 0.0706852 0.081271 0.0928678 0.105477 0.119084 0.13366 0.149157 0.165513 0.182648 0.200467 0.218862 0.237713 0.256888 0.27625 0.295654 0.314954 0.334003 0.352654 0.370767 0.388208 0.404848 0.420569 0.435264 0.448835 0.461194 0.472267 0.481986 0.490299 0.497159 0.502531 0.506387 0.508708 0.509483 0.508708 0.506387 0.502531 0.497159 0.490299 0.481986 0.472267 0.461194 0.448835 0.435264 0.420569 0.404848 0.388208 0.370767 0.352654 0.334003 0.314954 0.295654 0.27625 0.256888 0.237713 0.218862 0.200467 0.182648 0.165513 0.149157 0.13366 0.119084 0.105477 0.0928678 0.081271 0.0706852 0.0610954 0.0524739 0.0447824 0.0379737 0.031994 0.0267845 0.0222837 0.0184288 0.0151578 0.0124109 0.0101316 0.00826777 0.00677298 0.00560675 0.00473536 0.00413218 0.00377801 
0.00409985 0.00422961 0.00462315 0.00529312 0.00626049 0.00755427 0.00921118 0.0112752 0.0137967 0.0168321 0.0204422 0.0246915 0.0296463 0.0353734 0.0419379 0.0494016 0.0578205 0.0672427 0.0777065 0.0892384 0.101851 0.115541 0.130289 0.146058 0.162795 0.180425 0.198861 0.217997 0.237713 0.257878 0.278349 0.298979 0.319613 0.340095 0.36027 0.379985 0.399095 0.41746 0.434951 0.451446 0.466838 0.481029 0.493934 0.50548 0.515602 0.524249 0.531379 0.536958 0.54096 0.543368 0.544171 0.543368 0.54096 0.536958 0.531379 0.524249 0.515602 0.50548 0.493934 0.481029 0.466838 0.451446 0.434951 0.41746 0.399095 0.379985 0.36027 0.340095 0.319613 0.298979 0.278349 0.257878 0.237713 0.217997 0.198861 0.180425 0.162795 0.146058 0.130289 0.115541 0.101851 0.0892384 0.0777065 0.0672427 0.0578205 0.0494016 0.0419379 0.0353734 0.0296463 0.0246915 0.0204422 0.0168321 0.0137967 0.0112752 0.00921118 0.00755427 0.00626049 0.00529312 0.00462315 0.00422961 
0.00456499 0.00470841 0.0051433 0.00588339 0.00695144 0.00837892 0.0102056 0.0124789 0.0152535 0.0185897 0.022553 0.0272122 0.032638 0.0389011 0.0460701 0.0542092 0.0633765 0.0736207 0.0849797 0.0974779 0.111125 0.125913 0.141816 0.158791 0.176774 0.195683 0.215418 0.235863 0.256888 0.278349 0.300094 0.321963 0.343791 0.365415 0.386673 0.407405 0.42746 0.446696 0.464981 0.482195 0.498229 0.512987 0.526388 0.538359 0.548841 0.557785 0.565153 0.570913 0.575042 0.577526 0.578355 0.577526 0.575042 0.570913 0.565153 0.557785 0.548841 0.538359 0.526388 0.512987 0.498229 0.482195 0.464981 0.446696 0.42746 0.407405 0.386673 0.365415 0.343791 0.321963 0.300094 0.278349 0.256888 0.235863 0.215418 0.195683 0.176774 0.158791 0.141816 0.125913 0.111125 0.0974779 0.0849797 0.0736207 0.0633765 0.0542092 0.0460701 0.0389011 0.032638 0.0272122 0.022553 0.0185897 0.0152535 0.0124789 0.0102056 0.00837892 0.00695144 0.00588339 0.0051433 0.00470841 
0.00505436 0.00521202 0.00569 0.00650314 0.00767602 0.00924256 0.0112456 0.0137363 0.016773 0.0204206 0.0247489 0.029831 0.0357418 0.0425558 0.0503447 0.0591754 0.069107 0.0801887 0.0924576 0.105936 0.120628 0.136523 0.153588 0.17177 0.190997 0.211178 0.232201 0.253939 0.27625 0.298979 0.321963 0.34503 0.368009 0.390726 0.413012 0.434704 0.455645 0.475691 0.494709 0.512579 0.529195 0.544463 0.558303 0.570649 0.581445 0.590646 0.598217 0.604132 0.60837 0.610917 0.611767 0.610917 0.60837 0.604132 0.598217 0.590646 0.581445 0.570649 0.558303 0.544463 0.529195 0.512579 0.494709 0.475691 0.455645 0.434704 0.413012 0.390726 0.368009 0.34503 0.321963 0.298979 0.27625 0.253939 0.232201 0.211178 0.190997 0.17177 0.153588 0.136523 0.120628 0.105936 0.0924576 0.0801887 0.069107 0.0591754 0.0503447 0.0425558 0.0357418 0.029831 0.0247489 0.0204206 0.016773 0.0137363 0.0112456 0.00924256 0.00767602 0.00650314 0.00569 0.00521202 
0.00556504 0.00573743 0.00625996 0.0071486 0.00842975 0.0101398 0.0123247 0.0150392 0.0183456 0.022313 0.0270154 0.0325304 0.0389369 0.0463128 0.0547328 0.0642659 0.0749723 0.0869011 0.100088 0.114551 0.130294 0.147296 0.165518 0.184901 0.205361 0.226797 0.249087 0.27209 0.295654 0.319613 0.343791 0.368009 0.392084 0.415837 0.43909 0.461677 0.483437 0.504226 0.52391 0.542371 0.559503 0.575218 0.589441 0.602108 0.61317 0.622586 0.630326 0.636367 0.640693 0.643292 0.644159 0.643292 0.640693 0.636367 0.630326 0.622586 0.61317 0.602108 0.589441 0.575218 0.559503 0.542371 0.52391 0.504226 0.483437 0.461677 0.43909 0.415837 0.392084 0.368009 0.343791 0.319613 0.295654 0.27209 0.249087 0.226797 0.205361 0.184901 0.165518 0.147296 0.130294 0.114551 0.100088 0.0869011 0.0749723 0.0642659 0.0547328 0.0463128 0.0389369 0.0325304 0.0270154 0.022313 0.0183456 0.0150392 0.0123247 0.0101398 0.00842975 0.0071486 0.00625996 0.00573743 
0.00609352 0.00628102 0.00684924 0.00781529 0.00920736 0.0110644 0.0134353 0.0163783 0.0199599 0.024253 0.0293362 0.0352909 0.0421999 0.0501445 0.0592021 0.0694431 0.0809288 0.0937075 0.107813 0.123261 0.140048 0.158149 0.177518 0.198085 0.219757 0.242422 0.265947 0.290179 0.314954 0.340095 0.365415 0.390726 0.415837 0.440559 0.464712 0.488124 0.510633 0.532093 0.552372 0.571353 0.588935 0.605034 0.619579 0.632514 0.643792 0.653381 0.661254 0.667394 0.671787 0.674426 0.675306 0.674426 0.671787 0.667394 0.661254 0.653381 0.643792 0.632514 0.619579 0.605034 0.588935 0.571353 0.552372 0.532093 0.510633 0.488124 0.464712 0.440559 0.415837 0.390726 0.365415 0.340095 0.314954 0.290179 0.265947 0.242422 0.219757 0.198085 0.177518 0.158149 0.140048 0.123261 0.107813 0.0937075 0.0809288 0.0694431 0.0592021 0.0501445 0.0421999 0.0352909 0.0293362 0.024253 0.0199599 0.0163783 0.0134353 0.0110644 0.00920736 0.00781529 0.00684924 0.00628102 
0.00663568 0.00683855 0.00745326 0.008498 0.0100028 0.012009 0.0145685 0.0177432 0.0216032 0.0262256 0.0316929 0.0380906 0.0455051 0.0540206 0.0637169 0.0746661 0.0869293 0.100554 0.115572 0.131995 0.149815 0.168999 0.189493 0.211219 0.234073 0.257932 0.282651 0.308067 0.334003 0.36027 0.386673 0.413012 0.43909 0.464712 0.489692 0.513855 0.537038 0.559095 0.579895 0.599326 0.617291 0.633709 0.648517 0.661664 0.673112 0.682831 0.690803 0.697013 0.701454 0.70412 0.705009 0.70412 0.701454 0.697013 0.690803 0.682831 0.673112 0.661664 0.648517 0.633709 0.617291 0.599326 0.579895 0.559095 0.537038 0.513855 0.489692 0.464712 0.43909 0.413012 0.386673 0.36027 0.334003 0.308067 0.282651 0.257932 0.234073 0.211219 0.189493 0.168999 0.149815 0.131995 0.115572 0.100554 0.0869293 0.0746661 0.0637169 0.0540206 0.0455051 0.0380906 0.0316929 0.0262256 0.0216032 0.0177432 0.0145685 0.012009 0.0100028 0.008498 0.00745326 0.00683855 
0.00718691 0.00740528 0.00806684 0.00919089 0.0108092 0.0129655 0.0157148 0.0191222 0.0232615 0.0282138 0.0340656 0.0409059 0.0488244 0.0579085 0.0682396 0.079891 0.0929239 0.107385 0.123301 0.140683 0.159514 0.179757 0.201347 0.224198 0.248196 0.273205 0.29907 0.325616 0.352654 0.379985 0.407405 0.434704 0.461677 0.488124 0.513855 0.538692 0.562473 0.585052 0.606301 0.626111 0.64439 0.661065 0.676079 0.689386 0.700955 0.710764 0.718801 0.725056 0.729525 0.732207 0.733102 0.732207 0.729525 0.725056 0.718801 0.710764 0.700955 0.689386 0.676079 0.661065 0.64439 0.626111 0.606301 0.585052 0.562473 0.538692 0.513855 0.488124 0.461677 0.434704 0.407405 0.379985 0.352654 0.325616 0.29907 0.273205 0.248196 0.224198 0.201347 0.179757 0.159514 0.140683 0.123301 0.107385 0.0929239 0.079891 0.0682396 0.0579085 0.0488244 0.0409059 0.0340656 0.0282138 0.0232615 0.0191222 0.0157148 0.0129655 0.0108092 0.00919089 0.00806684 0.00740528 
0.00774206 0.00797592 0.00868431 0.00988758 0.0116192 0.0139253 0.0168637 0.0205027 0.0249198 0.0301999 0.0364328 0.0437115 0.0521285 0.0617737 0.0727304 0.0850724 0.0988606 0.11414 0.130935 0.14925 0.169064 0.190332 0.212982 0.236916 0.262011 0.28812 0.315075 0.342691 0.370767 0.399095 0.42746 0.455645 0.483437 0.510633 0.537038 0.562473 0.586775 0.609802 0.631428 0.651548 0.670078 0.68695 0.702112 0.71553 0.727177 0.737039 0.745109 0.751384 0.755865 0.758552 0.759447 0.758552 0.755865 0.751384 0.745109 0.737039 0.727177 0.71553 0.702112 0.68695 0.670078 0.651548 0.631428 0.609802 0.586775 0.562473 0.537038 0.510633 0.483437 0.455645 0.42746 0.399095 0.370767 0.342691 0.315075 0.28812 0.262011 0.236916 0.212982 0.190332 0.169064 0.14925 0.130935 0.11414 0.0988606 0.0850724 0.0727304 0.0617737 0.0521285 0.0437115 0.0364328 0.0301999 0.0249198 0.0205027 0.0168637 0.0139253 0.0116192 0.00988758 0.00868431 0.00797592 
0.00829562 0.00854481 0.00929954 0.0105812 0.0124249 0.0148789 0.018004 0.0218714 0.0265622 0.0321647 0.0387723 0.0464811 0.0553865 0.0655806 0.0771481 0.0901632 0.104686 0.120759 0.138405 0.157622 0.178384 0.200637 0.224302 0.24927 0.275408 0.302558 0.330542 0.359161 0.388208 0.41746 0.446696 0.475691 0.504226 0.532093 0.559095 0.585052 0.609802 0.633204 0.655138 0.675504 0.694223 0.711235 0.726496 0.739977 0.751662 0.761543 0.769618 0.775891 0.780366 0.783049 0.783943 0.783049 0.780366 0.775891 0.769618 0.761543 0.751662 0.739977 0.726496 0.711235 0.694223 0.675504 0.655138 0.633204 0.609802 0.585052 0.559095 0.532093 0.504226 0.475691 0.446696 0.41746 0.388208 0.359161 0.330542 0.302558 0.275408 0.24927 0.224302 0.200637 0.178384 0.157622 0.138405 0.120759 0.104686 0.0901632 0.0771481 0.0655806 0.0553865 0.0464811 0.0387723 0.0321647 0.0265622 0.0218714 0.018004 0.0148789 0.0124249 0.0105812 0.00929954 0.00854481 
0.00884174 0.00910594 0.00990605 0.0112644 0.0132177 0.0158166 0.019124 0.0232145 0.0281723 0.0340888 0.041061 0.0491877 0.058567 0.0692927 0.0814509 0.0951158 0.110347 0.127183 0.145645 0.165725 0.187392 0.210583 0.235211 0.261157 0.288279 0.316406 0.345351 0.374905 0.404848 0.434951 0.464981 0.494709 0.52391 0.552372 0.579895 0.606301 0.631428 0.655138 0.677316 0.697867 0.71672 0.73382 0.749134 0.762638 0.774325 0.784193 0.792249 0.7985 0.802957 0.805627 0.806516 0.805627 0.802957 0.7985 0.792249 0.784193 0.774325 0.762638 0.749134 0.73382 0.71672 0.697867 0.677316 0.655138 0.631428 0.606301 0.579895 0.552372 0.52391 0.494709 0.464981 0.434951 0.404848 0.374905 0.345351 0.316406 0.288279 0.261157 0.235211 0.210583 0.187392 0.165725 0.145645 0.127183 0.110347 0.0951158 0.0814509 0.0692927 0.058567 0.0491877 0.041061 0.0340888 0.0281723 0.0232145 0.019124 0.0158166 0.0132177 0.0112644 0.00990605 0.00910594 
0.00937432 0.00965308 0.0104972 0.0119298 0.0139893 0.0167281 0.0202118 0.0245178 0.029733 0.0359523 0.0432754 0.0518038 0.061638 0.0728735 0.0855969 0.0998826 0.115788 0.133352 0.152589 0.173487 0.196008 0.220084 0.245617 0.27248 0.300519 0.329556 0.359391 0.389805 0.420569 0.451446 0.482195 0.512579 0.542371 0.571353 0.599326 0.626111 0.651548 0.675504 0.697867 0.71855 0.737486 0.754631 0.769956 0.783448 0.795106 0.804937 0.812951 0.819165 0.823591 0.826242 0.827124 0.826242 0.823591 0.819165 0.812951 0.804937 0.795106 0.783448 0.769956 0.754631 0.737486 0.71855 0.697867 0.675504 0.651548 0.626111 0.599326 0.571353 0.542371 0.512579 0.482195 0.451446 0.420569 0.389805 0.359391 0.329556 0.300519 0.27248 0.245617 0.220084 0.196008 0.173487 0.152589 0.133352 0.115788 0.0998826 0.0855969 0.0728735 0.061638 0.0518038 0.0432754 0.0359523 0.029733 0.0245178 0.0202118 0.0167281 0.0139893 0.0119298 0.0104972 0.00965308 
