9.65267e-20 7.80152e-20 1.77578e-19 5.41852e-19 1.67692e-18 5.08531e-18 1.50565e-17 4.34995e-17 1.226e-16 3.37018e-16 9.03438e-16 2.36135e-15 6.01711e-15 1.49466e-14 3.61913e-14 8.54201e-14 1.96524e-13 4.40747e-13 9.63627e-13 2.05405e-12 4.26913e-12 8.65246e-12 1.71024e-11 3.2971e-11 6.20015e-11 1.13735e-10 2.03526e-10 3.55294e-10 6.0505e-10 1.00511e-09 1.62865e-09 2.57389e-09 3.96696e-09 5.96172e-09 8.73517e-09 1.24765e-08 1.73689e-08 2.35648e-08 3.1156e-08 4.01436e-08 5.04139e-08 6.17262e-08 7.37189e-08 8.59345e-08 9.7861e-08 1.08982e-07 1.18824e-07 1.2699e-07 1.33181e-07 1.37193e-07 1.38904e-07 1.38265e-07 1.35292e-07 1.30069e-07 1.22762e-07 1.13631e-07 1.03037e-07 9.14267e-08 7.93061e-08 6.71941e-08 5.55732e-08 4.48448e-08 3.52981e-08 2.70973e-08 2.02878e-08 1.48154e-08 1.05542e-08 7.33572e-09 4.97567e-09 3.29409e-09 2.12898e-09 1.3435e-09 8.27934e-10 4.98315e-10 2.92961e-10 1.68248e-10 9.43957e-11 5.17408e-11 2.77078e-11 1.44963e-11 7.4096e-12 3.70002e-12 1.80498e-12 8.60178e-13 4.00447e-13 1.82113e-13 8.09059e-14 3.51138e-14 1.48888e-14 6.16825e-15 2.49706e-15 9.87919e-16 3.82036e-16 1.44429e-16 5.33901e-17 1.93025e-17 6.82688e-18 2.36288e-18 8.01557e-19 2.70498e-19 
7.80152e-20 6.27954e-20 1.46041e-19 4.54983e-19 1.43525e-18 4.43456e-18 1.33749e-17 3.93549e-17 1.12942e-16 3.16054e-16 8.62229e-16 2.29277e-15 5.94168e-15 1.50043e-14 3.69185e-14 8.85053e-14 2.06721e-13 4.70432e-13 1.04309e-12 2.25367e-12 4.74501e-12 9.73651e-12 1.9473e-11 3.79632e-11 7.21492e-11 1.3368e-10 2.41483e-10 4.25307e-10 7.30319e-10 1.22266e-09 1.99552e-09 3.17496e-09 4.92388e-09 7.44243e-09 1.09624e-08 1.57332e-08 2.19987e-08 2.99639e-08 3.97556e-08 5.13817e-08 6.4698e-08 7.93918e-08 9.49889e-08 1.10887e-07 1.26411e-07 1.40882e-07 1.53677e-07 1.64283e-07 1.72311e-07 1.77502e-07 1.79703e-07 1.78852e-07 1.7497e-07 1.68163e-07 1.58642e-07 1.46744e-07 1.32938e-07 1.17812e-07 1.02031e-07 8.6278e-08 7.1188e-08 5.72862e-08 4.49477e-08 3.43815e-08 2.56388e-08 1.86407e-08 1.32154e-08 9.13738e-09 6.16267e-09 4.05508e-09 2.60368e-09 1.63156e-09 9.97938e-10 5.95856e-10 3.47344e-10 1.97692e-10 1.09864e-10 5.96174e-11 3.15898e-11 1.63448e-11 8.25775e-12 4.0737e-12 1.96224e-12 9.22877e-13 4.23804e-13 1.9003e-13 8.3201e-14 3.55722e-14 1.48527e-14 6.05698e-15 2.41283e-15 9.3904e-16 3.57116e-16 1.32737e-16 4.82315e-17 1.71369e-17 5.95537e-18 2.02502e-18 6.74708e-19 2.23456e-19 
1.77578e-19 1.46041e-19 3.46804e-19 1.08995e-18 3.45949e-18 1.0748e-17 3.25814e-17 9.63167e-17 2.77587e-16 7.79749e-16 2.13439e-15 5.69213e-15 1.47872e-14 3.74159e-14 9.22026e-14 2.21271e-13 5.17125e-13 1.17696e-12 2.60887e-12 5.6325e-12 1.18455e-11 2.42697e-11 4.84494e-11 9.42505e-11 1.7869e-10 3.30208e-10 5.94811e-10 1.04449e-09 1.78803e-09 2.98398e-09 4.85472e-09 7.69943e-09 1.19029e-08 1.79353e-08 2.63379e-08 3.76899e-08 5.2552e-08 7.13899e-08 9.4482e-08 1.21827e-07 1.53067e-07 1.87454e-07 2.23868e-07 2.609e-07 2.96978e-07 3.30532e-07 3.60135e-07 3.84612e-07 4.03088e-07 4.1498e-07 4.19953e-07 4.17872e-07 4.08783e-07 3.92927e-07 3.70784e-07 3.4312e-07 3.11013e-07 2.75815e-07 2.39065e-07 2.02349e-07 1.67141e-07 1.34669e-07 1.0581e-07 8.10607e-08 6.05498e-08 4.41026e-08 3.13271e-08 2.17043e-08 1.46693e-08 9.67351e-09 6.22484e-09 3.9093e-09 2.39631e-09 1.43383e-09 8.37511e-10 4.77573e-10 2.65859e-10 1.44486e-10 7.66571e-11 3.97023e-11 2.00722e-11 9.90534e-12 4.7711e-12 2.24299e-12 1.02916e-12 4.60883e-13 2.01446e-13 8.59426e-14 3.57912e-14 1.45516e-14 5.77657e-15 2.23938e-15 8.47941e-16 3.13673e-16 1.13387e-16 4.00622e-17 1.38391e-17 4.67577e-18 1.54741e-18 5.09012e-19 
5.41852e-19 4.54983e-19 1.08995e-18 3.42222e-18 1.08372e-17 3.35836e-17 1.01531e-16 2.99291e-16 8.59968e-16 2.40799e-15 6.56921e-15 1.7457e-14 4.51803e-14 1.13866e-13 2.79426e-13 6.67635e-13 1.55312e-12 3.51782e-12 7.75842e-12 1.66627e-11 3.48531e-11 7.10109e-11 1.40949e-10 2.726e-10 5.1378e-10 9.43798e-10 1.68999e-09 2.95006e-09 5.02057e-09 8.33039e-09 1.34765e-08 2.12559e-08 3.26857e-08 4.89991e-08 7.16034e-08 1.0199e-07 1.41585e-07 1.91552e-07 2.52551e-07 3.24508e-07 4.06428e-07 4.96309e-07 5.91207e-07 6.87452e-07 7.80987e-07 8.67775e-07 9.44176e-07 1.00721e-06 1.05467e-06 1.08509e-06 1.09765e-06 1.09202e-06 1.06831e-06 1.02714e-06 9.69719e-07 8.98004e-07 8.14739e-07 7.23392e-07 6.27914e-07 5.32389e-07 4.40635e-07 3.55839e-07 2.80306e-07 2.15357e-07 1.61372e-07 1.17942e-07 8.40854e-08 5.84856e-08 3.96929e-08 2.62888e-08 1.69932e-08 1.07218e-08 6.60373e-09 3.97064e-09 2.33075e-09 1.33568e-09 7.47256e-10 4.08118e-10 2.17583e-10 1.1323e-10 5.7512e-11 2.85093e-11 1.37917e-11 6.51068e-12 2.99916e-12 1.34813e-12 5.91339e-13 2.53123e-13 1.05744e-13 4.31179e-14 1.71632e-14 6.67048e-15 2.53173e-15 9.38591e-16 3.39969e-16 1.20342e-16 4.16425e-17 1.40919e-17 4.67067e-18 1.53952e-18 
1.67692e-18 1.43525e-18 3.45949e-18 1.08372e-17 3.42038e-17 1.05624e-16 3.18174e-16 9.34417e-16 2.67459e-15 7.45936e-15 2.0266e-14 5.36247e-14 1.38171e-13 3.46624e-13 8.4654e-13 2.01259e-12 4.65773e-12 1.04933e-11 2.30146e-11 4.91458e-11 1.02193e-10 2.06958e-10 4.08266e-10 7.84666e-10 1.46956e-09 2.68242e-09 4.77275e-09 8.27885e-09 1.40015e-08 2.30897e-08 3.71293e-08 5.82209e-08 8.90227e-08 1.3273e-07 1.92956e-07 2.73489e-07 3.77907e-07 5.09061e-07 6.68479e-07 8.55781e-07 1.06823e-06 1.30054e-06 1.54507e-06 1.79238e-06 2.03211e-06 2.25404e-06 2.44899e-06 2.60948e-06 2.73002e-06 2.80701e-06 2.8384e-06 2.8234e-06 2.76232e-06 2.65669e-06 2.50954e-06 2.32577e-06 2.11233e-06 1.87796e-06 1.6327e-06 1.38694e-06 1.15044e-06 9.31383e-07 7.35758e-07 5.67057e-07 4.26375e-07 3.1279e-07 2.23898e-07 1.56399e-07 1.06624e-07 7.09516e-08 4.6089e-08 2.92276e-08 1.80955e-08 1.09382e-08 6.45529e-09 3.7194e-09 2.09217e-09 1.14883e-09 6.15769e-10 3.22134e-10 1.64464e-10 8.19362e-11 3.98307e-11 1.88915e-11 8.74186e-12 3.94661e-12 1.73835e-12 7.47076e-13 3.13289e-13 1.28213e-13 5.12142e-14 1.9971e-14 7.60417e-15 2.82779e-15 1.02729e-15 3.64678e-16 1.26538e-16 4.29349e-17 1.42683e-17 4.71824e-18 
5.08531e-18 4.43456e-18 1.0748e-17 3.35836e-17 1.05624e-16 3.24983e-16 9.75275e-16 2.85312e-15 8.13399e-15 2.25921e-14 6.11187e-14 1.61011e-13 4.12974e-13 1.03111e-12 2.50586e-12 5.92715e-12 1.36446e-11 3.05713e-11 6.66703e-11 1.41535e-10 2.9253e-10 5.88753e-10 1.15408e-09 2.20381e-09 4.10051e-09 7.43564e-09 1.31431e-08 2.26491e-08 3.80571e-08 6.23592e-08 9.96505e-08 1.55308e-07 2.36078e-07 3.49992e-07 5.06048e-07 7.13572e-07 9.81242e-07 1.31581e-06 1.72062e-06 2.19425e-06 2.72939e-06 3.31251e-06 3.92434e-06 4.54133e-06 5.13787e-06 5.68879e-06 6.17165e-06 6.5683e-06 6.8655e-06 7.0546e-06 7.13077e-06 7.09212e-06 6.93945e-06 6.67642e-06 6.31042e-06 5.85337e-06 5.32222e-06 4.73844e-06 4.12671e-06 3.51269e-06 2.92059e-06 2.37085e-06 1.87856e-06 1.45268e-06 1.0963e-06 8.07445e-07 5.80442e-07 4.07292e-07 2.78995e-07 1.86581e-07 1.21828e-07 7.7671e-08 4.83515e-08 2.939e-08 1.74427e-08 1.01071e-08 5.71753e-09 3.15725e-09 1.70169e-09 8.95088e-10 4.59423e-10 2.30074e-10 1.12406e-10 5.35726e-11 2.49061e-11 1.12946e-11 4.99632e-12 2.15609e-12 9.07737e-13 3.72896e-13 1.49493e-13 5.84983e-14 2.23485e-14 8.33763e-15 3.03836e-15 1.08183e-15 3.76476e-16 1.28102e-16 4.26919e-17 1.41661e-17 
1.50565e-17 1.33749e-17 3.25814e-17 1.01531e-16 3.18174e-16 9.75275e-16 2.9155e-15 8.49533e-15 2.41206e-14 6.67129e-14 1.79694e-13 4.71259e-13 1.20309e-12 2.98939e-12 7.22858e-12 1.7009e-11 3.89444e-11 8.67681e-11 1.88128e-10 3.96984e-10 8.15431e-10 1.63073e-09 3.17578e-09 6.0242e-09 1.11335e-08 2.00521e-08 3.52026e-08 6.02517e-08 1.00559e-07 1.6368e-07 2.59861e-07 4.02433e-07 6.07965e-07 8.95993e-07 1.28817e-06 1.80667e-06 2.47178e-06 3.29885e-06 4.29481e-06 5.45492e-06 6.76039e-06 8.17766e-06 9.65971e-06 1.11498e-05 1.25865e-05 1.391e-05 1.50674e-05 1.60161e-05 1.67251e-05 1.71746e-05 1.73534e-05 1.72573e-05 1.68881e-05 1.62545e-05 1.53736e-05 1.42736e-05 1.29944e-05 1.15869e-05 1.01098e-05 8.62447e-06 7.18894e-06 5.85264e-06 4.65237e-06 3.61054e-06 2.73543e-06 2.02322e-06 1.461e-06 1.03009e-06 7.09178e-07 4.7677e-07 3.13008e-07 2.00679e-07 1.25644e-07 7.68179e-08 4.58598e-08 2.67307e-08 1.52106e-08 8.44852e-09 4.57981e-09 2.42258e-09 1.25029e-09 6.29478e-10 3.09129e-10 1.48064e-10 6.91652e-11 3.15097e-11 1.40001e-11 6.06703e-12 2.56462e-12 1.05762e-12 4.25576e-13 1.67128e-13 6.40686e-14 2.39816e-14 8.76728e-15 3.13135e-15 1.09298e-15 3.72997e-16 1.24671e-16 4.15167e-17 
4.34995e-17 3.93549e-17 9.63167e-17 2.99291e-16 9.34417e-16 2.85312e-15 8.49533e-15 2.46533e-14 6.97045e-14 1.91958e-13 5.1475e-13 1.34376e-12 3.41422e-12 8.44168e-12 2.03084e-11 4.75325e-11 1.08233e-10 2.39765e-10 5.16772e-10 1.0838e-09 2.2121e-09 4.39502e-09 8.50193e-09 1.60174e-08 2.9397e-08 5.25743e-08 9.16468e-08 1.55755e-07 2.58134e-07 4.17262e-07 6.57958e-07 1.0122e-06 1.51933e-06 2.22527e-06 3.18032e-06 4.4353e-06 6.03587e-06 8.01542e-06 1.03872e-05 1.31371e-05 1.62183e-05 1.95504e-05 2.30226e-05 2.65024e-05 2.98481e-05 3.29223e-05 3.56041e-05 3.77973e-05 3.94324e-05 4.0465e-05 4.08706e-05 4.064e-05 3.97775e-05 3.83022e-05 3.62532e-05 3.3694e-05 3.07155e-05 2.74343e-05 2.39851e-05 2.05096e-05 1.71425e-05 1.39992e-05 1.11667e-05 8.69923e-06 6.6182e-06 4.91707e-06 3.56775e-06 2.52828e-06 1.74991e-06 1.18299e-06 7.81123e-07 5.03764e-07 3.1731e-07 1.95188e-07 1.17245e-07 6.87615e-08 3.93677e-08 2.19989e-08 1.19964e-08 6.38276e-09 3.3128e-09 1.67705e-09 8.27947e-10 3.98587e-10 1.87104e-10 8.56401e-11 3.82222e-11 1.66353e-11 7.06105e-12 2.92346e-12 1.18085e-12 4.65433e-13 1.79055e-13 6.72508e-14 2.46669e-14 8.8383e-15 3.09456e-15 1.05927e-15 3.55128e-16 1.187e-16 
1.226e-16 1.12942e-16 2.77587e-16 8.59968e-16 2.67459e-15 8.13399e-15 2.41206e-14 6.97045e-14 1.96234e-13 5.38018e-13 1.43616e-12 3.73147e-12 9.43481e-12 2.32102e-11 5.55459e-11 1.29303e-10 2.92773e-10 6.44788e-10 1.38132e-09 2.87881e-09 5.83777e-09 1.1521e-08 2.21339e-08 4.14067e-08 7.54511e-08 1.33961e-07 2.31815e-07 3.91095e-07 6.4345e-07 1.03262e-06 1.61677e-06 2.47004e-06 3.68269e-06 5.35887e-06 7.61125e-06 1.0552e-05 1.42798e-05 1.8864e-05 2.43274e-05 3.06307e-05 3.76618e-05 4.52342e-05 5.30956e-05 6.09481e-05 6.84752e-05 7.5373e-05 8.13756e-05 8.62728e-05 8.99146e-05 9.22058e-05 9.30944e-05 9.25612e-05 9.06156e-05 8.72989e-05 8.26957e-05 7.69445e-05 7.02451e-05 6.28545e-05 5.50716e-05 4.72115e-05 3.95763e-05 3.24268e-05 2.59617e-05 2.03075e-05 1.55181e-05 1.15845e-05 8.44839e-06 6.0192e-06 4.18963e-06 2.84894e-06 1.89256e-06 1.22815e-06 7.78488e-07 4.81945e-07 2.91358e-07 1.71974e-07 9.90879e-08 5.57195e-08 3.05722e-08 1.6364e-08 8.54288e-09 4.3491e-09 2.1588e-09 1.04471e-09 4.92869e-10 2.26677e-10 1.01635e-10 4.44296e-11 1.89386e-11 7.87296e-12 3.1925e-12 1.26306e-12 4.87674e-13 1.83808e-13 6.76486e-14 2.4319e-14 8.54219e-15 2.93318e-15 9.86475e-16 3.30998e-16 
3.37018e-16 3.16054e-16 7.79749e-16 2.40799e-15 7.45936e-15 2.25921e-14 6.67129e-14 1.91958e-13 5.38018e-13 1.46839e-12 3.90131e-12 1.00876e-11 2.5379e-11 6.21121e-11 1.47852e-10 3.42275e-10 7.70543e-10 1.68689e-09 3.59147e-09 7.43703e-09 1.49811e-08 2.93634e-08 5.60147e-08 1.04032e-07 1.8817e-07 3.31591e-07 5.69476e-07 9.53484e-07 1.55687e-06 2.47979e-06 3.85394e-06 5.84541e-06 8.65399e-06 1.25075e-05 1.76489e-05 2.43162e-05 3.27139e-05 4.29788e-05 5.51439e-05 6.91064e-05 8.46072e-05 0.000101229 0.000118418 0.000135527 0.000151876 0.000166815 0.000179783 0.000190336 0.000198164 0.00020307 0.000204949 0.000203762 0.000199528 0.000192333 0.000182354 0.00016988 0.000155335 0.000139264 0.000122306 0.000105137 8.84118e-05 7.26979e-05 5.84344e-05 4.59068e-05 3.52461e-05 2.64454e-05 1.93906e-05 1.3894e-05 9.72863e-06 6.65648e-06 4.45019e-06 2.90677e-06 1.85476e-06 1.15594e-06 7.0352e-07 4.18034e-07 2.42458e-07 1.37228e-07 7.57744e-08 4.08101e-08 2.14331e-08 1.09746e-08 5.47794e-09 2.66516e-09 1.26381e-09 5.84107e-10 2.63131e-10 1.15548e-10 4.94674e-11 2.065e-11 8.40727e-12 3.3391e-12 1.29407e-12 4.89514e-13 1.80794e-13 6.5216e-14 2.29839e-14 7.91784e-15 2.67163e-15 9.00028e-16 
9.03438e-16 8.62229e-16 2.13439e-15 6.56921e-15 2.0266e-14 6.11187e-14 1.79694e-13 5.1475e-13 1.43616e-12 3.90131e-12 1.03154e-11 2.65406e-11 6.64312e-11 1.61725e-10 3.82868e-10 8.81323e-10 1.97243e-09 4.29181e-09 9.07975e-09 1.86787e-08 3.73712e-08 7.27349e-08 1.3775e-07 2.53935e-07 4.55827e-07 7.97054e-07 1.35818e-06 2.25617e-06 3.65502e-06 5.77636e-06 8.90827e-06 1.34097e-05 1.9707e-05 2.828e-05 3.96329e-05 5.42502e-05 7.25368e-05 9.47475e-05 0.000120914 0.000150782 0.000183775 0.000218992 0.000255261 0.000291227 0.00032548 0.000356688 0.000383704 0.000405637 0.000421862 0.000431993 0.000435823 0.000433278 0.000424398 0.000409352 0.000388491 0.000362402 0.000331943 0.00029823 0.000262577 0.000226384 0.000191015 0.000157663 0.000127266 0.000100447 7.75089e-05 5.84699e-05 4.31181e-05 3.10823e-05 2.19013e-05 1.50832e-05 1.01517e-05 6.67645e-06 4.28979e-06 2.69228e-06 1.65004e-06 9.87287e-07 5.76557e-07 3.28524e-07 1.82596e-07 9.89693e-08 5.22985e-08 2.69383e-08 1.3523e-08 6.61541e-09 3.15352e-09 1.46484e-09 6.63081e-10 2.92528e-10 1.25793e-10 5.27373e-11 2.15599e-11 8.59714e-12 3.34472e-12 1.26997e-12 4.70754e-13 1.70413e-13 6.0266e-14 2.08317e-14 7.05301e-15 2.38598e-15 
2.36135e-15 2.29277e-15 5.69213e-15 1.7457e-14 5.36247e-14 1.61011e-13 4.71259e-13 1.34376e-12 3.73147e-12 1.00876e-11 2.65406e-11 6.79387e-11 1.69159e-10 4.09584e-10 9.64226e-10 2.2067e-09 4.90902e-09 1.06151e-08 2.23123e-08 4.55933e-08 9.05873e-08 1.75044e-07 3.29053e-07 6.01975e-07 1.07215e-06 1.85984e-06 3.1436e-06 5.17963e-06 8.32276e-06 1.30467e-05 1.99593e-05 2.98086e-05 4.3471e-05 6.19182e-05 8.6155e-05 0.000117126 0.000155595 0.000202006 0.00025634 0.000318002 0.000385751 0.00045772 0.000531513 0.000604405 0.000673583 0.000736414 0.000790654 0.000834574 0.000866979 0.000887135 0.000894659 0.000889415 0.000871477 0.000841167 0.000799154 0.000746575 0.000685102 0.000616929 0.000544656 0.000471075 0.000398918 0.000330611 0.000268079 0.000212634 0.000164957 0.000125152 9.28542e-05 6.73637e-05 4.77825e-05 3.31342e-05 2.24587e-05 1.48768e-05 9.62844e-06 6.08707e-06 3.75787e-06 2.26474e-06 1.33198e-06 7.64251e-07 4.27656e-07 2.33317e-07 1.24073e-07 6.42986e-08 3.24671e-08 1.59721e-08 7.65485e-09 3.57415e-09 1.62592e-09 7.20718e-10 3.11346e-10 1.31105e-10 5.3827e-11 2.15525e-11 8.41858e-12 3.20892e-12 1.19399e-12 4.33817e-13 1.53971e-13 5.341e-14 1.81474e-14 6.16591e-15 
6.01711e-15 5.94168e-15 1.47872e-14 4.51803e-14 1.38171e-13 4.12974e-13 1.20309e-12 3.41422e-12 9.43481e-12 2.5379e-11 6.64312e-11 1.69159e-10 4.18911e-10 1.00867e-09 2.36094e-09 5.3711e-09 1.18752e-08 2.5515e-08 5.3277e-08 1.08122e-07 2.13299e-07 4.09135e-07 7.63273e-07 1.38544e-06 2.44775e-06 4.21132e-06 7.05899e-06 1.15332e-05 1.83754e-05 2.85626e-05 4.3332e-05 6.4184e-05 9.28519e-05 0.000131226 0.000181225 0.000244608 0.000322743 0.000416339 0.000525188 0.000647959 0.000782091 0.000923846 0.00106852 0.00121084 0.00134541 0.00146723 0.00157209 0.00165677 0.00171908 0.00175769 0.00177192 0.00176154 0.00172667 0.0016679 0.00158645 0.00148442 0.00136494 0.00123216 0.001091 0.000946835 0.000804926 0.000670015 0.000545914 0.000435294 0.000339619 0.000259239 0.000193578 0.000141387 0.000100994 7.05421e-05 4.81697e-05 3.21491e-05 2.09658e-05 1.33557e-05 8.30778e-06 5.04437e-06 2.98862e-06 1.7271e-06 9.73188e-07 5.34527e-07 2.86101e-07 1.49194e-07 7.57874e-08 3.74984e-08 1.8071e-08 8.48238e-09 3.8784e-09 1.72761e-09 7.49846e-10 3.17195e-10 1.30803e-10 5.25982e-11 2.06306e-11 7.89556e-12 2.94937e-12 1.07572e-12 3.83229e-13 1.33426e-13 4.55032e-14 1.55308e-14 
1.49466e-14 1.50043e-14 3.74159e-14 1.13866e-13 3.46624e-13 1.03111e-12 2.98939e-12 8.44168e-12 2.32102e-11 6.21121e-11 1.61725e-10 4.09584e-10 1.00867e-09 2.4148e-09 5.61886e-09 1.2705e-08 2.79131e-08 5.95831e-08 1.23573e-07 2.49028e-07 4.87709e-07 9.28463e-07 1.71867e-06 3.09463e-06 5.42252e-06 9.25079e-06 1.53732e-05 2.48991e-05 3.93243e-05 6.05917e-05 9.1126e-05 0.000133823 0.000191976 0.00026911 0.00036873 0.000493958 0.0006471 0.000829166 0.00103941 0.00127501 0.00153087 0.0017998 0.00207293 0.00234042 0.00259237 0.00281967 0.00301471 0.00317179 0.00328704 0.0033582 0.0033841 0.00336437 0.00329921 0.00318961 0.00303772 0.00284724 0.00262379 0.00237485 0.00210944 0.0018374 0.00156854 0.00131174 0.0010743 0.000861432 0.000676171 0.000519474 0.00039055 0.000287292 0.000206739 0.000145506 0.000100134 6.73593e-05 4.42775e-05 2.843e-05 1.78239e-05 1.09065e-05 6.51086e-06 3.79044e-06 2.15117e-06 1.18973e-06 6.41047e-07 3.36434e-07 1.71955e-07 8.55836e-08 4.14782e-08 1.95757e-08 8.99761e-09 4.0282e-09 1.75692e-09 7.4671e-10 3.09333e-10 1.2494e-10 4.92166e-11 1.89149e-11 7.09457e-12 2.59796e-12 9.29154e-13 3.2474e-13 1.11178e-13 3.81265e-14 
3.61913e-14 3.69185e-14 9.22026e-14 2.79426e-13 8.4654e-13 2.50586e-12 7.22858e-12 2.03084e-11 5.55459e-11 1.47852e-10 3.82868e-10 9.64226e-10 2.36094e-09 5.61886e-09 1.29948e-08 2.91991e-08 6.37364e-08 1.35142e-07 2.78343e-07 5.56905e-07 1.08258e-06 2.04509e-06 3.75557e-06 6.70681e-06 1.16527e-05 1.97076e-05 3.24615e-05 5.21052e-05 8.15489e-05 0.000124515 0.000185576 0.000270104 0.000384095 0.000533847 0.000725464 0.000964201 0.00125369 0.00159511 0.00198645 0.00242193 0.00289187 0.00338296 0.00387912 0.00436278 0.00481645 0.00522424 0.00557305 0.00585315 0.00605809 0.00618415 0.00622949 0.00619349 0.00607651 0.00588013 0.00560788 0.00526604 0.0048642 0.00441533 0.00393521 0.00344119 0.00295077 0.00248001 0.00204227 0.00164741 0.00130144 0.0010067 0.000762322 0.000565002 0.000409761 0.000290709 0.000201696 0.000136801 9.06696e-05 5.86986e-05 3.71012e-05 2.28845e-05 1.37686e-05 8.07676e-06 4.61759e-06 2.57199e-06 1.39533e-06 7.37117e-07 3.7913e-07 1.89843e-07 9.25447e-08 4.3922e-08 2.02972e-08 9.13442e-09 4.00415e-09 1.71013e-09 7.11802e-10 2.88823e-10 1.14285e-10 4.41143e-11 1.6617e-11 6.11041e-12 2.1943e-12 7.69988e-13 2.64681e-13 9.12166e-14 
8.54201e-14 8.85053e-14 2.21271e-13 6.67635e-13 2.01259e-12 5.92715e-12 1.7009e-11 4.75325e-11 1.29303e-10 3.42275e-10 8.81323e-10 2.2067e-09 5.3711e-09 1.2705e-08 2.91991e-08 6.51871e-08 1.41347e-07 2.97647e-07 6.08694e-07 1.20894e-06 2.33223e-06 4.37118e-06 7.96191e-06 1.40992e-05 2.42849e-05 4.07071e-05 6.64428e-05 0.000105666 0.000163834 0.000247812 0.000365887 0.000527618 0.000743466 0.00102417 0.00137983 0.0018188 0.00234634 0.00296325 0.00366476 0.00443967 0.00527027 0.00613291 0.00699963 0.00784032 0.00862543 0.00932843 0.00992773 0.0104075 0.0107576 0.0109721 0.0110484 0.0109854 0.0107838 0.0104459 0.00997731 0.00938798 0.00869364 0.00791576 0.00708072 0.00621791 0.00535722 0.00452652 0.0037494 0.00304373 0.00242095 0.00188625 0.00143926 0.0010752 0.000786184 0.000562461 0.000393577 0.000269247 0.000179993 0.000117524 7.49108e-05 4.65888e-05 2.82567e-05 1.67056e-05 9.62316e-06 5.39925e-06 2.94972e-06 1.5688e-06 8.12136e-07 4.09203e-07 2.00677e-07 9.57936e-08 4.45154e-08 2.01417e-08 8.87549e-09 3.80987e-09 1.5936e-09 6.49729e-10 2.58296e-10 1.00158e-10 3.78959e-11 1.39958e-11 5.04748e-12 1.7786e-12 6.13975e-13 2.12683e-13 
1.96524e-13 2.06721e-13 5.17125e-13 1.55312e-12 4.65773e-12 1.36446e-11 3.89444e-11 1.08233e-10 2.92773e-10 7.70543e-10 1.97243e-09 4.90902e-09 1.18752e-08 2.79131e-08 6.37364e-08 1.41347e-07 3.04389e-07 6.36463e-07 1.29211e-06 2.54699e-06 4.87536e-06 9.06415e-06 1.63727e-05 2.87443e-05 4.90718e-05 8.15073e-05 0.000131799 0.000207615 0.000318811 0.000477562 0.000698287 0.000997281 0.00139198 0.00189981 0.00253663 0.0033148 0.00424112 0.00531468 0.0065252 0.00785195 0.00926381 0.0107206 0.0121756 0.0135794 0.0148844 0.0160481 0.0170366 0.0178255 0.0183994 0.0187499 0.0188731 0.0187677 0.0184345 0.0178767 0.0171025 0.0161273 0.0149753 0.0136806 0.0122852 0.0108368 0.00938433 0.00797417 0.0066463 0.00543183 0.00435166 0.00341653 0.00262787 0.00197958 0.00145994 0.00105369 0.000743894 0.000513469 0.000346332 0.00022814 0.000146687 9.20075e-05 5.62674e-05 3.35336e-05 1.9467e-05 1.10042e-05 6.05518e-06 3.24277e-06 1.68993e-06 8.56959e-07 4.22865e-07 2.03063e-07 9.49091e-08 4.31837e-08 1.91324e-08 8.25608e-09 3.47109e-09 1.42229e-09 5.68182e-10 2.21371e-10 8.41481e-11 3.12193e-11 1.13091e-11 4.00247e-12 1.38775e-12 4.83298e-13 
4.40747e-13 4.70432e-13 1.17696e-12 3.51782e-12 1.04933e-11 3.05713e-11 8.67681e-11 2.39765e-10 6.44788e-10 1.68689e-09 4.29181e-09 1.06151e-08 2.5515e-08 5.95831e-08 1.35142e-07 2.97647e-07 6.36463e-07 1.32116e-06 2.6621e-06 5.20702e-06 9.88769e-06 1.82316e-05 3.26519e-05 5.68211e-05 9.61255e-05 0.000158175 0.000253331 0.000395171 0.000600821 0.00089102 0.00128982 0.00182378 0.00252059 0.00340709 0.00450665 0.00583619 0.00740295 0.00920151 0.0112114 0.013396 0.0157029 0.0180666 0.0204126 0.0226635 0.0247454 0.0265939 0.0281583 0.0294026 0.0303052 0.0308543 0.0310453 0.0308765 0.0303485 0.0294658 0.0282393 0.0266912 0.0248573 0.0227888 0.0205498 0.0182141 0.0158585 0.0135567 0.0113739 0.00936201 0.00755761 0.00598149 0.0046397 0.00352578 0.00262373 0.00191106 0.00136174 0.000948701 0.000645831 0.00042933 0.000278532 0.00017624 0.0001087 6.53171e-05 3.82207e-05 2.17713e-05 1.20686e-05 6.50927e-06 3.41553e-06 1.74349e-06 8.65824e-07 4.18347e-07 1.96702e-07 9.002e-08 4.01083e-08 1.74028e-08 7.35581e-09 3.02979e-09 1.21652e-09 4.76326e-10 1.81942e-10 6.78218e-11 2.46824e-11 8.77528e-12 3.05657e-12 1.07041e-12 
9.63627e-13 1.04309e-12 2.60887e-12 7.75842e-12 2.30146e-11 6.66703e-11 1.88128e-10 5.16772e-10 1.38132e-09 3.59147e-09 9.07975e-09 2.23123e-08 5.3277e-08 1.23573e-07 2.78343e-07 6.08694e-07 1.29211e-06 2.6621e-06 5.32282e-06 1.03288e-05 1.94534e-05 3.55671e-05 6.31443e-05 0.000108897 0.000182518 0.000297475 0.000471774 0.000728572 0.00109648 0.00160939 0.0023057 0.00322671 0.0044142 0.00590711 0.00773757 0.0099263 0.0124781 0.0153779 0.0185877 0.0220457 0.0256675 0.0293509 0.0329821 0.0364453 0.0396315 0.0424475 0.0448211 0.0467028 0.0480633 0.0488884 0.0491724 0.0489136 0.0481125 0.0467739 0.0449119 0.042556 0.0397565 0.0365861 0.0331384 0.029522 0.0258521 0.0222412 0.0187906 0.0155835 0.0126813 0.010122 0.00792111 0.00607472 0.00456316 0.00335556 0.00241413 0.00169814 0.0011671 0.000783188 0.000512806 0.000327405 0.000203704 0.000123442 7.28241e-05 4.18095e-05 2.33529e-05 1.26879e-05 6.70471e-06 3.44589e-06 1.72257e-06 8.37644e-07 3.96301e-07 1.82462e-07 8.17734e-08 3.56842e-08 1.51671e-08 6.28121e-09 2.53542e-09 9.97888e-10 3.83093e-10 1.4351e-10 5.24801e-11 1.87465e-11 6.56089e-12 2.31086e-12 
2.05405e-12 2.25367e-12 5.6325e-12 1.66627e-11 4.91458e-11 1.41535e-10 3.96984e-10 1.0838e-09 2.87881e-09 7.43703e-09 1.86787e-08 4.55933e-08 1.08122e-07 2.49028e-07 5.56905e-07 1.20894e-06 2.54699e-06 5.20702e-06 1.03288e-05 1.98797e-05 3.71274e-05 6.72944e-05 0.000118407 0.000202327 0.000335902 0.000542136 0.000851198 0.00130109 0.00193773 0.0028142 0.00398902 0.00552326 0.0074765 0.00990166 0.0128391 0.0163103 0.0203117 0.0248101 0.0297391 0.0349991 0.0404606 0.0459708 0.0513641 0.0564748 0.0611503 0.0652623 0.0687136 0.0714399 0.0734049 0.0745925 0.0749975 0.0746183 0.0734549 0.0715113 0.0688036 0.0653687 0.0612725 0.0566136 0.051521 0.0461475 0.0406575 0.0352151 0.0299712 0.0250535 0.0205603 0.0165572 0.0130775 0.0101254 0.00768063 0.00570425 0.00414496 0.00294475 0.00204388 0.0013849 0.000915414 0.000589866 0.000370299 0.000226347 0.000134654 7.79335e-05 4.38708e-05 2.40157e-05 1.27834e-05 6.6165e-06 3.3302e-06 1.63017e-06 7.7624e-07 3.59637e-07 1.62164e-07 7.11872e-08 3.04332e-08 1.26748e-08 5.14453e-09 2.03571e-09 7.85636e-10 2.9582e-10 1.08721e-10 3.90272e-11 1.37262e-11 4.86337e-12 
4.26913e-12 4.74501e-12 1.18455e-11 3.48531e-11 1.02193e-10 2.9253e-10 8.15431e-10 2.2121e-09 5.83777e-09 1.49811e-08 3.73712e-08 9.05873e-08 2.13299e-07 4.87709e-07 1.08258e-06 2.33223e-06 4.87536e-06 9.88769e-06 1.94534e-05 3.71274e-05 6.87417e-05 0.000123492 0.000215306 0.000364445 0.000599198 0.000957469 0.00148797 0.00225067 0.00331627 0.00476428 0.00667969 0.00914803 0.012249 0.016049 0.0205929 0.0258959 0.031936 0.038649 0.0459257 0.0536133 0.0615212 0.069432 0.0771156 0.0843468 0.0909224 0.0966751 0.101482 0.105265 0.107982 0.109619 0.110173 0.109642 0.108026 0.105325 0.101556 0.0967599 0.0910185 0.084457 0.0772444 0.0695844 0.0617011 0.0538224 0.046163 0.0389106 0.0322154 0.0261848 0.0208823 0.0163299 0.0125133 0.00938919 0.00689315 0.00494756 0.00346891 0.00237395 0.00158448 0.00103068 0.000652987 0.000402698 0.00024163 0.000141013 8.00194e-05 4.41455e-05 2.36758e-05 1.23439e-05 6.25709e-06 3.08407e-06 1.47841e-06 6.89438e-07 3.12856e-07 1.38191e-07 5.94357e-08 2.49e-08 1.01647e-08 4.04478e-09 1.56952e-09 5.94129e-10 2.1949e-10 7.91899e-11 2.79938e-11 9.97933e-12 
8.65246e-12 9.73651e-12 2.42697e-11 7.10109e-11 2.06958e-10 5.88753e-10 1.63073e-09 4.39502e-09 1.1521e-08 2.93634e-08 7.27349e-08 1.75044e-07 4.09135e-07 9.28463e-07 2.04509e-06 4.37118e-06 9.06415e-06 1.82316e-05 3.55671e-05 6.72944e-05 0.000123492 0.000219828 0.000379683 0.000636504 0.00103616 0.00163889 0.00252042 0.00377171 0.00549707 0.00781019 0.0108282 0.0146639 0.0194161 0.02516 0.0319359 0.0397401 0.0485169 0.0581538 0.0684806 0.0792739 0.0902667 0.101164 0.111661 0.121468 0.130329 0.138037 0.144447 0.149471 0.153069 0.155229 0.155954 0.155245 0.153097 0.149508 0.144487 0.138077 0.13037 0.121517 0.111725 0.101253 0.090389 0.079436 0.0686852 0.0583995 0.0487983 0.0400484 0.0322604 0.0254887 0.0197374 0.0149673 0.0111054 0.00805516 0.00570667 0.00394531 0.00265959 0.00174684 0.00111714 0.000695241 0.000420855 0.000247712 0.000141733 7.88214e-05 4.2603e-05 2.23806e-05 1.14283e-05 5.67331e-06 2.73862e-06 1.28581e-06 5.87346e-07 2.61111e-07 1.1301e-07 4.76345e-08 1.95614e-08 7.82921e-09 3.0552e-09 1.16288e-09 4.31907e-10 1.56642e-10 5.56633e-11 1.99677e-11 
1.71024e-11 1.9473e-11 4.84494e-11 1.40949e-10 4.08266e-10 1.15408e-09 3.17578e-09 8.50193e-09 2.21339e-08 5.60147e-08 1.3775e-07 3.29053e-07 7.63273e-07 1.71867e-06 3.75557e-06 7.96191e-06 1.63727e-05 3.26519e-05 6.31443e-05 0.000118407 0.000215306 0.000379683 0.00064949 0.0010781 0.0017373 0.00271942 0.00413774 0.00612474 0.00882763 0.0124011 0.0169977 0.0227559 0.0297875 0.0381644 0.0479066 0.0589722 0.0712506 0.0845595 0.0986482 0.113206 0.127876 0.142277 0.156028 0.168774 0.180211 0.1901 0.198282 0.204669 0.209225 0.211953 0.212863 0.211958 0.209231 0.204669 0.198271 0.190074 0.180171 0.168729 0.155989 0.142259 0.127894 0.113272 0.0987713 0.0847424 0.0714909 0.0592626 0.0482356 0.0385182 0.0301509 0.0231141 0.0173375 0.0127118 0.00910179 0.00635839 0.00433006 0.0028723 0.00185464 0.00116503 0.000711647 0.000422564 0.000243848 0.000136737 7.45039e-05 3.94467e-05 2.02969e-05 1.0151e-05 4.93564e-06 2.3337e-06 1.07335e-06 4.80368e-07 2.09261e-07 8.87646e-08 3.66767e-08 1.47674e-08 5.79628e-09 2.21869e-09 8.2857e-10 3.02109e-10 1.07931e-10 3.89654e-11 
3.2971e-11 3.79632e-11 9.42505e-11 2.726e-10 7.84666e-10 2.20381e-09 6.0242e-09 1.60174e-08 4.14067e-08 1.04032e-07 2.53935e-07 6.01975e-07 1.38544e-06 3.09463e-06 6.70681e-06 1.40992e-05 2.87443e-05 5.68211e-05 0.000108897 0.000202327 0.000364445 0.000636504 0.0010781 0.00177151 0.00282524 0.00437563 0.00658574 0.00964057 0.0137385 0.0190791 0.0258484 0.0342023 0.0442505 0.0560417 0.069551 0.0846722 0.101213 0.1189 0.13738 0.156244 0.17504 0.1933 0.210572 0.226447 0.240584 0.252732 0.262727 0.270494 0.276015 0.279311 0.280404 0.279303 0.275995 0.270452 0.262655 0.252625 0.240444 0.226282 0.210399 0.193138 0.17491 0.156166 0.137369 0.118965 0.101359 0.084894 0.0698396 0.0563827 0.0446266 0.0345946 0.0262387 0.0194511 0.014079 0.00994049 0.0068401 0.00458344 0.0029888 0.00189552 0.00116868 0.000700244 0.000407657 0.000230558 0.000126674 6.7615e-05 3.50666e-05 1.76732e-05 8.65773e-06 4.12358e-06 1.9101e-06 8.60768e-07 3.77498e-07 1.61175e-07 6.70191e-08 2.71506e-08 1.07204e-08 4.12729e-09 1.54999e-09 5.68231e-10 2.04113e-10 7.41681e-11 
6.20015e-11 7.21492e-11 1.7869e-10 5.1378e-10 1.46956e-09 4.10051e-09 1.11335e-08 2.9397e-08 7.54511e-08 1.8817e-07 4.55827e-07 1.07215e-06 2.44775e-06 5.42252e-06 1.16527e-05 2.42849e-05 4.90718e-05 9.61255e-05 0.000182518 0.000335902 0.000599198 0.00103616 0.0017373 0.00282524 0.00445821 0.00683025 0.0101669 0.0147157 0.0207309 0.0284553 0.0380985 0.0498159 0.0636902 0.0797163 0.097792 0.117714 0.139182 0.161806 0.185122 0.208614 0.231739 0.253956 0.274759 0.293707 0.310446 0.324731 0.336416 0.345452 0.351853 0.355662 0.35692 0.355642 0.351806 0.345369 0.336284 0.324542 0.310202 0.293415 0.274438 0.253628 0.231432 0.208354 0.184931 0.161703 0.139177 0.11781 0.0979843 0.0799934 0.0640349 0.0502072 0.0385139 0.0288728 0.0211306 0.0150818 0.0104884 0.00710111 0.00467742 0.00299572 0.00186474 0.00112776 0.000662527 0.000378031 0.000209497 0.000112766 5.89628e-05 2.99542e-05 1.47881e-05 7.09668e-06 3.31144e-06 1.50292e-06 6.63686e-07 2.85268e-07 1.1939e-07 4.86716e-08 1.9335e-08 7.48772e-09 2.828e-09 1.04249e-09 3.76538e-10 1.3772e-10 
1.13735e-10 1.3368e-10 3.30208e-10 9.43798e-10 2.68242e-09 7.43564e-09 2.00521e-08 5.25743e-08 1.33961e-07 3.31591e-07 7.97054e-07 1.85984e-06 4.21132e-06 9.25079e-06 1.97076e-05 4.07071e-05 8.15073e-05 0.000158175 0.000297475 0.000542136 0.000957469 0.00163889 0.00271942 0.00437563 0.00683025 0.0103493 0.0152324 0.0217957 0.0303487 0.0411665 0.0544621 0.070361 0.0888823 0.109928 0.133278 0.158599 0.185456 0.213327 0.241634 0.269761 0.297093 0.32304 0.347073 0.368751 0.387739 0.403822 0.416896 0.426955 0.434052 0.438263 0.43965 0.438235 0.433987 0.42684 0.416717 0.403568 0.387408 0.368348 0.346616 0.322553 0.296605 0.269304 0.241237 0.213018 0.185252 0.158514 0.133315 0.110081 0.0891396 0.0707022 0.0548629 0.0416003 0.030789 0.0222189 0.0156195 0.0106874 0.00711265 0.0046015 0.00289257 0.00176622 0.00104735 0.000603085 0.000337203 0.000183086 9.65431e-05 4.945e-05 2.46086e-05 1.19014e-05 5.59533e-06 2.55806e-06 1.13764e-06 4.92334e-07 2.07417e-07 8.50985e-08 3.40146e-08 1.32511e-08 5.03354e-09 1.86586e-09 6.77676e-10 2.49499e-10 
2.03526e-10 2.41483e-10 5.94811e-10 1.68999e-09 4.77275e-09 1.31431e-08 3.52026e-08 9.16468e-08 2.31815e-07 5.69476e-07 1.35818e-06 3.1436e-06 7.05899e-06 1.53732e-05 3.24615e-05 6.64428e-05 0.000131799 0.000253331 0.000471774 0.000851198 0.00148797 0.00252042 0.00413774 0.00658574 0.0101669 0.0152324 0.0221638 0.0313463 0.0431342 0.0578134 0.0755675 0.0964506 0.120372 0.147093 0.176237 0.207309 0.239718 0.27281 0.305899 0.338298 0.369347 0.398449 0.425092 0.448874 0.469513 0.486855 0.500859 0.511574 0.519102 0.523557 0.525022 0.523526 0.519031 0.511447 0.500659 0.486568 0.469132 0.4484 0.424538 0.397837 0.368706 0.33766 0.3053 0.272282 0.239289 0.207002 0.176067 0.147064 0.120481 0.096683 0.0759015 0.0582209 0.0435838 0.0318067 0.0226069 0.015636 0.0105164 0.00687411 0.00436499 0.0026917 0.00161159 0.000936741 0.000528579 0.000289566 0.000154022 7.95594e-05 3.99179e-05 1.94592e-05 9.21911e-06 4.24622e-06 1.90201e-06 8.28857e-07 3.51533e-07 1.45159e-07 5.83827e-08 2.28805e-08 8.74154e-09 3.25844e-09 1.19004e-09 4.41028e-10 
3.55294e-10 4.25307e-10 1.04449e-09 2.95006e-09 8.27885e-09 2.26491e-08 6.02517e-08 1.55755e-07 3.91095e-07 9.53484e-07 2.25617e-06 5.17963e-06 1.15332e-05 2.48991e-05 5.21052e-05 0.000105666 0.000207615 0.000395171 0.000728572 0.00130109 0.00225067 0.00377171 0.00612474 0.00964057 0.0147157 0.0217957 0.0313463 0.0438126 0.059572 0.0788871 0.101867 0.128442 0.15836 0.191193 0.226371 0.263215 0.300974 0.338875 0.376151 0.41208 0.446007 0.477374 0.505735 0.530765 0.552273 0.57019 0.584552 0.595478 0.603121 0.607631 0.609114 0.607605 0.603059 0.595364 0.584365 0.569911 0.551891 0.530276 0.505145 0.476699 0.445271 0.411312 0.375387 0.33815 0.300323 0.26267 0.225961 0.190935 0.158263 0.128505 0.102075 0.0792154 0.0599879 0.0442788 0.0318256 0.0222553 0.0151307 0.00999533 0.00641293 0.00399479 0.00241555 0.00141765 0.000807496 0.000446426 0.000239576 0.000124823 6.31532e-05 3.10356e-05 1.48188e-05 6.87696e-06 3.10284e-06 1.36164e-06 5.81393e-07 2.41633e-07 9.77907e-08 3.85545e-08 1.48147e-08 5.55293e-09 2.03925e-09 7.60702e-10 
6.0505e-10 7.30319e-10 1.78803e-09 5.02057e-09 1.40015e-08 3.80571e-08 1.00559e-07 2.58134e-07 6.4345e-07 1.55687e-06 3.65502e-06 8.32276e-06 1.83754e-05 3.93243e-05 8.15489e-05 0.000163834 0.000318811 0.000600821 0.00109648 0.00193773 0.00331627 0.00549707 0.00882763 0.0137385 0.0207309 0.0303487 0.0431342 0.059572 0.0800284 0.104696 0.133554 0.166352 0.20262 0.241705 0.282813 0.325074 0.367596 0.409513 0.450023 0.48842 0.524112 0.556629 0.585637 0.610931 0.632432 0.650176 0.664291 0.674959 0.682388 0.686759 0.688197 0.686745 0.68235 0.67488 0.664148 0.64995 0.632104 0.610491 0.585084 0.555969 0.52336 0.487599 0.449161 0.408644 0.366759 0.324308 0.282156 0.241191 0.202275 0.16619 0.133576 0.104887 0.0803592 0.0600027 0.0436201 0.0308463 0.0212033 0.014159 0.0091809 0.00577855 0.00352965 0.00209203 0.00120311 0.000671375 0.000363569 0.000191091 9.75027e-05 4.8309e-05 2.32488e-05 1.08711e-05 4.94086e-06 2.18346e-06 9.38586e-07 3.92611e-07 1.59879e-07 6.34086e-08 2.45041e-08 9.23536e-09 3.41015e-09 1.28034e-09 
1.00511e-09 1.22266e-09 2.98398e-09 8.33039e-09 2.30897e-08 6.23592e-08 1.6368e-07 4.17262e-07 1.03262e-06 2.47979e-06 5.77636e-06 1.30467e-05 2.85626e-05 6.05917e-05 0.000124515 0.000247812 0.000477562 0.00089102 0.00160939 0.0028142 0.00476428 0.00781019 0.0124011 0.0190791 0.0284553 0.0411665 0.0578134 0.0788871 0.104696 0.135305 0.170504 0.209804 0.252474 0.2976 0.344164 0.391119 0.437461 0.482283 0.524806 0.564401 0.60059 0.633046 0.661584 0.686144 0.706781 0.723641 0.736938 0.746921 0.753837 0.757895 0.759234 0.757898 0.753833 0.746893 0.736865 0.723501 0.706552 0.685811 0.661136 0.63248 0.599909 0.563615 0.523934 0.481352 0.436505 0.390178 0.343286 0.296832 0.25186 0.209381 0.170291 0.135304 0.104887 0.0792344 0.0582681 0.0416757 0.0289696 0.0195589 0.0128198 0.00815444 0.00503244 0.00301279 0.00174961 0.00098561 0.00053864 0.000285621 0.000146983 7.34245e-05 3.56155e-05 1.67804e-05 7.68224e-06 3.41867e-06 1.4794e-06 6.22803e-07 2.55176e-07 1.01798e-07 3.95613e-08 1.49911e-08 5.56526e-09 2.10283e-09 
1.62865e-09 1.99552e-09 4.85472e-09 1.34765e-08 3.71293e-08 9.96505e-08 2.59861e-07 6.57958e-07 1.61677e-06 3.85394e-06 8.90827e-06 1.99593e-05 4.3332e-05 9.1126e-05 0.000185576 0.000365887 0.000698287 0.00128982 0.0023057 0.00398902 0.00667969 0.0108282 0.0169977 0.0258484 0.0380985 0.0544621 0.0755675 0.101867 0.133554 0.170504 0.212256 0.258036 0.306818 0.357423 0.408621 0.459226 0.508177 0.554586 0.597762 0.637213 0.672627 0.703857 0.730892 0.753833 0.772868 0.788251 0.800272 0.80923 0.815402 0.819013 0.820208 0.819034 0.815435 0.809261 0.800281 0.788217 0.772768 0.753647 0.730603 0.703451 0.672094 0.63655 0.596974 0.553685 0.507187 0.458185 0.407577 0.356434 0.305945 0.257336 0.211775 0.170265 0.133555 0.102081 0.0759479 0.0549494 0.0386321 0.026375 0.0174773 0.0112365 0.00700715 0.00423774 0.00248529 0.00141343 0.000779575 0.000417056 0.000216457 0.000109018 5.32971e-05 2.53007e-05 1.16666e-05 5.22762e-06 2.27715e-06 9.64699e-07 3.97644e-07 1.59549e-07 6.23468e-08 2.37506e-08 8.8636e-09 3.37002e-09 
2.57389e-09 3.17496e-09 7.69943e-09 2.12559e-08 5.82209e-08 1.55308e-07 4.02433e-07 1.0122e-06 2.47004e-06 5.84541e-06 1.34097e-05 2.98086e-05 6.4184e-05 0.000133823 0.000270104 0.000527618 0.000997281 0.00182378 0.00322671 0.00552326 0.00914803 0.0146639 0.0227559 0.0342023 0.0498159 0.070361 0.0964506 0.128442 0.166352 0.209804 0.258036 0.309952 0.364226 0.419429 0.474158 0.527147 0.577345 0.623953 0.666431 0.704473 0.737973 0.766986 0.791684 0.812323 0.829217 0.842707 0.853144 0.860859 0.866144 0.869227 0.870251 0.869264 0.866212 0.860946 0.853233 0.84278 0.829252 0.812299 0.791579 0.766779 0.737643 0.704002 0.665807 0.623172 0.576416 0.526095 0.473026 0.418278 0.363131 0.30899 0.257277 0.209299 0.166122 0.128478 0.0967123 0.0707885 0.0503401 0.034757 0.0232869 0.0151336 0.00953685 0.00582662 0.00345094 0.00198136 0.00110287 0.000595232 0.000311554 0.000158189 7.79379e-05 3.72732e-05 1.73094e-05 7.80868e-06 3.42348e-06 1.45929e-06 6.05058e-07 2.44138e-07 9.59142e-08 3.67265e-08 1.37764e-08 5.26978e-09 
3.96696e-09 4.92388e-09 1.19029e-08 3.26857e-08 8.90227e-08 2.36078e-07 6.07965e-07 1.51933e-06 3.68269e-06 8.65399e-06 1.9707e-05 4.3471e-05 9.28519e-05 0.000191976 0.000384095 0.000743466 0.00139198 0.00252059 0.0044142 0.0074765 0.012249 0.0194161 0.0297875 0.0442505 0.0636902 0.0888823 0.120372 0.15836 0.20262 0.252474 0.306818 0.364226 0.423086 0.481761 0.53874 0.592747 0.642815 0.688302 0.728871 0.764441 0.795131 0.821198 0.84299 0.860903 0.875349 0.886736 0.895449 0.901834 0.90618 0.908706 0.909549 0.908755 0.906273 0.901964 0.895604 0.8869 0.875505 0.861032 0.843068 0.821199 0.795026 0.764202 0.728468 0.687714 0.642031 0.591774 0.537609 0.48053 0.421832 0.363042 0.305799 0.251697 0.202136 0.158181 0.120474 0.0892107 0.0641722 0.0448094 0.030355 0.0199405 0.0126982 0.00783708 0.00468733 0.00271673 0.00152596 0.000830766 0.000438469 0.000224408 0.000111406 5.36668e-05 2.50953e-05 1.1396e-05 5.0277e-06 2.15597e-06 8.99033e-07 3.64733e-07 1.44038e-07 5.5429e-08 2.0895e-08 8.03985e-09 
5.96172e-09 7.44243e-09 1.79353e-08 4.89991e-08 1.3273e-07 3.49992e-07 8.95993e-07 2.22527e-06 5.35887e-06 1.25075e-05 2.828e-05 6.19182e-05 0.000131226 0.00026911 0.000533847 0.00102417 0.00189981 0.00340709 0.00590711 0.00990166 0.016049 0.02516 0.0381644 0.0560417 0.0797163 0.109928 0.147093 0.191193 0.241705 0.2976 0.357423 0.419429 0.481761 0.542642 0.600525 0.654208 0.70288 0.746111 0.783805 0.816123 0.843407 0.866104 0.884712 0.899735 0.911656 0.92092 0.927925 0.933007 0.936443 0.938432 0.9391 0.938488 0.936551 0.933164 0.928123 0.92115 0.911905 0.899987 0.884946 0.866294 0.843521 0.816123 0.783649 0.745761 0.702304 0.653393 0.599483 0.541416 0.480427 0.418086 0.356184 0.296568 0.240959 0.190776 0.147001 0.110119 0.0801215 0.0565769 0.038749 0.0257278 0.0165541 0.0103197 0.00623199 0.00364564 0.00206601 0.00113439 0.000603606 0.00031133 0.000155705 7.55363e-05 3.55594e-05 1.62511e-05 7.21336e-06 3.11115e-06 1.30449e-06 5.32006e-07 2.11149e-07 8.16447e-08 3.09242e-08 1.19662e-08 
8.73517e-09 1.09624e-08 2.63379e-08 7.16034e-08 1.92956e-07 5.06048e-07 1.28817e-06 3.18032e-06 7.61125e-06 1.76489e-05 3.96329e-05 8.6155e-05 0.000181225 0.00036873 0.000725464 0.00137983 0.00253663 0.00450665 0.00773757 0.0128391 0.0205929 0.0319359 0.0479066 0.069551 0.097792 0.133278 0.176237 0.226371 0.282813 0.344164 0.408621 0.474158 0.53874 0.600525 0.658021 0.710174 0.756391 0.796495 0.830647 0.859248 0.882843 0.902039 0.917449 0.929649 0.939161 0.946439 0.951868 0.955766 0.95838 0.959888 0.960398 0.959945 0.958492 0.955932 0.952086 0.946703 0.939466 0.929984 0.917798 0.90238 0.883143 0.859466 0.830734 0.796397 0.75606 0.709574 0.657141 0.599389 0.53741 0.472732 0.40722 0.342913 0.281819 0.225708 0.175928 0.133301 0.0980865 0.0700326 0.0484854 0.032532 0.0211459 0.0133121 0.00811523 0.00479043 0.00273836 0.00151603 0.000813052 0.000422515 0.000212826 0.00010395 4.92521e-05 2.26473e-05 1.01112e-05 4.38522e-06 1.84842e-06 7.5762e-07 3.02133e-07 1.17361e-07 4.46548e-08 1.73729e-08 
1.24765e-08 1.57332e-08 3.76899e-08 1.0199e-07 2.73489e-07 7.13572e-07 1.80667e-06 4.4353e-06 1.0552e-05 2.43162e-05 5.42502e-05 0.000117126 0.000244608 0.000493958 0.000964201 0.0018188 0.0033148 0.00583619 0.0099263 0.0163103 0.0258959 0.0397401 0.0589722 0.0846722 0.117714 0.158599 0.207309 0.263215 0.325074 0.391119 0.459226 0.527147 0.592747 0.654208 0.710174 0.759808 0.802778 0.839182 0.869435 0.894156 0.914058 0.929869 0.942277 0.951894 0.959247 0.964778 0.968844 0.971729 0.973646 0.974747 0.975122 0.9748 0.973752 0.971888 0.969059 0.965048 0.959572 0.952269 0.942693 0.93031 0.914496 0.894551 0.869736 0.839326 0.802702 0.759456 0.709511 0.653233 0.591502 0.525718 0.457733 0.3897 0.323862 0.262311 0.20677 0.158429 0.117868 0.0850703 0.0595202 0.0403464 0.0264858 0.016833 0.0103558 0.00616667 0.00355459 0.00198363 0.00107191 0.000561058 0.000284549 0.000139887 6.66889e-05 3.0845e-05 1.38478e-05 6.03755e-06 2.55768e-06 1.05333e-06 4.21968e-07 1.64623e-07 6.29085e-08 2.46003e-08 
