2.7373e-06 2.8408e-06 3.28448e-06 4.10856e-06 5.383e-06 7.21161e-06 9.73635e-06 1.31426e-05 1.76655e-05 2.35968e-05 3.12926e-05 4.11807e-05 5.3768e-05 6.9647e-05 8.95009e-05 0.000114106 0.000144334 0.000181144 0.00022558 0.000278758 0.000341844 0.000416036 0.000502532 0.000602495 0.000717017 0.000847072 0.00099347 0.00115681 0.00133743 0.00153536 0.0017503 0.00198155 0.002228 0.00248814 0.00276001 0.00304125 0.00332911 0.00362047 0.00391191 0.00419978 0.00448025 0.00474942 0.00500337 0.00523828 0.00545052 0.00563672 0.00579389 0.00591944 0.0060113 0.00606792 0.00608837 0.0060723 0.00602001 0.00593237 0.00581089 0.00565758 0.00547499 0.00526607 0.00503415 0.00478285 0.00451594 0.00423733 0.0039509 0.00366049 0.00336974 0.00308209 0.00280066 0.00252823 0.00226719 0.00201953 0.00178679 0.00157013 0.00137027 0.00118758 0.00102206 0.000873421 0.0007411 0.000624325 0.000522155 0.00043353 0.00035731 0.000292316 0.000237366 0.000191302 0.000153015 0.000121462 9.56794e-05 7.47918e-05 5.80144e-05 4.46541e-05 3.41077e-05 2.58565e-05 1.94606e-05 1.4552e-05 1.08273e-05 8.04033e-06 5.99512e-06 4.5399e-06 3.56154e-06 2.98234e-06 
2.8408e-06 2.94898e-06 3.41123e-06 4.26956e-06 5.59696e-06 7.5018e-06 1.01322e-05 1.36817e-05 1.83955e-05 2.45782e-05 3.26012e-05 4.2911e-05 5.60363e-05 7.25952e-05 9.32999e-05 0.00011896 0.000150483 0.00018887 0.000235208 0.000290657 0.000356431 0.000433776 0.000523937 0.000628122 0.000747462 0.000882966 0.00103547 0.00120559 0.00139368 0.00159976 0.00182349 0.00206415 0.00232058 0.0025912 0.00287396 0.00316642 0.00346569 0.00376854 0.00407143 0.00437054 0.00466193 0.00494151 0.00520525 0.00544918 0.00566953 0.00586283 0.00602597 0.00615627 0.00625157 0.0063103 0.00633148 0.00631475 0.00626041 0.00616939 0.00604322 0.00588401 0.00569438 0.00547741 0.00523653 0.00497549 0.00469821 0.00440874 0.00411111 0.00380929 0.00350708 0.00320804 0.00291542 0.00263211 0.0023606 0.00210295 0.00186079 0.00163531 0.00142729 0.00123711 0.00106477 0.000909982 0.000772169 0.00065053 0.000544092 0.000451754 0.000372333 0.000304604 0.000247337 0.00019933 0.000159426 0.00012654 9.96695e-05 7.7901e-05 6.04169e-05 4.64953e-05 3.55069e-05 2.6911e-05 2.0249e-05 1.51372e-05 1.1259e-05 8.35781e-06 6.22929e-06 4.71515e-06 3.69746e-06 3.09521e-06 
3.28448e-06 3.41123e-06 3.94646e-06 4.93852e-06 6.47129e-06 8.66919e-06 1.17021e-05 1.57917e-05 2.12186e-05 2.83309e-05 3.75525e-05 4.93923e-05 6.4452e-05 8.34338e-05 0.000107146 0.000136505 0.000172536 0.000216369 0.000269227 0.000332414 0.00040729 0.000495246 0.000597669 0.000715898 0.000851185 0.00100464 0.00117716 0.00136942 0.00158176 0.00181418 0.00206627 0.00233717 0.00262556 0.00292962 0.00324706 0.00357509 0.00391049 0.00424965 0.00458859 0.00492308 0.00524871 0.00556096 0.00585534 0.00612746 0.00637316 0.00658859 0.00677032 0.00691539 0.00702145 0.00708672 0.00711015 0.00709135 0.00703065 0.00692906 0.0067883 0.00661068 0.00639909 0.00615694 0.00588804 0.00559652 0.00528673 0.00496316 0.00463029 0.00429253 0.00395413 0.00361904 0.00329091 0.00297298 0.00266805 0.00237845 0.00210604 0.00185217 0.00161775 0.00140323 0.00120866 0.00103375 0.000877866 0.000740149 0.000619528 0.000514786 0.00042461 0.000347637 0.000282494 0.000227832 0.000182357 0.000144845 0.000114168 8.92943e-05 6.92996e-05 5.33658e-05 4.07794e-05 3.09259e-05 2.32838e-05 1.74158e-05 1.29613e-05 9.62701e-06 7.17964e-06 5.43817e-06 4.26769e-06 3.57549e-06 
4.10856e-06 4.26956e-06 4.93852e-06 6.17517e-06 8.083e-06 1.08151e-05 1.45804e-05 1.96506e-05 2.63695e-05 3.51624e-05 4.65463e-05 6.11402e-05 7.96746e-05 0.000103 0.000132091 0.000168053 0.000212117 0.000265635 0.000330067 0.000406963 0.000497934 0.000604622 0.000728653 0.000871593 0.00103489 0.00121981 0.00142739 0.00165835 0.00191305 0.0021914 0.00249286 0.00281634 0.00316023 0.00352231 0.00389982 0.00428943 0.00468732 0.00508919 0.00549037 0.00588586 0.0062705 0.006639 0.00698611 0.00730673 0.007596 0.00784946 0.00806312 0.00823356 0.00835805 0.00843456 0.00846185 0.00843948 0.00836783 0.0082481 0.00808225 0.00787298 0.00762365 0.00733821 0.00702109 0.00667709 0.00631131 0.00592897 0.00553532 0.00513554 0.0047346 0.00433719 0.0039476 0.00356969 0.0032068 0.00286173 0.00253672 0.00223343 0.001953 0.00169601 0.0014626 0.00125246 0.00106491 0.000898968 0.000753411 0.000626826 0.000517681 0.000424375 0.000345291 0.000278832 0.000223458 0.000177715 0.00014025 0.000109829 8.53405e-05 6.57978e-05 5.03392e-05 3.82209e-05 2.88098e-05 2.15745e-05 1.60754e-05 1.19548e-05 8.92743e-06 6.7718e-06 5.32261e-06 4.46625e-06 
5.383e-06 5.59696e-06 6.47129e-06 8.083e-06 1.05652e-05 1.41144e-05 1.8998e-05 2.55637e-05 3.425e-05 4.5598e-05 6.02641e-05 7.9032e-05 0.000102824 0.00013271 0.000169916 0.000215821 0.000271963 0.00034002 0.0004218 0.000519213 0.000634236 0.000768873 0.000925098 0.0011048 0.0013097 0.00154131 0.00180082 0.00208903 0.00240629 0.00275241 0.00312662 0.00352749 0.00395295 0.00440022 0.00486582 0.00534566 0.00583499 0.00632856 0.00682065 0.00730518 0.00777588 0.00822635 0.00865026 0.00904145 0.0093941 0.00970285 0.00996291 0.0101702 0.0103215 0.0104143 0.0104471 0.0104196 0.010332 0.0101859 0.00998354 0.00972824 0.009424 0.00907555 0.00868822 0.00826779 0.00782039 0.00735232 0.00686995 0.00637955 0.00588718 0.00539855 0.00491894 0.00445308 0.00400512 0.00357853 0.00317613 0.00280006 0.00245176 0.00213207 0.00184122 0.00157893 0.00134444 0.0011366 0.000953979 0.000794879 0.000657456 0.000539769 0.000439843 0.000355721 0.000285507 0.000227403 0.000179732 0.000140956 0.000109688 8.46941e-05 6.48904e-05 4.93405e-05 3.72453e-05 2.79322e-05 2.08436e-05 1.55248e-05 1.16126e-05 8.82454e-06 6.94946e-06 5.84226e-06 
7.21161e-06 7.5018e-06 8.66919e-06 1.08151e-05 1.41144e-05 1.88244e-05 2.52949e-05 3.39794e-05 4.54488e-05 6.04059e-05 7.9701e-05 0.000104346 0.000135529 0.000174625 0.0002232 0.000283018 0.000356029 0.000444361 0.000550292 0.000676222 0.000824622 0.000997981 0.00119874 0.00142921 0.00169149 0.00198737 0.00231825 0.00268504 0.00308804 0.00352689 0.00400051 0.00450699 0.00504361 0.0056068 0.00619215 0.00679446 0.00740779 0.00802556 0.00864065 0.00924553 0.00983245 0.0103935 0.010921 0.0114072 0.0118452 0.0122283 0.0125508 0.0128076 0.0129948 0.0131095 0.0131499 0.0131152 0.0130062 0.0128246 0.0125732 0.0122559 0.0118777 0.0114444 0.0109624 0.0104389 0.00988134 0.00929748 0.00869517 0.00808216 0.00746594 0.00685364 0.00625183 0.00566645 0.00510273 0.00456509 0.00405713 0.00358163 0.00314051 0.00273494 0.00236531 0.00203138 0.00173231 0.00146676 0.00123299 0.00102896 0.000852407 0.000700926 0.000572068 0.000463388 0.000372509 0.000297167 0.00023524 0.000184777 0.000144013 0.000111369 8.54593e-05 6.50803e-05 4.92022e-05 3.69566e-05 2.76216e-05 2.06073e-05 1.54416e-05 1.17567e-05 9.2774e-06 7.81439e-06 
9.73635e-06 1.01322e-05 1.17021e-05 1.45804e-05 1.8998e-05 2.52949e-05 3.39315e-05 4.5504e-05 6.0761e-05 8.06217e-05 0.000106196 0.000138799 0.000179974 0.000231497 0.00029539 0.000373916 0.000469572 0.000585073 0.000723312 0.000887321 0.00108021 0.00130509 0.00156499 0.00186277 0.00220099 0.00258179 0.00300682 0.00347707 0.00399277 0.00455333 0.00515719 0.00580181 0.00648363 0.007198 0.00793929 0.00870088 0.00947524 0.0102541 0.0110285 0.0117891 0.0125263 0.0132302 0.0138912 0.0145 0.0150479 0.0155267 0.0159295 0.01625 0.0164834 0.0166261 0.016676 0.0166323 0.0164957 0.0162683 0.0159536 0.0155566 0.0150831 0.0145404 0.0139364 0.0132798 0.01258 0.0118464 0.0110888 0.010317 0.00954012 0.00876721 0.00800649 0.0072655 0.00655084 0.0058682 0.00522221 0.00461649 0.00405363 0.00353523 0.00306194 0.0026336 0.00224928 0.00190741 0.0016059 0.00134226 0.0011137 0.000917229 0.000749791 0.000608311 0.000489785 0.00039134 0.000310277 0.0002441 0.000190545 0.000147583 0.000113424 8.65097e-05 6.55047e-05 4.92786e-05 3.68901e-05 2.75682e-05 2.06945e-05 1.57863e-05 1.24825e-05 1.0534e-05 
1.31426e-05 1.36817e-05 1.57917e-05 1.96506e-05 2.55637e-05 3.39794e-05 4.5504e-05 6.09208e-05 8.1211e-05 0.000107577 0.000141466 0.00018459 0.000238949 0.000306841 0.00039087 0.000493943 0.000619258 0.000770273 0.000950662 0.00116425 0.00141496 0.00170667 0.00204315 0.0024279 0.00286405 0.00335416 0.00390014 0.00450306 0.00516302 0.00587906 0.00664903 0.00746952 0.00833586 0.00924205 0.0101809 0.0111439 0.0121216 0.0131036 0.0140787 0.0150352 0.015961 0.0168441 0.0176725 0.0184348 0.0191202 0.0197187 0.0202217 0.0206218 0.0209128 0.0210905 0.0211523 0.0210971 0.0209259 0.0206413 0.0202476 0.0197508 0.0191581 0.0184784 0.0177214 0.016898 0.0160195 0.0150978 0.014145 0.0131731 0.0121936 0.0112179 0.0102562 0.00931814 0.00841203 0.00754516 0.00672351 0.00595181 0.00523349 0.00457076 0.00396464 0.0034151 0.00292114 0.00248094 0.002092 0.00175127 0.00145533 0.00120048 0.000982877 0.00079867 0.000644065 0.000515418 0.000409292 0.000322499 0.000252134 0.000195587 0.000150548 0.000115001 8.72124e-05 6.57113e-05 4.927e-05 3.6881e-05 2.77342e-05 2.11967e-05 1.67939e-05 1.41987e-05 
1.76655e-05 1.83955e-05 2.12186e-05 2.63695e-05 3.425e-05 4.54488e-05 6.0761e-05 8.1211e-05 0.00010808 0.000142933 0.00018765 0.00024445 0.000315913 0.000404998 0.000515047 0.000649778 0.000813266 0.0010099 0.00124431 0.00152133 0.00184585 0.0022227 0.00265652 0.00315161 0.00371174 0.00433995 0.00503843 0.00580828 0.00664939 0.00756029 0.00853802 0.00957806 0.0106743 0.0118191 0.0130031 0.0142158 0.0154452 0.0166781 0.0179007 0.0190985 0.0202564 0.0213596 0.0223935 0.023344 0.0241977 0.0249428 0.0255684 0.0260655 0.0264269 0.0266473 0.0267235 0.0266542 0.0264407 0.0260861 0.0255957 0.0249766 0.0242379 0.0233903 0.0224457 0.0214174 0.0203194 0.0191662 0.0179728 0.016754 0.0155243 0.0142976 0.0130869 0.0119041 0.0107599 0.00966357 0.00862272 0.0076435 0.00673046 0.00588661 0.00511347 0.00441124 0.00377889 0.00321432 0.00271457 0.00227597 0.00189431 0.00156502 0.00128335 0.00104446 0.000843595 0.000676147 0.000537762 0.000424383 0.0003323 0.00025817 0.000199023 0.000152262 0.000115646 8.72701e-05 6.55383e-05 4.91396e-05 3.70174e-05 2.83449e-05 2.25013e-05 1.90585e-05 
2.35968e-05 2.45782e-05 2.83309e-05 3.51624e-05 4.5598e-05 6.04059e-05 8.06217e-05 0.000107577 0.000142933 0.000188716 0.00024735 0.000321691 0.000415049 0.000531209 0.000674432 0.00084944 0.00106139 0.00131581 0.00161852 0.00197555 0.00239297 0.00287674 0.00343255 0.00406561 0.00478042 0.00558056 0.00646847 0.00744524 0.00851041 0.0096618 0.0108954 0.0122053 0.0135836 0.0150204 0.0165041 0.0180213 0.0195569 0.0210949 0.0226178 0.0241078 0.0255465 0.0269157 0.0281975 0.0293747 0.0304312 0.0313524 0.0321253 0.0327391 0.0331849 0.0334565 0.0335498 0.0334635 0.0331991 0.0327603 0.0321535 0.0313873 0.0304729 0.0294229 0.0282521 0.0269764 0.025613 0.0241798 0.0226948 0.0211764 0.0196425 0.0181103 0.0165959 0.0151142 0.0136787 0.0123009 0.0109907 0.009756 0.00860276 0.00753502 0.00655501 0.00566325 0.00485875 0.00413917 0.00350102 0.0029399 0.00245072 0.00202788 0.00166551 0.0013576 0.00109823 0.000881613 0.000702264 0.00055506 0.000435292 0.000338704 0.000261506 0.000200369 0.000152417 0.000115196 8.66467e-05 6.50732e-05 4.91061e-05 3.76717e-05 2.99631e-05 2.54234e-05 
3.12926e-05 3.26012e-05 3.75525e-05 4.65463e-05 6.02641e-05 7.9701e-05 0.000106196 0.000141466 0.00018765 0.00024735 0.00032367 0.000420257 0.000541327 0.000691683 0.000876713 0.00110237 0.00137513 0.0017019 0.00208994 0.00254669 0.00307963 0.00369606 0.00440288 0.00520633 0.00611173 0.00712322 0.00824347 0.00947343 0.0108121 0.0122565 0.0138011 0.0154382 0.0171578 0.0189473 0.0207921 0.0226755 0.0245789 0.0264822 0.0283643 0.0302033 0.0319768 0.0336626 0.0352391 0.0366855 0.0379825 0.0391124 0.0400598 0.0408115 0.0413571 0.041689 0.0418025 0.041696 0.0413712 0.0408326 0.0400879 0.0391475 0.0380245 0.0367344 0.0352948 0.0337249 0.0320455 0.0302781 0.0284449 0.0265682 0.0246697 0.0227707 0.020891 0.0190492 0.0172618 0.0155436 0.0139069 0.0123618 0.0109161 0.00957515 0.00834215 0.00721812 0.00620218 0.00529178 0.00448287 0.00377027 0.00314785 0.00260882 0.00214601 0.00175203 0.00141952 0.00114131 0.000910552 0.000720804 0.000566145 0.000441199 0.00034116 0.0002618 0.000199451 0.000150977 0.00011374 8.55611e-05 6.46795e-05 4.97112e-05 3.96149e-05 3.36713e-05 
4.11807e-05 4.2911e-05 4.93923e-05 6.11402e-05 7.9032e-05 0.000104346 0.000138799 0.00018459 0.00024445 0.000321691 0.000420257 0.000544768 0.000700549 0.000893643 0.00113081 0.00141949 0.00176775 0.00218414 0.00267761 0.00325731 0.00393234 0.00471156 0.00560323 0.00661476 0.00775236 0.0090207 0.0104226 0.0119588 0.0136276 0.0154246 0.0173426 0.0193718 0.0214994 0.0237095 0.0259841 0.0283023 0.0306414 0.032977 0.0352832 0.0375334 0.0397008 0.0417585 0.0436806 0.0454423 0.0470206 0.0483945 0.0495455 0.0504582 0.0511201 0.0515223 0.0516592 0.051529 0.0511336 0.0504785 0.0495726 0.0484285 0.0470615 0.0454902 0.0437355 0.0418203 0.0397695 0.0376089 0.0353653 0.0330654 0.0307357 0.0284019 0.0260885 0.023818 0.0216111 0.019486 0.0174582 0.0155405 0.0137429 0.0120725 0.0105337 0.0091283 0.0078556 0.00671292 0.0056957 0.00479785 0.00401213 0.00333038 0.0027439 0.0022437 0.00182076 0.00146622 0.0011716 0.000928901 0.000730723 0.000570333 0.000441691 0.000339466 0.000259017 0.00019637 0.000148172 0.000111647 8.45463e-05 6.51011e-05 5.19779e-05 4.42552e-05 
5.3768e-05 5.60363e-05 6.4452e-05 7.96746e-05 0.000102824 0.000135529 0.000179974 0.000238949 0.000315913 0.000415049 0.000541327 0.000700549 0.000899381 0.00114537 0.00144692 0.00181324 0.00225428 0.00278056 0.00340302 0.00413275 0.00498076 0.00595766 0.00707325 0.0083362 0.00975366 0.0113308 0.0130705 0.014973 0.0170356 0.0192523 0.0216138 0.0241074 0.0267169 0.0294229 0.0322028 0.0350313 0.0378806 0.0407212 0.0435218 0.0462507 0.0488755 0.0513646 0.0536869 0.0558133 0.0577165 0.0593717 0.0607575 0.0618554 0.0626511 0.063134 0.0632977 0.06314 0.0626633 0.0618738 0.0607821 0.0594029 0.0577543 0.055858 0.0537386 0.0514234 0.0489417 0.0463242 0.0436027 0.0408092 0.0379756 0.0351328 0.0323103 0.0295358 0.0268344 0.0242286 0.0217377 0.0193778 0.0171616 0.0150983 0.0131939 0.0114512 0.00987002 0.00844761 0.0071789 0.00605689 0.00507308 0.00421779 0.0034806 0.00285066 0.00231699 0.00186879 0.00149564 0.00118767 0.000935748 0.000731489 0.000567373 0.000436731 0.000333746 0.000253419 0.000191523 0.000144551 0.000109655 8.45917e-05 6.76677e-05 5.77115e-05 
6.9647e-05 7.25952e-05 8.34338e-05 0.000103 0.00013271 0.000174625 0.000231497 0.000306841 0.000404998 0.000531209 0.000691683 0.000893643 0.00114537 0.00145619 0.00183647 0.00229753 0.00285151 0.00351123 0.00428992 0.00520093 0.00625743 0.00747197 0.00885606 0.0104197 0.012171 0.0141156 0.0162562 0.0185922 0.0211197 0.0238305 0.0267127 0.0297502 0.0329228 0.0362066 0.0395741 0.0429944 0.0464341 0.0498577 0.053228 0.0565071 0.0596569 0.06264 0.0654201 0.0679628 0.0702364 0.0722121 0.0738648 0.0751733 0.0761209 0.0766954 0.0768893 0.0767003 0.0761309 0.0751886 0.0738855 0.0722385 0.0702688 0.0680017 0.0654658 0.0626929 0.0597173 0.0565752 0.0533041 0.0499419 0.0465264 0.0430945 0.0396816 0.0363211 0.0330435 0.0298761 0.0268429 0.0239638 0.0212548 0.0187279 0.016391 0.0142483 0.0123004 0.0105446 0.00897531 0.00758476 0.00636305 0.00529885 0.00437979 0.00359289 0.00292497 0.00236294 0.00189413 0.00150649 0.00118881 0.000930761 0.000723058 0.000557431 0.000426644 0.000324465 0.000245609 0.00018568 0.000141103 0.000109054 8.74004e-05 7.46658e-05 
8.95009e-05 9.32999e-05 0.000107146 0.000132091 0.000169916 0.0002232 0.00029539 0.00039087 0.000515047 0.000674432 0.000876713 0.00113081 0.00144692 0.00183647 0.00231214 0.0028877 0.00357785 0.00439806 0.00536417 0.00649211 0.00779744 0.00929488 0.0109977 0.0129175 0.015063 0.0174403 0.0200516 0.0228955 0.025966 0.0292524 0.0327395 0.0364071 0.0402305 0.0441802 0.048223 0.0523218 0.0564368 0.0605256 0.0645444 0.0684486 0.0721935 0.0757356 0.0790326 0.0820448 0.0847355 0.0870715 0.089024 0.0905689 0.0916867 0.0923637 0.0925915 0.0923672 0.0916937 0.0905797 0.089039 0.087091 0.08476 0.082075 0.079069 0.0757789 0.0722443 0.0685074 0.0646118 0.0606019 0.0565222 0.0524164 0.0483265 0.0442924 0.0403507 0.0365345 0.0328731 0.0293909 0.0261081 0.0230398 0.0201966 0.0175844 0.0152048 0.0130554 0.0111306 0.00942151 0.00791688 0.0066036 0.00546716 0.00449221 0.00366304 0.00296397 0.00237973 0.00189573 0.00149833 0.00117495 0.000914178 0.00070587 0.000541099 0.000412156 0.00031249 0.000236636 0.000180142 0.000139484 0.000111999 9.58386e-05 
0.000114106 0.00011896 0.000136505 0.000168053 0.000215821 0.000283018 0.000373916 0.000493943 0.000649778 0.00084944 0.00110237 0.00141949 0.00181324 0.00229753 0.0028877 0.00360035 0.00445315 0.00546456 0.00665339 0.00803844 0.00963791 0.0114688 0.0135465 0.0158837 0.0184902 0.0213719 0.0245306 0.0279632 0.0316613 0.0356112 0.0397936 0.0441834 0.0487504 0.0534591 0.0582695 0.0631375 0.0680158 0.0728549 0.0776032 0.082209 0.0866205 0.0907873 0.094661 0.0981959 0.10135 0.104086 0.106371 0.108178 0.109484 0.110275 0.11054 0.110276 0.109487 0.108183 0.106379 0.104097 0.101364 0.0982142 0.0946846 0.0908172 0.0866576 0.0822541 0.0776572 0.0729185 0.0680896 0.0632217 0.0583643 0.0535645 0.0488658 0.0443082 0.0399268 0.0357516 0.0318075 0.0281136 0.0246836 0.0215258 0.0186431 0.016034 0.0136926 0.0116092 0.00977138 0.00816394 0.00677013 0.00557198 0.00455095 0.00368842 0.00296617 0.0023667 0.00187355 0.0014715 0.00114672 0.00088681 0.000680868 0.000519438 0.000394464 0.000299212 0.00022818 0.000177008 0.000142394 0.000122048 
0.000144334 0.000150483 0.000172536 0.000212117 0.000271963 0.000356029 0.000469572 0.000619258 0.000813266 0.00106139 0.00137513 0.00176775 0.00225428 0.00285151 0.00357785 0.00445315 0.00549843 0.00673551 0.00818654 0.00987345 0.0118173 0.0140376 0.0165517 0.0193736 0.0225136 0.0259777 0.0297663 0.0338743 0.0382906 0.0429973 0.0479704 0.0531791 0.0585868 0.064151 0.069824 0.075554 0.0812856 0.0869608 0.0925202 0.097904 0.103053 0.107909 0.112418 0.116528 0.120191 0.123366 0.126015 0.128107 0.12962 0.130534 0.130839 0.130533 0.129618 0.128105 0.126012 0.123364 0.120191 0.116531 0.112425 0.107922 0.103072 0.0979305 0.0925558 0.0870065 0.0813423 0.0756225 0.0699048 0.0642442 0.0586923 0.0532964 0.0480986 0.0431354 0.0384371 0.0340277 0.0299245 0.0261389 0.0226759 0.0195348 0.01671 0.0141913 0.0119646 0.0100131 0.00831741 0.00685678 0.00560956 0.00455386 0.0036681 0.0029315 0.00232439 0.0018285 0.00142717 0.00110543 0.000850053 0.000649539 0.000494062 0.000375388 0.000286776 0.000222875 0.000179625 0.000154208 
0.000181144 0.00018887 0.000216369 0.000265635 0.00034002 0.000444361 0.000585073 0.000770273 0.0010099 0.00131581 0.0017019 0.00218414 0.00278056 0.00351123 0.00439806 0.00546456 0.00673551 0.0082365 0.00999331 0.0120313 0.0143746 0.0170453 0.0200625 0.0234417 0.0271934 0.0313229 0.0358293 0.0407046 0.045934 0.0514951 0.0573578 0.0634852 0.0698329 0.0763507 0.0829825 0.0896676 0.0963417 0.102938 0.109388 0.115624 0.121579 0.127187 0.132387 0.137121 0.141335 0.144984 0.148026 0.150427 0.152161 0.153209 0.153558 0.153205 0.152154 0.150416 0.148012 0.144968 0.141319 0.137105 0.132374 0.127178 0.121575 0.115627 0.1094 0.10296 0.0963756 0.0897145 0.0830433 0.0764259 0.0699227 0.0635894 0.0574758 0.0516259 0.0460763 0.0408567 0.0359892 0.0314886 0.0273625 0.0236119 0.0202316 0.017211 0.0145351 0.0121848 0.0101384 0.00837194 0.0068605 0.00557857 0.00450087 0.00360288 0.00286132 0.00225448 0.00176244 0.00136727 0.00105306 0.000805941 0.00061402 0.000467315 0.000357632 0.000278456 0.000224834 0.000193328 
0.00022558 0.000235208 0.000269227 0.000330067 0.0004218 0.000550292 0.000723312 0.000950662 0.00124431 0.00161852 0.00208994 0.00267761 0.00340302 0.00428992 0.00536417 0.00665339 0.00818654 0.00999331 0.0121035 0.014546 0.0173482 0.0205348 0.0241268 0.0281405 0.0325866 0.0374693 0.0427852 0.0485233 0.0546641 0.0611794 0.0680328 0.0751796 0.0825672 0.0901363 0.0978216 0.105553 0.113256 0.120855 0.128272 0.13543 0.142254 0.148671 0.154613 0.160015 0.164819 0.168974 0.172435 0.175165 0.177135 0.178323 0.178718 0.178316 0.17712 0.175143 0.172408 0.168942 0.164784 0.159978 0.154576 0.148636 0.142223 0.135405 0.128255 0.120848 0.113261 0.105572 0.097856 0.0901871 0.0826349 0.0752645 0.0681347 0.0612974 0.0547969 0.0486694 0.0429425 0.0376355 0.0327593 0.028317 0.0243044 0.0207111 0.0175208 0.0147127 0.0122624 0.0101429 0.00832568 0.00678121 0.00548018 0.00439396 0.00349522 0.00275835 0.00215977 0.00167816 0.00129455 0.000992332 0.000757252 0.000577292 0.000442574 0.000345225 0.000279255 0.000240501 
0.000278758 0.000290657 0.000332414 0.000406963 0.000519213 0.000676222 0.000887321 0.00116425 0.00152133 0.00197555 0.00254669 0.00325731 0.00413275 0.00520093 0.00649211 0.00803844 0.00987345 0.0120313 0.014546 0.0174503 0.0207749 0.0245469 0.0287892 0.0335186 0.0387453 0.0444719 0.0506921 0.0573906 0.0645423 0.0721127 0.0800575 0.0883233 0.0968485 0.105564 0.114394 0.123257 0.132071 0.140748 0.149201 0.157345 0.165095 0.172372 0.179099 0.185208 0.190634 0.195321 0.199222 0.202297 0.204514 0.205851 0.206294 0.205839 0.204492 0.202264 0.19918 0.195271 0.190577 0.185146 0.179035 0.172307 0.165032 0.157286 0.14915 0.140706 0.132041 0.123243 0.114395 0.105584 0.0968877 0.0883825 0.0801367 0.0722116 0.0646598 0.0575251 0.0508418 0.0446342 0.0389177 0.033698 0.0289727 0.0247317 0.0209579 0.0176291 0.0147181 0.0121948 0.0100267 0.00818032 0.00662178 0.00531797 0.00423709 0.00334918 0.00262656 0.00204409 0.00157932 0.00121255 0.000926798 0.00070773 0.000543523 0.000424744 0.000344202 0.000296894 
0.000341844 0.000356431 0.00040729 0.000497934 0.000634236 0.000824622 0.00108021 0.00141496 0.00184585 0.00239297 0.00307963 0.00393234 0.00498076 0.00625743 0.00779744 0.00963791 0.0118173 0.0143746 0.0173482 0.0207749 0.0246885 0.0291188 0.0340898 0.0396186 0.0457146 0.0523776 0.0595977 0.0673544 0.0756163 0.084341 0.0934755 0.102957 0.112713 0.122664 0.132723 0.142798 0.152796 0.162618 0.172168 0.181352 0.190076 0.198254 0.205802 0.212647 0.218719 0.223959 0.228316 0.231747 0.23422 0.235709 0.236202 0.235694 0.234189 0.231703 0.228259 0.22389 0.218639 0.212559 0.205708 0.198156 0.189978 0.181256 0.172078 0.162537 0.152726 0.142744 0.132686 0.122646 0.112717 0.102983 0.0935253 0.0844141 0.0757121 0.0674715 0.0597341 0.0525309 0.045882 0.0397971 0.0342759 0.0293092 0.0248799 0.0209641 0.0175324 0.0145513 0.0119844 0.00979386 0.00794102 0.00638791 0.00509781 0.00403599 0.00317022 0.00247108 0.00191224 0.00147049 0.00112577 0.000861103 0.000662465 0.000518631 0.000421039 0.000363724 
0.000416036 0.000433776 0.000495246 0.000604622 0.000768873 0.000997981 0.00130509 0.00170667 0.0022227 0.00287674 0.00369606 0.00471156 0.00595766 0.00747197 0.00929488 0.0114688 0.0140376 0.0170453 0.0205348 0.0245469 0.0291188 0.0342822 0.0400622 0.0464756 0.05353 0.061222 0.069537 0.0784483 0.0879167 0.0978912 0.108309 0.119096 0.13017 0.141437 0.152802 0.164159 0.175403 0.186426 0.197123 0.207389 0.217124 0.226233 0.234628 0.242229 0.248964 0.254769 0.25959 0.263384 0.266116 0.267761 0.268305 0.267742 0.266078 0.263328 0.259516 0.254679 0.24886 0.242113 0.234502 0.2261 0.216988 0.207253 0.196991 0.186301 0.175288 0.164059 0.152719 0.141376 0.130132 0.119083 0.108323 0.0979319 0.0879841 0.0785414 0.0696542 0.0613608 0.0536875 0.0466486 0.0402469 0.0344749 0.0293157 0.0247444 0.0207294 0.0172341 0.014218 0.0116386 0.00945236 0.00761612 0.00608782 0.00482752 0.00379797 0.00296507 0.00229812 0.00177002 0.00135726 0.0010399 0.000801402 0.000628531 0.000511163 0.00044224 
0.000502532 0.000523937 0.000597669 0.000728653 0.000925098 0.00119874 0.00156499 0.00204315 0.00265652 0.00343255 0.00440288 0.00560323 0.00707325 0.00885606 0.0109977 0.0135465 0.0165517 0.0200625 0.0241268 0.0287892 0.0340898 0.0400622 0.046732 0.054115 0.0622162 0.071028 0.0805301 0.0906882 0.101455 0.112769 0.124556 0.136731 0.149198 0.161854 0.174588 0.187284 0.199825 0.212093 0.223972 0.23535 0.246118 0.256176 0.265431 0.273798 0.281201 0.287574 0.292862 0.29702 0.300012 0.301812 0.302406 0.301789 0.299965 0.296952 0.292773 0.287464 0.281073 0.273654 0.265274 0.256008 0.245943 0.235171 0.223795 0.21192 0.199661 0.187134 0.174456 0.161744 0.149112 0.136672 0.124527 0.11277 0.101487 0.0907508 0.0806216 0.0711462 0.0623582 0.0542774 0.0469109 0.0402534 0.0342891 0.0289924 0.0243299 0.0202619 0.0167442 0.0137294 0.0111689 0.0090139 0.00721676 0.00573189 0.00451661 0.00353164 0.00274153 0.00211486 0.00162429 0.00124654 0.000962304 0.000756067 0.000615957 0.000533687 
0.000602495 0.000628122 0.000715898 0.000871593 0.0011048 0.00142921 0.00186277 0.0024279 0.00315161 0.00406561 0.00520633 0.00661476 0.0083362 0.0104197 0.0129175 0.0158837 0.0193736 0.0234417 0.0281405 0.0335186 0.0396186 0.0464756 0.054115 0.0625508 0.0717845 0.0818032 0.0925797 0.104071 0.11622 0.128954 0.142187 0.155822 0.169748 0.18385 0.198003 0.212081 0.225954 0.239495 0.252577 0.265081 0.276892 0.287904 0.298018 0.307147 0.315213 0.322149 0.327898 0.332414 0.335661 0.337614 0.338257 0.337586 0.335607 0.332334 0.327793 0.32202 0.315062 0.306975 0.297829 0.2877 0.276678 0.26486 0.252353 0.239273 0.225739 0.211878 0.197817 0.183685 0.169609 0.155712 0.142109 0.12891 0.116211 0.104097 0.0926391 0.0818947 0.0719052 0.0626974 0.0542833 0.0466612 0.0398167 0.0337244 0.0283496 0.0236498 0.0195768 0.0160788 0.0131017 0.010591 0.00849311 0.00675636 0.00533224 0.00417591 0.00324671 0.00250848 0.00192966 0.00148332 0.00114704 0.000902797 0.00073676 0.000639272 
0.000717017 0.000747462 0.000851185 0.00103489 0.0013097 0.00169149 0.00220099 0.00286405 0.00371174 0.00478042 0.00611173 0.00775236 0.00975366 0.012171 0.015063 0.0184902 0.0225136 0.0271934 0.0325866 0.0387453 0.0457146 0.05353 0.0622162 0.0717845 0.0822317 0.0935387 0.10567 0.118573 0.13218 0.146404 0.161148 0.176299 0.191735 0.207326 0.222934 0.23842 0.253644 0.268469 0.282759 0.296387 0.309233 0.321187 0.332147 0.342023 0.350736 0.358219 0.364414 0.369276 0.372769 0.374869 0.37556 0.374838 0.372709 0.369186 0.364295 0.358072 0.350563 0.341826 0.331928 0.320949 0.308981 0.296123 0.282488 0.268197 0.253377 0.238162 0.222691 0.207103 0.191539 0.176133 0.161015 0.146308 0.132122 0.118555 0.105691 0.0935973 0.0823252 0.0719096 0.0623687 0.0537052 0.0459073 0.0389505 0.0327989 0.027408 0.0227259 0.0186963 0.0152596 0.0123554 0.00992379 0.00790695 0.00625006 0.00490227 0.00381733 0.00295392 0.00227589 0.00175229 0.00135732 0.00107015 0.000874812 0.000760124 
0.000847072 0.000882966 0.00100464 0.00121981 0.00154131 0.00198737 0.00258179 0.00335416 0.00433995 0.00558056 0.00712322 0.0090207 0.0113308 0.0141156 0.0174403 0.0213719 0.0259777 0.0313229 0.0374693 0.0444719 0.0523776 0.061222 0.071028 0.0818032 0.0935387 0.106208 0.119766 0.134149 0.149276 0.165048 0.181353 0.198065 0.215045 0.232151 0.249231 0.266135 0.282711 0.298812 0.314296 0.32903 0.342889 0.355758 0.367536 0.37813 0.387463 0.395467 0.402086 0.407275 0.411001 0.413239 0.413976 0.413206 0.410935 0.407176 0.401955 0.395305 0.387271 0.37791 0.36729 0.35549 0.342601 0.328726 0.313982 0.298492 0.282391 0.265821 0.24893 0.231869 0.214788 0.197838 0.181162 0.164896 0.149165 0.134082 0.119742 0.106227 0.0935992 0.0819013 0.0711595 0.0613821 0.0525608 0.0446726 0.0376816 0.0315414 0.026197 0.0215874 0.017648 0.0143122 0.0115138 0.00918816 0.00727403 0.00571418 0.00445634 0.00345368 0.00266508 0.00205523 0.00159461 0.00125938 0.00103121 0.000897245 
0.00099347 0.00103547 0.00117716 0.00142739 0.00180082 0.00231825 0.00300682 0.00390014 0.00503843 0.00646847 0.00824347 0.0104226 0.0130705 0.0162562 0.0200516 0.0245306 0.0297663 0.0358293 0.0427852 0.0506921 0.0595977 0.069537 0.0805301 0.0925797 0.10567 0.119766 0.134811 0.15073 0.167427 0.184791 0.202693 0.220991 0.239533 0.258162 0.276714 0.295025 0.312936 0.330289 0.346937 0.36274 0.377572 0.391316 0.403869 0.415141 0.425054 0.433544 0.440556 0.446048 0.449989 0.452355 0.453134 0.45232 0.449919 0.445944 0.440416 0.43337 0.424847 0.414902 0.403601 0.39102 0.377252 0.3624 0.346581 0.329923 0.312565 0.294657 0.276355 0.25782 0.239214 0.220701 0.202439 0.184578 0.167259 0.150608 0.134738 0.119741 0.105692 0.0926451 0.0806353 0.0696771 0.0597669 0.0508843 0.0429942 0.0360487 0.0299903 0.0247538 0.0202692 0.0164642 0.0132657 0.0106026 0.00840667 0.00661394 0.00516581 0.00400958 0.00309878 0.00239345 0.00186007 0.0014715 0.00120684 0.00105147 
0.00115681 0.00120559 0.00136942 0.00165835 0.00208903 0.00268504 0.00347707 0.00450306 0.00580828 0.00744524 0.00947343 0.0119588 0.014973 0.0185922 0.0228955 0.0279632 0.0338743 0.0407046 0.0485233 0.0573906 0.0673544 0.0784483 0.0906882 0.104071 0.118573 0.134149 0.15073 0.168227 0.186531 0.205513 0.225029 0.244923 0.265027 0.285169 0.305173 0.324864 0.344072 0.362635 0.380398 0.397219 0.412969 0.427531 0.440804 0.452701 0.463146 0.472077 0.479445 0.48521 0.489344 0.491824 0.492641 0.491788 0.489272 0.485102 0.479301 0.471896 0.462929 0.452449 0.440519 0.427214 0.412623 0.396847 0.380006 0.362227 0.343655 0.324444 0.304758 0.284767 0.264646 0.24457 0.224711 0.205236 0.1863 0.168047 0.150602 0.134074 0.118551 0.104099 0.0907621 0.0785634 0.0675051 0.0575703 0.0487253 0.040922 0.0341005 0.0281919 0.0231213 0.0188104 0.0151797 0.0121509 0.00964879 0.00760249 0.00594674 0.00462258 0.00357793 0.00276782 0.00215445 0.00170718 0.00140235 0.00122339 
0.00133743 0.00139368 0.00158176 0.00191305 0.00240629 0.00308804 0.00399277 0.00516302 0.00664939 0.00851041 0.0108121 0.0136276 0.0170356 0.0211197 0.025966 0.0316613 0.0382906 0.045934 0.0546641 0.0645423 0.0756163 0.0879167 0.101455 0.11622 0.13218 0.149276 0.167427 0.186531 0.20646 0.227071 0.248204 0.269685 0.291331 0.312957 0.334375 0.3554 0.375852 0.395564 0.414378 0.432148 0.448747 0.464059 0.477986 0.490443 0.501362 0.510683 0.518363 0.524366 0.528666 0.531246 0.532095 0.53121 0.528594 0.524257 0.518217 0.5105 0.50114 0.490184 0.47769 0.463727 0.448381 0.431752 0.413955 0.395121 0.375394 0.354933 0.333908 0.312499 0.290889 0.269268 0.247821 0.22673 0.206166 0.186288 0.167241 0.149147 0.132109 0.116205 0.101492 0.0880023 0.075744 0.0647055 0.0548554 0.0461461 0.0385161 0.0318933 0.0261982 0.0213467 0.0172527 0.013831 0.0109992 0.00867925 0.00679889 0.0052927 0.00410268 0.00317857 0.00247806 0.00196675 0.00161807 0.00141335 
0.00153536 0.00159976 0.00181418 0.0021914 0.00275241 0.00352689 0.00455333 0.00587906 0.00756029 0.0096618 0.0122565 0.0154246 0.0192523 0.0238305 0.0292524 0.0356112 0.0429973 0.0514951 0.0611794 0.0721127 0.084341 0.0978912 0.112769 0.128954 0.146404 0.165048 0.184791 0.205513 0.227071 0.249305 0.272037 0.295078 0.31823 0.341294 0.36407 0.386365 0.407992 0.428777 0.448561 0.4672 0.484566 0.500548 0.515051 0.527998 0.539324 0.548978 0.556921 0.563122 0.567561 0.570223 0.5711 0.570188 0.567491 0.563016 0.556778 0.548797 0.539104 0.527739 0.514752 0.500209 0.484189 0.466788 0.448117 0.428305 0.407498 0.385857 0.363556 0.340783 0.317731 0.2946 0.271591 0.248898 0.226712 0.205207 0.184543 0.164862 0.146281 0.128892 0.112766 0.0979429 0.0844415 0.0722553 0.0613565 0.0516986 0.0432194 0.0358442 0.0294892 0.0240648 0.0194786 0.0156385 0.0124548 0.0098419 0.00772066 0.00601886 0.00467232 0.00362527 0.00283065 0.0022501 0.00185395 0.00162137 
0.0017503 0.00182349 0.00206627 0.00249286 0.00312662 0.00400051 0.00515719 0.00664903 0.00853802 0.0108954 0.0138011 0.0173426 0.0216138 0.0267127 0.0327395 0.0397936 0.0479704 0.0573578 0.0680328 0.0800575 0.0934755 0.108309 0.124556 0.142187 0.161148 0.181353 0.202693 0.225029 0.248204 0.272037 0.296335 0.320892 0.345496 0.369935 0.393998 0.417483 0.440199 0.461969 0.482632 0.502047 0.520088 0.53665 0.551645 0.565002 0.576664 0.586588 0.594741 0.601099 0.605647 0.608373 0.609271 0.60834 0.605581 0.600999 0.594605 0.586415 0.576452 0.564749 0.55135 0.536313 0.519708 0.501627 0.482174 0.461477 0.439679 0.416941 0.393443 0.369377 0.344944 0.320357 0.295827 0.271566 0.247779 0.224659 0.202382 0.181107 0.160969 0.142075 0.124508 0.108323 0.093545 0.0801758 0.0681921 0.0575497 0.0481862 0.0400251 0.0329788 0.0269526 0.0218481 0.0175662 0.0140098 0.0110863 0.00870898 0.00679882 0.00528524 0.00410677 0.00321138 0.00255662 0.00210957 0.00184709 
0.00198155 0.00206415 0.00233717 0.00281634 0.00352749 0.00450699 0.00580181 0.00746952 0.00957806 0.0122053 0.0154382 0.0193718 0.0241074 0.0297502 0.0364071 0.0441834 0.0531791 0.0634852 0.0751796 0.0883233 0.102957 0.119096 0.136731 0.155822 0.176299 0.198065 0.220991 0.244923 0.269685 0.295078 0.320892 0.346905 0.372892 0.398627 0.423891 0.448475 0.472183 0.494838 0.516279 0.536367 0.554984 0.572031 0.587428 0.601112 0.613035 0.623163 0.631471 0.637942 0.642567 0.645338 0.646252 0.645309 0.642508 0.637852 0.631347 0.623003 0.612837 0.600872 0.587145 0.571703 0.55461 0.535948 0.515816 0.494335 0.471645 0.447908 0.423304 0.398029 0.372293 0.346317 0.320326 0.294546 0.269196 0.244488 0.220617 0.197757 0.176062 0.155656 0.136636 0.119069 0.102992 0.0884139 0.0753178 0.0636623 0.053386 0.044411 0.0366468 0.0299939 0.0243482 0.0196039 0.0156567 0.0124064 0.00975924 0.00762907 0.0059388 0.00462109 0.0036188 0.0028852 0.00238404 0.00208976 
0.002228 0.00232058 0.00262556 0.00316023 0.00395295 0.00504361 0.00648363 0.00833586 0.0106743 0.0135836 0.0171578 0.0214994 0.0267169 0.0329228 0.0402305 0.0487504 0.0585868 0.0698329 0.0825672 0.0968485 0.112713 0.13017 0.149198 0.169748 0.191735 0.215045 0.239533 0.265027 0.291331 0.31823 0.345496 0.372892 0.400178 0.427119 0.453487 0.479067 0.503661 0.527092 0.549202 0.569857 0.588946 0.606379 0.622084 0.636009 0.648117 0.658383 0.666791 0.673331 0.678001 0.680799 0.681723 0.680774 0.677951 0.673253 0.666682 0.658241 0.647939 0.63579 0.621821 0.606069 0.588587 0.569449 0.548744 0.526587 0.503114 0.478484 0.452875 0.426488 0.39954 0.372257 0.344878 0.317641 0.290782 0.264529 0.239096 0.214676 0.191439 0.169528 0.149054 0.130098 0.112711 0.0969084 0.0826814 0.0699924 0.058782 0.0489717 0.0404684 0.0331687 0.0269629 0.0217387 0.017385 0.0137942 0.0108652 0.00850483 0.00662934 0.00516543 0.00405073 0.00323416 0.00267599 0.00234822 
0.00248814 0.0025912 0.00292962 0.00352231 0.00440022 0.0056068 0.007198 0.00924205 0.0118191 0.0150204 0.0189473 0.0237095 0.0294229 0.0362066 0.0441802 0.0534591 0.064151 0.0763507 0.0901363 0.105564 0.122664 0.141437 0.161854 0.18385 0.207326 0.232151 0.258162 0.285169 0.312957 0.341294 0.369935 0.398627 0.427119 0.455165 0.482531 0.508997 0.534365 0.558459 0.581125 0.602238 0.621693 0.639411 0.655331 0.669413 0.681631 0.691969 0.700421 0.706989 0.711673 0.714479 0.715407 0.714459 0.711633 0.706926 0.700333 0.69185 0.681478 0.669221 0.655095 0.639127 0.621357 0.601849 0.580682 0.557962 0.533819 0.508407 0.481904 0.454511 0.426448 0.397952 0.369269 0.340652 0.312351 0.284611 0.257664 0.231721 0.206971 0.183574 0.161658 0.141321 0.122622 0.10559 0.0902239 0.0764901 0.0643321 0.0536719 0.0444145 0.0364529 0.0296725 0.023955 0.0191823 0.0152398 0.0120192 0.00942005 0.00735217 0.00573616 0.00450437 0.00360126 0.00298359 0.00262086 
0.00276001 0.00287396 0.00324706 0.00389982 0.00486582 0.00619215 0.00793929 0.0101809 0.0130031 0.0165041 0.0207921 0.0259841 0.0322028 0.0395741 0.048223 0.0582695 0.069824 0.0829825 0.0978216 0.114394 0.132723 0.152802 0.174588 0.198003 0.222934 0.249231 0.276714 0.305173 0.334375 0.36407 0.393998 0.423891 0.453487 0.482531 0.510783 0.538021 0.564047 0.588688 0.611799 0.63326 0.652977 0.670882 0.686927 0.701084 0.713338 0.723685 0.732131 0.738684 0.743354 0.74615 0.747077 0.746137 0.743327 0.73864 0.732065 0.723594 0.713215 0.700924 0.686725 0.670631 0.652672 0.632898 0.611379 0.588209 0.563511 0.537433 0.510149 0.481861 0.452792 0.423183 0.393292 0.363381 0.333716 0.304559 0.276157 0.248742 0.222521 0.197671 0.17434 0.152638 0.132639 0.114385 0.0978805 0.0830996 0.069989 0.0584717 0.0484517 0.0398191 0.0324546 0.0262344 0.0210339 0.0167315 0.0132118 0.0103674 0.00810156 0.0063288 0.00497618 0.00398368 0.00330451 0.00290563 
0.00304125 0.00316642 0.00357509 0.00428943 0.00534566 0.00679446 0.00870088 0.0111439 0.0142158 0.0180213 0.0226755 0.0283023 0.0350313 0.0429944 0.0523218 0.0631375 0.075554 0.0896676 0.105553 0.123257 0.142798 0.164159 0.187284 0.212081 0.23842 0.266135 0.295025 0.324864 0.3554 0.386365 0.417483 0.448475 0.479067 0.508997 0.538021 0.565915 0.592485 0.617561 0.641005 0.662708 0.682587 0.700587 0.716671 0.730826 0.743048 0.753347 0.761739 0.76824 0.772869 0.775639 0.776559 0.775632 0.772855 0.768215 0.761698 0.753286 0.74296 0.730703 0.716508 0.700375 0.682321 0.662382 0.640617 0.617108 0.591968 0.565339 0.53739 0.508321 0.478356 0.447742 0.416744 0.385634 0.354694 0.324198 0.294413 0.265589 0.23795 0.211694 0.186984 0.163947 0.142673 0.123212 0.105581 0.0897606 0.075701 0.0633274 0.0525433 0.0432365 0.0352839 0.0285563 0.022923 0.0182558 0.0144323 0.0113384 0.00887083 0.0069381 0.005462 0.00437806 0.00363593 0.00320004 
0.00332911 0.00346569 0.00391049 0.00468732 0.00583499 0.00740779 0.00947524 0.0121216 0.0154452 0.0195569 0.0245789 0.0306414 0.0378806 0.0464341 0.0564368 0.0680158 0.0812856 0.0963417 0.113256 0.132071 0.152796 0.175403 0.199825 0.225954 0.253644 0.282711 0.312936 0.344072 0.375852 0.407992 0.440199 0.472183 0.503661 0.534365 0.564047 0.592485 0.619486 0.644888 0.668561 0.690407 0.710355 0.728363 0.744409 0.758491 0.770621 0.78082 0.789114 0.79553 0.800093 0.802824 0.803733 0.802825 0.800094 0.795526 0.789101 0.780792 0.77057 0.75841 0.744289 0.728196 0.710133 0.690123 0.668211 0.644468 0.618996 0.591927 0.563427 0.53369 0.502943 0.471434 0.439434 0.407227 0.375105 0.34336 0.312273 0.282112 0.25312 0.225514 0.199474 0.175144 0.152627 0.131989 0.113253 0.0964093 0.0814132 0.0681919 0.0566495 0.046672 0.0381328 0.0308979 0.0248311 0.0197977 0.0156688 0.0123236 0.00965242 0.00755806 0.00595706 0.00478053 0.00397462 0.00350122 
0.00362047 0.00376854 0.00424965 0.00508919 0.00632856 0.00802556 0.0102541 0.0131036 0.0166781 0.0210949 0.0264822 0.032977 0.0407212 0.0498577 0.0605256 0.0728549 0.0869608 0.102938 0.120855 0.140748 0.162618 0.186426 0.212093 0.239495 0.268469 0.298812 0.330289 0.362635 0.395564 0.428777 0.461969 0.494838 0.527092 0.558459 0.588688 0.617561 0.644888 0.670515 0.694321 0.716219 0.736152 0.754091 0.77003 0.783978 0.795963 0.806016 0.814176 0.820479 0.824957 0.827636 0.82853 0.827644 0.824973 0.820498 0.814193 0.806023 0.795952 0.783941 0.769957 0.753973 0.735979 0.715983 0.694015 0.670135 0.644432 0.61703 0.588087 0.557793 0.526373 0.494078 0.461185 0.427985 0.394782 0.361881 0.32958 0.298163 0.267894 0.239004 0.211693 0.186121 0.162407 0.140628 0.12082 0.102979 0.0870679 0.073016 0.0607284 0.0500902 0.0409717 0.0332349 0.0267382 0.0213411 0.0169081 0.0133124 0.010438 0.00818207 0.00645606 0.00518677 0.00431692 0.00380591 
0.00391191 0.00407143 0.00458859 0.00549037 0.00682065 0.00864065 0.0110285 0.0140787 0.0179007 0.0226178 0.0283643 0.0352832 0.0435218 0.053228 0.0645444 0.0776032 0.0925202 0.109388 0.128272 0.149201 0.172168 0.197123 0.223972 0.252577 0.282759 0.314296 0.346937 0.380398 0.414378 0.448561 0.482632 0.516279 0.549202 0.581125 0.611799 0.641005 0.668561 0.694321 0.718174 0.740045 0.75989 0.777696 0.793467 0.807232 0.819027 0.828899 0.836895 0.843062 0.847438 0.850055 0.850931 0.850071 0.847469 0.843103 0.836941 0.828941 0.819057 0.80724 0.793443 0.777628 0.759769 0.739859 0.717916 0.693986 0.668145 0.640507 0.611222 0.580476 0.54849 0.515517 0.481836 0.447748 0.413566 0.379608 0.346186 0.313603 0.282136 0.252039 0.223525 0.196773 0.171916 0.149045 0.128205 0.109403 0.0926063 0.0777486 0.0647364 0.053454 0.0437697 0.0355416 0.0286233 0.0228686 0.0181364 0.0142937 0.0112187 0.00880297 0.00695324 0.00559207 0.00465883 0.00411055 
