3.62287e-48 3.36266e-49 2.6213e-49 4.15745e-48 6.90218e-47 1.08884e-45 1.63131e-44 2.32076e-43 3.13427e-42 4.01708e-41 4.88396e-40 5.62999e-39 6.14993e-38 6.36184e-37 6.22794e-36 5.76543e-35 5.04326e-34 4.16532e-33 3.24578e-32 2.38468e-31 1.65097e-30 1.07666e-29 6.6126e-29 3.82517e-28 2.08473e-27 1.07099e-26 5.18906e-26 2.37205e-25 1.02305e-24 4.16093e-24 1.59427e-23 5.7468e-23 1.94623e-22 6.18567e-22 1.84356e-21 5.14899e-21 1.34663e-20 3.2953e-20 7.54124e-20 1.61368e-19 3.22484e-19 5.99071e-19 1.02451e-18 1.59323e-18 2.23415e-18 2.83179e-18 3.29249e-18 3.58924e-18 3.75122e-18 3.82641e-18 3.85319e-18 3.84958e-18 3.8112e-18 3.71052e-18 3.50039e-18 3.1338e-18 2.60315e-18 1.97166e-18 1.35286e-18 8.44524e-19 4.84374e-19 2.57765e-19 1.28135e-19 5.97068e-20 2.61216e-20 1.07411e-20 4.15544e-21 1.51412e-21 5.20132e-22 1.68627e-22 5.16522e-23 1.49679e-23 4.1091e-24 1.07013e-24 2.64695e-25 6.22424e-26 1.39236e-26 2.96442e-27 6.00885e-28 1.15992e-28 2.13301e-29 3.73816e-30 6.24673e-31 9.95996e-32 1.51635e-32 2.20619e-33 3.07036e-34 4.09127e-35 5.225e-36 6.40205e-37 7.5336e-38 8.52286e-39 9.27919e-40 9.73229e-41 9.84305e-42 9.60897e-43 9.06297e-44 8.26638e-45 7.29806e-46 6.24561e-47 
3.36266e-49 3.22047e-50 2.30137e-50 3.75502e-49 6.49373e-48 1.06891e-46 1.67369e-45 2.49217e-44 3.5278e-43 4.74543e-42 6.06294e-41 7.3535e-40 8.46149e-39 9.23122e-38 9.54177e-37 9.33772e-36 8.64518e-35 7.56676e-34 6.25671e-33 4.88438e-32 3.5981e-31 2.50019e-30 1.63841e-29 1.01254e-28 5.902e-28 3.24547e-27 1.68389e-26 8.24285e-26 3.80508e-25 1.65485e-24 6.77112e-24 2.60233e-23 9.37965e-23 3.16649e-22 1.00025e-21 2.95385e-21 8.14598e-21 2.09545e-20 5.0243e-20 1.12279e-19 2.33651e-19 4.50634e-19 7.96679e-19 1.27182e-18 1.81318e-18 2.31367e-18 2.68963e-18 2.92264e-18 3.04396e-18 3.09745e-18 3.11546e-18 3.11223e-18 3.08371e-18 3.00646e-18 2.83874e-18 2.53617e-18 2.08863e-18 1.55346e-18 1.03651e-18 6.24437e-19 3.43913e-19 1.75158e-19 8.30929e-20 3.68386e-20 1.52855e-20 5.9426e-21 2.16741e-21 7.42602e-22 2.39327e-22 7.26456e-23 2.07976e-23 5.62442e-24 1.43924e-24 3.49073e-25 8.03728e-26 1.75916e-26 3.66434e-27 7.27069e-28 1.37522e-28 2.48132e-29 4.27364e-30 7.03107e-31 1.10583e-31 1.66407e-32 2.39806e-33 3.31267e-34 4.39103e-35 5.59074e-36 6.84441e-37 8.06512e-38 9.15648e-39 1.00256e-39 1.05965e-40 1.08212e-41 1.0686e-42 1.02129e-43 9.45389e-45 8.48263e-46 7.38285e-47 6.24196e-48 
2.6213e-49 2.30137e-50 5.53812e-50 1.12343e-48 2.19105e-47 4.01708e-46 6.9313e-45 1.12663e-43 1.72637e-42 2.49513e-41 3.40261e-40 4.37892e-39 5.31822e-38 6.09485e-37 6.5896e-36 6.71914e-35 6.45884e-34 5.85041e-33 4.99124e-32 4.00896e-31 3.03034e-30 2.15512e-29 1.44185e-28 9.07528e-28 5.37496e-27 2.99637e-26 1.57268e-25 7.77221e-25 3.61564e-24 1.5821e-23 6.50371e-23 2.50798e-22 9.05913e-22 3.06151e-21 9.67166e-21 2.85402e-20 7.85958e-20 2.01777e-19 4.82601e-19 1.07539e-18 2.23141e-18 4.29292e-18 7.57552e-18 1.20772e-17 1.71959e-17 2.19104e-17 2.54326e-17 2.76004e-17 2.87199e-17 2.92089e-17 2.93711e-17 2.93382e-17 2.90698e-17 2.83425e-17 2.67594e-17 2.38973e-17 1.96607e-17 1.45988e-17 9.72154e-18 5.8465e-18 3.21625e-18 1.63694e-18 7.76062e-19 3.43709e-19 1.42368e-19 5.52019e-20 2.00586e-20 6.83844e-21 2.18975e-21 6.59298e-22 1.86866e-22 4.99261e-23 1.25923e-23 3.00248e-24 6.77653e-25 1.44921e-25 2.93891e-26 5.6548e-27 1.03278e-27 1.79108e-28 2.95059e-29 4.61931e-30 6.8762e-31 9.73835e-32 1.31307e-32 1.68687e-33 2.06644e-34 2.41587e-35 2.69784e-36 2.88029e-37 2.94255e-38 2.8792e-39 2.7007e-40 2.43074e-41 2.10121e-42 1.74616e-43 1.39645e-44 1.07584e-45 7.99373e-47 5.73862e-48 
4.15745e-48 3.75502e-49 1.12343e-48 2.2207e-47 4.20453e-46 7.49609e-45 1.25974e-43 1.99718e-42 2.98888e-41 4.22406e-40 5.63879e-39 7.11066e-38 8.46974e-37 9.52755e-36 1.01183e-34 1.01407e-33 9.5865e-33 8.54371e-32 7.17448e-31 5.67366e-30 4.22339e-29 2.95824e-28 1.94937e-27 1.20847e-26 7.0491e-26 3.87008e-25 2.0005e-24 9.73786e-24 4.46299e-23 1.92461e-22 7.80039e-22 2.96693e-21 1.05746e-20 3.52743e-20 1.10032e-19 3.20732e-19 8.72901e-19 2.21589e-18 5.24328e-18 1.15651e-17 2.37706e-17 4.53475e-17 7.9468e-17 1.26024e-16 1.78779e-16 2.2726e-16 2.63432e-16 2.85682e-16 2.97172e-16 3.02191e-16 3.03852e-16 3.03494e-16 3.00687e-16 2.93119e-16 2.76698e-16 2.47098e-16 2.03381e-16 1.5122e-16 1.0097e-16 6.09865e-17 3.37498e-17 1.73025e-17 8.27032e-18 3.69517e-18 1.54484e-18 6.04853e-19 2.22028e-19 7.64951e-20 2.47614e-20 7.53843e-21 2.16106e-21 5.84151e-22 1.49105e-22 3.59895e-23 8.22445e-24 1.78113e-24 3.65791e-25 7.12737e-26 1.31806e-26 2.31418e-27 3.85895e-28 6.11424e-29 9.20977e-30 1.31965e-30 1.80004e-31 2.33912e-32 2.89818e-33 3.42663e-34 3.86948e-35 4.1769e-36 4.31363e-37 4.26563e-38 4.04235e-39 3.67404e-40 3.2052e-41 2.68595e-42 2.16373e-43 1.67683e-44 1.25103e-45 8.99714e-47 
6.90218e-47 6.49373e-48 2.19105e-47 4.20453e-46 7.72673e-45 1.33963e-43 2.193e-42 3.39187e-41 4.9589e-40 6.85483e-39 8.9603e-38 1.10751e-36 1.2942e-35 1.4294e-34 1.49152e-33 1.46965e-32 1.36666e-31 1.19868e-30 9.90964e-30 7.71721e-29 5.65806e-28 3.9038e-27 2.53395e-26 1.54727e-25 8.88887e-25 4.80589e-24 2.44631e-23 1.17268e-22 5.29375e-22 2.24923e-21 8.98532e-21 3.37001e-20 1.18486e-19 3.90017e-19 1.20091e-18 3.45679e-18 9.29487e-18 2.33242e-17 5.45847e-17 1.19142e-16 2.42497e-16 4.58612e-16 7.97933e-16 1.25852e-15 1.77857e-15 2.25536e-15 2.61059e-15 2.82892e-15 2.94166e-15 2.9909e-15 3.00713e-15 3.00342e-15 2.97536e-15 2.90004e-15 2.73717e-15 2.44439e-15 2.01292e-15 1.49881e-15 1.0036e-15 6.08936e-16 3.39084e-16 1.75156e-16 8.4434e-17 3.80694e-17 1.60689e-17 6.35507e-18 2.35739e-18 8.21054e-19 2.68756e-19 8.2762e-20 2.40051e-20 6.56722e-21 1.69708e-21 4.14825e-22 9.60214e-23 2.1066e-23 4.38288e-24 8.65106e-25 1.62047e-25 2.88141e-26 4.86538e-27 7.80501e-28 1.19021e-28 1.72644e-29 2.3839e-30 3.13607e-31 3.93385e-32 4.70942e-33 5.38542e-34 5.88792e-35 6.15991e-36 6.17206e-37 5.92777e-38 5.46152e-39 4.83102e-40 4.10583e-41 3.35527e-42 2.63836e-43 1.99771e-44 1.45842e-45 
1.08884e-45 1.06891e-46 4.01708e-46 7.49609e-45 1.33963e-43 2.26245e-42 3.61325e-41 5.45955e-40 7.8072e-39 1.05678e-37 1.35401e-36 1.64193e-35 1.88394e-34 2.04455e-33 2.09765e-32 2.03341e-31 1.86119e-30 1.60739e-29 1.3089e-28 1.00424e-27 7.25488e-27 4.93234e-26 3.15461e-25 1.89777e-24 1.07394e-23 5.71857e-23 2.86648e-22 1.3531e-21 6.01552e-21 2.51777e-20 9.91168e-20 3.66483e-19 1.27075e-18 4.12664e-18 1.25395e-17 3.56334e-17 9.46338e-17 2.34672e-16 5.43013e-16 1.17253e-15 2.36262e-15 4.42835e-15 7.64792e-15 1.19948e-14 1.68846e-14 2.13564e-14 2.46825e-14 2.67249e-14 2.7779e-14 2.82392e-14 2.83904e-14 2.83537e-14 2.80863e-14 2.73717e-14 2.58312e-14 2.30694e-14 1.90077e-14 1.41744e-14 9.51937e-15 5.80331e-15 3.2525e-15 1.6933e-15 8.2342e-16 3.74753e-16 1.59748e-16 6.38345e-17 2.39352e-17 8.42954e-18 2.79089e-18 8.69523e-19 2.55235e-19 7.06863e-20 1.84971e-20 4.57962e-21 1.07392e-21 2.38701e-22 5.03138e-23 1.006e-23 1.90852e-24 3.43637e-25 5.87442e-26 9.53903e-27 1.47224e-27 2.16123e-28 3.02005e-29 4.02064e-30 5.10429e-31 6.18492e-32 7.15965e-33 7.92516e-34 8.396e-35 8.52053e-36 8.29011e-37 7.73949e-38 6.93855e-39 5.97814e-40 4.95369e-41 3.95071e-42 3.03467e-43 2.24802e-44 
1.63131e-44 1.67369e-45 6.9313e-45 1.25974e-43 2.193e-42 3.61325e-41 5.63735e-40 8.33161e-39 1.16667e-37 1.54794e-36 1.94585e-35 2.31695e-34 2.61234e-33 2.78771e-32 2.81402e-31 2.68526e-30 2.42051e-29 2.05944e-28 1.65258e-27 1.24969e-26 8.899e-26 5.96359e-25 3.75925e-24 2.22853e-23 1.24243e-22 6.5161e-22 3.21635e-21 1.49488e-20 6.54377e-20 2.69734e-19 1.04611e-18 3.81209e-18 1.30321e-17 4.17386e-17 1.25123e-16 3.50901e-16 9.20111e-16 2.254e-15 5.1551e-15 1.10083e-14 2.19521e-14 4.07655e-14 6.98643e-14 1.08935e-13 1.52715e-13 1.92645e-13 2.2229e-13 2.4047e-13 2.49848e-13 2.53939e-13 2.55278e-13 2.54932e-13 2.52507e-13 2.46054e-13 2.32183e-13 2.07377e-13 1.7097e-13 1.27702e-13 8.60324e-14 5.27098e-14 2.97418e-14 1.56107e-14 7.66031e-15 3.52024e-15 1.51595e-15 6.12256e-16 2.32128e-16 8.26906e-17 2.76997e-17 8.73379e-18 2.59521e-18 7.2779e-19 1.92904e-19 4.83876e-20 1.14974e-20 2.58947e-21 5.53e-22 1.12005e-22 2.15192e-23 3.92292e-24 6.78814e-25 1.11552e-25 1.74208e-26 2.58737e-27 3.65781e-28 4.92661e-29 6.32779e-30 7.758e-31 9.08778e-32 1.01809e-32 1.09179e-33 1.12176e-34 1.10523e-35 1.04509e-36 9.49207e-38 8.28717e-39 6.96015e-40 5.62747e-41 4.38325e-42 3.29331e-43 
2.32076e-43 2.49217e-44 1.12663e-43 1.99718e-42 3.39187e-41 5.45955e-40 8.33161e-39 1.20577e-37 1.65503e-36 2.15443e-35 2.65933e-34 3.11166e-33 3.44995e-32 3.62244e-31 3.59986e-30 3.38337e-29 3.005e-28 2.51998e-27 1.99352e-26 1.48638e-25 1.04367e-24 6.89605e-24 4.28547e-23 2.5039e-22 1.37543e-21 7.10514e-21 3.4533e-20 1.58006e-19 6.80875e-19 2.76316e-18 1.05537e-17 3.78891e-17 1.2766e-16 4.03092e-16 1.19167e-15 3.29684e-15 8.53176e-15 2.06382e-14 4.66352e-14 9.84461e-14 1.94207e-13 3.57182e-13 6.07254e-13 9.41087e-13 1.31365e-12 1.65248e-12 1.9035e-12 2.05722e-12 2.13644e-12 2.17097e-12 2.18222e-12 2.17913e-12 2.15823e-12 2.10286e-12 1.98418e-12 1.77245e-12 1.4623e-12 1.09413e-12 7.3958e-13 4.55516e-13 2.58863e-13 1.37033e-13 6.78812e-14 3.15095e-14 1.37133e-14 5.60001e-15 2.14765e-15 7.74128e-16 2.62461e-16 8.37787e-17 2.52094e-17 7.16122e-18 1.92324e-18 4.88901e-19 1.17738e-19 2.68737e-20 5.81515e-21 1.19309e-21 2.3213e-22 4.28395e-23 7.5022e-24 1.24741e-24 1.97068e-25 2.96051e-26 4.23307e-27 5.76636e-28 7.49093e-29 9.28952e-30 1.1008e-30 1.24767e-31 1.35388e-32 1.40784e-33 1.4041e-34 1.34427e-35 1.23643e-36 1.09342e-37 9.30404e-39 7.62315e-40 6.01842e-41 4.5844e-42 
3.13427e-42 3.5278e-43 1.72637e-42 2.98888e-41 4.9589e-40 7.8072e-39 1.16667e-37 1.65503e-36 2.22879e-35 2.84896e-34 3.45578e-33 3.97636e-32 4.33804e-31 4.48448e-30 4.38971e-29 4.06556e-28 3.5595e-27 2.94329e-26 2.29632e-25 1.68873e-24 1.16955e-23 7.62145e-23 4.67017e-22 2.68979e-21 1.45594e-20 7.40797e-20 3.54492e-19 1.59644e-18 6.77005e-18 2.70394e-17 1.01665e-16 3.5943e-16 1.19303e-15 3.71226e-15 1.0818e-14 2.95106e-14 7.53347e-14 1.79861e-13 4.0136e-13 8.3718e-13 1.63306e-12 2.97333e-12 5.01274e-12 7.71883e-12 1.07261e-11 1.34525e-11 1.54678e-11 1.66999e-11 1.7334e-11 1.76101e-11 1.76995e-11 1.76734e-11 1.75027e-11 1.70522e-11 1.60893e-11 1.43754e-11 1.18693e-11 8.89789e-12 6.03618e-12 3.73871e-12 2.14072e-12 1.14343e-12 5.72034e-13 2.68331e-13 1.18075e-13 4.87752e-14 1.893e-14 6.90731e-15 2.37125e-15 7.66595e-16 2.33688e-16 6.72717e-17 1.83131e-17 4.71952e-18 1.15224e-18 2.66589e-19 5.8458e-20 1.21499e-20 2.39374e-21 4.47171e-22 7.9242e-23 1.33288e-23 2.12971e-24 3.23538e-25 4.67767e-26 6.44281e-27 8.46284e-28 1.06122e-28 1.27171e-29 1.45783e-30 1.60021e-31 1.68349e-32 1.69902e-33 1.64631e-34 1.53289e-35 1.37259e-36 1.18285e-37 9.81724e-39 7.8529e-40 6.06207e-41 
4.01708e-41 4.74543e-42 2.49513e-41 4.22406e-40 6.85483e-39 1.05678e-37 1.54794e-36 2.15443e-35 2.84896e-34 3.5787e-33 4.26884e-32 4.83335e-31 5.19161e-30 5.28668e-29 5.0999e-28 4.65655e-27 4.02053e-26 3.27931e-25 2.52408e-24 1.83141e-23 1.25136e-22 8.04421e-22 4.86133e-21 2.76035e-20 1.47237e-19 7.37874e-19 3.47598e-18 1.54039e-17 6.42626e-17 2.52488e-16 9.34052e-16 3.25027e-15 1.06225e-14 3.25557e-14 9.34678e-14 2.51273e-13 6.32403e-13 1.48937e-12 3.28032e-12 6.75725e-12 1.30269e-11 2.34682e-11 3.92165e-11 5.998e-11 8.29505e-11 1.03707e-10 1.19012e-10 1.2835e-10 1.33149e-10 1.35236e-10 1.35908e-10 1.35699e-10 1.3438e-10 1.30913e-10 1.23521e-10 1.10393e-10 9.1231e-11 6.85363e-11 4.66757e-11 2.90854e-11 1.67879e-11 9.05229e-12 4.57597e-12 2.17026e-12 9.66075e-13 4.03907e-13 1.58722e-13 5.86577e-14 2.03996e-14 6.68261e-15 2.06478e-15 6.02637e-16 1.66368e-16 4.34843e-17 1.07664e-17 2.52556e-18 5.61288e-19 1.18181e-19 2.35769e-20 4.45788e-21 7.9926e-22 1.35977e-22 2.197e-23 3.37439e-24 4.93188e-25 6.86676e-26 9.11772e-27 1.15581e-27 1.4003e-28 1.62306e-29 1.80162e-30 1.91699e-31 1.95708e-32 1.91869e-33 1.80789e-34 1.63854e-35 1.42952e-36 1.20141e-37 9.73335e-39 7.61166e-40 
4.88396e-40 6.06294e-41 3.40261e-40 5.63879e-39 8.9603e-38 1.35401e-36 1.94585e-35 2.65933e-34 3.45578e-33 4.26884e-32 5.01068e-31 5.58583e-30 5.91041e-29 5.93163e-28 5.64157e-27 5.08039e-26 4.32742e-25 3.48278e-24 2.64545e-23 1.89431e-22 1.27728e-21 8.10134e-21 4.82915e-20 2.70362e-19 1.42115e-18 7.01438e-18 3.2524e-17 1.41787e-16 5.81674e-16 2.24706e-15 8.17425e-15 2.79792e-14 8.998e-14 2.71452e-13 7.67341e-13 2.03166e-12 5.03785e-12 1.1696e-11 2.54094e-11 5.16597e-11 9.83667e-11 1.7524e-10 2.90102e-10 4.40522e-10 6.06138e-10 7.55263e-10 8.64911e-10 9.31669e-10 9.65918e-10 9.80784e-10 9.85541e-10 9.83966e-10 9.74351e-10 9.49175e-10 8.9563e-10 8.00726e-10 6.62438e-10 4.9882e-10 3.4117e-10 2.13991e-10 1.2458e-10 6.7855e-11 3.46794e-11 1.66394e-11 7.4975e-12 3.17457e-12 1.26389e-12 4.73349e-13 1.66862e-13 5.54202e-14 1.73664e-14 5.14195e-15 1.44033e-15 3.81992e-16 9.59504e-17 2.28262e-17 5.14227e-18 1.09692e-18 2.21586e-19 4.24028e-20 7.69096e-21 1.32322e-21 2.1615e-22 3.3558e-23 4.9572e-24 6.97543e-25 9.36046e-26 1.19924e-26 1.4685e-27 1.72056e-28 1.93078e-29 2.07727e-30 2.14462e-31 2.12664e-32 2.02718e-33 1.85905e-34 1.64145e-35 1.39643e-36 1.14543e-37 9.07104e-39 
5.62999e-39 7.3535e-40 4.37892e-39 7.11066e-38 1.10751e-36 1.64193e-35 2.31695e-34 3.11166e-33 3.97636e-32 4.83335e-31 5.58583e-30 6.13422e-29 6.39698e-28 6.3299e-27 5.93805e-26 5.27584e-25 4.43482e-24 3.5229e-23 2.64143e-22 1.86706e-21 1.24257e-20 7.77728e-20 4.57337e-19 2.52468e-18 1.30781e-17 6.35685e-17 2.90062e-16 1.24355e-15 5.01441e-15 1.90349e-14 6.80445e-14 2.28931e-13 7.23943e-13 2.14828e-12 5.97501e-12 1.5569e-11 3.80082e-11 8.6921e-11 1.86128e-10 3.73222e-10 7.01435e-10 1.23488e-09 2.02399e-09 3.04994e-09 4.17378e-09 5.18188e-09 5.92087e-09 6.3697e-09 6.59951e-09 6.69906e-09 6.73069e-09 6.71952e-09 6.65359e-09 6.48158e-09 6.1166e-09 5.47098e-09 4.53174e-09 3.42149e-09 2.35122e-09 1.4853e-09 8.7275e-10 4.80494e-10 2.48449e-10 1.20682e-10 5.50816e-11 2.36366e-11 9.5407e-12 3.62355e-12 1.29563e-12 4.3659e-13 1.38844e-13 4.17325e-14 1.18686e-14 3.19559e-15 8.14658e-16 1.96601e-16 4.49029e-17 9.70483e-18 1.98508e-18 3.84429e-19 7.05315e-20 1.22702e-20 2.02612e-21 3.17912e-22 4.74558e-23 6.74736e-24 9.14874e-25 1.18435e-25 1.46551e-26 1.73524e-27 1.96812e-28 2.14041e-29 2.23413e-30 2.24016e-31 2.15963e-32 2.00338e-33 1.78965e-34 1.54067e-35 1.27908e-36 1.02546e-37 
6.14993e-38 8.46149e-39 5.31822e-38 8.46974e-37 1.2942e-35 1.88394e-34 2.61234e-33 3.44995e-32 4.33804e-31 5.19161e-30 5.91041e-29 6.39698e-28 6.5775e-27 6.41972e-26 5.94205e-25 5.21041e-24 4.32347e-23 3.39072e-22 2.5101e-21 1.7517e-20 1.15085e-19 7.10914e-19 4.12437e-18 2.24512e-17 1.14607e-16 5.48537e-16 2.46258e-15 1.03787e-14 4.11139e-14 1.53259e-13 5.37946e-13 1.77751e-12 5.52248e-12 1.61065e-11 4.40396e-11 1.12839e-10 2.70972e-10 6.09893e-10 1.28619e-09 2.54159e-09 4.71092e-09 8.18952e-09 1.32801e-08 1.98472e-08 2.70018e-08 3.33931e-08 3.80629e-08 4.08916e-08 4.23366e-08 4.29612e-08 4.31581e-08 4.30839e-08 4.26599e-08 4.15578e-08 3.92245e-08 3.51049e-08 2.91207e-08 2.20526e-08 1.52344e-08 9.69938e-09 5.75674e-09 3.20614e-09 1.67854e-09 8.26073e-10 3.82234e-10 1.6637e-10 6.81389e-11 2.62646e-11 9.533e-12 3.26173e-12 1.05356e-12 3.21718e-13 9.29596e-14 2.54251e-14 6.58133e-15 1.6117e-15 3.73267e-16 8.17452e-17 1.6931e-17 3.31806e-18 6.15739e-19 1.08302e-19 1.80751e-20 2.8659e-21 4.32232e-22 6.20866e-23 8.50448e-24 1.11223e-24 1.39045e-25 1.66346e-26 1.90649e-27 2.0954e-28 2.21069e-29 2.24086e-30 2.18427e-31 2.04907e-32 1.85143e-33 1.61242e-34 1.35449e-35 1.09899e-36 
6.36184e-37 9.23122e-38 6.09485e-37 9.52755e-36 1.4294e-34 2.04455e-33 2.78771e-32 3.62244e-31 4.48448e-30 5.28668e-29 5.93163e-28 6.3299e-27 6.41972e-26 6.18233e-25 5.64776e-24 4.88895e-23 4.00549e-22 3.10198e-21 2.26765e-20 1.56264e-19 1.01359e-18 6.18005e-18 3.53742e-17 1.89881e-16 9.55121e-16 4.50081e-15 1.98746e-14 8.23112e-14 3.20141e-13 1.17101e-12 4.03235e-12 1.3073e-11 3.98651e-11 1.14162e-10 3.06581e-10 7.71685e-10 1.82104e-09 4.02994e-09 8.36166e-09 1.6268e-08 2.97111e-08 5.09566e-08 8.16858e-08 1.20995e-07 1.63568e-07 2.01431e-07 2.28998e-07 2.45646e-07 2.5413e-07 2.57787e-07 2.58931e-07 2.58471e-07 2.55924e-07 2.49326e-07 2.35387e-07 2.10821e-07 1.75187e-07 1.33126e-07 9.25119e-08 5.94111e-08 3.5649e-08 2.01026e-08 1.06658e-08 5.32312e-09 2.4994e-09 1.1045e-09 4.59423e-10 1.79888e-10 6.63386e-11 2.30682e-11 7.57515e-12 2.35211e-12 6.91058e-13 1.92123e-13 5.05206e-14 1.25586e-14 2.94994e-15 6.54676e-16 1.37305e-16 2.72297e-17 5.11062e-18 9.08747e-19 1.53278e-19 2.45553e-20 3.74127e-21 5.42846e-22 7.51079e-23 9.92188e-24 1.25294e-24 1.51424e-25 1.75334e-26 1.94715e-27 2.07595e-28 2.1268e-29 2.09559e-30 1.98756e-31 1.81597e-32 1.59954e-33 1.35921e-34 1.11579e-35 
6.22794e-36 9.54177e-37 6.5896e-36 1.01183e-34 1.49152e-33 2.09765e-32 2.81402e-31 3.59986e-30 4.38971e-29 5.0999e-28 5.64157e-27 5.93805e-26 5.94205e-25 5.64776e-24 5.09347e-23 4.35365e-22 3.52252e-21 2.6942e-20 1.94519e-19 1.32374e-18 8.47788e-18 5.10226e-17 2.88147e-16 1.52514e-15 7.55875e-15 3.50625e-14 1.52247e-13 6.19328e-13 2.36356e-12 8.47635e-12 2.8606e-11 9.08939e-11 2.71742e-10 7.63239e-10 2.01091e-09 4.96686e-09 1.15049e-08 2.50043e-08 5.0988e-08 9.7563e-08 1.75386e-07 2.96456e-07 4.69348e-07 6.88486e-07 9.24297e-07 1.13302e-06 1.28439e-06 1.37551e-06 1.42182e-06 1.44173e-06 1.4479e-06 1.44525e-06 1.43101e-06 1.39426e-06 1.31677e-06 1.18045e-06 9.82956e-07 7.49952e-07 5.24659e-07 3.40188e-07 2.06584e-07 1.18074e-07 6.35536e-08 3.22007e-08 1.53593e-08 6.89864e-09 2.91743e-09 1.16161e-09 4.357e-10 1.54146e-10 5.15158e-11 1.62816e-11 4.86825e-12 1.37669e-12 3.6795e-13 9.2879e-14 2.21318e-14 4.97796e-15 1.05723e-15 2.12168e-16 4.02729e-17 7.23918e-18 1.23391e-18 1.99711e-19 3.07363e-20 4.50444e-21 6.29446e-22 8.39795e-23 1.07109e-23 1.30749e-24 1.5293e-25 1.71574e-26 1.84821e-27 1.91338e-28 1.9054e-29 1.82672e-30 1.68735e-31 1.50283e-32 1.2915e-33 1.07242e-34 
5.76543e-35 9.33772e-36 6.71914e-35 1.01407e-33 1.46965e-32 2.03341e-31 2.68526e-30 3.38337e-29 4.06556e-28 4.65655e-27 5.08039e-26 5.27584e-25 5.21041e-24 4.88895e-23 4.35365e-22 3.67507e-21 2.93688e-20 2.21872e-19 1.58221e-18 1.06337e-17 6.7245e-17 3.99467e-16 2.22574e-15 1.16153e-14 5.67127e-14 2.58905e-13 1.1051e-12 4.41343e-12 1.65153e-11 5.80172e-11 1.91677e-10 5.96159e-10 1.74508e-09 4.80101e-09 1.23942e-08 3.00021e-08 6.81255e-08 1.45218e-07 2.90651e-07 5.46293e-07 9.6547e-07 1.60646e-06 2.50906e-06 3.64155e-06 4.85164e-06 5.91714e-06 6.68665e-06 7.14827e-06 7.38215e-06 7.48238e-06 7.51314e-06 7.49899e-06 7.4253e-06 7.23574e-06 6.83688e-06 6.1362e-06 5.12235e-06 3.92643e-06 2.76795e-06 1.81412e-06 1.11626e-06 6.47433e-07 3.53958e-07 1.82293e-07 8.84443e-08 4.0427e-08 1.74033e-08 7.05482e-09 2.6947e-09 9.71174e-10 3.30728e-10 1.06515e-10 3.24431e-11 9.33929e-12 2.53843e-12 6.50888e-13 1.57373e-13 3.58794e-14 7.71706e-15 1.5672e-15 3.00857e-16 5.46681e-17 9.41613e-18 1.53964e-18 2.39344e-19 3.54254e-20 4.9993e-21 6.73586e-22 8.67611e-23 1.06963e-23 1.26363e-24 1.43203e-25 1.55837e-26 1.63003e-27 1.64028e-28 1.58929e-29 1.48389e-30 1.33611e-31 1.161e-32 9.74961e-34 
5.04326e-34 8.64518e-35 6.45884e-34 9.5865e-33 1.36666e-31 1.86119e-30 2.42051e-29 3.005e-28 3.5595e-27 4.02053e-26 4.32742e-25 4.43482e-24 4.32347e-23 4.00549e-22 3.52252e-21 2.93688e-20 2.31826e-19 1.72999e-18 1.21855e-17 8.08808e-17 5.05005e-16 2.96099e-15 1.62753e-14 8.37327e-14 4.02691e-13 1.80879e-12 7.58658e-12 2.973e-11 1.09006e-10 3.74729e-10 1.21047e-09 3.67994e-09 1.0531e-08 2.83364e-08 7.15728e-08 1.69546e-07 3.76835e-07 7.86647e-07 1.54306e-06 2.84479e-06 4.93585e-06 8.07357e-06 1.24237e-05 1.78205e-05 2.35426e-05 2.85522e-05 3.21538e-05 3.43061e-05 3.53931e-05 3.58574e-05 3.59984e-05 3.59289e-05 3.55777e-05 3.46774e-05 3.27864e-05 2.94694e-05 2.46744e-05 1.90179e-05 1.35248e-05 8.97192e-06 5.6016e-06 3.30157e-06 1.83594e-06 9.62497e-07 4.75701e-07 2.21604e-07 9.72463e-08 4.01911e-08 1.56558e-08 5.75618e-09 2.00026e-09 6.57289e-10 2.04154e-10 5.98714e-11 1.65582e-11 4.31453e-12 1.05875e-12 2.44709e-13 5.33073e-14 1.09559e-14 2.12717e-15 3.90736e-16 6.80094e-17 1.12343e-17 1.76399e-18 2.63683e-19 3.75785e-20 5.11298e-21 6.6506e-22 8.2802e-23 9.87928e-24 1.13082e-24 1.24306e-25 1.31355e-26 1.33552e-27 1.30762e-28 1.23391e-29 1.12304e-30 9.86568e-32 8.37709e-33 
4.16532e-33 7.56676e-34 5.85041e-33 8.54371e-32 1.19868e-30 1.60739e-29 2.05944e-28 2.51998e-27 2.94329e-26 3.27931e-25 3.48278e-24 3.5229e-23 3.39072e-22 3.10198e-21 2.6942e-20 2.21872e-19 1.72999e-18 1.27521e-17 8.87173e-17 5.81514e-16 3.58464e-15 2.07421e-14 1.12455e-13 5.70256e-13 2.70067e-12 1.19319e-11 4.91571e-11 1.88913e-10 6.78141e-10 2.27887e-09 7.18771e-09 2.13241e-08 5.95548e-08 1.56455e-07 3.85985e-07 8.93277e-07 1.94003e-06 3.95907e-06 7.59795e-06 1.37169e-05 2.33274e-05 3.74503e-05 5.66924e-05 8.02646e-05 0.000105041 0.000126598 0.00014202 0.000151198 0.000155817 0.000157783 0.000158373 0.000158062 0.000156531 0.000152618 0.000144413 0.000130042 0.000109282 8.47796e-05 6.09061e-05 4.09588e-05 2.599e-05 1.55916e-05 8.83317e-06 4.72189e-06 2.38138e-06 1.1325e-06 5.07431e-07 2.14162e-07 8.5218e-08 3.20181e-08 1.13715e-08 3.81788e-09 1.21059e-09 3.61986e-10 1.01926e-10 2.69992e-11 6.72603e-12 1.57631e-12 3.4783e-13 7.2354e-14 1.42092e-14 2.63869e-15 4.64139e-16 7.746e-17 1.22855e-17 1.85475e-18 2.66939e-19 3.66776e-20 4.81772e-21 6.05742e-22 7.29894e-23 8.43814e-24 9.36925e-25 1.00014e-25 1.02736e-26 1.01639e-27 9.69244e-29 8.91604e-30 7.91759e-31 6.79702e-32 
3.24578e-32 6.25671e-33 4.99124e-32 7.17448e-31 9.90964e-30 1.3089e-28 1.65258e-27 1.99352e-26 2.29632e-25 2.52408e-24 2.64545e-23 2.64143e-22 2.5101e-21 2.26765e-20 1.94519e-19 1.58221e-18 1.21855e-17 8.87173e-17 6.0955e-16 3.94505e-15 2.40049e-14 1.37053e-13 7.32742e-13 3.66144e-12 1.70704e-11 7.4156e-11 2.99942e-10 1.12972e-09 3.96704e-09 1.30167e-08 4.00276e-08 1.15678e-07 3.14669e-07 8.05459e-07 1.93705e-06 4.37106e-06 9.25782e-06 1.8432e-05 3.45386e-05 6.09425e-05 0.000101396 0.000159476 0.000237074 0.000330778 0.000428315 0.000512589 0.000572556 0.000608091 0.000625907 0.000633461 0.000635701 0.000634433 0.00062837 0.000612925 0.000580594 0.000524025 0.00044235 0.000345842 0.000251399 0.000171707 0.000110942 6.78681e-05 3.9247e-05 2.14347e-05 1.10527e-05 5.37629e-06 2.4642e-06 1.06408e-06 4.33364e-07 1.6671e-07 6.06218e-08 2.0827e-08 6.74973e-09 2.05961e-09 5.90789e-10 1.59159e-10 4.02639e-11 9.57024e-12 2.13951e-12 4.5052e-13 8.95029e-14 1.68055e-14 2.98769e-15 5.03808e-16 8.07214e-17 1.23091e-17 1.7892e-18 2.48274e-19 3.29344e-20 4.18198e-21 5.08928e-22 5.94255e-23 6.66491e-24 7.18714e-25 7.45872e-26 7.45592e-27 7.18496e-28 6.67991e-29 5.99592e-30 5.20367e-31 
2.38468e-31 4.88438e-32 4.00896e-31 5.67366e-30 7.71721e-29 1.00424e-27 1.24969e-26 1.48638e-25 1.68873e-24 1.83141e-23 1.89431e-22 1.86706e-21 1.7517e-20 1.56264e-19 1.32374e-18 1.06337e-17 8.08808e-17 5.81514e-16 3.94505e-15 2.52051e-14 1.51353e-13 8.52387e-13 4.4926e-12 2.21135e-11 1.01455e-10 4.33154e-10 1.71916e-09 6.34185e-09 2.1765e-08 6.96471e-08 2.08474e-07 5.85726e-07 1.54835e-06 3.8526e-06 9.01086e-06 1.97818e-05 4.07664e-05 7.9001e-05 0.000144206 0.00024813 0.000403025 0.000619688 0.000902773 0.00123903 0.00158518 0.00188195 0.0020919 0.00221572 0.00227756 0.00230368 0.00231132 0.00230668 0.00228507 0.00223019 0.00211547 0.00191493 0.00162541 0.00128268 0.000945324 0.000657187 0.000433301 0.000270886 0.000160253 8.96247e-05 4.73599e-05 2.3615e-05 1.10963e-05 4.91328e-06 2.0527e-06 8.10288e-07 3.02282e-07 1.0644e-07 3.53005e-08 1.10018e-08 3.21688e-09 8.81774e-10 2.26605e-10 5.46414e-11 1.23791e-11 2.63932e-12 5.30548e-13 1.00745e-13 1.81058e-14 3.0855e-15 4.99497e-16 7.69459e-17 1.12977e-17 1.58346e-18 2.12157e-19 2.72097e-20 3.34461e-21 3.94485e-22 4.4694e-23 4.86902e-24 5.10531e-25 5.15672e-26 5.02179e-27 4.71864e-28 4.2812e-29 3.75615e-30 
1.65097e-30 3.5981e-31 3.03034e-30 4.22339e-29 5.65806e-28 7.25488e-27 8.899e-26 1.04367e-24 1.16955e-23 1.25136e-22 1.27728e-21 1.24257e-20 1.15085e-19 1.01359e-18 8.47788e-18 6.7245e-17 5.05005e-16 3.58464e-15 2.40049e-14 1.51353e-13 8.96579e-13 4.97882e-12 2.58586e-11 1.25322e-10 5.65524e-10 2.37166e-09 9.23079e-09 3.33257e-08 1.11674e-07 3.48058e-07 1.0124e-06 2.75931e-06 7.07037e-06 1.70547e-05 3.86907e-05 8.24189e-05 0.000164832 0.000310082 0.00054989 0.000920277 0.00145559 0.00218264 0.00310856 0.00418758 0.00528414 0.00621612 0.00687122 0.00725567 0.00744687 0.00752728 0.00755051 0.00753541 0.00746678 0.007293 0.00693023 0.00629651 0.00538118 0.00429444 0.00321646 0.00228177 0.00153907 0.00098576 0.000598136 0.000343469 0.000186486 9.55631e-05 4.61501e-05 2.10079e-05 9.02722e-06 3.66572e-06 1.40597e-06 5.08284e-07 1.72719e-07 5.50293e-08 1.64123e-08 4.57962e-09 1.19604e-09 2.92684e-10 6.72183e-11 1.45154e-11 2.95328e-12 5.673e-13 1.03096e-13 1.77602e-14 2.9057e-15 4.52301e-16 6.70973e-17 9.50087e-18 1.28599e-18 1.66619e-19 2.06907e-20 2.46548e-21 2.82218e-22 3.10649e-23 3.29136e-24 3.35961e-25 3.30657e-26 3.14037e-27 2.88019e-28 2.55471e-29 
1.07666e-29 2.50019e-30 2.15512e-29 2.95824e-28 3.9038e-27 4.93234e-26 5.96359e-25 6.89605e-24 7.62145e-23 8.04421e-22 8.10134e-21 7.77728e-20 7.10914e-19 6.18005e-18 5.10226e-17 3.99467e-16 2.96099e-15 2.07421e-14 1.37053e-13 8.52387e-13 4.97882e-12 2.72479e-11 1.39377e-10 6.64701e-10 2.94842e-09 1.21376e-08 4.62928e-08 1.63428e-07 5.34174e-07 1.61941e-06 4.56908e-06 1.20523e-05 2.98503e-05 6.95855e-05 0.000152642 0.000314558 0.00060869 0.00110816 0.00190327 0.00308872 0.00474368 0.00691736 0.00960468 0.0126666 0.0157318 0.018311 0.0201113 0.0211621 0.0216826 0.0219005 0.0219626 0.0219194 0.0217276 0.0212433 0.0202335 0.0184699 0.0159194 0.0128781 0.00983003 0.00713685 0.00493887 0.00325027 0.00202893 0.00119994 0.000671435 0.000354634 0.000176532 8.28638e-05 3.67342e-05 1.53877e-05 6.08194e-06 2.26136e-06 7.88341e-07 2.57002e-07 7.82378e-08 2.22361e-08 5.90461e-09 1.46706e-09 3.41703e-10 7.47682e-11 1.54034e-11 2.99441e-12 5.50481e-13 9.58985e-14 1.58625e-14 2.4959e-15 3.74218e-16 5.35508e-17 7.32491e-18 9.59042e-19 1.20347e-19 1.44916e-20 1.67637e-21 1.86486e-22 1.99695e-23 2.06028e-24 2.0497e-25 1.96791e-26 1.82471e-27 1.63645e-28 
6.6126e-29 1.63841e-29 1.44185e-28 1.94937e-27 2.53395e-26 3.15461e-25 3.75925e-24 4.28547e-23 4.67017e-22 4.86133e-21 4.82915e-20 4.57337e-19 4.12437e-18 3.53742e-17 2.88147e-16 2.22574e-15 1.62753e-14 1.12455e-13 7.32742e-13 4.4926e-12 2.58586e-11 1.39377e-10 7.01664e-10 3.29045e-09 1.43358e-08 5.78832e-08 2.16145e-07 7.45439e-07 2.37388e-06 6.99021e-06 1.90953e-05 4.8628e-05 0.000116055 0.00026054 0.00055062 0.00109387 0.00204105 0.00358358 0.00593988 0.00931512 0.0138456 0.0195724 0.0264111 0.0339966 0.0414545 0.0476577 0.0519537 0.0544474 0.0556769 0.0561896 0.0563337 0.0562268 0.0557621 0.0545915 0.0521527 0.0478922 0.0417167 0.0343052 0.0267744 0.0199604 0.014218 0.00964615 0.00621624 0.00379978 0.00219874 0.00120096 0.000618316 0.000300339 0.000137829 5.97398e-05 2.43909e-05 9.34391e-06 3.34611e-06 1.11724e-06 3.47425e-07 1.00641e-07 2.71892e-08 6.86299e-09 1.6221e-09 3.59847e-10 7.51071e-11 1.47842e-11 2.75083e-12 4.84863e-13 8.11248e-14 1.29091e-14 1.95712e-15 2.83164e-16 3.91581e-17 5.18303e-18 6.57505e-19 8.00382e-20 9.35988e-21 1.05263e-21 1.13957e-22 1.18867e-23 1.19567e-24 1.16073e-25 1.0883e-26 9.87018e-28 
3.82517e-28 1.01254e-28 9.07528e-28 1.20847e-26 1.54727e-25 1.89777e-24 2.22853e-23 2.5039e-22 2.68979e-21 2.76035e-20 2.70362e-19 2.52468e-18 2.24512e-17 1.89881e-16 1.52514e-15 1.16153e-14 8.37327e-14 5.70256e-13 3.66144e-12 2.21135e-11 1.25322e-10 6.64701e-10 3.29045e-09 1.5159e-08 6.48067e-08 2.56389e-07 9.36362e-07 3.15115e-06 9.76469e-06 2.78866e-05 7.36138e-05 0.000180522 0.000413783 0.000891112 0.00180692 0.00344658 0.00617706 0.0104187 0.0166002 0.0250592 0.0359159 0.0490474 0.0641015 0.0802668 0.0958158 0.108572 0.117329 0.122382 0.124863 0.125893 0.126179 0.125954 0.124995 0.122583 0.11756 0.108776 0.0959944 0.0805118 0.0644858 0.0495424 0.0364543 0.0255925 0.017093 0.0108417 0.00651252 0.00369258 0.00197405 0.000996259 0.000475101 0.000213758 9.0375e-05 3.57348e-05 1.31624e-05 4.50578e-06 1.43254e-06 4.23301e-07 1.16439e-07 2.98821e-08 7.17245e-09 1.61436e-09 3.41621e-10 6.81387e-11 1.28409e-11 2.29157e-12 3.88087e-13 6.24939e-14 9.58634e-15 1.40317e-15 1.96285e-16 2.62791e-17 3.37183e-18 4.15133e-19 4.90993e-20 5.5846e-21 6.11459e-22 6.45062e-23 6.5625e-24 6.44346e-25 6.11053e-26 5.60548e-27 
2.08473e-27 5.902e-28 5.37496e-27 7.0491e-26 8.88887e-25 1.07394e-23 1.24243e-22 1.37543e-21 1.45594e-20 1.47237e-19 1.42115e-18 1.30781e-17 1.14607e-16 9.55121e-16 7.55875e-15 5.67127e-14 4.02691e-13 2.70067e-12 1.70704e-11 1.01455e-10 5.65524e-10 2.94842e-09 1.43358e-08 6.48067e-08 2.71536e-07 1.05126e-06 3.75011e-06 1.22981e-05 3.70289e-05 0.000102394 0.00026068 0.000614002 0.0013471 0.0027713 0.00536673 0.00978383 0.0167697 0.027057 0.0412632 0.0597088 0.0821969 0.10805 0.136295 0.165451 0.192746 0.214769 0.229737 0.238319 0.242515 0.244252 0.244728 0.244334 0.242679 0.238527 0.229878 0.214719 0.192526 0.165281 0.136368 0.108364 0.0826769 0.060304 0.0419214 0.0277092 0.017351 0.010256 0.00571881 0.00301235 0.00149893 0.000702354 0.000308244 0.000126022 4.78098e-05 1.6799e-05 5.46644e-06 1.64937e-06 4.62418e-07 1.20773e-07 2.94674e-08 6.73577e-09 1.44651e-09 2.92621e-10 5.59032e-11 1.01098e-11 1.73448e-12 2.8288e-13 4.39395e-14 6.51143e-15 9.22059e-16 1.24951e-16 1.62259e-17 2.02167e-18 2.41964e-19 2.7848e-20 3.08516e-21 3.29309e-22 3.38962e-23 3.36722e-24 3.23068e-25 2.99843e-26 
1.07099e-26 3.24547e-27 2.99637e-26 3.87008e-25 4.80589e-24 5.71857e-23 6.5161e-22 7.10514e-21 7.40797e-20 7.37874e-19 7.01438e-18 6.35685e-17 5.48537e-16 4.50081e-15 3.50625e-14 2.58905e-13 1.80879e-12 1.19319e-11 7.4156e-11 4.33154e-10 2.37166e-09 1.21376e-08 5.78832e-08 2.56389e-07 1.05126e-06 3.97673e-06 1.38341e-05 4.41371e-05 0.000128908 0.000344528 0.000844172 0.0019049 0.00398681 0.00780118 0.0143564 0.0248887 0.0406063 0.0623951 0.0906849 0.12526 0.164998 0.208093 0.252595 0.296377 0.336001 0.367325 0.388366 0.40035 0.406187 0.408597 0.409253 0.408692 0.406359 0.400512 0.38832 0.366866 0.335163 0.295498 0.25198 0.20778 0.164956 0.125506 0.0912027 0.0630953 0.0413677 0.0256108 0.01497 0.00827049 0.0043121 0.00211099 0.000963932 0.000408203 0.000159742 5.76915e-05 1.92394e-05 5.93531e-06 1.69818e-06 4.51955e-07 1.12235e-07 2.6087e-08 5.69216e-09 1.16927e-09 2.26714e-10 4.15942e-11 7.23706e-12 1.19665e-12 1.88401e-13 2.82924e-14 4.05912e-15 5.57207e-16 7.32862e-17 9.24696e-18 1.12062e-18 1.30578e-19 1.46445e-20 1.58229e-21 1.64846e-22 1.65734e-23 1.60923e-24 1.51142e-25 
5.18906e-26 1.68389e-26 1.57268e-25 2.0005e-24 2.44631e-23 2.86648e-22 3.21635e-21 3.4533e-20 3.54492e-19 3.47598e-18 3.2524e-17 2.90062e-16 2.46258e-15 1.98746e-14 1.52247e-13 1.1051e-12 7.58658e-12 4.91571e-11 2.99942e-10 1.71916e-09 9.23079e-09 4.62928e-08 2.16145e-07 9.36362e-07 3.75011e-06 1.38341e-05 4.68402e-05 0.000145096 0.000410225 0.00105749 0.00248832 0.00536584 0.0106793 0.0197938 0.0344425 0.0564836 0.0872936 0.1272 0.175505 0.230583 0.289761 0.349836 0.407985 0.462008 0.508898 0.545036 0.568977 0.582518 0.589091 0.591801 0.592536 0.591899 0.589261 0.582649 0.568832 0.544366 0.507713 0.46064 0.406719 0.348705 0.288817 0.229982 0.175358 0.127483 0.0878956 0.0572757 0.0352802 0.0205444 0.0112682 0.00578033 0.00275232 0.00120952 0.000489073 0.000181852 6.22556e-05 1.96692e-05 5.75261e-06 1.56266e-06 3.95602e-07 9.36465e-08 2.07939e-08 4.34385e-09 8.56052e-10 1.59554e-10 2.81908e-11 4.73174e-12 7.55955e-13 1.15162e-13 1.67562e-14 2.33211e-15 3.10913e-16 3.97558e-17 4.88149e-18 5.76202e-19 6.54506e-20 7.16116e-21 7.55392e-22 7.68854e-23 7.55677e-24 7.18373e-25 
2.37205e-25 8.24285e-26 7.77221e-25 9.73786e-24 1.17268e-22 1.3531e-21 1.49488e-20 1.58006e-19 1.59644e-18 1.54039e-17 1.41787e-16 1.24355e-15 1.03787e-14 8.23112e-14 6.19328e-13 4.41343e-12 2.973e-11 1.88913e-10 1.12972e-09 6.34185e-09 3.33257e-08 1.63428e-07 7.45439e-07 3.15115e-06 1.22981e-05 4.41371e-05 0.000145096 0.000435326 0.00118851 0.00294788 0.00664535 0.0136607 0.0257818 0.0451034 0.0738759 0.11404 0.166202 0.228855 0.298977 0.372911 0.446563 0.516069 0.578729 0.633277 0.67833 0.711998 0.733939 0.746254 0.752215 0.754672 0.755341 0.754769 0.752393 0.74643 0.733922 0.711573 0.677462 0.632148 0.577448 0.514583 0.444937 0.371394 0.297816 0.228184 0.166074 0.114443 0.0746612 0.0460289 0.0266483 0.0143608 0.00714581 0.00326544 0.00136714 0.000524468 0.000184702 5.98895e-05 1.79423e-05 4.98499e-06 1.28916e-06 3.11419e-07 7.05043e-08 1.50058e-08 3.01093e-09 5.71045e-10 1.02611e-10 1.75073e-11 2.84185e-12 4.39676e-13 6.49442e-14 9.17257e-15 1.24051e-15 1.60857e-16 2.00232e-17 2.39537e-18 2.75687e-19 3.05552e-20 3.26422e-21 3.3641e-22 3.34737e-23 3.22106e-24 
1.02305e-24 3.80508e-25 3.61564e-24 4.46299e-23 5.29375e-22 6.01552e-21 6.54377e-20 6.80875e-19 6.77005e-18 6.42626e-17 5.81674e-16 5.01441e-15 4.11139e-14 3.20141e-13 2.36356e-12 1.65153e-11 1.09006e-10 6.78141e-10 3.96704e-09 2.1765e-08 1.11674e-07 5.34174e-07 2.37388e-06 9.76469e-06 3.70289e-05 0.000128908 0.000410225 0.00118851 0.00312413 0.00743422 0.016012 0.0313007 0.0558881 0.0920493 0.141469 0.204808 0.280567 0.364374 0.450535 0.533941 0.610478 0.677313 0.733266 0.778749 0.814315 0.839972 0.856375 0.8655 0.869904 0.871721 0.872219 0.871808 0.87008 0.865733 0.856568 0.839999 0.814127 0.778378 0.732653 0.676289 0.609002 0.532156 0.448659 0.36265 0.279303 0.204288 0.1417 0.0927821 0.056839 0.0322484 0.0168063 0.0080053 0.00347903 0.00138055 0.000501473 0.000167322 5.14853e-05 1.46687e-05 3.88495e-06 9.60025e-07 2.22117e-07 4.82681e-08 9.8805e-09 1.91024e-09 3.49653e-10 6.0728e-11 1.00281e-11 1.57739e-12 2.36748e-13 3.39585e-14 4.66183e-15 6.13335e-16 7.74309e-17 9.391e-18 1.09537e-18 1.22999e-19 1.33089e-20 1.3889e-21 1.39908e-22 1.36269e-23 
4.16093e-24 1.65485e-24 1.5821e-23 1.92461e-22 2.24923e-21 2.51777e-20 2.69734e-19 2.76316e-18 2.70394e-17 2.52488e-16 2.24706e-15 1.90349e-14 1.53259e-13 1.17101e-12 8.47635e-12 5.80172e-11 3.74729e-10 2.27887e-09 1.30167e-08 6.96471e-08 3.48058e-07 1.61941e-06 6.99021e-06 2.78866e-05 0.000102394 0.000344528 0.00105749 0.00294788 0.00743422 0.0169153 0.0347026 0.0643455 0.108497 0.168035 0.242065 0.328278 0.422392 0.517739 0.607469 0.686953 0.753922 0.807929 0.849906 0.881756 0.905283 0.921611 0.931826 0.93745 0.940155 0.941271 0.941581 0.941337 0.9403 0.937681 0.932122 0.92193 0.905603 0.88206 0.850086 0.807788 0.753302 0.685778 0.605736 0.515596 0.420261 0.326703 0.241305 0.168024 0.109064 0.065267 0.0357105 0.0177803 0.0080456 0.00331313 0.00124539 0.000429023 0.000136031 3.98704e-05 1.08471e-05 2.74977e-06 6.51843e-07 1.44964e-07 3.03347e-08 5.98903e-09 1.11837e-09 1.97977e-10 3.32927e-11 5.32872e-12 8.13215e-13 1.18524e-13 1.65228e-14 2.20623e-15 2.82532e-16 3.4743e-17 4.10711e-18 4.67235e-19 5.12025e-20 5.41009e-21 5.51632e-22 5.43734e-23 
1.59427e-23 6.77112e-24 6.50371e-23 7.80039e-22 8.98532e-21 9.91168e-20 1.04611e-18 1.05537e-17 1.01665e-16 9.34052e-16 8.17425e-15 6.80445e-14 5.37946e-13 4.03235e-12 2.8606e-11 1.91677e-10 1.21047e-09 7.18771e-09 4.00276e-08 2.08474e-07 1.0124e-06 4.56908e-06 1.90953e-05 7.36138e-05 0.00026068 0.000844172 0.00248832 0.00664535 0.016012 0.0347026 0.0675868 0.118564 0.188544 0.274648 0.371438 0.472969 0.57327 0.665905 0.745657 0.810344 0.860399 0.897683 0.924611 0.943703 0.957015 0.965884 0.971299 0.974245 0.975655 0.976237 0.976401 0.97628 0.975753 0.974419 0.971562 0.966244 0.957482 0.944276 0.92523 0.898215 0.860679 0.810167 0.744809 0.664313 0.571192 0.470891 0.369717 0.273494 0.188143 0.118944 0.0685027 0.0357675 0.0169131 0.00725562 0.00283374 0.00101194 0.00033192 0.000100449 2.81663e-05 7.34663e-06 1.78894e-06 4.08036e-07 8.74415e-08 1.76552e-08 3.36728e-09 6.08095e-10 1.04207e-10 1.69797e-11 2.63563e-12 3.90397e-13 5.527e-14 7.48993e-15 9.72898e-16 1.21287e-16 1.45289e-17 1.67418e-18 1.85769e-19 1.98685e-20 2.05007e-21 2.04441e-22 
5.7468e-23 2.60233e-23 2.50798e-22 2.96693e-21 3.37001e-20 3.66483e-19 3.81209e-18 3.78891e-17 3.5943e-16 3.25027e-15 2.79792e-14 2.28931e-13 1.77751e-12 1.3073e-11 9.08939e-11 5.96159e-10 3.67994e-09 2.13241e-08 1.15678e-07 5.85726e-07 2.75931e-06 1.20523e-05 4.8628e-05 0.000180522 0.000614002 0.0019049 0.00536584 0.0136607 0.0313007 0.0643455 0.118564 0.196331 0.294257 0.4038 0.514761 0.619072 0.711708 0.789365 0.850535 0.896091 0.928551 0.95092 0.965957 0.975933 0.982498 0.986689 0.989181 0.990518 0.991155 0.991417 0.991492 0.99144 0.99121 0.990623 0.989354 0.986952 0.982875 0.976447 0.966607 0.951667 0.929303 0.896677 0.850706 0.788898 0.710571 0.617395 0.512695 0.401654 0.292594 0.195641 0.118901 0.0653299 0.0324159 0.0145533 0.00593353 0.00220659 0.000751932 0.000235848 6.83806e-05 1.84e-05 4.61216e-06 1.08067e-06 2.37453e-07 4.9073e-08 9.56487e-09 1.76273e-09 3.07877e-10 5.10728e-11 8.06282e-12 1.21358e-12 1.74451e-13 2.39873e-14 3.15957e-15 3.99207e-16 4.84434e-17 5.65255e-18 6.34888e-19 6.87118e-20 7.17225e-21 7.23406e-22 
1.94623e-22 9.37965e-23 9.05913e-22 1.05746e-20 1.18486e-19 1.27075e-18 1.30321e-17 1.2766e-16 1.19303e-15 1.06225e-14 8.998e-14 7.23943e-13 5.52248e-12 3.98651e-11 2.71742e-10 1.74508e-09 1.0531e-08 5.95548e-08 3.14669e-07 1.54835e-06 7.07037e-06 2.98503e-05 0.000116055 0.000413783 0.0013471 0.00398681 0.0106793 0.0257818 0.0558881 0.108497 0.188544 0.294257 0.415876 0.539269 0.651823 0.746547 0.821894 0.878989 0.920089 0.948251 0.966789 0.978638 0.986065 0.990682 0.99355 0.995302 0.996315 0.996849 0.997102 0.997207 0.997237 0.997217 0.997129 0.996902 0.996406 0.995451 0.993779 0.991019 0.986539 0.979269 0.967569 0.949114 0.920884 0.879511 0.821938 0.745891 0.65025 0.536863 0.413256 0.292304 0.187846 0.108992 0.0570061 0.0269201 0.0115157 0.00448049 0.0015925 0.00051935 0.000156077 4.34025e-05 1.12124e-05 2.70088e-06 6.08739e-07 1.28788e-07 2.56526e-08 4.82379e-09 8.58508e-10 1.44947e-10 2.32654e-11 3.55717e-12 5.19012e-13 7.23862e-14 9.66515e-15 1.23724e-15 1.52042e-16 1.79585e-17 2.0411e-18 2.23463e-19 2.35893e-20 2.40567e-21 
6.18567e-22 3.16649e-22 3.06151e-21 3.52743e-20 3.90017e-19 4.12664e-18 4.17386e-17 4.03092e-16 3.71226e-15 3.25557e-14 2.71452e-13 2.14828e-12 1.61065e-11 1.14162e-10 7.63239e-10 4.80101e-09 2.83364e-08 1.56455e-07 8.05459e-07 3.8526e-06 1.70547e-05 6.95855e-05 0.00026054 0.000891112 0.0027713 0.00780118 0.0197938 0.0451034 0.0920493 0.168035 0.274648 0.4038 0.539269 0.663863 0.766331 0.843659 0.898703 0.936264 0.960893 0.976418 0.985876 0.991496 0.994786 0.996705 0.997831 0.998488 0.998856 0.999047 0.999137 0.999174 0.999184 0.999178 0.999148 0.999069 0.998897 0.998558 0.997945 0.996885 0.995062 0.991907 0.986457 0.977186 0.961819 0.937254 0.899571 0.844056 0.765769 0.662026 0.53643 0.400886 0.272755 0.167671 0.0928632 0.0463525 0.0208977 0.00853809 0.00317393 0.00107822 0.000336238 9.66854e-05 2.57467e-05 6.37534e-06 1.47355e-06 3.19034e-07 6.4914e-08 1.24499e-08 2.25686e-09 3.87653e-10 6.32382e-11 9.81803e-12 1.45349e-12 2.05548e-13 2.7812e-14 3.60593e-15 4.48612e-16 5.36225e-17 6.16535e-18 6.82621e-19 7.28544e-20 7.51019e-21 
