4.34099e-25 2.50217e-25 6.88936e-25 2.85735e-24 1.18929e-23 4.82268e-23 1.90147e-22 7.2857e-22 2.71179e-21 9.80112e-21 3.43853e-20 1.17058e-19 3.86569e-19 1.23805e-18 3.84448e-18 1.15732e-17 3.37698e-17 9.55078e-17 2.61802e-16 6.95571e-16 1.7913e-15 4.47187e-15 1.08228e-14 2.53949e-14 5.77741e-14 1.27439e-13 2.72545e-13 5.65073e-13 1.13566e-12 2.21206e-12 4.17513e-12 7.63441e-12 1.3521e-11 2.31872e-11 3.84912e-11 6.18278e-11 9.60564e-11 1.44271e-10 2.09375e-10 2.93464e-10 3.97122e-10 5.18776e-10 6.5438e-10 7.97595e-10 9.40552e-10 1.07504e-09 1.19377e-09 1.29127e-09 1.36424e-09 1.41119e-09 1.43171e-09 1.42574e-09 1.39316e-09 1.33402e-09 1.24913e-09 1.14088e-09 1.01376e-09 8.7435e-10 7.30582e-10 5.90619e-10 4.61591e-10 3.48646e-10 2.54516e-10 1.79634e-10 1.22635e-10 8.10267e-11 5.18403e-11 3.21334e-11 1.93063e-11 1.1248e-11 6.35698e-12 3.48633e-12 1.85595e-12 9.59319e-13 4.81585e-13 2.34852e-13 1.11278e-13 5.1238e-14 2.29293e-14 9.97344e-15 4.21678e-15 1.73307e-15 6.92422e-16 2.68943e-16 1.01557e-16 3.7287e-17 1.33122e-17 4.62224e-18 1.56114e-18 5.12998e-19 1.64052e-19 5.10692e-20 1.54805e-20 4.5709e-21 1.31511e-21 3.68829e-22 1.00868e-22 2.69103e-23 7.0076e-24 1.79078e-24 
2.50217e-25 1.4364e-25 4.09291e-25 1.74632e-24 7.46364e-24 3.10805e-23 1.25869e-22 4.9547e-22 1.89491e-21 7.03795e-21 2.53753e-20 8.87799e-20 3.01301e-19 9.91582e-19 3.16355e-18 9.78215e-18 2.93106e-17 8.50914e-17 2.39319e-16 6.52041e-16 1.72098e-15 4.40034e-15 1.08997e-14 2.61557e-14 6.08056e-14 1.3694e-13 2.98744e-13 6.31246e-13 1.29172e-12 2.55936e-12 4.90913e-12 9.11367e-12 1.63718e-11 2.84512e-11 4.78161e-11 7.76895e-11 1.21978e-10 1.84977e-10 2.708e-10 3.82526e-10 5.2118e-10 6.84801e-10 8.67935e-10 1.06186e-09 1.25564e-09 1.43785e-09 1.59841e-09 1.72986e-09 1.82787e-09 1.89066e-09 1.91789e-09 1.90958e-09 1.86556e-09 1.78569e-09 1.67085e-09 1.52413e-09 1.35164e-09 1.16245e-09 9.67631e-10 7.78513e-10 6.04922e-10 4.53821e-10 3.28749e-10 2.30037e-10 1.55562e-10 1.01725e-10 6.43592e-11 3.94163e-11 2.3379e-11 1.34349e-11 7.48275e-12 4.04064e-12 2.1161e-12 1.07508e-12 5.30007e-13 2.53609e-13 1.1781e-13 5.3139e-14 2.32769e-14 9.90316e-15 4.09263e-15 1.64305e-15 6.40854e-16 2.42869e-16 8.94413e-17 3.20126e-17 1.11378e-17 3.76755e-18 1.23939e-18 3.96612e-19 1.235e-19 3.74328e-20 1.10479e-20 3.17626e-21 8.89873e-22 2.43048e-22 6.47424e-23 1.68268e-23 4.2696e-24 1.0632e-24 
6.88936e-25 4.09291e-25 1.21521e-24 5.2604e-24 2.27317e-23 9.56442e-23 3.91159e-22 1.55412e-21 5.99589e-21 2.24524e-20 8.15693e-20 2.87387e-19 9.81564e-19 3.24888e-18 1.04179e-17 3.23558e-17 9.73101e-17 2.83359e-16 7.9882e-16 2.18012e-15 5.76013e-15 1.47342e-14 3.6491e-14 8.75066e-14 2.03196e-13 4.56897e-13 9.94822e-13 2.09736e-12 4.28112e-12 8.45954e-12 1.61798e-11 2.99475e-11 5.36322e-11 9.29126e-11 1.55666e-10 2.52144e-10 3.94705e-10 5.96861e-10 8.71443e-10 1.2279e-09 1.66913e-09 2.18851e-09 2.76843e-09 3.38103e-09 3.99168e-09 4.56442e-09 5.06769e-09 5.47854e-09 5.78381e-09 5.97842e-09 6.06168e-09 6.03382e-09 5.89418e-09 5.64214e-09 5.2802e-09 4.81781e-09 4.27401e-09 3.67734e-09 3.06263e-09 2.46563e-09 1.91734e-09 1.43977e-09 1.04415e-09 7.3157e-10 4.95443e-10 3.24494e-10 2.05647e-10 1.26167e-10 7.49654e-11 4.31541e-11 2.40752e-11 1.30206e-11 6.82843e-12 3.47334e-12 1.71399e-12 8.20703e-13 3.81378e-13 1.72017e-13 7.5315e-14 3.20121e-14 1.32097e-14 5.29228e-15 2.05866e-15 7.77592e-16 2.85223e-16 1.01611e-16 3.51636e-17 1.18231e-17 3.86335e-18 1.22719e-18 3.79064e-19 1.13898e-19 3.33027e-20 9.47927e-21 2.62771e-21 7.09688e-22 1.86822e-22 4.79569e-23 1.20114e-23 2.95104e-24 
2.85735e-24 1.74632e-24 5.2604e-24 2.27408e-23 9.8013e-23 4.1124e-22 1.67694e-21 6.64219e-21 2.55431e-20 9.53239e-20 3.45066e-19 1.21113e-18 4.11997e-18 1.35787e-17 4.33457e-17 1.3398e-16 4.00912e-16 1.1612e-15 3.25516e-15 8.83146e-15 2.31898e-14 5.89373e-14 1.44996e-13 3.4533e-13 7.96287e-13 1.77784e-12 3.84342e-12 8.04528e-12 1.63058e-11 3.19948e-11 6.07718e-11 1.11725e-10 1.9877e-10 3.42158e-10 5.6974e-10 9.1745e-10 1.42822e-09 2.14851e-09 3.12187e-09 4.37955e-09 5.92969e-09 7.74746e-09 9.77015e-09 1.19003e-08 1.40178e-08 1.59989e-08 1.77357e-08 1.91503e-08 2.01987e-08 2.08646e-08 2.11461e-08 2.10443e-08 2.05569e-08 1.96814e-08 1.84259e-08 1.68225e-08 1.49367e-08 1.28664e-08 1.07317e-08 8.65584e-09 6.74624e-09 5.07944e-09 3.69506e-09 2.59795e-09 1.76624e-09 1.16171e-09 7.39586e-10 4.55942e-10 2.72287e-10 1.57573e-10 8.83895e-11 4.80726e-11 2.53556e-11 1.29725e-11 6.43917e-12 3.10142e-12 1.44967e-12 6.57656e-13 2.89581e-13 1.23766e-13 5.13449e-14 2.06761e-14 8.0822e-15 3.06692e-15 1.12987e-15 4.04166e-16 1.40402e-16 4.73761e-17 1.55321e-17 4.94898e-18 1.53305e-18 4.61855e-19 1.35373e-19 3.862e-20 1.07281e-20 2.90303e-21 7.65575e-22 1.96845e-22 4.93774e-23 1.21509e-23 
1.18929e-23 7.46364e-24 2.27317e-23 9.8013e-23 4.20911e-22 1.75945e-21 7.14711e-21 2.81975e-20 1.07995e-19 4.01332e-19 1.44647e-18 5.05391e-18 1.71113e-17 5.61186e-17 1.7822e-16 5.47912e-16 1.6303e-15 4.69416e-15 1.30779e-14 3.52531e-14 9.19482e-14 2.32067e-13 5.66836e-13 1.3401e-12 3.06696e-12 6.79557e-12 1.45789e-11 3.02849e-11 6.09148e-11 1.1863e-10 2.23671e-10 4.08242e-10 7.21212e-10 1.23305e-09 2.03978e-09 3.26418e-09 5.05146e-09 7.55706e-09 1.09245e-08 1.52539e-08 2.05659e-08 2.67698e-08 3.36482e-08 4.08688e-08 4.80263e-08 5.47056e-08 6.05475e-08 6.52951e-08 6.88053e-08 7.10263e-08 7.19545e-08 7.15941e-08 6.99366e-08 6.69727e-08 6.27282e-08 5.731e-08 5.09357e-08 4.39338e-08 3.67064e-08 2.96684e-08 2.31816e-08 1.75061e-08 1.27785e-08 9.01904e-09 6.15785e-09 4.06903e-09 2.6034e-09 1.61344e-09 9.68888e-10 5.63939e-10 3.18229e-10 1.74138e-10 9.24245e-11 4.75877e-11 2.37731e-11 1.15242e-11 5.42131e-12 2.47508e-12 1.09665e-12 4.71567e-13 1.96791e-13 7.96987e-14 3.13247e-14 1.19489e-14 4.42403e-15 1.59004e-15 5.54848e-16 1.88025e-16 6.18944e-17 1.97976e-17 6.1553e-18 1.86091e-18 5.47283e-19 1.56636e-19 4.36466e-20 1.18462e-20 3.1331e-21 8.07855e-22 2.03205e-22 5.01505e-23 
4.82268e-23 3.10805e-23 9.56442e-23 4.1124e-22 1.75945e-21 7.32634e-21 2.96429e-20 1.16475e-19 4.4423e-19 1.64373e-18 5.89782e-18 2.05113e-17 6.91114e-17 2.25521e-16 7.12444e-16 2.17827e-15 6.44411e-15 1.84429e-14 5.10577e-14 1.36724e-13 3.54158e-13 8.87473e-13 2.1517e-12 5.04837e-12 1.14642e-11 2.52015e-11 5.36371e-11 1.10535e-10 2.20569e-10 4.2619e-10 7.97366e-10 1.44436e-09 2.53291e-09 4.29965e-09 7.06403e-09 1.12303e-08 1.72716e-08 2.56885e-08 3.69355e-08 5.13193e-08 6.88835e-08 8.93093e-08 1.1187e-07 1.35473e-07 1.58801e-07 1.80512e-07 1.99456e-07 2.14816e-07 2.26144e-07 2.33285e-07 2.36234e-07 2.35007e-07 2.29575e-07 2.19903e-07 2.06071e-07 1.88419e-07 1.67646e-07 1.44811e-07 1.21213e-07 9.81958e-08 7.69368e-08 5.82874e-08 4.27034e-08 3.02649e-08 2.07581e-08 1.37847e-08 8.86644e-09 5.5258e-09 3.33786e-09 1.9547e-09 1.11001e-09 6.11352e-10 3.26625e-10 1.69303e-10 8.51497e-11 4.15565e-11 1.9681e-11 9.04501e-12 4.03375e-12 1.74553e-12 7.32899e-13 2.98568e-13 1.18011e-13 4.52585e-14 1.68426e-14 6.08286e-15 2.13244e-15 7.25809e-16 2.3992e-16 7.70457e-17 2.40452e-17 7.29582e-18 2.15311e-18 6.18294e-19 1.72843e-19 4.7058e-20 1.24836e-20 3.22831e-21 8.14381e-22 2.01603e-22 
1.90147e-22 1.25869e-22 3.91159e-22 1.67694e-21 7.14711e-21 2.96429e-20 1.19452e-19 4.6741e-19 1.77506e-18 6.53908e-18 2.33558e-17 8.08423e-17 2.71053e-16 8.79958e-16 2.76501e-15 8.40659e-15 2.47239e-14 7.03242e-14 1.93433e-13 5.1449e-13 1.3233e-12 3.2917e-12 7.92016e-12 1.84369e-11 4.15314e-11 9.05519e-11 1.91132e-10 3.90617e-10 7.73023e-10 1.48143e-09 2.74926e-09 4.94068e-09 8.59742e-09 1.44852e-08 2.3627e-08 3.73034e-08 5.69969e-08 8.42545e-08 1.20456e-07 1.66497e-07 2.22435e-07 2.87193e-07 3.58432e-07 4.32701e-07 5.05873e-07 5.73787e-07 6.32896e-07 6.8071e-07 7.15883e-07 7.37969e-07 7.4698e-07 7.42969e-07 7.25844e-07 6.95482e-07 6.52113e-07 5.96775e-07 5.31627e-07 4.59949e-07 3.85778e-07 3.13303e-07 2.46206e-07 1.87174e-07 1.37676e-07 9.80078e-08 6.75503e-08 4.50954e-08 2.91698e-08 1.8288e-08 1.1116e-08 6.55196e-09 3.74555e-09 2.07707e-09 1.11746e-09 5.83321e-10 2.95464e-10 1.45222e-10 6.92607e-11 3.20512e-11 1.43903e-11 6.268e-12 2.6484e-12 1.08545e-12 4.31518e-13 1.66404e-13 6.22502e-14 2.25939e-14 7.95801e-15 2.72074e-15 9.03178e-16 2.91213e-16 9.12358e-17 2.77853e-17 8.22899e-18 2.37114e-18 6.65034e-19 1.8164e-19 4.83354e-20 1.25376e-20 3.17216e-21 7.8776e-22 
7.2857e-22 4.9547e-22 1.55412e-21 6.64219e-21 2.81975e-20 1.16475e-19 4.6741e-19 1.82117e-18 6.88588e-18 2.52523e-17 8.97737e-17 3.09237e-16 1.03163e-15 3.33162e-15 1.04115e-14 3.1474e-14 9.2012e-14 2.60076e-13 7.10655e-13 1.87715e-12 4.79331e-12 1.18336e-11 2.825e-11 6.52296e-11 1.45717e-10 3.15016e-10 6.59205e-10 1.33557e-09 2.62023e-09 4.97838e-09 9.16083e-09 1.63263e-08 2.81799e-08 4.71058e-08 7.62533e-08 1.19521e-07 1.81366e-07 2.66372e-07 3.78546e-07 5.20368e-07 6.91758e-07 8.89225e-07 1.10554e-06 1.33021e-06 1.55083e-06 1.75501e-06 1.93225e-06 2.07527e-06 2.1802e-06 2.24584e-06 2.27228e-06 2.25972e-06 2.20785e-06 2.11627e-06 1.9856e-06 1.81888e-06 1.6225e-06 1.40622e-06 1.18208e-06 9.62614e-07 7.5891e-07 5.79122e-07 4.27796e-07 3.05992e-07 2.12005e-07 1.42332e-07 9.2622e-08 5.8439e-08 3.57569e-08 2.12209e-08 1.22174e-08 6.82422e-09 3.69851e-09 1.94503e-09 9.92555e-10 4.91476e-10 2.36122e-10 1.10056e-10 4.97596e-11 2.18209e-11 9.28002e-12 3.82714e-12 1.53051e-12 5.93531e-13 2.23223e-13 8.14304e-14 2.88192e-14 9.89788e-15 3.29995e-15 1.0684e-15 3.36048e-16 1.02728e-16 3.05349e-17 8.82929e-18 2.48474e-18 6.80886e-19 1.81766e-19 4.72949e-20 1.20029e-20 2.99049e-21 
2.71179e-21 1.89491e-21 5.99589e-21 2.55431e-20 1.07995e-19 4.4423e-19 1.77506e-18 6.88588e-18 2.59187e-17 9.46105e-17 3.34741e-16 1.14736e-15 3.80801e-15 1.22322e-14 3.80135e-14 1.14245e-13 3.31949e-13 9.32259e-13 2.53027e-12 6.63641e-12 1.68208e-11 4.12058e-11 9.75779e-11 2.23429e-10 4.94831e-10 1.06033e-09 2.19902e-09 4.41509e-09 8.58369e-09 1.61624e-08 2.94769e-08 5.20756e-08 8.91204e-08 1.47744e-07 2.37259e-07 3.69049e-07 5.55955e-07 8.10979e-07 1.14522e-06 1.56516e-06 2.06978e-06 2.64823e-06 3.27905e-06 3.93166e-06 4.57029e-06 5.15952e-06 5.66962e-06 6.08019e-06 6.38061e-06 6.56778e-06 6.64222e-06 6.60453e-06 6.45381e-06 6.18873e-06 5.81091e-06 5.32882e-06 4.76059e-06 4.13401e-06 3.48355e-06 2.8452e-06 2.251e-06 1.72473e-06 1.27994e-06 9.20213e-07 6.41146e-07 4.33044e-07 2.83616e-07 1.80157e-07 1.11011e-07 6.63644e-08 3.84948e-08 2.16669e-08 1.18343e-08 6.27242e-09 3.22597e-09 1.60983e-09 7.79353e-10 3.65978e-10 1.66674e-10 7.36029e-11 3.15122e-11 1.30791e-11 5.26229e-12 2.0525e-12 7.76152e-13 2.84602e-13 1.01219e-13 3.49252e-14 1.16956e-14 3.80263e-15 1.20088e-15 3.68528e-16 1.0995e-16 3.19069e-17 9.01057e-18 2.4775e-18 6.63565e-19 1.73214e-19 4.4099e-20 1.10245e-20 
9.80112e-21 7.03795e-21 2.24524e-20 9.53239e-20 4.01332e-19 1.64373e-18 6.53908e-18 2.52523e-17 9.46105e-17 3.43712e-16 1.21012e-15 4.12678e-15 1.36245e-14 4.35258e-14 1.34493e-13 4.01795e-13 1.16017e-12 3.23695e-12 8.72513e-12 2.27192e-11 5.71488e-11 1.38887e-10 3.26171e-10 7.40428e-10 1.62526e-09 3.45085e-09 7.09016e-09 1.41014e-08 2.71568e-08 5.06529e-08 9.15209e-08 1.60206e-07 2.71719e-07 4.46541e-07 7.11073e-07 1.09716e-06 1.64019e-06 2.37538e-06 3.33196e-06 4.52585e-06 5.95188e-06 7.57776e-06 9.34237e-06 1.11603e-05 1.29328e-05 1.45629e-05 1.59701e-05 1.70998e-05 1.7924e-05 1.84355e-05 1.86363e-05 1.85282e-05 1.81085e-05 1.73733e-05 1.63262e-05 1.499e-05 1.34137e-05 1.16732e-05 9.86273e-06 8.08152e-06 6.4182e-06 4.93937e-06 3.68382e-06 2.66312e-06 1.86667e-06 1.26895e-06 8.36793e-07 5.3538e-07 3.32376e-07 2.00243e-07 1.17077e-07 6.64328e-08 3.65834e-08 1.95503e-08 1.01378e-08 5.10027e-09 2.48892e-09 1.17789e-09 5.40475e-10 2.404e-10 1.03636e-10 4.32969e-11 1.75289e-11 6.87737e-12 2.61522e-12 9.64033e-13 3.44578e-13 1.19462e-13 4.01867e-14 1.31226e-14 4.16134e-15 1.28212e-15 3.83989e-16 1.11846e-16 3.16992e-17 8.74638e-18 2.35061e-18 6.1564e-19 1.57254e-19 3.94516e-20 
3.43853e-20 2.53753e-20 8.15693e-20 3.45066e-19 1.44647e-18 5.89782e-18 2.33558e-17 8.97737e-17 3.34741e-16 1.21012e-15 4.239e-15 1.43806e-14 4.72208e-14 1.50009e-13 4.60815e-13 1.36829e-12 3.92568e-12 1.08796e-11 2.91198e-11 7.52649e-11 1.87856e-10 4.52827e-10 1.0544e-09 2.37235e-09 5.15955e-09 1.08515e-08 2.20801e-08 4.34839e-08 8.29155e-08 1.5313e-07 2.73976e-07 4.74977e-07 7.98e-07 1.29942e-06 2.0509e-06 3.1376e-06 4.65269e-06 6.68698e-06 9.31355e-06 1.25686e-05 1.64316e-05 2.08108e-05 2.55396e-05 3.03897e-05 3.51002e-05 3.94177e-05 4.31336e-05 4.61084e-05 4.82728e-05 4.96105e-05 5.01286e-05 4.98324e-05 4.87145e-05 4.67629e-05 4.39859e-05 4.04407e-05 3.62544e-05 3.16244e-05 2.67979e-05 2.20358e-05 1.75732e-05 1.35888e-05 1.01892e-05 7.40978e-06 5.22735e-06 3.57815e-06 2.37688e-06 1.53243e-06 9.58978e-07 5.82514e-07 3.4346e-07 1.96565e-07 1.09185e-07 5.88571e-08 3.07846e-08 1.56196e-08 7.68593e-09 3.66683e-09 1.69564e-09 7.59843e-10 3.29897e-10 1.38754e-10 5.65343e-11 2.23151e-11 8.53416e-12 3.16295e-12 1.13635e-12 3.95888e-13 1.33795e-13 4.3884e-14 1.39756e-14 4.32363e-15 1.30004e-15 3.80121e-16 1.08136e-16 2.99451e-17 8.07638e-18 2.12262e-18 5.44043e-19 1.36992e-19 
1.17058e-19 8.87799e-20 2.87387e-19 1.21113e-18 5.05391e-18 2.05113e-17 8.08423e-17 3.09237e-16 1.14736e-15 4.12678e-15 1.43806e-14 4.85228e-14 1.58446e-13 5.00445e-13 1.52811e-12 4.50902e-12 1.2852e-11 3.53742e-11 9.39998e-11 2.41122e-10 5.97043e-10 1.42717e-09 3.29411e-09 7.34392e-09 1.58206e-08 3.29479e-08 6.63675e-08 1.29367e-07 2.44134e-07 4.46217e-07 7.90167e-07 1.35601e-06 2.25561e-06 3.63746e-06 5.68746e-06 8.62308e-06 1.26779e-05 1.80745e-05 2.49854e-05 3.34853e-05 4.35042e-05 5.47923e-05 6.69158e-05 7.92913e-05 9.12612e-05 0.000102193 0.000111573 0.000119059 0.000124491 0.000127834 0.000129111 0.000128338 0.000125493 0.000120543 0.000113504 0.000104514 9.38845e-05 8.21072e-05 6.97995e-05 5.76174e-05 4.61569e-05 3.58764e-05 2.70572e-05 1.98026e-05 1.4067e-05 9.70039e-06 6.4943e-06 4.22139e-06 2.6642e-06 1.63251e-06 9.7119e-07 5.60879e-07 3.14406e-07 1.71035e-07 9.02703e-08 4.62101e-08 2.29361e-08 1.10343e-08 5.14367e-09 2.32269e-09 1.0158e-09 4.30205e-10 1.76432e-10 7.00723e-11 2.69555e-11 1.00458e-11 3.62816e-12 1.27034e-12 4.31383e-13 1.4214e-13 4.54666e-14 1.41258e-14 4.26484e-15 1.25198e-15 3.57541e-16 9.93856e-17 2.69041e-17 7.09654e-18 1.82542e-18 4.61424e-19 
3.86569e-19 3.01301e-19 9.81564e-19 4.11997e-18 1.71113e-17 6.91114e-17 2.71053e-16 1.03163e-15 3.80801e-15 1.36245e-14 4.72208e-14 1.58446e-13 5.14422e-13 1.61512e-12 4.90136e-12 1.43696e-11 4.0683e-11 1.1119e-10 2.9329e-10 7.46503e-10 1.83338e-09 4.34502e-09 9.93888e-09 2.19498e-08 4.68227e-08 9.65244e-08 1.92404e-07 3.71054e-07 6.92691e-07 1.25238e-06 2.19384e-06 3.72478e-06 6.13117e-06 9.78661e-06 1.51513e-05 2.27541e-05 3.31518e-05 4.68609e-05 6.42636e-05 8.5496e-05 0.00011034 0.000138149 0.000167843 0.000198001 0.000227044 0.000253467 0.000276063 0.000294045 0.000307052 0.000315024 0.000318028 0.000316104 0.000309198 0.000297221 0.000280195 0.000258436 0.000232673 0.000204067 0.000174088 0.00014431 0.000116175 9.0806e-05 6.89138e-05 5.07841e-05 3.6344e-05 2.52615e-05 1.7054e-05 1.11824e-05 7.12145e-06 4.40442e-06 2.64513e-06 1.54232e-06 8.72926e-07 4.79442e-07 2.55449e-07 1.31983e-07 6.61004e-08 3.20767e-08 1.50771e-08 6.86219e-09 3.02365e-09 1.28966e-09 5.32458e-10 2.12816e-10 8.23584e-11 3.08683e-11 1.12089e-11 3.94489e-12 1.34623e-12 4.45686e-13 1.43214e-13 4.46906e-14 1.35507e-14 3.99444e-15 1.14536e-15 3.19633e-16 8.68611e-17 2.29985e-17 5.93803e-18 1.50708e-18 
1.23805e-18 9.91582e-19 3.24888e-18 1.35787e-17 5.61186e-17 2.25521e-16 8.79958e-16 3.33162e-15 1.22322e-14 4.35258e-14 1.50009e-13 5.00445e-13 1.61512e-12 5.03984e-12 1.51969e-11 4.4259e-11 1.24441e-10 3.37656e-10 8.83912e-10 2.23195e-09 5.43584e-09 1.27697e-08 2.89404e-08 6.3297e-08 1.33662e-07 2.72656e-07 5.37618e-07 1.02533e-06 1.89259e-06 3.38304e-06 5.85924e-06 9.83666e-06 1.60134e-05 2.52861e-05 3.87395e-05 5.75959e-05 8.31129e-05 0.000116422 0.000158311 0.00020898 0.000267804 0.000333187 0.000402572 0.000472662 0.000539842 0.000600717 0.000652591 0.000693746 0.000723422 0.000741534 0.000748266 0.000743714 0.00072775 0.000700143 0.000660911 0.000610725 0.000551205 0.000484956 0.00041531 0.000345855 0.000279914 0.000220121 0.000168185 0.000124859 9.00711e-05 6.31385e-05 4.30067e-05 2.84632e-05 1.83016e-05 1.14312e-05 6.93436e-06 4.08445e-06 2.33529e-06 1.2956e-06 6.97168e-07 3.63699e-07 1.83857e-07 9.00232e-08 4.26771e-08 1.95824e-08 8.69509e-09 3.73572e-09 1.553e-09 6.24759e-10 2.43272e-10 9.17143e-11 3.34895e-11 1.18493e-11 4.06438e-12 1.35218e-12 4.36565e-13 1.36859e-13 4.16823e-14 1.23404e-14 3.55346e-15 9.9577e-16 2.71702e-16 7.22261e-17 1.87217e-17 4.77187e-18 
3.84448e-18 3.16355e-18 1.04179e-17 4.33457e-17 1.7822e-16 7.12444e-16 2.76501e-15 1.04115e-14 3.80135e-14 1.34493e-13 4.60815e-13 1.52811e-12 4.90136e-12 1.51969e-11 4.55223e-11 1.31672e-10 3.67584e-10 9.89996e-10 2.57148e-09 6.44029e-09 1.55509e-08 3.62028e-08 8.12718e-08 1.75989e-07 3.6777e-07 7.42098e-07 1.44688e-06 2.7277e-06 4.97588e-06 8.78922e-06 1.5042e-05 2.49557e-05 4.01553e-05 6.26889e-05 9.49858e-05 0.000139724 0.000199586 0.000276897 0.000373157 0.00048852 0.00062133 0.000767842 0.000922289 0.0010774 0.00122533 0.0013588 0.00147211 0.00156172 0.00162612 0.00166527 0.00167961 0.0016694 0.00163431 0.0015738 0.00148781 0.00137768 0.00124682 0.00110076 0.000946656 0.000792297 0.000644966 0.000510535 0.000392932 0.000294039 0.000213936 0.000151333 0.000104067 6.95612e-05 4.5187e-05 2.85207e-05 1.7486e-05 1.04103e-05 6.01597e-06 3.37301e-06 1.83389e-06 9.66357e-07 4.93258e-07 2.43763e-07 1.16582e-07 5.39424e-08 2.41418e-08 1.04499e-08 4.37498e-09 1.77183e-09 6.94314e-10 2.63344e-10 9.67157e-11 3.44094e-11 1.18654e-11 3.96775e-12 1.28737e-12 4.0552e-13 1.24084e-13 3.69035e-14 1.06738e-14 3.0041e-15 8.23186e-16 2.19744e-16 5.71958e-17 1.46437e-17 
1.15732e-17 9.78215e-18 3.23558e-17 1.3398e-16 5.47912e-16 2.17827e-15 8.40659e-15 3.1474e-14 1.14245e-13 4.01795e-13 1.36829e-12 4.50902e-12 1.43696e-11 4.4259e-11 1.31672e-10 3.78164e-10 1.04795e-09 2.80079e-09 7.21678e-09 1.79232e-08 4.28973e-08 9.89435e-08 2.19962e-07 4.71455e-07 9.74685e-07 1.94482e-06 3.74793e-06 6.98141e-06 1.25802e-05 2.19464e-05 3.70929e-05 6.07789e-05 9.66033e-05 0.000149011 0.000223157 0.000324584 0.000458679 0.000629894 0.000840802 0.00109107 0.00137661 0.00168905 0.00201607 0.00234245 0.00265205 0.00293011 0.00316524 0.00335054 0.00348329 0.00356362 0.00359267 0.00357094 0.00349775 0.00337183 0.00319284 0.0029633 0.00268991 0.00238382 0.00205957 0.00173318 0.0014198 0.00113188 0.000878022 0.000662686 0.000486597 0.000347566 0.000241455 0.000163108 0.000107114 6.83616e-05 4.23861e-05 2.55208e-05 1.49144e-05 8.455e-06 4.64675e-06 2.47422e-06 1.27562e-06 6.36445e-07 3.0716e-07 1.43348e-07 6.46782e-08 2.82121e-08 1.18975e-08 4.85168e-09 1.91369e-09 7.30386e-10 2.69851e-10 9.65599e-11 3.34814e-11 1.1256e-11 3.67108e-12 1.16221e-12 3.57369e-13 1.06794e-13 3.10332e-14 8.77424e-15 2.41514e-15 6.47552e-16 1.69284e-16 4.35464e-17 
3.37698e-17 2.93106e-17 9.73101e-17 4.00912e-16 1.6303e-15 6.44411e-15 2.47239e-14 9.2012e-14 3.31949e-13 1.16017e-12 3.92568e-12 1.2852e-11 4.0683e-11 1.24441e-10 3.67584e-10 1.04795e-09 2.88191e-09 7.64136e-09 1.9527e-08 4.80778e-08 1.1403e-07 2.60516e-07 5.73378e-07 1.21607e-06 2.48648e-06 4.90433e-06 9.33831e-06 1.71798e-05 3.05646e-05 5.26331e-05 8.78027e-05 0.000142003 0.000222805 0.000339347 0.000501969 0.000721473 0.00100797 0.00136933 0.00180939 0.00232606 0.00290981 0.00354304 0.00420071 0.0048527 0.0054676 0.00601713 0.00647989 0.00684324 0.00710266 0.007259 0.00731475 0.00727103 0.0071264 0.00687805 0.00652487 0.00607116 0.00552934 0.00492054 0.00427274 0.00361702 0.00298331 0.00239666 0.00187495 0.00142818 0.00105904 0.000764339 0.000536784 0.000366709 0.000243616 0.000157319 9.87071e-05 6.01415e-05 3.55625e-05 2.03942e-05 1.13347e-05 6.10084e-06 3.17806e-06 1.60131e-06 7.8007e-07 3.6728e-07 1.67105e-07 7.34686e-08 3.12158e-08 1.28205e-08 5.09134e-09 1.95583e-09 7.27119e-10 2.61746e-10 9.1285e-11 3.08613e-11 1.01201e-11 3.22088e-12 9.95513e-13 2.98995e-13 8.73144e-14 2.48065e-14 6.86048e-15 1.84801e-15 4.85332e-16 1.25468e-16 
9.55078e-17 8.50914e-17 2.83359e-16 1.1612e-15 4.69416e-15 1.84429e-14 7.03242e-14 2.60076e-13 9.32259e-13 3.23695e-12 1.08796e-11 3.53742e-11 1.1119e-10 3.37656e-10 9.89996e-10 2.80079e-09 7.64136e-09 2.00947e-08 5.09125e-08 1.24237e-07 2.91917e-07 6.60413e-07 1.43863e-06 3.01834e-06 6.10183e-06 1.18929e-05 2.23661e-05 4.06212e-05 7.13186e-05 0.000121164 0.000199383 0.00031808 0.000492342 0.000739923 0.00108035 0.00153334 0.00211653 0.00284257 0.0037159 0.00472959 0.005863 0.00708094 0.00833539 0.00957001 0.0107272 0.0117558 0.0126182 0.0132927 0.0137726 0.0140606 0.0141619 0.0140789 0.0138086 0.0133451 0.0126856 0.0118365 0.0108195 0.00967212 0.00844502 0.00719526 0.00597866 0.00484294 0.00382338 0.00294116 0.002204 0.00160842 0.00114271 0.000790038 0.000531314 0.000347398 0.000220713 0.000136166 8.15128e-05 4.73106e-05 2.66018e-05 1.44792e-05 7.62343e-06 3.88031e-06 1.90852e-06 9.06792e-07 4.16139e-07 1.84456e-07 7.89823e-08 3.26788e-08 1.30694e-08 5.05465e-09 1.89143e-09 6.85159e-10 2.40407e-10 8.17564e-11 2.69638e-11 8.62967e-12 2.68183e-12 8.09768e-13 2.37707e-13 6.78791e-14 1.88666e-14 5.10705e-15 1.34774e-15 3.50246e-16 
2.61802e-16 2.39319e-16 7.9882e-16 3.25516e-15 1.30779e-14 5.10577e-14 1.93433e-13 7.10655e-13 2.53027e-12 8.72513e-12 2.91198e-11 9.39998e-11 2.9329e-10 8.83912e-10 2.57148e-09 7.21678e-09 1.9527e-08 5.09125e-08 1.27851e-07 3.09107e-07 7.19323e-07 1.61098e-06 3.47235e-06 7.20464e-06 1.43957e-05 2.77172e-05 5.14637e-05 9.22352e-05 0.000159732 0.000267589 0.000434107 0.000682699 0.00104178 0.00154382 0.0022234 0.00311402 0.00424393 0.00563106 0.00727769 0.00916562 0.0112528 0.013473 0.0157392 0.0179522 0.0200123 0.0218333 0.0233525 0.024536 0.025375 0.0258763 0.0260506 0.0259019 0.0254249 0.024608 0.0234442 0.0219424 0.0201372 0.0180913 0.0158907 0.013634 0.0114195 0.00933301 0.00744056 0.00578438 0.00438354 0.00323699 0.00232817 0.00163018 0.00111062 0.000735769 0.000473647 0.00029605 0.000179512 0.000105499 6.00388e-05 3.30581e-05 1.75978e-05 9.05121e-06 4.49605e-06 2.15631e-06 9.98384e-07 4.46287e-07 1.92638e-07 8.03175e-08 3.2359e-08 1.26038e-08 4.74858e-09 1.73153e-09 6.11454e-10 2.09236e-10 6.9426e-11 2.2351e-11 6.98608e-12 2.12131e-12 6.26144e-13 1.79765e-13 5.02282e-14 1.36667e-14 3.625e-15 9.47247e-16 
6.95571e-16 6.52041e-16 2.18012e-15 8.83146e-15 3.52531e-14 1.36724e-13 5.1449e-13 1.87715e-12 6.63641e-12 2.27192e-11 7.52649e-11 2.41122e-10 7.46503e-10 2.23195e-09 6.44029e-09 1.79232e-08 4.80778e-08 1.24237e-07 3.09107e-07 7.4019e-07 1.70536e-06 3.77964e-06 8.05826e-06 1.65296e-05 3.26342e-05 6.20483e-05 0.000113703 0.000201014 0.00034322 0.00056667 0.000905794 0.00140339 0.00210986 0.00308091 0.00437357 0.00604038 0.00812212 0.0106397 0.0135863 0.0169201 0.0205613 0.0243922 0.0282645 0.0320138 0.0354789 0.0385228 0.0410493 0.0430089 0.0443928 0.0452164 0.0454991 0.0452488 0.0444553 0.0430978 0.0411606 0.0386537 0.0356282 0.0321815 0.0284504 0.0245951 0.0207778 0.0171447 0.013812 0.0108592 0.00832833 0.00622765 0.00453796 0.0032204 0.00222423 0.001494 0.000975107 0.000617849 0.00037967 0.000226037 0.000130247 7.25741e-05 3.90732e-05 2.0314e-05 1.0194e-05 4.93653e-06 2.30674e-06 1.0402e-06 4.52763e-07 1.90291e-07 7.72585e-08 3.03163e-08 1.15041e-08 4.22416e-09 1.50178e-09 5.17285e-10 1.7274e-10 5.59597e-11 1.75976e-11 5.37533e-12 1.59586e-12 4.60774e-13 1.29461e-13 3.54167e-14 9.44427e-15 2.48214e-15 
1.7913e-15 1.72098e-15 5.76013e-15 2.31898e-14 9.19482e-14 3.54158e-13 1.3233e-12 4.79331e-12 1.68208e-11 5.71488e-11 1.87856e-10 5.97043e-10 1.83338e-09 5.43584e-09 1.55509e-08 4.28973e-08 1.1403e-07 2.91917e-07 7.19323e-07 1.70536e-06 3.88849e-06 8.52562e-06 1.79731e-05 3.64357e-05 7.10531e-05 0.000133362 0.000241107 0.000420293 0.000707229 0.00115025 0.00181062 0.00276207 0.00408846 0.00587889 0.00822028 0.0111875 0.0148317 0.0191688 0.0241682 0.0297448 0.035756 0.0420057 0.0482565 0.0542532 0.0597515 0.0645494 0.0685096 0.0715672 0.073718 0.0749928 0.0754256 0.0750295 0.0737876 0.0716634 0.0686264 0.0646831 0.0599022 0.0544238 0.048451 0.0422266 0.0360028 0.0300129 0.0244499 0.0194544 0.0151109 0.0114507 0.00845976 0.0060891 0.00426651 0.00290754 0.00192523 0.0012373 0.000770912 0.000465142 0.000271488 0.000153138 8.34148e-05 4.38498e-05 2.22373e-05 1.08768e-05 5.13116e-06 2.33499e-06 1.02525e-06 4.34529e-07 1.77851e-07 7.03364e-08 2.68933e-08 9.9476e-09 3.56191e-09 1.23544e-09 4.15358e-10 1.35446e-10 4.28684e-11 1.31768e-11 3.936e-12 1.14324e-12 3.23082e-13 8.8889e-14 2.38358e-14 6.30229e-15 
4.47187e-15 4.40034e-15 1.47342e-14 5.89373e-14 2.32067e-13 8.87473e-13 3.2917e-12 1.18336e-11 4.12058e-11 1.38887e-10 4.52827e-10 1.42717e-09 4.34502e-09 1.27697e-08 3.62028e-08 9.89435e-08 2.60516e-07 6.60413e-07 1.61098e-06 3.77964e-06 8.52562e-06 1.84844e-05 3.8516e-05 7.7138e-05 0.000148529 0.000275105 0.000490522 0.000842801 0.00139707 0.00223732 0.0034664 0.00520361 0.00757905 0.0107245 0.0147608 0.0197822 0.02584 0.0329267 0.0409632 0.0497914 0.059174 0.0688041 0.0783264 0.0873703 0.0955917 0.102714 0.108558 0.113047 0.116192 0.118049 0.118673 0.118085 0.116259 0.113134 0.108656 0.102819 0.0957046 0.0874992 0.0784818 0.0689955 0.0594065 0.0500644 0.0412704 0.0332576 0.0261813 0.02012 0.015082 0.0110183 0.00783749 0.00542241 0.00364465 0.00237702 0.00150235 0.000919053 0.000543554 0.000310493 0.000171168 9.10134e-05 4.66596e-05 2.30602e-05 1.0987e-05 5.04749e-06 2.2366e-06 9.56315e-07 3.94762e-07 1.57412e-07 6.06696e-08 2.2616e-08 8.15941e-09 2.85093e-09 9.65361e-10 3.16997e-10 1.0101e-10 3.12536e-11 9.39577e-12 2.74617e-12 7.80807e-13 2.16097e-13 5.82843e-14 1.55072e-14 
1.08228e-14 1.08997e-14 3.6491e-14 1.44996e-13 5.66836e-13 2.1517e-12 7.92016e-12 2.825e-11 9.75779e-11 3.26171e-10 1.0544e-09 3.29411e-09 9.93888e-09 2.89404e-08 8.12718e-08 2.19962e-07 5.73378e-07 1.43863e-06 3.47235e-06 8.05826e-06 1.79731e-05 3.8516e-05 7.9292e-05 0.000156821 0.000298036 0.000544545 0.000957234 0.00162051 0.00264523 0.00416936 0.00635531 0.00938334 0.0134403 0.0187042 0.0253243 0.0333995 0.042957 0.0539342 0.0661668 0.0793852 0.0932211 0.107226 0.120903 0.133753 0.145325 0.155272 0.163379 0.169576 0.173898 0.176439 0.177286 0.176469 0.173949 0.169633 0.16343 0.155308 0.145351 0.133782 0.120955 0.107319 0.0933703 0.0795973 0.0664407 0.0542614 0.0433235 0.0337879 0.025716 0.0190814 0.0137878 0.00969011 0.00661502 0.00438028 0.00280956 0.00174327 0.00104512 0.000604792 0.000337557 0.000181615 9.41624e-05 4.70413e-05 2.26458e-05 1.05076e-05 4.70091e-06 2.02871e-06 8.44992e-07 3.39886e-07 1.3211e-07 4.96529e-08 1.80571e-08 6.35831e-09 2.16928e-09 7.1756e-10 2.3028e-10 7.1745e-11 2.17138e-11 6.38792e-12 1.82777e-12 5.08972e-13 1.38103e-13 3.69819e-14 
2.53949e-14 2.61557e-14 8.75066e-14 3.4533e-13 1.3401e-12 5.04837e-12 1.84369e-11 6.52296e-11 2.23429e-10 7.40428e-10 2.37235e-09 7.34392e-09 2.19498e-08 6.3297e-08 1.75989e-07 4.71455e-07 1.21607e-06 3.01834e-06 7.20464e-06 1.65296e-05 3.64357e-05 7.7138e-05 0.000156821 0.000306147 0.00057403 0.00103421 0.00179166 0.00298745 0.00480037 0.00744411 0.0111589 0.0161972 0.0228045 0.0311948 0.041524 0.0538624 0.0681711 0.0842858 0.10191 0.120622 0.139888 0.1591 0.177611 0.194798 0.21012 0.223177 0.233746 0.241777 0.247354 0.25062 0.2517 0.250639 0.247379 0.241788 0.233724 0.223112 0.210016 0.194673 0.177494 0.15902 0.139872 0.120688 0.102067 0.0845321 0.0684961 0.0542485 0.0419487 0.0316333 0.0232329 0.0165953 0.0115116 0.00774262 0.00504186 0.00317423 0.00192973 0.0011317 0.000639756 0.000348432 0.000182779 9.23436e-05 4.4938e-05 2.107e-05 9.52193e-06 4.14961e-06 1.74483e-06 7.08313e-07 2.7778e-07 1.0531e-07 3.86208e-08 1.37105e-08 4.71477e-09 1.57157e-09 5.08111e-10 1.59448e-10 4.85951e-11 1.43928e-11 4.14521e-12 1.16163e-12 3.17144e-13 8.54913e-14 
5.77741e-14 6.08056e-14 2.03196e-13 7.96287e-13 3.06696e-12 1.14642e-11 4.15314e-11 1.45717e-10 4.94831e-10 1.62526e-09 5.15955e-09 1.58206e-08 4.68227e-08 1.33662e-07 3.6777e-07 9.74685e-07 2.48648e-06 6.10183e-06 1.43957e-05 3.26342e-05 7.10531e-05 0.000148529 0.000298036 0.00057403 0.0010614 0.00188487 0.0032168 0.00528109 0.00835049 0.0127361 0.0187684 0.0267721 0.0370349 0.049775 0.0651088 0.0830222 0.10335 0.12577 0.149804 0.174841 0.200171 0.225023 0.248623 0.270256 0.289329 0.305432 0.318367 0.328136 0.334887 0.338826 0.340122 0.338832 0.334882 0.328094 0.318263 0.305251 0.289073 0.269946 0.248293 0.224713 0.199919 0.174679 0.149753 0.125841 0.103543 0.0833246 0.0654988 0.050224 0.0375111 0.0272449 0.0192116 0.01313 0.00868348 0.00554906 0.00342215 0.0020347 0.00116548 0.000642847 0.000341354 0.000174497 8.58856e-05 4.07132e-05 1.85957e-05 8.18783e-06 3.47739e-06 1.42538e-06 5.64268e-07 2.15877e-07 7.98707e-08 2.85974e-08 9.91562e-09 3.33165e-09 1.08552e-09 3.4319e-10 1.0535e-10 3.14199e-11 9.11e-12 2.56951e-12 7.05956e-13 1.91594e-13 
1.27439e-13 1.3694e-13 4.56897e-13 1.77784e-12 6.79557e-12 2.52015e-11 9.05519e-11 3.15016e-10 1.06033e-09 3.45085e-09 1.08515e-08 3.29479e-08 9.65244e-08 2.72656e-07 7.42098e-07 1.94482e-06 4.90433e-06 1.18929e-05 2.77172e-05 6.20483e-05 0.000133362 0.000275105 0.000544545 0.00103421 0.00188487 0.0032977 0.00554208 0.00895506 0.0139293 0.0208883 0.030252 0.0423948 0.0576037 0.0760397 0.0977062 0.122428 0.149842 0.17941 0.210437 0.242112 0.273555 0.303873 0.332214 0.357835 0.380154 0.398808 0.413667 0.424815 0.432481 0.436937 0.438397 0.436933 0.432453 0.424733 0.413498 0.39853 0.379765 0.357353 0.331675 0.30332 0.273035 0.241668 0.210107 0.17922 0.149808 0.122549 0.0979696 0.0764194 0.0580649 0.0428986 0.0307608 0.0213694 0.014358 0.00931653 0.00583073 0.00351621 0.00204175 0.00114109 0.000613671 0.000317582 0.000158183 7.58552e-05 3.50364e-05 1.5595e-05 6.69317e-06 2.77159e-06 1.10805e-06 4.27974e-07 1.59806e-07 5.77286e-08 2.01885e-08 6.83961e-09 2.24628e-09 7.15632e-10 2.21305e-10 6.64733e-11 1.94056e-11 5.50959e-12 1.52342e-12 4.16297e-13 
2.72545e-13 2.98744e-13 9.94822e-13 3.84342e-12 1.45789e-11 5.36371e-11 1.91132e-10 6.59205e-10 2.19902e-09 7.09016e-09 2.20801e-08 6.63675e-08 1.92404e-07 5.37618e-07 1.44688e-06 3.74793e-06 9.33831e-06 2.23661e-05 5.14637e-05 0.000113703 0.000241107 0.000490522 0.000957234 0.00179166 0.0032168 0.00554208 0.00916782 0.0145746 0.0222939 0.0328621 0.0467627 0.0643674 0.0858855 0.111328 0.140488 0.172941 0.20806 0.24505 0.28299 0.320894 0.357766 0.39266 0.424731 0.453289 0.477847 0.498146 0.51417 0.526105 0.534268 0.538997 0.540542 0.538991 0.534235 0.526009 0.513973 0.497821 0.477384 0.452699 0.424041 0.391912 0.357007 0.320174 0.282357 0.244548 0.207723 0.172789 0.140525 0.111539 0.0862422 0.0648295 0.0472848 0.0333991 0.022806 0.0150312 0.00955054 0.00584422 0.00344189 0.00195011 0.00106277 0.000557123 0.000280981 0.000136384 6.37377e-05 2.86947e-05 1.24516e-05 5.21127e-06 2.10491e-06 8.21085e-07 3.09533e-07 1.12846e-07 3.98137e-08 1.36032e-08 4.5041e-09 1.4462e-09 4.50596e-10 1.36323e-10 4.00729e-11 1.14532e-11 3.18728e-12 8.77006e-13 
5.65073e-13 6.31246e-13 2.09736e-12 8.04528e-12 3.02849e-11 1.10535e-10 3.90617e-10 1.33557e-09 4.41509e-09 1.41014e-08 4.34839e-08 1.29367e-07 3.71054e-07 1.02533e-06 2.7277e-06 6.98141e-06 1.71798e-05 4.06212e-05 9.22352e-05 0.000201014 0.000420293 0.000842801 0.00162051 0.00298745 0.00528109 0.00895506 0.0145746 0.0227871 0.0342669 0.0496375 0.0693882 0.0937992 0.122891 0.156408 0.193827 0.234394 0.277173 0.32111 0.365098 0.408041 0.44892 0.486837 0.521057 0.551039 0.576458 0.597219 0.613447 0.625441 0.633597 0.638303 0.639841 0.638305 0.633578 0.625366 0.613276 0.596919 0.576009 0.55044 0.520325 0.485999 0.448015 0.407117 0.364206 0.320307 0.27651 0.233913 0.193555 0.156353 0.123041 0.0941237 0.0698443 0.0501729 0.0348276 0.0233246 0.015052 0.00935083 0.00558844 0.00321177 0.00177477 0.000942977 0.000481841 0.000236861 0.000112061 5.10521e-05 2.24085e-05 9.48252e-06 3.87104e-06 1.52552e-06 5.80753e-07 2.13725e-07 7.60871e-08 2.6222e-08 8.75426e-09 2.83317e-09 8.89443e-10 2.71048e-10 8.02307e-11 2.30835e-11 6.46534e-12 1.79133e-12 
1.13566e-12 1.29172e-12 4.28112e-12 1.63058e-11 6.09148e-11 2.20569e-10 7.73023e-10 2.62023e-09 8.58369e-09 2.71568e-08 8.29155e-08 2.44134e-07 6.92691e-07 1.89259e-06 4.97588e-06 1.25802e-05 3.05646e-05 7.13186e-05 0.000159732 0.00034322 0.000707229 0.00139707 0.00264523 0.00480037 0.00835049 0.0139293 0.0222939 0.0342669 0.0506428 0.0720744 0.0989617 0.131371 0.169002 0.211206 0.257051 0.305404 0.355023 0.404645 0.453062 0.499183 0.542083 0.581029 0.615496 0.645169 0.669945 0.68992 0.705367 0.716687 0.724337 0.728736 0.730175 0.728752 0.724351 0.716664 0.705269 0.689711 0.669599 0.644672 0.614846 0.580237 0.541171 0.498185 0.452023 0.403622 0.354077 0.304595 0.25643 0.21081 0.168848 0.131454 0.0992541 0.0725272 0.051194 0.0348509 0.0228524 0.0144198 0.00874994 0.00510386 0.00286132 0.00154177 0.000798613 0.00039779 0.000190613 8.7912e-05 3.90469e-05 1.67122e-05 6.89715e-06 2.74658e-06 1.0561e-06 3.92385e-07 1.40971e-07 4.90076e-08 1.64978e-08 5.38177e-09 1.70239e-09 5.22553e-10 1.5575e-10 4.51089e-11 1.27153e-11 3.54729e-12 
2.21206e-12 2.55936e-12 8.45954e-12 3.19948e-11 1.1863e-10 4.2619e-10 1.48143e-09 4.97838e-09 1.61624e-08 5.06529e-08 1.5313e-07 4.46217e-07 1.25238e-06 3.38304e-06 8.78922e-06 2.19464e-05 5.26331e-05 0.000121164 0.000267589 0.00056667 0.00115025 0.00223732 0.00416936 0.00744411 0.0127361 0.0208883 0.0328621 0.0496375 0.0720744 0.100759 0.135875 0.177132 0.22377 0.274648 0.328367 0.383421 0.438321 0.491701 0.542383 0.589417 0.632101 0.669971 0.702789 0.730515 0.753286 0.771387 0.785223 0.795269 0.802013 0.805876 0.807143 0.805911 0.802067 0.795314 0.785225 0.771313 0.753105 0.730204 0.70233 0.669356 0.631329 0.588501 0.54135 0.490596 0.4372 0.38235 0.327417 0.273885 0.223248 0.176883 0.135904 0.101035 0.0725391 0.0502141 0.0334711 0.0214625 0.0132301 0.00783668 0.00445968 0.00243824 0.00128091 0.000646778 0.000314021 0.000146669 6.59381e-05 2.85508e-05 1.19143e-05 4.79495e-06 1.86241e-06 6.98643e-07 2.53305e-07 8.88306e-08 3.01528e-08 9.9142e-09 3.15982e-09 9.76897e-10 2.9317e-10 8.54665e-11 2.42439e-11 6.80967e-12 
4.17513e-12 4.90913e-12 1.61798e-11 6.07718e-11 2.23671e-10 7.97366e-10 2.74926e-09 9.16083e-09 2.94769e-08 9.15209e-08 2.73976e-07 7.90167e-07 2.19384e-06 5.85924e-06 1.5042e-05 3.70929e-05 8.78027e-05 0.000199383 0.000434107 0.000905794 0.00181062 0.0034664 0.00635531 0.0111589 0.0187684 0.030252 0.0467627 0.0693882 0.0989617 0.135875 0.179948 0.230389 0.285872 0.344702 0.405026 0.46503 0.523102 0.577917 0.62848 0.674121 0.714466 0.749393 0.778987 0.803487 0.823253 0.838727 0.850405 0.8588 0.864395 0.867587 0.868639 0.867638 0.864486 0.858911 0.850509 0.838796 0.823258 0.803401 0.778782 0.749043 0.71395 0.673427 0.62761 0.576889 0.521955 0.46382 0.403829 0.343606 0.284967 0.229754 0.179631 0.135883 0.0992538 0.069888 0.047375 0.0308848 0.0193495 0.0116446 0.00672978 0.00373491 0.00199074 0.00101933 0.000501581 0.000237302 0.000108002 4.73155e-05 1.99664e-05 8.12128e-06 3.18638e-06 1.20682e-06 4.41556e-07 1.56193e-07 5.34559e-08 1.77141e-08 5.68788e-09 1.77096e-09 5.35065e-10 1.56991e-10 4.48102e-11 1.26709e-11 
7.63441e-12 9.11367e-12 2.99475e-11 1.11725e-10 4.08242e-10 1.44436e-09 4.94068e-09 1.63263e-08 5.20756e-08 1.60206e-07 4.74977e-07 1.35601e-06 3.72478e-06 9.83666e-06 2.49557e-05 6.07789e-05 0.000142003 0.00031808 0.000682699 0.00140339 0.00276207 0.00520361 0.00938334 0.0161972 0.0267721 0.0423948 0.0643674 0.0937992 0.131371 0.177132 0.230389 0.289738 0.353226 0.418619 0.483687 0.546447 0.605321 0.659194 0.707397 0.749646 0.785961 0.816587 0.841916 0.862433 0.87867 0.891172 0.900478 0.907095 0.91147 0.913956 0.91478 0.914017 0.911585 0.907252 0.90066 0.891359 0.87884 0.862559 0.841968 0.81653 0.78576 0.749266 0.706813 0.658391 0.604306 0.545251 0.482372 0.417281 0.351983 0.288712 0.229682 0.176799 0.131409 0.094146 0.0649232 0.043047 0.027421 0.016772 0.00984734 0.0055493 0.00300175 0.00155892 0.000777571 0.000372669 0.000171716 7.61153e-05 3.2479e-05 1.3351e-05 5.29097e-06 2.02302e-06 7.46879e-07 2.66458e-07 9.19339e-08 3.06995e-08 9.92956e-09 3.11314e-09 9.46807e-10 2.79552e-10 8.02778e-11 2.28495e-11 
1.3521e-11 1.63718e-11 5.36322e-11 1.9877e-10 7.21212e-10 2.53291e-09 8.59742e-09 2.81799e-08 8.91204e-08 2.71719e-07 7.98e-07 2.25561e-06 6.13117e-06 1.60134e-05 4.01553e-05 9.66033e-05 0.000222805 0.000492342 0.00104178 0.00210986 0.00408846 0.00757905 0.0134403 0.0228045 0.0370349 0.0576037 0.0858855 0.122891 0.169002 0.22377 0.285872 0.353226 0.423269 0.493316 0.56091 0.624079 0.681455 0.732283 0.776326 0.813744 0.844962 0.870561 0.891191 0.907514 0.920164 0.929732 0.936747 0.941676 0.944907 0.946735 0.947344 0.946798 0.94503 0.941854 0.936971 0.929992 0.920447 0.9078 0.891454 0.870766 0.845068 0.813702 0.776088 0.731803 0.680701 0.623044 0.559629 0.491869 0.421785 0.351861 0.284778 0.22306 0.168721 0.123013 0.0863182 0.0582248 0.0377203 0.0234548 0.0139929 0.0080082 0.00439662 0.00231603 0.00117099 0.000568518 0.00026519 0.000118924 5.13074e-05 2.13116e-05 8.52937e-06 3.29177e-06 1.22606e-06 4.41076e-07 1.53389e-07 5.16065e-08 1.68109e-08 5.30631e-09 1.62421e-09 4.82503e-10 1.39378e-10 3.99255e-11 
2.31872e-11 2.84512e-11 9.29126e-11 3.42158e-10 1.23305e-09 4.29965e-09 1.44852e-08 4.71058e-08 1.47744e-07 4.46541e-07 1.29942e-06 3.63746e-06 9.78661e-06 2.52861e-05 6.26889e-05 0.000149011 0.000339347 0.000739923 0.00154382 0.00308091 0.00587889 0.0107245 0.0187042 0.0311948 0.049775 0.0760397 0.111328 0.156408 0.211206 0.274648 0.344702 0.418619 0.493316 0.56582 0.633642 0.695012 0.748937 0.795127 0.833829 0.865644 0.891359 0.911821 0.927858 0.940229 0.949603 0.956554 0.961569 0.965047 0.967304 0.968575 0.969002 0.968633 0.96742 0.96522 0.961799 0.95684 0.949938 0.940605 0.928257 0.912216 0.891712 0.865904 0.833933 0.795004 0.748521 0.694254 0.632535 0.564412 0.491725 0.417014 0.343274 0.273565 0.210573 0.156245 0.111572 0.0765717 0.0504552 0.0318967 0.0193367 0.0112386 0.00626216 0.00334568 0.00171448 0.000843072 0.000398039 0.000180551 7.87407e-05 3.30418e-05 1.3352e-05 5.20003e-06 1.95351e-06 7.08507e-07 2.4829e-07 8.4145e-08 2.75999e-08 8.76897e-09 2.70083e-09 8.07089e-10 2.34471e-10 6.75827e-11 
3.84912e-11 4.78161e-11 1.55666e-10 5.6974e-10 2.03978e-09 7.06403e-09 2.3627e-08 7.62533e-08 2.37259e-07 7.11073e-07 2.0509e-06 5.68746e-06 1.51513e-05 3.87395e-05 9.49858e-05 0.000223157 0.000501969 0.00108035 0.0022234 0.00437357 0.00822028 0.0147608 0.0253243 0.041524 0.0651088 0.0977062 0.140488 0.193827 0.257051 0.328367 0.405026 0.483687 0.56091 0.633642 0.699574 0.757312 0.806359 0.846939 0.879773 0.905844 0.926217 0.941915 0.953855 0.962815 0.969439 0.974249 0.977656 0.979985 0.981481 0.982319 0.982602 0.982367 0.98158 0.980136 0.977864 0.974518 0.969773 0.963212 0.95431 0.942414 0.92673 0.906327 0.880162 0.847151 0.8063 0.756896 0.698747 0.63241 0.559357 0.481971 0.403357 0.326958 0.256064 0.193342 0.140486 0.0980895 0.0657343 0.0422443 0.0260198 0.0153555 0.00868185 0.00470337 0.00244222 0.00121602 0.000580935 0.000266464 0.000117436 4.97697e-05 2.03002e-05 7.97596e-06 3.02133e-06 1.10441e-06 3.8991e-07 1.33069e-07 4.39376e-08 1.40478e-08 4.35262e-09 1.3081e-09 3.82107e-10 1.10795e-10 
