8.40087e-34 2.41688e-34 7.67711e-34 5.16251e-33 3.45116e-32 2.23331e-31 1.39732e-30 8.4476e-30 4.93152e-29 2.77817e-28 1.50934e-27 7.90293e-27 3.98556e-26 1.93476e-25 9.03563e-25 4.05748e-24 1.75115e-23 7.26103e-23 2.89169e-22 1.10586e-21 4.06074e-21 1.43172e-20 4.84714e-20 1.57587e-19 4.92039e-19 1.47545e-18 4.24872e-18 1.17465e-17 3.11691e-17 7.93446e-17 1.93673e-16 4.53064e-16 1.01526e-15 2.17837e-15 4.47332e-15 8.78765e-15 1.65046e-14 2.96124e-14 5.06976e-14 8.26942e-14 1.28266e-13 1.88807e-13 2.63316e-13 3.47697e-13 4.35125e-13 5.17646e-13 5.88401e-13 6.43351e-13 6.81667e-13 7.04767e-13 7.14689e-13 7.12604e-13 6.98069e-13 6.6926e-13 6.24136e-13 5.62125e-13 4.85568e-13 4.00039e-13 3.13189e-13 2.32634e-13 1.63967e-13 1.09805e-13 6.99957e-14 4.25554e-14 2.47188e-14 1.37377e-14 7.31295e-15 3.73205e-15 1.82719e-15 8.58757e-16 3.87667e-16 1.68192e-16 7.01729e-17 2.81715e-17 1.08887e-17 4.05412e-18 1.45467e-18 5.03195e-19 1.67853e-19 5.4005e-20 1.67617e-20 5.01932e-21 1.45037e-21 4.04483e-22 1.08895e-22 2.83093e-23 7.109e-24 1.72512e-24 4.04719e-25 9.1838e-26 2.01675e-26 4.28825e-27 8.83385e-28 1.76405e-28 3.41678e-29 6.42272e-30 1.17238e-30 2.07926e-31 3.585e-32 6.02079e-33 
2.41688e-34 7.0802e-35 2.42434e-34 1.68633e-33 1.16293e-32 7.76856e-32 5.02159e-31 3.13895e-30 1.89625e-29 1.10636e-28 6.23022e-28 3.38404e-27 1.77179e-26 8.93638e-26 4.33933e-25 2.02744e-24 9.10993e-24 3.93483e-23 1.63311e-22 6.51098e-22 2.49301e-21 9.16593e-21 3.23562e-20 1.09655e-19 3.56731e-19 1.11384e-18 3.33703e-18 9.58938e-18 2.64181e-17 6.97337e-17 1.76258e-16 4.26337e-16 9.86305e-16 2.18123e-15 4.60905e-15 9.30096e-15 1.79138e-14 3.29029e-14 5.75658e-14 9.57802e-14 1.5124e-13 2.26125e-13 3.19485e-13 4.26151e-13 5.37109e-13 6.41711e-13 7.30829e-13 7.99291e-13 8.46359e-13 8.74301e-13 8.86091e-13 8.83392e-13 8.65561e-13 8.29966e-13 7.73575e-13 6.95304e-13 5.98079e-13 4.89326e-13 3.79327e-13 2.78187e-13 1.93078e-13 1.27028e-13 7.93905e-14 4.72361e-14 2.68053e-14 1.45296e-14 7.53128e-15 3.73637e-15 1.77549e-15 8.08636e-16 3.53211e-16 1.48062e-16 5.96036e-17 2.30582e-17 8.57815e-18 3.07085e-18 1.05845e-18 3.51434e-19 1.12452e-19 3.46889e-20 1.03194e-20 2.96134e-21 8.20012e-22 2.19175e-22 5.65659e-23 1.41021e-23 3.39761e-24 7.91463e-25 1.78353e-25 3.89015e-26 8.21739e-27 1.68206e-27 3.33851e-28 6.42877e-29 1.2018e-29 2.18235e-30 3.85181e-31 6.61157e-32 1.10431e-32 1.79854e-33 
7.67711e-34 2.42434e-34 9.4898e-34 6.77162e-33 4.76098e-32 3.2402e-31 2.13258e-30 1.35649e-29 8.33338e-29 4.94116e-28 2.82582e-27 1.55766e-26 8.27025e-26 4.22662e-25 2.07787e-24 9.82042e-24 4.45952e-23 1.94482e-22 8.14178e-22 3.2709e-21 1.26071e-20 4.66117e-20 1.65298e-19 5.62226e-19 1.83402e-18 5.73727e-18 1.72084e-17 4.94743e-17 1.36285e-16 3.59518e-16 9.07728e-16 2.19234e-15 5.06234e-15 1.11707e-14 2.3546e-14 4.73884e-14 9.10163e-14 1.66704e-13 2.90864e-13 4.82714e-13 7.60462e-13 1.13467e-12 1.60024e-12 2.13104e-12 2.68187e-12 3.19963e-12 3.63922e-12 3.97553e-12 4.20564e-12 4.34143e-12 4.398e-12 4.38364e-12 4.29492e-12 4.11842e-12 3.83872e-12 3.45018e-12 2.96731e-12 2.42719e-12 1.88111e-12 1.37933e-12 9.57356e-13 6.30022e-13 3.93957e-13 2.34564e-13 1.33219e-13 7.22703e-14 3.74882e-14 1.86086e-14 8.84506e-15 4.02816e-15 1.75865e-15 7.36518e-16 2.96065e-16 1.14306e-16 4.24126e-17 1.51327e-17 5.19452e-18 1.71618e-18 5.45898e-19 1.6723e-19 4.93492e-20 1.40316e-20 3.84515e-21 1.01583e-21 2.5881e-22 6.36152e-23 1.50922e-23 3.45757e-24 7.6532e-25 1.63762e-25 3.38949e-26 6.79001e-27 1.3173e-27 2.47654e-28 4.51459e-29 7.98489e-30 1.37106e-30 2.28684e-31 3.7073e-32 5.85342e-33 
5.16251e-33 1.68633e-33 6.77162e-33 4.81494e-32 3.36996e-31 2.28303e-30 1.49568e-29 9.46943e-29 5.78993e-28 3.41657e-27 1.94433e-26 1.06638e-25 5.63255e-25 2.86322e-24 1.39981e-23 6.57766e-23 2.96899e-22 1.28663e-21 5.35075e-21 2.1347e-20 8.1679e-20 2.99685e-19 1.05431e-18 3.55642e-18 1.15027e-17 3.56707e-17 1.06049e-16 3.02197e-16 8.25105e-16 2.15757e-15 5.40045e-15 1.29321e-14 2.96117e-14 6.4807e-14 1.35511e-13 2.70617e-13 5.15895e-13 9.38233e-13 1.62621e-12 2.6825e-12 4.20305e-12 6.24157e-12 8.7672e-12 1.16364e-11 1.4605e-11 1.7388e-11 1.97453e-11 2.1545e-11 2.27736e-11 2.34965e-11 2.37949e-11 2.37129e-11 2.32313e-11 2.22773e-11 2.07676e-11 1.86722e-11 1.60693e-11 1.3158e-11 1.02136e-11 7.5056e-12 5.22444e-12 3.45045e-12 2.16675e-12 1.29635e-12 7.40192e-13 4.03866e-13 2.10774e-13 1.05293e-13 5.03778e-14 2.30982e-14 1.01543e-14 4.28258e-15 1.73384e-15 6.74254e-16 2.52003e-16 9.05695e-17 3.13143e-17 1.04194e-17 3.33733e-18 1.02923e-18 3.05684e-19 8.74521e-20 2.41051e-20 6.40347e-21 1.63998e-21 4.05092e-22 9.6552e-23 2.22167e-23 4.93799e-24 1.06077e-24 2.20375e-25 4.43033e-26 8.62419e-27 1.6266e-27 2.97439e-28 5.27639e-29 9.08575e-30 1.5196e-30 2.46998e-31 3.90979e-32 
3.45116e-32 1.16293e-32 4.76098e-32 3.36996e-31 2.34625e-30 1.58115e-29 1.0304e-28 6.48911e-28 3.94648e-27 2.3162e-26 1.3109e-25 7.14961e-25 3.75486e-24 1.89756e-23 9.2211e-23 4.30594e-22 1.93101e-21 8.31166e-21 3.43222e-20 1.35919e-19 5.16045e-19 1.87811e-18 6.55171e-18 2.19074e-17 7.02185e-17 2.1575e-16 6.3544e-16 1.79375e-15 4.85169e-15 1.25688e-14 3.11713e-14 7.39696e-14 1.67873e-13 3.64211e-13 7.55124e-13 1.49564e-12 2.8288e-12 5.10613e-12 8.78837e-12 1.44036e-11 2.24379e-11 3.31528e-11 4.63688e-11 6.13265e-11 7.67528e-11 9.11764e-11 1.03365e-10 1.12649e-10 1.18975e-10 1.22685e-10 1.24203e-10 1.23754e-10 1.21233e-10 1.1626e-10 1.08403e-10 9.75072e-11 8.39779e-11 6.88468e-11 5.35361e-11 3.94383e-11 2.75397e-11 1.82601e-11 1.15199e-11 6.92857e-12 3.97901e-12 2.18457e-12 1.14761e-12 5.77232e-13 2.78143e-13 1.28459e-13 5.68943e-14 2.4178e-14 9.8644e-15 3.86612e-15 1.45636e-15 5.27544e-16 1.83826e-16 6.16367e-17 1.98908e-17 6.17904e-18 1.84807e-18 5.32261e-19 1.47653e-19 3.94636e-20 1.01658e-20 2.52502e-21 6.05022e-22 1.39924e-22 3.12522e-23 6.74525e-24 1.40772e-24 2.84261e-25 5.55751e-26 1.05266e-26 1.93293e-27 3.44306e-28 5.95306e-29 9.99692e-30 1.63147e-30 2.59296e-31 
2.23331e-31 7.76856e-32 3.2402e-31 2.28303e-30 1.58115e-29 1.05993e-28 6.87082e-28 4.30399e-27 2.60352e-26 1.51973e-25 8.55391e-25 4.6391e-24 2.42242e-23 1.21699e-22 5.87801e-22 2.72758e-21 1.2152e-20 5.19494e-20 2.1299e-19 8.37154e-19 3.15348e-18 1.13825e-17 3.93656e-17 1.30451e-16 4.14251e-16 1.2607e-15 3.67715e-15 1.02787e-14 2.753e-14 7.06274e-14 1.7348e-13 4.0778e-13 9.16865e-13 1.97114e-12 4.05062e-12 7.95403e-12 1.49198e-11 2.67198e-11 4.56505e-11 7.43123e-11 1.15061e-10 1.69104e-10 2.35448e-10 3.10239e-10 3.87116e-10 4.58794e-10 5.19214e-10 5.65137e-10 5.96353e-10 6.14608e-10 6.22006e-10 6.19647e-10 6.06996e-10 5.82145e-10 5.4294e-10 4.88611e-10 4.21176e-10 3.45755e-10 2.69392e-10 1.98986e-10 1.39434e-10 9.2844e-11 5.88649e-11 3.56028e-11 2.05723e-11 1.13693e-11 6.01421e-12 3.04702e-12 1.47924e-12 6.88439e-13 3.07308e-13 1.31641e-13 5.41457e-14 2.13957e-14 8.12638e-15 2.96791e-15 1.04262e-15 3.52383e-16 1.14601e-16 3.58674e-17 1.08045e-17 3.13314e-18 8.74826e-19 2.35267e-19 6.09618e-20 1.52268e-20 3.66802e-21 8.52653e-22 1.91378e-22 4.15016e-23 8.70113e-24 1.76487e-24 3.46552e-25 6.5922e-26 1.21559e-26 2.17428e-27 3.77482e-28 6.36493e-29 1.04297e-29 1.6644e-30 
1.39732e-30 5.02159e-31 2.13258e-30 1.49568e-29 1.0304e-28 6.87082e-28 4.43027e-27 2.76038e-26 1.66079e-25 9.64152e-25 5.39678e-24 2.91038e-23 1.51096e-22 7.54585e-22 3.62234e-21 1.67024e-20 7.39222e-20 3.1384e-19 1.27745e-18 4.98293e-18 1.86206e-17 6.66476e-17 2.2847e-16 7.50151e-16 2.3594e-15 7.10979e-15 2.05292e-14 5.68016e-14 1.50584e-13 3.82399e-13 9.29843e-13 2.16405e-12 4.81844e-12 1.02604e-11 2.0889e-11 4.06494e-11 7.55879e-11 1.34253e-10 2.27594e-10 3.6785e-10 5.65909e-10 8.27041e-10 1.14602e-09 1.50411e-09 1.8709e-09 2.21186e-09 2.49853e-09 2.71592e-09 2.86333e-09 2.94927e-09 2.98375e-09 2.97193e-09 2.91116e-09 2.79229e-09 2.60504e-09 2.34572e-09 2.02396e-09 1.66403e-09 1.29934e-09 9.6258e-10 6.77042e-10 4.52887e-10 2.88674e-10 1.75645e-10 1.02159e-10 5.68547e-11 3.02976e-11 1.54678e-11 7.56868e-12 3.55112e-12 1.59832e-12 6.90463e-13 2.86431e-13 1.14163e-13 4.37364e-14 1.6111e-14 5.70779e-15 1.94509e-15 6.37647e-16 2.01104e-16 6.10249e-17 1.78198e-17 5.00855e-18 1.3554e-18 3.53298e-19 8.87441e-20 2.14929e-20 5.02188e-21 1.13273e-21 2.46811e-22 5.19847e-23 1.05915e-23 2.08888e-24 3.99059e-25 7.38967e-26 1.32728e-26 2.31385e-27 3.91752e-28 6.44553e-29 1.03282e-29 
8.4476e-30 3.13895e-30 1.35649e-29 9.46943e-29 6.48911e-28 4.30399e-27 2.76038e-26 1.71068e-25 1.02365e-24 5.91009e-24 3.2897e-23 1.76399e-22 9.1047e-22 4.5198e-21 2.15633e-20 9.8791e-20 4.34324e-19 1.83111e-18 7.39886e-18 2.86388e-17 1.06153e-16 3.767e-16 1.27972e-15 4.16218e-15 1.29623e-14 3.86629e-14 1.10472e-13 3.02425e-13 7.932e-13 1.99287e-12 4.79483e-12 1.10433e-11 2.43378e-11 5.13069e-11 1.03436e-10 1.99377e-10 3.67361e-10 6.46807e-10 1.08756e-09 1.74453e-09 2.66563e-09 3.8725e-09 5.33892e-09 6.97785e-09 8.65041e-09 1.02003e-08 1.15e-08 1.24831e-08 1.31481e-08 1.35345e-08 1.3688e-08 1.36315e-08 1.33526e-08 1.28093e-08 1.19547e-08 1.0772e-08 9.30471e-09 7.66296e-09 5.99794e-09 4.45778e-09 3.14831e-09 2.11643e-09 1.35679e-09 8.3086e-10 4.86633e-10 2.7285e-10 1.46542e-10 7.54238e-11 3.72161e-11 1.76116e-11 7.99643e-12 3.48526e-12 1.45891e-12 5.86772e-13 2.26842e-13 8.43142e-14 3.01348e-14 1.03575e-14 3.4235e-15 1.08826e-15 3.32711e-16 9.78459e-17 2.76861e-17 7.53992e-18 1.97717e-18 4.99472e-19 1.21623e-19 2.85649e-20 6.47514e-21 1.41764e-21 2.99976e-22 6.13941e-23 1.21617e-23 2.33341e-24 4.33934e-25 7.82679e-26 1.37012e-26 2.32929e-27 3.84816e-28 6.19176e-29 
4.93152e-29 1.89625e-29 8.33338e-29 5.78993e-28 3.94648e-27 2.60352e-26 1.66079e-25 1.02365e-24 6.09191e-24 3.49769e-23 1.93594e-22 1.03212e-21 5.29592e-21 2.61315e-20 1.23892e-19 5.63936e-19 2.46259e-18 1.03091e-17 4.13469e-17 1.58793e-16 5.83732e-16 2.05342e-15 6.91172e-15 2.22621e-14 6.86281e-14 2.02543e-13 5.72453e-13 1.5498e-12 4.01947e-12 9.98607e-12 2.37605e-11 5.41266e-11 1.18006e-10 2.46152e-10 4.91146e-10 9.37259e-10 1.71033e-09 2.98373e-09 4.97362e-09 7.91453e-09 1.20064e-08 1.73321e-08 2.37669e-08 3.09248e-08 3.82011e-08 4.49216e-08 5.05407e-08 5.47805e-08 5.76415e-08 5.92981e-08 5.99487e-08 5.9692e-08 5.84715e-08 5.61033e-08 5.23829e-08 4.72374e-08 4.08549e-08 3.37103e-08 2.64563e-08 1.97328e-08 1.39988e-08 9.46123e-09 6.103e-09 3.76313e-09 2.22059e-09 1.25499e-09 6.79658e-10 3.52845e-10 1.75656e-10 8.38836e-11 3.84416e-11 1.69134e-11 7.14754e-12 2.90236e-12 1.13277e-12 4.25007e-13 1.53301e-13 5.31595e-14 1.77209e-14 5.67879e-15 1.7495e-15 5.18234e-16 1.47639e-16 4.04662e-17 1.06758e-17 2.71245e-18 6.64109e-19 1.56791e-19 3.57199e-20 7.85816e-21 1.6706e-21 3.43468e-22 6.8341e-23 1.31696e-23 2.45961e-24 4.45517e-25 7.83176e-26 1.33701e-26 2.21801e-27 3.58373e-28 
2.77817e-28 1.10636e-28 4.94116e-28 3.41657e-27 2.3162e-26 1.51973e-25 9.64152e-25 5.91009e-24 3.49769e-23 1.99694e-22 1.09898e-21 5.82501e-21 2.97109e-20 1.45705e-19 6.86436e-19 3.10407e-18 1.34623e-17 5.59541e-17 2.2273e-16 8.48616e-16 3.09338e-15 1.0785e-14 3.59603e-14 1.14674e-13 3.49815e-13 1.02116e-12 2.85358e-12 7.63629e-12 1.95735e-11 4.80591e-11 1.13018e-10 2.54492e-10 5.48556e-10 1.13154e-09 2.23328e-09 4.21687e-09 7.61682e-09 1.31588e-08 2.1734e-08 3.42929e-08 5.16248e-08 7.40237e-08 1.00924e-07 1.30698e-07 1.60838e-07 1.88578e-07 2.11704e-07 2.29106e-07 2.40818e-07 2.47576e-07 2.502e-07 2.49091e-07 2.44007e-07 2.34181e-07 2.18766e-07 1.97456e-07 1.71023e-07 1.41416e-07 1.11316e-07 8.33524e-08 5.94218e-08 4.03959e-08 2.62323e-08 1.62952e-08 9.69292e-09 5.52475e-09 3.01869e-09 1.58163e-09 7.94848e-10 3.8326e-10 1.77375e-10 7.88243e-11 3.36484e-11 1.3802e-11 5.44101e-12 2.0616e-12 7.5076e-13 2.62739e-13 8.83555e-14 2.855e-14 8.86464e-15 2.64525e-15 7.58825e-16 2.09343e-16 5.5569e-17 1.42009e-17 3.49615e-18 8.29778e-19 1.89998e-19 4.20027e-20 8.97186e-21 1.85308e-21 3.70375e-22 7.16882e-23 1.34471e-23 2.44619e-24 4.31847e-25 7.40349e-26 1.23336e-26 2.00124e-27 
1.50934e-27 6.23022e-28 2.82582e-27 1.94433e-26 1.3109e-25 8.55391e-25 5.39678e-24 3.2897e-23 1.93594e-22 1.09898e-21 6.01302e-21 3.16829e-20 1.60623e-19 7.82815e-19 3.66429e-18 1.64597e-17 7.08901e-17 2.92506e-16 1.15545e-15 4.36683e-15 1.5782e-14 5.45245e-14 1.80049e-13 5.68298e-13 1.71493e-12 4.94959e-12 1.36692e-11 3.61381e-11 9.14944e-11 2.21877e-10 5.15366e-10 1.14639e-09 2.44146e-09 4.97704e-09 9.7103e-09 1.81305e-08 3.23961e-08 5.53914e-08 9.06003e-08 1.41668e-07 2.1153e-07 3.01133e-07 4.0805e-07 5.25754e-07 6.44377e-07 7.53154e-07 8.43549e-07 9.11383e-07 9.56913e-07 9.83086e-07 9.93129e-07 9.88587e-07 9.68474e-07 9.29757e-07 8.69087e-07 7.85256e-07 6.81255e-07 5.64676e-07 4.45962e-07 3.3538e-07 2.40378e-07 1.64455e-07 1.07569e-07 6.73563e-08 4.04118e-08 2.32442e-08 1.28216e-08 6.78399e-09 3.44381e-09 1.67771e-09 7.84634e-10 3.52406e-10 1.5205e-10 6.30371e-11 2.51136e-11 9.61401e-12 3.53606e-12 1.24932e-12 4.23938e-13 1.38156e-13 4.3241e-14 1.30003e-14 3.75562e-15 1.04295e-15 2.78574e-16 7.16109e-17 1.7729e-17 4.23034e-18 9.73619e-19 2.16306e-19 4.64254e-20 9.63378e-21 1.93432e-21 3.76081e-22 7.08565e-23 1.2946e-23 2.29538e-24 3.95207e-25 6.612e-26 1.07749e-26 
7.90293e-27 3.38404e-27 1.55766e-26 1.06638e-25 7.14961e-25 4.6391e-24 2.91038e-23 1.76399e-22 1.03212e-21 5.82501e-21 3.16829e-20 1.65933e-19 8.36049e-19 4.04876e-18 1.8828e-17 8.40007e-17 3.59227e-16 1.47128e-15 5.76663e-15 2.16149e-14 7.74365e-14 2.65053e-13 8.66618e-13 2.70668e-12 8.07717e-12 2.30395e-11 6.28513e-11 1.6407e-10 4.10046e-10 9.8146e-10 2.25011e-09 4.9408e-09 1.03891e-08 2.09154e-08 4.03103e-08 7.43748e-08 1.31377e-07 2.22174e-07 3.59643e-07 5.56966e-07 8.24398e-07 1.1646e-06 1.56773e-06 2.00897e-06 2.45156e-06 2.85582e-06 3.19064e-06 3.44117e-06 3.60884e-06 3.70487e-06 3.74126e-06 3.72366e-06 3.64829e-06 3.50373e-06 3.27748e-06 2.96494e-06 2.57709e-06 2.14189e-06 1.69787e-06 1.283e-06 9.25001e-07 6.37242e-07 4.20101e-07 2.65332e-07 1.60671e-07 9.33215e-08 5.20022e-08 2.78049e-08 1.42674e-08 7.02742e-09 3.3235e-09 1.50966e-09 6.58789e-10 2.76218e-10 1.1127e-10 4.30579e-11 1.60016e-11 5.70945e-12 1.9555e-12 6.42859e-13 2.02856e-13 6.14559e-14 1.78811e-14 4.9991e-15 1.34372e-15 3.47492e-16 8.65201e-17 2.07571e-17 4.80228e-18 1.07229e-18 2.31273e-19 4.82208e-20 9.72724e-21 1.8999e-21 3.59574e-22 6.59903e-23 1.17521e-23 2.03231e-24 3.41503e-25 5.58967e-26 
3.98556e-26 1.77179e-26 8.27025e-26 5.63255e-25 3.75486e-24 2.42242e-23 1.51096e-22 9.1047e-22 5.29592e-21 2.97109e-20 1.60623e-19 8.36049e-19 4.18583e-18 2.01395e-17 9.30295e-17 4.12175e-16 1.74995e-15 7.11315e-15 2.76585e-14 1.02802e-13 3.65016e-13 1.23756e-12 4.00544e-12 1.23754e-11 3.65074e-11 1.02875e-10 2.77077e-10 7.13763e-10 1.75974e-09 4.15432e-09 9.39354e-09 2.03453e-08 4.22053e-08 8.38464e-08 1.59511e-07 2.9061e-07 5.07098e-07 8.4758e-07 1.35691e-06 2.07988e-06 3.04988e-06 4.27298e-06 5.71149e-06 7.27627e-06 8.83782e-06 1.02582e-05 1.14304e-05 1.23048e-05 1.28884e-05 1.32212e-05 1.33458e-05 1.32815e-05 1.30145e-05 1.25044e-05 1.17069e-05 1.06055e-05 9.23795e-06 7.70152e-06 6.13032e-06 4.65706e-06 3.37945e-06 2.34584e-06 1.55974e-06 9.94346e-07 6.08159e-07 3.56959e-07 2.01092e-07 1.08736e-07 5.6442e-08 2.8129e-08 1.34628e-08 6.18936e-09 2.73367e-09 1.15993e-09 4.72741e-10 1.85008e-10 6.94983e-11 2.50512e-11 8.66261e-12 2.87337e-12 9.14301e-13 2.79156e-13 8.18164e-14 2.30304e-14 6.23036e-15 1.62103e-15 4.05956e-16 9.79343e-17 2.27787e-17 5.11248e-18 1.10819e-18 2.32189e-19 4.70621e-20 9.2353e-21 1.75597e-21 3.2374e-22 5.79162e-23 1.00608e-23 1.69817e-24 2.79212e-25 
1.93476e-25 8.93638e-26 4.22662e-25 2.86322e-24 1.89756e-23 1.21699e-22 7.54585e-22 4.5198e-21 2.61315e-20 1.45705e-19 7.82815e-19 4.04876e-18 2.01395e-17 9.62543e-17 4.41575e-16 1.94255e-15 8.18646e-15 3.30191e-14 1.27348e-13 4.6927e-13 1.65106e-12 5.54351e-12 1.77562e-11 5.42534e-11 1.5816e-10 4.40098e-10 1.16969e-09 2.97168e-09 7.22249e-09 1.68042e-08 3.74447e-08 7.99278e-08 1.63437e-07 3.20132e-07 6.00659e-07 1.07968e-06 1.85959e-06 3.06957e-06 4.85632e-06 7.36219e-06 1.06879e-05 1.48414e-05 1.9687e-05 2.49226e-05 3.01187e-05 3.48238e-05 3.86925e-05 4.1569e-05 4.34826e-05 4.45699e-05 4.49713e-05 4.47502e-05 4.38593e-05 4.21632e-05 3.95136e-05 3.58543e-05 3.13077e-05 2.61914e-05 2.09452e-05 1.60058e-05 1.16981e-05 8.18784e-06 5.49484e-06 3.5386e-06 2.1877e-06 1.29867e-06 7.40232e-07 4.05125e-07 2.12903e-07 1.07449e-07 5.20864e-08 2.42556e-08 1.08511e-08 4.66266e-09 1.92377e-09 7.61788e-10 2.89385e-10 1.05415e-10 3.68126e-11 1.23232e-11 3.95482e-12 1.21714e-12 3.59383e-13 1.0187e-13 2.774e-14 7.26249e-15 1.82955e-15 4.4388e-16 1.03808e-16 2.34224e-17 5.10325e-18 1.07462e-18 2.18887e-19 4.31619e-20 8.24591e-21 1.52744e-21 2.74536e-22 4.79121e-23 8.12459e-24 1.34208e-24 
9.03563e-25 4.33933e-25 2.07787e-24 1.39981e-23 9.2211e-23 5.87801e-22 3.62234e-21 2.15633e-20 1.23892e-19 6.86436e-19 3.66429e-18 1.8828e-17 9.30295e-17 4.41575e-16 2.01146e-15 8.78407e-15 3.67376e-14 1.47002e-13 5.62233e-13 2.05358e-12 7.15785e-12 2.37939e-11 7.54039e-11 2.27775e-10 6.55936e-10 1.80157e-09 4.72252e-09 1.18253e-08 2.83121e-08 6.48674e-08 1.42318e-07 2.99117e-07 6.02334e-07 1.16217e-06 2.14862e-06 3.80701e-06 6.46635e-06 1.05321e-05 1.64528e-05 2.46491e-05 3.53994e-05 4.8687e-05 6.40522e-05 8.05331e-05 9.67929e-05 0.000111445 0.000123445 0.000132337 0.000138233 0.00014157 0.000142784 0.000142072 0.000139278 0.000133979 0.000125707 0.000114281 0.000100069 8.40458e-05 6.75627e-05 5.197e-05 3.82841e-05 2.70408e-05 1.83317e-05 1.19355e-05 7.46551e-06 4.48607e-06 2.58953e-06 1.43575e-06 7.64606e-07 3.91133e-07 1.92214e-07 9.07462e-08 4.11527e-08 1.79204e-08 7.48965e-09 3.0025e-09 1.15389e-09 4.24925e-10 1.49901e-10 5.06541e-11 1.63988e-11 5.08811e-12 1.51382e-12 4.32172e-13 1.18478e-13 3.12167e-14 7.91205e-15 1.93083e-15 4.54106e-16 1.03021e-16 2.25657e-17 4.77651e-18 9.77885e-19 1.93795e-19 3.72073e-20 6.92594e-21 1.25088e-21 2.19357e-22 3.73754e-23 6.20386e-24 
4.05748e-24 2.02744e-24 9.82042e-24 6.57766e-23 4.30594e-22 2.72758e-21 1.67024e-20 9.8791e-20 5.63936e-19 3.10407e-18 1.64597e-17 8.40007e-17 4.12175e-16 1.94255e-15 8.78407e-15 3.80706e-14 1.57976e-13 6.26956e-13 2.37734e-12 8.60488e-12 2.97052e-11 9.77378e-11 3.06356e-10 9.14598e-10 2.60082e-09 7.04758e-09 1.82109e-08 4.49154e-08 1.05853e-07 2.38622e-07 5.14987e-07 1.06467e-06 2.10918e-06 4.00454e-06 7.28779e-06 1.27158e-05 2.12788e-05 3.41653e-05 5.26504e-05 7.78827e-05 0.000110555 0.000150485 0.000196215 0.000244876 0.000292574 0.000335333 0.000370202 0.000395947 0.000412963 0.00042255 0.000425992 0.000423843 0.000415644 0.000400138 0.00037595 0.000342522 0.000300893 0.000253843 0.000205259 0.000159047 0.000118189 8.43168e-05 5.77954e-05 3.80812e-05 2.41218e-05 1.46873e-05 8.59433e-06 4.83222e-06 2.61042e-06 1.35489e-06 6.75657e-07 3.23691e-07 1.48929e-07 6.57721e-08 2.78629e-08 1.13139e-08 4.40071e-09 1.63885e-09 5.84187e-10 1.99321e-10 6.5109e-11 2.03706e-11 6.10805e-12 1.75656e-12 4.84894e-13 1.28603e-13 3.28005e-14 8.05302e-15 1.90504e-15 4.34643e-16 9.57308e-17 2.03732e-17 4.19313e-18 8.35334e-19 1.61206e-19 3.01608e-20 5.47487e-21 9.64904e-22 1.65227e-22 2.75638e-23 
1.75115e-23 9.10993e-24 4.45952e-23 2.96899e-22 1.93101e-21 1.2152e-20 7.39222e-20 4.34324e-19 2.46259e-18 1.34623e-17 7.08901e-17 3.59227e-16 1.74995e-15 8.18646e-15 3.67376e-14 1.57976e-13 6.50202e-13 2.55862e-12 9.61608e-12 3.44812e-11 1.17859e-10 3.83714e-10 1.18924e-09 3.50765e-09 9.84574e-09 2.631e-08 6.69792e-08 1.6261e-07 3.76934e-07 8.35287e-07 1.77149e-06 3.59859e-06 7.00559e-06 1.3074e-05 2.33949e-05 4.01529e-05 6.6128e-05 0.000104556 0.000158788 0.000231692 0.000324781 0.000437147 0.000564481 0.000698797 0.000829531 0.000946061 0.00104066 0.00111024 0.00115606 0.00118177 0.00119087 0.00118483 0.00116238 0.00112004 0.00105403 0.000962732 0.000848843 0.000719746 0.00058584 0.000457664 0.00034339 0.000247676 0.000171832 0.000114697 7.36541e-05 4.54905e-05 2.70137e-05 1.54197e-05 8.45914e-06 4.45967e-06 2.25918e-06 1.09937e-06 5.13637e-07 2.30232e-07 9.89234e-08 4.07083e-08 1.60326e-08 6.04009e-09 2.17624e-09 7.49914e-10 2.47224e-10 7.80138e-11 2.35804e-11 6.83262e-12 1.89965e-12 5.07262e-13 1.30225e-13 3.21737e-14 7.65749e-15 1.75744e-15 3.89319e-16 8.33232e-17 1.72447e-17 3.45423e-18 6.70216e-19 1.26065e-19 2.30047e-20 4.07571e-21 7.01554e-22 1.17652e-22 
7.26103e-23 3.93483e-23 1.94482e-22 1.28663e-21 8.31166e-21 5.19494e-20 3.1384e-19 1.83111e-18 1.03091e-17 5.59541e-17 2.92506e-16 1.47128e-15 7.11315e-15 3.30191e-14 1.47002e-13 6.26956e-13 2.55862e-12 9.97996e-12 3.7163e-11 1.31972e-10 4.46487e-10 1.43788e-09 4.40484e-09 1.28309e-08 3.55356e-08 9.35993e-08 2.34628e-07 5.60322e-07 1.2765e-06 2.77812e-06 5.7838e-06 1.15314e-05 2.2034e-05 4.0369e-05 7.09421e-05 0.000119628 0.000193667 0.000301198 0.000450288 0.000647394 0.000895256 0.00119041 0.001521 0.00186639 0.00219996 0.00249546 0.00273415 0.00290901 0.00302376 0.00308785 0.0031102 0.00309448 0.00303734 0.00292989 0.00276238 0.00253047 0.00224055 0.00191074 0.00156683 0.00123521 0.000936729 0.000683816 0.000480714 0.000325437 0.000212111 0.000133044 8.02735e-05 4.65741e-05 2.59783e-05 1.3928e-05 7.1755e-06 3.55048e-06 1.68602e-06 7.6764e-07 3.34749e-07 1.39677e-07 5.57242e-08 2.12454e-08 7.7395e-09 2.6943e-09 8.96678e-10 2.85464e-10 8.70017e-11 2.54073e-11 7.11652e-12 1.91383e-12 4.94679e-13 1.23022e-13 2.94671e-14 6.805e-15 1.51665e-15 3.26534e-16 6.79757e-17 1.36946e-17 2.67225e-18 5.05467e-19 9.27532e-20 1.65236e-20 2.85979e-21 4.82242e-22 
2.89169e-22 1.63311e-22 8.14178e-22 5.35075e-21 3.43222e-20 2.1299e-19 1.27745e-18 7.39886e-18 4.13469e-17 2.2273e-16 1.15545e-15 5.76663e-15 2.76585e-14 1.27348e-13 5.62233e-13 2.37734e-12 9.61608e-12 3.7163e-11 1.3706e-10 4.81835e-10 1.61289e-09 5.13591e-09 1.55454e-08 4.47025e-08 1.22102e-07 3.16853e-07 7.81639e-07 1.83495e-06 4.10508e-06 8.76591e-06 1.78955e-05 3.49757e-05 6.55108e-05 0.000117676 0.000202822 0.00033559 0.000533382 0.000814941 0.00119787 0.00169499 0.00230974 0.00303089 0.00382833 0.0046526 0.00544188 0.00613637 0.00669434 0.00710132 0.00736741 0.00751535 0.00756617 0.00752837 0.00739381 0.00714139 0.0067478 0.00620214 0.00551812 0.00473663 0.0039166 0.00311909 0.00239344 0.00177048 0.00126269 0.000868064 0.000574981 0.000366736 0.000225119 0.000132935 7.54903e-05 4.1212e-05 2.16185e-05 1.08886e-05 5.26038e-06 2.43465e-06 1.07821e-06 4.56417e-07 1.8453e-07 7.12247e-08 2.62429e-08 9.23237e-09 3.10278e-09 9.96864e-10 3.06442e-10 9.02226e-11 2.54679e-11 6.90011e-12 1.79632e-12 4.4983e-13 1.08473e-13 2.52151e-14 5.65594e-15 1.2254e-15 2.56678e-16 5.20265e-17 1.02132e-17 1.94335e-18 3.58701e-19 6.42727e-20 1.11879e-20 1.89756e-21 
1.10586e-21 6.51098e-22 3.2709e-21 2.1347e-20 1.35919e-19 8.37154e-19 4.98293e-18 2.86388e-17 1.58793e-16 8.48616e-16 4.36683e-15 2.16149e-14 1.02802e-13 4.6927e-13 2.05358e-12 8.60488e-12 3.44812e-11 1.31972e-10 4.81835e-10 1.67611e-09 5.54869e-09 1.74626e-08 5.22005e-08 1.48119e-07 3.98825e-07 1.01911e-06 2.47264e-06 5.70223e-06 1.25172e-05 2.62005e-05 5.23908e-05 0.000100249 0.000183812 0.000323265 0.000545681 0.000884686 0.00137856 0.00206644 0.00298253 0.00414839 0.00556377 0.00719692 0.00897724 0.0107958 0.0125207 0.0140271 0.0152303 0.0161039 0.0166728 0.0169877 0.0170943 0.0170106 0.0167188 0.0161723 0.0153198 0.0141356 0.0126461 0.0109356 0.00912728 0.00735117 0.00571483 0.00428916 0.0031075 0.00217233 0.0014643 0.000951056 0.000594788 0.000357985 0.00020726 0.000115369 6.16984e-05 3.16673e-05 1.55787e-05 7.33524e-06 3.30115e-06 1.4184e-06 5.81415e-07 2.27283e-07 8.47315e-08 3.01351e-08 1.0231e-08 3.31846e-09 1.02933e-09 3.05652e-10 8.69858e-11 2.37528e-11 6.23058e-12 1.57174e-12 3.81729e-13 8.9355e-14 2.01801e-14 4.40149e-15 9.28033e-16 1.89325e-16 3.74033e-17 7.16188e-18 1.33015e-18 2.39802e-19 4.19958e-20 7.16631e-21 
4.06074e-21 2.49301e-21 1.26071e-20 8.1679e-20 5.16045e-19 3.15348e-18 1.86206e-17 1.06153e-16 5.83732e-16 3.09338e-15 1.5782e-14 7.74365e-14 3.65016e-13 1.65106e-12 7.15785e-12 2.97052e-11 1.17859e-10 4.46487e-10 1.61289e-09 5.54869e-09 1.81564e-08 5.6445e-08 1.66552e-07 4.66094e-07 1.23651e-06 3.1096e-06 7.41613e-06 1.67893e-05 3.61335e-05 7.40668e-05 0.000144903 0.00027111 0.000485925 0.000835438 0.00137908 0.00218749 0.00333697 0.00490049 0.00693554 0.00946959 0.0124842 0.0158996 0.0195642 0.0232583 0.0267252 0.0297279 0.0321109 0.0338324 0.0349488 0.0355639 0.0357692 0.0356001 0.0350196 0.0339346 0.0322401 0.0298806 0.0269003 0.0234561 0.0197832 0.0161339 0.0127235 0.00970216 0.00715074 0.00509042 0.00349703 0.00231634 0.00147815 0.000908149 0.000536852 0.000305132 0.000166574 8.72206e-05 4.37341e-05 2.09649e-05 9.59398e-06 4.18641e-06 1.74066e-06 6.89449e-07 2.60174e-07 9.35847e-08 3.21106e-08 1.05196e-08 3.29396e-09 9.86976e-10 2.83322e-10 7.80123e-11 2.06288e-11 5.24474e-12 1.28353e-12 3.02693e-13 6.88603e-14 1.51267e-14 3.21182e-15 6.59759e-16 1.31228e-16 2.52952e-17 4.72892e-18 8.58073e-19 1.51233e-19 2.59728e-20 
1.43172e-20 9.16593e-21 4.66117e-20 2.99685e-19 1.87811e-18 1.13825e-17 6.66476e-17 3.767e-16 2.05342e-15 1.0785e-14 5.45245e-14 2.65053e-13 1.23756e-12 5.54351e-12 2.37939e-11 9.77378e-11 3.83714e-10 1.43788e-09 5.13591e-09 1.74626e-08 5.6445e-08 1.73234e-07 5.04263e-07 1.39095e-06 3.63361e-06 8.98787e-06 2.10569e-05 4.67652e-05 9.85988e-05 0.000197737 0.000378064 0.000690736 0.00120848 0.00202802 0.00326855 0.00506444 0.00755155 0.0108483 0.0150333 0.0201214 0.0260407 0.0326125 0.0395399 0.0464207 0.0528019 0.0582778 0.062593 0.0656933 0.0676951 0.0687931 0.0691547 0.0688431 0.06779 0.0658235 0.0627479 0.0584511 0.0529959 0.0466441 0.0398002 0.032909 0.0263632 0.0204538 0.0153582 0.0111503 0.00781893 0.00529012 0.00345015 0.00216726 0.00131019 0.000761467 0.000424878 0.000227207 0.000116224 5.67652e-05 2.6431e-05 1.17193e-05 4.94518e-06 1.9856e-06 7.58844e-07 2.76204e-07 9.58298e-08 3.17261e-08 1.00342e-08 3.03551e-09 8.7944e-10 2.44317e-10 6.51643e-11 1.67071e-11 4.12223e-12 9.79923e-13 2.2467e-13 4.97323e-14 1.06388e-14 2.20148e-15 4.41047e-16 8.56184e-17 1.61178e-17 2.94464e-18 5.2248e-19 9.03364e-20 
4.84714e-20 3.23562e-20 1.65298e-19 1.05431e-18 6.55171e-18 3.93656e-17 2.2847e-16 1.27972e-15 6.91172e-15 3.59603e-14 1.80049e-13 8.66618e-13 4.00544e-12 1.77562e-11 7.54039e-11 3.06356e-10 1.18924e-09 4.40484e-09 1.55454e-08 5.22005e-08 1.66552e-07 5.04263e-07 1.44702e-06 3.93154e-06 1.01066e-05 2.45727e-05 5.65155e-05 0.000123046 0.000253951 0.000497824 0.000929196 0.00165571 0.0028235 0.00461774 0.00725461 0.0109623 0.0159521 0.0223831 0.0303268 0.0397351 0.0504145 0.0620076 0.0739892 0.0856944 0.0964057 0.105502 0.112615 0.117694 0.120959 0.122742 0.123322 0.122802 0.121068 0.117831 0.112756 0.105638 0.096544 0.0858597 0.0742073 0.0622916 0.050761 0.0401278 0.030743 0.0227986 0.0163447 0.0113142 0.007554 0.00485964 0.00300907 0.00179085 0.00102261 0.000559071 0.000292002 0.000145413 6.89338e-05 3.10757e-05 1.33154e-05 5.42293e-06 2.10015e-06 7.73981e-07 2.71709e-07 9.0964e-08 2.90784e-08 8.88728e-09 2.60037e-09 7.29349e-10 1.96346e-10 5.07961e-11 1.26438e-11 3.03151e-12 7.00885e-13 1.56419e-13 3.373e-14 7.03447e-15 1.42011e-15 2.77751e-16 5.26716e-17 9.69213e-18 1.73186e-18 3.01549e-19 
1.57587e-19 1.09655e-19 5.62226e-19 3.55642e-18 2.19074e-17 1.30451e-16 7.50151e-16 4.16218e-15 2.22621e-14 1.14674e-13 5.68298e-13 2.70668e-12 1.23754e-11 5.42534e-11 2.27775e-10 9.14598e-10 3.50765e-09 1.28309e-08 4.47025e-08 1.48119e-07 4.66094e-07 1.39095e-06 3.93154e-06 1.05133e-05 2.65746e-05 6.34635e-05 0.000143187 0.000305392 0.000616508 0.00118032 0.00214855 0.00372936 0.00619036 0.00985149 0.0150622 0.0221609 0.0314213 0.0429976 0.0568779 0.0728534 0.0905032 0.109193 0.128089 0.146209 0.162542 0.176253 0.186878 0.194418 0.19924 0.201861 0.202705 0.201925 0.199345 0.194526 0.18695 0.17627 0.162519 0.146191 0.128129 0.109327 0.0907451 0.0731956 0.0573 0.0434708 0.031913 0.022639 0.0154996 0.0102286 0.00649715 0.00396514 0.00231982 0.00129789 0.000692722 0.000351976 0.000169991 7.79636e-05 3.39437e-05 1.40315e-05 5.51041e-06 2.05771e-06 7.31458e-07 2.47823e-07 8.01338e-08 2.47631e-08 7.32314e-09 2.07529e-09 5.64301e-10 1.47416e-10 3.70424e-11 8.96353e-12 2.09103e-12 4.70756e-13 1.02381e-13 2.15296e-14 4.38167e-15 8.63769e-16 1.65067e-16 3.0603e-17 5.50859e-18 9.66186e-19 
4.92039e-19 3.56731e-19 1.83402e-18 1.15027e-17 7.02185e-17 4.14251e-16 2.3594e-15 1.29623e-14 6.86281e-14 3.49815e-13 1.71493e-12 8.07717e-12 3.65074e-11 1.5816e-10 6.55936e-10 2.60082e-09 9.84574e-09 3.55356e-08 1.22102e-07 3.98825e-07 1.23651e-06 3.63361e-06 1.01066e-05 2.65746e-05 6.59917e-05 0.000154664 0.000342046 0.000714099 0.00140897 0.00263232 0.00466874 0.00788551 0.0127245 0.0196769 0.0292338 0.0418141 0.0576808 0.0768696 0.0991459 0.123997 0.150652 0.178115 0.205211 0.230658 0.253211 0.271895 0.286233 0.296334 0.30276 0.306239 0.307349 0.306298 0.302844 0.296386 0.286192 0.27173 0.25294 0.230345 0.204935 0.17794 0.150616 0.124115 0.0994132 0.0772661 0.0581727 0.0423589 0.0297863 0.0201958 0.0131789 0.00825792 0.00495538 0.00283973 0.00155002 0.000804157 0.000395953 0.000184884 8.18528e-05 3.43711e-05 1.36994e-05 5.18804e-06 1.86909e-06 6.41446e-07 2.09991e-07 6.56698e-08 1.96454e-08 5.62969e-09 1.54743e-09 4.08501e-10 1.03696e-10 2.53411e-11 5.96847e-12 1.35623e-12 2.97626e-13 6.3138e-14 1.29594e-14 2.57589e-15 4.96219e-16 9.27174e-17 1.68164e-17 2.97185e-18 
1.47545e-18 1.11384e-18 5.73727e-18 3.56707e-17 2.1575e-16 1.2607e-15 7.10979e-15 3.86629e-14 2.02543e-13 1.02116e-12 4.94959e-12 2.30395e-11 1.02875e-10 4.40098e-10 1.80157e-09 7.04758e-09 2.631e-08 9.35993e-08 3.16853e-07 1.01911e-06 3.1096e-06 8.98787e-06 2.45727e-05 6.34635e-05 0.000154664 0.000355388 0.000769697 0.00157162 0.00302836 0.00551673 0.00952569 0.015641 0.0245099 0.0367834 0.0530327 0.0736421 0.0987038 0.127947 0.16073 0.196087 0.232807 0.269521 0.304781 0.337135 0.36527 0.388236 0.405666 0.417847 0.425553 0.429708 0.431027 0.429761 0.425615 0.417843 0.405517 0.387895 0.364751 0.336505 0.304133 0.268937 0.23235 0.195803 0.160647 0.128072 0.0990215 0.0741159 0.0536076 0.0373963 0.0251017 0.0161669 0.00995973 0.00585079 0.00326846 0.00173269 0.000870467 0.000414157 0.000186619 7.96794e-05 3.2264e-05 1.24042e-05 4.53388e-06 1.57772e-06 5.23453e-07 1.65823e-07 5.02287e-08 1.45681e-08 4.05119e-09 1.08156e-09 2.77548e-10 6.85429e-11 1.63082e-11 3.74228e-12 8.29066e-13 1.77495e-13 3.67558e-14 7.36864e-15 1.4313e-15 2.6959e-16 4.92778e-17 8.77599e-18 
4.24872e-18 3.33703e-18 1.72084e-17 1.06049e-16 6.3544e-16 3.67715e-15 2.05292e-14 1.10472e-13 5.72453e-13 2.85358e-12 1.36692e-11 6.28513e-11 2.77077e-10 1.16969e-09 4.72252e-09 1.82109e-08 6.69792e-08 2.34628e-07 7.81639e-07 2.47264e-06 7.41613e-06 2.10569e-05 5.65155e-05 0.000143187 0.000342046 0.000769697 0.00163081 0.00325366 0.00611764 0.0108583 0.0182396 0.0290935 0.0442359 0.0643685 0.089966 0.121156 0.15762 0.198561 0.242765 0.288735 0.334843 0.379466 0.421074 0.458285 0.489966 0.5154 0.534466 0.547672 0.555975 0.560435 0.561845 0.560486 0.556031 0.547649 0.534274 0.514981 0.489316 0.457457 0.420147 0.378522 0.333953 0.287969 0.242189 0.198227 0.157558 0.121361 0.0903961 0.0649527 0.0448916 0.0297441 0.0188265 0.0113454 0.00649146 0.00351921 0.0018055 0.00087618 0.000402259 0.000174831 7.20048e-05 2.81369e-05 1.04463e-05 3.6902e-06 1.24218e-06 3.99032e-07 1.22504e-07 3.5993e-08 1.01346e-08 2.73827e-09 7.10842e-10 1.77505e-10 4.2686e-11 9.89616e-12 2.21412e-12 4.7854e-13 1.00005e-13 2.02257e-14 3.96212e-15 7.524e-16 1.3862e-16 2.4881e-17 
1.17465e-17 9.58938e-18 4.94743e-17 3.02197e-16 1.79375e-15 1.02787e-14 5.68016e-14 3.02425e-13 1.5498e-12 7.63629e-12 3.61381e-11 1.6407e-10 7.13763e-10 2.97168e-09 1.18253e-08 4.49154e-08 1.6261e-07 5.60322e-07 1.83495e-06 5.70223e-06 1.67893e-05 4.67652e-05 0.000123046 0.000305392 0.000714099 0.00157162 0.00325366 0.00633606 0.011614 0.0200693 0.0327753 0.0507568 0.0748411 0.10553 0.142897 0.186508 0.235384 0.288044 0.342663 0.397298 0.450091 0.499425 0.543974 0.582713 0.614932 0.640325 0.659098 0.671972 0.680014 0.684315 0.685676 0.684374 0.680087 0.671985 0.658962 0.639975 0.614346 0.581913 0.543003 0.498331 0.448931 0.396142 0.341602 0.287176 0.234796 0.186254 0.142977 0.105896 0.0754107 0.0514337 0.0334683 0.0207044 0.0121426 0.00673807 0.00353393 0.00175123 0.000820196 0.000363342 0.000152408 6.06118e-05 2.28866e-05 8.21724e-06 2.80958e-06 9.16168e-07 2.8534e-07 8.5e-08 2.42516e-08 6.63592e-09 1.74361e-09 4.40467e-10 1.07101e-10 2.50943e-11 5.6717e-12 1.23779e-12 2.61092e-13 5.32786e-14 1.0527e-14 2.01561e-15 3.74313e-16 6.77154e-17 
3.11691e-17 2.64181e-17 1.36285e-16 8.25105e-16 4.85169e-15 2.753e-14 1.50584e-13 7.932e-13 4.01947e-12 1.95735e-11 9.14944e-11 4.10046e-10 1.75974e-09 7.22249e-09 2.83121e-08 1.05853e-07 3.76934e-07 1.2765e-06 4.10508e-06 1.25172e-05 3.61335e-05 9.85988e-05 0.000253951 0.000616508 0.00140897 0.00302836 0.00611764 0.011614 0.0207327 0.0348523 0.055304 0.0831202 0.118826 0.162335 0.212937 0.269342 0.329764 0.392063 0.453985 0.513422 0.568632 0.618333 0.6617 0.698283 0.727941 0.750844 0.767517 0.778826 0.785838 0.789575 0.79076 0.789645 0.785946 0.778912 0.76751 0.750685 0.727594 0.697737 0.660951 0.617382 0.567492 0.512137 0.452636 0.390769 0.328656 0.268537 0.212502 0.162278 0.119104 0.0836517 0.0559865 0.0355771 0.021405 0.0121704 0.00653311 0.00331031 0.00158387 0.000716196 0.000306405 0.000124189 4.77547e-05 1.74478e-05 6.06614e-06 2.00993e-06 6.356e-07 1.92109e-07 5.55743e-08 1.54082e-08 4.09957e-09 1.04804e-09 2.57742e-10 6.10462e-11 1.39402e-11 3.07236e-12 6.54177e-13 1.34695e-13 2.68433e-14 5.18228e-15 9.70044e-16 1.76866e-16 
7.93446e-17 6.97337e-17 3.59518e-16 2.15757e-15 1.25688e-14 7.06274e-14 3.82399e-13 1.99287e-12 9.98607e-12 4.80591e-11 2.21877e-10 9.8146e-10 4.15432e-09 1.68042e-08 6.48674e-08 2.38622e-07 8.35287e-07 2.77812e-06 8.76591e-06 2.62005e-05 7.40668e-05 0.000197737 0.000497824 0.00118032 0.00263232 0.00551673 0.0108583 0.0200693 0.0348523 0.0569464 0.0877545 0.127975 0.177384 0.234854 0.298548 0.366176 0.435223 0.503171 0.567733 0.627074 0.679951 0.725718 0.764225 0.795671 0.820469 0.839196 0.8526 0.861581 0.867105 0.870037 0.870971 0.870115 0.867242 0.86174 0.852734 0.839262 0.82043 0.795495 0.763874 0.725148 0.679126 0.625985 0.56642 0.50173 0.43379 0.364899 0.297555 0.234229 0.177165 0.128147 0.0882464 0.0576395 0.0356088 0.0207692 0.0114264 0.00592872 0.00290235 0.00134165 0.000586288 0.000242511 9.50854e-05 3.53916e-05 1.2524e-05 4.21988e-06 1.35586e-06 4.16033e-07 1.22083e-07 3.43082e-08 9.2457e-09 2.39243e-09 5.95158e-10 1.42506e-10 3.28805e-11 7.31834e-12 1.57292e-12 3.26774e-13 6.56813e-14 1.27844e-14 2.4119e-15 4.43184e-16 
1.93673e-16 1.76258e-16 9.07728e-16 5.40045e-15 3.11713e-14 1.7348e-13 9.29843e-13 4.79483e-12 2.37605e-11 1.13018e-10 5.15366e-10 2.25011e-09 9.39354e-09 3.74447e-08 1.42318e-07 5.14987e-07 1.77149e-06 5.7838e-06 1.78955e-05 5.23908e-05 0.000144903 0.000378064 0.000929196 0.00214855 0.00466874 0.00952569 0.0182396 0.0327753 0.055304 0.0877545 0.13126 0.185717 0.249668 0.320573 0.39532 0.470735 0.543928 0.612491 0.674617 0.729183 0.775739 0.814412 0.845733 0.870445 0.889364 0.903311 0.913109 0.919587 0.923535 0.925621 0.926291 0.925699 0.923681 0.919785 0.913338 0.903548 0.889583 0.870612 0.845798 0.81431 0.775396 0.728542 0.673659 0.611249 0.542492 0.46923 0.393892 0.319369 0.248827 0.185336 0.131356 0.0882453 0.0560337 0.0335681 0.0189547 0.0100864 0.00505978 0.00239464 0.00107033 0.000452379 0.000181049 6.87123e-05 2.47669e-05 8.49123e-06 2.7733e-06 8.64179e-07 2.57297e-07 7.33022e-08 2.00104e-08 5.24122e-09 1.3189e-09 3.1925e-10 7.44222e-11 1.6727e-11 3.62864e-12 7.60545e-13 1.54165e-13 3.02501e-14 5.75132e-15 1.06492e-15 
4.53064e-16 4.26337e-16 2.19234e-15 1.29321e-14 7.39696e-14 4.0778e-13 2.16405e-12 1.10433e-11 5.41266e-11 2.54492e-10 1.14639e-09 4.9408e-09 2.03453e-08 7.99278e-08 2.99117e-07 1.06467e-06 3.59859e-06 1.15314e-05 3.49757e-05 0.000100249 0.00027111 0.000690736 0.00165571 0.00372936 0.00788551 0.015641 0.0290935 0.0507568 0.0831202 0.127975 0.185717 0.254946 0.332596 0.414586 0.496689 0.575256 0.647566 0.711874 0.767308 0.813732 0.851589 0.881721 0.90517 0.923016 0.936255 0.945764 0.952311 0.956576 0.95915 0.960503 0.960941 0.960569 0.959282 0.956772 0.952568 0.946076 0.936613 0.923399 0.90554 0.882013 0.851725 0.813627 0.766892 0.711109 0.646455 0.573848 0.495086 0.412952 0.331151 0.253914 0.185248 0.128081 0.0836753 0.051551 0.0299186 0.0163514 0.0084173 0.00408379 0.00186912 0.000807988 0.00033033 0.000127909 4.69815e-05 1.63949e-05 5.44423e-06 1.72303e-06 5.20535e-07 1.50338e-07 4.157e-08 1.10205e-08 2.80494e-09 6.86289e-10 1.61618e-10 3.66764e-11 8.02941e-12 1.69763e-12 3.46981e-13 6.86262e-14 1.31471e-14 2.45271e-15 
1.01526e-15 9.86305e-16 5.06234e-15 2.96117e-14 1.67873e-13 9.16865e-13 4.81844e-12 2.43378e-11 1.18006e-10 5.48556e-10 2.44146e-09 1.03891e-08 4.22053e-08 1.63437e-07 6.02334e-07 2.10918e-06 7.00559e-06 2.2034e-05 6.55108e-05 0.000183812 0.000485925 0.00120848 0.0028235 0.00619036 0.0127245 0.0245099 0.0442359 0.0748411 0.118826 0.177384 0.249668 0.332596 0.42138 0.510609 0.595421 0.672296 0.739259 0.795659 0.84179 0.87854 0.907126 0.928888 0.945136 0.957042 0.965587 0.971556 0.975576 0.978153 0.979692 0.980496 0.980759 0.980546 0.979795 0.978315 0.975804 0.971857 0.965965 0.957495 0.945644 0.929411 0.907604 0.878892 0.841924 0.795482 0.738686 0.671272 0.593954 0.508813 0.419499 0.330954 0.248561 0.176964 0.119052 0.0755139 0.0450998 0.0253462 0.0134039 0.00667298 0.00312989 0.00138464 0.000578519 0.000228617 8.55844e-05 3.0401e-05 1.02639e-05 3.29903e-06 1.01117e-06 2.96017e-07 8.28964e-08 2.22397e-08 5.72419e-09 1.41542e-09 3.36668e-10 7.71261e-11 1.7037e-11 3.63291e-12 7.48595e-13 1.49211e-13 2.87986e-14 5.41242e-15 
2.17837e-15 2.18123e-15 1.11707e-14 6.4807e-14 3.64211e-13 1.97114e-12 1.02604e-11 5.13069e-11 2.46152e-10 1.13154e-09 4.97704e-09 2.09154e-08 8.38464e-08 3.20132e-07 1.16217e-06 4.00454e-06 1.3074e-05 4.0369e-05 0.000117676 0.000323265 0.000835438 0.00202802 0.00461774 0.00985149 0.0196769 0.0367834 0.0643685 0.10553 0.162335 0.234854 0.320573 0.414586 0.510609 0.602444 0.685281 0.756357 0.814871 0.861445 0.897496 0.924744 0.944912 0.959568 0.970047 0.977429 0.982544 0.986013 0.988295 0.989732 0.990579 0.99102 0.991165 0.991053 0.990651 0.989848 0.988467 0.986253 0.982864 0.97784 0.970551 0.960152 0.945547 0.925375 0.898042 0.861794 0.81488 0.755878 0.684207 0.600788 0.508567 0.412514 0.31888 0.233845 0.162103 0.105945 0.0651695 0.0376923 0.0204911 0.0104731 0.0050359 0.00228045 0.000973809 0.000392733 0.000149832 5.41687e-05 1.85904e-05 6.06728e-06 1.88631e-06 5.59605e-07 1.58675e-07 4.30696e-08 1.12079e-08 2.80017e-09 6.72575e-10 1.55508e-10 3.46537e-11 7.45126e-12 1.54763e-12 3.10823e-13 6.04274e-14 1.14389e-14 
4.47332e-15 4.60905e-15 2.3546e-14 1.35511e-13 7.55124e-13 4.05062e-12 2.0889e-11 1.03436e-10 4.91146e-10 2.23328e-09 9.7103e-09 4.03103e-08 1.59511e-07 6.00659e-07 2.14862e-06 7.28779e-06 2.33949e-05 7.09421e-05 0.000202822 0.000545681 0.00137908 0.00326855 0.00725461 0.0150622 0.0292338 0.0530327 0.089966 0.142897 0.212937 0.298548 0.39532 0.496689 0.595421 0.685281 0.762222 0.824715 0.873307 0.9098 0.936467 0.955533 0.968924 0.978189 0.984519 0.988796 0.991653 0.99353 0.994734 0.995477 0.99591 0.996133 0.996207 0.996153 0.995954 0.995551 0.994848 0.993696 0.991886 0.989113 0.984934 0.978713 0.969557 0.956256 0.937229 0.910505 0.8738 0.824792 0.761682 0.684018 0.593519 0.494456 0.393206 0.296984 0.212173 0.142929 0.0905823 0.0539316 0.0301458 0.0158193 0.00779768 0.003614 0.001577 0.00064891 0.00025223 9.27816e-05 3.23587e-05 1.072e-05 3.37962e-06 1.01575e-06 2.91537e-07 8.00402e-08 2.10528e-08 5.31312e-09 1.28836e-09 3.00579e-10 6.75552e-11 1.4644e-11 3.06512e-12 6.2014e-13 1.21415e-13 2.31454e-14 
