2.7273e-38 5.35276e-39 1.58522e-38 1.37494e-37 1.18354e-36 9.82674e-36 7.86189e-35 6.05691e-34 4.49045e-33 3.20138e-32 2.19322e-31 1.4428e-30 9.10721e-30 5.5119e-29 3.19625e-28 1.77461e-27 9.42788e-27 4.78987e-26 2.32609e-25 1.07935e-24 4.78436e-24 2.02566e-23 8.19209e-23 3.16483e-22 1.16813e-21 4.11967e-21 1.38822e-20 4.46885e-20 1.37375e-19 4.0303e-19 1.12767e-18 3.00692e-18 7.63579e-18 1.84551e-17 4.24308e-17 9.27555e-17 1.92692e-16 3.80148e-16 7.11463e-16 1.26103e-15 2.11125e-15 3.32737e-15 4.91839e-15 6.80085e-15 8.79539e-15 1.06753e-14 1.2247e-14 1.34126e-14 1.41774e-14 1.46108e-14 1.479e-14 1.47573e-14 1.44993e-14 1.39519e-14 1.30317e-14 1.169e-14 9.96706e-15 8.01205e-15 6.04422e-15 4.27465e-15 2.8389e-15 1.776e-15 1.05016e-15 5.88668e-16 3.13518e-16 1.58902e-16 7.67305e-17 3.53315e-17 1.55251e-17 6.51459e-18 2.61234e-18 1.00182e-18 3.67724e-19 1.29293e-19 4.35793e-20 1.40909e-20 4.37312e-21 1.30324e-21 3.7306e-22 1.02601e-22 2.71163e-23 6.88807e-24 1.68211e-24 3.95027e-25 8.9241e-26 1.94023e-26 4.0617e-27 8.1915e-28 1.59251e-28 2.98632e-29 5.40523e-30 9.44955e-31 1.5967e-31 2.60945e-32 4.12749e-33 6.32303e-34 9.38762e-35 1.35163e-35 1.88844e-36 2.56444e-37 
5.35276e-39 1.07522e-39 3.52696e-39 3.17274e-38 2.82271e-37 2.42408e-36 2.00765e-35 1.60258e-34 1.23215e-33 9.1186e-33 6.49103e-32 4.44131e-31 2.91883e-30 1.84117e-29 1.11393e-28 6.45946e-28 3.58781e-27 1.90764e-26 9.70438e-26 4.7212e-25 2.19583e-24 9.7612e-24 4.14661e-23 1.68316e-22 6.52762e-22 2.41835e-21 8.55661e-21 2.89009e-20 9.31269e-20 2.86056e-19 8.36859e-19 2.32963e-18 6.16588e-18 1.55045e-17 3.70166e-17 8.38609e-17 1.80169e-16 3.66808e-16 7.06926e-16 1.28745e-15 2.20958e-15 3.55987e-15 5.36083e-15 7.52043e-15 9.82234e-15 1.19869e-14 1.37779e-14 1.5083e-14 1.59202e-14 1.63828e-14 1.65689e-14 1.65303e-14 1.62497e-14 1.5646e-14 1.46115e-14 1.3078e-14 1.10888e-14 8.82706e-15 6.56434e-15 4.55707e-15 2.96007e-15 1.80585e-15 1.03875e-15 5.65172e-16 2.9155e-16 1.4283e-16 6.6529e-17 2.94916e-17 1.24519e-17 5.01155e-18 1.92426e-18 7.05499e-19 2.47217e-19 8.28757e-20 2.66044e-20 8.18528e-21 2.41546e-21 6.84122e-22 1.86066e-22 4.86181e-23 1.22096e-23 2.94817e-24 6.84738e-25 1.53041e-25 3.2932e-26 6.82631e-27 1.36385e-27 2.62802e-28 4.88722e-29 8.77732e-30 1.52347e-30 2.5573e-31 4.15448e-32 6.53645e-33 9.96687e-34 1.47388e-34 2.11514e-35 2.9476e-36 3.99136e-37 5.26085e-38 
1.58522e-38 3.52696e-39 1.51764e-38 1.41442e-37 1.29066e-36 1.13573e-35 9.63044e-35 7.8642e-34 6.18046e-33 4.67145e-32 3.39343e-31 2.36739e-30 1.58497e-29 1.01758e-28 6.26021e-28 3.68777e-27 2.07871e-26 1.12046e-25 5.77199e-25 2.84033e-24 1.33463e-23 5.98661e-23 2.56307e-22 1.04727e-21 4.08368e-21 1.51952e-20 5.39439e-20 1.82649e-19 5.89519e-19 1.8125e-18 5.30396e-18 1.47603e-17 3.90318e-17 9.80113e-17 2.33572e-16 5.27992e-16 1.13154e-15 2.29761e-15 4.41607e-15 8.02164e-15 1.37347e-14 2.20835e-14 3.31989e-14 4.65035e-14 6.06522e-14 7.39163e-14 8.48473e-14 9.27736e-14 9.78289e-14 1.00603e-13 1.01705e-13 1.01451e-13 9.9727e-14 9.60264e-14 8.96763e-14 8.02505e-14 6.80167e-14 5.41094e-14 4.02098e-14 2.78964e-14 1.81131e-14 1.10495e-14 6.35707e-15 3.46004e-15 1.78551e-15 8.74869e-16 4.07458e-16 1.80525e-16 7.6142e-17 3.05949e-17 1.17203e-17 4.28399e-18 1.49541e-18 4.98953e-19 1.59264e-19 4.86708e-20 1.42493e-20 3.9987e-21 1.07604e-21 2.77766e-22 6.88026e-23 1.63587e-23 3.73477e-24 8.19081e-25 1.72639e-25 3.49887e-26 6.82245e-27 1.2807e-27 2.31595e-28 4.03723e-29 6.78904e-30 1.10207e-30 1.72818e-31 2.61968e-32 3.84136e-33 5.45241e-34 7.49622e-35 9.98901e-36 1.29091e-36 1.62062e-37 
1.37494e-37 3.17274e-38 1.41442e-37 1.30993e-36 1.18678e-35 1.03696e-34 8.73167e-34 7.08106e-33 5.52687e-32 4.14893e-31 2.99335e-30 2.07403e-29 1.37904e-28 8.79242e-28 5.37116e-27 3.14143e-26 1.75779e-25 9.40359e-25 4.8066e-24 2.34625e-23 1.09326e-22 4.86141e-22 2.06259e-21 8.34918e-21 3.22441e-20 1.18802e-19 4.17566e-19 1.39972e-18 4.47282e-18 1.36164e-17 3.94589e-17 1.08759e-16 2.84899e-16 7.08805e-16 1.67394e-15 3.75078e-15 7.97025e-15 1.60525e-14 3.06169e-14 5.52201e-14 9.39446e-14 1.50212e-13 2.24772e-13 3.13675e-13 4.07925e-13 4.96053e-13 5.68519e-13 6.20961e-13 6.54346e-13 6.72622e-13 6.7983e-13 6.78039e-13 6.66463e-13 6.4171e-13 5.99305e-13 5.36433e-13 4.549e-13 3.62258e-13 2.6966e-13 1.87557e-13 1.22201e-13 7.48698e-14 4.32964e-14 2.37021e-14 1.23085e-14 6.07152e-15 2.84766e-15 1.27089e-15 5.40064e-16 2.18674e-16 8.44267e-17 3.11059e-17 1.09461e-17 3.68224e-18 1.18509e-18 3.65162e-19 1.07788e-19 3.04934e-20 8.27075e-21 2.15138e-21 5.3684e-22 1.28547e-22 2.9547e-23 6.52206e-24 1.38318e-24 2.8199e-25 5.52974e-26 1.04369e-26 1.89729e-27 3.32419e-28 5.61749e-29 9.16246e-30 1.44346e-30 2.198e-31 3.23728e-32 4.6148e-33 6.37134e-34 8.52492e-35 1.1061e-35 1.39402e-36 
1.18354e-36 2.82271e-37 1.29066e-36 1.18678e-35 1.06697e-34 9.2524e-34 7.73287e-33 6.22487e-32 4.82313e-31 3.5944e-30 2.57453e-29 1.77096e-28 1.169e-27 7.39883e-27 4.48649e-26 2.60434e-25 1.44611e-24 7.67544e-24 3.89152e-23 1.88368e-22 8.70102e-22 3.83418e-21 1.61151e-20 6.45994e-20 2.46982e-19 9.00667e-19 3.1327e-18 1.0391e-17 3.28573e-17 9.89895e-17 2.83929e-16 7.74717e-16 2.00935e-15 4.95067e-15 1.15809e-14 2.57103e-14 5.4147e-14 1.08125e-13 2.04565e-13 3.66193e-13 6.18798e-13 9.83618e-13 1.46463e-12 2.03587e-12 2.63948e-12 3.20236e-12 3.66415e-12 3.99768e-12 4.20961e-12 4.32535e-12 4.37065e-12 4.35855e-12 4.28382e-12 4.12463e-12 3.85239e-12 3.44922e-12 2.92683e-12 2.33351e-12 1.74035e-12 1.21387e-12 7.93869e-13 4.88678e-13 2.84162e-13 1.56529e-13 8.18338e-14 4.06566e-14 1.9212e-14 8.64093e-15 3.70137e-15 1.51098e-15 5.88248e-16 2.18579e-16 7.75841e-17 2.63281e-17 8.54838e-18 2.65735e-18 7.91293e-19 2.25795e-19 6.17603e-20 1.61968e-20 4.07362e-21 9.82855e-22 2.27566e-22 5.05849e-23 1.08005e-23 2.21629e-24 4.37358e-25 8.30559e-26 1.51891e-26 2.67694e-27 4.54996e-28 7.46384e-29 1.18255e-29 1.81091e-30 2.68222e-31 3.84517e-32 5.33885e-33 7.18409e-34 9.37467e-35 1.18832e-35 
9.82674e-36 2.42408e-36 1.13573e-35 1.03696e-34 9.2524e-34 7.96358e-33 6.60675e-32 5.27965e-31 4.06123e-30 3.00487e-29 2.13686e-28 1.45937e-27 9.56395e-27 6.00935e-26 3.61719e-25 2.08405e-24 1.14837e-23 6.04736e-23 3.04125e-22 1.45975e-21 6.68394e-21 2.91853e-20 1.21503e-19 4.82251e-19 1.82494e-18 6.585e-18 2.26583e-17 7.43428e-17 2.3253e-16 6.93003e-16 1.9666e-15 5.30985e-15 1.36303e-14 3.3244e-14 7.6999e-14 1.693e-13 3.53239e-13 6.99096e-13 1.3115e-12 2.32934e-12 3.90833e-12 6.17426e-12 9.14618e-12 1.26605e-11 1.63613e-11 1.98027e-11 2.26192e-11 2.46492e-11 2.59365e-11 2.66378e-11 2.69101e-11 2.6832e-11 2.63701e-11 2.53903e-11 2.37173e-11 2.12424e-11 1.80383e-11 1.44004e-11 1.07625e-11 7.52948e-12 4.94428e-12 3.05885e-12 1.78916e-12 9.92029e-13 5.22331e-13 2.61464e-13 1.24529e-13 5.64664e-14 2.43906e-14 1.00422e-14 3.94381e-15 1.47848e-15 5.29534e-16 1.81343e-16 5.94217e-17 1.86415e-17 5.60139e-18 1.61258e-18 4.44893e-19 1.17648e-19 2.98268e-20 7.25173e-21 1.69139e-21 3.78624e-22 8.13884e-23 1.681e-23 3.33818e-24 6.37818e-25 1.1734e-25 2.08013e-26 3.55597e-27 5.86653e-28 9.34731e-29 1.43945e-29 2.144e-30 3.09083e-31 4.31562e-32 5.84001e-33 7.66405e-34 9.77059e-35 
7.86189e-35 2.00765e-35 9.63044e-35 8.73167e-34 7.73287e-33 6.60675e-32 5.44125e-31 4.31695e-30 3.29697e-29 2.42205e-28 1.71017e-27 1.15966e-26 7.54547e-26 4.70689e-25 2.8125e-24 1.60836e-23 8.79501e-23 4.59515e-22 2.29219e-21 1.09094e-20 4.95134e-20 2.14213e-19 8.83229e-19 3.47039e-18 1.29955e-17 4.63863e-17 1.57846e-16 5.12091e-16 1.58369e-15 4.66696e-15 1.30972e-14 3.49767e-14 8.88219e-14 2.14352e-13 4.91361e-13 1.06952e-12 2.20983e-12 4.33269e-12 8.05627e-12 1.41911e-11 2.36339e-11 3.70936e-11 5.4649e-11 7.53155e-11 9.69998e-11 1.17104e-10 1.33517e-10 1.4532e-10 1.52789e-10 1.56847e-10 1.58409e-10 1.57928e-10 1.55201e-10 1.49438e-10 1.39614e-10 1.25097e-10 1.06316e-10 8.49991e-11 6.36724e-11 4.46931e-11 2.94765e-11 1.83344e-11 1.07913e-11 6.02517e-12 3.19632e-12 1.61274e-12 7.74496e-13 3.54206e-13 1.54348e-13 6.41217e-14 2.54133e-14 9.61613e-15 3.47677e-15 1.20204e-15 3.97659e-16 1.25942e-16 3.81981e-17 1.10975e-17 3.08876e-18 8.2374e-19 2.10537e-19 5.15843e-20 1.21205e-20 2.73241e-21 5.9133e-22 1.22929e-22 2.45651e-23 4.72221e-24 8.7392e-25 1.55825e-25 2.67908e-26 4.44486e-27 7.12184e-28 1.10285e-28 1.65179e-29 2.39449e-30 3.36198e-31 4.57498e-32 6.03769e-33 7.74093e-34 
6.05691e-34 1.60258e-34 7.8642e-34 7.08106e-33 6.22487e-32 5.27965e-31 4.31695e-30 3.40052e-29 2.57865e-28 1.88097e-27 1.31875e-26 8.87915e-26 5.73624e-25 3.55257e-24 2.10728e-23 1.19611e-22 6.49087e-22 3.36468e-21 1.66474e-20 7.85605e-20 3.53398e-19 1.51474e-18 6.1846e-18 2.40522e-17 8.91063e-17 3.1453e-16 1.05808e-15 3.39278e-15 1.03696e-14 3.02009e-14 8.37737e-14 2.2117e-13 5.55348e-13 1.32544e-12 3.00551e-12 6.47306e-12 1.32382e-11 2.57013e-11 4.73456e-11 8.26781e-11 1.36612e-10 2.12943e-10 3.11914e-10 4.27873e-10 5.49077e-10 6.61097e-10 7.52304e-10 8.17741e-10 8.5906e-10 8.81445e-10 8.89988e-10 8.87168e-10 8.71811e-10 8.39483e-10 7.8446e-10 7.03241e-10 5.98235e-10 4.79068e-10 3.59782e-10 2.53452e-10 1.67953e-10 1.05073e-10 6.22584e-11 3.50191e-11 1.87259e-11 9.52808e-12 4.61594e-12 2.13018e-12 9.3687e-13 3.92902e-13 1.57223e-13 6.00763e-14 2.19371e-14 7.66048e-15 2.55965e-15 8.18698e-16 2.50722e-16 7.35267e-17 2.065e-17 5.55481e-18 1.43143e-18 3.53466e-19 8.36707e-20 1.89961e-20 4.13889e-21 8.66012e-22 1.74143e-22 3.36795e-23 6.26985e-24 1.12443e-24 1.94424e-25 3.24384e-26 5.22647e-27 8.13832e-28 1.22565e-28 1.78656e-29 2.52229e-30 3.4514e-31 4.58031e-32 5.90553e-33 
4.49045e-33 1.23215e-33 6.18046e-33 5.52687e-32 4.82313e-31 4.06123e-30 3.29697e-29 2.57865e-28 1.94163e-27 1.40634e-26 9.7906e-26 6.54551e-25 4.19861e-24 2.58161e-23 1.52018e-22 8.56447e-22 4.61215e-21 2.37197e-20 1.16399e-19 5.44618e-19 2.42805e-18 1.03094e-17 4.16767e-17 1.60395e-16 5.87722e-16 2.0509e-15 6.81789e-15 2.15979e-14 6.52053e-14 1.87587e-13 5.14033e-13 1.34086e-12 3.32719e-12 7.84912e-12 1.75965e-11 3.74789e-11 7.58269e-11 1.45697e-10 2.65768e-10 4.59865e-10 7.5355e-10 1.16605e-09 1.69754e-09 2.31712e-09 2.96212e-09 3.55626e-09 4.03865e-09 4.38389e-09 4.60138e-09 4.71886e-09 4.76328e-09 4.74757e-09 4.66526e-09 4.49264e-09 4.19931e-09 3.76674e-09 3.20783e-09 2.57358e-09 1.93823e-09 1.37082e-09 9.1307e-10 5.74797e-10 3.43029e-10 1.94476e-10 1.04877e-10 5.38412e-11 2.63266e-11 1.22659e-11 5.44761e-12 2.30749e-12 9.32783e-13 3.60117e-13 1.32877e-13 4.68893e-14 1.58316e-14 5.11598e-15 1.58249e-15 4.6858e-16 1.32821e-16 3.60435e-17 9.36572e-18 2.33099e-18 5.55914e-19 1.27111e-19 2.78831e-20 5.87217e-21 1.18822e-21 2.31199e-22 4.3295e-23 7.80942e-24 1.35799e-24 2.27843e-25 3.69141e-26 5.77976e-27 8.75235e-28 1.2828e-28 1.82106e-29 2.50563e-30 3.34366e-31 4.33525e-32 
3.20138e-32 9.1186e-33 4.67145e-32 4.14893e-31 3.5944e-30 3.00487e-29 2.42205e-28 1.88097e-27 1.40634e-26 1.01148e-25 6.99227e-25 4.64174e-24 2.95628e-23 1.80468e-22 1.05492e-21 5.89891e-21 3.15235e-20 1.60838e-19 7.82788e-19 3.63112e-18 1.60425e-17 6.74687e-17 2.70009e-16 1.02812e-15 3.72509e-15 1.28464e-14 4.2185e-14 1.31958e-13 3.93308e-13 1.11701e-12 3.0219e-12 7.78346e-12 1.90747e-11 4.4451e-11 9.84629e-11 2.07272e-10 4.14607e-10 7.87973e-10 1.42249e-09 2.43758e-09 3.95915e-09 6.07902e-09 8.79219e-09 1.1938e-08 1.51987e-08 1.81918e-08 2.06148e-08 2.23444e-08 2.34313e-08 2.40166e-08 2.42357e-08 2.41527e-08 2.37337e-08 2.28583e-08 2.1373e-08 1.91848e-08 1.63588e-08 1.31518e-08 9.93605e-09 7.05801e-09 4.72758e-09 2.99624e-09 1.80192e-09 1.03024e-09 5.60626e-10 2.90556e-10 1.43478e-10 6.75287e-11 3.03036e-11 1.29722e-11 5.30053e-12 2.06878e-12 7.71787e-13 2.75364e-13 9.39941e-14 3.07007e-14 9.59534e-15 2.86956e-15 8.2111e-16 2.24824e-16 5.89144e-17 1.47801e-17 3.5515e-18 8.17867e-19 1.80631e-19 3.82892e-20 7.79636e-21 1.52621e-21 2.87493e-22 5.21571e-23 9.12123e-24 1.53894e-24 2.50716e-25 3.94721e-26 6.01016e-27 8.85725e-28 1.26429e-28 1.74915e-29 2.3471e-30 3.06017e-31 
2.19322e-31 6.49103e-32 3.39343e-31 2.99335e-30 2.57453e-29 2.13686e-28 1.71017e-27 1.31875e-26 9.7906e-26 6.99227e-25 4.79968e-24 3.1637e-23 2.00058e-22 1.21245e-21 7.0353e-21 3.9045e-20 2.07046e-19 1.04796e-18 5.05808e-18 2.32595e-17 1.01825e-16 4.24113e-16 1.67997e-15 6.3276e-15 2.26634e-14 7.72133e-14 2.5035e-13 7.72888e-13 2.27292e-12 6.36838e-12 1.69978e-11 4.32003e-11 1.04486e-10 2.40364e-10 5.25719e-10 1.09305e-09 2.16028e-09 4.05839e-09 7.24611e-09 1.22896e-08 1.9774e-08 3.01112e-08 4.32466e-08 5.8389e-08 7.40126e-08 8.83003e-08 9.98301e-08 1.08038e-07 1.13183e-07 1.15944e-07 1.16967e-07 1.16552e-07 1.14531e-07 1.10326e-07 1.032e-07 9.27102e-08 7.91695e-08 6.37991e-08 4.83691e-08 3.45244e-08 2.32671e-08 1.48544e-08 9.00773e-09 5.19701e-09 2.85553e-09 1.495e-09 7.46027e-10 3.54925e-10 1.61036e-10 6.97132e-11 2.88119e-11 1.13759e-11 4.29357e-12 1.54977e-12 5.35096e-13 1.76734e-13 5.58331e-14 1.68689e-14 4.87386e-15 1.3467e-15 3.55929e-16 9.00147e-17 2.17943e-17 5.05514e-18 1.12411e-18 2.39844e-19 4.91445e-20 9.67919e-21 1.83409e-21 3.34672e-22 5.8861e-23 9.98689e-24 1.63607e-24 2.59003e-25 3.96539e-26 5.87601e-27 8.4336e-28 1.17324e-28 1.58304e-29 2.07553e-30 
1.4428e-30 4.44131e-31 2.36739e-30 2.07403e-29 1.77096e-28 1.45937e-27 1.15966e-26 8.87915e-26 6.54551e-25 4.64174e-24 3.1637e-23 2.07053e-22 1.29992e-21 7.82092e-21 4.50456e-20 2.48106e-19 1.3054e-18 6.55414e-18 3.13691e-17 1.42986e-16 6.20179e-16 2.55787e-15 1.00269e-14 3.73487e-14 1.32199e-13 4.44791e-13 1.42329e-12 4.33424e-12 1.25682e-11 3.47164e-11 9.13507e-11 2.28915e-10 5.46013e-10 1.239e-09 2.67375e-09 5.48659e-09 1.07061e-08 1.9867e-08 3.50586e-08 5.88107e-08 9.36814e-08 1.41396e-07 2.01558e-07 2.70483e-07 3.41249e-07 4.05707e-07 4.57551e-07 4.94351e-07 5.17354e-07 5.29659e-07 5.34168e-07 5.32211e-07 5.23003e-07 5.03907e-07 4.716e-07 4.2408e-07 3.62754e-07 2.93112e-07 2.23097e-07 1.60091e-07 1.08618e-07 6.98988e-08 4.27683e-08 2.49171e-08 1.38335e-08 7.32142e-09 3.69468e-09 1.77809e-09 8.16277e-10 3.57617e-10 1.49605e-10 5.97985e-11 2.28495e-11 8.34919e-12 2.91757e-12 9.74893e-13 3.11425e-13 9.50864e-14 2.77462e-14 7.738e-15 2.06298e-15 5.25994e-16 1.28333e-16 2.99827e-17 6.71328e-18 1.44182e-18 2.97306e-19 5.8915e-20 1.12304e-20 2.0612e-21 3.64596e-22 6.22105e-23 1.02485e-23 1.63144e-24 2.51161e-25 3.74235e-26 5.40097e-27 7.5552e-28 1.0251e-28 1.35155e-29 
9.10721e-30 2.91883e-30 1.58497e-29 1.37904e-28 1.169e-27 9.56395e-27 7.54547e-26 5.73624e-25 4.19861e-24 2.95628e-23 2.00058e-22 1.29992e-21 8.10203e-21 4.83877e-20 2.76611e-19 1.51188e-18 7.89211e-18 3.93015e-17 1.86508e-16 8.42574e-16 3.62029e-15 1.47832e-14 5.73373e-14 2.11162e-13 7.38415e-13 2.45258e-12 7.74163e-12 2.32408e-11 6.64063e-11 1.80698e-10 4.68366e-10 1.15624e-09 2.71745e-09 6.0774e-09 1.29293e-08 2.61634e-08 5.03645e-08 9.22443e-08 1.60759e-07 2.66528e-07 4.20021e-07 6.2794e-07 8.87915e-07 1.18376e-06 1.48591e-06 1.75995e-06 1.97959e-06 2.13502e-06 2.2319e-06 2.28354e-06 2.30225e-06 2.29357e-06 2.25403e-06 2.17235e-06 2.03433e-06 1.83146e-06 1.56968e-06 1.27222e-06 9.72618e-07 7.02079e-07 4.79877e-07 3.11507e-07 1.9246e-07 1.13315e-07 6.3616e-08 3.40632e-08 1.73974e-08 8.47626e-09 3.94039e-09 1.74849e-09 7.41002e-10 3.00084e-10 1.16175e-10 4.30025e-11 1.52175e-11 5.14681e-12 1.66315e-12 5.13332e-13 1.51316e-13 4.26004e-14 1.1458e-14 2.94563e-15 7.24268e-16 1.70455e-16 3.84318e-17 8.30905e-18 1.72432e-18 3.43814e-19 6.59329e-20 1.21726e-20 2.16562e-21 3.71628e-22 6.15679e-23 9.85594e-24 1.52581e-24 2.28618e-25 3.31784e-26 4.66716e-27 6.36798e-28 8.44348e-29 
5.5119e-29 1.84117e-29 1.01758e-28 8.79242e-28 7.39883e-27 6.00935e-26 4.70689e-25 3.55257e-24 2.58161e-23 1.80468e-22 1.21245e-21 7.82092e-21 4.83877e-20 2.86833e-19 1.62725e-18 8.82503e-18 4.56988e-17 2.2569e-16 1.06179e-15 4.75344e-15 2.02294e-14 8.17699e-14 3.13726e-13 1.14205e-12 3.94426e-12 1.29273e-11 4.02321e-11 1.18994e-10 3.34781e-10 8.96657e-10 2.2873e-09 5.55747e-09 1.28577e-08 2.8314e-08 5.9328e-08 1.18282e-07 2.24419e-07 4.05321e-07 6.97001e-07 1.14115e-06 1.7777e-06 2.63056e-06 3.68729e-06 4.88112e-06 6.09339e-06 7.18791e-06 8.06184e-06 8.67832e-06 9.06143e-06 9.26488e-06 9.33769e-06 9.30155e-06 9.14215e-06 8.81397e-06 8.26017e-06 7.44661e-06 6.39677e-06 5.20272e-06 3.99739e-06 2.9046e-06 2.00157e-06 1.31169e-06 8.19015e-07 4.87739e-07 2.77136e-07 1.50264e-07 7.77428e-08 3.83809e-08 1.8084e-08 8.1351e-09 3.49575e-09 1.43558e-09 5.63554e-10 2.1147e-10 7.58298e-11 2.59726e-11 8.49335e-12 2.65085e-12 7.89537e-13 2.24433e-13 6.09084e-14 1.57899e-14 3.91301e-15 9.27767e-16 2.10657e-16 4.5852e-17 9.57713e-18 1.92159e-18 3.70756e-19 6.88585e-20 1.23226e-20 2.12686e-21 3.54381e-22 5.70535e-23 8.88264e-24 1.33845e-24 1.95343e-25 2.76344e-26 3.79193e-27 5.05662e-28 
3.19625e-28 1.11393e-28 6.26021e-28 5.37116e-27 4.48649e-26 3.61719e-25 2.8125e-24 2.10728e-23 1.52018e-22 1.05492e-21 7.0353e-21 4.50456e-20 2.76611e-19 1.62725e-18 9.1603e-18 4.92853e-17 2.53135e-16 1.23959e-15 5.78059e-15 2.56403e-14 1.08058e-13 4.32275e-13 1.64023e-12 5.90033e-12 2.01189e-11 6.50409e-11 1.99472e-10 5.80878e-10 1.60792e-09 4.23511e-09 1.06218e-08 2.53742e-08 5.77288e-08 1.25042e-07 2.5779e-07 5.05848e-07 9.44998e-07 1.68138e-06 2.85022e-06 4.60391e-06 7.08336e-06 1.03661e-05 1.43932e-05 1.89069e-05 2.34618e-05 2.75541e-05 3.08086e-05 3.30966e-05 3.4514e-05 3.52639e-05 3.55288e-05 3.53883e-05 3.47869e-05 3.3553e-05 3.14733e-05 2.84193e-05 2.44774e-05 1.99883e-05 1.54444e-05 1.13054e-05 7.86113e-06 5.20555e-06 3.28797e-06 1.98241e-06 1.14118e-06 6.27178e-07 3.29032e-07 1.64765e-07 7.87648e-08 3.59574e-08 1.5683e-08 6.53729e-09 2.60453e-09 9.91541e-10 3.60516e-10 1.25114e-10 4.14208e-11 1.30767e-11 3.93636e-12 1.13e-12 3.0948e-13 8.09152e-14 2.02127e-14 4.82862e-15 1.10425e-15 2.42003e-16 5.08813e-17 1.02744e-17 1.99471e-18 3.72725e-19 6.71008e-20 1.165e-20 1.9525e-21 3.16169e-22 4.95089e-23 7.50311e-24 1.10137e-24 1.56705e-25 2.1627e-26 2.90082e-27 
1.77461e-27 6.45946e-28 3.68777e-27 3.14143e-26 2.60434e-25 2.08405e-24 1.60836e-23 1.19611e-22 8.56447e-22 5.89891e-21 3.9045e-20 2.48106e-19 1.51188e-18 8.82503e-18 4.92853e-17 2.6302e-16 1.33963e-15 6.50346e-15 3.00549e-14 1.32055e-13 5.50997e-13 2.18094e-12 8.18201e-12 2.90762e-11 9.78501e-11 3.11884e-10 9.4207e-10 2.69928e-09 7.34548e-09 1.90081e-08 4.68215e-08 1.09846e-07 2.45464e-07 5.22356e-07 1.05834e-06 2.04165e-06 3.75123e-06 6.56784e-06 1.09634e-05 1.74533e-05 2.64943e-05 3.83095e-05 5.26467e-05 6.85764e-05 8.4543e-05 9.88119e-05 0.000110111 0.000118026 0.000122914 0.000125489 0.000126387 0.000125878 0.000123763 0.000119439 0.000112158 0.000101469 8.76648e-05 7.1918e-05 5.59256e-05 4.12776e-05 2.89905e-05 1.94181e-05 1.24203e-05 7.58996e-06 4.43136e-06 2.47133e-06 1.31615e-06 6.69262e-07 3.2497e-07 1.50724e-07 6.6799e-08 2.82931e-08 1.14511e-08 4.42639e-09 1.63297e-09 5.74508e-10 1.92635e-10 6.15356e-11 1.87259e-11 5.42984e-12 1.501e-12 3.95864e-13 9.96949e-14 2.39997e-14 5.52867e-15 1.22014e-15 2.5827e-16 5.24937e-17 1.02564e-17 1.92846e-18 3.49309e-19 6.10145e-20 1.02872e-20 1.67573e-21 2.63959e-22 4.02396e-23 5.94158e-24 8.5037e-25 1.18054e-25 1.59289e-26 
9.42788e-27 3.58781e-27 2.07871e-26 1.75779e-25 1.44611e-24 1.14837e-23 8.79501e-23 6.49087e-22 4.61215e-21 3.15235e-20 2.07046e-19 1.3054e-18 7.89211e-18 4.56988e-17 2.53135e-16 1.33963e-15 6.76447e-15 3.25477e-14 1.49025e-13 6.48447e-13 2.67803e-12 1.04853e-11 3.88812e-11 1.36452e-10 4.53039e-10 1.42305e-09 4.23121e-09 1.19204e-08 3.18628e-08 8.09253e-08 1.95551e-07 4.49984e-07 9.86376e-07 2.05955e-06 4.09564e-06 7.75752e-06 1.40008e-05 2.40923e-05 3.95535e-05 6.19861e-05 9.2736e-05 0.00013235 0.000179844 0.000232109 0.000284105 0.000330304 0.00036672 0.000392132 0.000407771 0.000415977 0.000418799 0.000417094 0.000410193 0.00039613 0.000372471 0.000337738 0.000292843 0.00024152 0.000189184 0.000140935 0.000100088 6.78903e-05 4.40265e-05 2.7302e-05 1.61869e-05 9.17186e-06 4.96482e-06 2.56688e-06 1.26761e-06 5.98082e-07 2.69667e-07 1.16191e-07 4.78201e-08 1.87846e-08 7.03621e-09 2.51089e-09 8.53047e-10 2.75817e-10 8.48738e-11 2.48644e-11 6.93912e-12 1.84638e-12 4.6888e-13 1.13766e-13 2.64047e-14 5.86936e-15 1.25102e-15 2.55986e-16 5.03446e-17 9.52706e-18 1.73661e-18 3.05235e-19 5.17823e-20 8.48692e-21 1.34502e-21 2.06292e-22 3.06453e-23 4.41265e-24 6.16319e-25 8.36675e-26 
4.78987e-26 1.90764e-26 1.12046e-25 9.40359e-25 7.67544e-24 6.04736e-23 4.59515e-22 3.36468e-21 2.37197e-20 1.60838e-19 1.04796e-18 6.55414e-18 3.93015e-17 2.2569e-16 1.23959e-15 6.50346e-15 3.25477e-14 1.55168e-13 7.03682e-13 3.03134e-12 1.23875e-11 4.79599e-11 1.75725e-10 6.08807e-10 1.99337e-09 6.16766e-09 1.80412e-08 4.99396e-08 1.31002e-07 3.26209e-07 7.72337e-07 1.7408e-06 3.73777e-06 7.64647e-06 1.49031e-05 2.76764e-05 4.89967e-05 8.27508e-05 0.000133438 0.000205589 0.000302753 0.00042596 0.000571721 0.000730418 0.000887001 0.00102525 0.00113368 0.00120904 0.00125525 0.0012794 0.00128758 0.00128231 0.00126152 0.00121928 0.00114827 0.001044 0.000909043 0.000754333 0.000595788 0.000448496 0.00032247 0.000221797 0.000146024 9.20171e-05 5.54766e-05 3.1982e-05 1.7621e-05 9.27589e-06 4.66541e-06 2.24238e-06 1.03e-06 4.52011e-07 1.89371e-07 7.56609e-08 2.87949e-08 1.04282e-08 3.59125e-09 1.17571e-09 3.65944e-10 1.08341e-10 3.0532e-11 8.19835e-12 2.09984e-12 5.13637e-13 1.20139e-13 2.69041e-14 5.77572e-15 1.19011e-15 2.35655e-16 4.48931e-17 8.2371e-18 1.4572e-18 2.488e-19 4.10376e-20 6.54494e-21 1.01017e-21 1.51008e-22 2.18806e-23 3.07528e-24 4.20117e-25 
2.32609e-25 9.70438e-26 5.77199e-25 4.8066e-24 3.89152e-23 3.04125e-22 2.29219e-21 1.66474e-20 1.16399e-19 7.82788e-19 5.05808e-18 3.13691e-17 1.86508e-16 1.06179e-15 5.78059e-15 3.00549e-14 1.49025e-13 7.03682e-13 3.15955e-12 1.34699e-11 5.44453e-11 2.08361e-10 7.54049e-10 2.57792e-09 8.32025e-09 2.53453e-08 7.2893e-08 1.98106e-07 5.09538e-07 1.2426e-06 2.87879e-06 6.34631e-06 1.33265e-05 2.66677e-05 5.08593e-05 9.24594e-05 0.000160311 0.000265329 0.000419609 0.000634664 0.000918669 0.00127254 0.00168501 0.00212875 0.00256258 0.00294293 0.00323965 0.00344498 0.00357042 0.00363568 0.0036575 0.00364255 0.00358504 0.00346851 0.0032727 0.00298501 0.002612 0.00218286 0.00174043 0.00132564 0.000966345 0.000674951 0.000451806 0.000289748 0.00017791 0.000104513 5.87015e-05 3.15126e-05 1.6168e-05 7.92854e-06 3.7155e-06 1.66284e-06 7.09934e-07 2.8875e-07 1.11732e-07 4.10873e-08 1.43491e-08 4.75821e-09 1.49852e-09 4.48481e-10 1.27665e-10 3.46039e-11 8.94187e-12 2.20571e-12 5.20073e-13 1.17369e-13 2.53858e-14 5.26903e-15 1.05077e-15 2.01576e-16 3.72405e-17 6.63288e-18 1.1401e-18 1.89305e-19 3.03915e-20 4.72163e-21 7.10457e-22 1.03616e-22 1.4658e-23 2.01557e-24 
1.07935e-24 4.7212e-25 2.84033e-24 2.34625e-23 1.88368e-22 1.45975e-21 1.09094e-20 7.85605e-20 5.44618e-19 3.63112e-18 2.32595e-17 1.42986e-16 8.42574e-16 4.75344e-15 2.56403e-14 1.32055e-13 6.48447e-13 3.03134e-12 1.34699e-11 5.68052e-11 2.27004e-10 8.58336e-10 3.06666e-09 1.03409e-08 3.28826e-08 9.85638e-08 2.78533e-07 7.42674e-07 1.87121e-06 4.46396e-06 1.01058e-05 2.17553e-05 4.46018e-05 8.71507e-05 0.000162351 0.000288419 0.000488927 0.000791674 0.00122586 0.00181729 0.00258163 0.00351561 0.00458622 0.00572264 0.00682227 0.0077789 0.0085208 0.00903183 0.00934282 0.00950389 0.00955694 0.00951835 0.00937313 0.00907964 0.00858658 0.00786141 0.00691889 0.00582964 0.00469836 0.00362628 0.00268425 0.00190695 0.00130001 0.000849907 0.000532389 0.000319241 0.000183107 0.000100418 5.2648e-05 2.63856e-05 1.26344e-05 5.7743e-06 2.51506e-06 1.04228e-06 4.10343e-07 1.53305e-07 5.43195e-08 1.8252e-08 5.81827e-09 1.7609e-09 5.06507e-10 1.38635e-10 3.61559e-11 8.99723e-12 2.13931e-12 4.86726e-13 1.06104e-13 2.2192e-14 4.45886e-15 8.61676e-16 1.60346e-16 2.87636e-17 4.97907e-18 8.32529e-19 1.34586e-19 2.10537e-20 3.18968e-21 4.68374e-22 6.67096e-23 9.23559e-24 
4.78436e-24 2.19583e-24 1.33463e-23 1.09326e-22 8.70102e-22 6.68394e-21 4.95134e-20 3.53398e-19 2.42805e-18 1.60425e-17 1.01825e-16 6.20179e-16 3.62029e-15 2.02294e-14 1.08058e-13 5.50997e-13 2.67803e-12 1.23875e-11 5.44453e-11 2.27004e-10 8.96386e-10 3.34696e-09 1.17991e-08 3.92215e-08 1.22809e-07 3.62003e-07 1.00451e-06 2.62573e-06 6.47458e-06 1.50921e-05 3.33396e-05 6.99716e-05 0.000139798 0.000266212 0.000483463 0.000837693 0.00138578 0.00219115 0.00331599 0.00480967 0.00669432 0.00894757 0.0114824 0.0141324 0.0166668 0.0188526 0.0205368 0.0216911 0.0223907 0.0227515 0.0228686 0.0227784 0.022446 0.0217757 0.0206493 0.0189901 0.0168266 0.014312 0.0116768 0.00914737 0.00688751 0.00498568 0.00346779 0.00231544 0.00148246 0.000909099 0.000533505 0.00029947 0.000160751 8.24854e-05 4.04239e-05 1.88924e-05 8.40435e-06 3.55181e-06 1.42372e-06 5.40705e-07 1.9447e-07 6.62432e-08 2.13834e-08 6.54737e-09 1.90382e-09 5.26433e-10 1.38627e-10 3.48164e-11 8.35219e-12 1.9166e-12 4.213e-13 8.88334e-14 1.79908e-14 3.50392e-15 6.57049e-16 1.18758e-16 2.07115e-17 3.48874e-18 5.68126e-19 8.95205e-20 1.36604e-20 2.02028e-21 2.89794e-22 4.04063e-23 
2.02566e-23 9.7612e-24 5.98661e-23 4.86141e-22 3.83418e-21 2.91853e-20 2.14213e-19 1.51474e-18 1.03094e-17 6.74687e-17 4.24113e-16 2.55787e-15 1.47832e-14 8.17699e-14 4.32275e-13 2.18094e-12 1.04853e-11 4.79599e-11 2.08361e-10 8.58336e-10 3.34696e-09 1.23326e-08 4.28711e-08 1.40392e-07 4.3258e-07 1.25311e-06 3.41198e-06 8.73625e-06 2.10626e-05 4.79168e-05 0.000103142 0.00021068 0.000409402 0.000758196 0.00133951 0.00225895 0.00363924 0.00560781 0.00827813 0.0117255 0.0159608 0.0209021 0.0263439 0.0319355 0.0372126 0.0417192 0.0451666 0.0475169 0.0489353 0.0496634 0.0498964 0.0497072 0.0490224 0.047644 0.0453262 0.0419044 0.0374234 0.032178 0.0266205 0.0212039 0.0162703 0.0120237 0.00854941 0.00584179 0.00383062 0.00240732 0.00144848 0.000833981 0.000459285 0.000241755 0.00012146 5.81286e-05 2.64393e-05 1.14047e-05 4.65775e-06 1.79928e-06 6.57234e-07 2.27076e-07 7.42654e-08 2.30172e-08 6.76945e-09 1.89207e-09 5.03363e-10 1.27664e-10 3.09159e-11 7.1594e-12 1.58779e-12 3.37706e-13 6.89755e-14 1.3546e-14 2.56097e-15 4.66624e-16 8.20279e-17 1.39259e-17 2.2854e-18 3.62882e-19 5.57954e-20 8.31389e-21 1.20146e-21 1.68769e-22 
8.19209e-23 4.14661e-23 2.56307e-22 2.06259e-21 1.61151e-20 1.21503e-19 8.83229e-19 6.1846e-18 4.16767e-17 2.70009e-16 1.67997e-15 1.00269e-14 5.73373e-14 3.13726e-13 1.64023e-12 8.18201e-12 3.88812e-11 1.75725e-10 7.54049e-10 3.06666e-09 1.17991e-08 4.28711e-08 1.46842e-07 4.73368e-07 1.4342e-06 4.07984e-06 1.08917e-05 2.72943e-05 6.42786e-05 0.000142553 0.000298574 0.000592536 0.00111768 0.00200863 0.00344433 0.00564061 0.0088302 0.0132322 0.0190138 0.0262485 0.0348763 0.0446699 0.0551989 0.0658053 0.0756639 0.0839893 0.0903068 0.0945886 0.0971612 0.0984761 0.0988911 0.0985378 0.0972783 0.0947458 0.0904823 0.0841686 0.0758547 0.0660345 0.0554905 0.045026 0.0352778 0.0266684 0.0194254 0.0136123 0.0091616 0.0059134 0.00365638 0.00216426 0.00122549 0.000663021 0.000342068 0.000167867 7.81509e-05 3.44374e-05 1.43402e-05 5.6383e-06 2.09302e-06 7.33932e-07 2.43347e-07 7.63922e-08 2.27395e-08 6.42874e-09 1.72904e-09 4.43143e-10 1.08405e-10 2.53514e-11 5.67625e-12 1.21857e-12 2.51167e-13 4.97684e-14 9.49188e-15 1.74443e-15 3.09262e-16 5.2943e-17 8.76022e-18 1.40228e-18 2.17339e-19 3.26412e-20 4.75395e-21 6.7298e-22 
3.16483e-22 1.68316e-22 1.04727e-21 8.34918e-21 6.45994e-20 4.82251e-19 3.47039e-18 2.40522e-17 1.60395e-16 1.02812e-15 6.3276e-15 3.73487e-14 2.11162e-13 1.14205e-12 5.90033e-12 2.90762e-11 1.36452e-10 6.08807e-10 2.57792e-09 1.03409e-08 3.92215e-08 1.40392e-07 4.73368e-07 1.5008e-06 4.46717e-06 1.24679e-05 3.26057e-05 7.98978e-05 0.000183616 0.000396518 0.000806981 0.00155336 0.00283847 0.00493899 0.00820073 0.0130108 0.0197466 0.0287127 0.040077 0.0538137 0.0696624 0.0871073 0.105356 0.123327 0.13974 0.153423 0.163712 0.170641 0.174785 0.176894 0.177551 0.176969 0.174917 0.170793 0.163837 0.153493 0.139773 0.123386 0.105504 0.0873715 0.0700351 0.0542684 0.0405798 0.0292265 0.0202356 0.0134461 0.00856417 0.00522385 0.00304814 0.00169838 0.000901263 0.000454113 0.000216618 9.7596e-05 4.14693e-05 1.66078e-05 6.2699e-06 2.23308e-06 7.51218e-07 2.39053e-07 7.20795e-08 2.06289e-08 5.61374e-09 1.45512e-09 3.59872e-10 8.50566e-11 1.92419e-11 4.17261e-12 8.68533e-13 1.73761e-13 3.3453e-14 6.20498e-15 1.11004e-15 1.91722e-16 3.20006e-17 5.16645e-18 8.07499e-19 1.22281e-19 1.79546e-20 2.56226e-21 
1.16813e-21 6.52762e-22 4.08368e-21 3.22441e-20 2.46982e-19 1.82494e-18 1.29955e-17 8.91063e-17 5.87722e-16 3.72509e-15 2.26634e-14 1.32199e-13 7.38415e-13 3.94426e-12 2.01189e-11 9.78501e-11 4.53039e-10 1.99337e-09 8.32025e-09 3.28826e-08 1.22809e-07 4.3258e-07 1.4342e-06 4.46717e-06 1.30489e-05 3.56953e-05 9.1353e-05 0.000218672 0.000489893 0.00102898 0.00203219 0.00378817 0.00669294 0.0112508 0.0180458 0.0276706 0.0406208 0.0571879 0.0773788 0.100869 0.126993 0.154775 0.182954 0.209992 0.23419 0.254066 0.268858 0.278748 0.284633 0.287617 0.288538 0.287696 0.284759 0.278853 0.26886 0.253918 0.23392 0.209701 0.18275 0.154724 0.127115 0.101157 0.0778095 0.0577213 0.0412056 0.0282542 0.0185827 0.0117086 0.00705583 0.00405641 0.00221746 0.00114857 0.000561944 0.000259097 0.000112435 4.59045e-05 1.76407e-05 6.38736e-06 2.18218e-06 7.04614e-07 2.1542e-07 6.24746e-08 1.7219e-08 4.51842e-09 1.13083e-09 2.70372e-10 6.18538e-11 1.35599e-11 2.85264e-12 5.76642e-13 1.12144e-13 2.10068e-14 3.79434e-15 6.61534e-16 1.11437e-16 1.81537e-17 2.86242e-18 4.37209e-19 6.47393e-20 9.31616e-21 
4.11967e-21 2.41835e-21 1.51952e-20 1.18802e-19 9.00667e-19 6.585e-18 4.63863e-17 3.1453e-16 2.0509e-15 1.28464e-14 7.72133e-14 4.44791e-13 2.45258e-12 1.29273e-11 6.50409e-11 3.11884e-10 1.42305e-09 6.16766e-09 2.53453e-08 9.85638e-08 3.62003e-07 1.25311e-06 4.07984e-06 1.24679e-05 3.56953e-05 9.55839e-05 0.000239108 0.000558471 0.00121832 0.00248619 0.00475903 0.00857857 0.0146294 0.0237095 0.0366538 0.0541948 0.0767859 0.104458 0.136764 0.172802 0.211288 0.250683 0.289279 0.325233 0.356668 0.382052 0.400718 0.413101 0.420431 0.424132 0.425268 0.42421 0.420539 0.413145 0.400585 0.381669 0.356063 0.324522 0.288601 0.250134 0.210925 0.17266 0.13686 0.104776 0.0772842 0.0548099 0.037312 0.0243402 0.0151792 0.00901936 0.00508606 0.00271126 0.00136191 0.000643238 0.000285355 0.000118894 4.65592e-05 1.71581e-05 5.96013e-06 1.95509e-06 6.06791e-07 1.78536e-07 4.98958e-08 1.32698e-08 3.36436e-09 8.14549e-10 1.88627e-10 4.18424e-11 8.90381e-12 1.81995e-12 3.57777e-13 6.77249e-14 1.2358e-14 2.17602e-15 3.70103e-16 6.08596e-17 9.68417e-18 1.49239e-18 2.22911e-19 3.23531e-20 
1.38822e-20 8.55661e-21 5.39439e-20 4.17566e-19 3.1327e-18 2.26583e-17 1.57846e-16 1.05808e-15 6.81789e-15 4.2185e-14 2.5035e-13 1.42329e-12 7.74163e-12 4.02321e-11 1.99472e-10 9.4207e-10 4.23121e-09 1.80412e-08 7.2893e-08 2.78533e-07 1.00451e-06 3.41198e-06 1.08917e-05 3.26057e-05 9.1353e-05 0.000239108 0.000583836 0.00132882 0.00281939 0.00558334 0.0103468 0.0180135 0.0296079 0.0461842 0.068685 0.0977326 0.133398 0.17507 0.221498 0.270969 0.321513 0.371125 0.417899 0.460049 0.495935 0.524349 0.544961 0.558513 0.566489 0.570504 0.571732 0.570582 0.566592 0.558535 0.544773 0.523861 0.495154 0.459073 0.416851 0.3701 0.320589 0.270225 0.221011 0.174887 0.133529 0.0981437 0.0692986 0.0468964 0.0303177 0.0186455 0.010859 0.0059639 0.00307898 0.00149129 0.000677114 0.000288273 0.00011519 4.32649e-05 1.53023e-05 5.10664e-06 1.61123e-06 4.81627e-07 1.36664e-07 3.68824e-08 9.48406e-09 2.32771e-09 5.46172e-10 1.22704e-10 2.64326e-11 5.46719e-12 1.08713e-12 2.08072e-13 3.8375e-14 6.82727e-15 1.17286e-15 1.9474e-16 3.12799e-17 4.86452e-18 7.33049e-19 1.07323e-19 
4.46885e-20 2.89009e-20 1.82649e-19 1.39972e-18 1.0391e-17 7.43428e-17 5.12091e-16 3.39278e-15 2.15979e-14 1.31958e-13 7.72888e-13 4.33424e-12 2.32408e-11 1.18994e-10 5.80878e-10 2.69928e-09 1.19204e-08 4.99396e-08 1.98106e-07 7.42674e-07 2.62573e-06 8.73625e-06 2.72943e-05 7.98978e-05 0.000218672 0.000558471 0.00132882 0.0029427 0.00606408 0.0116398 0.0208602 0.03504 0.0554512 0.0831504 0.118799 0.162449 0.213333 0.26983 0.329689 0.390401 0.44954 0.505014 0.555171 0.598744 0.634753 0.662636 0.682554 0.695516 0.7031 0.706904 0.708068 0.706987 0.703219 0.695579 0.682441 0.662256 0.634085 0.597835 0.554083 0.503797 0.448252 0.389135 0.328566 0.268971 0.21284 0.162369 0.119103 0.0837368 0.0561892 0.0358059 0.0215585 0.0122113 0.00648682 0.00322608 0.00150132 0.000654106 0.00026713 0.00010243 3.69493e-05 1.25652e-05 4.03679e-06 1.22776e-06 3.54225e-07 9.71356e-08 2.53636e-08 6.31733e-09 1.50336e-09 3.42352e-10 7.47132e-11 1.56472e-11 3.14884e-12 6.09643e-13 1.13687e-13 2.04422e-14 3.54792e-15 5.9494e-16 9.64769e-17 1.51426e-17 2.30235e-18 3.4004e-19 
1.37375e-19 9.31269e-20 5.89519e-19 4.47282e-18 3.28573e-17 2.3253e-16 1.58369e-15 1.03696e-14 6.52053e-14 3.93308e-13 2.27292e-12 1.25682e-11 6.64063e-11 3.34781e-10 1.60792e-09 7.34548e-09 3.18628e-08 1.31002e-07 5.09538e-07 1.87121e-06 6.47458e-06 2.10626e-05 6.42786e-05 0.000183616 0.000489893 0.00121832 0.00281939 0.00606408 0.012118 0.0225154 0.0389817 0.0631271 0.0961234 0.138484 0.189965 0.24949 0.3151 0.384075 0.453349 0.520031 0.581779 0.636974 0.684698 0.724547 0.756419 0.780493 0.797393 0.808267 0.814586 0.817745 0.818716 0.817834 0.814731 0.808407 0.797441 0.780375 0.756096 0.724012 0.683943 0.635978 0.580538 0.518596 0.451832 0.382634 0.313923 0.248732 0.189692 0.13866 0.0966437 0.0638575 0.0397826 0.0232646 0.0127327 0.00651184 0.00311128 0.00138975 0.000581172 0.000227943 8.40218e-05 2.91698e-05 9.55844e-06 2.96261e-06 8.70335e-07 2.42814e-07 6.4454e-08 1.63073e-08 3.93914e-09 9.09901e-10 2.01286e-10 4.27043e-11 8.70065e-12 1.70451e-12 3.21466e-13 5.84313e-14 1.02469e-14 1.73546e-15 2.84135e-16 4.50104e-17 6.90485e-18 1.02872e-18 
4.0303e-19 2.86056e-19 1.8125e-18 1.36164e-17 9.89895e-17 6.93003e-16 4.66696e-15 3.02009e-14 1.87587e-13 1.11701e-12 6.36838e-12 3.47164e-11 1.80698e-10 8.96657e-10 4.23511e-09 1.90081e-08 8.09253e-08 3.26209e-07 1.2426e-06 4.46396e-06 1.50921e-05 4.79168e-05 0.000142553 0.000396518 0.00102898 0.00248619 0.00558334 0.0116398 0.0225154 0.0404361 0.0675627 0.105417 0.154421 0.213773 0.281642 0.355442 0.432043 0.50803 0.580173 0.645921 0.703672 0.75276 0.793258 0.825682 0.850718 0.869121 0.881791 0.889841 0.894483 0.896797 0.897513 0.896883 0.894642 0.890042 0.881988 0.869269 0.850782 0.825628 0.793032 0.752284 0.702874 0.644772 0.578713 0.506386 0.43042 0.354063 0.280671 0.213288 0.154423 0.10584 0.0682756 0.0412677 0.0233037 0.0122777 0.00603463 0.00276945 0.00118848 0.000477812 0.000180338 6.4036e-05 2.14391e-05 6.78204e-06 2.03135e-06 5.77225e-07 1.55908e-07 4.00997e-08 9.8382e-09 2.30623e-09 5.17342e-10 1.11219e-10 2.29461e-11 4.54924e-12 8.67777e-13 1.59451e-13 2.82536e-14 4.83288e-15 7.98825e-16 1.27708e-16 1.97648e-17 2.97019e-18 
1.12767e-18 8.36859e-19 5.30396e-18 3.94589e-17 2.83929e-16 1.9666e-15 1.30972e-14 8.37737e-14 5.14033e-13 3.0219e-12 1.69978e-11 9.13507e-11 4.68366e-10 2.2873e-09 1.06218e-08 4.68215e-08 1.95551e-07 7.72337e-07 2.87879e-06 1.01058e-05 3.33396e-05 0.000103142 0.000298574 0.000806981 0.00203219 0.00475903 0.0103468 0.0208602 0.0389817 0.0675627 0.10883 0.163535 0.230505 0.30687 0.388807 0.472305 0.553609 0.629459 0.697359 0.755839 0.804486 0.843747 0.874602 0.898247 0.915834 0.928387 0.936848 0.942148 0.945178 0.946683 0.947153 0.946757 0.945324 0.94236 0.937114 0.928691 0.91616 0.898564 0.874851 0.843835 0.804304 0.755288 0.696389 0.628103 0.551999 0.470632 0.38727 0.30565 0.229759 0.163355 0.109184 0.0682913 0.0398556 0.0216751 0.0109839 0.00519099 0.00229127 0.0009463 0.000366429 0.000133317 4.56722e-05 1.47646e-05 4.51346e-06 1.30737e-06 3.59538e-07 9.40517e-08 2.34449e-08 5.57869e-09 1.26919e-09 2.76505e-10 5.77688e-11 1.15903e-11 2.23602e-12 4.15305e-13 7.43483e-14 1.28429e-14 2.14285e-15 3.45682e-16 5.39668e-17 8.17912e-18 
3.00692e-18 2.32963e-18 1.47603e-17 1.08759e-16 7.74717e-16 5.30985e-15 3.49767e-14 2.2117e-13 1.34086e-12 7.78346e-12 4.32003e-11 2.28915e-10 1.15624e-09 5.55747e-09 2.53742e-08 1.09846e-07 4.49984e-07 1.7408e-06 6.34631e-06 2.17553e-05 6.99716e-05 0.00021068 0.000592536 0.00155336 0.00378817 0.00857857 0.0180135 0.03504 0.0631271 0.105417 0.163535 0.236601 0.321077 0.411649 0.50267 0.589362 0.668293 0.737317 0.795431 0.842647 0.8798 0.908239 0.929507 0.945083 0.956225 0.963931 0.969006 0.972136 0.973908 0.974785 0.975061 0.974839 0.974022 0.972315 0.969257 0.964259 0.956633 0.945562 0.930021 0.908718 0.880145 0.842738 0.795156 0.73661 0.667153 0.587856 0.500921 0.409865 0.31955 0.235623 0.163266 0.105802 0.0639286 0.0359643 0.0188337 0.0091874 0.00418027 0.00177708 0.000707196 0.000264004 9.26519e-05 3.06352e-05 9.56422e-06 2.82531e-06 7.91347e-07 2.10579e-07 5.33382e-08 1.28832e-08 2.97248e-09 6.56195e-10 1.38814e-10 2.81805e-11 5.49763e-12 1.03198e-12 1.86621e-13 3.25494e-14 5.48126e-15 8.92103e-16 1.40465e-16 2.14669e-17 
7.63579e-18 6.16588e-18 3.90318e-17 2.84899e-16 2.00935e-15 1.36303e-14 8.88219e-14 5.55348e-13 3.32719e-12 1.90747e-11 1.04486e-10 5.46013e-10 2.71745e-09 1.28577e-08 5.77288e-08 2.45464e-07 9.86376e-07 3.73777e-06 1.33265e-05 4.46018e-05 0.000139798 0.000409402 0.00111768 0.00283847 0.00669294 0.0146294 0.0296079 0.0554512 0.0961234 0.154421 0.230505 0.321077 0.419878 0.519415 0.613032 0.696237 0.766884 0.824616 0.870201 0.905069 0.930987 0.949787 0.963154 0.972499 0.978916 0.98321 0.985968 0.98764 0.988576 0.989037 0.989184 0.989073 0.988653 0.987767 0.986158 0.983478 0.979277 0.972961 0.963713 0.950414 0.931622 0.90562 0.870551 0.824641 0.766466 0.695279 0.611505 0.517439 0.417778 0.319309 0.229459 0.15424 0.0966539 0.0563622 0.0305669 0.0154226 0.00724677 0.00317582 0.00130042 0.000498565 0.000179357 6.06819e-05 1.93524e-05 5.83072e-06 1.66333e-06 4.50216e-07 1.1586e-07 2.84021e-08 6.64461e-09 1.48607e-09 3.18245e-10 6.5359e-11 1.28911e-11 2.44515e-12 4.46579e-13 7.86297e-14 1.33615e-14 2.19361e-15 3.48289e-16 5.36648e-17 
1.84551e-17 1.55045e-17 9.80113e-17 7.08805e-16 4.95067e-15 3.3244e-14 2.14352e-13 1.32544e-12 7.84912e-12 4.4451e-11 2.40364e-10 1.239e-09 6.0774e-09 2.8314e-08 1.25042e-07 5.22356e-07 2.05955e-06 7.64647e-06 2.66677e-05 8.71507e-05 0.000266212 0.000758196 0.00200863 0.00493899 0.0112508 0.0237095 0.0461842 0.0831504 0.138484 0.213773 0.30687 0.411649 0.519415 0.621433 0.711242 0.785693 0.844549 0.889368 0.922453 0.946215 0.962868 0.9743 0.98202 0.987167 0.990555 0.992745 0.994113 0.994928 0.995378 0.995599 0.99567 0.995619 0.995423 0.995005 0.994235 0.992926 0.990814 0.987522 0.982486 0.974883 0.963554 0.946962 0.923184 0.889961 0.84483 0.785444 0.710266 0.619684 0.517125 0.409317 0.305074 0.212895 0.138552 0.0838838 0.0471892 0.0246617 0.0119809 0.00541731 0.0022838 0.000899511 0.000331757 0.000114852 3.74126e-05 1.1495e-05 3.33909e-06 9.19108e-07 2.40249e-07 5.97593e-08 1.41723e-08 3.21039e-09 6.95831e-10 1.44535e-10 2.88153e-11 5.52158e-12 1.01828e-12 1.80957e-13 3.10233e-14 5.13665e-15 8.22254e-16 1.27711e-16 
4.24308e-17 3.70166e-17 2.33572e-16 1.67394e-15 1.15809e-14 7.6999e-14 4.91361e-13 3.00551e-12 1.75965e-11 9.84629e-11 5.25719e-10 2.67375e-09 1.29293e-08 5.9328e-08 2.5779e-07 1.05834e-06 4.09564e-06 1.49031e-05 5.08593e-05 0.000162351 0.000483463 0.00133951 0.00344433 0.00820073 0.0180458 0.0366538 0.068685 0.118799 0.189965 0.281642 0.388807 0.50267 0.613032 0.711242 0.792243 0.854917 0.901028 0.933683 0.956148 0.971245 0.981193 0.987642 0.991772 0.994394 0.996047 0.997076 0.997701 0.998065 0.998264 0.998361 0.998392 0.998371 0.998288 0.998107 0.997769 0.997182 0.996206 0.994626 0.9921 0.988088 0.981776 0.97197 0.956991 0.934569 0.901797 0.85531 0.791949 0.710039 0.610967 0.500146 0.386464 0.280068 0.189427 0.119173 0.0695968 0.0376974 0.018942 0.00883861 0.00383625 0.00155209 0.000586756 0.000207797 6.91188e-05 2.16498e-05 6.40186e-06 1.79146e-06 4.75505e-07 1.19977e-07 2.88356e-08 6.61426e-09 1.45056e-09 3.04667e-10 6.13809e-11 1.18795e-11 2.21165e-12 3.96593e-13 6.85818e-14 1.14497e-14 1.84747e-15 2.8919e-16 
