1.24214e-27 5.9161e-28 1.74148e-27 8.32288e-27 3.97762e-26 1.84826e-25 8.33635e-25 3.64776e-24 1.54776e-23 6.36501e-23 2.53582e-22 9.78298e-22 3.6533e-21 1.32009e-20 4.61409e-20 1.55963e-19 5.09705e-19 1.61034e-18 4.91794e-18 1.4518e-17 4.14284e-17 1.14284e-16 3.0479e-16 7.85913e-16 1.9594e-15 4.72327e-15 1.10079e-14 2.47997e-14 5.39997e-14 1.13615e-13 2.30923e-13 4.53276e-13 8.59e-13 1.57116e-12 2.77258e-12 4.71841e-12 7.73969e-12 1.22288e-11 1.85974e-11 2.72008e-11 3.82347e-11 5.16249e-11 6.69505e-11 8.34408e-11 1.00073e-10 1.15751e-10 1.29515e-10 1.4069e-10 1.48937e-10 1.54182e-10 1.5648e-10 1.55877e-10 1.52341e-10 1.45788e-10 1.36202e-10 1.23776e-10 1.09026e-10 9.27919e-11 7.6129e-11 6.01159e-11 4.56581e-11 3.33511e-11 2.34394e-11 1.58609e-11 1.0342e-11 6.50338e-12 3.94691e-12 2.31339e-12 1.31028e-12 7.175e-13 3.80024e-13 1.94765e-13 9.6624e-14 4.64187e-14 2.16014e-14 9.74056e-15 4.25713e-15 1.80374e-15 7.41023e-16 2.9522e-16 1.14066e-16 4.2746e-17 1.5538e-17 5.47881e-18 1.8742e-18 6.22072e-19 2.0037e-19 6.26451e-20 1.90156e-20 5.6057e-21 1.60541e-21 4.46824e-22 1.20905e-22 3.18193e-23 8.14806e-24 2.03106e-24 4.93049e-25 1.16613e-25 2.68857e-26 6.06409e-27 
5.9161e-28 2.81943e-28 8.66241e-28 4.26843e-27 2.09907e-26 1.00394e-25 4.66287e-25 2.10194e-24 9.1914e-24 3.8969e-23 1.60108e-22 6.37177e-22 2.45504e-21 9.15431e-21 3.30213e-20 1.15191e-19 3.88482e-19 1.26635e-18 3.98928e-18 1.21433e-17 3.57153e-17 1.01491e-16 2.78644e-16 7.39115e-16 1.89407e-15 4.6888e-15 1.12112e-14 2.58873e-14 5.7711e-14 1.24179e-13 2.5783e-13 5.16389e-13 9.97354e-13 1.85699e-12 3.332e-12 5.75901e-12 9.5832e-12 1.53429e-11 2.36161e-11 3.49174e-11 4.95524e-11 6.74562e-11 8.80741e-11 1.10349e-10 1.32854e-10 1.54056e-10 1.72617e-10 1.87617e-10 1.98622e-10 2.05575e-10 2.08593e-10 2.07758e-10 2.03017e-10 1.94224e-10 1.81315e-10 1.64522e-10 1.44544e-10 1.22549e-10 1.00018e-10 7.84546e-11 5.9107e-11 4.27703e-11 2.97402e-11 1.98873e-11 1.28003e-11 7.93679e-12 4.74446e-12 2.73612e-12 1.52314e-12 8.18867e-13 4.25352e-13 2.13562e-13 1.03684e-13 4.86945e-14 2.21304e-14 9.73619e-15 4.14778e-15 1.71154e-15 6.84234e-16 2.65065e-16 9.95185e-17 3.6218e-17 1.27785e-17 4.37164e-18 1.45042e-18 4.66791e-19 1.45761e-19 4.41747e-20 1.29976e-20 3.71416e-21 1.03119e-21 2.78277e-22 7.30238e-23 1.86422e-23 4.6321e-24 1.12075e-24 2.6418e-25 6.06955e-26 1.35991e-26 2.98201e-27 
1.74148e-27 8.66241e-28 2.81684e-27 1.41234e-26 7.03922e-26 3.40987e-25 1.60316e-24 7.31132e-24 3.23266e-23 1.38496e-22 5.74645e-22 2.30797e-21 8.96848e-21 3.37032e-20 1.22436e-19 4.29812e-19 1.45762e-18 4.77422e-18 1.50999e-17 4.61118e-17 1.35953e-16 3.86993e-16 1.06356e-15 2.82213e-15 7.23033e-15 1.78852e-14 4.27126e-14 9.8466e-14 2.19082e-13 4.70351e-13 9.74144e-13 1.9458e-12 3.7474e-12 6.95669e-12 1.24446e-11 2.14441e-11 3.55774e-11 5.67968e-11 8.71849e-11 1.28581e-10 1.82051e-10 2.47304e-10 3.22273e-10 4.03074e-10 4.84509e-10 5.61024e-10 6.2781e-10 6.81608e-10 7.20931e-10 7.45651e-10 7.56238e-10 7.53009e-10 7.35757e-10 7.03919e-10 6.57212e-10 5.96448e-10 5.24129e-10 4.44488e-10 3.62883e-10 2.84772e-10 2.14669e-10 1.55454e-10 1.08197e-10 7.24339e-11 4.6682e-11 2.89862e-11 1.73532e-11 1.00226e-11 5.58745e-12 3.00798e-12 1.56434e-12 7.86224e-13 3.82007e-13 1.79496e-13 8.15902e-14 3.58879e-14 1.52791e-14 6.29761e-15 2.51339e-15 9.71422e-16 3.63638e-16 1.31853e-16 4.63144e-17 1.57619e-17 5.19805e-18 1.66149e-18 5.14859e-19 1.54717e-19 4.51015e-20 1.27587e-20 3.50395e-21 9.34612e-22 2.42226e-22 6.10281e-23 1.49542e-23 3.5656e-24 8.27651e-25 1.8712e-25 4.12275e-26 8.88432e-27 
8.32288e-27 4.26843e-27 1.41234e-26 7.06923e-26 3.51309e-25 1.69656e-24 7.95109e-24 3.61414e-23 1.59245e-22 6.79785e-22 2.80988e-21 1.12405e-20 4.34961e-20 1.62734e-19 5.88411e-19 2.0554e-18 6.93398e-18 2.25855e-17 7.1016e-17 2.15531e-16 6.31353e-16 1.78502e-15 4.87131e-15 1.28324e-14 3.26332e-14 8.01146e-14 1.89871e-13 4.34378e-13 9.59136e-13 2.0437e-12 4.20134e-12 8.33085e-12 1.59303e-11 2.93685e-11 5.21853e-11 8.93472e-11 1.47331e-10 2.33859e-10 3.57078e-10 5.24072e-10 7.38774e-10 9.99718e-10 1.29842e-09 1.61933e-09 1.94184e-09 2.24409e-09 2.50728e-09 2.71882e-09 2.87306e-09 2.96967e-09 3.01059e-09 2.99709e-09 2.9283e-09 2.80196e-09 2.61687e-09 2.3762e-09 2.08978e-09 1.77424e-09 1.45069e-09 1.14063e-09 8.61898e-10 6.25949e-10 4.37133e-10 2.93767e-10 1.90133e-10 1.18608e-10 7.1361e-11 4.14329e-11 2.32257e-11 1.2575e-11 6.57838e-12 3.32618e-12 1.62604e-12 7.68799e-13 3.51651e-13 1.55647e-13 6.66797e-14 2.76529e-14 1.11029e-14 4.31635e-15 1.62487e-15 5.92344e-16 2.09132e-16 7.15171e-17 2.36925e-17 7.60529e-18 2.36609e-18 7.13657e-19 2.08756e-19 5.92444e-20 1.6319e-20 4.36487e-21 1.13418e-21 2.86438e-22 7.03453e-23 1.68076e-23 3.90896e-24 8.85351e-25 1.95394e-25 4.21771e-26 
3.97762e-26 2.09907e-26 7.03922e-26 3.51309e-25 1.73913e-24 8.36551e-24 3.90474e-23 1.76755e-22 7.75509e-22 3.29602e-21 1.35625e-20 5.40014e-20 2.07948e-19 7.74067e-19 2.78407e-18 9.67133e-18 3.24375e-17 1.05014e-16 3.2809e-16 9.89092e-16 2.87711e-15 8.07532e-15 2.18716e-14 5.7169e-14 1.44228e-13 3.51224e-13 8.25624e-13 1.87342e-12 4.10307e-12 8.67246e-12 1.76872e-11 3.47997e-11 6.60393e-11 1.2085e-10 2.13212e-10 3.62552e-10 5.93962e-10 9.37051e-10 1.42269e-09 2.07726e-09 2.91469e-09 3.92802e-09 5.08352e-09 6.32072e-09 7.56041e-09 8.71921e-09 9.72592e-09 1.05332e-08 1.11204e-08 1.1487e-08 1.16405e-08 1.15859e-08 1.13198e-08 1.08333e-08 1.01215e-08 9.19641e-09 8.09541e-09 6.88196e-09 5.63658e-09 4.44153e-09 3.36522e-09 2.45182e-09 1.71862e-09 1.15984e-09 7.54191e-10 4.72868e-10 2.86052e-10 1.67039e-10 9.41987e-11 5.13195e-11 2.70192e-11 1.37514e-11 6.76761e-12 3.2215e-12 1.48363e-12 6.61193e-13 2.85192e-13 1.19071e-13 4.8124e-14 1.88292e-14 7.13226e-15 2.6156e-15 9.28738e-16 3.19332e-16 1.06338e-16 3.4302e-17 1.07215e-17 3.2481e-18 9.54114e-19 2.71858e-19 7.51698e-20 2.01792e-20 5.26182e-21 1.33337e-21 3.28526e-22 7.87434e-23 1.83698e-23 4.17313e-24 9.23709e-25 1.99989e-25 
1.84826e-25 1.00394e-25 3.40987e-25 1.69656e-24 8.36551e-24 4.00766e-23 1.86291e-22 8.39714e-22 3.66824e-21 1.5521e-20 6.35718e-20 2.51914e-19 9.65264e-19 3.57458e-18 1.27874e-17 4.41705e-17 1.47272e-16 4.73822e-16 1.4707e-15 4.40343e-15 1.27172e-14 3.54276e-14 9.52095e-14 2.4687e-13 6.1769e-13 1.4916e-12 3.47659e-12 7.82162e-12 1.69852e-11 3.55988e-11 7.20006e-11 1.40509e-10 2.64523e-10 4.80329e-10 8.41097e-10 1.41997e-09 2.31046e-09 3.62168e-09 5.46597e-09 7.93741e-09 1.10828e-08 1.48713e-08 1.91738e-08 2.37642e-08 2.83496e-08 3.2624e-08 3.63284e-08 3.92923e-08 4.14428e-08 4.27803e-08 4.33342e-08 4.31227e-08 4.21324e-08 4.03298e-08 3.76966e-08 3.42756e-08 3.02036e-08 2.5713e-08 2.10996e-08 1.66659e-08 1.26642e-08 9.25893e-09 6.5162e-09 4.41752e-09 2.88688e-09 1.81986e-09 1.10726e-09 6.50532e-10 3.69195e-10 2.02466e-10 1.0732e-10 5.50005e-11 2.72596e-11 1.30691e-11 6.06223e-12 2.72116e-12 1.18211e-12 4.97019e-13 2.02259e-13 7.96643e-14 3.03698e-14 1.1206e-14 4.00238e-15 1.38384e-15 4.63259e-16 1.50187e-16 4.71658e-17 1.43535e-17 4.23435e-18 1.21143e-18 3.36273e-19 9.06097e-20 2.37118e-20 6.02953e-21 1.49059e-21 3.5844e-22 8.38849e-23 1.91156e-23 4.24409e-24 9.21748e-25 
8.33635e-25 4.66287e-25 1.60316e-24 7.95109e-24 3.90474e-23 1.86291e-22 8.62298e-22 3.87009e-21 1.68315e-20 7.08932e-20 2.89008e-19 1.13968e-18 4.34496e-18 1.60059e-17 5.69447e-17 1.95573e-16 6.48151e-16 2.07214e-15 6.38903e-15 1.89959e-14 5.4459e-14 1.5055e-13 4.01365e-13 1.0321e-12 2.56043e-12 6.12913e-12 1.41597e-11 3.15736e-11 6.79559e-11 1.41173e-10 2.83049e-10 5.47652e-10 1.02241e-09 1.84145e-09 3.19922e-09 5.36034e-09 8.65935e-09 1.34821e-08 2.022e-08 2.91939e-08 4.05521e-08 5.41658e-08 6.95602e-08 8.59232e-08 1.02215e-07 1.17359e-07 1.3045e-07 1.40899e-07 1.48461e-07 1.53147e-07 1.55065e-07 1.54279e-07 1.50741e-07 1.44329e-07 1.34974e-07 1.22823e-07 1.08357e-07 9.23938e-08 7.5974e-08 6.0166e-08 4.58649e-08 3.36586e-08 2.37908e-08 1.6207e-08 1.06482e-08 6.75137e-09 4.1331e-09 2.44402e-09 1.39643e-09 7.7116e-10 4.11707e-10 2.12547e-10 1.06131e-10 5.12669e-11 2.39611e-11 1.08368e-11 4.74285e-12 2.00876e-12 8.23286e-13 3.26507e-13 1.25296e-13 4.65248e-14 1.67168e-14 5.81287e-15 1.95645e-15 6.37511e-16 2.01177e-16 6.1503e-17 1.82227e-17 5.2351e-18 1.45894e-18 3.9461e-19 1.03644e-19 2.64481e-20 6.56075e-21 1.5829e-21 3.71646e-22 8.49591e-23 1.89217e-23 4.12268e-24 
3.64776e-24 2.10194e-24 7.31132e-24 3.61414e-23 1.76755e-22 8.39714e-22 3.87009e-21 1.72928e-20 7.48691e-20 3.13881e-19 1.27347e-18 4.99699e-18 1.89529e-17 6.94457e-17 2.45692e-16 8.38887e-16 2.76315e-15 8.77692e-15 2.68786e-14 7.93459e-14 2.25771e-13 6.19232e-13 1.63732e-12 4.17441e-12 1.02646e-11 2.43495e-11 5.57363e-11 1.2313e-10 2.62554e-10 5.40401e-10 1.07361e-09 2.05863e-09 3.80953e-09 6.80274e-09 1.1721e-08 1.94829e-08 3.12357e-08 4.82858e-08 7.19381e-08 1.03235e-07 1.42616e-07 1.89573e-07 2.4243e-07 2.98392e-07 3.53918e-07 4.05378e-07 4.49742e-07 4.85066e-07 5.10565e-07 5.26305e-07 5.3267e-07 5.29879e-07 5.1776e-07 4.95885e-07 4.64012e-07 4.22626e-07 3.73334e-07 3.18894e-07 2.6282e-07 2.08731e-07 1.59668e-07 1.17653e-07 8.35492e-08 5.72143e-08 3.78063e-08 2.41192e-08 1.48626e-08 8.84939e-09 5.09262e-09 2.83322e-09 1.52413e-09 7.92972e-10 3.99083e-10 1.94314e-10 9.15432e-11 4.17301e-11 1.84064e-11 7.85525e-12 3.2433e-12 1.29543e-12 5.00506e-13 1.87054e-13 6.76239e-14 2.36515e-14 8.00423e-15 2.62176e-15 8.31411e-16 2.5536e-16 7.59962e-17 2.19247e-17 6.13474e-18 1.66574e-18 4.39138e-19 1.12464e-19 2.79957e-20 6.77746e-21 1.59655e-21 3.66164e-22 8.18113e-23 1.7884e-23 
1.54776e-23 9.1914e-24 3.23266e-23 1.59245e-22 7.75509e-22 3.66824e-21 1.68315e-20 7.48691e-20 3.22646e-19 1.34624e-18 5.43519e-18 2.12195e-17 8.00612e-17 2.91756e-16 1.02633e-15 3.48346e-15 1.14023e-14 3.59807e-14 1.09426e-13 3.20675e-13 9.05454e-13 2.46342e-12 6.45858e-12 1.63215e-11 3.9768e-11 9.34523e-11 2.11867e-10 4.63517e-10 9.78767e-10 1.99504e-09 3.92556e-09 7.45621e-09 1.36705e-08 2.41923e-08 4.13202e-08 6.81084e-08 1.08323e-07 1.66192e-07 2.45865e-07 3.50565e-07 4.81491e-07 6.36743e-07 8.10661e-07 9.94021e-07 1.1753e-06 1.34277e-06 1.48674e-06 1.60108e-06 1.6834e-06 1.73402e-06 1.75424e-06 1.74476e-06 1.70502e-06 1.63357e-06 1.52959e-06 1.39459e-06 1.23373e-06 1.05588e-06 8.7241e-07 6.95035e-07 5.33677e-07 3.94986e-07 2.8191e-07 1.9414e-07 1.29075e-07 8.2891e-08 5.14374e-08 3.0852e-08 1.78905e-08 1.00317e-08 5.44024e-09 2.85378e-09 1.44824e-09 7.11078e-10 3.37808e-10 1.5527e-10 6.9046e-11 2.97008e-11 1.23571e-11 4.97194e-12 1.93445e-12 7.27776e-13 2.64764e-13 9.3152e-14 3.17018e-14 1.04388e-14 3.32696e-15 1.0267e-15 3.06929e-16 8.89297e-17 2.4986e-17 6.8112e-18 1.80249e-18 4.63328e-19 1.15749e-19 2.81197e-20 6.64672e-21 1.5295e-21 3.42861e-22 7.52051e-23 
6.36501e-23 3.8969e-23 1.38496e-22 6.79785e-22 3.29602e-21 1.5521e-20 7.08932e-20 3.13881e-19 1.34624e-18 5.58979e-18 2.24546e-17 8.72113e-17 3.27284e-16 1.18603e-15 4.14798e-15 1.39931e-14 4.55112e-14 1.42652e-13 4.30778e-13 1.253e-12 3.5102e-12 9.47107e-12 2.46158e-11 6.16426e-11 1.48778e-10 3.46219e-10 7.771e-10 1.68293e-09 3.51753e-09 7.09702e-09 1.38238e-08 2.59964e-08 4.71993e-08 8.27355e-08 1.40014e-07 2.28748e-07 3.60746e-07 5.49061e-07 8.06262e-07 1.14177e-06 1.55856e-06 2.04988e-06 2.59745e-06 3.17218e-06 3.73819e-06 4.25936e-06 4.7061e-06 5.05995e-06 5.314e-06 5.46959e-06 5.53093e-06 5.50026e-06 5.37568e-06 5.15263e-06 4.82831e-06 4.40726e-06 3.90522e-06 3.3495e-06 2.77517e-06 2.21854e-06 1.71051e-06 1.27208e-06 9.1287e-07 6.32474e-07 4.23288e-07 2.73761e-07 1.71156e-07 1.03465e-07 6.04861e-08 3.42011e-08 1.87068e-08 9.89885e-09 5.06789e-09 2.51039e-09 1.20313e-09 5.57827e-10 2.5017e-10 1.08502e-10 4.55014e-11 1.84468e-11 7.22897e-12 2.73824e-12 1.00259e-12 3.54884e-13 1.21467e-13 4.02132e-14 1.28818e-14 3.99461e-15 1.19969e-15 3.49128e-16 9.85062e-17 2.69619e-17 7.16304e-18 1.84824e-18 4.63436e-19 1.12991e-19 2.6802e-20 6.18882e-21 1.39204e-21 3.06416e-22 
2.53582e-22 1.60108e-22 5.74645e-22 2.80988e-21 1.35625e-20 6.35718e-20 2.89008e-19 1.27347e-18 5.43519e-18 2.24546e-17 8.97369e-17 3.46676e-16 1.29384e-15 4.66195e-15 1.62076e-14 5.4336e-14 1.75572e-13 5.46553e-13 1.63856e-12 4.72982e-12 1.31438e-11 3.51636e-11 9.05769e-11 2.24701e-10 5.37046e-10 1.23713e-09 2.748e-09 5.88839e-09 1.21763e-08 2.43049e-08 4.684e-08 8.7164e-08 1.56633e-07 2.71815e-07 4.55535e-07 7.37279e-07 1.15235e-06 1.73912e-06 2.53371e-06 3.56213e-06 4.83065e-06 6.31668e-06 7.96377e-06 9.68435e-06 1.13719e-05 1.29203e-05 1.42436e-05 1.52887e-05 1.6037e-05 1.64934e-05 1.6671e-05 1.65764e-05 1.62038e-05 1.55392e-05 1.45737e-05 1.33201e-05 1.18242e-05 1.0166e-05 8.44868e-06 6.77955e-06 5.25063e-06 3.92521e-06 2.83349e-06 1.97602e-06 1.33187e-06 8.67941e-07 5.46993e-07 3.33435e-07 1.96621e-07 1.1217e-07 6.1914e-08 3.30662e-08 1.70873e-08 8.54348e-09 4.13258e-09 1.93355e-09 8.74856e-10 3.82695e-10 1.61807e-10 6.6112e-11 2.61003e-11 9.95563e-12 3.66923e-12 1.30686e-12 4.49918e-13 1.49774e-13 4.8229e-14 1.50298e-14 4.53517e-15 1.32577e-15 3.75684e-16 1.03257e-16 2.75433e-17 7.13469e-18 1.79581e-18 4.39467e-19 1.04624e-19 2.42451e-20 5.47268e-21 1.20907e-21 
9.78298e-22 6.37177e-22 2.30797e-21 1.12405e-20 5.40014e-20 2.51914e-19 1.13968e-18 4.99699e-18 2.12195e-17 8.72113e-17 3.46676e-16 1.33197e-15 4.94296e-15 1.77059e-14 6.11804e-14 2.03802e-13 6.5414e-13 2.02206e-12 6.01739e-12 1.72343e-11 4.74988e-11 1.25969e-10 3.21508e-10 7.89911e-10 1.86891e-09 4.26016e-09 9.36085e-09 1.98372e-08 4.05621e-08 8.0058e-08 1.52565e-07 2.80777e-07 4.9909e-07 8.56949e-07 1.42143e-06 2.27784e-06 3.52659e-06 5.27472e-06 7.62051e-06 1.06313e-05 1.4317e-05 1.86057e-05 2.33314e-05 2.8243e-05 3.30394e-05 3.74239e-05 4.11588e-05 4.41001e-05 4.61997e-05 4.74751e-05 4.79647e-05 4.76874e-05 4.66259e-05 4.47394e-05 4.20012e-05 3.84445e-05 3.41961e-05 2.9479e-05 2.45821e-05 1.98074e-05 1.54159e-05 1.159e-05 8.42007e-06 5.9135e-06 4.01632e-06 2.63867e-06 1.67724e-06 1.03157e-06 6.13939e-07 3.53581e-07 1.97061e-07 1.0628e-07 5.54654e-08 2.80062e-08 1.36792e-08 6.46139e-09 2.95062e-09 1.30221e-09 5.55269e-10 2.28705e-10 9.09782e-11 3.49516e-11 1.29687e-11 4.64834e-12 1.60989e-12 5.38945e-13 1.74476e-13 5.46492e-14 1.65701e-14 4.86645e-15 1.38517e-15 3.82355e-16 1.02417e-16 2.66373e-17 6.73113e-18 1.6536e-18 3.95165e-19 9.19152e-20 2.08236e-20 4.61813e-21 
3.6533e-21 2.45504e-21 8.96848e-21 4.34961e-20 2.07948e-19 9.65264e-19 4.34496e-18 1.89529e-17 8.00612e-17 3.27284e-16 1.29384e-15 4.94296e-15 1.82364e-14 6.49291e-14 2.22945e-13 7.37809e-13 2.35193e-12 7.218e-12 2.13175e-11 6.05681e-11 1.65522e-10 4.35061e-10 1.09995e-09 2.67566e-09 6.26471e-09 1.41255e-08 3.06899e-08 6.42885e-08 1.29917e-07 2.534e-07 4.77227e-07 8.68055e-07 1.52535e-06 2.58978e-06 4.24907e-06 6.73781e-06 1.03271e-05 1.52996e-05 2.19075e-05 3.03128e-05 4.0519e-05 5.23099e-05 6.52205e-05 7.85661e-05 9.15386e-05 0.00010335 0.000113377 0.000121249 0.000126852 0.000130241 0.000131524 0.000130753 0.000127878 0.000122786 0.0001154 0.000105802 9.43234e-05 8.15533e-05 6.826e-05 5.52518e-05 4.32334e-05 3.27049e-05 2.3925e-05 1.6931e-05 1.15939e-05 7.68382e-06 4.9291e-06 3.06066e-06 1.83958e-06 1.07021e-06 6.02626e-07 3.28411e-07 1.73188e-07 8.83589e-08 4.36002e-08 2.08004e-08 9.59022e-09 4.2716e-09 1.83743e-09 7.63089e-10 3.05929e-10 1.18395e-10 4.4234e-11 1.59579e-11 5.56068e-12 1.87235e-12 6.09478e-13 1.91899e-13 5.84763e-14 1.72562e-14 4.93443e-15 1.36816e-15 3.68061e-16 9.61314e-17 2.4392e-17 6.01642e-18 1.44344e-18 3.3705e-19 7.66529e-20 1.70677e-20 
1.32009e-20 9.15431e-21 3.37032e-20 1.62734e-19 7.74067e-19 3.57458e-18 1.60059e-17 6.94457e-17 2.91756e-16 1.18603e-15 4.66195e-15 1.77059e-14 6.49291e-14 2.2973e-13 7.83712e-13 2.57612e-12 8.15413e-12 2.48402e-11 7.27933e-11 2.05131e-10 5.55743e-10 1.44737e-09 3.62395e-09 8.72545e-09 2.02103e-08 4.50584e-08 9.67555e-08 2.00249e-07 3.9972e-07 7.70004e-07 1.4322e-06 2.57312e-06 4.4668e-06 7.49414e-06 1.21543e-05 1.90592e-05 2.89015e-05 4.23859e-05 6.01188e-05 8.2459e-05 0.00010935 0.000140177 0.000173703 0.000208157 0.000241481 0.000271695 0.000297251 0.000317253 0.000331442 0.00033999 0.00034318 0.000341147 0.00033376 0.000320719 0.000301809 0.00027722 0.000247768 0.000214929 0.000180637 0.000146945 0.000115658 8.80816e-05 6.49205e-05 4.63212e-05 3.2001e-05 2.14082e-05 1.38687e-05 8.69995e-06 5.28433e-06 3.10754e-06 1.76908e-06 9.74788e-07 5.19756e-07 2.68086e-07 1.33708e-07 6.4454e-08 3.00152e-08 1.3497e-08 5.85834e-09 2.45378e-09 9.91648e-10 3.86667e-10 1.45489e-10 5.28369e-11 1.85274e-11 6.27559e-12 2.05437e-12 6.50326e-13 1.99195e-13 5.90741e-14 1.69734e-14 4.72805e-15 1.27768e-15 3.35179e-16 8.54132e-17 2.11565e-17 5.09682e-18 1.19498e-18 2.7286e-19 6.10109e-20 
4.61409e-20 3.30213e-20 1.22436e-19 5.88411e-19 2.78407e-18 1.27874e-17 5.69447e-17 2.45692e-16 1.02633e-15 4.14798e-15 1.62076e-14 6.11804e-14 2.22945e-13 7.83712e-13 2.65566e-12 8.66856e-12 2.72392e-11 8.23492e-11 2.39397e-10 6.68952e-10 1.79625e-09 4.63423e-09 1.14881e-08 2.73697e-08 6.26937e-08 1.38152e-07 2.9307e-07 5.98968e-07 1.1803e-06 2.24417e-06 4.11975e-06 7.3057e-06 1.25201e-05 2.07423e-05 3.32305e-05 5.14949e-05 7.72051e-05 0.000112012 0.000157275 0.000213711 0.000281009 0.000357512 0.00044011 0.000524462 0.000605613 0.000678858 0.000740574 0.000788713 0.000822753 0.00084317 0.000850684 0.00084562 0.00082765 0.000796017 0.000750161 0.000690475 0.00061886 0.000538798 0.000454898 0.000372085 0.000294746 0.000226116 0.00016802 0.000120951 8.43579e-05 5.7005e-05 3.73201e-05 2.36683e-05 1.45385e-05 8.64836e-06 4.98103e-06 2.77692e-06 1.498e-06 7.81582e-07 3.94207e-07 1.92095e-07 9.03869e-08 4.10465e-08 1.79826e-08 7.59825e-09 3.09604e-09 1.21658e-09 4.61087e-10 1.68601e-10 5.9504e-11 2.0279e-11 6.67736e-12 2.1256e-12 6.5457e-13 1.95126e-13 5.63452e-14 1.57716e-14 4.28218e-15 1.12855e-15 2.88885e-16 7.18723e-17 1.73902e-17 4.09468e-18 9.38931e-19 2.10872e-19 
1.55963e-19 1.15191e-19 4.29812e-19 2.0554e-18 9.67133e-18 4.41705e-17 1.95573e-16 8.38887e-16 3.48346e-15 1.39931e-14 5.4336e-14 2.03802e-13 7.37809e-13 2.57612e-12 8.66856e-12 2.80914e-11 8.76087e-11 2.6278e-10 7.57645e-10 2.0988e-09 5.58424e-09 1.42681e-08 3.50092e-08 8.2507e-08 1.86838e-07 4.0678e-07 8.52109e-07 1.71886e-06 3.34183e-06 6.26753e-06 1.13479e-05 1.98484e-05 3.3555e-05 5.48534e-05 8.67421e-05 0.000132736 0.000196619 0.000282005 0.000391715 0.000526989 0.000686672 0.000866565 0.00105926 0.00125472 0.00144168 0.0016096 0.00175052 0.00186005 0.00193724 0.00198333 0.00200006 0.00198816 0.00194686 0.00187435 0.00176925 0.00163228 0.00146759 0.00128291 0.00108858 0.000895785 0.000714585 0.000552573 0.000414234 0.000301061 0.000212139 0.000144911 9.5948e-05 6.15651e-05 3.82738e-05 2.30478e-05 1.34397e-05 7.58603e-06 4.14288e-06 2.18778e-06 1.11645e-06 5.50199e-07 2.61681e-07 1.20049e-07 5.30999e-08 2.26394e-08 9.30312e-09 3.68475e-09 1.407e-09 5.18125e-10 1.84085e-10 6.31356e-11 2.09152e-11 6.69671e-12 2.07378e-12 6.21536e-13 1.80418e-13 5.07581e-14 1.385e-14 3.66782e-15 9.43353e-16 2.35795e-16 5.73144e-17 1.35561e-17 3.12234e-18 7.04508e-19 
5.09705e-19 3.88482e-19 1.45762e-18 6.93398e-18 3.24375e-17 1.47272e-16 6.48151e-16 2.76315e-15 1.14023e-14 4.55112e-14 1.75572e-13 6.5414e-13 2.35193e-12 8.15413e-12 2.72392e-11 8.76087e-11 2.71094e-10 8.06532e-10 2.30563e-09 6.33001e-09 1.6684e-08 4.22061e-08 1.02473e-07 2.38819e-07 5.34458e-07 1.14921e-06 2.37608e-06 4.72823e-06 9.06444e-06 1.67579e-05 2.99043e-05 5.15507e-05 8.59036e-05 0.000138455 0.000215942 0.000326054 0.000476811 0.000675569 0.000927659 0.00123478 0.00159337 0.0019934 0.00241825 0.00284604 0.00325268 0.00361602 0.00391959 0.00415466 0.00431975 0.00441791 0.00445302 0.00442673 0.00433726 0.00418057 0.00395337 0.00365684 0.0032994 0.00289716 0.00247197 0.00204764 0.00164599 0.00128386 0.000971665 0.000713536 0.000508357 0.000351312 0.000235441 0.000152971 9.63259e-05 5.87666e-05 3.47212e-05 1.9857e-05 1.09856e-05 5.8751e-06 3.03499e-06 1.51328e-06 7.27771e-07 3.37392e-07 1.50715e-07 6.4856e-08 2.68838e-08 1.07354e-08 4.13098e-09 1.53235e-09 5.48207e-10 1.89263e-10 6.30952e-11 2.0325e-11 6.33101e-12 1.90826e-12 5.56981e-13 1.57541e-13 4.32125e-14 1.15024e-14 2.97326e-15 7.46842e-16 1.82414e-16 4.33504e-17 1.00318e-17 2.27465e-18 
1.61034e-18 1.26635e-18 4.77422e-18 2.25855e-17 1.05014e-16 4.73822e-16 2.07214e-15 8.77692e-15 3.59807e-14 1.42652e-13 5.46553e-13 2.02206e-12 7.218e-12 2.48402e-11 8.23492e-11 2.6278e-10 8.06532e-10 2.37925e-09 6.74163e-09 1.83381e-08 4.78652e-08 1.19849e-07 2.87842e-07 6.63166e-07 1.46618e-06 3.11239e-06 6.34878e-06 1.24565e-05 2.35334e-05 4.28592e-05 7.53251e-05 0.000127877 0.000209874 0.000333231 0.000512168 0.000762425 0.00109982 0.00153814 0.00208637 0.00274566 0.00350636 0.00434603 0.00522953 0.00611204 0.0069453 0.00768564 0.00830129 0.00877612 0.00910839 0.00930509 0.00937446 0.00931992 0.0091377 0.00881917 0.00835704 0.00775278 0.00702224 0.00619681 0.00531965 0.00443849 0.00359777 0.00283268 0.00216611 0.0016085 0.00115964 0.000811441 0.0005509 0.000362748 0.000231566 0.000143246 8.5821e-05 4.97649e-05 2.79087e-05 1.51242e-05 7.91296e-06 3.99362e-06 1.9428e-06 9.10472e-07 4.10866e-07 1.785e-07 7.46569e-08 3.00653e-08 1.16617e-08 4.35863e-09 1.5706e-09 5.4598e-10 1.83222e-10 5.93987e-11 1.86164e-11 5.64488e-12 1.65722e-12 4.71406e-13 1.30021e-13 3.47973e-14 9.04261e-15 2.28323e-15 5.60529e-16 1.3388e-16 3.11352e-17 7.09641e-18 
4.91794e-18 3.98928e-18 1.50999e-17 7.1016e-17 3.2809e-16 1.4707e-15 6.38903e-15 2.68786e-14 1.09426e-13 4.30778e-13 1.63856e-12 6.01739e-12 2.13175e-11 7.27933e-11 2.39397e-10 7.57645e-10 2.30563e-09 6.74163e-09 1.89274e-08 5.09923e-08 1.31762e-07 3.26437e-07 7.75278e-07 1.76517e-06 3.85401e-06 8.07369e-06 1.62409e-05 3.14028e-05 5.84324e-05 0.000104763 0.000181204 0.00030271 0.000488901 0.000764047 0.00115623 0.00169545 0.00241052 0.00332485 0.00445142 0.00578733 0.00730904 0.00896947 0.010699 0.0124115 0.0140167 0.0154342 0.0166069 0.0175077 0.0181356 0.0185057 0.0186344 0.0185285 0.0181803 0.0175727 0.0166903 0.0155338 0.0141309 0.0125383 0.0108357 0.00911265 0.00745395 0.00592881 0.00458449 0.00344542 0.00251578 0.00178404 0.00122812 0.000820289 0.000531323 0.000333548 0.000202798 0.000119323 6.78783e-05 3.72953e-05 1.97722e-05 1.01049e-05 4.97442e-06 2.35734e-06 1.07499e-06 4.71644e-07 1.99099e-07 8.08838e-08 3.16341e-08 1.1917e-08 4.32663e-09 1.51494e-09 5.11935e-10 1.67083e-10 5.27078e-11 1.60835e-11 4.75095e-12 1.35957e-12 3.77199e-13 1.01531e-13 2.65331e-14 6.73657e-15 1.66278e-15 3.99262e-16 9.33394e-17 2.13907e-17 
1.4518e-17 1.21433e-17 4.61118e-17 2.15531e-16 9.89092e-16 4.40343e-15 1.89959e-14 7.93459e-14 3.20675e-13 1.253e-12 4.72982e-12 1.72343e-11 6.05681e-11 2.05131e-10 6.68952e-10 2.0988e-09 6.33001e-09 1.83381e-08 5.09923e-08 1.36009e-07 3.47783e-07 8.5221e-07 2.00071e-06 4.50003e-06 9.69928e-06 2.00437e-05 3.97438e-05 7.56946e-05 0.000138645 0.000244555 0.000415993 0.000683295 0.00108507 0.00166758 0.00248244 0.00358249 0.00501563 0.00681715 0.00900117 0.011552 0.0144175 0.0175051 0.0206858 0.0238057 0.0267065 0.0292512 0.031345 0.032946 0.0340576 0.03471 0.034934 0.0347418 0.0341193 0.033034 0.0314559 0.0293821 0.0268561 0.0239732 0.0208701 0.0177032 0.0146242 0.0117605 0.0092037 0.00700664 0.00518639 0.00373076 0.0026065 0.00176761 0.00116278 0.000741419 0.000457841 0.000273538 0.000157941 8.80332e-05 4.73143e-05 2.44963e-05 1.22073e-05 5.85183e-06 2.69753e-06 1.19562e-06 5.09585e-07 2.08909e-07 8.24144e-08 3.13036e-08 1.14554e-08 4.04167e-09 1.37584e-09 4.5224e-10 1.43651e-10 4.41294e-11 1.3121e-11 3.77886e-12 1.05496e-12 2.85699e-13 7.51086e-14 1.91812e-14 4.76163e-15 1.14977e-15 2.70277e-16 6.22968e-17 
4.14284e-17 3.57153e-17 1.35953e-16 6.31353e-16 2.87711e-15 1.27172e-14 5.4459e-14 2.25771e-13 9.05454e-13 3.5102e-12 1.31438e-11 4.74988e-11 1.65522e-10 5.55743e-10 1.79625e-09 5.58424e-09 1.6684e-08 4.78652e-08 1.31762e-07 3.47783e-07 8.79652e-07 2.13106e-06 4.94351e-06 1.09798e-05 2.3353e-05 4.75863e-05 9.2969e-05 0.000174327 0.000314138 0.000544808 0.000910753 0.00146976 0.00229291 0.00346223 0.00506548 0.00718778 0.00990054 0.0132487 0.0172373 0.0218202 0.0268908 0.0322806 0.0377663 0.0430915 0.0479996 0.0522739 0.0557702 0.0584305 0.0602703 0.0613452 0.0617098 0.0613849 0.0603458 0.0585354 0.0558981 0.052421 0.0481658 0.0432795 0.0379792 0.0325186 0.0271503 0.0220936 0.0175145 0.0135188 0.0101537 0.00741599 0.00526347 0.00362754 0.0024257 0.00157235 0.000986936 0.000599159 0.000351361 0.000198777 0.000108358 5.68564e-05 2.86928e-05 1.39187e-05 6.48821e-06 2.90624e-06 1.25109e-06 5.17785e-07 2.06123e-07 7.89739e-08 2.91421e-08 1.03648e-08 3.55588e-09 1.17768e-09 3.76833e-10 1.16592e-10 3.49081e-11 1.0122e-11 2.84455e-12 7.75344e-13 2.05124e-13 5.27089e-14 1.31638e-14 3.19742e-15 7.55978e-16 1.75301e-16 
1.14284e-16 1.01491e-16 3.86993e-16 1.78502e-15 8.07532e-15 3.54276e-14 1.5055e-13 6.19232e-13 2.46342e-12 9.47107e-12 3.51636e-11 1.25969e-10 4.35061e-10 1.44737e-09 4.63423e-09 1.42681e-08 4.22061e-08 1.19849e-07 3.26437e-07 8.5221e-07 2.13106e-06 5.10175e-06 1.16885e-05 2.56243e-05 5.37577e-05 0.000107968 0.000207743 0.000383337 0.000679251 0.00115758 0.00190049 0.00301101 0.00461092 0.0068347 0.0098189 0.013687 0.0185313 0.0243934 0.0312469 0.0389828 0.0474029 0.0562206 0.065078 0.0735789 0.0813392 0.0880439 0.0934931 0.0976177 0.100458 0.10211 0.102664 0.102154 0.100538 0.0977236 0.0936138 0.0881742 0.0814813 0.0737415 0.0652719 0.0564536 0.0476764 0.0392915 0.0315797 0.0247365 0.0188696 0.0140068 0.0101088 0.00708698 0.00482164 0.00317991 0.00203036 0.00125334 0.000746912 0.000429106 0.000237356 0.000126274 6.45591e-05 3.17036e-05 1.49508e-05 6.77072e-06 2.94523e-06 1.23111e-06 4.94779e-07 1.91313e-07 7.12219e-08 2.55482e-08 8.83766e-09 2.95054e-09 9.51509e-10 2.96639e-10 8.9474e-11 2.61314e-11 7.39538e-12 2.02961e-12 5.40545e-13 1.39805e-13 3.51377e-14 8.58766e-15 2.04273e-15 4.76671e-16 
3.0479e-16 2.78644e-16 1.06356e-15 4.87131e-15 2.18716e-14 9.52095e-14 4.01365e-13 1.63732e-12 6.45858e-12 2.46158e-11 9.05769e-11 3.21508e-10 1.09995e-09 3.62395e-09 1.14881e-08 3.50092e-08 1.02473e-07 2.87842e-07 7.75278e-07 2.00071e-06 4.94351e-06 1.16885e-05 2.64348e-05 5.71727e-05 0.000118253 0.000233984 0.000443197 0.000804411 0.0014009 0.0023447 0.00377828 0.00587275 0.00882099 0.0128249 0.0180758 0.0247306 0.0328841 0.0425439 0.0536106 0.0658656 0.078969 0.092471 0.10584 0.118512 0.12996 0.139764 0.147677 0.153632 0.157715 0.16008 0.160865 0.160121 0.157786 0.153716 0.147756 0.139831 0.130019 0.118581 0.10594 0.092622 0.0791825 0.0661431 0.0539444 0.0429193 0.0332825 0.025132 0.0184609 0.0131775 0.00912957 0.00613091 0.00398484 0.00250275 0.00151651 0.000885186 0.000497059 0.000268226 0.000138989 6.91277e-05 3.29943e-05 1.51141e-05 6.64681e-06 2.80762e-06 1.13978e-06 4.45006e-07 1.67227e-07 6.05333e-08 2.11248e-08 7.11324e-09 2.31304e-09 7.26948e-10 2.20994e-10 6.50368e-11 1.85429e-11 5.12582e-12 1.37477e-12 3.57998e-13 9.05757e-14 2.22798e-14 5.3331e-15 1.25264e-15 
7.85913e-16 7.39115e-16 2.82213e-15 1.28324e-14 5.7169e-14 2.4687e-13 1.0321e-12 4.17441e-12 1.63215e-11 6.16426e-11 2.24701e-10 7.89911e-10 2.67566e-09 8.72545e-09 2.73697e-08 8.2507e-08 2.38819e-07 6.63166e-07 1.76517e-06 4.50003e-06 1.09798e-05 2.56243e-05 5.71727e-05 0.000121922 0.000248491 0.000484163 0.000902358 0.00161024 0.00275485 0.00452605 0.00715448 0.0109032 0.0160521 0.0228739 0.031604 0.0424046 0.0553304 0.0703004 0.0870811 0.105284 0.124376 0.143706 0.162548 0.180166 0.195898 0.209244 0.219933 0.227929 0.233384 0.236531 0.237568 0.236564 0.233433 0.227968 0.219937 0.209201 0.195814 0.180067 0.162468 0.14368 0.124429 0.105431 0.0873229 0.0706277 0.0557254 0.0428432 0.0320594 0.0233197 0.0164653 0.0112671 0.00745943 0.00476947 0.00293998 0.00174434 0.000994806 0.000544765 0.000286241 0.000144257 6.97243e-05 3.23252e-05 1.43803e-05 6.14184e-06 2.52006e-06 9.941e-07 3.77311e-07 1.37906e-07 4.8579e-08 1.6507e-08 5.41519e-09 1.71652e-09 5.26173e-10 1.561e-10 4.48551e-11 1.24935e-11 3.37547e-12 8.85264e-13 2.25526e-13 5.58466e-14 1.34551e-14 3.1817e-15 
1.9594e-15 1.89407e-15 7.23033e-15 3.26332e-14 1.44228e-13 6.1769e-13 2.56043e-12 1.02646e-11 3.9768e-11 1.48778e-10 5.37046e-10 1.86891e-09 6.26471e-09 2.02103e-08 6.26937e-08 1.86838e-07 5.34458e-07 1.46618e-06 3.85401e-06 9.69928e-06 2.3353e-05 5.37577e-05 0.000118253 0.000248491 0.000498765 0.000956418 0.00175306 0.00307421 0.00516445 0.00832514 0.012903 0.0192694 0.0277899 0.0387872 0.0524983 0.0690304 0.0883249 0.110133 0.134015 0.159353 0.185381 0.211237 0.236014 0.258838 0.278962 0.295857 0.309274 0.319245 0.326012 0.329901 0.331174 0.329922 0.326032 0.319228 0.309186 0.29568 0.278701 0.258522 0.235689 0.210952 0.185177 0.159259 0.13405 0.1103 0.0886143 0.0694215 0.0529608 0.0392858 0.0282889 0.0197379 0.0133182 0.00867335 0.00544141 0.00328317 0.00190255 0.00105779 0.000563886 0.000288122 0.000141105 6.62499e-05 2.98326e-05 1.28917e-05 5.34984e-06 2.13361e-06 8.18447e-07 3.02227e-07 1.07527e-07 3.68911e-08 1.22156e-08 3.90723e-09 1.2082e-09 3.61478e-10 1.04721e-10 2.93987e-11 8.00363e-12 2.11456e-12 5.42538e-13 1.35273e-13 3.28091e-14 7.81208e-15 
4.72327e-15 4.6888e-15 1.78852e-14 8.01146e-14 3.51224e-13 1.4916e-12 6.12913e-12 2.43495e-11 9.34523e-11 3.46219e-10 1.23713e-09 4.26016e-09 1.41255e-08 4.50584e-08 1.38152e-07 4.0678e-07 1.14921e-06 3.11239e-06 8.07369e-06 2.00437e-05 4.75863e-05 0.000107968 0.000233984 0.000484163 0.000956418 0.0018039 0.00325003 0.00559812 0.00923048 0.0145935 0.0221678 0.0324272 0.0457898 0.0625664 0.0829112 0.106779 0.133898 0.163765 0.195663 0.228709 0.261906 0.294211 0.324599 0.35214 0.37609 0.395967 0.411607 0.423146 0.430936 0.435395 0.436847 0.435406 0.430932 0.423084 0.411443 0.395674 0.375668 0.351618 0.324023 0.293638 0.261389 0.228294 0.195388 0.163654 0.13396 0.107006 0.0832792 0.0630374 0.0463189 0.0329693 0.0226834 0.0150529 0.00961582 0.00590284 0.0034774 0.001964 0.00106282 0.000550935 0.000273575 0.00013017 5.93751e-05 2.5979e-05 1.09112e-05 4.40252e-06 1.7079e-06 6.37575e-07 2.29237e-07 7.9451e-08 2.65676e-08 8.57854e-09 2.67698e-09 8.0798e-10 2.36063e-10 6.68129e-11 1.83327e-11 4.88022e-12 1.26127e-12 3.16688e-13 7.73315e-14 1.85429e-14 
1.10079e-14 1.12112e-14 4.27126e-14 1.89871e-13 8.25624e-13 3.47659e-12 1.41597e-11 5.57363e-11 2.11867e-10 7.771e-10 2.748e-09 9.36085e-09 3.06899e-08 9.67555e-08 2.9307e-07 8.52109e-07 2.37608e-06 6.34878e-06 1.62409e-05 3.97438e-05 9.2969e-05 0.000207743 0.000443197 0.000902358 0.00175306 0.00325003 0.00575219 0.00972709 0.015735 0.0243894 0.036298 0.0519927 0.0718619 0.0960929 0.124629 0.157148 0.193056 0.231522 0.271521 0.311919 0.351541 0.389252 0.42402 0.454981 0.481499 0.503233 0.520161 0.532553 0.54087 0.545612 0.547152 0.545621 0.54086 0.532476 0.519966 0.502886 0.48099 0.454328 0.423263 0.388442 0.350734 0.311172 0.270889 0.231052 0.192785 0.15709 0.124779 0.0964219 0.0723262 0.052539 0.0368721 0.0249429 0.0162306 0.0101416 0.00607688 0.0034886 0.0019177 0.00100921 0.0005085 0.000245382 0.000113463 5.03029e-05 2.13983e-05 8.74085e-06 3.43146e-06 1.29577e-06 4.71065e-07 1.65013e-07 5.5746e-08 1.8178e-08 5.72635e-09 1.7441e-09 5.14015e-10 1.46701e-10 4.05768e-11 1.0885e-11 2.83401e-12 7.16644e-13 1.76197e-13 4.25498e-14 
2.47997e-14 2.58873e-14 9.8466e-14 4.34378e-13 1.87342e-12 7.82162e-12 3.15736e-11 1.2313e-10 4.63517e-10 1.68293e-09 5.88839e-09 1.98372e-08 6.42885e-08 2.00249e-07 5.98968e-07 1.71886e-06 4.72823e-06 1.24565e-05 3.14028e-05 7.56946e-05 0.000174327 0.000383337 0.000804411 0.00161024 0.00307421 0.00559812 0.00972709 0.0161394 0.0256021 0.0388918 0.056694 0.0795018 0.107536 0.140701 0.178574 0.220424 0.265258 0.311889 0.359022 0.405349 0.449638 0.4908 0.52794 0.560384 0.587719 0.609817 0.626838 0.639192 0.647431 0.652111 0.65363 0.652128 0.647438 0.63914 0.626676 0.609504 0.587234 0.559729 0.527137 0.489885 0.448655 0.404353 0.358076 0.311058 0.264604 0.219993 0.17839 0.140761 0.107812 0.0799459 0.057247 0.0394898 0.0261862 0.016663 0.0101615 0.00593333 0.00331552 0.00177274 0.000907038 0.000444261 0.000208402 9.36888e-05 4.03935e-05 1.67153e-05 6.64446e-06 2.53933e-06 9.33843e-07 3.30755e-07 1.12927e-07 3.71987e-08 1.18323e-08 3.63735e-09 1.08153e-09 3.11298e-10 8.68039e-11 2.34671e-11 6.15539e-12 1.56765e-12 3.88079e-13 9.43849e-14 
5.39997e-14 5.7711e-14 2.19082e-13 9.59136e-13 4.10307e-12 1.69852e-11 6.79559e-11 2.62554e-10 9.78767e-10 3.51753e-09 1.21763e-08 4.05621e-08 1.29917e-07 3.9972e-07 1.1803e-06 3.34183e-06 9.06444e-06 2.35334e-05 5.84324e-05 0.000138645 0.000314138 0.000679251 0.0014009 0.00275485 0.00516445 0.00923048 0.015735 0.0256021 0.0398077 0.0592446 0.0845726 0.116091 0.15367 0.196743 0.244369 0.295319 0.348182 0.40147 0.453731 0.503636 0.550063 0.592129 0.629214 0.660948 0.687211 0.708126 0.724043 0.735486 0.743068 0.747356 0.748751 0.747388 0.743109 0.735494 0.723969 0.707929 0.68686 0.660429 0.628526 0.591282 0.549079 0.502554 0.452605 0.400371 0.347187 0.294501 0.243785 0.196428 0.15363 0.116305 0.0849923 0.0598032 0.0404283 0.0262122 0.0162783 0.0096743 0.00549952 0.00298989 0.00155474 0.000773521 0.000368395 0.000168054 7.34833e-05 3.08227e-05 1.24123e-05 4.80299e-06 1.78743e-06 6.4031e-07 2.20996e-07 7.35528e-08 2.36273e-08 7.3317e-09 2.19959e-09 6.3853e-10 1.79505e-10 4.89066e-11 1.29236e-11 3.3148e-12 8.26209e-13 2.02369e-13 
1.13615e-13 1.24179e-13 4.70351e-13 2.0437e-12 8.67246e-12 3.55988e-11 1.41173e-10 5.40401e-10 1.99504e-09 7.09702e-09 2.43049e-08 8.0058e-08 2.534e-07 7.70004e-07 2.24417e-06 6.26753e-06 1.67579e-05 4.28592e-05 0.000104763 0.000244555 0.000544808 0.00115758 0.0023447 0.00452605 0.00832514 0.0145935 0.0243894 0.0388918 0.0592446 0.086355 0.120697 0.162177 0.210106 0.26328 0.320136 0.378932 0.43791 0.495429 0.550062 0.60066 0.646386 0.686711 0.721388 0.750411 0.77397 0.792429 0.806292 0.816157 0.822645 0.8263 0.827493 0.82635 0.822727 0.816238 0.806333 0.792392 0.773822 0.750125 0.720943 0.68609 0.645584 0.599688 0.54895 0.494234 0.436704 0.377801 0.319163 0.26254 0.209653 0.162037 0.120857 0.0867644 0.0598211 0.0395401 0.0250219 0.0151467 0.00876613 0.00484969 0.0025649 0.0012972 0.000627652 0.000290716 0.00012899 5.48675e-05 2.23926e-05 8.77603e-06 3.30587e-06 1.19801e-06 4.18042e-07 1.40592e-07 4.56117e-08 1.42874e-08 4.32488e-09 1.26622e-09 3.58856e-10 9.85281e-11 2.62284e-11 6.77475e-12 1.70003e-12 4.19329e-13 
2.30923e-13 2.5783e-13 9.74144e-13 4.20134e-12 1.76872e-11 7.20006e-11 2.83049e-10 1.07361e-09 3.92556e-09 1.38238e-08 4.684e-08 1.52565e-07 4.77227e-07 1.4322e-06 4.11975e-06 1.13479e-05 2.99043e-05 7.53251e-05 0.000181204 0.000415993 0.000910753 0.00190049 0.00377828 0.00715448 0.012903 0.0221678 0.036298 0.056694 0.0845726 0.120697 0.165151 0.217233 0.275516 0.338047 0.402632 0.467103 0.529528 0.588322 0.642307 0.690708 0.733122 0.769466 0.799903 0.824777 0.844553 0.859776 0.871045 0.878975 0.884149 0.887051 0.888003 0.887114 0.884263 0.879119 0.871192 0.859897 0.844617 0.824755 0.79976 0.769168 0.732637 0.690015 0.641406 0.587234 0.528302 0.465811 0.401365 0.33691 0.274614 0.216653 0.164938 0.12084 0.0850046 0.0573087 0.0369789 0.0228159 0.0134532 0.00757911 0.00407966 0.00209869 0.00103222 0.000485673 0.000218751 9.43894e-05 3.90502e-05 1.55035e-05 5.91211e-06 2.16752e-06 7.64718e-07 2.59877e-07 8.51475e-08 2.69224e-08 8.22221e-09 2.42763e-09 6.93537e-10 1.91874e-10 5.1449e-11 1.33814e-11 3.38025e-12 8.39553e-13 
4.53276e-13 5.16389e-13 1.9458e-12 8.33085e-12 3.47997e-11 1.40509e-10 5.47652e-10 2.05863e-09 7.45621e-09 2.59964e-08 8.7164e-08 2.80777e-07 8.68055e-07 2.57312e-06 7.3057e-06 1.98484e-05 5.15507e-05 0.000127877 0.00030271 0.000683295 0.00146976 0.00301101 0.00587275 0.0109032 0.0192694 0.0324272 0.0519927 0.0795018 0.116091 0.162177 0.217233 0.279764 0.347494 0.417721 0.487723 0.555099 0.617974 0.675065 0.725645 0.76946 0.806622 0.837506 0.862651 0.882684 0.898257 0.910018 0.91859 0.924548 0.928401 0.930552 0.931262 0.930619 0.92853 0.924727 0.918805 0.910253 0.89849 0.882888 0.862792 0.837541 0.806505 0.769145 0.725097 0.674264 0.616926 0.553839 0.486324 0.416295 0.346186 0.278722 0.216575 0.161954 0.116275 0.0799955 0.0526616 0.0331381 0.0199196 0.0114344 0.00626755 0.00328104 0.00164103 0.000784579 0.000358807 0.000157078 6.58824e-05 2.64977e-05 1.02292e-05 3.79394e-06 1.35325e-06 4.64659e-07 1.53737e-07 4.90606e-08 1.5115e-08 4.49988e-09 1.2957e-09 3.61159e-10 9.75321e-11 2.55397e-11 6.49359e-12 1.62379e-12 
8.59e-13 9.97354e-13 3.7474e-12 1.59303e-11 6.60393e-11 2.64523e-10 1.02241e-09 3.80953e-09 1.36705e-08 4.71993e-08 1.56633e-07 4.9909e-07 1.52535e-06 4.4668e-06 1.25201e-05 3.3555e-05 8.59036e-05 0.000209874 0.000488901 0.00108507 0.00229291 0.00461092 0.00882099 0.0160521 0.0277899 0.0457898 0.0718619 0.107536 0.15367 0.210106 0.275516 0.347494 0.422919 0.498461 0.571085 0.638418 0.6989 0.751757 0.796857 0.834529 0.865392 0.890219 0.909833 0.925039 0.936579 0.945116 0.951232 0.955427 0.958114 0.959607 0.960104 0.959671 0.95824 0.955612 0.951472 0.945405 0.936907 0.92539 0.910181 0.890525 0.865608 0.834597 0.796717 0.751351 0.698182 0.637372 0.569741 0.496912 0.421322 0.346045 0.274402 0.209457 0.153518 0.107818 0.0724443 0.0465142 0.0285165 0.0166855 0.00931643 0.00496441 0.0025254 0.00122703 0.000569795 0.000253079 0.000107607 4.38402e-05 1.71309e-05 6.42681e-06 2.31721e-06 8.03777e-07 2.68502e-07 8.64642e-08 2.68677e-08 8.06396e-09 2.33987e-09 6.56985e-10 1.78656e-10 4.70929e-11 1.20497e-11 3.03318e-12 
1.57116e-12 1.85699e-12 6.95669e-12 2.93685e-11 1.2085e-10 4.80329e-10 1.84145e-09 6.80274e-09 2.41923e-08 8.27355e-08 2.71815e-07 8.56949e-07 2.58978e-06 7.49414e-06 2.07423e-05 5.48534e-05 0.000138455 0.000333231 0.000764047 0.00166758 0.00346223 0.0068347 0.0128249 0.0228739 0.0387872 0.0625664 0.0960929 0.140701 0.196743 0.26328 0.338047 0.417721 0.498461 0.576542 0.64891 0.713498 0.769285 0.816142 0.854576 0.885468 0.909861 0.928813 0.943313 0.954229 0.962302 0.968142 0.972249 0.975025 0.976785 0.977757 0.978083 0.97781 0.976892 0.97519 0.972474 0.968429 0.962652 0.954638 0.943767 0.929287 0.910316 0.885849 0.854812 0.816149 0.768974 0.712798 0.647793 0.575056 0.496742 0.415985 0.336535 0.262197 0.196199 0.140691 0.0965082 0.0632412 0.0395514 0.0235935 0.0134207 0.0072798 0.00376649 0.00185966 0.000876777 0.000395042 0.000170247 7.02458e-05 2.77783e-05 1.05388e-05 3.84013e-06 1.34533e-06 4.53636e-07 1.47378e-07 4.61797e-08 1.397e-08 4.084e-09 1.15486e-09 3.16165e-10 8.38756e-11 2.15936e-11 5.47071e-12 
2.77258e-12 3.332e-12 1.24446e-11 5.21853e-11 2.13212e-10 8.41097e-10 3.19922e-09 1.1721e-08 4.13202e-08 1.40014e-07 4.55535e-07 1.42143e-06 4.24907e-06 1.21543e-05 3.32305e-05 8.67421e-05 0.000215942 0.000512168 0.00115623 0.00248244 0.00506548 0.0098189 0.0180758 0.031604 0.0524983 0.0829112 0.124629 0.178574 0.244369 0.320136 0.402632 0.487723 0.571085 0.64891 0.718431 0.778136 0.827688 0.867642 0.899094 0.923371 0.941804 0.955604 0.965803 0.973244 0.978595 0.982373 0.984977 0.986708 0.987793 0.988389 0.988591 0.98843 0.987877 0.98684 0.985162 0.982621 0.978913 0.973638 0.966273 0.95614 0.942385 0.923955 0.899615 0.868006 0.827782 0.777841 0.717661 0.647651 0.569427 0.485863 0.400834 0.318666 0.243418 0.178213 0.124801 0.0834652 0.0532483 0.0323812 0.0187629 0.0103585 0.00544982 0.0027337 0.00130823 0.000597769 0.000261035 0.000109048 4.36264e-05 1.67331e-05 6.16006e-06 2.179e-06 7.41444e-07 2.42951e-07 7.67439e-08 2.33938e-08 6.88855e-09 1.96129e-09 5.40443e-10 1.44263e-10 3.73607e-11 9.52432e-12 
