7.21831e-37 1.59979e-37 4.92729e-37 3.93789e-36 3.12403e-35 2.39346e-34 1.76905e-33 1.26058e-32 8.65415e-32 5.7201e-31 3.63748e-30 2.22385e-29 1.3062e-28 7.36564e-28 3.98484e-27 2.06697e-26 1.02737e-25 4.89066e-25 2.22882e-24 9.7211e-24 4.05701e-23 1.61999e-22 6.18943e-22 2.26287e-21 7.91749e-21 2.65133e-20 8.49707e-20 2.60563e-19 7.64235e-19 2.14278e-18 5.73966e-18 1.4678e-17 3.58137e-17 8.33289e-17 1.84797e-16 3.9043e-16 7.85422e-16 1.50333e-15 2.73474e-15 4.72e-15 7.71046e-15 1.1886e-14 1.72397e-14 2.34825e-14 3.00483e-14 3.62407e-14 4.14634e-14 4.53982e-14 4.80349e-14 4.95617e-14 5.02021e-14 5.008e-14 4.91542e-14 4.72356e-14 4.40881e-14 3.95906e-14 3.38923e-14 2.74608e-14 2.0968e-14 1.50685e-14 1.02028e-14 6.52479e-15 3.95242e-15 2.27383e-15 1.24501e-15 6.49828e-16 3.23695e-16 1.54017e-16 7.00512e-17 3.04765e-17 1.26914e-17 5.06232e-18 1.93555e-18 7.099e-19 2.49939e-19 8.45259e-20 2.74722e-20 8.58466e-21 2.57996e-21 7.45863e-22 2.07464e-22 5.55318e-23 1.43068e-23 3.54859e-24 8.47648e-25 1.95068e-25 4.3267e-26 9.25439e-27 1.90983e-27 3.80499e-28 7.32304e-29 1.36234e-29 2.4514e-30 4.26935e-31 7.20133e-32 1.17719e-32 1.86611e-33 2.8705e-34 4.28716e-35 6.2274e-36 
1.59979e-37 3.62834e-38 1.2286e-37 1.01735e-36 8.33525e-36 6.6001e-35 5.0461e-34 3.72273e-33 2.64841e-32 1.81568e-31 1.19873e-30 7.61609e-30 4.65334e-29 2.73223e-28 1.54061e-27 8.33686e-27 4.32697e-26 2.15275e-25 1.02618e-24 4.68485e-24 2.04776e-23 8.56795e-23 3.43105e-22 1.31487e-21 4.82171e-21 1.69164e-20 5.67655e-20 1.82114e-19 5.58248e-19 1.63389e-18 4.56225e-18 1.21437e-17 3.079e-17 7.43149e-17 1.70646e-16 3.72587e-16 7.73064e-16 1.52308e-15 2.84616e-15 5.03569e-15 8.41381e-15 1.32312e-14 1.95147e-14 2.69292e-14 3.4769e-14 4.2149e-14 4.83175e-14 5.28948e-14 5.59018e-14 5.76055e-14 5.83031e-14 5.81544e-14 5.71036e-14 5.49008e-14 5.12263e-14 4.59004e-14 3.90935e-14 3.13968e-14 2.36682e-14 1.67288e-14 1.11036e-14 6.94161e-15 4.10095e-15 2.29612e-15 1.22113e-15 6.17866e-16 2.97787e-16 1.36835e-16 5.99948e-17 2.51176e-17 1.00489e-17 3.84493e-18 1.40817e-18 4.94081e-19 1.66223e-19 5.36636e-20 1.66369e-20 4.95595e-21 1.41927e-21 3.90908e-22 1.03589e-22 2.64209e-23 6.48831e-24 1.53477e-24 3.49845e-25 7.68851e-26 1.62996e-26 3.33526e-27 6.5913e-28 1.25886e-28 2.32507e-29 4.15565e-30 7.19247e-31 1.20627e-31 1.9617e-32 3.09542e-33 4.74229e-34 7.05841e-35 1.02126e-35 1.43905e-36 
4.92729e-37 1.2286e-37 5.15968e-37 4.40911e-36 3.69654e-35 2.99271e-34 2.33778e-33 1.7609e-32 1.27812e-31 8.93335e-31 6.00839e-30 3.88587e-29 2.41484e-28 1.44091e-27 8.24944e-27 4.52841e-26 2.38186e-25 1.1997e-24 5.78347e-24 2.66729e-23 1.17644e-22 4.96119e-22 2.00011e-21 7.708e-21 2.83938e-20 9.99672e-20 3.36329e-19 1.08094e-18 3.317e-18 9.71223e-18 2.71143e-17 7.21202e-17 1.82637e-16 4.40078e-16 1.00846e-15 2.19666e-15 4.54594e-15 8.93206e-15 1.66459e-14 2.93757e-14 4.89676e-14 7.68488e-14 1.13148e-13 1.55898e-13 2.00994e-13 2.43318e-13 2.78559e-13 3.04588e-13 3.21595e-13 3.31168e-13 3.35038e-13 3.34121e-13 3.28075e-13 3.15431e-13 2.9432e-13 2.63685e-13 2.24508e-13 1.80217e-13 1.35778e-13 9.59225e-14 6.36509e-14 3.97936e-14 2.35162e-14 1.31729e-14 7.00927e-15 3.54799e-15 1.71031e-15 7.85781e-16 3.44324e-16 1.44e-16 5.7515e-17 2.1956e-17 8.01711e-18 2.8024e-18 9.38487e-19 3.01313e-19 9.28032e-20 2.74332e-20 7.78633e-21 2.12264e-21 5.55949e-22 1.3994e-22 3.38636e-23 7.88089e-24 1.76462e-24 3.80337e-25 7.89513e-26 1.57934e-26 3.04639e-27 5.66979e-28 1.01885e-28 1.76889e-29 2.96917e-30 4.82176e-31 7.58051e-32 1.15451e-32 1.70444e-33 2.44072e-34 3.39209e-35 4.58348e-36 
3.93789e-36 1.01735e-36 4.40911e-36 3.74804e-35 3.12311e-34 2.5131e-33 1.95127e-32 1.46092e-31 1.054e-30 7.32252e-30 4.89514e-29 3.14653e-28 1.94327e-27 1.15223e-26 6.55427e-26 3.57413e-25 1.86714e-24 9.33826e-24 4.46884e-23 2.0453e-22 8.94944e-22 3.74284e-21 1.49593e-20 5.71353e-20 2.08532e-19 7.27284e-19 2.42355e-18 7.71447e-18 2.34468e-17 6.80026e-17 1.88074e-16 4.95646e-16 1.24382e-15 2.97049e-15 6.74798e-15 1.45749e-14 2.99172e-14 5.83262e-14 1.07903e-13 1.89135e-13 3.13367e-13 4.89201e-13 7.17086e-13 9.84469e-13 1.26565e-12 1.52887e-12 1.74754e-12 1.90872e-12 2.01382e-12 2.07282e-12 2.09649e-12 2.09044e-12 2.05245e-12 1.97332e-12 1.8414e-12 1.65017e-12 1.40579e-12 1.12962e-12 8.52471e-13 6.0369e-13 4.01888e-13 2.52278e-13 1.49805e-13 8.43751e-14 4.51647e-14 2.30082e-14 1.11658e-14 5.16588e-15 2.27996e-15 9.60535e-16 3.86536e-16 1.48687e-16 5.47146e-17 1.92761e-17 6.50649e-18 2.10557e-18 6.53614e-19 1.94711e-19 5.56829e-20 1.5291e-20 4.03319e-21 1.02206e-21 2.48917e-22 5.82838e-23 1.31264e-23 2.84487e-24 5.93666e-25 1.19356e-25 2.31337e-26 4.3255e-27 7.80749e-28 1.36135e-28 2.29462e-29 3.74139e-30 5.90508e-31 9.02769e-32 1.33772e-32 1.92248e-33 2.68119e-34 3.63522e-35 
3.12403e-35 8.33525e-36 3.69654e-35 3.12311e-34 2.58494e-33 2.06624e-32 1.59375e-31 1.18544e-30 8.49676e-30 5.86453e-29 3.89487e-28 2.48713e-27 1.52585e-26 8.98651e-26 5.07686e-25 2.74912e-24 1.42583e-23 7.07827e-23 3.3613e-22 1.52613e-21 6.62224e-21 2.74557e-20 1.08746e-19 4.11457e-19 1.48725e-18 5.13574e-18 1.69423e-17 5.33849e-17 1.60619e-16 4.61187e-16 1.26292e-15 3.29596e-15 8.19229e-15 1.9382e-14 4.36274e-14 9.33936e-14 1.90063e-13 3.67511e-13 6.74649e-13 1.17411e-12 1.93285e-12 3.00056e-12 4.37767e-12 5.98711e-12 7.67415e-12 9.24912e-12 1.05545e-11 1.15147e-11 1.21396e-11 1.24895e-11 1.26288e-11 1.25904e-11 1.23607e-11 1.18842e-11 1.10911e-11 9.94252e-12 8.47579e-12 6.8187e-12 5.15533e-12 3.66059e-12 2.44562e-12 1.54201e-12 9.20452e-13 5.21484e-13 2.80938e-13 1.441e-13 7.04348e-14 3.28306e-14 1.46014e-14 6.20003e-15 2.5151e-15 9.75414e-16 3.61931e-16 1.28587e-16 4.37728e-17 1.42859e-17 4.47214e-18 1.34332e-18 3.87278e-19 1.07187e-19 2.84861e-20 7.27126e-21 1.78323e-21 4.20332e-22 9.52715e-23 2.07752e-23 4.36108e-24 8.81822e-25 1.71869e-25 3.23105e-26 5.86308e-27 1.02767e-27 1.74114e-28 2.85347e-29 4.52658e-30 6.95531e-31 1.03585e-31 1.4962e-32 2.09727e-33 2.85809e-34 
2.39346e-34 6.6001e-35 2.99271e-34 2.5131e-33 2.06624e-32 1.64076e-31 1.25729e-30 9.29101e-30 6.6163e-29 4.53704e-28 2.99365e-27 1.89914e-26 1.15742e-25 6.77093e-25 3.79906e-24 2.0428e-23 1.05188e-22 5.18306e-22 2.44233e-21 1.09998e-20 4.73304e-20 1.94511e-19 7.63355e-19 2.86074e-18 1.02382e-17 3.49952e-17 1.1425e-16 3.56234e-16 1.06058e-15 3.01357e-15 8.1676e-15 2.11001e-14 5.19239e-14 1.21648e-13 2.71209e-13 5.75196e-13 1.16008e-12 2.22396e-12 4.04959e-12 6.99496e-12 1.14377e-11 1.76516e-11 2.56256e-11 3.49061e-11 4.46011e-11 5.36263e-11 6.10887e-11 6.6566e-11 7.01232e-11 7.21096e-11 7.28933e-11 7.26614e-11 7.13314e-11 6.85832e-11 6.40162e-11 5.74093e-11 4.89777e-11 3.9454e-11 2.98905e-11 2.12858e-11 1.42756e-11 9.04392e-12 5.42856e-12 3.0948e-12 1.6786e-12 8.6723e-13 4.27112e-13 2.00648e-13 8.99605e-14 3.85153e-14 1.57561e-14 6.16318e-15 2.30685e-15 8.26818e-16 2.8396e-16 9.34952e-17 2.95244e-17 8.94449e-18 2.60017e-18 7.25431e-19 1.94278e-19 4.99565e-20 1.23378e-20 2.92774e-21 6.67863e-22 1.46535e-22 3.09427e-23 6.29259e-24 1.23327e-24 2.33106e-25 4.25243e-26 7.49251e-27 1.27597e-27 2.1018e-28 3.35108e-29 5.17512e-30 7.74617e-31 1.12452e-31 1.58426e-32 2.16999e-33 
1.76905e-33 5.0461e-34 2.33778e-33 1.95127e-32 1.59375e-31 1.25729e-30 9.57198e-30 7.02771e-29 4.97231e-28 3.3877e-27 2.22081e-26 1.39967e-25 8.47398e-25 4.92411e-24 2.74397e-23 1.46514e-22 7.48997e-22 3.66309e-21 1.71272e-20 7.65135e-20 3.26437e-19 1.32963e-18 5.16953e-18 1.91847e-17 6.79646e-17 2.2988e-16 7.42459e-16 2.28988e-15 6.74314e-15 1.89525e-14 5.08153e-14 1.29888e-13 3.16311e-13 7.33498e-13 1.61899e-12 3.40032e-12 6.7936e-12 1.29068e-11 2.33025e-11 3.99346e-11 6.48352e-11 9.94388e-11 1.43606e-10 1.94785e-10 2.48058e-10 2.97503e-10 3.38282e-10 3.68145e-10 3.87498e-10 3.98273e-10 4.02487e-10 4.01148e-10 3.93786e-10 3.78634e-10 3.53493e-10 3.17157e-10 2.70814e-10 2.18476e-10 1.65891e-10 1.18511e-10 7.9812e-11 5.08212e-11 3.06869e-11 1.76109e-11 9.62097e-12 5.00864e-12 2.48652e-12 1.17781e-12 5.32569e-13 2.29999e-13 9.4926e-14 3.7467e-14 1.41524e-14 5.1194e-15 1.7745e-15 5.89649e-16 1.87892e-16 5.74257e-17 1.68364e-17 4.73581e-18 1.27825e-18 3.31141e-19 8.2363e-20 1.96768e-20 4.51754e-21 9.97307e-22 2.11844e-22 4.3328e-23 8.53891e-24 1.62272e-24 2.97591e-25 5.27066e-26 9.02199e-27 1.49367e-27 2.39351e-28 3.71491e-29 5.58842e-30 8.1535e-31 1.15448e-31 1.58933e-32 
1.26058e-32 3.72273e-33 1.7609e-32 1.46092e-31 1.18544e-30 9.29101e-30 7.02771e-29 5.12652e-28 3.60385e-27 2.43955e-26 1.58891e-25 9.94891e-25 5.98361e-24 3.45369e-23 1.91142e-22 1.01344e-21 5.14336e-21 2.4966e-20 1.15821e-19 5.13192e-19 2.17074e-18 8.76215e-18 3.37444e-17 1.23985e-16 4.34674e-16 1.45438e-15 4.64527e-15 1.41653e-14 4.12396e-14 1.14596e-13 3.03804e-13 7.67949e-13 1.84979e-12 4.24364e-12 9.26868e-12 1.92684e-11 3.81174e-11 7.17337e-11 1.28354e-10 2.18144e-10 3.51511e-10 5.35584e-10 7.69195e-10 1.03864e-09 1.31804e-09 1.57655e-09 1.78918e-09 1.94453e-09 2.04497e-09 2.10072e-09 2.12232e-09 2.11496e-09 2.07607e-09 1.99635e-09 1.86428e-09 1.67357e-09 1.43046e-09 1.15592e-09 8.7989e-10 6.30773e-10 4.26717e-10 2.73215e-10 1.66025e-10 9.59568e-11 5.28242e-11 2.77235e-11 1.388e-11 6.63226e-12 3.0259e-12 1.3188e-12 5.49401e-13 2.18913e-13 8.34874e-14 3.04937e-14 1.06724e-14 3.5804e-15 1.15163e-15 3.55187e-16 1.0505e-16 2.97965e-17 8.10651e-18 2.11594e-18 5.30061e-19 1.27495e-19 2.9461e-20 6.54416e-21 1.39835e-21 2.8764e-22 5.70016e-23 1.0891e-23 2.00788e-24 3.57464e-25 6.1502e-26 1.02338e-26 1.64816e-27 2.57091e-28 3.88683e-29 5.69928e-30 8.11029e-31 1.12217e-31 
8.65415e-32 2.64841e-32 1.27812e-31 1.054e-30 8.49676e-30 6.6163e-29 4.97231e-28 3.60385e-27 2.51717e-26 1.69298e-25 1.09553e-24 6.81482e-24 4.07158e-23 2.33429e-22 1.28303e-21 6.75473e-21 3.40319e-20 1.63946e-19 7.54589e-19 3.31599e-18 1.39048e-17 5.56139e-17 2.12115e-16 7.7145e-16 2.67578e-15 8.8535e-15 2.79534e-14 8.42415e-14 2.42344e-13 6.65431e-13 1.74334e-12 4.35554e-12 1.03713e-11 2.35259e-11 5.08185e-11 1.04513e-10 2.04605e-10 3.81217e-10 6.75692e-10 1.13831e-09 1.81969e-09 2.7533e-09 3.93101e-09 5.28264e-09 6.67864e-09 7.96596e-09 9.02182e-09 9.79128e-09 1.02876e-08 1.05622e-08 1.06676e-08 1.06291e-08 1.04335e-08 1.0034e-08 9.37317e-09 8.41979e-09 7.20502e-09 5.83301e-09 4.45242e-09 3.20404e-09 2.17819e-09 1.40294e-09 8.58378e-10 4.99879e-10 2.77434e-10 1.46863e-10 7.41901e-11 3.57796e-11 1.64796e-11 7.25231e-12 3.05118e-12 1.228e-12 4.7309e-13 1.74562e-13 6.17159e-14 2.09121e-14 6.792e-15 2.11453e-15 6.31024e-16 1.80518e-16 4.95101e-17 1.3022e-17 3.28573e-18 7.95734e-19 1.85072e-19 4.13655e-20 8.89159e-21 1.8395e-21 3.66561e-22 7.04163e-23 1.30507e-23 2.33551e-24 4.03887e-25 6.75472e-26 1.09333e-26 1.71399e-27 2.60428e-28 3.83778e-29 5.4887e-30 7.63274e-31 
5.7201e-31 1.81568e-31 8.93335e-31 7.32252e-30 5.86453e-29 4.53704e-28 3.3877e-27 2.43955e-26 1.69298e-25 1.1313e-24 7.2731e-24 4.49465e-23 2.66754e-22 1.519e-21 8.29144e-21 4.33422e-20 2.16769e-19 1.03633e-18 4.73201e-18 2.06214e-17 8.57124e-17 3.3964e-16 1.2827e-15 4.61671e-15 1.5838e-14 5.18037e-14 1.61616e-13 4.81101e-13 1.36686e-12 3.7064e-12 9.59003e-12 2.36664e-11 5.56753e-11 1.24797e-10 2.6645e-10 5.41781e-10 1.04903e-09 1.93399e-09 3.39375e-09 5.66426e-09 8.97851e-09 1.34845e-08 1.91318e-08 2.55791e-08 3.22096e-08 3.83024e-08 4.32849e-08 4.69064e-08 4.92363e-08 5.05216e-08 5.10095e-08 5.08184e-08 4.98832e-08 4.79809e-08 4.48386e-08 4.03087e-08 3.45388e-08 2.80206e-08 2.14545e-08 1.55041e-08 1.05967e-08 6.86927e-09 4.23395e-09 2.48573e-09 1.39165e-09 7.4347e-10 3.79176e-10 1.84671e-10 8.59171e-11 3.82005e-11 1.62405e-11 6.60591e-12 2.57232e-12 9.5936e-13 3.42799e-13 1.1737e-13 3.85069e-14 1.21047e-14 3.64575e-15 1.05206e-15 2.90925e-16 7.71121e-17 1.95994e-17 4.77936e-18 1.11887e-18 2.51643e-19 5.44149e-20 1.13223e-20 2.26882e-21 4.38207e-22 8.16474e-23 1.46876e-23 2.55304e-24 4.29151e-25 6.98142e-26 1.09997e-26 1.67971e-27 2.48772e-28 3.57576e-29 4.99775e-30 
3.63748e-30 1.19873e-30 6.00839e-30 4.89514e-29 3.89487e-28 2.99365e-27 2.22081e-26 1.58891e-25 1.09553e-24 7.2731e-24 4.64531e-23 2.85177e-22 1.68118e-21 9.50809e-21 5.15381e-20 2.67479e-19 1.32786e-18 6.29945e-18 2.85333e-17 1.23296e-16 5.0792e-16 1.9937e-15 7.45424e-15 2.65447e-14 9.00413e-14 2.9103e-13 8.96746e-13 2.63545e-12 7.39033e-12 1.97776e-11 5.05054e-11 1.23029e-10 2.85744e-10 6.32493e-10 1.33388e-09 2.6798e-09 5.12866e-09 9.34985e-09 1.62336e-08 2.68272e-08 4.21427e-08 6.27927e-08 8.84939e-08 1.1767e-07 1.47539e-07 1.74884e-07 1.97175e-07 2.13333e-07 2.23701e-07 2.294e-07 2.31541e-07 2.30643e-07 2.26405e-07 2.17816e-07 2.03648e-07 1.83239e-07 1.57249e-07 1.27876e-07 9.82483e-08 7.13295e-08 4.90392e-08 3.20125e-08 1.98887e-08 1.17788e-08 6.6562e-09 3.59102e-09 1.85018e-09 9.1058e-10 4.28205e-10 1.92479e-10 8.2744e-11 3.40373e-11 1.34049e-11 5.05625e-12 1.82695e-12 6.32359e-13 2.09648e-13 6.65645e-14 2.02384e-14 5.89242e-15 1.64308e-15 4.38939e-16 1.12389e-16 2.75976e-17 6.50345e-18 1.47188e-18 3.20197e-19 6.70114e-20 1.35035e-20 2.62239e-21 4.91221e-22 8.883e-23 1.55207e-23 2.62232e-24 4.28768e-25 6.78975e-26 1.04207e-26 1.55114e-27 2.24083e-28 3.14791e-29 
2.22385e-29 7.61609e-30 3.88587e-29 3.14653e-28 2.48713e-27 1.89914e-26 1.39967e-25 9.94891e-25 6.81482e-24 4.49465e-23 2.85177e-22 1.73903e-21 1.01826e-20 5.71922e-20 3.07823e-19 1.58601e-18 7.81454e-18 3.67842e-17 1.65259e-16 7.08001e-16 2.89028e-15 1.12363e-14 4.1583e-14 1.46471e-13 4.91105e-13 1.56797e-12 4.76953e-12 1.38309e-11 3.82567e-11 1.0097e-10 2.54292e-10 6.10986e-10 1.39996e-09 3.05779e-09 6.36497e-09 1.26254e-08 2.38656e-08 4.29939e-08 7.38085e-08 1.20693e-07 1.8778e-07 2.77427e-07 3.88169e-07 5.13125e-07 6.40425e-07 7.56505e-07 8.50816e-07 9.18979e-07 9.62597e-07 9.86492e-07 9.95362e-07 9.91381e-07 9.73217e-07 9.36545e-07 8.76133e-07 7.8916e-07 6.78417e-07 5.53183e-07 4.26658e-07 3.11357e-07 2.15442e-07 1.41715e-07 8.88052e-08 5.30902e-08 3.03033e-08 1.65213e-08 8.6053e-09 4.28279e-09 2.03715e-09 9.26432e-10 4.02999e-10 1.67772e-10 6.6872e-11 2.55264e-11 9.33196e-12 3.2669e-12 1.09491e-12 3.5124e-13 1.07832e-13 3.16817e-14 8.9097e-15 2.39917e-15 6.18902e-16 1.53046e-16 3.63066e-17 8.26927e-18 1.80987e-18 3.80993e-19 7.72102e-20 1.50771e-20 2.83948e-21 5.16204e-22 9.06652e-23 1.53978e-23 2.5306e-24 4.02784e-25 6.21332e-26 9.29583e-27 1.34977e-27 1.90591e-28 
1.3062e-28 4.65334e-29 2.41484e-28 1.94327e-27 1.52585e-26 1.15742e-25 8.47398e-25 5.98361e-24 4.07158e-23 2.66754e-22 1.68118e-21 1.01826e-20 5.92133e-20 3.30256e-19 1.7648e-18 9.02598e-18 4.41346e-17 2.06107e-16 9.18317e-16 3.90006e-15 1.5775e-14 6.07287e-14 2.22404e-13 7.74684e-13 2.56666e-12 8.09146e-12 2.42859e-11 6.94492e-11 1.89353e-10 4.925e-10 1.22228e-09 2.89426e-09 6.53689e-09 1.40773e-08 2.8899e-08 5.65515e-08 1.05501e-07 1.87665e-07 3.18308e-07 5.14661e-07 7.92526e-07 1.16025e-06 1.61085e-06 2.11596e-06 2.62785e-06 3.09265e-06 3.46895e-06 3.74008e-06 3.91309e-06 4.00752e-06 4.04215e-06 4.02553e-06 3.95212e-06 3.80447e-06 3.56153e-06 3.21196e-06 2.76681e-06 2.263e-06 1.75297e-06 1.28659e-06 8.9658e-07 5.94683e-07 3.76154e-07 2.2717e-07 1.31073e-07 7.22713e-08 3.80852e-08 1.9183e-08 9.23689e-09 4.25328e-09 1.87371e-09 7.9005e-10 3.18948e-10 1.23294e-10 4.56317e-11 1.61649e-11 5.47911e-12 1.77642e-12 5.50814e-13 1.63341e-13 4.63345e-14 1.25779e-14 3.26931e-15 8.14233e-16 1.94464e-16 4.45767e-17 9.81653e-18 2.07874e-18 4.23692e-19 8.31994e-20 1.57549e-20 2.8796e-21 5.08456e-22 8.6806e-23 1.43409e-23 2.29442e-24 3.55769e-25 5.35025e-26 7.80886e-27 1.10838e-27 
7.36564e-28 2.73223e-28 1.44091e-27 1.15223e-26 8.98651e-26 6.77093e-25 4.92411e-24 3.45369e-23 2.33429e-22 1.519e-21 9.50809e-21 5.71922e-20 3.30256e-19 1.82885e-18 9.70166e-18 4.92467e-17 2.38938e-16 1.10685e-15 4.89011e-15 2.05843e-14 8.248e-14 3.14359e-13 1.13902e-12 3.9223e-12 1.28369e-11 3.99422e-11 1.18231e-10 3.33204e-10 8.94854e-10 2.29181e-09 5.6e-09 1.30564e-08 2.90406e-08 6.16043e-08 1.2461e-07 2.40348e-07 4.42133e-07 7.75897e-07 1.29917e-06 2.07535e-06 3.16064e-06 4.58193e-06 6.30829e-06 8.22977e-06 1.01661e-05 1.19162e-05 1.33278e-05 1.43417e-05 1.49866e-05 1.53373e-05 1.54644e-05 1.53992e-05 1.51204e-05 1.45615e-05 1.36429e-05 1.23218e-05 1.06389e-05 8.73214e-06 6.79721e-06 5.02066e-06 3.52622e-06 2.36026e-06 1.50818e-06 9.20899e-07 5.37566e-07 3.00029e-07 1.60104e-07 8.16861e-08 3.98524e-08 1.85973e-08 8.30429e-09 3.5495e-09 1.45252e-09 5.69028e-10 2.1334e-10 7.65146e-11 2.62393e-11 8.60079e-12 2.69417e-12 8.06547e-13 2.30816e-13 6.31737e-14 1.6547e-14 4.15102e-15 9.98201e-16 2.30314e-16 5.10368e-17 1.08728e-17 2.2291e-18 4.40223e-19 8.3828e-20 1.54058e-20 2.73498e-21 4.69431e-22 7.79657e-23 1.25399e-23 1.95469e-24 2.95506e-25 4.33575e-26 6.18682e-27 
3.98484e-27 1.54061e-27 8.24944e-27 6.55427e-26 5.07686e-25 3.79906e-24 2.74397e-23 1.91142e-22 1.28303e-21 8.29144e-21 5.15381e-20 3.07823e-19 1.7648e-18 9.70166e-18 5.10816e-17 2.57308e-16 1.23853e-15 5.69014e-15 2.49231e-14 1.03962e-13 4.12583e-13 1.55649e-12 5.57827e-12 1.89849e-11 6.13551e-11 1.88344e-10 5.49527e-10 1.52531e-09 4.03184e-09 1.01588e-08 2.44163e-08 5.59947e-08 1.22528e-07 2.55772e-07 5.09263e-07 9.67215e-07 1.75272e-06 3.03159e-06 5.00645e-06 7.89432e-06 1.18801e-05 1.70406e-05 2.32489e-05 3.01056e-05 3.69728e-05 4.31494e-05 4.81115e-05 5.16632e-05 5.39156e-05 5.51354e-05 5.55715e-05 5.53327e-05 5.43403e-05 5.23583e-05 4.91042e-05 4.44249e-05 3.84616e-05 3.16945e-05 2.48077e-05 1.84547e-05 1.30741e-05 8.83894e-06 5.71088e-06 3.52896e-06 2.08612e-06 1.1797e-06 6.3809e-07 3.30095e-07 1.63333e-07 7.73212e-08 3.5031e-08 1.51928e-08 6.30752e-09 2.50606e-09 9.52405e-10 3.4601e-10 1.20102e-10 3.98134e-11 1.26025e-11 3.80947e-12 1.10002e-12 3.03603e-13 8.01474e-14 2.02546e-14 4.90476e-15 1.13922e-15 2.54065e-16 5.44602e-17 1.12321e-17 2.23119e-18 4.27299e-19 7.89707e-20 1.40974e-20 2.43299e-21 4.06289e-22 6.57018e-23 1.02968e-23 1.56505e-24 2.30869e-25 3.31226e-26 
2.06697e-26 8.33686e-27 4.52841e-26 3.57413e-25 2.74912e-24 2.0428e-23 1.46514e-22 1.01344e-21 6.75473e-21 4.33422e-20 2.67479e-19 1.58601e-18 9.02598e-18 4.92467e-17 2.57308e-16 1.2859e-15 6.13926e-15 2.7967e-14 1.21417e-13 5.01772e-13 1.97181e-12 7.36116e-12 2.60872e-11 8.77208e-11 2.79838e-10 8.47117e-10 2.43492e-09 6.65197e-09 1.72923e-08 4.28256e-08 1.01138e-07 2.27896e-07 4.90047e-07 1.0055e-06 1.96847e-06 3.67728e-06 6.55728e-06 1.11668e-05 1.81691e-05 2.82517e-05 4.19718e-05 5.95152e-05 8.04002e-05 0.000103272 0.000126025 0.000146382 0.000162665 0.000174279 0.00018162 0.00018558 0.000186976 0.00018616 0.000182865 0.000176304 0.000165543 0.000150068 0.000130333 0.000107894 8.49777e-05 6.37209e-05 4.55774e-05 3.11535e-05 2.03735e-05 1.27541e-05 7.64327e-06 4.38406e-06 2.40619e-06 1.26349e-06 6.34771e-07 3.05177e-07 1.40435e-07 6.18624e-08 2.60803e-08 1.05175e-08 4.05436e-09 1.49285e-09 5.247e-10 1.75966e-10 5.63004e-11 1.71879e-11 5.00895e-12 1.39431e-12 3.71037e-13 9.44762e-14 2.3042e-14 5.38855e-15 1.20963e-15 2.60937e-16 5.41488e-17 1.0821e-17 2.08458e-18 3.87494e-19 6.95697e-20 1.20747e-20 2.02771e-21 3.29739e-22 5.19647e-23 7.94225e-24 1.17811e-24 1.69967e-25 
1.02737e-25 4.32697e-26 2.38186e-25 1.86714e-24 1.42583e-23 1.05188e-22 7.48997e-22 5.14336e-21 3.40319e-20 2.16769e-19 1.32786e-18 7.81454e-18 4.41346e-17 2.38938e-16 1.23853e-15 6.13926e-15 2.90645e-14 1.31249e-13 5.64628e-13 2.31115e-12 8.9906e-12 3.32041e-11 1.16324e-10 3.86333e-10 1.21608e-09 3.62854e-09 1.02691e-08 2.75929e-08 7.04846e-08 1.71407e-07 3.97315e-07 8.78593e-07 1.85421e-06 3.73493e-06 7.18046e-06 1.31776e-05 2.30951e-05 3.86774e-05 6.19313e-05 9.48562e-05 0.000138971 0.000194612 0.00026009 0.000331127 0.000401279 0.000463682 0.000513371 0.000548674 0.000570912 0.000582857 0.000587011 0.000584425 0.000574252 0.000554068 0.000520984 0.000473401 0.000412644 0.000343397 0.000272378 0.000206074 0.000148974 0.000103066 6.83015e-05 4.33671e-05 2.63781e-05 1.53648e-05 8.56737e-06 4.57199e-06 2.33503e-06 1.14148e-06 5.34164e-07 2.39257e-07 1.02527e-07 4.20017e-08 1.64342e-08 6.13622e-09 2.18483e-09 7.41518e-10 2.39873e-10 7.39777e-11 2.17624e-11 6.11113e-12 1.6396e-12 4.20731e-13 1.0337e-13 2.43443e-14 5.50192e-15 1.19464e-15 2.4949e-16 5.01687e-17 9.72365e-18 1.81837e-18 3.28405e-19 5.73339e-20 9.68432e-21 1.58396e-21 2.51062e-22 3.8593e-23 5.75754e-24 8.35449e-25 
4.89066e-25 2.15275e-25 1.1997e-24 9.33826e-24 7.07827e-23 5.18306e-22 3.66309e-21 2.4966e-20 1.63946e-19 1.03633e-18 6.29945e-18 3.67842e-17 2.06107e-16 1.10685e-15 5.69014e-15 2.7967e-14 1.31249e-13 5.87341e-13 2.50297e-12 1.01443e-11 3.90518e-11 1.42633e-10 4.93789e-10 1.61917e-09 5.02696e-09 1.47776e-08 4.11542e-08 1.08686e-07 2.72576e-07 6.50216e-07 1.47756e-06 3.20232e-06 6.62393e-06 1.30803e-05 2.46611e-05 4.44015e-05 7.63814e-05 0.000125629 0.000197714 0.000297921 0.000429926 0.000593924 0.00078446 0.000989043 0.00118944 0.00136659 0.00150694 0.00160626 0.00166859 0.00170193 0.00171336 0.00170579 0.00167674 0.00161929 0.00152516 0.00138971 0.0012165 0.00101847 0.000814337 0.000622305 0.000455222 0.000319167 0.000214604 0.000138382 8.5543e-05 5.06676e-05 2.8741e-05 1.56086e-05 8.11493e-06 4.03908e-06 1.92456e-06 8.77545e-07 3.82625e-07 1.59366e-07 6.33354e-08 2.39934e-08 8.65793e-09 2.9748e-09 9.73252e-10 3.03299e-10 9.00886e-11 2.55266e-11 6.90687e-12 1.78655e-12 4.4229e-13 1.04924e-13 2.38804e-14 5.2206e-15 1.09752e-15 2.2213e-16 4.33277e-17 8.15338e-18 1.48167e-18 2.60261e-19 4.42284e-20 7.27769e-21 1.16047e-21 1.79454e-22 2.69318e-23 3.9314e-24 
2.22882e-24 1.02618e-24 5.78347e-24 4.46884e-23 3.3613e-22 2.44233e-21 1.71272e-20 1.15821e-19 7.54589e-19 4.73201e-18 2.85333e-17 1.65259e-16 9.18317e-16 4.89011e-15 2.49231e-14 1.21417e-13 5.64628e-13 2.50297e-12 1.05621e-11 4.2369e-11 1.61347e-10 5.82574e-10 1.99225e-09 6.44718e-09 1.97335e-08 5.71229e-08 1.56449e-07 4.05798e-07 9.98302e-07 2.33348e-06 5.19195e-06 1.10131e-05 2.22944e-05 4.30936e-05 7.95563e-05 0.000140317 0.000236576 0.000381606 0.000589447 0.000872618 0.00123874 0.00168606 0.00219842 0.00274224 0.00327015 0.00373358 0.00409877 0.00435607 0.00451697 0.00460264 0.00463158 0.00461122 0.0045349 0.00438434 0.00413775 0.00378262 0.00332749 0.00280516 0.00226342 0.00174922 0.0012965 0.000922463 0.000630214 0.0004133 0.000260032 0.000156847 9.06446e-05 5.01719e-05 2.6593e-05 1.34966e-05 6.55709e-06 3.04742e-06 1.35338e-06 5.73599e-07 2.31699e-07 8.91042e-08 3.26001e-08 1.13439e-08 3.75477e-09 1.18274e-09 3.54824e-10 1.01479e-10 2.76992e-11 7.22446e-12 1.80275e-12 4.30928e-13 9.88008e-14 2.17538e-14 4.60518e-15 9.38413e-16 1.8427e-16 3.49047e-17 6.38434e-18 1.12866e-18 1.93028e-19 3.19636e-20 5.12885e-21 7.98085e-22 1.2052e-22 1.77031e-23 
9.7211e-24 4.68485e-24 2.66729e-23 2.0453e-22 1.52613e-21 1.09998e-20 7.65135e-20 5.13192e-19 3.31599e-18 2.06214e-17 1.23296e-16 7.08001e-16 3.90006e-15 2.05843e-14 1.03962e-13 5.01772e-13 2.31115e-12 1.01443e-11 4.2369e-11 1.68142e-10 6.3312e-10 2.25884e-09 7.62695e-09 2.43472e-08 7.34329e-08 2.09204e-07 5.63137e-07 1.43355e-06 3.45632e-06 7.9078e-06 1.72051e-05 3.5666e-05 7.05464e-05 0.000133256 0.000240487 0.000414826 0.000684376 0.00108092 0.00163619 0.00237618 0.00331342 0.00443745 0.00570459 0.00703223 0.00830811 0.00941953 0.0102902 0.0109009 0.0112812 0.0114828 0.0115499 0.0114999 0.0113164 0.0109552 0.0103636 0.00951052 0.00841419 0.00714998 0.00582901 0.00456194 0.00343095 0.00248104 0.00172491 0.0011523 0.000739061 0.000454708 0.000268168 0.000151531 8.20179e-05 4.25125e-05 2.10898e-05 1.0003e-05 4.52966e-06 1.95519e-06 8.03278e-07 3.13767e-07 1.16446e-07 4.1053e-08 1.37525e-08 4.38032e-09 1.32774e-09 3.83421e-10 1.05616e-10 2.77867e-11 6.99154e-12 1.68467e-12 3.89252e-13 8.63519e-14 1.8415e-14 3.77956e-15 7.47428e-16 1.42567e-16 2.62561e-17 4.67331e-18 8.04627e-19 1.34127e-19 2.16644e-20 3.39327e-21 5.15768e-22 7.62564e-23 
4.05701e-23 2.04776e-23 1.17644e-22 8.94944e-22 6.62224e-21 4.73304e-20 3.26437e-19 2.17074e-18 1.39048e-17 8.57124e-17 5.0792e-16 2.89028e-15 1.5775e-14 8.248e-14 4.12583e-13 1.97181e-12 8.9906e-12 3.90518e-11 1.61347e-10 6.3312e-10 2.35588e-09 8.30098e-09 2.76588e-08 8.705e-08 2.58569e-07 7.24559e-07 1.91568e-06 4.78253e-06 1.12905e-05 2.52567e-05 5.3663e-05 0.000108548 0.000209428 0.000385887 0.000679543 0.00114432 0.0018441 0.002847 0.00421614 0.00599685 0.00820128 0.0107909 0.0136586 0.0166197 0.0194332 0.0218631 0.0237543 0.0250741 0.0258928 0.0263248 0.0264665 0.0263549 0.0259536 0.0251651 0.0238732 0.0220067 0.0195994 0.0168069 0.0138629 0.0110036 0.00841069 0.00619168 0.00438801 0.00299114 0.00195912 0.00123165 0.000742589 0.000429144 0.000237623 0.000126003 6.39247e-05 3.09831e-05 1.43208e-05 6.30081e-06 2.63468e-06 1.04587e-06 3.93919e-07 1.40766e-07 4.77463e-08 1.53841e-08 4.7136e-09 1.37503e-09 3.82411e-10 1.01533e-10 2.57725e-11 6.26291e-12 1.45901e-12 3.26265e-13 7.01233e-14 1.45029e-14 2.88965e-15 5.55271e-16 1.03011e-16 1.84671e-17 3.20224e-18 5.37562e-19 8.74336e-20 1.37893e-20 2.1103e-21 3.14147e-22 
1.61999e-22 8.56795e-23 4.96119e-22 3.74284e-21 2.74557e-20 1.94511e-19 1.32963e-18 8.76215e-18 5.56139e-17 3.3964e-16 1.9937e-15 1.12363e-14 6.07287e-14 3.14359e-13 1.55649e-12 7.36116e-12 3.32041e-11 1.42633e-10 5.82574e-10 2.25884e-09 8.30098e-09 2.8867e-08 9.48565e-08 2.94149e-07 8.59935e-07 2.36866e-06 6.14687e-06 1.50381e-05 3.47305e-05 7.58781e-05 0.000157229 0.000309842 0.000582064 0.00104419 0.00179077 0.00293824 0.00461642 0.00695369 0.0100566 0.0139852 0.0187271 0.0241703 0.0300779 0.0360781 0.0417062 0.04652 0.0502399 0.0528218 0.0544165 0.0552543 0.0555253 0.0553009 0.0545076 0.0529516 0.0503998 0.0467032 0.0419137 0.036317 0.0303525 0.0244742 0.0190447 0.0142979 0.0103476 0.00721076 0.00483206 0.00311003 0.00192069 0.00113743 0.000645524 0.000350796 0.000182285 9.03998e-05 4.26943e-05 1.91631e-05 8.16111e-06 3.29433e-06 1.25991e-06 4.56591e-07 1.56891e-07 5.11644e-08 1.58546e-08 4.67466e-09 1.31333e-09 3.52105e-10 9.02152e-11 2.21221e-11 5.19902e-12 1.1726e-12 2.54139e-13 5.29932e-14 1.06439e-14 2.06152e-15 3.85423e-16 6.96268e-17 1.21649e-17 2.05738e-18 3.37096e-19 5.3551e-20 8.25435e-21 1.2376e-21 
6.18943e-22 3.43105e-22 2.00011e-21 1.49593e-20 1.08746e-19 7.63355e-19 5.16953e-18 3.37444e-17 2.12115e-16 1.2827e-15 7.45424e-15 4.1583e-14 2.22404e-13 1.13902e-12 5.57827e-12 2.60872e-11 1.16324e-10 4.93789e-10 1.99225e-09 7.62695e-09 2.76588e-08 9.48565e-08 3.07161e-07 9.37794e-07 2.69637e-06 7.29519e-06 1.85681e-05 4.44793e-05 0.000100403 0.000214006 0.000431907 0.000827888 0.00151157 0.00263482 0.00439154 0.00700629 0.0107108 0.0157107 0.0221477 0.0300593 0.0393439 0.04973 0.0607494 0.0717333 0.081886 0.0904748 0.0970587 0.101602 0.104395 0.105856 0.106322 0.105919 0.104511 0.101754 0.0972248 0.0906412 0.082061 0.0719434 0.0610198 0.0500666 0.0397328 0.0304762 0.0225662 0.0161069 0.011065 0.00730589 0.00463127 0.00281629 0.00164147 0.000915818 0.000488179 0.000248032 0.000119814 5.49072e-05 2.38325e-05 9.7888e-06 3.80373e-06 1.39882e-06 4.8723e-07 1.60923e-07 5.04662e-08 1.50495e-08 4.27417e-09 1.15789e-09 2.99662e-10 7.41995e-11 1.76035e-11 4.00707e-12 8.76303e-13 1.84341e-13 3.7346e-14 7.29464e-15 1.37517e-15 2.50458e-16 4.41109e-17 7.51923e-18 1.24159e-18 1.9875e-19 3.08664e-20 4.66264e-21 
2.26287e-21 1.31487e-21 7.708e-21 5.71353e-20 4.11457e-19 2.86074e-18 1.91847e-17 1.23985e-16 7.7145e-16 4.61671e-15 2.65447e-14 1.46471e-13 7.74684e-13 3.9223e-12 1.89849e-11 8.77208e-11 3.86333e-10 1.61917e-09 6.44718e-09 2.43472e-08 8.705e-08 2.94149e-07 9.37794e-07 2.81647e-06 7.9575e-06 2.11295e-05 5.27033e-05 0.000123512 0.000272248 0.000565538 0.00111026 0.00206689 0.00366114 0.00618846 0.0100031 0.0154848 0.0229857 0.0327674 0.0449422 0.0594242 0.0758979 0.0938015 0.112317 0.130383 0.146804 0.160522 0.170944 0.178088 0.18246 0.184737 0.185455 0.18481 0.182585 0.178227 0.171052 0.160574 0.146818 0.130417 0.11243 0.0940246 0.0762314 0.0598477 0.0454252 0.0332748 0.0234818 0.0159389 0.0103934 0.00650392 0.00390095 0.00223847 0.00122586 0.000638853 0.000315955 0.000147955 6.55008e-05 2.73942e-05 1.08233e-05 4.04197e-06 1.42823e-06 4.78122e-07 1.51867e-07 4.58425e-08 1.31723e-08 3.60867e-09 9.44112e-10 2.36243e-10 5.66232e-11 1.3018e-11 2.87465e-12 6.10474e-13 1.24827e-13 2.46037e-14 4.6795e-15 8.59693e-16 1.52701e-16 2.62471e-17 4.36946e-18 7.05063e-19 1.10361e-19 1.68013e-20 
7.91749e-21 4.82171e-21 2.83938e-20 2.08532e-19 1.48725e-18 1.02382e-17 6.79646e-17 4.34674e-16 2.67578e-15 1.5838e-14 9.00413e-14 4.91105e-13 2.56666e-12 1.28369e-11 6.13551e-11 2.79838e-10 1.21608e-09 5.02696e-09 1.97335e-08 7.34329e-08 2.58569e-07 8.59935e-07 2.69637e-06 7.9575e-06 2.20701e-05 5.74574e-05 0.000140313 0.000321402 0.000691128 0.00139773 0.00266607 0.00481345 0.00825774 0.0135091 0.0211327 0.0316749 0.0455619 0.0630031 0.0839224 0.107926 0.134306 0.16207 0.189969 0.216537 0.240227 0.259737 0.274405 0.28439 0.290469 0.293622 0.294607 0.293696 0.290582 0.284477 0.274393 0.259582 0.239956 0.216237 0.189738 0.161975 0.134376 0.10816 0.0843037 0.0634976 0.0461235 0.0322533 0.0216813 0.0139914 0.0086525 0.00511512 0.0028818 0.0015422 0.000781621 0.000374326 0.000169161 7.20981e-05 2.89878e-05 1.10032e-05 3.94784e-06 1.34082e-06 4.31782e-07 1.32062e-07 3.84284e-08 1.06569e-08 2.82111e-09 7.14025e-10 1.73046e-10 4.02148e-11 8.97379e-12 1.92524e-12 3.97592e-13 7.91273e-14 1.51921e-14 2.81675e-15 5.04819e-16 8.75324e-17 1.46967e-17 2.39131e-18 3.77361e-19 5.79134e-20 
2.65133e-20 1.69164e-20 9.99672e-20 7.27284e-19 5.13574e-18 3.49952e-17 2.2988e-16 1.45438e-15 8.8535e-15 5.18037e-14 2.9103e-13 1.56797e-12 8.09146e-12 3.99422e-11 1.88344e-10 8.47117e-10 3.62854e-09 1.47776e-08 5.71229e-08 2.09204e-07 7.24559e-07 2.36866e-06 7.29519e-06 2.11295e-05 5.74574e-05 0.000146491 0.000349857 0.000782466 0.00163982 0.00322545 0.00597097 0.0104417 0.0173232 0.0273798 0.0413717 0.0599233 0.0833684 0.111632 0.14419 0.180105 0.218111 0.256715 0.294282 0.32909 0.359455 0.384054 0.402335 0.414678 0.422153 0.426015 0.427214 0.426086 0.422247 0.414706 0.402195 0.383685 0.358878 0.328406 0.293611 0.25615 0.217714 0.179915 0.144226 0.111888 0.0838117 0.0604988 0.0420108 0.0280127 0.0178931 0.0109139 0.00633344 0.00348403 0.00181123 0.000887911 0.000409974 0.000178244 7.30043e-05 2.81966e-05 1.0284e-05 3.54769e-06 1.1596e-06 3.59772e-07 1.06139e-07 2.98275e-08 7.99791e-09 2.04954e-09 5.02711e-10 1.18194e-10 2.66733e-11 5.78533e-12 1.20747e-12 2.42785e-13 4.70798e-14 8.81371e-15 1.59447e-15 2.78998e-16 4.72597e-17 7.75607e-18 1.23423e-18 1.90987e-19 
8.49707e-20 5.67655e-20 3.36329e-19 2.42355e-18 1.69423e-17 1.1425e-16 7.42459e-16 4.64527e-15 2.79534e-14 1.61616e-13 8.96746e-13 4.76953e-12 2.42859e-11 1.18231e-10 5.49527e-10 2.43492e-09 1.02691e-08 4.11542e-08 1.56449e-07 5.63137e-07 1.91568e-06 6.14687e-06 1.85681e-05 5.27033e-05 0.000140313 0.000349857 0.000816082 0.00177999 0.00363155 0.00694023 0.0124566 0.0210769 0.0337739 0.0514989 0.0750449 0.104865 0.140891 0.182433 0.228241 0.27666 0.32583 0.373872 0.418997 0.459547 0.494054 0.521493 0.541615 0.555079 0.563186 0.567359 0.568651 0.567429 0.563274 0.555086 0.541425 0.521028 0.493318 0.45862 0.417987 0.37287 0.324914 0.275906 0.227721 0.182198 0.140958 0.105211 0.0756041 0.0521775 0.034475 0.0217227 0.0129981 0.00735708 0.00392686 0.00197252 0.000931572 0.00041364 0.0001728 6.79994e-05 2.52453e-05 8.85782e-06 2.94269e-06 9.27339e-07 2.77721e-07 7.91825e-08 2.15299e-08 5.59186e-09 1.38945e-09 3.30782e-10 7.5553e-11 1.65784e-11 3.49904e-12 7.1118e-13 1.39352e-13 2.63512e-14 4.81362e-15 8.50221e-16 1.45333e-16 2.4062e-17 3.8618e-18 6.02609e-19 
2.60563e-19 1.82114e-19 1.08094e-18 7.71447e-18 5.33849e-17 3.56234e-16 2.28988e-15 1.41653e-14 8.42415e-14 4.81101e-13 2.63545e-12 1.38309e-11 6.94492e-11 3.33204e-10 1.52531e-09 6.65197e-09 2.75929e-08 1.08686e-07 4.05798e-07 1.43355e-06 4.78253e-06 1.50381e-05 4.44793e-05 0.000123512 0.000321402 0.000782466 0.00177999 0.00378101 0.0075006 0.0139125 0.0241882 0.0395657 0.0611833 0.0899172 0.126225 0.169977 0.220316 0.275655 0.33388 0.392666 0.449781 0.503295 0.551661 0.593682 0.628469 0.655553 0.675119 0.68808 0.695833 0.69981 0.701042 0.699886 0.695939 0.688126 0.674998 0.655182 0.627827 0.592808 0.550609 0.502116 0.448534 0.391435 0.332774 0.274789 0.219788 0.169838 0.126456 0.090436 0.0618741 0.040312 0.0248934 0.0145107 0.00796012 0.00410182 0.00198401 0.000900974 0.000384479 0.000154392 5.84376e-05 2.0887e-05 7.06316e-06 2.26408e-06 6.89229e-07 1.99618e-07 5.51001e-08 1.45191e-08 3.65797e-09 8.82471e-10 2.04142e-10 4.53437e-11 9.68273e-12 1.99019e-12 3.94184e-13 7.53135e-14 1.3895e-14 2.47781e-15 4.27466e-16 7.14052e-17 1.1559e-17 1.81897e-18 
7.64235e-19 5.58248e-19 3.317e-18 2.34468e-17 1.60619e-16 1.06058e-15 6.74314e-15 4.12396e-14 2.42344e-13 1.36686e-12 7.39033e-12 3.82567e-11 1.89353e-10 8.94854e-10 4.03184e-09 1.72923e-08 7.04846e-08 2.72576e-07 9.98302e-07 3.45632e-06 1.12905e-05 3.47305e-05 0.000100403 0.000272248 0.000691128 0.00163982 0.00363155 0.0075006 0.0144477 0.0259802 0.0437153 0.0690843 0.103044 0.145898 0.197222 0.255843 0.319841 0.386691 0.453606 0.517965 0.57763 0.631096 0.677469 0.716316 0.747516 0.771246 0.788103 0.799143 0.805701 0.809053 0.810095 0.809137 0.805836 0.799266 0.788133 0.771113 0.747183 0.715774 0.676712 0.630111 0.576421 0.516579 0.452142 0.385296 0.318684 0.255066 0.196892 0.145996 0.103488 0.0697568 0.0444869 0.0267305 0.0150877 0.00798632 0.00396235 0.00184336 0.000804956 0.000330436 0.000127736 4.65871e-05 1.60616e-05 5.24463e-06 1.62504e-06 4.78664e-07 1.34268e-07 3.5927e-08 9.18473e-09 2.24682e-09 5.26689e-10 1.18473e-10 2.5605e-11 5.32362e-12 1.06604e-12 2.05825e-13 3.83569e-14 6.90614e-15 1.2025e-15 2.02664e-16 3.30894e-17 5.25103e-18 
2.14278e-18 1.63389e-18 9.71223e-18 6.80026e-17 4.61187e-16 3.01357e-15 1.89525e-14 1.14596e-13 6.65431e-13 3.7064e-12 1.97776e-11 1.0097e-10 4.925e-10 2.29181e-09 1.01588e-08 4.28256e-08 1.71407e-07 6.50216e-07 2.33348e-06 7.9078e-06 2.52567e-05 7.58781e-05 0.000214006 0.000565538 0.00139773 0.00322545 0.00694023 0.0139125 0.0259802 0.0452361 0.0736037 0.112325 0.161591 0.220466 0.287093 0.358964 0.433148 0.506541 0.576248 0.639967 0.696211 0.744314 0.784264 0.816457 0.841481 0.860033 0.872968 0.881333 0.886262 0.888773 0.889559 0.888858 0.886416 0.881521 0.873146 0.860155 0.841511 0.816361 0.783993 0.743803 0.6954 0.638834 0.574834 0.504963 0.431587 0.357617 0.286111 0.219931 0.161519 0.112668 0.0742504 0.0460317 0.0267677 0.0145775 0.00743187 0.00354872 0.00158887 0.000668047 0.000264237 9.85067e-05 3.46787e-05 1.15511e-05 3.6473e-06 1.09373e-06 3.1204e-07 8.48437e-08 2.20217e-08 5.46494e-09 1.29859e-09 2.95886e-10 6.4734e-11 1.3616e-11 2.7568e-12 5.37895e-13 1.01251e-13 1.84059e-14 3.23444e-15 5.49952e-16 9.0558e-17 1.44909e-17 
5.73966e-18 4.56225e-18 2.71143e-17 1.88074e-16 1.26292e-15 8.1676e-15 5.08153e-14 3.03804e-13 1.74334e-12 9.59003e-12 5.05054e-11 2.54292e-10 1.22228e-09 5.6e-09 2.44163e-08 1.01138e-07 3.97315e-07 1.47756e-06 5.19195e-06 1.72051e-05 5.3663e-05 0.000157229 0.000431907 0.00111026 0.00266607 0.00597097 0.0124566 0.0241882 0.0437153 0.0736037 0.11571 0.170472 0.236592 0.311291 0.390973 0.471898 0.550602 0.624122 0.69021 0.74751 0.795587 0.834766 0.865869 0.889934 0.908 0.921028 0.929927 0.935601 0.938916 0.940598 0.941129 0.940674 0.939064 0.935811 0.930183 0.921313 0.908294 0.890204 0.866059 0.834791 0.795348 0.746925 0.689239 0.622802 0.549049 0.47028 0.389469 0.310073 0.235812 0.170224 0.115981 0.0742604 0.0445519 0.025006 0.0131257 0.00644625 0.00296528 0.00127949 0.000518751 0.000197988 7.12695e-05 2.42435e-05 7.80811e-06 2.38549e-06 6.92609e-07 1.91447e-07 5.04664e-08 1.27075e-08 3.06128e-09 7.06601e-10 1.56491e-10 3.32992e-11 6.81641e-12 1.34394e-12 2.55503e-13 4.68895e-14 8.31494e-15 1.42615e-15 2.3681e-16 3.82056e-17 
1.4678e-17 1.21437e-17 7.21202e-17 4.95646e-16 3.29596e-15 2.11001e-14 1.29888e-13 7.67949e-13 4.35554e-12 2.36664e-11 1.23029e-10 6.10986e-10 2.89426e-09 1.30564e-08 5.59947e-08 2.27896e-07 8.78593e-07 3.20232e-06 1.10131e-05 3.5666e-05 0.000108548 0.000309842 0.000827888 0.00206689 0.00481345 0.0104417 0.0210769 0.0395657 0.0690843 0.112325 0.170472 0.242426 0.32478 0.41263 0.500816 0.584936 0.661792 0.729373 0.786719 0.833787 0.871271 0.900341 0.92237 0.938709 0.950534 0.958812 0.964342 0.967813 0.969822 0.970837 0.971159 0.970895 0.969943 0.968 0.964597 0.959139 0.950931 0.939163 0.922842 0.900763 0.871549 0.833813 0.786395 0.728643 0.66066 0.58346 0.499113 0.410894 0.323277 0.241426 0.170134 0.11262 0.0698123 0.0404587 0.021909 0.0110892 0.005251 0.00232929 0.000969493 0.000379297 0.00013975 4.85865e-05 1.59707e-05 4.97312e-06 1.46983e-06 4.13092e-07 1.106e-07 2.82578e-08 6.90107e-09 1.61351e-09 3.61699e-10 7.78504e-11 1.61097e-11 3.20905e-12 6.1609e-13 1.14124e-13 2.0419e-14 3.53226e-15 5.91364e-16 9.61785e-17 
3.58137e-17 3.079e-17 1.82637e-16 1.24382e-15 8.19229e-15 5.19239e-14 3.16311e-13 1.84979e-12 1.03713e-11 5.56753e-11 2.85744e-10 1.39996e-09 6.53689e-09 2.90406e-08 1.22528e-07 4.90047e-07 1.85421e-06 6.62393e-06 2.22944e-05 7.05464e-05 0.000209428 0.000582064 0.00151157 0.00366114 0.00825774 0.0173232 0.0337739 0.0611833 0.103044 0.161591 0.236592 0.32478 0.420379 0.516616 0.607453 0.688716 0.758295 0.815719 0.861589 0.897151 0.923988 0.943769 0.958063 0.968211 0.97528 0.980075 0.983202 0.985132 0.986236 0.986792 0.98697 0.986832 0.986322 0.985271 0.983406 0.980356 0.975651 0.968677 0.958613 0.94437 0.924578 0.897641 0.86187 0.815677 0.757823 0.687732 0.605941 0.514697 0.41835 0.32305 0.235521 0.161328 0.103478 0.0620259 0.0347141 0.0181401 0.00885618 0.00404406 0.00172979 0.000694276 0.000261976 9.31228e-05 3.12474e-05 9.91818e-06 2.98397e-06 8.5264e-07 2.31833e-07 6.00927e-08 1.48752e-08 3.52226e-09 7.99056e-10 1.73931e-10 3.6377e-11 7.31981e-12 1.41885e-12 2.65242e-13 4.78738e-14 8.35127e-15 1.40945e-15 2.31046e-16 
8.33289e-17 7.43149e-17 4.40078e-16 2.97049e-15 1.9382e-14 1.21648e-13 7.33498e-13 4.24364e-12 2.35259e-11 1.24797e-10 6.32493e-10 3.05779e-09 1.40773e-08 6.16043e-08 2.55772e-07 1.0055e-06 3.73493e-06 1.30803e-05 4.30936e-05 0.000133256 0.000385887 0.00104419 0.00263482 0.00618846 0.0135091 0.0273798 0.0514989 0.0899172 0.145898 0.220466 0.311291 0.41263 0.516616 0.615394 0.703064 0.776578 0.835475 0.880978 0.915093 0.940008 0.957786 0.970222 0.978779 0.984587 0.988474 0.991025 0.992645 0.993627 0.994182 0.99446 0.99455 0.994484 0.994235 0.993717 0.992783 0.991225 0.988755 0.984963 0.979263 0.970812 0.958464 0.940725 0.915771 0.881496 0.835668 0.77625 0.70205 0.613672 0.514405 0.410382 0.309524 0.219539 0.145865 0.0905522 0.0524489 0.0283302 0.0142743 0.00671485 0.00295317 0.00121635 0.000470112 0.000170856 5.85193e-05 1.89306e-05 5.79654e-06 1.68358e-06 4.64778e-07 1.22194e-07 3.06514e-08 7.34867e-09 1.68672e-09 3.7122e-10 7.8453e-11 1.59432e-11 3.11955e-12 5.88417e-13 1.07116e-13 1.88393e-14 3.2046e-15 5.29391e-16 
1.84797e-16 1.70646e-16 1.00846e-15 6.74798e-15 4.36274e-14 2.71209e-13 1.61899e-12 9.26868e-12 5.08185e-11 2.6645e-10 1.33388e-09 6.36497e-09 2.8899e-08 1.2461e-07 5.09263e-07 1.96847e-06 7.18046e-06 2.46611e-05 7.95563e-05 0.000240487 0.000679543 0.00179077 0.00439154 0.0100031 0.0211327 0.0413717 0.0750449 0.126225 0.197222 0.287093 0.390973 0.500816 0.607453 0.703064 0.782912 0.845699 0.892742 0.926704 0.95053 0.966868 0.97786 0.985139 0.9899 0.992985 0.994965 0.99622 0.996995 0.997455 0.997712 0.997839 0.997881 0.997852 0.997741 0.997506 0.997076 0.996344 0.995147 0.993244 0.990257 0.985614 0.978465 0.9676 0.951357 0.92754 0.893428 0.84599 0.782533 0.701835 0.605437 0.498385 0.388702 0.285516 0.196604 0.126488 0.0758689 0.042381 0.0220451 0.0106849 0.00483168 0.00204198 0.000808198 0.000300243 0.000104937 3.45867e-05 1.07752e-05 3.18019e-06 8.91121e-07 2.3756e-07 6.03686e-08 1.46505e-08 3.40138e-09 7.56698e-10 1.61556e-10 3.31497e-11 6.54601e-12 1.24555e-12 2.28639e-13 4.05345e-14 6.94799e-15 1.15645e-15 
