5.30192e-11 5.56937e-11 8.26786e-11 1.44451e-10 2.63702e-10 4.82139e-10 8.72117e-10 1.55552e-09 2.73337e-09 4.73093e-09 8.06514e-09 1.35427e-08 2.24002e-08 3.64987e-08 5.85889e-08 9.26617e-08 1.44401e-07 2.21753e-07 3.35611e-07 5.00632e-07 7.3614e-07 1.06711e-06 1.52513e-06 2.14933e-06 2.98703e-06 4.09411e-06 5.53485e-06 7.38105e-06 9.71036e-06 1.26036e-05 1.61413e-05 2.03985e-05 2.544e-05 3.13138e-05 3.80449e-05 4.56296e-05 5.40304e-05 6.31722e-05 7.29411e-05 8.3185e-05 9.37165e-05 0.000104319 0.000114754 0.00012477 0.000134114 0.00014254 0.000149823 0.000155762 0.000160193 0.000162992 0.000164081 0.000163429 0.000161055 0.000157028 0.000151461 0.000144509 0.000136365 0.00012725 0.000117406 0.000107083 9.65347e-05 8.60005e-05 7.57018e-05 6.58317e-05 5.65496e-05 4.79774e-05 4.01984e-05 3.32585e-05 2.71694e-05 2.19132e-05 1.74481e-05 1.37144e-05 1.06406e-05 8.14857e-06 6.15883e-06 4.59395e-06 3.38155e-06 2.45615e-06 1.76024e-06 1.24462e-06 8.6818e-07 5.97396e-07 4.0547e-07 2.71435e-07 1.79205e-07 1.16676e-07 7.49089e-08 4.74215e-08 2.95995e-08 1.82154e-08 1.10516e-08 6.61033e-09 3.89789e-09 2.26593e-09 1.29868e-09 7.34065e-10 4.09675e-10 2.26718e-10 1.26383e-10 7.48951e-11 
5.56937e-11 5.85867e-11 8.73995e-11 1.53474e-10 2.81411e-10 5.16557e-10 9.37813e-10 1.67852e-09 2.95922e-09 5.13788e-09 8.78487e-09 1.47926e-08 2.45321e-08 4.00714e-08 6.44729e-08 1.02188e-07 1.59565e-07 2.45493e-07 3.72175e-07 5.56041e-07 8.1878e-07 1.18844e-06 1.70052e-06 2.39902e-06 3.33716e-06 4.57782e-06 6.19332e-06 8.26447e-06 1.08786e-05 1.41268e-05 1.80993e-05 2.28808e-05 2.8544e-05 3.51424e-05 4.27042e-05 5.12247e-05 6.06613e-05 7.09293e-05 8.19001e-05 9.34024e-05 0.000105225 0.000117125 0.000128834 0.00014007 0.000150549 0.000159996 0.000168158 0.000174812 0.000179773 0.000182904 0.000184117 0.000183379 0.000180711 0.000176189 0.00016994 0.000162138 0.000152999 0.00014277 0.000131722 0.000120137 0.000108298 9.64734e-05 8.4913e-05 7.38335e-05 6.34139e-05 5.37915e-05 4.50599e-05 3.7271e-05 3.0438e-05 2.45406e-05 1.95321e-05 1.53451e-05 1.18993e-05 9.10689e-06 6.87836e-06 5.12665e-06 3.77037e-06 2.73592e-06 1.95864e-06 1.38326e-06 9.63644e-07 6.62146e-07 4.48725e-07 2.9989e-07 1.97635e-07 1.28426e-07 8.22807e-08 5.19725e-08 3.23634e-08 1.98664e-08 1.20212e-08 7.17016e-09 4.21554e-09 2.443e-09 1.39563e-09 7.86181e-10 4.37187e-10 2.41014e-10 1.33785e-10 7.89258e-11 
8.26786e-11 8.73995e-11 1.30855e-10 2.30142e-10 4.22217e-10 7.75093e-10 1.407e-09 2.51752e-09 4.43637e-09 7.69796e-09 1.31525e-08 2.21276e-08 3.66594e-08 5.9812e-08 9.61118e-08 1.52122e-07 2.37177e-07 3.64307e-07 5.51346e-07 8.22229e-07 1.20844e-06 1.75055e-06 2.49973e-06 3.51913e-06 4.88487e-06 6.68648e-06 9.02648e-06 1.20189e-05 1.57865e-05 2.04561e-05 2.61533e-05 3.29943e-05 4.10777e-05 5.04749e-05 6.12204e-05 7.33026e-05 8.66567e-05 0.000101159 0.000116625 0.000132812 0.000149422 0.000166113 0.000182512 0.000198226 0.000212862 0.000226041 0.000237412 0.00024667 0.000253561 0.000257898 0.000259561 0.000258506 0.000254761 0.000248432 0.000239694 0.000228787 0.000216008 0.000201698 0.000186231 0.00017 0.000153394 0.000136792 0.00012054 0.000104943 9.02539e-05 7.66676e-05 6.43189e-05 5.32843e-05 4.35863e-05 3.52008e-05 2.80651e-05 2.20881e-05 1.71589e-05 1.3156e-05 9.95476e-06 7.43307e-06 5.47647e-06 3.98096e-06 2.85491e-06 2.01963e-06 1.40924e-06 9.69824e-07 6.58195e-07 4.40485e-07 2.90659e-07 1.89094e-07 1.21278e-07 7.66764e-08 4.77852e-08 2.93531e-08 1.77715e-08 1.06044e-08 6.23642e-09 3.6147e-09 2.06503e-09 1.16313e-09 6.46655e-10 3.56383e-10 1.97794e-10 1.16767e-10 
1.44451e-10 1.53474e-10 2.30142e-10 4.04377e-10 7.40515e-10 1.35657e-09 2.4571e-09 4.38631e-09 7.7111e-09 1.33471e-08 2.2746e-08 3.81667e-08 6.30592e-08 1.02596e-07 1.64385e-07 2.59411e-07 4.0323e-07 6.1745e-07 9.3151e-07 1.38473e-06 2.02856e-06 2.92896e-06 4.1687e-06 5.84934e-06 8.09263e-06 1.10409e-05 1.48563e-05 1.97178e-05 2.58168e-05 3.33498e-05 4.25091e-05 5.34709e-05 6.63819e-05 8.13449e-05 9.84038e-05 0.00011753 0.000138612 0.000161448 0.000185742 0.000211109 0.000237082 0.00026313 0.000288672 0.000313105 0.000335825 0.00035625 0.000373848 0.000388153 0.000398782 0.000405449 0.000407977 0.000406298 0.000400458 0.000390617 0.000377042 0.000360098 0.000340239 0.000317987 0.000293913 0.00026862 0.000242709 0.000216764 0.000191324 0.000166864 0.000143781 0.000122386 0.000102894 8.54354e-05 7.0052e-05 5.67149e-05 4.53342e-05 3.57738e-05 2.7866e-05 2.14247e-05 1.62571e-05 1.21736e-05 8.99498e-06 6.55754e-06 4.71624e-06 3.34597e-06 2.34138e-06 1.61585e-06 1.09968e-06 7.3794e-07 4.88235e-07 3.18456e-07 2.04761e-07 1.29775e-07 8.10684e-08 4.9912e-08 3.02853e-08 1.81099e-08 1.0672e-08 6.1977e-09 3.54728e-09 2.0016e-09 1.11477e-09 6.15486e-10 3.42355e-10 2.02796e-10 
2.63702e-10 2.81411e-10 4.22217e-10 7.40515e-10 1.35266e-09 2.47132e-09 4.46383e-09 7.94622e-09 1.39292e-08 2.40394e-08 4.08449e-08 6.83262e-08 1.12537e-07 1.82513e-07 2.91489e-07 4.58478e-07 7.10282e-07 1.08395e-06 1.62969e-06 2.41423e-06 3.5244e-06 5.07095e-06 7.192e-06 1.00561e-05 1.38642e-05 1.88496e-05 2.52763e-05 3.34341e-05 4.36302e-05 5.61776e-05 7.13794e-05 8.95099e-05 0.000110793 0.000135379 0.000163321 0.000194557 0.00022889 0.000265979 0.000305337 0.000346334 0.000388218 0.000430134 0.000471158 0.000510329 0.000546693 0.000579335 0.000607416 0.000630208 0.000647114 0.000657688 0.000661653 0.000658907 0.000649524 0.000633754 0.000612016 0.000584885 0.00055307 0.000517395 0.000478762 0.000438121 0.000396429 0.000354614 0.000313539 0.00027397 0.000236549 0.000201784 0.000170037 0.000141526 0.000116337 9.44362e-05 7.56925e-05 5.98986e-05 4.67934e-05 3.60837e-05 2.74631e-05 2.06279e-05 1.52889e-05 1.11806e-05 8.06634e-06 5.74056e-06 4.02951e-06 2.78945e-06 1.90418e-06 1.28166e-06 8.50497e-07 5.5637e-07 3.58764e-07 2.28021e-07 1.42834e-07 8.81773e-08 5.36447e-08 3.21609e-08 1.89998e-08 1.1061e-08 6.34601e-09 3.58923e-09 2.00366e-09 1.10897e-09 6.18631e-10 3.67936e-10 
4.82139e-10 5.16557e-10 7.75093e-10 1.35657e-09 2.47132e-09 4.50238e-09 8.10907e-09 1.43931e-08 2.51552e-08 4.32822e-08 7.33139e-08 1.22257e-07 2.00724e-07 3.24483e-07 5.16525e-07 8.09726e-07 1.2502e-06 1.90139e-06 2.84882e-06 4.20555e-06 6.11792e-06 8.77152e-06 1.23965e-05 1.72722e-05 2.37292e-05 3.21494e-05 4.29618e-05 5.66341e-05 7.36583e-05 9.4531e-05 0.000119728 0.000149675 0.000184709 0.000225049 0.000270752 0.00032169 0.000377518 0.000437664 0.000501325 0.00056748 0.000634914 0.000702259 0.000768043 0.000830745 0.000888856 0.00094094 0.000985683 0.00102195 0.0010488 0.00106555 0.00107177 0.00106729 0.00105225 0.00102703 0.000992291 0.000948924 0.000898046 0.000840948 0.000779051 0.000713853 0.000646871 0.00057958 0.000513358 0.000449433 0.000388849 0.000332432 0.000280784 0.000234279 0.000193078 0.000157151 0.00012631 0.000100241 7.85403e-05 6.0747e-05 4.6376e-05 3.49418e-05 2.59793e-05 1.90585e-05 1.37934e-05 9.84738e-06 6.93403e-06 4.81518e-06 3.29723e-06 2.22612e-06 1.48171e-06 9.72189e-07 6.28742e-07 4.00768e-07 2.51758e-07 1.55853e-07 9.50759e-08 5.7152e-08 3.38525e-08 1.97584e-08 1.13645e-08 6.44358e-09 3.60601e-09 2.00103e-09 1.11966e-09 6.68695e-10 
8.72117e-10 9.37813e-10 1.407e-09 2.4571e-09 4.46383e-09 8.10907e-09 1.45623e-08 2.57706e-08 4.49045e-08 7.70267e-08 1.30067e-07 2.16212e-07 3.53841e-07 5.70141e-07 9.04568e-07 1.41328e-06 2.17466e-06 3.29597e-06 4.92113e-06 7.23927e-06 1.0494e-05 1.49922e-05 2.11127e-05 2.93119e-05 4.01271e-05 5.41746e-05 7.21422e-05 9.47737e-05 0.000122846 0.000157135 0.000198376 0.000247216 0.000304157 0.000369501 0.000443298 0.000525294 0.000614902 0.000711173 0.000812807 0.000918163 0.00102531 0.00113209 0.00123619 0.00133523 0.00142687 0.00150888 0.00157923 0.00163616 0.00167825 0.00170444 0.00171407 0.0017069 0.00168312 0.00164334 0.00158856 0.00152017 0.00143989 0.00134972 0.00125186 0.00114864 0.00104244 0.000935563 0.000830181 0.000728243 0.000631413 0.000541025 0.000458064 0.000383161 0.000316609 0.000258404 0.000208282 0.00016578 0.00013028 0.000101074 7.74037e-05 5.85037e-05 4.36363e-05 3.21142e-05 2.33169e-05 1.66998e-05 1.17967e-05 8.21798e-06 5.64503e-06 3.82309e-06 2.55247e-06 1.67982e-06 1.08962e-06 6.96575e-07 4.3884e-07 2.72436e-07 1.66657e-07 1.00453e-07 5.96596e-08 3.49121e-08 2.01321e-08 1.14438e-08 6.42054e-09 3.57235e-09 2.00509e-09 1.20251e-09 
1.55552e-09 1.67852e-09 2.51752e-09 4.38631e-09 7.94622e-09 1.43931e-08 2.57706e-08 4.54686e-08 7.89863e-08 1.35069e-07 2.27359e-07 3.76734e-07 6.1454e-07 9.86936e-07 1.5606e-06 2.42997e-06 3.72621e-06 5.62789e-06 8.37327e-06 1.22738e-05 1.77283e-05 2.52365e-05 3.5411e-05 4.89856e-05 6.68185e-05 8.98871e-05 0.000119275 0.000156143 0.000201694 0.00025712 0.000323533 0.000401893 0.000492927 0.000597037 0.000714227 0.000844028 0.000985451 0.00113696 0.00129648 0.00146142 0.00162877 0.00179518 0.00195709 0.00211085 0.00225287 0.00237977 0.00248848 0.00257632 0.00264116 0.00268141 0.00269607 0.00268479 0.00264787 0.00258621 0.00250135 0.00239538 0.0022709 0.00213096 0.0019789 0.0018183 0.00165277 0.0014859 0.00132102 0.00116119 0.00100901 0.00086659 0.000735524 0.00061685 0.000511095 0.000418315 0.000338162 0.000269966 0.00021281 0.000165622 0.00012724 9.64819e-05 7.21975e-05 5.33075e-05 3.88313e-05 2.79022e-05 1.97742e-05 1.38197e-05 9.52329e-06 6.47002e-06 4.33316e-06 2.86048e-06 1.86108e-06 1.19329e-06 7.5397e-07 4.69416e-07 2.87964e-07 1.74052e-07 1.03651e-07 6.08166e-08 3.51618e-08 2.00388e-08 1.12719e-08 6.28868e-09 3.54088e-09 2.13251e-09 
2.73337e-09 2.95922e-09 4.43637e-09 7.7111e-09 1.39292e-08 2.51552e-08 4.49045e-08 7.89863e-08 1.36788e-07 2.33176e-07 3.91248e-07 6.46196e-07 1.05062e-06 1.68163e-06 2.65006e-06 4.11214e-06 6.28372e-06 9.45711e-06 1.40202e-05 2.04772e-05 2.94698e-05 4.17973e-05 5.84333e-05 8.05365e-05 0.000109452 0.000146703 0.00019396 0.000253005 0.000325661 0.000413716 0.000518816 0.000642354 0.000785345 0.000948295 0.00113109 0.0013329 0.00155209 0.00178622 0.00203203 0.00228554 0.00254213 0.00279671 0.00304387 0.00327814 0.00349415 0.00368685 0.00385167 0.00398469 0.00408271 0.0041434 0.00416531 0.00414794 0.0040917 0.00399795 0.00386897 0.00370784 0.00351845 0.00330531 0.00307343 0.00282815 0.00257492 0.00231912 0.00206587 0.00181979 0.0015849 0.00136451 0.00116111 0.000976397 0.000811277 0.000665945 0.000539969 0.000432412 0.000341947 0.000266984 0.000205785 0.000156557 0.000117542 8.70785e-05 6.36435e-05 4.58836e-05 3.26254e-05 2.28762e-05 1.58155e-05 1.07795e-05 7.24226e-06 4.79584e-06 3.12987e-06 2.0129e-06 1.27561e-06 7.96505e-07 4.90018e-07 2.97011e-07 1.77364e-07 1.0435e-07 6.04918e-08 3.45653e-08 1.94946e-08 1.09063e-08 6.1606e-09 3.72601e-09 
4.73093e-09 5.13788e-09 7.69796e-09 1.33471e-08 2.40394e-08 4.32822e-08 7.70267e-08 1.35069e-07 2.33176e-07 3.96217e-07 6.62661e-07 1.09087e-06 1.76767e-06 2.81974e-06 4.42828e-06 6.84742e-06 1.04264e-05 1.56356e-05 2.30958e-05 3.3609e-05 4.81897e-05 6.80937e-05 9.48405e-05 0.000130226 0.00017632 0.000235447 0.000310139 0.000403068 0.000516944 0.000654388 0.00081778 0.00100908 0.00122967 0.00148012 0.00176007 0.00206809 0.00240155 0.00275665 0.0031284 0.00351074 0.00389674 0.0042788 0.00464893 0.00499906 0.00532132 0.00560833 0.00585345 0.00605097 0.0061963 0.00628608 0.00631822 0.00629198 0.006208 0.00606825 0.005876 0.00563576 0.00535315 0.00503476 0.0046879 0.0043204 0.0039403 0.00355558 0.00317382 0.00280198 0.00244613 0.0021113 0.00180137 0.00151904 0.00126583 0.00104221 0.000847696 0.000681016 0.000540302 0.00042326 0.000327337 0.000249879 0.00018825 0.000139938 0.000102628 7.42414e-05 5.29679e-05 3.72647e-05 2.58486e-05 1.76756e-05 1.19139e-05 7.91456e-06 5.18141e-06 3.34257e-06 2.12466e-06 1.33061e-06 8.20996e-07 4.99052e-07 2.98853e-07 1.76313e-07 1.02487e-07 5.87188e-08 3.32064e-08 1.86299e-08 1.05579e-08 6.41289e-09 
8.06514e-09 8.78487e-09 1.31525e-08 2.2746e-08 4.08449e-08 7.33139e-08 1.30067e-07 2.27359e-07 3.91248e-07 6.62661e-07 1.10463e-06 1.81236e-06 2.92683e-06 4.65271e-06 7.28134e-06 1.12191e-05 1.70217e-05 2.54331e-05 3.74293e-05 5.42642e-05 7.75135e-05 0.000109115 0.000151396 0.000207089 0.00027932 0.000371566 0.000487589 0.000631313 0.000806676 0.00101744 0.00126695 0.00155789 0.00189204 0.00226998 0.00269089 0.00315235 0.00365026 0.00417877 0.00473038 0.0052961 0.00586573 0.00642815 0.00697178 0.00748497 0.00795643 0.0083756 0.00873303 0.00902064 0.00923193 0.00936214 0.00940837 0.00936958 0.00924668 0.00904245 0.00876154 0.00841034 0.00799685 0.00753044 0.0070216 0.00648157 0.00592194 0.00535429 0.00478967 0.00423831 0.00370921 0.0032099 0.00274629 0.00232258 0.00194128 0.00160334 0.0013083 0.00105452 0.000839454 0.000659861 0.000512086 0.000392275 0.000296563 0.000221228 0.000162812 0.00011819 8.46148e-05 5.97334e-05 4.15745e-05 2.85243e-05 1.92896e-05 1.2856e-05 8.44329e-06 5.46394e-06 3.4838e-06 2.18841e-06 1.35428e-06 8.25622e-07 4.95835e-07 2.93349e-07 1.7099e-07 9.82357e-08 5.57067e-08 3.13435e-08 1.78221e-08 1.0872e-08 
1.35427e-08 1.47926e-08 2.21276e-08 3.81667e-08 6.83262e-08 1.22257e-07 2.16212e-07 3.76734e-07 6.46196e-07 1.09087e-06 1.81236e-06 2.96344e-06 4.76923e-06 7.55501e-06 1.17814e-05 1.80874e-05 2.7342e-05 4.07021e-05 5.96762e-05 8.61896e-05 0.000122647 0.000171983 0.000237702 0.00032388 0.000435145 0.000576606 0.000753727 0.000972156 0.00123749 0.00155499 0.00192924 0.00236381 0.00286086 0.00342081 0.00404204 0.00472061 0.0054502 0.00622205 0.00702509 0.00784624 0.00867076 0.00948277 0.0102658 0.0110034 0.0116797 0.0122799 0.0127909 0.0132015 0.0135026 0.0136878 0.013753 0.0136969 0.0135206 0.0132281 0.0128257 0.0123224 0.0117293 0.0110594 0.0103275 0.0095492 0.00874107 0.00791946 0.00710022 0.00629804 0.005526 0.00479519 0.00411441 0.00349009 0.00292625 0.00242466 0.00198507 0.00160547 0.00128247 0.00101165 0.000787889 0.000605711 0.000459567 0.000344057 0.000254115 0.000185126 0.000133004 9.4222e-05 6.58053e-05 4.5303e-05 3.07393e-05 2.05546e-05 1.35434e-05 8.79242e-06 5.62367e-06 3.54351e-06 2.19953e-06 1.34491e-06 8.10057e-07 4.80629e-07 2.80945e-07 1.61857e-07 9.20423e-08 5.19401e-08 2.96336e-08 1.81562e-08 
2.24002e-08 2.45321e-08 3.66594e-08 6.30592e-08 1.12537e-07 2.00724e-07 3.53841e-07 6.1454e-07 1.05062e-06 1.76767e-06 2.92683e-06 4.76923e-06 7.64854e-06 1.20731e-05 1.87591e-05 2.86947e-05 4.32157e-05 6.40904e-05 9.36101e-05 0.00013468 0.000190904 0.000266649 0.000367088 0.000498195 0.000666691 0.000879923 0.00114568 0.0014719 0.00186636 0.00233624 0.00288765 0.00352513 0.00425117 0.00506572 0.00596578 0.00694517 0.00799432 0.00910037 0.0102473 0.0114165 0.0125871 0.0137369 0.0148428 0.0158823 0.0168334 0.0176761 0.0183922 0.0189668 0.0193876 0.0196458 0.019736 0.0196564 0.0194086 0.018998 0.0184332 0.0177262 0.0168922 0.0159489 0.0149165 0.0138166 0.0126721 0.0115057 0.0103395 0.00919439 0.00808892 0.00703907 0.00605774 0.00515455 0.00433579 0.0036046 0.00296122 0.00240336 0.0019267 0.00152534 0.0011923 0.000919978 0.000700577 0.000526419 0.000390227 0.000285319 0.000205728 0.00014626 0.000102509 7.08166e-05 4.82155e-05 3.23492e-05 2.13855e-05 1.39288e-05 8.93744e-06 5.64925e-06 3.51743e-06 2.15727e-06 1.30323e-06 7.75502e-07 4.54616e-07 2.62658e-07 1.49792e-07 8.4782e-08 4.85379e-08 2.98692e-08 
3.64987e-08 4.00714e-08 5.9812e-08 1.02596e-07 1.82513e-07 3.24483e-07 5.70141e-07 9.86936e-07 1.68163e-06 2.81974e-06 4.65271e-06 7.55501e-06 1.20731e-05 1.89886e-05 2.93963e-05 4.47988e-05 6.72154e-05 9.93026e-05 0.000144481 0.000207057 0.000292337 0.000406703 0.000557652 0.00075377 0.00100463 0.00132059 0.0017125 0.00219132 0.00276757 0.00345078 0.00424884 0.00516731 0.00620876 0.00737213 0.00865231 0.0100397 0.0115203 0.0130755 0.0146827 0.0163157 0.0179457 0.0195422 0.021074 0.0225103 0.0238217 0.0249813 0.0259653 0.0267534 0.0273297 0.0276826 0.027805 0.0276945 0.0273534 0.0267885 0.0260114 0.025038 0.0238883 0.0225862 0.0211585 0.0196344 0.0180447 0.0164204 0.0147919 0.013188 0.0116347 0.0101544 0.00876578 0.00748287 0.00631533 0.00526843 0.00434339 0.00353789 0.00284664 0.00226201 0.00177475 0.00137455 0.00105068 0.000792457 0.000589634 0.000432719 0.000313156 0.000223445 0.000157168 0.000108961 7.44449e-05 5.01187e-05 3.32445e-05 2.17246e-05 1.39851e-05 8.86815e-06 5.53901e-06 3.40761e-06 2.06482e-06 1.23236e-06 7.24557e-07 4.19834e-07 2.40126e-07 1.36327e-07 7.83209e-08 4.84102e-08 
5.85889e-08 6.44729e-08 9.61118e-08 1.64385e-07 2.91489e-07 5.16525e-07 9.04568e-07 1.5606e-06 2.65006e-06 4.42828e-06 7.28134e-06 1.17814e-05 1.87591e-05 2.93963e-05 4.53395e-05 6.88354e-05 0.000102885 0.000151412 0.000219433 0.000313225 0.000440459 0.000610294 0.000833396 0.00112187 0.00148909 0.00194936 0.00251749 0.00320821 0.00403545 0.00501152 0.00614624 0.00744605 0.00891312 0.0105446 0.0123322 0.0142615 0.016312 0.0184577 0.0206671 0.0229045 0.0251306 0.0273047 0.0293849 0.0313307 0.0331034 0.0346678 0.0359928 0.0370526 0.0378262 0.038299 0.0384619 0.0383117 0.0378515 0.0370901 0.0360423 0.0347288 0.0331754 0.0314133 0.0294775 0.0274065 0.0252411 0.0230225 0.0207917 0.0185875 0.0164455 0.0143969 0.0124679 0.0106786 0.00904359 0.00757125 0.00626463 0.00512179 0.00413661 0.00329959 0.00259875 0.0020205 0.00155038 0.00117383 0.000876731 0.000645848 0.000469149 0.000335991 0.000237195 0.000165035 0.000113156 7.64467e-05 5.08825e-05 3.33631e-05 2.15486e-05 1.37088e-05 8.58991e-06 5.30116e-06 3.22212e-06 1.92892e-06 1.13748e-06 6.61047e-07 3.79211e-07 2.15959e-07 1.24512e-07 7.73032e-08 
9.26617e-08 1.02188e-07 1.52122e-07 2.59411e-07 4.58478e-07 8.09726e-07 1.41328e-06 2.42997e-06 4.11214e-06 6.84742e-06 1.12191e-05 1.80874e-05 2.86947e-05 4.47988e-05 6.88354e-05 0.000104108 0.000155002 0.000227214 0.00032798 0.000466284 0.000653023 0.000901102 0.00122542 0.00164272 0.0021713 0.00283053 0.00364017 0.00461959 0.00578671 0.00715697 0.00874211 0.0105491 0.0125788 0.0148257 0.0172763 0.0199097 0.022697 0.025602 0.028582 0.0315889 0.034571 0.0374742 0.0402443 0.0428287 0.0451778 0.0472466 0.0489957 0.0503923 0.0514103 0.0520312 0.0522437 0.0520439 0.0514356 0.0504299 0.0490455 0.0473083 0.0452511 0.0429134 0.0403402 0.0375809 0.0346881 0.0317158 0.0287178 0.0257456 0.0228468 0.020064 0.0174331 0.0149826 0.0127338 0.0106997 0.00888636 0.00729298 0.00591296 0.00473493 0.00374387 0.00292226 0.00225114 0.00171107 0.00128297 0.000948754 0.000691814 0.000497327 0.000352398 0.000246091 0.000169342 0.000114812 7.66854e-05 5.04546e-05 3.26978e-05 2.08708e-05 1.31202e-05 8.12288e-06 4.95273e-06 2.97411e-06 1.75916e-06 1.02541e-06 5.90004e-07 3.37067e-07 1.95038e-07 1.21631e-07 
1.44401e-07 1.59565e-07 2.37177e-07 4.0323e-07 7.10282e-07 1.2502e-06 2.17466e-06 3.72621e-06 6.28372e-06 1.04264e-05 1.70217e-05 2.7342e-05 4.32157e-05 6.72154e-05 0.000102885 0.000155002 0.00022987 0.000335618 0.000482505 0.000683168 0.000952815 0.0013093 0.00177305 0.00236677 0.00311503 0.00404348 0.00517792 0.00654317 0.0081617 0.0100522 0.012228 0.0146958 0.0174543 0.0204931 0.0237919 0.0273207 0.0310394 0.0348991 0.0388427 0.0428072 0.0467252 0.0505273 0.0541445 0.0575099 0.0605616 0.0632434 0.0655065 0.0673104 0.0686234 0.0694226 0.0696944 0.0694342 0.0686466 0.0673451 0.0655525 0.0633008 0.0606305 0.0575905 0.0542368 0.0506318 0.0468418 0.0429359 0.038983 0.0350502 0.0312001 0.0274892 0.0239662 0.0206706 0.0176323 0.0148716 0.0123988 0.0102154 0.00831524 0.00668522 0.00530718 0.00415915 0.00321683 0.00245485 0.00184796 0.00137193 0.00100428 0.00072472 0.000515472 0.000361314 0.000249545 0.0001698 0.000113817 7.51467e-05 4.88671e-05 3.12968e-05 1.97396e-05 1.22608e-05 7.49964e-06 4.51767e-06 2.68041e-06 1.56718e-06 9.04497e-07 5.18394e-07 3.01055e-07 1.88588e-07 
2.21753e-07 2.45493e-07 3.64307e-07 6.1745e-07 1.08395e-06 1.90139e-06 3.29597e-06 5.62789e-06 9.45711e-06 1.56356e-05 2.54331e-05 4.07021e-05 6.40904e-05 9.93026e-05 0.000151412 0.000227214 0.000335618 0.000488037 0.000698761 0.000985263 0.00136839 0.00187241 0.00252479 0.00335577 0.00439762 0.00568362 0.00724667 0.0091178 0.0113243 0.0138879 0.016823 0.0201346 0.0238174 0.027854 0.0322147 0.0368573 0.0417276 0.0467604 0.0518815 0.0570096 0.062059 0.0669424 0.0715738 0.0758708 0.0797573 0.0831649 0.086035 0.0883188 0.0899785 0.0909869 0.0913279 0.0909962 0.089997 0.0883466 0.0860722 0.0832119 0.0798145 0.0759389 0.0716537 0.0670351 0.0621652 0.0571301 0.0520166 0.0469099 0.0418907 0.0370326 0.0324001 0.0280468 0.0240146 0.0203329 0.0170189 0.0140783 0.011506 0.00928832 0.00740394 0.00582615 0.00452457 0.00346687 0.00262033 0.00195312 0.00143538 0.00103986 0.000742473 0.000522404 0.000362151 0.000247328 0.000166383 0.000110243 7.19405e-05 4.6232e-05 2.92578e-05 1.82329e-05 1.11888e-05 6.76146e-06 4.02427e-06 2.36019e-06 1.36643e-06 7.85689e-07 4.57971e-07 2.88172e-07 
3.35611e-07 3.72175e-07 5.51346e-07 9.3151e-07 1.62969e-06 2.84882e-06 4.92113e-06 8.37327e-06 1.40202e-05 2.30958e-05 3.74293e-05 5.96762e-05 9.36101e-05 0.000144481 0.000219433 0.00032798 0.000482505 0.000698761 0.000996324 0.00139894 0.00193469 0.00263593 0.00353895 0.00468322 0.0061103 0.00786239 0.00998049 0.0125023 0.0154599 0.0188775 0.022769 0.0271362 0.0319671 0.0372345 0.042896 0.0488937 0.0551556 0.0615971 0.0681231 0.0746313 0.081015 0.0871669 0.0929822 0.0983616 0.103214 0.107459 0.111026 0.11386 0.115916 0.117164 0.117583 0.117169 0.115927 0.113877 0.111049 0.107488 0.103251 0.0984078 0.0930392 0.0872365 0.081099 0.0747314 0.0682407 0.0617329 0.0553096 0.049065 0.0430828 0.0374342 0.0321765 0.0273516 0.0229863 0.0190926 0.0156689 0.0127016 0.0101671 0.00803391 0.00626511 0.00482041 0.00365833 0.00273792 0.00202023 0.00146937 0.00105325 0.000743926 0.000517676 0.000354863 0.0002396 0.00015933 0.000104341 6.72872e-05 4.2728e-05 2.67166e-05 1.64489e-05 9.97228e-06 5.95415e-06 3.50301e-06 2.03445e-06 1.17365e-06 6.8666e-07 4.34013e-07 
5.00632e-07 5.56041e-07 8.22229e-07 1.38473e-06 2.41423e-06 4.20555e-06 7.23927e-06 1.22738e-05 2.04772e-05 3.3609e-05 5.42642e-05 8.61896e-05 0.00013468 0.000207057 0.000313225 0.000466284 0.000683168 0.000985263 0.00139894 0.0019559 0.00269333 0.00365361 0.00488376 0.0064343 0.00835766 0.0107062 0.0135296 0.0168725 0.0207711 0.0252508 0.0303232 0.035984 0.0422113 0.0489647 0.0561849 0.0637946 0.0717001 0.0797934 0.0879557 0.0960606 0.103979 0.11158 0.118741 0.125345 0.131285 0.136468 0.140815 0.144262 0.146759 0.148271 0.148777 0.148271 0.146759 0.144263 0.140818 0.136473 0.131293 0.125359 0.118764 0.111614 0.104027 0.0961262 0.0880412 0.0799009 0.0718305 0.0639481 0.0563602 0.0491597 0.0424228 0.0362079 0.030555 0.0254856 0.021004 0.0170988 0.0137452 0.0109076 0.00854214 0.00660006 0.00502987 0.00377995 0.0028005 0.0020451 0.00147176 0.0010436 0.000729006 0.000501622 0.000339952 0.000226889 0.000149118 9.65025e-05 6.14923e-05 3.85801e-05 2.38322e-05 1.44957e-05 8.68279e-06 5.12458e-06 2.9857e-06 1.72815e-06 1.01487e-06 6.44339e-07 
7.3614e-07 8.1878e-07 1.20844e-06 2.02856e-06 3.5244e-06 6.11792e-06 1.0494e-05 1.77283e-05 2.94698e-05 4.81897e-05 7.75135e-05 0.000122647 0.000190904 0.000292337 0.000440459 0.000653023 0.000952815 0.00136839 0.00193469 0.00269333 0.00369265 0.00498721 0.0066368 0.00870478 0.0112559 0.0143536 0.0180567 0.0224161 0.027471 0.0332458 0.039747 0.0469606 0.054851 0.0633599 0.0724069 0.0818908 0.0916922 0.101676 0.111698 0.121603 0.13124 0.140455 0.149104 0.157053 0.164183 0.170388 0.17558 0.179689 0.182661 0.184458 0.185057 0.184451 0.182649 0.179671 0.175557 0.170361 0.164154 0.157026 0.149081 0.14044 0.131238 0.121619 0.111735 0.101739 0.0917826 0.0820101 0.072555 0.0635354 0.0550511 0.0471813 0.0399833 0.0334923 0.0277218 0.0226654 0.018299 0.0145841 0.0114706 0.00890064 0.00681189 0.00514062 0.00382439 0.00280423 0.00202621 0.00144245 0.00101156 0.000698719 0.000475314 0.000318408 0.000210029 0.000136407 8.72245e-05 5.49125e-05 3.40356e-05 2.07703e-05 1.24816e-05 7.39023e-06 4.31956e-06 2.50858e-06 1.47874e-06 9.43046e-07 
1.06711e-06 1.18844e-06 1.75055e-06 2.92896e-06 5.07095e-06 8.77152e-06 1.49922e-05 2.52365e-05 4.17973e-05 6.80937e-05 0.000109115 0.000171983 0.000266649 0.000406703 0.000610294 0.000901102 0.0013093 0.00187241 0.00263593 0.00365361 0.00498721 0.00670569 0.00888364 0.011599 0.01493 0.0189516 0.0237315 0.0293256 0.0357741 0.0430971 0.0512923 0.0603317 0.0701608 0.0806987 0.0918389 0.103452 0.115388 0.127484 0.139564 0.151447 0.162956 0.173916 0.184163 0.193549 0.20194 0.209223 0.215304 0.220106 0.223573 0.225666 0.226362 0.225653 0.223546 0.220065 0.21525 0.209159 0.201868 0.193472 0.184085 0.173842 0.162892 0.1514 0.139538 0.127485 0.115421 0.103519 0.0919421 0.0808374 0.0703332 0.0605341 0.05152 0.0433441 0.0360336 0.0295909 0.0239957 0.0192083 0.0151737 0.0118252 0.00908905 0.00688826 0.00514609 0.003789 0.00274895 0.00196483 0.00138335 0.000959243 0.000655033 0.000440446 0.000291597 0.000190067 0.000121967 7.70514e-05 4.792e-05 2.93407e-05 1.76895e-05 1.05076e-05 6.16152e-06 3.59035e-06 2.12441e-06 1.36084e-06 
1.52513e-06 1.70052e-06 2.49973e-06 4.1687e-06 7.192e-06 1.23965e-05 2.11127e-05 3.5411e-05 5.84333e-05 9.48405e-05 0.000151396 0.000237702 0.000367088 0.000557652 0.000833396 0.00122542 0.00177305 0.00252479 0.00353895 0.00488376 0.0066368 0.00888364 0.0117156 0.0152266 0.0195091 0.0246496 0.0307232 0.037789 0.0458846 0.0550223 0.0651856 0.0763273 0.0883686 0.1012 0.114685 0.128659 0.142942 0.157335 0.171634 0.185632 0.199123 0.211915 0.223826 0.234696 0.244381 0.252764 0.259745 0.265247 0.269213 0.271603 0.272395 0.271582 0.269169 0.265182 0.25966 0.25266 0.244261 0.234563 0.223686 0.211772 0.198986 0.185508 0.171531 0.15726 0.1429 0.128656 0.114724 0.101283 0.0884948 0.0764941 0.0653886 0.0552555 0.0461408 0.0380604 0.0310017 0.0249272 0.0197786 0.0154817 0.0119514 0.00909655 0.00682476 0.00504607 0.00367609 0.0026382 0.00186487 0.00129822 0.000889931 0.000600659 0.000399144 0.000261115 0.000168158 0.000106603 6.65258e-05 4.08693e-05 2.47211e-05 1.4732e-05 8.66667e-06 5.06718e-06 3.00959e-06 1.93636e-06 
2.14933e-06 2.39902e-06 3.51913e-06 5.84934e-06 1.00561e-05 1.72722e-05 2.93119e-05 4.89856e-05 8.05365e-05 0.000130226 0.000207089 0.00032388 0.000498195 0.00075377 0.00112187 0.00164272 0.00236677 0.00335577 0.00468322 0.0064343 0.00870478 0.011599 0.0152266 0.0196985 0.0251214 0.0315922 0.0391918 0.0479788 0.0579842 0.0692069 0.0816108 0.0951229 0.109634 0.125001 0.14105 0.157581 0.174377 0.191206 0.207832 0.224022 0.239549 0.254202 0.267789 0.280139 0.291105 0.300567 0.308426 0.314606 0.319054 0.321731 0.322616 0.321702 0.318996 0.314519 0.308309 0.300423 0.290937 0.279949 0.267584 0.253988 0.239333 0.223813 0.207641 0.19104 0.174246 0.157492 0.141007 0.12501 0.109695 0.095235 0.0817709 0.0694096 0.0582222 0.0482438 0.0394745 0.0318831 0.0254113 0.0199792 0.0154913 0.0118422 0.00892293 0.00662537 0.00484677 0.00349264 0.00247882 0.00173246 0.00119223 0.000807766 0.000538777 0.000353754 0.000228634 0.000145451 9.10811e-05 5.61427e-05 3.40716e-05 2.03701e-05 1.20225e-05 7.05297e-06 4.20481e-06 2.71715e-06 
2.98703e-06 3.33716e-06 4.88487e-06 8.09263e-06 1.38642e-05 2.37292e-05 4.01271e-05 6.68185e-05 0.000109452 0.00017632 0.00027932 0.000435145 0.000666691 0.00100463 0.00148909 0.0021713 0.00311503 0.00439762 0.0061103 0.00835766 0.0112559 0.01493 0.0195091 0.0251214 0.0318871 0.0399117 0.0492783 0.0600409 0.0722182 0.0857898 0.100693 0.116822 0.134031 0.152136 0.170924 0.190154 0.209571 0.22891 0.247905 0.266299 0.283847 0.300327 0.315538 0.329307 0.341489 0.351964 0.360641 0.36745 0.37234 0.37528 0.37625 0.375244 0.372269 0.367342 0.360497 0.351785 0.341276 0.329065 0.315271 0.300042 0.283552 0.266003 0.24762 0.228646 0.20934 0.189965 0.170784 0.152053 0.134007 0.11686 0.100791 0.0859435 0.0724211 0.0602843 0.0495523 0.0402054 0.0321896 0.0254224 0.0197994 0.0152021 0.0115043 0.00857856 0.00630204 0.00456012 0.0032496 0.00228023 0.00157533 0.00107143 0.000717325 0.00047272 0.000306623 0.000195753 0.000123001 7.60735e-05 4.63191e-05 2.77823e-05 1.64502e-05 9.68302e-06 5.7944e-06 3.76045e-06 
4.09411e-06 4.57782e-06 6.68648e-06 1.10409e-05 1.88496e-05 3.21494e-05 5.41746e-05 8.98871e-05 0.000146703 0.000235447 0.000371566 0.000576606 0.000879923 0.00132059 0.00194936 0.00283053 0.00404348 0.00568362 0.00786239 0.0107062 0.0143536 0.0189516 0.0246496 0.0315922 0.0399117 0.0497188 0.0610946 0.0740828 0.0886833 0.104849 0.122482 0.141439 0.16153 0.182526 0.204167 0.226173 0.248249 0.270097 0.291427 0.311961 0.331444 0.349645 0.366364 0.381431 0.394709 0.406087 0.415485 0.422841 0.428115 0.431281 0.432325 0.431241 0.428034 0.422718 0.415319 0.40588 0.39446 0.381144 0.366042 0.349296 0.331075 0.311583 0.29105 0.269734 0.247912 0.225874 0.203918 0.182335 0.161405 0.141385 0.122499 0.104934 0.0888328 0.0742879 0.0613452 0.0500029 0.0402168 0.0319059 0.0249604 0.0192496 0.0146309 0.010957 0.00808338 0.00587344 0.0042026 0.00296077 0.00205353 0.00140204 0.000942208 0.000623206 0.00040569 0.000259909 0.000163875 0.000101693 6.21213e-05 3.73806e-05 2.22049e-05 1.31141e-05 7.8767e-06 5.13345e-06 
5.53485e-06 6.19332e-06 9.02648e-06 1.48563e-05 2.52763e-05 4.29618e-05 7.21422e-05 0.000119275 0.00019396 0.000310139 0.000487589 0.000753727 0.00114568 0.0017125 0.00251749 0.00364017 0.00517792 0.00724667 0.00998049 0.0135296 0.0180567 0.0237315 0.0307232 0.0391918 0.0492783 0.0610946 0.0747141 0.0901633 0.107416 0.12639 0.146946 0.168893 0.191992 0.215965 0.240505 0.265287 0.28998 0.314258 0.337809 0.360343 0.381597 0.401344 0.419391 0.435578 0.449783 0.461912 0.471897 0.479694 0.485273 0.488618 0.48972 0.488575 0.485187 0.479563 0.47172 0.461687 0.449511 0.435259 0.419028 0.400944 0.381166 0.35989 0.337347 0.3138 0.289539 0.264877 0.24014 0.215658 0.191754 0.168731 0.146864 0.126389 0.107493 0.0903124 0.0749249 0.0613548 0.0495741 0.0395088 0.0310476 0.0240507 0.0183602 0.0138093 0.010231 0.00746492 0.00536322 0.00379361 0.00264152 0.00181043 0.00122123 0.000810733 0.000529659 0.00034052 0.000215435 0.000134134 8.22055e-05 4.96243e-05 2.95721e-05 1.75229e-05 1.05634e-05 6.91298e-06 
7.38105e-06 8.26447e-06 1.20189e-05 1.97178e-05 3.34341e-05 5.66341e-05 9.47737e-05 0.000156143 0.000253005 0.000403068 0.000631313 0.000972156 0.0014719 0.00219132 0.00320821 0.00461959 0.00654317 0.0091178 0.0125023 0.0168725 0.0224161 0.0293256 0.037789 0.0479788 0.0600409 0.0740828 0.0901633 0.108284 0.128385 0.150339 0.173959 0.199 0.225167 0.25213 0.279534 0.307012 0.3342 0.360747 0.386325 0.410641 0.433435 0.454489 0.473626 0.490706 0.505627 0.518317 0.52873 0.536838 0.542629 0.546096 0.547238 0.546054 0.542544 0.536708 0.528551 0.518088 0.505346 0.490373 0.473241 0.454056 0.43296 0.410132 0.385794 0.360205 0.333663 0.306495 0.279054 0.251703 0.224806 0.198717 0.173764 0.150235 0.128373 0.10836 0.0903174 0.0743036 0.0603138 0.0482879 0.0381182 0.0296597 0.0227417 0.0171788 0.0127815 0.0093648 0.00675574 0.00479776 0.00335382 0.00230744 0.00156233 0.00104096 0.000682497 0.000440306 0.000279509 0.000174603 0.000107352 6.50091e-05 3.88624e-05 2.31031e-05 1.39775e-05 9.18439e-06 
9.71036e-06 1.08786e-05 1.57865e-05 2.58168e-05 4.36302e-05 7.36583e-05 0.000122846 0.000201694 0.000325661 0.000516944 0.000806676 0.00123749 0.00186636 0.00276757 0.00403545 0.00578671 0.0081617 0.0113243 0.0154599 0.0207711 0.027471 0.0357741 0.0458846 0.0579842 0.0722182 0.0886833 0.107416 0.128385 0.151485 0.17654 0.203304 0.231474 0.260696 0.290586 0.32074 0.350752 0.380231 0.408808 0.436149 0.461963 0.486005 0.508074 0.528018 0.545724 0.561117 0.574155 0.584814 0.593091 0.598989 0.602516 0.603678 0.602478 0.59891 0.59297 0.584647 0.573937 0.560846 0.545395 0.527631 0.507631 0.485509 0.46142 0.435568 0.408201 0.379613 0.35014 0.320152 0.29004 0.260211 0.231066 0.202986 0.17632 0.151368 0.12837 0.107497 0.088849 0.0724541 0.0582731 0.0462085 0.0361152 0.0278132 0.0211006 0.0157659 0.0115996 0.00840202 0.00599071 0.00420407 0.00290343 0.00197317 0.00131947 0.000868149 0.000562002 0.000357956 0.000224335 0.000138367 8.40518e-05 5.0402e-05 3.00594e-05 1.82504e-05 1.20394e-05 
1.26036e-05 1.41268e-05 2.04561e-05 3.33498e-05 5.61776e-05 9.4531e-05 0.000157135 0.00025712 0.000413716 0.000654388 0.00101744 0.00155499 0.00233624 0.00345078 0.00501152 0.00715697 0.0100522 0.0138879 0.0188775 0.0252508 0.0332458 0.0430971 0.0550223 0.0692069 0.0857898 0.104849 0.12639 0.150339 0.17654 0.204756 0.23468 0.265943 0.298131 0.330805 0.363516 0.395826 0.42732 0.457621 0.486399 0.513376 0.538326 0.561081 0.581517 0.599558 0.615163 0.628319 0.639035 0.64733 0.653227 0.65675 0.657912 0.656718 0.653162 0.647227 0.638891 0.628128 0.614918 0.599256 0.581153 0.560653 0.537835 0.512824 0.485795 0.456974 0.426643 0.395137 0.362834 0.33015 0.297526 0.265408 0.234233 0.204412 0.176306 0.15022 0.126382 0.104944 0.0859741 0.0694626 0.0553298 0.0434365 0.0335978 0.0255987 0.0192075 0.0141901 0.01032 0.00738736 0.00520421 0.00360769 0.00246078 0.00165142 0.00109034 0.00070823 0.000452577 0.000284542 0.000176049 0.000107269 6.45196e-05 3.86e-05 2.35167e-05 1.55729e-05 
1.61413e-05 1.80993e-05 2.61533e-05 4.25091e-05 7.13794e-05 0.000119728 0.000198376 0.000323533 0.000518816 0.00081778 0.00126695 0.00192924 0.00288765 0.00424884 0.00614624 0.00874211 0.012228 0.016823 0.022769 0.0303232 0.039747 0.0512923 0.0651856 0.0816108 0.100693 0.122482 0.146946 0.173959 0.203304 0.23468 0.267709 0.301957 0.336948 0.372191 0.407198 0.441503 0.474678 0.506346 0.536191 0.563957 0.589451 0.61254 0.633142 0.651219 0.666769 0.679816 0.690399 0.698563 0.704355 0.707809 0.708951 0.707786 0.704307 0.698487 0.690288 0.679664 0.666568 0.650961 0.632821 0.612151 0.588991 0.563425 0.535591 0.505686 0.473968 0.44076 0.406442 0.371444 0.336234 0.301301 0.267135 0.234207 0.202947 0.173725 0.146838 0.122494 0.100812 0.0818202 0.0654651 0.0516199 0.040101 0.0306837 0.0231192 0.0171498 0.0125224 0.00899886 0.00636362 0.00442779 0.00303108 0.0020413 0.00135236 0.000881337 0.000565013 0.000356344 0.000221145 0.000135148 8.15295e-05 4.89259e-05 2.99078e-05 1.98786e-05 
2.03985e-05 2.28808e-05 3.29943e-05 5.34709e-05 8.95099e-05 0.000149675 0.000247216 0.000401893 0.000642354 0.00100908 0.00155789 0.00236381 0.00352513 0.00516731 0.00744605 0.0105491 0.0146958 0.0201346 0.0271362 0.035984 0.0469606 0.0603317 0.0763273 0.0951229 0.116822 0.141439 0.168893 0.199 0.231474 0.265943 0.301957 0.339013 0.376579 0.414114 0.451097 0.487043 0.521521 0.554165 0.584681 0.612848 0.638512 0.661584 0.682028 0.69985 0.715091 0.727812 0.738084 0.745981 0.751568 0.754896 0.755998 0.754885 0.751543 0.745937 0.738015 0.72771 0.714947 0.699654 0.68177 0.661257 0.638108 0.612363 0.584115 0.55352 0.520807 0.486274 0.450292 0.413295 0.375773 0.338249 0.301262 0.265343 0.230989 0.198644 0.168674 0.141355 0.116863 0.0952736 0.0765671 0.0606374 0.0473082 0.0363506 0.0275018 0.020483 0.015015 0.0108315 0.00768824 0.00536893 0.00368836 0.00249248 0.00165678 0.00108323 0.000696624 0.000440689 0.0002743 0.000168118 0.000101711 6.12187e-05 3.7544e-05 2.50432e-05 
2.544e-05 2.8544e-05 4.10777e-05 6.63819e-05 0.000110793 0.000184709 0.000304157 0.000492927 0.000785345 0.00122967 0.00189204 0.00286086 0.00425117 0.00620876 0.00891312 0.0125788 0.0174543 0.0238174 0.0319671 0.0422113 0.054851 0.0701608 0.0883686 0.109634 0.134031 0.16153 0.191992 0.225167 0.260696 0.298131 0.336948 0.376579 0.416435 0.455935 0.494532 0.531732 0.567112 0.600327 0.631115 0.659298 0.684769 0.707489 0.727472 0.744772 0.759474 0.771675 0.781481 0.78899 0.794287 0.797439 0.798485 0.797439 0.794286 0.788982 0.781459 0.771631 0.759396 0.74465 0.727293 0.707242 0.684442 0.658884 0.630609 0.599727 0.566424 0.530966 0.493705 0.45507 0.415559 0.375723 0.336145 0.297411 0.260087 0.224688 0.191656 0.161341 0.133983 0.109715 0.0885576 0.0704344 0.0551833 0.0425768 0.0323426 0.0241834 0.0177959 0.0128858 0.00917977 0.00643328 0.00443479 0.00300693 0.00200523 0.00131518 0.00084837 0.000538271 0.000336 0.000206512 0.000125288 7.5626e-05 4.65252e-05 3.11403e-05 
3.13138e-05 3.51424e-05 5.04749e-05 8.13449e-05 0.000135379 0.000225049 0.000369501 0.000597037 0.000948295 0.00148012 0.00226998 0.00342081 0.00506572 0.00737213 0.0105446 0.0148257 0.0204931 0.027854 0.0372345 0.0489647 0.0633599 0.0806987 0.1012 0.125001 0.152136 0.182526 0.215965 0.25213 0.290586 0.330805 0.372191 0.414114 0.455935 0.49704 0.536865 0.574919 0.610795 0.644181 0.674858 0.702694 0.727638 0.749704 0.768959 0.785506 0.799472 0.810993 0.820204 0.827228 0.832168 0.835102 0.83608 0.835116 0.832191 0.827257 0.820232 0.811011 0.799467 0.785466 0.768869 0.74955 0.727406 0.702371 0.674434 0.643652 0.61016 0.574184 0.536045 0.496155 0.455013 0.413188 0.371296 0.329976 0.289858 0.251529 0.21551 0.182226 0.151992 0.125002 0.101328 0.0809305 0.0636681 0.0493216 0.037614 0.0282333 0.0208541 0.0151553 0.0108349 0.00761939 0.00527001 0.00358483 0.00239812 0.00157765 0.00102068 0.000649444 0.000406519 0.00025053 0.000152401 9.22464e-05 5.69212e-05 3.82232e-05 
3.80449e-05 4.27042e-05 6.12204e-05 9.84038e-05 0.000163321 0.000270752 0.000443298 0.000714227 0.00113109 0.00176007 0.00269089 0.00404204 0.00596578 0.00865231 0.0123322 0.0172763 0.0237919 0.0322147 0.042896 0.0561849 0.0724069 0.0918389 0.114685 0.14105 0.170924 0.204167 0.240505 0.279534 0.32074 0.363516 0.407198 0.451097 0.494532 0.536865 0.577528 0.61604 0.652022 0.685204 0.715416 0.742582 0.766708 0.787864 0.806171 0.821779 0.834857 0.845574 0.854093 0.86056 0.865094 0.867782 0.868681 0.867807 0.865141 0.860626 0.85417 0.845651 0.834924 0.821823 0.806175 0.787812 0.766581 0.742365 0.715094 0.684767 0.651464 0.615362 0.576741 0.535987 0.493589 0.450123 0.406231 0.362595 0.319904 0.278817 0.239932 0.203755 0.170678 0.140964 0.114743 0.0920201 0.0726827 0.0565258 0.0432733 0.0326025 0.0241689 0.0176264 0.0126448 0.00892173 0.0061907 0.00422427 0.00283444 0.00187014 0.00121334 0.000774143 0.000485861 0.000300203 0.000183088 0.000111114 6.87613e-05 4.63177e-05 
4.56296e-05 5.12247e-05 7.33026e-05 0.00011753 0.000194557 0.00032169 0.000525294 0.000844028 0.0013329 0.00206809 0.00315235 0.00472061 0.00694517 0.0100397 0.0142615 0.0199097 0.0273207 0.0368573 0.0488937 0.0637946 0.0818908 0.103452 0.128659 0.157581 0.190154 0.226173 0.265287 0.307012 0.350752 0.395826 0.441503 0.487043 0.531732 0.574919 0.61604 0.654636 0.690367 0.72301 0.752451 0.778674 0.801744 0.82179 0.83898 0.853513 0.865594 0.875425 0.883191 0.889057 0.893154 0.89558 0.896394 0.895616 0.893223 0.889155 0.883312 0.875559 0.865731 0.853638 0.839077 0.82184 0.801728 0.778571 0.752243 0.722681 0.689906 0.654039 0.615311 0.574074 0.530795 0.486045 0.440484 0.39483 0.349822 0.306188 0.264601 0.225649 0.189804 0.157403 0.128642 0.103575 0.0821267 0.0641126 0.0492628 0.0372487 0.0277098 0.0202775 0.0145946 0.0103304 0.00719034 0.00492108 0.00331155 0.00219105 0.00142538 0.000911815 0.000573716 0.000355363 0.000217261 0.000132186 8.20254e-05 5.54152e-05 
5.40304e-05 6.06613e-05 8.66567e-05 0.000138612 0.00022889 0.000377518 0.000614902 0.000985451 0.00155209 0.00240155 0.00365026 0.0054502 0.00799432 0.0115203 0.016312 0.022697 0.0310394 0.0417276 0.0551556 0.0717001 0.0916922 0.115388 0.142942 0.174377 0.209571 0.248249 0.28998 0.3342 0.380231 0.42732 0.474678 0.521521 0.567112 0.610795 0.652022 0.690367 0.725535 0.757355 0.785775 0.810842 0.832678 0.851468 0.867431 0.880803 0.891826 0.900727 0.907712 0.912958 0.916608 0.918766 0.919493 0.91881 0.916695 0.913084 0.90787 0.900911 0.892024 0.881003 0.867614 0.851617 0.832771 0.810854 0.785686 0.757143 0.725184 0.689868 0.651374 0.610006 0.566203 0.520522 0.47363 0.426268 0.379222 0.33328 0.289189 0.247617 0.209116 0.174104 0.142844 0.115447 0.0918817 0.0719888 0.0555107 0.0421176 0.0314369 0.0230797 0.0166638 0.011831 0.00825909 0.00566865 0.00382512 0.00253759 0.00165507 0.00106137 0.000669423 0.000415617 0.000254689 0.000155329 9.66365e-05 6.54674e-05 
