2.19612e-10 2.31435e-10 3.32158e-10 5.55803e-10 9.73838e-10 1.71352e-09 2.98813e-09 5.14437e-09 8.73387e-09 1.46183e-08 2.41202e-08 3.92346e-08 6.29193e-08 9.94841e-08 1.551e-07 2.38446e-07 3.61518e-07 5.40592e-07 7.97353e-07 1.16015e-06 1.66537e-06 2.35871e-06 3.29653e-06 4.54674e-06 6.18936e-06 8.31644e-06 1.1031e-05 1.44452e-05 1.86766e-05 2.38441e-05 3.00615e-05 3.74306e-05 4.60331e-05 5.5922e-05 6.71134e-05 7.95788e-05 9.3239e-05 0.00010796 0.000123554 0.000139776 0.000156338 0.000172909 0.00018913 0.00020463 0.000219033 0.00023198 0.000243139 0.000252217 0.000258974 0.000263229 0.00026487 0.000263852 0.000260204 0.000254026 0.000245483 0.000234805 0.000222274 0.000208213 0.000192978 0.000176939 0.00016047 0.000143931 0.000127658 0.000111947 9.70494e-05 8.31653e-05 7.04389e-05 5.89604e-05 4.87694e-05 3.98599e-05 3.2188e-05 2.56794e-05 2.02386e-05 1.57561e-05 1.2116e-05 9.20193e-06 6.90206e-06 5.11241e-06 3.73928e-06 2.70042e-06 1.92541e-06 1.35528e-06 9.41704e-07 6.45876e-07 4.37219e-07 2.92102e-07 1.92587e-07 1.25299e-07 8.04401e-08 5.09543e-08 3.18458e-08 1.96368e-08 1.19462e-08 7.17028e-09 4.24653e-09 2.48263e-09 1.43491e-09 8.24238e-10 4.78896e-10 2.97319e-10 
2.31435e-10 2.44216e-10 3.51915e-10 5.91348e-10 1.03994e-09 1.83581e-09 3.21104e-09 5.54374e-09 9.43703e-09 1.5835e-08 2.619e-08 4.26966e-08 6.8615e-08 1.08703e-07 1.69781e-07 2.61458e-07 3.97027e-07 5.94542e-07 8.78078e-07 1.27914e-06 1.83814e-06 2.60595e-06 3.64524e-06 5.03156e-06 6.85399e-06 9.21494e-06 1.22291e-05 1.60211e-05 2.07219e-05 2.64634e-05 3.33721e-05 4.15611e-05 5.11207e-05 6.21094e-05 7.45447e-05 8.8394e-05 0.000103569 0.000119919 0.000137235 0.000155246 0.000173629 0.000192018 0.000210015 0.000227206 0.000243176 0.000257528 0.000269893 0.00027995 0.000287431 0.000292139 0.000293947 0.000292809 0.000288755 0.000281896 0.000272417 0.000260569 0.000246666 0.000231065 0.00021416 0.000196363 0.000178086 0.00015973 0.000141667 0.000124226 0.000107688 9.2274e-05 7.81447e-05 6.54009e-05 5.40868e-05 4.4196e-05 3.56799e-05 2.84562e-05 2.24188e-05 1.74459e-05 1.34088e-05 1.01781e-05 7.62937e-06 5.64709e-06 4.12704e-06 2.97779e-06 2.12108e-06 1.49139e-06 1.03504e-06 7.08971e-07 4.79253e-07 3.19696e-07 2.10433e-07 1.36668e-07 8.75735e-08 5.53613e-08 3.45262e-08 2.12415e-08 1.28916e-08 7.71823e-09 4.55895e-09 2.65784e-09 1.53163e-09 8.7698e-10 5.07746e-10 3.14077e-10 
3.32158e-10 3.51915e-10 5.08581e-10 8.55641e-10 1.50519e-09 2.65689e-09 4.64579e-09 8.01718e-09 1.36396e-08 2.28705e-08 3.77947e-08 6.15569e-08 9.88187e-08 1.56368e-07 2.43914e-07 3.75098e-07 5.68741e-07 8.50332e-07 1.25376e-06 1.82322e-06 2.61525e-06 3.70072e-06 5.16664e-06 7.11756e-06 9.67621e-06 1.29831e-05 1.7195e-05 2.24814e-05 2.90193e-05 3.69863e-05 4.65511e-05 5.78631e-05 7.10399e-05 8.61546e-05 0.000103224 0.000122197 0.000142946 0.000165262 0.000188855 0.000213354 0.000238321 0.000263258 0.000287629 0.000310879 0.000332453 0.000351816 0.00036848 0.000382016 0.000392071 0.000398381 0.000400782 0.000399211 0.000393711 0.000384428 0.00037161 0.000355591 0.000336789 0.000315683 0.000292797 0.000268684 0.000243897 0.000218978 0.000194426 0.000170691 0.000148153 0.000127116 0.000107803 9.03548e-05 7.48378e-05 6.12488e-05 4.9527e-05 3.95654e-05 3.12235e-05 2.4339e-05 1.87388e-05 1.42482e-05 1.06985e-05 7.93204e-06 5.80648e-06 4.19629e-06 2.99366e-06 2.10807e-06 1.46512e-06 1.00491e-06 6.80164e-07 4.54251e-07 2.99324e-07 1.9459e-07 1.24797e-07 7.89534e-08 4.92717e-08 3.03297e-08 1.84151e-08 1.10286e-08 6.51553e-09 3.79881e-09 2.1891e-09 1.25337e-09 7.25754e-10 4.49342e-10 
5.55803e-10 5.91348e-10 8.55641e-10 1.43815e-09 2.52544e-09 4.4488e-09 7.76253e-09 1.3366e-08 2.26874e-08 3.79517e-08 6.25638e-08 1.01642e-07 1.62745e-07 2.56837e-07 3.99539e-07 6.12706e-07 9.2636e-07 1.38099e-06 2.03015e-06 2.94341e-06 4.20927e-06 5.93816e-06 8.26494e-06 1.13508e-05 1.53839e-05 2.05785e-05 2.71721e-05 3.54197e-05 4.55861e-05 5.79343e-05 7.27119e-05 9.01348e-05 0.000110369 0.000133511 0.000159574 0.000188465 0.00021998 0.000253794 0.000289459 0.000326414 0.000363997 0.000401463 0.000438015 0.000472826 0.000505077 0.000533982 0.000558823 0.00057897 0.00059391 0.00060326 0.000606777 0.000604374 0.000596114 0.000582214 0.000563034 0.000539069 0.000510929 0.00047932 0.000445016 0.000408832 0.000371592 0.000334096 0.000297095 0.000261262 0.000227171 0.000195286 0.00016595 0.000139386 0.000115705 9.4915e-05 7.69341e-05 6.16119e-05 4.87449e-05 3.80954e-05 2.94072e-05 2.24196e-05 1.68793e-05 1.25484e-05 9.21061e-06 6.67433e-06 4.77424e-06 3.3708e-06 2.34884e-06 1.61518e-06 1.09597e-06 7.33752e-07 4.84658e-07 3.15811e-07 2.02999e-07 1.2871e-07 8.04928e-08 4.96495e-08 3.02047e-08 1.81234e-08 1.07265e-08 6.26501e-09 3.61655e-09 2.07446e-09 1.20391e-09 7.47873e-10 
9.73838e-10 1.03994e-09 1.50519e-09 2.52544e-09 4.42407e-09 7.77336e-09 1.35276e-08 2.323e-08 3.93223e-08 6.55947e-08 1.07825e-07 1.74666e-07 2.7884e-07 4.38729e-07 6.80405e-07 1.04018e-06 1.56772e-06 2.32966e-06 3.41376e-06 4.93335e-06 7.03198e-06 9.88774e-06 1.3717e-05 1.87767e-05 2.53654e-05 3.38206e-05 4.45142e-05 5.78427e-05 7.42146e-05 9.40319e-05 0.000117669 0.000145446 0.000177603 0.000214272 0.000255445 0.000300961 0.000350477 0.00040347 0.000459231 0.000516878 0.000575381 0.000633587 0.000690268 0.000744158 0.000794006 0.000838617 0.000876901 0.000907908 0.000930862 0.000945185 0.000950518 0.000946727 0.000933913 0.000912402 0.000882742 0.000845681 0.000802147 0.00075321 0.00070005 0.00064391 0.000586053 0.000527708 0.000470036 0.000414078 0.000360734 0.000310733 0.000264622 0.000222768 0.00018536 0.00015243 0.00012387 9.94618e-05 7.89039e-05 6.18366e-05 4.78687e-05 3.6599e-05 2.76346e-05 2.06041e-05 1.51678e-05 1.10233e-05 7.90815e-06 5.59969e-06 3.91321e-06 2.6986e-06 1.83627e-06 1.23279e-06 8.16509e-07 5.33476e-07 3.43813e-07 2.18553e-07 1.37024e-07 8.47273e-08 5.16688e-08 3.10753e-08 1.84347e-08 1.07916e-08 6.24377e-09 3.59009e-09 2.0895e-09 1.30312e-09 
1.71352e-09 1.83581e-09 2.65689e-09 4.4488e-09 7.77336e-09 1.36214e-08 2.36394e-08 4.04812e-08 6.83299e-08 1.13655e-07 1.86282e-07 3.00861e-07 4.78854e-07 7.51126e-07 1.16127e-06 1.76974e-06 2.65879e-06 3.93831e-06 5.75227e-06 8.28568e-06 1.17716e-05 1.64977e-05 2.28113e-05 3.1123e-05 4.19063e-05 5.56939e-05 7.30682e-05 9.4646e-05 0.000121057 0.000152917 0.000190788 0.000235148 0.00028634 0.000344534 0.000409686 0.000481505 0.000559427 0.000642609 0.000729923 0.000819987 0.000911193 0.00100176 0.00108979 0.00117334 0.00125051 0.00131947 0.00137857 0.00142637 0.0014617 0.00148369 0.00149179 0.00148582 0.00146592 0.0014326 0.00138667 0.00132929 0.00126184 0.00118597 0.00110346 0.00101623 0.000926202 0.000835271 0.000745229 0.000657698 0.000574081 0.00049553 0.000422921 0.000356849 0.000297641 0.000245377 0.00019992 0.000160956 0.000128039 0.000100626 7.81188e-05 5.99007e-05 4.53614e-05 3.39209e-05 2.5045e-05 1.82557e-05 1.31354e-05 9.3285e-06 6.53807e-06 4.52181e-06 3.08571e-06 2.07747e-06 1.3798e-06 9.03985e-07 5.84172e-07 3.72329e-07 2.34044e-07 1.45089e-07 8.87007e-08 5.3479e-08 3.1802e-08 1.86613e-08 1.08231e-08 6.23912e-09 3.64227e-09 2.28062e-09 
2.98813e-09 3.21104e-09 4.64579e-09 7.76253e-09 1.35276e-08 2.36394e-08 4.09111e-08 6.98603e-08 1.17583e-07 1.95011e-07 3.18683e-07 5.1316e-07 8.14272e-07 1.27333e-06 1.96248e-06 2.9813e-06 4.46469e-06 6.59193e-06 9.59677e-06 1.3778e-05 1.95102e-05 2.72526e-05 3.75575e-05 5.10729e-05 6.85421e-05 9.07957e-05 0.000118735 0.000153309 0.000195477 0.000246164 0.000306212 0.000376312 0.000456949 0.000548329 0.00065033 0.000762447 0.000883761 0.00101293 0.00114818 0.00128737 0.00142802 0.0015674 0.00170263 0.00183077 0.00194893 0.00205437 0.0021446 0.00221749 0.00227128 0.00230467 0.00231687 0.00230759 0.00227705 0.002226 0.00215569 0.00206781 0.00196447 0.00184813 0.00172149 0.00158741 0.00144884 0.00130865 0.00116958 0.00103411 0.00090443 0.000782327 0.000669184 0.000565965 0.00047322 0.000391121 0.000319506 0.000257936 0.000205758 0.000162166 0.000126259 9.7099e-05 7.37489e-05 5.53135e-05 4.09623e-05 2.99475e-05 2.16124e-05 1.53943e-05 1.08213e-05 7.50601e-06 5.13697e-06 3.46838e-06 2.31009e-06 1.51768e-06 9.83431e-07 6.28486e-07 3.96106e-07 2.46192e-07 1.50894e-07 9.12044e-08 5.43697e-08 3.1982e-08 1.85946e-08 1.07471e-08 6.29321e-09 3.95636e-09 
5.14437e-09 5.54374e-09 8.01718e-09 1.3366e-08 2.323e-08 4.04812e-08 6.98603e-08 1.18954e-07 1.99633e-07 3.30121e-07 5.37869e-07 8.6349e-07 1.36597e-06 2.12941e-06 3.27155e-06 4.95414e-06 7.39521e-06 1.08831e-05 1.5792e-05 2.25974e-05 3.1892e-05 4.43992e-05 6.09827e-05 8.26505e-05 0.000110551 0.000145959 0.000190248 0.00024485 0.000311202 0.000390675 0.000484495 0.000593648 0.000718792 0.000860158 0.00101747 0.00118987 0.00137589 0.00157343 0.00177975 0.00199158 0.00220516 0.00241638 0.00262092 0.00281439 0.00299251 0.00315122 0.00328687 0.00339629 0.00347691 0.00352685 0.00354493 0.00353074 0.00348462 0.00340766 0.0033017 0.00316924 0.00301339 0.00283776 0.00264637 0.00244348 0.00223346 0.00202062 0.00180907 0.0016026 0.00140449 0.00121752 0.00104383 0.000884958 0.000741805 0.000614715 0.000503519 0.000407623 0.000326093 0.000257755 0.000201277 0.000155255 0.000118276 8.89795e-05 6.60943e-05 4.84685e-05 3.50847e-05 2.50659e-05 1.76726e-05 1.22947e-05 8.43892e-06 5.71429e-06 3.81684e-06 2.51463e-06 1.63395e-06 1.04706e-06 6.61682e-07 4.12338e-07 2.53381e-07 1.5354e-07 9.17591e-08 5.41096e-08 3.15387e-08 1.82769e-08 1.07358e-08 6.77652e-09 
8.73387e-09 9.43703e-09 1.36396e-08 2.26874e-08 3.93223e-08 6.83299e-08 1.17583e-07 1.99633e-07 3.34052e-07 5.50759e-07 8.9465e-07 1.43187e-06 2.25806e-06 3.50903e-06 5.37396e-06 8.11156e-06 1.20689e-05 1.77025e-05 2.56016e-05 3.65112e-05 5.13548e-05 7.12521e-05 9.75325e-05 0.000131737 0.000175611 0.000231075 0.000300185 0.000385064 0.000487823 0.00061045 0.000754691 0.000921917 0.00111299 0.00132811 0.00156674 0.00182747 0.00210798 0.00240503 0.00271449 0.00303142 0.00335025 0.00366489 0.00396898 0.0042561 0.00452 0.0047548 0.00495519 0.00511662 0.0052354 0.0053088 0.00533515 0.00531386 0.00524543 0.00513145 0.00497455 0.00477835 0.00454735 0.0042868 0.00400251 0.00370072 0.00338781 0.00307013 0.00275376 0.00244429 0.00214668 0.0018651 0.00160283 0.00136226 0.00114487 0.000951289 0.000781384 0.00063438 0.000508985 0.000403521 0.00031606 0.00024454 0.000186871 0.00014102 0.000105076 7.72938e-05 5.61234e-05 4.02199e-05 2.84433e-05 1.98475e-05 1.36637e-05 9.27938e-06 6.21611e-06 4.10703e-06 2.67617e-06 1.71968e-06 1.08969e-06 6.80876e-07 4.19498e-07 2.54857e-07 1.52697e-07 9.02719e-08 5.2751e-08 3.06523e-08 1.8062e-08 1.14471e-08 
1.46183e-08 1.5835e-08 2.28705e-08 3.79517e-08 6.55947e-08 1.13655e-07 1.95011e-07 3.30121e-07 5.50759e-07 9.0531e-07 1.46609e-06 2.33916e-06 3.67726e-06 5.69624e-06 8.6954e-06 1.3082e-05 1.93997e-05 2.836e-05 4.0876e-05 5.80958e-05 8.14339e-05 0.000112596 0.000153592 0.000206739 0.000274639 0.000360136 0.00046625 0.000596069 0.000752627 0.000938746 0.00115686 0.00140881 0.00169566 0.00201753 0.00237339 0.00276098 0.00317672 0.00361571 0.0040718 0.00453772 0.00500532 0.00546576 0.00590985 0.00632838 0.00671241 0.00705356 0.00734432 0.00757823 0.00775008 0.00785604 0.00789377 0.00786244 0.00776277 0.00759701 0.00736888 0.0070835 0.00674726 0.0063676 0.00595284 0.00551187 0.00505387 0.004588 0.00412307 0.00366726 0.00322784 0.00281099 0.00242166 0.00206351 0.00173888 0.00144889 0.00119353 0.000971851 0.000782102 0.000621952 0.000488664 0.000379275 0.000290749 0.000220108 0.000164526 0.000121409 8.84336e-05 6.3573e-05 4.5098e-05 3.15657e-05 2.17968e-05 1.48472e-05 9.97527e-06 6.6099e-06 4.31938e-06 2.7834e-06 1.76861e-06 1.1081e-06 6.8454e-07 4.16973e-07 2.50476e-07 1.48458e-07 8.69782e-08 5.06803e-08 2.99594e-08 1.90646e-08 
2.41202e-08 2.619e-08 3.77947e-08 6.25638e-08 1.07825e-07 1.86282e-07 3.18683e-07 5.37869e-07 8.9465e-07 1.46609e-06 2.36686e-06 3.76448e-06 5.89904e-06 9.10829e-06 1.38584e-05 2.07804e-05 3.07122e-05 4.47448e-05 6.42703e-05 9.10291e-05 0.000127152 0.000175191 0.000238137 0.000319409 0.000422819 0.000552503 0.000712805 0.000908132 0.00114275 0.00142058 0.00174492 0.00211817 0.00254157 0.00301497 0.00353658 0.00410283 0.0047083 0.00534572 0.00600612 0.00667897 0.00735257 0.00801433 0.00865125 0.00925036 0.0097991 0.0102858 0.0107 0.0110328 0.0112769 0.0114271 0.0114802 0.011435 0.0112925 0.0110559 0.0107302 0.0103227 0.00984219 0.009299 0.00870477 0.00807199 0.00741358 0.0067425 0.00607129 0.00541165 0.00477411 0.00416765 0.0035996 0.00307543 0.00259882 0.00217165 0.00179422 0.00146542 0.00118297 0.000943701 0.00074383 0.000579183 0.000445437 0.000338308 0.000253699 0.000187819 0.000137247 9.8979e-05 7.04369e-05 4.94555e-05 3.42558e-05 2.34049e-05 1.57721e-05 1.0482e-05 6.86963e-06 4.43945e-06 2.82884e-06 1.77727e-06 1.10092e-06 6.72398e-07 4.04977e-07 2.40661e-07 1.41371e-07 8.26051e-08 4.89907e-08 3.1303e-08 
3.92346e-08 4.26966e-08 6.15569e-08 1.01642e-07 1.74666e-07 3.00861e-07 5.1316e-07 8.6349e-07 1.43187e-06 2.33916e-06 3.76448e-06 5.96826e-06 9.32216e-06 1.43465e-05 2.17557e-05 3.25123e-05 4.78874e-05 6.95268e-05 9.95183e-05 0.000140456 0.000195498 0.000268398 0.000363525 0.00048584 0.000640826 0.000834379 0.00107264 0.00136175 0.00170761 0.0021155 0.00258978 0.00313345 0.00374785 0.00443228 0.00518372 0.00599669 0.00686313 0.00777247 0.00871181 0.00966624 0.0106193 0.0115533 0.0124503 0.0132923 0.0140622 0.0147439 0.0153232 0.0157879 0.0161283 0.0163374 0.0164107 0.0163467 0.0161468 0.0158153 0.0153591 0.0147879 0.0141137 0.0133507 0.0125148 0.0116232 0.0106936 0.00974415 0.00879227 0.00785446 0.00694558 0.00607853 0.00526391 0.00450984 0.00382189 0.00320318 0.00265458 0.0021749 0.00176131 0.00140963 0.00111472 0.000870846 0.000671972 0.000512056 0.000385269 0.000286166 0.0002098 0.000151795 0.000108371 7.63329e-05 5.3039e-05 3.63509e-05 2.45711e-05 1.63789e-05 1.07661e-05 6.97782e-06 4.45905e-06 2.80937e-06 1.74507e-06 1.06873e-06 6.4541e-07 3.84563e-07 2.26513e-07 1.32733e-07 7.89804e-08 5.06734e-08 
6.29193e-08 6.8615e-08 9.88187e-08 1.62745e-07 2.7884e-07 4.78854e-07 8.14272e-07 1.36597e-06 2.25806e-06 3.67726e-06 5.89904e-06 9.32216e-06 1.4513e-05 2.22606e-05 3.36432e-05 5.01055e-05 7.3545e-05 0.000106405 0.000151765 0.00021343 0.000295997 0.000404899 0.000546409 0.000727589 0.000956186 0.00124045 0.00158887 0.00200987 0.00251137 0.00310036 0.00378239 0.00456107 0.00543758 0.00641027 0.00747426 0.00862127 0.00983958 0.0111141 0.0124266 0.0137563 0.0150805 0.0163751 0.0176155 0.0187775 0.0198378 0.0207752 0.0215704 0.0222076 0.0226736 0.0229592 0.0230586 0.0229698 0.0226947 0.0222389 0.0216116 0.0208258 0.0198973 0.0188451 0.0176907 0.016457 0.0151682 0.0138488 0.0125229 0.011213 0.00993992 0.00872176 0.00757361 0.00650723 0.00553097 0.00464982 0.0038656 0.00317731 0.00258154 0.00207296 0.0016448 0.0012893 0.000998248 0.00076327 0.000576229 0.000429448 0.000315901 0.000229321 0.000164257 0.000116073 8.09103e-05 5.5628e-05 3.77184e-05 2.52198e-05 1.66274e-05 1.08086e-05 6.92721e-06 4.37693e-06 2.72644e-06 1.67437e-06 1.01393e-06 6.05783e-07 3.57794e-07 2.10271e-07 1.25538e-07 8.08784e-08 
9.94841e-08 1.08703e-07 1.56368e-07 2.56837e-07 4.38729e-07 7.51126e-07 1.27333e-06 2.12941e-06 3.50903e-06 5.69624e-06 9.10829e-06 1.43465e-05 2.22606e-05 3.40289e-05 5.12531e-05 7.60675e-05 0.00011126 0.000160399 0.000227955 0.000319415 0.000441363 0.000601523 0.000808744 0.00107291 0.00140475 0.00181559 0.00231696 0.00292011 0.00363547 0.004472 0.00543657 0.00653324 0.00776267 0.00912157 0.0106023 0.0121927 0.013876 0.015631 0.0174325 0.0192522 0.0210592 0.0228212 0.0245054 0.0260796 0.0275134 0.0287785 0.0298503 0.0307076 0.0313339 0.0317169 0.0318492 0.0317285 0.0313569 0.0307419 0.0298955 0.0288343 0.0275791 0.0261549 0.0245895 0.0229134 0.0211588 0.0193582 0.0175438 0.0157465 0.0139944 0.0123125 0.0107219 0.00923951 0.00787742 0.0066434 0.00554088 0.0045694 0.00372513 0.00300147 0.00238973 0.00187973 0.00146044 0.00112055 0.000848881 0.000634826 0.000468571 0.0003413 0.000245283 0.000173903 0.000121617 8.38837e-05 5.70572e-05 3.82693e-05 2.53083e-05 1.65013e-05 1.0607e-05 6.72152e-06 4.19892e-06 2.58593e-06 1.57029e-06 9.40777e-07 5.57204e-07 3.28429e-07 1.96749e-07 1.27284e-07 
1.551e-07 1.69781e-07 2.43914e-07 3.99539e-07 6.80405e-07 1.16127e-06 1.96248e-06 3.27155e-06 5.37396e-06 8.6954e-06 1.38584e-05 2.17557e-05 3.36432e-05 5.12531e-05 7.69277e-05 0.000113771 0.000165815 0.000238187 0.000337273 0.000470854 0.000648202 0.000880113 0.00117885 0.001558 0.00203215 0.00261655 0.0033265 0.00417674 0.00518063 0.00634937 0.00769108 0.00920995 0.0109055 0.0127719 0.0147975 0.0169648 0.0192501 0.0216244 0.0240535 0.0264994 0.0289212 0.0312761 0.0335215 0.0356154 0.0375185 0.0391948 0.0406125 0.0417449 0.0425709 0.0430751 0.0432482 0.0430871 0.0425948 0.0417805 0.0406596 0.0392531 0.0375877 0.0356951 0.0336112 0.0313755 0.0290295 0.026616 0.0241774 0.0217544 0.019385 0.0171029 0.0149372 0.0129112 0.0110426 0.00934312 0.00781858 0.00646971 0.00529258 0.00427936 0.00341919 0.00269902 0.00210442 0.00162037 0.00123186 0.000924466 0.000684731 0.000500466 0.000360897 0.000256732 0.000180138 0.000124655 8.50623e-05 5.72338e-05 3.7968e-05 2.48315e-05 1.60097e-05 1.01752e-05 6.37498e-06 3.93733e-06 2.39767e-06 1.4405e-06 8.55604e-07 5.05827e-07 3.04064e-07 1.97531e-07 
2.38446e-07 2.61458e-07 3.75098e-07 6.12706e-07 1.04018e-06 1.76974e-06 2.9813e-06 4.95414e-06 8.11156e-06 1.3082e-05 2.07804e-05 3.25123e-05 5.01055e-05 7.60675e-05 0.000113771 0.000167661 0.000243475 0.000348465 0.000491604 0.000683747 0.000937735 0.0012684 0.00169244 0.00222817 0.0028951 0.00371331 0.00470272 0.00588215 0.00726832 0.00887471 0.0107105 0.0127794 0.0150788 0.0175991 0.0203231 0.0232258 0.0262749 0.029431 0.0326488 0.0358781 0.0390657 0.0421565 0.0450957 0.0478302 0.0503101 0.0524902 0.0543309 0.0557991 0.0568683 0.0575199 0.0577422 0.0575315 0.0568915 0.0558337 0.0543769 0.0525474 0.0503785 0.0479096 0.0451861 0.0422578 0.0391776 0.0360003 0.0327805 0.0295714 0.0264227 0.0233794 0.0204806 0.0177585 0.0152379 0.0129359 0.0108622 0.0090197 0.00740477 0.00600865 0.00481821 0.00381714 0.00298701 0.00230826 0.00176113 0.00132639 0.000985906 0.000723119 0.000523263 0.000373509 0.00026296 0.000182571 0.000124992 8.43709e-05 5.61477e-05 3.68356e-05 2.3822e-05 1.51861e-05 9.54251e-06 5.91083e-06 3.60979e-06 2.17491e-06 1.29554e-06 7.68244e-07 4.63416e-07 3.02313e-07 
3.61518e-07 3.97027e-07 5.68741e-07 9.2636e-07 1.56772e-06 2.65879e-06 4.46469e-06 7.39521e-06 1.20689e-05 1.93997e-05 3.07122e-05 4.78874e-05 7.3545e-05 0.00011126 0.000165815 0.000243475 0.000352279 0.00050232 0.000706004 0.00097823 0.00133648 0.00180079 0.00239349 0.00313885 0.00406241 0.00519012 0.00654733 0.00815754 0.010041 0.0122134 0.0146844 0.0174563 0.0205231 0.0238695 0.0274708 0.0312923 0.0352904 0.0394129 0.0436006 0.0477889 0.0519097 0.0558934 0.0596713 0.0631773 0.0663497 0.0691331 0.071479 0.0733471 0.0747058 0.0755322 0.0758126 0.0755424 0.0747262 0.0733777 0.0715198 0.0691843 0.0664116 0.0632502 0.0597556 0.0559894 0.0520178 0.0479093 0.043733 0.0395569 0.035445 0.031456 0.0276418 0.0240456 0.0207016 0.0176347 0.0148599 0.0123835 0.0102032 0.00830981 0.00668803 0.00531806 0.00417689 0.00323966 0.00248082 0.00187521 0.00139887 0.00102967 0.000747713 0.000535578 0.000378353 0.000263575 0.000181048 0.00012261 8.18578e-05 5.38726e-05 3.49484e-05 2.2347e-05 1.40844e-05 8.74996e-06 5.35923e-06 3.23829e-06 1.9346e-06 1.15074e-06 6.96586e-07 4.56327e-07 
5.40592e-07 5.94542e-07 8.50332e-07 1.38099e-06 2.32966e-06 3.93831e-06 6.59193e-06 1.08831e-05 1.77025e-05 2.836e-05 4.47448e-05 6.95268e-05 0.000106405 0.000160399 0.000238187 0.000348465 0.00050232 0.000713584 0.000999129 0.00137907 0.00187683 0.00251898 0.00333489 0.00435612 0.00561544 0.00714574 0.00897853 0.0111424 0.0136611 0.016552 0.0198244 0.0234778 0.0275008 0.0318705 0.0365518 0.0414978 0.0466506 0.0519424 0.0572973 0.0626337 0.0678662 0.0729089 0.0776773 0.0820908 0.086075 0.0895633 0.0924979 0.0948312 0.0965257 0.0975546 0.0979019 0.0975622 0.0965409 0.0948541 0.0925289 0.0896027 0.0861236 0.0821494 0.0777469 0.0729907 0.0679612 0.0627426 0.0574209 0.0520807 0.0468032 0.0416636 0.0367292 0.0320572 0.0276941 0.0236745 0.0200214 0.016746 0.0138488 0.0113212 0.00914595 0.00729992 0.00575506 0.00448045 0.00344377 0.00261272 0.00195618 0.0014451 0.00105315 0.000757019 0.00053665 0.000375133 0.000258546 0.000175674 0.000117668 7.76889e-05 5.05574e-05 3.24281e-05 2.05004e-05 1.2774e-05 7.84699e-06 4.75538e-06 2.84933e-06 1.70013e-06 1.0328e-06 6.79412e-07 
7.97353e-07 8.78078e-07 1.25376e-06 2.03015e-06 3.41376e-06 5.75227e-06 9.59677e-06 1.5792e-05 2.56016e-05 4.0876e-05 6.42703e-05 9.95183e-05 0.000151765 0.000227955 0.000337273 0.000491604 0.000706004 0.000999129 0.00139357 0.00191604 0.00259739 0.00347228 0.00457865 0.00595675 0.00764787 0.00969275 0.0121297 0.0149924 0.0183078 0.0220943 0.0263589 0.0310966 0.0362882 0.0419001 0.0478842 0.0541779 0.0607061 0.0673823 0.074111 0.0807911 0.087318 0.0935874 0.0994976 0.104953 0.109865 0.114157 0.117761 0.120621 0.122696 0.123953 0.124375 0.123957 0.122703 0.120633 0.117777 0.114178 0.109893 0.104988 0.0995428 0.0936442 0.0873885 0.0808771 0.074214 0.0675032 0.0608454 0.0543352 0.048058 0.0420886 0.0364885 0.0313054 0.0265725 0.0223086 0.0185191 0.0151969 0.0123241 0.00987434 0.00781451 0.00610699 0.00471176 0.00358815 0.0026965 0.00199934 0.00146235 0.00105493 0.000750477 0.000526428 0.000364063 0.000248202 0.000166798 0.000110485 7.21297e-05 4.64099e-05 2.94299e-05 1.83936e-05 1.13328e-05 6.88816e-06 4.13959e-06 2.47779e-06 1.51059e-06 9.97867e-07 
1.16015e-06 1.27914e-06 1.82322e-06 2.94341e-06 4.93335e-06 8.28568e-06 1.3778e-05 2.25974e-05 3.65112e-05 5.80958e-05 9.10291e-05 0.000140456 0.00021343 0.000319415 0.000470854 0.000683747 0.00097823 0.00137907 0.00191604 0.00262406 0.00354306 0.00471753 0.00619556 0.00802757 0.0102645 0.0129558 0.0161467 0.0198759 0.0241727 0.0290546 0.0345248 0.0405707 0.0471624 0.0542525 0.061776 0.0696515 0.0777829 0.0860622 0.0943717 0.102588 0.110587 0.118243 0.125437 0.132059 0.138006 0.14319 0.147534 0.150976 0.153468 0.154977 0.155482 0.154976 0.153465 0.150972 0.147529 0.143186 0.138005 0.132062 0.125448 0.118264 0.110621 0.102638 0.0944405 0.086152 0.0778953 0.0697868 0.0619337 0.0544311 0.0473593 0.0407824 0.0347474 0.0292835 0.0244032 0.0201033 0.0163667 0.0131646 0.010459 0.00820535 0.00635509 0.00485807 0.00366463 0.00272731 0.00200215 0.00144958 0.00103493 0.000728516 0.000505568 0.00034585 0.000233199 0.000154976 0.000101503 6.55166e-05 4.16754e-05 2.61268e-05 1.61459e-05 9.84293e-06 5.93317e-06 3.56264e-06 2.17976e-06 1.4459e-06 
1.66537e-06 1.83814e-06 2.61525e-06 4.20927e-06 7.03198e-06 1.17716e-05 1.95102e-05 3.1892e-05 5.13548e-05 8.14339e-05 0.000127152 0.000195498 0.000295997 0.000441363 0.000648202 0.000937735 0.00133648 0.00187683 0.00259739 0.00354306 0.00476474 0.00631848 0.00826421 0.0106639 0.0135791 0.0170684 0.0211839 0.0259685 0.0314521 0.0376494 0.0445568 0.0521508 0.0603873 0.0692008 0.0785058 0.0881983 0.098158 0.108252 0.118339 0.128271 0.137902 0.147087 0.155689 0.163581 0.170651 0.176798 0.181939 0.186005 0.188945 0.190722 0.191314 0.190714 0.18893 0.185982 0.18191 0.176764 0.170614 0.163544 0.155655 0.14706 0.137887 0.128272 0.118359 0.108296 0.0982282 0.0882965 0.0786325 0.0693553 0.0605675 0.0523537 0.044778 0.0378841 0.0316948 0.0262136 0.0214261 0.0173026 0.0138009 0.0108698 0.0084516 0.00648573 0.00491117 0.00366884 0.00270338 0.00196449 0.00140763 0.000994405 0.000692508 0.000475366 0.000321614 0.000214445 0.000140911 9.1245e-05 5.82239e-05 3.66139e-05 2.26955e-05 1.38774e-05 8.39047e-06 5.05425e-06 3.10351e-06 2.06717e-06 
2.35871e-06 2.60595e-06 3.70072e-06 5.93816e-06 9.88774e-06 1.64977e-05 2.72526e-05 4.43992e-05 7.12521e-05 0.000112596 0.000175191 0.000268398 0.000404899 0.000601523 0.000880113 0.0012684 0.00180079 0.00251898 0.00347228 0.00471753 0.00631848 0.0083446 0.0108692 0.013967 0.0177109 0.0221685 0.0273982 0.0334453 0.0403385 0.0480863 0.0566748 0.0660656 0.0761959 0.086978 0.0983018 0.110037 0.122035 0.134137 0.146174 0.157975 0.16937 0.180196 0.1903 0.19954 0.207793 0.214951 0.220924 0.22564 0.229044 0.231099 0.231781 0.231084 0.229014 0.225595 0.220866 0.214882 0.207715 0.199456 0.190213 0.180113 0.169295 0.157914 0.146132 0.13412 0.122047 0.110081 0.0983811 0.0870924 0.0763441 0.0662452 0.0568816 0.0483154 0.0405839 0.0337006 0.0276568 0.0224242 0.0179578 0.0142003 0.0110848 0.00853982 0.00649166 0.00486809 0.0036006 0.00262622 0.00188867 0.00133905 0.000935823 0.000644624 0.00043762 0.000292774 0.000193015 0.000125387 8.02637e-05 5.06304e-05 3.14797e-05 1.93067e-05 1.17088e-05 7.07575e-06 4.36043e-06 2.91629e-06 
3.29653e-06 3.64524e-06 5.16664e-06 8.26494e-06 1.3717e-05 2.28113e-05 3.75575e-05 6.09827e-05 9.75325e-05 0.000153592 0.000238137 0.000363525 0.000546409 0.000808744 0.00117885 0.00169244 0.00239349 0.00333489 0.00457865 0.00619556 0.00826421 0.0108692 0.0140987 0.018041 0.0227803 0.0283929 0.0349419 0.042473 0.05101 0.0605518 0.0710696 0.0825055 0.094773 0.107758 0.12132 0.1353 0.149519 0.163789 0.177914 0.191699 0.204952 0.217492 0.229151 0.239778 0.24924 0.257425 0.264239 0.269609 0.27348 0.275812 0.276585 0.27579 0.273435 0.269542 0.264152 0.257318 0.249117 0.239642 0.229007 0.217345 0.204808 0.191566 0.177799 0.163698 0.149459 0.135275 0.121335 0.107815 0.0948722 0.0826454 0.0712468 0.0607615 0.051246 0.0427282 0.0352089 0.0286639 0.0230481 0.0182991 0.0143416 0.0110927 0.0084653 0.00637269 0.00473144 0.003464 0.00250039 0.0017792 0.00124788 0.000862595 0.000587613 0.00039445 0.000260908 0.000170043 0.000109195 6.90953e-05 4.3092e-05 2.65089e-05 1.61258e-05 9.77627e-06 6.04626e-06 4.06022e-06 
4.54674e-06 5.03156e-06 7.11756e-06 1.13508e-05 1.87767e-05 3.1123e-05 5.10729e-05 8.26505e-05 0.000131737 0.000206739 0.000319409 0.00048584 0.000727589 0.00107291 0.001558 0.00222817 0.00313885 0.00435612 0.00595675 0.00802757 0.0106639 0.013967 0.018041 0.0229878 0.0289032 0.0358702 0.0439547 0.0531992 0.063619 0.0751984 0.0878884 0.101607 0.116237 0.131635 0.147626 0.164018 0.180601 0.197155 0.213458 0.229291 0.244444 0.258721 0.271942 0.283949 0.294606 0.303798 0.311432 0.317436 0.321757 0.324358 0.325217 0.324329 0.321698 0.317348 0.311316 0.303655 0.294438 0.283761 0.271737 0.258506 0.244227 0.229079 0.213259 0.196978 0.180455 0.16391 0.147562 0.131618 0.11627 0.101689 0.0880192 0.0753729 0.0638313 0.0534419 0.0442195 0.0361483 0.0291857 0.0232666 0.0183087 0.0142177 0.0108931 0.00823237 0.0061357 0.00450911 0.00326691 0.00233315 0.00164229 0.00113924 0.000778758 0.000524537 0.000348107 0.000227613 0.000146631 9.30735e-05 5.82244e-05 3.59265e-05 2.19215e-05 1.33325e-05 8.27515e-06 5.57926e-06 
6.18936e-06 6.85399e-06 9.67621e-06 1.53839e-05 2.53654e-05 4.19063e-05 6.85421e-05 0.000110551 0.000175611 0.000274639 0.000422819 0.000640826 0.000956186 0.00140475 0.00203215 0.0028951 0.00406241 0.00561544 0.00764787 0.0102645 0.0135791 0.0177109 0.0227803 0.0289032 0.0361848 0.0447137 0.0545545 0.065743 0.0782806 0.0921315 0.107221 0.123436 0.140627 0.158611 0.17718 0.196104 0.215139 0.234037 0.252549 0.270437 0.287474 0.303453 0.318189 0.331522 0.343314 0.353454 0.361855 0.368448 0.373185 0.376033 0.376972 0.375997 0.373114 0.368341 0.361713 0.353278 0.343105 0.331284 0.317927 0.303173 0.287183 0.270144 0.252264 0.233769 0.214899 0.1959 0.177022 0.158505 0.140577 0.123445 0.107288 0.0922539 0.0784533 0.0659588 0.0548047 0.0449884 0.0364738 0.0291964 0.0230687 0.0179865 0.0138356 0.0104972 0.00785405 0.00579394 0.00421353 0.00302028 0.00213364 0.00148534 0.00101887 0.000688601 0.00045851 0.000300779 0.000194383 0.000123769 7.76639e-05 4.80664e-05 2.94183e-05 1.79491e-05 1.11801e-05 7.56759e-06 
8.31644e-06 9.21494e-06 1.29831e-05 2.05785e-05 3.38206e-05 5.56939e-05 9.07957e-05 0.000145959 0.000231075 0.000360136 0.000552503 0.000834379 0.00124045 0.00181559 0.00261655 0.00371331 0.00519012 0.00714574 0.00969275 0.0129558 0.0170684 0.0221685 0.0283929 0.0358702 0.0447137 0.0550135 0.0668295 0.080185 0.0950622 0.111399 0.129088 0.147981 0.167888 0.188585 0.209826 0.231342 0.252857 0.274094 0.294783 0.314666 0.333508 0.351096 0.367243 0.381793 0.394616 0.405608 0.414689 0.421801 0.426901 0.429964 0.430973 0.429924 0.426821 0.42168 0.414527 0.405405 0.394374 0.381514 0.366931 0.350756 0.333149 0.314296 0.294412 0.273734 0.252519 0.231037 0.209565 0.188378 0.16774 0.147899 0.129075 0.111452 0.0951786 0.0803582 0.0670508 0.0552725 0.044999 0.0361701 0.0286962 0.0224652 0.0173499 0.0132157 0.00992647 0.00735081 0.00536584 0.00386046 0.00273706 0.00191217 0.00131622 0.000892589 0.000596315 0.00039245 0.000254434 0.000162509 0.000102283 6.3494e-05 3.8978e-05 2.38571e-05 1.49122e-05 1.0133e-05 
1.1031e-05 1.22291e-05 1.7195e-05 2.71721e-05 4.45142e-05 7.30682e-05 0.000118735 0.000190248 0.000300185 0.00046625 0.000712805 0.00107264 0.00158887 0.00231696 0.0033265 0.00470272 0.00654733 0.00897853 0.0121297 0.0161467 0.0211839 0.0273982 0.0349419 0.0439547 0.0545545 0.0668295 0.0808292 0.0965589 0.113975 0.132981 0.153434 0.17514 0.197867 0.221348 0.245292 0.269395 0.29335 0.316852 0.339614 0.361367 0.38187 0.400912 0.418313 0.433925 0.447631 0.45934 0.468985 0.476521 0.481917 0.485153 0.486218 0.48511 0.481832 0.476393 0.468812 0.459121 0.447367 0.433617 0.417963 0.400526 0.381454 0.360929 0.339164 0.316403 0.292914 0.268987 0.244923 0.22103 0.197612 0.174955 0.153324 0.132949 0.114018 0.0966734 0.0810066 0.0670592 0.0548244 0.0442515 0.0352527 0.0277105 0.021487 0.0164319 0.0123904 0.00921056 0.00674871 0.0048733 0.00346767 0.00243118 0.00167927 0.00114265 0.000765906 0.000505693 0.000328887 0.000210711 0.000133023 8.28223e-05 5.09957e-05 3.13105e-05 1.96388e-05 1.33955e-05 
1.44452e-05 1.60211e-05 2.24814e-05 3.54197e-05 5.78427e-05 9.4646e-05 0.000153309 0.00024485 0.000385064 0.000596069 0.000908132 0.00136175 0.00200987 0.00292011 0.00417674 0.00588215 0.00815754 0.0111424 0.0149924 0.0198759 0.0259685 0.0334453 0.042473 0.0531992 0.065743 0.080185 0.0965589 0.114845 0.134966 0.156788 0.18012 0.204723 0.230315 0.256583 0.283196 0.309811 0.336093 0.361717 0.386381 0.409813 0.431774 0.452062 0.470509 0.486984 0.501387 0.513648 0.523718 0.531565 0.537173 0.540533 0.541639 0.540491 0.537089 0.531436 0.523542 0.513425 0.501114 0.486661 0.470137 0.451644 0.431316 0.409322 0.385866 0.361191 0.335569 0.309304 0.282719 0.256153 0.229945 0.204425 0.179903 0.156656 0.134922 0.114885 0.0966771 0.0803713 0.0659847 0.0534822 0.0427823 0.0337666 0.0262884 0.0201833 0.0152785 0.011401 0.00838505 0.00607721 0.00433993 0.00305345 0.00211636 0.00144492 0.000971694 0.000643623 0.000419903 0.000269844 0.000170863 0.000106695 6.58893e-05 4.05798e-05 2.55393e-05 1.74848e-05 
1.86766e-05 2.07219e-05 2.90193e-05 4.55861e-05 7.42146e-05 0.000121057 0.000195477 0.000311202 0.000487823 0.000752627 0.00114275 0.00170761 0.00251137 0.00363547 0.00518063 0.00726832 0.010041 0.0136611 0.0183078 0.0241727 0.0314521 0.0403385 0.05101 0.063619 0.0782806 0.0950622 0.113975 0.134966 0.15792 0.182654 0.208929 0.236451 0.264889 0.293883 0.323058 0.352041 0.380469 0.408004 0.434338 0.459202 0.482365 0.503643 0.522888 0.539993 0.554881 0.567506 0.57784 0.585872 0.591601 0.595029 0.596159 0.594991 0.591523 0.585752 0.577674 0.567291 0.554615 0.539673 0.522514 0.503215 0.481886 0.458678 0.433777 0.407418 0.37987 0.351445 0.322482 0.293344 0.264404 0.236035 0.208595 0.182412 0.157774 0.134918 0.114019 0.0951906 0.0784809 0.0638763 0.0513081 0.0406608 0.031783 0.0244983 0.0186169 0.0139451 0.0102945 0.00748842 0.00536685 0.00378918 0.00263526 0.0018052 0.00121792 0.000809275 0.000529605 0.000341367 0.000216787 0.000135765 8.40848e-05 5.19431e-05 3.27998e-05 2.25367e-05 
2.38441e-05 2.64634e-05 3.69863e-05 5.79343e-05 9.40319e-05 0.000152917 0.000246164 0.000390675 0.00061045 0.000938746 0.00142058 0.0021155 0.00310036 0.004472 0.00634937 0.00887471 0.0122134 0.016552 0.0220943 0.0290546 0.0376494 0.0480863 0.0605518 0.0751984 0.0921315 0.111399 0.132981 0.156788 0.182654 0.210346 0.239567 0.26997 0.30117 0.332759 0.364325 0.395465 0.425797 0.454976 0.482694 0.508694 0.532765 0.554743 0.574511 0.591989 0.607131 0.619918 0.630348 0.638432 0.644187 0.647626 0.64876 0.647593 0.644119 0.638328 0.630202 0.619726 0.606888 0.59169 0.574154 0.554325 0.532287 0.50816 0.48211 0.45435 0.425143 0.394797 0.363662 0.332119 0.300574 0.269437 0.239114 0.209987 0.182398 0.156639 0.132939 0.111456 0.0922774 0.075418 0.060828 0.0484007 0.0379841 0.0293932 0.0224228 0.0168595 0.012492 0.00911986 0.00655923 0.00464704 0.00324279 0.00222866 0.00150844 0.00100544 0.000659977 0.000426659 0.000271734 0.000170659 0.000105997 6.56738e-05 4.16051e-05 2.86869e-05 
3.00615e-05 3.33721e-05 4.65511e-05 7.27119e-05 0.000117669 0.000190788 0.000306212 0.000484495 0.000754691 0.00115686 0.00174492 0.00258978 0.00378239 0.00543657 0.00769108 0.0107105 0.0146844 0.0198244 0.0263589 0.0345248 0.0445568 0.0566748 0.0710696 0.0878884 0.107221 0.129088 0.153434 0.18012 0.208929 0.239567 0.27168 0.304862 0.338675 0.372668 0.406393 0.439423 0.471365 0.501874 0.530652 0.557462 0.582117 0.604487 0.624488 0.642074 0.657234 0.669979 0.680336 0.688339 0.694023 0.697416 0.698537 0.697391 0.693972 0.688258 0.68022 0.669822 0.657029 0.641815 0.624168 0.604103 0.581665 0.556942 0.530069 0.501233 0.470679 0.438704 0.40566 0.371942 0.337979 0.304218 0.271109 0.239088 0.208555 0.179862 0.153294 0.129062 0.1073 0.0880585 0.071313 0.0569719 0.0448876 0.0348704 0.0267026 0.0201524 0.0149865 0.0109801 0.00792471 0.00563356 0.00394423 0.00271949 0.00184644 0.00123449 0.000812735 0.000526932 0.000336544 0.000211949 0.000132008 8.20262e-05 5.2129e-05 3.60648e-05 
3.74306e-05 4.15611e-05 5.78631e-05 9.01348e-05 0.000145446 0.000235148 0.000376312 0.000593648 0.000921917 0.00140881 0.00211817 0.00313345 0.00456107 0.00653324 0.00920995 0.0127794 0.0174563 0.0234778 0.0310966 0.0405707 0.0521508 0.0660656 0.0825055 0.101607 0.123436 0.147981 0.17514 0.204723 0.236451 0.26997 0.304862 0.340663 0.376885 0.413035 0.448637 0.483246 0.516467 0.547961 0.577452 0.604728 0.629637 0.652086 0.67203 0.689464 0.704411 0.716918 0.72704 0.734837 0.740361 0.743654 0.744745 0.74364 0.74033 0.734785 0.726963 0.716806 0.704257 0.689259 0.671766 0.651756 0.629234 0.604248 0.576896 0.547333 0.515774 0.482501 0.447857 0.412243 0.376104 0.339918 0.30418 0.269373 0.235959 0.20435 0.174894 0.147862 0.123437 0.101716 0.0827055 0.0663359 0.0524696 0.0409167 0.0314504 0.0238229 0.0177798 0.0130723 0.00946703 0.00675241 0.00474292 0.00328051 0.00223418 0.00149818 0.000989197 0.000643147 0.000411896 0.000260104 0.000162438 0.000101218 6.45226e-05 4.47848e-05 
4.60331e-05 5.11207e-05 7.10399e-05 0.000110369 0.000177603 0.00028634 0.000456949 0.000718792 0.00111299 0.00169566 0.00254157 0.00374785 0.00543758 0.00776267 0.0109055 0.0150788 0.0205231 0.0275008 0.0362882 0.0471624 0.0603873 0.0761959 0.094773 0.116237 0.140627 0.167888 0.197867 0.230315 0.264889 0.30117 0.338675 0.376885 0.415264 0.453282 0.490442 0.52629 0.560436 0.592558 0.622407 0.649805 0.674643 0.69687 0.716483 0.73352 0.748043 0.760133 0.769876 0.777353 0.782637 0.785784 0.786829 0.785781 0.782629 0.777335 0.769842 0.760075 0.747951 0.733382 0.71629 0.69661 0.674308 0.649387 0.621902 0.591966 0.559762 0.525544 0.48964 0.452445 0.414416 0.376055 0.337892 0.300462 0.264281 0.229826 0.19751 0.167668 0.140542 0.116276 0.0949196 0.0764299 0.0606857 0.0475018 0.0366465 0.0278588 0.0208651 0.0153934 0.0111852 0.00800387 0.00563973 0.00391279 0.00267276 0.00179747 0.00119014 0.000775909 0.000498244 0.000315453 0.000197519 0.000123411 7.89026e-05 5.4937e-05 
5.5922e-05 6.21094e-05 8.61546e-05 0.000133511 0.000214272 0.000344534 0.000548329 0.000860158 0.00132811 0.00201753 0.00301497 0.00443228 0.00641027 0.00912157 0.0127719 0.0175991 0.0238695 0.0318705 0.0419001 0.0542525 0.0692008 0.086978 0.107758 0.131635 0.158611 0.188585 0.221348 0.256583 0.293883 0.332759 0.372668 0.413035 0.453282 0.492851 0.531228 0.567961 0.602673 0.635067 0.664929 0.692124 0.716587 0.738315 0.757351 0.773775 0.78769 0.79921 0.808449 0.815513 0.820491 0.823453 0.824438 0.823462 0.820507 0.815531 0.808462 0.799209 0.787665 0.773713 0.757239 0.73814 0.716337 0.691787 0.664498 0.634536 0.602044 0.567241 0.530429 0.491993 0.45239 0.412139 0.3718 0.331951 0.293165 0.255981 0.220879 0.188261 0.158433 0.131595 0.107842 0.0871672 0.0694707 0.0545782 0.0422572 0.0322369 0.0242268 0.0179331 0.013073 0.00938426 0.00663268 0.00461539 0.0031618 0.00213232 0.00141568 0.000925384 0.000595753 0.000378138 0.000237365 0.000148695 9.53372e-05 6.65782e-05 
6.71134e-05 7.45447e-05 0.000103224 0.000159574 0.000255445 0.000409686 0.00065033 0.00101747 0.00156674 0.00237339 0.00353658 0.00518372 0.00747426 0.0106023 0.0147975 0.0203231 0.0274708 0.0365518 0.0478842 0.061776 0.0785058 0.0983018 0.12132 0.147626 0.17718 0.209826 0.245292 0.283196 0.323058 0.364325 0.406393 0.448637 0.490442 0.531228 0.570476 0.607742 0.642671 0.675 0.704556 0.731251 0.755069 0.776058 0.794307 0.809939 0.823096 0.833923 0.842563 0.849141 0.853763 0.856508 0.857425 0.856529 0.853802 0.849193 0.842622 0.833981 0.82314 0.809956 0.794282 0.775976 0.754916 0.731009 0.704215 0.67455 0.642109 0.607071 0.569704 0.530374 0.489528 0.447695 0.405457 0.363431 0.32224 0.282485 0.244714 0.209395 0.176904 0.147502 0.121336 0.0984383 0.0787398 0.0620811 0.0482341 0.0369218 0.0278396 0.020674 0.0151184 0.0108856 0.00771658 0.00538504 0.00369931 0.00250154 0.00166515 0.00109121 0.000704239 0.000448076 0.000281945 0.000177063 0.000113834 7.97213e-05 
7.95788e-05 8.8394e-05 0.000122197 0.000188465 0.000300961 0.000481505 0.000762447 0.00118987 0.00182747 0.00276098 0.00410283 0.00599669 0.00862127 0.0121927 0.0169648 0.0232258 0.0312923 0.0414978 0.0541779 0.0696515 0.0881983 0.110037 0.1353 0.164018 0.196104 0.231342 0.269395 0.309811 0.352041 0.395465 0.439423 0.483246 0.52629 0.567961 0.607742 0.645206 0.680029 0.711987 0.740954 0.766894 0.789842 0.809896 0.827192 0.841895 0.854181 0.864228 0.8722 0.878243 0.882475 0.884985 0.885826 0.885016 0.882535 0.878328 0.872304 0.864341 0.854292 0.84199 0.827256 0.809911 0.789791 0.766757 0.740716 0.711634 0.679553 0.644605 0.607021 0.567133 0.525378 0.48228 0.438438 0.394501 0.351136 0.309002 0.268712 0.230807 0.195729 0.163805 0.135241 0.110114 0.0883898 0.0699298 0.054515 0.0418667 0.031669 0.0235908 0.0173034 0.0124954 0.00888286 0.00621598 0.00428151 0.0029027 0.00193701 0.00127243 0.000823128 0.000524926 0.000331063 0.000208405 0.00013433 9.43281e-05 
9.3239e-05 0.000103569 0.000142946 0.00021998 0.000350477 0.000559427 0.000883761 0.00137589 0.00210798 0.00317672 0.0047083 0.00686313 0.00983958 0.013876 0.0192501 0.0262749 0.0352904 0.0466506 0.0607061 0.0777829 0.098158 0.122035 0.149519 0.180601 0.215139 0.252857 0.29335 0.336093 0.380469 0.425797 0.471365 0.516467 0.560436 0.602673 0.642671 0.680029 0.714458 0.745781 0.773924 0.798902 0.820804 0.839776 0.856 0.86968 0.881025 0.890237 0.897503 0.902983 0.906808 0.909072 0.909834 0.909113 0.906887 0.903098 0.897646 0.890401 0.881198 0.869849 0.856149 0.839886 0.820856 0.798874 0.773796 0.745536 0.714082 0.679514 0.642018 0.601893 0.559547 0.515498 0.470352 0.42478 0.379492 0.335196 0.292569 0.252221 0.214666 0.180298 0.149382 0.122049 0.0983016 0.0780289 0.0610252 0.0470137 0.0356711 0.026651 0.0196044 0.0141965 0.0101195 0.00709992 0.00490276 0.00333204 0.0022288 0.00146747 0.000951417 0.000608066 0.000384336 0.000242488 0.00015668 0.000110302 
