0.000232497 0.00023688 0.000252394 0.000279478 0.000318813 0.000371354 0.000438323 0.0005212 0.000621714 0.000741823 0.000883699 0.0010497 0.00124234 0.00146425 0.00171814 0.00200675 0.00233279 0.00269886 0.00310744 0.00356076 0.00406074 0.00460892 0.00520642 0.00585379 0.006551 0.00729737 0.00809149 0.00893119 0.00981353 0.0107347 0.0116902 0.0126747 0.0136819 0.014705 0.0157367 0.0167687 0.0177925 0.0187994 0.0197801 0.0207254 0.0216262 0.0224734 0.0232584 0.0239729 0.0246094 0.0251609 0.0256214 0.0259858 0.0262501 0.0264112 0.0264674 0.0264181 0.0262638 0.0260063 0.0256485 0.0251945 0.0246493 0.0240189 0.0233102 0.0225307 0.0216887 0.0207928 0.0198519 0.0188752 0.0178719 0.016851 0.0158216 0.014792 0.0137703 0.012764 0.0117799 0.0108243 0.00990242 0.00901891 0.00817755 0.00738133 0.00663245 0.00593235 0.00528176 0.00468077 0.00412886 0.00362498 0.00316764 0.00275495 0.00238472 0.00205455 0.00176186 0.00150396 0.00127815 0.00108176 0.000912149 0.000766828 0.000643442 0.000539818 0.000453991 0.000384223 0.000329016 0.00028713 0.000257588 0.000239716 
0.00023688 0.000241355 0.000257177 0.000284793 0.000324896 0.000378461 0.000446731 0.000531215 0.000633673 0.000756101 0.00090071 0.0010699 0.00126623 0.00149237 0.0017511 0.00204517 0.00237736 0.00275032 0.00316655 0.0036283 0.00413754 0.00469584 0.00530429 0.00596346 0.00667331 0.00743313 0.00824148 0.00909614 0.0099941 0.0109315 0.0119037 0.0129053 0.0139299 0.0149706 0.0160199 0.0170694 0.0181105 0.0191343 0.0201314 0.0210924 0.0220081 0.0228693 0.0236671 0.0243933 0.0250402 0.0256006 0.0260686 0.0264388 0.0267073 0.026871 0.0269281 0.0268779 0.026721 0.0264593 0.0260956 0.0256342 0.02508 0.0244393 0.0237189 0.0229266 0.0220706 0.0211598 0.0202032 0.0192102 0.01819 0.0171519 0.0161049 0.0150577 0.0140185 0.0129949 0.0119938 0.0110214 0.0100834 0.00918429 0.008328 0.00751758 0.00675526 0.00604253 0.00538016 0.00476822 0.0042062 0.00369305 0.00322726 0.00280691 0.00242979 0.00209344 0.00179525 0.00153249 0.00130242 0.00110231 0.000929479 0.000781394 0.000655656 0.000550055 0.000462589 0.000391488 0.000335227 0.000292542 0.000262437 0.000244228 
0.000252394 0.000257177 0.000274019 0.000303392 0.000346031 0.000402961 0.000475499 0.000565236 0.000674027 0.000803976 0.000957411 0.00113686 0.00134501 0.00158467 0.00185875 0.00217014 0.00252175 0.00291633 0.00335649 0.0038446 0.00438265 0.00497228 0.0056146 0.00631016 0.00705888 0.00785995 0.00871183 0.00961213 0.0105577 0.0115443 0.0125672 0.0136206 0.0146978 0.0157915 0.0168938 0.0179961 0.0190892 0.0201636 0.0212098 0.0222179 0.0231782 0.024081 0.0249173 0.0256784 0.0263561 0.0269432 0.0274333 0.027821 0.0281021 0.0282734 0.0283329 0.0282802 0.0281157 0.0278413 0.0274602 0.0269765 0.0263957 0.0257241 0.0249689 0.0241382 0.0232405 0.0222852 0.0212816 0.0202395 0.0191687 0.0180788 0.0169792 0.0158791 0.014787 0.0137108 0.012658 0.0116352 0.010648 0.00970141 0.00879958 0.00794571 0.00714221 0.00639069 0.00569196 0.00504619 0.00445285 0.00391088 0.00341872 0.0029744 0.00257561 0.0022198 0.00190422 0.00162604 0.00138237 0.00117035 0.000987167 0.000830161 0.000696805 0.000584773 0.000491957 0.000416489 0.000356764 0.000311448 0.00027949 0.000260168 
0.000279478 0.000284793 0.000303392 0.000335792 0.000382793 0.000445514 0.000525387 0.000624142 0.000743798 0.000886638 0.00105519 0.00125218 0.00148053 0.00174327 0.00204353 0.00238443 0.00276907 0.00320042 0.00368125 0.00421406 0.00480098 0.00544369 0.00614334 0.00690044 0.00771482 0.00858555 0.00951086 0.0104881 0.0115138 0.0125834 0.0136915 0.014832 0.0159976 0.0171804 0.0183717 0.0195624 0.0207426 0.0219021 0.0230305 0.0241174 0.0251523 0.026125 0.0270256 0.0278449 0.0285742 0.0292059 0.029733 0.0301499 0.030452 0.030636 0.0306998 0.0306427 0.0304654 0.03017 0.0297596 0.0292388 0.0286134 0.0278901 0.0270767 0.0261816 0.0252143 0.0241844 0.0231021 0.0219779 0.0208221 0.0196453 0.0184575 0.0172685 0.0160875 0.0149232 0.0137835 0.0126756 0.0116057 0.0105792 0.00960055 0.0086734 0.00780038 0.00698329 0.00622312 0.00552007 0.00487368 0.00428286 0.00374597 0.00326094 0.00282532 0.00243638 0.0020912 0.00178672 0.00151984 0.00128747 0.0010866 0.000914318 0.000767911 0.000644852 0.000542853 0.000459886 0.000394208 0.000344367 0.000309221 0.000287984 
0.000318813 0.000324896 0.000346031 0.000382793 0.000436078 0.000507136 0.000597564 0.000709292 0.000844566 0.00100592 0.00119617 0.00141834 0.00167565 0.00197145 0.00230918 0.00269229 0.00312416 0.00360802 0.0041469 0.00474348 0.00540005 0.00611837 0.00689961 0.00774425 0.00865198 0.00962167 0.0106512 0.0117377 0.012877 0.0140641 0.015293 0.0165568 0.0178474 0.0191561 0.0204734 0.021789 0.0230921 0.0243717 0.0256162 0.0268142 0.0279543 0.0290253 0.0300166 0.0309179 0.03172 0.0324144 0.0329937 0.0334517 0.0337834 0.0339851 0.0340548 0.0339917 0.0337965 0.0334713 0.0330197 0.0324467 0.0317585 0.0309624 0.0300669 0.0290813 0.0280156 0.0268805 0.0256873 0.0244471 0.0231716 0.021872 0.0205595 0.0192448 0.0179382 0.0166492 0.0153865 0.014158 0.0129709 0.011831 0.0107435 0.00971228 0.00874051 0.00783023 0.00698265 0.0061981 0.00547616 0.00481571 0.00421503 0.00367191 0.00318369 0.00274741 0.00235989 0.00201778 0.00171766 0.00145614 0.00122989 0.0010357 0.00087055 0.000731647 0.000616448 0.000522697 0.000448452 0.000392099 0.000352364 0.00032837 
0.000371354 0.000378461 0.000402961 0.000445514 0.000507136 0.00058925 0.000693668 0.000822579 0.000978529 0.00116439 0.00138333 0.00163876 0.0019343 0.00227373 0.00266088 0.0030996 0.00359364 0.00414661 0.00476181 0.00544218 0.00619019 0.0070077 0.00789592 0.00885525 0.0098852 0.0109843 0.0121502 0.0133793 0.014667 0.0160075 0.0173939 0.0188183 0.0202718 0.0217445 0.0232256 0.0247036 0.0261666 0.0276021 0.0289974 0.0303396 0.0316162 0.0328149 0.0339236 0.0349314 0.0358277 0.0366034 0.0372502 0.0377613 0.0381313 0.0383562 0.0384335 0.0383625 0.0381439 0.0377803 0.0372753 0.0366347 0.0358651 0.0349746 0.0339727 0.0328695 0.0316763 0.0304049 0.0290675 0.0276768 0.0262455 0.0247864 0.0233118 0.0218336 0.0203635 0.0189119 0.0174889 0.0161034 0.0147632 0.0134753 0.0122455 0.0110783 0.00997729 0.00894502 0.00798294 0.00709156 0.00627051 0.00551867 0.0048342 0.00421471 0.00365731 0.00315873 0.00271544 0.00232371 0.00197976 0.00167976 0.00141999 0.00119684 0.00100692 0.00084705 0.000714375 0.000606341 0.000520747 0.000455764 0.000409946 0.000382301 
0.000438323 0.000446731 0.000475499 0.000525387 0.000597564 0.000693668 0.00081578 0.000966414 0.00114848 0.00136528 0.00162041 0.00191777 0.00226149 0.00265583 0.00310515 0.00361377 0.00418591 0.00482559 0.0055365 0.00632185 0.00718434 0.00812596 0.00914791 0.0102505 0.011433 0.0126936 0.0140294 0.0154361 0.0169084 0.0184396 0.0200217 0.0216457 0.0233013 0.0249773 0.0266614 0.0283407 0.0300015 0.0316299 0.0332115 0.0347321 0.0361774 0.0375335 0.0387873 0.0399263 0.0409389 0.0418148 0.0425449 0.0431215 0.0435387 0.043792 0.0438787 0.043798 0.0435507 0.0431395 0.0425689 0.0418447 0.0409747 0.0399679 0.0388346 0.0375864 0.0362356 0.0347956 0.0332801 0.0317033 0.0300794 0.0284227 0.0267472 0.0250665 0.0233934 0.0217402 0.0201181 0.0185374 0.017007 0.0155349 0.0141278 0.0127911 0.0115291 0.0103446 0.00923949 0.00821457 0.00726957 0.00640333 0.00561391 0.00489869 0.00425449 0.00367769 0.00316432 0.00271022 0.0023111 0.00196266 0.00166065 0.00140099 0.00117979 0.000993464 0.000838716 0.000712632 0.000612691 0.000536794 0.000483285 0.000451022 
0.0005212 0.000531215 0.000565236 0.000624142 0.000709292 0.000822579 0.000966414 0.0011437 0.00135779 0.00161248 0.00191193 0.00226059 0.0026632 0.00312461 0.00364979 0.00424364 0.00491093 0.00565617 0.00648346 0.00739639 0.00839787 0.00949003 0.010674 0.0119501 0.0133171 0.0147729 0.0163139 0.017935 0.0196299 0.0213909 0.0232086 0.0250727 0.0269712 0.0288913 0.0308191 0.0327397 0.0346377 0.0364972 0.038302 0.0400358 0.0416827 0.0432272 0.0446543 0.04595 0.0471014 0.0480968 0.0489262 0.049581 0.0500545 0.0503416 0.0504396 0.0503472 0.0500657 0.0495978 0.0489486 0.0481248 0.047135 0.0459891 0.044699 0.0432774 0.0417384 0.0400968 0.0383681 0.0365684 0.0347137 0.0328202 0.0309038 0.0289799 0.0270632 0.0251676 0.023306 0.0214902 0.0197307 0.0180365 0.0164156 0.0148742 0.0134174 0.0120488 0.0107706 0.00958387 0.00848855 0.00748346 0.00656654 0.00573493 0.00498512 0.00431304 0.00371427 0.00318409 0.00271763 0.00230999 0.00195635 0.00165201 0.00139254 0.00117378 0.000991977 0.000843756 0.000726211 0.00063692 0.000573971 0.000536043 
0.000621714 0.000633673 0.000674027 0.000743798 0.000844566 0.000978529 0.00114848 0.00135779 0.00161034 0.00191051 0.00226309 0.00267321 0.0031463 0.00368792 0.00430374 0.00499933 0.0057801 0.0066511 0.00761695 0.00868159 0.0098482 0.011119 0.0124952 0.0139768 0.0155623 0.0172488 0.0190322 0.0209063 0.0228638 0.0248954 0.0269904 0.0291368 0.0313207 0.0335275 0.0357411 0.0379446 0.0401204 0.0422503 0.0443161 0.0462992 0.0481817 0.049946 0.0515753 0.0530538 0.054367 0.0555018 0.0564469 0.0571928 0.0577317 0.0580583 0.0581692 0.0580633 0.0577418 0.0572079 0.0564672 0.0555273 0.0543977 0.0530898 0.0516166 0.0499927 0.0482337 0.0463566 0.0443787 0.0423182 0.0401934 0.0380225 0.0358237 0.0336145 0.0314117 0.0292313 0.0270882 0.0249957 0.0229662 0.0210102 0.0191369 0.0173538 0.0156667 0.0140802 0.0125969 0.0112184 0.00994469 0.00877468 0.00770619 0.00673609 0.00586048 0.00507484 0.00437416 0.00375312 0.00320617 0.00272772 0.00231225 0.00195439 0.00164901 0.00139136 0.00117707 0.00100225 0.000863552 0.00075816 0.00068386 0.000639124 
0.000741823 0.000756101 0.000803976 0.000886638 0.00100592 0.00116439 0.00136528 0.00161248 0.00191051 0.00226441 0.00267971 0.00316232 0.00371847 0.00435453 0.00507695 0.00589209 0.00680605 0.00782454 0.00895269 0.0101949 0.0115545 0.013034 0.0146344 0.0163554 0.0181952 0.0201502 0.0222151 0.0243829 0.0266447 0.0289898 0.0314057 0.0338784 0.036392 0.0389295 0.0414726 0.0440019 0.0464974 0.0489383 0.0513039 0.0535734 0.0557262 0.0577426 0.0596036 0.0612915 0.0627899 0.0640842 0.0651617 0.0660116 0.0666255 0.0669971 0.0671229 0.0670014 0.0666341 0.0660247 0.0651793 0.0641064 0.0628168 0.0613232 0.0596403 0.0577845 0.0557733 0.0536258 0.0513618 0.0490016 0.0465661 0.0440759 0.0415518 0.0390137 0.0364808 0.0339715 0.0315028 0.0290902 0.026748 0.0244885 0.0223223 0.0202583 0.0183036 0.0164634 0.0147412 0.013139 0.011657 0.0102943 0.00904844 0.00791616 0.0068931 0.00597421 0.00515386 0.00442599 0.00378433 0.0032225 0.00273416 0.00231314 0.00195357 0.00164995 0.00139726 0.00119098 0.00102725 0.000902792 0.000815054 0.00076226 
0.000883699 0.00090071 0.000957411 0.00105519 0.00119617 0.00138333 0.00162041 0.00191193 0.00226309 0.00267971 0.00316816 0.00373524 0.00438807 0.00513395 0.00598022 0.00693408 0.00800245 0.00919172 0.0105076 0.0119549 0.0135373 0.0152574 0.017116 0.0191125 0.0212444 0.0235074 0.0258951 0.0283992 0.0310091 0.0337124 0.0364946 0.0393393 0.0422284 0.0451423 0.04806 0.0509594 0.0538175 0.0566111 0.0593163 0.0619098 0.0643684 0.0666697 0.0687925 0.0707167 0.0724242 0.0738984 0.0751251 0.0760923 0.0767905 0.0772129 0.0773553 0.0772163 0.0767974 0.0761028 0.0751393 0.0739165 0.0724463 0.0707432 0.0688235 0.0667055 0.0644092 0.0619559 0.0593678 0.0566681 0.0538803 0.0510279 0.0481342 0.0452221 0.0423136 0.0394296 0.0365896 0.0338117 0.0311122 0.0285055 0.0260039 0.023618 0.0213561 0.0192245 0.0172276 0.0153678 0.0136458 0.0120607 0.01061 0.00929022 0.0080965 0.00702321 0.00606403 0.00521215 0.00446042 0.00380157 0.00322838 0.00273376 0.00231098 0.00195371 0.00165615 0.00141311 0.00122009 0.00107334 0.00096988 0.000907662 
0.0010497 0.0010699 0.00113686 0.00125218 0.00141834 0.00163876 0.00191777 0.00226059 0.00267321 0.00316232 0.00373524 0.00439975 0.00516399 0.00603628 0.00702495 0.00813815 0.00938366 0.0107686 0.0122994 0.0139812 0.0158181 0.0178125 0.0199652 0.0222751 0.0247391 0.0273518 0.0301055 0.0329904 0.0359941 0.0391021 0.0422976 0.0455617 0.0488737 0.0522109 0.0555494 0.0588641 0.062129 0.0653175 0.068403 0.0713588 0.074159 0.0767785 0.0791933 0.0813811 0.0833215 0.0849961 0.0863889 0.0874867 0.0882788 0.0887576 0.0889185 0.0887599 0.0882835 0.087494 0.086399 0.0850091 0.0833378 0.081401 0.0792171 0.0768066 0.0741919 0.0713967 0.0684463 0.0653665 0.0621839 0.0589252 0.0556167 0.0522844 0.0489533 0.0456474 0.0423889 0.0391987 0.0360955 0.033096 0.0302148 0.0274639 0.0248533 0.0223906 0.0200811 0.0179279 0.0159322 0.0140932 0.0124085 0.0108741 0.00948488 0.00823454 0.007116 0.00612158 0.00524322 0.00447266 0.00380165 0.00322213 0.00272635 0.00230707 0.00195762 0.00167203 0.00144511 0.00127253 0.00115086 0.00107773 
0.00124234 0.00126623 0.00134501 0.00148053 0.00167565 0.0019343 0.00226149 0.0026632 0.0031463 0.00371847 0.00438807 0.00516399 0.00605549 0.00707201 0.00822298 0.00951758 0.0109645 0.0125717 0.0143462 0.0162938 0.0184185 0.020723 0.0232077 0.025871 0.0287087 0.0317146 0.0348793 0.0381913 0.0416361 0.0451969 0.0488543 0.0525865 0.0563697 0.0601783 0.0639849 0.067761 0.0714773 0.0751037 0.0786102 0.081967 0.0851449 0.0881158 0.090853 0.0933316 0.0955288 0.0974241 0.0989999 0.100241 0.101137 0.101678 0.101859 0.101679 0.101139 0.100245 0.0990051 0.0974311 0.0955381 0.0933436 0.0908682 0.0881347 0.085168 0.0819949 0.0786433 0.0751425 0.0715222 0.0678124 0.064043 0.0602433 0.0564417 0.0526654 0.0489399 0.0452889 0.0417341 0.0382947 0.0349875 0.0318268 0.0288242 0.0259888 0.023327 0.0208427 0.0185378 0.0164116 0.0144618 0.0126841 0.0110729 0.00962132 0.00832145 0.00716468 0.00614191 0.00524382 0.00446104 0.00378439 0.00320504 0.00271471 0.00230576 0.00197134 0.0017055 0.00150326 0.00136068 0.00127502 
0.00146425 0.00149237 0.00158467 0.00174327 0.00197145 0.00227373 0.00265583 0.00312461 0.00368792 0.00435453 0.00513395 0.00603628 0.00707201 0.00825181 0.0095863 0.0110858 0.0127599 0.0146175 0.0166663 0.0189124 0.0213602 0.0240123 0.0268685 0.0299268 0.0331819 0.036626 0.0402484 0.0440353 0.04797 0.0520329 0.0562018 0.0604518 0.0647557 0.0690843 0.0734067 0.0776908 0.0819033 0.0860106 0.0899791 0.0937754 0.0973668 0.100722 0.103812 0.106608 0.109086 0.111222 0.112997 0.114395 0.115403 0.116011 0.116215 0.116011 0.115402 0.114394 0.112996 0.111222 0.109087 0.106611 0.103817 0.10073 0.0973783 0.0937911 0.0899998 0.086037 0.0819359 0.0777301 0.0734533 0.0691384 0.0648176 0.0605215 0.0562794 0.0521181 0.0480624 0.0441345 0.0403537 0.0367368 0.0332972 0.0300457 0.0269901 0.0241353 0.0214839 0.0190355 0.0167878 0.0147365 0.0128753 0.0111968 0.00969225 0.00835198 0.00716583 0.00612328 0.00521376 0.00442687 0.00375259 0.00318147 0.00270481 0.0023148 0.00200462 0.00176857 0.00160214 0.00150221 
0.00171814 0.0017511 0.00185875 0.00204353 0.00230918 0.00266088 0.00310515 0.00364979 0.00430374 0.00507695 0.00598022 0.00702495 0.00822298 0.0095863 0.0111268 0.012856 0.0147845 0.0169222 0.0192773 0.0218564 0.0246641 0.0277027 0.0309717 0.0344681 0.0381855 0.0421146 0.0462425 0.0505532 0.0550275 0.0596428 0.0643736 0.0691916 0.0740659 0.0789635 0.0838496 0.088688 0.0934414 0.0980724 0.102543 0.106817 0.110857 0.11463 0.118101 0.121241 0.124022 0.126418 0.128409 0.129976 0.131106 0.131787 0.132014 0.131785 0.131102 0.129971 0.128402 0.12641 0.124013 0.121233 0.118094 0.114624 0.110855 0.106818 0.102549 0.0980838 0.0934591 0.0887126 0.0838819 0.079004 0.074115 0.0692495 0.0644405 0.0597186 0.0551119 0.0506458 0.0463427 0.0422217 0.0382988 0.0345864 0.0310941 0.0278279 0.024791 0.0219838 0.019404 0.0170471 0.0149066 0.0129741 0.0112401 0.00969397 0.00832428 0.00711928 0.00606708 0.00515596 0.00437458 0.00371225 0.00315909 0.0027062 0.00234586 0.00207155 0.00187813 0.00176204 
0.00200675 0.00204517 0.00217014 0.00238443 0.00269229 0.0030996 0.00361377 0.00424364 0.00499933 0.00589209 0.00693408 0.00813815 0.00951758 0.0110858 0.012856 0.0148409 0.0170524 0.019501 0.0221958 0.0251438 0.0283495 0.0318151 0.0355394 0.0395183 0.0437441 0.0482055 0.0528877 0.0577721 0.0628363 0.0680546 0.073398 0.0788342 0.0843286 0.0898439 0.095341 0.100779 0.106118 0.111314 0.116327 0.121115 0.125638 0.129859 0.13374 0.137249 0.140355 0.143031 0.145253 0.147001 0.14826 0.14902 0.149272 0.149016 0.148252 0.146989 0.145238 0.143013 0.140336 0.137229 0.13372 0.129839 0.12562 0.1211 0.116316 0.111308 0.106118 0.100787 0.0953563 0.0898679 0.0843621 0.0788775 0.0734514 0.0681182 0.06291 0.0578556 0.0529805 0.0483069 0.0438531 0.0396341 0.0356608 0.0319409 0.0284784 0.0252745 0.022327 0.0196313 0.0171805 0.0149657 0.0129764 0.0112008 0.00962632 0.00823986 0.00702812 0.00597792 0.00507654 0.00431191 0.00367287 0.00314938 0.00273265 0.00241533 0.00219156 0.00205731 
0.00233279 0.00237736 0.00252175 0.00276907 0.00312416 0.00359364 0.00418591 0.00491093 0.0057801 0.00680605 0.00800245 0.00938366 0.0109645 0.0127599 0.0147845 0.0170524 0.0195764 0.0223682 0.0254373 0.028791 0.032434 0.0363678 0.0405908 0.0450974 0.0498784 0.0549204 0.0602061 0.065714 0.0714185 0.0772904 0.0832966 0.089401 0.0955643 0.101745 0.107899 0.113982 0.119948 0.12575 0.131343 0.136681 0.14172 0.146418 0.150736 0.154638 0.15809 0.161062 0.163529 0.16547 0.166867 0.167709 0.167988 0.167703 0.166855 0.165452 0.163506 0.161034 0.158058 0.154604 0.150701 0.146382 0.141684 0.136647 0.131312 0.125724 0.119928 0.11397 0.107895 0.10175 0.0955791 0.0894266 0.0833335 0.0773389 0.0714786 0.0657856 0.0602887 0.0550134 0.049981 0.0452086 0.0407093 0.0364925 0.0325633 0.0289235 0.0255716 0.0225028 0.0197099 0.0171833 0.0149116 0.012882 0.0110805 0.00949268 0.00810366 0.00689878 0.00586379 0.00498516 0.00425035 0.00364804 0.00316835 0.00280296 0.00254529 0.00239075 
0.00269886 0.00275032 0.00291633 0.00320042 0.00360802 0.00414661 0.00482559 0.00565617 0.0066511 0.00782454 0.00919172 0.0107686 0.0125717 0.0146175 0.0169222 0.019501 0.0223682 0.025536 0.0290148 0.032812 0.0369322 0.0413764 0.046142 0.0512219 0.0566051 0.062276 0.0682142 0.0743952 0.08079 0.0873651 0.0940836 0.100905 0.107785 0.114677 0.121533 0.128303 0.134937 0.141383 0.147591 0.153512 0.159097 0.164301 0.169081 0.173397 0.177214 0.180499 0.183224 0.185367 0.186909 0.187838 0.188146 0.18783 0.186893 0.185342 0.183192 0.18046 0.177169 0.173348 0.169028 0.164246 0.159042 0.153457 0.147539 0.141335 0.134894 0.128268 0.121506 0.114659 0.107777 0.100909 0.0941008 0.0873954 0.0808334 0.0744519 0.0682837 0.0623578 0.0566986 0.051326 0.0462554 0.0414979 0.0370601 0.0329449 0.0291509 0.0256738 0.022506 0.0196373 0.0170554 0.0147462 0.0126947 0.0108848 0.00930001 0.00792416 0.00674133 0.00573644 0.00489547 0.00420574 0.00365616 0.00323741 0.00294207 0.00276502 
0.00310744 0.00316655 0.00335649 0.00368125 0.0041469 0.00476181 0.0055365 0.00648346 0.00761695 0.00895269 0.0105076 0.0122994 0.0143462 0.0166663 0.0192773 0.0221958 0.0254373 0.0290148 0.0329391 0.037218 0.0418557 0.0468526 0.0522047 0.0579035 0.0639357 0.070283 0.0769222 0.083825 0.0909586 0.0982855 0.105764 0.113348 0.12099 0.128638 0.136238 0.143736 0.151076 0.158201 0.165058 0.171592 0.177751 0.183485 0.188749 0.1935 0.197698 0.20131 0.204305 0.206659 0.208353 0.209373 0.20971 0.209362 0.208331 0.206627 0.204263 0.201259 0.197639 0.193435 0.188679 0.183411 0.177674 0.171514 0.164982 0.158128 0.151007 0.143674 0.136185 0.128595 0.120958 0.113329 0.105758 0.0982942 0.0909822 0.0838635 0.0769755 0.0703508 0.0640172 0.0579978 0.0523105 0.0469686 0.0419803 0.0373494 0.0330755 0.0291544 0.0255783 0.0223364 0.0194157 0.016801 0.0144757 0.0124223 0.0106228 0.00905907 0.00771367 0.00656979 0.00561185 0.00482574 0.00419906 0.00372141 0.00338451 0.0031826 
0.00356076 0.0036283 0.0038446 0.00421406 0.00474348 0.00544218 0.00632185 0.00739639 0.00868159 0.0101949 0.0119549 0.0139812 0.0162938 0.0189124 0.0218564 0.0251438 0.028791 0.032812 0.037218 0.0420168 0.0472122 0.0528037 0.0587859 0.0651483 0.0718754 0.0789457 0.0863329 0.0940047 0.101924 0.110049 0.118333 0.126725 0.135171 0.143615 0.151999 0.160261 0.168341 0.176178 0.183713 0.190887 0.197645 0.203932 0.209699 0.214901 0.219495 0.223446 0.226721 0.229294 0.231144 0.232258 0.232626 0.232244 0.231118 0.229254 0.226669 0.223382 0.219422 0.214818 0.209609 0.203836 0.197545 0.190785 0.183611 0.176078 0.168245 0.160171 0.151917 0.143544 0.135111 0.126678 0.118301 0.110033 0.101924 0.0940219 0.0863669 0.0789964 0.071942 0.0652301 0.0588815 0.0529118 0.0473311 0.0421447 0.0373529 0.0329519 0.0289338 0.0252876 0.0219992 0.0190524 0.0164292 0.0141105 0.0120766 0.0103078 0.00878467 0.00748872 0.00640268 0.00551093 0.00479971 0.00425744 0.00387492 0.00364576 
0.00406074 0.00413754 0.00438265 0.00480098 0.00540005 0.00619019 0.00718434 0.00839787 0.0098482 0.0115545 0.0135373 0.0158181 0.0184185 0.0213602 0.0246641 0.0283495 0.032434 0.0369322 0.0418557 0.0472122 0.0530049 0.0592322 0.065887 0.0729567 0.0804229 0.0882613 0.0964413 0.104927 0.113676 0.122642 0.131774 0.141014 0.150305 0.159583 0.168784 0.177844 0.186695 0.195272 0.203511 0.211349 0.218725 0.225584 0.23187 0.237537 0.242539 0.246838 0.250401 0.253199 0.25521 0.25642 0.256819 0.256404 0.255178 0.253151 0.250338 0.246762 0.24245 0.237437 0.23176 0.225465 0.218601 0.211221 0.203381 0.195143 0.186569 0.177723 0.168672 0.15948 0.150214 0.140938 0.131713 0.122598 0.11365 0.10492 0.0964529 0.0882917 0.0804717 0.073023 0.0659697 0.0593298 0.0531158 0.0473344 0.0419871 0.0370706 0.0325772 0.0284953 0.0248102 0.0215046 0.0185592 0.0159532 0.0136652 0.0116737 0.00995744 0.00849606 0.00727058 0.00626373 0.00546034 0.0048476 0.00441532 0.00415642 
0.00460892 0.00469584 0.00497228 0.00544369 0.00611837 0.0070077 0.00812596 0.00949003 0.011119 0.013034 0.0152574 0.0178125 0.020723 0.0240123 0.0277027 0.0318151 0.0363678 0.0413764 0.0468526 0.0528037 0.0592322 0.066135 0.0735034 0.0813221 0.0895698 0.0982185 0.107234 0.116575 0.126195 0.136043 0.14606 0.156186 0.166356 0.176501 0.186551 0.196436 0.206085 0.215425 0.224389 0.23291 0.240922 0.248366 0.255184 0.261326 0.266745 0.2714 0.275255 0.278282 0.280458 0.281766 0.282197 0.281747 0.28042 0.278227 0.275182 0.27131 0.26664 0.261208 0.255054 0.248225 0.240773 0.232755 0.224231 0.215266 0.205927 0.196283 0.186406 0.176365 0.166232 0.156077 0.145968 0.135968 0.12614 0.11654 0.10722 0.0982256 0.0895977 0.0813701 0.0735703 0.0662195 0.0593325 0.0529179 0.0469784 0.0415115 0.0365097 0.0319613 0.0278508 0.02416 0.020868 0.0179527 0.0153909 0.0131591 0.0112341 0.00959387 0.00821746 0.00708595 0.00618267 0.00549353 0.00500728 0.00471616 
0.00520642 0.00530429 0.0056146 0.00614334 0.00689961 0.00789592 0.00914791 0.010674 0.0124952 0.0146344 0.017116 0.0199652 0.0232077 0.0268685 0.0309717 0.0355394 0.0405908 0.046142 0.0522047 0.0587859 0.065887 0.0735034 0.081624 0.0902311 0.0992998 0.108798 0.118688 0.128923 0.139451 0.150216 0.161154 0.172198 0.183276 0.194316 0.205241 0.215975 0.226441 0.236564 0.24627 0.255486 0.264146 0.272186 0.279545 0.286169 0.29201 0.297025 0.301176 0.304434 0.306776 0.308183 0.308646 0.308161 0.306733 0.304371 0.301092 0.296922 0.291889 0.286032 0.279393 0.272021 0.263972 0.255304 0.246082 0.236374 0.226251 0.215788 0.205061 0.194145 0.183117 0.172053 0.161026 0.150108 0.139364 0.128857 0.118645 0.108779 0.0993037 0.0902577 0.0816724 0.0735721 0.0659743 0.0588897 0.0523228 0.0462717 0.0407296 0.0356846 0.0311206 0.0270184 0.0233561 0.0201097 0.0172544 0.0147648 0.0126158 0.0107833 0.00924446 0.00797874 0.00696784 0.00619634 0.00565192 0.00532606 
0.00585379 0.00596346 0.00631016 0.00690044 0.00774425 0.00885525 0.0102505 0.0119501 0.0139768 0.0163554 0.0191125 0.0222751 0.025871 0.0299268 0.0344681 0.0395183 0.0450974 0.0512219 0.0579035 0.0651483 0.0729567 0.0813221 0.0902311 0.0996627 0.109589 0.119973 0.130771 0.141934 0.153403 0.165116 0.177003 0.188992 0.201004 0.212961 0.224781 0.236382 0.247682 0.2586 0.269058 0.27898 0.288295 0.296935 0.304838 0.311948 0.318212 0.323588 0.328037 0.331527 0.334034 0.33554 0.336036 0.335516 0.333986 0.331456 0.327943 0.323473 0.318076 0.311792 0.304666 0.296747 0.288094 0.278769 0.26884 0.258377 0.247458 0.23616 0.224565 0.212753 0.200808 0.18881 0.176839 0.164971 0.153281 0.141835 0.130697 0.119924 0.109566 0.0996651 0.090258 0.0813723 0.0730284 0.0652394 0.0580115 0.0513443 0.0452313 0.0396607 0.0346162 0.0300776 0.0260217 0.0224231 0.0192552 0.0164906 0.0141024 0.0120643 0.0103518 0.00894244 0.00781628 0.00695653 0.00634977 0.00598667 
0.006551 0.00667331 0.00705888 0.00771482 0.00865198 0.0098852 0.011433 0.0133171 0.0155623 0.0181952 0.0212444 0.0247391 0.0287087 0.0331819 0.0381855 0.0437441 0.0498784 0.0566051 0.0639357 0.0718754 0.0804229 0.0895698 0.0992998 0.109589 0.120404 0.131705 0.143443 0.155562 0.168 0.180686 0.193546 0.206501 0.219467 0.232358 0.245086 0.257566 0.269708 0.281429 0.292644 0.303275 0.313247 0.322488 0.330935 0.338529 0.345216 0.350952 0.355696 0.359416 0.362087 0.363692 0.364219 0.363666 0.362035 0.359337 0.355592 0.350824 0.345066 0.338357 0.330743 0.322279 0.313021 0.303037 0.292396 0.281174 0.269451 0.257308 0.244833 0.232111 0.219231 0.20628 0.193343 0.180503 0.16784 0.155427 0.143334 0.131624 0.120351 0.109564 0.0993026 0.0895988 0.0804764 0.0719512 0.0640315 0.0567181 0.0500055 0.0438821 0.0383314 0.0333323 0.0288607 0.0248895 0.0213905 0.0183344 0.0156923 0.0134359 0.0115388 0.00997653 0.00872765 0.00777389 0.0071007 0.00669795 
0.00729737 0.00743313 0.00785995 0.00858555 0.00962167 0.0109843 0.0126936 0.0147729 0.0172488 0.0201502 0.0235074 0.0273518 0.0317146 0.036626 0.0421146 0.0482055 0.0549204 0.062276 0.070283 0.0789457 0.0882613 0.0982185 0.108798 0.119973 0.131705 0.143949 0.156652 0.169752 0.183179 0.196859 0.21071 0.224646 0.238577 0.252412 0.266058 0.279421 0.292409 0.304933 0.316906 0.328244 0.338869 0.348708 0.357694 0.365766 0.372871 0.378961 0.383996 0.387942 0.390776 0.392477 0.393036 0.392449 0.390719 0.387857 0.383883 0.378822 0.372707 0.365578 0.357483 0.348477 0.33862 0.327979 0.316629 0.304648 0.292118 0.279128 0.265767 0.252127 0.238302 0.224385 0.210467 0.196637 0.18298 0.169579 0.156507 0.143834 0.13162 0.119918 0.108774 0.0982238 0.0882941 0.0790041 0.0703643 0.0623773 0.0550387 0.0483374 0.0422566 0.0367747 0.0318664 0.0275036 0.023656 0.0202928 0.0173828 0.0148958 0.0128035 0.0110795 0.00970075 0.00864746 0.00790391 0.00745916 
0.00809149 0.00824148 0.00871183 0.00951086 0.0106512 0.0121502 0.0140294 0.0163139 0.0190322 0.0222151 0.0258951 0.0301055 0.0348793 0.0402484 0.0462425 0.0528877 0.0602061 0.0682142 0.0769222 0.0863329 0.0964413 0.107234 0.118688 0.130771 0.143443 0.156652 0.170339 0.184438 0.198871 0.213558 0.22841 0.243336 0.258239 0.273022 0.287585 0.301831 0.315663 0.328986 0.341709 0.353746 0.365016 0.375443 0.384959 0.393501 0.401014 0.407451 0.412769 0.416937 0.419928 0.421724 0.422314 0.421693 0.419867 0.416846 0.412649 0.407301 0.400837 0.393298 0.384731 0.375192 0.364744 0.353456 0.341404 0.32867 0.315339 0.301504 0.287258 0.272698 0.257924 0.243034 0.228126 0.213294 0.198631 0.184225 0.170156 0.1565 0.143324 0.130685 0.118635 0.107213 0.0964511 0.0863714 0.0769868 0.068302 0.0603137 0.0530116 0.046379 0.0403938 0.0350299 0.0302576 0.0260453 0.0223602 0.0191693 0.0164404 0.0141429 0.0122489 0.0107335 0.00957544 0.00875781 0.00826886 
0.00893119 0.00909614 0.00961213 0.0104881 0.0117377 0.0133793 0.0154361 0.017935 0.0209063 0.0243829 0.0283992 0.0329904 0.0381913 0.0440353 0.0505532 0.0577721 0.065714 0.0743952 0.083825 0.0940047 0.104927 0.116575 0.128923 0.141934 0.155562 0.169752 0.184438 0.199546 0.214994 0.230695 0.246553 0.262471 0.278345 0.294073 0.309549 0.324671 0.339336 0.353447 0.366908 0.379632 0.391533 0.402534 0.412566 0.421565 0.429475 0.436247 0.44184 0.446221 0.449365 0.451252 0.451871 0.451219 0.4493 0.446125 0.441713 0.436089 0.429287 0.421348 0.412323 0.402265 0.39124 0.379319 0.366578 0.353102 0.338981 0.324309 0.309186 0.293712 0.277991 0.262129 0.246227 0.230389 0.214713 0.199292 0.184215 0.169562 0.155407 0.141814 0.128839 0.116526 0.104912 0.0940212 0.0838709 0.0744674 0.0658091 0.0578863 0.0506827 0.0441761 0.0383393 0.0331417 0.02855 0.0245298 0.021046 0.0180645 0.0155529 0.0134812 0.0118228 0.0105552 0.00966003 0.00912483 
0.00981353 0.0099941 0.0105577 0.0115138 0.012877 0.014667 0.0169084 0.0196299 0.0228638 0.0266447 0.0310091 0.0359941 0.0416361 0.04797 0.0550275 0.0628363 0.0714185 0.08079 0.0909586 0.101924 0.113676 0.126195 0.139451 0.153403 0.168 0.183179 0.198871 0.214994 0.231461 0.248176 0.265038 0.281943 0.298781 0.315444 0.331821 0.347805 0.363289 0.37817 0.392352 0.405743 0.418257 0.429815 0.440345 0.449783 0.458074 0.465168 0.471025 0.475611 0.4789 0.480874 0.481522 0.48084 0.478833 0.475511 0.470892 0.465003 0.457878 0.449556 0.440088 0.42953 0.417947 0.40541 0.391998 0.377799 0.362904 0.347411 0.331423 0.315046 0.298389 0.28156 0.264671 0.247828 0.231138 0.214699 0.198608 0.18295 0.167807 0.153248 0.139334 0.126116 0.113634 0.101917 0.0909839 0.0808447 0.0714993 0.0629392 0.0551484 0.0481047 0.0417803 0.0361435 0.0311596 0.0267924 0.0230052 0.0197618 0.0170279 0.0147716 0.0129647 0.0115831 0.0106073 0.010024 
0.0107347 0.0109315 0.0115443 0.0125834 0.0140641 0.0160075 0.0184396 0.0213909 0.0248954 0.0289898 0.0337124 0.0391021 0.0451969 0.0520329 0.0596428 0.0680546 0.0772904 0.0873651 0.0982855 0.110049 0.122642 0.136043 0.150216 0.165116 0.180686 0.196859 0.213558 0.230695 0.248176 0.265899 0.283756 0.301636 0.319425 0.337007 0.354267 0.371092 0.387373 0.403004 0.417884 0.431919 0.445022 0.457113 0.46812 0.477979 0.486632 0.494033 0.500139 0.504918 0.508345 0.510401 0.511077 0.510367 0.508276 0.504815 0.500002 0.493862 0.486429 0.477743 0.467853 0.456816 0.444696 0.431567 0.417509 0.402609 0.386962 0.370669 0.353837 0.336574 0.318995 0.301215 0.283348 0.26551 0.247811 0.230358 0.213253 0.19659 0.180455 0.164924 0.150065 0.135932 0.122571 0.110016 0.0982884 0.0874008 0.0773552 0.0681446 0.0597537 0.0521602 0.045336 0.0392484 0.0338615 0.0291375 0.0250378 0.0215245 0.0185613 0.0161145 0.0141541 0.0126547 0.0115956 0.0109626 
0.0116902 0.0119037 0.0125672 0.0136915 0.015293 0.0173939 0.0200217 0.0232086 0.0269904 0.0314057 0.0364946 0.0422976 0.0488543 0.0562018 0.0643736 0.073398 0.0832966 0.0940836 0.105764 0.118333 0.131774 0.14606 0.161154 0.177003 0.193546 0.21071 0.22841 0.246553 0.265038 0.283756 0.302593 0.321431 0.340149 0.358628 0.376747 0.394389 0.41144 0.427792 0.443342 0.457994 0.47166 0.484258 0.495717 0.505972 0.514968 0.522656 0.528997 0.533957 0.537513 0.539647 0.540348 0.539612 0.537444 0.533853 0.528858 0.522483 0.51476 0.505731 0.495442 0.483951 0.471322 0.457627 0.442949 0.427377 0.411005 0.393939 0.376287 0.358163 0.339684 0.320972 0.302146 0.283327 0.264632 0.246175 0.228064 0.2104 0.193276 0.176774 0.160967 0.145917 0.131673 0.118273 0.105743 0.0940986 0.083344 0.0734736 0.0644731 0.0563204 0.0489871 0.0424398 0.0366414 0.0315526 0.0271332 0.0233434 0.0201451 0.0175028 0.015385 0.0137646 0.01262 0.0119359 
0.0126747 0.0129053 0.0136206 0.014832 0.0165568 0.0188183 0.0216457 0.0250727 0.0291368 0.0338784 0.0393393 0.0455617 0.0525865 0.0604518 0.0691916 0.0788342 0.089401 0.100905 0.113348 0.126725 0.141014 0.156186 0.172198 0.188992 0.206501 0.224646 0.243336 0.262471 0.281943 0.301636 0.321431 0.341202 0.360825 0.380172 0.399121 0.417549 0.435339 0.45238 0.468568 0.483804 0.498002 0.511078 0.522961 0.533588 0.542903 0.550859 0.557417 0.562546 0.566221 0.568426 0.569151 0.568392 0.566152 0.562442 0.557278 0.550685 0.542693 0.533343 0.522681 0.510764 0.497655 0.483426 0.46816 0.451947 0.434883 0.417075 0.398634 0.379677 0.360327 0.340708 0.320946 0.301167 0.281496 0.262051 0.242948 0.224295 0.20619 0.188724 0.171975 0.156009 0.140882 0.126637 0.113302 0.100898 0.0894297 0.0788943 0.0692784 0.0605605 0.0527119 0.0456988 0.0394829 0.0340236 0.0292791 0.025208 0.0217702 0.0189287 0.0166504 0.0149066 0.0136746 0.0129385 
0.0136819 0.0139299 0.0146978 0.0159976 0.0178474 0.0202718 0.0233013 0.0269712 0.0313207 0.036392 0.0422284 0.0488737 0.0563697 0.0647557 0.0740659 0.0843286 0.0955643 0.107785 0.12099 0.135171 0.150305 0.166356 0.183276 0.201004 0.219467 0.238577 0.258239 0.278345 0.298781 0.319425 0.340149 0.360825 0.38132 0.401503 0.421246 0.440424 0.458917 0.476612 0.493402 0.509189 0.523884 0.537406 0.549684 0.560655 0.570264 0.578467 0.585225 0.590508 0.594292 0.596563 0.59731 0.596529 0.594224 0.590405 0.585087 0.578294 0.570055 0.560409 0.549402 0.537089 0.523531 0.508802 0.492984 0.476165 0.458445 0.43993 0.420735 0.400981 0.380792 0.360298 0.339629 0.318919 0.298295 0.277886 0.257811 0.238186 0.219117 0.200699 0.183017 0.166144 0.150141 0.135054 0.120918 0.107755 0.0955733 0.084372 0.074139 0.0648534 0.0564868 0.0490046 0.0423679 0.0365348 0.031462 0.0271064 0.0234264 0.0203833 0.0179423 0.0160735 0.014753 0.013964 
0.014705 0.0149706 0.0157915 0.0171804 0.0191561 0.0217445 0.0249773 0.0288913 0.0335275 0.0389295 0.0451423 0.0522109 0.0601783 0.0690843 0.0789635 0.0898439 0.101745 0.114677 0.128638 0.143615 0.159583 0.176501 0.194316 0.212961 0.232358 0.252412 0.273022 0.294073 0.315444 0.337007 0.358628 0.380172 0.401503 0.422484 0.442984 0.462873 0.482029 0.500337 0.517691 0.533991 0.549148 0.563082 0.575723 0.587009 0.596887 0.605314 0.612253 0.617675 0.621559 0.623889 0.624656 0.623856 0.621493 0.617575 0.612118 0.605144 0.596681 0.586766 0.575443 0.562764 0.548793 0.5336 0.517266 0.49988 0.481543 0.462361 0.442452 0.421938 0.400948 0.379615 0.358076 0.336466 0.314921 0.293575 0.272555 0.251982 0.231969 0.212618 0.19402 0.176255 0.159387 0.143469 0.128539 0.114623 0.101733 0.0898697 0.079022 0.0691702 0.0602861 0.0523349 0.0452769 0.0390691 0.033667 0.0290258 0.0251025 0.0218566 0.0192519 0.0172573 0.0158477 0.0150056 
0.0157367 0.0160199 0.0168938 0.0183717 0.0204734 0.0232256 0.0266614 0.0308191 0.0357411 0.0414726 0.04806 0.0555494 0.0639849 0.0734067 0.0838496 0.095341 0.107899 0.121533 0.136238 0.151999 0.168784 0.186551 0.205241 0.224781 0.245086 0.266058 0.287585 0.309549 0.331821 0.354267 0.376747 0.399121 0.421246 0.442984 0.464196 0.484754 0.504531 0.523412 0.541288 0.558061 0.573643 0.587954 0.600925 0.612496 0.622617 0.631246 0.638347 0.643894 0.647866 0.650249 0.651033 0.650217 0.647802 0.643798 0.638217 0.631081 0.622417 0.612259 0.600649 0.587639 0.57329 0.55767 0.54086 0.522948 0.504035 0.48423 0.463648 0.442417 0.420668 0.398537 0.376165 0.353693 0.331264 0.309015 0.287081 0.26559 0.24466 0.224401 0.204909 0.186271 0.168556 0.151822 0.136113 0.121455 0.107867 0.0953486 0.0838928 0.0734801 0.0640827 0.0556657 0.0481889 0.0416084 0.0358782 0.0309524 0.0267863 0.023338 0.0205698 0.0184495 0.0169508 0.0160556 
0.0167687 0.0170694 0.0179961 0.0195624 0.021789 0.0247036 0.0283407 0.0327397 0.0379446 0.0440019 0.0509594 0.0588641 0.067761 0.0776908 0.088688 0.100779 0.113982 0.128303 0.143736 0.160261 0.177844 0.196436 0.215975 0.236382 0.257566 0.279421 0.301831 0.324671 0.347805 0.371092 0.394389 0.417549 0.440424 0.462873 0.484754 0.505934 0.526288 0.545698 0.564055 0.581261 0.597228 0.61188 0.625148 0.636975 0.647312 0.65612 0.663364 0.669021 0.67307 0.6755 0.6763 0.67547 0.67301 0.66893 0.663241 0.655962 0.64712 0.636745 0.62488 0.611572 0.59688 0.580872 0.563626 0.545231 0.525786 0.505401 0.484193 0.462289 0.439825 0.416941 0.39378 0.370489 0.347215 0.324103 0.301292 0.278917 0.257103 0.235966 0.215608 0.196122 0.177584 0.160055 0.143583 0.128201 0.113928 0.100768 0.0887153 0.077751 0.0678482 0.0589722 0.0510821 0.0441333 0.0380788 0.0328713 0.0284648 0.0248159 0.0218857 0.0196407 0.0180537 0.0171057 
0.0177925 0.0181105 0.0190892 0.0207426 0.0230921 0.0261666 0.0300015 0.0346377 0.0401204 0.0464974 0.0538175 0.062129 0.0714773 0.0819033 0.0934414 0.106118 0.119948 0.134937 0.151076 0.168341 0.186695 0.206085 0.226441 0.247682 0.269708 0.292409 0.315663 0.339336 0.363289 0.387373 0.41144 0.435339 0.458917 0.482029 0.504531 0.526288 0.547173 0.567066 0.585861 0.603459 0.619774 0.634731 0.648264 0.660317 0.670844 0.679807 0.687177 0.692928 0.697045 0.699514 0.700329 0.699487 0.696989 0.692843 0.687061 0.679659 0.670661 0.660097 0.648005 0.634432 0.619433 0.603076 0.585436 0.5666 0.546668 0.525749 0.50396 0.481432 0.458301 0.43471 0.410807 0.386743 0.362669 0.338737 0.31509 0.291871 0.269211 0.247231 0.226041 0.205738 0.186404 0.168106 0.150896 0.134811 0.119872 0.106088 0.0934526 0.08195 0.0715535 0.0622284 0.0539336 0.0466239 0.0402512 0.0347672 0.0301245 0.0262784 0.0231889 0.0208212 0.0191472 0.0181475 
0.0187994 0.0191343 0.0201636 0.0219021 0.0243717 0.0276021 0.0316299 0.0364972 0.0422503 0.0489383 0.0566111 0.0653175 0.0751037 0.0860106 0.0980724 0.111314 0.12575 0.141383 0.158201 0.176178 0.195272 0.215425 0.236564 0.2586 0.281429 0.304933 0.328986 0.353447 0.37817 0.403004 0.427792 0.45238 0.476612 0.500337 0.523412 0.545698 0.567066 0.587399 0.606589 0.624538 0.641163 0.65639 0.670154 0.682405 0.693097 0.702195 0.709671 0.715504 0.719677 0.722181 0.723008 0.722156 0.719627 0.715426 0.709564 0.702057 0.692925 0.682197 0.669908 0.656102 0.640833 0.624164 0.60617 0.586937 0.566563 0.545155 0.522835 0.499731 0.475982 0.451734 0.427138 0.40235 0.377525 0.352818 0.328382 0.304363 0.280898 0.258116 0.236131 0.215047 0.194951 0.175915 0.157996 0.141233 0.125653 0.111265 0.0980674 0.0860437 0.0751687 0.0654079 0.0567202 0.0490596 0.0423775 0.0366242 0.0317514 0.0277132 0.0244683 0.0219809 0.0202221 0.0191717 
0.0197801 0.0201314 0.0212098 0.0230305 0.0256162 0.0289974 0.0332115 0.038302 0.0443161 0.0513039 0.0593163 0.068403 0.0786102 0.0899791 0.102543 0.116327 0.131343 0.147591 0.165058 0.183713 0.203511 0.224389 0.24627 0.269058 0.292644 0.316906 0.341709 0.366908 0.392352 0.417884 0.443342 0.468568 0.493402 0.517691 0.541288 0.564055 0.585861 0.606589 0.626131 0.644392 0.66129 0.676752 0.690719 0.703138 0.713971 0.723183 0.730749 0.73665 0.740871 0.743404 0.744241 0.743381 0.740826 0.73658 0.730652 0.723057 0.713812 0.702944 0.690486 0.676478 0.660972 0.644029 0.625721 0.606133 0.585361 0.563513 0.540708 0.517078 0.492762 0.467908 0.44267 0.417209 0.391683 0.366254 0.341077 0.316306 0.292083 0.268543 0.245806 0.223981 0.203161 0.183423 0.164827 0.147418 0.131225 0.11626 0.102522 0.0899986 0.0786639 0.0684842 0.0594183 0.0514198 0.0444393 0.0384263 0.0333313 0.0291075 0.0257124 0.0231093 0.0212685 0.0201692 
0.0207254 0.0210924 0.0222179 0.0241174 0.0268142 0.0303396 0.0347321 0.0400358 0.0462992 0.0535734 0.0619098 0.0713588 0.081967 0.0937754 0.106817 0.121115 0.136681 0.153512 0.171592 0.190887 0.211349 0.23291 0.255486 0.27898 0.303275 0.328244 0.353746 0.379632 0.405743 0.431919 0.457994 0.483804 0.509189 0.533991 0.558061 0.581261 0.603459 0.624538 0.644392 0.662927 0.680063 0.695729 0.709867 0.722431 0.733382 0.742689 0.750329 0.756286 0.760546 0.763102 0.763948 0.763082 0.760506 0.756224 0.750243 0.742575 0.733237 0.722252 0.70965 0.695469 0.679759 0.662577 0.643994 0.624092 0.602965 0.580722 0.557481 0.533374 0.508541 0.483133 0.457308 0.431226 0.405053 0.378953 0.353089 0.327617 0.302686 0.278436 0.254994 0.232473 0.210971 0.190571 0.171336 0.153316 0.136542 0.12103 0.10678 0.0937814 0.0820095 0.0714309 0.0620045 0.0536836 0.0464183 0.0401572 0.0348499 0.0304486 0.0269098 0.024196 0.0222767 0.0211306 
