5.36422e-23 3.57206e-23 9.19821e-23 3.38947e-22 1.2579e-21 4.55709e-21 1.60758e-20 5.51937e-20 1.8437e-19 5.99013e-19 1.89236e-18 5.81141e-18 1.73448e-17 5.0302e-17 1.41731e-16 3.87939e-16 1.03146e-15 2.66395e-15 6.68331e-15 1.62881e-14 3.85654e-14 8.87177e-14 1.98311e-13 4.30768e-13 9.09334e-13 1.86552e-12 3.71936e-12 7.2063e-12 1.35674e-11 2.48185e-11 4.41052e-11 7.61317e-11 1.2762e-10 2.0771e-10 3.28142e-10 5.03045e-10 7.48089e-10 1.07883e-09 1.50826e-09 2.0437e-09 2.68367e-09 3.41556e-09 4.21489e-09 5.0469e-09 5.87041e-09 6.64311e-09 7.32696e-09 7.89208e-09 8.31826e-09 8.59395e-09 8.71366e-09 8.67541e-09 8.47935e-09 8.12848e-09 7.63097e-09 7.00292e-09 6.27014e-09 5.46763e-09 4.6365e-09 3.81902e-09 3.05314e-09 2.36807e-09 1.78171e-09 1.30052e-09 9.21179e-10 6.33374e-10 4.22894e-10 2.74298e-10 1.72898e-10 1.05946e-10 6.31294e-11 3.65895e-11 2.06331e-11 1.13228e-11 6.04796e-12 3.14486e-12 1.59219e-12 7.84932e-13 3.76835e-13 1.76187e-13 8.02255e-14 3.55776e-14 1.53663e-14 6.46397e-15 2.64836e-15 1.05687e-15 4.10831e-16 1.55577e-16 5.74018e-17 2.06382e-17 7.23219e-18 2.47066e-18 8.2302e-19 2.67411e-19 8.47702e-20 2.62264e-20 7.92145e-21 2.33667e-21 6.73657e-22 1.91318e-22 
3.57206e-23 2.36549e-23 6.26891e-23 2.37054e-22 9.01199e-22 3.34394e-21 1.20826e-20 4.24913e-20 1.45384e-19 4.83785e-19 1.56518e-18 4.92172e-18 1.50381e-17 4.46356e-17 1.28677e-16 3.60226e-16 9.79168e-16 2.58413e-15 6.62111e-15 1.64706e-14 3.97796e-14 9.32841e-14 2.12409e-13 4.69655e-13 1.00842e-12 2.10262e-12 4.25729e-12 8.37018e-12 1.59783e-11 2.96126e-11 5.32737e-11 9.30194e-11 1.57609e-10 2.59086e-10 4.13101e-10 6.387e-10 9.57259e-10 1.39031e-09 1.95616e-09 2.66563e-09 3.51763e-09 4.49568e-09 5.56682e-09 6.68366e-09 7.7898e-09 8.82727e-09 9.74422e-09 1.05004e-08 1.10692e-08 1.14359e-08 1.15941e-08 1.15414e-08 1.1278e-08 1.08072e-08 1.01392e-08 9.29513e-09 8.30974e-09 7.23073e-09 6.11442e-09 5.01868e-09 3.99524e-09 3.08344e-09 2.30684e-09 1.67316e-09 1.17681e-09 8.02937e-10 5.31645e-10 3.41738e-10 2.13328e-10 1.29369e-10 7.62366e-11 4.36682e-11 2.43186e-11 1.31698e-11 6.93694e-12 3.55452e-12 1.77206e-12 8.59636e-13 4.05815e-13 1.86445e-13 8.33689e-14 3.62835e-14 1.53704e-14 6.33802e-15 2.54416e-15 9.94251e-16 3.78319e-16 1.40183e-16 5.0592e-17 1.77873e-17 6.09375e-18 2.03479e-18 6.62429e-19 2.1032e-19 6.5146e-20 1.96929e-20 5.81166e-21 1.67505e-21 4.71861e-22 1.30904e-22 
9.19821e-23 6.26891e-23 1.71489e-22 6.56395e-22 2.51811e-21 9.42225e-21 3.4315e-20 1.21574e-19 4.18843e-19 1.40268e-18 4.56463e-18 1.44297e-17 4.42978e-17 1.3203e-16 3.81975e-16 1.0725e-15 2.92215e-15 7.72548e-15 1.98176e-14 4.93277e-14 1.19142e-13 2.79261e-13 6.3528e-13 1.40272e-12 3.00653e-12 6.25565e-12 1.26359e-11 2.47781e-11 4.71672e-11 8.71558e-11 1.56314e-10 2.72077e-10 4.59535e-10 7.53015e-10 1.1969e-09 1.8449e-09 2.75695e-09 3.99297e-09 5.60331e-09 7.61682e-09 1.00285e-08 1.279e-08 1.58071e-08 1.89453e-08 2.2046e-08 2.4947e-08 2.75045e-08 2.96078e-08 3.11849e-08 3.21969e-08 3.26274e-08 3.24709e-08 3.17272e-08 3.04051e-08 2.85319e-08 2.61653e-08 2.34018e-08 2.03742e-08 1.724e-08 1.41616e-08 1.12841e-08 8.71824e-09 6.53055e-09 4.74329e-09 3.34141e-09 2.28371e-09 1.51485e-09 9.75582e-10 6.10189e-10 3.70763e-10 2.18913e-10 1.25629e-10 7.0087e-11 3.80183e-11 2.0055e-11 1.02892e-11 5.13469e-12 2.49259e-12 1.1771e-12 5.40766e-13 2.41684e-13 1.05082e-13 4.44486e-14 1.82914e-14 7.32342e-15 2.85294e-15 1.08151e-15 3.99013e-16 1.43298e-16 5.01054e-17 1.70618e-17 5.6595e-18 1.82926e-18 5.76315e-19 1.77041e-19 5.30489e-20 1.55104e-20 4.42678e-21 1.23423e-21 3.38774e-22 
3.38947e-22 2.37054e-22 6.56395e-22 2.50958e-21 9.60381e-21 3.584e-20 1.3016e-19 4.59777e-19 1.57907e-18 5.27075e-18 1.70924e-17 5.38328e-17 1.64616e-16 4.88607e-16 1.40739e-15 3.9333e-15 1.06643e-14 2.80485e-14 7.1561e-14 1.77111e-13 4.25252e-13 9.90656e-13 2.23938e-12 4.91265e-12 1.04602e-11 2.16196e-11 4.33777e-11 8.44923e-11 1.59772e-10 2.93294e-10 5.2264e-10 9.03985e-10 1.5175e-09 2.472e-09 3.90696e-09 5.98978e-09 8.90543e-09 1.28367e-08 1.79344e-08 2.42807e-08 3.1852e-08 4.04906e-08 4.98979e-08 5.96543e-08 6.92683e-08 7.82414e-08 8.61337e-08 9.26097e-08 9.7453e-08 1.00549e-07 1.0185e-07 1.0134e-07 9.90196e-08 9.49136e-08 8.91039e-08 8.17669e-08 7.31971e-08 6.38026e-08 5.4068e-08 4.44939e-08 3.55297e-08 2.75197e-08 2.06735e-08 1.50643e-08 1.06501e-08 7.30734e-09 4.86757e-09 3.14883e-09 1.97878e-09 1.20828e-09 7.1707e-10 4.13677e-10 2.3203e-10 1.26553e-10 6.71275e-11 3.46312e-11 1.7378e-11 8.48228e-12 4.02726e-12 1.85989e-12 8.35475e-13 3.6504e-13 1.55133e-13 6.41248e-14 2.57823e-14 1.00838e-14 3.83685e-15 1.4205e-15 5.118e-16 1.79494e-16 6.12917e-17 2.03835e-17 6.60413e-18 2.08525e-18 6.41885e-19 1.92696e-19 5.64377e-20 1.61332e-20 4.50472e-21 1.23855e-21 
1.2579e-21 9.01199e-22 2.51811e-21 9.60381e-21 3.66245e-20 1.36182e-19 4.92727e-19 1.73382e-18 5.93102e-18 1.97157e-17 6.36631e-17 1.9962e-16 6.07602e-16 1.79479e-15 5.14376e-15 1.43001e-14 3.85594e-14 1.00836e-13 2.55734e-13 6.29011e-13 1.50059e-12 3.47256e-12 7.79626e-12 1.69841e-11 3.59076e-11 7.36853e-11 1.46784e-10 2.83865e-10 5.32972e-10 9.71537e-10 1.71936e-09 2.95396e-09 4.92651e-09 7.97483e-09 1.25282e-08 1.9097e-08 2.82393e-08 4.04994e-08 5.63176e-08 7.59198e-08 9.92075e-08 1.25677e-07 1.54404e-07 1.84107e-07 2.13296e-07 2.40472e-07 2.6432e-07 2.83846e-07 2.98413e-07 3.07689e-07 3.1154e-07 3.09924e-07 3.02838e-07 2.90355e-07 2.72717e-07 2.50447e-07 2.24428e-07 1.95884e-07 1.66274e-07 1.37108e-07 1.09748e-07 8.52436e-08 6.42413e-08 4.69784e-08 3.33435e-08 2.29762e-08 1.53755e-08 9.99518e-09 6.31356e-09 3.87597e-09 2.31309e-09 1.3421e-09 7.57208e-10 4.15468e-10 2.21711e-10 1.15077e-10 5.80967e-11 2.85282e-11 1.36252e-11 6.32901e-12 2.85912e-12 1.25606e-12 5.36609e-13 2.22931e-13 9.00664e-14 3.53885e-14 1.35244e-14 5.02801e-15 1.81878e-15 6.40283e-16 2.19426e-16 7.32249e-17 2.38026e-17 7.53939e-18 2.32783e-18 7.00866e-19 2.05851e-19 5.90054e-20 1.65196e-20 4.5554e-21 
4.55709e-21 3.34394e-21 9.42225e-21 3.584e-20 1.36182e-19 5.04464e-19 1.81817e-18 6.3724e-18 2.17093e-17 7.18598e-17 2.31022e-16 7.21086e-16 2.18445e-15 6.42081e-15 1.83071e-14 5.06219e-14 1.35733e-13 3.52876e-13 8.89475e-13 2.17388e-12 5.15185e-12 1.18407e-11 2.63971e-11 5.70923e-11 1.1982e-10 2.44059e-10 4.82553e-10 9.26262e-10 1.72624e-09 3.12373e-09 5.4885e-09 9.36348e-09 1.55097e-08 2.49414e-08 3.8935e-08 5.89928e-08 8.67391e-08 1.23736e-07 1.71219e-07 2.29775e-07 2.99034e-07 3.77444e-07 4.62236e-07 5.49628e-07 6.35264e-07 7.1479e-07 7.84414e-07 8.41289e-07 8.83614e-07 9.10465e-07 9.21478e-07 9.16538e-07 8.95641e-07 8.58985e-07 8.07252e-07 7.41948e-07 6.65616e-07 5.81806e-07 4.94756e-07 4.08869e-07 3.28131e-07 2.55635e-07 1.93312e-07 1.41907e-07 1.01145e-07 7.00156e-08 4.7084e-08 3.07674e-08 1.9541e-08 1.20649e-08 7.24259e-09 4.22782e-09 2.40014e-09 1.32522e-09 7.11695e-10 3.71756e-10 1.88874e-10 9.33288e-11 4.48497e-11 2.09588e-11 9.52356e-12 4.20754e-12 1.8073e-12 7.54746e-13 3.06442e-13 1.20977e-13 4.64425e-14 1.73403e-14 6.2982e-15 2.22588e-15 7.65655e-16 2.56419e-16 8.36367e-17 2.65787e-17 8.23229e-18 2.48616e-18 7.32374e-19 2.10532e-19 5.91089e-20 1.63507e-20 
1.60758e-20 1.20826e-20 3.4315e-20 1.3016e-19 4.92727e-19 1.81817e-18 6.52703e-18 2.2783e-17 7.72906e-17 2.54731e-16 8.15262e-16 2.53284e-15 7.63591e-15 2.23315e-14 6.33378e-14 1.7418e-13 4.6436e-13 1.20002e-12 3.00594e-12 7.29872e-12 1.71802e-11 3.92094e-11 8.67794e-11 1.86296e-10 3.88021e-10 7.8428e-10 1.53867e-09 2.93058e-09 5.41951e-09 9.73205e-09 1.69713e-08 2.87408e-08 4.72669e-08 7.54865e-08 1.17059e-07 1.76243e-07 2.57591e-07 3.65411e-07 5.03018e-07 6.7185e-07 8.7061e-07 1.09469e-06 1.33609e-06 1.58407e-06 1.82634e-06 2.05071e-06 2.24668e-06 2.40638e-06 2.52493e-06 2.59984e-06 2.63019e-06 2.61568e-06 2.55628e-06 2.45253e-06 2.30626e-06 2.12164e-06 1.90573e-06 1.66843e-06 1.42161e-06 1.17763e-06 9.47748e-07 7.40756e-07 5.62227e-07 4.14416e-07 2.96709e-07 2.06394e-07 1.39521e-07 9.16759e-08 5.85632e-08 3.63764e-08 2.19733e-08 1.2909e-08 7.37643e-09 4.09986e-09 2.21649e-09 1.16552e-09 5.96082e-10 2.96472e-10 1.43385e-10 6.74239e-11 3.08223e-11 1.36967e-11 5.91611e-12 2.48381e-12 1.01361e-12 4.02094e-13 1.55074e-13 5.81544e-14 2.12107e-14 7.52605e-15 2.59867e-15 8.73471e-16 2.859e-16 9.11613e-17 2.83275e-17 8.58183e-18 2.53575e-18 7.31102e-19 2.05864e-19 5.71307e-20 
5.51937e-20 4.24913e-20 1.21574e-19 4.59777e-19 1.73382e-18 6.3724e-18 2.2783e-17 7.91926e-17 2.67503e-16 8.77709e-16 2.79621e-15 8.64593e-15 2.59368e-14 7.54638e-14 2.12889e-13 5.82177e-13 1.54301e-12 3.96316e-12 9.86407e-12 2.37916e-11 5.56142e-11 1.26012e-10 2.76818e-10 5.89718e-10 1.21866e-09 2.44358e-09 4.75545e-09 8.98422e-09 1.64807e-08 2.93592e-08 5.07961e-08 8.5362e-08 1.39335e-07 2.20912e-07 3.40192e-07 5.08795e-07 7.38972e-07 1.04212e-06 1.42675e-06 1.8961e-06 2.44593e-06 3.06306e-06 3.72527e-06 4.4031e-06 5.06324e-06 5.67294e-06 6.20407e-06 6.63589e-06 6.95557e-06 7.15681e-06 7.2373e-06 7.19633e-06 7.03384e-06 6.7511e-06 6.35292e-06 5.8503e-06 5.26211e-06 4.61493e-06 3.94069e-06 3.27286e-06 2.642e-06 2.07222e-06 1.57903e-06 1.16902e-06 8.41024e-07 5.88076e-07 3.99748e-07 2.6421e-07 1.69819e-07 1.06158e-07 6.45491e-08 3.81786e-08 2.19663e-08 1.22942e-08 6.6931e-09 3.54411e-09 1.82511e-09 9.13932e-10 4.44952e-10 2.10581e-10 9.68653e-11 4.33024e-11 1.88111e-11 7.94083e-12 3.25743e-12 1.2986e-12 5.03188e-13 1.89547e-13 6.9429e-14 2.47355e-14 8.57422e-15 2.89276e-15 9.50242e-16 3.0404e-16 9.47932e-17 2.88107e-17 8.53972e-18 2.46971e-18 6.97521e-19 1.94226e-19 
1.8437e-19 1.45384e-19 4.18843e-19 1.57907e-18 5.93102e-18 2.17093e-17 7.72906e-17 2.67503e-16 8.99594e-16 2.93823e-15 9.3166e-15 2.86669e-14 8.55631e-14 2.47641e-13 6.94794e-13 1.88918e-12 4.97725e-12 1.27042e-11 3.1414e-11 7.5253e-11 1.74659e-10 3.92825e-10 8.5634e-10 1.8099e-09 3.70991e-09 7.37749e-09 1.42374e-08 2.66718e-08 4.85161e-08 8.57075e-08 1.47069e-07 2.45155e-07 3.97023e-07 6.24684e-07 9.54946e-07 1.41826e-06 2.04628e-06 2.86785e-06 3.90375e-06 5.1606e-06 6.62533e-06 8.26159e-06 1.001e-05 1.17931e-05 1.35238e-05 1.51176e-05 1.65024e-05 1.76254e-05 1.84545e-05 1.89745e-05 1.91797e-05 1.90688e-05 1.86413e-05 1.79003e-05 1.68577e-05 1.55415e-05 1.4e-05 1.23016e-05 1.0529e-05 8.7693e-06 7.10233e-06 5.5917e-06 4.27904e-06 3.18294e-06 2.30171e-06 1.6184e-06 1.10664e-06 7.36001e-07 4.76156e-07 2.99678e-07 1.83492e-07 1.09305e-07 6.33467e-08 3.57141e-08 1.95861e-08 1.0447e-08 5.41871e-09 2.73264e-09 1.33957e-09 6.38201e-10 2.95452e-10 1.32891e-10 5.8069e-11 2.46502e-11 1.01657e-11 4.07319e-12 1.5859e-12 6.00137e-13 2.20784e-13 7.89873e-14 2.74893e-14 9.30988e-15 3.0695e-15 9.85617e-16 3.08354e-16 9.40321e-17 2.79626e-17 8.11251e-18 2.29841e-18 6.42238e-19 
5.99013e-19 4.83785e-19 1.40268e-18 5.27075e-18 1.97157e-17 7.18598e-17 2.54731e-16 8.77709e-16 2.93823e-15 9.55181e-15 3.01407e-14 9.22786e-14 2.74002e-13 7.88768e-13 2.20062e-12 5.9487e-12 1.5577e-11 3.95064e-11 9.70377e-11 2.30838e-10 5.31869e-10 1.18716e-09 2.5676e-09 5.3826e-09 1.09409e-08 2.15711e-08 4.12675e-08 7.66327e-08 1.38174e-07 2.41968e-07 4.11628e-07 6.80364e-07 1.09275e-06 1.70563e-06 2.58733e-06 3.81442e-06 5.46515e-06 7.60935e-06 1.02951e-05 1.3534e-05 1.72877e-05 2.14601e-05 2.58989e-05 3.04075e-05 3.47688e-05 3.87725e-05 4.22415e-05 4.50476e-05 4.71137e-05 4.84041e-05 4.89068e-05 4.86187e-05 4.75388e-05 4.56734e-05 4.30508e-05 3.97389e-05 3.58564e-05 3.15724e-05 2.70924e-05 2.26334e-05 1.83965e-05 1.45428e-05 1.11799e-05 8.35833e-06 6.07764e-06 4.29877e-06 2.95803e-06 1.98041e-06 1.29013e-06 8.17809e-07 5.04446e-07 3.02767e-07 1.76809e-07 1.00451e-07 5.5513e-08 2.98361e-08 1.5592e-08 7.92077e-09 3.91054e-09 1.8759e-09 8.74179e-10 3.95682e-10 1.73942e-10 7.42619e-11 3.07925e-11 1.24019e-11 4.85249e-12 1.8449e-12 6.81761e-13 2.44951e-13 8.55984e-14 2.91044e-14 9.63232e-15 3.10432e-15 9.74663e-16 2.98252e-16 8.89913e-17 2.59033e-17 7.36276e-18 2.06487e-18 
1.89236e-18 1.56518e-18 4.56463e-18 1.70924e-17 6.36631e-17 2.31022e-16 8.15262e-16 2.79621e-15 9.3166e-15 3.01407e-14 9.46353e-14 2.88247e-13 8.51338e-13 2.43723e-12 6.76079e-12 1.81666e-11 4.72738e-11 1.19115e-10 2.90583e-10 6.86326e-10 1.56958e-09 3.47617e-09 7.45755e-09 1.55028e-08 3.12397e-08 6.10474e-08 1.15738e-07 2.12966e-07 3.80482e-07 6.60227e-07 1.11303e-06 1.82339e-06 2.90326e-06 4.49352e-06 6.76123e-06 9.89073e-06 1.40671e-05 1.94511e-05 2.61479e-05 3.41717e-05 4.34166e-05 5.36385e-05 6.44614e-05 7.54089e-05 8.59597e-05 9.5614e-05 0.000103955 0.000110683 0.000115624 0.000118697 0.000119878 0.000119162 0.000116545 0.000112039 0.000105709 9.77108e-05 8.83243e-05 7.79496e-05 6.70757e-05 5.62224e-05 4.58743e-05 3.64245e-05 2.81401e-05 2.11526e-05 1.54718e-05 1.10129e-05 7.62913e-06 5.1439e-06 3.37569e-06 2.15617e-06 1.34039e-06 8.10916e-07 4.77376e-07 2.73409e-07 1.52315e-07 8.2516e-08 4.34592e-08 2.22457e-08 1.10639e-08 5.34504e-09 2.50776e-09 1.14246e-09 5.05333e-10 2.17012e-10 9.04858e-11 3.66372e-11 1.44075e-11 5.50407e-12 2.04332e-12 7.37384e-13 2.58771e-13 8.83433e-14 2.9353e-14 9.49599e-15 2.99248e-15 9.19009e-16 2.75173e-16 8.03717e-17 2.29226e-17 6.45315e-18 
5.81141e-18 4.92172e-18 1.44297e-17 5.38328e-17 1.9962e-16 7.21086e-16 2.53284e-15 8.64593e-15 2.86669e-14 9.22786e-14 2.88247e-13 8.73312e-13 2.56522e-12 7.30217e-12 2.01368e-11 5.37773e-11 1.39048e-10 3.48022e-10 8.43087e-10 1.97676e-09 4.48624e-09 9.85663e-09 2.09704e-08 4.32178e-08 8.63132e-08 1.67128e-07 3.13894e-07 5.7212e-07 1.01241e-06 1.74005e-06 2.90576e-06 4.71602e-06 7.44074e-06 1.14147e-05 1.7029e-05 2.47079e-05 3.48687e-05 4.78634e-05 6.39062e-05 8.29968e-05 0.000104855 0.000128888 0.000154206 0.000179703 0.000204179 0.000226499 0.000245724 0.000261189 0.000272512 0.000279527 0.000282188 0.000280485 0.000274408 0.000263979 0.000249333 0.000230818 0.00020906 0.000184965 0.000159647 0.000134298 0.000110038 8.77872e-05 6.81812e-05 5.15506e-05 3.79451e-05 2.71925e-05 1.89729e-05 1.28888e-05 8.52456e-06 5.48894e-06 3.44048e-06 2.09895e-06 1.24611e-06 7.19756e-07 4.04356e-07 2.2088e-07 1.17278e-07 6.05056e-08 3.03216e-08 1.47558e-08 6.97146e-09 3.19715e-09 1.42312e-09 6.14832e-10 2.5783e-10 1.04962e-10 4.14902e-11 1.59289e-11 5.94144e-12 2.15386e-12 7.5916e-13 2.60268e-13 8.68295e-14 2.82014e-14 8.92132e-15 2.75007e-15 8.26453e-16 2.42253e-16 6.93379e-17 1.9598e-17 
1.73448e-17 1.50381e-17 4.42978e-17 1.64616e-16 6.07602e-16 2.18445e-15 7.63591e-15 2.59368e-14 8.55631e-14 2.74002e-13 8.51338e-13 2.56522e-12 7.49242e-12 2.12035e-11 5.81178e-11 1.54234e-10 3.96181e-10 9.84823e-10 2.36872e-09 5.5124e-09 1.24126e-08 2.7049e-08 5.70578e-08 1.16549e-07 2.30634e-07 4.42356e-07 8.22785e-07 1.48491e-06 2.60158e-06 4.42698e-06 7.31972e-06 1.17641e-05 1.83837e-05 2.79402e-05 4.13085e-05 5.94205e-05 8.31712e-05 0.000113289 0.000150177 0.000193754 0.000243316 0.000297483 0.000354243 0.000411132 0.00046552 0.000514937 0.000557365 0.000591397 0.000616241 0.000631569 0.000637306 0.000633436 0.000619934 0.00059683 0.000564396 0.000523359 0.00047506 0.000421457 0.000364974 0.000308226 0.000253692 0.000203431 0.000158901 0.000120896 8.9592e-05 6.46695e-05 4.5467e-05 3.11344e-05 2.07634e-05 1.3484e-05 8.5258e-06 5.24753e-06 3.14319e-06 1.83168e-06 1.0381e-06 5.71974e-07 3.06257e-07 1.59294e-07 8.04557e-08 3.94479e-08 1.87713e-08 8.6675e-09 3.88318e-09 1.68801e-09 7.12025e-10 2.91486e-10 1.15835e-10 4.46983e-11 1.67539e-11 6.10207e-12 2.16051e-12 7.43944e-13 2.49245e-13 8.12862e-14 2.58176e-14 7.98965e-15 2.41025e-15 7.09155e-16 2.0373e-16 5.7825e-17 
5.0302e-17 4.46356e-17 1.3203e-16 4.88607e-16 1.79479e-15 6.42081e-15 2.23315e-14 7.54638e-14 2.47641e-13 7.88768e-13 2.43723e-12 7.30217e-12 2.12035e-11 5.96441e-11 1.62463e-10 4.28356e-10 1.09292e-09 2.69773e-09 6.44115e-09 1.4875e-08 3.3227e-08 7.18011e-08 1.50136e-07 3.03886e-07 5.9567e-07 1.13136e-06 2.08328e-06 3.72141e-06 6.45265e-06 1.08663e-05 1.77811e-05 2.82855e-05 4.37586e-05 6.58562e-05 9.64463e-05 0.000137476 0.000190766 0.000257734 0.000339066 0.000434397 0.000542056 0.000658964 0.000780771 0.000902242 0.00101786 0.00112251 0.00121205 0.00128366 0.00133578 0.00136781 0.00137963 0.00137124 0.00134258 0.00129365 0.00122498 0.001138 0.00103545 0.000921361 0.000800761 0.000679129 0.00056171 0.00045292 0.000355955 0.000272642 0.000203512 0.000148036 0.000104928 7.24641e-05 4.87526e-05 3.19477e-05 2.03869e-05 1.26652e-05 7.65739e-06 4.50392e-06 2.57607e-06 1.43214e-06 7.7353e-07 4.05733e-07 2.06587e-07 1.02075e-07 4.8931e-08 2.27521e-08 1.02613e-08 4.48888e-09 1.9049e-09 7.84307e-10 3.13395e-10 1.21569e-10 4.57973e-11 1.67615e-11 5.96255e-12 2.06249e-12 6.94058e-13 2.27328e-13 7.25054e-14 2.253e-14 6.82393e-15 2.01567e-15 5.81337e-16 1.65728e-16 
1.41731e-16 1.28677e-16 3.81975e-16 1.40739e-15 5.14376e-15 1.83071e-14 6.33378e-14 2.12889e-13 6.94794e-13 2.20062e-12 6.76079e-12 2.01368e-11 5.81178e-11 1.62463e-10 4.39676e-10 1.15154e-09 2.91772e-09 7.15012e-09 1.69436e-08 3.8822e-08 8.60077e-08 1.84263e-07 3.81843e-07 7.65659e-07 1.48626e-06 2.79449e-06 5.09256e-06 9.00078e-06 1.54392e-05 2.57189e-05 4.16309e-05 6.55163e-05 0.000100289 0.000149385 0.000216597 0.000305791 0.000420462 0.000563183 0.000734962 0.000934639 0.00115843 0.00139978 0.00164972 0.00189764 0.0021325 0.00234421 0.00252472 0.00266862 0.00277303 0.00283692 0.0028602 0.00284288 0.00278479 0.00268589 0.00254705 0.002371 0.00216299 0.00193092 0.00168476 0.00143544 0.00119354 0.000968127 0.000765893 0.000590862 0.000444469 0.000325978 0.000233061 0.000162411 0.00011029 7.29669e-05 4.70167e-05 2.9496e-05 1.80086e-05 1.06955e-05 6.17605e-06 3.4656e-06 1.88878e-06 9.99337e-07 5.13078e-07 2.55532e-07 1.23421e-07 5.78024e-08 2.62479e-08 1.15572e-08 4.93489e-09 2.04391e-09 8.21352e-10 3.2035e-10 1.21315e-10 4.46258e-11 1.59525e-11 5.54437e-12 1.8744e-12 6.16697e-13 1.97559e-13 6.16529e-14 1.87522e-14 5.56198e-15 1.61071e-15 4.61306e-16 
3.87939e-16 3.60226e-16 1.0725e-15 3.9333e-15 1.43001e-14 5.06219e-14 1.7418e-13 5.82177e-13 1.88918e-12 5.9487e-12 1.81666e-11 5.37773e-11 1.54234e-10 4.28356e-10 1.15154e-09 2.99515e-09 7.5348e-09 1.83277e-08 4.30955e-08 9.79475e-08 2.15172e-07 4.56932e-07 9.38191e-07 1.8632e-06 3.58067e-06 6.66283e-06 1.20125e-05 2.09991e-05 3.56191e-05 5.86674e-05 9.38946e-05 0.000146112 0.000221193 0.000325921 0.000467618 0.000653532 0.000889974 0.00118124 0.00152846 0.00192849 0.0023732 0.00284931 0.00333913 0.00382219 0.00427753 0.0046862 0.00503334 0.00530916 0.00550864 0.00563023 0.00567394 0.0056399 0.00552772 0.00533712 0.00506945 0.00472951 0.00432694 0.0038764 0.00339663 0.00290842 0.00243213 0.00198546 0.00158186 0.00122978 0.000932761 0.000690115 0.000497964 0.000350347 0.000240272 0.000160573 0.00010453 6.62542e-05 4.08674e-05 2.45184e-05 1.4299e-05 8.10134e-06 4.45659e-06 2.37911e-06 1.23197e-06 6.18587e-07 3.01102e-07 1.42062e-07 6.49646e-08 2.87967e-08 1.2375e-08 5.15689e-09 2.08452e-09 8.17627e-10 3.11325e-10 1.15126e-10 4.13657e-11 1.44485e-11 4.90832e-12 1.62254e-12 5.22184e-13 1.63696e-13 5.00101e-14 1.48976e-14 4.33284e-15 1.24695e-15 
1.03146e-15 9.79168e-16 2.92215e-15 1.06643e-14 3.85594e-14 1.35733e-13 4.6436e-13 1.54301e-12 4.97725e-12 1.5577e-11 4.72738e-11 1.39048e-10 3.96181e-10 1.09292e-09 2.91772e-09 7.5348e-09 1.8815e-08 4.54153e-08 1.0594e-07 2.38786e-07 5.20037e-07 1.09438e-06 2.22586e-06 4.37699e-06 8.32548e-06 1.53271e-05 2.73295e-05 4.7235e-05 7.91968e-05 0.000128919 0.000203907 0.000313594 0.000469254 0.000683603 0.000970012 0.00134129 0.00180805 0.00237679 0.00304785 0.00381365 0.00465758 0.00555402 0.00646984 0.00736746 0.00820902 0.00896084 0.00959692 0.0101005 0.0104636 0.010684 0.0107622 0.0106987 0.0104924 0.0101427 0.00965117 0.00902588 0.00828338 0.00744949 0.00655764 0.00564537 0.00474996 0.00390441 0.00313441 0.0024569 0.00187999 0.00140396 0.001023 0.000727073 0.000503862 0.000340329 0.000223941 0.000143478 8.94525e-05 5.4235e-05 3.19563e-05 1.82868e-05 1.01567e-05 5.47219e-06 2.85866e-06 1.44745e-06 7.102e-07 3.37631e-07 1.5552e-07 6.94151e-08 3.00282e-08 1.2593e-08 5.12149e-09 2.0207e-09 7.73809e-10 2.87733e-10 1.0394e-10 3.64946e-11 1.24608e-11 4.13965e-12 1.33875e-12 4.21672e-13 1.29423e-13 3.87301e-14 1.13154e-14 3.27308e-15 
2.66395e-15 2.58413e-15 7.72548e-15 2.80485e-14 1.00836e-13 3.52876e-13 1.20002e-12 3.96316e-12 1.27042e-11 3.95064e-11 1.19115e-10 3.48022e-10 9.84823e-10 2.69773e-09 7.15012e-09 1.83277e-08 4.54153e-08 1.08754e-07 2.51608e-07 5.62283e-07 1.21368e-06 2.53045e-06 5.09698e-06 9.92179e-06 1.8674e-05 3.4003e-05 5.99443e-05 0.000102397 0.000169637 0.000272795 0.000426204 0.000647475 0.000957159 0.00137783 0.00193252 0.0026424 0.00352394 0.0045856 0.00582458 0.00722414 0.00875215 0.0103616 0.0119934 0.0135823 0.0150634 0.0163799 0.0174891 0.0183641 0.0189928 0.0193729 0.0195061 0.0193934 0.0190331 0.0184227 0.0175643 0.0164699 0.0151663 0.0136966 0.0121171 0.0104921 0.00888648 0.0073587 0.00595559 0.00470944 0.00363757 0.00274356 0.00201991 0.00145108 0.00101673 0.000694466 0.000462149 0.000299449 0.000188786 0.000115719 6.89133e-05 3.9843e-05 2.23492e-05 1.21558e-05 6.40781e-06 3.27259e-06 1.61895e-06 7.757e-07 3.59984e-07 1.61829e-07 7.04873e-08 2.9756e-08 1.21788e-08 4.83485e-09 1.86252e-09 6.96577e-10 2.53049e-10 8.93368e-11 3.0667e-11 1.02413e-11 3.32894e-12 1.05378e-12 3.25016e-13 9.77285e-14 2.8688e-14 8.34269e-15 
6.68331e-15 6.62111e-15 1.98176e-14 7.1561e-14 2.55734e-13 8.89475e-13 3.00594e-12 9.86407e-12 3.1414e-11 9.70377e-11 2.90583e-10 8.43087e-10 2.36872e-09 6.44115e-09 1.69436e-08 4.30955e-08 1.0594e-07 2.51608e-07 5.77162e-07 1.27846e-06 2.73432e-06 5.64662e-06 1.12609e-05 2.16938e-05 4.03903e-05 7.27213e-05 0.000126711 0.000213853 0.000349921 0.000555657 0.000857137 0.00128561 0.00187655 0.00266778 0.00369647 0.00499514 0.00658684 0.00848001 0.0106636 0.0131034 0.0157406 0.0184931 0.0212615 0.0239378 0.0264171 0.0286094 0.0304479 0.0318927 0.0329271 0.0335501 0.0337659 0.0335766 0.0329788 0.0319672 0.0305427 0.0287222 0.0265463 0.0240822 0.0214198 0.0186634 0.0159198 0.0132874 0.0108474 0.00865825 0.00675461 0.00514832 0.00383213 0.0027843 0.0019736 0.00136397 0.00091846 0.000602142 0.000384038 0.000238082 0.000143351 8.37632e-05 4.74662e-05 2.60695e-05 1.38706e-05 7.14704e-06 3.56567e-06 1.72231e-06 8.05487e-07 3.648e-07 1.60032e-07 6.80234e-08 2.8027e-08 1.11982e-08 4.34091e-09 1.63338e-09 5.96885e-10 2.11943e-10 7.3165e-11 2.45681e-11 8.02883e-12 2.55489e-12 7.92055e-13 2.39359e-13 7.06134e-14 2.06498e-14 
1.62881e-14 1.64706e-14 4.93277e-14 1.77111e-13 6.29011e-13 2.17388e-12 7.29872e-12 2.37916e-11 7.5253e-11 2.30838e-10 6.86326e-10 1.97676e-09 5.5124e-09 1.4875e-08 3.8822e-08 9.79475e-08 2.38786e-07 5.62283e-07 1.27846e-06 2.80612e-06 5.94498e-06 1.21566e-05 2.39965e-05 4.57379e-05 8.42154e-05 0.000149884 0.000258048 0.000430144 0.000694914 0.00108921 0.00165815 0.00245427 0.0035354 0.00496101 0.00678695 0.0090589 0.0118049 0.0150278 0.0186987 0.0227527 0.0270876 0.0315683 0.0360356 0.0403212 0.044265 0.0477323 0.050626 0.0528908 0.0545065 0.0554757 0.0558079 0.0555068 0.0545664 0.052976 0.0507327 0.0478577 0.0444082 0.0404824 0.0362156 0.031767 0.0273034 0.0229815 0.018935 0.0152645 0.0120348 0.0092753 0.0069843 0.00513537 0.00368463 0.00257797 0.00175742 0.00116631 0.000752836 0.000472209 0.00028756 0.000169872 9.72739e-05 5.39624e-05 2.89872e-05 1.50731e-05 7.58594e-06 3.69496e-06 1.74197e-06 7.95039e-07 3.51376e-07 1.50434e-07 6.24147e-08 2.51069e-08 9.79661e-09 3.70984e-09 1.36415e-09 4.87331e-10 1.69229e-10 5.71545e-11 1.87836e-11 6.01016e-12 1.87327e-12 5.69082e-13 1.68759e-13 4.96388e-14 
3.85654e-14 3.97796e-14 1.19142e-13 4.25252e-13 1.50059e-12 5.15185e-12 1.71802e-11 5.56142e-11 1.74659e-10 5.31869e-10 1.56958e-09 4.48624e-09 1.24126e-08 3.3227e-08 8.60077e-08 2.15172e-07 5.20037e-07 1.21368e-06 2.73432e-06 5.94498e-06 1.2472e-05 2.52456e-05 4.93107e-05 9.29632e-05 0.00016923 0.000297642 0.000506173 0.000833083 0.00132836 0.00205435 0.00308511 0.00450411 0.00639991 0.00885967 0.0119606 0.0157599 0.0202841 0.0255192 0.0314026 0.0378189 0.0446011 0.051538 0.0583895 0.064908 0.0708636 0.0760676 0.0803883 0.0837551 0.0861482 0.0875783 0.0880634 0.0876106 0.0862094 0.0838398 0.0804911 0.0761853 0.0709963 0.0650585 0.0585623 0.051737 0.0448278 0.0380715 0.0316758 0.0258053 0.0205735 0.0160428 0.012228 0.00910392 0.00661565 0.00468836 0.00323723 0.00217573 0.00142192 0.000902707 0.000556165 0.000332252 0.000192315 0.00010779 5.84747e-05 3.06942e-05 1.55878e-05 7.65862e-06 3.64088e-06 1.67513e-06 7.46119e-07 3.21849e-07 1.34513e-07 5.44945e-08 2.14107e-08 8.1626e-09 3.02117e-09 1.08619e-09 3.79538e-10 1.28961e-10 4.26334e-11 1.37201e-11 4.30038e-12 1.31358e-12 3.91643e-13 1.15897e-13 
8.87177e-14 9.32841e-14 2.79261e-13 9.90656e-13 3.47256e-12 1.18407e-11 3.92094e-11 1.26012e-10 3.92825e-10 1.18716e-09 3.47617e-09 9.85663e-09 2.7049e-08 7.18011e-08 1.84263e-07 4.56932e-07 1.09438e-06 2.53045e-06 5.64662e-06 1.21566e-05 2.52456e-05 5.05681e-05 9.77041e-05 0.000182133 0.000327698 0.000569403 0.000956215 0.00155341 0.0024439 0.00372789 0.00552043 0.00794628 0.011132 0.0151955 0.0202328 0.0263042 0.0334206 0.0415313 0.0505165 0.0601849 0.0702785 0.0804864 0.0904669 0.0998778 0.10841 0.115815 0.12193 0.126672 0.130031 0.13203 0.132702 0.132059 0.130083 0.126741 0.122006 0.115896 0.108496 0.0999764 0.0905876 0.0806392 0.0704707 0.0604193 0.0507906 0.041838 0.0337493 0.0266423 0.0205671 0.0155137 0.0114238 0.00820428 0.00574044 0.00390884 0.00258741 0.00166312 0.001037 0.00062668 0.000366767 0.000207756 0.000113855 6.03493e-05 3.09361e-05 1.53372e-05 7.35491e-06 3.41247e-06 1.53238e-06 6.66253e-07 2.80597e-07 1.14527e-07 4.53249e-08 1.7402e-08 6.48527e-09 2.34727e-09 8.25542e-10 2.82289e-10 9.38989e-11 3.03998e-11 9.58411e-12 2.94418e-12 8.8273e-13 2.62859e-13 
1.98311e-13 2.12409e-13 6.3528e-13 2.23938e-12 7.79626e-12 2.63971e-11 8.67794e-11 2.76818e-10 8.5634e-10 2.5676e-09 7.45755e-09 2.09704e-08 5.70578e-08 1.50136e-07 3.81843e-07 9.38191e-07 2.22586e-06 5.09698e-06 1.12609e-05 2.39965e-05 4.93107e-05 9.77041e-05 0.00018667 0.000343963 0.000611478 0.00104935 0.00173965 0.00278874 0.00432752 0.00650878 0.00950097 0.0134785 0.0186087 0.0250354 0.0328619 0.0421325 0.0528173 0.0647999 0.0778726 0.0917383 0.106022 0.120293 0.134095 0.146984 0.158571 0.168557 0.176753 0.183078 0.187539 0.190186 0.191068 0.190206 0.187572 0.183113 0.176779 0.168568 0.158571 0.146982 0.134109 0.120341 0.106118 0.0918933 0.0780899 0.0650761 0.0531429 0.0424937 0.0332419 0.0254168 0.0189751 0.0138163 0.00980009 0.00676347 0.00453611 0.00295302 0.00186406 0.00113988 0.000674739 0.0003864 0.000213988 0.000114575 5.93069e-05 2.96799e-05 1.43628e-05 6.72281e-06 3.04477e-06 1.33483e-06 5.66718e-07 2.33126e-07 9.29662e-08 3.59584e-08 1.34975e-08 4.91954e-09 1.74201e-09 5.99613e-10 2.00733e-10 6.53926e-11 2.0741e-11 6.40895e-12 1.93264e-12 5.79211e-13 
4.30768e-13 4.69655e-13 1.40272e-12 4.91265e-12 1.69841e-11 5.70923e-11 1.86296e-10 5.89718e-10 1.8099e-09 5.3826e-09 1.55028e-08 4.32178e-08 1.16549e-07 3.03886e-07 7.65659e-07 1.8632e-06 4.37699e-06 9.92179e-06 2.16938e-05 4.57379e-05 9.29632e-05 0.000182133 0.000343963 0.000626258 0.00109966 0.0018632 0.00304841 0.00482068 0.00737652 0.0109361 0.0157309 0.0219869 0.0299047 0.0396374 0.0512692 0.0647959 0.0801094 0.0969901 0.115107 0.13403 0.153247 0.172198 0.19031 0.207049 0.221961 0.234714 0.245114 0.253098 0.258705 0.262019 0.263118 0.262027 0.258711 0.253087 0.245071 0.234632 0.221842 0.206906 0.190167 0.17208 0.153181 0.134035 0.115196 0.0971657 0.0803677 0.065125 0.0516513 0.0400509 0.0303271 0.0223971 0.0161111 0.0112732 0.00766299 0.00505407 0.00323073 0.00199972 0.00119762 0.000693598 0.000388301 0.000210095 0.000109856 5.55182e-05 2.71228e-05 1.28129e-05 5.85511e-06 2.58929e-06 1.10863e-06 4.59806e-07 1.84828e-07 7.20446e-08 2.72467e-08 1.00034e-08 3.56728e-09 1.23631e-09 4.1663e-10 1.36598e-10 4.35954e-11 1.35521e-11 4.11086e-12 1.24015e-12 
9.09334e-13 1.00842e-12 3.00653e-12 1.04602e-11 3.59076e-11 1.1982e-10 3.88021e-10 1.21866e-09 3.70991e-09 1.09409e-08 3.12397e-08 8.63132e-08 2.30634e-07 5.9567e-07 1.48626e-06 3.58067e-06 8.32548e-06 1.8674e-05 4.03903e-05 8.42154e-05 0.00016923 0.000327698 0.000611478 0.00109966 0.00190654 0.00318832 0.00514657 0.00802634 0.0121075 0.0176891 0.025067 0.0345084 0.046224 0.0603417 0.0768834 0.0957483 0.116703 0.139384 0.163305 0.187882 0.212461 0.236361 0.258916 0.279528 0.297711 0.313132 0.325619 0.335152 0.341818 0.345744 0.347038 0.345738 0.341795 0.335093 0.325503 0.312948 0.29746 0.279224 0.258587 0.236039 0.212181 0.187673 0.163193 0.139382 0.116817 0.0959715 0.0772017 0.060733 0.0466617 0.0349643 0.0255147 0.0181063 0.0124779 0.00834012 0.00540046 0.00338461 0.00205155 0.00120203 0.000680545 0.000372242 0.000196704 0.00010043 4.95535e-05 2.36361e-05 1.09026e-05 4.86545e-06 2.10167e-06 8.79163e-07 3.56344e-07 1.40022e-07 5.33695e-08 1.97423e-08 7.09178e-09 2.47516e-09 8.39814e-10 2.7716e-10 8.90186e-11 2.78426e-11 8.49653e-12 2.5804e-12 
1.86552e-12 2.10262e-12 6.25565e-12 2.16196e-11 7.36853e-11 2.44059e-10 7.8428e-10 2.44358e-09 7.37749e-09 2.15711e-08 6.10474e-08 1.67128e-07 4.42356e-07 1.13136e-06 2.79449e-06 6.66283e-06 1.53271e-05 3.4003e-05 7.27213e-05 0.000149884 0.000297642 0.000569403 0.00104935 0.0018632 0.00318832 0.00526067 0.00837533 0.0128779 0.0191456 0.0275583 0.0384643 0.052143 0.0687713 0.0883963 0.110917 0.136078 0.16347 0.192546 0.222648 0.253035 0.282931 0.311565 0.338221 0.362286 0.383293 0.400947 0.415136 0.425902 0.433395 0.437793 0.439238 0.437778 0.43335 0.425805 0.414962 0.400679 0.382928 0.361837 0.337713 0.311034 0.282418 0.252579 0.222283 0.192302 0.163363 0.136115 0.111092 0.0886912 0.0691609 0.0525955 0.0389459 0.028037 0.019594 0.0132759 0.00871074 0.00552953 0.00339347 0.00201231 0.00115264 0.00063764 0.000340669 0.0001758 8.76458e-05 4.22284e-05 1.967e-05 8.86169e-06 3.86322e-06 1.6305e-06 6.66591e-07 2.6412e-07 1.01482e-07 3.78323e-08 1.3692e-08 4.81335e-09 1.64453e-09 5.4638e-10 1.76621e-10 5.55862e-11 1.70661e-11 5.2181e-12 
3.71936e-12 4.25729e-12 1.26359e-11 4.33777e-11 1.46784e-10 4.82553e-10 1.53867e-09 4.75545e-09 1.42374e-08 4.12675e-08 1.15738e-07 3.13894e-07 8.22785e-07 2.08328e-06 5.09256e-06 1.20125e-05 2.73295e-05 5.99443e-05 0.000126711 0.000258048 0.000506173 0.000956215 0.00173965 0.00304841 0.00514657 0.00837533 0.013147 0.0199247 0.0291873 0.0413833 0.0568801 0.0759176 0.0985721 0.124736 0.154113 0.186229 0.220458 0.256049 0.292172 0.32796 0.362557 0.395162 0.425072 0.451723 0.474721 0.493861 0.509118 0.520621 0.528586 0.533246 0.534774 0.533228 0.528535 0.520511 0.508921 0.493552 0.474293 0.45118 0.424436 0.394466 0.361842 0.327268 0.291546 0.25553 0.220078 0.18601 0.154063 0.124851 0.0988336 0.0762965 0.05734 0.0418845 0.0296915 0.0203988 0.0135664 0.0087258 0.00542388 0.00325654 0.00188801 0.00105679 0.000571102 0.000298008 0.000150186 7.31234e-05 3.44088e-05 1.56551e-05 6.89007e-06 2.93487e-06 1.21055e-06 4.8377e-07 1.87414e-07 7.04237e-08 2.56823e-08 9.09482e-09 3.12929e-09 1.04673e-09 3.40566e-10 1.07855e-10 3.33159e-11 1.0256e-11 
7.2063e-12 8.37018e-12 2.47781e-11 8.44923e-11 2.83865e-10 9.26262e-10 2.93058e-09 8.98422e-09 2.66718e-08 7.66327e-08 2.12966e-07 5.7212e-07 1.48491e-06 3.72141e-06 9.00078e-06 2.09991e-05 4.7235e-05 0.000102397 0.000213853 0.000430144 0.000833083 0.00155341 0.00278874 0.00482068 0.00802634 0.0128779 0.0199247 0.0297548 0.0429375 0.0599562 0.081141 0.106616 0.136271 0.169757 0.206508 0.245783 0.286711 0.328348 0.369728 0.409912 0.448036 0.483346 0.51523 0.543242 0.567117 0.586777 0.602311 0.613939 0.621949 0.62662 0.628151 0.626609 0.621911 0.613847 0.602133 0.586485 0.566696 0.542688 0.514555 0.482572 0.447197 0.409048 0.368884 0.327573 0.286048 0.245271 0.206174 0.169615 0.13632 0.106838 0.0815052 0.0604213 0.0434565 0.0302814 0.0204195 0.0133122 0.00838443 0.00509916 0.00299354 0.00169617 0.000927576 0.000489639 0.000249542 0.000122825 5.84069e-05 2.68448e-05 1.19311e-05 5.13032e-06 2.1354e-06 8.60847e-07 3.36301e-07 1.2739e-07 4.68163e-08 1.67019e-08 5.78752e-09 1.94907e-09 6.38292e-10 2.03408e-10 6.32155e-11 1.95927e-11 
1.35674e-11 1.59783e-11 4.71672e-11 1.59772e-10 5.32972e-10 1.72624e-09 5.41951e-09 1.64807e-08 4.85161e-08 1.38174e-07 3.80482e-07 1.01241e-06 2.60158e-06 6.45265e-06 1.54392e-05 3.56191e-05 7.91968e-05 0.000169637 0.000349921 0.000694914 0.00132836 0.0024439 0.00432752 0.00737652 0.0121075 0.0191456 0.0291873 0.0429375 0.0610241 0.083907 0.111798 0.144611 0.18195 0.223142 0.267293 0.313366 0.360258 0.406872 0.452174 0.49524 0.535288 0.571695 0.604017 0.631983 0.655503 0.674649 0.689633 0.700765 0.708389 0.71282 0.714274 0.712824 0.708381 0.700718 0.689517 0.674432 0.655163 0.631507 0.603403 0.570953 0.534437 0.494311 0.451205 0.40591 0.359354 0.31257 0.266651 0.222691 0.181713 0.144592 0.111983 0.0842619 0.0614996 0.0434769 0.0297352 0.019656 0.0125491 0.00773385 0.00459944 0.00263919 0.00146111 0.000780528 0.000402418 0.000200297 9.62806e-05 4.47148e-05 2.00732e-05 8.71466e-06 3.6609e-06 1.48891e-06 5.86601e-07 2.24007e-07 8.29629e-08 2.98171e-08 1.04055e-08 3.52806e-09 1.16289e-09 3.7289e-10 1.16589e-10 3.63791e-11 
2.48185e-11 2.96126e-11 8.71558e-11 2.93294e-10 9.71537e-10 3.12373e-09 9.73205e-09 2.93592e-08 8.57075e-08 2.41968e-07 6.60227e-07 1.74005e-06 4.42698e-06 1.08663e-05 2.57189e-05 5.86674e-05 0.000128919 0.000272795 0.000555657 0.00108921 0.00205435 0.00372789 0.00650878 0.0109361 0.0176891 0.0275583 0.0413833 0.0599562 0.083907 0.11359 0.148999 0.189732 0.235019 0.283794 0.334806 0.386734 0.438293 0.488311 0.535786 0.579905 0.620062 0.65585 0.687046 0.7136 0.735611 0.753307 0.767013 0.777111 0.783986 0.787967 0.789277 0.787989 0.784016 0.777127 0.766985 0.753205 0.735408 0.713275 0.686586 0.655248 0.619322 0.579038 0.534817 0.487276 0.437237 0.385713 0.33388 0.283022 0.234453 0.189406 0.148926 0.113755 0.084269 0.060454 0.0419482 0.0281258 0.0182085 0.0113759 0.00685622 0.00398559 0.00223455 0.00120841 0.000630441 0.000317398 0.000154257 7.2401e-05 3.28328e-05 1.43932e-05 6.1027e-06 2.50411e-06 9.94953e-07 3.83028e-07 1.42955e-07 5.17578e-08 1.81896e-08 6.20873e-09 2.0596e-09 6.64484e-10 2.09e-10 6.56492e-11 
4.41052e-11 5.32737e-11 1.56314e-10 5.2264e-10 1.71936e-09 5.4885e-09 1.69713e-08 5.07961e-08 1.47069e-07 4.11628e-07 1.11303e-06 2.90576e-06 7.31972e-06 1.77811e-05 4.16309e-05 9.38946e-05 0.000203907 0.000426204 0.000857137 0.00165815 0.00308511 0.00552043 0.00950097 0.0157309 0.025067 0.0384643 0.0568801 0.081141 0.111798 0.148999 0.192411 0.241222 0.294215 0.3499 0.406685 0.463021 0.517529 0.569071 0.616781 0.660064 0.69857 0.732161 0.760873 0.784885 0.804479 0.820022 0.831924 0.840615 0.846493 0.849885 0.851005 0.849925 0.846562 0.840695 0.831991 0.820049 0.80444 0.784754 0.760628 0.731781 0.69804 0.659378 0.615941 0.568093 0.516444 0.461878 0.405547 0.348843 0.293316 0.240554 0.192021 0.148902 0.111974 0.081534 0.057414 0.0390581 0.0256492 0.01625 0.00992846 0.00584873 0.0033217 0.00181887 0.000960419 0.000489156 0.000240388 0.000114034 5.22417e-05 2.31251e-05 9.89632e-06 4.09674e-06 1.6415e-06 6.37009e-07 2.39567e-07 8.73686e-08 3.09176e-08 1.06231e-08 3.54618e-09 1.15099e-09 3.6414e-10 1.1513e-10 
7.61317e-11 9.30194e-11 2.72077e-10 9.03985e-10 2.95396e-09 9.36348e-09 2.87408e-08 8.5362e-08 2.45155e-07 6.80364e-07 1.82339e-06 4.71602e-06 1.17641e-05 2.82855e-05 6.55163e-05 0.000146112 0.000313594 0.000647475 0.00128561 0.00245427 0.00450411 0.00794628 0.0134785 0.0219869 0.0345084 0.052143 0.0759176 0.106616 0.144611 0.189732 0.241222 0.297783 0.357718 0.419135 0.480159 0.539114 0.594642 0.645758 0.691841 0.732592 0.767971 0.798137 0.823383 0.844097 0.860717 0.873707 0.883534 0.89064 0.895411 0.898154 0.899065 0.898208 0.895511 0.890772 0.883683 0.873851 0.860833 0.844161 0.823368 0.798014 0.767712 0.732169 0.691235 0.64496 0.593658 0.537973 0.478916 0.41787 0.356531 0.296777 0.240487 0.189322 0.144536 0.10684 0.076365 0.052722 0.0351283 0.0225742 0.0139852 0.00835039 0.00480485 0.00266438 0.00142403 0.000733766 0.000364632 0.00017482 8.09047e-05 3.61601e-05 1.56172e-05 6.52167e-06 2.63488e-06 1.0306e-06 3.90502e-07 1.43432e-07 5.11021e-08 1.76719e-08 5.93555e-09 1.93784e-09 6.1658e-10 1.96194e-10 
1.2762e-10 1.57609e-10 4.59535e-10 1.5175e-09 4.92651e-09 1.55097e-08 4.72669e-08 1.39335e-07 3.97023e-07 1.09275e-06 2.90326e-06 7.44074e-06 1.83837e-05 4.37586e-05 0.000100289 0.000221193 0.000469254 0.000957159 0.00187655 0.0035354 0.00639991 0.011132 0.0186087 0.0299047 0.046224 0.0687713 0.0985721 0.136271 0.18195 0.235019 0.294215 0.357718 0.423373 0.488951 0.552405 0.612056 0.6667 0.715612 0.758501 0.795413 0.826637 0.852615 0.873868 0.890949 0.904405 0.914756 0.922482 0.928009 0.931691 0.9338 0.934504 0.93386 0.931807 0.928174 0.922686 0.914985 0.904642 0.891176 0.874059 0.852738 0.826656 0.795288 0.758191 0.715082 0.665926 0.61104 0.55118 0.487589 0.42198 0.356423 0.293145 0.234274 0.181579 0.136267 0.0988755 0.0692874 0.0468475 0.0305406 0.0191871 0.011613 0.00677035 0.00380196 0.00205678 0.00107214 0.0005387 0.000261007 0.000122005 5.50502e-05 2.39912e-05 1.01047e-05 4.11576e-06 1.62227e-06 6.19202e-07 2.29018e-07 8.21344e-08 2.85819e-08 9.6574e-09 3.17094e-09 1.01452e-09 3.24827e-10 
2.0771e-10 2.59086e-10 7.53015e-10 2.472e-09 7.97483e-09 2.49414e-08 7.54865e-08 2.20912e-07 6.24684e-07 1.70563e-06 4.49352e-06 1.14147e-05 2.79402e-05 6.58562e-05 0.000149385 0.000325921 0.000683603 0.00137783 0.00266778 0.00496101 0.00885967 0.0151955 0.0250354 0.0396374 0.0603417 0.0883963 0.124736 0.169757 0.223142 0.283794 0.3499 0.419135 0.488951 0.556899 0.620896 0.679404 0.731488 0.776774 0.815346 0.847606 0.87415 0.89566 0.912833 0.926329 0.93675 0.944629 0.950424 0.954521 0.957227 0.95877 0.959289 0.95883 0.957345 0.954694 0.950649 0.944901 0.93706 0.926664 0.913174 0.89598 0.874411 0.847763 0.815343 0.776554 0.730999 0.678614 0.619807 0.55556 0.487462 0.417635 0.348544 0.282724 0.222453 0.169482 0.124842 0.0887987 0.0609278 0.0402945 0.0256713 0.0157492 0.00930221 0.00528953 0.00289597 0.00152692 0.000775587 0.000379681 0.000179225 8.16229e-05 3.58859e-05 1.5241e-05 6.25704e-06 2.48478e-06 9.55156e-07 3.55655e-07 1.28367e-07 4.49417e-08 1.52728e-08 5.04232e-09 1.62187e-09 5.22413e-10 
3.28142e-10 4.13101e-10 1.1969e-09 3.90696e-09 1.25282e-08 3.8935e-08 1.17059e-07 3.40192e-07 9.54946e-07 2.58733e-06 6.76123e-06 1.7029e-05 4.13085e-05 9.64463e-05 0.000216597 0.000467618 0.000970012 0.00193252 0.00369647 0.00678695 0.0119606 0.0202328 0.0328619 0.0512692 0.0768834 0.110917 0.154113 0.206508 0.267293 0.334806 0.406685 0.480159 0.552405 0.620896 0.683668 0.739452 0.787678 0.828374 0.862001 0.889292 0.911096 0.928274 0.941631 0.951876 0.959616 0.965357 0.969513 0.972412 0.97431 0.975387 0.975751 0.97544 0.974417 0.972575 0.969732 0.965634 0.959949 0.95226 0.942057 0.928723 0.911536 0.889678 0.862273 0.82846 0.787504 0.738952 0.68281 0.619696 0.550938 0.478559 0.405122 0.333454 0.266293 0.205939 0.15398 0.111157 0.0773877 0.0519138 0.0335342 0.0208495 0.0124738 0.00718067 0.00397773 0.00212082 0.00108873 0.000538356 0.000256555 0.000117897 5.22771e-05 2.23819e-05 9.25888e-06 3.70345e-06 1.43336e-06 5.37172e-07 1.95073e-07 6.86937e-08 2.34738e-08 7.79071e-09 2.51872e-09 8.15978e-10 
