4.32811e-16 4.1029e-16 7.93061e-16 1.93855e-15 4.85747e-15 1.20009e-14 2.90604e-14 6.89052e-14 1.59943e-13 3.63413e-13 8.08213e-13 1.75924e-12 3.74789e-12 7.81473e-12 1.59484e-11 3.1858e-11 6.22935e-11 1.19242e-10 2.23468e-10 4.10065e-10 7.36868e-10 1.29681e-09 2.23546e-09 3.77489e-09 6.24503e-09 1.01227e-08 1.60776e-08 2.50229e-08 3.81645e-08 5.70426e-08 8.35531e-08 1.19936e-07 1.68715e-07 2.32579e-07 3.14196e-07 4.15951e-07 5.39649e-07 6.86174e-07 8.55181e-07 1.04486e-06 1.2518e-06 1.47104e-06 1.6963e-06 1.92031e-06 2.13534e-06 2.33367e-06 2.50814e-06 2.6525e-06 2.7617e-06 2.83201e-06 2.86109e-06 2.84797e-06 2.79309e-06 2.69827e-06 2.56674e-06 2.4031e-06 2.21321e-06 2.00401e-06 1.78304e-06 1.5581e-06 1.33662e-06 1.12523e-06 9.29343e-07 7.52864e-07 5.98139e-07 4.66012e-07 3.56029e-07 2.66728e-07 1.95954e-07 1.41176e-07 9.97497e-08 6.9123e-08 4.69801e-08 3.13184e-08 2.0478e-08 1.31336e-08 8.26192e-09 5.09768e-09 3.08492e-09 1.83094e-09 1.06571e-09 6.08296e-10 3.40465e-10 1.86847e-10 1.00539e-10 5.30384e-11 2.74311e-11 1.39085e-11 6.91351e-12 3.36901e-12 1.60955e-12 7.53917e-13 3.46248e-13 1.55931e-13 6.88654e-14 2.98297e-14 1.26756e-14 5.28785e-15 2.17489e-15 9.08178e-16 
4.1029e-16 3.88794e-16 7.62129e-16 1.88909e-15 4.79314e-15 1.1984e-14 2.93579e-14 7.0402e-14 1.65227e-13 3.79459e-13 8.52706e-13 1.87482e-12 4.03306e-12 8.48821e-12 1.74788e-11 3.52159e-11 6.9426e-11 1.33935e-10 2.52871e-10 4.67283e-10 8.45261e-10 1.49687e-09 2.59545e-09 4.40685e-09 7.32791e-09 1.19347e-08 1.90397e-08 2.97548e-08 4.55542e-08 6.83264e-08 1.00404e-07 1.4455e-07 2.03888e-07 2.81758e-07 3.81478e-07 5.06033e-07 6.57689e-07 8.3758e-07 1.04531e-06 1.27867e-06 1.53344e-06 1.80349e-06 2.08101e-06 2.357e-06 2.62188e-06 2.86612e-06 3.08086e-06 3.25842e-06 3.39261e-06 3.47887e-06 3.51435e-06 3.4979e-06 3.43004e-06 3.31301e-06 3.15075e-06 2.94894e-06 2.71481e-06 2.45688e-06 2.18453e-06 1.90738e-06 1.63466e-06 1.37457e-06 1.13378e-06 9.17093e-07 7.27383e-07 5.65636e-07 4.31239e-07 3.22331e-07 2.36209e-07 1.69713e-07 1.19557e-07 8.25826e-08 5.59336e-08 3.7148e-08 2.41925e-08 1.54491e-08 9.67388e-09 5.93957e-09 3.57559e-09 2.11035e-09 1.2211e-09 6.92635e-10 3.85114e-10 2.09883e-10 1.1211e-10 5.86909e-11 3.01121e-11 1.51408e-11 7.46096e-12 3.60317e-12 1.70544e-12 7.91177e-13 3.59774e-13 1.60379e-13 7.00928e-14 3.00379e-14 1.2625e-14 5.20796e-15 2.11715e-15 8.72858e-16 
7.93061e-16 7.62129e-16 1.51204e-15 3.76802e-15 9.59229e-15 2.40482e-14 5.90511e-14 1.41897e-13 3.33598e-13 7.67222e-13 1.72597e-12 3.79779e-12 8.17339e-12 1.72045e-11 3.54206e-11 7.13285e-11 1.40505e-10 2.70759e-10 5.10481e-10 9.41755e-10 1.70026e-09 3.00453e-09 5.19738e-09 8.80242e-09 1.45979e-08 2.37085e-08 3.77134e-08 5.87634e-08 8.96964e-08 1.34131e-07 1.96512e-07 2.8208e-07 3.96723e-07 5.46695e-07 7.38164e-07 9.76616e-07 1.26613e-06 1.60862e-06 2.0031e-06 2.44513e-06 2.9266e-06 3.43579e-06 3.95795e-06 4.47617e-06 4.97252e-06 5.4293e-06 5.83014e-06 6.16092e-06 6.41028e-06 6.56994e-06 6.63474e-06 6.60262e-06 6.47458e-06 6.25474e-06 5.95037e-06 5.57192e-06 5.13274e-06 4.64867e-06 4.1371e-06 3.616e-06 3.10263e-06 2.61238e-06 2.15785e-06 1.74819e-06 1.3889e-06 1.08201e-06 8.26508e-07 6.19026e-07 4.54589e-07 3.27329e-07 2.31107e-07 1.59998e-07 1.08615e-07 7.23005e-08 4.7191e-08 3.02016e-08 1.89511e-08 1.16587e-08 7.03137e-09 4.15694e-09 2.40886e-09 1.3681e-09 7.61468e-10 4.15317e-10 2.21958e-10 1.16225e-10 5.96276e-11 2.99712e-11 1.47593e-11 7.12103e-12 3.36627e-12 1.55922e-12 7.07713e-13 3.14802e-13 1.37246e-13 5.86551e-14 2.45785e-14 1.01055e-14 4.09371e-15 1.68257e-15 
1.93855e-15 1.88909e-15 3.76802e-15 9.38147e-15 2.3831e-14 5.95997e-14 1.45971e-13 3.49809e-13 8.20038e-13 1.88028e-12 4.21657e-12 9.24728e-12 1.98322e-11 4.15936e-11 8.53072e-11 1.71107e-10 3.35663e-10 6.44068e-10 1.20894e-09 2.22014e-09 3.98957e-09 7.01632e-09 1.20782e-08 2.03555e-08 3.35903e-08 5.42836e-08 8.59222e-08 1.33223e-07 2.02367e-07 3.01179e-07 4.39203e-07 6.27607e-07 8.7884e-07 1.20601e-06 1.62189e-06 2.13769e-06 2.76151e-06 3.49675e-06 4.34068e-06 5.2833e-06 6.30691e-06 7.38644e-06 8.49059e-06 9.58376e-06 1.06285e-05 1.15879e-05 1.24281e-05 1.31201e-05 1.36405e-05 1.39724e-05 1.41054e-05 1.40353e-05 1.37642e-05 1.33008e-05 1.26599e-05 1.18631e-05 1.09382e-05 9.91784e-06 8.83836e-06 7.73724e-06 6.65066e-06 5.61107e-06 4.64517e-06 3.77256e-06 3.00526e-06 2.34799e-06 1.79909e-06 1.35189e-06 9.96219e-07 7.1994e-07 5.1023e-07 3.54619e-07 2.41703e-07 1.61552e-07 1.05885e-07 6.80502e-08 4.28809e-08 2.64912e-08 1.60436e-08 9.52397e-09 5.54123e-09 3.1595e-09 1.76526e-09 9.6636e-10 5.18288e-10 2.72318e-10 1.40163e-10 7.06693e-11 3.49032e-11 1.68867e-11 8.00359e-12 3.71631e-12 1.69069e-12 7.53672e-13 3.29247e-13 1.40977e-13 5.91781e-14 2.43717e-14 9.88996e-15 4.07601e-15 
4.85747e-15 4.79314e-15 9.59229e-15 2.3831e-14 6.03471e-14 1.50425e-13 3.67165e-13 8.76801e-13 2.04802e-12 4.67851e-12 1.04515e-11 2.28304e-11 4.87637e-11 1.01841e-10 2.07968e-10 4.15275e-10 8.10909e-10 1.54863e-09 2.89277e-09 5.28612e-09 9.45116e-09 1.65362e-08 2.83184e-08 4.7475e-08 7.79304e-08 1.25277e-07 1.97255e-07 3.0426e-07 4.59813e-07 6.80902e-07 9.88095e-07 1.40526e-06 1.9588e-06 2.67621e-06 3.58402e-06 4.70507e-06 6.05537e-06 7.64076e-06 9.45395e-06 1.14724e-05 1.36575e-05 1.59553e-05 1.82994e-05 2.06145e-05 2.28221e-05 2.48452e-05 2.66136e-05 2.8067e-05 2.91576e-05 2.98508e-05 3.01251e-05 2.99723e-05 2.9397e-05 2.84166e-05 2.70624e-05 2.53789e-05 2.34236e-05 2.12647e-05 1.89779e-05 1.66417e-05 1.43323e-05 1.21183e-05 1.00565e-05 8.18899e-06 6.54228e-06 5.12737e-06 3.94182e-06 2.97249e-06 2.19864e-06 1.59511e-06 1.13508e-06 7.92223e-07 5.42304e-07 3.64075e-07 2.39698e-07 1.54749e-07 9.79586e-08 6.07939e-08 3.69854e-08 2.20545e-08 1.28887e-08 7.3809e-09 4.14141e-09 2.27655e-09 1.22592e-09 6.46641e-10 3.3409e-10 1.69063e-10 8.37942e-11 4.0679e-11 1.93435e-11 9.01024e-12 4.11161e-12 1.83827e-12 8.05346e-13 3.45781e-13 1.45536e-13 6.00934e-14 2.44523e-14 1.01159e-14 
1.20009e-14 1.1984e-14 2.40482e-14 5.95997e-14 1.50425e-13 3.73659e-13 9.08796e-13 2.1623e-12 5.03175e-12 1.14502e-11 2.54777e-11 5.54272e-11 1.17891e-10 2.45148e-10 4.98389e-10 9.90643e-10 1.92534e-09 3.65916e-09 6.80136e-09 1.23656e-08 2.19947e-08 3.82811e-08 6.52083e-08 1.08734e-07 1.77524e-07 2.83836e-07 4.44512e-07 6.81993e-07 1.02524e-06 1.51037e-06 2.18074e-06 3.08627e-06 4.28164e-06 5.82328e-06 7.76488e-06 1.01519e-05 1.30148e-05 1.63628e-05 2.01776e-05 2.44096e-05 2.89763e-05 3.37645e-05 3.86356e-05 4.34347e-05 4.80004e-05 5.21759e-05 5.58185e-05 5.88065e-05 6.10436e-05 6.24605e-05 6.30147e-05 6.26898e-05 6.14952e-05 5.94665e-05 5.66666e-05 5.31857e-05 4.91404e-05 4.46695e-05 3.99275e-05 3.50754e-05 3.02698e-05 2.56526e-05 2.13423e-05 1.74277e-05 1.39655e-05 1.0981e-05 8.47151e-06 6.41199e-06 4.76125e-06 3.46841e-06 2.47861e-06 1.73753e-06 1.19476e-06 8.0579e-07 5.32989e-07 3.4572e-07 2.19881e-07 1.37104e-07 8.38022e-08 5.02036e-08 2.94733e-08 1.69541e-08 9.55463e-09 5.27471e-09 2.85223e-09 1.51056e-09 7.83489e-10 3.97978e-10 1.97976e-10 9.64506e-11 4.60208e-11 2.15076e-11 9.84591e-12 4.41569e-12 1.94034e-12 8.3553e-13 3.52666e-13 1.46027e-13 5.95932e-14 2.47525e-14 
2.90604e-14 2.93579e-14 5.90511e-14 1.45971e-13 3.67165e-13 9.08796e-13 2.20226e-12 5.22025e-12 1.21011e-11 2.74289e-11 6.07847e-11 1.31688e-10 2.78898e-10 5.77402e-10 1.16855e-09 2.3119e-09 4.47173e-09 8.45688e-09 1.56398e-08 2.82881e-08 5.0051e-08 8.66452e-08 1.46789e-07 2.43421e-07 3.95221e-07 6.28398e-07 9.78676e-07 1.49328e-06 2.23266e-06 3.27158e-06 4.69902e-06 6.61654e-06 9.13431e-06 1.23647e-05 1.64133e-05 2.13673e-05 2.72828e-05 3.4172e-05 4.19913e-05 5.06343e-05 5.99297e-05 6.96458e-05 7.95025e-05 8.91882e-05 9.83813e-05 0.000106771 0.000114074 0.000120054 0.000124521 0.00012734 0.00012843 0.000127759 0.000125346 0.00012126 0.000115626 0.000108621 0.000100474 9.14601e-05 8.18861e-05 7.20725e-05 6.23331e-05 5.29538e-05 4.4175e-05 3.6179e-05 2.90847e-05 2.29481e-05 1.7769e-05 1.35016e-05 1.00668e-05 7.36475e-06 5.28642e-06 3.72282e-06 2.57191e-06 1.7429e-06 1.15843e-06 7.55074e-07 4.82584e-07 3.02378e-07 1.85716e-07 1.11789e-07 6.59369e-08 3.81038e-08 2.15704e-08 1.19603e-08 6.49487e-09 3.45392e-09 1.79863e-09 9.17164e-10 4.57958e-10 2.23917e-10 1.07215e-10 5.02766e-11 2.30918e-11 1.03892e-11 4.57935e-12 1.97785e-12 8.37274e-13 3.47691e-13 1.42322e-13 5.9359e-14 
6.89052e-14 7.0402e-14 1.41897e-13 3.49809e-13 8.76801e-13 2.1623e-12 5.22025e-12 1.23267e-11 2.84626e-11 6.42551e-11 1.41807e-10 3.05918e-10 6.4507e-10 1.3295e-09 2.67824e-09 5.27359e-09 1.01505e-08 1.91004e-08 3.51418e-08 6.32274e-08 1.11268e-07 1.91564e-07 3.22728e-07 5.32163e-07 8.59109e-07 1.35818e-06 2.10317e-06 3.19085e-06 4.74398e-06 6.91307e-06 9.87569e-06 1.38325e-05 1.89989e-05 2.5592e-05 3.38126e-05 4.38225e-05 5.572e-05 6.95155e-05 8.51099e-05 0.000102282 0.000120685 0.00013986 0.000159254 0.000178261 0.000196257 0.000212642 0.000226878 0.000238509 0.000247179 0.000252633 0.000254716 0.000253372 0.000248635 0.00024064 0.000229622 0.000215918 0.000199968 0.0001823 0.000163504 0.000144202 0.000125004 0.000106469 8.90725e-05 7.31781e-05 5.90281e-05 4.67433e-05 3.63345e-05 2.77218e-05 2.07585e-05 1.52549e-05 1.10009e-05 7.78424e-06 5.4041e-06 3.68042e-06 2.45853e-06 1.61061e-06 1.03459e-06 6.5152e-07 4.0215e-07 2.43259e-07 1.44175e-07 8.37097e-08 4.7606e-08 2.65147e-08 1.44612e-08 7.72281e-09 4.0381e-09 2.06727e-09 1.03618e-09 5.08517e-10 2.4436e-10 1.14987e-10 5.29908e-11 2.39191e-11 1.05766e-11 4.58225e-12 1.94564e-12 8.10367e-13 3.32749e-13 1.39373e-13 
1.59943e-13 1.65227e-13 3.33598e-13 8.20038e-13 2.04802e-12 5.03175e-12 1.21011e-11 2.84626e-11 6.54568e-11 1.47163e-10 3.23409e-10 6.94665e-10 1.45828e-09 2.99179e-09 5.99855e-09 1.17544e-08 2.25122e-08 4.2145e-08 7.71338e-08 1.38034e-07 2.41578e-07 4.13579e-07 6.92781e-07 1.13575e-06 1.82282e-06 2.86479e-06 4.41011e-06 6.65165e-06 9.83192e-06 1.42454e-05 2.02363e-05 2.81893e-05 3.8513e-05 5.16136e-05 6.78601e-05 8.75417e-05 0.000110821 0.000137692 0.000167936 0.000201108 0.000236528 0.000273308 0.000310394 0.000346637 0.000380864 0.000411957 0.000438913 0.000460891 0.000477236 0.000487484 0.000491354 0.000488741 0.000479714 0.00046452 0.000443589 0.000417549 0.000387214 0.000353565 0.000317708 0.000280809 0.000244022 0.000208411 0.000174886 0.000144155 0.000116698 9.27662e-05 7.2404e-05 5.548e-05 4.17323e-05 3.08126e-05 2.23285e-05 1.58787e-05 1.10799e-05 7.58505e-06 5.09335e-06 3.35423e-06 2.1659e-06 1.37104e-06 8.50624e-07 5.17141e-07 3.08019e-07 1.79706e-07 1.02682e-07 5.74523e-08 3.14742e-08 1.6881e-08 8.86362e-09 4.55602e-09 2.29257e-09 1.12937e-09 5.44699e-10 2.57228e-10 1.18952e-10 5.38736e-11 2.38998e-11 1.03875e-11 4.4243e-12 1.84841e-12 7.6144e-13 3.20333e-13 
3.63413e-13 3.79459e-13 7.67222e-13 1.88028e-12 4.67851e-12 1.14502e-11 2.74289e-11 6.42551e-11 1.47163e-10 3.29465e-10 7.20916e-10 1.54164e-09 3.22159e-09 6.57854e-09 1.31267e-08 2.55955e-08 4.87725e-08 9.08315e-08 1.65351e-07 2.9428e-07 5.12138e-07 8.71748e-07 1.45173e-06 2.36587e-06 3.77431e-06 5.89598e-06 9.02143e-06 1.35246e-05 1.9871e-05 2.86205e-05 4.04205e-05 5.59867e-05 7.60697e-05 0.000101405 0.000132647 0.000170291 0.000214591 0.000265478 0.000322499 0.000384778 0.000451022 0.000519564 0.000588454 0.000655579 0.000718802 0.000776095 0.000825656 0.000865979 0.000895901 0.000914598 0.000921577 0.000916657 0.000899961 0.00087193 0.000833332 0.000785289 0.000729263 0.000667025 0.000600581 0.000532055 0.000463562 0.000397067 0.000334266 0.000276495 0.000224679 0.000179329 0.000140569 0.000108202 8.17767e-05 6.06773e-05 4.41943e-05 3.15927e-05 2.21623e-05 1.52536e-05 1.02984e-05 6.81887e-06 4.42693e-06 2.81733e-06 1.75718e-06 1.07384e-06 6.42853e-07 3.7692e-07 2.16408e-07 1.21653e-07 6.69491e-08 3.60662e-08 1.90181e-08 9.81608e-09 4.95923e-09 2.45253e-09 1.18732e-09 5.62753e-10 2.61164e-10 1.18691e-10 5.28319e-11 2.30375e-11 9.84382e-12 4.12568e-12 1.70523e-12 7.20624e-13 
8.08213e-13 8.52706e-13 1.72597e-12 4.21657e-12 1.04515e-11 2.54777e-11 6.07847e-11 1.41807e-10 3.23409e-10 7.20916e-10 1.5705e-09 3.34322e-09 6.95396e-09 1.41324e-08 2.80616e-08 5.44414e-08 1.03203e-07 1.91179e-07 3.46127e-07 6.12566e-07 1.05995e-06 1.79365e-06 2.96913e-06 4.80939e-06 7.62532e-06 1.18379e-05 1.80003e-05 2.68172e-05 3.91572e-05 5.60535e-05 7.86871e-05 0.000108349 0.000146373 0.000194046 0.000252485 0.000322504 0.000404462 0.000498133 0.000602601 0.000716202 0.000836545 0.0009606 0.00108486 0.00120556 0.00131893 0.0014214 0.00150985 0.00158165 0.00163481 0.00166792 0.00168014 0.00167116 0.0016412 0.00159103 0.00152196 0.00143593 0.0013355 0.00122375 0.0011042 0.000980617 0.000856751 0.000736127 0.000621811 0.000516252 0.000421184 0.000337609 0.000265841 0.000205605 0.000156168 0.000116474 8.52859e-05 6.12998e-05 4.32403e-05 2.99276e-05 2.03192e-05 1.35296e-05 8.83274e-06 5.65229e-06 3.54454e-06 2.17768e-06 1.31047e-06 7.7227e-07 4.45593e-07 2.51692e-07 1.39159e-07 7.53052e-08 3.98832e-08 2.06727e-08 1.04871e-08 5.20697e-09 2.53056e-09 1.20392e-09 5.60762e-10 2.55756e-10 1.14238e-10 4.99828e-11 2.14283e-11 9.0104e-12 3.73706e-12 1.58664e-12 
1.75924e-12 1.87482e-12 3.79779e-12 9.24728e-12 2.28304e-11 5.54272e-11 1.31688e-10 3.05918e-10 6.94665e-10 1.54164e-09 3.34322e-09 7.08395e-09 1.46647e-08 2.96578e-08 5.85947e-08 1.13094e-07 2.13258e-07 3.92912e-07 7.07405e-07 1.2448e-06 2.14134e-06 3.6019e-06 5.92604e-06 9.53937e-06 1.50294e-05 2.31838e-05 3.50266e-05 5.18488e-05 7.52236e-05 0.000107001 0.00014927 0.000204284 0.000274337 0.0003616 0.000467907 0.000594523 0.000741898 0.000909444 0.00109537 0.00129663 0.00150891 0.00172689 0.00194445 0.00215509 0.00235235 0.00253019 0.00268331 0.00280736 0.00289898 0.00295586 0.00297661 0.00296075 0.00290864 0.00282153 0.00270165 0.00255222 0.00237754 0.00218282 0.00197407 0.00175771 0.00154021 0.0013277 0.00112556 0.000938152 0.000768625 0.000618886 0.000489652 0.000380604 0.0002906 0.000217911 0.000160449 0.000115979 8.2282e-05 5.72802e-05 3.91167e-05 2.61973e-05 1.72013e-05 1.10702e-05 6.98089e-06 4.31239e-06 2.60897e-06 1.54549e-06 8.96255e-07 5.08737e-07 2.82619e-07 1.53645e-07 8.17385e-08 4.25519e-08 2.16773e-08 1.08071e-08 5.27308e-09 2.51838e-09 1.17743e-09 5.38984e-10 2.4161e-10 1.06082e-10 4.56347e-11 1.92542e-11 8.01425e-12 3.41894e-12 
3.74789e-12 4.03306e-12 8.17339e-12 1.98322e-11 4.87637e-11 1.17891e-10 2.78898e-10 6.4507e-10 1.45828e-09 3.22159e-09 6.95396e-09 1.46647e-08 3.02104e-08 6.07926e-08 1.19494e-07 2.29427e-07 4.30294e-07 7.88405e-07 1.41141e-06 2.46916e-06 4.22217e-06 7.05866e-06 1.15409e-05 1.84598e-05 2.8896e-05 4.42827e-05 6.64633e-05 9.77345e-05 0.000140862 0.000199059 0.000275905 0.000375203 0.000500763 0.00065611 0.000844129 0.00106668 0.00132418 0.00161529 0.00193667 0.00228283 0.00264634 0.00301805 0.00338764 0.00374426 0.00407721 0.00437656 0.00463366 0.00484146 0.00499459 0.00508935 0.00512355 0.00509643 0.00500856 0.00486197 0.00466021 0.00440853 0.00411386 0.00378477 0.00343111 0.00306353 0.00269285 0.00232937 0.00198226 0.00165905 0.00136531 0.00110455 0.000878287 0.000686281 0.000526861 0.000397308 0.000294238 0.000213944 0.000152693 0.000106936 7.34669e-05 4.94972e-05 3.26931e-05 2.11631e-05 1.34222e-05 8.33804e-06 5.0721e-06 3.02063e-06 1.76079e-06 1.0045e-06 5.60755e-07 3.06297e-07 1.63697e-07 8.55983e-08 4.37952e-08 2.19257e-08 1.0742e-08 5.15072e-09 2.4175e-09 1.11083e-09 4.99794e-10 2.20235e-10 9.50772e-11 4.02561e-11 1.6818e-11 7.21023e-12 
7.81473e-12 8.48821e-12 1.72045e-11 4.15936e-11 1.01841e-10 2.45148e-10 5.77402e-10 1.3295e-09 2.99179e-09 6.57854e-09 1.41324e-08 2.96578e-08 6.07926e-08 1.2171e-07 2.37982e-07 4.54473e-07 8.47689e-07 1.54441e-06 2.74881e-06 4.78032e-06 8.12442e-06 1.34979e-05 2.19284e-05 3.48471e-05 5.41879e-05 8.24869e-05 0.000122968 0.000179599 0.000257097 0.000360868 0.000496848 0.000671242 0.000890148 0.00115906 0.00148232 0.00186243 0.00229951 0.00279075 0.00333007 0.00390802 0.00451203 0.00512699 0.00573602 0.00632158 0.0068665 0.00735501 0.00777351 0.00811096 0.00835905 0.0085121 0.00856675 0.00852186 0.00837833 0.00813927 0.0078102 0.00739926 0.00691737 0.00637803 0.00579693 0.00519115 0.00457815 0.00397476 0.0033961 0.00285478 0.00236036 0.00191909 0.00153401 0.00120527 0.000930586 0.000705902 0.000525934 0.000384763 0.000276311 0.000194717 0.000134605 9.12484e-05 6.06377e-05 3.94883e-05 2.5192e-05 1.57396e-05 9.62828e-06 5.76532e-06 3.37856e-06 1.93734e-06 1.08692e-06 5.9658e-07 3.20338e-07 1.68273e-07 8.64777e-08 4.34817e-08 2.13925e-08 1.02997e-08 4.85357e-09 2.23892e-09 1.0112e-09 4.47254e-10 1.93791e-10 8.23506e-11 3.45359e-11 1.48818e-11 
1.59484e-11 1.74788e-11 3.54206e-11 8.53072e-11 2.07968e-10 4.98389e-10 1.16855e-09 2.67824e-09 5.99855e-09 1.31267e-08 2.80616e-08 5.85947e-08 1.19494e-07 2.37982e-07 4.62842e-07 8.79045e-07 1.6304e-06 2.95333e-06 5.22542e-06 9.03221e-06 1.52555e-05 2.51843e-05 4.06482e-05 6.4167e-05 9.91078e-05 0.000149833 0.000221821 0.000321722 0.000457339 0.000637478 0.000871655 0.00116964 0.00154082 0.00199342 0.00253356 0.00316435 0.00388494 0.00468981 0.00556831 0.00650466 0.00747835 0.00846511 0.00943829 0.0103704 0.0112349 0.0120076 0.0126677 0.0131987 0.0135882 0.0138278 0.0139124 0.0138405 0.0136135 0.0132359 0.0127159 0.0120658 0.011302 0.0104452 0.00951949 0.0085513 0.00756797 0.00659606 0.00565976 0.00477955 0.00397129 0.00324579 0.00260883 0.00206157 0.00160125 0.00122211 0.000916259 0.00067459 0.000487557 0.000345794 0.000240576 0.000164122 0.000109749 7.19107e-05 4.61531e-05 2.90059e-05 1.78455e-05 1.07454e-05 6.33117e-06 3.64959e-06 2.05804e-06 1.13522e-06 6.12514e-07 3.23265e-07 1.6689e-07 8.42875e-08 4.16487e-08 2.01373e-08 9.52856e-09 4.41322e-09 2.00109e-09 8.88503e-10 3.86441e-10 1.64834e-10 6.94014e-11 3.00624e-11 
3.1858e-11 3.52159e-11 7.13285e-11 1.71107e-10 4.15275e-10 9.90643e-10 2.3119e-09 5.27359e-09 1.17544e-08 2.55955e-08 5.44414e-08 1.13094e-07 2.29427e-07 4.54473e-07 8.79045e-07 1.66015e-06 3.06145e-06 5.51294e-06 9.69541e-06 1.66551e-05 2.79525e-05 4.58459e-05 7.35063e-05 0.000115252 0.000176783 0.000265394 0.000390122 0.000561785 0.000792884 0.0010973 0.00148977 0.0019851 0.00259717 0.00333769 0.00421478 0.00523168 0.00638533 0.00766553 0.00905429 0.010526 0.0120484 0.0135837 0.0150912 0.0165293 0.0178583 0.0190424 0.0200512 0.0208607 0.021453 0.0218162 0.0219433 0.021832 0.0214843 0.0209067 0.0201109 0.0191146 0.0179419 0.016623 0.0151936 0.0136934 0.0121637 0.0106451 0.00917497 0.00778562 0.00650257 0.00534388 0.00432001 0.00343436 0.00268415 0.00206171 0.00155582 0.00115302 0.000838875 0.000598911 0.000419426 0.000288004 0.000193829 0.000127805 8.25334e-05 5.21828e-05 3.22935e-05 1.95563e-05 1.15866e-05 6.71517e-06 3.80664e-06 2.11048e-06 1.14437e-06 6.06884e-07 3.14787e-07 1.59712e-07 7.92711e-08 3.84953e-08 1.8293e-08 8.50789e-09 3.87349e-09 1.72674e-09 7.53961e-10 3.22848e-10 1.36488e-10 5.94407e-11 
6.22935e-11 6.9426e-11 1.40505e-10 3.35663e-10 8.10909e-10 1.92534e-09 4.47173e-09 1.01505e-08 2.25122e-08 4.87725e-08 1.03203e-07 2.13258e-07 4.30294e-07 8.47689e-07 1.6304e-06 3.06145e-06 5.6124e-06 1.00458e-05 1.75584e-05 2.99722e-05 4.99779e-05 8.14288e-05 0.000129675 0.000201916 0.00030754 0.000458394 0.000668948 0.000956266 0.00133974 0.00184052 0.0024806 0.00328159 0.00426308 0.00544084 0.00682481 0.00841717 0.0102106 0.012187 0.0143172 0.0165611 0.0188692 0.0211849 0.0234481 0.025598 0.0275773 0.0293349 0.030828 0.0320229 0.0328952 0.0334284 0.0336133 0.0334468 0.0329315 0.0320763 0.0308973 0.0294189 0.0276748 0.0257079 0.0235693 0.0213162 0.019009 0.0167077 0.0144682 0.0123398 0.0103623 0.00856489 0.00696572 0.00557247 0.00438345 0.00338932 0.00257494 0.00192132 0.00140743 0.0010117 0.000713314 0.00049309 0.000334042 0.000221682 0.000144063 9.16482e-05 5.7058e-05 3.47555e-05 2.0709e-05 1.20687e-05 6.87823e-06 3.83343e-06 2.08922e-06 1.11346e-06 5.80347e-07 2.9584e-07 1.47515e-07 7.19587e-08 3.43455e-08 1.60426e-08 7.33469e-09 3.28317e-09 1.43936e-09 6.18813e-10 2.62716e-10 1.15046e-10 
1.19242e-10 1.33935e-10 2.70759e-10 6.44068e-10 1.54863e-09 3.65916e-09 8.45688e-09 1.91004e-08 4.2145e-08 9.08315e-08 1.91179e-07 3.92912e-07 7.88405e-07 1.54441e-06 2.95333e-06 5.51294e-06 1.00458e-05 1.78707e-05 3.10385e-05 5.26415e-05 8.72001e-05 0.000141117 0.000223181 0.000345069 0.000521807 0.000772093 0.00111841 0.00158684 0.00220648 0.00300845 0.00402436 0.00528438 0.00681487 0.00863574 0.0107577 0.0131796 0.0158865 0.018848 0.0220181 0.025336 0.0287287 0.0321142 0.0354064 0.03852 0.041375 0.0439014 0.0460409 0.0477486 0.0489921 0.0497502 0.0500108 0.04977 0.0490312 0.0478059 0.0461152 0.0439915 0.04148 0.0386391 0.0355393 0.0322603 0.028887 0.0255051 0.0221959 0.0190318 0.0160728 0.0133647 0.0109378 0.00880731 0.00697473 0.00543004 0.00415414 0.00312149 0.00230272 0.00166689 0.00118346 0.000823707 0.000561788 0.000375291 0.000245467 0.000157144 9.84362e-05 6.03194e-05 3.61509e-05 2.11874e-05 1.2142e-05 6.80353e-06 3.72739e-06 1.9967e-06 1.04589e-06 5.35759e-07 2.68417e-07 1.31545e-07 6.30713e-08 2.95912e-08 1.3588e-08 6.10817e-09 2.68904e-09 1.16086e-09 4.94984e-10 2.17985e-10 
2.23468e-10 2.52871e-10 5.10481e-10 1.20894e-09 2.89277e-09 6.80136e-09 1.56398e-08 3.51418e-08 7.71338e-08 1.65351e-07 3.46127e-07 7.07405e-07 1.41141e-06 2.74881e-06 5.22542e-06 9.69541e-06 1.75584e-05 3.10385e-05 5.3562e-05 9.02443e-05 0.000148484 0.000238642 0.000374767 0.000575289 0.000863586 0.00126831 0.00182335 0.00256731 0.0035424 0.00479274 0.00636197 0.00829033 0.0106113 0.0133479 0.0165093 0.0200872 0.024054 0.0283606 0.0329373 0.0376951 0.0425297 0.0473262 0.0519661 0.0563333 0.0603212 0.0638369 0.0668047 0.0691669 0.0708827 0.0719258 0.0722815 0.0719451 0.0709206 0.0692223 0.0668763 0.0639236 0.0604226 0.0564496 0.0520977 0.0474739 0.0426937 0.0378752 0.033132 0.0285675 0.0242694 0.0203068 0.0167282 0.0135612 0.0108144 0.00847927 0.00653365 0.0049451 0.00367445 0.00267904 0.00191564 0.0013427 0.000922087 0.000620152 0.000408308 0.000263081 0.000165834 0.000102243 6.1643e-05 3.63383e-05 2.09428e-05 1.17998e-05 6.49956e-06 3.50006e-06 1.8428e-06 9.48715e-07 4.77643e-07 2.35205e-07 1.13301e-07 5.34014e-08 2.46313e-08 1.1121e-08 4.91686e-09 2.13165e-09 9.12986e-10 4.04394e-10 
4.10065e-10 4.67283e-10 9.41755e-10 2.22014e-09 5.28612e-09 1.23656e-08 2.82881e-08 6.32274e-08 1.38034e-07 2.9428e-07 6.12566e-07 1.2448e-06 2.46916e-06 4.78032e-06 9.03221e-06 1.66551e-05 2.99722e-05 5.26415e-05 9.02443e-05 0.000151027 0.000246788 0.000393856 0.000614091 0.000935781 0.00139428 0.00203221 0.0028991 0.00405024 0.00554477 0.00744287 0.00980218 0.0126737 0.0160969 0.0200955 0.0246725 0.029807 0.0354511 0.0415292 0.0479392 0.0545552 0.0612333 0.0678184 0.074153 0.0800855 0.0854785 0.0902143 0.0941985 0.0973605 0.0996514 0.10104 0.101511 0.101057 0.0996831 0.0974062 0.094257 0.0902848 0.0855612 0.0801816 0.0742647 0.0679482 0.0613835 0.0547273 0.0481332 0.0417437 0.0356828 0.0300513 0.0249237 0.0203472 0.0163429 0.0129081 0.0100201 0.00764036 0.00571939 0.00420083 0.00302574 0.00213605 0.00147727 0.00100042 0.000663134 0.000430093 0.000272857 0.000169284 0.000102688 6.0896e-05 3.53007e-05 2.00027e-05 1.1079e-05 5.99846e-06 3.17495e-06 1.643e-06 8.3137e-07 4.11412e-07 1.9914e-07 9.43018e-08 4.3697e-08 1.98179e-08 8.80063e-09 3.83206e-09 1.64879e-09 7.34612e-10 
7.36868e-10 8.45261e-10 1.70026e-09 3.98957e-09 9.45116e-09 2.19947e-08 5.0051e-08 1.11268e-07 2.41578e-07 5.12138e-07 1.05995e-06 2.14134e-06 4.22217e-06 8.12442e-06 1.52555e-05 2.79525e-05 4.99779e-05 8.72001e-05 0.000148484 0.000246788 0.000400443 0.000634509 0.000982097 0.00148543 0.00219647 0.00317676 0.00449644 0.0062321 0.00846358 0.0112697 0.014723 0.018884 0.0237956 0.0294766 0.0359173 0.0430752 0.0508733 0.0591995 0.0679094 0.0768311 0.085773 0.0945334 0.102911 0.110714 0.117775 0.123949 0.129125 0.13322 0.13618 0.137969 0.138571 0.137979 0.136199 0.133247 0.129158 0.123988 0.117821 0.11077 0.102979 0.0946203 0.0858835 0.0769691 0.0680775 0.0593981 0.0511003 0.0433263 0.0361864 0.0297564 0.024078 0.0191611 0.0149874 0.0115153 0.00868577 0.00642782 0.00466435 0.00331705 0.0023106 0.00157582 0.00105176 0.000686752 0.000438559 0.000273838 0.000167155 9.97337e-05 5.81607e-05 3.31486e-05 1.8465e-05 1.00532e-05 5.3501e-06 2.78335e-06 1.41572e-06 7.04143e-07 3.42524e-07 1.62987e-07 7.58808e-08 3.4573e-08 1.54223e-08 6.74533e-09 2.91585e-09 1.30692e-09 
1.29681e-09 1.49687e-09 3.00453e-09 7.01632e-09 1.65362e-08 3.82811e-08 8.66452e-08 1.91564e-07 4.13579e-07 8.71748e-07 1.79365e-06 3.6019e-06 7.05866e-06 1.34979e-05 2.51843e-05 4.58459e-05 8.14288e-05 0.000141117 0.000238642 0.000393856 0.000634509 0.000998063 0.00153333 0.00230162 0.0033771 0.00484603 0.00680459 0.00935526 0.0126018 0.0166427 0.0215646 0.027434 0.0342907 0.0421407 0.0509513 0.0606477 0.0711117 0.0821837 0.093667 0.105335 0.116942 0.128236 0.138967 0.148907 0.157855 0.165645 0.172151 0.177283 0.180981 0.183212 0.183958 0.183213 0.180983 0.177283 0.172148 0.165638 0.157845 0.148899 0.138967 0.128252 0.116983 0.105408 0.0937778 0.0823356 0.0713049 0.0608792 0.0512156 0.0424297 0.0345952 0.027744 0.0218701 0.0169349 0.0128731 0.00960018 0.00701947 0.00502934 0.00352914 0.00242423 0.00162944 0.0010713 0.000688749 0.000432893 0.000265945 0.000159676 9.36886e-05 5.37182e-05 3.00987e-05 1.6481e-05 8.81994e-06 4.61359e-06 2.35919e-06 1.17951e-06 5.76683e-07 2.75769e-07 1.29009e-07 5.90568e-08 2.64654e-08 1.1628e-08 5.05043e-09 2.27739e-09 
2.23546e-09 2.59545e-09 5.19738e-09 1.20782e-08 2.83184e-08 6.52083e-08 1.46789e-07 3.22728e-07 6.92781e-07 1.45173e-06 2.96913e-06 5.92604e-06 1.15409e-05 2.19284e-05 4.06482e-05 7.35063e-05 0.000129675 0.000223181 0.000374767 0.000614091 0.000982097 0.00153333 0.00233783 0.00348218 0.00506926 0.00721627 0.0100509 0.0137054 0.018309 0.0239792 0.0308122 0.0388736 0.0481902 0.0587431 0.0704633 0.0832298 0.0968705 0.111166 0.125859 0.140662 0.15527 0.169378 0.182696 0.194957 0.205934 0.215447 0.22336 0.22958 0.234051 0.236741 0.237636 0.236732 0.234031 0.229546 0.223311 0.215382 0.205854 0.194867 0.182606 0.169299 0.155212 0.140637 0.125879 0.111237 0.0969949 0.0834082 0.0706917 0.0590141 0.0484939 0.0391985 0.0311461 0.0243102 0.0186262 0.0139998 0.0103159 0.0074477 0.00526539 0.00364351 0.00246665 0.00163318 0.00105723 0.000668975 0.000413692 0.000249986 0.000147602 8.51519e-05 4.79983e-05 2.64368e-05 1.42291e-05 7.48474e-06 3.8483e-06 1.93428e-06 9.50613e-07 4.56884e-07 2.14792e-07 9.87976e-08 4.44819e-08 1.96341e-08 8.56898e-09 3.88763e-09 
3.77489e-09 4.40685e-09 8.80242e-09 2.03555e-08 4.7475e-08 1.08734e-07 2.43421e-07 5.32163e-07 1.13575e-06 2.36587e-06 4.80939e-06 9.53937e-06 1.84598e-05 3.48471e-05 6.4167e-05 0.000115252 0.000201916 0.000345069 0.000575289 0.000935781 0.00148543 0.00230162 0.00348218 0.00514603 0.00743176 0.0104938 0.014496 0.0196026 0.0259677 0.0337232 0.0429668 0.0537517 0.0660775 0.0798844 0.0950508 0.111394 0.128674 0.146602 0.164852 0.183071 0.2009 0.217985 0.233997 0.248644 0.261682 0.272925 0.282236 0.28953 0.294758 0.297897 0.298937 0.297876 0.294715 0.289461 0.282138 0.272795 0.261524 0.248462 0.233802 0.21779 0.20072 0.182922 0.164748 0.146556 0.128692 0.111481 0.0952064 0.0801026 0.0663493 0.0540651 0.043308 0.0340774 0.0263208 0.0199417 0.0148104 0.0107758 0.0076766 0.00535189 0.00364988 0.00243402 0.00158677 0.00101098 0.000629408 0.000382851 0.000227511 0.000132079 7.49093e-05 4.15072e-05 2.24716e-05 1.18882e-05 6.14646e-06 3.10621e-06 1.53465e-06 7.41382e-07 3.50286e-07 1.61905e-07 7.32405e-08 3.24791e-08 1.42441e-08 6.50208e-09 
6.24503e-09 7.32791e-09 1.45979e-08 3.35903e-08 7.79304e-08 1.77524e-07 3.95221e-07 8.59109e-07 1.82282e-06 3.77431e-06 7.62532e-06 1.50294e-05 2.8896e-05 5.41879e-05 9.91078e-05 0.000176783 0.00030754 0.000521807 0.000863586 0.00139428 0.00219647 0.0033771 0.00506926 0.00743176 0.0106459 0.0149088 0.0204236 0.0273861 0.0359708 0.0463151 0.0585056 0.0725664 0.0884514 0.10604 0.125141 0.145491 0.166773 0.188619 0.210632 0.232398 0.253507 0.273566 0.292222 0.30917 0.324165 0.337026 0.347629 0.355904 0.361818 0.365361 0.366531 0.36533 0.361754 0.355802 0.347484 0.336835 0.32393 0.308895 0.291918 0.273248 0.253193 0.232107 0.210383 0.188428 0.166653 0.145451 0.125185 0.106167 0.0886539 0.0728343 0.0588248 0.0466692 0.0363425 0.0277586 0.0207816 0.0152401 0.0109415 0.00768641 0.00528131 0.00354789 0.00232958 0.00149472 0.000936998 0.000573798 0.000343233 0.000200546 0.000114456 6.38099e-05 3.4753e-05 1.84927e-05 9.61544e-06 4.88616e-06 2.42701e-06 1.17859e-06 5.59677e-07 2.59959e-07 1.18159e-07 5.26449e-08 2.32013e-08 1.0656e-08 
1.01227e-08 1.19347e-08 2.37085e-08 5.42836e-08 1.25277e-07 2.83836e-07 6.28398e-07 1.35818e-06 2.86479e-06 5.89598e-06 1.18379e-05 2.31838e-05 4.42827e-05 8.24869e-05 0.000149833 0.000265394 0.000458394 0.000772093 0.00126831 0.00203221 0.00317676 0.00484603 0.00721627 0.0104938 0.0149088 0.0207051 0.0281249 0.037392 0.0486919 0.0621539 0.0778349 0.0957092 0.115662 0.137492 0.160915 0.185579 0.211073 0.236952 0.262749 0.287998 0.312249 0.335091 0.356162 0.375164 0.391866 0.406109 0.417795 0.42688 0.433352 0.43722 0.438496 0.437182 0.433273 0.426753 0.417616 0.405871 0.391568 0.37481 0.355762 0.33466 0.311805 0.287562 0.262344 0.236599 0.21079 0.18538 0.160812 0.137488 0.115755 0.0958925 0.0780964 0.062477 0.0490575 0.0377796 0.0285146 0.0210793 0.0152535 0.010799 0.00747672 0.00506039 0.00334712 0.00216306 0.00136551 0.000841974 0.00050704 0.000298204 0.000171283 9.60878e-05 5.26511e-05 2.81824e-05 1.4738e-05 7.5311e-06 3.76107e-06 1.83604e-06 8.76321e-07 4.09043e-07 1.86813e-07 8.36257e-08 3.70358e-08 1.71142e-08 
1.60776e-08 1.90397e-08 3.77134e-08 8.59222e-08 1.97255e-07 4.44512e-07 9.78676e-07 2.10317e-06 4.41011e-06 9.02143e-06 1.80003e-05 3.50266e-05 6.64633e-05 0.000122968 0.000221821 0.000390122 0.000668948 0.00111841 0.00182335 0.0028991 0.00449644 0.00680459 0.0100509 0.014496 0.0204236 0.0281249 0.0378785 0.0499265 0.0644514 0.0815548 0.101241 0.12341 0.147853 0.174265 0.202254 0.231362 0.261089 0.290908 0.320297 0.34875 0.375802 0.401041 0.42412 0.444769 0.462793 0.478068 0.490536 0.500187 0.507042 0.511129 0.512476 0.511089 0.506957 0.500051 0.490339 0.477803 0.462457 0.444364 0.423651 0.400521 0.375249 0.348186 0.319745 0.290393 0.260633 0.230987 0.201976 0.174096 0.147798 0.123468 0.101406 0.0818106 0.0647794 0.050304 0.0382815 0.0285303 0.0208113 0.0148503 0.0103616 0.00706641 0.00470894 0.00306543 0.00194905 0.0012102 0.000733776 0.000434434 0.000251155 0.000141787 7.81703e-05 4.20923e-05 2.214e-05 1.13771e-05 5.71276e-06 2.80351e-06 1.34492e-06 6.3087e-07 2.89503e-07 1.30203e-07 5.79455e-08 2.69394e-08 
2.50229e-08 2.97548e-08 5.87634e-08 1.33223e-07 3.0426e-07 6.81993e-07 1.49328e-06 3.19085e-06 6.65165e-06 1.35246e-05 2.68172e-05 5.18488e-05 9.77345e-05 0.000179599 0.000321722 0.000561785 0.000956266 0.00158684 0.00256731 0.00405024 0.0062321 0.00935526 0.0137054 0.0196026 0.0273861 0.037392 0.0499265 0.0652362 0.0834807 0.10471 0.128848 0.155692 0.184916 0.21609 0.248702 0.282183 0.315943 0.34939 0.381959 0.41313 0.442445 0.469519 0.494047 0.515806 0.534655 0.550525 0.563407 0.573334 0.58036 0.584541 0.585918 0.584503 0.58028 0.573203 0.563216 0.550263 0.534315 0.515385 0.493548 0.468951 0.441823 0.412472 0.381288 0.348732 0.315324 0.281629 0.248236 0.215733 0.184682 0.155589 0.128875 0.104859 0.0837354 0.0655731 0.0503185 0.0378111 0.0278058 0.0200007 0.0140652 0.00966654 0.00649055 0.00425665 0.00272613 0.00170473 0.00104079 0.000620363 0.000361002 0.000205102 0.000113778 6.16342e-05 3.26076e-05 1.68506e-05 8.50725e-06 4.19688e-06 2.02359e-06 9.53884e-07 4.39812e-07 1.98726e-07 8.88695e-08 4.15643e-08 
3.81645e-08 4.55542e-08 8.96964e-08 2.02367e-07 4.59813e-07 1.02524e-06 2.23266e-06 4.74398e-06 9.83192e-06 1.9871e-05 3.91572e-05 7.52236e-05 0.000140862 0.000257097 0.000457339 0.000792884 0.00133974 0.00220648 0.0035424 0.00554477 0.00846358 0.0126018 0.018309 0.0259677 0.0359708 0.0486919 0.0644514 0.0834807 0.105892 0.131653 0.160581 0.192343 0.226472 0.262398 0.29948 0.337044 0.374419 0.410967 0.446105 0.479328 0.510212 0.538427 0.563733 0.58598 0.605094 0.621074 0.633968 0.643855 0.650828 0.654969 0.656334 0.65494 0.650765 0.643748 0.633805 0.620844 0.604785 0.585585 0.563251 0.537861 0.50957 0.478625 0.445361 0.410204 0.373665 0.336327 0.29883 0.261844 0.226039 0.19205 0.160438 0.131659 0.106036 0.0837431 0.0648037 0.0491023 0.0364067 0.0263998 0.0187135 0.012962 0.00877017 0.00579494 0.00373859 0.00235463 0.00144762 0.000868721 0.000508865 0.000290963 0.000162411 8.8508e-05 4.70973e-05 2.44751e-05 1.24236e-05 6.16096e-06 2.98558e-06 1.41419e-06 6.55108e-07 2.97367e-07 1.33617e-07 6.28616e-08 
5.70426e-08 6.83264e-08 1.34131e-07 3.01179e-07 6.80902e-07 1.51037e-06 3.27158e-06 6.91307e-06 1.42454e-05 2.86205e-05 5.60535e-05 0.000107001 0.000199059 0.000360868 0.000637478 0.0010973 0.00184052 0.00300845 0.00479274 0.00744287 0.0112697 0.0166427 0.0239792 0.0337232 0.0463151 0.0621539 0.0815548 0.10471 0.131653 0.162243 0.196158 0.232911 0.271877 0.312338 0.353526 0.394673 0.435048 0.473991 0.510933 0.545412 0.577071 0.605659 0.631026 0.653108 0.671916 0.687519 0.700026 0.709568 0.716271 0.720243 0.721554 0.720227 0.716234 0.709499 0.699913 0.687347 0.671672 0.652781 0.630608 0.605147 0.576465 0.544722 0.510171 0.473175 0.434203 0.393828 0.352716 0.311598 0.271243 0.232413 0.195819 0.162074 0.131653 0.104863 0.0818361 0.0625291 0.046747 0.0341755 0.0244204 0.0170486 0.0116245 0.00773915 0.00502982 0.0031907 0.00197538 0.00119351 0.00070373 0.000404958 0.00022744 0.000124687 6.6732e-05 3.48716e-05 1.77957e-05 8.87061e-06 4.32002e-06 2.05606e-06 9.56845e-07 4.36291e-07 1.96959e-07 9.31967e-08 
8.35531e-08 1.00404e-07 1.96512e-07 4.39203e-07 9.88095e-07 2.18074e-06 4.69902e-06 9.87569e-06 2.02363e-05 4.04205e-05 7.86871e-05 0.00014927 0.000275905 0.000496848 0.000871655 0.00148977 0.0024806 0.00402436 0.00636197 0.00980218 0.014723 0.0215646 0.0308122 0.0429668 0.0585056 0.0778349 0.101241 0.128848 0.160581 0.196158 0.235094 0.276726 0.320264 0.364842 0.409579 0.45363 0.496234 0.53674 0.574626 0.609504 0.641112 0.669302 0.694028 0.715325 0.733293 0.748075 0.759842 0.768768 0.775013 0.778705 0.779927 0.778705 0.775007 0.768747 0.759792 0.747981 0.733139 0.715097 0.693713 0.66889 0.640597 0.608885 0.573907 0.535931 0.495354 0.452707 0.408647 0.363942 0.319441 0.276022 0.234546 0.195792 0.160407 0.128861 0.10142 0.0781467 0.0589101 0.0434217 0.0312783 0.0220096 0.0151238 0.0101452 0.00664238 0.00424398 0.00264585 0.00160944 0.000955206 0.000553156 0.000312577 0.000172374 9.27787e-05 4.87482e-05 2.50083e-05 1.2529e-05 6.13138e-06 2.93181e-06 1.37055e-06 6.27684e-07 2.84657e-07 1.35451e-07 
1.19936e-07 1.4455e-07 2.8208e-07 6.27607e-07 1.40526e-06 3.08627e-06 6.61654e-06 1.38325e-05 2.81893e-05 5.59867e-05 0.000108349 0.000204284 0.000375203 0.000671242 0.00116964 0.0019851 0.00328159 0.00528438 0.00829033 0.0126737 0.018884 0.027434 0.0388736 0.0537517 0.0725664 0.0957092 0.12341 0.155692 0.192343 0.232911 0.276726 0.322943 0.370603 0.418705 0.466274 0.512422 0.556387 0.597564 0.635512 0.669942 0.700712 0.727792 0.751251 0.771228 0.787909 0.801509 0.812253 0.820352 0.825993 0.829321 0.830425 0.829337 0.82602 0.820381 0.812271 0.801503 0.78786 0.77112 0.751067 0.727517 0.70033 0.669445 0.634891 0.596823 0.555533 0.511478 0.465272 0.417687 0.36962 0.322049 0.275972 0.232338 0.191976 0.155538 0.123458 0.0959294 0.0729185 0.0541889 0.0393498 0.0279087 0.019326 0.0130622 0.00861513 0.00554378 0.00348016 0.00213114 0.00127304 0.000741827 0.000421718 0.00023391 0.000126603 6.68769e-05 3.44852e-05 1.73623e-05 8.53694e-06 4.10065e-06 1.92536e-06 8.85549e-07 4.03383e-07 1.92989e-07 
1.68715e-07 2.03888e-07 3.96723e-07 8.7884e-07 1.9588e-06 4.28164e-06 9.13431e-06 1.89989e-05 3.8513e-05 7.60697e-05 0.000146373 0.000274337 0.000500763 0.000890148 0.00154082 0.00259717 0.00426308 0.00681487 0.0106113 0.0160969 0.0237956 0.0342907 0.0481902 0.0660775 0.0884514 0.115662 0.147853 0.184916 0.226472 0.271877 0.320264 0.370603 0.421778 0.472675 0.522257 0.569624 0.614054 0.655021 0.692191 0.725405 0.754648 0.780023 0.801713 0.819957 0.835021 0.847183 0.85671 0.863844 0.868789 0.871698 0.872668 0.871729 0.868846 0.863921 0.856795 0.847262 0.835079 0.819975 0.801673 0.779904 0.754429 0.725066 0.691717 0.6544 0.613286 0.56872 0.521243 0.471592 0.420679 0.36955 0.319321 0.2711 0.225903 0.184578 0.147746 0.115765 0.0887258 0.0664751 0.0486592 0.0347829 0.0242712 0.0165274 0.01098 0.00711539 0.00449725 0.00277215 0.00166648 0.000977043 0.000558709 0.000311649 0.000169595 9.00547e-05 4.66691e-05 2.36091e-05 1.16618e-05 5.62634e-06 2.6529e-06 1.22521e-06 5.60499e-07 2.69564e-07 
2.32579e-07 2.81758e-07 5.46695e-07 1.20601e-06 2.67621e-06 5.82328e-06 1.23647e-05 2.5592e-05 5.16136e-05 0.000101405 0.000194046 0.0003616 0.00065611 0.00115906 0.00199342 0.00333769 0.00544084 0.00863574 0.0133479 0.0200955 0.0294766 0.0421407 0.0587431 0.0798844 0.10604 0.137492 0.174265 0.21609 0.262398 0.312338 0.364842 0.418705 0.472675 0.525557 0.576285 0.623989 0.668023 0.70797 0.743629 0.774984 0.80216 0.825385 0.844954 0.861195 0.874445 0.885027 0.89324 0.899345 0.903554 0.906024 0.906851 0.906066 0.903636 0.899461 0.893381 0.885182 0.874599 0.861333 0.845054 0.825425 0.802114 0.774825 0.743331 0.70751 0.667389 0.623181 0.575318 0.524465 0.471512 0.417535 0.36374 0.311374 0.26163 0.21556 0.173986 0.137455 0.106214 0.0802202 0.0591861 0.042636 0.0299762 0.0205625 0.0137582 0.00897745 0.00571205 0.00354364 0.00214347 0.00126419 0.000727046 0.000407773 0.000223073 0.000119048 6.19922e-05 3.15057e-05 1.56312e-05 7.57333e-06 3.58547e-06 1.66248e-06 7.63667e-07 3.6912e-07 
3.14196e-07 3.81478e-07 7.38164e-07 1.62189e-06 3.58402e-06 7.76488e-06 1.64133e-05 3.38126e-05 6.78601e-05 0.000132647 0.000252485 0.000467907 0.000844129 0.00148232 0.00253356 0.00421478 0.00682481 0.0107577 0.0165093 0.0246725 0.0359173 0.0509513 0.0704633 0.0950508 0.125141 0.160915 0.202254 0.248702 0.29948 0.353526 0.409579 0.466274 0.522257 0.576285 0.627308 0.674521 0.717388 0.755629 0.789192 0.818207 0.84294 0.863738 0.880994 0.89511 0.906474 0.915444 0.922336 0.927417 0.930899 0.932936 0.933622 0.932986 0.930998 0.92756 0.922518 0.915657 0.906706 0.895347 0.881218 0.863925 0.843061 0.818231 0.789083 0.755356 0.716925 0.673854 0.62644 0.575242 0.521084 0.465038 0.408358 0.352403 0.298528 0.24798 0.201794 0.160723 0.125193 0.0953036 0.0708611 0.0514341 0.0364294 0.0251687 0.0169574 0.0111393 0.00713353 0.00445312 0.00270975 0.00160737 0.000929512 0.000524084 0.000288151 0.000154523 8.08375e-05 4.12651e-05 2.05598e-05 1.00016e-05 4.75349e-06 2.21241e-06 1.02027e-06 4.95512e-07 
4.15951e-07 5.06033e-07 9.76616e-07 2.13769e-06 4.70507e-06 1.01519e-05 2.13673e-05 4.38225e-05 8.75417e-05 0.000170291 0.000322504 0.000594523 0.00106668 0.00186243 0.00316435 0.00523168 0.00841717 0.0131796 0.0200872 0.029807 0.0430752 0.0606477 0.0832298 0.111394 0.145491 0.185579 0.231362 0.282183 0.337044 0.394673 0.45363 0.512422 0.569624 0.623989 0.674521 0.720519 0.761582 0.797585 0.828633 0.855003 0.87709 0.895346 0.910243 0.922241 0.931761 0.939179 0.944815 0.948933 0.951736 0.95337 0.953924 0.953424 0.951843 0.949091 0.945022 0.939429 0.932047 0.922552 0.910565 0.895655 0.877358 0.855196 0.82871 0.797506 0.76131 0.720027 0.673797 0.623044 0.568495 0.51117 0.452336 0.393426 0.335932 0.281282 0.230722 0.18522 0.145406 0.111545 0.0835639 0.0611017 0.0435872 0.0303233 0.0205677 0.0135986 0.00876284 0.00550304 0.00336791 0.0020088 0.00116779 0.000661756 0.000365603 0.000196962 0.000103493 5.30526e-05 2.65391e-05 1.29599e-05 6.18225e-06 2.88775e-06 1.33667e-06 6.5212e-07 
