7.62865e-21 5.80221e-21 1.38045e-20 4.4936e-20 1.4797e-19 4.76768e-19 1.49839e-18 4.59093e-18 1.37092e-17 3.9889e-17 1.13066e-16 3.12156e-16 8.39274e-16 2.19723e-15 5.60084e-15 1.39e-14 3.35857e-14 7.90101e-14 1.80977e-13 4.03652e-13 8.76747e-13 1.85468e-12 3.82151e-12 7.67024e-12 1.49977e-11 2.85696e-11 5.30219e-11 9.5869e-11 1.68872e-10 2.89778e-10 4.84354e-10 7.88501e-10 1.25003e-09 1.92952e-09 2.89938e-09 4.24035e-09 6.03468e-09 8.35569e-09 1.12545e-08 1.47458e-08 1.87948e-08 2.33101e-08 2.81443e-08 3.31041e-08 3.79696e-08 4.25176e-08 4.65447e-08 4.98841e-08 5.24135e-08 5.40529e-08 5.47571e-08 5.45081e-08 5.33106e-08 5.11945e-08 4.82225e-08 4.44987e-08 4.01725e-08 3.54345e-08 3.05026e-08 2.56007e-08 2.09347e-08 1.66719e-08 1.2927e-08 9.75826e-09 7.17203e-09 5.13303e-09 3.57816e-09 2.43e-09 1.60813e-09 1.03731e-09 6.52332e-10 4.00027e-10 2.3925e-10 1.39581e-10 7.94458e-11 4.41201e-11 2.39089e-11 1.26435e-11 6.52492e-12 3.28619e-12 1.61518e-12 7.74734e-13 3.62646e-13 1.65656e-13 7.38452e-14 3.21243e-14 1.36381e-14 5.65081e-15 2.28525e-15 9.02139e-16 3.47686e-16 1.30841e-16 4.80869e-17 1.72633e-17 6.05533e-18 2.07574e-18 6.9558e-19 2.27935e-19 7.31247e-20 2.32442e-20 
5.80221e-21 4.39111e-21 1.06994e-20 3.56261e-20 1.19795e-19 3.94026e-19 1.26397e-18 3.95228e-18 1.20427e-17 3.5747e-17 1.03345e-16 2.90922e-16 7.97289e-16 2.12685e-15 5.52189e-15 1.39518e-14 3.43037e-14 8.20761e-14 1.91102e-13 4.33017e-13 9.54919e-13 2.04967e-12 4.28249e-12 8.71037e-12 1.72478e-11 3.32513e-11 6.24129e-11 1.14059e-10 2.02938e-10 3.51523e-10 5.92746e-10 9.72888e-10 1.55412e-09 2.41583e-09 3.65375e-09 5.37549e-09 7.6917e-09 1.07022e-08 1.44783e-08 1.90428e-08 2.43526e-08 3.0288e-08 3.66533e-08 4.31906e-08 4.96053e-08 5.55993e-08 6.09018e-08 6.52928e-08 6.86127e-08 7.0759e-08 7.16754e-08 7.13393e-08 6.97565e-08 6.69645e-08 6.30435e-08 5.81292e-08 5.24189e-08 4.61664e-08 3.9663e-08 3.3208e-08 2.70761e-08 2.14889e-08 1.65966e-08 1.2473e-08 9.12234e-09 6.49365e-09 4.5e-09 3.03655e-09 1.9957e-09 1.27779e-09 7.97196e-10 4.84726e-10 2.87294e-10 1.66006e-10 9.35275e-11 5.13833e-11 2.75301e-11 1.43853e-11 7.33124e-12 3.64409e-12 1.76668e-12 8.35383e-13 3.85276e-13 1.73308e-13 7.6039e-14 3.25417e-14 1.35849e-14 5.53252e-15 2.19831e-15 8.52341e-16 3.22532e-16 1.19138e-16 4.2968e-17 1.51341e-17 5.2072e-18 1.75067e-18 5.75291e-19 1.84848e-19 5.81383e-20 1.81063e-20 
1.38045e-20 1.06994e-20 2.67072e-20 8.98096e-20 3.04148e-19 1.00686e-18 3.24928e-18 1.02167e-17 3.12896e-17 9.33102e-17 2.70885e-16 7.65362e-16 2.10419e-15 5.62814e-15 1.46438e-14 3.70604e-14 9.12253e-14 2.18406e-13 5.08597e-13 1.15204e-12 2.53857e-12 5.44232e-12 1.13529e-11 2.30464e-11 4.55331e-11 8.75622e-11 1.63908e-10 2.98676e-10 5.29809e-10 9.14858e-10 1.53775e-09 2.51588e-09 4.00612e-09 6.20781e-09 9.35993e-09 1.37296e-08 1.95894e-08 2.71828e-08 3.66799e-08 4.81285e-08 6.14121e-08 7.6224e-08 9.20706e-08 1.08307e-07 1.24202e-07 1.3902e-07 1.52097e-07 1.62899e-07 1.71042e-07 1.76283e-07 1.78489e-07 1.7761e-07 1.73659e-07 1.66726e-07 1.57004e-07 1.44823e-07 1.30664e-07 1.15153e-07 9.90083e-08 8.29703e-08 6.77206e-08 5.38105e-08 4.16157e-08 3.13229e-08 2.29462e-08 1.63632e-08 1.13611e-08 7.68166e-09 5.05908e-09 3.24606e-09 2.0295e-09 1.23663e-09 7.34461e-10 4.25233e-10 2.40024e-10 1.32093e-10 7.08799e-11 3.70843e-11 1.89183e-11 9.41005e-12 4.56358e-12 2.15779e-12 9.94696e-13 4.47036e-13 1.95868e-13 8.36691e-14 3.48472e-14 1.41517e-14 5.60447e-15 2.16475e-15 8.15654e-16 2.99857e-16 1.0758e-16 3.76762e-17 1.28836e-17 4.30299e-18 1.40409e-18 4.4779e-19 1.39732e-19 4.31693e-20 
4.4936e-20 3.56261e-20 8.98096e-20 3.01704e-19 1.01935e-18 3.36583e-18 1.08324e-17 3.39622e-17 1.03696e-16 3.08242e-16 8.91799e-16 2.51062e-15 6.87609e-15 1.83177e-14 4.74579e-14 1.19568e-13 2.92932e-13 6.97851e-13 1.61666e-12 3.6422e-12 7.98085e-12 1.7011e-11 3.52751e-11 7.11756e-11 1.39759e-10 2.67099e-10 4.96881e-10 8.99822e-10 1.58638e-09 2.72276e-09 4.54951e-09 7.40041e-09 1.1718e-08 1.80603e-08 2.70905e-08 3.95431e-08 5.61599e-08 7.75931e-08 1.04284e-07 1.36332e-07 1.73379e-07 2.14552e-07 2.58465e-07 3.03333e-07 3.47146e-07 3.87893e-07 4.23774e-07 4.53345e-07 4.7558e-07 4.89833e-07 4.95758e-07 4.93222e-07 4.82265e-07 4.63125e-07 4.36323e-07 4.02749e-07 3.63714e-07 3.20919e-07 2.76329e-07 2.31973e-07 1.89726e-07 1.51111e-07 1.17179e-07 8.8461e-08 6.50175e-08 4.65311e-08 3.24316e-08 2.20186e-08 1.45643e-08 9.38743e-09 5.89696e-09 3.61072e-09 2.15521e-09 1.25417e-09 7.1157e-10 3.9363e-10 2.12312e-10 1.11652e-10 5.72469e-11 2.86159e-11 1.39447e-11 6.62413e-12 3.06723e-12 1.38436e-12 6.09013e-13 2.6115e-13 1.09159e-13 4.44803e-14 1.76712e-14 6.84577e-15 2.58649e-15 9.53293e-16 3.42823e-16 1.20325e-16 4.1229e-17 1.37956e-17 4.50929e-18 1.44036e-18 4.50132e-19 1.39326e-19 
1.4797e-19 1.19795e-19 3.04148e-19 1.01935e-18 3.43239e-18 1.12934e-17 3.62134e-17 1.1311e-16 3.44014e-16 1.01848e-15 2.93436e-15 8.22514e-15 2.24256e-14 5.94611e-14 1.53302e-13 3.84276e-13 9.36471e-13 2.2187e-12 5.11061e-12 1.14459e-11 2.4928e-11 5.28015e-11 1.08793e-10 2.18087e-10 4.25413e-10 8.07633e-10 1.49246e-09 2.6849e-09 4.7025e-09 8.01913e-09 1.33148e-08 2.15255e-08 3.38815e-08 5.19207e-08 7.74549e-08 1.12471e-07 1.58951e-07 2.18609e-07 2.92563e-07 3.80985e-07 4.82809e-07 5.95571e-07 7.15458e-07 8.376e-07 9.56559e-07 1.06693e-06 1.16391e-06 1.24366e-06 1.30347e-06 1.34167e-06 1.35736e-06 1.35019e-06 1.32028e-06 1.26826e-06 1.19549e-06 1.10436e-06 9.98365e-07 8.82064e-07 7.60739e-07 6.39867e-07 5.24523e-07 4.1886e-07 3.25762e-07 2.46734e-07 1.82002e-07 1.30765e-07 9.15267e-08 6.2419e-08 4.14831e-08 2.68706e-08 1.69665e-08 1.04439e-08 6.26787e-09 3.66769e-09 2.09262e-09 1.16417e-09 6.31474e-10 3.33955e-10 1.72181e-10 8.65384e-11 4.23958e-11 2.02438e-11 9.42076e-12 4.27251e-12 1.88832e-12 8.13333e-13 3.41415e-13 1.39686e-13 5.57103e-14 2.16619e-14 8.21335e-15 3.0374e-15 1.09585e-15 3.85818e-16 1.32594e-16 4.44948e-17 1.4584e-17 4.67095e-18 1.4636e-18 4.5443e-19 
4.76768e-19 3.94026e-19 1.00686e-18 3.36583e-18 1.12934e-17 3.70207e-17 1.1826e-16 3.67936e-16 1.11453e-15 3.28596e-15 9.42647e-15 2.63049e-14 7.13874e-14 1.88372e-13 4.8323e-13 1.20499e-12 2.92063e-12 6.88066e-12 1.57565e-11 3.50755e-11 7.59135e-11 1.59764e-10 3.27012e-10 6.5113e-10 1.26148e-09 2.37844e-09 4.36497e-09 7.79859e-09 1.3566e-08 2.29788e-08 3.79029e-08 6.08833e-08 9.52367e-08 1.4507e-07 2.15176e-07 3.10755e-07 4.36927e-07 5.98037e-07 7.96795e-07 1.03339e-06 1.30474e-06 1.60414e-06 1.9214e-06 2.24365e-06 2.55666e-06 2.84636e-06 3.10033e-06 3.30872e-06 3.46464e-06 3.56383e-06 3.60407e-06 3.5845e-06 3.50542e-06 3.36843e-06 3.17705e-06 2.93738e-06 2.65848e-06 2.35217e-06 2.03221e-06 1.7129e-06 1.40757e-06 1.12717e-06 8.79416e-07 6.68418e-07 4.94957e-07 3.57106e-07 2.51071e-07 1.7204e-07 1.14911e-07 7.48235e-08 4.75016e-08 2.94039e-08 1.7748e-08 1.0446e-08 5.99521e-09 3.35503e-09 1.83062e-09 9.73809e-10 5.04983e-10 2.55245e-10 1.25738e-10 6.03617e-11 2.82358e-11 1.28695e-11 5.71515e-12 2.47291e-12 1.04261e-12 4.28363e-13 1.71527e-13 6.69506e-14 2.54782e-14 9.4553e-15 3.42285e-15 1.209e-15 4.16798e-16 1.40289e-16 4.6117e-17 1.48123e-17 4.65438e-18 1.44992e-18 
1.49839e-18 1.26397e-18 3.24928e-18 1.08324e-17 3.62134e-17 1.1826e-16 3.76301e-16 1.16607e-15 3.51764e-15 1.03268e-14 2.94944e-14 8.19302e-14 2.21295e-13 5.81072e-13 1.48301e-12 3.67842e-12 8.86645e-12 2.07683e-11 4.72749e-11 1.04587e-10 2.24908e-10 4.70207e-10 9.55925e-10 1.89022e-09 3.63632e-09 6.80731e-09 1.24037e-08 2.20028e-08 3.80038e-08 6.3923e-08 1.04716e-07 1.67079e-07 2.59656e-07 3.93048e-07 5.79497e-07 8.32135e-07 1.16371e-06 1.5848e-06 2.10167e-06 2.71407e-06 3.41345e-06 4.18213e-06 4.99382e-06 5.81571e-06 6.61176e-06 7.34666e-06 7.98938e-06 8.51558e-06 8.90829e-06 9.15719e-06 9.25688e-06 9.2054e-06 9.00343e-06 8.65492e-06 8.16855e-06 7.55943e-06 6.85018e-06 6.07041e-06 5.25468e-06 4.43908e-06 3.65741e-06 2.93766e-06 2.29972e-06 1.75452e-06 1.30455e-06 9.45412e-07 6.67862e-07 4.5995e-07 3.08846e-07 2.02218e-07 1.29115e-07 8.03954e-08 4.88189e-08 2.89096e-08 1.66944e-08 9.40037e-09 5.1608e-09 2.76207e-09 1.44091e-09 7.32584e-10 3.62943e-10 1.75196e-10 8.2389e-11 3.77437e-11 1.68437e-11 7.32236e-12 3.10106e-12 1.27955e-12 5.14462e-13 2.01593e-13 7.70048e-14 2.86805e-14 1.04184e-14 3.69221e-15 1.27697e-15 4.31151e-16 1.4216e-16 4.57946e-17 1.44318e-17 4.51122e-18 
4.59093e-18 3.95228e-18 1.02167e-17 3.39622e-17 1.1311e-16 3.67936e-16 1.16607e-15 3.59854e-15 1.08096e-14 3.15957e-14 8.98337e-14 2.48379e-13 6.67639e-13 1.74429e-12 4.42858e-12 1.0925e-11 2.61851e-11 6.09748e-11 1.37951e-10 3.03259e-10 6.47862e-10 1.34529e-09 2.71592e-09 5.3321e-09 1.01832e-08 1.8923e-08 3.42246e-08 6.02606e-08 1.03316e-07 1.72513e-07 2.80579e-07 4.44545e-07 6.86171e-07 1.03186e-06 1.51179e-06 2.15789e-06 3.00069e-06 4.0649e-06 5.36423e-06 6.89615e-06 8.63782e-06 1.05443e-05 1.255e-05 1.45742e-05 1.65289e-05 1.83287e-05 1.98989e-05 2.11815e-05 2.21362e-05 2.2739e-05 2.29774e-05 2.28469e-05 2.23492e-05 2.14935e-05 2.03004e-05 1.88061e-05 1.70648e-05 1.5148e-05 1.31396e-05 1.11273e-05 9.19398e-06 7.40859e-06 5.82083e-06 4.45873e-06 3.3298e-06 2.42455e-06 1.72144e-06 1.1919e-06 8.04838e-07 5.30061e-07 3.40492e-07 2.13331e-07 1.30364e-07 7.76951e-08 4.51569e-08 2.55916e-08 1.414e-08 7.61573e-09 3.99764e-09 2.04479e-09 1.01901e-09 4.94677e-10 2.33902e-10 1.07716e-10 4.83113e-11 2.11029e-11 8.97819e-12 3.72079e-12 1.50227e-12 5.9103e-13 2.26631e-13 8.47209e-14 3.08849e-14 1.0983e-14 3.81112e-15 1.2909e-15 4.26966e-16 1.37959e-16 4.36081e-17 1.36801e-17 
1.37092e-17 1.20427e-17 3.12896e-17 1.03696e-16 3.44014e-16 1.11453e-15 3.51764e-15 1.08096e-14 3.23297e-14 9.40743e-14 2.6624e-13 7.32609e-13 1.95951e-12 5.09323e-12 1.28624e-11 3.15553e-11 7.51964e-11 1.74054e-10 3.91328e-10 8.54691e-10 1.81365e-09 3.7399e-09 7.49622e-09 1.46091e-08 2.76911e-08 5.1066e-08 9.16501e-08 1.6013e-07 2.72434e-07 4.51441e-07 7.28742e-07 1.14616e-06 1.75655e-06 2.62335e-06 3.81815e-06 5.41571e-06 7.48625e-06 1.0085e-05 1.324e-05 1.69405e-05 2.11278e-05 2.56915e-05 3.04742e-05 3.52843e-05 3.99148e-05 4.41664e-05 4.78663e-05 5.0881e-05 5.31194e-05 5.45271e-05 5.50768e-05 5.47585e-05 5.35761e-05 5.15504e-05 4.87282e-05 4.51925e-05 4.10688e-05 3.65234e-05 3.17517e-05 2.69603e-05 2.23442e-05 1.80678e-05 1.42509e-05 1.09631e-05 8.22568e-06 6.01969e-06 4.29703e-06 2.99213e-06 2.0325e-06 1.34689e-06 8.70726e-07 5.49118e-07 3.37797e-07 2.0268e-07 1.18596e-07 6.7665e-08 3.76366e-08 2.04041e-08 1.07794e-08 5.54818e-09 2.78163e-09 1.35823e-09 6.45822e-10 2.99011e-10 1.34797e-10 5.917e-11 2.52919e-11 1.05286e-11 4.26918e-12 1.68651e-12 6.49247e-13 2.43627e-13 8.91389e-14 3.18107e-14 1.10762e-14 3.76416e-15 1.24902e-15 4.04848e-16 1.28372e-16 4.04207e-17 
3.9889e-17 3.5747e-17 9.33102e-17 3.08242e-16 1.01848e-15 3.28596e-15 1.03268e-14 3.15957e-14 9.40743e-14 2.72482e-13 7.67494e-13 2.10157e-12 5.59263e-12 1.44603e-11 3.63194e-11 8.85982e-11 2.09889e-10 4.82846e-10 1.07868e-09 2.34032e-09 4.93199e-09 1.00978e-08 2.00912e-08 3.88593e-08 7.30874e-08 1.33723e-07 2.38088e-07 4.12657e-07 6.96462e-07 1.14494e-06 1.83379e-06 2.86209e-06 4.35364e-06 6.4552e-06 9.3302e-06 1.31468e-05 1.80598e-05 2.41867e-05 3.1581e-05 4.02064e-05 4.99174e-05 6.04532e-05 7.14496e-05 8.24681e-05 9.30409e-05 0.00010272 0.000111121 0.000117949 0.000123005 0.000126173 0.000127394 0.000126647 0.000123942 0.000119322 0.00011289 0.000104829 9.54177e-05 8.50277e-05 7.40985e-05 6.30965e-05 5.24657e-05 4.25831e-05 3.37276e-05 2.60657e-05 1.96551e-05 1.44613e-05 1.0382e-05 7.27294e-06 4.97159e-06 3.31614e-06 2.15825e-06 1.37048e-06 8.48978e-07 5.12989e-07 3.02294e-07 1.73687e-07 9.72795e-08 5.30983e-08 2.82381e-08 1.4628e-08 7.37957e-09 3.62493e-09 1.73352e-09 8.07027e-10 3.6573e-10 1.61347e-10 6.92982e-11 2.89804e-11 1.18028e-11 4.68229e-12 1.80983e-12 6.81786e-13 2.50394e-13 8.96834e-14 3.13374e-14 1.06864e-14 3.55783e-15 1.15698e-15 3.68063e-16 1.16341e-16 
1.13066e-16 1.03345e-16 2.70885e-16 8.91799e-16 2.93436e-15 9.42647e-15 2.94944e-14 8.98337e-14 2.6624e-13 7.67494e-13 2.15124e-12 5.86096e-12 1.5516e-11 3.99027e-11 9.96635e-11 2.41715e-10 5.69177e-10 1.30119e-09 2.88794e-09 6.2233e-09 1.30227e-08 2.64684e-08 5.2266e-08 1.00305e-07 1.87153e-07 3.39639e-07 5.99734e-07 1.03084e-06 1.72536e-06 2.81296e-06 4.46862e-06 6.91858e-06 1.0442e-05 1.53656e-05 2.20478e-05 3.08515e-05 4.21028e-05 5.60395e-05 7.27535e-05 9.21372e-05 0.000113845 0.000137283 0.000161639 0.00018595 0.000209197 0.000230414 0.000248778 0.000263666 0.00027466 0.000281521 0.000284132 0.00028245 0.000276494 0.000266355 0.000252245 0.000234552 0.00021387 0.000190998 0.000166885 0.000142545 0.000118949 9.69314e-05 7.71175e-05 5.9892e-05 4.54033e-05 3.35972e-05 2.42668e-05 1.71086e-05 1.17732e-05 7.90728e-06 5.18295e-06 3.31505e-06 2.0687e-06 1.25924e-06 7.47528e-07 4.32649e-07 2.44068e-07 1.34161e-07 7.18378e-08 3.7461e-08 1.90195e-08 9.40009e-09 4.52185e-09 2.11698e-09 9.64547e-10 4.27715e-10 1.84608e-10 7.75668e-11 3.17333e-11 1.26436e-11 4.90752e-12 1.85618e-12 6.84363e-13 2.46043e-13 8.62884e-14 2.95304e-14 9.8658e-15 3.21922e-15 1.0276e-15 3.26126e-16 
3.12156e-16 2.90922e-16 7.65362e-16 2.51062e-15 8.22514e-15 2.63049e-14 8.19302e-14 2.48379e-13 7.32609e-13 2.10157e-12 5.86096e-12 1.58853e-11 4.18293e-11 1.06979e-10 2.65672e-10 6.40519e-10 1.49898e-09 3.40488e-09 7.50669e-09 1.60643e-08 3.33739e-08 6.73249e-08 1.31915e-07 2.51141e-07 4.64747e-07 8.36338e-07 1.46423e-06 2.49511e-06 4.14012e-06 6.69184e-06 1.05401e-05 1.61822e-05 2.42239e-05 3.53636e-05 5.03558e-05 6.99496e-05 9.4801e-05 0.000125364 0.000161774 0.00020374 0.000250472 0.000300672 0.000352601 0.00040422 0.0004534 0.00049814 0.000536753 0.000567972 0.000590965 0.000605257 0.000610625 0.000606989 0.000594384 0.000572987 0.000543221 0.00050587 0.000462149 0.000413703 0.000362502 0.000310661 0.000260228 0.000212975 0.000170253 0.00013292 0.000101339 7.54454e-05 5.48457e-05 3.893e-05 2.69791e-05 1.82526e-05 1.20537e-05 7.76852e-06 4.8852e-06 2.9967e-06 1.79265e-06 1.04544e-06 5.94171e-07 3.28992e-07 1.7741e-07 9.31465e-08 4.76033e-08 2.36757e-08 1.14579e-08 5.39521e-09 2.47177e-09 1.10186e-09 4.77985e-10 2.01808e-10 8.29457e-11 3.31963e-11 1.29405e-11 4.91492e-12 1.81942e-12 6.56686e-13 2.3118e-13 7.94107e-14 2.66265e-14 8.71911e-15 2.79309e-15 8.90178e-16 
8.39274e-16 7.97289e-16 2.10419e-15 6.87609e-15 2.24256e-14 7.13874e-14 2.21295e-13 6.67639e-13 1.95951e-12 5.59263e-12 1.5516e-11 4.18293e-11 1.0954e-10 2.7856e-10 6.87717e-10 1.64797e-09 3.83235e-09 8.64805e-09 1.89364e-08 4.02368e-08 8.29768e-08 1.66108e-07 3.22888e-07 6.09679e-07 1.11872e-06 1.99582e-06 3.46344e-06 5.84929e-06 9.61869e-06 1.54079e-05 2.4053e-05 3.66059e-05 5.43286e-05 7.86538e-05 0.000111102 0.000153152 0.000206057 0.000270628 0.000347009 0.000434471 0.000531285 0.000634721 0.000741195 0.000846576 0.000946592 0.00103727 0.00111529 0.0011782 0.0012244 0.001253 0.00126361 0.00125607 0.00123045 0.00118708 0.00112675 0.00105098 0.000962151 0.000863504 0.000758959 0.000652758 0.000549038 0.000451423 0.000362725 0.000284778 0.000218435 0.000163678 0.000119804 8.56506e-05 5.98015e-05 4.07709e-05 2.71371e-05 1.76299e-05 1.11761e-05 6.91111e-06 4.16746e-06 2.44962e-06 1.40302e-06 7.82705e-07 4.2516e-07 2.24794e-07 1.1566e-07 5.78967e-08 2.81929e-08 1.33539e-08 6.15268e-09 2.75761e-09 1.20246e-09 5.1022e-10 2.10713e-10 8.47209e-11 3.31732e-11 1.2654e-11 4.70393e-12 1.70472e-12 6.02512e-13 2.07765e-13 6.99276e-14 2.29835e-14 7.38989e-15 2.36561e-15 
2.19723e-15 2.12685e-15 5.62814e-15 1.83177e-14 5.94611e-14 1.88372e-13 5.81072e-13 1.74429e-12 5.09323e-12 1.44603e-11 3.99027e-11 1.06979e-10 2.7856e-10 7.0424e-10 1.72815e-09 4.11529e-09 9.50822e-09 2.13122e-08 4.63411e-08 9.77537e-08 2.00069e-07 3.97374e-07 7.6616e-07 1.43451e-06 2.60942e-06 4.61383e-06 7.9339e-06 1.32758e-05 2.16281e-05 3.43231e-05 5.30854e-05 8.00523e-05 0.000117747 0.000168984 0.000236695 0.000323654 0.000432131 0.000563467 0.000717661 0.000892999 0.00108585 0.00129071 0.00150049 0.00170717 0.00190252 0.00207899 0.00223035 0.00235204 0.00244115 0.00249612 0.00251624 0.00250127 0.00245131 0.00236693 0.00224957 0.00210202 0.00192871 0.00173578 0.0015307 0.0013216 0.00111652 0.000922576 0.000745379 0.000588715 0.000454489 0.000342909 0.000252823 0.000182127 0.000128167 8.80921e-05 5.91212e-05 3.87319e-05 2.47609e-05 1.54408e-05 9.38869e-06 5.56392e-06 3.21225e-06 1.80597e-06 9.88364e-07 5.26357e-07 2.72698e-07 1.37414e-07 6.73394e-08 3.20903e-08 1.48714e-08 6.70248e-09 2.93827e-09 1.25316e-09 5.20104e-10 2.10118e-10 8.26548e-11 3.16704e-11 1.18244e-11 4.3034e-12 1.52729e-12 5.28788e-13 1.78678e-13 5.89551e-14 1.90296e-14 6.11977e-15 
5.60084e-15 5.52189e-15 1.46438e-14 4.74579e-14 1.53302e-13 4.8323e-13 1.48301e-12 4.42858e-12 1.28624e-11 3.63194e-11 9.96635e-11 2.65672e-10 6.87717e-10 1.72815e-09 4.21437e-09 9.97132e-09 2.28852e-08 5.09426e-08 1.09978e-07 2.30269e-07 4.67648e-07 9.21388e-07 1.76171e-06 3.27009e-06 5.8955e-06 1.03287e-05 1.75949e-05 2.9161e-05 4.705e-05 7.39456e-05 0.000113266 0.000169178 0.000246513 0.00035056 0.000486702 0.000659891 0.000873984 0.00113099 0.00143032 0.00176818 0.00213729 0.00252697 0.00292381 0.00331286 0.00367899 0.00400849 0.00429017 0.00451594 0.00468079 0.00478209 0.00481869 0.00479025 0.00469688 0.00453951 0.00432058 0.00404497 0.00372059 0.0033585 0.0029723 0.00257697 0.00218743 0.00181709 0.00147672 0.00117381 0.000912429 0.00069347 0.000515239 0.000374159 0.000265505 0.000184051 0.0001246 8.23483e-05 5.31093e-05 3.34097e-05 2.04906e-05 1.22463e-05 7.12871e-06 4.03998e-06 2.22807e-06 1.19539e-06 6.23724e-07 3.16442e-07 1.56084e-07 7.48463e-08 3.48932e-08 1.58167e-08 6.97211e-09 2.98941e-09 1.24708e-09 5.06313e-10 2.00129e-10 7.7041e-11 2.88948e-11 1.05627e-11 3.76496e-12 1.30904e-12 4.44159e-13 1.47146e-13 4.76891e-14 1.54105e-14 
1.39e-14 1.39518e-14 3.70604e-14 1.19568e-13 3.84276e-13 1.20499e-12 3.67842e-12 1.0925e-11 3.15553e-11 8.85982e-11 2.41715e-10 6.40519e-10 1.64797e-09 4.11529e-09 9.97132e-09 2.34361e-08 5.34204e-08 1.18073e-07 2.53032e-07 5.25761e-07 1.05932e-06 2.07e-06 3.92417e-06 7.21976e-06 1.28974e-05 2.23834e-05 3.77626e-05 6.19713e-05 9.89926e-05 0.000154022 0.000233562 0.000345394 0.00049837 0.000701967 0.000965586 0.00129758 0.00170405 0.00218759 0.00274599 0.00337133 0.00404957 0.00476093 0.00548113 0.00618347 0.00684141 0.00743114 0.00793349 0.00833489 0.0086271 0.00880597 0.00886982 0.00881813 0.00865105 0.00836993 0.00797867 0.00748535 0.00690339 0.00625181 0.00555426 0.00483709 0.00412683 0.00344767 0.00281946 0.00225642 0.00176682 0.00135328 0.0010137 0.000742407 0.000531451 0.000371728 0.000253958 0.000169388 0.00011025 6.99886e-05 4.33104e-05 2.61119e-05 1.53297e-05 8.75933e-06 4.8692e-06 2.63231e-06 1.38352e-06 7.06838e-07 3.50986e-07 1.69389e-07 7.94562e-08 3.62302e-08 1.60618e-08 6.92475e-09 2.90417e-09 1.18519e-09 4.70815e-10 1.82128e-10 6.86333e-11 2.52057e-11 9.02499e-12 3.1518e-12 1.07404e-12 3.57334e-13 1.16303e-13 3.77725e-14 
3.35857e-14 3.43037e-14 9.12253e-14 2.92932e-13 9.36471e-13 2.92063e-12 8.86645e-12 2.61851e-11 7.51964e-11 2.09889e-10 5.69177e-10 1.49898e-09 3.83235e-09 9.50822e-09 2.28852e-08 5.34204e-08 1.20908e-07 2.6529e-07 5.64238e-07 1.16324e-06 2.32475e-06 4.50459e-06 8.46501e-06 1.54333e-05 2.73123e-05 4.69434e-05 7.84128e-05 0.000127379 0.000201383 0.000310082 0.000465333 0.000681039 0.000972672 0.0013564 0.00184776 0.00245999 0.00320198 0.00407614 0.00507655 0.00618753 0.00738323 0.00862857 0.00988147 0.0110965 0.0122291 0.01324 0.0140979 0.0147811 0.015277 0.0155794 0.0156861 0.0155964 0.0153103 0.0148298 0.0141605 0.0133151 0.0123152 0.0111919 0.00998444 0.00873704 0.0074948 0.00629951 0.00518614 0.00418062 0.00329897 0.00254765 0.00192486 0.0014224 0.00102765 0.000725599 0.000500463 0.000337015 0.000221455 0.000141914 8.86355e-05 5.39225e-05 3.19349e-05 1.84022e-05 1.0313e-05 5.61894e-06 2.97545e-06 1.5311e-06 7.65527e-07 3.71899e-07 1.7556e-07 8.05426e-08 3.59182e-08 1.55741e-08 6.56785e-09 2.69476e-09 1.0761e-09 4.18397e-10 1.58453e-10 5.84744e-11 2.10362e-11 7.38055e-12 2.52648e-12 8.44302e-13 2.76023e-13 9.01182e-14 
7.90101e-14 8.20761e-14 2.18406e-13 6.97851e-13 2.2187e-12 6.88066e-12 2.07683e-11 6.09748e-11 1.74054e-10 4.82846e-10 1.30119e-09 3.40488e-09 8.64805e-09 2.13122e-08 5.09426e-08 1.18073e-07 2.6529e-07 5.77714e-07 1.21919e-06 2.49334e-06 4.94157e-06 9.49264e-06 1.76792e-05 3.19343e-05 5.59729e-05 9.52533e-05 0.000157491 0.000253177 0.000396027 0.000603255 0.000895555 0.00129665 0.00183229 0.00252861 0.00340986 0.00449551 0.00579707 0.00731484 0.00903515 0.0109285 0.0129496 0.0150389 0.0171268 0.0191396 0.021006 0.0226642 0.0240659 0.0251785 0.0259834 0.0264724 0.026643 0.0264943 0.0260264 0.025241 0.0241461 0.0227602 0.0211162 0.0192625 0.0172609 0.0151822 0.0130995 0.0110819 0.00918824 0.00746387 0.00593836 0.00462591 0.00352698 0.00263096 0.0019193 0.00136859 0.000953387 0.000648444 0.000430335 0.000278472 0.000175594 0.000107821 6.44327e-05 3.74522e-05 2.1165e-05 1.16243e-05 6.20304e-06 3.21558e-06 1.61918e-06 7.91992e-07 3.76335e-07 1.73751e-07 7.79615e-08 3.40055e-08 1.44236e-08 5.95121e-09 2.38951e-09 9.34013e-10 3.55564e-10 1.31881e-10 4.76799e-11 1.68096e-11 5.78149e-12 1.94105e-12 6.37528e-13 2.09288e-13 
1.80977e-13 1.91102e-13 5.08597e-13 1.61666e-12 5.11061e-12 1.57565e-11 4.72749e-11 1.37951e-10 3.91328e-10 1.07868e-09 2.88794e-09 7.50669e-09 1.89364e-08 4.63411e-08 1.09978e-07 2.53032e-07 5.64238e-07 1.21919e-06 2.55238e-06 5.17673e-06 1.01722e-05 1.9368e-05 3.57413e-05 6.39485e-05 0.000110987 0.000186964 0.000305904 0.000486507 0.000752719 0.00113393 0.00166466 0.00238347 0.00333104 0.00454727 0.00606749 0.00791799 0.0101111 0.0126408 0.0154788 0.0185726 0.0218462 0.0252033 0.0285341 0.0317245 0.0346665 0.0372675 0.039457 0.0411887 0.0424375 0.0431934 0.0434543 0.0432195 0.0424883 0.0412621 0.0395505 0.037379 0.0347946 0.0318683 0.028693 0.0253762 0.0220312 0.0187666 0.0156775 0.0128393 0.0103041 0.00810062 0.00623556 0.00469765 0.00346184 0.00249406 0.0017555 0.00120641 0.000808869 0.000528721 0.000336686 0.000208723 0.000125888 7.38282e-05 4.20807e-05 2.33027e-05 1.25337e-05 6.54688e-06 3.32084e-06 1.63582e-06 7.82612e-07 3.63714e-07 1.64241e-07 7.20842e-08 3.07594e-08 1.27659e-08 5.15505e-09 2.02625e-09 7.75561e-10 2.8919e-10 1.05095e-10 3.72392e-11 1.28715e-11 4.34235e-12 1.43314e-12 4.73158e-13 
4.03652e-13 4.33017e-13 1.15204e-12 3.6422e-12 1.14459e-11 3.50755e-11 1.04587e-10 3.03259e-10 8.54691e-10 2.34032e-09 6.2233e-09 1.60643e-08 4.02368e-08 9.77537e-08 2.30269e-07 5.25761e-07 1.16324e-06 2.49334e-06 5.17673e-06 1.04101e-05 2.02762e-05 3.82561e-05 6.9935e-05 0.000123914 0.000212906 0.000354937 0.000574541 0.000903746 0.00138263 0.00205922 0.0029884 0.00422974 0.00584398 0.00788825 0.0104102 0.0134412 0.0169898 0.0210358 0.0255255 0.0303702 0.0354484 0.0406118 0.0456955 0.0505317 0.0549646 0.0588634 0.0621308 0.0647052 0.0665556 0.0676718 0.0680531 0.0676998 0.0666097 0.0647824 0.0622277 0.0589777 0.0550956 0.0506798 0.0458622 0.0407981 0.0356542 0.0305933 0.025762 0.0212801 0.0172352 0.0136805 0.0106369 0.00809679 0.00603022 0.00439121 0.00312428 0.00217017 0.00147051 0.000971231 0.000624759 0.000391127 0.000238149 0.000140948 8.10473e-05 4.52623e-05 2.4544e-05 1.29214e-05 6.60399e-06 3.27693e-06 1.57887e-06 7.38812e-07 3.35848e-07 1.48356e-07 6.3705e-08 2.66016e-08 1.08063e-08 4.27233e-09 1.64457e-09 6.16628e-10 2.25304e-10 8.02555e-11 2.78829e-11 9.45407e-12 3.13591e-12 1.04146e-12 
8.76747e-13 9.54919e-13 2.53857e-12 7.98085e-12 2.4928e-11 7.59135e-11 2.24908e-10 6.47862e-10 1.81365e-09 4.93199e-09 1.30227e-08 3.33739e-08 8.29768e-08 2.00069e-07 4.67648e-07 1.05932e-06 2.32475e-06 4.94157e-06 1.01722e-05 2.02762e-05 3.91359e-05 7.31514e-05 0.00013244 0.000232332 0.00039509 0.000651685 0.00104339 0.00162286 0.00245436 0.00361282 0.00518129 0.00724689 0.00989484 0.0132011 0.0172237 0.0219936 0.0275062 0.0337143 0.0405232 0.0477912 0.0553333 0.0629318 0.0703515 0.0773584 0.0837398 0.0893212 0.0939766 0.0976299 0.100247 0.10182 0.102352 0.101846 0.100297 0.0976993 0.094061 0.0894181 0.0838494 0.0774834 0.0704965 0.0631015 0.0555309 0.0480174 0.0407757 0.0339876 0.0277928 0.0222843 0.0175092 0.0134727 0.010145 0.00747018 0.0053744 0.00377463 0.0025857 0.00172608 0.00112192 0.000709474 0.000436206 0.000260599 0.000151209 8.51842e-05 4.65817e-05 2.47227e-05 1.27349e-05 6.3672e-06 3.09043e-06 1.45648e-06 6.6669e-07 2.96494e-07 1.28155e-07 5.38573e-08 2.20152e-08 8.75683e-09 3.39082e-09 1.27874e-09 4.69862e-10 1.6829e-10 5.87813e-11 2.00348e-11 6.68018e-12 2.2321e-12 
1.85468e-12 2.04967e-12 5.44232e-12 1.7011e-11 5.28015e-11 1.59764e-10 4.70207e-10 1.34529e-09 3.7399e-09 1.00978e-08 2.64684e-08 6.73249e-08 1.66108e-07 3.97374e-07 9.21388e-07 2.07e-06 4.50459e-06 9.49264e-06 1.9368e-05 3.82561e-05 7.31514e-05 0.000135421 0.000242756 0.000421518 0.000709283 0.00115727 0.00183223 0.00281719 0.00421077 0.00612436 0.0086772 0.0119892 0.0161718 0.021317 0.0274861 0.0346977 0.0429186 0.0520555 0.0619533 0.0723961 0.083117 0.0938126 0.104164 0.113864 0.122636 0.130263 0.136593 0.141539 0.145069 0.147184 0.147895 0.147205 0.145106 0.141586 0.136645 0.130317 0.122693 0.113929 0.104248 0.0939233 0.0832636 0.0725839 0.0621834 0.0523248 0.0432196 0.0350204 0.0278184 0.0216466 0.016487 0.0122804 0.00893709 0.00634861 0.00439786 0.00296807 0.00194982 0.0012458 0.000773632 0.000466657 0.0002733 0.000155352 8.56912e-05 4.58626e-05 2.38169e-05 1.20021e-05 5.87017e-06 2.78718e-06 1.28506e-06 5.75536e-07 2.50476e-07 1.05968e-07 4.35989e-08 1.74521e-08 6.79958e-09 2.57968e-09 9.53427e-10 3.43431e-10 1.2062e-10 4.13336e-11 1.38558e-11 4.65882e-12 
3.82151e-12 4.28249e-12 1.13529e-11 3.52751e-11 1.08793e-10 3.27012e-10 9.55925e-10 2.71592e-09 7.49622e-09 2.00912e-08 5.2266e-08 1.31915e-07 3.22888e-07 7.6616e-07 1.76171e-06 3.92417e-06 8.46501e-06 1.76792e-05 3.57413e-05 6.9935e-05 0.00013244 0.000242756 0.000430748 0.000740135 0.00123203 0.00198797 0.00311162 0.00472853 0.00698318 0.0100331 0.0140399 0.0191578 0.0255205 0.0332261 0.0423235 0.0527995 0.0645686 0.0774679 0.0912576 0.105627 0.120211 0.134608 0.148411 0.161234 0.172746 0.182692 0.190901 0.197287 0.201828 0.20454 0.205445 0.20455 0.201843 0.197299 0.190902 0.182678 0.17272 0.161203 0.148389 0.134611 0.120255 0.105723 0.0914129 0.0776838 0.0648403 0.0531174 0.0426743 0.0335942 0.0258899 0.0195137 0.0143697 0.0103275 0.00723662 0.00493891 0.00328005 0.00211798 0.00132877 0.000809479 0.000478631 0.000274597 0.00015283 8.25093e-05 4.32107e-05 2.19544e-05 1.08236e-05 5.17902e-06 2.40592e-06 1.08546e-06 4.75784e-07 2.02692e-07 8.39598e-08 3.38298e-08 1.32651e-08 5.06394e-09 1.88291e-09 6.8222e-10 2.40975e-10 8.30338e-11 2.79878e-11 9.47098e-12 
7.67024e-12 8.71037e-12 2.30464e-11 7.11756e-11 2.18087e-10 6.5113e-10 1.89022e-09 5.3321e-09 1.46091e-08 3.88593e-08 1.00305e-07 2.51141e-07 6.09679e-07 1.43451e-06 3.27009e-06 7.21976e-06 1.54333e-05 3.19343e-05 6.39485e-05 0.000123914 0.000232332 0.000421518 0.000740135 0.00125811 0.00207121 0.00330427 0.00511194 0.00767591 0.0111981 0.0158894 0.0219556 0.0295794 0.0389035 0.0500121 0.0629161 0.0775407 0.0937189 0.11119 0.129605 0.148543 0.167527 0.186059 0.203645 0.219836 0.234256 0.246627 0.25678 0.264641 0.270209 0.273524 0.274624 0.273521 0.270197 0.264608 0.256717 0.246528 0.234122 0.219678 0.203481 0.18591 0.167417 0.148491 0.129626 0.111292 0.0939033 0.0778009 0.0632396 0.050382 0.0393004 0.0299832 0.0223476 0.016254 0.0115236 0.00795521 0.00534241 0.00348718 0.00221082 0.00136058 0.00081245 0.000470588 0.00026435 0.000144008 7.6081e-05 3.89855e-05 1.93799e-05 9.34822e-06 4.37691e-06 1.98983e-06 8.78684e-07 3.77043e-07 1.57278e-07 6.38043e-08 2.5184e-08 9.6757e-09 3.62006e-09 1.31953e-09 4.68806e-10 1.62453e-10 5.50647e-11 1.87557e-11 
1.49977e-11 1.72478e-11 4.55331e-11 1.39759e-10 4.25413e-10 1.26148e-09 3.63632e-09 1.01832e-08 2.76911e-08 7.30874e-08 1.87153e-07 4.64747e-07 1.11872e-06 2.60942e-06 5.8955e-06 1.28974e-05 2.73123e-05 5.59729e-05 0.000110987 0.000212906 0.00039509 0.000709283 0.00123203 0.00207121 0.00337137 0.00531634 0.00812744 0.0120562 0.0173708 0.0243378 0.0331998 0.044152 0.0573203 0.0727426 0.0903546 0.109983 0.131344 0.154053 0.177632 0.20154 0.225195 0.248007 0.26942 0.288942 0.30618 0.320861 0.332834 0.342057 0.348565 0.352426 0.353701 0.352411 0.348525 0.34198 0.332706 0.320674 0.305934 0.288646 0.269096 0.24768 0.224894 0.201295 0.177465 0.153981 0.131378 0.110122 0.0905909 0.0730611 0.0577006 0.0445703 0.0336318 0.0247607 0.0177654 0.0124082 0.00842823 0.00556263 0.00356476 0.00221686 0.00133727 0.000782252 0.000443663 0.000243958 0.000130062 6.72387e-05 3.37135e-05 1.6399e-05 7.74092e-06 3.54712e-06 1.57844e-06 6.82375e-07 2.86707e-07 1.17128e-07 4.65455e-08 1.80004e-08 6.77751e-09 2.48561e-09 8.88338e-10 3.09602e-10 1.05539e-10 3.61861e-11 
2.85696e-11 3.32513e-11 8.75622e-11 2.67099e-10 8.07633e-10 2.37844e-09 6.80731e-09 1.8923e-08 5.1066e-08 1.33723e-07 3.39639e-07 8.36338e-07 1.99582e-06 4.61383e-06 1.03287e-05 2.23834e-05 4.69434e-05 9.52533e-05 0.000186964 0.000354937 0.000651685 0.00115727 0.00198797 0.00330427 0.00531634 0.00828441 0.0125122 0.0183319 0.0260814 0.0360755 0.0485748 0.0637566 0.0816901 0.102321 0.125465 0.150807 0.177914 0.206254 0.235215 0.26414 0.29236 0.319225 0.344147 0.36663 0.386301 0.40292 0.416383 0.426697 0.433945 0.438233 0.439644 0.438208 0.433886 0.426588 0.416205 0.402661 0.385958 0.366212 0.343672 0.318722 0.291862 0.263681 0.234826 0.205963 0.177741 0.150761 0.125548 0.102523 0.0819945 0.0641393 0.0490081 0.0365302 0.0265303 0.0187518 0.0128858 0.0086015 0.00557332 0.00350338 0.00213556 0.00126202 0.000722913 0.000401372 0.00021601 0.0001127 5.70139e-05 2.79742e-05 1.33164e-05 6.15201e-06 2.75935e-06 1.20207e-06 5.0882e-07 2.09362e-07 8.37761e-08 3.26156e-08 1.23598e-08 4.56112e-09 1.6399e-09 5.74852e-10 1.97085e-10 6.8025e-11 
5.30219e-11 6.24129e-11 1.63908e-10 4.96881e-10 1.49246e-09 4.36497e-09 1.24037e-08 3.42246e-08 9.16501e-08 2.38088e-07 5.99734e-07 1.46423e-06 3.46344e-06 7.9339e-06 1.75949e-05 3.77626e-05 7.84128e-05 0.000157491 0.000305904 0.000574541 0.00104339 0.00183223 0.00311162 0.00511194 0.00812744 0.0125122 0.0186652 0.0270046 0.0379313 0.0517884 0.0688207 0.0891412 0.11271 0.139324 0.168628 0.200125 0.23321 0.267192 0.301336 0.334894 0.367145 0.397425 0.425163 0.449905 0.471336 0.489289 0.503727 0.514724 0.522418 0.526956 0.528447 0.526929 0.522353 0.514603 0.503528 0.488995 0.470939 0.449408 0.424582 0.396785 0.366478 0.334237 0.300726 0.266664 0.232795 0.199846 0.168496 0.139343 0.11287 0.0894249 0.0692008 0.0522326 0.0384052 0.0274757 0.0191058 0.012902 0.00845493 0.00537379 0.00331122 0.00197747 0.00114442 0.000641781 0.000348772 0.000183698 9.37903e-05 4.64317e-05 2.22949e-05 1.03866e-05 4.69663e-06 2.0621e-06 8.79484e-07 3.64524e-07 1.46892e-07 5.75758e-08 2.19609e-08 8.1551e-09 2.94978e-09 1.04004e-09 3.58623e-10 1.24608e-10 
9.5869e-11 1.14059e-10 2.98676e-10 8.99822e-10 2.6849e-09 7.79859e-09 2.20028e-08 6.02606e-08 1.6013e-07 4.12657e-07 1.03084e-06 2.49511e-06 5.84929e-06 1.32758e-05 2.9161e-05 6.19713e-05 0.000127379 0.000253177 0.000486507 0.000903746 0.00162286 0.00281719 0.00472853 0.00767591 0.0120562 0.0183319 0.0270046 0.0385733 0.0534826 0.0720684 0.0945097 0.120795 0.150712 0.18385 0.219635 0.257359 0.296232 0.33542 0.374093 0.411458 0.446795 0.479483 0.509022 0.535052 0.557359 0.575871 0.590645 0.601827 0.609614 0.614192 0.615696 0.614171 0.609559 0.60172 0.59046 0.575589 0.556964 0.534542 0.508403 0.478774 0.446024 0.410658 0.373301 0.334677 0.295575 0.256824 0.219247 0.183629 0.150662 0.120911 0.0947717 0.0724462 0.0539383 0.0390659 0.0274954 0.0187886 0.0124561 0.0080072 0.0049889 0.00301185 0.00176156 0.0009981 0.000547876 0.00029139 0.000150188 7.50358e-05 3.63501e-05 1.70802e-05 7.78732e-06 3.44641e-06 1.48118e-06 6.18451e-07 2.50987e-07 9.90476e-08 3.80267e-08 1.42098e-08 5.17084e-09 1.83374e-09 6.35924e-10 2.22431e-10 
1.68872e-10 2.02938e-10 5.29809e-10 1.58638e-09 4.7025e-09 1.3566e-08 3.80038e-08 1.03316e-07 2.72434e-07 6.96462e-07 1.72536e-06 4.14012e-06 9.61869e-06 2.16281e-05 4.705e-05 9.89926e-05 0.000201383 0.000396027 0.000752719 0.00138263 0.00245436 0.00421077 0.00698318 0.0111981 0.0173708 0.0260814 0.0379313 0.0534826 0.0731885 0.097326 0.125944 0.158838 0.195555 0.235426 0.27762 0.321209 0.36523 0.408743 0.450871 0.490839 0.527995 0.561822 0.591949 0.61815 0.640344 0.65858 0.67301 0.683859 0.691376 0.695782 0.697231 0.695774 0.691347 0.68379 0.672876 0.658356 0.640012 0.617697 0.591374 0.561134 0.52721 0.489982 0.449973 0.407843 0.36437 0.320432 0.276966 0.234931 0.195244 0.158723 0.126021 0.0975735 0.0735713 0.0539551 0.0384445 0.0265899 0.0178385 0.0116013 0.00731095 0.00446307 0.00263882 0.00151105 0.000838007 0.000450162 0.000234271 0.000118142 5.77499e-05 2.73718e-05 1.25842e-05 5.61417e-06 2.43149e-06 1.02277e-06 4.18022e-07 1.66089e-07 6.41816e-08 2.41333e-08 8.83453e-09 3.15103e-09 1.09895e-09 3.86921e-10 
2.89778e-10 3.51523e-10 9.14858e-10 2.72276e-09 8.01913e-09 2.29788e-08 6.3923e-08 1.72513e-07 4.51441e-07 1.14494e-06 2.81296e-06 6.69184e-06 1.54079e-05 3.43231e-05 7.39456e-05 0.000154022 0.000310082 0.000603255 0.00113393 0.00205922 0.00361282 0.00612436 0.0100331 0.0158894 0.0243378 0.0360755 0.0517884 0.0720684 0.097326 0.127714 0.163077 0.202949 0.246575 0.292988 0.341091 0.389747 0.437862 0.484443 0.52864 0.569767 0.607305 0.640901 0.670356 0.695613 0.716741 0.733913 0.747379 0.757429 0.764354 0.768402 0.769736 0.768411 0.764361 0.757415 0.74732 0.733785 0.71652 0.695282 0.669902 0.640321 0.606603 0.568953 0.527735 0.483476 0.436872 0.388779 0.340196 0.292217 0.245975 0.202555 0.162909 0.127767 0.0975758 0.0724699 0.0522858 0.0366111 0.0248606 0.0163614 0.0104314 0.00644083 0.00385065 0.00222887 0.0012491 0.000677826 0.000356221 0.000181344 8.94525e-05 4.27697e-05 1.98287e-05 8.91749e-06 3.89197e-06 1.64919e-06 6.78815e-07 2.71531e-07 1.05605e-07 3.99546e-08 1.47127e-08 5.27738e-09 1.85082e-09 6.55874e-10 
4.84354e-10 5.92746e-10 1.53775e-09 4.54951e-09 1.33148e-08 3.79029e-08 1.04716e-07 2.80579e-07 7.28742e-07 1.83379e-06 4.46862e-06 1.05401e-05 2.4053e-05 5.30854e-05 0.000113266 0.000233562 0.000465333 0.000895555 0.00166466 0.0029884 0.00518129 0.0086772 0.0140399 0.0219556 0.0331998 0.0485748 0.0688207 0.0945097 0.125944 0.163077 0.205479 0.252353 0.302607 0.35496 0.408063 0.460614 0.511452 0.559608 0.604335 0.645106 0.681598 0.713665 0.741308 0.764653 0.783918 0.799392 0.811406 0.820303 0.826397 0.829949 0.831123 0.829976 0.826443 0.82035 0.811435 0.799378 0.783837 0.764483 0.741031 0.713265 0.681064 0.644434 0.603528 0.558681 0.510431 0.459539 0.406986 0.353946 0.301724 0.251661 0.205026 0.162884 0.126003 0.0947856 0.0692567 0.0491041 0.033757 0.0224865 0.0145073 0.00906163 0.00547882 0.00320615 0.0018159 0.000995526 0.000528361 0.000271536 0.000135166 6.51922e-05 3.04774e-05 1.38163e-05 6.07617e-06 2.59355e-06 1.07497e-06 4.32858e-07 1.6942e-07 6.44871e-08 2.38841e-08 8.61475e-09 3.03779e-09 1.08336e-09 
7.88501e-10 9.72888e-10 2.51588e-09 7.40041e-09 2.15255e-08 6.08833e-08 1.67079e-07 4.44545e-07 1.14616e-06 2.86209e-06 6.91858e-06 1.61822e-05 3.66059e-05 8.00523e-05 0.000169178 0.000345394 0.000681039 0.00129665 0.00238347 0.00422974 0.00724689 0.0119892 0.0191578 0.0295794 0.044152 0.0637566 0.0891412 0.120795 0.158838 0.202949 0.252353 0.305885 0.362096 0.419409 0.476274 0.531292 0.583314 0.63148 0.675222 0.714233 0.748427 0.777889 0.80283 0.823547 0.840394 0.853755 0.864016 0.871549 0.876677 0.879655 0.880645 0.879698 0.876757 0.871652 0.864126 0.853852 0.840457 0.823552 0.802754 0.777708 0.748118 0.713775 0.674601 0.630692 0.582365 0.530209 0.475104 0.41822 0.360969 0.304906 0.2516 0.202473 0.158659 0.120894 0.0894673 0.0642398 0.0447153 0.0301527 0.0196874 0.0124417 0.00760829 0.00450151 0.0025768 0.0014272 0.000764951 0.000396851 0.000199338 9.69773e-05 4.57124e-05 2.08866e-05 9.25477e-06 3.97867e-06 1.66035e-06 6.72934e-07 2.65022e-07 1.01474e-07 3.77955e-08 1.37062e-08 4.85893e-09 1.74358e-09 
1.25003e-09 1.55412e-09 4.00612e-09 1.1718e-08 3.38815e-08 9.52367e-08 2.59656e-07 6.86171e-07 1.75655e-06 4.35364e-06 1.0442e-05 2.42239e-05 5.43286e-05 0.000117747 0.000246513 0.00049837 0.000972672 0.00183229 0.00333104 0.00584398 0.00989484 0.0161718 0.0255205 0.0389035 0.0573203 0.0816901 0.11271 0.150712 0.195555 0.246575 0.302607 0.362096 0.423256 0.484266 0.543444 0.599387 0.651049 0.697758 0.739185 0.775286 0.806233 0.832341 0.854013 0.871696 0.885847 0.896914 0.905315 0.911423 0.915553 0.917943 0.918741 0.917997 0.915656 0.911567 0.905487 0.897102 0.886032 0.871858 0.854129 0.832383 0.806169 0.775083 0.73881 0.697186 0.650266 0.598397 0.54228 0.482989 0.421955 0.360874 0.301569 0.245806 0.195106 0.150589 0.112879 0.0820845 0.0578558 0.0394959 0.0260994 0.0166879 0.0103214 0.00617409 0.00357179 0.00199849 0.00108164 0.000566401 0.000287047 0.000140839 6.69269e-05 3.08163e-05 1.37552e-05 5.95484e-06 2.50159e-06 1.02032e-06 4.04257e-07 1.55676e-07 5.83011e-08 2.12532e-08 7.57325e-09 2.73393e-09 
1.92952e-09 2.41583e-09 6.20781e-09 1.80603e-08 5.19207e-08 1.4507e-07 3.93048e-07 1.03186e-06 2.62335e-06 6.4552e-06 1.53656e-05 3.53636e-05 7.86538e-05 0.000168984 0.00035056 0.000701967 0.0013564 0.00252861 0.00454727 0.00788825 0.0132011 0.021317 0.0332261 0.0500121 0.0727426 0.102321 0.139324 0.18385 0.235426 0.292988 0.35496 0.419409 0.484266 0.54754 0.607517 0.662884 0.712786 0.756803 0.794888 0.827278 0.854392 0.876755 0.89493 0.909474 0.920912 0.929721 0.936322 0.941073 0.944261 0.946098 0.946715 0.946156 0.944374 0.941238 0.936532 0.929968 0.921184 0.909756 0.895202 0.876991 0.854557 0.82733 0.794782 0.756493 0.712236 0.662074 0.606456 0.546275 0.482879 0.418014 0.35368 0.291941 0.234696 0.183477 0.139297 0.102585 0.0732128 0.0505953 0.0338362 0.0218876 0.0136905 0.00827881 0.00483963 0.00273509 0.00149454 0.000789794 0.00040376 0.000199751 9.56735e-05 4.43839e-05 1.99527e-05 8.69648e-06 3.67689e-06 1.50887e-06 6.01307e-07 2.32841e-07 8.76596e-08 3.21168e-08 1.15011e-08 4.17596e-09 
2.89938e-09 3.65375e-09 9.35993e-09 2.70905e-08 7.74549e-08 2.15176e-07 5.79497e-07 1.51179e-06 3.81815e-06 9.3302e-06 2.20478e-05 5.03558e-05 0.000111102 0.000236695 0.000486702 0.000965586 0.00184776 0.00340986 0.00606749 0.0104102 0.0172237 0.0274861 0.0423235 0.0629161 0.0903546 0.125465 0.168628 0.219635 0.27762 0.341091 0.408063 0.476274 0.543444 0.607517 0.666848 0.720311 0.767309 0.807721 0.841799 0.870046 0.893104 0.911667 0.926412 0.937965 0.946879 0.953631 0.958619 0.962168 0.964529 0.965884 0.966342 0.96594 0.964641 0.962335 0.95884 0.953903 0.947198 0.938321 0.926792 0.912048 0.893455 0.870322 0.841948 0.807684 0.767027 0.719741 0.665972 0.606357 0.542067 0.474789 0.406607 0.339804 0.276621 0.218998 0.168374 0.12556 0.090722 0.0634582 0.0429418 0.0280973 0.01777 0.0108606 0.00641402 0.0036604 0.00201887 0.00107639 0.000554938 0.000276754 0.000133568 6.24128e-05 2.82506e-05 1.23935e-05 5.27246e-06 2.17635e-06 8.72149e-07 3.39508e-07 1.28463e-07 4.72932e-08 1.70161e-08 6.2127e-09 
