1.43388e-52 1.08854e-53 1.5939e-54 2.42914e-53 5.98838e-52 1.38567e-50 3.00571e-49 6.11395e-48 1.16652e-46 2.08799e-45 3.50635e-44 5.52399e-43 8.16308e-42 1.13122e-40 1.46949e-39 1.78863e-38 2.03878e-37 2.17496e-36 2.17014e-35 2.024e-34 1.7635e-33 1.43483e-32 1.08991e-31 7.73004e-31 5.12094e-30 3.17116e-29 1.83741e-28 9.97083e-28 5.07066e-27 2.4165e-26 1.07825e-25 4.49756e-25 1.75058e-24 6.34884e-24 2.14362e-23 6.73479e-23 1.96731e-22 5.33587e-22 1.34232e-21 3.1335e-21 6.79673e-21 1.36664e-20 2.51851e-20 4.17088e-20 6.10134e-20 7.88339e-20 9.18844e-20 9.96266e-20 1.03436e-19 1.05013e-19 1.05524e-19 1.05466e-19 1.04731e-19 1.02546e-19 9.73807e-20 8.73815e-20 7.18267e-20 5.27582e-20 3.4398e-20 2.01139e-20 1.07243e-20 5.28412e-21 2.42265e-21 1.0357e-21 4.13106e-22 1.53874e-22 5.35958e-23 1.74802e-23 5.34484e-24 1.53391e-24 4.13746e-25 1.05059e-25 2.51568e-26 5.68995e-27 1.21726e-27 2.4656e-28 4.73164e-29 8.60696e-30 1.48454e-30 2.42886e-31 3.77134e-32 5.56093e-33 7.79304e-34 1.03893e-34 1.31901e-35 1.59663e-36 1.845e-37 2.03792e-38 2.1545e-39 2.18302e-40 2.12275e-41 1.98356e-42 1.78348e-43 1.545e-44 1.29114e-45 1.04217e-46 8.13497e-48 6.14798e-49 4.50366e-50 3.20273e-51 
1.08854e-53 8.79332e-55 1.108e-55 1.48061e-54 3.73687e-53 8.87918e-52 1.98357e-50 4.16951e-49 8.25147e-48 1.53791e-46 2.69974e-45 4.46311e-44 6.9459e-43 1.01712e-41 1.40052e-40 1.81198e-39 2.20098e-38 2.50791e-37 2.67847e-36 2.6792e-35 2.50832e-34 2.19686e-33 1.79949e-32 1.37854e-31 9.87933e-31 6.62662e-30 4.16257e-29 2.44974e-28 1.35069e-27 6.97214e-27 3.36447e-26 1.51479e-25 6.35023e-25 2.47478e-24 8.95698e-24 3.00842e-23 9.36565e-23 2.69733e-22 7.1755e-22 1.76394e-21 4.01495e-21 8.44702e-21 1.62223e-20 2.77732e-20 4.14573e-20 5.39091e-20 6.26978e-20 6.76489e-20 6.99409e-20 7.08295e-20 7.10974e-20 7.10521e-20 7.06109e-20 6.9243e-20 6.58457e-20 5.89833e-20 4.79969e-20 3.44338e-20 2.16401e-20 1.20887e-20 6.12765e-21 2.86163e-21 1.23959e-21 4.98813e-22 1.86528e-22 6.48932e-23 2.10421e-23 6.37106e-24 1.80414e-24 4.78557e-25 1.19112e-25 2.78744e-26 6.14674e-27 1.28004e-27 2.5224e-28 4.71145e-29 8.35311e-30 1.40733e-30 2.25542e-31 3.44154e-32 5.00482e-33 6.94334e-34 9.19928e-35 1.16527e-35 1.41279e-36 1.64136e-37 1.82931e-38 1.95796e-39 2.01468e-40 1.99496e-41 1.90285e-42 1.74996e-43 1.55311e-44 1.33145e-45 1.10353e-46 8.85065e-48 6.87532e-49 5.17769e-50 3.78359e-51 2.68691e-52 
1.5939e-54 1.108e-55 1.58113e-56 4.45425e-55 1.83427e-53 6.67751e-52 2.15882e-50 6.24664e-49 1.62984e-47 3.85929e-46 8.33765e-45 1.65053e-43 3.00434e-42 5.04203e-41 7.81848e-40 1.12206e-38 1.4922e-37 1.84058e-36 2.10711e-35 2.23998e-34 2.21205e-33 2.03007e-32 1.73213e-31 1.37486e-30 1.01593e-29 6.99491e-29 4.49182e-28 2.69228e-27 1.50671e-26 7.87071e-26 3.83364e-25 1.73825e-24 7.32401e-24 2.86366e-23 1.03824e-22 3.48873e-22 1.08548e-21 3.12194e-21 8.28735e-21 2.03147e-20 4.60886e-20 9.66715e-20 1.85235e-19 3.16644e-19 4.71992e-19 6.12742e-19 7.11457e-19 7.66624e-19 7.91923e-19 8.01626e-19 8.04504e-19 8.03942e-19 7.98948e-19 7.83463e-19 7.44919e-19 6.66924e-19 5.41994e-19 3.87966e-19 2.4317e-19 1.35532e-19 6.85956e-20 3.19976e-20 1.38395e-20 5.5549e-21 2.06913e-21 7.15929e-22 2.30466e-22 6.91271e-23 1.93425e-23 5.05455e-24 1.23516e-24 2.82688e-25 6.06972e-26 1.22462e-26 2.32477e-27 4.15653e-28 7.0039e-29 1.11273e-29 1.66729e-30 2.35684e-31 3.14415e-32 3.96033e-33 4.7127e-34 5.30185e-35 5.64369e-36 5.68956e-37 5.43778e-38 4.93263e-39 4.25187e-40 3.48747e-41 2.72597e-42 2.03398e-43 1.45156e-44 9.93055e-46 6.53035e-47 4.14117e-48 2.54215e-49 1.51747e-50 8.85342e-52 5.07902e-53 
2.42914e-53 1.48061e-54 4.45425e-55 1.70766e-53 6.64433e-52 2.26357e-50 6.85327e-49 1.86447e-47 4.59592e-46 1.03304e-44 2.12781e-43 4.03177e-42 7.04863e-41 1.13965e-39 1.70711e-38 2.37219e-37 3.06093e-36 3.66991e-35 4.09021e-34 4.23882e-33 4.08543e-32 3.66275e-31 3.05542e-30 2.37251e-29 1.71589e-28 1.15681e-27 7.2766e-27 4.27405e-26 2.34528e-25 1.20201e-24 5.74854e-24 2.56117e-23 1.0611e-22 4.08195e-22 1.45685e-21 4.82175e-21 1.47874e-20 4.19538e-20 1.09945e-19 2.66233e-19 5.97065e-19 1.23923e-18 2.35358e-18 3.99652e-18 5.93116e-18 7.68085e-18 8.90774e-18 9.59409e-18 9.90946e-18 1.00307e-17 1.00667e-17 1.00593e-17 9.99564e-18 9.79973e-18 9.3148e-18 8.33815e-18 6.7794e-18 4.86158e-18 3.05865e-18 1.71501e-18 8.74958e-19 4.1199e-19 1.80027e-19 7.30457e-20 2.75209e-20 9.63772e-21 3.142e-21 9.54927e-22 2.7086e-22 7.17799e-23 1.77958e-23 4.13414e-24 9.01456e-25 1.8479e-25 3.5656e-26 6.48168e-27 1.11067e-27 1.79458e-28 2.73484e-29 3.93188e-30 5.33474e-31 6.8339e-32 8.27021e-33 9.46143e-34 1.02407e-34 1.04955e-35 1.01947e-36 9.39395e-38 8.21962e-39 6.83617e-40 5.40966e-41 4.07727e-42 2.93002e-43 2.00974e-44 1.31724e-45 8.2594e-47 4.96037e-48 2.85699e-49 1.58018e-50 8.40732e-52 
5.98838e-52 3.73687e-53 1.83427e-53 6.64433e-52 2.33466e-50 7.29744e-49 2.05143e-47 5.23016e-46 1.21713e-44 2.59831e-43 5.10827e-42 9.27711e-41 1.56005e-39 2.43354e-38 3.52617e-37 4.75064e-36 5.95486e-35 6.94757e-34 7.54611e-33 7.63078e-32 7.18403e-31 6.29683e-30 5.13889e-29 3.90592e-28 2.76628e-27 1.82683e-26 1.12595e-25 6.48237e-25 3.48808e-24 1.75409e-23 8.23675e-23 3.60588e-22 1.46892e-21 5.55939e-21 1.95303e-20 6.3661e-20 1.9241e-19 5.38419e-19 1.39274e-18 3.33101e-18 7.38307e-18 1.51607e-17 2.85359e-17 4.81297e-17 7.11103e-17 9.18534e-17 1.06392e-16 1.14531e-16 1.18277e-16 1.19721e-16 1.20148e-16 1.20055e-16 1.19283e-16 1.16921e-16 1.11105e-16 9.94427e-17 8.08937e-17 5.81172e-17 3.6705e-17 2.07071e-17 1.06509e-17 5.06341e-18 2.23574e-18 9.1719e-19 3.49593e-19 1.23933e-19 4.09258e-20 1.26054e-20 3.62505e-21 9.7438e-22 2.45127e-22 5.78123e-23 1.28045e-23 2.6674e-24 5.23242e-25 9.6726e-26 1.6858e-26 2.77078e-27 4.29552e-28 6.28284e-29 8.67313e-30 1.13055e-30 1.39241e-31 1.62155e-32 1.78706e-33 1.86545e-34 1.84616e-35 1.73388e-36 1.54688e-37 1.31226e-38 1.0596e-39 8.15192e-41 5.98165e-42 4.19059e-43 2.80599e-44 1.79774e-45 1.10328e-46 6.49346e-48 3.66963e-49 1.99452e-50 
1.38567e-50 8.87918e-52 6.67751e-52 2.26357e-50 7.29744e-49 2.11783e-47 5.57919e-46 1.34285e-44 2.96792e-43 6.04741e-42 1.13954e-40 1.99061e-39 3.22961e-38 4.87342e-37 6.84657e-36 8.96114e-35 1.09314e-33 1.24305e-32 1.31764e-31 1.30178e-30 1.19849e-29 1.02804e-28 8.21541e-28 6.11698e-27 4.2451e-26 2.74762e-25 1.66004e-24 9.37058e-24 4.94539e-23 2.44042e-22 1.12524e-21 4.84036e-21 1.93879e-20 7.21877e-20 2.49605e-19 8.01199e-19 2.38615e-18 6.58466e-18 1.68094e-17 3.97009e-17 8.69521e-17 1.76617e-16 3.29407e-16 5.51794e-16 8.11563e-16 1.04554e-15 1.20941e-15 1.30118e-15 1.34347e-15 1.35979e-15 1.36462e-15 1.3635e-15 1.3546e-15 1.32752e-15 1.26117e-15 1.12869e-15 9.18654e-16 6.61242e-16 4.19253e-16 2.38004e-16 1.23444e-16 5.92607e-17 2.6445e-17 1.09706e-17 4.23095e-18 1.5186e-18 5.08031e-19 1.58597e-19 4.62449e-20 1.26083e-20 3.21873e-21 7.70707e-22 1.73389e-22 3.67047e-23 7.31911e-24 1.37567e-24 2.43802e-25 4.07478e-26 6.42374e-27 9.55419e-28 1.34119e-28 1.7779e-29 2.22712e-30 2.63842e-31 2.95861e-32 3.1433e-33 3.16712e-34 3.02938e-35 2.75354e-36 2.38075e-37 1.96e-38 1.538e-39 1.15145e-40 8.23316e-42 5.6281e-43 3.68201e-44 2.30782e-45 1.38736e-46 8.00839e-48 4.44585e-49 
3.00571e-49 1.98357e-50 2.15882e-50 6.85327e-49 2.05143e-47 5.57919e-46 1.38755e-44 3.17182e-43 6.69108e-42 1.30674e-40 2.36846e-39 3.99176e-38 6.26496e-37 9.16615e-36 1.25108e-34 1.59366e-33 1.89496e-32 2.1032e-31 2.17849e-30 2.10519e-29 1.89727e-28 1.59411e-27 1.24842e-26 9.11223e-26 6.20028e-25 3.93507e-24 2.33135e-23 1.29061e-22 6.68131e-22 3.23545e-21 1.46478e-20 6.19092e-20 2.438e-19 8.92943e-19 3.03851e-18 9.60271e-18 2.81749e-17 7.66544e-17 1.93074e-16 4.50205e-16 9.7409e-16 1.95666e-15 3.61537e-15 6.01385e-15 8.80385e-15 1.13109e-14 1.3065e-14 1.40473e-14 1.45003e-14 1.46754e-14 1.47271e-14 1.47145e-14 1.46171e-14 1.43224e-14 1.36036e-14 1.21739e-14 9.91429e-15 7.1501e-15 4.55165e-15 2.60058e-15 1.36042e-15 6.59654e-16 2.97571e-16 1.24859e-16 4.87334e-17 1.77136e-17 6.0045e-18 1.90019e-18 5.61875e-19 1.55404e-19 4.0263e-20 9.7888e-21 2.23709e-21 4.81255e-22 9.75483e-23 1.86397e-23 3.3584e-24 5.70619e-25 9.14403e-26 1.38235e-26 1.97231e-27 2.65743e-28 3.38377e-29 4.07535e-30 4.64687e-31 5.02133e-32 5.14732e-33 5.01067e-34 4.63669e-35 4.08283e-36 3.42447e-37 2.73865e-38 2.09036e-39 1.52433e-40 1.06301e-41 7.09629e-43 4.53949e-44 2.78559e-45 1.64145e-46 9.3026e-48 
6.11395e-48 4.16951e-49 6.24664e-49 1.86447e-47 5.23016e-46 1.34285e-44 3.17182e-43 6.92038e-42 1.39924e-40 2.62847e-39 4.59647e-38 7.49401e-37 1.14041e-35 1.62106e-34 2.15345e-33 2.67401e-32 3.10365e-31 3.36649e-30 3.41128e-29 3.22768e-28 2.85016e-27 2.34765e-26 1.80305e-25 1.29093e-24 8.61697e-24 5.36476e-23 3.11766e-22 1.69287e-21 8.59699e-21 4.08512e-20 1.81571e-19 7.53889e-19 2.91834e-18 1.05124e-17 3.51959e-17 1.09487e-16 3.16383e-16 8.48387e-16 2.10774e-15 4.85074e-15 1.0365e-14 2.05832e-14 3.76679e-14 6.22069e-14 9.0629e-14 1.16104e-13 1.33904e-13 1.43868e-13 1.48466e-13 1.50243e-13 1.50768e-13 1.50632e-13 1.49622e-13 1.46582e-13 1.39199e-13 1.2457e-13 1.01513e-13 7.33587e-14 4.68937e-14 2.69721e-14 1.42353e-14 6.97404e-15 3.18112e-15 1.35044e-15 5.33588e-16 1.96466e-16 6.74987e-17 2.16588e-17 6.49589e-18 1.82296e-18 4.79418e-19 1.18368e-19 2.74838e-20 6.00904e-21 1.23813e-21 2.40503e-22 4.40466e-23 7.60606e-24 1.23855e-24 1.90237e-25 2.75747e-26 3.77438e-27 4.8826e-28 5.97488e-29 6.92328e-30 7.60421e-31 7.92531e-32 7.84622e-33 7.38661e-34 6.61941e-35 5.6523e-36 4.60359e-37 3.5798e-38 2.66032e-39 1.89122e-40 1.28738e-41 8.39939e-43 5.25778e-44 3.16091e-45 1.82776e-46 
1.16652e-46 8.25147e-48 1.62984e-47 4.59592e-46 1.21713e-44 2.96792e-43 6.69108e-42 1.39924e-40 2.72129e-39 4.93206e-38 8.34339e-37 1.31895e-35 1.95007e-34 2.69798e-33 3.49389e-32 4.23517e-31 4.80444e-30 5.09879e-29 5.05964e-28 4.69172e-27 4.06266e-26 3.28298e-25 2.47436e-24 1.73873e-23 1.13907e-22 6.95915e-22 3.9679e-21 2.11355e-20 1.05288e-19 4.90865e-19 2.14149e-18 8.73257e-18 3.32205e-17 1.17661e-16 3.87477e-16 1.18605e-15 3.37423e-15 8.91443e-15 2.18367e-14 4.95814e-14 1.04589e-13 2.05254e-13 3.71895e-13 6.09596e-13 8.83687e-13 1.12867e-12 1.29957e-12 1.39517e-12 1.43928e-12 1.45634e-12 1.46136e-12 1.45999e-12 1.45008e-12 1.42041e-12 1.34867e-12 1.20698e-12 9.84283e-13 7.12818e-13 4.57654e-13 2.65075e-13 1.412e-13 6.99178e-14 3.22596e-14 1.38602e-14 5.54606e-15 2.06931e-15 7.20811e-16 2.34591e-16 7.1384e-17 2.03315e-17 5.42903e-18 1.36162e-18 3.21281e-19 7.14037e-20 1.49566e-20 2.9533e-21 5.49722e-22 9.64556e-23 1.59555e-23 2.48904e-24 3.66372e-25 5.09216e-26 6.6889e-27 8.31214e-28 9.78224e-29 1.09146e-29 1.15586e-30 1.16307e-31 1.11321e-32 1.01458e-33 8.81394e-35 7.30582e-36 5.78371e-37 4.37723e-38 3.17e-39 2.19885e-40 1.46224e-41 9.33132e-43 5.71993e-44 3.37277e-45 
2.08799e-45 1.53791e-46 3.85929e-46 1.03304e-44 2.59831e-43 6.04741e-42 1.30674e-40 2.62847e-39 4.93206e-38 8.64722e-37 1.41837e-35 2.17848e-34 3.13496e-33 4.22829e-32 5.34548e-31 6.33338e-30 7.03018e-29 7.3073e-28 7.10761e-27 6.46451e-26 5.49337e-25 4.35793e-24 3.22513e-23 2.22541e-22 1.43145e-21 8.58463e-21 4.80321e-20 2.50993e-19 1.22639e-18 5.60845e-18 2.40088e-17 9.6119e-17 3.59211e-16 1.25047e-15 4.04899e-15 1.21901e-14 3.41269e-14 8.87862e-14 2.14341e-13 4.79931e-13 9.98967e-13 1.93649e-12 3.47243e-12 5.64768e-12 8.14429e-12 1.0369e-11 1.1918e-11 1.27835e-11 1.31827e-11 1.33371e-11 1.33824e-11 1.33693e-11 1.32775e-11 1.30043e-11 1.2346e-11 1.10501e-11 9.01859e-12 6.54627e-12 4.22244e-12 2.46375e-12 1.32516e-12 6.63522e-13 3.09804e-13 1.34774e-13 5.46382e-14 2.06677e-14 7.30237e-15 2.41143e-15 7.44742e-16 2.15359e-16 5.84099e-17 1.48862e-17 3.57058e-18 8.06831e-19 1.71831e-19 3.4491e-20 6.52442e-21 1.163e-21 1.95377e-22 3.09446e-23 4.62361e-24 6.52255e-25 8.69589e-26 1.09682e-26 1.31032e-27 1.48436e-28 1.59634e-29 1.63165e-30 1.58682e-31 1.46993e-32 1.29833e-33 1.09453e-34 8.8157e-36 6.79017e-37 5.00617e-38 3.53616e-39 2.39529e-40 1.55734e-41 9.72774e-43 5.84594e-44 
3.50635e-44 2.69974e-45 8.33765e-45 2.12781e-43 5.10827e-42 1.13954e-40 2.36846e-39 4.59647e-38 8.34339e-37 1.41837e-35 2.26037e-34 3.37913e-33 4.74061e-32 6.24207e-31 7.71355e-30 8.94308e-29 9.72347e-28 9.90783e-27 9.45407e-26 8.44025e-25 7.04325e-24 5.48853e-23 3.99046e-22 2.70503e-21 1.70898e-20 1.00632e-19 5.526e-19 2.83277e-18 1.35742e-17 6.08727e-17 2.55591e-16 1.00414e-15 3.68471e-15 1.26015e-14 4.01e-14 1.18682e-13 3.26772e-13 8.36699e-13 1.98952e-12 4.39064e-12 9.01292e-12 1.72484e-11 3.05941e-11 4.93532e-11 7.07786e-11 8.98077e-11 1.03027e-10 1.10403e-10 1.13802e-10 1.15117e-10 1.155e-10 1.15383e-10 1.14583e-10 1.12214e-10 1.06525e-10 9.53605e-11 7.79011e-11 5.66869e-11 3.6746e-11 2.16099e-11 1.17428e-11 5.94868e-12 2.81216e-12 1.23934e-12 5.09328e-13 1.95428e-13 7.0074e-14 2.34907e-14 7.36661e-15 2.16377e-15 5.96361e-16 1.54514e-16 3.76894e-17 8.66169e-18 1.87589e-18 3.82793e-19 7.35821e-20 1.33226e-20 2.27241e-21 3.65304e-22 5.5386e-23 7.9272e-24 1.0722e-24 1.37204e-25 1.66309e-26 1.91184e-27 2.08688e-28 2.16553e-29 2.1387e-30 2.01247e-31 1.80619e-32 1.54772e-33 1.26748e-34 9.92949e-36 7.4481e-37 5.35417e-38 3.69194e-39 2.4441e-40 1.5548e-41 9.51749e-43 
5.52399e-43 4.46311e-44 1.65053e-43 4.03177e-42 9.27711e-41 1.99061e-39 3.99176e-38 7.49401e-37 1.31895e-35 2.17848e-34 3.37913e-33 4.92473e-32 6.74493e-31 8.68132e-30 1.04981e-28 1.19226e-27 1.27088e-26 1.27054e-25 1.19021e-24 1.0437e-23 8.55787e-23 6.55419e-22 4.68365e-21 3.12025e-20 1.93681e-19 1.12003e-18 6.03677e-18 3.03564e-17 1.42621e-16 6.2693e-16 2.58055e-15 9.94293e-15 3.58041e-14 1.20224e-13 3.75756e-13 1.09257e-12 2.95657e-12 7.44537e-12 1.74258e-11 3.78786e-11 7.66328e-11 1.44689e-10 2.53705e-10 4.05732e-10 5.7847e-10 7.31338e-10 8.37261e-10 8.96258e-10 9.23415e-10 9.33909e-10 9.36955e-10 9.35961e-10 9.29424e-10 9.10134e-10 8.63966e-10 7.73615e-10 6.32655e-10 4.6164e-10 3.00866e-10 1.78435e-10 9.80216e-11 5.02705e-11 2.4076e-11 1.07558e-11 4.48384e-12 1.7463e-12 6.35854e-13 2.16509e-13 6.89814e-14 2.05926e-14 5.77078e-15 1.52089e-15 3.77446e-16 8.82548e-17 1.94414e-17 4.03343e-18 7.87841e-19 1.44869e-19 2.5083e-20 4.09148e-21 6.29266e-22 9.13442e-23 1.25292e-23 1.62593e-24 1.9988e-25 2.33067e-26 2.58096e-27 2.71769e-28 2.72423e-29 2.60258e-30 2.37217e-31 2.06497e-32 1.71845e-33 1.36845e-34 1.04372e-35 7.63122e-37 5.35348e-38 3.60653e-39 2.33521e-40 1.45526e-41 
8.16308e-42 6.9459e-43 3.00434e-42 7.04863e-41 1.56005e-39 3.22961e-38 6.26496e-37 1.14041e-35 1.95007e-34 3.13496e-33 4.74061e-32 6.74493e-31 9.03003e-30 1.13737e-28 1.34731e-27 1.5002e-26 1.56908e-25 1.54018e-24 1.41739e-23 1.22155e-22 9.84694e-22 7.41524e-21 5.21031e-20 3.41246e-19 2.08166e-18 1.1824e-17 6.25541e-17 3.08528e-16 1.42079e-15 6.11907e-15 2.4676e-14 9.3179e-14 3.29021e-13 1.08394e-12 3.3251e-12 9.49131e-12 2.52229e-11 6.24178e-11 1.43679e-10 3.07385e-10 6.12428e-10 1.13993e-09 1.97453e-09 3.12863e-09 4.43274e-09 5.58234e-09 6.37657e-09 6.81799e-09 7.02088e-09 7.09918e-09 7.12179e-09 7.11394e-09 7.06392e-09 6.91693e-09 6.5662e-09 5.88166e-09 4.81604e-09 3.52505e-09 2.31104e-09 1.3832e-09 7.68749e-10 3.9943e-10 1.93946e-10 8.78961e-11 3.71981e-11 1.47166e-11 5.44544e-12 1.88466e-12 6.10476e-13 1.85348e-13 5.28501e-14 1.41777e-14 3.58194e-15 8.52494e-16 1.91066e-16 4.03063e-17 7.99995e-18 1.4938e-18 2.62493e-19 4.34356e-20 6.77453e-21 9.97039e-22 1.38641e-22 1.82388e-23 2.27306e-24 2.68731e-25 3.01775e-26 3.22296e-27 3.2776e-28 3.17748e-29 2.93976e-30 2.59832e-31 2.19613e-32 1.77672e-33 1.37712e-34 1.02353e-35 7.30099e-37 5.00243e-38 3.29506e-39 2.08937e-40 
1.13122e-40 1.01712e-41 5.04203e-41 1.13965e-39 2.43354e-38 4.87342e-37 9.16615e-36 1.62106e-34 2.69798e-33 4.22829e-32 6.24207e-31 8.68132e-30 1.13737e-28 1.40333e-27 1.62989e-26 1.78081e-25 1.82888e-24 1.76376e-23 1.59549e-22 1.35209e-21 1.072e-20 7.94076e-20 5.48808e-19 3.53462e-18 2.11943e-17 1.18259e-16 6.14096e-16 2.97027e-15 1.34023e-14 5.65203e-14 2.23133e-13 8.25037e-13 2.85416e-12 9.21739e-12 2.77277e-11 7.763e-11 2.02403e-10 4.91725e-10 1.11218e-09 2.33968e-09 4.58663e-09 8.40864e-09 1.43759e-08 2.25529e-08 3.17382e-08 3.98008e-08 4.53528e-08 4.84308e-08 4.98429e-08 5.03869e-08 5.05431e-08 5.04853e-08 5.01284e-08 4.90841e-08 4.65992e-08 4.17616e-08 3.42466e-08 2.51543e-08 1.66001e-08 1.00352e-08 5.64776e-09 2.97561e-09 1.46608e-09 6.74633e-10 2.90112e-10 1.167e-10 4.39195e-11 1.5463e-11 5.09646e-12 1.57506e-12 4.57361e-13 1.24986e-13 3.21679e-14 7.79652e-15 1.77842e-15 3.8153e-16 7.6948e-17 1.45892e-17 2.6014e-18 4.36581e-19 6.90347e-20 1.02982e-20 1.45126e-21 1.93478e-22 2.44366e-23 2.92808e-24 3.33308e-25 3.60906e-26 3.7219e-27 3.65988e-28 3.43544e-29 3.08155e-30 2.644e-31 2.17206e-32 1.71001e-33 1.29129e-34 9.3608e-36 6.51975e-37 4.36649e-38 2.81579e-39 
1.46949e-39 1.40052e-40 7.81848e-40 1.70711e-38 3.52617e-37 6.84657e-36 1.25108e-34 2.15345e-33 3.49389e-32 5.34548e-31 7.71355e-30 1.04981e-28 1.34731e-27 1.62989e-26 1.85754e-25 1.9929e-24 2.01097e-23 1.90648e-22 1.69605e-21 1.41396e-20 1.10304e-19 8.0398e-19 5.46693e-18 3.46321e-17 2.04151e-16 1.11906e-15 5.70352e-15 2.70476e-14 1.19529e-13 4.93271e-13 1.90474e-12 6.88917e-12 2.3324e-11 7.37605e-11 2.17368e-10 5.96282e-10 1.52362e-09 3.62974e-09 8.05763e-09 1.66503e-08 3.20826e-08 5.78702e-08 9.75548e-08 1.51401e-07 2.115e-07 2.64009e-07 3.00036e-07 3.19951e-07 3.29067e-07 3.32573e-07 3.33572e-07 3.33178e-07 3.30814e-07 3.23924e-07 3.07576e-07 2.75824e-07 2.26596e-07 1.67106e-07 1.11095e-07 6.79032e-08 3.87394e-08 2.07177e-08 1.03683e-08 4.84949e-09 2.12138e-09 8.68577e-10 3.32812e-10 1.19315e-10 4.00533e-11 1.2613e-11 3.73358e-12 1.04033e-12 2.7297e-13 6.74127e-14 1.56555e-14 3.41619e-15 7.00131e-16 1.34776e-16 2.43826e-17 4.14943e-18 6.65068e-19 1.00535e-19 1.43544e-20 1.93879e-21 2.48087e-22 3.01191e-23 3.47419e-24 3.8126e-25 3.98563e-26 3.97374e-27 3.78287e-28 3.44211e-29 2.99674e-30 2.49868e-31 1.99712e-32 1.53148e-33 1.12772e-34 7.98039e-36 5.43165e-37 3.56044e-38 
1.78863e-38 1.81198e-39 1.12206e-38 2.37219e-37 4.75064e-36 8.96114e-35 1.59366e-33 2.67401e-32 4.23517e-31 6.33338e-30 8.94308e-29 1.19226e-27 1.5002e-26 1.78081e-25 1.9929e-24 2.10083e-23 2.08403e-22 1.94321e-21 1.70084e-20 1.39542e-19 1.07143e-18 7.68628e-18 5.14333e-17 3.20524e-16 1.85768e-15 1.00037e-14 5.0037e-14 2.32587e-13 1.00619e-12 4.06029e-12 1.53201e-11 5.41369e-11 1.79146e-10 5.54081e-10 1.59766e-09 4.28892e-09 1.07263e-08 2.5024e-08 5.44499e-08 1.10383e-07 2.08798e-07 3.7011e-07 6.14455e-07 9.42427e-07 1.30593e-06 1.62191e-06 1.83784e-06 1.95681e-06 2.01113e-06 2.03197e-06 2.03786e-06 2.03538e-06 2.02092e-06 1.97893e-06 1.87954e-06 1.68693e-06 1.38887e-06 1.02904e-06 6.89876e-07 4.26847e-07 2.47165e-07 1.34333e-07 6.83674e-08 3.25436e-08 1.45003e-08 6.05062e-09 2.36324e-09 8.63705e-10 2.95657e-10 9.49839e-11 2.8696e-11 8.16161e-12 2.1851e-12 5.5019e-13 1.30136e-13 2.88892e-14 6.01683e-15 1.17594e-15 2.15823e-16 3.72388e-17 6.04885e-18 9.26393e-19 1.33985e-19 1.83298e-20 2.37565e-21 2.92143e-22 3.41372e-23 3.7956e-24 4.02083e-25 4.0632e-26 3.92134e-27 3.61816e-28 3.19499e-29 2.70271e-30 2.19217e-31 1.70638e-32 1.27575e-33 9.16848e-35 6.33889e-36 4.22175e-37 
2.03878e-37 2.20098e-38 1.4922e-37 3.06093e-36 5.95486e-35 1.09314e-33 1.89496e-32 3.10365e-31 4.80444e-30 7.03018e-29 9.72347e-28 1.27088e-26 1.56908e-25 1.82888e-24 2.01097e-23 2.08403e-22 2.03336e-21 1.86548e-20 1.60704e-19 1.2979e-18 9.81077e-18 6.9285e-17 4.56308e-16 2.79763e-15 1.59422e-14 8.43346e-14 4.13909e-13 1.88524e-12 7.97954e-12 3.14596e-11 1.15856e-10 3.99439e-10 1.29e-09 3.89628e-09 1.09768e-08 2.87954e-08 7.03792e-08 1.60538e-07 3.41862e-07 6.78892e-07 1.25889e-06 2.1897e-06 3.57516e-06 5.41261e-06 7.43345e-06 9.18034e-06 1.03688e-05 1.10212e-05 1.13183e-05 1.14319e-05 1.14637e-05 1.14494e-05 1.13681e-05 1.1133e-05 1.05779e-05 9.50432e-06 7.8458e-06 5.84519e-06 3.9564e-06 2.48163e-06 1.46062e-06 8.07886e-07 4.18729e-07 2.03154e-07 9.23394e-08 3.93262e-08 1.56787e-08 5.84951e-09 2.04473e-09 6.71131e-10 2.07228e-10 6.02331e-11 1.647e-11 4.23093e-12 1.01966e-12 2.30332e-13 4.87546e-14 9.67415e-15 1.80115e-15 3.1506e-16 5.18581e-17 8.04538e-18 1.1785e-18 1.6327e-19 2.14286e-20 2.66862e-21 3.15817e-22 3.55679e-23 3.81709e-24 3.90843e-25 3.82276e-26 3.57547e-27 3.20124e-28 2.74635e-29 2.25968e-30 1.78471e-31 1.35421e-32 9.87977e-34 6.9357e-35 4.69132e-36 
2.17496e-36 2.50791e-37 1.84058e-36 3.66991e-35 6.94757e-34 1.24305e-32 2.1032e-31 3.36649e-30 5.09879e-29 7.3073e-28 9.90783e-27 1.27054e-25 1.54018e-24 1.76376e-23 1.90648e-22 1.94321e-21 1.86548e-20 1.68451e-19 1.42861e-18 1.13604e-17 8.45533e-17 5.8789e-16 3.81093e-15 2.29872e-14 1.28786e-13 6.69176e-13 3.22189e-12 1.43739e-11 5.94888e-11 2.28936e-10 8.21839e-10 2.76013e-09 8.68412e-09 2.55687e-08 7.02595e-08 1.79808e-07 4.28733e-07 9.54431e-07 1.98542e-06 3.85562e-06 6.99698e-06 1.19226e-05 1.91121e-05 2.85195e-05 3.87773e-05 4.75901e-05 5.35565e-05 5.68189e-05 5.82991e-05 5.88636e-05 5.90204e-05 5.89446e-05 5.85281e-05 5.73271e-05 5.44977e-05 4.90362e-05 4.06119e-05 3.04551e-05 2.08435e-05 1.32768e-05 7.95649e-06 4.48607e-06 2.37189e-06 1.17498e-06 5.4579e-07 2.37648e-07 9.68691e-08 3.6953e-08 1.32126e-08 4.43829e-09 1.40288e-09 4.1728e-10 1.16652e-10 3.05941e-11 7.51594e-12 1.72801e-12 3.71782e-13 7.49005e-14 1.41462e-14 2.50848e-15 4.18361e-16 6.57432e-17 9.75233e-18 1.36806e-18 1.81801e-19 2.29243e-20 2.74714e-21 3.13317e-22 3.40565e-23 3.5325e-24 3.50065e-25 3.31807e-26 3.01124e-27 2.61912e-28 2.18533e-29 1.7507e-30 1.34773e-31 9.9778e-33 7.1096e-34 4.88217e-35 
2.17014e-35 2.67847e-36 2.10711e-35 4.09021e-34 7.54611e-33 1.31764e-31 2.17849e-30 3.41128e-29 5.05964e-28 7.10761e-27 9.45407e-26 1.19021e-24 1.41739e-23 1.59549e-22 1.69605e-21 1.70084e-20 1.60704e-19 1.42861e-18 1.19299e-17 9.34191e-17 6.8467e-16 4.68691e-15 2.99038e-14 1.77447e-13 9.77282e-13 4.98674e-12 2.35466e-11 1.02849e-10 4.15927e-10 1.56086e-09 5.45424e-09 1.78118e-08 5.4484e-08 1.56048e-07 4.17392e-07 1.04002e-06 2.41429e-06 5.23399e-06 1.0613e-05 2.01128e-05 3.56503e-05 5.93918e-05 9.32901e-05 0.000136971 0.000184141 0.000224391 0.000251495 0.00026625 0.000272921 0.000275456 0.000276153 0.000275791 0.000273859 0.000268306 0.000255249 0.000230093 0.000191341 0.000144622 0.000100266 6.49916e-05 3.97355e-05 2.28821e-05 1.23663e-05 6.26806e-06 2.9818e-06 1.33005e-06 5.55346e-07 2.17029e-07 7.95342e-08 2.73972e-08 8.8811e-09 2.70732e-09 7.74613e-10 2.07563e-10 5.20018e-11 1.21721e-11 2.66231e-12 5.44621e-13 1.04349e-13 1.87585e-14 3.16997e-15 5.04565e-16 7.57936e-17 1.07653e-17 1.44838e-18 1.84904e-19 2.24344e-20 2.59082e-21 2.85183e-22 2.99598e-23 3.00754e-24 2.88824e-25 2.65623e-26 2.34173e-27 1.98085e-28 1.60915e-29 1.25641e-30 9.43628e-32 6.82245e-33 4.75478e-34 
2.024e-34 2.6792e-35 2.23998e-34 4.23882e-33 7.63078e-32 1.30178e-30 2.10519e-29 3.22768e-28 4.69172e-27 6.46451e-26 8.44025e-25 1.0437e-23 1.22155e-22 1.35209e-21 1.41396e-20 1.39542e-19 1.2979e-18 1.13604e-17 9.34191e-17 7.20389e-16 5.19889e-15 3.50368e-14 2.19996e-13 1.284e-12 6.94997e-12 3.48157e-11 1.6116e-10 6.8883e-10 2.71994e-09 9.94265e-09 3.37681e-08 1.07013e-07 3.1749e-07 8.8235e-07 2.29175e-06 5.54687e-06 1.25062e-05 2.63366e-05 5.19216e-05 9.57889e-05 0.00016545 0.000268862 0.000412848 0.000595138 0.00078982 0.000954683 0.00106505 0.00112485 0.00115178 0.00116197 0.00116474 0.0011632 0.00115516 0.00113214 0.00107811 0.000974188 0.000814265 0.000621364 0.000437372 0.0002892 0.000180814 0.000106591 5.90215e-05 3.06868e-05 1.49872e-05 6.86431e-06 2.94243e-06 1.18072e-06 4.44548e-07 1.57402e-07 5.24347e-08 1.64079e-08 4.81031e-09 1.31791e-09 3.36892e-10 8.03082e-11 1.78608e-11 3.71062e-12 7.21331e-13 1.3147e-13 2.25131e-14 3.62982e-15 5.52172e-16 7.94092e-17 1.08166e-17 1.398e-18 1.71727e-19 2.00794e-20 2.23805e-21 2.38106e-22 2.42099e-23 2.35524e-24 2.19465e-25 1.96073e-26 1.68113e-27 1.38452e-28 1.09617e-29 8.34988e-31 6.12403e-32 4.33046e-33 
1.7635e-33 2.50832e-34 2.21205e-33 4.08543e-32 7.18403e-31 1.19849e-29 1.89727e-28 2.85016e-27 4.06266e-26 5.49337e-25 7.04325e-24 8.55787e-23 9.84694e-22 1.072e-20 1.10304e-19 1.07143e-18 9.81077e-18 8.45533e-17 6.8467e-16 5.19889e-15 3.69399e-14 2.45039e-13 1.51381e-12 8.68764e-12 4.6199e-11 2.27112e-10 1.0301e-09 4.30566e-09 1.65865e-08 5.89914e-08 1.94406e-07 5.96527e-07 1.71189e-06 4.60291e-06 1.15757e-05 2.71402e-05 5.92667e-05 0.000120879 0.000231 0.000413663 0.000694324 0.00109759 0.00164305 0.00231948 0.00303266 0.00363145 0.00402973 0.00424442 0.00434069 0.00437701 0.00438676 0.00438091 0.00435129 0.00426668 0.00406851 0.00368785 0.00310245 0.00239537 0.00171659 0.00116122 0.000744479 0.000450494 0.000256313 0.000137103 6.89442e-05 3.25111e-05 1.43449e-05 5.92675e-06 2.29911e-06 8.38999e-07 2.8787e-07 9.26257e-08 2.78571e-08 7.80981e-09 2.03803e-09 4.94958e-10 1.11966e-10 2.36293e-11 4.66155e-12 8.61569e-13 1.4953e-13 2.44247e-14 3.76313e-15 5.48017e-16 7.55816e-17 9.89034e-18 1.23004e-18 1.45623e-19 1.64353e-20 1.77074e-21 1.8235e-22 1.79697e-23 1.69642e-24 1.53576e-25 1.3345e-26 1.11407e-27 8.94266e-29 6.90759e-30 5.13832e-31 3.68586e-32 
1.43483e-32 2.19686e-33 2.03007e-32 3.66275e-31 6.29683e-30 1.02804e-28 1.59411e-27 2.34765e-26 3.28298e-25 4.35793e-24 5.48853e-23 6.55419e-22 7.41524e-21 7.94076e-20 8.0398e-19 7.68628e-18 6.9285e-17 5.8789e-16 4.68691e-15 3.50368e-14 2.45039e-13 1.59943e-12 9.71812e-12 5.48158e-11 2.86243e-10 1.3801e-09 6.12952e-09 2.50363e-08 9.4004e-08 3.2488e-07 1.03703e-06 3.07363e-06 8.50591e-06 2.2051e-05 5.35102e-05 0.000121134 0.00025537 0.000502721 0.000927919 0.00160733 0.00261316 0.0040057 0.00582665 0.00802994 0.0103179 0.0122201 0.0134764 0.0141499 0.0144506 0.0145635 0.0145935 0.0145742 0.0144788 0.014207 0.0135716 0.0123525 0.0104778 0.00820759 0.00600847 0.00417242 0.00275185 0.00171481 0.00100594 0.000555538 0.000288606 0.00014056 6.40388e-05 2.73322e-05 1.09608e-05 4.13498e-06 1.46486e-06 4.85513e-07 1.49973e-07 4.30592e-08 1.14779e-08 2.84128e-09 6.54016e-10 1.40259e-10 2.80897e-11 5.26635e-12 9.26614e-13 1.5338e-13 2.39399e-14 3.53109e-15 4.93189e-16 6.53521e-17 8.23019e-18 9.86663e-19 1.12769e-19 1.23048e-20 1.28345e-21 1.28121e-22 1.22541e-23 1.12409e-24 9.89919e-26 8.37655e-27 6.81655e-28 5.33879e-29 4.02744e-30 2.93031e-31 
1.08991e-31 1.79949e-32 1.73213e-31 3.05542e-30 5.13889e-29 8.21541e-28 1.24842e-26 1.80305e-25 2.47436e-24 3.22513e-23 3.99046e-22 4.68365e-21 5.21031e-20 5.48808e-19 5.46693e-18 5.14333e-17 4.56308e-16 3.81093e-15 2.99038e-14 2.19996e-13 1.51381e-12 9.71812e-12 5.8043e-11 3.21592e-10 1.64794e-09 7.78699e-09 3.38382e-08 1.34938e-07 4.9329e-07 1.65434e-06 5.10543e-06 1.45782e-05 3.87718e-05 9.65265e-05 0.000225098 0.000490085 0.000993645 0.00188048 0.00333858 0.00557106 0.00873913 0.0129421 0.0182233 0.0244257 0.0307488 0.0359463 0.0393525 0.0411679 0.0419748 0.0422767 0.0423556 0.042301 0.042037 0.0412874 0.039537 0.0361812 0.0310171 0.0247357 0.0185732 0.0132922 0.00905213 0.00583127 0.00354129 0.0020275 0.00109241 0.000551511 0.00026042 0.000115275 4.79751e-05 1.87734e-05 6.88455e-06 2.35468e-06 7.47982e-07 2.20129e-07 5.99793e-08 1.5143e-08 3.54876e-09 7.73786e-10 1.57393e-10 2.99466e-11 5.3441e-12 8.96775e-13 1.41851e-13 2.11988e-14 2.99942e-15 4.02589e-16 5.13536e-17 6.23572e-18 7.21898e-19 7.97909e-20 8.43116e-21 8.52709e-22 8.26381e-23 7.68203e-24 6.85658e-25 5.88121e-26 4.85201e-27 3.85318e-28 2.94773e-29 2.17531e-30 
7.73004e-31 1.37854e-31 1.37486e-30 2.37251e-29 3.90592e-28 6.11698e-27 9.11223e-26 1.29093e-24 1.73873e-23 2.22541e-22 2.70503e-21 3.12025e-20 3.41246e-19 3.53462e-18 3.46321e-17 3.20524e-16 2.79763e-15 2.29872e-14 1.77447e-13 1.284e-12 8.68764e-12 5.48158e-11 3.21592e-10 1.74882e-09 8.78636e-09 4.06513e-08 1.72658e-07 6.71435e-07 2.38678e-06 7.75569e-06 2.30945e-05 6.33583e-05 0.000161345 0.00038401 0.000856417 0.00178501 0.0034652 0.00627568 0.0106651 0.0170622 0.0257087 0.0366272 0.0497105 0.0645204 0.0792774 0.0912448 0.0990199 0.103139 0.104962 0.105641 0.105816 0.105687 0.105073 0.103334 0.0992791 0.0915065 0.0795216 0.064839 0.0501717 0.0371687 0.0262483 0.0175588 0.0110921 0.00661525 0.00371313 0.00195152 0.00095934 0.00044249 0.000191967 7.82039e-05 2.97659e-05 1.05249e-05 3.44259e-06 1.03954e-06 2.89777e-07 7.46738e-08 1.78298e-08 3.95543e-09 8.17699e-10 1.57991e-10 2.86124e-11 4.87024e-12 7.81138e-13 1.18337e-13 1.69698e-14 2.30822e-15 2.98352e-16 3.67091e-17 4.30619e-18 4.82294e-19 5.16427e-20 5.29317e-21 5.19904e-22 4.89878e-23 4.43234e-24 3.85436e-25 3.22417e-26 2.59641e-27 2.01442e-28 1.50781e-29 
5.12094e-30 9.87933e-31 1.01593e-29 1.71589e-28 2.76628e-27 4.2451e-26 6.20028e-25 8.61697e-24 1.13907e-22 1.43145e-21 1.70898e-20 1.93681e-19 2.08166e-18 2.11943e-17 2.04151e-16 1.85768e-15 1.59422e-14 1.28786e-13 9.77282e-13 6.94997e-12 4.6199e-11 2.86243e-10 1.64794e-09 8.78636e-09 4.32326e-08 1.95607e-07 8.10965e-07 3.07115e-06 1.05995e-05 3.33143e-05 9.55168e-05 0.000251058 0.00060978 0.00138051 0.00292793 0.00581015 0.010744 0.0185247 0.0299717 0.0457196 0.0658335 0.0898141 0.116959 0.146299 0.174694 0.197344 0.211918 0.219592 0.222974 0.22423 0.22455 0.224299 0.22313 0.219828 0.212134 0.197375 0.174527 0.146216 0.117194 0.0902966 0.0664377 0.0463904 0.0306515 0.0191445 0.0112507 0.00618638 0.00318298 0.00153821 0.000699053 0.000297596 0.000117876 4.31689e-05 1.45597e-05 4.51635e-06 1.28938e-06 3.39486e-07 8.26671e-08 1.86762e-08 3.92745e-09 7.71244e-10 1.41862e-10 2.45125e-11 3.9895e-12 6.13102e-13 8.91696e-14 1.22992e-14 1.6119e-15 2.01078e-16 2.39138e-17 2.71536e-18 2.94774e-19 3.06317e-20 3.05051e-21 2.91442e-22 2.67387e-23 2.35793e-24 2.00031e-25 1.63376e-26 1.28569e-27 9.76202e-29 
3.17116e-29 6.62662e-30 6.99491e-29 1.15681e-27 1.82683e-26 2.74762e-25 3.93507e-24 5.36476e-23 6.95915e-22 8.58463e-21 1.00632e-19 1.12003e-18 1.1824e-17 1.18259e-16 1.11906e-15 1.00037e-14 8.43346e-14 6.69176e-13 4.98674e-12 3.48157e-11 2.27112e-10 1.3801e-09 7.78699e-09 4.06513e-08 1.95607e-07 8.64161e-07 3.49141e-06 1.28534e-05 4.29899e-05 0.000130429 0.000359241 0.000902027 0.00208135 0.00445837 0.00893574 0.0167747 0.0293746 0.0479472 0.073427 0.106177 0.145323 0.18897 0.235123 0.282179 0.326018 0.36027 0.382068 0.393477 0.398487 0.400343 0.400813 0.400429 0.398664 0.393686 0.382092 0.359808 0.325062 0.281234 0.234614 0.188835 0.14546 0.106607 0.0741098 0.0487553 0.0301636 0.0174521 0.00945719 0.00481817 0.00230563 0.00102955 0.000425484 0.000161701 5.63256e-05 1.79745e-05 5.26281e-06 1.41766e-06 3.52508e-07 8.12016e-08 1.73908e-08 3.47485e-09 6.49884e-10 1.14114e-10 1.88653e-11 2.94389e-12 4.34646e-13 6.08466e-14 8.0923e-15 1.02428e-15 1.2359e-16 1.42368e-17 1.56786e-18 1.65275e-19 1.66963e-20 1.61811e-21 1.50593e-22 1.34714e-23 1.15933e-24 9.60578e-26 7.66879e-27 5.90745e-28 
1.83741e-28 4.16257e-29 4.49182e-28 7.2766e-27 1.12595e-25 1.66004e-24 2.33135e-23 3.11766e-22 3.9679e-21 4.80321e-20 5.526e-19 6.03677e-18 6.25541e-17 6.14096e-16 5.70352e-15 5.0037e-14 4.13909e-13 3.22189e-12 2.35466e-11 1.6116e-10 1.0301e-09 6.12952e-09 3.38382e-08 1.72658e-07 8.10965e-07 3.49141e-06 1.37182e-05 4.89868e-05 0.000158412 0.000462812 0.00122139 0.00292102 0.00637829 0.0128585 0.0241911 0.0426554 0.0702763 0.107968 0.155631 0.212165 0.274684 0.339199 0.402189 0.461914 0.514846 0.555114 0.580414 0.593581 0.599351 0.601488 0.602027 0.601579 0.59953 0.593759 0.580312 0.554357 0.513404 0.460325 0.40087 0.338061 0.273753 0.211676 0.155693 0.10849 0.0710649 0.0435439 0.025028 0.0135312 0.00685268 0.00322108 0.00139249 0.000550331 0.000198368 6.52443e-05 1.96268e-05 5.41832e-06 1.37806e-06 3.24186e-07 7.08192e-08 1.44195e-08 2.74602e-09 4.90674e-10 8.25066e-11 1.30902e-11 1.96433e-12 2.79416e-13 3.77503e-14 4.85305e-15 5.94638e-16 6.95493e-17 7.7757e-18 8.32043e-19 8.53144e-20 8.39152e-21 7.9257e-22 7.19482e-23 6.283e-24 5.28243e-25 4.27913e-26 3.34467e-27 
9.97083e-28 2.44974e-28 2.69228e-27 4.27405e-26 6.48237e-25 9.37058e-24 1.29061e-22 1.69287e-21 2.11355e-20 2.50993e-19 2.83277e-18 3.03564e-17 3.08528e-16 2.97027e-15 2.70476e-14 2.32587e-13 1.88524e-12 1.43739e-11 1.02849e-10 6.8883e-10 4.30566e-09 2.50363e-08 1.34938e-07 6.71435e-07 3.07115e-06 1.28534e-05 4.89868e-05 0.000169216 0.000527557 0.00147981 0.00373063 0.00847116 0.0174414 0.0329323 0.0577809 0.0949973 0.146276 0.21041 0.284267 0.364037 0.444653 0.520908 0.58907 0.64846 0.697919 0.73429 0.7568 0.768451 0.773553 0.775446 0.775926 0.775533 0.773734 0.76867 0.756851 0.733874 0.696962 0.647258 0.587755 0.519285 0.44282 0.362395 0.283144 0.209913 0.146375 0.0956304 0.0587305 0.033907 0.0182553 0.00906182 0.00410881 0.00169293 0.000632996 0.000215092 6.66307e-05 1.88934e-05 4.92548e-06 1.1858e-06 2.64754e-07 5.50392e-08 1.06927e-08 1.9478e-09 3.33696e-10 5.39141e-11 8.23522e-12 1.19191e-12 1.63793e-13 2.14108e-14 2.66679e-15 3.1698e-16 3.60062e-17 3.91371e-18 4.07553e-19 4.07047e-20 3.90315e-21 3.59677e-22 3.18802e-23 2.72022e-24 2.23616e-25 1.77358e-26 
5.07066e-27 1.35069e-27 1.50671e-26 2.34528e-25 3.48808e-24 4.94539e-23 6.68131e-22 8.59699e-21 1.05288e-19 1.22639e-18 1.35742e-17 1.42621e-16 1.42079e-15 1.34023e-14 1.19529e-13 1.00619e-12 7.97954e-12 5.94888e-11 4.15927e-10 2.71994e-09 1.65865e-08 9.4004e-08 4.9329e-07 2.38678e-06 1.05995e-05 4.29899e-05 0.000158412 0.000527557 0.00158012 0.00424008 0.0101744 0.0218599 0.0422964 0.0745163 0.121308 0.1848 0.264426 0.354859 0.448761 0.540057 0.623534 0.695474 0.754279 0.801268 0.837822 0.863664 0.879372 0.887453 0.890991 0.892307 0.892644 0.892379 0.891155 0.887707 0.879633 0.863781 0.837732 0.801042 0.753812 0.694464 0.621933 0.538092 0.446736 0.353047 0.263168 0.184456 0.121812 0.0754697 0.0433483 0.0227914 0.0108713 0.00468416 0.00182242 0.000641703 0.000205304 5.99636e-05 1.60679e-05 3.96935e-06 9.08144e-07 1.93239e-07 3.83887e-08 7.14472e-09 1.24968e-09 2.05997e-10 3.20831e-11 4.73198e-12 6.62309e-13 8.81358e-14 1.11703e-14 1.35048e-15 1.55972e-16 1.72313e-17 1.82322e-18 1.8497e-19 1.80121e-20 1.68522e-21 1.51626e-22 1.31308e-23 1.09536e-24 8.81507e-26 
2.4165e-26 6.97214e-27 7.87071e-26 1.20201e-24 1.75409e-23 2.44042e-22 3.23545e-21 4.08512e-20 4.90865e-19 5.60845e-18 6.08727e-17 6.2693e-16 6.11907e-15 5.65203e-14 4.93271e-13 4.06029e-12 3.14596e-11 2.28936e-10 1.56086e-09 9.94265e-09 5.89914e-08 3.2488e-07 1.65434e-06 7.75569e-06 3.33143e-05 0.000130429 0.000462812 0.00147981 0.00424008 0.0108374 0.0246461 0.0499082 0.0904679 0.148367 0.223568 0.31459 0.417145 0.522154 0.620047 0.705317 0.775591 0.830701 0.872009 0.902384 0.924433 0.939365 0.948254 0.952792 0.954777 0.955518 0.95571 0.955568 0.954898 0.95301 0.948567 0.939739 0.924854 0.902854 0.872401 0.830749 0.775104 0.704192 0.618241 0.519771 0.414731 0.312952 0.222992 0.148627 0.091283 0.0509835 0.0256735 0.0116123 0.00471901 0.00172835 0.000573204 0.000173072 4.78373e-05 1.21677e-05 2.86191e-06 6.25214e-07 1.27364e-07 2.42807e-08 4.34573e-09 7.32322e-10 1.16496e-10 1.75351e-11 2.50281e-12 3.39402e-13 4.38069e-14 5.39042e-15 6.33294e-16 7.11367e-17 7.64966e-18 7.88436e-19 7.79729e-20 7.40659e-21 6.76403e-22 5.9442e-23 5.03091e-24 4.10707e-25 
1.07825e-25 3.36447e-26 3.83364e-25 5.74854e-24 8.23675e-23 1.12524e-21 1.46478e-20 1.81571e-19 2.14149e-18 2.40088e-17 2.55591e-16 2.58055e-15 2.4676e-14 2.23133e-13 1.90474e-12 1.53201e-11 1.15856e-10 8.21839e-10 5.45424e-09 3.37681e-08 1.94406e-07 1.03703e-06 5.10543e-06 2.30945e-05 9.55168e-05 0.000359241 0.00122139 0.00373063 0.0101744 0.0246461 0.0528635 0.100459 0.170098 0.259487 0.362398 0.472041 0.581622 0.682281 0.766722 0.832835 0.882039 0.917204 0.941454 0.957935 0.969111 0.976345 0.980552 0.982679 0.983608 0.983956 0.984047 0.983984 0.98368 0.982821 0.980786 0.976689 0.969585 0.958557 0.942179 0.917903 0.882542 0.832898 0.76602 0.680605 0.579282 0.469773 0.360642 0.258412 0.169909 0.101117 0.0539769 0.0257435 0.0109775 0.0042013 0.00145104 0.000454992 0.000130294 3.4265e-05 8.31704e-06 1.87178e-06 3.92176e-07 7.67781e-08 1.40916e-08 2.43187e-09 3.9569e-10 6.08514e-11 8.86458e-12 1.22577e-12 1.61189e-13 2.01924e-14 2.41353e-15 2.75655e-16 3.0124e-17 3.15381e-18 3.16692e-19 3.0534e-20 2.82951e-21 2.52248e-22 2.16527e-23 1.79248e-24 
4.49756e-25 1.51479e-25 1.73825e-24 2.56117e-23 3.60588e-22 4.84036e-21 6.19092e-20 7.53889e-19 8.73257e-18 9.6119e-17 1.00414e-15 9.94293e-15 9.3179e-14 8.25037e-13 6.88917e-12 5.41369e-11 3.99439e-10 2.76013e-09 1.78118e-08 1.07013e-07 5.96527e-07 3.07363e-06 1.45782e-05 6.33583e-05 0.000251058 0.000902027 0.00292102 0.00847116 0.0218599 0.0499082 0.100459 0.178415 0.281513 0.399801 0.520016 0.632014 0.73037 0.81107 0.872221 0.915576 0.944882 0.964039 0.976229 0.983916 0.988794 0.991807 0.993515 0.994368 0.99474 0.994879 0.994916 0.994892 0.994775 0.994441 0.993646 0.992019 0.989115 0.984379 0.976853 0.964813 0.94575 0.916371 0.872637 0.81077 0.729275 0.630301 0.517808 0.397452 0.279812 0.177942 0.101113 0.0510967 0.0229841 0.00924344 0.00334363 0.00109482 0.000326491 8.91787e-05 2.24259e-05 5.21631e-06 1.12702e-06 2.27049e-07 4.27987e-08 7.57249e-09 1.26123e-09 1.98259e-10 2.9485e-11 4.15767e-12 5.56995e-13 7.10241e-14 8.63471e-15 1.00243e-15 1.11288e-16 1.18305e-17 1.20573e-18 1.17947e-19 1.10858e-20 1.00212e-21 8.72048e-23 7.31715e-24 
1.75058e-24 6.35023e-25 7.32401e-24 1.0611e-22 1.46892e-21 1.93879e-20 2.438e-19 2.91834e-18 3.32205e-17 3.59211e-16 3.68471e-15 3.58041e-14 3.29021e-13 2.85416e-12 2.3324e-11 1.79146e-10 1.29e-09 8.68412e-09 5.4484e-08 3.1749e-07 1.71189e-06 8.50591e-06 3.87718e-05 0.000161345 0.00060978 0.00208135 0.00637829 0.0174414 0.0422964 0.0904679 0.170098 0.281513 0.413683 0.548537 0.669471 0.768094 0.843951 0.899308 0.937239 0.961742 0.976885 0.98598 0.991338 0.994482 0.996352 0.997453 0.998059 0.998358 0.998488 0.998537 0.99855 0.998542 0.998502 0.998389 0.998118 0.997554 0.996517 0.994739 0.991724 0.986535 0.977635 0.962656 0.938183 0.900049 0.844244 0.76765 0.667913 0.545901 0.410813 0.279547 0.16966 0.091288 0.0435779 0.0185381 0.00706935 0.00243166 0.000759014 0.000216216 5.65081e-05 1.36157e-05 3.0383e-06 6.30486e-07 1.22127e-07 2.21585e-08 3.77767e-09 6.06885e-10 9.21128e-11 1.32403e-11 1.80628e-12 2.34337e-13 2.89635e-14 3.41617e-15 3.85096e-16 4.15478e-17 4.29575e-18 4.26148e-19 4.06063e-20 3.72035e-21 3.28055e-22 2.78879e-23 
6.34884e-24 2.47478e-24 2.86366e-23 4.08195e-22 5.55939e-21 7.21877e-20 8.92943e-19 1.05124e-17 1.17661e-16 1.25047e-15 1.26015e-14 1.20224e-13 1.08394e-12 9.21739e-12 7.37605e-11 5.54081e-10 3.89628e-09 2.55687e-08 1.56048e-07 8.8235e-07 4.60291e-06 2.2051e-05 9.65265e-05 0.00038401 0.00138051 0.00445837 0.0128585 0.0329323 0.0745163 0.148367 0.259487 0.399801 0.548537 0.683215 0.789963 0.866503 0.918124 0.951507 0.972138 0.984306 0.991215 0.995044 0.997137 0.998283 0.998923 0.999282 0.999474 0.999567 0.999607 0.999622 0.999626 0.999624 0.999612 0.999578 0.999496 0.999323 0.998993 0.998401 0.99733 0.995353 0.991693 0.984996 0.973049 0.952581 0.919204 0.867212 0.78966 0.681401 0.545472 0.396636 0.257621 0.148316 0.0756379 0.0342751 0.0138664 0.005036 0.00165141 0.000491815 0.000133778 3.34142e-05 7.70227e-06 1.64606e-06 3.27524e-07 6.09076e-08 1.06228e-08 1.74303e-09 2.69843e-10 3.9516e-11 5.48666e-12 7.23832e-13 9.09082e-14 1.08885e-14 1.24578e-15 1.3635e-16 1.42958e-17 1.4376e-18 1.3882e-19 1.28858e-20 1.15093e-21 9.90874e-23 
