7.29896e-18 6.45815e-18 1.35567e-17 3.69656e-17 1.02751e-16 2.80662e-16 7.49856e-16 1.95822e-15 4.99732e-15 1.24607e-14 3.03549e-14 7.22359e-14 1.67915e-13 3.81262e-13 8.45569e-13 1.83178e-12 3.87629e-12 8.01319e-12 1.61837e-11 3.19356e-11 6.1581e-11 1.16049e-10 2.1375e-10 3.84847e-10 6.7737e-10 1.16562e-09 1.9611e-09 3.2261e-09 5.18913e-09 8.16109e-09 1.25496e-08 1.88676e-08 2.77322e-08 3.9848e-08 5.59694e-08 7.68402e-08 1.0311e-07 1.35234e-07 1.73364e-07 2.17258e-07 2.66211e-07 3.19045e-07 3.7415e-07 4.29593e-07 4.83269e-07 5.33067e-07 5.77035e-07 6.135e-07 6.41139e-07 6.59006e-07 6.66517e-07 6.63433e-07 6.49844e-07 6.26186e-07 5.93257e-07 5.52236e-07 5.04677e-07 4.52447e-07 3.97615e-07 3.42307e-07 2.88529e-07 2.38013e-07 1.92097e-07 1.51659e-07 1.17113e-07 8.84536e-08 6.53464e-08 4.72231e-08 3.33854e-08 2.30928e-08 1.56302e-08 1.03529e-08 6.71136e-09 4.25841e-09 2.64483e-09 1.60798e-09 9.56986e-10 5.57542e-10 3.17973e-10 1.77514e-10 9.7004e-11 5.1885e-11 2.71624e-11 1.39171e-11 6.97859e-12 3.42461e-12 1.64465e-12 7.72957e-13 3.55521e-13 1.60038e-13 7.05105e-14 3.04087e-14 1.28381e-14 5.30657e-15 2.14786e-15 8.51425e-16 3.30618e-16 1.25821e-16 4.70471e-17 1.76578e-17 
6.45815e-18 5.70184e-18 1.21818e-17 3.37978e-17 9.54387e-17 2.64692e-16 7.17842e-16 1.90235e-15 4.92521e-15 1.24553e-14 3.07626e-14 7.41957e-14 1.74737e-13 4.01803e-13 9.02096e-13 1.97744e-12 4.2323e-12 8.84491e-12 1.80504e-11 3.59747e-11 7.00277e-11 1.33154e-10 2.47341e-10 4.48899e-10 7.96071e-10 1.37957e-09 2.33646e-09 3.86737e-09 6.25644e-09 9.89235e-09 1.52872e-08 2.30887e-08 3.40796e-08 4.91577e-08 6.92891e-08 9.54312e-08 1.28426e-07 1.68871e-07 2.16977e-07 2.7245e-07 3.34402e-07 4.01332e-07 4.71185e-07 5.41489e-07 6.09548e-07 6.7267e-07 7.28367e-07 7.74519e-07 8.09462e-07 8.32009e-07 8.41435e-07 8.37442e-07 8.20147e-07 7.90094e-07 7.48285e-07 6.96211e-07 6.35844e-07 5.6956e-07 5.00005e-07 4.29893e-07 3.61788e-07 2.979e-07 2.39926e-07 1.88967e-07 1.45532e-07 1.09594e-07 8.07005e-08 5.81117e-08 4.09248e-08 2.81896e-08 1.89939e-08 1.25199e-08 8.07396e-09 5.09447e-09 3.14529e-09 1.90013e-09 1.12325e-09 6.4973e-10 3.67746e-10 2.03661e-10 1.10355e-10 5.85036e-11 3.0343e-11 1.53958e-11 7.64184e-12 3.71054e-12 1.76246e-12 8.18932e-13 3.72256e-13 1.65549e-13 7.20337e-14 3.06702e-14 1.27798e-14 5.21221e-15 2.08104e-15 8.1355e-16 3.11479e-16 1.16847e-16 4.30527e-17 1.59062e-17 
1.35567e-17 1.21818e-17 2.64454e-17 7.38828e-17 2.09599e-16 5.83632e-16 1.58851e-15 4.22337e-15 1.09658e-14 2.78005e-14 6.8808e-14 1.66244e-13 3.92041e-13 9.02342e-13 2.02699e-12 4.444e-12 9.50938e-12 1.98615e-11 4.04942e-11 8.0601e-11 1.56643e-10 2.97278e-10 5.5101e-10 9.97613e-10 1.76453e-09 3.04937e-09 5.14937e-09 8.49763e-09 1.37046e-08 2.16014e-08 3.32773e-08 5.01035e-08 7.3728e-08 1.0603e-07 1.49019e-07 2.0467e-07 2.747e-07 3.60296e-07 4.61832e-07 5.78612e-07 7.08707e-07 8.48923e-07 9.94929e-07 1.14155e-06 1.28319e-06 1.41428e-06 1.5297e-06 1.62513e-06 1.69719e-06 1.74349e-06 1.76258e-06 1.75388e-06 1.71763e-06 1.65493e-06 1.56784e-06 1.45941e-06 1.33367e-06 1.19553e-06 1.05046e-06 9.04078e-07 7.61733e-07 6.28031e-07 5.06535e-07 3.99579e-07 3.08259e-07 2.32561e-07 1.71583e-07 1.23809e-07 8.73787e-08 6.03207e-08 4.07352e-08 2.69121e-08 1.73948e-08 1.10004e-08 6.80639e-09 4.12049e-09 2.44059e-09 1.4143e-09 8.01795e-10 4.44667e-10 2.41227e-10 1.27998e-10 6.64256e-11 3.3713e-11 1.67327e-11 8.12134e-12 3.85456e-12 1.789e-12 8.11991e-13 3.6043e-13 1.56479e-13 6.64511e-14 2.76069e-14 1.12219e-14 4.46402e-15 1.73811e-15 6.62557e-16 2.47382e-16 9.06947e-17 3.33471e-17 
3.69656e-17 3.37978e-17 7.38828e-17 2.06223e-16 5.83733e-16 1.62137e-15 4.40136e-15 1.16692e-14 3.02093e-14 7.63494e-14 1.88351e-13 4.53496e-13 1.06557e-12 2.44321e-12 5.46636e-12 1.19342e-11 2.54252e-11 5.28611e-11 1.07263e-10 2.12453e-10 4.10801e-10 7.75577e-10 1.42994e-09 2.575e-09 4.52979e-09 7.78547e-09 1.30754e-08 2.14605e-08 3.44253e-08 5.39761e-08 8.27236e-08 1.23929e-07 1.81483e-07 2.59784e-07 3.63493e-07 4.97141e-07 6.64599e-07 8.68456e-07 1.10936e-06 1.38546e-06 1.69204e-06 2.02148e-06 2.36357e-06 2.70622e-06 3.03644e-06 3.34138e-06 3.60932e-06 3.83038e-06 3.99689e-06 4.10345e-06 4.14682e-06 4.1257e-06 4.04068e-06 3.89429e-06 3.69119e-06 3.43836e-06 3.14508e-06 2.82261e-06 2.48358e-06 2.14103e-06 1.80735e-06 1.49333e-06 1.20733e-06 9.54936e-07 7.38839e-07 5.59162e-07 4.13946e-07 2.99767e-07 2.12367e-07 1.47189e-07 9.98114e-08 6.62243e-08 4.29934e-08 2.73111e-08 1.69756e-08 1.03241e-08 6.14317e-09 3.57622e-09 2.03663e-09 1.13453e-09 6.18151e-10 3.29388e-10 1.71639e-10 8.74549e-11 4.357e-11 2.12229e-11 1.01072e-11 4.70614e-12 2.14252e-12 9.53747e-13 4.15174e-13 1.76752e-13 7.36026e-14 2.99838e-14 1.19516e-14 4.6622e-15 1.78029e-15 6.6579e-16 2.44482e-16 9.01047e-17 
1.02751e-16 9.54387e-17 2.09599e-16 5.83733e-16 1.64696e-15 4.55895e-15 1.23321e-14 3.25772e-14 8.40204e-14 2.11528e-13 5.19747e-13 1.24623e-12 2.91571e-12 6.65576e-12 1.48232e-11 3.22087e-11 6.82826e-11 1.41247e-10 2.85119e-10 5.61704e-10 1.08016e-09 2.0279e-09 3.7176e-09 6.65605e-09 1.16411e-08 1.98915e-08 3.32135e-08 5.41993e-08 8.64491e-08 1.3479e-07 2.05455e-07 3.06167e-07 4.46066e-07 6.35393e-07 8.84894e-07 1.20488e-06 1.60401e-06 2.08784e-06 2.65734e-06 3.30764e-06 4.0273e-06 4.79819e-06 5.5964e-06 6.39385e-06 7.16053e-06 7.86697e-06 8.4864e-06 8.99639e-06 9.37963e-06 9.624e-06 9.72224e-06 9.67149e-06 9.47313e-06 9.1329e-06 8.66141e-06 8.07452e-06 7.3934e-06 6.64385e-06 5.85483e-06 5.05638e-06 4.2772e-06 3.54233e-06 2.87143e-06 2.27772e-06 1.76786e-06 1.34252e-06 9.97514e-07 7.25193e-07 5.15873e-07 3.59092e-07 2.446e-07 1.63045e-07 1.06356e-07 6.78911e-08 4.24077e-08 2.59199e-08 1.55006e-08 9.06874e-09 5.1902e-09 2.90543e-09 1.59065e-09 8.51583e-10 4.45781e-10 2.28149e-10 1.14153e-10 5.58347e-11 2.6697e-11 1.24786e-11 5.70198e-12 2.54726e-12 1.11262e-12 4.75225e-13 1.98515e-13 8.11146e-14 3.24265e-14 1.26848e-14 4.85693e-15 1.82118e-15 6.70542e-16 2.47997e-16 
2.80662e-16 2.64692e-16 5.83632e-16 1.62137e-15 4.55895e-15 1.25745e-14 3.38893e-14 8.91856e-14 2.29126e-13 5.74533e-13 1.40586e-12 3.35657e-12 7.81852e-12 1.77663e-11 3.93815e-11 8.51546e-11 1.79621e-10 3.69634e-10 7.42158e-10 1.45408e-09 2.78051e-09 5.19018e-09 9.45919e-09 1.68357e-08 2.9269e-08 4.97134e-08 8.25114e-08 1.33846e-07 2.12233e-07 3.29001e-07 4.98653e-07 7.39016e-07 1.07099e-06 1.5178e-06 2.10352e-06 2.85097e-06 3.77891e-06 4.89878e-06 6.21151e-06 7.70479e-06 9.35148e-06 1.11097e-05 1.29249e-05 1.47334e-05 1.64679e-05 1.80625e-05 1.94578e-05 2.06042e-05 2.14637e-05 2.20097e-05 2.22266e-05 2.21081e-05 2.16575e-05 2.08873e-05 1.98211e-05 1.84938e-05 1.69526e-05 1.52549e-05 1.34654e-05 1.16514e-05 9.87771e-06 8.20106e-06 6.66634e-06 5.30423e-06 4.1307e-06 3.14823e-06 2.34826e-06 1.71422e-06 1.22472e-06 8.5638e-07 5.86089e-07 3.92578e-07 2.57362e-07 1.65121e-07 1.03674e-07 6.36963e-08 3.829e-08 2.25182e-08 1.29538e-08 7.28821e-09 4.00996e-09 2.15723e-09 1.13459e-09 5.83344e-10 2.93167e-10 1.44009e-10 6.91416e-11 3.24463e-11 1.48828e-11 6.67313e-12 2.9251e-12 1.25365e-12 5.25408e-13 2.15368e-13 8.63606e-14 3.38837e-14 1.30113e-14 4.89258e-15 1.80657e-15 6.70644e-16 
7.49856e-16 7.17842e-16 1.58851e-15 4.40136e-15 1.23321e-14 3.38893e-14 9.09895e-14 2.38527e-13 6.10359e-13 1.52421e-12 3.71394e-12 8.82863e-12 2.04723e-11 4.63041e-11 1.02147e-10 2.19778e-10 4.61218e-10 9.44102e-10 1.88526e-09 3.67303e-09 6.98321e-09 1.29584e-08 2.34755e-08 4.15282e-08 7.17534e-08 1.2112e-07 1.99786e-07 3.2209e-07 5.07616e-07 7.82185e-07 1.17858e-06 1.73672e-06 2.50299e-06 3.52839e-06 4.86521e-06 6.56226e-06 8.65869e-06 1.1177e-05 1.41164e-05 1.74465e-05 2.11053e-05 2.49986e-05 2.90056e-05 3.29868e-05 3.67953e-05 4.02885e-05 4.33384e-05 4.5839e-05 4.77092e-05 4.88932e-05 4.93577e-05 4.909e-05 4.80969e-05 4.64056e-05 4.40661e-05 4.11537e-05 3.77693e-05 3.40372e-05 3.00973e-05 2.60965e-05 2.21761e-05 1.84609e-05 1.50507e-05 1.20146e-05 9.38968e-06 7.18384e-06 5.38038e-06 3.94472e-06 2.83119e-06 1.98916e-06 1.36809e-06 9.21065e-07 6.06981e-07 3.91506e-07 2.47137e-07 1.5266e-07 9.22657e-08 5.45527e-08 3.15489e-08 1.78431e-08 9.86752e-09 5.33493e-09 2.81951e-09 1.45645e-09 7.35285e-10 3.6277e-10 1.74908e-10 8.24138e-11 3.79505e-11 1.70803e-11 7.51421e-12 3.23174e-12 1.35901e-12 5.58891e-13 2.24819e-13 8.84791e-14 3.40773e-14 1.28513e-14 4.75945e-15 1.77364e-15 
1.95822e-15 1.90235e-15 4.22337e-15 1.16692e-14 3.25772e-14 8.91856e-14 2.38527e-13 6.22811e-13 1.58719e-12 3.94697e-12 9.57586e-12 2.26622e-11 5.23094e-11 1.17753e-10 2.58493e-10 5.53359e-10 1.15519e-09 2.3519e-09 4.67035e-09 9.0471e-09 1.70993e-08 3.15394e-08 5.67854e-08 9.98257e-08 1.7139e-07 2.87465e-07 4.7114e-07 7.54726e-07 1.18195e-06 1.80993e-06 2.71053e-06 3.97044e-06 5.68936e-06 7.97569e-06 1.09393e-05 1.46808e-05 1.92789e-05 2.47756e-05 3.1162e-05 3.83672e-05 4.62526e-05 5.46139e-05 6.31913e-05 7.16885e-05 7.97953e-05 8.7213e-05 9.36751e-05 9.89617e-05 0.000102906 0.000105394 0.000106359 0.000105774 0.000103653 0.000100054 9.50794e-05 8.8885e-05 8.16812e-05 7.3727e-05 6.53167e-05 5.67592e-05 4.8354e-05 4.03677e-05 3.30148e-05 2.64463e-05 2.07465e-05 1.59372e-05 1.1988e-05 8.82962e-06 6.36773e-06 4.4964e-06 3.10861e-06 2.10408e-06 1.39418e-06 9.04253e-07 5.74012e-07 3.56571e-07 2.16716e-07 1.28848e-07 7.49245e-08 4.26036e-08 2.36846e-08 1.28709e-08 6.83612e-09 3.54828e-09 1.79967e-09 8.91891e-10 4.31881e-10 2.04342e-10 9.44737e-11 4.26838e-11 1.88479e-11 8.1353e-12 3.43294e-12 1.41653e-12 5.7167e-13 2.25696e-13 8.71932e-14 3.29817e-14 1.22523e-14 4.58415e-15 
4.99732e-15 4.92521e-15 1.09658e-14 3.02093e-14 8.40204e-14 2.29126e-13 6.10359e-13 1.58719e-12 4.02794e-12 9.97354e-12 2.40903e-11 5.67528e-11 1.30384e-10 2.92087e-10 6.37995e-10 1.35872e-09 2.82135e-09 5.71251e-09 1.12794e-08 2.17219e-08 4.08082e-08 7.48058e-08 1.33836e-07 2.33765e-07 3.98738e-07 6.6439e-07 1.08172e-06 1.7214e-06 2.67819e-06 4.07465e-06 6.06347e-06 8.82694e-06 1.25725e-05 1.7523e-05 2.39011e-05 3.19072e-05 4.16926e-05 5.33305e-05 6.67876e-05 8.1903e-05 9.83778e-05 0.000115782 0.000133575 0.000151147 0.000167865 0.000183124 0.000196386 0.000207212 0.00021527 0.000220334 0.000222273 0.000221037 0.000216654 0.000209238 0.000198993 0.000186232 0.000171378 0.000154954 0.000137557 0.000119817 0.00010235 8.57045e-05 7.03295e-05 5.6545e-05 4.45359e-05 3.43594e-05 2.5964e-05 1.92162e-05 1.39288e-05 9.88752e-06 6.87319e-06 4.67829e-06 3.11763e-06 2.03381e-06 1.29859e-06 8.11391e-07 4.96017e-07 2.96604e-07 1.73452e-07 9.91758e-08 5.54334e-08 3.02827e-08 1.61662e-08 8.43243e-09 4.29725e-09 2.13943e-09 1.04056e-09 4.94429e-10 2.29528e-10 1.04112e-10 4.61484e-11 1.99924e-11 8.46655e-12 3.50563e-12 1.41951e-12 5.62254e-13 2.17906e-13 8.26823e-14 3.08135e-14 1.15765e-14 
1.24607e-14 1.24553e-14 2.78005e-14 7.63494e-14 2.11528e-13 5.74533e-13 1.52421e-12 3.94697e-12 9.97354e-12 2.45866e-11 5.91182e-11 1.38625e-10 3.16952e-10 7.06528e-10 1.53538e-09 3.25264e-09 6.71732e-09 1.35245e-08 2.65494e-08 5.08235e-08 9.48937e-08 1.72852e-07 3.07253e-07 5.3313e-07 9.03281e-07 1.49489e-06 2.41731e-06 3.8206e-06 5.90386e-06 8.92203e-06 1.31893e-05 1.90768e-05 2.70017e-05 3.74067e-05 5.0727e-05 6.73461e-05 8.75426e-05 0.000111433 0.000138919 0.000169649 0.000202998 0.000238089 0.000273837 0.000309027 0.00034241 0.000372797 0.000399145 0.000420604 0.000436537 0.000446516 0.000450289 0.000447766 0.000439002 0.000424211 0.000403791 0.000378345 0.000348693 0.000315856 0.000281007 0.000245388 0.000210218 0.0001766 0.000145438 0.000117392 9.28531e-05 7.1963e-05 5.46435e-05 4.06493e-05 2.96225e-05 2.1145e-05 1.47831e-05 1.01215e-05 6.7854e-06 4.45331e-06 2.86074e-06 1.79832e-06 1.10597e-06 6.65277e-07 3.91322e-07 2.25028e-07 1.26478e-07 6.94668e-08 3.72782e-08 1.95429e-08 1.00078e-08 5.00589e-09 2.44574e-09 1.16718e-09 5.44117e-10 2.47809e-10 1.10273e-10 4.79538e-11 2.03825e-11 8.46956e-12 3.44141e-12 1.3677e-12 5.31808e-13 2.02441e-13 7.56941e-14 2.85597e-14 
3.03549e-14 3.07626e-14 6.8808e-14 1.88351e-13 5.19747e-13 1.40586e-12 3.71394e-12 9.57586e-12 2.40903e-11 5.91182e-11 1.41489e-10 3.30193e-10 7.51249e-10 1.66617e-09 3.60194e-09 7.58954e-09 1.55869e-08 3.12023e-08 6.08898e-08 1.1585e-07 2.14948e-07 3.89007e-07 6.86903e-07 1.18382e-06 1.99195e-06 3.27361e-06 5.25642e-06 8.24937e-06 1.2658e-05 1.8996e-05 2.78892e-05 4.00679e-05 5.63433e-05 7.75633e-05 0.000104547 0.000138 0.000178408 0.000225936 0.000280328 0.000340838 0.000406211 0.000474713 0.000544235 0.000612439 0.000676941 0.000735495 0.000786139 0.000827288 0.000857767 0.000876786 0.000883892 0.000878918 0.000861971 0.000833446 0.000794077 0.000744988 0.000687717 0.000624187 0.000556619 0.000487381 0.000418814 0.000353051 0.000291864 0.000236563 0.000187958 0.000146375 0.000111717 8.35558e-05 6.12336e-05 4.39654e-05 3.09229e-05 2.13022e-05 1.43703e-05 9.49082e-06 6.13533e-06 3.88108e-06 2.40177e-06 1.45362e-06 8.60181e-07 4.97552e-07 2.81248e-07 1.55329e-07 8.38016e-08 4.41599e-08 2.27269e-08 1.14226e-08 5.60664e-09 2.68762e-09 1.25832e-09 5.75469e-10 2.57112e-10 1.12245e-10 4.78898e-11 1.9973e-11 8.14462e-12 3.24817e-12 1.2673e-12 4.84033e-13 1.81605e-13 6.8825e-14 
7.22359e-14 7.41957e-14 1.66244e-13 4.53496e-13 1.24623e-12 3.35657e-12 8.82863e-12 2.26622e-11 5.67528e-11 1.38625e-10 3.30193e-10 7.66797e-10 1.73583e-09 3.82991e-09 8.2354e-09 1.72572e-08 3.52406e-08 7.01331e-08 1.36035e-07 2.57211e-07 4.74163e-07 8.52463e-07 1.49507e-06 2.55878e-06 4.27511e-06 6.97546e-06 1.11194e-05 1.73238e-05 2.63891e-05 3.93169e-05 5.73128e-05 8.17661e-05 0.000114198 0.000156174 0.000209177 0.000274446 0.000352785 0.000444376 0.000548608 0.000663965 0.000787995 0.000917396 0.0010482 0.00117607 0.0012966 0.00140571 0.00149983 0.00157612 0.00163249 0.00166754 0.00168048 0.00167102 0.00163935 0.00158618 0.0015128 0.00142125 0.00131428 0.00119541 0.00106868 0.000938456 0.000809082 0.000684547 0.000568205 0.000462584 0.000369299 0.000289069 0.000221821 0.00016685 0.000123002 8.88578e-05 6.28924e-05 4.36046e-05 2.96072e-05 1.96824e-05 1.28072e-05 8.15445e-06 5.07882e-06 3.09332e-06 1.84183e-06 1.0718e-06 6.09402e-07 3.38476e-07 1.83613e-07 9.72691e-08 5.03153e-08 2.54133e-08 1.25331e-08 6.03546e-09 2.83827e-09 1.3036e-09 5.84848e-10 2.5635e-10 1.098e-10 4.59677e-11 1.88143e-11 7.53049e-12 2.94847e-12 1.13006e-12 4.25503e-13 1.62001e-13 
1.67915e-13 1.74737e-13 3.92041e-13 1.06557e-12 2.91571e-12 7.81852e-12 2.04723e-11 5.23094e-11 1.30384e-10 3.16952e-10 7.51249e-10 1.73583e-09 3.90918e-09 8.5794e-09 1.83474e-08 3.82307e-08 7.76177e-08 1.53545e-07 2.95989e-07 5.56086e-07 1.01841e-06 1.81858e-06 3.16737e-06 5.3824e-06 8.92758e-06 1.44594e-05 2.28777e-05 3.53758e-05 5.3483e-05 7.90891e-05 0.000114439 0.000162082 0.000224769 0.000305281 0.000406194 0.00052958 0.000676684 0.000847587 0.00104093 0.00125373 0.00148139 0.0017178 0.00195578 0.00218753 0.00240526 0.00260174 0.00277078 0.00290746 0.00300819 0.00307061 0.00309337 0.00307602 0.00301888 0.00292313 0.00279102 0.00262601 0.00243294 0.00221793 0.00198812 0.00175126 0.00151513 0.00128694 0.00107283 0.000877511 0.000704102 0.000554117 0.000427642 0.000323596 0.000240046 0.00017453 0.000124347 8.67922e-05 5.93319e-05 3.97122e-05 2.60163e-05 1.66766e-05 1.04557e-05 6.40976e-06 3.84083e-06 2.24892e-06 1.28638e-06 7.18644e-07 3.92036e-07 2.08809e-07 1.08578e-07 5.51179e-08 2.73151e-08 1.32159e-08 6.24334e-09 2.88018e-09 1.2977e-09 5.71173e-10 2.45635e-10 1.0324e-10 4.24178e-11 1.70416e-11 6.69689e-12 2.57599e-12 9.73544e-13 3.72426e-13 
3.81262e-13 4.01803e-13 9.02342e-13 2.44321e-12 6.65576e-12 1.77663e-11 4.63041e-11 1.17753e-10 2.92087e-10 7.06528e-10 1.66617e-09 3.82991e-09 8.5794e-09 1.87265e-08 3.98233e-08 8.25022e-08 1.66506e-07 3.27372e-07 6.27099e-07 1.1705e-06 2.12929e-06 3.77606e-06 6.53008e-06 1.10162e-05 1.81365e-05 2.91525e-05 4.57719e-05 7.02305e-05 0.000105356 0.000154594 0.00022198 0.000312029 0.000429526 0.000579217 0.000765377 0.000991303 0.00125875 0.0015674 0.0019144 0.00229412 0.00269816 0.0031157 0.00353414 0.00394001 0.00431996 0.00466176 0.00495498 0.00519146 0.00536529 0.00547263 0.00551133 0.00548066 0.00538112 0.00521468 0.004985 0.00469782 0.00436121 0.00398548 0.00358278 0.00316637 0.00274968 0.00234528 0.00196405 0.00161448 0.00130238 0.00103081 0.000800334 0.000609436 0.000455049 0.000333088 0.000238954 0.000167957 0.000115629 7.79411e-05 5.14208e-05 3.31907e-05 2.09523e-05 1.29308e-05 7.79907e-06 4.59563e-06 2.64491e-06 1.48641e-06 8.15542e-07 4.36795e-07 2.28348e-07 1.16518e-07 5.80332e-08 2.82145e-08 1.33914e-08 6.20586e-09 2.8085e-09 1.24146e-09 5.36131e-10 2.26255e-10 9.33308e-11 3.76422e-11 1.48488e-11 5.73313e-12 2.17508e-12 8.36194e-13 
8.45569e-13 9.02096e-13 2.02699e-12 5.46636e-12 1.48232e-11 3.93815e-11 1.02147e-10 2.58493e-10 6.37995e-10 1.53538e-09 3.60194e-09 8.2354e-09 1.83474e-08 3.98233e-08 8.42004e-08 1.73409e-07 3.47848e-07 6.79637e-07 1.29349e-06 2.39831e-06 4.33301e-06 7.62999e-06 1.30993e-05 2.19343e-05 3.58371e-05 5.71582e-05 8.90374e-05 0.00013553 0.000201691 0.000293591 0.000418228 0.000583296 0.000796802 0.0010665 0.00139916 0.00179972 0.00227036 0.00280967 0.003412 0.00406708 0.00476018 0.00547274 0.00618349 0.00686998 0.00751021 0.00808423 0.00857522 0.00897014 0.00925968 0.00943787 0.0095014 0.00944915 0.00928193 0.00900277 0.00861742 0.00813501 0.00756846 0.00693448 0.00625291 0.00554563 0.00483497 0.00414214 0.00348569 0.00288042 0.00233677 0.00186066 0.00145381 0.00111439 0.000837808 0.000617596 0.000446254 0.000315955 0.000219115 0.000148781 9.88717e-05 6.42777e-05 4.08631e-05 2.53928e-05 1.54183e-05 9.14458e-06 5.29622e-06 2.9946e-06 1.65274e-06 8.9024e-07 4.67967e-07 2.4006e-07 1.20181e-07 5.87212e-08 2.80058e-08 1.30395e-08 5.92812e-09 2.63211e-09 1.14163e-09 4.83824e-10 2.00405e-10 8.11545e-11 3.21401e-11 1.24577e-11 4.7453e-12 1.83366e-12 
1.83178e-12 1.97744e-12 4.444e-12 1.19342e-11 3.22087e-11 8.51546e-11 2.19778e-10 5.53359e-10 1.35872e-09 3.25264e-09 7.58954e-09 1.72572e-08 3.82307e-08 8.25022e-08 1.73409e-07 3.54966e-07 7.07608e-07 1.37369e-06 2.59719e-06 4.78288e-06 8.5808e-06 1.50013e-05 2.5564e-05 4.2481e-05 6.88677e-05 0.000108969 0.000168376 0.000254204 0.000375188 0.00054165 0.000765278 0.00105869 0.00143473 0.00190551 0.00248119 0.00316864 0.00397 0.00488147 0.00589232 0.00698456 0.00813329 0.0093078 0.0104735 0.0115944 0.0126356 0.0135658 0.0143591 0.0149953 0.0154606 0.0157459 0.0158466 0.0157609 0.0154901 0.0150386 0.014415 0.0136332 0.0127131 0.0116807 0.010567 0.00940689 0.0082361 0.00708903 0.00599627 0.0049827 0.00406645 0.00325848 0.00256299 0.00197829 0.001498 0.00111242 0.000809834 0.000577729 0.000403706 0.000276201 0.000184927 0.000121114 7.75541e-05 4.85344e-05 2.96728e-05 1.77166e-05 1.03273e-05 5.87584e-06 3.26256e-06 1.76765e-06 9.34451e-07 4.81988e-07 2.42578e-07 1.19136e-07 5.71037e-08 2.67169e-08 1.22038e-08 5.44354e-09 2.37167e-09 1.00954e-09 4.19959e-10 1.70778e-10 6.79125e-11 2.64302e-11 1.01095e-11 3.92723e-12 
3.87629e-12 4.2323e-12 9.50938e-12 2.54252e-11 6.82826e-11 1.79621e-10 4.61218e-10 1.15519e-09 2.82135e-09 6.71732e-09 1.55869e-08 3.52406e-08 7.76177e-08 1.66506e-07 3.47848e-07 7.07608e-07 1.40157e-06 2.70303e-06 5.07605e-06 9.28296e-06 1.65353e-05 2.86952e-05 4.85308e-05 8.00209e-05 0.000128695 0.00020198 0.000309516 0.000463375 0.000678135 0.000970712 0.0013599 0.00186557 0.00250742 0.00330346 0.00426805 0.00540986 0.0067298 0.00821928 0.00985897 0.0116185 0.0134573 0.0153264 0.0171717 0.0189377 0.0205712 0.0220253 0.0232611 0.0242495 0.0249704 0.0254111 0.0255649 0.0254297 0.025007 0.0243032 0.0233305 0.0221089 0.0206677 0.0190457 0.0172898 0.0154529 0.0135903 0.0117557 0.00999771 0.0083567 0.006863 0.0055361 0.004385 0.00340932 0.00260102 0.00194638 0.00142803 0.00102676 0.000723138 0.00049862 0.000336431 0.000222015 0.000143225 9.02833e-05 5.5587e-05 3.34164e-05 1.96082e-05 1.1228e-05 6.2731e-06 3.4192e-06 1.81805e-06 9.43042e-07 4.77221e-07 2.35622e-07 1.13521e-07 5.33804e-08 2.45028e-08 1.09819e-08 4.80701e-09 2.05552e-09 8.58896e-10 3.50798e-10 1.40096e-10 5.47524e-11 2.10333e-11 8.21562e-12 
8.01319e-12 8.84491e-12 1.98615e-11 5.28611e-11 1.41247e-10 3.69634e-10 9.44102e-10 2.3519e-09 5.71251e-09 1.35245e-08 3.12023e-08 7.01331e-08 1.53545e-07 3.27372e-07 6.79637e-07 1.37369e-06 2.70303e-06 5.17791e-06 9.6564e-06 1.7534e-05 3.10043e-05 5.34009e-05 8.96178e-05 0.000146598 0.000233856 0.000363982 0.000553054 0.000820871 0.00119091 0.00168987 0.0023468 0.00319164 0.00425326 0.00555695 0.0071216 0.00895668 0.0110594 0.0134125 0.0159825 0.0187203 0.0215621 0.024433 0.0272515 0.0299352 0.0324066 0.0345978 0.0364538 0.0379338 0.0390102 0.0396662 0.039893 0.0396877 0.0390525 0.0379955 0.0365334 0.0346937 0.0325176 0.0300602 0.0273896 0.024583 0.0217226 0.018889 0.0161566 0.0135885 0.0112336 0.00912517 0.00728086 0.00570397 0.00438576 0.00330819 0.00244684 0.00177364 0.00125932 0.000875338 0.000595316 0.000395928 0.00025737 0.000163444 0.00010136 6.13609e-05 3.62504e-05 2.08945e-05 1.17482e-05 6.44305e-06 3.44644e-06 1.79811e-06 9.15066e-07 4.54287e-07 2.20045e-07 1.0401e-07 4.7986e-08 2.16136e-08 9.50663e-09 4.08439e-09 1.71455e-09 7.03444e-10 2.82176e-10 1.10761e-10 4.27398e-11 1.67887e-11 
1.61837e-11 1.80504e-11 4.04942e-11 1.07263e-10 2.85119e-10 7.42158e-10 1.88526e-09 4.67035e-09 1.12794e-08 2.65494e-08 6.08898e-08 1.36035e-07 2.95989e-07 6.27099e-07 1.29349e-06 2.59719e-06 5.07605e-06 9.6564e-06 1.78808e-05 3.22315e-05 5.65675e-05 9.66828e-05 0.000160976 0.000261199 0.00041322 0.000637703 0.000960592 0.00141325 0.00203211 0.00285775 0.0039332 0.00530159 0.00700301 0.00907084 0.0115277 0.0143812 0.0176205 0.0212136 0.0251054 0.0292191 0.0334585 0.0377132 0.0418655 0.0457981 0.0494023 0.0525847 0.0552705 0.0574056 0.0589541 0.0598948 0.0602172 0.0599175 0.0589986 0.0574702 0.0553534 0.0526843 0.0495178 0.0459291 0.0420122 0.0378757 0.0336364 0.0294109 0.0253086 0.0214245 0.0178348 0.0145937 0.0117334 0.00926518 0.00718204 0.00546242 0.00407407 0.00297802 0.00213218 0.00149436 0.00102463 0.000686913 0.00045002 0.000287967 0.000179907 0.000109694 6.52566e-05 3.78678e-05 2.14313e-05 1.18283e-05 6.36616e-06 3.34135e-06 1.71037e-06 8.53946e-07 4.15923e-07 1.9766e-07 9.16731e-08 4.15037e-08 1.83469e-08 7.92122e-09 3.34115e-09 1.37723e-09 5.54987e-10 2.18829e-10 8.48313e-11 3.35167e-11 
3.19356e-11 3.59747e-11 8.0601e-11 2.12453e-10 5.61704e-10 1.45408e-09 3.67303e-09 9.0471e-09 2.17219e-08 5.08235e-08 1.1585e-07 2.57211e-07 5.56086e-07 1.1705e-06 2.39831e-06 4.78288e-06 9.28296e-06 1.7534e-05 3.22315e-05 5.76666e-05 0.000100434 0.000170311 0.000281285 0.000452648 0.000710045 0.00108631 0.00162192 0.00236482 0.00336951 0.00469515 0.00640279 0.00855151 0.0111938 0.0143704 0.0181047 0.0223976 0.0272232 0.0325257 0.0382186 0.0441867 0.0502903 0.0563732 0.0622719 0.067827 0.0728926 0.0773454 0.0810893 0.0840558 0.0862011 0.0875005 0.0879421 0.0875218 0.0862424 0.0841151 0.0811645 0.0774351 0.0729964 0.067946 0.062408 0.0565284 0.0504664 0.0443839 0.0384356 0.0327594 0.0274687 0.022649 0.0183554 0.0146138 0.0114239 0.00876332 0.00659261 0.00486077 0.00351019 0.00248112 0.00171547 0.0011595 0.000765721 0.000493809 0.000310847 0.000190929 0.000114396 6.68437e-05 3.80854e-05 2.11578e-05 1.14599e-05 6.05218e-06 3.11669e-06 1.56525e-06 7.66746e-07 3.66423e-07 1.70873e-07 7.77728e-08 3.4559e-08 1.49966e-08 6.35691e-09 2.63303e-09 1.06606e-09 4.22301e-10 1.6449e-10 6.53778e-11 
6.1581e-11 7.00277e-11 1.56643e-10 4.10801e-10 1.08016e-09 2.78051e-09 6.98321e-09 1.70993e-08 4.08082e-08 9.48937e-08 2.14948e-07 4.74163e-07 1.01841e-06 2.12929e-06 4.33301e-06 8.5808e-06 1.65353e-05 3.10043e-05 5.65675e-05 0.000100434 0.000173548 0.000291935 0.000478199 0.000763048 0.00118664 0.00179947 0.00266256 0.00384662 0.00543004 0.00749558 0.0101258 0.0133972 0.0173739 0.0221005 0.0275954 0.0338442 0.0407955 0.0483584 0.0564024 0.0647614 0.0732412 0.0816294 0.0897089 0.0972715 0.104131 0.110132 0.115158 0.119126 0.121988 0.123716 0.124299 0.123732 0.122019 0.11917 0.115211 0.110194 0.104202 0.0973544 0.0898078 0.0817495 0.0733871 0.0649364 0.0566075 0.0485919 0.0410533 0.0341198 0.0278811 0.0223877 0.0176539 0.0136624 0.0103698 0.00771388 0.00561982 0.00400697 0.00279423 0.00190452 0.00126803 0.000824282 0.000522908 0.000323609 0.000195315 0.000114941 6.59442e-05 3.68816e-05 2.0108e-05 1.06874e-05 5.53804e-06 2.79822e-06 1.37886e-06 6.62768e-07 3.10814e-07 1.42248e-07 6.35492e-08 2.77214e-08 1.1811e-08 4.91655e-09 2.00032e-09 7.96179e-10 3.11636e-10 1.24619e-10 
1.16049e-10 1.33154e-10 2.97278e-10 7.75577e-10 2.0279e-09 5.19018e-09 1.29584e-08 3.15394e-08 7.48058e-08 1.72852e-07 3.89007e-07 8.52463e-07 1.81858e-06 3.77606e-06 7.62999e-06 1.50013e-05 2.86952e-05 5.34009e-05 9.66828e-05 0.000170311 0.000291935 0.000487052 0.000791108 0.00125151 0.00192916 0.00289921 0.0042505 0.00608355 0.00850666 0.0116305 0.0155609 0.0203911 0.0261923 0.0330058 0.0408343 0.049636 0.0593202 0.0697461 0.0807256 0.0920292 0.103397 0.114554 0.125222 0.135144 0.144091 0.15188 0.158375 0.163485 0.167159 0.169371 0.170113 0.16938 0.167174 0.163503 0.158392 0.151896 0.144106 0.135163 0.125253 0.114605 0.103478 0.0921459 0.0808833 0.0699462 0.0595602 0.0499103 0.0411344 0.0333215 0.0265127 0.0207053 0.0158594 0.0119051 0.00875183 0.00629586 0.00442888 0.0030446 0.0020441 0.00133962 0.000856594 0.000534222 0.000324861 0.00019258 0.000111277 6.26688e-05 3.43991e-05 1.8404e-05 9.59819e-06 4.88022e-06 2.41956e-06 1.16996e-06 5.5187e-07 2.54008e-07 1.14108e-07 5.00454e-08 2.14347e-08 8.96833e-09 3.66704e-09 1.46673e-09 5.76972e-10 2.32159e-10 
2.1375e-10 2.47341e-10 5.5101e-10 1.42994e-09 3.7176e-09 9.45919e-09 2.34755e-08 5.67854e-08 1.33836e-07 3.07253e-07 6.86903e-07 1.49507e-06 3.16737e-06 6.53008e-06 1.30993e-05 2.5564e-05 4.85308e-05 8.96178e-05 0.000160976 0.000281285 0.000478199 0.000791108 0.00127396 0.00199769 0.00305181 0.00454445 0.00660053 0.00935752 0.0129589 0.0175457 0.0232459 0.0301638 0.0383691 0.0478866 0.0586883 0.070688 0.0837383 0.0976327 0.112111 0.12687 0.141577 0.155888 0.169469 0.182011 0.193253 0.202988 0.211068 0.217401 0.221941 0.224667 0.225575 0.224664 0.221933 0.217384 0.211036 0.20294 0.193192 0.181942 0.169402 0.155837 0.141554 0.126888 0.11218 0.0977577 0.0839206 0.0709241 0.0589707 0.0482044 0.0387095 0.0305132 0.0235908 0.0178743 0.0132615 0.00962697 0.00683283 0.00473836 0.00320853 0.00212032 0.00136685 0.000859216 0.000526535 0.000314489 0.000183056 0.000103832 5.73926e-05 3.09154e-05 1.62306e-05 8.30607e-06 4.14414e-06 2.01623e-06 9.56779e-07 4.42955e-07 2.00123e-07 8.8257e-08 3.8005e-08 1.59848e-08 6.56933e-09 2.6407e-09 1.04408e-09 4.22763e-10 
3.84847e-10 4.48899e-10 9.97613e-10 2.575e-09 6.65605e-09 1.68357e-08 4.15282e-08 9.98257e-08 2.33765e-07 5.3313e-07 1.18382e-06 2.55878e-06 5.3824e-06 1.10162e-05 2.19343e-05 4.2481e-05 8.00209e-05 0.000146598 0.000261199 0.000452648 0.000763048 0.00125151 0.00199769 0.00310456 0.00469946 0.00693289 0.00997421 0.0140042 0.0192047 0.0257457 0.0337713 0.0433861 0.0546425 0.0675302 0.0819698 0.0978095 0.114826 0.132732 0.151182 0.169792 0.188156 0.205865 0.222532 0.237811 0.251417 0.263131 0.272808 0.280363 0.28576 0.288993 0.290065 0.288978 0.285727 0.280306 0.272721 0.263012 0.251266 0.237637 0.222346 0.205684 0.187998 0.169675 0.15112 0.132738 0.114906 0.0979631 0.0821927 0.0678127 0.0549713 0.0437457 0.034145 0.0261173 0.0195599 0.0143312 0.0102646 0.00718187 0.00490568 0.00326958 0.0021253 0.00134687 0.000831933 0.000500752 0.000293681 0.000167812 9.34252e-05 5.06788e-05 2.67889e-05 1.3801e-05 6.93056e-06 3.39329e-06 1.62019e-06 7.54597e-07 3.42911e-07 1.52086e-07 6.58515e-08 2.7845e-08 1.15029e-08 4.64731e-09 1.84695e-09 7.52627e-10 
6.7737e-10 7.96071e-10 1.76453e-09 4.52979e-09 1.16411e-08 2.9269e-08 7.17534e-08 1.7139e-07 3.98738e-07 9.03281e-07 1.99195e-06 4.27511e-06 8.92758e-06 1.81365e-05 3.58371e-05 6.88677e-05 0.000128695 0.000233856 0.00041322 0.000710045 0.00118664 0.00192916 0.00305181 0.00469946 0.0070476 0.0102986 0.0146738 0.0204014 0.0277006 0.0367639 0.047739 0.0607126 0.0756971 0.0926222 0.111332 0.131585 0.153065 0.175386 0.198115 0.220786 0.242923 0.264066 0.28379 0.301729 0.317592 0.331167 0.342323 0.350996 0.357171 0.36086 0.362079 0.360834 0.357114 0.350901 0.342183 0.330977 0.317352 0.301446 0.283477 0.263742 0.24261 0.220506 0.19789 0.175234 0.152997 0.13161 0.111448 0.0928236 0.0759725 0.0610464 0.0481127 0.0371576 0.0280952 0.0207795 0.0150215 0.010606 0.00730932 0.00491415 0.0032216 0.00205868 0.00128197 0.000777787 0.000459705 0.000264675 0.000148444 8.1106e-05 4.31748e-05 2.23953e-05 1.13216e-05 5.57922e-06 2.68073e-06 1.25619e-06 5.74249e-07 2.56157e-07 1.11533e-07 4.74167e-08 1.96909e-08 7.9961e-09 3.1944e-09 1.31006e-09 
1.16562e-09 1.37957e-09 3.04937e-09 7.78547e-09 1.98915e-08 4.97134e-08 1.2112e-07 2.87465e-07 6.6439e-07 1.49489e-06 3.27361e-06 6.97546e-06 1.44594e-05 2.91525e-05 5.71582e-05 0.000108969 0.00020198 0.000363982 0.000637703 0.00108631 0.00179947 0.00289921 0.00454445 0.00693289 0.0102986 0.0149045 0.0210292 0.0289479 0.0389109 0.0511196 0.065705 0.0827099 0.102077 0.123647 0.147158 0.172259 0.198518 0.225451 0.252532 0.279223 0.304997 0.32936 0.351876 0.372181 0.390001 0.405152 0.417534 0.427116 0.433916 0.437967 0.439303 0.437933 0.433842 0.426994 0.417353 0.404906 0.389687 0.371804 0.351448 0.328901 0.30453 0.278774 0.252128 0.225115 0.19827 0.172112 0.14712 0.123719 0.102251 0.0829731 0.0660397 0.051504 0.0393217 0.0293623 0.0214268 0.015269 0.0106188 0.00720287 0.0047633 0.00306989 0.00192766 0.00117909 0.000702457 0.000407591 0.000230337 0.000126783 6.79769e-05 3.5508e-05 1.8073e-05 8.9653e-06 4.33539e-06 2.04423e-06 9.40126e-07 4.21814e-07 1.84699e-07 7.89508e-08 3.29594e-08 1.34531e-08 5.40255e-09 2.22987e-09 
1.9611e-09 2.33646e-09 5.14937e-09 1.30754e-08 3.32135e-08 8.25114e-08 1.99786e-07 4.7114e-07 1.08172e-06 2.41731e-06 5.25642e-06 1.11194e-05 2.28777e-05 4.57719e-05 8.90374e-05 0.000168376 0.000309516 0.000553054 0.000960592 0.00162192 0.00266256 0.0042505 0.00660053 0.00997421 0.0146738 0.0210292 0.0293767 0.0400334 0.0532665 0.0692648 0.0881139 0.10978 0.134102 0.160796 0.18947 0.21964 0.250756 0.282229 0.313455 0.343844 0.372842 0.399952 0.424753 0.446918 0.466213 0.482503 0.495737 0.50593 0.513136 0.517419 0.51883 0.517383 0.513056 0.505797 0.495538 0.482227 0.465855 0.44648 0.424244 0.399388 0.372246 0.343244 0.312878 0.281704 0.25031 0.219294 0.18924 0.160692 0.134124 0.109923 0.0883632 0.0695994 0.053661 0.0404603 0.029809 0.0214432 0.015051 0.0103023 0.00687381 0.00446883 0.0028301 0.00174557 0.00104844 0.000613195 0.000349221 0.000193674 0.000104606 5.5032e-05 2.82048e-05 1.40853e-05 6.85564e-06 3.25294e-06 1.50511e-06 6.79281e-07 2.99124e-07 1.28562e-07 5.39544e-08 2.21358e-08 8.93588e-09 3.7118e-09 
3.2261e-09 3.86737e-09 8.49763e-09 2.14605e-08 5.41993e-08 1.33846e-07 3.2209e-07 7.54726e-07 1.7214e-06 3.8206e-06 8.24937e-06 1.73238e-05 3.53758e-05 7.02305e-05 0.00013553 0.000254204 0.000463375 0.000820871 0.00141325 0.00236482 0.00384662 0.00608355 0.00935752 0.0140042 0.0204014 0.0289479 0.0400334 0.054003 0.0711192 0.0915281 0.115234 0.142088 0.171787 0.203895 0.237863 0.273063 0.308828 0.344476 0.379349 0.412833 0.444379 0.473526 0.499904 0.523247 0.543393 0.560273 0.573899 0.584339 0.591692 0.596052 0.597487 0.59602 0.59162 0.584216 0.573708 0.560002 0.543032 0.522794 0.499362 0.472907 0.443702 0.412122 0.378633 0.343784 0.308191 0.27251 0.237419 0.203581 0.171616 0.142063 0.115349 0.0917666 0.0714572 0.0544102 0.0404772 0.0293969 0.0208286 0.0143894 0.00968816 0.00635471 0.00405958 0.00252527 0.0015294 0.000901758 0.000517624 0.000289277 0.00015741 8.34111e-05 4.30493e-05 2.16445e-05 1.06039e-05 5.06332e-06 2.35706e-06 1.07004e-06 4.73868e-07 2.04779e-07 8.63928e-08 3.56255e-08 1.4456e-08 6.04282e-09 
5.18913e-09 6.25644e-09 1.37046e-08 3.44253e-08 8.64491e-08 2.12233e-07 5.07616e-07 1.18195e-06 2.67819e-06 5.90386e-06 1.2658e-05 2.63891e-05 5.3483e-05 0.000105356 0.000201691 0.000375188 0.000678135 0.00119091 0.00203211 0.00336951 0.00543004 0.00850666 0.0129589 0.0192047 0.0277006 0.0389109 0.0532665 0.0711192 0.0926963 0.118064 0.147104 0.179511 0.214808 0.252376 0.291498 0.331403 0.371316 0.410491 0.448245 0.483978 0.517191 0.547492 0.574597 0.598333 0.618626 0.635491 0.649012 0.659315 0.666541 0.670815 0.672223 0.670793 0.666488 0.65922 0.648858 0.635261 0.618307 0.597916 0.57408 0.54688 0.516496 0.483218 0.447443 0.409677 0.370521 0.33066 0.290841 0.251837 0.214413 0.179278 0.147038 0.118159 0.0929332 0.0714683 0.0536916 0.0393735 0.0281649 0.0196411 0.0133465 0.0088338 0.00569343 0.00357236 0.00218187 0.00129707 0.000750507 0.000422689 0.000231739 0.000123694 6.429e-05 3.2544e-05 1.60484e-05 7.71147e-06 3.61167e-06 1.6492e-06 7.34461e-07 3.1911e-07 1.35329e-07 5.60869e-08 2.28754e-08 9.62199e-09 
8.16109e-09 9.89235e-09 2.16014e-08 5.39761e-08 1.3479e-07 3.29001e-07 7.82185e-07 1.80993e-06 4.07465e-06 8.92203e-06 1.8996e-05 3.93169e-05 7.90891e-05 0.000154594 0.000293591 0.00054165 0.000970712 0.00168987 0.00285775 0.00469515 0.00749558 0.0116305 0.0175457 0.0257457 0.0367639 0.0511196 0.0692648 0.0915281 0.118064 0.148815 0.1835 0.221618 0.262488 0.305294 0.34915 0.393154 0.43645 0.478263 0.517926 0.554901 0.588774 0.619261 0.646194 0.669513 0.689248 0.705506 0.718444 0.728243 0.735085 0.739123 0.740455 0.739115 0.735063 0.728193 0.718349 0.705348 0.68901 0.669181 0.64576 0.618721 0.588131 0.554164 0.517111 0.477391 0.435551 0.392262 0.348304 0.304538 0.26186 0.221151 0.183217 0.148724 0.118155 0.0917777 0.0696357 0.0515684 0.0372464 0.0262224 0.0179859 0.012014 0.00781274 0.00494517 0.00304617 0.00182594 0.00106505 0.000604532 0.000333942 0.000179548 9.39776e-05 4.78948e-05 2.37726e-05 1.14948e-05 5.41605e-06 2.48746e-06 1.11393e-06 4.86566e-07 2.07401e-07 8.63841e-08 3.54097e-08 1.49855e-08 
1.25496e-08 1.52872e-08 3.32773e-08 8.27236e-08 2.05455e-07 4.98653e-07 1.17858e-06 2.71053e-06 6.06347e-06 1.31893e-05 2.78892e-05 5.73128e-05 0.000114439 0.00022198 0.000418228 0.000765278 0.0013599 0.0023468 0.0039332 0.00640279 0.0101258 0.0155609 0.0232459 0.0337713 0.047739 0.065705 0.0881139 0.115234 0.147104 0.1835 0.223934 0.267683 0.313842 0.361397 0.409304 0.456563 0.502272 0.545672 0.586161 0.6233 0.656803 0.686523 0.712427 0.734582 0.753129 0.768262 0.780207 0.789196 0.795443 0.799119 0.800336 0.799129 0.795455 0.789199 0.780184 0.768195 0.752999 0.734372 0.712122 0.686111 0.656277 0.622657 0.585406 0.544817 0.501339 0.455582 0.408317 0.360452 0.312991 0.266977 0.223414 0.18319 0.147011 0.115344 0.0883931 0.0661083 0.0482157 0.0342723 0.0237299 0.0159978 0.0104977 0.0067034 0.00416472 0.00251725 0.00148015 0.000846707 0.000471245 0.000255212 0.000134515 6.90149e-05 3.44766e-05 1.67737e-05 7.95031e-06 3.67217e-06 1.65344e-06 7.25997e-07 3.11012e-07 1.30167e-07 5.36194e-08 2.28277e-08 
1.88676e-08 2.30887e-08 5.01035e-08 1.23929e-07 3.06167e-07 7.39016e-07 1.73672e-06 3.97044e-06 8.82694e-06 1.90768e-05 4.00679e-05 8.17661e-05 0.000162082 0.000312029 0.000583296 0.00105869 0.00186557 0.00319164 0.00530159 0.00855151 0.0133972 0.0203911 0.0301638 0.0433861 0.0607126 0.0827099 0.10978 0.142088 0.179511 0.221618 0.267683 0.316738 0.367652 0.419229 0.470297 0.519796 0.566828 0.610698 0.650914 0.687178 0.719358 0.747463 0.771609 0.791987 0.808845 0.822458 0.833108 0.841067 0.846569 0.849799 0.850872 0.849826 0.846617 0.841124 0.833161 0.822489 0.808836 0.791918 0.77146 0.747218 0.718998 0.686689 0.650289 0.609935 0.565936 0.518798 0.469231 0.418146 0.366614 0.315809 0.266923 0.221073 0.179206 0.142022 0.109931 0.0830342 0.0611557 0.043891 0.0306785 0.0208747 0.0138223 0.00890431 0.00557957 0.00340045 0.00201553 0.0011619 0.000651498 0.000355363 0.000188593 9.74002e-05 4.89649e-05 2.39672e-05 1.14258e-05 5.30683e-06 2.40217e-06 1.06013e-06 4.56366e-07 1.91903e-07 7.94279e-08 3.40116e-08 
2.77322e-08 3.40796e-08 7.3728e-08 1.81483e-07 4.46066e-07 1.07099e-06 2.50299e-06 5.68936e-06 1.25725e-05 2.70017e-05 5.63433e-05 0.000114198 0.000224769 0.000429526 0.000796802 0.00143473 0.00250742 0.00425326 0.00700301 0.0111938 0.0173739 0.0261923 0.0383691 0.0546425 0.0756971 0.102077 0.134102 0.171787 0.214808 0.262488 0.313842 0.367652 0.422578 0.477268 0.530468 0.581107 0.628347 0.671603 0.710533 0.745007 0.77507 0.800892 0.822732 0.840903 0.855741 0.867588 0.876768 0.883575 0.888254 0.890993 0.891907 0.891034 0.888331 0.883679 0.876888 0.867709 0.855847 0.840974 0.822748 0.800829 0.774903 0.744713 0.710088 0.670993 0.627567 0.580167 0.529396 0.476112 0.421404 0.366535 0.312859 0.261707 0.214275 0.171521 0.134093 0.10229 0.0760772 0.0551275 0.0388976 0.0267125 0.0178475 0.0115982 0.00732942 0.0045036 0.00269056 0.00156288 0.000882759 0.000484896 0.000259072 0.000134664 6.81165e-05 3.35385e-05 1.60791e-05 7.50835e-06 3.41624e-06 1.51508e-06 6.55294e-07 2.76809e-07 1.15099e-07 4.95626e-08 
3.9848e-08 4.91577e-08 1.0603e-07 2.59784e-07 6.35393e-07 1.5178e-06 3.52839e-06 7.97569e-06 1.7523e-05 3.74067e-05 7.75633e-05 0.000156174 0.000305281 0.000579217 0.0010665 0.00190551 0.00330346 0.00555695 0.00907084 0.0143704 0.0221005 0.0330058 0.0478866 0.0675302 0.0926222 0.123647 0.160796 0.203895 0.252376 0.305294 0.361397 0.419229 0.477268 0.534054 0.588303 0.63899 0.685387 0.727062 0.763854 0.795822 0.823184 0.846272 0.865474 0.881202 0.893867 0.903854 0.911511 0.917141 0.920987 0.923232 0.923984 0.923282 0.921085 0.91728 0.911683 0.904048 0.89407 0.881398 0.86564 0.846385 0.823215 0.795736 0.763621 0.72665 0.684776 0.638174 0.587296 0.532896 0.476022 0.417976 0.360227 0.304294 0.251614 0.203413 0.160603 0.123719 0.0929101 0.0679697 0.048409 0.0335489 0.022615 0.0148234 0.00944591 0.00585092 0.00352263 0.00206147 0.00117271 0.000648578 0.000348796 0.000182438 9.28343e-05 4.597e-05 2.21592e-05 1.04014e-05 4.75605e-06 2.11928e-06 9.20775e-07 3.90656e-07 1.63158e-07 7.06353e-08 
5.59694e-08 6.92891e-08 1.49019e-07 3.63493e-07 8.84894e-07 2.10352e-06 4.86521e-06 1.09393e-05 2.39011e-05 5.0727e-05 0.000104547 0.000209177 0.000406194 0.000765377 0.00139916 0.00248119 0.00426805 0.0071216 0.0115277 0.0181047 0.0275954 0.0408343 0.0586883 0.0819698 0.111332 0.147158 0.18947 0.237863 0.291498 0.34915 0.409304 0.470297 0.530468 0.588303 0.642548 0.692278 0.736921 0.776232 0.810248 0.839218 0.863532 0.883659 0.900098 0.913339 0.923838 0.932005 0.938194 0.942702 0.945761 0.947539 0.948139 0.947594 0.945868 0.94286 0.938398 0.932248 0.924111 0.913629 0.900388 0.883924 0.863741 0.839335 0.810232 0.77604 0.736516 0.691638 0.64167 0.587212 0.529219 0.46897 0.407996 0.347962 0.290522 0.237163 0.189077 0.147066 0.111501 0.082338 0.059183 0.0413842 0.0281402 0.018601 0.0119498 0.00745999 0.00452528 0.00266739 0.00152791 0.000850619 0.000460344 0.000242236 0.000123972 6.17258e-05 2.99096e-05 1.41094e-05 6.4822e-06 2.90154e-06 1.26611e-06 5.39413e-07 2.26241e-07 9.84485e-08 
7.68402e-08 9.54312e-08 2.0467e-07 4.97141e-07 1.20488e-06 2.85097e-06 6.56226e-06 1.46808e-05 3.19072e-05 6.73461e-05 0.000138 0.000274446 0.00052958 0.000991303 0.00179972 0.00316864 0.00540986 0.00895668 0.0143812 0.0223976 0.0338442 0.049636 0.070688 0.0978095 0.131585 0.172259 0.21964 0.273063 0.331403 0.393154 0.456563 0.519796 0.581107 0.63899 0.692278 0.740198 0.782366 0.818747 0.84958 0.875295 0.896433 0.91358 0.927314 0.938176 0.946644 0.953134 0.957989 0.961488 0.963844 0.965209 0.965672 0.965264 0.963953 0.961651 0.958205 0.9534 0.946956 0.938526 0.92769 0.91396 0.896789 0.875589 0.849766 0.818774 0.782184 0.739767 0.691578 0.638027 0.57992 0.518458 0.455172 0.391823 0.33024 0.272155 0.219042 0.171985 0.131613 0.0980823 0.0711327 0.0501749 0.0344069 0.0229296 0.0148468 0.00933885 0.0057062 0.00338689 0.00195294 0.00109415 0.000595721 0.000315281 0.000162241 8.12026e-05 3.95431e-05 1.87423e-05 8.64957e-06 3.88835e-06 1.70368e-06 7.28717e-07 3.06866e-07 1.34183e-07 
