2.97358e-54 2.13054e-55 1.74887e-56 1.63054e-55 4.77859e-54 1.31063e-52 3.35104e-51 7.99014e-50 1.77725e-48 3.68868e-47 7.14505e-46 1.29179e-44 2.17985e-43 3.43294e-42 5.04448e-41 6.91418e-40 8.83605e-39 1.05234e-37 1.16733e-36 1.20539e-35 1.15808e-34 1.03477e-33 8.59724e-33 6.64231e-32 4.77443e-31 3.19548e-30 1.99373e-29 1.16106e-28 6.31717e-28 3.21206e-27 1.5252e-26 6.7523e-26 2.78157e-25 1.06443e-24 3.78047e-24 1.24574e-23 3.80589e-23 1.07632e-22 2.81319e-22 6.79851e-22 1.52285e-21 3.15991e-21 6.00529e-21 1.02153e-20 1.52134e-20 1.9803e-20 2.30873e-20 2.49676e-20 2.5853e-20 2.62024e-20 2.6311e-20 2.62995e-20 2.61432e-20 2.56527e-20 2.44299e-20 2.19538e-20 1.79769e-20 1.30351e-20 8.31579e-21 4.73178e-21 2.44948e-21 1.17062e-21 5.19802e-22 2.14719e-22 8.25268e-23 2.95423e-23 9.86517e-24 3.07774e-24 8.98191e-25 2.45494e-25 6.29336e-26 1.51587e-26 3.43713e-27 7.34944e-28 1.48407e-28 2.83297e-29 5.1158e-30 8.7432e-31 1.41477e-31 2.16851e-32 3.15036e-33 4.34129e-34 5.68007e-35 7.06398e-36 8.36082e-37 9.43053e-38 1.01514e-38 1.04436e-39 1.02839e-40 9.7071e-42 8.79613e-43 7.66301e-44 6.42743e-45 5.19778e-46 4.05825e-47 3.06322e-48 2.23821e-49 1.58507e-50 1.08931e-51 7.27561e-53 
2.13054e-55 1.63935e-56 1.26157e-57 8.99573e-57 2.68564e-55 7.52183e-54 1.9657e-52 4.79874e-51 1.09563e-49 2.34209e-48 4.69168e-47 8.81251e-46 1.55253e-44 2.56529e-43 3.97415e-42 5.76913e-41 7.8416e-40 9.9711e-39 1.185e-37 1.31501e-36 1.36152e-35 1.31435e-34 1.18254e-33 9.91509e-33 7.74927e-32 5.64874e-31 3.84315e-30 2.44205e-29 1.44961e-28 8.03423e-28 4.1516e-27 1.99592e-26 8.90705e-26 3.68309e-25 1.40977e-24 4.99216e-24 1.63358e-23 4.92875e-23 1.36812e-22 3.49492e-22 8.24291e-22 1.79572e-21 3.56936e-21 6.29765e-21 9.58702e-21 1.25554e-20 1.45919e-20 1.56924e-20 1.61769e-20 1.63548e-20 1.64059e-20 1.63975e-20 1.63119e-20 1.60305e-20 1.52903e-20 1.37198e-20 1.11152e-20 7.85183e-21 4.80818e-21 2.60176e-21 1.27488e-21 5.75049e-22 2.40193e-22 9.2941e-23 3.33146e-23 1.10774e-23 3.42425e-24 9.86094e-25 2.65001e-25 6.65691e-26 1.56613e-26 3.4586e-27 7.1875e-28 1.40908e-28 2.61187e-29 4.58614e-30 7.64012e-31 1.20912e-31 1.8199e-32 2.60792e-33 3.5618e-34 4.64132e-35 5.7768e-36 6.87521e-37 7.83275e-38 8.55137e-39 8.95573e-40 9.00632e-41 8.70564e-42 8.09621e-43 7.25123e-44 6.26056e-45 5.21576e-46 4.19725e-47 3.2659e-48 2.45974e-49 1.79507e-50 1.27071e-51 8.73451e-53 5.83916e-54 
1.74887e-56 1.26157e-57 8.46738e-59 4.30925e-58 1.92325e-56 9.79569e-55 4.78647e-53 2.06534e-51 7.7317e-50 2.52398e-48 7.25787e-47 1.85656e-45 4.25975e-44 8.8255e-43 1.6599e-41 2.8459e-40 4.46246e-39 6.41576e-38 8.47423e-37 1.02993e-35 1.15324e-34 1.19099e-33 1.1356e-32 1.00079e-31 8.16175e-31 6.16779e-30 4.32502e-29 2.81775e-28 1.70694e-27 9.6152e-27 5.03206e-26 2.44275e-25 1.09787e-24 4.56171e-24 1.7511e-23 6.20869e-23 2.0317e-22 6.12403e-22 1.69676e-21 4.32263e-21 1.01612e-20 2.20641e-20 4.37479e-20 7.70581e-20 1.1713e-19 1.53125e-19 1.77653e-19 1.90796e-19 1.96525e-19 1.98604e-19 1.99191e-19 1.99078e-19 1.98037e-19 1.94615e-19 1.85595e-19 1.66432e-19 1.34642e-19 9.48726e-20 5.79227e-20 3.12633e-20 1.52925e-20 6.8876e-21 2.87072e-21 1.1069e-21 3.94691e-22 1.30298e-22 3.98984e-23 1.13504e-23 3.00339e-24 7.39987e-25 1.69989e-25 3.64675e-26 7.31893e-27 1.37642e-27 2.42879e-28 4.0249e-29 6.26751e-30 9.17385e-31 1.26249e-31 1.63392e-32 1.98936e-33 2.27978e-34 2.46063e-35 2.50341e-36 2.4031e-37 2.17902e-38 1.86883e-39 1.51831e-40 1.17058e-41 8.58233e-43 5.99881e-44 4.00973e-45 2.5727e-46 1.59181e-47 9.55092e-49 5.59339e-50 3.22036e-51 1.83609e-52 1.04338e-53 5.93958e-55 
1.63054e-55 8.99573e-57 4.30925e-58 7.94969e-57 6.9131e-55 4.29339e-53 2.09749e-51 8.48957e-50 2.93807e-48 8.8778e-47 2.37668e-45 5.6974e-44 1.23273e-42 2.42187e-41 4.34031e-40 7.12037e-39 1.07217e-37 1.48489e-36 1.89437e-35 2.22887e-34 2.4208e-33 2.42901e-32 2.25334e-31 1.93426e-30 1.53791e-29 1.13395e-28 7.76372e-28 4.94197e-27 2.92726e-26 1.6137e-25 8.27265e-25 3.93763e-24 1.73681e-23 7.08762e-23 2.6739e-22 9.32374e-22 3.00307e-21 8.91817e-21 2.43667e-20 6.12619e-20 1.42213e-19 3.05255e-19 5.99317e-19 1.04783e-18 1.58511e-18 2.06698e-18 2.3955e-18 2.57187e-18 2.64898e-18 2.67707e-18 2.68501e-18 2.6834e-18 2.66906e-18 2.62228e-18 2.49983e-18 2.24118e-18 1.81398e-18 1.28087e-18 7.85449e-19 4.26866e-19 2.1069e-19 9.58854e-20 4.04156e-20 1.5769e-20 5.69354e-21 1.90466e-21 5.91426e-22 1.7072e-22 4.58604e-23 1.14766e-23 2.67921e-24 5.84451e-25 1.19347e-25 2.28503e-26 4.107e-27 6.93518e-28 1.10075e-28 1.64255e-29 2.30475e-30 3.04152e-31 3.77621e-32 4.41284e-33 4.85664e-34 5.03758e-35 4.92877e-36 4.55283e-37 3.97449e-38 3.28242e-39 2.56743e-40 1.90413e-41 1.34065e-42 8.97255e-44 5.71584e-45 3.47081e-46 2.01198e-47 1.11521e-48 5.92056e-50 3.01586e-51 1.47674e-52 6.96633e-54 
4.77859e-54 2.68564e-55 1.92325e-56 6.9131e-55 4.42852e-53 2.23449e-51 9.34843e-50 3.34728e-48 1.04749e-46 2.90735e-45 7.23405e-44 1.62657e-42 3.32513e-41 6.20872e-40 1.06268e-38 1.67181e-37 2.42244e-36 3.23786e-35 3.99659e-34 4.55929e-33 4.80993e-32 4.69495e-31 4.24218e-30 3.55038e-29 2.75446e-28 1.98301e-27 1.3264e-26 8.25321e-26 4.78171e-25 2.58034e-24 1.29604e-23 6.04966e-23 2.61906e-22 1.0498e-21 3.89256e-21 1.33487e-20 4.23168e-20 1.23803e-19 3.33546e-19 8.27507e-19 1.89682e-18 4.02422e-18 7.82292e-18 1.35758e-17 2.04377e-17 2.65816e-17 3.0771e-17 3.30235e-17 3.4011e-17 3.43719e-17 3.44739e-17 3.44521e-17 3.42641e-17 3.36558e-17 3.20735e-17 2.87492e-17 2.32814e-17 1.6474e-17 1.01467e-17 5.55291e-18 2.76589e-18 1.27209e-18 5.423e-19 2.14132e-19 7.82958e-20 2.65446e-20 8.35931e-21 2.44861e-21 6.67804e-22 1.69752e-22 4.02746e-23 8.93427e-24 1.85645e-24 3.61894e-25 6.62597e-26 1.14022e-26 1.84481e-27 2.80682e-28 4.01636e-29 5.4063e-30 6.848e-31 8.16659e-32 9.1751e-33 9.71871e-34 9.71432e-35 9.17136e-36 8.18671e-37 6.91665e-38 5.53691e-39 4.20448e-40 3.03208e-41 2.07911e-42 1.35729e-43 8.44702e-45 5.01852e-46 2.85053e-47 1.55032e-48 8.08652e-50 4.05202e-51 1.95447e-52 
1.31063e-52 7.52183e-54 9.79569e-55 4.29339e-53 2.23449e-51 9.65374e-50 3.57269e-48 1.15668e-46 3.32477e-45 8.57667e-44 2.00162e-42 4.25218e-41 8.26139e-40 1.47325e-38 2.41817e-37 3.66091e-36 5.11981e-35 6.62154e-34 7.92556e-33 8.78374e-32 9.01659e-31 8.57471e-30 7.5565e-29 6.17323e-28 4.67799e-27 3.29115e-26 2.15216e-25 1.30973e-24 7.42542e-24 3.92355e-23 1.93123e-22 8.84185e-22 3.75761e-21 1.47956e-20 5.39217e-20 1.81855e-19 5.6738e-19 1.63516e-18 4.34357e-18 1.06325e-17 2.40623e-17 5.04507e-17 9.70962e-17 1.67238e-16 2.50542e-16 3.24987e-16 3.75739e-16 4.03058e-16 4.15059e-16 4.19457e-16 4.20701e-16 4.2042e-16 4.18083e-16 4.10572e-16 3.9115e-16 3.50553e-16 2.84037e-16 2.01411e-16 1.24605e-16 6.86733e-17 3.45237e-17 1.60485e-17 6.92036e-18 2.76566e-18 1.02417e-18 3.51924e-19 1.12403e-19 3.34114e-20 9.25103e-21 2.38847e-21 5.75877e-22 1.29899e-22 2.74625e-23 5.44982e-24 1.0162e-24 1.78148e-25 2.93694e-26 4.55369e-27 6.64105e-28 9.1119e-29 1.17665e-29 1.43083e-30 1.63961e-31 1.77198e-32 1.80778e-33 1.74272e-34 1.5891e-35 1.37209e-36 1.12302e-37 8.7228e-39 6.4369e-40 4.51813e-41 3.02011e-42 1.92492e-43 1.17137e-44 6.81488e-46 3.796e-47 2.02744e-48 1.03991e-49 5.13228e-51 
3.35104e-51 1.9657e-52 4.78647e-53 2.09749e-51 9.34843e-50 3.57269e-48 1.19552e-46 3.55521e-45 9.49776e-44 2.29802e-42 5.06701e-41 1.02303e-39 1.89827e-38 3.24636e-37 5.1278e-36 7.49288e-35 1.014e-33 1.27181e-32 1.47909e-31 1.5953e-30 1.59586e-29 1.48063e-28 1.27413e-27 1.01711e-26 7.53511e-26 5.18449e-25 3.31647e-24 1.97488e-23 1.09597e-22 5.67166e-22 2.7361e-21 1.22875e-20 5.12632e-20 1.98284e-19 7.10249e-19 2.35554e-18 7.232e-18 2.05279e-17 5.37552e-17 1.29809e-16 2.89978e-16 6.00734e-16 1.14444e-15 1.95621e-15 2.9161e-15 3.77207e-15 4.35533e-15 4.66948e-15 4.80772e-15 4.85849e-15 4.87285e-15 4.86943e-15 4.84188e-15 4.75395e-15 4.52784e-15 4.05742e-15 3.28947e-15 2.33757e-15 1.45268e-15 8.06383e-16 4.09233e-16 1.9231e-16 8.38965e-17 3.39398e-17 1.27312e-17 4.43455e-18 1.43669e-18 4.33399e-19 1.21834e-19 3.19501e-20 7.82851e-21 1.79557e-21 3.86214e-22 7.80138e-23 1.48123e-23 2.64467e-24 4.44093e-25 7.01372e-26 1.04192e-26 1.45627e-27 1.91581e-28 2.37374e-29 2.77217e-30 3.05419e-31 3.17749e-32 3.12487e-33 2.90805e-34 2.56366e-35 2.14332e-36 1.70121e-37 1.28339e-38 9.21258e-40 6.29976e-41 4.10868e-42 2.55888e-43 1.52377e-44 8.68739e-46 4.74856e-47 2.4921e-48 1.25806e-49 
7.99014e-50 4.79874e-51 2.06534e-51 8.48957e-50 3.34728e-48 1.15668e-46 3.55521e-45 9.82605e-44 2.46212e-42 5.62827e-41 1.17944e-39 2.27427e-38 4.04695e-37 6.66032e-36 1.01544e-34 1.43587e-33 1.88456e-32 2.29686e-31 2.59995e-30 2.73328e-29 2.66822e-28 2.41812e-27 2.03411e-26 1.58817e-25 1.15119e-24 7.75139e-24 4.8531e-23 2.82883e-22 1.53703e-21 7.79099e-21 3.68373e-20 1.62267e-19 6.64534e-19 2.5248e-18 8.88776e-18 2.89814e-17 8.75411e-17 2.44678e-16 6.31468e-16 1.50391e-15 3.31532e-15 6.7844e-15 1.27908e-14 2.16939e-14 3.21746e-14 4.14985e-14 4.78461e-14 5.1266e-14 5.27727e-14 5.33269e-14 5.34835e-14 5.34441e-14 5.31369e-14 5.21624e-14 4.96697e-14 4.4506e-14 3.61052e-14 2.57138e-14 1.60536e-14 8.97746e-15 4.60041e-15 2.18603e-15 9.6504e-16 3.9528e-16 1.50228e-16 5.30561e-17 1.74391e-17 5.33972e-18 1.52418e-18 4.0603e-19 1.01112e-19 2.35833e-20 5.1611e-21 1.06116e-21 2.05135e-22 3.72941e-23 6.37669e-24 1.0254e-24 1.55088e-25 2.20681e-26 2.95577e-27 3.72899e-28 4.43498e-29 4.97723e-30 5.27625e-31 5.289e-32 5.01891e-33 4.5135e-34 3.85094e-35 3.12067e-36 2.40455e-37 1.76362e-38 1.23267e-39 8.21957e-41 5.23502e-42 3.18842e-43 1.85935e-44 1.03953e-45 5.57938e-47 2.8799e-48 
1.77725e-48 1.09563e-49 7.7317e-50 2.93807e-48 1.04749e-46 3.32477e-45 9.49776e-44 2.46212e-42 5.82872e-41 1.26631e-39 2.53437e-38 4.68652e-37 8.02543e-36 1.27487e-34 1.88095e-33 2.57965e-32 3.29022e-31 3.90348e-30 4.30738e-29 4.41981e-28 4.21558e-27 3.73585e-26 3.07491e-25 2.35011e-24 1.66792e-23 1.09971e-22 6.74189e-22 3.84786e-21 2.04728e-20 1.01646e-19 4.70999e-19 2.03475e-18 8.17852e-18 3.05166e-17 1.05549e-16 3.38314e-16 1.00509e-15 2.76528e-15 7.0313e-15 1.65101e-14 3.59044e-14 7.25525e-14 1.35326e-13 2.27687e-13 3.35916e-13 4.31948e-13 4.97245e-13 5.32419e-13 5.47926e-13 5.53638e-13 5.55248e-13 5.5482e-13 5.51584e-13 5.41381e-13 5.15404e-13 4.61812e-13 3.74904e-13 2.67616e-13 1.67879e-13 9.46039e-14 4.8968e-14 2.35366e-14 1.05175e-14 4.36313e-15 1.68061e-15 6.0199e-16 2.00804e-16 6.24225e-17 1.8096e-17 4.89783e-18 1.23984e-18 2.94119e-19 6.5498e-20 1.37083e-20 2.69792e-21 4.99363e-22 8.69173e-23 1.42256e-23 2.18952e-24 3.17022e-25 4.32049e-26 5.54643e-27 6.71323e-28 7.66889e-29 8.27738e-30 8.45087e-31 8.1706e-32 7.48932e-33 6.51561e-34 5.38607e-35 4.23516e-36 3.17117e-37 2.26356e-38 1.54193e-39 1.00349e-40 6.24653e-42 3.72344e-43 2.12793e-44 1.16741e-45 6.15856e-47 
3.68868e-47 2.34209e-48 2.52398e-48 8.8778e-47 2.90735e-45 8.57667e-44 2.29802e-42 5.62827e-41 1.26631e-39 2.62747e-38 5.04292e-37 8.97415e-36 1.48335e-34 2.28034e-33 3.26321e-32 4.34927e-31 5.40021e-30 6.24613e-29 6.72828e-28 6.74677e-27 6.29421e-26 5.45973e-25 4.40084e-24 3.29495e-23 2.29112e-22 1.47995e-21 8.8874e-21 4.96772e-20 2.58835e-19 1.25865e-18 5.71458e-18 2.42054e-17 9.54634e-17 3.49728e-16 1.18816e-15 3.74218e-15 1.09301e-14 2.95888e-14 7.40935e-14 1.71458e-13 3.67677e-13 7.33334e-13 1.3527e-12 2.25709e-12 3.31182e-12 4.24499e-12 4.87851e-12 5.21957e-12 5.36996e-12 5.4254e-12 5.44099e-12 5.4366e-12 5.40447e-12 5.30374e-12 5.04841e-12 4.52364e-12 3.6752e-12 2.62982e-12 1.65804e-12 9.41879e-13 4.92654e-13 2.3962e-13 1.08428e-13 4.55743e-14 1.77987e-14 6.46878e-15 2.19057e-15 6.91576e-16 2.03672e-16 5.60241e-17 1.44204e-17 3.48022e-18 7.88813e-19 1.68075e-19 3.36777e-20 6.34553e-21 1.12407e-21 1.87188e-22 2.93071e-23 4.31571e-24 5.98133e-25 7.80878e-26 9.61267e-27 1.11702e-27 1.22671e-28 1.27467e-29 1.2547e-30 1.17133e-31 1.03826e-32 8.74807e-34 7.01405e-35 5.35726e-36 3.90209e-37 2.71327e-38 1.80298e-39 1.14621e-40 6.97898e-42 4.07446e-43 2.28355e-44 1.2306e-45 
7.14505e-46 4.69168e-47 7.25787e-47 2.37668e-45 7.23405e-44 2.00162e-42 5.06701e-41 1.17944e-39 2.53437e-38 5.04292e-37 9.31447e-36 1.59994e-34 2.55926e-33 3.81602e-32 5.30707e-31 6.88609e-30 8.33624e-29 9.41335e-28 9.91061e-27 9.72232e-26 8.88036e-25 7.54634e-24 5.96148e-23 4.37536e-22 2.98242e-21 1.88823e-20 1.11107e-19 6.08324e-19 3.10385e-18 1.47799e-17 6.57312e-17 2.72883e-16 1.05557e-15 3.7953e-15 1.26602e-14 3.91632e-14 1.12402e-13 2.99234e-13 7.37553e-13 1.68118e-12 3.55313e-12 6.99113e-12 1.2747e-11 2.10854e-11 3.07616e-11 3.92958e-11 4.50781e-11 4.8188e-11 4.95591e-11 5.00646e-11 5.02064e-11 5.0164e-11 4.98642e-11 4.89287e-11 4.65672e-11 4.1731e-11 3.39342e-11 2.43452e-11 1.54312e-11 8.84077e-12 4.67528e-12 2.30227e-12 1.05543e-12 4.49688e-13 1.78155e-13 6.573e-14 2.26075e-14 7.25148e-15 2.17038e-15 6.06974e-16 1.58922e-16 3.90345e-17 9.00768e-18 1.95436e-18 3.98721e-19 7.64724e-20 1.37843e-20 2.33485e-21 3.71711e-22 5.56456e-23 7.83903e-24 1.0402e-24 1.30157e-25 1.53758e-26 1.71696e-27 1.81456e-28 1.81721e-29 1.72656e-30 1.55815e-31 1.33713e-32 1.09234e-33 8.50401e-35 6.31576e-36 4.47934e-37 3.03695e-38 1.97036e-39 1.22462e-40 7.29904e-42 4.17663e-43 2.29804e-44 
1.29179e-44 8.81251e-46 1.85656e-45 5.6974e-44 1.62657e-42 4.25218e-41 1.02303e-39 2.27427e-38 4.68652e-37 8.97415e-36 1.59994e-34 2.65957e-33 4.12635e-32 5.9795e-31 8.09591e-30 1.02425e-28 1.2106e-27 1.33623e-26 1.3765e-25 1.32235e-24 1.18358e-23 9.86086e-23 7.63979e-22 5.49977e-21 3.67679e-20 2.28247e-19 1.3163e-18 7.05989e-18 3.52715e-17 1.64424e-16 7.15984e-16 2.91182e-15 1.10418e-14 3.89437e-14 1.27484e-13 3.87112e-13 1.09108e-12 2.85457e-12 6.92111e-12 1.553e-11 3.23287e-11 6.27121e-11 1.12957e-10 1.85146e-10 2.68478e-10 3.41721e-10 3.91232e-10 4.17822e-10 4.29539e-10 4.33857e-10 4.35063e-10 4.34681e-10 4.32056e-10 4.23907e-10 4.03414e-10 3.61584e-10 2.94329e-10 2.11758e-10 1.34996e-10 7.80462e-11 4.17554e-11 2.083e-11 9.67985e-12 4.18322e-12 1.68223e-12 6.30451e-13 2.20364e-13 7.18509e-14 2.18664e-14 6.22045e-15 1.65757e-15 4.14555e-16 9.74359e-17 2.15324e-17 4.47339e-18 8.73318e-19 1.60154e-19 2.75863e-20 4.46417e-21 6.79104e-22 9.71975e-23 1.31027e-23 1.66562e-24 1.9992e-25 2.26863e-26 2.43705e-27 2.48149e-28 2.39796e-29 2.20176e-30 1.92307e-31 1.59955e-32 1.26835e-33 9.59784e-35 6.93809e-36 4.79598e-37 3.17336e-38 2.0119e-39 1.22344e-40 7.1434e-42 4.01077e-43 
2.17985e-43 1.55253e-44 4.25975e-44 1.23273e-42 3.32513e-41 8.26139e-40 1.89827e-38 4.04695e-37 8.02543e-36 1.48335e-34 2.55926e-33 4.12635e-32 6.22193e-31 8.77781e-30 1.15882e-28 1.43143e-27 1.65386e-26 1.7863e-25 1.80222e-24 1.6969e-23 1.48949e-22 1.21747e-21 9.25623e-21 6.53918e-20 4.28943e-19 2.61171e-18 1.47646e-17 7.7575e-17 3.79433e-16 1.73097e-15 7.37614e-15 2.93676e-14 1.09097e-13 3.77196e-13 1.21095e-12 3.60704e-12 9.97618e-12 2.56303e-11 6.10808e-11 1.34821e-10 2.7623e-10 5.27879e-10 9.38619e-10 1.52358e-09 2.1951e-09 2.78308e-09 3.17948e-09 3.39198e-09 3.48551e-09 3.51996e-09 3.52954e-09 3.52631e-09 3.50483e-09 3.43846e-09 3.27213e-09 2.93366e-09 2.39085e-09 1.72555e-09 1.10695e-09 6.46247e-10 3.5005e-10 1.7703e-10 8.34511e-11 3.66056e-11 1.49534e-11 5.69677e-12 2.02497e-12 6.71587e-13 2.07947e-13 6.02128e-14 1.63402e-14 4.16368e-15 9.97252e-16 2.24549e-16 4.75129e-17 9.44176e-18 1.76138e-18 3.08452e-19 5.07228e-20 7.83807e-21 1.1393e-21 1.55956e-22 2.01312e-23 2.45379e-24 2.82814e-25 3.08639e-26 3.19344e-27 3.13673e-28 2.92844e-29 2.6016e-30 2.20177e-31 1.77705e-32 1.3692e-33 1.00813e-34 7.10018e-36 4.78799e-37 3.09449e-38 1.91868e-39 1.14243e-40 6.5419e-42 
3.43294e-42 2.56529e-43 8.8255e-43 2.42187e-41 6.20872e-40 1.47325e-38 3.24636e-37 6.66032e-36 1.27487e-34 2.28034e-33 3.81602e-32 5.9795e-31 8.77781e-30 1.20748e-28 1.55644e-27 1.87946e-26 2.12501e-25 2.24808e-24 2.2233e-23 2.0533e-22 1.7687e-21 1.41919e-20 1.05937e-19 7.34778e-19 4.73086e-18 2.82595e-17 1.56626e-16 8.06131e-16 3.85925e-15 1.72214e-14 7.17668e-14 2.79509e-13 1.01635e-12 3.44192e-12 1.08281e-11 3.16126e-11 8.57184e-11 2.16051e-10 5.05613e-10 1.09684e-09 2.20993e-09 4.15676e-09 7.29005e-09 1.17106e-08 1.67553e-08 2.1154e-08 2.41103e-08 2.56916e-08 2.63866e-08 2.66423e-08 2.6713e-08 2.66877e-08 2.65239e-08 2.60203e-08 2.47623e-08 2.22097e-08 1.81259e-08 1.31284e-08 8.4803e-09 5.00374e-09 2.74653e-09 1.40932e-09 6.74467e-10 3.00557e-10 1.24834e-10 4.83872e-11 1.75056e-11 5.91001e-12 1.86328e-12 5.4961e-13 1.52017e-13 3.94949e-14 9.64535e-15 2.21379e-15 4.77187e-16 9.65287e-17 1.83169e-17 3.26046e-18 5.44685e-19 8.54714e-20 1.26124e-20 1.75245e-21 2.29606e-22 2.84081e-23 3.32393e-24 3.68324e-25 3.87053e-26 3.86224e-27 3.66421e-28 3.30906e-29 2.84775e-30 2.33798e-31 1.83303e-32 1.37378e-33 9.85162e-35 6.76633e-36 4.45517e-37 2.81482e-38 1.70815e-39 9.97042e-41 
5.04448e-41 3.97415e-42 1.6599e-41 4.34031e-40 1.06268e-38 2.41817e-37 5.1278e-36 1.01544e-34 1.88095e-33 3.26321e-32 5.30707e-31 8.09591e-30 1.15882e-28 1.55644e-27 1.96126e-26 2.31764e-25 2.56679e-24 2.66199e-23 2.58256e-22 2.341e-21 1.98005e-20 1.56045e-19 1.14415e-18 7.79414e-18 4.92703e-17 2.88797e-16 1.56936e-15 7.91166e-15 3.70608e-14 1.61678e-13 6.5838e-13 2.50589e-12 8.90988e-12 2.95253e-11 9.09326e-11 2.59942e-10 6.90275e-10 1.70492e-09 3.91381e-09 8.33571e-09 1.64988e-08 3.05131e-08 5.27277e-08 8.37521e-08 1.1893e-07 1.49464e-07 1.69914e-07 1.80823e-07 1.85608e-07 1.87366e-07 1.8785e-07 1.87665e-07 1.86508e-07 1.82962e-07 1.74134e-07 1.56269e-07 1.2775e-07 9.29035e-08 6.04757e-08 3.61013e-08 2.01016e-08 1.04761e-08 5.09501e-09 2.30896e-09 9.7613e-10 3.85364e-10 1.42036e-10 4.88584e-11 1.56993e-11 4.72193e-12 1.33244e-12 3.53269e-13 8.8031e-14 2.0605e-14 4.52574e-15 9.32004e-16 1.79878e-16 3.2541e-17 5.52137e-18 8.79564e-19 1.3172e-19 1.8571e-20 2.46875e-21 3.09922e-22 3.67981e-23 4.13845e-24 4.41473e-25 4.4731e-26 4.31027e-27 3.95472e-28 3.45889e-29 2.88694e-30 2.3018e-31 1.75491e-32 1.28062e-33 8.95292e-35 6.00192e-36 3.86183e-37 2.3871e-38 1.4195e-39 
6.91418e-40 5.76913e-41 2.8459e-40 7.12037e-39 1.67181e-37 3.66091e-36 7.49288e-35 1.43587e-33 2.57965e-32 4.34927e-31 6.88609e-30 1.02425e-28 1.43143e-27 1.87946e-26 2.31764e-25 2.68273e-24 2.91274e-23 2.9635e-22 2.82222e-21 2.51238e-20 2.08762e-19 1.61658e-18 1.16469e-17 7.79468e-17 4.83886e-16 2.7835e-15 1.48306e-14 7.32212e-14 3.35483e-13 1.42987e-12 5.68446e-12 2.11199e-11 7.33371e-11 2.3751e-10 7.15276e-10 1.9997e-09 5.1939e-09 1.25544e-08 2.82326e-08 5.89618e-08 1.14506e-07 2.07963e-07 3.53661e-07 5.54889e-07 7.8147e-07 9.77156e-07 1.1077e-06 1.17713e-06 1.20751e-06 1.21865e-06 1.22169e-06 1.22045e-06 1.2129e-06 1.18986e-06 1.13266e-06 1.0172e-06 8.33271e-07 6.08825e-07 3.99783e-07 2.41748e-07 1.36718e-07 7.24522e-08 3.58513e-08 1.65433e-08 7.12792e-09 2.86968e-09 1.07879e-09 3.78523e-10 1.24103e-10 3.81067e-11 1.0983e-11 2.97462e-12 7.56934e-13 1.80778e-13 4.04721e-14 8.48573e-15 1.66572e-15 3.06213e-16 5.276e-17 8.5304e-18 1.29613e-18 1.85368e-19 2.49943e-20 3.18262e-21 3.83318e-22 4.37356e-23 4.7342e-24 4.86849e-25 4.76261e-26 4.43743e-27 3.94235e-28 3.34342e-29 2.7095e-30 2.10028e-31 1.55873e-32 1.10859e-33 7.56251e-35 4.95271e-36 3.11663e-37 1.88711e-38 
8.83605e-39 7.8416e-40 4.46246e-39 1.07217e-37 2.42244e-36 5.11981e-35 1.014e-33 1.88456e-32 3.29022e-31 5.40021e-30 8.33624e-29 1.2106e-27 1.65386e-26 2.12501e-25 2.56679e-24 2.91274e-23 3.10256e-22 3.09875e-21 2.89837e-20 2.53514e-19 2.0703e-18 1.57579e-17 1.11587e-16 7.33831e-16 4.47436e-15 2.52606e-14 1.31955e-13 6.37888e-13 2.85741e-12 1.18896e-11 4.60962e-11 1.66956e-10 5.65347e-10 1.78678e-09 5.25432e-09 1.43461e-08 3.63913e-08 8.59472e-08 1.89046e-07 3.86566e-07 7.35543e-07 1.30996e-06 2.18918e-06 3.38863e-06 4.72888e-06 5.88e-06 6.64459e-06 7.0498e-06 7.22663e-06 7.29131e-06 7.30883e-06 7.30118e-06 7.25599e-06 7.11861e-06 6.7784e-06 6.09325e-06 5.00405e-06 3.67638e-06 2.43822e-06 1.49572e-06 8.60421e-07 4.64296e-07 2.34081e-07 1.1015e-07 4.84437e-08 1.99181e-08 7.6475e-09 2.74072e-09 9.18126e-10 2.8822e-10 8.49627e-11 2.35341e-11 6.12072e-12 1.49243e-12 3.40673e-13 7.27335e-14 1.45212e-14 2.71239e-15 4.74501e-16 7.78514e-17 1.1999e-17 1.74033e-18 2.37953e-19 3.0724e-20 3.7525e-21 4.34224e-22 4.76776e-23 4.9744e-24 4.93821e-25 4.6703e-26 4.21285e-27 3.62863e-28 2.98742e-29 2.35325e-30 1.77529e-31 1.2838e-32 8.90707e-34 5.93416e-35 3.79966e-36 2.34145e-37 
1.05234e-37 9.9711e-39 6.41576e-38 1.48489e-36 3.23786e-35 6.62154e-34 1.27181e-32 2.29686e-31 3.90348e-30 6.24613e-29 9.41335e-28 1.33623e-26 1.7863e-25 2.24808e-24 2.66199e-23 2.9635e-22 3.09875e-21 3.03981e-20 2.7938e-19 2.40193e-18 1.92839e-17 1.44307e-16 1.00458e-15 6.49257e-15 3.88836e-14 2.15445e-13 1.10326e-12 5.22055e-12 2.28516e-11 9.27513e-11 3.50269e-10 1.23482e-09 4.07037e-09 1.25319e-08 3.5924e-08 9.56332e-08 2.36508e-07 5.44759e-07 1.16981e-06 2.33797e-06 4.3513e-06 7.58614e-06 1.24371e-05 1.89641e-05 2.61953e-05 3.23683e-05 3.64486e-05 3.86026e-05 3.95396e-05 3.98814e-05 3.99732e-05 3.99303e-05 3.96837e-05 3.8937e-05 3.70922e-05 3.33852e-05 2.75028e-05 2.03388e-05 1.36447e-05 8.5066e-06 4.98607e-06 2.7442e-06 1.41201e-06 6.78782e-07 3.05273e-07 1.28405e-07 5.04328e-08 1.84902e-08 6.33948e-09 2.03805e-09 6.15451e-10 1.74578e-10 4.64506e-11 1.15706e-11 2.69395e-12 5.85762e-13 1.18948e-13 2.25748e-14 4.00935e-15 6.67444e-16 1.04335e-16 1.53441e-17 2.12699e-18 2.78419e-19 3.44749e-20 4.04479e-21 4.50358e-22 4.76564e-23 4.79931e-24 4.60558e-25 4.21651e-26 3.68699e-27 3.08245e-28 2.46637e-29 1.89046e-30 1.38938e-31 9.79926e-33 6.63833e-34 4.32294e-35 2.70985e-36 
1.16733e-36 1.185e-37 8.47423e-37 1.89437e-35 3.99659e-34 7.92556e-33 1.47909e-31 2.59995e-30 4.30738e-29 6.72828e-28 9.91061e-27 1.3765e-25 1.80222e-24 2.2233e-23 2.58256e-22 2.82222e-21 2.89837e-20 2.7938e-19 2.52394e-18 2.13347e-17 1.68429e-16 1.23938e-15 8.48243e-15 5.38785e-14 3.16931e-13 1.72324e-12 8.64874e-12 4.00459e-11 1.7119e-10 6.77162e-10 2.48758e-09 8.52065e-09 2.72854e-08 8.16623e-08 2.27734e-07 5.89936e-07 1.41947e-06 3.18167e-06 6.65544e-06 1.29736e-05 2.35704e-05 4.01464e-05 6.44364e-05 9.661e-05 0.000131913 0.000161846 0.000181527 0.000191871 0.000196355 0.000197985 0.000198419 0.000198201 0.000196985 0.000193315 0.00018427 0.00016613 0.000137391 0.000102409 6.96293e-05 4.421e-05 2.64574e-05 1.48807e-05 7.83021e-06 3.85367e-06 1.77611e-06 7.65795e-07 3.08263e-07 1.15841e-07 4.07311e-08 1.34371e-08 4.16433e-09 1.21143e-09 3.30097e-10 8.4056e-11 1.9969e-11 4.42293e-12 9.13601e-13 1.76176e-13 3.17654e-14 5.36517e-15 8.50556e-16 1.26822e-16 1.78209e-17 2.36452e-18 2.96777e-19 3.52969e-20 3.98437e-21 4.27515e-22 4.36633e-23 4.25029e-24 3.94807e-25 3.50353e-26 2.97333e-27 2.41562e-28 1.8805e-29 1.40402e-30 1.00624e-31 6.92822e-33 4.58663e-34 2.92349e-35 
1.20539e-35 1.31501e-36 1.02993e-35 2.22887e-34 4.55929e-33 8.78374e-32 1.5953e-30 2.73328e-29 4.41981e-28 6.74677e-27 9.72232e-26 1.32235e-24 1.6969e-23 2.0533e-22 2.341e-21 2.51238e-20 2.53514e-19 2.40193e-18 2.13347e-17 1.77342e-16 1.37686e-15 9.96302e-15 6.70378e-14 4.18449e-13 2.41729e-12 1.28951e-11 6.34114e-11 2.87174e-10 1.19811e-09 4.61409e-09 1.64639e-08 5.46841e-08 1.6971e-07 4.925e-07 1.33289e-06 3.35203e-06 7.82832e-06 1.70313e-05 3.46127e-05 6.56429e-05 0.000116141 0.000192804 0.000302223 0.000444554 0.00059902 0.000729006 0.000813966 0.000858407 0.000877598 0.000884552 0.000886381 0.000885394 0.000880026 0.000863876 0.000824157 0.000744653 0.000618872 0.00046576 0.000321701 0.000208555 0.000127734 7.35889e-05 3.9696e-05 2.00528e-05 9.49522e-06 4.20643e-06 1.73927e-06 6.71464e-07 2.42711e-07 8.23593e-08 2.62485e-08 7.84326e-09 2.19105e-09 5.70742e-10 1.38409e-10 3.12357e-11 6.56409e-12 1.28627e-12 2.35463e-13 4.03511e-14 6.48754e-15 9.8072e-16 1.39692e-16 1.8786e-17 2.3898e-18 2.88088e-19 3.29643e-20 3.58579e-21 3.71338e-22 3.66583e-23 3.45404e-24 3.1098e-25 2.67827e-26 2.20866e-27 1.74569e-28 1.32362e-29 9.63591e-31 6.74082e-32 4.53497e-33 2.93808e-34 
1.15808e-34 1.36152e-35 1.15324e-34 2.4208e-33 4.80993e-32 9.01659e-31 1.59586e-29 2.66822e-28 4.21558e-27 6.29421e-26 8.88036e-25 1.18358e-23 1.48949e-22 1.7687e-21 1.98005e-20 2.08762e-19 2.0703e-18 1.92839e-17 1.68429e-16 1.37686e-15 1.05126e-14 7.47989e-14 4.9474e-13 3.03416e-12 1.72086e-11 9.00342e-11 4.3361e-10 1.91959e-09 7.81015e-09 2.92516e-08 1.0122e-07 3.25287e-07 9.75678e-07 2.73721e-06 7.16805e-06 1.74519e-05 3.9447e-05 8.30472e-05 0.000163463 0.000300697 0.00051664 0.000833582 0.00127242 0.00183124 0.00243001 0.0029296 0.00325403 0.00342286 0.00349545 0.00352166 0.00352848 0.00352452 0.00350355 0.00344067 0.00328633 0.00297792 0.00249049 0.00189669 0.00133472 0.000886158 0.000557028 0.000329623 0.000182816 9.50834e-05 4.63942e-05 2.1175e-05 9.01725e-06 3.58637e-06 1.33655e-06 4.67781e-07 1.53664e-07 4.72421e-08 1.35452e-08 3.61199e-09 8.94565e-10 2.05766e-10 4.40027e-11 8.76373e-12 1.62904e-12 2.83286e-13 4.61956e-14 7.08061e-15 1.02237e-15 1.39357e-16 1.79677e-17 2.19532e-18 2.54615e-19 2.80761e-20 2.94775e-21 2.95075e-22 2.81971e-23 2.57521e-24 2.25024e-25 1.88319e-26 1.51084e-27 1.16306e-28 8.59821e-30 6.10943e-31 4.17563e-32 2.74889e-33 
1.03477e-33 1.31435e-34 1.19099e-33 2.42901e-32 4.69495e-31 8.57471e-30 1.48063e-28 2.41812e-27 3.73585e-26 5.45973e-25 7.54634e-24 9.86086e-23 1.21747e-21 1.41919e-20 1.56045e-19 1.61658e-18 1.57579e-17 1.44307e-16 1.23938e-15 9.96302e-15 7.47989e-14 5.23205e-13 3.40084e-12 2.0485e-11 1.14019e-10 5.8478e-10 2.75665e-09 1.19212e-08 4.72596e-08 1.71932e-07 5.75967e-07 1.78658e-06 5.16296e-06 1.39529e-05 3.52311e-05 8.27644e-05 0.000180461 0.000366337 0.000695763 0.00123696 0.00205684 0.00321481 0.00476225 0.00668341 0.00871089 0.0103862 0.0114664 0.0120254 0.0122647 0.0123507 0.0123728 0.012359 0.0122876 0.0120741 0.0115511 0.0105075 0.00885896 0.00684687 0.00492661 0.00336182 0.00217599 0.00132704 0.000759427 0.000408164 0.000205937 9.71485e-05 4.27427e-05 1.75727e-05 6.77535e-06 2.45344e-06 8.32748e-07 2.63871e-07 7.77413e-08 2.12384e-08 5.37482e-09 1.26061e-09 2.74427e-10 5.55679e-11 1.04916e-11 1.85185e-12 3.06356e-13 4.76193e-14 6.97107e-15 9.63238e-16 1.25886e-16 1.55902e-17 1.83284e-18 2.04878e-19 2.18078e-20 2.21348e-21 2.14506e-22 1.98707e-23 1.76148e-24 1.49581e-25 1.21793e-26 9.51726e-28 7.14359e-29 5.15455e-30 3.5783e-31 2.39309e-32 
8.59724e-33 1.18254e-33 1.1356e-32 2.25334e-31 4.24218e-30 7.5565e-29 1.27413e-27 2.03411e-26 3.07491e-25 4.40084e-24 5.96148e-23 7.63979e-22 9.25623e-21 1.05937e-19 1.14415e-18 1.16469e-17 1.11587e-16 1.00458e-15 8.48243e-15 6.70378e-14 4.9474e-13 3.40084e-12 2.17141e-11 1.28396e-10 7.00925e-10 3.52163e-09 1.62366e-08 6.85306e-08 2.64437e-07 9.33236e-07 3.02105e-06 9.02145e-06 2.50308e-05 6.48949e-05 0.000157323 0.000355174 0.00074413 0.00145053 0.00264655 0.00452769 0.0072567 0.0109447 0.0156705 0.021359 0.0272527 0.0320679 0.0351484 0.0367333 0.0374086 0.0376505 0.0377118 0.0376706 0.0374624 0.0368418 0.035324 0.0322987 0.0275191 0.0216643 0.0160088 0.0112745 0.00754365 0.00476033 0.00282299 0.00157473 0.000824915 0.00040372 0.000184225 7.86139e-05 3.14856e-05 1.18373e-05 4.16229e-06 1.36178e-06 4.12752e-07 1.1562e-07 2.99185e-08 7.15912e-09 1.58731e-09 3.26927e-10 6.27237e-11 1.12417e-11 1.88736e-12 2.97605e-13 4.41838e-14 6.19045e-15 8.20242e-16 1.02985e-16 1.22746e-17 1.39109e-18 1.50137e-19 1.54529e-20 1.51876e-21 1.42707e-22 1.28339e-23 1.10581e-24 9.13754e-26 7.24767e-27 5.52281e-28 4.04639e-29 2.85273e-30 1.93786e-31 
6.64231e-32 9.91509e-33 1.00079e-31 1.93426e-30 3.55038e-29 6.17323e-28 1.01711e-26 1.58817e-25 2.35011e-24 3.29495e-23 4.37536e-22 5.49977e-21 6.53918e-20 7.34778e-19 7.79414e-18 7.79468e-17 7.33831e-16 6.49257e-15 5.38785e-14 4.18449e-13 3.03416e-12 2.0485e-11 1.28396e-10 7.44751e-10 3.98433e-09 1.95926e-08 8.8262e-08 3.63188e-07 1.36237e-06 4.65709e-06 1.45397e-05 4.1684e-05 0.000110621 0.000273832 0.000634129 0.00136916 0.00274365 0.00511087 0.00891216 0.0145963 0.0224406 0.0325123 0.0447867 0.0590038 0.0733985 0.0850025 0.0923624 0.0961257 0.0977221 0.0982915 0.0984341 0.0983314 0.0978236 0.096314 0.0926275 0.0852839 0.0736664 0.059347 0.0452696 0.0330603 0.0229695 0.0150703 0.00930864 0.0054168 0.00295989 0.0015095 0.00071773 0.000319469 0.000133531 5.23187e-05 1.91093e-05 6.46698e-06 2.01909e-06 5.80492e-07 1.53718e-07 3.75554e-08 8.48665e-09 1.7791e-09 3.47063e-10 6.31973e-11 1.07734e-11 1.72416e-12 2.5972e-13 3.69124e-14 4.96064e-15 6.3166e-16 7.6351e-17 8.77549e-18 9.60574e-19 1.0028e-19 9.99768e-21 9.53035e-22 8.69628e-23 7.60372e-24 6.37688e-25 5.13424e-26 3.97193e-27 2.95487e-28 2.11554e-29 1.45961e-30 
4.77443e-31 7.74927e-32 8.16175e-31 1.53791e-29 2.75446e-28 4.67799e-27 7.53511e-26 1.15119e-24 1.66792e-23 2.29112e-22 2.98242e-21 3.67679e-20 4.28943e-19 4.73086e-18 4.92703e-17 4.83886e-16 4.47436e-15 3.88836e-14 3.16931e-13 2.41729e-12 1.72086e-11 1.14019e-10 7.00925e-10 3.98433e-09 2.08669e-08 1.00311e-07 4.40961e-07 1.76652e-06 6.43192e-06 2.12597e-05 6.3877e-05 0.00017531 0.00044319 0.00104195 0.00229117 0.00470365 0.0089664 0.0158741 0.0263001 0.0409911 0.0601156 0.0832457 0.109779 0.139047 0.167813 0.190627 0.204958 0.212241 0.215318 0.216412 0.216682 0.216475 0.215468 0.212483 0.205202 0.190696 0.167674 0.139003 0.11008 0.0837881 0.060757 0.0416788 0.0269751 0.01647 0.00943765 0.00504158 0.00251188 0.00117305 0.000514359 0.000210854 8.02134e-05 2.81314e-05 9.05985e-06 2.67651e-06 7.2608e-07 1.81298e-07 4.17953e-08 8.9259e-09 1.77196e-09 3.28075e-10 5.68306e-11 9.23753e-12 1.41278e-12 2.03808e-13 2.77966e-14 3.59162e-15 4.40502e-16 5.13713e-17 5.70559e-18 6.04397e-19 6.1146e-20 5.91524e-21 5.4781e-22 4.8618e-23 4.13905e-24 3.38327e-25 2.65754e-26 2.00761e-27 1.45974e-28 1.02295e-29 
3.19548e-30 5.64874e-31 6.16779e-30 1.13395e-28 1.98301e-27 3.29115e-26 5.18449e-25 7.75139e-24 1.09971e-22 1.47995e-21 1.88823e-20 2.28247e-19 2.61171e-18 2.82595e-17 2.88797e-16 2.7835e-15 2.52606e-14 2.15445e-13 1.72324e-12 1.28951e-11 9.00342e-11 5.8478e-10 3.52163e-09 1.95926e-08 1.00311e-07 4.70688e-07 2.01578e-06 7.84785e-06 2.76823e-05 8.82904e-05 0.000254697 0.000667171 0.00160005 0.00355248 0.00736694 0.0142814 0.025735 0.0430382 0.0673165 0.0991935 0.137927 0.181602 0.228178 0.276433 0.322024 0.357442 0.379454 0.390575 0.395257 0.396918 0.397325 0.396998 0.395432 0.3908 0.37951 0.356987 0.321022 0.275465 0.227725 0.181545 0.138135 0.0996939 0.0680542 0.0438732 0.026519 0.0149298 0.00784725 0.00387071 0.00179033 0.000770889 0.000306264 0.000111526 3.71099e-05 1.1282e-05 3.13974e-06 8.02299e-07 1.88923e-07 4.11515e-08 8.32275e-09 1.5685e-09 2.7637e-10 4.56704e-11 7.09822e-12 1.04031e-12 1.44113e-13 1.89104e-14 2.35509e-15 2.78867e-16 3.14469e-17 3.38215e-18 3.47401e-19 3.41223e-20 3.20857e-21 2.89144e-22 2.49962e-23 2.07487e-24 1.65516e-25 1.26992e-26 9.37852e-28 6.67587e-29 
1.99373e-29 3.84315e-30 4.32502e-29 7.76372e-28 1.3264e-26 2.15216e-25 3.31647e-24 4.8531e-23 6.74189e-22 8.8874e-21 1.11107e-19 1.3163e-18 1.47646e-17 1.56626e-16 1.56936e-15 1.48306e-14 1.31955e-13 1.10326e-12 8.64874e-12 6.34114e-11 4.3361e-10 2.75665e-09 1.62366e-08 8.8262e-08 4.40961e-07 2.01578e-06 8.39278e-06 3.16834e-05 0.000108012 0.000331572 0.000915862 0.00228261 0.00517203 0.0107821 0.0209307 0.0380136 0.0642931 0.100919 0.148079 0.204985 0.268699 0.33491 0.399692 0.461682 0.517221 0.559223 0.585009 0.59797 0.603417 0.605349 0.605821 0.605434 0.603595 0.598163 0.584927 0.558433 0.515663 0.459997 0.398363 0.333776 0.267779 0.204549 0.148229 0.101534 0.0651435 0.0389235 0.0217516 0.0114145 0.0055998 0.00254215 0.00105756 0.000400757 0.000138054 4.32738e-05 1.23769e-05 3.24218e-06 7.8111e-07 1.73807e-07 3.58655e-08 6.88986e-09 1.23655e-09 2.08018e-10 3.28973e-11 4.90412e-12 6.90816e-13 9.2156e-14 1.16658e-14 1.40386e-15 1.60868e-16 1.75796e-17 1.83459e-18 1.83068e-19 1.74877e-20 1.60091e-21 1.40589e-22 1.18546e-23 9.60628e-25 7.48705e-26 5.61682e-27 4.0616e-28 
1.16106e-28 2.44205e-29 2.81775e-28 4.94197e-27 8.25321e-26 1.30973e-24 1.97488e-23 2.82883e-22 3.84786e-21 4.96772e-20 6.08324e-19 7.05989e-18 7.7575e-17 8.06131e-16 7.91166e-15 7.32212e-14 6.37888e-13 5.22055e-12 4.00459e-11 2.87174e-10 1.91959e-09 1.19212e-08 6.85306e-08 3.63188e-07 1.76652e-06 7.84785e-06 3.16834e-05 0.000115653 0.000379918 0.00111898 0.00294988 0.00697145 0.0148654 0.0289432 0.0522137 0.0880996 0.138794 0.203258 0.278375 0.360398 0.443826 0.522842 0.593102 0.654314 0.705553 0.742978 0.765629 0.776964 0.78173 0.783424 0.783841 0.783506 0.781909 0.777198 0.765711 0.742573 0.704563 0.65309 0.591785 0.521159 0.441901 0.358708 0.277277 0.202845 0.13899 0.0888186 0.0532126 0.0299182 0.0156449 0.00751407 0.00328257 0.00129788 0.000464063 0.000150349 4.42984e-05 1.19225e-05 2.94506e-06 6.70797e-07 1.41509e-07 2.77625e-08 5.0845e-09 8.72238e-10 1.40591e-10 2.13512e-11 3.06278e-12 4.15932e-13 5.35832e-14 6.56053e-15 7.64689e-16 8.49829e-17 9.01757e-18 9.14782e-19 8.8824e-20 8.26424e-21 7.37526e-22 6.31922e-23 5.20292e-24 4.11993e-25 3.14002e-26 2.30669e-27 
6.31717e-28 1.44961e-28 1.70694e-27 2.92726e-26 4.78171e-25 7.42542e-24 1.09597e-22 1.53703e-21 2.04728e-20 2.58835e-19 3.10385e-18 3.52715e-17 3.79433e-16 3.85925e-15 3.70608e-14 3.35483e-13 2.85741e-12 2.28516e-11 1.7119e-10 1.19811e-09 7.81015e-09 4.72596e-08 2.64437e-07 1.36237e-06 6.43192e-06 2.76823e-05 0.000108012 0.000379918 0.00119814 0.00337268 0.00845208 0.0188682 0.0377209 0.0682983 0.113818 0.177083 0.258075 0.351064 0.447976 0.542426 0.628669 0.702597 0.762342 0.809701 0.846512 0.872327 0.887686 0.895335 0.898553 0.899701 0.899987 0.899767 0.89871 0.895592 0.887971 0.872483 0.846467 0.809543 0.761946 0.701597 0.627018 0.540386 0.445893 0.349227 0.25683 0.176819 0.11443 0.0693252 0.038793 0.0197767 0.00910231 0.00376768 0.00140287 0.000471262 0.000143467 3.97864e-05 1.01044e-05 2.36217e-06 5.10747e-07 1.02587e-07 1.92171e-08 3.36925e-09 5.54636e-10 8.59713e-11 1.25801e-11 1.74182e-12 2.28674e-13 2.85197e-14 3.38483e-15 3.82889e-16 4.13407e-17 4.26602e-18 4.21248e-19 3.98483e-20 3.61487e-21 3.14781e-22 2.63362e-23 2.11883e-24 1.64055e-25 1.22422e-26 
3.21206e-27 8.03423e-28 9.6152e-27 1.6137e-25 2.58034e-24 3.92355e-23 5.67166e-22 7.79099e-21 1.01646e-19 1.25865e-18 1.47799e-17 1.64424e-16 1.73097e-15 1.72214e-14 1.61678e-13 1.42987e-12 1.18896e-11 9.27513e-11 6.77162e-10 4.61409e-09 2.92516e-08 1.71932e-07 9.33236e-07 4.65709e-06 2.12597e-05 8.82904e-05 0.000331572 0.00111898 0.00337268 0.00903101 0.0214117 0.0449475 0.0839374 0.140932 0.216293 0.30901 0.41498 0.523952 0.625033 0.712462 0.783856 0.839212 0.880049 0.909667 0.931037 0.945374 0.953734 0.957871 0.959613 0.960236 0.960393 0.96028 0.959723 0.95808 0.954048 0.945765 0.931491 0.910197 0.880522 0.839337 0.783431 0.711369 0.623209 0.521474 0.412444 0.307353 0.215806 0.141303 0.0848425 0.0460661 0.0224277 0.00975967 0.00379987 0.00132876 0.000419557 0.00012033 3.15325e-05 7.59203e-06 1.68804e-06 3.48197e-07 6.69061e-08 1.20197e-08 2.0255e-09 3.21108e-10 4.80168e-11 6.78872e-12 9.09426e-13 1.15659e-13 1.39892e-14 1.61181e-15 1.77171e-16 1.86047e-17 1.86875e-18 1.79757e-19 1.65768e-20 1.46702e-21 1.24709e-22 1.01924e-23 8.01545e-25 6.07436e-26 
1.5252e-26 4.1516e-27 5.03206e-26 8.27265e-25 1.29604e-23 1.93123e-22 2.7361e-21 3.68373e-20 4.70999e-19 5.71458e-18 6.57312e-17 7.15984e-16 7.37614e-15 7.17668e-14 6.5838e-13 5.68446e-12 4.60962e-11 3.50269e-10 2.48758e-09 1.64639e-08 1.0122e-07 5.75967e-07 3.02105e-06 1.45397e-05 6.3877e-05 0.000254697 0.000915862 0.00294988 0.00845208 0.0214117 0.0477645 0.0938052 0.163022 0.253497 0.358684 0.471457 0.58482 0.68871 0.77482 0.84123 0.88986 0.924042 0.947162 0.962598 0.972959 0.979593 0.983375 0.98523 0.986011 0.986291 0.986363 0.986315 0.986073 0.985358 0.983595 0.979925 0.973426 0.963226 0.947914 0.924794 0.890448 0.841394 0.774193 0.687008 0.582367 0.469115 0.356925 0.252462 0.162924 0.094572 0.0489388 0.022501 0.00920586 0.0033673 0.00110806 0.000330213 8.96928e-05 2.23368e-05 5.12732e-06 1.09001e-06 2.15513e-07 3.97793e-08 6.87772e-09 1.11725e-09 1.70987e-10 2.47147e-11 3.38143e-12 4.38822e-13 5.41166e-14 6.35288e-15 7.11032e-16 7.59828e-17 7.76296e-18 7.59208e-19 7.11561e-20 6.39798e-21 5.52438e-22 4.58496e-23 3.66082e-24 2.81627e-25 
6.7523e-26 1.99592e-26 2.44275e-25 3.93763e-24 6.04966e-23 8.84185e-22 1.22875e-20 1.62267e-19 2.03475e-18 2.42054e-17 2.72883e-16 2.91182e-15 2.93676e-14 2.79509e-13 2.50589e-12 2.11199e-11 1.66956e-10 1.23482e-09 8.52065e-09 5.46841e-08 3.25287e-07 1.78658e-06 9.02145e-06 4.1684e-05 0.00017531 0.000667171 0.00228261 0.00697145 0.0188682 0.0449475 0.0938052 0.171484 0.276414 0.398181 0.522091 0.637014 0.737513 0.819246 0.880141 0.922425 0.950395 0.968296 0.979437 0.986319 0.990626 0.993255 0.994716 0.995425 0.995723 0.99583 0.995858 0.995841 0.995752 0.995487 0.994831 0.993446 0.990922 0.986755 0.98004 0.969066 0.951291 0.923293 0.880656 0.819021 0.736442 0.635298 0.519828 0.395742 0.274703 0.171111 0.0945836 0.0461972 0.019975 0.00768814 0.00265244 0.000826137 0.000233856 6.05308e-05 1.44047e-05 3.16706e-06 6.46139e-07 1.22807e-07 2.18219e-08 3.63682e-09 5.70131e-10 8.42948e-11 1.17826e-11 1.56046e-12 1.96202e-13 2.34631e-14 2.67321e-15 2.90611e-16 3.01885e-17 3.00047e-18 2.8568e-19 2.60857e-20 2.28669e-21 1.92627e-22 1.56074e-23 1.21822e-24 
2.78157e-25 8.90705e-26 1.09787e-24 1.73681e-23 2.61906e-22 3.75761e-21 5.12632e-20 6.64534e-19 8.17852e-18 9.54634e-17 1.05557e-15 1.10418e-14 1.09097e-13 1.01635e-12 8.90988e-12 7.33371e-11 5.65347e-10 4.07037e-09 2.72854e-08 1.6971e-07 9.75678e-07 5.16296e-06 2.50308e-05 0.000110621 0.00044319 0.00160005 0.00517203 0.0148654 0.0377209 0.0839374 0.163022 0.276414 0.412727 0.552213 0.676412 0.776309 0.852089 0.906554 0.943112 0.966155 0.980036 0.988169 0.992843 0.995524 0.997093 0.998004 0.998496 0.998732 0.998831 0.998867 0.998876 0.998871 0.998842 0.998757 0.998545 0.99809 0.997235 0.995752 0.993194 0.988688 0.980761 0.967073 0.944099 0.907374 0.852484 0.77596 0.674866 0.549477 0.409756 0.274459 0.162701 0.0848799 0.0390435 0.0159266 0.005802 0.00190099 0.000563919 0.00015239 3.77255e-05 8.59969e-06 1.81355e-06 3.55321e-07 6.49286e-08 1.11044e-08 1.78314e-09 2.69623e-10 3.84901e-11 5.19992e-12 6.66257e-13 8.11227e-14 9.40333e-15 1.03938e-15 1.09719e-16 1.10766e-17 1.07078e-18 9.92379e-20 8.82705e-21 7.54321e-22 6.19885e-23 4.90664e-24 
1.06443e-24 3.68309e-25 4.56171e-24 7.08762e-23 1.0498e-21 1.47956e-20 1.98284e-19 2.5248e-18 3.05166e-17 3.49728e-16 3.7953e-15 3.89437e-14 3.77196e-13 3.44192e-12 2.95253e-11 2.3751e-10 1.78678e-09 1.25319e-08 8.16623e-08 4.925e-07 2.73721e-06 1.39529e-05 6.48949e-05 0.000273832 0.00104195 0.00355248 0.0107821 0.0289432 0.0682983 0.140932 0.253497 0.398181 0.552213 0.690783 0.79894 0.874836 0.924904 0.956592 0.975711 0.986686 0.992744 0.996009 0.997748 0.998676 0.999184 0.999465 0.999613 0.999682 0.999711 0.999722 0.999725 0.999723 0.999715 0.999691 0.99963 0.999498 0.999241 0.998773 0.997912 0.996282 0.993178 0.987337 0.976601 0.957682 0.926051 0.875664 0.798749 0.68899 0.549065 0.394923 0.251656 0.141012 0.0695257 0.0302968 0.0117372 0.00406839 0.00126995 0.000359264 9.26694e-05 2.19187e-05 4.77877e-06 9.64969e-07 1.81253e-07 3.17926e-08 5.226e-09 8.07597e-10 1.17665e-10 1.6205e-11 2.11455e-12 2.61985e-13 3.08789e-14 3.46845e-15 3.71873e-16 3.81131e-17 3.73904e-18 3.51553e-19 3.17149e-20 2.74813e-21 2.2895e-22 1.83696e-23 
