1.83044e-14 1.82092e-14 3.2476e-14 7.15794e-14 1.62663e-13 3.65881e-13 8.08464e-13 1.75246e-12 3.72544e-12 7.7663e-12 1.58761e-11 3.18248e-11 6.25582e-11 1.20591e-10 2.27969e-10 4.22667e-10 7.68629e-10 1.37111e-09 2.39942e-09 4.11975e-09 6.94091e-09 1.1476e-08 1.8623e-08 2.96646e-08 4.63877e-08 7.12173e-08 1.07355e-07 1.58909e-07 2.30986e-07 3.29731e-07 4.62261e-07 6.36479e-07 8.60726e-07 1.14326e-06 1.49156e-06 1.91151e-06 2.40653e-06 2.97663e-06 3.61779e-06 4.32142e-06 5.07429e-06 5.85886e-06 6.65401e-06 7.43617e-06 8.18065e-06 8.86304e-06 9.4606e-06 9.95331e-06 1.03248e-05 1.05628e-05 1.06595e-05 1.06118e-05 1.04213e-05 1.00943e-05 9.64151e-06 9.07815e-06 8.42319e-06 7.69866e-06 6.92858e-06 6.13764e-06 5.34981e-06 4.58695e-06 3.86766e-06 3.20643e-06 2.61322e-06 2.09344e-06 1.64832e-06 1.27554e-06 9.70075e-07 7.25056e-07 5.32585e-07 3.84466e-07 2.72758e-07 1.90171e-07 1.30303e-07 8.77393e-08 5.80568e-08 3.77495e-08 2.41183e-08 1.51402e-08 9.33773e-09 5.65772e-09 3.36746e-09 1.96876e-09 1.13054e-09 6.37604e-10 3.53157e-10 1.92096e-10 1.0261e-10 5.38242e-11 2.77253e-11 1.40248e-11 6.96701e-12 3.39898e-12 1.62866e-12 7.6655e-13 3.54488e-13 1.61274e-13 7.2671e-14 3.3687e-14 
1.82092e-14 1.81295e-14 3.26861e-14 7.28282e-14 1.67101e-13 3.79268e-13 8.45351e-13 1.84787e-12 3.96033e-12 8.32099e-12 1.71391e-11 3.46071e-11 6.8503e-11 1.32932e-10 2.52901e-10 4.7173e-10 8.62771e-10 1.54738e-09 2.72173e-09 4.69556e-09 7.94654e-09 1.31938e-08 2.14942e-08 3.43622e-08 5.39139e-08 8.30285e-08 1.25517e-07 1.86279e-07 2.7142e-07 3.883e-07 5.45457e-07 7.5239e-07 1.01914e-06 1.35566e-06 1.77099e-06 2.27226e-06 2.86362e-06 3.54516e-06 4.31206e-06 5.15403e-06 6.05515e-06 6.99432e-06 7.94616e-06 8.88232e-06 9.77317e-06 1.05895e-05 1.13039e-05 1.18927e-05 1.23363e-05 1.26201e-05 1.27348e-05 1.26769e-05 1.24482e-05 1.20561e-05 1.15136e-05 1.08388e-05 1.00543e-05 9.18668e-06 8.2646e-06 7.31772e-06 6.37482e-06 5.46216e-06 4.60206e-06 3.81189e-06 3.10353e-06 2.4834e-06 1.95287e-06 1.50909e-06 1.14591e-06 8.55022e-07 6.26879e-07 4.51615e-07 3.19687e-07 2.22355e-07 1.51958e-07 1.02034e-07 6.73106e-08 4.36237e-08 2.77737e-08 1.73695e-08 1.06697e-08 6.43714e-09 3.81396e-09 2.21907e-09 1.26778e-09 7.11164e-10 3.91675e-10 2.11785e-10 1.12425e-10 5.85907e-11 2.99772e-11 1.50577e-11 7.42589e-12 3.59569e-12 1.70959e-12 7.98227e-13 3.66107e-13 1.65145e-13 7.37464e-14 3.38457e-14 
3.2476e-14 3.26861e-14 5.94565e-14 1.33008e-13 3.05869e-13 6.95401e-13 1.5521e-12 3.39651e-12 7.28546e-12 1.53163e-11 3.15579e-11 6.37252e-11 1.26115e-10 2.44619e-10 4.65049e-10 8.66611e-10 1.58308e-09 2.83517e-09 4.97858e-09 8.57309e-09 1.44789e-08 2.39861e-08 3.8983e-08 6.21646e-08 9.72802e-08 1.49408e-07 2.25241e-07 3.33342e-07 4.84331e-07 6.90945e-07 9.67888e-07 1.33142e-06 1.79862e-06 2.38628e-06 3.10952e-06 3.98003e-06 5.00428e-06 6.18175e-06 7.50351e-06 8.95129e-06 1.04974e-05 1.21054e-05 1.37319e-05 1.53285e-05 1.68451e-05 1.82323e-05 1.94444e-05 2.04415e-05 2.11909e-05 2.16686e-05 2.18593e-05 2.17571e-05 2.13652e-05 2.06961e-05 1.97715e-05 1.86217e-05 1.72848e-05 1.58053e-05 1.42317e-05 1.26141e-05 1.10015e-05 9.43851e-06 7.96344e-06 6.60616e-06 5.38735e-06 4.3184e-06 3.40215e-06 2.63413e-06 2.00425e-06 1.4986e-06 1.1011e-06 7.94993e-07 5.64004e-07 3.93159e-07 2.69278e-07 1.81201e-07 1.19788e-07 7.77916e-08 4.96225e-08 3.10895e-08 1.91291e-08 1.1558e-08 6.85702e-09 3.99405e-09 2.28392e-09 1.28205e-09 7.06418e-10 3.82057e-10 2.02811e-10 1.05668e-10 5.40364e-11 2.71225e-11 1.33625e-11 6.46225e-12 3.06797e-12 1.43001e-12 6.54598e-13 2.94638e-13 1.31273e-13 6.01492e-14 
7.15794e-14 7.28282e-14 1.33008e-13 2.97277e-13 6.82208e-13 1.54735e-12 3.44495e-12 7.51886e-12 1.60833e-11 3.37144e-11 6.92554e-11 1.39406e-10 2.74982e-10 5.31536e-10 1.0069e-09 1.86939e-09 3.40181e-09 6.06827e-09 1.06125e-08 1.81983e-08 3.06035e-08 5.04783e-08 8.16775e-08 1.29669e-07 2.02009e-07 3.08871e-07 4.63569e-07 6.83029e-07 9.88104e-07 1.40362e-06 1.95805e-06 2.68262e-06 3.60985e-06 4.77141e-06 6.19533e-06 7.9028e-06 9.9047e-06 1.21984e-05 1.4765e-05 1.7568e-05 2.05531e-05 2.36497e-05 2.67742e-05 2.98347e-05 3.27356e-05 3.53839e-05 3.76935e-05 3.95897e-05 4.10118e-05 4.19149e-05 4.22709e-05 4.20688e-05 4.13151e-05 4.00331e-05 3.82635e-05 3.60633e-05 3.35041e-05 3.06695e-05 2.76514e-05 2.45449e-05 2.14429e-05 1.84311e-05 1.55829e-05 1.29563e-05 1.05918e-05 8.51265e-06 6.72539e-06 5.22272e-06 3.98637e-06 2.99047e-06 2.20477e-06 1.59748e-06 1.13744e-06 7.95841e-07 5.47138e-07 3.6958e-07 2.45258e-07 1.59882e-07 1.02376e-07 6.43816e-08 3.97603e-08 2.41107e-08 1.43547e-08 8.38999e-09 4.81357e-09 2.71068e-09 1.49819e-09 8.12653e-10 4.32596e-10 2.25991e-10 1.1586e-10 5.82927e-11 2.87842e-11 1.39501e-11 6.63612e-12 3.099e-12 1.42111e-12 6.40747e-13 2.86012e-13 1.31454e-13 
1.62663e-13 1.67101e-13 3.05869e-13 6.82208e-13 1.56091e-12 3.52919e-12 7.83164e-12 1.7036e-11 3.63159e-11 7.58579e-11 1.5526e-10 3.11363e-10 6.11816e-10 1.17797e-09 2.22244e-09 4.10901e-09 7.44554e-09 1.32238e-08 2.30239e-08 3.93029e-08 6.57906e-08 1.08012e-07 1.73951e-07 2.74855e-07 4.26168e-07 6.48535e-07 9.68791e-07 1.42082e-06 2.04605e-06 2.89349e-06 4.01885e-06 5.48277e-06 7.34782e-06 9.67422e-06 1.25144e-05 1.5907e-05 1.987e-05 2.43947e-05 2.94414e-05 3.49362e-05 4.07712e-05 4.68083e-05 5.28851e-05 5.88239e-05 6.44415e-05 6.95599e-05 7.40158e-05 7.76673e-05 8.03999e-05 8.21293e-05 8.2803e-05 8.24007e-05 8.09346e-05 7.84496e-05 7.50225e-05 7.07615e-05 6.58027e-05 6.03056e-05 5.44458e-05 4.84056e-05 4.23641e-05 3.64868e-05 3.09167e-05 2.57677e-05 2.11206e-05 1.70226e-05 1.34892e-05 1.05088e-05 8.04805e-06 6.0587e-06 4.48325e-06 3.26066e-06 2.33071e-06 1.63724e-06 1.13016e-06 7.66526e-07 5.10777e-07 3.3435e-07 2.14974e-07 1.35746e-07 8.41727e-08 5.12463e-08 3.06301e-08 1.79713e-08 1.03493e-08 5.84931e-09 3.24437e-09 1.76589e-09 9.4317e-10 4.94313e-10 2.54215e-10 1.28291e-10 6.35345e-11 3.0879e-11 1.47297e-11 6.89695e-12 3.17094e-12 1.43338e-12 6.41608e-13 2.96078e-13 
3.65881e-13 3.79268e-13 6.95401e-13 1.54735e-12 3.52919e-12 7.95291e-12 1.75882e-11 3.81258e-11 8.09832e-11 1.68542e-10 3.43666e-10 6.86548e-10 1.34373e-09 2.57671e-09 4.84126e-09 8.91291e-09 1.60801e-08 2.84328e-08 4.92801e-08 8.37359e-08 1.39513e-07 2.27961e-07 3.65369e-07 5.74531e-07 8.86525e-07 1.3426e-06 1.996e-06 2.91344e-06 4.17595e-06 5.87856e-06 8.1285e-06 1.10415e-05 1.47356e-05 1.93233e-05 2.49007e-05 3.15362e-05 3.92579e-05 4.80428e-05 5.78082e-05 6.84073e-05 7.96301e-05 9.12104e-05 0.000102838 0.000114175 0.000124877 0.000134609 0.000143066 0.000149984 0.00015515 0.000158409 0.000159665 0.000158879 0.000156076 0.000151339 0.000144811 0.000136695 0.000127244 0.000116757 0.000105564 9.40085e-05 8.24301e-05 7.11434e-05 6.04224e-05 5.04869e-05 4.14953e-05 3.35425e-05 2.66635e-05 2.08412e-05 1.60169e-05 1.21019e-05 8.98899e-06 6.56332e-06 4.71035e-06 3.32246e-06 2.30302e-06 1.56862e-06 1.0497e-06 6.90046e-07 4.45553e-07 2.8253e-07 1.75919e-07 1.07543e-07 6.45374e-08 3.80148e-08 2.19763e-08 1.24675e-08 6.94051e-09 3.79113e-09 2.03187e-09 1.06847e-09 5.51288e-10 2.79093e-10 1.38642e-10 6.75843e-11 3.23324e-11 1.5182e-11 6.99942e-12 3.17273e-12 1.42441e-12 6.60092e-13 
8.08464e-13 8.45351e-13 1.5521e-12 3.44495e-12 7.83164e-12 1.75882e-11 3.87614e-11 8.37234e-11 1.77189e-10 3.6739e-10 7.46267e-10 1.485e-09 2.89481e-09 5.52824e-09 1.0343e-08 1.89597e-08 3.4055e-08 5.99444e-08 1.03418e-07 1.74902e-07 2.90018e-07 4.71593e-07 7.52166e-07 1.17694e-06 1.80711e-06 2.72329e-06 4.02877e-06 5.85197e-06 8.34766e-06 1.16959e-05 1.6098e-05 2.17695e-05 2.89277e-05 3.77768e-05 4.84881e-05 6.11783e-05 7.58879e-05 9.25607e-05 0.00011103 0.000131011 0.000152104 0.000173808 0.000195545 0.00021669 0.000236606 0.000254682 0.000270361 0.000283162 0.000292703 0.000298702 0.000300987 0.000299492 0.00029426 0.000285442 0.000273301 0.000258201 0.000240606 0.000221063 0.000200175 0.000178576 0.000156893 0.00013571 0.000115539 9.67976e-05 7.97869e-05 6.46943e-05 5.15955e-05 4.04692e-05 3.12149e-05 2.36747e-05 1.76546e-05 1.2943e-05 9.32771e-06 6.60735e-06 4.59979e-06 3.14664e-06 2.1149e-06 1.39637e-06 9.05545e-07 5.76695e-07 3.60613e-07 2.21375e-07 1.33396e-07 7.88915e-08 4.57866e-08 2.60751e-08 1.457e-08 7.98753e-09 4.29607e-09 2.26689e-09 1.17352e-09 5.96031e-10 2.97019e-10 1.45233e-10 6.96874e-11 3.28178e-11 1.51733e-11 6.89743e-12 3.10619e-12 1.44569e-12 
1.75246e-12 1.84787e-12 3.39651e-12 7.51886e-12 1.7036e-11 3.81258e-11 8.37234e-11 1.80181e-10 3.79912e-10 7.84725e-10 1.58778e-09 3.14693e-09 6.10949e-09 1.16185e-08 2.16445e-08 3.95022e-08 7.06346e-08 1.23762e-07 2.12517e-07 3.57696e-07 5.90237e-07 9.55043e-07 1.51564e-06 2.35966e-06 3.60477e-06 5.40486e-06 7.95548e-06 1.14979e-05 1.63204e-05 2.27554e-05 3.11717e-05 4.19591e-05 5.55073e-05 7.21762e-05 9.22608e-05 0.000115953 0.000143303 0.000174183 0.000208265 0.000245013 0.000283684 0.000323359 0.000362989 0.000401444 0.000437585 0.000470319 0.000498657 0.000521753 0.000538931 0.000549699 0.000553754 0.000550984 0.000541467 0.000525471 0.000503456 0.000476071 0.000444136 0.000408623 0.000370612 0.000331237 0.000291626 0.000252841 0.000215815 0.000181314 0.000149903 0.000121941 9.75864e-05 7.68208e-05 5.948e-05 4.52917e-05 3.39137e-05 2.49684e-05 1.80723e-05 1.28582e-05 8.99144e-06 6.17862e-06 4.1715e-06 2.76667e-06 1.80221e-06 1.15283e-06 7.24023e-07 4.46376e-07 2.70111e-07 1.60404e-07 9.34687e-08 5.34384e-08 2.99737e-08 1.64931e-08 8.90281e-09 4.71419e-09 2.44877e-09 1.24786e-09 6.2385e-10 3.06003e-10 1.4728e-10 6.95661e-11 3.22583e-11 1.47068e-11 6.6441e-12 3.10606e-12 
3.72544e-12 3.96033e-12 7.28546e-12 1.60833e-11 3.63159e-11 8.09832e-11 1.77189e-10 3.79912e-10 7.97999e-10 1.64191e-09 3.30897e-09 6.53162e-09 1.26278e-08 2.39123e-08 4.43525e-08 8.0584e-08 1.43435e-07 2.50143e-07 4.27482e-07 7.16006e-07 1.17563e-06 1.89267e-06 2.98833e-06 4.62848e-06 7.03414e-06 1.04919e-05 1.53632e-05 2.20898e-05 3.1195e-05 4.32771e-05 5.89926e-05 7.90286e-05 0.000104063 0.00013471 0.000171462 0.000214619 0.000264224 0.000320005 0.000381339 0.000447233 0.000516347 0.000587042 0.000657457 0.000725612 0.000789516 0.000847275 0.000897179 0.000937776 0.000967907 0.000986737 0.000993751 0.000988762 0.000971903 0.000943638 0.000904754 0.000856367 0.000799894 0.000737014 0.000669602 0.000599638 0.000529102 0.000459864 0.000393587 0.000331642 0.000275061 0.000224515 0.000180325 0.000142495 0.00011077 8.46975e-05 6.36927e-05 4.70998e-05 3.42449e-05 2.44765e-05 1.71952e-05 1.1871e-05 8.05207e-06 5.36518e-06 3.51099e-06 2.2561e-06 1.42328e-06 8.81346e-07 5.35618e-07 3.19414e-07 1.8689e-07 1.07278e-07 6.0407e-08 3.33652e-08 1.80766e-08 9.60624e-09 5.00736e-09 2.56035e-09 1.28425e-09 6.31965e-10 3.05123e-10 1.44564e-10 6.72376e-11 3.07465e-11 1.39358e-11 6.5445e-12 
7.7663e-12 8.32099e-12 1.53163e-11 3.37144e-11 7.58579e-11 1.68542e-10 3.6739e-10 7.84725e-10 1.64191e-09 3.36487e-09 6.75381e-09 1.32762e-08 2.55585e-08 4.81879e-08 8.89817e-08 1.60935e-07 2.85122e-07 4.94871e-07 8.41595e-07 1.40262e-06 2.29136e-06 3.66994e-06 5.76425e-06 8.88091e-06 1.34251e-05 1.99179e-05 2.90102e-05 4.14909e-05 5.82856e-05 8.04417e-05 0.000109097 0.000145428 0.000190577 0.000245563 0.000311175 0.000387855 0.000475596 0.000573843 0.000681438 0.000796604 0.000916983 0.00103972 0.00116162 0.00127929 0.00138936 0.00148862 0.00157421 0.0016437 0.00169518 0.00172725 0.00173906 0.00173032 0.00170125 0.00165263 0.00158575 0.0015025 0.00140523 0.00129678 0.00118031 0.00105919 0.00093679 0.000816325 0.000700672 0.000592233 0.00049284 0.000403715 0.000325484 0.000258229 0.000201576 0.000154799 0.000116931 8.68661e-05 6.34537e-05 4.55691e-05 3.21666e-05 2.23136e-05 1.5208e-05 1.01817e-05 6.69448e-06 4.32186e-06 2.73901e-06 1.70373e-06 1.03997e-06 6.22856e-07 3.65967e-07 2.1093e-07 1.19246e-07 6.61198e-08 3.59576e-08 1.91787e-08 1.00328e-08 5.14781e-09 2.59086e-09 1.27915e-09 6.19591e-10 2.94483e-10 1.3739e-10 6.30211e-11 2.86603e-11 1.35222e-11 
1.58761e-11 1.71391e-11 3.15579e-11 6.92554e-11 1.5526e-10 3.43666e-10 7.46267e-10 1.58778e-09 3.30897e-09 6.75381e-09 1.34998e-08 2.64247e-08 5.06511e-08 9.5075e-08 1.74766e-07 3.14623e-07 5.5476e-07 9.58198e-07 1.62147e-06 2.6887e-06 4.36969e-06 6.96196e-06 1.08767e-05 1.66673e-05 2.50588e-05 3.69749e-05 5.3559e-05 7.61836e-05 0.000106443 0.000146121 0.000197134 0.000261438 0.000340902 0.000437156 0.000551411 0.000684279 0.000835595 0.00100428 0.00118824 0.00138437 0.00158865 0.00179623 0.00200176 0.00219961 0.00238421 0.00255031 0.00269324 0.00280906 0.00289467 0.00294784 0.00296723 0.00295235 0.00290357 0.00282214 0.00271019 0.00257073 0.00240762 0.00222549 0.00202952 0.00182527 0.00161834 0.00141412 0.00121743 0.00103239 0.000862154 0.000708899 0.000573805 0.000457145 0.000358411 0.000276486 0.000209824 0.00015662 0.000114964 8.29671e-05 5.88556e-05 4.10302e-05 2.8103e-05 1.89073e-05 1.2492e-05 8.10328e-06 5.15968e-06 3.22427e-06 1.977e-06 1.18927e-06 7.01772e-07 4.06168e-07 2.30556e-07 1.28346e-07 7.00673e-08 3.75122e-08 1.96954e-08 1.01417e-08 5.12204e-09 2.53744e-09 1.23315e-09 5.88005e-10 2.75207e-10 1.26641e-10 5.77928e-11 2.73973e-11 
3.18248e-11 3.46071e-11 6.37252e-11 1.39406e-10 3.11363e-10 6.86548e-10 1.485e-09 3.14693e-09 6.53162e-09 1.32762e-08 2.64247e-08 5.15006e-08 9.82808e-08 1.83646e-07 3.36018e-07 6.02058e-07 1.05645e-06 1.81572e-06 3.05706e-06 5.04306e-06 8.15291e-06 1.292e-05 2.00754e-05 3.05939e-05 4.57412e-05 6.71146e-05 9.66717e-05 0.000136738 0.000189986 0.000259372 0.000348031 0.000459115 0.000595584 0.000759951 0.000953997 0.00117848 0.00143287 0.00171513 0.0020216 0.00234703 0.00268467 0.00302658 0.00336403 0.00368792 0.00398932 0.00425987 0.00449218 0.00468005 0.00481862 0.00490444 0.00493542 0.0049108 0.00483118 0.00469851 0.00451612 0.00428877 0.00402253 0.00372475 0.00340371 0.0030683 0.00272759 0.0023903 0.00206439 0.00175665 0.00147242 0.00121546 0.000987937 0.000790525 0.000622614 0.000482566 0.000367995 0.000276046 0.000203648 0.000147718 0.000105325 7.38014e-05 5.08066e-05 3.43546e-05 2.28112e-05 1.48698e-05 9.51382e-06 5.97321e-06 3.67944e-06 2.22335e-06 1.31773e-06 7.65931e-07 4.36581e-07 2.44023e-07 1.33745e-07 7.18791e-08 3.78811e-08 1.95775e-08 9.92286e-09 4.9329e-09 2.4055e-09 1.15085e-09 5.40407e-10 2.49496e-10 1.14264e-10 5.44329e-11 
6.25582e-11 6.8503e-11 1.26115e-10 2.74982e-10 6.11816e-10 1.34373e-09 2.89481e-09 6.10949e-09 1.26278e-08 2.55585e-08 5.06511e-08 9.82808e-08 1.86708e-07 3.47271e-07 6.3241e-07 1.12766e-06 1.96901e-06 3.36709e-06 5.63989e-06 9.25494e-06 1.48819e-05 2.3455e-05 3.62427e-05 5.49216e-05 8.16471e-05 0.000119112 0.000170582 0.000239894 0.000331406 0.00044988 0.000600291 0.000787565 0.00101623 0.00129001 0.00161138 0.00198113 0.00239797 0.00285822 0.00335565 0.00388157 0.00442505 0.00497339 0.00551274 0.00602885 0.0065078 0.00693666 0.00730408 0.0076006 0.00781887 0.00795365 0.00800181 0.00796224 0.00783584 0.00762558 0.00733652 0.00697589 0.00655302 0.00607919 0.00556723 0.005031 0.00448471 0.00394216 0.00341606 0.00291736 0.00245484 0.00203482 0.00166114 0.00133529 0.00105667 0.000823011 0.000630778 0.000475604 0.000352699 0.000257179 0.000184341 0.000129849 8.9859e-05 6.10762e-05 4.07615e-05 2.67046e-05 1.71701e-05 1.08322e-05 6.70401e-06 4.06963e-06 2.4228e-06 1.41442e-06 8.09654e-07 4.54428e-07 2.50072e-07 1.34928e-07 7.13824e-08 3.70301e-08 1.88377e-08 9.39829e-09 4.59909e-09 2.20788e-09 1.04027e-09 4.81903e-10 2.21514e-10 1.06052e-10 
1.20591e-10 1.32932e-10 2.44619e-10 5.31536e-10 1.17797e-09 2.57671e-09 5.52824e-09 1.16185e-08 2.39123e-08 4.81879e-08 9.5075e-08 1.83646e-07 3.47271e-07 6.42874e-07 1.1651e-06 2.06731e-06 3.59161e-06 6.11032e-06 1.01812e-05 1.66177e-05 2.65755e-05 4.16519e-05 6.39967e-05 9.64233e-05 0.000142512 0.000206688 0.000294258 0.000411384 0.000564976 0.00076248 0.00101156 0.00131965 0.00169344 0.00213821 0.00265718 0.00325087 0.00391653 0.0046477 0.00543414 0.00626187 0.00711364 0.00796971 0.00880877 0.0096091 0.0103496 0.011011 0.0115764 0.0120317 0.0123661 0.012572 0.0126449 0.0125831 0.012388 0.012064 0.0116184 0.011062 0.0104085 0.00967491 0.00888039 0.00804594 0.00719318 0.00634335 0.00551615 0.0047288 0.00399532 0.00332607 0.00272766 0.00220306 0.00175202 0.00137157 0.00105671 0.000801006 0.000597215 0.000437839 0.00031554 0.00022347 0.000155479 0.000106239 7.12743e-05 4.69351e-05 3.03298e-05 1.92288e-05 1.1958e-05 7.29319e-06 4.36183e-06 2.5578e-06 1.47055e-06 8.28875e-07 4.58023e-07 2.4813e-07 1.31789e-07 6.86305e-08 3.50449e-08 1.75487e-08 8.61857e-09 4.15215e-09 1.96315e-09 9.12601e-10 4.21079e-10 2.02626e-10 
2.27969e-10 2.52901e-10 4.65049e-10 1.0069e-09 2.22244e-09 4.84126e-09 1.0343e-08 2.16445e-08 4.43525e-08 8.89817e-08 1.74766e-07 3.36018e-07 6.3241e-07 1.1651e-06 2.1012e-06 3.7096e-06 6.41183e-06 1.08513e-05 1.79842e-05 2.91938e-05 4.64278e-05 7.23546e-05 0.00011053 0.00016556 0.000243244 0.000350671 0.000496237 0.000689572 0.000941319 0.00126278 0.00166538 0.00215999 0.00275607 0.00346075 0.00427786 0.00520702 0.00624284 0.00737448 0.00858545 0.00985393 0.0111535 0.0124543 0.0137246 0.0149321 0.016046 0.0170382 0.0178843 0.0185641 0.0190625 0.0193685 0.0194758 0.0193822 0.0190895 0.0186039 0.0179361 0.0171011 0.016119 0.0150141 0.0138143 0.0125506 0.0112549 0.00995882 0.00869217 0.00748125 0.00634783 0.00530846 0.00437413 0.00355045 0.00283811 0.00223361 0.0017302 0.00131875 0.000988713 0.000728916 0.000528252 0.000376197 0.000263183 0.000180813 0.000121955 8.07319e-05 5.24387e-05 3.34133e-05 2.08815e-05 1.27969e-05 7.68934e-06 4.52972e-06 2.61589e-06 1.48087e-06 8.21783e-07 4.47043e-07 2.38401e-07 1.24642e-07 6.3893e-08 3.21158e-08 1.58314e-08 7.6548e-09 3.63219e-09 1.69455e-09 7.84919e-10 3.79683e-10 
4.22667e-10 4.7173e-10 8.66611e-10 1.86939e-09 4.10901e-09 8.91291e-09 1.89597e-08 3.95022e-08 8.0584e-08 1.60935e-07 3.14623e-07 6.02058e-07 1.12766e-06 2.06731e-06 3.7096e-06 6.51571e-06 1.12032e-05 1.88592e-05 3.10858e-05 5.01817e-05 7.93538e-05 0.000122954 0.000186723 0.00027802 0.000406005 0.000581738 0.000818157 0.00112989 0.00153286 0.0020437 0.0026789 0.00345373 0.00438103 0.00546987 0.00672418 0.00814152 0.0097121 0.0114182 0.0132341 0.0151268 0.0170568 0.0189803 0.0208514 0.0226237 0.0242534 0.025701 0.0269322 0.0279194 0.0286415 0.0290837 0.0292374 0.0290996 0.0286729 0.0279657 0.0269926 0.0257744 0.024339 0.0227203 0.020958 0.0190957 0.0171796 0.0152554 0.0133667 0.0115527 0.00984625 0.00827301 0.00685076 0.0055895 0.00449198 0.00355467 0.00276898 0.00212252 0.00160046 0.00118672 0.000864966 0.000619508 0.000435851 0.00030111 0.000204207 0.000135908 8.87434e-05 5.68378e-05 3.56994e-05 2.19854e-05 1.32739e-05 7.85619e-06 4.55766e-06 2.59164e-06 1.44446e-06 7.8912e-07 4.2258e-07 2.21835e-07 1.14168e-07 5.76106e-08 2.85074e-08 1.38355e-08 6.58912e-09 3.08543e-09 1.4349e-09 6.97791e-10 
7.68629e-10 8.62771e-10 1.58308e-09 3.40181e-09 7.44554e-09 1.60801e-08 3.4055e-08 7.06346e-08 1.43435e-07 2.85122e-07 5.5476e-07 1.05645e-06 1.96901e-06 3.59161e-06 6.41183e-06 1.12032e-05 1.91605e-05 3.20789e-05 5.2583e-05 8.44045e-05 0.000132702 0.000204406 0.000308564 0.000456643 0.000662748 0.000943692 0.00131887 0.00180988 0.00243986 0.00323249 0.00421073 0.00539522 0.00680254 0.00844335 0.0103206 0.0124278 0.0147481 0.0172536 0.0199053 0.0226545 0.0254442 0.028212 0.0308931 0.0334232 0.035742 0.0377955 0.0395376 0.0409312 0.0419483 0.0425696 0.0427837 0.0425869 0.0419825 0.0409816 0.0396033 0.0378758 0.0358359 0.0335299 0.0310119 0.0283421 0.0255845 0.0228038 0.0200618 0.017415 0.0149119 0.012591 0.0104804 0.00859684 0.00694718 0.00552886 0.00433179 0.00333996 0.00253335 0.00188955 0.00138536 0.000998036 0.000706225 0.000490682 0.000334637 0.00022394 0.000147012 9.46535e-05 5.97573e-05 3.69865e-05 2.24407e-05 1.33452e-05 7.77833e-06 4.44326e-06 2.48754e-06 1.36491e-06 7.34046e-07 3.86953e-07 1.99962e-07 1.01308e-07 5.03266e-08 2.4519e-08 1.17213e-08 5.50948e-09 2.57273e-09 1.25791e-09 
1.37111e-09 1.54738e-09 2.83517e-09 6.06827e-09 1.32238e-08 2.84328e-08 5.99444e-08 1.23762e-07 2.50143e-07 4.94871e-07 9.58198e-07 1.81572e-06 3.36709e-06 6.11032e-06 1.08513e-05 1.88592e-05 3.20789e-05 5.34096e-05 8.70532e-05 0.00013893 0.000217145 0.000332477 0.000498841 0.00073367 0.00105813 0.00149711 0.0020789 0.00283448 0.00379643 0.00499736 0.00646806 0.00823521 0.010319 0.0127305 0.0154698 0.0185234 0.0218636 0.0254475 0.0292181 0.0331055 0.0370298 0.0409048 0.0446419 0.0481547 0.0513628 0.0541949 0.056591 0.0585032 0.0598958 0.0607443 0.0610345 0.0607616 0.05993 0.0585536 0.0566568 0.0542753 0.0514574 0.0482632 0.0447641 0.0410408 0.0371793 0.0332677 0.0293918 0.0256306 0.0220533 0.0187165 0.0156627 0.0129194 0.0105003 0.00840573 0.00662515 0.0051391 0.00392165 0.00294281 0.00217062 0.00157311 0.00111975 0.000782529 0.000536728 0.000361197 0.000238424 0.000154335 9.79484e-05 6.09365e-05 3.71576e-05 2.22057e-05 1.30048e-05 7.46368e-06 4.19769e-06 2.3136e-06 1.24971e-06 6.61615e-07 3.43334e-07 1.7466e-07 8.71154e-08 4.261e-08 2.04487e-08 9.64914e-09 4.52475e-09 2.22455e-09 
2.39942e-09 2.72173e-09 4.97858e-09 1.06125e-08 2.30239e-08 4.92801e-08 1.03418e-07 2.12517e-07 4.27482e-07 8.41595e-07 1.62147e-06 3.05706e-06 5.63989e-06 1.01812e-05 1.79842e-05 3.10858e-05 5.2583e-05 8.70532e-05 0.000141073 0.00022382 0.000347735 0.000529186 0.000789063 0.00115321 0.00165259 0.00232308 0.00320479 0.00434086 0.00577569 0.00755268 0.00971141 0.0122847 0.0152951 0.0187523 0.0226498 0.0269631 0.0316484 0.0366423 0.0418633 0.0472144 0.0525867 0.0578648 0.0629316 0.0676745 0.0719898 0.0757869 0.0789902 0.0815403 0.0833934 0.0845198 0.0849022 0.0845352 0.0834238 0.081585 0.0790484 0.0758582 0.0720742 0.0677725 0.0630442 0.057993 0.0527317 0.0473764 0.0420421 0.0368364 0.0318553 0.0271795 0.0228714 0.0189744 0.015513 0.0124938 0.00990787 0.0077332 0.00593798 0.00448358 0.00332755 0.00242634 0.00173752 0.00122148 0.000842701 0.000570357 0.000378604 0.000246423 0.000157233 9.83336e-05 6.02697e-05 3.61989e-05 2.13042e-05 1.22856e-05 6.94211e-06 3.84382e-06 2.08562e-06 1.10902e-06 5.7799e-07 2.95274e-07 1.47882e-07 7.26245e-08 3.49914e-08 1.65772e-08 7.8069e-09 3.85969e-09 
4.11975e-09 4.69556e-09 8.57309e-09 1.81983e-08 3.93029e-08 8.37359e-08 1.74902e-07 3.57696e-07 7.16006e-07 1.40262e-06 2.6887e-06 5.04306e-06 9.25494e-06 1.66177e-05 2.91938e-05 5.01817e-05 8.44045e-05 0.00013893 0.00022382 0.000352981 0.000545067 0.000824351 0.00122144 0.00177369 0.00252526 0.00352647 0.00483259 0.00650189 0.00859291 0.0111612 0.0142553 0.0179132 0.0221576 0.0269926 0.0324008 0.0383403 0.0447448 0.0515236 0.0585638 0.0657346 0.0728923 0.0798868 0.0865686 0.0927957 0.0984391 0.103388 0.10755 0.110855 0.113251 0.114704 0.115194 0.114715 0.113273 0.110887 0.107591 0.103438 0.0984996 0.0928677 0.0866544 0.0799891 0.0730139 0.0658777 0.0587296 0.0517119 0.044954 0.0385672 0.0326409 0.0272406 0.0224074 0.018159 0.0144915 0.0113828 0.0087961 0.00668391 0.0049919 0.0036627 0.00263906 0.00186654 0.00129541 0.000881894 0.000588759 0.000385359 0.000247234 0.000155452 9.57794e-05 5.78225e-05 3.42017e-05 1.98204e-05 1.12537e-05 6.26052e-06 3.41257e-06 1.82281e-06 9.54189e-07 4.89564e-07 2.46224e-07 1.2142e-07 5.87391e-08 2.79408e-08 1.32162e-08 6.57105e-09 
6.94091e-09 7.94654e-09 1.44789e-08 3.06035e-08 6.57906e-08 1.39513e-07 2.90018e-07 5.90237e-07 1.17563e-06 2.29136e-06 4.36969e-06 8.15291e-06 1.48819e-05 2.65755e-05 4.64278e-05 7.93538e-05 0.000132702 0.000217145 0.000347735 0.000545067 0.000836472 0.0012571 0.0018507 0.00266999 0.00377626 0.00523821 0.00712984 0.00952736 0.0125053 0.0161316 0.0204632 0.0255402 0.0313811 0.0379792 0.0452987 0.0532734 0.0618063 0.0707714 0.0800174 0.0893731 0.0986546 0.107673 0.116244 0.124194 0.131369 0.137638 0.142893 0.147056 0.150066 0.151888 0.152499 0.151893 0.150075 0.147067 0.142908 0.137655 0.131391 0.124223 0.116283 0.107728 0.0987303 0.0894741 0.0801471 0.0709315 0.0619967 0.0534917 0.0455409 0.0382394 0.0316526 0.0258155 0.0207351 0.0163932 0.0127505 0.00975173 0.00733009 0.0054126 0.00392445 0.00279286 0.00195008 0.00133551 0.000896816 0.000590356 0.00038088 0.0002408 0.000149163 9.05248e-05 5.38208e-05 3.13472e-05 1.78862e-05 9.99824e-06 5.47569e-06 2.93832e-06 1.54506e-06 7.9622e-07 4.0218e-07 1.99162e-07 9.6747e-08 4.62107e-08 2.19553e-08 1.09786e-08 
1.1476e-08 1.31938e-08 2.39861e-08 5.04783e-08 1.08012e-07 2.27961e-07 4.71593e-07 9.55043e-07 1.89267e-06 3.66994e-06 6.96196e-06 1.292e-05 2.3455e-05 4.16519e-05 7.23546e-05 0.000122954 0.000204406 0.000332477 0.000529186 0.000824351 0.0012571 0.00187713 0.00274553 0.00393477 0.00552777 0.00761576 0.0102949 0.0136615 0.017807 0.0228109 0.028735 0.0356171 0.0434649 0.0522527 0.0619178 0.07236 0.083443 0.0949971 0.106826 0.118711 0.130426 0.141741 0.152435 0.162306 0.171175 0.178893 0.185343 0.190436 0.194112 0.196331 0.197072 0.196327 0.194103 0.190421 0.185321 0.178866 0.171143 0.162274 0.152409 0.141727 0.130432 0.118744 0.106892 0.0951019 0.083588 0.0725447 0.062139 0.052505 0.0437411 0.0359087 0.0290331 0.0231063 0.0180916 0.0139284 0.0105384 0.00783221 0.00571521 0.00409293 0.00287557 0.00198131 0.00133843 0.000886215 0.000575038 0.000365591 0.00022771 0.000138937 8.30388e-05 4.86141e-05 2.78783e-05 1.56605e-05 8.61806e-06 4.64633e-06 2.45443e-06 1.27053e-06 6.44574e-07 3.20564e-07 1.56375e-07 7.50056e-08 3.57969e-08 1.80032e-08 
1.8623e-08 2.14942e-08 3.8983e-08 8.16775e-08 1.73951e-07 3.65369e-07 7.52166e-07 1.51564e-06 2.98833e-06 5.76425e-06 1.08767e-05 2.00754e-05 3.62427e-05 6.39967e-05 0.00011053 0.000186723 0.000308564 0.000498841 0.000789063 0.00122144 0.0018507 0.00274553 0.00398912 0.00567866 0.0079234 0.0108411 0.0145528 0.0191764 0.0248189 0.0315686 0.0394866 0.0486007 0.0588987 0.0703254 0.0827804 0.0961191 0.110156 0.124671 0.139414 0.154121 0.168516 0.182331 0.195313 0.207232 0.21789 0.227128 0.23482 0.240877 0.245238 0.247865 0.248738 0.247851 0.245209 0.240831 0.234757 0.227047 0.217795 0.207126 0.195204 0.182229 0.168429 0.154061 0.139391 0.124692 0.110226 0.0962408 0.0829524 0.0705437 0.0591564 0.0488889 0.0397951 0.0318864 0.0251354 0.0194818 0.0148388 0.0111013 0.00815353 0.00587664 0.00415483 0.0028805 0.00195769 0.00130399 0.000851065 0.00054418 0.000340847 0.00020911 0.000125651 7.39476e-05 4.26241e-05 2.40642e-05 1.33077e-05 7.20909e-06 3.82603e-06 1.98957e-06 1.01386e-06 5.06408e-07 2.48083e-07 1.19499e-07 5.72916e-08 2.89801e-08 
2.96646e-08 3.43622e-08 6.21646e-08 1.29669e-07 2.74855e-07 5.74531e-07 1.17694e-06 2.35966e-06 4.62848e-06 8.88091e-06 1.66673e-05 3.05939e-05 5.49216e-05 9.64233e-05 0.00016556 0.00027802 0.000456643 0.00073367 0.00115321 0.00177369 0.00266999 0.00393477 0.00567866 0.00802876 0.0111252 0.0151157 0.0201478 0.0263602 0.0338726 0.0427757 0.053122 0.0649184 0.0781209 0.092632 0.108301 0.124929 0.142271 0.160049 0.17796 0.195686 0.212912 0.229331 0.244664 0.258663 0.271119 0.281867 0.290784 0.297784 0.302811 0.305833 0.306834 0.305808 0.30276 0.297706 0.290677 0.28173 0.270955 0.258476 0.244463 0.229127 0.212716 0.195514 0.177823 0.15996 0.142237 0.124957 0.108393 0.0927856 0.0783313 0.0651773 0.0534188 0.043098 0.0342076 0.0266952 0.0204713 0.0154181 0.0113992 0.00826966 0.00588429 0.00410528 0.00280739 0.00188132 0.00123519 0.000794406 0.000500421 0.000308727 0.000186525 0.000110361 6.39458e-05 3.62863e-05 2.01667e-05 1.09779e-05 5.85387e-06 3.05813e-06 1.56539e-06 7.85323e-07 3.86371e-07 1.86908e-07 9.00202e-08 4.57987e-08 
4.63877e-08 5.39139e-08 9.72802e-08 2.02009e-07 4.26168e-07 8.86525e-07 1.80711e-06 3.60477e-06 7.03414e-06 1.34251e-05 2.50588e-05 4.57412e-05 8.16471e-05 0.000142512 0.000243244 0.000406005 0.000662748 0.00105813 0.00165259 0.00252526 0.00377626 0.00552777 0.0079234 0.0111252 0.0153081 0.0206519 0.0273306 0.0355006 0.045288 0.056777 0.0699995 0.0849281 0.101472 0.119478 0.138732 0.158967 0.179876 0.201116 0.222329 0.243151 0.263228 0.282229 0.299855 0.31585 0.330007 0.342167 0.352214 0.360076 0.365708 0.369087 0.370203 0.369053 0.365639 0.359969 0.352067 0.341978 0.329778 0.315585 0.299561 0.281919 0.262917 0.242854 0.222062 0.200895 0.179713 0.158873 0.138712 0.119535 0.101603 0.0851273 0.070257 0.0570802 0.0456225 0.035851 0.0276822 0.0209913 0.0156243 0.01141 0.00817184 0.00573783 0.00394854 0.00266241 0.00175862 0.00113777 0.000720883 0.000447269 0.000271733 0.00016165 9.41611e-05 5.37089e-05 3.00003e-05 1.64113e-05 8.79309e-06 4.61503e-06 2.37305e-06 1.19576e-06 5.90838e-07 2.87046e-07 1.38885e-07 7.10663e-08 
7.12173e-08 8.30285e-08 1.49408e-07 3.08871e-07 6.48535e-07 1.3426e-06 2.72329e-06 5.40486e-06 1.04919e-05 1.99179e-05 3.69749e-05 6.71146e-05 0.000119112 0.000206688 0.000350671 0.000581738 0.000943692 0.00149711 0.00232308 0.00352647 0.00523821 0.00761576 0.0108411 0.0151157 0.0206519 0.0276621 0.0363437 0.0468649 0.0593487 0.0738602 0.0903956 0.108877 0.129151 0.150991 0.17411 0.198164 0.222775 0.247538 0.272044 0.295888 0.318691 0.340106 0.359832 0.377619 0.393272 0.406649 0.417657 0.426239 0.432371 0.436044 0.437254 0.436004 0.432289 0.426111 0.417479 0.406419 0.392989 0.377287 0.359458 0.339701 0.31827 0.295468 0.271643 0.247175 0.222467 0.197926 0.173952 0.150921 0.12917 0.108984 0.0905826 0.0741158 0.0596581 0.047211 0.0367086 0.0280286 0.0210048 0.0154425 0.0111333 0.00786812 0.00544918 0.00369734 0.00245726 0.00159935 0.00101932 0.000636087 0.000388626 0.00023246 0.000136135 7.80572e-05 4.38227e-05 2.40915e-05 1.29703e-05 6.83933e-06 3.53278e-06 1.788e-06 8.87283e-07 4.32918e-07 2.10424e-07 1.08288e-07 
1.07355e-07 1.25517e-07 2.25241e-07 4.63569e-07 9.68791e-07 1.996e-06 4.02877e-06 7.95548e-06 1.53632e-05 2.90102e-05 5.3559e-05 9.66717e-05 0.000170582 0.000294258 0.000496237 0.000818157 0.00131887 0.0020789 0.00320479 0.00483259 0.00712984 0.0102949 0.0145528 0.0201478 0.0273306 0.0363437 0.0474025 0.0606772 0.0762747 0.0942248 0.114471 0.136865 0.161174 0.187087 0.214228 0.242173 0.270471 0.29866 0.326287 0.35292 0.378167 0.401685 0.423186 0.44244 0.459282 0.473598 0.485324 0.494434 0.500925 0.504804 0.506082 0.504762 0.500837 0.494296 0.485131 0.473344 0.458966 0.442063 0.422752 0.401205 0.377654 0.352391 0.325761 0.298158 0.270014 0.241779 0.213913 0.186865 0.161053 0.136848 0.114555 0.0944017 0.0765307 0.0609946 0.0477613 0.0367231 0.0277108 0.0205117 0.0148871 0.0105906 0.00738222 0.0050408 0.00337103 0.00220749 0.00141532 0.000888349 0.00054584 0.000328313 0.00019331 0.000111423 6.28752e-05 3.47375e-05 1.87922e-05 9.95566e-06 5.16584e-06 2.62604e-06 1.30875e-06 6.41286e-07 3.13124e-07 1.62049e-07 
1.58909e-07 1.86279e-07 3.33342e-07 6.83029e-07 1.42082e-06 2.91344e-06 5.85197e-06 1.14979e-05 2.20898e-05 4.14909e-05 7.61836e-05 0.000136738 0.000239894 0.000411384 0.000689572 0.00112989 0.00180988 0.00283448 0.00434086 0.00650189 0.00952736 0.0136615 0.0191764 0.0263602 0.0355006 0.0468649 0.0606772 0.0770965 0.0961973 0.117955 0.14224 0.168817 0.197357 0.227448 0.258622 0.290371 0.322176 0.353526 0.383938 0.41297 0.440236 0.465414 0.488248 0.508547 0.526185 0.541093 0.553246 0.562649 0.56933 0.573315 0.574628 0.573275 0.569246 0.562516 0.553056 0.54084 0.525864 0.508154 0.487787 0.464892 0.439663 0.41236 0.383311 0.352903 0.321578 0.289822 0.258143 0.227059 0.197073 0.168649 0.142191 0.118022 0.0963695 0.0773578 0.0610065 0.0472386 0.0358947 0.0267525 0.0195484 0.0139994 0.00982234 0.00675012 0.00454256 0.00299299 0.00193048 0.00121883 0.000753189 0.000455557 0.000269686 0.000156266 8.86314e-05 4.92107e-05 2.675e-05 1.42376e-05 7.42102e-06 3.78897e-06 1.89636e-06 9.33143e-07 4.57683e-07 2.38179e-07 
2.30986e-07 2.7142e-07 4.84331e-07 9.88104e-07 2.04605e-06 4.17595e-06 8.34766e-06 1.63204e-05 3.1195e-05 5.82856e-05 0.000106443 0.000189986 0.000331406 0.000564976 0.000941319 0.00153286 0.00243986 0.00379643 0.00577569 0.00859291 0.0125053 0.017807 0.0248189 0.0338726 0.045288 0.0593487 0.0762747 0.0961973 0.119139 0.145 0.173558 0.204472 0.237301 0.271527 0.306584 0.341885 0.376853 0.41094 0.443652 0.474557 0.503298 0.529591 0.553231 0.574083 0.592074 0.607187 0.619441 0.628885 0.635572 0.639555 0.640867 0.639521 0.635501 0.62877 0.619274 0.606958 0.591776 0.573709 0.552781 0.529066 0.502704 0.473906 0.442959 0.410225 0.376139 0.341197 0.305948 0.270968 0.236843 0.204133 0.17335 0.144928 0.119197 0.0963738 0.0765488 0.0596951 0.0456791 0.0342813 0.0252212 0.0181834 0.0128422 0.00888255 0.00601548 0.00398801 0.00258783 0.00164347 0.00102143 0.000621248 0.000369767 0.000215383 0.000122784 6.85098e-05 3.74186e-05 2.00079e-05 1.04752e-05 5.37146e-06 2.69969e-06 1.33397e-06 6.5718e-07 3.43861e-07 
3.29731e-07 3.883e-07 6.90945e-07 1.40362e-06 2.89349e-06 5.87856e-06 1.16959e-05 2.27554e-05 4.32771e-05 8.04417e-05 0.000146121 0.000259372 0.00044988 0.00076248 0.00126278 0.0020437 0.00323249 0.00499736 0.00755268 0.0111612 0.0161316 0.0228109 0.0315686 0.0427757 0.056777 0.0738602 0.0942248 0.117955 0.145 0.175165 0.208113 0.243383 0.280413 0.318574 0.357205 0.395649 0.433285 0.469551 0.50396 0.536114 0.565702 0.592505 0.616381 0.637263 0.655144 0.670064 0.682095 0.691324 0.697838 0.70171 0.702988 0.701687 0.697789 0.691241 0.681969 0.669883 0.654897 0.636941 0.615978 0.592018 0.565133 0.535467 0.503247 0.468787 0.432491 0.39485 0.35643 0.317855 0.27978 0.242864 0.20773 0.174931 0.144919 0.118019 0.094417 0.0741554 0.0571453 0.0431857 0.0319906 0.0232196 0.0165078 0.011492 0.0078321 0.00522454 0.0034107 0.0021788 0.00136189 0.000832916 0.000498421 0.000291837 0.000167208 9.37521e-05 5.14468e-05 2.76341e-05 1.45316e-05 7.48309e-06 3.77649e-06 1.87366e-06 9.27071e-07 4.87656e-07 
4.62261e-07 5.45457e-07 9.67888e-07 1.95805e-06 4.01885e-06 8.1285e-06 1.6098e-05 3.11717e-05 5.89926e-05 0.000109097 0.000197134 0.000348031 0.000600291 0.00101156 0.00166538 0.0026789 0.00421073 0.00646806 0.00971141 0.0142553 0.0204632 0.028735 0.0394866 0.053122 0.0699995 0.0903956 0.114471 0.14224 0.173558 0.208113 0.24544 0.284943 0.325936 0.367681 0.409431 0.450476 0.49017 0.527956 0.563383 0.596106 0.625884 0.652573 0.676114 0.696516 0.713845 0.7282 0.739704 0.748486 0.754662 0.758326 0.759539 0.758318 0.754641 0.748444 0.739631 0.728083 0.713672 0.696275 0.675793 0.652165 0.625383 0.595511 0.562699 0.527192 0.489341 0.449607 0.408552 0.366825 0.325142 0.284248 0.244875 0.207703 0.173316 0.142168 0.114556 0.0906155 0.0703237 0.0535159 0.0399154 0.0291673 0.0208736 0.0146255 0.0100307 0.00673249 0.00442153 0.00284103 0.00178589 0.00109823 0.000660684 0.000388836 0.000223891 0.000126136 6.95382e-05 3.75184e-05 1.98142e-05 1.02457e-05 5.19153e-06 2.58599e-06 1.28494e-06 6.79392e-07 
6.36479e-07 7.5239e-07 1.33142e-06 2.68262e-06 5.48277e-06 1.10415e-05 2.17695e-05 4.19591e-05 7.90286e-05 0.000145428 0.000261438 0.000459115 0.000787565 0.00131965 0.00215999 0.00345373 0.00539522 0.00823521 0.0122847 0.0179132 0.0255402 0.0356171 0.0486007 0.0649184 0.0849281 0.108877 0.136865 0.168817 0.204472 0.243383 0.284943 0.328419 0.372999 0.417845 0.462143 0.505147 0.546211 0.584809 0.620547 0.653153 0.682476 0.708462 0.731141 0.750605 0.76699 0.780458 0.79118 0.799321 0.805024 0.808401 0.809521 0.808407 0.805033 0.799325 0.791168 0.780418 0.766907 0.750465 0.730929 0.708165 0.682082 0.652653 0.619937 0.584093 0.545397 0.504255 0.461201 0.416888 0.37207 0.327562 0.284201 0.242792 0.204057 0.16859 0.136821 0.108999 0.0851866 0.0652773 0.0490211 0.0360619 0.0259776 0.0183189 0.0126427 0.00853748 0.00564027 0.00364502 0.00230409 0.00142456 0.00086148 0.00050957 0.000294838 0.000166886 9.24191e-05 5.00804e-05 2.65592e-05 1.3789e-05 7.0142e-06 3.50741e-06 1.74995e-06 9.29871e-07 
8.60726e-07 1.01914e-06 1.79862e-06 3.60985e-06 7.34782e-06 1.47356e-05 2.89277e-05 5.55073e-05 0.000104063 0.000190577 0.000340902 0.000595584 0.00101623 0.00169344 0.00275607 0.00438103 0.00680254 0.010319 0.0152951 0.0221576 0.0313811 0.0434649 0.0588987 0.0781209 0.101472 0.129151 0.161174 0.197357 0.237301 0.280413 0.325936 0.372999 0.420674 0.468039 0.514233 0.558498 0.600214 0.638911 0.674273 0.706122 0.734407 0.759172 0.780541 0.798687 0.813817 0.826148 0.835895 0.843252 0.848384 0.851417 0.852426 0.851438 0.848423 0.843302 0.835946 0.826188 0.81383 0.798658 0.780452 0.759006 0.734146 0.705751 0.673779 0.638288 0.599463 0.557632 0.513274 0.467023 0.419645 0.372007 0.325033 0.279647 0.236709 0.196963 0.160984 0.129154 0.101644 0.0784257 0.0592945 0.0439095 0.0318367 0.0225933 0.0156892 0.0106585 0.00708265 0.00460307 0.00292562 0.00181841 0.00110526 0.000656987 0.000381935 0.000217171 0.000120794 6.57325e-05 3.50014e-05 1.82429e-05 9.3149e-06 4.67527e-06 2.34188e-06 1.25037e-06 
1.14326e-06 1.35566e-06 2.38628e-06 4.77141e-06 9.67422e-06 1.93233e-05 3.77768e-05 7.21762e-05 0.00013471 0.000245563 0.000437156 0.000759951 0.00129001 0.00213821 0.00346075 0.00546987 0.00844335 0.0127305 0.0187523 0.0269926 0.0379792 0.0522527 0.0703254 0.092632 0.119478 0.150991 0.187087 0.227448 0.271527 0.318574 0.367681 0.417845 0.468039 0.517278 0.564676 0.609492 0.651159 0.689286 0.72365 0.754184 0.780942 0.804071 0.823786 0.840338 0.853996 0.865024 0.873673 0.880159 0.884663 0.887318 0.888206 0.887352 0.884729 0.88025 0.873781 0.865138 0.854101 0.840419 0.823824 0.804045 0.78083 0.753964 0.723302 0.688793 0.650515 0.608699 0.563749 0.516249 0.466952 0.416752 0.366642 0.317648 0.270764 0.226884 0.18674 0.150861 0.119546 0.0928643 0.0706798 0.0526833 0.0384424 0.0274513 0.0191783 0.0131055 0.00875841 0.00572357 0.00365718 0.00228479 0.00139562 0.000833535 0.000486792 0.000278014 0.000155291 8.4848e-05 4.53564e-05 2.37288e-05 1.216e-05 6.12518e-06 3.07983e-06 1.65193e-06 
1.49156e-06 1.77099e-06 3.10952e-06 6.19533e-06 1.25144e-05 2.49007e-05 4.84881e-05 9.22608e-05 0.000171462 0.000311175 0.000551411 0.000953997 0.00161138 0.00265718 0.00427786 0.00672418 0.0103206 0.0154698 0.0226498 0.0324008 0.0452987 0.0619178 0.0827804 0.108301 0.138732 0.17411 0.214228 0.258622 0.306584 0.357205 0.409431 0.462143 0.514233 0.564676 0.612591 0.657283 0.698258 0.735223 0.768069 0.79684 0.821701 0.842899 0.860732 0.875521 0.887588 0.897233 0.904731 0.910315 0.914173 0.916442 0.917203 0.916486 0.91426 0.91044 0.904886 0.89741 0.887774 0.875703 0.860889 0.84301 0.82174 0.79678 0.767883 0.734886 0.697753 0.656602 0.611741 0.56368 0.513131 0.46099 0.40829 0.356142 0.305663 0.257891 0.21372 0.173835 0.13868 0.108445 0.0830772 0.06232 0.045758 0.0328739 0.0231022 0.0158773 0.0106695 0.00700973 0.00450208 0.0028266 0.00173482 0.00104088 0.000610562 0.000350177 0.000196393 0.000107724 5.78001e-05 3.03475e-05 1.56058e-05 7.88781e-06 3.98053e-06 2.14436e-06 
1.91151e-06 2.27226e-06 3.98003e-06 7.9028e-06 1.5907e-05 3.15362e-05 6.11783e-05 0.000115953 0.000214619 0.000387855 0.000684279 0.00117848 0.00198113 0.00325087 0.00520702 0.00814152 0.0124278 0.0185234 0.0269631 0.0383403 0.0532734 0.07236 0.0961191 0.124929 0.158967 0.198164 0.242173 0.290371 0.341885 0.395649 0.450476 0.505147 0.558498 0.609492 0.657283 0.701243 0.740974 0.776297 0.807221 0.833908 0.85663 0.875724 0.891564 0.904527 0.914974 0.923234 0.929593 0.934292 0.93752 0.939413 0.940052 0.939464 0.937621 0.934439 0.929782 0.923458 0.915225 0.904791 0.891824 0.875957 0.85681 0.834005 0.807201 0.776128 0.740629 0.700705 0.656547 0.608572 0.557426 0.503975 0.449269 0.39448 0.340826 0.289485 0.241506 0.197739 0.158786 0.12497 0.0963438 0.0727202 0.0537171 0.0388187 0.0274355 0.0189595 0.0128086 0.00845835 0.00545936 0.00344393 0.00212337 0.0012796 0.000753755 0.000434048 0.000244374 0.000134539 7.24448e-05 3.81664e-05 1.96912e-05 9.98521e-06 5.05637e-06 2.73519e-06 
