7.50586e-08 7.88263e-08 9.86124e-08 1.37715e-07 2.02286e-07 3.02037e-07 4.51212e-07 6.69914e-07 9.85825e-07 1.43636e-06 2.07129e-06 2.95581e-06 4.17416e-06 5.83355e-06 8.06845e-06 1.10451e-05 1.49658e-05 2.00732e-05 2.66532e-05 3.50375e-05 4.56037e-05 5.87744e-05 7.50121e-05 9.48124e-05 0.000118693 0.00014718 0.000180789 0.000220005 0.000265255 0.000316887 0.00037514 0.000440115 0.000511753 0.000589815 0.00067386 0.000763241 0.000857099 0.00095437 0.0010538 0.00115398 0.00125334 0.00135024 0.00144299 0.00152989 0.00160928 0.00167961 0.00173948 0.00178765 0.00182315 0.00184521 0.00185339 0.00184752 0.00182772 0.00179442 0.00174832 0.00169038 0.0016218 0.00154395 0.00145838 0.00136671 0.00127064 0.00117186 0.00107201 0.000972667 0.00087525 0.000781031 0.000691095 0.000606327 0.0005274 0.000454783 0.000388746 0.000329375 0.000276598 0.0002302 0.000189858 0.000155164 0.000125648 0.000100808 8.01263e-05 6.30913e-05 4.92093e-05 3.8017e-05 2.90892e-05 2.20436e-05 1.65425e-05 1.22932e-05 9.04566e-06 6.59036e-06 4.75387e-06 3.39497e-06 2.40027e-06 1.68004e-06 1.16424e-06 7.98958e-07 5.43299e-07 3.66686e-07 2.46642e-07 1.66985e-07 1.16415e-07 8.75054e-08 
7.88263e-08 8.28345e-08 1.03769e-07 1.45139e-07 2.13486e-07 3.19141e-07 4.77264e-07 7.0926e-07 1.04462e-06 1.52321e-06 2.1981e-06 3.13883e-06 4.43526e-06 6.20178e-06 8.5819e-06 1.1753e-05 1.59311e-05 2.13749e-05 2.83897e-05 3.73291e-05 4.8596e-05 6.26406e-05 7.99558e-05 0.00010107 0.000126533 0.000156905 0.000192733 0.000234532 0.000282756 0.000337771 0.000399828 0.00046903 0.000545313 0.000628417 0.000717869 0.000812977 0.000912824 0.00101628 0.001122 0.00122849 0.00133409 0.00143706 0.00153559 0.00162788 0.00171218 0.00178685 0.00185039 0.00190152 0.00193917 0.00196256 0.00197122 0.00196495 0.0019439 0.00190851 0.00185954 0.00179799 0.00172514 0.00164244 0.00155152 0.00145412 0.00135203 0.00124704 0.0011409 0.00103528 0.000931683 0.000831473 0.0007358 0.000645607 0.000561614 0.000484323 0.000414022 0.000350808 0.000294606 0.000245191 0.00020222 0.000165261 0.000133817 0.000107353 8.53187e-05 6.71697e-05 5.23805e-05 4.04579e-05 3.09488e-05 2.34456e-05 1.75885e-05 1.30652e-05 9.60949e-06 6.99769e-06 5.04494e-06 3.60068e-06 2.54406e-06 1.77942e-06 1.23216e-06 8.44871e-07 5.74005e-07 3.87031e-07 2.60046e-07 1.75851e-07 1.22443e-07 9.19359e-08 
9.86124e-08 1.03769e-07 1.30094e-07 1.81979e-07 2.67594e-07 3.99821e-07 5.97539e-07 8.87363e-07 1.30591e-06 1.90262e-06 2.74316e-06 3.91346e-06 5.52434e-06 7.71659e-06 1.06665e-05 1.45915e-05 1.97556e-05 2.64746e-05 3.51198e-05 4.61205e-05 5.99643e-05 7.71945e-05 9.8404e-05 0.000124226 0.000155318 0.000192345 0.000235956 0.000286755 0.000345272 0.000411928 0.000487002 0.000570599 0.000662618 0.000762724 0.000870333 0.000984597 0.0011044 0.00122839 0.00135496 0.0014823 0.00160845 0.00173134 0.00184882 0.00195878 0.00205914 0.00214796 0.00222349 0.00228422 0.00232889 0.00235661 0.00236679 0.00235924 0.0023341 0.00229192 0.00223357 0.00216025 0.00207344 0.00197487 0.00186646 0.00175025 0.00162836 0.00150292 0.00137601 0.0012496 0.0011255 0.00100534 0.000890486 0.000782093 0.000681031 0.000587918 0.000503121 0.000426773 0.000358802 0.000298959 0.00024685 0.000201968 0.00016373 0.000131502 0.000104632 8.24688e-05 6.43836e-05 4.9784e-05 3.81242e-05 2.8912e-05 2.17115e-05 1.61439e-05 1.18852e-05 8.66277e-06 6.2508e-06 4.465e-06 3.15718e-06 2.20987e-06 1.53126e-06 1.05061e-06 7.142e-07 4.81825e-07 3.23916e-07 2.19177e-07 1.52735e-07 1.14814e-07 
1.37715e-07 1.45139e-07 1.81979e-07 2.54319e-07 3.73437e-07 5.57073e-07 8.31161e-07 1.23218e-06 1.81019e-06 2.63261e-06 3.78871e-06 5.39502e-06 7.60131e-06 1.05973e-05 1.46198e-05 1.99598e-05 2.69696e-05 3.60688e-05 4.77492e-05 6.2577e-05 8.11927e-05 0.000104307 0.000132691 0.000167166 0.000208579 0.000257781 0.000315596 0.000382786 0.000460007 0.000547774 0.000646411 0.000756013 0.000876406 0.00100712 0.00114736 0.00129599 0.00145156 0.00161228 0.00177609 0.00194064 0.00210343 0.00226179 0.002413 0.00255435 0.00268323 0.00279718 0.00289398 0.00297173 0.00302885 0.00306422 0.0030771 0.00306724 0.00303486 0.00298062 0.00290562 0.00281138 0.00269978 0.00257301 0.00243348 0.00228379 0.00212665 0.00196476 0.00180078 0.00163723 0.00147646 0.00132054 0.0011713 0.00103021 0.000898442 0.000776819 0.000665852 0.000565752 0.000476459 0.000397686 0.000328952 0.000269628 0.000218978 0.000176199 0.000140455 0.000110909 8.6747e-05 6.72e-05 5.15557e-05 3.91691e-05 2.94671e-05 2.19497e-05 1.61878e-05 1.18191e-05 8.54279e-06 6.11232e-06 4.32901e-06 3.0349e-06 2.10621e-06 1.44729e-06 9.85337e-07 6.65748e-07 4.48269e-07 3.03852e-07 2.12183e-07 1.59898e-07 
2.02286e-07 2.13486e-07 2.67594e-07 3.73437e-07 5.47318e-07 8.14814e-07 1.21322e-06 1.79485e-06 2.63128e-06 3.81863e-06 5.4838e-06 7.79184e-06 1.09542e-05 1.52379e-05 2.09747e-05 2.85712e-05 3.85175e-05 5.1395e-05 6.78823e-05 8.87572e-05 0.000114896 0.000147265 0.000186911 0.000234935 0.000292475 0.000360659 0.000440575 0.000533212 0.000639417 0.000759829 0.000894831 0.00104449 0.00120851 0.0013862 0.00157644 0.00177766 0.00198786 0.00220461 0.00242513 0.00264629 0.00286474 0.00307693 0.00327927 0.00346819 0.00364023 0.00379217 0.00392112 0.00402456 0.00410048 0.00414737 0.0041643 0.00415095 0.00410758 0.00403508 0.0039349 0.00380902 0.00365989 0.00349039 0.0033037 0.00310325 0.00289259 0.0026753 0.00245492 0.00223482 0.00201811 0.00180762 0.00160578 0.00141462 0.00123575 0.00107032 0.000919078 0.000782355 0.000660129 0.00055206 0.000457549 0.000375788 0.000305818 0.00024658 0.000196966 0.000155857 0.000122158 9.48291e-05 7.29043e-05 5.55035e-05 4.18418e-05 3.12313e-05 2.30797e-05 1.68849e-05 1.22285e-05 8.76658e-06 6.22086e-06 4.36951e-06 3.03811e-06 2.09153e-06 1.42659e-06 9.65698e-07 6.51519e-07 4.42588e-07 3.0985e-07 2.34171e-07 
3.02037e-07 3.19141e-07 3.99821e-07 5.57073e-07 8.14814e-07 1.21047e-06 1.79846e-06 2.65494e-06 3.88377e-06 5.624e-06 8.05865e-06 1.1425e-05 1.60258e-05 2.22423e-05 3.05463e-05 4.15139e-05 5.58365e-05 7.43314e-05 9.79481e-05 0.00012777 0.000165013 0.00021101 0.000267197 0.000335078 0.000416192 0.000512062 0.000624134 0.000753714 0.000901897 0.00106949 0.00125693 0.00146423 0.00169091 0.00193593 0.00219769 0.00247398 0.00276204 0.00305852 0.00335961 0.00366108 0.00395836 0.00424672 0.00452131 0.00477735 0.00501025 0.00521572 0.00538991 0.00552951 0.00563182 0.00569489 0.00571747 0.00569915 0.00564029 0.00554205 0.00540637 0.00523587 0.00503381 0.00480401 0.00455072 0.00427849 0.00399208 0.00369632 0.00339594 0.00309549 0.00279922 0.00251096 0.00223405 0.00197132 0.00172499 0.00149671 0.00128757 0.00109809 0.000928329 0.000777888 0.000646014 0.000531661 0.000433565 0.000350314 0.000280419 0.000222362 0.000174654 0.00013587 0.000104679 7.98629e-05 6.03324e-05 4.51275e-05 3.34183e-05 2.44991e-05 1.77792e-05 1.27716e-05 9.08099e-06 6.39106e-06 4.45239e-06 3.07112e-06 2.09882e-06 1.42356e-06 9.62416e-07 6.55284e-07 4.59967e-07 3.4864e-07 
4.51212e-07 4.77264e-07 5.97539e-07 8.31161e-07 1.21322e-06 1.79846e-06 2.66632e-06 3.9276e-06 5.73304e-06 8.2838e-06 1.18438e-05 1.67541e-05 2.34485e-05 3.24709e-05 4.44926e-05 6.03295e-05 8.09574e-05 0.000107525 0.00014136 0.000183974 0.00023705 0.000302428 0.000382076 0.000478049 0.000592429 0.000727262 0.000884475 0.00106578 0.0012726 0.00150592 0.00176625 0.00205349 0.00236685 0.00270481 0.00306508 0.00344458 0.00383944 0.00424509 0.00465631 0.00506735 0.00547205 0.00586401 0.00623675 0.00658388 0.00689926 0.0071772 0.00741258 0.00760103 0.00773899 0.00782386 0.00785402 0.00782891 0.00774904 0.00761594 0.00743216 0.0072012 0.00692738 0.00661577 0.00627203 0.00590223 0.00551275 0.00511005 0.00470049 0.00429024 0.00388505 0.00349014 0.00311011 0.00274884 0.00240946 0.00209431 0.00180496 0.00154224 0.00130634 0.0010968 0.000912695 0.00075267 0.000615066 0.000498004 0.00039948 0.000317444 0.000249865 0.000194793 0.000150393 0.000114983 8.70473e-05 6.52462e-05 4.84174e-05 3.55683e-05 2.5865e-05 1.86176e-05 1.32643e-05 9.3537e-06 6.52915e-06 4.51241e-06 3.08984e-06 2.09992e-06 1.42266e-06 9.70886e-07 6.83292e-07 5.19402e-07 
6.69914e-07 7.0926e-07 8.87363e-07 1.23218e-06 1.79485e-06 2.65494e-06 3.9276e-06 5.77304e-06 8.4086e-06 1.21234e-05 1.72955e-05 2.44119e-05 3.40901e-05 4.71011e-05 6.43935e-05 8.71153e-05 0.000116635 0.000154554 0.000202721 0.000263224 0.000338382 0.000430715 0.000542903 0.000677726 0.000837986 0.00102641 0.00124553 0.00149759 0.00178439 0.00210714 0.00246637 0.00286178 0.00329216 0.00375529 0.00424792 0.00476576 0.00530349 0.00585486 0.0064128 0.00696954 0.00751682 0.00804608 0.0085487 0.00901618 0.00944042 0.00981389 0.0101299 0.0103826 0.0105674 0.0106809 0.0107209 0.0106868 0.0105792 0.0104001 0.0101529 0.00984213 0.00947358 0.00905388 0.00859051 0.00809154 0.0075654 0.0070207 0.00646597 0.00590944 0.00535888 0.00482137 0.00430315 0.00380958 0.00334498 0.00291266 0.00251487 0.0021529 0.00182713 0.0015371 0.00128167 0.00105912 0.000867285 0.00070369 0.000565665 0.000450454 0.000355313 0.000277588 0.000214772 0.000164552 0.000124835 9.37663e-05 6.97263e-05 5.1328e-05 3.74017e-05 2.69764e-05 1.92581e-05 1.36074e-05 9.51705e-06 6.59028e-06 4.52151e-06 3.07907e-06 2.0904e-06 1.42988e-06 1.00896e-06 7.69123e-07 
9.85825e-07 1.04462e-06 1.30591e-06 1.81019e-06 2.63128e-06 3.88377e-06 5.73304e-06 8.4086e-06 1.22208e-05 1.75814e-05 2.5027e-05 3.52465e-05 4.91102e-05 6.77014e-05 9.23471e-05 0.000124648 0.000166503 0.000220128 0.000288064 0.000373173 0.000478614 0.000607806 0.000764359 0.000951995 0.00117444 0.00143528 0.00173782 0.00208494 0.00247888 0.00292109 0.00341206 0.00395118 0.0045366 0.00516512 0.00583222 0.00653195 0.00725709 0.00799918 0.00874873 0.00949537 0.0102281 0.0109357 0.0116067 0.01223 0.012795 0.0132918 0.0137118 0.0140473 0.0142924 0.0144426 0.0144953 0.0144494 0.0143059 0.0140674 0.0137383 0.0133244 0.0128334 0.0122738 0.0116554 0.0109889 0.0102852 0.00955569 0.00881171 0.00806415 0.00732336 0.00659884 0.00589902 0.00523116 0.00460121 0.00401377 0.00347208 0.00297804 0.00253238 0.00213468 0.00178358 0.00147693 0.00121195 0.000985423 0.000793821 0.000633491 0.000500761 0.000392056 0.000303985 0.0002334 0.000177442 0.000133561 9.95264e-05 7.34171e-05 5.36077e-05 3.87438e-05 2.77145e-05 1.96217e-05 1.37506e-05 9.54064e-06 6.55865e-06 4.47531e-06 3.04474e-06 2.08749e-06 1.47683e-06 1.12893e-06 
1.43636e-06 1.52321e-06 1.90262e-06 2.63261e-06 3.81863e-06 5.624e-06 8.2838e-06 1.21234e-05 1.75814e-05 2.52379e-05 3.58467e-05 5.03719e-05 7.00275e-05 9.63187e-05 0.000131083 0.000176526 0.000235257 0.000310304 0.000405127 0.000523599 0.000669978 0.000848842 0.001065 0.00132337 0.00162885 0.00198608 0.00239933 0.00287221 0.00340747 0.00400677 0.00467048 0.00539748 0.006185 0.00702854 0.00792182 0.00885677 0.00982364 0.0108112 0.0118067 0.0127966 0.0137665 0.0147016 0.0155871 0.0164086 0.0171523 0.0178056 0.0183572 0.0187975 0.0191188 0.0193154 0.0193839 0.0193231 0.019134 0.0188201 0.0183871 0.0178424 0.0171958 0.0164583 0.0156426 0.0147624 0.0138321 0.0128663 0.0118798 0.010887 0.00990148 0.00893579 0.00800123 0.00710753 0.00626277 0.00547328 0.00474362 0.00407662 0.00347349 0.00293397 0.00245649 0.00203843 0.00167627 0.00136587 0.00110267 0.000881862 0.000698603 0.000548136 0.000425922 0.000327728 0.000249688 0.000188341 0.000140643 0.000103965 7.60707e-05 5.50916e-05 3.94886e-05 2.80139e-05 1.9671e-05 1.36755e-05 9.41984e-06 6.4407e-06 4.39122e-06 3.01765e-06 2.14048e-06 1.64077e-06 
2.07129e-06 2.1981e-06 2.74316e-06 3.78871e-06 5.4838e-06 8.05865e-06 1.18438e-05 1.72955e-05 2.5027e-05 3.58467e-05 5.08017e-05 7.12266e-05 9.87958e-05 0.000135578 0.000184087 0.000247332 0.000328852 0.000432741 0.00056365 0.000726764 0.000927748 0.00117266 0.00146782 0.00181965 0.00223447 0.00271825 0.00327636 0.00391327 0.00463227 0.00543518 0.00632207 0.00729107 0.00833815 0.00945702 0.0106391 0.0118735 0.0131474 0.0144458 0.0157522 0.0170488 0.018317 0.0195378 0.020692 0.0217614 0.0227283 0.0235768 0.0242924 0.0248632 0.0252792 0.0255333 0.0256213 0.0255417 0.0252957 0.0248879 0.0243251 0.0236172 0.0227762 0.0218164 0.0207537 0.0196056 0.0183905 0.0171274 0.0158352 0.0145324 0.0132369 0.011965 0.0107316 0.00954971 0.00843006 0.00738128 0.00640971 0.00551945 0.00471246 0.00398878 0.0033467 0.00278308 0.00229357 0.00187294 0.00151534 0.00121456 0.000964275 0.000758248 0.000590477 0.000455337 0.000347663 0.00026281 0.000196672 0.00014569 0.000106825 7.75246e-05 5.56824e-05 3.95825e-05 2.78503e-05 1.94007e-05 1.33903e-05 9.17423e-06 6.26837e-06 4.31773e-06 3.0707e-06 2.3603e-06 
2.95581e-06 3.13883e-06 3.91346e-06 5.39502e-06 7.79184e-06 1.1425e-05 1.67541e-05 2.44119e-05 3.52465e-05 5.03719e-05 7.12266e-05 9.96373e-05 0.000137888 0.000188788 0.00025574 0.000342799 0.000454711 0.000596945 0.00077568 0.000997768 0.00127066 0.00160226 0.00200077 0.00247446 0.00303138 0.00367906 0.00442417 0.00527213 0.00622675 0.00728989 0.00846112 0.00973744 0.0111131 0.0125794 0.0141248 0.015735 0.0173929 0.0190791 0.0207723 0.0224496 0.0240873 0.025661 0.0271468 0.0285214 0.0297627 0.0308506 0.0317673 0.0324977 0.0330295 0.0333539 0.0334656 0.0333627 0.033047 0.0325238 0.031802 0.0308936 0.0298138 0.0285803 0.0272132 0.0257346 0.0241675 0.0225359 0.0208641 0.0191756 0.0174934 0.0158385 0.0142304 0.0126859 0.0112195 0.00984275 0.00856422 0.00738978 0.00632251 0.00536295 0.00450938 0.00375814 0.00310395 0.00254032 0.00205987 0.00165469 0.00131665 0.00103764 0.000809849 0.000625884 0.000478932 0.00036283 0.00027211 0.000202005 0.000148431 0.000107946 7.76937e-05 5.53431e-05 3.90188e-05 2.72359e-05 1.88363e-05 1.29323e-05 8.85526e-06 6.11404e-06 4.35965e-06 3.36023e-06 
4.17416e-06 4.43526e-06 5.52434e-06 7.60131e-06 1.09542e-05 1.60258e-05 2.34485e-05 3.40901e-05 4.91102e-05 7.00275e-05 9.87958e-05 0.000137888 0.000190382 0.000260054 0.000351455 0.000469983 0.000621934 0.000814521 0.00105586 0.00135489 0.00172127 0.00216522 0.00269722 0.00332776 0.00406696 0.00492417 0.00590749 0.00702336 0.00827607 0.0096673 0.0111958 0.0128569 0.0146426 0.0165412 0.0185372 0.0206119 0.0227431 0.0249059 0.0270732 0.029216 0.0313041 0.0333074 0.0351956 0.03694 0.0385132 0.0398904 0.0410496 0.0419722 0.0426433 0.0430522 0.0431922 0.043061 0.042661 0.0419987 0.0410848 0.0399343 0.0385656 0.0370008 0.0352647 0.0333843 0.0313887 0.0293078 0.0271717 0.0250105 0.0228529 0.020726 0.0186547 0.0166609 0.0147633 0.0129774 0.0113147 0.0097835 0.00838838 0.00713074 0.00600901 0.00501909 0.00415472 0.00340797 0.00276969 0.00222994 0.0017784 0.00140472 0.00109882 0.000851115 0.000652733 0.000495593 0.000372493 0.000277127 0.000204068 0.000148723 0.000107268 7.65684e-05 5.40947e-05 3.78365e-05 2.62214e-05 1.80402e-05 1.238e-05 8.56804e-06 6.12562e-06 4.73424e-06 
5.83355e-06 6.20178e-06 7.71659e-06 1.05973e-05 1.52379e-05 2.22423e-05 3.24709e-05 4.71011e-05 6.77014e-05 9.63187e-05 0.000135578 0.000188788 0.000260054 0.000354389 0.000477811 0.000637428 0.000841487 0.00109939 0.00142167 0.00181984 0.0023063 0.00289403 0.00359626 0.00442614 0.00539616 0.00651773 0.00780055 0.00925205 0.0108768 0.0126761 0.0146473 0.0167837 0.0190741 0.0215027 0.0240495 0.0266901 0.0293961 0.0321361 0.0348757 0.0375787 0.0402079 0.0427255 0.0450948 0.0472802 0.0492485 0.0509694 0.0524164 0.0535669 0.0544029 0.0549115 0.0550848 0.05492 0.0544199 0.0535923 0.0524504 0.051012 0.0492997 0.0473401 0.0451634 0.0428027 0.0402936 0.0376728 0.0349777 0.0322456 0.0295124 0.0268123 0.0241768 0.0216338 0.0192076 0.0169184 0.0147816 0.0128086 0.0110061 0.00937673 0.00791945 0.00662982 0.00550061 0.00452233 0.00368382 0.00297277 0.00237629 0.00188129 0.00147498 0.00114508 0.000880165 0.000669771 0.000504525 0.000376182 0.000277611 0.000202756 0.000146551 0.000104829 7.42144e-05 5.20166e-05 3.61234e-05 2.49052e-05 1.71289e-05 1.18831e-05 8.51821e-06 6.6012e-06 
8.06845e-06 8.5819e-06 1.06665e-05 1.46198e-05 2.09747e-05 3.05463e-05 4.44926e-05 6.43935e-05 9.23471e-05 0.000131083 0.000184087 0.00025574 0.000351455 0.000477811 0.000642678 0.000855302 0.00112637 0.00146799 0.00189364 0.00241801 0.00305678 0.00382622 0.00474285 0.00582284 0.00708143 0.00853229 0.0101868 0.0120532 0.0141362 0.0164362 0.0189486 0.0216638 0.0245665 0.0276361 0.0308465 0.0341664 0.0375603 0.0409886 0.0444087 0.047776 0.0510446 0.0541689 0.057104 0.059807 0.062238 0.0643609 0.0661437 0.0675598 0.0685879 0.0692125 0.0694242 0.06922 0.0686029 0.0675825 0.0661742 0.0643994 0.0622848 0.0598624 0.0571682 0.0542422 0.0511272 0.0478679 0.0445099 0.0410988 0.0376791 0.0342931 0.0309801 0.0277756 0.0247105 0.0218107 0.0190969 0.0165841 0.014282 0.0121952 0.0103235 0.0086624 0.00720374 0.00593642 0.00484706 0.00392066 0.00314132 0.00249277 0.00195893 0.0015243 0.00117433 0.000895651 0.000676193 0.000505301 0.000373718 0.000273542 0.000198139 0.000142031 0.000100764 7.07726e-05 4.92515e-05 3.40288e-05 2.34559e-05 1.63118e-05 1.17238e-05 9.10988e-06 
1.10451e-05 1.1753e-05 1.45915e-05 1.99598e-05 2.85712e-05 4.15139e-05 6.03295e-05 8.71153e-05 0.000124648 0.000176526 0.000247332 0.000342799 0.000469983 0.000637428 0.000855302 0.0011355 0.0014917 0.00193932 0.00249542 0.00317848 0.00400806 0.00500435 0.00618762 0.00757751 0.0091923 0.011048 0.0131577 0.0155304 0.0181703 0.0210764 0.0242415 0.0276518 0.0312873 0.0351208 0.0391191 0.0432429 0.0474477 0.0516846 0.0559016 0.0600441 0.064057 0.0678851 0.071475 0.0747757 0.0777399 0.0803249 0.0824934 0.0842141 0.085462 0.0862191 0.0864746 0.0862249 0.0854737 0.084232 0.0825178 0.0803562 0.0777785 0.0748223 0.0715301 0.0679494 0.064131 0.0601283 0.0559963 0.05179 0.0475635 0.0433688 0.0392543 0.0352643 0.0314378 0.0278078 0.024401 0.0212376 0.0183312 0.015689 0.0133121 0.0111964 0.00933313 0.0077095 0.00630977 0.00511597 0.00410877 0.0032682 0.00257433 0.00200785 0.00155045 0.00118523 0.000896851 0.000671701 0.00049789 0.00036523 0.000265127 0.000190457 0.000135406 9.53043e-05 6.64634e-05 4.60195e-05 3.17923e-05 2.21628e-05 1.59715e-05 1.24436e-05 
1.49658e-05 1.59311e-05 1.97556e-05 2.69696e-05 3.85175e-05 5.58365e-05 8.09574e-05 0.000116635 0.000166503 0.000235257 0.000328852 0.000454711 0.000621934 0.000841487 0.00112637 0.0014917 0.00195479 0.00253504 0.00325377 0.00413395 0.00519969 0.00647568 0.00798646 0.00975554 0.0118044 0.0141517 0.0168117 0.0197939 0.0231017 0.0267317 0.0306729 0.0349068 0.0394066 0.0441377 0.0490582 0.054119 0.0592656 0.0644382 0.0695737 0.0746071 0.0794722 0.0841041 0.0884395 0.0924189 0.0959872 0.0990948 0.101699 0.103762 0.105258 0.106164 0.106468 0.106167 0.105265 0.103773 0.101714 0.0991151 0.0960134 0.0924518 0.0884802 0.0841535 0.0795315 0.0746771 0.0696553 0.0645319 0.0593718 0.0542377 0.0491888 0.0442796 0.0395585 0.0350671 0.0308398 0.026903 0.0232752 0.0199672 0.0169825 0.0143177 0.0119638 0.00990641 0.00812742 0.00660565 0.00531795 0.00424015 0.00334789 0.00261736 0.00202585 0.00155224 0.00117727 0.000883722 0.000656519 0.00048266 0.000351138 0.000252789 0.000180105 0.000127035 8.87798e-05 6.16045e-05 4.26553e-05 2.98079e-05 2.15379e-05 1.6825e-05 
2.00732e-05 2.13749e-05 2.64746e-05 3.60688e-05 5.1395e-05 7.43314e-05 0.000107525 0.000154554 0.000220128 0.000310304 0.000432741 0.000596945 0.000814521 0.00109939 0.00146799 0.00193932 0.00253504 0.00327926 0.00419834 0.00532044 0.00667492 0.00829158 0.0101997 0.0124269 0.0149982 0.0179345 0.0212513 0.024958 0.0290561 0.033539 0.0383909 0.0435868 0.0490919 0.0548626 0.0608465 0.0669836 0.0732073 0.0794458 0.0856239 0.0916645 0.09749 0.103024 0.108195 0.112932 0.117173 0.120861 0.123947 0.126391 0.12816 0.12923 0.129589 0.129231 0.128161 0.126393 0.123951 0.120867 0.117182 0.112946 0.108215 0.103053 0.0975277 0.0917131 0.0856849 0.0795203 0.0732961 0.0670873 0.0609652 0.0549957 0.0492385 0.0437454 0.0385597 0.0337157 0.0292383 0.0251429 0.0214363 0.0181167 0.0151753 0.0125965 0.0103598 0.00844064 0.00681181 0.00544443 0.00430912 0.0033769 0.00261994 0.00201215 0.00152961 0.00115084 0.000856898 0.000631382 0.000460347 0.000332131 0.000237143 0.000167623 0.000117396 8.16384e-05 5.66552e-05 3.9688e-05 2.87528e-05 2.25202e-05 
2.66532e-05 2.83897e-05 3.51198e-05 4.77492e-05 6.78823e-05 9.79481e-05 0.00014136 0.000202721 0.000288064 0.000405127 0.00056365 0.00077568 0.00105586 0.00142167 0.00189364 0.00249542 0.00325377 0.00419834 0.00536129 0.00677676 0.00848004 0.0105066 0.0128908 0.0156648 0.0188569 0.0224901 0.0265808 0.0311371 0.0361581 0.0416325 0.0475382 0.0538422 0.0605003 0.0674577 0.0746501 0.0820046 0.0894415 0.0968756 0.104218 0.111379 0.118269 0.1248 0.130889 0.136457 0.141434 0.145756 0.149368 0.152225 0.15429 0.155539 0.155956 0.155536 0.154283 0.152215 0.149356 0.145743 0.141422 0.136447 0.130883 0.1248 0.118278 0.111399 0.10425 0.0969223 0.0895044 0.0820847 0.0747481 0.0675736 0.0606336 0.0539917 0.0477022 0.0418087 0.0363438 0.0313294 0.0267764 0.022686 0.0190498 0.015852 0.0130696 0.0106749 0.00863619 0.00691953 0.00548997 0.00431268 0.00335395 0.00258198 0.00196738 0.00148363 0.0011072 0.000817647 0.000597476 0.000432011 0.000309125 0.000218972 0.000153688 0.00010711 7.45008e-05 5.23169e-05 3.80023e-05 2.9842e-05 
3.50375e-05 3.73291e-05 4.61205e-05 6.2577e-05 8.87572e-05 0.00012777 0.000183974 0.000263224 0.000373173 0.000523599 0.000726764 0.000997768 0.00135489 0.00181984 0.00241801 0.00317848 0.00413395 0.00532044 0.00677676 0.00854377 0.0106633 0.013177 0.0161248 0.0195433 0.0234639 0.0279114 0.0329021 0.0384421 0.0445265 0.051138 0.0582466 0.0658093 0.0737706 0.082063 0.0906084 0.0993195 0.108102 0.116855 0.125478 0.133865 0.141914 0.149526 0.156608 0.163073 0.16884 0.173841 0.178015 0.181312 0.183693 0.185132 0.18561 0.185124 0.183677 0.181288 0.177985 0.173806 0.168803 0.163034 0.156571 0.149493 0.141887 0.133847 0.125473 0.116866 0.108129 0.0993666 0.0906763 0.0821524 0.0738816 0.0659411 0.0583977 0.0513062 0.0447092 0.038636 0.0331037 0.0281171 0.0236699 0.0197461 0.0163212 0.0133641 0.0108388 0.00870587 0.00692424 0.00545263 0.00425072 0.00328014 0.00250524 0.00189363 0.00141642 0.00104836 0.000767772 0.000556365 0.000398971 0.000283223 0.000199212 0.000139141 9.70009e-05 6.82837e-05 4.97309e-05 3.91524e-05 
4.56037e-05 4.8596e-05 5.99643e-05 8.11927e-05 0.000114896 0.000165013 0.00023705 0.000338382 0.000478614 0.000669978 0.000927748 0.00127066 0.00172127 0.0023063 0.00305678 0.00400806 0.00519969 0.00667492 0.00848004 0.0106633 0.0132738 0.0163597 0.0199665 0.0241352 0.0289002 0.0342871 0.0403111 0.0469752 0.0542689 0.062167 0.0706297 0.0796023 0.0890158 0.098788 0.108825 0.119025 0.129276 0.139463 0.149467 0.159173 0.168463 0.177229 0.185365 0.192777 0.199377 0.205091 0.209853 0.213611 0.216322 0.217959 0.218501 0.217945 0.216296 0.213572 0.209804 0.205032 0.199311 0.192705 0.185291 0.177156 0.168394 0.159111 0.149418 0.139428 0.129259 0.119029 0.108853 0.098841 0.0890945 0.0797066 0.0707587 0.0623187 0.0544406 0.0471638 0.0405127 0.0344975 0.0291152 0.0243506 0.0201783 0.0165643 0.0134681 0.0108448 0.0086468 0.00682582 0.00533413 0.00412605 0.00315878 0.00239319 0.00179421 0.001331 0.000976942 0.0007095 0.000509892 0.000362745 0.000255696 0.000178983 0.000125061 8.82517e-05 6.44416e-05 5.08625e-05 
5.87744e-05 6.26406e-05 7.71945e-05 0.000104307 0.000147265 0.00021101 0.000302428 0.000430715 0.000607806 0.000848842 0.00117266 0.00160226 0.00216522 0.00289403 0.00382622 0.00500435 0.00647568 0.00829158 0.0105066 0.013177 0.0163597 0.0201095 0.0244777 0.0295092 0.0352407 0.0416978 0.0488932 0.0568253 0.0654759 0.0748102 0.0847765 0.095306 0.106314 0.117703 0.129361 0.141168 0.152996 0.164714 0.176187 0.187286 0.197882 0.207853 0.217087 0.225481 0.232942 0.239389 0.244755 0.248984 0.252033 0.253871 0.254479 0.253852 0.251996 0.24893 0.244685 0.239304 0.232844 0.225373 0.216973 0.207736 0.197765 0.187175 0.176086 0.164626 0.152927 0.141121 0.129339 0.117709 0.106351 0.0953728 0.0848734 0.0749359 0.0656279 0.0570004 0.0490876 0.0419068 0.0354597 0.0297332 0.0247018 0.0203294 0.0165714 0.0133772 0.0106926 0.00846164 0.00662861 0.0051397 0.00394416 0.00299523 0.00225075 0.00167347 0.00123106 0.000896028 0.000645344 0.000460099 0.000325019 0.000228006 0.000159678 0.000112953 8.26927e-05 6.54306e-05 
7.50121e-05 7.99558e-05 9.8404e-05 0.000132691 0.000186911 0.000267197 0.000382076 0.000542903 0.000764359 0.001065 0.00146782 0.00200077 0.00269722 0.00359626 0.00474285 0.00618762 0.00798646 0.0101997 0.0128908 0.0161248 0.0199665 0.0244777 0.0297149 0.0357268 0.042551 0.0502121 0.0587188 0.0680625 0.0782158 0.0891319 0.100745 0.112969 0.125704 0.138832 0.152223 0.165738 0.179233 0.192558 0.205565 0.218109 0.230051 0.241259 0.251614 0.261004 0.269335 0.276522 0.282494 0.287194 0.290579 0.292618 0.293291 0.292594 0.290532 0.287124 0.282402 0.27641 0.269206 0.26086 0.251458 0.241095 0.229883 0.217943 0.205406 0.192411 0.179103 0.165631 0.152143 0.138782 0.125688 0.112988 0.100799 0.0892214 0.0783384 0.0682152 0.0588978 0.0504125 0.0427677 0.0359541 0.0299474 0.0247099 0.0201936 0.0163425 0.0130956 0.0103889 0.00815831 0.0063411 0.0048777 0.00371287 0.00279647 0.00208395 0.00153646 0.00112077 0.000808967 0.000577996 0.000409181 0.000287673 0.000201921 0.00014318 0.000105091 8.33574e-05 
9.48124e-05 0.00010107 0.000124226 0.000167166 0.000234935 0.000335078 0.000478049 0.000677726 0.000951995 0.00132337 0.00181965 0.00247446 0.00332776 0.00442614 0.00582284 0.00757751 0.00975554 0.0124269 0.0156648 0.0195433 0.0241352 0.0295092 0.0357268 0.042839 0.0508838 0.0598826 0.0698384 0.0807337 0.0925294 0.105164 0.118555 0.132599 0.147175 0.162146 0.177361 0.192664 0.207889 0.222872 0.23745 0.251466 0.264769 0.27722 0.288694 0.299075 0.308264 0.316177 0.322742 0.327903 0.331615 0.333849 0.334586 0.333821 0.331558 0.327818 0.32263 0.31604 0.308104 0.298894 0.288496 0.277009 0.264549 0.251243 0.237231 0.222662 0.207694 0.19249 0.177215 0.162031 0.147097 0.13256 0.118557 0.105207 0.0926125 0.0808545 0.0699931 0.0600663 0.051091 0.0430637 0.0359625 0.0297498 0.0243747 0.0197764 0.0158871 0.0126348 0.00994634 0.00774956 0.00597533 0.00455905 0.00344173 0.00257063 0.00189952 0.00138865 0.00100449 0.000719234 0.000510258 0.000359513 0.000252915 0.000179769 0.000132282 0.000105178 
0.000118693 0.000126533 0.000155318 0.000208579 0.000292475 0.000416192 0.000592429 0.000837986 0.00117444 0.00162885 0.00223447 0.00303138 0.00406696 0.00539616 0.00708143 0.0091923 0.0118044 0.0149982 0.0188569 0.0234639 0.0289002 0.0352407 0.042551 0.0508838 0.0602752 0.0707422 0.0822796 0.0948585 0.108425 0.122902 0.138187 0.154157 0.170667 0.187561 0.204666 0.221806 0.238798 0.255461 0.271618 0.287101 0.301752 0.315425 0.32799 0.33933 0.349347 0.357955 0.365085 0.370683 0.374705 0.377123 0.37792 0.37709 0.374639 0.370584 0.364956 0.357795 0.349158 0.339116 0.327752 0.315169 0.301482 0.286823 0.271337 0.255185 0.238534 0.221561 0.204447 0.187374 0.170519 0.154051 0.138127 0.122889 0.108459 0.0949374 0.0824005 0.0709005 0.0604652 0.0510988 0.0427841 0.0354848 0.0291483 0.0237098 0.0190949 0.0152237 0.0120138 0.00938299 0.00725202 0.0055461 0.00419652 0.00314147 0.00232649 0.00170451 0.00123563 0.000886619 0.000630345 0.00044508 0.00031381 0.000223582 0.000164933 0.000131448 
0.00014718 0.000156905 0.000192345 0.000257781 0.000360659 0.000512062 0.000727262 0.00102641 0.00143528 0.00198608 0.00271825 0.00367906 0.00492417 0.00651773 0.00853229 0.011048 0.0141517 0.0179345 0.0224901 0.0279114 0.0342871 0.0416978 0.0502121 0.0598826 0.0707422 0.0828008 0.0960426 0.110425 0.125878 0.142303 0.159577 0.177553 0.196067 0.214935 0.233967 0.252964 0.271726 0.290058 0.307771 0.324687 0.340641 0.355485 0.369088 0.381333 0.392123 0.401377 0.409029 0.415027 0.419333 0.421919 0.422771 0.421883 0.41926 0.414919 0.408885 0.401198 0.391911 0.381089 0.368815 0.355188 0.340324 0.324355 0.307431 0.289717 0.271393 0.252646 0.233672 0.214672 0.195842 0.177373 0.159445 0.142224 0.125852 0.110452 0.0961203 0.0829245 0.0709064 0.0600805 0.050436 0.0419399 0.0345395 0.0281666 0.0227413 0.0181758 0.0143786 0.011257 0.00872108 0.00668514 0.00506997 0.00380387 0.00282327 0.00207297 0.00150594 0.00108286 0.000771488 0.000545902 0.000385746 0.000275479 0.000203717 0.000162732 
0.000180789 0.000192733 0.000235956 0.000315596 0.000440575 0.000624134 0.000884475 0.00124553 0.00173782 0.00239933 0.00327636 0.00442417 0.00590749 0.00780055 0.0101868 0.0131577 0.0168117 0.0212513 0.0265808 0.0329021 0.0403111 0.0488932 0.0587188 0.0698384 0.0822796 0.0960426 0.111099 0.127389 0.144822 0.16328 0.182614 0.202653 0.223208 0.244073 0.265035 0.285875 0.306378 0.326335 0.345546 0.363828 0.381012 0.396949 0.411509 0.424581 0.436071 0.445904 0.454019 0.460371 0.464926 0.46766 0.46856 0.467621 0.464849 0.460256 0.453865 0.445712 0.435841 0.424315 0.411209 0.396618 0.380654 0.363448 0.345152 0.325933 0.305978 0.285485 0.264664 0.243731 0.222903 0.202393 0.182405 0.163127 0.144729 0.127356 0.111124 0.0961229 0.0824095 0.0700113 0.0589265 0.0491273 0.0405626 0.0331624 0.026842 0.0215064 0.0170548 0.0133843 0.0103935 0.00798559 0.00607 0.00456432 0.0033951 0.0024982 0.00181869 0.00131048 0.000935599 0.000663421 0.000469809 0.000336287 0.000249285 0.000199581 
0.000220005 0.000234532 0.000286755 0.000382786 0.000533212 0.000753714 0.00106578 0.00149759 0.00208494 0.00287221 0.00391327 0.00527213 0.00702336 0.00925205 0.0120532 0.0155304 0.0197939 0.024958 0.0311371 0.0384421 0.0469752 0.0568253 0.0680625 0.0807337 0.0948585 0.110425 0.127389 0.145671 0.165158 0.185707 0.207145 0.229273 0.251877 0.274727 0.297589 0.320225 0.342405 0.363908 0.384529 0.404079 0.42239 0.439316 0.45473 0.468528 0.480626 0.490955 0.499463 0.506112 0.510874 0.51373 0.51467 0.513691 0.510796 0.505994 0.499305 0.490756 0.480387 0.468249 0.454411 0.43896 0.422001 0.403661 0.384089 0.363453 0.341943 0.319766 0.297143 0.274306 0.25149 0.22893 0.206854 0.185475 0.16499 0.145569 0.127353 0.110453 0.0949457 0.0808735 0.0682467 0.0570447 0.0472203 0.0387031 0.0314048 0.025224 0.0200513 0.0157733 0.0122773 0.00945459 0.00720278 0.00542806 0.00404632 0.0029837 0.00217667 0.00157166 0.00112437 0.000798926 0.000566983 0.000406763 0.000302241 0.000242509 
0.000265255 0.000282756 0.000345272 0.000460007 0.000639417 0.000901897 0.0012726 0.00178439 0.00247888 0.00340747 0.00463227 0.00622675 0.00827607 0.0108768 0.0141362 0.0181703 0.0231017 0.0290561 0.0361581 0.0445265 0.0542689 0.0654759 0.0782158 0.0925294 0.108425 0.125878 0.144822 0.165158 0.186748 0.209421 0.232975 0.257187 0.281815 0.306605 0.331303 0.355654 0.379415 0.402356 0.424268 0.444961 0.464271 0.482056 0.498199 0.512607 0.525203 0.535932 0.544752 0.551633 0.556555 0.559505 0.560477 0.559468 0.556479 0.551518 0.544597 0.535735 0.524964 0.512323 0.497873 0.481687 0.463861 0.444515 0.423791 0.401856 0.378899 0.355133 0.330788 0.306108 0.281347 0.25676 0.232599 0.209105 0.1865 0.164981 0.144718 0.125846 0.108462 0.0926283 0.0783691 0.0656741 0.0545016 0.0447831 0.0364281 0.02933 0.023371 0.0184279 0.0143767 0.0110964 0.00847233 0.00639869 0.00478004 0.0035321 0.00258203 0.00186813 0.00133915 0.000953485 0.000678095 0.000487556 0.000363111 0.000291967 
0.000316887 0.000337771 0.000411928 0.000547774 0.000759829 0.00106949 0.00150592 0.00210714 0.00292109 0.00400677 0.00543518 0.00728989 0.0096673 0.0126761 0.0164362 0.0210764 0.0267317 0.033539 0.0416325 0.051138 0.062167 0.0748102 0.0891319 0.105164 0.122902 0.142303 0.16328 0.185707 0.209421 0.23422 0.259875 0.286133 0.312727 0.339381 0.365819 0.391773 0.416988 0.441231 0.464288 0.485975 0.506133 0.524631 0.541363 0.556247 0.569223 0.580247 0.589289 0.596331 0.601362 0.604375 0.605369 0.604341 0.601291 0.596224 0.589143 0.580059 0.568992 0.555971 0.54104 0.524261 0.505717 0.485515 0.463788 0.440698 0.416431 0.3912 0.365243 0.338815 0.312183 0.285625 0.259414 0.233819 0.209088 0.18545 0.163101 0.142204 0.122881 0.105215 0.0892472 0.0749805 0.0623813 0.0513849 0.0419005 0.0338171 0.0270101 0.0213468 0.0166918 0.012912 0.00988008 0.00747785 0.0055979 0.00414493 0.00303612 0.00220103 0.00158091 0.00112786 0.00080376 0.000579162 0.000432305 0.00034832 
0.00037514 0.000399828 0.000487002 0.000646411 0.000894831 0.00125693 0.00176625 0.00246637 0.00341206 0.00467048 0.00632207 0.00846112 0.0111958 0.0146473 0.0189486 0.0242415 0.0306729 0.0383909 0.0475382 0.0582466 0.0706297 0.0847765 0.100745 0.118555 0.138187 0.159577 0.182614 0.207145 0.232975 0.259875 0.287584 0.315822 0.344295 0.372705 0.400758 0.428175 0.454693 0.480076 0.504113 0.526626 0.547466 0.566515 0.583683 0.598903 0.612131 0.623337 0.632509 0.639638 0.644725 0.647769 0.648774 0.647739 0.644663 0.639543 0.632378 0.623168 0.611918 0.598644 0.583375 0.566157 0.547056 0.526165 0.503604 0.479524 0.454107 0.427563 0.400132 0.372077 0.343681 0.315237 0.287042 0.259389 0.232557 0.206804 0.182357 0.159406 0.138102 0.118551 0.100815 0.0849125 0.0708198 0.0584786 0.0477996 0.0386695 0.0309576 0.0245223 0.0192177 0.0148984 0.0114245 0.00866487 0.0064998 0.00482239 0.00353932 0.0025708 0.00185006 0.00132245 0.000944324 0.000681884 0.000510089 0.000411809 
0.000440115 0.00046903 0.000570599 0.000756013 0.00104449 0.00146423 0.00205349 0.00286178 0.00395118 0.00539748 0.00729107 0.00973744 0.0128569 0.0167837 0.0216638 0.0276518 0.0349068 0.0435868 0.0538422 0.0658093 0.0796023 0.095306 0.112969 0.132599 0.154157 0.177553 0.202653 0.229273 0.257187 0.286133 0.315822 0.345944 0.37618 0.406212 0.435733 0.464451 0.492099 0.518443 0.543278 0.566436 0.587782 0.607214 0.624659 0.640069 0.653419 0.664696 0.673902 0.681045 0.686133 0.689177 0.690183 0.689153 0.686083 0.680967 0.673793 0.664551 0.653233 0.639839 0.624379 0.60688 0.587392 0.565989 0.542775 0.517888 0.491498 0.463812 0.435068 0.405535 0.375506 0.345289 0.315203 0.285566 0.256685 0.228849 0.202315 0.177306 0.154002 0.132535 0.11299 0.0954018 0.0797624 0.0660211 0.0540923 0.0438618 0.0351943 0.0279406 0.0219444 0.0170487 0.0131007 0.00995653 0.00748365 0.0055632 0.00409086 0.00297703 0.00214643 0.0015372 0.00109981 0.000795785 0.00059655 0.000482531 
0.000511753 0.000545313 0.000662618 0.000876406 0.00120851 0.00169091 0.00236685 0.00329216 0.0045366 0.006185 0.00833815 0.0111131 0.0146426 0.0190741 0.0245665 0.0312873 0.0394066 0.0490919 0.0605003 0.0737706 0.0890158 0.106314 0.125704 0.147175 0.170667 0.196067 0.223208 0.251877 0.281815 0.312727 0.344295 0.37618 0.408041 0.439541 0.47036 0.500199 0.528793 0.555908 0.581351 0.604968 0.626639 0.646283 0.663846 0.679303 0.692645 0.703883 0.713032 0.720116 0.725155 0.728168 0.729165 0.728151 0.72512 0.72006 0.712951 0.70377 0.692496 0.67911 0.663605 0.645986 0.626283 0.604549 0.580869 0.555364 0.528191 0.499549 0.469671 0.438827 0.407318 0.375465 0.343606 0.312084 0.281232 0.25137 0.222788 0.195742 0.170441 0.147047 0.125669 0.106365 0.0891408 0.0739573 0.0607346 0.0493595 0.0396937 0.0315813 0.0248566 0.0193514 0.0149005 0.0113469 0.00854525 0.00636445 0.00468876 0.00341839 0.00246913 0.00177156 0.00126988 0.000920657 0.000691561 0.000560408 
0.000589815 0.000628417 0.000762724 0.00100712 0.0013862 0.00193593 0.00270481 0.00375529 0.00516512 0.00702854 0.00945702 0.0125794 0.0165412 0.0215027 0.0276361 0.0351208 0.0441377 0.0548626 0.0674577 0.082063 0.098788 0.117703 0.138832 0.162146 0.187561 0.214935 0.244073 0.274727 0.306605 0.339381 0.372705 0.406212 0.439541 0.472339 0.504274 0.535046 0.56439 0.592082 0.617942 0.64183 0.66365 0.683339 0.700868 0.716232 0.729447 0.74054 0.749547 0.756505 0.761447 0.7644 0.765379 0.764391 0.761429 0.756473 0.749497 0.740466 0.729341 0.716086 0.700674 0.68309 0.663339 0.641453 0.617494 0.591564 0.563804 0.534399 0.503575 0.471602 0.438781 0.405448 0.371956 0.338668 0.305947 0.27414 0.243573 0.214532 0.18726 0.16195 0.138737 0.117704 0.0988734 0.0822201 0.067672 0.055119 0.0444211 0.0354173 0.0279335 0.0217907 0.0168119 0.0128271 0.00967815 0.00722147 0.00532971 0.00389256 0.00281657 0.00202442 0.00145377 0.00105599 0.000794764 0.000645166 
0.00067386 0.000717869 0.000870333 0.00114736 0.00157644 0.00219769 0.00306508 0.00424792 0.00583222 0.00792182 0.0106391 0.0141248 0.0185372 0.0240495 0.0308465 0.0391191 0.0490582 0.0608465 0.0746501 0.0906084 0.108825 0.129361 0.152223 0.177361 0.204666 0.233967 0.265035 0.297589 0.331303 0.365819 0.400758 0.435733 0.47036 0.504274 0.537138 0.568649 0.598549 0.626626 0.652715 0.676696 0.698495 0.718073 0.735425 0.75057 0.763546 0.774401 0.783189 0.789961 0.794763 0.79763 0.798583 0.797631 0.794763 0.789956 0.783174 0.774369 0.763488 0.750477 0.735288 0.717882 0.698241 0.676372 0.652314 0.626148 0.597993 0.56802 0.536443 0.503527 0.469576 0.434931 0.39996 0.365045 0.330575 0.296927 0.264457 0.233486 0.204291 0.177096 0.152067 0.129309 0.108868 0.0907321 0.0748406 0.0610881 0.0493346 0.0394153 0.0311488 0.0243464 0.0188193 0.0143854 0.0108736 0.00812782 0.00600902 0.00439617 0.00318634 0.00229409 0.00165031 0.00120093 0.000905543 0.000736319 
0.000763241 0.000812977 0.000984597 0.00129599 0.00177766 0.00247398 0.00344458 0.00476576 0.00653195 0.00885677 0.0118735 0.015735 0.0206119 0.0266901 0.0341664 0.0432429 0.054119 0.0669836 0.0820046 0.0993195 0.119025 0.141168 0.165738 0.192664 0.221806 0.252964 0.285875 0.320225 0.355654 0.391773 0.428175 0.464451 0.500199 0.535046 0.568649 0.600709 0.630977 0.659255 0.685397 0.709305 0.730928 0.750254 0.767302 0.782115 0.794755 0.805291 0.813793 0.820328 0.824954 0.827713 0.828634 0.827724 0.824972 0.820351 0.813814 0.805303 0.794749 0.78208 0.767226 0.750126 0.730738 0.709043 0.685055 0.658829 0.630464 0.600111 0.567973 0.534304 0.499405 0.463624 0.427338 0.390948 0.354865 0.319494 0.285224 0.252408 0.221357 0.192329 0.165519 0.14106 0.119021 0.0994066 0.0821682 0.0672071 0.0543856 0.0435362 0.0344715 0.0269939 0.020904 0.0160074 0.0121206 0.00907531 0.00672064 0.0049248 0.00357527 0.00257829 0.00185786 0.00135432 0.00102302 0.000833155 
0.000857099 0.000912824 0.0011044 0.00145156 0.00198786 0.00276204 0.00383944 0.00530349 0.00725709 0.00982364 0.0131474 0.0173929 0.0227431 0.0293961 0.0375603 0.0474477 0.0592656 0.0732073 0.0894415 0.108102 0.129276 0.152996 0.179233 0.207889 0.238798 0.271726 0.306378 0.342405 0.379415 0.416988 0.454693 0.492099 0.528793 0.56439 0.598549 0.630977 0.661437 0.689747 0.715781 0.739467 0.760778 0.779728 0.796363 0.810751 0.822975 0.833124 0.841287 0.847544 0.851964 0.8546 0.855481 0.854619 0.852002 0.847595 0.841345 0.833181 0.823021 0.810775 0.796353 0.77967 0.760659 0.739275 0.715506 0.689382 0.660977 0.630423 0.597904 0.563664 0.528001 0.49126 0.453828 0.416122 0.378573 0.341613 0.305659 0.271099 0.238278 0.207486 0.17895 0.152832 0.129224 0.10815 0.0895754 0.0734101 0.0595197 0.0477357 0.037866 0.0297052 0.0230437 0.0176759 0.0134062 0.0100541 0.00745723 0.00547304 0.00397939 0.00287416 0.00207435 0.00151464 0.00114604 0.000934741 
0.00095437 0.00101628 0.00122839 0.00161228 0.00220461 0.00305852 0.00424509 0.00585486 0.00799918 0.0108112 0.0144458 0.0190791 0.0249059 0.0321361 0.0409886 0.0516846 0.0644382 0.0794458 0.0968756 0.116855 0.139463 0.164714 0.192558 0.222872 0.255461 0.290058 0.326335 0.363908 0.402356 0.441231 0.480076 0.518443 0.555908 0.592082 0.626626 0.659255 0.689747 0.717937 0.743725 0.767061 0.787946 0.806421 0.822555 0.836443 0.848187 0.857899 0.865682 0.87163 0.875824 0.878323 0.879161 0.878352 0.87588 0.871709 0.865776 0.858001 0.848286 0.836526 0.822611 0.806433 0.787901 0.766944 0.743523 0.717641 0.689349 0.658754 0.626023 0.591385 0.55513 0.517602 0.479194 0.440334 0.401472 0.363063 0.325555 0.289366 0.254874 0.222403 0.192213 0.164493 0.139361 0.116863 0.0969779 0.0796258 0.0646776 0.0519652 0.041293 0.0324486 0.0252136 0.0193715 0.0147153 0.0110528 0.00821023 0.00603454 0.00439404 0.0031783 0.00229729 0.00168005 0.00127322 0.00103992 
