5.61615e-58 3.61624e-59 1.85337e-60 1.04956e-60 4.27868e-59 1.76331e-57 6.70737e-56 2.35516e-54 7.63441e-53 2.28473e-51 6.31227e-50 1.60989e-48 3.78975e-47 8.23295e-46 1.65019e-44 3.05087e-43 5.20089e-42 8.17192e-41 1.18295e-39 1.57687e-38 1.93469e-37 2.18395e-36 2.26778e-35 2.16631e-34 1.90469e-33 1.54302e-32 1.15363e-31 7.97588e-31 5.10945e-30 3.03688e-29 1.67474e-28 8.55623e-28 4.03961e-27 1.75827e-26 7.04739e-26 2.60161e-25 8.84599e-25 2.76517e-24 7.92006e-24 2.07686e-23 5.01024e-23 1.11792e-22 2.28732e-22 4.16052e-22 6.48036e-22 8.57701e-22 9.98952e-22 1.07291e-21 1.10418e-21 1.11516e-21 1.11823e-21 1.11797e-21 1.11357e-21 1.09772e-21 1.05264e-21 9.50402e-22 7.7207e-22 5.42207e-22 3.27572e-22 1.74446e-22 8.42469e-23 3.75161e-23 1.54651e-23 5.89344e-24 2.0753e-24 6.76427e-25 2.04557e-25 5.7498e-26 1.50414e-26 3.66682e-27 8.34515e-28 1.77699e-28 3.54862e-29 6.65973e-30 1.17645e-30 1.95836e-31 3.07424e-32 4.55377e-33 6.36893e-34 8.41716e-35 1.05223e-35 1.24577e-36 1.39887e-37 1.49222e-38 1.5148e-39 1.46599e-40 1.35508e-41 1.19857e-42 1.01633e-43 8.27669e-45 6.48488e-46 4.89677e-47 3.56939e-48 2.51558e-49 1.71671e-50 1.13604e-51 7.29991e-53 4.56071e-54 2.77377e-55 1.6446e-56 
3.61624e-59 2.54314e-60 1.36685e-61 5.0637e-62 1.98418e-60 8.34329e-59 3.23847e-57 1.16035e-55 3.83809e-54 1.17199e-52 3.30357e-51 8.59489e-50 2.06453e-48 4.58175e-47 9.40488e-46 1.78788e-44 3.15139e-43 5.15495e-42 7.82858e-41 1.10366e-39 1.44362e-38 1.75063e-37 1.96648e-36 2.04482e-35 1.96779e-34 1.75297e-33 1.44666e-32 1.10711e-31 7.86295e-31 5.18236e-30 3.16542e-29 1.78715e-28 9.29664e-28 4.44405e-27 1.94984e-26 7.85248e-26 2.90143e-25 9.80879e-25 3.02082e-24 8.46351e-24 2.1698e-23 5.12905e-23 1.10862e-22 2.11188e-22 3.37974e-22 4.49553e-22 5.20551e-22 5.55062e-22 5.68473e-22 5.72773e-22 5.73867e-22 5.73703e-22 5.71801e-22 5.64538e-22 5.42449e-22 4.89362e-22 3.928e-22 2.66765e-22 1.52883e-22 7.64704e-23 3.45641e-23 1.43694e-23 5.50655e-24 1.9399e-24 6.28049e-25 1.8735e-25 5.16682e-26 1.32091e-26 3.13679e-27 6.93383e-28 1.43054e-28 2.7637e-29 5.01762e-30 8.59042e-31 1.39106e-31 2.13573e-32 3.11482e-33 4.32132e-34 5.70909e-35 7.18879e-36 8.63363e-37 9.89605e-38 1.08328e-38 1.13325e-39 1.13384e-40 1.08594e-41 9.96619e-43 8.77438e-44 7.42016e-45 6.03537e-46 4.72826e-47 3.57298e-48 2.6081e-49 1.84165e-50 1.25977e-51 8.3592e-53 5.38767e-54 3.37711e-55 2.06117e-56 1.22685e-57 
1.85337e-60 1.36685e-61 7.83374e-63 1.90104e-63 6.90308e-62 2.9546e-60 1.16812e-58 4.26532e-57 1.4385e-55 4.48068e-54 1.28885e-52 4.83046e-51 2.4422e-49 1.21023e-47 5.0127e-46 1.71014e-44 4.88966e-43 1.19422e-41 2.53002e-40 4.70448e-39 7.74709e-38 1.13769e-36 1.49824e-35 1.77761e-34 1.90799e-33 1.85984e-32 1.65243e-31 1.34273e-30 1.00063e-29 6.85052e-29 4.30977e-28 2.48871e-27 1.3166e-26 6.3708e-26 2.81862e-25 1.14107e-24 4.22809e-24 1.43083e-23 4.40449e-23 1.23174e-22 3.14823e-22 7.41566e-22 1.59803e-21 3.03781e-21 4.85239e-21 6.44051e-21 7.44305e-21 7.92552e-21 8.11076e-21 8.1693e-21 8.18387e-21 8.18119e-21 8.15386e-21 8.04964e-21 7.7325e-21 6.97013e-21 5.58431e-21 3.77981e-21 2.15742e-21 1.07533e-21 4.84683e-22 2.00871e-22 7.66053e-23 2.67867e-23 8.58129e-24 2.52405e-24 6.83449e-25 1.7065e-25 3.9325e-26 8.3704e-27 1.6478e-27 3.00543e-28 5.08821e-29 8.00897e-30 1.17335e-30 1.60096e-31 2.03489e-32 2.40957e-33 2.65839e-34 2.73341e-35 2.62094e-36 2.3459e-37 1.96296e-38 1.53881e-39 1.13345e-40 7.87578e-42 5.19058e-43 3.26827e-44 1.98474e-45 1.17611e-46 6.89049e-48 4.04222e-49 2.39689e-50 1.44213e-51 8.78569e-53 5.38608e-54 3.29759e-55 2.00243e-56 1.19974e-57 7.07112e-59 
1.04956e-60 5.0637e-62 1.90104e-63 1.18514e-64 2.27308e-63 9.87552e-62 3.96905e-60 1.47417e-58 5.0601e-57 1.60506e-55 1.86133e-51 2.19991e-49 1.45775e-47 6.87778e-46 2.5426e-44 7.74066e-43 1.99981e-41 4.47146e-40 8.77124e-39 1.52429e-37 2.36382e-36 3.28935e-35 4.1255e-34 4.68097e-33 4.82116e-32 4.522e-31 3.87492e-30 3.04285e-29 2.19541e-28 1.45779e-27 8.91139e-27 5.0092e-26 2.58391e-25 1.22088e-24 5.28068e-24 2.09224e-23 7.59643e-23 2.52256e-22 7.63118e-22 2.09992e-21 5.28594e-21 1.22727e-20 2.61102e-20 4.91449e-20 7.80173e-20 1.03273e-19 1.19259e-19 1.2699e-19 1.29978e-19 1.3093e-19 1.31168e-19 1.31122e-19 1.30668e-19 1.28957e-19 1.23809e-19 1.11548e-19 8.9418e-20 6.0712e-20 3.48762e-20 1.75512e-20 8.00581e-21 3.36213e-21 1.30031e-21 4.61475e-22 1.50202e-22 4.49378e-23 1.23899e-23 3.15282e-24 7.41028e-25 1.61006e-25 3.23839e-26 6.04089e-27 1.04708e-27 1.68905e-28 2.5382e-29 3.55495e-30 4.64093e-31 5.64688e-32 6.40351e-33 6.76814e-34 6.66951e-35 6.13097e-36 5.26161e-37 4.22003e-38 3.16719e-39 2.2277e-40 1.47105e-41 9.13832e-43 5.35254e-44 2.96349e-45 1.55521e-46 7.75875e-48 3.69107e-49 1.67979e-50 7.33696e-52 3.08598e-53 1.2543e-54 4.94512e-56 1.89921e-57 7.14316e-59 
4.27868e-59 1.98418e-60 6.90308e-62 2.27308e-63 1.4788e-64 3.2687e-63 1.3346e-61 5.04231e-60 1.7616e-58 2.28358e-51 2.80836e-49 1.93605e-47 9.51399e-46 3.66846e-44 1.16662e-42 3.15335e-41 7.38875e-40 1.52138e-38 2.77974e-37 4.53924e-36 6.6606e-35 8.8187e-34 1.0571e-32 1.15054e-31 1.14005e-30 1.03123e-29 8.5388e-29 6.4903e-28 4.5398e-27 2.92712e-26 1.74032e-25 9.53048e-25 4.79699e-24 2.21459e-23 9.36945e-23 3.6347e-22 1.29355e-21 4.21621e-21 1.25374e-20 3.39527e-20 8.4179e-20 1.92661e-19 4.04724e-19 7.54391e-19 1.19034e-18 1.57137e-18 1.81309e-18 1.93049e-18 1.97612e-18 1.99076e-18 1.99444e-18 1.99369e-18 1.98654e-18 1.95996e-18 1.88078e-18 1.6938e-18 1.35853e-18 9.25184e-19 5.34821e-19 2.71715e-19 1.2542e-19 5.33703e-20 2.09306e-20 7.53831e-21 2.49249e-21 7.58385e-22 2.12865e-22 5.51894e-23 1.32262e-23 2.93249e-24 6.02441e-25 1.149e-25 2.0384e-26 3.36884e-27 5.19142e-28 7.46215e-29 1.00051e-29 1.25112e-30 1.45908e-31 1.58708e-32 1.61066e-33 1.52596e-34 1.3507e-35 1.11814e-36 8.66715e-38 6.29962e-39 4.3004e-40 2.76214e-41 1.67264e-42 9.57087e-44 5.1874e-45 2.67014e-46 1.30888e-47 6.1275e-49 2.74745e-50 1.18324e-51 4.90815e-53 1.96613e-54 7.62504e-56 2.87015e-57 
1.76331e-57 8.34329e-59 2.9546e-60 9.87552e-62 3.2687e-63 2.12241e-64 4.40818e-63 1.69161e-61 2.62055e-51 3.3432e-49 2.3939e-47 1.22347e-45 4.91308e-44 1.62954e-42 4.60084e-41 1.12786e-39 2.43361e-38 4.66738e-37 8.01352e-36 1.23826e-34 1.72897e-33 2.18827e-32 2.51678e-31 2.63617e-30 2.52002e-29 2.20342e-28 1.76646e-27 1.30178e-26 8.8397e-26 5.54053e-25 3.20688e-24 1.71227e-23 8.41525e-23 3.79818e-22 1.57258e-21 5.9754e-21 2.08508e-20 6.67216e-20 1.95057e-19 5.1991e-19 1.26967e-18 2.86463e-18 5.94243e-18 1.09706e-17 1.72067e-17 2.26511e-17 2.61108e-17 2.77971e-17 2.8456e-17 2.86685e-17 2.87222e-17 2.87106e-17 2.86046e-17 2.82142e-17 2.70619e-17 2.43625e-17 1.95515e-17 1.33539e-17 7.76706e-18 3.9834e-18 1.86056e-18 8.02199e-19 3.1899e-19 1.16575e-19 3.91502e-20 1.21124e-20 3.46016e-21 9.13753e-22 2.23196e-22 5.04763e-23 1.05863e-23 2.06325e-24 3.74412e-25 6.33521e-26 1.0003e-26 1.47422e-27 2.02779e-28 2.60282e-29 3.11745e-30 3.48458e-31 3.63629e-32 3.54478e-33 3.23075e-34 2.75575e-35 2.20249e-36 1.6516e-37 1.16376e-38 7.71811e-40 4.82663e-41 2.85191e-42 1.59565e-43 8.47382e-45 4.28206e-46 2.06444e-47 9.52146e-49 4.21248e-50 1.79257e-51 7.35624e-53 2.91853e-54 1.12232e-55 
6.70737e-56 3.23847e-57 1.16812e-58 3.96905e-60 1.3346e-61 4.40818e-63 2.8481e-64 2.80696e-51 3.71108e-49 2.75691e-47 1.46353e-45 6.1123e-44 2.1113e-42 6.21699e-41 1.5919e-39 3.59356e-38 7.22226e-37 1.30161e-35 2.11476e-34 3.10978e-33 4.15129e-32 5.04214e-31 5.58241e-30 5.64297e-29 5.21645e-28 4.41782e-27 3.43492e-26 2.45768e-25 1.622e-24 9.89182e-24 5.57792e-23 2.90559e-22 1.39507e-21 6.1586e-21 2.49629e-20 9.29316e-20 3.18008e-19 9.99159e-19 2.87188e-18 7.53433e-18 1.81228e-17 4.03063e-17 8.25655e-17 1.50979e-16 2.35391e-16 3.08983e-16 3.55801e-16 3.78688e-16 3.87667e-16 3.9058e-16 3.91317e-16 3.9115e-16 3.89665e-16 3.84249e-16 3.68403e-16 3.31552e-16 2.66237e-16 1.82364e-16 1.06715e-16 5.52474e-17 2.61132e-17 1.14082e-17 4.5996e-18 1.70556e-18 5.81753e-19 1.82993e-19 5.31973e-20 1.43057e-20 3.56058e-21 8.21069e-22 1.75735e-22 3.49854e-23 6.49089e-24 1.12379e-24 1.81683e-25 2.74305e-26 3.86701e-27 5.08925e-28 6.25246e-29 7.17212e-30 7.68485e-31 7.69671e-32 7.21167e-33 6.32816e-34 5.20646e-35 4.02156e-36 2.92047e-37 1.99704e-38 1.28804e-39 7.85012e-41 4.52986e-42 2.4802e-43 1.29144e-44 6.41065e-46 3.04131e-47 1.38251e-48 6.03734e-50 2.53925e-51 1.03115e-52 4.05342e-54 
2.35516e-54 1.16035e-55 4.26532e-57 1.47417e-58 5.04231e-60 1.69161e-61 2.80696e-51 3.84237e-49 2.95826e-47 1.62929e-45 7.06795e-44 2.53909e-42 7.78637e-41 2.07932e-39 4.90278e-38 1.03085e-36 1.94685e-35 3.32029e-34 5.13399e-33 7.2184e-32 9.24863e-31 1.0816e-29 1.156e-28 1.13044e-27 1.01263e-26 8.32109e-26 6.28387e-25 4.37054e-24 2.8061e-23 1.66633e-22 9.15943e-22 4.6569e-21 2.18518e-20 9.43817e-20 3.7461e-19 1.36656e-18 4.58614e-18 1.41481e-17 3.9981e-17 1.03232e-16 2.44548e-16 5.36072e-16 1.08428e-15 1.96382e-15 3.04349e-15 3.98316e-15 4.58133e-15 4.87441e-15 4.98981e-15 5.02741e-15 5.03695e-15 5.03467e-15 5.01506e-15 4.94422e-15 4.73855e-15 4.26345e-15 3.42572e-15 2.35317e-15 1.38539e-15 7.24076e-16 3.46375e-16 1.53344e-16 6.26917e-17 2.35882e-17 8.17197e-18 2.61354e-18 7.73125e-19 2.11691e-19 5.36775e-20 1.26187e-20 2.75556e-21 5.60193e-22 1.06223e-22 1.88094e-23 3.11175e-24 4.80946e-25 6.94286e-26 9.3592e-27 1.17812e-27 1.38517e-28 1.52195e-29 1.56389e-30 1.50428e-31 1.3559e-32 1.14665e-33 9.1094e-35 6.80777e-36 4.79306e-37 3.18416e-38 1.9993e-39 1.18864e-40 6.70435e-42 3.59498e-43 1.83667e-44 8.96129e-46 4.18559e-47 1.87609e-48 8.08965e-50 3.36384e-51 1.35235e-52 
7.63441e-53 3.83809e-54 1.4385e-55 5.0601e-57 1.7616e-58 2.62055e-51 3.71108e-49 2.95826e-47 1.68856e-45 7.59967e-44 2.83575e-42 9.04399e-41 2.51517e-39 6.18486e-38 1.35828e-36 2.68365e-35 4.79623e-34 7.78494e-33 1.151e-31 1.55341e-30 1.91668e-29 2.16434e-28 2.23853e-27 2.12209e-26 1.84533e-25 1.47356e-24 1.0822e-23 7.32417e-23 4.57839e-22 2.64883e-21 1.41987e-20 7.04804e-20 3.23284e-19 1.36639e-18 5.31127e-18 1.89864e-17 6.24857e-17 1.89249e-16 5.2572e-16 1.33575e-15 3.11573e-15 6.7303e-15 1.34388e-14 2.41061e-14 3.71329e-14 4.84479e-14 5.56514e-14 5.91867e-14 6.05828e-14 6.10393e-14 6.11553e-14 6.11261e-14 6.08825e-14 6.00098e-14 5.74945e-14 5.17194e-14 4.15852e-14 2.86468e-14 1.69688e-14 8.95497e-15 4.33647e-15 1.94584e-15 8.06776e-16 3.08061e-16 1.08415e-16 3.5257e-17 1.06135e-17 2.95893e-18 7.6431e-19 1.83153e-19 4.08011e-20 8.46899e-21 1.64089e-21 2.97068e-22 5.02667e-23 7.9482e-24 1.17402e-24 1.61959e-25 2.08675e-26 2.51197e-27 2.82683e-28 2.9764e-29 2.9351e-30 2.71387e-31 2.35568e-32 1.92207e-33 1.47615e-34 1.0686e-35 7.30245e-37 4.71812e-38 2.88694e-39 1.67589e-40 9.24736e-42 4.85989e-43 2.4378e-44 1.16977e-45 5.38179e-47 2.37955e-48 1.01349e-49 4.16866e-51 
2.28473e-51 1.17199e-52 4.48068e-54 1.60506e-55 2.28358e-51 3.3432e-49 2.75691e-47 1.62929e-45 7.59967e-44 2.94205e-42 9.74605e-41 2.81881e-39 7.21845e-38 1.65326e-36 3.41176e-35 6.37898e-34 1.08502e-32 1.68403e-31 2.39013e-30 3.10675e-29 3.70195e-28 4.0463e-27 4.0584e-26 3.73645e-25 3.1591e-24 2.45469e-23 1.75511e-22 1.15686e-21 7.04532e-21 3.97293e-20 2.0773e-19 1.00685e-18 4.5148e-18 1.8674e-17 7.10866e-17 2.48994e-16 8.0347e-16 2.38849e-15 6.52078e-15 1.62993e-14 3.74249e-14 7.96361e-14 1.56936e-13 2.78747e-13 4.26725e-13 5.54959e-13 6.36565e-13 6.76656e-13 6.92523e-13 6.97728e-13 6.99051e-13 6.98699e-13 6.95856e-13 6.8575e-13 6.56817e-13 5.90761e-13 4.75354e-13 3.28407e-13 1.95751e-13 1.04337e-13 5.11632e-14 2.32756e-14 9.7894e-15 3.79439e-15 1.35682e-15 4.48778e-16 1.375e-16 3.9034e-17 1.02716e-17 2.50907e-18 5.70217e-19 1.20842e-19 2.39212e-20 4.42668e-21 7.65823e-22 1.23816e-22 1.87004e-23 2.63788e-24 3.47561e-25 4.27922e-26 4.9268e-27 5.30927e-28 5.36104e-29 5.0784e-30 4.51874e-31 3.7817e-32 2.98071e-33 2.21572e-34 1.55556e-35 1.03295e-36 6.49779e-38 3.8784e-39 2.20036e-40 1.18875e-41 6.12752e-43 3.01976e-44 1.42586e-45 6.46477e-47 2.82076e-48 1.18738e-49 
6.31227e-50 3.30357e-51 1.28885e-52 1.86133e-51 2.80836e-49 2.3939e-47 1.46353e-45 7.06795e-44 2.83575e-42 9.74605e-41 2.92787e-39 7.79752e-38 1.85979e-36 4.00253e-35 7.81637e-34 1.39089e-32 2.26225e-31 3.37069e-30 4.60779e-29 5.7848e-28 6.67328e-27 7.07521e-26 6.89439e-25 6.17445e-24 5.08268e-23 3.84745e-22 2.68082e-21 1.72222e-20 1.02233e-19 5.62074e-19 2.86694e-18 1.35681e-17 5.94714e-17 2.40696e-16 8.97196e-16 3.0786e-15 9.73742e-15 2.84013e-14 7.61744e-14 1.87248e-13 4.23051e-13 8.86402e-13 1.72327e-12 3.02999e-12 4.60896e-12 5.97359e-12 6.84124e-12 7.26768e-12 7.43672e-12 7.49231e-12 7.50643e-12 7.50246e-12 7.47136e-12 7.3616e-12 7.04926e-12 6.33986e-12 5.10552e-12 3.53784e-12 2.1225e-12 1.14305e-12 5.67834e-13 2.62002e-13 1.11819e-13 4.40105e-14 1.59964e-14 5.38314e-15 1.67912e-15 4.8548e-16 1.30166e-16 3.24167e-17 7.51672e-18 1.62656e-18 3.28968e-19 6.2217e-20 1.10016e-20 1.81788e-21 2.80569e-22 4.04387e-23 5.44402e-24 6.8492e-25 8.05968e-26 8.87985e-27 9.17101e-28 8.89e-29 8.099e-30 6.94361e-31 5.60983e-32 4.27676e-33 3.08091e-34 2.10018e-35 1.35668e-36 8.31768e-38 4.84759e-39 2.69017e-40 1.42411e-41 7.20493e-43 3.4906e-44 1.62271e-45 7.25374e-47 3.12539e-48 
1.60989e-48 8.59489e-50 4.83046e-51 2.19991e-49 1.93605e-47 1.22347e-45 6.1123e-44 2.53909e-42 9.04399e-41 2.81881e-39 7.79752e-38 1.93415e-36 4.3348e-35 8.82816e-34 1.64079e-32 2.79192e-31 4.3594e-30 6.25637e-29 8.26109e-28 1.00418e-26 1.12386e-25 1.15794e-24 1.098e-23 9.57881e-23 7.68637e-22 5.67404e-21 3.85595e-20 2.41581e-19 1.39836e-18 7.4968e-18 3.73002e-17 1.72329e-16 7.38171e-16 2.92258e-15 1.06643e-14 3.58356e-14 1.11051e-13 3.17641e-13 8.36528e-13 2.02122e-12 4.49108e-12 9.26062e-12 1.77519e-11 3.08861e-11 4.66695e-11 6.0269e-11 6.89035e-11 7.31467e-11 7.48303e-11 7.53848e-11 7.55255e-11 7.54836e-11 7.51655e-11 7.40503e-11 7.08943e-11 6.376e-11 5.13937e-11 3.5726e-11 2.15801e-11 1.17484e-11 5.91576e-12 2.76979e-12 1.20009e-12 4.79856e-13 1.77372e-13 6.07582e-14 1.93018e-14 5.68554e-15 1.55366e-15 3.94595e-16 9.33833e-17 2.06386e-17 4.26515e-18 8.24392e-19 1.48963e-19 2.51466e-20 3.96386e-21 5.83369e-22 8.01826e-23 1.02996e-23 1.2376e-24 1.39272e-25 1.4697e-26 1.45632e-27 1.35689e-28 1.19039e-29 9.84655e-31 7.68978e-32 5.67763e-33 3.96858e-34 2.62978e-35 1.6544e-36 9.89565e-38 5.63645e-39 3.06224e-40 1.58963e-41 7.89884e-43 3.76417e-44 1.72371e-45 7.60232e-47 
3.78975e-47 2.06453e-48 2.4422e-49 1.45775e-47 9.51399e-46 4.91308e-44 2.1113e-42 7.78637e-41 2.51517e-39 7.21845e-38 1.85979e-36 4.3348e-35 9.19342e-34 1.78193e-32 3.16692e-31 5.17325e-30 7.78059e-29 1.07861e-27 1.37908e-26 1.62654e-25 1.76938e-24 1.77448e-23 1.63968e-22 1.39511e-21 1.09242e-20 7.87116e-20 5.22072e-19 3.19148e-18 1.80184e-17 9.41976e-17 4.57083e-16 2.06078e-15 8.62283e-15 3.33827e-14 1.19193e-13 3.92045e-13 1.1896e-12 3.33461e-12 8.61738e-12 2.04531e-11 4.46665e-11 9.05788e-11 1.7109e-10 2.94407e-10 4.41748e-10 5.68268e-10 6.48444e-10 6.87816e-10 7.03442e-10 7.08594e-10 7.09899e-10 7.09487e-10 7.06454e-10 6.95885e-10 6.66126e-10 5.99146e-10 4.83455e-10 3.37217e-10 2.0518e-10 1.12995e-10 5.77112e-11 2.74357e-11 1.20751e-11 4.90812e-12 1.84619e-12 6.44128e-13 2.08516e-13 6.26029e-14 1.7443e-14 4.52003e-15 1.09223e-15 2.46637e-16 5.20941e-17 1.02909e-17 1.89991e-18 3.27552e-19 5.27081e-20 7.91605e-21 1.11009e-21 1.45475e-22 1.78349e-23 2.04818e-24 2.20638e-25 2.2327e-26 2.12539e-27 1.90599e-28 1.61242e-29 1.28855e-30 9.7402e-32 6.97362e-33 4.73532e-34 3.05373e-35 1.87286e-36 1.09397e-37 6.0952e-39 3.24448e-40 1.65274e-41 8.07102e-43 3.78539e-44 1.70884e-45 
8.23295e-46 4.58175e-47 1.21023e-47 6.87778e-46 3.66846e-44 1.62954e-42 6.21699e-41 2.07932e-39 6.18486e-38 1.65326e-36 4.00253e-35 8.82816e-34 1.78193e-32 3.30268e-31 5.63495e-30 8.86639e-29 1.28814e-27 1.72918e-26 2.14534e-25 2.45966e-24 2.60487e-23 2.5464e-22 2.29573e-21 1.9071e-20 1.45858e-19 1.02657e-18 6.64957e-18 3.9679e-17 2.18538e-16 1.11397e-15 5.26977e-15 2.31729e-14 9.46553e-14 3.58105e-13 1.25038e-12 4.02298e-12 1.19438e-11 3.27831e-11 8.3062e-11 1.93506e-10 4.15012e-10 8.26992e-10 1.53792e-09 2.61562e-09 3.89549e-09 4.99031e-09 5.6824e-09 6.02182e-09 6.15649e-09 6.20091e-09 6.21213e-09 6.20837e-09 6.1815e-09 6.0884e-09 5.82748e-09 5.24254e-09 4.2355e-09 2.96539e-09 1.81856e-09 1.01393e-09 5.25706e-10 2.53949e-10 1.13618e-10 4.69825e-11 1.79988e-11 6.40106e-12 2.11293e-12 6.46964e-13 1.83913e-13 4.86551e-14 1.20123e-14 2.7729e-15 5.98819e-16 1.20916e-16 2.28067e-17 4.01456e-18 6.59188e-19 1.00975e-19 1.44381e-20 1.92897e-21 2.41105e-22 2.82339e-23 3.10218e-24 3.20298e-25 3.11231e-26 2.85027e-27 2.46365e-28 2.01259e-29 1.55595e-30 1.13989e-31 7.92363e-33 5.23287e-34 3.28765e-35 1.96765e-36 1.12342e-37 6.12782e-39 3.19826e-40 1.59981e-41 7.68258e-43 3.54922e-44 
1.65019e-44 9.40488e-46 5.0127e-46 2.5426e-44 1.16662e-42 4.60084e-41 1.5919e-39 4.90278e-38 1.35828e-36 3.41176e-35 7.81637e-34 1.64079e-32 3.16692e-31 5.63495e-30 9.26071e-29 1.40757e-27 1.98024e-26 2.57956e-25 3.11124e-24 3.47308e-23 3.58584e-22 3.42101e-21 3.01245e-20 2.44556e-19 1.82833e-18 1.25779e-17 7.96055e-17 4.63819e-16 2.49223e-15 1.2384e-14 5.70853e-14 2.44648e-13 9.7474e-13 3.6007e-12 1.2285e-11 3.86319e-11 1.12113e-10 3.01005e-10 7.46963e-10 1.70638e-09 3.59064e-09 7.0238e-09 1.28468e-08 2.1577e-08 3.18784e-08 4.06525e-08 4.61827e-08 4.88898e-08 4.99629e-08 5.03168e-08 5.04058e-08 5.03741e-08 5.01539e-08 4.93948e-08 4.72764e-08 4.25446e-08 3.44232e-08 2.42016e-08 1.49709e-08 8.45926e-09 4.457e-09 2.18974e-09 9.96799e-10 4.19748e-10 1.63941e-10 5.94868e-11 2.00392e-11 6.26255e-12 1.81775e-12 4.91369e-13 1.24046e-13 2.92922e-14 6.47061e-15 1.33582e-15 2.57404e-16 4.62514e-17 7.74659e-18 1.20971e-18 1.76271e-19 2.39948e-20 3.05568e-21 3.64611e-22 4.08302e-23 4.29794e-24 4.25937e-25 3.98008e-26 3.51178e-27 2.92992e-28 2.31449e-29 1.73336e-30 1.23226e-31 8.32621e-33 5.35386e-34 3.28035e-35 1.9177e-36 1.07113e-37 5.72443e-39 2.93156e-40 1.44087e-41 6.81034e-43 
3.05087e-43 1.78788e-44 1.71014e-44 7.74066e-43 3.15335e-41 1.12786e-39 3.59356e-38 1.03085e-36 2.68365e-35 6.37898e-34 1.39089e-32 2.79192e-31 5.17325e-30 8.86639e-29 1.40757e-27 2.07173e-26 2.82836e-25 3.58186e-24 4.20656e-23 4.57845e-22 4.61412e-21 4.30064e-20 3.7023e-19 2.93955e-18 2.14965e-17 1.44628e-16 8.94726e-16 5.09131e-15 2.66889e-14 1.29238e-13 5.80109e-13 2.42075e-12 9.39736e-12 3.38586e-11 1.12765e-10 3.46227e-10 9.81042e-10 2.57312e-09 6.24601e-09 1.39749e-08 2.88184e-08 5.52723e-08 9.93075e-08 1.64545e-07 2.4099e-07 3.0579e-07 3.46489e-07 3.66363e-07 3.7423e-07 3.76822e-07 3.77471e-07 3.77225e-07 3.75563e-07 3.69862e-07 3.54014e-07 3.18734e-07 2.58352e-07 1.82507e-07 1.13992e-07 6.53604e-08 3.5037e-08 1.75269e-08 8.12674e-09 3.48908e-09 1.39105e-09 5.15591e-10 1.77433e-10 5.66504e-11 1.68064e-11 4.647e-12 1.2008e-12 2.90311e-13 6.56353e-14 1.38573e-14 2.728e-15 5.00278e-16 8.54428e-17 1.35967e-17 2.01802e-18 2.79735e-19 3.62737e-20 4.40756e-21 5.02706e-22 5.39108e-23 5.44493e-24 5.18729e-25 4.66837e-26 3.97444e-27 3.20521e-28 2.4517e-29 1.78094e-30 1.23008e-31 8.08814e-33 5.06906e-34 3.03187e-35 1.73283e-36 9.47641e-38 4.96568e-39 2.49686e-40 1.207e-41 
5.20089e-42 3.15139e-43 4.88966e-43 1.99981e-41 7.38875e-40 2.43361e-38 7.22226e-37 1.94685e-35 4.79623e-34 1.08502e-32 2.26225e-31 4.3594e-30 7.78059e-29 1.28814e-27 1.98024e-26 2.82836e-25 3.75396e-24 4.62919e-23 5.30098e-22 5.63225e-21 5.54627e-20 5.05501e-19 4.25764e-18 3.3084e-17 2.36784e-16 1.55868e-15 9.42822e-15 5.24032e-14 2.67961e-13 1.26394e-12 5.52015e-12 2.24032e-11 8.46232e-11 2.96978e-10 9.64253e-10 2.88698e-09 7.97592e-09 2.0405e-08 4.83752e-08 1.05853e-07 2.13624e-07 4.01144e-07 7.06933e-07 1.15405e-06 1.67402e-06 2.11244e-06 2.38668e-06 2.52019e-06 2.57293e-06 2.59028e-06 2.5946e-06 2.59285e-06 2.58137e-06 2.54217e-06 2.43355e-06 2.19251e-06 1.78106e-06 1.26521e-06 7.98915e-07 4.65551e-07 2.54278e-07 1.29686e-07 6.13329e-08 2.68872e-08 1.0959e-08 4.15494e-09 1.46252e-09 4.77628e-10 1.45014e-10 4.10686e-11 1.0876e-11 2.69478e-12 6.23977e-13 1.34771e-13 2.71076e-14 5.07296e-15 8.83266e-16 1.43181e-16 2.16367e-17 3.05279e-18 4.0288e-19 4.98229e-20 5.78437e-21 6.31581e-22 6.49664e-23 6.30572e-24 5.78398e-25 5.02095e-26 4.1305e-27 3.2243e-28 2.39123e-29 1.68688e-30 1.13328e-31 7.25924e-33 4.43875e-34 2.59401e-35 1.45067e-36 7.77349e-38 3.9967e-39 1.97516e-40 
8.17192e-41 5.15495e-42 1.19422e-41 4.47146e-40 1.52138e-38 4.66738e-37 1.30161e-35 3.32029e-34 7.78494e-33 1.68403e-31 3.37069e-30 6.25637e-29 1.07861e-27 1.72918e-26 2.57956e-25 3.58186e-24 4.62919e-23 5.56622e-22 6.22247e-21 6.4606e-20 6.22196e-19 5.54949e-18 4.57601e-17 3.48181e-16 2.43992e-15 1.57194e-14 9.29888e-14 5.04849e-13 2.51766e-12 1.15615e-11 4.90825e-11 1.93467e-10 7.09887e-10 2.42248e-09 7.65588e-09 2.23173e-08 6.00153e-08 1.49483e-07 3.45465e-07 7.37998e-07 1.45511e-06 2.67062e-06 4.60798e-06 7.39958e-06 1.06189e-05 1.33172e-05 1.49972e-05 1.58122e-05 1.61333e-05 1.62388e-05 1.62648e-05 1.62535e-05 1.61814e-05 1.59362e-05 1.5259e-05 1.37605e-05 1.12088e-05 8.01496e-06 5.1249e-06 3.04082e-06 1.69517e-06 8.82872e-07 4.26589e-07 1.91296e-07 7.98578e-08 3.10216e-08 1.11855e-08 3.7421e-09 1.16461e-09 3.38372e-10 9.19732e-11 2.33817e-11 5.5491e-12 1.22661e-12 2.52106e-13 4.8142e-14 8.54346e-15 1.41041e-15 2.16928e-16 3.11417e-17 4.18093e-18 5.25986e-19 6.2129e-20 6.90313e-21 7.22767e-22 7.14289e-23 6.67344e-24 5.90282e-25 4.94994e-26 3.94033e-27 2.98122e-28 2.14635e-29 1.47215e-30 9.63049e-32 6.01562e-33 3.59211e-34 2.0529e-35 1.12425e-36 5.90728e-38 2.98319e-39 
1.18295e-39 7.82858e-41 2.53002e-40 8.77124e-39 2.77974e-37 8.01352e-36 2.11476e-34 5.13399e-33 1.151e-31 2.39013e-30 4.60779e-29 8.26109e-28 1.37908e-26 2.14534e-25 3.11124e-24 4.20656e-23 5.30098e-22 6.22247e-21 6.79767e-20 6.9029e-19 6.5064e-18 5.68249e-17 4.58963e-16 3.42088e-15 2.34785e-14 1.48074e-13 8.56698e-13 4.54287e-12 2.20881e-11 9.86867e-11 4.06796e-10 1.5548e-09 5.53092e-09 1.83145e-08 5.62265e-08 1.59282e-07 4.16102e-07 1.00679e-06 2.26299e-06 4.70943e-06 9.05361e-06 1.62076e-05 2.73207e-05 4.30704e-05 6.10633e-05 7.60437e-05 8.53217e-05 8.98039e-05 9.15645e-05 9.21413e-05 9.22828e-05 9.22169e-05 9.18085e-05 9.04253e-05 8.66164e-05 7.82096e-05 6.39276e-05 4.60763e-05 2.98945e-05 1.81018e-05 1.03207e-05 5.49969e-06 2.72051e-06 1.25069e-06 5.35923e-07 2.13724e-07 7.90832e-08 2.71529e-08 8.67938e-09 2.59227e-09 7.24452e-10 1.89214e-10 4.60639e-11 1.04254e-11 2.18987e-12 4.26701e-13 7.71716e-14 1.29717e-14 2.03016e-15 2.96449e-16 4.04754e-17 5.17822e-18 6.22039e-19 7.02995e-20 7.48832e-21 7.53113e-22 7.16265e-23 6.45167e-24 5.51137e-25 4.47099e-26 3.44859e-27 2.53213e-28 1.77187e-29 1.18293e-30 7.5431e-32 4.59919e-33 2.68436e-34 1.5015e-35 8.05843e-37 4.15651e-38 
1.57687e-38 1.10366e-39 4.70448e-39 1.52429e-37 4.53924e-36 1.23826e-34 3.10978e-33 7.2184e-32 1.55341e-30 3.10675e-29 5.7848e-28 1.00418e-26 1.62654e-25 2.45966e-24 3.47308e-23 4.57845e-22 5.63225e-21 6.4606e-20 6.9029e-19 6.86078e-18 6.33275e-17 5.41834e-16 4.28812e-15 3.1317e-14 2.10545e-13 1.29994e-12 7.35546e-12 3.80892e-11 1.80488e-10 7.8398e-10 3.1339e-09 1.15931e-08 3.98874e-08 1.27835e-07 3.80319e-07 1.04461e-06 2.64465e-06 6.19955e-06 1.35155e-05 2.73283e-05 5.10994e-05 8.90079e-05 0.000146196 0.000225708 0.000315574 0.000389837 0.00043556 0.000457545 0.00046615 0.00046896 0.000469644 0.000469302 0.000467237 0.000460271 0.000441139 0.000399014 0.000327598 0.000238426 0.000157367 9.75113e-05 5.69989e-05 3.11503e-05 1.58148e-05 7.47382e-06 3.2959e-06 1.35251e-06 5.14695e-07 1.81781e-07 5.98263e-08 1.84117e-08 5.3009e-09 1.42443e-09 3.56041e-10 8.2545e-11 1.77239e-11 3.52413e-12 6.49519e-13 1.11152e-13 1.76989e-14 2.62833e-15 3.64864e-16 4.74561e-17 5.79576e-18 6.66001e-19 7.21465e-20 7.38076e-21 7.14241e-22 6.548e-23 5.69516e-24 4.70555e-25 3.69796e-26 2.76741e-27 1.97439e-28 1.34436e-29 8.74549e-31 5.44132e-32 3.24145e-33 1.85081e-34 1.01404e-35 5.33964e-37 
1.93469e-37 1.44362e-38 7.74709e-38 2.36382e-36 6.6606e-35 1.72897e-33 4.15129e-32 9.24863e-31 1.91668e-29 3.70195e-28 6.67328e-27 1.12386e-25 1.76938e-24 2.60487e-23 3.58584e-22 4.61412e-21 5.54627e-20 6.22196e-19 6.5064e-18 6.33275e-17 5.72676e-16 4.80173e-15 3.72435e-14 2.6654e-13 1.75535e-12 1.0609e-11 5.86962e-11 2.96722e-10 1.36956e-09 5.77858e-09 2.23697e-08 7.99245e-08 2.65237e-07 8.202e-07 2.35756e-06 6.26095e-06 1.53177e-05 3.46787e-05 7.30817e-05 0.000143116 0.000259503 0.000438527 0.000699628 0.00105457 0.00145075 0.00177538 0.00197394 0.00206892 0.00210595 0.002118 0.0021209 0.00211934 0.00211014 0.0020792 0.00199445 0.00180826 0.00149319 0.00109997 0.000740964 0.000471384 0.000283315 0.00015925 8.32372e-05 4.05699e-05 1.84702e-05 7.82074e-06 3.0689e-06 1.11809e-06 3.80011e-07 1.20843e-07 3.5923e-08 9.94681e-09 2.55506e-09 6.07129e-10 1.33296e-10 2.70495e-11 5.08083e-12 8.85219e-13 1.43404e-13 2.16559e-14 3.05623e-15 4.04062e-16 5.01601e-17 5.85928e-18 6.45304e-19 6.71296e-20 6.60732e-21 6.16273e-22 5.45487e-23 4.58818e-24 3.67185e-25 2.79917e-26 2.03499e-27 1.41238e-28 9.36816e-30 5.94451e-31 3.61232e-32 2.10433e-33 1.17642e-34 6.32108e-36 
2.18395e-36 1.75063e-37 1.13769e-36 3.28935e-35 8.8187e-34 2.18827e-32 5.04214e-31 1.0816e-29 2.16434e-28 4.0463e-27 7.07521e-26 1.15794e-24 1.77448e-23 2.5464e-22 3.42101e-21 4.30064e-20 5.05501e-19 5.54949e-18 5.68249e-17 5.41834e-16 4.80173e-15 3.9461e-14 2.99982e-13 2.10368e-12 1.35689e-11 8.02544e-11 4.34002e-10 2.14073e-09 9.61797e-09 3.93795e-08 1.47401e-07 5.07487e-07 1.61927e-06 4.81352e-06 1.33179e-05 3.40797e-05 8.02995e-05 0.000174912 0.000354876 0.000670419 0.00117453 0.00191879 0.00296219 0.00434268 0.00586088 0.00709294 0.00784107 0.0081969 0.00833498 0.00837977 0.00839044 0.00838422 0.00834865 0.00822941 0.0079035 0.00718894 0.00598149 0.00447399 0.00308846 0.00202517 0.00125587 0.000728628 0.000393591 0.000198644 9.37099e-05 4.10761e-05 1.66744e-05 6.2889e-06 2.21536e-06 7.30292e-07 2.24699e-07 6.42145e-08 1.69684e-08 4.13494e-09 9.2862e-10 1.92375e-10 3.68337e-11 6.53456e-12 1.0771e-12 1.65414e-13 2.37327e-14 3.18928e-15 4.02399e-16 4.77754e-17 5.34843e-18 5.65644e-19 5.66117e-20 5.3704e-21 4.83598e-22 4.13932e-23 3.37202e-24 2.61748e-25 1.93818e-26 1.37053e-27 9.2643e-29 5.99247e-30 3.71279e-31 2.20561e-32 1.25757e-33 6.8921e-35 
2.26778e-35 1.96648e-36 1.49824e-35 4.1255e-34 1.0571e-32 2.51678e-31 5.58241e-30 1.156e-28 2.23853e-27 4.0584e-26 6.89439e-25 1.098e-23 1.63968e-22 2.29573e-21 3.01245e-20 3.7023e-19 4.25764e-18 4.57601e-17 4.58963e-16 4.28812e-15 3.72435e-14 2.99982e-13 2.23478e-12 1.53527e-11 9.69515e-11 5.60901e-10 2.96305e-09 1.42504e-08 6.22666e-08 2.47107e-07 8.92848e-07 2.95466e-06 9.03211e-06 2.56965e-05 6.8123e-05 0.000167263 0.000378013 0.000788687 0.00153303 0.00278041 0.00468532 0.00736838 0.0109573 0.0155501 0.0205101 0.0244905 0.0268883 0.0280217 0.0284595 0.0286009 0.0286342 0.0286133 0.0284963 0.0281052 0.0270388 0.0247047 0.0207642 0.0158359 0.0112597 0.00764538 0.00491222 0.00295455 0.00165727 0.000870289 0.000427281 0.000194639 8.20634e-05 3.21814e-05 1.18009e-05 4.04737e-06 1.29229e-06 3.81802e-07 1.03894e-07 2.59822e-08 5.97181e-09 1.26349e-09 2.46688e-10 4.45771e-11 7.4781e-12 1.16816e-12 1.70414e-13 2.32799e-14 2.98551e-15 3.6027e-16 4.09951e-17 4.40733e-18 4.4847e-19 4.32626e-20 3.96247e-21 3.45059e-22 2.86057e-23 2.26027e-24 1.70414e-25 1.22729e-26 8.45153e-28 5.57048e-29 3.51757e-30 2.13011e-31 1.23821e-32 6.91904e-34 
2.16631e-34 2.04482e-35 1.77761e-34 4.68097e-33 1.15054e-31 2.63617e-30 5.64297e-29 1.13044e-27 2.12209e-26 3.73645e-25 6.17445e-24 9.57881e-23 1.39511e-21 1.9071e-20 2.44556e-19 2.93955e-18 3.3084e-17 3.48181e-16 3.42088e-15 3.1317e-14 2.6654e-13 2.10368e-12 1.53527e-11 1.03276e-10 6.38138e-10 3.60859e-09 1.86058e-08 8.71617e-08 3.69967e-07 1.42112e-06 4.94742e-06 1.56941e-05 4.57813e-05 0.000124017 0.00031327 0.000734167 0.00158364 0.00314813 0.00582835 0.0100885 0.0162621 0.024495 0.0349021 0.0476702 0.0611458 0.071819 0.0781919 0.0811853 0.082336 0.0827064 0.0827925 0.0827341 0.082415 0.0813521 0.078459 0.072136 0.0614618 0.0480589 0.0354147 0.0250345 0.0167484 0.0105001 0.00615165 0.00338074 0.00173628 0.000825789 0.000363419 0.000148986 5.71616e-05 2.04784e-05 6.80358e-06 2.08165e-06 5.83993e-07 1.50011e-07 3.53126e-08 7.63532e-09 1.52103e-09 2.80102e-10 4.78446e-11 7.60515e-12 1.12845e-12 1.56747e-13 2.04364e-14 2.50696e-15 2.8999e-16 3.16946e-17 3.27907e-18 3.21665e-19 2.99648e-20 2.6545e-21 2.23916e-22 1.80069e-23 1.38209e-24 1.01353e-25 7.1085e-27 4.77293e-28 3.07092e-29 1.89511e-30 1.12276e-31 6.39511e-33 
1.90469e-33 1.96779e-34 1.90799e-33 4.82116e-32 1.14005e-30 2.52002e-29 5.21645e-28 1.01263e-26 1.84533e-25 3.1591e-24 5.08268e-23 7.68637e-22 1.09242e-20 1.45858e-19 1.82833e-18 2.14965e-17 2.36784e-16 2.43992e-15 2.34785e-14 2.10545e-13 1.75535e-12 1.35689e-11 9.69515e-11 6.38138e-10 3.85478e-09 2.1285e-08 1.06987e-07 4.87552e-07 2.00733e-06 7.45051e-06 2.4939e-05 7.56155e-05 0.000209596 0.000537458 0.00128489 0.00285554 0.00584418 0.0110011 0.0192657 0.0316012 0.0484037 0.0694163 0.0942087 0.123004 0.152486 0.175467 0.189058 0.195402 0.19783 0.198608 0.198787 0.198657 0.197961 0.195646 0.189359 0.175631 0.152423 0.123057 0.0946561 0.0700758 0.049104 0.0323015 0.019906 0.0115263 0.0062291 0.00311062 0.00143785 0.000620291 0.000250445 9.41153e-05 3.26241e-05 1.03558e-05 2.9992e-06 7.92199e-07 1.91185e-07 4.22849e-08 8.60189e-09 1.61554e-09 2.81167e-10 4.55057e-11 6.87138e-12 9.70984e-13 1.28756e-13 1.60621e-14 1.88934e-15 2.09986e-16 2.20934e-17 2.20429e-18 2.08878e-19 1.88258e-20 1.61593e-21 1.3226e-22 1.0334e-23 7.71605e-25 5.51126e-26 3.76923e-27 2.47061e-28 1.55346e-29 9.37854e-31 5.44398e-32 
1.54302e-32 1.75297e-33 1.85984e-32 4.522e-31 1.03123e-29 2.20342e-28 4.41782e-27 8.32109e-26 1.47356e-24 2.45469e-23 3.84745e-22 5.67404e-21 7.87116e-20 1.02657e-18 1.25779e-17 1.44628e-16 1.55868e-15 1.57194e-14 1.48074e-13 1.29994e-12 1.0609e-11 8.02544e-11 5.60901e-10 3.60859e-09 2.1285e-08 1.14604e-07 5.607e-07 2.48124e-06 9.88974e-06 3.53934e-05 0.000113632 0.000328292 0.000860842 0.00207621 0.00466032 0.00974325 0.0187842 0.0332468 0.0546476 0.0842479 0.121673 0.16504 0.212066 0.262844 0.312695 0.350779 0.373072 0.383418 0.387364 0.388627 0.388915 0.388694 0.387529 0.383671 0.373209 0.350365 0.311599 0.261834 0.211772 0.165177 0.122045 0.084899 0.055485 0.0341097 0.0195281 0.0103092 0.00504422 0.00230784 0.000986739 0.000390609 0.00014166 4.67435e-05 1.39984e-05 3.80772e-06 9.43398e-07 2.13702e-07 4.44445e-08 8.52207e-09 1.51266e-09 2.49489e-10 3.83695e-11 5.51986e-12 7.44958e-13 9.45661e-14 1.13179e-14 1.27983e-15 1.37005e-16 1.39085e-17 1.34116e-18 1.23016e-19 1.07476e-20 8.95495e-22 7.12374e-23 5.41639e-24 3.94008e-25 2.74478e-26 1.8328e-27 1.17413e-28 7.22261e-30 4.27218e-31 
1.15363e-31 1.44666e-32 1.65243e-31 3.87492e-30 8.5388e-29 1.76646e-27 3.43492e-26 6.28387e-25 1.0822e-23 1.75511e-22 2.68082e-21 3.85595e-20 5.22072e-19 6.64957e-18 7.96055e-17 8.94726e-16 9.42822e-15 9.29888e-14 8.56698e-13 7.35546e-12 5.86962e-11 4.34002e-10 2.96305e-09 1.86058e-08 1.06987e-07 5.607e-07 2.66472e-06 1.14249e-05 4.39737e-05 0.000151326 0.000464617 0.00127469 0.00314775 0.00709331 0.0148159 0.0288597 0.0519649 0.0858084 0.131304 0.188625 0.254804 0.324841 0.393448 0.460683 0.522836 0.56907 0.595841 0.608214 0.612929 0.614438 0.614781 0.614511 0.613099 0.608437 0.595812 0.56821 0.520972 0.458748 0.392125 0.323734 0.253921 0.188339 0.131666 0.0866197 0.0529267 0.0297841 0.0155728 0.00762259 0.00347321 0.00145425 0.000553359 0.000190248 5.90383e-05 1.65708e-05 4.22263e-06 9.81333e-07 2.08978e-07 4.09688e-08 7.42637e-09 1.24978e-09 1.95987e-10 2.87355e-11 3.95111e-12 5.1087e-13 6.22665e-14 7.16985e-15 7.81517e-16 8.0783e-17 7.93161e-18 7.40807e-19 6.59082e-20 5.59247e-21 4.53103e-22 3.50901e-23 2.60017e-24 1.84528e-25 1.25534e-26 8.1937e-28 5.13565e-29 3.09533e-30 
7.97588e-31 1.10711e-31 1.34273e-30 3.04285e-29 6.4903e-28 1.30178e-26 2.45768e-25 4.37054e-24 7.32417e-23 1.15686e-21 1.72222e-20 2.41581e-19 3.19148e-18 3.9679e-17 4.63819e-16 5.09131e-15 5.24032e-14 5.04849e-13 4.54287e-12 3.80892e-11 2.96722e-10 2.14073e-09 1.42504e-08 8.71617e-08 4.87552e-07 2.48124e-06 1.14249e-05 4.73214e-05 0.000175318 0.000578103 0.00169113 0.0043888 0.0101602 0.0212564 0.0409344 0.0734834 0.122367 0.187034 0.264553 0.35168 0.441747 0.527466 0.602389 0.667553 0.722999 0.762791 0.785566 0.796077 0.800092 0.801383 0.801679 0.801451 0.80026 0.796337 0.785724 0.762432 0.721946 0.6663 0.601098 0.525623 0.439586 0.349887 0.263535 0.186842 0.122793 0.0743834 0.0420097 0.0221956 0.0108411 0.00482001 0.00193043 0.000693579 0.000223663 6.49488e-05 1.70637e-05 4.07746e-06 8.90925e-07 1.78917e-07 3.31807e-08 5.70733e-09 9.14108e-10 1.36808e-10 1.91929e-11 2.53113e-12 3.14576e-13 3.69282e-14 4.10293e-15 4.32245e-16 4.32498e-17 4.11634e-18 3.73171e-19 3.22642e-20 2.66351e-21 2.10175e-22 1.58685e-23 1.14746e-24 7.95386e-26 5.28983e-27 3.37831e-28 2.07468e-29 
5.10945e-30 7.86295e-31 1.00063e-29 2.19541e-28 4.5398e-27 8.8397e-26 1.622e-24 2.8061e-23 4.57839e-22 7.04532e-21 1.02233e-19 1.39836e-18 1.80184e-17 2.18538e-16 2.49223e-15 2.66889e-14 2.67961e-13 2.51766e-12 2.20881e-11 1.80488e-10 1.36956e-09 9.61797e-09 6.22666e-08 3.69967e-07 2.00733e-06 9.88974e-06 4.39737e-05 0.000175318 0.000622686 0.00195871 0.00543344 0.0132753 0.0286777 0.0553983 0.097568 0.159695 0.243475 0.342211 0.445944 0.54784 0.640519 0.719015 0.780517 0.828219 0.865342 0.890875 0.905281 0.911918 0.914463 0.915286 0.915477 0.915338 0.9146 0.912175 0.905615 0.891123 0.865409 0.828233 0.780311 0.718048 0.638756 0.545613 0.443724 0.340343 0.242285 0.159637 0.0984246 0.0565585 0.0297567 0.0141037 0.00596879 0.0022499 0.000756765 0.000228133 6.19877e-05 1.52742e-05 3.4336e-06 7.0816e-07 1.34692e-07 2.37354e-08 3.89131e-09 5.95714e-10 8.5437e-11 1.15128e-11 1.46141e-12 1.75155e-13 1.98626e-14 2.13514e-15 2.17934e-16 2.11544e-17 1.95553e-18 1.72374e-19 1.45058e-20 1.16667e-21 8.97727e-23 6.61527e-24 4.67261e-25 3.16639e-26 2.06032e-27 1.28907e-28 
3.03688e-29 5.18236e-30 6.85052e-29 1.45779e-27 2.92712e-26 5.54053e-25 9.89182e-24 1.66633e-22 2.64883e-21 3.97293e-20 5.62074e-19 7.4968e-18 9.41976e-17 1.11397e-15 1.2384e-14 1.29238e-13 1.26394e-12 1.15615e-11 9.86867e-11 7.8398e-10 5.77858e-09 3.93795e-08 2.47107e-07 1.42112e-06 7.45051e-06 3.53934e-05 0.000151326 0.000578103 0.00195871 0.00584541 0.0152853 0.0349518 0.0700957 0.124515 0.199599 0.295728 0.409811 0.528317 0.636632 0.728777 0.802326 0.85786 0.897216 0.924775 0.944437 0.957345 0.964501 0.967788 0.969051 0.969462 0.969559 0.969493 0.969138 0.967971 0.964807 0.957759 0.944951 0.925424 0.897863 0.858165 0.802065 0.727779 0.634792 0.525625 0.406971 0.294046 0.199349 0.125146 0.0711843 0.0361305 0.0162411 0.00645582 0.00227562 0.000715221 0.000201789 5.14647e-05 1.19453e-05 2.53888e-06 4.96878e-07 8.99814e-08 1.51437e-08 2.37766e-09 3.49437e-10 4.82159e-11 6.26279e-12 7.676e-13 8.8965e-14 9.76915e-15 1.01813e-15 1.00868e-16 9.51324e-18 8.55288e-19 7.33899e-20 6.01722e-21 4.71904e-22 3.54358e-23 2.5502e-24 1.76052e-25 1.16687e-26 7.43588e-28 
1.67474e-28 3.16542e-29 4.30977e-28 8.91139e-27 1.74032e-25 3.20688e-24 5.57792e-23 9.15943e-22 1.41987e-20 2.0773e-19 2.86694e-18 3.73002e-17 4.57083e-16 5.26977e-15 5.70853e-14 5.80109e-13 5.52015e-12 4.90825e-11 4.06796e-10 3.1339e-09 2.23697e-08 1.47401e-07 8.92848e-07 4.94742e-06 2.4939e-05 0.000113632 0.000464617 0.00169113 0.00543344 0.0152853 0.0374148 0.0794974 0.147137 0.239671 0.349809 0.469607 0.59204 0.703558 0.793072 0.859593 0.906436 0.938114 0.958561 0.971628 0.980214 0.985582 0.988497 0.989829 0.990342 0.99051 0.990549 0.990524 0.990385 0.989927 0.988682 0.985879 0.980651 0.972245 0.959344 0.938961 0.907205 0.859998 0.792647 0.701813 0.589302 0.467093 0.348071 0.238748 0.147267 0.080502 0.0386878 0.016318 0.00606224 0.00199705 0.000588013 0.000155989 3.75606e-05 8.26395e-06 1.67109e-06 3.12172e-07 5.41149e-08 8.73943e-09 1.31949e-09 1.8682e-10 2.48736e-11 3.12195e-12 3.70212e-13 4.15614e-14 4.42527e-15 4.47635e-16 4.30828e-17 3.95085e-18 3.45655e-19 2.88857e-20 2.30831e-21 1.76575e-22 1.29425e-23 9.09834e-25 6.1398e-26 3.98311e-27 
8.55623e-28 1.78715e-28 2.48871e-27 5.0092e-26 9.53048e-25 1.71227e-23 2.90559e-22 4.6569e-21 7.04804e-20 1.00685e-18 1.35681e-17 1.72329e-16 2.06078e-15 2.31729e-14 2.44648e-13 2.42075e-12 2.24032e-11 1.93467e-10 1.5548e-09 1.15931e-08 7.99245e-08 5.07487e-07 2.95466e-06 1.56941e-05 7.56155e-05 0.000328292 0.00127469 0.0043888 0.0132753 0.0349518 0.0794974 0.155784 0.264452 0.394365 0.526985 0.648388 0.753581 0.83733 0.897108 0.936567 0.961353 0.976462 0.985387 0.990632 0.993822 0.995718 0.996724 0.99718 0.997356 0.997413 0.997427 0.997419 0.997373 0.997222 0.996808 0.995866 0.99406 0.991 0.985923 0.977194 0.962281 0.93757 0.897848 0.837298 0.752588 0.64669 0.524592 0.391697 0.262735 0.155673 0.0805517 0.0362967 0.0143058 0.00497214 0.00153794 0.000427083 0.000107324 2.45755e-05 5.15895e-06 9.98098e-07 1.78797e-07 2.9779e-08 4.62818e-09 6.73417e-10 9.20038e-11 1.18337e-11 1.43639e-12 1.64889e-13 1.79365e-14 1.85218e-15 1.81862e-16 1.70045e-17 1.51616e-18 1.29075e-19 1.05042e-20 8.18057e-22 6.10319e-23 4.3662e-24 2.99796e-25 1.97865e-26 
4.03961e-27 9.29664e-28 1.3166e-26 2.58391e-25 4.79699e-24 8.41525e-23 1.39507e-21 2.18518e-20 3.23284e-19 4.5148e-18 5.94714e-17 7.38171e-16 8.62283e-15 9.46553e-14 9.7474e-13 9.39736e-12 8.46232e-11 7.09887e-10 5.53092e-09 3.98874e-08 2.65237e-07 1.61927e-06 9.03211e-06 4.57813e-05 0.000209596 0.000860842 0.00314775 0.0101602 0.0286777 0.0700957 0.147137 0.264452 0.41026 0.560752 0.692452 0.794691 0.869722 0.921745 0.954948 0.97468 0.98587 0.992064 0.995426 0.997253 0.998285 0.998867 0.999169 0.999304 0.999356 0.999373 0.999377 0.999375 0.999362 0.999318 0.9992 0.998925 0.998385 0.997419 0.995697 0.992493 0.986518 0.975574 0.956005 0.922729 0.870352 0.794588 0.690946 0.557767 0.407055 0.262559 0.147114 0.0712981 0.030046 0.0111107 0.00364033 0.00106632 0.00028149 6.74437e-05 1.47588e-05 2.96631e-06 5.50304e-07 9.46559e-08 1.51561e-08 2.26714e-09 3.1785e-10 4.18869e-11 5.20214e-12 6.10323e-13 6.77859e-14 7.14108e-15 7.14823e-16 6.80993e-17 6.18352e-18 5.35878e-19 4.43787e-20 3.51614e-21 2.66814e-22 1.94108e-23 1.35514e-24 9.09283e-26 
1.75827e-26 4.44405e-27 6.3708e-26 1.22088e-24 2.21459e-23 3.79818e-22 6.1586e-21 9.43817e-20 1.36639e-18 1.8674e-17 2.40696e-16 2.92258e-15 3.33827e-14 3.58105e-13 3.6007e-12 3.38586e-11 2.96978e-10 2.42248e-09 1.83145e-08 1.27835e-07 8.202e-07 4.81352e-06 2.56965e-05 0.000124017 0.000537458 0.00207621 0.00709331 0.0212564 0.0553983 0.124515 0.239671 0.394365 0.560752 0.708101 0.818913 0.892665 0.93882 0.966604 0.982438 0.990964 0.995368 0.997597 0.998713 0.999275 0.999571 0.99973 0.99981 0.999845 0.999859 0.999863 0.999864 0.999864 0.99986 0.99985 0.999819 0.999749 0.999606 0.999337 0.998824 0.997794 0.995708 0.991516 0.983257 0.967693 0.940085 0.893749 0.818991 0.706382 0.557429 0.390903 0.237913 0.12491 0.0568285 0.022585 0.00790911 0.00246124 0.00068607 0.000172587 3.94498e-05 8.24497e-06 1.58446e-06 2.81395e-07 4.63929e-08 7.12915e-09 1.0248e-09 1.38245e-10 1.75517e-11 2.10268e-12 2.38241e-13 2.55836e-14 2.60873e-15 2.53026e-16 2.33803e-17 2.06114e-18 1.73582e-19 1.39821e-20 1.07845e-21 7.97339e-23 5.65629e-24 3.85606e-25 
