4.70013e-56 3.18806e-57 1.87465e-58 5.77913e-58 2.04134e-56 6.79265e-55 2.09596e-53 5.99855e-52 1.59266e-50 3.92372e-49 8.97079e-48 1.90355e-46 3.74899e-45 6.85271e-44 1.16239e-42 1.82934e-41 2.67025e-40 3.61373e-39 4.53217e-38 5.26493e-37 5.66253e-36 5.63633e-35 5.19116e-34 4.42445e-33 3.49137e-32 2.55325e-31 1.73281e-30 1.09311e-29 6.4187e-29 3.51079e-28 1.78792e-27 8.46404e-27 3.7164e-26 1.51053e-25 5.67784e-25 1.97346e-24 6.33977e-24 1.87903e-23 5.12632e-23 1.28741e-22 2.98726e-22 6.41652e-22 1.2624e-21 2.21478e-21 3.36725e-21 4.4183e-21 5.1501e-21 5.55215e-21 5.73221e-21 5.79948e-21 5.81941e-21 5.81749e-21 5.78884e-21 5.69307e-21 5.43924e-21 4.89775e-21 3.99474e-21 2.85407e-21 1.7756e-21 9.7958e-22 4.90723e-22 2.26778e-22 9.72113e-23 3.86564e-23 1.42572e-23 4.88303e-24 1.55604e-24 4.62115e-25 1.28066e-25 3.31603e-26 8.03519e-27 1.82566e-27 3.89758e-28 7.83334e-29 1.48433e-29 2.65463e-30 4.48407e-31 7.15738e-32 1.08009e-32 1.54187e-33 2.08378e-34 2.66867e-35 3.24253e-36 3.74286e-37 4.11044e-38 4.30149e-39 4.29634e-40 4.10249e-41 3.75136e-42 3.29036e-43 2.77281e-44 2.24861e-45 1.75754e-46 1.32602e-47 9.67124e-49 6.82834e-50 4.67342e-51 3.1046e-52 2.00431e-53 1.25942e-54 
3.18806e-57 2.34231e-58 1.39738e-59 2.9136e-59 1.04076e-57 3.53508e-56 1.11336e-54 3.25186e-53 8.81216e-52 2.21721e-50 5.18511e-49 1.12838e-47 2.2878e-46 4.32591e-45 7.63361e-44 1.25747e-42 1.93339e-41 2.77316e-40 3.70782e-39 4.6167e-38 5.34783e-37 5.75784e-36 5.75812e-35 5.34677e-34 4.61029e-33 3.6933e-32 2.75114e-31 1.90724e-30 1.23117e-29 7.39806e-29 4.13242e-28 2.14078e-27 1.02583e-26 4.53734e-26 1.85058e-25 6.95753e-25 2.40908e-24 7.66282e-24 2.23215e-23 5.95336e-23 1.46049e-22 3.30691e-22 6.83489e-22 1.24897e-21 1.94527e-21 2.56687e-21 2.97909e-21 3.19129e-21 3.27948e-21 3.30989e-21 3.31815e-21 3.31684e-21 3.30275e-21 3.25314e-21 3.11361e-21 2.80022e-21 2.25825e-21 1.56677e-21 9.30804e-22 4.85638e-22 2.29104e-22 9.94357e-23 3.98841e-23 1.47696e-23 5.04799e-24 1.59528e-24 4.67405e-25 1.27264e-25 3.22617e-26 7.62824e-27 1.68607e-27 3.49302e-28 6.80256e-29 1.24894e-29 2.16737e-30 3.56271e-31 5.55712e-32 8.23692e-33 1.1616e-33 1.5603e-34 1.99835e-35 2.44275e-36 2.85268e-37 3.1857e-38 3.40514e-39 3.48692e-40 3.42397e-41 3.22711e-42 2.92232e-43 2.54522e-44 2.13446e-45 1.72549e-46 1.34624e-47 1.01495e-48 7.40318e-50 5.23093e-51 3.58475e-52 2.3855e-53 1.54329e-54 9.72221e-56 
1.87465e-58 1.39738e-59 8.46659e-61 1.1183e-60 4.01045e-59 1.38974e-57 4.46716e-56 1.64156e-54 7.80525e-53 3.99802e-51 1.83407e-49 7.15024e-48 2.37267e-46 6.79134e-45 1.69932e-43 3.75833e-42 7.41109e-41 1.31179e-39 2.09514e-38 3.03182e-37 3.98793e-36 4.78084e-35 5.2357e-34 5.24909e-33 4.82777e-32 4.08222e-31 3.18037e-30 2.28751e-29 1.52129e-28 9.36059e-28 5.32636e-27 2.79864e-26 1.35523e-25 6.03896e-25 2.47486e-24 9.3293e-24 3.23351e-23 1.02824e-22 2.99112e-22 7.95809e-22 1.94585e-21 4.39068e-21 9.04988e-21 1.65065e-20 2.56661e-20 3.38023e-20 3.91588e-20 4.18912e-20 4.30147e-20 4.33971e-20 4.3499e-20 4.34798e-20 4.32943e-20 4.26416e-20 4.08037e-20 3.66713e-20 2.95257e-20 2.04262e-20 1.20934e-20 6.29131e-21 2.96171e-21 1.28278e-21 5.12912e-22 1.88988e-22 6.41249e-23 2.00671e-23 5.80461e-24 1.55462e-24 3.85927e-25 8.88875e-26 1.90198e-26 3.78737e-27 7.03118e-28 1.21897e-28 1.97593e-29 2.99718e-30 4.256e-31 5.65885e-32 7.04625e-33 8.21843e-34 8.98228e-35 9.20469e-36 8.85156e-37 7.99645e-38 6.79592e-39 5.44296e-40 4.11726e-41 2.94962e-42 2.00829e-43 1.30537e-44 8.14628e-46 4.91571e-47 2.89283e-48 1.67617e-49 9.65458e-51 5.57258e-52 3.2391e-53 1.89785e-54 1.11805e-55 6.59476e-57 
5.77913e-58 2.9136e-59 1.1183e-60 7.93236e-62 1.46358e-60 5.16263e-59 3.53763e-55 4.85504e-53 3.72328e-51 2.03497e-49 8.73655e-48 3.10004e-46 9.37638e-45 2.46695e-43 5.72632e-42 1.18467e-40 2.20082e-39 3.69219e-38 5.61761e-37 7.77704e-36 9.82175e-35 1.13392e-33 1.19891e-32 1.16288e-31 1.03654e-30 8.50651e-30 6.43999e-29 4.50625e-28 2.91878e-27 1.75127e-26 9.72958e-26 4.99787e-25 2.36889e-24 1.03425e-23 4.15646e-23 1.53777e-22 5.23619e-22 1.63771e-21 4.69123e-21 1.23022e-20 2.96697e-20 6.60946e-20 1.34724e-19 2.43658e-19 3.76841e-19 4.95009e-19 5.72913e-19 6.12779e-19 6.29244e-19 6.3488e-19 6.36386e-19 6.36087e-19 6.33296e-19 6.23574e-19 5.96431e-19 5.35845e-19 4.31655e-19 2.99374e-19 1.78176e-19 9.34399e-20 4.44426e-20 1.94748e-20 7.88438e-21 2.94344e-21 1.01274e-21 3.21663e-22 9.45164e-23 2.5733e-23 6.49788e-24 1.52327e-24 3.31979e-25 6.73815e-26 1.27606e-26 2.25841e-27 3.73967e-28 5.79774e-29 8.41806e-30 1.14483e-30 1.45838e-31 1.74047e-32 1.9465e-33 2.04098e-34 2.00769e-35 1.85428e-36 1.60948e-37 1.31429e-38 1.01091e-39 7.3336e-41 5.02496e-42 3.25714e-43 2.00064e-44 1.16662e-45 6.47115e-47 3.42172e-48 1.7286e-49 8.3628e-51 3.88399e-52 1.73607e-53 7.48765e-55 3.12523e-56 
2.04134e-56 1.04076e-57 4.01045e-59 1.46358e-60 1.05241e-61 3.75461e-55 5.34738e-53 4.2468e-51 2.40506e-49 1.07095e-47 3.94591e-46 1.2408e-44 3.39844e-43 8.2233e-42 1.776e-40 3.44945e-39 6.05935e-38 9.66771e-37 1.40557e-35 1.86673e-34 2.26906e-33 2.52822e-32 2.58566e-31 2.43042e-30 2.10257e-29 1.67676e-28 1.23485e-27 8.41338e-27 5.31136e-26 3.10935e-25 1.68746e-24 8.47767e-24 3.93443e-23 1.68356e-22 6.63649e-22 2.4102e-21 8.06347e-21 2.48071e-20 6.99765e-20 1.80871e-19 4.30249e-19 9.46215e-19 1.90741e-18 3.42079e-18 5.26239e-18 6.89417e-18 7.97103e-18 8.52357e-18 8.75267e-18 8.83148e-18 8.85259e-18 8.84817e-18 8.80833e-18 8.67085e-18 8.29004e-18 7.44574e-18 6.00124e-18 4.17249e-18 2.49621e-18 1.31966e-18 6.34181e-19 2.81172e-19 1.15262e-19 4.3599e-20 1.52115e-20 4.9037e-21 1.46366e-21 4.05071e-22 1.04035e-22 2.48207e-23 5.50905e-24 1.13965e-24 2.20148e-25 3.97727e-26 6.72733e-27 1.06594e-27 1.58253e-28 2.2015e-29 2.86981e-30 3.50612e-31 4.01586e-32 4.31453e-33 4.35097e-34 4.12192e-35 3.6719e-36 3.07909e-37 2.43334e-38 1.81458e-39 1.27859e-40 8.52512e-42 5.38714e-43 3.23171e-44 1.84376e-45 1.00231e-46 5.20243e-48 2.58364e-49 1.23034e-50 5.63058e-52 2.48187e-53 1.05624e-54 
6.79265e-55 3.53508e-56 1.38974e-57 5.16263e-59 3.75461e-55 5.52414e-53 4.53606e-51 2.65855e-49 1.2264e-47 4.68635e-46 1.53009e-44 4.3568e-43 1.09743e-41 2.47067e-40 5.00948e-39 9.2e-38 1.53699e-36 2.3434e-35 3.26871e-34 4.17879e-33 4.90305e-32 5.28561e-31 5.24015e-30 4.78216e-29 4.0217e-28 3.12091e-27 2.2384e-26 1.48639e-25 9.15271e-25 5.23106e-24 2.77453e-23 1.36382e-22 6.19952e-22 2.60074e-21 1.00581e-20 3.58624e-20 1.17894e-19 3.56774e-19 9.91058e-19 2.52478e-18 5.9234e-18 1.28597e-17 2.56359e-17 4.55915e-17 6.9762e-17 9.11446e-17 1.05264e-16 1.12524e-16 1.15544e-16 1.16587e-16 1.16867e-16 1.16806e-16 1.16267e-16 1.14425e-16 1.09359e-16 9.81967e-17 7.91905e-17 5.51936e-17 3.31902e-17 1.76885e-17 8.58927e-18 3.85324e-18 1.59945e-18 6.13011e-19 2.16879e-19 7.09584e-20 2.1513e-20 6.05129e-21 1.58047e-21 3.83674e-22 8.67068e-23 1.82767e-23 3.60013e-24 6.63688e-25 1.14616e-25 1.85504e-26 2.8141e-27 4.00128e-28 5.33273e-29 6.66301e-30 7.8077e-31 8.58529e-32 8.86515e-33 8.60394e-34 7.85633e-35 6.7565e-36 5.47906e-37 4.19474e-38 3.03585e-39 2.07983e-40 1.35076e-41 8.32924e-43 4.88452e-44 2.72891e-45 1.45517e-46 7.42068e-48 3.62626e-49 1.70163e-50 7.68394e-52 3.34692e-53 
2.09596e-53 1.11336e-54 4.46716e-56 3.53763e-55 5.34738e-53 4.53606e-51 2.74878e-49 1.31229e-47 5.19488e-46 1.75905e-44 5.20059e-43 1.36184e-41 3.19154e-40 6.74553e-39 1.29324e-37 2.25885e-36 3.60628e-35 5.27548e-34 7.08393e-33 8.74297e-32 9.92701e-31 1.03765e-29 9.99116e-29 8.86708e-28 7.25935e-27 5.48841e-26 3.83752e-25 2.48564e-24 1.49386e-23 8.33937e-23 4.32436e-22 2.08035e-21 9.26471e-21 3.81101e-20 1.44618e-19 5.06269e-19 1.63535e-18 4.86789e-18 1.33151e-17 3.34299e-17 7.73429e-17 1.65734e-16 3.267e-16 5.76128e-16 8.76828e-16 1.14236e-15 1.31771e-15 1.40803e-15 1.44571e-15 1.45876e-15 1.46227e-15 1.46146e-15 1.45457e-15 1.4312e-15 1.36738e-15 1.22756e-15 9.90551e-16 6.9207e-16 4.18322e-16 2.24767e-16 1.10297e-16 5.00725e-17 2.10483e-17 8.17436e-18 2.93282e-18 9.7394e-19 2.99928e-19 8.57439e-20 2.27717e-20 5.62417e-21 1.29394e-21 2.77868e-22 5.58013e-23 1.0494e-23 1.84962e-24 3.05628e-25 4.73459e-26 6.87582e-27 9.36127e-28 1.19511e-28 1.43132e-29 1.60912e-30 1.69948e-31 1.68781e-32 1.57783e-33 1.38997e-34 1.15521e-35 9.06887e-37 6.73329e-38 4.73427e-39 3.15663e-40 1.99879e-41 1.20377e-42 6.90641e-44 3.78125e-45 1.97912e-46 9.92159e-48 4.77317e-49 2.20809e-50 9.84485e-52 
5.99855e-52 3.25186e-53 1.64156e-54 4.85504e-53 4.2468e-51 2.65855e-49 1.31229e-47 5.37623e-46 1.88592e-44 5.78246e-43 1.57219e-41 3.83037e-40 8.4273e-39 1.68418e-37 3.07089e-36 5.12585e-35 7.85196e-34 1.10583e-32 1.43369e-31 1.71256e-30 1.88582e-29 1.915e-28 1.79379e-27 1.55042e-26 1.23721e-25 9.12283e-25 6.2239e-24 3.93496e-23 2.30934e-22 1.25964e-21 6.3874e-21 3.00783e-20 1.31247e-19 5.29422e-19 1.97133e-18 6.77544e-18 2.1503e-17 6.29495e-17 1.69521e-16 4.19377e-16 9.56625e-16 2.02288e-15 3.94231e-15 6.89303e-15 1.04335e-14 1.35533e-14 1.56131e-14 1.66751e-14 1.71192e-14 1.72735e-14 1.7315e-14 1.73048e-14 1.72217e-14 1.69415e-14 1.61811e-14 1.45244e-14 1.17275e-14 8.21383e-15 4.99084e-15 2.70397e-15 1.3412e-15 6.1628e-16 2.62386e-16 1.03272e-16 3.75805e-17 1.26687e-17 3.96321e-18 1.15157e-18 3.10982e-19 7.81401e-20 1.83012e-20 4.00362e-21 8.19587e-22 1.57203e-22 2.82702e-23 4.76718e-24 7.53741e-25 1.11729e-25 1.55279e-26 2.02385e-27 2.47506e-28 2.8421e-29 3.06705e-30 3.1136e-31 2.97669e-32 2.68304e-33 2.28272e-34 1.83543e-35 1.39641e-36 1.00653e-37 6.88261e-39 4.47071e-40 2.76257e-41 1.62634e-42 9.13597e-44 4.90526e-45 2.52167e-46 1.24342e-47 5.89208e-49 2.68901e-50 
1.59266e-50 8.81216e-52 7.80525e-53 3.72328e-51 2.40506e-49 1.2264e-47 5.19488e-46 1.88592e-44 5.99037e-43 1.68912e-41 4.2728e-40 9.77276e-39 2.03304e-37 3.86416e-36 6.73332e-35 1.0784e-33 1.59043e-32 2.16275e-31 2.71407e-30 3.14466e-29 3.36479e-28 3.325e-27 3.03439e-26 2.55755e-25 1.99148e-24 1.43352e-23 9.54983e-23 5.89677e-22 3.38073e-21 1.8022e-20 8.93749e-20 4.11974e-19 1.76134e-18 6.967e-18 2.54536e-17 8.58786e-17 2.67725e-16 7.7062e-16 2.04263e-15 4.97794e-15 1.11922e-14 2.33481e-14 4.49742e-14 7.79535e-14 1.17334e-13 1.51953e-13 1.74795e-13 1.86579e-13 1.91513e-13 1.93233e-13 1.93695e-13 1.93575e-13 1.92628e-13 1.89459e-13 1.80908e-13 1.62369e-13 1.31192e-13 9.21174e-14 5.62721e-14 3.0749e-14 1.54209e-14 7.174e-15 3.09437e-15 1.23459e-15 4.55782e-16 1.56008e-16 4.95876e-17 1.46464e-17 4.02224e-18 1.02828e-18 2.45185e-19 5.4643e-20 1.14027e-20 2.23047e-21 4.09163e-22 7.03883e-23 1.13534e-23 1.71679e-24 2.43392e-25 3.2362e-26 4.03794e-27 4.73182e-28 5.21259e-29 5.40381e-30 5.27789e-31 4.86234e-32 4.23035e-33 3.47999e-34 2.71008e-35 2.00043e-36 1.40135e-37 9.32862e-39 5.90895e-40 3.56641e-41 2.05406e-42 1.13062e-43 5.95726e-45 3.00971e-46 1.46054e-47 6.82219e-49 
3.92372e-49 2.21721e-50 3.99802e-51 2.03497e-49 1.07095e-47 4.68635e-46 1.75905e-44 5.78246e-43 1.68912e-41 4.43124e-40 1.05231e-38 2.27577e-37 4.50261e-36 8.17848e-35 1.3674e-33 2.10852e-32 3.0027e-31 3.9526e-30 4.81178e-29 5.41821e-28 5.64289e-27 5.43433e-26 4.83806e-25 3.981e-24 3.0278e-23 2.1294e-22 1.38609e-21 8.36288e-21 4.68517e-20 2.44121e-19 1.18397e-18 5.34167e-18 2.23733e-17 8.67677e-17 3.10976e-16 1.02971e-15 3.1523e-15 8.91836e-15 2.32596e-14 5.58196e-14 1.23657e-13 2.54388e-13 4.84159e-13 8.31692e-13 1.24463e-12 1.60669e-12 1.8453e-12 1.96842e-12 2.02003e-12 2.03805e-12 2.04288e-12 2.04156e-12 2.0314e-12 1.99765e-12 1.90707e-12 1.71156e-12 1.38397e-12 9.74305e-13 5.98488e-13 3.29948e-13 1.67369e-13 7.88591e-14 3.44709e-14 1.3946e-14 5.22502e-15 1.81653e-15 5.86818e-16 1.76227e-16 4.92244e-17 1.28059e-17 3.10915e-18 7.06015e-19 1.50194e-19 2.99611e-20 5.60565e-21 9.83509e-22 1.61768e-22 2.49403e-23 3.60463e-24 4.88595e-25 6.21529e-26 7.42656e-27 8.34412e-28 8.82545e-29 8.79785e-30 8.27617e-31 7.35579e-32 6.18455e-33 4.92486e-34 3.71891e-35 2.66627e-36 1.81718e-37 1.17882e-38 7.28812e-40 4.30028e-41 2.42497e-42 1.30885e-43 6.77206e-45 3.36439e-46 1.6081e-47 
8.97079e-48 5.18511e-49 1.83407e-49 8.73655e-48 3.94591e-46 1.53009e-44 5.20059e-43 1.57219e-41 4.2728e-40 1.05231e-38 2.36289e-37 4.85996e-36 9.18898e-35 1.6015e-33 2.57803e-32 3.83863e-31 5.29185e-30 6.75795e-29 7.99616e-28 8.76522e-27 8.89853e-26 8.36267e-25 7.27139e-24 5.84718e-23 4.34752e-22 2.98942e-21 1.90241e-20 1.12198e-19 6.14342e-19 3.1288e-18 1.48381e-17 6.55072e-17 2.68724e-16 1.0215e-15 3.59044e-15 1.16637e-14 3.50485e-14 9.74157e-14 2.49868e-13 5.90236e-13 1.28773e-12 2.61115e-12 4.90799e-12 8.35283e-12 1.24251e-11 1.5985e-11 1.83277e-11 1.95359e-11 2.00427e-11 2.02198e-11 2.02672e-11 2.02535e-11 2.01513e-11 1.98135e-11 1.89117e-11 1.69733e-11 1.37363e-11 9.697e-12 5.9914e-12 3.33395e-12 1.71139e-12 8.17047e-13 3.62093e-13 1.48611e-13 5.6531e-14 1.99708e-14 6.55931e-15 2.00345e-15 5.69359e-16 1.50773e-16 3.72851e-17 8.62889e-18 1.87172e-18 3.80794e-19 7.26595e-20 1.29985e-20 2.1794e-21 3.42422e-22 5.04251e-23 6.96331e-24 9.02426e-25 1.09868e-25 1.25801e-26 1.3564e-27 1.37888e-28 1.3233e-29 1.20039e-30 1.03054e-31 8.38334e-33 6.46994e-34 4.74281e-35 3.30632e-36 2.19459e-37 1.38867e-38 8.38756e-40 4.84215e-41 2.6755e-42 1.41698e-43 7.20394e-45 3.52249e-46 
1.90355e-46 1.12838e-47 7.15024e-48 3.10004e-46 1.2408e-44 4.3568e-43 1.36184e-41 3.83037e-40 9.77276e-39 2.27577e-37 4.85996e-36 9.55257e-35 1.73303e-33 2.90806e-32 4.52039e-31 6.51587e-30 8.71482e-29 1.08178e-27 1.24619e-26 1.33182e-25 1.31972e-24 1.2117e-23 1.03005e-22 8.10185e-22 5.89349e-21 3.96465e-20 2.46783e-19 1.4231e-18 7.61663e-18 3.79118e-17 1.75758e-16 7.58998e-16 3.04817e-15 1.13528e-14 3.91171e-14 1.24609e-13 3.67335e-13 1.00246e-12 2.52731e-12 5.87297e-12 1.26116e-11 2.51912e-11 4.67366e-11 7.87682e-11 1.16433e-10 1.4925e-10 1.70804e-10 1.81911e-10 1.8657e-10 1.88199e-10 1.88634e-10 1.885e-10 1.87536e-10 1.8437e-10 1.75954e-10 1.57935e-10 1.27939e-10 9.05859e-11 5.63178e-11 3.16487e-11 1.645e-11 7.96208e-12 3.57931e-12 1.49108e-12 5.76213e-13 2.06962e-13 6.91462e-14 2.14896e-14 6.21605e-15 1.67627e-15 4.22396e-16 9.96674e-17 2.20503e-17 4.57583e-18 8.90429e-19 1.62396e-19 2.77467e-20 4.44084e-21 6.65968e-22 9.36375e-23 1.23552e-23 1.53159e-24 1.78592e-25 1.96147e-26 2.03177e-27 1.98756e-28 1.83857e-29 1.61029e-30 1.337e-31 1.05361e-32 7.88987e-34 5.62088e-35 3.8141e-36 2.46801e-37 1.52473e-38 9.00469e-40 5.0902e-41 2.75787e-42 1.43415e-43 7.17108e-45 
3.74899e-45 2.2878e-46 2.37267e-46 9.37638e-45 3.39844e-43 1.09743e-41 3.19154e-40 8.4273e-39 2.03304e-37 4.50261e-36 9.18898e-35 1.73303e-33 3.02713e-32 4.90503e-31 7.38119e-30 1.03226e-28 1.34203e-27 1.622e-26 1.82189e-25 1.90078e-24 1.84059e-23 1.65273e-22 1.37484e-21 1.05855e-20 7.53849e-20 4.96409e-19 3.02353e-18 1.70519e-17 8.9208e-17 4.33878e-16 1.96552e-15 8.29816e-15 3.26071e-14 1.18921e-13 4.01457e-13 1.25329e-12 3.62197e-12 9.69766e-12 2.40134e-11 5.48575e-11 1.15868e-10 2.27822e-10 4.16904e-10 6.95433e-10 1.0211e-09 1.30383e-09 1.48909e-09 1.58441e-09 1.62438e-09 1.63836e-09 1.64208e-09 1.64086e-09 1.63238e-09 1.60466e-09 1.53127e-09 1.37472e-09 1.11488e-09 7.91947e-10 4.95666e-10 2.81499e-10 1.4826e-10 7.28013e-11 3.32194e-11 1.40559e-11 5.52202e-12 2.01792e-12 6.86226e-13 2.17125e-13 6.39603e-14 1.75744e-14 4.51507e-15 1.08677e-15 2.45326e-16 5.19401e-17 1.03081e-17 1.91633e-18 3.33568e-19 5.43629e-20 8.29835e-21 1.18737e-21 1.59419e-22 2.01092e-23 2.38635e-24 2.66787e-25 2.81382e-26 2.80366e-27 2.64263e-28 2.35934e-29 1.9977e-30 1.60613e-31 1.22758e-32 8.92973e-34 6.18927e-35 4.0921e-36 2.58381e-37 1.55988e-38 9.0149e-40 4.99364e-41 2.65477e-42 1.35688e-43 
6.85271e-44 4.32591e-45 6.79134e-45 2.46695e-43 8.2233e-42 2.47067e-40 6.74553e-39 1.68418e-37 3.86416e-36 8.17848e-35 1.6015e-33 2.90806e-32 4.90503e-31 7.69426e-30 1.12336e-28 1.52714e-27 1.93321e-26 2.27835e-25 2.49853e-24 2.5477e-23 2.41325e-22 2.12114e-21 1.72801e-20 1.3033e-19 9.09181e-19 5.86312e-18 3.49547e-17 1.92825e-16 9.85981e-16 4.68435e-15 2.07248e-14 8.54819e-14 3.28405e-13 1.17198e-12 3.87351e-12 1.18418e-11 3.35215e-11 8.79772e-11 2.13778e-10 4.79692e-10 9.95728e-10 1.92553e-09 3.47259e-09 5.72927e-09 8.35217e-09 1.06201e-08 1.21019e-08 1.2863e-08 1.31818e-08 1.32932e-08 1.33228e-08 1.33125e-08 1.32431e-08 1.30171e-08 1.24214e-08 1.11548e-08 9.05846e-09 6.45791e-09 4.07161e-09 2.33883e-09 1.24929e-09 6.22851e-10 2.88708e-10 1.2418e-10 4.96398e-11 1.84715e-11 6.39853e-12 2.06257e-12 6.19196e-13 1.73481e-13 4.54742e-14 1.11727e-14 2.5747e-15 5.56316e-16 1.12611e-16 2.1338e-17 3.78309e-18 6.27598e-19 9.74747e-20 1.41866e-20 1.93713e-21 2.48503e-22 2.99938e-23 3.41115e-24 3.66084e-25 3.71276e-26 3.56325e-27 3.24046e-28 2.79593e-29 2.29157e-30 1.78623e-31 1.32565e-32 9.37767e-34 6.33013e-35 4.0819e-36 2.51726e-37 1.4863e-38 8.41218e-40 4.56945e-41 2.38613e-42 
1.16239e-42 7.63361e-44 1.69932e-43 5.72632e-42 1.776e-40 5.00948e-39 1.29324e-37 3.07089e-36 6.73332e-35 1.3674e-33 2.57803e-32 4.52039e-31 7.38119e-30 1.12336e-28 1.59432e-27 2.11041e-26 2.60515e-25 2.99773e-24 3.21329e-23 3.20558e-22 2.97289e-21 2.55982e-20 2.04367e-19 1.51076e-18 1.03288e-17 6.52555e-17 3.80894e-16 2.05539e-15 1.02708e-14 4.76456e-14 2.05733e-13 8.28296e-13 3.10822e-12 1.08438e-11 3.50574e-11 1.04855e-10 2.90445e-10 7.46378e-10 1.77783e-09 3.91437e-09 7.97731e-09 1.51564e-08 2.69102e-08 4.38755e-08 6.34678e-08 8.03332e-08 9.13168e-08 9.69451e-08 9.92989e-08 1.00121e-07 1.00338e-07 1.00258e-07 9.97307e-08 9.80245e-08 9.35416e-08 8.404e-08 6.83545e-08 4.8931e-08 3.11019e-08 1.8089e-08 9.80944e-09 4.97042e-09 2.34263e-09 1.02533e-09 4.17488e-10 1.58351e-10 5.59259e-11 1.83824e-11 5.62889e-12 1.60954e-12 4.30861e-13 1.08143e-13 2.54559e-14 5.61535e-15 1.15953e-15 2.23931e-16 4.04298e-17 6.82539e-18 1.0782e-18 1.59549e-19 2.21463e-20 2.88787e-21 3.54328e-22 4.09703e-23 4.47139e-24 4.61288e-25 4.50482e-26 4.1701e-27 3.66387e-28 3.05908e-29 2.43e-30 1.83856e-31 1.32642e-32 9.13443e-34 6.01099e-35 3.78389e-36 2.28103e-37 1.31827e-38 7.31235e-40 3.89926e-41 
1.82934e-41 1.25747e-42 3.75833e-42 1.18467e-40 3.44945e-39 9.2e-38 2.25885e-36 5.12585e-35 1.0784e-33 2.10852e-32 3.83863e-31 6.51587e-30 1.03226e-28 1.52714e-27 2.11041e-26 2.72413e-25 3.28342e-24 3.69318e-23 3.87336e-22 3.78373e-21 3.4383e-20 2.90223e-19 2.272e-18 1.64701e-17 1.104e-16 6.83524e-16 3.90683e-15 2.06227e-14 1.00686e-13 4.55824e-13 1.91938e-12 7.53495e-12 2.75859e-11 9.39746e-11 2.96854e-10 8.67689e-10 2.34895e-09 5.90259e-09 1.3764e-08 2.97001e-08 5.93542e-08 1.10659e-07 1.93193e-07 3.10961e-07 4.46022e-07 5.61715e-07 6.36776e-07 6.75132e-07 6.91141e-07 6.96722e-07 6.98186e-07 6.97609e-07 6.93924e-07 6.82043e-07 6.50925e-07 5.85161e-07 4.76861e-07 3.42971e-07 2.20001e-07 1.29715e-07 7.15034e-08 3.6864e-08 1.76868e-08 7.88704e-09 3.27529e-09 1.26782e-09 4.57026e-10 1.53337e-10 4.7945e-11 1.4008e-11 3.83363e-12 9.83902e-13 2.36738e-13 5.33376e-14 1.12373e-14 2.21181e-15 4.06598e-16 6.98352e-17 1.12169e-17 1.68702e-18 2.37947e-19 3.15261e-20 3.93029e-21 4.61815e-22 5.12277e-23 5.37288e-24 5.33597e-25 5.02489e-26 4.4928e-27 3.81875e-28 3.08925e-29 2.38122e-30 1.75079e-31 1.22917e-32 8.24875e-34 5.29675e-35 3.25783e-36 1.92133e-37 1.08767e-38 5.91958e-40 
2.67025e-40 1.93339e-41 7.41109e-41 2.20082e-39 6.05935e-38 1.53699e-36 3.60628e-35 7.85196e-34 1.59043e-32 3.0027e-31 5.29185e-30 8.71482e-29 1.34203e-27 1.93321e-26 2.60515e-25 3.28342e-24 3.86852e-23 4.25761e-22 4.37281e-21 4.18598e-20 3.72956e-19 3.08776e-18 2.37138e-17 1.6864e-16 1.10864e-15 6.72795e-15 3.76598e-14 1.94447e-13 9.27255e-13 4.09428e-12 1.6796e-11 6.42115e-11 2.29022e-10 7.60735e-10 2.34482e-09 6.68895e-09 1.76714e-08 4.33542e-08 9.8815e-08 2.0866e-07 4.08335e-07 7.45965e-07 1.27869e-06 2.02927e-06 2.88351e-06 3.61128e-06 4.08145e-06 4.32091e-06 4.42061e-06 4.4553e-06 4.46433e-06 4.46053e-06 4.43691e-06 4.36105e-06 4.16296e-06 3.74545e-06 3.05946e-06 2.21264e-06 1.43413e-06 8.58526e-07 4.81759e-07 2.53062e-07 1.23769e-07 5.6316e-08 2.38885e-08 9.45048e-09 3.48172e-09 1.19392e-09 3.81706e-10 1.14108e-10 3.19687e-11 8.39891e-12 2.06733e-12 4.75951e-13 1.02332e-13 2.05286e-14 3.842e-15 6.7122e-16 1.09592e-16 1.67474e-17 2.39947e-18 3.22895e-19 4.08856e-20 4.87987e-21 5.49934e-22 5.86104e-23 5.9164e-24 5.66471e-25 5.15128e-26 4.45466e-27 3.66769e-28 2.87831e-29 2.15536e-30 1.54167e-31 1.05437e-32 6.9018e-34 4.32844e-35 2.60339e-36 1.50326e-37 8.34565e-39 
3.61373e-39 2.77316e-40 1.31179e-39 3.69219e-38 9.66771e-37 2.3434e-35 5.27548e-34 1.10583e-32 2.16275e-31 3.9526e-30 6.75795e-29 1.08178e-27 1.622e-26 2.27835e-25 2.99773e-24 3.69318e-23 4.25761e-22 4.58885e-21 4.61877e-20 4.33555e-19 3.78944e-18 3.07861e-17 2.32035e-16 1.61923e-15 1.0442e-14 6.21211e-14 3.40536e-13 1.71958e-12 8.00632e-12 3.4455e-11 1.37553e-10 5.11349e-10 1.77375e-09 5.73488e-09 1.72198e-08 4.7863e-08 1.23188e-07 2.94515e-07 6.54897e-07 1.3509e-06 2.58435e-06 4.61821e-06 7.75883e-06 1.21214e-05 1.70447e-05 2.12138e-05 2.38944e-05 2.52544e-05 2.58191e-05 2.60151e-05 2.60657e-05 2.60429e-05 2.5905e-05 2.5464e-05 2.43156e-05 2.1901e-05 1.79424e-05 1.30616e-05 8.56783e-06 5.21709e-06 2.98536e-06 1.60038e-06 7.99244e-07 3.71737e-07 1.61365e-07 6.53529e-08 2.46455e-08 8.65101e-09 2.83268e-09 8.67902e-10 2.49301e-10 6.71309e-11 1.69184e-11 3.98224e-12 8.73986e-13 1.78708e-13 3.40484e-14 6.04981e-15 1.00389e-15 1.5584e-16 2.26746e-17 3.09825e-18 3.98327e-19 4.82747e-20 5.52484e-21 5.98087e-22 6.13381e-23 5.96829e-24 5.51715e-25 4.85154e-26 4.06315e-27 3.24458e-28 2.47305e-29 1.80109e-30 1.25458e-31 8.36667e-33 5.34705e-34 3.27798e-35 1.92954e-36 1.09217e-37 
4.53217e-38 3.70782e-39 2.09514e-38 5.61761e-37 1.40557e-35 3.26871e-34 7.08393e-33 1.43369e-31 2.71407e-30 4.81178e-29 7.99616e-28 1.24619e-26 1.82189e-25 2.49853e-24 3.21329e-23 3.87336e-22 4.37281e-21 4.61877e-20 4.55872e-19 4.19821e-18 3.60122e-17 2.8719e-16 2.12481e-15 1.45529e-14 9.2069e-14 5.36957e-13 2.8824e-12 1.42315e-11 6.46651e-11 2.71008e-10 1.05159e-09 3.79486e-09 1.27761e-08 4.01222e-08 1.17123e-07 3.1659e-07 7.92198e-07 1.84158e-06 3.98612e-06 8.01509e-06 1.49593e-05 2.60957e-05 4.28796e-05 6.58211e-05 9.14653e-05 0.000113036 0.000126831 0.000133801 0.000136685 0.000137683 0.000137938 0.000137815 0.000137088 0.000134773 0.000128759 0.000116144 9.55022e-05 7.00763e-05 4.66118e-05 2.89334e-05 1.6918e-05 9.27365e-06 4.73872e-06 2.2579e-06 1.00518e-06 4.17591e-07 1.61496e-07 5.8138e-08 1.95361e-08 6.14713e-09 1.81363e-09 5.01245e-10 1.29464e-10 3.11729e-11 6.98567e-12 1.45608e-12 2.82418e-13 5.10321e-14 8.60535e-15 1.35681e-15 2.00445e-16 2.78041e-17 3.62862e-18 4.46419e-19 5.1869e-20 5.70145e-21 5.93844e-22 5.86971e-23 5.51344e-24 4.92779e-25 4.19597e-26 3.40767e-27 2.64239e-28 1.95838e-29 1.38863e-30 9.4294e-32 6.13761e-33 3.83301e-34 2.29887e-35 1.32599e-36 
5.26493e-37 4.6167e-38 3.03182e-37 7.77704e-36 1.86673e-34 4.17879e-33 8.74297e-32 1.71256e-30 3.14466e-29 5.41821e-28 8.76522e-27 1.33182e-25 1.90078e-24 2.5477e-23 3.20558e-22 3.78373e-21 4.18598e-20 4.33555e-19 4.19821e-18 3.79454e-17 3.19544e-16 2.50199e-15 1.81738e-14 1.22173e-13 7.58263e-13 4.33483e-12 2.2782e-11 1.09945e-10 4.87267e-10 1.98694e-09 7.48333e-09 2.6164e-08 8.52893e-08 2.59494e-07 7.3464e-07 1.92666e-06 4.6759e-06 1.05414e-05 2.21501e-05 4.33037e-05 7.86592e-05 0.000133627 0.000214208 0.000322321 0.000441863 0.000541661 0.000605111 0.000637014 0.000650165 0.000654702 0.000655852 0.000655253 0.000651832 0.000640963 0.000612802 0.000553853 0.000457559 0.000339008 0.000229221 0.000145429 8.71025e-05 4.89357e-05 2.56487e-05 1.25529e-05 5.74598e-06 2.4544e-06 9.75557e-07 3.61012e-07 1.24799e-07 4.04238e-08 1.2275e-08 3.48724e-09 9.24014e-10 2.27735e-10 5.21262e-11 1.10775e-11 2.18744e-12 4.01976e-13 6.88804e-14 1.103e-14 1.65436e-15 2.3293e-16 3.08531e-17 3.85246e-18 4.54329e-19 5.06955e-20 5.36107e-21 5.38123e-22 5.13423e-23 4.66236e-24 4.03465e-25 3.331e-26 2.62654e-27 1.98006e-28 1.42852e-29 9.87226e-31 6.54144e-32 4.15959e-33 2.54064e-34 1.49266e-35 
5.66253e-36 5.34783e-37 3.98793e-36 9.82175e-35 2.26906e-33 4.90305e-32 9.92701e-31 1.88582e-29 3.36479e-28 5.64289e-27 8.89853e-26 1.31972e-24 1.84059e-23 2.41325e-22 2.97289e-21 3.4383e-20 3.72956e-19 3.78944e-18 3.60122e-17 3.19544e-16 2.64219e-15 2.03138e-14 1.44866e-13 9.55787e-13 5.81857e-12 3.2598e-11 1.67677e-10 7.90579e-10 3.41523e-09 1.35366e-08 4.94093e-08 1.67007e-07 5.25669e-07 1.54477e-06 4.22869e-06 1.07299e-05 2.5185e-05 5.48905e-05 0.000111606 0.000211482 0.00037278 0.000614947 0.000958783 0.00141013 0.0019029 0.0023108 0.00256846 0.00269734 0.00275024 0.00276842 0.00277299 0.00277043 0.00275619 0.00271113 0.00259463 0.00235123 0.00195421 0.00146534 0.00101028 0.000657201 0.000404344 0.000233491 0.000125908 6.3496e-05 2.99762e-05 1.32016e-05 5.40733e-06 2.06275e-06 7.35747e-07 2.46011e-07 7.70596e-08 2.254e-08 6.13343e-09 1.5483e-09 3.62116e-10 7.84788e-11 1.57798e-11 2.94938e-12 5.13606e-13 8.35339e-14 1.27202e-14 1.81787e-15 2.44372e-16 3.09661e-17 3.70621e-18 4.19738e-19 4.50578e-20 4.59183e-21 4.44892e-22 4.10355e-23 3.60781e-24 3.02697e-25 2.42622e-26 1.85975e-27 1.3646e-28 9.59381e-30 6.46855e-31 4.18638e-32 2.60297e-33 1.55703e-34 
5.63633e-35 5.75784e-36 4.78084e-35 1.13392e-33 2.52822e-32 5.28561e-31 1.03765e-29 1.915e-28 3.325e-27 5.43433e-26 8.36267e-25 1.2117e-23 1.65273e-22 2.12114e-21 2.55982e-20 2.90223e-19 3.08776e-18 3.07861e-17 2.8719e-16 2.50199e-15 2.03138e-14 1.53344e-13 1.07347e-12 6.9495e-12 4.14843e-11 2.2767e-10 1.1456e-09 5.27386e-09 2.21891e-08 8.53918e-08 3.01573e-07 9.83107e-07 2.97846e-06 8.4233e-06 2.22148e-05 5.43519e-05 0.000122965 0.000258148 0.000505913 0.000925676 0.00157784 0.00251883 0.00380587 0.00545163 0.00722163 0.00867267 0.00958266 0.0100353 0.0102202 0.0102836 0.0102993 0.0102898 0.0102383 0.0100757 0.00965638 0.00878177 0.00735654 0.00559959 0.00395162 0.00264557 0.00167773 0.000999213 0.000556402 0.000290245 0.00014183 6.46085e-05 2.73585e-05 1.07958e-05 3.9872e-06 1.38063e-06 4.47206e-07 1.34907e-07 3.77408e-08 9.7648e-09 2.3347e-09 5.16188e-10 1.05717e-10 2.01021e-11 3.55823e-12 5.87882e-13 9.08987e-14 1.31867e-14 1.79913e-15 2.31367e-16 2.81026e-17 3.23013e-18 3.51951e-19 3.64107e-20 3.58185e-21 3.35512e-22 2.99628e-23 2.55412e-24 2.08047e-25 1.62103e-26 1.20936e-27 8.64684e-29 5.93045e-30 3.90503e-31 2.47082e-32 1.50429e-33 
5.19116e-34 5.75812e-35 5.2357e-34 1.19891e-32 2.58566e-31 5.24015e-30 9.99116e-29 1.79379e-27 3.03439e-26 4.83806e-25 7.27139e-24 1.03005e-22 1.37484e-21 1.72801e-20 2.04367e-19 2.272e-18 2.37138e-17 2.32035e-16 2.12481e-15 1.81738e-14 1.44866e-13 1.07347e-12 7.37445e-12 4.68254e-11 2.73948e-10 1.4719e-09 7.2402e-09 3.25175e-08 1.33119e-07 4.9677e-07 1.69448e-06 5.31382e-06 1.54409e-05 4.18448e-05 0.000105853 0.000248694 0.000540149 0.00108755 0.00204484 0.00359623 0.00590227 0.00908118 0.0132407 0.0183915 0.0238305 0.0282396 0.030983 0.0323393 0.032891 0.0330792 0.0331252 0.0330952 0.0329362 0.0324358 0.0311472 0.0284637 0.0240923 0.018689 0.0135633 0.00938657 0.00616035 0.00379999 0.00219493 0.00118979 0.000604332 0.000285848 0.000125627 5.14974e-05 1.97769e-05 7.11699e-06 2.39014e-06 7.44919e-07 2.14488e-07 5.69244e-08 1.3922e-08 3.14175e-09 6.55669e-10 1.2689e-10 2.28386e-11 3.8343e-12 6.02153e-13 8.86945e-14 1.22841e-14 1.60342e-15 1.9767e-16 2.30606e-17 2.55046e-18 2.67856e-19 2.67533e-20 2.54477e-21 2.30822e-22 1.99884e-23 1.65438e-24 1.31008e-25 9.93552e-27 7.22297e-28 5.03801e-29 3.37438e-30 2.17213e-31 1.34562e-32 
4.42445e-33 5.34677e-34 5.24909e-33 1.16288e-31 2.43042e-30 4.78216e-29 8.86708e-28 1.55042e-26 2.55755e-25 3.981e-24 5.84718e-23 8.10185e-22 1.05855e-20 1.3033e-19 1.51076e-18 1.64701e-17 1.6864e-16 1.61923e-15 1.45529e-14 1.22173e-13 9.55787e-13 6.9495e-12 4.68254e-11 2.91444e-10 1.66988e-09 8.77653e-09 4.21627e-08 1.84546e-07 7.34205e-07 2.653e-06 8.7234e-06 2.62435e-05 7.28564e-05 0.000188265 0.000454373 0.00101995 0.00211656 0.00406654 0.00729541 0.0122644 0.0192818 0.0284563 0.0398391 0.0533785 0.0673491 0.0785252 0.0854187 0.0888058 0.0901772 0.090643 0.0907558 0.0906768 0.0902679 0.0889848 0.0856868 0.0788254 0.0676412 0.0537453 0.0403395 0.0290041 0.0197931 0.01271 0.0076572 0.00433659 0.0023008 0.00113514 0.00052028 0.000222701 8.93651e-05 3.35525e-05 1.17145e-05 3.77866e-06 1.12119e-06 3.05507e-07 7.64889e-08 1.76307e-08 3.75183e-09 7.39418e-10 1.354e-10 2.31104e-11 3.68786e-12 5.51755e-13 7.76001e-14 1.02842e-14 1.28715e-15 1.52446e-16 1.71174e-17 1.82526e-18 1.8512e-19 1.78829e-20 1.64758e-21 1.44945e-22 1.21897e-23 9.81012e-25 7.56252e-26 5.58951e-27 3.96442e-28 2.70054e-29 1.76826e-30 1.11443e-31 
3.49137e-32 4.61029e-33 4.82777e-32 1.03654e-30 2.10257e-29 4.0217e-28 7.25935e-27 1.23721e-25 1.99148e-24 3.0278e-23 4.34752e-22 5.89349e-21 7.53849e-20 9.09181e-19 1.03288e-17 1.104e-16 1.10864e-15 1.0442e-14 9.2069e-14 7.58263e-13 5.81857e-12 4.14843e-11 2.73948e-10 1.66988e-09 9.36117e-09 4.8074e-08 2.25273e-07 9.59614e-07 3.70455e-06 1.29392e-05 4.09262e-05 0.000117772 0.000311073 0.000762209 0.00174396 0.00371729 0.00732851 0.0133578 0.0227201 0.036273 0.0542959 0.0764409 0.1022 0.131296 0.160427 0.183359 0.197368 0.204209 0.206967 0.207901 0.208124 0.207957 0.207109 0.204454 0.197641 0.183471 0.160323 0.131297 0.102572 0.077043 0.0549701 0.0369711 0.0233823 0.0139224 0.00775902 0.00401458 0.00193038 0.000868175 0.000366024 0.000143963 5.23966e-05 1.75245e-05 5.36573e-06 1.50286e-06 3.8559e-07 9.08695e-08 1.97353e-08 3.96421e-09 7.39103e-10 1.28345e-10 2.08245e-11 3.16658e-12 4.52501e-13 6.09189e-14 7.74431e-15 9.31575e-16 1.06239e-16 1.15062e-17 1.18535e-18 1.16322e-19 1.08881e-20 9.73298e-22 8.31835e-23 6.80426e-24 5.33218e-25 4.0069e-26 2.88985e-27 2.00202e-28 1.33334e-29 8.54831e-31 
2.55325e-31 3.6933e-32 4.08222e-31 8.50651e-30 1.67676e-28 3.12091e-27 5.48841e-26 9.12283e-25 1.43352e-23 2.1294e-22 2.98942e-21 3.96465e-20 4.96409e-19 5.86312e-18 6.52555e-17 6.83524e-16 6.72795e-15 6.21211e-14 5.36957e-13 4.33483e-12 3.2598e-11 2.2767e-10 1.4719e-09 8.77653e-09 4.8074e-08 2.4088e-07 1.09923e-06 4.54901e-06 1.70075e-05 5.72991e-05 0.000173916 0.000477265 0.00119421 0.00275787 0.0059381 0.0119298 0.0221936 0.0381257 0.0610483 0.0918841 0.130055 0.173646 0.220529 0.270029 0.317607 0.3543 0.376485 0.387255 0.391582 0.393044 0.393391 0.393118 0.391754 0.387495 0.376578 0.353861 0.316558 0.26904 0.220147 0.173679 0.130342 0.0924583 0.0618383 0.0389798 0.0229631 0.0125411 0.00637236 0.00303306 0.00135144 0.000559112 0.000212709 7.39119e-05 2.33912e-05 6.74427e-06 1.77572e-06 4.28403e-07 9.50734e-08 1.94863e-08 3.70302e-09 6.54848e-10 1.08136e-10 1.67267e-11 2.43059e-12 3.32665e-13 4.29859e-14 5.25537e-15 6.09096e-16 6.70416e-17 7.01906e-18 7.00051e-19 6.66012e-20 6.05164e-21 5.25773e-22 4.37239e-23 3.48387e-24 2.66214e-25 1.95257e-26 1.37578e-27 9.31989e-29 6.07824e-30 
1.73281e-30 2.75114e-31 3.18037e-30 6.43999e-29 1.23485e-27 2.2384e-26 3.83752e-25 6.2239e-24 9.54983e-23 1.38609e-21 1.90241e-20 2.46783e-19 3.02353e-18 3.49547e-17 3.80894e-16 3.90683e-15 3.76598e-14 3.40536e-13 2.8824e-12 2.2782e-11 1.67677e-10 1.1456e-09 7.2402e-09 4.21627e-08 2.25273e-07 1.09923e-06 4.87498e-06 1.95548e-05 7.06304e-05 0.000228922 0.000664876 0.00173427 0.00409319 0.00885413 0.0177947 0.0334023 0.0581802 0.0935341 0.139986 0.197167 0.262108 0.33015 0.396809 0.461291 0.519863 0.563837 0.590116 0.602816 0.607912 0.609634 0.610041 0.609714 0.608087 0.603025 0.590059 0.563013 0.518166 0.459492 0.395477 0.329026 0.261202 0.196798 0.140237 0.0942452 0.0590892 0.0343249 0.0185893 0.00943869 0.004471 0.00195333 0.000778932 0.000281838 9.23831e-05 2.74738e-05 7.43684e-06 1.83992e-06 4.1791e-07 8.75316e-08 1.69781e-08 3.06175e-09 5.15217e-10 8.11686e-11 1.20079e-11 1.67264e-12 2.19918e-13 2.73528e-14 3.22472e-15 3.61011e-16 3.84415e-17 3.89924e-18 3.77272e-19 3.48634e-20 3.08052e-21 2.60546e-22 2.11145e-23 1.64104e-24 1.22428e-25 8.77468e-27 6.04663e-28 4.01164e-29 
1.09311e-29 1.90724e-30 2.28751e-29 4.50625e-28 8.41338e-27 1.48639e-25 2.48564e-24 3.93496e-23 5.89677e-22 8.36288e-21 1.12198e-19 1.4231e-18 1.70519e-17 1.92825e-16 2.05539e-15 2.06227e-14 1.94447e-13 1.71958e-12 1.42315e-11 1.09945e-10 7.90579e-10 5.27386e-09 3.25175e-08 1.84546e-07 9.59614e-07 4.54901e-06 1.95548e-05 7.58136e-05 0.000263723 0.000819565 0.0022698 0.0056071 0.0124299 0.0250384 0.0465857 0.0809252 0.130837 0.195494 0.271843 0.356309 0.442869 0.525006 0.597515 0.660655 0.713876 0.752442 0.775187 0.786146 0.790549 0.792042 0.792397 0.792117 0.790724 0.786394 0.775304 0.752054 0.712854 0.659413 0.596205 0.523251 0.440836 0.354568 0.270779 0.195181 0.131141 0.0817337 0.0476275 0.0260023 0.0131652 0.00609632 0.00255586 0.000965673 0.000328739 0.000101095 2.82014e-05 7.17108e-06 1.67055e-06 3.58277e-07 7.10664e-08 1.30929e-08 2.24907e-09 3.61476e-10 5.45278e-11 7.74174e-12 1.03714e-12 1.314e-13 1.57762e-14 1.79828e-15 1.94936e-16 2.01263e-17 1.98187e-18 1.86373e-19 1.67569e-20 1.44205e-21 1.18899e-22 9.40157e-24 7.13561e-25 5.20279e-26 3.64724e-27 2.46159e-28 
6.4187e-29 1.23117e-29 1.52129e-28 2.91878e-27 5.31136e-26 9.15271e-25 1.49386e-23 2.30934e-22 3.38073e-21 4.68517e-20 6.14342e-19 7.61663e-18 8.9208e-17 9.85981e-16 1.02708e-14 1.00686e-13 9.27255e-13 8.00632e-12 6.46651e-11 4.87267e-10 3.41523e-09 2.21891e-08 1.33119e-07 7.34205e-07 3.70455e-06 1.70075e-05 7.06304e-05 0.000263723 0.000880092 0.00261151 0.00686689 0.0159966 0.0331686 0.0619167 0.105909 0.168739 0.251123 0.346872 0.447051 0.545007 0.634303 0.710404 0.771057 0.818669 0.855677 0.881396 0.896326 0.903494 0.906381 0.907364 0.9076 0.907423 0.906529 0.903753 0.896635 0.881595 0.855683 0.81859 0.770747 0.709418 0.632596 0.542881 0.444904 0.345015 0.249899 0.168569 0.106639 0.0630136 0.0342507 0.0168711 0.00746313 0.00295518 0.00104847 0.000334514 9.64624e-05 2.52831e-05 6.05743e-06 1.33374e-06 2.7123e-07 5.1174e-08 8.99426e-09 1.47795e-09 2.27791e-10 3.30254e-11 4.51565e-12 5.83657e-13 7.14607e-14 8.30362e-15 9.17278e-16 9.64813e-17 9.67634e-18 9.26555e-19 8.48096e-20 7.42873e-21 6.23347e-22 5.01544e-23 3.87299e-24 2.87287e-25 2.04867e-26 1.40645e-27 
3.51079e-28 7.39806e-29 9.36059e-28 1.75127e-26 3.10935e-25 5.23106e-24 8.33937e-23 1.25964e-21 1.8022e-20 2.44121e-19 3.1288e-18 3.79118e-17 4.33878e-16 4.68435e-15 4.76456e-14 4.55824e-13 4.09428e-12 3.4455e-11 2.71008e-10 1.98694e-09 1.35366e-08 8.53918e-08 4.9677e-07 2.653e-06 1.29392e-05 5.72991e-05 0.000228922 0.000819565 0.00261151 0.00736161 0.0182804 0.0399506 0.077144 0.132994 0.208336 0.302765 0.41255 0.525984 0.630531 0.720248 0.792743 0.84825 0.888448 0.917137 0.937716 0.951381 0.959164 0.962883 0.964382 0.964896 0.965021 0.964933 0.964481 0.96308 0.959476 0.951785 0.938202 0.917727 0.889007 0.848461 0.792393 0.719196 0.628694 0.523404 0.409874 0.301093 0.207956 0.13349 0.0781409 0.0411046 0.0192733 0.00803539 0.00298432 0.000991915 0.000296833 8.04939e-05 1.99052e-05 4.51517e-06 9.44486e-07 1.83061e-07 3.3015e-08 5.56118e-09 8.77828e-10 1.30234e-10 1.82083e-11 2.40475e-12 3.00651e-13 3.56524e-14 4.01713e-15 4.30766e-16 4.40255e-17 4.2943e-18 4.00265e-19 3.56919e-20 3.04807e-21 2.49544e-22 1.96041e-23 1.47913e-24 1.07273e-25 7.48905e-27 
1.78792e-27 4.13242e-28 5.32636e-27 9.72958e-26 1.68746e-24 2.77453e-23 4.32436e-22 6.3874e-21 8.93749e-20 1.18397e-18 1.48381e-17 1.75758e-16 1.96552e-15 2.07248e-14 2.05733e-13 1.91938e-12 1.6796e-11 1.37553e-10 1.05159e-09 7.48333e-09 4.94093e-08 3.01573e-07 1.69448e-06 8.7234e-06 4.09262e-05 0.000173916 0.000664876 0.0022698 0.00686689 0.0182804 0.042604 0.0868202 0.15539 0.246923 0.354516 0.470668 0.588279 0.695764 0.783575 0.850136 0.897993 0.931021 0.952876 0.967174 0.97667 0.982681 0.98603 0.98762 0.988261 0.988481 0.988536 0.9885 0.988314 0.987733 0.986234 0.982997 0.977126 0.967801 0.953648 0.931823 0.89867 0.850414 0.783038 0.694038 0.585694 0.468243 0.352763 0.245938 0.155398 0.0877026 0.0438326 0.019349 0.00756247 0.00263191 0.000821397 0.000231568 5.93815e-05 1.39378e-05 3.0112e-06 6.01766e-07 1.11726e-07 1.93462e-08 3.13505e-09 4.76904e-10 6.82888e-11 9.22735e-12 1.1792e-12 1.42812e-13 1.64215e-14 1.79584e-15 1.87071e-16 1.85884e-17 1.76421e-18 1.60123e-19 1.39139e-20 1.15873e-21 9.25743e-23 7.1018e-24 5.23598e-25 3.71551e-26 
8.46404e-27 2.14078e-27 2.79864e-26 4.99787e-25 8.47767e-24 1.36382e-22 2.08035e-21 3.00783e-20 4.11974e-19 5.34167e-18 6.55072e-17 7.58998e-16 8.29816e-15 8.54819e-14 8.28296e-13 7.53495e-12 6.42115e-11 5.11349e-10 3.79486e-09 2.6164e-08 1.67007e-07 9.83107e-07 5.31382e-06 2.62435e-05 0.000117772 0.000477265 0.00173427 0.0056071 0.0159966 0.0399506 0.0868202 0.163967 0.270763 0.396379 0.524393 0.642447 0.745222 0.827979 0.888433 0.929431 0.955898 0.972449 0.982499 0.988563 0.992306 0.99456 0.995786 0.996363 0.996595 0.996675 0.996695 0.996683 0.996618 0.996415 0.995886 0.99473 0.992574 0.988967 0.983072 0.973205 0.956815 0.930368 0.889056 0.827842 0.744184 0.640735 0.522068 0.393836 0.269046 0.163713 0.0877325 0.0412536 0.0170727 0.00626059 0.00205059 0.000604693 0.000161716 3.94782e-05 8.84813e-06 1.82998e-06 3.50836e-07 6.26003e-08 1.04335e-08 1.62959e-09 2.39215e-10 3.30912e-11 4.32408e-12 5.3491e-13 6.27678e-14 6.99921e-15 7.42916e-16 7.51743e-17 7.26183e-18 6.70549e-19 5.92572e-20 5.01717e-21 4.07411e-22 3.17602e-23 2.37906e-24 1.71498e-25 
3.7164e-26 1.02583e-26 1.35523e-25 2.36889e-24 3.93443e-23 6.19952e-22 9.26471e-21 1.31247e-19 1.76134e-18 2.23733e-17 2.68724e-16 3.04817e-15 3.26071e-14 3.28405e-13 3.10822e-12 2.75859e-11 2.29022e-10 1.77375e-09 1.27761e-08 8.52893e-08 5.25669e-07 2.97846e-06 1.54409e-05 7.28564e-05 0.000311073 0.00119421 0.00409319 0.0124299 0.0331686 0.077144 0.15539 0.270763 0.411603 0.556263 0.684032 0.785147 0.860669 0.914036 0.949025 0.97048 0.98304 0.990202 0.994209 0.996448 0.997736 0.998474 0.998865 0.999046 0.999119 0.999145 0.999151 0.999147 0.999128 0.999066 0.998904 0.998546 0.997857 0.996645 0.99452 0.990679 0.983731 0.971392 0.950052 0.914938 0.861176 0.784912 0.682502 0.553412 0.408521 0.268831 0.155207 0.0782147 0.0345214 0.0134427 0.00465665 0.0014465 0.000405885 0.00010356 2.41699e-05 5.18773e-06 1.02897e-06 1.89427e-07 3.24945e-08 5.21253e-09 7.84428e-10 1.11066e-10 1.48346e-11 1.87357e-12 2.24232e-13 2.54807e-14 2.75416e-15 2.83621e-16 2.78682e-17 2.61636e-18 2.34991e-19 2.02152e-20 1.66744e-21 1.3201e-22 1.00405e-23 7.34819e-25 
1.51053e-25 4.53734e-26 6.03896e-25 1.03425e-23 1.68356e-22 2.60074e-21 3.81101e-20 5.29422e-19 6.967e-18 8.67677e-17 1.0215e-15 1.13528e-14 1.18921e-13 1.17198e-12 1.08438e-11 9.39746e-11 7.60735e-10 5.73488e-09 4.01222e-08 2.59494e-07 1.54477e-06 8.4233e-06 4.18448e-05 0.000188265 0.000762209 0.00275787 0.00885413 0.0250384 0.0619167 0.132994 0.246923 0.396379 0.556263 0.699044 0.808567 0.883554 0.931811 0.961636 0.979154 0.988912 0.994131 0.99686 0.998272 0.999005 0.999399 0.999614 0.999724 0.999774 0.999795 0.999802 0.999803 0.999802 0.999797 0.999781 0.999737 0.999639 0.999444 0.999084 0.998409 0.997095 0.994519 0.989517 0.980015 0.962732 0.933021 0.884507 0.808501 0.697282 0.553029 0.393022 0.245117 0.133223 0.0632481 0.0263883 0.00974523 0.00320914 0.000949154 0.000253881 6.18122e-05 1.37802e-05 2.82836e-06 5.37086e-07 9.47782e-08 1.56047e-08 2.40565e-09 3.48363e-10 4.75232e-11 6.12318e-12 7.46898e-13 8.64321e-14 9.50716e-15 9.95735e-16 9.94586e-17 9.48805e-18 8.65616e-19 7.56171e-20 6.33217e-21 5.08839e-22 3.92763e-23 2.91675e-24 
