7.71366e-10 8.14032e-10 1.13387e-09 1.82557e-09 3.08281e-09 5.24113e-09 8.84626e-09 1.4758e-08 2.43017e-08 3.94841e-08 6.32916e-08 1.00095e-07 1.56187e-07 2.40475e-07 3.65359e-07 5.47807e-07 8.10645e-07 1.18405e-06 1.70718e-06 2.43001e-06 3.41501e-06 4.73888e-06 6.49386e-06 8.78849e-06 1.17477e-05 1.55117e-05 2.02337e-05 2.60761e-05 3.32047e-05 4.17817e-05 5.1957e-05 6.38576e-05 7.7577e-05 9.31641e-05 0.000110612 0.000129851 0.000150738 0.000173056 0.000196515 0.000220751 0.000245341 0.00026981 0.00029365 0.000316335 0.000337342 0.000356168 0.000372352 0.000385489 0.000395247 0.000401377 0.000403721 0.00040222 0.000396915 0.000387944 0.000375538 0.000360016 0.000341767 0.000321245 0.000298943 0.000275379 0.00025108 0.000226556 0.000202286 0.000178703 0.000156178 0.000135016 0.000115448 9.76278e-05 8.16417e-05 6.75092e-05 5.5194e-05 4.46132e-05 3.56489e-05 2.81583e-05 2.19843e-05 1.69641e-05 1.2937e-05 9.74949e-06 7.26019e-06 5.34191e-06 3.88324e-06 2.78875e-06 1.97837e-06 1.3863e-06 9.59457e-07 6.55819e-07 4.42694e-07 2.95092e-07 1.94231e-07 1.26232e-07 8.09997e-08 5.13157e-08 3.20968e-08 1.98212e-08 1.20871e-08 7.28272e-09 4.34385e-09 2.5808e-09 1.55697e-09 1.00757e-09 
8.14032e-10 8.60075e-10 1.20201e-09 1.9421e-09 3.28972e-09 5.60814e-09 9.48924e-09 1.58673e-08 2.61852e-08 4.26312e-08 6.84675e-08 1.08476e-07 1.69548e-07 2.61455e-07 3.97808e-07 5.97257e-07 8.84905e-07 1.29396e-06 1.86755e-06 2.6607e-06 3.74229e-06 5.19684e-06 7.12599e-06 9.64943e-06 1.29048e-05 1.70467e-05 2.22438e-05 2.86749e-05 3.65226e-05 4.59653e-05 5.71673e-05 7.02683e-05 8.53703e-05 0.000102526 0.000121728 0.000142897 0.000165875 0.000190423 0.000216219 0.000242864 0.000269891 0.000296779 0.000322968 0.000347882 0.000370947 0.000391612 0.000409371 0.000423783 0.000434483 0.000441198 0.000443758 0.000442097 0.000436261 0.0004264 0.00041277 0.000395716 0.000375669 0.000353123 0.000328619 0.000302728 0.000276025 0.000249071 0.000222393 0.000196468 0.000171703 0.000148434 0.000126915 0.000107318 8.97367e-05 7.41936e-05 6.06492e-05 4.90129e-05 3.91549e-05 3.09186e-05 2.4131e-05 1.86132e-05 1.4188e-05 1.06867e-05 7.95329e-06 5.84793e-06 4.24789e-06 3.04806e-06 2.16033e-06 1.51226e-06 1.04547e-06 7.13751e-07 4.81169e-07 3.20285e-07 2.10494e-07 1.36579e-07 8.74879e-08 5.53243e-08 3.45367e-08 2.1284e-08 1.29509e-08 7.78517e-09 4.6321e-09 2.74467e-09 1.65095e-09 1.06521e-09 
1.13387e-09 1.20201e-09 1.68379e-09 2.72302e-09 4.61317e-09 7.8625e-09 1.32981e-08 2.22239e-08 3.66506e-08 5.96229e-08 9.56719e-08 1.51427e-07 2.36423e-07 3.64147e-07 5.53347e-07 8.29642e-07 1.22743e-06 1.79207e-06 2.58233e-06 3.67294e-06 5.15711e-06 7.1489e-06 9.78496e-06 1.32256e-05 1.76545e-05 2.32771e-05 3.03166e-05 3.90084e-05 4.95916e-05 6.22983e-05 7.73408e-05 9.48966e-05 0.000115093 0.000137991 0.000163571 0.000191719 0.000222219 0.000254747 0.000288874 0.00032407 0.000359719 0.000395136 0.000429588 0.000462323 0.000492593 0.000519685 0.000542942 0.000561795 0.000575772 0.000584523 0.000587829 0.000585606 0.000577914 0.00056495 0.000547042 0.000524641 0.000498302 0.000468667 0.000436439 0.000402361 0.000367183 0.000331639 0.000296421 0.000262154 0.00022938 0.000198542 0.000169982 0.000143932 0.000120524 9.97953e-05 8.17008e-05 6.61278e-05 5.29108e-05 4.18476e-05 3.27132e-05 2.52735e-05 1.92957e-05 1.45568e-05 1.08505e-05 7.99036e-06 5.81274e-06 4.1769e-06 2.96447e-06 2.0779e-06 1.4383e-06 9.83085e-07 6.63457e-07 4.42066e-07 2.90794e-07 1.88835e-07 1.21049e-07 7.65945e-08 4.78397e-08 2.94947e-08 1.79527e-08 1.07943e-08 6.42348e-09 3.80666e-09 2.29054e-09 1.47946e-09 
1.82557e-09 1.9421e-09 2.72302e-09 4.39941e-09 7.44051e-09 1.26567e-08 2.13628e-08 3.56256e-08 5.86231e-08 9.51519e-08 1.52326e-07 2.40519e-07 3.74598e-07 5.75513e-07 8.72274e-07 1.30436e-06 1.92457e-06 2.80222e-06 4.02673e-06 5.71128e-06 7.99638e-06 1.10531e-05 1.50855e-05 2.03316e-05 2.70626e-05 3.55801e-05 4.621e-05 5.92935e-05 7.51746e-05 9.4184e-05 0.000116621 0.00014273 0.000172682 0.000206549 0.000244283 0.000285701 0.000330471 0.00037811 0.000427982 0.000479311 0.000531201 0.000582659 0.000632632 0.000680039 0.000723813 0.000762936 0.000796479 0.00082363 0.000843727 0.000856275 0.000860964 0.000857681 0.000846509 0.00082773 0.000801811 0.00076939 0.000731257 0.000688326 0.0006416 0.00059214 0.000541021 0.0004893 0.000437975 0.000387952 0.000340021 0.000294836 0.000252901 0.00021457 0.000180048 0.000149405 0.000122589 9.94514e-05 7.97624e-05 6.32372e-05 4.95555e-05 3.83809e-05 2.93764e-05 2.22178e-05 1.66027e-05 1.22572e-05 8.93911e-06 6.43941e-06 4.58148e-06 3.2191e-06 2.23353e-06 1.53018e-06 1.03503e-06 6.9118e-07 4.55646e-07 2.96508e-07 1.90456e-07 1.20749e-07 7.55612e-08 4.66711e-08 2.84578e-08 1.71402e-08 1.02173e-08 6.06609e-09 3.65836e-09 2.37057e-09 
3.08281e-09 3.28972e-09 4.61317e-09 7.44051e-09 1.25547e-08 2.13035e-08 3.58666e-08 5.96589e-08 9.79136e-08 1.58501e-07 2.53051e-07 3.98457e-07 6.18837e-07 9.48035e-07 1.43272e-06 2.13614e-06 3.14247e-06 4.56178e-06 6.5353e-06 9.24098e-06 1.28986e-05 1.77745e-05 2.41843e-05 3.24945e-05 4.31202e-05 5.652e-05 7.31864e-05 9.36311e-05 0.000118366 0.000147877 0.000182599 0.000222882 0.000268956 0.000320902 0.00037862 0.000441806 0.000509934 0.000582253 0.00065779 0.000735367 0.000813634 0.000891105 0.000966209 0.00103734 0.00110293 0.00116146 0.00121158 0.00125209 0.00128203 0.00130067 0.00130756 0.00130255 0.00128575 0.00125758 0.00121873 0.00117012 0.00111294 0.00104851 0.000978323 0.000903946 0.000826974 0.00074898 0.000671456 0.000595764 0.000523099 0.000454454 0.000390607 0.000332111 0.0002793 0.000232302 0.000191066 0.000155388 0.000124942 9.93146e-05 7.80337e-05 6.05999e-05 4.65088e-05 3.52717e-05 2.64301e-05 1.95662e-05 1.43088e-05 1.03358e-05 7.37366e-06 5.19495e-06 3.61406e-06 2.4825e-06 1.68354e-06 1.12711e-06 7.44888e-07 4.85921e-07 3.12874e-07 1.98831e-07 1.2471e-07 7.72026e-08 4.7179e-08 2.84784e-08 1.70138e-08 1.01253e-08 6.12387e-09 3.9832e-09 
5.24113e-09 5.60814e-09 7.8625e-09 1.26567e-08 2.13035e-08 3.60551e-08 6.05427e-08 1.00436e-07 1.64393e-07 2.65387e-07 4.22521e-07 6.63429e-07 1.02741e-06 1.56939e-06 2.36479e-06 3.51534e-06 5.1559e-06 7.46189e-06 1.06574e-05 1.50235e-05 2.09052e-05 2.87188e-05 3.89548e-05 5.21793e-05 6.90301e-05 9.02072e-05 0.000116457 0.000148549 0.000187247 0.000233269 0.000287245 0.000349672 0.000420861 0.00050089 0.000589566 0.000686384 0.000790511 0.000900776 0.00101568 0.00113344 0.00125201 0.00136915 0.00148252 0.00158972 0.00168841 0.00177637 0.00185158 0.0019123 0.0019571 0.00198493 0.00199513 0.00198746 0.0019621 0.00191968 0.0018612 0.00178804 0.00170191 0.00160482 0.00149894 0.0013866 0.0012702 0.00115206 0.00103445 0.000919401 0.000808737 0.000703975 0.000606316 0.00051663 0.000435459 0.000363035 0.00029932 0.000244039 0.000196728 0.000156788 0.000123522 9.61861e-05 7.40233e-05 5.62939e-05 4.23e-05 3.1402e-05 2.30283e-05 1.66804e-05 1.19328e-05 8.43004e-06 5.88059e-06 4.05021e-06 2.75399e-06 1.84858e-06 1.22483e-06 8.01033e-07 5.17052e-07 3.2939e-07 2.07095e-07 1.28507e-07 7.87142e-08 4.76238e-08 2.85188e-08 1.7015e-08 1.03215e-08 6.73934e-09 
8.84626e-09 9.48924e-09 1.32981e-08 2.13628e-08 3.58666e-08 6.05427e-08 1.01391e-07 1.67748e-07 2.73821e-07 4.40823e-07 6.99867e-07 1.09579e-06 1.69211e-06 2.57721e-06 3.87195e-06 5.73866e-06 8.39148e-06 1.21078e-05 1.724e-05 2.4228e-05 3.36094e-05 4.60285e-05 6.2241e-05 8.31139e-05 0.000109618 0.000142811 0.000183813 0.000233772 0.000293813 0.000364983 0.000448188 0.000544119 0.000653185 0.000775437 0.000910517 0.0010576 0.00121539 0.00138206 0.00155536 0.00173257 0.00191063 0.00208622 0.00225585 0.002416 0.00256321 0.00269424 0.00280614 0.00289637 0.00296284 0.00300403 0.00301899 0.00300737 0.00296947 0.00290616 0.00281892 0.00270977 0.00258122 0.00243617 0.00227784 0.00210966 0.00193514 0.00175776 0.00158084 0.00140747 0.00124036 0.00108182 0.000933691 0.000797326 0.000673593 0.000562903 0.000465254 0.000380289 0.000307363 0.000245613 0.000194024 0.000151501 0.000116916 8.91616e-05 6.71852e-05 5.00159e-05 3.67815e-05 2.67169e-05 1.91659e-05 1.35772e-05 9.497e-06 6.55865e-06 4.47153e-06 3.00937e-06 1.99913e-06 1.31076e-06 8.48198e-07 5.41685e-07 3.414e-07 2.12353e-07 1.30381e-07 7.90691e-08 4.74627e-08 2.83902e-08 1.72739e-08 1.13221e-08 
1.4758e-08 1.58673e-08 2.22239e-08 3.56256e-08 5.96589e-08 1.00436e-07 1.67748e-07 2.7678e-07 4.50557e-07 7.23332e-07 1.14515e-06 1.78786e-06 2.7528e-06 4.18042e-06 6.26195e-06 9.25307e-06 1.34895e-05 1.9404e-05 2.7544e-05 3.85886e-05 5.3364e-05 7.28547e-05 9.82089e-05 0.000130736 0.000171891 0.000223252 0.000286477 0.000363245 0.000455193 0.00056382 0.000690401 0.000835879 0.00100076 0.00118503 0.00138805 0.0016085 0.00184437 0.0020929 0.0023507 0.00261373 0.00287748 0.00313707 0.0033874 0.00362334 0.0038399 0.00403239 0.00419657 0.00432878 0.00442604 0.00448617 0.00450783 0.00449052 0.00443466 0.00434151 0.00421321 0.00405265 0.00386344 0.00364977 0.00341629 0.00316797 0.00290991 0.00264719 0.00238469 0.00212694 0.00187799 0.00164128 0.00141958 0.00121498 0.00102884 0.000861868 0.00071415 0.000585245 0.000474272 0.000380015 0.000301024 0.000235706 0.000182411 0.000139503 0.000105417 7.87011e-05 5.80408e-05 4.22782e-05 3.04144e-05 2.16058e-05 1.51546e-05 1.04944e-05 7.17414e-06 4.8411e-06 3.22439e-06 2.11958e-06 1.37509e-06 8.80373e-07 5.56227e-07 3.46818e-07 2.13451e-07 1.29756e-07 7.80778e-08 4.68243e-08 2.85771e-08 1.88026e-08 
2.43017e-08 2.61852e-08 3.66506e-08 5.86231e-08 9.79136e-08 1.64393e-07 2.73821e-07 4.50557e-07 7.31403e-07 1.1709e-06 1.84844e-06 2.87753e-06 4.41762e-06 6.68875e-06 9.98919e-06 1.47159e-05 2.13878e-05 3.06701e-05 4.34006e-05 6.06127e-05 8.35569e-05 0.000113715 0.000152804 0.00020277 0.000265764 0.000344096 0.000440176 0.000556428 0.000695179 0.000858539 0.00104826 0.00126559 0.00151113 0.0017847 0.0020852 0.00241058 0.00275777 0.00312266 0.00350023 0.00388458 0.00426915 0.0046469 0.00501051 0.00535264 0.00566619 0.00594449 0.00618155 0.0063722 0.00651226 0.00659868 0.00662954 0.00660419 0.0065232 0.00638837 0.00620271 0.0059703 0.00569624 0.00538647 0.00504761 0.00468671 0.00431109 0.00392804 0.00354459 0.00316731 0.0028021 0.00245404 0.00212725 0.00182486 0.00154902 0.00130088 0.00108071 0.000887993 0.000721571 0.00057977 0.000460551 0.000361645 0.000280678 0.000215276 0.000163148 0.000122153 9.03465e-05 6.59997e-05 4.76149e-05 3.39205e-05 2.3859e-05 1.65679e-05 1.13571e-05 7.68445e-06 5.13181e-06 3.3823e-06 2.19994e-06 1.41205e-06 8.94379e-07 5.59037e-07 3.449e-07 2.10172e-07 1.26779e-07 7.62319e-08 4.66684e-08 3.08239e-08 
3.94841e-08 4.26312e-08 5.96229e-08 9.51519e-08 1.58501e-07 2.65387e-07 4.40823e-07 7.23332e-07 1.1709e-06 1.86916e-06 2.94221e-06 4.56684e-06 6.99029e-06 1.05523e-05 1.57113e-05 2.30745e-05 3.34318e-05 4.77911e-05 6.74143e-05 9.38505e-05 0.000128963 0.000174945 0.000234327 0.000309952 0.000404943 0.000522628 0.000666451 0.000839836 0.00104604 0.00128795 0.00156794 0.00188758 0.00224753 0.00264729 0.00308506 0.00355768 0.00406056 0.00458767 0.0051317 0.0056842 0.00623578 0.00677645 0.0072959 0.00778381 0.00823025 0.00862593 0.00896252 0.00923287 0.00943122 0.00955334 0.00959661 0.00956014 0.00944472 0.00925287 0.00898871 0.00865794 0.00826761 0.00782599 0.00734231 0.00682645 0.00628868 0.00573928 0.00518822 0.00464486 0.00411769 0.00361402 0.00313991 0.00270003 0.00229761 0.00193453 0.00161139 0.00132767 0.00108186 0.000871728 0.000694472 0.000546922 0.000425722 0.000327486 0.000248921 0.000186925 0.00013866 0.00010159 7.35043e-05 5.25148e-05 3.70432e-05 2.57957e-05 1.77318e-05 1.20306e-05 8.05601e-06 5.32374e-06 3.47179e-06 2.23416e-06 1.41869e-06 8.88981e-07 5.49817e-07 3.35869e-07 2.03109e-07 1.22458e-07 7.5202e-08 4.98615e-08 
6.32916e-08 6.84675e-08 9.56719e-08 1.52326e-07 2.53051e-07 4.22521e-07 6.99867e-07 1.14515e-06 1.84844e-06 2.94221e-06 4.61776e-06 7.14633e-06 1.09058e-05 1.64129e-05 2.43619e-05 3.56678e-05 5.15151e-05 7.34074e-05 0.000103217 0.000143229 0.000196175 0.000265255 0.000354129 0.000466887 0.000607984 0.000782133 0.000994159 0.00124881 0.00155055 0.00190326 0.00231001 0.00277277 0.0032921 0.00386696 0.00449449 0.00516991 0.00588646 0.00663545 0.00740646 0.00818752 0.0089655 0.00972644 0.0104561 0.0111401 0.0117651 0.0123181 0.0127879 0.0131648 0.0134409 0.0136105 0.0136702 0.0136187 0.0134571 0.0131888 0.0128194 0.0123566 0.0118102 0.0111912 0.0105125 0.0097875 0.00903042 0.00825548 0.0074766 0.00670688 0.00595827 0.00524121 0.0045644 0.00393466 0.00335684 0.00283391 0.00236702 0.00195572 0.00159821 0.00129155 0.00103198 0.000815148 0.000636418 0.000491042 0.000374366 0.000281975 0.000209795 0.000154167 0.000111876 8.01637e-05 5.67105e-05 3.96045e-05 2.7301e-05 1.85748e-05 1.24723e-05 8.26455e-06 5.40398e-06 3.48668e-06 2.21976e-06 1.39449e-06 8.64636e-07 5.29507e-07 3.21026e-07 1.9408e-07 1.19563e-07 7.95812e-08 
1.00095e-07 1.08476e-07 1.51427e-07 2.40519e-07 3.98457e-07 6.63429e-07 1.09579e-06 1.78786e-06 2.87753e-06 4.56684e-06 7.14633e-06 1.10263e-05 1.67756e-05 2.5169e-05 3.72421e-05 5.43534e-05 7.82522e-05 0.000111147 0.000155774 0.00021545 0.000294121 0.000396373 0.000527419 0.000693041 0.000899486 0.00115331 0.00146114 0.00182944 0.00226418 0.00277046 0.00335216 0.00401156 0.00474897 0.00556244 0.00644752 0.00739711 0.00840146 0.00944826 0.0105229 0.0116087 0.0126876 0.0137406 0.0147481 0.0156909 0.0165508 0.0173105 0.0179551 0.0184714 0.0188492 0.0190809 0.0191618 0.0190903 0.0188679 0.0184992 0.0179916 0.0173554 0.0166035 0.0157509 0.0148146 0.0138129 0.0127649 0.0116901 0.0106075 0.00953507 0.00848939 0.00748508 0.00653445 0.00564729 0.00483076 0.00408942 0.00342533 0.00283834 0.00232633 0.0018856 0.0015112 0.00119734 0.000937685 0.000725723 0.000554992 0.00041931 0.000312931 0.000230655 0.000167887 0.000120657 8.56089e-05 5.99605e-05 4.14521e-05 2.82829e-05 1.90441e-05 1.26539e-05 8.29651e-06 5.36724e-06 3.42598e-06 2.15783e-06 1.34136e-06 8.23547e-07 5.0059e-07 3.03476e-07 1.87558e-07 1.25323e-07 
1.56187e-07 1.69548e-07 2.36423e-07 3.74598e-07 6.18837e-07 1.02741e-06 1.69211e-06 2.7528e-06 4.41762e-06 6.99029e-06 1.09058e-05 1.67756e-05 2.54441e-05 3.80553e-05 5.61316e-05 8.16597e-05 0.000117184 0.000165901 0.000231744 0.000319458 0.000434646 0.000583778 0.000774157 0.00101382 0.00131137 0.00167575 0.00211592 0.00264048 0.00325724 0.00397271 0.00479165 0.0057165 0.006747 0.00787976 0.00910801 0.0104214 0.0118062 0.0132451 0.0147181 0.0162025 0.0176736 0.0191061 0.0204737 0.0217512 0.022914 0.0239399 0.0248089 0.0255042 0.0260123 0.0263232 0.026431 0.0263337 0.0260331 0.0255353 0.0248499 0.0239903 0.0229734 0.021819 0.0205494 0.0191889 0.0177628 0.016297 0.0148172 0.0133476 0.0119108 0.010527 0.00921331 0.00798346 0.00684786 0.00581336 0.00488348 0.00405865 0.00333659 0.00271278 0.0021809 0.00173336 0.00136174 0.00105724 0.000811067 0.000614704 0.000460186 0.000340244 0.000248414 0.000179074 0.000127438 8.95226e-05 6.20702e-05 4.24728e-05 2.86801e-05 1.911e-05 1.25639e-05 8.14998e-06 5.21612e-06 3.29398e-06 2.05293e-06 1.2637e-06 7.70159e-07 4.68214e-07 2.90311e-07 1.94736e-07 
2.40475e-07 2.61455e-07 3.64147e-07 5.75513e-07 9.48035e-07 1.56939e-06 2.57721e-06 4.18042e-06 6.68875e-06 1.05523e-05 1.64129e-05 2.5169e-05 3.80553e-05 5.67372e-05 8.34191e-05 0.000120964 0.000173017 0.000244133 0.000339883 0.000466946 0.000633153 0.000847487 0.00112001 0.00146169 0.00188418 0.00239946 0.00301938 0.00375516 0.00461678 0.00561233 0.00674735 0.00802422 0.00944157 0.0109939 0.012671 0.0144583 0.0163364 0.018282 0.0202676 0.0222629 0.0242353 0.0261511 0.0279762 0.0296774 0.0312231 0.0325845 0.0337361 0.0346562 0.0353276 0.0357377 0.035879 0.0357489 0.0353498 0.0346894 0.0337799 0.0326387 0.0312873 0.0297511 0.0280589 0.0262423 0.0243343 0.0223688 0.0203796 0.018399 0.0164572 0.0145814 0.012795 0.0111173 0.00956283 0.00814183 0.00685995 0.00571871 0.00471594 0.00384633 0.00310205 0.00247338 0.00194936 0.00151834 0.00116854 0.000888463 0.000667245 0.000494893 0.000362454 0.000262089 0.000187086 0.00013182 9.16691e-05 6.29104e-05 4.26034e-05 2.8468e-05 1.87687e-05 1.22085e-05 7.83481e-06 4.96089e-06 3.09997e-06 1.91323e-06 1.16914e-06 7.12803e-07 4.43419e-07 2.98597e-07 
3.65359e-07 3.97808e-07 5.53347e-07 8.72274e-07 1.43272e-06 2.36479e-06 3.87195e-06 6.26195e-06 9.98919e-06 1.57113e-05 2.43619e-05 3.72421e-05 5.61316e-05 8.34191e-05 0.000122251 0.00017669 0.000251883 0.000354222 0.000491475 0.000672896 0.000909262 0.00121284 0.00159725 0.00207724 0.00266828 0.00338612 0.00424614 0.00526264 0.00644805 0.00781209 0.00936091 0.0110963 0.0130152 0.0151086 0.0173621 0.019755 0.022261 0.0248484 0.0274808 0.0301183 0.0327185 0.0352376 0.0376318 0.0398587 0.0418783 0.0436539 0.0451536 0.0463501 0.0472221 0.0477538 0.0479359 0.0477651 0.0472446 0.0463837 0.0451981 0.0437092 0.0419441 0.0399349 0.0377181 0.0353336 0.0328238 0.0302323 0.0276027 0.0249772 0.0223956 0.019894 0.0175038 0.0152513 0.013157 0.0112355 0.00949563 0.00794074 0.00656921 0.00537517 0.00434917 0.00347912 0.00275102 0.00214978 0.00165992 0.00126619 0.000954 0.000709851 0.000521539 0.000378308 0.000270886 0.00019145 0.000133539 9.19173e-05 6.24297e-05 4.18366e-05 2.76609e-05 1.80428e-05 1.16109e-05 7.37178e-06 4.61883e-06 2.85824e-06 1.75136e-06 1.07087e-06 6.68374e-07 4.51838e-07 
5.47807e-07 5.97257e-07 8.29642e-07 1.30436e-06 2.13614e-06 3.51534e-06 5.73866e-06 9.25307e-06 1.47159e-05 2.30745e-05 3.56678e-05 5.43534e-05 8.16597e-05 0.000120964 0.00017669 0.000254521 0.000361617 0.000506807 0.000700766 0.000956114 0.00128744 0.00171124 0.00224564 0.0029101 0.00372482 0.00471011 0.0058855 0.0072688 0.00887509 0.0107156 0.0127966 0.0151188 0.017676 0.0204549 0.0234346 0.026587 0.0298766 0.0332613 0.0366938 0.0401225 0.043493 0.0467496 0.0498373 0.0527027 0.0552961 0.0575722 0.0594915 0.0610208 0.0621336 0.0628111 0.0630418 0.0628217 0.0621547 0.0610524 0.0595336 0.0576249 0.0553593 0.0527765 0.0499218 0.046845 0.0435991 0.0402391 0.0368204 0.0333972 0.0300208 0.0267382 0.0235911 0.0206147 0.0178371 0.015279 0.0129537 0.0108674 0.00901972 0.00740464 0.00601121 0.00482475 0.00382782 0.00300126 0.00232512 0.00177948 0.00134516 0.00100417 0.000740164 0.000538608 0.000386884 0.000274284 0.000191903 0.00013249 9.02542e-05 6.06601e-05 4.0222e-05 2.63107e-05 1.69786e-05 1.08094e-05 6.79108e-06 4.21384e-06 2.58911e-06 1.58775e-06 9.94302e-07 6.74797e-07 
8.10645e-07 8.84905e-07 1.22743e-06 1.92457e-06 3.14247e-06 5.1559e-06 8.39148e-06 1.34895e-05 2.13878e-05 3.34318e-05 5.15151e-05 7.82522e-05 0.000117184 0.000173017 0.000251883 0.000361617 0.000512024 0.000715131 0.000985373 0.0013397 0.00179756 0.00238074 0.003113 0.00401956 0.00512631 0.00645892 0.00804166 0.00989619 0.0120402 0.0144861 0.0172398 0.0202993 0.0236544 0.0272854 0.0311633 0.03525 0.0394985 0.0438545 0.048257 0.0526405 0.0569366 0.0610761 0.0649907 0.0686151 0.0718885 0.0747561 0.0771702 0.079091 0.0804868 0.0813352 0.0816225 0.081344 0.0805045 0.0791177 0.0772061 0.0748014 0.0719436 0.0686805 0.0650669 0.0611638 0.0570362 0.0527523 0.0483811 0.0439906 0.0396459 0.0354075 0.0313294 0.0274581 0.0238315 0.0204782 0.0174178 0.0146606 0.0122087 0.0100564 0.00819172 0.00659732 0.005252 0.00413195 0.00321195 0.0024665 0.00187074 0.00140116 0.00103617 0.000756453 0.000545104 0.000387675 0.000272082 0.000188422 0.000128743 8.67857e-05 5.77133e-05 3.78609e-05 2.45012e-05 1.5642e-05 9.85425e-06 6.13128e-06 3.77774e-06 2.32354e-06 1.45999e-06 9.94703e-07 
1.18405e-06 1.29396e-06 1.79207e-06 2.80222e-06 4.56178e-06 7.46189e-06 1.21078e-05 1.9404e-05 3.06701e-05 4.77911e-05 7.34074e-05 0.000111147 0.000165901 0.000244133 0.000354222 0.000506807 0.000715131 0.000995323 0.00136661 0.00185142 0.00247525 0.00326642 0.00425555 0.00547475 0.00695659 0.00873286 0.0108331 0.0132828 0.0161022 0.0193041 0.0228927 0.0268625 0.0311967 0.0358674 0.040835 0.046049 0.0514485 0.0569639 0.0625184 0.0680305 0.0734157 0.0785893 0.0834687 0.0879754 0.0920367 0.0955877 0.098572 0.100943 0.102663 0.103708 0.104059 0.103714 0.102676 0.100961 0.0985972 0.0956202 0.0920773 0.0880251 0.0835286 0.0786606 0.0734996 0.0681281 0.0626306 0.0570908 0.0515902 0.0462047 0.0410034 0.0360465 0.0313842 0.0270556 0.0230884 0.0194991 0.0162934 0.0134672 0.0110081 0.00889639 0.00710688 0.00561066 0.00437648 0.0033723 0.00256645 0.00192871 0.00143106 0.00104818 0.000757775 0.000540653 0.000380644 0.000264422 0.000181225 0.000122531 8.17255e-05 5.37693e-05 3.48957e-05 2.23408e-05 1.41135e-05 8.8057e-06 5.44085e-06 3.35648e-06 2.1162e-06 1.44739e-06 
1.70718e-06 1.86755e-06 2.58233e-06 4.02673e-06 6.5353e-06 1.06574e-05 1.724e-05 2.7544e-05 4.34006e-05 6.74143e-05 0.000103217 0.000155774 0.000231744 0.000339883 0.000491475 0.000700766 0.000985373 0.00136661 0.00186972 0.00252388 0.00336204 0.00442041 0.00573776 0.00735426 0.00931011 0.0116438 0.0143905 0.0175794 0.0212325 0.0253621 0.0299691 0.0350422 0.0405561 0.0464718 0.0527366 0.0592844 0.0660377 0.0729091 0.0798037 0.0866216 0.0932605 0.0996192 0.105599 0.111108 0.116062 0.120384 0.12401 0.126886 0.12897 0.130233 0.130657 0.130235 0.128974 0.126892 0.124019 0.120398 0.116081 0.111134 0.105634 0.0996645 0.0933185 0.0866942 0.0798928 0.0730158 0.0661626 0.0594276 0.0528972 0.0466483 0.0407461 0.0352428 0.0301769 0.0255733 0.0214434 0.0177863 0.0145899 0.0118328 0.00948609 0.00751538 0.0058828 0.00454878 0.00347375 0.00261948 0.00195016 0.00143317 0.00103951 0.000744071 0.000525534 0.000366222 0.000251772 0.000170748 0.000114226 7.53734e-05 4.9058e-05 3.14971e-05 1.99538e-05 1.24844e-05 7.73576e-06 4.78662e-06 3.02817e-06 2.07915e-06 
2.43001e-06 2.6607e-06 3.67294e-06 5.71128e-06 9.24098e-06 1.50235e-05 2.4228e-05 3.85886e-05 6.06127e-05 9.38505e-05 0.000143229 0.00021545 0.000319458 0.000466946 0.000672896 0.000956114 0.0013397 0.00185142 0.00252388 0.00339452 0.00450519 0.00590149 0.00763165 0.00974503 0.0122903 0.0153131 0.018854 0.0229456 0.0276104 0.0328586 0.0386858 0.0450723 0.0519814 0.0593601 0.067139 0.075234 0.0835478 0.0919727 0.100393 0.108689 0.11674 0.124426 0.131633 0.138254 0.144193 0.149364 0.153694 0.157123 0.159605 0.161107 0.161608 0.161103 0.159599 0.157114 0.153683 0.149353 0.144183 0.138248 0.131633 0.124435 0.116761 0.108725 0.100447 0.0920463 0.0836432 0.0753521 0.0672797 0.0595224 0.0521633 0.0452709 0.0388977 0.0330795 0.027836 0.0231713 0.0190755 0.0155264 0.0124919 0.00993219 0.00780229 0.00605433 0.00463968 0.00351081 0.00262269 0.00193392 0.0014074 0.00101071 0.000716167 0.000500654 0.000345269 0.000234877 0.000157602 0.000104304 6.80863e-05 4.38395e-05 2.78515e-05 1.74748e-05 1.0859e-05 6.7396e-06 4.27828e-06 2.94878e-06 
3.41501e-06 3.74229e-06 5.15711e-06 7.99638e-06 1.28986e-05 2.09052e-05 3.36094e-05 5.3364e-05 8.35569e-05 0.000128963 0.000196175 0.000294121 0.000434646 0.000633153 0.000909262 0.00128744 0.00179756 0.00247525 0.00336204 0.00450519 0.00595708 0.00777416 0.0100154 0.0127404 0.0160068 0.0198676 0.0243683 0.0295438 0.0354155 0.0419892 0.0492526 0.0571742 0.065703 0.0747682 0.0842806 0.0941345 0.10421 0.114377 0.124498 0.13443 0.144034 0.153171 0.161713 0.169538 0.176538 0.18262 0.187703 0.191722 0.194627 0.196382 0.196966 0.196373 0.194609 0.191695 0.187669 0.18258 0.176494 0.169493 0.16167 0.153134 0.144007 0.134417 0.124503 0.114404 0.104262 0.0942133 0.0843873 0.0749028 0.0658641 0.0573593 0.049458 0.0422108 0.0356483 0.0297824 0.0246076 0.0201025 0.0162327 0.0129533 0.0102123 0.00795282 0.00611619 0.00464431 0.00348147 0.00257594 0.00188095 0.00135527 0.000963453 0.00067569 0.000467453 0.000318983 0.000214689 0.000142511 9.33001e-05 6.02479e-05 3.83849e-05 2.4152e-05 1.50515e-05 9.37017e-06 5.96852e-06 4.12948e-06 
4.73888e-06 5.19684e-06 7.1489e-06 1.10531e-05 1.77745e-05 2.87188e-05 4.60285e-05 7.28547e-05 0.000113715 0.000174945 0.000265255 0.000396373 0.000583778 0.000847487 0.00121284 0.00171124 0.00238074 0.00326642 0.00442041 0.00590149 0.00777416 0.0101072 0.0129715 0.0164376 0.0205723 0.0254358 0.0310774 0.0375326 0.0448197 0.0529368 0.0618605 0.0715442 0.0819181 0.0928902 0.104348 0.116161 0.128185 0.140263 0.152235 0.163938 0.175209 0.185896 0.195852 0.204947 0.213061 0.220094 0.22596 0.23059 0.233931 0.235948 0.236617 0.235932 0.233899 0.230543 0.225898 0.22002 0.212978 0.204856 0.195759 0.185804 0.175125 0.163865 0.15218 0.14023 0.128179 0.116186 0.104406 0.0929822 0.0820438 0.0717018 0.0620469 0.0531477 0.0450498 0.0377761 0.0313281 0.0256875 0.0208193 0.0166745 0.0131941 0.0103122 0.00795912 0.00606517 0.0045625 0.00338746 0.00248193 0.00179428 0.00127975 0.000900428 0.000624914 0.000427766 0.000288789 0.000192276 0.000126253 8.17636e-05 5.2242e-05 3.29646e-05 2.06028e-05 1.28653e-05 8.22283e-06 5.7107e-06 
6.49386e-06 7.12599e-06 9.78496e-06 1.50855e-05 2.41843e-05 3.89548e-05 6.2241e-05 9.82089e-05 0.000152804 0.000234327 0.000354129 0.000527419 0.000774157 0.00112001 0.00159725 0.00224564 0.003113 0.00425555 0.00573776 0.00763165 0.0100154 0.0129715 0.0165836 0.0209336 0.0260976 0.0321416 0.0391173 0.0470585 0.0559771 0.0658604 0.0766695 0.0883385 0.100775 0.113862 0.127459 0.141409 0.15554 0.169669 0.183612 0.197183 0.210202 0.222498 0.233915 0.244311 0.25356 0.261556 0.268212 0.273456 0.277235 0.279512 0.280266 0.279489 0.277189 0.273388 0.268123 0.261448 0.253435 0.244172 0.233767 0.222347 0.210052 0.197042 0.183486 0.169565 0.155463 0.141366 0.127453 0.113896 0.10085 0.0884536 0.0768224 0.0660473 0.0561927 0.0472967 0.039371 0.0324035 0.0263608 0.0211915 0.0168303 0.0132022 0.0102267 0.00782103 0.00590414 0.00439884 0.00323401 0.00234589 0.00167873 0.001185 0.000825049 0.000566538 0.000383656 0.000256212 0.000168733 0.000109593 7.02242e-05 4.44376e-05 2.78537e-05 1.74462e-05 1.11887e-05 7.79953e-06 
8.78849e-06 9.64943e-06 1.32256e-05 2.03316e-05 3.24945e-05 5.21793e-05 8.31139e-05 0.000130736 0.00020277 0.000309952 0.000466887 0.000693041 0.00101382 0.00146169 0.00207724 0.0029101 0.00401956 0.00547475 0.00735426 0.00974503 0.0127404 0.0164376 0.0209336 0.0263219 0.0326865 0.0400982 0.0486088 0.058247 0.0690145 0.0808837 0.0937958 0.107661 0.12236 0.137745 0.153648 0.16988 0.186239 0.202518 0.218507 0.234001 0.248801 0.262725 0.275606 0.287295 0.297664 0.306606 0.314031 0.31987 0.324073 0.326602 0.327438 0.326573 0.324014 0.319782 0.313915 0.306463 0.297498 0.287108 0.275402 0.262511 0.248582 0.233785 0.218303 0.202333 0.186081 0.169756 0.153564 0.137706 0.122368 0.107718 0.0938997 0.0810319 0.0692021 0.0584675 0.0488549 0.0403618 0.0329592 0.0265956 0.021201 0.0166923 0.0129774 0.00996052 0.00754602 0.00564183 0.00416218 0.00302942 0.00217511 0.00154042 0.00107596 0.000741162 0.000503462 0.000337239 0.000222755 0.000145102 9.3244e-05 5.91724e-05 3.71967e-05 2.33692e-05 1.5038e-05 1.05214e-05 
1.17477e-05 1.29048e-05 1.76545e-05 2.70626e-05 4.31202e-05 6.90301e-05 0.000109618 0.000171891 0.000265764 0.000404943 0.000607984 0.000899486 0.00131137 0.00188418 0.00266828 0.00372482 0.00512631 0.00695659 0.00931011 0.0122903 0.0160068 0.0205723 0.0260976 0.0326865 0.0404303 0.0494018 0.0596496 0.0711938 0.0840215 0.098085 0.113301 0.12955 0.146682 0.164517 0.182851 0.201466 0.220129 0.238607 0.256667 0.274085 0.29065 0.30617 0.320471 0.333404 0.344839 0.354673 0.36282 0.369215 0.373809 0.376572 0.377483 0.376537 0.373739 0.369109 0.36268 0.3545 0.344635 0.33317 0.320214 0.305894 0.290363 0.273794 0.256382 0.238336 0.219882 0.201252 0.182678 0.164391 0.146609 0.129533 0.11334 0.0981789 0.0841661 0.0713831 0.0598761 0.0496566 0.040704 0.0329696 0.026381 0.0208479 0.0162678 0.0125314 0.00952767 0.00714855 0.00529203 0.0038649 0.00278428 0.00197832 0.00138627 0.000957933 0.000652725 0.000438546 0.00029053 0.0001898 0.000122316 7.78417e-05 4.90731e-05 3.0924e-05 1.99663e-05 1.40202e-05 
1.55117e-05 1.70467e-05 2.32771e-05 3.55801e-05 5.652e-05 9.02072e-05 0.000142811 0.000223252 0.000344096 0.000522628 0.000782133 0.00115331 0.00167575 0.00239946 0.00338612 0.00471011 0.00645892 0.00873286 0.0116438 0.0153131 0.0198676 0.0254358 0.0321416 0.0400982 0.0494018 0.0601241 0.0723069 0.0859568 0.101041 0.117487 0.135181 0.153971 0.173669 0.19406 0.214905 0.235952 0.256939 0.277608 0.297706 0.316994 0.335252 0.352283 0.367912 0.381993 0.394403 0.405042 0.413835 0.420722 0.425664 0.428631 0.429608 0.428591 0.425585 0.420604 0.413676 0.404844 0.394167 0.381722 0.367609 0.351952 0.334901 0.316631 0.29734 0.27725 0.2566 0.235641 0.214634 0.193838 0.173503 0.153866 0.135141 0.117512 0.101128 0.0861004 0.0725004 0.0603583 0.0496664 0.0403824 0.0324346 0.0257278 0.0201498 0.0155783 0.0118868 0.00895014 0.00664877 0.00487234 0.0035218 0.00251057 0.0017649 0.00122342 0.000836194 0.00056351 0.000374419 0.000245312 0.00015854 0.000101178 6.39669e-05 4.04306e-05 2.61908e-05 1.84564e-05 
2.02337e-05 2.22438e-05 3.03166e-05 4.621e-05 7.31864e-05 0.000116457 0.000183813 0.000286477 0.000440176 0.000666451 0.000994159 0.00146114 0.00211592 0.00301938 0.00424614 0.0058855 0.00804166 0.0108331 0.0143905 0.018854 0.0243683 0.0310774 0.0391173 0.0486088 0.0596496 0.0723069 0.0866108 0.102549 0.120064 0.139052 0.159364 0.180809 0.20316 0.226163 0.249542 0.273011 0.296283 0.319075 0.341118 0.362163 0.381988 0.400393 0.417211 0.432303 0.445557 0.456884 0.46622 0.473518 0.478744 0.48188 0.482912 0.481838 0.478661 0.473391 0.46605 0.456671 0.4453 0.432004 0.416872 0.400018 0.381583 0.361738 0.34068 0.318635 0.295854 0.272605 0.24917 0.225837 0.202891 0.180605 0.159231 0.138993 0.120078 0.102632 0.0867573 0.0725077 0.0598939 0.0488846 0.0394125 0.03138 0.0246676 0.0191408 0.0146577 0.0110754 0.00825617 0.0060709 0.0044028 0.00314889 0.00222073 0.00154423 0.0010587 0.000715599 0.000476867 0.00031333 0.000203068 0.000129958 8.23938e-05 5.22319e-05 3.39461e-05 2.40048e-05 
2.60761e-05 2.86749e-05 3.90084e-05 5.92935e-05 9.36311e-05 0.000148549 0.000233772 0.000363245 0.000556428 0.000839836 0.00124881 0.00182944 0.00264048 0.00375516 0.00526264 0.0072688 0.00989619 0.0132828 0.0175794 0.0229456 0.0295438 0.0375326 0.0470585 0.058247 0.0711938 0.0859568 0.102549 0.120934 0.141024 0.162677 0.185703 0.20987 0.234908 0.260522 0.286399 0.312221 0.337676 0.362461 0.386298 0.408933 0.430144 0.44974 0.467564 0.483492 0.497426 0.509296 0.519051 0.526659 0.532099 0.535359 0.536432 0.535317 0.532016 0.526532 0.51888 0.509078 0.49716 0.483178 0.467204 0.449336 0.4297 0.408458 0.385799 0.36195 0.337164 0.311723 0.285927 0.260091 0.234532 0.20956 0.185467 0.162521 0.140951 0.120943 0.102635 0.0861109 0.0714056 0.0585039 0.047347 0.0378389 0.029855 0.0232505 0.0178686 0.0135493 0.0101353 0.00747795 0.00544128 0.00390428 0.00276224 0.00192676 0.00132498 0.00089824 0.000600313 0.00039556 0.000257075 0.000164974 0.000104885 6.66841e-05 4.34778e-05 3.08494e-05 
3.32047e-05 3.65226e-05 4.95916e-05 7.51746e-05 0.000118366 0.000187247 0.000293813 0.000455193 0.000695179 0.00104604 0.00155055 0.00226418 0.00325724 0.00461678 0.00644805 0.00887509 0.0120402 0.0161022 0.0212325 0.0276104 0.0354155 0.0448197 0.0559771 0.0690145 0.0840215 0.101041 0.120064 0.141024 0.163794 0.188191 0.213982 0.240885 0.268587 0.296752 0.32503 0.353075 0.380551 0.407144 0.432569 0.456574 0.478947 0.499509 0.518122 0.534679 0.549106 0.561352 0.571386 0.579193 0.584764 0.588099 0.589198 0.588061 0.584686 0.579073 0.571222 0.561141 0.548845 0.534367 0.517757 0.499093 0.478482 0.456067 0.432026 0.406575 0.379969 0.352494 0.324465 0.29622 0.268104 0.240464 0.213636 0.187931 0.163624 0.140946 0.120076 0.101136 0.0841888 0.0692415 0.0562492 0.0451216 0.0357325 0.0279288 0.0215407 0.016391 0.0123031 0.00910803 0.00664926 0.00478645 0.00339704 0.00237685 0.00163941 0.00111466 0.000747083 0.000493645 0.000321699 0.000207004 0.000131967 8.41431e-05 5.50332e-05 3.91773e-05 
4.17817e-05 4.59653e-05 6.22983e-05 9.4184e-05 0.000147877 0.000233269 0.000364983 0.00056382 0.000858539 0.00128795 0.00190326 0.00277046 0.00397271 0.00561233 0.00781209 0.0107156 0.0144861 0.0193041 0.0253621 0.0328586 0.0419892 0.0529368 0.0658604 0.0808837 0.098085 0.117487 0.139052 0.162677 0.188191 0.215367 0.243918 0.273517 0.303804 0.334401 0.364925 0.395005 0.424287 0.452452 0.479213 0.50433 0.527603 0.548876 0.568033 0.584994 0.599709 0.612152 0.622315 0.630201 0.635818 0.639178 0.640285 0.639144 0.63575 0.630095 0.622168 0.61196 0.599468 0.5847 0.567683 0.548468 0.527138 0.503811 0.478647 0.451845 0.423653 0.394357 0.364279 0.333775 0.303217 0.272987 0.243461 0.214995 0.187916 0.162502 0.138979 0.117511 0.0981958 0.0810696 0.0661061 0.0532258 0.0423048 0.033185 0.0256854 0.0196128 0.0147715 0.0109718 0.00803605 0.00580315 0.00413143 0.00289946 0.00200579 0.0013677 0.000919257 0.000609078 0.000397991 0.000256776 0.000164135 0.000104948 6.88505e-05 4.91705e-05 
5.1957e-05 5.71673e-05 7.73408e-05 0.000116621 0.000182599 0.000287245 0.000448188 0.000690401 0.00104826 0.00156794 0.00231001 0.00335216 0.00479165 0.00674735 0.00936091 0.0127966 0.0172398 0.0228927 0.0299691 0.0386858 0.0492526 0.0618605 0.0766695 0.0937958 0.113301 0.135181 0.159364 0.185703 0.213982 0.243918 0.275175 0.307375 0.340112 0.372968 0.405532 0.43741 0.46824 0.497698 0.52551 0.551449 0.575338 0.597047 0.616491 0.633619 0.64841 0.660868 0.671007 0.678852 0.68443 0.687762 0.688863 0.687736 0.684377 0.678768 0.670887 0.660707 0.648203 0.633359 0.616173 0.596668 0.574894 0.550941 0.524942 0.497076 0.467574 0.436714 0.404822 0.372263 0.339432 0.306742 0.274608 0.243435 0.213596 0.185425 0.159196 0.135123 0.113344 0.0939298 0.0768787 0.0621276 0.0495593 0.0390143 0.030303 0.0232181 0.0175456 0.0130752 0.00960734 0.00695959 0.00496988 0.00349827 0.00242706 0.00165963 0.00111854 0.000743105 0.000486842 0.000314915 0.000201825 0.000129399 8.51448e-05 6.09952e-05 
6.38576e-05 7.02683e-05 9.48966e-05 0.00014273 0.000222882 0.000349672 0.000544119 0.000835879 0.00126559 0.00188758 0.00277277 0.00401156 0.0057165 0.00802422 0.0110963 0.0151188 0.0202993 0.0268625 0.0350422 0.0450723 0.0571742 0.0715442 0.0883385 0.107661 0.12955 0.153971 0.180809 0.20987 0.240885 0.273517 0.307375 0.34203 0.377033 0.411929 0.446282 0.479683 0.511766 0.542215 0.570768 0.597224 0.621434 0.6433 0.662771 0.679831 0.694491 0.706784 0.716753 0.724443 0.729899 0.733155 0.734232 0.733138 0.729864 0.724386 0.716668 0.706665 0.69433 0.67962 0.662503 0.642968 0.621032 0.59675 0.570222 0.5416 0.511092 0.47896 0.445527 0.411161 0.376273 0.341303 0.306704 0.272924 0.240388 0.209483 0.18054 0.153822 0.129517 0.107733 0.0885017 0.0717805 0.0574643 0.0453962 0.0353814 0.0272006 0.0206231 0.0154181 0.0113645 0.00825775 0.00591454 0.00417534 0.00290502 0.00199193 0.0013461 0.000896621 0.000588918 0.000381903 0.000245378 0.000157742 0.000104093 7.47911e-05 
7.7577e-05 8.53703e-05 0.000115093 0.000172682 0.000268956 0.000420861 0.000653185 0.00100076 0.00151113 0.00224753 0.0032921 0.00474897 0.006747 0.00944157 0.0130152 0.017676 0.0236544 0.0311967 0.0405561 0.0519814 0.065703 0.0819181 0.100775 0.12236 0.146682 0.173669 0.20316 0.234908 0.268587 0.303804 0.340112 0.377033 0.414075 0.450755 0.486614 0.521237 0.554259 0.585378 0.614358 0.641024 0.665262 0.687013 0.706263 0.723031 0.737366 0.74933 0.758992 0.766423 0.771683 0.774818 0.775857 0.774812 0.771669 0.766397 0.758948 0.749259 0.73726 0.722881 0.706058 0.686744 0.664921 0.640604 0.613856 0.584795 0.553599 0.52051 0.485835 0.449943 0.413253 0.376226 0.339348 0.303108 0.267982 0.234412 0.202786 0.173424 0.146564 0.122361 0.100883 0.0821152 0.0659685 0.0522941 0.0408952 0.0315434 0.0239929 0.0179939 0.0133039 0.00969589 0.00696483 0.00493073 0.00344003 0.00236511 0.00160244 0.00107007 0.000704583 0.000458025 0.000295011 0.000190135 0.000125818 9.06586e-05 
9.31641e-05 0.000102526 0.000137991 0.000206549 0.000320902 0.00050089 0.000775437 0.00118503 0.0017847 0.00264729 0.00386696 0.00556244 0.00787976 0.0109939 0.0151086 0.0204549 0.0272854 0.0358674 0.0464718 0.0593601 0.0747682 0.0928902 0.113862 0.137745 0.164517 0.19406 0.226163 0.260522 0.296752 0.334401 0.372968 0.411929 0.450755 0.488935 0.525998 0.561527 0.595168 0.626641 0.655737 0.682317 0.706308 0.72769 0.746489 0.762766 0.776602 0.788092 0.797333 0.804414 0.809413 0.81239 0.81338 0.812395 0.809422 0.804421 0.797332 0.788075 0.776559 0.762685 0.746359 0.727498 0.706043 0.681969 0.655299 0.626111 0.594547 0.56082 0.525219 0.488102 0.44989 0.411061 0.372125 0.333611 0.296044 0.25992 0.225684 0.193715 0.164309 0.13767 0.113908 0.0930403 0.0750018 0.0596549 0.0468051 0.036218 0.0276351 0.020789 0.0154163 0.0112681 0.00811707 0.00576223 0.00403087 0.0027785 0.00188726 0.00126335 0.000833832 0.000543322 0.000350779 0.000226636 0.000150373 0.000108647 
0.000110612 0.000121728 0.000163571 0.000244283 0.00037862 0.000589566 0.000910517 0.00138805 0.0020852 0.00308506 0.00449449 0.00644752 0.00910801 0.012671 0.0173621 0.0234346 0.0311633 0.040835 0.0527366 0.067139 0.0842806 0.104348 0.127459 0.153648 0.182851 0.214905 0.249542 0.286399 0.32503 0.364925 0.405532 0.446282 0.486614 0.525998 0.563956 0.600076 0.634024 0.665545 0.694466 0.720689 0.744183 0.764972 0.783124 0.798738 0.81193 0.822827 0.83155 0.838209 0.842898 0.845686 0.846616 0.845702 0.842929 0.83825 0.831594 0.822866 0.811953 0.798731 0.783075 0.764866 0.744006 0.720428 0.69411 0.665087 0.633461 0.599412 0.563199 0.525165 0.485728 0.44537 0.404625 0.364055 0.32423 0.285696 0.24896 0.21446 0.182551 0.15349 0.127436 0.104444 0.0844757 0.0674096 0.0530585 0.041185 0.0315207 0.0237823 0.0176869 0.012964 0.00936417 0.00666513 0.00467446 0.00323015 0.00219935 0.00147572 0.000976235 0.000637548 0.000412549 0.000267177 0.000177724 0.000128741 
0.000129851 0.000142897 0.000191719 0.000285701 0.000441806 0.000686384 0.0010576 0.0016085 0.00241058 0.00355768 0.00516991 0.00739711 0.0104214 0.0144583 0.019755 0.026587 0.03525 0.046049 0.0592844 0.075234 0.0941345 0.116161 0.141409 0.16988 0.201466 0.235952 0.273011 0.312221 0.353075 0.395005 0.43741 0.479683 0.521237 0.561527 0.600076 0.636487 0.670447 0.701737 0.730223 0.755851 0.778634 0.798642 0.815985 0.830799 0.843236 0.853449 0.861583 0.867767 0.872109 0.874688 0.875551 0.874715 0.872162 0.867841 0.861671 0.853542 0.843323 0.830867 0.816019 0.798626 0.778552 0.755685 0.72996 0.701365 0.66996 0.635883 0.599362 0.560716 0.520349 0.478747 0.436457 0.394069 0.352193 0.311427 0.272332 0.235408 0.201072 0.169637 0.141314 0.116198 0.0942853 0.0754748 0.0595897 0.0463938 0.0356113 0.0269453 0.0200948 0.0147686 0.0106956 0.0076321 0.00536579 0.00371672 0.0025365 0.00170577 0.00113089 0.00074014 0.000479973 0.000311545 0.00020774 0.000150855 
0.000150738 0.000165875 0.000222219 0.000330471 0.000509934 0.000790511 0.00121539 0.00184437 0.00275777 0.00406056 0.00588646 0.00840146 0.0118062 0.0163364 0.022261 0.0298766 0.0394985 0.0514485 0.0660377 0.0835478 0.10421 0.128185 0.15554 0.186239 0.220129 0.256939 0.296283 0.337676 0.380551 0.424287 0.46824 0.511766 0.554259 0.595168 0.634024 0.670447 0.704157 0.734971 0.7628 0.787635 0.809536 0.828617 0.845029 0.858945 0.870547 0.880015 0.887515 0.893193 0.897166 0.899521 0.900313 0.899559 0.897238 0.893296 0.887643 0.880159 0.870696 0.859086 0.845145 0.828692 0.809551 0.78757 0.762638 0.734697 0.703759 0.66992 0.63337 0.594397 0.553389 0.510824 0.467257 0.423302 0.379601 0.336799 0.295513 0.256302 0.219643 0.185911 0.155368 0.128159 0.104312 0.083754 0.0663218 0.0517838 0.0398601 0.0302424 0.0226135 0.0166624 0.0120972 0.00865317 0.00609791 0.00423343 0.00289549 0.00195134 0.00129639 0.000850197 0.000552479 0.000359376 0.000240186 0.00017482 
