1.42395e-44 1.67405e-45 2.91112e-45 3.69884e-44 4.71112e-43 5.74353e-42 6.69755e-41 7.4667e-40 7.95402e-39 8.09165e-38 7.85601e-37 7.27415e-36 6.4189e-35 5.39389e-34 4.31284e-33 3.27863e-32 2.36779e-31 1.62325e-30 1.05564e-29 6.50831e-29 3.80227e-28 2.10432e-27 1.10313e-26 5.47805e-26 2.57762e-25 1.14959e-24 4.86088e-24 1.9488e-23 7.40612e-23 2.6663e-22 9.08458e-22 2.92614e-21 8.90038e-21 2.5542e-20 6.91075e-20 1.76178e-19 4.22931e-19 9.55482e-19 2.03031e-18 4.05395e-18 7.58834e-18 1.32505e-17 2.14239e-17 3.18251e-17 4.32586e-17 5.39776e-17 6.25278e-17 6.83622e-17 7.17936e-17 7.3522e-17 7.41788e-17 7.40794e-17 7.31401e-17 7.08827e-17 6.65696e-17 5.95758e-17 4.99397e-17 3.86968e-17 2.75543e-17 1.80544e-17 1.09503e-17 6.19102e-18 3.28166e-18 1.637e-18 7.70147e-19 3.42171e-19 1.43714e-19 5.71128e-20 2.14945e-20 7.66769e-21 2.59517e-21 8.34253e-22 2.55012e-22 7.42089e-23 2.05796e-23 5.44351e-24 1.37427e-24 3.31294e-25 7.62866e-26 1.67837e-26 3.52892e-27 7.09322e-28 1.36351e-28 2.50784e-29 4.41586e-30 7.44892e-31 1.20463e-31 1.86913e-32 2.78493e-33 3.98792e-34 5.49307e-35 7.28449e-36 9.3084e-37 1.14714e-37 1.36454e-38 1.568e-39 1.74199e-40 1.87252e-41 1.94904e-42 1.96721e-43 
1.67405e-45 2.00073e-46 3.67657e-46 4.86977e-45 6.45136e-44 8.187e-43 9.94567e-42 1.15606e-40 1.28512e-39 1.36548e-38 1.38593e-37 1.34286e-36 1.24123e-35 1.0937e-34 9.17989e-34 7.33412e-33 5.57318e-32 4.02522e-31 2.76134e-30 1.79821e-29 1.11107e-28 6.51143e-28 3.61875e-27 1.90702e-26 9.52968e-26 4.51581e-25 2.02904e-24 8.64196e-24 3.48677e-23 1.33137e-22 4.8051e-22 1.63699e-21 5.25743e-21 1.59008e-20 4.52476e-20 1.21044e-19 3.04151e-19 7.17287e-19 1.58658e-18 3.28862e-18 6.37323e-18 1.14872e-17 1.90908e-17 2.89755e-17 3.99399e-17 5.01631e-17 5.81642e-17 6.34635e-17 6.64657e-17 6.79167e-17 6.84437e-17 6.83448e-17 6.75309e-17 6.55253e-17 6.15686e-17 5.49777e-17 4.57422e-17 3.49271e-17 2.43224e-17 1.54868e-17 9.08502e-18 4.95128e-18 2.52291e-18 1.20659e-18 5.42758e-19 2.29948e-19 9.18594e-20 3.46387e-20 1.23428e-20 4.16056e-21 1.32828e-21 4.02144e-22 1.15619e-22 3.16107e-23 8.22955e-24 2.04253e-24 4.8377e-25 1.09431e-25 2.3657e-26 4.89042e-27 9.67241e-28 1.83132e-28 3.32116e-29 5.77297e-30 9.62503e-31 1.54041e-31 2.36842e-32 3.50143e-33 4.98174e-34 6.82735e-35 9.02085e-36 1.15014e-36 1.41626e-37 1.68572e-38 1.94104e-39 2.1639e-40 2.33734e-41 2.44796e-42 2.48766e-43 2.45669e-44 
2.91112e-45 3.67657e-46 1.47171e-45 2.12298e-44 2.96589e-43 3.9543e-42 5.03055e-41 6.10536e-40 7.06707e-39 7.79922e-38 8.20281e-37 8.2179e-36 7.83799e-35 7.11263e-34 6.13698e-33 5.03131e-32 3.91659e-31 2.89294e-30 2.02624e-29 1.34497e-28 8.45652e-28 5.0347e-27 2.83769e-26 1.51403e-25 7.64718e-25 3.65675e-24 1.65547e-23 7.09413e-23 2.87616e-22 1.10229e-21 3.98895e-21 1.36128e-20 4.37556e-20 1.32337e-19 3.76308e-19 1.00532e-18 2.52142e-18 5.93274e-18 1.30885e-17 2.70547e-17 5.22939e-17 9.40478e-17 1.56037e-16 2.36509e-16 3.25584e-16 4.08354e-16 4.72819e-16 5.15252e-16 5.39117e-16 5.50554e-16 5.54653e-16 5.53791e-16 5.47204e-16 5.3098e-16 4.98894e-16 4.45341e-16 3.70239e-16 2.82348e-16 1.96329e-16 1.24841e-16 7.31686e-17 3.98578e-17 2.03044e-17 9.70718e-18 4.36341e-18 1.84624e-18 7.3605e-19 2.76759e-19 9.82369e-20 3.2949e-20 1.04534e-20 3.14065e-21 8.94696e-22 2.41972e-22 6.21995e-23 1.52112e-23 3.54188e-24 7.85689e-25 1.66118e-25 3.34887e-26 6.43965e-27 1.18164e-27 2.07002e-28 3.46387e-29 5.5401e-30 8.47488e-31 1.24087e-31 1.74033e-32 2.33987e-33 3.01823e-34 3.73825e-35 4.44925e-36 5.09276e-37 5.61058e-38 5.95366e-39 6.08989e-40 6.00903e-41 5.72381e-42 5.26701e-43 4.68885e-44 
3.69884e-44 4.86977e-45 2.12298e-44 3.01645e-43 4.14655e-42 5.44312e-41 6.82161e-40 8.16027e-39 9.31468e-38 1.01417e-36 1.05275e-35 1.04133e-34 9.80935e-34 8.79417e-33 7.49809e-32 6.07561e-31 4.67507e-30 3.41369e-29 2.3637e-28 1.551e-27 9.63929e-27 5.67174e-26 3.15873e-25 1.66492e-24 8.3057e-24 3.92208e-23 1.75327e-22 7.41881e-22 2.97035e-21 1.12445e-20 4.02038e-20 1.35593e-19 4.30842e-19 1.28845e-18 3.62365e-18 9.57773e-18 2.3775e-17 5.53897e-17 1.21047e-16 2.47992e-16 4.75441e-16 8.48963e-16 1.40026e-15 2.11277e-15 2.89887e-15 3.62755e-15 4.19406e-15 4.56646e-15 4.7757e-15 4.87587e-15 4.91159e-15 4.90356e-15 4.8448e-15 4.70063e-15 4.4162e-15 3.94241e-15 3.27904e-15 2.50348e-15 1.74455e-15 1.11315e-15 6.55534e-16 3.59228e-16 1.84258e-16 8.87551e-17 4.02161e-17 1.71597e-17 6.90128e-18 2.6185e-18 9.38126e-19 3.17655e-19 1.01762e-19 3.0878e-20 8.88578e-21 2.42804e-21 6.30678e-22 1.55864e-22 3.66747e-23 8.22044e-24 1.7559e-24 3.57545e-25 6.94286e-26 1.28617e-26 2.27414e-27 3.84007e-28 6.19642e-29 9.56154e-30 1.41197e-30 1.997e-31 2.70727e-32 3.52082e-33 4.39608e-34 5.27404e-35 6.08442e-36 6.75499e-37 7.22239e-38 7.44215e-39 7.39567e-40 7.09263e-41 6.56848e-42 5.88217e-43 
4.71112e-43 6.45136e-44 2.96589e-43 4.14655e-42 5.60747e-41 7.24598e-40 8.9447e-39 1.05452e-37 1.18688e-36 1.27478e-35 1.30594e-34 1.27532e-33 1.18644e-32 1.05075e-31 8.85233e-31 7.08895e-30 5.39168e-29 3.89168e-28 2.66372e-27 1.72771e-26 1.06126e-25 6.17065e-25 3.39525e-24 1.76762e-23 8.70761e-23 4.05949e-22 1.79133e-21 7.48201e-21 2.95723e-20 1.10534e-19 3.90311e-19 1.30044e-18 4.08317e-18 1.20693e-17 3.35593e-17 8.77236e-17 2.15441e-16 4.96791e-16 1.07508e-15 2.18224e-15 4.14828e-15 7.35227e-15 1.20523e-14 1.80987e-14 2.47468e-14 3.08937e-14 3.56633e-14 3.87943e-14 4.05516e-14 4.13919e-14 4.16901e-14 4.16186e-14 4.11163e-14 3.98887e-14 3.74727e-14 3.34561e-14 2.78411e-14 2.12829e-14 1.48658e-14 9.5205e-15 5.63519e-15 3.10752e-15 1.60548e-15 7.79453e-16 3.5615e-16 1.53306e-16 6.22229e-17 2.38329e-17 8.62186e-18 2.94853e-18 9.54192e-19 2.9255e-19 8.50824e-20 2.35005e-20 6.17116e-21 1.54194e-21 3.66808e-22 8.31128e-23 1.79431e-23 3.69195e-24 7.24251e-25 1.35511e-25 2.41951e-26 4.12484e-27 6.71897e-28 1.0465e-28 1.55975e-29 2.22645e-30 3.04632e-31 3.99858e-32 5.03931e-33 6.10277e-34 7.10759e-35 7.96702e-36 8.60153e-37 8.95109e-38 8.98466e-39 8.7045e-40 8.14484e-41 7.37074e-42 
5.74353e-42 8.187e-43 3.9543e-42 5.44312e-41 7.24598e-40 9.2227e-39 1.12201e-37 1.30431e-36 1.4482e-35 1.53511e-34 1.55266e-33 1.49752e-32 1.37635e-31 1.20456e-30 1.00306e-29 7.94068e-29 5.97113e-28 4.26138e-27 2.88389e-26 1.84929e-25 1.12289e-24 6.45269e-24 3.50801e-23 1.80395e-22 8.77504e-22 4.03843e-21 1.7588e-20 7.24968e-20 2.82787e-19 1.04331e-18 3.63724e-18 1.19679e-17 3.71199e-17 1.08413e-16 2.97928e-16 7.69929e-16 1.87008e-15 4.2667e-15 9.14005e-15 1.83757e-14 3.4624e-14 6.08923e-14 9.91808e-14 1.48201e-13 2.01907e-13 2.51429e-13 2.89777e-13 3.1491e-13 3.28998e-13 3.35726e-13 3.381e-13 3.37493e-13 3.33393e-13 3.23411e-13 3.0381e-13 2.71287e-13 2.25889e-13 1.72915e-13 1.21083e-13 7.78488e-14 4.63261e-14 2.57156e-14 1.33862e-14 6.55242e-15 3.0201e-15 1.31192e-15 5.37546e-16 2.07917e-16 7.59741e-17 2.62492e-17 8.58392e-18 2.66002e-18 7.82081e-19 2.18421e-19 5.8001e-20 1.46553e-20 3.52523e-21 8.07542e-22 1.76214e-22 3.66377e-23 7.26055e-24 1.37198e-24 2.47336e-25 4.25663e-26 6.99828e-27 1.10003e-27 1.65449e-28 2.38313e-29 3.29028e-30 4.35809e-31 5.54262e-32 6.77418e-33 7.96302e-34 9.00998e-35 9.82038e-36 1.03184e-36 1.04588e-37 1.02337e-38 9.67275e-40 8.84363e-41 
6.69755e-41 9.94567e-42 5.03055e-41 6.82161e-40 8.9447e-39 1.12201e-37 1.34597e-36 1.54354e-35 1.69144e-34 1.77023e-33 1.76841e-32 1.68512e-31 1.53061e-30 1.32416e-29 1.09018e-28 8.53396e-28 6.34615e-27 4.47897e-26 2.99755e-25 1.90069e-24 1.141e-23 6.48081e-23 3.48141e-22 1.76837e-21 8.49355e-21 3.85827e-20 1.65812e-19 6.74312e-19 2.59499e-18 9.44652e-18 3.25023e-17 1.05574e-16 3.23341e-16 9.3273e-16 2.5323e-15 6.46715e-15 1.5529e-14 3.50419e-14 7.4279e-14 1.47853e-13 2.76038e-13 4.81546e-13 7.79097e-13 1.15813e-12 1.57183e-12 1.95223e-12 2.24613e-12 2.43841e-12 2.54604e-12 2.59736e-12 2.61536e-12 2.61045e-12 2.57854e-12 2.50116e-12 2.34956e-12 2.09846e-12 1.74847e-12 1.34043e-12 9.41167e-13 6.07647e-13 3.63655e-13 2.03272e-13 1.06651e-13 5.26539e-14 2.44901e-14 1.07399e-14 4.44417e-15 1.7365e-15 6.41154e-16 2.23881e-16 7.40086e-17 2.31885e-17 6.89482e-18 1.94767e-18 5.23166e-19 1.3371e-19 3.25283e-20 7.53425e-21 1.66184e-21 3.49148e-22 6.98944e-23 1.33376e-23 2.42752e-24 4.21682e-25 6.99644e-26 1.10968e-26 1.68396e-27 2.44716e-28 3.4087e-29 4.55514e-30 5.84505e-31 7.20818e-32 8.55026e-33 9.76343e-34 1.07407e-34 1.1392e-35 1.16577e-36 1.15177e-37 1.09939e-38 1.01525e-39 
7.4667e-40 1.15606e-40 6.10536e-40 8.16027e-39 1.05452e-37 1.30431e-36 1.54354e-35 1.74699e-34 1.89016e-33 1.95387e-32 1.9285e-31 1.8162e-30 1.63081e-29 1.39501e-28 1.13581e-27 8.79392e-27 6.46839e-26 4.51568e-25 2.98914e-24 1.87445e-23 1.11261e-22 6.24689e-22 3.31601e-21 1.66374e-20 7.88975e-20 3.53709e-19 1.49965e-18 6.01519e-18 2.28296e-17 8.1967e-17 2.78208e-16 8.91697e-16 2.69551e-15 7.6765e-15 2.05805e-14 5.19174e-14 1.23187e-13 2.74803e-13 5.7614e-13 1.13494e-12 2.09863e-12 3.6301e-12 5.83194e-12 8.62188e-12 1.16551e-11 1.44356e-11 1.65787e-11 1.79781e-11 1.87601e-11 1.91323e-11 1.92621e-11 1.92243e-11 1.8988e-11 1.84172e-11 1.73013e-11 1.54564e-11 1.28884e-11 9.89695e-12 6.96944e-12 4.51992e-12 2.72141e-12 1.53242e-12 8.10724e-13 4.03867e-13 1.89637e-13 8.39938e-14 3.51163e-14 1.38671e-14 5.17571e-15 1.8273e-15 6.10877e-16 1.93606e-16 5.82412e-17 1.66472e-17 4.52474e-18 1.17005e-18 2.87936e-19 6.7443e-20 1.5038e-20 3.19266e-21 6.456e-22 1.24403e-22 2.28568e-23 4.00713e-24 6.70866e-25 1.07351e-25 1.64338e-26 2.40907e-27 3.38488e-28 4.56277e-29 5.90613e-30 7.34774e-31 8.79337e-32 1.01314e-32 1.1247e-33 1.2039e-34 1.2435e-35 1.24025e-36 1.19526e-37 1.11461e-38 
7.95402e-39 1.28512e-39 7.06707e-39 9.31468e-38 1.18688e-36 1.4482e-35 1.69144e-34 1.89016e-33 2.01991e-32 2.06304e-31 2.01251e-30 1.87373e-29 1.66368e-28 1.40751e-27 1.13357e-26 8.68246e-26 6.3182e-25 4.36368e-24 2.85744e-23 1.77231e-22 1.04028e-21 5.774e-21 3.02878e-20 1.50099e-19 7.02718e-19 3.10865e-18 1.29995e-17 5.14111e-17 1.92353e-16 6.80829e-16 2.27844e-15 7.2022e-15 2.14776e-14 6.03551e-14 1.59704e-13 3.97745e-13 9.32073e-13 2.05445e-12 4.25806e-12 8.29703e-12 1.51881e-11 2.60379e-11 4.15215e-11 6.1031e-11 8.21531e-11 1.01453e-10 1.16291e-10 1.25958e-10 1.31352e-10 1.33913e-10 1.348e-10 1.34524e-10 1.32863e-10 1.28865e-10 1.21066e-10 1.08191e-10 9.02959e-11 6.94653e-11 4.90745e-11 3.19812e-11 1.93807e-11 1.09988e-11 5.87024e-12 2.9521e-12 1.40008e-12 6.26622e-13 2.64821e-13 1.0574e-13 3.99141e-14 1.42548e-14 4.82163e-15 1.54648e-15 4.70892e-16 1.36251e-16 3.74874e-17 9.81105e-18 2.44287e-18 5.7872e-19 1.30456e-19 2.79883e-20 5.71686e-21 1.11232e-21 2.06292e-22 3.64964e-23 6.16468e-24 9.95107e-25 1.53655e-25 2.27181e-26 3.21935e-27 4.37679e-28 5.71408e-29 7.17028e-30 8.65582e-31 1.00607e-31 1.12681e-32 1.21705e-33 1.2686e-34 1.27703e-35 1.2423e-36 1.16958e-37 
8.09165e-38 1.36548e-38 7.79922e-38 1.01417e-36 1.27478e-35 1.53511e-34 1.77023e-33 1.95387e-32 2.06304e-31 2.08255e-30 2.00844e-29 1.84913e-28 1.6239e-27 1.35907e-26 1.08293e-25 8.20709e-25 5.90945e-24 4.03834e-23 2.61627e-22 1.6052e-21 9.31778e-21 5.11288e-20 2.65032e-19 1.29728e-18 5.99537e-18 2.61658e-17 1.0789e-16 4.2055e-16 1.55043e-15 5.407e-15 1.7831e-14 5.55552e-14 1.63338e-13 4.52656e-13 1.18148e-12 2.90328e-12 6.71531e-12 1.46166e-11 2.9931e-11 5.76579e-11 1.04429e-10 1.77348e-10 2.80589e-10 4.09903e-10 5.49286e-10 6.76211e-10 7.73515e-10 8.36771e-10 8.71987e-10 8.88676e-10 8.94412e-10 8.92508e-10 8.81446e-10 8.54916e-10 8.03262e-10 7.18143e-10 5.99973e-10 4.62513e-10 3.27902e-10 2.14818e-10 1.31091e-10 7.50188e-11 4.04137e-11 2.05282e-11 9.83903e-12 4.45225e-12 1.90309e-12 7.68765e-13 2.93646e-13 1.06143e-13 3.63461e-14 1.18042e-14 3.64006e-15 1.06671e-15 2.97212e-16 7.87522e-17 1.98448e-17 4.75571e-18 1.08391e-18 2.35001e-19 4.84859e-20 9.52522e-21 1.78304e-21 3.18302e-22 5.42394e-23 8.83111e-24 1.37526e-24 2.05053e-25 2.93025e-26 4.0173e-27 5.28904e-28 6.69328e-29 8.14914e-30 9.55367e-31 1.07937e-31 1.17613e-32 1.23694e-33 1.25648e-34 1.2336e-35 1.17228e-36 
7.85601e-37 1.38593e-37 8.20281e-37 1.05275e-35 1.30594e-34 1.55266e-33 1.76841e-32 1.9285e-31 2.01251e-30 2.00844e-29 1.91543e-28 1.74428e-27 1.51541e-26 1.25488e-25 9.89449e-25 7.42069e-24 5.28774e-23 3.5758e-22 2.2922e-21 1.39128e-20 7.98726e-20 4.33301e-19 2.21953e-18 1.07298e-17 4.89443e-17 2.10696e-16 8.56382e-16 3.28873e-15 1.19407e-14 4.10052e-14 1.33166e-13 4.08669e-13 1.18382e-12 3.23317e-12 8.3186e-12 2.01556e-11 4.59848e-11 9.87725e-11 1.99706e-10 3.80085e-10 6.80711e-10 1.1445e-09 1.79563e-09 2.60604e-09 3.47543e-09 4.26422e-09 4.86713e-09 5.25809e-09 5.47527e-09 5.57794e-09 5.61295e-09 5.60054e-09 5.53092e-09 5.36456e-09 5.0413e-09 4.50942e-09 3.7719e-09 2.91447e-09 2.07432e-09 1.3668e-09 8.40387e-10 4.85246e-10 2.64019e-10 1.35542e-10 6.56948e-11 3.00755e-11 1.30107e-11 5.32061e-12 2.05783e-12 7.53332e-13 2.61312e-13 8.59881e-14 2.68702e-14 7.97925e-15 2.25246e-15 6.04472e-16 1.54197e-16 3.73869e-17 8.61631e-18 1.88791e-18 3.93452e-19 7.80409e-20 1.47441e-20 2.65568e-21 4.56485e-22 7.49596e-23 1.17718e-23 1.76984e-24 2.55015e-25 3.52521e-26 4.67976e-27 5.97172e-28 7.33185e-29 8.66854e-30 9.87781e-31 1.08568e-31 1.15187e-32 1.18051e-33 1.1695e-34 1.12159e-35 
7.27415e-36 1.34286e-36 8.2179e-36 1.04133e-34 1.27532e-33 1.49752e-32 1.68512e-31 1.8162e-30 1.87373e-29 1.84913e-28 1.74428e-27 1.57142e-26 1.35085e-25 1.10698e-24 8.6383e-24 6.41204e-23 4.52207e-22 3.02641e-21 1.91972e-20 1.15276e-19 6.54539e-19 3.5105e-18 1.77691e-17 8.4832e-17 3.81884e-16 1.62116e-15 6.4931e-15 2.45552e-14 8.77539e-14 2.96543e-13 9.47662e-13 2.86239e-12 8.16315e-12 2.19551e-11 5.56412e-11 1.32829e-10 2.98688e-10 6.32637e-10 1.26203e-09 2.37137e-09 4.19662e-09 6.98097e-09 1.08548e-08 1.56434e-08 2.07546e-08 2.53739e-08 2.88933e-08 3.11693e-08 3.24307e-08 3.30254e-08 3.32264e-08 3.31503e-08 3.27375e-08 3.17546e-08 2.98481e-08 2.6716e-08 2.23779e-08 1.73366e-08 1.23929e-08 8.21776e-09 5.09427e-09 2.96994e-09 1.63319e-09 8.4801e-10 4.15939e-10 1.9279e-10 8.44697e-11 3.49943e-11 1.37143e-11 5.08831e-12 1.78926e-12 5.96987e-13 1.89169e-13 5.69581e-14 1.62983e-14 4.43151e-15 1.14469e-15 2.80857e-16 6.54575e-17 1.44953e-17 3.05142e-18 6.11075e-19 1.16515e-19 2.11735e-20 3.67107e-21 6.07939e-22 9.62684e-23 1.45932e-23 2.11999e-24 2.95459e-25 3.95445e-26 5.08779e-27 6.29843e-28 7.50906e-29 8.62894e-30 9.56531e-31 1.02363e-31 1.05829e-32 1.05775e-33 1.02358e-34 
6.4189e-35 1.24123e-35 7.83799e-35 9.80935e-34 1.18644e-32 1.37635e-31 1.53061e-30 1.63081e-29 1.66368e-28 1.6239e-27 1.51541e-26 1.35085e-25 1.14918e-24 9.32039e-24 7.19897e-23 5.28928e-22 3.69221e-21 2.44563e-20 1.53515e-19 9.12021e-19 5.12169e-18 2.71568e-17 1.35823e-16 6.40305e-16 2.84413e-15 1.19035e-14 4.69636e-14 1.74813e-13 6.14534e-13 2.042e-12 6.41615e-12 1.90575e-11 5.34602e-11 1.41471e-10 3.52853e-10 8.29217e-10 1.83621e-09 3.83176e-09 7.53545e-09 1.39679e-08 2.44065e-08 4.01385e-08 6.18127e-08 8.84089e-08 1.16643e-07 1.42052e-07 1.61345e-07 1.73786e-07 1.80663e-07 1.83896e-07 1.84979e-07 1.84541e-07 1.82242e-07 1.76787e-07 1.66226e-07 1.489e-07 1.24926e-07 9.70754e-08 6.97335e-08 4.65653e-08 2.91255e-08 1.71578e-08 9.54362e-09 5.01596e-09 2.4918e-09 1.17032e-09 5.19764e-10 2.18321e-10 8.67669e-11 3.26541e-11 1.165e-11 3.94443e-12 1.26837e-12 3.87483e-13 1.12451e-13 3.09913e-14 8.10846e-15 2.01361e-15 4.74649e-16 1.06236e-16 2.25904e-17 4.56747e-18 8.7891e-19 1.61137e-19 2.81787e-20 4.70579e-21 7.51348e-22 1.14829e-22 1.68173e-23 2.36283e-24 3.18814e-25 4.13531e-26 5.16132e-27 6.20428e-28 7.18911e-29 8.0365e-30 8.6737e-31 9.04496e-32 9.11958e-33 8.90349e-34 
5.39389e-34 1.0937e-34 7.11263e-34 8.79417e-33 1.05075e-31 1.20456e-30 1.32416e-29 1.39501e-28 1.40751e-27 1.35907e-26 1.25488e-25 1.10698e-24 9.32039e-24 7.48228e-23 5.72071e-22 4.16065e-21 2.87488e-20 1.88473e-19 1.17075e-18 6.88121e-18 3.82186e-17 2.00331e-16 9.89936e-16 4.60769e-15 2.01908e-14 8.32895e-14 3.23572e-13 1.18488e-12 4.09454e-12 1.33675e-11 4.12587e-11 1.20391e-10 3.31865e-10 8.63235e-10 2.11689e-09 4.89243e-09 1.06581e-08 2.18914e-08 4.24001e-08 7.74602e-08 1.33518e-07 2.16903e-07 3.30567e-07 4.68931e-07 6.14955e-07 7.45777e-07 8.44744e-07 9.08361e-07 9.43429e-07 9.59867e-07 9.65318e-07 9.62959e-07 9.50976e-07 9.22644e-07 8.67888e-07 7.78175e-07 6.54152e-07 5.10083e-07 3.68443e-07 2.47953e-07 1.56616e-07 9.33116e-08 5.25464e-08 2.79809e-08 1.40916e-08 6.71277e-09 3.02482e-09 1.28939e-09 5.20155e-10 1.98753e-10 7.20113e-11 2.47641e-11 8.08773e-12 2.50865e-12 7.38788e-13 2.06467e-13 5.47321e-14 1.37596e-14 3.28081e-15 7.42239e-16 1.59437e-16 3.25468e-17 6.32059e-18 1.16907e-18 2.06199e-19 3.4724e-20 5.58996e-21 8.61286e-22 1.27161e-22 1.80104e-23 2.44974e-24 3.20327e-25 4.03057e-26 4.88476e-27 5.70696e-28 6.43296e-29 7.00168e-30 7.36381e-31 7.48887e-32 7.37567e-33 
4.31284e-33 9.17989e-34 6.13698e-33 7.49809e-32 8.85233e-31 1.00306e-29 1.09018e-28 1.13581e-27 1.13357e-26 1.08293e-25 9.89449e-25 8.6383e-24 7.19897e-23 5.72071e-22 4.32974e-21 3.11722e-20 2.13204e-19 1.3834e-18 8.50358e-18 4.94461e-17 2.71591e-16 1.40721e-15 6.8696e-15 3.15647e-14 1.36423e-13 5.54506e-13 2.12032e-12 7.63406e-12 2.59136e-11 8.30457e-11 2.51526e-10 7.20219e-10 1.94867e-09 4.97678e-09 1.19861e-08 2.7213e-08 5.8257e-08 1.17646e-07 2.24172e-07 4.03208e-07 6.84915e-07 1.09801e-06 1.6546e-06 2.32624e-06 3.03054e-06 3.65844e-06 4.13157e-06 4.43469e-06 4.60129e-06 4.67912e-06 4.70467e-06 4.69284e-06 4.63463e-06 4.49747e-06 4.23282e-06 3.79975e-06 3.20151e-06 2.50646e-06 1.82184e-06 1.23675e-06 7.89653e-07 4.76311e-07 2.71834e-07 1.46811e-07 7.50357e-08 3.62934e-08 1.66105e-08 7.19327e-09 2.94869e-09 1.14519e-09 4.21826e-10 1.4749e-10 4.89671e-11 1.54332e-11 4.61493e-12 1.3084e-12 3.51529e-13 8.94836e-14 2.15853e-14 4.93657e-15 1.07125e-15 2.20796e-16 4.32745e-17 8.07524e-18 1.43656e-18 2.43951e-19 3.9596e-20 6.15057e-21 9.15421e-22 1.30699e-22 1.79206e-23 2.36219e-24 2.99636e-25 3.66099e-26 4.31238e-27 4.90132e-28 5.37939e-29 5.70562e-30 5.85234e-31 5.81406e-32 
3.27863e-32 7.33412e-33 5.03131e-32 6.07561e-31 7.08895e-30 7.94068e-29 8.53396e-28 8.79392e-27 8.68246e-26 8.20709e-25 7.42069e-24 6.41204e-23 5.28928e-22 4.16065e-21 3.11722e-20 2.22156e-19 1.50397e-18 9.65801e-18 5.87428e-17 3.3789e-16 1.83521e-15 9.39819e-15 4.53171e-14 2.05515e-13 8.75868e-13 3.50668e-12 1.31921e-11 4.66725e-11 1.55502e-10 4.88708e-10 1.45084e-09 4.07154e-09 1.07988e-08 2.70441e-08 6.38875e-08 1.42311e-07 2.99003e-07 5.92908e-07 1.11012e-06 1.96352e-06 3.28311e-06 5.18818e-06 7.72236e-06 1.0751e-05 1.39048e-05 1.67016e-05 1.88001e-05 2.01397e-05 2.08737e-05 2.12154e-05 2.13263e-05 2.12713e-05 2.1009e-05 2.03928e-05 1.92059e-05 1.72658e-05 1.45873e-05 1.14739e-05 8.39971e-06 5.75793e-06 3.72054e-06 2.27469e-06 1.31721e-06 7.22393e-07 3.75169e-07 1.84476e-07 8.58587e-08 3.7819e-08 1.57725e-08 6.23381e-09 2.33727e-09 8.31842e-10 2.81028e-10 9.00725e-11 2.73653e-11 7.87439e-12 2.1449e-12 5.52974e-13 1.34966e-13 3.12066e-14 6.84175e-15 1.42391e-15 2.81669e-16 5.30304e-17 9.51558e-18 1.62954e-18 2.66685e-19 4.1764e-20 6.26637e-21 9.01904e-22 1.2466e-22 1.65647e-23 2.1182e-24 2.60915e-25 3.09862e-26 3.55097e-27 3.92991e-28 4.20346e-29 4.34841e-30 4.35738e-31 
2.36779e-31 5.57318e-32 3.91659e-31 4.67507e-30 5.39168e-29 5.97113e-28 6.34615e-27 6.46839e-26 6.3182e-25 5.90945e-24 5.28774e-23 4.52207e-22 3.69221e-21 2.87488e-20 2.13204e-19 1.50397e-18 1.00771e-17 6.40378e-17 3.85356e-16 2.19237e-15 1.17729e-14 5.95775e-14 2.837e-13 1.26955e-12 5.33371e-12 2.10266e-11 7.77869e-11 2.70255e-10 8.83071e-10 2.7188e-09 7.9014e-09 2.17016e-08 5.634e-08 1.38152e-07 3.19662e-07 6.97614e-07 1.43646e-06 2.79296e-06 5.13111e-06 8.91252e-06 1.46494e-05 2.27907e-05 3.34677e-05 4.60925e-05 5.91372e-05 7.06388e-05 7.92294e-05 8.46925e-05 8.76756e-05 8.90593e-05 8.9503e-05 8.92678e-05 8.81763e-05 8.56218e-05 8.07079e-05 7.26837e-05 6.16093e-05 4.87255e-05 3.59641e-05 2.49252e-05 1.63204e-05 1.01272e-05 5.95843e-06 3.32291e-06 1.75602e-06 8.79034e-07 4.16618e-07 1.86917e-07 7.94213e-08 3.19899e-08 1.22254e-08 4.43446e-09 1.52609e-09 4.97832e-10 1.53769e-10 4.49292e-11 1.24117e-11 3.24152e-12 8.00674e-13 1.87194e-13 4.14687e-14 8.71552e-15 1.74024e-15 3.30596e-16 5.98395e-17 1.03349e-17 1.70552e-18 2.69296e-19 4.07363e-20 5.91077e-21 8.23611e-22 1.10329e-22 1.42233e-23 1.76633e-24 2.11497e-25 2.44385e-26 2.7273e-27 2.94182e-28 3.06926e-29 3.1022e-30 
1.62325e-30 4.02522e-31 2.89294e-30 3.41369e-29 3.89168e-28 4.26138e-27 4.47897e-26 4.51568e-25 4.36368e-24 4.03834e-23 3.5758e-22 3.02641e-21 2.44563e-20 1.88473e-19 1.3834e-18 9.65801e-18 6.40378e-17 4.02642e-16 2.39677e-15 1.34842e-14 7.15752e-14 3.57849e-13 1.68238e-12 7.42678e-12 3.07482e-11 1.19308e-10 4.33816e-10 1.47913e-09 4.73584e-09 1.42679e-08 4.05371e-08 1.08795e-07 2.76005e-07 6.61573e-07 1.49686e-06 3.19523e-06 6.4374e-06 1.22526e-05 2.20515e-05 3.75557e-05 6.0591e-05 9.2665e-05 0.000134069 0.000182442 0.000231996 0.000275412 0.000307679 0.000328116 0.000339236 0.000344374 0.000346001 0.000345078 0.000340912 0.000331194 0.000312526 0.000282067 0.000240032 0.00019106 0.000142359 9.98946e-05 6.63817e-05 4.18712e-05 2.50692e-05 1.42392e-05 7.66928e-06 3.91461e-06 1.89232e-06 8.66122e-07 3.75549e-07 1.54406e-07 6.02391e-08 2.22995e-08 7.82633e-09 2.60077e-09 8.1724e-10 2.42584e-10 6.79873e-11 1.7992e-11 4.49845e-12 1.06363e-12 2.38122e-13 5.05473e-14 1.01891e-14 1.95339e-15 3.56712e-16 6.21412e-17 1.0342e-17 1.64664e-18 2.51153e-19 3.67425e-20 5.16182e-21 6.97151e-22 9.06147e-23 1.13461e-23 1.36986e-24 1.59612e-25 1.79628e-26 1.95405e-27 2.0562e-28 2.09632e-29 
1.05564e-29 2.76134e-30 2.02624e-29 2.3637e-28 2.66372e-27 2.88389e-26 2.99755e-25 2.98914e-24 2.85744e-23 2.61627e-22 2.2922e-21 1.91972e-20 1.53515e-19 1.17075e-18 8.50358e-18 5.87428e-17 3.85356e-16 2.39677e-15 1.41094e-14 7.84761e-14 4.11645e-13 2.03268e-12 9.43196e-12 4.10594e-11 1.67457e-10 6.39247e-10 2.2833e-09 7.63476e-09 2.39308e-08 7.04678e-08 1.95437e-07 5.11661e-07 1.26607e-06 2.96077e-06 6.53827e-06 1.36262e-05 2.68105e-05 4.98606e-05 8.77466e-05 0.000146265 0.000231225 0.000347046 0.000493916 0.000663205 0.000834955 0.000984381 0.00109484 0.0011645 0.00120226 0.00121964 0.00122507 0.00122177 0.00120729 0.0011736 0.00110896 0.00100357 0.000858065 0.000688204 0.000518413 0.000368935 0.000249242 0.000160088 9.77112e-05 5.66294e-05 3.11436e-05 1.62387e-05 8.02072e-06 3.75199e-06 1.66323e-06 6.99306e-07 2.78987e-07 1.05555e-07 3.78253e-08 1.28163e-08 4.09977e-09 1.2369e-09 3.51824e-10 9.43716e-11 2.38898e-11 5.71392e-12 1.29305e-12 2.77287e-13 5.64393e-14 1.09215e-14 2.0125e-15 3.53692e-16 5.93753e-17 9.53459e-18 1.46658e-18 2.16358e-19 3.06503e-20 4.17428e-21 5.47116e-22 6.90819e-23 8.41095e-24 9.8834e-25 1.12179e-25 1.23082e-26 1.30641e-27 1.34357e-28 
6.50831e-29 1.79821e-29 1.34497e-28 1.551e-27 1.72771e-26 1.84929e-25 1.90069e-24 1.87445e-23 1.77231e-22 1.6052e-21 1.39128e-20 1.15276e-19 9.12021e-19 6.88121e-18 4.94461e-17 3.3789e-16 2.19237e-15 1.34842e-14 7.84761e-14 4.31369e-13 2.23523e-12 1.08971e-11 4.98863e-11 2.14063e-10 8.59618e-10 3.22672e-09 1.1315e-08 3.70761e-08 1.13662e-07 3.26722e-07 8.83149e-07 2.25118e-06 5.42172e-06 1.23431e-05 2.65461e-05 5.38991e-05 0.000103352 0.000187405 0.000321814 0.000523966 0.000810037 0.00119088 0.00166417 0.00220136 0.0027404 0.00320572 0.00354771 0.00376237 0.00387828 0.0039314 0.00394777 0.00393714 0.00389161 0.00378603 0.00358368 0.00325382 0.00279806 0.00226444 0.00172752 0.00124926 0.000859715 0.00056342 0.000351291 0.000208175 0.000117145 6.25247e-05 3.16203e-05 1.51491e-05 6.88016e-06 2.96432e-06 1.21159e-06 4.69256e-07 1.71903e-07 5.94425e-08 1.93704e-08 5.94292e-09 1.7163e-09 4.66789e-10 1.19678e-10 2.89641e-11 6.62733e-12 1.43612e-12 2.9524e-13 5.76826e-14 1.07285e-14 1.90271e-15 3.22271e-16 5.22069e-17 8.1003e-18 1.20535e-18 1.72226e-19 2.36573e-20 3.12738e-21 3.9828e-22 4.89107e-23 5.79716e-24 6.63722e-25 7.34616e-26 7.86609e-27 8.16185e-28 
3.80227e-28 1.11107e-28 8.45652e-28 9.63929e-27 1.06126e-25 1.12289e-24 1.141e-23 1.11261e-22 1.04028e-21 9.31778e-21 7.98726e-20 6.54539e-19 5.12169e-18 3.82186e-17 2.71591e-16 1.83521e-15 1.17729e-14 7.15752e-14 4.11645e-13 2.23523e-12 1.14363e-11 5.50188e-11 2.4837e-10 1.04998e-09 4.14936e-09 1.53062e-08 5.26589e-08 1.68956e-07 5.0608e-07 1.41825e-06 3.73016e-06 9.23881e-06 2.16064e-05 4.77682e-05 9.98068e-05 0.000196954 0.000367169 0.000647585 0.00108251 0.00171754 0.00259086 0.00372283 0.00509755 0.00663035 0.00814918 0.00944879 0.0103978 0.0109906 0.0113094 0.0114548 0.011499 0.0114684 0.0113402 0.0110438 0.0104762 0.00955083 0.0082704 0.00676505 0.00523754 0.00385726 0.00271014 0.00181636 0.00115959 0.000704313 0.000406506 0.000222617 0.000115543 5.68299e-05 2.65069e-05 1.17298e-05 4.9216e-06 1.95448e-06 7.32858e-07 2.58863e-07 8.59921e-08 2.68436e-08 7.87469e-09 2.17248e-09 5.6434e-10 1.38252e-10 3.19972e-11 7.00912e-12 1.45592e-12 2.873e-13 5.39547e-14 9.65957e-15 1.65129e-15 2.69953e-16 4.22645e-17 6.34556e-18 9.14781e-19 1.26774e-19 1.69078e-20 2.17239e-21 2.69152e-22 3.21858e-23 3.71795e-24 4.15202e-25 4.48599e-26 4.69693e-27 
2.10432e-27 6.51143e-28 5.0347e-27 5.67174e-26 6.17065e-25 6.45269e-24 6.48081e-23 6.24689e-22 5.774e-21 5.11288e-20 4.33301e-19 3.5105e-18 2.71568e-17 2.00331e-16 1.40721e-15 9.39819e-15 5.95775e-14 3.57849e-13 2.03268e-12 1.08971e-11 5.50188e-11 2.61043e-10 1.16132e-09 4.83371e-09 1.87856e-08 6.80523e-08 2.29522e-07 7.20466e-07 2.10634e-06 5.74718e-06 1.46825e-05 3.52581e-05 7.98649e-05 0.000170991 0.000346117 0.000662004 0.00119661 0.00204726 0.00332235 0.00512343 0.00752208 0.0105384 0.0141057 0.0180018 0.0218061 0.0250287 0.0273653 0.0288171 0.0295946 0.0299478 0.0300537 0.0299756 0.0296558 0.0289182 0.0275067 0.025204 0.0220101 0.018234 0.0143603 0.0107977 0.00776529 0.00533607 0.00349738 0.00218313 0.00129583 0.000730062 0.000389923 0.000197431 9.48298e-05 4.32087e-05 1.86508e-05 7.60713e-06 2.92327e-06 1.05575e-06 3.57777e-07 1.13704e-07 3.39003e-08 9.49153e-09 2.49935e-09 6.20092e-10 1.45233e-10 3.21755e-11 6.75616e-12 1.34719e-12 2.55578e-13 4.62114e-14 7.97679e-15 1.31657e-15 2.0808e-16 3.15345e-17 4.58847e-18 6.41793e-19 8.63881e-20 1.1202e-20 1.40071e-21 1.69046e-22 1.97078e-23 2.22123e-24 2.42215e-25 2.55967e-26 
1.10313e-26 3.61875e-27 2.83769e-26 3.15873e-25 3.39525e-24 3.50801e-23 3.48141e-22 3.31601e-21 3.02878e-20 2.65032e-19 2.21953e-18 1.77691e-17 1.35823e-16 9.89936e-16 6.8696e-15 4.53171e-14 2.837e-13 1.68238e-12 9.43196e-12 4.98863e-11 2.4837e-10 1.16132e-09 5.08753e-09 2.08326e-08 7.95583e-08 2.82795e-07 9.34225e-07 2.86622e-06 8.16984e-06 2.16738e-05 5.36887e-05 0.000124719 0.000272876 0.000564043 0.0011026 0.0020377 0.00356051 0.00589132 0.00925376 0.0138295 0.0197066 0.0268466 0.0350358 0.0437644 0.0521416 0.0591557 0.0642011 0.0673183 0.0689804 0.0697325 0.0699546 0.0697807 0.0690827 0.0674757 0.0644007 0.0593783 0.0523865 0.0440562 0.0353898 0.0272439 0.0201107 0.0142099 0.00959002 0.00617075 0.00377813 0.00219633 0.0012108 0.000633082 0.000314083 0.000147752 6.57545e-05 2.75914e-05 1.08799e-05 4.02141e-06 1.39133e-06 4.50482e-07 1.36589e-07 3.88359e-08 1.03729e-08 2.60793e-09 6.18507e-10 1.38669e-10 2.94524e-11 5.93811e-12 1.13868e-12 2.08055e-13 3.62846e-14 6.04963e-15 9.6572e-16 1.47808e-16 2.17185e-17 3.06747e-18 4.16905e-19 5.45833e-20 6.89092e-21 8.39629e-22 9.88248e-23 1.12451e-23 1.23796e-24 1.32079e-25 
5.47805e-26 1.90702e-26 1.51403e-25 1.66492e-24 1.76762e-23 1.80395e-22 1.76837e-21 1.66374e-20 1.50099e-19 1.29728e-18 1.07298e-17 8.4832e-17 6.40305e-16 4.60769e-15 3.15647e-14 2.05515e-13 1.26955e-12 7.42678e-12 4.10594e-11 2.14063e-10 1.04998e-09 4.83371e-09 2.08326e-08 8.38434e-08 3.14327e-07 1.09522e-06 3.54023e-06 1.06044e-05 2.94345e-05 7.58151e-05 0.000181775 0.000407542 0.00085881 0.00170816 0.00321339 0.00571838 0.00962655 0.0153541 0.0232675 0.033592 0.0463206 0.0611874 0.0776412 0.0946805 0.1107 0.12393 0.133362 0.139154 0.142229 0.143614 0.144018 0.143685 0.142369 0.139346 0.133558 0.124084 0.110824 0.0948586 0.0779455 0.0616148 0.046824 0.0341251 0.023791 0.0158321 0.0100315 0.00603715 0.00344703 0.0018676 0.000960153 0.000467632 0.00021504 9.29852e-05 3.76716e-05 1.42647e-05 5.04305e-06 1.66485e-06 5.13775e-07 1.48463e-07 4.02535e-08 1.02638e-08 2.46684e-09 5.60141e-10 1.20432e-10 2.45698e-11 4.7659e-12 8.80629e-13 1.55278e-13 2.61704e-14 4.22238e-15 6.53082e-16 9.69653e-17 1.38368e-17 1.89988e-18 2.51273e-19 3.20428e-20 3.9435e-21 4.68789e-22 5.38729e-23 5.98953e-24 6.45343e-25 
2.57762e-25 9.52968e-26 7.64718e-25 8.3057e-24 8.70761e-23 8.77504e-22 8.49355e-21 7.88975e-20 7.02718e-19 5.99537e-18 4.89443e-17 3.81884e-16 2.84413e-15 2.01908e-14 1.36423e-13 8.75868e-13 5.33371e-12 3.07482e-11 1.67457e-10 8.59618e-10 4.14936e-09 1.87856e-08 7.95583e-08 3.14327e-07 1.15543e-06 3.94156e-06 1.24513e-05 3.63681e-05 9.81694e-05 0.000245137 0.000567855 0.00122597 0.00248105 0.00473199 0.0085342 0.0145685 0.0235436 0.0360724 0.0525594 0.0730674 0.0972032 0.124155 0.152774 0.181413 0.207676 0.229015 0.244072 0.253257 0.258112 0.260292 0.260921 0.26038 0.258272 0.253432 0.244156 0.228918 0.207429 0.181187 0.152729 0.124328 0.0975599 0.0735695 0.0531621 0.0367134 0.0241573 0.0151051 0.00896614 0.00505269 0.00270102 0.00136579 0.000650353 0.000290262 0.000120974 4.69799e-05 1.6989e-05 5.72423e-06 1.79971e-06 5.29064e-07 1.45764e-07 3.77315e-08 9.1993e-09 2.11769e-09 4.61358e-10 9.53334e-11 1.87234e-11 3.50185e-12 6.2484e-13 1.06543e-13 1.73875e-14 2.7198e-15 4.08323e-16 5.89085e-17 8.17637e-18 1.093e-18 1.40861e-19 1.7518e-20 2.10415e-21 2.44303e-22 2.74392e-23 2.98653e-24 
1.14959e-24 4.51581e-25 3.65675e-24 3.92208e-23 4.05949e-22 4.03843e-21 3.85827e-20 3.53709e-19 3.10865e-18 2.61658e-17 2.10696e-16 1.62116e-15 1.19035e-14 8.32895e-14 5.54506e-13 3.50668e-12 2.10266e-11 1.19308e-10 6.39247e-10 3.22672e-09 1.53062e-08 6.80523e-08 2.82795e-07 1.09522e-06 3.94156e-06 1.31448e-05 4.052e-05 0.000115233 0.000302041 0.000730029 0.00163096 0.00338327 0.0065571 0.0119508 0.0205827 0.0335718 0.0518883 0.0761046 0.106272 0.141824 0.181526 0.22366 0.266314 0.3073 0.343777 0.372838 0.393097 0.405366 0.411824 0.414716 0.415543 0.414811 0.411981 0.405485 0.393009 0.372401 0.34303 0.306481 0.265651 0.223235 0.181352 0.141922 0.106639 0.0766825 0.0525834 0.0342903 0.0212448 0.0125005 0.00697182 0.00366984 0.00181318 0.000836596 0.000359175 0.000143232 5.30458e-05 1.82644e-05 5.85766e-06 1.75404e-06 4.91686e-07 1.29373e-07 3.20376e-08 7.48611e-09 1.65459e-09 3.46702e-10 6.90212e-11 1.30807e-11 2.36427e-12 4.08248e-13 6.74521e-14 1.06794e-14 1.62242e-15 2.36806e-16 3.32464e-17 4.4946e-18 5.85697e-19 7.36381e-20 8.94058e-21 1.04912e-21 1.19074e-22 1.30954e-23 
4.86088e-24 2.02904e-24 1.65547e-23 1.75327e-22 1.79133e-21 1.7588e-20 1.65812e-19 1.49965e-18 1.29995e-17 1.0789e-16 8.56382e-16 6.4931e-15 4.69636e-14 3.23572e-13 2.12032e-12 1.31921e-11 7.77869e-11 4.33816e-10 2.2833e-09 1.1315e-08 5.26589e-08 2.29522e-07 9.34225e-07 3.54023e-06 1.24513e-05 4.052e-05 0.000121666 0.000336284 0.000854398 0.00199535 0.00429147 0.00853611 0.0158037 0.0274371 0.0449585 0.0697932 0.102796 0.143875 0.192012 0.24541 0.301632 0.357996 0.412058 0.461617 0.504173 0.537287 0.560045 0.573719 0.580885 0.584086 0.585 0.584184 0.581038 0.57381 0.559877 0.536687 0.503158 0.460404 0.410859 0.356891 0.300687 0.244742 0.191719 0.143972 0.103228 0.0704679 0.0457498 0.0282124 0.0164668 0.00904463 0.0046454 0.00221932 0.000982977 0.000403123 0.000153131 5.3963e-05 1.76821e-05 5.40196e-06 1.54313e-06 4.13376e-07 1.04137e-07 2.47372e-08 5.55489e-09 1.18197e-09 2.3883e-10 4.59202e-11 8.41712e-12 1.47339e-12 2.46696e-13 3.95675e-14 6.08757e-15 8.99563e-16 1.27826e-16 1.74857e-17 2.30502e-18 2.93097e-19 3.59823e-20 4.26849e-21 4.89681e-22 5.44254e-23 
1.9488e-23 8.64196e-24 7.09413e-23 7.41881e-22 7.48201e-21 7.24968e-20 6.74312e-19 6.01519e-18 5.14111e-17 4.2055e-16 3.28873e-15 2.45552e-14 1.74813e-13 1.18488e-12 7.63406e-12 4.66725e-11 2.70255e-10 1.47913e-09 7.63476e-09 3.70761e-08 1.68956e-07 7.20466e-07 2.86622e-06 1.06044e-05 3.63681e-05 0.000115233 0.000336284 0.000901436 0.00221541 0.00498927 0.0103107 0.0196283 0.0346409 0.0571407 0.0888034 0.130769 0.182984 0.243816 0.310467 0.379625 0.447873 0.512164 0.570288 0.620832 0.66248 0.693997 0.7153 0.727985 0.734605 0.737557 0.738402 0.737656 0.73477 0.728121 0.71524 0.693581 0.661687 0.619777 0.569063 0.510778 0.446386 0.378203 0.309301 0.243047 0.182698 0.130987 0.0894247 0.0579755 0.0355025 0.0203885 0.0109045 0.00540318 0.00247319 0.00104496 0.000407904 0.000147406 4.9446e-05 1.54426e-05 4.50435e-06 1.23085e-06 3.16027e-07 7.64526e-08 1.74719e-08 3.78108e-09 7.76577e-10 1.51684e-10 2.82298e-11 5.01476e-12 8.51674e-13 1.38494e-13 2.1594e-14 3.23253e-15 4.65142e-16 6.44102e-17 8.59229e-18 1.1053e-18 1.37235e-19 1.64608e-20 1.90891e-21 2.14434e-22 
7.40612e-23 3.48677e-23 2.87616e-22 2.97035e-21 2.95723e-20 2.82787e-19 2.59499e-18 2.28296e-17 1.92353e-16 1.55043e-15 1.19407e-14 8.77539e-14 6.14534e-13 4.09454e-12 2.59136e-11 1.55502e-10 8.83071e-10 4.73584e-09 2.39308e-08 1.13662e-07 5.0608e-07 2.10634e-06 8.16984e-06 2.94345e-05 9.81694e-05 0.000302041 0.000854398 0.00221541 0.00525377 0.0113839 0.0225596 0.04103 0.0689172 0.10783 0.158629 0.221107 0.2934 0.371808 0.451743 0.528942 0.600014 0.662679 0.715906 0.759652 0.794096 0.819351 0.836099 0.845969 0.851095 0.853379 0.854037 0.853473 0.851269 0.846174 0.836237 0.819315 0.793844 0.759198 0.715213 0.661655 0.598629 0.52729 0.449992 0.370177 0.292155 0.220478 0.158656 0.108362 0.0697387 0.0419395 0.0233962 0.012046 0.00570986 0.00249101 0.00100159 0.000372067 0.000128081 4.09924e-05 1.22381e-05 3.4191e-06 8.96649e-07 2.21353e-07 5.15763e-08 1.13706e-08 2.37724e-09 4.72308e-10 8.93477e-11 1.61223e-11 2.77957e-12 4.58574e-13 7.25012e-14 1.09994e-14 1.60332e-15 2.24807e-16 3.03536e-17 3.95065e-18 4.96136e-19 6.01726e-20 7.0539e-21 8.00827e-22 
2.6663e-22 1.33137e-22 1.10229e-21 1.12445e-20 1.10534e-19 1.04331e-18 9.44652e-18 8.1967e-17 6.80829e-16 5.407e-15 4.10052e-14 2.96543e-13 2.042e-12 1.33675e-11 8.30457e-11 4.88708e-10 2.7188e-09 1.42679e-08 7.04678e-08 3.26722e-07 1.41825e-06 5.74718e-06 2.16738e-05 7.58151e-05 0.000245137 0.000730029 0.00199535 0.00498927 0.0113839 0.0236711 0.0448842 0.0778626 0.124345 0.184444 0.256765 0.338692 0.426262 0.514262 0.597473 0.672063 0.735951 0.788563 0.830481 0.862984 0.887371 0.904645 0.915856 0.922386 0.925759 0.92726 0.927696 0.927338 0.925917 0.922616 0.916124 0.904906 0.887598 0.86315 0.830497 0.788283 0.735248 0.670877 0.595825 0.512307 0.424333 0.337181 0.255899 0.184236 0.124702 0.0786214 0.0458229 0.0245665 0.0120883 0.0054601 0.00226784 0.000868567 0.000307749 0.000101227 3.10164e-05 8.8821e-06 2.38462e-06 6.01957e-07 1.4326e-07 3.22247e-08 6.86694e-09 1.38926e-09 2.67372e-10 4.9042e-11 8.58796e-12 1.43807e-12 2.30614e-13 3.54664e-14 5.23767e-15 7.43669e-16 1.01633e-16 1.33835e-17 1.69988e-18 2.08443e-19 2.46978e-20 2.83341e-21 
9.08458e-22 4.8051e-22 3.98895e-21 4.02038e-20 3.90311e-19 3.63724e-18 3.25023e-17 2.78208e-16 2.27844e-15 1.7831e-14 1.33166e-13 9.47662e-13 6.41615e-12 4.12587e-11 2.51526e-10 1.45084e-09 7.9014e-09 4.05371e-08 1.95437e-07 8.83149e-07 3.73016e-06 1.46825e-05 5.36887e-05 0.000181775 0.000567855 0.00163096 0.00429147 0.0103107 0.0225596 0.0448842 0.0812447 0.134226 0.203705 0.286646 0.378211 0.473156 0.566323 0.652705 0.728326 0.7912 0.84127 0.879756 0.908506 0.929525 0.944528 0.95477 0.961262 0.964992 0.966907 0.967758 0.968008 0.967813 0.967027 0.965188 0.961538 0.955126 0.944963 0.930024 0.909005 0.880132 0.84137 0.790858 0.727405 0.651194 0.564431 0.47123 0.376545 0.285451 0.203158 0.134388 0.0819681 0.0458658 0.0234959 0.0110231 0.00474565 0.00188039 0.000688079 0.000233343 7.35912e-05 2.16561e-05 5.96526e-06 1.54261e-06 3.7555e-07 8.62947e-08 1.87609e-08 3.8677e-09 7.57688e-10 1.41323e-10 2.51427e-11 4.27384e-12 6.95215e-13 1.08381e-13 1.6215e-14 2.33111e-15 3.22415e-16 4.29493e-17 5.51622e-18 6.8375e-19 8.18696e-20 9.48905e-21 
2.92614e-21 1.63699e-21 1.36128e-20 1.35593e-19 1.30044e-18 1.19679e-17 1.05574e-16 8.91697e-16 7.2022e-15 5.55552e-14 4.08669e-13 2.86239e-12 1.90575e-11 1.20391e-10 7.20219e-10 4.07154e-09 2.17016e-08 1.08795e-07 5.11661e-07 2.25118e-06 9.23881e-06 3.52581e-05 0.000124719 0.000407542 0.00122597 0.00338327 0.00853611 0.0196283 0.04103 0.0778626 0.134226 0.210931 0.304243 0.406843 0.510479 0.60844 0.696235 0.77104 0.831575 0.878272 0.912875 0.937713 0.955116 0.967112 0.97525 0.980594 0.983895 0.985763 0.986715 0.987137 0.987262 0.98717 0.98679 0.985896 0.984102 0.980893 0.975659 0.967641 0.95575 0.938393 0.913498 0.878676 0.831564 0.770465 0.695085 0.606813 0.508528 0.404839 0.302623 0.210106 0.134321 0.0786434 0.0420764 0.0205786 0.00921836 0.0037932 0.00143851 0.000504518 0.000164208 4.97651e-05 1.40885e-05 3.73722e-06 9.31607e-07 2.18827e-07 4.85585e-08 1.02038e-08 2.03499e-09 3.85982e-10 6.97615e-11 1.20362e-11 1.98571e-12 3.13741e-13 4.75428e-14 6.91897e-15 9.6825e-16 1.30447e-16 1.69376e-17 2.12173e-18 2.56664e-19 3.00478e-20 
8.90038e-21 5.25743e-21 4.37556e-20 4.30842e-19 4.08317e-18 3.71199e-17 3.23341e-16 2.69551e-15 2.14776e-14 1.63338e-13 1.18382e-12 8.16315e-12 5.34602e-11 3.31865e-10 1.94867e-09 1.07988e-08 5.634e-08 2.76005e-07 1.26607e-06 5.42172e-06 2.16064e-05 7.98649e-05 0.000272876 0.00085881 0.00248105 0.0065571 0.0158037 0.0346409 0.0689172 0.124345 0.203705 0.304243 0.417443 0.531937 0.637668 0.728625 0.802823 0.860692 0.903885 0.934796 0.956132 0.970448 0.979864 0.985984 0.989928 0.992415 0.993909 0.99474 0.99516 0.995346 0.995402 0.995363 0.995201 0.994816 0.994034 0.992608 0.990212 0.986382 0.980394 0.971111 0.956895 0.935574 0.904531 0.86103 0.802681 0.727832 0.636099 0.529697 0.41502 0.302337 0.202844 0.124578 0.0698491 0.0357498 0.016728 0.00717397 0.00282834 0.00102849 0.000346134 0.000108184 3.15076e-05 8.57865e-06 2.1904e-06 5.2602e-07 1.1914e-07 2.55154e-08 5.17947e-09 9.98787e-10 1.83343e-10 3.20988e-11 5.36937e-12 8.5957e-13 1.31895e-13 1.94257e-14 2.74983e-15 3.74579e-16 4.91574e-17 6.22164e-18 7.60193e-19 8.98709e-20 
2.5542e-20 1.59008e-20 1.32337e-19 1.28845e-18 1.20693e-17 1.08413e-16 9.3273e-16 7.6765e-15 6.03551e-14 4.52656e-13 3.23317e-12 2.19551e-11 1.41471e-10 8.63235e-10 4.97678e-09 2.70441e-08 1.38152e-07 6.61573e-07 2.96077e-06 1.23431e-05 4.77682e-05 0.000170991 0.000564043 0.00170816 0.00473199 0.0119508 0.0274371 0.0571407 0.10783 0.184444 0.286646 0.406843 0.531937 0.648316 0.746655 0.823679 0.880779 0.9214 0.94927 0.967744 0.979621 0.987077 0.991683 0.994508 0.996236 0.997281 0.99789 0.998222 0.998389 0.998462 0.998484 0.99847 0.998408 0.998259 0.997953 0.997384 0.996397 0.99475 0.992035 0.987567 0.980268 0.968539 0.950162 0.922276 0.881445 0.823827 0.745913 0.646491 0.529293 0.404139 0.284764 0.18386 0.108372 0.0582456 0.0285614 0.0128009 0.00525749 0.00198506 0.000691419 0.000222976 6.68192e-05 1.86729e-05 4.88273e-06 1.19851e-06 2.76985e-07 6.04384e-08 1.24835e-08 2.44663e-09 4.56e-10 8.09863e-11 1.37318e-11 2.22673e-12 3.45884e-13 5.15422e-14 7.37844e-15 1.01599e-15 1.34728e-16 1.72247e-17 2.12527e-18 2.53664e-19 
