6.53207e-19 5.50653e-19 1.21035e-18 3.51541e-18 1.03779e-17 3.00562e-17 8.5054e-17 2.35031e-16 6.34049e-16 1.6696e-15 4.2907e-15 1.07602e-14 2.63295e-14 6.28595e-14 1.46417e-13 3.32737e-13 7.37753e-13 1.59605e-12 3.36927e-12 6.94098e-12 1.39556e-11 2.73881e-11 5.24701e-11 9.81386e-11 1.79219e-10 3.19576e-10 5.56457e-10 9.46161e-10 1.571e-09 2.54714e-09 4.0325e-09 6.23322e-09 9.4065e-09 1.38572e-08 1.99256e-08 2.79628e-08 3.82955e-08 5.11779e-08 6.67394e-08 8.49331e-08 1.05498e-07 1.27944e-07 1.51568e-07 1.75501e-07 1.98782e-07 2.20445e-07 2.396e-07 2.55495e-07 2.67547e-07 2.75351e-07 2.78659e-07 2.77372e-07 2.71523e-07 2.61291e-07 2.4701e-07 2.29195e-07 2.08535e-07 1.85876e-07 1.62166e-07 1.38375e-07 1.15413e-07 9.40499e-08 7.4859e-08 5.8189e-08 4.417e-08 3.2743e-08 2.37057e-08 1.67644e-08 1.15822e-08 7.81849e-09 5.15768e-09 3.32542e-09 2.09581e-09 1.29127e-09 7.77829e-10 4.58119e-10 2.63827e-10 1.48566e-10 8.1805e-11 4.40449e-11 2.31877e-11 1.19357e-11 6.00698e-12 2.95571e-12 1.42186e-12 6.687e-13 3.07459e-13 1.38207e-13 6.07411e-14 2.61017e-14 1.0968e-14 4.5072e-15 1.81161e-15 7.12312e-16 2.7403e-16 1.03165e-16 3.80162e-17 1.37177e-17 4.85625e-18 1.71639e-18 
5.50653e-19 4.62678e-19 1.03729e-18 3.07147e-18 9.22892e-18 2.71919e-17 7.82634e-17 2.19912e-16 6.0311e-16 1.61403e-15 4.21424e-15 1.07338e-14 2.6666e-14 6.46092e-14 1.52665e-13 3.51783e-13 7.90509e-13 1.7324e-12 3.70272e-12 7.71902e-12 1.56968e-11 3.11396e-11 6.02718e-11 1.1383e-10 2.0979e-10 3.77334e-10 6.6238e-10 1.13487e-09 1.89777e-09 3.09741e-09 4.93398e-09 7.67037e-09 1.16365e-08 1.72259e-08 2.48799e-08 3.50575e-08 4.81883e-08 6.4611e-08 8.45034e-08 1.07815e-07 1.34214e-07 1.63068e-07 1.93467e-07 2.24277e-07 2.54251e-07 2.82131e-07 3.06767e-07 3.2719e-07 3.42655e-07 3.52648e-07 3.5686e-07 3.55166e-07 3.47609e-07 3.34414e-07 3.16007e-07 2.93044e-07 2.66415e-07 2.37217e-07 2.0668e-07 1.76066e-07 1.46558e-07 1.19153e-07 9.45861e-08 7.33012e-08 5.54539e-08 4.09547e-08 2.953e-08 2.07906e-08 1.42946e-08 9.59936e-09 6.29709e-09 4.03571e-09 2.52715e-09 1.54638e-09 9.24709e-10 5.4041e-10 3.08665e-10 1.72307e-10 9.40088e-11 5.01279e-11 2.6123e-11 1.33041e-11 6.62148e-12 3.22046e-12 1.53062e-12 7.10889e-13 3.22648e-13 1.43109e-13 6.20353e-14 2.62837e-14 1.08857e-14 4.40763e-15 1.74504e-15 6.75665e-16 2.55902e-16 9.48253e-17 3.43868e-17 1.22081e-17 4.2509e-18 1.47644e-18 
1.21035e-18 1.03729e-18 2.36919e-18 7.07123e-18 2.13636e-17 6.32493e-17 1.82847e-16 5.15847e-16 1.41983e-15 3.81193e-15 9.98076e-15 2.54814e-14 6.34265e-14 1.53908e-13 3.64057e-13 8.39429e-13 1.88672e-12 4.13386e-12 8.83003e-12 1.83894e-11 3.73441e-11 7.39575e-11 1.42859e-10 2.6919e-10 4.94866e-10 8.87659e-10 1.55373e-09 2.65402e-09 4.42442e-09 7.1985e-09 1.14304e-08 1.77135e-08 2.67887e-08 3.95347e-08 5.69312e-08 7.99899e-08 1.09649e-07 1.46635e-07 1.9131e-07 2.43525e-07 3.02507e-07 3.66819e-07 4.34413e-07 5.02769e-07 5.6912e-07 6.30703e-07 6.84999e-07 7.29904e-07 7.63815e-07 7.85631e-07 7.947e-07 7.9076e-07 7.7391e-07 7.44632e-07 7.03851e-07 6.52992e-07 5.94001e-07 5.2928e-07 4.61538e-07 3.93563e-07 3.27973e-07 2.66982e-07 2.12236e-07 1.64733e-07 1.24835e-07 9.23636e-08 6.67276e-08 4.70757e-08 3.24361e-08 2.183e-08 1.43523e-08 9.21883e-09 5.78569e-09 3.54802e-09 2.12613e-09 1.24501e-09 7.12421e-10 3.98358e-10 2.17655e-10 1.16198e-10 6.06091e-11 3.08861e-11 1.53761e-11 7.47768e-12 3.55231e-12 1.64842e-12 7.47215e-13 3.30868e-13 1.43127e-13 6.04897e-14 2.49797e-14 1.00808e-14 3.97632e-15 1.53329e-15 5.78112e-16 2.13179e-16 7.69007e-17 2.71486e-17 9.39707e-18 3.24462e-18 
3.51541e-18 3.07147e-18 7.07123e-18 2.10854e-17 6.35587e-17 1.87699e-16 5.41171e-16 1.52244e-15 4.17792e-15 1.11815e-14 2.9179e-14 7.42343e-14 1.84095e-13 4.44974e-13 1.04823e-12 2.40656e-12 5.38462e-12 1.17422e-11 2.49586e-11 5.17138e-11 1.04465e-10 2.05767e-10 3.95269e-10 7.40614e-10 1.35376e-09 2.41438e-09 4.20183e-09 7.13651e-09 1.183e-08 1.91405e-08 3.02281e-08 4.65968e-08 7.01104e-08 1.02961e-07 1.47572e-07 2.06421e-07 2.81771e-07 3.75339e-07 4.87913e-07 6.19001e-07 7.66574e-07 9.26981e-07 1.09509e-06 1.26464e-06 1.42881e-06 1.58085e-06 1.7146e-06 1.82498e-06 1.90812e-06 1.9614e-06 1.98326e-06 1.9731e-06 1.93115e-06 1.8586e-06 1.75766e-06 1.63182e-06 1.4858e-06 1.32548e-06 1.15748e-06 9.88677e-07 8.25518e-07 6.735e-07 5.36736e-07 4.17758e-07 3.17543e-07 2.35722e-07 1.70901e-07 1.21026e-07 8.37226e-08 5.65827e-08 3.7363e-08 2.41074e-08 1.51997e-08 9.36504e-09 5.63876e-09 3.31782e-09 1.90768e-09 1.07181e-09 5.88384e-10 3.15575e-10 1.65351e-10 8.4632e-11 4.23111e-11 2.06603e-11 9.85283e-12 4.58899e-12 2.0874e-12 9.27345e-13 4.0239e-13 1.70555e-13 7.06227e-14 2.85726e-14 1.12968e-14 4.36558e-15 1.64933e-15 6.09326e-16 2.20183e-16 7.78565e-17 2.69906e-17 9.33949e-18 
1.03779e-17 9.22892e-18 2.13636e-17 6.35587e-17 1.90958e-16 5.61974e-16 1.61448e-15 4.52519e-15 1.23709e-14 3.29785e-14 8.57102e-14 2.17136e-13 5.36125e-13 1.28999e-12 3.02457e-12 6.91001e-12 1.53829e-11 3.337e-11 7.05463e-11 1.45358e-10 2.91955e-10 5.71712e-10 1.0917e-09 2.03316e-09 3.69376e-09 6.54741e-09 1.13251e-08 1.91182e-08 3.15017e-08 5.06688e-08 7.95592e-08 1.21955e-07 1.82503e-07 2.66624e-07 3.80251e-07 5.29385e-07 7.19428e-07 9.54361e-07 1.23584e-06 1.56234e-06 1.92859e-06 2.32541e-06 2.74003e-06 3.15708e-06 3.55992e-06 3.93212e-06 4.25887e-06 4.52795e-06 4.73015e-06 4.85923e-06 4.91156e-06 4.88569e-06 4.78225e-06 4.60403e-06 4.35641e-06 4.0477e-06 3.68934e-06 3.29553e-06 2.88238e-06 2.46658e-06 2.06394e-06 1.68798e-06 1.3489e-06 1.05308e-06 8.03118e-07 5.98328e-07 4.35473e-07 3.09655e-07 2.15142e-07 1.46063e-07 9.69058e-08 6.28316e-08 3.98143e-08 2.46568e-08 1.49232e-08 8.82682e-09 5.10191e-09 2.88146e-09 1.59003e-09 8.5716e-10 4.51374e-10 2.32158e-10 1.16617e-10 5.72055e-11 2.74022e-11 1.28172e-11 5.8541e-12 2.61096e-12 1.13721e-12 4.83754e-13 2.01004e-13 8.15922e-14 3.23619e-14 1.25444e-14 4.75324e-15 1.76101e-15 6.38092e-16 2.26228e-16 7.86352e-17 2.73011e-17 
3.00562e-17 2.71919e-17 6.32493e-17 1.87699e-16 5.61974e-16 1.64785e-15 4.71644e-15 1.31689e-14 3.5859e-14 9.52039e-14 2.46393e-13 6.21493e-13 1.52761e-12 3.65853e-12 8.53652e-12 1.94053e-11 4.29756e-11 9.27276e-11 1.94947e-10 3.99391e-10 7.97485e-10 1.55228e-09 2.94597e-09 5.45244e-09 9.84354e-09 1.7338e-08 2.98003e-08 4.99907e-08 8.18595e-08 1.30861e-07 2.04247e-07 3.11265e-07 4.63181e-07 6.73011e-07 9.54869e-07 1.32285e-06 1.78943e-06 2.36352e-06 3.04834e-06 3.83952e-06 4.72373e-06 5.67847e-06 6.67297e-06 7.6705e-06 8.63157e-06 9.51747e-06 1.02935e-05 1.09312e-05 1.14093e-05 1.17134e-05 1.18351e-05 1.17713e-05 1.15234e-05 1.1098e-05 1.05075e-05 9.77132e-06 8.91626e-06 7.9757e-06 6.9876e-06 5.99152e-06 5.02501e-06 4.1204e-06 3.30231e-06 2.58642e-06 1.97947e-06 1.48035e-06 1.08184e-06 7.72621e-07 5.39264e-07 3.67869e-07 2.4528e-07 1.59852e-07 1.01827e-07 6.33993e-08 3.85804e-08 2.29445e-08 1.33345e-08 7.57209e-09 4.20088e-09 2.27663e-09 1.20507e-09 6.22945e-10 3.14451e-10 1.54983e-10 7.45787e-11 3.50373e-11 1.60706e-11 7.19674e-12 3.1468e-12 1.34362e-12 5.60295e-13 2.28223e-13 9.08216e-14 3.5318e-14 1.3424e-14 4.9883e-15 1.81273e-15 6.44501e-16 2.24662e-16 7.82779e-17 
8.5054e-17 7.82634e-17 1.82847e-16 5.41171e-16 1.61448e-15 4.71644e-15 1.34476e-14 3.73998e-14 1.01428e-13 2.68166e-13 6.91046e-13 1.73534e-12 4.24582e-12 1.01201e-11 2.34973e-11 5.31417e-11 1.17068e-10 2.51214e-10 5.25157e-10 1.06963e-09 2.12297e-09 4.10686e-09 7.74514e-09 1.42431e-08 2.55473e-08 4.47045e-08 7.63352e-08 1.2722e-07 2.06978e-07 3.28774e-07 5.09953e-07 7.72437e-07 1.14268e-06 1.65096e-06 2.32973e-06 3.21099e-06 4.32253e-06 5.68349e-06 7.29953e-06 9.15863e-06 1.12283e-05 1.3455e-05 1.5767e-05 1.80793e-05 2.03011e-05 2.23442e-05 2.41299e-05 2.55942e-05 2.66892e-05 2.73831e-05 2.76575e-05 2.75054e-05 2.69302e-05 2.59464e-05 2.45823e-05 2.28815e-05 2.09047e-05 1.87279e-05 1.64376e-05 1.41246e-05 1.18753e-05 9.76464e-06 7.85032e-06 6.16965e-06 4.73957e-06 3.55889e-06 2.61212e-06 1.87409e-06 1.31439e-06 9.01169e-07 6.04013e-07 3.95768e-07 2.535e-07 1.58721e-07 9.71352e-08 5.80974e-08 3.39563e-08 1.93912e-08 1.08179e-08 5.89473e-09 3.13689e-09 1.63e-09 8.26935e-10 4.09553e-10 1.98003e-10 9.34419e-11 4.30448e-11 1.93565e-11 8.49747e-12 3.64216e-12 1.5244e-12 6.23132e-13 2.48823e-13 9.70797e-14 3.70166e-14 1.37978e-14 5.02912e-15 1.79329e-15 6.26958e-16 2.19255e-16 
2.35031e-16 2.19912e-16 5.15847e-16 1.52244e-15 4.52519e-15 1.31689e-14 3.73998e-14 1.03595e-13 2.79786e-13 7.36571e-13 1.88975e-12 4.72397e-12 1.15039e-11 2.72872e-11 6.30381e-11 1.41826e-10 3.1075e-10 6.6311e-10 1.37822e-09 2.79038e-09 5.50426e-09 1.05808e-08 1.98255e-08 3.62188e-08 6.45304e-08 1.12159e-07 1.90222e-07 3.14884e-07 5.08862e-07 8.02957e-07 1.23737e-06 1.86241e-06 2.73822e-06 3.93285e-06 5.51844e-06 7.56503e-06 1.01322e-05 1.32592e-05 1.69545e-05 2.11865e-05 2.58786e-05 3.0908e-05 3.61122e-05 4.13009e-05 4.62729e-05 5.08334e-05 5.48103e-05 5.80638e-05 6.0491e-05 6.20234e-05 6.26219e-05 6.22717e-05 6.09804e-05 5.87796e-05 5.57302e-05 5.19275e-05 4.75043e-05 4.26273e-05 3.74878e-05 3.22867e-05 2.72168e-05 2.24463e-05 1.81059e-05 1.42818e-05 1.10152e-05 8.30683e-06 6.12501e-06 4.41585e-06 3.11289e-06 2.14564e-06 1.44607e-06 9.52885e-07 6.13886e-07 3.86626e-07 2.38013e-07 1.43203e-07 8.41933e-08 4.83612e-08 2.71351e-08 1.48695e-08 7.95635e-09 4.15637e-09 2.11952e-09 1.05496e-09 5.12478e-10 2.42965e-10 1.1242e-10 5.07682e-11 2.23782e-11 9.62936e-12 4.04551e-12 1.65971e-12 6.65068e-13 2.6036e-13 9.96017e-14 3.72443e-14 1.36171e-14 4.87033e-15 1.70793e-15 5.99576e-16 
6.34049e-16 6.0311e-16 1.41983e-15 4.17792e-15 1.23709e-14 3.5859e-14 1.01428e-13 2.79786e-13 7.52421e-13 1.97218e-12 5.03708e-12 1.25332e-11 3.03747e-11 7.16915e-11 1.64771e-10 3.6874e-10 8.03489e-10 1.7048e-09 3.52239e-09 7.08809e-09 1.3894e-08 2.65357e-08 4.93912e-08 8.96211e-08 1.58578e-07 2.73706e-07 4.60959e-07 7.57709e-07 1.21596e-06 1.90553e-06 2.91661e-06 4.36094e-06 6.37064e-06 9.09354e-06 1.26843e-05 1.72906e-05 2.30352e-05 2.99945e-05 3.81767e-05 4.75036e-05 5.77997e-05 6.87926e-05 8.01268e-05 9.13909e-05 0.000102153 0.000111999 0.000120564 0.000127555 0.000132757 0.00013603 0.000137292 0.000136514 0.000133712 0.000128952 0.00012236 0.000114139 0.000104566 9.39969e-05 8.28387e-05 7.15217e-05 6.04615e-05 5.00233e-05 4.04938e-05 3.20661e-05 2.4837e-05 1.88158e-05 1.39415e-05 1.0103e-05 7.16043e-06 4.96327e-06 3.36445e-06 2.23022e-06 1.44552e-06 9.15991e-07 5.67385e-07 3.43485e-07 2.03185e-07 1.17419e-07 6.62749e-08 3.65287e-08 1.96564e-08 1.03248e-08 5.29295e-09 2.64794e-09 1.29264e-09 6.1573e-10 2.86189e-10 1.29804e-10 5.7456e-11 2.48228e-11 1.0469e-11 4.31108e-12 1.73374e-12 6.81095e-13 2.61438e-13 9.80818e-14 3.59752e-14 1.29073e-14 4.54067e-15 1.60036e-15 
1.6696e-15 1.61403e-15 3.81193e-15 1.11815e-14 3.29785e-14 9.52039e-14 2.68166e-13 7.36571e-13 1.97218e-12 5.14612e-12 1.30828e-11 3.23976e-11 7.8132e-11 1.83476e-10 4.19478e-10 9.33659e-10 2.02303e-09 4.26739e-09 8.76402e-09 1.7526e-08 3.41335e-08 6.47588e-08 1.19717e-07 2.15719e-07 3.78997e-07 6.49456e-07 1.08587e-06 1.77198e-06 2.82311e-06 4.39246e-06 6.67581e-06 9.91307e-06 1.43846e-05 2.04002e-05 2.82794e-05 3.8322e-05 5.07699e-05 6.57632e-05 8.3297e-05 0.000103185 0.00012504 0.000148277 0.000172145 0.000195785 0.000218303 0.000238847 0.000256674 0.00027119 0.000281966 0.000288718 0.00029129 0.000289623 0.000283751 0.000273804 0.000260038 0.000242859 0.000222837 0.000200696 0.000177274 0.000153462 0.000130124 0.000108027 8.778e-05 6.98007e-05 5.4309e-05 4.13428e-05 3.0791e-05 2.2435e-05 1.59914e-05 1.11502e-05 7.60457e-06 5.07244e-06 3.30863e-06 2.11007e-06 1.31545e-06 8.0147e-07 4.77121e-07 2.77454e-07 1.57567e-07 8.73664e-08 4.72862e-08 2.49776e-08 1.28742e-08 6.47435e-09 3.17646e-09 1.52038e-09 7.09945e-10 3.23439e-10 1.4378e-10 6.23741e-11 2.6411e-11 1.09177e-11 4.40699e-12 1.73751e-12 6.69276e-13 2.51942e-13 9.27157e-14 3.33729e-14 1.17789e-14 4.16867e-15 
4.2907e-15 4.21424e-15 9.98076e-15 2.9179e-14 8.57102e-14 2.46393e-13 6.91046e-13 1.88975e-12 5.03708e-12 1.30828e-11 3.31023e-11 8.15729e-11 1.95737e-10 4.57261e-10 1.03983e-09 2.30158e-09 4.9584e-09 1.03971e-08 2.12215e-08 4.21681e-08 8.15864e-08 1.53739e-07 2.82231e-07 5.04923e-07 8.80643e-07 1.49793e-06 2.48577e-06 4.026e-06 6.3662e-06 9.83155e-06 1.48329e-05 2.18677e-05 3.15101e-05 4.43859e-05 6.11306e-05 8.23278e-05 0.000108433 0.000139686 0.000176028 0.000217034 0.00026188 0.000309352 0.000357921 0.000405854 0.000451364 0.000492766 0.000528599 0.000557707 0.000579258 0.000592713 0.000597774 0.000594333 0.000582453 0.000562386 0.000534628 0.000499967 0.00045952 0.000414714 0.000367213 0.000318793 0.000271191 0.000225962 0.000184354 0.000147245 0.000115116 8.80838e-05 6.59616e-05 4.83381e-05 3.46624e-05 2.43196e-05 1.66928e-05 1.12076e-05 7.35914e-06 4.72475e-06 2.96526e-06 1.81872e-06 1.08984e-06 6.3787e-07 3.64544e-07 2.03377e-07 1.10734e-07 5.88298e-08 3.04916e-08 1.54162e-08 7.60248e-09 3.65684e-09 1.7157e-09 7.85219e-10 3.50594e-10 1.52739e-10 6.49392e-11 2.69507e-11 1.09206e-11 4.32161e-12 1.67068e-12 6.3113e-13 2.33058e-13 8.4172e-14 2.98101e-14 1.05954e-14 
1.07602e-14 1.07338e-14 2.54814e-14 7.42343e-14 2.17136e-13 6.21493e-13 1.73534e-12 4.72397e-12 1.25332e-11 3.23976e-11 8.15729e-11 2.0001e-10 4.77454e-10 1.10945e-09 2.50908e-09 5.52216e-09 1.18269e-08 2.4649e-08 4.99946e-08 9.86957e-08 1.89673e-07 3.54935e-07 6.46935e-07 1.14892e-06 1.98885e-06 3.35717e-06 5.52822e-06 8.88417e-06 1.39393e-05 2.13609e-05 3.19818e-05 4.67973e-05 6.69407e-05 9.36292e-05 0.000128076 0.000171371 0.000224328 0.000287323 0.00036014 0.000441848 0.000530752 0.000624428 0.000719866 0.000813699 0.000902489 0.000983021 0.00105253 0.00110885 0.00115045 0.00117632 0.00118593 0.00117909 0.00115591 0.00111686 0.00106285 0.000995362 0.000916501 0.000828972 0.000735955 0.000640865 0.00054707 0.00045761 0.000374962 0.000300899 0.000236444 0.000181911 0.000137013 0.000101018 7.28985e-05 5.14825e-05 3.55757e-05 2.40498e-05 1.59015e-05 1.02805e-05 6.49714e-06 4.01256e-06 2.42089e-06 1.4264e-06 8.20514e-07 4.60663e-07 2.5236e-07 1.34866e-07 7.03004e-08 3.57381e-08 1.77172e-08 8.56534e-09 4.03825e-09 1.85686e-09 8.32826e-10 3.64412e-10 1.5559e-10 6.48362e-11 2.63762e-11 1.04782e-11 4.06595e-12 1.54161e-12 5.71306e-13 2.0706e-13 7.35931e-14 2.62741e-14 
2.63295e-14 2.6666e-14 6.34265e-14 1.84095e-13 5.36125e-13 1.52761e-12 4.24582e-12 1.15039e-11 3.03747e-11 7.8132e-11 1.95737e-10 4.77454e-10 1.13371e-09 2.62e-09 5.89194e-09 1.28921e-08 2.74454e-08 5.68453e-08 1.14557e-07 2.24648e-07 4.28762e-07 7.96654e-07 1.44144e-06 2.54071e-06 4.36433e-06 7.30929e-06 1.19405e-05 1.90354e-05 2.96268e-05 4.50376e-05 6.68967e-05 9.71245e-05 0.000137875 0.000191422 0.000259991 0.000345519 0.000449385 0.000572106 0.000713066 0.000870314 0.00104049 0.00121892 0.0013999 0.00157713 0.00174424 0.00189533 0.00202537 0.00213047 0.00220787 0.00225584 0.00227345 0.00226035 0.00221676 0.0021435 0.00204219 0.00191548 0.00176718 0.00160223 0.00142647 0.00124623 0.0010678 0.000896909 0.000738306 0.000595455 0.000470442 0.000364036 0.00027587 0.000204704 0.00014871 0.000105748 7.35915e-05 5.01072e-05 3.3371e-05 2.1732e-05 1.38338e-05 8.60492e-06 5.22821e-06 3.10175e-06 1.79622e-06 1.01503e-06 5.59555e-07 3.00854e-07 1.57741e-07 8.06406e-08 4.01941e-08 1.95329e-08 9.25519e-09 4.27625e-09 1.9269e-09 8.46935e-10 3.63186e-10 1.51985e-10 6.20837e-11 2.47619e-11 9.64609e-12 3.67124e-12 1.36559e-12 4.96745e-13 1.77209e-13 6.3561e-14 
6.28595e-14 6.46092e-14 1.53908e-13 4.44974e-13 1.28999e-12 3.65853e-12 1.01201e-11 2.72872e-11 7.16915e-11 1.83476e-10 4.57261e-10 1.10945e-09 2.62e-09 6.02083e-09 1.34616e-08 2.92798e-08 6.19494e-08 1.27496e-07 2.55247e-07 4.97145e-07 9.42187e-07 1.73793e-06 3.12105e-06 5.45892e-06 9.30322e-06 1.54555e-05 2.50418e-05 3.95914e-05 6.11085e-05 9.21248e-05 0.000135713 0.000195439 0.00027524 0.000379196 0.000511205 0.000674553 0.000871421 0.00110237 0.00136586 0.00165799 0.00197233 0.00230022 0.00263122 0.002954 0.0032572 0.00353042 0.00376488 0.00395386 0.00409267 0.00417839 0.00420947 0.00418537 0.00410643 0.00397403 0.00379093 0.00356166 0.00329285 0.00299316 0.00267291 0.00234337 0.00201585 0.00170077 0.00140689 0.00114074 0.000906437 0.00070572 0.000538267 0.00040212 0.000294184 0.000210712 0.000147724 0.000101339 6.80023e-05 4.46199e-05 2.86171e-05 1.79325e-05 1.09748e-05 6.55733e-06 3.82358e-06 2.17513e-06 1.20683e-06 6.52914e-07 3.44381e-07 1.77072e-07 8.87487e-08 4.33592e-08 2.06507e-08 9.58885e-09 4.34156e-09 1.91714e-09 8.25828e-10 3.47105e-10 1.42393e-10 5.70291e-11 2.23059e-11 8.52314e-12 3.18264e-12 1.16212e-12 4.1618e-13 1.49997e-13 
1.46417e-13 1.52665e-13 3.64057e-13 1.04823e-12 3.02457e-12 8.53652e-12 2.34973e-11 6.30381e-11 1.64771e-10 4.19478e-10 1.03983e-09 2.50908e-09 5.89194e-09 1.34616e-08 2.99192e-08 6.46782e-08 1.35982e-07 2.78039e-07 5.52896e-07 1.0694e-06 2.01218e-06 3.68408e-06 6.56547e-06 1.13931e-05 1.92596e-05 3.17318e-05 5.09813e-05 7.99157e-05 0.000122291 0.000182779 0.000266963 0.000381215 0.000532442 0.000727652 0.000973363 0.00127485 0.00163529 0.00205493 0.00253033 0.00305392 0.00361394 0.00419486 0.00477839 0.00534488 0.0058749 0.00635082 0.00675797 0.00708522 0.00732494 0.00747245 0.0075253 0.00748267 0.0073451 0.00711476 0.00679612 0.00639665 0.00592733 0.00540274 0.00484037 0.00425953 0.00367977 0.00311935 0.00259382 0.00211507 0.00169089 0.00132501 0.00101753 0.000765589 0.000564238 0.000407215 0.000287701 0.000198912 0.000134529 8.89651e-05 5.75022e-05 3.6309e-05 2.23881e-05 1.34745e-05 7.91271e-06 4.53221e-06 2.53128e-06 1.37821e-06 7.3141e-07 3.78298e-07 1.90686e-07 9.36742e-08 4.4851e-08 2.09328e-08 9.52487e-09 4.22625e-09 1.82902e-09 7.72256e-10 3.18206e-10 1.27994e-10 5.02741e-11 1.92891e-11 7.23186e-12 2.65115e-12 9.53264e-13 3.45299e-13 
3.32737e-13 3.51783e-13 8.39429e-13 2.40656e-12 6.91001e-12 1.94053e-11 5.31417e-11 1.41826e-10 3.6874e-10 9.33659e-10 2.30158e-09 5.52216e-09 1.28921e-08 2.92798e-08 6.46782e-08 1.3894e-07 2.90222e-07 5.89452e-07 1.16409e-06 2.23556e-06 4.17557e-06 7.58711e-06 1.34155e-05 2.30925e-05 3.87143e-05 6.3245e-05 0.000100734 0.000156523 0.000237401 0.000351681 0.00050912 0.000720656 0.0009979 0.00135235 0.00179437 0.00233191 0.00296911 0.00370504 0.00453251 0.00543751 0.00639927 0.00739108 0.0083821 0.0093396 0.0102317 0.0110298 0.0117103 0.0122557 0.0126541 0.0128984 0.012985 0.0129125 0.0126819 0.0122965 0.0117629 0.011093 0.0103043 0.00942009 0.00846894 0.00748254 0.00649342 0.00553228 0.00462573 0.00379464 0.0030532 0.00240894 0.00186326 0.00141246 0.00104906 0.000763146 0.000543536 0.000378863 0.000258331 0.000172227 0.000112214 7.14158e-05 4.4375e-05 2.69081e-05 1.59165e-05 9.18079e-06 5.16239e-06 2.82918e-06 1.51091e-06 7.86225e-07 3.98631e-07 1.96937e-07 9.48092e-08 4.44839e-08 2.03452e-08 9.07238e-09 3.94537e-09 1.67371e-09 6.92828e-10 2.79935e-10 1.10437e-10 4.25546e-11 1.60217e-11 5.89774e-12 2.12954e-12 7.75413e-13 
7.37753e-13 7.90509e-13 1.88672e-12 5.38462e-12 1.53829e-11 4.29756e-11 1.17068e-10 3.1075e-10 8.03489e-10 2.02303e-09 4.9584e-09 1.18269e-08 2.74454e-08 6.19494e-08 1.35982e-07 2.90222e-07 6.02193e-07 1.2147e-06 2.38196e-06 4.54112e-06 8.4182e-06 1.51776e-05 2.66225e-05 4.54492e-05 7.55504e-05 0.000122352 0.000193152 0.000297422 0.000447001 0.000656122 0.000941179 0.00132017 0.00181177 0.00243394 0.00320224 0.00412778 0.00521511 0.00646026 0.00784916 0.00935698 0.0109484 0.0125794 0.0141999 0.0157578 0.0172027 0.0184903 0.0195845 0.0204588 0.0210956 0.0214848 0.0216212 0.0215031 0.0211316 0.0205114 0.0196524 0.0185719 0.0172966 0.0158625 0.0143138 0.0127007 0.011075 0.0094863 0.00797848 0.00658668 0.00533585 0.00424036 0.00330469 0.00252492 0.00189057 0.00138674 0.000996014 0.000700153 0.000481455 0.000323684 0.000212645 0.000136434 8.54476e-05 5.22132e-05 3.11156e-05 1.80774e-05 1.02358e-05 5.6473e-06 3.03547e-06 1.58943e-06 8.10743e-07 4.02874e-07 1.95049e-07 9.2018e-08 4.23097e-08 1.89646e-08 8.28889e-09 3.53361e-09 1.46975e-09 5.96631e-10 2.36455e-10 9.15204e-11 3.46081e-11 1.27945e-11 4.64001e-12 1.69869e-12 
1.59605e-12 1.7324e-12 4.13386e-12 1.17422e-11 3.337e-11 9.27276e-11 2.51214e-10 6.6311e-10 1.7048e-09 4.26739e-09 1.03971e-08 2.4649e-08 5.68453e-08 1.27496e-07 2.78039e-07 5.89452e-07 1.2147e-06 2.43297e-06 4.73639e-06 8.96242e-06 1.64866e-05 2.94891e-05 5.13034e-05 8.68472e-05 0.000143118 0.00022972 0.000359362 0.000548249 0.00081627 0.00118686 0.00168646 0.00234342 0.00318635 0.00424186 0.00553186 0.00707046 0.0088609 0.0108928 0.0131401 0.0155607 0.0180971 0.0206792 0.0232295 0.025668 0.027919 0.0299166 0.031608 0.0329552 0.0339337 0.0345296 0.0347363 0.0345516 0.0339769 0.0330181 0.031689 0.0300139 0.0280312 0.0257938 0.0233678 0.0208286 0.0182556 0.0157258 0.0133085 0.0110609 0.00902481 0.00722649 0.00567677 0.00437313 0.00330229 0.00244325 0.00177023 0.00125535 0.00087081 0.000590535 0.000391269 0.00025314 0.000159831 9.84384e-05 5.91121e-05 3.45969e-05 1.97296e-05 1.09603e-05 5.93055e-06 3.12536e-06 1.60413e-06 8.01934e-07 3.90525e-07 1.85285e-07 8.56647e-08 3.86044e-08 1.69614e-08 7.26777e-09 3.03801e-09 1.23927e-09 4.93483e-10 1.91893e-10 7.28945e-11 2.70694e-11 9.86155e-12 3.63055e-12 
3.36927e-12 3.70272e-12 8.83003e-12 2.49586e-11 7.05463e-11 1.94947e-10 5.25157e-10 1.37822e-09 3.52239e-09 8.76402e-09 2.12215e-08 4.99946e-08 1.14557e-07 2.55247e-07 5.52896e-07 1.16409e-06 2.38196e-06 4.73639e-06 9.15197e-06 1.71854e-05 3.13641e-05 5.56452e-05 9.60002e-05 0.000161114 0.000263159 0.00041857 0.000648716 0.000980337 0.00144559 0.00208156 0.00292908 0.00403078 0.00542829 0.00715876 0.00925073 0.0117197 0.014564 0.0177611 0.0212655 0.0250086 0.0289005 0.0328348 0.0366956 0.0403663 0.0437377 0.0467162 0.0492287 0.0512232 0.0526676 0.0535443 0.0538455 0.0535686 0.052715 0.0512918 0.0493165 0.0468214 0.0438591 0.0405035 0.0368485 0.033003 0.029083 0.0252035 0.0214696 0.0179701 0.0147731 0.0119238 0.0094449 0.00733876 0.00559085 0.00417378 0.00305159 0.00218373 0.00152853 0.00104584 0.000699025 0.000456131 0.000290406 0.000180309 0.000109125 6.43533e-05 3.69682e-05 2.06826e-05 1.12679e-05 5.97757e-06 3.0878e-06 1.55329e-06 7.61006e-07 3.6319e-07 1.68881e-07 7.65314e-08 3.38086e-08 1.45637e-08 6.11942e-09 2.5089e-09 1.00401e-09 3.92304e-10 1.4973e-10 5.58604e-11 2.04461e-11 7.57093e-12 
6.94098e-12 7.71902e-12 1.83894e-11 5.17138e-11 1.45358e-10 3.99391e-10 1.06963e-09 2.79038e-09 7.08809e-09 1.7526e-08 4.21681e-08 9.86957e-08 2.24648e-07 4.97145e-07 1.0694e-06 2.23556e-06 4.54112e-06 8.96242e-06 1.71854e-05 3.20168e-05 5.79606e-05 0.000101979 0.000174434 0.000290176 0.00046969 0.000740153 0.00113625 0.00170049 0.00248291 0.00353975 0.00493133 0.0067186 0.00895885 0.0117004 0.0149767 0.0188008 0.0231593 0.0280091 0.0332745 0.0388485 0.0445965 0.0503636 0.0559846 0.0612961 0.0661484 0.0704152 0.0739997 0.0768356 0.078883 0.0801218 0.0805436 0.0801457 0.0789294 0.076902 0.0740836 0.0705147 0.066263 0.0614267 0.056133 0.0505315 0.0447851 0.0390572 0.0335011 0.0282495 0.0234079 0.0190511 0.0152219 0.011934 0.00917535 0.00691378 0.00510247 0.00368569 0.0026039 0.001798 0.0012126 0.000798216 0.000512554 0.000320881 0.000195765 0.000116346 6.73395e-05 3.79494e-05 2.08212e-05 1.11212e-05 5.78304e-06 2.92791e-06 1.44349e-06 6.93123e-07 3.24221e-07 1.4778e-07 6.56537e-08 2.84381e-08 1.20137e-08 4.95146e-09 1.99166e-09 7.82121e-10 2.99972e-10 1.1245e-10 4.13595e-11 1.54063e-11 
1.39556e-11 1.56968e-11 3.73441e-11 1.04465e-10 2.91955e-10 7.97485e-10 2.12297e-09 5.50426e-09 1.3894e-08 3.41335e-08 8.15864e-08 1.89673e-07 4.28762e-07 9.42187e-07 2.01218e-06 4.17557e-06 8.4182e-06 1.64866e-05 3.13641e-05 5.79606e-05 0.000104058 0.000181528 0.000307791 0.000507428 0.000813775 0.00127026 0.00193119 0.00286167 0.00413642 0.0058372 0.00804887 0.010854 0.0143264 0.0185236 0.0234793 0.0291958 0.0356382 0.04273 0.0503517 0.058344 0.0665137 0.0746448 0.0825125 0.0898987 0.0966077 0.102478 0.107388 0.111259 0.114044 0.115725 0.116292 0.115745 0.114083 0.111312 0.107453 0.102553 0.0966931 0.0899972 0.0826285 0.0747833 0.0666791 0.0585388 0.0505758 0.0429804 0.0359095 0.0294805 0.0237687 0.0188089 0.0145991 0.011107 0.0082767 0.0060364 0.00430551 0.00300101 0.00204262 0.00135672 0.00087882 0.000554862 0.000341307 0.000204466 0.00011926 6.77143e-05 3.74227e-05 2.01301e-05 1.05398e-05 5.37193e-06 2.6657e-06 1.28812e-06 6.06271e-07 2.78008e-07 1.24236e-07 5.41224e-08 2.29921e-08 9.52796e-09 3.8529e-09 1.52088e-09 5.86263e-10 2.20859e-10 8.164e-11 3.0597e-11 
2.73881e-11 3.11396e-11 7.39575e-11 2.05767e-10 5.71712e-10 1.55228e-09 4.10686e-09 1.05808e-08 2.65357e-08 6.47588e-08 1.53739e-07 3.54935e-07 7.96654e-07 1.73793e-06 3.68408e-06 7.58711e-06 1.51776e-05 2.94891e-05 5.56452e-05 0.000101979 0.000181528 0.000313914 0.000527501 0.00086167 0.00136889 0.00211617 0.00318552 0.00467286 0.00668527 0.00933627 0.0127392 0.0169993 0.0222043 0.0284147 0.0356547 0.0439035 0.0530892 0.063086 0.0737147 0.084748 0.0959211 0.106946 0.117532 0.127401 0.13631 0.144063 0.150519 0.155589 0.159227 0.161414 0.162147 0.161426 0.159249 0.155617 0.150549 0.144092 0.13634 0.127437 0.117581 0.107019 0.0960249 0.0848902 0.0738991 0.0633123 0.0533534 0.0441982 0.0359701 0.0287396 0.0225271 0.0173093 0.0130272 0.00959544 0.00691124 0.00486376 0.00334179 0.00224009 0.00146405 0.000932422 0.000578407 0.000349351 0.000205392 0.000117522 6.54384e-05 3.54578e-05 1.86973e-05 9.59579e-06 4.79388e-06 2.33176e-06 1.10452e-06 5.09654e-07 2.29145e-07 1.00418e-07 4.29065e-08 1.78808e-08 7.27031e-09 2.88519e-09 1.11796e-09 4.23305e-10 1.57278e-10 5.93137e-11 
5.24701e-11 6.02718e-11 1.42859e-10 3.95269e-10 1.0917e-09 2.94597e-09 7.74514e-09 1.98255e-08 4.93912e-08 1.19717e-07 2.82231e-07 6.46935e-07 1.44144e-06 3.12105e-06 6.56547e-06 1.34155e-05 2.66225e-05 5.13034e-05 9.60002e-05 0.000174434 0.000307791 0.000527501 0.000878299 0.00142125 0.00223619 0.00342298 0.00510093 0.00740594 0.0104849 0.014488 0.0195581 0.0258197 0.0333666 0.0422501 0.0524687 0.06396 0.0765959 0.0901823 0.104463 0.119128 0.133832 0.148209 0.161898 0.174565 0.185926 0.195757 0.203903 0.210274 0.21483 0.217562 0.218472 0.217563 0.21483 0.210267 0.203883 0.195721 0.185877 0.174509 0.161846 0.148175 0.133831 0.119173 0.104562 0.0903398 0.0768112 0.0642274 0.0527786 0.0425898 0.0337219 0.0261761 0.0199021 0.0148083 0.0107729 0.00765623 0.00531125 0.00359384 0.00237039 0.00152313 0.000953041 0.000580485 0.000344083 0.000198451 0.00011136 6.07967e-05 3.22952e-05 1.66935e-05 8.39817e-06 4.11278e-06 1.96112e-06 9.10769e-07 4.12072e-07 1.81691e-07 7.80963e-08 3.27348e-08 1.3385e-08 5.34093e-09 2.08054e-09 7.91872e-10 2.95762e-10 1.12251e-10 
9.81386e-11 1.1383e-10 2.6919e-10 7.40614e-10 2.03316e-09 5.45244e-09 1.42431e-08 3.62188e-08 8.96211e-08 2.15719e-07 5.04923e-07 1.14892e-06 2.54071e-06 5.45892e-06 1.13931e-05 2.30925e-05 4.54492e-05 8.68472e-05 0.000161114 0.000290176 0.000507428 0.00086167 0.00142125 0.00227781 0.00354878 0.0053778 0.00793208 0.0113964 0.0159635 0.0218213 0.0291386 0.0380493 0.0486377 0.060926 0.0748641 0.0903242 0.107099 0.124906 0.143396 0.162168 0.180789 0.198819 0.215835 0.231456 0.245366 0.25733 0.267193 0.274874 0.280348 0.28362 0.284706 0.283609 0.280321 0.274825 0.267114 0.257217 0.245221 0.231286 0.215655 0.198648 0.180646 0.162071 0.143361 0.124945 0.107215 0.0905163 0.0751245 0.0612425 0.0489947 0.0384292 0.0295238 0.0221953 0.0163124 0.0117098 0.00820333 0.00560421 0.00373108 0.00241939 0.00152734 0.000938353 0.000560909 0.00032617 0.000184497 0.000101514 5.43349e-05 2.82946e-05 1.43375e-05 7.0709e-06 3.39481e-06 1.58712e-06 7.22749e-07 3.20687e-07 1.38686e-07 5.84777e-08 2.40493e-08 9.64991e-09 3.7795e-09 1.44612e-09 5.43e-10 2.07417e-10 
1.79219e-10 2.0979e-10 4.94866e-10 1.35376e-09 3.69376e-09 9.84354e-09 2.55473e-08 6.45304e-08 1.58578e-07 3.78997e-07 8.80643e-07 1.98885e-06 4.36433e-06 9.30322e-06 1.92596e-05 3.87143e-05 7.55504e-05 0.000143118 0.000263159 0.00046969 0.000813775 0.00136889 0.00223619 0.00354878 0.00547365 0.00821011 0.0119837 0.0170353 0.0236056 0.0319162 0.0421502 0.0544326 0.0688142 0.0852598 0.103641 0.123737 0.145237 0.167753 0.190831 0.213977 0.236678 0.258429 0.278762 0.297269 0.313626 0.327602 0.33906 0.347942 0.35425 0.35801 0.359253 0.357988 0.354199 0.347854 0.338924 0.327413 0.313383 0.296981 0.278444 0.258103 0.236368 0.213707 0.190624 0.167627 0.145204 0.123801 0.1038 0.085504 0.0691295 0.0548002 0.0425493 0.0323255 0.0240053 0.0174088 0.0123184 0.0084982 0.00571211 0.00373869 0.00238177 0.00147634 0.000890175 0.000522031 0.000297728 0.000165137 8.90846e-05 4.6746e-05 2.3864e-05 1.18546e-05 5.73172e-06 2.69806e-06 1.23684e-06 5.52339e-07 2.40365e-07 1.01966e-07 4.21807e-08 1.70215e-08 6.70338e-09 2.57859e-09 9.73445e-10 3.74261e-10 
3.19576e-10 3.77334e-10 8.87659e-10 2.41438e-09 6.54741e-09 1.7338e-08 4.47045e-08 1.12159e-07 2.73706e-07 6.49456e-07 1.49793e-06 3.35717e-06 7.30929e-06 1.54555e-05 3.17318e-05 6.3245e-05 0.000122352 0.00022972 0.00041857 0.000740153 0.00127026 0.00211617 0.00342298 0.0053778 0.00821011 0.0121867 0.0176001 0.0247504 0.0339223 0.0453593 0.0592378 0.0756457 0.0945671 0.115874 0.139326 0.164579 0.191198 0.218677 0.246459 0.273963 0.300613 0.325863 0.349226 0.370298 0.388771 0.404445 0.417218 0.427073 0.434044 0.438189 0.439556 0.438158 0.433975 0.426955 0.417038 0.404194 0.388447 0.369907 0.348782 0.325388 0.300134 0.273509 0.246058 0.218355 0.190974 0.164466 0.139329 0.115991 0.0947879 0.0759535 0.0596109 0.0457733 0.034352 0.0251721 0.017994 0.0125382 0.00851031 0.00562362 0.00361618 0.00226202 0.00137611 0.000814047 0.000468228 0.000261865 0.000142409 7.53163e-05 3.87441e-05 1.93899e-05 9.44289e-06 4.47619e-06 2.06593e-06 9.28664e-07 4.06708e-07 1.73594e-07 7.22385e-08 2.93185e-08 1.16103e-08 4.49018e-09 1.70427e-09 6.59521e-10 
5.56457e-10 6.6238e-10 1.55373e-09 4.20183e-09 1.13251e-08 2.98003e-08 7.63352e-08 1.90222e-07 4.60959e-07 1.08587e-06 2.48577e-06 5.52822e-06 1.19405e-05 2.50418e-05 5.09813e-05 0.000100734 0.000193152 0.000359362 0.000648716 0.00113625 0.00193119 0.00318552 0.00510093 0.00793208 0.0119837 0.0176001 0.0251451 0.0349757 0.0474082 0.0626856 0.0809469 0.102205 0.126336 0.153078 0.182046 0.212747 0.244607 0.276999 0.309276 0.340791 0.370934 0.399153 0.424979 0.448044 0.468088 0.484967 0.498636 0.509126 0.516518 0.520902 0.522345 0.520869 0.516443 0.508997 0.498436 0.484686 0.467717 0.447586 0.424445 0.398562 0.370312 0.340169 0.308686 0.276472 0.244169 0.212422 0.181849 0.153016 0.126406 0.102398 0.0812443 0.0630624 0.0478355 0.0354236 0.0255859 0.0180105 0.0123472 0.00823912 0.00534893 0.00337736 0.00207349 0.00123759 0.000718074 0.000405021 0.00022209 0.000118407 6.13884e-05 3.09564e-05 1.5187e-05 7.25045e-06 3.36946e-06 1.52473e-06 6.72055e-07 2.88634e-07 1.2083e-07 4.93227e-08 1.96407e-08 7.63685e-09 2.91429e-09 1.13513e-09 
9.46161e-10 1.13487e-09 2.65402e-09 7.13651e-09 1.91182e-08 4.99907e-08 1.2722e-07 3.14884e-07 7.57709e-07 1.77198e-06 4.026e-06 8.88417e-06 1.90354e-05 3.95914e-05 7.99157e-05 0.000156523 0.000297422 0.000548249 0.000980337 0.00170049 0.00286167 0.00467286 0.00740594 0.0113964 0.0170353 0.0247504 0.0349757 0.0481131 0.0644889 0.0843128 0.107645 0.134378 0.164234 0.196779 0.23145 0.26759 0.304483 0.341398 0.377616 0.412463 0.445335 0.475716 0.503197 0.52748 0.548386 0.565848 0.579891 0.59061 0.598131 0.60258 0.604044 0.602551 0.598065 0.590491 0.579702 0.565573 0.548014 0.527007 0.502628 0.475066 0.444625 0.41172 0.376872 0.340687 0.303838 0.267041 0.231024 0.196496 0.164104 0.134401 0.107812 0.0846021 0.0648718 0.0485553 0.0354417 0.0252079 0.017458 0.0117664 0.00771393 0.00491748 0.00304743 0.00183561 0.00107459 0.000611398 0.000338099 0.00018174 9.49763e-05 4.82641e-05 2.38551e-05 1.1471e-05 5.36799e-06 2.44541e-06 1.08484e-06 4.68818e-07 1.97436e-07 8.10579e-08 3.24569e-08 1.26879e-08 4.86787e-09 1.90834e-09 
1.571e-09 1.89777e-09 4.42442e-09 1.183e-08 3.15017e-08 8.18595e-08 2.06978e-07 5.08862e-07 1.21596e-06 2.82311e-06 6.3662e-06 1.39393e-05 2.96268e-05 6.11085e-05 0.000122291 0.000237401 0.000447001 0.00081627 0.00144559 0.00248291 0.00413642 0.00668527 0.0104849 0.0159635 0.0236056 0.0339223 0.0474082 0.0644889 0.0854675 0.110478 0.139452 0.172114 0.207986 0.246427 0.286679 0.327914 0.369292 0.41 0.449292 0.48651 0.521104 0.55264 0.580806 0.605413 0.626385 0.643748 0.657608 0.668125 0.675472 0.679806 0.681233 0.679788 0.675427 0.668038 0.65746 0.643519 0.626061 0.604983 0.580269 0.552001 0.520377 0.485716 0.448457 0.409156 0.368473 0.327157 0.286021 0.245901 0.207617 0.171919 0.139435 0.110626 0.0857574 0.064885 0.0478694 0.0344071 0.024077 0.0163933 0.0108551 0.00698784 0.00437202 0.00265813 0.00157031 0.000901368 0.000502744 0.000272499 0.000143557 7.35209e-05 3.66122e-05 1.77332e-05 8.35647e-06 3.83241e-06 1.71113e-06 7.44062e-07 3.15218e-07 1.30154e-07 5.24023e-08 2.05935e-08 7.94304e-09 3.1338e-09 
2.54714e-09 3.09741e-09 7.1985e-09 1.91405e-08 5.06688e-08 1.30861e-07 3.28774e-07 8.02957e-07 1.90553e-06 4.39246e-06 9.83155e-06 2.13609e-05 4.50376e-05 9.21248e-05 0.000182779 0.000351681 0.000656122 0.00118686 0.00208156 0.00353975 0.0058372 0.00933627 0.014488 0.0218213 0.0319162 0.0453593 0.0626856 0.0843128 0.110478 0.141188 0.176196 0.215006 0.256907 0.301028 0.346408 0.392068 0.437068 0.480563 0.521823 0.560262 0.59543 0.627021 0.654855 0.678875 0.699124 0.715729 0.728879 0.738792 0.745684 0.749739 0.751077 0.749737 0.745672 0.738754 0.728796 0.71558 0.69889 0.678542 0.654413 0.626466 0.594766 0.559497 0.520977 0.479658 0.436137 0.391148 0.345544 0.300264 0.256286 0.214563 0.175951 0.141146 0.110625 0.0846176 0.0631049 0.0458441 0.0324192 0.0223025 0.0149184 0.0096994 0.00612771 0.00376097 0.00224237 0.00129869 0.000730652 0.000399362 0.000212099 0.000109474 5.49274e-05 2.6797e-05 1.27156e-05 5.87053e-06 2.63793e-06 1.15412e-06 4.91815e-07 2.04218e-07 8.26665e-08 3.26567e-08 1.26618e-08 5.02689e-09 
4.0325e-09 4.93398e-09 1.14304e-08 3.02281e-08 7.95592e-08 2.04247e-07 5.09953e-07 1.23737e-06 2.91661e-06 6.67581e-06 1.48329e-05 3.19818e-05 6.68967e-05 0.000135713 0.000266963 0.00050912 0.000941179 0.00168646 0.00292908 0.00493133 0.00804887 0.0127392 0.0195581 0.0291386 0.0421502 0.0592378 0.0809469 0.107645 0.139452 0.176196 0.217399 0.262307 0.309948 0.359217 0.408967 0.458098 0.505621 0.550706 0.592702 0.63114 0.665722 0.696298 0.722848 0.745456 0.764291 0.779578 0.791579 0.800563 0.806777 0.810423 0.81163 0.810439 0.806801 0.800581 0.791574 0.779529 0.764177 0.745259 0.722551 0.695888 0.665191 0.630486 0.591928 0.549825 0.504656 0.457084 0.407948 0.358246 0.309084 0.261604 0.216899 0.175925 0.139411 0.107813 0.0812834 0.0596898 0.0426612 0.0296568 0.0200424 0.0131623 0.00839732 0.0052034 0.00313126 0.00182986 0.00103847 0.000572391 0.000306459 0.000159411 8.05818e-05 3.95954e-05 1.8918e-05 8.79171e-06 3.97552e-06 1.74984e-06 7.49991e-07 3.13144e-07 1.27432e-07 5.05979e-08 1.97184e-08 7.87654e-09 
6.23322e-09 7.67037e-09 1.77135e-08 4.65968e-08 1.21955e-07 3.11265e-07 7.72437e-07 1.86241e-06 4.36094e-06 9.91307e-06 2.18677e-05 4.67973e-05 9.71245e-05 0.000195439 0.000381215 0.000720656 0.00132017 0.00234342 0.00403078 0.0067186 0.010854 0.0169993 0.0258197 0.0380493 0.0544326 0.0756457 0.102205 0.134378 0.172114 0.215006 0.262307 0.312975 0.365774 0.41938 0.472495 0.523947 0.572755 0.618167 0.659662 0.696937 0.729876 0.75851 0.782985 0.803529 0.820425 0.833986 0.844531 0.852365 0.857755 0.860907 0.861955 0.86094 0.857813 0.852439 0.844604 0.83404 0.820441 0.803485 0.78286 0.758285 0.729531 0.696458 0.659036 0.617392 0.571842 0.522918 0.471392 0.418259 0.364704 0.312027 0.261547 0.214483 0.171849 0.134369 0.102418 0.0760287 0.0549231 0.0385848 0.0263465 0.0174779 0.0112608 0.0070448 0.00427884 0.002523 0.00144428 0.000802723 0.000433233 0.000227094 0.000115644 5.72258e-05 2.75266e-05 1.28752e-05 5.85803e-06 2.59368e-06 1.11794e-06 4.69292e-07 1.9196e-07 7.65982e-08 2.99994e-08 1.20549e-08 
9.4065e-09 1.16365e-08 2.67887e-08 7.01104e-08 1.82503e-07 4.63181e-07 1.14268e-06 2.73822e-06 6.37064e-06 1.43846e-05 3.15101e-05 6.69407e-05 0.000137875 0.00027524 0.000532442 0.0009979 0.00181177 0.00318635 0.00542829 0.00895885 0.0143264 0.0222043 0.0333666 0.0486377 0.0688142 0.0945671 0.126336 0.164234 0.207986 0.256907 0.309948 0.365774 0.422898 0.479814 0.535128 0.587658 0.636494 0.681018 0.72089 0.756006 0.786448 0.812435 0.834273 0.852322 0.866959 0.878564 0.887495 0.894074 0.898573 0.901197 0.902073 0.901242 0.89866 0.894193 0.887634 0.878709 0.867093 0.852425 0.834323 0.812407 0.786315 0.755741 0.720468 0.680419 0.63571 0.586698 0.534023 0.478616 0.42168 0.36462 0.308944 0.256128 0.207478 0.164015 0.126388 0.0948446 0.0692527 0.0491665 0.03392 0.0227298 0.0147889 0.00934037 0.00572555 0.00340616 0.00196658 0.00110202 0.00059947 0.000316612 0.000162396 8.09172e-05 3.91798e-05 1.84413e-05 8.44104e-06 3.75877e-06 1.62899e-06 6.87397e-07 2.82578e-07 1.13299e-07 4.45866e-08 1.802e-08 
1.38572e-08 1.72259e-08 3.95347e-08 1.02961e-07 2.66624e-07 6.73011e-07 1.65096e-06 3.93285e-06 9.09354e-06 2.04002e-05 4.43859e-05 9.36292e-05 0.000191422 0.000379196 0.000727652 0.00135235 0.00243394 0.00424186 0.00715876 0.0117004 0.0185236 0.0284147 0.0422501 0.060926 0.0852598 0.115874 0.153078 0.196779 0.246427 0.301028 0.359217 0.41938 0.479814 0.538888 0.595176 0.647555 0.695249 0.737827 0.775159 0.807358 0.83471 0.857609 0.876504 0.891857 0.90412 0.913714 0.921013 0.926342 0.929961 0.932064 0.93277 0.932118 0.930065 0.926491 0.921201 0.913929 0.90435 0.892084 0.876708 0.857766 0.834787 0.80732 0.774968 0.737448 0.694656 0.646738 0.594149 0.537692 0.478519 0.418077 0.358008 0.300009 0.245673 0.196332 0.152941 0.116012 0.0856139 0.0614209 0.0428102 0.0289748 0.0190357 0.012136 0.00750695 0.00450505 0.00262292 0.00148168 0.000812212 0.000432136 0.000223212 0.000111967 5.45608e-05 2.58376e-05 1.18952e-05 5.32625e-06 2.3205e-06 9.8412e-07 4.06499e-07 1.63737e-07 6.47331e-08 2.63076e-08 
1.99256e-08 2.48799e-08 5.69312e-08 1.47572e-07 3.80251e-07 9.54869e-07 2.32973e-06 5.51844e-06 1.26843e-05 2.82794e-05 6.11306e-05 0.000128076 0.000259991 0.000511205 0.000973363 0.00179437 0.00320224 0.00553186 0.00925073 0.0149767 0.0234793 0.0356547 0.0524687 0.0748641 0.103641 0.139326 0.182046 0.23145 0.286679 0.346408 0.408967 0.472495 0.535128 0.595176 0.651254 0.702367 0.747926 0.787721 0.821855 0.850658 0.874602 0.894235 0.910118 0.92279 0.932744 0.940418 0.946183 0.950349 0.953158 0.954785 0.955334 0.954841 0.953269 0.950513 0.946395 0.940674 0.933036 0.923106 0.910442 0.894543 0.874863 0.850831 0.821896 0.787581 0.747561 0.701747 0.650374 0.594059 0.533834 0.471113 0.407607 0.345185 0.285692 0.230769 0.181698 0.139297 0.10388 0.075297 0.0530129 0.0362336 0.0240319 0.0154626 0.0096497 0.00584039 0.0034282 0.00195173 0.00107788 0.000577572 0.000300361 0.000151641 7.43489e-05 3.54148e-05 1.63953e-05 7.38016e-06 3.23157e-06 1.3771e-06 5.7143e-07 2.31186e-07 9.18021e-08 3.75062e-08 
2.79628e-08 3.50575e-08 7.99899e-08 2.06421e-07 5.29385e-07 1.32285e-06 3.21099e-06 7.56503e-06 1.72906e-05 3.8322e-05 8.23278e-05 0.000171371 0.000345519 0.000674553 0.00127485 0.00233191 0.00412778 0.00707046 0.0117197 0.0188008 0.0291958 0.0439035 0.06396 0.0903242 0.123737 0.164579 0.212747 0.26759 0.327914 0.392068 0.458098 0.523947 0.587658 0.647555 0.702367 0.751282 0.793944 0.830384 0.860935 0.88613 0.906603 0.923022 0.936024 0.946193 0.954037 0.959986 0.964395 0.967545 0.969651 0.970865 0.971278 0.970919 0.969758 0.967706 0.964611 0.960256 0.954358 0.946559 0.936425 0.923438 0.907007 0.886481 0.861185 0.830475 0.79382 0.750894 0.701685 0.646584 0.586438 0.522558 0.456651 0.390688 0.326722 0.266682 0.21218 0.164362 0.123835 0.0906676 0.0644643 0.0444829 0.029777 0.0193306 0.0121673 0.00742488 0.00439264 0.00251964 0.00140151 0.000756119 0.00039577 0.000201045 9.91512e-05 4.74927e-05 2.21036e-05 9.99991e-06 4.39971e-06 1.88345e-06 7.84945e-07 3.18896e-07 1.27161e-07 5.22138e-08 
