2.77221e-09 2.92589e-09 3.95351e-09 6.1184e-09 9.94516e-09 1.63183e-08 2.66337e-08 4.30226e-08 6.8667e-08 1.08233e-07 1.6845e-07 2.58869e-07 3.92831e-07 5.88672e-07 8.71192e-07 1.27339e-06 1.83843e-06 2.62189e-06 3.694e-06 5.14204e-06 7.07246e-06 9.61262e-06 1.29119e-05 1.71419e-05 2.24949e-05 2.91817e-05 3.74263e-05 4.74594e-05 5.95097e-05 7.37925e-05 9.04976e-05 0.000109775 0.000131719 0.000156358 0.000183636 0.000213408 0.000245428 0.000279349 0.000314725 0.000351017 0.000387607 0.000423814 0.000458918 0.00049218 0.000522867 0.000550283 0.000573789 0.000592825 0.000606934 0.000615772 0.000619123 0.000616908 0.000609182 0.000596138 0.000578097 0.000555498 0.000528882 0.000498875 0.000466165 0.000431476 0.000395544 0.000359093 0.000322808 0.000287315 0.000253167 0.000220821 0.000190643 0.000162894 0.000137738 0.000115247 9.54107e-05 7.81488e-05 6.33244e-05 5.07586e-05 4.02444e-05 3.15592e-05 2.44758e-05 1.87719e-05 1.42366e-05 1.06757e-05 7.91499e-06 5.80138e-06 4.20347e-06 3.01058e-06 2.13121e-06 1.49111e-06 1.03102e-06 7.04489e-07 4.75672e-07 3.17353e-07 2.092e-07 1.36254e-07 8.76801e-08 5.57496e-08 3.50329e-08 2.17743e-08 1.34182e-08 8.25781e-09 5.18142e-09 3.49805e-09 
2.92589e-09 3.09129e-09 4.18825e-09 6.50038e-09 1.05929e-08 1.74198e-08 2.84886e-08 4.61042e-08 7.37127e-08 1.16374e-07 1.81394e-07 2.79155e-07 4.24168e-07 6.36402e-07 9.42878e-07 1.37958e-06 1.9936e-06 2.84557e-06 4.01218e-06 5.58873e-06 7.69144e-06 1.04594e-05 1.40557e-05 1.86676e-05 2.45052e-05 3.17981e-05 4.07907e-05 5.17346e-05 6.48785e-05 8.04568e-05 9.86755e-05 0.000119697 0.000143623 0.000170483 0.000200215 0.000232657 0.000267542 0.000304489 0.000343012 0.000382522 0.000422347 0.000461746 0.000499934 0.000536108 0.000569475 0.000599277 0.000624822 0.000645503 0.000660824 0.000670414 0.00067404 0.000671614 0.000663199 0.000649003 0.000629375 0.000604789 0.000575835 0.000543191 0.000507602 0.000469856 0.000430753 0.00039108 0.000351582 0.000312941 0.000275758 0.000240533 0.000207663 0.000177436 0.000150031 0.000125527 0.000103913 8.51042e-05 6.89508e-05 5.52587e-05 4.38028e-05 3.43405e-05 2.66245e-05 2.04124e-05 1.54741e-05 1.15981e-05 8.59404e-06 6.29518e-06 4.5581e-06 3.26206e-06 2.30728e-06 1.61279e-06 1.11403e-06 7.60372e-07 5.12795e-07 3.41685e-07 2.24932e-07 1.46286e-07 9.39899e-08 5.96631e-08 3.74264e-08 2.32185e-08 1.42794e-08 8.7685e-09 5.48861e-09 3.6967e-09 
3.95351e-09 4.18825e-09 5.68472e-09 8.82875e-09 1.43869e-08 2.36509e-08 3.86592e-08 6.25239e-08 9.98913e-08 1.57572e-07 2.45385e-07 3.77252e-07 5.72599e-07 8.58092e-07 1.26974e-06 1.85537e-06 2.67742e-06 3.81606e-06 5.37241e-06 7.47173e-06 1.02663e-05 1.39379e-05 1.86988e-05 2.47919e-05 3.24886e-05 4.20845e-05 5.38929e-05 6.82342e-05 8.54239e-05 0.000105757 0.00012949 0.000156821 0.000187872 0.000222666 0.000261112 0.000302994 0.000347954 0.000395498 0.000444995 0.000495689 0.000546719 0.000597139 0.000645952 0.00069214 0.000734699 0.000772673 0.000805191 0.00083149 0.000850949 0.000863102 0.000867658 0.00086451 0.000853736 0.000835599 0.000810538 0.000779152 0.000742182 0.000700484 0.000655 0.000606724 0.000556672 0.000505842 0.000455185 0.000405571 0.000357771 0.00031243 0.000270063 0.000231045 0.000195617 0.000163891 0.000135862 0.000111429 9.04108e-05 7.25643e-05 5.76062e-05 4.52295e-05 3.5119e-05 2.69646e-05 2.0471e-05 1.53653e-05 1.14014e-05 8.36297e-06 6.06326e-06 4.34472e-06 3.07675e-06 2.1531e-06 1.48884e-06 1.01721e-06 6.86645e-07 4.57911e-07 3.01674e-07 1.9633e-07 1.26219e-07 8.01623e-08 5.03069e-08 3.12201e-08 1.92061e-08 1.17975e-08 7.38852e-09 4.98216e-09 
6.1184e-09 6.50038e-09 8.82875e-09 1.36983e-08 2.22857e-08 3.65676e-08 5.96555e-08 9.62859e-08 1.5351e-07 2.41633e-07 3.75461e-07 5.75922e-07 8.72116e-07 1.30385e-06 1.92466e-06 2.8054e-06 4.03821e-06 5.74089e-06 8.06139e-06 1.11822e-05 1.53242e-05 2.07497e-05 2.77637e-05 3.67132e-05 4.7984e-05 6.1994e-05 7.91829e-05 9.99979e-05 0.000124875 0.000154218 0.000188373 0.0002276 0.000272049 0.000321731 0.000376495 0.00043601 0.000499759 0.000567027 0.000636917 0.000708361 0.000780148 0.000850958 0.000919404 0.000984073 0.00104358 0.00109661 0.00114196 0.0011786 0.00120566 0.00122252 0.00122877 0.00122428 0.00120916 0.00118375 0.00114868 0.00110476 0.00105301 0.000994604 0.000930845 0.000863108 0.000792797 0.000721302 0.000649946 0.00057995 0.000512398 0.000448205 0.000388108 0.000332649 0.000282185 0.000236892 0.000196786 0.000161742 0.000131521 0.000105795 8.41783e-05 6.6245e-05 5.15566e-05 3.96782e-05 3.01936e-05 2.27161e-05 1.68953e-05 1.24214e-05 9.02638e-06 6.48264e-06 4.60097e-06 3.2268e-06 2.23608e-06 1.53095e-06 1.03554e-06 6.9196e-07 4.56748e-07 2.97811e-07 1.91807e-07 1.22032e-07 7.67136e-08 4.76877e-08 2.93863e-08 1.80839e-08 1.13512e-08 7.67781e-09 
9.94516e-09 1.05929e-08 1.43869e-08 2.22857e-08 3.61767e-08 5.92211e-08 9.63793e-08 1.55179e-07 2.4679e-07 3.87479e-07 6.00538e-07 9.18766e-07 1.3876e-06 2.06893e-06 3.04571e-06 4.4272e-06 6.35493e-06 9.00902e-06 1.26146e-05 1.74483e-05 2.38429e-05 3.21918e-05 4.29502e-05 5.66329e-05 7.3809e-05 9.50913e-05 0.00012112 0.000152541 0.000189978 0.000234003 0.000285096 0.000343609 0.000409727 0.000483429 0.000564461 0.000652305 0.000746174 0.000845002 0.000947462 0.00105199 0.00115682 0.00126004 0.00135965 0.00145362 0.00153997 0.00161682 0.00168246 0.00173541 0.00177447 0.00179873 0.00180765 0.00180102 0.00177899 0.00174209 0.00169116 0.00162739 0.00155222 0.00146733 0.00137458 0.00127593 0.00117342 0.00106902 0.000964671 0.000862136 0.000762999 0.000668608 0.000580055 0.000498157 0.000423464 0.000356265 0.000296612 0.000244354 0.000199168 0.000160599 0.0001281 0.000101062 7.88532e-05 6.0841e-05 4.64167e-05 3.50114e-05 2.61071e-05 1.92433e-05 1.40193e-05 1.0094e-05 7.18208e-06 5.0495e-06 3.50772e-06 2.40738e-06 1.63223e-06 1.09321e-06 7.23259e-07 4.7264e-07 3.05078e-07 1.94517e-07 1.2254e-07 7.63364e-08 4.71421e-08 2.90787e-08 1.83038e-08 1.24249e-08 
1.63183e-08 1.74198e-08 2.36509e-08 3.65676e-08 5.92211e-08 9.67052e-08 1.56989e-07 2.52126e-07 3.99944e-07 6.26315e-07 9.68149e-07 1.47723e-06 2.22502e-06 3.30849e-06 4.85703e-06 7.04042e-06 1.00776e-05 1.42459e-05 1.98905e-05 2.74331e-05 3.73794e-05 5.03231e-05 6.6948e-05 8.80232e-05 0.000114394 0.000146963 0.00018667 0.000234451 0.000291207 0.000357747 0.000434741 0.000522663 0.000621733 0.00073187 0.000852644 0.000983245 0.00112247 0.00126872 0.00142002 0.00157405 0.00172825 0.0018798 0.00202582 0.00216336 0.00228957 0.00240174 0.00249744 0.00257454 0.00263133 0.00266653 0.00267934 0.00266949 0.00263721 0.00258322 0.00250877 0.00241553 0.00230557 0.0021813 0.00204541 0.00190072 0.00175015 0.00159661 0.00144289 0.00129158 0.00114502 0.00100519 0.000873733 0.000751884 0.000640494 0.000540035 0.000450631 0.000372104 0.000304021 0.000245749 0.000196507 0.000155424 0.000121579 9.40494e-05 7.19385e-05 5.44035e-05 4.0673e-05 3.00575e-05 2.19546e-05 1.58481e-05 1.1305e-05 7.96828e-06 5.54912e-06 3.81782e-06 2.59482e-06 1.74209e-06 1.15527e-06 7.56712e-07 4.89557e-07 3.12844e-07 1.97522e-07 1.23321e-07 7.63313e-08 4.71999e-08 2.97973e-08 2.03005e-08 
2.66337e-08 2.84886e-08 3.86592e-08 5.96555e-08 9.63793e-08 1.56989e-07 2.54207e-07 4.07221e-07 6.44305e-07 1.00636e-06 1.55151e-06 2.36102e-06 3.54659e-06 5.25917e-06 7.69942e-06 1.11294e-05 1.58857e-05 2.23928e-05 3.11763e-05 4.28755e-05 5.82528e-05 7.81994e-05 0.000103735 0.000136001 0.000176244 0.000225786 0.000285991 0.000358211 0.000443729 0.000543684 0.000658999 0.000790298 0.00093783 0.00110139 0.00128028 0.00147325 0.00167845 0.00189352 0.00211553 0.0023411 0.00256647 0.00278759 0.00300027 0.00320031 0.00338361 0.00354632 0.00368496 0.00379653 0.00387858 0.00392933 0.00394765 0.00393314 0.00388614 0.0038077 0.00369957 0.00356412 0.00340431 0.00322358 0.00302574 0.00281485 0.00259512 0.00237071 0.00214568 0.00192378 0.00170843 0.00150256 0.00130859 0.0011284 0.000963274 0.000813983 0.00068078 0.000563471 0.000461486 0.000373952 0.000299773 0.000237704 0.000186421 0.000144583 0.00011088 8.40727e-05 6.30186e-05 4.66926e-05 3.41937e-05 2.47468e-05 1.7698e-05 1.2506e-05 8.73109e-06 6.02193e-06 4.10289e-06 2.76123e-06 1.83548e-06 1.20507e-06 7.81429e-07 5.005e-07 3.16718e-07 1.98186e-07 1.22955e-07 7.62206e-08 4.826e-08 3.29976e-08 
4.30226e-08 4.61042e-08 6.25239e-08 9.62859e-08 1.55179e-07 2.52126e-07 4.07221e-07 6.50663e-07 1.02681e-06 1.5996e-06 2.45959e-06 3.73285e-06 5.59203e-06 8.26956e-06 1.2073e-05 1.74026e-05 2.47696e-05 3.48161e-05 4.83338e-05 6.62804e-05 8.9792e-05 0.00012019 0.000158977 0.000207827 0.000268552 0.000343066 0.000433325 0.000541251 0.000668646 0.000817087 0.00098782 0.00118165 0.00139881 0.0016389 0.00190079 0.00218255 0.00248146 0.002794 0.00311591 0.00344232 0.00376779 0.00408655 0.00439264 0.00468008 0.0049431 0.00517628 0.00537472 0.00553422 0.00565138 0.00572368 0.00574956 0.00572849 0.00566093 0.00554836 0.00539323 0.00519886 0.00496942 0.00470974 0.00442518 0.00412151 0.00380465 0.00348057 0.00315502 0.00283343 0.00252071 0.00222112 0.00193823 0.00167481 0.00143283 0.00121349 0.00101727 0.000843997 0.000692934 0.000562905 0.000452393 0.000359649 0.000282793 0.000219903 0.000169088 0.000128546 9.6609e-05 7.17694e-05 5.26957e-05 3.82365e-05 2.74159e-05 1.94227e-05 1.35943e-05 9.3996e-06 6.42001e-06 4.33118e-06 2.886e-06 1.89927e-06 1.23446e-06 7.92485e-07 5.02633e-07 3.1524e-07 1.96035e-07 1.21832e-07 7.73683e-08 5.30905e-08 
6.8667e-08 7.37127e-08 9.98913e-08 1.5351e-07 2.4679e-07 3.99944e-07 6.44305e-07 1.02681e-06 1.61618e-06 2.51108e-06 3.85076e-06 5.82838e-06 8.70734e-06 1.28408e-05 1.86943e-05 2.68705e-05 3.81365e-05 5.34507e-05 7.39888e-05 0.000101166 0.000136653 0.000182381 0.000240534 0.000313527 0.000403963 0.000514566 0.000648097 0.000807243 0.000994492 0.00121198 0.00146136 0.00174361 0.00205891 0.00240651 0.00278462 0.00319035 0.00361969 0.00406752 0.00452775 0.00499339 0.00545678 0.00590977 0.006344 0.00675114 0.00712314 0.0074525 0.00773246 0.00795722 0.00812209 0.00822363 0.0082597 0.00822957 0.0081339 0.00797471 0.00775538 0.00748052 0.00715587 0.0067881 0.00638469 0.00595363 0.00550322 0.00504179 0.00457746 0.0041179 0.00367008 0.00324015 0.00283324 0.0024534 0.0021036 0.00178569 0.00150052 0.00124798 0.00102718 0.000836561 0.00067407 0.000537289 0.000423593 0.000330271 0.000254633 0.000194099 0.000146267 0.00010895 8.02078e-05 5.83532e-05 4.19494e-05 2.97958e-05 2.09081e-05 1.44933e-05 9.92381e-06 6.7115e-06 4.48296e-06 2.95731e-06 1.92669e-06 1.23976e-06 7.88138e-07 4.95449e-07 3.08831e-07 1.92426e-07 1.22564e-07 8.44062e-08 
1.08233e-07 1.16374e-07 1.57572e-07 2.41633e-07 3.87479e-07 6.26315e-07 1.00636e-06 1.5996e-06 2.51108e-06 3.89107e-06 5.95085e-06 8.98233e-06 1.3382e-05 1.96794e-05 2.8569e-05 4.09466e-05 5.79465e-05 8.09793e-05 0.000111767 0.00015237 0.00020521 0.000273067 0.000359069 0.00046665 0.000599483 0.000761384 0.000956187 0.00118758 0.00145894 0.00177309 0.00213216 0.00253728 0.00298847 0.00348442 0.00402237 0.00459804 0.00520561 0.00583779 0.00648593 0.00714024 0.00779004 0.00842404 0.0090307 0.00959859 0.0101167 0.0105748 0.0109637 0.0112756 0.011504 0.0116444 0.011694 0.0116516 0.0115182 0.0112966 0.0109914 0.0106087 0.0101564 0.00964352 0.00908034 0.00847775 0.00784715 0.00720005 0.00654767 0.0059007 0.00526892 0.00466097 0.00408419 0.00354443 0.00304603 0.00259184 0.00218325 0.00182037 0.00150215 0.00122659 0.000990966 0.000792005 0.000626101 0.000489494 0.000378422 0.00028925 0.000218564 0.000163245 0.000120504 8.79045e-05 6.33615e-05 4.51229e-05 3.17458e-05 2.20624e-05 1.51449e-05 1.02681e-05 6.87556e-06 4.54669e-06 2.96928e-06 1.91516e-06 1.22036e-06 7.68958e-07 4.80477e-07 3.00153e-07 1.91759e-07 1.32533e-07 
1.6845e-07 1.81394e-07 2.45385e-07 3.75461e-07 6.00538e-07 9.68149e-07 1.55151e-06 2.45959e-06 3.85076e-06 5.95085e-06 9.07606e-06 1.36616e-05 2.02962e-05 2.97626e-05 4.30832e-05 6.15702e-05 8.68776e-05 0.000121052 0.000166578 0.000226416 0.000304018 0.000403331 0.000528763 0.000685119 0.000877503 0.00111117 0.00139135 0.00172301 0.00211063 0.00255788 0.00306737 0.00364038 0.00427654 0.00497369 0.00572764 0.00653218 0.00737901 0.00825786 0.00915671 0.010062 0.0109592 0.0118328 0.0126671 0.0134469 0.0141572 0.0147843 0.0153161 0.0157419 0.0160536 0.0162447 0.0163117 0.0162531 0.0160702 0.0157666 0.0153485 0.0148241 0.0142039 0.0135 0.012726 0.0118968 0.0110276 0.0101341 0.0092315 0.00833454 0.00745667 0.00660991 0.00580452 0.00504884 0.00434914 0.00370968 0.00313274 0.00261878 0.00216668 0.00177397 0.0014371 0.00115172 0.000912989 0.000715773 0.000554899 0.000425323 0.000322278 0.000241374 0.000178667 0.000130689 9.44553e-05 6.74464e-05 4.75767e-05 3.31508e-05 2.28152e-05 1.55079e-05 1.04101e-05 6.90105e-06 4.5178e-06 2.92095e-06 1.86569e-06 1.17839e-06 7.38111e-07 4.62315e-07 2.96263e-07 2.05495e-07 
2.58869e-07 2.79155e-07 3.77252e-07 5.75922e-07 9.18766e-07 1.47723e-06 2.36102e-06 3.73285e-06 5.82838e-06 8.98233e-06 1.36616e-05 2.05063e-05 3.03784e-05 4.44193e-05 6.41128e-05 9.13548e-05 0.000128523 0.000178543 0.000244951 0.000331933 0.000444343 0.000587693 0.000768101 0.000992186 0.00126692 0.00159942 0.00199668 0.00246528 0.00301102 0.00363854 0.00435098 0.00514955 0.00603327 0.00699865 0.00803951 0.00914695 0.0103093 0.0115124 0.0127398 0.013973 0.0151924 0.0163772 0.0175068 0.0185605 0.0195188 0.0203638 0.0210793 0.0216516 0.0220699 0.022326 0.022415 0.0223354 0.0220886 0.0216795 0.021116 0.020409 0.0195721 0.0186213 0.0175745 0.0164513 0.0152719 0.0140573 0.0128279 0.0116034 0.0104022 0.0092406 0.00813286 0.00709062 0.00612282 0.00523571 0.00443288 0.00371545 0.00308235 0.00253061 0.00205576 0.00165217 0.00131341 0.00103263 0.000802817 0.000617098 0.000468916 0.00035219 0.000261424 0.000191754 0.00013897 9.95024e-05 7.03776e-05 4.91683e-05 3.39274e-05 2.31206e-05 1.55599e-05 1.03407e-05 6.78634e-06 4.39836e-06 2.81614e-06 1.78302e-06 1.11961e-06 7.03145e-07 4.51983e-07 3.14635e-07 
3.92831e-07 4.24168e-07 5.72599e-07 8.72116e-07 1.3876e-06 2.22502e-06 3.54659e-06 5.59203e-06 8.70734e-06 1.3382e-05 2.02962e-05 3.03784e-05 4.48739e-05 6.54237e-05 9.41519e-05 0.000133759 0.000187614 0.000259843 0.000355401 0.000480122 0.00064073 0.000844808 0.00110071 0.00141741 0.00180427 0.00227076 0.00282607 0.00347873 0.00423608 0.00510383 0.00608555 0.00718219 0.00839168 0.0097086 0.011124 0.0126254 0.0141966 0.0158184 0.0174685 0.0191223 0.0207538 0.0223356 0.0238406 0.025242 0.0265145 0.0276347 0.028582 0.0293389 0.0298913 0.030229 0.0303456 0.0302392 0.0299117 0.0293693 0.0286222 0.0276842 0.026573 0.0253092 0.0239159 0.0224184 0.0208433 0.0192179 0.0175692 0.0159233 0.0143046 0.0127353 0.0112345 0.00981845 0.00849958 0.00728693 0.00618598 0.00519894 0.00432503 0.00356087 0.00290095 0.00233814 0.00186411 0.00146985 0.00114605 0.000883484 0.000673272 0.000507128 0.000377503 0.000277679 0.000201806 0.000144892 0.000102761 7.19859e-05 4.98041e-05 3.40291e-05 2.29603e-05 1.52977e-05 1.00646e-05 6.53925e-06 4.19717e-06 2.66393e-06 1.67698e-06 1.05605e-06 6.80945e-07 4.75726e-07 
5.88672e-07 6.36402e-07 8.58092e-07 1.30385e-06 2.06893e-06 3.30849e-06 5.25917e-06 8.26956e-06 1.28408e-05 1.96794e-05 2.97626e-05 4.44193e-05 6.54237e-05 9.51033e-05 0.000136457 0.000193276 0.00027027 0.000373172 0.000508828 0.000685247 0.000911604 0.00119817 0.00155618 0.0019976 0.00253478 0.00318011 0.00394545 0.00484158 0.00587761 0.00706032 0.00839352 0.00987748 0.0115085 0.0132783 0.0151743 0.0171791 0.0192707 0.0214234 0.0236076 0.0257912 0.0279399 0.0300186 0.0319922 0.0338264 0.0354891 0.0369506 0.0381849 0.0391697 0.0398876 0.0403256 0.0404761 0.0403363 0.0399088 0.0392013 0.0382267 0.0370025 0.0355508 0.0338976 0.0320725 0.0301076 0.028037 0.0258958 0.023719 0.0215405 0.0193925 0.0173043 0.0153016 0.0134061 0.0116353 0.0100018 0.0085139 0.00717542 0.00598626 0.00494281 0.00403854 0.0032646 0.00261043 0.00206442 0.00161441 0.00124821 0.000954011 0.000720687 0.000538029 0.000396892 0.000289264 0.000208268 0.000148118 0.000104043 7.21775e-05 4.94471e-05 3.34506e-05 2.23446e-05 1.47383e-05 9.59988e-06 6.17694e-06 3.93026e-06 2.48047e-06 1.56632e-06 1.01315e-06 7.10361e-07 
8.71192e-07 9.42878e-07 1.26974e-06 1.92466e-06 3.04571e-06 4.85703e-06 7.69942e-06 1.2073e-05 1.86943e-05 2.8569e-05 4.30832e-05 6.41128e-05 9.41519e-05 0.000136457 0.000195202 0.00027564 0.000384258 0.000528909 0.000718917 0.000965118 0.00127984 0.00167679 0.00217083 0.00277764 0.00351329 0.00439364 0.00543368 0.00664681 0.00804397 0.00963292 0.0114174 0.0133963 0.0155635 0.017907 0.0204089 0.0230456 0.025788 0.0286018 0.0314487 0.034287 0.0370729 0.0397617 0.042309 0.0446717 0.0468097 0.0486859 0.0502682 0.0515292 0.0524471 0.0530064 0.0531973 0.0530168 0.0524679 0.0515602 0.0503095 0.0487375 0.0468713 0.0447434 0.0423905 0.039853 0.0371736 0.0343968 0.031567 0.0287278 0.0259207 0.0231838 0.020551 0.0180515 0.0157086 0.0135402 0.0115583 0.00976908 0.00817384 0.00676902 0.00554716 0.00449757 0.00360718 0.00286129 0.00224432 0.00174046 0.00133421 0.0010109 0.000756907 0.000559982 0.000409304 0.000295535 0.000210774 0.000148465 0.000103276 7.09428e-05 4.81197e-05 3.22276e-05 2.13118e-05 1.39169e-05 8.97723e-06 5.72645e-06 3.62344e-06 2.29443e-06 1.48882e-06 1.04762e-06 
1.27339e-06 1.37958e-06 1.85537e-06 2.8054e-06 4.4272e-06 7.04042e-06 1.11294e-05 1.74026e-05 2.68705e-05 4.09466e-05 6.15702e-05 9.13548e-05 0.000133759 0.000193276 0.00027564 0.000388026 0.000539244 0.000739904 0.00100252 0.00134153 0.00177327 0.00231573 0.00298827 0.00381112 0.00480477 0.00598919 0.00738297 0.00900229 0.01086 0.0129644 0.0153187 0.0179196 0.0207574 0.0238149 0.0270675 0.0304837 0.0340251 0.0376472 0.041301 0.0449334 0.0484894 0.051913 0.055149 0.0581445 0.0608498 0.0632201 0.0652161 0.0668047 0.0679597 0.0686622 0.0689008 0.0686716 0.0679784 0.0668329 0.0652538 0.0632675 0.0609071 0.0582118 0.0552267 0.0520012 0.0485883 0.0450429 0.0414209 0.037777 0.0341639 0.0306306 0.027221 0.0239732 0.0209187 0.0180817 0.0154794 0.0131217 0.0110117 0.00914669 0.00751848 0.00611458 0.00491914 0.00391397 0.00307944 0.00239539 0.00184186 0.00139974 0.00105118 0.000779999 0.000571789 0.00041405 0.00029614 0.000209183 0.000145916 0.000100507 6.83565e-05 4.59022e-05 3.0434e-05 1.99249e-05 1.28856e-05 8.24053e-06 5.22789e-06 3.3197e-06 2.16097e-06 1.52604e-06 
1.83843e-06 1.9936e-06 2.67742e-06 4.03821e-06 6.35493e-06 1.00776e-05 1.58857e-05 2.47696e-05 3.81365e-05 5.79465e-05 8.68776e-05 0.000128523 0.000187614 0.00027027 0.000384258 0.000539244 0.000747034 0.00102175 0.00137995 0.00184062 0.00242503 0.00315647 0.00405975 0.00516053 0.00648449 0.00805628 0.00989843 0.01203 0.0144656 0.0172135 0.0202755 0.0236452 0.0273074 0.0312383 0.0354048 0.0397652 0.0442698 0.0488622 0.0534801 0.0580576 0.0625262 0.0668175 0.070864 0.0746015 0.0779706 0.0809173 0.0833949 0.0853642 0.0867942 0.0876626 0.0879561 0.08767 0.0868091 0.0853867 0.0834254 0.0809561 0.0780182 0.0746587 0.0709313 0.0668956 0.062616 0.0581593 0.0535942 0.0489886 0.0444081 0.0399145 0.035564 0.0314056 0.0274808 0.0238223 0.0204539 0.0173905 0.0146387 0.0121969 0.0100569 0.00820453 0.00662118 0.00528471 0.0041709 0.00325448 0.00251016 0.00191346 0.00144135 0.00107272 0.000788706 0.0005728 0.000410867 0.00029105 0.000203593 0.000140623 9.59004e-05 6.4571e-05 4.29248e-05 2.81758e-05 1.82685e-05 1.17131e-05 7.45062e-06 4.74454e-06 3.09839e-06 2.19585e-06 
2.62189e-06 2.84557e-06 3.81606e-06 5.74089e-06 9.00902e-06 1.42459e-05 2.23928e-05 3.48161e-05 5.34507e-05 8.09793e-05 0.000121052 0.000178543 0.000259843 0.000373172 0.000528909 0.000739904 0.00102175 0.001393 0.00187524 0.00249304 0.00327376 0.00424703 0.00544415 0.0068971 0.00863751 0.0106952 0.0130969 0.0158644 0.0190134 0.0225518 0.0264783 0.0307819 0.0354405 0.0404213 0.0456805 0.0511642 0.0568091 0.0625442 0.0682924 0.0739726 0.0795017 0.084797 0.0897779 0.0943681 0.0984974 0.102102 0.105129 0.107531 0.109273 0.11033 0.110685 0.110334 0.109282 0.107545 0.105148 0.102128 0.0985295 0.0944083 0.0898273 0.0848571 0.0795737 0.0740577 0.0683917 0.0626582 0.0569381 0.0513078 0.0458377 0.0405906 0.0356199 0.0309689 0.0266702 0.0227455 0.0192058 0.0160526 0.013278 0.0108669 0.00879768 0.00704425 0.00557724 0.00436556 0.00337769 0.00258277 0.00195151 0.00145683 0.00107434 0.000782557 0.000562969 0.000399947 0.000280564 0.000194329 0.000132891 8.972e-05 5.98022e-05 3.93574e-05 2.55848e-05 1.64469e-05 1.04897e-05 6.69889e-06 4.38876e-06 3.1214e-06 
3.694e-06 4.01218e-06 5.37241e-06 8.06139e-06 1.26146e-05 1.98905e-05 3.11763e-05 4.83338e-05 7.39888e-05 0.000111767 0.000166578 0.000244951 0.000355401 0.000508828 0.000718917 0.00100252 0.00137995 0.00187524 0.00251613 0.003334 0.00436345 0.00564164 0.00720741 0.00909997 0.0113575 0.0140154 0.0171044 0.0206489 0.0246648 0.0291582 0.0341234 0.0395426 0.0453848 0.0516058 0.0581485 0.0649442 0.0719136 0.0789691 0.0860167 0.0929584 0.099695 0.106128 0.112164 0.117713 0.122695 0.127035 0.130673 0.133557 0.135646 0.13691 0.137334 0.136911 0.135646 0.133559 0.130677 0.127042 0.122705 0.117729 0.112188 0.106162 0.0997398 0.0930169 0.0860908 0.0790603 0.0720227 0.0650716 0.0582938 0.051768 0.045562 0.0397323 0.0343226 0.0293636 0.0248728 0.0208558 0.0173067 0.0142099 0.0115414 0.00927103 0.00736393 0.00578255 0.00448827 0.00344279 0.00260944 0.00195399 0.00144536 0.00105597 0.000761914 0.000542862 0.000381913 0.000265276 0.000181913 0.000123152 8.23073e-05 5.43123e-05 3.53992e-05 2.28157e-05 1.45908e-05 9.34476e-06 6.14196e-06 4.38377e-06 
5.14204e-06 5.58873e-06 7.47173e-06 1.11822e-05 1.74483e-05 2.74331e-05 4.28755e-05 6.62804e-05 0.000101166 0.00015237 0.000226416 0.000331933 0.000480122 0.000685247 0.000965118 0.00134153 0.00184062 0.00249304 0.003334 0.00440295 0.00574301 0.00740009 0.00942156 0.0118547 0.0147447 0.0181326 0.022053 0.0265319 0.0315844 0.0372128 0.0434054 0.050135 0.0573589 0.0650188 0.0730419 0.0813419 0.0898212 0.0983732 0.106885 0.115241 0.123324 0.13102 0.138221 0.144825 0.15074 0.155884 0.160188 0.163595 0.166059 0.167549 0.168046 0.167544 0.16605 0.163581 0.160172 0.155866 0.150722 0.14481 0.138211 0.131017 0.123331 0.115262 0.106923 0.0984297 0.0898986 0.0814414 0.0731639 0.0651628 0.0575235 0.0503179 0.0436037 0.0374229 0.0318021 0.0267531 0.0222733 0.0183479 0.0149514 0.0120497 0.00960227 0.00756471 0.00589044 0.00453277 0.00344642 0.00258878 0.00192081 0.0014076 0.00101866 0.000727933 0.000513599 0.000357763 0.000246024 0.000167014 0.000111925 7.40534e-05 4.83935e-05 3.12734e-05 2.00536e-05 1.28805e-05 8.49326e-06 6.08325e-06 
7.07246e-06 7.69144e-06 1.02663e-05 1.53242e-05 2.38429e-05 3.73794e-05 5.82528e-05 8.9792e-05 0.000136653 0.00020521 0.000304018 0.000444343 0.00064073 0.000911604 0.00127984 0.00177327 0.00242503 0.00327376 0.00436345 0.00574301 0.00746543 0.00958648 0.0121631 0.0152511 0.018903 0.0231654 0.028076 0.0336611 0.0399332 0.0468889 0.0545076 0.0627502 0.0715592 0.0808594 0.090559 0.100552 0.110719 0.120934 0.131062 0.14097 0.150523 0.15959 0.168049 0.175787 0.1827 0.188701 0.193713 0.197674 0.200535 0.202263 0.202838 0.202253 0.200514 0.197643 0.193674 0.188655 0.18265 0.175734 0.167997 0.159542 0.150483 0.140943 0.131052 0.120943 0.110752 0.10061 0.0906447 0.0809726 0.0716991 0.062915 0.0546946 0.0470945 0.0401529 0.0338901 0.0283093 0.0233981 0.0191303 0.0154688 0.0123678 0.00977542 0.00763667 0.00589549 0.00449685 0.00338846 0.00252196 0.0018538 0.00134562 0.000964436 0.000682456 0.000476752 0.000328776 0.00022381 0.000150396 9.97747e-05 6.53755e-05 4.23599e-05 2.72365e-05 1.75448e-05 1.16061e-05 8.34171e-06 
9.61262e-06 1.04594e-05 1.39379e-05 2.07497e-05 3.21918e-05 5.03231e-05 7.81994e-05 0.00012019 0.000182381 0.000273067 0.000403331 0.000587693 0.000844808 0.00119817 0.00167679 0.00231573 0.00315647 0.00424703 0.00564164 0.00740009 0.00958648 0.0122676 0.0155105 0.0193803 0.0239366 0.0292307 0.0353024 0.0421765 0.0498608 0.0583435 0.0675918 0.0775516 0.0881475 0.0992839 0.110847 0.122708 0.134726 0.14675 0.158628 0.170202 0.181323 0.191844 0.20163 0.210557 0.218514 0.225405 0.231149 0.235682 0.238952 0.240925 0.241579 0.240908 0.238918 0.235632 0.231085 0.225327 0.218426 0.210461 0.201531 0.191745 0.181229 0.170118 0.158559 0.146702 0.134702 0.122713 0.110883 0.0993525 0.0882492 0.0776855 0.0677555 0.0585335 0.0500727 0.042405 0.0355418 0.0294753 0.0241806 0.0196183 0.015738 0.0124805 0.00978206 0.00757633 0.00579755 0.00438245 0.003272 0.00241256 0.00175654 0.00126271 0.000896154 0.000627848 0.000434204 0.000296404 0.000199723 0.000132856 8.72835e-05 5.67057e-05 3.65598e-05 2.36187e-05 1.56744e-05 1.13044e-05 
1.29119e-05 1.40557e-05 1.86988e-05 2.77637e-05 4.29502e-05 6.6948e-05 0.000103735 0.000158977 0.000240534 0.000359069 0.000528763 0.000768101 0.00110071 0.00155618 0.00217083 0.00298827 0.00405975 0.00544415 0.00720741 0.00942156 0.0121631 0.0155105 0.019542 0.0243313 0.0299451 0.0364382 0.0438505 0.0522035 0.0614971 0.0717077 0.0827874 0.094663 0.107238 0.120392 0.133989 0.147872 0.161878 0.175832 0.189558 0.202884 0.215639 0.227666 0.238816 0.248958 0.257974 0.265765 0.272247 0.277353 0.281032 0.283249 0.283983 0.283226 0.280986 0.277284 0.272157 0.265655 0.257847 0.248817 0.238665 0.22751 0.215484 0.202735 0.189422 0.175715 0.161785 0.14781 0.133961 0.120403 0.107287 0.0947519 0.0829142 0.0718696 0.0616896 0.0524214 0.0440875 0.0366876 0.0302002 0.0245857 0.0197895 0.0157462 0.0123826 0.00962204 0.00738686 0.00560173 0.00419554 0.00310313 0.00226624 0.00163403 0.0011631 0.000817239 0.000566793 0.000387996 0.000262158 0.000174859 0.000115185 7.50315e-05 4.85066e-05 3.14273e-05 2.09232e-05 1.5141e-05 
1.71419e-05 1.86676e-05 2.47919e-05 3.67132e-05 5.66329e-05 8.80232e-05 0.000136001 0.000207827 0.000313527 0.00046665 0.000685119 0.000992186 0.00141741 0.0019976 0.00277764 0.00381112 0.00516053 0.0068971 0.00909997 0.0118547 0.0152511 0.0193803 0.0243313 0.0301868 0.0370189 0.0448846 0.0538217 0.0638449 0.0749432 0.0870777 0.100181 0.114157 0.128884 0.144217 0.159988 0.176018 0.192115 0.208081 0.223721 0.238841 0.253259 0.266804 0.27932 0.290669 0.30073 0.309404 0.316605 0.322268 0.326343 0.328795 0.329605 0.328766 0.326284 0.32218 0.316489 0.309262 0.300565 0.290482 0.279117 0.266589 0.253039 0.238623 0.223511 0.207888 0.191945 0.175879 0.159886 0.144155 0.128868 0.114187 0.100257 0.0871977 0.0751036 0.0640404 0.0540459 0.0451302 0.0372782 0.030452 0.0245951 0.0196361 0.0154933 0.0120791 0.00930343 0.00707786 0.00531795 0.00394558 0.00289034 0.00209031 0.00149229 0.00105159 0.000731407 0.000502083 0.000340175 0.000227508 0.000150265 9.81431e-05 6.36199e-05 4.13378e-05 2.76087e-05 2.00456e-05 
2.24949e-05 2.45052e-05 3.24886e-05 4.7984e-05 7.3809e-05 0.000114394 0.000176244 0.000268552 0.000403963 0.000599483 0.000877503 0.00126692 0.00180427 0.00253478 0.00351329 0.00480477 0.00648449 0.00863751 0.0113575 0.0147447 0.018903 0.0239366 0.0299451 0.0370189 0.0452344 0.0546481 0.0652929 0.0771735 0.0902638 0.104505 0.119807 0.136047 0.153073 0.170711 0.188765 0.207026 0.225276 0.243294 0.260865 0.27778 0.293843 0.308876 0.322718 0.335229 0.346289 0.355798 0.363677 0.369861 0.374305 0.376977 0.377858 0.376942 0.374236 0.369757 0.363539 0.355628 0.346088 0.335001 0.322466 0.308605 0.29356 0.277491 0.26058 0.243021 0.225022 0.206802 0.188578 0.170567 0.152978 0.136004 0.119818 0.10457 0.0903785 0.077334 0.0654928 0.0548797 0.0454891 0.037288 0.0302197 0.0242088 0.0191656 0.0149918 0.0115847 0.0088419 0.00666451 0.00496012 0.00364472 0.00264384 0.00189307 0.00133789 0.000933184 0.000642384 0.000436424 0.000292664 0.000193812 0.00012692 8.24958e-05 5.37559e-05 3.60152e-05 2.6235e-05 
2.91817e-05 3.17981e-05 4.20845e-05 6.1994e-05 9.50913e-05 0.000146963 0.000225786 0.000343066 0.000514566 0.000761384 0.00111117 0.00159942 0.00227076 0.00318011 0.00439364 0.00598919 0.00805628 0.0106952 0.0140154 0.0181326 0.0231654 0.0292307 0.0364382 0.0448846 0.0546481 0.0657823 0.0783112 0.0922255 0.10748 0.123992 0.141642 0.160277 0.179716 0.199748 0.220149 0.24068 0.261096 0.281157 0.300627 0.319287 0.336932 0.353379 0.368467 0.382057 0.394034 0.404303 0.412792 0.419444 0.424216 0.427083 0.428027 0.427044 0.424139 0.419327 0.412637 0.404111 0.393804 0.381793 0.368172 0.353058 0.336591 0.318933 0.300269 0.280803 0.260757 0.240366 0.21987 0.199513 0.179531 0.16015 0.141575 0.123986 0.107535 0.0923378 0.0784744 0.0659886 0.0548886 0.0451494 0.0367172 0.0295143 0.0234448 0.0184002 0.0142653 0.0109231 0.00825941 0.00616639 0.00454502 0.00330686 0.00237481 0.00168321 0.00117738 0.00081274 0.000553664 0.000372277 0.000247184 0.000162295 0.000105771 6.91179e-05 4.64509e-05 3.39456e-05 
3.74263e-05 4.07907e-05 5.38929e-05 7.91829e-05 0.00012112 0.00018667 0.000285991 0.000433325 0.000648097 0.000956187 0.00139135 0.00199668 0.00282607 0.00394545 0.00543368 0.00738297 0.00989843 0.0130969 0.0171044 0.022053 0.028076 0.0353024 0.0438505 0.0538217 0.0652929 0.0783112 0.0928879 0.108995 0.126563 0.145481 0.165597 0.186725 0.208645 0.231117 0.25388 0.276669 0.299214 0.321255 0.342543 0.362849 0.381964 0.399706 0.415918 0.430467 0.443248 0.454175 0.463186 0.470232 0.475281 0.47831 0.479307 0.478269 0.475199 0.470109 0.46302 0.453968 0.442998 0.430177 0.415589 0.399344 0.381573 0.362436 0.342117 0.320825 0.298792 0.276265 0.253507 0.230785 0.208364 0.186503 0.165441 0.145394 0.126546 0.109046 0.0930016 0.0784805 0.0655084 0.0540729 0.0441262 0.0355913 0.0283676 0.0223381 0.0173752 0.0133474 0.0101246 0.00758254 0.00560594 0.00409102 0.0029466 0.0020945 0.00146921 0.00101698 0.000694671 0.000468325 0.000311769 0.000205232 0.000134108 8.78796e-05 5.92399e-05 4.34276e-05 
4.74594e-05 5.17346e-05 6.82342e-05 9.99979e-05 0.000152541 0.000234451 0.000358211 0.000541251 0.000807243 0.00118758 0.00172301 0.00246528 0.00347873 0.00484158 0.00664681 0.00900229 0.01203 0.0158644 0.0206489 0.0265319 0.0336611 0.0421765 0.0522035 0.0638449 0.0771735 0.0922255 0.108995 0.127431 0.147434 0.16886 0.191522 0.215195 0.239622 0.264526 0.289617 0.314599 0.339183 0.36309 0.386063 0.407868 0.428297 0.447174 0.46435 0.479706 0.493149 0.504608 0.514033 0.521387 0.526648 0.529802 0.53084 0.529761 0.526566 0.521263 0.513865 0.504395 0.49289 0.479402 0.464001 0.446783 0.427869 0.407408 0.38558 0.362594 0.338684 0.31411 0.289151 0.264097 0.239241 0.214873 0.191269 0.168682 0.147333 0.127408 0.109047 0.0923457 0.0773529 0.0640725 0.0524672 0.0424637 0.0339595 0.0268304 0.0209378 0.016136 0.0122787 0.00922431 0.00684051 0.00500685 0.00361677 0.00257822 0.00181357 0.00125878 0.000862129 0.00058274 0.000388934 0.000256684 0.000168166 0.000110501 7.47122e-05 5.49376e-05 
5.95097e-05 6.48785e-05 8.54239e-05 0.000124875 0.000189978 0.000291207 0.000443729 0.000668646 0.000994492 0.00145894 0.00211063 0.00301102 0.00423608 0.00587761 0.00804397 0.01086 0.0144656 0.0190134 0.0246648 0.0315844 0.0399332 0.0498608 0.0614971 0.0749432 0.0902638 0.10748 0.126563 0.147434 0.16996 0.193959 0.219203 0.245427 0.272336 0.299617 0.326947 0.354007 0.380486 0.406097 0.430576 0.453688 0.475236 0.495052 0.513004 0.528988 0.542929 0.554775 0.56449 0.572055 0.577458 0.580693 0.581759 0.580654 0.57738 0.571936 0.564328 0.554567 0.542674 0.528684 0.51265 0.494649 0.474787 0.453198 0.430051 0.405547 0.379923 0.353442 0.326395 0.299093 0.271855 0.245002 0.218847 0.193681 0.169766 0.147327 0.126542 0.107539 0.090396 0.075137 0.0617397 0.0501385 0.040232 0.0318914 0.0249684 0.0193038 0.0147353 0.011104 0.00825927 0.00606316 0.00439246 0.00314001 0.00221483 0.00154143 0.0010585 0.000717314 0.000479964 0.000317559 0.000208581 0.000137427 9.31896e-05 6.87284e-05 
7.37925e-05 8.04568e-05 0.000105757 0.000154218 0.000234003 0.000357747 0.000543684 0.000817087 0.00121198 0.00177309 0.00255788 0.00363854 0.00510383 0.00706032 0.00963292 0.0129644 0.0172135 0.0225518 0.0291582 0.0372128 0.0468889 0.0583435 0.0717077 0.0870777 0.104505 0.123992 0.145481 0.16886 0.193959 0.220552 0.248371 0.277105 0.306422 0.335972 0.365405 0.394376 0.422564 0.449672 0.475436 0.499631 0.52207 0.542603 0.561117 0.577531 0.591791 0.603866 0.61374 0.62141 0.626879 0.630151 0.63123 0.630117 0.62681 0.621304 0.613593 0.603675 0.591552 0.577241 0.560774 0.542205 0.521619 0.499129 0.474888 0.449086 0.421951 0.393749 0.364777 0.335362 0.305846 0.276579 0.24791 0.220171 0.193665 0.168661 0.145377 0.12398 0.10458 0.0872275 0.0719199 0.0586034 0.0471813 0.0375228 0.0294721 0.022858 0.0175026 0.0132294 0.00986954 0.00726638 0.00527912 0.00378434 0.00267656 0.0018677 0.00128586 0.000873596 0.000585986 0.000388663 0.000255924 0.000169065 0.000114971 8.50365e-05 
9.04976e-05 9.86755e-05 0.00012949 0.000188373 0.000285096 0.000434741 0.000658999 0.00098782 0.00146136 0.00213216 0.00306737 0.00435098 0.00608555 0.00839352 0.0114174 0.0153187 0.0202755 0.0264783 0.0341234 0.0434054 0.0545076 0.0675918 0.0827874 0.100181 0.119807 0.141642 0.165597 0.191522 0.219203 0.248371 0.278709 0.309866 0.34147 0.373136 0.404488 0.435165 0.464833 0.493196 0.519997 0.545022 0.568102 0.589112 0.607962 0.624597 0.638989 0.651131 0.661029 0.668698 0.674157 0.677419 0.678496 0.677392 0.6741 0.668611 0.660906 0.650967 0.63878 0.624337 0.607647 0.588738 0.567667 0.544527 0.519445 0.492593 0.464189 0.434491 0.4038 0.372451 0.340807 0.309245 0.278147 0.247884 0.218806 0.191224 0.165403 0.14155 0.119814 0.100277 0.08296 0.0678257 0.0547862 0.0437123 0.034443 0.0267968 0.0205815 0.0156033 0.0116746 0.00861996 0.00628002 0.00451412 0.0032012 0.00223959 0.0015458 0.00105278 0.000707895 0.000470652 0.00031067 0.000205758 0.000140311 0.000104068 
0.000109775 0.000119697 0.000156821 0.0002276 0.000343609 0.000522663 0.000790298 0.00118165 0.00174361 0.00253728 0.00364038 0.00514955 0.00718219 0.00987748 0.0133963 0.0179196 0.0236452 0.0307819 0.0395426 0.050135 0.0627502 0.0775516 0.094663 0.114157 0.136047 0.160277 0.186725 0.215195 0.245427 0.277105 0.309866 0.343316 0.377041 0.41063 0.443682 0.475822 0.506715 0.536067 0.563633 0.58922 0.612683 0.633922 0.652879 0.669526 0.683865 0.695914 0.705703 0.713268 0.718641 0.721849 0.722911 0.721831 0.718601 0.713204 0.705611 0.695786 0.683696 0.669309 0.652606 0.633589 0.612284 0.588753 0.563098 0.535468 0.50606 0.475122 0.44295 0.409886 0.376305 0.342608 0.309209 0.276517 0.244927 0.214795 0.186434 0.160099 0.135978 0.114191 0.0947875 0.0777513 0.0630077 0.0504325 0.0398628 0.0311087 0.0239651 0.0182219 0.013673 0.0101238 0.00739581 0.00533033 0.00378984 0.00265811 0.00183918 0.00125562 0.000846273 0.000563972 0.000373154 0.000247759 0.000169406 0.000125984 
0.000131719 0.000143623 0.000187872 0.000272049 0.000409727 0.000621733 0.00093783 0.00139881 0.00205891 0.00298847 0.00427654 0.00603327 0.00839168 0.0115085 0.0155635 0.0207574 0.0273074 0.0354405 0.0453848 0.0573589 0.0715592 0.0881475 0.107238 0.128884 0.153073 0.179716 0.208645 0.239622 0.272336 0.306422 0.34147 0.377041 0.41269 0.447974 0.482478 0.515818 0.547659 0.57772 0.605774 0.631651 0.655237 0.676462 0.695301 0.711759 0.725868 0.737674 0.747232 0.754596 0.759815 0.762929 0.763962 0.76292 0.759795 0.754561 0.747176 0.737591 0.72575 0.711597 0.695085 0.676184 0.65489 0.63123 0.605276 0.577146 0.547015 0.515112 0.481723 0.447189 0.411895 0.37626 0.340725 0.305739 0.271735 0.239121 0.208256 0.179446 0.152923 0.128849 0.107306 0.0883053 0.0717886 0.0576408 0.0457001 0.0357713 0.027638 0.0210749 0.0158582 0.0117739 0.00862413 0.00623173 0.00444191 0.00312312 0.0021661 0.00148225 0.00100131 0.000668806 0.000443536 0.0002952 0.000202366 0.000150883 
0.000156358 0.000170483 0.000222666 0.000321731 0.000483429 0.00073187 0.00110139 0.0016389 0.00240651 0.00348442 0.00497369 0.00699865 0.0097086 0.0132783 0.017907 0.0238149 0.0312383 0.0404213 0.0516058 0.0650188 0.0808594 0.0992839 0.120392 0.144217 0.170711 0.199748 0.231117 0.264526 0.299617 0.335972 0.373136 0.41063 0.447974 0.484706 0.520395 0.554657 0.587165 0.617653 0.645919 0.671823 0.695282 0.716265 0.734778 0.750864 0.764583 0.776011 0.785227 0.792305 0.797311 0.800295 0.801287 0.800297 0.797312 0.792302 0.785212 0.775978 0.764522 0.750764 0.734629 0.716056 0.695003 0.671465 0.645477 0.617124 0.586552 0.553966 0.519637 0.483899 0.447138 0.40979 0.372318 0.335203 0.298921 0.263926 0.230629 0.199385 0.170475 0.144106 0.120399 0.0993931 0.081054 0.065279 0.0519109 0.0407516 0.031576 0.024145 0.0182178 0.0135616 0.00995929 0.00721458 0.00515504 0.00363313 0.00252565 0.00173219 0.00117273 0.00078502 0.000521761 0.00034807 0.000239203 0.000178787 
0.000183636 0.000200215 0.000261112 0.000376495 0.000564461 0.000852644 0.00128028 0.00190079 0.00278462 0.00402237 0.00572764 0.00803951 0.011124 0.0151743 0.0204089 0.0270675 0.0354048 0.0456805 0.0581485 0.0730419 0.090559 0.110847 0.133989 0.159988 0.188765 0.220149 0.25388 0.289617 0.326947 0.365405 0.404488 0.443682 0.482478 0.520395 0.556997 0.591902 0.624798 0.655441 0.683658 0.709342 0.732448 0.752981 0.770985 0.786536 0.799728 0.810664 0.819446 0.826168 0.830911 0.833735 0.834677 0.833748 0.830934 0.826197 0.819474 0.810683 0.799728 0.786505 0.770911 0.75285 0.732248 0.709061 0.683287 0.654975 0.624235 0.591246 0.556256 0.519585 0.481619 0.442799 0.40361 0.364561 0.326166 0.288924 0.253297 0.219692 0.188441 0.159799 0.133927 0.110902 0.090713 0.0732746 0.0584382 0.046006 0.035746 0.0274075 0.0207338 0.0154741 0.0113921 0.00827248 0.00592486 0.00418522 0.00291592 0.00200418 0.00135976 0.000912126 0.000607531 0.000406191 0.000279809 0.000209625 
0.000213408 0.000232657 0.000302994 0.00043601 0.000652305 0.000983245 0.00147325 0.00218255 0.00319035 0.00459804 0.00653218 0.00914695 0.0126254 0.0171791 0.0230456 0.0304837 0.0397652 0.0511642 0.0649442 0.0813419 0.100552 0.122708 0.147872 0.176018 0.207026 0.24068 0.276669 0.314599 0.354007 0.394376 0.435165 0.475822 0.515818 0.554657 0.591902 0.627183 0.660204 0.690749 0.718679 0.743924 0.766478 0.786383 0.803723 0.818607 0.831161 0.841514 0.84979 0.856102 0.860544 0.863186 0.86407 0.863209 0.860589 0.856163 0.849861 0.841585 0.831223 0.818648 0.803727 0.786336 0.766364 0.74373 0.718392 0.69036 0.659707 0.626579 0.591197 0.553864 0.514955 0.474915 0.434243 0.393471 0.35315 0.313821 0.275995 0.24013 0.206614 0.175748 0.14774 0.122705 0.10066 0.0815422 0.0652139 0.0514805 0.0401063 0.0308305 0.0233823 0.0174937 0.0129097 0.0093963 0.00674493 0.00477494 0.00333387 0.00229619 0.00156103 0.00104924 0.000700281 0.000469198 0.000323943 0.000243226 
0.000245428 0.000267542 0.000347954 0.000499759 0.000746174 0.00112247 0.00167845 0.00248146 0.00361969 0.00520561 0.00737901 0.0103093 0.0141966 0.0192707 0.025788 0.0340251 0.0442698 0.0568091 0.0719136 0.0898212 0.110719 0.134726 0.161878 0.192115 0.225276 0.261096 0.299214 0.339183 0.380486 0.422564 0.464833 0.506715 0.547659 0.587165 0.624798 0.660204 0.693111 0.723334 0.750771 0.775391 0.797227 0.816362 0.832917 0.847033 0.858866 0.86857 0.87629 0.882155 0.886271 0.888715 0.889536 0.888748 0.886335 0.882246 0.876401 0.868692 0.858989 0.847143 0.832999 0.816401 0.797204 0.77529 0.750576 0.723032 0.692693 0.659667 0.624145 0.586405 0.54681 0.5058 0.463883 0.421611 0.379566 0.338328 0.298456 0.260459 0.224777 0.191763 0.161673 0.13466 0.110778 0.089985 0.0721591 0.0571123 0.0446074 0.0343759 0.0261342 0.0195984 0.0144959 0.0105742 0.00760678 0.0053963 0.00377533 0.00260537 0.00177464 0.00119509 0.000799163 0.00053653 0.000371224 0.000279308 
