1.5914e-42 2.19261e-43 4.95196e-43 5.53323e-42 6.15645e-41 6.57656e-40 6.73943e-39 6.62149e-38 6.23347e-37 5.61901e-36 4.84666e-35 3.99722e-34 3.14974e-33 2.36946e-32 1.70035e-31 1.16304e-30 7.57681e-30 4.69788e-29 2.77053e-28 1.55323e-27 8.27467e-27 4.18797e-26 2.01357e-25 9.1978e-25 3.99249e-24 1.64722e-23 6.46056e-23 2.4087e-22 8.53378e-22 2.87122e-21 9.16584e-21 2.7735e-20 7.94743e-20 2.15487e-19 5.52493e-19 1.33875e-18 3.06409e-18 6.62037e-18 1.34936e-17 2.59099e-17 4.67455e-17 7.88774e-17 1.2372e-16 1.79352e-16 2.39727e-16 2.96456e-16 3.42481e-16 3.74827e-16 3.94601e-16 4.0499e-16 4.09063e-16 4.08408e-16 4.02579e-16 3.89181e-16 3.64719e-16 3.26517e-16 2.75181e-16 2.15878e-16 1.56775e-16 1.05427e-16 6.59262e-17 3.85495e-17 2.11844e-17 1.09806e-17 5.38091e-18 2.49658e-18 1.09788e-18 4.57997e-19 1.81394e-19 6.82639e-20 2.44313e-20 8.32351e-21 2.70222e-21 8.36834e-22 2.47444e-22 6.99181e-23 1.88909e-23 4.88275e-24 1.20773e-24 2.85941e-25 6.48164e-26 1.40705e-26 2.92611e-27 5.83186e-28 1.11448e-28 2.04335e-29 3.59661e-30 6.08184e-31 9.88764e-32 1.54669e-32 2.32978e-33 3.382e-34 4.73511e-35 6.39924e-36 8.35428e-37 1.0544e-37 1.28748e-38 1.52208e-39 1.7434e-40 1.93758e-41 
2.19261e-43 3.07369e-44 7.62679e-44 8.87339e-43 1.02432e-41 1.13606e-40 1.20966e-39 1.23592e-38 1.21096e-37 1.13715e-36 1.02275e-35 8.80403e-35 7.24845e-34 5.70343e-33 4.28576e-32 3.07323e-31 2.10144e-30 1.36928e-29 8.49663e-29 5.01814e-28 2.81961e-27 1.50677e-26 7.65662e-26 3.69927e-25 1.69931e-24 7.42135e-24 3.08086e-23 1.21527e-22 4.55192e-22 1.61745e-21 5.44616e-21 1.73559e-20 5.22896e-20 1.48791e-19 3.99552e-19 1.01177e-18 2.41428e-18 5.42467e-18 1.14685e-17 2.2784e-17 4.24206e-17 7.36481e-17 1.18379e-16 1.74913e-16 2.36759e-16 2.94629e-16 3.40844e-16 3.72509e-16 3.91251e-16 4.0075e-16 4.04333e-16 4.03641e-16 3.98168e-16 3.85318e-16 3.61195e-16 3.22631e-16 2.70055e-16 2.09129e-16 1.48951e-16 9.76826e-17 5.93076e-17 3.356e-17 1.7799e-17 8.88172e-18 4.17961e-18 1.85763e-18 7.80655e-19 3.1051e-19 1.17013e-19 4.18174e-20 1.41875e-20 4.57488e-21 1.40381e-21 4.10424e-22 1.14466e-22 3.04865e-23 7.76112e-24 1.88998e-24 4.40532e-25 9.83364e-26 2.10321e-26 4.31214e-27 8.47956e-28 1.6002e-28 2.89978e-29 5.04951e-30 8.45559e-31 1.36266e-31 2.11508e-32 3.16461e-33 4.56799e-34 6.36648e-35 8.57423e-36 1.11676e-36 1.40777e-37 1.71884e-38 2.03419e-39 2.3351e-40 2.60177e-41 2.81824e-42 
4.95196e-43 7.62679e-44 3.29679e-43 4.06765e-42 4.8801e-41 5.61321e-40 6.18717e-39 6.53262e-38 6.60373e-37 6.388e-36 5.90964e-35 5.22518e-34 4.41258e-33 3.55654e-32 2.73392e-31 2.00283e-30 1.39729e-29 9.27684e-29 5.85736e-28 3.51513e-27 2.00406e-26 1.08507e-25 5.57819e-25 2.72253e-24 1.26152e-23 5.54951e-23 2.31752e-22 9.18499e-22 3.45292e-21 1.23024e-20 4.14981e-20 1.32377e-19 3.98909e-19 1.13455e-18 3.04325e-18 7.69367e-18 1.83204e-17 4.10645e-17 8.65856e-17 1.71553e-16 3.18611e-16 5.51992e-16 8.85775e-16 1.30698e-15 1.76678e-15 2.1956e-15 2.5365e-15 2.76874e-15 2.90527e-15 2.97392e-15 2.99948e-15 2.99396e-15 2.9534e-15 2.85823e-15 2.6792e-15 2.39247e-15 2.00127e-15 1.54816e-15 1.10132e-15 7.21445e-16 4.37692e-16 2.47587e-16 1.31299e-16 6.55134e-17 3.08203e-17 1.36882e-17 5.74501e-18 2.28063e-18 8.5705e-19 3.05158e-19 1.03044e-19 3.30335e-20 1.00649e-20 2.91798e-21 8.05808e-22 2.12157e-22 5.32947e-23 1.2781e-23 2.92754e-24 6.40713e-25 1.34031e-25 2.68101e-26 5.13015e-27 9.3955e-28 1.64784e-28 2.76941e-29 4.46308e-30 6.90193e-31 1.02499e-31 1.46291e-32 2.00814e-33 2.65332e-34 3.37701e-35 4.14333e-36 4.9041e-37 5.60367e-38 6.18576e-39 6.60109e-40 6.81438e-41 6.815e-42 
5.53323e-42 8.87339e-43 4.06765e-42 4.96271e-41 5.88247e-40 6.68728e-39 7.28754e-38 7.60953e-37 7.6096e-36 7.28364e-35 6.66886e-34 5.83689e-33 4.88014e-32 3.89475e-31 2.96475e-30 2.15089e-29 1.48603e-28 9.76993e-28 6.10802e-27 3.62895e-26 2.04789e-25 1.09725e-24 5.58056e-24 2.69385e-23 1.23425e-22 5.36766e-22 2.21575e-21 8.68035e-21 3.22582e-20 1.13633e-19 3.7905e-19 1.19599e-18 3.5656e-18 1.0035e-17 2.66422e-17 6.66851e-17 1.57267e-16 3.49255e-16 7.29939e-16 1.43432e-15 2.64384e-15 4.55051e-15 7.2627e-15 1.06709e-14 1.43795e-14 1.78296e-14 2.05669e-14 2.24286e-14 2.35216e-14 2.40703e-14 2.42734e-14 2.42265e-14 2.38962e-14 2.31241e-14 2.16748e-14 1.93574e-14 1.61998e-14 1.25455e-14 8.94208e-15 5.87576e-15 3.57996e-15 2.03591e-15 1.08642e-15 5.4583e-16 2.58686e-16 1.15788e-16 4.89923e-17 1.96125e-17 7.43399e-18 2.67032e-18 9.09826e-19 2.94349e-19 9.05242e-20 2.6494e-20 7.38674e-21 1.9636e-21 4.98013e-22 1.20569e-22 2.78745e-23 6.15603e-24 1.29916e-24 2.62093e-25 5.05673e-26 9.33532e-27 1.65003e-27 2.79407e-28 4.53606e-29 7.06539e-30 1.05668e-30 1.51861e-31 2.09884e-32 2.79179e-33 3.57676e-34 4.41697e-35 5.26142e-36 6.04965e-37 6.71896e-38 7.21277e-39 7.48862e-40 7.53053e-41 
6.15645e-41 1.02432e-41 4.8801e-41 5.88247e-40 6.88676e-39 7.73539e-38 8.33188e-37 8.60181e-36 8.50727e-35 8.05542e-34 7.29799e-33 6.32168e-32 5.23185e-31 4.13363e-30 3.11538e-29 2.23785e-28 1.53086e-27 9.96491e-27 6.16755e-26 3.62708e-25 2.02561e-24 1.07379e-23 5.40164e-23 2.57826e-22 1.16771e-21 5.0187e-21 2.04707e-20 7.92368e-20 2.9096e-19 1.0129e-18 3.33975e-18 1.04185e-17 3.07159e-17 8.55065e-17 2.246e-16 5.56351e-16 1.29894e-15 2.85691e-15 5.91618e-15 1.15252e-14 2.10775e-14 3.60294e-14 5.71776e-14 8.36365e-14 1.12331e-13 1.38955e-13 1.60034e-13 1.74348e-13 1.82739e-13 1.86945e-13 1.88493e-13 1.8811e-13 1.85529e-13 1.79522e-13 1.68267e-13 1.50301e-13 1.25853e-13 9.75809e-14 6.97034e-14 4.59543e-14 2.81271e-14 1.60871e-14 8.6414e-15 4.37323e-15 2.0888e-15 9.42639e-16 4.0227e-16 1.62462e-16 6.21401e-17 2.25284e-17 7.74869e-18 2.53115e-18 7.8611e-19 2.3238e-19 6.54464e-20 1.75745e-20 4.5024e-21 1.10092e-21 2.57018e-22 5.73043e-23 1.22058e-23 2.48461e-24 4.83576e-25 9.00364e-26 1.60468e-26 2.73953e-27 4.48334e-28 7.03893e-29 1.06106e-29 1.53691e-30 2.14088e-31 2.87021e-32 3.70642e-33 4.61371e-34 5.54013e-35 6.42208e-36 7.19145e-37 7.7845e-38 8.15066e-39 8.26675e-40 
6.57656e-40 1.13606e-40 5.61321e-40 6.68728e-39 7.73539e-38 8.58777e-37 9.14564e-36 9.33822e-35 9.13663e-34 8.56074e-33 7.67621e-32 6.5823e-31 5.39345e-30 4.21949e-29 3.14912e-28 2.24014e-27 1.51754e-26 9.78162e-26 5.9942e-25 3.48964e-24 1.92878e-23 1.01164e-22 5.03346e-22 2.37548e-21 1.06338e-20 4.51594e-20 1.81967e-19 6.95736e-19 2.52355e-18 8.67875e-18 2.82752e-17 8.71749e-17 2.54066e-16 6.99316e-16 1.81668e-15 4.4518e-15 1.02859e-14 2.23972e-14 4.59393e-14 8.86925e-14 1.60876e-13 2.73032e-13 4.30723e-13 6.27109e-13 8.39334e-13 1.03571e-12 1.19084e-12 1.29599e-12 1.35754e-12 1.38833e-12 1.39959e-12 1.39661e-12 1.37735e-12 1.33267e-12 1.24913e-12 1.116e-12 9.3505e-13 7.25961e-13 5.19774e-13 3.43902e-13 2.11515e-13 1.21704e-13 6.58295e-14 3.35696e-14 1.61649e-14 7.3575e-15 3.16784e-15 1.29115e-15 4.98518e-16 1.82477e-16 6.33807e-17 2.09113e-17 6.56085e-18 1.95954e-18 5.57637e-19 1.51307e-19 3.91643e-20 9.67371e-21 2.28077e-21 5.13408e-22 1.10373e-22 2.267e-23 4.4507e-24 8.3569e-25 1.50171e-25 2.58446e-26 4.26319e-27 6.74584e-28 1.02479e-28 1.49589e-29 2.09987e-30 2.83708e-31 3.69222e-32 4.63212e-33 5.6063e-34 6.55079e-35 7.39498e-36 8.07044e-37 8.52027e-38 8.71453e-39 
6.73943e-39 1.20966e-39 6.18717e-39 7.28754e-38 8.33188e-37 9.14564e-36 9.63282e-35 9.7304e-34 9.42085e-33 8.73676e-32 7.75545e-31 6.58463e-30 5.34286e-29 4.13965e-28 3.05996e-27 2.15593e-26 1.44651e-25 9.23372e-25 5.60304e-24 3.22934e-23 1.76662e-22 9.168e-22 4.51176e-21 2.10516e-20 9.31328e-20 3.90733e-19 1.55496e-18 5.8707e-18 2.10261e-17 7.14074e-17 2.29778e-16 6.99857e-16 2.01548e-15 5.48295e-15 1.40809e-14 3.41211e-14 7.79855e-14 1.68046e-13 3.41261e-13 6.52702e-13 1.17379e-12 1.97718e-12 3.09969e-12 4.4909e-12 5.98876e-12 7.37071e-12 8.45986e-12 9.19661e-12 9.62712e-12 9.84209e-12 9.92016e-12 9.89807e-12 9.76087e-12 9.44385e-12 8.85227e-12 7.9109e-12 6.63296e-12 5.15729e-12 3.70189e-12 2.45871e-12 1.52006e-12 8.80224e-13 4.79604e-13 2.46537e-13 1.19731e-13 5.49858e-14 2.38955e-14 9.83299e-15 3.8339e-15 1.41745e-15 4.97368e-16 1.65809e-16 5.25736e-17 1.58708e-17 4.56517e-18 1.25199e-18 3.27494e-19 8.17285e-20 1.94624e-20 4.42346e-21 9.59835e-22 1.98916e-22 3.93912e-23 7.45847e-24 1.35122e-24 2.34404e-25 3.89691e-26 6.21395e-27 9.51225e-28 1.39909e-28 1.97894e-29 2.69408e-30 3.53296e-31 4.46646e-32 5.44781e-33 6.41556e-34 7.2998e-35 8.03057e-36 8.54718e-37 8.81429e-38 
6.62149e-38 1.23592e-38 6.53262e-38 7.60953e-37 8.60181e-36 9.33822e-35 9.7304e-34 9.72632e-33 9.32073e-32 8.55743e-31 7.52162e-30 6.32432e-29 5.0826e-28 3.90071e-27 2.85617e-26 1.9934e-25 1.32481e-24 8.37605e-24 5.03328e-23 2.87217e-22 1.5552e-21 7.98567e-21 3.88686e-20 1.79291e-19 7.83783e-19 3.2479e-18 1.27619e-17 4.75608e-17 1.68128e-16 5.63596e-16 1.79038e-15 5.3846e-15 1.53154e-14 4.11596e-14 1.04446e-13 2.50156e-13 5.653e-13 1.2049e-12 2.42149e-12 4.58611e-12 8.17352e-12 1.36592e-11 2.12735e-11 3.06624e-11 4.07317e-11 4.99931e-11 5.72739e-11 6.21885e-11 6.50549e-11 6.6483e-11 6.6998e-11 6.68422e-11 6.59117e-11 6.37696e-11 5.97799e-11 5.34405e-11 4.48445e-11 3.49246e-11 2.51383e-11 1.67656e-11 1.04228e-11 6.07659e-12 3.33663e-12 1.7297e-12 8.47597e-13 3.92925e-13 1.72427e-13 7.16678e-14 2.8231e-14 1.05469e-14 3.74033e-15 1.26049e-15 4.04085e-16 1.23345e-16 3.58758e-17 9.94773e-18 2.63032e-18 6.63328e-19 1.59565e-19 3.66203e-20 8.0205e-21 1.67709e-21 3.34982e-22 6.39559e-23 1.16805e-23 2.04228e-24 3.42154e-25 5.49757e-26 8.4792e-27 1.25651e-27 1.79059e-28 2.45595e-29 3.24492e-30 4.13339e-31 5.08004e-32 6.02856e-33 6.9129e-34 7.66489e-35 8.22311e-36 8.54882e-37 
6.23347e-37 1.21096e-37 6.60373e-37 7.6096e-36 8.50727e-35 9.13663e-34 9.42085e-33 9.32073e-32 8.84277e-31 8.039e-30 6.99781e-29 5.82795e-28 4.63966e-27 3.52754e-26 2.55893e-25 1.76933e-24 1.16488e-23 7.29522e-23 4.34155e-22 2.45299e-21 1.31471e-20 6.67954e-20 3.21537e-19 1.46612e-18 6.33228e-18 2.59118e-17 1.00495e-16 3.69554e-16 1.28882e-15 4.26229e-15 1.33599e-14 3.96535e-14 1.11335e-13 2.95424e-13 7.40355e-13 1.75166e-12 3.91169e-12 8.24266e-12 1.6385e-11 3.07134e-11 5.42217e-11 8.98589e-11 1.38979e-10 1.99221e-10 2.6356e-10 3.22545e-10 3.68791e-10 3.99936e-10 4.18064e-10 4.27075e-10 4.30299e-10 4.29257e-10 4.23259e-10 4.09504e-10 3.83933e-10 3.4336e-10 2.88404e-10 2.25017e-10 1.62458e-10 1.08839e-10 6.80678e-11 3.99727e-11 2.21299e-11 1.15749e-11 5.72596e-12 2.68082e-12 1.18854e-12 4.99232e-13 1.98778e-13 7.50788e-14 2.69241e-14 9.17678e-15 2.97586e-15 9.18927e-16 2.70373e-16 7.58252e-17 2.02722e-17 5.16723e-18 1.25579e-18 2.91038e-19 6.43411e-20 1.35745e-20 2.73472e-21 5.26452e-22 9.69199e-23 1.70786e-23 2.8832e-24 4.66752e-25 7.25268e-26 1.08272e-26 1.55433e-27 2.14766e-28 2.85864e-29 3.66849e-30 4.54254e-31 5.43157e-32 6.27605e-33 7.01269e-34 7.58244e-35 7.94552e-36 
5.61901e-36 1.13715e-36 6.388e-36 7.28364e-35 8.05542e-34 8.56074e-33 8.73676e-32 8.55743e-31 8.039e-30 7.2379e-29 6.24073e-28 5.14878e-27 4.06097e-26 3.05913e-25 2.19873e-24 1.50628e-23 9.82493e-23 6.09512e-22 3.59257e-21 2.00984e-20 1.06624e-19 5.35991e-19 2.55161e-18 1.14997e-17 4.90631e-17 1.98205e-16 7.585e-16 2.75106e-15 9.46059e-15 3.08493e-14 9.53505e-14 2.79132e-13 7.73161e-13 2.02439e-12 5.00726e-12 1.16961e-11 2.57951e-11 5.37049e-11 1.05534e-10 1.95681e-10 3.42012e-10 5.61804e-10 8.62496e-10 1.22916e-09 1.61904e-09 1.97524e-09 2.2537e-09 2.44078e-09 2.54944e-09 2.6033e-09 2.62242e-09 2.61581e-09 2.57917e-09 2.49542e-09 2.34002e-09 2.09379e-09 1.7606e-09 1.37647e-09 9.97147e-10 6.71331e-10 4.22574e-10 2.50092e-10 1.39675e-10 7.37522e-11 3.68521e-11 1.74353e-11 7.81408e-12 3.31882e-12 1.33648e-12 5.10635e-13 1.85277e-13 6.3906e-14 2.09746e-14 6.55551e-15 1.95204e-15 5.53898e-16 1.49778e-16 3.85951e-17 9.47767e-18 2.21832e-18 4.95037e-19 1.0538e-19 2.1412e-20 4.156e-21 7.71227e-22 1.36956e-22 2.32963e-23 3.79954e-24 5.94754e-25 8.94391e-26 1.29334e-26 1.80009e-27 2.41355e-28 3.12009e-29 3.8921e-30 4.68861e-31 5.45846e-32 6.14569e-33 6.69632e-34 7.07193e-35 
4.84666e-35 1.02275e-35 5.90964e-35 6.66886e-34 7.29799e-33 7.67621e-32 7.75545e-31 7.52162e-30 6.99781e-29 6.24073e-28 5.33064e-27 4.35729e-26 3.40522e-25 2.54176e-24 1.81024e-23 1.22879e-22 7.94109e-22 4.88033e-21 2.84905e-20 1.57822e-19 8.28743e-19 4.12181e-18 1.94037e-17 8.64247e-17 3.64168e-16 1.452e-15 5.4808e-15 1.95975e-14 6.64174e-14 2.13409e-13 6.50003e-13 1.87547e-12 5.1213e-12 1.32227e-11 3.22584e-11 7.43391e-11 1.61809e-10 3.32631e-10 6.4574e-10 1.18363e-09 2.0469e-09 3.33081e-09 5.07332e-09 7.18509e-09 9.4201e-09 1.14544e-08 1.304e-08 1.41024e-08 1.4718e-08 1.50224e-08 1.51294e-08 1.50899e-08 1.48781e-08 1.43959e-08 1.35027e-08 1.20893e-08 1.01785e-08 7.97627e-09 5.7999e-09 3.92595e-09 2.48863e-09 1.48522e-09 8.37306e-10 4.46611e-10 2.25554e-10 1.07907e-10 4.89194e-11 2.10226e-11 8.56754e-12 3.31349e-12 1.21722e-12 4.25148e-13 1.41316e-13 4.47296e-14 1.34862e-14 3.87345e-15 1.05969e-15 2.76116e-16 6.85229e-17 1.61989e-17 3.64918e-18 7.83796e-19 1.60626e-19 3.14335e-20 5.87943e-21 1.05214e-21 1.80319e-22 2.96274e-23 4.67162e-24 7.07621e-25 1.03066e-25 1.44486e-26 1.95129e-27 2.54086e-28 3.19276e-29 3.87455e-30 4.54435e-31 5.15503e-32 5.6597e-33 6.02334e-34 
3.99722e-34 8.80403e-35 5.22518e-34 5.83689e-33 6.32168e-32 6.5823e-31 6.58463e-30 6.32432e-29 5.82795e-28 5.14878e-27 4.35729e-26 3.5291e-25 2.73294e-24 2.0215e-23 1.42668e-22 9.59619e-22 6.14454e-21 3.74096e-20 2.16304e-19 1.18642e-18 6.16642e-18 3.03419e-17 1.41234e-16 6.21602e-16 2.58633e-15 1.01749e-14 3.78682e-14 1.33422e-13 4.45358e-13 1.40909e-12 4.22612e-12 1.20089e-11 3.23034e-11 8.21806e-11 1.97596e-10 4.48906e-10 9.63601e-10 1.95441e-09 3.7455e-09 6.78211e-09 1.15967e-08 1.86819e-08 2.82155e-08 3.96932e-08 5.17799e-08 6.2738e-08 7.12508e-08 7.69391e-08 8.02266e-08 8.18473e-08 8.24121e-08 8.21889e-08 8.10348e-08 7.84166e-08 7.35747e-08 6.59223e-08 5.55859e-08 4.36747e-08 3.18913e-08 2.17163e-08 1.38716e-08 8.35388e-09 4.75725e-09 2.56507e-09 1.3103e-09 6.34336e-10 2.91106e-10 1.26669e-10 5.22818e-11 2.04824e-11 7.62354e-12 2.69835e-12 9.08969e-13 2.91551e-13 8.90537e-14 2.59006e-14 7.17126e-15 1.88988e-15 4.74049e-16 1.13199e-16 2.57438e-17 5.57931e-18 1.1532e-18 2.27529e-19 4.28952e-20 7.73521e-21 1.33565e-21 2.21072e-22 3.51122e-23 5.35692e-24 7.85851e-25 1.10957e-25 1.50925e-26 1.97944e-27 2.50535e-28 3.06258e-29 3.61853e-30 4.13539e-31 4.57446e-32 4.90556e-33 
3.14974e-33 7.24845e-34 4.41258e-33 4.88014e-32 5.23185e-31 5.39345e-30 5.34286e-29 5.0826e-28 4.63966e-27 4.06097e-26 3.40522e-25 2.73294e-24 2.09729e-23 1.53734e-22 1.07519e-21 7.16634e-21 4.54652e-20 2.74216e-19 1.57035e-18 8.52821e-18 4.38706e-17 2.13546e-16 9.8274e-16 4.27327e-15 1.75526e-14 6.81144e-14 2.49845e-13 8.66936e-13 2.84829e-12 8.86715e-12 2.61649e-11 7.31592e-11 1.93689e-10 4.85097e-10 1.14855e-09 2.57014e-09 5.43604e-09 1.0869e-08 2.0546e-08 3.67224e-08 6.20376e-08 9.88691e-08 1.4797e-07 2.06662e-07 2.68136e-07 3.23633e-07 3.66596e-07 3.95219e-07 4.11718e-07 4.19826e-07 4.22623e-07 4.21441e-07 4.15528e-07 4.02163e-07 3.77485e-07 3.38529e-07 2.85948e-07 2.25355e-07 1.65333e-07 1.13329e-07 7.30005e-08 4.43969e-08 2.55586e-08 1.39422e-08 7.20954e-09 3.5348e-09 1.64346e-09 7.24688e-10 3.03178e-10 1.20418e-10 4.54491e-11 1.63151e-11 5.57409e-12 1.81299e-12 5.61332e-13 1.65395e-13 4.63615e-14 1.23603e-14 3.13422e-15 7.56076e-16 1.73598e-16 3.79638e-17 7.91435e-18 1.57437e-18 2.99162e-19 5.43619e-20 9.45713e-21 1.57683e-21 2.52263e-22 3.87636e-23 5.72727e-24 8.14431e-25 1.11572e-25 1.47382e-26 1.87886e-27 2.31344e-28 2.75342e-29 3.17e-30 3.53279e-31 3.81718e-32 
2.36946e-32 5.70343e-33 3.55654e-32 3.89475e-31 4.13363e-30 4.21949e-29 4.13965e-28 3.90071e-27 3.52754e-26 3.05913e-25 2.54176e-24 2.0215e-23 1.53734e-22 1.11675e-21 7.73987e-21 5.11183e-20 3.2132e-19 1.91979e-18 1.08882e-17 5.85434e-17 2.98041e-16 1.43501e-15 6.5282e-15 2.80405e-14 1.13677e-13 4.34988e-13 1.57184e-12 5.36836e-12 1.73479e-11 5.30947e-11 1.53998e-10 4.23277e-10 1.10184e-09 2.71407e-09 6.32167e-09 1.39203e-08 2.89826e-08 5.70716e-08 1.06315e-07 1.87394e-07 3.12506e-07 4.92295e-07 7.29565e-07 1.01099e-06 1.30403e-06 1.56738e-06 1.7705e-06 1.9054e-06 1.98293e-06 2.0209e-06 2.03387e-06 2.02801e-06 1.99963e-06 1.93571e-06 1.81787e-06 1.63205e-06 1.38139e-06 1.09247e-06 8.05777e-07 5.56408e-07 3.61729e-07 2.22359e-07 1.29523e-07 7.15459e-08 3.74863e-08 1.86314e-08 8.78429e-09 3.92895e-09 1.66762e-09 6.7215e-10 2.57495e-10 9.38332e-11 3.25414e-11 1.07406e-11 3.37288e-12 1.00728e-12 2.85946e-13 7.71422e-14 1.9778e-14 4.82043e-15 1.1175e-15 2.46613e-16 5.1856e-17 1.04007e-17 1.99206e-18 3.64773e-19 6.3935e-20 1.07388e-20 1.73049e-21 2.67828e-22 3.98547e-23 5.70792e-24 7.8754e-25 1.04776e-25 1.34533e-26 1.66851e-27 2.00034e-28 2.31995e-29 2.6047e-30 2.83559e-31 
1.70035e-31 4.28576e-32 2.73392e-31 2.96475e-30 3.11538e-29 3.14912e-28 3.05996e-27 2.85617e-26 2.55893e-25 2.19873e-24 1.81024e-23 1.42668e-22 1.07519e-21 7.73987e-21 5.31563e-20 3.47861e-19 2.1663e-18 1.28206e-17 7.20061e-17 3.83272e-16 1.9308e-15 9.19424e-15 4.13403e-14 1.75367e-13 7.01495e-13 2.64596e-12 9.41482e-12 3.16303e-11 1.00458e-10 3.01996e-10 8.60091e-10 2.32133e-09 5.93476e-09 1.43615e-08 3.28718e-08 7.11499e-08 1.45665e-07 2.82191e-07 5.17485e-07 8.98616e-07 1.47784e-06 2.29906e-06 3.37092e-06 4.63152e-06 5.9358e-06 7.1022e-06 7.99826e-06 8.59133e-06 8.93117e-06 9.09705e-06 9.15304e-06 9.12597e-06 8.99889e-06 8.7136e-06 8.18847e-06 7.3612e-06 6.24574e-06 4.95932e-06 3.68005e-06 2.56215e-06 1.68273e-06 1.04656e-06 6.17456e-07 3.45732e-07 1.83737e-07 9.2672e-08 4.43541e-08 2.01437e-08 8.68353e-09 3.55555e-09 1.38402e-09 5.12498e-10 1.80578e-10 6.05295e-11 1.92912e-11 5.84201e-12 1.68015e-12 4.5878e-13 1.18949e-13 2.92948e-14 6.85775e-15 1.5273e-15 3.23947e-16 6.55143e-17 1.26484e-17 2.33405e-18 4.1219e-19 6.97467e-20 1.13214e-20 1.7649e-21 2.64518e-22 3.81556e-23 5.3022e-24 7.10488e-25 9.18851e-26 1.14785e-26 1.3862e-27 1.61953e-28 1.83183e-29 2.00922e-30 
1.16304e-30 3.07323e-31 2.00283e-30 2.15089e-29 2.23785e-28 2.24014e-27 2.15593e-26 1.9934e-25 1.76933e-24 1.50628e-23 1.22879e-22 9.59619e-22 7.16634e-21 5.11183e-20 3.47861e-19 2.2554e-18 1.39137e-17 8.15553e-17 4.53544e-16 2.38953e-15 1.19098e-14 5.60802e-14 2.49172e-13 1.04364e-12 4.11804e-12 1.53053e-11 5.35992e-11 1.77024e-10 5.52133e-10 1.6287e-09 4.5496e-09 1.20424e-08 3.01995e-08 7.17042e-08 1.61081e-07 3.4229e-07 6.88224e-07 1.31007e-06 2.36217e-06 4.03645e-06 6.53909e-06 1.00354e-05 1.45437e-05 1.97965e-05 2.51935e-05 2.99944e-05 3.36669e-05 3.60889e-05 3.74723e-05 3.8145e-05 3.83694e-05 3.82534e-05 3.77247e-05 3.65417e-05 3.43674e-05 3.09448e-05 2.6331e-05 2.10054e-05 1.56949e-05 1.10285e-05 7.3253e-06 4.61473e-06 2.76081e-06 1.56884e-06 8.46692e-07 4.33887e-07 2.11061e-07 9.74464e-08 4.27154e-08 1.77897e-08 7.04457e-09 2.65372e-09 9.50939e-10 3.23982e-10 1.04861e-10 3.22169e-11 9.39028e-12 2.59596e-12 6.80781e-13 1.69444e-13 4.00588e-14 9.00456e-15 1.92674e-15 3.92935e-16 7.64749e-17 1.42228e-17 2.53091e-18 4.31465e-19 7.05533e-20 1.1079e-20 1.67255e-21 2.43004e-22 3.40127e-23 4.59066e-24 5.9801e-25 7.52505e-26 9.15437e-27 1.07745e-27 1.22779e-28 1.35685e-29 
7.57681e-30 2.10144e-30 1.39729e-29 1.48603e-28 1.53086e-27 1.51754e-26 1.44651e-25 1.32481e-24 1.16488e-23 9.82493e-23 7.94109e-22 6.14454e-21 4.54652e-20 3.2132e-19 2.1663e-18 1.39137e-17 8.50166e-17 4.9347e-16 2.71679e-15 1.41652e-14 6.98379e-14 3.25106e-13 1.42706e-12 5.89998e-12 2.29568e-11 8.40391e-11 2.89509e-10 9.39358e-10 2.87477e-09 8.31241e-09 2.27461e-08 5.89656e-08 1.4484e-07 3.36946e-07 7.41864e-07 1.5455e-06 3.04759e-06 5.6924e-06 1.00783e-05 1.69247e-05 2.69746e-05 4.07889e-05 5.83632e-05 7.86288e-05 9.92916e-05 0.000117566 0.000131481 0.000140622 0.000145827 0.000148348 0.000149178 0.000148719 0.000146685 0.000142151 0.000133827 0.000120734 0.000103083 8.26819e-05 6.22678e-05 4.42117e-05 2.97365e-05 1.89995e-05 1.15413e-05 6.66481e-06 3.65775e-06 1.90703e-06 9.44103e-07 4.43733e-07 1.98061e-07 8.40145e-08 3.38902e-08 1.30034e-08 4.74395e-09 1.64419e-09 5.40797e-10 1.6865e-10 4.98368e-11 1.39525e-11 3.70175e-12 9.3131e-13 2.2239e-13 5.04618e-14 1.08941e-14 2.24069e-15 4.39678e-16 8.24223e-17 1.47808e-17 2.53899e-18 4.18291e-19 6.6172e-20 1.00634e-20 1.47284e-21 2.07661e-22 2.82335e-23 3.70494e-24 4.69655e-25 5.75589e-26 6.82519e-27 7.83612e-28 8.7257e-29 
4.69788e-29 1.36928e-29 9.27684e-29 9.76993e-28 9.96491e-27 9.78162e-26 9.23372e-25 8.37605e-24 7.29522e-23 6.09512e-22 4.88033e-21 3.74096e-20 2.74216e-19 1.91979e-18 1.28206e-17 8.15553e-17 4.9347e-16 2.83577e-15 1.54523e-14 7.97123e-14 3.8865e-13 1.78815e-12 7.7521e-12 3.16262e-11 1.21303e-10 4.37188e-10 1.48074e-09 4.71674e-09 1.4151e-08 4.00637e-08 1.0725e-07 2.71885e-07 6.531e-07 1.4862e-06 3.20194e-06 6.52934e-06 1.26074e-05 2.30707e-05 4.00463e-05 6.59926e-05 0.000103328 0.000153736 0.000216909 0.000288918 0.000361714 0.000425686 0.000474157 0.000505873 0.000523863 0.000532544 0.000535365 0.000533697 0.00052651 0.000510533 0.000481238 0.00043518 0.000373066 0.000301141 0.000228855 0.000164413 0.000112138 7.27739e-05 4.49531e-05 2.64209e-05 1.47682e-05 7.84565e-06 3.95904e-06 1.89717e-06 8.63619e-07 3.73702e-07 1.53789e-07 6.01824e-08 2.23782e-08 7.89703e-09 2.64139e-09 8.36544e-10 2.50718e-10 7.11049e-11 1.90901e-11 4.85572e-12 1.17141e-12 2.68362e-13 5.8465e-14 1.21299e-14 2.40018e-15 4.53601e-16 8.19902e-17 1.41936e-17 2.3563e-18 3.75586e-19 5.75489e-20 8.4858e-21 1.2054e-21 1.65112e-22 2.18292e-23 2.78797e-24 3.44262e-25 4.11316e-26 4.75847e-27 5.33952e-28 
2.77053e-28 8.49663e-29 5.85736e-28 6.10802e-27 6.16755e-26 5.9942e-25 5.60304e-24 5.03328e-23 4.34155e-22 3.59257e-21 2.84905e-20 2.16304e-19 1.57035e-18 1.08882e-17 7.20061e-17 4.53544e-16 2.71679e-15 1.54523e-14 8.33131e-14 4.25086e-13 2.04896e-12 9.31417e-12 3.98661e-11 1.6043e-10 6.06303e-10 2.15035e-09 7.15646e-09 2.23635e-08 6.57134e-08 1.81948e-07 4.75814e-07 1.1776e-06 2.76133e-06 6.13543e-06 1.29113e-05 2.57254e-05 4.85533e-05 8.68924e-05 0.000147618 0.000238307 0.000365968 0.000534918 0.000743119 0.000977366 0.00121192 0.0014166 0.00157085 0.00167135 0.00172814 0.00175543 0.00176418 0.00175865 0.00173545 0.00168404 0.00158986 0.00144183 0.00124204 0.00101008 0.000775677 0.000564722 0.000391229 0.000258315 0.000162534 9.73962e-05 5.55435e-05 3.01198e-05 1.5519e-05 7.59552e-06 3.53252e-06 1.56206e-06 6.56878e-07 2.62551e-07 9.96206e-08 3.58272e-08 1.21945e-08 3.92418e-09 1.19331e-09 3.42943e-10 9.31976e-11 2.39731e-11 5.84414e-12 1.35209e-12 2.97324e-13 6.22398e-14 1.24219e-14 2.36724e-15 4.31386e-16 7.52778e-17 1.25957e-17 2.02339e-18 3.12436e-19 4.64251e-20 6.64533e-21 9.17248e-22 1.222e-22 1.57273e-23 1.95702e-24 2.35634e-25 2.74727e-26 3.10695e-27 
1.55323e-27 5.01814e-28 3.51513e-27 3.62895e-26 3.62708e-25 3.48964e-24 3.22934e-23 2.87217e-22 2.45299e-21 2.00984e-20 1.57822e-19 1.18642e-18 8.52821e-18 5.85434e-17 3.83272e-16 2.38953e-15 1.41652e-14 7.97123e-14 4.25086e-13 2.14438e-12 1.02142e-11 4.58565e-11 1.93695e-10 7.68526e-10 2.86044e-09 9.97793e-09 3.26092e-08 9.98919e-08 2.87208e-07 7.76758e-07 1.98131e-06 4.77862e-06 1.09166e-05 2.36346e-05 4.84806e-05 9.41946e-05 0.000173426 0.000302928 0.000502685 0.000793475 0.00119295 0.00170994 0.00233503 0.00302799 0.00371439 0.00430869 0.00475395 0.0050427 0.00520525 0.00528302 0.00530761 0.00529103 0.00522316 0.00507316 0.00479863 0.00436707 0.00378379 0.00310425 0.00241278 0.00178331 0.00125721 0.000846146 0.000543363 0.000332624 0.000193917 0.000107549 5.66926e-05 2.83964e-05 1.352e-05 6.1213e-06 2.63507e-06 1.07736e-06 4.17638e-07 1.5321e-07 5.31038e-08 1.73728e-08 5.36255e-09 1.56226e-09 4.2989e-10 1.11864e-10 2.75654e-11 6.44252e-12 1.43044e-12 3.02217e-13 6.08566e-14 1.16982e-14 2.14988e-15 3.78282e-16 6.38142e-17 1.03343e-17 1.60857e-18 2.40928e-19 3.47611e-20 4.83614e-21 6.49404e-22 8.42426e-23 1.05661e-23 1.28234e-24 1.50705e-25 1.71807e-26 
8.27467e-27 2.81961e-27 2.00406e-26 2.04789e-25 2.02561e-24 1.92878e-23 1.76662e-22 1.5552e-21 1.31471e-20 1.06624e-19 8.28743e-19 6.16642e-18 4.38706e-17 2.98041e-16 1.9308e-15 1.19098e-14 6.98379e-14 3.8865e-13 2.04896e-12 1.02142e-11 4.80555e-11 2.12961e-10 8.87255e-10 3.46905e-09 1.2709e-08 4.35756e-08 1.39752e-07 4.19322e-07 1.17852e-06 3.10934e-06 7.72359e-06 1.81184e-05 4.02357e-05 8.46847e-05 0.000168934 0.000319339 0.000572263 0.000973448 0.00157439 0.00242468 0.00356143 0.00499608 0.0066936 0.00854375 0.0103538 0.0119073 0.0130637 0.0138099 0.0142283 0.0144276 0.0144897 0.0144451 0.0142666 0.0138732 0.0131536 0.0120217 0.0104887 0.00869431 0.00685238 0.00515217 0.00370399 0.00254654 0.0016726 0.00104829 0.000626159 0.000355964 0.000192399 9.88479e-05 4.82887e-05 2.24338e-05 9.90463e-06 4.14884e-06 1.64514e-06 6.16194e-07 2.17645e-07 7.24263e-08 2.27039e-08 6.70785e-09 1.86977e-09 4.92392e-10 1.22698e-10 2.89808e-11 6.49959e-12 1.3865e-12 2.81809e-13 5.46638e-14 1.01352e-14 1.79889e-15 3.06068e-16 4.99864e-17 7.84591e-18 1.18495e-18 1.72383e-19 2.41811e-20 3.27387e-21 4.28195e-22 5.41485e-23 6.62584e-24 7.8511e-25 9.02457e-26 
4.18797e-26 1.50677e-26 1.08507e-25 1.09725e-24 1.07379e-23 1.01164e-22 9.168e-22 7.98567e-21 6.67954e-20 5.35991e-19 4.12181e-18 3.03419e-17 2.13546e-16 1.43501e-15 9.19424e-15 5.60802e-14 3.25106e-13 1.78815e-12 9.31417e-12 4.58565e-11 2.12961e-10 9.30991e-10 3.82337e-09 1.47214e-08 5.30499e-08 1.78664e-07 5.61872e-07 1.6499e-06 4.5281e-06 1.16394e-05 2.81091e-05 6.40046e-05 0.000137843 0.000281317 0.000544342 0.000998562 0.00173735 0.00287087 0.00451425 0.00676702 0.0096884 0.0132721 0.0174088 0.0218297 0.0260935 0.0297162 0.0323937 0.0341124 0.035072 0.0355272 0.035667 0.0355604 0.0351426 0.0342239 0.0325436 0.0298977 0.0263033 0.0220695 0.0176754 0.0135502 0.00995715 0.00700954 0.00472048 0.00303656 0.00186294 0.00108825 0.00060463 0.000319441 0.00016052 7.66985e-05 3.47997e-05 1.49582e-05 6.07465e-06 2.32523e-06 8.37541e-07 2.83677e-07 9.03584e-08 2.70881e-08 7.65255e-09 2.0405e-09 5.14444e-10 1.22861e-10 2.78467e-11 6.00092e-12 1.23174e-12 2.41219e-13 4.51443e-14 8.08638e-15 1.38832e-15 2.28766e-16 3.62254e-17 5.51907e-18 8.09903e-19 1.14594e-19 1.56488e-20 2.06433e-21 2.63289e-22 3.24929e-23 3.88305e-24 4.50164e-25 
2.01357e-25 7.65662e-26 5.57819e-25 5.58056e-24 5.40164e-23 5.03346e-22 4.51176e-21 3.88686e-20 3.21537e-19 2.55161e-18 1.94037e-17 1.41234e-16 9.8274e-16 6.5282e-15 4.13403e-14 2.49172e-13 1.42706e-12 7.7521e-12 3.98661e-11 1.93695e-10 8.87255e-10 3.82337e-09 1.54654e-08 5.85949e-08 2.07531e-07 6.85963e-07 2.11355e-06 6.06813e-06 1.62449e-05 4.06293e-05 9.52345e-05 0.000210043 0.000437591 0.000863542 0.00161611 0.00286886 0.00483265 0.00773638 0.0117954 0.0171657 0.0238955 0.0318893 0.0408575 0.0502253 0.0591103 0.0665724 0.0720436 0.0755357 0.0774769 0.0783939 0.0786715 0.0784478 0.0775867 0.0756966 0.0722388 0.0667837 0.0593407 0.050501 0.0411975 0.0322815 0.0243079 0.0175672 0.0121622 0.00805184 0.00508759 0.00306226 0.00175383 0.000955564 0.00049528 0.000243995 0.000114002 5.03641e-05 2.09728e-05 8.21186e-06 3.01875e-06 1.04139e-06 3.3727e-07 1.02658e-07 2.94114e-08 7.94571e-09 2.02809e-09 4.90058e-10 1.12325e-10 2.44685e-11 5.07517e-12 1.00408e-12 1.89795e-13 3.43304e-14 5.95096e-15 9.89932e-16 1.58231e-16 2.43314e-17 3.60346e-18 5.1452e-19 7.08995e-20 9.43715e-21 1.21442e-21 1.5121e-22 1.82307e-23 2.13223e-24 
9.1978e-25 3.69927e-25 2.72253e-24 2.69385e-23 2.57826e-22 2.37548e-21 2.10516e-20 1.79291e-19 1.46612e-18 1.14997e-17 8.64247e-17 6.21602e-16 4.27327e-15 2.80405e-14 1.75367e-13 1.04364e-12 5.89998e-12 3.16262e-11 1.6043e-10 7.68526e-10 3.46905e-09 1.47214e-08 5.85949e-08 2.18242e-07 7.58973e-07 2.45972e-06 7.41789e-06 2.08014e-05 5.42575e-05 0.000131857 0.000299483 0.000638434 0.00128332 0.00244152 0.00440548 0.00754426 0.0122674 0.0189695 0.0279635 0.0393982 0.0531858 0.0689749 0.0861159 0.103547 0.119757 0.133188 0.142947 0.149137 0.152563 0.154175 0.154656 0.154249 0.152705 0.149319 0.143121 0.133313 0.119851 0.103686 0.0863702 0.069354 0.0536556 0.039917 0.0284918 0.0194693 0.012707 0.00790456 0.00468112 0.00263841 0.00141468 0.000720379 0.000347309 0.000157946 6.75241e-05 2.70711e-05 1.0165e-05 3.57444e-06 1.17797e-06 3.6433e-07 1.0594e-07 2.90212e-08 7.50546e-09 1.83644e-09 4.26011e-10 9.38839e-11 1.96934e-11 3.93911e-12 7.52603e-13 1.37568e-13 2.40937e-14 4.04881e-15 6.53665e-16 1.01511e-16 1.51808e-17 2.18856e-18 3.04464e-19 4.09098e-20 5.31389e-21 6.67795e-22 8.12556e-23 9.59078e-24 
3.99249e-24 1.69931e-24 1.26152e-23 1.23425e-22 1.16771e-21 1.06338e-20 9.31328e-20 7.83783e-19 6.33228e-18 4.90631e-17 3.64168e-16 2.58633e-15 1.75526e-14 1.13677e-13 7.01495e-13 4.11804e-12 2.29568e-11 1.21303e-10 6.06303e-10 2.86044e-09 1.2709e-08 5.30499e-08 2.07531e-07 7.58973e-07 2.58863e-06 8.21604e-06 2.4223e-05 6.62665e-05 0.000168201 0.000396639 0.000871484 0.00179199 0.00346647 0.00633866 0.010991 0.0180969 0.0283151 0.0421658 0.0599228 0.0815104 0.106435 0.133817 0.162442 0.19065 0.216274 0.237169 0.252193 0.261659 0.266874 0.269318 0.270041 0.269406 0.267026 0.261812 0.252248 0.237051 0.216017 0.190398 0.162338 0.133913 0.106716 0.0819486 0.0604791 0.042784 0.0289324 0.0186599 0.0114644 0.00670649 0.00373113 0.0019688 0.00098136 0.000460105 0.000202183 8.3082e-05 3.18969e-05 1.14441e-05 3.84145e-06 1.20845e-06 3.57005e-07 9.9267e-08 2.60384e-08 6.45791e-09 1.51772e-09 3.38708e-10 7.19213e-11 1.45579e-11 2.81387e-12 5.20217e-13 9.21293e-14 1.56515e-14 2.55408e-15 4.00833e-16 6.05675e-17 8.82123e-18 1.23955e-18 1.68211e-19 2.20636e-20 2.79956e-21 3.43899e-22 4.0976e-23 
1.64722e-23 7.42135e-24 5.54951e-23 5.36766e-22 5.0187e-21 4.51594e-20 3.90733e-19 3.2479e-18 2.59118e-17 1.98205e-16 1.452e-15 1.01749e-14 6.81144e-14 4.34988e-13 2.64596e-12 1.53053e-11 8.40391e-11 4.37188e-10 2.15035e-09 9.97793e-09 4.35756e-08 1.78664e-07 6.85963e-07 2.45972e-06 8.21604e-06 2.55016e-05 7.34002e-05 0.000195621 0.000482517 0.00110249 0.00233956 0.00463122 0.00860046 0.0150704 0.0250281 0.0394884 0.0592614 0.0847359 0.115773 0.151662 0.191131 0.232514 0.273946 0.313305 0.34808 0.375903 0.395667 0.408026 0.414804 0.417971 0.4189 0.418063 0.414948 0.408121 0.395561 0.375482 0.347381 0.31252 0.27327 0.232039 0.190889 0.151678 0.116051 0.0852336 0.0599024 0.0401868 0.0257027 0.0156573 0.00906475 0.00496814 0.00256497 0.00124158 0.000561489 0.00023677 9.30494e-05 3.41031e-05 1.16739e-05 3.73993e-06 1.12392e-06 3.17608e-07 8.46052e-08 2.12957e-08 5.07661e-09 1.14864e-09 2.47179e-10 5.06855e-11 9.92139e-12 1.85693e-12 3.32831e-13 5.72106e-14 9.44347e-15 1.49875e-15 2.28966e-16 3.37076e-17 4.78674e-18 6.5632e-19 8.69649e-20 1.11452e-20 1.38256e-21 1.66337e-22 
6.46056e-23 3.08086e-23 2.31752e-22 2.21575e-21 2.04707e-20 1.81967e-19 1.55496e-18 1.27619e-17 1.00495e-16 7.585e-16 5.4808e-15 3.78682e-14 2.49845e-13 1.57184e-12 9.41482e-12 5.35992e-11 2.89509e-10 1.48074e-09 7.15646e-09 3.26092e-08 1.39752e-07 5.61872e-07 2.11355e-06 7.41789e-06 2.4223e-05 7.34002e-05 0.000205899 0.00053372 0.00127728 0.00282338 0.00577737 0.0109901 0.0195509 0.0327425 0.0519209 0.0782476 0.112297 0.153778 0.20155 0.253801 0.308244 0.362444 0.414139 0.461225 0.501494 0.532999 0.555064 0.568747 0.576215 0.579694 0.580712 0.579788 0.576354 0.568815 0.554887 0.532437 0.500562 0.460094 0.412985 0.36136 0.307303 0.253104 0.201185 0.153776 0.11263 0.0788427 0.0526669 0.0335127 0.020243 0.0115474 0.00618509 0.00309543 0.00144262 0.000625107 0.000251826 9.44207e-05 3.30112e-05 1.07868e-05 3.30269e-06 9.50006e-07 2.57391e-07 6.58499e-08 1.59456e-08 3.66288e-09 7.99843e-10 1.66353e-10 3.30128e-11 6.2617e-12 1.13694e-12 1.97898e-13 3.30673e-14 5.31069e-15 8.2075e-16 1.22195e-16 1.7544e-17 2.43139e-18 3.25555e-19 4.21509e-20 5.28146e-21 6.41707e-22 
2.4087e-22 1.21527e-22 9.18499e-22 8.68035e-21 7.92368e-20 6.95736e-19 5.8707e-18 4.75608e-17 3.69554e-16 2.75106e-15 1.95975e-14 1.33422e-13 8.66936e-13 5.36836e-12 3.16303e-11 1.77024e-10 9.39358e-10 4.71674e-09 2.23635e-08 9.98919e-08 4.19322e-07 1.6499e-06 6.06813e-06 2.08014e-05 6.62665e-05 0.000195621 0.00053372 0.00134296 0.00311248 0.00664454 0.0130897 0.0238906 0.0406421 0.0649174 0.0980514 0.14078 0.192758 0.252328 0.316853 0.38327 0.448513 0.509897 0.565422 0.613681 0.653448 0.683761 0.704646 0.717473 0.724439 0.727678 0.728627 0.727774 0.724592 0.717585 0.704566 0.683356 0.652696 0.612671 0.564237 0.508566 0.447095 0.381901 0.315694 0.251518 0.192395 0.140896 0.0985714 0.0656821 0.0414795 0.0246683 0.0137284 0.00711392 0.00342193 0.00152617 0.000631344 0.000242612 8.67953e-05 2.8983e-05 9.05837e-06 2.6572e-06 7.33564e-07 1.9108e-07 4.70773e-08 1.09955e-08 2.43979e-09 5.15316e-10 1.03796e-10 1.99714e-11 3.67661e-12 6.48546e-13 1.0977e-13 1.78499e-14 2.79201e-15 4.2055e-16 6.10654e-17 8.5562e-18 1.15792e-18 1.51484e-19 1.91737e-20 2.35288e-21 
8.53378e-22 4.55192e-22 3.45292e-21 3.22582e-20 2.9096e-19 2.52355e-18 2.10261e-17 1.68128e-16 1.28882e-15 9.46059e-15 6.64174e-14 4.45358e-13 2.84829e-12 1.73479e-11 1.00458e-10 5.52133e-10 2.87477e-09 1.4151e-08 6.57134e-08 2.87208e-07 1.17852e-06 4.5281e-06 1.62449e-05 5.42575e-05 0.000168201 0.000482517 0.00127728 0.00311248 0.0069708 0.0143441 0.0271595 0.0474937 0.0771685 0.117416 0.168683 0.230393 0.30059 0.375919 0.452341 0.526067 0.594074 0.654334 0.70586 0.748444 0.782128 0.807062 0.823921 0.834164 0.839695 0.842262 0.843019 0.842356 0.839864 0.83435 0.824028 0.806995 0.781847 0.747954 0.705137 0.653314 0.592738 0.524487 0.450665 0.374347 0.299363 0.229713 0.168603 0.117831 0.0779004 0.0483599 0.028001 0.0150472 0.00748387 0.00344231 0.00146542 0.000578452 0.000212247 7.25945e-05 2.32125e-05 6.95904e-06 1.96153e-06 5.212e-07 1.30874e-07 3.1128e-08 7.02798e-09 1.50926e-09 3.08864e-10 6.03382e-11 1.12706e-11 2.01599e-12 3.45807e-13 5.69581e-14 9.01973e-15 1.37484e-15 2.01933e-16 2.8609e-17 3.91342e-18 5.17324e-19 6.61443e-20 8.19747e-21 
2.87122e-21 1.61745e-21 1.23024e-20 1.13633e-19 1.0129e-18 8.67875e-18 7.14074e-17 5.63596e-16 4.26229e-15 3.08493e-14 2.13409e-13 1.40909e-12 8.86715e-12 5.30947e-11 3.01996e-10 1.6287e-09 8.31241e-09 4.00637e-08 1.81948e-07 7.76758e-07 3.10934e-06 1.16394e-05 4.06293e-05 0.000131857 0.000396639 0.00110249 0.00282338 0.00664454 0.0143441 0.0283887 0.0515718 0.0863002 0.133836 0.193936 0.265001 0.344358 0.428295 0.512273 0.591824 0.663563 0.72555 0.777165 0.818803 0.851451 0.876173 0.893895 0.905628 0.912669 0.916447 0.918197 0.918718 0.91828 0.916609 0.912893 0.905876 0.894121 0.876347 0.851541 0.818733 0.776814 0.724809 0.662382 0.590233 0.510422 0.426472 0.342888 0.26409 0.193628 0.134074 0.0869548 0.0524505 0.0292805 0.0150895 0.00717515 0.00315153 0.00128132 0.000483507 0.000169838 5.57008e-05 1.71064e-05 4.93352e-06 1.33973e-06 3.43426e-07 8.32971e-08 1.91587e-08 4.18733e-09 8.71324e-10 1.72933e-10 3.27914e-11 5.94996e-12 1.03461e-12 1.72644e-13 2.7682e-14 4.27013e-15 6.34422e-16 9.08804e-17 1.25647e-17 1.67818e-18 2.16726e-19 2.71231e-20 
9.16584e-21 5.44616e-21 4.14981e-20 3.7905e-19 3.33975e-18 2.82752e-17 2.29778e-16 1.79038e-15 1.33599e-14 9.53505e-14 6.50003e-13 4.22612e-12 2.61649e-11 1.53998e-10 8.60091e-10 4.5496e-09 2.27461e-08 1.0725e-07 4.75814e-07 1.98131e-06 7.72359e-06 2.81091e-05 9.52345e-05 0.000299483 0.000871484 0.00233956 0.00577737 0.0130897 0.0271595 0.0515718 0.0897222 0.143523 0.21241 0.293351 0.381844 0.473044 0.562269 0.64517 0.718334 0.779934 0.829742 0.868675 0.898279 0.920276 0.93619 0.94721 0.95434 0.958559 0.960807 0.961846 0.962158 0.961908 0.960938 0.958764 0.954618 0.947555 0.936596 0.920722 0.898701 0.868958 0.829744 0.779513 0.717386 0.643707 0.560474 0.471202 0.380215 0.292142 0.21179 0.143567 0.0903277 0.0524845 0.0280937 0.0138491 0.00629511 0.00264434 0.00102932 0.000372388 0.000125591 3.96023e-05 1.17091e-05 3.25499e-06 8.52936e-07 2.11194e-07 4.95264e-08 1.10235e-08 2.33348e-09 4.70667e-10 9.06184e-11 1.66814e-11 2.94058e-12 4.9711e-13 8.07011e-14 1.2597e-14 1.89292e-15 2.74131e-16 3.83005e-17 5.16767e-18 6.73957e-19 8.51579e-20 
2.7735e-20 1.73559e-20 1.32377e-19 1.19599e-18 1.04185e-17 8.71749e-17 6.99857e-16 5.3846e-15 3.96535e-14 2.79132e-13 1.87547e-12 1.20089e-11 7.31592e-11 4.23277e-10 2.32133e-09 1.20424e-08 5.89656e-08 2.71885e-07 1.1776e-06 4.77862e-06 1.81184e-05 6.40046e-05 0.000210043 0.000638434 0.00179199 0.00463122 0.0109901 0.0238906 0.0474937 0.0863002 0.143523 0.21928 0.309815 0.408487 0.507991 0.602299 0.687259 0.760289 0.820213 0.867289 0.902906 0.929041 0.947767 0.960944 0.97004 0.976113 0.979944 0.982176 0.983356 0.983899 0.984064 0.983939 0.983444 0.982326 0.980169 0.976427 0.970457 0.961468 0.948374 0.929667 0.903443 0.867588 0.820108 0.759664 0.686108 0.600708 0.506106 0.406557 0.308222 0.218395 0.14349 0.0869551 0.0484765 0.0248519 0.0117295 0.00510738 0.0020571 0.000768592 0.00026718 8.66691e-05 2.63108e-05 7.49601e-06 2.00965e-06 5.08294e-07 1.21581e-07 2.75654e-08 5.93664e-09 1.21694e-09 2.37886e-10 4.44222e-11 7.93741e-12 1.35916e-12 2.23356e-13 3.52731e-14 5.35979e-15 7.8455e-16 1.10748e-16 1.50919e-17 1.98727e-18 2.53469e-19 
7.94743e-20 5.22896e-20 3.98909e-19 3.5656e-18 3.07159e-17 2.54066e-16 2.01548e-15 1.53154e-14 1.11335e-13 7.73161e-13 5.1213e-12 3.23034e-11 1.93689e-10 1.10184e-09 5.93476e-09 3.01995e-08 1.4484e-07 6.531e-07 2.76133e-06 1.09166e-05 4.02357e-05 0.000137843 0.000437591 0.00128332 0.00346647 0.00860046 0.0195509 0.0406421 0.0771685 0.133836 0.21241 0.309815 0.418275 0.52782 0.629632 0.718218 0.791471 0.84951 0.893673 0.926013 0.948911 0.964687 0.975341 0.982439 0.987109 0.99011 0.991952 0.993008 0.99356 0.993813 0.993891 0.993836 0.993611 0.993099 0.992098 0.990329 0.987422 0.982866 0.975893 0.965352 0.949646 0.926726 0.894226 0.849744 0.791232 0.717362 0.628071 0.525669 0.41596 0.307947 0.211475 0.133927 0.0779777 0.0417066 0.0205059 0.00928387 0.00387936 0.00150017 0.000538423 0.000179893 5.61203e-05 1.63954e-05 4.49851e-06 1.16238e-06 2.8359e-07 6.54881e-08 1.43471e-08 2.98831e-09 5.92959e-10 1.12298e-10 2.0334e-11 3.526e-12 5.86417e-13 9.36712e-14 1.43897e-14 2.12849e-15 3.03503e-16 4.17628e-17 5.5512e-18 7.14566e-19 
2.15487e-19 1.48791e-19 1.13455e-18 1.0035e-17 8.55065e-17 6.99316e-16 5.48295e-15 4.11596e-14 2.95424e-13 2.02439e-12 1.32227e-11 8.21806e-11 4.85097e-10 2.71407e-09 1.43615e-08 7.17042e-08 3.36946e-07 1.4862e-06 6.13543e-06 2.36346e-05 8.46847e-05 0.000281317 0.000863542 0.00244152 0.00633866 0.0150704 0.0327425 0.0649174 0.117416 0.193936 0.293351 0.408487 0.52782 0.639514 0.735247 0.811717 0.869661 0.911837 0.941496 0.961699 0.975075 0.983728 0.989236 0.99271 0.994886 0.99623 0.997032 0.997482 0.997715 0.997822 0.997855 0.997833 0.997741 0.99753 0.997112 0.996357 0.995078 0.99299 0.98963 0.984256 0.975746 0.962493 0.942349 0.91263 0.870204 0.811729 0.734417 0.637705 0.525291 0.405904 0.291489 0.193242 0.1178 0.0659155 0.0338504 0.0159706 0.00693562 0.00277933 0.00103073 0.000354863 0.000113783 3.40865e-05 9.57028e-06 2.52578e-06 6.28375e-07 1.47755e-07 3.29185e-08 6.96486e-09 1.40245e-09 2.69296e-10 4.94013e-11 8.67271e-12 1.45938e-12 2.35733e-13 3.66021e-14 5.46985e-15 7.87676e-16 1.09421e-16 1.46788e-17 1.90653e-18 
5.52493e-19 3.99552e-19 3.04325e-18 2.66422e-17 2.246e-16 1.81668e-15 1.40809e-14 1.04446e-13 7.40355e-13 5.00726e-12 3.22584e-11 1.97596e-10 1.14855e-09 6.32167e-09 3.28718e-08 1.61081e-07 7.41864e-07 3.20194e-06 1.29113e-05 4.84806e-05 0.000168934 0.000544342 0.00161611 0.00440548 0.010991 0.0250281 0.0519209 0.0980514 0.168683 0.265001 0.381844 0.507991 0.629632 0.735247 0.818882 0.880317 0.922973 0.951427 0.969848 0.981476 0.988658 0.993017 0.99563 0.997189 0.998119 0.998669 0.998988 0.999163 0.999252 0.999293 0.999306 0.999298 0.999264 0.999185 0.999026 0.998733 0.99822 0.997346 0.995867 0.993365 0.989151 0.982142 0.970692 0.952409 0.923956 0.881013 0.818873 0.73416 0.627435 0.50518 0.37929 0.263472 0.168422 0.0987591 0.0530491 0.0261092 0.0117912 0.00489784 0.00187688 0.00066574 0.00021934 6.73574e-05 1.93453e-05 5.21301e-06 1.32204e-06 3.16431e-07 7.16703e-08 1.5399e-08 3.14573e-09 6.12269e-10 1.13761e-10 2.02143e-11 3.44078e-12 5.61897e-13 8.81614e-14 1.33075e-14 1.93486e-15 2.7129e-16 3.67212e-17 4.81141e-18 
