5.84062e-06 6.15147e-06 7.10679e-06 8.77573e-06 1.12761e-05 1.47781e-05 1.95096e-05 2.57618e-05 3.3897e-05 4.43558e-05 5.76649e-05 7.44444e-05 9.54143e-05 0.000121399 0.00015333 0.000192246 0.000239287 0.000295684 0.00036275 0.000441856 0.000534404 0.0006418 0.000765411 0.000906526 0.00106631 0.00124573 0.00144556 0.00166625 0.00190793 0.00217037 0.00245287 0.00275432 0.00307311 0.00340716 0.00375389 0.00411027 0.00447285 0.00483778 0.00520092 0.00555786 0.00590405 0.00623487 0.00654574 0.00683221 0.00709006 0.00731542 0.00750483 0.00765534 0.0077646 0.00783086 0.00785306 0.00783086 0.0077646 0.00765534 0.00750483 0.00731542 0.00709006 0.00683221 0.00654574 0.00623487 0.00590405 0.00555786 0.00520092 0.00483778 0.00447285 0.00411027 0.00375389 0.00340716 0.00307311 0.00275432 0.00245287 0.00217037 0.00190793 0.00166625 0.00144556 0.00124573 0.00106631 0.000906526 0.000765411 0.0006418 0.000534404 0.000441856 0.00036275 0.000295684 0.000239287 0.000192246 0.00015333 0.000121399 9.54143e-05 7.44444e-05 5.76649e-05 4.43558e-05 3.3897e-05 2.57618e-05 1.95096e-05 1.47781e-05 1.12761e-05 8.77573e-06 7.10679e-06 6.15147e-06 
6.15147e-06 6.47803e-06 7.48157e-06 9.23444e-06 1.18599e-05 1.55361e-05 2.0501e-05 2.70592e-05 3.55892e-05 4.65509e-05 6.04939e-05 7.80649e-05 0.000100014 0.000127201 0.000160594 0.000201273 0.000250422 0.000309322 0.000379334 0.000461876 0.000558404 0.000670369 0.000799184 0.000946178 0.00111254 0.00129929 0.00150719 0.0017367 0.00198794 0.00226066 0.00255412 0.00286716 0.00319809 0.00354474 0.00390443 0.00427404 0.00464995 0.00502821 0.00540451 0.00577431 0.00613288 0.00647547 0.00679734 0.00709389 0.00736078 0.00759401 0.00779001 0.00794576 0.0080588 0.00812735 0.00815033 0.00812735 0.0080588 0.00794576 0.00779001 0.00759401 0.00736078 0.00709389 0.00679734 0.00647547 0.00613288 0.00577431 0.00540451 0.00502821 0.00464995 0.00427404 0.00390443 0.00354474 0.00319809 0.00286716 0.00255412 0.00226066 0.00198794 0.0017367 0.00150719 0.00129929 0.00111254 0.000946178 0.000799184 0.000670369 0.000558404 0.000461876 0.000379334 0.000309322 0.000250422 0.000201273 0.000160594 0.000127201 0.000100014 7.80649e-05 6.04939e-05 4.65509e-05 3.55892e-05 2.70592e-05 2.0501e-05 1.55361e-05 1.18599e-05 9.23444e-06 7.48157e-06 6.47803e-06 
7.10679e-06 7.48157e-06 8.63301e-06 1.06433e-05 1.36524e-05 1.78623e-05 2.35429e-05 3.10388e-05 4.0778e-05 5.32796e-05 6.91631e-05 8.91563e-05 0.000114102 0.000144963 0.000182824 0.000228892 0.000284485 0.000351029 0.000430031 0.000523064 0.000631732 0.000757632 0.000902313 0.00106722 0.00125366 0.0014627 0.00169516 0.00195151 0.00223186 0.00253584 0.00286263 0.00321088 0.00357869 0.00396363 0.00436272 0.00477246 0.00518888 0.00560758 0.00602382 0.0064326 0.00682874 0.00720701 0.00756222 0.00788934 0.00818363 0.00844072 0.00865671 0.00882829 0.00895281 0.00902831 0.00905361 0.00902831 0.00895281 0.00882829 0.00865671 0.00844072 0.00818363 0.00788934 0.00756222 0.00720701 0.00682874 0.0064326 0.00602382 0.00560758 0.00518888 0.00477246 0.00436272 0.00396363 0.00357869 0.00321088 0.00286263 0.00253584 0.00223186 0.00195151 0.00169516 0.0014627 0.00125366 0.00106722 0.000902313 0.000757632 0.000631732 0.000523064 0.000430031 0.000351029 0.000284485 0.000228892 0.000182824 0.000144963 0.000114102 8.91563e-05 6.91631e-05 5.32796e-05 4.0778e-05 3.10388e-05 2.35429e-05 1.78623e-05 1.36524e-05 1.06433e-05 8.63301e-06 7.48157e-06 
8.77573e-06 9.23444e-06 1.06433e-05 1.31016e-05 1.6778e-05 2.19159e-05 2.88401e-05 3.79648e-05 4.9803e-05 6.49761e-05 8.4224e-05 0.000108414 0.000138548 0.000175767 0.000221355 0.000276734 0.000343456 0.00042319 0.000517698 0.000628811 0.000758387 0.000908271 0.00108024 0.00127594 0.00149684 0.00174415 0.00201875 0.00232113 0.00265132 0.00300884 0.00339266 0.00380113 0.00423198 0.00468233 0.00514867 0.0056269 0.00611238 0.00660002 0.00708433 0.00755951 0.0080196 0.0084586 0.00887054 0.00924967 0.00959055 0.00988818 0.0101381 0.0103367 0.0104807 0.010568 0.0105972 0.010568 0.0104807 0.0103367 0.0101381 0.00988818 0.00959055 0.00924967 0.00887054 0.0084586 0.0080196 0.00755951 0.00708433 0.00660002 0.00611238 0.0056269 0.00514867 0.00468233 0.00423198 0.00380113 0.00339266 0.00300884 0.00265132 0.00232113 0.00201875 0.00174415 0.00149684 0.00127594 0.00108024 0.000908271 0.000758387 0.000628811 0.000517698 0.00042319 0.000343456 0.000276734 0.000221355 0.000175767 0.000138548 0.000108414 8.4224e-05 6.49761e-05 4.9803e-05 3.79648e-05 2.88401e-05 2.19159e-05 1.6778e-05 1.31016e-05 1.06433e-05 9.23444e-06 
1.12761e-05 1.18599e-05 1.36524e-05 1.6778e-05 2.1448e-05 2.79669e-05 3.67405e-05 4.82852e-05 6.32396e-05 8.23755e-05 0.00010661 0.000137013 0.000174822 0.000221439 0.000278435 0.000347549 0.00043067 0.000529823 0.000647137 0.000784815 0.000945084 0.00113014 0.00134208 0.00158286 0.00185416 0.00215738 0.00249348 0.00286296 0.00326577 0.00370122 0.00416797 0.00466393 0.00518631 0.00573154 0.00629535 0.00687277 0.00745823 0.00804558 0.00862825 0.00919935 0.00975178 0.0102784 0.0107721 0.0112262 0.0116343 0.0119903 0.0122892 0.0125265 0.0126986 0.0128029 0.0128378 0.0128029 0.0126986 0.0125265 0.0122892 0.0119903 0.0116343 0.0112262 0.0107721 0.0102784 0.00975178 0.00919935 0.00862825 0.00804558 0.00745823 0.00687277 0.00629535 0.00573154 0.00518631 0.00466393 0.00416797 0.00370122 0.00326577 0.00286296 0.00249348 0.00215738 0.00185416 0.00158286 0.00134208 0.00113014 0.000945084 0.000784815 0.000647137 0.000529823 0.00043067 0.000347549 0.000278435 0.000221439 0.000174822 0.000137013 0.00010661 8.23755e-05 6.32396e-05 4.82852e-05 3.67405e-05 2.79669e-05 2.1448e-05 1.6778e-05 1.36524e-05 1.18599e-05 
1.47781e-05 1.55361e-05 1.78623e-05 2.19159e-05 2.79669e-05 3.64039e-05 4.77437e-05 6.26433e-05 8.19132e-05 0.000106531 0.000137655 0.000176635 0.000225024 0.00028458 0.000357267 0.000445249 0.000550869 0.000676631 0.000825159 0.00099915 0.00120132 0.00143434 0.00170073 0.00200281 0.0023426 0.00272167 0.00314112 0.00360145 0.00410245 0.00464315 0.00522177 0.00583565 0.00648122 0.00715404 0.00784879 0.00855935 0.00927884 0.00999977 0.0107141 0.0114135 0.0120893 0.012733 0.0133359 0.01389 0.0143875 0.0148215 0.0151855 0.0154744 0.0156839 0.0158108 0.0158534 0.0158108 0.0156839 0.0154744 0.0151855 0.0148215 0.0143875 0.01389 0.0133359 0.012733 0.0120893 0.0114135 0.0107141 0.00999977 0.00927884 0.00855935 0.00784879 0.00715404 0.00648122 0.00583565 0.00522177 0.00464315 0.00410245 0.00360145 0.00314112 0.00272167 0.0023426 0.00200281 0.00170073 0.00143434 0.00120132 0.00099915 0.000825159 0.000676631 0.000550869 0.000445249 0.000357267 0.00028458 0.000225024 0.000176635 0.000137655 0.000106531 8.19132e-05 6.26433e-05 4.77437e-05 3.64039e-05 2.79669e-05 2.19159e-05 1.78623e-05 1.55361e-05 
1.95096e-05 2.0501e-05 2.35429e-05 2.88401e-05 3.67405e-05 4.77437e-05 6.25134e-05 8.18921e-05 0.000106917 0.000138835 0.000179123 0.000229496 0.000291919 0.000368616 0.000462059 0.000574962 0.000710261 0.000871073 0.00106065 0.00128234 0.00153947 0.00183529 0.00217288 0.00255503 0.0029841 0.00346194 0.00398978 0.00456805 0.00519636 0.00587335 0.00659663 0.00736277 0.00816724 0.00900441 0.00986763 0.0107493 0.0116408 0.012533 0.013416 0.0142796 0.0151132 0.0159063 0.0166487 0.0173304 0.017942 0.0184752 0.0189222 0.0192769 0.0195339 0.0196897 0.0197419 0.0196897 0.0195339 0.0192769 0.0189222 0.0184752 0.017942 0.0173304 0.0166487 0.0159063 0.0151132 0.0142796 0.013416 0.012533 0.0116408 0.0107493 0.00986763 0.00900441 0.00816724 0.00736277 0.00659663 0.00587335 0.00519636 0.00456805 0.00398978 0.00346194 0.0029841 0.00255503 0.00217288 0.00183529 0.00153947 0.00128234 0.00106065 0.000871073 0.000710261 0.000574962 0.000462059 0.000368616 0.000291919 0.000229496 0.000179123 0.000138835 0.000106917 8.18921e-05 6.25134e-05 4.77437e-05 3.67405e-05 2.88401e-05 2.35429e-05 2.0501e-05 
2.57618e-05 2.70592e-05 3.10388e-05 3.79648e-05 4.82852e-05 6.26433e-05 8.18921e-05 0.000107113 0.000139633 0.000181047 0.000233237 0.000298384 0.000378982 0.00047784 0.000598076 0.000743102 0.000916592 0.00112244 0.00136468 0.00164744 0.00197483 0.00235083 0.00277916 0.00326316 0.00380565 0.00440876 0.00507382 0.0058012 0.0065902 0.00743892 0.00834423 0.00930168 0.0103055 0.0113485 0.0124225 0.0135179 0.0146241 0.0157298 0.0168227 0.0178904 0.01892 0.0198987 0.0208139 0.0216536 0.0224066 0.0230625 0.0236123 0.0240481 0.024364 0.0245554 0.0246194 0.0245554 0.024364 0.0240481 0.0236123 0.0230625 0.0224066 0.0216536 0.0208139 0.0198987 0.01892 0.0178904 0.0168227 0.0157298 0.0146241 0.0135179 0.0124225 0.0113485 0.0103055 0.00930168 0.00834423 0.00743892 0.0065902 0.0058012 0.00507382 0.00440876 0.00380565 0.00326316 0.00277916 0.00235083 0.00197483 0.00164744 0.00136468 0.00112244 0.000916592 0.000743102 0.000598076 0.00047784 0.000378982 0.000298384 0.000233237 0.000181047 0.000139633 0.000107113 8.18921e-05 6.26433e-05 4.82852e-05 3.79648e-05 3.10388e-05 2.70592e-05 
3.3897e-05 3.55892e-05 4.0778e-05 4.9803e-05 6.32396e-05 8.19132e-05 0.000106917 0.000139633 0.000181757 0.00023532 0.000302713 0.000386702 0.000490439 0.000617466 0.000771703 0.000957423 0.00117921 0.0014419 0.00175051 0.00211011 0.00252574 0.00300224 0.00354411 0.00415534 0.00483925 0.00559827 0.00643383 0.00734614 0.00833409 0.00939508 0.010525 0.0117181 0.0129671 0.014263 0.0155953 0.0169524 0.018321 0.0196873 0.0210362 0.0223524 0.0236204 0.0248245 0.0259496 0.026981 0.0279052 0.0287097 0.0293837 0.0299179 0.0303049 0.0305393 0.0306178 0.0305393 0.0303049 0.0299179 0.0293837 0.0287097 0.0279052 0.026981 0.0259496 0.0248245 0.0236204 0.0223524 0.0210362 0.0196873 0.018321 0.0169524 0.0155953 0.014263 0.0129671 0.0117181 0.010525 0.00939508 0.00833409 0.00734614 0.00643383 0.00559827 0.00483925 0.00415534 0.00354411 0.00300224 0.00252574 0.00211011 0.00175051 0.0014419 0.00117921 0.000957423 0.000771703 0.000617466 0.000490439 0.000386702 0.000302713 0.00023532 0.000181757 0.000139633 0.000106917 8.19132e-05 6.32396e-05 4.9803e-05 4.0778e-05 3.55892e-05 
4.43558e-05 4.65509e-05 5.32796e-05 6.49761e-05 8.23755e-05 0.000106531 0.000138835 0.000181047 0.00023532 0.000304227 0.000390791 0.000498498 0.000631313 0.000793678 0.00099049 0.00122707 0.00150912 0.00184261 0.00223372 0.00268865 0.00321355 0.00381427 0.00449621 0.0052641 0.0061218 0.00707207 0.00811636 0.00925465 0.0104852 0.0118047 0.0132075 0.0146865 0.0162323 0.0178337 0.0194779 0.0211502 0.0228345 0.0245137 0.0261696 0.0277836 0.0293367 0.0308102 0.0321856 0.0334456 0.0345738 0.0355553 0.0363772 0.0370283 0.0374998 0.0377853 0.0378809 0.0377853 0.0374998 0.0370283 0.0363772 0.0355553 0.0345738 0.0334456 0.0321856 0.0308102 0.0293367 0.0277836 0.0261696 0.0245137 0.0228345 0.0211502 0.0194779 0.0178337 0.0162323 0.0146865 0.0132075 0.0118047 0.0104852 0.00925465 0.00811636 0.00707207 0.0061218 0.0052641 0.00449621 0.00381427 0.00321355 0.00268865 0.00223372 0.00184261 0.00150912 0.00122707 0.00099049 0.000793678 0.000631313 0.000498498 0.000390791 0.000304227 0.00023532 0.000181047 0.000138835 0.000106531 8.23755e-05 6.49761e-05 5.32796e-05 4.65509e-05 
5.76649e-05 6.04939e-05 6.91631e-05 8.4224e-05 0.00010661 0.000137655 0.000179123 0.000233237 0.000302713 0.000390791 0.000501264 0.000638502 0.000807457 0.00101366 0.00126319 0.00156264 0.00191902 0.00233968 0.00283214 0.00340399 0.00406262 0.00481506 0.00566774 0.00662621 0.0076949 0.00887688 0.0101736 0.0115845 0.0131073 0.0147373 0.0164675 0.0182887 0.0201892 0.0221552 0.0241706 0.0262175 0.0282764 0.0303263 0.0323453 0.0343109 0.0362002 0.0379909 0.039661 0.0411896 0.0425573 0.0437465 0.0447416 0.0455297 0.0461002 0.0464456 0.0465612 0.0464456 0.0461002 0.0455297 0.0447416 0.0437465 0.0425573 0.0411896 0.039661 0.0379909 0.0362002 0.0343109 0.0323453 0.0303263 0.0282764 0.0262175 0.0241706 0.0221552 0.0201892 0.0182887 0.0164675 0.0147373 0.0131073 0.0115845 0.0101736 0.00887688 0.0076949 0.00662621 0.00566774 0.00481506 0.00406262 0.00340399 0.00283214 0.00233968 0.00191902 0.00156264 0.00126319 0.00101366 0.000807457 0.000638502 0.000501264 0.000390791 0.000302713 0.000233237 0.000179123 0.000137655 0.00010661 8.4224e-05 6.91631e-05 6.04939e-05 
7.44444e-05 7.80649e-05 8.91563e-05 0.000108414 0.000137013 0.000176635 0.000229496 0.000298384 0.000386702 0.000498498 0.000638502 0.000812148 0.00102557 0.00128562 0.00159978 0.00197614 0.00242328 0.00295016 0.00356589 0.00427962 0.00510021 0.00603602 0.00709461 0.00828242 0.00960449 0.0110641 0.0126626 0.0143989 0.0162696 0.0182687 0.0203871 0.0226132 0.0249325 0.027328 0.02978 0.0322668 0.0347646 0.0372482 0.0396912 0.0420668 0.0443477 0.0465073 0.0485194 0.0503596 0.0520048 0.0534344 0.05463 0.0555764 0.0562614 0.0566759 0.0568147 0.0566759 0.0562614 0.0555764 0.05463 0.0534344 0.0520048 0.0503596 0.0485194 0.0465073 0.0443477 0.0420668 0.0396912 0.0372482 0.0347646 0.0322668 0.02978 0.027328 0.0249325 0.0226132 0.0203871 0.0182687 0.0162696 0.0143989 0.0126626 0.0110641 0.00960449 0.00828242 0.00709461 0.00603602 0.00510021 0.00427962 0.00356589 0.00295016 0.00242328 0.00197614 0.00159978 0.00128562 0.00102557 0.000812148 0.000638502 0.000498498 0.000386702 0.000298384 0.000229496 0.000176635 0.000137013 0.000108414 8.91563e-05 7.80649e-05 
9.54143e-05 0.000100014 0.000114102 0.000138548 0.000174822 0.000225024 0.000291919 0.000378982 0.000490439 0.000631313 0.000807457 0.00102557 0.00129322 0.00161878 0.00201143 0.002481 0.00303792 0.003693 0.0044572 0.00534144 0.00635626 0.0075115 0.00881595 0.010277 0.0119003 0.0136892 0.0156448 0.0177653 0.020046 0.0224788 0.0250525 0.0277525 0.030561 0.0334571 0.036417 0.0394143 0.0424205 0.0454055 0.048338 0.051186 0.0539174 0.0565006 0.0589053 0.0611024 0.0630653 0.0647696 0.0661943 0.0673215 0.068137 0.0686305 0.0687956 0.0686305 0.068137 0.0673215 0.0661943 0.0647696 0.0630653 0.0611024 0.0589053 0.0565006 0.0539174 0.051186 0.048338 0.0454055 0.0424205 0.0394143 0.036417 0.0334571 0.030561 0.0277525 0.0250525 0.0224788 0.020046 0.0177653 0.0156448 0.0136892 0.0119003 0.010277 0.00881595 0.0075115 0.00635626 0.00534144 0.0044572 0.003693 0.00303792 0.002481 0.00201143 0.00161878 0.00129322 0.00102557 0.000807457 0.000631313 0.000490439 0.000378982 0.000291919 0.000225024 0.000174822 0.000138548 0.000114102 0.000100014 
0.000121399 0.000127201 0.000144963 0.000175767 0.000221439 0.00028458 0.000368616 0.00047784 0.000617466 0.000793678 0.00101366 0.00128562 0.00161878 0.00202336 0.00251046 0.00309198 0.00378047 0.00458886 0.00553024 0.00661752 0.00786309 0.00927843 0.0108737 0.0126571 0.0146349 0.0168106 0.0191847 0.0217543 0.024513 0.0274506 0.0305529 0.0338018 0.0371756 0.0406488 0.0441929 0.0477763 0.0513651 0.0549235 0.0584145 0.0618006 0.0650442 0.0681085 0.0709581 0.0735594 0.0758814 0.0778963 0.0795795 0.0809106 0.0818732 0.0824556 0.0826505 0.0824556 0.0818732 0.0809106 0.0795795 0.0778963 0.0758814 0.0735594 0.0709581 0.0681085 0.0650442 0.0618006 0.0584145 0.0549235 0.0513651 0.0477763 0.0441929 0.0406488 0.0371756 0.0338018 0.0305529 0.0274506 0.024513 0.0217543 0.0191847 0.0168106 0.0146349 0.0126571 0.0108737 0.00927843 0.00786309 0.00661752 0.00553024 0.00458886 0.00378047 0.00309198 0.00251046 0.00202336 0.00161878 0.00128562 0.00101366 0.000793678 0.000617466 0.00047784 0.000368616 0.00028458 0.000221439 0.000175767 0.000144963 0.000127201 
0.00015333 0.000160594 0.000182824 0.000221355 0.000278435 0.000357267 0.000462059 0.000598076 0.000771703 0.00099049 0.00126319 0.00159978 0.00201143 0.00251046 0.00311024 0.00382504 0.00466982 0.00565993 0.00681084 0.00813769 0.00965492 0.0113757 0.0133117 0.015472 0.0178633 0.0204889 0.0233487 0.0264382 0.029749 0.033268 0.0369776 0.0408558 0.0448761 0.0490079 0.0532171 0.0574661 0.061715 0.0659218 0.0700432 0.0740354 0.0778549 0.0814592 0.0848073 0.0878608 0.0905842 0.0929456 0.0949172 0.0964755 0.097602 0.0982834 0.0985114 0.0982834 0.097602 0.0964755 0.0949172 0.0929456 0.0905842 0.0878608 0.0848073 0.0814592 0.0778549 0.0740354 0.0700432 0.0659218 0.061715 0.0574661 0.0532171 0.0490079 0.0448761 0.0408558 0.0369776 0.033268 0.029749 0.0264382 0.0233487 0.0204889 0.0178633 0.015472 0.0133117 0.0113757 0.00965492 0.00813769 0.00681084 0.00565993 0.00466982 0.00382504 0.00311024 0.00251046 0.00201143 0.00159978 0.00126319 0.00099049 0.000771703 0.000598076 0.000462059 0.000357267 0.000278435 0.000221355 0.000182824 0.000160594 
0.000192246 0.000201273 0.000228892 0.000276734 0.000347549 0.000445249 0.000574962 0.000743102 0.000957423 0.00122707 0.00156264 0.00197614 0.002481 0.00309198 0.00382504 0.00469713 0.00572594 0.00692957 0.00832609 0.00993312 0.0117673 0.0138437 0.0161752 0.018772 0.021641 0.0247852 0.0282031 0.0318888 0.0358309 0.0400132 0.044414 0.0490063 0.0537585 0.0586339 0.0635922 0.0685893 0.0735783 0.0785104 0.0833353 0.0880026 0.0924623 0.0966657 0.100566 0.10412 0.107286 0.11003 0.112319 0.114128 0.115435 0.116225 0.116489 0.116225 0.115435 0.114128 0.112319 0.11003 0.107286 0.10412 0.100566 0.0966657 0.0924623 0.0880026 0.0833353 0.0785104 0.0735783 0.0685893 0.0635922 0.0586339 0.0537585 0.0490063 0.044414 0.0400132 0.0358309 0.0318888 0.0282031 0.0247852 0.021641 0.018772 0.0161752 0.0138437 0.0117673 0.00993312 0.00832609 0.00692957 0.00572594 0.00469713 0.00382504 0.00309198 0.002481 0.00197614 0.00156264 0.00122707 0.000957423 0.000743102 0.000574962 0.000445249 0.000347549 0.000276734 0.000228892 0.000201273 
0.000239287 0.000250422 0.000284485 0.000343456 0.00043067 0.000550869 0.000710261 0.000916592 0.00117921 0.00150912 0.00191902 0.00242328 0.00303792 0.00378047 0.00466982 0.00572594 0.00696961 0.00842191 0.0101038 0.0120357 0.0142364 0.0167229 0.0195096 0.0226074 0.0260233 0.0297594 0.0338131 0.0381758 0.0428331 0.0477647 0.052944 0.0583388 0.0639111 0.0696177 0.0754111 0.08124 0.0870498 0.0927843 0.0983859 0.103797 0.10896 0.113821 0.118326 0.122426 0.126076 0.129237 0.131872 0.133952 0.135455 0.136364 0.136668 0.136364 0.135455 0.133952 0.131872 0.129237 0.126076 0.122426 0.118326 0.113821 0.10896 0.103797 0.0983859 0.0927843 0.0870498 0.08124 0.0754111 0.0696177 0.0639111 0.0583388 0.052944 0.0477647 0.0428331 0.0381758 0.0338131 0.0297594 0.0260233 0.0226074 0.0195096 0.0167229 0.0142364 0.0120357 0.0101038 0.00842191 0.00696961 0.00572594 0.00466982 0.00378047 0.00303792 0.00242328 0.00191902 0.00150912 0.00117921 0.000916592 0.000710261 0.000550869 0.00043067 0.000343456 0.000284485 0.000250422 
0.000295684 0.000309322 0.000351029 0.00042319 0.000529823 0.000676631 0.000871073 0.00112244 0.0014419 0.00184261 0.00233968 0.00295016 0.003693 0.00458886 0.00565993 0.00692957 0.00842191 0.0101614 0.0121721 0.0144772 0.017098 0.0200535 0.0233593 0.0270269 0.0310631 0.035469 0.0402398 0.0453642 0.0508238 0.0565937 0.0626416 0.0689291 0.0754112 0.0820373 0.088752 0.0954959 0.102206 0.108819 0.115269 0.121489 0.127417 0.13299 0.138149 0.14284 0.147012 0.150621 0.153628 0.156001 0.157714 0.15875 0.159096 0.15875 0.157714 0.156001 0.153628 0.150621 0.147012 0.14284 0.138149 0.13299 0.127417 0.121489 0.115269 0.108819 0.102206 0.0954959 0.088752 0.0820373 0.0754112 0.0689291 0.0626416 0.0565937 0.0508238 0.0453642 0.0402398 0.035469 0.0310631 0.0270269 0.0233593 0.0200535 0.017098 0.0144772 0.0121721 0.0101614 0.00842191 0.00692957 0.00565993 0.00458886 0.003693 0.00295016 0.00233968 0.00184261 0.0014419 0.00112244 0.000871073 0.000676631 0.000529823 0.00042319 0.000351029 0.000309322 
0.00036275 0.000379334 0.000430031 0.000517698 0.000647137 0.000825159 0.00106065 0.00136468 0.00175051 0.00223372 0.00283214 0.00356589 0.0044572 0.00553024 0.00681084 0.00832609 0.0101038 0.0121721 0.0145583 0.0172886 0.0203868 0.0238738 0.0277663 0.0320762 0.0368097 0.0419664 0.0475388 0.0535121 0.0598633 0.0665619 0.0735695 0.0808402 0.0883213 0.0959541 0.103675 0.111415 0.119103 0.126666 0.134031 0.141123 0.147872 0.154208 0.160067 0.165388 0.170115 0.174201 0.177603 0.180286 0.182223 0.183393 0.183784 0.183393 0.182223 0.180286 0.177603 0.174201 0.170115 0.165388 0.160067 0.154208 0.147872 0.141123 0.134031 0.126666 0.119103 0.111415 0.103675 0.0959541 0.0883213 0.0808402 0.0735695 0.0665619 0.0598633 0.0535121 0.0475388 0.0419664 0.0368097 0.0320762 0.0277663 0.0238738 0.0203868 0.0172886 0.0145583 0.0121721 0.0101038 0.00832609 0.00681084 0.00553024 0.0044572 0.00356589 0.00283214 0.00223372 0.00175051 0.00136468 0.00106065 0.000825159 0.000647137 0.000517698 0.000430031 0.000379334 
0.000441856 0.000461876 0.000523064 0.000628811 0.000784815 0.00099915 0.00128234 0.00164744 0.00211011 0.00268865 0.00340399 0.00427962 0.00534144 0.00661752 0.00813769 0.00993312 0.0120357 0.0144772 0.0172886 0.0204991 0.0241351 0.0282191 0.032769 0.0377965 0.0433068 0.0492973 0.0557575 0.0626681 0.0700008 0.0777186 0.0857758 0.0941186 0.102686 0.11141 0.120216 0.129029 0.137767 0.146348 0.154689 0.162709 0.170329 0.177474 0.184071 0.190056 0.195368 0.199955 0.203771 0.206778 0.208948 0.210258 0.210697 0.210258 0.208948 0.206778 0.203771 0.199955 0.195368 0.190056 0.184071 0.177474 0.170329 0.162709 0.154689 0.146348 0.137767 0.129029 0.120216 0.11141 0.102686 0.0941186 0.0857758 0.0777186 0.0700008 0.0626681 0.0557575 0.0492973 0.0433068 0.0377965 0.032769 0.0282191 0.0241351 0.0204991 0.0172886 0.0144772 0.0120357 0.00993312 0.00813769 0.00661752 0.00534144 0.00427962 0.00340399 0.00268865 0.00211011 0.00164744 0.00128234 0.00099915 0.000784815 0.000628811 0.000523064 0.000461876 
0.000534404 0.000558404 0.000631732 0.000758387 0.000945084 0.00120132 0.00153947 0.00197483 0.00252574 0.00321355 0.00406262 0.00510021 0.00635626 0.00786309 0.00965492 0.0117673 0.0142364 0.017098 0.0203868 0.0241351 0.0283716 0.0331207 0.0384005 0.0442226 0.0505905 0.0574989 0.0649332 0.0728689 0.0812717 0.0900972 0.0992914 0.108792 0.118528 0.128421 0.138389 0.148345 0.158197 0.167854 0.177226 0.186222 0.194756 0.202745 0.210113 0.216789 0.222707 0.227813 0.232057 0.2354 0.237811 0.239266 0.239753 0.239266 0.237811 0.2354 0.232057 0.227813 0.222707 0.216789 0.210113 0.202745 0.194756 0.186222 0.177226 0.167854 0.158197 0.148345 0.138389 0.128421 0.118528 0.108792 0.0992914 0.0900972 0.0812717 0.0728689 0.0649332 0.0574989 0.0505905 0.0442226 0.0384005 0.0331207 0.0283716 0.0241351 0.0203868 0.017098 0.0142364 0.0117673 0.00965492 0.00786309 0.00635626 0.00510021 0.00406262 0.00321355 0.00252574 0.00197483 0.00153947 0.00120132 0.000945084 0.000758387 0.000631732 0.000558404 
0.0006418 0.000670369 0.000757632 0.000908271 0.00113014 0.00143434 0.00183529 0.00235083 0.00300224 0.00381427 0.00481506 0.00603602 0.0075115 0.00927843 0.0113757 0.0138437 0.0167229 0.0200535 0.0238738 0.0282191 0.0331207 0.0386039 0.0446873 0.0513815 0.0586877 0.0665972 0.0750906 0.0841374 0.0936959 0.103714 0.114127 0.124865 0.135845 0.146981 0.158177 0.169336 0.180358 0.191142 0.201588 0.211598 0.221078 0.22994 0.238101 0.245486 0.252026 0.257662 0.262343 0.266028 0.268683 0.270286 0.270822 0.270286 0.268683 0.266028 0.262343 0.257662 0.252026 0.245486 0.238101 0.22994 0.221078 0.211598 0.201588 0.191142 0.180358 0.169336 0.158177 0.146981 0.135845 0.124865 0.114127 0.103714 0.0936959 0.0841374 0.0750906 0.0665972 0.0586877 0.0513815 0.0446873 0.0386039 0.0331207 0.0282191 0.0238738 0.0200535 0.0167229 0.0138437 0.0113757 0.00927843 0.0075115 0.00603602 0.00481506 0.00381427 0.00300224 0.00235083 0.00183529 0.00143434 0.00113014 0.000908271 0.000757632 0.000670369 
0.000765411 0.000799184 0.000902313 0.00108024 0.00134208 0.00170073 0.00217288 0.00277916 0.00354411 0.00449621 0.00566774 0.00709461 0.00881595 0.0108737 0.0133117 0.0161752 0.0195096 0.0233593 0.0277663 0.032769 0.0384005 0.0446873 0.0516477 0.0592907 0.0676145 0.0766062 0.0862405 0.0964801 0.107275 0.118564 0.130273 0.142319 0.154612 0.167051 0.179531 0.191945 0.204181 0.21613 0.227683 0.238733 0.249182 0.258933 0.267899 0.276002 0.28317 0.28934 0.294461 0.298488 0.301389 0.303139 0.303724 0.303139 0.301389 0.298488 0.294461 0.28934 0.28317 0.276002 0.267899 0.258933 0.249182 0.238733 0.227683 0.21613 0.204181 0.191945 0.179531 0.167051 0.154612 0.142319 0.130273 0.118564 0.107275 0.0964801 0.0862405 0.0766062 0.0676145 0.0592907 0.0516477 0.0446873 0.0384005 0.032769 0.0277663 0.0233593 0.0195096 0.0161752 0.0133117 0.0108737 0.00881595 0.00709461 0.00566774 0.00449621 0.00354411 0.00277916 0.00217288 0.00170073 0.00134208 0.00108024 0.000902313 0.000799184 
0.000906526 0.000946178 0.00106722 0.00127594 0.00158286 0.00200281 0.00255503 0.00326316 0.00415534 0.0052641 0.00662621 0.00828242 0.010277 0.0126571 0.015472 0.018772 0.0226074 0.0270269 0.0320762 0.0377965 0.0442226 0.0513815 0.0592907 0.0679568 0.0773744 0.0875253 0.0983777 0.109886 0.121991 0.134621 0.147693 0.161111 0.174772 0.188566 0.202375 0.216081 0.229564 0.242703 0.255381 0.267486 0.278911 0.289556 0.29933 0.308149 0.315941 0.322642 0.328197 0.332563 0.335706 0.337602 0.338235 0.337602 0.335706 0.332563 0.328197 0.322642 0.315941 0.308149 0.29933 0.289556 0.278911 0.267486 0.255381 0.242703 0.229564 0.216081 0.202375 0.188566 0.174772 0.161111 0.147693 0.134621 0.121991 0.109886 0.0983777 0.0875253 0.0773744 0.0679568 0.0592907 0.0513815 0.0442226 0.0377965 0.0320762 0.0270269 0.0226074 0.018772 0.015472 0.0126571 0.010277 0.00828242 0.00662621 0.0052641 0.00415534 0.00326316 0.00255503 0.00200281 0.00158286 0.00127594 0.00106722 0.000946178 
0.00106631 0.00111254 0.00125366 0.00149684 0.00185416 0.0023426 0.0029841 0.00380565 0.00483925 0.0061218 0.0076949 0.00960449 0.0119003 0.0146349 0.0178633 0.021641 0.0260233 0.0310631 0.0368097 0.0433068 0.0505905 0.0586877 0.0676145 0.0773744 0.0879575 0.0993391 0.11148 0.124325 0.137806 0.151839 0.166329 0.181169 0.196243 0.211429 0.226598 0.241621 0.256367 0.270706 0.284516 0.297675 0.310072 0.321603 0.332173 0.341698 0.350102 0.35732 0.363299 0.367994 0.371372 0.373408 0.374088 0.373408 0.371372 0.367994 0.363299 0.35732 0.350102 0.341698 0.332173 0.321603 0.310072 0.297675 0.284516 0.270706 0.256367 0.241621 0.226598 0.211429 0.196243 0.181169 0.166329 0.151839 0.137806 0.124325 0.11148 0.0993391 0.0879575 0.0773744 0.0676145 0.0586877 0.0505905 0.0433068 0.0368097 0.0310631 0.0260233 0.021641 0.0178633 0.0146349 0.0119003 0.00960449 0.0076949 0.0061218 0.00483925 0.00380565 0.0029841 0.0023426 0.00185416 0.00149684 0.00125366 0.00111254 
0.00124573 0.00129929 0.0014627 0.00174415 0.00215738 0.00272167 0.00346194 0.00440876 0.00559827 0.00707207 0.00887688 0.0110641 0.0136892 0.0168106 0.0204889 0.0247852 0.0297594 0.035469 0.0419664 0.0492973 0.0574989 0.0665972 0.0766062 0.0875253 0.0993391 0.112016 0.125507 0.139748 0.154659 0.170145 0.186097 0.202397 0.218915 0.235516 0.252061 0.268409 0.28442 0.299957 0.314887 0.329086 0.342437 0.354833 0.366177 0.376384 0.385376 0.393091 0.399475 0.404484 0.408086 0.410256 0.410981 0.410256 0.408086 0.404484 0.399475 0.393091 0.385376 0.376384 0.366177 0.354833 0.342437 0.329086 0.314887 0.299957 0.28442 0.268409 0.252061 0.235516 0.218915 0.202397 0.186097 0.170145 0.154659 0.139748 0.125507 0.112016 0.0993391 0.0875253 0.0766062 0.0665972 0.0574989 0.0492973 0.0419664 0.035469 0.0297594 0.0247852 0.0204889 0.0168106 0.0136892 0.0110641 0.00887688 0.00707207 0.00559827 0.00440876 0.00346194 0.00272167 0.00215738 0.00174415 0.0014627 0.00129929 
0.00144556 0.00150719 0.00169516 0.00201875 0.00249348 0.00314112 0.00398978 0.00507382 0.00643383 0.00811636 0.0101736 0.0126626 0.0156448 0.0191847 0.0233487 0.0282031 0.0338131 0.0402398 0.0475388 0.0557575 0.0649332 0.0750906 0.0862405 0.0983777 0.11148 0.125507 0.140401 0.156087 0.172471 0.189446 0.206891 0.224673 0.24265 0.260675 0.278596 0.296263 0.313525 0.330239 0.346265 0.361475 0.375748 0.388975 0.401059 0.411913 0.421463 0.429645 0.436409 0.441711 0.445521 0.447815 0.448581 0.447815 0.445521 0.441711 0.436409 0.429645 0.421463 0.411913 0.401059 0.388975 0.375748 0.361475 0.346265 0.330239 0.313525 0.296263 0.278596 0.260675 0.24265 0.224673 0.206891 0.189446 0.172471 0.156087 0.140401 0.125507 0.11148 0.0983777 0.0862405 0.0750906 0.0649332 0.0557575 0.0475388 0.0402398 0.0338131 0.0282031 0.0233487 0.0191847 0.0156448 0.0126626 0.0101736 0.00811636 0.00643383 0.00507382 0.00398978 0.00314112 0.00249348 0.00201875 0.00169516 0.00150719 
0.00166625 0.0017367 0.00195151 0.00232113 0.00286296 0.00360145 0.00456805 0.0058012 0.00734614 0.00925465 0.0115845 0.0143989 0.0177653 0.0217543 0.0264382 0.0318888 0.0381758 0.0453642 0.0535121 0.0626681 0.0728689 0.0841374 0.0964801 0.109886 0.124325 0.139748 0.156087 0.173252 0.19114 0.209629 0.228582 0.247854 0.267291 0.286731 0.306012 0.324974 0.343458 0.361313 0.378396 0.394573 0.409722 0.423734 0.436512 0.44797 0.458036 0.466649 0.473761 0.479331 0.48333 0.485737 0.486541 0.485737 0.48333 0.479331 0.473761 0.466649 0.458036 0.44797 0.436512 0.423734 0.409722 0.394573 0.378396 0.361313 0.343458 0.324974 0.306012 0.286731 0.267291 0.247854 0.228582 0.209629 0.19114 0.173252 0.156087 0.139748 0.124325 0.109886 0.0964801 0.0841374 0.0728689 0.0626681 0.0535121 0.0453642 0.0381758 0.0318888 0.0264382 0.0217543 0.0177653 0.0143989 0.0115845 0.00925465 0.00734614 0.0058012 0.00456805 0.00360145 0.00286296 0.00232113 0.00195151 0.0017367 
0.00190793 0.00198794 0.00223186 0.00265132 0.00326577 0.00410245 0.00519636 0.0065902 0.00833409 0.0104852 0.0131073 0.0162696 0.020046 0.024513 0.029749 0.0358309 0.0428331 0.0508238 0.0598633 0.0700008 0.0812717 0.0936959 0.107275 0.121991 0.137806 0.154659 0.172471 0.19114 0.210548 0.230558 0.251021 0.271776 0.292655 0.313487 0.334097 0.354315 0.373976 0.392923 0.411008 0.428096 0.444064 0.458803 0.472218 0.484226 0.49476 0.50376 0.511183 0.516991 0.521157 0.523665 0.524502 0.523665 0.521157 0.516991 0.511183 0.50376 0.49476 0.484226 0.472218 0.458803 0.444064 0.428096 0.411008 0.392923 0.373976 0.354315 0.334097 0.313487 0.292655 0.271776 0.251021 0.230558 0.210548 0.19114 0.172471 0.154659 0.137806 0.121991 0.107275 0.0936959 0.0812717 0.0700008 0.0598633 0.0508238 0.0428331 0.0358309 0.029749 0.024513 0.020046 0.0162696 0.0131073 0.0104852 0.00833409 0.0065902 0.00519636 0.00410245 0.00326577 0.00265132 0.00223186 0.00198794 
0.00217037 0.00226066 0.00253584 0.00300884 0.00370122 0.00464315 0.00587335 0.00743892 0.00939508 0.0118047 0.0147373 0.0182687 0.0224788 0.0274506 0.033268 0.0400132 0.0477647 0.0565937 0.0665619 0.0777186 0.0900972 0.103714 0.118564 0.134621 0.151839 0.170145 0.189446 0.209629 0.230558 0.252083 0.274041 0.296256 0.318547 0.34073 0.362623 0.384044 0.404823 0.424798 0.443819 0.461749 0.478466 0.493865 0.507852 0.520351 0.531295 0.540634 0.548325 0.554337 0.558647 0.56124 0.562105 0.56124 0.558647 0.554337 0.548325 0.540634 0.531295 0.520351 0.507852 0.493865 0.478466 0.461749 0.443819 0.424798 0.404823 0.384044 0.362623 0.34073 0.318547 0.296256 0.274041 0.252083 0.230558 0.209629 0.189446 0.170145 0.151839 0.134621 0.118564 0.103714 0.0900972 0.0777186 0.0665619 0.0565937 0.0477647 0.0400132 0.033268 0.0274506 0.0224788 0.0182687 0.0147373 0.0118047 0.00939508 0.00743892 0.00587335 0.00464315 0.00370122 0.00300884 0.00253584 0.00226066 
0.00245287 0.00255412 0.00286263 0.00339266 0.00416797 0.00522177 0.00659663 0.00834423 0.010525 0.0132075 0.0164675 0.0203871 0.0250525 0.0305529 0.0369776 0.044414 0.052944 0.0626416 0.0735695 0.0857758 0.0992914 0.114127 0.130273 0.147693 0.166329 0.186097 0.206891 0.228582 0.251021 0.274041 0.297464 0.321101 0.344758 0.368239 0.391352 0.41391 0.435735 0.456663 0.476541 0.495235 0.512625 0.528607 0.543094 0.556015 0.56731 0.576933 0.584847 0.591028 0.595455 0.598116 0.599004 0.598116 0.595455 0.591028 0.584847 0.576933 0.56731 0.556015 0.543094 0.528607 0.512625 0.495235 0.476541 0.456663 0.435735 0.41391 0.391352 0.368239 0.344758 0.321101 0.297464 0.274041 0.251021 0.228582 0.206891 0.186097 0.166329 0.147693 0.130273 0.114127 0.0992914 0.0857758 0.0735695 0.0626416 0.052944 0.044414 0.0369776 0.0305529 0.0250525 0.0203871 0.0164675 0.0132075 0.010525 0.00834423 0.00659663 0.00522177 0.00416797 0.00339266 0.00286263 0.00255412 
0.00275432 0.00286716 0.00321088 0.00380113 0.00466393 0.00583565 0.00736277 0.00930168 0.0117181 0.0146865 0.0182887 0.0226132 0.0277525 0.0338018 0.0408558 0.0490063 0.0583388 0.0689291 0.0808402 0.0941186 0.108792 0.124865 0.142319 0.161111 0.181169 0.202397 0.224673 0.247854 0.271776 0.296256 0.321101 0.346108 0.371071 0.395784 0.420045 0.44366 0.466449 0.488244 0.508893 0.528264 0.54624 0.562724 0.577635 0.590906 0.602486 0.612337 0.620428 0.626739 0.631255 0.633969 0.634873 0.633969 0.631255 0.626739 0.620428 0.612337 0.602486 0.590906 0.577635 0.562724 0.54624 0.528264 0.508893 0.488244 0.466449 0.44366 0.420045 0.395784 0.371071 0.346108 0.321101 0.296256 0.271776 0.247854 0.224673 0.202397 0.181169 0.161111 0.142319 0.124865 0.108792 0.0941186 0.0808402 0.0689291 0.0583388 0.0490063 0.0408558 0.0338018 0.0277525 0.0226132 0.0182887 0.0146865 0.0117181 0.00930168 0.00736277 0.00583565 0.00466393 0.00380113 0.00321088 0.00286716 
0.00307311 0.00319809 0.00357869 0.00423198 0.00518631 0.00648122 0.00816724 0.0103055 0.0129671 0.0162323 0.0201892 0.0249325 0.030561 0.0371756 0.0448761 0.0537585 0.0639111 0.0754112 0.0883213 0.102686 0.118528 0.135845 0.154612 0.174772 0.196243 0.218915 0.24265 0.267291 0.292655 0.318547 0.344758 0.371071 0.397269 0.423135 0.44846 0.473045 0.496706 0.519275 0.540603 0.560558 0.579032 0.595932 0.611184 0.624732 0.636532 0.646552 0.65477 0.661173 0.665751 0.6685 0.669416 0.6685 0.665751 0.661173 0.65477 0.646552 0.636532 0.624732 0.611184 0.595932 0.579032 0.560558 0.540603 0.519275 0.496706 0.473045 0.44846 0.423135 0.397269 0.371071 0.344758 0.318547 0.292655 0.267291 0.24265 0.218915 0.196243 0.174772 0.154612 0.135845 0.118528 0.102686 0.0883213 0.0754112 0.0639111 0.0537585 0.0448761 0.0371756 0.030561 0.0249325 0.0201892 0.0162323 0.0129671 0.0103055 0.00816724 0.00648122 0.00518631 0.00423198 0.00357869 0.00319809 
0.00340716 0.00354474 0.00396363 0.00468233 0.00573154 0.00715404 0.00900441 0.0113485 0.014263 0.0178337 0.0221552 0.027328 0.0334571 0.0406488 0.0490079 0.0586339 0.0696177 0.0820373 0.0959541 0.11141 0.128421 0.146981 0.167051 0.188566 0.211429 0.235516 0.260675 0.286731 0.313487 0.34073 0.368239 0.395784 0.423135 0.450067 0.476365 0.501825 0.526261 0.549506 0.571414 0.59186 0.610739 0.627967 0.643481 0.657231 0.669183 0.679315 0.687612 0.694069 0.698681 0.701449 0.702371 0.701449 0.698681 0.694069 0.687612 0.679315 0.669183 0.657231 0.643481 0.627967 0.610739 0.59186 0.571414 0.549506 0.526261 0.501825 0.476365 0.450067 0.423135 0.395784 0.368239 0.34073 0.313487 0.286731 0.260675 0.235516 0.211429 0.188566 0.167051 0.146981 0.128421 0.11141 0.0959541 0.0820373 0.0696177 0.0586339 0.0490079 0.0406488 0.0334571 0.027328 0.0221552 0.0178337 0.014263 0.0113485 0.00900441 0.00715404 0.00573154 0.00468233 0.00396363 0.00354474 
0.00375389 0.00390443 0.00436272 0.00514867 0.00629535 0.00784879 0.00986763 0.0124225 0.0155953 0.0194779 0.0241706 0.02978 0.036417 0.0441929 0.0532171 0.0635922 0.0754111 0.088752 0.103675 0.120216 0.138389 0.158177 0.179531 0.202375 0.226598 0.252061 0.278596 0.306012 0.334097 0.362623 0.391352 0.420045 0.44846 0.476365 0.503538 0.529773 0.554884 0.578705 0.601095 0.621935 0.641127 0.658598 0.674293 0.688172 0.700212 0.7104 0.718731 0.725205 0.729825 0.732595 0.733518 0.732595 0.729825 0.725205 0.718731 0.7104 0.700212 0.688172 0.674293 0.658598 0.641127 0.621935 0.601095 0.578705 0.554884 0.529773 0.503538 0.476365 0.44846 0.420045 0.391352 0.362623 0.334097 0.306012 0.278596 0.252061 0.226598 0.202375 0.179531 0.158177 0.138389 0.120216 0.103675 0.088752 0.0754111 0.0635922 0.0532171 0.0441929 0.036417 0.02978 0.0241706 0.0194779 0.0155953 0.0124225 0.00986763 0.00784879 0.00629535 0.00514867 0.00436272 0.00390443 
0.00411027 0.00427404 0.00477246 0.0056269 0.00687277 0.00855935 0.0107493 0.0135179 0.0169524 0.0211502 0.0262175 0.0322668 0.0394143 0.0477763 0.0574661 0.0685893 0.08124 0.0954959 0.111415 0.129029 0.148345 0.169336 0.191945 0.216081 0.241621 0.268409 0.296263 0.324974 0.354315 0.384044 0.41391 0.44366 0.473045 0.501825 0.529773 0.556682 0.582367 0.606665 0.629439 0.650579 0.669997 0.687627 0.703426 0.717366 0.729433 0.739624 0.747944 0.754401 0.759004 0.761762 0.762681 0.761762 0.759004 0.754401 0.747944 0.739624 0.729433 0.717366 0.703426 0.687627 0.669997 0.650579 0.629439 0.606665 0.582367 0.556682 0.529773 0.501825 0.473045 0.44366 0.41391 0.384044 0.354315 0.324974 0.296263 0.268409 0.241621 0.216081 0.191945 0.169336 0.148345 0.129029 0.111415 0.0954959 0.08124 0.0685893 0.0574661 0.0477763 0.0394143 0.0322668 0.0262175 0.0211502 0.0169524 0.0135179 0.0107493 0.00855935 0.00687277 0.0056269 0.00477246 0.00427404 
0.00447285 0.00464995 0.00518888 0.00611238 0.00745823 0.00927884 0.0116408 0.0146241 0.018321 0.0228345 0.0282764 0.0347646 0.0424205 0.0513651 0.061715 0.0735783 0.0870498 0.102206 0.119103 0.137767 0.158197 0.180358 0.204181 0.229564 0.256367 0.28442 0.313525 0.343458 0.373976 0.404823 0.435735 0.466449 0.496706 0.526261 0.554884 0.582367 0.608526 0.633203 0.656269 0.67762 0.697179 0.714891 0.730723 0.74466 0.756698 0.766845 0.775115 0.781523 0.786088 0.78882 0.78973 0.78882 0.786088 0.781523 0.775115 0.766845 0.756698 0.74466 0.730723 0.714891 0.697179 0.67762 0.656269 0.633203 0.608526 0.582367 0.554884 0.526261 0.496706 0.466449 0.435735 0.404823 0.373976 0.343458 0.313525 0.28442 0.256367 0.229564 0.204181 0.180358 0.158197 0.137767 0.119103 0.102206 0.0870498 0.0735783 0.061715 0.0513651 0.0424205 0.0347646 0.0282764 0.0228345 0.018321 0.0146241 0.0116408 0.00927884 0.00745823 0.00611238 0.00518888 0.00464995 
0.00483778 0.00502821 0.00560758 0.00660002 0.00804558 0.00999977 0.012533 0.0157298 0.0196873 0.0245137 0.0303263 0.0372482 0.0454055 0.0549235 0.0659218 0.0785104 0.0927843 0.108819 0.126666 0.146348 0.167854 0.191142 0.21613 0.242703 0.270706 0.299957 0.330239 0.361313 0.392923 0.424798 0.456663 0.488244 0.519275 0.549506 0.578705 0.606665 0.633203 0.658169 0.681439 0.702919 0.722542 0.740266 0.756067 0.769943 0.781903 0.791963 0.800148 0.806482 0.810988 0.813684 0.814581 0.813684 0.810988 0.806482 0.800148 0.791963 0.781903 0.769943 0.756067 0.740266 0.722542 0.702919 0.681439 0.658169 0.633203 0.606665 0.578705 0.549506 0.519275 0.488244 0.456663 0.424798 0.392923 0.361313 0.330239 0.299957 0.270706 0.242703 0.21613 0.191142 0.167854 0.146348 0.126666 0.108819 0.0927843 0.0785104 0.0659218 0.0549235 0.0454055 0.0372482 0.0303263 0.0245137 0.0196873 0.0157298 0.012533 0.00999977 0.00804558 0.00660002 0.00560758 0.00502821 
0.00520092 0.00540451 0.00602382 0.00708433 0.00862825 0.0107141 0.013416 0.0168227 0.0210362 0.0261696 0.0323453 0.0396912 0.048338 0.0584145 0.0700432 0.0833353 0.0983859 0.115269 0.134031 0.154689 0.177226 0.201588 0.227683 0.255381 0.284516 0.314887 0.346265 0.378396 0.411008 0.443819 0.476541 0.508893 0.540603 0.571414 0.601095 0.629439 0.656269 0.681439 0.704834 0.726369 0.745989 0.763661 0.779377 0.793145 0.804983 0.814922 0.822993 0.82923 0.833662 0.836311 0.837192 0.836311 0.833662 0.82923 0.822993 0.814922 0.804983 0.793145 0.779377 0.763661 0.745989 0.726369 0.704834 0.681439 0.656269 0.629439 0.601095 0.571414 0.540603 0.508893 0.476541 0.443819 0.411008 0.378396 0.346265 0.314887 0.284516 0.255381 0.227683 0.201588 0.177226 0.154689 0.134031 0.115269 0.0983859 0.0833353 0.0700432 0.0584145 0.048338 0.0396912 0.0323453 0.0261696 0.0210362 0.0168227 0.013416 0.0107141 0.00862825 0.00708433 0.00602382 0.00540451 
