7.90759e-09 8.97976e-09 1.24304e-08 1.89998e-08 3.00503e-08 4.77723e-08 7.5496e-08 1.18133e-07 1.82781e-07 2.79514e-07 4.22416e-07 6.30869e-07 9.31148e-07 1.35832e-06 1.95849e-06 2.7913e-06 3.93271e-06 5.47785e-06 7.54393e-06 1.02729e-05 1.38334e-05 1.84224e-05 2.4265e-05 3.16135e-05 4.07435e-05 5.19489e-05 6.55336e-05 8.18012e-05 0.000101042 0.000123516 0.000149441 0.000178968 0.000212168 0.000249013 0.000289364 0.000332958 0.000379401 0.00042817 0.000478617 0.000529981 0.000581405 0.000631961 0.000680677 0.000726564 0.000768657 0.000806037 0.000837869 0.000863428 0.000882125 0.000893521 0.00089735 0.000893521 0.000882125 0.000863428 0.000837869 0.000806037 0.000768657 0.000726564 0.000680677 0.000631961 0.000581405 0.000529981 0.000478617 0.00042817 0.000379401 0.000332958 0.000289364 0.000249013 0.000212168 0.000178968 0.000149441 0.000123516 0.000101042 8.18012e-05 6.55336e-05 5.19489e-05 4.07435e-05 3.16135e-05 2.4265e-05 1.84224e-05 1.38334e-05 1.02729e-05 7.54393e-06 5.47785e-06 3.93271e-06 2.7913e-06 1.95849e-06 1.35832e-06 9.31148e-07 6.30869e-07 4.22416e-07 2.79514e-07 1.82781e-07 1.18133e-07 7.5496e-08 4.77723e-08 3.00503e-08 1.89998e-08 1.24304e-08 8.97976e-09 
8.97976e-09 1.01927e-08 1.40952e-08 2.15201e-08 3.4e-08 5.3996e-08 8.52462e-08 1.33258e-07 2.05977e-07 3.14672e-07 4.7507e-07 7.08791e-07 1.0451e-06 1.52299e-06 2.19367e-06 3.12327e-06 4.3959e-06 6.11674e-06 8.41516e-06 1.14475e-05 1.53995e-05 2.04874e-05 2.69581e-05 3.50875e-05 4.5177e-05 5.75467e-05 7.25275e-05 9.04485e-05 0.000111624 0.000136334 0.000164812 0.000197216 0.000233621 0.000273989 0.000318163 0.00036585 0.000416618 0.000469893 0.000524966 0.000581007 0.000637083 0.000692185 0.000745257 0.000795228 0.00084105 0.000881729 0.000916362 0.000944164 0.000964498 0.000976892 0.000981055 0.000976892 0.000964498 0.000944164 0.000916362 0.000881729 0.00084105 0.000795228 0.000745257 0.000692185 0.000637083 0.000581007 0.000524966 0.000469893 0.000416618 0.00036585 0.000318163 0.000273989 0.000233621 0.000197216 0.000164812 0.000136334 0.000111624 9.04485e-05 7.25275e-05 5.75467e-05 4.5177e-05 3.50875e-05 2.69581e-05 2.04874e-05 1.53995e-05 1.14475e-05 8.41516e-06 6.11674e-06 4.3959e-06 3.12327e-06 2.19367e-06 1.52299e-06 1.0451e-06 7.08791e-07 4.7507e-07 3.14672e-07 2.05977e-07 1.33258e-07 8.52462e-08 5.3996e-08 3.4e-08 2.15201e-08 1.40952e-08 1.01927e-08 
1.24304e-08 1.40952e-08 1.94472e-08 2.96163e-08 4.66777e-08 7.39576e-08 1.16495e-07 1.81696e-07 2.80211e-07 4.27103e-07 6.43331e-07 9.57607e-07 1.40867e-06 2.048e-06 2.94291e-06 4.18008e-06 5.86932e-06 8.14748e-06 1.11822e-05 1.51755e-05 2.03661e-05 2.70311e-05 3.54853e-05 4.60793e-05 5.91938e-05 7.52319e-05 9.4607e-05 0.000117729 0.000144984 0.000176716 0.000213203 0.000254632 0.000301077 0.000352475 0.00040861 0.000469099 0.000533384 0.000600733 0.000670247 0.000740882 0.000811467 0.000880741 0.000947389 0.00101008 0.00106752 0.00111847 0.00116182 0.0011966 0.00122203 0.00123753 0.00124273 0.00123753 0.00122203 0.0011966 0.00116182 0.00111847 0.00106752 0.00101008 0.000947389 0.000880741 0.000811467 0.000740882 0.000670247 0.000600733 0.000533384 0.000469099 0.00040861 0.000352475 0.000301077 0.000254632 0.000213203 0.000176716 0.000144984 0.000117729 9.4607e-05 7.52319e-05 5.91938e-05 4.60793e-05 3.54853e-05 2.70311e-05 2.03661e-05 1.51755e-05 1.11822e-05 8.14748e-06 5.86932e-06 4.18008e-06 2.94291e-06 2.048e-06 1.40867e-06 9.57607e-07 6.43331e-07 4.27103e-07 2.80211e-07 1.81696e-07 1.16495e-07 7.39576e-08 4.66777e-08 2.96163e-08 1.94472e-08 1.40952e-08 
1.89998e-08 2.15201e-08 2.96163e-08 4.49761e-08 7.06944e-08 1.1172e-07 1.75531e-07 2.7308e-07 4.20075e-07 6.38647e-07 9.59482e-07 1.42447e-06 2.08992e-06 3.03035e-06 4.34284e-06 6.15187e-06 8.61449e-06 1.19256e-05 1.63229e-05 2.20915e-05 2.95666e-05 3.91356e-05 5.12367e-05 6.63545e-05 8.5013e-05 0.000107763 0.000135166 0.000167774 0.000206103 0.000250605 0.000301638 0.000359433 0.000424062 0.00049541 0.000573154 0.000656742 0.000745387 0.000838073 0.00093356 0.00103042 0.00112705 0.00122175 0.00131273 0.00139821 0.00147643 0.00154577 0.00160471 0.00165198 0.00168652 0.00170755 0.00171462 0.00170755 0.00168652 0.00165198 0.00160471 0.00154577 0.00147643 0.00139821 0.00131273 0.00122175 0.00112705 0.00103042 0.00093356 0.000838073 0.000745387 0.000656742 0.000573154 0.00049541 0.000424062 0.000359433 0.000301638 0.000250605 0.000206103 0.000167774 0.000135166 0.000107763 8.5013e-05 6.63545e-05 5.12367e-05 3.91356e-05 2.95666e-05 2.20915e-05 1.63229e-05 1.19256e-05 8.61449e-06 6.15187e-06 4.34284e-06 3.03035e-06 2.08992e-06 1.42447e-06 9.59482e-07 6.38647e-07 4.20075e-07 2.7308e-07 1.75531e-07 1.1172e-07 7.06944e-08 4.49761e-08 2.96163e-08 2.15201e-08 
3.00503e-08 3.4e-08 4.66777e-08 7.06944e-08 1.1083e-07 1.74711e-07 2.73828e-07 4.24966e-07 6.52116e-07 9.8897e-07 1.48208e-06 2.19477e-06 3.21184e-06 4.6451e-06 6.63962e-06 9.3807e-06 1.31011e-05 1.80885e-05 2.46923e-05 3.33292e-05 4.44876e-05 5.87285e-05 7.66832e-05 9.90466e-05 0.000126565 0.000160019 0.000200198 0.00024787 0.000303747 0.000368444 0.000442436 0.000526011 0.000619232 0.000721893 0.000833492 0.000953211 0.0010799 0.0012121 0.00134803 0.00148566 0.00162275 0.00175689 0.00188559 0.00200635 0.00211675 0.0022145 0.00229754 0.00236408 0.00241268 0.00244228 0.00245222 0.00244228 0.00241268 0.00236408 0.00229754 0.0022145 0.00211675 0.00200635 0.00188559 0.00175689 0.00162275 0.00148566 0.00134803 0.0012121 0.0010799 0.000953211 0.000833492 0.000721893 0.000619232 0.000526011 0.000442436 0.000368444 0.000303747 0.00024787 0.000200198 0.000160019 0.000126565 9.90466e-05 7.66832e-05 5.87285e-05 4.44876e-05 3.33292e-05 2.46923e-05 1.80885e-05 1.31011e-05 9.3807e-06 6.63962e-06 4.6451e-06 3.21184e-06 2.19477e-06 1.48208e-06 9.8897e-07 6.52116e-07 4.24966e-07 2.73828e-07 1.74711e-07 1.1083e-07 7.06944e-08 4.66777e-08 3.4e-08 
4.77723e-08 5.3996e-08 7.39576e-08 1.1172e-07 1.74711e-07 2.74753e-07 4.29617e-07 6.65184e-07 1.01833e-06 1.5407e-06 2.30337e-06 3.40272e-06 4.96735e-06 7.16619e-06 1.02176e-05 1.43994e-05 2.00592e-05 2.76247e-05 3.7613e-05 5.06387e-05 6.74178e-05 8.87695e-05 0.000115611 0.000148945 0.000189844 0.000239421 0.000298794 0.000369041 0.000451152 0.000545965 0.000654112 0.000775952 0.000911512 0.00106044 0.00122196 0.00139485 0.00157741 0.00176753 0.00196265 0.00215987 0.00235598 0.00254758 0.00273116 0.0029032 0.00306031 0.00319929 0.00331726 0.00341173 0.0034807 0.00352268 0.00353678 0.00352268 0.0034807 0.00341173 0.00331726 0.00319929 0.00306031 0.0029032 0.00273116 0.00254758 0.00235598 0.00215987 0.00196265 0.00176753 0.00157741 0.00139485 0.00122196 0.00106044 0.000911512 0.000775952 0.000654112 0.000545965 0.000451152 0.000369041 0.000298794 0.000239421 0.000189844 0.000148945 0.000115611 8.87695e-05 6.74178e-05 5.06387e-05 3.7613e-05 2.76247e-05 2.00592e-05 1.43994e-05 1.02176e-05 7.16619e-06 4.96735e-06 3.40272e-06 2.30337e-06 1.5407e-06 1.01833e-06 6.65184e-07 4.29617e-07 2.74753e-07 1.74711e-07 1.1172e-07 7.39576e-08 5.3996e-08 
7.5496e-08 8.52462e-08 1.16495e-07 1.75531e-07 2.73828e-07 4.29617e-07 6.70227e-07 1.03535e-06 1.58138e-06 2.387e-06 3.56023e-06 5.24696e-06 7.64123e-06 1.09969e-05 1.56411e-05 2.19882e-05 3.05545e-05 4.19729e-05 5.70053e-05 7.65526e-05 0.00010166 0.000133518 0.00017345 0.0002229 0.000283397 0.00035652 0.000443845 0.000546874 0.000666972 0.000805276 0.000962613 0.00113941 0.00133564 0.00155069 0.00178338 0.0020319 0.00229377 0.00256593 0.00284472 0.003126 0.00340525 0.00367766 0.00393831 0.00418227 0.00440481 0.00460148 0.00476829 0.00490179 0.0049992 0.00505848 0.00507838 0.00505848 0.0049992 0.00490179 0.00476829 0.00460148 0.00440481 0.00418227 0.00393831 0.00367766 0.00340525 0.003126 0.00284472 0.00256593 0.00229377 0.0020319 0.00178338 0.00155069 0.00133564 0.00113941 0.000962613 0.000805276 0.000666972 0.000546874 0.000443845 0.00035652 0.000283397 0.0002229 0.00017345 0.000133518 0.00010166 7.65526e-05 5.70053e-05 4.19729e-05 3.05545e-05 2.19882e-05 1.56411e-05 1.09969e-05 7.64123e-06 5.24696e-06 3.56023e-06 2.387e-06 1.58138e-06 1.03535e-06 6.70227e-07 4.29617e-07 2.73828e-07 1.75531e-07 1.16495e-07 8.52462e-08 
1.18133e-07 1.33258e-07 1.81696e-07 2.7308e-07 4.24966e-07 6.65184e-07 1.03535e-06 1.59574e-06 2.43172e-06 3.66205e-06 5.4492e-06 8.01189e-06 1.16399e-05 1.67112e-05 2.37107e-05 3.32502e-05 4.60895e-05 6.31552e-05 8.55584e-05 0.000114607 0.000151811 0.00019888 0.000257709 0.000330347 0.000418956 0.000525751 0.000652922 0.000802543 0.000976466 0.00117621 0.00140283 0.00165683 0.00193801 0.00224542 0.00257727 0.00293088 0.00330269 0.00368832 0.00408258 0.00447965 0.00487318 0.00525648 0.00562272 0.00596508 0.00627702 0.00655243 0.00678584 0.00697251 0.00710866 0.00719148 0.00721928 0.00719148 0.00710866 0.00697251 0.00678584 0.00655243 0.00627702 0.00596508 0.00562272 0.00525648 0.00487318 0.00447965 0.00408258 0.00368832 0.00330269 0.00293088 0.00257727 0.00224542 0.00193801 0.00165683 0.00140283 0.00117621 0.000976466 0.000802543 0.000652922 0.000525751 0.000418956 0.000330347 0.000257709 0.00019888 0.000151811 0.000114607 8.55584e-05 6.31552e-05 4.60895e-05 3.32502e-05 2.37107e-05 1.67112e-05 1.16399e-05 8.01189e-06 5.4492e-06 3.66205e-06 2.43172e-06 1.59574e-06 1.03535e-06 6.65184e-07 4.24966e-07 2.7308e-07 1.81696e-07 1.33258e-07 
1.82781e-07 2.05977e-07 2.80211e-07 4.20075e-07 6.52116e-07 1.01833e-06 1.58138e-06 2.43172e-06 3.69712e-06 5.55474e-06 8.24614e-06 1.20954e-05 1.75303e-05 2.51068e-05 3.55352e-05 4.97087e-05 6.87311e-05 9.39435e-05 0.000126946 0.000169614 0.000224103 0.000292837 0.000378491 0.00048394 0.000612196 0.000766324 0.000949326 0.00116401 0.00141287 0.00169786 0.00202033 0.00238079 0.00277879 0.00321283 0.00368023 0.00417713 0.00469845 0.00523799 0.00578853 0.00634195 0.00688949 0.00742194 0.00792994 0.00840421 0.00883584 0.00921655 0.0095389 0.00979655 0.00998436 0.0100986 0.0101369 0.0100986 0.00998436 0.00979655 0.0095389 0.00921655 0.00883584 0.00840421 0.00792994 0.00742194 0.00688949 0.00634195 0.00578853 0.00523799 0.00469845 0.00417713 0.00368023 0.00321283 0.00277879 0.00238079 0.00202033 0.00169786 0.00141287 0.00116401 0.000949326 0.000766324 0.000612196 0.00048394 0.000378491 0.000292837 0.000224103 0.000169614 0.000126946 9.39435e-05 6.87311e-05 4.97087e-05 3.55352e-05 2.51068e-05 1.75303e-05 1.20954e-05 8.24614e-06 5.55474e-06 3.69712e-06 2.43172e-06 1.58138e-06 1.01833e-06 6.52116e-07 4.20075e-07 2.80211e-07 2.05977e-07 
2.79514e-07 3.14672e-07 4.27103e-07 6.38647e-07 9.8897e-07 1.5407e-06 2.387e-06 3.66205e-06 5.55474e-06 8.32614e-06 1.2331e-05 1.80436e-05 2.60878e-05 3.72711e-05 5.26213e-05 7.34254e-05 0.000101267 0.000138063 0.000186087 0.000247993 0.000326814 0.000425947 0.000549111 0.000700284 0.000883604 0.00110324 0.00136325 0.00166739 0.00201889 0.00242029 0.0028732 0.00337807 0.00393404 0.00453877 0.00518836 0.00587728 0.0065984 0.0073431 0.0081014 0.00886221 0.00961357 0.010343 0.0110379 0.0116858 0.0122747 0.0127936 0.0132326 0.0135832 0.0138386 0.0139939 0.014046 0.0139939 0.0138386 0.0135832 0.0132326 0.0127936 0.0122747 0.0116858 0.0110379 0.010343 0.00961357 0.00886221 0.0081014 0.0073431 0.0065984 0.00587728 0.00518836 0.00453877 0.00393404 0.00337807 0.0028732 0.00242029 0.00201889 0.00166739 0.00136325 0.00110324 0.000883604 0.000700284 0.000549111 0.000425947 0.000326814 0.000247993 0.000186087 0.000138063 0.000101267 7.34254e-05 5.26213e-05 3.72711e-05 2.60878e-05 1.80436e-05 1.2331e-05 8.32614e-06 5.55474e-06 3.66205e-06 2.387e-06 1.5407e-06 9.8897e-07 6.38647e-07 4.27103e-07 3.14672e-07 
4.22416e-07 4.7507e-07 6.43331e-07 9.59482e-07 1.48208e-06 2.30337e-06 3.56023e-06 5.4492e-06 8.24614e-06 1.2331e-05 1.82184e-05 2.65937e-05 3.83553e-05 5.46612e-05 7.69799e-05 0.000107142 0.00014739 0.000200426 0.000269442 0.000358141 0.000470734 0.00061191 0.000786773 0.00100074 0.00125942 0.00156839 0.00193303 0.00235827 0.00284826 0.00340617 0.00403383 0.00473152 0.0054977 0.00632885 0.00721933 0.00816136 0.00914508 0.0101587 0.0111885 0.0122197 0.0132362 0.0142213 0.0151583 0.0160306 0.0168226 0.0175196 0.0181087 0.0185789 0.0189213 0.0191294 0.0191991 0.0191294 0.0189213 0.0185789 0.0181087 0.0175196 0.0168226 0.0160306 0.0151583 0.0142213 0.0132362 0.0122197 0.0111885 0.0101587 0.00914508 0.00816136 0.00721933 0.00632885 0.0054977 0.00473152 0.00403383 0.00340617 0.00284826 0.00235827 0.00193303 0.00156839 0.00125942 0.00100074 0.000786773 0.00061191 0.000470734 0.000358141 0.000269442 0.000200426 0.00014739 0.000107142 7.69799e-05 5.46612e-05 3.83553e-05 2.65937e-05 1.82184e-05 1.2331e-05 8.24614e-06 5.4492e-06 3.56023e-06 2.30337e-06 1.48208e-06 9.59482e-07 6.43331e-07 4.7507e-07 
6.30869e-07 7.08791e-07 9.57607e-07 1.42447e-06 2.19477e-06 3.40272e-06 5.24696e-06 8.01189e-06 1.20954e-05 1.80436e-05 2.65937e-05 3.87239e-05 5.57115e-05 7.91963e-05 0.000111249 0.000154441 0.000211906 0.000287404 0.000385352 0.00051085 0.000669664 0.000868175 0.00111329 0.00141227 0.00177258 0.00220161 0.00270635 0.00329312 0.00396718 0.00473231 0.00559054 0.00654171 0.00758326 0.00870998 0.00991389 0.0111842 0.0125074 0.0138676 0.0152465 0.0166243 0.0179798 0.019291 0.0205362 0.0216936 0.0227431 0.0236657 0.0244447 0.025066 0.0255181 0.0257927 0.0258849 0.0257927 0.0255181 0.025066 0.0244447 0.0236657 0.0227431 0.0216936 0.0205362 0.019291 0.0179798 0.0166243 0.0152465 0.0138676 0.0125074 0.0111842 0.00991389 0.00870998 0.00758326 0.00654171 0.00559054 0.00473231 0.00396718 0.00329312 0.00270635 0.00220161 0.00177258 0.00141227 0.00111329 0.000868175 0.000669664 0.00051085 0.000385352 0.000287404 0.000211906 0.000154441 0.000111249 7.91963e-05 5.57115e-05 3.87239e-05 2.65937e-05 1.80436e-05 1.20954e-05 8.01189e-06 5.24696e-06 3.40272e-06 2.19477e-06 1.42447e-06 9.57607e-07 7.08791e-07 
9.31148e-07 1.0451e-06 1.40867e-06 2.08992e-06 3.21184e-06 4.96735e-06 7.64123e-06 1.16399e-05 1.75303e-05 2.60878e-05 3.83553e-05 5.57115e-05 7.99495e-05 0.000113362 0.000158833 0.000219924 0.000300962 0.000407105 0.000544388 0.000719738 0.00094094 0.00121656 0.00155578 0.00196824 0.0024637 0.00305173 0.00374132 0.00454042 0.00545546 0.00649088 0.00764867 0.00892796 0.0103246 0.0118312 0.0134364 0.0151256 0.0168806 0.0186801 0.0205002 0.0223148 0.0240963 0.0258165 0.0274471 0.0289605 0.0303308 0.031534 0.0325489 0.0333577 0.0339458 0.034303 0.0344228 0.034303 0.0339458 0.0333577 0.0325489 0.031534 0.0303308 0.0289605 0.0274471 0.0258165 0.0240963 0.0223148 0.0205002 0.0186801 0.0168806 0.0151256 0.0134364 0.0118312 0.0103246 0.00892796 0.00764867 0.00649088 0.00545546 0.00454042 0.00374132 0.00305173 0.0024637 0.00196824 0.00155578 0.00121656 0.00094094 0.000719738 0.000544388 0.000407105 0.000300962 0.000219924 0.000158833 0.000113362 7.99495e-05 5.57115e-05 3.83553e-05 2.60878e-05 1.75303e-05 1.16399e-05 7.64123e-06 4.96735e-06 3.21184e-06 2.08992e-06 1.40867e-06 1.0451e-06 
1.35832e-06 1.52299e-06 2.048e-06 3.03035e-06 4.6451e-06 7.16619e-06 1.09969e-05 1.67112e-05 2.51068e-05 3.72711e-05 5.46612e-05 7.91963e-05 0.000113362 0.000160324 0.000224046 0.000309402 0.000422283 0.000569677 0.000759717 0.00100168 0.00130594 0.00168381 0.00214738 0.00270916 0.00338176 0.00417739 0.00510735 0.00618143 0.00740731 0.00878998 0.0103311 0.0120286 0.0138762 0.015863 0.0179739 0.020189 0.0224841 0.0248314 0.0271997 0.0295555 0.0318634 0.0340873 0.0361916 0.0381415 0.0399044 0.0414504 0.0427531 0.0437903 0.0445441 0.0450016 0.045155 0.0450016 0.0445441 0.0437903 0.0427531 0.0414504 0.0399044 0.0381415 0.0361916 0.0340873 0.0318634 0.0295555 0.0271997 0.0248314 0.0224841 0.020189 0.0179739 0.015863 0.0138762 0.0120286 0.0103311 0.00878998 0.00740731 0.00618143 0.00510735 0.00417739 0.00338176 0.00270916 0.00214738 0.00168381 0.00130594 0.00100168 0.000759717 0.000569677 0.000422283 0.000309402 0.000224046 0.000160324 0.000113362 7.91963e-05 5.46612e-05 3.72711e-05 2.51068e-05 1.67112e-05 1.09969e-05 7.16619e-06 4.6451e-06 3.03035e-06 2.048e-06 1.52299e-06 
1.95849e-06 2.19367e-06 2.94291e-06 4.34284e-06 6.63962e-06 1.02176e-05 1.56411e-05 2.37107e-05 3.55352e-05 5.26213e-05 7.69799e-05 0.000111249 0.000158833 0.000224046 0.000312268 0.000430082 0.000585408 0.000787587 0.00104743 0.00137721 0.00179053 0.00230215 0.0029277 0.00368323 0.00458474 0.00564753 0.00688553 0.00831054 0.00993146 0.0117536 0.0137778 0.0160001 0.0184112 0.020996 0.0237338 0.0265983 0.029558 0.0325769 0.035615 0.0386297 0.0415765 0.0444102 0.0470863 0.0495619 0.0517965 0.0537536 0.055401 0.0567113 0.057663 0.0582404 0.0584339 0.0582404 0.057663 0.0567113 0.055401 0.0537536 0.0517965 0.0495619 0.0470863 0.0444102 0.0415765 0.0386297 0.035615 0.0325769 0.029558 0.0265983 0.0237338 0.020996 0.0184112 0.0160001 0.0137778 0.0117536 0.00993146 0.00831054 0.00688553 0.00564753 0.00458474 0.00368323 0.0029277 0.00230215 0.00179053 0.00137721 0.00104743 0.000787587 0.000585408 0.000430082 0.000312268 0.000224046 0.000158833 0.000111249 7.69799e-05 5.26213e-05 3.55352e-05 2.37107e-05 1.56411e-05 1.02176e-05 6.63962e-06 4.34284e-06 2.94291e-06 2.19367e-06 
2.7913e-06 3.12327e-06 4.18008e-06 6.15187e-06 9.3807e-06 1.43994e-05 2.19882e-05 3.32502e-05 4.97087e-05 7.34254e-05 0.000107142 0.000154441 0.000219924 0.000309402 0.000430082 0.000590747 0.0008019 0.00107587 0.00142684 0.00187081 0.00242538 0.00310954 0.0039432 0.00494661 0.00613975 0.00754144 0.00916851 0.0110348 0.0131503 0.0155202 0.018144 0.0210148 0.0241192 0.0274365 0.030939 0.0345925 0.0383563 0.0421846 0.046027 0.0498302 0.0535389 0.0570975 0.0604515 0.0635484 0.0663395 0.0687805 0.0708328 0.0724636 0.0736473 0.0743651 0.0746056 0.0743651 0.0736473 0.0724636 0.0708328 0.0687805 0.0663395 0.0635484 0.0604515 0.0570975 0.0535389 0.0498302 0.046027 0.0421846 0.0383563 0.0345925 0.030939 0.0274365 0.0241192 0.0210148 0.018144 0.0155202 0.0131503 0.0110348 0.00916851 0.00754144 0.00613975 0.00494661 0.0039432 0.00310954 0.00242538 0.00187081 0.00142684 0.00107587 0.0008019 0.000590747 0.000430082 0.000309402 0.000219924 0.000154441 0.000107142 7.34254e-05 4.97087e-05 3.32502e-05 2.19882e-05 1.43994e-05 9.3807e-06 6.15187e-06 4.18008e-06 3.12327e-06 
3.93271e-06 4.3959e-06 5.86932e-06 8.61449e-06 1.31011e-05 2.00592e-05 3.05545e-05 4.60895e-05 6.87311e-05 0.000101267 0.00014739 0.000211906 0.000300962 0.000422283 0.000585408 0.0008019 0.00108552 0.00145232 0.00192067 0.00251112 0.00324618 0.00414988 0.0052472 0.00656334 0.00812277 0.00994824 0.0120596 0.0144728 0.0171984 0.0202409 0.0235974 0.0272572 0.0312011 0.0354013 0.0398216 0.0444177 0.0491382 0.0539253 0.0587168 0.0634467 0.0680478 0.0724525 0.0765952 0.0804131 0.0838481 0.0868479 0.0893668 0.0913664 0.0928167 0.0936956 0.0939901 0.0936956 0.0928167 0.0913664 0.0893668 0.0868479 0.0838481 0.0804131 0.0765952 0.0724525 0.0680478 0.0634467 0.0587168 0.0539253 0.0491382 0.0444177 0.0398216 0.0354013 0.0312011 0.0272572 0.0235974 0.0202409 0.0171984 0.0144728 0.0120596 0.00994824 0.00812277 0.00656334 0.0052472 0.00414988 0.00324618 0.00251112 0.00192067 0.00145232 0.00108552 0.0008019 0.000585408 0.000422283 0.000300962 0.000211906 0.00014739 0.000101267 6.87311e-05 4.60895e-05 3.05545e-05 2.00592e-05 1.31011e-05 8.61449e-06 5.86932e-06 4.3959e-06 
5.47785e-06 6.11674e-06 8.14748e-06 1.19256e-05 1.80885e-05 2.76247e-05 4.19729e-05 6.31552e-05 9.39435e-05 0.000138063 0.000200426 0.000287404 0.000407105 0.000569677 0.000787587 0.00107587 0.00145232 0.00193758 0.0025551 0.00333097 0.00429352 0.00547276 0.00689956 0.00860474 0.0106178 0.0129657 0.0156713 0.0187523 0.0222193 0.0260752 0.0303135 0.0349182 0.0398626 0.0451101 0.0506138 0.0563174 0.0621565 0.0680601 0.0739516 0.0797514 0.0853785 0.0907525 0.0957955 0.100434 0.1046 0.108232 0.111278 0.113694 0.115444 0.116504 0.116859 0.116504 0.115444 0.113694 0.111278 0.108232 0.1046 0.100434 0.0957955 0.0907525 0.0853785 0.0797514 0.0739516 0.0680601 0.0621565 0.0563174 0.0506138 0.0451101 0.0398626 0.0349182 0.0303135 0.0260752 0.0222193 0.0187523 0.0156713 0.0129657 0.0106178 0.00860474 0.00689956 0.00547276 0.00429352 0.00333097 0.0025551 0.00193758 0.00145232 0.00107587 0.000787587 0.000569677 0.000407105 0.000287404 0.000200426 0.000138063 9.39435e-05 6.31552e-05 4.19729e-05 2.76247e-05 1.80885e-05 1.19256e-05 8.14748e-06 6.11674e-06 
7.54393e-06 8.41516e-06 1.11822e-05 1.63229e-05 2.46923e-05 3.7613e-05 5.70053e-05 8.55584e-05 0.000126946 0.000186087 0.000269442 0.000385352 0.000544388 0.000759717 0.00104743 0.00142684 0.00192067 0.0025551 0.00335972 0.00436716 0.00561261 0.00713298 0.00896587 0.0111483 0.0137153 0.016698 0.0201223 0.0240068 0.0283615 0.0331863 0.0384698 0.0441884 0.0503065 0.056776 0.0635373 0.0705201 0.0776451 0.0848255 0.0919693 0.0989815 0.105766 0.11223 0.118281 0.123834 0.128813 0.133146 0.136776 0.139651 0.141732 0.142992 0.143414 0.142992 0.141732 0.139651 0.136776 0.133146 0.128813 0.123834 0.118281 0.11223 0.105766 0.0989815 0.0919693 0.0848255 0.0776451 0.0705201 0.0635373 0.056776 0.0503065 0.0441884 0.0384698 0.0331863 0.0283615 0.0240068 0.0201223 0.016698 0.0137153 0.0111483 0.00896587 0.00713298 0.00561261 0.00436716 0.00335972 0.0025551 0.00192067 0.00142684 0.00104743 0.000759717 0.000544388 0.000385352 0.000269442 0.000186087 0.000126946 8.55584e-05 5.70053e-05 3.7613e-05 2.46923e-05 1.63229e-05 1.11822e-05 8.41516e-06 
1.02729e-05 1.14475e-05 1.51755e-05 2.20915e-05 3.33292e-05 5.06387e-05 7.65526e-05 0.000114607 0.000169614 0.000247993 0.000358141 0.00051085 0.000719738 0.00100168 0.00137721 0.00187081 0.00251112 0.00333097 0.00436716 0.00566 0.00725255 0.00918958 0.0115162 0.0142761 0.01751 0.0212533 0.0255342 0.0303716 0.0357734 0.0417351 0.0482381 0.0552496 0.0627223 0.0705945 0.0787915 0.0872266 0.0958036 0.104418 0.112962 0.121322 0.129388 0.137051 0.144208 0.150762 0.156626 0.161721 0.165982 0.169353 0.171791 0.173267 0.173761 0.173267 0.171791 0.169353 0.165982 0.161721 0.156626 0.150762 0.144208 0.137051 0.129388 0.121322 0.112962 0.104418 0.0958036 0.0872266 0.0787915 0.0705945 0.0627223 0.0552496 0.0482381 0.0417351 0.0357734 0.0303716 0.0255342 0.0212533 0.01751 0.0142761 0.0115162 0.00918958 0.00725255 0.00566 0.00436716 0.00333097 0.00251112 0.00187081 0.00137721 0.00100168 0.000719738 0.00051085 0.000358141 0.000247993 0.000169614 0.000114607 7.65526e-05 5.06387e-05 3.33292e-05 2.20915e-05 1.51755e-05 1.14475e-05 
1.38334e-05 1.53995e-05 2.03661e-05 2.95666e-05 4.44876e-05 6.74178e-05 0.00010166 0.000151811 0.000224103 0.000326814 0.000470734 0.000669664 0.00094094 0.00130594 0.00179053 0.00242538 0.00324618 0.00429352 0.00561261 0.00725255 0.00926534 0.0117045 0.0146232 0.0180723 0.0220981 0.0267398 0.0320271 0.037978 0.0445968 0.0518721 0.0597764 0.0682648 0.0772758 0.0867317 0.0965399 0.106595 0.116783 0.126979 0.137057 0.146888 0.156344 0.165302 0.173647 0.181271 0.188077 0.193981 0.198911 0.202806 0.205621 0.207323 0.207892 0.207323 0.205621 0.202806 0.198911 0.193981 0.188077 0.181271 0.173647 0.165302 0.156344 0.146888 0.137057 0.126979 0.116783 0.106595 0.0965399 0.0867317 0.0772758 0.0682648 0.0597764 0.0518721 0.0445968 0.037978 0.0320271 0.0267398 0.0220981 0.0180723 0.0146232 0.0117045 0.00926534 0.00725255 0.00561261 0.00429352 0.00324618 0.00242538 0.00179053 0.00130594 0.00094094 0.000669664 0.000470734 0.000326814 0.000224103 0.000151811 0.00010166 6.74178e-05 4.44876e-05 2.95666e-05 2.03661e-05 1.53995e-05 
1.84224e-05 2.04874e-05 2.70311e-05 3.91356e-05 5.87285e-05 8.87695e-05 0.000133518 0.00019888 0.000292837 0.000425947 0.00061191 0.000868175 0.00121656 0.00168381 0.00230215 0.00310954 0.00414988 0.00547276 0.00713298 0.00918958 0.0117045 0.0147406 0.0183599 0.0226202 0.0275733 0.0332614 0.0397144 0.0469478 0.0549599 0.0637305 0.07322 0.0833689 0.0940986 0.105313 0.116898 0.12873 0.140671 0.152579 0.164307 0.175709 0.186642 0.196969 0.206562 0.215305 0.223093 0.229835 0.235455 0.23989 0.243091 0.245026 0.245673 0.245026 0.243091 0.23989 0.235455 0.229835 0.223093 0.215305 0.206562 0.196969 0.186642 0.175709 0.164307 0.152579 0.140671 0.12873 0.116898 0.105313 0.0940986 0.0833689 0.07322 0.0637305 0.0549599 0.0469478 0.0397144 0.0332614 0.0275733 0.0226202 0.0183599 0.0147406 0.0117045 0.00918958 0.00713298 0.00547276 0.00414988 0.00310954 0.00230215 0.00168381 0.00121656 0.000868175 0.00061191 0.000425947 0.000292837 0.00019888 0.000133518 8.87695e-05 5.87285e-05 3.91356e-05 2.70311e-05 2.04874e-05 
2.4265e-05 2.69581e-05 3.54853e-05 5.12367e-05 7.66832e-05 0.000115611 0.00017345 0.000257709 0.000378491 0.000549111 0.000786773 0.00111329 0.00155578 0.00214738 0.0029277 0.0039432 0.0052472 0.00689956 0.00896587 0.0115162 0.0146232 0.0183599 0.0227969 0.0279993 0.0340234 0.0409131 0.0486972 0.0573862 0.06697 0.0774168 0.0886719 0.100658 0.113277 0.12641 0.139922 0.153665 0.167481 0.181205 0.194673 0.207719 0.220188 0.231928 0.242803 0.252688 0.261472 0.269061 0.275376 0.280352 0.283941 0.286108 0.286833 0.286108 0.283941 0.280352 0.275376 0.269061 0.261472 0.252688 0.242803 0.231928 0.220188 0.207719 0.194673 0.181205 0.167481 0.153665 0.139922 0.12641 0.113277 0.100658 0.0886719 0.0774168 0.06697 0.0573862 0.0486972 0.0409131 0.0340234 0.0279993 0.0227969 0.0183599 0.0146232 0.0115162 0.00896587 0.00689956 0.0052472 0.0039432 0.0029277 0.00214738 0.00155578 0.00111329 0.000786773 0.000549111 0.000378491 0.000257709 0.00017345 0.000115611 7.66832e-05 5.12367e-05 3.54853e-05 2.69581e-05 
3.16135e-05 3.50875e-05 4.60793e-05 6.63545e-05 9.90466e-05 0.000148945 0.0002229 0.000330347 0.00048394 0.000700284 0.00100074 0.00141227 0.00196824 0.00270916 0.00368323 0.00494661 0.00656334 0.00860474 0.0111483 0.0142761 0.0180723 0.0226202 0.0279993 0.034281 0.0415251 0.0497758 0.0590583 0.0693756 0.0807064 0.0930039 0.106195 0.120181 0.134842 0.150033 0.165597 0.181359 0.19714 0.212754 0.228016 0.242747 0.256775 0.269941 0.282099 0.293119 0.302888 0.31131 0.318304 0.323807 0.327772 0.330164 0.330963 0.330164 0.327772 0.323807 0.318304 0.31131 0.302888 0.293119 0.282099 0.269941 0.256775 0.242747 0.228016 0.212754 0.19714 0.181359 0.165597 0.150033 0.134842 0.120181 0.106195 0.0930039 0.0807064 0.0693756 0.0590583 0.0497758 0.0415251 0.034281 0.0279993 0.0226202 0.0180723 0.0142761 0.0111483 0.00860474 0.00656334 0.00494661 0.00368323 0.00270916 0.00196824 0.00141227 0.00100074 0.000700284 0.00048394 0.000330347 0.0002229 0.000148945 9.90466e-05 6.63545e-05 4.60793e-05 3.50875e-05 
4.07435e-05 4.5177e-05 5.91938e-05 8.5013e-05 0.000126565 0.000189844 0.000283397 0.000418956 0.000612196 0.000883604 0.00125942 0.00177258 0.0024637 0.00338176 0.00458474 0.00613975 0.00812277 0.0106178 0.0137153 0.01751 0.0220981 0.0275733 0.0340234 0.0415251 0.0501403 0.0599112 0.0708567 0.0829694 0.0962134 0.110523 0.125804 0.141933 0.158763 0.176125 0.193833 0.211689 0.229489 0.247026 0.264099 0.280514 0.296089 0.310655 0.324063 0.33618 0.346893 0.356107 0.363744 0.369744 0.374061 0.376663 0.377532 0.376663 0.374061 0.369744 0.363744 0.356107 0.346893 0.33618 0.324063 0.310655 0.296089 0.280514 0.264099 0.247026 0.229489 0.211689 0.193833 0.176125 0.158763 0.141933 0.125804 0.110523 0.0962134 0.0829694 0.0708567 0.0599112 0.0501403 0.0415251 0.0340234 0.0275733 0.0220981 0.01751 0.0137153 0.0106178 0.00812277 0.00613975 0.00458474 0.00338176 0.0024637 0.00177258 0.00125942 0.000883604 0.000612196 0.000418956 0.000283397 0.000189844 0.000126565 8.5013e-05 5.91938e-05 4.5177e-05 
5.19489e-05 5.75467e-05 7.52319e-05 0.000107763 0.000160019 0.000239421 0.00035652 0.000525751 0.000766324 0.00110324 0.00156839 0.00220161 0.00305173 0.00417739 0.00564753 0.00754144 0.00994824 0.0129657 0.016698 0.0212533 0.0267398 0.0332614 0.0409131 0.0497758 0.0599112 0.0713568 0.0841223 0.0981864 0.113495 0.129959 0.14746 0.165848 0.184945 0.204554 0.224462 0.244445 0.264276 0.283729 0.302587 0.320644 0.33771 0.353613 0.368201 0.381343 0.392931 0.402872 0.411094 0.417543 0.422176 0.424967 0.4259 0.424967 0.422176 0.417543 0.411094 0.402872 0.392931 0.381343 0.368201 0.353613 0.33771 0.320644 0.302587 0.283729 0.264276 0.244445 0.224462 0.204554 0.184945 0.165848 0.14746 0.129959 0.113495 0.0981864 0.0841223 0.0713568 0.0599112 0.0497758 0.0409131 0.0332614 0.0267398 0.0212533 0.016698 0.0129657 0.00994824 0.00754144 0.00564753 0.00417739 0.00305173 0.00220161 0.00156839 0.00110324 0.000766324 0.000525751 0.00035652 0.000239421 0.000160019 0.000107763 7.52319e-05 5.75467e-05 
6.55336e-05 7.25275e-05 9.4607e-05 0.000135166 0.000200198 0.000298794 0.000443845 0.000652922 0.000949326 0.00136325 0.00193303 0.00270635 0.00374132 0.00510735 0.00688553 0.00916851 0.0120596 0.0156713 0.0201223 0.0255342 0.0320271 0.0397144 0.0486972 0.0590583 0.0708567 0.0841223 0.0988521 0.115007 0.13251 0.151247 0.17107 0.191797 0.213222 0.235116 0.257238 0.279338 0.301167 0.322483 0.343056 0.36267 0.381131 0.398268 0.413931 0.427996 0.440359 0.450938 0.459668 0.466503 0.471407 0.474358 0.475343 0.474358 0.471407 0.466503 0.459668 0.450938 0.440359 0.427996 0.413931 0.398268 0.381131 0.36267 0.343056 0.322483 0.301167 0.279338 0.257238 0.235116 0.213222 0.191797 0.17107 0.151247 0.13251 0.115007 0.0988521 0.0841223 0.0708567 0.0590583 0.0486972 0.0397144 0.0320271 0.0255342 0.0201223 0.0156713 0.0120596 0.00916851 0.00688553 0.00510735 0.00374132 0.00270635 0.00193303 0.00136325 0.000949326 0.000652922 0.000443845 0.000298794 0.000200198 0.000135166 9.4607e-05 7.25275e-05 
8.18012e-05 9.04485e-05 0.000117729 0.000167774 0.00024787 0.000369041 0.000546874 0.000802543 0.00116401 0.00166739 0.00235827 0.00329312 0.00454042 0.00618143 0.00831054 0.0110348 0.0144728 0.0187523 0.0240068 0.0303716 0.037978 0.0469478 0.0573862 0.0693756 0.0829694 0.0981864 0.115007 0.13337 0.153172 0.174269 0.196481 0.219594 0.243366 0.26754 0.291844 0.316005 0.339755 0.362836 0.385007 0.406051 0.425774 0.444006 0.460607 0.475462 0.488477 0.499584 0.508727 0.515871 0.52099 0.524067 0.525094 0.524067 0.52099 0.515871 0.508727 0.499584 0.488477 0.475462 0.460607 0.444006 0.425774 0.406051 0.385007 0.362836 0.339755 0.316005 0.291844 0.26754 0.243366 0.219594 0.196481 0.174269 0.153172 0.13337 0.115007 0.0981864 0.0829694 0.0693756 0.0573862 0.0469478 0.037978 0.0303716 0.0240068 0.0187523 0.0144728 0.0110348 0.00831054 0.00618143 0.00454042 0.00329312 0.00235827 0.00166739 0.00116401 0.000802543 0.000546874 0.000369041 0.00024787 0.000167774 0.000117729 9.04485e-05 
0.000101042 0.000111624 0.000144984 0.000206103 0.000303747 0.000451152 0.000666972 0.000976466 0.00141287 0.00201889 0.00284826 0.00396718 0.00545546 0.00740731 0.00993146 0.0131503 0.0171984 0.0222193 0.0283615 0.0357734 0.0445968 0.0549599 0.06697 0.0807064 0.0962134 0.113495 0.13251 0.153172 0.175347 0.198858 0.22349 0.248992 0.275089 0.301492 0.327902 0.354024 0.379571 0.404276 0.427892 0.450201 0.471014 0.490172 0.507546 0.523034 0.536558 0.548064 0.557513 0.564879 0.570149 0.573313 0.574369 0.573313 0.570149 0.564879 0.557513 0.548064 0.536558 0.523034 0.507546 0.490172 0.471014 0.450201 0.427892 0.404276 0.379571 0.354024 0.327902 0.301492 0.275089 0.248992 0.22349 0.198858 0.175347 0.153172 0.13251 0.113495 0.0962134 0.0807064 0.06697 0.0549599 0.0445968 0.0357734 0.0283615 0.0222193 0.0171984 0.0131503 0.00993146 0.00740731 0.00545546 0.00396718 0.00284826 0.00201889 0.00141287 0.000976466 0.000666972 0.000451152 0.000303747 0.000206103 0.000144984 0.000111624 
0.000123516 0.000136334 0.000176716 0.000250605 0.000368444 0.000545965 0.000805276 0.00117621 0.00169786 0.00242029 0.00340617 0.00473231 0.00649088 0.00878998 0.0117536 0.0155202 0.0202409 0.0260752 0.0331863 0.0417351 0.0518721 0.0637305 0.0774168 0.0930039 0.110523 0.129959 0.151247 0.174269 0.198858 0.224801 0.251842 0.279696 0.308053 0.336592 0.364989 0.392928 0.420109 0.446258 0.471128 0.494506 0.516211 0.5361 0.554059 0.570005 0.58388 0.595646 0.605282 0.612778 0.618131 0.621341 0.622411 0.621341 0.618131 0.612778 0.605282 0.595646 0.58388 0.570005 0.554059 0.5361 0.516211 0.494506 0.471128 0.446258 0.420109 0.392928 0.364989 0.336592 0.308053 0.279696 0.251842 0.224801 0.198858 0.174269 0.151247 0.129959 0.110523 0.0930039 0.0774168 0.0637305 0.0518721 0.0417351 0.0331863 0.0260752 0.0202409 0.0155202 0.0117536 0.00878998 0.00649088 0.00473231 0.00340617 0.00242029 0.00169786 0.00117621 0.000805276 0.000545965 0.000368444 0.000250605 0.000176716 0.000136334 
0.000149441 0.000164812 0.000213203 0.000301638 0.000442436 0.000654112 0.000962613 0.00140283 0.00202033 0.0028732 0.00403383 0.00559054 0.00764867 0.0103311 0.0137778 0.018144 0.0235974 0.0303135 0.0384698 0.0482381 0.0597764 0.07322 0.0886719 0.106195 0.125804 0.14746 0.17107 0.196481 0.22349 0.251842 0.281244 0.311372 0.341882 0.372423 0.402648 0.432223 0.460842 0.488224 0.51413 0.538354 0.560733 0.581141 0.599485 0.615704 0.629762 0.641643 0.651344 0.658873 0.66424 0.667454 0.668525 0.667454 0.66424 0.658873 0.651344 0.641643 0.629762 0.615704 0.599485 0.581141 0.560733 0.538354 0.51413 0.488224 0.460842 0.432223 0.402648 0.372423 0.341882 0.311372 0.281244 0.251842 0.22349 0.196481 0.17107 0.14746 0.125804 0.106195 0.0886719 0.07322 0.0597764 0.0482381 0.0384698 0.0303135 0.0235974 0.018144 0.0137778 0.0103311 0.00764867 0.00559054 0.00403383 0.0028732 0.00202033 0.00140283 0.000962613 0.000654112 0.000442436 0.000301638 0.000213203 0.000164812 
0.000178968 0.000197216 0.000254632 0.000359433 0.000526011 0.000775952 0.00113941 0.00165683 0.00238079 0.00337807 0.00473152 0.00654171 0.00892796 0.0120286 0.0160001 0.0210148 0.0272572 0.0349182 0.0441884 0.0552496 0.0682648 0.0833689 0.100658 0.120181 0.141933 0.165848 0.191797 0.219594 0.248992 0.279696 0.311372 0.343658 0.376178 0.408551 0.440411 0.471413 0.501243 0.529626 0.556329 0.581163 0.603986 0.624692 0.643215 0.659518 0.673592 0.685443 0.695089 0.702556 0.707867 0.711045 0.712102 0.711045 0.707867 0.702556 0.695089 0.685443 0.673592 0.659518 0.643215 0.624692 0.603986 0.581163 0.556329 0.529626 0.501243 0.471413 0.440411 0.408551 0.376178 0.343658 0.311372 0.279696 0.248992 0.219594 0.191797 0.165848 0.141933 0.120181 0.100658 0.0833689 0.0682648 0.0552496 0.0441884 0.0349182 0.0272572 0.0210148 0.0160001 0.0120286 0.00892796 0.00654171 0.00473152 0.00337807 0.00238079 0.00165683 0.00113941 0.000775952 0.000526011 0.000359433 0.000254632 0.000197216 
0.000212168 0.000233621 0.000301077 0.000424062 0.000619232 0.000911512 0.00133564 0.00193801 0.00277879 0.00393404 0.0054977 0.00758326 0.0103246 0.0138762 0.0184112 0.0241192 0.0312011 0.0398626 0.0503065 0.0627223 0.0772758 0.0940986 0.113277 0.134842 0.158763 0.184945 0.213222 0.243366 0.275089 0.308053 0.341882 0.376178 0.410531 0.444538 0.477817 0.510012 0.540811 0.569946 0.597199 0.622402 0.645434 0.666219 0.684718 0.700923 0.714851 0.726533 0.73601 0.743325 0.748517 0.751619 0.75265 0.751619 0.748517 0.743325 0.73601 0.726533 0.714851 0.700923 0.684718 0.666219 0.645434 0.622402 0.597199 0.569946 0.540811 0.510012 0.477817 0.444538 0.410531 0.376178 0.341882 0.308053 0.275089 0.243366 0.213222 0.184945 0.158763 0.134842 0.113277 0.0940986 0.0772758 0.0627223 0.0503065 0.0398626 0.0312011 0.0241192 0.0184112 0.0138762 0.0103246 0.00758326 0.0054977 0.00393404 0.00277879 0.00193801 0.00133564 0.000911512 0.000619232 0.000424062 0.000301077 0.000233621 
0.000249013 0.000273989 0.000352475 0.00049541 0.000721893 0.00106044 0.00155069 0.00224542 0.00321283 0.00453877 0.00632885 0.00870998 0.0118312 0.015863 0.020996 0.0274365 0.0354013 0.0451101 0.056776 0.0705945 0.0867317 0.105313 0.12641 0.150033 0.176125 0.204554 0.235116 0.26754 0.301492 0.336592 0.372423 0.408551 0.444538 0.479961 0.514422 0.547566 0.579083 0.60872 0.636276 0.661608 0.684624 0.705278 0.723562 0.739498 0.75313 0.764516 0.773719 0.780802 0.785817 0.788809 0.789803 0.788809 0.785817 0.780802 0.773719 0.764516 0.75313 0.739498 0.723562 0.705278 0.684624 0.661608 0.636276 0.60872 0.579083 0.547566 0.514422 0.479961 0.444538 0.408551 0.372423 0.336592 0.301492 0.26754 0.235116 0.204554 0.176125 0.150033 0.12641 0.105313 0.0867317 0.0705945 0.056776 0.0451101 0.0354013 0.0274365 0.020996 0.015863 0.0118312 0.00870998 0.00632885 0.00453877 0.00321283 0.00224542 0.00155069 0.00106044 0.000721893 0.00049541 0.000352475 0.000273989 
0.000289364 0.000318163 0.00040861 0.000573154 0.000833492 0.00122196 0.00178338 0.00257727 0.00368023 0.00518836 0.00721933 0.00991389 0.0134364 0.0179739 0.0237338 0.030939 0.0398216 0.0506138 0.0635373 0.0787915 0.0965399 0.116898 0.139922 0.165597 0.193833 0.224462 0.257238 0.291844 0.327902 0.364989 0.402648 0.440411 0.477817 0.514422 0.549825 0.583669 0.615655 0.645546 0.673168 0.698404 0.721195 0.741525 0.75942 0.774933 0.788138 0.799118 0.807958 0.814739 0.819529 0.822382 0.823329 0.822382 0.819529 0.814739 0.807958 0.799118 0.788138 0.774933 0.75942 0.741525 0.721195 0.698404 0.673168 0.645546 0.615655 0.583669 0.549825 0.514422 0.477817 0.440411 0.402648 0.364989 0.327902 0.291844 0.257238 0.224462 0.193833 0.165597 0.139922 0.116898 0.0965399 0.0787915 0.0635373 0.0506138 0.0398216 0.030939 0.0237338 0.0179739 0.0134364 0.00991389 0.00721933 0.00518836 0.00368023 0.00257727 0.00178338 0.00122196 0.000833492 0.000573154 0.00040861 0.000318163 
0.000332958 0.00036585 0.000469099 0.000656742 0.000953211 0.00139485 0.0020319 0.00293088 0.00417713 0.00587728 0.00816136 0.0111842 0.0151256 0.020189 0.0265983 0.0345925 0.0444177 0.0563174 0.0705201 0.0872266 0.106595 0.12873 0.153665 0.181359 0.211689 0.244445 0.279338 0.316005 0.354024 0.392928 0.432223 0.471413 0.510012 0.547566 0.583669 0.61797 0.650187 0.680103 0.707571 0.732507 0.754884 0.774721 0.792078 0.80704 0.819707 0.83019 0.838594 0.845018 0.849544 0.852234 0.853126 0.852234 0.849544 0.845018 0.838594 0.83019 0.819707 0.80704 0.792078 0.774721 0.754884 0.732507 0.707571 0.680103 0.650187 0.61797 0.583669 0.547566 0.510012 0.471413 0.432223 0.392928 0.354024 0.316005 0.279338 0.244445 0.211689 0.181359 0.153665 0.12873 0.106595 0.0872266 0.0705201 0.0563174 0.0444177 0.0345925 0.0265983 0.020189 0.0151256 0.0111842 0.00816136 0.00587728 0.00417713 0.00293088 0.0020319 0.00139485 0.000953211 0.000656742 0.000469099 0.00036585 
0.000379401 0.000416618 0.000533384 0.000745387 0.0010799 0.00157741 0.00229377 0.00330269 0.00469845 0.0065984 0.00914508 0.0125074 0.0168806 0.0224841 0.029558 0.0383563 0.0491382 0.0621565 0.0776451 0.0958036 0.116783 0.140671 0.167481 0.19714 0.229489 0.264276 0.301167 0.339755 0.379571 0.420109 0.460842 0.501243 0.540811 0.579083 0.615655 0.650187 0.682414 0.712146 0.739267 0.763725 0.785529 0.804733 0.821431 0.835737 0.847782 0.857698 0.865613 0.87164 0.875873 0.878384 0.879216 0.878384 0.875873 0.87164 0.865613 0.857698 0.847782 0.835737 0.821431 0.804733 0.785529 0.763725 0.739267 0.712146 0.682414 0.650187 0.615655 0.579083 0.540811 0.501243 0.460842 0.420109 0.379571 0.339755 0.301167 0.264276 0.229489 0.19714 0.167481 0.140671 0.116783 0.0958036 0.0776451 0.0621565 0.0491382 0.0383563 0.029558 0.0224841 0.0168806 0.0125074 0.00914508 0.0065984 0.00469845 0.00330269 0.00229377 0.00157741 0.0010799 0.000745387 0.000533384 0.000416618 
