8.57935e-21 1.63564e-20 5.26274e-20 1.75773e-19 5.74815e-19 1.83147e-18 5.68232e-18 1.71642e-17 5.04695e-17 1.4444e-16 4.02304e-16 1.09043e-15 2.87605e-15 7.38151e-15 1.84354e-14 4.48059e-14 1.05981e-13 2.43994e-13 5.46814e-13 1.19309e-12 2.53479e-12 5.24466e-12 1.05697e-11 2.0751e-11 3.96916e-11 7.39747e-11 1.34345e-10 2.3776e-10 4.10049e-10 6.89147e-10 1.12862e-09 1.80103e-09 2.80018e-09 4.2413e-09 6.25753e-09 8.99164e-09 1.2582e-08 1.7143e-08 2.2742e-08 2.93758e-08 3.69518e-08 4.52799e-08 5.40777e-08 6.29922e-08 7.16335e-08 7.96148e-08 8.65887e-08 9.22733e-08 9.64628e-08 9.90241e-08 9.98853e-08 9.90241e-08 9.64628e-08 9.22733e-08 8.65887e-08 7.96148e-08 7.16335e-08 6.29922e-08 5.40777e-08 4.52799e-08 3.69518e-08 2.93758e-08 2.2742e-08 1.7143e-08 1.2582e-08 8.99164e-09 6.25753e-09 4.2413e-09 2.80018e-09 1.80103e-09 1.12862e-09 6.89147e-10 4.10049e-10 2.3776e-10 1.34345e-10 7.39747e-11 3.96916e-11 2.0751e-11 1.05697e-11 5.24466e-12 2.53479e-12 1.19309e-12 5.46814e-13 2.43994e-13 1.05981e-13 4.48059e-14 1.84354e-14 7.38151e-15 2.87605e-15 1.09043e-15 4.02304e-16 1.4444e-16 5.04695e-17 1.71642e-17 5.68232e-18 1.83147e-18 5.74815e-19 1.75773e-19 5.26274e-20 1.63564e-20 
1.63564e-20 3.10714e-20 9.95037e-20 3.30915e-19 1.07762e-18 3.41905e-18 1.05632e-17 3.1772e-17 9.30223e-17 2.65072e-16 7.35066e-16 1.98354e-15 5.20816e-15 1.3306e-14 3.30777e-14 8.00145e-14 1.88356e-13 4.31535e-13 9.62352e-13 2.0893e-12 4.41658e-12 9.09212e-12 1.82311e-11 3.56118e-11 6.77757e-11 1.25691e-10 2.27155e-10 4.00093e-10 6.86803e-10 1.14906e-09 1.87361e-09 2.97733e-09 4.61051e-09 6.95675e-09 1.0227e-08 1.4646e-08 2.043e-08 2.77557e-08 3.67239e-08 4.73233e-08 5.94015e-08 7.26526e-08 8.66272e-08 1.00766e-07 1.14455e-07 1.27085e-07 1.38111e-07 1.47092e-07 1.53708e-07 1.57752e-07 1.59111e-07 1.57752e-07 1.53708e-07 1.47092e-07 1.38111e-07 1.27085e-07 1.14455e-07 1.00766e-07 8.66272e-08 7.26526e-08 5.94015e-08 4.73233e-08 3.67239e-08 2.77557e-08 2.043e-08 1.4646e-08 1.0227e-08 6.95675e-09 4.61051e-09 2.97733e-09 1.87361e-09 1.14906e-09 6.86803e-10 4.00093e-10 2.27155e-10 1.25691e-10 6.77757e-11 3.56118e-11 1.82311e-11 9.09212e-12 4.41658e-12 2.0893e-12 9.62352e-13 4.31535e-13 1.88356e-13 8.00145e-14 3.30777e-14 1.3306e-14 5.20816e-15 1.98354e-15 7.35066e-16 2.65072e-16 9.30223e-17 3.1772e-17 1.05632e-17 3.41905e-18 1.07762e-18 3.30915e-19 9.95037e-20 3.10714e-20 
5.26274e-20 9.95037e-20 3.16687e-19 1.04726e-18 3.39147e-18 1.07006e-17 3.28745e-17 9.83219e-17 2.86224e-16 8.10898e-16 2.23551e-15 5.99649e-15 1.56495e-14 3.97351e-14 9.81568e-14 2.35915e-13 5.51715e-13 1.25558e-12 2.78101e-12 5.996e-12 1.25864e-11 2.57278e-11 5.12215e-11 9.93414e-11 1.8772e-10 3.4567e-10 6.2035e-10 1.08512e-09 1.85019e-09 3.07515e-09 4.98232e-09 7.86872e-09 1.21133e-08 1.8175e-08 2.65767e-08 3.78701e-08 5.25796e-08 7.11255e-08 9.3736e-08 1.20359e-07 1.50594e-07 1.83667e-07 2.18454e-07 2.53571e-07 2.87504e-07 3.18761e-07 3.46013e-07 3.68189e-07 3.84511e-07 3.94482e-07 3.97833e-07 3.94482e-07 3.84511e-07 3.68189e-07 3.46013e-07 3.18761e-07 2.87504e-07 2.53571e-07 2.18454e-07 1.83667e-07 1.50594e-07 1.20359e-07 9.3736e-08 7.11255e-08 5.25796e-08 3.78701e-08 2.65767e-08 1.8175e-08 1.21133e-08 7.86872e-09 4.98232e-09 3.07515e-09 1.85019e-09 1.08512e-09 6.2035e-10 3.4567e-10 1.8772e-10 9.93414e-11 5.12215e-11 2.57278e-11 1.25864e-11 5.996e-12 2.78101e-12 1.25558e-12 5.51715e-13 2.35915e-13 9.81568e-14 3.97351e-14 1.56495e-14 5.99649e-15 2.23551e-15 8.10898e-16 2.86224e-16 9.83219e-17 3.28745e-17 1.07006e-17 3.39147e-18 1.04726e-18 3.16687e-19 9.95037e-20 
1.75773e-19 3.30915e-19 1.04726e-18 3.44543e-18 1.11013e-17 3.48489e-17 1.06517e-16 3.16936e-16 9.17839e-16 2.58664e-15 7.09287e-15 1.89226e-14 4.91112e-14 1.23995e-13 3.04544e-13 7.27666e-13 1.69155e-12 3.82605e-12 8.42163e-12 1.80424e-11 3.76295e-11 7.64173e-11 1.51139e-10 2.9119e-10 5.46612e-10 9.99916e-10 1.78278e-09 3.09842e-09 5.24965e-09 8.67161e-09 1.39657e-08 2.19291e-08 3.3571e-08 5.0104e-08 7.28979e-08 1.03384e-07 1.42908e-07 1.92526e-07 2.5278e-07 3.23473e-07 4.03502e-07 4.90791e-07 5.82377e-07 6.7463e-07 7.63606e-07 8.45439e-07 9.16695e-07 9.74619e-07 1.01722e-06 1.04323e-06 1.05197e-06 1.04323e-06 1.01722e-06 9.74619e-07 9.16695e-07 8.45439e-07 7.63606e-07 6.7463e-07 5.82377e-07 4.90791e-07 4.03502e-07 3.23473e-07 2.5278e-07 1.92526e-07 1.42908e-07 1.03384e-07 7.28979e-08 5.0104e-08 3.3571e-08 2.19291e-08 1.39657e-08 8.67161e-09 5.24965e-09 3.09842e-09 1.78278e-09 9.99916e-10 5.46612e-10 2.9119e-10 1.51139e-10 7.64173e-11 3.76295e-11 1.80424e-11 8.42163e-12 3.82605e-12 1.69155e-12 7.27666e-13 3.04544e-13 1.23995e-13 4.91112e-14 1.89226e-14 7.09287e-15 2.58664e-15 9.17839e-16 3.16936e-16 1.06517e-16 3.48489e-17 1.11013e-17 3.44543e-18 1.04726e-18 3.30915e-19 
5.74815e-19 1.07762e-18 3.39147e-18 1.11013e-17 3.55912e-17 1.1117e-16 3.38095e-16 1.0009e-15 2.8838e-15 8.0851e-15 2.20542e-14 5.85238e-14 1.51068e-13 3.79306e-13 9.2636e-13 2.20066e-12 5.08556e-12 1.14337e-11 2.50123e-11 5.32505e-11 1.10353e-10 2.22655e-10 4.37493e-10 8.37349e-10 1.56148e-09 2.83764e-09 5.02631e-09 8.67928e-09 1.46122e-08 2.39878e-08 3.84001e-08 5.99457e-08 9.12573e-08 1.35472e-07 1.96104e-07 2.76789e-07 3.80898e-07 5.11026e-07 6.68417e-07 8.52405e-07 1.06001e-06 1.28579e-06 1.52208e-06 1.75956e-06 1.98817e-06 2.19809e-06 2.38064e-06 2.52888e-06 2.63782e-06 2.70431e-06 2.72664e-06 2.70431e-06 2.63782e-06 2.52888e-06 2.38064e-06 2.19809e-06 1.98817e-06 1.75956e-06 1.52208e-06 1.28579e-06 1.06001e-06 8.52405e-07 6.68417e-07 5.11026e-07 3.80898e-07 2.76789e-07 1.96104e-07 1.35472e-07 9.12573e-08 5.99457e-08 3.84001e-08 2.39878e-08 1.46122e-08 8.67928e-09 5.02631e-09 2.83764e-09 1.56148e-09 8.37349e-10 4.37493e-10 2.22655e-10 1.10353e-10 5.32505e-11 2.50123e-11 1.14337e-11 5.08556e-12 2.20066e-12 9.2636e-13 3.79306e-13 1.51068e-13 5.85238e-14 2.20542e-14 8.0851e-15 2.8838e-15 1.0009e-15 3.38095e-16 1.1117e-16 3.55912e-17 1.11013e-17 3.39147e-18 1.07762e-18 
1.83147e-18 3.41905e-18 1.07006e-17 3.48489e-17 1.1117e-16 3.45511e-16 1.04551e-15 3.07949e-15 8.82729e-15 2.46205e-14 6.68066e-14 1.76335e-13 4.52706e-13 1.13038e-12 2.74505e-12 6.48344e-12 1.48941e-11 3.32832e-11 7.23601e-11 1.53079e-10 3.15188e-10 6.31779e-10 1.23315e-09 2.34442e-09 4.34247e-09 7.83841e-09 1.37913e-08 2.36569e-08 3.95688e-08 6.4543e-08 1.0268e-07 1.59329e-07 2.4115e-07 3.56009e-07 5.12636e-07 7.19969e-07 9.86178e-07 1.3174e-06 1.71635e-06 2.18093e-06 2.70336e-06 3.26979e-06 3.86099e-06 4.45379e-06 5.0233e-06 5.54536e-06 5.99872e-06 6.36645e-06 6.63649e-06 6.80118e-06 6.85649e-06 6.80118e-06 6.63649e-06 6.36645e-06 5.99872e-06 5.54536e-06 5.0233e-06 4.45379e-06 3.86099e-06 3.26979e-06 2.70336e-06 2.18093e-06 1.71635e-06 1.3174e-06 9.86178e-07 7.19969e-07 5.12636e-07 3.56009e-07 2.4115e-07 1.59329e-07 1.0268e-07 6.4543e-08 3.95688e-08 2.36569e-08 1.37913e-08 7.83841e-09 4.34247e-09 2.34442e-09 1.23315e-09 6.31779e-10 3.15188e-10 1.53079e-10 7.23601e-11 3.32832e-11 1.48941e-11 6.48344e-12 2.74505e-12 1.13038e-12 4.52706e-13 1.76335e-13 6.68066e-14 2.46205e-14 8.82729e-15 3.07949e-15 1.04551e-15 3.45511e-16 1.1117e-16 3.48489e-17 1.07006e-17 3.41905e-18 
5.68232e-18 1.05632e-17 3.28745e-17 1.06517e-16 3.38095e-16 1.04551e-15 3.14773e-15 9.2243e-15 2.63054e-14 7.2988e-14 1.97005e-13 5.17208e-13 1.32058e-12 3.27905e-12 7.91767e-12 1.85916e-11 4.24551e-11 9.42931e-11 2.03718e-10 4.28212e-10 8.75923e-10 1.74406e-09 3.38118e-09 6.38424e-09 1.17439e-08 2.10521e-08 3.67855e-08 6.26692e-08 1.04116e-07 1.68709e-07 2.66669e-07 4.11208e-07 6.18632e-07 9.08025e-07 1.30035e-06 1.81682e-06 2.47652e-06 3.29342e-06 4.27299e-06 5.40917e-06 6.68218e-06 8.05798e-06 9.48985e-06 1.0922e-05 1.2295e-05 1.35513e-05 1.46407e-05 1.55233e-05 1.61708e-05 1.65655e-05 1.6698e-05 1.65655e-05 1.61708e-05 1.55233e-05 1.46407e-05 1.35513e-05 1.2295e-05 1.0922e-05 9.48985e-06 8.05798e-06 6.68218e-06 5.40917e-06 4.27299e-06 3.29342e-06 2.47652e-06 1.81682e-06 1.30035e-06 9.08025e-07 6.18632e-07 4.11208e-07 2.66669e-07 1.68709e-07 1.04116e-07 6.26692e-08 3.67855e-08 2.10521e-08 1.17439e-08 6.38424e-09 3.38118e-09 1.74406e-09 8.75923e-10 4.28212e-10 2.03718e-10 9.42931e-11 4.24551e-11 1.85916e-11 7.91767e-12 3.27905e-12 1.32058e-12 5.17208e-13 1.97005e-13 7.2988e-14 2.63054e-14 9.2243e-15 3.14773e-15 1.04551e-15 3.38095e-16 1.06517e-16 3.28745e-17 1.05632e-17 
1.71642e-17 3.1772e-17 9.83219e-17 3.16936e-16 1.0009e-15 3.07949e-15 9.2243e-15 2.68929e-14 7.62952e-14 2.10583e-13 5.65375e-13 1.4763e-12 3.74871e-12 9.25597e-12 2.22215e-11 5.18725e-11 1.17742e-10 2.59893e-10 5.5794e-10 1.16518e-09 2.36762e-09 4.68231e-09 9.01498e-09 1.69029e-08 3.08738e-08 5.49524e-08 9.53412e-08 1.61284e-07 2.66085e-07 4.28214e-07 6.72331e-07 1.03002e-06 1.53987e-06 2.24663e-06 3.1989e-06 4.44524e-06 6.02859e-06 7.97931e-06 1.03076e-05 1.29967e-05 1.59982e-05 1.92309e-05 2.25852e-05 2.59314e-05 2.9132e-05 3.2055e-05 3.45855e-05 3.66331e-05 3.81339e-05 3.90481e-05 3.9355e-05 3.90481e-05 3.81339e-05 3.66331e-05 3.45855e-05 3.2055e-05 2.9132e-05 2.59314e-05 2.25852e-05 1.92309e-05 1.59982e-05 1.29967e-05 1.03076e-05 7.97931e-06 6.02859e-06 4.44524e-06 3.1989e-06 2.24663e-06 1.53987e-06 1.03002e-06 6.72331e-07 4.28214e-07 2.66085e-07 1.61284e-07 9.53412e-08 5.49524e-08 3.08738e-08 1.69029e-08 9.01498e-09 4.68231e-09 2.36762e-09 1.16518e-09 5.5794e-10 2.59893e-10 1.17742e-10 5.18725e-11 2.22215e-11 9.25597e-12 3.74871e-12 1.4763e-12 5.65375e-13 2.10583e-13 7.62952e-14 2.68929e-14 9.2243e-15 3.07949e-15 1.0009e-15 3.16936e-16 9.83219e-17 3.1772e-17 
5.04695e-17 9.30223e-17 2.86224e-16 9.17839e-16 2.8838e-15 8.82729e-15 2.63054e-14 7.62952e-14 2.15318e-13 5.9116e-13 1.57865e-12 4.09971e-12 1.03525e-11 2.54169e-11 6.06676e-11 1.4078e-10 3.17606e-10 6.96684e-10 1.48608e-09 3.08311e-09 6.22265e-09 1.22215e-08 2.33652e-08 4.34967e-08 7.88745e-08 1.39368e-07 2.40037e-07 4.03106e-07 6.60255e-07 1.05502e-06 1.64497e-06 2.50308e-06 3.71766e-06 5.38993e-06 7.62858e-06 1.05407e-05 1.42191e-05 1.87268e-05 2.40805e-05 3.02362e-05 3.7079e-05 4.44223e-05 5.20173e-05 5.95727e-05 6.67819e-05 7.33523e-05 7.90308e-05 8.36194e-05 8.69792e-05 8.90245e-05 8.97107e-05 8.90245e-05 8.69792e-05 8.36194e-05 7.90308e-05 7.33523e-05 6.67819e-05 5.95727e-05 5.20173e-05 4.44223e-05 3.7079e-05 3.02362e-05 2.40805e-05 1.87268e-05 1.42191e-05 1.05407e-05 7.62858e-06 5.38993e-06 3.71766e-06 2.50308e-06 1.64497e-06 1.05502e-06 6.60255e-07 4.03106e-07 2.40037e-07 1.39368e-07 7.88745e-08 4.34967e-08 2.33652e-08 1.22215e-08 6.22265e-09 3.08311e-09 1.48608e-09 6.96684e-10 3.17606e-10 1.4078e-10 6.06676e-11 2.54169e-11 1.03525e-11 4.09971e-12 1.57865e-12 5.9116e-13 2.15318e-13 7.62952e-14 2.63054e-14 8.82729e-15 2.8838e-15 9.17839e-16 2.86224e-16 9.30223e-17 
1.4444e-16 2.65072e-16 8.10898e-16 2.58664e-15 8.0851e-15 2.46205e-14 7.2988e-14 2.10583e-13 5.9116e-13 1.61436e-12 4.28769e-12 1.10737e-11 2.78067e-11 6.78792e-11 1.61074e-10 3.71539e-10 8.33064e-10 1.81585e-09 3.84827e-09 7.93073e-09 1.58973e-08 3.10044e-08 5.88506e-08 1.08758e-07 1.95757e-07 3.4331e-07 5.86854e-07 9.78145e-07 1.59019e-06 2.52227e-06 3.90431e-06 5.89923e-06 8.70203e-06 1.25336e-05 1.76282e-05 2.42128e-05 3.24798e-05 4.25535e-05 5.4456e-05 6.8076e-05 8.3151e-05 9.92664e-05 0.000115877 0.000132352 0.000148031 0.000162289 0.00017459 0.000184515 0.000191775 0.00019619 0.000197671 0.00019619 0.000191775 0.000184515 0.00017459 0.000162289 0.000148031 0.000132352 0.000115877 9.92664e-05 8.3151e-05 6.8076e-05 5.4456e-05 4.25535e-05 3.24798e-05 2.42128e-05 1.76282e-05 1.25336e-05 8.70203e-06 5.89923e-06 3.90431e-06 2.52227e-06 1.59019e-06 9.78145e-07 5.86854e-07 3.4331e-07 1.95757e-07 1.08758e-07 5.88506e-08 3.10044e-08 1.58973e-08 7.93073e-09 3.84827e-09 1.81585e-09 8.33064e-10 3.71539e-10 1.61074e-10 6.78792e-11 2.78067e-11 1.10737e-11 4.28769e-12 1.61436e-12 5.9116e-13 2.10583e-13 7.2988e-14 2.46205e-14 8.0851e-15 2.58664e-15 8.10898e-16 2.65072e-16 
4.02304e-16 7.35066e-16 2.23551e-15 7.09287e-15 2.20542e-14 6.68066e-14 1.97005e-13 5.65375e-13 1.57865e-12 4.28769e-12 1.13255e-11 2.90871e-11 7.2625e-11 1.76261e-10 4.15788e-10 9.53264e-10 2.12414e-09 4.60051e-09 9.68576e-09 1.98263e-08 3.94669e-08 7.64243e-08 1.44007e-07 2.64149e-07 4.71851e-07 8.21167e-07 1.39286e-06 2.3036e-06 3.71615e-06 5.84941e-06 8.9866e-06 1.34789e-05 1.97414e-05 2.82389e-05 3.94566e-05 5.3857e-05 7.18213e-05 9.35813e-05 0.00011915 0.00014826 0.000180332 0.000214477 0.000249543 0.00028421 0.000317112 0.000346963 0.000372664 0.00039337 0.000408497 0.000417691 0.000420773 0.000417691 0.000408497 0.00039337 0.000372664 0.000346963 0.000317112 0.00028421 0.000249543 0.000214477 0.000180332 0.00014826 0.00011915 9.35813e-05 7.18213e-05 5.3857e-05 3.94566e-05 2.82389e-05 1.97414e-05 1.34789e-05 8.9866e-06 5.84941e-06 3.71615e-06 2.3036e-06 1.39286e-06 8.21167e-07 4.71851e-07 2.64149e-07 1.44007e-07 7.64243e-08 3.94669e-08 1.98263e-08 9.68576e-09 4.60051e-09 2.12414e-09 9.53264e-10 4.15788e-10 1.76261e-10 7.2625e-11 2.90871e-11 1.13255e-11 4.28769e-12 1.57865e-12 5.65375e-13 1.97005e-13 6.68066e-14 2.20542e-14 7.09287e-15 2.23551e-15 7.35066e-16 
1.09043e-15 1.98354e-15 5.99649e-15 1.89226e-14 5.85238e-14 1.76335e-13 5.17208e-13 1.4763e-12 4.09971e-12 1.10737e-11 2.90871e-11 7.42819e-11 1.84401e-10 4.44919e-10 1.04325e-09 2.37716e-09 5.26366e-09 1.13265e-08 2.3688e-08 4.81567e-08 9.51877e-08 1.82989e-07 3.42248e-07 6.23012e-07 1.10427e-06 1.90666e-06 3.20838e-06 5.26388e-06 8.42397e-06 1.31549e-05 2.00527e-05 2.98473e-05 4.33905e-05 6.16225e-05 8.55099e-05 0.000115955 0.000153678 0.000199084 0.000252123 0.000312185 0.000378037 0.000447836 0.000519239 0.000589589 0.000656159 0.000716402 0.000768162 0.000809792 0.000840166 0.000858612 0.000864794 0.000858612 0.000840166 0.000809792 0.000768162 0.000716402 0.000656159 0.000589589 0.000519239 0.000447836 0.000378037 0.000312185 0.000252123 0.000199084 0.000153678 0.000115955 8.55099e-05 6.16225e-05 4.33905e-05 2.98473e-05 2.00527e-05 1.31549e-05 8.42397e-06 5.26388e-06 3.20838e-06 1.90666e-06 1.10427e-06 6.23012e-07 3.42248e-07 1.82989e-07 9.51877e-08 4.81567e-08 2.3688e-08 1.13265e-08 5.26366e-09 2.37716e-09 1.04325e-09 4.44919e-10 1.84401e-10 7.42819e-11 2.90871e-11 1.10737e-11 4.09971e-12 1.4763e-12 5.17208e-13 1.76335e-13 5.85238e-14 1.89226e-14 5.99649e-15 1.98354e-15 
2.87605e-15 5.20816e-15 1.56495e-14 4.91112e-14 1.51068e-13 4.52706e-13 1.32058e-12 3.74871e-12 1.03525e-11 2.78067e-11 7.2625e-11 1.84401e-10 4.55092e-10 1.0915e-09 2.54379e-09 5.76025e-09 1.26734e-08 2.70922e-08 5.6278e-08 1.13617e-07 2.22972e-07 4.25491e-07 7.89787e-07 1.42655e-06 2.50849e-06 4.2963e-06 7.17044e-06 1.16675e-05 1.85182e-05 2.86812e-05 4.33662e-05 6.40349e-05 9.23697e-05 0.000130199 0.000179368 0.000241561 0.000318071 0.000409543 0.00051573 0.00063529 0.000765691 0.000903262 0.00104341 0.00118098 0.00131075 0.00142786 0.00152826 0.00160886 0.00166759 0.00170322 0.00171516 0.00170322 0.00166759 0.00160886 0.00152826 0.00142786 0.00131075 0.00118098 0.00104341 0.000903262 0.000765691 0.00063529 0.00051573 0.000409543 0.000318071 0.000241561 0.000179368 0.000130199 9.23697e-05 6.40349e-05 4.33662e-05 2.86812e-05 1.85182e-05 1.16675e-05 7.17044e-06 4.2963e-06 2.50849e-06 1.42655e-06 7.89787e-07 4.25491e-07 2.22972e-07 1.13617e-07 5.6278e-08 2.70922e-08 1.26734e-08 5.76025e-09 2.54379e-09 1.0915e-09 4.55092e-10 1.84401e-10 7.2625e-11 2.78067e-11 1.03525e-11 3.74871e-12 1.32058e-12 4.52706e-13 1.51068e-13 4.91112e-14 1.56495e-14 5.20816e-15 
7.38151e-15 1.3306e-14 3.97351e-14 1.23995e-13 3.79306e-13 1.13038e-12 3.27905e-12 9.25597e-12 2.54169e-11 6.78792e-11 1.76261e-10 4.44919e-10 1.0915e-09 2.60199e-09 6.02656e-09 1.35604e-08 2.96415e-08 6.29436e-08 1.29856e-07 2.60312e-07 5.07152e-07 9.60541e-07 1.76921e-06 3.17037e-06 5.52975e-06 9.39259e-06 1.55446e-05 2.50794e-05 3.94663e-05 6.06073e-05 9.08682e-05 0.000133067 0.000190396 0.000266267 0.000364054 0.000486753 0.00063655 0.000814369 0.00101942 0.00124889 0.00149778 0.00175904 0.00202399 0.00228306 0.0025266 0.00274575 0.00293316 0.00308333 0.00319258 0.0032588 0.00328098 0.0032588 0.00319258 0.00308333 0.00293316 0.00274575 0.0025266 0.00228306 0.00202399 0.00175904 0.00149778 0.00124889 0.00101942 0.000814369 0.00063655 0.000486753 0.000364054 0.000266267 0.000190396 0.000133067 9.08682e-05 6.06073e-05 3.94663e-05 2.50794e-05 1.55446e-05 9.39259e-06 5.52975e-06 3.17037e-06 1.76921e-06 9.60541e-07 5.07152e-07 2.60312e-07 1.29856e-07 6.29436e-08 2.96415e-08 1.35604e-08 6.02656e-09 2.60199e-09 1.0915e-09 4.44919e-10 1.76261e-10 6.78792e-11 2.54169e-11 9.25597e-12 3.27905e-12 1.13038e-12 3.79306e-13 1.23995e-13 3.97351e-14 1.3306e-14 
1.84354e-14 3.30777e-14 9.81568e-14 3.04544e-13 9.2636e-13 2.74505e-12 7.91767e-12 2.22215e-11 6.06676e-11 1.61074e-10 4.15788e-10 1.04325e-09 2.54379e-09 6.02656e-09 1.38703e-08 3.10086e-08 6.73338e-08 1.42015e-07 2.90946e-07 5.79055e-07 1.11981e-06 2.10477e-06 3.84637e-06 6.837e-06 1.18265e-05 1.99181e-05 3.26803e-05 5.22664e-05 8.15274e-05 0.0001241 0.000184439 0.000267767 0.000379901 0.000526934 0.00071476 0.000948433 0.00123142 0.00156479 0.00194652 0.00237092 0.00282849 0.00330622 0.00378841 0.00425788 0.00469758 0.00509202 0.00542845 0.00569745 0.00589285 0.00601116 0.00605075 0.00601116 0.00589285 0.00569745 0.00542845 0.00509202 0.00469758 0.00425788 0.00378841 0.00330622 0.00282849 0.00237092 0.00194652 0.00156479 0.00123142 0.000948433 0.00071476 0.000526934 0.000379901 0.000267767 0.000184439 0.0001241 8.15274e-05 5.22664e-05 3.26803e-05 1.99181e-05 1.18265e-05 6.837e-06 3.84637e-06 2.10477e-06 1.11981e-06 5.79055e-07 2.90946e-07 1.42015e-07 6.73338e-08 3.10086e-08 1.38703e-08 6.02656e-09 2.54379e-09 1.04325e-09 4.15788e-10 1.61074e-10 6.06676e-11 2.22215e-11 7.91767e-12 2.74505e-12 9.2636e-13 3.04544e-13 9.81568e-14 3.30777e-14 
4.48059e-14 8.00145e-14 2.35915e-13 7.27666e-13 2.20066e-12 6.48344e-12 1.85916e-11 5.18725e-11 1.4078e-10 3.71539e-10 9.53264e-10 2.37716e-09 5.76025e-09 1.35604e-08 3.10086e-08 6.88674e-08 1.48536e-07 3.11118e-07 6.32867e-07 1.25037e-06 2.39988e-06 4.47581e-06 8.11405e-06 1.43043e-05 2.45343e-05 4.09632e-05 6.66167e-05 0.000105587 0.000163209 0.000246181 0.00036257 0.000521667 0.000733628 0.00100886 0.00135715 0.00178656 0.00230213 0.00290462 0.00358931 0.00434523 0.00515506 0.00599571 0.00683982 0.00765795 0.00842116 0.00910349 0.00968383 0.0101468 0.0104825 0.0106856 0.0107535 0.0106856 0.0104825 0.0101468 0.00968383 0.00910349 0.00842116 0.00765795 0.00683982 0.00599571 0.00515506 0.00434523 0.00358931 0.00290462 0.00230213 0.00178656 0.00135715 0.00100886 0.000733628 0.000521667 0.00036257 0.000246181 0.000163209 0.000105587 6.66167e-05 4.09632e-05 2.45343e-05 1.43043e-05 8.11405e-06 4.47581e-06 2.39988e-06 1.25037e-06 6.32867e-07 3.11118e-07 1.48536e-07 6.88674e-08 3.10086e-08 1.35604e-08 5.76025e-09 2.37716e-09 9.53264e-10 3.71539e-10 1.4078e-10 5.18725e-11 1.85916e-11 6.48344e-12 2.20066e-12 7.27666e-13 2.35915e-13 8.00145e-14 
1.05981e-13 1.88356e-13 5.51715e-13 1.69155e-12 5.08556e-12 1.48941e-11 4.24551e-11 1.17742e-10 3.17606e-10 8.33064e-10 2.12414e-09 5.26366e-09 1.26734e-08 2.96415e-08 6.73338e-08 1.48536e-07 3.18163e-07 6.61718e-07 1.33631e-06 2.62056e-06 4.99119e-06 9.23521e-06 1.6606e-05 2.90297e-05 4.93616e-05 8.16868e-05 0.000131643 0.000206733 0.00031658 0.000473048 0.000690175 0.00098381 0.0013709 0.00186839 0.00249168 0.0032528 0.00415836 0.00520748 0.00639016 0.00768618 0.00906516 0.0104878 0.0119084 0.0132785 0.0145512 0.0156849 0.0166461 0.0174111 0.0179648 0.0182992 0.018411 0.0182992 0.0179648 0.0174111 0.0166461 0.0156849 0.0145512 0.0132785 0.0119084 0.0104878 0.00906516 0.00768618 0.00639016 0.00520748 0.00415836 0.0032528 0.00249168 0.00186839 0.0013709 0.00098381 0.000690175 0.000473048 0.00031658 0.000206733 0.000131643 8.16868e-05 4.93616e-05 2.90297e-05 1.6606e-05 9.23521e-06 4.99119e-06 2.62056e-06 1.33631e-06 6.61718e-07 3.18163e-07 1.48536e-07 6.73338e-08 2.96415e-08 1.26734e-08 5.26366e-09 2.12414e-09 8.33064e-10 3.17606e-10 1.17742e-10 4.24551e-11 1.48941e-11 5.08556e-12 1.69155e-12 5.51715e-13 1.88356e-13 
2.43994e-13 4.31535e-13 1.25558e-12 3.82605e-12 1.14337e-11 3.32832e-11 9.42931e-11 2.59893e-10 6.96684e-10 1.81585e-09 4.60051e-09 1.13265e-08 2.70922e-08 6.29436e-08 1.42015e-07 3.11118e-07 6.61718e-07 1.36632e-06 2.73883e-06 5.33018e-06 1.00727e-05 1.84876e-05 3.29673e-05 5.71391e-05 9.63042e-05 0.000157931 0.00025216 0.00039226 0.000594935 0.000880399 0.00127208 0.00179584 0.00247867 0.00334674 0.0044229 0.00572375 0.00725648 0.00901598 0.0109825 0.0131203 0.0153783 0.0176923 0.0199893 0.022193 0.0242305 0.0260384 0.0275662 0.0287788 0.0296548 0.0301832 0.0303596 0.0301832 0.0296548 0.0287788 0.0275662 0.0260384 0.0242305 0.022193 0.0199893 0.0176923 0.0153783 0.0131203 0.0109825 0.00901598 0.00725648 0.00572375 0.0044229 0.00334674 0.00247867 0.00179584 0.00127208 0.000880399 0.000594935 0.00039226 0.00025216 0.000157931 9.63042e-05 5.71391e-05 3.29673e-05 1.84876e-05 1.00727e-05 5.33018e-06 2.73883e-06 1.36632e-06 6.61718e-07 3.11118e-07 1.42015e-07 6.29436e-08 2.70922e-08 1.13265e-08 4.60051e-09 1.81585e-09 6.96684e-10 2.59893e-10 9.42931e-11 3.32832e-11 1.14337e-11 3.82605e-12 1.25558e-12 4.31535e-13 
5.46814e-13 9.62352e-13 2.78101e-12 8.42163e-12 2.50123e-11 7.23601e-11 2.03718e-10 5.5794e-10 1.48608e-09 3.84827e-09 9.68576e-09 2.3688e-08 5.6278e-08 1.29856e-07 2.90946e-07 6.32867e-07 1.33631e-06 2.73883e-06 5.44852e-06 1.05213e-05 1.9724e-05 3.59044e-05 6.34836e-05 0.000109071 0.000182183 0.000296009 0.000468154 0.000721224 0.00108313 0.00158692 0.00227004 0.00317281 0.00433609 0.00579806 0.00759032 0.00973352 0.0122328 0.0150739 0.0182201 0.0216113 0.0251652 0.0287812 0.0323475 0.0357496 0.0388796 0.0416448 0.0439735 0.0458163 0.0471446 0.0479447 0.0482117 0.0479447 0.0471446 0.0458163 0.0439735 0.0416448 0.0388796 0.0357496 0.0323475 0.0287812 0.0251652 0.0216113 0.0182201 0.0150739 0.0122328 0.00973352 0.00759032 0.00579806 0.00433609 0.00317281 0.00227004 0.00158692 0.00108313 0.000721224 0.000468154 0.000296009 0.000182183 0.000109071 6.34836e-05 3.59044e-05 1.9724e-05 1.05213e-05 5.44852e-06 2.73883e-06 1.33631e-06 6.32867e-07 2.90946e-07 1.29856e-07 5.6278e-08 2.3688e-08 9.68576e-09 3.84827e-09 1.48608e-09 5.5794e-10 2.03718e-10 7.23601e-11 2.50123e-11 8.42163e-12 2.78101e-12 9.62352e-13 
1.19309e-12 2.0893e-12 5.996e-12 1.80424e-11 5.32505e-11 1.53079e-10 4.28212e-10 1.16518e-09 3.08311e-09 7.93073e-09 1.98263e-08 4.81567e-08 1.13617e-07 2.60312e-07 5.79055e-07 1.25037e-06 2.62056e-06 5.33018e-06 1.05213e-05 2.01553e-05 3.74761e-05 6.76468e-05 0.000118575 0.000201913 0.00033417 0.000537846 0.000842415 0.00128497 0.00191034 0.00277034 0.0039222 0.00542573 0.00733945 0.00971559 0.0125943 0.0159975 0.0199227 0.0243384 0.0291804 0.0343519 0.0397258 0.0451518 0.0504663 0.0555049 0.0601157 0.0641703 0.0675715 0.0702548 0.0721842 0.0733446 0.0737315 0.0733446 0.0721842 0.0702548 0.0675715 0.0641703 0.0601157 0.0555049 0.0504663 0.0451518 0.0397258 0.0343519 0.0291804 0.0243384 0.0199227 0.0159975 0.0125943 0.00971559 0.00733945 0.00542573 0.0039222 0.00277034 0.00191034 0.00128497 0.000842415 0.000537846 0.00033417 0.000201913 0.000118575 6.76468e-05 3.74761e-05 2.01553e-05 1.05213e-05 5.33018e-06 2.62056e-06 1.25037e-06 5.79055e-07 2.60312e-07 1.13617e-07 4.81567e-08 1.98263e-08 7.93073e-09 3.08311e-09 1.16518e-09 4.28212e-10 1.53079e-10 5.32505e-11 1.80424e-11 5.996e-12 2.0893e-12 
2.53479e-12 4.41658e-12 1.25864e-11 3.76295e-11 1.10353e-10 3.15188e-10 8.75923e-10 2.36762e-09 6.22265e-09 1.58973e-08 3.94669e-08 9.51877e-08 2.22972e-07 5.07152e-07 1.11981e-06 2.39988e-06 4.99119e-06 1.00727e-05 1.9724e-05 3.74761e-05 6.90985e-05 0.000123656 0.000214837 0.000362508 0.000594353 0.000947422 0.00146929 0.00221856 0.00326431 0.00468438 0.00656211 0.00898164 0.0120218 0.0157486 0.0202076 0.0254153 0.031352 0.0379564 0.0451229 0.0527021 0.0605069 0.0683223 0.0759202 0.083076 0.089586 0.0952822 0.10004 0.103782 0.106465 0.108076 0.108612 0.108076 0.106465 0.103782 0.10004 0.0952822 0.089586 0.083076 0.0759202 0.0683223 0.0605069 0.0527021 0.0451229 0.0379564 0.031352 0.0254153 0.0202076 0.0157486 0.0120218 0.00898164 0.00656211 0.00468438 0.00326431 0.00221856 0.00146929 0.000947422 0.000594353 0.000362508 0.000214837 0.000123656 6.90985e-05 3.74761e-05 1.9724e-05 1.00727e-05 4.99119e-06 2.39988e-06 1.11981e-06 5.07152e-07 2.22972e-07 9.51877e-08 3.94669e-08 1.58973e-08 6.22265e-09 2.36762e-09 8.75923e-10 3.15188e-10 1.10353e-10 3.76295e-11 1.25864e-11 4.41658e-12 
5.24466e-12 9.09212e-12 2.57278e-11 7.64173e-11 2.22655e-10 6.31779e-10 1.74406e-09 4.68231e-09 1.22215e-08 3.10044e-08 7.64243e-08 1.82989e-07 4.25491e-07 9.60541e-07 2.10477e-06 4.47581e-06 9.23521e-06 1.84876e-05 3.59044e-05 6.76468e-05 0.000123656 0.00021934 0.000377635 0.000631291 0.00102517 0.00161814 0.00248423 0.00371242 0.00540488 0.00767323 0.0106329 0.0143953 0.0190594 0.0247005 0.0313613 0.0390407 0.0476872 0.0571925 0.0673913 0.0780647 0.0889492 0.0997518 0.110169 0.119911 0.128717 0.136381 0.142753 0.147745 0.151316 0.153455 0.154167 0.153455 0.151316 0.147745 0.142753 0.136381 0.128717 0.119911 0.110169 0.0997518 0.0889492 0.0780647 0.0673913 0.0571925 0.0476872 0.0390407 0.0313613 0.0247005 0.0190594 0.0143953 0.0106329 0.00767323 0.00540488 0.00371242 0.00248423 0.00161814 0.00102517 0.000631291 0.000377635 0.00021934 0.000123656 6.76468e-05 3.59044e-05 1.84876e-05 9.23521e-06 4.47581e-06 2.10477e-06 9.60541e-07 4.25491e-07 1.82989e-07 7.64243e-08 3.10044e-08 1.22215e-08 4.68231e-09 1.74406e-09 6.31779e-10 2.22655e-10 7.64173e-11 2.57278e-11 9.09212e-12 
1.05697e-11 1.82311e-11 5.12215e-11 1.51139e-10 4.37493e-10 1.23315e-09 3.38118e-09 9.01498e-09 2.33652e-08 5.88506e-08 1.44007e-07 3.42248e-07 7.89787e-07 1.76921e-06 3.84637e-06 8.11405e-06 1.6606e-05 3.29673e-05 6.34836e-05 0.000118575 0.000214837 0.000377635 0.000644148 0.0010666 0.00171519 0.00268021 0.00407255 0.00602207 0.00867344 0.0121792 0.0166904 0.0223452 0.0292563 0.0374982 0.0470947 0.058009 0.0701362 0.0833003 0.0972562 0.111698 0.126271 0.140597 0.154293 0.167 0.17841 0.188282 0.196449 0.202822 0.207366 0.210083 0.210986 0.210083 0.207366 0.202822 0.196449 0.188282 0.17841 0.167 0.154293 0.140597 0.126271 0.111698 0.0972562 0.0833003 0.0701362 0.058009 0.0470947 0.0374982 0.0292563 0.0223452 0.0166904 0.0121792 0.00867344 0.00602207 0.00407255 0.00268021 0.00171519 0.0010666 0.000644148 0.000377635 0.000214837 0.000118575 6.34836e-05 3.29673e-05 1.6606e-05 8.11405e-06 3.84637e-06 1.76921e-06 7.89787e-07 3.42248e-07 1.44007e-07 5.88506e-08 2.33652e-08 9.01498e-09 3.38118e-09 1.23315e-09 4.37493e-10 1.51139e-10 5.12215e-11 1.82311e-11 
2.0751e-11 3.56118e-11 9.93414e-11 2.9119e-10 8.37349e-10 2.34442e-09 6.38424e-09 1.69029e-08 4.34967e-08 1.08758e-07 2.64149e-07 6.23012e-07 1.42655e-06 3.17037e-06 6.837e-06 1.43043e-05 2.90297e-05 5.71391e-05 0.000109071 0.000201913 0.000362508 0.000631291 0.0010666 0.00174893 0.00278443 0.00430662 0.00647543 0.00947276 0.0134943 0.018738 0.0253894 0.0336058 0.0435 0.0551257 0.0684646 0.0834177 0.099801 0.117347 0.13571 0.154485 0.173219 0.191446 0.208708 0.224591 0.238747 0.250915 0.26093 0.26871 0.274239 0.277537 0.278633 0.277537 0.274239 0.26871 0.26093 0.250915 0.238747 0.224591 0.208708 0.191446 0.173219 0.154485 0.13571 0.117347 0.099801 0.0834177 0.0684646 0.0551257 0.0435 0.0336058 0.0253894 0.018738 0.0134943 0.00947276 0.00647543 0.00430662 0.00278443 0.00174893 0.0010666 0.000631291 0.000362508 0.000201913 0.000109071 5.71391e-05 2.90297e-05 1.43043e-05 6.837e-06 3.17037e-06 1.42655e-06 6.23012e-07 2.64149e-07 1.08758e-07 4.34967e-08 1.69029e-08 6.38424e-09 2.34442e-09 8.37349e-10 2.9119e-10 9.93414e-11 3.56118e-11 
3.96916e-11 6.77757e-11 1.8772e-10 5.46612e-10 1.56148e-09 4.34247e-09 1.17439e-08 3.08738e-08 7.88745e-08 1.95757e-07 4.71851e-07 1.10427e-06 2.50849e-06 5.52975e-06 1.18265e-05 2.45343e-05 4.93616e-05 9.63042e-05 0.000182183 0.00033417 0.000594353 0.00102517 0.00171519 0.00278443 0.00438787 0.0067159 0.00999038 0.0144555 0.0203636 0.027957 0.0374469 0.0489929 0.0626839 0.0785229 0.0964168 0.116172 0.137498 0.16001 0.183251 0.206706 0.229831 0.252079 0.272939 0.291958 0.308773 0.323129 0.334875 0.343956 0.350387 0.354214 0.355484 0.354214 0.350387 0.343956 0.334875 0.323129 0.308773 0.291958 0.272939 0.252079 0.229831 0.206706 0.183251 0.16001 0.137498 0.116172 0.0964168 0.0785229 0.0626839 0.0489929 0.0374469 0.027957 0.0203636 0.0144555 0.00999038 0.0067159 0.00438787 0.00278443 0.00171519 0.00102517 0.000594353 0.00033417 0.000182183 9.63042e-05 4.93616e-05 2.45343e-05 1.18265e-05 5.52975e-06 2.50849e-06 1.10427e-06 4.71851e-07 1.95757e-07 7.88745e-08 3.08738e-08 1.17439e-08 4.34247e-09 1.56148e-09 5.46612e-10 1.8772e-10 6.77757e-11 
7.39747e-11 1.25691e-10 3.4567e-10 9.99916e-10 2.83764e-09 7.83841e-09 2.10521e-08 5.49524e-08 1.39368e-07 3.4331e-07 8.21167e-07 1.90666e-06 4.2963e-06 9.39259e-06 1.99181e-05 4.09632e-05 8.16868e-05 0.000157931 0.000296009 0.000537846 0.000947422 0.00161814 0.00268021 0.00430662 0.0067159 0.0101697 0.0149638 0.0214118 0.0298225 0.0404733 0.0535819 0.0692817 0.0876018 0.108455 0.131634 0.156816 0.183573 0.211392 0.239693 0.267863 0.295277 0.321339 0.345508 0.367329 0.386456 0.402662 0.415838 0.425973 0.433121 0.437365 0.43877 0.437365 0.433121 0.425973 0.415838 0.402662 0.386456 0.367329 0.345508 0.321339 0.295277 0.267863 0.239693 0.211392 0.183573 0.156816 0.131634 0.108455 0.0876018 0.0692817 0.0535819 0.0404733 0.0298225 0.0214118 0.0149638 0.0101697 0.0067159 0.00430662 0.00268021 0.00161814 0.000947422 0.000537846 0.000296009 0.000157931 8.16868e-05 4.09632e-05 1.99181e-05 9.39259e-06 4.2963e-06 1.90666e-06 8.21167e-07 3.4331e-07 1.39368e-07 5.49524e-08 2.10521e-08 7.83841e-09 2.83764e-09 9.99916e-10 3.4567e-10 1.25691e-10 
1.34345e-10 2.27155e-10 6.2035e-10 1.78278e-09 5.02631e-09 1.37913e-08 3.67855e-08 9.53412e-08 2.40037e-07 5.86854e-07 1.39286e-06 3.20838e-06 7.17044e-06 1.55446e-05 3.26803e-05 6.66167e-05 0.000131643 0.00025216 0.000468154 0.000842415 0.00146929 0.00248423 0.00407255 0.00647543 0.00999038 0.0149638 0.0217742 0.0308058 0.0424149 0.0568938 0.0744351 0.0951051 0.118827 0.145376 0.174388 0.205378 0.237761 0.270887 0.304066 0.336603 0.36783 0.397137 0.423997 0.447991 0.468826 0.486336 0.500474 0.511288 0.518883 0.523378 0.524865 0.523378 0.518883 0.511288 0.500474 0.486336 0.468826 0.447991 0.423997 0.397137 0.36783 0.336603 0.304066 0.270887 0.237761 0.205378 0.174388 0.145376 0.118827 0.0951051 0.0744351 0.0568938 0.0424149 0.0308058 0.0217742 0.0149638 0.00999038 0.00647543 0.00407255 0.00248423 0.00146929 0.000842415 0.000468154 0.00025216 0.000131643 6.66167e-05 3.26803e-05 1.55446e-05 7.17044e-06 3.20838e-06 1.39286e-06 5.86854e-07 2.40037e-07 9.53412e-08 3.67855e-08 1.37913e-08 5.02631e-09 1.78278e-09 6.2035e-10 2.27155e-10 
2.3776e-10 4.00093e-10 1.08512e-09 3.09842e-09 8.67928e-09 2.36569e-08 6.26692e-08 1.61284e-07 4.03106e-07 9.78145e-07 2.3036e-06 5.26388e-06 1.16675e-05 2.50794e-05 5.22664e-05 0.000105587 0.000206733 0.00039226 0.000721224 0.00128497 0.00221856 0.00371242 0.00602207 0.00947276 0.0144555 0.0214118 0.0308058 0.0430846 0.0586323 0.0777225 0.100479 0.126849 0.156595 0.189307 0.224424 0.261274 0.299108 0.337149 0.374622 0.410792 0.444992 0.476645 0.505288 0.530584 0.552326 0.570437 0.584951 0.595984 0.603698 0.608248 0.609752 0.608248 0.603698 0.595984 0.584951 0.570437 0.552326 0.530584 0.505288 0.476645 0.444992 0.410792 0.374622 0.337149 0.299108 0.261274 0.224424 0.189307 0.156595 0.126849 0.100479 0.0777225 0.0586323 0.0430846 0.0308058 0.0214118 0.0144555 0.00947276 0.00602207 0.00371242 0.00221856 0.00128497 0.000721224 0.00039226 0.000206733 0.000105587 5.22664e-05 2.50794e-05 1.16675e-05 5.26388e-06 2.3036e-06 9.78145e-07 4.03106e-07 1.61284e-07 6.26692e-08 2.36569e-08 8.67928e-09 3.09842e-09 1.08512e-09 4.00093e-10 
4.10049e-10 6.86803e-10 1.85019e-09 5.24965e-09 1.46122e-08 3.95688e-08 1.04116e-07 2.66085e-07 6.60255e-07 1.59019e-06 3.71615e-06 8.42397e-06 1.85182e-05 3.94663e-05 8.15274e-05 0.000163209 0.00031658 0.000594935 0.00108313 0.00191034 0.00326431 0.00540488 0.00867344 0.0134943 0.0203636 0.0298225 0.0424149 0.0586323 0.0788531 0.103287 0.131933 0.16456 0.200718 0.239763 0.28091 0.32329 0.366004 0.408175 0.448988 0.487718 0.523756 0.556616 0.585946 0.611528 0.633274 0.651214 0.665475 0.676243 0.683733 0.688137 0.689589 0.688137 0.683733 0.676243 0.665475 0.651214 0.633274 0.611528 0.585946 0.556616 0.523756 0.487718 0.448988 0.408175 0.366004 0.32329 0.28091 0.239763 0.200718 0.16456 0.131933 0.103287 0.0788531 0.0586323 0.0424149 0.0298225 0.0203636 0.0134943 0.00867344 0.00540488 0.00326431 0.00191034 0.00108313 0.000594935 0.00031658 0.000163209 8.15274e-05 3.94663e-05 1.85182e-05 8.42397e-06 3.71615e-06 1.59019e-06 6.60255e-07 2.66085e-07 1.04116e-07 3.95688e-08 1.46122e-08 5.24965e-09 1.85019e-09 6.86803e-10 
6.89147e-10 1.14906e-09 3.07515e-09 8.67161e-09 2.39878e-08 6.4543e-08 1.68709e-07 4.28214e-07 1.05502e-06 2.52227e-06 5.84941e-06 1.31549e-05 2.86812e-05 6.06073e-05 0.0001241 0.000246181 0.000473048 0.000880399 0.00158692 0.00277034 0.00468438 0.00767323 0.0121792 0.018738 0.027957 0.0404733 0.0568938 0.0777225 0.103287 0.133675 0.168701 0.207896 0.250546 0.295743 0.342469 0.389667 0.43632 0.481501 0.524412 0.564403 0.60098 0.633798 0.662659 0.687496 0.708356 0.725386 0.738803 0.748861 0.755818 0.759894 0.761235 0.759894 0.755818 0.748861 0.738803 0.725386 0.708356 0.687496 0.662659 0.633798 0.60098 0.564403 0.524412 0.481501 0.43632 0.389667 0.342469 0.295743 0.250546 0.207896 0.168701 0.133675 0.103287 0.0777225 0.0568938 0.0404733 0.027957 0.018738 0.0121792 0.00767323 0.00468438 0.00277034 0.00158692 0.000880399 0.000473048 0.000246181 0.0001241 6.06073e-05 2.86812e-05 1.31549e-05 5.84941e-06 2.52227e-06 1.05502e-06 4.28214e-07 1.68709e-07 6.4543e-08 2.39878e-08 8.67161e-09 3.07515e-09 1.14906e-09 
1.12862e-09 1.87361e-09 4.98232e-09 1.39657e-08 3.84001e-08 1.0268e-07 2.66669e-07 6.72331e-07 1.64497e-06 3.90431e-06 8.9866e-06 2.00527e-05 4.33662e-05 9.08682e-05 0.000184439 0.00036257 0.000690175 0.00127208 0.00227004 0.0039222 0.00656211 0.0106329 0.0166904 0.0253894 0.0374469 0.0535819 0.0744351 0.100479 0.131933 0.168701 0.210348 0.256118 0.304997 0.355803 0.407293 0.458263 0.507627 0.554475 0.59809 0.63796 0.67376 0.705329 0.73265 0.755819 0.775028 0.790531 0.802627 0.811623 0.817808 0.821416 0.8226 0.821416 0.817808 0.811623 0.802627 0.790531 0.775028 0.755819 0.73265 0.705329 0.67376 0.63796 0.59809 0.554475 0.507627 0.458263 0.407293 0.355803 0.304997 0.256118 0.210348 0.168701 0.131933 0.100479 0.0744351 0.0535819 0.0374469 0.0253894 0.0166904 0.0106329 0.00656211 0.0039222 0.00227004 0.00127208 0.000690175 0.00036257 0.000184439 9.08682e-05 4.33662e-05 2.00527e-05 8.9866e-06 3.90431e-06 1.64497e-06 6.72331e-07 2.66669e-07 1.0268e-07 3.84001e-08 1.39657e-08 4.98232e-09 1.87361e-09 
1.80103e-09 2.97733e-09 7.86872e-09 2.19291e-08 5.99457e-08 1.59329e-07 4.11208e-07 1.03002e-06 2.50308e-06 5.89923e-06 1.34789e-05 2.98473e-05 6.40349e-05 0.000133067 0.000267767 0.000521667 0.00098381 0.00179584 0.00317281 0.00542573 0.00898164 0.0143953 0.0223452 0.0336058 0.0489929 0.0692817 0.0951051 0.126849 0.16456 0.207896 0.256118 0.308145 0.362648 0.418187 0.473332 0.526788 0.577473 0.624558 0.667481 0.70592 0.739759 0.769048 0.79396 0.814754 0.831749 0.845297 0.855755 0.863465 0.868731 0.871789 0.872791 0.871789 0.868731 0.863465 0.855755 0.845297 0.831749 0.814754 0.79396 0.769048 0.739759 0.70592 0.667481 0.624558 0.577473 0.526788 0.473332 0.418187 0.362648 0.308145 0.256118 0.207896 0.16456 0.126849 0.0951051 0.0692817 0.0489929 0.0336058 0.0223452 0.0143953 0.00898164 0.00542573 0.00317281 0.00179584 0.00098381 0.000521667 0.000267767 0.000133067 6.40349e-05 2.98473e-05 1.34789e-05 5.89923e-06 2.50308e-06 1.03002e-06 4.11208e-07 1.59329e-07 5.99457e-08 2.19291e-08 7.86872e-09 2.97733e-09 
2.80018e-09 4.61051e-09 1.21133e-08 3.3571e-08 9.12573e-08 2.4115e-07 6.18632e-07 1.53987e-06 3.71766e-06 8.70203e-06 1.97414e-05 4.33905e-05 9.23697e-05 0.000190396 0.000379901 0.000733628 0.0013709 0.00247867 0.00433609 0.00733945 0.0120218 0.0190594 0.0292563 0.0435 0.0626839 0.0876018 0.118827 0.156595 0.200718 0.250546 0.304997 0.362648 0.421875 0.481011 0.538507 0.59305 0.643635 0.689594 0.730568 0.76647 0.797415 0.823666 0.845578 0.863556 0.878024 0.8894 0.898081 0.90442 0.908717 0.9112 0.912012 0.9112 0.908717 0.90442 0.898081 0.8894 0.878024 0.863556 0.845578 0.823666 0.797415 0.76647 0.730568 0.689594 0.643635 0.59305 0.538507 0.481011 0.421875 0.362648 0.304997 0.250546 0.200718 0.156595 0.118827 0.0876018 0.0626839 0.0435 0.0292563 0.0190594 0.0120218 0.00733945 0.00433609 0.00247867 0.0013709 0.000733628 0.000379901 0.000190396 9.23697e-05 4.33905e-05 1.97414e-05 8.70203e-06 3.71766e-06 1.53987e-06 6.18632e-07 2.4115e-07 9.12573e-08 3.3571e-08 1.21133e-08 4.61051e-09 
4.2413e-09 6.95675e-09 1.8175e-08 5.0104e-08 1.35472e-07 3.56009e-07 9.08025e-07 2.24663e-06 5.38993e-06 1.25336e-05 2.82389e-05 6.16225e-05 0.000130199 0.000266267 0.000526934 0.00100886 0.00186839 0.00334674 0.00579806 0.00971559 0.0157486 0.0247005 0.0374982 0.0551257 0.0785229 0.108455 0.145376 0.189307 0.239763 0.295743 0.355803 0.418187 0.481011 0.542453 0.600921 0.655166 0.704341 0.747992 0.786013 0.818565 0.845997 0.868771 0.887398 0.902396 0.914263 0.923456 0.930381 0.935386 0.938751 0.940684 0.941314 0.940684 0.938751 0.935386 0.930381 0.923456 0.914263 0.902396 0.887398 0.868771 0.845997 0.818565 0.786013 0.747992 0.704341 0.655166 0.600921 0.542453 0.481011 0.418187 0.355803 0.295743 0.239763 0.189307 0.145376 0.108455 0.0785229 0.0551257 0.0374982 0.0247005 0.0157486 0.00971559 0.00579806 0.00334674 0.00186839 0.00100886 0.000526934 0.000266267 0.000130199 6.16225e-05 2.82389e-05 1.25336e-05 5.38993e-06 2.24663e-06 9.08025e-07 3.56009e-07 1.35472e-07 5.0104e-08 1.8175e-08 6.95675e-09 
6.25753e-09 1.0227e-08 2.65767e-08 7.28979e-08 1.96104e-07 5.12636e-07 1.30035e-06 3.1989e-06 7.62858e-06 1.76282e-05 3.94566e-05 8.55099e-05 0.000179368 0.000364054 0.00071476 0.00135715 0.00249168 0.0044229 0.00759032 0.0125943 0.0202076 0.0313613 0.0470947 0.0684646 0.0964168 0.131634 0.174388 0.224424 0.28091 0.342469 0.407293 0.473332 0.538507 0.600921 0.659026 0.711723 0.758385 0.798823 0.833195 0.861915 0.885544 0.90471 0.920045 0.932143 0.941539 0.948698 0.954016 0.957814 0.960345 0.961791 0.962261 0.961791 0.960345 0.957814 0.954016 0.948698 0.941539 0.932143 0.920045 0.90471 0.885544 0.861915 0.833195 0.798823 0.758385 0.711723 0.659026 0.600921 0.538507 0.473332 0.407293 0.342469 0.28091 0.224424 0.174388 0.131634 0.0964168 0.0684646 0.0470947 0.0313613 0.0202076 0.0125943 0.00759032 0.0044229 0.00249168 0.00135715 0.00071476 0.000364054 0.000179368 8.55099e-05 3.94566e-05 1.76282e-05 7.62858e-06 3.1989e-06 1.30035e-06 5.12636e-07 1.96104e-07 7.28979e-08 2.65767e-08 1.0227e-08 
8.99164e-09 1.4646e-08 3.78701e-08 1.03384e-07 2.76789e-07 7.19969e-07 1.81682e-06 4.44524e-06 1.05407e-05 2.42128e-05 5.3857e-05 0.000115955 0.000241561 0.000486753 0.000948433 0.00178656 0.0032528 0.00572375 0.00973352 0.0159975 0.0254153 0.0390407 0.058009 0.0834177 0.116172 0.156816 0.205378 0.261274 0.32329 0.389667 0.458263 0.526788 0.59305 0.655166 0.711723 0.761841 0.805167 0.841794 0.872148 0.896869 0.916697 0.932385 0.944642 0.954098 0.961294 0.966679 0.970616 0.973392 0.975223 0.976262 0.976598 0.976262 0.975223 0.973392 0.970616 0.966679 0.961294 0.954098 0.944642 0.932385 0.916697 0.896869 0.872148 0.841794 0.805167 0.761841 0.711723 0.655166 0.59305 0.526788 0.458263 0.389667 0.32329 0.261274 0.205378 0.156816 0.116172 0.0834177 0.058009 0.0390407 0.0254153 0.0159975 0.00973352 0.00572375 0.0032528 0.00178656 0.000948433 0.000486753 0.000241561 0.000115955 5.3857e-05 2.42128e-05 1.05407e-05 4.44524e-06 1.81682e-06 7.19969e-07 2.76789e-07 1.03384e-07 3.78701e-08 1.4646e-08 
