6.93622e-09 7.89066e-09 1.09659e-08 1.68326e-08 2.67273e-08 4.26433e-08 6.76197e-08 1.06154e-07 1.64762e-07 2.52728e-07 3.83068e-07 5.73751e-07 8.4921e-07 1.24216e-06 1.79571e-06 2.56582e-06 3.62393e-06 5.0598e-06 6.98426e-06 9.53189e-06 1.28631e-05 1.71656e-05 2.26547e-05 2.95718e-05 3.8182e-05 4.87683e-05 6.16245e-05 7.70448e-05 9.53116e-05 0.000116681 0.000141364 0.000169515 0.000201206 0.000236418 0.000275023 0.000316771 0.000361289 0.000408076 0.000456511 0.000505859 0.000555297 0.000603926 0.000650808 0.000694987 0.000735526 0.000771537 0.000802211 0.000826845 0.000844867 0.000855853 0.000859545 0.000855853 0.000844867 0.000826845 0.000802211 0.000771537 0.000735526 0.000694987 0.000650808 0.000603926 0.000555297 0.000505859 0.000456511 0.000408076 0.000361289 0.000316771 0.000275023 0.000236418 0.000201206 0.000169515 0.000141364 0.000116681 9.53116e-05 7.70448e-05 6.16245e-05 4.87683e-05 3.8182e-05 2.95718e-05 2.26547e-05 1.71656e-05 1.28631e-05 9.53189e-06 6.98426e-06 5.0598e-06 3.62393e-06 2.56582e-06 1.79571e-06 1.24216e-06 8.4921e-07 5.73751e-07 3.83068e-07 2.52728e-07 1.64762e-07 1.06154e-07 6.76197e-08 4.26433e-08 2.67273e-08 1.68326e-08 1.09659e-08 7.89066e-09 
7.89066e-09 8.97231e-09 1.24563e-08 1.90985e-08 3.02924e-08 4.82814e-08 7.64826e-08 1.19946e-07 1.85982e-07 2.8499e-07 4.31528e-07 6.45672e-07 9.54677e-07 1.39498e-06 2.01454e-06 2.87551e-06 4.0571e-06 5.65869e-06 7.80281e-06 1.0638e-05 1.4341e-05 1.91183e-05 2.52061e-05 3.28694e-05 4.23979e-05 5.41008e-05 6.82979e-05 8.5309e-05 0.00010544 0.000128967 0.000156117 0.000187052 0.000221848 0.000260477 0.000302793 0.00034852 0.000397246 0.00044842 0.000501362 0.000555271 0.000609248 0.000662315 0.000713451 0.00076162 0.000805804 0.000845041 0.000878455 0.000905283 0.000924907 0.000936869 0.000940888 0.000936869 0.000924907 0.000905283 0.000878455 0.000845041 0.000805804 0.00076162 0.000713451 0.000662315 0.000609248 0.000555271 0.000501362 0.00044842 0.000397246 0.00034852 0.000302793 0.000260477 0.000221848 0.000187052 0.000156117 0.000128967 0.00010544 8.5309e-05 6.82979e-05 5.41008e-05 4.23979e-05 3.28694e-05 2.52061e-05 1.91183e-05 1.4341e-05 1.0638e-05 7.80281e-06 5.65869e-06 4.0571e-06 2.87551e-06 2.01454e-06 1.39498e-06 9.54677e-07 6.45672e-07 4.31528e-07 2.8499e-07 1.85982e-07 1.19946e-07 7.64826e-08 4.82814e-08 3.02924e-08 1.90985e-08 1.24563e-08 8.97231e-09 
1.09659e-08 1.24563e-08 1.72531e-08 2.63856e-08 4.17481e-08 6.63843e-08 1.04919e-07 1.64167e-07 2.53966e-07 3.88268e-07 5.86547e-07 8.75564e-07 1.29154e-06 1.88272e-06 2.71241e-06 3.86235e-06 5.43633e-06 7.56411e-06 1.04051e-05 1.41516e-05 1.90319e-05 2.53113e-05 3.32923e-05 4.33123e-05 5.57389e-05 7.09622e-05 8.93837e-05 0.000111402 0.000137397 0.000167704 0.000202601 0.000242275 0.000286805 0.000336141 0.00039008 0.000448259 0.000510144 0.000575031 0.000642055 0.000710205 0.000778348 0.000845261 0.000909666 0.000970274 0.00102582 0.00107511 0.00111705 0.00115071 0.00117533 0.00119032 0.00119536 0.00119032 0.00117533 0.00115071 0.00111705 0.00107511 0.00102582 0.000970274 0.000909666 0.000845261 0.000778348 0.000710205 0.000642055 0.000575031 0.000510144 0.000448259 0.00039008 0.000336141 0.000286805 0.000242275 0.000202601 0.000167704 0.000137397 0.000111402 8.93837e-05 7.09622e-05 5.57389e-05 4.33123e-05 3.32923e-05 2.53113e-05 1.90319e-05 1.41516e-05 1.04051e-05 7.56411e-06 5.43633e-06 3.86235e-06 2.71241e-06 1.88272e-06 1.29154e-06 8.75564e-07 5.86547e-07 3.88268e-07 2.53966e-07 1.64167e-07 1.04919e-07 6.63843e-08 4.17481e-08 2.63856e-08 1.72531e-08 1.24563e-08 
1.68326e-08 1.90985e-08 2.63856e-08 4.02381e-08 6.34931e-08 1.00698e-07 1.58745e-07 2.47757e-07 3.82301e-07 5.8296e-07 8.78368e-07 1.30773e-06 1.92389e-06 2.79701e-06 4.01873e-06 5.7069e-06 8.01061e-06 1.11153e-05 1.5248e-05 2.06811e-05 2.77366e-05 3.67868e-05 4.82539e-05 6.26068e-05 8.0353e-05 0.000102028 0.000128179 0.000159346 0.000196036 0.000238695 0.000287679 0.000343224 0.000405411 0.000474139 0.000549105 0.000629782 0.000715417 0.000805026 0.000897411 0.000991182 0.00108479 0.00117657 0.00126479 0.00134771 0.00142362 0.00149092 0.00154814 0.00159404 0.00162758 0.00164801 0.00165488 0.00164801 0.00162758 0.00159404 0.00154814 0.00149092 0.00142362 0.00134771 0.00126479 0.00117657 0.00108479 0.000991182 0.000897411 0.000805026 0.000715417 0.000629782 0.000549105 0.000474139 0.000405411 0.000343224 0.000287679 0.000238695 0.000196036 0.000159346 0.000128179 0.000102028 8.0353e-05 6.26068e-05 4.82539e-05 3.67868e-05 2.77366e-05 2.06811e-05 1.5248e-05 1.11153e-05 8.01061e-06 5.7069e-06 4.01873e-06 2.79701e-06 1.92389e-06 1.30773e-06 8.78368e-07 5.8296e-07 3.82301e-07 2.47757e-07 1.58745e-07 1.00698e-07 6.34931e-08 4.02381e-08 2.63856e-08 1.90985e-08 
2.67273e-08 3.02924e-08 4.17481e-08 6.34931e-08 9.99262e-08 1.58083e-07 2.48596e-07 3.87041e-07 5.95749e-07 9.06182e-07 1.36194e-06 2.02252e-06 2.96783e-06 4.30351e-06 6.16706e-06 8.73455e-06 1.22278e-05 1.69216e-05 2.31506e-05 3.13152e-05 4.18853e-05 5.54026e-05 7.24779e-05 9.37855e-05 0.000120051 0.000152037 0.000190514 0.000236237 0.00028991 0.000352141 0.000423406 0.000504001 0.000594002 0.000693226 0.000801198 0.000917134 0.00103993 0.00116816 0.00130011 0.00143379 0.00156703 0.00169746 0.00182266 0.00194019 0.00204766 0.00214284 0.00222372 0.00228854 0.00233589 0.00236473 0.00237442 0.00236473 0.00233589 0.00228854 0.00222372 0.00214284 0.00204766 0.00194019 0.00182266 0.00169746 0.00156703 0.00143379 0.00130011 0.00116816 0.00103993 0.000917134 0.000801198 0.000693226 0.000594002 0.000504001 0.000423406 0.000352141 0.00028991 0.000236237 0.000190514 0.000152037 0.000120051 9.37855e-05 7.24779e-05 5.54026e-05 4.18853e-05 3.13152e-05 2.31506e-05 1.69216e-05 1.22278e-05 8.73455e-06 6.16706e-06 4.30351e-06 2.96783e-06 2.02252e-06 1.36194e-06 9.06182e-07 5.95749e-07 3.87041e-07 2.48596e-07 1.58083e-07 9.99262e-08 6.34931e-08 4.17481e-08 3.02924e-08 
4.26433e-08 4.82814e-08 6.63843e-08 1.00698e-07 1.58083e-07 2.49487e-07 3.91411e-07 6.07958e-07 9.33583e-07 1.41667e-06 2.12404e-06 3.14656e-06 4.60583e-06 6.66205e-06 9.52289e-06 1.34533e-05 1.87855e-05 2.59297e-05 3.53829e-05 4.77372e-05 6.36846e-05 8.40183e-05 0.000109628 0.000141492 0.000180656 0.000228209 0.000285249 0.00035284 0.00043196 0.000523445 0.000627931 0.000745791 0.000877073 0.00102146 0.0011782 0.00134613 0.00152362 0.00170859 0.00189856 0.0020907 0.00228186 0.00246872 0.00264784 0.00281576 0.00296915 0.00310488 0.00322012 0.00331242 0.00337981 0.00342083 0.00343461 0.00342083 0.00337981 0.00331242 0.00322012 0.00310488 0.00296915 0.00281576 0.00264784 0.00246872 0.00228186 0.0020907 0.00189856 0.00170859 0.00152362 0.00134613 0.0011782 0.00102146 0.000877073 0.000745791 0.000627931 0.000523445 0.00043196 0.00035284 0.000285249 0.000228209 0.000180656 0.000141492 0.000109628 8.40183e-05 6.36846e-05 4.77372e-05 3.53829e-05 2.59297e-05 1.87855e-05 1.34533e-05 9.52289e-06 6.66205e-06 4.60583e-06 3.14656e-06 2.12404e-06 1.41667e-06 9.33583e-07 6.07958e-07 3.91411e-07 2.49487e-07 1.58083e-07 1.00698e-07 6.63843e-08 4.82814e-08 
6.76197e-08 7.64826e-08 1.04919e-07 1.58745e-07 2.48596e-07 3.91411e-07 6.12652e-07 9.49409e-07 1.45454e-06 2.20203e-06 3.29375e-06 4.86772e-06 7.10799e-06 1.02562e-05 1.46242e-05 2.06087e-05 2.87048e-05 3.95213e-05 5.37928e-05 7.23903e-05 9.6327e-05 0.000126759 0.000164976 0.000212387 0.000270491 0.000340838 0.000424979 0.000524403 0.000640463 0.000774298 0.000926746 0.00109826 0.00128883 0.0014979 0.00172435 0.00196642 0.00222171 0.00248722 0.0027594 0.00303418 0.00330713 0.00357352 0.00382852 0.00406728 0.00428514 0.00447773 0.00464111 0.00477188 0.00486732 0.0049254 0.0049449 0.0049254 0.00486732 0.00477188 0.00464111 0.00447773 0.00428514 0.00406728 0.00382852 0.00357352 0.00330713 0.00303418 0.0027594 0.00248722 0.00222171 0.00196642 0.00172435 0.0014979 0.00128883 0.00109826 0.000926746 0.000774298 0.000640463 0.000524403 0.000424979 0.000340838 0.000270491 0.000212387 0.000164976 0.000126759 9.6327e-05 7.23903e-05 5.37928e-05 3.95213e-05 2.87048e-05 2.06087e-05 1.46242e-05 1.02562e-05 7.10799e-06 4.86772e-06 3.29375e-06 2.20203e-06 1.45454e-06 9.49409e-07 6.12652e-07 3.91411e-07 2.48596e-07 1.58745e-07 1.04919e-07 7.64826e-08 
1.06154e-07 1.19946e-07 1.64167e-07 2.47757e-07 3.87041e-07 6.07958e-07 9.49409e-07 1.4679e-06 2.2437e-06 3.38883e-06 5.05701e-06 7.45577e-06 1.08609e-05 1.56331e-05 2.22364e-05 3.12581e-05 4.34291e-05 5.96434e-05 8.09756e-05 0.000108694 0.000144266 0.000189358 0.000245821 0.000315663 0.000401007 0.000504035 0.000626912 0.000771693 0.000940228 0.00113404 0.00135421 0.00160127 0.00187507 0.00217473 0.00249851 0.00284383 0.00320723 0.00358441 0.0039703 0.00435918 0.00474479 0.00512057 0.00547976 0.00581565 0.0061218 0.00639216 0.00662133 0.00680465 0.00693836 0.00701971 0.00704702 0.00701971 0.00693836 0.00680465 0.00662133 0.00639216 0.0061218 0.00581565 0.00547976 0.00512057 0.00474479 0.00435918 0.0039703 0.00358441 0.00320723 0.00284383 0.00249851 0.00217473 0.00187507 0.00160127 0.00135421 0.00113404 0.000940228 0.000771693 0.000626912 0.000504035 0.000401007 0.000315663 0.000245821 0.000189358 0.000144266 0.000108694 8.09756e-05 5.96434e-05 4.34291e-05 3.12581e-05 2.22364e-05 1.56331e-05 1.08609e-05 7.45577e-06 5.05701e-06 3.38883e-06 2.2437e-06 1.4679e-06 9.49409e-07 6.07958e-07 3.87041e-07 2.47757e-07 1.64167e-07 1.19946e-07 
1.64762e-07 1.85982e-07 2.53966e-07 3.82301e-07 5.95749e-07 9.33583e-07 1.45454e-06 2.2437e-06 3.42157e-06 5.15577e-06 7.67551e-06 1.12892e-05 1.64053e-05 2.35559e-05 3.34229e-05 4.68658e-05 6.49499e-05 8.89728e-05 0.000120487 0.000161315 0.000213559 0.000279588 0.000362023 0.000463687 0.00058755 0.000736637 0.000913924 0.00112221 0.00136398 0.00164122 0.00195531 0.0023068 0.00269532 0.00311946 0.00357662 0.00406306 0.00457382 0.00510282 0.00564295 0.00618623 0.00672403 0.00724725 0.00774665 0.00821304 0.00863763 0.00901222 0.00932946 0.00958306 0.00976794 0.00988038 0.00991811 0.00988038 0.00976794 0.00958306 0.00932946 0.00901222 0.00863763 0.00821304 0.00774665 0.00724725 0.00672403 0.00618623 0.00564295 0.00510282 0.00457382 0.00406306 0.00357662 0.00311946 0.00269532 0.0023068 0.00195531 0.00164122 0.00136398 0.00112221 0.000913924 0.000736637 0.00058755 0.000463687 0.000362023 0.000279588 0.000213559 0.000161315 0.000120487 8.89728e-05 6.49499e-05 4.68658e-05 3.34229e-05 2.35559e-05 1.64053e-05 1.12892e-05 7.67551e-06 5.15577e-06 3.42157e-06 2.2437e-06 1.45454e-06 9.33583e-07 5.95749e-07 3.82301e-07 2.53966e-07 1.85982e-07 
2.52728e-07 2.8499e-07 3.88268e-07 5.8296e-07 9.06182e-07 1.41667e-06 2.20203e-06 3.38883e-06 5.15577e-06 7.75055e-06 1.15108e-05 1.68893e-05 2.44833e-05 3.50678e-05 4.96324e-05 6.94192e-05 9.59611e-05 0.000131117 0.000177099 0.000236496 0.000312272 0.000407756 0.000526602 0.000672729 0.000850223 0.00106322 0.00131575 0.00161155 0.00195389 0.00234533 0.00278752 0.00328101 0.00382503 0.00441735 0.0050542 0.00573017 0.0064383 0.00717011 0.00791576 0.0086643 0.00940394 0.0101223 0.010807 0.0114455 0.012026 0.0125377 0.0129707 0.0133165 0.0135685 0.0137217 0.0137731 0.0137217 0.0135685 0.0133165 0.0129707 0.0125377 0.012026 0.0114455 0.010807 0.0101223 0.00940394 0.0086643 0.00791576 0.00717011 0.0064383 0.00573017 0.0050542 0.00441735 0.00382503 0.00328101 0.00278752 0.00234533 0.00195389 0.00161155 0.00131575 0.00106322 0.000850223 0.000672729 0.000526602 0.000407756 0.000312272 0.000236496 0.000177099 0.000131117 9.59611e-05 6.94192e-05 4.96324e-05 3.50678e-05 2.44833e-05 1.68893e-05 1.15108e-05 7.75055e-06 5.15577e-06 3.38883e-06 2.20203e-06 1.41667e-06 9.06182e-07 5.8296e-07 3.88268e-07 2.8499e-07 
3.83068e-07 4.31528e-07 5.86547e-07 8.78368e-07 1.36194e-06 2.12404e-06 3.29375e-06 5.05701e-06 7.67551e-06 1.15108e-05 1.70541e-05 2.49615e-05 3.60954e-05 5.15706e-05 7.28045e-05 0.000101569 0.000140041 0.000190847 0.000257102 0.000342427 0.000450949 0.000587274 0.000756433 0.000963776 0.00121485 0.00151521 0.00187021 0.00228478 0.00276313 0.00330846 0.00392269 0.00460622 0.00535762 0.00617353 0.00704846 0.00797483 0.00894292 0.00994109 0.0109559 0.0119727 0.0129754 0.0139476 0.0148727 0.0157342 0.0165165 0.0172052 0.0177874 0.0182522 0.0185906 0.0187963 0.0188653 0.0187963 0.0185906 0.0182522 0.0177874 0.0172052 0.0165165 0.0157342 0.0148727 0.0139476 0.0129754 0.0119727 0.0109559 0.00994109 0.00894292 0.00797483 0.00704846 0.00617353 0.00535762 0.00460622 0.00392269 0.00330846 0.00276313 0.00228478 0.00187021 0.00151521 0.00121485 0.000963776 0.000756433 0.000587274 0.000450949 0.000342427 0.000257102 0.000190847 0.000140041 0.000101569 7.28045e-05 5.15706e-05 3.60954e-05 2.49615e-05 1.70541e-05 1.15108e-05 7.67551e-06 5.05701e-06 3.29375e-06 2.12404e-06 1.36194e-06 8.78368e-07 5.86547e-07 4.31528e-07 
5.73751e-07 6.45672e-07 8.75564e-07 1.30773e-06 2.02252e-06 3.14656e-06 4.86772e-06 7.45577e-06 1.12892e-05 1.68893e-05 2.49615e-05 3.64448e-05 5.25686e-05 7.49159e-05 0.000105491 0.000146788 0.000201859 0.000274367 0.000368635 0.000489661 0.000643111 0.000835273 0.00107296 0.00136338 0.00171393 0.00213197 0.00262451 0.00319788 0.00385739 0.00460694 0.00544865 0.00638253 0.00740619 0.00851461 0.00969998 0.0109517 0.0122566 0.0135988 0.0149604 0.0163215 0.0176613 0.018958 0.0201896 0.021335 0.0223737 0.023287 0.0240584 0.0246737 0.0251214 0.0253935 0.0254847 0.0253935 0.0251214 0.0246737 0.0240584 0.023287 0.0223737 0.021335 0.0201896 0.018958 0.0176613 0.0163215 0.0149604 0.0135988 0.0122566 0.0109517 0.00969998 0.00851461 0.00740619 0.00638253 0.00544865 0.00460694 0.00385739 0.00319788 0.00262451 0.00213197 0.00171393 0.00136338 0.00107296 0.000835273 0.000643111 0.000489661 0.000368635 0.000274367 0.000201859 0.000146788 0.000105491 7.49159e-05 5.25686e-05 3.64448e-05 2.49615e-05 1.68893e-05 1.12892e-05 7.45577e-06 4.86772e-06 3.14656e-06 2.02252e-06 1.30773e-06 8.75564e-07 6.45672e-07 
8.4921e-07 9.54677e-07 1.29154e-06 1.92389e-06 2.96783e-06 4.60583e-06 7.10799e-06 1.08609e-05 1.64053e-05 2.44833e-05 3.60954e-05 5.25686e-05 7.56335e-05 0.000107509 0.000150993 0.000209551 0.000287405 0.000389596 0.000522043 0.000691552 0.000905792 0.00117322 0.00150294 0.0019045 0.00238763 0.0029619 0.0036363 0.00441884 0.00531606 0.00633254 0.00747044 0.00872908 0.0101046 0.0115896 0.0131733 0.0148411 0.0165751 0.0183543 0.0201549 0.0219509 0.0237151 0.0254193 0.0270352 0.0285355 0.0298942 0.0310875 0.0320942 0.0328966 0.0334801 0.0338345 0.0339533 0.0338345 0.0334801 0.0328966 0.0320942 0.0310875 0.0298942 0.0285355 0.0270352 0.0254193 0.0237151 0.0219509 0.0201549 0.0183543 0.0165751 0.0148411 0.0131733 0.0115896 0.0101046 0.00872908 0.00747044 0.00633254 0.00531606 0.00441884 0.0036363 0.0029619 0.00238763 0.0019045 0.00150294 0.00117322 0.000905792 0.000691552 0.000522043 0.000389596 0.000287405 0.000209551 0.000150993 0.000107509 7.56335e-05 5.25686e-05 3.60954e-05 2.44833e-05 1.64053e-05 1.08609e-05 7.10799e-06 4.60583e-06 2.96783e-06 1.92389e-06 1.29154e-06 9.54677e-07 
1.24216e-06 1.39498e-06 1.88272e-06 2.79701e-06 4.30351e-06 6.66205e-06 1.02562e-05 1.56331e-05 2.35559e-05 3.50678e-05 5.15706e-05 7.49159e-05 0.000107509 0.000152421 0.000213507 0.000295522 0.000404227 0.00054647 0.000730245 0.000964691 0.00126005 0.00162752 0.0020791 0.00262725 0.00328454 0.00406321 0.0049746 0.00602862 0.0072331 0.00859322 0.0101109 0.0117843 0.0136073 0.0155696 0.017656 0.0198471 0.022119 0.0244439 0.0267911 0.0291269 0.0314163 0.0336233 0.0357123 0.0376485 0.0393995 0.0409353 0.0422297 0.0432604 0.0440095 0.0444642 0.0446167 0.0444642 0.0440095 0.0432604 0.0422297 0.0409353 0.0393995 0.0376485 0.0357123 0.0336233 0.0314163 0.0291269 0.0267911 0.0244439 0.022119 0.0198471 0.017656 0.0155696 0.0136073 0.0117843 0.0101109 0.00859322 0.0072331 0.00602862 0.0049746 0.00406321 0.00328454 0.00262725 0.0020791 0.00162752 0.00126005 0.000964691 0.000730245 0.00054647 0.000404227 0.000295522 0.000213507 0.000152421 0.000107509 7.49159e-05 5.15706e-05 3.50678e-05 2.35559e-05 1.56331e-05 1.02562e-05 6.66205e-06 4.30351e-06 2.79701e-06 1.88272e-06 1.39498e-06 
1.79571e-06 2.01454e-06 2.71241e-06 4.01873e-06 6.16706e-06 9.52289e-06 1.46242e-05 2.22364e-05 3.34229e-05 4.96324e-05 7.28045e-05 0.000105491 0.000150993 0.000213507 0.000298279 0.000411746 0.000561668 0.000757226 0.00100907 0.00132931 0.00173142 0.00223004 0.00284071 0.00357946 0.00446228 0.00550454 0.00672026 0.00812143 0.00971717 0.011513 0.0135102 0.015705 0.0180884 0.0206458 0.0233567 0.0261952 0.0291299 0.0321251 0.0351411 0.0381352 0.0410632 0.0438799 0.0465407 0.0490028 0.0512259 0.0531732 0.0548125 0.0561166 0.0570639 0.0576386 0.0578312 0.0576386 0.0570639 0.0561166 0.0548125 0.0531732 0.0512259 0.0490028 0.0465407 0.0438799 0.0410632 0.0381352 0.0351411 0.0321251 0.0291299 0.0261952 0.0233567 0.0206458 0.0180884 0.015705 0.0135102 0.011513 0.00971717 0.00812143 0.00672026 0.00550454 0.00446228 0.00357946 0.00284071 0.00223004 0.00173142 0.00132931 0.00100907 0.000757226 0.000561668 0.000411746 0.000298279 0.000213507 0.000150993 0.000105491 7.28045e-05 4.96324e-05 3.34229e-05 2.22364e-05 1.46242e-05 9.52289e-06 6.16706e-06 4.01873e-06 2.71241e-06 2.01454e-06 
2.56582e-06 2.87551e-06 3.86235e-06 5.7069e-06 8.73455e-06 1.34533e-05 2.06087e-05 3.12581e-05 4.68658e-05 6.94192e-05 0.000101569 0.000146788 0.000209551 0.000295522 0.000411746 0.000566827 0.000771086 0.00103666 0.00137756 0.0018096 0.00235027 0.00301843 0.00383393 0.00481702 0.00598774 0.00736502 0.00896588 0.0108044 0.0128909 0.0152309 0.0178242 0.0206645 0.0237385 0.0270262 0.0305001 0.0341263 0.0378643 0.0416686 0.0454889 0.049272 0.0529626 0.0565051 0.0598449 0.0629295 0.0657101 0.0681424 0.0701875 0.071813 0.0729928 0.0737082 0.0739479 0.0737082 0.0729928 0.071813 0.0701875 0.0681424 0.0657101 0.0629295 0.0598449 0.0565051 0.0529626 0.049272 0.0454889 0.0416686 0.0378643 0.0341263 0.0305001 0.0270262 0.0237385 0.0206645 0.0178242 0.0152309 0.0128909 0.0108044 0.00896588 0.00736502 0.00598774 0.00481702 0.00383393 0.00301843 0.00235027 0.0018096 0.00137756 0.00103666 0.000771086 0.000566827 0.000411746 0.000295522 0.000209551 0.000146788 0.000101569 6.94192e-05 4.68658e-05 3.12581e-05 2.06087e-05 1.34533e-05 8.73455e-06 5.7069e-06 3.86235e-06 2.87551e-06 
3.62393e-06 4.0571e-06 5.43633e-06 8.01061e-06 1.22278e-05 1.87855e-05 2.87048e-05 4.34291e-05 6.49499e-05 9.59611e-05 0.000140041 0.000201859 0.000287405 0.000404227 0.000561668 0.000771086 0.00104603 0.00140234 0.00185818 0.00243395 0.00315201 0.00403632 0.00511183 0.00640379 0.0079368 0.0097338 0.011815 0.0141965 0.0168894 0.0198986 0.0232218 0.0268485 0.0307603 0.0349295 0.0393205 0.0438893 0.0485844 0.0533486 0.0581194 0.062831 0.067416 0.0718068 0.0759375 0.0797453 0.083172 0.086165 0.0886784 0.090674 0.0921214 0.0929986 0.0932925 0.0929986 0.0921214 0.090674 0.0886784 0.086165 0.083172 0.0797453 0.0759375 0.0718068 0.067416 0.062831 0.0581194 0.0533486 0.0485844 0.0438893 0.0393205 0.0349295 0.0307603 0.0268485 0.0232218 0.0198986 0.0168894 0.0141965 0.011815 0.0097338 0.0079368 0.00640379 0.00511183 0.00403632 0.00315201 0.00243395 0.00185818 0.00140234 0.00104603 0.000771086 0.000561668 0.000404227 0.000287405 0.000201859 0.000140041 9.59611e-05 6.49499e-05 4.34291e-05 2.87048e-05 1.87855e-05 1.22278e-05 8.01061e-06 5.43633e-06 4.0571e-06 
5.0598e-06 5.65869e-06 7.56411e-06 1.11153e-05 1.69216e-05 2.59297e-05 3.95213e-05 5.96434e-05 8.89728e-05 0.000131117 0.000190847 0.000274367 0.000389596 0.00054647 0.000757226 0.00103666 0.00140234 0.00187466 0.00247688 0.00323493 0.00417703 0.00533313 0.00673417 0.00841107 0.0103936 0.0127089 0.0153803 0.018426 0.0218571 0.025677 0.0298799 0.0344501 0.0393616 0.0445782 0.0500532 0.0557308 0.0615468 0.0674299 0.0733038 0.0790886 0.0847032 0.090067 0.0951017 0.0997335 0.103894 0.107522 0.110565 0.112979 0.114728 0.115787 0.116142 0.115787 0.114728 0.112979 0.110565 0.107522 0.103894 0.0997335 0.0951017 0.090067 0.0847032 0.0790886 0.0733038 0.0674299 0.0615468 0.0557308 0.0500532 0.0445782 0.0393616 0.0344501 0.0298799 0.025677 0.0218571 0.018426 0.0153803 0.0127089 0.0103936 0.00841107 0.00673417 0.00533313 0.00417703 0.00323493 0.00247688 0.00187466 0.00140234 0.00103666 0.000757226 0.00054647 0.000389596 0.000274367 0.000190847 0.000131117 8.89728e-05 5.96434e-05 3.95213e-05 2.59297e-05 1.69216e-05 1.11153e-05 7.56411e-06 5.65869e-06 
6.98426e-06 7.80281e-06 1.04051e-05 1.5248e-05 2.31506e-05 3.53829e-05 5.37928e-05 8.09756e-05 0.000120487 0.000177099 0.000257102 0.000368635 0.000522043 0.000730245 0.00100907 0.00137756 0.00185818 0.00247688 0.00326305 0.00424918 0.00547038 0.0069636 0.00876657 0.0109165 0.0134488 0.016395 0.0197815 0.0236277 0.027944 0.032731 0.0379779 0.043662 0.0497479 0.0561881 0.0629232 0.0698833 0.0769889 0.0841534 0.0912845 0.0982869 0.105065 0.111523 0.117571 0.123122 0.1281 0.132434 0.136063 0.138939 0.141021 0.142281 0.142703 0.142281 0.141021 0.138939 0.136063 0.132434 0.1281 0.123122 0.117571 0.111523 0.105065 0.0982869 0.0912845 0.0841534 0.0769889 0.0698833 0.0629232 0.0561881 0.0497479 0.043662 0.0379779 0.032731 0.027944 0.0236277 0.0197815 0.016395 0.0134488 0.0109165 0.00876657 0.0069636 0.00547038 0.00424918 0.00326305 0.00247688 0.00185818 0.00137756 0.00100907 0.000730245 0.000522043 0.000368635 0.000257102 0.000177099 0.000120487 8.09756e-05 5.37928e-05 3.53829e-05 2.31506e-05 1.5248e-05 1.04051e-05 7.80281e-06 
9.53189e-06 1.0638e-05 1.41516e-05 2.06811e-05 3.13152e-05 4.77372e-05 7.23903e-05 0.000108694 0.000161315 0.000236496 0.000342427 0.000489661 0.000691552 0.000964691 0.00132931 0.0018096 0.00243395 0.00323493 0.00424918 0.00551689 0.00708115 0.00898683 0.0112793 0.0140026 0.0171979 0.0209011 0.0251413 0.029938 0.0353 0.0412233 0.0476902 0.0546687 0.0621117 0.0699582 0.0781335 0.0865513 0.0951149 0.10372 0.112258 0.120615 0.128681 0.136346 0.143506 0.150065 0.155933 0.161033 0.165298 0.168673 0.171114 0.172591 0.173086 0.172591 0.171114 0.168673 0.165298 0.161033 0.155933 0.150065 0.143506 0.136346 0.128681 0.120615 0.112258 0.10372 0.0951149 0.0865513 0.0781335 0.0699582 0.0621117 0.0546687 0.0476902 0.0412233 0.0353 0.029938 0.0251413 0.0209011 0.0171979 0.0140026 0.0112793 0.00898683 0.00708115 0.00551689 0.00424918 0.00323493 0.00243395 0.0018096 0.00132931 0.000964691 0.000691552 0.000489661 0.000342427 0.000236496 0.000161315 0.000108694 7.23903e-05 4.77372e-05 3.13152e-05 2.06811e-05 1.41516e-05 1.0638e-05 
1.28631e-05 1.4341e-05 1.90319e-05 2.77366e-05 4.18853e-05 6.36846e-05 9.6327e-05 0.000144266 0.000213559 0.000312272 0.000450949 0.000643111 0.000905792 0.00126005 0.00173142 0.00235027 0.00315201 0.00417703 0.00547038 0.00708115 0.00906144 0.011465 0.0143453 0.0177539 0.0217376 0.0263365 0.031581 0.0374901 0.0440689 0.051307 0.0591775 0.0676364 0.0766224 0.0860582 0.0958516 0.105897 0.11608 0.126275 0.136356 0.146193 0.155657 0.164626 0.172982 0.180618 0.187435 0.193349 0.198287 0.20219 0.20501 0.206715 0.207286 0.206715 0.20501 0.20219 0.198287 0.193349 0.187435 0.180618 0.172982 0.164626 0.155657 0.146193 0.136356 0.126275 0.11608 0.105897 0.0958516 0.0860582 0.0766224 0.0676364 0.0591775 0.051307 0.0440689 0.0374901 0.031581 0.0263365 0.0217376 0.0177539 0.0143453 0.011465 0.00906144 0.00708115 0.00547038 0.00417703 0.00315201 0.00235027 0.00173142 0.00126005 0.000905792 0.000643111 0.000450949 0.000312272 0.000213559 0.000144266 9.6327e-05 6.36846e-05 4.18853e-05 2.77366e-05 1.90319e-05 1.4341e-05 
1.71656e-05 1.91183e-05 2.53113e-05 3.67868e-05 5.54026e-05 8.40183e-05 0.000126759 0.000189358 0.000279588 0.000407756 0.000587274 0.000835273 0.00117322 0.00162752 0.00223004 0.00301843 0.00403632 0.00533313 0.0069636 0.00898683 0.011465 0.0144614 0.0180384 0.0222548 0.027163 0.0328063 0.0392157 0.0464076 0.0543813 0.0631176 0.0725778 0.0827028 0.0934145 0.104617 0.116196 0.128028 0.139974 0.151892 0.163634 0.175053 0.186005 0.196351 0.205965 0.214727 0.222533 0.229291 0.234925 0.239371 0.242581 0.244521 0.24517 0.244521 0.242581 0.239371 0.234925 0.229291 0.222533 0.214727 0.205965 0.196351 0.186005 0.175053 0.163634 0.151892 0.139974 0.128028 0.116196 0.104617 0.0934145 0.0827028 0.0725778 0.0631176 0.0543813 0.0464076 0.0392157 0.0328063 0.027163 0.0222548 0.0180384 0.0144614 0.011465 0.00898683 0.0069636 0.00533313 0.00403632 0.00301843 0.00223004 0.00162752 0.00117322 0.000835273 0.000587274 0.000407756 0.000279588 0.000189358 0.000126759 8.40183e-05 5.54026e-05 3.67868e-05 2.53113e-05 1.91183e-05 
2.26547e-05 2.52061e-05 3.32923e-05 4.82539e-05 7.24779e-05 0.000109628 0.000164976 0.000245821 0.000362023 0.000526602 0.000756433 0.00107296 0.00150294 0.0020791 0.00284071 0.00383393 0.00511183 0.00673417 0.00876657 0.0112793 0.0143453 0.0180384 0.0224297 0.0275855 0.0335629 0.0404072 0.0481483 0.0567978 0.0663469 0.0767646 0.087997 0.0999674 0.112577 0.125709 0.139227 0.152982 0.166815 0.180562 0.194055 0.20713 0.219629 0.2314 0.242304 0.252217 0.261027 0.268639 0.274972 0.279964 0.283564 0.285737 0.286464 0.285737 0.283564 0.279964 0.274972 0.268639 0.261027 0.252217 0.242304 0.2314 0.219629 0.20713 0.194055 0.180562 0.166815 0.152982 0.139227 0.125709 0.112577 0.0999674 0.087997 0.0767646 0.0663469 0.0567978 0.0481483 0.0404072 0.0335629 0.0275855 0.0224297 0.0180384 0.0143453 0.0112793 0.00876657 0.00673417 0.00511183 0.00383393 0.00284071 0.0020791 0.00150294 0.00107296 0.000756433 0.000526602 0.000362023 0.000245821 0.000164976 0.000109628 7.24779e-05 4.82539e-05 3.32923e-05 2.52061e-05 
2.95718e-05 3.28694e-05 4.33123e-05 6.26068e-05 9.37855e-05 0.000141492 0.000212387 0.000315663 0.000463687 0.000672729 0.000963776 0.00136338 0.0019045 0.00262725 0.00357946 0.00481702 0.00640379 0.00841107 0.0109165 0.0140026 0.0177539 0.0222548 0.0275855 0.0338188 0.0410157 0.0492218 0.0584636 0.0687455 0.0800474 0.0923231 0.105501 0.119482 0.134145 0.149348 0.164931 0.180719 0.196531 0.212181 0.227482 0.242254 0.256324 0.269531 0.281729 0.292786 0.302588 0.311038 0.318056 0.323579 0.327557 0.329957 0.33076 0.329957 0.327557 0.323579 0.318056 0.311038 0.302588 0.292786 0.281729 0.269531 0.256324 0.242254 0.227482 0.212181 0.196531 0.180719 0.164931 0.149348 0.134145 0.119482 0.105501 0.0923231 0.0800474 0.0687455 0.0584636 0.0492218 0.0410157 0.0338188 0.0275855 0.0222548 0.0177539 0.0140026 0.0109165 0.00841107 0.00640379 0.00481702 0.00357946 0.00262725 0.0019045 0.00136338 0.000963776 0.000672729 0.000463687 0.000315663 0.000212387 0.000141492 9.37855e-05 6.26068e-05 4.33123e-05 3.28694e-05 
3.8182e-05 4.23979e-05 5.57389e-05 8.0353e-05 0.000120051 0.000180656 0.000270491 0.000401007 0.00058755 0.000850223 0.00121485 0.00171393 0.00238763 0.00328454 0.00446228 0.00598774 0.0079368 0.0103936 0.0134488 0.0171979 0.0217376 0.027163 0.0335629 0.0410157 0.0495845 0.0593133 0.0702226 0.0823061 0.0955291 0.109827 0.125106 0.141242 0.158089 0.175478 0.19322 0.211117 0.228963 0.246551 0.263677 0.280146 0.295774 0.310392 0.323848 0.33601 0.346763 0.356011 0.363677 0.369699 0.374032 0.376644 0.377517 0.376644 0.374032 0.369699 0.363677 0.356011 0.346763 0.33601 0.323848 0.310392 0.295774 0.280146 0.263677 0.246551 0.228963 0.211117 0.19322 0.175478 0.158089 0.141242 0.125106 0.109827 0.0955291 0.0823061 0.0702226 0.0593133 0.0495845 0.0410157 0.0335629 0.027163 0.0217376 0.0171979 0.0134488 0.0103936 0.0079368 0.00598774 0.00446228 0.00328454 0.00238763 0.00171393 0.00121485 0.000850223 0.00058755 0.000401007 0.000270491 0.000180656 0.000120051 8.0353e-05 5.57389e-05 4.23979e-05 
4.87683e-05 5.41008e-05 7.09622e-05 0.000102028 0.000152037 0.000228209 0.000340838 0.000504035 0.000736637 0.00106322 0.00151521 0.00213197 0.0029619 0.00406321 0.00550454 0.00736502 0.0097338 0.0127089 0.016395 0.0209011 0.0263365 0.0328063 0.0404072 0.0492218 0.0593133 0.0707213 0.083457 0.0975003 0.112798 0.129263 0.146775 0.165185 0.184315 0.203967 0.223925 0.243965 0.263858 0.283377 0.302302 0.320425 0.337555 0.353519 0.368164 0.381359 0.392991 0.402971 0.411226 0.4177 0.422351 0.425153 0.426089 0.425153 0.422351 0.4177 0.411226 0.402971 0.392991 0.381359 0.368164 0.353519 0.337555 0.320425 0.302302 0.283377 0.263858 0.243965 0.223925 0.203967 0.184315 0.165185 0.146775 0.129263 0.112798 0.0975003 0.083457 0.0707213 0.0593133 0.0492218 0.0404072 0.0328063 0.0263365 0.0209011 0.016395 0.0127089 0.0097338 0.00736502 0.00550454 0.00406321 0.0029619 0.00213197 0.00151521 0.00106322 0.000736637 0.000504035 0.000340838 0.000228209 0.000152037 0.000102028 7.09622e-05 5.41008e-05 
6.16245e-05 6.82979e-05 8.93837e-05 0.000128179 0.000190514 0.000285249 0.000424979 0.000626912 0.000913924 0.00131575 0.00187021 0.00262451 0.0036363 0.0049746 0.00672026 0.00896588 0.011815 0.0153803 0.0197815 0.0251413 0.031581 0.0392157 0.0481483 0.0584636 0.0702226 0.083457 0.0981655 0.11431 0.131815 0.150567 0.170417 0.191183 0.212658 0.234611 0.256801 0.278974 0.300881 0.322276 0.342928 0.362619 0.381155 0.398361 0.414088 0.42821 0.440622 0.451243 0.460008 0.466869 0.471792 0.474755 0.475744 0.474755 0.471792 0.466869 0.460008 0.451243 0.440622 0.42821 0.414088 0.398361 0.381155 0.362619 0.342928 0.322276 0.300881 0.278974 0.256801 0.234611 0.212658 0.191183 0.170417 0.150567 0.131815 0.11431 0.0981655 0.083457 0.0702226 0.0584636 0.0481483 0.0392157 0.031581 0.0251413 0.0197815 0.0153803 0.011815 0.00896588 0.00672026 0.0049746 0.0036363 0.00262451 0.00187021 0.00131575 0.000913924 0.000626912 0.000424979 0.000285249 0.000190514 0.000128179 8.93837e-05 6.82979e-05 
7.70448e-05 8.5309e-05 0.000111402 0.000159346 0.000236237 0.00035284 0.000524403 0.000771693 0.00112221 0.00161155 0.00228478 0.00319788 0.00441884 0.00602862 0.00812143 0.0108044 0.0141965 0.018426 0.0236277 0.029938 0.0374901 0.0464076 0.0567978 0.0687455 0.0823061 0.0975003 0.11431 0.132675 0.152494 0.173622 0.195878 0.219047 0.242888 0.267138 0.291527 0.315777 0.339619 0.362791 0.385054 0.406184 0.425988 0.444295 0.460964 0.475879 0.488947 0.500096 0.509275 0.516446 0.521584 0.524672 0.525703 0.524672 0.521584 0.516446 0.509275 0.500096 0.488947 0.475879 0.460964 0.444295 0.425988 0.406184 0.385054 0.362791 0.339619 0.315777 0.291527 0.267138 0.242888 0.219047 0.195878 0.173622 0.152494 0.132675 0.11431 0.0975003 0.0823061 0.0687455 0.0567978 0.0464076 0.0374901 0.029938 0.0236277 0.018426 0.0141965 0.0108044 0.00812143 0.00602862 0.00441884 0.00319788 0.00228478 0.00161155 0.00112221 0.000771693 0.000524403 0.00035284 0.000236237 0.000159346 0.000111402 8.5309e-05 
9.53116e-05 0.00010544 0.000137397 0.000196036 0.00028991 0.00043196 0.000640463 0.000940228 0.00136398 0.00195389 0.00276313 0.00385739 0.00531606 0.0072331 0.00971717 0.0128909 0.0168894 0.0218571 0.027944 0.0353 0.0440689 0.0543813 0.0663469 0.0800474 0.0955291 0.112798 0.131815 0.152494 0.174702 0.198261 0.222955 0.248532 0.274715 0.301212 0.327723 0.353948 0.3796 0.404407 0.428122 0.450524 0.471423 0.49066 0.508103 0.523651 0.537227 0.548776 0.558259 0.565652 0.57094 0.574115 0.575174 0.574115 0.57094 0.565652 0.558259 0.548776 0.537227 0.523651 0.508103 0.49066 0.471423 0.450524 0.428122 0.404407 0.3796 0.353948 0.327723 0.301212 0.274715 0.248532 0.222955 0.198261 0.174702 0.152494 0.131815 0.112798 0.0955291 0.0800474 0.0663469 0.0543813 0.0440689 0.0353 0.027944 0.0218571 0.0168894 0.0128909 0.00971717 0.0072331 0.00531606 0.00385739 0.00276313 0.00195389 0.00136398 0.000940228 0.000640463 0.00043196 0.00028991 0.000196036 0.000137397 0.00010544 
0.000116681 0.000128967 0.000167704 0.000238695 0.000352141 0.000523445 0.000774298 0.00113404 0.00164122 0.00234533 0.00330846 0.00460694 0.00633254 0.00859322 0.011513 0.0152309 0.0198986 0.025677 0.032731 0.0412233 0.051307 0.0631176 0.0767646 0.0923231 0.109827 0.129263 0.150567 0.173622 0.198261 0.22427 0.251392 0.279339 0.307799 0.336448 0.36496 0.393015 0.420311 0.44657 0.471544 0.495018 0.516812 0.536779 0.554807 0.570812 0.584735 0.596542 0.606209 0.613729 0.619099 0.622319 0.623392 0.622319 0.619099 0.613729 0.606209 0.596542 0.584735 0.570812 0.554807 0.536779 0.516812 0.495018 0.471544 0.44657 0.420311 0.393015 0.36496 0.336448 0.307799 0.279339 0.251392 0.22427 0.198261 0.173622 0.150567 0.129263 0.109827 0.0923231 0.0767646 0.0631176 0.051307 0.0412233 0.032731 0.025677 0.0198986 0.0152309 0.011513 0.00859322 0.00633254 0.00460694 0.00330846 0.00234533 0.00164122 0.00113404 0.000774298 0.000523445 0.000352141 0.000238695 0.000167704 0.000128967 
0.000141364 0.000156117 0.000202601 0.000287679 0.000423406 0.000627931 0.000926746 0.00135421 0.00195531 0.00278752 0.00392269 0.00544865 0.00747044 0.0101109 0.0135102 0.0178242 0.0232218 0.0298799 0.0379779 0.0476902 0.0591775 0.0725778 0.087997 0.105501 0.125106 0.146775 0.170417 0.195878 0.222955 0.251392 0.280893 0.311132 0.341761 0.372427 0.402778 0.432479 0.461219 0.488716 0.514728 0.539049 0.561515 0.581998 0.600406 0.616679 0.630782 0.642698 0.652427 0.659976 0.665356 0.668579 0.669652 0.668579 0.665356 0.659976 0.652427 0.642698 0.630782 0.616679 0.600406 0.581998 0.561515 0.539049 0.514728 0.488716 0.461219 0.432479 0.402778 0.372427 0.341761 0.311132 0.280893 0.251392 0.222955 0.195878 0.170417 0.146775 0.125106 0.105501 0.087997 0.0725778 0.0591775 0.0476902 0.0379779 0.0298799 0.0232218 0.0178242 0.0135102 0.0101109 0.00747044 0.00544865 0.00392269 0.00278752 0.00195531 0.00135421 0.000926746 0.000627931 0.000423406 0.000287679 0.000202601 0.000156117 
0.000169515 0.000187052 0.000242275 0.000343224 0.000504001 0.000745791 0.00109826 0.00160127 0.0023068 0.00328101 0.00460622 0.00638253 0.00872908 0.0117843 0.015705 0.0206645 0.0268485 0.0344501 0.043662 0.0546687 0.0676364 0.0827028 0.0999674 0.119482 0.141242 0.165185 0.191183 0.219047 0.248532 0.279339 0.311132 0.343545 0.376198 0.408708 0.440704 0.471838 0.501793 0.530291 0.557099 0.582027 0.604931 0.625706 0.644286 0.660637 0.674748 0.686627 0.696295 0.703777 0.709099 0.712283 0.713342 0.712283 0.709099 0.703777 0.696295 0.686627 0.674748 0.660637 0.644286 0.625706 0.604931 0.582027 0.557099 0.530291 0.501793 0.471838 0.440704 0.408708 0.376198 0.343545 0.311132 0.279339 0.248532 0.219047 0.191183 0.165185 0.141242 0.119482 0.0999674 0.0827028 0.0676364 0.0546687 0.043662 0.0344501 0.0268485 0.0206645 0.015705 0.0117843 0.00872908 0.00638253 0.00460622 0.00328101 0.0023068 0.00160127 0.00109826 0.000745791 0.000504001 0.000343224 0.000242275 0.000187052 
0.000201206 0.000221848 0.000286805 0.000405411 0.000594002 0.000877073 0.00128883 0.00187507 0.00269532 0.00382503 0.00535762 0.00740619 0.0101046 0.0136073 0.0180884 0.0237385 0.0307603 0.0393616 0.0497479 0.0621117 0.0766224 0.0934145 0.112577 0.134145 0.158089 0.184315 0.212658 0.242888 0.274715 0.307799 0.341761 0.376198 0.410696 0.44485 0.47827 0.5106 0.541524 0.570773 0.598126 0.623415 0.64652 0.667365 0.685912 0.702155 0.71611 0.727813 0.737304 0.744629 0.749827 0.752933 0.753965 0.752933 0.749827 0.744629 0.737304 0.727813 0.71611 0.702155 0.685912 0.667365 0.64652 0.623415 0.598126 0.570773 0.541524 0.5106 0.47827 0.44485 0.410696 0.376198 0.341761 0.307799 0.274715 0.242888 0.212658 0.184315 0.158089 0.134145 0.112577 0.0934145 0.0766224 0.0621117 0.0497479 0.0393616 0.0307603 0.0237385 0.0180884 0.0136073 0.0101046 0.00740619 0.00535762 0.00382503 0.00269532 0.00187507 0.00128883 0.000877073 0.000594002 0.000405411 0.000286805 0.000221848 
0.000236418 0.000260477 0.000336141 0.000474139 0.000693226 0.00102146 0.0014979 0.00217473 0.00311946 0.00441735 0.00617353 0.00851461 0.0115896 0.0155696 0.0206458 0.0270262 0.0349295 0.0445782 0.0561881 0.0699582 0.0860582 0.104617 0.125709 0.149348 0.175478 0.203967 0.234611 0.267138 0.301212 0.336448 0.372427 0.408708 0.44485 0.480424 0.51503 0.548308 0.579947 0.60969 0.637338 0.662747 0.685825 0.706527 0.724847 0.740809 0.754459 0.765856 0.775066 0.782151 0.787169 0.790161 0.791155 0.790161 0.787169 0.782151 0.775066 0.765856 0.754459 0.740809 0.724847 0.706527 0.685825 0.662747 0.637338 0.60969 0.579947 0.548308 0.51503 0.480424 0.44485 0.408708 0.372427 0.336448 0.301212 0.267138 0.234611 0.203967 0.175478 0.149348 0.125709 0.104617 0.0860582 0.0699582 0.0561881 0.0445782 0.0349295 0.0270262 0.0206458 0.0155696 0.0115896 0.00851461 0.00617353 0.00441735 0.00311946 0.00217473 0.0014979 0.00102146 0.000693226 0.000474139 0.000336141 0.000260477 
0.000275023 0.000302793 0.00039008 0.000549105 0.000801198 0.0011782 0.00172435 0.00249851 0.00357662 0.0050542 0.00704846 0.00969998 0.0131733 0.017656 0.0233567 0.0305001 0.0393205 0.0500532 0.0629232 0.0781335 0.0958516 0.116196 0.139227 0.164931 0.19322 0.223925 0.256801 0.291527 0.327723 0.36496 0.402778 0.440704 0.47827 0.51503 0.550577 0.584551 0.616652 0.646641 0.674343 0.699643 0.722482 0.742847 0.760765 0.776291 0.789502 0.800483 0.809321 0.816099 0.820886 0.823735 0.824682 0.823735 0.820886 0.816099 0.809321 0.800483 0.789502 0.776291 0.760765 0.742847 0.722482 0.699643 0.674343 0.646641 0.616652 0.584551 0.550577 0.51503 0.47827 0.440704 0.402778 0.36496 0.327723 0.291527 0.256801 0.223925 0.19322 0.164931 0.139227 0.116196 0.0958516 0.0781335 0.0629232 0.0500532 0.0393205 0.0305001 0.0233567 0.017656 0.0131733 0.00969998 0.00704846 0.0050542 0.00357662 0.00249851 0.00172435 0.0011782 0.000801198 0.000549105 0.00039008 0.000302793 
0.000316771 0.00034852 0.000448259 0.000629782 0.000917134 0.00134613 0.00196642 0.00284383 0.00406306 0.00573017 0.00797483 0.0109517 0.0148411 0.0198471 0.0261952 0.0341263 0.0438893 0.0557308 0.0698833 0.0865513 0.105897 0.128028 0.152982 0.180719 0.211117 0.243965 0.278974 0.315777 0.353948 0.393015 0.432479 0.471838 0.5106 0.548308 0.584551 0.618975 0.651297 0.681299 0.708833 0.733819 0.756228 0.776086 0.793451 0.808412 0.821074 0.831547 0.839941 0.846355 0.850873 0.853557 0.854447 0.853557 0.850873 0.846355 0.839941 0.831547 0.821074 0.808412 0.793451 0.776086 0.756228 0.733819 0.708833 0.681299 0.651297 0.618975 0.584551 0.548308 0.5106 0.471838 0.432479 0.393015 0.353948 0.315777 0.278974 0.243965 0.211117 0.180719 0.152982 0.128028 0.105897 0.0865513 0.0698833 0.0557308 0.0438893 0.0341263 0.0261952 0.0198471 0.0148411 0.0109517 0.00797483 0.00573017 0.00406306 0.00284383 0.00196642 0.00134613 0.000917134 0.000629782 0.000448259 0.00034852 
0.000361289 0.000397246 0.000510144 0.000715417 0.00103993 0.00152362 0.00222171 0.00320723 0.00457382 0.0064383 0.00894292 0.0122566 0.0165751 0.022119 0.0291299 0.0378643 0.0485844 0.0615468 0.0769889 0.0951149 0.11608 0.139974 0.166815 0.196531 0.228963 0.263858 0.300881 0.339619 0.3796 0.420311 0.461219 0.501793 0.541524 0.579947 0.616652 0.651297 0.683616 0.71342 0.740592 0.765083 0.786904 0.806112 0.822803 0.837096 0.849123 0.85902 0.866915 0.872925 0.877145 0.879648 0.880477 0.879648 0.877145 0.872925 0.866915 0.85902 0.849123 0.837096 0.822803 0.806112 0.786904 0.765083 0.740592 0.71342 0.683616 0.651297 0.616652 0.579947 0.541524 0.501793 0.461219 0.420311 0.3796 0.339619 0.300881 0.263858 0.228963 0.196531 0.166815 0.139974 0.11608 0.0951149 0.0769889 0.0615468 0.0485844 0.0378643 0.0291299 0.022119 0.0165751 0.0122566 0.00894292 0.0064383 0.00457382 0.00320723 0.00222171 0.00152362 0.00103993 0.000715417 0.000510144 0.000397246 
