0.00334361 0.00337657 0.00347559 0.0036412 0.00387422 0.00417579 0.0045473 0.00499037 0.00550682 0.00609854 0.00676751 0.00751569 0.00834494 0.00925694 0.0102532 0.0113347 0.0125023 0.0137561 0.0150957 0.0165203 0.018028 0.0196164 0.0212822 0.0230212 0.0248285 0.0266982 0.0286234 0.0305965 0.0326089 0.0346512 0.0367135 0.0387847 0.0408537 0.0429084 0.0449366 0.0469255 0.0488626 0.0507348 0.0525296 0.0542345 0.0558373 0.0573265 0.058691 0.0599208 0.0610065 0.0619399 0.0627137 0.0633219 0.0637598 0.0640239 0.0641121 0.0640239 0.0637598 0.0633219 0.0627137 0.0619399 0.0610065 0.0599208 0.058691 0.0573265 0.0558373 0.0542345 0.0525296 0.0507348 0.0488626 0.0469255 0.0449366 0.0429084 0.0408537 0.0387847 0.0367135 0.0346512 0.0326089 0.0305965 0.0286234 0.0266982 0.0248285 0.0230212 0.0212822 0.0196164 0.018028 0.0165203 0.0150957 0.0137561 0.0125023 0.0113347 0.0102532 0.00925694 0.00834494 0.00751569 0.00676751 0.00609854 0.00550682 0.00499037 0.0045473 0.00417579 0.00387422 0.0036412 0.00347559 0.00337657 
0.00337657 0.00340981 0.00350972 0.00367682 0.00391192 0.00421618 0.00459099 0.00503799 0.00555899 0.00615591 0.00683073 0.00758541 0.00842182 0.00934167 0.0103464 0.0114371 0.0126145 0.0138788 0.0152296 0.0166659 0.0181859 0.0197873 0.0214665 0.0232195 0.0250412 0.0269257 0.028866 0.0308545 0.0328825 0.0349405 0.0370185 0.0391056 0.0411901 0.0432603 0.0453036 0.0473073 0.0492586 0.0511446 0.0529526 0.0546698 0.0562843 0.0577842 0.0591586 0.0603972 0.0614907 0.0624307 0.06321 0.0638225 0.0642635 0.0645295 0.0646184 0.0645295 0.0642635 0.0638225 0.06321 0.0624307 0.0614907 0.0603972 0.0591586 0.0577842 0.0562843 0.0546698 0.0529526 0.0511446 0.0492586 0.0473073 0.0453036 0.0432603 0.0411901 0.0391056 0.0370185 0.0349405 0.0328825 0.0308545 0.028866 0.0269257 0.0250412 0.0232195 0.0214665 0.0197873 0.0181859 0.0166659 0.0152296 0.0138788 0.0126145 0.0114371 0.0103464 0.00934167 0.00842182 0.00758541 0.00683073 0.00615591 0.00555899 0.00503799 0.00459099 0.00421618 0.00391192 0.00367682 0.00350972 0.00340981 
0.00347559 0.00350972 0.00361231 0.00378385 0.00402521 0.00433755 0.00472228 0.00518107 0.00571575 0.00632828 0.00702065 0.00779485 0.00865278 0.00959615 0.0106264 0.0117447 0.0129516 0.0142474 0.0156316 0.0171032 0.0186603 0.0203004 0.02202 0.0238149 0.0256798 0.0276086 0.0295943 0.031629 0.0337037 0.035809 0.0379343 0.0400685 0.0421999 0.0443163 0.046405 0.048453 0.0504473 0.0523745 0.0542218 0.0559763 0.0576256 0.0591578 0.0605616 0.0618267 0.0629435 0.0639034 0.0646993 0.0653248 0.0657751 0.0660467 0.0661375 0.0660467 0.0657751 0.0653248 0.0646993 0.0639034 0.0629435 0.0618267 0.0605616 0.0591578 0.0576256 0.0559763 0.0542218 0.0523745 0.0504473 0.048453 0.046405 0.0443163 0.0421999 0.0400685 0.0379343 0.035809 0.0337037 0.031629 0.0295943 0.0276086 0.0256798 0.0238149 0.02202 0.0203004 0.0186603 0.0171032 0.0156316 0.0142474 0.0129516 0.0117447 0.0106264 0.00959615 0.00865278 0.00779485 0.00702065 0.00632828 0.00571575 0.00518107 0.00472228 0.00433755 0.00402521 0.00378385 0.00361231 0.00350972 
0.0036412 0.00367682 0.00378385 0.00396284 0.00421465 0.00454047 0.00494177 0.00542025 0.00597777 0.00661635 0.00733804 0.00814484 0.00903869 0.0100213 0.0110942 0.0122584 0.0135146 0.014863 0.0163029 0.0178334 0.0194524 0.0211572 0.0229442 0.0248089 0.0267458 0.0287486 0.0308099 0.0329215 0.0350743 0.0372581 0.0394622 0.0416751 0.0438847 0.0460781 0.0482425 0.0503642 0.0524299 0.0544259 0.0563388 0.0581552 0.0598625 0.0614484 0.0629013 0.0642104 0.065366 0.0663593 0.0671826 0.0678297 0.0682956 0.0685765 0.0686705 0.0685765 0.0682956 0.0678297 0.0671826 0.0663593 0.065366 0.0642104 0.0629013 0.0614484 0.0598625 0.0581552 0.0563388 0.0544259 0.0524299 0.0503642 0.0482425 0.0460781 0.0438847 0.0416751 0.0394622 0.0372581 0.0350743 0.0329215 0.0308099 0.0287486 0.0267458 0.0248089 0.0229442 0.0211572 0.0194524 0.0178334 0.0163029 0.014863 0.0135146 0.0122584 0.0110942 0.0100213 0.00903869 0.00814484 0.00733804 0.00661635 0.00597777 0.00542025 0.00494177 0.00454047 0.00421465 0.00396284 0.00378385 0.00367682 
0.00387422 0.00391192 0.00402521 0.00421465 0.00448114 0.0048259 0.00525046 0.00575657 0.00634618 0.00702133 0.00778415 0.00863671 0.00958097 0.0106187 0.0117514 0.0129801 0.0143054 0.0157274 0.0172456 0.0188586 0.0205643 0.0223598 0.0242412 0.0262037 0.0282415 0.030348 0.0325153 0.0347347 0.0369966 0.0392904 0.0416049 0.0439279 0.0462467 0.0485481 0.0508182 0.0530432 0.0552088 0.0573009 0.0593055 0.0612086 0.0629971 0.064658 0.0661795 0.0675502 0.06876 0.0697998 0.0706616 0.0713389 0.0718265 0.0721205 0.0722188 0.0721205 0.0718265 0.0713389 0.0706616 0.0697998 0.06876 0.0675502 0.0661795 0.064658 0.0629971 0.0612086 0.0593055 0.0573009 0.0552088 0.0530432 0.0508182 0.0485481 0.0462467 0.0439279 0.0416049 0.0392904 0.0369966 0.0347347 0.0325153 0.030348 0.0282415 0.0262037 0.0242412 0.0223598 0.0205643 0.0188586 0.0172456 0.0157274 0.0143054 0.0129801 0.0117514 0.0106187 0.00958097 0.00863671 0.00778415 0.00702133 0.00634618 0.00575657 0.00525046 0.0048259 0.00448114 0.00421465 0.00402521 0.00391192 
0.00417579 0.00421618 0.00433755 0.00454047 0.0048259 0.00519511 0.00564969 0.00619147 0.00682247 0.00754482 0.0083607 0.00927228 0.0102815 0.0113903 0.0126001 0.0139119 0.0153263 0.0168433 0.0184622 0.0201815 0.0219989 0.0239112 0.0259141 0.0280025 0.0301702 0.03241 0.0347135 0.0370716 0.0394739 0.0419092 0.0443655 0.0468301 0.0492893 0.0517292 0.0541353 0.0564928 0.0587868 0.0610023 0.0631245 0.065139 0.0670316 0.0687889 0.0703984 0.0718481 0.0731275 0.0742269 0.0751381 0.0758541 0.0763695 0.0766804 0.0767842 0.0766804 0.0763695 0.0758541 0.0751381 0.0742269 0.0731275 0.0718481 0.0703984 0.0687889 0.0670316 0.065139 0.0631245 0.0610023 0.0587868 0.0564928 0.0541353 0.0517292 0.0492893 0.0468301 0.0443655 0.0419092 0.0394739 0.0370716 0.0347135 0.03241 0.0301702 0.0280025 0.0259141 0.0239112 0.0219989 0.0201815 0.0184622 0.0168433 0.0153263 0.0139119 0.0126001 0.0113903 0.0102815 0.00927228 0.0083607 0.00754482 0.00682247 0.00619147 0.00564969 0.00519511 0.0048259 0.00454047 0.00433755 0.00421618 
0.0045473 0.00459099 0.00472228 0.00494177 0.00525046 0.00564969 0.00614113 0.0067267 0.0074085 0.00818876 0.00906977 0.0100537 0.0111428 0.0123387 0.0136429 0.0150566 0.0165803 0.0182137 0.019956 0.0218055 0.0237596 0.0258148 0.0279665 0.030209 0.0325356 0.0349384 0.0374086 0.0399361 0.04251 0.0451182 0.0477478 0.0503852 0.053016 0.0556251 0.0581971 0.0607164 0.063167 0.065533 0.0677988 0.0699489 0.0719685 0.0738434 0.0755601 0.0771062 0.0784704 0.0796425 0.0806138 0.081377 0.0819264 0.0822577 0.0823684 0.0822577 0.0819264 0.081377 0.0806138 0.0796425 0.0784704 0.0771062 0.0755601 0.0738434 0.0719685 0.0699489 0.0677988 0.065533 0.063167 0.0607164 0.0581971 0.0556251 0.053016 0.0503852 0.0477478 0.0451182 0.04251 0.0399361 0.0374086 0.0349384 0.0325356 0.030209 0.0279665 0.0258148 0.0237596 0.0218055 0.019956 0.0182137 0.0165803 0.0150566 0.0136429 0.0123387 0.0111428 0.0100537 0.00906977 0.00818876 0.0074085 0.0067267 0.00614113 0.00564969 0.00525046 0.00494177 0.00472228 0.00459099 
0.00499037 0.00503799 0.00518107 0.00542025 0.00575657 0.00619147 0.0067267 0.00736426 0.0081064 0.00895544 0.00991376 0.0109837 0.0121673 0.0134666 0.014883 0.0164175 0.0180706 0.0198419 0.0217304 0.0237342 0.0258503 0.0280747 0.0304024 0.0328272 0.0353417 0.0379374 0.0406046 0.0433325 0.0461091 0.0489215 0.0517557 0.0545972 0.0574303 0.0602391 0.0630069 0.065717 0.0683523 0.0708958 0.0733308 0.0756409 0.0778101 0.0798234 0.0816665 0.0833261 0.0847901 0.0860479 0.08709 0.0879088 0.0884981 0.0888534 0.0889722 0.0888534 0.0884981 0.0879088 0.08709 0.0860479 0.0847901 0.0833261 0.0816665 0.0798234 0.0778101 0.0756409 0.0733308 0.0708958 0.0683523 0.065717 0.0630069 0.0602391 0.0574303 0.0545972 0.0517557 0.0489215 0.0461091 0.0433325 0.0406046 0.0379374 0.0353417 0.0328272 0.0304024 0.0280747 0.0258503 0.0237342 0.0217304 0.0198419 0.0180706 0.0164175 0.014883 0.0134666 0.0121673 0.0109837 0.00991376 0.00895544 0.0081064 0.00736426 0.0067267 0.00619147 0.00575657 0.00542025 0.00518107 0.00503799 
0.00550682 0.00555899 0.00571575 0.00597777 0.00634618 0.00682247 0.0074085 0.0081064 0.00891852 0.00984731 0.0108953 0.0120648 0.0133581 0.0147772 0.0163234 0.0179978 0.0198007 0.0217317 0.0237894 0.0259716 0.0282749 0.0306949 0.033226 0.0358614 0.0385929 0.0414112 0.0443057 0.0472647 0.0502751 0.0533229 0.056393 0.0594696 0.0625359 0.0655746 0.0685678 0.0714974 0.0743452 0.0770929 0.0797225 0.0822165 0.0845578 0.0867302 0.0887185 0.0905084 0.0920872 0.0934433 0.0945668 0.0954494 0.0960846 0.0964676 0.0965955 0.0964676 0.0960846 0.0954494 0.0945668 0.0934433 0.0920872 0.0905084 0.0887185 0.0867302 0.0845578 0.0822165 0.0797225 0.0770929 0.0743452 0.0714974 0.0685678 0.0655746 0.0625359 0.0594696 0.056393 0.0533229 0.0502751 0.0472647 0.0443057 0.0414112 0.0385929 0.0358614 0.033226 0.0306949 0.0282749 0.0259716 0.0237894 0.0217317 0.0198007 0.0179978 0.0163234 0.0147772 0.0133581 0.0120648 0.0108953 0.00984731 0.00891852 0.0081064 0.0074085 0.00682247 0.00634618 0.00597777 0.00571575 0.00555899 
0.00609854 0.00615591 0.00632828 0.00661635 0.00702133 0.00754482 0.00818876 0.00895544 0.00984731 0.010867 0.012017 0.0133 0.0147182 0.0162735 0.0179675 0.0198011 0.0217744 0.0238868 0.0261367 0.0285216 0.0310375 0.0336795 0.0364414 0.0393156 0.0422931 0.0453638 0.0485158 0.0517365 0.0550116 0.0583259 0.0616629 0.0650054 0.0683353 0.0716338 0.0748817 0.0780594 0.0811471 0.0841253 0.0869746 0.0896761 0.0922115 0.0945634 0.0967155 0.0986524 0.100361 0.101828 0.103043 0.103997 0.104684 0.105098 0.105237 0.105098 0.104684 0.103997 0.103043 0.101828 0.100361 0.0986524 0.0967155 0.0945634 0.0922115 0.0896761 0.0869746 0.0841253 0.0811471 0.0780594 0.0748817 0.0716338 0.0683353 0.0650054 0.0616629 0.0583259 0.0550116 0.0517365 0.0485158 0.0453638 0.0422931 0.0393156 0.0364414 0.0336795 0.0310375 0.0285216 0.0261367 0.0238868 0.0217744 0.0198011 0.0179675 0.0162735 0.0147182 0.0133 0.012017 0.010867 0.00984731 0.00895544 0.00818876 0.00754482 0.00702133 0.00661635 0.00632828 0.00615591 
0.00676751 0.00683073 0.00702065 0.00733804 0.00778415 0.0083607 0.00906977 0.00991376 0.0108953 0.012017 0.0132818 0.0146922 0.0162505 0.0179588 0.0198186 0.0218307 0.023995 0.0263108 0.0287761 0.0313878 0.0341417 0.0370322 0.0400523 0.0431935 0.046446 0.0497985 0.0532382 0.0567511 0.0603216 0.063933 0.0675676 0.0712066 0.0748302 0.0784181 0.0819495 0.0854032 0.088758 0.0919926 0.0950862 0.0980184 0.10077 0.103321 0.105655 0.107755 0.109607 0.111197 0.112514 0.113548 0.114293 0.114741 0.114891 0.114741 0.114293 0.113548 0.112514 0.111197 0.109607 0.107755 0.105655 0.103321 0.10077 0.0980184 0.0950862 0.0919926 0.088758 0.0854032 0.0819495 0.0784181 0.0748302 0.0712066 0.0675676 0.063933 0.0603216 0.0567511 0.0532382 0.0497985 0.046446 0.0431935 0.0400523 0.0370322 0.0341417 0.0313878 0.0287761 0.0263108 0.023995 0.0218307 0.0198186 0.0179588 0.0162505 0.0146922 0.0132818 0.012017 0.0108953 0.00991376 0.00906977 0.0083607 0.00778415 0.00733804 0.00702065 0.00683073 
0.00751569 0.00758541 0.00779485 0.00814484 0.00863671 0.00927228 0.0100537 0.0109837 0.0120648 0.0133 0.0146922 0.016244 0.017958 0.019836 0.0218797 0.0240896 0.0264657 0.0290068 0.0317106 0.0345735 0.0375908 0.0407561 0.0440615 0.0474979 0.0510541 0.0547179 0.0584751 0.0623102 0.0662065 0.0701455 0.0741079 0.0780733 0.0820203 0.0859267 0.08977 0.0935274 0.0971757 0.100692 0.104054 0.10724 0.110228 0.112998 0.115531 0.117811 0.11982 0.121545 0.122974 0.124096 0.124903 0.12539 0.125552 0.12539 0.124903 0.124096 0.122974 0.121545 0.11982 0.117811 0.115531 0.112998 0.110228 0.10724 0.104054 0.100692 0.0971757 0.0935274 0.08977 0.0859267 0.0820203 0.0780733 0.0741079 0.0701455 0.0662065 0.0623102 0.0584751 0.0547179 0.0510541 0.0474979 0.0440615 0.0407561 0.0375908 0.0345735 0.0317106 0.0290068 0.0264657 0.0240896 0.0218797 0.019836 0.017958 0.016244 0.0146922 0.0133 0.0120648 0.0109837 0.0100537 0.00927228 0.00863671 0.00814484 0.00779485 0.00758541 
0.00834494 0.00842182 0.00865278 0.00903869 0.00958097 0.0102815 0.0111428 0.0121673 0.0133581 0.0147182 0.0162505 0.017958 0.019843 0.0219077 0.0241533 0.0265806 0.0291892 0.0319774 0.0349428 0.0380812 0.0413871 0.0448533 0.0484713 0.0522305 0.056119 0.0601231 0.0642272 0.0684144 0.0726662 0.0769627 0.0812828 0.0856041 0.0899034 0.0941568 0.0983398 0.102428 0.106395 0.110218 0.113872 0.117333 0.120578 0.123586 0.126337 0.128811 0.130991 0.132863 0.134412 0.135629 0.136505 0.137032 0.137209 0.137032 0.136505 0.135629 0.134412 0.132863 0.130991 0.128811 0.126337 0.123586 0.120578 0.117333 0.113872 0.110218 0.106395 0.102428 0.0983398 0.0941568 0.0899034 0.0856041 0.0812828 0.0769627 0.0726662 0.0684144 0.0642272 0.0601231 0.056119 0.0522305 0.0484713 0.0448533 0.0413871 0.0380812 0.0349428 0.0319774 0.0291892 0.0265806 0.0241533 0.0219077 0.019843 0.017958 0.0162505 0.0147182 0.0133581 0.0121673 0.0111428 0.0102815 0.00958097 0.00903869 0.00865278 0.00842182 
0.00925694 0.00934167 0.00959615 0.0100213 0.0106187 0.0113903 0.0123387 0.0134666 0.0147772 0.0162735 0.0179588 0.019836 0.0219077 0.0241757 0.0266416 0.0293056 0.0321672 0.0352245 0.0384745 0.0419123 0.0455318 0.049325 0.0532821 0.0573918 0.0616406 0.0660135 0.0704935 0.0750619 0.0796986 0.0843819 0.0890886 0.0937946 0.0984746 0.103103 0.107652 0.112096 0.116409 0.120562 0.12453 0.128288 0.13181 0.135074 0.138058 0.140741 0.143106 0.145135 0.146815 0.148134 0.149083 0.149655 0.149846 0.149655 0.149083 0.148134 0.146815 0.145135 0.143106 0.140741 0.138058 0.135074 0.13181 0.128288 0.12453 0.120562 0.116409 0.112096 0.107652 0.103103 0.0984746 0.0937946 0.0890886 0.0843819 0.0796986 0.0750619 0.0704935 0.0660135 0.0616406 0.0573918 0.0532821 0.049325 0.0455318 0.0419123 0.0384745 0.0352245 0.0321672 0.0293056 0.0266416 0.0241757 0.0219077 0.019836 0.0179588 0.0162735 0.0147772 0.0134666 0.0123387 0.0113903 0.0106187 0.0100213 0.00959615 0.00934167 
0.0102532 0.0103464 0.0106264 0.0110942 0.0117514 0.0126001 0.0136429 0.014883 0.0163234 0.0179675 0.0198186 0.0218797 0.0241533 0.0266416 0.0293456 0.0322656 0.0354008 0.0387488 0.042306 0.046067 0.0500247 0.0541704 0.0584931 0.0629802 0.0676169 0.0723866 0.0772707 0.0822489 0.0872991 0.0923975 0.0975192 0.102638 0.107726 0.112755 0.117697 0.122523 0.127204 0.131711 0.136015 0.14009 0.143908 0.147446 0.150679 0.153585 0.156146 0.158343 0.160162 0.16159 0.162617 0.163237 0.163443 0.163237 0.162617 0.16159 0.160162 0.158343 0.156146 0.153585 0.150679 0.147446 0.143908 0.14009 0.136015 0.131711 0.127204 0.122523 0.117697 0.112755 0.107726 0.102638 0.0975192 0.0923975 0.0872991 0.0822489 0.0772707 0.0723866 0.0676169 0.0629802 0.0584931 0.0541704 0.0500247 0.046067 0.042306 0.0387488 0.0354008 0.0322656 0.0293456 0.0266416 0.0241533 0.0218797 0.0198186 0.0179675 0.0163234 0.014883 0.0136429 0.0126001 0.0117514 0.0110942 0.0106264 0.0103464 
0.0113347 0.0114371 0.0117447 0.0122584 0.0129801 0.0139119 0.0150566 0.0164175 0.0179978 0.0198011 0.0218307 0.0240896 0.0265806 0.0293056 0.0322656 0.0354607 0.0388896 0.0425496 0.0464364 0.0505439 0.0548642 0.0593873 0.0641014 0.0689922 0.0740436 0.0792374 0.0845532 0.0899687 0.0954599 0.101001 0.106565 0.112123 0.117645 0.123102 0.128462 0.133693 0.138765 0.143647 0.148308 0.15272 0.156852 0.16068 0.164177 0.16732 0.170089 0.172464 0.174431 0.175974 0.177084 0.177753 0.177976 0.177753 0.177084 0.175974 0.174431 0.172464 0.170089 0.16732 0.164177 0.16068 0.156852 0.15272 0.148308 0.143647 0.138765 0.133693 0.128462 0.123102 0.117645 0.112123 0.106565 0.101001 0.0954599 0.0899687 0.0845532 0.0792374 0.0740436 0.0689922 0.0641014 0.0593873 0.0548642 0.0505439 0.0464364 0.0425496 0.0388896 0.0354607 0.0322656 0.0293056 0.0265806 0.0240896 0.0218307 0.0198011 0.0179978 0.0164175 0.0150566 0.0139119 0.0129801 0.0122584 0.0117447 0.0114371 
0.0125023 0.0126145 0.0129516 0.0135146 0.0143054 0.0153263 0.0165803 0.0180706 0.0198007 0.0217744 0.023995 0.0264657 0.0291892 0.0321672 0.0354008 0.0388896 0.042632 0.0466248 0.0508631 0.0553399 0.0600463 0.0649714 0.0701017 0.0754218 0.080914 0.0865581 0.092332 0.0982115 0.10417 0.110181 0.116213 0.122236 0.128218 0.134126 0.139927 0.145587 0.151072 0.15635 0.161387 0.166153 0.170617 0.17475 0.178525 0.181917 0.184905 0.187468 0.189589 0.191254 0.192451 0.193173 0.193414 0.193173 0.192451 0.191254 0.189589 0.187468 0.184905 0.181917 0.178525 0.17475 0.170617 0.166153 0.161387 0.15635 0.151072 0.145587 0.139927 0.134126 0.128218 0.122236 0.116213 0.110181 0.10417 0.0982115 0.092332 0.0865581 0.080914 0.0754218 0.0701017 0.0649714 0.0600463 0.0553399 0.0508631 0.0466248 0.042632 0.0388896 0.0354008 0.0321672 0.0291892 0.0264657 0.023995 0.0217744 0.0198007 0.0180706 0.0165803 0.0153263 0.0143054 0.0135146 0.0129516 0.0126145 
0.0137561 0.0138788 0.0142474 0.014863 0.0157274 0.0168433 0.0182137 0.0198419 0.0217317 0.0238868 0.0263108 0.0290068 0.0319774 0.0352245 0.0387488 0.0425496 0.0466248 0.0509708 0.0555817 0.0604499 0.0655653 0.0709156 0.0764864 0.0822604 0.0882182 0.0943379 0.100595 0.106964 0.113416 0.11992 0.126445 0.132957 0.139423 0.145805 0.15207 0.158179 0.164098 0.169791 0.175224 0.180361 0.185171 0.189624 0.19369 0.197343 0.20056 0.203319 0.205602 0.207393 0.208681 0.209458 0.209717 0.209458 0.208681 0.207393 0.205602 0.203319 0.20056 0.197343 0.19369 0.189624 0.185171 0.180361 0.175224 0.169791 0.164098 0.158179 0.15207 0.145805 0.139423 0.132957 0.126445 0.11992 0.113416 0.106964 0.100595 0.0943379 0.0882182 0.0822604 0.0764864 0.0709156 0.0655653 0.0604499 0.0555817 0.0509708 0.0466248 0.0425496 0.0387488 0.0352245 0.0319774 0.0290068 0.0263108 0.0238868 0.0217317 0.0198419 0.0182137 0.0168433 0.0157274 0.014863 0.0142474 0.0138788 
0.0150957 0.0152296 0.0156316 0.0163029 0.0172456 0.0184622 0.019956 0.0217304 0.0237894 0.0261367 0.0287761 0.0317106 0.0349428 0.0384745 0.042306 0.0464364 0.0508631 0.0555817 0.0605857 0.0658664 0.0714127 0.0772109 0.083245 0.0894963 0.0959435 0.102563 0.109328 0.11621 0.123178 0.1302 0.137241 0.144265 0.151236 0.158114 0.164862 0.171442 0.177813 0.183939 0.189782 0.195307 0.200478 0.205263 0.209633 0.213557 0.217012 0.219975 0.222426 0.224349 0.225732 0.226565 0.226844 0.226565 0.225732 0.224349 0.222426 0.219975 0.217012 0.213557 0.209633 0.205263 0.200478 0.195307 0.189782 0.183939 0.177813 0.171442 0.164862 0.158114 0.151236 0.144265 0.137241 0.1302 0.123178 0.11621 0.109328 0.102563 0.0959435 0.0894963 0.083245 0.0772109 0.0714127 0.0658664 0.0605857 0.0555817 0.0508631 0.0464364 0.042306 0.0384745 0.0349428 0.0317106 0.0287761 0.0261367 0.0237894 0.0217304 0.019956 0.0184622 0.0172456 0.0163029 0.0156316 0.0152296 
0.0165203 0.0166659 0.0171032 0.0178334 0.0188586 0.0201815 0.0218055 0.0237342 0.0259716 0.0285216 0.0313878 0.0345735 0.0380812 0.0419123 0.046067 0.0505439 0.0553399 0.0604499 0.0658664 0.0715798 0.0775777 0.0838451 0.0903643 0.0971149 0.104074 0.111215 0.118509 0.125927 0.133434 0.140995 0.148574 0.156131 0.163627 0.171021 0.178272 0.185339 0.19218 0.198755 0.205024 0.21095 0.216495 0.221625 0.226307 0.230512 0.234213 0.237387 0.240011 0.242071 0.243552 0.244444 0.244742 0.244444 0.243552 0.242071 0.240011 0.237387 0.234213 0.230512 0.226307 0.221625 0.216495 0.21095 0.205024 0.198755 0.19218 0.185339 0.178272 0.171021 0.163627 0.156131 0.148574 0.140995 0.133434 0.125927 0.118509 0.111215 0.104074 0.0971149 0.0903643 0.0838451 0.0775777 0.0715798 0.0658664 0.0604499 0.0553399 0.0505439 0.046067 0.0419123 0.0380812 0.0345735 0.0313878 0.0285216 0.0259716 0.0237342 0.0218055 0.0201815 0.0188586 0.0178334 0.0171032 0.0166659 
0.018028 0.0181859 0.0186603 0.0194524 0.0205643 0.0219989 0.0237596 0.0258503 0.0282749 0.0310375 0.0341417 0.0375908 0.0413871 0.0455318 0.0500247 0.0548642 0.0600463 0.0655653 0.0714127 0.0775777 0.0840466 0.0908031 0.0978277 0.105098 0.112589 0.120273 0.128118 0.136092 0.144158 0.152278 0.160414 0.168523 0.176562 0.18449 0.19226 0.19983 0.207156 0.214194 0.220903 0.227242 0.233172 0.238657 0.243661 0.248155 0.25211 0.255499 0.258303 0.260502 0.262084 0.263036 0.263355 0.263036 0.262084 0.260502 0.258303 0.255499 0.25211 0.248155 0.243661 0.238657 0.233172 0.227242 0.220903 0.214194 0.207156 0.19983 0.19226 0.18449 0.176562 0.168523 0.160414 0.152278 0.144158 0.136092 0.128118 0.120273 0.112589 0.105098 0.0978277 0.0908031 0.0840466 0.0775777 0.0714127 0.0655653 0.0600463 0.0548642 0.0500247 0.0455318 0.0413871 0.0375908 0.0341417 0.0310375 0.0282749 0.0258503 0.0237596 0.0219989 0.0205643 0.0194524 0.0186603 0.0181859 
0.0196164 0.0197873 0.0203004 0.0211572 0.0223598 0.0239112 0.0258148 0.0280747 0.0306949 0.0336795 0.0370322 0.0407561 0.0448533 0.049325 0.0541704 0.0593873 0.0649714 0.0709156 0.0772109 0.0838451 0.0908031 0.098067 0.105616 0.113425 0.121467 0.129712 0.138126 0.146674 0.155317 0.164015 0.172725 0.181402 0.190002 0.198478 0.206783 0.21487 0.222693 0.230207 0.237367 0.24413 0.250454 0.256302 0.261637 0.266427 0.27064 0.274251 0.277238 0.27958 0.281264 0.282279 0.282618 0.282279 0.281264 0.27958 0.277238 0.274251 0.27064 0.266427 0.261637 0.256302 0.250454 0.24413 0.237367 0.230207 0.222693 0.21487 0.206783 0.198478 0.190002 0.181402 0.172725 0.164015 0.155317 0.146674 0.138126 0.129712 0.121467 0.113425 0.105616 0.098067 0.0908031 0.0838451 0.0772109 0.0709156 0.0649714 0.0593873 0.0541704 0.049325 0.0448533 0.0407561 0.0370322 0.0336795 0.0306949 0.0280747 0.0258148 0.0239112 0.0223598 0.0211572 0.0203004 0.0197873 
0.0212822 0.0214665 0.02202 0.0229442 0.0242412 0.0259141 0.0279665 0.0304024 0.033226 0.0364414 0.0400523 0.0440615 0.0484713 0.0532821 0.0584931 0.0641014 0.0701017 0.0764864 0.083245 0.0903643 0.0978277 0.105616 0.113705 0.122069 0.130679 0.139502 0.148503 0.157642 0.166878 0.176168 0.185467 0.194727 0.203901 0.212938 0.22179 0.230406 0.238739 0.246738 0.254358 0.261553 0.26828 0.274498 0.28017 0.28526 0.289737 0.293574 0.296746 0.299234 0.301023 0.3021 0.30246 0.3021 0.301023 0.299234 0.296746 0.293574 0.289737 0.28526 0.28017 0.274498 0.26828 0.261553 0.254358 0.246738 0.238739 0.230406 0.22179 0.212938 0.203901 0.194727 0.185467 0.176168 0.166878 0.157642 0.148503 0.139502 0.130679 0.122069 0.113705 0.105616 0.0978277 0.0903643 0.083245 0.0764864 0.0701017 0.0641014 0.0584931 0.0532821 0.0484713 0.0440615 0.0400523 0.0364414 0.033226 0.0304024 0.0279665 0.0259141 0.0242412 0.0229442 0.02202 0.0214665 
0.0230212 0.0232195 0.0238149 0.0248089 0.0262037 0.0280025 0.030209 0.0328272 0.0358614 0.0393156 0.0431935 0.0474979 0.0522305 0.0573918 0.0629802 0.0689922 0.0754218 0.0822604 0.0894963 0.0971149 0.105098 0.113425 0.122069 0.131004 0.140197 0.149612 0.159212 0.168956 0.178799 0.188695 0.198595 0.208451 0.218209 0.227819 0.237228 0.246383 0.255232 0.263726 0.271813 0.279447 0.286582 0.293176 0.299189 0.304584 0.309328 0.313393 0.316753 0.319389 0.321283 0.322424 0.322805 0.322424 0.321283 0.319389 0.316753 0.313393 0.309328 0.304584 0.299189 0.293176 0.286582 0.279447 0.271813 0.263726 0.255232 0.246383 0.237228 0.227819 0.218209 0.208451 0.198595 0.188695 0.178799 0.168956 0.159212 0.149612 0.140197 0.131004 0.122069 0.113425 0.105098 0.0971149 0.0894963 0.0822604 0.0754218 0.0689922 0.0629802 0.0573918 0.0522305 0.0474979 0.0431935 0.0393156 0.0358614 0.0328272 0.030209 0.0280025 0.0262037 0.0248089 0.0238149 0.0232195 
0.0248285 0.0250412 0.0256798 0.0267458 0.0282415 0.0301702 0.0325356 0.0353417 0.0385929 0.0422931 0.046446 0.0510541 0.056119 0.0616406 0.0676169 0.0740436 0.080914 0.0882182 0.0959435 0.104074 0.112589 0.121467 0.130679 0.140197 0.149984 0.160004 0.170216 0.180576 0.191036 0.201548 0.212061 0.22252 0.232873 0.243063 0.253036 0.262737 0.27211 0.281103 0.289663 0.29774 0.305288 0.312261 0.318617 0.324319 0.329333 0.333628 0.337178 0.339962 0.341962 0.343167 0.34357 0.343167 0.341962 0.339962 0.337178 0.333628 0.329333 0.324319 0.318617 0.312261 0.305288 0.29774 0.289663 0.281103 0.27211 0.262737 0.253036 0.243063 0.232873 0.22252 0.212061 0.201548 0.191036 0.180576 0.170216 0.160004 0.149984 0.140197 0.130679 0.121467 0.112589 0.104074 0.0959435 0.0882182 0.080914 0.0740436 0.0676169 0.0616406 0.056119 0.0510541 0.046446 0.0422931 0.0385929 0.0353417 0.0325356 0.0301702 0.0282415 0.0267458 0.0256798 0.0250412 
0.0266982 0.0269257 0.0276086 0.0287486 0.030348 0.03241 0.0349384 0.0379374 0.0414112 0.0453638 0.0497985 0.0547179 0.0601231 0.0660135 0.0723866 0.0792374 0.0865581 0.0943379 0.102563 0.111215 0.120273 0.129712 0.139502 0.149612 0.160004 0.170639 0.181471 0.192456 0.203542 0.214678 0.225809 0.23688 0.247832 0.258609 0.269152 0.279402 0.289303 0.298798 0.307833 0.316357 0.324319 0.331672 0.338374 0.344385 0.349669 0.354194 0.357934 0.360866 0.362974 0.364243 0.364667 0.364243 0.362974 0.360866 0.357934 0.354194 0.349669 0.344385 0.338374 0.331672 0.324319 0.316357 0.307833 0.298798 0.289303 0.279402 0.269152 0.258609 0.247832 0.23688 0.225809 0.214678 0.203542 0.192456 0.181471 0.170639 0.160004 0.149612 0.139502 0.129712 0.120273 0.111215 0.102563 0.0943379 0.0865581 0.0792374 0.0723866 0.0660135 0.0601231 0.0547179 0.0497985 0.0453638 0.0414112 0.0379374 0.0349384 0.03241 0.030348 0.0287486 0.0276086 0.0269257 
0.0286234 0.028866 0.0295943 0.0308099 0.0325153 0.0347135 0.0374086 0.0406046 0.0443057 0.0485158 0.0532382 0.0584751 0.0642272 0.0704935 0.0772707 0.0845532 0.092332 0.100595 0.109328 0.118509 0.128118 0.138126 0.148503 0.159212 0.170216 0.181471 0.192931 0.204546 0.216264 0.228029 0.239783 0.251469 0.263025 0.27439 0.285505 0.296307 0.306736 0.316735 0.326247 0.335217 0.343593 0.351327 0.358374 0.364692 0.370246 0.375001 0.378931 0.382011 0.384225 0.385558 0.386004 0.385558 0.384225 0.382011 0.378931 0.375001 0.370246 0.364692 0.358374 0.351327 0.343593 0.335217 0.326247 0.316735 0.306736 0.296307 0.285505 0.27439 0.263025 0.251469 0.239783 0.228029 0.216264 0.204546 0.192931 0.181471 0.170216 0.159212 0.148503 0.138126 0.128118 0.118509 0.109328 0.100595 0.092332 0.0845532 0.0772707 0.0704935 0.0642272 0.0584751 0.0532382 0.0485158 0.0443057 0.0406046 0.0374086 0.0347135 0.0325153 0.0308099 0.0295943 0.028866 
0.0305965 0.0308545 0.031629 0.0329215 0.0347347 0.0370716 0.0399361 0.0433325 0.0472647 0.0517365 0.0567511 0.0623102 0.0684144 0.0750619 0.0822489 0.0899687 0.0982115 0.106964 0.11621 0.125927 0.136092 0.146674 0.157642 0.168956 0.180576 0.192456 0.204546 0.216795 0.229146 0.241542 0.253921 0.266223 0.278383 0.290338 0.302023 0.313376 0.324334 0.334835 0.344821 0.354235 0.363024 0.371136 0.378526 0.385151 0.390972 0.395956 0.400073 0.403301 0.40562 0.407017 0.407483 0.407017 0.40562 0.403301 0.400073 0.395956 0.390972 0.385151 0.378526 0.371136 0.363024 0.354235 0.344821 0.334835 0.324334 0.313376 0.302023 0.290338 0.278383 0.266223 0.253921 0.241542 0.229146 0.216795 0.204546 0.192456 0.180576 0.168956 0.157642 0.146674 0.136092 0.125927 0.11621 0.106964 0.0982115 0.0899687 0.0822489 0.0750619 0.0684144 0.0623102 0.0567511 0.0517365 0.0472647 0.0433325 0.0399361 0.0370716 0.0347347 0.0329215 0.031629 0.0308545 
0.0326089 0.0328825 0.0337037 0.0350743 0.0369966 0.0394739 0.04251 0.0461091 0.0502751 0.0550116 0.0603216 0.0662065 0.0726662 0.0796986 0.0872991 0.0954599 0.10417 0.113416 0.123178 0.133434 0.144158 0.155317 0.166878 0.178799 0.191036 0.203542 0.216264 0.229146 0.242131 0.255156 0.268159 0.281075 0.293836 0.306378 0.318631 0.330532 0.342014 0.353014 0.36347 0.373325 0.382522 0.391009 0.398738 0.405665 0.411751 0.416961 0.421264 0.424637 0.42706 0.42852 0.429007 0.42852 0.42706 0.424637 0.421264 0.416961 0.411751 0.405665 0.398738 0.391009 0.382522 0.373325 0.36347 0.353014 0.342014 0.330532 0.318631 0.306378 0.293836 0.281075 0.268159 0.255156 0.242131 0.229146 0.216264 0.203542 0.191036 0.178799 0.166878 0.155317 0.144158 0.133434 0.123178 0.113416 0.10417 0.0954599 0.0872991 0.0796986 0.0726662 0.0662065 0.0603216 0.0550116 0.0502751 0.0461091 0.04251 0.0394739 0.0369966 0.0350743 0.0337037 0.0328825 
0.0346512 0.0349405 0.035809 0.0372581 0.0392904 0.0419092 0.0451182 0.0489215 0.0533229 0.0583259 0.063933 0.0701455 0.0769627 0.0843819 0.0923975 0.101001 0.110181 0.11992 0.1302 0.140995 0.152278 0.164015 0.176168 0.188695 0.201548 0.214678 0.228029 0.241542 0.255156 0.268808 0.28243 0.295955 0.309313 0.322435 0.335251 0.347693 0.359693 0.371185 0.382106 0.392395 0.401995 0.410851 0.418914 0.426139 0.432485 0.437917 0.442403 0.445919 0.448444 0.449965 0.450473 0.449965 0.448444 0.445919 0.442403 0.437917 0.432485 0.426139 0.418914 0.410851 0.401995 0.392395 0.382106 0.371185 0.359693 0.347693 0.335251 0.322435 0.309313 0.295955 0.28243 0.268808 0.255156 0.241542 0.228029 0.214678 0.201548 0.188695 0.176168 0.164015 0.152278 0.140995 0.1302 0.11992 0.110181 0.101001 0.0923975 0.0843819 0.0769627 0.0701455 0.063933 0.0583259 0.0533229 0.0489215 0.0451182 0.0419092 0.0392904 0.0372581 0.035809 0.0349405 
0.0367135 0.0370185 0.0379343 0.0394622 0.0416049 0.0443655 0.0477478 0.0517557 0.056393 0.0616629 0.0675676 0.0741079 0.0812828 0.0890886 0.0975192 0.106565 0.116213 0.126445 0.137241 0.148574 0.160414 0.172725 0.185467 0.198595 0.212061 0.225809 0.239783 0.253921 0.268159 0.28243 0.296664 0.31079 0.324737 0.338431 0.351802 0.364777 0.377287 0.389263 0.40064 0.411355 0.421349 0.430567 0.438958 0.446474 0.453075 0.458723 0.463388 0.467043 0.469669 0.47125 0.471778 0.47125 0.469669 0.467043 0.463388 0.458723 0.453075 0.446474 0.438958 0.430567 0.421349 0.411355 0.40064 0.389263 0.377287 0.364777 0.351802 0.338431 0.324737 0.31079 0.296664 0.28243 0.268159 0.253921 0.239783 0.225809 0.212061 0.198595 0.185467 0.172725 0.160414 0.148574 0.137241 0.126445 0.116213 0.106565 0.0975192 0.0890886 0.0812828 0.0741079 0.0675676 0.0616629 0.056393 0.0517557 0.0477478 0.0443655 0.0416049 0.0394622 0.0379343 0.0370185 
0.0387847 0.0391056 0.0400685 0.0416751 0.0439279 0.0468301 0.0503852 0.0545972 0.0594696 0.0650054 0.0712066 0.0780733 0.0856041 0.0937946 0.102638 0.112123 0.122236 0.132957 0.144265 0.156131 0.168523 0.181402 0.194727 0.208451 0.22252 0.23688 0.251469 0.266223 0.281075 0.295955 0.31079 0.325507 0.340032 0.354288 0.368202 0.381699 0.394707 0.407156 0.418979 0.43011 0.44049 0.450061 0.45877 0.466571 0.473419 0.479279 0.484118 0.487909 0.490631 0.492271 0.492818 0.492271 0.490631 0.487909 0.484118 0.479279 0.473419 0.466571 0.45877 0.450061 0.44049 0.43011 0.418979 0.407156 0.394707 0.381699 0.368202 0.354288 0.340032 0.325507 0.31079 0.295955 0.281075 0.266223 0.251469 0.23688 0.22252 0.208451 0.194727 0.181402 0.168523 0.156131 0.144265 0.132957 0.122236 0.112123 0.102638 0.0937946 0.0856041 0.0780733 0.0712066 0.0650054 0.0594696 0.0545972 0.0503852 0.0468301 0.0439279 0.0416751 0.0400685 0.0391056 
0.0408537 0.0411901 0.0421999 0.0438847 0.0462467 0.0492893 0.053016 0.0574303 0.0625359 0.0683353 0.0748302 0.0820203 0.0899034 0.0984746 0.107726 0.117645 0.128218 0.139423 0.151236 0.163627 0.176562 0.190002 0.203901 0.218209 0.232873 0.247832 0.263025 0.278383 0.293836 0.309313 0.324737 0.340032 0.35512 0.369925 0.384368 0.398374 0.411867 0.424777 0.437033 0.448569 0.459322 0.469235 0.478254 0.48633 0.493419 0.499483 0.50449 0.508412 0.511229 0.512925 0.513491 0.512925 0.511229 0.508412 0.50449 0.499483 0.493419 0.48633 0.478254 0.469235 0.459322 0.448569 0.437033 0.424777 0.411867 0.398374 0.384368 0.369925 0.35512 0.340032 0.324737 0.309313 0.293836 0.278383 0.263025 0.247832 0.232873 0.218209 0.203901 0.190002 0.176562 0.163627 0.151236 0.139423 0.128218 0.117645 0.107726 0.0984746 0.0899034 0.0820203 0.0748302 0.0683353 0.0625359 0.0574303 0.053016 0.0492893 0.0462467 0.0438847 0.0421999 0.0411901 
0.0429084 0.0432603 0.0443163 0.0460781 0.0485481 0.0517292 0.0556251 0.0602391 0.0655746 0.0716338 0.0784181 0.0859267 0.0941568 0.103103 0.112755 0.123102 0.134126 0.145805 0.158114 0.171021 0.18449 0.198478 0.212938 0.227819 0.243063 0.258609 0.27439 0.290338 0.306378 0.322435 0.338431 0.354288 0.369925 0.385261 0.400218 0.414717 0.428681 0.442036 0.45471 0.466637 0.477752 0.487995 0.497312 0.505653 0.512974 0.519235 0.524404 0.528452 0.53136 0.53311 0.533695 0.53311 0.53136 0.528452 0.524404 0.519235 0.512974 0.505653 0.497312 0.487995 0.477752 0.466637 0.45471 0.442036 0.428681 0.414717 0.400218 0.385261 0.369925 0.354288 0.338431 0.322435 0.306378 0.290338 0.27439 0.258609 0.243063 0.227819 0.212938 0.198478 0.18449 0.171021 0.158114 0.145805 0.134126 0.123102 0.112755 0.103103 0.0941568 0.0859267 0.0784181 0.0716338 0.0655746 0.0602391 0.0556251 0.0517292 0.0485481 0.0460781 0.0443163 0.0432603 
0.0449366 0.0453036 0.046405 0.0482425 0.0508182 0.0541353 0.0581971 0.0630069 0.0685678 0.0748817 0.0819495 0.08977 0.0983398 0.107652 0.117697 0.128462 0.139927 0.15207 0.164862 0.178272 0.19226 0.206783 0.22179 0.237228 0.253036 0.269152 0.285505 0.302023 0.318631 0.335251 0.351802 0.368202 0.384368 0.400218 0.415671 0.430644 0.445061 0.458845 0.471922 0.484224 0.495686 0.506246 0.515849 0.524445 0.531987 0.538437 0.54376 0.54793 0.550924 0.552726 0.553328 0.552726 0.550924 0.54793 0.54376 0.538437 0.531987 0.524445 0.515849 0.506246 0.495686 0.484224 0.471922 0.458845 0.445061 0.430644 0.415671 0.400218 0.384368 0.368202 0.351802 0.335251 0.318631 0.302023 0.285505 0.269152 0.253036 0.237228 0.22179 0.206783 0.19226 0.178272 0.164862 0.15207 0.139927 0.128462 0.117697 0.107652 0.0983398 0.08977 0.0819495 0.0748817 0.0685678 0.0630069 0.0581971 0.0541353 0.0508182 0.0482425 0.046405 0.0453036 
0.0469255 0.0473073 0.048453 0.0503642 0.0530432 0.0564928 0.0607164 0.065717 0.0714974 0.0780594 0.0854032 0.0935274 0.102428 0.112096 0.122523 0.133693 0.145587 0.158179 0.171442 0.185339 0.19983 0.21487 0.230406 0.246383 0.262737 0.279402 0.296307 0.313376 0.330532 0.347693 0.364777 0.381699 0.398374 0.414717 0.430644 0.446074 0.460924 0.475117 0.48858 0.501241 0.513033 0.523896 0.533772 0.54261 0.550363 0.556993 0.562464 0.566749 0.569825 0.571677 0.572295 0.571677 0.569825 0.566749 0.562464 0.556993 0.550363 0.54261 0.533772 0.523896 0.513033 0.501241 0.48858 0.475117 0.460924 0.446074 0.430644 0.414717 0.398374 0.381699 0.364777 0.347693 0.330532 0.313376 0.296307 0.279402 0.262737 0.246383 0.230406 0.21487 0.19983 0.185339 0.171442 0.158179 0.145587 0.133693 0.122523 0.112096 0.102428 0.0935274 0.0854032 0.0780594 0.0714974 0.065717 0.0607164 0.0564928 0.0530432 0.0503642 0.048453 0.0473073 
0.0488626 0.0492586 0.0504473 0.0524299 0.0552088 0.0587868 0.063167 0.0683523 0.0743452 0.0811471 0.088758 0.0971757 0.106395 0.116409 0.127204 0.138765 0.151072 0.164098 0.177813 0.19218 0.207156 0.222693 0.238739 0.255232 0.27211 0.289303 0.306736 0.324334 0.342014 0.359693 0.377287 0.394707 0.411867 0.428681 0.445061 0.460924 0.476187 0.49077 0.504599 0.5176 0.529707 0.540856 0.550991 0.560058 0.568012 0.574811 0.580422 0.584815 0.587969 0.589868 0.590502 0.589868 0.587969 0.584815 0.580422 0.574811 0.568012 0.560058 0.550991 0.540856 0.529707 0.5176 0.504599 0.49077 0.476187 0.460924 0.445061 0.428681 0.411867 0.394707 0.377287 0.359693 0.342014 0.324334 0.306736 0.289303 0.27211 0.255232 0.238739 0.222693 0.207156 0.19218 0.177813 0.164098 0.151072 0.138765 0.127204 0.116409 0.106395 0.0971757 0.088758 0.0811471 0.0743452 0.0683523 0.063167 0.0587868 0.0552088 0.0524299 0.0504473 0.0492586 
0.0507348 0.0511446 0.0523745 0.0544259 0.0573009 0.0610023 0.065533 0.0708958 0.0770929 0.0841253 0.0919926 0.100692 0.110218 0.120562 0.131711 0.143647 0.15635 0.169791 0.183939 0.198755 0.214194 0.230207 0.246738 0.263726 0.281103 0.298798 0.316735 0.334835 0.353014 0.371185 0.389263 0.407156 0.424777 0.442036 0.458845 0.475117 0.49077 0.505722 0.519896 0.533219 0.545622 0.557041 0.567419 0.576702 0.584844 0.591803 0.597545 0.602041 0.605268 0.607211 0.607859 0.607211 0.605268 0.602041 0.597545 0.591803 0.584844 0.576702 0.567419 0.557041 0.545622 0.533219 0.519896 0.505722 0.49077 0.475117 0.458845 0.442036 0.424777 0.407156 0.389263 0.371185 0.353014 0.334835 0.316735 0.298798 0.281103 0.263726 0.246738 0.230207 0.214194 0.198755 0.183939 0.169791 0.15635 0.143647 0.131711 0.120562 0.110218 0.100692 0.0919926 0.0841253 0.0770929 0.0708958 0.065533 0.0610023 0.0573009 0.0544259 0.0523745 0.0511446 
0.0525296 0.0529526 0.0542218 0.0563388 0.0593055 0.0631245 0.0677988 0.0733308 0.0797225 0.0869746 0.0950862 0.104054 0.113872 0.12453 0.136015 0.148308 0.161387 0.175224 0.189782 0.205024 0.220903 0.237367 0.254358 0.271813 0.289663 0.307833 0.326247 0.344821 0.36347 0.382106 0.40064 0.418979 0.437033 0.45471 0.471922 0.48858 0.504599 0.519896 0.534393 0.548017 0.560697 0.572369 0.582974 0.592459 0.600777 0.607885 0.613749 0.61834 0.621636 0.623619 0.624282 0.623619 0.621636 0.61834 0.613749 0.607885 0.600777 0.592459 0.582974 0.572369 0.560697 0.548017 0.534393 0.519896 0.504599 0.48858 0.471922 0.45471 0.437033 0.418979 0.40064 0.382106 0.36347 0.344821 0.326247 0.307833 0.289663 0.271813 0.254358 0.237367 0.220903 0.205024 0.189782 0.175224 0.161387 0.148308 0.136015 0.12453 0.113872 0.104054 0.0950862 0.0869746 0.0797225 0.0733308 0.0677988 0.0631245 0.0593055 0.0563388 0.0542218 0.0529526 
0.0542345 0.0546698 0.0559763 0.0581552 0.0612086 0.065139 0.0699489 0.0756409 0.0822165 0.0896761 0.0980184 0.10724 0.117333 0.128288 0.14009 0.15272 0.166153 0.180361 0.195307 0.21095 0.227242 0.24413 0.261553 0.279447 0.29774 0.316357 0.335217 0.354235 0.373325 0.392395 0.411355 0.43011 0.448569 0.466637 0.484224 0.501241 0.5176 0.533219 0.548017 0.56192 0.574857 0.586764 0.59758 0.607252 0.615732 0.622978 0.628956 0.633635 0.636993 0.639015 0.63969 0.639015 0.636993 0.633635 0.628956 0.622978 0.615732 0.607252 0.59758 0.586764 0.574857 0.56192 0.548017 0.533219 0.5176 0.501241 0.484224 0.466637 0.448569 0.43011 0.411355 0.392395 0.373325 0.354235 0.335217 0.316357 0.29774 0.279447 0.261553 0.24413 0.227242 0.21095 0.195307 0.180361 0.166153 0.15272 0.14009 0.128288 0.117333 0.10724 0.0980184 0.0896761 0.0822165 0.0756409 0.0699489 0.065139 0.0612086 0.0581552 0.0559763 0.0546698 
0.0558373 0.0562843 0.0576256 0.0598625 0.0629971 0.0670316 0.0719685 0.0778101 0.0845578 0.0922115 0.10077 0.110228 0.120578 0.13181 0.143908 0.156852 0.170617 0.185171 0.200478 0.216495 0.233172 0.250454 0.26828 0.286582 0.305288 0.324319 0.343593 0.363024 0.382522 0.401995 0.421349 0.44049 0.459322 0.477752 0.495686 0.513033 0.529707 0.545622 0.560697 0.574857 0.588031 0.600153 0.611163 0.621007 0.629636 0.637009 0.643091 0.647851 0.651267 0.653324 0.65401 0.653324 0.651267 0.647851 0.643091 0.637009 0.629636 0.621007 0.611163 0.600153 0.588031 0.574857 0.560697 0.545622 0.529707 0.513033 0.495686 0.477752 0.459322 0.44049 0.421349 0.401995 0.382522 0.363024 0.343593 0.324319 0.305288 0.286582 0.26828 0.250454 0.233172 0.216495 0.200478 0.185171 0.170617 0.156852 0.143908 0.13181 0.120578 0.110228 0.10077 0.0922115 0.0845578 0.0778101 0.0719685 0.0670316 0.0629971 0.0598625 0.0576256 0.0562843 
0.0573265 0.0577842 0.0591578 0.0614484 0.064658 0.0687889 0.0738434 0.0798234 0.0867302 0.0945634 0.103321 0.112998 0.123586 0.135074 0.147446 0.16068 0.17475 0.189624 0.205263 0.221625 0.238657 0.256302 0.274498 0.293176 0.312261 0.331672 0.351327 0.371136 0.391009 0.410851 0.430567 0.450061 0.469235 0.487995 0.506246 0.523896 0.540856 0.557041 0.572369 0.586764 0.600153 0.612471 0.623657 0.633657 0.642422 0.649911 0.656086 0.66092 0.664389 0.666477 0.667174 0.666477 0.664389 0.66092 0.656086 0.649911 0.642422 0.633657 0.623657 0.612471 0.600153 0.586764 0.572369 0.557041 0.540856 0.523896 0.506246 0.487995 0.469235 0.450061 0.430567 0.410851 0.391009 0.371136 0.351327 0.331672 0.312261 0.293176 0.274498 0.256302 0.238657 0.221625 0.205263 0.189624 0.17475 0.16068 0.147446 0.135074 0.123586 0.112998 0.103321 0.0945634 0.0867302 0.0798234 0.0738434 0.0687889 0.064658 0.0614484 0.0591578 0.0577842 
