1.36535e-05 1.42731e-05 1.61692e-05 1.94543e-05 2.43192e-05 3.10364e-05 3.99661e-05 5.1562e-05 6.63791e-05 8.50803e-05 0.000108443 0.000137365 0.000172869 0.0002161 0.000268329 0.000330939 0.000405421 0.000493349 0.000596362 0.000716133 0.000854331 0.00101258 0.00119241 0.00139521 0.00162215 0.00187415 0.00215182 0.00245537 0.0027846 0.00313881 0.00351682 0.00391688 0.00433669 0.00477341 0.00522365 0.0056835 0.0061486 0.00661419 0.00707518 0.00752624 0.00796191 0.00837668 0.00876514 0.00912205 0.0094425 0.00972195 0.00995641 0.0101425 0.0102774 0.0103591 0.0103865 0.0103591 0.0102774 0.0101425 0.00995641 0.00972195 0.0094425 0.00912205 0.00876514 0.00837668 0.00796191 0.00752624 0.00707518 0.00661419 0.0061486 0.0056835 0.00522365 0.00477341 0.00433669 0.00391688 0.00351682 0.00313881 0.0027846 0.00245537 0.00215182 0.00187415 0.00162215 0.00139521 0.00119241 0.00101258 0.000854331 0.000716133 0.000596362 0.000493349 0.000405421 0.000330939 0.000268329 0.0002161 0.000172869 0.000137365 0.000108443 8.50803e-05 6.63791e-05 5.1562e-05 3.99661e-05 3.10364e-05 2.43192e-05 1.94543e-05 1.61692e-05 1.42731e-05 
1.42731e-05 1.49193e-05 1.68967e-05 2.03223e-05 2.53941e-05 3.23953e-05 4.16998e-05 5.37788e-05 6.9208e-05 8.86748e-05 0.000112985 0.00014307 0.000179986 0.000224921 0.000279187 0.000344216 0.000421545 0.0005128 0.000619671 0.000743882 0.000887149 0.00105114 0.00123744 0.00144744 0.00168237 0.00194315 0.0022304 0.00254431 0.00288467 0.00325074 0.00364128 0.00405448 0.00448796 0.00493877 0.00540341 0.00587785 0.0063576 0.00683773 0.00731302 0.00777798 0.00822698 0.00865438 0.00905461 0.00942228 0.00975234 0.0100402 0.0102816 0.0104732 0.0106121 0.0106963 0.0107245 0.0106963 0.0106121 0.0104732 0.0102816 0.0100402 0.00975234 0.00942228 0.00905461 0.00865438 0.00822698 0.00777798 0.00731302 0.00683773 0.0063576 0.00587785 0.00540341 0.00493877 0.00448796 0.00405448 0.00364128 0.00325074 0.00288467 0.00254431 0.0022304 0.00194315 0.00168237 0.00144744 0.00123744 0.00105114 0.000887149 0.000743882 0.000619671 0.0005128 0.000421545 0.000344216 0.000279187 0.000224921 0.000179986 0.00014307 0.000112985 8.86748e-05 6.9208e-05 5.37788e-05 4.16998e-05 3.23953e-05 2.53941e-05 2.03223e-05 1.68967e-05 1.49193e-05 
1.61692e-05 1.68967e-05 1.91224e-05 2.29768e-05 2.86806e-05 3.6549e-05 4.6998e-05 6.05513e-05 7.7848e-05 9.96506e-05 0.000126851 0.000160479 0.000201702 0.000251828 0.000312302 0.000384694 0.000470692 0.000572074 0.000690684 0.000828398 0.000987082 0.00116854 0.00137447 0.00160639 0.00186557 0.00215302 0.00246933 0.00281469 0.00318881 0.00359085 0.0040194 0.00447244 0.00494734 0.00544085 0.00594911 0.00646774 0.00699181 0.00751599 0.00803455 0.00854157 0.00903094 0.00949654 0.00993234 0.0103325 0.0106917 0.0110048 0.0112674 0.0114757 0.0116267 0.0117182 0.0117488 0.0117182 0.0116267 0.0114757 0.0112674 0.0110048 0.0106917 0.0103325 0.00993234 0.00949654 0.00903094 0.00854157 0.00803455 0.00751599 0.00699181 0.00646774 0.00594911 0.00544085 0.00494734 0.00447244 0.0040194 0.00359085 0.00318881 0.00281469 0.00246933 0.00215302 0.00186557 0.00160639 0.00137447 0.00116854 0.000987082 0.000828398 0.000690684 0.000572074 0.000470692 0.000384694 0.000312302 0.000251828 0.000201702 0.000160479 0.000126851 9.96506e-05 7.7848e-05 6.05513e-05 4.6998e-05 3.6549e-05 2.86806e-05 2.29768e-05 1.91224e-05 1.68967e-05 
1.94543e-05 2.03223e-05 2.29768e-05 2.75716e-05 3.4366e-05 4.37305e-05 5.61532e-05 7.22479e-05 9.27624e-05 0.000118587 0.000150763 0.000190486 0.000239113 0.000298159 0.000369292 0.000454324 0.000555193 0.000673936 0.00081266 0.000973498 0.00115857 0.0013699 0.0016094 0.00187874 0.00217936 0.00251229 0.00287818 0.00327716 0.00370881 0.0041721 0.00466534 0.00518615 0.00573147 0.00629753 0.00687992 0.00747357 0.00807288 0.00867175 0.00926372 0.00984203 0.0103998 0.0109301 0.0114262 0.0118815 0.0122899 0.0126457 0.0129441 0.0131807 0.0133522 0.0134561 0.0134909 0.0134561 0.0133522 0.0131807 0.0129441 0.0126457 0.0122899 0.0118815 0.0114262 0.0109301 0.0103998 0.00984203 0.00926372 0.00867175 0.00807288 0.00747357 0.00687992 0.00629753 0.00573147 0.00518615 0.00466534 0.0041721 0.00370881 0.00327716 0.00287818 0.00251229 0.00217936 0.00187874 0.0016094 0.0013699 0.00115857 0.000973498 0.00081266 0.000673936 0.000555193 0.000454324 0.000369292 0.000298159 0.000239113 0.000190486 0.000150763 0.000118587 9.27624e-05 7.22479e-05 5.61532e-05 4.37305e-05 3.4366e-05 2.75716e-05 2.29768e-05 2.03223e-05 
2.43192e-05 2.53941e-05 2.86806e-05 3.4366e-05 4.27665e-05 5.4333e-05 6.96591e-05 8.94897e-05 0.000114731 0.00014646 0.000185933 0.00023459 0.000294061 0.000366159 0.000452878 0.000556376 0.000678952 0.000823016 0.000991051 0.00118556 0.00140901 0.00166377 0.00195202 0.0022757 0.00263638 0.00303523 0.00347289 0.00394942 0.00446423 0.00501597 0.00560256 0.00622111 0.00686791 0.00753846 0.0082275 0.00892905 0.00963649 0.0103427 0.01104 0.0117206 0.0123765 0.0129996 0.013582 0.0141162 0.0145951 0.0150121 0.0153617 0.0156388 0.0158396 0.0159612 0.0160019 0.0159612 0.0158396 0.0156388 0.0153617 0.0150121 0.0145951 0.0141162 0.013582 0.0129996 0.0123765 0.0117206 0.01104 0.0103427 0.00963649 0.00892905 0.0082275 0.00753846 0.00686791 0.00622111 0.00560256 0.00501597 0.00446423 0.00394942 0.00347289 0.00303523 0.00263638 0.0022757 0.00195202 0.00166377 0.00140901 0.00118556 0.000991051 0.000823016 0.000678952 0.000556376 0.000452878 0.000366159 0.000294061 0.00023459 0.000185933 0.00014646 0.000114731 8.94897e-05 6.96591e-05 5.4333e-05 4.27665e-05 3.4366e-05 2.86806e-05 2.53941e-05 
3.10364e-05 3.23953e-05 3.6549e-05 4.37305e-05 5.4333e-05 6.89167e-05 8.8218e-05 0.00011316 0.000144862 0.000184655 0.000234083 0.000294917 0.000369151 0.000459003 0.000566901 0.000695463 0.000847473 0.00102583 0.00123353 0.00147355 0.00174883 0.00206216 0.0024161 0.00281289 0.00325433 0.0037417 0.00427566 0.00485614 0.00548228 0.00615235 0.00686369 0.00761272 0.00839487 0.00920467 0.0100357 0.0108808 0.011732 0.0125807 0.0134179 0.0142342 0.01502 0.015766 0.0164628 0.0171014 0.0176735 0.0181715 0.0185887 0.0189193 0.0191588 0.0193039 0.0193525 0.0193039 0.0191588 0.0189193 0.0185887 0.0181715 0.0176735 0.0171014 0.0164628 0.015766 0.01502 0.0142342 0.0134179 0.0125807 0.011732 0.0108808 0.0100357 0.00920467 0.00839487 0.00761272 0.00686369 0.00615235 0.00548228 0.00485614 0.00427566 0.0037417 0.00325433 0.00281289 0.0024161 0.00206216 0.00174883 0.00147355 0.00123353 0.00102583 0.000847473 0.000695463 0.000566901 0.000459003 0.000369151 0.000294917 0.000234083 0.000184655 0.000144862 0.00011316 8.8218e-05 6.89167e-05 5.4333e-05 4.37305e-05 3.6549e-05 3.23953e-05 
3.99661e-05 4.16998e-05 4.6998e-05 5.61532e-05 6.96591e-05 8.8218e-05 0.000112752 0.000144415 0.000184607 0.000234981 0.000297459 0.000374237 0.00046778 0.000580824 0.000716351 0.000877574 0.00106789 0.00129083 0.00155001 0.00184904 0.00219143 0.0025805 0.00301929 0.0035104 0.00405589 0.00465718 0.0053149 0.0060288 0.00679768 0.00761927 0.00849017 0.0094059 0.0103608 0.0113481 0.01236 0.0133876 0.0144215 0.0154511 0.0164657 0.017454 0.0184046 0.0193061 0.0201474 0.020918 0.021608 0.0222082 0.0227108 0.0231089 0.0233973 0.0235719 0.0236304 0.0235719 0.0233973 0.0231089 0.0227108 0.0222082 0.021608 0.020918 0.0201474 0.0193061 0.0184046 0.017454 0.0164657 0.0154511 0.0144215 0.0133876 0.01236 0.0113481 0.0103608 0.0094059 0.00849017 0.00761927 0.00679768 0.0060288 0.0053149 0.00465718 0.00405589 0.0035104 0.00301929 0.0025805 0.00219143 0.00184904 0.00155001 0.00129083 0.00106789 0.000877574 0.000716351 0.000580824 0.00046778 0.000374237 0.000297459 0.000234981 0.000184607 0.000144415 0.000112752 8.8218e-05 6.96591e-05 5.61532e-05 4.6998e-05 4.16998e-05 
5.1562e-05 5.37788e-05 6.05513e-05 7.22479e-05 8.94897e-05 0.00011316 0.000144415 0.000184704 0.000235774 0.000299694 0.000378858 0.000475994 0.000594159 0.000736735 0.0009074 0.0011101 0.00134899 0.00162839 0.00195268 0.00232622 0.00275323 0.00323769 0.00378316 0.00439268 0.00506863 0.00581253 0.00662498 0.00750547 0.00845231 0.00946253 0.0105318 0.0116546 0.0128237 0.0140308 0.0152664 0.0165197 0.017779 0.0190317 0.0202648 0.0214647 0.0226177 0.0237103 0.0247291 0.0256616 0.0264959 0.0272214 0.0278286 0.0283094 0.0286576 0.0288683 0.0289389 0.0288683 0.0286576 0.0283094 0.0278286 0.0272214 0.0264959 0.0256616 0.0247291 0.0237103 0.0226177 0.0214647 0.0202648 0.0190317 0.017779 0.0165197 0.0152664 0.0140308 0.0128237 0.0116546 0.0105318 0.00946253 0.00845231 0.00750547 0.00662498 0.00581253 0.00506863 0.00439268 0.00378316 0.00323769 0.00275323 0.00232622 0.00195268 0.00162839 0.00134899 0.0011101 0.0009074 0.000736735 0.000594159 0.000475994 0.000378858 0.000299694 0.000235774 0.000184704 0.000144415 0.00011316 8.94897e-05 7.22479e-05 6.05513e-05 5.37788e-05 
6.63791e-05 6.9208e-05 7.7848e-05 9.27624e-05 0.000114731 0.000144862 0.000184607 0.000235774 0.000300552 0.000381515 0.000481644 0.000604322 0.000753337 0.00093286 0.00114742 0.00140185 0.00170124 0.00205085 0.00245597 0.00292188 0.00345363 0.00405594 0.00473304 0.00548844 0.00632483 0.00724387 0.00824602 0.00933043 0.0104948 0.0117352 0.0130463 0.0144209 0.0158503 0.0173241 0.0188308 0.0203571 0.0218889 0.023411 0.0249075 0.0263623 0.0277589 0.0290811 0.0303131 0.0314398 0.0324474 0.033323 0.0340554 0.0346352 0.0350549 0.035309 0.035394 0.035309 0.0350549 0.0346352 0.0340554 0.033323 0.0324474 0.0314398 0.0303131 0.0290811 0.0277589 0.0263623 0.0249075 0.023411 0.0218889 0.0203571 0.0188308 0.0173241 0.0158503 0.0144209 0.0130463 0.0117352 0.0104948 0.00933043 0.00824602 0.00724387 0.00632483 0.00548844 0.00473304 0.00405594 0.00345363 0.00292188 0.00245597 0.00205085 0.00170124 0.00140185 0.00114742 0.00093286 0.000753337 0.000604322 0.000481644 0.000381515 0.000300552 0.000235774 0.000184607 0.000144862 0.000114731 9.27624e-05 7.7848e-05 6.9208e-05 
8.50803e-05 8.86748e-05 9.96506e-05 0.000118587 0.00014646 0.000184655 0.000234981 0.000299694 0.000381515 0.000483643 0.000609766 0.000764069 0.000951219 0.00117634 0.00144499 0.00176307 0.00213678 0.00257247 0.00307656 0.00365535 0.0043149 0.00506078 0.00589792 0.00683041 0.00786124 0.00899214 0.0102234 0.0115537 0.0129799 0.014497 0.0160981 0.0177744 0.019515 0.0213074 0.0231373 0.0249886 0.0268444 0.0286862 0.0304952 0.0322519 0.0339366 0.0355302 0.0370139 0.0383699 0.0395816 0.040634 0.041514 0.0422103 0.0427142 0.0430191 0.0431212 0.0430191 0.0427142 0.0422103 0.041514 0.040634 0.0395816 0.0383699 0.0370139 0.0355302 0.0339366 0.0322519 0.0304952 0.0286862 0.0268444 0.0249886 0.0231373 0.0213074 0.019515 0.0177744 0.0160981 0.014497 0.0129799 0.0115537 0.0102234 0.00899214 0.00786124 0.00683041 0.00589792 0.00506078 0.0043149 0.00365535 0.00307656 0.00257247 0.00213678 0.00176307 0.00144499 0.00117634 0.000951219 0.000764069 0.000609766 0.000483643 0.000381515 0.000299694 0.000234981 0.000184655 0.00014646 0.000118587 9.96506e-05 8.86748e-05 
0.000108443 0.000112985 0.000126851 0.000150763 0.000185933 0.000234083 0.000297459 0.000378858 0.000481644 0.000609766 0.000767771 0.000960798 0.00119457 0.00147535 0.00180991 0.00220542 0.00266937 0.00320942 0.00383326 0.00454842 0.00536206 0.00628074 0.00731019 0.00845505 0.00971865 0.0111027 0.0126073 0.0142303 0.0159677 0.017813 0.0197576 0.0217906 0.0238986 0.0260664 0.0282764 0.0305096 0.0327453 0.0349616 0.037136 0.0392452 0.0412662 0.043176 0.0449527 0.0465752 0.0480241 0.0492818 0.0503329 0.0511644 0.0517659 0.0521298 0.0522516 0.0521298 0.0517659 0.0511644 0.0503329 0.0492818 0.0480241 0.0465752 0.0449527 0.043176 0.0412662 0.0392452 0.037136 0.0349616 0.0327453 0.0305096 0.0282764 0.0260664 0.0238986 0.0217906 0.0197576 0.017813 0.0159677 0.0142303 0.0126073 0.0111027 0.00971865 0.00845505 0.00731019 0.00628074 0.00536206 0.00454842 0.00383326 0.00320942 0.00266937 0.00220542 0.00180991 0.00147535 0.00119457 0.000960798 0.000767771 0.000609766 0.000481644 0.000378858 0.000297459 0.000234083 0.000185933 0.000150763 0.000126851 0.000112985 
0.000137365 0.00014307 0.000160479 0.000190486 0.00023459 0.000294917 0.000374237 0.000475994 0.000604322 0.000764069 0.000960798 0.00120079 0.001491 0.00183906 0.00225314 0.0027419 0.00331434 0.00397962 0.00474692 0.00562513 0.00662267 0.00774719 0.00900526 0.0104021 0.0119414 0.0136248 0.0154518 0.0174195 0.0195226 0.021753 0.0240999 0.0265497 0.0290864 0.0316912 0.0343433 0.0370196 0.0396955 0.0423451 0.0449416 0.0474575 0.0498658 0.0521395 0.0542528 0.0561813 0.0579024 0.0593954 0.0606426 0.0616287 0.0623418 0.0627733 0.0629176 0.0627733 0.0623418 0.0616287 0.0606426 0.0593954 0.0579024 0.0561813 0.0542528 0.0521395 0.0498658 0.0474575 0.0449416 0.0423451 0.0396955 0.0370196 0.0343433 0.0316912 0.0290864 0.0265497 0.0240999 0.021753 0.0195226 0.0174195 0.0154518 0.0136248 0.0119414 0.0104021 0.00900526 0.00774719 0.00662267 0.00562513 0.00474692 0.00397962 0.00331434 0.0027419 0.00225314 0.00183906 0.001491 0.00120079 0.000960798 0.000764069 0.000604322 0.000475994 0.000374237 0.000294917 0.00023459 0.000190486 0.000160479 0.00014307 
0.000172869 0.000179986 0.000201702 0.000239113 0.000294061 0.000369151 0.00046778 0.000594159 0.000753337 0.000951219 0.00119457 0.001491 0.00184895 0.00227758 0.00278674 0.00338679 0.00408847 0.00490266 0.0058402 0.00691154 0.00812648 0.00949384 0.0110211 0.0127141 0.0145767 0.0166104 0.018814 0.0211836 0.0237122 0.0263896 0.0292026 0.0321346 0.035166 0.0382745 0.0414348 0.0446198 0.0478002 0.0509455 0.0540239 0.0570038 0.059853 0.0625406 0.0650364 0.0673121 0.0693415 0.0711011 0.0725701 0.0737312 0.0745706 0.0750783 0.0752482 0.0750783 0.0745706 0.0737312 0.0725701 0.0711011 0.0693415 0.0673121 0.0650364 0.0625406 0.059853 0.0570038 0.0540239 0.0509455 0.0478002 0.0446198 0.0414348 0.0382745 0.035166 0.0321346 0.0292026 0.0263896 0.0237122 0.0211836 0.018814 0.0166104 0.0145767 0.0127141 0.0110211 0.00949384 0.00812648 0.00691154 0.0058402 0.00490266 0.00408847 0.00338679 0.00278674 0.00227758 0.00184895 0.001491 0.00119457 0.000951219 0.000753337 0.000594159 0.00046778 0.000369151 0.000294061 0.000239113 0.000201702 0.000179986 
0.0002161 0.000224921 0.000251828 0.000298159 0.000366159 0.000459003 0.000580824 0.000736735 0.00093286 0.00117634 0.00147535 0.00183906 0.00227758 0.0028019 0.00342376 0.00415549 0.00500979 0.0059995 0.0071373 0.00843536 0.009905 0.0115563 0.0133977 0.0154356 0.0176738 0.0201136 0.022753 0.0255866 0.0286055 0.031797 0.0351448 0.0386288 0.0422256 0.0459083 0.0496472 0.05341 0.0571624 0.0608686 0.0644918 0.0679949 0.0713409 0.0744939 0.0774192 0.0800845 0.0824596 0.0845175 0.0862347 0.0875914 0.0885719 0.0891648 0.0893632 0.0891648 0.0885719 0.0875914 0.0862347 0.0845175 0.0824596 0.0800845 0.0774192 0.0744939 0.0713409 0.0679949 0.0644918 0.0608686 0.0571624 0.05341 0.0496472 0.0459083 0.0422256 0.0386288 0.0351448 0.031797 0.0286055 0.0255866 0.022753 0.0201136 0.0176738 0.0154356 0.0133977 0.0115563 0.009905 0.00843536 0.0071373 0.0059995 0.00500979 0.00415549 0.00342376 0.0028019 0.00227758 0.00183906 0.00147535 0.00117634 0.00093286 0.000736735 0.000580824 0.000459003 0.000366159 0.000298159 0.000251828 0.000224921 
0.000268329 0.000279187 0.000312302 0.000369292 0.000452878 0.000566901 0.000716351 0.0009074 0.00114742 0.00144499 0.00180991 0.00225314 0.00278674 0.00342376 0.00417812 0.00506435 0.00609738 0.00729222 0.00866358 0.0102255 0.011991 0.0139714 0.0161761 0.018612 0.0212829 0.0241894 0.0273285 0.0306929 0.0342714 0.0380484 0.042004 0.046114 0.0503506 0.0546817 0.0590725 0.0634852 0.0678796 0.0722142 0.0764464 0.0805334 0.084433 0.0881038 0.0915065 0.0946039 0.0973621 0.0997504 0.101742 0.103315 0.104452 0.105139 0.105368 0.105139 0.104452 0.103315 0.101742 0.0997504 0.0973621 0.0946039 0.0915065 0.0881038 0.084433 0.0805334 0.0764464 0.0722142 0.0678796 0.0634852 0.0590725 0.0546817 0.0503506 0.046114 0.042004 0.0380484 0.0342714 0.0306929 0.0273285 0.0241894 0.0212829 0.018612 0.0161761 0.0139714 0.011991 0.0102255 0.00866358 0.00729222 0.00609738 0.00506435 0.00417812 0.00342376 0.00278674 0.00225314 0.00180991 0.00144499 0.00114742 0.0009074 0.000716351 0.000566901 0.000452878 0.000369292 0.000312302 0.000279187 
0.000330939 0.000344216 0.000384694 0.000454324 0.000556376 0.000695463 0.000877574 0.0011101 0.00140185 0.00176307 0.00220542 0.0027419 0.00338679 0.00415549 0.00506435 0.0061304 0.00737101 0.0088036 0.0104451 0.0123117 0.0144179 0.0167766 0.0193979 0.0222891 0.0254539 0.028892 0.0325988 0.0365651 0.0407767 0.0452144 0.0498543 0.0546677 0.0596212 0.0646776 0.0697958 0.0749319 0.0800397 0.085071 0.0899772 0.0947094 0.0992192 0.10346 0.107387 0.110959 0.114137 0.116887 0.11918 0.120989 0.122296 0.123085 0.12335 0.123085 0.122296 0.120989 0.11918 0.116887 0.114137 0.110959 0.107387 0.10346 0.0992192 0.0947094 0.0899772 0.085071 0.0800397 0.0749319 0.0697958 0.0646776 0.0596212 0.0546677 0.0498543 0.0452144 0.0407767 0.0365651 0.0325988 0.028892 0.0254539 0.0222891 0.0193979 0.0167766 0.0144179 0.0123117 0.0104451 0.0088036 0.00737101 0.0061304 0.00506435 0.00415549 0.00338679 0.0027419 0.00220542 0.00176307 0.00140185 0.0011101 0.000877574 0.000695463 0.000556376 0.000454324 0.000384694 0.000344216 
0.000405421 0.000421545 0.000470692 0.000555193 0.000678952 0.000847473 0.00106789 0.00134899 0.00170124 0.00213678 0.00266937 0.00331434 0.00408847 0.00500979 0.00609738 0.00737101 0.00885079 0.0105567 0.0125082 0.0147235 0.0172189 0.0200087 0.0231037 0.0265115 0.0302353 0.0342736 0.0386201 0.0432627 0.0481839 0.0533606 0.058764 0.06436 0.0701097 0.0759693 0.0818913 0.0878251 0.0937174 0.0995136 0.105158 0.110595 0.115771 0.120633 0.12513 0.129217 0.132851 0.135992 0.13861 0.140674 0.142165 0.143066 0.143367 0.143066 0.142165 0.140674 0.13861 0.135992 0.132851 0.129217 0.12513 0.120633 0.115771 0.110595 0.105158 0.0995136 0.0937174 0.0878251 0.0818913 0.0759693 0.0701097 0.06436 0.058764 0.0533606 0.0481839 0.0432627 0.0386201 0.0342736 0.0302353 0.0265115 0.0231037 0.0200087 0.0172189 0.0147235 0.0125082 0.0105567 0.00885079 0.00737101 0.00609738 0.00500979 0.00408847 0.00331434 0.00266937 0.00213678 0.00170124 0.00134899 0.00106789 0.000847473 0.000678952 0.000555193 0.000470692 0.000421545 
0.000493349 0.0005128 0.000572074 0.000673936 0.000823016 0.00102583 0.00129083 0.00162839 0.00205085 0.00257247 0.00320942 0.00397962 0.00490266 0.0059995 0.00729222 0.0088036 0.0105567 0.0125744 0.0148786 0.0174898 0.0204262 0.0237032 0.0273324 0.0313214 0.0356725 0.0403828 0.0454435 0.0508394 0.0565491 0.0625448 0.0687922 0.0752513 0.0818765 0.0886173 0.0954191 0.102224 0.108971 0.115598 0.122042 0.128243 0.134137 0.139668 0.144779 0.149419 0.15354 0.157102 0.160066 0.162404 0.164092 0.165111 0.165452 0.165111 0.164092 0.162404 0.160066 0.157102 0.15354 0.149419 0.144779 0.139668 0.134137 0.128243 0.122042 0.115598 0.108971 0.102224 0.0954191 0.0886173 0.0818765 0.0752513 0.0687922 0.0625448 0.0565491 0.0508394 0.0454435 0.0403828 0.0356725 0.0313214 0.0273324 0.0237032 0.0204262 0.0174898 0.0148786 0.0125744 0.0105567 0.0088036 0.00729222 0.0059995 0.00490266 0.00397962 0.00320942 0.00257247 0.00205085 0.00162839 0.00129083 0.00102583 0.000823016 0.000673936 0.000572074 0.0005128 
0.000596362 0.000619671 0.000690684 0.00081266 0.000991051 0.00123353 0.00155001 0.00195268 0.00245597 0.00307656 0.00383326 0.00474692 0.0058402 0.0071373 0.00866358 0.0104451 0.0125082 0.0148786 0.0175811 0.0206382 0.0240701 0.0278933 0.0321199 0.0367571 0.0418063 0.0472625 0.0531139 0.0593417 0.0659198 0.0728149 0.0799869 0.0873889 0.0949682 0.102667 0.110422 0.118168 0.125836 0.133357 0.14066 0.147677 0.15434 0.160583 0.166347 0.171574 0.176213 0.180219 0.183551 0.186177 0.188072 0.189216 0.189599 0.189216 0.188072 0.186177 0.183551 0.180219 0.176213 0.171574 0.166347 0.160583 0.15434 0.147677 0.14066 0.133357 0.125836 0.118168 0.110422 0.102667 0.0949682 0.0873889 0.0799869 0.0728149 0.0659198 0.0593417 0.0531139 0.0472625 0.0418063 0.0367571 0.0321199 0.0278933 0.0240701 0.0206382 0.0175811 0.0148786 0.0125082 0.0104451 0.00866358 0.0071373 0.0058402 0.00474692 0.00383326 0.00307656 0.00245597 0.00195268 0.00155001 0.00123353 0.000991051 0.00081266 0.000690684 0.000619671 
0.000716133 0.000743882 0.000828398 0.000973498 0.00118556 0.00147355 0.00184904 0.00232622 0.00292188 0.00365535 0.00454842 0.00562513 0.00691154 0.00843536 0.0102255 0.0123117 0.0147235 0.0174898 0.0206382 0.0241936 0.0281778 0.0326084 0.0374976 0.0428521 0.0486716 0.0549486 0.0616679 0.0688063 0.0763323 0.0842067 0.0923823 0.100805 0.109414 0.118143 0.126922 0.135675 0.144327 0.152799 0.161015 0.168896 0.17637 0.183365 0.189815 0.195659 0.200841 0.205311 0.209027 0.211955 0.214066 0.21534 0.215766 0.21534 0.214066 0.211955 0.209027 0.205311 0.200841 0.195659 0.189815 0.183365 0.17637 0.168896 0.161015 0.152799 0.144327 0.135675 0.126922 0.118143 0.109414 0.100805 0.0923823 0.0842067 0.0763323 0.0688063 0.0616679 0.0549486 0.0486716 0.0428521 0.0374976 0.0326084 0.0281778 0.0241936 0.0206382 0.0174898 0.0147235 0.0123117 0.0102255 0.00843536 0.00691154 0.00562513 0.00454842 0.00365535 0.00292188 0.00232622 0.00184904 0.00147355 0.00118556 0.000973498 0.000828398 0.000743882 
0.000854331 0.000887149 0.000987082 0.00115857 0.00140901 0.00174883 0.00219143 0.00275323 0.00345363 0.0043149 0.00536206 0.00662267 0.00812648 0.009905 0.011991 0.0144179 0.0172189 0.0204262 0.0240701 0.0281778 0.0327727 0.0378732 0.0434914 0.0496328 0.0562953 0.0634681 0.0711319 0.0792584 0.0878102 0.096741 0.105996 0.115514 0.125224 0.135052 0.144918 0.154739 0.16443 0.173905 0.183078 0.191866 0.200187 0.207966 0.21513 0.221614 0.227357 0.232308 0.236421 0.239659 0.241992 0.243401 0.243872 0.243401 0.241992 0.239659 0.236421 0.232308 0.227357 0.221614 0.21513 0.207966 0.200187 0.191866 0.183078 0.173905 0.16443 0.154739 0.144918 0.135052 0.125224 0.115514 0.105996 0.096741 0.0878102 0.0792584 0.0711319 0.0634681 0.0562953 0.0496328 0.0434914 0.0378732 0.0327727 0.0281778 0.0240701 0.0204262 0.0172189 0.0144179 0.011991 0.009905 0.00812648 0.00662267 0.00536206 0.0043149 0.00345363 0.00275323 0.00219143 0.00174883 0.00140901 0.00115857 0.000987082 0.000887149 
0.00101258 0.00105114 0.00116854 0.0013699 0.00166377 0.00206216 0.0025805 0.00323769 0.00405594 0.00506078 0.00628074 0.00774719 0.00949384 0.0115563 0.0139714 0.0167766 0.0200087 0.0237032 0.0278933 0.0326084 0.0378732 0.0437065 0.0501201 0.057118 0.0646952 0.0728374 0.0815204 0.09071 0.100362 0.110422 0.120828 0.131509 0.142385 0.153374 0.164385 0.175326 0.186104 0.196624 0.206792 0.216519 0.225717 0.234303 0.2422 0.24934 0.255658 0.261099 0.265617 0.269171 0.271732 0.273277 0.273793 0.273277 0.271732 0.269171 0.265617 0.261099 0.255658 0.24934 0.2422 0.234303 0.225717 0.216519 0.206792 0.196624 0.186104 0.175326 0.164385 0.153374 0.142385 0.131509 0.120828 0.110422 0.100362 0.09071 0.0815204 0.0728374 0.0646952 0.057118 0.0501201 0.0437065 0.0378732 0.0326084 0.0278933 0.0237032 0.0200087 0.0167766 0.0139714 0.0115563 0.00949384 0.00774719 0.00628074 0.00506078 0.00405594 0.00323769 0.0025805 0.00206216 0.00166377 0.0013699 0.00116854 0.00105114 
0.00119241 0.00123744 0.00137447 0.0016094 0.00195202 0.0024161 0.00301929 0.00378316 0.00473304 0.00589792 0.00731019 0.00900526 0.0110211 0.0133977 0.0161761 0.0193979 0.0231037 0.0273324 0.0321199 0.0374976 0.0434914 0.0501201 0.0573947 0.065317 0.0738788 0.0830612 0.0928345 0.103158 0.11398 0.125237 0.136859 0.148764 0.160864 0.173066 0.18527 0.197374 0.209277 0.220875 0.232067 0.242755 0.252847 0.262256 0.270898 0.278702 0.285601 0.291537 0.296462 0.300333 0.303122 0.304804 0.305366 0.304804 0.303122 0.300333 0.296462 0.291537 0.285601 0.278702 0.270898 0.262256 0.252847 0.242755 0.232067 0.220875 0.209277 0.197374 0.18527 0.173066 0.160864 0.148764 0.136859 0.125237 0.11398 0.103158 0.0928345 0.0830612 0.0738788 0.065317 0.0573947 0.0501201 0.0434914 0.0374976 0.0321199 0.0273324 0.0231037 0.0193979 0.0161761 0.0133977 0.0110211 0.00900526 0.00731019 0.00589792 0.00473304 0.00378316 0.00301929 0.0024161 0.00195202 0.0016094 0.00137447 0.00123744 
0.00139521 0.00144744 0.00160639 0.00187874 0.0022757 0.00281289 0.0035104 0.00439268 0.00548844 0.00683041 0.00845505 0.0104021 0.0127141 0.0154356 0.018612 0.0222891 0.0265115 0.0313214 0.0367571 0.0428521 0.0496328 0.057118 0.065317 0.0742289 0.0838416 0.094131 0.105061 0.116583 0.128638 0.141153 0.154047 0.167229 0.180601 0.194059 0.207493 0.220794 0.233848 0.246545 0.258778 0.270441 0.281436 0.291671 0.301061 0.309529 0.317007 0.323435 0.328763 0.33295 0.335963 0.337781 0.338388 0.337781 0.335963 0.33295 0.328763 0.323435 0.317007 0.309529 0.301061 0.291671 0.281436 0.270441 0.258778 0.246545 0.233848 0.220794 0.207493 0.194059 0.180601 0.167229 0.154047 0.141153 0.128638 0.116583 0.105061 0.094131 0.0838416 0.0742289 0.065317 0.057118 0.0496328 0.0428521 0.0367571 0.0313214 0.0265115 0.0222891 0.018612 0.0154356 0.0127141 0.0104021 0.00845505 0.00683041 0.00548844 0.00439268 0.0035104 0.00281289 0.0022757 0.00187874 0.00160639 0.00144744 
0.00162215 0.00168237 0.00186557 0.00217936 0.00263638 0.00325433 0.00405589 0.00506863 0.00632483 0.00786124 0.00971865 0.0119414 0.0145767 0.0176738 0.0212829 0.0254539 0.0302353 0.0356725 0.0418063 0.0486716 0.0562953 0.0646952 0.0738788 0.0838416 0.0945668 0.106024 0.118171 0.13095 0.144292 0.158116 0.17233 0.186832 0.201513 0.216259 0.23095 0.245467 0.259688 0.273495 0.286772 0.299411 0.311306 0.322362 0.332492 0.341615 0.349662 0.356573 0.362296 0.36679 0.370023 0.371972 0.372623 0.371972 0.370023 0.36679 0.362296 0.356573 0.349662 0.341615 0.332492 0.322362 0.311306 0.299411 0.286772 0.273495 0.259688 0.245467 0.23095 0.216259 0.201513 0.186832 0.17233 0.158116 0.144292 0.13095 0.118171 0.106024 0.0945668 0.0838416 0.0738788 0.0646952 0.0562953 0.0486716 0.0418063 0.0356725 0.0302353 0.0254539 0.0212829 0.0176738 0.0145767 0.0119414 0.00971865 0.00786124 0.00632483 0.00506863 0.00405589 0.00325433 0.00263638 0.00217936 0.00186557 0.00168237 
0.00187415 0.00194315 0.00215302 0.00251229 0.00303523 0.0037417 0.00465718 0.00581253 0.00724387 0.00899214 0.0111027 0.0136248 0.0166104 0.0201136 0.0241894 0.028892 0.0342736 0.0403828 0.0472625 0.0549486 0.0634681 0.0728374 0.0830612 0.094131 0.106024 0.118705 0.13212 0.146206 0.160882 0.176056 0.191626 0.207479 0.223495 0.239548 0.25551 0.27125 0.28664 0.301553 0.315868 0.329471 0.342252 0.354114 0.364965 0.374725 0.383324 0.3907 0.396804 0.401593 0.405037 0.407112 0.407805 0.407112 0.405037 0.401593 0.396804 0.3907 0.383324 0.374725 0.364965 0.354114 0.342252 0.329471 0.315868 0.301553 0.28664 0.27125 0.25551 0.239548 0.223495 0.207479 0.191626 0.176056 0.160882 0.146206 0.13212 0.118705 0.106024 0.094131 0.0830612 0.0728374 0.0634681 0.0549486 0.0472625 0.0403828 0.0342736 0.028892 0.0241894 0.0201136 0.0166104 0.0136248 0.0111027 0.00899214 0.00724387 0.00581253 0.00465718 0.0037417 0.00303523 0.00251229 0.00215302 0.00194315 
0.00215182 0.0022304 0.00246933 0.00287818 0.00347289 0.00427566 0.0053149 0.00662498 0.00824602 0.0102234 0.0126073 0.0154518 0.018814 0.022753 0.0273285 0.0325988 0.0386201 0.0454435 0.0531139 0.0616679 0.0711319 0.0815204 0.0928345 0.105061 0.118171 0.13212 0.146849 0.16228 0.178325 0.19488 0.211831 0.229054 0.246417 0.263784 0.281016 0.297975 0.314523 0.330527 0.34586 0.360403 0.374045 0.386684 0.398229 0.4086 0.417724 0.425544 0.432008 0.437076 0.440717 0.442911 0.443644 0.442911 0.440717 0.437076 0.432008 0.425544 0.417724 0.4086 0.398229 0.386684 0.374045 0.360403 0.34586 0.330527 0.314523 0.297975 0.281016 0.263784 0.246417 0.229054 0.211831 0.19488 0.178325 0.16228 0.146849 0.13212 0.118171 0.105061 0.0928345 0.0815204 0.0711319 0.0616679 0.0531139 0.0454435 0.0386201 0.0325988 0.0273285 0.022753 0.018814 0.0154518 0.0126073 0.0102234 0.00824602 0.00662498 0.0053149 0.00427566 0.00347289 0.00287818 0.00246933 0.0022304 
0.00245537 0.00254431 0.00281469 0.00327716 0.00394942 0.00485614 0.0060288 0.00750547 0.00933043 0.0115537 0.0142303 0.0174195 0.0211836 0.0255866 0.0306929 0.0365651 0.0432627 0.0508394 0.0593417 0.0688063 0.0792584 0.09071 0.103158 0.116583 0.13095 0.146206 0.16228 0.179087 0.196525 0.21448 0.232824 0.251423 0.270132 0.288806 0.307296 0.325454 0.343135 0.360202 0.376521 0.39197 0.406435 0.419815 0.432017 0.442962 0.452579 0.460812 0.46761 0.472937 0.476762 0.479065 0.479834 0.479065 0.476762 0.472937 0.46761 0.460812 0.452579 0.442962 0.432017 0.419815 0.406435 0.39197 0.376521 0.360202 0.343135 0.325454 0.307296 0.288806 0.270132 0.251423 0.232824 0.21448 0.196525 0.179087 0.16228 0.146206 0.13095 0.116583 0.103158 0.09071 0.0792584 0.0688063 0.0593417 0.0508394 0.0432627 0.0365651 0.0306929 0.0255866 0.0211836 0.0174195 0.0142303 0.0115537 0.00933043 0.00750547 0.0060288 0.00485614 0.00394942 0.00327716 0.00281469 0.00254431 
0.0027846 0.00288467 0.00318881 0.00370881 0.00446423 0.00548228 0.00679768 0.00845231 0.0104948 0.0129799 0.0159677 0.0195226 0.0237122 0.0286055 0.0342714 0.0407767 0.0481839 0.0565491 0.0659198 0.0763323 0.0878102 0.100362 0.11398 0.128638 0.144292 0.160882 0.178325 0.196525 0.215369 0.234729 0.254466 0.274433 0.294475 0.314436 0.334157 0.353482 0.37226 0.390348 0.407609 0.423917 0.439159 0.453233 0.466047 0.477522 0.487593 0.496203 0.503306 0.508867 0.512857 0.515259 0.516061 0.515259 0.512857 0.508867 0.503306 0.496203 0.487593 0.477522 0.466047 0.453233 0.439159 0.423917 0.407609 0.390348 0.37226 0.353482 0.334157 0.314436 0.294475 0.274433 0.254466 0.234729 0.215369 0.196525 0.178325 0.160882 0.144292 0.128638 0.11398 0.100362 0.0878102 0.0763323 0.0659198 0.0565491 0.0481839 0.0407767 0.0342714 0.0286055 0.0237122 0.0195226 0.0159677 0.0129799 0.0104948 0.00845231 0.00679768 0.00548228 0.00446423 0.00370881 0.00318881 0.00288467 
0.00313881 0.00325074 0.00359085 0.0041721 0.00501597 0.00615235 0.00761927 0.00946253 0.0117352 0.014497 0.017813 0.021753 0.0263896 0.031797 0.0380484 0.0452144 0.0533606 0.0625448 0.0728149 0.0842067 0.096741 0.110422 0.125237 0.141153 0.158116 0.176056 0.19488 0.21448 0.234729 0.255487 0.276604 0.297919 0.319268 0.340482 0.361394 0.381843 0.401669 0.420725 0.438873 0.455985 0.471948 0.486659 0.500032 0.511989 0.522467 0.531415 0.538788 0.544555 0.548692 0.55118 0.55201 0.55118 0.548692 0.544555 0.538788 0.531415 0.522467 0.511989 0.500032 0.486659 0.471948 0.455985 0.438873 0.420725 0.401669 0.381843 0.361394 0.340482 0.319268 0.297919 0.276604 0.255487 0.234729 0.21448 0.19488 0.176056 0.158116 0.141153 0.125237 0.110422 0.096741 0.0842067 0.0728149 0.0625448 0.0533606 0.0452144 0.0380484 0.031797 0.0263896 0.021753 0.017813 0.014497 0.0117352 0.00946253 0.00761927 0.00615235 0.00501597 0.0041721 0.00359085 0.00325074 
0.00351682 0.00364128 0.0040194 0.00466534 0.00560256 0.00686369 0.00849017 0.0105318 0.0130463 0.0160981 0.0197576 0.0240999 0.0292026 0.0351448 0.042004 0.0498543 0.058764 0.0687922 0.0799869 0.0923823 0.105996 0.120828 0.136859 0.154047 0.17233 0.191626 0.211831 0.232824 0.254466 0.276604 0.299074 0.321705 0.34432 0.366742 0.388796 0.410311 0.431126 0.451089 0.47006 0.487911 0.504529 0.519817 0.533688 0.546072 0.556908 0.566148 0.573755 0.579699 0.583959 0.58652 0.587375 0.58652 0.583959 0.579699 0.573755 0.566148 0.556908 0.546072 0.533688 0.519817 0.504529 0.487911 0.47006 0.451089 0.431126 0.410311 0.388796 0.366742 0.34432 0.321705 0.299074 0.276604 0.254466 0.232824 0.211831 0.191626 0.17233 0.154047 0.136859 0.120828 0.105996 0.0923823 0.0799869 0.0687922 0.058764 0.0498543 0.042004 0.0351448 0.0292026 0.0240999 0.0197576 0.0160981 0.0130463 0.0105318 0.00849017 0.00686369 0.00560256 0.00466534 0.0040194 0.00364128 
0.00391688 0.00405448 0.00447244 0.00518615 0.00622111 0.00761272 0.0094059 0.0116546 0.0144209 0.0177744 0.0217906 0.0265497 0.0321346 0.0386288 0.046114 0.0546677 0.06436 0.0752513 0.0873889 0.100805 0.115514 0.131509 0.148764 0.167229 0.186832 0.207479 0.229054 0.251423 0.274433 0.297919 0.321705 0.345607 0.369438 0.393011 0.416145 0.438662 0.460397 0.481195 0.500916 0.519435 0.536639 0.552435 0.566742 0.579492 0.590631 0.600118 0.607918 0.614008 0.618369 0.62099 0.621865 0.62099 0.618369 0.614008 0.607918 0.600118 0.590631 0.579492 0.566742 0.552435 0.536639 0.519435 0.500916 0.481195 0.460397 0.438662 0.416145 0.393011 0.369438 0.345607 0.321705 0.297919 0.274433 0.251423 0.229054 0.207479 0.186832 0.167229 0.148764 0.131509 0.115514 0.100805 0.0873889 0.0752513 0.06436 0.0546677 0.046114 0.0386288 0.0321346 0.0265497 0.0217906 0.0177744 0.0144209 0.0116546 0.0094059 0.00761272 0.00622111 0.00518615 0.00447244 0.00405448 
0.00433669 0.00448796 0.00494734 0.00573147 0.00686791 0.00839487 0.0103608 0.0128237 0.0158503 0.019515 0.0238986 0.0290864 0.035166 0.0422256 0.0503506 0.0596212 0.0701097 0.0818765 0.0949682 0.109414 0.125224 0.142385 0.160864 0.180601 0.201513 0.223495 0.246417 0.270132 0.294475 0.319268 0.34432 0.369438 0.394424 0.419083 0.443225 0.466671 0.489249 0.510806 0.5312 0.550309 0.568025 0.584257 0.598931 0.611986 0.623374 0.633059 0.641012 0.647215 0.651654 0.65432 0.65521 0.65432 0.651654 0.647215 0.641012 0.633059 0.623374 0.611986 0.598931 0.584257 0.568025 0.550309 0.5312 0.510806 0.489249 0.466671 0.443225 0.419083 0.394424 0.369438 0.34432 0.319268 0.294475 0.270132 0.246417 0.223495 0.201513 0.180601 0.160864 0.142385 0.125224 0.109414 0.0949682 0.0818765 0.0701097 0.0596212 0.0503506 0.0422256 0.035166 0.0290864 0.0238986 0.019515 0.0158503 0.0128237 0.0103608 0.00839487 0.00686791 0.00573147 0.00494734 0.00448796 
0.00477341 0.00493877 0.00544085 0.00629753 0.00753846 0.00920467 0.0113481 0.0140308 0.0173241 0.0213074 0.0260664 0.0316912 0.0382745 0.0459083 0.0546817 0.0646776 0.0759693 0.0886173 0.102667 0.118143 0.135052 0.153374 0.173066 0.194059 0.216259 0.239548 0.263784 0.288806 0.314436 0.340482 0.366742 0.393011 0.419083 0.444754 0.469828 0.494121 0.517461 0.539694 0.56068 0.580299 0.598449 0.615045 0.630018 0.643316 0.654896 0.664729 0.672795 0.679079 0.683572 0.68627 0.68717 0.68627 0.683572 0.679079 0.672795 0.664729 0.654896 0.643316 0.630018 0.615045 0.598449 0.580299 0.56068 0.539694 0.517461 0.494121 0.469828 0.444754 0.419083 0.393011 0.366742 0.340482 0.314436 0.288806 0.263784 0.239548 0.216259 0.194059 0.173066 0.153374 0.135052 0.118143 0.102667 0.0886173 0.0759693 0.0646776 0.0546817 0.0459083 0.0382745 0.0316912 0.0260664 0.0213074 0.0173241 0.0140308 0.0113481 0.00920467 0.00753846 0.00629753 0.00544085 0.00493877 
0.00522365 0.00540341 0.00594911 0.00687992 0.0082275 0.0100357 0.01236 0.0152664 0.0188308 0.0231373 0.0282764 0.0343433 0.0414348 0.0496472 0.0590725 0.0697958 0.0818913 0.0954191 0.110422 0.126922 0.144918 0.164385 0.18527 0.207493 0.23095 0.25551 0.281016 0.307296 0.334157 0.361394 0.388796 0.416145 0.443225 0.469828 0.495752 0.520808 0.544825 0.567649 0.589143 0.609191 0.627698 0.644584 0.659789 0.673267 0.684984 0.694919 0.703057 0.709391 0.713917 0.716632 0.717537 0.716632 0.713917 0.709391 0.703057 0.694919 0.684984 0.673267 0.659789 0.644584 0.627698 0.609191 0.589143 0.567649 0.544825 0.520808 0.495752 0.469828 0.443225 0.416145 0.388796 0.361394 0.334157 0.307296 0.281016 0.25551 0.23095 0.207493 0.18527 0.164385 0.144918 0.126922 0.110422 0.0954191 0.0818913 0.0697958 0.0590725 0.0496472 0.0414348 0.0343433 0.0282764 0.0231373 0.0188308 0.0152664 0.01236 0.0100357 0.0082275 0.00687992 0.00594911 0.00540341 
0.0056835 0.00587785 0.00646774 0.00747357 0.00892905 0.0108808 0.0133876 0.0165197 0.0203571 0.0249886 0.0305096 0.0370196 0.0446198 0.05341 0.0634852 0.0749319 0.0878251 0.102224 0.118168 0.135675 0.154739 0.175326 0.197374 0.220794 0.245467 0.27125 0.297975 0.325454 0.353482 0.381843 0.410311 0.438662 0.466671 0.494121 0.520808 0.546542 0.57115 0.594479 0.616398 0.636796 0.655583 0.672688 0.688059 0.701658 0.71346 0.723451 0.731624 0.737978 0.742513 0.745234 0.74614 0.745234 0.742513 0.737978 0.731624 0.723451 0.71346 0.701658 0.688059 0.672688 0.655583 0.636796 0.616398 0.594479 0.57115 0.546542 0.520808 0.494121 0.466671 0.438662 0.410311 0.381843 0.353482 0.325454 0.297975 0.27125 0.245467 0.220794 0.197374 0.175326 0.154739 0.135675 0.118168 0.102224 0.0878251 0.0749319 0.0634852 0.05341 0.0446198 0.0370196 0.0305096 0.0249886 0.0203571 0.0165197 0.0133876 0.0108808 0.00892905 0.00747357 0.00646774 0.00587785 
0.0061486 0.0063576 0.00699181 0.00807288 0.00963649 0.011732 0.0144215 0.017779 0.0218889 0.0268444 0.0327453 0.0396955 0.0478002 0.0571624 0.0678796 0.0800397 0.0937174 0.108971 0.125836 0.144327 0.16443 0.186104 0.209277 0.233848 0.259688 0.28664 0.314523 0.343135 0.37226 0.401669 0.431126 0.460397 0.489249 0.517461 0.544825 0.57115 0.596262 0.620014 0.642278 0.662948 0.681943 0.6992 0.714675 0.728338 0.740176 0.75018 0.758354 0.7647 0.769227 0.77194 0.772844 0.77194 0.769227 0.7647 0.758354 0.75018 0.740176 0.728338 0.714675 0.6992 0.681943 0.662948 0.642278 0.620014 0.596262 0.57115 0.544825 0.517461 0.489249 0.460397 0.431126 0.401669 0.37226 0.343135 0.314523 0.28664 0.259688 0.233848 0.209277 0.186104 0.16443 0.144327 0.125836 0.108971 0.0937174 0.0800397 0.0678796 0.0571624 0.0478002 0.0396955 0.0327453 0.0268444 0.0218889 0.017779 0.0144215 0.011732 0.00963649 0.00807288 0.00699181 0.0063576 
0.00661419 0.00683773 0.00751599 0.00867175 0.0103427 0.0125807 0.0154511 0.0190317 0.023411 0.0286862 0.0349616 0.0423451 0.0509455 0.0608686 0.0722142 0.085071 0.0995136 0.115598 0.133357 0.152799 0.173905 0.196624 0.220875 0.246545 0.273495 0.301553 0.330527 0.360202 0.390348 0.420725 0.451089 0.481195 0.510806 0.539694 0.567649 0.594479 0.620014 0.644109 0.66664 0.687511 0.706646 0.723992 0.739514 0.753192 0.76502 0.775001 0.783143 0.789459 0.793959 0.796654 0.797552 0.796654 0.793959 0.789459 0.783143 0.775001 0.76502 0.753192 0.739514 0.723992 0.706646 0.687511 0.66664 0.644109 0.620014 0.594479 0.567649 0.539694 0.510806 0.481195 0.451089 0.420725 0.390348 0.360202 0.330527 0.301553 0.273495 0.246545 0.220875 0.196624 0.173905 0.152799 0.133357 0.115598 0.0995136 0.085071 0.0722142 0.0608686 0.0509455 0.0423451 0.0349616 0.0286862 0.023411 0.0190317 0.0154511 0.0125807 0.0103427 0.00867175 0.00751599 0.00683773 
0.00707518 0.00731302 0.00803455 0.00926372 0.01104 0.0134179 0.0164657 0.0202648 0.0249075 0.0304952 0.037136 0.0449416 0.0540239 0.0644918 0.0764464 0.0899772 0.105158 0.122042 0.14066 0.161015 0.183078 0.206792 0.232067 0.258778 0.286772 0.315868 0.34586 0.376521 0.407609 0.438873 0.47006 0.500916 0.5312 0.56068 0.589143 0.616398 0.642278 0.66664 0.689369 0.710374 0.729588 0.746968 0.762486 0.776135 0.787916 0.79784 0.805924 0.812187 0.816646 0.819315 0.820204 0.819315 0.816646 0.812187 0.805924 0.79784 0.787916 0.776135 0.762486 0.746968 0.729588 0.710374 0.689369 0.66664 0.642278 0.616398 0.589143 0.56068 0.5312 0.500916 0.47006 0.438873 0.407609 0.376521 0.34586 0.315868 0.286772 0.258778 0.232067 0.206792 0.183078 0.161015 0.14066 0.122042 0.105158 0.0899772 0.0764464 0.0644918 0.0540239 0.0449416 0.037136 0.0304952 0.0249075 0.0202648 0.0164657 0.0134179 0.01104 0.00926372 0.00803455 0.00731302 
