0.00182246 0.00184521 0.00191365 0.00202837 0.00219035 0.00240091 0.0026617 0.00297468 0.00334205 0.00376618 0.00424962 0.00479496 0.00540479 0.00608164 0.00682788 0.00764563 0.00853671 0.00950251 0.010544 0.0116614 0.0128545 0.0141224 0.0154631 0.0168742 0.0183522 0.0198927 0.0214904 0.0231391 0.0248319 0.0265607 0.0283168 0.0300907 0.0318721 0.0336501 0.0354136 0.0371507 0.0388494 0.0404977 0.0420834 0.0435946 0.0450196 0.0463471 0.0475665 0.0486678 0.0496419 0.0504807 0.0511769 0.0517248 0.0521196 0.0523578 0.0524374 0.0523578 0.0521196 0.0517248 0.0511769 0.0504807 0.0496419 0.0486678 0.0475665 0.0463471 0.0450196 0.0435946 0.0420834 0.0404977 0.0388494 0.0371507 0.0354136 0.0336501 0.0318721 0.0300907 0.0283168 0.0265607 0.0248319 0.0231391 0.0214904 0.0198927 0.0183522 0.0168742 0.0154631 0.0141224 0.0128545 0.0116614 0.010544 0.00950251 0.00853671 0.00764563 0.00682788 0.00608164 0.00540479 0.00479496 0.00424962 0.00376618 0.00334205 0.00297468 0.0026617 0.00240091 0.00219035 0.00202837 0.00191365 0.00184521 
0.00184521 0.00186821 0.00193744 0.00205347 0.00221729 0.00243024 0.00269398 0.00301048 0.00338196 0.00381082 0.00429962 0.00485096 0.00546746 0.00615166 0.00690595 0.00773246 0.008633 0.00960899 0.0106613 0.0117904 0.0129958 0.0142766 0.015631 0.0170563 0.018549 0.0201047 0.0217181 0.023383 0.0250921 0.0268376 0.0286104 0.0304011 0.0321993 0.033994 0.0357738 0.0375269 0.0392412 0.0409046 0.0425047 0.0440295 0.0454673 0.0468068 0.048037 0.0491482 0.0501309 0.0509771 0.0516795 0.0522322 0.0526304 0.0528708 0.0529511 0.0528708 0.0526304 0.0522322 0.0516795 0.0509771 0.0501309 0.0491482 0.048037 0.0468068 0.0454673 0.0440295 0.0425047 0.0409046 0.0392412 0.0375269 0.0357738 0.033994 0.0321993 0.0304011 0.0286104 0.0268376 0.0250921 0.023383 0.0217181 0.0201047 0.018549 0.0170563 0.015631 0.0142766 0.0129958 0.0117904 0.0106613 0.00960899 0.008633 0.00773246 0.00690595 0.00615166 0.00546746 0.00485096 0.00429962 0.00381082 0.00338196 0.00301048 0.00269398 0.00243024 0.00221729 0.00205347 0.00193744 0.00186821 
0.00191365 0.00193744 0.00200901 0.00212898 0.00229834 0.00251847 0.00279107 0.00311816 0.00350201 0.00394507 0.00444996 0.00501934 0.00565589 0.00636219 0.00714066 0.00799348 0.00892248 0.00992907 0.0110142 0.0121781 0.0134204 0.0147401 0.0161353 0.0176033 0.0191403 0.0207418 0.0224024 0.0241156 0.0258739 0.0276693 0.0294924 0.0313336 0.033182 0.0350266 0.0368556 0.0386569 0.0404181 0.0421266 0.0437699 0.0453357 0.046812 0.0481871 0.04945 0.0505905 0.0515992 0.0524676 0.0531885 0.0537557 0.0541643 0.0544109 0.0544934 0.0544109 0.0541643 0.0537557 0.0531885 0.0524676 0.0515992 0.0505905 0.04945 0.0481871 0.046812 0.0453357 0.0437699 0.0421266 0.0404181 0.0386569 0.0368556 0.0350266 0.033182 0.0313336 0.0294924 0.0276693 0.0258739 0.0241156 0.0224024 0.0207418 0.0191403 0.0176033 0.0161353 0.0147401 0.0134204 0.0121781 0.0110142 0.00992907 0.00892248 0.00799348 0.00714066 0.00636219 0.00565589 0.00501934 0.00444996 0.00394507 0.00350201 0.00311816 0.00279107 0.00251847 0.00229834 0.00212898 0.00200901 0.00193744 
0.00202837 0.00205347 0.00212898 0.00225553 0.00243416 0.0026663 0.00295374 0.00329855 0.00370309 0.00416992 0.00470173 0.00530129 0.00597136 0.00671461 0.00753352 0.00843032 0.00940688 0.0104646 0.0116044 0.0128266 0.0141306 0.0155154 0.0169788 0.0185179 0.0201289 0.021807 0.0235463 0.02534 0.0271805 0.0290591 0.0309662 0.0328916 0.034824 0.0367518 0.0386628 0.0405444 0.0423836 0.0441674 0.0458828 0.0475169 0.0490573 0.0504919 0.0518092 0.0529987 0.0540506 0.0549561 0.0557077 0.056299 0.056725 0.056982 0.057068 0.056982 0.056725 0.056299 0.0557077 0.0549561 0.0540506 0.0529987 0.0518092 0.0504919 0.0490573 0.0475169 0.0458828 0.0441674 0.0423836 0.0405444 0.0386628 0.0367518 0.034824 0.0328916 0.0309662 0.0290591 0.0271805 0.02534 0.0235463 0.021807 0.0201289 0.0185179 0.0169788 0.0155154 0.0141306 0.0128266 0.0116044 0.0104646 0.00940688 0.00843032 0.00753352 0.00671461 0.00597136 0.00530129 0.00470173 0.00416992 0.00370309 0.00329855 0.00295374 0.0026663 0.00243416 0.00225553 0.00212898 0.00205347 
0.00219035 0.00221729 0.00229834 0.00243416 0.00262586 0.00287492 0.00318324 0.003553 0.00398668 0.00448696 0.00505667 0.0056987 0.00641594 0.00721117 0.00808696 0.00904562 0.0100891 0.0112187 0.0124354 0.0137394 0.0151301 0.0166062 0.0181654 0.0198045 0.0215194 0.0233049 0.0251546 0.0270615 0.0290172 0.0310126 0.0330374 0.0350807 0.0371309 0.0391754 0.0412013 0.0431953 0.0451439 0.0470331 0.0488494 0.0505792 0.0522094 0.0537272 0.0551207 0.0563788 0.0574911 0.0584485 0.059243 0.0598681 0.0603184 0.0605901 0.0606809 0.0605901 0.0603184 0.0598681 0.059243 0.0584485 0.0574911 0.0563788 0.0551207 0.0537272 0.0522094 0.0505792 0.0488494 0.0470331 0.0451439 0.0431953 0.0412013 0.0391754 0.0371309 0.0350807 0.0330374 0.0310126 0.0290172 0.0270615 0.0251546 0.0233049 0.0215194 0.0198045 0.0181654 0.0166062 0.0151301 0.0137394 0.0124354 0.0112187 0.0100891 0.00904562 0.00808696 0.00721117 0.00641594 0.0056987 0.00505667 0.00448696 0.00398668 0.003553 0.00318324 0.00287492 0.00262586 0.00243416 0.00229834 0.00221729 
0.00240091 0.00243024 0.00251847 0.0026663 0.00287492 0.00314592 0.0034813 0.00388338 0.00435479 0.00489839 0.00551717 0.00621418 0.00699247 0.00785495 0.00880433 0.00984299 0.0109729 0.0121955 0.0135116 0.0149213 0.016424 0.018018 0.0197009 0.0214691 0.023318 0.0252419 0.0272342 0.0292868 0.0313911 0.0335369 0.0357133 0.0379087 0.0401104 0.042305 0.0444789 0.0466177 0.0487068 0.0507318 0.0526778 0.0545306 0.0562762 0.0579011 0.0593925 0.0607386 0.0619286 0.0629526 0.0638024 0.0644708 0.0649523 0.0652428 0.0653399 0.0652428 0.0649523 0.0644708 0.0638024 0.0629526 0.0619286 0.0607386 0.0593925 0.0579011 0.0562762 0.0545306 0.0526778 0.0507318 0.0487068 0.0466177 0.0444789 0.042305 0.0401104 0.0379087 0.0357133 0.0335369 0.0313911 0.0292868 0.0272342 0.0252419 0.023318 0.0214691 0.0197009 0.018018 0.016424 0.0149213 0.0135116 0.0121955 0.0109729 0.00984299 0.00880433 0.00785495 0.00699247 0.00621418 0.00551717 0.00489839 0.00435479 0.00388338 0.0034813 0.00314592 0.00287492 0.0026663 0.00251847 0.00243024 
0.0026617 0.00269398 0.00279107 0.00295374 0.00318324 0.0034813 0.00385004 0.00429198 0.00480993 0.00540694 0.00608619 0.00685095 0.00770445 0.00864976 0.00968973 0.0108269 0.0120632 0.0134001 0.0148384 0.0163781 0.0180184 0.0197573 0.021592 0.0235187 0.025532 0.0276259 0.0297929 0.0320244 0.0343106 0.0366408 0.039003 0.0413846 0.0437717 0.0461502 0.0485051 0.0508209 0.0530821 0.0552728 0.0573775 0.0593807 0.0612672 0.0630229 0.0646339 0.0660876 0.0673723 0.0684778 0.069395 0.0701163 0.0706359 0.0709494 0.0710542 0.0709494 0.0706359 0.0701163 0.069395 0.0684778 0.0673723 0.0660876 0.0646339 0.0630229 0.0612672 0.0593807 0.0573775 0.0552728 0.0530821 0.0508209 0.0485051 0.0461502 0.0437717 0.0413846 0.039003 0.0366408 0.0343106 0.0320244 0.0297929 0.0276259 0.025532 0.0235187 0.021592 0.0197573 0.0180184 0.0163781 0.0148384 0.0134001 0.0120632 0.0108269 0.00968973 0.00864976 0.00770445 0.00685095 0.00608619 0.00540694 0.00480993 0.00429198 0.00385004 0.0034813 0.00318324 0.00295374 0.00279107 0.00269398 
0.00297468 0.00301048 0.00311816 0.00329855 0.003553 0.00388338 0.00429198 0.00478153 0.00535503 0.00601578 0.0067672 0.00761278 0.00855595 0.00960001 0.010748 0.0120024 0.0133654 0.0148384 0.0164222 0.0181165 0.0199204 0.0218315 0.0238467 0.0259615 0.0281702 0.0304658 0.0328401 0.0352836 0.0377856 0.0403342 0.0429165 0.0455185 0.0481253 0.0507213 0.0532902 0.0558154 0.05828 0.0606668 0.0629589 0.0651396 0.0671927 0.0691027 0.0708549 0.0724356 0.0738323 0.0750338 0.0760305 0.0768143 0.0773788 0.0777194 0.0778332 0.0777194 0.0773788 0.0768143 0.0760305 0.0750338 0.0738323 0.0724356 0.0708549 0.0691027 0.0671927 0.0651396 0.0629589 0.0606668 0.05828 0.0558154 0.0532902 0.0507213 0.0481253 0.0455185 0.0429165 0.0403342 0.0377856 0.0352836 0.0328401 0.0304658 0.0281702 0.0259615 0.0238467 0.0218315 0.0199204 0.0181165 0.0164222 0.0148384 0.0133654 0.0120024 0.010748 0.00960001 0.00855595 0.00761278 0.0067672 0.00601578 0.00535503 0.00478153 0.00429198 0.00388338 0.003553 0.00329855 0.00311816 0.00301048 
0.00334205 0.00338196 0.00350201 0.00370309 0.00398668 0.00435479 0.00480993 0.00535503 0.00599336 0.00672847 0.00756404 0.00850383 0.00955153 0.0107106 0.0119843 0.0133753 0.0148857 0.016517 0.0182699 0.0201439 0.0221378 0.0242489 0.0264736 0.0288066 0.0312417 0.0337711 0.0363855 0.0390745 0.0418263 0.0446277 0.0474645 0.0503213 0.0531819 0.0560291 0.0588453 0.0616122 0.0643114 0.0669243 0.0694326 0.071818 0.0740631 0.076151 0.0780657 0.0797927 0.0813182 0.0826303 0.0837186 0.0845742 0.0851904 0.0855622 0.0856864 0.0855622 0.0851904 0.0845742 0.0837186 0.0826303 0.0813182 0.0797927 0.0780657 0.076151 0.0740631 0.071818 0.0694326 0.0669243 0.0643114 0.0616122 0.0588453 0.0560291 0.0531819 0.0503213 0.0474645 0.0446277 0.0418263 0.0390745 0.0363855 0.0337711 0.0312417 0.0288066 0.0264736 0.0242489 0.0221378 0.0201439 0.0182699 0.016517 0.0148857 0.0133753 0.0119843 0.0107106 0.00955153 0.00850383 0.00756404 0.00672847 0.00599336 0.00535503 0.00480993 0.00435479 0.00398668 0.00370309 0.00350201 0.00338196 
0.00376618 0.00381082 0.00394507 0.00416992 0.00448696 0.00489839 0.00540694 0.00601578 0.00672847 0.00754884 0.00848087 0.00952862 0.010696 0.0119868 0.0134044 0.0149515 0.0166306 0.0184428 0.0203888 0.022468 0.0246788 0.027018 0.0294814 0.0320632 0.0347562 0.0375517 0.0404394 0.0434076 0.0464433 0.0495319 0.0526577 0.0558039 0.0589524 0.0620846 0.065181 0.0682218 0.0711868 0.0740558 0.0768086 0.0794257 0.0818879 0.084177 0.0862756 0.0881678 0.0898389 0.091276 0.0924677 0.0934045 0.0940791 0.094486 0.094622 0.094486 0.0940791 0.0934045 0.0924677 0.091276 0.0898389 0.0881678 0.0862756 0.084177 0.0818879 0.0794257 0.0768086 0.0740558 0.0711868 0.0682218 0.065181 0.0620846 0.0589524 0.0558039 0.0526577 0.0495319 0.0464433 0.0434076 0.0404394 0.0375517 0.0347562 0.0320632 0.0294814 0.027018 0.0246788 0.022468 0.0203888 0.0184428 0.0166306 0.0149515 0.0134044 0.0119868 0.010696 0.00952862 0.00848087 0.00754884 0.00672847 0.00601578 0.00540694 0.00489839 0.00448696 0.00416992 0.00394507 0.00381082 
0.00424962 0.00429962 0.00444996 0.00470173 0.00505667 0.00551717 0.00608619 0.0067672 0.00756404 0.00848087 0.00952201 0.0106918 0.0119945 0.013434 0.015014 0.0167375 0.0186066 0.0206228 0.0227865 0.0250967 0.0275515 0.0301473 0.0328792 0.0357405 0.0387231 0.0418173 0.0450116 0.0482929 0.0516467 0.055057 0.0585064 0.0619762 0.0654468 0.0688975 0.0723071 0.0756537 0.0789154 0.0820701 0.0850958 0.0879712 0.0906754 0.0931885 0.095492 0.0975682 0.0994015 0.100978 0.102284 0.103312 0.104051 0.104497 0.104646 0.104497 0.104051 0.103312 0.102284 0.100978 0.0994015 0.0975682 0.095492 0.0931885 0.0906754 0.0879712 0.0850958 0.0820701 0.0789154 0.0756537 0.0723071 0.0688975 0.0654468 0.0619762 0.0585064 0.055057 0.0516467 0.0482929 0.0450116 0.0418173 0.0387231 0.0357405 0.0328792 0.0301473 0.0275515 0.0250967 0.0227865 0.0206228 0.0186066 0.0167375 0.015014 0.013434 0.0119945 0.0106918 0.00952201 0.00848087 0.00756404 0.0067672 0.00608619 0.00551717 0.00505667 0.00470173 0.00444996 0.00429962 
0.00479496 0.00485096 0.00501934 0.00530129 0.0056987 0.00621418 0.00685095 0.00761278 0.00850383 0.00952862 0.0106918 0.0119981 0.0134519 0.0150577 0.0168191 0.0187392 0.0208204 0.0230639 0.0254701 0.0280376 0.030764 0.0336452 0.0366754 0.0398472 0.0431514 0.046577 0.0501112 0.0537396 0.0574458 0.0612122 0.0650195 0.0688472 0.0726737 0.0764762 0.0802315 0.0839156 0.0875046 0.0909742 0.0943006 0.0974605 0.100431 0.103191 0.10572 0.107998 0.11001 0.111739 0.113172 0.114299 0.11511 0.115599 0.115762 0.115599 0.11511 0.114299 0.113172 0.111739 0.11001 0.107998 0.10572 0.103191 0.100431 0.0974605 0.0943006 0.0909742 0.0875046 0.0839156 0.0802315 0.0764762 0.0726737 0.0688472 0.0650195 0.0612122 0.0574458 0.0537396 0.0501112 0.046577 0.0431514 0.0398472 0.0366754 0.0336452 0.030764 0.0280376 0.0254701 0.0230639 0.0208204 0.0187392 0.0168191 0.0150577 0.0134519 0.0119981 0.0106918 0.00952862 0.00850383 0.00761278 0.00685095 0.00621418 0.0056987 0.00530129 0.00501934 0.00485096 
0.00540479 0.00546746 0.00565589 0.00597136 0.00641594 0.00699247 0.00770445 0.00855595 0.00955153 0.010696 0.0119945 0.0134519 0.0150732 0.0168629 0.0188249 0.0209625 0.0232781 0.0257727 0.0284464 0.0312977 0.0343235 0.0375191 0.0408778 0.0443912 0.048049 0.0518388 0.0557463 0.0597554 0.0638481 0.0680048 0.0722042 0.0764237 0.0806395 0.0848268 0.0889599 0.0930127 0.0969589 0.100772 0.104426 0.107896 0.111157 0.114186 0.11696 0.119459 0.121665 0.12356 0.125131 0.126366 0.127254 0.12779 0.127969 0.12779 0.127254 0.126366 0.125131 0.12356 0.121665 0.119459 0.11696 0.114186 0.111157 0.107896 0.104426 0.100772 0.0969589 0.0930127 0.0889599 0.0848268 0.0806395 0.0764237 0.0722042 0.0680048 0.0638481 0.0597554 0.0557463 0.0518388 0.048049 0.0443912 0.0408778 0.0375191 0.0343235 0.0312977 0.0284464 0.0257727 0.0232781 0.0209625 0.0188249 0.0168629 0.0150732 0.0134519 0.0119945 0.010696 0.00955153 0.00855595 0.00770445 0.00699247 0.00641594 0.00597136 0.00565589 0.00546746 
0.00608164 0.00615166 0.00636219 0.00671461 0.00721117 0.00785495 0.00864976 0.00960001 0.0107106 0.0119868 0.013434 0.0150577 0.0168629 0.0188546 0.0210368 0.0234129 0.0259852 0.0287549 0.0317215 0.0348833 0.0382364 0.0417754 0.0454928 0.0493789 0.0534222 0.0576088 0.0619227 0.0663461 0.0708591 0.0754399 0.0800651 0.0847099 0.089348 0.0939522 0.0984945 0.102946 0.107279 0.111464 0.115473 0.119278 0.122852 0.126171 0.12921 0.131947 0.134361 0.136436 0.138155 0.139506 0.140479 0.141065 0.141261 0.141065 0.140479 0.139506 0.138155 0.136436 0.134361 0.131947 0.12921 0.126171 0.122852 0.119278 0.115473 0.111464 0.107279 0.102946 0.0984945 0.0939522 0.089348 0.0847099 0.0800651 0.0754399 0.0708591 0.0663461 0.0619227 0.0576088 0.0534222 0.0493789 0.0454928 0.0417754 0.0382364 0.0348833 0.0317215 0.0287549 0.0259852 0.0234129 0.0210368 0.0188546 0.0168629 0.0150577 0.013434 0.0119868 0.0107106 0.00960001 0.00864976 0.00785495 0.00721117 0.00671461 0.00636219 0.00615166 
0.00682788 0.00690595 0.00714066 0.00753352 0.00808696 0.00880433 0.00968973 0.010748 0.0119843 0.0134044 0.015014 0.0168191 0.0188249 0.0210368 0.0234589 0.0260947 0.0289465 0.0320153 0.0353003 0.0387992 0.0425075 0.046419 0.0505251 0.0548149 0.0592754 0.063891 0.0686442 0.0735151 0.0784815 0.0835197 0.0886038 0.0937064 0.0987989 0.103852 0.108834 0.113714 0.118462 0.123046 0.127434 0.131598 0.135509 0.139138 0.14246 0.145451 0.14809 0.150356 0.152234 0.153709 0.154771 0.155411 0.155625 0.155411 0.154771 0.153709 0.152234 0.150356 0.14809 0.145451 0.14246 0.139138 0.135509 0.131598 0.127434 0.123046 0.118462 0.113714 0.108834 0.103852 0.0987989 0.0937064 0.0886038 0.0835197 0.0784815 0.0735151 0.0686442 0.063891 0.0592754 0.0548149 0.0505251 0.046419 0.0425075 0.0387992 0.0353003 0.0320153 0.0289465 0.0260947 0.0234589 0.0210368 0.0188249 0.0168191 0.015014 0.0134044 0.0119843 0.010748 0.00968973 0.00880433 0.00808696 0.00753352 0.00714066 0.00690595 
0.00764563 0.00773246 0.00799348 0.00843032 0.00904562 0.00984299 0.0108269 0.0120024 0.0133753 0.0149515 0.0167375 0.0187392 0.0209625 0.0234129 0.0260947 0.0290115 0.0321655 0.0355574 0.0391862 0.0430488 0.0471401 0.0514529 0.0559774 0.0607015 0.0656103 0.0706869 0.0759116 0.0812623 0.0867147 0.0922427 0.0978178 0.10341 0.108988 0.11452 0.119971 0.125309 0.130499 0.135507 0.1403 0.144846 0.149114 0.153073 0.156696 0.159958 0.162834 0.165304 0.16735 0.168957 0.170113 0.17081 0.171043 0.17081 0.170113 0.168957 0.16735 0.165304 0.162834 0.159958 0.156696 0.153073 0.149114 0.144846 0.1403 0.135507 0.130499 0.125309 0.119971 0.11452 0.108988 0.10341 0.0978178 0.0922427 0.0867147 0.0812623 0.0759116 0.0706869 0.0656103 0.0607015 0.0559774 0.0514529 0.0471401 0.0430488 0.0391862 0.0355574 0.0321655 0.0290115 0.0260947 0.0234129 0.0209625 0.0187392 0.0167375 0.0149515 0.0133753 0.0120024 0.0108269 0.00984299 0.00904562 0.00843032 0.00799348 0.00773246 
0.00853671 0.008633 0.00892248 0.00940688 0.0100891 0.0109729 0.0120632 0.0133654 0.0148857 0.0166306 0.0186066 0.0208204 0.0232781 0.0259852 0.0289465 0.0321655 0.0356443 0.0393832 0.0433808 0.0476335 0.0521353 0.0568777 0.0618499 0.0670381 0.0724261 0.0779946 0.0837221 0.0895842 0.0955542 0.101603 0.1077 0.113813 0.119907 0.125946 0.131895 0.137717 0.143375 0.148832 0.154053 0.159003 0.163648 0.167955 0.171896 0.175442 0.178569 0.181253 0.183476 0.185222 0.186479 0.187236 0.187489 0.187236 0.186479 0.185222 0.183476 0.181253 0.178569 0.175442 0.171896 0.167955 0.163648 0.159003 0.154053 0.148832 0.143375 0.137717 0.131895 0.125946 0.119907 0.113813 0.1077 0.101603 0.0955542 0.0895842 0.0837221 0.0779946 0.0724261 0.0670381 0.0618499 0.0568777 0.0521353 0.0476335 0.0433808 0.0393832 0.0356443 0.0321655 0.0289465 0.0259852 0.0232781 0.0208204 0.0186066 0.0166306 0.0148857 0.0133654 0.0120632 0.0109729 0.0100891 0.00940688 0.00892248 0.008633 
0.00950251 0.00960899 0.00992907 0.0104646 0.0112187 0.0121955 0.0134001 0.0148384 0.016517 0.0184428 0.0206228 0.0230639 0.0257727 0.0287549 0.0320153 0.0355574 0.0393832 0.0434927 0.0478839 0.0525525 0.0574915 0.0626914 0.0681398 0.0738215 0.0797181 0.0858087 0.0920693 0.0984731 0.104991 0.111591 0.11824 0.124902 0.131539 0.138114 0.144588 0.150919 0.15707 0.162999 0.16867 0.174043 0.179084 0.183757 0.18803 0.191875 0.195264 0.198173 0.200581 0.202473 0.203833 0.204654 0.204928 0.204654 0.203833 0.202473 0.200581 0.198173 0.195264 0.191875 0.18803 0.183757 0.179084 0.174043 0.16867 0.162999 0.15707 0.150919 0.144588 0.138114 0.131539 0.124902 0.11824 0.111591 0.104991 0.0984731 0.0920693 0.0858087 0.0797181 0.0738215 0.0681398 0.0626914 0.0574915 0.0525525 0.0478839 0.0434927 0.0393832 0.0355574 0.0320153 0.0287549 0.0257727 0.0230639 0.0206228 0.0184428 0.016517 0.0148384 0.0134001 0.0121955 0.0112187 0.0104646 0.00992907 0.00960899 
0.010544 0.0106613 0.0110142 0.0116044 0.0124354 0.0135116 0.0148384 0.0164222 0.0182699 0.0203888 0.0227865 0.0254701 0.0284464 0.0317215 0.0353003 0.0391862 0.0433808 0.0478839 0.0526929 0.0578025 0.0632049 0.0688891 0.0748413 0.0810444 0.0874784 0.0941199 0.100942 0.107917 0.115012 0.122191 0.12942 0.136658 0.143867 0.151003 0.158025 0.16489 0.171555 0.177979 0.184118 0.189934 0.195387 0.200441 0.205062 0.209217 0.212878 0.216021 0.218623 0.220665 0.222135 0.22302 0.223316 0.22302 0.222135 0.220665 0.218623 0.216021 0.212878 0.209217 0.205062 0.200441 0.195387 0.189934 0.184118 0.177979 0.171555 0.16489 0.158025 0.151003 0.143867 0.136658 0.12942 0.122191 0.115012 0.107917 0.100942 0.0941199 0.0874784 0.0810444 0.0748413 0.0688891 0.0632049 0.0578025 0.0526929 0.0478839 0.0433808 0.0391862 0.0353003 0.0317215 0.0284464 0.0254701 0.0227865 0.0203888 0.0182699 0.0164222 0.0148384 0.0135116 0.0124354 0.0116044 0.0110142 0.0106613 
0.0116614 0.0117904 0.0121781 0.0128266 0.0137394 0.0149213 0.0163781 0.0181165 0.0201439 0.022468 0.0250967 0.0280376 0.0312977 0.0348833 0.0387992 0.0430488 0.0476335 0.0525525 0.0578025 0.0633774 0.0692682 0.0754625 0.0819448 0.0886963 0.0956947 0.102914 0.110326 0.117899 0.125597 0.133383 0.141217 0.149058 0.156861 0.164582 0.172176 0.179596 0.186797 0.193733 0.20036 0.206635 0.212516 0.217964 0.222944 0.227421 0.231365 0.234749 0.23755 0.239749 0.24133 0.242284 0.242602 0.242284 0.24133 0.239749 0.23755 0.234749 0.231365 0.227421 0.222944 0.217964 0.212516 0.206635 0.20036 0.193733 0.186797 0.179596 0.172176 0.164582 0.156861 0.149058 0.141217 0.133383 0.125597 0.117899 0.110326 0.102914 0.0956947 0.0886963 0.0819448 0.0754625 0.0692682 0.0633774 0.0578025 0.0525525 0.0476335 0.0430488 0.0387992 0.0348833 0.0312977 0.0280376 0.0250967 0.022468 0.0201439 0.0181165 0.0163781 0.0149213 0.0137394 0.0128266 0.0121781 0.0117904 
0.0128545 0.0129958 0.0134204 0.0141306 0.0151301 0.016424 0.0180184 0.0199204 0.0221378 0.0246788 0.0275515 0.030764 0.0343235 0.0382364 0.0425075 0.0471401 0.0521353 0.0574915 0.0632049 0.0692682 0.0756711 0.0823999 0.0894372 0.0967623 0.104351 0.112174 0.120201 0.128396 0.136723 0.14514 0.153603 0.162069 0.17049 0.178818 0.187003 0.194998 0.202753 0.210218 0.217348 0.224096 0.230418 0.236273 0.241622 0.24643 0.250665 0.254297 0.257304 0.259663 0.26136 0.262383 0.262724 0.262383 0.26136 0.259663 0.257304 0.254297 0.250665 0.24643 0.241622 0.236273 0.230418 0.224096 0.217348 0.210218 0.202753 0.194998 0.187003 0.178818 0.17049 0.162069 0.153603 0.14514 0.136723 0.128396 0.120201 0.112174 0.104351 0.0967623 0.0894372 0.0823999 0.0756711 0.0692682 0.0632049 0.0574915 0.0521353 0.0471401 0.0425075 0.0382364 0.0343235 0.030764 0.0275515 0.0246788 0.0221378 0.0199204 0.0180184 0.016424 0.0151301 0.0141306 0.0134204 0.0129958 
0.0141224 0.0142766 0.0147401 0.0155154 0.0166062 0.018018 0.0197573 0.0218315 0.0242489 0.027018 0.0301473 0.0336452 0.0375191 0.0417754 0.046419 0.0514529 0.0568777 0.0626914 0.0688891 0.0754625 0.0823999 0.0896859 0.0973015 0.105223 0.113425 0.121875 0.13054 0.139382 0.14836 0.157429 0.166544 0.175655 0.184713 0.193666 0.202462 0.211048 0.219372 0.227382 0.235028 0.242261 0.249035 0.255307 0.261035 0.266182 0.270713 0.2746 0.277815 0.280339 0.282154 0.283247 0.283613 0.283247 0.282154 0.280339 0.277815 0.2746 0.270713 0.266182 0.261035 0.255307 0.249035 0.242261 0.235028 0.227382 0.219372 0.211048 0.202462 0.193666 0.184713 0.175655 0.166544 0.157429 0.14836 0.139382 0.13054 0.121875 0.113425 0.105223 0.0973015 0.0896859 0.0823999 0.0754625 0.0688891 0.0626914 0.0568777 0.0514529 0.046419 0.0417754 0.0375191 0.0336452 0.0301473 0.027018 0.0242489 0.0218315 0.0197573 0.018018 0.0166062 0.0155154 0.0147401 0.0142766 
0.0154631 0.015631 0.0161353 0.0169788 0.0181654 0.0197009 0.021592 0.0238467 0.0264736 0.0294814 0.0328792 0.0366754 0.0408778 0.0454928 0.0505251 0.0559774 0.0618499 0.0681398 0.0748413 0.0819448 0.0894372 0.0973015 0.105516 0.114056 0.122893 0.131991 0.141315 0.150823 0.160472 0.170213 0.179998 0.189773 0.199485 0.209079 0.2185 0.227691 0.236597 0.245163 0.253336 0.261065 0.268301 0.274997 0.28111 0.286602 0.291435 0.29558 0.299008 0.301699 0.303633 0.304799 0.305188 0.304799 0.303633 0.301699 0.299008 0.29558 0.291435 0.286602 0.28111 0.274997 0.268301 0.261065 0.253336 0.245163 0.236597 0.227691 0.2185 0.209079 0.199485 0.189773 0.179998 0.170213 0.160472 0.150823 0.141315 0.131991 0.122893 0.114056 0.105516 0.0973015 0.0894372 0.0819448 0.0748413 0.0681398 0.0618499 0.0559774 0.0505251 0.0454928 0.0408778 0.0366754 0.0328792 0.0294814 0.0264736 0.0238467 0.021592 0.0197009 0.0181654 0.0169788 0.0161353 0.015631 
0.0168742 0.0170563 0.0176033 0.0185179 0.0198045 0.0214691 0.0235187 0.0259615 0.0288066 0.0320632 0.0357405 0.0398472 0.0443912 0.0493789 0.0548149 0.0607015 0.0670381 0.0738215 0.0810444 0.0886963 0.0967623 0.105223 0.114056 0.123234 0.132723 0.142488 0.152489 0.162682 0.173018 0.183448 0.193918 0.204371 0.214752 0.225001 0.235058 0.244866 0.254364 0.263496 0.272204 0.280436 0.288139 0.295265 0.301769 0.307609 0.312748 0.317154 0.320798 0.323656 0.325711 0.32695 0.327363 0.32695 0.325711 0.323656 0.320798 0.317154 0.312748 0.307609 0.301769 0.295265 0.288139 0.280436 0.272204 0.263496 0.254364 0.244866 0.235058 0.225001 0.214752 0.204371 0.193918 0.183448 0.173018 0.162682 0.152489 0.142488 0.132723 0.123234 0.114056 0.105223 0.0967623 0.0886963 0.0810444 0.0738215 0.0670381 0.0607015 0.0548149 0.0493789 0.0443912 0.0398472 0.0357405 0.0320632 0.0288066 0.0259615 0.0235187 0.0214691 0.0198045 0.0185179 0.0176033 0.0170563 
0.0183522 0.018549 0.0191403 0.0201289 0.0215194 0.023318 0.025532 0.0281702 0.0312417 0.0347562 0.0387231 0.0431514 0.048049 0.0534222 0.0592754 0.0656103 0.0724261 0.0797181 0.0874784 0.0956947 0.104351 0.113425 0.122893 0.132723 0.142882 0.153329 0.164023 0.174914 0.185953 0.197084 0.208251 0.219395 0.230455 0.241368 0.252071 0.262503 0.272601 0.282305 0.291555 0.300294 0.308468 0.316028 0.322925 0.329116 0.334563 0.339231 0.343091 0.346118 0.348295 0.349606 0.350044 0.349606 0.348295 0.346118 0.343091 0.339231 0.334563 0.329116 0.322925 0.316028 0.308468 0.300294 0.291555 0.282305 0.272601 0.262503 0.252071 0.241368 0.230455 0.219395 0.208251 0.197084 0.185953 0.174914 0.164023 0.153329 0.142882 0.132723 0.122893 0.113425 0.104351 0.0956947 0.0874784 0.0797181 0.0724261 0.0656103 0.0592754 0.0534222 0.048049 0.0431514 0.0387231 0.0347562 0.0312417 0.0281702 0.025532 0.023318 0.0215194 0.0201289 0.0191403 0.018549 
0.0198927 0.0201047 0.0207418 0.021807 0.0233049 0.0252419 0.0276259 0.0304658 0.0337711 0.0375517 0.0418173 0.046577 0.0518388 0.0576088 0.063891 0.0706869 0.0779946 0.0858087 0.0941199 0.102914 0.112174 0.121875 0.131991 0.142488 0.153329 0.164472 0.17587 0.187471 0.199223 0.211066 0.22294 0.234783 0.246529 0.258113 0.269468 0.280529 0.291231 0.30151 0.311303 0.320552 0.3292 0.337194 0.344484 0.351027 0.356781 0.361711 0.365787 0.368984 0.371282 0.372666 0.373128 0.372666 0.371282 0.368984 0.365787 0.361711 0.356781 0.351027 0.344484 0.337194 0.3292 0.320552 0.311303 0.30151 0.291231 0.280529 0.269468 0.258113 0.246529 0.234783 0.22294 0.211066 0.199223 0.187471 0.17587 0.164472 0.153329 0.142488 0.131991 0.121875 0.112174 0.102914 0.0941199 0.0858087 0.0779946 0.0706869 0.063891 0.0576088 0.0518388 0.046577 0.0418173 0.0375517 0.0337711 0.0304658 0.0276259 0.0252419 0.0233049 0.021807 0.0207418 0.0201047 
0.0214904 0.0217181 0.0224024 0.0235463 0.0251546 0.0272342 0.0297929 0.0328401 0.0363855 0.0404394 0.0450116 0.0501112 0.0557463 0.0619227 0.0686442 0.0759116 0.0837221 0.0920693 0.100942 0.110326 0.120201 0.13054 0.141315 0.152489 0.164023 0.17587 0.18798 0.200301 0.212772 0.225334 0.237921 0.250466 0.262903 0.275161 0.287171 0.298863 0.31017 0.321024 0.331361 0.341119 0.350238 0.358665 0.366348 0.373241 0.379301 0.384492 0.388783 0.392147 0.394565 0.396022 0.396508 0.396022 0.394565 0.392147 0.388783 0.384492 0.379301 0.373241 0.366348 0.358665 0.350238 0.341119 0.331361 0.321024 0.31017 0.298863 0.287171 0.275161 0.262903 0.250466 0.237921 0.225334 0.212772 0.200301 0.18798 0.17587 0.164023 0.152489 0.141315 0.13054 0.120201 0.110326 0.100942 0.0920693 0.0837221 0.0759116 0.0686442 0.0619227 0.0557463 0.0501112 0.0450116 0.0404394 0.0363855 0.0328401 0.0297929 0.0272342 0.0251546 0.0235463 0.0224024 0.0217181 
0.0231391 0.023383 0.0241156 0.02534 0.0270615 0.0292868 0.0320244 0.0352836 0.0390745 0.0434076 0.0482929 0.0537396 0.0597554 0.0663461 0.0735151 0.0812623 0.0895842 0.0984731 0.107917 0.117899 0.128396 0.139382 0.150823 0.162682 0.174914 0.187471 0.200301 0.213344 0.226539 0.239822 0.253124 0.266375 0.279502 0.292434 0.305097 0.317419 0.329328 0.340755 0.351633 0.361896 0.371485 0.380341 0.388413 0.395651 0.402014 0.407463 0.411967 0.415497 0.418034 0.419562 0.420072 0.419562 0.418034 0.415497 0.411967 0.407463 0.402014 0.395651 0.388413 0.380341 0.371485 0.361896 0.351633 0.340755 0.329328 0.317419 0.305097 0.292434 0.279502 0.266375 0.253124 0.239822 0.226539 0.213344 0.200301 0.187471 0.174914 0.162682 0.150823 0.139382 0.128396 0.117899 0.107917 0.0984731 0.0895842 0.0812623 0.0735151 0.0663461 0.0597554 0.0537396 0.0482929 0.0434076 0.0390745 0.0352836 0.0320244 0.0292868 0.0270615 0.02534 0.0241156 0.023383 
0.0248319 0.0250921 0.0258739 0.0271805 0.0290172 0.0313911 0.0343106 0.0377856 0.0418263 0.0464433 0.0516467 0.0574458 0.0638481 0.0708591 0.0784815 0.0867147 0.0955542 0.104991 0.115012 0.125597 0.136723 0.14836 0.160472 0.173018 0.185953 0.199223 0.212772 0.226539 0.240459 0.254462 0.268478 0.282431 0.296247 0.309849 0.323161 0.336108 0.348614 0.360608 0.37202 0.382783 0.392834 0.402114 0.410569 0.418149 0.42481 0.430513 0.435224 0.438918 0.441571 0.443169 0.443703 0.443169 0.441571 0.438918 0.435224 0.430513 0.42481 0.418149 0.410569 0.402114 0.392834 0.382783 0.37202 0.360608 0.348614 0.336108 0.323161 0.309849 0.296247 0.282431 0.268478 0.254462 0.240459 0.226539 0.212772 0.199223 0.185953 0.173018 0.160472 0.14836 0.136723 0.125597 0.115012 0.104991 0.0955542 0.0867147 0.0784815 0.0708591 0.0638481 0.0574458 0.0516467 0.0464433 0.0418263 0.0377856 0.0343106 0.0313911 0.0290172 0.0271805 0.0258739 0.0250921 
0.0265607 0.0268376 0.0276693 0.0290591 0.0310126 0.0335369 0.0366408 0.0403342 0.0446277 0.0495319 0.055057 0.0612122 0.0680048 0.0754399 0.0835197 0.0922427 0.101603 0.111591 0.122191 0.133383 0.14514 0.157429 0.170213 0.183448 0.197084 0.211066 0.225334 0.239822 0.254462 0.269182 0.283905 0.298555 0.313053 0.327318 0.341272 0.354835 0.367931 0.380484 0.392422 0.403676 0.414181 0.423876 0.432706 0.44062 0.447573 0.453524 0.458439 0.462292 0.465059 0.466726 0.467283 0.466726 0.465059 0.462292 0.458439 0.453524 0.447573 0.44062 0.432706 0.423876 0.414181 0.403676 0.392422 0.380484 0.367931 0.354835 0.341272 0.327318 0.313053 0.298555 0.283905 0.269182 0.254462 0.239822 0.225334 0.211066 0.197084 0.183448 0.170213 0.157429 0.14514 0.133383 0.122191 0.111591 0.101603 0.0922427 0.0835197 0.0754399 0.0680048 0.0612122 0.055057 0.0495319 0.0446277 0.0403342 0.0366408 0.0335369 0.0310126 0.0290591 0.0276693 0.0268376 
0.0283168 0.0286104 0.0294924 0.0309662 0.0330374 0.0357133 0.039003 0.0429165 0.0474645 0.0526577 0.0585064 0.0650195 0.0722042 0.0800651 0.0886038 0.0978178 0.1077 0.11824 0.12942 0.141217 0.153603 0.166544 0.179998 0.193918 0.208251 0.22294 0.237921 0.253124 0.268478 0.283905 0.299329 0.314666 0.329835 0.344753 0.359338 0.373506 0.38718 0.40028 0.412733 0.424467 0.435415 0.445516 0.454712 0.462951 0.470187 0.476379 0.481493 0.4855 0.488379 0.490112 0.490691 0.490112 0.488379 0.4855 0.481493 0.476379 0.470187 0.462951 0.454712 0.445516 0.435415 0.424467 0.412733 0.40028 0.38718 0.373506 0.359338 0.344753 0.329835 0.314666 0.299329 0.283905 0.268478 0.253124 0.237921 0.22294 0.208251 0.193918 0.179998 0.166544 0.153603 0.141217 0.12942 0.11824 0.1077 0.0978178 0.0886038 0.0800651 0.0722042 0.0650195 0.0585064 0.0526577 0.0474645 0.0429165 0.039003 0.0357133 0.0330374 0.0309662 0.0294924 0.0286104 
0.0300907 0.0304011 0.0313336 0.0328916 0.0350807 0.0379087 0.0413846 0.0455185 0.0503213 0.0558039 0.0619762 0.0688472 0.0764237 0.0847099 0.0937064 0.10341 0.113813 0.124902 0.136658 0.149058 0.162069 0.175655 0.189773 0.204371 0.219395 0.234783 0.250466 0.266375 0.282431 0.298555 0.314666 0.330678 0.346505 0.362063 0.377264 0.392024 0.406261 0.419894 0.432848 0.445048 0.456427 0.466922 0.476472 0.485026 0.492537 0.498962 0.504268 0.508424 0.511409 0.513207 0.513807 0.513207 0.511409 0.508424 0.504268 0.498962 0.492537 0.485026 0.476472 0.466922 0.456427 0.445048 0.432848 0.419894 0.406261 0.392024 0.377264 0.362063 0.346505 0.330678 0.314666 0.298555 0.282431 0.266375 0.250466 0.234783 0.219395 0.204371 0.189773 0.175655 0.162069 0.149058 0.136658 0.124902 0.113813 0.10341 0.0937064 0.0847099 0.0764237 0.0688472 0.0619762 0.0558039 0.0503213 0.0455185 0.0413846 0.0379087 0.0350807 0.0328916 0.0313336 0.0304011 
0.0318721 0.0321993 0.033182 0.034824 0.0371309 0.0401104 0.0437717 0.0481253 0.0531819 0.0589524 0.0654468 0.0726737 0.0806395 0.089348 0.0987989 0.108988 0.119907 0.131539 0.143867 0.156861 0.17049 0.184713 0.199485 0.214752 0.230455 0.246529 0.262903 0.279502 0.296247 0.313053 0.329835 0.346505 0.362975 0.379154 0.394955 0.410289 0.425073 0.439223 0.452661 0.465313 0.477108 0.487982 0.497874 0.506731 0.514506 0.521156 0.526645 0.530945 0.534033 0.535892 0.536512 0.535892 0.534033 0.530945 0.526645 0.521156 0.514506 0.506731 0.497874 0.487982 0.477108 0.465313 0.452661 0.439223 0.425073 0.410289 0.394955 0.379154 0.362975 0.346505 0.329835 0.313053 0.296247 0.279502 0.262903 0.246529 0.230455 0.214752 0.199485 0.184713 0.17049 0.156861 0.143867 0.131539 0.119907 0.108988 0.0987989 0.089348 0.0806395 0.0726737 0.0654468 0.0589524 0.0531819 0.0481253 0.0437717 0.0401104 0.0371309 0.034824 0.033182 0.0321993 
0.0336501 0.033994 0.0350266 0.0367518 0.0391754 0.042305 0.0461502 0.0507213 0.0560291 0.0620846 0.0688975 0.0764762 0.0848268 0.0939522 0.103852 0.11452 0.125946 0.138114 0.151003 0.164582 0.178818 0.193666 0.209079 0.225001 0.241368 0.258113 0.275161 0.292434 0.309849 0.327318 0.344753 0.362063 0.379154 0.395936 0.412316 0.428206 0.443516 0.458164 0.472069 0.485154 0.497349 0.508586 0.518806 0.527953 0.53598 0.542844 0.54851 0.552946 0.556132 0.55805 0.55869 0.55805 0.556132 0.552946 0.54851 0.542844 0.53598 0.527953 0.518806 0.508586 0.497349 0.485154 0.472069 0.458164 0.443516 0.428206 0.412316 0.395936 0.379154 0.362063 0.344753 0.327318 0.309849 0.292434 0.275161 0.258113 0.241368 0.225001 0.209079 0.193666 0.178818 0.164582 0.151003 0.138114 0.125946 0.11452 0.103852 0.0939522 0.0848268 0.0764762 0.0688975 0.0620846 0.0560291 0.0507213 0.0461502 0.042305 0.0391754 0.0367518 0.0350266 0.033994 
0.0354136 0.0357738 0.0368556 0.0386628 0.0412013 0.0444789 0.0485051 0.0532902 0.0588453 0.065181 0.0723071 0.0802315 0.0889599 0.0984945 0.108834 0.119971 0.131895 0.144588 0.158025 0.172176 0.187003 0.202462 0.2185 0.235058 0.252071 0.269468 0.287171 0.305097 0.323161 0.341272 0.359338 0.377264 0.394955 0.412316 0.429254 0.445676 0.461492 0.476617 0.490968 0.504467 0.517043 0.528627 0.539159 0.548582 0.556849 0.563917 0.569749 0.574316 0.577594 0.579568 0.580227 0.579568 0.577594 0.574316 0.569749 0.563917 0.556849 0.548582 0.539159 0.528627 0.517043 0.504467 0.490968 0.476617 0.461492 0.445676 0.429254 0.412316 0.394955 0.377264 0.359338 0.341272 0.323161 0.305097 0.287171 0.269468 0.252071 0.235058 0.2185 0.202462 0.187003 0.172176 0.158025 0.144588 0.131895 0.119971 0.108834 0.0984945 0.0889599 0.0802315 0.0723071 0.065181 0.0588453 0.0532902 0.0485051 0.0444789 0.0412013 0.0386628 0.0368556 0.0357738 
0.0371507 0.0375269 0.0386569 0.0405444 0.0431953 0.0466177 0.0508209 0.0558154 0.0616122 0.0682218 0.0756537 0.0839156 0.0930127 0.102946 0.113714 0.125309 0.137717 0.150919 0.16489 0.179596 0.194998 0.211048 0.227691 0.244866 0.262503 0.280529 0.298863 0.317419 0.336108 0.354835 0.373506 0.392024 0.410289 0.428206 0.445676 0.462606 0.478904 0.494483 0.509258 0.523151 0.536088 0.548 0.558827 0.568512 0.577006 0.584266 0.590255 0.594944 0.59831 0.600336 0.601013 0.600336 0.59831 0.594944 0.590255 0.584266 0.577006 0.568512 0.558827 0.548 0.536088 0.523151 0.509258 0.494483 0.478904 0.462606 0.445676 0.428206 0.410289 0.392024 0.373506 0.354835 0.336108 0.317419 0.298863 0.280529 0.262503 0.244866 0.227691 0.211048 0.194998 0.179596 0.16489 0.150919 0.137717 0.125309 0.113714 0.102946 0.0930127 0.0839156 0.0756537 0.0682218 0.0616122 0.0558154 0.0508209 0.0466177 0.0431953 0.0405444 0.0386569 0.0375269 
0.0388494 0.0392412 0.0404181 0.0423836 0.0451439 0.0487068 0.0530821 0.05828 0.0643114 0.0711868 0.0789154 0.0875046 0.0969589 0.107279 0.118462 0.130499 0.143375 0.15707 0.171555 0.186797 0.202753 0.219372 0.236597 0.254364 0.272601 0.291231 0.31017 0.329328 0.348614 0.367931 0.38718 0.406261 0.425073 0.443516 0.461492 0.478904 0.495659 0.511667 0.526843 0.541107 0.554384 0.566606 0.57771 0.587641 0.596347 0.603787 0.609924 0.614728 0.618176 0.620251 0.620944 0.620251 0.618176 0.614728 0.609924 0.603787 0.596347 0.587641 0.57771 0.566606 0.554384 0.541107 0.526843 0.511667 0.495659 0.478904 0.461492 0.443516 0.425073 0.406261 0.38718 0.367931 0.348614 0.329328 0.31017 0.291231 0.272601 0.254364 0.236597 0.219372 0.202753 0.186797 0.171555 0.15707 0.143375 0.130499 0.118462 0.107279 0.0969589 0.0875046 0.0789154 0.0711868 0.0643114 0.05828 0.0530821 0.0487068 0.0451439 0.0423836 0.0404181 0.0392412 
0.0404977 0.0409046 0.0421266 0.0441674 0.0470331 0.0507318 0.0552728 0.0606668 0.0669243 0.0740558 0.0820701 0.0909742 0.100772 0.111464 0.123046 0.135507 0.148832 0.162999 0.177979 0.193733 0.210218 0.227382 0.245163 0.263496 0.282305 0.30151 0.321024 0.340755 0.360608 0.380484 0.40028 0.419894 0.439223 0.458164 0.476617 0.494483 0.511667 0.528078 0.54363 0.558241 0.571837 0.584349 0.595712 0.605871 0.614776 0.622384 0.628658 0.633568 0.637092 0.639213 0.639921 0.639213 0.637092 0.633568 0.628658 0.622384 0.614776 0.605871 0.595712 0.584349 0.571837 0.558241 0.54363 0.528078 0.511667 0.494483 0.476617 0.458164 0.439223 0.419894 0.40028 0.380484 0.360608 0.340755 0.321024 0.30151 0.282305 0.263496 0.245163 0.227382 0.210218 0.193733 0.177979 0.162999 0.148832 0.135507 0.123046 0.111464 0.100772 0.0909742 0.0820701 0.0740558 0.0669243 0.0606668 0.0552728 0.0507318 0.0470331 0.0441674 0.0421266 0.0409046 
0.0420834 0.0425047 0.0437699 0.0458828 0.0488494 0.0526778 0.0573775 0.0629589 0.0694326 0.0768086 0.0850958 0.0943006 0.104426 0.115473 0.127434 0.1403 0.154053 0.16867 0.184118 0.20036 0.217348 0.235028 0.253336 0.272204 0.291555 0.311303 0.331361 0.351633 0.37202 0.392422 0.412733 0.432848 0.452661 0.472069 0.490968 0.509258 0.526843 0.54363 0.559532 0.574467 0.588359 0.601139 0.612742 0.623113 0.632202 0.639965 0.646366 0.651375 0.654969 0.657132 0.657854 0.657132 0.654969 0.651375 0.646366 0.639965 0.632202 0.623113 0.612742 0.601139 0.588359 0.574467 0.559532 0.54363 0.526843 0.509258 0.490968 0.472069 0.452661 0.432848 0.412733 0.392422 0.37202 0.351633 0.331361 0.311303 0.291555 0.272204 0.253336 0.235028 0.217348 0.20036 0.184118 0.16867 0.154053 0.1403 0.127434 0.115473 0.104426 0.0943006 0.0850958 0.0768086 0.0694326 0.0629589 0.0573775 0.0526778 0.0488494 0.0458828 0.0437699 0.0425047 
0.0435946 0.0440295 0.0453357 0.0475169 0.0505792 0.0545306 0.0593807 0.0651396 0.071818 0.0794257 0.0879712 0.0974605 0.107896 0.119278 0.131598 0.144846 0.159003 0.174043 0.189934 0.206635 0.224096 0.242261 0.261065 0.280436 0.300294 0.320552 0.341119 0.361896 0.382783 0.403676 0.424467 0.445048 0.465313 0.485154 0.504467 0.523151 0.541107 0.558241 0.574467 0.5897 0.603866 0.616892 0.628717 0.639283 0.64854 0.656445 0.662962 0.668061 0.671719 0.673921 0.674656 0.673921 0.671719 0.668061 0.662962 0.656445 0.64854 0.639283 0.628717 0.616892 0.603866 0.5897 0.574467 0.558241 0.541107 0.523151 0.504467 0.485154 0.465313 0.445048 0.424467 0.403676 0.382783 0.361896 0.341119 0.320552 0.300294 0.280436 0.261065 0.242261 0.224096 0.206635 0.189934 0.174043 0.159003 0.144846 0.131598 0.119278 0.107896 0.0974605 0.0879712 0.0794257 0.071818 0.0651396 0.0593807 0.0545306 0.0505792 0.0475169 0.0453357 0.0440295 
0.0450196 0.0454673 0.046812 0.0490573 0.0522094 0.0562762 0.0612672 0.0671927 0.0740631 0.0818879 0.0906754 0.100431 0.111157 0.122852 0.135509 0.149114 0.163648 0.179084 0.195387 0.212516 0.230418 0.249035 0.268301 0.288139 0.308468 0.3292 0.350238 0.371485 0.392834 0.414181 0.435415 0.456427 0.477108 0.497349 0.517043 0.536088 0.554384 0.571837 0.588359 0.603866 0.61828 0.631532 0.643558 0.654301 0.663711 0.671746 0.678368 0.683549 0.687266 0.689503 0.69025 0.689503 0.687266 0.683549 0.678368 0.671746 0.663711 0.654301 0.643558 0.631532 0.61828 0.603866 0.588359 0.571837 0.554384 0.536088 0.517043 0.497349 0.477108 0.456427 0.435415 0.414181 0.392834 0.371485 0.350238 0.3292 0.308468 0.288139 0.268301 0.249035 0.230418 0.212516 0.195387 0.179084 0.163648 0.149114 0.135509 0.122852 0.111157 0.100431 0.0906754 0.0818879 0.0740631 0.0671927 0.0612672 0.0562762 0.0522094 0.0490573 0.046812 0.0454673 
