1.14356e-05 1.19727e-05 1.36176e-05 1.64724e-05 2.07099e-05 2.6578e-05 3.44045e-05 4.46044e-05 5.76864e-05 7.42606e-05 9.50455e-05 0.000120874 0.000152698 0.00019159 0.000238743 0.000295464 0.000363164 0.000443344 0.000537572 0.000647458 0.000774617 0.000920629 0.001087 0.00127509 0.00148609 0.00172095 0.00198029 0.00226442 0.0025732 0.00290606 0.00326192 0.00363918 0.00403571 0.00444883 0.00487534 0.00531153 0.00575325 0.00619593 0.0066347 0.00706442 0.00747984 0.00787565 0.0082466 0.00858764 0.00889399 0.00916128 0.00938562 0.00956369 0.00969283 0.00977111 0.00979733 0.00977111 0.00969283 0.00956369 0.00938562 0.00916128 0.00889399 0.00858764 0.0082466 0.00787565 0.00747984 0.00706442 0.0066347 0.00619593 0.00575325 0.00531153 0.00487534 0.00444883 0.00403571 0.00363918 0.00326192 0.00290606 0.0025732 0.00226442 0.00198029 0.00172095 0.00148609 0.00127509 0.001087 0.000920629 0.000774617 0.000647458 0.000537572 0.000443344 0.000363164 0.000295464 0.000238743 0.00019159 0.000152698 0.000120874 9.50455e-05 7.42606e-05 5.76864e-05 4.46044e-05 3.44045e-05 2.6578e-05 2.07099e-05 1.64724e-05 1.36176e-05 1.19727e-05 
1.19727e-05 1.25336e-05 1.42516e-05 1.72328e-05 2.1657e-05 2.77819e-05 3.59487e-05 4.65885e-05 6.02299e-05 7.75066e-05 9.91643e-05 0.000126067 0.000159202 0.00019968 0.000248737 0.000307725 0.000378104 0.000461424 0.000559304 0.000673405 0.000805391 0.000956888 0.00112944 0.00132445 0.00154314 0.00178646 0.00205506 0.00234922 0.0026688 0.00301318 0.00338124 0.00377132 0.0041812 0.00460811 0.00504873 0.00549924 0.00595533 0.00641232 0.00686516 0.00730857 0.00773714 0.0081454 0.00852797 0.00887964 0.0091955 0.00947106 0.00970231 0.00988585 0.010019 0.0100996 0.0101267 0.0100996 0.010019 0.00988585 0.00970231 0.00947106 0.0091955 0.00887964 0.00852797 0.0081454 0.00773714 0.00730857 0.00686516 0.00641232 0.00595533 0.00549924 0.00504873 0.00460811 0.0041812 0.00377132 0.00338124 0.00301318 0.0026688 0.00234922 0.00205506 0.00178646 0.00154314 0.00132445 0.00112944 0.000956888 0.000805391 0.000673405 0.000559304 0.000461424 0.000378104 0.000307725 0.000248737 0.00019968 0.000159202 0.000126067 9.91643e-05 7.75066e-05 6.02299e-05 4.65885e-05 3.59487e-05 2.77819e-05 2.1657e-05 1.72328e-05 1.42516e-05 1.25336e-05 
1.36176e-05 1.42516e-05 1.6193e-05 1.95604e-05 2.45552e-05 3.14652e-05 4.06714e-05 5.26549e-05 6.80048e-05 8.74261e-05 0.000111748 0.000141928 0.000179062 0.000224377 0.000279238 0.000345136 0.000423675 0.000516558 0.000625558 0.000752488 0.00089916 0.00106734 0.0012587 0.00147475 0.00171679 0.00198583 0.00228253 0.00260716 0.00295952 0.00333888 0.00374397 0.00417293 0.00462329 0.00509199 0.00557538 0.00606926 0.00656891 0.00706921 0.00756467 0.00804954 0.00851792 0.00896389 0.00938161 0.00976544 0.0101101 0.0104106 0.0106628 0.0108629 0.011008 0.0110959 0.0111254 0.0110959 0.011008 0.0108629 0.0106628 0.0104106 0.0101101 0.00976544 0.00938161 0.00896389 0.00851792 0.00804954 0.00756467 0.00706921 0.00656891 0.00606926 0.00557538 0.00509199 0.00462329 0.00417293 0.00374397 0.00333888 0.00295952 0.00260716 0.00228253 0.00198583 0.00171679 0.00147475 0.0012587 0.00106734 0.00089916 0.000752488 0.000625558 0.000516558 0.000423675 0.000345136 0.000279238 0.000224377 0.000179062 0.000141928 0.000111748 8.74261e-05 6.80048e-05 5.26549e-05 4.06714e-05 3.14652e-05 2.45552e-05 1.95604e-05 1.6193e-05 1.42516e-05 
1.64724e-05 1.72328e-05 1.95604e-05 2.35958e-05 2.95768e-05 3.78434e-05 4.8845e-05 6.31484e-05 8.14461e-05 0.000104566 0.000133479 0.000169307 0.000213325 0.000266964 0.000331806 0.000409579 0.000502135 0.000611435 0.000739512 0.000888439 0.00106028 0.00125704 0.00148059 0.00173263 0.00201458 0.00232756 0.00267225 0.00304889 0.00345715 0.00389614 0.00436433 0.00485949 0.00537876 0.00591856 0.00647467 0.00704225 0.0076159 0.00818976 0.00875756 0.00931277 0.00984869 0.0103586 0.0108359 0.0112742 0.0116676 0.0120105 0.0122981 0.0125262 0.0126916 0.0127919 0.0128254 0.0127919 0.0126916 0.0125262 0.0122981 0.0120105 0.0116676 0.0112742 0.0108359 0.0103586 0.00984869 0.00931277 0.00875756 0.00818976 0.0076159 0.00704225 0.00647467 0.00591856 0.00537876 0.00485949 0.00436433 0.00389614 0.00345715 0.00304889 0.00267225 0.00232756 0.00201458 0.00173263 0.00148059 0.00125704 0.00106028 0.000888439 0.000739512 0.000611435 0.000502135 0.000409579 0.000331806 0.000266964 0.000213325 0.000169307 0.000133479 0.000104566 8.14461e-05 6.31484e-05 4.8845e-05 3.78434e-05 2.95768e-05 2.35958e-05 1.95604e-05 1.72328e-05 
2.07099e-05 2.1657e-05 2.45552e-05 2.95768e-05 3.70132e-05 4.7281e-05 6.09294e-05 7.86504e-05 0.000101288 0.000129849 0.000165511 0.000209632 0.000263753 0.000329596 0.000409062 0.000504217 0.000617274 0.000750562 0.000906492 0.00108751 0.00129603 0.0015344 0.00180479 0.00210914 0.00244908 0.00282583 0.0032401 0.00369208 0.00418128 0.00470653 0.00526591 0.0058567 0.0064754 0.00711774 0.00777865 0.00845238 0.00913255 0.00981221 0.010484 0.0111403 0.0117732 0.0123749 0.0129377 0.0134542 0.0139174 0.014321 0.0146593 0.0149277 0.0151221 0.01524 0.0152794 0.01524 0.0151221 0.0149277 0.0146593 0.014321 0.0139174 0.0134542 0.0129377 0.0123749 0.0117732 0.0111403 0.010484 0.00981221 0.00913255 0.00845238 0.00777865 0.00711774 0.0064754 0.0058567 0.00526591 0.00470653 0.00418128 0.00369208 0.0032401 0.00282583 0.00244908 0.00210914 0.00180479 0.0015344 0.00129603 0.00108751 0.000906492 0.000750562 0.000617274 0.000504217 0.000409062 0.000329596 0.000263753 0.000209632 0.000165511 0.000129849 0.000101288 7.86504e-05 6.09294e-05 4.7281e-05 3.70132e-05 2.95768e-05 2.45552e-05 2.1657e-05 
2.6578e-05 2.77819e-05 3.14652e-05 3.78434e-05 4.7281e-05 6.02982e-05 7.75805e-05 9.99895e-05 0.000128575 0.000164585 0.000209479 0.000264933 0.000332844 0.000415328 0.000514713 0.00063352 0.000774441 0.000940298 0.001134 0.00135849 0.00161665 0.00191126 0.0022449 0.00261981 0.00303787 0.00350044 0.00400827 0.00456144 0.00515922 0.00580008 0.00648154 0.00720024 0.00795182 0.00873104 0.00953174 0.0103469 0.0111689 0.0119894 0.0127994 0.0135899 0.0143516 0.0150751 0.0157513 0.0163713 0.0169271 0.0174111 0.0178167 0.0181382 0.0183711 0.0185122 0.0185595 0.0185122 0.0183711 0.0181382 0.0178167 0.0174111 0.0169271 0.0163713 0.0157513 0.0150751 0.0143516 0.0135899 0.0127994 0.0119894 0.0111689 0.0103469 0.00953174 0.00873104 0.00795182 0.00720024 0.00648154 0.00580008 0.00515922 0.00456144 0.00400827 0.00350044 0.00303787 0.00261981 0.0022449 0.00191126 0.00161665 0.00135849 0.001134 0.000940298 0.000774441 0.00063352 0.000514713 0.000415328 0.000332844 0.000264933 0.000209479 0.000164585 0.000128575 9.99895e-05 7.75805e-05 6.02982e-05 4.7281e-05 3.78434e-05 3.14652e-05 2.77819e-05 
3.44045e-05 3.59487e-05 4.06714e-05 4.8845e-05 6.09294e-05 7.75805e-05 9.96612e-05 0.000128255 0.000164677 0.000210494 0.000267526 0.000337862 0.00042386 0.000528143 0.000653588 0.0008033 0.000980583 0.00118889 0.00143176 0.00171275 0.00203536 0.0024029 0.00281843 0.00328459 0.00380355 0.00437682 0.00500516 0.00568851 0.00642583 0.00721505 0.00805303 0.00893548 0.009857 0.0108111 0.0117902 0.0127857 0.0137883 0.0147878 0.0157736 0.0167346 0.0176597 0.0185376 0.0193574 0.0201087 0.0207816 0.0213673 0.0218579 0.0222466 0.0225282 0.0226987 0.0227558 0.0226987 0.0225282 0.0222466 0.0218579 0.0213673 0.0207816 0.0201087 0.0193574 0.0185376 0.0176597 0.0167346 0.0157736 0.0147878 0.0137883 0.0127857 0.0117902 0.0108111 0.009857 0.00893548 0.00805303 0.00721505 0.00642583 0.00568851 0.00500516 0.00437682 0.00380355 0.00328459 0.00281843 0.0024029 0.00203536 0.00171275 0.00143176 0.00118889 0.000980583 0.0008033 0.000653588 0.000528143 0.00042386 0.000337862 0.000267526 0.000210494 0.000164677 0.000128255 9.96612e-05 7.75805e-05 6.09294e-05 4.8845e-05 4.06714e-05 3.59487e-05 
4.46044e-05 4.65885e-05 5.26549e-05 6.31484e-05 7.86504e-05 9.99895e-05 0.000128255 0.00016481 0.000211311 0.000269721 0.000342321 0.00043172 0.000540855 0.000672985 0.000831671 0.00102075 0.00124428 0.0015065 0.00181173 0.00216429 0.00256838 0.00302801 0.00354679 0.00412783 0.00477363 0.00548585 0.00626526 0.00711155 0.00802326 0.00899766 0.0100307 0.011117 0.0122497 0.0134209 0.0146211 0.01584 0.017066 0.0182868 0.0194895 0.0206608 0.0217871 0.0228551 0.0238516 0.0247641 0.025581 0.0262915 0.0268864 0.0273576 0.0276988 0.0279054 0.0279746 0.0279054 0.0276988 0.0273576 0.0268864 0.0262915 0.025581 0.0247641 0.0238516 0.0228551 0.0217871 0.0206608 0.0194895 0.0182868 0.017066 0.01584 0.0146211 0.0134209 0.0122497 0.011117 0.0100307 0.00899766 0.00802326 0.00711155 0.00626526 0.00548585 0.00477363 0.00412783 0.00354679 0.00302801 0.00256838 0.00216429 0.00181173 0.0015065 0.00124428 0.00102075 0.000831671 0.000672985 0.000540855 0.00043172 0.000342321 0.000269721 0.000211311 0.00016481 0.000128255 9.99895e-05 7.86504e-05 6.31484e-05 5.26549e-05 4.65885e-05 
5.76864e-05 6.02299e-05 6.80048e-05 8.14461e-05 0.000101288 0.000128575 0.000164677 0.000211311 0.000270554 0.000344864 0.000437091 0.000550488 0.000688707 0.000855788 0.00105613 0.00129447 0.00157579 0.00190526 0.00228814 0.00272967 0.00323493 0.00380868 0.00445522 0.00517818 0.0059804 0.00686373 0.00782885 0.00887515 0.0100006 0.0112016 0.0124729 0.0138078 0.0151979 0.0166331 0.018102 0.0195917 0.0210883 0.0225768 0.0240416 0.0254667 0.0268358 0.0281327 0.0293419 0.0304484 0.0314382 0.0322987 0.0330187 0.0335888 0.0340016 0.0342515 0.0343351 0.0342515 0.0340016 0.0335888 0.0330187 0.0322987 0.0314382 0.0304484 0.0293419 0.0281327 0.0268358 0.0254667 0.0240416 0.0225768 0.0210883 0.0195917 0.018102 0.0166331 0.0151979 0.0138078 0.0124729 0.0112016 0.0100006 0.00887515 0.00782885 0.00686373 0.0059804 0.00517818 0.00445522 0.00380868 0.00323493 0.00272967 0.00228814 0.00190526 0.00157579 0.00129447 0.00105613 0.000855788 0.000688707 0.000550488 0.000437091 0.000344864 0.000270554 0.000211311 0.000164677 0.000128575 0.000101288 8.14461e-05 6.80048e-05 6.02299e-05 
7.42606e-05 7.75066e-05 8.74261e-05 0.000104566 0.000129849 0.000164585 0.000210494 0.000269721 0.000344864 0.000438986 0.000555634 0.000698845 0.000873139 0.0010835 0.00133536 0.00163449 0.00198701 0.00239921 0.00287746 0.00342808 0.00405715 0.00477032 0.00557267 0.00646841 0.00746075 0.00855167 0.0097417 0.0110298 0.0124132 0.0138872 0.0154452 0.0170787 0.0187772 0.0205285 0.0223185 0.0241315 0.0259506 0.0277577 0.0295341 0.0312605 0.0329174 0.0344855 0.0359464 0.0372821 0.0384762 0.0395137 0.0403815 0.0410683 0.0415654 0.0418663 0.041967 0.0418663 0.0415654 0.0410683 0.0403815 0.0395137 0.0384762 0.0372821 0.0359464 0.0344855 0.0329174 0.0312605 0.0295341 0.0277577 0.0259506 0.0241315 0.0223185 0.0205285 0.0187772 0.0170787 0.0154452 0.0138872 0.0124132 0.0110298 0.0097417 0.00855167 0.00746075 0.00646841 0.00557267 0.00477032 0.00405715 0.00342808 0.00287746 0.00239921 0.00198701 0.00163449 0.00133536 0.0010835 0.000873139 0.000698845 0.000555634 0.000438986 0.000344864 0.000269721 0.000210494 0.000164585 0.000129849 0.000104566 8.74261e-05 7.75066e-05 
9.50455e-05 9.91643e-05 0.000111748 0.000133479 0.000165511 0.000209479 0.000267526 0.000342321 0.000437091 0.000555634 0.000702338 0.000882181 0.00110073 0.0013641 0.00167892 0.00205226 0.00249153 0.00300433 0.00359835 0.00428115 0.00505996 0.00594147 0.00693158 0.00803514 0.00925573 0.0105954 0.0120545 0.0136313 0.015322 0.0171208 0.0190192 0.0210066 0.0230702 0.0251949 0.0273634 0.0295571 0.0317553 0.0339365 0.0360781 0.0381571 0.0401505 0.0420354 0.0437898 0.0453927 0.0468247 0.0480682 0.0491077 0.0499302 0.0505252 0.0508853 0.0510058 0.0508853 0.0505252 0.0499302 0.0491077 0.0480682 0.0468247 0.0453927 0.0437898 0.0420354 0.0401505 0.0381571 0.0360781 0.0339365 0.0317553 0.0295571 0.0273634 0.0251949 0.0230702 0.0210066 0.0190192 0.0171208 0.015322 0.0136313 0.0120545 0.0105954 0.00925573 0.00803514 0.00693158 0.00594147 0.00505996 0.00428115 0.00359835 0.00300433 0.00249153 0.00205226 0.00167892 0.0013641 0.00110073 0.000882181 0.000702338 0.000555634 0.000437091 0.000342321 0.000267526 0.000209479 0.000165511 0.000133479 0.000111748 9.91643e-05 
0.000120874 0.000126067 0.000141928 0.000169307 0.000209632 0.000264933 0.000337862 0.00043172 0.000550488 0.000698845 0.000882181 0.0011066 0.00137891 0.00170656 0.0020976 0.00256061 0.00310449 0.00373842 0.00447155 0.00531288 0.00627094 0.00735355 0.00856755 0.00991843 0.0114101 0.0130447 0.0148221 0.0167397 0.0187928 0.0209735 0.0232715 0.0256736 0.0281642 0.0307247 0.0333345 0.0359709 0.0386095 0.0412244 0.0437888 0.0462756 0.0486575 0.0509076 0.053 0.0549104 0.0566158 0.0580959 0.0593325 0.0603105 0.0610179 0.0614459 0.0615891 0.0614459 0.0610179 0.0603105 0.0593325 0.0580959 0.0566158 0.0549104 0.053 0.0509076 0.0486575 0.0462756 0.0437888 0.0412244 0.0386095 0.0359709 0.0333345 0.0307247 0.0281642 0.0256736 0.0232715 0.0209735 0.0187928 0.0167397 0.0148221 0.0130447 0.0114101 0.00991843 0.00856755 0.00735355 0.00627094 0.00531288 0.00447155 0.00373842 0.00310449 0.00256061 0.0020976 0.00170656 0.00137891 0.0011066 0.000882181 0.000698845 0.000550488 0.00043172 0.000337862 0.000264933 0.000209632 0.000169307 0.000141928 0.000126067 
0.000152698 0.000159202 0.000179062 0.000213325 0.000263753 0.000332844 0.00042386 0.000540855 0.000688707 0.000873139 0.00110073 0.00137891 0.00171593 0.00212082 0.0026033 0.00317365 0.00384256 0.00462094 0.00551967 0.00654933 0.00771993 0.00904051 0.0105189 0.0121612 0.0139718 0.0159524 0.0181026 0.0204187 0.0228943 0.0255196 0.0282818 0.0311648 0.0341493 0.0372131 0.0403316 0.0434775 0.0466218 0.0497339 0.0527823 0.0557351 0.0585602 0.0612265 0.0637038 0.0659636 0.0679797 0.0697281 0.0711882 0.0723426 0.0731772 0.073682 0.073851 0.073682 0.0731772 0.0723426 0.0711882 0.0697281 0.0679797 0.0659636 0.0637038 0.0612265 0.0585602 0.0557351 0.0527823 0.0497339 0.0466218 0.0434775 0.0403316 0.0372131 0.0341493 0.0311648 0.0282818 0.0255196 0.0228943 0.0204187 0.0181026 0.0159524 0.0139718 0.0121612 0.0105189 0.00904051 0.00771993 0.00654933 0.00551967 0.00462094 0.00384256 0.00317365 0.0026033 0.00212082 0.00171593 0.00137891 0.00110073 0.000873139 0.000688707 0.000540855 0.00042386 0.000332844 0.000263753 0.000213325 0.000179062 0.000159202 
0.00019159 0.00019968 0.000224377 0.000266964 0.000329596 0.000415328 0.000528143 0.000672985 0.000855788 0.0010835 0.0013641 0.00170656 0.00212082 0.00261774 0.00320894 0.0039067 0.00472371 0.00567287 0.00676697 0.00801838 0.0094387 0.0110383 0.012826 0.0148087 0.0169907 0.0193737 0.0219563 0.0247337 0.0276973 0.0308352 0.0341313 0.0375661 0.0411163 0.0447555 0.0484542 0.05218 0.0558989 0.059575 0.0631714 0.0666509 0.0699763 0.0731116 0.076022 0.0786746 0.0810393 0.0830889 0.0847995 0.0861513 0.0871283 0.0877192 0.0879169 0.0877192 0.0871283 0.0861513 0.0847995 0.0830889 0.0810393 0.0786746 0.076022 0.0731116 0.0699763 0.0666509 0.0631714 0.059575 0.0558989 0.05218 0.0484542 0.0447555 0.0411163 0.0375661 0.0341313 0.0308352 0.0276973 0.0247337 0.0219563 0.0193737 0.0169907 0.0148087 0.012826 0.0110383 0.0094387 0.00801838 0.00676697 0.00567287 0.00472371 0.0039067 0.00320894 0.00261774 0.00212082 0.00170656 0.0013641 0.0010835 0.000855788 0.000672985 0.000528143 0.000415328 0.000329596 0.000266964 0.000224377 0.00019968 
0.000238743 0.000248737 0.000279238 0.000331806 0.000409062 0.000514713 0.000653588 0.000831671 0.00105613 0.00133536 0.00167892 0.0020976 0.0026033 0.00320894 0.00392836 0.00477605 0.00576701 0.00691634 0.00823897 0.00974922 0.0114604 0.0133843 0.0155308 0.0179073 0.0205182 0.0233648 0.0264444 0.0297507 0.0332729 0.0369958 0.0409001 0.0449621 0.049154 0.0534442 0.0577979 0.0621774 0.0665425 0.0708515 0.0750618 0.0791302 0.0830142 0.0866723 0.0900646 0.0931539 0.0959057 0.0982892 0.100277 0.101848 0.102982 0.103669 0.103898 0.103669 0.102982 0.101848 0.100277 0.0982892 0.0959057 0.0931539 0.0900646 0.0866723 0.0830142 0.0791302 0.0750618 0.0708515 0.0665425 0.0621774 0.0577979 0.0534442 0.049154 0.0449621 0.0409001 0.0369958 0.0332729 0.0297507 0.0264444 0.0233648 0.0205182 0.0179073 0.0155308 0.0133843 0.0114604 0.00974922 0.00823897 0.00691634 0.00576701 0.00477605 0.00392836 0.00320894 0.0026033 0.0020976 0.00167892 0.00133536 0.00105613 0.000831671 0.000653588 0.000514713 0.000409062 0.000331806 0.000279238 0.000248737 
0.000295464 0.000307725 0.000345136 0.000409579 0.000504217 0.00063352 0.0008033 0.00102075 0.00129447 0.00163449 0.00205226 0.00256061 0.00317365 0.0039067 0.00477605 0.00579876 0.00699232 0.00837433 0.00996202 0.0117719 0.013819 0.0161166 0.0186755 0.0215037 0.0246055 0.0279813 0.0316272 0.0355346 0.0396899 0.0440746 0.0486652 0.0534332 0.0583457 0.0633655 0.0684516 0.0735602 0.0786446 0.0836567 0.0885475 0.0932676 0.0977685 0.102003 0.105926 0.109495 0.112672 0.115422 0.117714 0.119524 0.120831 0.121621 0.121885 0.121621 0.120831 0.119524 0.117714 0.115422 0.112672 0.109495 0.105926 0.102003 0.0977685 0.0932676 0.0885475 0.0836567 0.0786446 0.0735602 0.0684516 0.0633655 0.0583457 0.0534332 0.0486652 0.0440746 0.0396899 0.0355346 0.0316272 0.0279813 0.0246055 0.0215037 0.0186755 0.0161166 0.013819 0.0117719 0.00996202 0.00837433 0.00699232 0.00579876 0.00477605 0.0039067 0.00317365 0.00256061 0.00205226 0.00163449 0.00129447 0.00102075 0.0008033 0.00063352 0.000504217 0.000409579 0.000345136 0.000307725 
0.000363164 0.000378104 0.000423675 0.000502135 0.000617274 0.000774441 0.000980583 0.00124428 0.00157579 0.00198701 0.00249153 0.00310449 0.00384256 0.00472371 0.00576701 0.00699232 0.00841995 0.0100702 0.0119628 0.0141165 0.0165483 0.0192728 0.0223019 0.0256438 0.0293025 0.0332772 0.0375624 0.0421468 0.0470134 0.0521398 0.0574975 0.0630529 0.068767 0.0745963 0.0804933 0.086407 0.0922841 0.0980692 0.103707 0.10914 0.114315 0.119178 0.123679 0.12777 0.131408 0.134555 0.137177 0.139245 0.140739 0.141642 0.141944 0.141642 0.140739 0.139245 0.137177 0.134555 0.131408 0.12777 0.123679 0.119178 0.114315 0.10914 0.103707 0.0980692 0.0922841 0.086407 0.0804933 0.0745963 0.068767 0.0630529 0.0574975 0.0521398 0.0470134 0.0421468 0.0375624 0.0332772 0.0293025 0.0256438 0.0223019 0.0192728 0.0165483 0.0141165 0.0119628 0.0100702 0.00841995 0.00699232 0.00576701 0.00472371 0.00384256 0.00310449 0.00249153 0.00198701 0.00157579 0.00124428 0.000980583 0.000774441 0.000617274 0.000502135 0.000423675 0.000378104 
0.000443344 0.000461424 0.000516558 0.000611435 0.000750562 0.000940298 0.00118889 0.0015065 0.00190526 0.00239921 0.00300433 0.00373842 0.00462094 0.00567287 0.00691634 0.00837433 0.0100702 0.0120271 0.0142676 0.0168127 0.0196813 0.0228896 0.0264502 0.0303712 0.0346562 0.039303 0.0443036 0.0496435 0.0553021 0.061252 0.0674595 0.0738846 0.0804819 0.087201 0.0939867 0.100781 0.107523 0.114149 0.120597 0.126803 0.132707 0.138248 0.143371 0.148023 0.152156 0.155729 0.158703 0.161049 0.162743 0.163765 0.164108 0.163765 0.162743 0.161049 0.158703 0.155729 0.152156 0.148023 0.143371 0.138248 0.132707 0.126803 0.120597 0.114149 0.107523 0.100781 0.0939867 0.087201 0.0804819 0.0738846 0.0674595 0.061252 0.0553021 0.0496435 0.0443036 0.039303 0.0346562 0.0303712 0.0264502 0.0228896 0.0196813 0.0168127 0.0142676 0.0120271 0.0100702 0.00837433 0.00691634 0.00567287 0.00462094 0.00373842 0.00300433 0.00239921 0.00190526 0.0015065 0.00118889 0.000940298 0.000750562 0.000611435 0.000516558 0.000461424 
0.000537572 0.000559304 0.000625558 0.000739512 0.000906492 0.001134 0.00143176 0.00181173 0.00228814 0.00287746 0.00359835 0.00447155 0.00551967 0.00676697 0.00823897 0.00996202 0.0119628 0.0142676 0.0169018 0.0198887 0.0232494 0.0270012 0.0311574 0.035726 0.0407094 0.0461036 0.0518977 0.0580737 0.0646061 0.0714622 0.078602 0.0859789 0.0935402 0.101228 0.108978 0.116725 0.1244 0.131933 0.139251 0.146286 0.152969 0.159234 0.165019 0.170267 0.174927 0.17895 0.182298 0.184937 0.186841 0.187991 0.188375 0.187991 0.186841 0.184937 0.182298 0.17895 0.174927 0.170267 0.165019 0.159234 0.152969 0.146286 0.139251 0.131933 0.1244 0.116725 0.108978 0.101228 0.0935402 0.0859789 0.078602 0.0714622 0.0646061 0.0580737 0.0518977 0.0461036 0.0407094 0.035726 0.0311574 0.0270012 0.0232494 0.0198887 0.0169018 0.0142676 0.0119628 0.00996202 0.00823897 0.00676697 0.00551967 0.00447155 0.00359835 0.00287746 0.00228814 0.00181173 0.00143176 0.001134 0.000906492 0.000739512 0.000625558 0.000559304 
0.000647458 0.000673405 0.000752488 0.000888439 0.00108751 0.00135849 0.00171275 0.00216429 0.00272967 0.00342808 0.00428115 0.00531288 0.00654933 0.00801838 0.00974922 0.0117719 0.0141165 0.0168127 0.0198887 0.0233706 0.0272809 0.0316384 0.0364565 0.041743 0.0474986 0.053717 0.0603837 0.0674764 0.0749643 0.0828085 0.0909621 0.0993709 0.107974 0.116705 0.125493 0.134261 0.142934 0.151432 0.159676 0.167589 0.175096 0.182124 0.188607 0.194482 0.199692 0.204188 0.207926 0.210871 0.212995 0.214277 0.214706 0.214277 0.212995 0.210871 0.207926 0.204188 0.199692 0.194482 0.188607 0.182124 0.175096 0.167589 0.159676 0.151432 0.142934 0.134261 0.125493 0.116705 0.107974 0.0993709 0.0909621 0.0828085 0.0749643 0.0674764 0.0603837 0.053717 0.0474986 0.041743 0.0364565 0.0316384 0.0272809 0.0233706 0.0198887 0.0168127 0.0141165 0.0117719 0.00974922 0.00801838 0.00654933 0.00531288 0.00428115 0.00342808 0.00272967 0.00216429 0.00171275 0.00135849 0.00108751 0.000888439 0.000752488 0.000673405 
0.000774617 0.000805391 0.00089916 0.00106028 0.00129603 0.00161665 0.00203536 0.00256838 0.00323493 0.00405715 0.00505996 0.00627094 0.00771993 0.0094387 0.0114604 0.013819 0.0165483 0.0196813 0.0232494 0.0272809 0.0318003 0.0368271 0.042375 0.0484506 0.0550528 0.0621721 0.0697902 0.0778793 0.0864028 0.0953146 0.10456 0.114077 0.123796 0.133641 0.143532 0.153384 0.163112 0.172628 0.181845 0.190679 0.199047 0.206872 0.214081 0.220606 0.226387 0.231372 0.235513 0.238774 0.241125 0.242543 0.243018 0.242543 0.241125 0.238774 0.235513 0.231372 0.226387 0.220606 0.214081 0.206872 0.199047 0.190679 0.181845 0.172628 0.163112 0.153384 0.143532 0.133641 0.123796 0.114077 0.10456 0.0953146 0.0864028 0.0778793 0.0697902 0.0621721 0.0550528 0.0484506 0.042375 0.0368271 0.0318003 0.0272809 0.0232494 0.0196813 0.0165483 0.013819 0.0114604 0.0094387 0.00771993 0.00627094 0.00505996 0.00405715 0.00323493 0.00256838 0.00203536 0.00161665 0.00129603 0.00106028 0.00089916 0.000805391 
0.000920629 0.000956888 0.00106734 0.00125704 0.0015344 0.00191126 0.0024029 0.00302801 0.00380868 0.00477032 0.00594147 0.00735355 0.00904051 0.0110383 0.0133843 0.0161166 0.0192728 0.0228896 0.0270012 0.0316384 0.0368271 0.0425877 0.0489333 0.0558691 0.0633916 0.0714876 0.0801337 0.0892965 0.0989322 0.108987 0.119398 0.130094 0.140996 0.152019 0.163072 0.174062 0.184894 0.195472 0.205702 0.21549 0.224749 0.233395 0.24135 0.248542 0.254908 0.260391 0.264944 0.268526 0.271107 0.272665 0.273185 0.272665 0.271107 0.268526 0.264944 0.260391 0.254908 0.248542 0.24135 0.233395 0.224749 0.21549 0.205702 0.195472 0.184894 0.174062 0.163072 0.152019 0.140996 0.130094 0.119398 0.108987 0.0989322 0.0892965 0.0801337 0.0714876 0.0633916 0.0558691 0.0489333 0.0425877 0.0368271 0.0316384 0.0270012 0.0228896 0.0192728 0.0161166 0.0133843 0.0110383 0.00904051 0.00735355 0.00594147 0.00477032 0.00380868 0.00302801 0.0024029 0.00191126 0.0015344 0.00125704 0.00106734 0.000956888 
0.001087 0.00112944 0.0012587 0.00148059 0.00180479 0.0022449 0.00281843 0.00354679 0.00445522 0.00557267 0.00693158 0.00856755 0.0105189 0.012826 0.0155308 0.0186755 0.0223019 0.0264502 0.0311574 0.0364565 0.042375 0.0489333 0.0561437 0.0640097 0.0725243 0.0816698 0.0914173 0.101727 0.112547 0.123814 0.135458 0.147397 0.159541 0.171796 0.184061 0.196234 0.20821 0.219884 0.231154 0.241921 0.25209 0.261572 0.270284 0.278152 0.285109 0.291095 0.296061 0.299967 0.302779 0.304475 0.305042 0.304475 0.302779 0.299967 0.296061 0.291095 0.285109 0.278152 0.270284 0.261572 0.25209 0.241921 0.231154 0.219884 0.20821 0.196234 0.184061 0.171796 0.159541 0.147397 0.135458 0.123814 0.112547 0.101727 0.0914173 0.0816698 0.0725243 0.0640097 0.0561437 0.0489333 0.042375 0.0364565 0.0311574 0.0264502 0.0223019 0.0186755 0.0155308 0.012826 0.0105189 0.00856755 0.00693158 0.00557267 0.00445522 0.00354679 0.00281843 0.0022449 0.00180479 0.00148059 0.0012587 0.00112944 
0.00127509 0.00132445 0.00147475 0.00173263 0.00210914 0.00261981 0.00328459 0.00412783 0.00517818 0.00646841 0.00803514 0.00991843 0.0121612 0.0148087 0.0179073 0.0215037 0.0256438 0.0303712 0.035726 0.041743 0.0484506 0.0558691 0.0640097 0.0728729 0.0824479 0.0927118 0.103629 0.115153 0.127222 0.139765 0.1527 0.165936 0.179373 0.192904 0.206421 0.21981 0.232957 0.245749 0.258077 0.269835 0.280923 0.291246 0.300718 0.309261 0.316806 0.323292 0.328669 0.332894 0.335935 0.337769 0.338382 0.337769 0.335935 0.332894 0.328669 0.323292 0.316806 0.309261 0.300718 0.291246 0.280923 0.269835 0.258077 0.245749 0.232957 0.21981 0.206421 0.192904 0.179373 0.165936 0.1527 0.139765 0.127222 0.115153 0.103629 0.0927118 0.0824479 0.0728729 0.0640097 0.0558691 0.0484506 0.041743 0.035726 0.0303712 0.0256438 0.0215037 0.0179073 0.0148087 0.0121612 0.00991843 0.00803514 0.00646841 0.00517818 0.00412783 0.00328459 0.00261981 0.00210914 0.00173263 0.00147475 0.00132445 
0.00148609 0.00154314 0.00171679 0.00201458 0.00244908 0.00303787 0.00380355 0.00477363 0.0059804 0.00746075 0.00925573 0.0114101 0.0139718 0.0169907 0.0205182 0.0246055 0.0293025 0.0346562 0.0407094 0.0474986 0.0550528 0.0633916 0.0725243 0.0824479 0.093147 0.104593 0.116742 0.12954 0.142915 0.156787 0.171063 0.18564 0.200408 0.215249 0.230044 0.24467 0.259004 0.272925 0.286316 0.299066 0.311068 0.322226 0.33245 0.341658 0.349782 0.356758 0.362535 0.367072 0.370336 0.372304 0.372961 0.372304 0.370336 0.367072 0.362535 0.356758 0.349782 0.341658 0.33245 0.322226 0.311068 0.299066 0.286316 0.272925 0.259004 0.24467 0.230044 0.215249 0.200408 0.18564 0.171063 0.156787 0.142915 0.12954 0.116742 0.104593 0.093147 0.0824479 0.0725243 0.0633916 0.0550528 0.0474986 0.0407094 0.0346562 0.0293025 0.0246055 0.0205182 0.0169907 0.0139718 0.0114101 0.00925573 0.00746075 0.0059804 0.00477363 0.00380355 0.00303787 0.00244908 0.00201458 0.00171679 0.00154314 
0.00172095 0.00178646 0.00198583 0.00232756 0.00282583 0.00350044 0.00437682 0.00548585 0.00686373 0.00855167 0.0105954 0.0130447 0.0159524 0.0193737 0.0233648 0.0279813 0.0332772 0.039303 0.0461036 0.053717 0.0621721 0.0714876 0.0816698 0.0927118 0.104593 0.117277 0.130713 0.144835 0.159565 0.174809 0.190464 0.206414 0.222539 0.238711 0.254798 0.270669 0.286191 0.301238 0.315684 0.329414 0.342317 0.354292 0.365248 0.375103 0.383786 0.391235 0.397398 0.402234 0.405711 0.407806 0.408506 0.407806 0.405711 0.402234 0.397398 0.391235 0.383786 0.375103 0.365248 0.354292 0.342317 0.329414 0.315684 0.301238 0.286191 0.270669 0.254798 0.238711 0.222539 0.206414 0.190464 0.174809 0.159565 0.144835 0.130713 0.117277 0.104593 0.0927118 0.0816698 0.0714876 0.0621721 0.053717 0.0461036 0.039303 0.0332772 0.0279813 0.0233648 0.0193737 0.0159524 0.0130447 0.0105954 0.00855167 0.00686373 0.00548585 0.00437682 0.00350044 0.00282583 0.00232756 0.00198583 0.00178646 
0.00198029 0.00205506 0.00228253 0.00267225 0.0032401 0.00400827 0.00500516 0.00626526 0.00782885 0.0097417 0.0120545 0.0148221 0.0181026 0.0219563 0.0264444 0.0316272 0.0375624 0.0443036 0.0518977 0.0603837 0.0697902 0.0801337 0.0914173 0.103629 0.116742 0.130713 0.145481 0.16097 0.177091 0.193739 0.210798 0.228141 0.245637 0.263145 0.280525 0.297635 0.314335 0.33049 0.345971 0.360656 0.374432 0.387196 0.398856 0.409329 0.418544 0.426441 0.432969 0.438087 0.441764 0.443979 0.444719 0.443979 0.441764 0.438087 0.432969 0.426441 0.418544 0.409329 0.398856 0.387196 0.374432 0.360656 0.345971 0.33049 0.314335 0.297635 0.280525 0.263145 0.245637 0.228141 0.210798 0.193739 0.177091 0.16097 0.145481 0.130713 0.116742 0.103629 0.0914173 0.0801337 0.0697902 0.0603837 0.0518977 0.0443036 0.0375624 0.0316272 0.0264444 0.0219563 0.0181026 0.0148221 0.0120545 0.0097417 0.00782885 0.00626526 0.00500516 0.00400827 0.0032401 0.00267225 0.00228253 0.00205506 
0.00226442 0.00234922 0.00260716 0.00304889 0.00369208 0.00456144 0.00568851 0.00711155 0.00887515 0.0110298 0.0136313 0.0167397 0.0204187 0.0247337 0.0297507 0.0355346 0.0421468 0.0496435 0.0580737 0.0674764 0.0778793 0.0892965 0.101727 0.115153 0.12954 0.144835 0.16097 0.177857 0.195394 0.213465 0.231941 0.250685 0.269551 0.288388 0.307047 0.325376 0.343229 0.360463 0.376944 0.392548 0.407159 0.420673 0.432997 0.444051 0.453764 0.462078 0.468943 0.474322 0.478184 0.480509 0.481286 0.480509 0.478184 0.474322 0.468943 0.462078 0.453764 0.444051 0.432997 0.420673 0.407159 0.392548 0.376944 0.360463 0.343229 0.325376 0.307047 0.288388 0.269551 0.250685 0.231941 0.213465 0.195394 0.177857 0.16097 0.144835 0.12954 0.115153 0.101727 0.0892965 0.0778793 0.0674764 0.0580737 0.0496435 0.0421468 0.0355346 0.0297507 0.0247337 0.0204187 0.0167397 0.0136313 0.0110298 0.00887515 0.00711155 0.00568851 0.00456144 0.00369208 0.00304889 0.00260716 0.00234922 
0.0025732 0.0026688 0.00295952 0.00345715 0.00418128 0.00515922 0.00642583 0.00802326 0.0100006 0.0124132 0.015322 0.0187928 0.0228943 0.0276973 0.0332729 0.0396899 0.0470134 0.0553021 0.0646061 0.0749643 0.0864028 0.0989322 0.112547 0.127222 0.142915 0.159565 0.177091 0.195394 0.214361 0.233861 0.253755 0.27389 0.294112 0.314258 0.334168 0.353684 0.37265 0.39092 0.408355 0.42483 0.440226 0.454441 0.467383 0.478972 0.489142 0.497835 0.505006 0.51062 0.514648 0.517072 0.517882 0.517072 0.514648 0.51062 0.505006 0.497835 0.489142 0.478972 0.467383 0.454441 0.440226 0.42483 0.408355 0.39092 0.37265 0.353684 0.334168 0.314258 0.294112 0.27389 0.253755 0.233861 0.214361 0.195394 0.177091 0.159565 0.142915 0.127222 0.112547 0.0989322 0.0864028 0.0749643 0.0646061 0.0553021 0.0470134 0.0396899 0.0332729 0.0276973 0.0228943 0.0187928 0.015322 0.0124132 0.0100006 0.00802326 0.00642583 0.00515922 0.00418128 0.00345715 0.00295952 0.0026688 
0.00290606 0.00301318 0.00333888 0.00389614 0.00470653 0.00580008 0.00721505 0.00899766 0.0112016 0.0138872 0.0171208 0.0209735 0.0255196 0.0308352 0.0369958 0.0440746 0.0521398 0.061252 0.0714622 0.0828085 0.0953146 0.108987 0.123814 0.139765 0.156787 0.174809 0.193739 0.213465 0.233861 0.254785 0.276082 0.297589 0.319138 0.340559 0.36168 0.382335 0.402364 0.421615 0.439948 0.457234 0.473357 0.488215 0.501719 0.513792 0.52437 0.533401 0.540843 0.546662 0.550836 0.553347 0.554184 0.553347 0.550836 0.546662 0.540843 0.533401 0.52437 0.513792 0.501719 0.488215 0.473357 0.457234 0.439948 0.421615 0.402364 0.382335 0.36168 0.340559 0.319138 0.297589 0.276082 0.254785 0.233861 0.213465 0.193739 0.174809 0.156787 0.139765 0.123814 0.108987 0.0953146 0.0828085 0.0714622 0.061252 0.0521398 0.0440746 0.0369958 0.0308352 0.0255196 0.0209735 0.0171208 0.0138872 0.0112016 0.00899766 0.00721505 0.00580008 0.00470653 0.00389614 0.00333888 0.00301318 
0.00326192 0.00338124 0.00374397 0.00436433 0.00526591 0.00648154 0.00805303 0.0100307 0.0124729 0.0154452 0.0190192 0.0232715 0.0282818 0.0341313 0.0409001 0.0486652 0.0574975 0.0674595 0.078602 0.0909621 0.10456 0.119398 0.135458 0.1527 0.171063 0.190464 0.210798 0.231941 0.253755 0.276082 0.298755 0.321601 0.344437 0.367085 0.389363 0.4111 0.43213 0.452297 0.471461 0.489491 0.506275 0.521711 0.535714 0.548212 0.559147 0.568469 0.576142 0.582137 0.586434 0.589017 0.589879 0.589017 0.586434 0.582137 0.576142 0.568469 0.559147 0.548212 0.535714 0.521711 0.506275 0.489491 0.471461 0.452297 0.43213 0.4111 0.389363 0.367085 0.344437 0.321601 0.298755 0.276082 0.253755 0.231941 0.210798 0.190464 0.171063 0.1527 0.135458 0.119398 0.10456 0.0909621 0.078602 0.0674595 0.0574975 0.0486652 0.0409001 0.0341313 0.0282818 0.0232715 0.0190192 0.0154452 0.0124729 0.0100307 0.00805303 0.00648154 0.00526591 0.00436433 0.00374397 0.00338124 
0.00363918 0.00377132 0.00417293 0.00485949 0.0058567 0.00720024 0.00893548 0.011117 0.0138078 0.0170787 0.0210066 0.0256736 0.0311648 0.0375661 0.0449621 0.0534332 0.0630529 0.0738846 0.0859789 0.0993709 0.114077 0.130094 0.147397 0.165936 0.18564 0.206414 0.228141 0.250685 0.27389 0.297589 0.321601 0.345738 0.369809 0.393625 0.416997 0.439748 0.461707 0.482717 0.502636 0.521336 0.538706 0.554649 0.569085 0.581948 0.593182 0.602748 0.610611 0.616749 0.621144 0.623785 0.624666 0.623785 0.621144 0.616749 0.610611 0.602748 0.593182 0.581948 0.569085 0.554649 0.538706 0.521336 0.502636 0.482717 0.461707 0.439748 0.416997 0.393625 0.369809 0.345738 0.321601 0.297589 0.27389 0.250685 0.228141 0.206414 0.18564 0.165936 0.147397 0.130094 0.114077 0.0993709 0.0859789 0.0738846 0.0630529 0.0534332 0.0449621 0.0375661 0.0311648 0.0256736 0.0210066 0.0170787 0.0138078 0.011117 0.00893548 0.00720024 0.0058567 0.00485949 0.00417293 0.00377132 
0.00403571 0.0041812 0.00462329 0.00537876 0.0064754 0.00795182 0.009857 0.0122497 0.0151979 0.0187772 0.0230702 0.0281642 0.0341493 0.0411163 0.049154 0.0583457 0.068767 0.0804819 0.0935402 0.107974 0.123796 0.140996 0.159541 0.179373 0.200408 0.222539 0.245637 0.269551 0.294112 0.319138 0.344437 0.369809 0.395052 0.419968 0.444361 0.468049 0.490858 0.51263 0.533224 0.552514 0.570392 0.586768 0.601568 0.614729 0.626207 0.635964 0.643976 0.650223 0.654692 0.657377 0.658272 0.657377 0.654692 0.650223 0.643976 0.635964 0.626207 0.614729 0.601568 0.586768 0.570392 0.552514 0.533224 0.51263 0.490858 0.468049 0.444361 0.419968 0.395052 0.369809 0.344437 0.319138 0.294112 0.269551 0.245637 0.222539 0.200408 0.179373 0.159541 0.140996 0.123796 0.107974 0.0935402 0.0804819 0.068767 0.0583457 0.049154 0.0411163 0.0341493 0.0281642 0.0230702 0.0187772 0.0151979 0.0122497 0.009857 0.00795182 0.0064754 0.00537876 0.00462329 0.0041812 
0.00444883 0.00460811 0.00509199 0.00591856 0.00711774 0.00873104 0.0108111 0.0134209 0.0166331 0.0205285 0.0251949 0.0307247 0.0372131 0.0447555 0.0534442 0.0633655 0.0745963 0.087201 0.101228 0.116705 0.133641 0.152019 0.171796 0.192904 0.215249 0.238711 0.263145 0.288388 0.314258 0.340559 0.367085 0.393625 0.419968 0.445906 0.471241 0.495782 0.519356 0.541805 0.562988 0.582785 0.601092 0.617825 0.632916 0.646313 0.657975 0.667874 0.675991 0.682314 0.686834 0.689547 0.690452 0.689547 0.686834 0.682314 0.675991 0.667874 0.657975 0.646313 0.632916 0.617825 0.601092 0.582785 0.562988 0.541805 0.519356 0.495782 0.471241 0.445906 0.419968 0.393625 0.367085 0.340559 0.314258 0.288388 0.263145 0.238711 0.215249 0.192904 0.171796 0.152019 0.133641 0.116705 0.101228 0.087201 0.0745963 0.0633655 0.0534442 0.0447555 0.0372131 0.0307247 0.0251949 0.0205285 0.0166331 0.0134209 0.0108111 0.00873104 0.00711774 0.00591856 0.00509199 0.00460811 
0.00487534 0.00504873 0.00557538 0.00647467 0.00777865 0.00953174 0.0117902 0.0146211 0.018102 0.0223185 0.0273634 0.0333345 0.0403316 0.0484542 0.0577979 0.0684516 0.0804933 0.0939867 0.108978 0.125493 0.143532 0.163072 0.184061 0.206421 0.230044 0.254798 0.280525 0.307047 0.334168 0.36168 0.389363 0.416997 0.444361 0.471241 0.49743 0.522738 0.546989 0.570026 0.591713 0.611932 0.630588 0.647602 0.662915 0.676481 0.688271 0.698262 0.706444 0.71281 0.717357 0.720085 0.720995 0.720085 0.717357 0.71281 0.706444 0.698262 0.688271 0.676481 0.662915 0.647602 0.630588 0.611932 0.591713 0.570026 0.546989 0.522738 0.49743 0.471241 0.444361 0.416997 0.389363 0.36168 0.334168 0.307047 0.280525 0.254798 0.230044 0.206421 0.184061 0.163072 0.143532 0.125493 0.108978 0.0939867 0.0804933 0.0684516 0.0577979 0.0484542 0.0403316 0.0333345 0.0273634 0.0223185 0.018102 0.0146211 0.0117902 0.00953174 0.00777865 0.00647467 0.00557538 0.00504873 
0.00531153 0.00549924 0.00606926 0.00704225 0.00845238 0.0103469 0.0127857 0.01584 0.0195917 0.0241315 0.0295571 0.0359709 0.0434775 0.05218 0.0621774 0.0735602 0.086407 0.100781 0.116725 0.134261 0.153384 0.174062 0.196234 0.21981 0.24467 0.270669 0.297635 0.325376 0.353684 0.382335 0.4111 0.439748 0.468049 0.495782 0.522738 0.548723 0.573561 0.597099 0.619203 0.639763 0.658688 0.675909 0.691375 0.705051 0.716913 0.726951 0.735158 0.741537 0.746089 0.748818 0.749728 0.748818 0.746089 0.741537 0.735158 0.726951 0.716913 0.705051 0.691375 0.675909 0.658688 0.639763 0.619203 0.597099 0.573561 0.548723 0.522738 0.495782 0.468049 0.439748 0.4111 0.382335 0.353684 0.325376 0.297635 0.270669 0.24467 0.21981 0.196234 0.174062 0.153384 0.134261 0.116725 0.100781 0.086407 0.0735602 0.0621774 0.05218 0.0434775 0.0359709 0.0295571 0.0241315 0.0195917 0.01584 0.0127857 0.0103469 0.00845238 0.00704225 0.00606926 0.00549924 
0.00575325 0.00595533 0.00656891 0.0076159 0.00913255 0.0111689 0.0137883 0.017066 0.0210883 0.0259506 0.0317553 0.0386095 0.0466218 0.0558989 0.0665425 0.0786446 0.0922841 0.107523 0.1244 0.142934 0.163112 0.184894 0.20821 0.232957 0.259004 0.286191 0.314335 0.343229 0.37265 0.402364 0.43213 0.461707 0.490858 0.519356 0.546989 0.573561 0.598899 0.622852 0.64529 0.66611 0.685229 0.702588 0.718144 0.731871 0.743756 0.753796 0.761993 0.768356 0.772893 0.775612 0.776517 0.775612 0.772893 0.768356 0.761993 0.753796 0.743756 0.731871 0.718144 0.702588 0.685229 0.66611 0.64529 0.622852 0.598899 0.573561 0.546989 0.519356 0.490858 0.461707 0.43213 0.402364 0.37265 0.343229 0.314335 0.286191 0.259004 0.232957 0.20821 0.184894 0.163112 0.142934 0.1244 0.107523 0.0922841 0.0786446 0.0665425 0.0558989 0.0466218 0.0386095 0.0317553 0.0259506 0.0210883 0.017066 0.0137883 0.0111689 0.00913255 0.0076159 0.00656891 0.00595533 
0.00619593 0.00641232 0.00706921 0.00818976 0.00981221 0.0119894 0.0147878 0.0182868 0.0225768 0.0277577 0.0339365 0.0412244 0.0497339 0.059575 0.0708515 0.0836567 0.0980692 0.114149 0.131933 0.151432 0.172628 0.195472 0.219884 0.245749 0.272925 0.301238 0.33049 0.360463 0.39092 0.421615 0.452297 0.482717 0.51263 0.541805 0.570026 0.597099 0.622852 0.647136 0.669829 0.690835 0.71008 0.727513 0.7431 0.756827 0.768688 0.778691 0.786847 0.793169 0.797673 0.80037 0.801269 0.80037 0.797673 0.793169 0.786847 0.778691 0.768688 0.756827 0.7431 0.727513 0.71008 0.690835 0.669829 0.647136 0.622852 0.597099 0.570026 0.541805 0.51263 0.482717 0.452297 0.421615 0.39092 0.360463 0.33049 0.301238 0.272925 0.245749 0.219884 0.195472 0.172628 0.151432 0.131933 0.114149 0.0980692 0.0836567 0.0708515 0.059575 0.0497339 0.0412244 0.0339365 0.0277577 0.0225768 0.0182868 0.0147878 0.0119894 0.00981221 0.00818976 0.00706921 0.00641232 
0.0066347 0.00686516 0.00756467 0.00875756 0.010484 0.0127994 0.0157736 0.0194895 0.0240416 0.0295341 0.0360781 0.0437888 0.0527823 0.0631714 0.0750618 0.0885475 0.103707 0.120597 0.139251 0.159676 0.181845 0.205702 0.231154 0.258077 0.286316 0.315684 0.345971 0.376944 0.408355 0.439948 0.471461 0.502636 0.533224 0.562988 0.591713 0.619203 0.64529 0.669829 0.692706 0.71383 0.733138 0.750587 0.766155 0.779835 0.791635 0.801568 0.809654 0.815915 0.820371 0.823037 0.823925 0.823037 0.820371 0.815915 0.809654 0.801568 0.791635 0.779835 0.766155 0.750587 0.733138 0.71383 0.692706 0.669829 0.64529 0.619203 0.591713 0.562988 0.533224 0.502636 0.471461 0.439948 0.408355 0.376944 0.345971 0.315684 0.286316 0.258077 0.231154 0.205702 0.181845 0.159676 0.139251 0.120597 0.103707 0.0885475 0.0750618 0.0631714 0.0527823 0.0437888 0.0360781 0.0295341 0.0240416 0.0194895 0.0157736 0.0127994 0.010484 0.00875756 0.00756467 0.00686516 
