5.14534e-07 5.55246e-07 6.82186e-07 9.10101e-07 1.26473e-06 1.78455e-06 2.52322e-06 3.55281e-06 4.96764e-06 6.88895e-06 9.47002e-06 1.2902e-05 1.74197e-05 2.33083e-05 3.09085e-05 4.06223e-05 5.2917e-05 6.83279e-05 8.7458e-05 0.000110976 0.000139609 0.000174134 0.000215364 0.000264124 0.000321233 0.000387474 0.00046356 0.000550099 0.000647561 0.000756234 0.000876195 0.00100727 0.00114901 0.00130067 0.0014612 0.00162922 0.00180307 0.0019808 0.00216019 0.00233884 0.00251416 0.00268348 0.00284409 0.00299333 0.00312862 0.00324759 0.00334809 0.00342827 0.00348664 0.00352211 0.00353401 0.00352211 0.00348664 0.00342827 0.00334809 0.00324759 0.00312862 0.00299333 0.00284409 0.00268348 0.00251416 0.00233884 0.00216019 0.0019808 0.00180307 0.00162922 0.0014612 0.00130067 0.00114901 0.00100727 0.000876195 0.000756234 0.000647561 0.000550099 0.00046356 0.000387474 0.000321233 0.000264124 0.000215364 0.000174134 0.000139609 0.000110976 8.7458e-05 6.83279e-05 5.2917e-05 4.06223e-05 3.09085e-05 2.33083e-05 1.74197e-05 1.2902e-05 9.47002e-06 6.88895e-06 4.96764e-06 3.55281e-06 2.52322e-06 1.78455e-06 1.26473e-06 9.10101e-07 6.82186e-07 5.55246e-07 
5.55246e-07 5.99047e-07 7.35592e-07 9.8068e-07 1.36187e-06 1.92034e-06 2.71349e-06 3.81835e-06 5.33567e-06 7.39481e-06 1.01593e-05 1.38326e-05 1.86649e-05 2.49593e-05 3.30778e-05 4.34471e-05 5.65628e-05 7.29917e-05 9.33718e-05 0.00011841 0.000148874 0.000185583 0.000229391 0.000281168 0.000341773 0.000412025 0.000492668 0.000584337 0.000687516 0.000802498 0.000929354 0.00106789 0.00121762 0.00137775 0.00154716 0.0017244 0.00190772 0.00209504 0.00228405 0.0024722 0.00265679 0.00283501 0.00300402 0.00316102 0.00330332 0.00342842 0.00353409 0.00361838 0.00367974 0.00371703 0.00372953 0.00371703 0.00367974 0.00361838 0.00353409 0.00342842 0.00330332 0.00316102 0.00300402 0.00283501 0.00265679 0.0024722 0.00228405 0.00209504 0.00190772 0.0017244 0.00154716 0.00137775 0.00121762 0.00106789 0.000929354 0.000802498 0.000687516 0.000584337 0.000492668 0.000412025 0.000341773 0.000281168 0.000229391 0.000185583 0.000148874 0.00011841 9.33718e-05 7.29917e-05 5.65628e-05 4.34471e-05 3.30778e-05 2.49593e-05 1.86649e-05 1.38326e-05 1.01593e-05 7.39481e-06 5.33567e-06 3.81835e-06 2.71349e-06 1.92034e-06 1.36187e-06 9.8068e-07 7.35592e-07 5.99047e-07 
6.82186e-07 7.35592e-07 9.02016e-07 1.20051e-06 1.66427e-06 2.34286e-06 3.30525e-06 4.64382e-06 6.47921e-06 8.96598e-06 1.2299e-05 1.67205e-05 2.25272e-05 3.00779e-05 3.98004e-05 5.21972e-05 6.78506e-05 8.74248e-05 0.000111665 0.000141395 0.000177507 0.000220949 0.000272705 0.000333776 0.000405142 0.000487736 0.000582398 0.000689835 0.00081058 0.00094494 0.00109296 0.00125439 0.00142862 0.00161472 0.00181136 0.00201685 0.00222914 0.00244584 0.00266427 0.00288151 0.00309445 0.00329988 0.00349455 0.00367527 0.00383898 0.00398284 0.00410429 0.00420115 0.00427163 0.00431446 0.00432882 0.00431446 0.00427163 0.00420115 0.00410429 0.00398284 0.00383898 0.00367527 0.00349455 0.00329988 0.00309445 0.00288151 0.00266427 0.00244584 0.00222914 0.00201685 0.00181136 0.00161472 0.00142862 0.00125439 0.00109296 0.00094494 0.00081058 0.000689835 0.000582398 0.000487736 0.000405142 0.000333776 0.000272705 0.000220949 0.000177507 0.000141395 0.000111665 8.74248e-05 6.78506e-05 5.21972e-05 3.98004e-05 3.00779e-05 2.25272e-05 1.67205e-05 1.2299e-05 8.96598e-06 6.47921e-06 4.64382e-06 3.30525e-06 2.34286e-06 1.66427e-06 1.20051e-06 9.02016e-07 7.35592e-07 
9.10101e-07 9.8068e-07 1.20051e-06 1.59441e-06 2.20562e-06 3.09854e-06 4.36267e-06 6.1176e-06 8.5191e-06 1.17663e-05 1.61094e-05 2.18587e-05 2.93933e-05 3.91697e-05 5.17309e-05 6.77124e-05 8.78482e-05 0.000112973 0.000144018 0.000182012 0.00022806 0.000283335 0.000349048 0.00042642 0.000516646 0.000620848 0.000740029 0.000875023 0.00102643 0.0011946 0.0013795 0.00158079 0.00179766 0.0020289 0.00227284 0.00252736 0.0027899 0.00305752 0.00332692 0.00359451 0.00385651 0.00410899 0.00434802 0.00456973 0.00477042 0.00494665 0.00509535 0.00521389 0.00530012 0.0053525 0.00537007 0.0053525 0.00530012 0.00521389 0.00509535 0.00494665 0.00477042 0.00456973 0.00434802 0.00410899 0.00385651 0.00359451 0.00332692 0.00305752 0.0027899 0.00252736 0.00227284 0.0020289 0.00179766 0.00158079 0.0013795 0.0011946 0.00102643 0.000875023 0.000740029 0.000620848 0.000516646 0.00042642 0.000349048 0.000283335 0.00022806 0.000182012 0.000144018 0.000112973 8.78482e-05 6.77124e-05 5.17309e-05 3.91697e-05 2.93933e-05 2.18587e-05 1.61094e-05 1.17663e-05 8.5191e-06 6.1176e-06 4.36267e-06 3.09854e-06 2.20562e-06 1.59441e-06 1.20051e-06 9.8068e-07 
1.26473e-06 1.36187e-06 1.66427e-06 2.20562e-06 3.0445e-06 4.26805e-06 5.99713e-06 8.39286e-06 1.16646e-05 1.60792e-05 2.19711e-05 2.97537e-05 3.99303e-05 5.31057e-05 6.99959e-05 9.14367e-05 0.00011839 0.000151943 0.00019331 0.000243818 0.000304894 0.00037804 0.000464802 0.000566727 0.000685318 0.000821974 0.000977934 0.0011542 0.00135149 0.00157015 0.0018101 0.00207079 0.00235113 0.00264949 0.00296367 0.00329093 0.00362795 0.00397096 0.00431575 0.00465777 0.0049922 0.00531413 0.00561857 0.00590069 0.00615584 0.00637974 0.00656855 0.00671898 0.00682838 0.00689481 0.00691708 0.00689481 0.00682838 0.00671898 0.00656855 0.00637974 0.00615584 0.00590069 0.00561857 0.00531413 0.0049922 0.00465777 0.00431575 0.00397096 0.00362795 0.00329093 0.00296367 0.00264949 0.00235113 0.00207079 0.0018101 0.00157015 0.00135149 0.0011542 0.000977934 0.000821974 0.000685318 0.000566727 0.000464802 0.00037804 0.000304894 0.000243818 0.00019331 0.000151943 0.00011839 9.14367e-05 6.99959e-05 5.31057e-05 3.99303e-05 2.97537e-05 2.19711e-05 1.60792e-05 1.16646e-05 8.39286e-06 5.99713e-06 4.26805e-06 3.0445e-06 2.20562e-06 1.66427e-06 1.36187e-06 
1.78455e-06 1.92034e-06 2.34286e-06 3.09854e-06 4.26805e-06 5.9712e-06 8.3738e-06 1.16965e-05 1.62251e-05 2.23232e-05 3.04451e-05 4.11506e-05 5.51191e-05 7.31644e-05 9.62469e-05 0.000125484 0.000162155 0.000207704 0.000263734 0.000331991 0.000414344 0.000512749 0.000629208 0.000765716 0.00092419 0.0011064 0.0013139 0.00154792 0.00180929 0.00209837 0.00241495 0.00275821 0.00312664 0.00351803 0.00392944 0.00435722 0.00479705 0.00524401 0.00569262 0.006137 0.00657099 0.00698824 0.00738242 0.00774733 0.00807709 0.00836624 0.00860991 0.00880396 0.00894503 0.00903067 0.00905939 0.00903067 0.00894503 0.00880396 0.00860991 0.00836624 0.00807709 0.00774733 0.00738242 0.00698824 0.00657099 0.006137 0.00569262 0.00524401 0.00479705 0.00435722 0.00392944 0.00351803 0.00312664 0.00275821 0.00241495 0.00209837 0.00180929 0.00154792 0.0013139 0.0011064 0.00092419 0.000765716 0.000629208 0.000512749 0.000414344 0.000331991 0.000263734 0.000207704 0.000162155 0.000125484 9.62469e-05 7.31644e-05 5.51191e-05 4.11506e-05 3.04451e-05 2.23232e-05 1.62251e-05 1.16965e-05 8.3738e-06 5.9712e-06 4.26805e-06 3.09854e-06 2.34286e-06 1.92034e-06 
2.52322e-06 2.71349e-06 3.30525e-06 4.36267e-06 5.99713e-06 8.3738e-06 1.17209e-05 1.63413e-05 2.26267e-05 3.10736e-05 4.23012e-05 5.70697e-05 7.62997e-05 0.00010109 0.000132732 0.000172724 0.000222777 0.000284812 0.000360954 0.000453507 0.000564927 0.000697772 0.000854643 0.00103811 0.00125065 0.00149448 0.00177156 0.00208339 0.00243094 0.00281454 0.00323381 0.00368751 0.00417355 0.00468893 0.00522971 0.00579105 0.00636727 0.0069519 0.00753784 0.00811746 0.0086828 0.0092257 0.00973802 0.0102118 0.0106397 0.0110145 0.0113302 0.0115815 0.0117641 0.0118749 0.0119121 0.0118749 0.0117641 0.0115815 0.0113302 0.0110145 0.0106397 0.0102118 0.00973802 0.0092257 0.0086828 0.00811746 0.00753784 0.0069519 0.00636727 0.00579105 0.00522971 0.00468893 0.00417355 0.00368751 0.00323381 0.00281454 0.00243094 0.00208339 0.00177156 0.00149448 0.00125065 0.00103811 0.000854643 0.000697772 0.000564927 0.000453507 0.000360954 0.000284812 0.000222777 0.000172724 0.000132732 0.00010109 7.62997e-05 5.70697e-05 4.23012e-05 3.10736e-05 2.26267e-05 1.63413e-05 1.17209e-05 8.3738e-06 5.99713e-06 4.36267e-06 3.30525e-06 2.71349e-06 
3.55281e-06 3.81835e-06 4.64382e-06 6.1176e-06 8.39286e-06 1.16965e-05 1.63413e-05 2.27417e-05 3.14323e-05 4.30889e-05 5.85522e-05 7.88512e-05 0.000105228 0.000139161 0.000182383 0.000236895 0.000304975 0.000389171 0.000492289 0.000617362 0.000767602 0.000946341 0.00115695 0.00140273 0.00168683 0.00201207 0.00238086 0.00279504 0.0032557 0.00376311 0.00431658 0.00491435 0.00555351 0.00623001 0.00693857 0.00767282 0.0084253 0.00918757 0.00995044 0.010704 0.0114381 0.0121422 0.0128059 0.0134192 0.0139724 0.0144568 0.0148645 0.0151888 0.0154244 0.0155674 0.0156153 0.0155674 0.0154244 0.0151888 0.0148645 0.0144568 0.0139724 0.0134192 0.0128059 0.0121422 0.0114381 0.010704 0.00995044 0.00918757 0.0084253 0.00767282 0.00693857 0.00623001 0.00555351 0.00491435 0.00431658 0.00376311 0.0032557 0.00279504 0.00238086 0.00201207 0.00168683 0.00140273 0.00115695 0.000946341 0.000767602 0.000617362 0.000492289 0.000389171 0.000304975 0.000236895 0.000182383 0.000139161 0.000105228 7.88512e-05 5.85522e-05 4.30889e-05 3.14323e-05 2.27417e-05 1.63413e-05 1.16965e-05 8.39286e-06 6.1176e-06 4.64382e-06 3.81835e-06 
4.96764e-06 5.33567e-06 6.47921e-06 8.5191e-06 1.16646e-05 1.62251e-05 2.26267e-05 3.14323e-05 4.33665e-05 5.93431e-05 8.04953e-05 0.000108207 0.000144143 0.000190278 0.000248919 0.000322723 0.0004147 0.000528207 0.000666924 0.000834811 0.00103604 0.00127492 0.00155578 0.00188283 0.00226005 0.00269097 0.00317854 0.00372495 0.00433143 0.00499809 0.0057238 0.00650604 0.00734085 0.00822277 0.00914484 0.0100987 0.0110746 0.0120616 0.013048 0.014021 0.0149675 0.0158743 0.0167282 0.0175163 0.0182267 0.0188482 0.019371 0.0197867 0.0200885 0.0202716 0.020333 0.0202716 0.0200885 0.0197867 0.019371 0.0188482 0.0182267 0.0175163 0.0167282 0.0158743 0.0149675 0.014021 0.013048 0.0120616 0.0110746 0.0100987 0.00914484 0.00822277 0.00734085 0.00650604 0.0057238 0.00499809 0.00433143 0.00372495 0.00317854 0.00269097 0.00226005 0.00188283 0.00155578 0.00127492 0.00103604 0.000834811 0.000666924 0.000528207 0.0004147 0.000322723 0.000248919 0.000190278 0.000144143 0.000108207 8.04953e-05 5.93431e-05 4.33665e-05 3.14323e-05 2.26267e-05 1.62251e-05 1.16646e-05 8.5191e-06 6.47921e-06 5.33567e-06 
6.88895e-06 7.39481e-06 8.96598e-06 1.17663e-05 1.60792e-05 2.23232e-05 3.10736e-05 4.30889e-05 5.93431e-05 8.10612e-05 0.000109758 0.000147279 0.000195837 0.000258047 0.000336955 0.000436057 0.000559298 0.00071106 0.000896126 0.00111962 0.00138692 0.00170352 0.00207495 0.00250652 0.00300319 0.00356934 0.00420854 0.00492333 0.00571502 0.00658345 0.00752687 0.00854175 0.00962272 0.0107625 0.011952 0.0131804 0.0144349 0.0157018 0.0169659 0.018211 0.0194207 0.0205782 0.0216668 0.0226707 0.0235747 0.0243649 0.0250292 0.0255572 0.0259404 0.0261728 0.0262506 0.0261728 0.0259404 0.0255572 0.0250292 0.0243649 0.0235747 0.0226707 0.0216668 0.0205782 0.0194207 0.018211 0.0169659 0.0157018 0.0144349 0.0131804 0.011952 0.0107625 0.00962272 0.00854175 0.00752687 0.00658345 0.00571502 0.00492333 0.00420854 0.00356934 0.00300319 0.00250652 0.00207495 0.00170352 0.00138692 0.00111962 0.000896126 0.00071106 0.000559298 0.000436057 0.000336955 0.000258047 0.000195837 0.000147279 0.000109758 8.10612e-05 5.93431e-05 4.30889e-05 3.10736e-05 2.23232e-05 1.60792e-05 1.17663e-05 8.96598e-06 7.39481e-06 
9.47002e-06 1.01593e-05 1.2299e-05 1.61094e-05 2.19711e-05 3.04451e-05 4.23012e-05 5.85522e-05 8.04953e-05 0.000109758 0.000148349 0.000198703 0.000263735 0.000346878 0.000452117 0.000584005 0.000747665 0.000948762 0.00119345 0.0014883 0.00184015 0.00225599 0.00274274 0.00330705 0.00395503 0.00469202 0.00552227 0.00644868 0.00747253 0.00859325 0.00980819 0.0111125 0.0124989 0.013958 0.0154778 0.0170443 0.0186416 0.0202519 0.021856 0.0234338 0.0249645 0.0264273 0.0278015 0.0290674 0.0302062 0.031201 0.0320367 0.0327004 0.033182 0.0334739 0.0335718 0.0334739 0.033182 0.0327004 0.0320367 0.031201 0.0302062 0.0290674 0.0278015 0.0264273 0.0249645 0.0234338 0.021856 0.0202519 0.0186416 0.0170443 0.0154778 0.013958 0.0124989 0.0111125 0.00980819 0.00859325 0.00747253 0.00644868 0.00552227 0.00469202 0.00395503 0.00330705 0.00274274 0.00225599 0.00184015 0.0014883 0.00119345 0.000948762 0.000747665 0.000584005 0.000452117 0.000346878 0.000263735 0.000198703 0.000148349 0.000109758 8.04953e-05 5.85522e-05 4.23012e-05 3.04451e-05 2.19711e-05 1.61094e-05 1.2299e-05 1.01593e-05 
1.2902e-05 1.38326e-05 1.67205e-05 2.18587e-05 2.97537e-05 4.11506e-05 5.70697e-05 7.88512e-05 0.000108207 0.000147279 0.000198703 0.000265666 0.00035197 0.000462076 0.000601147 0.000775059 0.000990396 0.00125441 0.00157494 0.00196031 0.00241916 0.00296021 0.0035921 0.004323 0.00516038 0.00611063 0.00717871 0.00836784 0.00967914 0.0111114 0.0126607 0.0143204 0.016081 0.0179302 0.0198526 0.0218304 0.0238434 0.0258693 0.0278841 0.0298629 0.0317798 0.0336093 0.035326 0.0369055 0.0383252 0.0395642 0.0406043 0.04143 0.0420288 0.0423917 0.0425133 0.0423917 0.0420288 0.04143 0.0406043 0.0395642 0.0383252 0.0369055 0.035326 0.0336093 0.0317798 0.0298629 0.0278841 0.0258693 0.0238434 0.0218304 0.0198526 0.0179302 0.016081 0.0143204 0.0126607 0.0111114 0.00967914 0.00836784 0.00717871 0.00611063 0.00516038 0.004323 0.0035921 0.00296021 0.00241916 0.00196031 0.00157494 0.00125441 0.000990396 0.000775059 0.000601147 0.000462076 0.00035197 0.000265666 0.000198703 0.000147279 0.000108207 7.88512e-05 5.70697e-05 4.11506e-05 2.97537e-05 2.18587e-05 1.67205e-05 1.38326e-05 
1.74197e-05 1.86649e-05 2.25272e-05 2.93933e-05 3.99303e-05 5.51191e-05 7.62997e-05 0.000105228 0.000144143 0.000195837 0.000263735 0.00035197 0.00046545 0.000609922 0.000792004 0.00101921 0.00129991 0.00164329 0.00205925 0.0025582 0.00315093 0.00384825 0.00466074 0.00559838 0.00667012 0.00788351 0.00924422 0.0107557 0.0124186 0.0142309 0.0161869 0.0182778 0.0204912 0.022811 0.0252179 0.0276894 0.0302001 0.0327224 0.0352267 0.0376822 0.0400576 0.0423214 0.0444429 0.0463928 0.0481435 0.0496702 0.0509508 0.0519667 0.0527033 0.0531495 0.053299 0.0531495 0.0527033 0.0519667 0.0509508 0.0496702 0.0481435 0.0463928 0.0444429 0.0423214 0.0400576 0.0376822 0.0352267 0.0327224 0.0302001 0.0276894 0.0252179 0.022811 0.0204912 0.0182778 0.0161869 0.0142309 0.0124186 0.0107557 0.00924422 0.00788351 0.00667012 0.00559838 0.00466074 0.00384825 0.00315093 0.0025582 0.00205925 0.00164329 0.00129991 0.00101921 0.000792004 0.000609922 0.00046545 0.00035197 0.000263735 0.000195837 0.000144143 0.000105228 7.62997e-05 5.51191e-05 3.99303e-05 2.93933e-05 2.25272e-05 1.86649e-05 
2.33083e-05 2.49593e-05 3.00779e-05 3.91697e-05 5.31057e-05 7.31644e-05 0.00010109 0.000139161 0.000190278 0.000258047 0.000346878 0.000462076 0.000609922 0.000797739 0.00103394 0.00132801 0.00169051 0.00213296 0.00266769 0.00330765 0.00406609 0.00495628 0.00599106 0.0071824 0.0085409 0.0100753 0.0117919 0.0136943 0.0157824 0.0180528 0.0204977 0.0231054 0.0258597 0.0287404 0.031723 0.0347794 0.0378785 0.040986 0.044066 0.047081 0.049993 0.0527643 0.055358 0.057739 0.0598747 0.0617352 0.0632947 0.0645312 0.0654271 0.0659698 0.0661515 0.0659698 0.0654271 0.0645312 0.0632947 0.0617352 0.0598747 0.057739 0.055358 0.0527643 0.049993 0.047081 0.044066 0.040986 0.0378785 0.0347794 0.031723 0.0287404 0.0258597 0.0231054 0.0204977 0.0180528 0.0157824 0.0136943 0.0117919 0.0100753 0.0085409 0.0071824 0.00599106 0.00495628 0.00406609 0.00330765 0.00266769 0.00213296 0.00169051 0.00132801 0.00103394 0.000797739 0.000609922 0.000462076 0.000346878 0.000258047 0.000190278 0.000139161 0.00010109 7.31644e-05 5.31057e-05 3.91697e-05 3.00779e-05 2.49593e-05 
3.09085e-05 3.30778e-05 3.98004e-05 5.17309e-05 6.99959e-05 9.62469e-05 0.000132732 0.000182383 0.000248919 0.000336955 0.000452117 0.000601147 0.000792004 0.00103394 0.00133751 0.00171463 0.00217845 0.00274326 0.00342428 0.00423739 0.00519878 0.00632446 0.00762984 0.00912909 0.0108346 0.0127562 0.0149009 0.0172718 0.0198681 0.0226843 0.0257099 0.0289295 0.0323224 0.0358631 0.0395213 0.0432622 0.0470477 0.0508363 0.0545844 0.0582471 0.0617791 0.0651353 0.0682721 0.0711481 0.0737249 0.0759676 0.0778459 0.0793342 0.080412 0.0810647 0.0812833 0.0810647 0.080412 0.0793342 0.0778459 0.0759676 0.0737249 0.0711481 0.0682721 0.0651353 0.0617791 0.0582471 0.0545844 0.0508363 0.0470477 0.0432622 0.0395213 0.0358631 0.0323224 0.0289295 0.0257099 0.0226843 0.0198681 0.0172718 0.0149009 0.0127562 0.0108346 0.00912909 0.00762984 0.00632446 0.00519878 0.00423739 0.00342428 0.00274326 0.00217845 0.00171463 0.00133751 0.00103394 0.000792004 0.000601147 0.000452117 0.000336955 0.000248919 0.000182383 0.000132732 9.62469e-05 6.99959e-05 5.17309e-05 3.98004e-05 3.30778e-05 
4.06223e-05 4.34471e-05 5.21972e-05 6.77124e-05 9.14367e-05 0.000125484 0.000172724 0.000236895 0.000322723 0.000436057 0.000584005 0.000775059 0.00101921 0.00132801 0.00171463 0.00219383 0.00278183 0.00349619 0.00435551 0.00537905 0.00658631 0.00799646 0.0096277 0.0114966 0.0136173 0.0160009 0.0186545 0.0215808 0.0247774 0.0282363 0.0319435 0.0358789 0.0400166 0.0443246 0.0487656 0.0532974 0.0578735 0.0624442 0.0669576 0.0713602 0.0755984 0.0796195 0.0833724 0.0868087 0.089884 0.0925579 0.0947955 0.0965672 0.0978496 0.098626 0.0988859 0.098626 0.0978496 0.0965672 0.0947955 0.0925579 0.089884 0.0868087 0.0833724 0.0796195 0.0755984 0.0713602 0.0669576 0.0624442 0.0578735 0.0532974 0.0487656 0.0443246 0.0400166 0.0358789 0.0319435 0.0282363 0.0247774 0.0215808 0.0186545 0.0160009 0.0136173 0.0114966 0.0096277 0.00799646 0.00658631 0.00537905 0.00435551 0.00349619 0.00278183 0.00219383 0.00171463 0.00132801 0.00101921 0.000775059 0.000584005 0.000436057 0.000322723 0.000236895 0.000172724 0.000125484 9.14367e-05 6.77124e-05 5.21972e-05 4.34471e-05 
5.2917e-05 5.65628e-05 6.78506e-05 8.78482e-05 0.00011839 0.000162155 0.000222777 0.000304975 0.0004147 0.000559298 0.000747665 0.000990396 0.00129991 0.00169051 0.00217845 0.00278183 0.00352049 0.00441577 0.00549013 0.0067667 0.00826873 0.0100188 0.0120383 0.0143461 0.0169583 0.0198868 0.0231388 0.026716 0.0306137 0.0348205 0.0393182 0.0440812 0.0490768 0.0542658 0.0596026 0.0650363 0.0705113 0.0759686 0.0813468 0.0865831 0.0916151 0.0963814 0.100823 0.104885 0.108515 0.111669 0.114305 0.116391 0.1179 0.118813 0.119119 0.118813 0.1179 0.116391 0.114305 0.111669 0.108515 0.104885 0.100823 0.0963814 0.0916151 0.0865831 0.0813468 0.0759686 0.0705113 0.0650363 0.0596026 0.0542658 0.0490768 0.0440812 0.0393182 0.0348205 0.0306137 0.026716 0.0231388 0.0198868 0.0169583 0.0143461 0.0120383 0.0100188 0.00826873 0.0067667 0.00549013 0.00441577 0.00352049 0.00278183 0.00217845 0.00169051 0.00129991 0.000990396 0.000747665 0.000559298 0.0004147 0.000304975 0.000222777 0.000162155 0.00011839 8.78482e-05 6.78506e-05 5.65628e-05 
6.83279e-05 7.29917e-05 8.74248e-05 0.000112973 0.000151943 0.000207704 0.000284812 0.000389171 0.000528207 0.00071106 0.000948762 0.00125441 0.00164329 0.00213296 0.00274326 0.00349619 0.00441577 0.00552765 0.00685869 0.00843638 0.0102881 0.0124402 0.0149171 0.0177406 0.0209281 0.0244924 0.0284402 0.0327714 0.0374784 0.0425457 0.0479495 0.0536575 0.0596294 0.0658174 0.0721664 0.0786157 0.0850995 0.0915483 0.0978905 0.104053 0.109965 0.115555 0.120756 0.125505 0.129745 0.133423 0.136496 0.138925 0.140681 0.141744 0.142099 0.141744 0.140681 0.138925 0.136496 0.133423 0.129745 0.125505 0.120756 0.115555 0.109965 0.104053 0.0978905 0.0915483 0.0850995 0.0786157 0.0721664 0.0658174 0.0596294 0.0536575 0.0479495 0.0425457 0.0374784 0.0327714 0.0284402 0.0244924 0.0209281 0.0177406 0.0149171 0.0124402 0.0102881 0.00843638 0.00685869 0.00552765 0.00441577 0.00349619 0.00274326 0.00213296 0.00164329 0.00125441 0.000948762 0.00071106 0.000528207 0.000389171 0.000284812 0.000207704 0.000151943 0.000112973 8.74248e-05 7.29917e-05 
8.7458e-05 9.33718e-05 0.000111665 0.000144018 0.00019331 0.000263734 0.000360954 0.000492289 0.000666924 0.000896126 0.00119345 0.00157494 0.00205925 0.00266769 0.00342428 0.00435551 0.00549013 0.00685869 0.008493 0.0104253 0.0126875 0.0153099 0.0183203 0.021743 0.0255968 0.0298947 0.0346423 0.0398372 0.0454679 0.0515135 0.0579436 0.0647179 0.0717873 0.0790939 0.0865722 0.0941503 0.101751 0.109294 0.116696 0.123875 0.130747 0.137234 0.14326 0.148753 0.153651 0.157896 0.161438 0.164236 0.166259 0.167481 0.16789 0.167481 0.166259 0.164236 0.161438 0.157896 0.153651 0.148753 0.14326 0.137234 0.130747 0.123875 0.116696 0.109294 0.101751 0.0941503 0.0865722 0.0790939 0.0717873 0.0647179 0.0579436 0.0515135 0.0454679 0.0398372 0.0346423 0.0298947 0.0255968 0.021743 0.0183203 0.0153099 0.0126875 0.0104253 0.008493 0.00685869 0.00549013 0.00435551 0.00342428 0.00266769 0.00205925 0.00157494 0.00119345 0.000896126 0.000666924 0.000492289 0.000360954 0.000263734 0.00019331 0.000144018 0.000111665 9.33718e-05 
0.000110976 0.00011841 0.000141395 0.000182012 0.000243818 0.000331991 0.000453507 0.000617362 0.000834811 0.00111962 0.0014883 0.00196031 0.0025582 0.00330765 0.00423739 0.00537905 0.0067667 0.00843638 0.0104253 0.0127709 0.0155099 0.0186769 0.0223029 0.0264143 0.0310313 0.0361665 0.0418236 0.0479967 0.0546695 0.0618144 0.0693931 0.0773563 0.0856441 0.0941877 0.10291 0.111726 0.120547 0.129281 0.137833 0.146108 0.154015 0.161464 0.168371 0.17466 0.180258 0.185104 0.189143 0.192332 0.194635 0.196026 0.196492 0.196026 0.194635 0.192332 0.189143 0.185104 0.180258 0.17466 0.168371 0.161464 0.154015 0.146108 0.137833 0.129281 0.120547 0.111726 0.10291 0.0941877 0.0856441 0.0773563 0.0693931 0.0618144 0.0546695 0.0479967 0.0418236 0.0361665 0.0310313 0.0264143 0.0223029 0.0186769 0.0155099 0.0127709 0.0104253 0.00843638 0.0067667 0.00537905 0.00423739 0.00330765 0.0025582 0.00196031 0.0014883 0.00111962 0.000834811 0.000617362 0.000453507 0.000331991 0.000243818 0.000182012 0.000141395 0.00011841 
0.000139609 0.000148874 0.000177507 0.00022806 0.000304894 0.000414344 0.000564927 0.000767602 0.00103604 0.00138692 0.00184015 0.00241916 0.00315093 0.00406609 0.00519878 0.00658631 0.00826873 0.0102881 0.0126875 0.0155099 0.0187972 0.022588 0.0269167 0.0318117 0.0372935 0.0433737 0.0500533 0.057322 0.0651569 0.0735229 0.082372 0.0916443 0.101268 0.111162 0.121236 0.131393 0.14153 0.151541 0.161322 0.170765 0.179768 0.188234 0.196071 0.203193 0.209524 0.214997 0.219555 0.223149 0.225743 0.22731 0.227834 0.22731 0.225743 0.223149 0.219555 0.214997 0.209524 0.203193 0.196071 0.188234 0.179768 0.170765 0.161322 0.151541 0.14153 0.131393 0.121236 0.111162 0.101268 0.0916443 0.082372 0.0735229 0.0651569 0.057322 0.0500533 0.0433737 0.0372935 0.0318117 0.0269167 0.022588 0.0187972 0.0155099 0.0126875 0.0102881 0.00826873 0.00658631 0.00519878 0.00406609 0.00315093 0.00241916 0.00184015 0.00138692 0.00103604 0.000767602 0.000564927 0.000414344 0.000304894 0.00022806 0.000177507 0.000148874 
0.000174134 0.000185583 0.000220949 0.000283335 0.00037804 0.000512749 0.000697772 0.000946341 0.00127492 0.00170352 0.00225599 0.00296021 0.00384825 0.00495628 0.00632446 0.00799646 0.0100188 0.0124402 0.0153099 0.0186769 0.022588 0.0270861 0.0322087 0.0379854 0.0444367 0.0515721 0.0593888 0.0678705 0.0769868 0.0866931 0.0969307 0.107627 0.118698 0.130048 0.141573 0.15316 0.164696 0.176059 0.187133 0.197801 0.20795 0.217473 0.226272 0.234254 0.241339 0.247456 0.252544 0.256552 0.259443 0.261189 0.261773 0.261189 0.259443 0.256552 0.252544 0.247456 0.241339 0.234254 0.226272 0.217473 0.20795 0.197801 0.187133 0.176059 0.164696 0.15316 0.141573 0.130048 0.118698 0.107627 0.0969307 0.0866931 0.0769868 0.0678705 0.0593888 0.0515721 0.0444367 0.0379854 0.0322087 0.0270861 0.022588 0.0186769 0.0153099 0.0124402 0.0100188 0.00799646 0.00632446 0.00495628 0.00384825 0.00296021 0.00225599 0.00170352 0.00127492 0.000946341 0.000697772 0.000512749 0.00037804 0.000283335 0.000220949 0.000185583 
0.000215364 0.000229391 0.000272705 0.000349048 0.000464802 0.000629208 0.000854643 0.00115695 0.00155578 0.00207495 0.00274274 0.0035921 0.00466074 0.00599106 0.00762984 0.0096277 0.0120383 0.0149171 0.0183203 0.0223029 0.0269167 0.0322087 0.0382187 0.0449773 0.0525039 0.0608047 0.0698718 0.0796816 0.0901946 0.101355 0.113092 0.125319 0.137937 0.150836 0.163897 0.176992 0.189992 0.202766 0.215183 0.227114 0.23844 0.249045 0.258822 0.267678 0.275525 0.282289 0.287909 0.292333 0.295521 0.297445 0.298088 0.297445 0.295521 0.292333 0.287909 0.282289 0.275525 0.267678 0.258822 0.249045 0.23844 0.227114 0.215183 0.202766 0.189992 0.176992 0.163897 0.150836 0.137937 0.125319 0.113092 0.101355 0.0901946 0.0796816 0.0698718 0.0608047 0.0525039 0.0449773 0.0382187 0.0322087 0.0269167 0.0223029 0.0183203 0.0149171 0.0120383 0.0096277 0.00762984 0.00599106 0.00466074 0.0035921 0.00274274 0.00207495 0.00155578 0.00115695 0.000854643 0.000629208 0.000464802 0.000349048 0.000272705 0.000229391 
0.000264124 0.000281168 0.000333776 0.00042642 0.000566727 0.000765716 0.00103811 0.00140273 0.00188283 0.00250652 0.00330705 0.004323 0.00559838 0.0071824 0.00912909 0.0114966 0.0143461 0.0177406 0.021743 0.0264143 0.0318117 0.0379854 0.0449773 0.0528179 0.0615243 0.0710984 0.0815255 0.0927733 0.104791 0.117511 0.130848 0.144699 0.158951 0.173477 0.188141 0.202803 0.217317 0.231538 0.245326 0.258542 0.271056 0.282747 0.293505 0.303228 0.31183 0.319235 0.325378 0.330209 0.333688 0.335786 0.336487 0.335786 0.333688 0.330209 0.325378 0.319235 0.31183 0.303228 0.293505 0.282747 0.271056 0.258542 0.245326 0.231538 0.217317 0.202803 0.188141 0.173477 0.158951 0.144699 0.130848 0.117511 0.104791 0.0927733 0.0815255 0.0710984 0.0615243 0.0528179 0.0449773 0.0379854 0.0318117 0.0264143 0.021743 0.0177406 0.0143461 0.0114966 0.00912909 0.0071824 0.00559838 0.004323 0.00330705 0.00250652 0.00188283 0.00140273 0.00103811 0.000765716 0.000566727 0.00042642 0.000333776 0.000281168 
0.000321233 0.000341773 0.000405142 0.000516646 0.000685318 0.00092419 0.00125065 0.00168683 0.00226005 0.00300319 0.00395503 0.00516038 0.00667012 0.0085409 0.0108346 0.0136173 0.0169583 0.0209281 0.0255968 0.0310313 0.0372935 0.0444367 0.0525039 0.0615243 0.0715116 0.082462 0.0943523 0.10714 0.120761 0.135133 0.150156 0.165711 0.181666 0.197877 0.214194 0.230458 0.246513 0.262199 0.277364 0.291862 0.305556 0.318319 0.330037 0.340608 0.349942 0.357965 0.364612 0.369833 0.373589 0.375854 0.376611 0.375854 0.373589 0.369833 0.364612 0.357965 0.349942 0.340608 0.330037 0.318319 0.305556 0.291862 0.277364 0.262199 0.246513 0.230458 0.214194 0.197877 0.181666 0.165711 0.150156 0.135133 0.120761 0.10714 0.0943523 0.082462 0.0715116 0.0615243 0.0525039 0.0444367 0.0372935 0.0310313 0.0255968 0.0209281 0.0169583 0.0136173 0.0108346 0.0085409 0.00667012 0.00516038 0.00395503 0.00300319 0.00226005 0.00168683 0.00125065 0.00092419 0.000685318 0.000516646 0.000405142 0.000341773 
0.000387474 0.000412025 0.000487736 0.000620848 0.000821974 0.0011064 0.00149448 0.00201207 0.00269097 0.00356934 0.00469202 0.00611063 0.00788351 0.0100753 0.0127562 0.0160009 0.0198868 0.0244924 0.0298947 0.0361665 0.0433737 0.0515721 0.0608047 0.0710984 0.082462 0.094884 0.108331 0.122749 0.138058 0.154162 0.17094 0.188258 0.205965 0.223901 0.241896 0.259778 0.277375 0.294518 0.311044 0.3268 0.341643 0.355442 0.368083 0.379461 0.38949 0.398095 0.405214 0.4108 0.414815 0.417235 0.418043 0.417235 0.414815 0.4108 0.405214 0.398095 0.38949 0.379461 0.368083 0.355442 0.341643 0.3268 0.311044 0.294518 0.277375 0.259778 0.241896 0.223901 0.205965 0.188258 0.17094 0.154162 0.138058 0.122749 0.108331 0.094884 0.082462 0.0710984 0.0608047 0.0515721 0.0433737 0.0361665 0.0298947 0.0244924 0.0198868 0.0160009 0.0127562 0.0100753 0.00788351 0.00611063 0.00469202 0.00356934 0.00269097 0.00201207 0.00149448 0.0011064 0.000821974 0.000620848 0.000487736 0.000412025 
0.00046356 0.000492668 0.000582398 0.000740029 0.000977934 0.0013139 0.00177156 0.00238086 0.00317854 0.00420854 0.00552227 0.00717871 0.00924422 0.0117919 0.0149009 0.0186545 0.0231388 0.0284402 0.0346423 0.0418236 0.0500533 0.0593888 0.0698718 0.0815255 0.0943523 0.108331 0.123418 0.139542 0.156609 0.174504 0.193089 0.21221 0.231696 0.25137 0.271045 0.290534 0.309653 0.328221 0.346067 0.363033 0.378971 0.393751 0.407256 0.419387 0.430057 0.439195 0.446745 0.452661 0.45691 0.459469 0.460323 0.459469 0.45691 0.452661 0.446745 0.439195 0.430057 0.419387 0.407256 0.393751 0.378971 0.363033 0.346067 0.328221 0.309653 0.290534 0.271045 0.25137 0.231696 0.21221 0.193089 0.174504 0.156609 0.139542 0.123418 0.108331 0.0943523 0.0815255 0.0698718 0.0593888 0.0500533 0.0418236 0.0346423 0.0284402 0.0231388 0.0186545 0.0149009 0.0117919 0.00924422 0.00717871 0.00552227 0.00420854 0.00317854 0.00238086 0.00177156 0.0013139 0.000977934 0.000740029 0.000582398 0.000492668 
0.000550099 0.000584337 0.000689835 0.000875023 0.0011542 0.00154792 0.00208339 0.00279504 0.00372495 0.00492333 0.00644868 0.00836784 0.0107557 0.0136943 0.0172718 0.0215808 0.026716 0.0327714 0.0398372 0.0479967 0.057322 0.0678705 0.0796816 0.0927733 0.10714 0.122749 0.139542 0.157433 0.17631 0.196038 0.216459 0.237398 0.258668 0.280069 0.301402 0.322464 0.343057 0.362993 0.382096 0.4002 0.41716 0.432844 0.44714 0.45995 0.471193 0.480806 0.488734 0.494939 0.499391 0.50207 0.502964 0.50207 0.499391 0.494939 0.488734 0.480806 0.471193 0.45995 0.44714 0.432844 0.41716 0.4002 0.382096 0.362993 0.343057 0.322464 0.301402 0.280069 0.258668 0.237398 0.216459 0.196038 0.17631 0.157433 0.139542 0.122749 0.10714 0.0927733 0.0796816 0.0678705 0.057322 0.0479967 0.0398372 0.0327714 0.026716 0.0215808 0.0172718 0.0136943 0.0107557 0.00836784 0.00644868 0.00492333 0.00372495 0.00279504 0.00208339 0.00154792 0.0011542 0.000875023 0.000689835 0.000584337 
0.000647561 0.000687516 0.00081058 0.00102643 0.00135149 0.00180929 0.00243094 0.0032557 0.00433143 0.00571502 0.00747253 0.00967914 0.0124186 0.0157824 0.0198681 0.0247774 0.0306137 0.0374784 0.0454679 0.0546695 0.0651569 0.0769868 0.0901946 0.104791 0.120761 0.138058 0.156609 0.17631 0.197029 0.218609 0.240873 0.263625 0.286657 0.309753 0.332695 0.355269 0.377266 0.398492 0.418763 0.437916 0.455804 0.472299 0.487294 0.500697 0.512435 0.52245 0.530697 0.537143 0.541762 0.54454 0.545467 0.54454 0.541762 0.537143 0.530697 0.52245 0.512435 0.500697 0.487294 0.472299 0.455804 0.437916 0.418763 0.398492 0.377266 0.355269 0.332695 0.309753 0.286657 0.263625 0.240873 0.218609 0.197029 0.17631 0.156609 0.138058 0.120761 0.104791 0.0901946 0.0769868 0.0651569 0.0546695 0.0454679 0.0374784 0.0306137 0.0247774 0.0198681 0.0157824 0.0124186 0.00967914 0.00747253 0.00571502 0.00433143 0.0032557 0.00243094 0.00180929 0.00135149 0.00102643 0.00081058 0.000687516 
0.000756234 0.000802498 0.00094494 0.0011946 0.00157015 0.00209837 0.00281454 0.00376311 0.00499809 0.00658345 0.00859325 0.0111114 0.0142309 0.0180528 0.0226843 0.0282363 0.0348205 0.0425457 0.0515135 0.0618144 0.0735229 0.0866931 0.101355 0.117511 0.135133 0.154162 0.174504 0.196038 0.218609 0.242041 0.266132 0.290666 0.315416 0.340147 0.364628 0.38863 0.41194 0.434353 0.455688 0.47578 0.494485 0.511683 0.527273 0.541171 0.553315 0.563654 0.572153 0.578786 0.583534 0.586387 0.587339 0.586387 0.583534 0.578786 0.572153 0.563654 0.553315 0.541171 0.527273 0.511683 0.494485 0.47578 0.455688 0.434353 0.41194 0.38863 0.364628 0.340147 0.315416 0.290666 0.266132 0.242041 0.218609 0.196038 0.174504 0.154162 0.135133 0.117511 0.101355 0.0866931 0.0735229 0.0618144 0.0515135 0.0425457 0.0348205 0.0282363 0.0226843 0.0180528 0.0142309 0.0111114 0.00859325 0.00658345 0.00499809 0.00376311 0.00281454 0.00209837 0.00157015 0.0011946 0.00094494 0.000802498 
0.000876195 0.000929354 0.00109296 0.0013795 0.0018101 0.00241495 0.00323381 0.00431658 0.0057238 0.00752687 0.00980819 0.0126607 0.0161869 0.0204977 0.0257099 0.0319435 0.0393182 0.0479495 0.0579436 0.0693931 0.082372 0.0969307 0.113092 0.130848 0.150156 0.17094 0.193089 0.216459 0.240873 0.266132 0.292013 0.318276 0.344676 0.370962 0.396888 0.422217 0.446725 0.470209 0.492484 0.51339 0.53279 0.550571 0.566641 0.580929 0.593382 0.603961 0.612641 0.619404 0.62424 0.627143 0.628111 0.627143 0.62424 0.619404 0.612641 0.603961 0.593382 0.580929 0.566641 0.550571 0.53279 0.51339 0.492484 0.470209 0.446725 0.422217 0.396888 0.370962 0.344676 0.318276 0.292013 0.266132 0.240873 0.216459 0.193089 0.17094 0.150156 0.130848 0.113092 0.0969307 0.082372 0.0693931 0.0579436 0.0479495 0.0393182 0.0319435 0.0257099 0.0204977 0.0161869 0.0126607 0.00980819 0.00752687 0.0057238 0.00431658 0.00323381 0.00241495 0.0018101 0.0013795 0.00109296 0.000929354 
0.00100727 0.00106789 0.00125439 0.00158079 0.00207079 0.00275821 0.00368751 0.00491435 0.00650604 0.00854175 0.0111125 0.0143204 0.0182778 0.0231054 0.0289295 0.0358789 0.0440812 0.0536575 0.0647179 0.0773563 0.0916443 0.107627 0.125319 0.144699 0.165711 0.188258 0.21221 0.237398 0.263625 0.290666 0.318276 0.346195 0.374158 0.401898 0.429158 0.455692 0.481272 0.505692 0.528772 0.550357 0.570319 0.588555 0.604985 0.619552 0.632214 0.642947 0.651734 0.65857 0.663451 0.66638 0.667356 0.66638 0.663451 0.65857 0.651734 0.642947 0.632214 0.619552 0.604985 0.588555 0.570319 0.550357 0.528772 0.505692 0.481272 0.455692 0.429158 0.401898 0.374158 0.346195 0.318276 0.290666 0.263625 0.237398 0.21221 0.188258 0.165711 0.144699 0.125319 0.107627 0.0916443 0.0773563 0.0647179 0.0536575 0.0440812 0.0358789 0.0289295 0.0231054 0.0182778 0.0143204 0.0111125 0.00854175 0.00650604 0.00491435 0.00368751 0.00275821 0.00207079 0.00158079 0.00125439 0.00106789 
0.00114901 0.00121762 0.00142862 0.00179766 0.00235113 0.00312664 0.00417355 0.00555351 0.00734085 0.00962272 0.0124989 0.016081 0.0204912 0.0258597 0.0323224 0.0400166 0.0490768 0.0596294 0.0717873 0.0856441 0.101268 0.118698 0.137937 0.158951 0.181666 0.205965 0.231696 0.258668 0.286657 0.315416 0.344676 0.374158 0.403578 0.432656 0.461123 0.488727 0.515238 0.540452 0.564194 0.586316 0.606702 0.625262 0.64193 0.656663 0.669434 0.680232 0.689055 0.695906 0.700792 0.70372 0.704696 0.70372 0.700792 0.695906 0.689055 0.680232 0.669434 0.656663 0.64193 0.625262 0.606702 0.586316 0.564194 0.540452 0.515238 0.488727 0.461123 0.432656 0.403578 0.374158 0.344676 0.315416 0.286657 0.258668 0.231696 0.205965 0.181666 0.158951 0.137937 0.118698 0.101268 0.0856441 0.0717873 0.0596294 0.0490768 0.0400166 0.0323224 0.0258597 0.0204912 0.016081 0.0124989 0.00962272 0.00734085 0.00555351 0.00417355 0.00312664 0.00235113 0.00179766 0.00142862 0.00121762 
0.00130067 0.00137775 0.00161472 0.0020289 0.00264949 0.00351803 0.00468893 0.00623001 0.00822277 0.0107625 0.013958 0.0179302 0.022811 0.0287404 0.0358631 0.0443246 0.0542658 0.0658174 0.0790939 0.0941877 0.111162 0.130048 0.150836 0.173477 0.197877 0.223901 0.25137 0.280069 0.309753 0.340147 0.370962 0.401898 0.432656 0.462942 0.492478 0.521009 0.548304 0.574164 0.598419 0.620936 0.641608 0.660361 0.677146 0.691935 0.704718 0.715497 0.724285 0.731095 0.735946 0.738851 0.739818 0.738851 0.735946 0.731095 0.724285 0.715497 0.704718 0.691935 0.677146 0.660361 0.641608 0.620936 0.598419 0.574164 0.548304 0.521009 0.492478 0.462942 0.432656 0.401898 0.370962 0.340147 0.309753 0.280069 0.25137 0.223901 0.197877 0.173477 0.150836 0.130048 0.111162 0.0941877 0.0790939 0.0658174 0.0542658 0.0443246 0.0358631 0.0287404 0.022811 0.0179302 0.013958 0.0107625 0.00822277 0.00623001 0.00468893 0.00351803 0.00264949 0.0020289 0.00161472 0.00137775 
0.0014612 0.00154716 0.00181136 0.00227284 0.00296367 0.00392944 0.00522971 0.00693857 0.00914484 0.011952 0.0154778 0.0198526 0.0252179 0.031723 0.0395213 0.0487656 0.0596026 0.0721664 0.0865722 0.10291 0.121236 0.141573 0.163897 0.188141 0.214194 0.241896 0.271045 0.301402 0.332695 0.364628 0.396888 0.429158 0.461123 0.492478 0.52294 0.552249 0.580179 0.606534 0.631158 0.653927 0.674751 0.693572 0.710358 0.725099 0.737801 0.748483 0.75717 0.76389 0.768669 0.771527 0.772478 0.771527 0.768669 0.76389 0.75717 0.748483 0.737801 0.725099 0.710358 0.693572 0.674751 0.653927 0.631158 0.606534 0.580179 0.552249 0.52294 0.492478 0.461123 0.429158 0.396888 0.364628 0.332695 0.301402 0.271045 0.241896 0.214194 0.188141 0.163897 0.141573 0.121236 0.10291 0.0865722 0.0721664 0.0596026 0.0487656 0.0395213 0.031723 0.0252179 0.0198526 0.0154778 0.011952 0.00914484 0.00693857 0.00522971 0.00392944 0.00296367 0.00227284 0.00181136 0.00154716 
0.00162922 0.0017244 0.00201685 0.00252736 0.00329093 0.00435722 0.00579105 0.00767282 0.0100987 0.0131804 0.0170443 0.0218304 0.0276894 0.0347794 0.0432622 0.0532974 0.0650363 0.0786157 0.0941503 0.111726 0.131393 0.15316 0.176992 0.202803 0.230458 0.259778 0.290534 0.322464 0.355269 0.38863 0.422217 0.455692 0.488727 0.521009 0.552249 0.582189 0.610605 0.637312 0.662162 0.685049 0.705898 0.72467 0.741351 0.755947 0.768485 0.778999 0.787527 0.794111 0.798785 0.801577 0.802506 0.801577 0.798785 0.794111 0.787527 0.778999 0.768485 0.755947 0.741351 0.72467 0.705898 0.685049 0.662162 0.637312 0.610605 0.582189 0.552249 0.521009 0.488727 0.455692 0.422217 0.38863 0.355269 0.322464 0.290534 0.259778 0.230458 0.202803 0.176992 0.15316 0.131393 0.111726 0.0941503 0.0786157 0.0650363 0.0532974 0.0432622 0.0347794 0.0276894 0.0218304 0.0170443 0.0131804 0.0100987 0.00767282 0.00579105 0.00435722 0.00329093 0.00252736 0.00201685 0.0017244 
0.00180307 0.00190772 0.00222914 0.0027899 0.00362795 0.00479705 0.00636727 0.0084253 0.0110746 0.0144349 0.0186416 0.0238434 0.0302001 0.0378785 0.0470477 0.0578735 0.0705113 0.0850995 0.101751 0.120547 0.14153 0.164696 0.189992 0.217317 0.246513 0.277375 0.309653 0.343057 0.377266 0.41194 0.446725 0.481272 0.515238 0.548304 0.580179 0.610605 0.639366 0.666286 0.691233 0.714113 0.734873 0.75349 0.76997 0.784339 0.796639 0.806922 0.815242 0.82165 0.826191 0.828902 0.829803 0.828902 0.826191 0.82165 0.815242 0.806922 0.796639 0.784339 0.76997 0.75349 0.734873 0.714113 0.691233 0.666286 0.639366 0.610605 0.580179 0.548304 0.515238 0.481272 0.446725 0.41194 0.377266 0.343057 0.309653 0.277375 0.246513 0.217317 0.189992 0.164696 0.14153 0.120547 0.101751 0.0850995 0.0705113 0.0578735 0.0470477 0.0378785 0.0302001 0.0238434 0.0186416 0.0144349 0.0110746 0.0084253 0.00636727 0.00479705 0.00362795 0.0027899 0.00222914 0.00190772 
0.0019808 0.00209504 0.00244584 0.00305752 0.00397096 0.00524401 0.0069519 0.00918757 0.0120616 0.0157018 0.0202519 0.0258693 0.0327224 0.040986 0.0508363 0.0624442 0.0759686 0.0915483 0.109294 0.129281 0.151541 0.176059 0.202766 0.231538 0.262199 0.294518 0.328221 0.362993 0.398492 0.434353 0.470209 0.505692 0.540452 0.574164 0.606534 0.637312 0.666286 0.693295 0.718219 0.740984 0.761553 0.779924 0.796121 0.810192 0.822194 0.832196 0.840266 0.846467 0.850854 0.853469 0.854338 0.853469 0.850854 0.846467 0.840266 0.832196 0.822194 0.810192 0.796121 0.779924 0.761553 0.740984 0.718219 0.693295 0.666286 0.637312 0.606534 0.574164 0.540452 0.505692 0.470209 0.434353 0.398492 0.362993 0.328221 0.294518 0.262199 0.231538 0.202766 0.176059 0.151541 0.129281 0.109294 0.0915483 0.0759686 0.0624442 0.0508363 0.040986 0.0327224 0.0258693 0.0202519 0.0157018 0.0120616 0.00918757 0.0069519 0.00524401 0.00397096 0.00305752 0.00244584 0.00209504 
