1.09294e-05 1.14471e-05 1.30333e-05 1.57873e-05 1.98777e-05 2.55461e-05 3.3113e-05 4.29835e-05 5.56552e-05 7.17252e-05 9.18975e-05 0.000116989 0.000147935 0.000185788 0.000231724 0.000287029 0.000353095 0.000431405 0.000523509 0.000630999 0.000755477 0.000898513 0.0010616 0.0012461 0.00145321 0.00168387 0.00193872 0.00221808 0.00252183 0.00284943 0.00319983 0.00357147 0.00396224 0.00436953 0.00479017 0.0052205 0.00565643 0.00609342 0.00652667 0.00695109 0.00736148 0.00775256 0.00811916 0.00845625 0.00875909 0.00902335 0.00924517 0.00942125 0.00954896 0.00962637 0.0096523 0.00962637 0.00954896 0.00942125 0.00924517 0.00902335 0.00875909 0.00845625 0.00811916 0.00775256 0.00736148 0.00695109 0.00652667 0.00609342 0.00565643 0.0052205 0.00479017 0.00436953 0.00396224 0.00357147 0.00319983 0.00284943 0.00252183 0.00221808 0.00193872 0.00168387 0.00145321 0.0012461 0.0010616 0.000898513 0.000755477 0.000630999 0.000523509 0.000431405 0.000353095 0.000287029 0.000231724 0.000185788 0.000147935 0.000116989 9.18975e-05 7.17252e-05 5.56552e-05 4.29835e-05 3.3113e-05 2.55461e-05 1.98777e-05 1.57873e-05 1.30333e-05 1.14471e-05 
1.14471e-05 1.19881e-05 1.36454e-05 1.65223e-05 2.07945e-05 2.67134e-05 3.46121e-05 4.4912e-05 5.81304e-05 7.48875e-05 9.59143e-05 0.000122059 0.00015429 0.000193701 0.000241508 0.000299043 0.000367746 0.000449149 0.000544853 0.000656503 0.000785747 0.000934202 0.0011034 0.00129476 0.00150947 0.00174851 0.00201254 0.00230184 0.00261631 0.00295535 0.00331787 0.00370224 0.00410629 0.00452728 0.00496196 0.00540653 0.00585676 0.006308 0.00675526 0.00719332 0.00761681 0.00802031 0.00839848 0.00874616 0.00905849 0.00933098 0.00955969 0.00974123 0.00987289 0.0099527 0.00997943 0.0099527 0.00987289 0.00974123 0.00955969 0.00933098 0.00905849 0.00874616 0.00839848 0.00802031 0.00761681 0.00719332 0.00675526 0.006308 0.00585676 0.00540653 0.00496196 0.00452728 0.00410629 0.00370224 0.00331787 0.00295535 0.00261631 0.00230184 0.00201254 0.00174851 0.00150947 0.00129476 0.0011034 0.000934202 0.000785747 0.000656503 0.000544853 0.000449149 0.000367746 0.000299043 0.000241508 0.000193701 0.00015429 0.000122059 9.59143e-05 7.48875e-05 5.81304e-05 4.4912e-05 3.46121e-05 2.67134e-05 2.07945e-05 1.65223e-05 1.36454e-05 1.19881e-05 
1.30333e-05 1.36454e-05 1.55199e-05 1.8773e-05 2.36009e-05 3.0285e-05 3.91977e-05 5.08098e-05 6.56978e-05 8.4553e-05 0.000108188 0.000137546 0.0001737 0.000217861 0.000271373 0.000335704 0.000412442 0.000503268 0.000609938 0.000734247 0.000877996 0.00104294 0.00123074 0.00144291 0.00168075 0.00194527 0.00223715 0.00255668 0.00290368 0.00327744 0.00367674 0.00409975 0.00454403 0.00500659 0.00548381 0.00597154 0.00646513 0.0069595 0.0074492 0.00792856 0.00839172 0.0088328 0.00924601 0.00962575 0.00996675 0.0102642 0.0105137 0.0107118 0.0108554 0.0109425 0.0109716 0.0109425 0.0108554 0.0107118 0.0105137 0.0102642 0.00996675 0.00962575 0.00924601 0.0088328 0.00839172 0.00792856 0.0074492 0.0069595 0.00646513 0.00597154 0.00548381 0.00500659 0.00454403 0.00409975 0.00367674 0.00327744 0.00290368 0.00255668 0.00223715 0.00194527 0.00168075 0.00144291 0.00123074 0.00104294 0.000877996 0.000734247 0.000609938 0.000503268 0.000412442 0.000335704 0.000271373 0.000217861 0.0001737 0.000137546 0.000108188 8.4553e-05 6.56978e-05 5.08098e-05 3.91977e-05 3.0285e-05 2.36009e-05 1.8773e-05 1.55199e-05 1.36454e-05 
1.57873e-05 1.65223e-05 1.8773e-05 2.26765e-05 2.84654e-05 3.64724e-05 4.71374e-05 6.10155e-05 7.87858e-05 0.000101261 0.000129394 0.000164289 0.0002072 0.000259537 0.000322863 0.000398881 0.000489424 0.000596432 0.00072192 0.000867945 0.00103656 0.00122975 0.0014494 0.00169719 0.00197456 0.00228263 0.0026221 0.00299322 0.00339571 0.0038287 0.00429068 0.00477949 0.00529229 0.00582557 0.00637515 0.00693624 0.00750351 0.00807114 0.00863292 0.00918236 0.00971283 0.0102177 0.0106903 0.0111243 0.011514 0.0118536 0.0121385 0.0123646 0.0125284 0.0126277 0.012661 0.0126277 0.0125284 0.0123646 0.0121385 0.0118536 0.011514 0.0111243 0.0106903 0.0102177 0.00971283 0.00918236 0.00863292 0.00807114 0.00750351 0.00693624 0.00637515 0.00582557 0.00529229 0.00477949 0.00429068 0.0038287 0.00339571 0.00299322 0.0026221 0.00228263 0.00197456 0.00169719 0.0014494 0.00122975 0.00103656 0.000867945 0.00072192 0.000596432 0.000489424 0.000398881 0.000322863 0.000259537 0.0002072 0.000164289 0.000129394 0.000101261 7.87858e-05 6.10155e-05 4.71374e-05 3.64724e-05 2.84654e-05 2.26765e-05 1.8773e-05 1.65223e-05 
1.98777e-05 2.07945e-05 2.36009e-05 2.84654e-05 3.56735e-05 4.5633e-05 5.88826e-05 7.61009e-05 9.81168e-05 0.000125919 0.000160668 0.000203699 0.00025653 0.000320863 0.000398574 0.000491706 0.000602451 0.000733115 0.000886092 0.00106381 0.00126868 0.00150303 0.00176903 0.00206863 0.00240346 0.00277475 0.00318325 0.00362915 0.00411201 0.00463069 0.00518331 0.0057672 0.00637892 0.00701422 0.00766812 0.00833492 0.00900828 0.00968132 0.0103467 0.0109969 0.0116241 0.0122204 0.0127783 0.0132903 0.0137496 0.0141499 0.0144854 0.0147515 0.0149444 0.0150613 0.0151004 0.0150613 0.0149444 0.0147515 0.0144854 0.0141499 0.0137496 0.0132903 0.0127783 0.0122204 0.0116241 0.0109969 0.0103467 0.00968132 0.00900828 0.00833492 0.00766812 0.00701422 0.00637892 0.0057672 0.00518331 0.00463069 0.00411201 0.00362915 0.00318325 0.00277475 0.00240346 0.00206863 0.00176903 0.00150303 0.00126868 0.00106381 0.000886092 0.000733115 0.000602451 0.000491706 0.000398574 0.000320863 0.00025653 0.000203699 0.000160668 0.000125919 9.81168e-05 7.61009e-05 5.88826e-05 4.5633e-05 3.56735e-05 2.84654e-05 2.36009e-05 2.07945e-05 
2.55461e-05 2.67134e-05 3.0285e-05 3.64724e-05 4.5633e-05 5.82771e-05 7.50777e-05 9.68812e-05 0.000124719 0.000159822 0.000203625 0.000257781 0.000324163 0.000404862 0.000502179 0.000618613 0.000756831 0.000919634 0.00110991 0.00133059 0.00158455 0.00187456 0.00220319 0.0025727 0.00298499 0.00344141 0.00394277 0.00448915 0.0050799 0.00571348 0.00638751 0.00709864 0.0078426 0.00861418 0.00940729 0.010215 0.0110297 0.011843 0.0126463 0.0134304 0.014186 0.0149038 0.0155748 0.0161902 0.0167419 0.0172224 0.017625 0.0179442 0.0181755 0.0183156 0.0183625 0.0183156 0.0181755 0.0179442 0.017625 0.0172224 0.0167419 0.0161902 0.0155748 0.0149038 0.014186 0.0134304 0.0126463 0.011843 0.0110297 0.010215 0.00940729 0.00861418 0.0078426 0.00709864 0.00638751 0.00571348 0.0050799 0.00448915 0.00394277 0.00344141 0.00298499 0.0025727 0.00220319 0.00187456 0.00158455 0.00133059 0.00110991 0.000919634 0.000756831 0.000618613 0.000502179 0.000404862 0.000324163 0.000257781 0.000203625 0.000159822 0.000124719 9.68812e-05 7.50777e-05 5.82771e-05 4.5633e-05 3.64724e-05 3.0285e-05 2.67134e-05 
3.3113e-05 3.46121e-05 3.91977e-05 4.71374e-05 5.88826e-05 7.50777e-05 9.6571e-05 0.000124428 0.000159945 0.000204663 0.000260379 0.000329156 0.000413324 0.000515478 0.000638467 0.000785369 0.000959465 0.00116418 0.00140305 0.00167961 0.00199734 0.00235957 0.00276934 0.00322933 0.00374171 0.00430802 0.00492906 0.0056048 0.00633426 0.0071154 0.00794515 0.00881928 0.00973245 0.0106782 0.0116491 0.0126365 0.0136313 0.0146232 0.0156018 0.0165559 0.0174746 0.0183465 0.0191609 0.0199074 0.020576 0.021158 0.0216456 0.0220319 0.0223118 0.0224813 0.0225381 0.0224813 0.0223118 0.0220319 0.0216456 0.021158 0.020576 0.0199074 0.0191609 0.0183465 0.0174746 0.0165559 0.0156018 0.0146232 0.0136313 0.0126365 0.0116491 0.0106782 0.00973245 0.00881928 0.00794515 0.0071154 0.00633426 0.0056048 0.00492906 0.00430802 0.00374171 0.00322933 0.00276934 0.00235957 0.00199734 0.00167961 0.00140305 0.00116418 0.000959465 0.000785369 0.000638467 0.000515478 0.000413324 0.000329156 0.000260379 0.000204663 0.000159945 0.000124428 9.6571e-05 7.50777e-05 5.88826e-05 4.71374e-05 3.91977e-05 3.46121e-05 
4.29835e-05 4.4912e-05 5.08098e-05 6.10155e-05 7.61009e-05 9.68812e-05 0.000124428 0.000160085 0.000205484 0.000262562 0.000333572 0.000421093 0.00052803 0.000657612 0.000813372 0.000999116 0.00121888 0.00147688 0.00177741 0.00212479 0.00252322 0.0029767 0.00348886 0.00406283 0.00470112 0.00540546 0.00617663 0.00701438 0.00791731 0.00888274 0.0099067 0.0109838 0.0121075 0.0132696 0.0144609 0.0156711 0.0168887 0.0181015 0.0192965 0.0204606 0.0215802 0.0226419 0.0236328 0.0245403 0.0253527 0.0260595 0.0266512 0.02712 0.0274594 0.027665 0.0277338 0.027665 0.0274594 0.02712 0.0266512 0.0260595 0.0253527 0.0245403 0.0236328 0.0226419 0.0215802 0.0204606 0.0192965 0.0181015 0.0168887 0.0156711 0.0144609 0.0132696 0.0121075 0.0109838 0.0099067 0.00888274 0.00791731 0.00701438 0.00617663 0.00540546 0.00470112 0.00406283 0.00348886 0.0029767 0.00252322 0.00212479 0.00177741 0.00147688 0.00121888 0.000999116 0.000813372 0.000657612 0.00052803 0.000421093 0.000333572 0.000262562 0.000205484 0.000160085 0.000124428 9.68812e-05 7.61009e-05 6.10155e-05 5.08098e-05 4.4912e-05 
5.56552e-05 5.81304e-05 6.56978e-05 7.87858e-05 9.81168e-05 0.000124719 0.000159945 0.000205484 0.000263388 0.000336085 0.000426392 0.000537529 0.000673113 0.000837152 0.00103402 0.0012684 0.00154527 0.00186977 0.00224716 0.00268266 0.00318136 0.00374801 0.00438695 0.00510183 0.00589553 0.00676994 0.0077258 0.00876255 0.00987821 0.0110693 0.0123307 0.0136556 0.0150358 0.0164612 0.0179205 0.019401 0.0208887 0.0223688 0.0238256 0.0252431 0.0266052 0.0278958 0.0290992 0.0302005 0.0311858 0.0320424 0.0327593 0.033327 0.033738 0.0339868 0.0340701 0.0339868 0.033738 0.033327 0.0327593 0.0320424 0.0311858 0.0302005 0.0290992 0.0278958 0.0266052 0.0252431 0.0238256 0.0223688 0.0208887 0.019401 0.0179205 0.0164612 0.0150358 0.0136556 0.0123307 0.0110693 0.00987821 0.00876255 0.0077258 0.00676994 0.00589553 0.00510183 0.00438695 0.00374801 0.00318136 0.00268266 0.00224716 0.00186977 0.00154527 0.0012684 0.00103402 0.000837152 0.000673113 0.000537529 0.000426392 0.000336085 0.000263388 0.000205484 0.000159945 0.000124719 9.81168e-05 7.87858e-05 6.56978e-05 5.81304e-05 
7.17252e-05 7.48875e-05 8.4553e-05 0.000101261 0.000125919 0.000159822 0.000204663 0.000262562 0.000336085 0.000428261 0.0005426 0.000683102 0.00085425 0.00106099 0.00130872 0.00160319 0.00195048 0.00235687 0.00282872 0.00337235 0.00399384 0.00469888 0.00549254 0.00637911 0.00736182 0.00844272 0.00962242 0.0108999 0.0122725 0.0137357 0.0152828 0.0169055 0.0185935 0.0203343 0.0221142 0.0239175 0.0257273 0.0275256 0.0292938 0.0310124 0.0326622 0.0342239 0.0356789 0.0370095 0.0381991 0.0392329 0.0400975 0.0407819 0.0412773 0.0415771 0.0416775 0.0415771 0.0412773 0.0407819 0.0400975 0.0392329 0.0381991 0.0370095 0.0356789 0.0342239 0.0326622 0.0310124 0.0292938 0.0275256 0.0257273 0.0239175 0.0221142 0.0203343 0.0185935 0.0169055 0.0152828 0.0137357 0.0122725 0.0108999 0.00962242 0.00844272 0.00736182 0.00637911 0.00549254 0.00469888 0.00399384 0.00337235 0.00282872 0.00235687 0.00195048 0.00160319 0.00130872 0.00106099 0.00085425 0.000683102 0.0005426 0.000428261 0.000336085 0.000262562 0.000204663 0.000159822 0.000125919 0.000101261 8.4553e-05 7.48875e-05 
9.18975e-05 9.59143e-05 0.000108188 0.000129394 0.000160668 0.000203625 0.000260379 0.000333572 0.000426392 0.0005426 0.000686542 0.000863158 0.00107797 0.00133706 0.00164702 0.00201489 0.00244805 0.0029541 0.00354071 0.00421546 0.00498559 0.00585782 0.00683809 0.00793131 0.00914112 0.0104697 0.0119173 0.0134824 0.0151614 0.0169484 0.0188351 0.0208111 0.0228634 0.0249771 0.0271352 0.0293187 0.0315075 0.0336797 0.035813 0.0378843 0.0398706 0.0417492 0.0434979 0.0450958 0.0465235 0.0477633 0.0487998 0.04962 0.0502134 0.0505725 0.0506927 0.0505725 0.0502134 0.04962 0.0487998 0.0477633 0.0465235 0.0450958 0.0434979 0.0417492 0.0398706 0.0378843 0.035813 0.0336797 0.0315075 0.0293187 0.0271352 0.0249771 0.0228634 0.0208111 0.0188351 0.0169484 0.0151614 0.0134824 0.0119173 0.0104697 0.00914112 0.00793131 0.00683809 0.00585782 0.00498559 0.00421546 0.00354071 0.0029541 0.00244805 0.00201489 0.00164702 0.00133706 0.00107797 0.000863158 0.000686542 0.0005426 0.000426392 0.000333572 0.000260379 0.000203625 0.000160668 0.000129394 0.000108188 9.59143e-05 
0.000116989 0.000122059 0.000137546 0.000164289 0.000203699 0.000257781 0.000329156 0.000421093 0.000537529 0.000683102 0.000863158 0.00108376 0.00135166 0.00167428 0.00205964 0.00251626 0.00305307 0.0036792 0.00440383 0.00523595 0.00618415 0.00725628 0.00845923 0.00979857 0.0112783 0.0129006 0.0146654 0.0165705 0.0186108 0.020779 0.0230646 0.0254547 0.0279334 0.0304827 0.0330818 0.035708 0.0383371 0.0409431 0.0434994 0.0459787 0.0483538 0.0505978 0.0526849 0.0545906 0.0562921 0.0577687 0.0590026 0.0599786 0.0606845 0.0611116 0.0612545 0.0611116 0.0606845 0.0599786 0.0590026 0.0577687 0.0562921 0.0545906 0.0526849 0.0505978 0.0483538 0.0459787 0.0434994 0.0409431 0.0383371 0.035708 0.0330818 0.0304827 0.0279334 0.0254547 0.0230646 0.020779 0.0186108 0.0165705 0.0146654 0.0129006 0.0112783 0.00979857 0.00845923 0.00725628 0.00618415 0.00523595 0.00440383 0.0036792 0.00305307 0.00251626 0.00205964 0.00167428 0.00135166 0.00108376 0.000863158 0.000683102 0.000537529 0.000421093 0.000329156 0.000257781 0.000203699 0.000164289 0.000137546 0.000122059 
0.000147935 0.00015429 0.0001737 0.0002072 0.00025653 0.000324163 0.000413324 0.00052803 0.000673113 0.00085425 0.00107797 0.00135166 0.00168352 0.00208255 0.00255842 0.0031214 0.00378217 0.00455163 0.00544067 0.00645992 0.00761941 0.00892826 0.0103943 0.0120239 0.0138214 0.0157887 0.0179253 0.0202278 0.02269 0.0253021 0.0280514 0.0309219 0.0338944 0.0369469 0.0400547 0.0431906 0.0463256 0.0494292 0.0524699 0.0554157 0.0582347 0.0608955 0.063368 0.0656237 0.0676363 0.0693819 0.0708397 0.0719923 0.0728256 0.0733297 0.0734985 0.0733297 0.0728256 0.0719923 0.0708397 0.0693819 0.0676363 0.0656237 0.063368 0.0608955 0.0582347 0.0554157 0.0524699 0.0494292 0.0463256 0.0431906 0.0400547 0.0369469 0.0338944 0.0309219 0.0280514 0.0253021 0.02269 0.0202278 0.0179253 0.0157887 0.0138214 0.0120239 0.0103943 0.00892826 0.00761941 0.00645992 0.00544067 0.00455163 0.00378217 0.0031214 0.00255842 0.00208255 0.00168352 0.00135166 0.00107797 0.00085425 0.000673113 0.00052803 0.000413324 0.000324163 0.00025653 0.0002072 0.0001737 0.00015429 
0.000185788 0.000193701 0.000217861 0.000259537 0.000320863 0.000404862 0.000515478 0.000657612 0.000837152 0.00106099 0.00133706 0.00167428 0.00208255 0.00257268 0.00315628 0.00384559 0.00465331 0.00559234 0.00667551 0.00791524 0.00932317 0.0109098 0.012684 0.0146527 0.0168206 0.0191892 0.0217574 0.0245205 0.0274701 0.0305943 0.0338772 0.0372995 0.0408378 0.0444659 0.0481542 0.0518706 0.0555808 0.0592492 0.0628386 0.066312 0.0696321 0.0727628 0.0756693 0.0783186 0.0806806 0.082728 0.0844369 0.0857874 0.0867635 0.0873539 0.0875514 0.0873539 0.0867635 0.0857874 0.0844369 0.082728 0.0806806 0.0783186 0.0756693 0.0727628 0.0696321 0.066312 0.0628386 0.0592492 0.0555808 0.0518706 0.0481542 0.0444659 0.0408378 0.0372995 0.0338772 0.0305943 0.0274701 0.0245205 0.0217574 0.0191892 0.0168206 0.0146527 0.012684 0.0109098 0.00932317 0.00791524 0.00667551 0.00559234 0.00465331 0.00384559 0.00315628 0.00257268 0.00208255 0.00167428 0.00133706 0.00106099 0.000837152 0.000657612 0.000515478 0.000404862 0.000320863 0.000259537 0.000217861 0.000193701 
0.000231724 0.000241508 0.000271373 0.000322863 0.000398574 0.000502179 0.000638467 0.000813372 0.00103402 0.00130872 0.00164702 0.00205964 0.00255842 0.00315628 0.003867 0.00470509 0.00568554 0.00682349 0.0081339 0.00963118 0.0113287 0.0132384 0.0153702 0.0177316 0.0203274 0.0231587 0.0262233 0.0295148 0.0330226 0.0367317 0.0406229 0.0446726 0.048853 0.0531327 0.0574769 0.0618478 0.0662053 0.0705077 0.0747123 0.0787758 0.0826558 0.0863105 0.0897001 0.0927872 0.0955373 0.0979194 0.0999067 0.101476 0.102611 0.103296 0.103526 0.103296 0.102611 0.101476 0.0999067 0.0979194 0.0955373 0.0927872 0.0897001 0.0863105 0.0826558 0.0787758 0.0747123 0.0705077 0.0662053 0.0618478 0.0574769 0.0531327 0.048853 0.0446726 0.0406229 0.0367317 0.0330226 0.0295148 0.0262233 0.0231587 0.0203274 0.0177316 0.0153702 0.0132384 0.0113287 0.00963118 0.0081339 0.00682349 0.00568554 0.00470509 0.003867 0.00315628 0.00255842 0.00205964 0.00164702 0.00130872 0.00103402 0.000813372 0.000638467 0.000502179 0.000398574 0.000322863 0.000271373 0.000241508 
0.000287029 0.000299043 0.000335704 0.000398881 0.000491706 0.000618613 0.000785369 0.000999116 0.0012684 0.00160319 0.00201489 0.00251626 0.0031214 0.00384559 0.00470509 0.00571698 0.00689877 0.00826809 0.00984227 0.0116378 0.01367 0.0159522 0.0184954 0.0213076 0.0243934 0.0277534 0.0313837 0.0352761 0.039417 0.0437882 0.0483661 0.0531225 0.0580244 0.0630347 0.0681126 0.0732139 0.0782922 0.0832993 0.088186 0.092903 0.0974014 0.101634 0.105556 0.109124 0.112301 0.11505 0.117342 0.119152 0.120459 0.12125 0.121514 0.12125 0.120459 0.119152 0.117342 0.11505 0.112301 0.109124 0.105556 0.101634 0.0974014 0.092903 0.088186 0.0832993 0.0782922 0.0732139 0.0681126 0.0630347 0.0580244 0.0531225 0.0483661 0.0437882 0.039417 0.0352761 0.0313837 0.0277534 0.0243934 0.0213076 0.0184954 0.0159522 0.01367 0.0116378 0.00984227 0.00826809 0.00689877 0.00571698 0.00470509 0.00384559 0.0031214 0.00251626 0.00201489 0.00160319 0.0012684 0.000999116 0.000785369 0.000618613 0.000491706 0.000398881 0.000335704 0.000299043 
0.000353095 0.000367746 0.000412442 0.000489424 0.000602451 0.000756831 0.000959465 0.00121888 0.00154527 0.00195048 0.00244805 0.00305307 0.00378217 0.00465331 0.00568554 0.00689877 0.00831332 0.00994956 0.0118274 0.0139655 0.0163812 0.0190893 0.0221017 0.0254268 0.0290689 0.0330275 0.037297 0.0418664 0.0467191 0.0518325 0.0571785 0.0627233 0.0684283 0.0742497 0.0801401 0.0860486 0.0919215 0.0977037 0.103339 0.108772 0.113946 0.118809 0.123311 0.127403 0.131042 0.13419 0.136813 0.138883 0.140377 0.14128 0.141582 0.14128 0.140377 0.138883 0.136813 0.13419 0.131042 0.127403 0.123311 0.118809 0.113946 0.108772 0.103339 0.0977037 0.0919215 0.0860486 0.0801401 0.0742497 0.0684283 0.0627233 0.0571785 0.0518325 0.0467191 0.0418664 0.037297 0.0330275 0.0290689 0.0254268 0.0221017 0.0190893 0.0163812 0.0139655 0.0118274 0.00994956 0.00831332 0.00689877 0.00568554 0.00465331 0.00378217 0.00305307 0.00244805 0.00195048 0.00154527 0.00121888 0.000959465 0.000756831 0.000602451 0.000489424 0.000412442 0.000367746 
0.000431405 0.000449149 0.000503268 0.000596432 0.000733115 0.000919634 0.00116418 0.00147688 0.00186977 0.00235687 0.0029541 0.0036792 0.00455163 0.00559234 0.00682349 0.00826809 0.00994956 0.0118912 0.0141156 0.016644 0.0194955 0.0226864 0.0262295 0.0301333 0.0344014 0.0390319 0.0440171 0.0493427 0.0549881 0.0609262 0.0671233 0.0735395 0.0801296 0.0868428 0.0936244 0.100416 0.107156 0.113782 0.12023 0.126438 0.132344 0.137888 0.143013 0.147668 0.151805 0.15538 0.158357 0.160705 0.162399 0.163423 0.163766 0.163423 0.162399 0.160705 0.158357 0.15538 0.151805 0.147668 0.143013 0.137888 0.132344 0.126438 0.12023 0.113782 0.107156 0.100416 0.0936244 0.0868428 0.0801296 0.0735395 0.0671233 0.0609262 0.0549881 0.0493427 0.0440171 0.0390319 0.0344014 0.0301333 0.0262295 0.0226864 0.0194955 0.016644 0.0141156 0.0118912 0.00994956 0.00826809 0.00682349 0.00559234 0.00455163 0.0036792 0.0029541 0.00235687 0.00186977 0.00147688 0.00116418 0.000919634 0.000733115 0.000596432 0.000503268 0.000449149 
0.000523509 0.000544853 0.000609938 0.00072192 0.000886092 0.00110991 0.00140305 0.00177741 0.00224716 0.00282872 0.00354071 0.00440383 0.00544067 0.00667551 0.0081339 0.00984227 0.0118274 0.0141156 0.0167325 0.0197017 0.0230444 0.0267781 0.0309162 0.0354673 0.0404339 0.0458122 0.0515916 0.0577542 0.0642748 0.0711207 0.0782521 0.0856225 0.0931789 0.100863 0.108612 0.11636 0.124036 0.131571 0.138894 0.145933 0.15262 0.158891 0.164681 0.169935 0.174599 0.178627 0.181979 0.184621 0.186527 0.187678 0.188064 0.187678 0.186527 0.184621 0.181979 0.178627 0.174599 0.169935 0.164681 0.158891 0.15262 0.145933 0.138894 0.131571 0.124036 0.11636 0.108612 0.100863 0.0931789 0.0856225 0.0782521 0.0711207 0.0642748 0.0577542 0.0515916 0.0458122 0.0404339 0.0354673 0.0309162 0.0267781 0.0230444 0.0197017 0.0167325 0.0141156 0.0118274 0.00984227 0.0081339 0.00667551 0.00544067 0.00440383 0.00354071 0.00282872 0.00224716 0.00177741 0.00140305 0.00110991 0.000886092 0.00072192 0.000609938 0.000544853 
0.000630999 0.000656503 0.000734247 0.000867945 0.00106381 0.00133059 0.00167961 0.00212479 0.00268266 0.00337235 0.00421546 0.00523595 0.00645992 0.00791524 0.00963118 0.0116378 0.0139655 0.016644 0.0197017 0.0231649 0.0270565 0.0313953 0.0361953 0.0414644 0.0472036 0.0534069 0.0600601 0.067141 0.0746189 0.0824551 0.0906028 0.0990079 0.107609 0.116341 0.12513 0.133902 0.14258 0.151084 0.159335 0.167256 0.174771 0.181808 0.188299 0.194181 0.199399 0.203901 0.207645 0.210594 0.212721 0.214006 0.214435 0.214006 0.212721 0.210594 0.207645 0.203901 0.199399 0.194181 0.188299 0.181808 0.174771 0.167256 0.159335 0.151084 0.14258 0.133902 0.12513 0.116341 0.107609 0.0990079 0.0906028 0.0824551 0.0746189 0.067141 0.0600601 0.0534069 0.0472036 0.0414644 0.0361953 0.0313953 0.0270565 0.0231649 0.0197017 0.016644 0.0139655 0.0116378 0.00963118 0.00791524 0.00645992 0.00523595 0.00421546 0.00337235 0.00268266 0.00212479 0.00167961 0.00133059 0.00106381 0.000867945 0.000734247 0.000656503 
0.000755477 0.000785747 0.000877996 0.00103656 0.00126868 0.00158455 0.00199734 0.00252322 0.00318136 0.00399384 0.00498559 0.00618415 0.00761941 0.00932317 0.0113287 0.01367 0.0163812 0.0194955 0.0230444 0.0270565 0.0315566 0.0365646 0.0420945 0.0481532 0.0547399 0.0618454 0.0694516 0.077531 0.0860469 0.0949536 0.104197 0.113713 0.123434 0.133283 0.14318 0.15304 0.162777 0.172303 0.181531 0.190376 0.198756 0.206593 0.213813 0.220349 0.22614 0.231132 0.235281 0.238548 0.240902 0.242324 0.242799 0.242324 0.240902 0.238548 0.235281 0.231132 0.22614 0.220349 0.213813 0.206593 0.198756 0.190376 0.181531 0.172303 0.162777 0.15304 0.14318 0.133283 0.123434 0.113713 0.104197 0.0949536 0.0860469 0.077531 0.0694516 0.0618454 0.0547399 0.0481532 0.0420945 0.0365646 0.0315566 0.0270565 0.0230444 0.0194955 0.0163812 0.01367 0.0113287 0.00932317 0.00761941 0.00618415 0.00498559 0.00399384 0.00318136 0.00252322 0.00199734 0.00158455 0.00126868 0.00103656 0.000877996 0.000785747 
0.000898513 0.000934202 0.00104294 0.00122975 0.00150303 0.00187456 0.00235957 0.0029767 0.00374801 0.00469888 0.00585782 0.00725628 0.00892826 0.0109098 0.0132384 0.0159522 0.0190893 0.0226864 0.0267781 0.0313953 0.0365646 0.0423066 0.0486347 0.0555546 0.0630629 0.0711469 0.0797833 0.088939 0.0985703 0.108624 0.119036 0.129735 0.140644 0.151674 0.162738 0.17374 0.184586 0.195179 0.205423 0.215227 0.224502 0.233163 0.241132 0.248338 0.254716 0.26021 0.264771 0.268361 0.270947 0.272507 0.273029 0.272507 0.270947 0.268361 0.264771 0.26021 0.254716 0.248338 0.241132 0.233163 0.224502 0.215227 0.205423 0.195179 0.184586 0.17374 0.162738 0.151674 0.140644 0.129735 0.119036 0.108624 0.0985703 0.088939 0.0797833 0.0711469 0.0630629 0.0555546 0.0486347 0.0423066 0.0365646 0.0313953 0.0267781 0.0226864 0.0190893 0.0159522 0.0132384 0.0109098 0.00892826 0.00725628 0.00585782 0.00469888 0.00374801 0.0029767 0.00235957 0.00187456 0.00150303 0.00122975 0.00104294 0.000934202 
0.0010616 0.0011034 0.00123074 0.0014494 0.00176903 0.00220319 0.00276934 0.00348886 0.00438695 0.00549254 0.00683809 0.00845923 0.0103943 0.012684 0.0153702 0.0184954 0.0221017 0.0262295 0.0309162 0.0361953 0.0420945 0.0486347 0.0558286 0.06368 0.0721823 0.0813181 0.0910588 0.101364 0.112183 0.123454 0.135103 0.14705 0.159205 0.171473 0.183754 0.195943 0.207937 0.219631 0.23092 0.241707 0.251895 0.261396 0.270126 0.27801 0.284981 0.290981 0.295957 0.299871 0.30269 0.30439 0.304958 0.30439 0.30269 0.299871 0.295957 0.290981 0.284981 0.27801 0.270126 0.261396 0.251895 0.241707 0.23092 0.219631 0.207937 0.195943 0.183754 0.171473 0.159205 0.14705 0.135103 0.123454 0.112183 0.101364 0.0910588 0.0813181 0.0721823 0.06368 0.0558286 0.0486347 0.0420945 0.0361953 0.0309162 0.0262295 0.0221017 0.0184954 0.0153702 0.012684 0.0103943 0.00845923 0.00683809 0.00549254 0.00438695 0.00348886 0.00276934 0.00220319 0.00176903 0.0014494 0.00123074 0.0011034 
0.0012461 0.00129476 0.00144291 0.00169719 0.00206863 0.0025727 0.00322933 0.00406283 0.00510183 0.00637911 0.00793131 0.00979857 0.0120239 0.0146527 0.0177316 0.0213076 0.0254268 0.0301333 0.0354673 0.0414644 0.0481532 0.0555546 0.06368 0.0725305 0.0820957 0.0923528 0.103267 0.11479 0.126863 0.139413 0.152358 0.165607 0.17906 0.19261 0.206147 0.219558 0.232729 0.245545 0.257898 0.26968 0.28079 0.291136 0.300628 0.309191 0.316753 0.323254 0.328643 0.332878 0.335926 0.337764 0.338378 0.337764 0.335926 0.332878 0.328643 0.323254 0.316753 0.309191 0.300628 0.291136 0.28079 0.26968 0.257898 0.245545 0.232729 0.219558 0.206147 0.19261 0.17906 0.165607 0.152358 0.139413 0.126863 0.11479 0.103267 0.0923528 0.0820957 0.0725305 0.06368 0.0555546 0.0481532 0.0414644 0.0354673 0.0301333 0.0254268 0.0213076 0.0177316 0.0146527 0.0120239 0.00979857 0.00793131 0.00637911 0.00510183 0.00406283 0.00322933 0.0025727 0.00206863 0.00169719 0.00144291 0.00129476 
0.00145321 0.00150947 0.00168075 0.00197456 0.00240346 0.00298499 0.00374171 0.00470112 0.00589553 0.00736182 0.00914112 0.0112783 0.0138214 0.0168206 0.0203274 0.0243934 0.0290689 0.0344014 0.0404339 0.0472036 0.0547399 0.0630629 0.0721823 0.0820957 0.0927878 0.10423 0.11638 0.129182 0.142566 0.15645 0.170741 0.185337 0.200126 0.214991 0.229812 0.244466 0.258828 0.272778 0.286198 0.298976 0.311006 0.322189 0.332437 0.341667 0.34981 0.356802 0.362594 0.367142 0.370413 0.372385 0.373044 0.372385 0.370413 0.367142 0.362594 0.356802 0.34981 0.341667 0.332437 0.322189 0.311006 0.298976 0.286198 0.272778 0.258828 0.244466 0.229812 0.214991 0.200126 0.185337 0.170741 0.15645 0.142566 0.129182 0.11638 0.10423 0.0927878 0.0820957 0.0721823 0.0630629 0.0547399 0.0472036 0.0404339 0.0344014 0.0290689 0.0243934 0.0203274 0.0168206 0.0138214 0.0112783 0.00914112 0.00736182 0.00589553 0.00470112 0.00374171 0.00298499 0.00240346 0.00197456 0.00168075 0.00150947 
0.00168387 0.00174851 0.00194527 0.00228263 0.00277475 0.00344141 0.00430802 0.00540546 0.00676994 0.00844272 0.0104697 0.0129006 0.0157887 0.0191892 0.0231587 0.0277534 0.0330275 0.0390319 0.0458122 0.0534069 0.0618454 0.0711469 0.0813181 0.0923528 0.10423 0.116915 0.130355 0.144487 0.15923 0.174492 0.190167 0.206142 0.222295 0.238496 0.254615 0.270519 0.286075 0.301156 0.315636 0.329397 0.342331 0.354335 0.365318 0.375197 0.383901 0.391368 0.397546 0.402394 0.40588 0.40798 0.408682 0.40798 0.40588 0.402394 0.397546 0.391368 0.383901 0.375197 0.365318 0.354335 0.342331 0.329397 0.315636 0.301156 0.286075 0.270519 0.254615 0.238496 0.222295 0.206142 0.190167 0.174492 0.15923 0.144487 0.130355 0.116915 0.10423 0.0923528 0.0813181 0.0711469 0.0618454 0.0534069 0.0458122 0.0390319 0.0330275 0.0277534 0.0231587 0.0191892 0.0157887 0.0129006 0.0104697 0.00844272 0.00676994 0.00540546 0.00430802 0.00344141 0.00277475 0.00228263 0.00194527 0.00174851 
0.00193872 0.00201254 0.00223715 0.0026221 0.00318325 0.00394277 0.00492906 0.00617663 0.0077258 0.00962242 0.0119173 0.0146654 0.0179253 0.0217574 0.0262233 0.0313837 0.037297 0.0440171 0.0515916 0.0600601 0.0694516 0.0797833 0.0910588 0.103267 0.11638 0.130355 0.145133 0.160637 0.176777 0.193448 0.210534 0.227908 0.245437 0.262981 0.280398 0.297546 0.314285 0.330479 0.345997 0.360718 0.374528 0.387324 0.399013 0.409512 0.41875 0.426667 0.43321 0.438341 0.442028 0.444248 0.44499 0.444248 0.442028 0.438341 0.43321 0.426667 0.41875 0.409512 0.399013 0.387324 0.374528 0.360718 0.345997 0.330479 0.314285 0.297546 0.280398 0.262981 0.245437 0.227908 0.210534 0.193448 0.176777 0.160637 0.145133 0.130355 0.11638 0.103267 0.0910588 0.0797833 0.0694516 0.0600601 0.0515916 0.0440171 0.037297 0.0313837 0.0262233 0.0217574 0.0179253 0.0146654 0.0119173 0.00962242 0.0077258 0.00617663 0.00492906 0.00394277 0.00318325 0.0026221 0.00223715 0.00201254 
0.00221808 0.00230184 0.00255668 0.00299322 0.00362915 0.00448915 0.0056048 0.00701438 0.00876255 0.0108999 0.0134824 0.0165705 0.0202278 0.0245205 0.0295148 0.0352761 0.0418664 0.0493427 0.0577542 0.067141 0.077531 0.088939 0.101364 0.11479 0.129182 0.144487 0.160637 0.177544 0.195106 0.213206 0.231716 0.250496 0.269401 0.28828 0.306982 0.325354 0.34325 0.360527 0.377049 0.392692 0.40734 0.420888 0.433244 0.444326 0.454063 0.462397 0.469279 0.474671 0.478542 0.480873 0.481652 0.480873 0.478542 0.474671 0.469279 0.462397 0.454063 0.444326 0.433244 0.420888 0.40734 0.392692 0.377049 0.360527 0.34325 0.325354 0.306982 0.28828 0.269401 0.250496 0.231716 0.213206 0.195106 0.177544 0.160637 0.144487 0.129182 0.11479 0.101364 0.088939 0.077531 0.067141 0.0577542 0.0493427 0.0418664 0.0352761 0.0295148 0.0245205 0.0202278 0.0165705 0.0134824 0.0108999 0.00876255 0.00701438 0.0056048 0.00448915 0.00362915 0.00299322 0.00255668 0.00230184 
0.00252183 0.00261631 0.00290368 0.00339571 0.00411201 0.0050799 0.00633426 0.00791731 0.00987821 0.0122725 0.0151614 0.0186108 0.02269 0.0274701 0.0330226 0.039417 0.0467191 0.0549881 0.0642748 0.0746189 0.0860469 0.0985703 0.112183 0.126863 0.142566 0.15923 0.176777 0.195106 0.214103 0.233639 0.253572 0.273751 0.294018 0.314211 0.334169 0.353733 0.372746 0.391063 0.408543 0.425059 0.440495 0.454746 0.46772 0.479338 0.489533 0.498247 0.505436 0.511063 0.5151 0.51753 0.518342 0.51753 0.5151 0.511063 0.505436 0.498247 0.489533 0.479338 0.46772 0.454746 0.440495 0.425059 0.408543 0.391063 0.372746 0.353733 0.334169 0.314211 0.294018 0.273751 0.253572 0.233639 0.214103 0.195106 0.176777 0.15923 0.142566 0.126863 0.112183 0.0985703 0.0860469 0.0746189 0.0642748 0.0549881 0.0467191 0.039417 0.0330226 0.0274701 0.02269 0.0186108 0.0151614 0.0122725 0.00987821 0.00791731 0.00633426 0.0050799 0.00411201 0.00339571 0.00290368 0.00261631 
0.00284943 0.00295535 0.00327744 0.0038287 0.00463069 0.00571348 0.0071154 0.00888274 0.0110693 0.0137357 0.0169484 0.020779 0.0253021 0.0305943 0.0367317 0.0437882 0.0518325 0.0609262 0.0711207 0.0824551 0.0949536 0.108624 0.123454 0.139413 0.15645 0.174492 0.193448 0.213206 0.233639 0.254604 0.275947 0.297503 0.319104 0.340576 0.36175 0.382458 0.402538 0.421839 0.440219 0.457549 0.473713 0.488608 0.502145 0.514247 0.524851 0.533903 0.541362 0.547195 0.551378 0.553894 0.554734 0.553894 0.551378 0.547195 0.541362 0.533903 0.524851 0.514247 0.502145 0.488608 0.473713 0.457549 0.440219 0.421839 0.402538 0.382458 0.36175 0.340576 0.319104 0.297503 0.275947 0.254604 0.233639 0.213206 0.193448 0.174492 0.15645 0.139413 0.123454 0.108624 0.0949536 0.0824551 0.0711207 0.0609262 0.0518325 0.0437882 0.0367317 0.0305943 0.0253021 0.020779 0.0169484 0.0137357 0.0110693 0.00888274 0.0071154 0.00571348 0.00463069 0.0038287 0.00327744 0.00295535 
0.00319983 0.00331787 0.00367674 0.00429068 0.00518331 0.00638751 0.00794515 0.0099067 0.0123307 0.0152828 0.0188351 0.0230646 0.0280514 0.0338772 0.0406229 0.0483661 0.0571785 0.0671233 0.0782521 0.0906028 0.104197 0.119036 0.135103 0.152358 0.170741 0.190167 0.210534 0.231716 0.253572 0.275947 0.298672 0.321572 0.344465 0.367169 0.389505 0.411298 0.432382 0.452602 0.471815 0.489891 0.506716 0.522189 0.536226 0.548753 0.559713 0.569056 0.576746 0.582754 0.587059 0.589648 0.590511 0.589648 0.587059 0.582754 0.576746 0.569056 0.559713 0.548753 0.536226 0.522189 0.506716 0.489891 0.471815 0.452602 0.432382 0.411298 0.389505 0.367169 0.344465 0.321572 0.298672 0.275947 0.253572 0.231716 0.210534 0.190167 0.170741 0.152358 0.135103 0.119036 0.104197 0.0906028 0.0782521 0.0671233 0.0571785 0.0483661 0.0406229 0.0338772 0.0280514 0.0230646 0.0188351 0.0152828 0.0123307 0.0099067 0.00794515 0.00638751 0.00518331 0.00429068 0.00367674 0.00331787 
0.00357147 0.00370224 0.00409975 0.00477949 0.0057672 0.00709864 0.00881928 0.0109838 0.0136556 0.0169055 0.0208111 0.0254547 0.0309219 0.0372995 0.0446726 0.0531225 0.0627233 0.0735395 0.0856225 0.0990079 0.113713 0.129735 0.14705 0.165607 0.185337 0.206142 0.227908 0.250496 0.273751 0.297503 0.321572 0.345769 0.369901 0.393778 0.417212 0.440021 0.462037 0.483101 0.50307 0.521817 0.539228 0.555209 0.569678 0.582568 0.593827 0.603412 0.611292 0.617442 0.621845 0.624491 0.625374 0.624491 0.621845 0.617442 0.611292 0.603412 0.593827 0.582568 0.569678 0.555209 0.539228 0.521817 0.50307 0.483101 0.462037 0.440021 0.417212 0.393778 0.369901 0.345769 0.321572 0.297503 0.273751 0.250496 0.227908 0.206142 0.185337 0.165607 0.14705 0.129735 0.113713 0.0990079 0.0856225 0.0735395 0.0627233 0.0531225 0.0446726 0.0372995 0.0309219 0.0254547 0.0208111 0.0169055 0.0136556 0.0109838 0.00881928 0.00709864 0.0057672 0.00477949 0.00409975 0.00370224 
0.00396224 0.00410629 0.00454403 0.00529229 0.00637892 0.0078426 0.00973245 0.0121075 0.0150358 0.0185935 0.0228634 0.0279334 0.0338944 0.0408378 0.048853 0.0580244 0.0684283 0.0801296 0.0931789 0.107609 0.123434 0.140644 0.159205 0.17906 0.200126 0.222295 0.245437 0.269401 0.294018 0.319104 0.344465 0.369901 0.39521 0.42019 0.444648 0.468397 0.491264 0.513091 0.533735 0.553071 0.570991 0.587403 0.602234 0.615423 0.626923 0.636699 0.644725 0.650983 0.65546 0.658149 0.659046 0.658149 0.65546 0.650983 0.644725 0.636699 0.626923 0.615423 0.602234 0.587403 0.570991 0.553071 0.533735 0.513091 0.491264 0.468397 0.444648 0.42019 0.39521 0.369901 0.344465 0.319104 0.294018 0.269401 0.245437 0.222295 0.200126 0.17906 0.159205 0.140644 0.123434 0.107609 0.0931789 0.0801296 0.0684283 0.0580244 0.048853 0.0408378 0.0338944 0.0279334 0.0228634 0.0185935 0.0150358 0.0121075 0.00973245 0.0078426 0.00637892 0.00529229 0.00454403 0.00410629 
0.00436953 0.00452728 0.00500659 0.00582557 0.00701422 0.00861418 0.0106782 0.0132696 0.0164612 0.0203343 0.0249771 0.0304827 0.0369469 0.0444659 0.0531327 0.0630347 0.0742497 0.0868428 0.100863 0.116341 0.133283 0.151674 0.171473 0.19261 0.214991 0.238496 0.262981 0.28828 0.314211 0.340576 0.367169 0.393778 0.42019 0.446197 0.471597 0.496202 0.519835 0.542338 0.563572 0.583414 0.601761 0.618528 0.633649 0.64707 0.658753 0.668668 0.676798 0.683131 0.687657 0.690375 0.691281 0.690375 0.687657 0.683131 0.676798 0.668668 0.658753 0.64707 0.633649 0.618528 0.601761 0.583414 0.563572 0.542338 0.519835 0.496202 0.471597 0.446197 0.42019 0.393778 0.367169 0.340576 0.314211 0.28828 0.262981 0.238496 0.214991 0.19261 0.171473 0.151674 0.133283 0.116341 0.100863 0.0868428 0.0742497 0.0630347 0.0531327 0.0444659 0.0369469 0.0304827 0.0249771 0.0203343 0.0164612 0.0132696 0.0106782 0.00861418 0.00701422 0.00582557 0.00500659 0.00452728 
0.00479017 0.00496196 0.00548381 0.00637515 0.00766812 0.00940729 0.0116491 0.0144609 0.0179205 0.0221142 0.0271352 0.0330818 0.0400547 0.0481542 0.0574769 0.0681126 0.0801401 0.0936244 0.108612 0.12513 0.14318 0.162738 0.183754 0.206147 0.229812 0.254615 0.280398 0.306982 0.334169 0.36175 0.389505 0.417212 0.444648 0.471597 0.497854 0.523226 0.547536 0.570627 0.592363 0.612625 0.631319 0.648365 0.663704 0.677293 0.689101 0.699107 0.707299 0.713673 0.718226 0.720957 0.721867 0.720957 0.718226 0.713673 0.707299 0.699107 0.689101 0.677293 0.663704 0.648365 0.631319 0.612625 0.592363 0.570627 0.547536 0.523226 0.497854 0.471597 0.444648 0.417212 0.389505 0.36175 0.334169 0.306982 0.280398 0.254615 0.229812 0.206147 0.183754 0.162738 0.14318 0.12513 0.108612 0.0936244 0.0801401 0.0681126 0.0574769 0.0481542 0.0400547 0.0330818 0.0271352 0.0221142 0.0179205 0.0144609 0.0116491 0.00940729 0.00766812 0.00637515 0.00548381 0.00496196 
0.0052205 0.00540653 0.00597154 0.00693624 0.00833492 0.010215 0.0126365 0.0156711 0.019401 0.0239175 0.0293187 0.035708 0.0431906 0.0518706 0.0618478 0.0732139 0.0860486 0.100416 0.11636 0.133902 0.15304 0.17374 0.195943 0.219558 0.244466 0.270519 0.297546 0.325354 0.353733 0.382458 0.411298 0.440021 0.468397 0.496202 0.523226 0.549274 0.574171 0.597762 0.619913 0.640513 0.659473 0.676723 0.692213 0.705908 0.717785 0.727834 0.73605 0.742434 0.74699 0.749722 0.750632 0.749722 0.74699 0.742434 0.73605 0.727834 0.717785 0.705908 0.692213 0.676723 0.659473 0.640513 0.619913 0.597762 0.574171 0.549274 0.523226 0.496202 0.468397 0.440021 0.411298 0.382458 0.353733 0.325354 0.297546 0.270519 0.244466 0.219558 0.195943 0.17374 0.15304 0.133902 0.11636 0.100416 0.0860486 0.0732139 0.0618478 0.0518706 0.0431906 0.035708 0.0293187 0.0239175 0.019401 0.0156711 0.0126365 0.010215 0.00833492 0.00693624 0.00597154 0.00540653 
0.00565643 0.00585676 0.00646513 0.00750351 0.00900828 0.0110297 0.0136313 0.0168887 0.0208887 0.0257273 0.0315075 0.0383371 0.0463256 0.0555808 0.0662053 0.0782922 0.0919215 0.107156 0.124036 0.14258 0.162777 0.184586 0.207937 0.232729 0.258828 0.286075 0.314285 0.34325 0.372746 0.402538 0.432382 0.462037 0.491264 0.519835 0.547536 0.574171 0.599566 0.623569 0.646051 0.666909 0.68606 0.703444 0.71902 0.732763 0.744659 0.754707 0.76291 0.769277 0.773816 0.776536 0.777442 0.776536 0.773816 0.769277 0.76291 0.754707 0.744659 0.732763 0.71902 0.703444 0.68606 0.666909 0.646051 0.623569 0.599566 0.574171 0.547536 0.519835 0.491264 0.462037 0.432382 0.402538 0.372746 0.34325 0.314285 0.286075 0.258828 0.232729 0.207937 0.184586 0.162777 0.14258 0.124036 0.107156 0.0919215 0.0782922 0.0662053 0.0555808 0.0463256 0.0383371 0.0315075 0.0257273 0.0208887 0.0168887 0.0136313 0.0110297 0.00900828 0.00750351 0.00646513 0.00585676 
0.00609342 0.006308 0.0069595 0.00807114 0.00968132 0.011843 0.0146232 0.0181015 0.0223688 0.0275256 0.0336797 0.0409431 0.0494292 0.0592492 0.0705077 0.0832993 0.0977037 0.113782 0.131571 0.151084 0.172303 0.195179 0.219631 0.245545 0.272778 0.301156 0.330479 0.360527 0.391063 0.421839 0.452602 0.483101 0.513091 0.542338 0.570627 0.597762 0.623569 0.647901 0.670635 0.691675 0.710947 0.728401 0.744005 0.757743 0.769613 0.779621 0.787779 0.794104 0.798608 0.801306 0.802204 0.801306 0.798608 0.794104 0.787779 0.779621 0.769613 0.757743 0.744005 0.728401 0.710947 0.691675 0.670635 0.647901 0.623569 0.597762 0.570627 0.542338 0.513091 0.483101 0.452602 0.421839 0.391063 0.360527 0.330479 0.301156 0.272778 0.245545 0.219631 0.195179 0.172303 0.151084 0.131571 0.113782 0.0977037 0.0832993 0.0705077 0.0592492 0.0494292 0.0409431 0.0336797 0.0275256 0.0223688 0.0181015 0.0146232 0.011843 0.00968132 0.00807114 0.0069595 0.006308 
0.00652667 0.00675526 0.0074492 0.00863292 0.0103467 0.0126463 0.0156018 0.0192965 0.0238256 0.0292938 0.035813 0.0434994 0.0524699 0.0628386 0.0747123 0.088186 0.103339 0.12023 0.138894 0.159335 0.181531 0.205423 0.23092 0.257898 0.286198 0.315636 0.345997 0.377049 0.408543 0.440219 0.471815 0.50307 0.533735 0.563572 0.592363 0.619913 0.646051 0.670635 0.693549 0.714703 0.734034 0.7515 0.767079 0.780767 0.792571 0.802505 0.810592 0.816852 0.821307 0.823973 0.82486 0.823973 0.821307 0.816852 0.810592 0.802505 0.792571 0.780767 0.767079 0.7515 0.734034 0.714703 0.693549 0.670635 0.646051 0.619913 0.592363 0.563572 0.533735 0.50307 0.471815 0.440219 0.408543 0.377049 0.345997 0.315636 0.286198 0.257898 0.23092 0.205423 0.181531 0.159335 0.138894 0.12023 0.103339 0.088186 0.0747123 0.0628386 0.0524699 0.0434994 0.035813 0.0292938 0.0238256 0.0192965 0.0156018 0.0126463 0.0103467 0.00863292 0.0074492 0.00675526 
