3.8571e-12 4.92697e-12 8.64897e-12 1.67644e-11 3.29198e-11 6.40189e-11 1.22637e-10 2.31135e-10 4.28478e-10 7.81258e-10 1.40111e-09 2.47162e-09 4.28892e-09 7.32153e-09 1.22964e-08 2.03194e-08 3.30406e-08 5.28725e-08 8.3273e-08 1.29098e-07 1.97026e-07 2.9605e-07 4.38021e-07 6.38202e-07 9.15801e-07 1.29439e-06 1.80217e-06 2.47188e-06 3.34038e-06 4.44773e-06 5.83562e-06 7.54524e-06 9.61461e-06 1.20753e-05 1.49489e-05 1.82435e-05 2.19505e-05 2.6042e-05 3.04691e-05 3.51622e-05 4.00314e-05 4.49703e-05 4.98593e-05 5.45712e-05 5.89767e-05 6.29506e-05 6.63769e-05 6.91542e-05 7.11998e-05 7.24522e-05 7.28739e-05 7.24522e-05 7.11998e-05 6.91542e-05 6.63769e-05 6.29506e-05 5.89767e-05 5.45712e-05 4.98593e-05 4.49703e-05 4.00314e-05 3.51622e-05 3.04691e-05 2.6042e-05 2.19505e-05 1.82435e-05 1.49489e-05 1.20753e-05 9.61461e-06 7.54524e-06 5.83562e-06 4.44773e-06 3.34038e-06 2.47188e-06 1.80217e-06 1.29439e-06 9.15801e-07 6.38202e-07 4.38021e-07 2.9605e-07 1.97026e-07 1.29098e-07 8.3273e-08 5.28725e-08 3.30406e-08 2.03194e-08 1.22964e-08 7.32153e-09 4.28892e-09 2.47162e-09 1.40111e-09 7.81258e-10 4.28478e-10 2.31135e-10 1.22637e-10 6.40189e-11 3.29198e-11 1.67644e-11 8.64897e-12 4.92697e-12 
4.92697e-12 6.28713e-12 1.10154e-11 2.13114e-11 4.17747e-11 8.10982e-11 1.55085e-10 2.91777e-10 5.39935e-10 9.82707e-10 1.75917e-09 3.09751e-09 5.36494e-09 9.141e-09 1.53227e-08 2.52713e-08 4.10122e-08 6.54997e-08 1.02957e-07 1.59297e-07 2.42632e-07 3.63856e-07 5.37283e-07 7.813e-07 1.11898e-06 1.57856e-06 2.19371e-06 3.00344e-06 4.0515e-06 5.3853e-06 7.054e-06 9.10599e-06 1.15857e-05 1.45296e-05 1.79623e-05 2.18925e-05 2.63087e-05 3.11768e-05 3.64383e-05 4.20096e-05 4.77845e-05 5.36367e-05 5.94251e-05 6.49996e-05 7.02084e-05 7.49041e-05 7.89509e-05 8.223e-05 8.46445e-05 8.61225e-05 8.66201e-05 8.61225e-05 8.46445e-05 8.223e-05 7.89509e-05 7.49041e-05 7.02084e-05 6.49996e-05 5.94251e-05 5.36367e-05 4.77845e-05 4.20096e-05 3.64383e-05 3.11768e-05 2.63087e-05 2.18925e-05 1.79623e-05 1.45296e-05 1.15857e-05 9.10599e-06 7.054e-06 5.3853e-06 4.0515e-06 3.00344e-06 2.19371e-06 1.57856e-06 1.11898e-06 7.813e-07 5.37283e-07 3.63856e-07 2.42632e-07 1.59297e-07 1.02957e-07 6.54997e-08 4.10122e-08 2.52713e-08 1.53227e-08 9.141e-09 5.36494e-09 3.09751e-09 1.75917e-09 9.82707e-10 5.39935e-10 2.91777e-10 1.55085e-10 8.10982e-11 4.17747e-11 2.13114e-11 1.10154e-11 6.28713e-12 
8.64897e-12 1.10154e-11 1.92297e-11 3.70724e-11 7.24276e-11 1.40145e-10 2.67117e-10 5.00878e-10 9.2374e-10 1.67547e-09 2.98881e-09 5.24395e-09 9.04983e-09 1.5363e-08 2.56567e-08 4.21557e-08 6.81533e-08 1.08428e-07 1.69773e-07 2.61652e-07 3.96975e-07 5.92981e-07 8.72194e-07 1.26338e-06 1.80244e-06 2.53304e-06 3.50693e-06 4.78371e-06 6.42982e-06 8.51671e-06 1.11179e-05 1.43052e-05 1.81436e-05 2.26857e-05 2.79656e-05 3.39927e-05 4.07463e-05 4.81716e-05 5.61772e-05 6.46352e-05 7.33839e-05 8.22327e-05 9.09699e-05 9.93713e-05 0.000107211 0.00011427 0.000120347 0.000125268 0.000128888 0.000131104 0.00013185 0.000131104 0.000128888 0.000125268 0.000120347 0.00011427 0.000107211 9.93713e-05 9.09699e-05 8.22327e-05 7.33839e-05 6.46352e-05 5.61772e-05 4.81716e-05 4.07463e-05 3.39927e-05 2.79656e-05 2.26857e-05 1.81436e-05 1.43052e-05 1.11179e-05 8.51671e-06 6.42982e-06 4.78371e-06 3.50693e-06 2.53304e-06 1.80244e-06 1.26338e-06 8.72194e-07 5.92981e-07 3.96975e-07 2.61652e-07 1.69773e-07 1.08428e-07 6.81533e-08 4.21557e-08 2.56567e-08 1.5363e-08 9.04983e-09 5.24395e-09 2.98881e-09 1.67547e-09 9.2374e-10 5.00878e-10 2.67117e-10 1.40145e-10 7.24276e-11 3.70724e-11 1.92297e-11 1.10154e-11 
1.67644e-11 2.13114e-11 3.70724e-11 7.12253e-11 1.38699e-10 2.67518e-10 5.08249e-10 9.49921e-10 1.74607e-09 3.1563e-09 5.61107e-09 9.81034e-09 1.68701e-08 2.85352e-08 4.74795e-08 7.7721e-08 1.25176e-07 1.98385e-07 3.09423e-07 4.75018e-07 7.1786e-07 1.06808e-06 1.56479e-06 2.2577e-06 3.20839e-06 4.49138e-06 6.19439e-06 8.41776e-06 1.12726e-05 1.48775e-05 1.93536e-05 2.48177e-05 3.13744e-05 3.91065e-05 4.80651e-05 5.82596e-05 6.96494e-05 8.21374e-05 9.55664e-05 0.00010972 0.000124328 0.000139073 0.000153605 0.000167555 0.000180553 0.000192242 0.000202296 0.000210428 0.000216409 0.000220067 0.000221298 0.000220067 0.000216409 0.000210428 0.000202296 0.000192242 0.000180553 0.000167555 0.000153605 0.000139073 0.000124328 0.00010972 9.55664e-05 8.21374e-05 6.96494e-05 5.82596e-05 4.80651e-05 3.91065e-05 3.13744e-05 2.48177e-05 1.93536e-05 1.48775e-05 1.12726e-05 8.41776e-06 6.19439e-06 4.49138e-06 3.20839e-06 2.2577e-06 1.56479e-06 1.06808e-06 7.1786e-07 4.75018e-07 3.09423e-07 1.98385e-07 1.25176e-07 7.7721e-08 4.74795e-08 2.85352e-08 1.68701e-08 9.81034e-09 5.61107e-09 3.1563e-09 1.74607e-09 9.49921e-10 5.08249e-10 2.67518e-10 1.38699e-10 7.12253e-11 3.70724e-11 2.13114e-11 
3.29198e-11 4.17747e-11 7.24276e-11 1.38699e-10 2.69262e-10 5.17773e-10 9.80708e-10 1.8273e-09 3.34827e-09 6.03324e-09 1.06907e-08 1.86299e-08 3.19289e-08 5.38221e-08 8.92434e-08 1.45571e-07 2.33616e-07 3.68903e-07 5.73272e-07 8.76814e-07 1.32012e-06 1.9568e-06 2.85606e-06 4.10529e-06 5.81218e-06 8.1062e-06 1.11388e-05 1.50822e-05 2.01257e-05 2.64698e-05 3.43176e-05 4.3863e-05 5.52773e-05 6.86928e-05 8.41865e-05 0.000101764 0.000121346 0.000142759 0.000165726 0.000189877 0.000214747 0.000239801 0.000264448 0.000288071 0.000310049 0.000329791 0.000346751 0.00036046 0.000370535 0.000376694 0.000378767 0.000376694 0.000370535 0.00036046 0.000346751 0.000329791 0.000310049 0.000288071 0.000264448 0.000239801 0.000214747 0.000189877 0.000165726 0.000142759 0.000121346 0.000101764 8.41865e-05 6.86928e-05 5.52773e-05 4.3863e-05 3.43176e-05 2.64698e-05 2.01257e-05 1.50822e-05 1.11388e-05 8.1062e-06 5.81218e-06 4.10529e-06 2.85606e-06 1.9568e-06 1.32012e-06 8.76814e-07 5.73272e-07 3.68903e-07 2.33616e-07 1.45571e-07 8.92434e-08 5.38221e-08 3.19289e-08 1.86299e-08 1.06907e-08 6.03324e-09 3.34827e-09 1.8273e-09 9.80708e-10 5.17773e-10 2.69262e-10 1.38699e-10 7.24276e-11 4.17747e-11 
6.40189e-11 8.10982e-11 1.40145e-10 2.67518e-10 5.17773e-10 9.92682e-10 1.87461e-09 3.48228e-09 6.36117e-09 1.14263e-08 2.01828e-08 3.50572e-08 5.98851e-08 1.00609e-07 1.66255e-07 2.70252e-07 4.32186e-07 6.8004e-07 1.05297e-06 1.60466e-06 2.40711e-06 3.55487e-06 5.16936e-06 7.40293e-06 1.04423e-05 1.45104e-05 1.98667e-05 2.68037e-05 3.56413e-05 4.67153e-05 6.03629e-05 7.6903e-05 9.66123e-05 0.0001197 0.000146278 0.00017634 0.000209733 0.000246148 0.000285109 0.000325979 0.000367976 0.000410199 0.00045166 0.000491333 0.000528192 0.000561257 0.000589635 0.000612553 0.000629385 0.000639672 0.000643132 0.000639672 0.000629385 0.000612553 0.000589635 0.000561257 0.000528192 0.000491333 0.00045166 0.000410199 0.000367976 0.000325979 0.000285109 0.000246148 0.000209733 0.00017634 0.000146278 0.0001197 9.66123e-05 7.6903e-05 6.03629e-05 4.67153e-05 3.56413e-05 2.68037e-05 1.98667e-05 1.45104e-05 1.04423e-05 7.40293e-06 5.16936e-06 3.55487e-06 2.40711e-06 1.60466e-06 1.05297e-06 6.8004e-07 4.32186e-07 2.70252e-07 1.66255e-07 1.00609e-07 5.98851e-08 3.50572e-08 2.01828e-08 1.14263e-08 6.36117e-09 3.48228e-09 1.87461e-09 9.92682e-10 5.17773e-10 2.67518e-10 1.40145e-10 8.10982e-11 
1.22637e-10 1.55085e-10 2.67117e-10 5.08249e-10 9.80708e-10 1.87461e-09 3.52944e-09 6.53638e-09 1.19033e-08 2.13145e-08 3.75285e-08 6.49749e-08 1.10625e-07 1.8523e-07 3.05045e-07 4.94141e-07 7.87449e-07 1.23462e-06 1.90478e-06 2.89216e-06 4.32247e-06 6.35984e-06 9.2138e-06 1.31457e-05 1.84738e-05 2.55759e-05 3.48883e-05 4.69001e-05 6.21416e-05 8.11655e-05 0.000104521 0.000132722 0.000166207 0.000205295 0.000250147 0.000300718 0.000356728 0.000417635 0.00048263 0.000550644 0.000620376 0.000690338 0.00075891 0.000824414 0.000885181 0.000939623 0.000986298 0.00102396 0.0010516 0.00106849 0.00107417 0.00106849 0.0010516 0.00102396 0.000986298 0.000939623 0.000885181 0.000824414 0.00075891 0.000690338 0.000620376 0.000550644 0.00048263 0.000417635 0.000356728 0.000300718 0.000250147 0.000205295 0.000166207 0.000132722 0.000104521 8.11655e-05 6.21416e-05 4.69001e-05 3.48883e-05 2.55759e-05 1.84738e-05 1.31457e-05 9.2138e-06 6.35984e-06 4.32247e-06 2.89216e-06 1.90478e-06 1.23462e-06 7.87449e-07 4.94141e-07 3.05045e-07 1.8523e-07 1.10625e-07 6.49749e-08 3.75285e-08 2.13145e-08 1.19033e-08 6.53638e-09 3.52944e-09 1.87461e-09 9.80708e-10 5.08249e-10 2.67117e-10 1.55085e-10 
2.31135e-10 2.91777e-10 5.00878e-10 9.49921e-10 1.8273e-09 3.48228e-09 6.53638e-09 1.20679e-08 2.1908e-08 3.91047e-08 6.86298e-08 1.18432e-07 2.00967e-07 3.35358e-07 5.50375e-07 8.88424e-07 1.41073e-06 2.20386e-06 3.38768e-06 5.1247e-06 7.63048e-06 1.11848e-05 1.61426e-05 2.29439e-05 3.21211e-05 4.43019e-05 6.02061e-05 8.06349e-05 0.00010645 0.000138541 0.000177785 0.000224988 0.000280827 0.00034578 0.000420055 0.00050353 0.000595696 0.000695631 0.000801983 0.000912992 0.00102654 0.00114021 0.00125141 0.00135745 0.00145567 0.00154355 0.0016188 0.00167947 0.00172396 0.00175113 0.00176027 0.00175113 0.00172396 0.00167947 0.0016188 0.00154355 0.00145567 0.00135745 0.00125141 0.00114021 0.00102654 0.000912992 0.000801983 0.000695631 0.000595696 0.00050353 0.000420055 0.00034578 0.000280827 0.000224988 0.000177785 0.000138541 0.00010645 8.06349e-05 6.02061e-05 4.43019e-05 3.21211e-05 2.29439e-05 1.61426e-05 1.11848e-05 7.63048e-06 5.1247e-06 3.38768e-06 2.20386e-06 1.41073e-06 8.88424e-07 5.50375e-07 3.35358e-07 2.00967e-07 1.18432e-07 6.86298e-08 3.91047e-08 2.1908e-08 1.20679e-08 6.53638e-09 3.48228e-09 1.8273e-09 9.49921e-10 5.00878e-10 2.91777e-10 
4.28478e-10 5.39935e-10 9.2374e-10 1.74607e-09 3.34827e-09 6.36117e-09 1.19033e-08 2.1908e-08 3.96459e-08 7.05381e-08 1.23391e-07 2.12223e-07 3.589e-07 5.96843e-07 9.76086e-07 1.57001e-06 2.484e-06 3.8663e-06 5.92104e-06 8.92332e-06 1.32359e-05 1.93269e-05 2.77862e-05 3.93403e-05 5.48624e-05 7.53747e-05 0.000102041 0.000136145 0.000179059 0.000232182 0.00029688 0.000374391 0.00046573 0.000571582 0.000692196 0.000827288 0.000975968 0.00113669 0.00130724 0.00148479 0.00166596 0.00184691 0.00202357 0.00219171 0.0023472 0.00248612 0.00260495 0.00270065 0.0027708 0.0028136 0.00282799 0.0028136 0.0027708 0.00270065 0.00260495 0.00248612 0.0023472 0.00219171 0.00202357 0.00184691 0.00166596 0.00148479 0.00130724 0.00113669 0.000975968 0.000827288 0.000692196 0.000571582 0.00046573 0.000374391 0.00029688 0.000232182 0.000179059 0.000136145 0.000102041 7.53747e-05 5.48624e-05 3.93403e-05 2.77862e-05 1.93269e-05 1.32359e-05 8.92332e-06 5.92104e-06 3.8663e-06 2.484e-06 1.57001e-06 9.76086e-07 5.96843e-07 3.589e-07 2.12223e-07 1.23391e-07 7.05381e-08 3.96459e-08 2.1908e-08 1.19033e-08 6.36117e-09 3.34827e-09 1.74607e-09 9.2374e-10 5.39935e-10 
7.81258e-10 9.82707e-10 1.67547e-09 3.1563e-09 6.03324e-09 1.14263e-08 2.13145e-08 3.91047e-08 7.05381e-08 1.25091e-07 2.18092e-07 3.73833e-07 6.30034e-07 1.04407e-06 1.70141e-06 2.72679e-06 4.29837e-06 6.66541e-06 1.01691e-05 1.52667e-05 2.25574e-05 3.28092e-05 4.69839e-05 6.6258e-05 9.20347e-05 0.000125945 0.000169831 0.000225709 0.00029571 0.00038199 0.000486623 0.000611459 0.000757977 0.000927117 0.00111913 0.00133343 0.00156848 0.00182177 0.00208974 0.00236793 0.00265105 0.00293318 0.00320801 0.00346908 0.0037101 0.00392512 0.00410881 0.0042566 0.00436484 0.00443086 0.00445305 0.00443086 0.00436484 0.0042566 0.00410881 0.00392512 0.0037101 0.00346908 0.00320801 0.00293318 0.00265105 0.00236793 0.00208974 0.00182177 0.00156848 0.00133343 0.00111913 0.000927117 0.000757977 0.000611459 0.000486623 0.00038199 0.00029571 0.000225709 0.000169831 0.000125945 9.20347e-05 6.6258e-05 4.69839e-05 3.28092e-05 2.25574e-05 1.52667e-05 1.01691e-05 6.66541e-06 4.29837e-06 2.72679e-06 1.70141e-06 1.04407e-06 6.30034e-07 3.73833e-07 2.18092e-07 1.25091e-07 7.05381e-08 3.91047e-08 2.13145e-08 1.14263e-08 6.03324e-09 3.1563e-09 1.67547e-09 9.82707e-10 
1.40111e-09 1.75917e-09 2.98881e-09 5.61107e-09 1.06907e-08 2.01828e-08 3.75285e-08 6.86298e-08 1.23391e-07 2.18092e-07 3.7895e-07 6.4733e-07 1.08716e-06 1.7952e-06 2.91489e-06 4.65442e-06 7.30962e-06 1.12919e-05 1.71614e-05 2.56637e-05 3.777e-05 5.47167e-05 7.80416e-05 0.000109612 0.000151639 0.00020667 0.000277562 0.000367409 0.000479451 0.000616929 0.000782915 0.000980098 0.00121056 0.00147553 0.00177516 0.00210833 0.00247247 0.00286355 0.00327601 0.00370295 0.00413626 0.00456698 0.0049856 0.00538246 0.00574818 0.00607393 0.00635185 0.00657523 0.00673869 0.00683834 0.00687182 0.00683834 0.00673869 0.00657523 0.00635185 0.00607393 0.00574818 0.00538246 0.0049856 0.00456698 0.00413626 0.00370295 0.00327601 0.00286355 0.00247247 0.00210833 0.00177516 0.00147553 0.00121056 0.000980098 0.000782915 0.000616929 0.000479451 0.000367409 0.000277562 0.00020667 0.000151639 0.000109612 7.80416e-05 5.47167e-05 3.777e-05 2.56637e-05 1.71614e-05 1.12919e-05 7.30962e-06 4.65442e-06 2.91489e-06 1.7952e-06 1.08716e-06 6.4733e-07 3.7895e-07 2.18092e-07 1.23391e-07 6.86298e-08 3.75285e-08 2.01828e-08 1.06907e-08 5.61107e-09 2.98881e-09 1.75917e-09 
2.47162e-09 3.09751e-09 5.24395e-09 9.81034e-09 1.86299e-08 3.50572e-08 6.49749e-08 1.18432e-07 2.12223e-07 3.73833e-07 6.4733e-07 1.10192e-06 1.84405e-06 3.03405e-06 4.90834e-06 7.80826e-06 1.22161e-05 1.87988e-05 2.84585e-05 4.23891e-05 6.21348e-05 8.96484e-05 0.000127341 0.000178117 0.00024539 0.000333061 0.000445458 0.000587233 0.000763196 0.000978102 0.00123638 0.00154183 0.00189727 0.00230421 0.00276251 0.00327013 0.00382289 0.00441444 0.00503629 0.00567797 0.00632738 0.00697121 0.00759545 0.00818599 0.00872913 0.00921214 0.00962364 0.00995401 0.0101956 0.0103427 0.0103922 0.0103427 0.0101956 0.00995401 0.00962364 0.00921214 0.00872913 0.00818599 0.00759545 0.00697121 0.00632738 0.00567797 0.00503629 0.00441444 0.00382289 0.00327013 0.00276251 0.00230421 0.00189727 0.00154183 0.00123638 0.000978102 0.000763196 0.000587233 0.000445458 0.000333061 0.00024539 0.000178117 0.000127341 8.96484e-05 6.21348e-05 4.23891e-05 2.84585e-05 1.87988e-05 1.22161e-05 7.80826e-06 4.90834e-06 3.03405e-06 1.84405e-06 1.10192e-06 6.4733e-07 3.73833e-07 2.12223e-07 1.18432e-07 6.49749e-08 3.50572e-08 1.86299e-08 9.81034e-09 5.24395e-09 3.09751e-09 
4.28892e-09 5.36494e-09 9.04983e-09 1.68701e-08 3.19289e-08 5.98851e-08 1.10625e-07 2.00967e-07 3.589e-07 6.30034e-07 1.08716e-06 1.84405e-06 3.07486e-06 5.04055e-06 8.12394e-06 1.28747e-05 2.00649e-05 3.0756e-05 4.63747e-05 6.87967e-05 0.000100432 0.000144304 0.000204121 0.000284313 0.000390041 0.000527151 0.000702066 0.000921617 0.00119278 0.00152236 0.00191656 0.00238059 0.00291811 0.0035308 0.00421788 0.00497579 0.0057979 0.00667447 0.00759273 0.00853721 0.00949019 0.0104324 0.0113436 0.0122036 0.0129931 0.0136939 0.0142901 0.0147681 0.0151174 0.01533 0.0154014 0.01533 0.0151174 0.0147681 0.0142901 0.0136939 0.0129931 0.0122036 0.0113436 0.0104324 0.00949019 0.00853721 0.00759273 0.00667447 0.0057979 0.00497579 0.00421788 0.0035308 0.00291811 0.00238059 0.00191656 0.00152236 0.00119278 0.000921617 0.000702066 0.000527151 0.000390041 0.000284313 0.000204121 0.000144304 0.000100432 6.87967e-05 4.63747e-05 3.0756e-05 2.00649e-05 1.28747e-05 8.12394e-06 5.04055e-06 3.07486e-06 1.84405e-06 1.08716e-06 6.30034e-07 3.589e-07 2.00967e-07 1.10625e-07 5.98851e-08 3.19289e-08 1.68701e-08 9.04983e-09 5.36494e-09 
7.32153e-09 9.141e-09 1.5363e-08 2.85352e-08 5.38221e-08 1.00609e-07 1.8523e-07 3.35358e-07 5.96843e-07 1.04407e-06 1.7952e-06 3.03405e-06 5.04055e-06 8.23203e-06 1.32174e-05 2.08659e-05 3.23916e-05 4.94529e-05 7.4265e-05 0.00010972 0.000159507 0.000228221 0.000321451 0.000445819 0.000608969 0.000819478 0.00108667 0.00142035 0.00183039 0.00232626 0.00291645 0.00360779 0.00440484 0.00530916 0.00631878 0.00742771 0.00862568 0.00989806 0.0112261 0.0125874 0.0139566 0.0153063 0.0166082 0.017834 0.0189568 0.0199518 0.0207969 0.0214737 0.0219676 0.0222682 0.0223691 0.0222682 0.0219676 0.0214737 0.0207969 0.0199518 0.0189568 0.017834 0.0166082 0.0153063 0.0139566 0.0125874 0.0112261 0.00989806 0.00862568 0.00742771 0.00631878 0.00530916 0.00440484 0.00360779 0.00291645 0.00232626 0.00183039 0.00142035 0.00108667 0.000819478 0.000608969 0.000445819 0.000321451 0.000228221 0.000159507 0.00010972 7.4265e-05 4.94529e-05 3.23916e-05 2.08659e-05 1.32174e-05 8.23203e-06 5.04055e-06 3.03405e-06 1.7952e-06 1.04407e-06 5.96843e-07 3.35358e-07 1.8523e-07 1.00609e-07 5.38221e-08 2.85352e-08 1.5363e-08 9.141e-09 
1.22964e-08 1.53227e-08 2.56567e-08 4.74795e-08 8.92434e-08 1.66255e-07 3.05045e-07 5.50375e-07 9.76086e-07 1.70141e-06 2.91489e-06 4.90834e-06 8.12394e-06 1.32174e-05 2.114e-05 3.32423e-05 5.13988e-05 7.81539e-05 0.000116884 0.000171965 0.000248939 0.000354655 0.000497371 0.000686789 0.000933998 0.00125131 0.00165197 0.00214971 0.00275817 0.00349017 0.00435694 0.00536714 0.00652604 0.00783461 0.00928874 0.0108788 0.0125891 0.0143983 0.0162794 0.0182006 0.0201265 0.0220192 0.0238397 0.0255495 0.0271121 0.028494 0.0296659 0.0306032 0.0312865 0.0317021 0.0318416 0.0317021 0.0312865 0.0306032 0.0296659 0.028494 0.0271121 0.0255495 0.0238397 0.0220192 0.0201265 0.0182006 0.0162794 0.0143983 0.0125891 0.0108788 0.00928874 0.00783461 0.00652604 0.00536714 0.00435694 0.00349017 0.00275817 0.00214971 0.00165197 0.00125131 0.000933998 0.000686789 0.000497371 0.000354655 0.000248939 0.000171965 0.000116884 7.81539e-05 5.13988e-05 3.32423e-05 2.114e-05 1.32174e-05 8.12394e-06 4.90834e-06 2.91489e-06 1.70141e-06 9.76086e-07 5.50375e-07 3.05045e-07 1.66255e-07 8.92434e-08 4.74795e-08 2.56567e-08 1.53227e-08 
2.03194e-08 2.52713e-08 4.21557e-08 7.7721e-08 1.45571e-07 2.70252e-07 4.94141e-07 8.88424e-07 1.57001e-06 2.72679e-06 4.65442e-06 7.80826e-06 1.28747e-05 2.08659e-05 3.32423e-05 5.20646e-05 8.01755e-05 0.000121408 0.000180814 0.000264894 0.000381815 0.000541589 0.000756183 0.00103952 0.00140736 0.001877 0.00246682 0.00319559 0.00408167 0.00514196 0.00639075 0.00783857 0.00949096 0.0113474 0.0134003 0.0156345 0.0180269 0.0205468 0.0231563 0.0258114 0.0284635 0.0310613 0.0335527 0.0358863 0.038014 0.0398917 0.0414813 0.0427509 0.0436756 0.0442375 0.044426 0.0442375 0.0436756 0.0427509 0.0414813 0.0398917 0.038014 0.0358863 0.0335527 0.0310613 0.0284635 0.0258114 0.0231563 0.0205468 0.0180269 0.0156345 0.0134003 0.0113474 0.00949096 0.00783857 0.00639075 0.00514196 0.00408167 0.00319559 0.00246682 0.001877 0.00140736 0.00103952 0.000756183 0.000541589 0.000381815 0.000264894 0.000180814 0.000121408 8.01755e-05 5.20646e-05 3.32423e-05 2.08659e-05 1.28747e-05 7.80826e-06 4.65442e-06 2.72679e-06 1.57001e-06 8.88424e-07 4.94141e-07 2.70252e-07 1.45571e-07 7.7721e-08 4.21557e-08 2.52713e-08 
3.30406e-08 4.10122e-08 6.81533e-08 1.25176e-07 2.33616e-07 4.32186e-07 7.87449e-07 1.41073e-06 2.484e-06 4.29837e-06 7.30962e-06 1.22161e-05 2.00649e-05 3.23916e-05 5.13988e-05 8.01755e-05 0.000122956 0.000185411 0.000274961 0.000401083 0.000575588 0.000812831 0.00112981 0.00154611 0.00208365 0.00276621 0.0036187 0.00466618 0.00593268 0.00743975 0.00920498 0.0112404 0.0135509 0.0161331 0.0189741 0.0220508 0.0253299 0.0287681 0.0323134 0.0359062 0.0394816 0.0429718 0.0463084 0.0494249 0.0522592 0.0547552 0.0568642 0.0585462 0.0597698 0.0605128 0.060762 0.0605128 0.0597698 0.0585462 0.0568642 0.0547552 0.0522592 0.0494249 0.0463084 0.0429718 0.0394816 0.0359062 0.0323134 0.0287681 0.0253299 0.0220508 0.0189741 0.0161331 0.0135509 0.0112404 0.00920498 0.00743975 0.00593268 0.00466618 0.0036187 0.00276621 0.00208365 0.00154611 0.00112981 0.000812831 0.000575588 0.000401083 0.000274961 0.000185411 0.000122956 8.01755e-05 5.13988e-05 3.23916e-05 2.00649e-05 1.22161e-05 7.30962e-06 4.29837e-06 2.484e-06 1.41073e-06 7.87449e-07 4.32186e-07 2.33616e-07 1.25176e-07 6.81533e-08 4.10122e-08 
5.28725e-08 6.54997e-08 1.08428e-07 1.98385e-07 3.68903e-07 6.8004e-07 1.23462e-06 2.20386e-06 3.8663e-06 6.66541e-06 1.12919e-05 1.87988e-05 3.0756e-05 4.94529e-05 7.81539e-05 0.000121408 0.000185411 0.000278403 0.000411084 0.000597016 0.000852959 0.0011991 0.00165912 0.00225998 0.00303156 0.00400581 0.00521571 0.00669387 0.00847082 0.0105732 0.0130215 0.0158287 0.0189975 0.0225195 0.0263738 0.0305264 0.0349303 0.039526 0.0442436 0.0490042 0.0537232 0.058313 0.0626861 0.0667585 0.0704522 0.0736974 0.0764343 0.0786134 0.0801969 0.0811576 0.0814796 0.0811576 0.0801969 0.0786134 0.0764343 0.0736974 0.0704522 0.0667585 0.0626861 0.058313 0.0537232 0.0490042 0.0442436 0.039526 0.0349303 0.0305264 0.0263738 0.0225195 0.0189975 0.0158287 0.0130215 0.0105732 0.00847082 0.00669387 0.00521571 0.00400581 0.00303156 0.00225998 0.00165912 0.0011991 0.000852959 0.000597016 0.000411084 0.000278403 0.000185411 0.000121408 7.81539e-05 4.94529e-05 3.0756e-05 1.87988e-05 1.12919e-05 6.66541e-06 3.8663e-06 2.20386e-06 1.23462e-06 6.8004e-07 3.68903e-07 1.98385e-07 1.08428e-07 6.54997e-08 
8.3273e-08 1.02957e-07 1.69773e-07 3.09423e-07 5.73272e-07 1.05297e-06 1.90478e-06 3.38768e-06 5.92104e-06 1.01691e-05 1.71614e-05 2.84585e-05 4.63747e-05 7.4265e-05 0.000116884 0.000180814 0.000274961 0.000411084 0.000604337 0.00087377 0.00124272 0.00173904 0.00239504 0.00324715 0.00433516 0.00570106 0.00738748 0.00943569 0.0118834 0.0147621 0.0180947 0.0218932 0.0261562 0.0308674 0.0359944 0.0414883 0.0472843 0.0533027 0.0594515 0.0656288 0.0717265 0.0776343 0.0832434 0.0884502 0.0931595 0.0972868 0.10076 0.103521 0.105525 0.10674 0.107147 0.10674 0.105525 0.103521 0.10076 0.0972868 0.0931595 0.0884502 0.0832434 0.0776343 0.0717265 0.0656288 0.0594515 0.0533027 0.0472843 0.0414883 0.0359944 0.0308674 0.0261562 0.0218932 0.0180947 0.0147621 0.0118834 0.00943569 0.00738748 0.00570106 0.00433516 0.00324715 0.00239504 0.00173904 0.00124272 0.00087377 0.000604337 0.000411084 0.000274961 0.000180814 0.000116884 7.4265e-05 4.63747e-05 2.84585e-05 1.71614e-05 1.01691e-05 5.92104e-06 3.38768e-06 1.90478e-06 1.05297e-06 5.73272e-07 3.09423e-07 1.69773e-07 1.02957e-07 
1.29098e-07 1.59297e-07 2.61652e-07 4.75018e-07 8.76814e-07 1.60466e-06 2.89216e-06 5.1247e-06 8.92332e-06 1.52667e-05 2.56637e-05 4.23891e-05 6.87967e-05 0.00010972 0.000171965 0.000264894 0.000401083 0.000597016 0.00087377 0.00125761 0.00178045 0.00247994 0.00339934 0.00458683 0.00609429 0.00797564 0.0102846 0.0130719 0.0163826 0.0202524 0.0247049 0.029749 0.0353756 0.0415568 0.0482443 0.05537 0.0628463 0.070569 0.0784196 0.0862693 0.0939839 0.101428 0.108469 0.114983 0.120856 0.125991 0.130302 0.133723 0.136203 0.137704 0.138207 0.137704 0.136203 0.133723 0.130302 0.125991 0.120856 0.114983 0.108469 0.101428 0.0939839 0.0862693 0.0784196 0.070569 0.0628463 0.05537 0.0482443 0.0415568 0.0353756 0.029749 0.0247049 0.0202524 0.0163826 0.0130719 0.0102846 0.00797564 0.00609429 0.00458683 0.00339934 0.00247994 0.00178045 0.00125761 0.00087377 0.000597016 0.000401083 0.000264894 0.000171965 0.00010972 6.87967e-05 4.23891e-05 2.56637e-05 1.52667e-05 8.92332e-06 5.1247e-06 2.89216e-06 1.60466e-06 8.76814e-07 4.75018e-07 2.61652e-07 1.59297e-07 
1.97026e-07 2.42632e-07 3.96975e-07 7.1786e-07 1.32012e-06 2.40711e-06 4.32247e-06 7.63048e-06 1.32359e-05 2.25574e-05 3.777e-05 6.21348e-05 0.000100432 0.000159507 0.000248939 0.000381815 0.000575588 0.000852959 0.00124272 0.00178045 0.00250891 0.00347811 0.00474479 0.00637134 0.00842396 0.0109703 0.0140762 0.0178023 0.0222002 0.0273083 0.0331486 0.0397227 0.0470102 0.0549663 0.0635218 0.0725838 0.0820373 0.0917483 0.101568 0.111338 0.120896 0.130077 0.138728 0.146702 0.153869 0.160117 0.165351 0.169496 0.172496 0.174311 0.174919 0.174311 0.172496 0.169496 0.165351 0.160117 0.153869 0.146702 0.138728 0.130077 0.120896 0.111338 0.101568 0.0917483 0.0820373 0.0725838 0.0635218 0.0549663 0.0470102 0.0397227 0.0331486 0.0273083 0.0222002 0.0178023 0.0140762 0.0109703 0.00842396 0.00637134 0.00474479 0.00347811 0.00250891 0.00178045 0.00124272 0.000852959 0.000575588 0.000381815 0.000248939 0.000159507 0.000100432 6.21348e-05 3.777e-05 2.25574e-05 1.32359e-05 7.63048e-06 4.32247e-06 2.40711e-06 1.32012e-06 7.1786e-07 3.96975e-07 2.42632e-07 
2.9605e-07 3.63856e-07 5.92981e-07 1.06808e-06 1.9568e-06 3.55487e-06 6.35984e-06 1.11848e-05 1.93269e-05 3.28092e-05 5.47167e-05 8.96484e-05 0.000144304 0.000228221 0.000354655 0.000541589 0.000812831 0.0011991 0.00173904 0.00247994 0.00347811 0.00479865 0.00651455 0.00870489 0.0114523 0.0148395 0.0189452 0.0238393 0.0295786 0.0362013 0.0437235 0.0521356 0.0613997 0.0714484 0.0821857 0.093488 0.105208 0.117177 0.129213 0.141125 0.15272 0.163808 0.174211 0.183763 0.19232 0.199757 0.205972 0.210883 0.214432 0.216577 0.217295 0.216577 0.214432 0.210883 0.205972 0.199757 0.19232 0.183763 0.174211 0.163808 0.15272 0.141125 0.129213 0.117177 0.105208 0.093488 0.0821857 0.0714484 0.0613997 0.0521356 0.0437235 0.0362013 0.0295786 0.0238393 0.0189452 0.0148395 0.0114523 0.00870489 0.00651455 0.00479865 0.00347811 0.00247994 0.00173904 0.0011991 0.000812831 0.000541589 0.000354655 0.000228221 0.000144304 8.96484e-05 5.47167e-05 3.28092e-05 1.93269e-05 1.11848e-05 6.35984e-06 3.55487e-06 1.9568e-06 1.06808e-06 5.92981e-07 3.63856e-07 
4.38021e-07 5.37283e-07 8.72194e-07 1.56479e-06 2.85606e-06 5.16936e-06 9.2138e-06 1.61426e-05 2.77862e-05 4.69839e-05 7.80416e-05 0.000127341 0.000204121 0.000321451 0.000497371 0.000756183 0.00112981 0.00165912 0.00239504 0.00339934 0.00474479 0.00651455 0.0088006 0.0117012 0.015317 0.0197467 0.0250816 0.0313995 0.0387591 0.0471948 0.0567115 0.0672818 0.0788438 0.0913011 0.104524 0.118352 0.1326 0.147062 0.16152 0.17575 0.189529 0.202641 0.214887 0.226087 0.236083 0.244743 0.25196 0.257652 0.261758 0.264237 0.265065 0.264237 0.261758 0.257652 0.25196 0.244743 0.236083 0.226087 0.214887 0.202641 0.189529 0.17575 0.16152 0.147062 0.1326 0.118352 0.104524 0.0913011 0.0788438 0.0672818 0.0567115 0.0471948 0.0387591 0.0313995 0.0250816 0.0197467 0.015317 0.0117012 0.0088006 0.00651455 0.00474479 0.00339934 0.00239504 0.00165912 0.00112981 0.000756183 0.000497371 0.000321451 0.000204121 0.000127341 7.80416e-05 4.69839e-05 2.77862e-05 1.61426e-05 9.2138e-06 5.16936e-06 2.85606e-06 1.56479e-06 8.72194e-07 5.37283e-07 
6.38202e-07 7.813e-07 1.26338e-06 2.2577e-06 4.10529e-06 7.40293e-06 1.31457e-05 2.29439e-05 3.93403e-05 6.6258e-05 0.000109612 0.000178117 0.000284313 0.000445819 0.000686789 0.00103952 0.00154611 0.00225998 0.00324715 0.00458683 0.00637134 0.00870489 0.0117012 0.0154795 0.0201599 0.025857 0.0326732 0.0406912 0.0499678 0.0605273 0.0723571 0.0854045 0.099576 0.114738 0.130721 0.147321 0.164313 0.181449 0.198475 0.215134 0.231174 0.24636 0.260475 0.273328 0.284755 0.294621 0.30282 0.309271 0.313916 0.316717 0.317653 0.316717 0.313916 0.309271 0.30282 0.294621 0.284755 0.273328 0.260475 0.24636 0.231174 0.215134 0.198475 0.181449 0.164313 0.147321 0.130721 0.114738 0.099576 0.0854045 0.0723571 0.0605273 0.0499678 0.0406912 0.0326732 0.025857 0.0201599 0.0154795 0.0117012 0.00870489 0.00637134 0.00458683 0.00324715 0.00225998 0.00154611 0.00103952 0.000686789 0.000445819 0.000284313 0.000178117 0.000109612 6.6258e-05 3.93403e-05 2.29439e-05 1.31457e-05 7.40293e-06 4.10529e-06 2.2577e-06 1.26338e-06 7.813e-07 
9.15801e-07 1.11898e-06 1.80244e-06 3.20839e-06 5.81218e-06 1.04423e-05 1.84738e-05 3.21211e-05 5.48624e-05 9.20347e-05 0.000151639 0.00024539 0.000390041 0.000608969 0.000933998 0.00140736 0.00208365 0.00303156 0.00433516 0.00609429 0.00842396 0.0114523 0.015317 0.0201599 0.0261207 0.0333287 0.0418945 0.0519019 0.0633992 0.0763939 0.0908472 0.106673 0.123737 0.141862 0.16083 0.180392 0.200276 0.220193 0.239853 0.25897 0.277269 0.294497 0.31043 0.32487 0.337655 0.348654 0.357766 0.364917 0.370056 0.373152 0.374186 0.373152 0.370056 0.364917 0.357766 0.348654 0.337655 0.32487 0.31043 0.294497 0.277269 0.25897 0.239853 0.220193 0.200276 0.180392 0.16083 0.141862 0.123737 0.106673 0.0908472 0.0763939 0.0633992 0.0519019 0.0418945 0.0333287 0.0261207 0.0201599 0.015317 0.0114523 0.00842396 0.00609429 0.00433516 0.00303156 0.00208365 0.00140736 0.000933998 0.000608969 0.000390041 0.00024539 0.000151639 9.20347e-05 5.48624e-05 3.21211e-05 1.84738e-05 1.04423e-05 5.81218e-06 3.20839e-06 1.80244e-06 1.11898e-06 
1.29439e-06 1.57856e-06 2.53304e-06 4.49138e-06 8.1062e-06 1.45104e-05 2.55759e-05 4.43019e-05 7.53747e-05 0.000125945 0.00020667 0.000333061 0.000527151 0.000819478 0.00125131 0.001877 0.00276621 0.00400581 0.00570106 0.00797564 0.0109703 0.0148395 0.0197467 0.025857 0.0333287 0.0423032 0.0528955 0.0651836 0.0792004 0.0949274 0.112291 0.131161 0.151355 0.172644 0.194755 0.21739 0.240229 0.262945 0.285214 0.306724 0.327186 0.346339 0.363954 0.379841 0.393844 0.405844 0.415752 0.423508 0.42907 0.432416 0.433532 0.432416 0.42907 0.423508 0.415752 0.405844 0.393844 0.379841 0.363954 0.346339 0.327186 0.306724 0.285214 0.262945 0.240229 0.21739 0.194755 0.172644 0.151355 0.131161 0.112291 0.0949274 0.0792004 0.0651836 0.0528955 0.0423032 0.0333287 0.025857 0.0197467 0.0148395 0.0109703 0.00797564 0.00570106 0.00400581 0.00276621 0.001877 0.00125131 0.000819478 0.000527151 0.000333061 0.00020667 0.000125945 7.53747e-05 4.43019e-05 2.55759e-05 1.45104e-05 8.1062e-06 4.49138e-06 2.53304e-06 1.57856e-06 
1.80217e-06 2.19371e-06 3.50693e-06 6.19439e-06 1.11388e-05 1.98667e-05 3.48883e-05 6.02061e-05 0.000102041 0.000169831 0.000277562 0.000445458 0.000702066 0.00108667 0.00165197 0.00246682 0.0036187 0.00521571 0.00738748 0.0102846 0.0140762 0.0189452 0.0250816 0.0326732 0.0418945 0.0528955 0.0657888 0.0806394 0.0974556 0.116183 0.136702 0.158831 0.182329 0.206906 0.232235 0.257963 0.283726 0.309159 0.33391 0.357652 0.380088 0.400957 0.42004 0.437159 0.452177 0.464993 0.475537 0.483766 0.489656 0.493193 0.494372 0.493193 0.489656 0.483766 0.475537 0.464993 0.452177 0.437159 0.42004 0.400957 0.380088 0.357652 0.33391 0.309159 0.283726 0.257963 0.232235 0.206906 0.182329 0.158831 0.136702 0.116183 0.0974556 0.0806394 0.0657888 0.0528955 0.0418945 0.0326732 0.0250816 0.0189452 0.0140762 0.0102846 0.00738748 0.00521571 0.0036187 0.00246682 0.00165197 0.00108667 0.000702066 0.000445458 0.000277562 0.000169831 0.000102041 6.02061e-05 3.48883e-05 1.98667e-05 1.11388e-05 6.19439e-06 3.50693e-06 2.19371e-06 
2.47188e-06 3.00344e-06 4.78371e-06 8.41776e-06 1.50822e-05 2.68037e-05 4.69001e-05 8.06349e-05 0.000136145 0.000225709 0.000367409 0.000587233 0.000921617 0.00142035 0.00214971 0.00319559 0.00466618 0.00669387 0.00943569 0.0130719 0.0178023 0.0238393 0.0313995 0.0406912 0.0519019 0.0651836 0.0806394 0.0983121 0.118175 0.140126 0.16399 0.189523 0.216419 0.244324 0.27285 0.301592 0.330143 0.358108 0.385117 0.410833 0.434963 0.45726 0.477523 0.495598 0.511373 0.524774 0.535758 0.544304 0.550405 0.554064 0.555283 0.554064 0.550405 0.544304 0.535758 0.524774 0.511373 0.495598 0.477523 0.45726 0.434963 0.410833 0.385117 0.358108 0.330143 0.301592 0.27285 0.244324 0.216419 0.189523 0.16399 0.140126 0.118175 0.0983121 0.0806394 0.0651836 0.0519019 0.0406912 0.0313995 0.0238393 0.0178023 0.0130719 0.00943569 0.00669387 0.00466618 0.00319559 0.00214971 0.00142035 0.000921617 0.000587233 0.000367409 0.000225709 0.000136145 8.06349e-05 4.69001e-05 2.68037e-05 1.50822e-05 8.41776e-06 4.78371e-06 3.00344e-06 
3.34038e-06 4.0515e-06 6.42982e-06 1.12726e-05 2.01257e-05 3.56413e-05 6.21416e-05 0.00010645 0.000179059 0.00029571 0.000479451 0.000763196 0.00119278 0.00183039 0.00275817 0.00408167 0.00593268 0.00847082 0.0118834 0.0163826 0.0222002 0.0295786 0.0387591 0.0499678 0.0633992 0.0792004 0.0974556 0.118175 0.141284 0.166624 0.193954 0.222958 0.253258 0.284433 0.316035 0.34761 0.378714 0.408929 0.437876 0.465224 0.490695 0.514064 0.535161 0.553866 0.570101 0.583827 0.59503 0.603717 0.609904 0.613607 0.614839 0.613607 0.609904 0.603717 0.59503 0.583827 0.570101 0.553866 0.535161 0.514064 0.490695 0.465224 0.437876 0.408929 0.378714 0.34761 0.316035 0.284433 0.253258 0.222958 0.193954 0.166624 0.141284 0.118175 0.0974556 0.0792004 0.0633992 0.0499678 0.0387591 0.0295786 0.0222002 0.0163826 0.0118834 0.00847082 0.00593268 0.00408167 0.00275817 0.00183039 0.00119278 0.000763196 0.000479451 0.00029571 0.000179059 0.00010645 6.21416e-05 3.56413e-05 2.01257e-05 1.12726e-05 6.42982e-06 4.0515e-06 
4.44773e-06 5.3853e-06 8.51671e-06 1.48775e-05 2.64698e-05 4.67153e-05 8.11655e-05 0.000138541 0.000232182 0.00038199 0.000616929 0.000978102 0.00152236 0.00232626 0.00349017 0.00514196 0.00743975 0.0105732 0.0147621 0.0202524 0.0273083 0.0362013 0.0471948 0.0605273 0.0763939 0.0949274 0.116183 0.140126 0.166624 0.195451 0.226288 0.258741 0.292358 0.326649 0.361109 0.395239 0.428567 0.460665 0.491157 0.519728 0.546127 0.570166 0.591715 0.610695 0.627073 0.640847 0.65204 0.660687 0.666828 0.670496 0.671716 0.670496 0.666828 0.660687 0.65204 0.640847 0.627073 0.610695 0.591715 0.570166 0.546127 0.519728 0.491157 0.460665 0.428567 0.395239 0.361109 0.326649 0.292358 0.258741 0.226288 0.195451 0.166624 0.140126 0.116183 0.0949274 0.0763939 0.0605273 0.0471948 0.0362013 0.0273083 0.0202524 0.0147621 0.0105732 0.00743975 0.00514196 0.00349017 0.00232626 0.00152236 0.000978102 0.000616929 0.00038199 0.000232182 0.000138541 8.11655e-05 4.67153e-05 2.64698e-05 1.48775e-05 8.51671e-06 5.3853e-06 
5.83562e-06 7.054e-06 1.11179e-05 1.93536e-05 3.43176e-05 6.03629e-05 0.000104521 0.000177785 0.00029688 0.000486623 0.000782915 0.00123638 0.00191656 0.00291645 0.00435694 0.00639075 0.00920498 0.0130215 0.0180947 0.0247049 0.0331486 0.0437235 0.0567115 0.0723571 0.0908472 0.112291 0.136702 0.16399 0.193954 0.226288 0.260589 0.296383 0.333138 0.370298 0.407307 0.443631 0.478782 0.512331 0.543918 0.573259 0.600142 0.624425 0.64603 0.664926 0.681128 0.694677 0.705634 0.714065 0.720034 0.723593 0.724775 0.723593 0.720034 0.714065 0.705634 0.694677 0.681128 0.664926 0.64603 0.624425 0.600142 0.573259 0.543918 0.512331 0.478782 0.443631 0.407307 0.370298 0.333138 0.296383 0.260589 0.226288 0.193954 0.16399 0.136702 0.112291 0.0908472 0.0723571 0.0567115 0.0437235 0.0331486 0.0247049 0.0180947 0.0130215 0.00920498 0.00639075 0.00435694 0.00291645 0.00191656 0.00123638 0.000782915 0.000486623 0.00029688 0.000177785 0.000104521 6.03629e-05 3.43176e-05 1.93536e-05 1.11179e-05 7.054e-06 
7.54524e-06 9.10599e-06 1.43052e-05 2.48177e-05 4.3863e-05 7.6903e-05 0.000132722 0.000224988 0.000374391 0.000611459 0.000980098 0.00154183 0.00238059 0.00360779 0.00536714 0.00783857 0.0112404 0.0158287 0.0218932 0.029749 0.0397227 0.0521356 0.0672818 0.0854045 0.106673 0.131161 0.158831 0.189523 0.222958 0.258741 0.296383 0.335321 0.37495 0.414654 0.453831 0.491924 0.52844 0.562965 0.595169 0.624809 0.651725 0.675832 0.697106 0.715574 0.7313 0.744371 0.754886 0.762942 0.768627 0.772009 0.773131 0.772009 0.768627 0.762942 0.754886 0.744371 0.7313 0.715574 0.697106 0.675832 0.651725 0.624809 0.595169 0.562965 0.52844 0.491924 0.453831 0.414654 0.37495 0.335321 0.296383 0.258741 0.222958 0.189523 0.158831 0.131161 0.106673 0.0854045 0.0672818 0.0521356 0.0397227 0.029749 0.0218932 0.0158287 0.0112404 0.00783857 0.00536714 0.00360779 0.00238059 0.00154183 0.000980098 0.000611459 0.000374391 0.000224988 0.000132722 7.6903e-05 4.3863e-05 2.48177e-05 1.43052e-05 9.10599e-06 
9.61461e-06 1.15857e-05 1.81436e-05 3.13744e-05 5.52773e-05 9.66123e-05 0.000166207 0.000280827 0.00046573 0.000757977 0.00121056 0.00189727 0.00291811 0.00440484 0.00652604 0.00949096 0.0135509 0.0189975 0.0261562 0.0353756 0.0470102 0.0613997 0.0788438 0.099576 0.123737 0.151355 0.182329 0.216419 0.253258 0.292358 0.333138 0.37495 0.41712 0.458977 0.499887 0.539282 0.576679 0.61169 0.64403 0.673509 0.700028 0.723563 0.744154 0.761885 0.776871 0.789246 0.799143 0.806691 0.811997 0.815146 0.81619 0.815146 0.811997 0.806691 0.799143 0.789246 0.776871 0.761885 0.744154 0.723563 0.700028 0.673509 0.64403 0.61169 0.576679 0.539282 0.499887 0.458977 0.41712 0.37495 0.333138 0.292358 0.253258 0.216419 0.182329 0.151355 0.123737 0.099576 0.0788438 0.0613997 0.0470102 0.0353756 0.0261562 0.0189975 0.0135509 0.00949096 0.00652604 0.00440484 0.00291811 0.00189727 0.00121056 0.000757977 0.00046573 0.000280827 0.000166207 9.66123e-05 5.52773e-05 3.13744e-05 1.81436e-05 1.15857e-05 
1.20753e-05 1.45296e-05 2.26857e-05 3.91065e-05 6.86928e-05 0.0001197 0.000205295 0.00034578 0.000571582 0.000927117 0.00147553 0.00230421 0.0035308 0.00530916 0.00783461 0.0113474 0.0161331 0.0225195 0.0308674 0.0415568 0.0549663 0.0714484 0.0913011 0.114738 0.141862 0.172644 0.206906 0.244324 0.284433 0.326649 0.370298 0.414654 0.458977 0.502554 0.544732 0.584946 0.622736 0.657756 0.689774 0.718666 0.744398 0.767016 0.786621 0.803357 0.81739 0.828894 0.838038 0.844975 0.849833 0.852708 0.853659 0.852708 0.849833 0.844975 0.838038 0.828894 0.81739 0.803357 0.786621 0.767016 0.744398 0.718666 0.689774 0.657756 0.622736 0.584946 0.544732 0.502554 0.458977 0.414654 0.370298 0.326649 0.284433 0.244324 0.206906 0.172644 0.141862 0.114738 0.0913011 0.0714484 0.0549663 0.0415568 0.0308674 0.0225195 0.0161331 0.0113474 0.00783461 0.00530916 0.0035308 0.00230421 0.00147553 0.000927117 0.000571582 0.00034578 0.000205295 0.0001197 6.86928e-05 3.91065e-05 2.26857e-05 1.45296e-05 
1.49489e-05 1.79623e-05 2.79656e-05 4.80651e-05 8.41865e-05 0.000146278 0.000250147 0.000420055 0.000692196 0.00111913 0.00177516 0.00276251 0.00421788 0.00631878 0.00928874 0.0134003 0.0189741 0.0263738 0.0359944 0.0482443 0.0635218 0.0821857 0.104524 0.130721 0.16083 0.194755 0.232235 0.27285 0.316035 0.361109 0.407307 0.453831 0.499887 0.544732 0.587708 0.628266 0.665984 0.70057 0.731856 0.759788 0.784406 0.805822 0.824204 0.839749 0.852671 0.863182 0.87148 0.877739 0.882104 0.884679 0.88553 0.884679 0.882104 0.877739 0.87148 0.863182 0.852671 0.839749 0.824204 0.805822 0.784406 0.759788 0.731856 0.70057 0.665984 0.628266 0.587708 0.544732 0.499887 0.453831 0.407307 0.361109 0.316035 0.27285 0.232235 0.194755 0.16083 0.130721 0.104524 0.0821857 0.0635218 0.0482443 0.0359944 0.0263738 0.0189741 0.0134003 0.00928874 0.00631878 0.00421788 0.00276251 0.00177516 0.00111913 0.000692196 0.000420055 0.000250147 0.000146278 8.41865e-05 4.80651e-05 2.79656e-05 1.79623e-05 
1.82435e-05 2.18925e-05 3.39927e-05 5.82596e-05 0.000101764 0.00017634 0.000300718 0.00050353 0.000827288 0.00133343 0.00210833 0.00327013 0.00497579 0.00742771 0.0108788 0.0156345 0.0220508 0.0305264 0.0414883 0.05537 0.0725838 0.093488 0.118352 0.147321 0.180392 0.21739 0.257963 0.301592 0.34761 0.395239 0.443631 0.491924 0.539282 0.584946 0.628266 0.668725 0.70595 0.739714 0.76992 0.79659 0.819836 0.839841 0.85683 0.871055 0.882769 0.892216 0.899619 0.905169 0.90902 0.911285 0.912032 0.911285 0.90902 0.905169 0.899619 0.892216 0.882769 0.871055 0.85683 0.839841 0.819836 0.79659 0.76992 0.739714 0.70595 0.668725 0.628266 0.584946 0.539282 0.491924 0.443631 0.395239 0.34761 0.301592 0.257963 0.21739 0.180392 0.147321 0.118352 0.093488 0.0725838 0.05537 0.0414883 0.0305264 0.0220508 0.0156345 0.0108788 0.00742771 0.00497579 0.00327013 0.00210833 0.00133343 0.000827288 0.00050353 0.000300718 0.00017634 0.000101764 5.82596e-05 3.39927e-05 2.18925e-05 
2.19505e-05 2.63087e-05 4.07463e-05 6.96494e-05 0.000121346 0.000209733 0.000356728 0.000595696 0.000975968 0.00156848 0.00247247 0.00382289 0.0057979 0.00862568 0.0125891 0.0180269 0.0253299 0.0349303 0.0472843 0.0628463 0.0820373 0.105208 0.1326 0.164313 0.200276 0.240229 0.283726 0.330143 0.378714 0.428567 0.478782 0.52844 0.576679 0.622736 0.665984 0.70595 0.742323 0.774945 0.803799 0.82898 0.850676 0.869133 0.884634 0.897472 0.907938 0.916301 0.922801 0.927641 0.930982 0.932939 0.933584 0.932939 0.930982 0.927641 0.922801 0.916301 0.907938 0.897472 0.884634 0.869133 0.850676 0.82898 0.803799 0.774945 0.742323 0.70595 0.665984 0.622736 0.576679 0.52844 0.478782 0.428567 0.378714 0.330143 0.283726 0.240229 0.200276 0.164313 0.1326 0.105208 0.0820373 0.0628463 0.0472843 0.0349303 0.0253299 0.0180269 0.0125891 0.00862568 0.0057979 0.00382289 0.00247247 0.00156848 0.000975968 0.000595696 0.000356728 0.000209733 0.000121346 6.96494e-05 4.07463e-05 2.63087e-05 
