0.00092943 0.000944086 0.000988248 0.0010625 0.0011678 0.00130548 0.0014772 0.00168494 0.00193095 0.00221772 0.00254793 0.00292441 0.00335003 0.00382771 0.00436027 0.00495041 0.00560063 0.00631312 0.00708968 0.00793166 0.00883989 0.00981456 0.0108552 0.0119605 0.0131286 0.0143564 0.0156403 0.0169755 0.0183567 0.0197772 0.0212298 0.0227064 0.0241982 0.0256957 0.0271887 0.0286667 0.0301188 0.0315338 0.0329004 0.0342076 0.0354442 0.0365998 0.0376641 0.0386276 0.0394816 0.0402182 0.0408306 0.041313 0.0416609 0.041871 0.0419413 0.041871 0.0416609 0.041313 0.0408306 0.0402182 0.0394816 0.0386276 0.0376641 0.0365998 0.0354442 0.0342076 0.0329004 0.0315338 0.0301188 0.0286667 0.0271887 0.0256957 0.0241982 0.0227064 0.0212298 0.0197772 0.0183567 0.0169755 0.0156403 0.0143564 0.0131286 0.0119605 0.0108552 0.00981456 0.00883989 0.00793166 0.00708968 0.00631312 0.00560063 0.00495041 0.00436027 0.00382771 0.00335003 0.00292441 0.00254793 0.00221772 0.00193095 0.00168494 0.0014772 0.00130548 0.0011678 0.0010625 0.000988248 0.000944086 
0.000944086 0.000958954 0.00100376 0.00107909 0.00118591 0.00132557 0.00149975 0.00171045 0.00195995 0.00225077 0.00258561 0.00296732 0.00339883 0.00388305 0.00442285 0.00502096 0.00567988 0.00640181 0.00718859 0.00804156 0.00896154 0.00994871 0.0110026 0.0121219 0.0133045 0.0145475 0.0158472 0.0171988 0.0185966 0.0200341 0.0215041 0.0229982 0.0245075 0.0260224 0.0275327 0.0290277 0.0304963 0.0319273 0.0333094 0.0346313 0.0358817 0.0370501 0.0381262 0.0391003 0.0399637 0.0407084 0.0413275 0.0418152 0.0421669 0.0423793 0.0424503 0.0423793 0.0421669 0.0418152 0.0413275 0.0407084 0.0399637 0.0391003 0.0381262 0.0370501 0.0358817 0.0346313 0.0333094 0.0319273 0.0304963 0.0290277 0.0275327 0.0260224 0.0245075 0.0229982 0.0215041 0.0200341 0.0185966 0.0171988 0.0158472 0.0145475 0.0133045 0.0121219 0.0110026 0.00994871 0.00896154 0.00804156 0.00718859 0.00640181 0.00567988 0.00502096 0.00442285 0.00388305 0.00339883 0.00296732 0.00258561 0.00225077 0.00195995 0.00171045 0.00149975 0.00132557 0.00118591 0.00107909 0.00100376 0.000958954 
0.000988248 0.00100376 0.00105049 0.00112906 0.00124046 0.00138609 0.00156768 0.0017873 0.00204731 0.0023503 0.00269906 0.00309653 0.00354572 0.00404964 0.00461123 0.00523329 0.00591838 0.00666875 0.00748625 0.00837226 0.00932756 0.0103523 0.011446 0.0126071 0.0138337 0.0151225 0.0164696 0.0178701 0.0193181 0.0208069 0.0223288 0.0238753 0.0254372 0.0270045 0.0285667 0.0301127 0.0316311 0.0331104 0.0345388 0.0359047 0.0371966 0.0384036 0.039515 0.0405211 0.0414127 0.0421816 0.0428208 0.0433243 0.0436874 0.0439066 0.0439799 0.0439066 0.0436874 0.0433243 0.0428208 0.0421816 0.0414127 0.0405211 0.039515 0.0384036 0.0371966 0.0359047 0.0345388 0.0331104 0.0316311 0.0301127 0.0285667 0.0270045 0.0254372 0.0238753 0.0223288 0.0208069 0.0193181 0.0178701 0.0164696 0.0151225 0.0138337 0.0126071 0.011446 0.0103523 0.00932756 0.00837226 0.00748625 0.00666875 0.00591838 0.00523329 0.00461123 0.00404964 0.00354572 0.00309653 0.00269906 0.0023503 0.00204731 0.0017873 0.00156768 0.00138609 0.00124046 0.00112906 0.00105049 0.00100376 
0.0010625 0.00107909 0.00112906 0.00121306 0.00133215 0.00148779 0.00168182 0.00191641 0.00219403 0.00251743 0.00288955 0.00331345 0.00379229 0.00432923 0.00492733 0.00558952 0.00631845 0.00711645 0.00798542 0.00892674 0.00994119 0.0110289 0.0121891 0.0134204 0.0147203 0.0160857 0.0175121 0.0189945 0.0205264 0.0221008 0.0237096 0.0253437 0.0269935 0.0286483 0.0302971 0.0319283 0.0335299 0.0350897 0.0365954 0.0380348 0.039396 0.0406673 0.0418378 0.0428971 0.0438356 0.044645 0.0453178 0.0458476 0.0462297 0.0464604 0.0465375 0.0464604 0.0462297 0.0458476 0.0453178 0.044645 0.0438356 0.0428971 0.0418378 0.0406673 0.039396 0.0380348 0.0365954 0.0350897 0.0335299 0.0319283 0.0302971 0.0286483 0.0269935 0.0253437 0.0237096 0.0221008 0.0205264 0.0189945 0.0175121 0.0160857 0.0147203 0.0134204 0.0121891 0.0110289 0.00994119 0.00892674 0.00798542 0.00711645 0.00631845 0.00558952 0.00492733 0.00432923 0.00379229 0.00331345 0.00288955 0.00251743 0.00219403 0.00191641 0.00168182 0.00148779 0.00133215 0.00121306 0.00112906 0.00107909 
0.0011678 0.00118591 0.00124046 0.00133215 0.00146211 0.00163191 0.00184352 0.00209926 0.0024018 0.00275404 0.00315914 0.00362037 0.00414109 0.00472465 0.0053743 0.00609311 0.0068839 0.00774907 0.00869061 0.0097099 0.0108077 0.011984 0.013238 0.014568 0.0159714 0.0174444 0.0189825 0.02058 0.0222299 0.0239247 0.0256556 0.0274128 0.029186 0.0309637 0.0327342 0.034485 0.0362033 0.0378761 0.0394903 0.0410329 0.0424911 0.0438527 0.045106 0.0462399 0.0472444 0.0481105 0.0488302 0.049397 0.0498057 0.0500524 0.0501349 0.0500524 0.0498057 0.049397 0.0488302 0.0481105 0.0472444 0.0462399 0.045106 0.0438527 0.0424911 0.0410329 0.0394903 0.0378761 0.0362033 0.034485 0.0327342 0.0309637 0.029186 0.0274128 0.0256556 0.0239247 0.0222299 0.02058 0.0189825 0.0174444 0.0159714 0.014568 0.013238 0.011984 0.0108077 0.0097099 0.00869061 0.00774907 0.0068839 0.00609311 0.0053743 0.00472465 0.00414109 0.00362037 0.00315914 0.00275404 0.0024018 0.00209926 0.00184352 0.00163191 0.00146211 0.00133215 0.00124046 0.00118591 
0.00130548 0.00132557 0.00138609 0.00148779 0.00163191 0.00182015 0.00205465 0.00233794 0.0026729 0.00306268 0.0035107 0.00402048 0.00459565 0.0052398 0.00595642 0.00674879 0.00761989 0.00857227 0.00960798 0.0107284 0.0119343 0.0132255 0.014601 0.0160589 0.0175962 0.0192086 0.0208912 0.0226375 0.0244401 0.0262905 0.0281791 0.0300954 0.0320279 0.0339644 0.0358919 0.037797 0.0396658 0.0414843 0.0432384 0.0449139 0.0464973 0.0479753 0.0493351 0.0505652 0.0516546 0.0525936 0.0533739 0.0539883 0.0544312 0.0546986 0.054788 0.0546986 0.0544312 0.0539883 0.0533739 0.0525936 0.0516546 0.0505652 0.0493351 0.0479753 0.0464973 0.0449139 0.0432384 0.0414843 0.0396658 0.037797 0.0358919 0.0339644 0.0320279 0.0300954 0.0281791 0.0262905 0.0244401 0.0226375 0.0208912 0.0192086 0.0175962 0.0160589 0.014601 0.0132255 0.0119343 0.0107284 0.00960798 0.00857227 0.00761989 0.00674879 0.00595642 0.0052398 0.00459565 0.00402048 0.0035107 0.00306268 0.0026729 0.00233794 0.00205465 0.00182015 0.00163191 0.00148779 0.00138609 0.00132557 
0.0014772 0.00149975 0.00156768 0.00168182 0.00184352 0.00205465 0.00231757 0.00263503 0.00301021 0.00344655 0.00394776 0.00451772 0.00516034 0.00587953 0.00667906 0.00756246 0.0085329 0.00959309 0.0107452 0.0119906 0.0133299 0.0147629 0.0162884 0.0179039 0.0196062 0.0213905 0.0232509 0.0251805 0.0271709 0.0292127 0.0312953 0.0334071 0.0355354 0.0376667 0.039787 0.0418815 0.043935 0.0459322 0.0478577 0.0496963 0.051433 0.0530534 0.0545439 0.0558916 0.057085 0.0581134 0.0589677 0.0596403 0.0601251 0.0604178 0.0605157 0.0604178 0.0601251 0.0596403 0.0589677 0.0581134 0.057085 0.0558916 0.0545439 0.0530534 0.051433 0.0496963 0.0478577 0.0459322 0.043935 0.0418815 0.039787 0.0376667 0.0355354 0.0334071 0.0312953 0.0292127 0.0271709 0.0251805 0.0232509 0.0213905 0.0196062 0.0179039 0.0162884 0.0147629 0.0133299 0.0119906 0.0107452 0.00959309 0.0085329 0.00756246 0.00667906 0.00587953 0.00516034 0.00451772 0.00394776 0.00344655 0.00301021 0.00263503 0.00231757 0.00205465 0.00184352 0.00168182 0.00156768 0.00149975 
0.00168494 0.00171045 0.0017873 0.00191641 0.00209926 0.00233794 0.00263503 0.0029936 0.00341713 0.00390941 0.00447454 0.00511675 0.00584033 0.00664955 0.00754851 0.00854101 0.00963047 0.0108198 0.0121111 0.013506 0.0150049 0.0166074 0.0183119 0.0201157 0.0220149 0.024004 0.0260765 0.0282245 0.0304385 0.0327082 0.0350215 0.0373657 0.0397267 0.0420896 0.0444388 0.0467581 0.0490307 0.0512399 0.0533687 0.0554005 0.0573188 0.059108 0.0607531 0.0622403 0.0635566 0.0646907 0.0656327 0.0663742 0.0669086 0.0672312 0.0673391 0.0672312 0.0669086 0.0663742 0.0656327 0.0646907 0.0635566 0.0622403 0.0607531 0.059108 0.0573188 0.0554005 0.0533687 0.0512399 0.0490307 0.0467581 0.0444388 0.0420896 0.0397267 0.0373657 0.0350215 0.0327082 0.0304385 0.0282245 0.0260765 0.024004 0.0220149 0.0201157 0.0183119 0.0166074 0.0150049 0.013506 0.0121111 0.0108198 0.00963047 0.00854101 0.00754851 0.00664955 0.00584033 0.00511675 0.00447454 0.00390941 0.00341713 0.0029936 0.00263503 0.00233794 0.00209926 0.00191641 0.0017873 0.00171045 
0.00193095 0.00195995 0.00204731 0.00219403 0.0024018 0.0026729 0.00301021 0.00341713 0.0038975 0.00445555 0.00509577 0.00582283 0.00664145 0.00755629 0.00857183 0.0096922 0.0109211 0.0122615 0.0137158 0.0152855 0.0169709 0.0187713 0.0206849 0.0227083 0.024837 0.0270649 0.0293843 0.0317864 0.0342607 0.0367951 0.0393766 0.0419907 0.0446218 0.0472534 0.049868 0.0524478 0.0549743 0.057429 0.0597931 0.0620484 0.0641768 0.0661612 0.067985 0.0696332 0.0710917 0.0723479 0.0733911 0.0742121 0.0748038 0.0751609 0.0752803 0.0751609 0.0748038 0.0742121 0.0733911 0.0723479 0.0710917 0.0696332 0.067985 0.0661612 0.0641768 0.0620484 0.0597931 0.057429 0.0549743 0.0524478 0.049868 0.0472534 0.0446218 0.0419907 0.0393766 0.0367951 0.0342607 0.0317864 0.0293843 0.0270649 0.024837 0.0227083 0.0206849 0.0187713 0.0169709 0.0152855 0.0137158 0.0122615 0.0109211 0.0096922 0.00857183 0.00755629 0.00664145 0.00582283 0.00509577 0.00445555 0.0038975 0.00341713 0.00301021 0.0026729 0.0024018 0.00219403 0.00204731 0.00195995 
0.00221772 0.00225077 0.0023503 0.00251743 0.00275404 0.00306268 0.00344655 0.00390941 0.00445555 0.00508963 0.00581663 0.00664169 0.00757003 0.00860674 0.00975671 0.0110244 0.0124139 0.0139283 0.01557 0.0173406 0.0192402 0.0212679 0.0234213 0.0256965 0.0280883 0.0305895 0.0331916 0.0358844 0.0386559 0.0414929 0.0443805 0.0473024 0.0502415 0.0531791 0.0560961 0.0589724 0.0617877 0.0645214 0.067153 0.0696622 0.0720292 0.074235 0.0762617 0.0780926 0.0797122 0.0811069 0.0822648 0.0831759 0.0838325 0.0842287 0.0843611 0.0842287 0.0838325 0.0831759 0.0822648 0.0811069 0.0797122 0.0780926 0.0762617 0.074235 0.0720292 0.0696622 0.067153 0.0645214 0.0617877 0.0589724 0.0560961 0.0531791 0.0502415 0.0473024 0.0443805 0.0414929 0.0386559 0.0358844 0.0331916 0.0305895 0.0280883 0.0256965 0.0234213 0.0212679 0.0192402 0.0173406 0.01557 0.0139283 0.0124139 0.0110244 0.00975671 0.00860674 0.00757003 0.00664169 0.00581663 0.00508963 0.00445555 0.00390941 0.00344655 0.00306268 0.00275404 0.00251743 0.0023503 0.00225077 
0.00254793 0.00258561 0.00269906 0.00288955 0.00315914 0.0035107 0.00394776 0.00447454 0.00509577 0.00581663 0.00664262 0.00757943 0.00863277 0.00980827 0.0111112 0.0125466 0.0141185 0.0158305 0.017685 0.0196834 0.0218259 0.024111 0.0265358 0.0290958 0.0317849 0.0345948 0.0375159 0.0405364 0.0436431 0.0468207 0.0500528 0.0533211 0.0566062 0.0598877 0.063144 0.066353 0.0694921 0.0725386 0.0754697 0.0782631 0.080897 0.0833506 0.0856041 0.0876391 0.0894388 0.0909882 0.0922742 0.093286 0.0940149 0.0944548 0.0946018 0.0944548 0.0940149 0.093286 0.0922742 0.0909882 0.0894388 0.0876391 0.0856041 0.0833506 0.080897 0.0782631 0.0754697 0.0725386 0.0694921 0.066353 0.063144 0.0598877 0.0566062 0.0533211 0.0500528 0.0468207 0.0436431 0.0405364 0.0375159 0.0345948 0.0317849 0.0290958 0.0265358 0.024111 0.0218259 0.0196834 0.017685 0.0158305 0.0141185 0.0125466 0.0111112 0.00980827 0.00863277 0.00757943 0.00664262 0.00581663 0.00509577 0.00447454 0.00394776 0.0035107 0.00315914 0.00288955 0.00269906 0.00258561 
0.00292441 0.00296732 0.00309653 0.00331345 0.00362037 0.00402048 0.00451772 0.00511675 0.00582283 0.00664169 0.00757943 0.00864229 0.00983658 0.0111684 0.0126437 0.0142676 0.0160447 0.0179787 0.0200721 0.0223262 0.0247408 0.0273142 0.0300429 0.0329214 0.0359427 0.0390974 0.0423744 0.0457604 0.0492404 0.0527973 0.0564126 0.0600659 0.0637355 0.0673986 0.0710314 0.0746092 0.0781071 0.0814998 0.0847624 0.0878702 0.0907993 0.0935266 0.0960306 0.098291 0.100289 0.102009 0.103437 0.104559 0.105368 0.105856 0.106019 0.105856 0.105368 0.104559 0.103437 0.102009 0.100289 0.098291 0.0960306 0.0935266 0.0907993 0.0878702 0.0847624 0.0814998 0.0781071 0.0746092 0.0710314 0.0673986 0.0637355 0.0600659 0.0564126 0.0527973 0.0492404 0.0457604 0.0423744 0.0390974 0.0359427 0.0329214 0.0300429 0.0273142 0.0247408 0.0223262 0.0200721 0.0179787 0.0160447 0.0142676 0.0126437 0.0111684 0.00983658 0.00864229 0.00757943 0.00664169 0.00582283 0.00511675 0.00451772 0.00402048 0.00362037 0.00331345 0.00309653 0.00296732 
0.00335003 0.00339883 0.00354572 0.00379229 0.00414109 0.00459565 0.00516034 0.00584033 0.00664145 0.00757003 0.00863277 0.00983658 0.0111884 0.0126948 0.0143623 0.0161964 0.0182021 0.0203832 0.0227424 0.0252806 0.0279976 0.0308909 0.0339564 0.0371879 0.0405769 0.044113 0.0477833 0.0515729 0.0554647 0.0594399 0.0634772 0.0675543 0.0716468 0.0757294 0.0797755 0.0837581 0.0876494 0.0914217 0.0950473 0.0984992 0.101751 0.104778 0.107556 0.110062 0.112278 0.114184 0.115765 0.117009 0.117905 0.118446 0.118626 0.118446 0.117905 0.117009 0.115765 0.114184 0.112278 0.110062 0.107556 0.104778 0.101751 0.0984992 0.0950473 0.0914217 0.0876494 0.0837581 0.0797755 0.0757294 0.0716468 0.0675543 0.0634772 0.0594399 0.0554647 0.0515729 0.0477833 0.044113 0.0405769 0.0371879 0.0339564 0.0308909 0.0279976 0.0252806 0.0227424 0.0203832 0.0182021 0.0161964 0.0143623 0.0126948 0.0111884 0.00983658 0.00863277 0.00757003 0.00664145 0.00584033 0.00516034 0.00459565 0.00414109 0.00379229 0.00354572 0.00339883 
0.00382771 0.00388305 0.00404964 0.00432923 0.00472465 0.0052398 0.00587953 0.00664955 0.00755629 0.00860674 0.00980827 0.0111684 0.0126948 0.0143947 0.0162749 0.0183416 0.0206 0.0230541 0.0257064 0.028558 0.031608 0.0348535 0.0382895 0.0419087 0.0457014 0.0496557 0.053757 0.0579884 0.0623309 0.066763 0.0712614 0.0758008 0.0803544 0.0848939 0.08939 0.0938128 0.0981317 0.102316 0.106336 0.110161 0.113763 0.117114 0.120188 0.122961 0.125411 0.127519 0.129267 0.130642 0.131632 0.13223 0.132429 0.13223 0.131632 0.130642 0.129267 0.127519 0.125411 0.122961 0.120188 0.117114 0.113763 0.110161 0.106336 0.102316 0.0981317 0.0938128 0.08939 0.0848939 0.0803544 0.0758008 0.0712614 0.066763 0.0623309 0.0579884 0.053757 0.0496557 0.0457014 0.0419087 0.0382895 0.0348535 0.031608 0.028558 0.0257064 0.0230541 0.0206 0.0183416 0.0162749 0.0143947 0.0126948 0.0111684 0.00980827 0.00860674 0.00755629 0.00664955 0.00587953 0.0052398 0.00472465 0.00432923 0.00404964 0.00388305 
0.00436027 0.00442285 0.00461123 0.00492733 0.0053743 0.00595642 0.00667906 0.00754851 0.00857183 0.00975671 0.0111112 0.0126437 0.0143623 0.0162749 0.018389 0.0207112 0.0232469 0.0260002 0.0289738 0.0321683 0.0355825 0.0392127 0.0430531 0.0470952 0.0513278 0.0557374 0.0603074 0.065019 0.0698507 0.0747785 0.0797764 0.0848163 0.0898685 0.0949018 0.0998839 0.104782 0.109562 0.11419 0.118634 0.122861 0.126839 0.130538 0.133931 0.13699 0.139692 0.142016 0.143943 0.145458 0.146549 0.147207 0.147427 0.147207 0.146549 0.145458 0.143943 0.142016 0.139692 0.13699 0.133931 0.130538 0.126839 0.122861 0.118634 0.11419 0.109562 0.104782 0.0998839 0.0949018 0.0898685 0.0848163 0.0797764 0.0747785 0.0698507 0.065019 0.0603074 0.0557374 0.0513278 0.0470952 0.0430531 0.0392127 0.0355825 0.0321683 0.0289738 0.0260002 0.0232469 0.0207112 0.018389 0.0162749 0.0143623 0.0126437 0.0111112 0.00975671 0.00857183 0.00754851 0.00667906 0.00595642 0.0053743 0.00492733 0.00461123 0.00442285 
0.00495041 0.00502096 0.00523329 0.00558952 0.00609311 0.00674879 0.00756246 0.00854101 0.0096922 0.0110244 0.0125466 0.0142676 0.0161964 0.0183416 0.0207112 0.0233121 0.0261501 0.0292295 0.0325526 0.0361201 0.0399299 0.0439777 0.0482565 0.0527566 0.0574654 0.0623671 0.0674434 0.0726731 0.078032 0.0834936 0.0890289 0.0946069 0.100195 0.105758 0.111261 0.116667 0.12194 0.127044 0.131941 0.136596 0.140976 0.145047 0.148778 0.152142 0.155112 0.157666 0.159783 0.161448 0.162646 0.163369 0.16361 0.163369 0.162646 0.161448 0.159783 0.157666 0.155112 0.152142 0.148778 0.145047 0.140976 0.136596 0.131941 0.127044 0.12194 0.116667 0.111261 0.105758 0.100195 0.0946069 0.0890289 0.0834936 0.078032 0.0726731 0.0674434 0.0623671 0.0574654 0.0527566 0.0482565 0.0439777 0.0399299 0.0361201 0.0325526 0.0292295 0.0261501 0.0233121 0.0207112 0.0183416 0.0161964 0.0142676 0.0125466 0.0110244 0.0096922 0.00854101 0.00756246 0.00674879 0.00609311 0.00558952 0.00523329 0.00502096 
0.00560063 0.00567988 0.00591838 0.00631845 0.0068839 0.00761989 0.0085329 0.00963047 0.0109211 0.0124139 0.0141185 0.0160447 0.0182021 0.0206 0.0232469 0.0261501 0.0293157 0.032748 0.0364494 0.0404197 0.0446566 0.0491548 0.0539061 0.0588992 0.0641198 0.0695503 0.0751699 0.0809549 0.0868784 0.0929111 0.0990207 0.105173 0.111332 0.11746 0.123517 0.129465 0.135262 0.14087 0.146247 0.151357 0.156162 0.160626 0.164717 0.168403 0.171656 0.174453 0.176771 0.178593 0.179904 0.180695 0.180959 0.180695 0.179904 0.178593 0.176771 0.174453 0.171656 0.168403 0.164717 0.160626 0.156162 0.151357 0.146247 0.14087 0.135262 0.129465 0.123517 0.11746 0.111332 0.105173 0.0990207 0.0929111 0.0868784 0.0809549 0.0751699 0.0695503 0.0641198 0.0588992 0.0539061 0.0491548 0.0446566 0.0404197 0.0364494 0.032748 0.0293157 0.0261501 0.0232469 0.0206 0.0182021 0.0160447 0.0141185 0.0124139 0.0109211 0.00963047 0.0085329 0.00761989 0.0068839 0.00631845 0.00591838 0.00567988 
0.00631312 0.00640181 0.00666875 0.00711645 0.00774907 0.00857227 0.00959309 0.0108198 0.0122615 0.0139283 0.0158305 0.0179787 0.0203832 0.0230541 0.0260002 0.0292295 0.032748 0.0365602 0.0406682 0.0450715 0.0497667 0.0547478 0.060005 0.0655256 0.0712933 0.0772882 0.0834873 0.0898639 0.0963884 0.103028 0.109748 0.11651 0.123274 0.129999 0.136643 0.143162 0.149513 0.155652 0.161537 0.167125 0.172377 0.177255 0.181722 0.185746 0.189298 0.192349 0.194877 0.196864 0.198294 0.199157 0.199445 0.199157 0.198294 0.196864 0.194877 0.192349 0.189298 0.185746 0.181722 0.177255 0.172377 0.167125 0.161537 0.155652 0.149513 0.143162 0.136643 0.129999 0.123274 0.11651 0.109748 0.103028 0.0963884 0.0898639 0.0834873 0.0772882 0.0712933 0.0655256 0.060005 0.0547478 0.0497667 0.0450715 0.0406682 0.0365602 0.032748 0.0292295 0.0260002 0.0230541 0.0203832 0.0179787 0.0158305 0.0139283 0.0122615 0.0108198 0.00959309 0.00857227 0.00774907 0.00711645 0.00666875 0.00640181 
0.00708968 0.00718859 0.00748625 0.00798542 0.00869061 0.00960798 0.0107452 0.0121111 0.0137158 0.01557 0.017685 0.0200721 0.0227424 0.0257064 0.0289738 0.0325526 0.0364494 0.0406682 0.045211 0.0500766 0.0552611 0.0607568 0.0665528 0.0726345 0.0789835 0.0855776 0.0923909 0.0993941 0.106554 0.113836 0.121199 0.128603 0.136005 0.143359 0.15062 0.157739 0.16467 0.171367 0.177782 0.183871 0.18959 0.1949 0.199761 0.204137 0.207999 0.211315 0.214063 0.216222 0.217775 0.218712 0.219025 0.218712 0.217775 0.216222 0.214063 0.211315 0.207999 0.204137 0.199761 0.1949 0.18959 0.183871 0.177782 0.171367 0.16467 0.157739 0.15062 0.143359 0.136005 0.128603 0.121199 0.113836 0.106554 0.0993941 0.0923909 0.0855776 0.0789835 0.0726345 0.0665528 0.0607568 0.0552611 0.0500766 0.045211 0.0406682 0.0364494 0.0325526 0.0289738 0.0257064 0.0227424 0.0200721 0.017685 0.01557 0.0137158 0.0121111 0.0107452 0.00960798 0.00869061 0.00798542 0.00748625 0.00718859 
0.00793166 0.00804156 0.00837226 0.00892674 0.0097099 0.0107284 0.0119906 0.013506 0.0152855 0.0173406 0.0196834 0.0223262 0.0252806 0.028558 0.0321683 0.0361201 0.0404197 0.0450715 0.0500766 0.0554335 0.0611371 0.0671785 0.0735451 0.0802203 0.0871834 0.0944099 0.101871 0.109534 0.117363 0.125318 0.133357 0.141435 0.149504 0.157516 0.16542 0.173166 0.180702 0.187979 0.194946 0.201555 0.20776 0.213517 0.218786 0.223529 0.227711 0.231302 0.234277 0.236613 0.238294 0.239308 0.239647 0.239308 0.238294 0.236613 0.234277 0.231302 0.227711 0.223529 0.218786 0.213517 0.20776 0.201555 0.194946 0.187979 0.180702 0.173166 0.16542 0.157516 0.149504 0.141435 0.133357 0.125318 0.117363 0.109534 0.101871 0.0944099 0.0871834 0.0802203 0.0735451 0.0671785 0.0611371 0.0554335 0.0500766 0.0450715 0.0404197 0.0361201 0.0321683 0.028558 0.0252806 0.0223262 0.0196834 0.0173406 0.0152855 0.013506 0.0119906 0.0107284 0.0097099 0.00892674 0.00837226 0.00804156 
0.00883989 0.00896154 0.00932756 0.00994119 0.0108077 0.0119343 0.0133299 0.0150049 0.0169709 0.0192402 0.0218259 0.0247408 0.0279976 0.031608 0.0355825 0.0399299 0.0446566 0.0497667 0.0552611 0.0611371 0.0673886 0.0740053 0.0809728 0.0882724 0.095881 0.103771 0.111911 0.120265 0.128793 0.137452 0.146196 0.154976 0.16374 0.172435 0.181008 0.189404 0.197567 0.205444 0.212982 0.220128 0.226834 0.233054 0.238743 0.243862 0.248374 0.252248 0.255456 0.257975 0.259787 0.260879 0.261244 0.260879 0.259787 0.257975 0.255456 0.252248 0.248374 0.243862 0.238743 0.233054 0.226834 0.220128 0.212982 0.205444 0.197567 0.189404 0.181008 0.172435 0.16374 0.154976 0.146196 0.137452 0.128793 0.120265 0.111911 0.103771 0.095881 0.0882724 0.0809728 0.0740053 0.0673886 0.0611371 0.0552611 0.0497667 0.0446566 0.0399299 0.0355825 0.031608 0.0279976 0.0247408 0.0218259 0.0192402 0.0169709 0.0150049 0.0133299 0.0119343 0.0108077 0.00994119 0.00932756 0.00896154 
0.00981456 0.00994871 0.0103523 0.0110289 0.011984 0.0132255 0.0147629 0.0166074 0.0187713 0.0212679 0.024111 0.0273142 0.0308909 0.0348535 0.0392127 0.0439777 0.0491548 0.0547478 0.0607568 0.0671785 0.0740053 0.0812254 0.0888224 0.0967753 0.105058 0.113641 0.122489 0.131562 0.140818 0.150208 0.159683 0.16919 0.178674 0.188076 0.197339 0.206405 0.215214 0.223708 0.231832 0.23953 0.246751 0.253444 0.259563 0.265067 0.269917 0.274079 0.277525 0.28023 0.282176 0.283349 0.283741 0.283349 0.282176 0.28023 0.277525 0.274079 0.269917 0.265067 0.259563 0.253444 0.246751 0.23953 0.231832 0.223708 0.215214 0.206405 0.197339 0.188076 0.178674 0.16919 0.159683 0.150208 0.140818 0.131562 0.122489 0.113641 0.105058 0.0967753 0.0888224 0.0812254 0.0740053 0.0671785 0.0607568 0.0547478 0.0491548 0.0439777 0.0392127 0.0348535 0.0308909 0.0273142 0.024111 0.0212679 0.0187713 0.0166074 0.0147629 0.0132255 0.011984 0.0110289 0.0103523 0.00994871 
0.0108552 0.0110026 0.011446 0.0121891 0.013238 0.014601 0.0162884 0.0183119 0.0206849 0.0234213 0.0265358 0.0300429 0.0339564 0.0382895 0.0430531 0.0482565 0.0539061 0.060005 0.0665528 0.0735451 0.0809728 0.0888224 0.0970754 0.105708 0.114693 0.123995 0.133577 0.143395 0.153402 0.163548 0.173778 0.184034 0.194257 0.204386 0.214358 0.22411 0.23358 0.242707 0.25143 0.259691 0.267435 0.27461 0.281168 0.287063 0.292256 0.296711 0.300398 0.303293 0.305374 0.306629 0.307048 0.306629 0.305374 0.303293 0.300398 0.296711 0.292256 0.287063 0.281168 0.27461 0.267435 0.259691 0.25143 0.242707 0.23358 0.22411 0.214358 0.204386 0.194257 0.184034 0.173778 0.163548 0.153402 0.143395 0.133577 0.123995 0.114693 0.105708 0.0970754 0.0888224 0.0809728 0.0735451 0.0665528 0.060005 0.0539061 0.0482565 0.0430531 0.0382895 0.0339564 0.0300429 0.0265358 0.0234213 0.0206849 0.0183119 0.0162884 0.014601 0.013238 0.0121891 0.011446 0.0110026 
0.0119605 0.0121219 0.0126071 0.0134204 0.014568 0.0160589 0.0179039 0.0201157 0.0227083 0.0256965 0.0290958 0.0329214 0.0371879 0.0419087 0.0470952 0.0527566 0.0588992 0.0655256 0.0726345 0.0802203 0.0882724 0.0967753 0.105708 0.115045 0.124755 0.1348 0.145139 0.155724 0.166506 0.177428 0.188431 0.199455 0.210436 0.221306 0.232001 0.242454 0.252597 0.262366 0.271697 0.280529 0.288804 0.296467 0.303467 0.309758 0.315297 0.320048 0.323979 0.327064 0.329282 0.330619 0.331065 0.330619 0.329282 0.327064 0.323979 0.320048 0.315297 0.309758 0.303467 0.296467 0.288804 0.280529 0.271697 0.262366 0.252597 0.242454 0.232001 0.221306 0.210436 0.199455 0.188431 0.177428 0.166506 0.155724 0.145139 0.1348 0.124755 0.115045 0.105708 0.0967753 0.0882724 0.0802203 0.0726345 0.0655256 0.0588992 0.0527566 0.0470952 0.0419087 0.0371879 0.0329214 0.0290958 0.0256965 0.0227083 0.0201157 0.0179039 0.0160589 0.014568 0.0134204 0.0126071 0.0121219 
0.0131286 0.0133045 0.0138337 0.0147203 0.0159714 0.0175962 0.0196062 0.0220149 0.024837 0.0280883 0.0317849 0.0359427 0.0405769 0.0457014 0.0513278 0.0574654 0.0641198 0.0712933 0.0789835 0.0871834 0.095881 0.105058 0.114693 0.124755 0.13521 0.146018 0.157133 0.168505 0.180079 0.191794 0.203587 0.215393 0.227144 0.238769 0.250198 0.261359 0.272184 0.282602 0.292547 0.301955 0.310765 0.318919 0.326364 0.333051 0.338938 0.343985 0.34816 0.351435 0.35379 0.355209 0.355683 0.355209 0.35379 0.351435 0.34816 0.343985 0.338938 0.333051 0.326364 0.318919 0.310765 0.301955 0.292547 0.282602 0.272184 0.261359 0.250198 0.238769 0.227144 0.215393 0.203587 0.191794 0.180079 0.168505 0.157133 0.146018 0.13521 0.124755 0.114693 0.105058 0.095881 0.0871834 0.0789835 0.0712933 0.0641198 0.0574654 0.0513278 0.0457014 0.0405769 0.0359427 0.0317849 0.0280883 0.024837 0.0220149 0.0196062 0.0175962 0.0159714 0.0147203 0.0138337 0.0133045 
0.0143564 0.0145475 0.0151225 0.0160857 0.0174444 0.0192086 0.0213905 0.024004 0.0270649 0.0305895 0.0345948 0.0390974 0.044113 0.0496557 0.0557374 0.0623671 0.0695503 0.0772882 0.0855776 0.0944099 0.103771 0.113641 0.123995 0.1348 0.146018 0.157606 0.169514 0.181687 0.194066 0.206587 0.219182 0.231781 0.244311 0.256698 0.268867 0.280743 0.292253 0.303324 0.313885 0.32387 0.333214 0.341859 0.349748 0.356832 0.363064 0.368407 0.372824 0.37629 0.378781 0.380281 0.380783 0.380281 0.378781 0.37629 0.372824 0.368407 0.363064 0.356832 0.349748 0.341859 0.333214 0.32387 0.313885 0.303324 0.292253 0.280743 0.268867 0.256698 0.244311 0.231781 0.219182 0.206587 0.194066 0.181687 0.169514 0.157606 0.146018 0.1348 0.123995 0.113641 0.103771 0.0944099 0.0855776 0.0772882 0.0695503 0.0623671 0.0557374 0.0496557 0.044113 0.0390974 0.0345948 0.0305895 0.0270649 0.024004 0.0213905 0.0192086 0.0174444 0.0160857 0.0151225 0.0145475 
0.0156403 0.0158472 0.0164696 0.0175121 0.0189825 0.0208912 0.0232509 0.0260765 0.0293843 0.0331916 0.0375159 0.0423744 0.0477833 0.053757 0.0603074 0.0674434 0.0751699 0.0834873 0.0923909 0.101871 0.111911 0.122489 0.133577 0.145139 0.157133 0.169514 0.182226 0.195212 0.208406 0.221741 0.235145 0.248543 0.261857 0.27501 0.287921 0.300514 0.312709 0.324431 0.335607 0.346166 0.356043 0.365176 0.373506 0.380982 0.387558 0.393192 0.39785 0.401503 0.404128 0.405709 0.406238 0.405709 0.404128 0.401503 0.39785 0.393192 0.387558 0.380982 0.373506 0.365176 0.356043 0.346166 0.335607 0.324431 0.312709 0.300514 0.287921 0.27501 0.261857 0.248543 0.235145 0.221741 0.208406 0.195212 0.182226 0.169514 0.157133 0.145139 0.133577 0.122489 0.111911 0.101871 0.0923909 0.0834873 0.0751699 0.0674434 0.0603074 0.053757 0.0477833 0.0423744 0.0375159 0.0331916 0.0293843 0.0260765 0.0232509 0.0208912 0.0189825 0.0175121 0.0164696 0.0158472 
0.0169755 0.0171988 0.0178701 0.0189945 0.02058 0.0226375 0.0251805 0.0282245 0.0317864 0.0358844 0.0405364 0.0457604 0.0515729 0.0579884 0.065019 0.0726731 0.0809549 0.0898639 0.0993941 0.109534 0.120265 0.131562 0.143395 0.155724 0.168505 0.181687 0.195212 0.209016 0.223031 0.237185 0.2514 0.265599 0.279698 0.293615 0.307268 0.320573 0.33345 0.345819 0.357604 0.368733 0.379136 0.388749 0.397515 0.405378 0.412291 0.418212 0.423106 0.426943 0.4297 0.431361 0.431916 0.431361 0.4297 0.426943 0.423106 0.418212 0.412291 0.405378 0.397515 0.388749 0.379136 0.368733 0.357604 0.345819 0.33345 0.320573 0.307268 0.293615 0.279698 0.265599 0.2514 0.237185 0.223031 0.209016 0.195212 0.181687 0.168505 0.155724 0.143395 0.131562 0.120265 0.109534 0.0993941 0.0898639 0.0809549 0.0726731 0.065019 0.0579884 0.0515729 0.0457604 0.0405364 0.0358844 0.0317864 0.0282245 0.0251805 0.0226375 0.02058 0.0189945 0.0178701 0.0171988 
0.0183567 0.0185966 0.0193181 0.0205264 0.0222299 0.0244401 0.0271709 0.0304385 0.0342607 0.0386559 0.0436431 0.0492404 0.0554647 0.0623309 0.0698507 0.078032 0.0868784 0.0963884 0.106554 0.117363 0.128793 0.140818 0.153402 0.166506 0.180079 0.194066 0.208406 0.223031 0.237868 0.25284 0.267866 0.282862 0.297742 0.312419 0.326806 0.340818 0.354368 0.367376 0.379762 0.39145 0.40237 0.412456 0.421648 0.42989 0.437133 0.443335 0.448459 0.452475 0.455361 0.457099 0.45768 0.457099 0.455361 0.452475 0.448459 0.443335 0.437133 0.42989 0.421648 0.412456 0.40237 0.39145 0.379762 0.367376 0.354368 0.340818 0.326806 0.312419 0.297742 0.282862 0.267866 0.25284 0.237868 0.223031 0.208406 0.194066 0.180079 0.166506 0.153402 0.140818 0.128793 0.117363 0.106554 0.0963884 0.0868784 0.078032 0.0698507 0.0623309 0.0554647 0.0492404 0.0436431 0.0386559 0.0342607 0.0304385 0.0271709 0.0244401 0.0222299 0.0205264 0.0193181 0.0185966 
0.0197772 0.0200341 0.0208069 0.0221008 0.0239247 0.0262905 0.0292127 0.0327082 0.0367951 0.0414929 0.0468207 0.0527973 0.0594399 0.066763 0.0747785 0.0834936 0.0929111 0.103028 0.113836 0.125318 0.137452 0.150208 0.163548 0.177428 0.191794 0.206587 0.221741 0.237185 0.25284 0.268626 0.284456 0.300242 0.315894 0.331322 0.346434 0.36114 0.375353 0.388987 0.401961 0.414197 0.425622 0.436169 0.445776 0.454386 0.46195 0.468424 0.473771 0.477962 0.480972 0.482785 0.48339 0.482785 0.480972 0.477962 0.473771 0.468424 0.46195 0.454386 0.445776 0.436169 0.425622 0.414197 0.401961 0.388987 0.375353 0.36114 0.346434 0.331322 0.315894 0.300242 0.284456 0.268626 0.25284 0.237185 0.221741 0.206587 0.191794 0.177428 0.163548 0.150208 0.137452 0.125318 0.113836 0.103028 0.0929111 0.0834936 0.0747785 0.066763 0.0594399 0.0527973 0.0468207 0.0414929 0.0367951 0.0327082 0.0292127 0.0262905 0.0239247 0.0221008 0.0208069 0.0200341 
0.0212298 0.0215041 0.0223288 0.0237096 0.0256556 0.0281791 0.0312953 0.0350215 0.0393766 0.0443805 0.0500528 0.0564126 0.0634772 0.0712614 0.0797764 0.0890289 0.0990207 0.109748 0.121199 0.133357 0.146196 0.159683 0.173778 0.188431 0.203587 0.219182 0.235145 0.2514 0.267866 0.284456 0.301079 0.317644 0.334057 0.350221 0.366043 0.381429 0.396289 0.410534 0.424081 0.436849 0.448765 0.459758 0.469766 0.478732 0.486606 0.493342 0.498905 0.503263 0.506393 0.508278 0.508907 0.508278 0.506393 0.503263 0.498905 0.493342 0.486606 0.478732 0.469766 0.459758 0.448765 0.436849 0.424081 0.410534 0.396289 0.381429 0.366043 0.350221 0.334057 0.317644 0.301079 0.284456 0.267866 0.2514 0.235145 0.219182 0.203587 0.188431 0.173778 0.159683 0.146196 0.133357 0.121199 0.109748 0.0990207 0.0890289 0.0797764 0.0712614 0.0634772 0.0564126 0.0500528 0.0443805 0.0393766 0.0350215 0.0312953 0.0281791 0.0256556 0.0237096 0.0223288 0.0215041 
0.0227064 0.0229982 0.0238753 0.0253437 0.0274128 0.0300954 0.0334071 0.0373657 0.0419907 0.0473024 0.0533211 0.0600659 0.0675543 0.0758008 0.0848163 0.0946069 0.105173 0.11651 0.128603 0.141435 0.154976 0.16919 0.184034 0.199455 0.215393 0.231781 0.248543 0.265599 0.282862 0.300242 0.317644 0.334972 0.352128 0.369011 0.385525 0.401573 0.417061 0.431899 0.446 0.459282 0.47167 0.483093 0.493488 0.502795 0.510965 0.517953 0.523721 0.52824 0.531484 0.533438 0.53409 0.533438 0.531484 0.52824 0.523721 0.517953 0.510965 0.502795 0.493488 0.483093 0.47167 0.459282 0.446 0.431899 0.417061 0.401573 0.385525 0.369011 0.352128 0.334972 0.317644 0.300242 0.282862 0.265599 0.248543 0.231781 0.215393 0.199455 0.184034 0.16919 0.154976 0.141435 0.128603 0.11651 0.105173 0.0946069 0.0848163 0.0758008 0.0675543 0.0600659 0.0533211 0.0473024 0.0419907 0.0373657 0.0334071 0.0300954 0.0274128 0.0253437 0.0238753 0.0229982 
0.0241982 0.0245075 0.0254372 0.0269935 0.029186 0.0320279 0.0355354 0.0397267 0.0446218 0.0502415 0.0566062 0.0637355 0.0716468 0.0803544 0.0898685 0.100195 0.111332 0.123274 0.136005 0.149504 0.16374 0.178674 0.194257 0.210436 0.227144 0.244311 0.261857 0.279698 0.297742 0.315894 0.334057 0.352128 0.370005 0.387587 0.404771 0.421459 0.437553 0.452962 0.467595 0.481371 0.494212 0.506046 0.516809 0.526442 0.534895 0.542122 0.548086 0.552756 0.556109 0.558127 0.558801 0.558127 0.556109 0.552756 0.548086 0.542122 0.534895 0.526442 0.516809 0.506046 0.494212 0.481371 0.467595 0.452962 0.437553 0.421459 0.404771 0.387587 0.370005 0.352128 0.334057 0.315894 0.297742 0.279698 0.261857 0.244311 0.227144 0.210436 0.194257 0.178674 0.16374 0.149504 0.136005 0.123274 0.111332 0.100195 0.0898685 0.0803544 0.0716468 0.0637355 0.0566062 0.0502415 0.0446218 0.0397267 0.0355354 0.0320279 0.029186 0.0269935 0.0254372 0.0245075 
0.0256957 0.0260224 0.0270045 0.0286483 0.0309637 0.0339644 0.0376667 0.0420896 0.0472534 0.0531791 0.0598877 0.0673986 0.0757294 0.0848939 0.0949018 0.105758 0.11746 0.129999 0.143359 0.157516 0.172435 0.188076 0.204386 0.221306 0.238769 0.256698 0.27501 0.293615 0.312419 0.331322 0.350221 0.369011 0.387587 0.405842 0.423672 0.440974 0.45765 0.473604 0.488747 0.502993 0.516265 0.52849 0.539603 0.549545 0.558264 0.565717 0.571865 0.576679 0.580134 0.582214 0.582908 0.582214 0.580134 0.576679 0.571865 0.565717 0.558264 0.549545 0.539603 0.52849 0.516265 0.502993 0.488747 0.473604 0.45765 0.440974 0.423672 0.405842 0.387587 0.369011 0.350221 0.331322 0.312419 0.293615 0.27501 0.256698 0.238769 0.221306 0.204386 0.188076 0.172435 0.157516 0.143359 0.129999 0.11746 0.105758 0.0949018 0.0848939 0.0757294 0.0673986 0.0598877 0.0531791 0.0472534 0.0420896 0.0376667 0.0339644 0.0309637 0.0286483 0.0270045 0.0260224 
0.0271887 0.0275327 0.0285667 0.0302971 0.0327342 0.0358919 0.039787 0.0444388 0.049868 0.0560961 0.063144 0.0710314 0.0797755 0.08939 0.0998839 0.111261 0.123517 0.136643 0.15062 0.16542 0.181008 0.197339 0.214358 0.232001 0.250198 0.268867 0.287921 0.307268 0.326806 0.346434 0.366043 0.385525 0.404771 0.423672 0.442119 0.460009 0.477238 0.493712 0.509338 0.52403 0.537709 0.550303 0.561745 0.571977 0.580948 0.588612 0.594933 0.599881 0.603432 0.605569 0.606282 0.605569 0.603432 0.599881 0.594933 0.588612 0.580948 0.571977 0.561745 0.550303 0.537709 0.52403 0.509338 0.493712 0.477238 0.460009 0.442119 0.423672 0.404771 0.385525 0.366043 0.346434 0.326806 0.307268 0.287921 0.268867 0.250198 0.232001 0.214358 0.197339 0.181008 0.16542 0.15062 0.136643 0.123517 0.111261 0.0998839 0.08939 0.0797755 0.0710314 0.063144 0.0560961 0.049868 0.0444388 0.039787 0.0358919 0.0327342 0.0302971 0.0285667 0.0275327 
0.0286667 0.0290277 0.0301127 0.0319283 0.034485 0.037797 0.0418815 0.0467581 0.0524478 0.0589724 0.066353 0.0746092 0.0837581 0.0938128 0.104782 0.116667 0.129465 0.143162 0.157739 0.173166 0.189404 0.206405 0.22411 0.242454 0.261359 0.280743 0.300514 0.320573 0.340818 0.36114 0.381429 0.401573 0.421459 0.440974 0.460009 0.478455 0.496209 0.513173 0.529255 0.544367 0.558428 0.571368 0.583118 0.593621 0.602825 0.610687 0.617169 0.622241 0.62588 0.62807 0.628802 0.62807 0.62588 0.622241 0.617169 0.610687 0.602825 0.593621 0.583118 0.571368 0.558428 0.544367 0.529255 0.513173 0.496209 0.478455 0.460009 0.440974 0.421459 0.401573 0.381429 0.36114 0.340818 0.320573 0.300514 0.280743 0.261359 0.242454 0.22411 0.206405 0.189404 0.173166 0.157739 0.143162 0.129465 0.116667 0.104782 0.0938128 0.0837581 0.0746092 0.066353 0.0589724 0.0524478 0.0467581 0.0418815 0.037797 0.034485 0.0319283 0.0301127 0.0290277 
0.0301188 0.0304963 0.0316311 0.0335299 0.0362033 0.0396658 0.043935 0.0490307 0.0549743 0.0617877 0.0694921 0.0781071 0.0876494 0.0981317 0.109562 0.12194 0.135262 0.149513 0.16467 0.180702 0.197567 0.215214 0.23358 0.252597 0.272184 0.292253 0.312709 0.33345 0.354368 0.375353 0.396289 0.417061 0.437553 0.45765 0.477238 0.496209 0.514457 0.531882 0.54839 0.563893 0.578312 0.591573 0.603609 0.614363 0.623784 0.631828 0.638458 0.643645 0.647366 0.649605 0.650352 0.649605 0.647366 0.643645 0.638458 0.631828 0.623784 0.614363 0.603609 0.591573 0.578312 0.563893 0.54839 0.531882 0.514457 0.496209 0.477238 0.45765 0.437553 0.417061 0.396289 0.375353 0.354368 0.33345 0.312709 0.292253 0.272184 0.252597 0.23358 0.215214 0.197567 0.180702 0.16467 0.149513 0.135262 0.12194 0.109562 0.0981317 0.0876494 0.0781071 0.0694921 0.0617877 0.0549743 0.0490307 0.043935 0.0396658 0.0362033 0.0335299 0.0316311 0.0304963 
0.0315338 0.0319273 0.0331104 0.0350897 0.0378761 0.0414843 0.0459322 0.0512399 0.057429 0.0645214 0.0725386 0.0814998 0.0914217 0.102316 0.11419 0.127044 0.14087 0.155652 0.171367 0.187979 0.205444 0.223708 0.242707 0.262366 0.282602 0.303324 0.324431 0.345819 0.367376 0.388987 0.410534 0.431899 0.452962 0.473604 0.493712 0.513173 0.531882 0.549735 0.56664 0.582507 0.597256 0.610814 0.623114 0.634099 0.643719 0.65193 0.658695 0.663987 0.667783 0.670067 0.670829 0.670067 0.667783 0.663987 0.658695 0.65193 0.643719 0.634099 0.623114 0.610814 0.597256 0.582507 0.56664 0.549735 0.531882 0.513173 0.493712 0.473604 0.452962 0.431899 0.410534 0.388987 0.367376 0.345819 0.324431 0.303324 0.282602 0.262366 0.242707 0.223708 0.205444 0.187979 0.171367 0.155652 0.14087 0.127044 0.11419 0.102316 0.0914217 0.0814998 0.0725386 0.0645214 0.057429 0.0512399 0.0459322 0.0414843 0.0378761 0.0350897 0.0331104 0.0319273 
0.0329004 0.0333094 0.0345388 0.0365954 0.0394903 0.0432384 0.0478577 0.0533687 0.0597931 0.067153 0.0754697 0.0847624 0.0950473 0.106336 0.118634 0.131941 0.146247 0.161537 0.177782 0.194946 0.212982 0.231832 0.25143 0.271697 0.292547 0.313885 0.335607 0.357604 0.379762 0.401961 0.424081 0.446 0.467595 0.488747 0.509338 0.529255 0.54839 0.56664 0.58391 0.600112 0.615164 0.628994 0.641536 0.652732 0.662532 0.670895 0.677784 0.683171 0.687034 0.689358 0.690134 0.689358 0.687034 0.683171 0.677784 0.670895 0.662532 0.652732 0.641536 0.628994 0.615164 0.600112 0.58391 0.56664 0.54839 0.529255 0.509338 0.488747 0.467595 0.446 0.424081 0.401961 0.379762 0.357604 0.335607 0.313885 0.292547 0.271697 0.25143 0.231832 0.212982 0.194946 0.177782 0.161537 0.146247 0.131941 0.118634 0.106336 0.0950473 0.0847624 0.0754697 0.067153 0.0597931 0.0533687 0.0478577 0.0432384 0.0394903 0.0365954 0.0345388 0.0333094 
0.0342076 0.0346313 0.0359047 0.0380348 0.0410329 0.0449139 0.0496963 0.0554005 0.0620484 0.0696622 0.0782631 0.0878702 0.0984992 0.110161 0.122861 0.136596 0.151357 0.167125 0.183871 0.201555 0.220128 0.23953 0.259691 0.280529 0.301955 0.32387 0.346166 0.368733 0.39145 0.414197 0.436849 0.459282 0.481371 0.502993 0.52403 0.544367 0.563893 0.582507 0.600112 0.616619 0.631947 0.646024 0.658785 0.670172 0.680136 0.688636 0.695636 0.701108 0.705032 0.707393 0.708181 0.707393 0.705032 0.701108 0.695636 0.688636 0.680136 0.670172 0.658785 0.646024 0.631947 0.616619 0.600112 0.582507 0.563893 0.544367 0.52403 0.502993 0.481371 0.459282 0.436849 0.414197 0.39145 0.368733 0.346166 0.32387 0.301955 0.280529 0.259691 0.23953 0.220128 0.201555 0.183871 0.167125 0.151357 0.136596 0.122861 0.110161 0.0984992 0.0878702 0.0782631 0.0696622 0.0620484 0.0554005 0.0496963 0.0449139 0.0410329 0.0380348 0.0359047 0.0346313 
0.0354442 0.0358817 0.0371966 0.039396 0.0424911 0.0464973 0.051433 0.0573188 0.0641768 0.0720292 0.080897 0.0907993 0.101751 0.113763 0.126839 0.140976 0.156162 0.172377 0.18959 0.20776 0.226834 0.246751 0.267435 0.288804 0.310765 0.333214 0.356043 0.379136 0.40237 0.425622 0.448765 0.47167 0.494212 0.516265 0.537709 0.558428 0.578312 0.597256 0.615164 0.631947 0.647525 0.661825 0.674782 0.68634 0.696451 0.705073 0.712172 0.717721 0.721699 0.724091 0.72489 0.724091 0.721699 0.717721 0.712172 0.705073 0.696451 0.68634 0.674782 0.661825 0.647525 0.631947 0.615164 0.597256 0.578312 0.558428 0.537709 0.516265 0.494212 0.47167 0.448765 0.425622 0.40237 0.379136 0.356043 0.333214 0.310765 0.288804 0.267435 0.246751 0.226834 0.20776 0.18959 0.172377 0.156162 0.140976 0.126839 0.113763 0.101751 0.0907993 0.080897 0.0720292 0.0641768 0.0573188 0.051433 0.0464973 0.0424911 0.039396 0.0371966 0.0358817 
