5.30725e-11 6.49066e-11 1.04884e-10 1.87797e-10 3.43171e-10 6.23679e-10 1.11932e-09 1.98006e-09 3.45086e-09 5.9246e-09 1.00202e-08 1.66958e-08 2.74074e-08 4.43297e-08 7.06512e-08 1.10963e-07 1.71757e-07 2.62039e-07 3.94074e-07 5.84243e-07 8.54002e-07 1.23089e-06 1.74952e-06 2.45247e-06 3.39091e-06 4.62485e-06 6.22287e-06 8.26102e-06 1.08209e-05 1.39869e-05 1.78419e-05 2.24625e-05 2.79135e-05 3.42411e-05 4.14668e-05 4.95813e-05 5.85395e-05 6.82573e-05 7.86098e-05 8.94328e-05 0.000100526 0.000111659 0.000122581 0.000133028 0.000142735 0.000151447 0.00015893 0.000164978 0.000169424 0.000172142 0.000173056 0.000172142 0.000169424 0.000164978 0.00015893 0.000151447 0.000142735 0.000133028 0.000122581 0.000111659 0.000100526 8.94328e-05 7.86098e-05 6.82573e-05 5.85395e-05 4.95813e-05 4.14668e-05 3.42411e-05 2.79135e-05 2.24625e-05 1.78419e-05 1.39869e-05 1.08209e-05 8.26102e-06 6.22287e-06 4.62485e-06 3.39091e-06 2.45247e-06 1.74952e-06 1.23089e-06 8.54002e-07 5.84243e-07 3.94074e-07 2.62039e-07 1.71757e-07 1.10963e-07 7.06512e-08 4.43297e-08 2.74074e-08 1.66958e-08 1.00202e-08 5.9246e-09 3.45086e-09 1.98006e-09 1.11932e-09 6.23679e-10 3.43171e-10 1.87797e-10 1.04884e-10 6.49066e-11 
6.49066e-11 7.93151e-11 1.2796e-10 2.28744e-10 4.17358e-10 7.57383e-10 1.35728e-09 2.39743e-09 4.17197e-09 7.15176e-09 1.20772e-08 2.00917e-08 3.29304e-08 5.31782e-08 8.46182e-08 1.32686e-07 2.05047e-07 3.12318e-07 4.68921e-07 6.94073e-07 1.01289e-06 1.45752e-06 2.0683e-06 2.89471e-06 3.99605e-06 5.44176e-06 7.31089e-06 9.69095e-06 1.26756e-05 1.63612e-05 2.08422e-05 2.62056e-05 3.25241e-05 3.98492e-05 4.82035e-05 5.75744e-05 6.79083e-05 7.91067e-05 9.10249e-05 0.000103473 0.000116222 0.000129007 0.000141541 0.000153522 0.000164648 0.00017463 0.0001832 0.000190124 0.000195212 0.000198323 0.00019937 0.000198323 0.000195212 0.000190124 0.0001832 0.00017463 0.000164648 0.000153522 0.000141541 0.000129007 0.000116222 0.000103473 9.10249e-05 7.91067e-05 6.79083e-05 5.75744e-05 4.82035e-05 3.98492e-05 3.25241e-05 2.62056e-05 2.08422e-05 1.63612e-05 1.26756e-05 9.69095e-06 7.31089e-06 5.44176e-06 3.99605e-06 2.89471e-06 2.0683e-06 1.45752e-06 1.01289e-06 6.94073e-07 4.68921e-07 3.12318e-07 2.05047e-07 1.32686e-07 8.46182e-08 5.31782e-08 3.29304e-08 2.00917e-08 1.20772e-08 7.15176e-09 4.17197e-09 2.39743e-09 1.35728e-09 7.57383e-10 4.17358e-10 2.28744e-10 1.2796e-10 7.93151e-11 
1.04884e-10 1.2796e-10 2.05774e-10 3.66653e-10 6.66933e-10 1.20668e-09 2.15601e-09 3.79685e-09 6.58715e-09 1.12572e-08 1.89505e-08 3.14265e-08 5.13429e-08 8.26427e-08 1.31071e-07 2.04843e-07 3.15497e-07 4.78929e-07 7.16634e-07 1.05712e-06 1.53743e-06 2.20481e-06 3.11814e-06 4.34931e-06 5.98408e-06 8.12221e-06 1.08767e-05 1.43719e-05 1.874e-05 2.4116e-05 3.06312e-05 3.84052e-05 4.75363e-05 5.80917e-05 7.00974e-05 8.35293e-05 9.83052e-05 0.00011428 0.000131246 0.000148931 0.000167009 0.000185108 0.000202823 0.000219735 0.000235421 0.000249479 0.000261537 0.000271273 0.000278424 0.000282794 0.000284264 0.000282794 0.000278424 0.000271273 0.000261537 0.000249479 0.000235421 0.000219735 0.000202823 0.000185108 0.000167009 0.000148931 0.000131246 0.00011428 9.83052e-05 8.35293e-05 7.00974e-05 5.80917e-05 4.75363e-05 3.84052e-05 3.06312e-05 2.4116e-05 1.874e-05 1.43719e-05 1.08767e-05 8.12221e-06 5.98408e-06 4.34931e-06 3.11814e-06 2.20481e-06 1.53743e-06 1.05712e-06 7.16634e-07 4.78929e-07 3.15497e-07 2.04843e-07 1.31071e-07 8.26427e-08 5.13429e-08 3.14265e-08 1.89505e-08 1.12572e-08 6.58715e-09 3.79685e-09 2.15601e-09 1.20668e-09 6.66933e-10 3.66653e-10 2.05774e-10 1.2796e-10 
1.87797e-10 2.28744e-10 3.66653e-10 6.51168e-10 1.18079e-09 2.12996e-09 3.79419e-09 6.66141e-09 1.15211e-08 1.96274e-08 3.29359e-08 5.44423e-08 8.86526e-08 1.42222e-07 2.24801e-07 3.50128e-07 5.37398e-07 8.1293e-07 1.21213e-06 1.78169e-06 2.58203e-06 3.68966e-06 5.19953e-06 7.22685e-06 9.90823e-06 1.34017e-05 1.7885e-05 2.35525e-05 3.06094e-05 3.92635e-05 4.97149e-05 6.21435e-05 7.66942e-05 9.34621e-05 0.000112477 0.00013369 0.000156964 0.000182062 0.000208653 0.000236311 0.000264525 0.000292719 0.000320269 0.000346528 0.000370852 0.000392624 0.000411282 0.000426336 0.000437384 0.000444134 0.000446404 0.000444134 0.000437384 0.000426336 0.000411282 0.000392624 0.000370852 0.000346528 0.000320269 0.000292719 0.000264525 0.000236311 0.000208653 0.000182062 0.000156964 0.00013369 0.000112477 9.34621e-05 7.66942e-05 6.21435e-05 4.97149e-05 3.92635e-05 3.06094e-05 2.35525e-05 1.7885e-05 1.34017e-05 9.90823e-06 7.22685e-06 5.19953e-06 3.68966e-06 2.58203e-06 1.78169e-06 1.21213e-06 8.1293e-07 5.37398e-07 3.50128e-07 2.24801e-07 1.42222e-07 8.86526e-08 5.44423e-08 3.29359e-08 1.96274e-08 1.15211e-08 6.66141e-09 3.79419e-09 2.12996e-09 1.18079e-09 6.51168e-10 3.66653e-10 2.28744e-10 
3.43171e-10 4.17358e-10 6.66933e-10 1.18079e-09 2.13493e-09 3.84012e-09 6.82109e-09 1.19413e-08 2.05927e-08 3.49777e-08 5.85182e-08 9.64339e-08 1.56544e-07 2.50346e-07 3.94442e-07 6.12357e-07 9.36807e-07 1.41243e-06 2.09899e-06 3.0749e-06 4.44108e-06 6.32468e-06 8.88262e-06 1.23042e-05 1.68127e-05 2.26646e-05 3.01471e-05 3.95716e-05 5.12645e-05 6.55539e-05 8.27525e-05 0.000103137 0.000126927 0.000154258 0.000185162 0.000219542 0.000257161 0.000297629 0.000340404 0.000384798 0.000429994 0.000475074 0.00051905 0.000560902 0.000599619 0.000634235 0.00066387 0.000687761 0.000705286 0.000715988 0.000719587 0.000715988 0.000705286 0.000687761 0.00066387 0.000634235 0.000599619 0.000560902 0.00051905 0.000475074 0.000429994 0.000384798 0.000340404 0.000297629 0.000257161 0.000219542 0.000185162 0.000154258 0.000126927 0.000103137 8.27525e-05 6.55539e-05 5.12645e-05 3.95716e-05 3.01471e-05 2.26646e-05 1.68127e-05 1.23042e-05 8.88262e-06 6.32468e-06 4.44108e-06 3.0749e-06 2.09899e-06 1.41243e-06 9.36807e-07 6.12357e-07 3.94442e-07 2.50346e-07 1.56544e-07 9.64339e-08 5.85182e-08 3.49777e-08 2.05927e-08 1.19413e-08 6.82109e-09 3.84012e-09 2.13493e-09 1.18079e-09 6.66933e-10 4.17358e-10 
6.23679e-10 7.57383e-10 1.20668e-09 2.12996e-09 3.84012e-09 6.88808e-09 1.22012e-08 2.13002e-08 3.6628e-08 6.20356e-08 1.03483e-07 1.70027e-07 2.75177e-07 4.3872e-07 6.89097e-07 1.06643e-06 1.62628e-06 2.44406e-06 3.62027e-06 5.28614e-06 7.60961e-06 1.08013e-05 1.51195e-05 2.08744e-05 2.84293e-05 3.81995e-05 5.06466e-05 6.6268e-05 8.55813e-05 0.000109102 0.000137316 0.000170649 0.000209426 0.000253841 0.000303915 0.000359469 0.000420097 0.000485156 0.000553763 0.000624812 0.000697 0.00076887 0.000838863 0.000905375 0.000966821 0.0010217 0.00106863 0.00110644 0.00113416 0.00115108 0.00115677 0.00115108 0.00113416 0.00110644 0.00106863 0.0010217 0.000966821 0.000905375 0.000838863 0.00076887 0.000697 0.000624812 0.000553763 0.000485156 0.000420097 0.000359469 0.000303915 0.000253841 0.000209426 0.000170649 0.000137316 0.000109102 8.55813e-05 6.6268e-05 5.06466e-05 3.81995e-05 2.84293e-05 2.08744e-05 1.51195e-05 1.08013e-05 7.60961e-06 5.28614e-06 3.62027e-06 2.44406e-06 1.62628e-06 1.06643e-06 6.89097e-07 4.3872e-07 2.75177e-07 1.70027e-07 1.03483e-07 6.20356e-08 3.6628e-08 2.13002e-08 1.22012e-08 6.88808e-09 3.84012e-09 2.12996e-09 1.20668e-09 7.57383e-10 
1.11932e-09 1.35728e-09 2.15601e-09 3.79419e-09 6.82109e-09 1.22012e-08 2.15529e-08 3.7521e-08 6.4339e-08 1.08656e-07 1.80724e-07 2.96058e-07 4.77711e-07 7.59303e-07 1.18895e-06 1.83423e-06 2.78827e-06 4.17693e-06 6.16703e-06 8.97534e-06 1.28779e-05 1.82188e-05 2.5418e-05 3.49767e-05 4.74786e-05 6.35866e-05 8.40327e-05 0.0001096 0.000141098 0.000179323 0.00022502 0.000278828 0.000341226 0.000412475 0.000492566 0.00058117 0.000677609 0.000780834 0.000889431 0.00100164 0.00111542 0.00122849 0.00133841 0.00144271 0.00153893 0.00162476 0.0016981 0.00175713 0.00180038 0.00182677 0.00183564 0.00182677 0.00180038 0.00175713 0.0016981 0.00162476 0.00153893 0.00144271 0.00133841 0.00122849 0.00111542 0.00100164 0.000889431 0.000780834 0.000677609 0.00058117 0.000492566 0.000412475 0.000341226 0.000278828 0.00022502 0.000179323 0.000141098 0.0001096 8.40327e-05 6.35866e-05 4.74786e-05 3.49767e-05 2.5418e-05 1.82188e-05 1.28779e-05 8.97534e-06 6.16703e-06 4.17693e-06 2.78827e-06 1.83423e-06 1.18895e-06 7.59303e-07 4.77711e-07 2.96058e-07 1.80724e-07 1.08656e-07 6.4339e-08 3.7521e-08 2.15529e-08 1.22012e-08 6.82109e-09 3.79419e-09 2.15601e-09 1.35728e-09 
1.98006e-09 2.39743e-09 3.79685e-09 6.66141e-09 1.19413e-08 2.13002e-08 3.7521e-08 6.51357e-08 1.11373e-07 1.87543e-07 3.11017e-07 5.07982e-07 8.17184e-07 1.29489e-06 2.02127e-06 3.10843e-06 4.71009e-06 7.03302e-06 1.03499e-05 1.50133e-05 2.14695e-05 3.02721e-05 4.20927e-05 5.77279e-05 7.80997e-05 0.000104249 0.000137316 0.000178512 0.000229078 0.000290225 0.000363069 0.00044855 0.00054735 0.000659806 0.000785832 0.000924849 0.00107574 0.00123683 0.00140588 0.00158016 0.0017565 0.00193139 0.00210112 0.0022619 0.00241003 0.002542 0.00265464 0.00274523 0.00281157 0.00285203 0.00286563 0.00285203 0.00281157 0.00274523 0.00265464 0.002542 0.00241003 0.0022619 0.00210112 0.00193139 0.0017565 0.00158016 0.00140588 0.00123683 0.00107574 0.000924849 0.000785832 0.000659806 0.00054735 0.00044855 0.000363069 0.000290225 0.000229078 0.000178512 0.000137316 0.000104249 7.80997e-05 5.77279e-05 4.20927e-05 3.02721e-05 2.14695e-05 1.50133e-05 1.03499e-05 7.03302e-06 4.71009e-06 3.10843e-06 2.02127e-06 1.29489e-06 8.17184e-07 5.07982e-07 3.11017e-07 1.87543e-07 1.11373e-07 6.51357e-08 3.7521e-08 2.13002e-08 1.19413e-08 6.66141e-09 3.79685e-09 2.39743e-09 
3.45086e-09 4.17197e-09 6.58715e-09 1.15211e-08 2.05927e-08 3.6628e-08 6.4339e-08 1.11373e-07 1.89881e-07 3.18808e-07 5.27131e-07 8.58359e-07 1.3766e-06 2.17453e-06 3.38364e-06 5.18689e-06 7.83399e-06 1.16592e-05 1.71008e-05 2.47228e-05 3.5235e-05 4.95126e-05 6.86114e-05 9.37755e-05 0.000126436 0.000168196 0.0002208 0.000286087 0.000365921 0.000462104 0.00057627 0.000709771 0.000863545 0.001038 0.00123288 0.0014472 0.00167916 0.00192611 0.00218462 0.00245048 0.00271889 0.00298454 0.00324188 0.00348525 0.00370913 0.00390834 0.00407819 0.00421467 0.00431455 0.00437544 0.00439589 0.00437544 0.00431455 0.00421467 0.00407819 0.00390834 0.00370913 0.00348525 0.00324188 0.00298454 0.00271889 0.00245048 0.00218462 0.00192611 0.00167916 0.0014472 0.00123288 0.001038 0.000863545 0.000709771 0.00057627 0.000462104 0.000365921 0.000286087 0.0002208 0.000168196 0.000126436 9.37755e-05 6.86114e-05 4.95126e-05 3.5235e-05 2.47228e-05 1.71008e-05 1.16592e-05 7.83399e-06 5.18689e-06 3.38364e-06 2.17453e-06 1.3766e-06 8.58359e-07 5.27131e-07 3.18808e-07 1.89881e-07 1.11373e-07 6.4339e-08 3.6628e-08 2.05927e-08 1.15211e-08 6.58715e-09 4.17197e-09 
5.9246e-09 7.15176e-09 1.12572e-08 1.96274e-08 3.49777e-08 6.20356e-08 1.08656e-07 1.87543e-07 3.18808e-07 5.33682e-07 8.7975e-07 1.42816e-06 2.28329e-06 3.59539e-06 5.57661e-06 8.52077e-06 1.28269e-05 1.90263e-05 2.78123e-05 4.00713e-05 5.69134e-05 7.96986e-05 0.000110057 0.000149898 0.000201401 0.000266991 0.000349287 0.000451022 0.000574941 0.000723665 0.000899535 0.00110444 0.00133962 0.0016055 0.00190155 0.0022261 0.00257629 0.00294807 0.0033362 0.00373437 0.00413541 0.0045315 0.00491444 0.00527596 0.00560802 0.00590309 0.00615439 0.00635614 0.00650367 0.00659357 0.00662377 0.00659357 0.00650367 0.00635614 0.00615439 0.00590309 0.00560802 0.00527596 0.00491444 0.0045315 0.00413541 0.00373437 0.0033362 0.00294807 0.00257629 0.0022261 0.00190155 0.0016055 0.00133962 0.00110444 0.000899535 0.000723665 0.000574941 0.000451022 0.000349287 0.000266991 0.000201401 0.000149898 0.000110057 7.96986e-05 5.69134e-05 4.00713e-05 2.78123e-05 1.90263e-05 1.28269e-05 8.52077e-06 5.57661e-06 3.59539e-06 2.28329e-06 1.42816e-06 8.7975e-07 5.33682e-07 3.18808e-07 1.87543e-07 1.08656e-07 6.20356e-08 3.49777e-08 1.96274e-08 1.12572e-08 7.15176e-09 
1.00202e-08 1.20772e-08 1.89505e-08 3.29359e-08 5.85182e-08 1.03483e-07 1.80724e-07 3.11017e-07 5.27131e-07 8.7975e-07 1.44578e-06 2.33974e-06 3.72887e-06 5.85285e-06 9.04849e-06 1.378e-05 2.06745e-05 3.05628e-05 4.45229e-05 6.39252e-05 9.04753e-05 0.00012625 0.000173724 0.000235771 0.000315652 0.000416966 0.000543564 0.000699432 0.000888524 0.00111457 0.00138083 0.00168987 0.00204326 0.00244137 0.0028831 0.00336576 0.00388493 0.00443446 0.00500654 0.00559188 0.00618001 0.00675957 0.00731875 0.00784567 0.00832888 0.00875764 0.00912239 0.00941493 0.00962869 0.00975889 0.00980262 0.00975889 0.00962869 0.00941493 0.00912239 0.00875764 0.00832888 0.00784567 0.00731875 0.00675957 0.00618001 0.00559188 0.00500654 0.00443446 0.00388493 0.00336576 0.0028831 0.00244137 0.00204326 0.00168987 0.00138083 0.00111457 0.000888524 0.000699432 0.000543564 0.000416966 0.000315652 0.000235771 0.000173724 0.00012625 9.04753e-05 6.39252e-05 4.45229e-05 3.05628e-05 2.06745e-05 1.378e-05 9.04849e-06 5.85285e-06 3.72887e-06 2.33974e-06 1.44578e-06 8.7975e-07 5.27131e-07 3.11017e-07 1.80724e-07 1.03483e-07 5.85182e-08 3.29359e-08 1.89505e-08 1.20772e-08 
1.66958e-08 2.00917e-08 3.14265e-08 5.44423e-08 9.64339e-08 1.70027e-07 2.96058e-07 5.07982e-07 8.58359e-07 1.42816e-06 2.33974e-06 3.77448e-06 5.99614e-06 9.38092e-06 1.44549e-05 2.19397e-05 3.28049e-05 4.83278e-05 7.01568e-05 0.000100375 0.000141558 0.000196822 0.000269854 0.000364907 0.000486767 0.000640672 0.000832176 0.00106697 0.00135062 0.00168832 0.0020845 0.0025425 0.00306423 0.00364978 0.00429716 0.00500209 0.00575784 0.00655528 0.00738301 0.0082276 0.00907403 0.00990616 0.0107073 0.0114608 0.0121506 0.0127617 0.013281 0.013697 0.0140008 0.0141857 0.0142478 0.0141857 0.0140008 0.013697 0.013281 0.0127617 0.0121506 0.0114608 0.0107073 0.00990616 0.00907403 0.0082276 0.00738301 0.00655528 0.00575784 0.00500209 0.00429716 0.00364978 0.00306423 0.0025425 0.0020845 0.00168832 0.00135062 0.00106697 0.000832176 0.000640672 0.000486767 0.000364907 0.000269854 0.000196822 0.000141558 0.000100375 7.01568e-05 4.83278e-05 3.28049e-05 2.19397e-05 1.44549e-05 9.38092e-06 5.99614e-06 3.77448e-06 2.33974e-06 1.42816e-06 8.58359e-07 5.07982e-07 2.96058e-07 1.70027e-07 9.64339e-08 5.44423e-08 3.14265e-08 2.00917e-08 
2.74074e-08 3.29304e-08 5.13429e-08 8.86526e-08 1.56544e-07 2.75177e-07 4.77711e-07 8.17184e-07 1.3766e-06 2.28329e-06 3.72887e-06 5.99614e-06 9.49446e-06 1.48049e-05 2.27361e-05 3.43914e-05 5.12454e-05 7.52299e-05 0.000108823 0.000155137 0.000217996 0.000301994 0.000412527 0.000555773 0.000738625 0.00096856 0.00125343 0.00160118 0.0020195 0.0025154 0.00309474 0.00376175 0.00451852 0.00536457 0.00629645 0.00730749 0.0083877 0.00952377 0.0106993 0.0118954 0.0130908 0.0142632 0.0153893 0.0164462 0.0174121 0.0182665 0.0189915 0.0195718 0.0199951 0.0202527 0.0203392 0.0202527 0.0199951 0.0195718 0.0189915 0.0182665 0.0174121 0.0164462 0.0153893 0.0142632 0.0130908 0.0118954 0.0106993 0.00952377 0.0083877 0.00730749 0.00629645 0.00536457 0.00451852 0.00376175 0.00309474 0.0025154 0.0020195 0.00160118 0.00125343 0.00096856 0.000738625 0.000555773 0.000412527 0.000301994 0.000217996 0.000155137 0.000108823 7.52299e-05 5.12454e-05 3.43914e-05 2.27361e-05 1.48049e-05 9.49446e-06 5.99614e-06 3.72887e-06 2.28329e-06 1.3766e-06 8.17184e-07 4.77711e-07 2.75177e-07 1.56544e-07 8.86526e-08 5.13429e-08 3.29304e-08 
4.43297e-08 5.31782e-08 8.26427e-08 1.42222e-07 2.50346e-07 4.3872e-07 7.59303e-07 1.29489e-06 2.17453e-06 3.59539e-06 5.85285e-06 9.38092e-06 1.48049e-05 2.30081e-05 3.52135e-05 5.30807e-05 7.88163e-05 0.000115294 0.000166176 0.000236035 0.00033045 0.000456077 0.000620672 0.000833043 0.00110293 0.00144081 0.00185754 0.00236399 0.00297051 0.00368636 0.00451903 0.00547361 0.00655214 0.00775302 0.00907055 0.0104946 0.0120106 0.0135996 0.0152384 0.0169007 0.0185575 0.020178 0.0217309 0.0231854 0.0245119 0.0256835 0.0266762 0.0274698 0.0280484 0.0284002 0.0285182 0.0284002 0.0280484 0.0274698 0.0266762 0.0256835 0.0245119 0.0231854 0.0217309 0.020178 0.0185575 0.0169007 0.0152384 0.0135996 0.0120106 0.0104946 0.00907055 0.00775302 0.00655214 0.00547361 0.00451903 0.00368636 0.00297051 0.00236399 0.00185754 0.00144081 0.00110293 0.000833043 0.000620672 0.000456077 0.00033045 0.000236035 0.000166176 0.000115294 7.88163e-05 5.30807e-05 3.52135e-05 2.30081e-05 1.48049e-05 9.38092e-06 5.85285e-06 3.59539e-06 2.17453e-06 1.29489e-06 7.59303e-07 4.3872e-07 2.50346e-07 1.42222e-07 8.26427e-08 5.31782e-08 
7.06512e-08 8.46182e-08 1.31071e-07 2.24801e-07 3.94442e-07 6.89097e-07 1.18895e-06 2.02127e-06 3.38364e-06 5.57661e-06 9.04849e-06 1.44549e-05 2.27361e-05 3.52135e-05 5.37072e-05 8.06739e-05 0.000119361 0.000173972 0.000249833 0.000353546 0.000493112 0.000678005 0.000919172 0.00122894 0.00162083 0.00210919 0.00270876 0.00343407 0.00429872 0.00531457 0.00649089 0.00783347 0.00934381 0.0110184 0.0128481 0.014818 0.0169071 0.0190888 0.0213315 0.0235989 0.0258521 0.0280499 0.0301507 0.0321139 0.0339008 0.0354762 0.0368092 0.0378736 0.0386488 0.03912 0.039278 0.03912 0.0386488 0.0378736 0.0368092 0.0354762 0.0339008 0.0321139 0.0301507 0.0280499 0.0258521 0.0235989 0.0213315 0.0190888 0.0169071 0.014818 0.0128481 0.0110184 0.00934381 0.00783347 0.00649089 0.00531457 0.00429872 0.00343407 0.00270876 0.00210919 0.00162083 0.00122894 0.000919172 0.000678005 0.000493112 0.000353546 0.000249833 0.000173972 0.000119361 8.06739e-05 5.37072e-05 3.52135e-05 2.27361e-05 1.44549e-05 9.04849e-06 5.57661e-06 3.38364e-06 2.02127e-06 1.18895e-06 6.89097e-07 3.94442e-07 2.24801e-07 1.31071e-07 8.46182e-08 
1.10963e-07 1.32686e-07 2.04843e-07 3.50128e-07 6.12357e-07 1.06643e-06 1.83423e-06 3.10843e-06 5.18689e-06 8.52077e-06 1.378e-05 2.19397e-05 3.43914e-05 5.30807e-05 8.06739e-05 0.000120749 0.000178008 0.0002585 0.00036984 0.000521401 0.00072446 0.000992266 0.00134 0.0017846 0.00234443 0.00303881 0.00388729 0.00490885 0.00612091 0.00753822 0.00917178 0.0110277 0.013106 0.0154002 0.0178963 0.0205725 0.0233994 0.0263405 0.0293529 0.0323885 0.0353954 0.0383199 0.041108 0.0437072 0.046068 0.0481455 0.0499006 0.0513004 0.0523188 0.0529374 0.0531448 0.0529374 0.0523188 0.0513004 0.0499006 0.0481455 0.046068 0.0437072 0.041108 0.0383199 0.0353954 0.0323885 0.0293529 0.0263405 0.0233994 0.0205725 0.0178963 0.0154002 0.013106 0.0110277 0.00917178 0.00753822 0.00612091 0.00490885 0.00388729 0.00303881 0.00234443 0.0017846 0.00134 0.000992266 0.00072446 0.000521401 0.00036984 0.0002585 0.000178008 0.000120749 8.06739e-05 5.30807e-05 3.43914e-05 2.19397e-05 1.378e-05 8.52077e-06 5.18689e-06 3.10843e-06 1.83423e-06 1.06643e-06 6.12357e-07 3.50128e-07 2.04843e-07 1.32686e-07 
1.71757e-07 2.05047e-07 3.15497e-07 5.37398e-07 9.36807e-07 1.62628e-06 2.78827e-06 4.71009e-06 7.83399e-06 1.28269e-05 2.06745e-05 3.28049e-05 5.12454e-05 7.88163e-05 0.000119361 0.000178008 0.000261455 0.000378268 0.000539152 0.000757193 0.00104801 0.00142981 0.00192326 0.0025512 0.00333814 0.00430949 0.00549066 0.00690584 0.00857673 0.0105211 0.0127513 0.0152729 0.0180836 0.021172 0.0245171 0.0280881 0.0318446 0.0357374 0.0397095 0.043698 0.0476359 0.0514541 0.055084 0.0584593 0.0615183 0.064205 0.066471 0.0682758 0.0695877 0.0703839 0.0706508 0.0703839 0.0695877 0.0682758 0.066471 0.064205 0.0615183 0.0584593 0.055084 0.0514541 0.0476359 0.043698 0.0397095 0.0357374 0.0318446 0.0280881 0.0245171 0.021172 0.0180836 0.0152729 0.0127513 0.0105211 0.00857673 0.00690584 0.00549066 0.00430949 0.00333814 0.0025512 0.00192326 0.00142981 0.00104801 0.000757193 0.000539152 0.000378268 0.000261455 0.000178008 0.000119361 7.88163e-05 5.12454e-05 3.28049e-05 2.06745e-05 1.28269e-05 7.83399e-06 4.71009e-06 2.78827e-06 1.62628e-06 9.36807e-07 5.37398e-07 3.15497e-07 2.05047e-07 
2.62039e-07 3.12318e-07 4.78929e-07 8.1293e-07 1.41243e-06 2.44406e-06 4.17693e-06 7.03302e-06 1.16592e-05 1.90263e-05 3.05628e-05 4.83278e-05 7.52299e-05 0.000115294 0.000173972 0.0002585 0.000378268 0.000545203 0.000774112 0.00108296 0.00149301 0.00202884 0.00271809 0.00359097 0.00467952 0.00601655 0.00763429 0.00956281 0.0118284 0.0144514 0.0174451 0.0208133 0.0245492 0.0286347 0.0330391 0.0377198 0.0426222 0.0476813 0.0528231 0.0579669 0.0630277 0.0679188 0.072555 0.0768546 0.0807419 0.0841492 0.0870178 0.0892994 0.0909561 0.0919609 0.0922976 0.0919609 0.0909561 0.0892994 0.0870178 0.0841492 0.0807419 0.0768546 0.072555 0.0679188 0.0630277 0.0579669 0.0528231 0.0476813 0.0426222 0.0377198 0.0330391 0.0286347 0.0245492 0.0208133 0.0174451 0.0144514 0.0118284 0.00956281 0.00763429 0.00601655 0.00467952 0.00359097 0.00271809 0.00202884 0.00149301 0.00108296 0.000774112 0.000545203 0.000378268 0.0002585 0.000173972 0.000115294 7.52299e-05 4.83278e-05 3.05628e-05 1.90263e-05 1.16592e-05 7.03302e-06 4.17693e-06 2.44406e-06 1.41243e-06 8.1293e-07 4.78929e-07 3.12318e-07 
3.94074e-07 4.68921e-07 7.16634e-07 1.21213e-06 2.09899e-06 3.62027e-06 6.16703e-06 1.03499e-05 1.71008e-05 2.78123e-05 4.45229e-05 7.01568e-05 0.000108823 0.000166176 0.000249833 0.00036984 0.000539152 0.000774112 0.00109486 0.00152565 0.00209494 0.00283533 0.00378311 0.0049775 0.00645957 0.00827072 0.0104509 0.0130366 0.0160583 0.0195388 0.0234906 0.0279138 0.0327952 0.0381067 0.0438051 0.0498323 0.0561163 0.0625728 0.0691076 0.0756193 0.0820022 0.0881503 0.0939596 0.0993319 0.104177 0.108414 0.111975 0.114803 0.116854 0.118097 0.118514 0.118097 0.116854 0.114803 0.111975 0.108414 0.104177 0.0993319 0.0939596 0.0881503 0.0820022 0.0756193 0.0691076 0.0625728 0.0561163 0.0498323 0.0438051 0.0381067 0.0327952 0.0279138 0.0234906 0.0195388 0.0160583 0.0130366 0.0104509 0.00827072 0.00645957 0.0049775 0.00378311 0.00283533 0.00209494 0.00152565 0.00109486 0.000774112 0.000539152 0.00036984 0.000249833 0.000166176 0.000108823 7.01568e-05 4.45229e-05 2.78123e-05 1.71008e-05 1.03499e-05 6.16703e-06 3.62027e-06 2.09899e-06 1.21213e-06 7.16634e-07 4.68921e-07 
5.84243e-07 6.94073e-07 1.05712e-06 1.78169e-06 3.0749e-06 5.28614e-06 8.97534e-06 1.50133e-05 2.47228e-05 4.00713e-05 6.39252e-05 0.000100375 0.000155137 0.000236035 0.000353546 0.000521401 0.000757193 0.00108296 0.00152565 0.00211745 0.00289584 0.00390326 0.00518651 0.00679555 0.00878195 0.0111969 0.0140886 0.0174999 0.0214653 0.0260083 0.0311389 0.0368511 0.0431218 0.0499096 0.057155 0.0647807 0.0726933 0.0807858 0.0889406 0.0970329 0.104935 0.112518 0.11966 0.126245 0.132167 0.137335 0.141669 0.145106 0.147596 0.149104 0.149608 0.149104 0.147596 0.145106 0.141669 0.137335 0.132167 0.126245 0.11966 0.112518 0.104935 0.0970329 0.0889406 0.0807858 0.0726933 0.0647807 0.057155 0.0499096 0.0431218 0.0368511 0.0311389 0.0260083 0.0214653 0.0174999 0.0140886 0.0111969 0.00878195 0.00679555 0.00518651 0.00390326 0.00289584 0.00211745 0.00152565 0.00108296 0.000757193 0.000521401 0.000353546 0.000236035 0.000155137 0.000100375 6.39252e-05 4.00713e-05 2.47228e-05 1.50133e-05 8.97534e-06 5.28614e-06 3.0749e-06 1.78169e-06 1.05712e-06 6.94073e-07 
8.54002e-07 1.01289e-06 1.53743e-06 2.58203e-06 4.44108e-06 7.60961e-06 1.28779e-05 2.14695e-05 3.5235e-05 5.69134e-05 9.04753e-05 0.000141558 0.000217996 0.00033045 0.000493112 0.00072446 0.00104801 0.00149301 0.00209494 0.00289584 0.00394415 0.00529426 0.00700537 0.00913991 0.0117613 0.0149313 0.0187068 0.0231364 0.0282574 0.0340919 0.0406446 0.0479 0.0558214 0.0643498 0.0734049 0.0828861 0.0926749 0.102638 0.112632 0.122505 0.132107 0.141287 0.149902 0.15782 0.164921 0.171102 0.176276 0.180371 0.183333 0.185126 0.185726 0.185126 0.183333 0.180371 0.176276 0.171102 0.164921 0.15782 0.149902 0.141287 0.132107 0.122505 0.112632 0.102638 0.0926749 0.0828861 0.0734049 0.0643498 0.0558214 0.0479 0.0406446 0.0340919 0.0282574 0.0231364 0.0187068 0.0149313 0.0117613 0.00913991 0.00700537 0.00529426 0.00394415 0.00289584 0.00209494 0.00149301 0.00104801 0.00072446 0.000493112 0.00033045 0.000217996 0.000141558 9.04753e-05 5.69134e-05 3.5235e-05 2.14695e-05 1.28779e-05 7.60961e-06 4.44108e-06 2.58203e-06 1.53743e-06 1.01289e-06 
1.23089e-06 1.45752e-06 2.20481e-06 3.68966e-06 6.32468e-06 1.08013e-05 1.82188e-05 3.02721e-05 4.95126e-05 7.96986e-05 0.00012625 0.000196822 0.000301994 0.000456077 0.000678005 0.000992266 0.00142981 0.00202884 0.00283533 0.00390326 0.00529426 0.00707672 0.00932424 0.0121133 0.0155202 0.0196178 0.0244712 0.0301338 0.0366432 0.0440175 0.0522523 0.0613184 0.0711605 0.0816975 0.0928236 0.10441 0.11631 0.128361 0.14039 0.15222 0.163674 0.174581 0.184779 0.194119 0.202472 0.209723 0.215778 0.220563 0.22402 0.226109 0.226809 0.226109 0.22402 0.220563 0.215778 0.209723 0.202472 0.194119 0.184779 0.174581 0.163674 0.15222 0.14039 0.128361 0.11631 0.10441 0.0928236 0.0816975 0.0711605 0.0613184 0.0522523 0.0440175 0.0366432 0.0301338 0.0244712 0.0196178 0.0155202 0.0121133 0.00932424 0.00707672 0.00529426 0.00390326 0.00283533 0.00202884 0.00142981 0.000992266 0.000678005 0.000456077 0.000301994 0.000196822 0.00012625 7.96986e-05 4.95126e-05 3.02721e-05 1.82188e-05 1.08013e-05 6.32468e-06 3.68966e-06 2.20481e-06 1.45752e-06 
1.74952e-06 2.0683e-06 3.11814e-06 5.19953e-06 8.88262e-06 1.51195e-05 2.5418e-05 4.20927e-05 6.86114e-05 0.000110057 0.000173724 0.000269854 0.000412527 0.000620672 0.000919172 0.00134 0.00192326 0.00271809 0.00378311 0.00518651 0.00700537 0.00932424 0.0122329 0.0158231 0.020185 0.025402 0.0315465 0.0386744 0.0468209 0.0559959 0.0661813 0.0773288 0.0893595 0.102165 0.115608 0.129529 0.143748 0.158071 0.172295 0.186215 0.199632 0.212353 0.2242 0.235013 0.24465 0.252993 0.259945 0.265426 0.269381 0.27177 0.272568 0.27177 0.269381 0.265426 0.259945 0.252993 0.24465 0.235013 0.2242 0.212353 0.199632 0.186215 0.172295 0.158071 0.143748 0.129529 0.115608 0.102165 0.0893595 0.0773288 0.0661813 0.0559959 0.0468209 0.0386744 0.0315465 0.025402 0.020185 0.0158231 0.0122329 0.00932424 0.00700537 0.00518651 0.00378311 0.00271809 0.00192326 0.00134 0.000919172 0.000620672 0.000412527 0.000269854 0.000173724 0.000110057 6.86114e-05 4.20927e-05 2.5418e-05 1.51195e-05 8.88262e-06 5.19953e-06 3.11814e-06 2.0683e-06 
2.45247e-06 2.89471e-06 4.34931e-06 7.22685e-06 1.23042e-05 2.08744e-05 3.49767e-05 5.77279e-05 9.37755e-05 0.000149898 0.000235771 0.000364907 0.000555773 0.000833043 0.00122894 0.0017846 0.0025512 0.00359097 0.0049775 0.00679555 0.00913991 0.0121133 0.0158231 0.0203775 0.0258801 0.0324243 0.0400876 0.0489254 0.058966 0.0702064 0.0826091 0.0961008 0.110573 0.125884 0.141861 0.158309 0.175012 0.191744 0.208271 0.224362 0.239796 0.254364 0.267873 0.280157 0.291068 0.300485 0.308312 0.314471 0.318907 0.321584 0.322478 0.321584 0.318907 0.314471 0.308312 0.300485 0.291068 0.280157 0.267873 0.254364 0.239796 0.224362 0.208271 0.191744 0.175012 0.158309 0.141861 0.125884 0.110573 0.0961008 0.0826091 0.0702064 0.058966 0.0489254 0.0400876 0.0324243 0.0258801 0.0203775 0.0158231 0.0121133 0.00913991 0.00679555 0.0049775 0.00359097 0.0025512 0.0017846 0.00122894 0.000833043 0.000555773 0.000364907 0.000235771 0.000149898 9.37755e-05 5.77279e-05 3.49767e-05 2.08744e-05 1.23042e-05 7.22685e-06 4.34931e-06 2.89471e-06 
3.39091e-06 3.99605e-06 5.98408e-06 9.90823e-06 1.68127e-05 2.84293e-05 4.74786e-05 7.80997e-05 0.000126436 0.000201401 0.000315652 0.000486767 0.000738625 0.00110293 0.00162083 0.00234443 0.00333814 0.00467952 0.00645957 0.00878195 0.0117613 0.0155202 0.020185 0.0258801 0.0327221 0.0408125 0.0502306 0.0610271 0.0732185 0.0867825 0.101656 0.117733 0.134871 0.152888 0.171572 0.190689 0.209985 0.229201 0.248075 0.266353 0.283794 0.300176 0.315301 0.328997 0.341119 0.351549 0.360192 0.36698 0.371861 0.374803 0.375785 0.374803 0.371861 0.36698 0.360192 0.351549 0.341119 0.328997 0.315301 0.300176 0.283794 0.266353 0.248075 0.229201 0.209985 0.190689 0.171572 0.152888 0.134871 0.117733 0.101656 0.0867825 0.0732185 0.0610271 0.0502306 0.0408125 0.0327221 0.0258801 0.020185 0.0155202 0.0117613 0.00878195 0.00645957 0.00467952 0.00333814 0.00234443 0.00162083 0.00110293 0.000738625 0.000486767 0.000315652 0.000201401 0.000126436 7.80997e-05 4.74786e-05 2.84293e-05 1.68127e-05 9.90823e-06 5.98408e-06 3.99605e-06 
4.62485e-06 5.44176e-06 8.12221e-06 1.34017e-05 2.26646e-05 3.81995e-05 6.35866e-05 0.000104249 0.000168196 0.000266991 0.000416966 0.000640672 0.00096856 0.00144081 0.00210919 0.00303881 0.00430949 0.00601655 0.00827072 0.0111969 0.0149313 0.0196178 0.025402 0.0324243 0.0408125 0.0506729 0.0620828 0.0750827 0.0896706 0.105798 0.123369 0.14224 0.162225 0.183098 0.204605 0.226468 0.248399 0.270103 0.291295 0.3117 0.331065 0.349162 0.365792 0.380785 0.394003 0.405337 0.414703 0.422041 0.427308 0.430478 0.431537 0.430478 0.427308 0.422041 0.414703 0.405337 0.394003 0.380785 0.365792 0.349162 0.331065 0.3117 0.291295 0.270103 0.248399 0.226468 0.204605 0.183098 0.162225 0.14224 0.123369 0.105798 0.0896706 0.0750827 0.0620828 0.0506729 0.0408125 0.0324243 0.025402 0.0196178 0.0149313 0.0111969 0.00827072 0.00601655 0.00430949 0.00303881 0.00210919 0.00144081 0.00096856 0.000640672 0.000416966 0.000266991 0.000168196 0.000104249 6.35866e-05 3.81995e-05 2.26646e-05 1.34017e-05 8.12221e-06 5.44176e-06 
6.22287e-06 7.31089e-06 1.08767e-05 1.7885e-05 3.01471e-05 5.06466e-05 8.40327e-05 0.000137316 0.0002208 0.000349287 0.000543564 0.000832176 0.00125343 0.00185754 0.00270876 0.00388729 0.00549066 0.00763429 0.0104509 0.0140886 0.0187068 0.0244712 0.0315465 0.0400876 0.0502306 0.0620828 0.0757138 0.0911474 0.108356 0.127258 0.147716 0.169542 0.1925 0.216318 0.240694 0.265308 0.289836 0.313955 0.337357 0.359755 0.380889 0.400532 0.418492 0.434609 0.44876 0.460849 0.470808 0.478591 0.484166 0.487518 0.488636 0.487518 0.484166 0.478591 0.470808 0.460849 0.44876 0.434609 0.418492 0.400532 0.380889 0.359755 0.337357 0.313955 0.289836 0.265308 0.240694 0.216318 0.1925 0.169542 0.147716 0.127258 0.108356 0.0911474 0.0757138 0.0620828 0.0502306 0.0400876 0.0315465 0.0244712 0.0187068 0.0140886 0.0104509 0.00763429 0.00549066 0.00388729 0.00270876 0.00185754 0.00125343 0.000832176 0.000543564 0.000349287 0.0002208 0.000137316 8.40327e-05 5.06466e-05 3.01471e-05 1.7885e-05 1.08767e-05 7.31089e-06 
8.26102e-06 9.69095e-06 1.43719e-05 2.35525e-05 3.95716e-05 6.6268e-05 0.0001096 0.000178512 0.000286087 0.000451022 0.000699432 0.00106697 0.00160118 0.00236399 0.00343407 0.00490885 0.00690584 0.00956281 0.0130366 0.0174999 0.0231364 0.0301338 0.0386744 0.0489254 0.0610271 0.0750827 0.0911474 0.109221 0.129243 0.151088 0.174573 0.199457 0.225451 0.25223 0.279446 0.306738 0.333747 0.360127 0.385554 0.409735 0.432413 0.453371 0.472429 0.489449 0.504325 0.516984 0.527378 0.535478 0.541269 0.544746 0.545904 0.544746 0.541269 0.535478 0.527378 0.516984 0.504325 0.489449 0.472429 0.453371 0.432413 0.409735 0.385554 0.360127 0.333747 0.306738 0.279446 0.25223 0.225451 0.199457 0.174573 0.151088 0.129243 0.109221 0.0911474 0.0750827 0.0610271 0.0489254 0.0386744 0.0301338 0.0231364 0.0174999 0.0130366 0.00956281 0.00690584 0.00490885 0.00343407 0.00236399 0.00160118 0.00106697 0.000699432 0.000451022 0.000286087 0.000178512 0.0001096 6.6268e-05 3.95716e-05 2.35525e-05 1.43719e-05 9.69095e-06 
1.08209e-05 1.26756e-05 1.874e-05 3.06094e-05 5.12645e-05 8.55813e-05 0.000141098 0.000229078 0.000365921 0.000574941 0.000888524 0.00135062 0.0020195 0.00297051 0.00429872 0.00612091 0.00857673 0.0118284 0.0160583 0.0214653 0.0282574 0.0366432 0.0468209 0.058966 0.0732185 0.0896706 0.108356 0.129243 0.152227 0.177136 0.20373 0.231709 0.260729 0.290411 0.32036 0.350176 0.379471 0.407881 0.435077 0.460766 0.484704 0.506691 0.526572 0.544232 0.559594 0.572612 0.583262 0.591537 0.59744 0.600978 0.602157 0.600978 0.59744 0.591537 0.583262 0.572612 0.559594 0.544232 0.526572 0.506691 0.484704 0.460766 0.435077 0.407881 0.379471 0.350176 0.32036 0.290411 0.260729 0.231709 0.20373 0.177136 0.152227 0.129243 0.108356 0.0896706 0.0732185 0.058966 0.0468209 0.0366432 0.0282574 0.0214653 0.0160583 0.0118284 0.00857673 0.00612091 0.00429872 0.00297051 0.0020195 0.00135062 0.000888524 0.000574941 0.000365921 0.000229078 0.000141098 8.55813e-05 5.12645e-05 3.06094e-05 1.874e-05 1.26756e-05 
1.39869e-05 1.63612e-05 2.4116e-05 3.92635e-05 6.55539e-05 0.000109102 0.000179323 0.000290225 0.000462104 0.000723665 0.00111457 0.00168832 0.0025154 0.00368636 0.00531457 0.00753822 0.0105211 0.0144514 0.0195388 0.0260083 0.0340919 0.0440175 0.0559959 0.0702064 0.0867825 0.105798 0.127258 0.151088 0.177136 0.205171 0.23489 0.265933 0.297896 0.330347 0.362844 0.394955 0.42627 0.456416 0.485062 0.511931 0.536799 0.559491 0.579884 0.597897 0.613487 0.626638 0.637355 0.645656 0.651563 0.655097 0.656274 0.655097 0.651563 0.645656 0.637355 0.626638 0.613487 0.597897 0.579884 0.559491 0.536799 0.511931 0.485062 0.456416 0.42627 0.394955 0.362844 0.330347 0.297896 0.265933 0.23489 0.205171 0.177136 0.151088 0.127258 0.105798 0.0867825 0.0702064 0.0559959 0.0440175 0.0340919 0.0260083 0.0195388 0.0144514 0.0105211 0.00753822 0.00531457 0.00368636 0.0025154 0.00168832 0.00111457 0.000723665 0.000462104 0.000290225 0.000179323 0.000109102 6.55539e-05 3.92635e-05 2.4116e-05 1.63612e-05 
1.78419e-05 2.08422e-05 3.06312e-05 4.97149e-05 8.27525e-05 0.000137316 0.00022502 0.000363069 0.00057627 0.000899535 0.00138083 0.0020845 0.00309474 0.00451903 0.00649089 0.00917178 0.0127513 0.0174451 0.0234906 0.0311389 0.0406446 0.0522523 0.0661813 0.0826091 0.101656 0.123369 0.147716 0.174573 0.20373 0.23489 0.267686 0.301692 0.336442 0.371455 0.406248 0.440361 0.473371 0.504902 0.534638 0.562321 0.587758 0.610809 0.631391 0.649461 0.665015 0.678071 0.688666 0.696845 0.702649 0.706116 0.707269 0.706116 0.702649 0.696845 0.688666 0.678071 0.665015 0.649461 0.631391 0.610809 0.587758 0.562321 0.534638 0.504902 0.473371 0.440361 0.406248 0.371455 0.336442 0.301692 0.267686 0.23489 0.20373 0.174573 0.147716 0.123369 0.101656 0.0826091 0.0661813 0.0522523 0.0406446 0.0311389 0.0234906 0.0174451 0.0127513 0.00917178 0.00649089 0.00451903 0.00309474 0.0020845 0.00138083 0.000899535 0.00057627 0.000363069 0.00022502 0.000137316 8.27525e-05 4.97149e-05 3.06312e-05 2.08422e-05 
2.24625e-05 2.62056e-05 3.84052e-05 6.21435e-05 0.000103137 0.000170649 0.000278828 0.00044855 0.000709771 0.00110444 0.00168987 0.0025425 0.00376175 0.00547361 0.00783347 0.0110277 0.0152729 0.0208133 0.0279138 0.0368511 0.0479 0.0613184 0.0773288 0.0961008 0.117733 0.14224 0.169542 0.199457 0.231709 0.265933 0.301692 0.338491 0.37581 0.413116 0.449894 0.485665 0.52 0.552533 0.58297 0.611084 0.63672 0.659783 0.680231 0.698069 0.713332 0.726076 0.736372 0.74429 0.749893 0.753234 0.754343 0.753234 0.749893 0.74429 0.736372 0.726076 0.713332 0.698069 0.680231 0.659783 0.63672 0.611084 0.58297 0.552533 0.52 0.485665 0.449894 0.413116 0.37581 0.338491 0.301692 0.265933 0.231709 0.199457 0.169542 0.14224 0.117733 0.0961008 0.0773288 0.0613184 0.0479 0.0368511 0.0279138 0.0208133 0.0152729 0.0110277 0.00783347 0.00547361 0.00376175 0.0025425 0.00168987 0.00110444 0.000709771 0.00044855 0.000278828 0.000170649 0.000103137 6.21435e-05 3.84052e-05 2.62056e-05 
2.79135e-05 3.25241e-05 4.75363e-05 7.66942e-05 0.000126927 0.000209426 0.000341226 0.00054735 0.000863545 0.00133962 0.00204326 0.00306423 0.00451852 0.00655214 0.00934381 0.013106 0.0180836 0.0245492 0.0327952 0.0431218 0.0558214 0.0711605 0.0893595 0.110573 0.134871 0.162225 0.1925 0.225451 0.260729 0.297896 0.336442 0.37581 0.41542 0.454702 0.493113 0.530162 0.565428 0.598565 0.629307 0.657471 0.682945 0.705685 0.725698 0.743036 0.757776 0.770015 0.779853 0.787388 0.792705 0.795867 0.796917 0.795867 0.792705 0.787388 0.779853 0.770015 0.757776 0.743036 0.725698 0.705685 0.682945 0.657471 0.629307 0.598565 0.565428 0.530162 0.493113 0.454702 0.41542 0.37581 0.336442 0.297896 0.260729 0.225451 0.1925 0.162225 0.134871 0.110573 0.0893595 0.0711605 0.0558214 0.0431218 0.0327952 0.0245492 0.0180836 0.013106 0.00934381 0.00655214 0.00451852 0.00306423 0.00204326 0.00133962 0.000863545 0.00054735 0.000341226 0.000209426 0.000126927 7.66942e-05 4.75363e-05 3.25241e-05 
3.42411e-05 3.98492e-05 5.80917e-05 9.34621e-05 0.000154258 0.000253841 0.000412475 0.000659806 0.001038 0.0016055 0.00244137 0.00364978 0.00536457 0.00775302 0.0110184 0.0154002 0.021172 0.0286347 0.0381067 0.0499096 0.0643498 0.0816975 0.102165 0.125884 0.152888 0.183098 0.216318 0.25223 0.290411 0.330347 0.371455 0.413116 0.454702 0.495607 0.535272 0.573206 0.609003 0.642347 0.673013 0.700865 0.725843 0.747957 0.767267 0.783871 0.797891 0.809461 0.818712 0.825765 0.830725 0.833669 0.834644 0.833669 0.830725 0.825765 0.818712 0.809461 0.797891 0.783871 0.767267 0.747957 0.725843 0.700865 0.673013 0.642347 0.609003 0.573206 0.535272 0.495607 0.454702 0.413116 0.371455 0.330347 0.290411 0.25223 0.216318 0.183098 0.152888 0.125884 0.102165 0.0816975 0.0643498 0.0499096 0.0381067 0.0286347 0.021172 0.0154002 0.0110184 0.00775302 0.00536457 0.00364978 0.00244137 0.0016055 0.001038 0.000659806 0.000412475 0.000253841 0.000154258 9.34621e-05 5.80917e-05 3.98492e-05 
4.14668e-05 4.82035e-05 7.00974e-05 0.000112477 0.000185162 0.000303915 0.000492566 0.000785832 0.00123288 0.00190155 0.0028831 0.00429716 0.00629645 0.00907055 0.0128481 0.0178963 0.0245171 0.0330391 0.0438051 0.057155 0.0734049 0.0928236 0.115608 0.141861 0.171572 0.204605 0.240694 0.279446 0.32036 0.362844 0.406248 0.449894 0.493113 0.535272 0.575805 0.614234 0.650175 0.683353 0.71359 0.740805 0.764995 0.786225 0.804607 0.820288 0.833432 0.844206 0.852771 0.85927 0.863823 0.866518 0.86741 0.866518 0.863823 0.85927 0.852771 0.844206 0.833432 0.820288 0.804607 0.786225 0.764995 0.740805 0.71359 0.683353 0.650175 0.614234 0.575805 0.535272 0.493113 0.449894 0.406248 0.362844 0.32036 0.279446 0.240694 0.204605 0.171572 0.141861 0.115608 0.0928236 0.0734049 0.057155 0.0438051 0.0330391 0.0245171 0.0178963 0.0128481 0.00907055 0.00629645 0.00429716 0.0028831 0.00190155 0.00123288 0.000785832 0.000492566 0.000303915 0.000185162 0.000112477 7.00974e-05 4.82035e-05 
4.95813e-05 5.75744e-05 8.35293e-05 0.00013369 0.000219542 0.000359469 0.00058117 0.000924849 0.0014472 0.0022261 0.00336576 0.00500209 0.00730749 0.0104946 0.014818 0.0205725 0.0280881 0.0377198 0.0498323 0.0647807 0.0828861 0.10441 0.129529 0.158309 0.190689 0.226468 0.265308 0.306738 0.350176 0.394955 0.440361 0.485665 0.530162 0.573206 0.614234 0.652785 0.688514 0.72119 0.750691 0.776994 0.800155 0.820294 0.837577 0.852195 0.864351 0.874243 0.882058 0.887957 0.892072 0.894501 0.895304 0.894501 0.892072 0.887957 0.882058 0.874243 0.864351 0.852195 0.837577 0.820294 0.800155 0.776994 0.750691 0.72119 0.688514 0.652785 0.614234 0.573206 0.530162 0.485665 0.440361 0.394955 0.350176 0.306738 0.265308 0.226468 0.190689 0.158309 0.129529 0.10441 0.0828861 0.0647807 0.0498323 0.0377198 0.0280881 0.0205725 0.014818 0.0104946 0.00730749 0.00500209 0.00336576 0.0022261 0.0014472 0.000924849 0.00058117 0.000359469 0.000219542 0.00013369 8.35293e-05 5.75744e-05 
5.85395e-05 6.79083e-05 9.83052e-05 0.000156964 0.000257161 0.000420097 0.000677609 0.00107574 0.00167916 0.00257629 0.00388493 0.00575784 0.0083877 0.0120106 0.0169071 0.0233994 0.0318446 0.0426222 0.0561163 0.0726933 0.0926749 0.11631 0.143748 0.175012 0.209985 0.248399 0.289836 0.333747 0.379471 0.42627 0.473371 0.52 0.565428 0.609003 0.650175 0.688514 0.723716 0.755605 0.784117 0.809289 0.831238 0.850139 0.866205 0.879671 0.890774 0.899739 0.906772 0.912051 0.915716 0.917874 0.918586 0.917874 0.915716 0.912051 0.906772 0.899739 0.890774 0.879671 0.866205 0.850139 0.831238 0.809289 0.784117 0.755605 0.723716 0.688514 0.650175 0.609003 0.565428 0.52 0.473371 0.42627 0.379471 0.333747 0.289836 0.248399 0.209985 0.175012 0.143748 0.11631 0.0926749 0.0726933 0.0561163 0.0426222 0.0318446 0.0233994 0.0169071 0.0120106 0.0083877 0.00575784 0.00388493 0.00257629 0.00167916 0.00107574 0.000677609 0.000420097 0.000257161 0.000156964 9.83052e-05 6.79083e-05 
