1.55341e-05 1.62214e-05 1.83233e-05 2.19608e-05 2.73383e-05 3.47478e-05 4.45744e-05 5.73024e-05 7.35221e-05 9.39371e-05 0.00011937 0.00015077 0.00018921 0.000235893 0.000292148 0.000359416 0.000439244 0.000533263 0.000643164 0.000770666 0.000917475 0.00108525 0.00127553 0.00148971 0.00172897 0.0019942 0.00228597 0.00260445 0.00294935 0.00331992 0.00371486 0.00413231 0.00456987 0.00502455 0.00549281 0.00597062 0.00645346 0.0069364 0.0074142 0.00788139 0.00833236 0.00876144 0.00916311 0.00953199 0.00986305 0.0101517 0.0103937 0.0105858 0.010725 0.0108094 0.0108377 0.0108094 0.010725 0.0105858 0.0103937 0.0101517 0.00986305 0.00953199 0.00916311 0.00876144 0.00833236 0.00788139 0.0074142 0.0069364 0.00645346 0.00597062 0.00549281 0.00502455 0.00456987 0.00413231 0.00371486 0.00331992 0.00294935 0.00260445 0.00228597 0.0019942 0.00172897 0.00148971 0.00127553 0.00108525 0.000917475 0.000770666 0.000643164 0.000533263 0.000439244 0.000359416 0.000292148 0.000235893 0.00018921 0.00015077 0.00011937 9.39371e-05 7.35221e-05 5.73024e-05 4.45744e-05 3.47478e-05 2.73383e-05 2.19608e-05 1.83233e-05 1.62214e-05 
1.62214e-05 1.69375e-05 1.91272e-05 2.29161e-05 2.85165e-05 3.62314e-05 4.64601e-05 5.97047e-05 7.65775e-05 9.78072e-05 0.000124246 0.000156876 0.000196807 0.000245284 0.000303678 0.000373479 0.000456282 0.000553771 0.000667685 0.000799794 0.000951855 0.00112556 0.00132251 0.00154412 0.00179159 0.00206584 0.00236742 0.0026965 0.00305278 0.00343544 0.00384315 0.00427399 0.00472544 0.00519443 0.0056773 0.0061699 0.00666756 0.00716522 0.00765749 0.00813872 0.00860315 0.00904499 0.00945852 0.00983824 0.010179 0.010476 0.0107252 0.0109228 0.011066 0.0111529 0.0111819 0.0111529 0.011066 0.0109228 0.0107252 0.010476 0.010179 0.00983824 0.00945852 0.00904499 0.00860315 0.00813872 0.00765749 0.00716522 0.00666756 0.0061699 0.0056773 0.00519443 0.00472544 0.00427399 0.00384315 0.00343544 0.00305278 0.0026965 0.00236742 0.00206584 0.00179159 0.00154412 0.00132251 0.00112556 0.000951855 0.000799794 0.000667685 0.000553771 0.000456282 0.000373479 0.000303678 0.000245284 0.000196807 0.000156876 0.000124246 9.78072e-05 7.65775e-05 5.97047e-05 4.64601e-05 3.62314e-05 2.85165e-05 2.29161e-05 1.91272e-05 1.69375e-05 
1.83233e-05 1.91272e-05 2.1585e-05 2.58364e-05 3.21171e-05 4.07636e-05 5.2219e-05 6.704e-05 8.59043e-05 0.000109618 0.000139123 0.0001755 0.000219974 0.000273913 0.000338822 0.000416332 0.00050819 0.000616231 0.00074235 0.00088847 0.00105649 0.00124825 0.00146545 0.00170962 0.00198202 0.00228361 0.00261497 0.00297622 0.00336698 0.00378633 0.00423276 0.00470413 0.00519767 0.00571 0.00623713 0.0067745 0.00731703 0.00785924 0.00839525 0.00891897 0.00942415 0.00990452 0.0103539 0.0107665 0.0111365 0.011459 0.0117294 0.0119439 0.0120993 0.0121935 0.0122251 0.0121935 0.0120993 0.0119439 0.0117294 0.011459 0.0111365 0.0107665 0.0103539 0.00990452 0.00942415 0.00891897 0.00839525 0.00785924 0.00731703 0.0067745 0.00623713 0.00571 0.00519767 0.00470413 0.00423276 0.00378633 0.00336698 0.00297622 0.00261497 0.00228361 0.00198202 0.00170962 0.00146545 0.00124825 0.00105649 0.00088847 0.00074235 0.000616231 0.00050819 0.000416332 0.000338822 0.000273913 0.000219974 0.0001755 0.000139123 0.000109618 8.59043e-05 6.704e-05 5.2219e-05 4.07636e-05 3.21171e-05 2.58364e-05 2.1585e-05 1.91272e-05 
2.19608e-05 2.29161e-05 2.58364e-05 3.08852e-05 3.83387e-05 4.85908e-05 6.21595e-05 7.96947e-05 0.000101987 0.000129974 0.000164749 0.000207567 0.000259844 0.000323159 0.000399244 0.000489975 0.000597349 0.000723464 0.000870476 0.00104057 0.00123588 0.00145848 0.00171027 0.00199294 0.00230788 0.00265611 0.00303821 0.00345425 0.00390372 0.0043855 0.00489777 0.00543804 0.00600309 0.00658903 0.00719127 0.0078046 0.00842325 0.00904097 0.00965113 0.0102468 0.010821 0.0113666 0.0118768 0.0123448 0.0127644 0.01313 0.0134364 0.0136793 0.0138554 0.013962 0.0139978 0.013962 0.0138554 0.0136793 0.0134364 0.01313 0.0127644 0.0123448 0.0118768 0.0113666 0.010821 0.0102468 0.00965113 0.00904097 0.00842325 0.0078046 0.00719127 0.00658903 0.00600309 0.00543804 0.00489777 0.0043855 0.00390372 0.00345425 0.00303821 0.00265611 0.00230788 0.00199294 0.00171027 0.00145848 0.00123588 0.00104057 0.000870476 0.000723464 0.000597349 0.000489975 0.000399244 0.000323159 0.000259844 0.000207567 0.000164749 0.000129974 0.000101987 7.96947e-05 6.21595e-05 4.85908e-05 3.83387e-05 3.08852e-05 2.58364e-05 2.29161e-05 
2.73383e-05 2.85165e-05 3.21171e-05 3.83387e-05 4.75165e-05 6.01279e-05 7.68003e-05 9.83195e-05 0.000125639 0.000159889 0.000202384 0.000254629 0.000318317 0.000395332 0.000487736 0.000597753 0.000727746 0.000880186 0.00105761 0.00126255 0.00149752 0.00176489 0.00206686 0.00240534 0.00278188 0.0031976 0.00365308 0.00414829 0.00468253 0.00525435 0.00586155 0.00650107 0.00716908 0.0078609 0.00857112 0.00929359 0.0100215 0.0107476 0.0114641 0.012163 0.012836 0.0134751 0.0140722 0.0146196 0.0151102 0.0155373 0.0158952 0.0161788 0.0163843 0.0165088 0.0165505 0.0165088 0.0163843 0.0161788 0.0158952 0.0155373 0.0151102 0.0146196 0.0140722 0.0134751 0.012836 0.012163 0.0114641 0.0107476 0.0100215 0.00929359 0.00857112 0.0078609 0.00716908 0.00650107 0.00586155 0.00525435 0.00468253 0.00414829 0.00365308 0.0031976 0.00278188 0.00240534 0.00206686 0.00176489 0.00149752 0.00126255 0.00105761 0.000880186 0.000727746 0.000597753 0.000487736 0.000395332 0.000318317 0.000254629 0.000202384 0.000159889 0.000125639 9.83195e-05 7.68003e-05 6.01279e-05 4.75165e-05 3.83387e-05 3.21171e-05 2.85165e-05 
3.47478e-05 3.62314e-05 4.07636e-05 4.85908e-05 6.01279e-05 7.59658e-05 9.68796e-05 0.000123838 0.000158017 0.000200804 0.000253812 0.00031888 0.000398077 0.000493695 0.000608233 0.000744384 0.000904996 0.00109303 0.00131153 0.00156351 0.00185193 0.0021796 0.00254907 0.00296254 0.00342179 0.00392801 0.00448179 0.00508296 0.00573054 0.00642265 0.00715652 0.00792837 0.0087335 0.00956625 0.0104201 0.0112875 0.0121605 0.0130304 0.0138878 0.0147234 0.0155273 0.01629 0.0170021 0.0176545 0.0182388 0.0187472 0.0191731 0.0195105 0.0197548 0.0199028 0.0199524 0.0199028 0.0197548 0.0195105 0.0191731 0.0187472 0.0182388 0.0176545 0.0170021 0.01629 0.0155273 0.0147234 0.0138878 0.0130304 0.0121605 0.0112875 0.0104201 0.00956625 0.0087335 0.00792837 0.00715652 0.00642265 0.00573054 0.00508296 0.00448179 0.00392801 0.00342179 0.00296254 0.00254907 0.0021796 0.00185193 0.00156351 0.00131153 0.00109303 0.000904996 0.000744384 0.000608233 0.000493695 0.000398077 0.00031888 0.000253812 0.000200804 0.000158017 0.000123838 9.68796e-05 7.59658e-05 6.01279e-05 4.85908e-05 4.07636e-05 3.62314e-05 
4.45744e-05 4.64601e-05 5.2219e-05 6.21595e-05 7.68003e-05 9.68796e-05 0.000123364 0.000157461 0.000200631 0.000254598 0.000321358 0.000403182 0.00050262 0.000622486 0.000765845 0.000935981 0.00113636 0.00137058 0.00164229 0.00195514 0.00231266 0.00271816 0.00317466 0.00368471 0.00425032 0.00487281 0.00555271 0.00628966 0.0070823 0.00792821 0.00882383 0.00976449 0.0107443 0.0117565 0.0127928 0.0138445 0.0149016 0.0159537 0.0169897 0.0179983 0.0189678 0.0198868 0.0207441 0.021529 0.0222315 0.0228425 0.023354 0.0237592 0.0240525 0.0242301 0.0242896 0.0242301 0.0240525 0.0237592 0.023354 0.0228425 0.0222315 0.021529 0.0207441 0.0198868 0.0189678 0.0179983 0.0169897 0.0159537 0.0149016 0.0138445 0.0127928 0.0117565 0.0107443 0.00976449 0.00882383 0.00792821 0.0070823 0.00628966 0.00555271 0.00487281 0.00425032 0.00368471 0.00317466 0.00271816 0.00231266 0.00195514 0.00164229 0.00137058 0.00113636 0.000935981 0.000765845 0.000622486 0.00050262 0.000403182 0.000321358 0.000254598 0.000200631 0.000157461 0.000123364 9.68796e-05 7.68003e-05 6.21595e-05 5.2219e-05 4.64601e-05 
5.73024e-05 5.97047e-05 6.704e-05 7.96947e-05 9.83195e-05 0.000123838 0.000157461 0.000200696 0.000255363 0.000323608 0.000407908 0.000511079 0.000636269 0.000786946 0.000966874 0.00118008 0.00143078 0.00172336 0.00206223 0.00245179 0.00289625 0.00339957 0.00396527 0.00459634 0.00529505 0.00606283 0.00690013 0.00780629 0.00877947 0.0098165 0.0109129 0.0120628 0.013259 0.0144929 0.0157548 0.0170336 0.0183177 0.0195941 0.0208497 0.0220708 0.0232435 0.0243542 0.0253895 0.0263367 0.027184 0.0279205 0.0285367 0.0290246 0.0293779 0.0295917 0.0296633 0.0295917 0.0293779 0.0290246 0.0285367 0.0279205 0.027184 0.0263367 0.0253895 0.0243542 0.0232435 0.0220708 0.0208497 0.0195941 0.0183177 0.0170336 0.0157548 0.0144929 0.013259 0.0120628 0.0109129 0.0098165 0.00877947 0.00780629 0.00690013 0.00606283 0.00529505 0.00459634 0.00396527 0.00339957 0.00289625 0.00245179 0.00206223 0.00172336 0.00143078 0.00118008 0.000966874 0.000786946 0.000636269 0.000511079 0.000407908 0.000323608 0.000255363 0.000200696 0.000157461 0.000123838 9.83195e-05 7.96947e-05 6.704e-05 5.97047e-05 
7.35221e-05 7.65775e-05 8.59043e-05 0.000101987 0.000125639 0.000158017 0.000200631 0.000255363 0.000324479 0.000410643 0.00051693 0.00064682 0.000804198 0.000993331 0.00121884 0.00148563 0.00179887 0.00216386 0.00258593 0.00307036 0.00362221 0.00424614 0.00494631 0.00572615 0.00658824 0.00753407 0.00856396 0.00967687 0.0108703 0.0121402 0.0134808 0.0148848 0.0163434 0.017846 0.0193806 0.0209339 0.0224917 0.0240385 0.0255585 0.0270351 0.028452 0.0297927 0.0310415 0.0321832 0.0332037 0.0340904 0.0348319 0.0354189 0.0358437 0.0361007 0.0361868 0.0361007 0.0358437 0.0354189 0.0348319 0.0340904 0.0332037 0.0321832 0.0310415 0.0297927 0.028452 0.0270351 0.0255585 0.0240385 0.0224917 0.0209339 0.0193806 0.017846 0.0163434 0.0148848 0.0134808 0.0121402 0.0108703 0.00967687 0.00856396 0.00753407 0.00658824 0.00572615 0.00494631 0.00424614 0.00362221 0.00307036 0.00258593 0.00216386 0.00179887 0.00148563 0.00121884 0.000993331 0.000804198 0.00064682 0.00051693 0.000410643 0.000324479 0.000255363 0.000200631 0.000158017 0.000125639 0.000101987 8.59043e-05 7.65775e-05 
9.39371e-05 9.78072e-05 0.000109618 0.000129974 0.000159889 0.000200804 0.000254598 0.000323608 0.000410643 0.000519004 0.000652483 0.000815372 0.00101244 0.00124893 0.00153046 0.00186304 0.00225291 0.00270649 0.00323019 0.00383032 0.0045129 0.00528343 0.00614676 0.00710682 0.00816648 0.00932729 0.0105893 0.011951 0.013409 0.0149581 0.0165912 0.0182991 0.0200709 0.0218937 0.0237529 0.0256326 0.0275153 0.0293826 0.0312155 0.0329944 0.0346996 0.0363118 0.0378122 0.0391829 0.0404075 0.0414708 0.0423596 0.0430629 0.0435717 0.0438796 0.0439827 0.0438796 0.0435717 0.0430629 0.0423596 0.0414708 0.0404075 0.0391829 0.0378122 0.0363118 0.0346996 0.0329944 0.0312155 0.0293826 0.0275153 0.0256326 0.0237529 0.0218937 0.0200709 0.0182991 0.0165912 0.0149581 0.013409 0.011951 0.0105893 0.00932729 0.00816648 0.00710682 0.00614676 0.00528343 0.0045129 0.00383032 0.00323019 0.00270649 0.00225291 0.00186304 0.00153046 0.00124893 0.00101244 0.000815372 0.000652483 0.000519004 0.000410643 0.000323608 0.000254598 0.000200804 0.000159889 0.000129974 0.000109618 9.78072e-05 
0.00011937 0.000124246 0.000139123 0.000164749 0.000202384 0.000253812 0.000321358 0.000407908 0.00051693 0.000652483 0.00081923 0.00102243 0.00126791 0.00156204 0.00191169 0.0023241 0.00280681 0.00336753 0.00401393 0.00475352 0.00559338 0.00653999 0.00759893 0.00877468 0.0100704 0.0114875 0.0130259 0.0146832 0.0164551 0.0183349 0.0203137 0.0223802 0.024521 0.0267204 0.0289609 0.0312231 0.0334862 0.0357282 0.0379265 0.0400578 0.0420988 0.0440268 0.0458197 0.0474564 0.0489176 0.0501857 0.0512452 0.0520832 0.0526893 0.053056 0.0531788 0.053056 0.0526893 0.0520832 0.0512452 0.0501857 0.0489176 0.0474564 0.0458197 0.0440268 0.0420988 0.0400578 0.0379265 0.0357282 0.0334862 0.0312231 0.0289609 0.0267204 0.024521 0.0223802 0.0203137 0.0183349 0.0164551 0.0146832 0.0130259 0.0114875 0.0100704 0.00877468 0.00759893 0.00653999 0.00559338 0.00475352 0.00401393 0.00336753 0.00280681 0.0023241 0.00191169 0.00156204 0.00126791 0.00102243 0.00081923 0.000652483 0.00051693 0.000407908 0.000321358 0.000253812 0.000202384 0.000164749 0.000139123 0.000124246 
0.00015077 0.000156876 0.0001755 0.000207567 0.000254629 0.00031888 0.000403182 0.000511079 0.00064682 0.000815372 0.00102243 0.00127438 0.00157833 0.00194198 0.0023736 0.00288194 0.00347601 0.00416501 0.00495807 0.00586402 0.00689119 0.00804707 0.00933807 0.0107692 0.0123439 0.0140635 0.0159272 0.017932 0.020072 0.022339 0.0247218 0.0272067 0.0297773 0.0324145 0.0350975 0.0378029 0.040506 0.0431809 0.0458006 0.0483377 0.0507651 0.0530559 0.0551843 0.057126 0.0588582 0.0603606 0.0616154 0.0626074 0.0633246 0.0637585 0.0639037 0.0637585 0.0633246 0.0626074 0.0616154 0.0603606 0.0588582 0.057126 0.0551843 0.0530559 0.0507651 0.0483377 0.0458006 0.0431809 0.040506 0.0378029 0.0350975 0.0324145 0.0297773 0.0272067 0.0247218 0.022339 0.020072 0.017932 0.0159272 0.0140635 0.0123439 0.0107692 0.00933807 0.00804707 0.00689119 0.00586402 0.00495807 0.00416501 0.00347601 0.00288194 0.0023736 0.00194198 0.00157833 0.00127438 0.00102243 0.000815372 0.00064682 0.000511079 0.000403182 0.00031888 0.000254629 0.000207567 0.0001755 0.000156876 
0.00018921 0.000196807 0.000219974 0.000259844 0.000318317 0.000398077 0.00050262 0.000636269 0.000804198 0.00101244 0.00126791 0.00157833 0.00195225 0.00239897 0.00292839 0.00355093 0.00427737 0.00511855 0.00608526 0.00718783 0.00843594 0.00983821 0.0114019 0.0131326 0.0150337 0.0171066 0.0193497 0.0217587 0.0243263 0.027042 0.0298922 0.03286 0.0359257 0.0390666 0.0422575 0.0454708 0.0486774 0.0518466 0.0549469 0.0579462 0.0608128 0.0635156 0.0660247 0.0683118 0.0703508 0.0721183 0.0735936 0.0747595 0.0756023 0.076112 0.0762826 0.076112 0.0756023 0.0747595 0.0735936 0.0721183 0.0703508 0.0683118 0.0660247 0.0635156 0.0608128 0.0579462 0.0549469 0.0518466 0.0486774 0.0454708 0.0422575 0.0390666 0.0359257 0.03286 0.0298922 0.027042 0.0243263 0.0217587 0.0193497 0.0171066 0.0150337 0.0131326 0.0114019 0.00983821 0.00843594 0.00718783 0.00608526 0.00511855 0.00427737 0.00355093 0.00292839 0.00239897 0.00195225 0.00157833 0.00126791 0.00101244 0.000804198 0.000636269 0.00050262 0.000398077 0.000318317 0.000259844 0.000219974 0.000196807 
0.000235893 0.000245284 0.000273913 0.000323159 0.000395332 0.000493695 0.000622486 0.000786946 0.000993331 0.00124893 0.00156204 0.00194198 0.00239897 0.0029441 0.00358917 0.00434656 0.00522894 0.00624911 0.00741964 0.00875256 0.010259 0.0119487 0.01383 0.0159087 0.0181885 0.0206702 0.0233514 0.0262263 0.0292856 0.0325163 0.0359018 0.0394217 0.0430523 0.0467666 0.0505346 0.0543241 0.0581007 0.0618285 0.0654709 0.0689908 0.0723515 0.075517 0.0784531 0.0811272 0.0835096 0.0855734 0.0872952 0.0886554 0.0896383 0.0902325 0.0904314 0.0902325 0.0896383 0.0886554 0.0872952 0.0855734 0.0835096 0.0811272 0.0784531 0.075517 0.0723515 0.0689908 0.0654709 0.0618285 0.0581007 0.0543241 0.0505346 0.0467666 0.0430523 0.0394217 0.0359018 0.0325163 0.0292856 0.0262263 0.0233514 0.0206702 0.0181885 0.0159087 0.01383 0.0119487 0.010259 0.00875256 0.00741964 0.00624911 0.00522894 0.00434656 0.00358917 0.0029441 0.00239897 0.00194198 0.00156204 0.00124893 0.000993331 0.000786946 0.000622486 0.000493695 0.000395332 0.000323159 0.000273913 0.000245284 
0.000292148 0.000303678 0.000338822 0.000399244 0.000487736 0.000608233 0.000765845 0.000966874 0.00121884 0.00153046 0.00191169 0.0023736 0.00292839 0.00358917 0.00436992 0.00528516 0.00634978 0.00757869 0.00898646 0.0105869 0.0123928 0.0144151 0.0166629 0.0191426 0.0218576 0.0248082 0.0279908 0.0313977 0.0350174 0.0388337 0.0428266 0.0469715 0.0512403 0.055601 0.0600185 0.0644549 0.0688702 0.073223 0.0774708 0.081571 0.0854814 0.0891611 0.0925709 0.095674 0.0984365 0.100828 0.102822 0.104397 0.105534 0.106222 0.106452 0.106222 0.105534 0.104397 0.102822 0.100828 0.0984365 0.095674 0.0925709 0.0891611 0.0854814 0.081571 0.0774708 0.073223 0.0688702 0.0644549 0.0600185 0.055601 0.0512403 0.0469715 0.0428266 0.0388337 0.0350174 0.0313977 0.0279908 0.0248082 0.0218576 0.0191426 0.0166629 0.0144151 0.0123928 0.0105869 0.00898646 0.00757869 0.00634978 0.00528516 0.00436992 0.00358917 0.00292839 0.0023736 0.00191169 0.00153046 0.00121884 0.000966874 0.000765845 0.000608233 0.000487736 0.000399244 0.000338822 0.000303678 
0.000359416 0.000373479 0.000416332 0.000489975 0.000597753 0.000744384 0.000935981 0.00118008 0.00148563 0.00186304 0.0023241 0.00288194 0.00355093 0.00434656 0.00528516 0.00638374 0.00765958 0.00912995 0.0108116 0.0127203 0.0148703 0.0172741 0.0199414 0.022879 0.0260901 0.0295738 0.0333252 0.0373343 0.0415868 0.0460629 0.0507386 0.0555846 0.0605677 0.0656502 0.0707913 0.0759469 0.0810711 0.0861158 0.0910327 0.0957731 0.100289 0.104534 0.108464 0.112037 0.115216 0.117966 0.120258 0.122067 0.123373 0.124162 0.124426 0.124162 0.123373 0.122067 0.120258 0.117966 0.115216 0.112037 0.108464 0.104534 0.100289 0.0957731 0.0910327 0.0861158 0.0810711 0.0759469 0.0707913 0.0656502 0.0605677 0.0555846 0.0507386 0.0460629 0.0415868 0.0373343 0.0333252 0.0295738 0.0260901 0.022879 0.0199414 0.0172741 0.0148703 0.0127203 0.0108116 0.00912995 0.00765958 0.00638374 0.00528516 0.00434656 0.00355093 0.00288194 0.0023241 0.00186304 0.00148563 0.00118008 0.000935981 0.000744384 0.000597753 0.000489975 0.000416332 0.000373479 
0.000439244 0.000456282 0.00050819 0.000597349 0.000727746 0.000904996 0.00113636 0.00143078 0.00179887 0.00225291 0.00280681 0.00347601 0.00427737 0.00522894 0.00634978 0.00765958 0.0091783 0.0109257 0.0129209 0.0151818 0.0177243 0.0205621 0.0237056 0.0271617 0.0309332 0.0350179 0.039409 0.0440938 0.0490545 0.0542675 0.0597037 0.0653289 0.0711038 0.0769848 0.0829245 0.0888722 0.094775 0.100578 0.106227 0.111667 0.116843 0.121703 0.126197 0.130281 0.13391 0.137048 0.139662 0.141723 0.143212 0.144111 0.144412 0.144111 0.143212 0.141723 0.139662 0.137048 0.13391 0.130281 0.126197 0.121703 0.116843 0.111667 0.106227 0.100578 0.094775 0.0888722 0.0829245 0.0769848 0.0711038 0.0653289 0.0597037 0.0542675 0.0490545 0.0440938 0.039409 0.0350179 0.0309332 0.0271617 0.0237056 0.0205621 0.0177243 0.0151818 0.0129209 0.0109257 0.0091783 0.00765958 0.00634978 0.00522894 0.00427737 0.00347601 0.00280681 0.00225291 0.00179887 0.00143078 0.00113636 0.000904996 0.000727746 0.000597349 0.00050819 0.000456282 
0.000533263 0.000553771 0.000616231 0.000723464 0.000880186 0.00109303 0.00137058 0.00172336 0.00216386 0.00270649 0.00336753 0.00416501 0.00511855 0.00624911 0.00757869 0.00912995 0.0109257 0.0129885 0.01534 0.018 0.0209863 0.0243137 0.0279933 0.0320319 0.0364312 0.0411877 0.0462919 0.0517283 0.0574748 0.0635032 0.0697791 0.0762623 0.0829071 0.089663 0.0964755 0.103287 0.110037 0.116664 0.123105 0.1293 0.135188 0.14071 0.145812 0.150442 0.154555 0.158108 0.161065 0.163397 0.165079 0.166096 0.166436 0.166096 0.165079 0.163397 0.161065 0.158108 0.154555 0.150442 0.145812 0.14071 0.135188 0.1293 0.123105 0.116664 0.110037 0.103287 0.0964755 0.089663 0.0829071 0.0762623 0.0697791 0.0635032 0.0574748 0.0517283 0.0462919 0.0411877 0.0364312 0.0320319 0.0279933 0.0243137 0.0209863 0.018 0.01534 0.0129885 0.0109257 0.00912995 0.00757869 0.00624911 0.00511855 0.00416501 0.00336753 0.00270649 0.00216386 0.00172336 0.00137058 0.00109303 0.000880186 0.000723464 0.000616231 0.000553771 
0.000643164 0.000667685 0.00074235 0.000870476 0.00105761 0.00131153 0.00164229 0.00206223 0.00258593 0.00323019 0.00401393 0.00495807 0.00608526 0.00741964 0.00898646 0.0108116 0.0129209 0.01534 0.0180928 0.0212016 0.0246859 0.0285613 0.0328395 0.0375267 0.0426236 0.0481247 0.0540174 0.0602824 0.0668931 0.073816 0.0810106 0.08843 0.0960214 0.103727 0.111485 0.119229 0.126891 0.134403 0.141694 0.148697 0.155344 0.161572 0.167319 0.17253 0.177154 0.181146 0.184467 0.187083 0.188971 0.190111 0.190492 0.190111 0.188971 0.187083 0.184467 0.181146 0.177154 0.17253 0.167319 0.161572 0.155344 0.148697 0.141694 0.134403 0.126891 0.119229 0.111485 0.103727 0.0960214 0.08843 0.0810106 0.073816 0.0668931 0.0602824 0.0540174 0.0481247 0.0426236 0.0375267 0.0328395 0.0285613 0.0246859 0.0212016 0.0180928 0.01534 0.0129209 0.0108116 0.00898646 0.00741964 0.00608526 0.00495807 0.00401393 0.00323019 0.00258593 0.00206223 0.00164229 0.00131153 0.00105761 0.000870476 0.00074235 0.000667685 
0.000770666 0.000799794 0.00088847 0.00104057 0.00126255 0.00156351 0.00195514 0.00245179 0.00307036 0.00383032 0.00475352 0.00586402 0.00718783 0.00875256 0.0105869 0.0127203 0.0151818 0.018 0.0212016 0.0248111 0.0288494 0.0333333 0.0382744 0.0436782 0.0495439 0.0558631 0.0626201 0.069791 0.077344 0.0852395 0.0934301 0.101862 0.110474 0.119201 0.127972 0.136713 0.145349 0.153802 0.161995 0.169853 0.177302 0.184272 0.190698 0.196518 0.201678 0.206129 0.20983 0.212744 0.214845 0.216114 0.216538 0.216114 0.214845 0.212744 0.20983 0.206129 0.201678 0.196518 0.190698 0.184272 0.177302 0.169853 0.161995 0.153802 0.145349 0.136713 0.127972 0.119201 0.110474 0.101862 0.0934301 0.0852395 0.077344 0.069791 0.0626201 0.0558631 0.0495439 0.0436782 0.0382744 0.0333333 0.0288494 0.0248111 0.0212016 0.018 0.0151818 0.0127203 0.0105869 0.00875256 0.00718783 0.00586402 0.00475352 0.00383032 0.00307036 0.00245179 0.00195514 0.00156351 0.00126255 0.00104057 0.00088847 0.000799794 
0.000917475 0.000951855 0.00105649 0.00123588 0.00149752 0.00185193 0.00231266 0.00289625 0.00362221 0.0045129 0.00559338 0.00689119 0.00843594 0.010259 0.0123928 0.0148703 0.0177243 0.0209863 0.0246859 0.0288494 0.0334995 0.0386535 0.0443227 0.0505118 0.0572176 0.0644286 0.072125 0.0802778 0.0888492 0.0977928 0.107054 0.11657 0.126273 0.136087 0.145935 0.155732 0.165395 0.174839 0.183979 0.192732 0.201019 0.208763 0.215894 0.222347 0.228062 0.232988 0.237079 0.240301 0.242622 0.244023 0.244492 0.244023 0.242622 0.240301 0.237079 0.232988 0.228062 0.222347 0.215894 0.208763 0.201019 0.192732 0.183979 0.174839 0.165395 0.155732 0.145935 0.136087 0.126273 0.11657 0.107054 0.0977928 0.0888492 0.0802778 0.072125 0.0644286 0.0572176 0.0505118 0.0443227 0.0386535 0.0334995 0.0288494 0.0246859 0.0209863 0.0177243 0.0148703 0.0123928 0.010259 0.00843594 0.00689119 0.00559338 0.0045129 0.00362221 0.00289625 0.00231266 0.00185193 0.00149752 0.00123588 0.00105649 0.000951855 
0.00108525 0.00112556 0.00124825 0.00145848 0.00176489 0.0021796 0.00271816 0.00339957 0.00424614 0.00528343 0.00653999 0.00804707 0.00983821 0.0119487 0.0144151 0.0172741 0.0205621 0.0243137 0.0285613 0.0333333 0.0386535 0.0445396 0.0510024 0.0580449 0.0656612 0.0738362 0.0825451 0.091753 0.101416 0.111479 0.12188 0.132548 0.143405 0.154367 0.165346 0.17625 0.186988 0.197464 0.207588 0.217268 0.22642 0.234962 0.242818 0.249918 0.256201 0.261611 0.266102 0.269636 0.272181 0.273717 0.274231 0.273717 0.272181 0.269636 0.266102 0.261611 0.256201 0.249918 0.242818 0.234962 0.22642 0.217268 0.207588 0.197464 0.186988 0.17625 0.165346 0.154367 0.143405 0.132548 0.12188 0.111479 0.101416 0.091753 0.0825451 0.0738362 0.0656612 0.0580449 0.0510024 0.0445396 0.0386535 0.0333333 0.0285613 0.0243137 0.0205621 0.0172741 0.0144151 0.0119487 0.00983821 0.00804707 0.00653999 0.00528343 0.00424614 0.00339957 0.00271816 0.0021796 0.00176489 0.00145848 0.00124825 0.00112556 
0.00127553 0.00132251 0.00146545 0.00171027 0.00206686 0.00254907 0.00317466 0.00396527 0.00494631 0.00614676 0.00759893 0.00933807 0.0114019 0.01383 0.0166629 0.0199414 0.0237056 0.0279933 0.0328395 0.0382744 0.0443227 0.0510024 0.0583231 0.0662857 0.0748808 0.0840891 0.09388 0.104212 0.115034 0.126283 0.137887 0.149766 0.161833 0.173994 0.186152 0.198206 0.210055 0.221596 0.23273 0.243361 0.253396 0.26275 0.271341 0.279098 0.285954 0.291853 0.296746 0.300594 0.303364 0.305035 0.305594 0.305035 0.303364 0.300594 0.296746 0.291853 0.285954 0.279098 0.271341 0.26275 0.253396 0.243361 0.23273 0.221596 0.210055 0.198206 0.186152 0.173994 0.161833 0.149766 0.137887 0.126283 0.115034 0.104212 0.09388 0.0840891 0.0748808 0.0662857 0.0583231 0.0510024 0.0443227 0.0382744 0.0328395 0.0279933 0.0237056 0.0199414 0.0166629 0.01383 0.0114019 0.00933807 0.00759893 0.00614676 0.00494631 0.00396527 0.00317466 0.00254907 0.00206686 0.00171027 0.00146545 0.00132251 
0.00148971 0.00154412 0.00170962 0.00199294 0.00240534 0.00296254 0.00368471 0.00459634 0.00572615 0.00710682 0.00877468 0.0107692 0.0131326 0.0159087 0.0191426 0.022879 0.0271617 0.0320319 0.0375267 0.0436782 0.0505118 0.0580449 0.0662857 0.0752321 0.084871 0.0951777 0.106115 0.117636 0.129678 0.142171 0.155033 0.168175 0.181499 0.194902 0.208275 0.22151 0.234496 0.247123 0.259284 0.270877 0.281804 0.291975 0.301304 0.309717 0.317146 0.323531 0.328823 0.332982 0.335975 0.33778 0.338383 0.33778 0.335975 0.332982 0.328823 0.323531 0.317146 0.309717 0.301304 0.291975 0.281804 0.270877 0.259284 0.247123 0.234496 0.22151 0.208275 0.194902 0.181499 0.168175 0.155033 0.142171 0.129678 0.117636 0.106115 0.0951777 0.084871 0.0752321 0.0662857 0.0580449 0.0505118 0.0436782 0.0375267 0.0320319 0.0271617 0.022879 0.0191426 0.0159087 0.0131326 0.0107692 0.00877468 0.00710682 0.00572615 0.00459634 0.00368471 0.00296254 0.00240534 0.00199294 0.00170962 0.00154412 
0.00172897 0.00179159 0.00198202 0.00230788 0.00278188 0.00342179 0.00425032 0.00529505 0.00658824 0.00816648 0.0100704 0.0123439 0.0150337 0.0181885 0.0218576 0.0260901 0.0309332 0.0364312 0.0426236 0.0495439 0.0572176 0.0656612 0.0748808 0.084871 0.0956139 0.107079 0.119222 0.131986 0.145303 0.15909 0.173257 0.187703 0.20232 0.216994 0.231609 0.246045 0.260182 0.273905 0.287099 0.299655 0.311471 0.322453 0.332514 0.341574 0.349565 0.356428 0.362111 0.366573 0.369784 0.371719 0.372365 0.371719 0.369784 0.366573 0.362111 0.356428 0.349565 0.341574 0.332514 0.322453 0.311471 0.299655 0.287099 0.273905 0.260182 0.246045 0.231609 0.216994 0.20232 0.187703 0.173257 0.15909 0.145303 0.131986 0.119222 0.107079 0.0956139 0.084871 0.0748808 0.0656612 0.0572176 0.0495439 0.0426236 0.0364312 0.0309332 0.0260901 0.0218576 0.0181885 0.0150337 0.0123439 0.0100704 0.00816648 0.00658824 0.00529505 0.00425032 0.00342179 0.00278188 0.00230788 0.00198202 0.00179159 
0.0019942 0.00206584 0.00228361 0.00265611 0.0031976 0.00392801 0.00487281 0.00606283 0.00753407 0.00932729 0.0114875 0.0140635 0.0171066 0.0206702 0.0248082 0.0295738 0.0350179 0.0411877 0.0481247 0.0558631 0.0644286 0.0738362 0.0840891 0.0951777 0.107079 0.119755 0.133154 0.147211 0.161846 0.176968 0.192475 0.208255 0.22419 0.240156 0.256025 0.271669 0.28696 0.301776 0.315995 0.329504 0.342196 0.353974 0.364747 0.374438 0.382975 0.390299 0.396359 0.401114 0.404532 0.406592 0.40728 0.406592 0.404532 0.401114 0.396359 0.390299 0.382975 0.374438 0.364747 0.353974 0.342196 0.329504 0.315995 0.301776 0.28696 0.271669 0.256025 0.240156 0.22419 0.208255 0.192475 0.176968 0.161846 0.147211 0.133154 0.119755 0.107079 0.0951777 0.0840891 0.0738362 0.0644286 0.0558631 0.0481247 0.0411877 0.0350179 0.0295738 0.0248082 0.0206702 0.0171066 0.0140635 0.0114875 0.00932729 0.00753407 0.00606283 0.00487281 0.00392801 0.0031976 0.00265611 0.00228361 0.00206584 
0.00228597 0.00236742 0.00261497 0.00303821 0.00365308 0.00448179 0.00555271 0.00690013 0.00856396 0.0105893 0.0130259 0.0159272 0.0193497 0.0233514 0.0279908 0.0333252 0.039409 0.0462919 0.0540174 0.0626201 0.072125 0.0825451 0.09388 0.106115 0.119222 0.133154 0.147852 0.163239 0.179227 0.195714 0.212585 0.229717 0.246983 0.264245 0.281369 0.298216 0.314652 0.330545 0.34577 0.360209 0.373752 0.386299 0.39776 0.408055 0.417113 0.424876 0.431293 0.436324 0.43994 0.442117 0.442845 0.442117 0.43994 0.436324 0.431293 0.424876 0.417113 0.408055 0.39776 0.386299 0.373752 0.360209 0.34577 0.330545 0.314652 0.298216 0.281369 0.264245 0.246983 0.229717 0.212585 0.195714 0.179227 0.163239 0.147852 0.133154 0.119222 0.106115 0.09388 0.0825451 0.072125 0.0626201 0.0540174 0.0462919 0.039409 0.0333252 0.0279908 0.0233514 0.0193497 0.0159272 0.0130259 0.0105893 0.00856396 0.00690013 0.00555271 0.00448179 0.00365308 0.00303821 0.00261497 0.00236742 
0.00260445 0.0026965 0.00297622 0.00345425 0.00414829 0.00508296 0.00628966 0.00780629 0.00967687 0.011951 0.0146832 0.017932 0.0217587 0.0262263 0.0313977 0.0373343 0.0440938 0.0517283 0.0602824 0.069791 0.0802778 0.091753 0.104212 0.117636 0.131986 0.147211 0.163239 0.179986 0.197351 0.215219 0.233466 0.251957 0.270551 0.289105 0.30747 0.325502 0.343058 0.360001 0.376201 0.391536 0.405895 0.419176 0.431288 0.442153 0.4517 0.459873 0.466623 0.471911 0.475709 0.477995 0.478759 0.477995 0.475709 0.471911 0.466623 0.459873 0.4517 0.442153 0.431288 0.419176 0.405895 0.391536 0.376201 0.360001 0.343058 0.325502 0.30747 0.289105 0.270551 0.251957 0.233466 0.215219 0.197351 0.179986 0.163239 0.147211 0.131986 0.117636 0.104212 0.091753 0.0802778 0.069791 0.0602824 0.0517283 0.0440938 0.0373343 0.0313977 0.0262263 0.0217587 0.017932 0.0146832 0.011951 0.00967687 0.00780629 0.00628966 0.00508296 0.00414829 0.00345425 0.00297622 0.0026965 
0.00294935 0.00305278 0.00336698 0.00390372 0.00468253 0.00573054 0.0070823 0.00877947 0.0108703 0.013409 0.0164551 0.020072 0.0243263 0.0292856 0.0350174 0.0415868 0.0490545 0.0574748 0.0668931 0.077344 0.0888492 0.101416 0.115034 0.129678 0.145303 0.161846 0.179227 0.197351 0.216103 0.235359 0.254981 0.274823 0.294734 0.314558 0.33414 0.353325 0.371966 0.389919 0.407051 0.423238 0.438367 0.452337 0.465056 0.476449 0.486447 0.494996 0.502049 0.50757 0.511533 0.513918 0.514715 0.513918 0.511533 0.50757 0.502049 0.494996 0.486447 0.476449 0.465056 0.452337 0.438367 0.423238 0.407051 0.389919 0.371966 0.353325 0.33414 0.314558 0.294734 0.274823 0.254981 0.235359 0.216103 0.197351 0.179227 0.161846 0.145303 0.129678 0.115034 0.101416 0.0888492 0.077344 0.0668931 0.0574748 0.0490545 0.0415868 0.0350174 0.0292856 0.0243263 0.020072 0.0164551 0.013409 0.0108703 0.00877947 0.0070823 0.00573054 0.00468253 0.00390372 0.00336698 0.00305278 
0.00331992 0.00343544 0.00378633 0.0043855 0.00525435 0.00642265 0.00792821 0.0098165 0.0121402 0.0149581 0.0183349 0.022339 0.027042 0.0325163 0.0388337 0.0460629 0.0542675 0.0635032 0.073816 0.0852395 0.0977928 0.111479 0.126283 0.142171 0.15909 0.176968 0.195714 0.215219 0.235359 0.255995 0.276979 0.298153 0.319354 0.340416 0.361176 0.381472 0.401151 0.420064 0.438075 0.455059 0.470904 0.485508 0.498784 0.510656 0.521061 0.529947 0.53727 0.542998 0.547107 0.549579 0.550404 0.549579 0.547107 0.542998 0.53727 0.529947 0.521061 0.510656 0.498784 0.485508 0.470904 0.455059 0.438075 0.420064 0.401151 0.381472 0.361176 0.340416 0.319354 0.298153 0.276979 0.255995 0.235359 0.215219 0.195714 0.176968 0.15909 0.142171 0.126283 0.111479 0.0977928 0.0852395 0.073816 0.0635032 0.0542675 0.0460629 0.0388337 0.0325163 0.027042 0.022339 0.0183349 0.0149581 0.0121402 0.0098165 0.00792821 0.00642265 0.00525435 0.0043855 0.00378633 0.00343544 
0.00371486 0.00384315 0.00423276 0.00489777 0.00586155 0.00715652 0.00882383 0.0109129 0.0134808 0.0165912 0.0203137 0.0247218 0.0298922 0.0359018 0.0428266 0.0507386 0.0597037 0.0697791 0.0810106 0.0934301 0.107054 0.12188 0.137887 0.155033 0.173257 0.192475 0.212585 0.233466 0.254981 0.276979 0.2993 0.321773 0.344225 0.366482 0.388371 0.409724 0.430381 0.450193 0.469022 0.486741 0.503239 0.518418 0.532192 0.544491 0.555254 0.564433 0.571991 0.577897 0.582131 0.584676 0.585526 0.584676 0.582131 0.577897 0.571991 0.564433 0.555254 0.544491 0.532192 0.518418 0.503239 0.486741 0.469022 0.450193 0.430381 0.409724 0.388371 0.366482 0.344225 0.321773 0.2993 0.276979 0.254981 0.233466 0.212585 0.192475 0.173257 0.155033 0.137887 0.12188 0.107054 0.0934301 0.0810106 0.0697791 0.0597037 0.0507386 0.0428266 0.0359018 0.0298922 0.0247218 0.0203137 0.0165912 0.0134808 0.0109129 0.00882383 0.00715652 0.00586155 0.00489777 0.00423276 0.00384315 
0.00413231 0.00427399 0.00470413 0.00543804 0.00650107 0.00792837 0.00976449 0.0120628 0.0148848 0.0182991 0.0223802 0.0272067 0.03286 0.0394217 0.0469715 0.0555846 0.0653289 0.0762623 0.08843 0.101862 0.11657 0.132548 0.149766 0.168175 0.187703 0.208255 0.229717 0.251957 0.274823 0.298153 0.321773 0.345502 0.369156 0.392552 0.41551 0.437856 0.459427 0.480069 0.499645 0.51803 0.535113 0.5508 0.565011 0.577678 0.588747 0.598175 0.605929 0.611983 0.616319 0.618925 0.619795 0.618925 0.616319 0.611983 0.605929 0.598175 0.588747 0.577678 0.565011 0.5508 0.535113 0.51803 0.499645 0.480069 0.459427 0.437856 0.41551 0.392552 0.369156 0.345502 0.321773 0.298153 0.274823 0.251957 0.229717 0.208255 0.187703 0.168175 0.149766 0.132548 0.11657 0.101862 0.08843 0.0762623 0.0653289 0.0555846 0.0469715 0.0394217 0.03286 0.0272067 0.0223802 0.0182991 0.0148848 0.0120628 0.00976449 0.00792837 0.00650107 0.00543804 0.00470413 0.00427399 
0.00456987 0.00472544 0.00519767 0.00600309 0.00716908 0.0087335 0.0107443 0.013259 0.0163434 0.0200709 0.024521 0.0297773 0.0359257 0.0430523 0.0512403 0.0605677 0.0711038 0.0829071 0.0960214 0.110474 0.126273 0.143405 0.161833 0.181499 0.20232 0.22419 0.246983 0.270551 0.294734 0.319354 0.344225 0.369156 0.393954 0.418425 0.442383 0.46565 0.48806 0.509457 0.529705 0.54868 0.566276 0.582403 0.596984 0.60996 0.621282 0.630912 0.638822 0.644992 0.649408 0.652061 0.652946 0.652061 0.649408 0.644992 0.638822 0.630912 0.621282 0.60996 0.596984 0.582403 0.566276 0.54868 0.529705 0.509457 0.48806 0.46565 0.442383 0.418425 0.393954 0.369156 0.344225 0.319354 0.294734 0.270551 0.246983 0.22419 0.20232 0.181499 0.161833 0.143405 0.126273 0.110474 0.0960214 0.0829071 0.0711038 0.0605677 0.0512403 0.0430523 0.0359257 0.0297773 0.024521 0.0200709 0.0163434 0.013259 0.0107443 0.0087335 0.00716908 0.00600309 0.00519767 0.00472544 
0.00502455 0.00519443 0.00571 0.00658903 0.0078609 0.00956625 0.0117565 0.0144929 0.017846 0.0218937 0.0267204 0.0324145 0.0390666 0.0467666 0.055601 0.0656502 0.0769848 0.089663 0.103727 0.119201 0.136087 0.154367 0.173994 0.194902 0.216994 0.240156 0.264245 0.289105 0.314558 0.340416 0.366482 0.392552 0.418425 0.443899 0.468782 0.492893 0.516062 0.538135 0.558975 0.578463 0.596497 0.612991 0.627878 0.641101 0.652621 0.662405 0.670432 0.676687 0.68116 0.683846 0.684742 0.683846 0.68116 0.676687 0.670432 0.662405 0.652621 0.641101 0.627878 0.612991 0.596497 0.578463 0.558975 0.538135 0.516062 0.492893 0.468782 0.443899 0.418425 0.392552 0.366482 0.340416 0.314558 0.289105 0.264245 0.240156 0.216994 0.194902 0.173994 0.154367 0.136087 0.119201 0.103727 0.089663 0.0769848 0.0656502 0.055601 0.0467666 0.0390666 0.0324145 0.0267204 0.0218937 0.017846 0.0144929 0.0117565 0.00956625 0.0078609 0.00658903 0.00571 0.00519443 
0.00549281 0.0056773 0.00623713 0.00719127 0.00857112 0.0104201 0.0127928 0.0157548 0.0193806 0.0237529 0.0289609 0.0350975 0.0422575 0.0505346 0.0600185 0.0707913 0.0829245 0.0964755 0.111485 0.127972 0.145935 0.165346 0.186152 0.208275 0.231609 0.256025 0.281369 0.30747 0.33414 0.361176 0.388371 0.41551 0.442383 0.468782 0.494511 0.519382 0.543228 0.565893 0.587245 0.607167 0.625563 0.642355 0.657479 0.670891 0.682554 0.692446 0.700551 0.706861 0.71137 0.714075 0.714977 0.714075 0.71137 0.706861 0.700551 0.692446 0.682554 0.670891 0.657479 0.642355 0.625563 0.607167 0.587245 0.565893 0.543228 0.519382 0.494511 0.468782 0.442383 0.41551 0.388371 0.361176 0.33414 0.30747 0.281369 0.256025 0.231609 0.208275 0.186152 0.165346 0.145935 0.127972 0.111485 0.0964755 0.0829245 0.0707913 0.0600185 0.0505346 0.0422575 0.0350975 0.0289609 0.0237529 0.0193806 0.0157548 0.0127928 0.0104201 0.00857112 0.00719127 0.00623713 0.0056773 
0.00597062 0.0061699 0.0067745 0.0078046 0.00929359 0.0112875 0.0138445 0.0170336 0.0209339 0.0256326 0.0312231 0.0378029 0.0454708 0.0543241 0.0644549 0.0759469 0.0888722 0.103287 0.119229 0.136713 0.155732 0.17625 0.198206 0.22151 0.246045 0.271669 0.298216 0.325502 0.353325 0.381472 0.409724 0.437856 0.46565 0.492893 0.519382 0.544931 0.569369 0.592544 0.614326 0.634605 0.653289 0.670307 0.685607 0.699147 0.710903 0.720859 0.729006 0.73534 0.739864 0.742577 0.743481 0.742577 0.739864 0.73534 0.729006 0.720859 0.710903 0.699147 0.685607 0.670307 0.653289 0.634605 0.614326 0.592544 0.569369 0.544931 0.519382 0.492893 0.46565 0.437856 0.409724 0.381472 0.353325 0.325502 0.298216 0.271669 0.246045 0.22151 0.198206 0.17625 0.155732 0.136713 0.119229 0.103287 0.0888722 0.0759469 0.0644549 0.0543241 0.0454708 0.0378029 0.0312231 0.0256326 0.0209339 0.0170336 0.0138445 0.0112875 0.00929359 0.0078046 0.0067745 0.0061699 
0.00645346 0.00666756 0.00731703 0.00842325 0.0100215 0.0121605 0.0149016 0.0183177 0.0224917 0.0275153 0.0334862 0.040506 0.0486774 0.0581007 0.0688702 0.0810711 0.094775 0.110037 0.126891 0.145349 0.165395 0.186988 0.210055 0.234496 0.260182 0.28696 0.314652 0.343058 0.371966 0.401151 0.430381 0.459427 0.48806 0.516062 0.543228 0.569369 0.594315 0.617919 0.640053 0.660612 0.679513 0.696693 0.712106 0.725722 0.737523 0.747501 0.755655 0.761988 0.766507 0.769215 0.770118 0.769215 0.766507 0.761988 0.755655 0.747501 0.737523 0.725722 0.712106 0.696693 0.679513 0.660612 0.640053 0.617919 0.594315 0.569369 0.543228 0.516062 0.48806 0.459427 0.430381 0.401151 0.371966 0.343058 0.314652 0.28696 0.260182 0.234496 0.210055 0.186988 0.165395 0.145349 0.126891 0.110037 0.094775 0.0810711 0.0688702 0.0581007 0.0486774 0.040506 0.0334862 0.0275153 0.0224917 0.0183177 0.0149016 0.0121605 0.0100215 0.00842325 0.00731703 0.00666756 
0.0069364 0.00716522 0.00785924 0.00904097 0.0107476 0.0130304 0.0159537 0.0195941 0.0240385 0.0293826 0.0357282 0.0431809 0.0518466 0.0618285 0.073223 0.0861158 0.100578 0.116664 0.134403 0.153802 0.174839 0.197464 0.221596 0.247123 0.273905 0.301776 0.330545 0.360001 0.389919 0.420064 0.450193 0.480069 0.509457 0.538135 0.565893 0.592544 0.617919 0.641872 0.664283 0.685052 0.704105 0.721385 0.736857 0.750498 0.762299 0.772262 0.780393 0.786701 0.791198 0.793892 0.794789 0.793892 0.791198 0.786701 0.780393 0.772262 0.762299 0.750498 0.736857 0.721385 0.704105 0.685052 0.664283 0.641872 0.617919 0.592544 0.565893 0.538135 0.509457 0.480069 0.450193 0.420064 0.389919 0.360001 0.330545 0.301776 0.273905 0.247123 0.221596 0.197464 0.174839 0.153802 0.134403 0.116664 0.100578 0.0861158 0.073223 0.0618285 0.0518466 0.0431809 0.0357282 0.0293826 0.0240385 0.0195941 0.0159537 0.0130304 0.0107476 0.00904097 0.00785924 0.00716522 
0.0074142 0.00765749 0.00839525 0.00965113 0.0114641 0.0138878 0.0169897 0.0208497 0.0255585 0.0312155 0.0379265 0.0458006 0.0549469 0.0654709 0.0774708 0.0910327 0.106227 0.123105 0.141694 0.161995 0.183979 0.207588 0.23273 0.259284 0.287099 0.315995 0.34577 0.376201 0.407051 0.438075 0.469022 0.499645 0.529705 0.558975 0.587245 0.614326 0.640053 0.664283 0.686901 0.707816 0.72696 0.744285 0.759766 0.773388 0.785153 0.795069 0.80315 0.809413 0.813873 0.816543 0.817432 0.816543 0.813873 0.809413 0.80315 0.795069 0.785153 0.773388 0.759766 0.744285 0.72696 0.707816 0.686901 0.664283 0.640053 0.614326 0.587245 0.558975 0.529705 0.499645 0.469022 0.438075 0.407051 0.376201 0.34577 0.315995 0.287099 0.259284 0.23273 0.207588 0.183979 0.161995 0.141694 0.123105 0.106227 0.0910327 0.0774708 0.0654709 0.0549469 0.0458006 0.0379265 0.0312155 0.0255585 0.0208497 0.0169897 0.0138878 0.0114641 0.00965113 0.00839525 0.00765749 
