1.15851e-08 1.30888e-08 1.79128e-08 2.70426e-08 4.22825e-08 6.65122e-08 1.04073e-07 1.61311e-07 2.4731e-07 3.74849e-07 5.61624e-07 8.31774e-07 1.21773e-06 1.76241e-06 2.52175e-06 3.56753e-06 4.9904e-06 6.90302e-06 9.4431e-06 1.27761e-05 1.70971e-05 2.26324e-05 2.96384e-05 3.84002e-05 4.92272e-05 6.24463e-05 7.83926e-05 9.73977e-05 0.000119774 0.0001458 0.0001757 0.000209623 0.000247629 0.000289666 0.000335558 0.000384993 0.000437518 0.000492538 0.000549324 0.000607026 0.00066469 0.000721291 0.000775753 0.000826992 0.000873945 0.000915604 0.000951056 0.000979506 0.00100031 0.00101298 0.00101724 0.00101298 0.00100031 0.000979506 0.000951056 0.000915604 0.000873945 0.000826992 0.000775753 0.000721291 0.00066469 0.000607026 0.000549324 0.000492538 0.000437518 0.000384993 0.000335558 0.000289666 0.000247629 0.000209623 0.0001757 0.0001458 0.000119774 9.73977e-05 7.83926e-05 6.24463e-05 4.92272e-05 3.84002e-05 2.96384e-05 2.26324e-05 1.70971e-05 1.27761e-05 9.4431e-06 6.90302e-06 4.9904e-06 3.56753e-06 2.52175e-06 1.76241e-06 1.21773e-06 8.31774e-07 5.61624e-07 3.74849e-07 2.4731e-07 1.61311e-07 1.04073e-07 6.65122e-08 4.22825e-08 2.70426e-08 1.79128e-08 1.30888e-08 
1.30888e-08 1.47814e-08 2.02096e-08 3.0477e-08 4.7603e-08 7.48074e-08 1.1694e-07 1.81081e-07 2.77354e-07 4.19983e-07 6.28639e-07 9.30121e-07 1.36038e-06 1.96694e-06 2.81164e-06 3.97372e-06 5.55311e-06 7.67383e-06 1.04872e-05 1.41748e-05 1.89506e-05 2.50616e-05 3.27883e-05 4.24413e-05 5.43572e-05 6.88909e-05 8.64056e-05 0.00010726 0.00013179 0.000160294 0.000193011 0.000230099 0.000271617 0.000317501 0.000367554 0.000421433 0.000478641 0.000538527 0.000600297 0.000663028 0.000725686 0.000787158 0.000846282 0.000901886 0.00095282 0.000997999 0.00103644 0.00106728 0.00108982 0.00110356 0.00110818 0.00110356 0.00108982 0.00106728 0.00103644 0.000997999 0.00095282 0.000901886 0.000846282 0.000787158 0.000725686 0.000663028 0.000600297 0.000538527 0.000478641 0.000421433 0.000367554 0.000317501 0.000271617 0.000230099 0.000193011 0.000160294 0.00013179 0.00010726 8.64056e-05 6.88909e-05 5.43572e-05 4.24413e-05 3.27883e-05 2.50616e-05 1.89506e-05 1.41748e-05 1.04872e-05 7.67383e-06 5.55311e-06 3.97372e-06 2.81164e-06 1.96694e-06 1.36038e-06 9.30121e-07 6.28639e-07 4.19983e-07 2.77354e-07 1.81081e-07 1.1694e-07 7.48074e-08 4.7603e-08 3.0477e-08 2.02096e-08 1.47814e-08 
1.79128e-08 2.02096e-08 2.75702e-08 4.14747e-08 6.4627e-08 1.0133e-07 1.5805e-07 2.44203e-07 3.73213e-07 5.63885e-07 8.42154e-07 1.24323e-06 1.81423e-06 2.61717e-06 3.73256e-06 5.26314e-06 7.3381e-06 1.01171e-05 1.37944e-05 1.86021e-05 2.48125e-05 3.27392e-05 4.27362e-05 5.51943e-05 7.05349e-05 8.92002e-05 0.00011164 0.000138295 0.000169577 0.000205847 0.000247386 0.000294376 0.00034687 0.000404773 0.000467821 0.000535566 0.000607376 0.000682428 0.000759727 0.000838118 0.000916317 0.000992946 0.00106657 0.00113574 0.00119905 0.00125517 0.00130288 0.00134114 0.00136911 0.00138614 0.00139186 0.00138614 0.00136911 0.00134114 0.00130288 0.00125517 0.00119905 0.00113574 0.00106657 0.000992946 0.000916317 0.000838118 0.000759727 0.000682428 0.000607376 0.000535566 0.000467821 0.000404773 0.00034687 0.000294376 0.000247386 0.000205847 0.000169577 0.000138295 0.00011164 8.92002e-05 7.05349e-05 5.51943e-05 4.27362e-05 3.27392e-05 2.48125e-05 1.86021e-05 1.37944e-05 1.01171e-05 7.3381e-06 5.26314e-06 3.73256e-06 2.61717e-06 1.81423e-06 1.24323e-06 8.42154e-07 5.63885e-07 3.73213e-07 2.44203e-07 1.5805e-07 1.0133e-07 6.4627e-08 4.14747e-08 2.75702e-08 2.02096e-08 
2.70426e-08 3.0477e-08 4.14747e-08 6.22192e-08 9.66935e-08 1.51222e-07 2.3528e-07 3.62629e-07 5.52821e-07 8.33159e-07 1.24116e-06 1.82758e-06 2.66008e-06 3.82741e-06 5.44426e-06 7.65652e-06 1.06468e-05 1.46398e-05 1.99078e-05 2.67746e-05 3.56184e-05 4.68727e-05 6.10241e-05 7.86074e-05 0.000100196 0.000126386 0.000157784 0.000194975 0.000238501 0.000288831 0.000346324 0.000411195 0.000483489 0.000563043 0.000649469 0.000742134 0.000840156 0.000942405 0.00104752 0.00115394 0.00125994 0.00136365 0.00146317 0.00155655 0.00164194 0.00171755 0.00178179 0.00183327 0.00187088 0.00189379 0.00190148 0.00189379 0.00187088 0.00183327 0.00178179 0.00171755 0.00164194 0.00155655 0.00146317 0.00136365 0.00125994 0.00115394 0.00104752 0.000942405 0.000840156 0.000742134 0.000649469 0.000563043 0.000483489 0.000411195 0.000346324 0.000288831 0.000238501 0.000194975 0.000157784 0.000126386 0.000100196 7.86074e-05 6.10241e-05 4.68727e-05 3.56184e-05 2.67746e-05 1.99078e-05 1.46398e-05 1.06468e-05 7.65652e-06 5.44426e-06 3.82741e-06 2.66008e-06 1.82758e-06 1.24116e-06 8.33159e-07 5.52821e-07 3.62629e-07 2.3528e-07 1.51222e-07 9.66935e-08 6.22192e-08 4.14747e-08 3.0477e-08 
4.22825e-08 4.7603e-08 6.4627e-08 9.66935e-08 1.49883e-07 2.33828e-07 3.62927e-07 5.58024e-07 8.48646e-07 1.27589e-06 1.89602e-06 2.78492e-06 4.04333e-06 5.80295e-06 8.23328e-06 1.1549e-05 1.60179e-05 2.19681e-05 2.97951e-05 3.99674e-05 5.30297e-05 6.96031e-05 9.03815e-05 0.000116123 0.000147635 0.000185754 0.000231321 0.000285144 0.000347962 0.000420401 0.00050293 0.000595813 0.000699066 0.000812415 0.00093527 0.00106671 0.00120545 0.00134988 0.00149809 0.00164788 0.00179682 0.00194234 0.00208178 0.00221247 0.00233184 0.00243744 0.00252709 0.0025989 0.00265133 0.00268325 0.00269396 0.00268325 0.00265133 0.0025989 0.00252709 0.00243744 0.00233184 0.00221247 0.00208178 0.00194234 0.00179682 0.00164788 0.00149809 0.00134988 0.00120545 0.00106671 0.00093527 0.000812415 0.000699066 0.000595813 0.00050293 0.000420401 0.000347962 0.000285144 0.000231321 0.000185754 0.000147635 0.000116123 9.03815e-05 6.96031e-05 5.30297e-05 3.99674e-05 2.97951e-05 2.19681e-05 1.60179e-05 1.1549e-05 8.23328e-06 5.80295e-06 4.04333e-06 2.78492e-06 1.89602e-06 1.27589e-06 8.48646e-07 5.58024e-07 3.62927e-07 2.33828e-07 1.49883e-07 9.66935e-08 6.4627e-08 4.7603e-08 
6.65122e-08 7.48074e-08 1.0133e-07 1.51222e-07 2.33828e-07 3.63928e-07 5.63551e-07 8.64503e-07 1.3117e-06 1.96747e-06 2.91685e-06 4.27414e-06 6.19055e-06 8.86301e-06 1.25441e-05 1.75524e-05 2.42837e-05 3.3221e-05 4.49439e-05 6.01362e-05 7.95888e-05 0.000104199 0.000134966 0.000172972 0.000219365 0.000275328 0.000342038 0.000420616 0.000512079 0.00061727 0.000736802 0.000870991 0.00101979 0.00118276 0.001359 0.00154713 0.0017453 0.00195121 0.0021621 0.00237487 0.00258609 0.00279216 0.00298934 0.00317394 0.00334235 0.00349121 0.00361749 0.00371857 0.00379233 0.00383723 0.0038523 0.00383723 0.00379233 0.00371857 0.00361749 0.00349121 0.00334235 0.00317394 0.00298934 0.00279216 0.00258609 0.00237487 0.0021621 0.00195121 0.0017453 0.00154713 0.001359 0.00118276 0.00101979 0.000870991 0.000736802 0.00061727 0.000512079 0.000420616 0.000342038 0.000275328 0.000219365 0.000172972 0.000134966 0.000104199 7.95888e-05 6.01362e-05 4.49439e-05 3.3221e-05 2.42837e-05 1.75524e-05 1.25441e-05 8.86301e-06 6.19055e-06 4.27414e-06 2.91685e-06 1.96747e-06 1.3117e-06 8.64503e-07 5.63551e-07 3.63928e-07 2.33828e-07 1.51222e-07 1.0133e-07 7.48074e-08 
1.04073e-07 1.1694e-07 1.5805e-07 2.3528e-07 3.62927e-07 5.63551e-07 8.70699e-07 1.33267e-06 2.01748e-06 3.01919e-06 4.46577e-06 6.52859e-06 9.43357e-06 1.3474e-05 1.90243e-05 2.65556e-05 3.665e-05 5.00156e-05 6.74985e-05 9.00917e-05 0.000118939 0.000155333 0.0002007 0.000256585 0.000324612 0.000406441 0.000503714 0.000617981 0.000750626 0.000902779 0.00107523 0.00126834 0.00148195 0.00171535 0.00196718 0.00223542 0.00251739 0.00280979 0.00310871 0.00340977 0.00370816 0.00399883 0.0042766 0.00453632 0.00477301 0.00498203 0.0051592 0.00530092 0.0054043 0.0054672 0.00548831 0.0054672 0.0054043 0.00530092 0.0051592 0.00498203 0.00477301 0.00453632 0.0042766 0.00399883 0.00370816 0.00340977 0.00310871 0.00280979 0.00251739 0.00223542 0.00196718 0.00171535 0.00148195 0.00126834 0.00107523 0.000902779 0.000750626 0.000617981 0.000503714 0.000406441 0.000324612 0.000256585 0.0002007 0.000155333 0.000118939 9.00917e-05 6.74985e-05 5.00156e-05 3.665e-05 2.65556e-05 1.90243e-05 1.3474e-05 9.43357e-06 6.52859e-06 4.46577e-06 3.01919e-06 2.01748e-06 1.33267e-06 8.70699e-07 5.63551e-07 3.62927e-07 2.3528e-07 1.5805e-07 1.1694e-07 
1.61311e-07 1.81081e-07 2.44203e-07 3.62629e-07 5.58024e-07 8.64503e-07 1.33267e-06 2.03519e-06 3.07408e-06 4.58998e-06 6.77362e-06 9.87953e-06 1.42422e-05 2.0294e-05 2.85854e-05 3.98056e-05 5.48034e-05 7.46066e-05 0.000100438 0.000133727 0.000176111 0.000229431 0.00029571 0.000377124 0.000475945 0.000594484 0.000735003 0.000899616 0.00109019 0.0013082 0.00155466 0.00182993 0.00213369 0.00246478 0.00282119 0.0032 0.00359736 0.00400858 0.00442819 0.00485004 0.00526747 0.00567348 0.00606094 0.00642277 0.00675215 0.00704276 0.00728888 0.00748564 0.00762909 0.00771634 0.00774562 0.00771634 0.00762909 0.00748564 0.00728888 0.00704276 0.00675215 0.00642277 0.00606094 0.00567348 0.00526747 0.00485004 0.00442819 0.00400858 0.00359736 0.0032 0.00282119 0.00246478 0.00213369 0.00182993 0.00155466 0.0013082 0.00109019 0.000899616 0.000735003 0.000594484 0.000475945 0.000377124 0.00029571 0.000229431 0.000176111 0.000133727 0.000100438 7.46066e-05 5.48034e-05 3.98056e-05 2.85854e-05 2.0294e-05 1.42422e-05 9.87953e-06 6.77362e-06 4.58998e-06 3.07408e-06 2.03519e-06 1.33267e-06 8.64503e-07 5.58024e-07 3.62629e-07 2.44203e-07 1.81081e-07 
2.4731e-07 2.77354e-07 3.73213e-07 5.52821e-07 8.48646e-07 1.3117e-06 2.01748e-06 3.07408e-06 4.6328e-06 6.9016e-06 1.01615e-05 1.47865e-05 2.12658e-05 3.02302e-05 4.2479e-05 5.90095e-05 8.10448e-05 0.00011006 0.0001478 0.000196299 0.000257872 0.000335111 0.000430848 0.000548106 0.00069003 0.000859786 0.00106045 0.00129486 0.00156548 0.00187424 0.00222234 0.00261013 0.00303697 0.00350109 0.00399951 0.00452804 0.00508126 0.00565261 0.00623447 0.00681837 0.00739518 0.00795534 0.00848914 0.00898698 0.00943967 0.00983867 0.0101763 0.0104461 0.0106426 0.0107622 0.0108023 0.0107622 0.0106426 0.0104461 0.0101763 0.00983867 0.00943967 0.00898698 0.00848914 0.00795534 0.00739518 0.00681837 0.00623447 0.00565261 0.00508126 0.00452804 0.00399951 0.00350109 0.00303697 0.00261013 0.00222234 0.00187424 0.00156548 0.00129486 0.00106045 0.000859786 0.00069003 0.000548106 0.000430848 0.000335111 0.000257872 0.000196299 0.0001478 0.00011006 8.10448e-05 5.90095e-05 4.2479e-05 3.02302e-05 2.12658e-05 1.47865e-05 1.01615e-05 6.9016e-06 4.6328e-06 3.07408e-06 2.01748e-06 1.3117e-06 8.48646e-07 5.52821e-07 3.73213e-07 2.77354e-07 
3.74849e-07 4.19983e-07 5.63885e-07 8.33159e-07 1.27589e-06 1.96747e-06 3.01919e-06 4.58998e-06 6.9016e-06 1.02579e-05 1.50681e-05 2.18747e-05 3.13855e-05 4.45087e-05 6.23915e-05 8.64591e-05 0.000118452 0.000160459 0.000214945 0.00028476 0.00037314 0.000483682 0.000620298 0.000787136 0.000988477 0.0012286 0.00151162 0.00184129 0.00222081 0.00265259 0.00313807 0.00367745 0.0042696 0.00491183 0.00559984 0.00632771 0.00708788 0.00787128 0.00866749 0.00946498 0.0102514 0.0110139 0.0117394 0.0124151 0.0130289 0.0135693 0.0140262 0.014391 0.0146566 0.0148181 0.0148723 0.0148181 0.0146566 0.014391 0.0140262 0.0135693 0.0130289 0.0124151 0.0117394 0.0110139 0.0102514 0.00946498 0.00866749 0.00787128 0.00708788 0.00632771 0.00559984 0.00491183 0.0042696 0.00367745 0.00313807 0.00265259 0.00222081 0.00184129 0.00151162 0.0012286 0.000988477 0.000787136 0.000620298 0.000483682 0.00037314 0.00028476 0.000214945 0.000160459 0.000118452 8.64591e-05 6.23915e-05 4.45087e-05 3.13855e-05 2.18747e-05 1.50681e-05 1.02579e-05 6.9016e-06 4.58998e-06 3.01919e-06 1.96747e-06 1.27589e-06 8.33159e-07 5.63885e-07 4.19983e-07 
5.61624e-07 6.28639e-07 8.42154e-07 1.24116e-06 1.89602e-06 2.91685e-06 4.46577e-06 6.77362e-06 1.01615e-05 1.50681e-05 2.2082e-05 3.1981e-05 4.57757e-05 6.47584e-05 9.05547e-05 0.000125176 0.000171067 0.000231151 0.000308857 0.000408134 0.000533439 0.000689702 0.000882245 0.00111668 0.00139875 0.00173415 0.00212828 0.00258603 0.00311146 0.00370753 0.00437583 0.00511629 0.00592698 0.00680394 0.00774104 0.00873002 0.00976048 0.0108201 0.0118947 0.012969 0.0140264 0.0150499 0.0160223 0.0169267 0.0177471 0.0184687 0.0190783 0.0195646 0.0199186 0.0201337 0.0202058 0.0201337 0.0199186 0.0195646 0.0190783 0.0184687 0.0177471 0.0169267 0.0160223 0.0150499 0.0140264 0.012969 0.0118947 0.0108201 0.00976048 0.00873002 0.00774104 0.00680394 0.00592698 0.00511629 0.00437583 0.00370753 0.00311146 0.00258603 0.00212828 0.00173415 0.00139875 0.00111668 0.000882245 0.000689702 0.000533439 0.000408134 0.000308857 0.000231151 0.000171067 0.000125176 9.05547e-05 6.47584e-05 4.57757e-05 3.1981e-05 2.2082e-05 1.50681e-05 1.01615e-05 6.77362e-06 4.46577e-06 2.91685e-06 1.89602e-06 1.24116e-06 8.42154e-07 6.28639e-07 
8.31774e-07 9.30121e-07 1.24323e-06 1.82758e-06 2.78492e-06 4.27414e-06 6.52859e-06 9.87953e-06 1.47865e-05 2.18747e-05 3.1981e-05 4.62064e-05 6.59764e-05 9.31069e-05 0.000129873 0.000179076 0.000244109 0.000329006 0.000438479 0.000577925 0.000753402 0.000971567 0.00123956 0.00156487 0.00195508 0.00241764 0.00295954 0.003587 0.00430507 0.00511727 0.00602522 0.00702834 0.00812354 0.00930504 0.0105643 0.0118898 0.0132677 0.0146812 0.0161116 0.0175387 0.0189406 0.0202952 0.02158 0.0227734 0.0238544 0.0248042 0.0256059 0.0262449 0.0267098 0.0269921 0.0270868 0.0269921 0.0267098 0.0262449 0.0256059 0.0248042 0.0238544 0.0227734 0.02158 0.0202952 0.0189406 0.0175387 0.0161116 0.0146812 0.0132677 0.0118898 0.0105643 0.00930504 0.00812354 0.00702834 0.00602522 0.00511727 0.00430507 0.003587 0.00295954 0.00241764 0.00195508 0.00156487 0.00123956 0.000971567 0.000753402 0.000577925 0.000438479 0.000329006 0.000244109 0.000179076 0.000129873 9.31069e-05 6.59764e-05 4.62064e-05 3.1981e-05 2.18747e-05 1.47865e-05 9.87953e-06 6.52859e-06 4.27414e-06 2.78492e-06 1.82758e-06 1.24323e-06 9.30121e-07 
1.21773e-06 1.36038e-06 1.81423e-06 2.66008e-06 4.04333e-06 6.19055e-06 9.43357e-06 1.42422e-05 2.12658e-05 3.13855e-05 4.57757e-05 6.59764e-05 9.39738e-05 0.000132288 0.000184061 0.00025315 0.000344199 0.000462707 0.000615061 0.000808539 0.00105126 0.0013521 0.0017205 0.00216628 0.00269931 0.00332919 0.00406481 0.00491391 0.00588262 0.00697495 0.00819238 0.00953344 0.0109934 0.0125639 0.0142332 0.0159858 0.0178029 0.0196626 0.0215404 0.0234095 0.0252422 0.0270096 0.0286833 0.0302353 0.0316395 0.0328717 0.0339106 0.0347382 0.0353398 0.0357051 0.0358276 0.0357051 0.0353398 0.0347382 0.0339106 0.0328717 0.0316395 0.0302353 0.0286833 0.0270096 0.0252422 0.0234095 0.0215404 0.0196626 0.0178029 0.0159858 0.0142332 0.0125639 0.0109934 0.00953344 0.00819238 0.00697495 0.00588262 0.00491391 0.00406481 0.00332919 0.00269931 0.00216628 0.0017205 0.0013521 0.00105126 0.000808539 0.000615061 0.000462707 0.000344199 0.00025315 0.000184061 0.000132288 9.39738e-05 6.59764e-05 4.57757e-05 3.13855e-05 2.12658e-05 1.42422e-05 9.43357e-06 6.19055e-06 4.04333e-06 2.66008e-06 1.81423e-06 1.36038e-06 
1.76241e-06 1.96694e-06 2.61717e-06 3.82741e-06 5.80295e-06 8.86301e-06 1.3474e-05 2.0294e-05 3.02302e-05 4.45087e-05 6.47584e-05 9.31069e-05 0.000132288 0.000185754 0.000257795 0.000353649 0.000479594 0.00064303 0.000852501 0.00111769 0.00144933 0.00185908 0.00235926 0.00296255 0.00368161 0.00452856 0.00551452 0.00664892 0.00793898 0.0093891 0.0110003 0.0127696 0.01469 0.0167498 0.018933 0.0212188 0.0235826 0.0259956 0.0284263 0.0308405 0.0332026 0.0354761 0.0376252 0.039615 0.0414126 0.0429882 0.0443152 0.0453714 0.0461388 0.0466045 0.0467606 0.0466045 0.0461388 0.0453714 0.0443152 0.0429882 0.0414126 0.039615 0.0376252 0.0354761 0.0332026 0.0308405 0.0284263 0.0259956 0.0235826 0.0212188 0.018933 0.0167498 0.01469 0.0127696 0.0110003 0.0093891 0.00793898 0.00664892 0.00551452 0.00452856 0.00368161 0.00296255 0.00235926 0.00185908 0.00144933 0.00111769 0.000852501 0.00064303 0.000479594 0.000353649 0.000257795 0.000185754 0.000132288 9.31069e-05 6.47584e-05 4.45087e-05 3.02302e-05 2.0294e-05 1.3474e-05 8.86301e-06 5.80295e-06 3.82741e-06 2.61717e-06 1.96694e-06 
2.52175e-06 2.81164e-06 3.73256e-06 5.44426e-06 8.23328e-06 1.25441e-05 1.90243e-05 2.85854e-05 4.2479e-05 6.23915e-05 9.05547e-05 0.000129873 0.000184061 0.000257795 0.000356856 0.000488267 0.000660414 0.000883117 0.00116766 0.00152676 0.00197442 0.00252572 0.00319649 0.00400289 0.00496087 0.00608551 0.00739039 0.00888678 0.0105829 0.0124833 0.0145879 0.0168918 0.0193846 0.0220503 0.0248673 0.0278085 0.0308414 0.0339296 0.0370326 0.0401073 0.0431089 0.0459923 0.0487128 0.0512273 0.0534956 0.0554812 0.0571517 0.0584801 0.0594446 0.0600297 0.0602258 0.0600297 0.0594446 0.0584801 0.0571517 0.0554812 0.0534956 0.0512273 0.0487128 0.0459923 0.0431089 0.0401073 0.0370326 0.0339296 0.0308414 0.0278085 0.0248673 0.0220503 0.0193846 0.0168918 0.0145879 0.0124833 0.0105829 0.00888678 0.00739039 0.00608551 0.00496087 0.00400289 0.00319649 0.00252572 0.00197442 0.00152676 0.00116766 0.000883117 0.000660414 0.000488267 0.000356856 0.000257795 0.000184061 0.000129873 9.05547e-05 6.23915e-05 4.2479e-05 2.85854e-05 1.90243e-05 1.25441e-05 8.23328e-06 5.44426e-06 3.73256e-06 2.81164e-06 
3.56753e-06 3.97372e-06 5.26314e-06 7.65652e-06 1.1549e-05 1.75524e-05 2.65556e-05 3.98056e-05 5.90095e-05 8.64591e-05 0.000125176 0.000179076 0.00025315 0.000353649 0.000488267 0.000666312 0.000898832 0.0011987 0.00158064 0.00206109 0.00265808 0.00339087 0.0042795 0.00534423 0.00660482 0.00807972 0.00978516 0.0117343 0.0139361 0.0163947 0.0191085 0.0220696 0.0252631 0.0286675 0.032254 0.0359874 0.0398264 0.0437246 0.0476313 0.0514928 0.055254 0.0588593 0.0622542 0.0653866 0.0682078 0.070674 0.0727466 0.074393 0.0755878 0.0763121 0.0765548 0.0763121 0.0755878 0.074393 0.0727466 0.070674 0.0682078 0.0653866 0.0622542 0.0588593 0.055254 0.0514928 0.0476313 0.0437246 0.0398264 0.0359874 0.032254 0.0286675 0.0252631 0.0220696 0.0191085 0.0163947 0.0139361 0.0117343 0.00978516 0.00807972 0.00660482 0.00534423 0.0042795 0.00339087 0.00265808 0.00206109 0.00158064 0.0011987 0.000898832 0.000666312 0.000488267 0.000353649 0.00025315 0.000179076 0.000125176 8.64591e-05 5.90095e-05 3.98056e-05 2.65556e-05 1.75524e-05 1.1549e-05 7.65652e-06 5.26314e-06 3.97372e-06 
4.9904e-06 5.55311e-06 7.3381e-06 1.06468e-05 1.60179e-05 2.42837e-05 3.665e-05 5.48034e-05 8.10448e-05 0.000118452 0.000171067 0.000244109 0.000344199 0.000479594 0.000660414 0.000898832 0.00120923 0.00160827 0.00211488 0.00275009 0.00353676 0.00449914 0.00566222 0.00705103 0.00868962 0.0106001 0.0128016 0.0153087 0.0181311 0.0212718 0.0247266 0.0284833 0.0325215 0.0368121 0.041318 0.0459939 0.0507877 0.0556415 0.0604927 0.0652755 0.0699227 0.0743674 0.0785441 0.0823907 0.0858495 0.0888686 0.0914028 0.093414 0.0948724 0.0957561 0.0960521 0.0957561 0.0948724 0.093414 0.0914028 0.0888686 0.0858495 0.0823907 0.0785441 0.0743674 0.0699227 0.0652755 0.0604927 0.0556415 0.0507877 0.0459939 0.041318 0.0368121 0.0325215 0.0284833 0.0247266 0.0212718 0.0181311 0.0153087 0.0128016 0.0106001 0.00868962 0.00705103 0.00566222 0.00449914 0.00353676 0.00275009 0.00211488 0.00160827 0.00120923 0.000898832 0.000660414 0.000479594 0.000344199 0.000244109 0.000171067 0.000118452 8.10448e-05 5.48034e-05 3.665e-05 2.42837e-05 1.60179e-05 1.06468e-05 7.3381e-06 5.55311e-06 
6.90302e-06 7.67383e-06 1.01171e-05 1.46398e-05 2.19681e-05 3.3221e-05 5.00156e-05 7.46066e-05 0.00011006 0.000160459 0.000231151 0.000329006 0.000462707 0.00064303 0.000883117 0.0011987 0.00160827 0.00213312 0.00279726 0.00362723 0.00465165 0.00590058 0.00740477 0.00919459 0.0112989 0.0137436 0.0165505 0.0197359 0.0233088 0.0272705 0.0316129 0.0363184 0.0413589 0.0466963 0.0522829 0.0580617 0.0639679 0.06993 0.0758719 0.0817144 0.0873769 0.0927798 0.097846 0.102503 0.106683 0.110326 0.11338 0.115801 0.117555 0.118618 0.118974 0.118618 0.117555 0.115801 0.11338 0.110326 0.106683 0.102503 0.097846 0.0927798 0.0873769 0.0817144 0.0758719 0.06993 0.0639679 0.0580617 0.0522829 0.0466963 0.0413589 0.0363184 0.0316129 0.0272705 0.0233088 0.0197359 0.0165505 0.0137436 0.0112989 0.00919459 0.00740477 0.00590058 0.00465165 0.00362723 0.00279726 0.00213312 0.00160827 0.0011987 0.000883117 0.00064303 0.000462707 0.000329006 0.000231151 0.000160459 0.00011006 7.46066e-05 5.00156e-05 3.3221e-05 2.19681e-05 1.46398e-05 1.01171e-05 7.67383e-06 
9.4431e-06 1.04872e-05 1.37944e-05 1.99078e-05 2.97951e-05 4.49439e-05 6.74985e-05 0.000100438 0.0001478 0.000214945 0.000308857 0.000438479 0.000615061 0.000852501 0.00116766 0.00158064 0.00211488 0.00279726 0.00365789 0.00472979 0.00604827 0.00765013 0.00957257 0.0118519 0.014522 0.0176128 0.0211486 0.0251462 0.0296137 0.0345492 0.0399391 0.0457585 0.0519699 0.0585242 0.0653607 0.0724088 0.0795889 0.0868144 0.093994 0.101033 0.107838 0.114314 0.120374 0.125931 0.130911 0.135244 0.138872 0.141745 0.143825 0.145084 0.145505 0.145084 0.143825 0.141745 0.138872 0.135244 0.130911 0.125931 0.120374 0.114314 0.107838 0.101033 0.093994 0.0868144 0.0795889 0.0724088 0.0653607 0.0585242 0.0519699 0.0457585 0.0399391 0.0345492 0.0296137 0.0251462 0.0211486 0.0176128 0.014522 0.0118519 0.00957257 0.00765013 0.00604827 0.00472979 0.00365789 0.00279726 0.00211488 0.00158064 0.00116766 0.000852501 0.000615061 0.000438479 0.000308857 0.000214945 0.0001478 0.000100438 6.74985e-05 4.49439e-05 2.97951e-05 1.99078e-05 1.37944e-05 1.04872e-05 
1.27761e-05 1.41748e-05 1.86021e-05 2.67746e-05 3.99674e-05 6.01362e-05 9.00917e-05 0.000133727 0.000196299 0.00028476 0.000408134 0.000577925 0.000808539 0.00111769 0.00152676 0.00206109 0.00275009 0.00362723 0.00472979 0.00609829 0.00777576 0.00980654 0.012235 0.0151038 0.018452 0.0223134 0.026714 0.0316707 0.0371892 0.0432625 0.04987 0.0569773 0.0645353 0.0724813 0.08074 0.0892244 0.0978385 0.106479 0.115038 0.123404 0.131469 0.139126 0.146271 0.152812 0.158661 0.163741 0.167989 0.171349 0.173779 0.175249 0.175741 0.175249 0.173779 0.171349 0.167989 0.163741 0.158661 0.152812 0.146271 0.139126 0.131469 0.123404 0.115038 0.106479 0.0978385 0.0892244 0.08074 0.0724813 0.0645353 0.0569773 0.04987 0.0432625 0.0371892 0.0316707 0.026714 0.0223134 0.018452 0.0151038 0.012235 0.00980654 0.00777576 0.00609829 0.00472979 0.00362723 0.00275009 0.00206109 0.00152676 0.00111769 0.000808539 0.000577925 0.000408134 0.00028476 0.000196299 0.000133727 9.00917e-05 6.01362e-05 3.99674e-05 2.67746e-05 1.86021e-05 1.41748e-05 
1.70971e-05 1.89506e-05 2.48125e-05 3.56184e-05 5.30297e-05 7.95888e-05 0.000118939 0.000176111 0.000257872 0.00037314 0.000533439 0.000753402 0.00105126 0.00144933 0.00197442 0.00265808 0.00353676 0.00465165 0.00604827 0.00777576 0.00988576 0.012431 0.0154635 0.0190326 0.0231825 0.0279502 0.0333629 0.039436 0.046171 0.0535543 0.0615559 0.0701293 0.0792114 0.0887238 0.0985736 0.108656 0.118856 0.129053 0.13912 0.148931 0.15836 0.167288 0.175598 0.183188 0.18996 0.195833 0.200736 0.204609 0.207408 0.2091 0.209666 0.2091 0.207408 0.204609 0.200736 0.195833 0.18996 0.183188 0.175598 0.167288 0.15836 0.148931 0.13912 0.129053 0.118856 0.108656 0.0985736 0.0887238 0.0792114 0.0701293 0.0615559 0.0535543 0.046171 0.039436 0.0333629 0.0279502 0.0231825 0.0190326 0.0154635 0.012431 0.00988576 0.00777576 0.00604827 0.00465165 0.00353676 0.00265808 0.00197442 0.00144933 0.00105126 0.000753402 0.000533439 0.00037314 0.000257872 0.000176111 0.000118939 7.95888e-05 5.30297e-05 3.56184e-05 2.48125e-05 1.89506e-05 
2.26324e-05 2.50616e-05 3.27392e-05 4.68727e-05 6.96031e-05 0.000104199 0.000155333 0.000229431 0.000335111 0.000483682 0.000689702 0.000971567 0.0013521 0.00185908 0.00252572 0.00339087 0.00449914 0.00590058 0.00765013 0.00980654 0.012431 0.0155853 0.0193294 0.0237194 0.0288043 0.0346234 0.0412038 0.0485578 0.0566808 0.06555 0.0751235 0.0853401 0.0961201 0.107366 0.118967 0.130796 0.14272 0.154597 0.166283 0.177635 0.188511 0.198779 0.208312 0.216996 0.22473 0.231423 0.237002 0.241403 0.244581 0.246501 0.247143 0.246501 0.244581 0.241403 0.237002 0.231423 0.22473 0.216996 0.208312 0.198779 0.188511 0.177635 0.166283 0.154597 0.14272 0.130796 0.118967 0.107366 0.0961201 0.0853401 0.0751235 0.06555 0.0566808 0.0485578 0.0412038 0.0346234 0.0288043 0.0237194 0.0193294 0.0155853 0.012431 0.00980654 0.00765013 0.00590058 0.00449914 0.00339087 0.00252572 0.00185908 0.0013521 0.000971567 0.000689702 0.000483682 0.000335111 0.000229431 0.000155333 0.000104199 6.96031e-05 4.68727e-05 3.27392e-05 2.50616e-05 
2.96384e-05 3.27883e-05 4.27362e-05 6.10241e-05 9.03815e-05 0.000134966 0.0002007 0.00029571 0.000430848 0.000620298 0.000882245 0.00123956 0.0017205 0.00235926 0.00319649 0.0042795 0.00566222 0.00740477 0.00957257 0.012235 0.0154635 0.0193294 0.023901 0.0292406 0.0354011 0.0424233 0.0503323 0.0591353 0.068819 0.0793488 0.0906679 0.102698 0.115339 0.128473 0.141967 0.155672 0.169435 0.183092 0.196481 0.209443 0.221822 0.233473 0.24426 0.254061 0.26277 0.270292 0.27655 0.281481 0.285037 0.287185 0.287902 0.287185 0.285037 0.281481 0.27655 0.270292 0.26277 0.254061 0.24426 0.233473 0.221822 0.209443 0.196481 0.183092 0.169435 0.155672 0.141967 0.128473 0.115339 0.102698 0.0906679 0.0793488 0.068819 0.0591353 0.0503323 0.0424233 0.0354011 0.0292406 0.023901 0.0193294 0.0154635 0.012235 0.00957257 0.00740477 0.00566222 0.0042795 0.00319649 0.00235926 0.0017205 0.00123956 0.000882245 0.000620298 0.000430848 0.00029571 0.0002007 0.000134966 9.03815e-05 6.10241e-05 4.27362e-05 3.27883e-05 
3.84002e-05 4.24413e-05 5.51943e-05 7.86074e-05 0.000116123 0.000172972 0.000256585 0.000377124 0.000548106 0.000787136 0.00111668 0.00156487 0.00216628 0.00296255 0.00400289 0.00534423 0.00705103 0.00919459 0.0118519 0.0151038 0.0190326 0.0237194 0.0292406 0.035664 0.0430457 0.0514258 0.0608256 0.0712445 0.0826577 0.0950159 0.108244 0.122243 0.136891 0.152047 0.167552 0.183237 0.198923 0.21443 0.229575 0.244184 0.258089 0.271133 0.283175 0.294087 0.303759 0.312096 0.319019 0.324466 0.32839 0.330757 0.331549 0.330757 0.32839 0.324466 0.319019 0.312096 0.303759 0.294087 0.283175 0.271133 0.258089 0.244184 0.229575 0.21443 0.198923 0.183237 0.167552 0.152047 0.136891 0.122243 0.108244 0.0950159 0.0826577 0.0712445 0.0608256 0.0514258 0.0430457 0.035664 0.0292406 0.0237194 0.0190326 0.0151038 0.0118519 0.00919459 0.00705103 0.00534423 0.00400289 0.00296255 0.00216628 0.00156487 0.00111668 0.000787136 0.000548106 0.000377124 0.000256585 0.000172972 0.000116123 7.86074e-05 5.51943e-05 4.24413e-05 
4.92272e-05 5.43572e-05 7.05349e-05 0.000100196 0.000147635 0.000219365 0.000324612 0.000475945 0.00069003 0.000988477 0.00139875 0.00195508 0.00269931 0.00368161 0.00496087 0.00660482 0.00868962 0.0112989 0.014522 0.018452 0.0231825 0.0288043 0.0354011 0.0430457 0.0517952 0.0616874 0.072737 0.0849326 0.0982349 0.112576 0.12786 0.143964 0.160741 0.178024 0.19563 0.213364 0.231025 0.248413 0.265329 0.281585 0.297001 0.311415 0.32468 0.336666 0.347262 0.356375 0.363928 0.369862 0.374131 0.376705 0.377565 0.376705 0.374131 0.369862 0.363928 0.356375 0.347262 0.336666 0.32468 0.311415 0.297001 0.281585 0.265329 0.248413 0.231025 0.213364 0.19563 0.178024 0.160741 0.143964 0.12786 0.112576 0.0982349 0.0849326 0.072737 0.0616874 0.0517952 0.0430457 0.0354011 0.0288043 0.0231825 0.018452 0.014522 0.0112989 0.00868962 0.00660482 0.00496087 0.00368161 0.00269931 0.00195508 0.00139875 0.000988477 0.00069003 0.000475945 0.000324612 0.000219365 0.000147635 0.000100196 7.05349e-05 5.43572e-05 
6.24463e-05 6.88909e-05 8.92002e-05 0.000126386 0.000185754 0.000275328 0.000406441 0.000594484 0.000859786 0.0012286 0.00173415 0.00241764 0.00332919 0.00452856 0.00608551 0.00807972 0.0106001 0.0137436 0.0176128 0.0223134 0.0279502 0.0346234 0.0424233 0.0514258 0.0616874 0.0732408 0.0860911 0.100213 0.115549 0.132009 0.149474 0.167792 0.18679 0.206273 0.226031 0.245844 0.265492 0.284753 0.303414 0.321276 0.338152 0.353875 0.368296 0.381287 0.392741 0.402567 0.410696 0.417071 0.421652 0.424411 0.425333 0.424411 0.421652 0.417071 0.410696 0.402567 0.392741 0.381287 0.368296 0.353875 0.338152 0.321276 0.303414 0.284753 0.265492 0.245844 0.226031 0.206273 0.18679 0.167792 0.149474 0.132009 0.115549 0.100213 0.0860911 0.0732408 0.0616874 0.0514258 0.0424233 0.0346234 0.0279502 0.0223134 0.0176128 0.0137436 0.0106001 0.00807972 0.00608551 0.00452856 0.00332919 0.00241764 0.00173415 0.0012286 0.000859786 0.000594484 0.000406441 0.000275328 0.000185754 0.000126386 8.92002e-05 6.88909e-05 
7.83926e-05 8.64056e-05 0.00011164 0.000157784 0.000231321 0.000342038 0.000503714 0.000735003 0.00106045 0.00151162 0.00212828 0.00295954 0.00406481 0.00551452 0.00739039 0.00978516 0.0128016 0.0165505 0.0211486 0.026714 0.0333629 0.0412038 0.0503323 0.0608256 0.072737 0.0860911 0.10088 0.117061 0.134555 0.153246 0.172986 0.193597 0.214872 0.23659 0.258512 0.280395 0.301997 0.32308 0.343419 0.362805 0.381049 0.397983 0.41346 0.427358 0.439576 0.450031 0.45866 0.465416 0.470265 0.473182 0.474156 0.473182 0.470265 0.465416 0.45866 0.450031 0.439576 0.427358 0.41346 0.397983 0.381049 0.362805 0.343419 0.32308 0.301997 0.280395 0.258512 0.23659 0.214872 0.193597 0.172986 0.153246 0.134555 0.117061 0.10088 0.0860911 0.072737 0.0608256 0.0503323 0.0412038 0.0333629 0.026714 0.0211486 0.0165505 0.0128016 0.00978516 0.00739039 0.00551452 0.00406481 0.00295954 0.00212828 0.00151162 0.00106045 0.000735003 0.000503714 0.000342038 0.000231321 0.000157784 0.00011164 8.64056e-05 
9.73977e-05 0.00010726 0.000138295 0.000194975 0.000285144 0.000420616 0.000617981 0.000899616 0.00129486 0.00184129 0.00258603 0.003587 0.00491391 0.00664892 0.00888678 0.0117343 0.0153087 0.0197359 0.0251462 0.0316707 0.039436 0.0485578 0.0591353 0.0712445 0.0849326 0.100213 0.117061 0.135413 0.155163 0.176168 0.198247 0.221191 0.244762 0.268708 0.292763 0.316662 0.340143 0.362954 0.384861 0.405651 0.425134 0.443146 0.459548 0.474226 0.48709 0.498068 0.507109 0.514173 0.519235 0.522279 0.523294 0.522279 0.519235 0.514173 0.507109 0.498068 0.48709 0.474226 0.459548 0.443146 0.425134 0.405651 0.384861 0.362954 0.340143 0.316662 0.292763 0.268708 0.244762 0.221191 0.198247 0.176168 0.155163 0.135413 0.117061 0.100213 0.0849326 0.0712445 0.0591353 0.0485578 0.039436 0.0316707 0.0251462 0.0197359 0.0153087 0.0117343 0.00888678 0.00664892 0.00491391 0.003587 0.00258603 0.00184129 0.00129486 0.000899616 0.000617981 0.000420616 0.000285144 0.000194975 0.000138295 0.00010726 
0.000119774 0.00013179 0.000169577 0.000238501 0.000347962 0.000512079 0.000750626 0.00109019 0.00156548 0.00222081 0.00311146 0.00430507 0.00588262 0.00793898 0.0105829 0.0139361 0.0181311 0.0233088 0.0296137 0.0371892 0.046171 0.0566808 0.068819 0.0826577 0.0982349 0.115549 0.134555 0.155163 0.177239 0.200607 0.225053 0.250333 0.276177 0.302302 0.328417 0.354235 0.379477 0.40388 0.427207 0.449243 0.469803 0.488732 0.505901 0.52121 0.534583 0.545962 0.55531 0.562599 0.567815 0.570947 0.571992 0.570947 0.567815 0.562599 0.55531 0.545962 0.534583 0.52121 0.505901 0.488732 0.469803 0.449243 0.427207 0.40388 0.379477 0.354235 0.328417 0.302302 0.276177 0.250333 0.225053 0.200607 0.177239 0.155163 0.134555 0.115549 0.0982349 0.0826577 0.068819 0.0566808 0.046171 0.0371892 0.0296137 0.0233088 0.0181311 0.0139361 0.0105829 0.00793898 0.00588262 0.00430507 0.00311146 0.00222081 0.00156548 0.00109019 0.000750626 0.000512079 0.000347962 0.000238501 0.000169577 0.00013179 
0.0001458 0.000160294 0.000205847 0.000288831 0.000420401 0.00061727 0.000902779 0.0013082 0.00187424 0.00265259 0.00370753 0.00511727 0.00697495 0.0093891 0.0124833 0.0163947 0.0212718 0.0272705 0.0345492 0.0432625 0.0535543 0.06555 0.0793488 0.0950159 0.112576 0.132009 0.153246 0.176168 0.200607 0.226353 0.253155 0.280733 0.308786 0.337001 0.365061 0.39266 0.419507 0.445333 0.469897 0.492991 0.514438 0.534097 0.551855 0.567628 0.581358 0.593005 0.602547 0.609973 0.615276 0.618458 0.619519 0.618458 0.615276 0.609973 0.602547 0.593005 0.581358 0.567628 0.551855 0.534097 0.514438 0.492991 0.469897 0.445333 0.419507 0.39266 0.365061 0.337001 0.308786 0.280733 0.253155 0.226353 0.200607 0.176168 0.153246 0.132009 0.112576 0.0950159 0.0793488 0.06555 0.0535543 0.0432625 0.0345492 0.0272705 0.0212718 0.0163947 0.0124833 0.0093891 0.00697495 0.00511727 0.00370753 0.00265259 0.00187424 0.0013082 0.000902779 0.00061727 0.000420401 0.000288831 0.000205847 0.000160294 
0.0001757 0.000193011 0.000247386 0.000346324 0.00050293 0.000736802 0.00107523 0.00155466 0.00222234 0.00313807 0.00437583 0.00602522 0.00819238 0.0110003 0.0145879 0.0191085 0.0247266 0.0316129 0.0399391 0.04987 0.0615559 0.0751235 0.0906679 0.108244 0.12786 0.149474 0.172986 0.198247 0.225053 0.253155 0.282265 0.312067 0.342226 0.372401 0.402254 0.431462 0.459724 0.48677 0.512363 0.536303 0.558429 0.578615 0.596769 0.612829 0.626756 0.638532 0.648152 0.65562 0.660945 0.664136 0.665199 0.664136 0.660945 0.65562 0.648152 0.638532 0.626756 0.612829 0.596769 0.578615 0.558429 0.536303 0.512363 0.48677 0.459724 0.431462 0.402254 0.372401 0.342226 0.312067 0.282265 0.253155 0.225053 0.198247 0.172986 0.149474 0.12786 0.108244 0.0906679 0.0751235 0.0615559 0.04987 0.0399391 0.0316129 0.0247266 0.0191085 0.0145879 0.0110003 0.00819238 0.00602522 0.00437583 0.00313807 0.00222234 0.00155466 0.00107523 0.000736802 0.00050293 0.000346324 0.000247386 0.000193011 
0.000209623 0.000230099 0.000294376 0.000411195 0.000595813 0.000870991 0.00126834 0.00182993 0.00261013 0.00367745 0.00511629 0.00702834 0.00953344 0.0127696 0.0168918 0.0220696 0.0284833 0.0363184 0.0457585 0.0569773 0.0701293 0.0853401 0.102698 0.122243 0.143964 0.167792 0.193597 0.221191 0.250333 0.280733 0.312067 0.34398 0.376107 0.408079 0.439541 0.470157 0.49962 0.527662 0.554056 0.578617 0.6012 0.621702 0.640055 0.65622 0.670183 0.681948 0.69153 0.69895 0.70423 0.70739 0.708442 0.70739 0.70423 0.69895 0.69153 0.681948 0.670183 0.65622 0.640055 0.621702 0.6012 0.578617 0.554056 0.527662 0.49962 0.470157 0.439541 0.408079 0.376107 0.34398 0.312067 0.280733 0.250333 0.221191 0.193597 0.167792 0.143964 0.122243 0.102698 0.0853401 0.0701293 0.0569773 0.0457585 0.0363184 0.0284833 0.0220696 0.0168918 0.0127696 0.00953344 0.00702834 0.00511629 0.00367745 0.00261013 0.00182993 0.00126834 0.000870991 0.000595813 0.000411195 0.000294376 0.000230099 
0.000247629 0.000271617 0.00034687 0.000483489 0.000699066 0.00101979 0.00148195 0.00213369 0.00303697 0.0042696 0.00592698 0.00812354 0.0109934 0.01469 0.0193846 0.0252631 0.0325215 0.0413589 0.0519699 0.0645353 0.0792114 0.0961201 0.115339 0.136891 0.160741 0.18679 0.214872 0.244762 0.276177 0.308786 0.342226 0.376107 0.410033 0.443614 0.476476 0.508275 0.538707 0.567509 0.594467 0.619415 0.642232 0.662839 0.681196 0.69729 0.711133 0.722752 0.732185 0.73947 0.744643 0.747734 0.748763 0.747734 0.744643 0.73947 0.732185 0.722752 0.711133 0.69729 0.681196 0.662839 0.642232 0.619415 0.594467 0.567509 0.538707 0.508275 0.476476 0.443614 0.410033 0.376107 0.342226 0.308786 0.276177 0.244762 0.214872 0.18679 0.160741 0.136891 0.115339 0.0961201 0.0792114 0.0645353 0.0519699 0.0413589 0.0325215 0.0252631 0.0193846 0.01469 0.0109934 0.00812354 0.00592698 0.0042696 0.00303697 0.00213369 0.00148195 0.00101979 0.000699066 0.000483489 0.00034687 0.000271617 
0.000289666 0.000317501 0.000404773 0.000563043 0.000812415 0.00118276 0.00171535 0.00246478 0.00350109 0.00491183 0.00680394 0.00930504 0.0125639 0.0167498 0.0220503 0.0286675 0.0368121 0.0466963 0.0585242 0.0724813 0.0887238 0.107366 0.128473 0.152047 0.178024 0.206273 0.23659 0.268708 0.302302 0.337001 0.372401 0.408079 0.443614 0.478592 0.512629 0.545378 0.576538 0.605858 0.633143 0.658249 0.681081 0.701591 0.719766 0.735623 0.749201 0.760552 0.769735 0.776805 0.781816 0.784805 0.785799 0.784805 0.781816 0.776805 0.769735 0.760552 0.749201 0.735623 0.719766 0.701591 0.681081 0.658249 0.633143 0.605858 0.576538 0.545378 0.512629 0.478592 0.443614 0.408079 0.372401 0.337001 0.302302 0.268708 0.23659 0.206273 0.178024 0.152047 0.128473 0.107366 0.0887238 0.0724813 0.0585242 0.0466963 0.0368121 0.0286675 0.0220503 0.0167498 0.0125639 0.00930504 0.00680394 0.00491183 0.00350109 0.00246478 0.00171535 0.00118276 0.000812415 0.000563043 0.000404773 0.000317501 
0.000335558 0.000367554 0.000467821 0.000649469 0.00093527 0.001359 0.00196718 0.00282119 0.00399951 0.00559984 0.00774104 0.0105643 0.0142332 0.018933 0.0248673 0.032254 0.041318 0.0522829 0.0653607 0.08074 0.0985736 0.118967 0.141967 0.167552 0.19563 0.226031 0.258512 0.292763 0.328417 0.365061 0.402254 0.439541 0.476476 0.512629 0.547609 0.581069 0.612717 0.642319 0.669702 0.694748 0.717394 0.737619 0.755444 0.770915 0.7841 0.795074 0.803918 0.810707 0.815506 0.818365 0.819314 0.818365 0.815506 0.810707 0.803918 0.795074 0.7841 0.770915 0.755444 0.737619 0.717394 0.694748 0.669702 0.642319 0.612717 0.581069 0.547609 0.512629 0.476476 0.439541 0.402254 0.365061 0.328417 0.292763 0.258512 0.226031 0.19563 0.167552 0.141967 0.118967 0.0985736 0.08074 0.0653607 0.0522829 0.041318 0.032254 0.0248673 0.018933 0.0142332 0.0105643 0.00774104 0.00559984 0.00399951 0.00282119 0.00196718 0.001359 0.00093527 0.000649469 0.000467821 0.000367554 
0.000384993 0.000421433 0.000535566 0.000742134 0.00106671 0.00154713 0.00223542 0.0032 0.00452804 0.00632771 0.00873002 0.0118898 0.0159858 0.0212188 0.0278085 0.0359874 0.0459939 0.0580617 0.0724088 0.0892244 0.108656 0.130796 0.155672 0.183237 0.213364 0.245844 0.280395 0.316662 0.354235 0.39266 0.431462 0.470157 0.508275 0.545378 0.581069 0.615007 0.646913 0.676575 0.703844 0.728632 0.750908 0.770684 0.788013 0.802971 0.815653 0.82616 0.834594 0.841046 0.845595 0.8483 0.849197 0.8483 0.845595 0.841046 0.834594 0.82616 0.815653 0.802971 0.788013 0.770684 0.750908 0.728632 0.703844 0.676575 0.646913 0.615007 0.581069 0.545378 0.508275 0.470157 0.431462 0.39266 0.354235 0.316662 0.280395 0.245844 0.213364 0.183237 0.155672 0.130796 0.108656 0.0892244 0.0724088 0.0580617 0.0459939 0.0359874 0.0278085 0.0212188 0.0159858 0.0118898 0.00873002 0.00632771 0.00452804 0.0032 0.00223542 0.00154713 0.00106671 0.000742134 0.000535566 0.000421433 
0.000437518 0.000478641 0.000607376 0.000840156 0.00120545 0.0017453 0.00251739 0.00359736 0.00508126 0.00708788 0.00976048 0.0132677 0.0178029 0.0235826 0.0308414 0.0398264 0.0507877 0.0639679 0.0795889 0.0978385 0.118856 0.14272 0.169435 0.198923 0.231025 0.265492 0.301997 0.340143 0.379477 0.419507 0.459724 0.49962 0.538707 0.576538 0.612717 0.646913 0.678866 0.708385 0.735351 0.759708 0.781458 0.800647 0.81736 0.831702 0.843796 0.853767 0.861736 0.86781 0.872081 0.874615 0.875455 0.874615 0.872081 0.86781 0.861736 0.853767 0.843796 0.831702 0.81736 0.800647 0.781458 0.759708 0.735351 0.708385 0.678866 0.646913 0.612717 0.576538 0.538707 0.49962 0.459724 0.419507 0.379477 0.340143 0.301997 0.265492 0.231025 0.198923 0.169435 0.14272 0.118856 0.0978385 0.0795889 0.0639679 0.0507877 0.0398264 0.0308414 0.0235826 0.0178029 0.0132677 0.00976048 0.00708788 0.00508126 0.00359736 0.00251739 0.0017453 0.00120545 0.000840156 0.000607376 0.000478641 
0.000492538 0.000538527 0.000682428 0.000942405 0.00134988 0.00195121 0.00280979 0.00400858 0.00565261 0.00787128 0.0108201 0.0146812 0.0196626 0.0259956 0.0339296 0.0437246 0.0556415 0.06993 0.0868144 0.106479 0.129053 0.154597 0.183092 0.21443 0.248413 0.284753 0.32308 0.362954 0.40388 0.445333 0.48677 0.527662 0.567509 0.605858 0.642319 0.676575 0.708385 0.737586 0.764089 0.787872 0.80897 0.827464 0.843469 0.85712 0.868565 0.877952 0.885418 0.891088 0.895062 0.897415 0.898194 0.897415 0.895062 0.891088 0.885418 0.877952 0.868565 0.85712 0.843469 0.827464 0.80897 0.787872 0.764089 0.737586 0.708385 0.676575 0.642319 0.605858 0.567509 0.527662 0.48677 0.445333 0.40388 0.362954 0.32308 0.284753 0.248413 0.21443 0.183092 0.154597 0.129053 0.106479 0.0868144 0.06993 0.0556415 0.0437246 0.0339296 0.0259956 0.0196626 0.0146812 0.0108201 0.00787128 0.00565261 0.00400858 0.00280979 0.00195121 0.00134988 0.000942405 0.000682428 0.000538527 
