0.00103146 0.00104717 0.00109451 0.00117406 0.0012868 0.00143405 0.00161751 0.00183915 0.00210125 0.00240631 0.00275699 0.00315613 0.00360657 0.00411121 0.00467283 0.00529408 0.00597737 0.0067248 0.00753807 0.00841842 0.00936652 0.0103824 0.0114654 0.0126141 0.0138263 0.0150989 0.0164278 0.0178083 0.0192345 0.0206998 0.0221967 0.0237169 0.0252512 0.02679 0.028323 0.0298394 0.0313281 0.0327778 0.0341772 0.0355149 0.0367798 0.0379612 0.0390488 0.0400331 0.0409052 0.0416573 0.0422824 0.0427747 0.0431297 0.0433441 0.0434158 0.0433441 0.0431297 0.0427747 0.0422824 0.0416573 0.0409052 0.0400331 0.0390488 0.0379612 0.0367798 0.0355149 0.0341772 0.0327778 0.0313281 0.0298394 0.028323 0.02679 0.0252512 0.0237169 0.0221967 0.0206998 0.0192345 0.0178083 0.0164278 0.0150989 0.0138263 0.0126141 0.0114654 0.0103824 0.00936652 0.00841842 0.00753807 0.0067248 0.00597737 0.00529408 0.00467283 0.00411121 0.00360657 0.00315613 0.00275699 0.00240631 0.00210125 0.00183915 0.00161751 0.00143405 0.0012868 0.00117406 0.00109451 0.00104717 
0.00104717 0.0010631 0.0011111 0.00119177 0.00130608 0.00145538 0.00164138 0.00186608 0.00213177 0.00244098 0.00279641 0.0032009 0.00365736 0.00416868 0.00473768 0.00536703 0.00605916 0.00681617 0.00763979 0.00853125 0.0094912 0.0105197 0.011616 0.0127787 0.0140056 0.0152934 0.0166382 0.0180349 0.0194779 0.0209602 0.0224743 0.0240119 0.0255636 0.0271198 0.0286699 0.0302032 0.0317084 0.033174 0.0345887 0.0359409 0.0372195 0.0384136 0.0395129 0.0405077 0.0413892 0.0421492 0.0427809 0.0432785 0.0436372 0.0438538 0.0439263 0.0438538 0.0436372 0.0432785 0.0427809 0.0421492 0.0413892 0.0405077 0.0395129 0.0384136 0.0372195 0.0359409 0.0345887 0.033174 0.0317084 0.0302032 0.0286699 0.0271198 0.0255636 0.0240119 0.0224743 0.0209602 0.0194779 0.0180349 0.0166382 0.0152934 0.0140056 0.0127787 0.011616 0.0105197 0.0094912 0.00853125 0.00763979 0.00681617 0.00605916 0.00536703 0.00473768 0.00416868 0.00365736 0.0032009 0.00279641 0.00244098 0.00213177 0.00186608 0.00164138 0.00145538 0.00130608 0.00119177 0.0011111 0.0010631 
0.00109451 0.0011111 0.0011611 0.00124512 0.00136416 0.00151962 0.00171326 0.00194715 0.00222365 0.00254536 0.00291507 0.0033357 0.00381024 0.00434167 0.00493287 0.00558658 0.00630528 0.00709112 0.00794585 0.00887069 0.0098663 0.0109327 0.012069 0.0132738 0.0145448 0.0158784 0.0172707 0.0187164 0.0202095 0.021743 0.0233089 0.0248987 0.0265028 0.028111 0.0297127 0.0312967 0.0328513 0.0343648 0.0358254 0.0372213 0.0385409 0.0397732 0.0409076 0.0419339 0.0428432 0.0436272 0.0442788 0.044792 0.045162 0.0453854 0.0454601 0.0453854 0.045162 0.044792 0.0442788 0.0436272 0.0428432 0.0419339 0.0409076 0.0397732 0.0385409 0.0372213 0.0358254 0.0343648 0.0328513 0.0312967 0.0297127 0.028111 0.0265028 0.0248987 0.0233089 0.021743 0.0202095 0.0187164 0.0172707 0.0158784 0.0145448 0.0132738 0.012069 0.0109327 0.0098663 0.00887069 0.00794585 0.00709112 0.00630528 0.00558658 0.00493287 0.00434167 0.00381024 0.0033357 0.00291507 0.00254536 0.00222365 0.00194715 0.00171326 0.00151962 0.00136416 0.00124512 0.0011611 0.0011111 
0.00117406 0.00119177 0.00124512 0.00133475 0.00146173 0.00162753 0.00183398 0.00208328 0.0023779 0.00272057 0.00311422 0.0035619 0.00406674 0.00463185 0.00526025 0.00595476 0.00671797 0.00755209 0.00845889 0.00943962 0.0104949 0.0116246 0.012828 0.0141032 0.0154478 0.0168582 0.0183299 0.0198574 0.0214344 0.0230532 0.0247058 0.0263828 0.0280743 0.0297696 0.0314574 0.0331259 0.034763 0.0363564 0.0378936 0.0393623 0.0407505 0.0420466 0.0432393 0.0443183 0.0452741 0.0460981 0.0467829 0.0473221 0.0477109 0.0479456 0.0480241 0.0479456 0.0477109 0.0473221 0.0467829 0.0460981 0.0452741 0.0443183 0.0432393 0.0420466 0.0407505 0.0393623 0.0378936 0.0363564 0.034763 0.0331259 0.0314574 0.0297696 0.0280743 0.0263828 0.0247058 0.0230532 0.0214344 0.0198574 0.0183299 0.0168582 0.0154478 0.0141032 0.012828 0.0116246 0.0104949 0.00943962 0.00845889 0.00755209 0.00671797 0.00595476 0.00526025 0.00463185 0.00406674 0.0035619 0.00311422 0.00272057 0.0023779 0.00208328 0.00183398 0.00162753 0.00146173 0.00133475 0.00124512 0.00119177 
0.0012868 0.00130608 0.00136416 0.00146173 0.00159993 0.00178033 0.00200489 0.00227596 0.00259617 0.00296844 0.00339589 0.00388176 0.00442937 0.00504201 0.00572287 0.00647494 0.0073009 0.00820307 0.00918326 0.0102427 0.0113821 0.012601 0.0138987 0.0152731 0.0167214 0.0182396 0.019823 0.0214656 0.0231603 0.0248993 0.0266735 0.0284731 0.0302873 0.0321048 0.0339135 0.0357007 0.0374536 0.0391589 0.0408036 0.0423746 0.0438589 0.0452442 0.0465189 0.0476717 0.0486927 0.0495727 0.0503039 0.0508796 0.0512947 0.0515452 0.051629 0.0515452 0.0512947 0.0508796 0.0503039 0.0495727 0.0486927 0.0476717 0.0465189 0.0452442 0.0438589 0.0423746 0.0408036 0.0391589 0.0374536 0.0357007 0.0339135 0.0321048 0.0302873 0.0284731 0.0266735 0.0248993 0.0231603 0.0214656 0.019823 0.0182396 0.0167214 0.0152731 0.0138987 0.012601 0.0113821 0.0102427 0.00918326 0.00820307 0.0073009 0.00647494 0.00572287 0.00504201 0.00442937 0.00388176 0.00339589 0.00296844 0.00259617 0.00227596 0.00200489 0.00178033 0.00159993 0.00146173 0.00136416 0.00130608 
0.00143405 0.00145538 0.00151962 0.00162753 0.00178033 0.00197973 0.00222786 0.00252724 0.00288074 0.0032915 0.00376288 0.00429838 0.00490155 0.00557593 0.00632492 0.00715168 0.00805908 0.00904952 0.0101249 0.0112864 0.0125347 0.0138693 0.015289 0.0167918 0.0183742 0.0200321 0.0217599 0.0235512 0.0253982 0.0272923 0.0292236 0.0311815 0.0331542 0.0351293 0.0370939 0.0390342 0.0409363 0.0427861 0.0445693 0.0462719 0.04788 0.0493804 0.0507605 0.0520084 0.0531132 0.0540654 0.0548563 0.0554791 0.0559279 0.0561989 0.0562895 0.0561989 0.0559279 0.0554791 0.0548563 0.0540654 0.0531132 0.0520084 0.0507605 0.0493804 0.04788 0.0462719 0.0445693 0.0427861 0.0409363 0.0390342 0.0370939 0.0351293 0.0331542 0.0311815 0.0292236 0.0272923 0.0253982 0.0235512 0.0217599 0.0200321 0.0183742 0.0167918 0.015289 0.0138693 0.0125347 0.0112864 0.0101249 0.00904952 0.00805908 0.00715168 0.00632492 0.00557593 0.00490155 0.00429838 0.00376288 0.0032915 0.00288074 0.00252724 0.00222786 0.00197973 0.00178033 0.00162753 0.00151962 0.00145538 
0.00161751 0.00164138 0.00171326 0.00183398 0.00200489 0.00222786 0.00250521 0.0028397 0.00323445 0.00369289 0.00421869 0.00481563 0.00548757 0.00623834 0.00707158 0.0079907 0.00899873 0.0100982 0.0112911 0.0125786 0.0139612 0.0154384 0.0170087 0.0186696 0.0204173 0.022247 0.0241526 0.0261269 0.0281612 0.030246 0.0323704 0.0345226 0.0366898 0.0388585 0.0410143 0.0431424 0.0452276 0.0472544 0.0492073 0.0510712 0.0528309 0.0544722 0.0559813 0.0573455 0.058553 0.0595934 0.0604575 0.0611377 0.061628 0.0619239 0.0620228 0.0619239 0.061628 0.0611377 0.0604575 0.0595934 0.058553 0.0573455 0.0559813 0.0544722 0.0528309 0.0510712 0.0492073 0.0472544 0.0452276 0.0431424 0.0410143 0.0388585 0.0366898 0.0345226 0.0323704 0.030246 0.0281612 0.0261269 0.0241526 0.022247 0.0204173 0.0186696 0.0170087 0.0154384 0.0139612 0.0125786 0.0112911 0.0100982 0.00899873 0.0079907 0.00707158 0.00623834 0.00548757 0.00481563 0.00421869 0.00369289 0.00323445 0.0028397 0.00250521 0.00222786 0.00200489 0.00183398 0.00171326 0.00164138 
0.00183915 0.00186608 0.00194715 0.00208328 0.00227596 0.00252724 0.0028397 0.00321635 0.00366064 0.00417632 0.00476741 0.00543806 0.00619246 0.00703477 0.00796895 0.00899865 0.0101271 0.0113571 0.0126905 0.0141286 0.0156717 0.0173192 0.0190691 0.0209186 0.0228634 0.0248979 0.0270152 0.0292072 0.0314644 0.0337759 0.0361299 0.038513 0.0409114 0.0433098 0.0456926 0.0480435 0.0503457 0.0525823 0.0547364 0.0567913 0.0587306 0.0605386 0.0622005 0.0637023 0.0650313 0.0661761 0.0671267 0.0678748 0.068414 0.0687394 0.0688482 0.0687394 0.068414 0.0678748 0.0671267 0.0661761 0.0650313 0.0637023 0.0622005 0.0605386 0.0587306 0.0567913 0.0547364 0.0525823 0.0503457 0.0480435 0.0456926 0.0433098 0.0409114 0.038513 0.0361299 0.0337759 0.0314644 0.0292072 0.0270152 0.0248979 0.0228634 0.0209186 0.0190691 0.0173192 0.0156717 0.0141286 0.0126905 0.0113571 0.0101271 0.00899865 0.00796895 0.00703477 0.00619246 0.00543806 0.00476741 0.00417632 0.00366064 0.00321635 0.0028397 0.00252724 0.00227596 0.00208328 0.00194715 0.00186608 
0.00210125 0.00213177 0.00222365 0.0023779 0.00259617 0.00288074 0.00323445 0.00366064 0.0041631 0.00474599 0.0054137 0.00617079 0.00702187 0.00797146 0.00902386 0.010183 0.0114524 0.0128349 0.0143326 0.0159466 0.0176771 0.0195232 0.0214827 0.023552 0.0257263 0.0279992 0.0303629 0.0328082 0.0353244 0.0378994 0.0405198 0.043171 0.0458373 0.0485021 0.051148 0.0537568 0.0563103 0.0587897 0.0611764 0.0634522 0.0655991 0.0675999 0.0694383 0.071099 0.0725682 0.0738334 0.0748839 0.0757105 0.0763061 0.0766656 0.0767857 0.0766656 0.0763061 0.0757105 0.0748839 0.0738334 0.0725682 0.071099 0.0694383 0.0675999 0.0655991 0.0634522 0.0611764 0.0587897 0.0563103 0.0537568 0.051148 0.0485021 0.0458373 0.043171 0.0405198 0.0378994 0.0353244 0.0328082 0.0303629 0.0279992 0.0257263 0.023552 0.0214827 0.0195232 0.0176771 0.0159466 0.0143326 0.0128349 0.0114524 0.010183 0.00902386 0.00797146 0.00702187 0.00617079 0.0054137 0.00474599 0.0041631 0.00366064 0.00323445 0.00288074 0.00259617 0.0023779 0.00222365 0.00213177 
0.00240631 0.00244098 0.00254536 0.00272057 0.00296844 0.0032915 0.00369289 0.00417632 0.00474599 0.00540646 0.0061626 0.00701941 0.00798196 0.00905517 0.0102437 0.0115519 0.0129834 0.0145413 0.0162276 0.0180436 0.0199892 0.0220631 0.0242627 0.0265839 0.0290209 0.0315665 0.0342119 0.0369466 0.0397585 0.0426342 0.0455585 0.0485152 0.0514868 0.0544549 0.0574 0.0603023 0.0631414 0.0658967 0.0685477 0.0710742 0.0734567 0.0756761 0.0777145 0.0795555 0.0811836 0.0825853 0.0837489 0.0846643 0.0853239 0.0857219 0.0858549 0.0857219 0.0853239 0.0846643 0.0837489 0.0825853 0.0811836 0.0795555 0.0777145 0.0756761 0.0734567 0.0710742 0.0685477 0.0658967 0.0631414 0.0603023 0.0574 0.0544549 0.0514868 0.0485152 0.0455585 0.0426342 0.0397585 0.0369466 0.0342119 0.0315665 0.0290209 0.0265839 0.0242627 0.0220631 0.0199892 0.0180436 0.0162276 0.0145413 0.0129834 0.0115519 0.0102437 0.00905517 0.00798196 0.00701941 0.0061626 0.00540646 0.00474599 0.00417632 0.00369289 0.0032915 0.00296844 0.00272057 0.00254536 0.00244098 
0.00275699 0.00279641 0.00291507 0.00311422 0.00339589 0.00376288 0.00421869 0.00476741 0.0054137 0.0061626 0.00701947 0.00798982 0.0090792 0.010293 0.0116363 0.0131137 0.0147293 0.0164861 0.0183864 0.0204312 0.0226203 0.0249519 0.027423 0.0300286 0.0327623 0.0356156 0.0385786 0.0416393 0.0447843 0.0479982 0.0512642 0.0545643 0.0578788 0.0611872 0.0644681 0.0676993 0.0708584 0.0739226 0.0768694 0.0796765 0.0823223 0.084786 0.0870481 0.0890903 0.0908959 0.09245 0.0937398 0.0947543 0.0954852 0.0959263 0.0960737 0.0959263 0.0954852 0.0947543 0.0937398 0.09245 0.0908959 0.0890903 0.0870481 0.084786 0.0823223 0.0796765 0.0768694 0.0739226 0.0708584 0.0676993 0.0644681 0.0611872 0.0578788 0.0545643 0.0512642 0.0479982 0.0447843 0.0416393 0.0385786 0.0356156 0.0327623 0.0300286 0.027423 0.0249519 0.0226203 0.0204312 0.0183864 0.0164861 0.0147293 0.0131137 0.0116363 0.010293 0.0090792 0.00798982 0.00701947 0.0061626 0.0054137 0.00476741 0.00421869 0.00376288 0.00339589 0.00311422 0.00291507 0.00279641 
0.00315613 0.0032009 0.0033357 0.0035619 0.00388176 0.00429838 0.00481563 0.00543806 0.00617079 0.00701941 0.00798982 0.00908808 0.0103203 0.0116922 0.0132095 0.0148772 0.0166994 0.0186794 0.0208196 0.0231208 0.0255825 0.0282025 0.0309771 0.0339006 0.0369654 0.040162 0.0434789 0.0469029 0.0504185 0.0540086 0.0576545 0.0613358 0.0650309 0.0687168 0.0723699 0.0759655 0.0794788 0.0828849 0.0861587 0.0892759 0.0922126 0.0949462 0.0974551 0.0997193 0.101721 0.103443 0.104872 0.105996 0.106805 0.107293 0.107457 0.107293 0.106805 0.105996 0.104872 0.103443 0.101721 0.0997193 0.0974551 0.0949462 0.0922126 0.0892759 0.0861587 0.0828849 0.0794788 0.0759655 0.0723699 0.0687168 0.0650309 0.0613358 0.0576545 0.0540086 0.0504185 0.0469029 0.0434789 0.040162 0.0369654 0.0339006 0.0309771 0.0282025 0.0255825 0.0231208 0.0208196 0.0186794 0.0166994 0.0148772 0.0132095 0.0116922 0.0103203 0.00908808 0.00798982 0.00701941 0.00617079 0.00543806 0.00481563 0.00429838 0.00388176 0.0035619 0.0033357 0.0032009 
0.00360657 0.00365736 0.00381024 0.00406674 0.00442937 0.00490155 0.00548757 0.00619246 0.00702187 0.00798196 0.0090792 0.0103203 0.0117118 0.0132601 0.0149713 0.0168507 0.0189028 0.0211311 0.0235377 0.0261235 0.0288876 0.0318273 0.034938 0.0382132 0.0416442 0.04522 0.0489278 0.0527524 0.0566765 0.060681 0.0647449 0.0688456 0.0729589 0.0770593 0.0811207 0.0851159 0.0890175 0.0927978 0.0964296 0.099886 0.103141 0.106169 0.108948 0.111454 0.113669 0.115575 0.117156 0.118399 0.119294 0.119834 0.120014 0.119834 0.119294 0.118399 0.117156 0.115575 0.113669 0.111454 0.108948 0.106169 0.103141 0.099886 0.0964296 0.0927978 0.0890175 0.0851159 0.0811207 0.0770593 0.0729589 0.0688456 0.0647449 0.060681 0.0566765 0.0527524 0.0489278 0.04522 0.0416442 0.0382132 0.034938 0.0318273 0.0288876 0.0261235 0.0235377 0.0211311 0.0189028 0.0168507 0.0149713 0.0132601 0.0117118 0.0103203 0.0090792 0.00798196 0.00702187 0.00619246 0.00548757 0.00490155 0.00442937 0.00406674 0.00381024 0.00365736 
0.00411121 0.00416868 0.00434167 0.00463185 0.00504201 0.00557593 0.00623834 0.00703477 0.00797146 0.00905517 0.010293 0.0116922 0.0132601 0.0150036 0.0169291 0.0190424 0.0213483 0.0238503 0.0265507 0.0294499 0.0325467 0.0358377 0.0393177 0.0429789 0.0468114 0.0508027 0.0549383 0.0592011 0.0635717 0.0680287 0.0725487 0.0771065 0.0816752 0.0862269 0.0907324 0.0951619 0.0994851 0.103672 0.107692 0.111516 0.115115 0.118463 0.121533 0.124302 0.126748 0.128852 0.130596 0.131968 0.132956 0.133552 0.133751 0.133552 0.132956 0.131968 0.130596 0.128852 0.126748 0.124302 0.121533 0.118463 0.115115 0.111516 0.107692 0.103672 0.0994851 0.0951619 0.0907324 0.0862269 0.0816752 0.0771065 0.0725487 0.0680287 0.0635717 0.0592011 0.0549383 0.0508027 0.0468114 0.0429789 0.0393177 0.0358377 0.0325467 0.0294499 0.0265507 0.0238503 0.0213483 0.0190424 0.0169291 0.0150036 0.0132601 0.0116922 0.010293 0.00905517 0.00797146 0.00703477 0.00623834 0.00557593 0.00504201 0.00463185 0.00434167 0.00416868 
0.00467283 0.00473768 0.00493287 0.00526025 0.00572287 0.00632492 0.00707158 0.00796895 0.00902386 0.0102437 0.0116363 0.0132095 0.0149713 0.0169291 0.0190899 0.0214598 0.0240438 0.0268456 0.0298673 0.0331091 0.0365693 0.0402438 0.0441264 0.0482081 0.0524775 0.0569207 0.0615211 0.0662595 0.0711143 0.0760616 0.0810753 0.0861276 0.0911887 0.0962276 0.101212 0.10611 0.110887 0.115511 0.119949 0.124168 0.128138 0.131828 0.135212 0.138262 0.140956 0.143272 0.145192 0.146702 0.147789 0.148444 0.148664 0.148444 0.147789 0.146702 0.145192 0.143272 0.140956 0.138262 0.135212 0.131828 0.128138 0.124168 0.119949 0.115511 0.110887 0.10611 0.101212 0.0962276 0.0911887 0.0861276 0.0810753 0.0760616 0.0711143 0.0662595 0.0615211 0.0569207 0.0524775 0.0482081 0.0441264 0.0402438 0.0365693 0.0331091 0.0298673 0.0268456 0.0240438 0.0214598 0.0190899 0.0169291 0.0149713 0.0132095 0.0116363 0.0102437 0.00902386 0.00796895 0.00707158 0.00632492 0.00572287 0.00526025 0.00493287 0.00473768 
0.00529408 0.00536703 0.00558658 0.00595476 0.00647494 0.00715168 0.0079907 0.00899865 0.010183 0.0115519 0.0131137 0.0148772 0.0168507 0.0190424 0.0214598 0.0241092 0.0269961 0.030124 0.033495 0.0371089 0.0409634 0.0450536 0.0493721 0.0539088 0.0586506 0.0635818 0.0686837 0.0739348 0.079311 0.0847858 0.0903303 0.0959136 0.101503 0.107064 0.112562 0.117961 0.123224 0.128315 0.133199 0.13784 0.142205 0.14626 0.149977 0.153327 0.156284 0.158826 0.160933 0.16259 0.163782 0.164501 0.164741 0.164501 0.163782 0.16259 0.160933 0.158826 0.156284 0.153327 0.149977 0.14626 0.142205 0.13784 0.133199 0.128315 0.123224 0.117961 0.112562 0.107064 0.101503 0.0959136 0.0903303 0.0847858 0.079311 0.0739348 0.0686837 0.0635818 0.0586506 0.0539088 0.0493721 0.0450536 0.0409634 0.0371089 0.033495 0.030124 0.0269961 0.0241092 0.0214598 0.0190424 0.0168507 0.0148772 0.0131137 0.0115519 0.010183 0.00899865 0.0079907 0.00715168 0.00647494 0.00595476 0.00558658 0.00536703 
0.00597737 0.00605916 0.00630528 0.00671797 0.0073009 0.00805908 0.00899873 0.0101271 0.0114524 0.0129834 0.0147293 0.0166994 0.0189028 0.0213483 0.0240438 0.0269961 0.0302107 0.0336912 0.0374395 0.041455 0.0457346 0.0502726 0.0550603 0.0600862 0.0653354 0.0707902 0.0764297 0.0822299 0.088164 0.0942027 0.100314 0.106464 0.112616 0.118733 0.124778 0.130709 0.136488 0.142075 0.147432 0.152519 0.157302 0.161744 0.165814 0.16948 0.172715 0.175496 0.1778 0.179611 0.180915 0.181701 0.181964 0.181701 0.180915 0.179611 0.1778 0.175496 0.172715 0.16948 0.165814 0.161744 0.157302 0.152519 0.147432 0.142075 0.136488 0.130709 0.124778 0.118733 0.112616 0.106464 0.100314 0.0942027 0.088164 0.0822299 0.0764297 0.0707902 0.0653354 0.0600862 0.0550603 0.0502726 0.0457346 0.041455 0.0374395 0.0336912 0.0302107 0.0269961 0.0240438 0.0213483 0.0189028 0.0166994 0.0147293 0.0129834 0.0114524 0.0101271 0.00899873 0.00805908 0.0073009 0.00671797 0.00630528 0.00605916 
0.0067248 0.00681617 0.00709112 0.00755209 0.00820307 0.00904952 0.0100982 0.0113571 0.0128349 0.0145413 0.0164861 0.0186794 0.0211311 0.0238503 0.0268456 0.030124 0.0336912 0.0375508 0.0417043 0.0461507 0.050886 0.0559036 0.0611933 0.066742 0.072533 0.0785463 0.0847585 0.0911432 0.0976706 0.104308 0.111021 0.117771 0.12452 0.131226 0.137847 0.14434 0.150664 0.156774 0.162628 0.168186 0.173408 0.178257 0.182696 0.186695 0.190222 0.193253 0.195764 0.197737 0.199157 0.200014 0.2003 0.200014 0.199157 0.197737 0.195764 0.193253 0.190222 0.186695 0.182696 0.178257 0.173408 0.168186 0.162628 0.156774 0.150664 0.14434 0.137847 0.131226 0.12452 0.117771 0.111021 0.104308 0.0976706 0.0911432 0.0847585 0.0785463 0.072533 0.066742 0.0611933 0.0559036 0.050886 0.0461507 0.0417043 0.0375508 0.0336912 0.030124 0.0268456 0.0238503 0.0211311 0.0186794 0.0164861 0.0145413 0.0128349 0.0113571 0.0100982 0.00904952 0.00820307 0.00755209 0.00709112 0.00681617 
0.00753807 0.00763979 0.00794585 0.00845889 0.00918326 0.0101249 0.0112911 0.0126905 0.0143326 0.0162276 0.0183864 0.0208196 0.0235377 0.0265507 0.0298673 0.033495 0.0374395 0.0417043 0.0462907 0.0511967 0.0564179 0.061946 0.0677697 0.073874 0.0802401 0.0868456 0.0936646 0.100668 0.107822 0.115092 0.122439 0.129822 0.137198 0.144523 0.15175 0.158834 0.165728 0.172385 0.178761 0.184811 0.190492 0.195765 0.200591 0.204935 0.208767 0.212059 0.214785 0.216927 0.218468 0.219397 0.219708 0.219397 0.218468 0.216927 0.214785 0.212059 0.208767 0.204935 0.200591 0.195765 0.190492 0.184811 0.178761 0.172385 0.165728 0.158834 0.15175 0.144523 0.137198 0.129822 0.122439 0.115092 0.107822 0.100668 0.0936646 0.0868456 0.0802401 0.073874 0.0677697 0.061946 0.0564179 0.0511967 0.0462907 0.0417043 0.0374395 0.033495 0.0298673 0.0265507 0.0235377 0.0208196 0.0183864 0.0162276 0.0143326 0.0126905 0.0112911 0.0101249 0.00918326 0.00845889 0.00794585 0.00763979 
0.00841842 0.00853125 0.00887069 0.00943962 0.0102427 0.0112864 0.0125786 0.0141286 0.0159466 0.0180436 0.0204312 0.0231208 0.0261235 0.0294499 0.0331091 0.0371089 0.041455 0.0461507 0.0511967 0.0565907 0.0623268 0.0683957 0.0747843 0.0814757 0.0884488 0.0956789 0.103137 0.110791 0.118604 0.126538 0.13455 0.142596 0.150629 0.1586 0.166461 0.17416 0.181648 0.188876 0.195793 0.202354 0.208512 0.214225 0.219451 0.224155 0.228302 0.231863 0.234812 0.237128 0.238795 0.239799 0.240135 0.239799 0.238795 0.237128 0.234812 0.231863 0.228302 0.224155 0.219451 0.214225 0.208512 0.202354 0.195793 0.188876 0.181648 0.17416 0.166461 0.1586 0.150629 0.142596 0.13455 0.126538 0.118604 0.110791 0.103137 0.0956789 0.0884488 0.0814757 0.0747843 0.0683957 0.0623268 0.0565907 0.0511967 0.0461507 0.041455 0.0371089 0.0331091 0.0294499 0.0261235 0.0231208 0.0204312 0.0180436 0.0159466 0.0141286 0.0125786 0.0112864 0.0102427 0.00943962 0.00887069 0.00853125 
0.00936652 0.0094912 0.0098663 0.0104949 0.0113821 0.0125347 0.0139612 0.0156717 0.0176771 0.0199892 0.0226203 0.0255825 0.0288876 0.0325467 0.0365693 0.0409634 0.0457346 0.050886 0.0564179 0.0623268 0.0686059 0.0752444 0.0822275 0.0895359 0.0971464 0.105031 0.113159 0.121493 0.129996 0.138622 0.147328 0.156064 0.16478 0.173424 0.181941 0.190279 0.198383 0.2062 0.213678 0.220766 0.227416 0.233582 0.239221 0.244294 0.248766 0.252604 0.255782 0.258277 0.260072 0.261155 0.261516 0.261155 0.260072 0.258277 0.255782 0.252604 0.248766 0.244294 0.239221 0.233582 0.227416 0.220766 0.213678 0.2062 0.198383 0.190279 0.181941 0.173424 0.16478 0.156064 0.147328 0.138622 0.129996 0.121493 0.113159 0.105031 0.0971464 0.0895359 0.0822275 0.0752444 0.0686059 0.0623268 0.0564179 0.050886 0.0457346 0.0409634 0.0365693 0.0325467 0.0288876 0.0255825 0.0226203 0.0199892 0.0176771 0.0156717 0.0139612 0.0125347 0.0113821 0.0104949 0.0098663 0.0094912 
0.0103824 0.0105197 0.0109327 0.0116246 0.012601 0.0138693 0.0154384 0.0173192 0.0195232 0.0220631 0.0249519 0.0282025 0.0318273 0.0358377 0.0402438 0.0450536 0.0502726 0.0559036 0.061946 0.0683957 0.0752444 0.0824798 0.090085 0.0980386 0.106315 0.114883 0.123708 0.132751 0.141969 0.151315 0.16074 0.170191 0.179613 0.188951 0.198147 0.207142 0.215881 0.224304 0.232358 0.239988 0.247142 0.253773 0.259835 0.265286 0.270088 0.27421 0.277622 0.2803 0.282226 0.283388 0.283776 0.283388 0.282226 0.2803 0.277622 0.27421 0.270088 0.265286 0.259835 0.253773 0.247142 0.239988 0.232358 0.224304 0.215881 0.207142 0.198147 0.188951 0.179613 0.170191 0.16074 0.151315 0.141969 0.132751 0.123708 0.114883 0.106315 0.0980386 0.090085 0.0824798 0.0752444 0.0683957 0.061946 0.0559036 0.0502726 0.0450536 0.0402438 0.0358377 0.0318273 0.0282025 0.0249519 0.0220631 0.0195232 0.0173192 0.0154384 0.0138693 0.012601 0.0116246 0.0109327 0.0105197 
0.0114654 0.011616 0.012069 0.012828 0.0138987 0.015289 0.0170087 0.0190691 0.0214827 0.0242627 0.027423 0.0309771 0.034938 0.0393177 0.0441264 0.0493721 0.0550603 0.0611933 0.0677697 0.0747843 0.0822275 0.090085 0.0983379 0.106962 0.11593 0.125207 0.134754 0.144531 0.154489 0.164578 0.174744 0.184931 0.195081 0.205132 0.215023 0.224693 0.234081 0.243125 0.251767 0.259949 0.267618 0.274722 0.281213 0.287049 0.292188 0.296597 0.300246 0.30311 0.30517 0.306411 0.306826 0.306411 0.30517 0.30311 0.300246 0.296597 0.292188 0.287049 0.281213 0.274722 0.267618 0.259949 0.251767 0.243125 0.234081 0.224693 0.215023 0.205132 0.195081 0.184931 0.174744 0.164578 0.154489 0.144531 0.134754 0.125207 0.11593 0.106962 0.0983379 0.090085 0.0822275 0.0747843 0.0677697 0.0611933 0.0550603 0.0493721 0.0441264 0.0393177 0.034938 0.0309771 0.027423 0.0242627 0.0214827 0.0190691 0.0170087 0.015289 0.0138987 0.012828 0.012069 0.011616 
0.0126141 0.0127787 0.0132738 0.0141032 0.0152731 0.0167918 0.0186696 0.0209186 0.023552 0.0265839 0.0300286 0.0339006 0.0382132 0.0429789 0.0482081 0.0539088 0.0600862 0.066742 0.073874 0.0814757 0.0895359 0.0980386 0.106962 0.116281 0.125963 0.135971 0.146264 0.156795 0.167514 0.178366 0.189293 0.200234 0.211127 0.221907 0.232508 0.242866 0.252914 0.262588 0.271827 0.28057 0.28876 0.296344 0.30327 0.309493 0.314973 0.319672 0.323561 0.326612 0.328806 0.330128 0.330569 0.330128 0.328806 0.326612 0.323561 0.319672 0.314973 0.309493 0.30327 0.296344 0.28876 0.28057 0.271827 0.262588 0.252914 0.242866 0.232508 0.221907 0.211127 0.200234 0.189293 0.178366 0.167514 0.156795 0.146264 0.135971 0.125963 0.116281 0.106962 0.0980386 0.0895359 0.0814757 0.073874 0.066742 0.0600862 0.0539088 0.0482081 0.0429789 0.0382132 0.0339006 0.0300286 0.0265839 0.023552 0.0209186 0.0186696 0.0167918 0.0152731 0.0141032 0.0132738 0.0127787 
0.0138263 0.0140056 0.0145448 0.0154478 0.0167214 0.0183742 0.0204173 0.0228634 0.0257263 0.0290209 0.0327623 0.0369654 0.0416442 0.0468114 0.0524775 0.0586506 0.0653354 0.072533 0.0802401 0.0884488 0.0971464 0.106315 0.11593 0.125963 0.136379 0.147138 0.158195 0.169499 0.180996 0.192627 0.20433 0.216039 0.227689 0.239209 0.250531 0.261584 0.272301 0.282613 0.292455 0.301763 0.310479 0.318544 0.325907 0.332521 0.338342 0.343332 0.34746 0.350699 0.353027 0.35443 0.354899 0.35443 0.353027 0.350699 0.34746 0.343332 0.338342 0.332521 0.325907 0.318544 0.310479 0.301763 0.292455 0.282613 0.272301 0.261584 0.250531 0.239209 0.227689 0.216039 0.20433 0.192627 0.180996 0.169499 0.158195 0.147138 0.136379 0.125963 0.11593 0.106315 0.0971464 0.0884488 0.0802401 0.072533 0.0653354 0.0586506 0.0524775 0.0468114 0.0416442 0.0369654 0.0327623 0.0290209 0.0257263 0.0228634 0.0204173 0.0183742 0.0167214 0.0154478 0.0145448 0.0140056 
0.0150989 0.0152934 0.0158784 0.0168582 0.0182396 0.0200321 0.022247 0.0248979 0.0279992 0.0315665 0.0356156 0.040162 0.04522 0.0508027 0.0569207 0.0635818 0.0707902 0.0785463 0.0868456 0.0956789 0.105031 0.114883 0.125207 0.135971 0.147138 0.158664 0.1705 0.182592 0.19488 0.207303 0.219792 0.23228 0.244695 0.256963 0.269012 0.280767 0.292157 0.303109 0.313556 0.323431 0.332672 0.34122 0.34902 0.356022 0.362184 0.367465 0.371831 0.375256 0.377719 0.379202 0.379698 0.379202 0.377719 0.375256 0.371831 0.367465 0.362184 0.356022 0.34902 0.34122 0.332672 0.323431 0.313556 0.303109 0.292157 0.280767 0.269012 0.256963 0.244695 0.23228 0.219792 0.207303 0.19488 0.182592 0.1705 0.158664 0.147138 0.135971 0.125207 0.114883 0.105031 0.0956789 0.0868456 0.0785463 0.0707902 0.0635818 0.0569207 0.0508027 0.04522 0.040162 0.0356156 0.0315665 0.0279992 0.0248979 0.022247 0.0200321 0.0182396 0.0168582 0.0158784 0.0152934 
0.0164278 0.0166382 0.0172707 0.0183299 0.019823 0.0217599 0.0241526 0.0270152 0.0303629 0.0342119 0.0385786 0.0434789 0.0489278 0.0549383 0.0615211 0.0686837 0.0764297 0.0847585 0.0936646 0.103137 0.113159 0.123708 0.134754 0.146264 0.158195 0.1705 0.183127 0.196016 0.209105 0.222328 0.235611 0.248884 0.262068 0.275088 0.287866 0.300324 0.312387 0.32398 0.33503 0.34547 0.355234 0.364261 0.372495 0.379884 0.386382 0.391951 0.396554 0.400164 0.402758 0.404321 0.404843 0.404321 0.402758 0.400164 0.396554 0.391951 0.386382 0.379884 0.372495 0.364261 0.355234 0.34547 0.33503 0.32398 0.312387 0.300324 0.287866 0.275088 0.262068 0.248884 0.235611 0.222328 0.209105 0.196016 0.183127 0.1705 0.158195 0.146264 0.134754 0.123708 0.113159 0.103137 0.0936646 0.0847585 0.0764297 0.0686837 0.0615211 0.0549383 0.0489278 0.0434789 0.0385786 0.0342119 0.0303629 0.0270152 0.0241526 0.0217599 0.019823 0.0183299 0.0172707 0.0166382 
0.0178083 0.0180349 0.0187164 0.0198574 0.0214656 0.0235512 0.0261269 0.0292072 0.0328082 0.0369466 0.0416393 0.0469029 0.0527524 0.0592011 0.0662595 0.0739348 0.0822299 0.0911432 0.100668 0.110791 0.121493 0.132751 0.144531 0.156795 0.169499 0.182592 0.196016 0.20971 0.223605 0.237631 0.251712 0.26577 0.279725 0.293495 0.307001 0.320159 0.332892 0.34512 0.35677 0.367769 0.378051 0.387551 0.396213 0.403983 0.410814 0.416665 0.421501 0.425292 0.428016 0.429658 0.430206 0.429658 0.428016 0.425292 0.421501 0.416665 0.410814 0.403983 0.396213 0.387551 0.378051 0.367769 0.35677 0.34512 0.332892 0.320159 0.307001 0.293495 0.279725 0.26577 0.251712 0.237631 0.223605 0.20971 0.196016 0.182592 0.169499 0.156795 0.144531 0.132751 0.121493 0.110791 0.100668 0.0911432 0.0822299 0.0739348 0.0662595 0.0592011 0.0527524 0.0469029 0.0416393 0.0369466 0.0328082 0.0292072 0.0261269 0.0235512 0.0214656 0.0198574 0.0187164 0.0180349 
0.0192345 0.0194779 0.0202095 0.0214344 0.0231603 0.0253982 0.0281612 0.0314644 0.0353244 0.0397585 0.0447843 0.0504185 0.0566765 0.0635717 0.0711143 0.079311 0.088164 0.0976706 0.107822 0.118604 0.129996 0.141969 0.154489 0.167514 0.180996 0.19488 0.209105 0.223605 0.238308 0.253137 0.268013 0.282854 0.297575 0.312092 0.326319 0.340172 0.353566 0.366423 0.378663 0.390213 0.401004 0.41097 0.420051 0.428194 0.435351 0.441479 0.446542 0.45051 0.453361 0.455079 0.455652 0.455079 0.453361 0.45051 0.446542 0.441479 0.435351 0.428194 0.420051 0.41097 0.401004 0.390213 0.378663 0.366423 0.353566 0.340172 0.326319 0.312092 0.297575 0.282854 0.268013 0.253137 0.238308 0.223605 0.209105 0.19488 0.180996 0.167514 0.154489 0.141969 0.129996 0.118604 0.107822 0.0976706 0.088164 0.079311 0.0711143 0.0635717 0.0566765 0.0504185 0.0447843 0.0397585 0.0353244 0.0314644 0.0281612 0.0253982 0.0231603 0.0214344 0.0202095 0.0194779 
0.0206998 0.0209602 0.021743 0.0230532 0.0248993 0.0272923 0.030246 0.0337759 0.0378994 0.0426342 0.0479982 0.0540086 0.060681 0.0680287 0.0760616 0.0847858 0.0942027 0.104308 0.115092 0.126538 0.138622 0.151315 0.164578 0.178366 0.192627 0.207303 0.222328 0.237631 0.253137 0.268764 0.28443 0.300047 0.315527 0.330781 0.34572 0.360256 0.374302 0.387775 0.400594 0.412683 0.423971 0.434391 0.443882 0.452389 0.459862 0.466258 0.471542 0.475682 0.478657 0.480448 0.481046 0.480448 0.478657 0.475682 0.471542 0.466258 0.459862 0.452389 0.443882 0.434391 0.423971 0.412683 0.400594 0.387775 0.374302 0.360256 0.34572 0.330781 0.315527 0.300047 0.28443 0.268764 0.253137 0.237631 0.222328 0.207303 0.192627 0.178366 0.164578 0.151315 0.138622 0.126538 0.115092 0.104308 0.0942027 0.0847858 0.0760616 0.0680287 0.060681 0.0540086 0.0479982 0.0426342 0.0378994 0.0337759 0.030246 0.0272923 0.0248993 0.0230532 0.021743 0.0209602 
0.0221967 0.0224743 0.0233089 0.0247058 0.0266735 0.0292236 0.0323704 0.0361299 0.0405198 0.0455585 0.0512642 0.0576545 0.0647449 0.0725487 0.0810753 0.0903303 0.100314 0.111021 0.122439 0.13455 0.147328 0.16074 0.174744 0.189293 0.20433 0.219792 0.235611 0.251712 0.268013 0.28443 0.300875 0.317257 0.333484 0.349462 0.365099 0.380303 0.394986 0.40906 0.422444 0.435058 0.446829 0.45769 0.467577 0.476436 0.484215 0.490871 0.496367 0.500673 0.503766 0.505628 0.50625 0.505628 0.503766 0.500673 0.496367 0.490871 0.484215 0.476436 0.467577 0.45769 0.446829 0.435058 0.422444 0.40906 0.394986 0.380303 0.365099 0.349462 0.333484 0.317257 0.300875 0.28443 0.268013 0.251712 0.235611 0.219792 0.20433 0.189293 0.174744 0.16074 0.147328 0.13455 0.122439 0.111021 0.100314 0.0903303 0.0810753 0.0725487 0.0647449 0.0576545 0.0512642 0.0455585 0.0405198 0.0361299 0.0323704 0.0292236 0.0266735 0.0247058 0.0233089 0.0224743 
0.0237169 0.0240119 0.0248987 0.0263828 0.0284731 0.0311815 0.0345226 0.038513 0.043171 0.0485152 0.0545643 0.0613358 0.0688456 0.0771065 0.0861276 0.0959136 0.106464 0.117771 0.129822 0.142596 0.156064 0.170191 0.184931 0.200234 0.216039 0.23228 0.248884 0.26577 0.282854 0.300047 0.317257 0.334389 0.351346 0.368031 0.384349 0.400204 0.415506 0.430164 0.444093 0.457215 0.469453 0.480738 0.491008 0.500204 0.508276 0.515181 0.520882 0.525347 0.528553 0.530483 0.531128 0.530483 0.528553 0.525347 0.520882 0.515181 0.508276 0.500204 0.491008 0.480738 0.469453 0.457215 0.444093 0.430164 0.415506 0.400204 0.384349 0.368031 0.351346 0.334389 0.317257 0.300047 0.282854 0.26577 0.248884 0.23228 0.216039 0.200234 0.184931 0.170191 0.156064 0.142596 0.129822 0.117771 0.106464 0.0959136 0.0861276 0.0771065 0.0688456 0.0613358 0.0545643 0.0485152 0.043171 0.038513 0.0345226 0.0311815 0.0284731 0.0263828 0.0248987 0.0240119 
0.0252512 0.0255636 0.0265028 0.0280743 0.0302873 0.0331542 0.0366898 0.0409114 0.0458373 0.0514868 0.0578788 0.0650309 0.0729589 0.0816752 0.0911887 0.101503 0.112616 0.12452 0.137198 0.150629 0.16478 0.179613 0.195081 0.211127 0.227689 0.244695 0.262068 0.279725 0.297575 0.315527 0.333484 0.351346 0.369013 0.386385 0.403362 0.419848 0.435747 0.450968 0.465423 0.479032 0.491718 0.50341 0.514045 0.523564 0.531917 0.539059 0.544953 0.549569 0.552884 0.554879 0.555545 0.554879 0.552884 0.549569 0.544953 0.539059 0.531917 0.523564 0.514045 0.50341 0.491718 0.479032 0.465423 0.450968 0.435747 0.419848 0.403362 0.386385 0.369013 0.351346 0.333484 0.315527 0.297575 0.279725 0.262068 0.244695 0.227689 0.211127 0.195081 0.179613 0.16478 0.150629 0.137198 0.12452 0.112616 0.101503 0.0911887 0.0816752 0.0729589 0.0650309 0.0578788 0.0514868 0.0458373 0.0409114 0.0366898 0.0331542 0.0302873 0.0280743 0.0265028 0.0255636 
0.02679 0.0271198 0.028111 0.0297696 0.0321048 0.0351293 0.0388585 0.0433098 0.0485021 0.0544549 0.0611872 0.0687168 0.0770593 0.0862269 0.0962276 0.107064 0.118733 0.131226 0.144523 0.1586 0.173424 0.188951 0.205132 0.221907 0.239209 0.256963 0.275088 0.293495 0.312092 0.330781 0.349462 0.368031 0.386385 0.40442 0.422033 0.439125 0.455597 0.471357 0.486316 0.500391 0.513503 0.525583 0.536564 0.546389 0.555008 0.562374 0.568452 0.573211 0.576627 0.578683 0.57937 0.578683 0.576627 0.573211 0.568452 0.562374 0.555008 0.546389 0.536564 0.525583 0.513503 0.500391 0.486316 0.471357 0.455597 0.439125 0.422033 0.40442 0.386385 0.368031 0.349462 0.330781 0.312092 0.293495 0.275088 0.256963 0.239209 0.221907 0.205132 0.188951 0.173424 0.1586 0.144523 0.131226 0.118733 0.107064 0.0962276 0.0862269 0.0770593 0.0687168 0.0611872 0.0544549 0.0485021 0.0433098 0.0388585 0.0351293 0.0321048 0.0297696 0.028111 0.0271198 
0.028323 0.0286699 0.0297127 0.0314574 0.0339135 0.0370939 0.0410143 0.0456926 0.051148 0.0574 0.0644681 0.0723699 0.0811207 0.0907324 0.101212 0.112562 0.124778 0.137847 0.15175 0.166461 0.181941 0.198147 0.215023 0.232508 0.250531 0.269012 0.287866 0.307001 0.326319 0.34572 0.365099 0.384349 0.403362 0.422033 0.440255 0.457926 0.474946 0.491219 0.506657 0.521173 0.53469 0.547135 0.558444 0.568558 0.577426 0.585004 0.591254 0.596146 0.599658 0.601771 0.602477 0.601771 0.599658 0.596146 0.591254 0.585004 0.577426 0.568558 0.558444 0.547135 0.53469 0.521173 0.506657 0.491219 0.474946 0.457926 0.440255 0.422033 0.403362 0.384349 0.365099 0.34572 0.326319 0.307001 0.287866 0.269012 0.250531 0.232508 0.215023 0.198147 0.181941 0.166461 0.15175 0.137847 0.124778 0.112562 0.101212 0.0907324 0.0811207 0.0723699 0.0644681 0.0574 0.051148 0.0456926 0.0410143 0.0370939 0.0339135 0.0314574 0.0297127 0.0286699 
0.0298394 0.0302032 0.0312967 0.0331259 0.0357007 0.0390342 0.0431424 0.0480435 0.0537568 0.0603023 0.0676993 0.0759655 0.0851159 0.0951619 0.10611 0.117961 0.130709 0.14434 0.158834 0.17416 0.190279 0.207142 0.224693 0.242866 0.261584 0.280767 0.300324 0.320159 0.340172 0.360256 0.380303 0.400204 0.419848 0.439125 0.457926 0.476147 0.493685 0.510445 0.526333 0.541266 0.555163 0.567952 0.579568 0.589952 0.599053 0.606828 0.613239 0.618256 0.621856 0.624023 0.624746 0.624023 0.621856 0.618256 0.613239 0.606828 0.599053 0.589952 0.579568 0.567952 0.555163 0.541266 0.526333 0.510445 0.493685 0.476147 0.457926 0.439125 0.419848 0.400204 0.380303 0.360256 0.340172 0.320159 0.300324 0.280767 0.261584 0.242866 0.224693 0.207142 0.190279 0.17416 0.158834 0.14434 0.130709 0.117961 0.10611 0.0951619 0.0851159 0.0759655 0.0676993 0.0603023 0.0537568 0.0480435 0.0431424 0.0390342 0.0357007 0.0331259 0.0312967 0.0302032 
0.0313281 0.0317084 0.0328513 0.034763 0.0374536 0.0409363 0.0452276 0.0503457 0.0563103 0.0631414 0.0708584 0.0794788 0.0890175 0.0994851 0.110887 0.123224 0.136488 0.150664 0.165728 0.181648 0.198383 0.215881 0.234081 0.252914 0.272301 0.292157 0.312387 0.332892 0.353566 0.374302 0.394986 0.415506 0.435747 0.455597 0.474946 0.493685 0.511712 0.528928 0.54524 0.560562 0.574814 0.587924 0.599825 0.610461 0.619779 0.627736 0.634295 0.639428 0.64311 0.645326 0.646065 0.645326 0.64311 0.639428 0.634295 0.627736 0.619779 0.610461 0.599825 0.587924 0.574814 0.560562 0.54524 0.528928 0.511712 0.493685 0.474946 0.455597 0.435747 0.415506 0.394986 0.374302 0.353566 0.332892 0.312387 0.292157 0.272301 0.252914 0.234081 0.215881 0.198383 0.181648 0.165728 0.150664 0.136488 0.123224 0.110887 0.0994851 0.0890175 0.0794788 0.0708584 0.0631414 0.0563103 0.0503457 0.0452276 0.0409363 0.0374536 0.034763 0.0328513 0.0317084 
0.0327778 0.033174 0.0343648 0.0363564 0.0391589 0.0427861 0.0472544 0.0525823 0.0587897 0.0658967 0.0739226 0.0828849 0.0927978 0.103672 0.115511 0.128315 0.142075 0.156774 0.172385 0.188876 0.2062 0.224304 0.243125 0.262588 0.282613 0.303109 0.32398 0.34512 0.366423 0.387775 0.40906 0.430164 0.450968 0.471357 0.491219 0.510445 0.528928 0.546569 0.563276 0.57896 0.593541 0.606948 0.619113 0.62998 0.639498 0.647623 0.654319 0.659557 0.663314 0.665575 0.66633 0.665575 0.663314 0.659557 0.654319 0.647623 0.639498 0.62998 0.619113 0.606948 0.593541 0.57896 0.563276 0.546569 0.528928 0.510445 0.491219 0.471357 0.450968 0.430164 0.40906 0.387775 0.366423 0.34512 0.32398 0.303109 0.282613 0.262588 0.243125 0.224304 0.2062 0.188876 0.172385 0.156774 0.142075 0.128315 0.115511 0.103672 0.0927978 0.0828849 0.0739226 0.0658967 0.0587897 0.0525823 0.0472544 0.0427861 0.0391589 0.0363564 0.0343648 0.033174 
0.0341772 0.0345887 0.0358254 0.0378936 0.0408036 0.0445693 0.0492073 0.0547364 0.0611764 0.0685477 0.0768694 0.0861587 0.0964296 0.107692 0.119949 0.133199 0.147432 0.162628 0.178761 0.195793 0.213678 0.232358 0.251767 0.271827 0.292455 0.313556 0.33503 0.35677 0.378663 0.400594 0.422444 0.444093 0.465423 0.486316 0.506657 0.526333 0.54524 0.563276 0.580346 0.596364 0.611249 0.624928 0.637335 0.648414 0.658114 0.666392 0.673212 0.678547 0.682372 0.684674 0.685442 0.684674 0.682372 0.678547 0.673212 0.666392 0.658114 0.648414 0.637335 0.624928 0.611249 0.596364 0.580346 0.563276 0.54524 0.526333 0.506657 0.486316 0.465423 0.444093 0.422444 0.400594 0.378663 0.35677 0.33503 0.313556 0.292455 0.271827 0.251767 0.232358 0.213678 0.195793 0.178761 0.162628 0.147432 0.133199 0.119949 0.107692 0.0964296 0.0861587 0.0768694 0.0685477 0.0611764 0.0547364 0.0492073 0.0445693 0.0408036 0.0378936 0.0358254 0.0345887 
0.0355149 0.0359409 0.0372213 0.0393623 0.0423746 0.0462719 0.0510712 0.0567913 0.0634522 0.0710742 0.0796765 0.0892759 0.099886 0.111516 0.124168 0.13784 0.152519 0.168186 0.184811 0.202354 0.220766 0.239988 0.259949 0.28057 0.301763 0.323431 0.34547 0.367769 0.390213 0.412683 0.435058 0.457215 0.479032 0.500391 0.521173 0.541266 0.560562 0.57896 0.596364 0.612687 0.627849 0.641776 0.654403 0.665674 0.675539 0.683956 0.690888 0.696309 0.700197 0.702535 0.703316 0.702535 0.700197 0.696309 0.690888 0.683956 0.675539 0.665674 0.654403 0.641776 0.627849 0.612687 0.596364 0.57896 0.560562 0.541266 0.521173 0.500391 0.479032 0.457215 0.435058 0.412683 0.390213 0.367769 0.34547 0.323431 0.301763 0.28057 0.259949 0.239988 0.220766 0.202354 0.184811 0.168186 0.152519 0.13784 0.124168 0.111516 0.099886 0.0892759 0.0796765 0.0710742 0.0634522 0.0567913 0.0510712 0.0462719 0.0423746 0.0393623 0.0372213 0.0359409 
0.0367798 0.0372195 0.0385409 0.0407505 0.0438589 0.04788 0.0528309 0.0587306 0.0655991 0.0734567 0.0823223 0.0922126 0.103141 0.115115 0.128138 0.142205 0.157302 0.173408 0.190492 0.208512 0.227416 0.247142 0.267618 0.28876 0.310479 0.332672 0.355234 0.378051 0.401004 0.423971 0.446829 0.469453 0.491718 0.513503 0.53469 0.555163 0.574814 0.593541 0.611249 0.627849 0.64326 0.657411 0.670237 0.681681 0.691694 0.700235 0.707268 0.712767 0.716709 0.719081 0.719872 0.719081 0.716709 0.712767 0.707268 0.700235 0.691694 0.681681 0.670237 0.657411 0.64326 0.627849 0.611249 0.593541 0.574814 0.555163 0.53469 0.513503 0.491718 0.469453 0.446829 0.423971 0.401004 0.378051 0.355234 0.332672 0.310479 0.28876 0.267618 0.247142 0.227416 0.208512 0.190492 0.173408 0.157302 0.142205 0.128138 0.115115 0.103141 0.0922126 0.0823223 0.0734567 0.0655991 0.0587306 0.0528309 0.04788 0.0438589 0.0407505 0.0385409 0.0372195 
