1.27217e-12 1.65661e-12 3.01183e-12 6.03254e-12 1.22049e-11 2.44158e-11 4.807e-11 9.30469e-11 1.77037e-10 3.31092e-10 6.08649e-10 1.09986e-09 1.95381e-09 3.41218e-09 5.85899e-09 9.89216e-09 1.6424e-08 2.68185e-08 4.30727e-08 6.80509e-08 1.05774e-07 1.61766e-07 2.4345e-07 3.60574e-07 5.25638e-07 7.54277e-07 1.06554e-06 1.48195e-06 2.0294e-06 2.73651e-06 3.63377e-06 4.752e-06 6.12048e-06 7.76457e-06 9.70303e-06 1.19453e-05 1.44888e-05 1.7317e-05 2.03975e-05 2.36824e-05 2.71082e-05 3.05986e-05 3.40667e-05 3.74195e-05 4.05623e-05 4.34027e-05 4.58555e-05 4.78459e-05 4.93129e-05 5.02116e-05 5.05142e-05 5.02116e-05 4.93129e-05 4.78459e-05 4.58555e-05 4.34027e-05 4.05623e-05 3.74195e-05 3.40667e-05 3.05986e-05 2.71082e-05 2.36824e-05 2.03975e-05 1.7317e-05 1.44888e-05 1.19453e-05 9.70303e-06 7.76457e-06 6.12048e-06 4.752e-06 3.63377e-06 2.73651e-06 2.0294e-06 1.48195e-06 1.06554e-06 7.54277e-07 5.25638e-07 3.60574e-07 2.4345e-07 1.61766e-07 1.05774e-07 6.80509e-08 4.30727e-08 2.68185e-08 1.6424e-08 9.89216e-09 5.85899e-09 3.41218e-09 1.95381e-09 1.09986e-09 6.08649e-10 3.31092e-10 1.77037e-10 9.30469e-11 4.807e-11 2.44158e-11 1.22049e-11 6.03254e-12 3.01183e-12 1.65661e-12 
1.65661e-12 2.15481e-12 3.90952e-12 7.81511e-12 1.57818e-11 3.15134e-11 6.19291e-11 1.19649e-10 2.2722e-10 4.24128e-10 7.78156e-10 1.40338e-09 2.488e-09 4.33628e-09 7.43043e-09 1.25193e-08 2.07422e-08 3.37979e-08 5.41668e-08 8.53956e-08 1.3245e-07 2.0213e-07 3.0355e-07 4.48641e-07 6.52657e-07 9.34623e-07 1.31764e-06 1.82897e-06 2.4998e-06 3.36455e-06 4.4597e-06 5.82202e-06 7.48625e-06 9.48227e-06 1.18319e-05 1.45456e-05 1.76196e-05 2.10329e-05 2.47463e-05 2.87014e-05 3.28219e-05 3.70159e-05 4.11795e-05 4.52017e-05 4.89692e-05 5.23722e-05 5.53094e-05 5.76919e-05 5.94474e-05 6.05226e-05 6.08847e-05 6.05226e-05 5.94474e-05 5.76919e-05 5.53094e-05 5.23722e-05 4.89692e-05 4.52017e-05 4.11795e-05 3.70159e-05 3.28219e-05 2.87014e-05 2.47463e-05 2.10329e-05 1.76196e-05 1.45456e-05 1.18319e-05 9.48227e-06 7.48625e-06 5.82202e-06 4.4597e-06 3.36455e-06 2.4998e-06 1.82897e-06 1.31764e-06 9.34623e-07 6.52657e-07 4.48641e-07 3.0355e-07 2.0213e-07 1.3245e-07 8.53956e-08 5.41668e-08 3.37979e-08 2.07422e-08 1.25193e-08 7.43043e-09 4.33628e-09 2.488e-09 1.40338e-09 7.78156e-10 4.24128e-10 2.2722e-10 1.19649e-10 6.19291e-11 3.15134e-11 1.57818e-11 7.81511e-12 3.90952e-12 2.15481e-12 
3.01183e-12 3.90952e-12 7.06639e-12 1.40744e-11 2.83241e-11 5.63663e-11 1.1039e-10 2.12538e-10 4.022e-10 7.48055e-10 1.36747e-09 2.45707e-09 4.33963e-09 7.53453e-09 1.28606e-08 2.15831e-08 3.56167e-08 5.78008e-08 9.22584e-08 1.44852e-07 2.23743e-07 3.40043e-07 5.08558e-07 7.48553e-07 1.08452e-06 1.54681e-06 2.17207e-06 3.00325e-06 4.08919e-06 5.48341e-06 7.24223e-06 9.42191e-06 1.20751e-05 1.52462e-05 1.89669e-05 2.32509e-05 2.80893e-05 3.34473e-05 3.92613e-05 4.54391e-05 5.18612e-05 5.83849e-05 6.48496e-05 7.10845e-05 7.69164e-05 8.21777e-05 8.67139e-05 9.03905e-05 9.30979e-05 9.47553e-05 9.53133e-05 9.47553e-05 9.30979e-05 9.03905e-05 8.67139e-05 8.21777e-05 7.69164e-05 7.10845e-05 6.48496e-05 5.83849e-05 5.18612e-05 4.54391e-05 3.92613e-05 3.34473e-05 2.80893e-05 2.32509e-05 1.89669e-05 1.52462e-05 1.20751e-05 9.42191e-06 7.24223e-06 5.48341e-06 4.08919e-06 3.00325e-06 2.17207e-06 1.54681e-06 1.08452e-06 7.48553e-07 5.08558e-07 3.40043e-07 2.23743e-07 1.44852e-07 9.22584e-08 5.78008e-08 3.56167e-08 2.15831e-08 1.28606e-08 7.53453e-09 4.33963e-09 2.45707e-09 1.36747e-09 7.48055e-10 4.022e-10 2.12538e-10 1.1039e-10 5.63663e-11 2.83241e-11 1.40744e-11 7.06639e-12 3.90952e-12 
6.03254e-12 7.81511e-12 1.40744e-11 2.79346e-11 5.60307e-11 1.11138e-10 2.16939e-10 4.16281e-10 7.8507e-10 1.45509e-09 2.65056e-09 4.74537e-09 8.35047e-09 1.44441e-08 2.45611e-08 4.10603e-08 6.74933e-08 1.09098e-07 1.73437e-07 2.71206e-07 4.17204e-07 6.31469e-07 9.40529e-07 1.37871e-06 1.98936e-06 2.82588e-06 3.95232e-06 5.44328e-06 7.38298e-06 9.86306e-06 1.29792e-05 1.6826e-05 2.1491e-05 2.7047e-05 3.35436e-05 4.09996e-05 4.93951e-05 5.86653e-05 6.86978e-05 7.93316e-05 9.03606e-05 0.00010154 0.000112598 0.000123245 0.000133189 0.000142147 0.000149863 0.000156112 0.00016071 0.000163523 0.00016447 0.000163523 0.00016071 0.000156112 0.000149863 0.000142147 0.000133189 0.000123245 0.000112598 0.00010154 9.03606e-05 7.93316e-05 6.86978e-05 5.86653e-05 4.93951e-05 4.09996e-05 3.35436e-05 2.7047e-05 2.1491e-05 1.6826e-05 1.29792e-05 9.86306e-06 7.38298e-06 5.44328e-06 3.95232e-06 2.82588e-06 1.98936e-06 1.37871e-06 9.40529e-07 6.31469e-07 4.17204e-07 2.71206e-07 1.73437e-07 1.09098e-07 6.74933e-08 4.10603e-08 2.45611e-08 1.44441e-08 8.35047e-09 4.74537e-09 2.65056e-09 1.45509e-09 7.8507e-10 4.16281e-10 2.16939e-10 1.11138e-10 5.60307e-11 2.79346e-11 1.40744e-11 7.81511e-12 
1.22049e-11 1.57818e-11 2.83241e-11 5.60307e-11 1.12032e-10 2.2153e-10 4.31069e-10 8.24548e-10 1.55001e-09 2.86345e-09 5.19858e-09 9.2755e-09 1.62657e-08 2.80362e-08 4.75024e-08 7.91231e-08 1.29578e-07 2.08666e-07 3.30465e-07 5.14767e-07 7.88813e-07 1.18927e-06 1.76442e-06 2.57632e-06 3.70294e-06 5.23969e-06 7.30027e-06 1.00163e-05 1.35354e-05 1.80169e-05 2.36258e-05 3.05241e-05 3.88593e-05 4.87518e-05 6.02811e-05 7.34715e-05 8.82796e-05 0.000104585 0.000122185 0.000140795 0.000160053 0.000179535 0.000198768 0.000217255 0.000234496 0.00025001 0.000263357 0.000274155 0.000282097 0.000286954 0.000288589 0.000286954 0.000282097 0.000274155 0.000263357 0.00025001 0.000234496 0.000217255 0.000198768 0.000179535 0.000160053 0.000140795 0.000122185 0.000104585 8.82796e-05 7.34715e-05 6.02811e-05 4.87518e-05 3.88593e-05 3.05241e-05 2.36258e-05 1.80169e-05 1.35354e-05 1.00163e-05 7.30027e-06 5.23969e-06 3.70294e-06 2.57632e-06 1.76442e-06 1.18927e-06 7.88813e-07 5.14767e-07 3.30465e-07 2.08666e-07 1.29578e-07 7.91231e-08 4.75024e-08 2.80362e-08 1.62657e-08 9.2755e-09 5.19858e-09 2.86345e-09 1.55001e-09 8.24548e-10 4.31069e-10 2.2153e-10 1.12032e-10 5.60307e-11 2.83241e-11 1.57818e-11 
2.44158e-11 3.15134e-11 5.63663e-11 1.11138e-10 2.2153e-10 4.36705e-10 8.47157e-10 1.61538e-09 3.027e-09 5.57393e-09 1.00862e-08 1.79359e-08 3.13456e-08 5.38414e-08 9.09029e-08 1.50871e-07 2.46178e-07 3.94968e-07 6.23169e-07 9.67039e-07 1.4762e-06 2.21707e-06 3.27656e-06 4.76581e-06 6.82347e-06 9.61825e-06 1.33499e-05 1.82481e-05 2.45686e-05 3.25856e-05 4.25805e-05 5.48265e-05 6.95697e-05 8.70066e-05 0.000107261 0.00013036 0.000156215 0.000184604 0.000215166 0.000247403 0.000280687 0.000314288 0.000347398 0.000379171 0.000408757 0.000435345 0.000458196 0.000476667 0.000490243 0.000498542 0.000501335 0.000498542 0.000490243 0.000476667 0.000458196 0.000435345 0.000408757 0.000379171 0.000347398 0.000314288 0.000280687 0.000247403 0.000215166 0.000184604 0.000156215 0.00013036 0.000107261 8.70066e-05 6.95697e-05 5.48265e-05 4.25805e-05 3.25856e-05 2.45686e-05 1.82481e-05 1.33499e-05 9.61825e-06 6.82347e-06 4.76581e-06 3.27656e-06 2.21707e-06 1.4762e-06 9.67039e-07 6.23169e-07 3.94968e-07 2.46178e-07 1.50871e-07 9.09029e-08 5.38414e-08 3.13456e-08 1.79359e-08 1.00862e-08 5.57393e-09 3.027e-09 1.61538e-09 8.47157e-10 4.36705e-10 2.2153e-10 1.11138e-10 5.63663e-11 3.15134e-11 
4.807e-11 6.19291e-11 1.1039e-10 2.16939e-10 4.31069e-10 8.47157e-10 1.63829e-09 3.11411e-09 5.8168e-09 1.06763e-08 1.92553e-08 3.4126e-08 5.9436e-08 1.01736e-07 1.71157e-07 2.83044e-07 4.60155e-07 7.35531e-07 1.15613e-06 1.78725e-06 2.71776e-06 4.06591e-06 5.98551e-06 8.672e-06 1.23677e-05 1.73657e-05 2.40103e-05 3.26952e-05 4.3855e-05 5.79523e-05 7.54575e-05 9.68227e-05 0.000122448 0.000152648 0.000187606 0.000227345 0.000271687 0.000320235 0.000372357 0.000427196 0.000483685 0.000540589 0.000596553 0.000650163 0.000700008 0.000744742 0.000783144 0.00081416 0.000836939 0.000850859 0.000855541 0.000850859 0.000836939 0.00081416 0.000783144 0.000744742 0.000700008 0.000650163 0.000596553 0.000540589 0.000483685 0.000427196 0.000372357 0.000320235 0.000271687 0.000227345 0.000187606 0.000152648 0.000122448 9.68227e-05 7.54575e-05 5.79523e-05 4.3855e-05 3.26952e-05 2.40103e-05 1.73657e-05 1.23677e-05 8.672e-06 5.98551e-06 4.06591e-06 2.71776e-06 1.78725e-06 1.15613e-06 7.35531e-07 4.60155e-07 2.83044e-07 1.71157e-07 1.01736e-07 5.9436e-08 3.4126e-08 1.92553e-08 1.06763e-08 5.8168e-09 3.11411e-09 1.63829e-09 8.47157e-10 4.31069e-10 2.16939e-10 1.1039e-10 6.19291e-11 
9.30469e-11 1.19649e-10 2.12538e-10 4.16281e-10 8.24548e-10 1.61538e-09 3.11411e-09 5.90056e-09 1.09859e-08 2.00976e-08 3.61258e-08 6.38076e-08 1.10747e-07 1.88895e-07 3.16651e-07 5.2174e-07 8.45067e-07 1.3457e-06 2.10713e-06 3.24481e-06 4.91489e-06 7.32394e-06 1.07389e-05 1.5497e-05 2.20134e-05 3.07867e-05 4.2399e-05 5.75104e-05 7.68444e-05 0.000101164 0.000131239 0.000167798 0.000211478 0.000262761 0.000321916 0.00038893 0.000463468 0.000544828 0.000631931 0.000723332 0.000817254 0.000911656 0.00100431 0.0010929 0.00117514 0.00124885 0.00131205 0.00136304 0.00140047 0.00142332 0.00143101 0.00142332 0.00140047 0.00136304 0.00131205 0.00124885 0.00117514 0.0010929 0.00100431 0.000911656 0.000817254 0.000723332 0.000631931 0.000544828 0.000463468 0.00038893 0.000321916 0.000262761 0.000211478 0.000167798 0.000131239 0.000101164 7.68444e-05 5.75104e-05 4.2399e-05 3.07867e-05 2.20134e-05 1.5497e-05 1.07389e-05 7.32394e-06 4.91489e-06 3.24481e-06 2.10713e-06 1.3457e-06 8.45067e-07 5.2174e-07 3.16651e-07 1.88895e-07 1.10747e-07 6.38076e-08 3.61258e-08 2.00976e-08 1.09859e-08 5.90056e-09 3.11411e-09 1.61538e-09 8.24548e-10 4.16281e-10 2.12538e-10 1.19649e-10 
1.77037e-10 2.2722e-10 4.022e-10 7.8507e-10 1.55001e-09 3.027e-09 5.8168e-09 1.09859e-08 2.0387e-08 3.71713e-08 6.65895e-08 1.17208e-07 2.02716e-07 3.44526e-07 5.75438e-07 9.44627e-07 1.52426e-06 2.41798e-06 3.77144e-06 5.78485e-06 8.72741e-06 1.29529e-05 1.89158e-05 2.71858e-05 3.84601e-05 5.35696e-05 7.34775e-05 9.9267e-05 0.000132116 0.000173255 0.00022391 0.00028523 0.000358199 0.000443537 0.000541607 0.000652313 0.000775034 0.000908563 0.00105109 0.00120024 0.00135311 0.0015064 0.00165654 0.00179982 0.00193259 0.00205142 0.00215318 0.00223521 0.00229537 0.00233209 0.00234444 0.00233209 0.00229537 0.00223521 0.00215318 0.00205142 0.00193259 0.00179982 0.00165654 0.0015064 0.00135311 0.00120024 0.00105109 0.000908563 0.000775034 0.000652313 0.000541607 0.000443537 0.000358199 0.00028523 0.00022391 0.000173255 0.000132116 9.9267e-05 7.34775e-05 5.35696e-05 3.84601e-05 2.71858e-05 1.89158e-05 1.29529e-05 8.72741e-06 5.78485e-06 3.77144e-06 2.41798e-06 1.52426e-06 9.44627e-07 5.75438e-07 3.44526e-07 2.02716e-07 1.17208e-07 6.65895e-08 3.71713e-08 2.0387e-08 1.09859e-08 5.8168e-09 3.027e-09 1.55001e-09 7.8507e-10 4.022e-10 2.2722e-10 
3.31092e-10 4.24128e-10 7.48055e-10 1.45509e-09 2.86345e-09 5.57393e-09 1.06763e-08 2.00976e-08 3.71713e-08 6.75443e-08 1.20583e-07 2.11501e-07 3.64492e-07 6.17223e-07 1.02709e-06 1.67972e-06 2.70004e-06 4.2665e-06 6.62839e-06 1.01263e-05 1.52153e-05 2.24896e-05 3.2707e-05 4.68115e-05 6.59492e-05 9.14761e-05 0.000124951 0.000168114 0.000222838 0.00029106 0.00037469 0.000475488 0.00059493 0.000734052 0.000893307 0.00107242 0.00127026 0.00148482 0.00171313 0.00195134 0.00219484 0.00243841 0.00267643 0.00290312 0.00311282 0.00330021 0.00346047 0.00358952 0.00368409 0.00374179 0.00376118 0.00374179 0.00368409 0.00358952 0.00346047 0.00330021 0.00311282 0.00290312 0.00267643 0.00243841 0.00219484 0.00195134 0.00171313 0.00148482 0.00127026 0.00107242 0.000893307 0.000734052 0.00059493 0.000475488 0.00037469 0.00029106 0.000222838 0.000168114 0.000124951 9.14761e-05 6.59492e-05 4.68115e-05 3.2707e-05 2.24896e-05 1.52153e-05 1.01263e-05 6.62839e-06 4.2665e-06 2.70004e-06 1.67972e-06 1.02709e-06 6.17223e-07 3.64492e-07 2.11501e-07 1.20583e-07 6.75443e-08 3.71713e-08 2.00976e-08 1.06763e-08 5.57393e-09 2.86345e-09 1.45509e-09 7.48055e-10 4.24128e-10 
6.08649e-10 7.78156e-10 1.36747e-09 2.65056e-09 5.19858e-09 1.00862e-08 1.92553e-08 3.61258e-08 6.65895e-08 1.20583e-07 2.14515e-07 3.74915e-07 6.4377e-07 1.08612e-06 1.80058e-06 2.93342e-06 4.69695e-06 7.39261e-06 1.1439e-05 1.74043e-05 2.6043e-05 3.83332e-05 5.5514e-05 7.91168e-05 0.000110987 0.000153291 0.000208499 0.000279339 0.000368723 0.00047963 0.000614955 0.000777324 0.00096888 0.00119105 0.00144434 0.0017281 0.00204039 0.00237787 0.0027358 0.00310812 0.00348763 0.00386626 0.00423538 0.0045862 0.00491012 0.00519908 0.00544589 0.00564442 0.00578977 0.00587841 0.0059082 0.00587841 0.00578977 0.00564442 0.00544589 0.00519908 0.00491012 0.0045862 0.00423538 0.00386626 0.00348763 0.00310812 0.0027358 0.00237787 0.00204039 0.0017281 0.00144434 0.00119105 0.00096888 0.000777324 0.000614955 0.00047963 0.000368723 0.000279339 0.000208499 0.000153291 0.000110987 7.91168e-05 5.5514e-05 3.83332e-05 2.6043e-05 1.74043e-05 1.1439e-05 7.39261e-06 4.69695e-06 2.93342e-06 1.80058e-06 1.08612e-06 6.4377e-07 3.74915e-07 2.14515e-07 1.20583e-07 6.65895e-08 3.61258e-08 1.92553e-08 1.00862e-08 5.19858e-09 2.65056e-09 1.36747e-09 7.78156e-10 
1.09986e-09 1.40338e-09 2.45707e-09 4.74537e-09 9.2755e-09 1.79359e-08 3.4126e-08 6.38076e-08 1.17208e-07 2.11501e-07 3.74915e-07 6.52875e-07 1.11692e-06 1.87732e-06 3.10034e-06 5.0313e-06 8.02422e-06 1.25787e-05 1.93842e-05 2.93707e-05 4.37643e-05 6.41436e-05 9.24934e-05 0.000131248 0.000183318 0.000252089 0.000341386 0.000455396 0.000598539 0.00077528 0.000989896 0.00124619 0.00154717 0.00189471 0.00228924 0.00272942 0.00321199 0.00373156 0.00428072 0.00485013 0.0054288 0.00600455 0.00656444 0.00709538 0.00758464 0.00802036 0.00839197 0.00869053 0.00890894 0.00904205 0.00908677 0.00904205 0.00890894 0.00869053 0.00839197 0.00802036 0.00758464 0.00709538 0.00656444 0.00600455 0.0054288 0.00485013 0.00428072 0.00373156 0.00321199 0.00272942 0.00228924 0.00189471 0.00154717 0.00124619 0.000989896 0.00077528 0.000598539 0.000455396 0.000341386 0.000252089 0.000183318 0.000131248 9.24934e-05 6.41436e-05 4.37643e-05 2.93707e-05 1.93842e-05 1.25787e-05 8.02422e-06 5.0313e-06 3.10034e-06 1.87732e-06 1.11692e-06 6.52875e-07 3.74915e-07 2.11501e-07 1.17208e-07 6.38076e-08 3.4126e-08 1.79359e-08 9.2755e-09 4.74537e-09 2.45707e-09 1.40338e-09 
1.95381e-09 2.488e-09 4.33963e-09 8.35047e-09 1.62657e-08 3.13456e-08 5.9436e-08 1.10747e-07 2.02716e-07 3.64492e-07 6.4377e-07 1.11692e-06 1.90363e-06 3.18741e-06 5.24348e-06 8.47562e-06 1.34631e-05 2.10184e-05 3.22555e-05 4.86671e-05 7.22069e-05 0.000105372 0.000151279 0.000213717 0.000297179 0.000406843 0.000548504 0.000728438 0.00095319 0.00122929 0.00156287 0.00195929 0.0024226 0.0029551 0.0035569 0.00422548 0.00495544 0.00573836 0.00656286 0.00741486 0.008278 0.0091343 0.00996483 0.0107506 0.0114731 0.0121154 0.0126623 0.0131012 0.013422 0.0136174 0.013683 0.0136174 0.013422 0.0131012 0.0126623 0.0121154 0.0114731 0.0107506 0.00996483 0.0091343 0.008278 0.00741486 0.00656286 0.00573836 0.00495544 0.00422548 0.0035569 0.0029551 0.0024226 0.00195929 0.00156287 0.00122929 0.00095319 0.000728438 0.000548504 0.000406843 0.000297179 0.000213717 0.000151279 0.000105372 7.22069e-05 4.86671e-05 3.22555e-05 2.10184e-05 1.34631e-05 8.47562e-06 5.24348e-06 3.18741e-06 1.90363e-06 1.11692e-06 6.4377e-07 3.64492e-07 2.02716e-07 1.10747e-07 5.9436e-08 3.13456e-08 1.62657e-08 8.35047e-09 4.33963e-09 2.488e-09 
3.41218e-09 4.33628e-09 7.53453e-09 1.44441e-08 2.80362e-08 5.38414e-08 1.01736e-07 1.88895e-07 3.44526e-07 6.17223e-07 1.08612e-06 1.87732e-06 3.18741e-06 5.31622e-06 8.71096e-06 1.40239e-05 2.21853e-05 3.44914e-05 5.2708e-05 7.91845e-05 0.000116974 0.000169949 0.0002429 0.000341608 0.00047286 0.000644405 0.000864825 0.00114331 0.0014893 0.00191211 0.00242029 0.00302111 0.00371982 0.004519 0.00541796 0.00641219 0.00749305 0.00864764 0.0098589 0.0111061 0.0123654 0.013611 0.0148156 0.0159525 0.0169956 0.0179211 0.018708 0.0193385 0.0197989 0.0200792 0.0201733 0.0200792 0.0197989 0.0193385 0.018708 0.0179211 0.0169956 0.0159525 0.0148156 0.013611 0.0123654 0.0111061 0.0098589 0.00864764 0.00749305 0.00641219 0.00541796 0.004519 0.00371982 0.00302111 0.00242029 0.00191211 0.0014893 0.00114331 0.000864825 0.000644405 0.00047286 0.000341608 0.0002429 0.000169949 0.000116974 7.91845e-05 5.2708e-05 3.44914e-05 2.21853e-05 1.40239e-05 8.71096e-06 5.31622e-06 3.18741e-06 1.87732e-06 1.08612e-06 6.17223e-07 3.44526e-07 1.88895e-07 1.01736e-07 5.38414e-08 2.80362e-08 1.44441e-08 7.53453e-09 4.33628e-09 
5.85899e-09 7.43043e-09 1.28606e-08 2.45611e-08 4.75024e-08 9.09029e-08 1.71157e-07 3.16651e-07 5.75438e-07 1.02709e-06 1.80058e-06 3.10034e-06 5.24348e-06 8.71096e-06 1.42161e-05 2.27933e-05 3.59081e-05 5.55903e-05 8.45853e-05 0.00012652 0.000186072 0.000269126 0.000382902 0.000536031 0.00073855 0.0010018 0.00133821 0.00176089 0.00228316 0.00291789 0.00367669 0.00456903 0.00560136 0.00677618 0.0080912 0.00953876 0.0111054 0.0127717 0.0145128 0.0162989 0.0180959 0.0198676 0.0215762 0.0231843 0.0246563 0.0259597 0.0270659 0.0279513 0.028597 0.0289897 0.0291215 0.0289897 0.028597 0.0279513 0.0270659 0.0259597 0.0246563 0.0231843 0.0215762 0.0198676 0.0180959 0.0162989 0.0145128 0.0127717 0.0111054 0.00953876 0.0080912 0.00677618 0.00560136 0.00456903 0.00367669 0.00291789 0.00228316 0.00176089 0.00133821 0.0010018 0.00073855 0.000536031 0.000382902 0.000269126 0.000186072 0.00012652 8.45853e-05 5.55903e-05 3.59081e-05 2.27933e-05 1.42161e-05 8.71096e-06 5.24348e-06 3.10034e-06 1.80058e-06 1.02709e-06 5.75438e-07 3.16651e-07 1.71157e-07 9.09029e-08 4.75024e-08 2.45611e-08 1.28606e-08 7.43043e-09 
9.89216e-09 1.25193e-08 2.15831e-08 4.10603e-08 7.91231e-08 1.50871e-07 2.83044e-07 5.2174e-07 9.44627e-07 1.67972e-06 2.93342e-06 5.0313e-06 8.47562e-06 1.40239e-05 2.27933e-05 3.63935e-05 5.70913e-05 8.80046e-05 0.000133321 0.000198533 0.000290665 0.000418483 0.000592647 0.000825776 0.0011324 0.00152875 0.00203238 0.00266158 0.00343465 0.00436885 0.00547939 0.00677818 0.00827258 0.00996425 0.0118481 0.0139116 0.0161343 0.0184879 0.0209367 0.0234386 0.0259467 0.028411 0.0307801 0.0330036 0.035034 0.0368279 0.0383477 0.0395622 0.040447 0.0409848 0.0411652 0.0409848 0.040447 0.0395622 0.0383477 0.0368279 0.035034 0.0330036 0.0307801 0.028411 0.0259467 0.0234386 0.0209367 0.0184879 0.0161343 0.0139116 0.0118481 0.00996425 0.00827258 0.00677818 0.00547939 0.00436885 0.00343465 0.00266158 0.00203238 0.00152875 0.0011324 0.000825776 0.000592647 0.000418483 0.000290665 0.000198533 0.000133321 8.80046e-05 5.70913e-05 3.63935e-05 2.27933e-05 1.40239e-05 8.47562e-06 5.0313e-06 2.93342e-06 1.67972e-06 9.44627e-07 5.2174e-07 2.83044e-07 1.50871e-07 7.91231e-08 4.10603e-08 2.15831e-08 1.25193e-08 
1.6424e-08 2.07422e-08 3.56167e-08 6.74933e-08 1.29578e-07 2.46178e-07 4.60155e-07 8.45067e-07 1.52426e-06 2.70004e-06 4.69695e-06 8.02422e-06 1.34631e-05 2.21853e-05 3.59081e-05 5.70913e-05 8.91754e-05 0.000136861 0.000206414 0.00030599 0.000445935 0.000639048 0.000900746 0.0012491 0.00170467 0.00229019 0.00302987 0.00394859 0.00507075 0.00641888 0.00801218 0.00986485 0.0119845 0.0143707 0.0170138 0.019894 0.0229809 0.0262342 0.0296039 0.0330324 0.036456 0.0398075 0.043019 0.0460243 0.0487613 0.051174 0.0532142 0.0548419 0.0560264 0.0567458 0.0569871 0.0567458 0.0560264 0.0548419 0.0532142 0.051174 0.0487613 0.0460243 0.043019 0.0398075 0.036456 0.0330324 0.0296039 0.0262342 0.0229809 0.019894 0.0170138 0.0143707 0.0119845 0.00986485 0.00801218 0.00641888 0.00507075 0.00394859 0.00302987 0.00229019 0.00170467 0.0012491 0.000900746 0.000639048 0.000445935 0.00030599 0.000206414 0.000136861 8.91754e-05 5.70913e-05 3.59081e-05 2.21853e-05 1.34631e-05 8.02422e-06 4.69695e-06 2.70004e-06 1.52426e-06 8.45067e-07 4.60155e-07 2.46178e-07 1.29578e-07 6.74933e-08 3.56167e-08 2.07422e-08 
2.68185e-08 3.37979e-08 5.78008e-08 1.09098e-07 2.08666e-07 3.94968e-07 7.35531e-07 1.3457e-06 2.41798e-06 4.2665e-06 7.39261e-06 1.25787e-05 2.10184e-05 3.44914e-05 5.55903e-05 8.80046e-05 0.000136861 0.000209111 0.000313958 0.000463278 0.000672014 0.000958479 0.00134452 0.00185545 0.00251979 0.00336859 0.00443448 0.00575043 0.00734804 0.00925577 0.0114968 0.0140872 0.0170333 0.0203309 0.023963 0.0278993 0.0320963 0.0364975 0.0410347 0.0456305 0.0502008 0.0546579 0.058914 0.0628842 0.0664898 0.0696606 0.0723363 0.0744676 0.0760166 0.0769566 0.0772716 0.0769566 0.0760166 0.0744676 0.0723363 0.0696606 0.0664898 0.0628842 0.058914 0.0546579 0.0502008 0.0456305 0.0410347 0.0364975 0.0320963 0.0278993 0.023963 0.0203309 0.0170333 0.0140872 0.0114968 0.00925577 0.00734804 0.00575043 0.00443448 0.00336859 0.00251979 0.00185545 0.00134452 0.000958479 0.000672014 0.000463278 0.000313958 0.000209111 0.000136861 8.80046e-05 5.55903e-05 3.44914e-05 2.10184e-05 1.25787e-05 7.39261e-06 4.2665e-06 2.41798e-06 1.3457e-06 7.35531e-07 3.94968e-07 2.08666e-07 1.09098e-07 5.78008e-08 3.37979e-08 
4.30727e-08 5.41668e-08 9.22584e-08 1.73437e-07 3.30465e-07 6.23169e-07 1.15613e-06 2.10713e-06 3.77144e-06 6.62839e-06 1.1439e-05 1.93842e-05 3.22555e-05 5.2708e-05 8.45853e-05 0.000133321 0.000206414 0.000313958 0.00046921 0.000689139 0.000994905 0.00141219 0.00197132 0.00270705 0.00365799 0.00486564 0.0063729 0.00822222 0.0104534 0.013101 0.0161918 0.0197421 0.0237555 0.0282205 0.0331095 0.038378 0.0439645 0.0497921 0.05577 0.0617968 0.067764 0.0735598 0.0790737 0.0842002 0.0888421 0.0929138 0.0963421 0.0990682 0.101047 0.102246 0.102648 0.102246 0.101047 0.0990682 0.0963421 0.0929138 0.0888421 0.0842002 0.0790737 0.0735598 0.067764 0.0617968 0.05577 0.0497921 0.0439645 0.038378 0.0331095 0.0282205 0.0237555 0.0197421 0.0161918 0.013101 0.0104534 0.00822222 0.0063729 0.00486564 0.00365799 0.00270705 0.00197132 0.00141219 0.000994905 0.000689139 0.00046921 0.000313958 0.000206414 0.000133321 8.45853e-05 5.2708e-05 3.22555e-05 1.93842e-05 1.1439e-05 6.62839e-06 3.77144e-06 2.10713e-06 1.15613e-06 6.23169e-07 3.30465e-07 1.73437e-07 9.22584e-08 5.41668e-08 
6.80509e-08 8.53956e-08 1.44852e-07 2.71206e-07 5.14767e-07 9.67039e-07 1.78725e-06 3.24481e-06 5.78485e-06 1.01263e-05 1.74043e-05 2.93707e-05 4.86671e-05 7.91845e-05 0.00012652 0.000198533 0.00030599 0.000463278 0.000689139 0.00100736 0.00144732 0.00204433 0.00283962 0.00387987 0.00521626 0.00690292 0.0089948 0.0115451 0.0146022 0.0182065 0.022387 0.027158 0.0325169 0.0384414 0.0448888 0.0517951 0.0590761 0.0666294 0.074337 0.0820691 0.0896893 0.097059 0.104043 0.110513 0.116353 0.121461 0.125753 0.129159 0.131627 0.133122 0.133623 0.133122 0.131627 0.129159 0.125753 0.121461 0.116353 0.110513 0.104043 0.097059 0.0896893 0.0820691 0.074337 0.0666294 0.0590761 0.0517951 0.0448888 0.0384414 0.0325169 0.027158 0.022387 0.0182065 0.0146022 0.0115451 0.0089948 0.00690292 0.00521626 0.00387987 0.00283962 0.00204433 0.00144732 0.00100736 0.000689139 0.000463278 0.00030599 0.000198533 0.00012652 7.91845e-05 4.86671e-05 2.93707e-05 1.74043e-05 1.01263e-05 5.78485e-06 3.24481e-06 1.78725e-06 9.67039e-07 5.14767e-07 2.71206e-07 1.44852e-07 8.53956e-08 
1.05774e-07 1.3245e-07 2.23743e-07 4.17204e-07 7.88813e-07 1.4762e-06 2.71776e-06 4.91489e-06 8.72741e-06 1.52153e-05 2.6043e-05 4.37643e-05 7.22069e-05 0.000116974 0.000186072 0.000290665 0.000445935 0.000672014 0.000994905 0.00144732 0.00206927 0.00290834 0.00401944 0.00546397 0.0073082 0.00962108 0.0124712 0.0159231 0.0200337 0.0248477 0.0303939 0.0366814 0.0436967 0.0514018 0.059733 0.0686015 0.0778946 0.0874791 0.0972053 0.106911 0.11643 0.125594 0.134242 0.142223 0.149404 0.155666 0.160914 0.165071 0.168079 0.169899 0.170508 0.169899 0.168079 0.165071 0.160914 0.155666 0.149404 0.142223 0.134242 0.125594 0.11643 0.106911 0.0972053 0.0874791 0.0778946 0.0686015 0.059733 0.0514018 0.0436967 0.0366814 0.0303939 0.0248477 0.0200337 0.0159231 0.0124712 0.00962108 0.0073082 0.00546397 0.00401944 0.00290834 0.00206927 0.00144732 0.000994905 0.000672014 0.000445935 0.000290665 0.000186072 0.000116974 7.22069e-05 4.37643e-05 2.6043e-05 1.52153e-05 8.72741e-06 4.91489e-06 2.71776e-06 1.4762e-06 7.88813e-07 4.17204e-07 2.23743e-07 1.3245e-07 
1.61766e-07 2.0213e-07 3.40043e-07 6.31469e-07 1.18927e-06 2.21707e-06 4.06591e-06 7.32394e-06 1.29529e-05 2.24896e-05 3.83332e-05 6.41436e-05 0.000105372 0.000169949 0.000269126 0.000418483 0.000639048 0.000958479 0.00141219 0.00204433 0.00290834 0.00406708 0.00559222 0.00756271 0.0100625 0.0131772 0.0169901 0.0215771 0.0270023 0.0333121 0.0405314 0.048659 0.057665 0.0674891 0.0780401 0.089198 0.100816 0.112725 0.124739 0.136662 0.148294 0.159439 0.169909 0.179534 0.188161 0.195662 0.201932 0.206887 0.210467 0.212631 0.213355 0.212631 0.210467 0.206887 0.201932 0.195662 0.188161 0.179534 0.169909 0.159439 0.148294 0.136662 0.124739 0.112725 0.100816 0.089198 0.0780401 0.0674891 0.057665 0.048659 0.0405314 0.0333121 0.0270023 0.0215771 0.0169901 0.0131772 0.0100625 0.00756271 0.00559222 0.00406708 0.00290834 0.00204433 0.00141219 0.000958479 0.000639048 0.000418483 0.000269126 0.000169949 0.000105372 6.41436e-05 3.83332e-05 2.24896e-05 1.29529e-05 7.32394e-06 4.06591e-06 2.21707e-06 1.18927e-06 6.31469e-07 3.40043e-07 2.0213e-07 
2.4345e-07 3.0355e-07 5.08558e-07 9.40529e-07 1.76442e-06 3.27656e-06 5.98551e-06 1.07389e-05 1.89158e-05 3.2707e-05 5.5514e-05 9.24934e-05 0.000151279 0.0002429 0.000382902 0.000592647 0.000900746 0.00134452 0.00197132 0.00283962 0.00401944 0.00559222 0.00764951 0.0102908 0.0136198 0.0177403 0.0227502 0.028736 0.0357659 0.0438844 0.0531068 0.0634152 0.0747559 0.087039 0.100139 0.113897 0.128126 0.142618 0.157148 0.171483 0.185391 0.198648 0.211045 0.222391 0.232523 0.241303 0.24862 0.254391 0.258553 0.261065 0.261905 0.261065 0.258553 0.254391 0.24862 0.241303 0.232523 0.222391 0.211045 0.198648 0.185391 0.171483 0.157148 0.142618 0.128126 0.113897 0.100139 0.087039 0.0747559 0.0634152 0.0531068 0.0438844 0.0357659 0.028736 0.0227502 0.0177403 0.0136198 0.0102908 0.00764951 0.00559222 0.00401944 0.00283962 0.00197132 0.00134452 0.000900746 0.000592647 0.000382902 0.0002429 0.000151279 9.24934e-05 5.5514e-05 3.2707e-05 1.89158e-05 1.07389e-05 5.98551e-06 3.27656e-06 1.76442e-06 9.40529e-07 5.08558e-07 3.0355e-07 
3.60574e-07 4.48641e-07 7.48553e-07 1.37871e-06 2.57632e-06 4.76581e-06 8.672e-06 1.5497e-05 2.71858e-05 4.68115e-05 7.91168e-05 0.000131248 0.000213717 0.000341608 0.000536031 0.000825776 0.0012491 0.00185545 0.00270705 0.00387987 0.00546397 0.00756271 0.0102908 0.0137706 0.0181276 0.0234839 0.0299516 0.0376245 0.0465712 0.056828 0.0683938 0.0812259 0.0952383 0.110303 0.126252 0.142882 0.159961 0.177238 0.194446 0.211319 0.227594 0.243022 0.257376 0.270454 0.282085 0.292128 0.300473 0.307038 0.311763 0.314613 0.315565 0.314613 0.311763 0.307038 0.300473 0.292128 0.282085 0.270454 0.257376 0.243022 0.227594 0.211319 0.194446 0.177238 0.159961 0.142882 0.126252 0.110303 0.0952383 0.0812259 0.0683938 0.056828 0.0465712 0.0376245 0.0299516 0.0234839 0.0181276 0.0137706 0.0102908 0.00756271 0.00546397 0.00387987 0.00270705 0.00185545 0.0012491 0.000825776 0.000536031 0.000341608 0.000213717 0.000131248 7.91168e-05 4.68115e-05 2.71858e-05 1.5497e-05 8.672e-06 4.76581e-06 2.57632e-06 1.37871e-06 7.48553e-07 4.48641e-07 
5.25638e-07 6.52657e-07 1.08452e-06 1.98936e-06 3.70294e-06 6.82347e-06 1.23677e-05 2.20134e-05 3.84601e-05 6.59492e-05 0.000110987 0.000183318 0.000297179 0.00047286 0.00073855 0.0011324 0.00170467 0.00251979 0.00365799 0.00521626 0.0073082 0.0100625 0.0136198 0.0181276 0.0237337 0.0305781 0.0387842 0.0484492 0.0596359 0.0723648 0.0866094 0.102293 0.119287 0.137417 0.156466 0.176178 0.196275 0.216458 0.236424 0.255871 0.274513 0.292083 0.308341 0.323083 0.336136 0.347364 0.356663 0.363959 0.369201 0.372357 0.373411 0.372357 0.369201 0.363959 0.356663 0.347364 0.336136 0.323083 0.308341 0.292083 0.274513 0.255871 0.236424 0.216458 0.196275 0.176178 0.156466 0.137417 0.119287 0.102293 0.0866094 0.0723648 0.0596359 0.0484492 0.0387842 0.0305781 0.0237337 0.0181276 0.0136198 0.0100625 0.0073082 0.00521626 0.00365799 0.00251979 0.00170467 0.0011324 0.00073855 0.00047286 0.000297179 0.000183318 0.000110987 6.59492e-05 3.84601e-05 2.20134e-05 1.23677e-05 6.82347e-06 3.70294e-06 1.98936e-06 1.08452e-06 6.52657e-07 
7.54277e-07 9.34623e-07 1.54681e-06 2.82588e-06 5.23969e-06 9.61825e-06 1.73657e-05 3.07867e-05 5.35696e-05 9.14761e-05 0.000153291 0.000252089 0.000406843 0.000644405 0.0010018 0.00152875 0.00229019 0.00336859 0.00486564 0.00690292 0.00962108 0.0131772 0.0177403 0.0234839 0.0305781 0.0391784 0.0494153 0.0613834 0.0751312 0.0906544 0.107891 0.126718 0.146957 0.168377 0.190703 0.213627 0.236816 0.259931 0.282631 0.304588 0.325496 0.34508 0.3631 0.379353 0.393677 0.405948 0.416076 0.423999 0.42968 0.433095 0.434235 0.433095 0.42968 0.423999 0.416076 0.405948 0.393677 0.379353 0.3631 0.34508 0.325496 0.304588 0.282631 0.259931 0.236816 0.213627 0.190703 0.168377 0.146957 0.126718 0.107891 0.0906544 0.0751312 0.0613834 0.0494153 0.0391784 0.0305781 0.0234839 0.0177403 0.0131772 0.00962108 0.00690292 0.00486564 0.00336859 0.00229019 0.00152875 0.0010018 0.000644405 0.000406843 0.000252089 0.000153291 9.14761e-05 5.35696e-05 3.07867e-05 1.73657e-05 9.61825e-06 5.23969e-06 2.82588e-06 1.54681e-06 9.34623e-07 
1.06554e-06 1.31764e-06 2.17207e-06 3.95232e-06 7.30027e-06 1.33499e-05 2.40103e-05 4.2399e-05 7.34775e-05 0.000124951 0.000208499 0.000341386 0.000548504 0.000864825 0.00133821 0.00203238 0.00302987 0.00443448 0.0063729 0.0089948 0.0124712 0.0169901 0.0227502 0.0299516 0.0387842 0.0494153 0.0619766 0.0765515 0.0931649 0.111776 0.132275 0.154485 0.178165 0.203019 0.228711 0.254874 0.281128 0.30709 0.33239 0.356683 0.379654 0.401028 0.420575 0.438107 0.45348 0.466593 0.477375 0.485784 0.4918 0.495411 0.496614 0.495411 0.4918 0.485784 0.477375 0.466593 0.45348 0.438107 0.420575 0.401028 0.379654 0.356683 0.33239 0.30709 0.281128 0.254874 0.228711 0.203019 0.178165 0.154485 0.132275 0.111776 0.0931649 0.0765515 0.0619766 0.0494153 0.0387842 0.0299516 0.0227502 0.0169901 0.0124712 0.0089948 0.0063729 0.00443448 0.00302987 0.00203238 0.00133821 0.000864825 0.000548504 0.000341386 0.000208499 0.000124951 7.34775e-05 4.2399e-05 2.40103e-05 1.33499e-05 7.30027e-06 3.95232e-06 2.17207e-06 1.31764e-06 
1.48195e-06 1.82897e-06 3.00325e-06 5.44328e-06 1.00163e-05 1.82481e-05 3.26952e-05 5.75104e-05 9.9267e-05 0.000168114 0.000279339 0.000455396 0.000728438 0.00114331 0.00176089 0.00266158 0.00394859 0.00575043 0.00822222 0.0115451 0.0159231 0.0215771 0.028736 0.0376245 0.0484492 0.0613834 0.0765515 0.094016 0.113766 0.135714 0.15969 0.185449 0.21268 0.241018 0.27006 0.299383 0.328558 0.357169 0.384826 0.411175 0.435906 0.458756 0.479516 0.498025 0.514169 0.527872 0.539095 0.547819 0.554044 0.557775 0.559017 0.557775 0.554044 0.547819 0.539095 0.527872 0.514169 0.498025 0.479516 0.458756 0.435906 0.411175 0.384826 0.357169 0.328558 0.299383 0.27006 0.241018 0.21268 0.185449 0.15969 0.135714 0.113766 0.094016 0.0765515 0.0613834 0.0484492 0.0376245 0.028736 0.0215771 0.0159231 0.0115451 0.00822222 0.00575043 0.00394859 0.00266158 0.00176089 0.00114331 0.000728438 0.000455396 0.000279339 0.000168114 9.9267e-05 5.75104e-05 3.26952e-05 1.82481e-05 1.00163e-05 5.44328e-06 3.00325e-06 1.82897e-06 
2.0294e-06 2.4998e-06 4.08919e-06 7.38298e-06 1.35354e-05 2.45686e-05 4.3855e-05 7.68444e-05 0.000132116 0.000222838 0.000368723 0.000598539 0.00095319 0.0014893 0.00228316 0.00343465 0.00507075 0.00734804 0.0104534 0.0146022 0.0200337 0.0270023 0.0357659 0.0465712 0.0596359 0.0751312 0.0931649 0.113766 0.136878 0.162349 0.18994 0.219329 0.250126 0.281893 0.31416 0.346449 0.378291 0.409247 0.438916 0.466949 0.493052 0.516991 0.538588 0.55772 0.57431 0.588321 0.599746 0.608595 0.614892 0.618659 0.619913 0.618659 0.614892 0.608595 0.599746 0.588321 0.57431 0.55772 0.538588 0.516991 0.493052 0.466949 0.438916 0.409247 0.378291 0.346449 0.31416 0.281893 0.250126 0.219329 0.18994 0.162349 0.136878 0.113766 0.0931649 0.0751312 0.0596359 0.0465712 0.0357659 0.0270023 0.0200337 0.0146022 0.0104534 0.00734804 0.00507075 0.00343465 0.00228316 0.0014893 0.00095319 0.000598539 0.000368723 0.000222838 0.000132116 7.68444e-05 4.3855e-05 2.45686e-05 1.35354e-05 7.38298e-06 4.08919e-06 2.4998e-06 
2.73651e-06 3.36455e-06 5.48341e-06 9.86306e-06 1.80169e-05 3.25856e-05 5.79523e-05 0.000101164 0.000173255 0.00029106 0.00047963 0.00077528 0.00122929 0.00191211 0.00291789 0.00436885 0.00641888 0.00925577 0.013101 0.0182065 0.0248477 0.0333121 0.0438844 0.056828 0.0723648 0.0906544 0.111776 0.135714 0.162349 0.191457 0.222717 0.255721 0.289997 0.325031 0.360289 0.395245 0.429401 0.462302 0.493553 0.522824 0.549851 0.57444 0.596459 0.61583 0.632523 0.646543 0.657921 0.666701 0.67293 0.676649 0.677885 0.676649 0.67293 0.666701 0.657921 0.646543 0.632523 0.61583 0.596459 0.57444 0.549851 0.522824 0.493553 0.462302 0.429401 0.395245 0.360289 0.325031 0.289997 0.255721 0.222717 0.191457 0.162349 0.135714 0.111776 0.0906544 0.0723648 0.056828 0.0438844 0.0333121 0.0248477 0.0182065 0.013101 0.00925577 0.00641888 0.00436885 0.00291789 0.00191211 0.00122929 0.00077528 0.00047963 0.00029106 0.000173255 0.000101164 5.79523e-05 3.25856e-05 1.80169e-05 9.86306e-06 5.48341e-06 3.36455e-06 
3.63377e-06 4.4597e-06 7.24223e-06 1.29792e-05 2.36258e-05 4.25805e-05 7.54575e-05 0.000131239 0.00022391 0.00037469 0.000614955 0.000989896 0.00156287 0.00242029 0.00367669 0.00547939 0.00801218 0.0114968 0.0161918 0.022387 0.0303939 0.0405314 0.0531068 0.0683938 0.0866094 0.107891 0.132275 0.15969 0.18994 0.222717 0.257608 0.294116 0.331681 0.369718 0.407635 0.444867 0.480898 0.515274 0.547619 0.577635 0.605105 0.629884 0.651896 0.671118 0.687571 0.701308 0.712399 0.720921 0.726948 0.730539 0.731731 0.730539 0.726948 0.720921 0.712399 0.701308 0.687571 0.671118 0.651896 0.629884 0.605105 0.577635 0.547619 0.515274 0.480898 0.444867 0.407635 0.369718 0.331681 0.294116 0.257608 0.222717 0.18994 0.15969 0.132275 0.107891 0.0866094 0.0683938 0.0531068 0.0405314 0.0303939 0.022387 0.0161918 0.0114968 0.00801218 0.00547939 0.00367669 0.00242029 0.00156287 0.000989896 0.000614955 0.00037469 0.00022391 0.000131239 7.54575e-05 4.25805e-05 2.36258e-05 1.29792e-05 7.24223e-06 4.4597e-06 
4.752e-06 5.82202e-06 9.42191e-06 1.6826e-05 3.05241e-05 5.48265e-05 9.68227e-05 0.000167798 0.00028523 0.000475488 0.000777324 0.00124619 0.00195929 0.00302111 0.00456903 0.00677818 0.00986485 0.0140872 0.0197421 0.027158 0.0366814 0.048659 0.0634152 0.0812259 0.102293 0.126718 0.154485 0.185449 0.219329 0.255721 0.294116 0.33392 0.374494 0.415181 0.455343 0.49439 0.531799 0.567136 0.600055 0.630308 0.657733 0.682249 0.703841 0.722546 0.738441 0.751626 0.762213 0.77031 0.776017 0.779408 0.780533 0.779408 0.776017 0.77031 0.762213 0.751626 0.738441 0.722546 0.703841 0.682249 0.657733 0.630308 0.600055 0.567136 0.531799 0.49439 0.455343 0.415181 0.374494 0.33392 0.294116 0.255721 0.219329 0.185449 0.154485 0.126718 0.102293 0.0812259 0.0634152 0.048659 0.0366814 0.027158 0.0197421 0.0140872 0.00986485 0.00677818 0.00456903 0.00302111 0.00195929 0.00124619 0.000777324 0.000475488 0.00028523 0.000167798 9.68227e-05 5.48265e-05 3.05241e-05 1.6826e-05 9.42191e-06 5.82202e-06 
6.12048e-06 7.48625e-06 1.20751e-05 2.1491e-05 3.88593e-05 6.95697e-05 0.000122448 0.000211478 0.000358199 0.00059493 0.00096888 0.00154717 0.0024226 0.00371982 0.00560136 0.00827258 0.0119845 0.0170333 0.0237555 0.0325169 0.0436967 0.057665 0.0747559 0.0952383 0.119287 0.146957 0.178165 0.21268 0.250126 0.289997 0.331681 0.374494 0.417715 0.46063 0.502567 0.542921 0.581184 0.61695 0.649925 0.67992 0.70684 0.730673 0.751471 0.769334 0.784394 0.7968 0.806701 0.814236 0.819526 0.822662 0.8237 0.822662 0.819526 0.814236 0.806701 0.7968 0.784394 0.769334 0.751471 0.730673 0.70684 0.67992 0.649925 0.61695 0.581184 0.542921 0.502567 0.46063 0.417715 0.374494 0.331681 0.289997 0.250126 0.21268 0.178165 0.146957 0.119287 0.0952383 0.0747559 0.057665 0.0436967 0.0325169 0.0237555 0.0170333 0.0119845 0.00827258 0.00560136 0.00371982 0.0024226 0.00154717 0.00096888 0.00059493 0.000358199 0.000211478 0.000122448 6.95697e-05 3.88593e-05 2.1491e-05 1.20751e-05 7.48625e-06 
7.76457e-06 9.48227e-06 1.52462e-05 2.7047e-05 4.87518e-05 8.70066e-05 0.000152648 0.000262761 0.000443537 0.000734052 0.00119105 0.00189471 0.0029551 0.004519 0.00677618 0.00996425 0.0143707 0.0203309 0.0282205 0.0384414 0.0514018 0.0674891 0.087039 0.110303 0.137417 0.168377 0.203019 0.241018 0.281893 0.325031 0.369718 0.415181 0.46063 0.505305 0.548512 0.589651 0.62824 0.663923 0.696465 0.725748 0.751751 0.774537 0.794226 0.810982 0.824989 0.836439 0.845517 0.852389 0.857192 0.860032 0.860971 0.860032 0.857192 0.852389 0.845517 0.836439 0.824989 0.810982 0.794226 0.774537 0.751751 0.725748 0.696465 0.663923 0.62824 0.589651 0.548512 0.505305 0.46063 0.415181 0.369718 0.325031 0.281893 0.241018 0.203019 0.168377 0.137417 0.110303 0.087039 0.0674891 0.0514018 0.0384414 0.0282205 0.0203309 0.0143707 0.00996425 0.00677618 0.004519 0.0029551 0.00189471 0.00119105 0.000734052 0.000443537 0.000262761 0.000152648 8.70066e-05 4.87518e-05 2.7047e-05 1.52462e-05 9.48227e-06 
9.70303e-06 1.18319e-05 1.89669e-05 3.35436e-05 6.02811e-05 0.000107261 0.000187606 0.000321916 0.000541607 0.000893307 0.00144434 0.00228924 0.0035569 0.00541796 0.0080912 0.0118481 0.0170138 0.023963 0.0331095 0.0448888 0.059733 0.0780401 0.100139 0.126252 0.156466 0.190703 0.228711 0.27006 0.31416 0.360289 0.407635 0.455343 0.502567 0.548512 0.592479 0.633891 0.672309 0.707435 0.739109 0.767289 0.792035 0.813482 0.831822 0.847274 0.860073 0.870449 0.878616 0.884762 0.889037 0.891557 0.892389 0.891557 0.889037 0.884762 0.878616 0.870449 0.860073 0.847274 0.831822 0.813482 0.792035 0.767289 0.739109 0.707435 0.672309 0.633891 0.592479 0.548512 0.502567 0.455343 0.407635 0.360289 0.31416 0.27006 0.228711 0.190703 0.156466 0.126252 0.100139 0.0780401 0.059733 0.0448888 0.0331095 0.023963 0.0170138 0.0118481 0.0080912 0.00541796 0.0035569 0.00228924 0.00144434 0.000893307 0.000541607 0.000321916 0.000187606 0.000107261 6.02811e-05 3.35436e-05 1.89669e-05 1.18319e-05 
1.19453e-05 1.45456e-05 2.32509e-05 4.09996e-05 7.34715e-05 0.00013036 0.000227345 0.00038893 0.000652313 0.00107242 0.0017281 0.00272942 0.00422548 0.00641219 0.00953876 0.0139116 0.019894 0.0278993 0.038378 0.0517951 0.0686015 0.089198 0.113897 0.142882 0.176178 0.213627 0.254874 0.299383 0.346449 0.395245 0.444867 0.49439 0.542921 0.589651 0.633891 0.675102 0.7129 0.747061 0.777503 0.804268 0.827496 0.847397 0.864222 0.878249 0.889751 0.898993 0.906209 0.911603 0.915337 0.917529 0.918252 0.917529 0.915337 0.911603 0.906209 0.898993 0.889751 0.878249 0.864222 0.847397 0.827496 0.804268 0.777503 0.747061 0.7129 0.675102 0.633891 0.589651 0.542921 0.49439 0.444867 0.395245 0.346449 0.299383 0.254874 0.213627 0.176178 0.142882 0.113897 0.089198 0.0686015 0.0517951 0.038378 0.0278993 0.019894 0.0139116 0.00953876 0.00641219 0.00422548 0.00272942 0.0017281 0.00107242 0.000652313 0.00038893 0.000227345 0.00013036 7.34715e-05 4.09996e-05 2.32509e-05 1.45456e-05 
1.44888e-05 1.76196e-05 2.80893e-05 4.93951e-05 8.82796e-05 0.000156215 0.000271687 0.000463468 0.000775034 0.00127026 0.00204039 0.00321199 0.00495544 0.00749305 0.0111054 0.0161343 0.0229809 0.0320963 0.0439645 0.0590761 0.0778946 0.100816 0.128126 0.159961 0.196275 0.236816 0.281128 0.328558 0.378291 0.429401 0.480898 0.531799 0.581184 0.62824 0.672309 0.7129 0.7497 0.782563 0.811495 0.83662 0.858157 0.876383 0.891611 0.904159 0.914339 0.922438 0.928707 0.933359 0.936561 0.938434 0.93905 0.938434 0.936561 0.933359 0.928707 0.922438 0.914339 0.904159 0.891611 0.876383 0.858157 0.83662 0.811495 0.782563 0.7497 0.7129 0.672309 0.62824 0.581184 0.531799 0.480898 0.429401 0.378291 0.328558 0.281128 0.236816 0.196275 0.159961 0.128126 0.100816 0.0778946 0.0590761 0.0439645 0.0320963 0.0229809 0.0161343 0.0111054 0.00749305 0.00495544 0.00321199 0.00204039 0.00127026 0.000775034 0.000463468 0.000271687 0.000156215 8.82796e-05 4.93951e-05 2.80893e-05 1.76196e-05 
