2.62847e-24 6.05286e-24 2.45863e-23 1.01325e-22 4.06141e-22 1.57953e-21 5.95829e-21 2.17953e-20 7.72975e-20 2.65736e-19 8.85417e-19 2.85893e-18 8.94484e-18 2.71163e-17 7.96461e-17 2.26664e-16 6.25043e-16 1.67026e-15 4.32578e-15 1.08596e-14 2.64305e-14 6.23761e-14 1.42766e-13 3.16949e-13 6.82606e-13 1.42629e-12 2.89152e-12 5.68773e-12 1.08552e-11 2.01005e-11 3.61089e-11 6.29241e-11 1.06355e-10 1.74324e-10 2.77033e-10 4.26741e-10 6.3699e-10 9.2109e-10 1.28988e-09 1.74899e-09 2.29605e-09 2.91881e-09 3.59468e-09 4.29247e-09 4.97608e-09 5.60936e-09 6.16082e-09 6.60679e-09 6.93226e-09 7.12949e-09 7.19547e-09 7.12949e-09 6.93226e-09 6.60679e-09 6.16082e-09 5.60936e-09 4.97608e-09 4.29247e-09 3.59468e-09 2.91881e-09 2.29605e-09 1.74899e-09 1.28988e-09 9.2109e-10 6.3699e-10 4.26741e-10 2.77033e-10 1.74324e-10 1.06355e-10 6.29241e-11 3.61089e-11 2.01005e-11 1.08552e-11 5.68773e-12 2.89152e-12 1.42629e-12 6.82606e-13 3.16949e-13 1.42766e-13 6.23761e-14 2.64305e-14 1.08596e-14 4.32578e-15 1.67026e-15 6.25043e-16 2.26664e-16 7.96461e-17 2.71163e-17 8.94484e-18 2.85893e-18 8.85417e-19 2.65736e-19 7.72975e-20 2.17953e-20 5.95829e-21 1.57953e-21 4.06141e-22 1.01325e-22 2.45863e-23 6.05286e-24 
6.05286e-24 1.38613e-23 5.59319e-23 2.29105e-22 9.12837e-22 3.52906e-21 1.32337e-20 4.81235e-20 1.69667e-19 5.79849e-19 1.92061e-18 6.16463e-18 1.91722e-17 5.77697e-17 1.68647e-16 4.76993e-16 1.30714e-15 3.47095e-15 8.932e-15 2.22788e-14 5.38715e-14 1.26309e-13 2.87208e-13 6.33476e-13 1.3555e-12 2.81422e-12 5.66951e-12 1.10836e-11 2.10267e-11 3.87085e-11 6.91456e-11 1.19842e-10 2.01509e-10 3.28663e-10 5.19871e-10 7.97309e-10 1.18529e-09 1.70753e-09 2.38308e-09 3.22142e-09 4.21763e-09 5.34895e-09 6.57425e-09 7.83713e-09 9.0726e-09 1.02158e-08 1.12105e-08 1.20144e-08 1.26008e-08 1.2956e-08 1.30748e-08 1.2956e-08 1.26008e-08 1.20144e-08 1.12105e-08 1.02158e-08 9.0726e-09 7.83713e-09 6.57425e-09 5.34895e-09 4.21763e-09 3.22142e-09 2.38308e-09 1.70753e-09 1.18529e-09 7.97309e-10 5.19871e-10 3.28663e-10 2.01509e-10 1.19842e-10 6.91456e-11 3.87085e-11 2.10267e-11 1.10836e-11 5.66951e-12 2.81422e-12 1.3555e-12 6.33476e-13 2.87208e-13 1.26309e-13 5.38715e-14 2.22788e-14 8.932e-15 3.47095e-15 1.30714e-15 4.76993e-16 1.68647e-16 5.77697e-17 1.91722e-17 6.16463e-18 1.92061e-18 5.79849e-19 1.69667e-19 4.81235e-20 1.32337e-20 3.52906e-21 9.12837e-22 2.29105e-22 5.59319e-23 1.38613e-23 
2.45863e-23 5.59319e-23 2.23906e-22 9.10468e-22 3.60157e-21 1.38242e-20 5.14697e-20 1.85831e-19 6.5049e-19 2.20715e-18 7.25785e-18 2.31261e-17 7.13939e-17 2.13523e-16 6.18635e-16 1.73631e-15 4.72112e-15 1.24373e-14 3.17486e-14 7.85448e-14 1.88361e-13 4.37961e-13 9.87529e-13 2.15986e-12 4.58295e-12 9.43585e-12 1.88532e-11 3.65593e-11 6.8808e-11 1.25693e-10 2.22847e-10 3.83445e-10 6.40266e-10 1.03735e-09 1.63054e-09 2.48589e-09 3.67517e-09 5.26747e-09 7.31725e-09 9.84998e-09 1.28481e-08 1.62416e-08 1.99065e-08 2.36748e-08 2.7354e-08 3.07531e-08 3.37069e-08 3.60919e-08 3.78305e-08 3.88834e-08 3.92355e-08 3.88834e-08 3.78305e-08 3.60919e-08 3.37069e-08 3.07531e-08 2.7354e-08 2.36748e-08 1.99065e-08 1.62416e-08 1.28481e-08 9.84998e-09 7.31725e-09 5.26747e-09 3.67517e-09 2.48589e-09 1.63054e-09 1.03735e-09 6.40266e-10 3.83445e-10 2.22847e-10 1.25693e-10 6.8808e-11 3.65593e-11 1.88532e-11 9.43585e-12 4.58295e-12 2.15986e-12 9.87529e-13 4.37961e-13 1.88361e-13 7.85448e-14 3.17486e-14 1.24373e-14 4.72112e-15 1.73631e-15 6.18635e-16 2.13523e-16 7.13939e-17 2.31261e-17 7.25785e-18 2.20715e-18 6.5049e-19 1.85831e-19 5.14697e-20 1.38242e-20 3.60157e-21 9.10468e-22 2.23906e-22 5.59319e-23 
1.01325e-22 2.29105e-22 9.10468e-22 3.67738e-21 1.44506e-20 5.5102e-20 2.03807e-19 7.31016e-19 2.54207e-18 8.56849e-18 2.79892e-17 8.85873e-17 2.71635e-16 8.06841e-16 2.32141e-15 6.46954e-15 1.74649e-14 4.56738e-14 1.15726e-13 2.84145e-13 6.76206e-13 1.5601e-12 3.49034e-12 7.57406e-12 1.59454e-11 3.25742e-11 6.45827e-11 1.24284e-10 2.3217e-10 4.21027e-10 7.41186e-10 1.26662e-09 2.10109e-09 3.38281e-09 5.28552e-09 8.01302e-09 1.17845e-08 1.68085e-08 2.32463e-08 3.11679e-08 4.0511e-08 5.10523e-08 6.24057e-08 7.40522e-08 8.5402e-08 9.58715e-08 1.04958e-07 1.12288e-07 1.17629e-07 1.20861e-07 1.21942e-07 1.20861e-07 1.17629e-07 1.12288e-07 1.04958e-07 9.58715e-08 8.5402e-08 7.40522e-08 6.24057e-08 5.10523e-08 4.0511e-08 3.11679e-08 2.32463e-08 1.68085e-08 1.17845e-08 8.01302e-09 5.28552e-09 3.38281e-09 2.10109e-09 1.26662e-09 7.41186e-10 4.21027e-10 2.3217e-10 1.24284e-10 6.45827e-11 3.25742e-11 1.59454e-11 7.57406e-12 3.49034e-12 1.5601e-12 6.76206e-13 2.84145e-13 1.15726e-13 4.56738e-14 1.74649e-14 6.46954e-15 2.32141e-15 8.06841e-16 2.71635e-16 8.85873e-17 2.79892e-17 8.56849e-18 2.54207e-18 7.31016e-19 2.03807e-19 5.5102e-20 1.44506e-20 3.67738e-21 9.10468e-22 2.29105e-22 
4.06141e-22 9.12837e-22 3.60157e-21 1.44506e-20 5.64151e-20 2.13725e-19 7.85399e-19 2.79888e-18 9.66998e-18 3.23827e-17 1.05088e-16 3.30417e-16 1.00641e-15 2.96919e-15 8.48435e-15 2.34804e-14 6.29373e-14 1.63403e-13 4.10979e-13 1.00152e-12 2.36527e-12 5.41488e-12 1.20199e-11 2.58785e-11 5.40521e-11 1.09554e-10 2.15514e-10 4.1155e-10 7.62996e-10 1.37344e-09 2.40049e-09 4.07377e-09 6.7125e-09 1.07383e-08 1.66763e-08 2.51372e-08 3.67709e-08 5.21879e-08 7.18497e-08 9.5941e-08 1.24248e-07 1.56081e-07 1.90268e-07 2.25255e-07 2.59282e-07 2.9062e-07 3.17784e-07 3.39676e-07 3.55614e-07 3.65257e-07 3.6848e-07 3.65257e-07 3.55614e-07 3.39676e-07 3.17784e-07 2.9062e-07 2.59282e-07 2.25255e-07 1.90268e-07 1.56081e-07 1.24248e-07 9.5941e-08 7.18497e-08 5.21879e-08 3.67709e-08 2.51372e-08 1.66763e-08 1.07383e-08 6.7125e-09 4.07377e-09 2.40049e-09 1.37344e-09 7.62996e-10 4.1155e-10 2.15514e-10 1.09554e-10 5.40521e-11 2.58785e-11 1.20199e-11 5.41488e-12 2.36527e-12 1.00152e-12 4.10979e-13 1.63403e-13 6.29373e-14 2.34804e-14 8.48435e-15 2.96919e-15 1.00641e-15 3.30417e-16 1.05088e-16 3.23827e-17 9.66998e-18 2.79888e-18 7.85399e-19 2.13725e-19 5.64151e-20 1.44506e-20 3.60157e-21 9.12837e-22 
1.57953e-21 3.52906e-21 1.38242e-20 5.5102e-20 2.13725e-19 8.04461e-19 2.93723e-18 1.03999e-17 3.56998e-17 1.18778e-16 3.82948e-16 1.19616e-15 3.61917e-15 1.06057e-14 3.00982e-14 8.27171e-14 2.20144e-13 5.67421e-13 1.41659e-12 3.4261e-12 8.02923e-12 1.82381e-11 4.01646e-11 8.57824e-11 1.77735e-10 3.57348e-10 6.97363e-10 1.32119e-09 2.4304e-09 4.34161e-09 7.53207e-09 1.26907e-08 2.07665e-08 3.30012e-08 5.09276e-08 7.631e-08 1.11006e-07 1.56737e-07 2.14771e-07 2.85563e-07 3.68414e-07 4.61261e-07 5.6068e-07 6.62166e-07 7.60661e-07 8.51215e-07 9.296e-07 9.92706e-07 1.03861e-06 1.06637e-06 1.07565e-06 1.06637e-06 1.03861e-06 9.92706e-07 9.296e-07 8.51215e-07 7.60661e-07 6.62166e-07 5.6068e-07 4.61261e-07 3.68414e-07 2.85563e-07 2.14771e-07 1.56737e-07 1.11006e-07 7.631e-08 5.09276e-08 3.30012e-08 2.07665e-08 1.26907e-08 7.53207e-09 4.34161e-09 2.4304e-09 1.32119e-09 6.97363e-10 3.57348e-10 1.77735e-10 8.57824e-11 4.01646e-11 1.82381e-11 8.02923e-12 3.4261e-12 1.41659e-12 5.67421e-13 2.20144e-13 8.27171e-14 3.00982e-14 1.06057e-14 3.61917e-15 1.19616e-15 3.82948e-16 1.18778e-16 3.56998e-17 1.03999e-17 2.93723e-18 8.04461e-19 2.13725e-19 5.5102e-20 1.38242e-20 3.52906e-21 
5.95829e-21 1.32337e-20 5.14697e-20 2.03807e-19 7.85399e-19 2.93723e-18 1.06555e-17 3.74861e-17 1.27851e-16 4.22632e-16 1.35374e-15 4.20076e-15 1.26258e-14 3.675e-14 1.03581e-13 2.82682e-13 7.46984e-13 1.91136e-12 4.73636e-12 1.13682e-11 2.64353e-11 5.95723e-11 1.30139e-10 2.75688e-10 5.66527e-10 1.12968e-09 2.1865e-09 4.10878e-09 7.49778e-09 1.32886e-08 2.28772e-08 3.82589e-08 6.21559e-08 9.80962e-08 1.50391e-07 2.23951e-07 3.23886e-07 4.54856e-07 6.20199e-07 8.20943e-07 1.0549e-06 1.31613e-06 1.59497e-06 1.87884e-06 2.15373e-06 2.40598e-06 2.62402e-06 2.79936e-06 2.9268e-06 3.00383e-06 3.02956e-06 3.00383e-06 2.9268e-06 2.79936e-06 2.62402e-06 2.40598e-06 2.15373e-06 1.87884e-06 1.59497e-06 1.31613e-06 1.0549e-06 8.20943e-07 6.20199e-07 4.54856e-07 3.23886e-07 2.23951e-07 1.50391e-07 9.80962e-08 6.21559e-08 3.82589e-08 2.28772e-08 1.32886e-08 7.49778e-09 4.10878e-09 2.1865e-09 1.12968e-09 5.66527e-10 2.75688e-10 1.30139e-10 5.95723e-11 2.64353e-11 1.13682e-11 4.73636e-12 1.91136e-12 7.46984e-13 2.82682e-13 1.03581e-13 3.675e-14 1.26258e-14 4.20076e-15 1.35374e-15 4.22632e-16 1.27851e-16 3.74861e-17 1.06555e-17 2.93723e-18 7.85399e-19 2.03807e-19 5.14697e-20 1.32337e-20 
2.17953e-20 4.81235e-20 1.85831e-19 7.31016e-19 2.79888e-18 1.03999e-17 3.74861e-17 1.3103e-16 4.44022e-16 1.45831e-15 4.64077e-15 1.43062e-14 4.27134e-14 1.23489e-13 3.45675e-13 9.36795e-13 2.45782e-12 6.24312e-12 1.53549e-11 3.65727e-11 8.43791e-11 1.88628e-10 4.08708e-10 8.58643e-10 1.74971e-09 3.45963e-09 6.63977e-09 1.23727e-08 2.23912e-08 3.93622e-08 6.7226e-08 1.11558e-07 1.79887e-07 2.81869e-07 4.2918e-07 6.34971e-07 9.12747e-07 1.27461e-06 1.72895e-06 2.27783e-06 2.91472e-06 3.62309e-06 4.37666e-06 5.14163e-06 5.88062e-06 6.55743e-06 7.14151e-06 7.61061e-06 7.95128e-06 8.15706e-06 8.22579e-06 8.15706e-06 7.95128e-06 7.61061e-06 7.14151e-06 6.55743e-06 5.88062e-06 5.14163e-06 4.37666e-06 3.62309e-06 2.91472e-06 2.27783e-06 1.72895e-06 1.27461e-06 9.12747e-07 6.34971e-07 4.2918e-07 2.81869e-07 1.79887e-07 1.11558e-07 6.7226e-08 3.93622e-08 2.23912e-08 1.23727e-08 6.63977e-09 3.45963e-09 1.74971e-09 8.58643e-10 4.08708e-10 1.88628e-10 8.43791e-11 3.65727e-11 1.53549e-11 6.24312e-12 2.45782e-12 9.36795e-13 3.45675e-13 1.23489e-13 4.27134e-14 1.43062e-14 4.64077e-15 1.45831e-15 4.44022e-16 1.3103e-16 3.74861e-17 1.03999e-17 2.79888e-18 7.31016e-19 1.85831e-19 4.81235e-20 
7.72975e-20 1.69667e-19 6.5049e-19 2.54207e-18 9.66998e-18 3.56998e-17 1.27851e-16 4.44022e-16 1.49496e-15 4.87817e-15 1.54227e-14 4.72316e-14 1.40079e-13 4.02253e-13 1.11827e-12 3.00933e-12 7.83888e-12 1.97656e-11 4.82476e-11 1.14031e-10 2.61006e-10 5.78745e-10 1.24361e-09 2.59063e-09 5.23394e-09 1.02596e-08 1.952e-08 3.60603e-08 6.47012e-08 1.12782e-07 1.9103e-07 3.1446e-07 5.03126e-07 7.82471e-07 1.18291e-06 1.73827e-06 2.48282e-06 3.44666e-06 4.64981e-06 6.09572e-06 7.76562e-06 9.61527e-06 1.15759e-05 1.35602e-05 1.54721e-05 1.72194e-05 1.87248e-05 1.99322e-05 2.08081e-05 2.13369e-05 2.15135e-05 2.13369e-05 2.08081e-05 1.99322e-05 1.87248e-05 1.72194e-05 1.54721e-05 1.35602e-05 1.15759e-05 9.61527e-06 7.76562e-06 6.09572e-06 4.64981e-06 3.44666e-06 2.48282e-06 1.73827e-06 1.18291e-06 7.82471e-07 5.03126e-07 3.1446e-07 1.9103e-07 1.12782e-07 6.47012e-08 3.60603e-08 1.952e-08 1.02596e-08 5.23394e-09 2.59063e-09 1.24361e-09 5.78745e-10 2.61006e-10 1.14031e-10 4.82476e-11 1.97656e-11 7.83888e-12 3.00933e-12 1.11827e-12 4.02253e-13 1.40079e-13 4.72316e-14 1.54227e-14 4.87817e-15 1.49496e-15 4.44022e-16 1.27851e-16 3.56998e-17 9.66998e-18 2.54207e-18 6.5049e-19 1.69667e-19 
2.65736e-19 5.79849e-19 2.20715e-18 8.56849e-18 3.23827e-17 1.18778e-16 4.22632e-16 1.45831e-15 4.87817e-15 1.58144e-14 4.96716e-14 1.51114e-13 4.4518e-13 1.26972e-12 3.5055e-12 9.36716e-12 2.42246e-11 6.06311e-11 1.46879e-10 3.4444e-10 7.82086e-10 1.71993e-09 3.66471e-09 7.56859e-09 1.51575e-08 2.94493e-08 5.5532e-08 1.01674e-07 1.80816e-07 3.12433e-07 5.24665e-07 8.56447e-07 1.35919e-06 2.09735e-06 3.14702e-06 4.59175e-06 6.51481e-06 8.98769e-06 1.20557e-05 1.57223e-05 1.99358e-05 2.45824e-05 2.9489e-05 3.44385e-05 3.91944e-05 4.3531e-05 4.72601e-05 5.02468e-05 5.24112e-05 5.3717e-05 5.41528e-05 5.3717e-05 5.24112e-05 5.02468e-05 4.72601e-05 4.3531e-05 3.91944e-05 3.44385e-05 2.9489e-05 2.45824e-05 1.99358e-05 1.57223e-05 1.20557e-05 8.98769e-06 6.51481e-06 4.59175e-06 3.14702e-06 2.09735e-06 1.35919e-06 8.56447e-07 5.24665e-07 3.12433e-07 1.80816e-07 1.01674e-07 5.5532e-08 2.94493e-08 1.51575e-08 7.56859e-09 3.66471e-09 1.71993e-09 7.82086e-10 3.4444e-10 1.46879e-10 6.06311e-11 2.42246e-11 9.36716e-12 3.5055e-12 1.26972e-12 4.4518e-13 1.51114e-13 4.96716e-14 1.58144e-14 4.87817e-15 1.45831e-15 4.22632e-16 1.18778e-16 3.23827e-17 8.56849e-18 2.20715e-18 5.79849e-19 
8.85417e-19 1.92061e-18 7.25785e-18 2.79892e-17 1.05088e-16 3.82948e-16 1.35374e-15 4.64077e-15 1.54227e-14 4.96716e-14 1.54987e-13 4.68381e-13 1.37057e-12 3.88244e-12 1.06445e-11 2.82421e-11 7.25083e-11 1.80131e-10 4.33037e-10 1.00752e-09 2.26918e-09 4.94879e-09 1.04545e-08 2.14024e-08 4.24799e-08 8.17857e-08 1.52811e-07 2.77218e-07 4.88491e-07 8.36422e-07 1.39208e-06 2.2526e-06 3.54468e-06 5.42512e-06 8.07663e-06 1.16969e-05 1.64794e-05 2.2586e-05 3.0113e-05 3.90555e-05 4.92775e-05 6.04974e-05 7.2297e-05 8.41578e-05 9.55209e-05 0.000105857 0.000114727 0.00012182 0.000126954 0.000130049 0.000131081 0.000130049 0.000126954 0.00012182 0.000114727 0.000105857 9.55209e-05 8.41578e-05 7.2297e-05 6.04974e-05 4.92775e-05 3.90555e-05 3.0113e-05 2.2586e-05 1.64794e-05 1.16969e-05 8.07663e-06 5.42512e-06 3.54468e-06 2.2526e-06 1.39208e-06 8.36422e-07 4.88491e-07 2.77218e-07 1.52811e-07 8.17857e-08 4.24799e-08 2.14024e-08 1.04545e-08 4.94879e-09 2.26918e-09 1.00752e-09 4.33037e-10 1.80131e-10 7.25083e-11 2.82421e-11 1.06445e-11 3.88244e-12 1.37057e-12 4.68381e-13 1.54987e-13 4.96716e-14 1.54227e-14 4.64077e-15 1.35374e-15 3.82948e-16 1.05088e-16 2.79892e-17 7.25785e-18 1.92061e-18 
2.85893e-18 6.16463e-18 2.31261e-17 8.85873e-17 3.30417e-16 1.19616e-15 4.20076e-15 1.43062e-14 4.72316e-14 1.51114e-13 4.68381e-13 1.40599e-12 4.08634e-12 1.14959e-11 3.12978e-11 8.24473e-11 2.10129e-10 5.18108e-10 1.23594e-09 2.85278e-09 6.37262e-09 1.37807e-08 2.88597e-08 5.85554e-08 1.15163e-07 2.19663e-07 4.06567e-07 7.3058e-07 1.27519e-06 2.16294e-06 3.56648e-06 5.71873e-06 8.91945e-06 1.35346e-05 1.99845e-05 2.87164e-05 4.01595e-05 5.46617e-05 7.24141e-05 9.33723e-05 0.000117194 0.00014321 0.000170451 0.000197729 0.00022378 0.000247412 0.000267649 0.000283804 0.000295483 0.000302517 0.000304863 0.000302517 0.000295483 0.000283804 0.000267649 0.000247412 0.00022378 0.000197729 0.000170451 0.00014321 0.000117194 9.33723e-05 7.24141e-05 5.46617e-05 4.01595e-05 2.87164e-05 1.99845e-05 1.35346e-05 8.91945e-06 5.71873e-06 3.56648e-06 2.16294e-06 1.27519e-06 7.3058e-07 4.06567e-07 2.19663e-07 1.15163e-07 5.85554e-08 2.88597e-08 1.37807e-08 6.37262e-09 2.85278e-09 1.23594e-09 5.18108e-10 2.10129e-10 8.24473e-11 3.12978e-11 1.14959e-11 4.08634e-12 1.40599e-12 4.68381e-13 1.51114e-13 4.72316e-14 1.43062e-14 4.20076e-15 1.19616e-15 3.30417e-16 8.85873e-17 2.31261e-17 6.16463e-18 
8.94484e-18 1.91722e-17 7.13939e-17 2.71635e-16 1.00641e-15 3.61917e-15 1.26258e-14 4.27134e-14 1.40079e-13 4.4518e-13 1.37057e-12 4.08634e-12 1.17951e-11 3.29519e-11 8.90784e-11 2.32967e-10 5.89371e-10 1.4422e-09 3.41359e-09 7.81599e-09 1.73151e-08 3.71239e-08 7.70603e-08 1.54935e-07 3.0188e-07 5.70336e-07 1.04542e-06 1.86024e-06 3.21517e-06 5.4003e-06 8.81871e-06 1.40066e-05 2.16442e-05 3.25497e-05 4.76479e-05 6.79051e-05 9.42273e-05 0.000127322 0.000167536 0.000214695 0.000267972 0.000325845 0.000386156 0.000446307 0.000503552 0.000555333 0.000599569 0.000634818 0.000660265 0.000675577 0.000680681 0.000675577 0.000660265 0.000634818 0.000599569 0.000555333 0.000503552 0.000446307 0.000386156 0.000325845 0.000267972 0.000214695 0.000167536 0.000127322 9.42273e-05 6.79051e-05 4.76479e-05 3.25497e-05 2.16442e-05 1.40066e-05 8.81871e-06 5.4003e-06 3.21517e-06 1.86024e-06 1.04542e-06 5.70336e-07 3.0188e-07 1.54935e-07 7.70603e-08 3.71239e-08 1.73151e-08 7.81599e-09 3.41359e-09 1.4422e-09 5.89371e-10 2.32967e-10 8.90784e-11 3.29519e-11 1.17951e-11 4.08634e-12 1.37057e-12 4.4518e-13 1.40079e-13 4.27134e-14 1.26258e-14 3.61917e-15 1.00641e-15 2.71635e-16 7.13939e-17 1.91722e-17 
2.71163e-17 5.77697e-17 2.13523e-16 8.06841e-16 2.96919e-15 1.06057e-14 3.675e-14 1.23489e-13 4.02253e-13 1.26972e-12 3.88244e-12 1.14959e-11 3.29519e-11 9.14095e-11 2.45338e-10 6.36951e-10 1.59936e-09 3.88372e-09 9.12011e-09 2.07125e-08 4.55008e-08 9.67098e-08 1.9895e-07 3.96311e-07 7.64851e-07 1.43095e-06 2.5969e-06 4.5745e-06 7.82637e-06 1.30125e-05 2.10362e-05 3.30812e-05 5.06262e-05 7.54207e-05 0.000109407 0.000154575 0.000212739 0.000285251 0.000372674 0.000474456 0.000588701 0.000712085 0.000840016 0.000967047 0.00108749 0.0011961 0.00128864 0.00136224 0.00141529 0.00144718 0.0014578 0.00144718 0.00141529 0.00136224 0.00128864 0.0011961 0.00108749 0.000967047 0.000840016 0.000712085 0.000588701 0.000474456 0.000372674 0.000285251 0.000212739 0.000154575 0.000109407 7.54207e-05 5.06262e-05 3.30812e-05 2.10362e-05 1.30125e-05 7.82637e-06 4.5745e-06 2.5969e-06 1.43095e-06 7.64851e-07 3.96311e-07 1.9895e-07 9.67098e-08 4.55008e-08 2.07125e-08 9.12011e-09 3.88372e-09 1.59936e-09 6.36951e-10 2.45338e-10 9.14095e-11 3.29519e-11 1.14959e-11 3.88244e-12 1.26972e-12 4.02253e-13 1.23489e-13 3.675e-14 1.06057e-14 2.96919e-15 8.06841e-16 2.13523e-16 5.77697e-17 
7.96461e-17 1.68647e-16 6.18635e-16 2.32141e-15 8.48435e-15 3.00982e-14 1.03581e-13 3.45675e-13 1.11827e-12 3.5055e-12 1.06445e-11 3.12978e-11 8.90784e-11 2.45338e-10 6.53685e-10 1.68454e-09 4.19781e-09 1.01144e-08 2.3562e-08 5.3071e-08 1.15595e-07 2.43532e-07 4.96435e-07 9.79613e-07 1.87226e-06 3.46792e-06 6.2295e-06 1.08598e-05 1.83853e-05 3.02476e-05 4.83884e-05 7.53107e-05 0.000114088 0.000168293 0.000241814 0.000338541 0.000461909 0.000614328 0.000796552 0.00100708 0.00124174 0.0014936 0.00175331 0.00200998 0.00225235 0.00247017 0.00265526 0.00280211 0.0029078 0.00297126 0.00299239 0.00297126 0.0029078 0.00280211 0.00265526 0.00247017 0.00225235 0.00200998 0.00175331 0.0014936 0.00124174 0.00100708 0.000796552 0.000614328 0.000461909 0.000338541 0.000241814 0.000168293 0.000114088 7.53107e-05 4.83884e-05 3.02476e-05 1.83853e-05 1.08598e-05 6.2295e-06 3.46792e-06 1.87226e-06 9.79613e-07 4.96435e-07 2.43532e-07 1.15595e-07 5.3071e-08 2.3562e-08 1.01144e-08 4.19781e-09 1.68454e-09 6.53685e-10 2.45338e-10 8.90784e-11 3.12978e-11 1.06445e-11 3.5055e-12 1.11827e-12 3.45675e-13 1.03581e-13 3.00982e-14 8.48435e-15 2.32141e-15 6.18635e-16 1.68647e-16 
2.26664e-16 4.76993e-16 1.73631e-15 6.46954e-15 2.34804e-14 8.27171e-14 2.82682e-13 9.36795e-13 3.00933e-12 9.36716e-12 2.82421e-11 8.24473e-11 2.32967e-10 6.36951e-10 1.68454e-09 4.30831e-09 1.06535e-08 2.54664e-08 5.88444e-08 1.31434e-07 2.83809e-07 5.92585e-07 1.19681e-06 2.33908e-06 4.42633e-06 8.11525e-06 1.44253e-05 2.48794e-05 4.16653e-05 6.7803e-05 0.00010729 0.00016519 0.000247602 0.000361479 0.000514219 0.000713023 0.000964005 0.00127112 0.001635 0.00205194 0.0025132 0.00300495 0.00350905 0.00400468 0.00447064 0.00488786 0.00524131 0.00552108 0.00572205 0.00584258 0.00588269 0.00584258 0.00572205 0.00552108 0.00524131 0.00488786 0.00447064 0.00400468 0.00350905 0.00300495 0.0025132 0.00205194 0.001635 0.00127112 0.000964005 0.000713023 0.000514219 0.000361479 0.000247602 0.00016519 0.00010729 6.7803e-05 4.16653e-05 2.48794e-05 1.44253e-05 8.11525e-06 4.42633e-06 2.33908e-06 1.19681e-06 5.92585e-07 2.83809e-07 1.31434e-07 5.88444e-08 2.54664e-08 1.06535e-08 4.30831e-09 1.68454e-09 6.36951e-10 2.32967e-10 8.24473e-11 2.82421e-11 9.36716e-12 3.00933e-12 9.36795e-13 2.82682e-13 8.27171e-14 2.34804e-14 6.46954e-15 1.73631e-15 4.76993e-16 
6.25043e-16 1.30714e-15 4.72112e-15 1.74649e-14 6.29373e-14 2.20144e-13 7.46984e-13 2.45782e-12 7.83888e-12 2.42246e-11 7.25083e-11 2.10129e-10 5.89371e-10 1.59936e-09 4.19781e-09 1.06535e-08 2.61366e-08 6.19754e-08 1.42023e-07 3.14525e-07 6.73203e-07 1.39287e-06 2.78667e-06 5.39331e-06 1.01031e-05 1.83304e-05 3.22346e-05 5.49862e-05 9.10591e-05 0.000146516 0.000229232 0.000348985 0.000517316 0.000747088 0.00105164 0.00144354 0.00193294 0.00252565 0.00322121 0.00401114 0.004878 0.00579548 0.00672999 0.00764368 0.0084986 0.00926099 0.00990474 0.0104129 0.0107773 0.0109955 0.0110681 0.0109955 0.0107773 0.0104129 0.00990474 0.00926099 0.0084986 0.00764368 0.00672999 0.00579548 0.004878 0.00401114 0.00322121 0.00252565 0.00193294 0.00144354 0.00105164 0.000747088 0.000517316 0.000348985 0.000229232 0.000146516 9.10591e-05 5.49862e-05 3.22346e-05 1.83304e-05 1.01031e-05 5.39331e-06 2.78667e-06 1.39287e-06 6.73203e-07 3.14525e-07 1.42023e-07 6.19754e-08 2.61366e-08 1.06535e-08 4.19781e-09 1.59936e-09 5.89371e-10 2.10129e-10 7.25083e-11 2.42246e-11 7.83888e-12 2.45782e-12 7.46984e-13 2.20144e-13 6.29373e-14 1.74649e-14 4.72112e-15 1.30714e-15 
1.67026e-15 3.47095e-15 1.24373e-14 4.56738e-14 1.63403e-13 5.67421e-13 1.91136e-12 6.24312e-12 1.97656e-11 6.06311e-11 1.80131e-10 5.18108e-10 1.4422e-09 3.88372e-09 1.01144e-08 2.54664e-08 6.19754e-08 1.45749e-07 3.31184e-07 7.27088e-07 1.54233e-06 3.16164e-06 6.26485e-06 1.20047e-05 2.2257e-05 3.99523e-05 6.94876e-05 0.0001172 0.000191861 0.000305119 0.000471797 0.000709897 0.00104019 0.00148523 0.00206773 0.00280823 0.00372228 0.00481716 0.00608883 0.00751932 0.0090755 0.0107097 0.0123627 0.0139691 0.0154643 0.0167919 0.0179088 0.0187881 0.019417 0.0197932 0.0199182 0.0197932 0.019417 0.0187881 0.0179088 0.0167919 0.0154643 0.0139691 0.0123627 0.0107097 0.0090755 0.00751932 0.00608883 0.00481716 0.00372228 0.00280823 0.00206773 0.00148523 0.00104019 0.000709897 0.000471797 0.000305119 0.000191861 0.0001172 6.94876e-05 3.99523e-05 2.2257e-05 1.20047e-05 6.26485e-06 3.16164e-06 1.54233e-06 7.27088e-07 3.31184e-07 1.45749e-07 6.19754e-08 2.54664e-08 1.01144e-08 3.88372e-09 1.4422e-09 5.18108e-10 1.80131e-10 6.06311e-11 1.97656e-11 6.24312e-12 1.91136e-12 5.67421e-13 1.63403e-13 4.56738e-14 1.24373e-14 3.47095e-15 
4.32578e-15 8.932e-15 3.17486e-14 1.15726e-13 4.10979e-13 1.41659e-12 4.73636e-12 1.53549e-11 4.82476e-11 1.46879e-10 4.33037e-10 1.23594e-09 3.41359e-09 9.12011e-09 2.3562e-08 5.88444e-08 1.42023e-07 3.31184e-07 7.46053e-07 1.62338e-06 3.41216e-06 6.92868e-06 1.35954e-05 2.57881e-05 4.73106e-05 8.40032e-05 0.000144466 0.000240852 0.000389631 0.000612206 0.000935183 0.0013901 0.00201242 0.0028395 0.00390763 0.00524805 0.00688219 0.00881671 0.0110388 0.013513 0.0161792 0.0189555 0.0217426 0.0244334 0.0269238 0.0291244 0.0309685 0.0324155 0.0334482 0.0340649 0.0342696 0.0340649 0.0334482 0.0324155 0.0309685 0.0291244 0.0269238 0.0244334 0.0217426 0.0189555 0.0161792 0.013513 0.0110388 0.00881671 0.00688219 0.00524805 0.00390763 0.0028395 0.00201242 0.0013901 0.000935183 0.000612206 0.000389631 0.000240852 0.000144466 8.40032e-05 4.73106e-05 2.57881e-05 1.35954e-05 6.92868e-06 3.41216e-06 1.62338e-06 7.46053e-07 3.31184e-07 1.42023e-07 5.88444e-08 2.3562e-08 9.12011e-09 3.41359e-09 1.23594e-09 4.33037e-10 1.46879e-10 4.82476e-11 1.53549e-11 4.73636e-12 1.41659e-12 4.10979e-13 1.15726e-13 3.17486e-14 8.932e-15 
1.08596e-14 2.22788e-14 7.85448e-14 2.84145e-13 1.00152e-12 3.4261e-12 1.13682e-11 3.65727e-11 1.14031e-10 3.4444e-10 1.00752e-09 2.85278e-09 7.81599e-09 2.07125e-08 5.3071e-08 1.31434e-07 3.14525e-07 7.27088e-07 1.62338e-06 3.50032e-06 7.28851e-06 1.46573e-05 2.84738e-05 5.34527e-05 9.70156e-05 0.00017035 0.000289607 0.000477126 0.000762508 0.00118329 0.00178495 0.00261996 0.00374548 0.00521975 0.00709679 0.00942006 0.0122151 0.0154825 0.0191913 0.0232752 0.0276319 0.0321267 0.0366023 0.0408922 0.0448382 0.0483068 0.0512008 0.053464 0.0550749 0.056035 0.0563536 0.056035 0.0550749 0.053464 0.0512008 0.0483068 0.0448382 0.0408922 0.0366023 0.0321267 0.0276319 0.0232752 0.0191913 0.0154825 0.0122151 0.00942006 0.00709679 0.00521975 0.00374548 0.00261996 0.00178495 0.00118329 0.000762508 0.000477126 0.000289607 0.00017035 9.70156e-05 5.34527e-05 2.84738e-05 1.46573e-05 7.28851e-06 3.50032e-06 1.62338e-06 7.27088e-07 3.14525e-07 1.31434e-07 5.3071e-08 2.07125e-08 7.81599e-09 2.85278e-09 1.00752e-09 3.4444e-10 1.14031e-10 3.65727e-11 1.13682e-11 3.4261e-12 1.00152e-12 2.84145e-13 7.85448e-14 2.22788e-14 
2.64305e-14 5.38715e-14 1.88361e-13 6.76206e-13 2.36527e-12 8.02923e-12 2.64353e-11 8.43791e-11 2.61006e-10 7.82086e-10 2.26918e-09 6.37262e-09 1.73151e-08 4.55008e-08 1.15595e-07 2.83809e-07 6.73203e-07 1.54233e-06 3.41216e-06 7.28851e-06 1.50308e-05 2.99286e-05 5.75479e-05 0.000106893 0.000191891 0.000333131 0.00055972 0.000911 0.00143782 0.00220294 0.00328026 0.00475231 0.00670589 0.00922566 0.0123857 0.01624 0.0208118 0.0260843 0.0319933 0.0384229 0.045207 0.052137 0.0589761 0.0654804 0.071423 0.0766166 0.0809295 0.0842893 0.086674 0.0880926 0.0885628 0.0880926 0.086674 0.0842893 0.0809295 0.0766166 0.071423 0.0654804 0.0589761 0.052137 0.045207 0.0384229 0.0319933 0.0260843 0.0208118 0.01624 0.0123857 0.00922566 0.00670589 0.00475231 0.00328026 0.00220294 0.00143782 0.000911 0.00055972 0.000333131 0.000191891 0.000106893 5.75479e-05 2.99286e-05 1.50308e-05 7.28851e-06 3.41216e-06 1.54233e-06 6.73203e-07 2.83809e-07 1.15595e-07 4.55008e-08 1.73151e-08 6.37262e-09 2.26918e-09 7.82086e-10 2.61006e-10 8.43791e-11 2.64353e-11 8.02923e-12 2.36527e-12 6.76206e-13 1.88361e-13 5.38715e-14 
6.23761e-14 1.26309e-13 4.37961e-13 1.5601e-12 5.41488e-12 1.82381e-11 5.95723e-11 1.88628e-10 5.78745e-10 1.71993e-09 4.94879e-09 1.37807e-08 3.71239e-08 9.67098e-08 2.43532e-07 5.92585e-07 1.39287e-06 3.16164e-06 6.92868e-06 1.46573e-05 2.99286e-05 5.89876e-05 0.000112238 0.000206228 0.000366082 0.000628194 0.00104287 0.00167642 0.00261226 0.00395028 0.00580422 0.00829644 0.0115502 0.015679 0.0207747 0.0268931 0.0340418 0.0421677 0.0511506 0.0608003 0.0708622 0.08103 0.0909679 0.100339 0.108838 0.116219 0.122317 0.127047 0.130394 0.132381 0.133039 0.132381 0.130394 0.127047 0.122317 0.116219 0.108838 0.100339 0.0909679 0.08103 0.0708622 0.0608003 0.0511506 0.0421677 0.0340418 0.0268931 0.0207747 0.015679 0.0115502 0.00829644 0.00580422 0.00395028 0.00261226 0.00167642 0.00104287 0.000628194 0.000366082 0.000206228 0.000112238 5.89876e-05 2.99286e-05 1.46573e-05 6.92868e-06 3.16164e-06 1.39287e-06 5.92585e-07 2.43532e-07 9.67098e-08 3.71239e-08 1.37807e-08 4.94879e-09 1.71993e-09 5.78745e-10 1.88628e-10 5.95723e-11 1.82381e-11 5.41488e-12 1.5601e-12 4.37961e-13 1.26309e-13 
1.42766e-13 2.87208e-13 9.87529e-13 3.49034e-12 1.20199e-11 4.01646e-11 1.30139e-10 4.08708e-10 1.24361e-09 3.66471e-09 1.04545e-08 2.88597e-08 7.70603e-08 1.9895e-07 4.96435e-07 1.19681e-06 2.78667e-06 6.26485e-06 1.35954e-05 2.84738e-05 5.75479e-05 0.000112238 0.000211265 0.000383885 0.000673661 0.00114235 0.00187328 0.00297337 0.00457309 0.00682342 0.00988969 0.0139419 0.0191418 0.0256276 0.033497 0.04279 0.0534738 0.0654315 0.0784573 0.092258 0.106465 0.120655 0.134379 0.147201 0.158736 0.168685 0.176857 0.183168 0.187618 0.190253 0.191125 0.190253 0.187618 0.183168 0.176857 0.168685 0.158736 0.147201 0.134379 0.120655 0.106465 0.092258 0.0784573 0.0654315 0.0534738 0.04279 0.033497 0.0256276 0.0191418 0.0139419 0.00988969 0.00682342 0.00457309 0.00297337 0.00187328 0.00114235 0.000673661 0.000383885 0.000211265 0.000112238 5.75479e-05 2.84738e-05 1.35954e-05 6.26485e-06 2.78667e-06 1.19681e-06 4.96435e-07 1.9895e-07 7.70603e-08 2.88597e-08 1.04545e-08 3.66471e-09 1.24361e-09 4.08708e-10 1.30139e-10 4.01646e-11 1.20199e-11 3.49034e-12 9.87529e-13 2.87208e-13 
3.16949e-13 6.33476e-13 2.15986e-12 7.57406e-12 2.58785e-11 8.57824e-11 2.75688e-10 8.58643e-10 2.59063e-09 7.56859e-09 2.14024e-08 5.85554e-08 1.54935e-07 3.96311e-07 9.79613e-07 2.33908e-06 5.39331e-06 1.20047e-05 2.57881e-05 5.34527e-05 0.000106893 0.000206228 0.000383885 0.000689615 0.001196 0.00200359 0.00324462 0.00508384 0.0077155 0.0113557 0.0162304 0.0225586 0.0305336 0.0403019 0.0519422 0.065447 0.0807078 0.0975078 0.115522 0.134326 0.153418 0.172248 0.190253 0.206904 0.221752 0.234464 0.24484 0.252813 0.258413 0.261721 0.262813 0.261721 0.258413 0.252813 0.24484 0.234464 0.221752 0.206904 0.190253 0.172248 0.153418 0.134326 0.115522 0.0975078 0.0807078 0.065447 0.0519422 0.0403019 0.0305336 0.0225586 0.0162304 0.0113557 0.0077155 0.00508384 0.00324462 0.00200359 0.001196 0.000689615 0.000383885 0.000206228 0.000106893 5.34527e-05 2.57881e-05 1.20047e-05 5.39331e-06 2.33908e-06 9.79613e-07 3.96311e-07 1.54935e-07 5.85554e-08 2.14024e-08 7.56859e-09 2.59063e-09 8.58643e-10 2.75688e-10 8.57824e-11 2.58785e-11 7.57406e-12 2.15986e-12 6.33476e-13 
6.82606e-13 1.3555e-12 4.58295e-12 1.59454e-11 5.40521e-11 1.77735e-10 5.66527e-10 1.74971e-09 5.23394e-09 1.51575e-08 4.24799e-08 1.15163e-07 3.0188e-07 7.64851e-07 1.87226e-06 4.42633e-06 1.01031e-05 2.2257e-05 4.73106e-05 9.70156e-05 0.000191891 0.000366082 0.000673661 0.001196 0.00204925 0.00339053 0.00542067 0.00838197 0.0125493 0.0182145 0.0256653 0.03516 0.0469012 0.0610104 0.0775062 0.0962878 0.117126 0.139663 0.163423 0.187832 0.21225 0.236004 0.258437 0.278957 0.29708 0.312467 0.324942 0.334474 0.341141 0.345069 0.346364 0.345069 0.341141 0.334474 0.324942 0.312467 0.29708 0.278957 0.258437 0.236004 0.21225 0.187832 0.163423 0.139663 0.117126 0.0962878 0.0775062 0.0610104 0.0469012 0.03516 0.0256653 0.0182145 0.0125493 0.00838197 0.00542067 0.00339053 0.00204925 0.001196 0.000673661 0.000366082 0.000191891 9.70156e-05 4.73106e-05 2.2257e-05 1.01031e-05 4.42633e-06 1.87226e-06 7.64851e-07 3.0188e-07 1.15163e-07 4.24799e-08 1.51575e-08 5.23394e-09 1.74971e-09 5.66527e-10 1.77735e-10 5.40521e-11 1.59454e-11 4.58295e-12 1.3555e-12 
1.42629e-12 2.81422e-12 9.43585e-12 3.25742e-11 1.09554e-10 3.57348e-10 1.12968e-09 3.45963e-09 1.02596e-08 2.94493e-08 8.17857e-08 2.19663e-07 5.70336e-07 1.43095e-06 3.46792e-06 8.11525e-06 1.83304e-05 3.99523e-05 8.40032e-05 0.00017035 0.000333131 0.000628194 0.00114235 0.00200359 0.00339053 0.00553848 0.00873937 0.0133328 0.0196873 0.0281727 0.0391266 0.0528191 0.06942 0.0889733 0.111379 0.136387 0.163596 0.192473 0.22237 0.252563 0.282284 0.310773 0.337319 0.361312 0.382281 0.399925 0.414122 0.424905 0.432413 0.436821 0.438273 0.436821 0.432413 0.424905 0.414122 0.399925 0.382281 0.361312 0.337319 0.310773 0.282284 0.252563 0.22237 0.192473 0.163596 0.136387 0.111379 0.0889733 0.06942 0.0528191 0.0391266 0.0281727 0.0196873 0.0133328 0.00873937 0.00553848 0.00339053 0.00200359 0.00114235 0.000628194 0.000333131 0.00017035 8.40032e-05 3.99523e-05 1.83304e-05 8.11525e-06 3.46792e-06 1.43095e-06 5.70336e-07 2.19663e-07 8.17857e-08 2.94493e-08 1.02596e-08 3.45963e-09 1.12968e-09 3.57348e-10 1.09554e-10 3.25742e-11 9.43585e-12 2.81422e-12 
2.89152e-12 5.66951e-12 1.88532e-11 6.45827e-11 2.15514e-10 6.97363e-10 2.1865e-09 6.63977e-09 1.952e-08 5.5532e-08 1.52811e-07 4.06567e-07 1.04542e-06 2.5969e-06 6.2295e-06 1.44253e-05 3.22346e-05 6.94876e-05 0.000144466 0.000289607 0.00055972 0.00104287 0.00187328 0.00324462 0.00542067 0.00873937 0.0136062 0.0204741 0.0298095 0.0420483 0.0575468 0.0765374 0.0990936 0.12511 0.154299 0.186199 0.220195 0.255555 0.291462 0.327061 0.361506 0.393999 0.42384 0.450461 0.473462 0.492628 0.507922 0.519461 0.527455 0.532133 0.533671 0.532133 0.527455 0.519461 0.507922 0.492628 0.473462 0.450461 0.42384 0.393999 0.361506 0.327061 0.291462 0.255555 0.220195 0.186199 0.154299 0.12511 0.0990936 0.0765374 0.0575468 0.0420483 0.0298095 0.0204741 0.0136062 0.00873937 0.00542067 0.00324462 0.00187328 0.00104287 0.00055972 0.000289607 0.000144466 6.94876e-05 3.22346e-05 1.44253e-05 6.2295e-06 2.5969e-06 1.04542e-06 4.06567e-07 1.52811e-07 5.5532e-08 1.952e-08 6.63977e-09 2.1865e-09 6.97363e-10 2.15514e-10 6.45827e-11 1.88532e-11 5.66951e-12 
5.68773e-12 1.10836e-11 3.65593e-11 1.24284e-10 4.1155e-10 1.32119e-09 4.10878e-09 1.23727e-08 3.60603e-08 1.01674e-07 2.77218e-07 7.3058e-07 1.86024e-06 4.5745e-06 1.08598e-05 2.48794e-05 5.49862e-05 0.0001172 0.000240852 0.000477126 0.000911 0.00167642 0.00297337 0.00508384 0.00838197 0.0133328 0.0204741 0.0303792 0.0436022 0.0606127 0.0817324 0.107083 0.13656 0.169824 0.206327 0.245344 0.286023 0.327434 0.368626 0.408667 0.446697 0.481959 0.513838 0.541878 0.565806 0.58553 0.601129 0.612813 0.620862 0.625555 0.627094 0.625555 0.620862 0.612813 0.601129 0.58553 0.565806 0.541878 0.513838 0.481959 0.446697 0.408667 0.368626 0.327434 0.286023 0.245344 0.206327 0.169824 0.13656 0.107083 0.0817324 0.0606127 0.0436022 0.0303792 0.0204741 0.0133328 0.00838197 0.00508384 0.00297337 0.00167642 0.000911 0.000477126 0.000240852 0.0001172 5.49862e-05 2.48794e-05 1.08598e-05 4.5745e-06 1.86024e-06 7.3058e-07 2.77218e-07 1.01674e-07 3.60603e-08 1.23727e-08 4.10878e-09 1.32119e-09 4.1155e-10 1.24284e-10 3.65593e-11 1.10836e-11 
1.08552e-11 2.10267e-11 6.8808e-11 2.3217e-10 7.62996e-10 2.4304e-09 7.49778e-09 2.23912e-08 6.47012e-08 1.80816e-07 4.88491e-07 1.27519e-06 3.21517e-06 7.82637e-06 1.83853e-05 4.16653e-05 9.10591e-05 0.000191861 0.000389631 0.000762508 0.00143782 0.00261226 0.00457309 0.0077155 0.0125493 0.0196873 0.0298095 0.0436022 0.0616764 0.0844809 0.112225 0.14483 0.181916 0.222829 0.2667 0.312511 0.359179 0.405617 0.4508 0.493803 0.53384 0.570281 0.602669 0.630725 0.654344 0.673587 0.688656 0.699853 0.70752 0.711972 0.71343 0.711972 0.70752 0.699853 0.688656 0.673587 0.654344 0.630725 0.602669 0.570281 0.53384 0.493803 0.4508 0.405617 0.359179 0.312511 0.2667 0.222829 0.181916 0.14483 0.112225 0.0844809 0.0616764 0.0436022 0.0298095 0.0196873 0.0125493 0.0077155 0.00457309 0.00261226 0.00143782 0.000762508 0.000389631 0.000191861 9.10591e-05 4.16653e-05 1.83853e-05 7.82637e-06 3.21517e-06 1.27519e-06 4.88491e-07 1.80816e-07 6.47012e-08 2.23912e-08 7.49778e-09 2.4304e-09 7.62996e-10 2.3217e-10 6.8808e-11 2.10267e-11 
2.01005e-11 3.87085e-11 1.25693e-10 4.21027e-10 1.37344e-09 4.34161e-09 1.32886e-08 3.93622e-08 1.12782e-07 3.12433e-07 8.36422e-07 2.16294e-06 5.4003e-06 1.30125e-05 3.02476e-05 6.7803e-05 0.000146516 0.000305119 0.000612206 0.00118329 0.00220294 0.00395028 0.00682342 0.0113557 0.0182145 0.0281727 0.0420483 0.0606127 0.0844809 0.114002 0.149178 0.189628 0.234606 0.283077 0.333817 0.385525 0.436928 0.48686 0.534313 0.578468 0.618706 0.654606 0.685933 0.712622 0.734762 0.752572 0.766369 0.776532 0.783445 0.787441 0.788746 0.787441 0.783445 0.776532 0.766369 0.752572 0.734762 0.712622 0.685933 0.654606 0.618706 0.578468 0.534313 0.48686 0.436928 0.385525 0.333817 0.283077 0.234606 0.189628 0.149178 0.114002 0.0844809 0.0606127 0.0420483 0.0281727 0.0182145 0.0113557 0.00682342 0.00395028 0.00220294 0.00118329 0.000612206 0.000305119 0.000146516 6.7803e-05 3.02476e-05 1.30125e-05 5.4003e-06 2.16294e-06 8.36422e-07 3.12433e-07 1.12782e-07 3.93622e-08 1.32886e-08 4.34161e-09 1.37344e-09 4.21027e-10 1.25693e-10 3.87085e-11 
3.61089e-11 6.91456e-11 2.22847e-10 7.41186e-10 2.40049e-09 7.53207e-09 2.28772e-08 6.7226e-08 1.9103e-07 5.24665e-07 1.39208e-06 3.56648e-06 8.81871e-06 2.10362e-05 4.83884e-05 0.00010729 0.000229232 0.000471797 0.000935183 0.00178495 0.00328026 0.00580422 0.00988969 0.0162304 0.0256653 0.0391266 0.0575468 0.0817324 0.112225 0.149178 0.192281 0.240755 0.293417 0.348816 0.405382 0.461582 0.516036 0.567601 0.615397 0.658811 0.697477 0.731239 0.760122 0.78429 0.804021 0.819674 0.831658 0.840401 0.846305 0.849701 0.850807 0.849701 0.846305 0.840401 0.831658 0.819674 0.804021 0.78429 0.760122 0.731239 0.697477 0.658811 0.615397 0.567601 0.516036 0.461582 0.405382 0.348816 0.293417 0.240755 0.192281 0.149178 0.112225 0.0817324 0.0575468 0.0391266 0.0256653 0.0162304 0.00988969 0.00580422 0.00328026 0.00178495 0.000935183 0.000471797 0.000229232 0.00010729 4.83884e-05 2.10362e-05 8.81871e-06 3.56648e-06 1.39208e-06 5.24665e-07 1.9103e-07 6.7226e-08 2.28772e-08 7.53207e-09 2.40049e-09 7.41186e-10 2.22847e-10 6.91456e-11 
6.29241e-11 1.19842e-10 3.83445e-10 1.26662e-09 4.07377e-09 1.26907e-08 3.82589e-08 1.11558e-07 3.1446e-07 8.56447e-07 2.2526e-06 5.71873e-06 1.40066e-05 3.30812e-05 7.53107e-05 0.00016519 0.000348985 0.000709897 0.0013901 0.00261996 0.00475231 0.00829644 0.0139419 0.0225586 0.03516 0.0528191 0.0765374 0.107083 0.14483 0.189628 0.240755 0.296957 0.356583 0.417774 0.478671 0.537601 0.593194 0.644444 0.690707 0.731662 0.76725 0.797614 0.823038 0.843902 0.860641 0.87372 0.883607 0.890744 0.895525 0.89826 0.899149 0.89826 0.895525 0.890744 0.883607 0.87372 0.860641 0.843902 0.823038 0.797614 0.76725 0.731662 0.690707 0.644444 0.593194 0.537601 0.478671 0.417774 0.356583 0.296957 0.240755 0.189628 0.14483 0.107083 0.0765374 0.0528191 0.03516 0.0225586 0.0139419 0.00829644 0.00475231 0.00261996 0.0013901 0.000709897 0.000348985 0.00016519 7.53107e-05 3.30812e-05 1.40066e-05 5.71873e-06 2.2526e-06 8.56447e-07 3.1446e-07 1.11558e-07 3.82589e-08 1.26907e-08 4.07377e-09 1.26662e-09 3.83445e-10 1.19842e-10 
1.06355e-10 2.01509e-10 6.40266e-10 2.10109e-09 6.7125e-09 2.07665e-08 6.21559e-08 1.79887e-07 5.03126e-07 1.35919e-06 3.54468e-06 8.91945e-06 2.16442e-05 5.06262e-05 0.000114088 0.000247602 0.000517316 0.00104019 0.00201242 0.00374548 0.00670589 0.0115502 0.0191418 0.0305336 0.0469012 0.06942 0.0990936 0.13656 0.181916 0.234606 0.293417 0.356583 0.421992 0.48744 0.550883 0.610631 0.66545 0.714587 0.75772 0.794873 0.826318 0.852486 0.873895 0.891095 0.904636 0.915043 0.9228 0.928335 0.932011 0.934101 0.934777 0.934101 0.932011 0.928335 0.9228 0.915043 0.904636 0.891095 0.873895 0.852486 0.826318 0.794873 0.75772 0.714587 0.66545 0.610631 0.550883 0.48744 0.421992 0.356583 0.293417 0.234606 0.181916 0.13656 0.0990936 0.06942 0.0469012 0.0305336 0.0191418 0.0115502 0.00670589 0.00374548 0.00201242 0.00104019 0.000517316 0.000247602 0.000114088 5.06262e-05 2.16442e-05 8.91945e-06 3.54468e-06 1.35919e-06 5.03126e-07 1.79887e-07 6.21559e-08 2.07665e-08 6.7125e-09 2.10109e-09 6.40266e-10 2.01509e-10 
1.74324e-10 3.28663e-10 1.03735e-09 3.38281e-09 1.07383e-08 3.30012e-08 9.80962e-08 2.81869e-07 7.82471e-07 2.09735e-06 5.42512e-06 1.35346e-05 3.25497e-05 7.54207e-05 0.000168293 0.000361479 0.000747088 0.00148523 0.0028395 0.00521975 0.00922566 0.015679 0.0256276 0.0403019 0.0610104 0.0889733 0.12511 0.169824 0.222829 0.283077 0.348816 0.417774 0.48744 0.555375 0.619485 0.678199 0.730545 0.776112 0.814953 0.847452 0.874193 0.895857 0.913142 0.926712 0.937178 0.945076 0.950873 0.954958 0.957644 0.959161 0.959651 0.959161 0.957644 0.954958 0.950873 0.945076 0.937178 0.926712 0.913142 0.895857 0.874193 0.847452 0.814953 0.776112 0.730545 0.678199 0.619485 0.555375 0.48744 0.417774 0.348816 0.283077 0.222829 0.169824 0.12511 0.0889733 0.0610104 0.0403019 0.0256276 0.015679 0.00922566 0.00521975 0.0028395 0.00148523 0.000747088 0.000361479 0.000168293 7.54207e-05 3.25497e-05 1.35346e-05 5.42512e-06 2.09735e-06 7.82471e-07 2.81869e-07 9.80962e-08 3.30012e-08 1.07383e-08 3.38281e-09 1.03735e-09 3.28663e-10 
2.77033e-10 5.19871e-10 1.63054e-09 5.28552e-09 1.66763e-08 5.09276e-08 1.50391e-07 4.2918e-07 1.18291e-06 3.14702e-06 8.07663e-06 1.99845e-05 4.76479e-05 0.000109407 0.000241814 0.000514219 0.00105164 0.00206773 0.00390763 0.00709679 0.0123857 0.0207747 0.033497 0.0519422 0.0775062 0.111379 0.154299 0.206327 0.2667 0.333817 0.405382 0.478671 0.550883 0.619485 0.682479 0.738553 0.787092 0.828084 0.861968 0.889462 0.911416 0.928695 0.942111 0.952383 0.960128 0.965858 0.969992 0.972865 0.974734 0.975782 0.976119 0.975782 0.974734 0.972865 0.969992 0.965858 0.960128 0.952383 0.942111 0.928695 0.911416 0.889462 0.861968 0.828084 0.787092 0.738553 0.682479 0.619485 0.550883 0.478671 0.405382 0.333817 0.2667 0.206327 0.154299 0.111379 0.0775062 0.0519422 0.033497 0.0207747 0.0123857 0.00709679 0.00390763 0.00206773 0.00105164 0.000514219 0.000241814 0.000109407 4.76479e-05 1.99845e-05 8.07663e-06 3.14702e-06 1.18291e-06 4.2918e-07 1.50391e-07 5.09276e-08 1.66763e-08 5.28552e-09 1.63054e-09 5.19871e-10 
