1.94204e-09 2.24877e-09 3.24837e-09 5.19477e-09 8.5653e-09 1.41489e-08 2.31836e-08 3.75582e-08 6.00961e-08 9.49459e-08 1.48105e-07 2.28105e-07 3.46892e-07 5.20927e-07 7.72527e-07 1.13145e-06 1.63675e-06 2.33877e-06 3.30134e-06 4.60392e-06 6.34368e-06 8.63714e-06 1.16213e-05 1.54537e-05 2.03117e-05 2.63898e-05 3.38952e-05 4.3042e-05 5.40427e-05 6.70983e-05 8.2386e-05 0.000100047 0.000120171 0.000142785 0.00016784 0.000195202 0.000224643 0.000255839 0.000288377 0.000321752 0.000355389 0.000388652 0.000420869 0.00045135 0.000479415 0.000504416 0.000525761 0.000542933 0.000555513 0.000563188 0.000565768 0.000563188 0.000555513 0.000542933 0.000525761 0.000504416 0.000479415 0.00045135 0.000420869 0.000388652 0.000355389 0.000321752 0.000288377 0.000255839 0.000224643 0.000195202 0.00016784 0.000142785 0.000120171 0.000100047 8.2386e-05 6.70983e-05 5.40427e-05 4.3042e-05 3.38952e-05 2.63898e-05 2.03117e-05 1.54537e-05 1.16213e-05 8.63714e-06 6.34368e-06 4.60392e-06 3.30134e-06 2.33877e-06 1.63675e-06 1.13145e-06 7.72527e-07 5.20927e-07 3.46892e-07 2.28105e-07 1.48105e-07 9.49459e-08 6.00961e-08 3.75582e-08 2.31836e-08 1.41489e-08 8.5653e-09 5.19477e-09 3.24837e-09 2.24877e-09 
2.24877e-09 2.60253e-09 3.75494e-09 5.99727e-09 9.87662e-09 1.62963e-08 2.6672e-08 4.31608e-08 6.89825e-08 1.08861e-07 1.69616e-07 2.60933e-07 3.96353e-07 5.94504e-07 8.806e-07 1.28821e-06 1.8613e-06 2.65648e-06 3.74535e-06 5.21694e-06 7.17988e-06 9.76421e-06 1.31225e-05 1.743e-05 2.28834e-05 2.9698e-05 3.81027e-05 4.83335e-05 6.06237e-05 7.51934e-05 9.22358e-05 0.000111903 0.000134291 0.000159425 0.000187247 0.000217603 0.000250239 0.000284795 0.00032081 0.000357728 0.000394911 0.000431661 0.000467236 0.000500879 0.000531843 0.000559417 0.000582951 0.00060188 0.000615744 0.000624202 0.000627045 0.000624202 0.000615744 0.00060188 0.000582951 0.000559417 0.000531843 0.000500879 0.000467236 0.000431661 0.000394911 0.000357728 0.00032081 0.000284795 0.000250239 0.000217603 0.000187247 0.000159425 0.000134291 0.000111903 9.22358e-05 7.51934e-05 6.06237e-05 4.83335e-05 3.81027e-05 2.9698e-05 2.28834e-05 1.743e-05 1.31225e-05 9.76421e-06 7.17988e-06 5.21694e-06 3.74535e-06 2.65648e-06 1.8613e-06 1.28821e-06 8.806e-07 5.94504e-07 3.96353e-07 2.60933e-07 1.69616e-07 1.08861e-07 6.89825e-08 4.31608e-08 2.6672e-08 1.62963e-08 9.87662e-09 5.99727e-09 3.75494e-09 2.60253e-09 
3.24837e-09 3.75494e-09 5.40372e-09 8.6068e-09 1.41369e-08 2.32669e-08 3.79863e-08 6.13172e-08 9.77566e-08 1.53881e-07 2.39151e-07 3.66958e-07 5.55958e-07 8.31721e-07 1.22873e-06 1.79272e-06 2.58336e-06 3.67716e-06 5.17053e-06 7.18283e-06 9.85908e-06 1.33722e-05 1.7924e-05 2.37454e-05 3.10942e-05 4.02512e-05 5.15134e-05 6.51851e-05 8.15651e-05 0.000100933 0.00012353 0.000149544 0.000179087 0.000212179 0.000248731 0.000288531 0.000331237 0.000376372 0.000423332 0.000471391 0.000519726 0.000567432 0.000613556 0.000657127 0.000697188 0.000732834 0.000763236 0.000787675 0.000805568 0.00081648 0.000820147 0.00081648 0.000805568 0.000787675 0.000763236 0.000732834 0.000697188 0.000657127 0.000613556 0.000567432 0.000519726 0.000471391 0.000423332 0.000376372 0.000331237 0.000288531 0.000248731 0.000212179 0.000179087 0.000149544 0.00012353 0.000100933 8.15651e-05 6.51851e-05 5.15134e-05 4.02512e-05 3.10942e-05 2.37454e-05 1.7924e-05 1.33722e-05 9.85908e-06 7.18283e-06 5.17053e-06 3.67716e-06 2.58336e-06 1.79272e-06 1.22873e-06 8.31721e-07 5.55958e-07 3.66958e-07 2.39151e-07 1.53881e-07 9.77566e-08 6.13172e-08 3.79863e-08 2.32669e-08 1.41369e-08 8.6068e-09 5.40372e-09 3.75494e-09 
5.19477e-09 5.99727e-09 8.6068e-09 1.36677e-08 2.2386e-08 3.6743e-08 5.98267e-08 9.63117e-08 1.53131e-07 2.40386e-07 3.72553e-07 5.70048e-07 8.61196e-07 1.28466e-06 1.89238e-06 2.75292e-06 3.95536e-06 5.61341e-06 7.86968e-06 1.08999e-05 1.49165e-05 2.01716e-05 2.69578e-05 3.56082e-05 4.64926e-05 6.00111e-05 7.65846e-05 9.66404e-05 0.000120595 0.000148834 0.000181686 0.000219398 0.000262108 0.000309824 0.000362395 0.000419501 0.000480635 0.000545108 0.00061205 0.000680432 0.000749084 0.000816734 0.000882044 0.000943659 0.00100025 0.00105054 0.00109341 0.00112784 0.00115304 0.0011684 0.00117356 0.0011684 0.00115304 0.00112784 0.00109341 0.00105054 0.00100025 0.000943659 0.000882044 0.000816734 0.000749084 0.000680432 0.00061205 0.000545108 0.000480635 0.000419501 0.000362395 0.000309824 0.000262108 0.000219398 0.000181686 0.000148834 0.000120595 9.66404e-05 7.65846e-05 6.00111e-05 4.64926e-05 3.56082e-05 2.69578e-05 2.01716e-05 1.49165e-05 1.08999e-05 7.86968e-06 5.61341e-06 3.95536e-06 2.75292e-06 1.89238e-06 1.28466e-06 8.61196e-07 5.70048e-07 3.72553e-07 2.40386e-07 1.53131e-07 9.63117e-08 5.98267e-08 3.6743e-08 2.2386e-08 1.36677e-08 8.6068e-09 5.99727e-09 
8.5653e-09 9.87662e-09 1.41369e-08 2.2386e-08 3.65664e-08 5.98619e-08 9.722e-08 1.56107e-07 2.4756e-07 3.87602e-07 5.99117e-07 9.14252e-07 1.37744e-06 2.04911e-06 3.01005e-06 4.36656e-06 6.25606e-06 8.85322e-06 1.23762e-05 1.70923e-05 2.33234e-05 3.14493e-05 4.1909e-05 5.51987e-05 7.18669e-05 9.2503e-05 0.000117723 0.000148147 0.000184376 0.000226957 0.000276349 0.000332888 0.000396747 0.000467902 0.0005461 0.000630837 0.000721345 0.000816589 0.000915281 0.0010159 0.00111674 0.00121595 0.00131158 0.00140169 0.00148434 0.00155773 0.00162023 0.00167039 0.00170708 0.00172944 0.00173696 0.00172944 0.00170708 0.00167039 0.00162023 0.00155773 0.00148434 0.00140169 0.00131158 0.00121595 0.00111674 0.0010159 0.000915281 0.000816589 0.000721345 0.000630837 0.0005461 0.000467902 0.000396747 0.000332888 0.000276349 0.000226957 0.000184376 0.000148147 0.000117723 9.2503e-05 7.18669e-05 5.51987e-05 4.1909e-05 3.14493e-05 2.33234e-05 1.70923e-05 1.23762e-05 8.85322e-06 6.25606e-06 4.36656e-06 3.01005e-06 2.04911e-06 1.37744e-06 9.14252e-07 5.99117e-07 3.87602e-07 2.4756e-07 1.56107e-07 9.722e-08 5.98619e-08 3.65664e-08 2.2386e-08 1.41369e-08 9.87662e-09 
1.41489e-08 1.62963e-08 2.32669e-08 3.6743e-08 5.98619e-08 9.77533e-08 1.58367e-07 2.53664e-07 4.01267e-07 6.26677e-07 9.66184e-07 1.47059e-06 2.20984e-06 3.27871e-06 4.8034e-06 6.94927e-06 9.92924e-06 1.40127e-05 1.95347e-05 2.69038e-05 3.66097e-05 4.92272e-05 6.54174e-05 8.59236e-05 0.000111562 0.000143206 0.000181759 0.000228128 0.000283178 0.000347691 0.00042231 0.000507491 0.000603442 0.000710078 0.000826978 0.000953352 0.00108803 0.00122945 0.00137569 0.00152451 0.00167339 0.00181962 0.00196039 0.00209284 0.00221419 0.00232184 0.00241343 0.0024869 0.00254061 0.00257333 0.00258432 0.00257333 0.00254061 0.0024869 0.00241343 0.00232184 0.00221419 0.00209284 0.00196039 0.00181962 0.00167339 0.00152451 0.00137569 0.00122945 0.00108803 0.000953352 0.000826978 0.000710078 0.000603442 0.000507491 0.00042231 0.000347691 0.000283178 0.000228128 0.000181759 0.000143206 0.000111562 8.59236e-05 6.54174e-05 4.92272e-05 3.66097e-05 2.69038e-05 1.95347e-05 1.40127e-05 9.92924e-06 6.94927e-06 4.8034e-06 3.27871e-06 2.20984e-06 1.47059e-06 9.66184e-07 6.26677e-07 4.01267e-07 2.53664e-07 1.58367e-07 9.77533e-08 5.98619e-08 3.6743e-08 2.32669e-08 1.62963e-08 
2.31836e-08 2.6672e-08 3.79863e-08 5.98267e-08 9.722e-08 1.58367e-07 2.55942e-07 4.08958e-07 6.45336e-07 1.00535e-06 1.54612e-06 2.3473e-06 3.51819e-06 5.20627e-06 7.60726e-06 1.09764e-05 1.56412e-05 2.20141e-05 3.06056e-05 4.20357e-05 5.70438e-05 7.64931e-05 0.000101372 0.000132784 0.000171937 0.00022011 0.000278623 0.000348785 0.000431835 0.000528876 0.000640801 0.000768212 0.000911347 0.00107001 0.00124351 0.00143062 0.00162956 0.00183802 0.00205315 0.00227166 0.00248987 0.00270386 0.00290954 0.00310281 0.00327968 0.00343642 0.00356966 0.00367647 0.00375451 0.00380203 0.003818 0.00380203 0.00375451 0.00367647 0.00356966 0.00343642 0.00327968 0.00310281 0.00290954 0.00270386 0.00248987 0.00227166 0.00205315 0.00183802 0.00162956 0.00143062 0.00124351 0.00107001 0.000911347 0.000768212 0.000640801 0.000528876 0.000431835 0.000348785 0.000278623 0.00022011 0.000171937 0.000132784 0.000101372 7.64931e-05 5.70438e-05 4.20357e-05 3.06056e-05 2.20141e-05 1.56412e-05 1.09764e-05 7.60726e-06 5.20627e-06 3.51819e-06 2.3473e-06 1.54612e-06 1.00535e-06 6.45336e-07 4.08958e-07 2.55942e-07 1.58367e-07 9.722e-08 5.98267e-08 3.79863e-08 2.6672e-08 
3.75582e-08 4.31608e-08 6.13172e-08 9.63117e-08 1.56107e-07 2.53664e-07 4.08958e-07 6.51864e-07 1.02612e-06 1.5946e-06 2.44615e-06 3.70426e-06 5.53774e-06 8.17349e-06 1.19114e-05 1.71411e-05 2.43601e-05 3.41926e-05 4.74072e-05 6.49337e-05 8.78744e-05 0.000117511 0.000155301 0.000202865 0.000261964 0.000334451 0.000422224 0.000527148 0.000650972 0.000795227 0.000961124 0.00114944 0.00136042 0.00159366 0.00184806 0.00212176 0.00241209 0.00271562 0.00302823 0.00334512 0.00366101 0.00397027 0.00426707 0.00454558 0.00480017 0.00502554 0.00521694 0.00537027 0.00548224 0.00555041 0.0055733 0.00555041 0.00548224 0.00537027 0.00521694 0.00502554 0.00480017 0.00454558 0.00426707 0.00397027 0.00366101 0.00334512 0.00302823 0.00271562 0.00241209 0.00212176 0.00184806 0.00159366 0.00136042 0.00114944 0.000961124 0.000795227 0.000650972 0.000527148 0.000422224 0.000334451 0.000261964 0.000202865 0.000155301 0.000117511 8.78744e-05 6.49337e-05 4.74072e-05 3.41926e-05 2.43601e-05 1.71411e-05 1.19114e-05 8.17349e-06 5.53774e-06 3.70426e-06 2.44615e-06 1.5946e-06 1.02612e-06 6.51864e-07 4.08958e-07 2.53664e-07 1.56107e-07 9.63117e-08 6.13172e-08 4.31608e-08 
6.00961e-08 6.89825e-08 9.77566e-08 1.53131e-07 2.4756e-07 4.01267e-07 6.45336e-07 1.02612e-06 1.61125e-06 2.49763e-06 3.82172e-06 5.77248e-06 8.60724e-06 1.26706e-05 1.8416e-05 2.64303e-05 3.74597e-05 5.24356e-05 7.25005e-05 9.90287e-05 0.000133642 0.000178215 0.00023487 0.00030595 0.000393983 0.000501617 0.000631534 0.000786351 0.000968489 0.00118004 0.0014226 0.00169713 0.00200384 0.00234199 0.00270985 0.0031046 0.00352234 0.00395808 0.00440588 0.0048589 0.00530965 0.00575018 0.00617229 0.00656783 0.00692894 0.00724827 0.00751921 0.00773612 0.00789441 0.00799076 0.0080231 0.00799076 0.00789441 0.00773612 0.00751921 0.00724827 0.00692894 0.00656783 0.00617229 0.00575018 0.00530965 0.0048589 0.00440588 0.00395808 0.00352234 0.0031046 0.00270985 0.00234199 0.00200384 0.00169713 0.0014226 0.00118004 0.000968489 0.000786351 0.000631534 0.000501617 0.000393983 0.00030595 0.00023487 0.000178215 0.000133642 9.90287e-05 7.25005e-05 5.24356e-05 3.74597e-05 2.64303e-05 1.8416e-05 1.26706e-05 8.60724e-06 5.77248e-06 3.82172e-06 2.49763e-06 1.61125e-06 1.02612e-06 6.45336e-07 4.01267e-07 2.4756e-07 1.53131e-07 9.77566e-08 6.89825e-08 
9.49459e-08 1.08861e-07 1.53881e-07 2.40386e-07 3.87602e-07 6.26677e-07 1.00535e-06 1.5946e-06 2.49763e-06 3.86183e-06 5.89398e-06 8.87941e-06 1.32051e-05 1.93873e-05 2.81027e-05 4.02228e-05 5.68511e-05 7.93589e-05 0.00010942 0.000149037 0.000200561 0.000266696 0.000350481 0.000455257 0.000584596 0.000742216 0.00093185 0.0011571 0.00142126 0.00172711 0.00207672 0.00247123 0.00291068 0.00339382 0.00391796 0.00447896 0.00507114 0.00568738 0.00631925 0.00695714 0.00759061 0.00820859 0.00879976 0.00935292 0.00985725 0.0103027 0.0106804 0.0109824 0.0112028 0.0113368 0.0113818 0.0113368 0.0112028 0.0109824 0.0106804 0.0103027 0.00985725 0.00935292 0.00879976 0.00820859 0.00759061 0.00695714 0.00631925 0.00568738 0.00507114 0.00447896 0.00391796 0.00339382 0.00291068 0.00247123 0.00207672 0.00172711 0.00142126 0.0011571 0.00093185 0.000742216 0.000584596 0.000455257 0.000350481 0.000266696 0.000200561 0.000149037 0.00010942 7.93589e-05 5.68511e-05 4.02228e-05 2.81027e-05 1.93873e-05 1.32051e-05 8.87941e-06 5.89398e-06 3.86183e-06 2.49763e-06 1.5946e-06 1.00535e-06 6.26677e-07 3.87602e-07 2.40386e-07 1.53881e-07 1.08861e-07 
1.48105e-07 1.69616e-07 2.39151e-07 3.72553e-07 5.99117e-07 9.66184e-07 1.54612e-06 2.44615e-06 3.82172e-06 5.89398e-06 8.97216e-06 1.34812e-05 1.99954e-05 2.92775e-05 4.2323e-05 6.04091e-05 8.51446e-05 0.00011852 0.000162951 0.000221316 0.000296974 0.000393763 0.000515974 0.000668289 0.000855683 0.00108328 0.0013562 0.0016793 0.00205696 0.00249282 0.00298945 0.00354813 0.00416857 0.00484867 0.00558442 0.00636975 0.00719658 0.00805488 0.00893288 0.00981732 0.0106938 0.0115473 0.0123624 0.0131238 0.0138171 0.0144288 0.0149468 0.0153608 0.0156626 0.0158461 0.0159077 0.0158461 0.0156626 0.0153608 0.0149468 0.0144288 0.0138171 0.0131238 0.0123624 0.0115473 0.0106938 0.00981732 0.00893288 0.00805488 0.00719658 0.00636975 0.00558442 0.00484867 0.00416857 0.00354813 0.00298945 0.00249282 0.00205696 0.0016793 0.0013562 0.00108328 0.000855683 0.000668289 0.000515974 0.000393763 0.000296974 0.000221316 0.000162951 0.00011852 8.51446e-05 6.04091e-05 4.2323e-05 2.92775e-05 1.99954e-05 1.34812e-05 8.97216e-06 5.89398e-06 3.82172e-06 2.44615e-06 1.54612e-06 9.66184e-07 5.99117e-07 3.72553e-07 2.39151e-07 1.69616e-07 
2.28105e-07 2.60933e-07 3.66958e-07 5.70048e-07 9.14252e-07 1.47059e-06 2.3473e-06 3.70426e-06 5.77248e-06 8.87941e-06 1.34812e-05 2.02024e-05 2.98835e-05 4.36362e-05 6.29054e-05 8.95358e-05 0.000125841 0.000174668 0.000239457 0.000324282 0.000433869 0.000573589 0.000749404 0.000967774 0.00123551 0.00155957 0.00194682 0.00240371 0.00293595 0.00354814 0.00424342 0.00502304 0.00588612 0.00682932 0.00784668 0.00892952 0.0100665 0.0112437 0.012445 0.0136523 0.0148462 0.0160065 0.0171125 0.0181442 0.0190821 0.0199086 0.0206078 0.0211662 0.021573 0.0218202 0.0219032 0.0218202 0.021573 0.0211662 0.0206078 0.0199086 0.0190821 0.0181442 0.0171125 0.0160065 0.0148462 0.0136523 0.012445 0.0112437 0.0100665 0.00892952 0.00784668 0.00682932 0.00588612 0.00502304 0.00424342 0.00354814 0.00293595 0.00240371 0.00194682 0.00155957 0.00123551 0.000967774 0.000749404 0.000573589 0.000433869 0.000324282 0.000239457 0.000174668 0.000125841 8.95358e-05 6.29054e-05 4.36362e-05 2.98835e-05 2.02024e-05 1.34812e-05 8.87941e-06 5.77248e-06 3.70426e-06 2.3473e-06 1.47059e-06 9.14252e-07 5.70048e-07 3.66958e-07 2.60933e-07 
3.46892e-07 3.96353e-07 5.55958e-07 8.61196e-07 1.37744e-06 2.20984e-06 3.51819e-06 5.53774e-06 8.60724e-06 1.32051e-05 1.99954e-05 2.98835e-05 4.4083e-05 6.41922e-05 9.22793e-05 0.000130972 0.000183552 0.000254033 0.000347242 0.000468862 0.000625448 0.000824398 0.00107387 0.00138264 0.00175987 0.00221484 0.00275661 0.00339355 0.00413296 0.0049805 0.00593979 0.00701187 0.00819485 0.00948355 0.0108693 0.0123399 0.0138796 0.0154695 0.0170878 0.0187104 0.0203113 0.0218639 0.0233412 0.0247167 0.0259655 0.0270644 0.027993 0.028734 0.0292734 0.0296011 0.029711 0.0296011 0.0292734 0.028734 0.027993 0.0270644 0.0259655 0.0247167 0.0233412 0.0218639 0.0203113 0.0187104 0.0170878 0.0154695 0.0138796 0.0123399 0.0108693 0.00948355 0.00819485 0.00701187 0.00593979 0.0049805 0.00413296 0.00339355 0.00275661 0.00221484 0.00175987 0.00138264 0.00107387 0.000824398 0.000625448 0.000468862 0.000347242 0.000254033 0.000183552 0.000130972 9.22793e-05 6.41922e-05 4.4083e-05 2.98835e-05 1.99954e-05 1.32051e-05 8.60724e-06 5.53774e-06 3.51819e-06 2.20984e-06 1.37744e-06 8.61196e-07 5.55958e-07 3.96353e-07 
5.20927e-07 5.94504e-07 8.31721e-07 1.28466e-06 2.04911e-06 3.27871e-06 5.20627e-06 8.17349e-06 1.26706e-05 1.93873e-05 2.92775e-05 4.36362e-05 6.41922e-05 9.32124e-05 0.000133616 0.000189097 0.00026424 0.00036463 0.00049694 0.000668983 0.000889714 0.00116917 0.00151834 0.00194895 0.00247313 0.00310305 0.0038504 0.00472587 0.00573851 0.00689512 0.00819961 0.00965244 0.0112501 0.0129849 0.0148443 0.0168115 0.0188651 0.0209796 0.0231262 0.0252729 0.0273862 0.0294312 0.0313731 0.033178 0.034814 0.0362517 0.0374652 0.0384326 0.0391363 0.0395637 0.039707 0.0395637 0.0391363 0.0384326 0.0374652 0.0362517 0.034814 0.033178 0.0313731 0.0294312 0.0273862 0.0252729 0.0231262 0.0209796 0.0188651 0.0168115 0.0148443 0.0129849 0.0112501 0.00965244 0.00819961 0.00689512 0.00573851 0.00472587 0.0038504 0.00310305 0.00247313 0.00194895 0.00151834 0.00116917 0.000889714 0.000668983 0.00049694 0.00036463 0.00026424 0.000189097 0.000133616 9.32124e-05 6.41922e-05 4.36362e-05 2.92775e-05 1.93873e-05 1.26706e-05 8.17349e-06 5.20627e-06 3.27871e-06 2.04911e-06 1.28466e-06 8.31721e-07 5.94504e-07 
7.72527e-07 8.806e-07 1.22873e-06 1.89238e-06 3.01005e-06 4.8034e-06 7.60726e-06 1.19114e-05 1.8416e-05 2.81027e-05 4.2323e-05 6.29054e-05 9.22793e-05 0.000133616 0.000190983 0.000269496 0.000375477 0.000516584 0.000701913 0.000942049 0.00124904 0.00163631 0.00211842 0.00271078 0.00342919 0.00428929 0.00530594 0.00649243 0.00785973 0.00941566 0.0111642 0.0131045 0.0152308 0.0175316 0.0199896 0.0225817 0.0252793 0.0280488 0.0308523 0.0336487 0.0363947 0.0390459 0.0415583 0.0438891 0.0459982 0.047849 0.0494093 0.0506518 0.0515551 0.0521034 0.0522872 0.0521034 0.0515551 0.0506518 0.0494093 0.047849 0.0459982 0.0438891 0.0415583 0.0390459 0.0363947 0.0336487 0.0308523 0.0280488 0.0252793 0.0225817 0.0199896 0.0175316 0.0152308 0.0131045 0.0111642 0.00941566 0.00785973 0.00649243 0.00530594 0.00428929 0.00342919 0.00271078 0.00211842 0.00163631 0.00124904 0.000942049 0.000701913 0.000516584 0.000375477 0.000269496 0.000190983 0.000133616 9.22793e-05 6.29054e-05 4.2323e-05 2.81027e-05 1.8416e-05 1.19114e-05 7.60726e-06 4.8034e-06 3.01005e-06 1.89238e-06 1.22873e-06 8.806e-07 
1.13145e-06 1.28821e-06 1.79272e-06 2.75292e-06 4.36656e-06 6.94927e-06 1.09764e-05 1.71411e-05 2.64303e-05 4.02228e-05 6.04091e-05 8.95358e-05 0.000130972 0.000189097 0.000269496 0.000379164 0.000526694 0.000722441 0.000978628 0.00130939 0.00173069 0.00226021 0.00291694 0.00372081 0.00469204 0.00585039 0.00721431 0.00879998 0.0106203 0.0126839 0.0149941 0.0175484 0.0203372 0.0233442 0.0265454 0.02991 0.0334002 0.0369724 0.0405779 0.0441644 0.0476771 0.0510605 0.0542597 0.0572218 0.0598974 0.0622418 0.0642156 0.0657858 0.0669264 0.0676184 0.0678503 0.0676184 0.0669264 0.0657858 0.0642156 0.0622418 0.0598974 0.0572218 0.0542597 0.0510605 0.0476771 0.0441644 0.0405779 0.0369724 0.0334002 0.02991 0.0265454 0.0233442 0.0203372 0.0175484 0.0149941 0.0126839 0.0106203 0.00879998 0.00721431 0.00585039 0.00469204 0.00372081 0.00291694 0.00226021 0.00173069 0.00130939 0.000978628 0.000722441 0.000526694 0.000379164 0.000269496 0.000189097 0.000130972 8.95358e-05 6.04091e-05 4.02228e-05 2.64303e-05 1.71411e-05 1.09764e-05 6.94927e-06 4.36656e-06 2.75292e-06 1.79272e-06 1.28821e-06 
1.63675e-06 1.8613e-06 2.58336e-06 3.95536e-06 6.25606e-06 9.92924e-06 1.56412e-05 2.43601e-05 3.74597e-05 5.68511e-05 8.51446e-05 0.000125841 0.000183552 0.00026424 0.000375477 0.000526694 0.000729416 0.000997443 0.00134697 0.00179659 0.00236718 0.00308162 0.00396434 0.00504066 0.00633599 0.00787484 0.00967965 0.0117696 0.0141594 0.0168579 0.0198673 0.0231816 0.0267868 0.0306594 0.0347675 0.0390701 0.0435183 0.0480563 0.0526226 0.0571517 0.0615755 0.0658258 0.0698353 0.07354 0.0768803 0.0798022 0.082259 0.0842114 0.0856283 0.0864875 0.0867754 0.0864875 0.0856283 0.0842114 0.082259 0.0798022 0.0768803 0.07354 0.0698353 0.0658258 0.0615755 0.0571517 0.0526226 0.0480563 0.0435183 0.0390701 0.0347675 0.0306594 0.0267868 0.0231816 0.0198673 0.0168579 0.0141594 0.0117696 0.00967965 0.00787484 0.00633599 0.00504066 0.00396434 0.00308162 0.00236718 0.00179659 0.00134697 0.000997443 0.000729416 0.000526694 0.000375477 0.00026424 0.000183552 0.000125841 8.51446e-05 5.68511e-05 3.74597e-05 2.43601e-05 1.56412e-05 9.92924e-06 6.25606e-06 3.95536e-06 2.58336e-06 1.8613e-06 
2.33877e-06 2.65648e-06 3.67716e-06 5.61341e-06 8.85322e-06 1.40127e-05 2.20141e-05 3.41926e-05 5.24356e-05 7.93589e-05 0.00011852 0.000174668 0.000254033 0.00036463 0.000516584 0.000722441 0.000997443 0.00135973 0.00183046 0.00243375 0.00319647 0.0041478 0.00531864 0.00674065 0.00844522 0.0104621 0.012818 0.0155351 0.0186293 0.0221092 0.0259742 0.0302141 0.0348079 0.0397236 0.0449186 0.0503396 0.0559245 0.0616029 0.0672983 0.0729301 0.0784154 0.0836715 0.0886179 0.0931781 0.0972817 0.100865 0.103874 0.106262 0.107994 0.109044 0.109395 0.109044 0.107994 0.106262 0.103874 0.100865 0.0972817 0.0931781 0.0886179 0.0836715 0.0784154 0.0729301 0.0672983 0.0616029 0.0559245 0.0503396 0.0449186 0.0397236 0.0348079 0.0302141 0.0259742 0.0221092 0.0186293 0.0155351 0.012818 0.0104621 0.00844522 0.00674065 0.00531864 0.0041478 0.00319647 0.00243375 0.00183046 0.00135973 0.000997443 0.000722441 0.000516584 0.00036463 0.000254033 0.000174668 0.00011852 7.93589e-05 5.24356e-05 3.41926e-05 2.20141e-05 1.40127e-05 8.85322e-06 5.61341e-06 3.67716e-06 2.65648e-06 
3.30134e-06 3.74535e-06 5.17053e-06 7.86968e-06 1.23762e-05 1.95347e-05 3.06056e-05 4.74072e-05 7.25005e-05 0.00010942 0.000162951 0.000239457 0.000347242 0.00049694 0.000701913 0.000978628 0.00134697 0.00183046 0.00245635 0.00325546 0.00426186 0.00551225 0.00704504 0.00889917 0.0111127 0.013721 0.0167551 0.0202397 0.0241915 0.0286173 0.0335126 0.0388605 0.0446313 0.0507818 0.0572562 0.0639868 0.0708953 0.0778947 0.0848914 0.0917878 0.0984847 0.104884 0.110891 0.116416 0.121377 0.125702 0.129328 0.132203 0.134285 0.135546 0.135968 0.135546 0.134285 0.132203 0.129328 0.125702 0.121377 0.116416 0.110891 0.104884 0.0984847 0.0917878 0.0848914 0.0778947 0.0708953 0.0639868 0.0572562 0.0507818 0.0446313 0.0388605 0.0335126 0.0286173 0.0241915 0.0202397 0.0167551 0.013721 0.0111127 0.00889917 0.00704504 0.00551225 0.00426186 0.00325546 0.00245635 0.00183046 0.00134697 0.000978628 0.000701913 0.00049694 0.000347242 0.000239457 0.000162951 0.00010942 7.25005e-05 4.74072e-05 3.06056e-05 1.95347e-05 1.23762e-05 7.86968e-06 5.17053e-06 3.74535e-06 
4.60392e-06 5.21694e-06 7.18283e-06 1.08999e-05 1.70923e-05 2.69038e-05 4.20357e-05 6.49337e-05 9.90287e-05 0.000149037 0.000221316 0.000324282 0.000468862 0.000668983 0.000942049 0.00130939 0.00179659 0.00243375 0.00325546 0.00430056 0.00561163 0.00723408 0.00921492 0.0116012 0.0144381 0.017767 0.0216229 0.0260324 0.0310116 0.036564 0.0426791 0.0493313 0.056479 0.0640656 0.0720193 0.0802549 0.0886758 0.0971758 0.105643 0.11396 0.122011 0.129682 0.136863 0.143452 0.149356 0.154493 0.158792 0.162196 0.16466 0.166151 0.16665 0.166151 0.16466 0.162196 0.158792 0.154493 0.149356 0.143452 0.136863 0.129682 0.122011 0.11396 0.105643 0.0971758 0.0886758 0.0802549 0.0720193 0.0640656 0.056479 0.0493313 0.0426791 0.036564 0.0310116 0.0260324 0.0216229 0.017767 0.0144381 0.0116012 0.00921492 0.00723408 0.00561163 0.00430056 0.00325546 0.00243375 0.00179659 0.00130939 0.000942049 0.000668983 0.000468862 0.000324282 0.000221316 0.000149037 9.90287e-05 6.49337e-05 4.20357e-05 2.69038e-05 1.70923e-05 1.08999e-05 7.18283e-06 5.21694e-06 
6.34368e-06 7.17988e-06 9.85908e-06 1.49165e-05 2.33234e-05 3.66097e-05 5.70438e-05 8.78744e-05 0.000133642 0.000200561 0.000296974 0.000433869 0.000625448 0.000889714 0.00124904 0.00173069 0.00236718 0.00319647 0.00426186 0.00561163 0.00729819 0.00937686 0.0119043 0.0149362 0.0185255 0.022719 0.0275553 0.0330618 0.0392523 0.0461249 0.0536604 0.0618217 0.0705527 0.0797799 0.0894126 0.0993456 0.109461 0.119632 0.129726 0.139607 0.14914 0.158195 0.166647 0.174382 0.181297 0.187301 0.192318 0.196285 0.199153 0.200887 0.201468 0.200887 0.199153 0.196285 0.192318 0.187301 0.181297 0.174382 0.166647 0.158195 0.14914 0.139607 0.129726 0.119632 0.109461 0.0993456 0.0894126 0.0797799 0.0705527 0.0618217 0.0536604 0.0461249 0.0392523 0.0330618 0.0275553 0.022719 0.0185255 0.0149362 0.0119043 0.00937686 0.00729819 0.00561163 0.00426186 0.00319647 0.00236718 0.00173069 0.00124904 0.000889714 0.000625448 0.000433869 0.000296974 0.000200561 0.000133642 8.78744e-05 5.70438e-05 3.66097e-05 2.33234e-05 1.49165e-05 9.85908e-06 7.17988e-06 
8.63714e-06 9.76421e-06 1.33722e-05 2.01716e-05 3.14493e-05 4.92272e-05 7.64931e-05 0.000117511 0.000178215 0.000266696 0.000393763 0.000573589 0.000824398 0.00116917 0.00163631 0.00226021 0.00308162 0.0041478 0.00551225 0.00723408 0.00937686 0.012007 0.0151915 0.0189954 0.0234791 0.0286946 0.0346828 0.0414701 0.0490658 0.0574602 0.0666224 0.0765002 0.08702 0.0980878 0.109591 0.121402 0.13338 0.145375 0.157232 0.168796 0.179914 0.190439 0.200235 0.209174 0.217147 0.224055 0.229816 0.234365 0.23765 0.239635 0.240299 0.239635 0.23765 0.234365 0.229816 0.224055 0.217147 0.209174 0.200235 0.190439 0.179914 0.168796 0.157232 0.145375 0.13338 0.121402 0.109591 0.0980878 0.08702 0.0765002 0.0666224 0.0574602 0.0490658 0.0414701 0.0346828 0.0286946 0.0234791 0.0189954 0.0151915 0.012007 0.00937686 0.00723408 0.00551225 0.0041478 0.00308162 0.00226021 0.00163631 0.00116917 0.000824398 0.000573589 0.000393763 0.000266696 0.000178215 0.000117511 7.64931e-05 4.92272e-05 3.14493e-05 2.01716e-05 1.33722e-05 9.76421e-06 
1.16213e-05 1.31225e-05 1.7924e-05 2.69578e-05 4.1909e-05 6.54174e-05 0.000101372 0.000155301 0.00023487 0.000350481 0.000515974 0.000749404 0.00107387 0.00151834 0.00211842 0.00291694 0.00396434 0.00531864 0.00704504 0.00921492 0.0119043 0.0151915 0.0191546 0.0238682 0.0293995 0.0358048 0.0431255 0.0513851 0.0605855 0.0707056 0.0816996 0.0934966 0.106001 0.119097 0.132645 0.146494 0.160476 0.174419 0.188146 0.201481 0.214255 0.226306 0.237486 0.247659 0.256709 0.264532 0.271044 0.276177 0.27988 0.282116 0.282864 0.282116 0.27988 0.276177 0.271044 0.264532 0.256709 0.247659 0.237486 0.226306 0.214255 0.201481 0.188146 0.174419 0.160476 0.146494 0.132645 0.119097 0.106001 0.0934966 0.0816996 0.0707056 0.0605855 0.0513851 0.0431255 0.0358048 0.0293995 0.0238682 0.0191546 0.0151915 0.0119043 0.00921492 0.00704504 0.00531864 0.00396434 0.00291694 0.00211842 0.00151834 0.00107387 0.000749404 0.000515974 0.000350481 0.00023487 0.000155301 0.000101372 6.54174e-05 4.1909e-05 2.69578e-05 1.7924e-05 1.31225e-05 
1.54537e-05 1.743e-05 2.37454e-05 3.56082e-05 5.51987e-05 8.59236e-05 0.000132784 0.000202865 0.00030595 0.000455257 0.000668289 0.000967774 0.00138264 0.00194895 0.00271078 0.00372081 0.00504066 0.00674065 0.00889917 0.0116012 0.0149362 0.0189954 0.0238682 0.0296381 0.0363786 0.0441484 0.0529875 0.062913 0.0739166 0.085962 0.0989842 0.11289 0.127559 0.142847 0.158588 0.174603 0.190699 0.206678 0.222343 0.237498 0.251958 0.265551 0.278119 0.28952 0.299634 0.308356 0.315601 0.321303 0.325411 0.32789 0.328718 0.32789 0.325411 0.321303 0.315601 0.308356 0.299634 0.28952 0.278119 0.265551 0.251958 0.237498 0.222343 0.206678 0.190699 0.174603 0.158588 0.142847 0.127559 0.11289 0.0989842 0.085962 0.0739166 0.062913 0.0529875 0.0441484 0.0363786 0.0296381 0.0238682 0.0189954 0.0149362 0.0116012 0.00889917 0.00674065 0.00504066 0.00372081 0.00271078 0.00194895 0.00138264 0.000967774 0.000668289 0.000455257 0.00030595 0.000202865 0.000132784 8.59236e-05 5.51987e-05 3.56082e-05 2.37454e-05 1.743e-05 
2.03117e-05 2.28834e-05 3.10942e-05 4.64926e-05 7.18669e-05 0.000111562 0.000171937 0.000261964 0.000393983 0.000584596 0.000855683 0.00123551 0.00175987 0.00247313 0.00342919 0.00469204 0.00633599 0.00844522 0.0111127 0.0144381 0.0185255 0.0234791 0.0293995 0.0363786 0.0444944 0.053806 0.0643488 0.0761307 0.0891285 0.103287 0.118517 0.1347 0.151685 0.169299 0.187347 0.205618 0.223894 0.241954 0.259577 0.276555 0.292689 0.307796 0.321713 0.334298 0.345429 0.355004 0.36294 0.369175 0.373661 0.376364 0.377268 0.376364 0.373661 0.369175 0.36294 0.355004 0.345429 0.334298 0.321713 0.307796 0.292689 0.276555 0.259577 0.241954 0.223894 0.205618 0.187347 0.169299 0.151685 0.1347 0.118517 0.103287 0.0891285 0.0761307 0.0643488 0.053806 0.0444944 0.0363786 0.0293995 0.0234791 0.0185255 0.0144381 0.0111127 0.00844522 0.00633599 0.00469204 0.00342919 0.00247313 0.00175987 0.00123551 0.000855683 0.000584596 0.000393983 0.000261964 0.000171937 0.000111562 7.18669e-05 4.64926e-05 3.10942e-05 2.28834e-05 
2.63898e-05 2.9698e-05 4.02512e-05 6.00111e-05 9.2503e-05 0.000143206 0.00022011 0.000334451 0.000501617 0.000742216 0.00108328 0.00155957 0.00221484 0.00310305 0.00428929 0.00585039 0.00787484 0.0104621 0.013721 0.017767 0.022719 0.0286946 0.0358048 0.0441484 0.053806 0.0648341 0.0772603 0.0910785 0.106247 0.122686 0.14028 0.158878 0.178298 0.198332 0.218755 0.239327 0.259801 0.279935 0.29949 0.318243 0.335987 0.352534 0.367721 0.381406 0.393472 0.403823 0.412383 0.419095 0.423917 0.42682 0.42779 0.42682 0.423917 0.419095 0.412383 0.403823 0.393472 0.381406 0.367721 0.352534 0.335987 0.318243 0.29949 0.279935 0.259801 0.239327 0.218755 0.198332 0.178298 0.158878 0.14028 0.122686 0.106247 0.0910785 0.0772603 0.0648341 0.053806 0.0441484 0.0358048 0.0286946 0.022719 0.017767 0.013721 0.0104621 0.00787484 0.00585039 0.00428929 0.00310305 0.00221484 0.00155957 0.00108328 0.000742216 0.000501617 0.000334451 0.00022011 0.000143206 9.2503e-05 6.00111e-05 4.02512e-05 2.9698e-05 
3.38952e-05 3.81027e-05 5.15134e-05 7.65846e-05 0.000117723 0.000181759 0.000278623 0.000422224 0.000631534 0.00093185 0.0013562 0.00194682 0.00275661 0.0038504 0.00530594 0.00721431 0.00967965 0.012818 0.0167551 0.0216229 0.0275553 0.0346828 0.0431255 0.0529875 0.0643488 0.0772603 0.0917371 0.107755 0.125249 0.14411 0.164191 0.185305 0.207236 0.22974 0.252559 0.275423 0.298061 0.320209 0.341615 0.362045 0.381287 0.399154 0.415487 0.430151 0.443037 0.454059 0.463151 0.470266 0.475369 0.47844 0.479464 0.47844 0.475369 0.470266 0.463151 0.454059 0.443037 0.430151 0.415487 0.399154 0.381287 0.362045 0.341615 0.320209 0.298061 0.275423 0.252559 0.22974 0.207236 0.185305 0.164191 0.14411 0.125249 0.107755 0.0917371 0.0772603 0.0643488 0.0529875 0.0431255 0.0346828 0.0275553 0.0216229 0.0167551 0.012818 0.00967965 0.00721431 0.00530594 0.0038504 0.00275661 0.00194682 0.0013562 0.00093185 0.000631534 0.000422224 0.000278623 0.000181759 0.000117723 7.65846e-05 5.15134e-05 3.81027e-05 
4.3042e-05 4.83335e-05 6.51851e-05 9.66404e-05 0.000148147 0.000228128 0.000348785 0.000527148 0.000786351 0.0011571 0.0016793 0.00240371 0.00339355 0.00472587 0.00649243 0.00879998 0.0117696 0.0155351 0.0202397 0.0260324 0.0330618 0.0414701 0.0513851 0.062913 0.0761307 0.0910785 0.107755 0.126114 0.146059 0.167451 0.190103 0.213792 0.238262 0.263235 0.288418 0.313512 0.338225 0.362274 0.385397 0.407355 0.427937 0.446962 0.46428 0.479766 0.493327 0.504891 0.514404 0.521832 0.527151 0.530348 0.531414 0.530348 0.527151 0.521832 0.514404 0.504891 0.493327 0.479766 0.46428 0.446962 0.427937 0.407355 0.385397 0.362274 0.338225 0.313512 0.288418 0.263235 0.238262 0.213792 0.190103 0.167451 0.146059 0.126114 0.107755 0.0910785 0.0761307 0.062913 0.0513851 0.0414701 0.0330618 0.0260324 0.0202397 0.0155351 0.0117696 0.00879998 0.00649243 0.00472587 0.00339355 0.00240371 0.0016793 0.0011571 0.000786351 0.000527148 0.000348785 0.000228128 0.000148147 9.66404e-05 6.51851e-05 4.83335e-05 
5.40427e-05 6.06237e-05 8.15651e-05 0.000120595 0.000184376 0.000283178 0.000431835 0.000650972 0.000968489 0.00142126 0.00205696 0.00293595 0.00413296 0.00573851 0.00785973 0.0106203 0.0141594 0.0186293 0.0241915 0.0310116 0.0392523 0.0490658 0.0605855 0.0739166 0.0891285 0.106247 0.125249 0.146059 0.168549 0.19254 0.217805 0.24408 0.271069 0.298457 0.325918 0.353128 0.379773 0.405559 0.430217 0.45351 0.475233 0.495216 0.513323 0.529449 0.543516 0.555471 0.565279 0.572919 0.57838 0.581658 0.582751 0.581658 0.57838 0.572919 0.565279 0.555471 0.543516 0.529449 0.513323 0.495216 0.475233 0.45351 0.430217 0.405559 0.379773 0.353128 0.325918 0.298457 0.271069 0.24408 0.217805 0.19254 0.168549 0.146059 0.125249 0.106247 0.0891285 0.0739166 0.0605855 0.0490658 0.0392523 0.0310116 0.0241915 0.0186293 0.0141594 0.0106203 0.00785973 0.00573851 0.00413296 0.00293595 0.00205696 0.00142126 0.000968489 0.000650972 0.000431835 0.000283178 0.000184376 0.000120595 8.15651e-05 6.06237e-05 
6.70983e-05 7.51934e-05 0.000100933 0.000148834 0.000226957 0.000347691 0.000528876 0.000795227 0.00118004 0.00172711 0.00249282 0.00354814 0.0049805 0.00689512 0.00941566 0.0126839 0.0168579 0.0221092 0.0286173 0.036564 0.0461249 0.0574602 0.0707056 0.085962 0.103287 0.122686 0.14411 0.167451 0.19254 0.219157 0.247031 0.275854 0.305291 0.334988 0.36459 0.393749 0.422137 0.44945 0.47542 0.499817 0.522448 0.543161 0.561839 0.5784 0.592789 0.604973 0.614938 0.622682 0.628206 0.631518 0.632621 0.631518 0.628206 0.622682 0.614938 0.604973 0.592789 0.5784 0.561839 0.543161 0.522448 0.499817 0.47542 0.44945 0.422137 0.393749 0.36459 0.334988 0.305291 0.275854 0.247031 0.219157 0.19254 0.167451 0.14411 0.122686 0.103287 0.085962 0.0707056 0.0574602 0.0461249 0.036564 0.0286173 0.0221092 0.0168579 0.0126839 0.00941566 0.00689512 0.0049805 0.00354814 0.00249282 0.00172711 0.00118004 0.000795227 0.000528876 0.000347691 0.000226957 0.000148834 0.000100933 7.51934e-05 
8.2386e-05 9.22358e-05 0.00012353 0.000181686 0.000276349 0.00042231 0.000640801 0.000961124 0.0014226 0.00207672 0.00298945 0.00424342 0.00593979 0.00819961 0.0111642 0.0149941 0.0198673 0.0259742 0.0335126 0.0426791 0.0536604 0.0666224 0.0816996 0.0989842 0.118517 0.14028 0.164191 0.190103 0.217805 0.247031 0.277464 0.30875 0.340514 0.372367 0.403926 0.434825 0.464724 0.493317 0.520344 0.545586 0.568869 0.590065 0.609081 0.625862 0.640379 0.652625 0.662609 0.670345 0.675853 0.67915 0.680247 0.67915 0.675853 0.670345 0.662609 0.652625 0.640379 0.625862 0.609081 0.590065 0.568869 0.545586 0.520344 0.493317 0.464724 0.434825 0.403926 0.372367 0.340514 0.30875 0.277464 0.247031 0.217805 0.190103 0.164191 0.14028 0.118517 0.0989842 0.0816996 0.0666224 0.0536604 0.0426791 0.0335126 0.0259742 0.0198673 0.0149941 0.0111642 0.00819961 0.00593979 0.00424342 0.00298945 0.00207672 0.0014226 0.000961124 0.000640801 0.00042231 0.000276349 0.000181686 0.00012353 9.22358e-05 
0.000100047 0.000111903 0.000149544 0.000219398 0.000332888 0.000507491 0.000768212 0.00114944 0.00169713 0.00247123 0.00354813 0.00502304 0.00701187 0.00965244 0.0131045 0.0175484 0.0231816 0.0302141 0.0388605 0.0493313 0.0618217 0.0765002 0.0934966 0.11289 0.1347 0.158878 0.185305 0.213792 0.24408 0.275854 0.30875 0.34237 0.376296 0.410109 0.443403 0.475796 0.506943 0.536545 0.564351 0.590163 0.613831 0.635254 0.654371 0.671156 0.68561 0.697753 0.707617 0.715239 0.720653 0.723889 0.724965 0.723889 0.720653 0.715239 0.707617 0.697753 0.68561 0.671156 0.654371 0.635254 0.613831 0.590163 0.564351 0.536545 0.506943 0.475796 0.443403 0.410109 0.376296 0.34237 0.30875 0.275854 0.24408 0.213792 0.185305 0.158878 0.1347 0.11289 0.0934966 0.0765002 0.0618217 0.0493313 0.0388605 0.0302141 0.0231816 0.0175484 0.0131045 0.00965244 0.00701187 0.00502304 0.00354813 0.00247123 0.00169713 0.00114944 0.000768212 0.000507491 0.000332888 0.000219398 0.000149544 0.000111903 
0.000120171 0.000134291 0.000179087 0.000262108 0.000396747 0.000603442 0.000911347 0.00136042 0.00200384 0.00291068 0.00416857 0.00588612 0.00819485 0.0112501 0.0152308 0.0203372 0.0267868 0.0348079 0.0446313 0.056479 0.0705527 0.08702 0.106001 0.127559 0.151685 0.178298 0.207236 0.238262 0.271069 0.305291 0.340514 0.376296 0.412183 0.447728 0.482503 0.516119 0.548234 0.578556 0.606855 0.632957 0.656742 0.678142 0.697129 0.713711 0.727919 0.739803 0.74942 0.756828 0.762077 0.765209 0.76625 0.765209 0.762077 0.756828 0.74942 0.739803 0.727919 0.713711 0.697129 0.678142 0.656742 0.632957 0.606855 0.578556 0.548234 0.516119 0.482503 0.447728 0.412183 0.376296 0.340514 0.305291 0.271069 0.238262 0.207236 0.178298 0.151685 0.127559 0.106001 0.08702 0.0705527 0.056479 0.0446313 0.0348079 0.0267868 0.0203372 0.0152308 0.0112501 0.00819485 0.00588612 0.00416857 0.00291068 0.00200384 0.00136042 0.000911347 0.000603442 0.000396747 0.000262108 0.000179087 0.000134291 
0.000142785 0.000159425 0.000212179 0.000309824 0.000467902 0.000710078 0.00107001 0.00159366 0.00234199 0.00339382 0.00484867 0.00682932 0.00948355 0.0129849 0.0175316 0.0233442 0.0306594 0.0397236 0.0507818 0.0640656 0.0797799 0.0980878 0.119097 0.142847 0.169299 0.198332 0.22974 0.263235 0.298457 0.334988 0.372367 0.410109 0.447728 0.484749 0.520734 0.55529 0.588081 0.618834 0.647342 0.673462 0.697108 0.718248 0.73689 0.753078 0.766877 0.778363 0.78762 0.794726 0.799748 0.80274 0.803733 0.80274 0.799748 0.794726 0.78762 0.778363 0.766877 0.753078 0.73689 0.718248 0.697108 0.673462 0.647342 0.618834 0.588081 0.55529 0.520734 0.484749 0.447728 0.410109 0.372367 0.334988 0.298457 0.263235 0.22974 0.198332 0.169299 0.142847 0.119097 0.0980878 0.0797799 0.0640656 0.0507818 0.0397236 0.0306594 0.0233442 0.0175316 0.0129849 0.00948355 0.00682932 0.00484867 0.00339382 0.00234199 0.00159366 0.00107001 0.000710078 0.000467902 0.000309824 0.000212179 0.000159425 
0.00016784 0.000187247 0.000248731 0.000362395 0.0005461 0.000826978 0.00124351 0.00184806 0.00270985 0.00391796 0.00558442 0.00784668 0.0108693 0.0148443 0.0199896 0.0265454 0.0347675 0.0449186 0.0572562 0.0720193 0.0894126 0.109591 0.132645 0.158588 0.187347 0.218755 0.252559 0.288418 0.325918 0.36459 0.403926 0.443403 0.482503 0.520734 0.557649 0.592858 0.62604 0.656943 0.685391 0.711274 0.734547 0.755213 0.773322 0.78895 0.802196 0.813167 0.821969 0.828701 0.833446 0.836266 0.837202 0.836266 0.833446 0.828701 0.821969 0.813167 0.802196 0.78895 0.773322 0.755213 0.734547 0.711274 0.685391 0.656943 0.62604 0.592858 0.557649 0.520734 0.482503 0.443403 0.403926 0.36459 0.325918 0.288418 0.252559 0.218755 0.187347 0.158588 0.132645 0.109591 0.0894126 0.0720193 0.0572562 0.0449186 0.0347675 0.0265454 0.0199896 0.0148443 0.0108693 0.00784668 0.00558442 0.00391796 0.00270985 0.00184806 0.00124351 0.000826978 0.0005461 0.000362395 0.000248731 0.000187247 
0.000195202 0.000217603 0.000288531 0.000419501 0.000630837 0.000953352 0.00143062 0.00212176 0.0031046 0.00447896 0.00636975 0.00892952 0.0123399 0.0168115 0.0225817 0.02991 0.0390701 0.0503396 0.0639868 0.0802549 0.0993456 0.121402 0.146494 0.174603 0.205618 0.239327 0.275423 0.313512 0.353128 0.393749 0.434825 0.475796 0.516119 0.55529 0.592858 0.628444 0.661745 0.692538 0.720681 0.746102 0.768795 0.788805 0.80622 0.821153 0.833733 0.844096 0.85237 0.858673 0.863101 0.865729 0.866599 0.865729 0.863101 0.858673 0.85237 0.844096 0.833733 0.821153 0.80622 0.788805 0.768795 0.746102 0.720681 0.692538 0.661745 0.628444 0.592858 0.55529 0.516119 0.475796 0.434825 0.393749 0.353128 0.313512 0.275423 0.239327 0.205618 0.174603 0.146494 0.121402 0.0993456 0.0802549 0.0639868 0.0503396 0.0390701 0.02991 0.0225817 0.0168115 0.0123399 0.00892952 0.00636975 0.00447896 0.0031046 0.00212176 0.00143062 0.000953352 0.000630837 0.000419501 0.000288531 0.000217603 
0.000224643 0.000250239 0.000331237 0.000480635 0.000721345 0.00108803 0.00162956 0.00241209 0.00352234 0.00507114 0.00719658 0.0100665 0.0138796 0.0188651 0.0252793 0.0334002 0.0435183 0.0559245 0.0708953 0.0886758 0.109461 0.13338 0.160476 0.190699 0.223894 0.259801 0.298061 0.338225 0.379773 0.422137 0.464724 0.506943 0.548234 0.588081 0.62604 0.661745 0.694918 0.72537 0.752994 0.777761 0.799705 0.818913 0.83551 0.849644 0.861474 0.871162 0.878858 0.884695 0.888782 0.891201 0.892001 0.891201 0.888782 0.884695 0.878858 0.871162 0.861474 0.849644 0.83551 0.818913 0.799705 0.777761 0.752994 0.72537 0.694918 0.661745 0.62604 0.588081 0.548234 0.506943 0.464724 0.422137 0.379773 0.338225 0.298061 0.259801 0.223894 0.190699 0.160476 0.13338 0.109461 0.0886758 0.0708953 0.0559245 0.0435183 0.0334002 0.0252793 0.0188651 0.0138796 0.0100665 0.00719658 0.00507114 0.00352234 0.00241209 0.00162956 0.00108803 0.000721345 0.000480635 0.000331237 0.000250239 
