0.000943571 0.000958376 0.00100299 0.00107799 0.00118434 0.00132337 0.00149675 0.00170646 0.00195474 0.0022441 0.00257722 0.00295691 0.00338605 0.00386755 0.00440424 0.00499881 0.00565373 0.00637119 0.00715298 0.00800044 0.00891436 0.00989491 0.0109416 0.0120531 0.0132275 0.0144617 0.0157521 0.0170938 0.0184814 0.0199083 0.0213673 0.0228502 0.0243481 0.0258515 0.0273503 0.0288338 0.0302912 0.0317111 0.0330825 0.0343941 0.0356348 0.0367941 0.0378617 0.0388282 0.0396848 0.0404237 0.0410379 0.0415218 0.0418707 0.0420814 0.0421519 0.0420814 0.0418707 0.0415218 0.0410379 0.0404237 0.0396848 0.0388282 0.0378617 0.0367941 0.0356348 0.0343941 0.0330825 0.0317111 0.0302912 0.0288338 0.0273503 0.0258515 0.0243481 0.0228502 0.0213673 0.0199083 0.0184814 0.0170938 0.0157521 0.0144617 0.0132275 0.0120531 0.0109416 0.00989491 0.00891436 0.00800044 0.00715298 0.00637119 0.00565373 0.00499881 0.00440424 0.00386755 0.00338605 0.00295691 0.00257722 0.0022441 0.00195474 0.00170646 0.00149675 0.00132337 0.00118434 0.00107799 0.00100299 0.000958376 
0.000958376 0.000973395 0.00101865 0.00109473 0.00120262 0.00134364 0.00151949 0.00173217 0.00198396 0.00227738 0.00261514 0.00300009 0.00343513 0.0039232 0.00446715 0.0050697 0.00573334 0.00646027 0.0072523 0.00811076 0.00903644 0.0100295 0.0110894 0.0122149 0.0134039 0.0146534 0.0159595 0.0173175 0.0187218 0.0201658 0.0216421 0.0231424 0.0246578 0.0261787 0.0276947 0.0291952 0.0306691 0.0321051 0.0334919 0.0348181 0.0360726 0.0372447 0.0383242 0.0393013 0.0401673 0.0409142 0.0415351 0.0420242 0.042377 0.0425899 0.0426612 0.0425899 0.042377 0.0420242 0.0415351 0.0409142 0.0401673 0.0393013 0.0383242 0.0372447 0.0360726 0.0348181 0.0334919 0.0321051 0.0306691 0.0291952 0.0276947 0.0261787 0.0246578 0.0231424 0.0216421 0.0201658 0.0187218 0.0173175 0.0159595 0.0146534 0.0134039 0.0122149 0.0110894 0.0100295 0.00903644 0.00811076 0.0072523 0.00646027 0.00573334 0.0050697 0.00446715 0.0039232 0.00343513 0.00300009 0.00261514 0.00227738 0.00198396 0.00173217 0.00151949 0.00134364 0.00120262 0.00109473 0.00101865 0.000973395 
0.00100299 0.00101865 0.00106585 0.00114518 0.00125767 0.00140469 0.00158798 0.00180962 0.00207196 0.0023776 0.00272934 0.0031301 0.00358288 0.00409071 0.00465651 0.00528307 0.00597294 0.00672837 0.00755118 0.00844272 0.00940378 0.0104345 0.0115342 0.0127017 0.0139345 0.0152298 0.0165834 0.0179903 0.0194448 0.02094 0.0224683 0.024021 0.025589 0.0271622 0.02873 0.0302815 0.0318051 0.0332893 0.0347224 0.0360926 0.0373885 0.0385992 0.0397139 0.0407229 0.041617 0.0423881 0.0430291 0.043534 0.0438981 0.0441179 0.0441914 0.0441179 0.0438981 0.043534 0.0430291 0.0423881 0.041617 0.0407229 0.0397139 0.0385992 0.0373885 0.0360926 0.0347224 0.0332893 0.0318051 0.0302815 0.02873 0.0271622 0.025589 0.024021 0.0224683 0.02094 0.0194448 0.0179903 0.0165834 0.0152298 0.0139345 0.0127017 0.0115342 0.0104345 0.00940378 0.00844272 0.00755118 0.00672837 0.00597294 0.00528307 0.00465651 0.00409071 0.00358288 0.0031301 0.00272934 0.0023776 0.00207196 0.00180962 0.00158798 0.00140469 0.00125767 0.00114518 0.00106585 0.00101865 
0.00107799 0.00109473 0.00114518 0.00122998 0.00135019 0.00150727 0.00170305 0.00193972 0.00221976 0.00254589 0.00292106 0.00334834 0.00383087 0.00437182 0.00497423 0.00564102 0.00637483 0.00717798 0.00805235 0.0089993 0.0100196 0.0111133 0.0122797 0.0135172 0.0148236 0.0161954 0.0176283 0.0191171 0.0206556 0.0222364 0.0238514 0.0254917 0.0271475 0.0288081 0.0304625 0.0320991 0.0337058 0.0352704 0.0367807 0.0382243 0.0395894 0.0408643 0.042038 0.0431001 0.0440412 0.0448527 0.0455272 0.0460584 0.0464414 0.0466727 0.04675 0.0466727 0.0464414 0.0460584 0.0455272 0.0448527 0.0440412 0.0431001 0.042038 0.0408643 0.0395894 0.0382243 0.0367807 0.0352704 0.0337058 0.0320991 0.0304625 0.0288081 0.0271475 0.0254917 0.0238514 0.0222364 0.0206556 0.0191171 0.0176283 0.0161954 0.0148236 0.0135172 0.0122797 0.0111133 0.0100196 0.0089993 0.00805235 0.00717798 0.00637483 0.00564102 0.00497423 0.00437182 0.00383087 0.00334834 0.00292106 0.00254589 0.00221976 0.00193972 0.00170305 0.00150727 0.00135019 0.00122998 0.00114518 0.00109473 
0.00118434 0.00120262 0.00125767 0.00135019 0.00148132 0.00165262 0.00186606 0.00212398 0.00242902 0.00278411 0.00319238 0.00365711 0.00418166 0.00476935 0.00542344 0.006147 0.0069428 0.00781325 0.00876031 0.00978534 0.0108891 0.0120715 0.0133318 0.0146681 0.0160779 0.0175575 0.0191021 0.020706 0.0223624 0.0240635 0.0258006 0.0275639 0.029343 0.0311265 0.0329025 0.0346585 0.0363818 0.0380593 0.0396779 0.0412245 0.0426866 0.0440516 0.045308 0.0464446 0.0474515 0.0483196 0.049041 0.0496091 0.0500187 0.050266 0.0503487 0.050266 0.0500187 0.0496091 0.049041 0.0483196 0.0474515 0.0464446 0.045308 0.0440516 0.0426866 0.0412245 0.0396779 0.0380593 0.0363818 0.0346585 0.0329025 0.0311265 0.029343 0.0275639 0.0258006 0.0240635 0.0223624 0.020706 0.0191021 0.0175575 0.0160779 0.0146681 0.0133318 0.0120715 0.0108891 0.00978534 0.00876031 0.00781325 0.0069428 0.006147 0.00542344 0.00476935 0.00418166 0.00365711 0.00319238 0.00278411 0.00242902 0.00212398 0.00186606 0.00165262 0.00148132 0.00135019 0.00125767 0.00120262 
0.00132337 0.00134364 0.00140469 0.00150727 0.00165262 0.00184244 0.00207888 0.00236445 0.00270204 0.00309481 0.00354614 0.00405958 0.00463874 0.00528719 0.00600843 0.00680571 0.00768199 0.00863981 0.00968118 0.0108075 0.0120194 0.0133169 0.0146987 0.0161631 0.0177068 0.0193258 0.0210148 0.0227676 0.0245766 0.0264333 0.0283281 0.0302503 0.0321886 0.0341307 0.0360635 0.0379737 0.0398473 0.0416704 0.0434286 0.0451081 0.0466951 0.0481762 0.049539 0.0507717 0.0518633 0.0528042 0.053586 0.0542016 0.0546454 0.0549133 0.0550029 0.0549133 0.0546454 0.0542016 0.053586 0.0528042 0.0518633 0.0507717 0.049539 0.0481762 0.0466951 0.0451081 0.0434286 0.0416704 0.0398473 0.0379737 0.0360635 0.0341307 0.0321886 0.0302503 0.0283281 0.0264333 0.0245766 0.0227676 0.0210148 0.0193258 0.0177068 0.0161631 0.0146987 0.0133169 0.0120194 0.0108075 0.00968118 0.00863981 0.00768199 0.00680571 0.00600843 0.00528719 0.00463874 0.00405958 0.00354614 0.00309481 0.00270204 0.00236445 0.00207888 0.00184244 0.00165262 0.00150727 0.00140469 0.00134364 
0.00149675 0.00151949 0.00158798 0.00170305 0.00186606 0.00207888 0.00234384 0.00266373 0.00304169 0.00348117 0.00398589 0.00455969 0.00520649 0.00593018 0.00673452 0.00762302 0.00859884 0.00966465 0.0108226 0.012074 0.0134195 0.0148589 0.0163908 0.0180129 0.0197216 0.0215124 0.0233794 0.0253154 0.0273121 0.0293601 0.0314487 0.0335663 0.0357002 0.037837 0.0399624 0.0420617 0.0441198 0.0461213 0.0480508 0.049893 0.0516331 0.0532565 0.0547497 0.0560998 0.0572952 0.0583253 0.0591811 0.0598548 0.0603404 0.0606336 0.0607316 0.0606336 0.0603404 0.0598548 0.0591811 0.0583253 0.0572952 0.0560998 0.0547497 0.0532565 0.0516331 0.049893 0.0480508 0.0461213 0.0441198 0.0420617 0.0399624 0.037837 0.0357002 0.0335663 0.0314487 0.0293601 0.0273121 0.0253154 0.0233794 0.0215124 0.0197216 0.0180129 0.0163908 0.0148589 0.0134195 0.012074 0.0108226 0.00966465 0.00859884 0.00762302 0.00673452 0.00593018 0.00520649 0.00455969 0.00398589 0.00348117 0.00304169 0.00266373 0.00234384 0.00207888 0.00186606 0.00170305 0.00158798 0.00151949 
0.00170646 0.00173217 0.00180962 0.00193972 0.00212398 0.00236445 0.00266373 0.00302487 0.00345135 0.00394698 0.0045158 0.00516207 0.00589005 0.006704 0.00760799 0.00860581 0.00970085 0.010896 0.0121934 0.0135944 0.0150997 0.0167086 0.0184197 0.0202301 0.0221358 0.0241314 0.0262104 0.0283647 0.030585 0.0328606 0.0351799 0.0375297 0.039896 0.0422641 0.0446182 0.046942 0.0492189 0.0514321 0.0535646 0.0555997 0.0575211 0.059313 0.0609606 0.0624498 0.063768 0.0649037 0.0658469 0.0665894 0.0671245 0.0674475 0.0675554 0.0674475 0.0671245 0.0665894 0.0658469 0.0649037 0.063768 0.0624498 0.0609606 0.059313 0.0575211 0.0555997 0.0535646 0.0514321 0.0492189 0.046942 0.0446182 0.0422641 0.039896 0.0375297 0.0351799 0.0328606 0.030585 0.0283647 0.0262104 0.0241314 0.0221358 0.0202301 0.0184197 0.0167086 0.0150997 0.0135944 0.0121934 0.010896 0.00970085 0.00860581 0.00760799 0.006704 0.00589005 0.00516207 0.0045158 0.00394698 0.00345135 0.00302487 0.00266373 0.00236445 0.00212398 0.00193972 0.00180962 0.00173217 
0.00195474 0.00198396 0.00207196 0.00221976 0.00242902 0.00270204 0.00304169 0.00345135 0.00393488 0.00449647 0.00514062 0.00587197 0.00669523 0.00761504 0.00863586 0.00976178 0.0109965 0.0123429 0.0138035 0.0153795 0.0170713 0.0188783 0.0207985 0.0228286 0.0249638 0.0271982 0.0295241 0.0319324 0.0344127 0.036953 0.0395401 0.0421596 0.0447958 0.0474321 0.0500513 0.0526353 0.0551657 0.057624 0.0599914 0.0622496 0.0643808 0.0663675 0.0681935 0.0698435 0.0713035 0.0725611 0.0736053 0.0744271 0.0750194 0.0753768 0.0754963 0.0753768 0.0750194 0.0744271 0.0736053 0.0725611 0.0713035 0.0698435 0.0681935 0.0663675 0.0643808 0.0622496 0.0599914 0.057624 0.0551657 0.0526353 0.0500513 0.0474321 0.0447958 0.0421596 0.0395401 0.036953 0.0344127 0.0319324 0.0295241 0.0271982 0.0249638 0.0228286 0.0207985 0.0188783 0.0170713 0.0153795 0.0138035 0.0123429 0.0109965 0.00976178 0.00863586 0.00761504 0.00669523 0.00587197 0.00514062 0.00449647 0.00393488 0.00345135 0.00304169 0.00270204 0.00242902 0.00221976 0.00207196 0.00198396 
0.0022441 0.00227738 0.0023776 0.00254589 0.00278411 0.00309481 0.00348117 0.00394698 0.00449647 0.00513433 0.00586549 0.0066951 0.00762833 0.00867027 0.00982577 0.0110993 0.0124948 0.0140154 0.0156636 0.0174407 0.0193469 0.0213813 0.0235413 0.0258232 0.0282214 0.0307291 0.0333374 0.0360362 0.0388136 0.0416562 0.0445491 0.0474761 0.0504199 0.0533619 0.056283 0.0591631 0.0619818 0.0647187 0.0673531 0.0698648 0.0722341 0.0744419 0.0764703 0.0783026 0.0799235 0.0813192 0.0824779 0.0833897 0.0840467 0.0844432 0.0845757 0.0844432 0.0840467 0.0833897 0.0824779 0.0813192 0.0799235 0.0783026 0.0764703 0.0744419 0.0722341 0.0698648 0.0673531 0.0647187 0.0619818 0.0591631 0.056283 0.0533619 0.0504199 0.0474761 0.0445491 0.0416562 0.0388136 0.0360362 0.0333374 0.0307291 0.0282214 0.0258232 0.0235413 0.0213813 0.0193469 0.0174407 0.0156636 0.0140154 0.0124948 0.0110993 0.00982577 0.00867027 0.00762833 0.0066951 0.00586549 0.00513433 0.00449647 0.00394698 0.00348117 0.00309481 0.00278411 0.00254589 0.0023776 0.00227738 
0.00257722 0.00261514 0.00272934 0.00292106 0.00319238 0.00354614 0.00398589 0.0045158 0.00514062 0.00586549 0.0066959 0.00763752 0.00869603 0.00987702 0.0111858 0.0126271 0.0142053 0.0159238 0.0177849 0.01979 0.0219392 0.024231 0.0266625 0.0292291 0.0319246 0.0347408 0.0376679 0.0406943 0.0438065 0.0469894 0.0502264 0.0534993 0.0567887 0.0600741 0.063334 0.0665462 0.0696882 0.0727373 0.0756707 0.0784661 0.0811018 0.0835569 0.0858117 0.0878477 0.0896483 0.0911983 0.0924849 0.0934971 0.0942263 0.0946664 0.0948135 0.0946664 0.0942263 0.0934971 0.0924849 0.0911983 0.0896483 0.0878477 0.0858117 0.0835569 0.0811018 0.0784661 0.0756707 0.0727373 0.0696882 0.0665462 0.063334 0.0600741 0.0567887 0.0534993 0.0502264 0.0469894 0.0438065 0.0406943 0.0376679 0.0347408 0.0319246 0.0292291 0.0266625 0.024231 0.0219392 0.01979 0.0177849 0.0159238 0.0142053 0.0126271 0.0111858 0.00987702 0.00869603 0.00763752 0.0066959 0.00586549 0.00514062 0.0045158 0.00398589 0.00354614 0.00319238 0.00292106 0.00272934 0.00261514 
0.00295691 0.00300009 0.0031301 0.00334834 0.00365711 0.00405958 0.00455969 0.00516207 0.00587197 0.0066951 0.00763752 0.00870546 0.00990519 0.0112428 0.0127241 0.0143543 0.0161379 0.0180785 0.0201786 0.0224395 0.024861 0.0274411 0.0301764 0.0330615 0.036089 0.0392498 0.0425326 0.0459241 0.0494092 0.052971 0.0565908 0.0602481 0.0639215 0.0675879 0.0712236 0.0748041 0.0783042 0.0816989 0.0849632 0.0880724 0.0910026 0.0937308 0.0962355 0.0984965 0.100495 0.102216 0.103643 0.104766 0.105575 0.106063 0.106226 0.106063 0.105575 0.104766 0.103643 0.102216 0.100495 0.0984965 0.0962355 0.0937308 0.0910026 0.0880724 0.0849632 0.0816989 0.0783042 0.0748041 0.0712236 0.0675879 0.0639215 0.0602481 0.0565908 0.052971 0.0494092 0.0459241 0.0425326 0.0392498 0.036089 0.0330615 0.0301764 0.0274411 0.024861 0.0224395 0.0201786 0.0180785 0.0161379 0.0143543 0.0127241 0.0112428 0.00990519 0.00870546 0.00763752 0.0066951 0.00587197 0.00516207 0.00455969 0.00405958 0.00365711 0.00334834 0.0031301 0.00300009 
0.00338605 0.00343513 0.00358288 0.00383087 0.00418166 0.00463874 0.00520649 0.00589005 0.00669523 0.00762833 0.00869603 0.00990519 0.0112627 0.0127752 0.0144489 0.0162896 0.018302 0.0204899 0.0228559 0.025401 0.0281248 0.0310248 0.0340969 0.0373347 0.0407298 0.0442716 0.0479474 0.051742 0.0556386 0.059618 0.0636593 0.0677398 0.0718353 0.0759205 0.0799689 0.0839534 0.0878462 0.0916197 0.0952463 0.0986989 0.101951 0.104978 0.107756 0.110263 0.112478 0.114384 0.115966 0.117209 0.118105 0.118646 0.118826 0.118646 0.118105 0.117209 0.115966 0.114384 0.112478 0.110263 0.107756 0.104978 0.101951 0.0986989 0.0952463 0.0916197 0.0878462 0.0839534 0.0799689 0.0759205 0.0718353 0.0677398 0.0636593 0.059618 0.0556386 0.051742 0.0479474 0.0442716 0.0407298 0.0373347 0.0340969 0.0310248 0.0281248 0.025401 0.0228559 0.0204899 0.018302 0.0162896 0.0144489 0.0127752 0.0112627 0.00990519 0.00869603 0.00762833 0.00669523 0.00589005 0.00520649 0.00463874 0.00418166 0.00383087 0.00358288 0.00343513 
0.00386755 0.0039232 0.00409071 0.00437182 0.00476935 0.00528719 0.00593018 0.006704 0.00761504 0.00867027 0.00987702 0.0112428 0.0127752 0.0144813 0.0163681 0.0184415 0.0207068 0.0231678 0.025827 0.0286855 0.0317423 0.0349944 0.0384367 0.042062 0.0458606 0.0498202 0.0539265 0.0581625 0.0625091 0.0669449 0.0714465 0.0759886 0.0805444 0.0850857 0.0895832 0.094007 0.0983266 0.102511 0.106531 0.110356 0.113958 0.117308 0.120382 0.123155 0.125604 0.127711 0.129459 0.130833 0.131823 0.13242 0.13262 0.13242 0.131823 0.130833 0.129459 0.127711 0.125604 0.123155 0.120382 0.117308 0.113958 0.110356 0.106531 0.102511 0.0983266 0.094007 0.0895832 0.0850857 0.0805444 0.0759886 0.0714465 0.0669449 0.0625091 0.0581625 0.0539265 0.0498202 0.0458606 0.042062 0.0384367 0.0349944 0.0317423 0.0286855 0.025827 0.0231678 0.0207068 0.0184415 0.0163681 0.0144813 0.0127752 0.0112428 0.00987702 0.00867027 0.00761504 0.006704 0.00593018 0.00528719 0.00476935 0.00437182 0.00409071 0.0039232 
0.00440424 0.00446715 0.00465651 0.00497423 0.00542344 0.00600843 0.00673452 0.00760799 0.00863586 0.00982577 0.0111858 0.0127241 0.0144489 0.0163681 0.0184889 0.020818 0.0233607 0.026121 0.0291016 0.0323029 0.0357238 0.0393605 0.043207 0.0472548 0.0514928 0.0559073 0.0604818 0.0651973 0.0700323 0.074963 0.0799633 0.085005 0.0900586 0.0950928 0.100075 0.104973 0.109753 0.114381 0.118824 0.123049 0.127026 0.130724 0.134116 0.137174 0.139874 0.142197 0.144123 0.145638 0.146728 0.147386 0.147606 0.147386 0.146728 0.145638 0.144123 0.142197 0.139874 0.137174 0.134116 0.130724 0.127026 0.123049 0.118824 0.114381 0.109753 0.104973 0.100075 0.0950928 0.0900586 0.085005 0.0799633 0.074963 0.0700323 0.0651973 0.0604818 0.0559073 0.0514928 0.0472548 0.043207 0.0393605 0.0357238 0.0323029 0.0291016 0.026121 0.0233607 0.020818 0.0184889 0.0163681 0.0144489 0.0127241 0.0111858 0.00982577 0.00863586 0.00760799 0.00673452 0.00600843 0.00542344 0.00497423 0.00465651 0.00446715 
0.00499881 0.0050697 0.00528307 0.00564102 0.006147 0.00680571 0.00762302 0.00860581 0.00976178 0.0110993 0.0126271 0.0143543 0.0162896 0.0184415 0.020818 0.0234259 0.026271 0.0293574 0.0326875 0.0362617 0.040078 0.044132 0.0484166 0.052922 0.0576356 0.0625417 0.0676218 0.0728546 0.078216 0.0836796 0.0892163 0.0947951 0.100383 0.105946 0.111448 0.116854 0.122126 0.127227 0.132122 0.136776 0.141153 0.145222 0.148951 0.152313 0.155282 0.157834 0.15995 0.161613 0.16281 0.163532 0.163774 0.163532 0.16281 0.161613 0.15995 0.157834 0.155282 0.152313 0.148951 0.145222 0.141153 0.136776 0.132122 0.127227 0.122126 0.116854 0.111448 0.105946 0.100383 0.0947951 0.0892163 0.0836796 0.078216 0.0728546 0.0676218 0.0625417 0.0576356 0.052922 0.0484166 0.044132 0.040078 0.0362617 0.0326875 0.0293574 0.026271 0.0234259 0.020818 0.0184415 0.0162896 0.0143543 0.0126271 0.0110993 0.00976178 0.00860581 0.00762302 0.00680571 0.006147 0.00564102 0.00528307 0.0050697 
0.00565373 0.00573334 0.00597294 0.00637483 0.0069428 0.00768199 0.00859884 0.00970085 0.0109965 0.0124948 0.0142053 0.0161379 0.018302 0.0207068 0.0233607 0.026271 0.0294437 0.032883 0.0365912 0.0405681 0.0448112 0.0493152 0.0540718 0.0590698 0.0642946 0.0697286 0.0753512 0.0811384 0.0870636 0.0930972 0.0992072 0.105359 0.111517 0.117644 0.123699 0.129644 0.135439 0.141044 0.146419 0.151525 0.156327 0.160788 0.164875 0.168559 0.17181 0.174604 0.17692 0.17874 0.180051 0.180841 0.181105 0.180841 0.180051 0.17874 0.17692 0.174604 0.17181 0.168559 0.164875 0.160788 0.156327 0.151525 0.146419 0.141044 0.135439 0.129644 0.123699 0.117644 0.111517 0.105359 0.0992072 0.0930972 0.0870636 0.0811384 0.0753512 0.0697286 0.0642946 0.0590698 0.0540718 0.0493152 0.0448112 0.0405681 0.0365912 0.032883 0.0294437 0.026271 0.0233607 0.0207068 0.018302 0.0161379 0.0142053 0.0124948 0.0109965 0.00970085 0.00859884 0.00768199 0.0069428 0.00637483 0.00597294 0.00573334 
0.00637119 0.00646027 0.00672837 0.00717798 0.00781325 0.00863981 0.00966465 0.010896 0.0123429 0.0140154 0.0159238 0.0180785 0.0204899 0.0231678 0.026121 0.0293574 0.032883 0.0367021 0.0408167 0.0452263 0.0499274 0.0549138 0.0601758 0.0657005 0.0714716 0.0774693 0.0836703 0.0900482 0.0965732 0.103213 0.109931 0.116692 0.123454 0.130176 0.136817 0.143333 0.149679 0.155814 0.161695 0.167279 0.172526 0.1774 0.181863 0.185884 0.189432 0.19248 0.195006 0.196991 0.19842 0.199281 0.199569 0.199281 0.19842 0.196991 0.195006 0.19248 0.189432 0.185884 0.181863 0.1774 0.172526 0.167279 0.161695 0.155814 0.149679 0.143333 0.136817 0.130176 0.123454 0.116692 0.109931 0.103213 0.0965732 0.0900482 0.0836703 0.0774693 0.0714716 0.0657005 0.0601758 0.0549138 0.0499274 0.0452263 0.0408167 0.0367021 0.032883 0.0293574 0.026121 0.0231678 0.0204899 0.0180785 0.0159238 0.0140154 0.0123429 0.010896 0.00966465 0.00863981 0.00781325 0.00717798 0.00672837 0.00646027 
0.00715298 0.0072523 0.00755118 0.00805235 0.00876031 0.00968118 0.0108226 0.0121934 0.0138035 0.0156636 0.0177849 0.0201786 0.0228559 0.025827 0.0291016 0.0326875 0.0365912 0.0408167 0.0453659 0.0502374 0.0554272 0.0609277 0.0667279 0.0728129 0.0791644 0.0857602 0.0925745 0.0995778 0.106737 0.114017 0.121378 0.128779 0.136178 0.143528 0.150783 0.157898 0.164824 0.171514 0.177924 0.184007 0.189721 0.195025 0.199881 0.204253 0.20811 0.211423 0.214168 0.216324 0.217876 0.218812 0.219124 0.218812 0.217876 0.216324 0.214168 0.211423 0.20811 0.204253 0.199881 0.195025 0.189721 0.184007 0.177924 0.171514 0.164824 0.157898 0.150783 0.143528 0.136178 0.128779 0.121378 0.114017 0.106737 0.0995778 0.0925745 0.0857602 0.0791644 0.0728129 0.0667279 0.0609277 0.0554272 0.0502374 0.0453659 0.0408167 0.0365912 0.0326875 0.0291016 0.025827 0.0228559 0.0201786 0.0177849 0.0156636 0.0138035 0.0121934 0.0108226 0.00968118 0.00876031 0.00805235 0.00755118 0.0072523 
0.00800044 0.00811076 0.00844272 0.0089993 0.00978534 0.0108075 0.012074 0.0135944 0.0153795 0.0174407 0.01979 0.0224395 0.025401 0.0286855 0.0323029 0.0362617 0.0405681 0.0452263 0.0502374 0.0555998 0.0613081 0.0673535 0.0737234 0.0804011 0.0873658 0.0945928 0.102053 0.109715 0.117542 0.125494 0.133529 0.141603 0.149667 0.157673 0.165571 0.17331 0.18084 0.188109 0.195069 0.201671 0.207869 0.21362 0.218883 0.22362 0.227797 0.231384 0.234355 0.236688 0.238367 0.23938 0.239718 0.23938 0.238367 0.236688 0.234355 0.231384 0.227797 0.22362 0.218883 0.21362 0.207869 0.201671 0.195069 0.188109 0.18084 0.17331 0.165571 0.157673 0.149667 0.141603 0.133529 0.125494 0.117542 0.109715 0.102053 0.0945928 0.0873658 0.0804011 0.0737234 0.0673535 0.0613081 0.0555998 0.0502374 0.0452263 0.0405681 0.0362617 0.0323029 0.0286855 0.025401 0.0224395 0.01979 0.0174407 0.0153795 0.0135944 0.012074 0.0108075 0.00978534 0.0089993 0.00844272 0.00811076 
0.00891436 0.00903644 0.00940378 0.0100196 0.0108891 0.0120194 0.0134195 0.0150997 0.0170713 0.0193469 0.0219392 0.024861 0.0281248 0.0317423 0.0357238 0.040078 0.0448112 0.0499274 0.0554272 0.0613081 0.0675637 0.0741836 0.0811535 0.0884545 0.0960634 0.103953 0.112091 0.120442 0.128967 0.137621 0.14636 0.155133 0.163891 0.172579 0.181144 0.189531 0.197686 0.205554 0.213083 0.220221 0.226919 0.233131 0.238813 0.243925 0.248432 0.2523 0.255504 0.258019 0.259829 0.26092 0.261285 0.26092 0.259829 0.258019 0.255504 0.2523 0.248432 0.243925 0.238813 0.233131 0.226919 0.220221 0.213083 0.205554 0.197686 0.189531 0.181144 0.172579 0.163891 0.155133 0.14636 0.137621 0.128967 0.120442 0.112091 0.103953 0.0960634 0.0884545 0.0811535 0.0741836 0.0675637 0.0613081 0.0554272 0.0499274 0.0448112 0.040078 0.0357238 0.0317423 0.0281248 0.024861 0.0219392 0.0193469 0.0170713 0.0150997 0.0134195 0.0120194 0.0108891 0.0100196 0.00940378 0.00903644 
0.00989491 0.0100295 0.0104345 0.0111133 0.0120715 0.0133169 0.0148589 0.0167086 0.0188783 0.0213813 0.024231 0.0274411 0.0310248 0.0349944 0.0393605 0.044132 0.0493152 0.0549138 0.0609277 0.0673535 0.0741836 0.081406 0.0890044 0.0969575 0.10524 0.113821 0.122665 0.131734 0.140984 0.150368 0.159836 0.169335 0.17881 0.188203 0.197456 0.206512 0.215311 0.223795 0.231909 0.239597 0.246808 0.253492 0.259603 0.265099 0.269943 0.274099 0.27754 0.280241 0.282185 0.283356 0.283747 0.283356 0.282185 0.280241 0.27754 0.274099 0.269943 0.265099 0.259603 0.253492 0.246808 0.239597 0.231909 0.223795 0.215311 0.206512 0.197456 0.188203 0.17881 0.169335 0.159836 0.150368 0.140984 0.131734 0.122665 0.113821 0.10524 0.0969575 0.0890044 0.081406 0.0741836 0.0673535 0.0609277 0.0549138 0.0493152 0.044132 0.0393605 0.0349944 0.0310248 0.0274411 0.024231 0.0213813 0.0188783 0.0167086 0.0148589 0.0133169 0.0120715 0.0111133 0.0104345 0.0100295 
0.0109416 0.0110894 0.0115342 0.0122797 0.0133318 0.0146987 0.0163908 0.0184197 0.0207985 0.0235413 0.0266625 0.0301764 0.0340969 0.0384367 0.043207 0.0484166 0.0540718 0.0601758 0.0667279 0.0737234 0.0811535 0.0890044 0.0972575 0.105889 0.114871 0.12417 0.133747 0.143559 0.15356 0.163698 0.173918 0.184165 0.194377 0.204495 0.214455 0.224195 0.233654 0.242768 0.25148 0.259729 0.267463 0.274628 0.281175 0.287062 0.292247 0.296696 0.300378 0.303267 0.305346 0.306599 0.307017 0.306599 0.305346 0.303267 0.300378 0.296696 0.292247 0.287062 0.281175 0.274628 0.267463 0.259729 0.25148 0.242768 0.233654 0.224195 0.214455 0.204495 0.194377 0.184165 0.173918 0.163698 0.15356 0.143559 0.133747 0.12417 0.114871 0.105889 0.0972575 0.0890044 0.0811535 0.0737234 0.0667279 0.0601758 0.0540718 0.0484166 0.043207 0.0384367 0.0340969 0.0301764 0.0266625 0.0235413 0.0207985 0.0184197 0.0163908 0.0146987 0.0133318 0.0122797 0.0115342 0.0110894 
0.0120531 0.0122149 0.0127017 0.0135172 0.0146681 0.0161631 0.0180129 0.0202301 0.0228286 0.0258232 0.0292291 0.0330615 0.0373347 0.042062 0.0472548 0.052922 0.0590698 0.0657005 0.0728129 0.0804011 0.0884545 0.0969575 0.105889 0.115224 0.124929 0.134969 0.145301 0.155879 0.166652 0.177564 0.188557 0.199569 0.210536 0.221394 0.232076 0.242514 0.252644 0.262399 0.271717 0.280536 0.288799 0.296451 0.30344 0.309721 0.315252 0.319995 0.32392 0.327 0.329214 0.330549 0.330995 0.330549 0.329214 0.327 0.32392 0.319995 0.315252 0.309721 0.30344 0.296451 0.288799 0.280536 0.271717 0.262399 0.252644 0.242514 0.232076 0.221394 0.210536 0.199569 0.188557 0.177564 0.166652 0.155879 0.145301 0.134969 0.124929 0.115224 0.105889 0.0969575 0.0884545 0.0804011 0.0728129 0.0657005 0.0590698 0.052922 0.0472548 0.042062 0.0373347 0.0330615 0.0292291 0.0258232 0.0228286 0.0202301 0.0180129 0.0161631 0.0146681 0.0135172 0.0127017 0.0122149 
0.0132275 0.0134039 0.0139345 0.0148236 0.0160779 0.0177068 0.0197216 0.0221358 0.0249638 0.0282214 0.0319246 0.036089 0.0407298 0.0458606 0.0514928 0.0576356 0.0642946 0.0714716 0.0791644 0.0873658 0.0960634 0.10524 0.114871 0.124929 0.135379 0.14618 0.157287 0.16865 0.180212 0.191915 0.203695 0.215488 0.227224 0.238834 0.250247 0.261393 0.272202 0.282605 0.292535 0.301929 0.310725 0.318866 0.326299 0.332976 0.338853 0.343892 0.34806 0.35133 0.353681 0.355098 0.355571 0.355098 0.353681 0.35133 0.34806 0.343892 0.338853 0.332976 0.326299 0.318866 0.310725 0.301929 0.292535 0.282605 0.272202 0.261393 0.250247 0.238834 0.227224 0.215488 0.203695 0.191915 0.180212 0.16865 0.157287 0.14618 0.135379 0.124929 0.114871 0.10524 0.0960634 0.0873658 0.0791644 0.0714716 0.0642946 0.0576356 0.0514928 0.0458606 0.0407298 0.036089 0.0319246 0.0282214 0.0249638 0.0221358 0.0197216 0.0177068 0.0160779 0.0148236 0.0139345 0.0134039 
0.0144617 0.0146534 0.0152298 0.0161954 0.0175575 0.0193258 0.0215124 0.0241314 0.0271982 0.0307291 0.0347408 0.0392498 0.0442716 0.0498202 0.0559073 0.0625417 0.0697286 0.0774693 0.0857602 0.0945928 0.103953 0.113821 0.12417 0.134969 0.14618 0.157759 0.169657 0.181818 0.194184 0.206691 0.219271 0.231854 0.244367 0.256737 0.268889 0.280748 0.29224 0.303294 0.313839 0.323808 0.333137 0.341768 0.349644 0.356716 0.362939 0.368272 0.372682 0.376142 0.378629 0.380127 0.380627 0.380127 0.378629 0.376142 0.372682 0.368272 0.362939 0.356716 0.349644 0.341768 0.333137 0.323808 0.313839 0.303294 0.29224 0.280748 0.268889 0.256737 0.244367 0.231854 0.219271 0.206691 0.194184 0.181818 0.169657 0.157759 0.14618 0.134969 0.12417 0.113821 0.103953 0.0945928 0.0857602 0.0774693 0.0697286 0.0625417 0.0559073 0.0498202 0.0442716 0.0392498 0.0347408 0.0307291 0.0271982 0.0241314 0.0215124 0.0193258 0.0175575 0.0161954 0.0152298 0.0146534 
0.0157521 0.0159595 0.0165834 0.0176283 0.0191021 0.0210148 0.0233794 0.0262104 0.0295241 0.0333374 0.0376679 0.0425326 0.0479474 0.0539265 0.0604818 0.0676218 0.0753512 0.0836703 0.0925745 0.102053 0.112091 0.122665 0.133747 0.145301 0.157287 0.169657 0.182357 0.195329 0.208508 0.221827 0.235213 0.248593 0.261889 0.275022 0.287915 0.300488 0.312664 0.324367 0.335525 0.346067 0.355928 0.365045 0.373361 0.380825 0.387389 0.393014 0.397664 0.401311 0.403931 0.40551 0.406038 0.40551 0.403931 0.401311 0.397664 0.393014 0.387389 0.380825 0.373361 0.365045 0.355928 0.346067 0.335525 0.324367 0.312664 0.300488 0.287915 0.275022 0.261889 0.248593 0.235213 0.221827 0.208508 0.195329 0.182357 0.169657 0.157287 0.145301 0.133747 0.122665 0.112091 0.102053 0.0925745 0.0836703 0.0753512 0.0676218 0.0604818 0.0539265 0.0479474 0.0425326 0.0376679 0.0333374 0.0295241 0.0262104 0.0233794 0.0210148 0.0191021 0.0176283 0.0165834 0.0159595 
0.0170938 0.0173175 0.0179903 0.0191171 0.020706 0.0227676 0.0253154 0.0283647 0.0319324 0.0360362 0.0406943 0.0459241 0.051742 0.0581625 0.0651973 0.0728546 0.0811384 0.0900482 0.0995778 0.109715 0.120442 0.131734 0.143559 0.155879 0.16865 0.181818 0.195329 0.209117 0.223115 0.23725 0.251446 0.265624 0.279703 0.293599 0.30723 0.320515 0.33337 0.345719 0.357485 0.368595 0.37898 0.388578 0.397328 0.405178 0.412079 0.41799 0.422876 0.426706 0.429458 0.431116 0.43167 0.431116 0.429458 0.426706 0.422876 0.41799 0.412079 0.405178 0.397328 0.388578 0.37898 0.368595 0.357485 0.345719 0.33337 0.320515 0.30723 0.293599 0.279703 0.265624 0.251446 0.23725 0.223115 0.209117 0.195329 0.181818 0.16865 0.155879 0.143559 0.131734 0.120442 0.109715 0.0995778 0.0900482 0.0811384 0.0728546 0.0651973 0.0581625 0.051742 0.0459241 0.0406943 0.0360362 0.0319324 0.0283647 0.0253154 0.0227676 0.020706 0.0191171 0.0179903 0.0173175 
0.0184814 0.0187218 0.0194448 0.0206556 0.0223624 0.0245766 0.0273121 0.030585 0.0344127 0.0388136 0.0438065 0.0494092 0.0556386 0.0625091 0.0700323 0.078216 0.0870636 0.0965732 0.106737 0.117542 0.128967 0.140984 0.15356 0.166652 0.180212 0.194184 0.208508 0.223115 0.237933 0.252884 0.267888 0.282862 0.297719 0.312373 0.326737 0.340726 0.354254 0.36724 0.379604 0.391273 0.402174 0.412243 0.421419 0.429646 0.436877 0.443068 0.448184 0.452193 0.455074 0.456809 0.457389 0.456809 0.455074 0.452193 0.448184 0.443068 0.436877 0.429646 0.421419 0.412243 0.402174 0.391273 0.379604 0.36724 0.354254 0.340726 0.326737 0.312373 0.297719 0.282862 0.267888 0.252884 0.237933 0.223115 0.208508 0.194184 0.180212 0.166652 0.15356 0.140984 0.128967 0.117542 0.106737 0.0965732 0.0870636 0.078216 0.0700323 0.0625091 0.0556386 0.0494092 0.0438065 0.0388136 0.0344127 0.030585 0.0273121 0.0245766 0.0223624 0.0206556 0.0194448 0.0187218 
0.0199083 0.0201658 0.02094 0.0222364 0.0240635 0.0264333 0.0293601 0.0328606 0.036953 0.0416562 0.0469894 0.052971 0.059618 0.0669449 0.074963 0.0836796 0.0930972 0.103213 0.114017 0.125494 0.137621 0.150368 0.163698 0.177564 0.191915 0.206691 0.221827 0.23725 0.252884 0.268647 0.284453 0.300215 0.315843 0.331245 0.346332 0.361014 0.375202 0.388813 0.401765 0.41398 0.425385 0.435914 0.445504 0.454099 0.46165 0.468113 0.473451 0.477634 0.480639 0.482449 0.483054 0.482449 0.480639 0.477634 0.473451 0.468113 0.46165 0.454099 0.445504 0.435914 0.425385 0.41398 0.401765 0.388813 0.375202 0.361014 0.346332 0.331245 0.315843 0.300215 0.284453 0.268647 0.252884 0.23725 0.221827 0.206691 0.191915 0.177564 0.163698 0.150368 0.137621 0.125494 0.114017 0.103213 0.0930972 0.0836796 0.074963 0.0669449 0.059618 0.052971 0.0469894 0.0416562 0.036953 0.0328606 0.0293601 0.0264333 0.0240635 0.0222364 0.02094 0.0201658 
0.0213673 0.0216421 0.0224683 0.0238514 0.0258006 0.0283281 0.0314487 0.0351799 0.0395401 0.0445491 0.0502264 0.0565908 0.0636593 0.0714465 0.0799633 0.0892163 0.0992072 0.109931 0.121378 0.133529 0.14636 0.159836 0.173918 0.188557 0.203695 0.219271 0.235213 0.251446 0.267888 0.284453 0.301051 0.31759 0.333975 0.350113 0.365908 0.381268 0.396102 0.410323 0.423846 0.436592 0.448487 0.459461 0.469452 0.478402 0.486262 0.492987 0.49854 0.502891 0.506015 0.507897 0.508525 0.507897 0.506015 0.502891 0.49854 0.492987 0.486262 0.478402 0.469452 0.459461 0.448487 0.436592 0.423846 0.410323 0.396102 0.381268 0.365908 0.350113 0.333975 0.31759 0.301051 0.284453 0.267888 0.251446 0.235213 0.219271 0.203695 0.188557 0.173918 0.159836 0.14636 0.133529 0.121378 0.109931 0.0992072 0.0892163 0.0799633 0.0714465 0.0636593 0.0565908 0.0502264 0.0445491 0.0395401 0.0351799 0.0314487 0.0283281 0.0258006 0.0238514 0.0224683 0.0216421 
0.0228502 0.0231424 0.024021 0.0254917 0.0275639 0.0302503 0.0335663 0.0375297 0.0421596 0.0474761 0.0534993 0.0602481 0.0677398 0.0759886 0.085005 0.0947951 0.105359 0.116692 0.128779 0.141603 0.155133 0.169335 0.184165 0.199569 0.215488 0.231854 0.248593 0.265624 0.282862 0.300215 0.31759 0.334889 0.352016 0.368871 0.385357 0.401377 0.416838 0.43165 0.445726 0.458985 0.471352 0.482755 0.493131 0.502423 0.510579 0.517555 0.523313 0.527824 0.531063 0.533013 0.533664 0.533013 0.531063 0.527824 0.523313 0.517555 0.510579 0.502423 0.493131 0.482755 0.471352 0.458985 0.445726 0.43165 0.416838 0.401377 0.385357 0.368871 0.352016 0.334889 0.31759 0.300215 0.282862 0.265624 0.248593 0.231854 0.215488 0.199569 0.184165 0.169335 0.155133 0.141603 0.128779 0.116692 0.105359 0.0947951 0.085005 0.0759886 0.0677398 0.0602481 0.0534993 0.0474761 0.0421596 0.0375297 0.0335663 0.0302503 0.0275639 0.0254917 0.024021 0.0231424 
0.0243481 0.0246578 0.025589 0.0271475 0.029343 0.0321886 0.0357002 0.039896 0.0447958 0.0504199 0.0567887 0.0639215 0.0718353 0.0805444 0.0900586 0.100383 0.111517 0.123454 0.136178 0.149667 0.163891 0.17881 0.194377 0.210536 0.227224 0.244367 0.261889 0.279703 0.297719 0.315843 0.333975 0.352016 0.369863 0.387415 0.404569 0.421228 0.437294 0.452675 0.467283 0.481035 0.493853 0.505667 0.516412 0.526029 0.534467 0.541681 0.547635 0.552298 0.555645 0.55766 0.558333 0.55766 0.555645 0.552298 0.547635 0.541681 0.534467 0.526029 0.516412 0.505667 0.493853 0.481035 0.467283 0.452675 0.437294 0.421228 0.404569 0.387415 0.369863 0.352016 0.333975 0.315843 0.297719 0.279703 0.261889 0.244367 0.227224 0.210536 0.194377 0.17881 0.163891 0.149667 0.136178 0.123454 0.111517 0.100383 0.0900586 0.0805444 0.0718353 0.0639215 0.0567887 0.0504199 0.0447958 0.039896 0.0357002 0.0321886 0.029343 0.0271475 0.025589 0.0246578 
0.0258515 0.0261787 0.0271622 0.0288081 0.0311265 0.0341307 0.037837 0.0422641 0.0474321 0.0533619 0.0600741 0.0675879 0.0759205 0.0850857 0.0950928 0.105946 0.117644 0.130176 0.143528 0.157673 0.172579 0.188203 0.204495 0.221394 0.238834 0.256737 0.275022 0.293599 0.312373 0.331245 0.350113 0.368871 0.387415 0.405638 0.423437 0.440709 0.457355 0.473281 0.488398 0.502619 0.515868 0.528072 0.539166 0.549091 0.557796 0.565236 0.571375 0.57618 0.57963 0.581706 0.5824 0.581706 0.57963 0.57618 0.571375 0.565236 0.557796 0.549091 0.539166 0.528072 0.515868 0.502619 0.488398 0.473281 0.457355 0.440709 0.423437 0.405638 0.387415 0.368871 0.350113 0.331245 0.312373 0.293599 0.275022 0.256737 0.238834 0.221394 0.204495 0.188203 0.172579 0.157673 0.143528 0.130176 0.117644 0.105946 0.0950928 0.0850857 0.0759205 0.0675879 0.0600741 0.0533619 0.0474321 0.0422641 0.037837 0.0341307 0.0311265 0.0288081 0.0271622 0.0261787 
0.0273503 0.0276947 0.02873 0.0304625 0.0329025 0.0360635 0.0399624 0.0446182 0.0500513 0.056283 0.063334 0.0712236 0.0799689 0.0895832 0.100075 0.111448 0.123699 0.136817 0.150783 0.165571 0.181144 0.197456 0.214455 0.232076 0.250247 0.268889 0.287915 0.30723 0.326737 0.346332 0.365908 0.385357 0.404569 0.423437 0.441852 0.459709 0.476909 0.493354 0.508952 0.523619 0.537275 0.549848 0.561271 0.571486 0.580441 0.588093 0.594404 0.599344 0.602889 0.605023 0.605735 0.605023 0.602889 0.599344 0.594404 0.588093 0.580441 0.571486 0.561271 0.549848 0.537275 0.523619 0.508952 0.493354 0.476909 0.459709 0.441852 0.423437 0.404569 0.385357 0.365908 0.346332 0.326737 0.30723 0.287915 0.268889 0.250247 0.232076 0.214455 0.197456 0.181144 0.165571 0.150783 0.136817 0.123699 0.111448 0.100075 0.0895832 0.0799689 0.0712236 0.063334 0.056283 0.0500513 0.0446182 0.0399624 0.0360635 0.0329025 0.0304625 0.02873 0.0276947 
0.0288338 0.0291952 0.0302815 0.0320991 0.0346585 0.0379737 0.0420617 0.046942 0.0526353 0.0591631 0.0665462 0.0748041 0.0839534 0.094007 0.104973 0.116854 0.129644 0.143333 0.157898 0.17331 0.189531 0.206512 0.224195 0.242514 0.261393 0.280748 0.300488 0.320515 0.340726 0.361014 0.381268 0.401377 0.421228 0.440709 0.459709 0.478123 0.495846 0.512781 0.528835 0.543921 0.557959 0.570877 0.582608 0.593093 0.602283 0.610132 0.616604 0.621668 0.625302 0.627489 0.628219 0.627489 0.625302 0.621668 0.616604 0.610132 0.602283 0.593093 0.582608 0.570877 0.557959 0.543921 0.528835 0.512781 0.495846 0.478123 0.459709 0.440709 0.421228 0.401377 0.381268 0.361014 0.340726 0.320515 0.300488 0.280748 0.261393 0.242514 0.224195 0.206512 0.189531 0.17331 0.157898 0.143333 0.129644 0.116854 0.104973 0.094007 0.0839534 0.0748041 0.0665462 0.0591631 0.0526353 0.046942 0.0420617 0.0379737 0.0346585 0.0320991 0.0302815 0.0291952 
0.0302912 0.0306691 0.0318051 0.0337058 0.0363818 0.0398473 0.0441198 0.0492189 0.0551657 0.0619818 0.0696882 0.0783042 0.0878462 0.0983266 0.109753 0.122126 0.135439 0.149679 0.164824 0.18084 0.197686 0.215311 0.233654 0.252644 0.272202 0.29224 0.312664 0.33337 0.354254 0.375202 0.396102 0.416838 0.437294 0.457355 0.476909 0.495846 0.514062 0.531457 0.547937 0.563414 0.577809 0.591048 0.603065 0.613802 0.623208 0.63124 0.63786 0.643039 0.646754 0.64899 0.649736 0.64899 0.646754 0.643039 0.63786 0.63124 0.623208 0.613802 0.603065 0.591048 0.577809 0.563414 0.547937 0.531457 0.514062 0.495846 0.476909 0.457355 0.437294 0.416838 0.396102 0.375202 0.354254 0.33337 0.312664 0.29224 0.272202 0.252644 0.233654 0.215311 0.197686 0.18084 0.164824 0.149679 0.135439 0.122126 0.109753 0.0983266 0.0878462 0.0783042 0.0696882 0.0619818 0.0551657 0.0492189 0.0441198 0.0398473 0.0363818 0.0337058 0.0318051 0.0306691 
0.0317111 0.0321051 0.0332893 0.0352704 0.0380593 0.0416704 0.0461213 0.0514321 0.057624 0.0647187 0.0727373 0.0816989 0.0916197 0.102511 0.114381 0.127227 0.141044 0.155814 0.171514 0.188109 0.205554 0.223795 0.242768 0.262399 0.282605 0.303294 0.324367 0.345719 0.36724 0.388813 0.410323 0.43165 0.452675 0.473281 0.493354 0.512781 0.531457 0.54928 0.566156 0.581997 0.596722 0.610258 0.622539 0.633507 0.643112 0.651311 0.658066 0.663351 0.667141 0.669421 0.670183 0.669421 0.667141 0.663351 0.658066 0.651311 0.643112 0.633507 0.622539 0.610258 0.596722 0.581997 0.566156 0.54928 0.531457 0.512781 0.493354 0.473281 0.452675 0.43165 0.410323 0.388813 0.36724 0.345719 0.324367 0.303294 0.282605 0.262399 0.242768 0.223795 0.205554 0.188109 0.171514 0.155814 0.141044 0.127227 0.114381 0.102511 0.0916197 0.0816989 0.0727373 0.0647187 0.057624 0.0514321 0.0461213 0.0416704 0.0380593 0.0352704 0.0332893 0.0321051 
0.0330825 0.0334919 0.0347224 0.0367807 0.0396779 0.0434286 0.0480508 0.0535646 0.0599914 0.0673531 0.0756707 0.0849632 0.0952463 0.106531 0.118824 0.132122 0.146419 0.161695 0.177924 0.195069 0.213083 0.231909 0.25148 0.271717 0.292535 0.313839 0.335525 0.357485 0.379604 0.401765 0.423846 0.445726 0.467283 0.488398 0.508952 0.528835 0.547937 0.566156 0.583398 0.599573 0.614601 0.628409 0.640932 0.652111 0.661897 0.670248 0.677127 0.682507 0.686365 0.688686 0.68946 0.688686 0.686365 0.682507 0.677127 0.670248 0.661897 0.652111 0.640932 0.628409 0.614601 0.599573 0.583398 0.566156 0.547937 0.528835 0.508952 0.488398 0.467283 0.445726 0.423846 0.401765 0.379604 0.357485 0.335525 0.313839 0.292535 0.271717 0.25148 0.231909 0.213083 0.195069 0.177924 0.161695 0.146419 0.132122 0.118824 0.106531 0.0952463 0.0849632 0.0756707 0.0673531 0.0599914 0.0535646 0.0480508 0.0434286 0.0396779 0.0367807 0.0347224 0.0334919 
0.0343941 0.0348181 0.0360926 0.0382243 0.0412245 0.0451081 0.049893 0.0555997 0.0622496 0.0698648 0.0784661 0.0880724 0.0986989 0.110356 0.123049 0.136776 0.151525 0.167279 0.184007 0.201671 0.220221 0.239597 0.259729 0.280536 0.301929 0.323808 0.346067 0.368595 0.391273 0.41398 0.436592 0.458985 0.481035 0.502619 0.523619 0.543921 0.563414 0.581997 0.599573 0.616054 0.631358 0.645414 0.658155 0.669526 0.679476 0.687963 0.694954 0.700419 0.704338 0.706695 0.707482 0.706695 0.704338 0.700419 0.694954 0.687963 0.679476 0.669526 0.658155 0.645414 0.631358 0.616054 0.599573 0.581997 0.563414 0.543921 0.523619 0.502619 0.481035 0.458985 0.436592 0.41398 0.391273 0.368595 0.346067 0.323808 0.301929 0.280536 0.259729 0.239597 0.220221 0.201671 0.184007 0.167279 0.151525 0.136776 0.123049 0.110356 0.0986989 0.0880724 0.0784661 0.0698648 0.0622496 0.0555997 0.049893 0.0451081 0.0412245 0.0382243 0.0360926 0.0348181 
0.0356348 0.0360726 0.0373885 0.0395894 0.0426866 0.0466951 0.0516331 0.0575211 0.0643808 0.0722341 0.0811018 0.0910026 0.101951 0.113958 0.127026 0.141153 0.156327 0.172526 0.189721 0.207869 0.226919 0.246808 0.267463 0.288799 0.310725 0.333137 0.355928 0.37898 0.402174 0.425385 0.448487 0.471352 0.493853 0.515868 0.537275 0.557959 0.577809 0.596722 0.614601 0.631358 0.646912 0.661191 0.674129 0.685671 0.695768 0.704378 0.711468 0.717009 0.720982 0.723372 0.72417 0.723372 0.720982 0.717009 0.711468 0.704378 0.695768 0.685671 0.674129 0.661191 0.646912 0.631358 0.614601 0.596722 0.577809 0.557959 0.537275 0.515868 0.493853 0.471352 0.448487 0.425385 0.402174 0.37898 0.355928 0.333137 0.310725 0.288799 0.267463 0.246808 0.226919 0.207869 0.189721 0.172526 0.156327 0.141153 0.127026 0.113958 0.101951 0.0910026 0.0811018 0.0722341 0.0643808 0.0575211 0.0516331 0.0466951 0.0426866 0.0395894 0.0373885 0.0360726 
