1.21909e-09 1.42113e-09 2.08242e-09 3.38008e-09 5.64949e-09 9.45027e-09 1.56701e-08 2.56785e-08 4.15463e-08 6.63509e-08 1.04591e-07 1.62738e-07 2.49948e-07 3.78972e-07 5.67275e-07 8.38382e-07 1.22346e-06 1.76308e-06 2.50917e-06 3.52696e-06 4.89696e-06 6.71657e-06 9.10131e-06 1.21853e-05 1.61208e-05 2.10761e-05 2.72328e-05 3.47799e-05 4.39074e-05 5.47973e-05 6.76131e-05 8.24884e-05 9.95141e-05 0.000118726 0.000140095 0.000163514 0.000188797 0.000215668 0.00024377 0.000272668 0.000301855 0.000330775 0.000358831 0.000385415 0.000409921 0.000431774 0.000450447 0.000465478 0.000476495 0.000483219 0.000485479 0.000483219 0.000476495 0.000465478 0.000450447 0.000431774 0.000409921 0.000385415 0.000358831 0.000330775 0.000301855 0.000272668 0.00024377 0.000215668 0.000188797 0.000163514 0.000140095 0.000118726 9.95141e-05 8.24884e-05 6.76131e-05 5.47973e-05 4.39074e-05 3.47799e-05 2.72328e-05 2.10761e-05 1.61208e-05 1.21853e-05 9.10131e-06 6.71657e-06 4.89696e-06 3.52696e-06 2.50917e-06 1.76308e-06 1.22346e-06 8.38382e-07 5.67275e-07 3.78972e-07 2.49948e-07 1.62738e-07 1.04591e-07 6.63509e-08 4.15463e-08 2.56785e-08 1.56701e-08 9.45027e-09 5.64949e-09 3.38008e-09 2.08242e-09 1.42113e-09 
1.42113e-09 1.6557e-09 2.42314e-09 3.92795e-09 6.55706e-09 1.09553e-08 1.81444e-08 2.96983e-08 4.79934e-08 7.65561e-08 1.20533e-07 1.87316e-07 2.87347e-07 4.35143e-07 6.50554e-07 9.60272e-07 1.39959e-06 2.01439e-06 2.86327e-06 4.01971e-06 5.57422e-06 7.6361e-06 1.03347e-05 1.38201e-05 1.82618e-05 2.38475e-05 3.07785e-05 3.92644e-05 4.95149e-05 6.17304e-05 7.60901e-05 9.27392e-05 0.000111775 0.000133234 0.000157079 0.000183189 0.000211351 0.000241259 0.000272514 0.00030463 0.000337048 0.000369149 0.000400276 0.000429754 0.000456917 0.00048113 0.000501813 0.000518459 0.000530656 0.0005381 0.000540602 0.0005381 0.000530656 0.000518459 0.000501813 0.00048113 0.000456917 0.000429754 0.000400276 0.000369149 0.000337048 0.00030463 0.000272514 0.000241259 0.000211351 0.000183189 0.000157079 0.000133234 0.000111775 9.27392e-05 7.60901e-05 6.17304e-05 4.95149e-05 3.92644e-05 3.07785e-05 2.38475e-05 1.82618e-05 1.38201e-05 1.03347e-05 7.6361e-06 5.57422e-06 4.01971e-06 2.86327e-06 2.01439e-06 1.39959e-06 9.60272e-07 6.50554e-07 4.35143e-07 2.87347e-07 1.87316e-07 1.20533e-07 7.65561e-08 4.79934e-08 2.96983e-08 1.81444e-08 1.09553e-08 6.55706e-09 3.92795e-09 2.42314e-09 1.6557e-09 
2.08242e-09 2.42314e-09 3.53685e-09 5.71706e-09 9.51803e-09 1.58614e-08 2.62029e-08 4.27786e-08 6.89539e-08 1.09705e-07 1.72272e-07 2.67011e-07 4.08505e-07 6.16948e-07 9.19847e-07 1.35405e-06 1.96809e-06 2.82479e-06 4.00404e-06 5.60564e-06 7.75196e-06 1.05901e-05 1.42935e-05 1.90621e-05 2.51211e-05 3.27181e-05 4.21177e-05 5.35933e-05 6.74169e-05 8.3846e-05 0.000103108 0.000125385 0.000150794 0.00017937 0.000211053 0.000245671 0.000282935 0.000322435 0.00036364 0.000405911 0.000448513 0.000490639 0.000531435 0.000570026 0.000605551 0.00063719 0.000664196 0.000685919 0.000701829 0.000711535 0.000714797 0.000711535 0.000701829 0.000685919 0.000664196 0.00063719 0.000605551 0.000570026 0.000531435 0.000490639 0.000448513 0.000405911 0.00036364 0.000322435 0.000282935 0.000245671 0.000211053 0.00017937 0.000150794 0.000125385 0.000103108 8.3846e-05 6.74169e-05 5.35933e-05 4.21177e-05 3.27181e-05 2.51211e-05 1.90621e-05 1.42935e-05 1.05901e-05 7.75196e-06 5.60564e-06 4.00404e-06 2.82479e-06 1.96809e-06 1.35405e-06 9.19847e-07 6.16948e-07 4.08505e-07 2.67011e-07 1.72272e-07 1.09705e-07 6.89539e-08 4.27786e-08 2.62029e-08 1.58614e-08 9.51803e-09 5.71706e-09 3.53685e-09 2.42314e-09 
3.38008e-09 3.92795e-09 5.71706e-09 9.21324e-09 1.52946e-08 2.54172e-08 4.18742e-08 6.81761e-08 1.09587e-07 1.73865e-07 2.72248e-07 4.20758e-07 6.41856e-07 9.66522e-07 1.43678e-06 2.10867e-06 3.05567e-06 4.37248e-06 6.17896e-06 8.6241e-06 1.18897e-05 1.61932e-05 2.17895e-05 2.89709e-05 3.80652e-05 4.94301e-05 6.34453e-05 8.05008e-05 0.000100981 0.000125246 0.000153611 0.000186319 0.000223521 0.000265248 0.00031139 0.000361684 0.000415695 0.00047282 0.000532287 0.000593174 0.000654429 0.0007149 0.000773372 0.000828611 0.0008794 0.000924587 0.000963124 0.000994101 0.00101678 0.00103061 0.00103525 0.00103061 0.00101678 0.000994101 0.000963124 0.000924587 0.0008794 0.000828611 0.000773372 0.0007149 0.000654429 0.000593174 0.000532287 0.00047282 0.000415695 0.000361684 0.00031139 0.000265248 0.000223521 0.000186319 0.000153611 0.000125246 0.000100981 8.05008e-05 6.34453e-05 4.94301e-05 3.80652e-05 2.89709e-05 2.17895e-05 1.61932e-05 1.18897e-05 8.6241e-06 6.17896e-06 4.37248e-06 3.05567e-06 2.10867e-06 1.43678e-06 9.66522e-07 6.41856e-07 4.20758e-07 2.72248e-07 1.73865e-07 1.09587e-07 6.81761e-08 4.18742e-08 2.54172e-08 1.52946e-08 9.21324e-09 5.71706e-09 3.92795e-09 
5.64949e-09 6.55706e-09 9.51803e-09 1.52946e-08 2.53206e-08 4.19681e-08 6.89616e-08 1.11985e-07 1.79532e-07 2.84074e-07 4.43619e-07 6.83733e-07 1.04013e-06 1.56185e-06 2.31518e-06 3.38811e-06 4.89552e-06 6.98479e-06 9.84161e-06 1.36957e-05 1.88261e-05 2.55646e-05 3.42984e-05 4.54691e-05 5.95686e-05 7.71311e-05 9.87195e-05 0.000124908 0.000156257 0.000193286 0.000236443 0.000286065 0.000342347 0.000405304 0.000474746 0.000550248 0.000631142 0.000716509 0.000805192 0.000895816 0.000986824 0.00107652 0.00116312 0.00124482 0.00131984 0.00138653 0.00144335 0.00148899 0.00152239 0.00154274 0.00154958 0.00154274 0.00152239 0.00148899 0.00144335 0.00138653 0.00131984 0.00124482 0.00116312 0.00107652 0.000986824 0.000895816 0.000805192 0.000716509 0.000631142 0.000550248 0.000474746 0.000405304 0.000342347 0.000286065 0.000236443 0.000193286 0.000156257 0.000124908 9.87195e-05 7.71311e-05 5.95686e-05 4.54691e-05 3.42984e-05 2.55646e-05 1.88261e-05 1.36957e-05 9.84161e-06 6.98479e-06 4.89552e-06 3.38811e-06 2.31518e-06 1.56185e-06 1.04013e-06 6.83733e-07 4.43619e-07 2.84074e-07 1.79532e-07 1.11985e-07 6.89616e-08 4.19681e-08 2.53206e-08 1.52946e-08 9.51803e-09 6.55706e-09 
9.45027e-09 1.09553e-08 1.58614e-08 2.54172e-08 4.19681e-08 6.93844e-08 1.13726e-07 1.84213e-07 2.94577e-07 4.64916e-07 7.24138e-07 1.11315e-06 1.68885e-06 2.52913e-06 3.73877e-06 5.45633e-06 7.86196e-06 1.11857e-05 1.57162e-05 2.18089e-05 2.98929e-05 4.0477e-05 5.41508e-05 7.15837e-05 9.35169e-05 0.00012075 0.000154121 0.000194477 0.000242637 0.000299355 0.000365266 0.000440835 0.000526312 0.000621674 0.00072659 0.000840385 0.000962025 0.00109011 0.0012229 0.00135833 0.0014941 0.00162768 0.00175646 0.0018778 0.00198909 0.00208791 0.00217203 0.00223956 0.00228894 0.00231904 0.00232915 0.00231904 0.00228894 0.00223956 0.00217203 0.00208791 0.00198909 0.0018778 0.00175646 0.00162768 0.0014941 0.00135833 0.0012229 0.00109011 0.000962025 0.000840385 0.00072659 0.000621674 0.000526312 0.000440835 0.000365266 0.000299355 0.000242637 0.000194477 0.000154121 0.00012075 9.35169e-05 7.15837e-05 5.41508e-05 4.0477e-05 2.98929e-05 2.18089e-05 1.57162e-05 1.11857e-05 7.86196e-06 5.45633e-06 3.73877e-06 2.52913e-06 1.68885e-06 1.11315e-06 7.24138e-07 4.64916e-07 2.94577e-07 1.84213e-07 1.13726e-07 6.93844e-08 4.19681e-08 2.54172e-08 1.58614e-08 1.09553e-08 
1.56701e-08 1.81444e-08 2.62029e-08 4.18742e-08 6.89616e-08 1.13726e-07 1.85945e-07 3.00445e-07 4.79244e-07 7.54451e-07 1.1721e-06 1.79707e-06 2.71931e-06 4.06145e-06 5.98778e-06 8.71474e-06 1.25225e-05 1.77672e-05 2.48937e-05 3.44472e-05 4.70831e-05 6.35738e-05 8.48106e-05 0.000111799 0.000145646 0.000187539 0.000238713 0.000300406 0.000373806 0.000459989 0.000559848 0.000674015 0.000802794 0.000946084 0.00110333 0.00127346 0.0014549 0.00164553 0.00184275 0.00204351 0.0022444 0.00244173 0.00263168 0.00281041 0.00297415 0.00311938 0.00324291 0.003342 0.00341443 0.00345855 0.00347337 0.00345855 0.00341443 0.003342 0.00324291 0.00311938 0.00297415 0.00281041 0.00263168 0.00244173 0.0022444 0.00204351 0.00184275 0.00164553 0.0014549 0.00127346 0.00110333 0.000946084 0.000802794 0.000674015 0.000559848 0.000459989 0.000373806 0.000300406 0.000238713 0.000187539 0.000145646 0.000111799 8.48106e-05 6.35738e-05 4.70831e-05 3.44472e-05 2.48937e-05 1.77672e-05 1.25225e-05 8.71474e-06 5.98778e-06 4.06145e-06 2.71931e-06 1.79707e-06 1.1721e-06 7.54451e-07 4.79244e-07 3.00445e-07 1.85945e-07 1.13726e-07 6.89616e-08 4.18742e-08 2.62029e-08 1.81444e-08 
2.56785e-08 2.96983e-08 4.27786e-08 6.81761e-08 1.11985e-07 1.84213e-07 3.00445e-07 4.84245e-07 7.70491e-07 1.20987e-06 1.87479e-06 2.86696e-06 4.32685e-06 6.44515e-06 9.47642e-06 1.37545e-05 1.97099e-05 2.78871e-05 3.89634e-05 5.37647e-05 7.32789e-05 9.86644e-05 0.00013125 0.000172528 0.000224129 0.000287791 0.000365308 0.000458466 0.000568959 0.0006983 0.000847717 0.00101805 0.00120964 0.00142224 0.00165494 0.00190608 0.00217326 0.00245336 0.00274251 0.00303627 0.00332967 0.00361739 0.00389392 0.00415374 0.00439148 0.00460213 0.00478115 0.00492464 0.00502946 0.00509329 0.00511473 0.00509329 0.00502946 0.00492464 0.00478115 0.00460213 0.00439148 0.00415374 0.00389392 0.00361739 0.00332967 0.00303627 0.00274251 0.00245336 0.00217326 0.00190608 0.00165494 0.00142224 0.00120964 0.00101805 0.000847717 0.0006983 0.000568959 0.000458466 0.000365308 0.000287791 0.000224129 0.000172528 0.00013125 9.86644e-05 7.32789e-05 5.37647e-05 3.89634e-05 2.78871e-05 1.97099e-05 1.37545e-05 9.47642e-06 6.44515e-06 4.32685e-06 2.86696e-06 1.87479e-06 1.20987e-06 7.70491e-07 4.84245e-07 3.00445e-07 1.84213e-07 1.11985e-07 6.81761e-08 4.27786e-08 2.96983e-08 
4.15463e-08 4.79934e-08 6.89539e-08 1.09587e-07 1.79532e-07 2.94577e-07 4.79244e-07 7.70491e-07 1.22284e-06 1.91526e-06 2.96016e-06 4.51484e-06 6.7957e-06 1.00954e-05 1.4803e-05 2.14267e-05 3.06184e-05 4.31997e-05 6.01871e-05 8.28143e-05 0.000112549 0.000151104 0.000200433 0.000262712 0.000340312 0.000435736 0.00055155 0.000690282 0.000854307 0.00104571 0.00126615 0.00151669 0.00179769 0.00210863 0.00244803 0.00281339 0.00320114 0.00360666 0.00402439 0.00444788 0.00487005 0.00528332 0.00567987 0.00605192 0.00639193 0.00669284 0.00694834 0.00715298 0.00730238 0.00739333 0.00742387 0.00739333 0.00730238 0.00715298 0.00694834 0.00669284 0.00639193 0.00605192 0.00567987 0.00528332 0.00487005 0.00444788 0.00402439 0.00360666 0.00320114 0.00281339 0.00244803 0.00210863 0.00179769 0.00151669 0.00126615 0.00104571 0.000854307 0.000690282 0.00055155 0.000435736 0.000340312 0.000262712 0.000200433 0.000151104 0.000112549 8.28143e-05 6.01871e-05 4.31997e-05 3.06184e-05 2.14267e-05 1.4803e-05 1.00954e-05 6.7957e-06 4.51484e-06 2.96016e-06 1.91526e-06 1.22284e-06 7.70491e-07 4.79244e-07 2.94577e-07 1.79532e-07 1.09587e-07 6.89539e-08 4.79934e-08 
6.63509e-08 7.65561e-08 1.09705e-07 1.73865e-07 2.84074e-07 4.64916e-07 7.54451e-07 1.20987e-06 1.91526e-06 2.99199e-06 4.61218e-06 7.0158e-06 1.05317e-05 1.56028e-05 2.28155e-05 3.29321e-05 4.69267e-05 6.60208e-05 9.17182e-05 0.000125835 0.00017052 0.000228266 0.0003019 0.000394554 0.00050961 0.00065062 0.000821188 0.00102483 0.00126481 0.00154395 0.00186442 0.00222753 0.00263355 0.00308153 0.00356915 0.00409265 0.0046468 0.00522495 0.00581912 0.00642021 0.00701821 0.00760253 0.00816228 0.00868664 0.0091652 0.00958825 0.0099471 0.0102343 0.0104438 0.0105714 0.0106142 0.0105714 0.0104438 0.0102343 0.0099471 0.00958825 0.0091652 0.00868664 0.00816228 0.00760253 0.00701821 0.00642021 0.00581912 0.00522495 0.0046468 0.00409265 0.00356915 0.00308153 0.00263355 0.00222753 0.00186442 0.00154395 0.00126481 0.00102483 0.000821188 0.00065062 0.00050961 0.000394554 0.0003019 0.000228266 0.00017052 0.000125835 9.17182e-05 6.60208e-05 4.69267e-05 3.29321e-05 2.28155e-05 1.56028e-05 1.05317e-05 7.0158e-06 4.61218e-06 2.99199e-06 1.91526e-06 1.20987e-06 7.54451e-07 4.64916e-07 2.84074e-07 1.73865e-07 1.09705e-07 7.65561e-08 
1.04591e-07 1.20533e-07 1.72272e-07 2.72248e-07 4.43619e-07 7.24138e-07 1.1721e-06 1.87479e-06 2.96016e-06 4.61218e-06 7.09082e-06 1.07571e-05 1.61039e-05 2.37922e-05 3.46931e-05 4.99348e-05 7.09511e-05 9.95322e-05 0.00013787 0.000188599 0.000254817 0.000340099 0.000448471 0.000584366 0.000752537 0.00095793 0.00120552 0.00150012 0.00184612 0.00224722 0.00270621 0.00322462 0.00380248 0.00443813 0.00512801 0.00586659 0.00664632 0.00745775 0.00828968 0.00912939 0.00996305 0.0107761 0.0115535 0.0122807 0.0129434 0.0135285 0.0140243 0.0144208 0.0147099 0.0148858 0.0149448 0.0148858 0.0147099 0.0144208 0.0140243 0.0135285 0.0129434 0.0122807 0.0115535 0.0107761 0.00996305 0.00912939 0.00828968 0.00745775 0.00664632 0.00586659 0.00512801 0.00443813 0.00380248 0.00322462 0.00270621 0.00224722 0.00184612 0.00150012 0.00120552 0.00095793 0.000752537 0.000584366 0.000448471 0.000340099 0.000254817 0.000188599 0.00013787 9.95322e-05 7.09511e-05 4.99348e-05 3.46931e-05 2.37922e-05 1.61039e-05 1.07571e-05 7.09082e-06 4.61218e-06 2.96016e-06 1.87479e-06 1.1721e-06 7.24138e-07 4.43619e-07 2.72248e-07 1.72272e-07 1.20533e-07 
1.62738e-07 1.87316e-07 2.67011e-07 4.20758e-07 6.83733e-07 1.11315e-06 1.79707e-06 2.86696e-06 4.51484e-06 7.0158e-06 1.07571e-05 1.62746e-05 2.42964e-05 3.57952e-05 5.20476e-05 7.46985e-05 0.000105829 0.000148025 0.000204434 0.00027882 0.000375585 0.000499773 0.000657031 0.000853532 0.00109584 0.00139073 0.00174495 0.00216494 0.00265649 0.00322437 0.003872 0.00460105 0.00541108 0.00629932 0.00726043 0.00828638 0.00936648 0.0104875 0.011634 0.0127884 0.0139321 0.0150451 0.0161075 0.0170995 0.0180023 0.0187984 0.0194722 0.0200106 0.020403 0.0206415 0.0207215 0.0206415 0.020403 0.0200106 0.0194722 0.0187984 0.0180023 0.0170995 0.0161075 0.0150451 0.0139321 0.0127884 0.011634 0.0104875 0.00936648 0.00828638 0.00726043 0.00629932 0.00541108 0.00460105 0.003872 0.00322437 0.00265649 0.00216494 0.00174495 0.00139073 0.00109584 0.000853532 0.000657031 0.000499773 0.000375585 0.00027882 0.000204434 0.000148025 0.000105829 7.46985e-05 5.20476e-05 3.57952e-05 2.42964e-05 1.62746e-05 1.07571e-05 7.0158e-06 4.51484e-06 2.86696e-06 1.79707e-06 1.11315e-06 6.83733e-07 4.20758e-07 2.67011e-07 1.87316e-07 
2.49948e-07 2.87347e-07 4.08505e-07 6.41856e-07 1.04013e-06 1.68885e-06 2.71931e-06 4.32685e-06 6.7957e-06 1.05317e-05 1.61039e-05 2.42964e-05 3.61704e-05 5.31377e-05 7.70419e-05 0.000110248 0.000155734 0.000217179 0.00029904 0.000406614 0.000546058 0.000724383 0.000949384 0.00122951 0.00157369 0.00199104 0.00249053 0.00308061 0.00376875 0.00456093 0.0054612 0.00647115 0.00758954 0.00881191 0.0101304 0.0115335 0.0130064 0.0145309 0.0160858 0.0176478 0.0191916 0.0206909 0.0221192 0.0234506 0.0246603 0.0257256 0.0266263 0.0273453 0.0278689 0.0281871 0.0282938 0.0281871 0.0278689 0.0273453 0.0266263 0.0257256 0.0246603 0.0234506 0.0221192 0.0206909 0.0191916 0.0176478 0.0160858 0.0145309 0.0130064 0.0115335 0.0101304 0.00881191 0.00758954 0.00647115 0.0054612 0.00456093 0.00376875 0.00308061 0.00249053 0.00199104 0.00157369 0.00122951 0.000949384 0.000724383 0.000546058 0.000406614 0.00029904 0.000217179 0.000155734 0.000110248 7.70419e-05 5.31377e-05 3.61704e-05 2.42964e-05 1.61039e-05 1.05317e-05 6.7957e-06 4.32685e-06 2.71931e-06 1.68885e-06 1.04013e-06 6.41856e-07 4.08505e-07 2.87347e-07 
3.78972e-07 4.35143e-07 6.16948e-07 9.66522e-07 1.56185e-06 2.52913e-06 4.06145e-06 6.44515e-06 1.00954e-05 1.56028e-05 2.37922e-05 3.57952e-05 5.31377e-05 7.78393e-05 0.000112527 0.000160552 0.000226114 0.000314375 0.000431552 0.000584987 0.000783166 0.00103568 0.00135312 0.00174688 0.00222886 0.00281111 0.00350537 0.00432248 0.00527184 0.00636073 0.0075937 0.00897197 0.0104929 0.0121496 0.0139307 0.0158201 0.0177975 0.0198381 0.0219139 0.0239936 0.0260442 0.0280312 0.0299203 0.031678 0.0332725 0.0346746 0.0358588 0.0368031 0.0374903 0.0379077 0.0380476 0.0379077 0.0374903 0.0368031 0.0358588 0.0346746 0.0332725 0.031678 0.0299203 0.0280312 0.0260442 0.0239936 0.0219139 0.0198381 0.0177975 0.0158201 0.0139307 0.0121496 0.0104929 0.00897197 0.0075937 0.00636073 0.00527184 0.00432248 0.00350537 0.00281111 0.00222886 0.00174688 0.00135312 0.00103568 0.000783166 0.000584987 0.000431552 0.000314375 0.000226114 0.000160552 0.000112527 7.78393e-05 5.31377e-05 3.57952e-05 2.37922e-05 1.56028e-05 1.00954e-05 6.44515e-06 4.06145e-06 2.52913e-06 1.56185e-06 9.66522e-07 6.16948e-07 4.35143e-07 
5.67275e-07 6.50554e-07 9.19847e-07 1.43678e-06 2.31518e-06 3.73877e-06 5.98778e-06 9.47642e-06 1.4803e-05 2.28155e-05 3.46931e-05 5.20476e-05 7.70419e-05 0.000112527 0.00016219 0.000230719 0.00032395 0.00044902 0.000614475 0.000830345 0.00110814 0.00146079 0.00190245 0.00244821 0.0031137 0.00391456 0.0048658 0.00598107 0.0072719 0.00874682 0.0104107 0.0122637 0.0143011 0.0165126 0.018882 0.0213872 0.0240007 0.0266896 0.029417 0.0321422 0.0348223 0.0374133 0.0398715 0.0421541 0.0442213 0.0460364 0.0475674 0.0487871 0.049674 0.0502124 0.0503929 0.0502124 0.049674 0.0487871 0.0475674 0.0460364 0.0442213 0.0421541 0.0398715 0.0374133 0.0348223 0.0321422 0.029417 0.0266896 0.0240007 0.0213872 0.018882 0.0165126 0.0143011 0.0122637 0.0104107 0.00874682 0.0072719 0.00598107 0.0048658 0.00391456 0.0031137 0.00244821 0.00190245 0.00146079 0.00110814 0.000830345 0.000614475 0.00044902 0.00032395 0.000230719 0.00016219 0.000112527 7.70419e-05 5.20476e-05 3.46931e-05 2.28155e-05 1.4803e-05 9.47642e-06 5.98778e-06 3.73877e-06 2.31518e-06 1.43678e-06 9.19847e-07 6.50554e-07 
8.38382e-07 9.60272e-07 1.35405e-06 2.10867e-06 3.38811e-06 5.45633e-06 8.71474e-06 1.37545e-05 2.14267e-05 3.29321e-05 4.99348e-05 7.46985e-05 0.000110248 0.000160552 0.000230719 0.000327207 0.000458017 0.000632875 0.000863358 0.00116296 0.00154708 0.00203284 0.00263888 0.00338485 0.00429093 0.00537703 0.00666198 0.00816255 0.00989247 0.0118614 0.0140738 0.0165285 0.0192173 0.0221251 0.0252293 0.0285002 0.0319011 0.0353892 0.0389164 0.0424307 0.0458778 0.0492022 0.0523489 0.055265 0.0579011 0.0602122 0.0621589 0.0637081 0.0648337 0.0655167 0.0657457 0.0655167 0.0648337 0.0637081 0.0621589 0.0602122 0.0579011 0.055265 0.0523489 0.0492022 0.0458778 0.0424307 0.0389164 0.0353892 0.0319011 0.0285002 0.0252293 0.0221251 0.0192173 0.0165285 0.0140738 0.0118614 0.00989247 0.00816255 0.00666198 0.00537703 0.00429093 0.00338485 0.00263888 0.00203284 0.00154708 0.00116296 0.000863358 0.000632875 0.000458017 0.000327207 0.000230719 0.000160552 0.000110248 7.46985e-05 4.99348e-05 3.29321e-05 2.14267e-05 1.37545e-05 8.71474e-06 5.45633e-06 3.38811e-06 2.10867e-06 1.35405e-06 9.60272e-07 
1.22346e-06 1.39959e-06 1.96809e-06 3.05567e-06 4.89552e-06 7.86196e-06 1.25225e-05 1.97099e-05 3.06184e-05 4.69267e-05 7.09511e-05 0.000105829 0.000155734 0.000226114 0.00032395 0.000458017 0.00063913 0.000880351 0.00119714 0.00160739 0.00213135 0.00279142 0.00361168 0.00461736 0.00583398 0.00728643 0.00899784 0.0109883 0.0132737 0.0158643 0.0187637 0.0219677 0.0254636 0.0292299 0.0332357 0.0374414 0.0417991 0.0462535 0.0507438 0.0552044 0.0595674 0.0637642 0.0677272 0.0713921 0.0746987 0.0775928 0.0800272 0.0819624 0.0833672 0.0842191 0.0845046 0.0842191 0.0833672 0.0819624 0.0800272 0.0775928 0.0746987 0.0713921 0.0677272 0.0637642 0.0595674 0.0552044 0.0507438 0.0462535 0.0417991 0.0374414 0.0332357 0.0292299 0.0254636 0.0219677 0.0187637 0.0158643 0.0132737 0.0109883 0.00899784 0.00728643 0.00583398 0.00461736 0.00361168 0.00279142 0.00213135 0.00160739 0.00119714 0.000880351 0.00063913 0.000458017 0.00032395 0.000226114 0.000155734 0.000105829 7.09511e-05 4.69267e-05 3.06184e-05 1.97099e-05 1.25225e-05 7.86196e-06 4.89552e-06 3.05567e-06 1.96809e-06 1.39959e-06 
1.76308e-06 2.01439e-06 2.82479e-06 4.37248e-06 6.98479e-06 1.11857e-05 1.77672e-05 2.78871e-05 4.31997e-05 6.60208e-05 9.95322e-05 0.000148025 0.000217179 0.000314375 0.00044902 0.000632875 0.000880351 0.00120875 0.00163841 0.00219272 0.00289792 0.0037828 0.00487805 0.00621542 0.00782668 0.00974232 0.0119901 0.0145935 0.0175701 0.0209302 0.0246751 0.0287966 0.0332755 0.0380815 0.0431734 0.0484993 0.0539977 0.0595987 0.065226 0.0707986 0.0762333 0.0814467 0.0863576 0.0908886 0.0949684 0.0985331 0.101527 0.103904 0.105629 0.106673 0.107024 0.106673 0.105629 0.103904 0.101527 0.0985331 0.0949684 0.0908886 0.0863576 0.0814467 0.0762333 0.0707986 0.065226 0.0595987 0.0539977 0.0484993 0.0431734 0.0380815 0.0332755 0.0287966 0.0246751 0.0209302 0.0175701 0.0145935 0.0119901 0.00974232 0.00782668 0.00621542 0.00487805 0.0037828 0.00289792 0.00219272 0.00163841 0.00120875 0.000880351 0.000632875 0.00044902 0.000314375 0.000217179 0.000148025 9.95322e-05 6.60208e-05 4.31997e-05 2.78871e-05 1.77672e-05 1.11857e-05 6.98479e-06 4.37248e-06 2.82479e-06 2.01439e-06 
2.50917e-06 2.86327e-06 4.00404e-06 6.17896e-06 9.84161e-06 1.57162e-05 2.48937e-05 3.89634e-05 6.01871e-05 9.17182e-05 0.00013787 0.000204434 0.00029904 0.000431552 0.000614475 0.000863358 0.00119714 0.00163841 0.00221356 0.00295267 0.00388928 0.00505981 0.00650271 0.00825729 0.0103624 0.0128545 0.0157662 0.0191242 0.0229469 0.0272436 0.032012 0.0372375 0.0428923 0.0489352 0.0553117 0.0619552 0.0687877 0.0757225 0.0826656 0.0895187 0.0961816 0.102555 0.108542 0.114054 0.119006 0.123324 0.126946 0.129818 0.131899 0.133159 0.133581 0.133159 0.131899 0.129818 0.126946 0.123324 0.119006 0.114054 0.108542 0.102555 0.0961816 0.0895187 0.0826656 0.0757225 0.0687877 0.0619552 0.0553117 0.0489352 0.0428923 0.0372375 0.032012 0.0272436 0.0229469 0.0191242 0.0157662 0.0128545 0.0103624 0.00825729 0.00650271 0.00505981 0.00388928 0.00295267 0.00221356 0.00163841 0.00119714 0.000863358 0.000614475 0.000431552 0.00029904 0.000204434 0.00013787 9.17182e-05 6.01871e-05 3.89634e-05 2.48937e-05 1.57162e-05 9.84161e-06 6.17896e-06 4.00404e-06 2.86327e-06 
3.52696e-06 4.01971e-06 5.60564e-06 8.6241e-06 1.36957e-05 2.18089e-05 3.44472e-05 5.37647e-05 8.28143e-05 0.000125835 0.000188599 0.00027882 0.000406614 0.000584987 0.000830345 0.00116296 0.00160739 0.00219272 0.00295267 0.00392543 0.00515317 0.00668128 0.00855712 0.0108285 0.013542 0.0167405 0.0204612 0.0247331 0.0295749 0.0349928 0.0409789 0.04751 0.054547 0.0620347 0.0699027 0.0780666 0.0864296 0.0948854 0.10332 0.111617 0.119658 0.127326 0.134509 0.141105 0.147018 0.152164 0.156473 0.159885 0.162355 0.16385 0.164351 0.16385 0.162355 0.159885 0.156473 0.152164 0.147018 0.141105 0.134509 0.127326 0.119658 0.111617 0.10332 0.0948854 0.0864296 0.0780666 0.0699027 0.0620347 0.054547 0.04751 0.0409789 0.0349928 0.0295749 0.0247331 0.0204612 0.0167405 0.013542 0.0108285 0.00855712 0.00668128 0.00515317 0.00392543 0.00295267 0.00219272 0.00160739 0.00116296 0.000830345 0.000584987 0.000406614 0.00027882 0.000188599 0.000125835 8.28143e-05 5.37647e-05 3.44472e-05 2.18089e-05 1.36957e-05 8.6241e-06 5.60564e-06 4.01971e-06 
4.89696e-06 5.57422e-06 7.75196e-06 1.18897e-05 1.88261e-05 2.98929e-05 4.70831e-05 7.32789e-05 0.000112549 0.00017052 0.000254817 0.000375585 0.000546058 0.000783166 0.00110814 0.00154708 0.00213135 0.00289792 0.00388928 0.00515317 0.00674187 0.00871099 0.011118 0.01402 0.0174717 0.0215223 0.0262131 0.0315745 0.0376234 0.0443612 0.0517717 0.0598201 0.0684529 0.0775978 0.0871652 0.09705 0.107134 0.117289 0.127381 0.137271 0.146823 0.155903 0.164385 0.172151 0.179098 0.185131 0.190174 0.194161 0.197045 0.198788 0.199372 0.198788 0.197045 0.194161 0.190174 0.185131 0.179098 0.172151 0.164385 0.155903 0.146823 0.137271 0.127381 0.117289 0.107134 0.09705 0.0871652 0.0775978 0.0684529 0.0598201 0.0517717 0.0443612 0.0376234 0.0315745 0.0262131 0.0215223 0.0174717 0.01402 0.011118 0.00871099 0.00674187 0.00515317 0.00388928 0.00289792 0.00213135 0.00154708 0.00110814 0.000783166 0.000546058 0.000375585 0.000254817 0.00017052 0.000112549 7.32789e-05 4.70831e-05 2.98929e-05 1.88261e-05 1.18897e-05 7.75196e-06 5.57422e-06 
6.71657e-06 7.6361e-06 1.05901e-05 1.61932e-05 2.55646e-05 4.0477e-05 6.35738e-05 9.86644e-05 0.000151104 0.000228266 0.000340099 0.000499773 0.000724383 0.00103568 0.00146079 0.00203284 0.00279142 0.0037828 0.00505981 0.00668128 0.00871099 0.0112161 0.0142651 0.017925 0.0222588 0.0273214 0.0331574 0.0397967 0.0472524 0.0555182 0.0645665 0.0743477 0.08479 0.0958008 0.107268 0.119063 0.131044 0.143058 0.15495 0.16656 0.177732 0.188316 0.198173 0.207173 0.215202 0.22216 0.227965 0.232549 0.235859 0.23786 0.238529 0.23786 0.235859 0.232549 0.227965 0.22216 0.215202 0.207173 0.198173 0.188316 0.177732 0.16656 0.15495 0.143058 0.131044 0.119063 0.107268 0.0958008 0.08479 0.0743477 0.0645665 0.0555182 0.0472524 0.0397967 0.0331574 0.0273214 0.0222588 0.017925 0.0142651 0.0112161 0.00871099 0.00668128 0.00505981 0.0037828 0.00279142 0.00203284 0.00146079 0.00103568 0.000724383 0.000499773 0.000340099 0.000228266 0.000151104 9.86644e-05 6.35738e-05 4.0477e-05 2.55646e-05 1.61932e-05 1.05901e-05 7.6361e-06 
9.10131e-06 1.03347e-05 1.42935e-05 2.17895e-05 3.42984e-05 5.41508e-05 8.48106e-05 0.00013125 0.000200433 0.0003019 0.000448471 0.000657031 0.000949384 0.00135312 0.00190245 0.00263888 0.00361168 0.00487805 0.00650271 0.00855712 0.011118 0.0142651 0.0180787 0.022636 0.0280077 0.0342541 0.0414207 0.0495352 0.0586038 0.0686092 0.0795087 0.0912338 0.103691 0.116764 0.130314 0.144187 0.158214 0.17222 0.186024 0.199447 0.212315 0.224463 0.235737 0.246002 0.255134 0.263031 0.269605 0.274788 0.278526 0.280784 0.281539 0.280784 0.278526 0.274788 0.269605 0.263031 0.255134 0.246002 0.235737 0.224463 0.212315 0.199447 0.186024 0.17222 0.158214 0.144187 0.130314 0.116764 0.103691 0.0912338 0.0795087 0.0686092 0.0586038 0.0495352 0.0414207 0.0342541 0.0280077 0.022636 0.0180787 0.0142651 0.011118 0.00855712 0.00650271 0.00487805 0.00361168 0.00263888 0.00190245 0.00135312 0.000949384 0.000657031 0.000448471 0.0003019 0.000200433 0.00013125 8.48106e-05 5.41508e-05 3.42984e-05 2.17895e-05 1.42935e-05 1.03347e-05 
1.21853e-05 1.38201e-05 1.90621e-05 2.89709e-05 4.54691e-05 7.15837e-05 0.000111799 0.000172528 0.000262712 0.000394554 0.000584366 0.000853532 0.00122951 0.00174688 0.00244821 0.00338485 0.00461736 0.00621542 0.00825729 0.0108285 0.01402 0.017925 0.022636 0.0282401 0.0348152 0.0424248 0.0511137 0.0609041 0.0717919 0.0837447 0.0967007 0.110569 0.125229 0.140537 0.156326 0.172413 0.188603 0.204694 0.220483 0.235771 0.250368 0.264096 0.276794 0.288317 0.29854 0.307358 0.314683 0.320449 0.324602 0.327108 0.327945 0.327108 0.324602 0.320449 0.314683 0.307358 0.29854 0.288317 0.276794 0.264096 0.250368 0.235771 0.220483 0.204694 0.188603 0.172413 0.156326 0.140537 0.125229 0.110569 0.0967007 0.0837447 0.0717919 0.0609041 0.0511137 0.0424248 0.0348152 0.0282401 0.022636 0.017925 0.01402 0.0108285 0.00825729 0.00621542 0.00461736 0.00338485 0.00244821 0.00174688 0.00122951 0.000853532 0.000584366 0.000394554 0.000262712 0.000172528 0.000111799 7.15837e-05 4.54691e-05 2.89709e-05 1.90621e-05 1.38201e-05 
1.61208e-05 1.82618e-05 2.51211e-05 3.80652e-05 5.95686e-05 9.35169e-05 0.000145646 0.000224129 0.000340312 0.00050961 0.000752537 0.00109584 0.00157369 0.00222886 0.0031137 0.00429093 0.00583398 0.00782668 0.0103624 0.013542 0.0174717 0.0222588 0.0280077 0.0348152 0.0427646 0.0519205 0.062324 0.0739881 0.0868945 0.100991 0.116193 0.13238 0.149404 0.167089 0.185237 0.203635 0.222059 0.240282 0.25808 0.275237 0.291549 0.30683 0.320911 0.333647 0.344912 0.354602 0.362635 0.368945 0.373485 0.376221 0.377135 0.376221 0.373485 0.368945 0.362635 0.354602 0.344912 0.333647 0.320911 0.30683 0.291549 0.275237 0.25808 0.240282 0.222059 0.203635 0.185237 0.167089 0.149404 0.13238 0.116193 0.100991 0.0868945 0.0739881 0.062324 0.0519205 0.0427646 0.0348152 0.0280077 0.0222588 0.0174717 0.013542 0.0103624 0.00782668 0.00583398 0.00429093 0.0031137 0.00222886 0.00157369 0.00109584 0.000752537 0.00050961 0.000340312 0.000224129 0.000145646 9.35169e-05 5.95686e-05 3.80652e-05 2.51211e-05 1.82618e-05 
2.10761e-05 2.38475e-05 3.27181e-05 4.94301e-05 7.71311e-05 0.00012075 0.000187539 0.000287791 0.000435736 0.00065062 0.00095793 0.00139073 0.00199104 0.00281111 0.00391456 0.00537703 0.00728643 0.00974232 0.0128545 0.0167405 0.0215223 0.0273214 0.0342541 0.0424248 0.0519205 0.0628041 0.0751092 0.0888354 0.103945 0.120363 0.137974 0.156627 0.176141 0.196304 0.216885 0.23764 0.258319 0.278669 0.298447 0.317424 0.335386 0.352142 0.367522 0.381383 0.393604 0.404087 0.412756 0.419552 0.424435 0.427375 0.428356 0.427375 0.424435 0.419552 0.412756 0.404087 0.393604 0.381383 0.367522 0.352142 0.335386 0.317424 0.298447 0.278669 0.258319 0.23764 0.216885 0.196304 0.176141 0.156627 0.137974 0.120363 0.103945 0.0888354 0.0751092 0.0628041 0.0519205 0.0424248 0.0342541 0.0273214 0.0215223 0.0167405 0.0128545 0.00974232 0.00728643 0.00537703 0.00391456 0.00281111 0.00199104 0.00139073 0.00095793 0.00065062 0.000435736 0.000287791 0.000187539 0.00012075 7.71311e-05 4.94301e-05 3.27181e-05 2.38475e-05 
2.72328e-05 3.07785e-05 4.21177e-05 6.34453e-05 9.87195e-05 0.000154121 0.000238713 0.000365308 0.00055155 0.000821188 0.00120552 0.00174495 0.00249053 0.00350537 0.0048658 0.00666198 0.00899784 0.0119901 0.0157662 0.0204612 0.0262131 0.0331574 0.0414207 0.0511137 0.062324 0.0751092 0.0894911 0.105451 0.122928 0.141816 0.161967 0.183195 0.205279 0.227973 0.251012 0.274118 0.297015 0.31943 0.341105 0.361799 0.381294 0.399399 0.415949 0.430807 0.443862 0.455027 0.464237 0.471442 0.476609 0.479717 0.480755 0.479717 0.476609 0.471442 0.464237 0.455027 0.443862 0.430807 0.415949 0.399399 0.381294 0.361799 0.341105 0.31943 0.297015 0.274118 0.251012 0.227973 0.205279 0.183195 0.161967 0.141816 0.122928 0.105451 0.0894911 0.0751092 0.062324 0.0511137 0.0414207 0.0331574 0.0262131 0.0204612 0.0157662 0.0119901 0.00899784 0.00666198 0.0048658 0.00350537 0.00249053 0.00174495 0.00120552 0.000821188 0.00055155 0.000365308 0.000238713 0.000154121 9.87195e-05 6.34453e-05 4.21177e-05 3.07785e-05 
3.47799e-05 3.92644e-05 5.35933e-05 8.05008e-05 0.000124908 0.000194477 0.000300406 0.000458466 0.000690282 0.00102483 0.00150012 0.00216494 0.00308061 0.00432248 0.00598107 0.00816255 0.0109883 0.0145935 0.0191242 0.0247331 0.0315745 0.0397967 0.0495352 0.0609041 0.0739881 0.0888354 0.105451 0.123794 0.143771 0.165245 0.188027 0.211893 0.236581 0.261806 0.287269 0.312663 0.337686 0.362048 0.385479 0.407734 0.428595 0.447878 0.465428 0.48112 0.494857 0.506568 0.5162 0.52372 0.529103 0.532338 0.533417 0.532338 0.529103 0.52372 0.5162 0.506568 0.494857 0.48112 0.465428 0.447878 0.428595 0.407734 0.385479 0.362048 0.337686 0.312663 0.287269 0.261806 0.236581 0.211893 0.188027 0.165245 0.143771 0.123794 0.105451 0.0888354 0.0739881 0.0609041 0.0495352 0.0397967 0.0315745 0.0247331 0.0191242 0.0145935 0.0109883 0.00816255 0.00598107 0.00432248 0.00308061 0.00216494 0.00150012 0.00102483 0.000690282 0.000458466 0.000300406 0.000194477 0.000124908 8.05008e-05 5.35933e-05 3.92644e-05 
4.39074e-05 4.95149e-05 6.74169e-05 0.000100981 0.000156257 0.000242637 0.000373806 0.000568959 0.000854307 0.00126481 0.00184612 0.00265649 0.00376875 0.00527184 0.0072719 0.00989247 0.0132737 0.0175701 0.0229469 0.0295749 0.0376234 0.0472524 0.0586038 0.0717919 0.0868945 0.103945 0.122928 0.143771 0.16635 0.190483 0.215943 0.24246 0.269732 0.297434 0.325233 0.352794 0.379794 0.405931 0.430928 0.45454 0.476558 0.496809 0.515154 0.531486 0.545728 0.557827 0.56775 0.575477 0.581 0.584313 0.585418 0.584313 0.581 0.575477 0.56775 0.557827 0.545728 0.531486 0.515154 0.496809 0.476558 0.45454 0.430928 0.405931 0.379794 0.352794 0.325233 0.297434 0.269732 0.24246 0.215943 0.190483 0.16635 0.143771 0.122928 0.103945 0.0868945 0.0717919 0.0586038 0.0472524 0.0376234 0.0295749 0.0229469 0.0175701 0.0132737 0.00989247 0.0072719 0.00527184 0.00376875 0.00265649 0.00184612 0.00126481 0.000854307 0.000568959 0.000373806 0.000242637 0.000156257 0.000100981 6.74169e-05 4.95149e-05 
5.47973e-05 6.17304e-05 8.3846e-05 0.000125246 0.000193286 0.000299355 0.000459989 0.0006983 0.00104571 0.00154395 0.00224722 0.00322437 0.00456093 0.00636073 0.00874682 0.0118614 0.0158643 0.0209302 0.0272436 0.0349928 0.0443612 0.0555182 0.0686092 0.0837447 0.100991 0.120363 0.141816 0.165245 0.190483 0.217307 0.245443 0.274574 0.304356 0.334426 0.364418 0.393972 0.422751 0.450442 0.476769 0.501496 0.524427 0.545406 0.564316 0.581074 0.595627 0.607945 0.618015 0.625836 0.631415 0.634758 0.635871 0.634758 0.631415 0.625836 0.618015 0.607945 0.595627 0.581074 0.564316 0.545406 0.524427 0.501496 0.476769 0.450442 0.422751 0.393972 0.364418 0.334426 0.304356 0.274574 0.245443 0.217307 0.190483 0.165245 0.141816 0.120363 0.100991 0.0837447 0.0686092 0.0555182 0.0443612 0.0349928 0.0272436 0.0209302 0.0158643 0.0118614 0.00874682 0.00636073 0.00456093 0.00322437 0.00224722 0.00154395 0.00104571 0.0006983 0.000459989 0.000299355 0.000193286 0.000125246 8.3846e-05 6.17304e-05 
6.76131e-05 7.60901e-05 0.000103108 0.000153611 0.000236443 0.000365266 0.000559848 0.000847717 0.00126615 0.00186442 0.00270621 0.003872 0.0054612 0.0075937 0.0104107 0.0140738 0.0187637 0.0246751 0.032012 0.0409789 0.0517717 0.0645665 0.0795087 0.0967007 0.116193 0.137974 0.161967 0.188027 0.215943 0.245443 0.276203 0.307861 0.340028 0.372306 0.404298 0.435626 0.46594 0.494926 0.522316 0.547886 0.571461 0.592909 0.61214 0.629099 0.643761 0.656122 0.666193 0.673993 0.679545 0.682867 0.683973 0.682867 0.679545 0.673993 0.666193 0.656122 0.643761 0.629099 0.61214 0.592909 0.571461 0.547886 0.522316 0.494926 0.46594 0.435626 0.404298 0.372306 0.340028 0.307861 0.276203 0.245443 0.215943 0.188027 0.161967 0.137974 0.116193 0.0967007 0.0795087 0.0645665 0.0517717 0.0409789 0.032012 0.0246751 0.0187637 0.0140738 0.0104107 0.0075937 0.0054612 0.003872 0.00270621 0.00186442 0.00126615 0.000847717 0.000559848 0.000365266 0.000236443 0.000153611 0.000103108 7.60901e-05 
8.24884e-05 9.27392e-05 0.000125385 0.000186319 0.000286065 0.000440835 0.000674015 0.00101805 0.00151669 0.00222753 0.00322462 0.00460105 0.00647115 0.00897197 0.0122637 0.0165285 0.0219677 0.0287966 0.0372375 0.04751 0.0598201 0.0743477 0.0912338 0.110569 0.13238 0.156627 0.183195 0.211893 0.24246 0.274574 0.307861 0.34191 0.376291 0.410572 0.444331 0.477175 0.508749 0.538745 0.566907 0.593031 0.61697 0.63862 0.657924 0.674859 0.689431 0.701663 0.711592 0.71926 0.724704 0.727957 0.729039 0.727957 0.724704 0.71926 0.711592 0.701663 0.689431 0.674859 0.657924 0.63862 0.61697 0.593031 0.566907 0.538745 0.508749 0.477175 0.444331 0.410572 0.376291 0.34191 0.307861 0.274574 0.24246 0.211893 0.183195 0.156627 0.13238 0.110569 0.0912338 0.0743477 0.0598201 0.04751 0.0372375 0.0287966 0.0219677 0.0165285 0.0122637 0.00897197 0.00647115 0.00460105 0.00322462 0.00222753 0.00151669 0.00101805 0.000674015 0.000440835 0.000286065 0.000186319 0.000125385 9.27392e-05 
9.95141e-05 0.000111775 0.000150794 0.000223521 0.000342347 0.000526312 0.000802794 0.00120964 0.00179769 0.00263355 0.00380248 0.00541108 0.00758954 0.0104929 0.0143011 0.0192173 0.0254636 0.0332755 0.0428923 0.054547 0.0684529 0.08479 0.103691 0.125229 0.149404 0.176141 0.205279 0.236581 0.269732 0.304356 0.340028 0.376291 0.412676 0.448719 0.48398 0.518057 0.550596 0.5813 0.609933 0.63632 0.660343 0.681934 0.701072 0.717767 0.732059 0.744002 0.753658 0.76109 0.766354 0.769494 0.770537 0.769494 0.766354 0.76109 0.753658 0.744002 0.732059 0.717767 0.701072 0.681934 0.660343 0.63632 0.609933 0.5813 0.550596 0.518057 0.48398 0.448719 0.412676 0.376291 0.340028 0.304356 0.269732 0.236581 0.205279 0.176141 0.149404 0.125229 0.103691 0.08479 0.0684529 0.054547 0.0428923 0.0332755 0.0254636 0.0192173 0.0143011 0.0104929 0.00758954 0.00541108 0.00380248 0.00263355 0.00179769 0.00120964 0.000802794 0.000526312 0.000342347 0.000223521 0.000150794 0.000111775 
0.000118726 0.000133234 0.00017937 0.000265248 0.000405304 0.000621674 0.000946084 0.00142224 0.00210863 0.00308153 0.00443813 0.00629932 0.00881191 0.0121496 0.0165126 0.0221251 0.0292299 0.0380815 0.0489352 0.0620347 0.0775978 0.0958008 0.116764 0.140537 0.167089 0.196304 0.227973 0.261806 0.297434 0.334426 0.372306 0.410572 0.448719 0.486259 0.522738 0.557749 0.590949 0.622058 0.650867 0.677233 0.701074 0.722361 0.741109 0.757369 0.771211 0.782722 0.791989 0.799096 0.804116 0.807105 0.808098 0.807105 0.804116 0.799096 0.791989 0.782722 0.771211 0.757369 0.741109 0.722361 0.701074 0.677233 0.650867 0.622058 0.590949 0.557749 0.522738 0.486259 0.448719 0.410572 0.372306 0.334426 0.297434 0.261806 0.227973 0.196304 0.167089 0.140537 0.116764 0.0958008 0.0775978 0.0620347 0.0489352 0.0380815 0.0292299 0.0221251 0.0165126 0.0121496 0.00881191 0.00629932 0.00443813 0.00308153 0.00210863 0.00142224 0.000946084 0.000621674 0.000405304 0.000265248 0.00017937 0.000133234 
0.000140095 0.000157079 0.000211053 0.00031139 0.000474746 0.00072659 0.00110333 0.00165494 0.00244803 0.00356915 0.00512801 0.00726043 0.0101304 0.0139307 0.018882 0.0252293 0.0332357 0.0431734 0.0553117 0.0699027 0.0871652 0.107268 0.130314 0.156326 0.185237 0.216885 0.251012 0.287269 0.325233 0.364418 0.404298 0.444331 0.48398 0.522738 0.560141 0.595788 0.62935 0.660572 0.689277 0.715358 0.738774 0.759536 0.777701 0.793355 0.806603 0.817562 0.826344 0.833054 0.837779 0.840587 0.841518 0.840587 0.837779 0.833054 0.826344 0.817562 0.806603 0.793355 0.777701 0.759536 0.738774 0.715358 0.689277 0.660572 0.62935 0.595788 0.560141 0.522738 0.48398 0.444331 0.404298 0.364418 0.325233 0.287269 0.251012 0.216885 0.185237 0.156326 0.130314 0.107268 0.0871652 0.0699027 0.0553117 0.0431734 0.0332357 0.0252293 0.018882 0.0139307 0.0101304 0.00726043 0.00512801 0.00356915 0.00244803 0.00165494 0.00110333 0.00072659 0.000474746 0.00031139 0.000211053 0.000157079 
0.000163514 0.000183189 0.000245671 0.000361684 0.000550248 0.000840385 0.00127346 0.00190608 0.00281339 0.00409265 0.00586659 0.00828638 0.0115335 0.0158201 0.0213872 0.0285002 0.0374414 0.0484993 0.0619552 0.0780666 0.09705 0.119063 0.144187 0.172413 0.203635 0.23764 0.274118 0.312663 0.352794 0.393972 0.435626 0.477175 0.518057 0.557749 0.595788 0.631783 0.665425 0.69649 0.724837 0.7504 0.77318 0.793231 0.81065 0.82556 0.838101 0.848415 0.856639 0.862896 0.867289 0.869893 0.870756 0.869893 0.867289 0.862896 0.856639 0.848415 0.838101 0.82556 0.81065 0.793231 0.77318 0.7504 0.724837 0.69649 0.665425 0.631783 0.595788 0.557749 0.518057 0.477175 0.435626 0.393972 0.352794 0.312663 0.274118 0.23764 0.203635 0.172413 0.144187 0.119063 0.09705 0.0780666 0.0619552 0.0484993 0.0374414 0.0285002 0.0213872 0.0158201 0.0115335 0.00828638 0.00586659 0.00409265 0.00281339 0.00190608 0.00127346 0.000840385 0.000550248 0.000361684 0.000245671 0.000183189 
0.000188797 0.000211351 0.000282935 0.000415695 0.000631142 0.000962025 0.0014549 0.00217326 0.00320114 0.0046468 0.00664632 0.00936648 0.0130064 0.0177975 0.0240007 0.0319011 0.0417991 0.0539977 0.0687877 0.0864296 0.107134 0.131044 0.158214 0.188603 0.222059 0.258319 0.297015 0.337686 0.379794 0.422751 0.46594 0.508749 0.550596 0.590949 0.62935 0.665425 0.698892 0.729561 0.757331 0.78218 0.804152 0.823344 0.839892 0.853956 0.865706 0.87531 0.882927 0.888696 0.892732 0.895119 0.895909 0.895119 0.892732 0.888696 0.882927 0.87531 0.865706 0.853956 0.839892 0.823344 0.804152 0.78218 0.757331 0.729561 0.698892 0.665425 0.62935 0.590949 0.550596 0.508749 0.46594 0.422751 0.379794 0.337686 0.297015 0.258319 0.222059 0.188603 0.158214 0.131044 0.107134 0.0864296 0.0687877 0.0539977 0.0417991 0.0319011 0.0240007 0.0177975 0.0130064 0.00936648 0.00664632 0.0046468 0.00320114 0.00217326 0.0014549 0.000962025 0.000631142 0.000415695 0.000282935 0.000211351 
