2.301e-07 2.50542e-07 3.14625e-07 4.30865e-07 6.1426e-07 8.87514e-07 1.28279e-06 1.84402e-06 2.62978e-06 3.71679e-06 5.20391e-06 7.21678e-06 9.91283e-06 1.34866e-05 1.81751e-05 2.4263e-05 3.20873e-05 4.20408e-05 5.45743e-05 7.01963e-05 8.94704e-05 0.00011301 0.000141467 0.000175521 0.00021586 0.000263156 0.000318046 0.000381094 0.000452766 0.000533396 0.000623151 0.000722001 0.000829694 0.000945732 0.00106936 0.00119954 0.001335 0.00147419 0.00161535 0.00175653 0.00189562 0.00203042 0.00215868 0.00227817 0.00238676 0.00248243 0.00256337 0.00262804 0.00267516 0.00270381 0.00271343 0.00270381 0.00267516 0.00262804 0.00256337 0.00248243 0.00238676 0.00227817 0.00215868 0.00203042 0.00189562 0.00175653 0.00161535 0.00147419 0.001335 0.00119954 0.00106936 0.000945732 0.000829694 0.000722001 0.000623151 0.000533396 0.000452766 0.000381094 0.000318046 0.000263156 0.00021586 0.000175521 0.000141467 0.00011301 8.94704e-05 7.01963e-05 5.45743e-05 4.20408e-05 3.20873e-05 2.4263e-05 1.81751e-05 1.34866e-05 9.91283e-06 7.21678e-06 5.20391e-06 3.71679e-06 2.62978e-06 1.84402e-06 1.28279e-06 8.87514e-07 6.1426e-07 4.30865e-07 3.14625e-07 2.50542e-07 
2.50542e-07 2.72728e-07 3.42268e-07 4.68362e-07 6.67206e-07 9.63308e-07 1.39136e-06 1.99872e-06 2.84846e-06 4.02312e-06 5.629e-06 7.801e-06 1.0708e-05 1.45586e-05 1.96064e-05 2.61559e-05 3.45673e-05 4.52595e-05 5.87131e-05 7.54694e-05 9.61278e-05 0.000121339 0.000151796 0.000188216 0.000231327 0.000281839 0.000340419 0.000407662 0.000484054 0.000569937 0.000665481 0.000770644 0.000885149 0.00100846 0.00113976 0.00127796 0.00142168 0.00156931 0.00171896 0.00186856 0.0020159 0.00215865 0.00229443 0.00242089 0.00253579 0.00263699 0.00272261 0.00279099 0.00284082 0.00287111 0.00288128 0.00287111 0.00284082 0.00279099 0.00272261 0.00263699 0.00253579 0.00242089 0.00229443 0.00215865 0.0020159 0.00186856 0.00171896 0.00156931 0.00142168 0.00127796 0.00113976 0.00100846 0.000885149 0.000770644 0.000665481 0.000569937 0.000484054 0.000407662 0.000340419 0.000281839 0.000231327 0.000188216 0.000151796 0.000121339 9.61278e-05 7.54694e-05 5.87131e-05 4.52595e-05 3.45673e-05 2.61559e-05 1.96064e-05 1.45586e-05 1.0708e-05 7.801e-06 5.629e-06 4.02312e-06 2.84846e-06 1.99872e-06 1.39136e-06 9.63308e-07 6.67206e-07 4.68362e-07 3.42268e-07 2.72728e-07 
3.14625e-07 3.42268e-07 4.28871e-07 5.8577e-07 8.32897e-07 1.20038e-06 1.73077e-06 2.48208e-06 3.53139e-06 4.97934e-06 6.95522e-06 9.62277e-06 1.31864e-05 1.78979e-05 2.40628e-05 3.20468e-05 4.2281e-05 5.52659e-05 7.15735e-05 9.18462e-05 0.000116793 0.000147182 0.000183825 0.000227564 0.000279244 0.000339689 0.000409667 0.000489855 0.000580801 0.00068288 0.000796262 0.000920867 0.00105634 0.00120202 0.00135693 0.00151976 0.0016889 0.00186242 0.00203813 0.00221361 0.00238626 0.00255338 0.00271222 0.00286006 0.00299429 0.00311246 0.00321238 0.00329217 0.00335028 0.00338561 0.00339747 0.00338561 0.00335028 0.00329217 0.00321238 0.00311246 0.00299429 0.00286006 0.00271222 0.00255338 0.00238626 0.00221361 0.00203813 0.00186242 0.0016889 0.00151976 0.00135693 0.00120202 0.00105634 0.000920867 0.000796262 0.00068288 0.000580801 0.000489855 0.000409667 0.000339689 0.000279244 0.000227564 0.000183825 0.000147182 0.000116793 9.18462e-05 7.15735e-05 5.52659e-05 4.2281e-05 3.20468e-05 2.40628e-05 1.78979e-05 1.31864e-05 9.62277e-06 6.95522e-06 4.97934e-06 3.53139e-06 2.48208e-06 1.73077e-06 1.20038e-06 8.32897e-07 5.8577e-07 4.28871e-07 3.42268e-07 
4.30865e-07 4.68362e-07 5.8577e-07 7.98252e-07 1.13245e-06 1.62853e-06 2.34316e-06 3.35336e-06 4.76123e-06 6.69968e-06 9.33899e-06 1.28941e-05 1.76327e-05 2.3883e-05 3.20423e-05 4.25845e-05 5.6066e-05 7.31308e-05 9.45116e-05 0.000121028 0.000153582 0.000193143 0.000240735 0.000297412 0.000364225 0.000442192 0.000532254 0.00063523 0.00075177 0.000882302 0.00102699 0.00118568 0.00135788 0.00154272 0.00173891 0.00194479 0.00215829 0.00237699 0.00259813 0.00281867 0.00303539 0.00324493 0.00344388 0.00362888 0.0037967 0.00394434 0.0040691 0.00416868 0.00424118 0.00428525 0.00430003 0.00428525 0.00424118 0.00416868 0.0040691 0.00394434 0.0037967 0.00362888 0.00344388 0.00324493 0.00303539 0.00281867 0.00259813 0.00237699 0.00215829 0.00194479 0.00173891 0.00154272 0.00135788 0.00118568 0.00102699 0.000882302 0.00075177 0.00063523 0.000532254 0.000442192 0.000364225 0.000297412 0.000240735 0.000193143 0.000153582 0.000121028 9.45116e-05 7.31308e-05 5.6066e-05 4.25845e-05 3.20423e-05 2.3883e-05 1.76327e-05 1.28941e-05 9.33899e-06 6.69968e-06 4.76123e-06 3.35336e-06 2.34316e-06 1.62853e-06 1.13245e-06 7.98252e-07 5.8577e-07 4.68362e-07 
6.1426e-07 6.67206e-07 8.32897e-07 1.13245e-06 1.60289e-06 2.30001e-06 3.30229e-06 4.71616e-06 6.68234e-06 9.38348e-06 1.30529e-05 1.79842e-05 2.45416e-05 3.31706e-05 4.44084e-05 5.88932e-05 7.73719e-05 0.000100705 0.000129869 0.00016595 0.000210137 0.000263704 0.00032799 0.000404362 0.000494177 0.000598738 0.000719236 0.000856696 0.00101191 0.00118537 0.00137723 0.00158721 0.00181461 0.0020582 0.00231628 0.0025866 0.00286645 0.00315264 0.00344156 0.0037293 0.00401167 0.00428434 0.00454294 0.00478316 0.00500089 0.00519228 0.00535391 0.00548284 0.00557669 0.00563371 0.00565284 0.00563371 0.00557669 0.00548284 0.00535391 0.00519228 0.00500089 0.00478316 0.00454294 0.00428434 0.00401167 0.0037293 0.00344156 0.00315264 0.00286645 0.0025866 0.00231628 0.0020582 0.00181461 0.00158721 0.00137723 0.00118537 0.00101191 0.000856696 0.000719236 0.000598738 0.000494177 0.000404362 0.00032799 0.000263704 0.000210137 0.00016595 0.000129869 0.000100705 7.73719e-05 5.88932e-05 4.44084e-05 3.31706e-05 2.45416e-05 1.79842e-05 1.30529e-05 9.38348e-06 6.68234e-06 4.71616e-06 3.30229e-06 2.30001e-06 1.60289e-06 1.13245e-06 8.32897e-07 6.67206e-07 
8.87514e-07 9.63308e-07 1.20038e-06 1.62853e-06 2.30001e-06 3.29335e-06 4.71887e-06 6.72573e-06 9.51072e-06 1.33285e-05 1.85035e-05 2.54425e-05 3.46488e-05 4.67358e-05 6.24407e-05 8.2636e-05 0.000108339 0.000140718 0.000181091 0.000230921 0.0002918 0.000365427 0.000453575 0.000558046 0.000680616 0.000822977 0.000986657 0.00117295 0.00138283 0.00161687 0.00187517 0.00215729 0.00246218 0.00278813 0.00313282 0.0034932 0.00386563 0.00424587 0.00462915 0.0050103 0.00538383 0.00574407 0.00608534 0.00640203 0.0066888 0.0069407 0.00715329 0.00732277 0.00744609 0.00752099 0.00754611 0.00752099 0.00744609 0.00732277 0.00715329 0.0069407 0.0066888 0.00640203 0.00608534 0.00574407 0.00538383 0.0050103 0.00462915 0.00424587 0.00386563 0.0034932 0.00313282 0.00278813 0.00246218 0.00215729 0.00187517 0.00161687 0.00138283 0.00117295 0.000986657 0.000822977 0.000680616 0.000558046 0.000453575 0.000365427 0.0002918 0.000230921 0.000181091 0.000140718 0.000108339 8.2636e-05 6.24407e-05 4.67358e-05 3.46488e-05 2.54425e-05 1.85035e-05 1.33285e-05 9.51072e-06 6.72573e-06 4.71887e-06 3.29335e-06 2.30001e-06 1.62853e-06 1.20038e-06 9.63308e-07 
1.28279e-06 1.39136e-06 1.73077e-06 2.34316e-06 3.30229e-06 4.71887e-06 6.74806e-06 9.59926e-06 1.35479e-05 1.89497e-05 2.62561e-05 3.60318e-05 4.89733e-05 6.59264e-05 8.79043e-05 0.000116102 0.000151908 0.000196909 0.000252891 0.000321824 0.000405846 0.000507225 0.000628314 0.000771491 0.000939084 0.00113329 0.00135607 0.00160906 0.00189344 0.00220988 0.00255838 0.00293821 0.00334787 0.00378499 0.00424635 0.00472785 0.00522458 0.0057309 0.00624047 0.00674648 0.00724169 0.00771871 0.00817007 0.0085885 0.00896706 0.00929931 0.00957954 0.00980283 0.00996523 0.0100638 0.0100969 0.0100638 0.00996523 0.00980283 0.00957954 0.00929931 0.00896706 0.0085885 0.00817007 0.00771871 0.00724169 0.00674648 0.00624047 0.0057309 0.00522458 0.00472785 0.00424635 0.00378499 0.00334787 0.00293821 0.00255838 0.00220988 0.00189344 0.00160906 0.00135607 0.00113329 0.000939084 0.000771491 0.000628314 0.000507225 0.000405846 0.000321824 0.000252891 0.000196909 0.000151908 0.000116102 8.79043e-05 6.59264e-05 4.89733e-05 3.60318e-05 2.62561e-05 1.89497e-05 1.35479e-05 9.59926e-06 6.74806e-06 4.71887e-06 3.30229e-06 2.34316e-06 1.73077e-06 1.39136e-06 
1.84402e-06 1.99872e-06 2.48208e-06 3.35336e-06 4.71616e-06 6.72573e-06 9.59926e-06 1.36291e-05 1.91991e-05 2.68031e-05 3.70666e-05 5.07697e-05 6.88711e-05 9.25315e-05 0.000123137 0.000162315 0.000211952 0.000274195 0.000351447 0.000446353 0.000561764 0.000700694 0.000866251 0.00106155 0.00128964 0.00155333 0.00185514 0.0021971 0.00258066 0.00300652 0.00347453 0.00398356 0.00453145 0.00511493 0.00572959 0.00636992 0.00702937 0.00770042 0.00837474 0.00904335 0.00969682 0.0103255 0.0109196 0.0114699 0.0119672 0.0124034 0.0127711 0.0130638 0.0132767 0.0134059 0.0134493 0.0134059 0.0132767 0.0130638 0.0127711 0.0124034 0.0119672 0.0114699 0.0109196 0.0103255 0.00969682 0.00904335 0.00837474 0.00770042 0.00702937 0.00636992 0.00572959 0.00511493 0.00453145 0.00398356 0.00347453 0.00300652 0.00258066 0.0021971 0.00185514 0.00155333 0.00128964 0.00106155 0.000866251 0.000700694 0.000561764 0.000446353 0.000351447 0.000274195 0.000211952 0.000162315 0.000123137 9.25315e-05 6.88711e-05 5.07697e-05 3.70666e-05 2.68031e-05 1.91991e-05 1.36291e-05 9.59926e-06 6.72573e-06 4.71616e-06 3.35336e-06 2.48208e-06 1.99872e-06 
2.62978e-06 2.84846e-06 3.53139e-06 4.76123e-06 6.68234e-06 9.51072e-06 1.35479e-05 1.91991e-05 2.69944e-05 3.76148e-05 5.19197e-05 7.0978e-05 9.60991e-05 0.000128863 0.000171151 0.000225163 0.000293439 0.000378858 0.000484634 0.000614281 0.000771575 0.000960483 0.00118507 0.0014494 0.00175738 0.00211263 0.00251829 0.00297689 0.00349013 0.00405872 0.00468224 0.00535899 0.00608592 0.00685852 0.00767085 0.00851555 0.00938393 0.0102661 0.0111512 0.0120274 0.0128827 0.0137044 0.0144801 0.0151977 0.0158457 0.0164136 0.0168919 0.0172726 0.0175493 0.0177172 0.0177735 0.0177172 0.0175493 0.0172726 0.0168919 0.0164136 0.0158457 0.0151977 0.0144801 0.0137044 0.0128827 0.0120274 0.0111512 0.0102661 0.00938393 0.00851555 0.00767085 0.00685852 0.00608592 0.00535899 0.00468224 0.00405872 0.00349013 0.00297689 0.00251829 0.00211263 0.00175738 0.0014494 0.00118507 0.000960483 0.000771575 0.000614281 0.000484634 0.000378858 0.000293439 0.000225163 0.000171151 0.000128863 9.60991e-05 7.0978e-05 5.19197e-05 3.76148e-05 2.69944e-05 1.91991e-05 1.35479e-05 9.51072e-06 6.68234e-06 4.76123e-06 3.53139e-06 2.84846e-06 
3.71679e-06 4.02312e-06 4.97934e-06 6.69968e-06 9.38348e-06 1.33285e-05 1.89497e-05 2.68031e-05 3.76148e-05 5.23144e-05 7.20725e-05 9.83399e-05 0.000132888 0.000177849 0.000235749 0.000309536 0.000402597 0.000518758 0.000662268 0.000837757 0.00105017 0.00130468 0.00160655 0.00196099 0.002373 0.00284714 0.00338731 0.00399657 0.00467686 0.00542885 0.00625168 0.00714284 0.00809807 0.00911126 0.0101745 0.0112779 0.0124103 0.0135587 0.0147089 0.015846 0.0169541 0.0180175 0.0190201 0.0199466 0.0207825 0.0215143 0.0221303 0.0226204 0.0229763 0.0231923 0.0232647 0.0231923 0.0229763 0.0226204 0.0221303 0.0215143 0.0207825 0.0199466 0.0190201 0.0180175 0.0169541 0.015846 0.0147089 0.0135587 0.0124103 0.0112779 0.0101745 0.00911126 0.00809807 0.00714284 0.00625168 0.00542885 0.00467686 0.00399657 0.00338731 0.00284714 0.002373 0.00196099 0.00160655 0.00130468 0.00105017 0.000837757 0.000662268 0.000518758 0.000402597 0.000309536 0.000235749 0.000177849 0.000132888 9.83399e-05 7.20725e-05 5.23144e-05 3.76148e-05 2.68031e-05 1.89497e-05 1.33285e-05 9.38348e-06 6.69968e-06 4.97934e-06 4.02312e-06 
5.20391e-06 5.629e-06 6.95522e-06 9.33899e-06 1.30529e-05 1.85035e-05 2.62561e-05 3.70666e-05 5.19197e-05 7.20725e-05 9.91031e-05 0.000134962 0.000182022 0.000243129 0.000321646 0.00042148 0.000547101 0.000703542 0.000896362 0.00113159 0.00141564 0.00175517 0.00215692 0.00262752 0.00317324 0.00379975 0.00451183 0.00531311 0.00620574 0.00719017 0.00826493 0.00942639 0.0106687 0.0119836 0.0133606 0.014787 0.016248 0.0177271 0.019206 0.0206657 0.0220862 0.0234474 0.0247292 0.0259124 0.0269788 0.0279117 0.0286963 0.0293201 0.0297731 0.0300478 0.0301399 0.0300478 0.0297731 0.0293201 0.0286963 0.0279117 0.0269788 0.0259124 0.0247292 0.0234474 0.0220862 0.0206657 0.019206 0.0177271 0.016248 0.014787 0.0133606 0.0119836 0.0106687 0.00942639 0.00826493 0.00719017 0.00620574 0.00531311 0.00451183 0.00379975 0.00317324 0.00262752 0.00215692 0.00175517 0.00141564 0.00113159 0.000896362 0.000703542 0.000547101 0.00042148 0.000321646 0.000243129 0.000182022 0.000134962 9.91031e-05 7.20725e-05 5.19197e-05 3.70666e-05 2.62561e-05 1.85035e-05 1.30529e-05 9.33899e-06 6.95522e-06 5.629e-06 
7.21678e-06 7.801e-06 9.62277e-06 1.28941e-05 1.79842e-05 2.54425e-05 3.60318e-05 5.07697e-05 7.0978e-05 9.83399e-05 0.000134962 0.000183438 0.000246917 0.00032916 0.000434593 0.000568343 0.000736248 0.000944855 0.00120136 0.00151353 0.00188959 0.002338 0.00286729 0.00348578 0.00420125 0.00502064 0.0059497 0.00699262 0.00815168 0.00942695 0.010816 0.0123137 0.0139121 0.0156003 0.0173646 0.0191884 0.0210529 0.0229369 0.0248176 0.0266707 0.0284712 0.0301941 0.0318145 0.0333084 0.0346535 0.0358291 0.0368171 0.0376022 0.0381719 0.0385174 0.0386332 0.0385174 0.0381719 0.0376022 0.0368171 0.0358291 0.0346535 0.0333084 0.0318145 0.0301941 0.0284712 0.0266707 0.0248176 0.0229369 0.0210529 0.0191884 0.0173646 0.0156003 0.0139121 0.0123137 0.010816 0.00942695 0.00815168 0.00699262 0.0059497 0.00502064 0.00420125 0.00348578 0.00286729 0.002338 0.00188959 0.00151353 0.00120136 0.000944855 0.000736248 0.000568343 0.000434593 0.00032916 0.000246917 0.000183438 0.000134962 9.83399e-05 7.0978e-05 5.07697e-05 3.60318e-05 2.54425e-05 1.79842e-05 1.28941e-05 9.62277e-06 7.801e-06 
9.91283e-06 1.0708e-05 1.31864e-05 1.76327e-05 2.45416e-05 3.46488e-05 4.89733e-05 6.88711e-05 9.60991e-05 0.000132888 0.000182022 0.000246917 0.000331707 0.000441311 0.000581496 0.000758915 0.000981117 0.00125652 0.00159434 0.00200448 0.00249733 0.00308356 0.00377381 0.00457837 0.00550678 0.00656739 0.00776698 0.00911025 0.0105995 0.012234 0.0140102 0.0159209 0.0179554 0.0200993 0.0223351 0.0246415 0.0269946 0.0293678 0.0317324 0.0340584 0.0363149 0.0384709 0.0404958 0.0423604 0.0440374 0.0455018 0.0467315 0.047708 0.0484163 0.0488457 0.0489896 0.0488457 0.0484163 0.047708 0.0467315 0.0455018 0.0440374 0.0423604 0.0404958 0.0384709 0.0363149 0.0340584 0.0317324 0.0293678 0.0269946 0.0246415 0.0223351 0.0200993 0.0179554 0.0159209 0.0140102 0.012234 0.0105995 0.00911025 0.00776698 0.00656739 0.00550678 0.00457837 0.00377381 0.00308356 0.00249733 0.00200448 0.00159434 0.00125652 0.000981117 0.000758915 0.000581496 0.000441311 0.000331707 0.000246917 0.000182022 0.000132888 9.60991e-05 6.88711e-05 4.89733e-05 3.46488e-05 2.45416e-05 1.76327e-05 1.31864e-05 1.0708e-05 
1.34866e-05 1.45586e-05 1.78979e-05 2.3883e-05 3.31706e-05 4.67358e-05 6.59264e-05 9.25315e-05 0.000128863 0.000177849 0.000243129 0.00032916 0.000441311 0.000585949 0.000770513 0.00100354 0.0012947 0.00165468 0.00209518 0.00262864 0.00326808 0.00402675 0.00491779 0.00595375 0.00714612 0.00850482 0.0100376 0.0117497 0.0136431 0.0157161 0.0179631 0.0203745 0.022936 0.0256292 0.0284314 0.031316 0.0342529 0.0372089 0.0401487 0.0430353 0.0458309 0.0484979 0.0509993 0.0532997 0.0553663 0.0571691 0.0586818 0.0598821 0.0607524 0.0612798 0.0614565 0.0612798 0.0607524 0.0598821 0.0586818 0.0571691 0.0553663 0.0532997 0.0509993 0.0484979 0.0458309 0.0430353 0.0401487 0.0372089 0.0342529 0.031316 0.0284314 0.0256292 0.022936 0.0203745 0.0179631 0.0157161 0.0136431 0.0117497 0.0100376 0.00850482 0.00714612 0.00595375 0.00491779 0.00402675 0.00326808 0.00262864 0.00209518 0.00165468 0.0012947 0.00100354 0.000770513 0.000585949 0.000441311 0.00032916 0.000243129 0.000177849 0.000128863 9.25315e-05 6.59264e-05 4.67358e-05 3.31706e-05 2.3883e-05 1.78979e-05 1.45586e-05 
1.81751e-05 1.96064e-05 2.40628e-05 3.20423e-05 4.44084e-05 6.24407e-05 8.79043e-05 0.000123137 0.000171151 0.000235749 0.000321646 0.000434593 0.000581496 0.000770513 0.00101113 0.00131422 0.00169197 0.00215788 0.00272657 0.00341354 0.00423489 0.0052069 0.00634554 0.00766593 0.00918171 0.0109044 0.0128429 0.0150024 0.0173844 0.0199857 0.0227983 0.0258091 0.0289996 0.0323461 0.03582 0.039388 0.0430127 0.0466536 0.0502674 0.0538093 0.0572335 0.0604949 0.0635493 0.0663546 0.0688717 0.0710652 0.0729042 0.0743624 0.0754191 0.0760592 0.0762736 0.0760592 0.0754191 0.0743624 0.0729042 0.0710652 0.0688717 0.0663546 0.0635493 0.0604949 0.0572335 0.0538093 0.0502674 0.0466536 0.0430127 0.039388 0.03582 0.0323461 0.0289996 0.0258091 0.0227983 0.0199857 0.0173844 0.0150024 0.0128429 0.0109044 0.00918171 0.00766593 0.00634554 0.0052069 0.00423489 0.00341354 0.00272657 0.00215788 0.00169197 0.00131422 0.00101113 0.000770513 0.000581496 0.000434593 0.000321646 0.000235749 0.000171151 0.000123137 8.79043e-05 6.24407e-05 4.44084e-05 3.20423e-05 2.40628e-05 1.96064e-05 
2.4263e-05 2.61559e-05 3.20468e-05 4.25845e-05 5.88932e-05 8.2636e-05 0.000116102 0.000162315 0.000225163 0.000309536 0.00042148 0.000568343 0.000758915 0.00100354 0.00131422 0.00170459 0.00218993 0.00278704 0.00351403 0.00438997 0.00543454 0.00666748 0.00810798 0.00977397 0.0116814 0.0138435 0.0162698 0.0189656 0.0219312 0.0251614 0.0286449 0.0323642 0.0362956 0.0404091 0.0446689 0.049034 0.0534585 0.0578931 0.0622858 0.0665826 0.0707292 0.074672 0.0783587 0.0817401 0.0847704 0.0874083 0.0896177 0.0913684 0.0926364 0.0934042 0.0936613 0.0934042 0.0926364 0.0913684 0.0896177 0.0874083 0.0847704 0.0817401 0.0783587 0.074672 0.0707292 0.0665826 0.0622858 0.0578931 0.0534585 0.049034 0.0446689 0.0404091 0.0362956 0.0323642 0.0286449 0.0251614 0.0219312 0.0189656 0.0162698 0.0138435 0.0116814 0.00977397 0.00810798 0.00666748 0.00543454 0.00438997 0.00351403 0.00278704 0.00218993 0.00170459 0.00131422 0.00100354 0.000758915 0.000568343 0.00042148 0.000309536 0.000225163 0.000162315 0.000116102 8.2636e-05 5.88932e-05 4.25845e-05 3.20468e-05 2.61559e-05 
3.20873e-05 3.45673e-05 4.2281e-05 5.6066e-05 7.73719e-05 0.000108339 0.000151908 0.000211952 0.000293439 0.000402597 0.000547101 0.000736248 0.000981117 0.0012947 0.00169197 0.00218993 0.00280749 0.00356535 0.00448566 0.00559166 0.00690709 0.00845561 0.0102599 0.0123411 0.0147174 0.0174035 0.0204096 0.0237405 0.0273948 0.0313643 0.0356337 0.04018 0.0449731 0.0499753 0.0551425 0.0604246 0.0657662 0.071108 0.0763879 0.0815422 0.0865069 0.0912192 0.0956184 0.0996472 0.103253 0.106388 0.109012 0.111089 0.112593 0.113503 0.113808 0.113503 0.112593 0.111089 0.109012 0.106388 0.103253 0.0996472 0.0956184 0.0912192 0.0865069 0.0815422 0.0763879 0.071108 0.0657662 0.0604246 0.0551425 0.0499753 0.0449731 0.04018 0.0356337 0.0313643 0.0273948 0.0237405 0.0204096 0.0174035 0.0147174 0.0123411 0.0102599 0.00845561 0.00690709 0.00559166 0.00448566 0.00356535 0.00280749 0.00218993 0.00169197 0.0012947 0.000981117 0.000736248 0.000547101 0.000402597 0.000293439 0.000211952 0.000151908 0.000108339 7.73719e-05 5.6066e-05 4.2281e-05 3.45673e-05 
4.20408e-05 4.52595e-05 5.52659e-05 7.31308e-05 0.000100705 0.000140718 0.000196909 0.000274195 0.000378858 0.000518758 0.000703542 0.000944855 0.00125652 0.00165468 0.00215788 0.00278704 0.00356535 0.00451801 0.00567186 0.00705485 0.00869534 0.0106213 0.0128592 0.0154333 0.0183643 0.0216683 0.0253554 0.0294295 0.0338866 0.0387147 0.0438932 0.0493925 0.0551746 0.0611931 0.0673941 0.073717 0.0800957 0.0864597 0.092736 0.09885 0.104728 0.110296 0.115485 0.120231 0.124472 0.128156 0.131235 0.133671 0.135433 0.136499 0.136856 0.136499 0.135433 0.133671 0.131235 0.128156 0.124472 0.120231 0.115485 0.110296 0.104728 0.09885 0.092736 0.0864597 0.0800957 0.073717 0.0673941 0.0611931 0.0551746 0.0493925 0.0438932 0.0387147 0.0338866 0.0294295 0.0253554 0.0216683 0.0183643 0.0154333 0.0128592 0.0106213 0.00869534 0.00705485 0.00567186 0.00451801 0.00356535 0.00278704 0.00215788 0.00165468 0.00125652 0.000944855 0.000703542 0.000518758 0.000378858 0.000274195 0.000196909 0.000140718 0.000100705 7.31308e-05 5.52659e-05 4.52595e-05 
5.45743e-05 5.87131e-05 7.15735e-05 9.45116e-05 0.000129869 0.000181091 0.000252891 0.000351447 0.000484634 0.000662268 0.000896362 0.00120136 0.00159434 0.00209518 0.00272657 0.00351403 0.00448566 0.00567186 0.00710479 0.00881765 0.0108439 0.0132162 0.0159651 0.019118 0.0226979 0.0267217 0.0311994 0.0361327 0.0415144 0.0473272 0.0535442 0.0601277 0.0670305 0.0741959 0.0815589 0.089047 0.096582 0.104082 0.11146 0.118633 0.125513 0.132019 0.138072 0.143598 0.148529 0.152807 0.156379 0.159203 0.161244 0.162478 0.162892 0.162478 0.161244 0.159203 0.156379 0.152807 0.148529 0.143598 0.138072 0.132019 0.125513 0.118633 0.11146 0.104082 0.096582 0.089047 0.0815589 0.0741959 0.0670305 0.0601277 0.0535442 0.0473272 0.0415144 0.0361327 0.0311994 0.0267217 0.0226979 0.019118 0.0159651 0.0132162 0.0108439 0.00881765 0.00710479 0.00567186 0.00448566 0.00351403 0.00272657 0.00209518 0.00159434 0.00120136 0.000896362 0.000662268 0.000484634 0.000351447 0.000252891 0.000181091 0.000129869 9.45116e-05 7.15735e-05 5.87131e-05 
7.01963e-05 7.54694e-05 9.18462e-05 0.000121028 0.00016595 0.000230921 0.000321824 0.000446353 0.000614281 0.000837757 0.00113159 0.00151353 0.00200448 0.00262864 0.00341354 0.00438997 0.00559166 0.00705485 0.00881765 0.0109191 0.0133982 0.0162925 0.0196368 0.0234616 0.0277918 0.0326448 0.0380293 0.0439443 0.0503777 0.0573063 0.0646946 0.072496 0.0806522 0.0890947 0.0977459 0.10652 0.115327 0.124069 0.13265 0.140972 0.148938 0.156455 0.163435 0.169796 0.175466 0.180376 0.184473 0.187708 0.190045 0.191458 0.19193 0.191458 0.190045 0.187708 0.184473 0.180376 0.175466 0.169796 0.163435 0.156455 0.148938 0.140972 0.13265 0.124069 0.115327 0.10652 0.0977459 0.0890947 0.0806522 0.072496 0.0646946 0.0573063 0.0503777 0.0439443 0.0380293 0.0326448 0.0277918 0.0234616 0.0196368 0.0162925 0.0133982 0.0109191 0.00881765 0.00705485 0.00559166 0.00438997 0.00341354 0.00262864 0.00200448 0.00151353 0.00113159 0.000837757 0.000614281 0.000446353 0.000321824 0.000230921 0.00016595 0.000121028 9.18462e-05 7.54694e-05 
8.94704e-05 9.61278e-05 0.000116793 0.000153582 0.000210137 0.0002918 0.000405846 0.000561764 0.000771575 0.00105017 0.00141564 0.00188959 0.00249733 0.00326808 0.00423489 0.00543454 0.00690709 0.00869534 0.0108439 0.0133982 0.016403 0.0199012 0.0239315 0.0285276 0.0337156 0.0395126 0.0459252 0.0529483 0.0605639 0.0687408 0.0774341 0.0865858 0.0961254 0.105971 0.116031 0.126206 0.136389 0.146473 0.156345 0.165895 0.175017 0.183606 0.191566 0.198808 0.205251 0.210825 0.215468 0.219132 0.221777 0.223375 0.22391 0.223375 0.221777 0.219132 0.215468 0.210825 0.205251 0.198808 0.191566 0.183606 0.175017 0.165895 0.156345 0.146473 0.136389 0.126206 0.116031 0.105971 0.0961254 0.0865858 0.0774341 0.0687408 0.0605639 0.0529483 0.0459252 0.0395126 0.0337156 0.0285276 0.0239315 0.0199012 0.016403 0.0133982 0.0108439 0.00869534 0.00690709 0.00543454 0.00423489 0.00326808 0.00249733 0.00188959 0.00141564 0.00105017 0.000771575 0.000561764 0.000405846 0.0002918 0.000210137 0.000153582 0.000116793 9.61278e-05 
0.00011301 0.000121339 0.000147182 0.000193143 0.000263704 0.000365427 0.000507225 0.000700694 0.000960483 0.00130468 0.00175517 0.002338 0.00308356 0.00402675 0.0052069 0.00666748 0.00845561 0.0106213 0.0132162 0.0162925 0.0199012 0.0240902 0.0289024 0.0343738 0.0405313 0.0473907 0.0549553 0.0632146 0.0721429 0.0816995 0.0918281 0.102458 0.113504 0.12487 0.13645 0.148127 0.159781 0.171289 0.182526 0.193369 0.203701 0.213408 0.222385 0.230538 0.237779 0.244034 0.249238 0.253341 0.2563 0.258087 0.258685 0.258087 0.2563 0.253341 0.249238 0.244034 0.237779 0.230538 0.222385 0.213408 0.203701 0.193369 0.182526 0.171289 0.159781 0.148127 0.13645 0.12487 0.113504 0.102458 0.0918281 0.0816995 0.0721429 0.0632146 0.0549553 0.0473907 0.0405313 0.0343738 0.0289024 0.0240902 0.0199012 0.0162925 0.0132162 0.0106213 0.00845561 0.00666748 0.0052069 0.00402675 0.00308356 0.002338 0.00175517 0.00130468 0.000960483 0.000700694 0.000507225 0.000365427 0.000263704 0.000193143 0.000147182 0.000121339 
0.000141467 0.000151796 0.000183825 0.000240735 0.00032799 0.000453575 0.000628314 0.000866251 0.00118507 0.00160655 0.00215692 0.00286729 0.00377381 0.00491779 0.00634554 0.00810798 0.0102599 0.0128592 0.0159651 0.0196368 0.0239315 0.0289024 0.0345959 0.0410498 0.0482908 0.0563322 0.0651727 0.0747946 0.0851629 0.0962255 0.107913 0.12014 0.132806 0.145797 0.158992 0.172257 0.185458 0.198456 0.211112 0.223294 0.234871 0.245724 0.255739 0.264815 0.272863 0.279804 0.285572 0.290113 0.293386 0.295362 0.296023 0.295362 0.293386 0.290113 0.285572 0.279804 0.272863 0.264815 0.255739 0.245724 0.234871 0.223294 0.211112 0.198456 0.185458 0.172257 0.158992 0.145797 0.132806 0.12014 0.107913 0.0962255 0.0851629 0.0747946 0.0651727 0.0563322 0.0482908 0.0410498 0.0345959 0.0289024 0.0239315 0.0196368 0.0159651 0.0128592 0.0102599 0.00810798 0.00634554 0.00491779 0.00377381 0.00286729 0.00215692 0.00160655 0.00118507 0.000866251 0.000628314 0.000453575 0.00032799 0.000240735 0.000183825 0.000151796 
0.000175521 0.000188216 0.000227564 0.000297412 0.000404362 0.000558046 0.000771491 0.00106155 0.0014494 0.00196099 0.00262752 0.00348578 0.00457837 0.00595375 0.00766593 0.00977397 0.0123411 0.0154333 0.019118 0.0234616 0.0285276 0.0343738 0.0410498 0.0485943 0.0570326 0.0663742 0.0766114 0.0877176 0.0996466 0.112333 0.125692 0.139622 0.154005 0.16871 0.183597 0.198518 0.21332 0.227851 0.241961 0.255503 0.26834 0.280343 0.291395 0.301391 0.310237 0.317854 0.324176 0.329147 0.332727 0.334887 0.335609 0.334887 0.332727 0.329147 0.324176 0.317854 0.310237 0.301391 0.291395 0.280343 0.26834 0.255503 0.241961 0.227851 0.21332 0.198518 0.183597 0.16871 0.154005 0.139622 0.125692 0.112333 0.0996466 0.0877176 0.0766114 0.0663742 0.0570326 0.0485943 0.0410498 0.0343738 0.0285276 0.0234616 0.019118 0.0154333 0.0123411 0.00977397 0.00766593 0.00595375 0.00457837 0.00348578 0.00262752 0.00196099 0.0014494 0.00106155 0.000771491 0.000558046 0.000404362 0.000297412 0.000227564 0.000188216 
0.00021586 0.000231327 0.000279244 0.000364225 0.000494177 0.000680616 0.000939084 0.00128964 0.00175738 0.002373 0.00317324 0.00420125 0.00550678 0.00714612 0.00918171 0.0116814 0.0147174 0.0183643 0.0226979 0.0277918 0.0337156 0.0405313 0.0482908 0.0570326 0.0667792 0.0775348 0.0892834 0.101987 0.115587 0.130002 0.145131 0.160853 0.177033 0.19352 0.210155 0.226774 0.243208 0.259292 0.274861 0.289762 0.303848 0.316986 0.329053 0.339944 0.349562 0.357831 0.364682 0.370064 0.373936 0.376271 0.377051 0.376271 0.373936 0.370064 0.364682 0.357831 0.349562 0.339944 0.329053 0.316986 0.303848 0.289762 0.274861 0.259292 0.243208 0.226774 0.210155 0.19352 0.177033 0.160853 0.145131 0.130002 0.115587 0.101987 0.0892834 0.0775348 0.0667792 0.0570326 0.0482908 0.0405313 0.0337156 0.0277918 0.0226979 0.0183643 0.0147174 0.0116814 0.00918171 0.00714612 0.00550678 0.00420125 0.00317324 0.002373 0.00175738 0.00128964 0.000939084 0.000680616 0.000494177 0.000364225 0.000279244 0.000231327 
0.000263156 0.000281839 0.000339689 0.000442192 0.000598738 0.000822977 0.00113329 0.00155333 0.00211263 0.00284714 0.00379975 0.00502064 0.00656739 0.00850482 0.0109044 0.0138435 0.0174035 0.0216683 0.0267217 0.0326448 0.0395126 0.0473907 0.0563322 0.0663742 0.0775348 0.0898109 0.103176 0.11758 0.132948 0.149181 0.166159 0.183743 0.201775 0.220088 0.238502 0.256836 0.274906 0.292534 0.309545 0.325776 0.341076 0.355307 0.368346 0.380086 0.390434 0.399312 0.406658 0.412421 0.416564 0.419059 0.419893 0.419059 0.416564 0.412421 0.406658 0.399312 0.390434 0.380086 0.368346 0.355307 0.341076 0.325776 0.309545 0.292534 0.274906 0.256836 0.238502 0.220088 0.201775 0.183743 0.166159 0.149181 0.132948 0.11758 0.103176 0.0898109 0.0775348 0.0663742 0.0563322 0.0473907 0.0395126 0.0326448 0.0267217 0.0216683 0.0174035 0.0138435 0.0109044 0.00850482 0.00656739 0.00502064 0.00379975 0.00284714 0.00211263 0.00155333 0.00113329 0.000822977 0.000598738 0.000442192 0.000339689 0.000281839 
0.000318046 0.000340419 0.000409667 0.000532254 0.000719236 0.000986657 0.00135607 0.00185514 0.00251829 0.00338731 0.00451183 0.0059497 0.00776698 0.0100376 0.0128429 0.0162698 0.0204096 0.0253554 0.0311994 0.0380293 0.0459252 0.0549553 0.0651727 0.0766114 0.0892834 0.103176 0.118251 0.134442 0.151658 0.169779 0.188666 0.208157 0.228074 0.24823 0.268426 0.288464 0.308147 0.327282 0.345688 0.363195 0.379648 0.394908 0.408853 0.421378 0.432394 0.441827 0.449619 0.455724 0.460108 0.462747 0.463628 0.462747 0.460108 0.455724 0.449619 0.441827 0.432394 0.421378 0.408853 0.394908 0.379648 0.363195 0.345688 0.327282 0.308147 0.288464 0.268426 0.24823 0.228074 0.208157 0.188666 0.169779 0.151658 0.134442 0.118251 0.103176 0.0892834 0.0766114 0.0651727 0.0549553 0.0459252 0.0380293 0.0311994 0.0253554 0.0204096 0.0162698 0.0128429 0.0100376 0.00776698 0.0059497 0.00451183 0.00338731 0.00251829 0.00185514 0.00135607 0.000986657 0.000719236 0.000532254 0.000409667 0.000340419 
0.000381094 0.000407662 0.000489855 0.00063523 0.000856696 0.00117295 0.00160906 0.0021971 0.00297689 0.00399657 0.00531311 0.00699262 0.00911025 0.0117497 0.0150024 0.0189656 0.0237405 0.0294295 0.0361327 0.0439443 0.0529483 0.0632146 0.0747946 0.0877176 0.101987 0.11758 0.134442 0.152491 0.171614 0.191672 0.212503 0.233922 0.255731 0.277719 0.299672 0.321375 0.342617 0.363196 0.382924 0.401626 0.419148 0.43535 0.450115 0.463343 0.474949 0.484868 0.493047 0.499446 0.504036 0.506797 0.507719 0.506797 0.504036 0.499446 0.493047 0.484868 0.474949 0.463343 0.450115 0.43535 0.419148 0.401626 0.382924 0.363196 0.342617 0.321375 0.299672 0.277719 0.255731 0.233922 0.212503 0.191672 0.171614 0.152491 0.134442 0.11758 0.101987 0.0877176 0.0747946 0.0632146 0.0529483 0.0439443 0.0361327 0.0294295 0.0237405 0.0189656 0.0150024 0.0117497 0.00911025 0.00699262 0.00531311 0.00399657 0.00297689 0.0021971 0.00160906 0.00117295 0.000856696 0.00063523 0.000489855 0.000407662 
0.000452766 0.000484054 0.000580801 0.00075177 0.00101191 0.00138283 0.00189344 0.00258066 0.00349013 0.00467686 0.00620574 0.00815168 0.0105995 0.0136431 0.0173844 0.0219312 0.0273948 0.0338866 0.0415144 0.0503777 0.0605639 0.0721429 0.0851629 0.0996466 0.115587 0.132948 0.151658 0.171614 0.192683 0.214704 0.237488 0.26083 0.284508 0.308291 0.331949 0.355249 0.37797 0.399903 0.420854 0.440648 0.459131 0.476169 0.49165 0.505481 0.517587 0.527911 0.536408 0.543046 0.547802 0.550661 0.551615 0.550661 0.547802 0.543046 0.536408 0.527911 0.517587 0.505481 0.49165 0.476169 0.459131 0.440648 0.420854 0.399903 0.37797 0.355249 0.331949 0.308291 0.284508 0.26083 0.237488 0.214704 0.192683 0.171614 0.151658 0.132948 0.115587 0.0996466 0.0851629 0.0721429 0.0605639 0.0503777 0.0415144 0.0338866 0.0273948 0.0219312 0.0173844 0.0136431 0.0105995 0.00815168 0.00620574 0.00467686 0.00349013 0.00258066 0.00189344 0.00138283 0.00101191 0.00075177 0.000580801 0.000484054 
0.000533396 0.000569937 0.00068288 0.000882302 0.00118537 0.00161687 0.00220988 0.00300652 0.00405872 0.00542885 0.00719017 0.00942695 0.012234 0.0157161 0.0199857 0.0251614 0.0313643 0.0387147 0.0473272 0.0573063 0.0687408 0.0816995 0.0962255 0.112333 0.130002 0.149181 0.169779 0.191672 0.214704 0.238686 0.263409 0.288641 0.314139 0.339654 0.364935 0.389739 0.413834 0.437006 0.45906 0.47982 0.499139 0.516889 0.532968 0.547291 0.559797 0.570436 0.579176 0.585992 0.590869 0.593799 0.594776 0.593799 0.590869 0.585992 0.579176 0.570436 0.559797 0.547291 0.532968 0.516889 0.499139 0.47982 0.45906 0.437006 0.413834 0.389739 0.364935 0.339654 0.314139 0.288641 0.263409 0.238686 0.214704 0.191672 0.169779 0.149181 0.130002 0.112333 0.0962255 0.0816995 0.0687408 0.0573063 0.0473272 0.0387147 0.0313643 0.0251614 0.0199857 0.0157161 0.012234 0.00942695 0.00719017 0.00542885 0.00405872 0.00300652 0.00220988 0.00161687 0.00118537 0.000882302 0.00068288 0.000569937 
0.000623151 0.000665481 0.000796262 0.00102699 0.00137723 0.00187517 0.00255838 0.00347453 0.00468224 0.00625168 0.00826493 0.010816 0.0140102 0.0179631 0.0227983 0.0286449 0.0356337 0.0438932 0.0535442 0.0646946 0.0774341 0.0918281 0.107913 0.125692 0.145131 0.166159 0.188666 0.212503 0.237488 0.263409 0.290029 0.317094 0.344338 0.371493 0.398293 0.424483 0.449826 0.474103 0.497119 0.518705 0.53872 0.557046 0.573592 0.588288 0.601084 0.611943 0.620845 0.627776 0.632729 0.635701 0.636692 0.635701 0.632729 0.627776 0.620845 0.611943 0.601084 0.588288 0.573592 0.557046 0.53872 0.518705 0.497119 0.474103 0.449826 0.424483 0.398293 0.371493 0.344338 0.317094 0.290029 0.263409 0.237488 0.212503 0.188666 0.166159 0.145131 0.125692 0.107913 0.0918281 0.0774341 0.0646946 0.0535442 0.0438932 0.0356337 0.0286449 0.0227983 0.0179631 0.0140102 0.010816 0.00826493 0.00625168 0.00468224 0.00347453 0.00255838 0.00187517 0.00137723 0.00102699 0.000796262 0.000665481 
0.000722001 0.000770644 0.000920867 0.00118568 0.00158721 0.00215729 0.00293821 0.00398356 0.00535899 0.00714284 0.00942639 0.0123137 0.0159209 0.0203745 0.0258091 0.0323642 0.04018 0.0493925 0.0601277 0.072496 0.0865858 0.102458 0.12014 0.139622 0.160853 0.183743 0.208157 0.233922 0.26083 0.288641 0.317094 0.34591 0.374802 0.403484 0.431677 0.459118 0.485563 0.510794 0.534619 0.556878 0.577439 0.596197 0.613075 0.628018 0.640991 0.651973 0.660955 0.667935 0.672917 0.675903 0.676899 0.675903 0.672917 0.667935 0.660955 0.651973 0.640991 0.628018 0.613075 0.596197 0.577439 0.556878 0.534619 0.510794 0.485563 0.459118 0.431677 0.403484 0.374802 0.34591 0.317094 0.288641 0.26083 0.233922 0.208157 0.183743 0.160853 0.139622 0.12014 0.102458 0.0865858 0.072496 0.0601277 0.0493925 0.04018 0.0323642 0.0258091 0.0203745 0.0159209 0.0123137 0.00942639 0.00714284 0.00535899 0.00398356 0.00293821 0.00215729 0.00158721 0.00118568 0.000920867 0.000770644 
0.000829694 0.000885149 0.00105634 0.00135788 0.00181461 0.00246218 0.00334787 0.00453145 0.00608592 0.00809807 0.0106687 0.0139121 0.0179554 0.022936 0.0289996 0.0362956 0.0449731 0.0551746 0.0670305 0.0806522 0.0961254 0.113504 0.132806 0.154005 0.177033 0.201775 0.228074 0.255731 0.284508 0.314139 0.344338 0.374802 0.405224 0.435302 0.464746 0.493286 0.520675 0.546698 0.571171 0.593943 0.614894 0.633937 0.651009 0.666074 0.679113 0.69012 0.699101 0.706067 0.711031 0.714004 0.714995 0.714004 0.711031 0.706067 0.699101 0.69012 0.679113 0.666074 0.651009 0.633937 0.614894 0.593943 0.571171 0.546698 0.520675 0.493286 0.464746 0.435302 0.405224 0.374802 0.344338 0.314139 0.284508 0.255731 0.228074 0.201775 0.177033 0.154005 0.132806 0.113504 0.0961254 0.0806522 0.0670305 0.0551746 0.0449731 0.0362956 0.0289996 0.022936 0.0179554 0.0139121 0.0106687 0.00809807 0.00608592 0.00453145 0.00334787 0.00246218 0.00181461 0.00135788 0.00105634 0.000885149 
0.000945732 0.00100846 0.00120202 0.00154272 0.0020582 0.00278813 0.00378499 0.00511493 0.00685852 0.00911126 0.0119836 0.0156003 0.0200993 0.0256292 0.0323461 0.0404091 0.0499753 0.0611931 0.0741959 0.0890947 0.105971 0.12487 0.145797 0.16871 0.19352 0.220088 0.24823 0.277719 0.308291 0.339654 0.371493 0.403484 0.435302 0.466631 0.497171 0.526648 0.554816 0.581465 0.60642 0.629543 0.650731 0.669913 0.687045 0.70211 0.715105 0.726044 0.734948 0.74184 0.746743 0.749676 0.750652 0.749676 0.746743 0.74184 0.734948 0.726044 0.715105 0.70211 0.687045 0.669913 0.650731 0.629543 0.60642 0.581465 0.554816 0.526648 0.497171 0.466631 0.435302 0.403484 0.371493 0.339654 0.308291 0.277719 0.24823 0.220088 0.19352 0.16871 0.145797 0.12487 0.105971 0.0890947 0.0741959 0.0611931 0.0499753 0.0404091 0.0323461 0.0256292 0.0200993 0.0156003 0.0119836 0.00911126 0.00685852 0.00511493 0.00378499 0.00278813 0.0020582 0.00154272 0.00120202 0.00100846 
0.00106936 0.00113976 0.00135693 0.00173891 0.00231628 0.00313282 0.00424635 0.00572959 0.00767085 0.0101745 0.0133606 0.0173646 0.0223351 0.0284314 0.03582 0.0446689 0.0551425 0.0673941 0.0815589 0.0977459 0.116031 0.13645 0.158992 0.183597 0.210155 0.238502 0.268426 0.299672 0.331949 0.364935 0.398293 0.431677 0.464746 0.497171 0.528646 0.558894 0.587673 0.614781 0.640055 0.663373 0.684648 0.70383 0.720895 0.735844 0.748697 0.759482 0.768237 0.774998 0.779801 0.782671 0.783625 0.782671 0.779801 0.774998 0.768237 0.759482 0.748697 0.735844 0.720895 0.70383 0.684648 0.663373 0.640055 0.614781 0.587673 0.558894 0.528646 0.497171 0.464746 0.431677 0.398293 0.364935 0.331949 0.299672 0.268426 0.238502 0.210155 0.183597 0.158992 0.13645 0.116031 0.0977459 0.0815589 0.0673941 0.0551425 0.0446689 0.03582 0.0284314 0.0223351 0.0173646 0.0133606 0.0101745 0.00767085 0.00572959 0.00424635 0.00313282 0.00231628 0.00173891 0.00135693 0.00113976 
0.00119954 0.00127796 0.00151976 0.00194479 0.0025866 0.0034932 0.00472785 0.00636992 0.00851555 0.0112779 0.014787 0.0191884 0.0246415 0.031316 0.039388 0.049034 0.0604246 0.073717 0.089047 0.10652 0.126206 0.148127 0.172257 0.198518 0.226774 0.256836 0.288464 0.321375 0.355249 0.389739 0.424483 0.459118 0.493286 0.526648 0.558894 0.589747 0.618973 0.646379 0.671817 0.69518 0.716404 0.735458 0.752339 0.76707 0.779689 0.790244 0.798788 0.805371 0.810038 0.812823 0.81375 0.812823 0.810038 0.805371 0.798788 0.790244 0.779689 0.76707 0.752339 0.735458 0.716404 0.69518 0.671817 0.646379 0.618973 0.589747 0.558894 0.526648 0.493286 0.459118 0.424483 0.389739 0.355249 0.321375 0.288464 0.256836 0.226774 0.198518 0.172257 0.148127 0.126206 0.10652 0.089047 0.073717 0.0604246 0.049034 0.039388 0.031316 0.0246415 0.0191884 0.014787 0.0112779 0.00851555 0.00636992 0.00472785 0.0034932 0.0025866 0.00194479 0.00151976 0.00127796 
0.001335 0.00142168 0.0016889 0.00215829 0.00286645 0.00386563 0.00522458 0.00702937 0.00938393 0.0124103 0.016248 0.0210529 0.0269946 0.0342529 0.0430127 0.0534585 0.0657662 0.0800957 0.096582 0.115327 0.136389 0.159781 0.185458 0.21332 0.243208 0.274906 0.308147 0.342617 0.37797 0.413834 0.449826 0.485563 0.520675 0.554816 0.587673 0.618973 0.64849 0.676042 0.701499 0.724774 0.745822 0.764633 0.781229 0.795652 0.80796 0.81822 0.8265 0.832864 0.837367 0.840051 0.840943 0.840051 0.837367 0.832864 0.8265 0.81822 0.80796 0.795652 0.781229 0.764633 0.745822 0.724774 0.701499 0.676042 0.64849 0.618973 0.587673 0.554816 0.520675 0.485563 0.449826 0.413834 0.37797 0.342617 0.308147 0.274906 0.243208 0.21332 0.185458 0.159781 0.136389 0.115327 0.096582 0.0800957 0.0657662 0.0534585 0.0430127 0.0342529 0.0269946 0.0210529 0.016248 0.0124103 0.00938393 0.00702937 0.00522458 0.00386563 0.00286645 0.00215829 0.0016889 0.00142168 
0.00147419 0.00156931 0.00186242 0.00237699 0.00315264 0.00424587 0.0057309 0.00770042 0.0102661 0.0135587 0.0177271 0.0229369 0.0293678 0.0372089 0.0466536 0.0578931 0.071108 0.0864597 0.104082 0.124069 0.146473 0.171289 0.198456 0.227851 0.259292 0.292534 0.327282 0.363196 0.399903 0.437006 0.474103 0.510794 0.546698 0.581465 0.614781 0.646379 0.676042 0.703605 0.728954 0.752021 0.772785 0.791258 0.807483 0.821524 0.833459 0.843372 0.851347 0.85746 0.861776 0.864345 0.865198 0.864345 0.861776 0.85746 0.851347 0.843372 0.833459 0.821524 0.807483 0.791258 0.772785 0.752021 0.728954 0.703605 0.676042 0.646379 0.614781 0.581465 0.546698 0.510794 0.474103 0.437006 0.399903 0.363196 0.327282 0.292534 0.259292 0.227851 0.198456 0.171289 0.146473 0.124069 0.104082 0.0864597 0.071108 0.0578931 0.0466536 0.0372089 0.0293678 0.0229369 0.0177271 0.0135587 0.0102661 0.00770042 0.0057309 0.00424587 0.00315264 0.00237699 0.00186242 0.00156931 
