0.00153279 0.00155316 0.00161447 0.00171731 0.00186268 0.0020519 0.00228666 0.00256896 0.00290102 0.00328531 0.00372444 0.00422109 0.00477799 0.0053978 0.00608306 0.00683609 0.00765894 0.00855325 0.00952021 0.0105605 0.0116741 0.0128604 0.014118 0.0154447 0.0168374 0.0182922 0.0198041 0.0213675 0.0229757 0.0246211 0.0262953 0.0279892 0.0296929 0.0313959 0.0330872 0.0347554 0.0363886 0.0379751 0.0395029 0.0409602 0.0423356 0.0436179 0.0447966 0.0458618 0.0468045 0.0476165 0.0482909 0.0488217 0.0492042 0.0494351 0.0495123 0.0494351 0.0492042 0.0488217 0.0482909 0.0476165 0.0468045 0.0458618 0.0447966 0.0436179 0.0423356 0.0409602 0.0395029 0.0379751 0.0363886 0.0347554 0.0330872 0.0313959 0.0296929 0.0279892 0.0262953 0.0246211 0.0229757 0.0213675 0.0198041 0.0182922 0.0168374 0.0154447 0.014118 0.0128604 0.0116741 0.0105605 0.00952021 0.00855325 0.00765894 0.00683609 0.00608306 0.0053978 0.00477799 0.00422109 0.00372444 0.00328531 0.00290102 0.00256896 0.00228666 0.0020519 0.00186268 0.00171731 0.00161447 0.00155316 
0.00155316 0.00157378 0.00163583 0.00173993 0.00188705 0.00207856 0.00231616 0.00260184 0.00293787 0.00332672 0.00377102 0.00427349 0.00483688 0.00546385 0.00615698 0.00691859 0.00775074 0.00865508 0.0096328 0.0106846 0.0118104 0.0130096 0.0142807 0.0156216 0.0170291 0.0184991 0.0200269 0.0216065 0.0232312 0.0248933 0.0265845 0.0282955 0.0300162 0.0317361 0.033444 0.0351285 0.0367776 0.0383794 0.0399219 0.0413933 0.0427818 0.0440762 0.0452661 0.0463413 0.0472928 0.0481125 0.0487931 0.0493289 0.049715 0.049948 0.0500259 0.049948 0.049715 0.0493289 0.0487931 0.0481125 0.0472928 0.0463413 0.0452661 0.0440762 0.0427818 0.0413933 0.0399219 0.0383794 0.0367776 0.0351285 0.033444 0.0317361 0.0300162 0.0282955 0.0265845 0.0248933 0.0232312 0.0216065 0.0200269 0.0184991 0.0170291 0.0156216 0.0142807 0.0130096 0.0118104 0.0106846 0.0096328 0.00865508 0.00775074 0.00691859 0.00615698 0.00546385 0.00483688 0.00427349 0.00377102 0.00332672 0.00293787 0.00260184 0.00231616 0.00207856 0.00188705 0.00173993 0.00163583 0.00157378 
0.00161447 0.00163583 0.00170014 0.00180799 0.00196042 0.00215881 0.00240491 0.00270077 0.00304872 0.00345128 0.00391116 0.00443113 0.005014 0.00566252 0.00637928 0.00716668 0.00802678 0.00896126 0.00997131 0.0110576 0.01222 0.0134579 0.0147698 0.0161533 0.0176051 0.0191211 0.0206962 0.0223244 0.0239988 0.0257113 0.0274534 0.0292155 0.0309873 0.0327579 0.0345158 0.0362493 0.0379461 0.0395941 0.0411807 0.0426939 0.0441217 0.0454527 0.046676 0.0477813 0.0487594 0.0496019 0.0503015 0.0508521 0.0512488 0.0514883 0.0515684 0.0514883 0.0512488 0.0508521 0.0503015 0.0496019 0.0487594 0.0477813 0.046676 0.0454527 0.0441217 0.0426939 0.0411807 0.0395941 0.0379461 0.0362493 0.0345158 0.0327579 0.0309873 0.0292155 0.0274534 0.0257113 0.0239988 0.0223244 0.0206962 0.0191211 0.0176051 0.0161533 0.0147698 0.0134579 0.01222 0.0110576 0.00997131 0.00896126 0.00802678 0.00716668 0.00637928 0.00566252 0.005014 0.00443113 0.00391116 0.00345128 0.00304872 0.00270077 0.00240491 0.00215881 0.00196042 0.00180799 0.00170014 0.00163583 
0.00171731 0.00173993 0.00180799 0.00192215 0.00208345 0.00229337 0.00255371 0.00286662 0.00323451 0.00366003 0.00414598 0.00469524 0.00531073 0.00599529 0.0067516 0.00758212 0.00848897 0.00947385 0.010538 0.0116819 0.0129056 0.0142082 0.0155881 0.0170427 0.0185686 0.0201614 0.0218157 0.0235251 0.0252823 0.027079 0.028906 0.0307534 0.0326104 0.0344656 0.036307 0.0381223 0.0398987 0.0416234 0.0432837 0.0448667 0.0463602 0.047752 0.049031 0.0501866 0.0512089 0.0520894 0.0528205 0.0533959 0.0538105 0.0540607 0.0541444 0.0540607 0.0538105 0.0533959 0.0528205 0.0520894 0.0512089 0.0501866 0.049031 0.047752 0.0463602 0.0448667 0.0432837 0.0416234 0.0398987 0.0381223 0.036307 0.0344656 0.0326104 0.0307534 0.028906 0.027079 0.0252823 0.0235251 0.0218157 0.0201614 0.0185686 0.0170427 0.0155881 0.0142082 0.0129056 0.0116819 0.010538 0.00947385 0.00848897 0.00758212 0.0067516 0.00599529 0.00531073 0.00469524 0.00414598 0.00366003 0.00323451 0.00286662 0.00255371 0.00229337 0.00208345 0.00192215 0.00180799 0.00173993 
0.00186268 0.00188705 0.00196042 0.00208345 0.00225728 0.00248344 0.00276386 0.00310079 0.0034968 0.00395466 0.00447733 0.00506786 0.00572928 0.00646458 0.00727657 0.00816779 0.00914043 0.0101962 0.0113364 0.0125614 0.0138712 0.0152648 0.0167403 0.0182949 0.0199249 0.0216255 0.023391 0.0252143 0.0270878 0.0290026 0.0309488 0.0329159 0.0348924 0.0368662 0.0388246 0.0407545 0.0426424 0.0444749 0.0462382 0.0479191 0.0495044 0.0509816 0.0523386 0.0535644 0.0546488 0.0555825 0.0563577 0.0569677 0.0574073 0.0576725 0.0577612 0.0576725 0.0574073 0.0569677 0.0563577 0.0555825 0.0546488 0.0535644 0.0523386 0.0509816 0.0495044 0.0479191 0.0462382 0.0444749 0.0426424 0.0407545 0.0388246 0.0368662 0.0348924 0.0329159 0.0309488 0.0290026 0.0270878 0.0252143 0.023391 0.0216255 0.0199249 0.0182949 0.0167403 0.0152648 0.0138712 0.0125614 0.0113364 0.0101962 0.00914043 0.00816779 0.00727657 0.00646458 0.00572928 0.00506786 0.00447733 0.00395466 0.0034968 0.00310079 0.00276386 0.00248344 0.00225728 0.00208345 0.00196042 0.00188705 
0.0020519 0.00207856 0.00215881 0.00229337 0.00248344 0.00273068 0.00303713 0.00340523 0.00383769 0.00433749 0.00490777 0.00555176 0.0062727 0.00707374 0.00795782 0.00892762 0.00998542 0.011133 0.0123715 0.0137015 0.0151226 0.0166337 0.0182327 0.0199165 0.0216809 0.0235207 0.0254296 0.0274 0.0294235 0.0314905 0.0335905 0.0357118 0.0378423 0.0399689 0.042078 0.0441554 0.0461869 0.048158 0.050054 0.0518608 0.0535643 0.0551511 0.0566085 0.0579247 0.0590888 0.0600909 0.0609229 0.0615774 0.062049 0.0623336 0.0624287 0.0623336 0.062049 0.0615774 0.0609229 0.0600909 0.0590888 0.0579247 0.0566085 0.0551511 0.0535643 0.0518608 0.050054 0.048158 0.0461869 0.0441554 0.042078 0.0399689 0.0378423 0.0357118 0.0335905 0.0314905 0.0294235 0.0274 0.0254296 0.0235207 0.0216809 0.0199165 0.0182327 0.0166337 0.0151226 0.0137015 0.0123715 0.011133 0.00998542 0.00892762 0.00795782 0.00707374 0.0062727 0.00555176 0.00490777 0.00433749 0.00383769 0.00340523 0.00303713 0.00273068 0.00248344 0.00229337 0.00215881 0.00207856 
0.00228666 0.00231616 0.00240491 0.00255371 0.00276386 0.00303713 0.00337576 0.00378234 0.00425982 0.00481139 0.00544043 0.0061504 0.00694476 0.00782686 0.00879983 0.00986648 0.0110292 0.0122898 0.0136494 0.0151085 0.0166665 0.0183222 0.0200731 0.0219156 0.0238452 0.025856 0.0279409 0.0300918 0.0322994 0.0345531 0.0368415 0.0391519 0.0414711 0.0437848 0.0460784 0.0483365 0.0505438 0.0526844 0.0547427 0.0567034 0.0585514 0.0602723 0.0618524 0.063279 0.0645404 0.0656262 0.0665274 0.0672363 0.0677471 0.0680553 0.0681583 0.0680553 0.0677471 0.0672363 0.0665274 0.0656262 0.0645404 0.063279 0.0618524 0.0602723 0.0585514 0.0567034 0.0547427 0.0526844 0.0505438 0.0483365 0.0460784 0.0437848 0.0414711 0.0391519 0.0368415 0.0345531 0.0322994 0.0300918 0.0279409 0.025856 0.0238452 0.0219156 0.0200731 0.0183222 0.0166665 0.0151085 0.0136494 0.0122898 0.0110292 0.00986648 0.00879983 0.00782686 0.00694476 0.0061504 0.00544043 0.00481139 0.00425982 0.00378234 0.00337576 0.00303713 0.00276386 0.00255371 0.00240491 0.00231616 
0.00256896 0.00260184 0.00270077 0.00286662 0.00310079 0.00340523 0.00378234 0.00423496 0.00476627 0.00537974 0.00607901 0.00686781 0.00774986 0.00872875 0.0098078 0.01099 0.0122778 0.0136731 0.0151771 0.0167899 0.0185111 0.0203388 0.0222704 0.0243017 0.0264276 0.0286415 0.0309356 0.0333008 0.0357268 0.038202 0.0407138 0.0432483 0.0457911 0.0483265 0.0508385 0.0533105 0.0557257 0.0580668 0.0603171 0.0624598 0.0644786 0.0663579 0.068083 0.06964 0.0710164 0.0722009 0.0731839 0.073957 0.074514 0.07485 0.0749624 0.07485 0.074514 0.073957 0.0731839 0.0722009 0.0710164 0.06964 0.068083 0.0663579 0.0644786 0.0624598 0.0603171 0.0580668 0.0557257 0.0533105 0.0508385 0.0483265 0.0457911 0.0432483 0.0407138 0.038202 0.0357268 0.0333008 0.0309356 0.0286415 0.0264276 0.0243017 0.0222704 0.0203388 0.0185111 0.0167899 0.0151771 0.0136731 0.0122778 0.01099 0.0098078 0.00872875 0.00774986 0.00686781 0.00607901 0.00537974 0.00476627 0.00423496 0.00378234 0.00340523 0.00310079 0.00286662 0.00270077 0.00260184 
0.00290102 0.00293787 0.00304872 0.00323451 0.0034968 0.00383769 0.00425982 0.00476627 0.00536052 0.00604633 0.00682764 0.00770851 0.00869293 0.00978476 0.0109876 0.0123045 0.0137381 0.0152904 0.0169623 0.0187542 0.0206651 0.0226929 0.0248344 0.027085 0.0294388 0.0318884 0.0344251 0.0370388 0.0397179 0.0424497 0.0452201 0.0480141 0.0508154 0.0536072 0.0563717 0.0590908 0.0617461 0.0643188 0.0667907 0.0691433 0.0713591 0.0734211 0.0753132 0.0770206 0.0785295 0.0798278 0.0809049 0.081752 0.0823622 0.0827303 0.0828534 0.0827303 0.0823622 0.081752 0.0809049 0.0798278 0.0785295 0.0770206 0.0753132 0.0734211 0.0713591 0.0691433 0.0667907 0.0643188 0.0617461 0.0590908 0.0563717 0.0536072 0.0508154 0.0480141 0.0452201 0.0424497 0.0397179 0.0370388 0.0344251 0.0318884 0.0294388 0.027085 0.0248344 0.0226929 0.0206651 0.0187542 0.0169623 0.0152904 0.0137381 0.0123045 0.0109876 0.00978476 0.00869293 0.00770851 0.00682764 0.00604633 0.00536052 0.00476627 0.00425982 0.00383769 0.0034968 0.00323451 0.00304872 0.00293787 
0.00328531 0.00332672 0.00345128 0.00366003 0.00395466 0.00433749 0.00481139 0.00537974 0.00604633 0.00681525 0.0076908 0.00867736 0.00977926 0.0110006 0.0123453 0.0138166 0.0154173 0.0171492 0.0190135 0.02101 0.0231377 0.0253941 0.0277754 0.0302762 0.03289 0.0356083 0.0384215 0.0413181 0.0442853 0.047309 0.0503735 0.0534623 0.0565574 0.0596402 0.0626913 0.0656907 0.0686182 0.0714535 0.0741763 0.0767668 0.0792056 0.0814744 0.0835555 0.0854329 0.0870917 0.0885186 0.0897023 0.090633 0.0913034 0.0917078 0.0918429 0.0917078 0.0913034 0.090633 0.0897023 0.0885186 0.0870917 0.0854329 0.0835555 0.0814744 0.0792056 0.0767668 0.0741763 0.0714535 0.0686182 0.0656907 0.0626913 0.0596402 0.0565574 0.0534623 0.0503735 0.047309 0.0442853 0.0413181 0.0384215 0.0356083 0.03289 0.0302762 0.0277754 0.0253941 0.0231377 0.02101 0.0190135 0.0171492 0.0154173 0.0138166 0.0123453 0.0110006 0.00977926 0.00867736 0.0076908 0.00681525 0.00604633 0.00537974 0.00481139 0.00433749 0.00395466 0.00366003 0.00345128 0.00332672 
0.00372444 0.00377102 0.00391116 0.00414598 0.00447733 0.00490777 0.00544043 0.00607901 0.00682764 0.0076908 0.00867315 0.00977945 0.0110144 0.0123824 0.0138876 0.0155334 0.0173228 0.0192577 0.0213389 0.0235664 0.0259386 0.0284525 0.0311037 0.0338863 0.0367924 0.0398129 0.0429365 0.0461508 0.0494414 0.0527924 0.0561866 0.0596056 0.0630297 0.0664382 0.0698098 0.0731226 0.0763544 0.0794828 0.0824859 0.0853417 0.0880294 0.0905288 0.0928207 0.0948876 0.0967134 0.0982836 0.0995859 0.10061 0.101347 0.101792 0.101941 0.101792 0.101347 0.10061 0.0995859 0.0982836 0.0967134 0.0948876 0.0928207 0.0905288 0.0880294 0.0853417 0.0824859 0.0794828 0.0763544 0.0731226 0.0698098 0.0664382 0.0630297 0.0596056 0.0561866 0.0527924 0.0494414 0.0461508 0.0429365 0.0398129 0.0367924 0.0338863 0.0311037 0.0284525 0.0259386 0.0235664 0.0213389 0.0192577 0.0173228 0.0155334 0.0138876 0.0123824 0.0110144 0.00977945 0.00867315 0.0076908 0.00682764 0.00607901 0.00544043 0.00490777 0.00447733 0.00414598 0.00391116 0.00377102 
0.00422109 0.00427349 0.00443113 0.00469524 0.00506786 0.00555176 0.0061504 0.00686781 0.00770851 0.00867736 0.00977945 0.0110199 0.0124038 0.013936 0.0156207 0.0174618 0.0194621 0.0216236 0.0239471 0.0264322 0.0290769 0.0318777 0.0348296 0.0379255 0.0411568 0.044513 0.0479816 0.0515484 0.0551975 0.0589114 0.0626709 0.0664556 0.0702436 0.0740123 0.0777382 0.0813971 0.0849648 0.0884169 0.091729 0.0948775 0.0978394 0.100593 0.103117 0.105392 0.107402 0.10913 0.110563 0.111689 0.1125 0.112989 0.113153 0.112989 0.1125 0.111689 0.110563 0.10913 0.107402 0.105392 0.103117 0.100593 0.0978394 0.0948775 0.091729 0.0884169 0.0849648 0.0813971 0.0777382 0.0740123 0.0702436 0.0664556 0.0626709 0.0589114 0.0551975 0.0515484 0.0479816 0.044513 0.0411568 0.0379255 0.0348296 0.0318777 0.0290769 0.0264322 0.0239471 0.0216236 0.0194621 0.0174618 0.0156207 0.013936 0.0124038 0.0110199 0.00977945 0.00867736 0.00770851 0.00686781 0.0061504 0.00555176 0.00506786 0.00469524 0.00443113 0.00427349 
0.00477799 0.00483688 0.005014 0.00531073 0.00572928 0.0062727 0.00694476 0.00774986 0.00869293 0.00977926 0.0110144 0.0124038 0.0139531 0.0156674 0.0175512 0.0196085 0.0218423 0.0242546 0.026846 0.0296157 0.0325614 0.0356789 0.0389622 0.0424036 0.045993 0.0497186 0.0535665 0.0575208 0.0615638 0.065676 0.0698361 0.0740215 0.0782083 0.0823713 0.0864848 0.0905223 0.0944571 0.0982626 0.101912 0.10538 0.108641 0.111671 0.114448 0.116951 0.119161 0.121061 0.122635 0.123873 0.124764 0.125302 0.125481 0.125302 0.124764 0.123873 0.122635 0.121061 0.119161 0.116951 0.114448 0.111671 0.108641 0.10538 0.101912 0.0982626 0.0944571 0.0905223 0.0864848 0.0823713 0.0782083 0.0740215 0.0698361 0.065676 0.0615638 0.0575208 0.0535665 0.0497186 0.045993 0.0424036 0.0389622 0.0356789 0.0325614 0.0296157 0.026846 0.0242546 0.0218423 0.0196085 0.0175512 0.0156674 0.0139531 0.0124038 0.0110144 0.00977926 0.00869293 0.00774986 0.00694476 0.0062727 0.00572928 0.00531073 0.005014 0.00483688 
0.0053978 0.00546385 0.00566252 0.00599529 0.00646458 0.00707374 0.00782686 0.00872875 0.00978476 0.0110006 0.0123824 0.013936 0.0156674 0.0175819 0.0196847 0.0219796 0.0244699 0.0271575 0.0300427 0.0331245 0.0363998 0.0398639 0.0435098 0.0473286 0.0513091 0.0554379 0.0596995 0.0640761 0.068548 0.0730936 0.0776894 0.0823103 0.08693 0.0915209 0.0960548 0.100503 0.104835 0.109023 0.113038 0.116851 0.120435 0.123765 0.126815 0.129563 0.131989 0.134074 0.135802 0.13716 0.138137 0.138727 0.138924 0.138727 0.138137 0.13716 0.135802 0.134074 0.131989 0.129563 0.126815 0.123765 0.120435 0.116851 0.113038 0.109023 0.104835 0.100503 0.0960548 0.0915209 0.08693 0.0823103 0.0776894 0.0730936 0.068548 0.0640761 0.0596995 0.0554379 0.0513091 0.0473286 0.0435098 0.0398639 0.0363998 0.0331245 0.0300427 0.0271575 0.0244699 0.0219796 0.0196847 0.0175819 0.0156674 0.013936 0.0123824 0.0110006 0.00978476 0.00872875 0.00782686 0.00707374 0.00646458 0.00599529 0.00566252 0.00546385 
0.00608306 0.00615698 0.00637928 0.0067516 0.00727657 0.00795782 0.00879983 0.0098078 0.0109876 0.0123453 0.0138876 0.0156207 0.0175512 0.0196847 0.0220264 0.0245807 0.0273508 0.0303383 0.0335434 0.0369647 0.0405985 0.0444391 0.0484787 0.052707 0.0571115 0.061677 0.0663863 0.0712196 0.0761551 0.0811687 0.0862345 0.091325 0.0964112 0.101463 0.106449 0.111338 0.116098 0.120697 0.125103 0.129287 0.133218 0.136868 0.140211 0.143222 0.145879 0.148162 0.150054 0.15154 0.15261 0.153255 0.153471 0.153255 0.15261 0.15154 0.150054 0.148162 0.145879 0.143222 0.140211 0.136868 0.133218 0.129287 0.125103 0.120697 0.116098 0.111338 0.106449 0.101463 0.0964112 0.091325 0.0862345 0.0811687 0.0761551 0.0712196 0.0663863 0.061677 0.0571115 0.052707 0.0484787 0.0444391 0.0405985 0.0369647 0.0335434 0.0303383 0.0273508 0.0245807 0.0220264 0.0196847 0.0175512 0.0156207 0.0138876 0.0123453 0.0109876 0.0098078 0.00879983 0.00795782 0.00727657 0.0067516 0.00637928 0.00615698 
0.00683609 0.00691859 0.00716668 0.00758212 0.00816779 0.00892762 0.00986648 0.01099 0.0123045 0.0138166 0.0155334 0.0174618 0.0196085 0.0219796 0.0245807 0.0274163 0.0304893 0.0338015 0.0373528 0.0411411 0.045162 0.0494091 0.0538732 0.0585428 0.0634037 0.0684391 0.0736297 0.0789536 0.0843865 0.0899019 0.0954715 0.101065 0.10665 0.112194 0.117664 0.123023 0.128239 0.133276 0.1381 0.142678 0.146978 0.150969 0.154623 0.157913 0.160816 0.163309 0.165375 0.166998 0.168166 0.16887 0.169106 0.16887 0.168166 0.166998 0.165375 0.163309 0.160816 0.157913 0.154623 0.150969 0.146978 0.142678 0.1381 0.133276 0.128239 0.123023 0.117664 0.112194 0.10665 0.101065 0.0954715 0.0899019 0.0843865 0.0789536 0.0736297 0.0684391 0.0634037 0.0585428 0.0538732 0.0494091 0.045162 0.0411411 0.0373528 0.0338015 0.0304893 0.0274163 0.0245807 0.0219796 0.0196085 0.0174618 0.0155334 0.0138166 0.0123045 0.01099 0.00986648 0.00892762 0.00816779 0.00758212 0.00716668 0.00691859 
0.00765894 0.00775074 0.00802678 0.00848897 0.00914043 0.00998542 0.0110292 0.0122778 0.0137381 0.0154173 0.0173228 0.0194621 0.0218423 0.0244699 0.0273508 0.0304893 0.0338887 0.0375504 0.0414739 0.0456564 0.050093 0.054776 0.0596951 0.0648373 0.0701866 0.0757243 0.081429 0.0872763 0.0932397 0.0992899 0.105396 0.111524 0.117639 0.123707 0.129689 0.135548 0.141247 0.146747 0.152013 0.157008 0.161698 0.166049 0.170031 0.173616 0.176778 0.179493 0.181742 0.183509 0.184781 0.185547 0.185803 0.185547 0.184781 0.183509 0.181742 0.179493 0.176778 0.173616 0.170031 0.166049 0.161698 0.157008 0.152013 0.146747 0.141247 0.135548 0.129689 0.123707 0.117639 0.111524 0.105396 0.0992899 0.0932397 0.0872763 0.081429 0.0757243 0.0701866 0.0648373 0.0596951 0.054776 0.050093 0.0456564 0.0414739 0.0375504 0.0338887 0.0304893 0.0273508 0.0244699 0.0218423 0.0194621 0.0173228 0.0154173 0.0137381 0.0122778 0.0110292 0.00998542 0.00914043 0.00848897 0.00802678 0.00775074 
0.00855325 0.00865508 0.00896126 0.00947385 0.0101962 0.011133 0.0122898 0.0136731 0.0152904 0.0171492 0.0192577 0.0216236 0.0242546 0.0271575 0.0303383 0.0338015 0.0375504 0.041586 0.0459073 0.0505111 0.0553913 0.0605392 0.0659432 0.0715884 0.0774572 0.0835288 0.0897793 0.096182 0.102708 0.109324 0.115997 0.122691 0.129367 0.135986 0.142509 0.148894 0.155101 0.16109 0.16682 0.172253 0.177352 0.182081 0.186408 0.190302 0.193735 0.196682 0.199124 0.201041 0.202421 0.203253 0.203531 0.203253 0.202421 0.201041 0.199124 0.196682 0.193735 0.190302 0.186408 0.182081 0.177352 0.172253 0.16682 0.16109 0.155101 0.148894 0.142509 0.135986 0.129367 0.122691 0.115997 0.109324 0.102708 0.096182 0.0897793 0.0835288 0.0774572 0.0715884 0.0659432 0.0605392 0.0553913 0.0505111 0.0459073 0.041586 0.0375504 0.0338015 0.0303383 0.0271575 0.0242546 0.0216236 0.0192577 0.0171492 0.0152904 0.0136731 0.0122898 0.011133 0.0101962 0.00947385 0.00896126 0.00865508 
0.00952021 0.0096328 0.00997131 0.010538 0.0113364 0.0123715 0.0136494 0.0151771 0.0169623 0.0190135 0.0213389 0.0239471 0.026846 0.0300427 0.0335434 0.0373528 0.0414739 0.0459073 0.0506518 0.055703 0.0610542 0.0666952 0.0726128 0.0787906 0.0852089 0.0918446 0.0986714 0.10566 0.112778 0.119991 0.127261 0.134548 0.141813 0.149011 0.156101 0.163037 0.169776 0.176275 0.18249 0.188381 0.193907 0.19903 0.203716 0.207932 0.211647 0.214837 0.217478 0.219552 0.221044 0.221944 0.222244 0.221944 0.221044 0.219552 0.217478 0.214837 0.211647 0.207932 0.203716 0.19903 0.193907 0.188381 0.18249 0.176275 0.169776 0.163037 0.156101 0.149011 0.141813 0.134548 0.127261 0.119991 0.112778 0.10566 0.0986714 0.0918446 0.0852089 0.0787906 0.0726128 0.0666952 0.0610542 0.055703 0.0506518 0.0459073 0.0414739 0.0373528 0.0335434 0.0300427 0.026846 0.0239471 0.0213389 0.0190135 0.0169623 0.0151771 0.0136494 0.0123715 0.0113364 0.010538 0.00997131 0.0096328 
0.0105605 0.0106846 0.0110576 0.0116819 0.0125614 0.0137015 0.0151085 0.0167899 0.0187542 0.02101 0.0235664 0.0264322 0.0296157 0.0331245 0.0369647 0.0411411 0.0456564 0.0505111 0.055703 0.0612272 0.0670756 0.0732367 0.0796958 0.0864345 0.0934308 0.100659 0.108091 0.115694 0.123433 0.13127 0.139164 0.147073 0.154952 0.162754 0.170434 0.177944 0.185237 0.192266 0.198986 0.205351 0.21132 0.216852 0.22191 0.226459 0.230467 0.233906 0.236754 0.23899 0.240598 0.241568 0.241892 0.241568 0.240598 0.23899 0.236754 0.233906 0.230467 0.226459 0.22191 0.216852 0.21132 0.205351 0.198986 0.192266 0.185237 0.177944 0.170434 0.162754 0.154952 0.147073 0.139164 0.13127 0.123433 0.115694 0.108091 0.100659 0.0934308 0.0864345 0.0796958 0.0732367 0.0670756 0.0612272 0.055703 0.0505111 0.0456564 0.0411411 0.0369647 0.0331245 0.0296157 0.0264322 0.0235664 0.02101 0.0187542 0.0167899 0.0151085 0.0137015 0.0125614 0.0116819 0.0110576 0.0106846 
0.0116741 0.0118104 0.01222 0.0129056 0.0138712 0.0151226 0.0166665 0.0185111 0.0206651 0.0231377 0.0259386 0.0290769 0.0325614 0.0363998 0.0405985 0.045162 0.050093 0.0553913 0.0610542 0.0670756 0.0734463 0.0801533 0.08718 0.0945062 0.102107 0.109956 0.11802 0.126264 0.13465 0.143137 0.151681 0.160235 0.168751 0.177181 0.185473 0.193577 0.201443 0.20902 0.21626 0.223115 0.229541 0.235494 0.240935 0.245826 0.250135 0.253832 0.256892 0.259294 0.261022 0.262063 0.262411 0.262063 0.261022 0.259294 0.256892 0.253832 0.250135 0.245826 0.240935 0.235494 0.229541 0.223115 0.21626 0.20902 0.201443 0.193577 0.185473 0.177181 0.168751 0.160235 0.151681 0.143137 0.13465 0.126264 0.11802 0.109956 0.102107 0.0945062 0.08718 0.0801533 0.0734463 0.0670756 0.0610542 0.0553913 0.050093 0.045162 0.0405985 0.0363998 0.0325614 0.0290769 0.0259386 0.0231377 0.0206651 0.0185111 0.0166665 0.0151226 0.0138712 0.0129056 0.01222 0.0118104 
0.0128604 0.0130096 0.0134579 0.0142082 0.0152648 0.0166337 0.0183222 0.0203388 0.0226929 0.0253941 0.0284525 0.0318777 0.0356789 0.0398639 0.0444391 0.0494091 0.054776 0.0605392 0.0666952 0.0732367 0.0801533 0.0874303 0.0950493 0.102988 0.111219 0.119712 0.128432 0.137342 0.1464 0.15556 0.164775 0.173997 0.183172 0.192247 0.20117 0.209886 0.218341 0.226482 0.234256 0.241615 0.248509 0.254893 0.260726 0.265968 0.270584 0.274545 0.277822 0.280394 0.282243 0.283358 0.283731 0.283358 0.282243 0.280394 0.277822 0.274545 0.270584 0.265968 0.260726 0.254893 0.248509 0.241615 0.234256 0.226482 0.218341 0.209886 0.20117 0.192247 0.183172 0.173997 0.164775 0.15556 0.1464 0.137342 0.128432 0.119712 0.111219 0.102988 0.0950493 0.0874303 0.0801533 0.0732367 0.0666952 0.0605392 0.054776 0.0494091 0.0444391 0.0398639 0.0356789 0.0318777 0.0284525 0.0253941 0.0226929 0.0203388 0.0183222 0.0166337 0.0152648 0.0142082 0.0134579 0.0130096 
0.014118 0.0142807 0.0147698 0.0155881 0.0167403 0.0182327 0.0200731 0.0222704 0.0248344 0.0277754 0.0311037 0.0348296 0.0389622 0.0435098 0.0484787 0.0538732 0.0596951 0.0659432 0.0726128 0.0796958 0.08718 0.0950493 0.103283 0.111856 0.120739 0.1299 0.139299 0.148896 0.158646 0.1685 0.178407 0.188314 0.198166 0.207905 0.217475 0.226818 0.235875 0.244592 0.252912 0.260783 0.268155 0.274979 0.281211 0.286809 0.291739 0.295966 0.299464 0.302208 0.304182 0.305371 0.305768 0.305371 0.304182 0.302208 0.299464 0.295966 0.291739 0.286809 0.281211 0.274979 0.268155 0.260783 0.252912 0.244592 0.235875 0.226818 0.217475 0.207905 0.198166 0.188314 0.178407 0.1685 0.158646 0.148896 0.139299 0.1299 0.120739 0.111856 0.103283 0.0950493 0.08718 0.0796958 0.0726128 0.0659432 0.0596951 0.0538732 0.0484787 0.0435098 0.0389622 0.0348296 0.0311037 0.0277754 0.0248344 0.0222704 0.0200731 0.0182327 0.0167403 0.0155881 0.0147698 0.0142807 
0.0154447 0.0156216 0.0161533 0.0170427 0.0182949 0.0199165 0.0219156 0.0243017 0.027085 0.0302762 0.0338863 0.0379255 0.0424036 0.0473286 0.052707 0.0585428 0.0648373 0.0715884 0.0787906 0.0864345 0.0945062 0.102988 0.111856 0.121084 0.13064 0.140487 0.150584 0.160888 0.171348 0.181913 0.192529 0.203138 0.213681 0.224098 0.234327 0.244307 0.253978 0.26328 0.272155 0.280547 0.288402 0.295671 0.302307 0.308267 0.313513 0.31801 0.32173 0.324649 0.326747 0.328012 0.328434 0.328012 0.326747 0.324649 0.32173 0.31801 0.313513 0.308267 0.302307 0.295671 0.288402 0.280547 0.272155 0.26328 0.253978 0.244307 0.234327 0.224098 0.213681 0.203138 0.192529 0.181913 0.171348 0.160888 0.150584 0.140487 0.13064 0.121084 0.111856 0.102988 0.0945062 0.0864345 0.0787906 0.0715884 0.0648373 0.0585428 0.052707 0.0473286 0.0424036 0.0379255 0.0338863 0.0302762 0.027085 0.0243017 0.0219156 0.0199165 0.0182949 0.0170427 0.0161533 0.0156216 
0.0168374 0.0170291 0.0176051 0.0185686 0.0199249 0.0216809 0.0238452 0.0264276 0.0294388 0.03289 0.0367924 0.0411568 0.045993 0.0513091 0.0571115 0.0634037 0.0701866 0.0774572 0.0852089 0.0934308 0.102107 0.111219 0.120739 0.13064 0.140885 0.151436 0.162248 0.173273 0.184459 0.19575 0.207087 0.21841 0.229656 0.24076 0.251658 0.262285 0.272577 0.282471 0.291906 0.300823 0.309166 0.316884 0.323926 0.330249 0.335813 0.340581 0.344525 0.347618 0.349842 0.351182 0.35163 0.351182 0.349842 0.347618 0.344525 0.340581 0.335813 0.330249 0.323926 0.316884 0.309166 0.300823 0.291906 0.282471 0.272577 0.262285 0.251658 0.24076 0.229656 0.21841 0.207087 0.19575 0.184459 0.173273 0.162248 0.151436 0.140885 0.13064 0.120739 0.111219 0.102107 0.0934308 0.0852089 0.0774572 0.0701866 0.0634037 0.0571115 0.0513091 0.045993 0.0411568 0.0367924 0.03289 0.0294388 0.0264276 0.0238452 0.0216809 0.0199249 0.0185686 0.0176051 0.0170291 
0.0182922 0.0184991 0.0191211 0.0201614 0.0216255 0.0235207 0.025856 0.0286415 0.0318884 0.0356083 0.0398129 0.044513 0.0497186 0.0554379 0.061677 0.0684391 0.0757243 0.0835288 0.0918446 0.100659 0.109956 0.119712 0.1299 0.140487 0.151436 0.162704 0.174243 0.186002 0.197925 0.209952 0.222021 0.234067 0.246024 0.257822 0.269395 0.280674 0.291591 0.30208 0.312077 0.321522 0.330354 0.338521 0.34597 0.352657 0.358538 0.363578 0.367744 0.371012 0.373361 0.374776 0.375249 0.374776 0.373361 0.371012 0.367744 0.363578 0.358538 0.352657 0.34597 0.338521 0.330354 0.321522 0.312077 0.30208 0.291591 0.280674 0.269395 0.257822 0.246024 0.234067 0.222021 0.209952 0.197925 0.186002 0.174243 0.162704 0.151436 0.140487 0.1299 0.119712 0.109956 0.100659 0.0918446 0.0835288 0.0757243 0.0684391 0.061677 0.0554379 0.0497186 0.044513 0.0398129 0.0356083 0.0318884 0.0286415 0.025856 0.0235207 0.0216255 0.0201614 0.0191211 0.0184991 
0.0198041 0.0200269 0.0206962 0.0218157 0.023391 0.0254296 0.0279409 0.0309356 0.0344251 0.0384215 0.0429365 0.0479816 0.0535665 0.0596995 0.0663863 0.0736297 0.081429 0.0897793 0.0986714 0.108091 0.11802 0.128432 0.139299 0.150584 0.162248 0.174243 0.18652 0.199021 0.211689 0.22446 0.237266 0.25004 0.262712 0.275208 0.287458 0.29939 0.310933 0.322018 0.332577 0.342548 0.351868 0.360482 0.368337 0.375384 0.381581 0.38689 0.391279 0.39472 0.397193 0.398682 0.39918 0.398682 0.397193 0.39472 0.391279 0.38689 0.381581 0.375384 0.368337 0.360482 0.351868 0.342548 0.332577 0.322018 0.310933 0.29939 0.287458 0.275208 0.262712 0.25004 0.237266 0.22446 0.211689 0.199021 0.18652 0.174243 0.162248 0.150584 0.139299 0.128432 0.11802 0.108091 0.0986714 0.0897793 0.081429 0.0736297 0.0663863 0.0596995 0.0535665 0.0479816 0.0429365 0.0384215 0.0344251 0.0309356 0.0279409 0.0254296 0.023391 0.0218157 0.0206962 0.0200269 
0.0213675 0.0216065 0.0223244 0.0235251 0.0252143 0.0274 0.0300918 0.0333008 0.0370388 0.0413181 0.0461508 0.0515484 0.0575208 0.0640761 0.0712196 0.0789536 0.0872763 0.096182 0.10566 0.115694 0.126264 0.137342 0.148896 0.160888 0.173273 0.186002 0.199021 0.212271 0.225688 0.239205 0.252752 0.266256 0.279642 0.292836 0.305763 0.318346 0.330512 0.342189 0.353307 0.3638 0.373604 0.382662 0.390917 0.398322 0.404831 0.410406 0.415012 0.418624 0.42122 0.422783 0.423305 0.422783 0.42122 0.418624 0.415012 0.410406 0.404831 0.398322 0.390917 0.382662 0.373604 0.3638 0.353307 0.342189 0.330512 0.318346 0.305763 0.292836 0.279642 0.266256 0.252752 0.239205 0.225688 0.212271 0.199021 0.186002 0.173273 0.160888 0.148896 0.137342 0.126264 0.115694 0.10566 0.096182 0.0872763 0.0789536 0.0712196 0.0640761 0.0575208 0.0515484 0.0461508 0.0413181 0.0370388 0.0333008 0.0300918 0.0274 0.0252143 0.0235251 0.0223244 0.0216065 
0.0229757 0.0232312 0.0239988 0.0252823 0.0270878 0.0294235 0.0322994 0.0357268 0.0397179 0.0442853 0.0494414 0.0551975 0.0615638 0.068548 0.0761551 0.0843865 0.0932397 0.102708 0.112778 0.123433 0.13465 0.1464 0.158646 0.171348 0.184459 0.197925 0.211689 0.225688 0.239855 0.254117 0.268403 0.282634 0.296733 0.310621 0.324218 0.337447 0.350231 0.362494 0.374164 0.385172 0.395454 0.404948 0.413598 0.421354 0.42817 0.434005 0.438827 0.442606 0.445322 0.446957 0.447503 0.446957 0.445322 0.442606 0.438827 0.434005 0.42817 0.421354 0.413598 0.404948 0.395454 0.385172 0.374164 0.362494 0.350231 0.337447 0.324218 0.310621 0.296733 0.282634 0.268403 0.254117 0.239855 0.225688 0.211689 0.197925 0.184459 0.171348 0.158646 0.1464 0.13465 0.123433 0.112778 0.102708 0.0932397 0.0843865 0.0761551 0.068548 0.0615638 0.0551975 0.0494414 0.0442853 0.0397179 0.0357268 0.0322994 0.0294235 0.0270878 0.0252823 0.0239988 0.0232312 
0.0246211 0.0248933 0.0257113 0.027079 0.0290026 0.0314905 0.0345531 0.038202 0.0424497 0.047309 0.0527924 0.0589114 0.065676 0.0730936 0.0811687 0.0899019 0.0992899 0.109324 0.119991 0.13127 0.143137 0.15556 0.1685 0.181913 0.19575 0.209952 0.22446 0.239205 0.254117 0.269122 0.28414 0.299093 0.313897 0.328471 0.342731 0.356598 0.36999 0.382829 0.395042 0.406557 0.417306 0.427228 0.436264 0.444364 0.451479 0.457569 0.4626 0.466543 0.469375 0.471081 0.47165 0.471081 0.469375 0.466543 0.4626 0.457569 0.451479 0.444364 0.436264 0.427228 0.417306 0.406557 0.395042 0.382829 0.36999 0.356598 0.342731 0.328471 0.313897 0.299093 0.28414 0.269122 0.254117 0.239205 0.22446 0.209952 0.19575 0.181913 0.1685 0.15556 0.143137 0.13127 0.119991 0.109324 0.0992899 0.0899019 0.0811687 0.0730936 0.065676 0.0589114 0.0527924 0.047309 0.0424497 0.038202 0.0345531 0.0314905 0.0290026 0.027079 0.0257113 0.0248933 
0.0262953 0.0265845 0.0274534 0.028906 0.0309488 0.0335905 0.0368415 0.0407138 0.0452201 0.0503735 0.0561866 0.0626709 0.0698361 0.0776894 0.0862345 0.0954715 0.105396 0.115997 0.127261 0.139164 0.151681 0.164775 0.178407 0.192529 0.207087 0.222021 0.237266 0.252752 0.268403 0.28414 0.299883 0.315546 0.331045 0.346294 0.361206 0.375698 0.389686 0.40309 0.415833 0.427842 0.439047 0.449386 0.458798 0.467231 0.474637 0.480975 0.486209 0.49031 0.493255 0.495029 0.495621 0.495029 0.493255 0.49031 0.486209 0.480975 0.474637 0.467231 0.458798 0.449386 0.439047 0.427842 0.415833 0.40309 0.389686 0.375698 0.361206 0.346294 0.331045 0.315546 0.299883 0.28414 0.268403 0.252752 0.237266 0.222021 0.207087 0.192529 0.178407 0.164775 0.151681 0.139164 0.127261 0.115997 0.105396 0.0954715 0.0862345 0.0776894 0.0698361 0.0626709 0.0561866 0.0503735 0.0452201 0.0407138 0.0368415 0.0335905 0.0309488 0.028906 0.0274534 0.0265845 
0.0279892 0.0282955 0.0292155 0.0307534 0.0329159 0.0357118 0.0391519 0.0432483 0.0480141 0.0534623 0.0596056 0.0664556 0.0740215 0.0823103 0.091325 0.101065 0.111524 0.122691 0.134548 0.147073 0.160235 0.173997 0.188314 0.203138 0.21841 0.234067 0.25004 0.266256 0.282634 0.299093 0.315546 0.331907 0.348087 0.363996 0.379545 0.394646 0.409215 0.423168 0.436427 0.448915 0.460563 0.471305 0.481081 0.489836 0.497523 0.5041 0.509529 0.513783 0.516837 0.518677 0.519291 0.518677 0.516837 0.513783 0.509529 0.5041 0.497523 0.489836 0.481081 0.471305 0.460563 0.448915 0.436427 0.423168 0.409215 0.394646 0.379545 0.363996 0.348087 0.331907 0.315546 0.299093 0.282634 0.266256 0.25004 0.234067 0.21841 0.203138 0.188314 0.173997 0.160235 0.147073 0.134548 0.122691 0.111524 0.101065 0.091325 0.0823103 0.0740215 0.0664556 0.0596056 0.0534623 0.0480141 0.0432483 0.0391519 0.0357118 0.0329159 0.0307534 0.0292155 0.0282955 
0.0296929 0.0300162 0.0309873 0.0326104 0.0348924 0.0378423 0.0414711 0.0457911 0.0508154 0.0565574 0.0630297 0.0702436 0.0782083 0.08693 0.0964112 0.10665 0.117639 0.129367 0.141813 0.154952 0.168751 0.183172 0.198166 0.213681 0.229656 0.246024 0.262712 0.279642 0.296733 0.313897 0.331045 0.348087 0.36493 0.381481 0.397648 0.413342 0.428473 0.442958 0.456714 0.469665 0.48174 0.49287 0.502995 0.512061 0.520017 0.526822 0.53244 0.536839 0.539998 0.541901 0.542536 0.541901 0.539998 0.536839 0.53244 0.526822 0.520017 0.512061 0.502995 0.49287 0.48174 0.469665 0.456714 0.442958 0.428473 0.413342 0.397648 0.381481 0.36493 0.348087 0.331045 0.313897 0.296733 0.279642 0.262712 0.246024 0.229656 0.213681 0.198166 0.183172 0.168751 0.154952 0.141813 0.129367 0.117639 0.10665 0.0964112 0.08693 0.0782083 0.0702436 0.0630297 0.0565574 0.0508154 0.0457911 0.0414711 0.0378423 0.0348924 0.0326104 0.0309873 0.0300162 
0.0313959 0.0317361 0.0327579 0.0344656 0.0368662 0.0399689 0.0437848 0.0483265 0.0536072 0.0596402 0.0664382 0.0740123 0.0823713 0.0915209 0.101463 0.112194 0.123707 0.135986 0.149011 0.162754 0.177181 0.192247 0.207905 0.224098 0.24076 0.257822 0.275208 0.292836 0.310621 0.328471 0.346294 0.363996 0.381481 0.398653 0.415418 0.431682 0.447356 0.462352 0.476586 0.489982 0.502464 0.513966 0.524426 0.533787 0.542001 0.549024 0.55482 0.559359 0.562617 0.564579 0.565234 0.564579 0.562617 0.559359 0.55482 0.549024 0.542001 0.533787 0.524426 0.513966 0.502464 0.489982 0.476586 0.462352 0.447356 0.431682 0.415418 0.398653 0.381481 0.363996 0.346294 0.328471 0.310621 0.292836 0.275208 0.257822 0.24076 0.224098 0.207905 0.192247 0.177181 0.162754 0.149011 0.135986 0.123707 0.112194 0.101463 0.0915209 0.0823713 0.0740123 0.0664382 0.0596402 0.0536072 0.0483265 0.0437848 0.0399689 0.0368662 0.0344656 0.0327579 0.0317361 
0.0330872 0.033444 0.0345158 0.036307 0.0388246 0.042078 0.0460784 0.0508385 0.0563717 0.0626913 0.0698098 0.0777382 0.0864848 0.0960548 0.106449 0.117664 0.129689 0.142509 0.156101 0.170434 0.185473 0.20117 0.217475 0.234327 0.251658 0.269395 0.287458 0.305763 0.324218 0.342731 0.361206 0.379545 0.397648 0.415418 0.432756 0.449568 0.465761 0.481246 0.495937 0.509756 0.522627 0.534483 0.54526 0.554902 0.56336 0.570589 0.576554 0.581224 0.584577 0.586595 0.587269 0.586595 0.584577 0.581224 0.576554 0.570589 0.56336 0.554902 0.54526 0.534483 0.522627 0.509756 0.495937 0.481246 0.465761 0.449568 0.432756 0.415418 0.397648 0.379545 0.361206 0.342731 0.324218 0.305763 0.287458 0.269395 0.251658 0.234327 0.217475 0.20117 0.185473 0.170434 0.156101 0.142509 0.129689 0.117664 0.106449 0.0960548 0.0864848 0.0777382 0.0698098 0.0626913 0.0563717 0.0508385 0.0460784 0.042078 0.0388246 0.036307 0.0345158 0.033444 
0.0347554 0.0351285 0.0362493 0.0381223 0.0407545 0.0441554 0.0483365 0.0533105 0.0590908 0.0656907 0.0731226 0.0813971 0.0905223 0.100503 0.111338 0.123023 0.135548 0.148894 0.163037 0.177944 0.193577 0.209886 0.226818 0.244307 0.262285 0.280674 0.29939 0.318346 0.337447 0.356598 0.375698 0.394646 0.413342 0.431682 0.449568 0.466902 0.483589 0.499538 0.514663 0.528883 0.542122 0.554312 0.565389 0.575296 0.583983 0.591407 0.59753 0.602324 0.605765 0.607836 0.608528 0.607836 0.605765 0.602324 0.59753 0.591407 0.583983 0.575296 0.565389 0.554312 0.542122 0.528883 0.514663 0.499538 0.483589 0.466902 0.449568 0.431682 0.413342 0.394646 0.375698 0.356598 0.337447 0.318346 0.29939 0.280674 0.262285 0.244307 0.226818 0.209886 0.193577 0.177944 0.163037 0.148894 0.135548 0.123023 0.111338 0.100503 0.0905223 0.0813971 0.0731226 0.0656907 0.0590908 0.0533105 0.0483365 0.0441554 0.0407545 0.0381223 0.0362493 0.0351285 
0.0363886 0.0367776 0.0379461 0.0398987 0.0426424 0.0461869 0.0505438 0.0557257 0.0617461 0.0686182 0.0763544 0.0849648 0.0944571 0.104835 0.116098 0.128239 0.141247 0.155101 0.169776 0.185237 0.201443 0.218341 0.235875 0.253978 0.272577 0.291591 0.310933 0.330512 0.350231 0.36999 0.389686 0.409215 0.428473 0.447356 0.465761 0.483589 0.500742 0.51713 0.532663 0.547261 0.560847 0.57335 0.584708 0.594863 0.603765 0.61137 0.617643 0.622552 0.626075 0.628196 0.628903 0.628196 0.626075 0.622552 0.617643 0.61137 0.603765 0.594863 0.584708 0.57335 0.560847 0.547261 0.532663 0.51713 0.500742 0.483589 0.465761 0.447356 0.428473 0.409215 0.389686 0.36999 0.350231 0.330512 0.310933 0.291591 0.272577 0.253978 0.235875 0.218341 0.201443 0.185237 0.169776 0.155101 0.141247 0.128239 0.116098 0.104835 0.0944571 0.0849648 0.0763544 0.0686182 0.0617461 0.0557257 0.0505438 0.0461869 0.0426424 0.0398987 0.0379461 0.0367776 
0.0379751 0.0383794 0.0395941 0.0416234 0.0444749 0.048158 0.0526844 0.0580668 0.0643188 0.0714535 0.0794828 0.0884169 0.0982626 0.109023 0.120697 0.133276 0.146747 0.16109 0.176275 0.192266 0.20902 0.226482 0.244592 0.26328 0.282471 0.30208 0.322018 0.342189 0.362494 0.382829 0.40309 0.423168 0.442958 0.462352 0.481246 0.499538 0.51713 0.533928 0.549845 0.564796 0.578704 0.5915 0.60312 0.613505 0.622607 0.630381 0.636791 0.641807 0.645406 0.647572 0.648295 0.647572 0.645406 0.641807 0.636791 0.630381 0.622607 0.613505 0.60312 0.5915 0.578704 0.564796 0.549845 0.533928 0.51713 0.499538 0.481246 0.462352 0.442958 0.423168 0.40309 0.382829 0.362494 0.342189 0.322018 0.30208 0.282471 0.26328 0.244592 0.226482 0.20902 0.192266 0.176275 0.16109 0.146747 0.133276 0.120697 0.109023 0.0982626 0.0884169 0.0794828 0.0714535 0.0643188 0.0580668 0.0526844 0.048158 0.0444749 0.0416234 0.0395941 0.0383794 
0.0395029 0.0399219 0.0411807 0.0432837 0.0462382 0.050054 0.0547427 0.0603171 0.0667907 0.0741763 0.0824859 0.091729 0.101912 0.113038 0.125103 0.1381 0.152013 0.16682 0.18249 0.198986 0.21626 0.234256 0.252912 0.272155 0.291906 0.312077 0.332577 0.353307 0.374164 0.395042 0.415833 0.436427 0.456714 0.476586 0.495937 0.514663 0.532663 0.549845 0.566116 0.581395 0.595603 0.60867 0.620531 0.631129 0.640415 0.648344 0.654881 0.659995 0.663665 0.665873 0.66661 0.665873 0.663665 0.659995 0.654881 0.648344 0.640415 0.631129 0.620531 0.60867 0.595603 0.581395 0.566116 0.549845 0.532663 0.514663 0.495937 0.476586 0.456714 0.436427 0.415833 0.395042 0.374164 0.353307 0.332577 0.312077 0.291906 0.272155 0.252912 0.234256 0.21626 0.198986 0.18249 0.16682 0.152013 0.1381 0.125103 0.113038 0.101912 0.091729 0.0824859 0.0741763 0.0667907 0.0603171 0.0547427 0.050054 0.0462382 0.0432837 0.0411807 0.0399219 
0.0409602 0.0413933 0.0426939 0.0448667 0.0479191 0.0518608 0.0567034 0.0624598 0.0691433 0.0767668 0.0853417 0.0948775 0.10538 0.116851 0.129287 0.142678 0.157008 0.172253 0.188381 0.205351 0.223115 0.241615 0.260783 0.280547 0.300823 0.321522 0.342548 0.3638 0.385172 0.406557 0.427842 0.448915 0.469665 0.489982 0.509756 0.528883 0.547261 0.564796 0.581395 0.596975 0.611459 0.624774 0.636857 0.64765 0.657104 0.665175 0.671828 0.677032 0.680765 0.683012 0.683762 0.683012 0.680765 0.677032 0.671828 0.665175 0.657104 0.64765 0.636857 0.624774 0.611459 0.596975 0.581395 0.564796 0.547261 0.528883 0.509756 0.489982 0.469665 0.448915 0.427842 0.406557 0.385172 0.3638 0.342548 0.321522 0.300823 0.280547 0.260783 0.241615 0.223115 0.205351 0.188381 0.172253 0.157008 0.142678 0.129287 0.116851 0.10538 0.0948775 0.0853417 0.0767668 0.0691433 0.0624598 0.0567034 0.0518608 0.0479191 0.0448667 0.0426939 0.0413933 
0.0423356 0.0427818 0.0441217 0.0463602 0.0495044 0.0535643 0.0585514 0.0644786 0.0713591 0.0792056 0.0880294 0.0978394 0.108641 0.120435 0.133218 0.146978 0.161698 0.177352 0.193907 0.21132 0.229541 0.248509 0.268155 0.288402 0.309166 0.330354 0.351868 0.373604 0.395454 0.417306 0.439047 0.460563 0.48174 0.502464 0.522627 0.542122 0.560847 0.578704 0.595603 0.611459 0.626193 0.639734 0.652018 0.662989 0.672595 0.680795 0.687552 0.692837 0.696628 0.69891 0.699671 0.69891 0.696628 0.692837 0.687552 0.680795 0.672595 0.662989 0.652018 0.639734 0.626193 0.611459 0.595603 0.578704 0.560847 0.542122 0.522627 0.502464 0.48174 0.460563 0.439047 0.417306 0.395454 0.373604 0.351868 0.330354 0.309166 0.288402 0.268155 0.248509 0.229541 0.21132 0.193907 0.177352 0.161698 0.146978 0.133218 0.120435 0.108641 0.0978394 0.0880294 0.0792056 0.0713591 0.0644786 0.0585514 0.0535643 0.0495044 0.0463602 0.0441217 0.0427818 
