0.000120592 0.000123987 0.00013428 0.000151798 0.000177087 0.000210909 0.000254245 0.000308288 0.000374445 0.000454324 0.000549729 0.000662645 0.000795219 0.000949735 0.00112858 0.00133423 0.00156915 0.00183583 0.00213665 0.00247384 0.00284947 0.00326527 0.00372267 0.00422266 0.00476573 0.00535183 0.00598028 0.00664974 0.00735815 0.00810272 0.00887991 0.00968542 0.0105142 0.0113606 0.0122182 0.01308 0.0139387 0.0147864 0.0156151 0.0164164 0.0171822 0.0179042 0.0185747 0.019186 0.0197312 0.0202041 0.0205989 0.0209111 0.0211368 0.0212733 0.021319 0.0212733 0.0211368 0.0209111 0.0205989 0.0202041 0.0197312 0.019186 0.0185747 0.0179042 0.0171822 0.0164164 0.0156151 0.0147864 0.0139387 0.01308 0.0122182 0.0113606 0.0105142 0.00968542 0.00887991 0.00810272 0.00735815 0.00664974 0.00598028 0.00535183 0.00476573 0.00422266 0.00372267 0.00326527 0.00284947 0.00247384 0.00213665 0.00183583 0.00156915 0.00133423 0.00112858 0.000949735 0.000795219 0.000662645 0.000549729 0.000454324 0.000374445 0.000308288 0.000254245 0.000210909 0.000177087 0.000151798 0.00013428 0.000123987 
0.000123987 0.000127471 0.000138034 0.000156012 0.000181962 0.000216664 0.000261119 0.000316551 0.000384394 0.000466294 0.000564093 0.000679818 0.00081566 0.000973951 0.00115713 0.0013677 0.00160821 0.00188116 0.00218898 0.00253396 0.00291817 0.00334338 0.00381103 0.00432212 0.00487713 0.00547599 0.006118 0.00680176 0.00752517 0.00828536 0.0090787 0.00990081 0.0107466 0.0116101 0.0124849 0.013364 0.0142397 0.015104 0.0159489 0.0167658 0.0175463 0.0182822 0.0189655 0.0195885 0.0201441 0.0206258 0.0210281 0.0213461 0.0215761 0.0217152 0.0217617 0.0217152 0.0215761 0.0213461 0.0210281 0.0206258 0.0201441 0.0195885 0.0189655 0.0182822 0.0175463 0.0167658 0.0159489 0.015104 0.0142397 0.013364 0.0124849 0.0116101 0.0107466 0.00990081 0.0090787 0.00828536 0.00752517 0.00680176 0.006118 0.00547599 0.00487713 0.00432212 0.00381103 0.00334338 0.00291817 0.00253396 0.00218898 0.00188116 0.00160821 0.0013677 0.00115713 0.000973951 0.00081566 0.000679818 0.000564093 0.000466294 0.000384394 0.000316551 0.000261119 0.000216664 0.000181962 0.000156012 0.000138034 0.000127471 
0.00013428 0.000138034 0.000149417 0.000168786 0.000196737 0.000234101 0.000281948 0.00034158 0.000414528 0.000502542 0.000607583 0.000731805 0.000877533 0.00104724 0.0012435 0.00146899 0.00172636 0.00201827 0.00234726 0.00271575 0.00312587 0.0035795 0.0040781 0.00462268 0.00521372 0.00585109 0.00653399 0.0072609 0.00802954 0.00883684 0.00967891 0.0105511 0.0114479 0.0123631 0.0132899 0.0142208 0.0151477 0.0160623 0.0169559 0.0178197 0.0186448 0.0194224 0.0201443 0.0208022 0.0213889 0.0218976 0.0223223 0.0226579 0.0229006 0.0230474 0.0230965 0.0230474 0.0229006 0.0226579 0.0223223 0.0218976 0.0213889 0.0208022 0.0201443 0.0194224 0.0186448 0.0178197 0.0169559 0.0160623 0.0151477 0.0142208 0.0132899 0.0123631 0.0114479 0.0105511 0.00967891 0.00883684 0.00802954 0.0072609 0.00653399 0.00585109 0.00521372 0.00462268 0.0040781 0.0035795 0.00312587 0.00271575 0.00234726 0.00201827 0.00172636 0.00146899 0.0012435 0.00104724 0.000877533 0.000731805 0.000607583 0.000502542 0.000414528 0.00034158 0.000281948 0.000234101 0.000196737 0.000168786 0.000149417 0.000138034 
0.000151798 0.000156012 0.000168786 0.000190517 0.000221862 0.000263744 0.000317344 0.000384101 0.000465703 0.000564082 0.000681395 0.00082001 0.000982479 0.00117151 0.00138993 0.00164063 0.00192652 0.00225048 0.00261526 0.00302345 0.00347736 0.00397895 0.00452978 0.00513087 0.00578267 0.00648496 0.00723678 0.00803638 0.0088812 0.0097678 0.0106919 0.0116483 0.0126309 0.0136331 0.0146473 0.0156652 0.0166782 0.0176772 0.0186527 0.0195952 0.020495 0.0213427 0.0221293 0.022846 0.0234849 0.0240386 0.0245008 0.0248661 0.0251302 0.0252899 0.0253433 0.0252899 0.0251302 0.0248661 0.0245008 0.0240386 0.0234849 0.022846 0.0221293 0.0213427 0.020495 0.0195952 0.0186527 0.0176772 0.0166782 0.0156652 0.0146473 0.0136331 0.0126309 0.0116483 0.0106919 0.0097678 0.0088812 0.00803638 0.00723678 0.00648496 0.00578267 0.00513087 0.00452978 0.00397895 0.00347736 0.00302345 0.00261526 0.00225048 0.00192652 0.00164063 0.00138993 0.00117151 0.000982479 0.00082001 0.000681395 0.000564082 0.000465703 0.000384101 0.000317344 0.000263744 0.000221862 0.000190517 0.000168786 0.000156012 
0.000177087 0.000181962 0.000196737 0.000221862 0.000258088 0.000306462 0.000368327 0.000445317 0.000539345 0.000652598 0.000787514 0.000946765 0.00113323 0.00134994 0.00160007 0.00188685 0.00221354 0.00258331 0.00299922 0.00346411 0.0039805 0.00455052 0.00517582 0.00585744 0.00659579 0.00739049 0.00824037 0.00914336 0.0100965 0.0110957 0.0121363 0.0132122 0.0143167 0.0154422 0.0165802 0.0177216 0.0188565 0.019975 0.0210664 0.0221202 0.0231257 0.0240726 0.0249506 0.0257504 0.026463 0.0270805 0.0275957 0.0280028 0.028297 0.028475 0.0285345 0.028475 0.028297 0.0280028 0.0275957 0.0270805 0.026463 0.0257504 0.0249506 0.0240726 0.0231257 0.0221202 0.0210664 0.019975 0.0188565 0.0177216 0.0165802 0.0154422 0.0143167 0.0132122 0.0121363 0.0110957 0.0100965 0.00914336 0.00824037 0.00739049 0.00659579 0.00585744 0.00517582 0.00455052 0.0039805 0.00346411 0.00299922 0.00258331 0.00221354 0.00188685 0.00160007 0.00134994 0.00113323 0.000946765 0.000787514 0.000652598 0.000539345 0.000445317 0.000368327 0.000306462 0.000258088 0.000221862 0.000196737 0.000181962 
0.000210909 0.000216664 0.000234101 0.000263744 0.000306462 0.00036347 0.000436322 0.000526908 0.000637438 0.000770432 0.0009287 0.00111531 0.00133356 0.00158692 0.00187902 0.00221352 0.00259412 0.00302439 0.00350778 0.00404745 0.0046462 0.00530635 0.00602966 0.00681722 0.00766933 0.00858543 0.00956405 0.0106027 0.0116977 0.0128447 0.0140377 0.01527 0.0165339 0.0178206 0.0191204 0.0204229 0.021717 0.0229913 0.0242339 0.0254328 0.026576 0.0276519 0.028649 0.0295569 0.0303654 0.0310657 0.0316499 0.0321114 0.0324449 0.0326465 0.032714 0.0326465 0.0324449 0.0321114 0.0316499 0.0310657 0.0303654 0.0295569 0.028649 0.0276519 0.026576 0.0254328 0.0242339 0.0229913 0.021717 0.0204229 0.0191204 0.0178206 0.0165339 0.01527 0.0140377 0.0128447 0.0116977 0.0106027 0.00956405 0.00858543 0.00766933 0.00681722 0.00602966 0.00530635 0.0046462 0.00404745 0.00350778 0.00302439 0.00259412 0.00221352 0.00187902 0.00158692 0.00133356 0.00111531 0.0009287 0.000770432 0.000637438 0.000526908 0.000436322 0.00036347 0.000306462 0.000263744 0.000234101 0.000216664 
0.000254245 0.000261119 0.000281948 0.000317344 0.000368327 0.000436322 0.00052315 0.000631019 0.000762515 0.000920576 0.00110847 0.00132977 0.00158829 0.00188807 0.00223325 0.00262807 0.00307675 0.00358339 0.00415187 0.00478577 0.0054882 0.00626173 0.00710824 0.00802884 0.00902371 0.010092 0.011232 0.0124404 0.0137131 0.0150445 0.016428 0.0178556 0.0193183 0.0208059 0.0223071 0.0238102 0.0253023 0.0267703 0.0282007 0.0295798 0.0308939 0.0321299 0.0332748 0.0343166 0.035244 0.0360469 0.0367166 0.0372454 0.0376274 0.0378584 0.0379357 0.0378584 0.0376274 0.0372454 0.0367166 0.0360469 0.035244 0.0343166 0.0332748 0.0321299 0.0308939 0.0295798 0.0282007 0.0267703 0.0253023 0.0238102 0.0223071 0.0208059 0.0193183 0.0178556 0.016428 0.0150445 0.0137131 0.0124404 0.011232 0.010092 0.00902371 0.00802884 0.00710824 0.00626173 0.0054882 0.00478577 0.00415187 0.00358339 0.00307675 0.00262807 0.00223325 0.00188807 0.00158829 0.00132977 0.00110847 0.000920576 0.000762515 0.000631019 0.00052315 0.000436322 0.000368327 0.000317344 0.000281948 0.000261119 
0.000308288 0.000316551 0.00034158 0.000384101 0.000445317 0.000526908 0.000631019 0.000760252 0.000917643 0.00110664 0.00133108 0.00159513 0.00190324 0.00226009 0.00267053 0.00313942 0.00367164 0.00427187 0.00494456 0.00569374 0.0065229 0.00743488 0.00843171 0.00951447 0.0106832 0.0119367 0.0132727 0.0146873 0.0161755 0.0177306 0.0193448 0.0210087 0.0227117 0.0244419 0.0261865 0.0279314 0.0296622 0.0313635 0.0330199 0.0346157 0.0361354 0.0375636 0.038886 0.0400885 0.0411586 0.0420847 0.0428567 0.0434663 0.0439065 0.0441727 0.0442617 0.0441727 0.0439065 0.0434663 0.0428567 0.0420847 0.0411586 0.0400885 0.038886 0.0375636 0.0361354 0.0346157 0.0330199 0.0313635 0.0296622 0.0279314 0.0261865 0.0244419 0.0227117 0.0210087 0.0193448 0.0177306 0.0161755 0.0146873 0.0132727 0.0119367 0.0106832 0.00951447 0.00843171 0.00743488 0.0065229 0.00569374 0.00494456 0.00427187 0.00367164 0.00313942 0.00267053 0.00226009 0.00190324 0.00159513 0.00133108 0.00110664 0.000917643 0.000760252 0.000631019 0.000526908 0.000445317 0.000384101 0.00034158 0.000316551 
0.000374445 0.000384394 0.000414528 0.000465703 0.000539345 0.000637438 0.000762515 0.000917643 0.0011064 0.00133284 0.00160147 0.00191716 0.00228512 0.00271081 0.00319985 0.00375788 0.00439053 0.00510317 0.00590088 0.00678821 0.00776911 0.00884667 0.0100231 0.0112994 0.0126753 0.0141494 0.0157186 0.0173783 0.0191223 0.0209428 0.0228303 0.0247739 0.0267611 0.028778 0.0308097 0.03284 0.0348519 0.036828 0.0387504 0.040601 0.0423621 0.0440162 0.0455467 0.0469378 0.0481752 0.0492455 0.0501376 0.0508416 0.0513501 0.0516574 0.0517602 0.0516574 0.0513501 0.0508416 0.0501376 0.0492455 0.0481752 0.0469378 0.0455467 0.0440162 0.0423621 0.040601 0.0387504 0.036828 0.0348519 0.03284 0.0308097 0.028778 0.0267611 0.0247739 0.0228303 0.0209428 0.0191223 0.0173783 0.0157186 0.0141494 0.0126753 0.0112994 0.0100231 0.00884667 0.00776911 0.00678821 0.00590088 0.00510317 0.00439053 0.00375788 0.00319985 0.00271081 0.00228512 0.00191716 0.00160147 0.00133284 0.0011064 0.000917643 0.000762515 0.000637438 0.000539345 0.000465703 0.000414528 0.000384394 
0.000454324 0.000466294 0.000502542 0.000564082 0.000652598 0.000770432 0.000920576 0.00110664 0.00133284 0.00160394 0.00192522 0.00230239 0.00274152 0.00324899 0.0038313 0.00449501 0.00524657 0.00609217 0.00703757 0.00808795 0.00924769 0.0105202 0.0119078 0.0134114 0.0150306 0.0167632 0.0186054 0.0205516 0.0225944 0.0247244 0.0269304 0.0291996 0.0315173 0.0338674 0.0362322 0.0385933 0.0409309 0.043225 0.0454548 0.0475998 0.0496396 0.0515543 0.0533248 0.0549333 0.0563632 0.0575997 0.0586298 0.0594426 0.0600295 0.0603842 0.0605028 0.0603842 0.0600295 0.0594426 0.0586298 0.0575997 0.0563632 0.0549333 0.0533248 0.0515543 0.0496396 0.0475998 0.0454548 0.043225 0.0409309 0.0385933 0.0362322 0.0338674 0.0315173 0.0291996 0.0269304 0.0247244 0.0225944 0.0205516 0.0186054 0.0167632 0.0150306 0.0134114 0.0119078 0.0105202 0.00924769 0.00808795 0.00703757 0.00609217 0.00524657 0.00449501 0.0038313 0.00324899 0.00274152 0.00230239 0.00192522 0.00160394 0.00133284 0.00110664 0.000920576 0.000770432 0.000652598 0.000564082 0.000502542 0.000466294 
0.000549729 0.000564093 0.000607583 0.000681395 0.000787514 0.0009287 0.00110847 0.00133108 0.00160147 0.00192522 0.00230851 0.00275801 0.0032808 0.00388427 0.00457596 0.00536344 0.00625412 0.00725508 0.00837286 0.00961329 0.0109813 0.0124805 0.0141133 0.0158806 0.0177814 0.0198131 0.0219708 0.0242477 0.0266349 0.0291213 0.0316937 0.0343368 0.0370337 0.0397654 0.0425117 0.0452509 0.0479606 0.0506175 0.0531979 0.0556783 0.0580353 0.0602463 0.0622896 0.0641448 0.0657934 0.0672183 0.068405 0.0693411 0.0700169 0.0704252 0.0705618 0.0704252 0.0700169 0.0693411 0.068405 0.0672183 0.0657934 0.0641448 0.0622896 0.0602463 0.0580353 0.0556783 0.0531979 0.0506175 0.0479606 0.0452509 0.0425117 0.0397654 0.0370337 0.0343368 0.0316937 0.0291213 0.0266349 0.0242477 0.0219708 0.0198131 0.0177814 0.0158806 0.0141133 0.0124805 0.0109813 0.00961329 0.00837286 0.00725508 0.00625412 0.00536344 0.00457596 0.00388427 0.0032808 0.00275801 0.00230851 0.00192522 0.00160147 0.00133108 0.00110847 0.0009287 0.000787514 0.000681395 0.000607583 0.000564093 
0.000662645 0.000679818 0.000731805 0.00082001 0.000946765 0.00111531 0.00132977 0.00159513 0.00191716 0.00230239 0.00275801 0.00329178 0.00391194 0.00462701 0.0054457 0.0063767 0.00742851 0.00860916 0.00992608 0.0113858 0.0129937 0.0147537 0.0166684 0.0187383 0.020962 0.023336 0.0258543 0.0285087 0.0312886 0.0341807 0.0371695 0.0402374 0.0433642 0.0465283 0.0497062 0.0528729 0.0560026 0.0590686 0.062044 0.0649017 0.0676154 0.0701593 0.0725088 0.0746409 0.0765345 0.0781706 0.0795327 0.0806068 0.0813821 0.0818504 0.0820071 0.0818504 0.0813821 0.0806068 0.0795327 0.0781706 0.0765345 0.0746409 0.0725088 0.0701593 0.0676154 0.0649017 0.062044 0.0590686 0.0560026 0.0528729 0.0497062 0.0465283 0.0433642 0.0402374 0.0371695 0.0341807 0.0312886 0.0285087 0.0258543 0.023336 0.020962 0.0187383 0.0166684 0.0147537 0.0129937 0.0113858 0.00992608 0.00860916 0.00742851 0.0063767 0.0054457 0.00462701 0.00391194 0.00329178 0.00275801 0.00230239 0.00191716 0.00159513 0.00132977 0.00111531 0.000946765 0.00082001 0.000731805 0.000679818 
0.000795219 0.00081566 0.000877533 0.000982479 0.00113323 0.00133356 0.00158829 0.00190324 0.00228512 0.00274152 0.0032808 0.00391194 0.00464442 0.0054881 0.00645297 0.00754896 0.00878574 0.0101724 0.0117173 0.0134277 0.0153095 0.017367 0.0196026 0.0220166 0.0246069 0.0273689 0.0302956 0.0333768 0.0366 0.0399495 0.0434073 0.0469526 0.0505624 0.0542113 0.0578725 0.0615173 0.0651162 0.0686388 0.0720544 0.0753324 0.0784429 0.0813567 0.0840462 0.0864856 0.0886509 0.090521 0.0920773 0.0933043 0.0941897 0.0947245 0.0949033 0.0947245 0.0941897 0.0933043 0.0920773 0.090521 0.0886509 0.0864856 0.0840462 0.0813567 0.0784429 0.0753324 0.0720544 0.0686388 0.0651162 0.0615173 0.0578725 0.0542113 0.0505624 0.0469526 0.0434073 0.0399495 0.0366 0.0333768 0.0302956 0.0273689 0.0246069 0.0220166 0.0196026 0.017367 0.0153095 0.0134277 0.0117173 0.0101724 0.00878574 0.00754896 0.00645297 0.0054881 0.00464442 0.00391194 0.0032808 0.00274152 0.00228512 0.00190324 0.00158829 0.00133356 0.00113323 0.000982479 0.000877533 0.00081566 
0.000949735 0.000973951 0.00104724 0.00117151 0.00134994 0.00158692 0.00188807 0.00226009 0.00271081 0.00324899 0.00388427 0.00462701 0.0054881 0.00647884 0.00761063 0.00889477 0.0103422 0.0119632 0.0137671 0.0157618 0.0179538 0.0203476 0.0229455 0.0257474 0.0287504 0.0319488 0.0353337 0.0388934 0.0426126 0.0464734 0.0504544 0.0545317 0.0586787 0.0628664 0.0670638 0.0712385 0.0753566 0.0793839 0.0832854 0.0870269 0.0905744 0.0938953 0.0969587 0.0997355 0.102199 0.104326 0.106095 0.10749 0.108496 0.109103 0.109307 0.109103 0.108496 0.10749 0.106095 0.104326 0.102199 0.0997355 0.0969587 0.0938953 0.0905744 0.0870269 0.0832854 0.0793839 0.0753566 0.0712385 0.0670638 0.0628664 0.0586787 0.0545317 0.0504544 0.0464734 0.0426126 0.0388934 0.0353337 0.0319488 0.0287504 0.0257474 0.0229455 0.0203476 0.0179538 0.0157618 0.0137671 0.0119632 0.0103422 0.00889477 0.00761063 0.00647884 0.0054881 0.00462701 0.00388427 0.00324899 0.00271081 0.00226009 0.00188807 0.00158692 0.00134994 0.00117151 0.00104724 0.000973951 
0.00112858 0.00115713 0.0012435 0.00138993 0.00160007 0.00187902 0.00223325 0.00267053 0.00319985 0.0038313 0.00457596 0.0054457 0.00645297 0.00761063 0.00893163 0.0104288 0.0121143 0.0139998 0.0160956 0.0184103 0.0209509 0.0237221 0.0267261 0.0299619 0.0334259 0.0371108 0.0410061 0.0450975 0.0493675 0.0537947 0.0583548 0.0630199 0.0677596 0.0725406 0.0773279 0.0820845 0.0867722 0.0913522 0.0957854 0.100033 0.104058 0.107823 0.111293 0.114437 0.117225 0.119631 0.121632 0.123208 0.124345 0.125031 0.125261 0.125031 0.124345 0.123208 0.121632 0.119631 0.117225 0.114437 0.111293 0.107823 0.104058 0.100033 0.0957854 0.0913522 0.0867722 0.0820845 0.0773279 0.0725406 0.0677596 0.0630199 0.0583548 0.0537947 0.0493675 0.0450975 0.0410061 0.0371108 0.0334259 0.0299619 0.0267261 0.0237221 0.0209509 0.0184103 0.0160956 0.0139998 0.0121143 0.0104288 0.00893163 0.00761063 0.00645297 0.0054457 0.00457596 0.0038313 0.00319985 0.00267053 0.00223325 0.00187902 0.00160007 0.00138993 0.0012435 0.00115713 
0.00133423 0.0013677 0.00146899 0.00164063 0.00188685 0.00221352 0.00262807 0.00313942 0.00375788 0.00449501 0.00536344 0.0063767 0.00754896 0.00889477 0.0104288 0.0121653 0.0141182 0.0163001 0.0187225 0.0213948 0.0243244 0.027516 0.0309714 0.0346892 0.0386642 0.0428876 0.0473467 0.0520249 0.0569013 0.0619515 0.0671472 0.0724566 0.0778447 0.0832741 0.0887049 0.0940953 0.0994024 0.104583 0.109593 0.114389 0.118929 0.123174 0.127084 0.130624 0.133762 0.136468 0.138717 0.140489 0.141767 0.142538 0.142796 0.142538 0.141767 0.140489 0.138717 0.136468 0.133762 0.130624 0.127084 0.123174 0.118929 0.114389 0.109593 0.104583 0.0994024 0.0940953 0.0887049 0.0832741 0.0778447 0.0724566 0.0671472 0.0619515 0.0569013 0.0520249 0.0473467 0.0428876 0.0386642 0.0346892 0.0309714 0.027516 0.0243244 0.0213948 0.0187225 0.0163001 0.0141182 0.0121653 0.0104288 0.00889477 0.00754896 0.0063767 0.00536344 0.00449501 0.00375788 0.00313942 0.00262807 0.00221352 0.00188685 0.00164063 0.00146899 0.0013677 
0.00156915 0.00160821 0.00172636 0.00192652 0.00221354 0.00259412 0.00307675 0.00367164 0.00439053 0.00524657 0.00625412 0.00742851 0.00878574 0.0103422 0.0121143 0.0141182 0.016369 0.0188809 0.0216663 0.0247354 0.0280959 0.0317526 0.0357066 0.0399556 0.044493 0.0493081 0.0543858 0.0597063 0.0652457 0.0709757 0.0768638 0.0828737 0.088966 0.0950981 0.101225 0.1073 0.113276 0.119102 0.124732 0.130118 0.135212 0.13997 0.144351 0.148314 0.151825 0.154852 0.157367 0.159347 0.160774 0.161636 0.161924 0.161636 0.160774 0.159347 0.157367 0.154852 0.151825 0.148314 0.144351 0.13997 0.135212 0.130118 0.124732 0.119102 0.113276 0.1073 0.101225 0.0950981 0.088966 0.0828737 0.0768638 0.0709757 0.0652457 0.0597063 0.0543858 0.0493081 0.044493 0.0399556 0.0357066 0.0317526 0.0280959 0.0247354 0.0216663 0.0188809 0.016369 0.0141182 0.0121143 0.0103422 0.00878574 0.00742851 0.00625412 0.00524657 0.00439053 0.00367164 0.00307675 0.00259412 0.00221354 0.00192652 0.00172636 0.00160821 
0.00183583 0.00188116 0.00201827 0.00225048 0.00258331 0.00302439 0.00358339 0.00427187 0.00510317 0.00609217 0.00725508 0.00860916 0.0101724 0.0119632 0.0139998 0.0163001 0.0188809 0.0217577 0.0249438 0.0284502 0.0322849 0.0364523 0.0409532 0.0457837 0.0509358 0.0563964 0.0621476 0.0681665 0.0744253 0.0808916 0.0875283 0.0942944 0.101145 0.108033 0.114908 0.121717 0.128407 0.134924 0.141216 0.147229 0.152911 0.158215 0.163095 0.167507 0.171413 0.174779 0.177574 0.179774 0.18136 0.182317 0.182637 0.182317 0.18136 0.179774 0.177574 0.174779 0.171413 0.167507 0.163095 0.158215 0.152911 0.147229 0.141216 0.134924 0.128407 0.121717 0.114908 0.108033 0.101145 0.0942944 0.0875283 0.0808916 0.0744253 0.0681665 0.0621476 0.0563964 0.0509358 0.0457837 0.0409532 0.0364523 0.0322849 0.0284502 0.0249438 0.0217577 0.0188809 0.0163001 0.0139998 0.0119632 0.0101724 0.00860916 0.00725508 0.00609217 0.00510317 0.00427187 0.00358339 0.00302439 0.00258331 0.00225048 0.00201827 0.00188116 
0.00213665 0.00218898 0.00234726 0.00261526 0.00299922 0.00350778 0.00415187 0.00494456 0.00590088 0.00703757 0.00837286 0.00992608 0.0117173 0.0137671 0.0160956 0.0187225 0.0216663 0.0249438 0.0285694 0.0325546 0.0369075 0.0416323 0.0467286 0.0521915 0.0580107 0.0641705 0.0706501 0.0774227 0.0844565 0.0917145 0.0991547 0.106731 0.114393 0.122087 0.129758 0.137347 0.144796 0.152046 0.159037 0.165713 0.172016 0.177895 0.183299 0.188183 0.192504 0.196225 0.199314 0.201745 0.203496 0.204553 0.204906 0.204553 0.203496 0.201745 0.199314 0.196225 0.192504 0.188183 0.183299 0.177895 0.172016 0.165713 0.159037 0.152046 0.144796 0.137347 0.129758 0.122087 0.114393 0.106731 0.0991547 0.0917145 0.0844565 0.0774227 0.0706501 0.0641705 0.0580107 0.0521915 0.0467286 0.0416323 0.0369075 0.0325546 0.0285694 0.0249438 0.0216663 0.0187225 0.0160956 0.0137671 0.0117173 0.00992608 0.00837286 0.00703757 0.00590088 0.00494456 0.00415187 0.00350778 0.00299922 0.00261526 0.00234726 0.00218898 
0.00247384 0.00253396 0.00271575 0.00302345 0.00346411 0.00404745 0.00478577 0.00569374 0.00678821 0.00808795 0.00961329 0.0113858 0.0134277 0.0157618 0.0184103 0.0213948 0.0247354 0.0284502 0.0325546 0.0370605 0.0419761 0.0473049 0.0530456 0.0591913 0.0657295 0.0726417 0.0799034 0.0874838 0.0953466 0.10345 0.111746 0.120184 0.128706 0.137255 0.145767 0.15418 0.162429 0.170448 0.178173 0.185543 0.192496 0.198975 0.204926 0.2103 0.215053 0.219143 0.222537 0.225207 0.22713 0.228291 0.228678 0.228291 0.22713 0.225207 0.222537 0.219143 0.215053 0.2103 0.204926 0.198975 0.192496 0.185543 0.178173 0.170448 0.162429 0.15418 0.145767 0.137255 0.128706 0.120184 0.111746 0.10345 0.0953466 0.0874838 0.0799034 0.0726417 0.0657295 0.0591913 0.0530456 0.0473049 0.0419761 0.0370605 0.0325546 0.0284502 0.0247354 0.0213948 0.0184103 0.0157618 0.0134277 0.0113858 0.00961329 0.00808795 0.00678821 0.00569374 0.00478577 0.00404745 0.00346411 0.00302345 0.00271575 0.00253396 
0.00284947 0.00291817 0.00312587 0.00347736 0.0039805 0.0046462 0.0054882 0.0065229 0.00776911 0.00924769 0.0109813 0.0129937 0.0153095 0.0179538 0.0209509 0.0243244 0.0280959 0.0322849 0.0369075 0.0419761 0.0474986 0.0534778 0.0599109 0.0667891 0.0740972 0.0818132 0.0899089 0.0983491 0.107092 0.116091 0.125293 0.13464 0.144069 0.153516 0.162911 0.172186 0.18127 0.190091 0.198581 0.206671 0.214298 0.221398 0.227915 0.233796 0.238993 0.243464 0.247172 0.250088 0.252188 0.253454 0.253877 0.253454 0.252188 0.250088 0.247172 0.243464 0.238993 0.233796 0.227915 0.221398 0.214298 0.206671 0.198581 0.190091 0.18127 0.172186 0.162911 0.153516 0.144069 0.13464 0.125293 0.116091 0.107092 0.0983491 0.0899089 0.0818132 0.0740972 0.0667891 0.0599109 0.0534778 0.0474986 0.0419761 0.0369075 0.0322849 0.0280959 0.0243244 0.0209509 0.0179538 0.0153095 0.0129937 0.0109813 0.00924769 0.00776911 0.0065229 0.0054882 0.0046462 0.0039805 0.00347736 0.00312587 0.00291817 
0.00326527 0.00334338 0.0035795 0.00397895 0.00455052 0.00530635 0.00626173 0.00743488 0.00884667 0.0105202 0.0124805 0.0147537 0.017367 0.0203476 0.0237221 0.027516 0.0317526 0.0364523 0.0416323 0.0473049 0.0534778 0.0601527 0.0673251 0.0749837 0.0831104 0.0916797 0.100659 0.110007 0.119679 0.129621 0.139774 0.150073 0.160451 0.170834 0.181149 0.191319 0.201268 0.210919 0.220198 0.229031 0.23735 0.245089 0.252186 0.258585 0.264236 0.269095 0.273124 0.27629 0.278569 0.279944 0.280403 0.279944 0.278569 0.27629 0.273124 0.269095 0.264236 0.258585 0.252186 0.245089 0.23735 0.229031 0.220198 0.210919 0.201268 0.191319 0.181149 0.170834 0.160451 0.150073 0.139774 0.129621 0.119679 0.110007 0.100659 0.0916797 0.0831104 0.0749837 0.0673251 0.0601527 0.0534778 0.0473049 0.0416323 0.0364523 0.0317526 0.027516 0.0237221 0.0203476 0.017367 0.0147537 0.0124805 0.0105202 0.00884667 0.00743488 0.00626173 0.00530635 0.00455052 0.00397895 0.0035795 0.00334338 
0.00372267 0.00381103 0.0040781 0.00452978 0.00517582 0.00602966 0.00710824 0.00843171 0.0100231 0.0119078 0.0141133 0.0166684 0.0196026 0.0229455 0.0267261 0.0309714 0.0357066 0.0409532 0.0467286 0.0530456 0.0599109 0.0673251 0.0752815 0.0837663 0.0927578 0.102226 0.112134 0.122437 0.133081 0.144008 0.155152 0.166443 0.177804 0.189157 0.200422 0.211515 0.222354 0.232856 0.242943 0.252535 0.26156 0.269948 0.277634 0.284559 0.29067 0.295922 0.300273 0.303692 0.306152 0.307636 0.308132 0.307636 0.306152 0.303692 0.300273 0.295922 0.29067 0.284559 0.277634 0.269948 0.26156 0.252535 0.242943 0.232856 0.222354 0.211515 0.200422 0.189157 0.177804 0.166443 0.155152 0.144008 0.133081 0.122437 0.112134 0.102226 0.0927578 0.0837663 0.0752815 0.0673251 0.0599109 0.0530456 0.0467286 0.0409532 0.0357066 0.0309714 0.0267261 0.0229455 0.0196026 0.0166684 0.0141133 0.0119078 0.0100231 0.00843171 0.00710824 0.00602966 0.00517582 0.00452978 0.0040781 0.00381103 
0.00422266 0.00432212 0.00462268 0.00513087 0.00585744 0.00681722 0.00802884 0.00951447 0.0112994 0.0134114 0.0158806 0.0187383 0.0220166 0.0257474 0.0299619 0.0346892 0.0399556 0.0457837 0.0521915 0.0591913 0.0667891 0.0749837 0.0837663 0.0931198 0.103019 0.113429 0.124308 0.135604 0.14726 0.159209 0.17138 0.183693 0.196068 0.208418 0.220656 0.232693 0.244439 0.255808 0.266715 0.277076 0.286814 0.295857 0.304135 0.311589 0.318162 0.323806 0.328481 0.332153 0.334794 0.336386 0.336918 0.336386 0.334794 0.332153 0.328481 0.323806 0.318162 0.311589 0.304135 0.295857 0.286814 0.277076 0.266715 0.255808 0.244439 0.232693 0.220656 0.208418 0.196068 0.183693 0.17138 0.159209 0.14726 0.135604 0.124308 0.113429 0.103019 0.0931198 0.0837663 0.0749837 0.0667891 0.0591913 0.0521915 0.0457837 0.0399556 0.0346892 0.0299619 0.0257474 0.0220166 0.0187383 0.0158806 0.0134114 0.0112994 0.00951447 0.00802884 0.00681722 0.00585744 0.00513087 0.00462268 0.00432212 
0.00476573 0.00487713 0.00521372 0.00578267 0.00659579 0.00766933 0.00902371 0.0106832 0.0126753 0.0150306 0.0177814 0.020962 0.0246069 0.0287504 0.0334259 0.0386642 0.044493 0.0509358 0.0580107 0.0657295 0.0740972 0.0831104 0.0927578 0.103019 0.113863 0.125253 0.137139 0.149465 0.162165 0.175167 0.188392 0.201755 0.215166 0.228532 0.24176 0.254754 0.267419 0.279663 0.291395 0.302528 0.312981 0.322678 0.331548 0.339527 0.346559 0.352593 0.357588 0.361509 0.36433 0.366029 0.366597 0.366029 0.36433 0.361509 0.357588 0.352593 0.346559 0.339527 0.331548 0.322678 0.312981 0.302528 0.291395 0.279663 0.267419 0.254754 0.24176 0.228532 0.215166 0.201755 0.188392 0.175167 0.162165 0.149465 0.137139 0.125253 0.113863 0.103019 0.0927578 0.0831104 0.0740972 0.0657295 0.0580107 0.0509358 0.044493 0.0386642 0.0334259 0.0287504 0.0246069 0.020962 0.0177814 0.0150306 0.0126753 0.0106832 0.00902371 0.00766933 0.00659579 0.00578267 0.00521372 0.00487713 
0.00535183 0.00547599 0.00585109 0.00648496 0.00739049 0.00858543 0.010092 0.0119367 0.0141494 0.0167632 0.0198131 0.023336 0.0273689 0.0319488 0.0371108 0.0428876 0.0493081 0.0563964 0.0641705 0.0726417 0.0818132 0.0916797 0.102226 0.113429 0.125253 0.137654 0.150578 0.163962 0.177734 0.191813 0.206114 0.220544 0.235006 0.249402 0.263629 0.277586 0.291174 0.304292 0.316848 0.32875 0.339913 0.350257 0.359711 0.368209 0.375691 0.382109 0.387418 0.391584 0.394579 0.396384 0.396986 0.396384 0.394579 0.391584 0.387418 0.382109 0.375691 0.368209 0.359711 0.350257 0.339913 0.32875 0.316848 0.304292 0.291174 0.277586 0.263629 0.249402 0.235006 0.220544 0.206114 0.191813 0.177734 0.163962 0.150578 0.137654 0.125253 0.113429 0.102226 0.0916797 0.0818132 0.0726417 0.0641705 0.0563964 0.0493081 0.0428876 0.0371108 0.0319488 0.0273689 0.023336 0.0198131 0.0167632 0.0141494 0.0119367 0.010092 0.00858543 0.00739049 0.00648496 0.00585109 0.00547599 
0.00598028 0.006118 0.00653399 0.00723678 0.00824037 0.00956405 0.011232 0.0132727 0.0157186 0.0186054 0.0219708 0.0258543 0.0302956 0.0353337 0.0410061 0.0473467 0.0543858 0.0621476 0.0706501 0.0799034 0.0899089 0.100659 0.112134 0.124308 0.137139 0.150578 0.164565 0.179029 0.193892 0.209066 0.224457 0.239965 0.255486 0.270915 0.286143 0.301062 0.315567 0.329554 0.342924 0.355584 0.367445 0.378425 0.388451 0.397454 0.405376 0.412166 0.417779 0.422182 0.425346 0.427253 0.42789 0.427253 0.425346 0.422182 0.417779 0.412166 0.405376 0.397454 0.388451 0.378425 0.367445 0.355584 0.342924 0.329554 0.315567 0.301062 0.286143 0.270915 0.255486 0.239965 0.224457 0.209066 0.193892 0.179029 0.164565 0.150578 0.137139 0.124308 0.112134 0.100659 0.0899089 0.0799034 0.0706501 0.0621476 0.0543858 0.0473467 0.0410061 0.0353337 0.0302956 0.0258543 0.0219708 0.0186054 0.0157186 0.0132727 0.011232 0.00956405 0.00824037 0.00723678 0.00653399 0.006118 
0.00664974 0.00680176 0.0072609 0.00803638 0.00914336 0.0106027 0.0124404 0.0146873 0.0173783 0.0205516 0.0242477 0.0285087 0.0333768 0.0388934 0.0450975 0.0520249 0.0597063 0.0681665 0.0774227 0.0874838 0.0983491 0.110007 0.122437 0.135604 0.149465 0.163962 0.179029 0.194589 0.210555 0.226833 0.24332 0.259909 0.276489 0.292947 0.309169 0.325041 0.340451 0.355293 0.369463 0.382864 0.395405 0.407002 0.417581 0.427073 0.435418 0.442565 0.448471 0.453101 0.456427 0.458431 0.4591 0.458431 0.456427 0.453101 0.448471 0.442565 0.435418 0.427073 0.417581 0.407002 0.395405 0.382864 0.369463 0.355293 0.340451 0.325041 0.309169 0.292947 0.276489 0.259909 0.24332 0.226833 0.210555 0.194589 0.179029 0.163962 0.149465 0.135604 0.122437 0.110007 0.0983491 0.0874838 0.0774227 0.0681665 0.0597063 0.0520249 0.0450975 0.0388934 0.0333768 0.0285087 0.0242477 0.0205516 0.0173783 0.0146873 0.0124404 0.0106027 0.00914336 0.00803638 0.0072609 0.00680176 
0.00735815 0.00752517 0.00802954 0.0088812 0.0100965 0.0116977 0.0137131 0.0161755 0.0191223 0.0225944 0.0266349 0.0312886 0.0366 0.0426126 0.0493675 0.0569013 0.0652457 0.0744253 0.0844565 0.0953466 0.107092 0.119679 0.133081 0.14726 0.162165 0.177734 0.193892 0.210555 0.22763 0.245012 0.262593 0.280258 0.297889 0.315366 0.332567 0.349374 0.365671 0.381346 0.396292 0.410411 0.423608 0.435799 0.446908 0.456867 0.465615 0.473103 0.479286 0.48413 0.48761 0.489705 0.490404 0.489705 0.48761 0.48413 0.479286 0.473103 0.465615 0.456867 0.446908 0.435799 0.423608 0.410411 0.396292 0.381346 0.365671 0.349374 0.332567 0.315366 0.297889 0.280258 0.262593 0.245012 0.22763 0.210555 0.193892 0.177734 0.162165 0.14726 0.133081 0.119679 0.107092 0.0953466 0.0844565 0.0744253 0.0652457 0.0569013 0.0493675 0.0426126 0.0366 0.0312886 0.0266349 0.0225944 0.0191223 0.0161755 0.0137131 0.0116977 0.0100965 0.0088812 0.00802954 0.00752517 
0.00810272 0.00828536 0.00883684 0.0097678 0.0110957 0.0128447 0.0150445 0.0177306 0.0209428 0.0247244 0.0291213 0.0341807 0.0399495 0.0464734 0.0537947 0.0619515 0.0709757 0.0808916 0.0917145 0.10345 0.116091 0.129621 0.144008 0.159209 0.175167 0.191813 0.209066 0.226833 0.245012 0.263493 0.282159 0.300887 0.319552 0.338028 0.356187 0.373905 0.391062 0.407542 0.423236 0.438042 0.451867 0.464623 0.476235 0.486635 0.495763 0.503569 0.510012 0.515057 0.518679 0.52086 0.521588 0.52086 0.518679 0.515057 0.510012 0.503569 0.495763 0.486635 0.476235 0.464623 0.451867 0.438042 0.423236 0.407542 0.391062 0.373905 0.356187 0.338028 0.319552 0.300887 0.282159 0.263493 0.245012 0.226833 0.209066 0.191813 0.175167 0.159209 0.144008 0.129621 0.116091 0.10345 0.0917145 0.0808916 0.0709757 0.0619515 0.0537947 0.0464734 0.0399495 0.0341807 0.0291213 0.0247244 0.0209428 0.0177306 0.0150445 0.0128447 0.0110957 0.0097678 0.00883684 0.00828536 
0.00887991 0.0090787 0.00967891 0.0106919 0.0121363 0.0140377 0.016428 0.0193448 0.0228303 0.0269304 0.0316937 0.0371695 0.0434073 0.0504544 0.0583548 0.0671472 0.0768638 0.0875283 0.0991547 0.111746 0.125293 0.139774 0.155152 0.17138 0.188392 0.206114 0.224457 0.24332 0.262593 0.282159 0.301892 0.321663 0.341338 0.360786 0.379873 0.398471 0.416456 0.433707 0.450115 0.465574 0.479991 0.493279 0.505363 0.516174 0.525655 0.533758 0.54044 0.545671 0.549424 0.551683 0.552437 0.551683 0.549424 0.545671 0.54044 0.533758 0.525655 0.516174 0.505363 0.493279 0.479991 0.465574 0.450115 0.433707 0.416456 0.398471 0.379873 0.360786 0.341338 0.321663 0.301892 0.282159 0.262593 0.24332 0.224457 0.206114 0.188392 0.17138 0.155152 0.139774 0.125293 0.111746 0.0991547 0.0875283 0.0768638 0.0671472 0.0583548 0.0504544 0.0434073 0.0371695 0.0316937 0.0269304 0.0228303 0.0193448 0.016428 0.0140377 0.0121363 0.0106919 0.00967891 0.0090787 
0.00968542 0.00990081 0.0105511 0.0116483 0.0132122 0.01527 0.0178556 0.0210087 0.0247739 0.0291996 0.0343368 0.0402374 0.0469526 0.0545317 0.0630199 0.0724566 0.0828737 0.0942944 0.106731 0.120184 0.13464 0.150073 0.166443 0.183693 0.201755 0.220544 0.239965 0.259909 0.280258 0.300887 0.321663 0.342448 0.363103 0.383489 0.40347 0.422911 0.441683 0.459667 0.476747 0.492821 0.507792 0.521575 0.534095 0.545287 0.555092 0.563465 0.570366 0.575765 0.579637 0.581967 0.582745 0.581967 0.579637 0.575765 0.570366 0.563465 0.555092 0.545287 0.534095 0.521575 0.507792 0.492821 0.476747 0.459667 0.441683 0.422911 0.40347 0.383489 0.363103 0.342448 0.321663 0.300887 0.280258 0.259909 0.239965 0.220544 0.201755 0.183693 0.166443 0.150073 0.13464 0.120184 0.106731 0.0942944 0.0828737 0.0724566 0.0630199 0.0545317 0.0469526 0.0402374 0.0343368 0.0291996 0.0247739 0.0210087 0.0178556 0.01527 0.0132122 0.0116483 0.0105511 0.00990081 
0.0105142 0.0107466 0.0114479 0.0126309 0.0143167 0.0165339 0.0193183 0.0227117 0.0267611 0.0315173 0.0370337 0.0433642 0.0505624 0.0586787 0.0677596 0.0778447 0.088966 0.101145 0.114393 0.128706 0.144069 0.160451 0.177804 0.196068 0.215166 0.235006 0.255486 0.276489 0.297889 0.319552 0.341338 0.363103 0.384701 0.405987 0.426819 0.447059 0.466577 0.485248 0.502958 0.519603 0.535086 0.549325 0.562244 0.573781 0.58388 0.592496 0.599593 0.605142 0.609121 0.611514 0.612312 0.611514 0.609121 0.605142 0.599593 0.592496 0.58388 0.573781 0.562244 0.549325 0.535086 0.519603 0.502958 0.485248 0.466577 0.447059 0.426819 0.405987 0.384701 0.363103 0.341338 0.319552 0.297889 0.276489 0.255486 0.235006 0.215166 0.196068 0.177804 0.160451 0.144069 0.128706 0.114393 0.101145 0.088966 0.0778447 0.0677596 0.0586787 0.0505624 0.0433642 0.0370337 0.0315173 0.0267611 0.0227117 0.0193183 0.0165339 0.0143167 0.0126309 0.0114479 0.0107466 
0.0113606 0.0116101 0.0123631 0.0136331 0.0154422 0.0178206 0.0208059 0.0244419 0.028778 0.0338674 0.0397654 0.0465283 0.0542113 0.0628664 0.0725406 0.0832741 0.0950981 0.108033 0.122087 0.137255 0.153516 0.170834 0.189157 0.208418 0.228532 0.249402 0.270915 0.292947 0.315366 0.338028 0.360786 0.383489 0.405987 0.428127 0.449765 0.470758 0.490972 0.510284 0.528576 0.545746 0.561698 0.57635 0.589629 0.601475 0.611836 0.620668 0.627938 0.633619 0.63769 0.640138 0.640955 0.640138 0.63769 0.633619 0.627938 0.620668 0.611836 0.601475 0.589629 0.57635 0.561698 0.545746 0.528576 0.510284 0.490972 0.470758 0.449765 0.428127 0.405987 0.383489 0.360786 0.338028 0.315366 0.292947 0.270915 0.249402 0.228532 0.208418 0.189157 0.170834 0.153516 0.137255 0.122087 0.108033 0.0950981 0.0832741 0.0725406 0.0628664 0.0542113 0.0465283 0.0397654 0.0338674 0.028778 0.0244419 0.0208059 0.0178206 0.0154422 0.0136331 0.0123631 0.0116101 
0.0122182 0.0124849 0.0132899 0.0146473 0.0165802 0.0191204 0.0223071 0.0261865 0.0308097 0.0362322 0.0425117 0.0497062 0.0578725 0.0670638 0.0773279 0.0887049 0.101225 0.114908 0.129758 0.145767 0.162911 0.181149 0.200422 0.220656 0.24176 0.263629 0.286143 0.309169 0.332567 0.356187 0.379873 0.40347 0.426819 0.449765 0.472157 0.493851 0.514712 0.534613 0.553439 0.571086 0.587461 0.602483 0.616083 0.628202 0.638792 0.647812 0.655231 0.661025 0.665176 0.667671 0.668503 0.667671 0.665176 0.661025 0.655231 0.647812 0.638792 0.628202 0.616083 0.602483 0.587461 0.571086 0.553439 0.534613 0.514712 0.493851 0.472157 0.449765 0.426819 0.40347 0.379873 0.356187 0.332567 0.309169 0.286143 0.263629 0.24176 0.220656 0.200422 0.181149 0.162911 0.145767 0.129758 0.114908 0.101225 0.0887049 0.0773279 0.0670638 0.0578725 0.0497062 0.0425117 0.0362322 0.0308097 0.0261865 0.0223071 0.0191204 0.0165802 0.0146473 0.0132899 0.0124849 
0.01308 0.013364 0.0142208 0.0156652 0.0177216 0.0204229 0.0238102 0.0279314 0.03284 0.0385933 0.0452509 0.0528729 0.0615173 0.0712385 0.0820845 0.0940953 0.1073 0.121717 0.137347 0.15418 0.172186 0.191319 0.211515 0.232693 0.254754 0.277586 0.301062 0.325041 0.349374 0.373905 0.398471 0.422911 0.447059 0.470758 0.493851 0.516194 0.537648 0.558087 0.577396 0.595471 0.612222 0.627571 0.641452 0.653808 0.664595 0.673775 0.68132 0.687209 0.691426 0.69396 0.694806 0.69396 0.691426 0.687209 0.68132 0.673775 0.664595 0.653808 0.641452 0.627571 0.612222 0.595471 0.577396 0.558087 0.537648 0.516194 0.493851 0.470758 0.447059 0.422911 0.398471 0.373905 0.349374 0.325041 0.301062 0.277586 0.254754 0.232693 0.211515 0.191319 0.172186 0.15418 0.137347 0.121717 0.1073 0.0940953 0.0820845 0.0712385 0.0615173 0.0528729 0.0452509 0.0385933 0.03284 0.0279314 0.0238102 0.0204229 0.0177216 0.0156652 0.0142208 0.013364 
0.0139387 0.0142397 0.0151477 0.0166782 0.0188565 0.021717 0.0253023 0.0296622 0.0348519 0.0409309 0.0479606 0.0560026 0.0651162 0.0753566 0.0867722 0.0994024 0.113276 0.128407 0.144796 0.162429 0.18127 0.201268 0.222354 0.244439 0.267419 0.291174 0.315567 0.340451 0.365671 0.391062 0.416456 0.441683 0.466577 0.490972 0.514712 0.537648 0.559642 0.580565 0.600306 0.618761 0.635843 0.651477 0.665598 0.678156 0.689108 0.698421 0.706071 0.712037 0.716308 0.718874 0.719729 0.718874 0.716308 0.712037 0.706071 0.698421 0.689108 0.678156 0.665598 0.651477 0.635843 0.618761 0.600306 0.580565 0.559642 0.537648 0.514712 0.490972 0.466577 0.441683 0.416456 0.391062 0.365671 0.340451 0.315567 0.291174 0.267419 0.244439 0.222354 0.201268 0.18127 0.162429 0.144796 0.128407 0.113276 0.0994024 0.0867722 0.0753566 0.0651162 0.0560026 0.0479606 0.0409309 0.0348519 0.0296622 0.0253023 0.021717 0.0188565 0.0166782 0.0151477 0.0142397 
0.0147864 0.015104 0.0160623 0.0176772 0.019975 0.0229913 0.0267703 0.0313635 0.036828 0.043225 0.0506175 0.0590686 0.0686388 0.0793839 0.0913522 0.104583 0.119102 0.134924 0.152046 0.170448 0.190091 0.210919 0.232856 0.255808 0.279663 0.304292 0.329554 0.355293 0.381346 0.407542 0.433707 0.459667 0.485248 0.510284 0.534613 0.558087 0.580565 0.601922 0.622044 0.640832 0.6582 0.674077 0.688402 0.701127 0.712215 0.721636 0.729368 0.735396 0.739708 0.742298 0.743162 0.742298 0.739708 0.735396 0.729368 0.721636 0.712215 0.701127 0.688402 0.674077 0.6582 0.640832 0.622044 0.601922 0.580565 0.558087 0.534613 0.510284 0.485248 0.459667 0.433707 0.407542 0.381346 0.355293 0.329554 0.304292 0.279663 0.255808 0.232856 0.210919 0.190091 0.170448 0.152046 0.134924 0.119102 0.104583 0.0913522 0.0793839 0.0686388 0.0590686 0.0506175 0.043225 0.036828 0.0313635 0.0267703 0.0229913 0.019975 0.0176772 0.0160623 0.015104 
0.0156151 0.0159489 0.0169559 0.0186527 0.0210664 0.0242339 0.0282007 0.0330199 0.0387504 0.0454548 0.0531979 0.062044 0.0720544 0.0832854 0.0957854 0.109593 0.124732 0.141216 0.159037 0.178173 0.198581 0.220198 0.242943 0.266715 0.291395 0.316848 0.342924 0.369463 0.396292 0.423236 0.450115 0.476747 0.502958 0.528576 0.553439 0.577396 0.600306 0.622044 0.642499 0.661573 0.679185 0.695266 0.709759 0.72262 0.733816 0.743321 0.751117 0.75719 0.761533 0.764141 0.76501 0.764141 0.761533 0.75719 0.751117 0.743321 0.733816 0.72262 0.709759 0.695266 0.679185 0.661573 0.642499 0.622044 0.600306 0.577396 0.553439 0.528576 0.502958 0.476747 0.450115 0.423236 0.396292 0.369463 0.342924 0.316848 0.291395 0.266715 0.242943 0.220198 0.198581 0.178173 0.159037 0.141216 0.124732 0.109593 0.0957854 0.0832854 0.0720544 0.062044 0.0531979 0.0454548 0.0387504 0.0330199 0.0282007 0.0242339 0.0210664 0.0186527 0.0169559 0.0159489 
0.0164164 0.0167658 0.0178197 0.0195952 0.0221202 0.0254328 0.0295798 0.0346157 0.040601 0.0475998 0.0556783 0.0649017 0.0753324 0.0870269 0.100033 0.114389 0.130118 0.147229 0.165713 0.185543 0.206671 0.229031 0.252535 0.277076 0.302528 0.32875 0.355584 0.382864 0.410411 0.438042 0.465574 0.492821 0.519603 0.545746 0.571086 0.595471 0.618761 0.640832 0.661573 0.680892 0.698708 0.714956 0.729584 0.742553 0.753831 0.763398 0.77124 0.777345 0.781709 0.784329 0.785202 0.784329 0.781709 0.777345 0.77124 0.763398 0.753831 0.742553 0.729584 0.714956 0.698708 0.680892 0.661573 0.640832 0.618761 0.595471 0.571086 0.545746 0.519603 0.492821 0.465574 0.438042 0.410411 0.382864 0.355584 0.32875 0.302528 0.277076 0.252535 0.229031 0.206671 0.185543 0.165713 0.147229 0.130118 0.114389 0.100033 0.0870269 0.0753324 0.0649017 0.0556783 0.0475998 0.040601 0.0346157 0.0295798 0.0254328 0.0221202 0.0195952 0.0178197 0.0167658 
