0.000834416 0.000848044 0.000889118 0.000958215 0.00105628 0.00118463 0.0013449 0.00153906 0.00176935 0.00203823 0.00234838 0.00270261 0.00310383 0.00355495 0.00405884 0.00461825 0.00523574 0.00591356 0.00665365 0.00745746 0.00832595 0.00925947 0.0102577 0.0113196 0.0124434 0.0136263 0.0148648 0.0161545 0.0174901 0.0188653 0.0202732 0.0217057 0.0231544 0.0246099 0.0260623 0.0275013 0.028916 0.0302956 0.0316288 0.0329048 0.0341126 0.0352417 0.0362821 0.0372244 0.0380598 0.0387806 0.03938 0.0398522 0.0401929 0.0403986 0.0404674 0.0403986 0.0401929 0.0398522 0.03938 0.0387806 0.0380598 0.0372244 0.0362821 0.0352417 0.0341126 0.0329048 0.0316288 0.0302956 0.028916 0.0275013 0.0260623 0.0246099 0.0231544 0.0217057 0.0202732 0.0188653 0.0174901 0.0161545 0.0148648 0.0136263 0.0124434 0.0113196 0.0102577 0.00925947 0.00832595 0.00745746 0.00665365 0.00591356 0.00523574 0.00461825 0.00405884 0.00355495 0.00310383 0.00270261 0.00234838 0.00203823 0.00176935 0.00153906 0.0013449 0.00118463 0.00105628 0.000958215 0.000889118 0.000848044 
0.000848044 0.000861876 0.000903568 0.000973703 0.00107324 0.0012035 0.00136616 0.00156319 0.00179685 0.00206966 0.00238432 0.00274366 0.00315061 0.00360813 0.00411912 0.00468634 0.00531238 0.00599952 0.00674968 0.00756435 0.00844446 0.00939038 0.0104017 0.0114775 0.0126158 0.0138139 0.0150681 0.0163741 0.0177264 0.0191187 0.0205439 0.021994 0.0234602 0.0249333 0.026403 0.0278591 0.0292905 0.0306862 0.0320351 0.0333258 0.0345476 0.0356897 0.036742 0.0376949 0.0385399 0.0392688 0.039875 0.0403526 0.040697 0.0409051 0.0409746 0.0409051 0.040697 0.0403526 0.039875 0.0392688 0.0385399 0.0376949 0.036742 0.0356897 0.0345476 0.0333258 0.0320351 0.0306862 0.0292905 0.0278591 0.026403 0.0249333 0.0234602 0.021994 0.0205439 0.0191187 0.0177264 0.0163741 0.0150681 0.0138139 0.0126158 0.0114775 0.0104017 0.00939038 0.00844446 0.00756435 0.00674968 0.00599952 0.00531238 0.00468634 0.00411912 0.00360813 0.00315061 0.00274366 0.00238432 0.00206966 0.00179685 0.00156319 0.00136616 0.0012035 0.00107324 0.000973703 0.000903568 0.000861876 
0.000889118 0.000903568 0.000947121 0.00102038 0.00112434 0.00126037 0.00143019 0.00163587 0.00187972 0.00216436 0.00249256 0.00286726 0.00329149 0.00376828 0.00430062 0.00489135 0.00554312 0.00625826 0.00703874 0.00788605 0.00880113 0.0097843 0.0108352 0.0119526 0.0131346 0.0143782 0.0156798 0.0170347 0.0184372 0.0198808 0.0213581 0.0228608 0.0243798 0.0259055 0.0274275 0.0289348 0.0304164 0.0318607 0.0332563 0.0345915 0.0358551 0.0370361 0.0381242 0.0391094 0.0399828 0.0407362 0.0413627 0.0418563 0.0422123 0.0424272 0.0424991 0.0424272 0.0422123 0.0418563 0.0413627 0.0407362 0.0399828 0.0391094 0.0381242 0.0370361 0.0358551 0.0345915 0.0332563 0.0318607 0.0304164 0.0289348 0.0274275 0.0259055 0.0243798 0.0228608 0.0213581 0.0198808 0.0184372 0.0170347 0.0156798 0.0143782 0.0131346 0.0119526 0.0108352 0.0097843 0.00880113 0.00788605 0.00703874 0.00625826 0.00554312 0.00489135 0.00430062 0.00376828 0.00329149 0.00286726 0.00249256 0.00216436 0.00187972 0.00163587 0.00143019 0.00126037 0.00112434 0.00102038 0.000947121 0.000903568 
0.000958215 0.000973703 0.00102038 0.00109889 0.00121027 0.00135598 0.00153784 0.00175802 0.00201898 0.00232346 0.00267439 0.00307487 0.00352806 0.00403717 0.0046053 0.00523544 0.00593034 0.00669241 0.00752369 0.00842568 0.00939932 0.0104449 0.0115619 0.012749 0.0140041 0.0153241 0.0167049 0.0181415 0.019628 0.0211574 0.0227217 0.0243123 0.0259196 0.0275333 0.0291424 0.0307355 0.0323008 0.0338263 0.0352998 0.0367092 0.0380427 0.0392887 0.0404364 0.0414754 0.0423963 0.0431907 0.0438511 0.0443713 0.0447465 0.0449731 0.0450488 0.0449731 0.0447465 0.0443713 0.0438511 0.0431907 0.0423963 0.0414754 0.0404364 0.0392887 0.0380427 0.0367092 0.0352998 0.0338263 0.0323008 0.0307355 0.0291424 0.0275333 0.0259196 0.0243123 0.0227217 0.0211574 0.019628 0.0181415 0.0167049 0.0153241 0.0140041 0.012749 0.0115619 0.0104449 0.00939932 0.00842568 0.00752369 0.00669241 0.00593034 0.00523544 0.0046053 0.00403717 0.00352806 0.00307487 0.00267439 0.00232346 0.00201898 0.00175802 0.00153784 0.00135598 0.00121027 0.00109889 0.00102038 0.000973703 
0.00105628 0.00107324 0.00112434 0.00121027 0.00133216 0.00149157 0.00169046 0.00193116 0.00221631 0.00254884 0.00293191 0.00336882 0.00386295 0.0044177 0.00503639 0.00572218 0.00647795 0.00730626 0.0082092 0.00918831 0.0102445 0.011378 0.0125882 0.0138735 0.0152316 0.0166591 0.0181514 0.0197031 0.0213077 0.0229577 0.0246445 0.0263587 0.02809 0.0298272 0.0315588 0.0332723 0.0349553 0.0365947 0.0381776 0.0396912 0.0411227 0.0424599 0.0436913 0.0448057 0.0457933 0.046645 0.0473529 0.0479106 0.0483127 0.0485555 0.0486367 0.0485555 0.0483127 0.0479106 0.0473529 0.046645 0.0457933 0.0448057 0.0436913 0.0424599 0.0411227 0.0396912 0.0381776 0.0365947 0.0349553 0.0332723 0.0315588 0.0298272 0.02809 0.0263587 0.0246445 0.0229577 0.0213077 0.0197031 0.0181514 0.0166591 0.0152316 0.0138735 0.0125882 0.011378 0.0102445 0.00918831 0.0082092 0.00730626 0.00647795 0.00572218 0.00503639 0.0044177 0.00386295 0.00336882 0.00293191 0.00254884 0.00221631 0.00193116 0.00169046 0.00149157 0.00133216 0.00121027 0.00112434 0.00107324 
0.00118463 0.0012035 0.00126037 0.00135598 0.00149157 0.00166884 0.00188993 0.00215736 0.00247403 0.00284311 0.00326802 0.00375234 0.00429974 0.00491387 0.00559831 0.00635643 0.00719132 0.00810567 0.00910167 0.0101809 0.0113443 0.0125918 0.0139228 0.0153355 0.016827 0.0183936 0.0200303 0.021731 0.0234884 0.0252944 0.0271396 0.0290135 0.030905 0.0328019 0.0346915 0.0365606 0.0383953 0.0401817 0.0419058 0.0435536 0.0451116 0.0465664 0.0479055 0.0491172 0.0501906 0.0511162 0.0518854 0.0524912 0.0529279 0.0531916 0.0532798 0.0531916 0.0529279 0.0524912 0.0518854 0.0511162 0.0501906 0.0491172 0.0479055 0.0465664 0.0451116 0.0435536 0.0419058 0.0401817 0.0383953 0.0365606 0.0346915 0.0328019 0.030905 0.0290135 0.0271396 0.0252944 0.0234884 0.021731 0.0200303 0.0183936 0.016827 0.0153355 0.0139228 0.0125918 0.0113443 0.0101809 0.00910167 0.00810567 0.00719132 0.00635643 0.00559831 0.00491387 0.00429974 0.00375234 0.00326802 0.00284311 0.00247403 0.00215736 0.00188993 0.00166884 0.00149157 0.00135598 0.00126037 0.0012035 
0.0013449 0.00136616 0.00143019 0.00153784 0.00169046 0.00188993 0.00213859 0.00243923 0.00279504 0.00320949 0.00368633 0.00422948 0.00484293 0.00553068 0.00629658 0.00714429 0.00807713 0.00909794 0.010209 0.0114121 0.0127078 0.0140963 0.0155765 0.0171462 0.0188024 0.0205406 0.0223552 0.0242394 0.0261851 0.0281831 0.030223 0.0322934 0.0343818 0.0364749 0.0385588 0.0406187 0.0426397 0.0446065 0.0465038 0.0483163 0.0500292 0.0516281 0.0530993 0.0544301 0.0556087 0.0566247 0.0574689 0.0581337 0.0586129 0.0589022 0.0589989 0.0589022 0.0586129 0.0581337 0.0574689 0.0566247 0.0556087 0.0544301 0.0530993 0.0516281 0.0500292 0.0483163 0.0465038 0.0446065 0.0426397 0.0406187 0.0385588 0.0364749 0.0343818 0.0322934 0.030223 0.0281831 0.0261851 0.0242394 0.0223552 0.0205406 0.0188024 0.0171462 0.0155765 0.0140963 0.0127078 0.0114121 0.010209 0.00909794 0.00807713 0.00714429 0.00629658 0.00553068 0.00484293 0.00422948 0.00368633 0.00320949 0.00279504 0.00243923 0.00213859 0.00188993 0.00169046 0.00153784 0.00143019 0.00136616 
0.00153906 0.00156319 0.00163587 0.00175802 0.00193116 0.00215736 0.00243923 0.00277987 0.00318278 0.00365181 0.00419111 0.00480498 0.00549781 0.00627397 0.00713767 0.00809289 0.00914319 0.0102916 0.0115406 0.0128919 0.0143461 0.0159031 0.0175617 0.0193192 0.0211719 0.0231149 0.0251418 0.0272448 0.0294148 0.0316415 0.0339134 0.0362175 0.0385402 0.0408666 0.0431812 0.0454679 0.0477101 0.049891 0.0519937 0.0540015 0.0558981 0.0576677 0.0592955 0.0607673 0.0620706 0.0631937 0.0641267 0.0648612 0.0653907 0.0657103 0.0658171 0.0657103 0.0653907 0.0648612 0.0641267 0.0631937 0.0620706 0.0607673 0.0592955 0.0576677 0.0558981 0.0540015 0.0519937 0.049891 0.0477101 0.0454679 0.0431812 0.0408666 0.0385402 0.0362175 0.0339134 0.0316415 0.0294148 0.0272448 0.0251418 0.0231149 0.0211719 0.0193192 0.0175617 0.0159031 0.0143461 0.0128919 0.0115406 0.0102916 0.00914319 0.00809289 0.00713767 0.00627397 0.00549781 0.00480498 0.00419111 0.00365181 0.00318278 0.00277987 0.00243923 0.00215736 0.00193116 0.00175802 0.00163587 0.00156319 
0.00176935 0.00179685 0.00187972 0.00201898 0.00221631 0.00247403 0.00279504 0.00318278 0.00364115 0.00417443 0.0047872 0.00548423 0.00627035 0.00715036 0.00812889 0.00921025 0.0103983 0.0116963 0.0131069 0.0146316 0.0162712 0.0180253 0.0198923 0.021869 0.0239512 0.0261331 0.0284074 0.0307652 0.0331965 0.0356893 0.0382308 0.0408067 0.0434015 0.0459987 0.0485811 0.0511309 0.0536295 0.0560584 0.0583991 0.060633 0.0627422 0.0647094 0.0665182 0.0681532 0.0696004 0.0708473 0.0718829 0.072698 0.0732856 0.0736402 0.0737587 0.0736402 0.0732856 0.072698 0.0718829 0.0708473 0.0696004 0.0681532 0.0665182 0.0647094 0.0627422 0.060633 0.0583991 0.0560584 0.0536295 0.0511309 0.0485811 0.0459987 0.0434015 0.0408067 0.0382308 0.0356893 0.0331965 0.0307652 0.0284074 0.0261331 0.0239512 0.021869 0.0198923 0.0180253 0.0162712 0.0146316 0.0131069 0.0116963 0.0103983 0.00921025 0.00812889 0.00715036 0.00627035 0.00548423 0.0047872 0.00417443 0.00364115 0.00318278 0.00279504 0.00247403 0.00221631 0.00201898 0.00187972 0.00179685 
0.00203823 0.00206966 0.00216436 0.00232346 0.00254884 0.00284311 0.00320949 0.00365181 0.00417443 0.0047821 0.0054799 0.00627311 0.00716708 0.00816707 0.00927818 0.0105051 0.011852 0.0133224 0.014919 0.0166434 0.0184963 0.0204769 0.0225832 0.0248115 0.0271569 0.0296127 0.0321703 0.03482 0.03755 0.0403471 0.0431967 0.0460828 0.0489881 0.0518942 0.0547818 0.0576311 0.0604217 0.0631329 0.0657442 0.0682351 0.0705859 0.0727775 0.0747919 0.0766121 0.0782227 0.0796099 0.0807619 0.0816685 0.0823218 0.0827161 0.0828479 0.0827161 0.0823218 0.0816685 0.0807619 0.0796099 0.0782227 0.0766121 0.0747919 0.0727775 0.0705859 0.0682351 0.0657442 0.0631329 0.0604217 0.0576311 0.0547818 0.0518942 0.0489881 0.0460828 0.0431967 0.0403471 0.03755 0.03482 0.0321703 0.0296127 0.0271569 0.0248115 0.0225832 0.0204769 0.0184963 0.0166434 0.014919 0.0133224 0.011852 0.0105051 0.00927818 0.00816707 0.00716708 0.00627311 0.0054799 0.0047821 0.00417443 0.00365181 0.00320949 0.00284311 0.00254884 0.00232346 0.00216436 0.00206966 
0.00234838 0.00238432 0.00249256 0.00267439 0.00293191 0.00326802 0.00368633 0.00419111 0.0047872 0.0054799 0.00627485 0.00717788 0.0081949 0.00933173 0.0105939 0.0119866 0.0135143 0.0151807 0.0169887 0.01894 0.0210348 0.0232723 0.0256498 0.0281631 0.0308063 0.0335716 0.0364494 0.0394285 0.0424955 0.0456357 0.0488324 0.0520677 0.0553223 0.0585756 0.0618062 0.0649919 0.06811 0.0711378 0.0740524 0.0768313 0.0794526 0.0818954 0.0841397 0.086167 0.0879603 0.0895045 0.0907865 0.0917952 0.092522 0.0929607 0.0931073 0.0929607 0.092522 0.0917952 0.0907865 0.0895045 0.0879603 0.086167 0.0841397 0.0818954 0.0794526 0.0768313 0.0740524 0.0711378 0.06811 0.0649919 0.0618062 0.0585756 0.0553223 0.0520677 0.0488324 0.0456357 0.0424955 0.0394285 0.0364494 0.0335716 0.0308063 0.0281631 0.0256498 0.0232723 0.0210348 0.01894 0.0169887 0.0151807 0.0135143 0.0119866 0.0105939 0.00933173 0.0081949 0.00717788 0.00627485 0.0054799 0.0047872 0.00419111 0.00368633 0.00326802 0.00293191 0.00267439 0.00249256 0.00238432 
0.00270261 0.00274366 0.00286726 0.00307487 0.00336882 0.00375234 0.00422948 0.00480498 0.00548423 0.00627311 0.00717788 0.00820499 0.00936096 0.0106522 0.0120847 0.0136642 0.0153954 0.0172824 0.0193281 0.0215341 0.0239005 0.0264261 0.0291075 0.0319399 0.0349162 0.0380277 0.0412632 0.0446099 0.0480529 0.0515753 0.0551585 0.0587825 0.0624254 0.0660645 0.0696758 0.0732347 0.0767161 0.0800947 0.0833452 0.0864428 0.0893635 0.092084 0.0945824 0.0968385 0.0988336 0.100551 0.101977 0.103098 0.103906 0.104393 0.104556 0.104393 0.103906 0.103098 0.101977 0.100551 0.0988336 0.0968385 0.0945824 0.092084 0.0893635 0.0864428 0.0833452 0.0800947 0.0767161 0.0732347 0.0696758 0.0660645 0.0624254 0.0587825 0.0551585 0.0515753 0.0480529 0.0446099 0.0412632 0.0380277 0.0349162 0.0319399 0.0291075 0.0264261 0.0239005 0.0215341 0.0193281 0.0172824 0.0153954 0.0136642 0.0120847 0.0106522 0.00936096 0.00820499 0.00717788 0.00627311 0.00548423 0.00480498 0.00422948 0.00375234 0.00336882 0.00307487 0.00286726 0.00274366 
0.00310383 0.00315061 0.00329149 0.00352806 0.00386295 0.00429974 0.00484293 0.00549781 0.00627035 0.00716708 0.0081949 0.00936096 0.0106724 0.0121363 0.0137592 0.0155472 0.0175056 0.0196385 0.0219489 0.0244384 0.0271069 0.0299525 0.0329713 0.0361576 0.0395032 0.0429979 0.0466291 0.0503823 0.0542404 0.0581846 0.0621941 0.0662461 0.0703166 0.0743801 0.0784099 0.0823787 0.0862588 0.0900221 0.0936408 0.0970876 0.100336 0.10336 0.106137 0.108643 0.110858 0.112765 0.114347 0.115592 0.116488 0.117029 0.11721 0.117029 0.116488 0.115592 0.114347 0.112765 0.110858 0.108643 0.106137 0.10336 0.100336 0.0970876 0.0936408 0.0900221 0.0862588 0.0823787 0.0784099 0.0743801 0.0703166 0.0662461 0.0621941 0.0581846 0.0542404 0.0503823 0.0466291 0.0429979 0.0395032 0.0361576 0.0329713 0.0299525 0.0271069 0.0244384 0.0219489 0.0196385 0.0175056 0.0155472 0.0137592 0.0121363 0.0106724 0.00936096 0.0081949 0.00716708 0.00627035 0.00549781 0.00484293 0.00429974 0.00386295 0.00352806 0.00329149 0.00315061 
0.00355495 0.00360813 0.00376828 0.00403717 0.0044177 0.00491387 0.00553068 0.00627397 0.00715036 0.00816707 0.00933173 0.0106522 0.0121363 0.0137917 0.0156257 0.0176447 0.0198544 0.0222593 0.0248622 0.0276648 0.0306664 0.0338647 0.0372552 0.0408307 0.0445821 0.0484976 0.052563 0.0567616 0.0610744 0.0654801 0.0699554 0.0744751 0.0790121 0.0835382 0.088024 0.092439 0.0967528 0.100934 0.104953 0.108779 0.112382 0.115736 0.118814 0.121591 0.124045 0.126157 0.127908 0.129286 0.130278 0.130877 0.131077 0.130877 0.130278 0.129286 0.127908 0.126157 0.124045 0.121591 0.118814 0.115736 0.112382 0.108779 0.104953 0.100934 0.0967528 0.092439 0.088024 0.0835382 0.0790121 0.0744751 0.0699554 0.0654801 0.0610744 0.0567616 0.052563 0.0484976 0.0445821 0.0408307 0.0372552 0.0338647 0.0306664 0.0276648 0.0248622 0.0222593 0.0198544 0.0176447 0.0156257 0.0137917 0.0121363 0.0106522 0.00933173 0.00816707 0.00715036 0.00627397 0.00553068 0.00491387 0.0044177 0.00403717 0.00376828 0.00360813 
0.00405884 0.00411912 0.00430062 0.0046053 0.00503639 0.00559831 0.00629658 0.00713767 0.00812889 0.00927818 0.0105939 0.0120847 0.0137592 0.0156257 0.017692 0.0199652 0.0224511 0.0251545 0.0280784 0.031224 0.0345905 0.0381747 0.0419712 0.0459719 0.050166 0.0545401 0.0590781 0.0637612 0.0685681 0.0734749 0.0784555 0.0834818 0.088524 0.0935506 0.098529 0.103426 0.108207 0.11284 0.117289 0.121523 0.125509 0.129217 0.132618 0.135686 0.138397 0.140728 0.142662 0.144182 0.145277 0.145938 0.146158 0.145938 0.145277 0.144182 0.142662 0.140728 0.138397 0.135686 0.132618 0.129217 0.125509 0.121523 0.117289 0.11284 0.108207 0.103426 0.098529 0.0935506 0.088524 0.0834818 0.0784555 0.0734749 0.0685681 0.0637612 0.0590781 0.0545401 0.050166 0.0459719 0.0419712 0.0381747 0.0345905 0.031224 0.0280784 0.0251545 0.0224511 0.0199652 0.017692 0.0156257 0.0137592 0.0120847 0.0105939 0.00927818 0.00812889 0.00713767 0.00629658 0.00559831 0.00503639 0.0046053 0.00430062 0.00411912 
0.00461825 0.00468634 0.00489135 0.00523544 0.00572218 0.00635643 0.00714429 0.00809289 0.00921025 0.0105051 0.0119866 0.0136642 0.0155472 0.0176447 0.0199652 0.022516 0.0253036 0.0283327 0.0316064 0.0351255 0.0388888 0.0428924 0.0471297 0.0515913 0.056265 0.0611355 0.0661846 0.0713911 0.076731 0.0821779 0.0877027 0.0932741 0.0988591 0.104423 0.10993 0.115343 0.120626 0.125741 0.130651 0.13532 0.139715 0.143801 0.147547 0.150925 0.153908 0.156474 0.158601 0.160273 0.161477 0.162203 0.162446 0.162203 0.161477 0.160273 0.158601 0.156474 0.153908 0.150925 0.147547 0.143801 0.139715 0.13532 0.130651 0.125741 0.120626 0.115343 0.10993 0.104423 0.0988591 0.0932741 0.0877027 0.0821779 0.076731 0.0713911 0.0661846 0.0611355 0.056265 0.0515913 0.0471297 0.0428924 0.0388888 0.0351255 0.0316064 0.0283327 0.0253036 0.022516 0.0199652 0.0176447 0.0155472 0.0136642 0.0119866 0.0105051 0.00921025 0.00809289 0.00714429 0.00635643 0.00572218 0.00523544 0.00489135 0.00468634 
0.00523574 0.00531238 0.00554312 0.00593034 0.00647795 0.00719132 0.00807713 0.00914319 0.0103983 0.011852 0.0135143 0.0153954 0.0175056 0.0198544 0.0224511 0.0253036 0.0284185 0.0318007 0.0354532 0.0393765 0.0435687 0.0480251 0.0527379 0.0576963 0.0628863 0.0682905 0.0738885 0.0796566 0.0855681 0.0915933 0.0977001 0.103854 0.110019 0.116156 0.122226 0.128189 0.134004 0.139631 0.14503 0.150162 0.154989 0.159475 0.163587 0.167293 0.170564 0.173377 0.175709 0.177541 0.178861 0.179656 0.179922 0.179656 0.178861 0.177541 0.175709 0.173377 0.170564 0.167293 0.163587 0.159475 0.154989 0.150162 0.14503 0.139631 0.134004 0.128189 0.122226 0.116156 0.110019 0.103854 0.0977001 0.0915933 0.0855681 0.0796566 0.0738885 0.0682905 0.0628863 0.0576963 0.0527379 0.0480251 0.0435687 0.0393765 0.0354532 0.0318007 0.0284185 0.0253036 0.0224511 0.0198544 0.0175056 0.0153954 0.0135143 0.011852 0.0103983 0.00914319 0.00807713 0.00719132 0.00647795 0.00593034 0.00554312 0.00531238 
0.00591356 0.00599952 0.00625826 0.00669241 0.00730626 0.00810567 0.00909794 0.0102916 0.0116963 0.0133224 0.0151807 0.0172824 0.0196385 0.0222593 0.0251545 0.0283327 0.0318007 0.0355635 0.0396239 0.0439819 0.048635 0.0535774 0.0588 0.0642905 0.0700329 0.0760076 0.0821917 0.0885586 0.0950788 0.101719 0.108445 0.115217 0.121996 0.128741 0.135407 0.141951 0.148329 0.154497 0.160412 0.16603 0.171313 0.17622 0.180715 0.184765 0.18834 0.191412 0.193958 0.195959 0.197399 0.198267 0.198558 0.198267 0.197399 0.195959 0.193958 0.191412 0.18834 0.184765 0.180715 0.17622 0.171313 0.16603 0.160412 0.154497 0.148329 0.141951 0.135407 0.128741 0.121996 0.115217 0.108445 0.101719 0.0950788 0.0885586 0.0821917 0.0760076 0.0700329 0.0642905 0.0588 0.0535774 0.048635 0.0439819 0.0396239 0.0355635 0.0318007 0.0283327 0.0251545 0.0222593 0.0196385 0.0172824 0.0151807 0.0133224 0.0116963 0.0102916 0.00909794 0.00810567 0.00730626 0.00669241 0.00625826 0.00599952 
0.00665365 0.00674968 0.00703874 0.00752369 0.0082092 0.00910167 0.010209 0.0115406 0.0131069 0.014919 0.0169887 0.0193281 0.0219489 0.0248622 0.0280784 0.0316064 0.0354532 0.0396239 0.0441209 0.0489438 0.0540893 0.0595504 0.0653166 0.0713737 0.0777036 0.0842844 0.0910904 0.0980922 0.105257 0.112548 0.119927 0.127352 0.134779 0.142163 0.149455 0.15661 0.163579 0.170314 0.176769 0.182897 0.188655 0.194002 0.198898 0.203308 0.207198 0.210541 0.21331 0.215486 0.217052 0.217996 0.218312 0.217996 0.217052 0.215486 0.21331 0.210541 0.207198 0.203308 0.198898 0.194002 0.188655 0.182897 0.176769 0.170314 0.163579 0.15661 0.149455 0.142163 0.134779 0.127352 0.119927 0.112548 0.105257 0.0980922 0.0910904 0.0842844 0.0777036 0.0713737 0.0653166 0.0595504 0.0540893 0.0489438 0.0441209 0.0396239 0.0354532 0.0316064 0.0280784 0.0248622 0.0219489 0.0193281 0.0169887 0.014919 0.0131069 0.0115406 0.010209 0.00910167 0.0082092 0.00752369 0.00703874 0.00674968 
0.00745746 0.00756435 0.00788605 0.00842568 0.00918831 0.0101809 0.0114121 0.0128919 0.0146316 0.0166434 0.01894 0.0215341 0.0244384 0.0276648 0.031224 0.0351255 0.0393765 0.0439819 0.0489438 0.0542614 0.05993 0.0659416 0.072284 0.078941 0.0858923 0.0931134 0.100576 0.108246 0.11609 0.124065 0.13213 0.14024 0.148345 0.156398 0.164346 0.172138 0.179723 0.187048 0.194065 0.200723 0.206976 0.212779 0.218091 0.222873 0.22709 0.230713 0.233713 0.23607 0.237766 0.238789 0.23913 0.238789 0.237766 0.23607 0.233713 0.230713 0.22709 0.222873 0.218091 0.212779 0.206976 0.200723 0.194065 0.187048 0.179723 0.172138 0.164346 0.156398 0.148345 0.14024 0.13213 0.124065 0.11609 0.108246 0.100576 0.0931134 0.0858923 0.078941 0.072284 0.0659416 0.05993 0.0542614 0.0489438 0.0439819 0.0393765 0.0351255 0.031224 0.0276648 0.0244384 0.0215341 0.01894 0.0166434 0.0146316 0.0128919 0.0114121 0.0101809 0.00918831 0.00842568 0.00788605 0.00756435 
0.00832595 0.00844446 0.00880113 0.00939932 0.0102445 0.0113443 0.0127078 0.0143461 0.0162712 0.0184963 0.0210348 0.0239005 0.0271069 0.0306664 0.0345905 0.0388888 0.0435687 0.048635 0.0540893 0.05993 0.0661515 0.0727441 0.0796939 0.0869827 0.0945876 0.102481 0.110632 0.119004 0.127557 0.136248 0.14503 0.153853 0.162665 0.171413 0.180042 0.188496 0.196719 0.204656 0.212254 0.21946 0.226223 0.232497 0.238237 0.243402 0.247956 0.251866 0.255104 0.257647 0.259477 0.26058 0.260948 0.26058 0.259477 0.257647 0.255104 0.251866 0.247956 0.243402 0.238237 0.232497 0.226223 0.21946 0.212254 0.204656 0.196719 0.188496 0.180042 0.171413 0.162665 0.153853 0.14503 0.136248 0.127557 0.119004 0.110632 0.102481 0.0945876 0.0869827 0.0796939 0.0727441 0.0661515 0.05993 0.0540893 0.048635 0.0435687 0.0388888 0.0345905 0.0306664 0.0271069 0.0239005 0.0210348 0.0184963 0.0162712 0.0143461 0.0127078 0.0113443 0.0102445 0.00939932 0.00880113 0.00844446 
0.00925947 0.00939038 0.0097843 0.0104449 0.011378 0.0125918 0.0140963 0.0159031 0.0180253 0.0204769 0.0232723 0.0264261 0.0299525 0.0338647 0.0381747 0.0428924 0.0480251 0.0535774 0.0595504 0.0659416 0.0727441 0.0799466 0.0875335 0.0954839 0.103772 0.112369 0.121238 0.13034 0.139632 0.149067 0.158592 0.168155 0.1777 0.187167 0.196499 0.205635 0.214516 0.223082 0.231278 0.239045 0.246332 0.253089 0.259267 0.264825 0.269723 0.273927 0.277407 0.28014 0.282106 0.283291 0.283687 0.283291 0.282106 0.28014 0.277407 0.273927 0.269723 0.264825 0.259267 0.253089 0.246332 0.239045 0.231278 0.223082 0.214516 0.205635 0.196499 0.187167 0.1777 0.168155 0.158592 0.149067 0.139632 0.13034 0.121238 0.112369 0.103772 0.0954839 0.0875335 0.0799466 0.0727441 0.0659416 0.0595504 0.0535774 0.0480251 0.0428924 0.0381747 0.0338647 0.0299525 0.0264261 0.0232723 0.0204769 0.0180253 0.0159031 0.0140963 0.0125918 0.011378 0.0104449 0.0097843 0.00939038 
0.0102577 0.0104017 0.0108352 0.0115619 0.0125882 0.0139228 0.0155765 0.0175617 0.0198923 0.0225832 0.0256498 0.0291075 0.0329713 0.0372552 0.0419712 0.0471297 0.0527379 0.0588 0.0653166 0.072284 0.0796939 0.0875335 0.0957846 0.104424 0.113424 0.12275 0.132365 0.142225 0.152282 0.162484 0.172778 0.183103 0.193401 0.203608 0.213661 0.223497 0.233051 0.242262 0.251068 0.259409 0.26723 0.274477 0.281102 0.287058 0.292305 0.296808 0.300535 0.30346 0.305564 0.306832 0.307256 0.306832 0.305564 0.30346 0.300535 0.296808 0.292305 0.287058 0.281102 0.274477 0.26723 0.259409 0.251068 0.242262 0.233051 0.223497 0.213661 0.203608 0.193401 0.183103 0.172778 0.162484 0.152282 0.142225 0.132365 0.12275 0.113424 0.104424 0.0957846 0.0875335 0.0796939 0.072284 0.0653166 0.0588 0.0527379 0.0471297 0.0419712 0.0372552 0.0329713 0.0291075 0.0256498 0.0225832 0.0198923 0.0175617 0.0155765 0.0139228 0.0125882 0.0115619 0.0108352 0.0104017 
0.0113196 0.0114775 0.0119526 0.012749 0.0138735 0.0153355 0.0171462 0.0193192 0.021869 0.0248115 0.0281631 0.0319399 0.0361576 0.0408307 0.0459719 0.0515913 0.0576963 0.0642905 0.0713737 0.078941 0.0869827 0.0954839 0.104424 0.113778 0.123514 0.133595 0.143979 0.154619 0.165463 0.176455 0.187536 0.198644 0.209713 0.220676 0.231466 0.242015 0.252255 0.26212 0.271545 0.280468 0.28883 0.296575 0.30365 0.310009 0.315609 0.320412 0.324387 0.327506 0.329749 0.331101 0.331553 0.331101 0.329749 0.327506 0.324387 0.320412 0.315609 0.310009 0.30365 0.296575 0.28883 0.280468 0.271545 0.26212 0.252255 0.242015 0.231466 0.220676 0.209713 0.198644 0.187536 0.176455 0.165463 0.154619 0.143979 0.133595 0.123514 0.113778 0.104424 0.0954839 0.0869827 0.078941 0.0713737 0.0642905 0.0576963 0.0515913 0.0459719 0.0408307 0.0361576 0.0319399 0.0281631 0.0248115 0.021869 0.0193192 0.0171462 0.0153355 0.0138735 0.012749 0.0119526 0.0114775 
0.0124434 0.0126158 0.0131346 0.0140041 0.0152316 0.016827 0.0188024 0.0211719 0.0239512 0.0271569 0.0308063 0.0349162 0.0395032 0.0445821 0.050166 0.056265 0.0628863 0.0700329 0.0777036 0.0858923 0.0945876 0.103772 0.113424 0.123514 0.134007 0.144864 0.156037 0.167477 0.179127 0.190927 0.202812 0.214716 0.22657 0.238301 0.249839 0.261111 0.272045 0.282571 0.292622 0.302132 0.311038 0.319282 0.326811 0.333574 0.339527 0.344632 0.348855 0.352168 0.35455 0.355986 0.356465 0.355986 0.35455 0.352168 0.348855 0.344632 0.339527 0.333574 0.326811 0.319282 0.311038 0.302132 0.292622 0.282571 0.272045 0.261111 0.249839 0.238301 0.22657 0.214716 0.202812 0.190927 0.179127 0.167477 0.156037 0.144864 0.134007 0.123514 0.113424 0.103772 0.0945876 0.0858923 0.0777036 0.0700329 0.0628863 0.056265 0.050166 0.0445821 0.0395032 0.0349162 0.0308063 0.0271569 0.0239512 0.0211719 0.0188024 0.016827 0.0152316 0.0140041 0.0131346 0.0126158 
0.0136263 0.0138139 0.0143782 0.0153241 0.0166591 0.0183936 0.0205406 0.0231149 0.0261331 0.0296127 0.0335716 0.0380277 0.0429979 0.0484976 0.0545401 0.0611355 0.0682905 0.0760076 0.0842844 0.0931134 0.102481 0.112369 0.12275 0.133595 0.144864 0.156513 0.168493 0.180748 0.193218 0.205839 0.218541 0.231252 0.2439 0.256408 0.2687 0.2807 0.292332 0.303523 0.314201 0.324298 0.333749 0.342493 0.350473 0.357639 0.363945 0.36935 0.37382 0.377326 0.379846 0.381365 0.381872 0.381365 0.379846 0.377326 0.37382 0.36935 0.363945 0.357639 0.350473 0.342493 0.333749 0.324298 0.314201 0.303523 0.292332 0.2807 0.2687 0.256408 0.2439 0.231252 0.218541 0.205839 0.193218 0.180748 0.168493 0.156513 0.144864 0.133595 0.12275 0.112369 0.102481 0.0931134 0.0842844 0.0760076 0.0682905 0.0611355 0.0545401 0.0484976 0.0429979 0.0380277 0.0335716 0.0296127 0.0261331 0.0231149 0.0205406 0.0183936 0.0166591 0.0153241 0.0143782 0.0138139 
0.0148648 0.0150681 0.0156798 0.0167049 0.0181514 0.0200303 0.0223552 0.0251418 0.0284074 0.0321703 0.0364494 0.0412632 0.0466291 0.052563 0.0590781 0.0661846 0.0738885 0.0821917 0.0910904 0.100576 0.110632 0.121238 0.132365 0.143979 0.156037 0.168493 0.181292 0.194374 0.207675 0.221124 0.23465 0.248176 0.261623 0.27491 0.287959 0.300688 0.313019 0.324873 0.336177 0.346859 0.356851 0.366091 0.37452 0.382085 0.38874 0.394441 0.399155 0.402852 0.405509 0.407109 0.407644 0.407109 0.405509 0.402852 0.399155 0.394441 0.38874 0.382085 0.37452 0.366091 0.356851 0.346859 0.336177 0.324873 0.313019 0.300688 0.287959 0.27491 0.261623 0.248176 0.23465 0.221124 0.207675 0.194374 0.181292 0.168493 0.156037 0.143979 0.132365 0.121238 0.110632 0.100576 0.0910904 0.0821917 0.0738885 0.0661846 0.0590781 0.052563 0.0466291 0.0412632 0.0364494 0.0321703 0.0284074 0.0251418 0.0223552 0.0200303 0.0181514 0.0167049 0.0156798 0.0150681 
0.0161545 0.0163741 0.0170347 0.0181415 0.0197031 0.021731 0.0242394 0.0272448 0.0307652 0.03482 0.0394285 0.0446099 0.0503823 0.0567616 0.0637612 0.0713911 0.0796566 0.0885586 0.0980922 0.108246 0.119004 0.13034 0.142225 0.154619 0.167477 0.180748 0.194374 0.20829 0.222427 0.236711 0.251063 0.265405 0.279651 0.293718 0.307521 0.320976 0.334001 0.346514 0.358437 0.369698 0.380226 0.389955 0.398826 0.406784 0.413781 0.419774 0.424727 0.428611 0.431402 0.433083 0.433644 0.433083 0.431402 0.428611 0.424727 0.419774 0.413781 0.406784 0.398826 0.389955 0.380226 0.369698 0.358437 0.346514 0.334001 0.320976 0.307521 0.293718 0.279651 0.265405 0.251063 0.236711 0.222427 0.20829 0.194374 0.180748 0.167477 0.154619 0.142225 0.13034 0.119004 0.108246 0.0980922 0.0885586 0.0796566 0.0713911 0.0637612 0.0567616 0.0503823 0.0446099 0.0394285 0.03482 0.0307652 0.0272448 0.0242394 0.021731 0.0197031 0.0181415 0.0170347 0.0163741 
0.0174901 0.0177264 0.0184372 0.019628 0.0213077 0.0234884 0.0261851 0.0294148 0.0331965 0.03755 0.0424955 0.0480529 0.0542404 0.0610744 0.0685681 0.076731 0.0855681 0.0950788 0.105257 0.11609 0.127557 0.139632 0.152282 0.165463 0.179127 0.193218 0.207675 0.222427 0.237401 0.252518 0.267697 0.282851 0.297892 0.312733 0.327284 0.341458 0.355168 0.368331 0.380865 0.392695 0.403748 0.413957 0.423261 0.431603 0.438935 0.445213 0.450399 0.454465 0.457386 0.459145 0.459733 0.459145 0.457386 0.454465 0.450399 0.445213 0.438935 0.431603 0.423261 0.413957 0.403748 0.392695 0.380865 0.368331 0.355168 0.341458 0.327284 0.312733 0.297892 0.282851 0.267697 0.252518 0.237401 0.222427 0.207675 0.193218 0.179127 0.165463 0.152282 0.139632 0.127557 0.11609 0.105257 0.0950788 0.0855681 0.076731 0.0685681 0.0610744 0.0542404 0.0480529 0.0424955 0.03755 0.0331965 0.0294148 0.0261851 0.0234884 0.0213077 0.019628 0.0184372 0.0177264 
0.0188653 0.0191187 0.0198808 0.0211574 0.0229577 0.0252944 0.0281831 0.0316415 0.0356893 0.0403471 0.0456357 0.0515753 0.0581846 0.0654801 0.0734749 0.0821779 0.0915933 0.101719 0.112548 0.124065 0.136248 0.149067 0.162484 0.176455 0.190927 0.205839 0.221124 0.236711 0.252518 0.268465 0.284463 0.300422 0.31625 0.331855 0.347143 0.362024 0.376408 0.390207 0.40334 0.415725 0.427291 0.437967 0.447692 0.456408 0.464064 0.470618 0.47603 0.480272 0.483319 0.485154 0.485767 0.485154 0.483319 0.480272 0.47603 0.470618 0.464064 0.456408 0.447692 0.437967 0.427291 0.415725 0.40334 0.390207 0.376408 0.362024 0.347143 0.331855 0.31625 0.300422 0.284463 0.268465 0.252518 0.236711 0.221124 0.205839 0.190927 0.176455 0.162484 0.149067 0.136248 0.124065 0.112548 0.101719 0.0915933 0.0821779 0.0734749 0.0654801 0.0581846 0.0515753 0.0456357 0.0403471 0.0356893 0.0316415 0.0281831 0.0252944 0.0229577 0.0211574 0.0198808 0.0191187 
0.0202732 0.0205439 0.0213581 0.0227217 0.0246445 0.0271396 0.030223 0.0339134 0.0382308 0.0431967 0.0488324 0.0551585 0.0621941 0.0699554 0.0784555 0.0877027 0.0977001 0.108445 0.119927 0.13213 0.14503 0.158592 0.172778 0.187536 0.202812 0.218541 0.23465 0.251063 0.267697 0.284463 0.301269 0.318021 0.334623 0.350977 0.366989 0.382561 0.397602 0.412022 0.425736 0.438662 0.450724 0.461853 0.471984 0.48106 0.48903 0.495848 0.501479 0.50589 0.509057 0.510965 0.511602 0.510965 0.509057 0.50589 0.501479 0.495848 0.48903 0.48106 0.471984 0.461853 0.450724 0.438662 0.425736 0.412022 0.397602 0.382561 0.366989 0.350977 0.334623 0.318021 0.301269 0.284463 0.267697 0.251063 0.23465 0.218541 0.202812 0.187536 0.172778 0.158592 0.14503 0.13213 0.119927 0.108445 0.0977001 0.0877027 0.0784555 0.0699554 0.0621941 0.0551585 0.0488324 0.0431967 0.0382308 0.0339134 0.030223 0.0271396 0.0246445 0.0227217 0.0213581 0.0205439 
0.0217057 0.021994 0.0228608 0.0243123 0.0263587 0.0290135 0.0322934 0.0362175 0.0408067 0.0460828 0.0520677 0.0587825 0.0662461 0.0744751 0.0834818 0.0932741 0.103854 0.115217 0.127352 0.14024 0.153853 0.168155 0.183103 0.198644 0.214716 0.231252 0.248176 0.265405 0.282851 0.300422 0.318021 0.33555 0.352908 0.369994 0.386709 0.402954 0.418633 0.433654 0.44793 0.461376 0.473917 0.485481 0.496003 0.505424 0.513693 0.520765 0.526603 0.531175 0.534459 0.536435 0.537095 0.536435 0.534459 0.531175 0.526603 0.520765 0.513693 0.505424 0.496003 0.485481 0.473917 0.461376 0.44793 0.433654 0.418633 0.402954 0.386709 0.369994 0.352908 0.33555 0.318021 0.300422 0.282851 0.265405 0.248176 0.231252 0.214716 0.198644 0.183103 0.168155 0.153853 0.14024 0.127352 0.115217 0.103854 0.0932741 0.0834818 0.0744751 0.0662461 0.0587825 0.0520677 0.0460828 0.0408067 0.0362175 0.0322934 0.0290135 0.0263587 0.0243123 0.0228608 0.021994 
0.0231544 0.0234602 0.0243798 0.0259196 0.02809 0.030905 0.0343818 0.0385402 0.0434015 0.0489881 0.0553223 0.0624254 0.0703166 0.0790121 0.088524 0.0988591 0.110019 0.121996 0.134779 0.148345 0.162665 0.1777 0.193401 0.209713 0.22657 0.2439 0.261623 0.279651 0.297892 0.31625 0.334623 0.352908 0.371001 0.388797 0.406193 0.423087 0.439381 0.454981 0.469796 0.483742 0.496741 0.50872 0.519614 0.529363 0.537917 0.54523 0.551265 0.55599 0.559382 0.561425 0.562106 0.561425 0.559382 0.55599 0.551265 0.54523 0.537917 0.529363 0.519614 0.50872 0.496741 0.483742 0.469796 0.454981 0.439381 0.423087 0.406193 0.388797 0.371001 0.352908 0.334623 0.31625 0.297892 0.279651 0.261623 0.2439 0.22657 0.209713 0.193401 0.1777 0.162665 0.148345 0.134779 0.121996 0.110019 0.0988591 0.088524 0.0790121 0.0703166 0.0624254 0.0553223 0.0489881 0.0434015 0.0385402 0.0343818 0.030905 0.02809 0.0259196 0.0243798 0.0234602 
0.0246099 0.0249333 0.0259055 0.0275333 0.0298272 0.0328019 0.0364749 0.0408666 0.0459987 0.0518942 0.0585756 0.0660645 0.0743801 0.0835382 0.0935506 0.104423 0.116156 0.128741 0.142163 0.156398 0.171413 0.187167 0.203608 0.220676 0.238301 0.256408 0.27491 0.293718 0.312733 0.331855 0.350977 0.369994 0.388797 0.407277 0.425328 0.442846 0.45973 0.475882 0.491212 0.505634 0.519068 0.531441 0.542687 0.552747 0.56157 0.56911 0.575329 0.580198 0.583693 0.585797 0.586499 0.585797 0.583693 0.580198 0.575329 0.56911 0.56157 0.552747 0.542687 0.531441 0.519068 0.505634 0.491212 0.475882 0.45973 0.442846 0.425328 0.407277 0.388797 0.369994 0.350977 0.331855 0.312733 0.293718 0.27491 0.256408 0.238301 0.220676 0.203608 0.187167 0.171413 0.156398 0.142163 0.128741 0.116156 0.104423 0.0935506 0.0835382 0.0743801 0.0660645 0.0585756 0.0518942 0.0459987 0.0408666 0.0364749 0.0328019 0.0298272 0.0275333 0.0259055 0.0249333 
0.0260623 0.026403 0.0274275 0.0291424 0.0315588 0.0346915 0.0385588 0.0431812 0.0485811 0.0547818 0.0618062 0.0696758 0.0784099 0.088024 0.098529 0.10993 0.122226 0.135407 0.149455 0.164346 0.180042 0.196499 0.213661 0.231466 0.249839 0.2687 0.287959 0.307521 0.327284 0.347143 0.366989 0.386709 0.406193 0.425328 0.444006 0.462118 0.479563 0.496241 0.512059 0.52693 0.540775 0.553519 0.565096 0.575448 0.584522 0.592274 0.598667 0.60367 0.607261 0.609422 0.610143 0.609422 0.607261 0.60367 0.598667 0.592274 0.584522 0.575448 0.565096 0.553519 0.540775 0.52693 0.512059 0.496241 0.479563 0.462118 0.444006 0.425328 0.406193 0.386709 0.366989 0.347143 0.327284 0.307521 0.287959 0.2687 0.249839 0.231466 0.213661 0.196499 0.180042 0.164346 0.149455 0.135407 0.122226 0.10993 0.098529 0.088024 0.0784099 0.0696758 0.0618062 0.0547818 0.0485811 0.0431812 0.0385588 0.0346915 0.0315588 0.0291424 0.0274275 0.026403 
0.0275013 0.0278591 0.0289348 0.0307355 0.0332723 0.0365606 0.0406187 0.0454679 0.0511309 0.0576311 0.0649919 0.0732347 0.0823787 0.092439 0.103426 0.115343 0.128189 0.141951 0.15661 0.172138 0.188496 0.205635 0.223497 0.242015 0.261111 0.2807 0.300688 0.320976 0.341458 0.362024 0.382561 0.402954 0.423087 0.442846 0.462118 0.480795 0.498769 0.515943 0.53222 0.547514 0.561744 0.574835 0.586721 0.597345 0.606653 0.614602 0.621155 0.626283 0.629962 0.632176 0.632915 0.632176 0.629962 0.626283 0.621155 0.614602 0.606653 0.597345 0.586721 0.574835 0.561744 0.547514 0.53222 0.515943 0.498769 0.480795 0.462118 0.442846 0.423087 0.402954 0.382561 0.362024 0.341458 0.320976 0.300688 0.2807 0.261111 0.242015 0.223497 0.205635 0.188496 0.172138 0.15661 0.141951 0.128189 0.115343 0.103426 0.092439 0.0823787 0.0732347 0.0649919 0.0576311 0.0511309 0.0454679 0.0406187 0.0365606 0.0332723 0.0307355 0.0289348 0.0278591 
0.028916 0.0292905 0.0304164 0.0323008 0.0349553 0.0383953 0.0426397 0.0477101 0.0536295 0.0604217 0.06811 0.0767161 0.0862588 0.0967528 0.108207 0.120626 0.134004 0.148329 0.163579 0.179723 0.196719 0.214516 0.233051 0.252255 0.272045 0.292332 0.313019 0.334001 0.355168 0.376408 0.397602 0.418633 0.439381 0.45973 0.479563 0.498769 0.517242 0.53488 0.551587 0.567275 0.581863 0.595276 0.607449 0.618323 0.627847 0.635978 0.642679 0.647921 0.651681 0.653943 0.654698 0.653943 0.651681 0.647921 0.642679 0.635978 0.627847 0.618323 0.607449 0.595276 0.581863 0.567275 0.551587 0.53488 0.517242 0.498769 0.479563 0.45973 0.439381 0.418633 0.397602 0.376408 0.355168 0.334001 0.313019 0.292332 0.272045 0.252255 0.233051 0.214516 0.196719 0.179723 0.163579 0.148329 0.134004 0.120626 0.108207 0.0967528 0.0862588 0.0767161 0.06811 0.0604217 0.0536295 0.0477101 0.0426397 0.0383953 0.0349553 0.0323008 0.0304164 0.0292905 
0.0302956 0.0306862 0.0318607 0.0338263 0.0365947 0.0401817 0.0446065 0.049891 0.0560584 0.0631329 0.0711378 0.0800947 0.0900221 0.100934 0.11284 0.125741 0.139631 0.154497 0.170314 0.187048 0.204656 0.223082 0.242262 0.26212 0.282571 0.303523 0.324873 0.346514 0.368331 0.390207 0.412022 0.433654 0.454981 0.475882 0.496241 0.515943 0.53488 0.552949 0.570055 0.586108 0.601026 0.614736 0.627173 0.638277 0.647999 0.656296 0.663131 0.668477 0.672311 0.674618 0.675388 0.674618 0.672311 0.668477 0.663131 0.656296 0.647999 0.638277 0.627173 0.614736 0.601026 0.586108 0.570055 0.552949 0.53488 0.515943 0.496241 0.475882 0.454981 0.433654 0.412022 0.390207 0.368331 0.346514 0.324873 0.303523 0.282571 0.26212 0.242262 0.223082 0.204656 0.187048 0.170314 0.154497 0.139631 0.125741 0.11284 0.100934 0.0900221 0.0800947 0.0711378 0.0631329 0.0560584 0.049891 0.0446065 0.0401817 0.0365947 0.0338263 0.0318607 0.0306862 
0.0316288 0.0320351 0.0332563 0.0352998 0.0381776 0.0419058 0.0465038 0.0519937 0.0583991 0.0657442 0.0740524 0.0833452 0.0936408 0.104953 0.117289 0.130651 0.14503 0.160412 0.176769 0.194065 0.212254 0.231278 0.251068 0.271545 0.292622 0.314201 0.336177 0.358437 0.380865 0.40334 0.425736 0.44793 0.469796 0.491212 0.512059 0.53222 0.551587 0.570055 0.587527 0.603915 0.619137 0.633118 0.645795 0.657109 0.667011 0.675458 0.682415 0.687855 0.691756 0.694102 0.694885 0.694102 0.691756 0.687855 0.682415 0.675458 0.667011 0.657109 0.645795 0.633118 0.619137 0.603915 0.587527 0.570055 0.551587 0.53222 0.512059 0.491212 0.469796 0.44793 0.425736 0.40334 0.380865 0.358437 0.336177 0.314201 0.292622 0.271545 0.251068 0.231278 0.212254 0.194065 0.176769 0.160412 0.14503 0.130651 0.117289 0.104953 0.0936408 0.0833452 0.0740524 0.0657442 0.0583991 0.0519937 0.0465038 0.0419058 0.0381776 0.0352998 0.0332563 0.0320351 
0.0329048 0.0333258 0.0345915 0.0367092 0.0396912 0.0435536 0.0483163 0.0540015 0.060633 0.0682351 0.0768313 0.0864428 0.0970876 0.108779 0.121523 0.13532 0.150162 0.16603 0.182897 0.200723 0.21946 0.239045 0.259409 0.280468 0.302132 0.324298 0.346859 0.369698 0.392695 0.415725 0.438662 0.461376 0.483742 0.505634 0.52693 0.547514 0.567275 0.586108 0.603915 0.620608 0.636105 0.650333 0.663227 0.67473 0.684793 0.693375 0.700442 0.705966 0.709926 0.712308 0.713103 0.712308 0.709926 0.705966 0.700442 0.693375 0.684793 0.67473 0.663227 0.650333 0.636105 0.620608 0.603915 0.586108 0.567275 0.547514 0.52693 0.505634 0.483742 0.461376 0.438662 0.415725 0.392695 0.369698 0.346859 0.324298 0.302132 0.280468 0.259409 0.239045 0.21946 0.200723 0.182897 0.16603 0.150162 0.13532 0.121523 0.108779 0.0970876 0.0864428 0.0768313 0.0682351 0.060633 0.0540015 0.0483163 0.0435536 0.0396912 0.0367092 0.0345915 0.0333258 
0.0341126 0.0345476 0.0358551 0.0380427 0.0411227 0.0451116 0.0500292 0.0558981 0.0627422 0.0705859 0.0794526 0.0893635 0.100336 0.112382 0.125509 0.139715 0.154989 0.171313 0.188655 0.206976 0.226223 0.246332 0.26723 0.28883 0.311038 0.333749 0.356851 0.380226 0.403748 0.427291 0.450724 0.473917 0.496741 0.519068 0.540775 0.561744 0.581863 0.601026 0.619137 0.636105 0.65185 0.666299 0.679387 0.691059 0.701266 0.709969 0.717133 0.722731 0.726745 0.729158 0.729964 0.729158 0.726745 0.722731 0.717133 0.709969 0.701266 0.691059 0.679387 0.666299 0.65185 0.636105 0.619137 0.601026 0.581863 0.561744 0.540775 0.519068 0.496741 0.473917 0.450724 0.427291 0.403748 0.380226 0.356851 0.333749 0.311038 0.28883 0.26723 0.246332 0.226223 0.206976 0.188655 0.171313 0.154989 0.139715 0.125509 0.112382 0.100336 0.0893635 0.0794526 0.0705859 0.0627422 0.0558981 0.0500292 0.0451116 0.0411227 0.0380427 0.0358551 0.0345476 
