1.68994e-05 1.76347e-05 1.98824e-05 2.37694e-05 2.95095e-05 3.7408e-05 4.78669e-05 6.13912e-05 7.85955e-05 0.000100211 0.000127092 0.000160218 0.000200702 0.000249782 0.000308826 0.000379314 0.000462831 0.000561046 0.000675681 0.000808486 0.000961193 0.00113547 0.00133289 0.00155483 0.00180247 0.00207669 0.00237803 0.00270662 0.00306214 0.00344376 0.00385013 0.00427932 0.00472883 0.0051956 0.00567599 0.00616587 0.00666061 0.00715519 0.00764427 0.00812227 0.00858347 0.00902214 0.00943264 0.00980953 0.0101477 0.0104424 0.0106896 0.0108857 0.0110278 0.0111139 0.0111427 0.0111139 0.0110278 0.0108857 0.0106896 0.0104424 0.0101477 0.00980953 0.00943264 0.00902214 0.00858347 0.00812227 0.00764427 0.00715519 0.00666061 0.00616587 0.00567599 0.0051956 0.00472883 0.00427932 0.00385013 0.00344376 0.00306214 0.00270662 0.00237803 0.00207669 0.00180247 0.00155483 0.00133289 0.00113547 0.000961193 0.000808486 0.000675681 0.000561046 0.000462831 0.000379314 0.000308826 0.000249782 0.000200702 0.000160218 0.000127092 0.000100211 7.85955e-05 6.13912e-05 4.78669e-05 3.7408e-05 2.95095e-05 2.37694e-05 1.98824e-05 1.76347e-05 
1.76347e-05 1.84002e-05 2.07403e-05 2.47864e-05 3.07603e-05 3.89788e-05 4.98585e-05 6.39226e-05 8.18081e-05 0.000104272 0.000132198 0.0001666 0.000208628 0.000259563 0.000320815 0.000393913 0.000480492 0.00058227 0.000701022 0.000838548 0.000996626 0.00117698 0.00138119 0.00161071 0.00186671 0.00215009 0.0024614 0.00280075 0.0031678 0.00356168 0.00398097 0.00442369 0.00488725 0.00536846 0.0058636 0.00636839 0.00687808 0.00738749 0.00789114 0.00838327 0.00885803 0.00930952 0.00973195 0.0101197 0.0104676 0.0107708 0.0110251 0.0112267 0.0113729 0.0114615 0.0114912 0.0114615 0.0113729 0.0112267 0.0110251 0.0107708 0.0104676 0.0101197 0.00973195 0.00930952 0.00885803 0.00838327 0.00789114 0.00738749 0.00687808 0.00636839 0.0058636 0.00536846 0.00488725 0.00442369 0.00398097 0.00356168 0.0031678 0.00280075 0.0024614 0.00215009 0.00186671 0.00161071 0.00138119 0.00117698 0.000996626 0.000838548 0.000701022 0.00058227 0.000480492 0.000393913 0.000320815 0.000259563 0.000208628 0.0001666 0.000132198 0.000104272 8.18081e-05 6.39226e-05 4.98585e-05 3.89788e-05 3.07603e-05 2.47864e-05 2.07403e-05 1.84002e-05 
1.98824e-05 2.07403e-05 2.33621e-05 2.78938e-05 3.45814e-05 4.37759e-05 5.59388e-05 7.16492e-05 9.16109e-05 0.00011666 0.000147771 0.00018606 0.000232791 0.000289371 0.000357344 0.000438385 0.000534276 0.000646892 0.000778161 0.000930033 0.00110444 0.00130322 0.0015281 0.00178059 0.00206197 0.00237316 0.0027147 0.00308669 0.0034887 0.00391973 0.0043782 0.00486191 0.00536799 0.00589297 0.00643276 0.00698269 0.00753761 0.00809189 0.00863958 0.00917447 0.00969022 0.0101805 0.010639 0.0110597 0.0114371 0.0117658 0.0120415 0.01226 0.0124184 0.0125144 0.0125466 0.0125144 0.0124184 0.01226 0.0120415 0.0117658 0.0114371 0.0110597 0.010639 0.0101805 0.00969022 0.00917447 0.00863958 0.00809189 0.00753761 0.00698269 0.00643276 0.00589297 0.00536799 0.00486191 0.0043782 0.00391973 0.0034887 0.00308669 0.0027147 0.00237316 0.00206197 0.00178059 0.0015281 0.00130322 0.00110444 0.000930033 0.000778161 0.000646892 0.000534276 0.000438385 0.000357344 0.000289371 0.000232791 0.00018606 0.000147771 0.00011666 9.16109e-05 7.16492e-05 5.59388e-05 4.37759e-05 3.45814e-05 2.78938e-05 2.33621e-05 2.07403e-05 
2.37694e-05 2.47864e-05 2.78938e-05 3.32622e-05 4.11792e-05 5.20545e-05 6.64264e-05 8.49694e-05 0.000108502 0.000137995 0.000174578 0.000219543 0.000274347 0.00034061 0.000420108 0.000514758 0.0006266 0.000757766 0.000910448 0.00108685 0.00128915 0.00151941 0.00177956 0.00207126 0.00239591 0.00275448 0.00314754 0.00357509 0.00403658 0.0045308 0.00505587 0.00560921 0.00618751 0.00678678 0.00740232 0.00802882 0.00866041 0.00929072 0.00991303 0.0105203 0.0111055 0.0116613 0.0121808 0.0126573 0.0130845 0.0134565 0.0137682 0.0140154 0.0141945 0.014303 0.0143393 0.014303 0.0141945 0.0140154 0.0137682 0.0134565 0.0130845 0.0126573 0.0121808 0.0116613 0.0111055 0.0105203 0.00991303 0.00929072 0.00866041 0.00802882 0.00740232 0.00678678 0.00618751 0.00560921 0.00505587 0.0045308 0.00403658 0.00357509 0.00314754 0.00275448 0.00239591 0.00207126 0.00177956 0.00151941 0.00128915 0.00108685 0.000910448 0.000757766 0.0006266 0.000514758 0.000420108 0.00034061 0.000274347 0.000219543 0.000174578 0.000137995 0.000108502 8.49694e-05 6.64264e-05 5.20545e-05 4.11792e-05 3.32622e-05 2.78938e-05 2.47864e-05 
2.95095e-05 3.07603e-05 3.45814e-05 4.11792e-05 5.09017e-05 6.42444e-05 8.18573e-05 0.000104554 0.000133319 0.00016932 0.000213909 0.000268634 0.000335232 0.000415633 0.000511943 0.000626431 0.000761502 0.000919664 0.00110348 0.00131553 0.00155833 0.00183426 0.00214552 0.00249401 0.00288127 0.00330837 0.00377585 0.00428363 0.00483093 0.00541624 0.00603725 0.00669083 0.00737303 0.00807908 0.00880345 0.00953989 0.0102815 0.0110209 0.0117501 0.0124611 0.0131456 0.0137953 0.0144022 0.0149584 0.0154568 0.0158906 0.016254 0.016542 0.0167506 0.016877 0.0169193 0.016877 0.0167506 0.016542 0.016254 0.0158906 0.0154568 0.0149584 0.0144022 0.0137953 0.0131456 0.0124611 0.0117501 0.0110209 0.0102815 0.00953989 0.00880345 0.00807908 0.00737303 0.00669083 0.00603725 0.00541624 0.00483093 0.00428363 0.00377585 0.00330837 0.00288127 0.00249401 0.00214552 0.00183426 0.00155833 0.00131553 0.00110348 0.000919664 0.000761502 0.000626431 0.000511943 0.000415633 0.000335232 0.000268634 0.000213909 0.00016932 0.000133319 0.000104554 8.18573e-05 6.42444e-05 5.09017e-05 4.11792e-05 3.45814e-05 3.07603e-05 
3.7408e-05 3.89788e-05 4.37759e-05 5.20545e-05 6.42444e-05 8.0957e-05 0.000102993 0.000131354 0.00016725 0.00021211 0.00026759 0.000335576 0.000418187 0.00051776 0.000636848 0.000778186 0.000944667 0.00113929 0.00136513 0.00162523 0.00192256 0.00225993 0.00263988 0.00306461 0.00353584 0.00405475 0.00462185 0.00523689 0.00589883 0.00660571 0.00735463 0.00814174 0.00896221 0.00981027 0.0106792 0.0115616 0.0124492 0.013333 0.0142039 0.0150522 0.0158682 0.016642 0.0173643 0.0180258 0.0186182 0.0191335 0.0195651 0.0199069 0.0201546 0.0203045 0.0203547 0.0203045 0.0201546 0.0199069 0.0195651 0.0191335 0.0186182 0.0180258 0.0173643 0.016642 0.0158682 0.0150522 0.0142039 0.013333 0.0124492 0.0115616 0.0106792 0.00981027 0.00896221 0.00814174 0.00735463 0.00660571 0.00589883 0.00523689 0.00462185 0.00405475 0.00353584 0.00306461 0.00263988 0.00225993 0.00192256 0.00162523 0.00136513 0.00113929 0.000944667 0.000778186 0.000636848 0.00051776 0.000418187 0.000335576 0.00026759 0.00021211 0.00016725 0.000131354 0.000102993 8.0957e-05 6.42444e-05 5.20545e-05 4.37759e-05 3.89788e-05 
4.78669e-05 4.98585e-05 5.59388e-05 6.64264e-05 8.18573e-05 0.000102993 0.000130831 0.000166614 0.000211844 0.000268289 0.000337996 0.000423288 0.000526767 0.000651301 0.000800007 0.000976218 0.00118344 0.00142532 0.00170553 0.00202773 0.00239546 0.00281204 0.00328046 0.00380325 0.00438237 0.00501908 0.00571384 0.00646621 0.00727472 0.00813686 0.00904896 0.0100062 0.0110027 0.0120313 0.013084 0.0141515 0.0152241 0.0162911 0.0173413 0.0183632 0.0193453 0.0202758 0.0211437 0.0219381 0.0226489 0.0232671 0.0237844 0.0241942 0.0244908 0.0246705 0.0247306 0.0246705 0.0244908 0.0241942 0.0237844 0.0232671 0.0226489 0.0219381 0.0211437 0.0202758 0.0193453 0.0183632 0.0173413 0.0162911 0.0152241 0.0141515 0.013084 0.0120313 0.0110027 0.0100062 0.00904896 0.00813686 0.00727472 0.00646621 0.00571384 0.00501908 0.00438237 0.00380325 0.00328046 0.00281204 0.00239546 0.00202773 0.00170553 0.00142532 0.00118344 0.000976218 0.000800007 0.000651301 0.000526767 0.000423288 0.000337996 0.000268289 0.000211844 0.000166614 0.000130831 0.000102993 8.18573e-05 6.64264e-05 5.59388e-05 4.98585e-05 
6.13912e-05 6.39226e-05 7.16492e-05 8.49694e-05 0.000104554 0.000131354 0.000166614 0.000211883 0.000269029 0.000340248 0.000428074 0.000535379 0.00066537 0.000821574 0.00100781 0.00122815 0.00148686 0.00178836 0.00213709 0.00253745 0.00299366 0.00350966 0.00408896 0.00473447 0.00544842 0.00623216 0.00708606 0.00800935 0.00900006 0.0100549 0.0111694 0.0123373 0.0135515 0.0148031 0.0160824 0.0173782 0.0186786 0.0199707 0.0212411 0.0224762 0.0236619 0.0247846 0.0258307 0.0267877 0.0276434 0.0283872 0.0290094 0.029502 0.0298585 0.0300744 0.0301467 0.0300744 0.0298585 0.029502 0.0290094 0.0283872 0.0276434 0.0267877 0.0258307 0.0247846 0.0236619 0.0224762 0.0212411 0.0199707 0.0186786 0.0173782 0.0160824 0.0148031 0.0135515 0.0123373 0.0111694 0.0100549 0.00900006 0.00800935 0.00708606 0.00623216 0.00544842 0.00473447 0.00408896 0.00350966 0.00299366 0.00253745 0.00213709 0.00178836 0.00148686 0.00122815 0.00100781 0.000821574 0.00066537 0.000535379 0.000428074 0.000340248 0.000269029 0.000211883 0.000166614 0.000131354 0.000104554 8.49694e-05 7.16492e-05 6.39226e-05 
7.85955e-05 8.18081e-05 9.16109e-05 0.000108502 0.000133319 0.00016725 0.000211844 0.000269029 0.000341126 0.000430858 0.000541358 0.000676174 0.000839253 0.00103492 0.00126786 0.00154303 0.00186564 0.00224101 0.0026745 0.0031714 0.00373674 0.00437516 0.00509078 0.00588697 0.00676621 0.00772991 0.00877827 0.00991013 0.0111229 0.0124122 0.0137725 0.015196 0.0166739 0.0181954 0.0197485 0.0213197 0.0228946 0.0244578 0.0259931 0.0274841 0.0289143 0.0302673 0.031527 0.0326785 0.0337076 0.0346016 0.0353491 0.0359407 0.0363688 0.0366279 0.0367146 0.0366279 0.0363688 0.0359407 0.0353491 0.0346016 0.0337076 0.0326785 0.031527 0.0302673 0.0289143 0.0274841 0.0259931 0.0244578 0.0228946 0.0213197 0.0197485 0.0181954 0.0166739 0.015196 0.0137725 0.0124122 0.0111229 0.00991013 0.00877827 0.00772991 0.00676621 0.00588697 0.00509078 0.00437516 0.00373674 0.0031714 0.0026745 0.00224101 0.00186564 0.00154303 0.00126786 0.00103492 0.000839253 0.000676174 0.000541358 0.000430858 0.000341126 0.000269029 0.000211844 0.00016725 0.000133319 0.000108502 9.16109e-05 8.18081e-05 
0.000100211 0.000104272 0.00011666 0.000137995 0.00016932 0.00021211 0.000268289 0.000340248 0.000430858 0.000543481 0.000681982 0.00085072 0.00105454 0.00129873 0.00158899 0.00193136 0.00233214 0.00279775 0.00333464 0.00394909 0.00464709 0.00543411 0.00631492 0.00729338 0.00837223 0.00955292 0.0108354 0.0122179 0.013697 0.0152673 0.0169215 0.0186504 0.0204427 0.0222854 0.024164 0.0260623 0.0279627 0.0298468 0.0316953 0.0334888 0.0352074 0.0368318 0.0383431 0.0397236 0.0409565 0.0420269 0.0429216 0.0436294 0.0441415 0.0444513 0.044555 0.0444513 0.0441415 0.0436294 0.0429216 0.0420269 0.0409565 0.0397236 0.0383431 0.0368318 0.0352074 0.0334888 0.0316953 0.0298468 0.0279627 0.0260623 0.024164 0.0222854 0.0204427 0.0186504 0.0169215 0.0152673 0.013697 0.0122179 0.0108354 0.00955292 0.00837223 0.00729338 0.00631492 0.00543411 0.00464709 0.00394909 0.00333464 0.00279775 0.00233214 0.00193136 0.00158899 0.00129873 0.00105454 0.00085072 0.000681982 0.000543481 0.000430858 0.000340248 0.000268289 0.00021211 0.00016932 0.000137995 0.00011666 0.000104272 
0.000127092 0.000132198 0.000147771 0.000174578 0.000213909 0.00026759 0.000337996 0.000428074 0.000541358 0.000681982 0.000854681 0.00106479 0.0013182 0.00162138 0.00198122 0.00240502 0.00290036 0.00347496 0.00413648 0.00489242 0.00574981 0.00671504 0.00779362 0.00898991 0.0103069 0.011746 0.0133068 0.0149868 0.0167815 0.018684 0.0206853 0.0227739 0.0249363 0.0271565 0.0294169 0.0316981 0.0339792 0.0362381 0.038452 0.0405977 0.0426519 0.0445918 0.0463952 0.0480412 0.0495104 0.0507852 0.0518502 0.0526924 0.0533016 0.0536701 0.0537934 0.0536701 0.0533016 0.0526924 0.0518502 0.0507852 0.0495104 0.0480412 0.0463952 0.0445918 0.0426519 0.0405977 0.038452 0.0362381 0.0339792 0.0316981 0.0294169 0.0271565 0.0249363 0.0227739 0.0206853 0.018684 0.0167815 0.0149868 0.0133068 0.011746 0.0103069 0.00898991 0.00779362 0.00671504 0.00574981 0.00489242 0.00413648 0.00347496 0.00290036 0.00240502 0.00198122 0.00162138 0.0013182 0.00106479 0.000854681 0.000681982 0.000541358 0.000428074 0.000337996 0.00026759 0.000213909 0.000174578 0.000147771 0.000132198 
0.000160218 0.0001666 0.00018606 0.000219543 0.000268634 0.000335576 0.000423288 0.000535379 0.000676174 0.00085072 0.00106479 0.00132485 0.00163808 0.00201226 0.00245572 0.00297721 0.00358581 0.0042907 0.00510098 0.00602546 0.00707237 0.00824912 0.00956201 0.0110159 0.012614 0.0143576 0.0162456 0.0182748 0.0204392 0.0227303 0.0251367 0.0276446 0.0302374 0.0328959 0.035599 0.0383234 0.0410444 0.0437357 0.0463705 0.0489215 0.0513613 0.0536632 0.0558015 0.0577516 0.0594911 0.0609996 0.0622593 0.0632551 0.063975 0.0644105 0.0645563 0.0644105 0.063975 0.0632551 0.0622593 0.0609996 0.0594911 0.0577516 0.0558015 0.0536632 0.0513613 0.0489215 0.0463705 0.0437357 0.0410444 0.0383234 0.035599 0.0328959 0.0302374 0.0276446 0.0251367 0.0227303 0.0204392 0.0182748 0.0162456 0.0143576 0.012614 0.0110159 0.00956201 0.00824912 0.00707237 0.00602546 0.00510098 0.0042907 0.00358581 0.00297721 0.00245572 0.00201226 0.00163808 0.00132485 0.00106479 0.00085072 0.000676174 0.000535379 0.000423288 0.000335576 0.000268634 0.000219543 0.00018606 0.0001666 
0.000200702 0.000208628 0.000232791 0.000274347 0.000335232 0.000418187 0.000526767 0.00066537 0.000839253 0.00105454 0.0013182 0.00163808 0.0020228 0.00248169 0.00302473 0.00366238 0.00440539 0.00526462 0.00625079 0.00737418 0.00864434 0.0100698 0.0116576 0.0134132 0.0153399 0.0174386 0.0197077 0.0221426 0.0247359 0.0274767 0.0303513 0.0333426 0.0364307 0.0395928 0.0428036 0.0460354 0.0492591 0.0524438 0.0555582 0.0585701 0.061448 0.0641606 0.0666783 0.0689727 0.0710179 0.0727905 0.0742699 0.0754389 0.0762839 0.0767949 0.0769659 0.0767949 0.0762839 0.0754389 0.0742699 0.0727905 0.0710179 0.0689727 0.0666783 0.0641606 0.061448 0.0585701 0.0555582 0.0524438 0.0492591 0.0460354 0.0428036 0.0395928 0.0364307 0.0333426 0.0303513 0.0274767 0.0247359 0.0221426 0.0197077 0.0174386 0.0153399 0.0134132 0.0116576 0.0100698 0.00864434 0.00737418 0.00625079 0.00526462 0.00440539 0.00366238 0.00302473 0.00248169 0.0020228 0.00163808 0.0013182 0.00105454 0.000839253 0.00066537 0.000526767 0.000418187 0.000335232 0.000274347 0.000232791 0.000208628 
0.000249782 0.000259563 0.000289371 0.00034061 0.000415633 0.00051776 0.000651301 0.000821574 0.00103492 0.00129873 0.00162138 0.00201226 0.00248169 0.00304081 0.00370146 0.00447602 0.00537717 0.00641767 0.00761 0.00896609 0.0104969 0.0122121 0.0141197 0.0162254 0.0185327 0.0210419 0.0237506 0.0266526 0.0297384 0.0329948 0.036405 0.0399483 0.0436009 0.0473357 0.0511227 0.0549295 0.0587217 0.0624636 0.0661184 0.0696492 0.0730192 0.0761928 0.0791357 0.0818155 0.0842025 0.0862701 0.0879948 0.0893571 0.0903415 0.0909367 0.0911359 0.0909367 0.0903415 0.0893571 0.0879948 0.0862701 0.0842025 0.0818155 0.0791357 0.0761928 0.0730192 0.0696492 0.0661184 0.0624636 0.0587217 0.0549295 0.0511227 0.0473357 0.0436009 0.0399483 0.036405 0.0329948 0.0297384 0.0266526 0.0237506 0.0210419 0.0185327 0.0162254 0.0141197 0.0122121 0.0104969 0.00896609 0.00761 0.00641767 0.00537717 0.00447602 0.00370146 0.00304081 0.00248169 0.00201226 0.00162138 0.00129873 0.00103492 0.000821574 0.000651301 0.00051776 0.000415633 0.00034061 0.000289371 0.000259563 
0.000308826 0.000320815 0.000357344 0.000420108 0.000511943 0.000636848 0.000800007 0.00100781 0.00126786 0.00158899 0.00198122 0.00245572 0.00302473 0.00370146 0.00449987 0.00543449 0.00652019 0.00777178 0.00920374 0.0108298 0.0126624 0.0147124 0.0169886 0.0194971 0.0222413 0.0252208 0.0284319 0.0318667 0.0355132 0.0393553 0.0433724 0.0475401 0.0518298 0.0562096 0.0606443 0.0650961 0.0695249 0.0738894 0.0781471 0.0822557 0.086173 0.0898584 0.0932726 0.0963792 0.0991443 0.101538 0.103533 0.105109 0.106247 0.106935 0.107165 0.106935 0.106247 0.105109 0.103533 0.101538 0.0991443 0.0963792 0.0932726 0.0898584 0.086173 0.0822557 0.0781471 0.0738894 0.0695249 0.0650961 0.0606443 0.0562096 0.0518298 0.0475401 0.0433724 0.0393553 0.0355132 0.0318667 0.0284319 0.0252208 0.0222413 0.0194971 0.0169886 0.0147124 0.0126624 0.0108298 0.00920374 0.00777178 0.00652019 0.00543449 0.00449987 0.00370146 0.00302473 0.00245572 0.00198122 0.00158899 0.00126786 0.00100781 0.000800007 0.000636848 0.000511943 0.000420108 0.000357344 0.000320815 
0.000379314 0.000393913 0.000438385 0.000514758 0.000626431 0.000778186 0.000976218 0.00122815 0.00154303 0.00193136 0.00240502 0.00297721 0.00366238 0.00447602 0.00543449 0.00655476 0.00785406 0.00934952 0.0110577 0.0129943 0.0151734 0.0176069 0.0203045 0.0232726 0.026514 0.0300277 0.0338081 0.0378453 0.0421244 0.0466256 0.0513244 0.0561916 0.0611937 0.0662931 0.0714489 0.0766171 0.0817517 0.086805 0.0917285 0.096474 0.100994 0.105241 0.109173 0.112747 0.115926 0.118675 0.120967 0.122775 0.124081 0.12487 0.125134 0.12487 0.124081 0.122775 0.120967 0.118675 0.115926 0.112747 0.109173 0.105241 0.100994 0.096474 0.0917285 0.086805 0.0817517 0.0766171 0.0714489 0.0662931 0.0611937 0.0561916 0.0513244 0.0466256 0.0421244 0.0378453 0.0338081 0.0300277 0.026514 0.0232726 0.0203045 0.0176069 0.0151734 0.0129943 0.0110577 0.00934952 0.00785406 0.00655476 0.00543449 0.00447602 0.00366238 0.00297721 0.00240502 0.00193136 0.00154303 0.00122815 0.000976218 0.000778186 0.000626431 0.000514758 0.000438385 0.000393913 
0.000462831 0.000480492 0.000534276 0.0006266 0.000761502 0.000944667 0.00118344 0.00148686 0.00186564 0.00233214 0.00290036 0.00358581 0.00440539 0.00537717 0.00652019 0.00785406 0.00939865 0.0111736 0.0131977 0.0154887 0.0180623 0.0209317 0.024107 0.0275949 0.0313975 0.0355126 0.0399327 0.0446451 0.0496314 0.054868 0.0603254 0.0659694 0.0717605 0.0776552 0.083606 0.0895625 0.0954718 0.10128 0.106931 0.112372 0.117547 0.122406 0.126899 0.13098 0.134606 0.137741 0.140352 0.142412 0.143898 0.144797 0.145097 0.144797 0.143898 0.142412 0.140352 0.137741 0.134606 0.13098 0.126899 0.122406 0.117547 0.112372 0.106931 0.10128 0.0954718 0.0895625 0.083606 0.0776552 0.0717605 0.0659694 0.0603254 0.054868 0.0496314 0.0446451 0.0399327 0.0355126 0.0313975 0.0275949 0.024107 0.0209317 0.0180623 0.0154887 0.0131977 0.0111736 0.00939865 0.00785406 0.00652019 0.00537717 0.00440539 0.00358581 0.00290036 0.00233214 0.00186564 0.00148686 0.00118344 0.000944667 0.000761502 0.0006266 0.000534276 0.000480492 
0.000561046 0.00058227 0.000646892 0.000757766 0.000919664 0.00113929 0.00142532 0.00178836 0.00224101 0.00279775 0.00347496 0.0042907 0.00526462 0.00641767 0.00777178 0.00934952 0.0111736 0.0132662 0.0156488 0.0183411 0.0213603 0.0247208 0.0284334 0.0325044 0.0369353 0.0417219 0.0468545 0.052317 0.0580873 0.0641369 0.0704311 0.0769297 0.0835869 0.0903523 0.0971715 0.103987 0.110738 0.117365 0.123804 0.129995 0.135878 0.141394 0.14649 0.151114 0.15522 0.158767 0.161719 0.164047 0.165727 0.166741 0.167081 0.166741 0.165727 0.164047 0.161719 0.158767 0.15522 0.151114 0.14649 0.141394 0.135878 0.129995 0.123804 0.117365 0.110738 0.103987 0.0971715 0.0903523 0.0835869 0.0769297 0.0704311 0.0641369 0.0580873 0.052317 0.0468545 0.0417219 0.0369353 0.0325044 0.0284334 0.0247208 0.0213603 0.0183411 0.0156488 0.0132662 0.0111736 0.00934952 0.00777178 0.00641767 0.00526462 0.0042907 0.00347496 0.00279775 0.00224101 0.00178836 0.00142532 0.00113929 0.000919664 0.000757766 0.000646892 0.00058227 
0.000675681 0.000701022 0.000778161 0.000910448 0.00110348 0.00136513 0.00170553 0.00213709 0.0026745 0.00333464 0.00413648 0.00510098 0.00625079 0.00761 0.00920374 0.0110577 0.0131977 0.0156488 0.0184349 0.0215778 0.0250964 0.0290061 0.0333179 0.0380378 0.0431659 0.048696 0.0546155 0.0609046 0.0675363 0.074477 0.081686 0.0891163 0.0967153 0.104425 0.112184 0.119926 0.127584 0.13509 0.142373 0.149366 0.156003 0.16222 0.167956 0.173156 0.17777 0.181753 0.185066 0.187676 0.189559 0.190697 0.191077 0.190697 0.189559 0.187676 0.185066 0.181753 0.17777 0.173156 0.167956 0.16222 0.156003 0.149366 0.142373 0.13509 0.127584 0.119926 0.112184 0.104425 0.0967153 0.0891163 0.081686 0.074477 0.0675363 0.0609046 0.0546155 0.048696 0.0431659 0.0380378 0.0333179 0.0290061 0.0250964 0.0215778 0.0184349 0.0156488 0.0131977 0.0110577 0.00920374 0.00761 0.00625079 0.00510098 0.00413648 0.00333464 0.0026745 0.00213709 0.00170553 0.00136513 0.00110348 0.000910448 0.000778161 0.000701022 
0.000808486 0.000838548 0.000930033 0.00108685 0.00131553 0.00162523 0.00202773 0.00253745 0.0031714 0.00394909 0.00489242 0.00602546 0.00737418 0.00896609 0.0108298 0.0129943 0.0154887 0.0183411 0.0215778 0.0252228 0.0292966 0.0338153 0.0387902 0.0442262 0.0501218 0.0564685 0.0632498 0.0704415 0.0780118 0.0859205 0.0941206 0.102558 0.111172 0.119896 0.128662 0.137395 0.14602 0.154459 0.162638 0.17048 0.177912 0.184866 0.191275 0.19708 0.202226 0.206665 0.210354 0.21326 0.215355 0.21662 0.217042 0.21662 0.215355 0.21326 0.210354 0.206665 0.202226 0.19708 0.191275 0.184866 0.177912 0.17048 0.162638 0.154459 0.14602 0.137395 0.128662 0.119896 0.111172 0.102558 0.0941206 0.0859205 0.0780118 0.0704415 0.0632498 0.0564685 0.0501218 0.0442262 0.0387902 0.0338153 0.0292966 0.0252228 0.0215778 0.0183411 0.0154887 0.0129943 0.0108298 0.00896609 0.00737418 0.00602546 0.00489242 0.00394909 0.0031714 0.00253745 0.00202773 0.00162523 0.00131553 0.00108685 0.000930033 0.000838548 
0.000961193 0.000996626 0.00110444 0.00128915 0.00155833 0.00192256 0.00239546 0.00299366 0.00373674 0.00464709 0.00574981 0.00707237 0.00864434 0.0104969 0.0126624 0.0151734 0.0180623 0.0213603 0.0250964 0.0292966 0.0339827 0.0391716 0.0448741 0.0510941 0.0578279 0.0650636 0.0727809 0.0809504 0.0895341 0.0984855 0.10775 0.117265 0.126962 0.136767 0.146602 0.156383 0.166028 0.175451 0.184569 0.193299 0.201563 0.209284 0.216393 0.222825 0.228522 0.233431 0.237509 0.240719 0.243032 0.244428 0.244895 0.244428 0.243032 0.240719 0.237509 0.233431 0.228522 0.222825 0.216393 0.209284 0.201563 0.193299 0.184569 0.175451 0.166028 0.156383 0.146602 0.136767 0.126962 0.117265 0.10775 0.0984855 0.0895341 0.0809504 0.0727809 0.0650636 0.0578279 0.0510941 0.0448741 0.0391716 0.0339827 0.0292966 0.0250964 0.0213603 0.0180623 0.0151734 0.0126624 0.0104969 0.00864434 0.00707237 0.00574981 0.00464709 0.00373674 0.00299366 0.00239546 0.00192256 0.00155833 0.00128915 0.00110444 0.000996626 
0.00113547 0.00117698 0.00130322 0.00151941 0.00183426 0.00225993 0.00281204 0.00350966 0.00437516 0.00543411 0.00671504 0.00824912 0.0100698 0.0122121 0.0147124 0.0176069 0.0209317 0.0247208 0.0290061 0.0338153 0.0391716 0.0450921 0.0515868 0.0586582 0.0662996 0.0744957 0.0832209 0.0924404 0.102109 0.112174 0.122571 0.13323 0.144073 0.155018 0.165976 0.176856 0.187566 0.198014 0.208107 0.217757 0.226879 0.235392 0.243219 0.250294 0.256553 0.261943 0.266417 0.269937 0.272473 0.274003 0.274514 0.274003 0.272473 0.269937 0.266417 0.261943 0.256553 0.250294 0.243219 0.235392 0.226879 0.217757 0.208107 0.198014 0.187566 0.176856 0.165976 0.155018 0.144073 0.13323 0.122571 0.112174 0.102109 0.0924404 0.0832209 0.0744957 0.0662996 0.0586582 0.0515868 0.0450921 0.0391716 0.0338153 0.0290061 0.0247208 0.0209317 0.0176069 0.0147124 0.0122121 0.0100698 0.00824912 0.00671504 0.00543411 0.00437516 0.00350966 0.00281204 0.00225993 0.00183426 0.00151941 0.00130322 0.00117698 
0.00133289 0.00138119 0.0015281 0.00177956 0.00214552 0.00263988 0.00328046 0.00408896 0.00509078 0.00631492 0.00779362 0.00956201 0.0116576 0.0141197 0.0169886 0.0203045 0.024107 0.0284334 0.0333179 0.0387902 0.0448741 0.0515868 0.0589374 0.0669258 0.0755424 0.084767 0.0945689 0.104906 0.115727 0.12697 0.138562 0.150423 0.162468 0.174603 0.18673 0.19875 0.210563 0.222066 0.233162 0.243755 0.253753 0.26307 0.271628 0.279354 0.286182 0.292057 0.296929 0.300761 0.303519 0.305183 0.305739 0.305183 0.303519 0.300761 0.296929 0.292057 0.286182 0.279354 0.271628 0.26307 0.253753 0.243755 0.233162 0.222066 0.210563 0.19875 0.18673 0.174603 0.162468 0.150423 0.138562 0.12697 0.115727 0.104906 0.0945689 0.084767 0.0755424 0.0669258 0.0589374 0.0515868 0.0448741 0.0387902 0.0333179 0.0284334 0.024107 0.0203045 0.0169886 0.0141197 0.0116576 0.00956201 0.00779362 0.00631492 0.00509078 0.00408896 0.00328046 0.00263988 0.00214552 0.00177956 0.0015281 0.00138119 
0.00155483 0.00161071 0.00178059 0.00207126 0.00249401 0.00306461 0.00380325 0.00473447 0.00588697 0.00729338 0.00898991 0.0110159 0.0134132 0.0162254 0.0194971 0.0232726 0.0275949 0.0325044 0.0380378 0.0442262 0.0510941 0.0586582 0.0669258 0.0758943 0.0855499 0.0958673 0.106809 0.118327 0.130361 0.142839 0.15568 0.168795 0.182087 0.195453 0.208786 0.221977 0.234918 0.247498 0.259613 0.27116 0.282042 0.29217 0.30146 0.309836 0.317232 0.323589 0.328858 0.332998 0.335978 0.337775 0.338375 0.337775 0.335978 0.332998 0.328858 0.323589 0.317232 0.309836 0.30146 0.29217 0.282042 0.27116 0.259613 0.247498 0.234918 0.221977 0.208786 0.195453 0.182087 0.168795 0.15568 0.142839 0.130361 0.118327 0.106809 0.0958673 0.0855499 0.0758943 0.0669258 0.0586582 0.0510941 0.0442262 0.0380378 0.0325044 0.0275949 0.0232726 0.0194971 0.0162254 0.0134132 0.0110159 0.00898991 0.00729338 0.00588697 0.00473447 0.00380325 0.00306461 0.00249401 0.00207126 0.00178059 0.00161071 
0.00180247 0.00186671 0.00206197 0.00239591 0.00288127 0.00353584 0.00438237 0.00544842 0.00676621 0.00837223 0.0103069 0.012614 0.0153399 0.0185327 0.0222413 0.026514 0.0313975 0.0369353 0.0431659 0.0501218 0.0578279 0.0662996 0.0755424 0.0855499 0.0963037 0.107773 0.119913 0.132667 0.145965 0.159728 0.173864 0.188272 0.202847 0.217474 0.232038 0.246421 0.260504 0.27417 0.287309 0.299811 0.311576 0.322509 0.332524 0.341543 0.349497 0.356328 0.361985 0.366427 0.369622 0.371548 0.372192 0.371548 0.369622 0.366427 0.361985 0.356328 0.349497 0.341543 0.332524 0.322509 0.311576 0.299811 0.287309 0.27417 0.260504 0.246421 0.232038 0.217474 0.202847 0.188272 0.173864 0.159728 0.145965 0.132667 0.119913 0.107773 0.0963037 0.0855499 0.0755424 0.0662996 0.0578279 0.0501218 0.0431659 0.0369353 0.0313975 0.026514 0.0222413 0.0185327 0.0153399 0.012614 0.0103069 0.00837223 0.00676621 0.00544842 0.00438237 0.00353584 0.00288127 0.00239591 0.00206197 0.00186671 
0.00207669 0.00215009 0.00237316 0.00275448 0.00330837 0.00405475 0.00501908 0.00623216 0.00772991 0.00955292 0.011746 0.0143576 0.0174386 0.0210419 0.0252208 0.0300277 0.0355126 0.0417219 0.048696 0.0564685 0.0650636 0.0744957 0.084767 0.0958673 0.107773 0.120445 0.133833 0.14787 0.162478 0.177565 0.19303 0.208762 0.224644 0.240551 0.256359 0.27194 0.287167 0.301918 0.316074 0.329521 0.342155 0.353877 0.3646 0.374245 0.382742 0.390031 0.396062 0.400794 0.404197 0.406247 0.406932 0.406247 0.404197 0.400794 0.396062 0.390031 0.382742 0.374245 0.3646 0.353877 0.342155 0.329521 0.316074 0.301918 0.287167 0.27194 0.256359 0.240551 0.224644 0.208762 0.19303 0.177565 0.162478 0.14787 0.133833 0.120445 0.107773 0.0958673 0.084767 0.0744957 0.0650636 0.0564685 0.048696 0.0417219 0.0355126 0.0300277 0.0252208 0.0210419 0.0174386 0.0143576 0.011746 0.00955292 0.00772991 0.00623216 0.00501908 0.00405475 0.00330837 0.00275448 0.00237316 0.00215009 
0.00237803 0.0024614 0.0027147 0.00314754 0.00377585 0.00462185 0.00571384 0.00708606 0.00877827 0.0108354 0.0133068 0.0162456 0.0197077 0.0237506 0.0284319 0.0338081 0.0399327 0.0468545 0.0546155 0.0632498 0.0727809 0.0832209 0.0945689 0.106809 0.119913 0.133833 0.14851 0.163868 0.179818 0.196259 0.213076 0.23015 0.247351 0.264545 0.281597 0.298371 0.314732 0.330552 0.345706 0.360077 0.373555 0.386042 0.397448 0.407693 0.416707 0.424433 0.430819 0.435826 0.439424 0.441592 0.442316 0.441592 0.439424 0.435826 0.430819 0.424433 0.416707 0.407693 0.397448 0.386042 0.373555 0.360077 0.345706 0.330552 0.314732 0.298371 0.281597 0.264545 0.247351 0.23015 0.213076 0.196259 0.179818 0.163868 0.14851 0.133833 0.119913 0.106809 0.0945689 0.0832209 0.0727809 0.0632498 0.0546155 0.0468545 0.0399327 0.0338081 0.0284319 0.0237506 0.0197077 0.0162456 0.0133068 0.0108354 0.00877827 0.00708606 0.00571384 0.00462185 0.00377585 0.00314754 0.0027147 0.0024614 
0.00270662 0.00280075 0.00308669 0.00357509 0.00428363 0.00523689 0.00646621 0.00800935 0.00991013 0.0122179 0.0149868 0.0182748 0.0221426 0.0266526 0.0318667 0.0378453 0.0446451 0.052317 0.0609046 0.0704415 0.0809504 0.0924404 0.104906 0.118327 0.132667 0.14787 0.163868 0.180575 0.19789 0.215701 0.233883 0.252304 0.270823 0.289297 0.307581 0.32553 0.343003 0.359865 0.375987 0.391247 0.405536 0.418752 0.430806 0.441617 0.451119 0.459252 0.465969 0.471233 0.475012 0.477288 0.478048 0.477288 0.475012 0.471233 0.465969 0.459252 0.451119 0.441617 0.430806 0.418752 0.405536 0.391247 0.375987 0.359865 0.343003 0.32553 0.307581 0.289297 0.270823 0.252304 0.233883 0.215701 0.19789 0.180575 0.163868 0.14787 0.132667 0.118327 0.104906 0.0924404 0.0809504 0.0704415 0.0609046 0.052317 0.0446451 0.0378453 0.0318667 0.0266526 0.0221426 0.0182748 0.0149868 0.0122179 0.00991013 0.00800935 0.00646621 0.00523689 0.00428363 0.00357509 0.00308669 0.00280075 
0.00306214 0.0031678 0.0034887 0.00403658 0.00483093 0.00589883 0.00727472 0.00900006 0.0111229 0.013697 0.0167815 0.0204392 0.0247359 0.0297384 0.0355132 0.0421244 0.0496314 0.0580873 0.0675363 0.0780118 0.0895341 0.102109 0.115727 0.130361 0.145965 0.162478 0.179818 0.19789 0.216582 0.235769 0.255315 0.275075 0.2949 0.314634 0.334124 0.353218 0.371768 0.389634 0.406681 0.422789 0.437843 0.451744 0.464402 0.47574 0.48569 0.494198 0.501218 0.506714 0.510659 0.513033 0.513826 0.513033 0.510659 0.506714 0.501218 0.494198 0.48569 0.47574 0.464402 0.451744 0.437843 0.422789 0.406681 0.389634 0.371768 0.353218 0.334124 0.314634 0.2949 0.275075 0.255315 0.235769 0.216582 0.19789 0.179818 0.162478 0.145965 0.130361 0.115727 0.102109 0.0895341 0.0780118 0.0675363 0.0580873 0.0496314 0.0421244 0.0355132 0.0297384 0.0247359 0.0204392 0.0167815 0.013697 0.0111229 0.00900006 0.00727472 0.00589883 0.00483093 0.00403658 0.0034887 0.0031678 
0.00344376 0.00356168 0.00391973 0.0045308 0.00541624 0.00660571 0.00813686 0.0100549 0.0124122 0.0152673 0.018684 0.0227303 0.0274767 0.0329948 0.0393553 0.0466256 0.054868 0.0641369 0.074477 0.0859205 0.0984855 0.112174 0.12697 0.142839 0.159728 0.177565 0.196259 0.215701 0.235769 0.256325 0.277222 0.298303 0.319406 0.340369 0.361029 0.381225 0.400806 0.419625 0.437547 0.454447 0.470214 0.484748 0.49796 0.509776 0.520133 0.528978 0.536268 0.541971 0.546062 0.548523 0.549344 0.548523 0.546062 0.541971 0.536268 0.528978 0.520133 0.509776 0.49796 0.484748 0.470214 0.454447 0.437547 0.419625 0.400806 0.381225 0.361029 0.340369 0.319406 0.298303 0.277222 0.256325 0.235769 0.215701 0.196259 0.177565 0.159728 0.142839 0.12697 0.112174 0.0984855 0.0859205 0.074477 0.0641369 0.054868 0.0466256 0.0393553 0.0329948 0.0274767 0.0227303 0.018684 0.0152673 0.0124122 0.0100549 0.00813686 0.00660571 0.00541624 0.0045308 0.00391973 0.00356168 
0.00385013 0.00398097 0.0043782 0.00505587 0.00603725 0.00735463 0.00904896 0.0111694 0.0137725 0.0169215 0.0206853 0.0251367 0.0303513 0.036405 0.0433724 0.0513244 0.0603254 0.0704311 0.081686 0.0941206 0.10775 0.122571 0.138562 0.15568 0.173864 0.19303 0.213076 0.233883 0.255315 0.277222 0.299444 0.321813 0.344159 0.366307 0.388087 0.409334 0.429888 0.449601 0.468337 0.485969 0.502388 0.517494 0.531205 0.543447 0.554163 0.563302 0.570827 0.576709 0.580925 0.58346 0.584306 0.58346 0.580925 0.576709 0.570827 0.563302 0.554163 0.543447 0.531205 0.517494 0.502388 0.485969 0.468337 0.449601 0.429888 0.409334 0.388087 0.366307 0.344159 0.321813 0.299444 0.277222 0.255315 0.233883 0.213076 0.19303 0.173864 0.15568 0.138562 0.122571 0.10775 0.0941206 0.081686 0.0704311 0.0603254 0.0513244 0.0433724 0.036405 0.0303513 0.0251367 0.0206853 0.0169215 0.0137725 0.0111694 0.00904896 0.00735463 0.00603725 0.00505587 0.0043782 0.00398097 
0.00427932 0.00442369 0.00486191 0.00560921 0.00669083 0.00814174 0.0100062 0.0123373 0.015196 0.0186504 0.0227739 0.0276446 0.0333426 0.0399483 0.0475401 0.0561916 0.0659694 0.0769297 0.0891163 0.102558 0.117265 0.13323 0.150423 0.168795 0.188272 0.208762 0.23015 0.252304 0.275075 0.298303 0.321813 0.345429 0.368967 0.392247 0.415089 0.437323 0.458786 0.479326 0.498806 0.517103 0.534106 0.549722 0.563869 0.576482 0.587505 0.596894 0.604617 0.610647 0.614967 0.617563 0.618429 0.617563 0.614967 0.610647 0.604617 0.596894 0.587505 0.576482 0.563869 0.549722 0.534106 0.517103 0.498806 0.479326 0.458786 0.437323 0.415089 0.392247 0.368967 0.345429 0.321813 0.298303 0.275075 0.252304 0.23015 0.208762 0.188272 0.168795 0.150423 0.13323 0.117265 0.102558 0.0891163 0.0769297 0.0659694 0.0561916 0.0475401 0.0399483 0.0333426 0.0276446 0.0227739 0.0186504 0.015196 0.0123373 0.0100062 0.00814174 0.00669083 0.00560921 0.00486191 0.00442369 
0.00472883 0.00488725 0.00536799 0.00618751 0.00737303 0.00896221 0.0110027 0.0135515 0.0166739 0.0204427 0.0249363 0.0302374 0.0364307 0.0436009 0.0518298 0.0611937 0.0717605 0.0835869 0.0967153 0.111172 0.126962 0.144073 0.162468 0.182087 0.202847 0.224644 0.247351 0.270823 0.2949 0.319406 0.344159 0.368967 0.393641 0.417988 0.441826 0.464976 0.487274 0.508568 0.528719 0.547606 0.565123 0.58118 0.595701 0.608624 0.619902 0.629495 0.637377 0.643525 0.647926 0.65057 0.651452 0.65057 0.647926 0.643525 0.637377 0.629495 0.619902 0.608624 0.595701 0.58118 0.565123 0.547606 0.528719 0.508568 0.487274 0.464976 0.441826 0.417988 0.393641 0.368967 0.344159 0.319406 0.2949 0.270823 0.247351 0.224644 0.202847 0.182087 0.162468 0.144073 0.126962 0.111172 0.0967153 0.0835869 0.0717605 0.0611937 0.0518298 0.0436009 0.0364307 0.0302374 0.0249363 0.0204427 0.0166739 0.0135515 0.0110027 0.00896221 0.00737303 0.00618751 0.00536799 0.00488725 
0.0051956 0.00536846 0.00589297 0.00678678 0.00807908 0.00981027 0.0120313 0.0148031 0.0181954 0.0222854 0.0271565 0.0328959 0.0395928 0.0473357 0.0562096 0.0662931 0.0776552 0.0903523 0.104425 0.119896 0.136767 0.155018 0.174603 0.195453 0.217474 0.240551 0.264545 0.289297 0.314634 0.340369 0.366307 0.392247 0.417988 0.443334 0.468092 0.492083 0.515138 0.537106 0.557851 0.577253 0.59521 0.611637 0.626466 0.639641 0.651119 0.660871 0.668872 0.675108 0.679568 0.682246 0.683139 0.682246 0.679568 0.675108 0.668872 0.660871 0.651119 0.639641 0.626466 0.611637 0.59521 0.577253 0.557851 0.537106 0.515138 0.492083 0.468092 0.443334 0.417988 0.392247 0.366307 0.340369 0.314634 0.289297 0.264545 0.240551 0.217474 0.195453 0.174603 0.155018 0.136767 0.119896 0.104425 0.0903523 0.0776552 0.0662931 0.0562096 0.0473357 0.0395928 0.0328959 0.0271565 0.0222854 0.0181954 0.0148031 0.0120313 0.00981027 0.00807908 0.00678678 0.00589297 0.00536846 
0.00567599 0.0058636 0.00643276 0.00740232 0.00880345 0.0106792 0.013084 0.0160824 0.0197485 0.024164 0.0294169 0.035599 0.0428036 0.0511227 0.0606443 0.0714489 0.083606 0.0971715 0.112184 0.128662 0.146602 0.165976 0.18673 0.208786 0.232038 0.256359 0.281597 0.307581 0.334124 0.361029 0.388087 0.415089 0.441826 0.468092 0.493692 0.518442 0.542174 0.564736 0.585994 0.605832 0.624155 0.640884 0.655955 0.669322 0.68095 0.690813 0.698896 0.705189 0.709687 0.712386 0.713286 0.712386 0.709687 0.705189 0.698896 0.690813 0.68095 0.669322 0.655955 0.640884 0.624155 0.605832 0.585994 0.564736 0.542174 0.518442 0.493692 0.468092 0.441826 0.415089 0.388087 0.361029 0.334124 0.307581 0.281597 0.256359 0.232038 0.208786 0.18673 0.165976 0.146602 0.128662 0.112184 0.0971715 0.083606 0.0714489 0.0606443 0.0511227 0.0428036 0.035599 0.0294169 0.024164 0.0197485 0.0160824 0.013084 0.0106792 0.00880345 0.00740232 0.00643276 0.0058636 
0.00616587 0.00636839 0.00698269 0.00802882 0.00953989 0.0115616 0.0141515 0.0173782 0.0213197 0.0260623 0.0316981 0.0383234 0.0460354 0.0549295 0.0650961 0.0766171 0.0895625 0.103987 0.119926 0.137395 0.156383 0.176856 0.19875 0.221977 0.246421 0.27194 0.298371 0.32553 0.353218 0.381225 0.409334 0.437323 0.464976 0.492083 0.518442 0.543869 0.568195 0.591268 0.61296 0.633159 0.651775 0.668736 0.683988 0.69749 0.709215 0.719147 0.727275 0.733597 0.738112 0.74082 0.741723 0.74082 0.738112 0.733597 0.727275 0.719147 0.709215 0.69749 0.683988 0.668736 0.651775 0.633159 0.61296 0.591268 0.568195 0.543869 0.518442 0.492083 0.464976 0.437323 0.409334 0.381225 0.353218 0.32553 0.298371 0.27194 0.246421 0.221977 0.19875 0.176856 0.156383 0.137395 0.119926 0.103987 0.0895625 0.0766171 0.0650961 0.0549295 0.0460354 0.0383234 0.0316981 0.0260623 0.0213197 0.0173782 0.0141515 0.0115616 0.00953989 0.00802882 0.00698269 0.00636839 
0.00666061 0.00687808 0.00753761 0.00866041 0.0102815 0.0124492 0.0152241 0.0186786 0.0228946 0.0279627 0.0339792 0.0410444 0.0492591 0.0587217 0.0695249 0.0817517 0.0954718 0.110738 0.127584 0.14602 0.166028 0.187566 0.210563 0.234918 0.260504 0.287167 0.314732 0.343003 0.371768 0.400806 0.429888 0.458786 0.487274 0.515138 0.542174 0.568195 0.593032 0.616537 0.638585 0.65907 0.67791 0.695038 0.71041 0.723993 0.735769 0.745729 0.753869 0.760194 0.764707 0.767412 0.768313 0.767412 0.764707 0.760194 0.753869 0.745729 0.735769 0.723993 0.71041 0.695038 0.67791 0.65907 0.638585 0.616537 0.593032 0.568195 0.542174 0.515138 0.487274 0.458786 0.429888 0.400806 0.371768 0.343003 0.314732 0.287167 0.260504 0.234918 0.210563 0.187566 0.166028 0.14602 0.127584 0.110738 0.0954718 0.0817517 0.0695249 0.0587217 0.0492591 0.0410444 0.0339792 0.0279627 0.0228946 0.0186786 0.0152241 0.0124492 0.0102815 0.00866041 0.00753761 0.00687808 
0.00715519 0.00738749 0.00809189 0.00929072 0.0110209 0.013333 0.0162911 0.0199707 0.0244578 0.0298468 0.0362381 0.0437357 0.0524438 0.0624636 0.0738894 0.086805 0.10128 0.117365 0.13509 0.154459 0.175451 0.198014 0.222066 0.247498 0.27417 0.301918 0.330552 0.359865 0.389634 0.419625 0.449601 0.479326 0.508568 0.537106 0.564736 0.591268 0.616537 0.640398 0.662728 0.68343 0.702427 0.719663 0.7351 0.748716 0.760499 0.77045 0.778572 0.784876 0.789369 0.792062 0.792959 0.792062 0.789369 0.784876 0.778572 0.77045 0.760499 0.748716 0.7351 0.719663 0.702427 0.68343 0.662728 0.640398 0.616537 0.591268 0.564736 0.537106 0.508568 0.479326 0.449601 0.419625 0.389634 0.359865 0.330552 0.301918 0.27417 0.247498 0.222066 0.198014 0.175451 0.154459 0.13509 0.117365 0.10128 0.086805 0.0738894 0.0624636 0.0524438 0.0437357 0.0362381 0.0298468 0.0244578 0.0199707 0.0162911 0.013333 0.0110209 0.00929072 0.00809189 0.00738749 
0.00764427 0.00789114 0.00863958 0.00991303 0.0117501 0.0142039 0.0173413 0.0212411 0.0259931 0.0316953 0.038452 0.0463705 0.0555582 0.0661184 0.0781471 0.0917285 0.106931 0.123804 0.142373 0.162638 0.184569 0.208107 0.233162 0.259613 0.287309 0.316074 0.345706 0.375987 0.406681 0.437547 0.468337 0.498806 0.528719 0.557851 0.585994 0.61296 0.638585 0.662728 0.685272 0.706127 0.725223 0.742512 0.757966 0.77157 0.783324 0.793233 0.801312 0.807574 0.812034 0.814705 0.815594 0.814705 0.812034 0.807574 0.801312 0.793233 0.783324 0.77157 0.757966 0.742512 0.725223 0.706127 0.685272 0.662728 0.638585 0.61296 0.585994 0.557851 0.528719 0.498806 0.468337 0.437547 0.406681 0.375987 0.345706 0.316074 0.287309 0.259613 0.233162 0.208107 0.184569 0.162638 0.142373 0.123804 0.106931 0.0917285 0.0781471 0.0661184 0.0555582 0.0463705 0.038452 0.0316953 0.0259931 0.0212411 0.0173413 0.0142039 0.0117501 0.00991303 0.00863958 0.00789114 
