2.41648e-06 2.5664e-06 3.02937e-06 3.84577e-06 5.08487e-06 6.84797e-06 9.27253e-06 1.25374e-05 1.6869e-05 2.25481e-05 2.99172e-05 3.93878e-05 5.14481e-05 6.66686e-05 8.57078e-05 0.000109315 0.00013833 0.000173683 0.000216382 0.000267508 0.000328191 0.000399595 0.000482882 0.000579188 0.000689575 0.000814995 0.000956243 0.00111391 0.00128833 0.00147955 0.00168728 0.00191084 0.00214918 0.00240082 0.00266387 0.00293603 0.00321463 0.00349662 0.00377868 0.00405725 0.00432859 0.00458889 0.00483434 0.0050612 0.00526594 0.00544528 0.00559629 0.00571647 0.0058038 0.0058568 0.00587457 0.0058568 0.0058038 0.00571647 0.00559629 0.00544528 0.00526594 0.0050612 0.00483434 0.00458889 0.00432859 0.00405725 0.00377868 0.00349662 0.00321463 0.00293603 0.00266387 0.00240082 0.00214918 0.00191084 0.00168728 0.00147955 0.00128833 0.00111391 0.000956243 0.000814995 0.000689575 0.000579188 0.000482882 0.000399595 0.000328191 0.000267508 0.000216382 0.000173683 0.00013833 0.000109315 8.57078e-05 6.66686e-05 5.14481e-05 3.93878e-05 2.99172e-05 2.25481e-05 1.6869e-05 1.25374e-05 9.27253e-06 6.84797e-06 5.08487e-06 3.84577e-06 3.02937e-06 2.5664e-06 
2.5664e-06 2.72517e-06 3.21548e-06 4.07988e-06 5.39145e-06 7.25697e-06 9.8213e-06 1.32728e-05 1.78498e-05 2.38476e-05 3.16262e-05 4.16182e-05 5.43357e-05 7.03772e-05 9.04329e-05 0.000115287 0.00014582 0.000183002 0.000227887 0.000281602 0.000345326 0.00042027 0.000507643 0.000608622 0.000724308 0.000855687 0.00100358 0.00116858 0.00135103 0.00155097 0.00176807 0.00200163 0.00225053 0.00251321 0.0027877 0.00307161 0.00336212 0.00365608 0.00395003 0.00424026 0.00452289 0.00479395 0.00504948 0.00528563 0.00549871 0.00568533 0.00584245 0.00596748 0.00605833 0.00611346 0.00613194 0.00611346 0.00605833 0.00596748 0.00584245 0.00568533 0.00549871 0.00528563 0.00504948 0.00479395 0.00452289 0.00424026 0.00395003 0.00365608 0.00336212 0.00307161 0.0027877 0.00251321 0.00225053 0.00200163 0.00176807 0.00155097 0.00135103 0.00116858 0.00100358 0.000855687 0.000724308 0.000608622 0.000507643 0.00042027 0.000345326 0.000281602 0.000227887 0.000183002 0.00014582 0.000115287 9.04329e-05 7.03772e-05 5.43357e-05 4.16182e-05 3.16262e-05 2.38476e-05 1.78498e-05 1.32728e-05 9.8213e-06 7.25697e-06 5.39145e-06 4.07988e-06 3.21548e-06 2.72517e-06 
3.02937e-06 3.21548e-06 3.79002e-06 4.80235e-06 6.33717e-06 8.51813e-06 1.15128e-05 1.55386e-05 2.08706e-05 2.78487e-05 3.68867e-05 4.84806e-05 6.32171e-05 8.17799e-05 0.000104956 0.000133638 0.000168824 0.000211614 0.000263198 0.000324846 0.000397882 0.000483661 0.000583534 0.000698806 0.000830697 0.000980286 0.00114846 0.00133586 0.00154284 0.00176938 0.00201509 0.00227913 0.0025602 0.00285654 0.00316589 0.00348555 0.00381235 0.00414275 0.00447287 0.00479857 0.00511551 0.00541929 0.0057055 0.00596986 0.00620829 0.00641703 0.00659271 0.00673248 0.00683401 0.00689562 0.00691628 0.00689562 0.00683401 0.00673248 0.00659271 0.00641703 0.00620829 0.00596986 0.0057055 0.00541929 0.00511551 0.00479857 0.00447287 0.00414275 0.00381235 0.00348555 0.00316589 0.00285654 0.0025602 0.00227913 0.00201509 0.00176938 0.00154284 0.00133586 0.00114846 0.000980286 0.000830697 0.000698806 0.000583534 0.000483661 0.000397882 0.000324846 0.000263198 0.000211614 0.000168824 0.000133638 0.000104956 8.17799e-05 6.32171e-05 4.84806e-05 3.68867e-05 2.78487e-05 2.08706e-05 1.55386e-05 1.15128e-05 8.51813e-06 6.33717e-06 4.80235e-06 3.79002e-06 3.21548e-06 
3.84577e-06 4.07988e-06 4.80235e-06 6.07441e-06 8.00102e-06 1.07353e-05 1.44842e-05 1.95163e-05 2.617e-05 3.4863e-05 4.61025e-05 6.04949e-05 7.87555e-05 0.000101716 0.00013033 0.000165678 0.000208961 0.000261502 0.000324726 0.000400145 0.000489334 0.000593895 0.000715416 0.000855426 0.00101534 0.00119639 0.00139959 0.00162565 0.0018749 0.00214728 0.00244223 0.00275871 0.00309511 0.00344928 0.00381849 0.0041995 0.00458854 0.00498141 0.0053735 0.00575993 0.00613562 0.00649539 0.00683407 0.00714667 0.00742843 0.00767497 0.00788237 0.0080473 0.00816709 0.00823976 0.00826411 0.00823976 0.00816709 0.0080473 0.00788237 0.00767497 0.00742843 0.00714667 0.00683407 0.00649539 0.00613562 0.00575993 0.0053735 0.00498141 0.00458854 0.0041995 0.00381849 0.00344928 0.00309511 0.00275871 0.00244223 0.00214728 0.0018749 0.00162565 0.00139959 0.00119639 0.00101534 0.000855426 0.000715416 0.000593895 0.000489334 0.000400145 0.000324726 0.000261502 0.000208961 0.000165678 0.00013033 0.000101716 7.87555e-05 6.04949e-05 4.61025e-05 3.4863e-05 2.617e-05 1.95163e-05 1.44842e-05 1.07353e-05 8.00102e-06 6.07441e-06 4.80235e-06 4.07988e-06 
5.08487e-06 5.39145e-06 6.33717e-06 8.00102e-06 1.05183e-05 1.40861e-05 1.89705e-05 2.55159e-05 3.41552e-05 4.54221e-05 5.99623e-05 7.85461e-05 0.000102079 0.000131612 0.000168344 0.000213632 0.000268977 0.000336026 0.000416548 0.000512412 0.000625554 0.000757935 0.000911487 0.00108806 0.00128934 0.00151679 0.00177159 0.00205452 0.00236592 0.0027056 0.0030728 0.00346613 0.00388353 0.00432228 0.00477898 0.00524957 0.00572941 0.00621333 0.0066957 0.00717054 0.00763169 0.00807284 0.00848778 0.00887044 0.00921509 0.00951647 0.00976988 0.00997132 0.0101176 0.0102063 0.010236 0.0102063 0.0101176 0.00997132 0.00976988 0.00951647 0.00921509 0.00887044 0.00848778 0.00807284 0.00763169 0.00717054 0.0066957 0.00621333 0.00572941 0.00524957 0.00477898 0.00432228 0.00388353 0.00346613 0.0030728 0.0027056 0.00236592 0.00205452 0.00177159 0.00151679 0.00128934 0.00108806 0.000911487 0.000757935 0.000625554 0.000512412 0.000416548 0.000336026 0.000268977 0.000213632 0.000168344 0.000131612 0.000102079 7.85461e-05 5.99623e-05 4.54221e-05 3.41552e-05 2.55159e-05 1.89705e-05 1.40861e-05 1.05183e-05 8.00102e-06 6.33717e-06 5.39145e-06 
6.84797e-06 7.25697e-06 8.51813e-06 1.07353e-05 1.40861e-05 1.88291e-05 2.53126e-05 3.39868e-05 4.54164e-05 6.02953e-05 7.94616e-05 0.000103912 0.000134815 0.000173522 0.000221572 0.000280696 0.000352809 0.000439998 0.0005445 0.000668667 0.000814921 0.000985706 0.00118341 0.00141031 0.00166845 0.00195961 0.00228514 0.00264594 0.0030423 0.00347388 0.0039396 0.00443759 0.00496518 0.00551884 0.00609425 0.00668628 0.00728908 0.00789617 0.00850054 0.00909477 0.0096712 0.0102221 0.0107397 0.0112167 0.011646 0.0120211 0.0123364 0.0125869 0.0127687 0.0128789 0.0129159 0.0128789 0.0127687 0.0125869 0.0123364 0.0120211 0.011646 0.0112167 0.0107397 0.0102221 0.0096712 0.00909477 0.00850054 0.00789617 0.00728908 0.00668628 0.00609425 0.00551884 0.00496518 0.00443759 0.0039396 0.00347388 0.0030423 0.00264594 0.00228514 0.00195961 0.00166845 0.00141031 0.00118341 0.000985706 0.000814921 0.000668667 0.0005445 0.000439998 0.000352809 0.000280696 0.000221572 0.000173522 0.000134815 0.000103912 7.94616e-05 6.02953e-05 4.54164e-05 3.39868e-05 2.53126e-05 1.88291e-05 1.40861e-05 1.07353e-05 8.51813e-06 7.25697e-06 
9.27253e-06 9.8213e-06 1.15128e-05 1.44842e-05 1.89705e-05 2.53126e-05 3.39697e-05 4.55336e-05 6.07453e-05 8.05133e-05 0.000105932 0.000138299 0.000179133 0.000230181 0.000293433 0.000371112 0.000465675 0.000579787 0.000716291 0.000878166 0.00106847 0.00129025 0.0015465 0.00184001 0.0021733 0.00254849 0.0029672 0.00343039 0.00393831 0.00449037 0.00508504 0.00571983 0.00639122 0.00709466 0.00782458 0.00857445 0.00933687 0.0101037 0.010866 0.0116147 0.0123401 0.0130327 0.0136828 0.0142814 0.0148197 0.0152898 0.0156847 0.0159983 0.0162258 0.0163637 0.01641 0.0163637 0.0162258 0.0159983 0.0156847 0.0152898 0.0148197 0.0142814 0.0136828 0.0130327 0.0123401 0.0116147 0.010866 0.0101037 0.00933687 0.00857445 0.00782458 0.00709466 0.00639122 0.00571983 0.00508504 0.00449037 0.00393831 0.00343039 0.0029672 0.00254849 0.0021733 0.00184001 0.0015465 0.00129025 0.00106847 0.000878166 0.000716291 0.000579787 0.000465675 0.000371112 0.000293433 0.000230181 0.000179133 0.000138299 0.000105932 8.05133e-05 6.07453e-05 4.55336e-05 3.39697e-05 2.53126e-05 1.89705e-05 1.44842e-05 1.15128e-05 9.8213e-06 
1.25374e-05 1.32728e-05 1.55386e-05 1.95163e-05 2.55159e-05 3.39868e-05 4.55336e-05 6.09337e-05 8.11588e-05 0.000107397 0.000141077 0.000183888 0.000237798 0.000305071 0.000388271 0.000490257 0.000614177 0.000763429 0.000941629 0.00115254 0.00140002 0.00168789 0.00201985 0.00239936 0.00282949 0.00331279 0.00385113 0.00444556 0.00509622 0.00580214 0.00656123 0.00737015 0.00822428 0.00911773 0.0100434 0.0109929 0.0119569 0.0129251 0.0138865 0.0148295 0.0157422 0.0166125 0.0174289 0.0181798 0.0188546 0.0194435 0.0199379 0.0203303 0.020615 0.0207875 0.0208453 0.0207875 0.020615 0.0203303 0.0199379 0.0194435 0.0188546 0.0181798 0.0174289 0.0166125 0.0157422 0.0148295 0.0138865 0.0129251 0.0119569 0.0109929 0.0100434 0.00911773 0.00822428 0.00737015 0.00656123 0.00580214 0.00509622 0.00444556 0.00385113 0.00331279 0.00282949 0.00239936 0.00201985 0.00168789 0.00140002 0.00115254 0.000941629 0.000763429 0.000614177 0.000490257 0.000388271 0.000305071 0.000237798 0.000183888 0.000141077 0.000107397 8.11588e-05 6.09337e-05 4.55336e-05 3.39868e-05 2.55159e-05 1.95163e-05 1.55386e-05 1.32728e-05 
1.6869e-05 1.78498e-05 2.08706e-05 2.617e-05 3.41552e-05 4.54164e-05 6.07453e-05 8.11588e-05 0.000107925 0.000142592 0.000187013 0.000243379 0.000314231 0.000402486 0.000511433 0.000644735 0.000806402 0.00100075 0.00123236 0.00150596 0.00182639 0.0021984 0.00262658 0.00311515 0.00366785 0.0042877 0.00497685 0.00573642 0.00656631 0.00746509 0.00842986 0.00945619 0.0105381 0.0116679 0.0128367 0.0140337 0.0152473 0.0164645 0.0176716 0.018854 0.0199972 0.0210862 0.0221067 0.0230445 0.0238867 0.0246211 0.0252373 0.0257263 0.0260808 0.0262957 0.0263677 0.0262957 0.0260808 0.0257263 0.0252373 0.0246211 0.0238867 0.0230445 0.0221067 0.0210862 0.0199972 0.018854 0.0176716 0.0164645 0.0152473 0.0140337 0.0128367 0.0116679 0.0105381 0.00945619 0.00842986 0.00746509 0.00656631 0.00573642 0.00497685 0.0042877 0.00366785 0.00311515 0.00262658 0.0021984 0.00182639 0.00150596 0.00123236 0.00100075 0.000806402 0.000644735 0.000511433 0.000402486 0.000314231 0.000243379 0.000187013 0.000142592 0.000107925 8.11588e-05 6.07453e-05 4.54164e-05 3.41552e-05 2.617e-05 2.08706e-05 1.78498e-05 
2.25481e-05 2.38476e-05 2.78487e-05 3.4863e-05 4.54221e-05 6.02953e-05 8.05133e-05 0.000107397 0.000142592 0.000188098 0.000246311 0.000320045 0.000412567 0.000527603 0.000669354 0.000842471 0.00105203 0.00130349 0.00160258 0.00195524 0.00236746 0.00284513 0.00339386 0.00401882 0.00472445 0.00551431 0.00639083 0.00735513 0.00840678 0.00954367 0.0107619 0.0120556 0.013417 0.0148364 0.0163023 0.0178015 0.0193191 0.0208392 0.0223445 0.0238174 0.0252396 0.0265931 0.02786 0.0290234 0.0300672 0.030977 0.0317398 0.0323449 0.0327834 0.0330491 0.0331381 0.0330491 0.0327834 0.0323449 0.0317398 0.030977 0.0300672 0.0290234 0.02786 0.0265931 0.0252396 0.0238174 0.0223445 0.0208392 0.0193191 0.0178015 0.0163023 0.0148364 0.013417 0.0120556 0.0107619 0.00954367 0.00840678 0.00735513 0.00639083 0.00551431 0.00472445 0.00401882 0.00339386 0.00284513 0.00236746 0.00195524 0.00160258 0.00130349 0.00105203 0.000842471 0.000669354 0.000527603 0.000412567 0.000320045 0.000246311 0.000188098 0.000142592 0.000107397 8.05133e-05 6.02953e-05 4.54221e-05 3.4863e-05 2.78487e-05 2.38476e-05 
2.99172e-05 3.16262e-05 3.68867e-05 4.61025e-05 5.99623e-05 7.94616e-05 0.000105932 0.000141077 0.000187013 0.000246311 0.000322035 0.000417782 0.00053771 0.000686553 0.000869623 0.00109279 0.00136243 0.00168537 0.00206875 0.00251993 0.0030463 0.00365507 0.00435306 0.00514647 0.00604058 0.00703952 0.00814595 0.00936088 0.0106834 0.0121105 0.0136369 0.015255 0.0169549 0.0187243 0.0205487 0.0224116 0.0242945 0.0261777 0.0280402 0.0298601 0.0316155 0.0332841 0.0348444 0.0362759 0.0375593 0.038677 0.0396137 0.0403563 0.0408943 0.0412202 0.0413294 0.0412202 0.0408943 0.0403563 0.0396137 0.038677 0.0375593 0.0362759 0.0348444 0.0332841 0.0316155 0.0298601 0.0280402 0.0261777 0.0242945 0.0224116 0.0205487 0.0187243 0.0169549 0.015255 0.0136369 0.0121105 0.0106834 0.00936088 0.00814595 0.00703952 0.00604058 0.00514647 0.00435306 0.00365507 0.0030463 0.00251993 0.00206875 0.00168537 0.00136243 0.00109279 0.000869623 0.000686553 0.00053771 0.000417782 0.000322035 0.000246311 0.000187013 0.000141077 0.000105932 7.94616e-05 5.99623e-05 4.61025e-05 3.68867e-05 3.16262e-05 
3.93878e-05 4.16182e-05 4.84806e-05 6.04949e-05 7.85461e-05 0.000103912 0.000138299 0.000183888 0.000243379 0.000320045 0.000417782 0.000541144 0.000695385 0.000886466 0.00112105 0.00140648 0.0017507 0.00216217 0.00264972 0.00322238 0.00388917 0.00465885 0.00553961 0.00653881 0.00766264 0.00891577 0.0103011 0.0118193 0.0134689 0.0152456 0.0171424 0.0191495 0.0212544 0.0234415 0.0256929 0.027988 0.0303043 0.0326175 0.0349021 0.0371316 0.0392792 0.0413184 0.0432233 0.0449693 0.0465333 0.0478946 0.0490346 0.0499379 0.0505921 0.0509883 0.051121 0.0509883 0.0505921 0.0499379 0.0490346 0.0478946 0.0465333 0.0449693 0.0432233 0.0413184 0.0392792 0.0371316 0.0349021 0.0326175 0.0303043 0.027988 0.0256929 0.0234415 0.0212544 0.0191495 0.0171424 0.0152456 0.0134689 0.0118193 0.0103011 0.00891577 0.00766264 0.00653881 0.00553961 0.00465885 0.00388917 0.00322238 0.00264972 0.00216217 0.0017507 0.00140648 0.00112105 0.000886466 0.000695385 0.000541144 0.000417782 0.000320045 0.000243379 0.000183888 0.000138299 0.000103912 7.85461e-05 6.04949e-05 4.84806e-05 4.16182e-05 
5.14481e-05 5.43357e-05 6.32171e-05 7.87555e-05 0.000102079 0.000134815 0.000179133 0.000237798 0.000314231 0.000412567 0.00053771 0.000695385 0.000892171 0.00113551 0.00143369 0.00179582 0.00223171 0.00275174 0.00336673 0.00408767 0.00492545 0.00589059 0.00699283 0.00824081 0.00964165 0.0112006 0.0129206 0.0148019 0.0168419 0.019035 0.021372 0.0238403 0.026424 0.0291041 0.0318581 0.034661 0.0374853 0.0403015 0.0430788 0.0457854 0.0483893 0.0508589 0.0531634 0.0552735 0.0571621 0.0588046 0.0601793 0.061268 0.0620562 0.0625335 0.0626932 0.0625335 0.0620562 0.061268 0.0601793 0.0588046 0.0571621 0.0552735 0.0531634 0.0508589 0.0483893 0.0457854 0.0430788 0.0403015 0.0374853 0.034661 0.0318581 0.0291041 0.026424 0.0238403 0.021372 0.019035 0.0168419 0.0148019 0.0129206 0.0112006 0.00964165 0.00824081 0.00699283 0.00589059 0.00492545 0.00408767 0.00336673 0.00275174 0.00223171 0.00179582 0.00143369 0.00113551 0.000892171 0.000695385 0.00053771 0.000412567 0.000314231 0.000237798 0.000179133 0.000134815 0.000102079 7.87555e-05 6.32171e-05 5.43357e-05 
6.66686e-05 7.03772e-05 8.17799e-05 0.000101716 0.000131612 0.000173522 0.000230181 0.000305071 0.000402486 0.000527603 0.000686553 0.000886466 0.00113551 0.0014429 0.00181886 0.00227457 0.00282203 0.00347392 0.00424331 0.00514346 0.00618741 0.00738762 0.00875557 0.0103013 0.0120328 0.0139558 0.0160732 0.0183845 0.020886 0.0235697 0.026424 0.029433 0.0325768 0.0358319 0.0391709 0.0425633 0.045976 0.0493736 0.0527193 0.0559752 0.0591035 0.0620667 0.0648287 0.0673552 0.0696144 0.0715777 0.0732198 0.0745196 0.0754603 0.0760297 0.0762203 0.0760297 0.0754603 0.0745196 0.0732198 0.0715777 0.0696144 0.0673552 0.0648287 0.0620667 0.0591035 0.0559752 0.0527193 0.0493736 0.045976 0.0425633 0.0391709 0.0358319 0.0325768 0.029433 0.026424 0.0235697 0.020886 0.0183845 0.0160732 0.0139558 0.0120328 0.0103013 0.00875557 0.00738762 0.00618741 0.00514346 0.00424331 0.00347392 0.00282203 0.00227457 0.00181886 0.0014429 0.00113551 0.000886466 0.000686553 0.000527603 0.000402486 0.000305071 0.000230181 0.000173522 0.000131612 0.000101716 8.17799e-05 7.03772e-05 
8.57078e-05 9.04329e-05 0.000104956 0.00013033 0.000168344 0.000221572 0.000293433 0.000388271 0.000511433 0.000669354 0.000869623 0.00112105 0.00143369 0.00181886 0.00228905 0.00285787 0.00353989 0.00435039 0.00530508 0.00641976 0.00770988 0.00919008 0.0108737 0.0127721 0.0148943 0.0172464 0.0198309 0.0226464 0.0256872 0.0289431 0.0323989 0.0360349 0.0398267 0.0437451 0.0477573 0.0518265 0.055913 0.0599748 0.0639683 0.067849 0.0715724 0.0750948 0.0783743 0.081371 0.0840481 0.0863727 0.0883156 0.0898527 0.0909647 0.0916375 0.0918627 0.0916375 0.0909647 0.0898527 0.0883156 0.0863727 0.0840481 0.081371 0.0783743 0.0750948 0.0715724 0.067849 0.0639683 0.0599748 0.055913 0.0518265 0.0477573 0.0437451 0.0398267 0.0360349 0.0323989 0.0289431 0.0256872 0.0226464 0.0198309 0.0172464 0.0148943 0.0127721 0.0108737 0.00919008 0.00770988 0.00641976 0.00530508 0.00435039 0.00353989 0.00285787 0.00228905 0.00181886 0.00143369 0.00112105 0.000869623 0.000669354 0.000511433 0.000388271 0.000293433 0.000221572 0.000168344 0.00013033 0.000104956 9.04329e-05 
0.000109315 0.000115287 0.000133638 0.000165678 0.000213632 0.000280696 0.000371112 0.000490257 0.000644735 0.000842471 0.00109279 0.00140648 0.00179582 0.00227457 0.00285787 0.00356217 0.00440495 0.00540447 0.00657943 0.00794849 0.00952975 0.0113402 0.0133951 0.0157074 0.0182868 0.0211396 0.0242676 0.027668 0.0313329 0.0352488 0.0393968 0.0437522 0.0482852 0.0529606 0.0577387 0.0625759 0.0674252 0.072237 0.0769602 0.081543 0.0859339 0.0900822 0.0939397 0.0974606 0.100603 0.103329 0.105606 0.107407 0.108709 0.109496 0.10976 0.109496 0.108709 0.107407 0.105606 0.103329 0.100603 0.0974606 0.0939397 0.0900822 0.0859339 0.081543 0.0769602 0.072237 0.0674252 0.0625759 0.0577387 0.0529606 0.0482852 0.0437522 0.0393968 0.0352488 0.0313329 0.027668 0.0242676 0.0211396 0.0182868 0.0157074 0.0133951 0.0113402 0.00952975 0.00794849 0.00657943 0.00540447 0.00440495 0.00356217 0.00285787 0.00227457 0.00179582 0.00140648 0.00109279 0.000842471 0.000644735 0.000490257 0.000371112 0.000280696 0.000213632 0.000165678 0.000133638 0.000115287 
0.00013833 0.00014582 0.000168824 0.000208961 0.000268977 0.000352809 0.000465675 0.000614177 0.000806402 0.00105203 0.00136243 0.0017507 0.00223171 0.00282203 0.00353989 0.00440495 0.00543801 0.00666073 0.00809511 0.00976297 0.0116853 0.0138816 0.0163692 0.0191623 0.0222714 0.0257025 0.0294566 0.0335288 0.0379084 0.042578 0.0475139 0.0526859 0.0580578 0.0635873 0.0692274 0.0749264 0.0806291 0.0862779 0.0918134 0.0971758 0.102306 0.107146 0.111641 0.115739 0.119393 0.12256 0.125204 0.127292 0.128802 0.129715 0.130021 0.129715 0.128802 0.127292 0.125204 0.12256 0.119393 0.115739 0.111641 0.107146 0.102306 0.0971758 0.0918134 0.0862779 0.0806291 0.0749264 0.0692274 0.0635873 0.0580578 0.0526859 0.0475139 0.042578 0.0379084 0.0335288 0.0294566 0.0257025 0.0222714 0.0191623 0.0163692 0.0138816 0.0116853 0.00976297 0.00809511 0.00666073 0.00543801 0.00440495 0.00353989 0.00282203 0.00223171 0.0017507 0.00136243 0.00105203 0.000806402 0.000614177 0.000465675 0.000352809 0.000268977 0.000208961 0.000168824 0.00014582 
0.000173683 0.000183002 0.000211614 0.000261502 0.000336026 0.000439998 0.000579787 0.000763429 0.00100075 0.00130349 0.00168537 0.00216217 0.00275174 0.00347392 0.00435039 0.00540447 0.00666073 0.00814458 0.00988165 0.0118972 0.0142154 0.0168582 0.0198451 0.0231914 0.0269082 0.0310009 0.035469 0.0403051 0.0454947 0.0510159 0.0568394 0.0629284 0.0692394 0.0757222 0.0823213 0.0889763 0.095623 0.102195 0.108624 0.114841 0.12078 0.126376 0.131565 0.136291 0.140499 0.144144 0.147184 0.149584 0.151318 0.152366 0.152717 0.152366 0.151318 0.149584 0.147184 0.144144 0.140499 0.136291 0.131565 0.126376 0.12078 0.114841 0.108624 0.102195 0.095623 0.0889763 0.0823213 0.0757222 0.0692394 0.0629284 0.0568394 0.0510159 0.0454947 0.0403051 0.035469 0.0310009 0.0269082 0.0231914 0.0198451 0.0168582 0.0142154 0.0118972 0.00988165 0.00814458 0.00666073 0.00540447 0.00435039 0.00347392 0.00275174 0.00216217 0.00168537 0.00130349 0.00100075 0.000763429 0.000579787 0.000439998 0.000336026 0.000261502 0.000211614 0.000183002 
0.000216382 0.000227887 0.000263198 0.000324726 0.000416548 0.0005445 0.000716291 0.000941629 0.00123236 0.00160258 0.00206875 0.00264972 0.00336673 0.00424331 0.00530508 0.00657943 0.00809511 0.00988165 0.0119687 0.0143851 0.0171584 0.0203132 0.0238707 0.0278475 0.0322547 0.0370968 0.0423711 0.0480669 0.0541653 0.0606389 0.0674517 0.0745595 0.0819103 0.0894453 0.0970995 0.104803 0.112481 0.120059 0.127459 0.134603 0.141416 0.147825 0.15376 0.159159 0.163962 0.168117 0.171579 0.174311 0.176284 0.177476 0.177875 0.177476 0.176284 0.174311 0.171579 0.168117 0.163962 0.159159 0.15376 0.147825 0.141416 0.134603 0.127459 0.120059 0.112481 0.104803 0.0970995 0.0894453 0.0819103 0.0745595 0.0674517 0.0606389 0.0541653 0.0480669 0.0423711 0.0370968 0.0322547 0.0278475 0.0238707 0.0203132 0.0171584 0.0143851 0.0119687 0.00988165 0.00809511 0.00657943 0.00530508 0.00424331 0.00336673 0.00264972 0.00206875 0.00160258 0.00123236 0.000941629 0.000716291 0.0005445 0.000416548 0.000324726 0.000263198 0.000227887 
0.000267508 0.000281602 0.000324846 0.000400145 0.000512412 0.000668667 0.000878166 0.00115254 0.00150596 0.00195524 0.00251993 0.00322238 0.00408767 0.00514346 0.00641976 0.00794849 0.00976297 0.0118972 0.0143851 0.0172596 0.0205511 0.0242873 0.0284909 0.0331795 0.0383635 0.0440461 0.0502217 0.0568754 0.063983 0.0715106 0.0794145 0.087642 0.0961318 0.104815 0.113617 0.122456 0.13125 0.139911 0.148352 0.156487 0.164232 0.171506 0.178234 0.184345 0.189775 0.194468 0.198375 0.201456 0.203679 0.205022 0.205472 0.205022 0.203679 0.201456 0.198375 0.194468 0.189775 0.184345 0.178234 0.171506 0.164232 0.156487 0.148352 0.139911 0.13125 0.122456 0.113617 0.104815 0.0961318 0.087642 0.0794145 0.0715106 0.063983 0.0568754 0.0502217 0.0440461 0.0383635 0.0331795 0.0284909 0.0242873 0.0205511 0.0172596 0.0143851 0.0118972 0.00976297 0.00794849 0.00641976 0.00514346 0.00408767 0.00322238 0.00251993 0.00195524 0.00150596 0.00115254 0.000878166 0.000668667 0.000512412 0.000400145 0.000324846 0.000281602 
0.000328191 0.000345326 0.000397882 0.000489334 0.000625554 0.000814921 0.00106847 0.00140002 0.00182639 0.00236746 0.0030463 0.00388917 0.00492545 0.00618741 0.00770988 0.00952975 0.0116853 0.0142154 0.0171584 0.0205511 0.0244277 0.0288179 0.0337463 0.0392305 0.0452803 0.0518964 0.0590696 0.0667799 0.0749969 0.0836788 0.0927734 0.102218 0.111942 0.121865 0.1319 0.141957 0.15194 0.161753 0.171298 0.18048 0.189207 0.197389 0.204945 0.211799 0.217882 0.223133 0.227501 0.230944 0.233426 0.234926 0.235427 0.234926 0.233426 0.230944 0.227501 0.223133 0.217882 0.211799 0.204945 0.197389 0.189207 0.18048 0.171298 0.161753 0.15194 0.141957 0.1319 0.121865 0.111942 0.102218 0.0927734 0.0836788 0.0749969 0.0667799 0.0590696 0.0518964 0.0452803 0.0392305 0.0337463 0.0288179 0.0244277 0.0205511 0.0171584 0.0142154 0.0116853 0.00952975 0.00770988 0.00618741 0.00492545 0.00388917 0.0030463 0.00236746 0.00182639 0.00140002 0.00106847 0.000814921 0.000625554 0.000489334 0.000397882 0.000345326 
0.000399595 0.00042027 0.000483661 0.000593895 0.000757935 0.000985706 0.00129025 0.00168789 0.0021984 0.00284513 0.00365507 0.00465885 0.00589059 0.00738762 0.00919008 0.0113402 0.0138816 0.0168582 0.0203132 0.0242873 0.0288179 0.0339372 0.0396709 0.0460363 0.0530417 0.0606845 0.0689511 0.0778154 0.0872393 0.0971725 0.107553 0.118307 0.129353 0.140598 0.151945 0.16329 0.174528 0.185551 0.196251 0.206524 0.21627 0.225392 0.233803 0.241421 0.248173 0.253996 0.258835 0.262645 0.265392 0.26705 0.267604 0.26705 0.265392 0.262645 0.258835 0.253996 0.248173 0.241421 0.233803 0.225392 0.21627 0.206524 0.196251 0.185551 0.174528 0.16329 0.151945 0.140598 0.129353 0.118307 0.107553 0.0971725 0.0872393 0.0778154 0.0689511 0.0606845 0.0530417 0.0460363 0.0396709 0.0339372 0.0288179 0.0242873 0.0203132 0.0168582 0.0138816 0.0113402 0.00919008 0.00738762 0.00589059 0.00465885 0.00365507 0.00284513 0.0021984 0.00168789 0.00129025 0.000985706 0.000757935 0.000593895 0.000483661 0.00042027 
0.000482882 0.000507643 0.000583534 0.000715416 0.000911487 0.00118341 0.0015465 0.00201985 0.00262658 0.00339386 0.00435306 0.00553961 0.00699283 0.00875557 0.0108737 0.0133951 0.0163692 0.0198451 0.0238707 0.0284909 0.0337463 0.0396709 0.0462909 0.0536231 0.061673 0.0704344 0.0798875 0.0899994 0.100723 0.111999 0.123752 0.1359 0.148346 0.160986 0.173711 0.186404 0.198949 0.211226 0.223118 0.234514 0.245303 0.255384 0.264664 0.273056 0.280485 0.286883 0.292195 0.296374 0.299385 0.301201 0.301809 0.301201 0.299385 0.296374 0.292195 0.286883 0.280485 0.273056 0.264664 0.255384 0.245303 0.234514 0.223118 0.211226 0.198949 0.186404 0.173711 0.160986 0.148346 0.1359 0.123752 0.111999 0.100723 0.0899994 0.0798875 0.0704344 0.061673 0.0536231 0.0462909 0.0396709 0.0337463 0.0284909 0.0238707 0.0198451 0.0163692 0.0133951 0.0108737 0.00875557 0.00699283 0.00553961 0.00435306 0.00339386 0.00262658 0.00201985 0.0015465 0.00118341 0.000911487 0.000715416 0.000583534 0.000507643 
0.000579188 0.000608622 0.000698806 0.000855426 0.00108806 0.00141031 0.00184001 0.00239936 0.00311515 0.00401882 0.00514647 0.00653881 0.00824081 0.0103013 0.0127721 0.0157074 0.0191623 0.0231914 0.0278475 0.0331795 0.0392305 0.0460363 0.0536231 0.0620058 0.0711869 0.0811549 0.0918832 0.10333 0.11544 0.12814 0.141346 0.15496 0.168873 0.182968 0.197123 0.211209 0.225097 0.238657 0.251765 0.264298 0.276141 0.287186 0.297335 0.306499 0.314599 0.321567 0.327346 0.331889 0.335159 0.337132 0.337791 0.337132 0.335159 0.331889 0.327346 0.321567 0.314599 0.306499 0.297335 0.287186 0.276141 0.264298 0.251765 0.238657 0.225097 0.211209 0.197123 0.182968 0.168873 0.15496 0.141346 0.12814 0.11544 0.10333 0.0918832 0.0811549 0.0711869 0.0620058 0.0536231 0.0460363 0.0392305 0.0331795 0.0278475 0.0231914 0.0191623 0.0157074 0.0127721 0.0103013 0.00824081 0.00653881 0.00514647 0.00401882 0.00311515 0.00239936 0.00184001 0.00141031 0.00108806 0.000855426 0.000698806 0.000608622 
0.000689575 0.000724308 0.000830697 0.00101534 0.00128934 0.00166845 0.0021733 0.00282949 0.00366785 0.00472445 0.00604058 0.00766264 0.00964165 0.0120328 0.0148943 0.0182868 0.0222714 0.0269082 0.0322547 0.0383635 0.0452803 0.0530417 0.061673 0.0711869 0.0815814 0.0928385 0.104924 0.117786 0.131358 0.145555 0.160279 0.175419 0.190852 0.206447 0.222068 0.237575 0.252827 0.267684 0.282011 0.295681 0.308571 0.320569 0.331574 0.341495 0.35025 0.357773 0.364004 0.368898 0.372419 0.374542 0.375251 0.374542 0.372419 0.368898 0.364004 0.357773 0.35025 0.341495 0.331574 0.320569 0.308571 0.295681 0.282011 0.267684 0.252827 0.237575 0.222068 0.206447 0.190852 0.175419 0.160279 0.145555 0.131358 0.117786 0.104924 0.0928385 0.0815814 0.0711869 0.061673 0.0530417 0.0452803 0.0383635 0.0322547 0.0269082 0.0222714 0.0182868 0.0148943 0.0120328 0.00964165 0.00766264 0.00604058 0.00472445 0.00366785 0.00282949 0.0021733 0.00166845 0.00128934 0.00101534 0.000830697 0.000724308 
0.000814995 0.000855687 0.000980286 0.00119639 0.00151679 0.00195961 0.00254849 0.00331279 0.0042877 0.00551431 0.00703952 0.00891577 0.0112006 0.0139558 0.0172464 0.0211396 0.0257025 0.0310009 0.0370968 0.0440461 0.0518964 0.0606845 0.0704344 0.0811549 0.0928385 0.10546 0.118975 0.133323 0.148422 0.164175 0.18047 0.197181 0.21417 0.231293 0.2484 0.265338 0.281955 0.298103 0.313638 0.328426 0.342341 0.355267 0.3671 0.377748 0.387131 0.395182 0.401843 0.40707 0.410827 0.413091 0.413848 0.413091 0.410827 0.40707 0.401843 0.395182 0.387131 0.377748 0.3671 0.355267 0.342341 0.328426 0.313638 0.298103 0.281955 0.265338 0.2484 0.231293 0.21417 0.197181 0.18047 0.164175 0.148422 0.133323 0.118975 0.10546 0.0928385 0.0811549 0.0704344 0.0606845 0.0518964 0.0440461 0.0370968 0.0310009 0.0257025 0.0211396 0.0172464 0.0139558 0.0112006 0.00891577 0.00703952 0.00551431 0.0042877 0.00331279 0.00254849 0.00195961 0.00151679 0.00119639 0.000980286 0.000855687 
0.000956243 0.00100358 0.00114846 0.00139959 0.00177159 0.00228514 0.0029672 0.00385113 0.00497685 0.00639083 0.00814595 0.0103011 0.0129206 0.0160732 0.0198309 0.0242676 0.0294566 0.035469 0.0423711 0.0502217 0.0590696 0.0689511 0.0798875 0.0918832 0.104924 0.118975 0.133984 0.149874 0.166552 0.183906 0.201809 0.220119 0.238683 0.257344 0.275937 0.294298 0.312264 0.329678 0.346391 0.362262 0.377162 0.390973 0.403592 0.414926 0.424898 0.433441 0.440501 0.446035 0.450011 0.452405 0.453205 0.452405 0.450011 0.446035 0.440501 0.433441 0.424898 0.414926 0.403592 0.390973 0.377162 0.362262 0.346391 0.329678 0.312264 0.294298 0.275937 0.257344 0.238683 0.220119 0.201809 0.183906 0.166552 0.149874 0.133984 0.118975 0.104924 0.0918832 0.0798875 0.0689511 0.0590696 0.0502217 0.0423711 0.035469 0.0294566 0.0242676 0.0198309 0.0160732 0.0129206 0.0103011 0.00814595 0.00639083 0.00497685 0.00385113 0.0029672 0.00228514 0.00177159 0.00139959 0.00114846 0.00100358 
0.00111391 0.00116858 0.00133586 0.00162565 0.00205452 0.00264594 0.00343039 0.00444556 0.00573642 0.00735513 0.00936088 0.0118193 0.0148019 0.0183845 0.0226464 0.027668 0.0335288 0.0403051 0.0480669 0.0568754 0.0667799 0.0778154 0.0899994 0.10333 0.117786 0.133323 0.149874 0.167351 0.185645 0.20463 0.22416 0.24408 0.264221 0.28441 0.30447 0.324226 0.343506 0.362145 0.379987 0.396888 0.412718 0.427358 0.440707 0.452674 0.463184 0.472175 0.479595 0.485405 0.489576 0.492086 0.492924 0.492086 0.489576 0.485405 0.479595 0.472175 0.463184 0.452674 0.440707 0.427358 0.412718 0.396888 0.379987 0.362145 0.343506 0.324226 0.30447 0.28441 0.264221 0.24408 0.22416 0.20463 0.185645 0.167351 0.149874 0.133323 0.117786 0.10333 0.0899994 0.0778154 0.0667799 0.0568754 0.0480669 0.0403051 0.0335288 0.027668 0.0226464 0.0183845 0.0148019 0.0118193 0.00936088 0.00735513 0.00573642 0.00444556 0.00343039 0.00264594 0.00205452 0.00162565 0.00133586 0.00116858 
0.00128833 0.00135103 0.00154284 0.0018749 0.00236592 0.0030423 0.00393831 0.00509622 0.00656631 0.00840678 0.0106834 0.0134689 0.0168419 0.020886 0.0256872 0.0313329 0.0379084 0.0454947 0.0541653 0.063983 0.0749969 0.0872393 0.100723 0.11544 0.131358 0.148422 0.166552 0.185645 0.205577 0.226204 0.247365 0.268886 0.290586 0.312276 0.333766 0.354872 0.375411 0.395214 0.41412 0.431983 0.448673 0.464073 0.478083 0.490618 0.501607 0.510993 0.518728 0.524779 0.529118 0.531729 0.5326 0.531729 0.529118 0.524779 0.518728 0.510993 0.501607 0.490618 0.478083 0.464073 0.448673 0.431983 0.41412 0.395214 0.375411 0.354872 0.333766 0.312276 0.290586 0.268886 0.247365 0.226204 0.205577 0.185645 0.166552 0.148422 0.131358 0.11544 0.100723 0.0872393 0.0749969 0.063983 0.0541653 0.0454947 0.0379084 0.0313329 0.0256872 0.020886 0.0168419 0.0134689 0.0106834 0.00840678 0.00656631 0.00509622 0.00393831 0.0030423 0.00236592 0.0018749 0.00154284 0.00135103 
0.00147955 0.00155097 0.00176938 0.00214728 0.0027056 0.00347388 0.00449037 0.00580214 0.00746509 0.00954367 0.0121105 0.0152456 0.019035 0.0235697 0.0289431 0.0352488 0.042578 0.0510159 0.0606389 0.0715106 0.0836788 0.0971725 0.111999 0.12814 0.145555 0.164175 0.183906 0.20463 0.226204 0.248468 0.271243 0.294341 0.317563 0.340708 0.363573 0.385964 0.407693 0.428583 0.448473 0.467216 0.484682 0.50076 0.515354 0.528384 0.539785 0.549506 0.557506 0.563757 0.568235 0.570928 0.571826 0.570928 0.568235 0.563757 0.557506 0.549506 0.539785 0.528384 0.515354 0.50076 0.484682 0.467216 0.448473 0.428583 0.407693 0.385964 0.363573 0.340708 0.317563 0.294341 0.271243 0.248468 0.226204 0.20463 0.183906 0.164175 0.145555 0.12814 0.111999 0.0971725 0.0836788 0.0715106 0.0606389 0.0510159 0.042578 0.0352488 0.0289431 0.0235697 0.019035 0.0152456 0.0121105 0.00954367 0.00746509 0.00580214 0.00449037 0.00347388 0.0027056 0.00214728 0.00176938 0.00155097 
0.00168728 0.00176807 0.00201509 0.00244223 0.0030728 0.0039396 0.00508504 0.00656123 0.00842986 0.0107619 0.0136369 0.0171424 0.021372 0.026424 0.0323989 0.0393968 0.0475139 0.0568394 0.0674517 0.0794145 0.0927734 0.107553 0.123752 0.141346 0.160279 0.18047 0.201809 0.22416 0.247365 0.271243 0.295602 0.320233 0.344924 0.369459 0.393628 0.417225 0.440057 0.461945 0.482725 0.502253 0.520404 0.537069 0.552159 0.565603 0.577343 0.587335 0.595546 0.601952 0.606539 0.609295 0.610214 0.609295 0.606539 0.601952 0.595546 0.587335 0.577343 0.565603 0.552159 0.537069 0.520404 0.502253 0.482725 0.461945 0.440057 0.417225 0.393628 0.369459 0.344924 0.320233 0.295602 0.271243 0.247365 0.22416 0.201809 0.18047 0.160279 0.141346 0.123752 0.107553 0.0927734 0.0794145 0.0674517 0.0568394 0.0475139 0.0393968 0.0323989 0.026424 0.021372 0.0171424 0.0136369 0.0107619 0.00842986 0.00656123 0.00508504 0.0039396 0.0030728 0.00244223 0.00201509 0.00176807 
0.00191084 0.00200163 0.00227913 0.00275871 0.00346613 0.00443759 0.00571983 0.00737015 0.00945619 0.0120556 0.015255 0.0191495 0.0238403 0.029433 0.0360349 0.0437522 0.0526859 0.0629284 0.0745595 0.087642 0.102218 0.118307 0.1359 0.15496 0.175419 0.197181 0.220119 0.24408 0.268886 0.294341 0.320233 0.346337 0.372428 0.398276 0.423662 0.448372 0.47221 0.494993 0.516561 0.536771 0.555503 0.572658 0.588153 0.601925 0.613926 0.624122 0.632487 0.639006 0.643667 0.646466 0.6474 0.646466 0.643667 0.639006 0.632487 0.624122 0.613926 0.601925 0.588153 0.572658 0.555503 0.536771 0.516561 0.494993 0.47221 0.448372 0.423662 0.398276 0.372428 0.346337 0.320233 0.294341 0.268886 0.24408 0.220119 0.197181 0.175419 0.15496 0.1359 0.118307 0.102218 0.087642 0.0745595 0.0629284 0.0526859 0.0437522 0.0360349 0.029433 0.0238403 0.0191495 0.015255 0.0120556 0.00945619 0.00737015 0.00571983 0.00443759 0.00346613 0.00275871 0.00227913 0.00200163 
0.00214918 0.00225053 0.0025602 0.00309511 0.00388353 0.00496518 0.00639122 0.00822428 0.0105381 0.013417 0.0169549 0.0212544 0.026424 0.0325768 0.0398267 0.0482852 0.0580578 0.0692394 0.0819103 0.0961318 0.111942 0.129353 0.148346 0.168873 0.190852 0.21417 0.238683 0.264221 0.290586 0.317563 0.344924 0.372428 0.399834 0.426905 0.453408 0.479128 0.503863 0.527432 0.549676 0.570459 0.589667 0.607209 0.623014 0.637027 0.649212 0.659543 0.668005 0.67459 0.679294 0.682116 0.683057 0.682116 0.679294 0.67459 0.668005 0.659543 0.649212 0.637027 0.623014 0.607209 0.589667 0.570459 0.549676 0.527432 0.503863 0.479128 0.453408 0.426905 0.399834 0.372428 0.344924 0.317563 0.290586 0.264221 0.238683 0.21417 0.190852 0.168873 0.148346 0.129353 0.111942 0.0961318 0.0819103 0.0692394 0.0580578 0.0482852 0.0398267 0.0325768 0.026424 0.0212544 0.0169549 0.013417 0.0105381 0.00822428 0.00639122 0.00496518 0.00388353 0.00309511 0.0025602 0.00225053 
0.00240082 0.00251321 0.00285654 0.00344928 0.00432228 0.00551884 0.00709466 0.00911773 0.0116679 0.0148364 0.0187243 0.0234415 0.0291041 0.0358319 0.0437451 0.0529606 0.0635873 0.0757222 0.0894453 0.104815 0.121865 0.140598 0.160986 0.182968 0.206447 0.231293 0.257344 0.28441 0.312276 0.340708 0.369459 0.398276 0.426905 0.455095 0.48261 0.509227 0.534745 0.558984 0.58179 0.603034 0.62261 0.640437 0.656456 0.670623 0.682913 0.693312 0.701815 0.708422 0.713137 0.715964 0.716905 0.715964 0.713137 0.708422 0.701815 0.693312 0.682913 0.670623 0.656456 0.640437 0.62261 0.603034 0.58179 0.558984 0.534745 0.509227 0.48261 0.455095 0.426905 0.398276 0.369459 0.340708 0.312276 0.28441 0.257344 0.231293 0.206447 0.182968 0.160986 0.140598 0.121865 0.104815 0.0894453 0.0757222 0.0635873 0.0529606 0.0437451 0.0358319 0.0291041 0.0234415 0.0187243 0.0148364 0.0116679 0.00911773 0.00709466 0.00551884 0.00432228 0.00344928 0.00285654 0.00251321 
0.00266387 0.0027877 0.00316589 0.00381849 0.00477898 0.00609425 0.00782458 0.0100434 0.0128367 0.0163023 0.0205487 0.0256929 0.0318581 0.0391709 0.0477573 0.0577387 0.0692274 0.0823213 0.0970995 0.113617 0.1319 0.151945 0.173711 0.197123 0.222068 0.2484 0.275937 0.30447 0.333766 0.363573 0.393628 0.423662 0.453408 0.48261 0.511022 0.53842 0.564604 0.589396 0.61265 0.634242 0.654079 0.672091 0.688231 0.702468 0.714789 0.725192 0.733682 0.740269 0.744964 0.747777 0.748713 0.747777 0.744964 0.740269 0.733682 0.725192 0.714789 0.702468 0.688231 0.672091 0.654079 0.634242 0.61265 0.589396 0.564604 0.53842 0.511022 0.48261 0.453408 0.423662 0.393628 0.363573 0.333766 0.30447 0.275937 0.2484 0.222068 0.197123 0.173711 0.151945 0.1319 0.113617 0.0970995 0.0823213 0.0692274 0.0577387 0.0477573 0.0391709 0.0318581 0.0256929 0.0205487 0.0163023 0.0128367 0.0100434 0.00782458 0.00609425 0.00477898 0.00381849 0.00316589 0.0027877 
0.00293603 0.00307161 0.00348555 0.0041995 0.00524957 0.00668628 0.00857445 0.0109929 0.0140337 0.0178015 0.0224116 0.027988 0.034661 0.0425633 0.0518265 0.0625759 0.0749264 0.0889763 0.104803 0.122456 0.141957 0.16329 0.186404 0.211209 0.237575 0.265338 0.294298 0.324226 0.354872 0.385964 0.417225 0.448372 0.479128 0.509227 0.53842 0.566483 0.593214 0.618444 0.642032 0.663865 0.683861 0.701962 0.718135 0.732363 0.744645 0.754992 0.76342 0.769949 0.774596 0.777378 0.778304 0.777378 0.774596 0.769949 0.76342 0.754992 0.744645 0.732363 0.718135 0.701962 0.683861 0.663865 0.642032 0.618444 0.593214 0.566483 0.53842 0.509227 0.479128 0.448372 0.417225 0.385964 0.354872 0.324226 0.294298 0.265338 0.237575 0.211209 0.186404 0.16329 0.141957 0.122456 0.104803 0.0889763 0.0749264 0.0625759 0.0518265 0.0425633 0.034661 0.027988 0.0224116 0.0178015 0.0140337 0.0109929 0.00857445 0.00668628 0.00524957 0.0041995 0.00348555 0.00307161 
0.00321463 0.00336212 0.00381235 0.00458854 0.00572941 0.00728908 0.00933687 0.0119569 0.0152473 0.0193191 0.0242945 0.0303043 0.0374853 0.045976 0.055913 0.0674252 0.0806291 0.095623 0.112481 0.13125 0.15194 0.174528 0.198949 0.225097 0.252827 0.281955 0.312264 0.343506 0.375411 0.407693 0.440057 0.47221 0.503863 0.534745 0.564604 0.593214 0.62038 0.645936 0.669751 0.691723 0.711782 0.729885 0.74601 0.760157 0.772338 0.782576 0.790898 0.797334 0.801909 0.804645 0.805556 0.804645 0.801909 0.797334 0.790898 0.782576 0.772338 0.760157 0.74601 0.729885 0.711782 0.691723 0.669751 0.645936 0.62038 0.593214 0.564604 0.534745 0.503863 0.47221 0.440057 0.407693 0.375411 0.343506 0.312264 0.281955 0.252827 0.225097 0.198949 0.174528 0.15194 0.13125 0.112481 0.095623 0.0806291 0.0674252 0.055913 0.045976 0.0374853 0.0303043 0.0242945 0.0193191 0.0152473 0.0119569 0.00933687 0.00728908 0.00572941 0.00458854 0.00381235 0.00336212 
0.00349662 0.00365608 0.00414275 0.00498141 0.00621333 0.00789617 0.0101037 0.0129251 0.0164645 0.0208392 0.0261777 0.0326175 0.0403015 0.0493736 0.0599748 0.072237 0.0862779 0.102195 0.120059 0.139911 0.161753 0.185551 0.211226 0.238657 0.267684 0.298103 0.329678 0.362145 0.395214 0.428583 0.461945 0.494993 0.527432 0.558984 0.589396 0.618444 0.645936 0.671715 0.695658 0.717676 0.737713 0.755738 0.771746 0.785749 0.797775 0.807857 0.816036 0.822349 0.826832 0.82951 0.830401 0.82951 0.826832 0.822349 0.816036 0.807857 0.797775 0.785749 0.771746 0.755738 0.737713 0.717676 0.695658 0.671715 0.645936 0.618444 0.589396 0.558984 0.527432 0.494993 0.461945 0.428583 0.395214 0.362145 0.329678 0.298103 0.267684 0.238657 0.211226 0.185551 0.161753 0.139911 0.120059 0.102195 0.0862779 0.072237 0.0599748 0.0493736 0.0403015 0.0326175 0.0261777 0.0208392 0.0164645 0.0129251 0.0101037 0.00789617 0.00621333 0.00498141 0.00414275 0.00365608 
0.00377868 0.00395003 0.00447287 0.0053735 0.0066957 0.00850054 0.010866 0.0138865 0.0176716 0.0223445 0.0280402 0.0349021 0.0430788 0.0527193 0.0639683 0.0769602 0.0918134 0.108624 0.127459 0.148352 0.171298 0.196251 0.223118 0.251765 0.282011 0.313638 0.346391 0.379987 0.41412 0.448473 0.482725 0.516561 0.549676 0.58179 0.61265 0.642032 0.669751 0.695658 0.719641 0.741624 0.761564 0.779444 0.795275 0.809082 0.820906 0.830796 0.838801 0.844969 0.849342 0.851953 0.852821 0.851953 0.849342 0.844969 0.838801 0.830796 0.820906 0.809082 0.795275 0.779444 0.761564 0.741624 0.719641 0.695658 0.669751 0.642032 0.61265 0.58179 0.549676 0.516561 0.482725 0.448473 0.41412 0.379987 0.346391 0.313638 0.282011 0.251765 0.223118 0.196251 0.171298 0.148352 0.127459 0.108624 0.0918134 0.0769602 0.0639683 0.0527193 0.0430788 0.0349021 0.0280402 0.0223445 0.0176716 0.0138865 0.010866 0.00850054 0.0066957 0.0053735 0.00447287 0.00395003 
