2.15801e-05 2.24739e-05 2.52029e-05 2.99117e-05 3.68439e-05 4.63461e-05 5.88731e-05 7.49939e-05 9.53982e-05 0.000120902 0.000152453 0.000191136 0.000238168 0.000294905 0.000362827 0.000443532 0.000538719 0.000650161 0.000779681 0.000929111 0.00110025 0.00129483 0.00151443 0.00176045 0.00203404 0.00233601 0.00266683 0.00302651 0.00341459 0.00383008 0.0042714 0.00473641 0.00522236 0.00572591 0.00624315 0.00676965 0.00730047 0.0078303 0.00835348 0.00886414 0.00935626 0.00982383 0.010261 0.0106619 0.0110215 0.0113346 0.0115971 0.0118052 0.011956 0.0120474 0.012078 0.0120474 0.011956 0.0118052 0.0115971 0.0113346 0.0110215 0.0106619 0.010261 0.00982383 0.00935626 0.00886414 0.00835348 0.0078303 0.00730047 0.00676965 0.00624315 0.00572591 0.00522236 0.00473641 0.0042714 0.00383008 0.00341459 0.00302651 0.00266683 0.00233601 0.00203404 0.00176045 0.00151443 0.00129483 0.00110025 0.000929111 0.000779681 0.000650161 0.000538719 0.000443532 0.000362827 0.000294905 0.000238168 0.000191136 0.000152453 0.000120902 9.53982e-05 7.49939e-05 5.88731e-05 4.63461e-05 3.68439e-05 2.99117e-05 2.52029e-05 2.24739e-05 
2.24739e-05 2.34025e-05 2.62381e-05 3.11303e-05 3.83311e-05 4.81993e-05 6.12057e-05 7.79387e-05 9.91114e-05 0.000125567 0.000158286 0.000198386 0.000247126 0.000305903 0.000376243 0.000459793 0.000558301 0.000673592 0.00080754 0.000962028 0.0011389 0.00133993 0.00156674 0.00182075 0.00210313 0.00241471 0.00275596 0.00312686 0.00352693 0.00395513 0.00440982 0.0048888 0.00538921 0.00590762 0.00644 0.00698177 0.00752787 0.00807284 0.00861087 0.00913592 0.00964182 0.0101224 0.0105717 0.0109837 0.0113531 0.0116748 0.0119445 0.0121583 0.0123132 0.012407 0.0124385 0.012407 0.0123132 0.0121583 0.0119445 0.0116748 0.0113531 0.0109837 0.0105717 0.0101224 0.00964182 0.00913592 0.00861087 0.00807284 0.00752787 0.00698177 0.00644 0.00590762 0.00538921 0.0048888 0.00440982 0.00395513 0.00352693 0.00312686 0.00275596 0.00241471 0.00210313 0.00182075 0.00156674 0.00133993 0.0011389 0.000962028 0.00080754 0.000673592 0.000558301 0.000459793 0.000376243 0.000305903 0.000247126 0.000198386 0.000158286 0.000125567 9.91114e-05 7.79387e-05 6.12057e-05 4.81993e-05 3.83311e-05 3.11303e-05 2.62381e-05 2.34025e-05 
2.52029e-05 2.62381e-05 2.93986e-05 3.48495e-05 4.2869e-05 5.38527e-05 6.83194e-05 8.69172e-05 0.00011043 0.000139786 0.000176058 0.000220473 0.000274408 0.000339389 0.000417082 0.000509279 0.000617882 0.000744869 0.000892268 0.00106211 0.00125639 0.001477 0.00172567 0.00200392 0.00231298 0.0026537 0.00302654 0.00343145 0.00386784 0.00433455 0.00482975 0.005351 0.00589519 0.00645855 0.00703671 0.00762469 0.00821701 0.00880776 0.00939067 0.00995922 0.0105068 0.0110267 0.0115126 0.011958 0.0123573 0.0127049 0.0129961 0.013227 0.0133943 0.0134957 0.0135296 0.0134957 0.0133943 0.013227 0.0129961 0.0127049 0.0123573 0.011958 0.0115126 0.0110267 0.0105068 0.00995922 0.00939067 0.00880776 0.00821701 0.00762469 0.00703671 0.00645855 0.00589519 0.005351 0.00482975 0.00433455 0.00386784 0.00343145 0.00302654 0.0026537 0.00231298 0.00200392 0.00172567 0.001477 0.00125639 0.00106211 0.000892268 0.000744869 0.000617882 0.000509279 0.000417082 0.000339389 0.000274408 0.000220473 0.000176058 0.000139786 0.00011043 8.69172e-05 6.83194e-05 5.38527e-05 4.2869e-05 3.48495e-05 2.93986e-05 2.62381e-05 
2.99117e-05 3.11303e-05 3.48495e-05 4.12611e-05 5.0688e-05 6.35888e-05 8.05643e-05 0.000102364 0.000129895 0.000164224 0.00020659 0.000258401 0.000321237 0.000396842 0.000487119 0.000594109 0.000719968 0.000866941 0.00103731 0.00123337 0.00145734 0.00171133 0.00199727 0.00231681 0.00267128 0.00306159 0.00348817 0.00395089 0.004449 0.0049811 0.00554506 0.00613804 0.00675647 0.00739604 0.00805176 0.00871801 0.00938859 0.0100568 0.0107157 0.0113578 0.0119758 0.0125623 0.01311 0.0136119 0.0140615 0.0144528 0.0147806 0.0150404 0.0152285 0.0153425 0.0153807 0.0153425 0.0152285 0.0150404 0.0147806 0.0144528 0.0140615 0.0136119 0.01311 0.0125623 0.0119758 0.0113578 0.0107157 0.0100568 0.00938859 0.00871801 0.00805176 0.00739604 0.00675647 0.00613804 0.00554506 0.0049811 0.004449 0.00395089 0.00348817 0.00306159 0.00267128 0.00231681 0.00199727 0.00171133 0.00145734 0.00123337 0.00103731 0.000866941 0.000719968 0.000594109 0.000487119 0.000396842 0.000321237 0.000258401 0.00020659 0.000164224 0.000129895 0.000102364 8.05643e-05 6.35888e-05 5.0688e-05 4.12611e-05 3.48495e-05 3.11303e-05 
3.68439e-05 3.83311e-05 4.2869e-05 5.0688e-05 6.21757e-05 7.78826e-05 9.85285e-05 0.00012501 0.000158411 0.000200004 0.000251262 0.000313858 0.000389662 0.000480737 0.000589323 0.000717819 0.00086875 0.00104473 0.00124843 0.00148248 0.00174946 0.00205177 0.0023916 0.0027708 0.00319085 0.00365271 0.00415677 0.00470277 0.00528974 0.00591592 0.00657873 0.00727478 0.00799979 0.00874871 0.00951566 0.0102941 0.0110767 0.0118559 0.0126233 0.0133707 0.0140894 0.014771 0.015407 0.0159895 0.016511 0.0169647 0.0173446 0.0176456 0.0178635 0.0179955 0.0180397 0.0179955 0.0178635 0.0176456 0.0173446 0.0169647 0.016511 0.0159895 0.015407 0.014771 0.0140894 0.0133707 0.0126233 0.0118559 0.0110767 0.0102941 0.00951566 0.00874871 0.00799979 0.00727478 0.00657873 0.00591592 0.00528974 0.00470277 0.00415677 0.00365271 0.00319085 0.0027708 0.0023916 0.00205177 0.00174946 0.00148248 0.00124843 0.00104473 0.00086875 0.000717819 0.000589323 0.000480737 0.000389662 0.000313858 0.000251262 0.000200004 0.000158411 0.00012501 9.85285e-05 7.78826e-05 6.21757e-05 5.0688e-05 4.2869e-05 3.83311e-05 
4.63461e-05 4.81993e-05 5.38527e-05 6.35888e-05 7.78826e-05 9.7408e-05 0.000123045 0.000155889 0.00019726 0.000248707 0.000312019 0.000389221 0.000482572 0.000594558 0.000727871 0.000885383 0.00107011 0.00128516 0.00153368 0.0018188 0.00214351 0.00251063 0.00292268 0.00338176 0.00388952 0.00444697 0.00505445 0.00571153 0.00641688 0.0071683 0.00796258 0.00879557 0.0096621 0.0105561 0.0114705 0.0123974 0.0133284 0.0142542 0.0151653 0.0160517 0.0169033 0.0177102 0.0184627 0.0191514 0.0197677 0.0203036 0.0207521 0.0211073 0.0213645 0.0215202 0.0215723 0.0215202 0.0213645 0.0211073 0.0207521 0.0203036 0.0197677 0.0191514 0.0184627 0.0177102 0.0169033 0.0160517 0.0151653 0.0142542 0.0133284 0.0123974 0.0114705 0.0105561 0.0096621 0.00879557 0.00796258 0.0071683 0.00641688 0.00571153 0.00505445 0.00444697 0.00388952 0.00338176 0.00292268 0.00251063 0.00214351 0.0018188 0.00153368 0.00128516 0.00107011 0.000885383 0.000727871 0.000594558 0.000482572 0.000389221 0.000312019 0.000248707 0.00019726 0.000155889 0.000123045 9.7408e-05 7.78826e-05 6.35888e-05 5.38527e-05 4.81993e-05 
5.88731e-05 6.12057e-05 6.83194e-05 8.05643e-05 9.85285e-05 0.000123045 0.000155201 0.000196349 0.000248111 0.000312394 0.000391389 0.000487575 0.000603709 0.000742816 0.000908162 0.00110322 0.00133162 0.00159711 0.00190344 0.00225433 0.00265333 0.00310373 0.00360847 0.00416996 0.00479003 0.00546976 0.00620938 0.0070082 0.00786448 0.00877537 0.00973689 0.0107439 0.01179 0.0128679 0.0139691 0.0150841 0.0162027 0.0173138 0.0184061 0.0194678 0.020487 0.0214519 0.022351 0.0231734 0.0239088 0.024548 0.0250827 0.025506 0.0258125 0.0259979 0.0260601 0.0259979 0.0258125 0.025506 0.0250827 0.024548 0.0239088 0.0231734 0.022351 0.0214519 0.020487 0.0194678 0.0184061 0.0173138 0.0162027 0.0150841 0.0139691 0.0128679 0.01179 0.0107439 0.00973689 0.00877537 0.00786448 0.0070082 0.00620938 0.00546976 0.00479003 0.00416996 0.00360847 0.00310373 0.00265333 0.00225433 0.00190344 0.00159711 0.00133162 0.00110322 0.000908162 0.000742816 0.000603709 0.000487575 0.000391389 0.000312394 0.000248111 0.000196349 0.000155201 0.000123045 9.85285e-05 8.05643e-05 6.83194e-05 6.12057e-05 
7.49939e-05 7.79387e-05 8.69172e-05 0.000102364 0.00012501 0.000155889 0.000196349 0.00024806 0.000313031 0.00039361 0.000492495 0.000612727 0.000757684 0.000931058 0.00113683 0.0013792 0.00166259 0.00199147 0.00237038 0.00280372 0.00329573 0.00385027 0.00447075 0.00515995 0.0059199 0.00675171 0.00765548 0.00863014 0.0096734 0.0107816 0.0119498 0.0131716 0.0144392 0.0157436 0.0170745 0.0184206 0.0197693 0.0211077 0.0224221 0.0236984 0.0249225 0.0260804 0.0271586 0.0281441 0.0290248 0.0297899 0.0304297 0.030936 0.0313024 0.0315242 0.0315984 0.0315242 0.0313024 0.030936 0.0304297 0.0297899 0.0290248 0.0281441 0.0271586 0.0260804 0.0249225 0.0236984 0.0224221 0.0211077 0.0197693 0.0184206 0.0170745 0.0157436 0.0144392 0.0131716 0.0119498 0.0107816 0.0096734 0.00863014 0.00765548 0.00675171 0.0059199 0.00515995 0.00447075 0.00385027 0.00329573 0.00280372 0.00237038 0.00199147 0.00166259 0.0013792 0.00113683 0.000931058 0.000757684 0.000612727 0.000492495 0.00039361 0.000313031 0.00024806 0.000196349 0.000155889 0.00012501 0.000102364 8.69172e-05 7.79387e-05 
9.53982e-05 9.91114e-05 0.00011043 0.000129895 0.000158411 0.00019726 0.000248111 0.000313031 0.000394497 0.000495403 0.000619065 0.000769214 0.000949982 0.00116587 0.00142173 0.00172266 0.00207397 0.00248108 0.00294939 0.00348418 0.00409044 0.00477272 0.00553496 0.00638036 0.00731113 0.0083284 0.00943205 0.0106205 0.0118908 0.0132383 0.0146567 0.0161382 0.0176733 0.0192508 0.0208585 0.0224824 0.0241078 0.025719 0.0272996 0.0288329 0.0303022 0.0316909 0.032983 0.0341631 0.0352173 0.0361325 0.0368974 0.0375026 0.0379405 0.0382054 0.0382941 0.0382054 0.0379405 0.0375026 0.0368974 0.0361325 0.0352173 0.0341631 0.032983 0.0316909 0.0303022 0.0288329 0.0272996 0.025719 0.0241078 0.0224824 0.0208585 0.0192508 0.0176733 0.0161382 0.0146567 0.0132383 0.0118908 0.0106205 0.00943205 0.0083284 0.00731113 0.00638036 0.00553496 0.00477272 0.00409044 0.00348418 0.00294939 0.00248108 0.00207397 0.00172266 0.00142173 0.00116587 0.000949982 0.000769214 0.000619065 0.000495403 0.000394497 0.000313031 0.000248111 0.00019726 0.000158411 0.000129895 0.00011043 9.91114e-05 
0.000120902 0.000125567 0.000139786 0.000164224 0.000200004 0.000248707 0.000312394 0.00039361 0.000495403 0.000621327 0.000775442 0.00096231 0.00118697 0.0014549 0.00177196 0.00214433 0.0025784 0.00308066 0.00365757 0.00431537 0.00505996 0.00589665 0.00683 0.00786361 0.00899989 0.0102399 0.0115833 0.0130278 0.0145695 0.0162026 0.0179193 0.0197098 0.0215627 0.0234644 0.0254 0.0273528 0.0293051 0.0312383 0.0331327 0.0349687 0.0367265 0.0383864 0.0399297 0.0413383 0.0425957 0.0436868 0.0445984 0.0453194 0.0458408 0.0461563 0.0462619 0.0461563 0.0458408 0.0453194 0.0445984 0.0436868 0.0425957 0.0413383 0.0399297 0.0383864 0.0367265 0.0349687 0.0331327 0.0312383 0.0293051 0.0273528 0.0254 0.0234644 0.0215627 0.0197098 0.0179193 0.0162026 0.0145695 0.0130278 0.0115833 0.0102399 0.00899989 0.00786361 0.00683 0.00589665 0.00505996 0.00431537 0.00365757 0.00308066 0.0025784 0.00214433 0.00177196 0.0014549 0.00118697 0.00096231 0.000775442 0.000621327 0.000495403 0.00039361 0.000312394 0.000248707 0.000200004 0.000164224 0.000139786 0.000125567 
0.000152453 0.000158286 0.000176058 0.00020659 0.000251262 0.000312019 0.000391389 0.000492495 0.000619065 0.000775442 0.000966576 0.00119802 0.00147587 0.00180677 0.00219778 0.00265633 0.00319008 0.00380676 0.00451403 0.00531926 0.00622936 0.00725049 0.00838787 0.00964553 0.0110261 0.0125304 0.0141576 0.0159049 0.017767 0.0197366 0.0218042 0.0239578 0.0261834 0.0284646 0.0307836 0.0331204 0.0354539 0.0377618 0.0400213 0.0422088 0.0443012 0.0462754 0.0481094 0.0497823 0.0512746 0.0525689 0.0536497 0.0545042 0.0551221 0.0554958 0.0556209 0.0554958 0.0551221 0.0545042 0.0536497 0.0525689 0.0512746 0.0497823 0.0481094 0.0462754 0.0443012 0.0422088 0.0400213 0.0377618 0.0354539 0.0331204 0.0307836 0.0284646 0.0261834 0.0239578 0.0218042 0.0197366 0.017767 0.0159049 0.0141576 0.0125304 0.0110261 0.00964553 0.00838787 0.00725049 0.00622936 0.00531926 0.00451403 0.00380676 0.00319008 0.00265633 0.00219778 0.00180677 0.00147587 0.00119802 0.000966576 0.000775442 0.000619065 0.000492495 0.000391389 0.000312019 0.000251262 0.00020659 0.000176058 0.000158286 
0.000191136 0.000198386 0.000220473 0.000258401 0.000313858 0.000389221 0.000487575 0.000612727 0.000769214 0.00096231 0.00119802 0.00148304 0.00182474 0.0022311 0.0027106 0.00327209 0.0039247 0.00467758 0.00553977 0.0065199 0.007626 0.00886516 0.0102433 0.0117649 0.0134326 0.0152471 0.017207 0.0193082 0.0215443 0.0239062 0.026382 0.0289572 0.0316148 0.0343354 0.0370973 0.0398771 0.0426497 0.0453888 0.0480674 0.0506583 0.053134 0.0554679 0.0576343 0.0596089 0.0613693 0.0628953 0.064169 0.0651756 0.0659032 0.0663432 0.0664905 0.0663432 0.0659032 0.0651756 0.064169 0.0628953 0.0613693 0.0596089 0.0576343 0.0554679 0.053134 0.0506583 0.0480674 0.0453888 0.0426497 0.0398771 0.0370973 0.0343354 0.0316148 0.0289572 0.026382 0.0239062 0.0215443 0.0193082 0.017207 0.0152471 0.0134326 0.0117649 0.0102433 0.00886516 0.007626 0.0065199 0.00553977 0.00467758 0.0039247 0.00327209 0.0027106 0.0022311 0.00182474 0.00148304 0.00119802 0.00096231 0.000769214 0.000612727 0.000487575 0.000389221 0.000313858 0.000258401 0.000220473 0.000198386 
0.000238168 0.000247126 0.000274408 0.000321237 0.000389662 0.000482572 0.000603709 0.000757684 0.000949982 0.00118697 0.00147587 0.00182474 0.00224242 0.00273841 0.00332283 0.00400618 0.00479924 0.00571279 0.00675739 0.0079431 0.00927915 0.0107736 0.0124332 0.0142627 0.0162648 0.0184399 0.0207856 0.0232967 0.0259651 0.0287794 0.0317252 0.034785 0.0379383 0.041162 0.0444303 0.0477157 0.0509885 0.0542182 0.057373 0.0604212 0.0633312 0.0660721 0.0686141 0.0709294 0.0729922 0.0747792 0.0762701 0.0774479 0.078299 0.0788136 0.0789858 0.0788136 0.078299 0.0774479 0.0762701 0.0747792 0.0729922 0.0709294 0.0686141 0.0660721 0.0633312 0.0604212 0.057373 0.0542182 0.0509885 0.0477157 0.0444303 0.041162 0.0379383 0.034785 0.0317252 0.0287794 0.0259651 0.0232967 0.0207856 0.0184399 0.0162648 0.0142627 0.0124332 0.0107736 0.00927915 0.0079431 0.00675739 0.00571279 0.00479924 0.00400618 0.00332283 0.00273841 0.00224242 0.00182474 0.00147587 0.00118697 0.000949982 0.000757684 0.000603709 0.000482572 0.000389662 0.000321237 0.000274408 0.000247126 
0.000294905 0.000305903 0.000339389 0.000396842 0.000480737 0.000594558 0.000742816 0.000931058 0.00116587 0.0014549 0.00180677 0.0022311 0.00273841 0.00333999 0.00404778 0.00487417 0.0058318 0.00693326 0.00819082 0.00961606 0.0112195 0.0130104 0.014996 0.0171815 0.0195695 0.0221598 0.024949 0.0279304 0.0310937 0.0344249 0.0379067 0.041518 0.0452344 0.0490285 0.05287 0.0567265 0.0605636 0.0643454 0.0680355 0.0715971 0.0749938 0.0781901 0.081152 0.0838477 0.0862478 0.0883257 0.0900585 0.0914268 0.0924153 0.0930129 0.0932129 0.0930129 0.0924153 0.0914268 0.0900585 0.0883257 0.0862478 0.0838477 0.081152 0.0781901 0.0749938 0.0715971 0.0680355 0.0643454 0.0605636 0.0567265 0.05287 0.0490285 0.0452344 0.041518 0.0379067 0.0344249 0.0310937 0.0279304 0.024949 0.0221598 0.0195695 0.0171815 0.014996 0.0130104 0.0112195 0.00961606 0.00819082 0.00693326 0.0058318 0.00487417 0.00404778 0.00333999 0.00273841 0.0022311 0.00180677 0.0014549 0.00116587 0.000931058 0.000742816 0.000594558 0.000480737 0.000396842 0.000339389 0.000305903 
0.000362827 0.000376243 0.000417082 0.000487119 0.000589323 0.000727871 0.000908162 0.00113683 0.00142173 0.00177196 0.00219778 0.0027106 0.00332283 0.00404778 0.00489947 0.0058924 0.00704129 0.00836073 0.00986484 0.0115669 0.0134788 0.0156107 0.0179708 0.0205644 0.0233939 0.0264582 0.0297527 0.0332687 0.0369935 0.0409101 0.0449974 0.0492306 0.0535806 0.0580152 0.0624992 0.0669947 0.0714617 0.0758591 0.0801448 0.0842767 0.0882132 0.0919139 0.0953403 0.0984563 0.101228 0.103627 0.105626 0.107205 0.108344 0.109033 0.109264 0.109033 0.108344 0.107205 0.105626 0.103627 0.101228 0.0984563 0.0953403 0.0919139 0.0882132 0.0842767 0.0801448 0.0758591 0.0714617 0.0669947 0.0624992 0.0580152 0.0535806 0.0492306 0.0449974 0.0409101 0.0369935 0.0332687 0.0297527 0.0264582 0.0233939 0.0205644 0.0179708 0.0156107 0.0134788 0.0115669 0.00986484 0.00836073 0.00704129 0.0058924 0.00489947 0.00404778 0.00332283 0.0027106 0.00219778 0.00177196 0.00142173 0.00113683 0.000908162 0.000727871 0.000589323 0.000487119 0.000417082 0.000376243 
0.000443532 0.000459793 0.000509279 0.000594109 0.000717819 0.000885383 0.00110322 0.0013792 0.00172266 0.00214433 0.00265633 0.00327209 0.00400618 0.00487417 0.0058924 0.00707772 0.00844713 0.0100174 0.0118047 0.013824 0.0160887 0.01861 0.0213967 0.0244542 0.0277845 0.0313854 0.0352506 0.0393691 0.0437253 0.0482987 0.0530642 0.0579921 0.0630486 0.068196 0.0733933 0.0785967 0.0837604 0.0888371 0.093779 0.0985381 0.103067 0.107321 0.111256 0.114831 0.11801 0.120758 0.123048 0.124855 0.126159 0.126947 0.127211 0.126947 0.126159 0.124855 0.123048 0.120758 0.11801 0.114831 0.111256 0.107321 0.103067 0.0985381 0.093779 0.0888371 0.0837604 0.0785967 0.0733933 0.068196 0.0630486 0.0579921 0.0530642 0.0482987 0.0437253 0.0393691 0.0352506 0.0313854 0.0277845 0.0244542 0.0213967 0.01861 0.0160887 0.013824 0.0118047 0.0100174 0.00844713 0.00707772 0.0058924 0.00487417 0.00400618 0.00327209 0.00265633 0.00214433 0.00172266 0.0013792 0.00110322 0.000885383 0.000717819 0.000594109 0.000509279 0.000459793 
0.000538719 0.000558301 0.000617882 0.000719968 0.00086875 0.00107011 0.00133162 0.00166259 0.00207397 0.0025784 0.00319008 0.0039247 0.00479924 0.0058318 0.00704129 0.00844713 0.0100688 0.0119255 0.0140354 0.0164155 0.0190805 0.0220428 0.0253116 0.0288921 0.0327858 0.036989 0.0414934 0.0462852 0.0513454 0.0566494 0.0621675 0.0678648 0.0737018 0.0796349 0.0856167 0.0915972 0.0975239 0.103343 0.109001 0.114443 0.119616 0.12447 0.128956 0.133028 0.136646 0.139772 0.142375 0.144428 0.145909 0.146804 0.147104 0.146804 0.145909 0.144428 0.142375 0.139772 0.136646 0.133028 0.128956 0.12447 0.119616 0.114443 0.109001 0.103343 0.0975239 0.0915972 0.0856167 0.0796349 0.0737018 0.0678648 0.0621675 0.0566494 0.0513454 0.0462852 0.0414934 0.036989 0.0327858 0.0288921 0.0253116 0.0220428 0.0190805 0.0164155 0.0140354 0.0119255 0.0100688 0.00844713 0.00704129 0.0058318 0.00479924 0.0039247 0.00319008 0.0025784 0.00207397 0.00166259 0.00133162 0.00107011 0.00086875 0.000719968 0.000617882 0.000558301 
0.000650161 0.000673592 0.000744869 0.000866941 0.00104473 0.00128516 0.00159711 0.00199147 0.00248108 0.00308066 0.00380676 0.00467758 0.00571279 0.00693326 0.00836073 0.0100174 0.0119255 0.0141066 0.0165814 0.0193684 0.0224842 0.0259419 0.0297509 0.0339165 0.0384388 0.0433125 0.0485268 0.0540647 0.0599031 0.0660128 0.0723589 0.0789006 0.0855922 0.0923834 0.0992203 0.106046 0.1128 0.119423 0.125854 0.132032 0.137899 0.143397 0.148473 0.153078 0.157165 0.160695 0.163632 0.165947 0.167617 0.168626 0.168963 0.168626 0.167617 0.165947 0.163632 0.160695 0.157165 0.153078 0.148473 0.143397 0.137899 0.132032 0.125854 0.119423 0.1128 0.106046 0.0992203 0.0923834 0.0855922 0.0789006 0.0723589 0.0660128 0.0599031 0.0540647 0.0485268 0.0433125 0.0384388 0.0339165 0.0297509 0.0259419 0.0224842 0.0193684 0.0165814 0.0141066 0.0119255 0.0100174 0.00836073 0.00693326 0.00571279 0.00467758 0.00380676 0.00308066 0.00248108 0.00199147 0.00159711 0.00128516 0.00104473 0.000866941 0.000744869 0.000673592 
0.000779681 0.00080754 0.000892268 0.00103731 0.00124843 0.00153368 0.00190344 0.00237038 0.00294939 0.00365757 0.00451403 0.00553977 0.00675739 0.00819082 0.00986484 0.0118047 0.0140354 0.0165814 0.0194654 0.0227081 0.0263274 0.0303372 0.0347471 0.0395616 0.0447797 0.0503938 0.0563901 0.0627477 0.069439 0.0764297 0.0836786 0.0911389 0.0987578 0.106478 0.114238 0.121973 0.129617 0.137102 0.14436 0.151324 0.157929 0.164112 0.169815 0.174983 0.179567 0.183523 0.186812 0.189404 0.191273 0.192402 0.192779 0.192402 0.191273 0.189404 0.186812 0.183523 0.179567 0.174983 0.169815 0.164112 0.157929 0.151324 0.14436 0.137102 0.129617 0.121973 0.114238 0.106478 0.0987578 0.0911389 0.0836786 0.0764297 0.069439 0.0627477 0.0563901 0.0503938 0.0447797 0.0395616 0.0347471 0.0303372 0.0263274 0.0227081 0.0194654 0.0165814 0.0140354 0.0118047 0.00986484 0.00819082 0.00675739 0.00553977 0.00451403 0.00365757 0.00294939 0.00237038 0.00190344 0.00153368 0.00124843 0.00103731 0.000892268 0.00080754 
0.000929111 0.000962028 0.00106211 0.00123337 0.00148248 0.0018188 0.00225433 0.00280372 0.00348418 0.00431537 0.00531926 0.0065199 0.0079431 0.00961606 0.0115669 0.013824 0.0164155 0.0193684 0.0227081 0.0264571 0.0306344 0.0352547 0.0403275 0.0458564 0.0518383 0.0582633 0.0651138 0.0723647 0.079983 0.0879285 0.0961537 0.104604 0.113221 0.121937 0.130685 0.139391 0.147982 0.156381 0.164515 0.172309 0.179692 0.186596 0.192957 0.198715 0.203819 0.208219 0.211876 0.214756 0.216833 0.218086 0.218505 0.218086 0.216833 0.214756 0.211876 0.208219 0.203819 0.198715 0.192957 0.186596 0.179692 0.172309 0.164515 0.156381 0.147982 0.139391 0.130685 0.121937 0.113221 0.104604 0.0961537 0.0879285 0.079983 0.0723647 0.0651138 0.0582633 0.0518383 0.0458564 0.0403275 0.0352547 0.0306344 0.0264571 0.0227081 0.0193684 0.0164155 0.013824 0.0115669 0.00961606 0.0079431 0.0065199 0.00531926 0.00431537 0.00348418 0.00280372 0.00225433 0.0018188 0.00148248 0.00123337 0.00106211 0.000962028 
0.00110025 0.0011389 0.00125639 0.00145734 0.00174946 0.00214351 0.00265333 0.00329573 0.00409044 0.00505996 0.00622936 0.007626 0.00927915 0.0112195 0.0134788 0.0160887 0.0190805 0.0224842 0.0263274 0.0306344 0.0354255 0.0407157 0.0465141 0.052823 0.0596369 0.0669428 0.0747188 0.0829349 0.0915523 0.100524 0.109795 0.119305 0.128984 0.138759 0.148553 0.158286 0.167874 0.177235 0.186287 0.194949 0.203144 0.210797 0.217841 0.224212 0.229853 0.234714 0.23875 0.241927 0.244217 0.245598 0.24606 0.245598 0.244217 0.241927 0.23875 0.234714 0.229853 0.224212 0.217841 0.210797 0.203144 0.194949 0.186287 0.177235 0.167874 0.158286 0.148553 0.138759 0.128984 0.119305 0.109795 0.100524 0.0915523 0.0829349 0.0747188 0.0669428 0.0596369 0.052823 0.0465141 0.0407157 0.0354255 0.0306344 0.0263274 0.0224842 0.0190805 0.0160887 0.0134788 0.0112195 0.00927915 0.007626 0.00622936 0.00505996 0.00409044 0.00329573 0.00265333 0.00214351 0.00174946 0.00145734 0.00125639 0.0011389 
0.00129483 0.00133993 0.001477 0.00171133 0.00205177 0.00251063 0.00310373 0.00385027 0.00477272 0.00589665 0.00725049 0.00886516 0.0107736 0.0130104 0.0156107 0.01861 0.0220428 0.0259419 0.0303372 0.0352547 0.0407157 0.0467354 0.0533219 0.0604756 0.0681886 0.0764436 0.0852144 0.0944649 0.10415 0.114215 0.124598 0.135229 0.146031 0.156921 0.167814 0.178621 0.18925 0.199612 0.209616 0.219177 0.228209 0.236635 0.24438 0.251379 0.257569 0.262899 0.267322 0.270802 0.273308 0.27482 0.275326 0.27482 0.273308 0.270802 0.267322 0.262899 0.257569 0.251379 0.24438 0.236635 0.228209 0.219177 0.209616 0.199612 0.18925 0.178621 0.167814 0.156921 0.146031 0.135229 0.124598 0.114215 0.10415 0.0944649 0.0852144 0.0764436 0.0681886 0.0604756 0.0533219 0.0467354 0.0407157 0.0352547 0.0303372 0.0259419 0.0220428 0.01861 0.0156107 0.0130104 0.0107736 0.00886516 0.00725049 0.00589665 0.00477272 0.00385027 0.00310373 0.00251063 0.00205177 0.00171133 0.001477 0.00133993 
0.00151443 0.00156674 0.00172567 0.00199727 0.0023916 0.00292268 0.00360847 0.00447075 0.00553496 0.00683 0.00838787 0.0102433 0.0124332 0.014996 0.0179708 0.0213967 0.0253116 0.0297509 0.0347471 0.0403275 0.0465141 0.0533219 0.0607576 0.0688195 0.0774961 0.0867659 0.096597 0.106947 0.117763 0.128984 0.140538 0.152346 0.164323 0.176376 0.188412 0.200332 0.212038 0.22343 0.234413 0.244893 0.254781 0.263992 0.27245 0.280084 0.28683 0.292633 0.297446 0.301229 0.303953 0.305597 0.306146 0.305597 0.303953 0.301229 0.297446 0.292633 0.28683 0.280084 0.27245 0.263992 0.254781 0.244893 0.234413 0.22343 0.212038 0.200332 0.188412 0.176376 0.164323 0.152346 0.140538 0.128984 0.117763 0.106947 0.096597 0.0867659 0.0774961 0.0688195 0.0607576 0.0533219 0.0465141 0.0403275 0.0347471 0.0297509 0.0253116 0.0213967 0.0179708 0.014996 0.0124332 0.0102433 0.00838787 0.00683 0.00553496 0.00447075 0.00360847 0.00292268 0.0023916 0.00199727 0.00172567 0.00156674 
0.00176045 0.00182075 0.00200392 0.00231681 0.0027708 0.00338176 0.00416996 0.00515995 0.00638036 0.00786361 0.00964553 0.0117649 0.0142627 0.0171815 0.0205644 0.0244542 0.0288921 0.0339165 0.0395616 0.0458564 0.052823 0.0604756 0.0688195 0.0778499 0.0875514 0.0978972 0.108849 0.120358 0.132363 0.144794 0.157571 0.170604 0.1838 0.197056 0.210269 0.223332 0.236138 0.248582 0.260559 0.27197 0.282721 0.292723 0.301896 0.310166 0.317466 0.323741 0.32894 0.333026 0.335966 0.337739 0.338332 0.337739 0.335966 0.333026 0.32894 0.323741 0.317466 0.310166 0.301896 0.292723 0.282721 0.27197 0.260559 0.248582 0.236138 0.223332 0.210269 0.197056 0.1838 0.170604 0.157571 0.144794 0.132363 0.120358 0.108849 0.0978972 0.0875514 0.0778499 0.0688195 0.0604756 0.052823 0.0458564 0.0395616 0.0339165 0.0288921 0.0244542 0.0205644 0.0171815 0.0142627 0.0117649 0.00964553 0.00786361 0.00638036 0.00515995 0.00416996 0.00338176 0.0027708 0.00231681 0.00200392 0.00182075 
0.00203404 0.00210313 0.00231298 0.00267128 0.00319085 0.00388952 0.00479003 0.0059199 0.00731113 0.00899989 0.0110261 0.0134326 0.0162648 0.0195695 0.0233939 0.0277845 0.0327858 0.0384388 0.0447797 0.0518383 0.0596369 0.0681886 0.0774961 0.0875514 0.0983342 0.109812 0.12194 0.13466 0.147904 0.161592 0.175634 0.189931 0.204379 0.218867 0.233281 0.247506 0.261427 0.274931 0.287907 0.30025 0.311863 0.322652 0.332533 0.341431 0.349278 0.356016 0.361595 0.365976 0.369127 0.371027 0.371662 0.371027 0.369127 0.365976 0.361595 0.356016 0.349278 0.341431 0.332533 0.322652 0.311863 0.30025 0.287907 0.274931 0.261427 0.247506 0.233281 0.218867 0.204379 0.189931 0.175634 0.161592 0.147904 0.13466 0.12194 0.109812 0.0983342 0.0875514 0.0774961 0.0681886 0.0596369 0.0518383 0.0447797 0.0384388 0.0327858 0.0277845 0.0233939 0.0195695 0.0162648 0.0134326 0.0110261 0.00899989 0.00731113 0.0059199 0.00479003 0.00388952 0.00319085 0.00267128 0.00231298 0.00210313 
0.00233601 0.00241471 0.0026537 0.00306159 0.00365271 0.00444697 0.00546976 0.00675171 0.0083284 0.0102399 0.0125304 0.0152471 0.0184399 0.0221598 0.0264582 0.0313854 0.036989 0.0433125 0.0503938 0.0582633 0.0669428 0.0764436 0.0867659 0.0978972 0.109812 0.122471 0.135822 0.149799 0.164323 0.179305 0.194645 0.210235 0.225958 0.241695 0.257322 0.272717 0.287755 0.302316 0.316285 0.329552 0.342014 0.353575 0.36415 0.37366 0.382038 0.389225 0.395171 0.399837 0.403192 0.405214 0.405889 0.405214 0.403192 0.399837 0.395171 0.389225 0.382038 0.37366 0.36415 0.353575 0.342014 0.329552 0.316285 0.302316 0.287755 0.272717 0.257322 0.241695 0.225958 0.210235 0.194645 0.179305 0.164323 0.149799 0.135822 0.122471 0.109812 0.0978972 0.0867659 0.0764436 0.0669428 0.0582633 0.0503938 0.0433125 0.036989 0.0313854 0.0264582 0.0221598 0.0184399 0.0152471 0.0125304 0.0102399 0.0083284 0.00675171 0.00546976 0.00444697 0.00365271 0.00306159 0.0026537 0.00241471 
0.00266683 0.00275596 0.00302654 0.00348817 0.00415677 0.00505445 0.00620938 0.00765548 0.00943205 0.0115833 0.0141576 0.017207 0.0207856 0.024949 0.0297527 0.0352506 0.0414934 0.0485268 0.0563901 0.0651138 0.0747188 0.0852144 0.096597 0.108849 0.12194 0.135822 0.150435 0.165704 0.18154 0.197844 0.214504 0.231402 0.248412 0.265404 0.282246 0.298804 0.31495 0.330555 0.3455 0.35967 0.372959 0.385269 0.396513 0.406612 0.415499 0.423114 0.42941 0.434347 0.437894 0.440031 0.440745 0.440031 0.437894 0.434347 0.42941 0.423114 0.415499 0.406612 0.396513 0.385269 0.372959 0.35967 0.3455 0.330555 0.31495 0.298804 0.282246 0.265404 0.248412 0.231402 0.214504 0.197844 0.18154 0.165704 0.150435 0.135822 0.12194 0.108849 0.096597 0.0852144 0.0747188 0.0651138 0.0563901 0.0485268 0.0414934 0.0352506 0.0297527 0.024949 0.0207856 0.017207 0.0141576 0.0115833 0.00943205 0.00765548 0.00620938 0.00505445 0.00415677 0.00348817 0.00302654 0.00275596 
0.00302651 0.00312686 0.00343145 0.00395089 0.00470277 0.00571153 0.0070082 0.00863014 0.0106205 0.0130278 0.0159049 0.0193082 0.0232967 0.0279304 0.0332687 0.0393691 0.0462852 0.0540647 0.0627477 0.0723647 0.0829349 0.0944649 0.106947 0.120358 0.13466 0.149799 0.165704 0.18229 0.19946 0.217101 0.235093 0.253305 0.271601 0.289841 0.307885 0.325591 0.342823 0.359448 0.37534 0.390382 0.404465 0.417491 0.429371 0.440029 0.449395 0.457413 0.464036 0.469225 0.472952 0.475196 0.475946 0.475196 0.472952 0.469225 0.464036 0.457413 0.449395 0.440029 0.429371 0.417491 0.404465 0.390382 0.37534 0.359448 0.342823 0.325591 0.307885 0.289841 0.271601 0.253305 0.235093 0.217101 0.19946 0.18229 0.165704 0.149799 0.13466 0.120358 0.106947 0.0944649 0.0829349 0.0723647 0.0627477 0.0540647 0.0462852 0.0393691 0.0332687 0.0279304 0.0232967 0.0193082 0.0159049 0.0130278 0.0106205 0.00863014 0.0070082 0.00571153 0.00470277 0.00395089 0.00343145 0.00312686 
0.00341459 0.00352693 0.00386784 0.004449 0.00528974 0.00641688 0.00786448 0.0096734 0.0118908 0.0145695 0.017767 0.0215443 0.0259651 0.0310937 0.0369935 0.0437253 0.0513454 0.0599031 0.069439 0.079983 0.0915523 0.10415 0.117763 0.132363 0.147904 0.164323 0.18154 0.19946 0.217973 0.236956 0.256278 0.275797 0.295367 0.314838 0.33406 0.352885 0.37117 0.388778 0.405578 0.421451 0.436288 0.449988 0.462465 0.473642 0.483452 0.491842 0.498765 0.504185 0.508076 0.510418 0.5112 0.510418 0.508076 0.504185 0.498765 0.491842 0.483452 0.473642 0.462465 0.449988 0.436288 0.421451 0.405578 0.388778 0.37117 0.352885 0.33406 0.314838 0.295367 0.275797 0.256278 0.236956 0.217973 0.19946 0.18154 0.164323 0.147904 0.132363 0.117763 0.10415 0.0915523 0.079983 0.069439 0.0599031 0.0513454 0.0437253 0.0369935 0.0310937 0.0259651 0.0215443 0.017767 0.0145695 0.0118908 0.0096734 0.00786448 0.00641688 0.00528974 0.004449 0.00386784 0.00352693 
0.00383008 0.00395513 0.00433455 0.0049811 0.00591592 0.0071683 0.00877537 0.0107816 0.0132383 0.0162026 0.0197366 0.0239062 0.0287794 0.0344249 0.0409101 0.0482987 0.0566494 0.0660128 0.0764297 0.0879285 0.100524 0.114215 0.128984 0.144794 0.161592 0.179305 0.197844 0.217101 0.236956 0.257276 0.277915 0.298722 0.319541 0.340212 0.360577 0.380482 0.399777 0.418321 0.43598 0.452635 0.468175 0.4825 0.495527 0.507179 0.517393 0.526119 0.533312 0.538939 0.542976 0.545405 0.546216 0.545405 0.542976 0.538939 0.533312 0.526119 0.517393 0.507179 0.495527 0.4825 0.468175 0.452635 0.43598 0.418321 0.399777 0.380482 0.360577 0.340212 0.319541 0.298722 0.277915 0.257276 0.236956 0.217101 0.197844 0.179305 0.161592 0.144794 0.128984 0.114215 0.100524 0.0879285 0.0764297 0.0660128 0.0566494 0.0482987 0.0409101 0.0344249 0.0287794 0.0239062 0.0197366 0.0162026 0.0132383 0.0107816 0.00877537 0.0071683 0.00591592 0.0049811 0.00433455 0.00395513 
0.0042714 0.00440982 0.00482975 0.00554506 0.00657873 0.00796258 0.00973689 0.0119498 0.0146567 0.0179193 0.0218042 0.026382 0.0317252 0.0379067 0.0449974 0.0530642 0.0621675 0.0723589 0.0836786 0.0961537 0.109795 0.124598 0.140538 0.157571 0.175634 0.194645 0.214504 0.235093 0.256278 0.277915 0.299848 0.321913 0.343945 0.365775 0.387238 0.408172 0.428423 0.447847 0.466309 0.483688 0.499873 0.514769 0.528291 0.54037 0.550944 0.559965 0.567395 0.573203 0.577367 0.579871 0.580707 0.579871 0.577367 0.573203 0.567395 0.559965 0.550944 0.54037 0.528291 0.514769 0.499873 0.483688 0.466309 0.447847 0.428423 0.408172 0.387238 0.365775 0.343945 0.321913 0.299848 0.277915 0.256278 0.235093 0.214504 0.194645 0.175634 0.157571 0.140538 0.124598 0.109795 0.0961537 0.0836786 0.0723589 0.0621675 0.0530642 0.0449974 0.0379067 0.0317252 0.026382 0.0218042 0.0179193 0.0146567 0.0119498 0.00973689 0.00796258 0.00657873 0.00554506 0.00482975 0.00440982 
0.00473641 0.0048888 0.005351 0.00613804 0.00727478 0.00879557 0.0107439 0.0131716 0.0161382 0.0197098 0.0239578 0.0289572 0.034785 0.041518 0.0492306 0.0579921 0.0678648 0.0789006 0.0911389 0.104604 0.119305 0.135229 0.152346 0.170604 0.189931 0.210235 0.231402 0.253305 0.275797 0.298722 0.321913 0.345196 0.368395 0.391333 0.413838 0.435742 0.456888 0.477129 0.496329 0.514367 0.531135 0.54654 0.560502 0.572953 0.583839 0.593115 0.600746 0.606706 0.610976 0.613543 0.6144 0.613543 0.610976 0.606706 0.600746 0.593115 0.583839 0.572953 0.560502 0.54654 0.531135 0.514367 0.496329 0.477129 0.456888 0.435742 0.413838 0.391333 0.368395 0.345196 0.321913 0.298722 0.275797 0.253305 0.231402 0.210235 0.189931 0.170604 0.152346 0.135229 0.119305 0.104604 0.0911389 0.0789006 0.0678648 0.0579921 0.0492306 0.041518 0.034785 0.0289572 0.0239578 0.0197098 0.0161382 0.0131716 0.0107439 0.00879557 0.00727478 0.00613804 0.005351 0.0048888 
0.00522236 0.00538921 0.00589519 0.00675647 0.00799979 0.0096621 0.01179 0.0144392 0.0176733 0.0215627 0.0261834 0.0316148 0.0379383 0.0452344 0.0535806 0.0630486 0.0737018 0.0855922 0.0987578 0.113221 0.128984 0.146031 0.164323 0.1838 0.204379 0.225958 0.248412 0.271601 0.295367 0.319541 0.343945 0.368395 0.392705 0.416692 0.440175 0.462983 0.484955 0.505942 0.52581 0.544439 0.561723 0.577573 0.591914 0.604682 0.61583 0.625316 0.633112 0.639196 0.643552 0.646169 0.647042 0.646169 0.643552 0.639196 0.633112 0.625316 0.61583 0.604682 0.591914 0.577573 0.561723 0.544439 0.52581 0.505942 0.484955 0.462983 0.440175 0.416692 0.392705 0.368395 0.343945 0.319541 0.295367 0.271601 0.248412 0.225958 0.204379 0.1838 0.164323 0.146031 0.128984 0.113221 0.0987578 0.0855922 0.0737018 0.0630486 0.0535806 0.0452344 0.0379383 0.0316148 0.0261834 0.0215627 0.0176733 0.0144392 0.01179 0.0096621 0.00799979 0.00675647 0.00589519 0.00538921 
0.00572591 0.00590762 0.00645855 0.00739604 0.00874871 0.0105561 0.0128679 0.0157436 0.0192508 0.0234644 0.0284646 0.0343354 0.041162 0.0490285 0.0580152 0.068196 0.0796349 0.0923834 0.106478 0.121937 0.138759 0.156921 0.176376 0.197056 0.218867 0.241695 0.265404 0.289841 0.314838 0.340212 0.365775 0.391333 0.416692 0.441659 0.46605 0.489689 0.512413 0.534074 0.554536 0.573683 0.591414 0.607643 0.6223 0.63533 0.646688 0.656342 0.664266 0.670444 0.674864 0.677519 0.678404 0.677519 0.674864 0.670444 0.664266 0.656342 0.646688 0.63533 0.6223 0.607643 0.591414 0.573683 0.554536 0.534074 0.512413 0.489689 0.46605 0.441659 0.416692 0.391333 0.365775 0.340212 0.314838 0.289841 0.265404 0.241695 0.218867 0.197056 0.176376 0.156921 0.138759 0.121937 0.106478 0.0923834 0.0796349 0.068196 0.0580152 0.0490285 0.041162 0.0343354 0.0284646 0.0234644 0.0192508 0.0157436 0.0128679 0.0105561 0.00874871 0.00739604 0.00645855 0.00590762 
0.00624315 0.00644 0.00703671 0.00805176 0.00951566 0.0114705 0.0139691 0.0170745 0.0208585 0.0254 0.0307836 0.0370973 0.0444303 0.05287 0.0624992 0.0733933 0.0856167 0.0992203 0.114238 0.130685 0.148553 0.167814 0.188412 0.210269 0.233281 0.257322 0.282246 0.307885 0.33406 0.360577 0.387238 0.413838 0.440175 0.46605 0.491274 0.515667 0.539067 0.561323 0.582304 0.601896 0.620003 0.636544 0.651457 0.664692 0.676211 0.685988 0.694005 0.700248 0.704712 0.707392 0.708285 0.707392 0.704712 0.700248 0.694005 0.685988 0.676211 0.664692 0.651457 0.636544 0.620003 0.601896 0.582304 0.561323 0.539067 0.515667 0.491274 0.46605 0.440175 0.413838 0.387238 0.360577 0.33406 0.307885 0.282246 0.257322 0.233281 0.210269 0.188412 0.167814 0.148553 0.130685 0.114238 0.0992203 0.0856167 0.0733933 0.0624992 0.05287 0.0444303 0.0370973 0.0307836 0.0254 0.0208585 0.0170745 0.0139691 0.0114705 0.00951566 0.00805176 0.00703671 0.00644 
0.00676965 0.00698177 0.00762469 0.00871801 0.0102941 0.0123974 0.0150841 0.0184206 0.0224824 0.0273528 0.0331204 0.0398771 0.0477157 0.0567265 0.0669947 0.0785967 0.0915972 0.106046 0.121973 0.139391 0.158286 0.178621 0.200332 0.223332 0.247506 0.272717 0.298804 0.325591 0.352885 0.380482 0.408172 0.435742 0.462983 0.489689 0.515667 0.540737 0.564733 0.587507 0.608931 0.628895 0.647308 0.664098 0.679206 0.692591 0.704223 0.714082 0.722156 0.728438 0.732926 0.735619 0.736517 0.735619 0.732926 0.728438 0.722156 0.714082 0.704223 0.692591 0.679206 0.664098 0.647308 0.628895 0.608931 0.587507 0.564733 0.540737 0.515667 0.489689 0.462983 0.435742 0.408172 0.380482 0.352885 0.325591 0.298804 0.272717 0.247506 0.223332 0.200332 0.178621 0.158286 0.139391 0.121973 0.106046 0.0915972 0.0785967 0.0669947 0.0567265 0.0477157 0.0398771 0.0331204 0.0273528 0.0224824 0.0184206 0.0150841 0.0123974 0.0102941 0.00871801 0.00762469 0.00698177 
0.00730047 0.00752787 0.00821701 0.00938859 0.0110767 0.0133284 0.0162027 0.0197693 0.0241078 0.0293051 0.0354539 0.0426497 0.0509885 0.0605636 0.0714617 0.0837604 0.0975239 0.1128 0.129617 0.147982 0.167874 0.18925 0.212038 0.236138 0.261427 0.287755 0.31495 0.342823 0.37117 0.399777 0.428423 0.456888 0.484955 0.512413 0.539067 0.564733 0.589246 0.612462 0.634255 0.654521 0.673174 0.690149 0.705396 0.71888 0.730579 0.740481 0.748581 0.754876 0.75937 0.762065 0.762963 0.762065 0.75937 0.754876 0.748581 0.740481 0.730579 0.71888 0.705396 0.690149 0.673174 0.654521 0.634255 0.612462 0.589246 0.564733 0.539067 0.512413 0.484955 0.456888 0.428423 0.399777 0.37117 0.342823 0.31495 0.287755 0.261427 0.236138 0.212038 0.18925 0.167874 0.147982 0.129617 0.1128 0.0975239 0.0837604 0.0714617 0.0605636 0.0509885 0.0426497 0.0354539 0.0293051 0.0241078 0.0197693 0.0162027 0.0133284 0.0110767 0.00938859 0.00821701 0.00752787 
0.0078303 0.00807284 0.00880776 0.0100568 0.0118559 0.0142542 0.0173138 0.0211077 0.025719 0.0312383 0.0377618 0.0453888 0.0542182 0.0643454 0.0758591 0.0888371 0.103343 0.119423 0.137102 0.156381 0.177235 0.199612 0.22343 0.248582 0.274931 0.302316 0.330555 0.359448 0.388778 0.418321 0.447847 0.477129 0.505942 0.534074 0.561323 0.587507 0.612462 0.636046 0.658138 0.678638 0.697468 0.714571 0.729903 0.743439 0.755165 0.765075 0.77317 0.779456 0.78394 0.786627 0.787522 0.786627 0.78394 0.779456 0.77317 0.765075 0.755165 0.743439 0.729903 0.714571 0.697468 0.678638 0.658138 0.636046 0.612462 0.587507 0.561323 0.534074 0.505942 0.477129 0.447847 0.418321 0.388778 0.359448 0.330555 0.302316 0.274931 0.248582 0.22343 0.199612 0.177235 0.156381 0.137102 0.119423 0.103343 0.0888371 0.0758591 0.0643454 0.0542182 0.0453888 0.0377618 0.0312383 0.025719 0.0211077 0.0173138 0.0142542 0.0118559 0.0100568 0.00880776 0.00807284 
0.00835348 0.00861087 0.00939067 0.0107157 0.0126233 0.0151653 0.0184061 0.0224221 0.0272996 0.0331327 0.0400213 0.0480674 0.057373 0.0680355 0.0801448 0.093779 0.109001 0.125854 0.14436 0.164515 0.186287 0.209616 0.234413 0.260559 0.287907 0.316285 0.3455 0.37534 0.405578 0.43598 0.466309 0.496329 0.52581 0.554536 0.582304 0.608931 0.634255 0.658138 0.680462 0.701135 0.720085 0.737263 0.752634 0.76618 0.777896 0.787782 0.795848 0.802105 0.806564 0.809236 0.810125 0.809236 0.806564 0.802105 0.795848 0.787782 0.777896 0.76618 0.752634 0.737263 0.720085 0.701135 0.680462 0.658138 0.634255 0.608931 0.582304 0.554536 0.52581 0.496329 0.466309 0.43598 0.405578 0.37534 0.3455 0.316285 0.287907 0.260559 0.234413 0.209616 0.186287 0.164515 0.14436 0.125854 0.109001 0.093779 0.0801448 0.0680355 0.057373 0.0480674 0.0400213 0.0331327 0.0272996 0.0224221 0.0184061 0.0151653 0.0126233 0.0107157 0.00939067 0.00861087 
0.00886414 0.00913592 0.00995922 0.0113578 0.0133707 0.0160517 0.0194678 0.0236984 0.0288329 0.0349687 0.0422088 0.0506583 0.0604212 0.0715971 0.0842767 0.0985381 0.114443 0.132032 0.151324 0.172309 0.194949 0.219177 0.244893 0.27197 0.30025 0.329552 0.35967 0.390382 0.421451 0.452635 0.483688 0.514367 0.544439 0.573683 0.601896 0.628895 0.654521 0.678638 0.701135 0.721925 0.740946 0.758153 0.773521 0.787042 0.798715 0.808553 0.816568 0.82278 0.827203 0.829851 0.830732 0.829851 0.827203 0.82278 0.816568 0.808553 0.798715 0.787042 0.773521 0.758153 0.740946 0.721925 0.701135 0.678638 0.654521 0.628895 0.601896 0.573683 0.544439 0.514367 0.483688 0.452635 0.421451 0.390382 0.35967 0.329552 0.30025 0.27197 0.244893 0.219177 0.194949 0.172309 0.151324 0.132032 0.114443 0.0985381 0.0842767 0.0715971 0.0604212 0.0506583 0.0422088 0.0349687 0.0288329 0.0236984 0.0194678 0.0160517 0.0133707 0.0113578 0.00995922 0.00913592 
