0.00138145 0.0014005 0.00145784 0.00155406 0.00169016 0.00186747 0.0020877 0.00235283 0.00266512 0.00302706 0.00344127 0.00391051 0.00443755 0.00502512 0.00567584 0.00639215 0.00717618 0.00802973 0.00895415 0.00995025 0.0110182 0.0121577 0.0133674 0.0146453 0.0159887 0.0173938 0.0188559 0.0203696 0.0219285 0.0235251 0.0251515 0.0267985 0.0284566 0.0301155 0.0317643 0.0333917 0.0349863 0.0365362 0.0380297 0.0394552 0.0408011 0.0420566 0.0432111 0.0442548 0.0451787 0.0459748 0.0466361 0.0471567 0.047532 0.0477585 0.0478342 0.0477585 0.047532 0.0471567 0.0466361 0.0459748 0.0451787 0.0442548 0.0432111 0.0420566 0.0408011 0.0394552 0.0380297 0.0365362 0.0349863 0.0333917 0.0317643 0.0301155 0.0284566 0.0267985 0.0251515 0.0235251 0.0219285 0.0203696 0.0188559 0.0173938 0.0159887 0.0146453 0.0133674 0.0121577 0.0110182 0.00995025 0.00895415 0.00802973 0.00717618 0.00639215 0.00567584 0.00502512 0.00443755 0.00391051 0.00344127 0.00302706 0.00266512 0.00235283 0.0020877 0.00186747 0.00169016 0.00155406 0.00145784 0.0014005 
0.0014005 0.00141979 0.00147785 0.00157529 0.0017131 0.00189264 0.00211562 0.00238405 0.00270021 0.0030666 0.00348589 0.00396084 0.00449424 0.00508885 0.00574732 0.00647209 0.00726531 0.00812879 0.00906387 0.0100714 0.0111515 0.0123037 0.0135269 0.014819 0.0161772 0.0175976 0.0190755 0.0206055 0.0221809 0.0237944 0.0254378 0.027102 0.0287772 0.0304531 0.0321187 0.0337627 0.0353733 0.0369388 0.0384471 0.0398867 0.0412459 0.0425137 0.0436795 0.0447334 0.0456663 0.0464701 0.0471378 0.0476634 0.0480423 0.048271 0.0483474 0.048271 0.0480423 0.0476634 0.0471378 0.0464701 0.0456663 0.0447334 0.0436795 0.0425137 0.0412459 0.0398867 0.0384471 0.0369388 0.0353733 0.0337627 0.0321187 0.0304531 0.0287772 0.027102 0.0254378 0.0237944 0.0221809 0.0206055 0.0190755 0.0175976 0.0161772 0.014819 0.0135269 0.0123037 0.0111515 0.0100714 0.00906387 0.00812879 0.00726531 0.00647209 0.00574732 0.00508885 0.00449424 0.00396084 0.00348589 0.0030666 0.00270021 0.00238405 0.00211562 0.00189264 0.0017131 0.00157529 0.00147785 0.00141979 
0.00145784 0.00147785 0.00153809 0.00163919 0.00178215 0.00196839 0.00219965 0.00247801 0.0028058 0.0031856 0.00362014 0.00411224 0.00466478 0.00528058 0.00596233 0.00671253 0.00753337 0.00842668 0.0093938 0.0104355 0.0115521 0.0127429 0.0140067 0.0153413 0.0167437 0.0182101 0.0197355 0.0213143 0.0229395 0.0246037 0.0262983 0.0280139 0.0297406 0.0314676 0.0331837 0.0348771 0.036536 0.038148 0.0397011 0.041183 0.0425821 0.0438868 0.0450865 0.0461709 0.0471307 0.0479577 0.0486446 0.0491853 0.049575 0.0498102 0.0498888 0.0498102 0.049575 0.0491853 0.0486446 0.0479577 0.0471307 0.0461709 0.0450865 0.0438868 0.0425821 0.041183 0.0397011 0.038148 0.036536 0.0348771 0.0331837 0.0314676 0.0297406 0.0280139 0.0262983 0.0246037 0.0229395 0.0213143 0.0197355 0.0182101 0.0167437 0.0153413 0.0140067 0.0127429 0.0115521 0.0104355 0.0093938 0.00842668 0.00753337 0.00671253 0.00596233 0.00528058 0.00466478 0.00411224 0.00362014 0.0031856 0.0028058 0.00247801 0.00219965 0.00196839 0.00178215 0.00163919 0.00153809 0.00147785 
0.00155406 0.00157529 0.00163919 0.0017464 0.00189801 0.00209546 0.0023406 0.00263559 0.00298286 0.00338511 0.00384517 0.004366 0.00495058 0.00560184 0.00632256 0.00711532 0.00798237 0.00892558 0.0099463 0.0110453 0.0122228 0.013478 0.0148096 0.0162153 0.0176918 0.019235 0.0208397 0.0224999 0.0242084 0.0259571 0.0277372 0.0295387 0.0313513 0.0331636 0.0349639 0.03674 0.0384792 0.040169 0.0417965 0.0433491 0.0448146 0.0461811 0.0474372 0.0485725 0.0495772 0.0504428 0.0511616 0.0517274 0.0521352 0.0523813 0.0524636 0.0523813 0.0521352 0.0517274 0.0511616 0.0504428 0.0495772 0.0485725 0.0474372 0.0461811 0.0448146 0.0433491 0.0417965 0.040169 0.0384792 0.03674 0.0349639 0.0331636 0.0313513 0.0295387 0.0277372 0.0259571 0.0242084 0.0224999 0.0208397 0.019235 0.0176918 0.0162153 0.0148096 0.013478 0.0122228 0.0110453 0.0099463 0.00892558 0.00798237 0.00711532 0.00632256 0.00560184 0.00495058 0.004366 0.00384517 0.00338511 0.00298286 0.00263559 0.0023406 0.00209546 0.00189801 0.0017464 0.00163919 0.00157529 
0.00169016 0.0017131 0.00178215 0.00189801 0.0020618 0.00227508 0.00253979 0.00285822 0.00323297 0.00366686 0.00416291 0.00472423 0.00535396 0.00605516 0.00683077 0.00768346 0.00861558 0.00962903 0.0107252 0.0119048 0.0131679 0.0145137 0.0159407 0.0174462 0.0190269 0.020678 0.0223942 0.0241687 0.025994 0.0278615 0.0297615 0.0316837 0.0336167 0.0355487 0.0374671 0.039359 0.041211 0.0430096 0.0447415 0.0463932 0.0479518 0.0494046 0.0507399 0.0519464 0.0530141 0.0539336 0.0546972 0.0552982 0.0557313 0.0559927 0.0560801 0.0559927 0.0557313 0.0552982 0.0546972 0.0539336 0.0530141 0.0519464 0.0507399 0.0494046 0.0479518 0.0463932 0.0447415 0.0430096 0.041211 0.039359 0.0374671 0.0355487 0.0336167 0.0316837 0.0297615 0.0278615 0.025994 0.0241687 0.0223942 0.020678 0.0190269 0.0174462 0.0159407 0.0145137 0.0131679 0.0119048 0.0107252 0.00962903 0.00861558 0.00768346 0.00683077 0.00605516 0.00535396 0.00472423 0.00416291 0.00366686 0.00323297 0.00285822 0.00253979 0.00227508 0.0020618 0.00189801 0.00178215 0.0017131 
0.00186747 0.00189264 0.00196839 0.00209546 0.00227508 0.0025089 0.00279901 0.00314788 0.00355828 0.00403324 0.00457597 0.0051898 0.00587805 0.006644 0.00749074 0.00842108 0.00943746 0.0105418 0.0117356 0.0130195 0.0143934 0.0158564 0.0174067 0.0190414 0.0207565 0.0225471 0.0244071 0.0263293 0.0283054 0.030326 0.0323808 0.0344584 0.0365468 0.038633 0.0407036 0.0427446 0.0447418 0.0466807 0.0485469 0.0503261 0.0520044 0.0535685 0.0550055 0.0563037 0.0574522 0.0584412 0.0592624 0.0599086 0.0603742 0.0606552 0.0607492 0.0606552 0.0603742 0.0599086 0.0592624 0.0584412 0.0574522 0.0563037 0.0550055 0.0535685 0.0520044 0.0503261 0.0485469 0.0466807 0.0447418 0.0427446 0.0407036 0.038633 0.0365468 0.0344584 0.0323808 0.030326 0.0283054 0.0263293 0.0244071 0.0225471 0.0207565 0.0190414 0.0174067 0.0158564 0.0143934 0.0130195 0.0117356 0.0105418 0.00943746 0.00842108 0.00749074 0.006644 0.00587805 0.0051898 0.00457597 0.00403324 0.00355828 0.00314788 0.00279901 0.0025089 0.00227508 0.00209546 0.00196839 0.00189264 
0.0020877 0.00211562 0.00219965 0.0023406 0.00253979 0.00279901 0.00312055 0.00350704 0.0039615 0.0044872 0.0050876 0.00576628 0.0065268 0.00737266 0.00830715 0.00933326 0.0104535 0.01167 0.0129841 0.0143964 0.0159068 0.017514 0.0192159 0.0210093 0.0228898 0.0248518 0.0268886 0.0289921 0.0311533 0.0333618 0.0356064 0.0378747 0.0401534 0.0424287 0.0446857 0.0469094 0.0490844 0.051195 0.0532256 0.0551608 0.0569856 0.0586856 0.0602471 0.0616573 0.0629046 0.0639785 0.06487 0.0655715 0.0660769 0.0663818 0.0664838 0.0663818 0.0660769 0.0655715 0.06487 0.0639785 0.0629046 0.0616573 0.0602471 0.0586856 0.0569856 0.0551608 0.0532256 0.051195 0.0490844 0.0469094 0.0446857 0.0424287 0.0401534 0.0378747 0.0356064 0.0333618 0.0311533 0.0289921 0.0268886 0.0248518 0.0228898 0.0210093 0.0192159 0.017514 0.0159068 0.0143964 0.0129841 0.01167 0.0104535 0.00933326 0.00830715 0.00737266 0.0065268 0.00576628 0.0050876 0.0044872 0.0039615 0.00350704 0.00312055 0.00279901 0.00253979 0.0023406 0.00219965 0.00211562 
0.00235283 0.00238405 0.00247801 0.00263559 0.00285822 0.00314788 0.00350704 0.0039386 0.00444581 0.00503223 0.00570163 0.00645785 0.00730477 0.00824614 0.00928547 0.0104259 0.0116702 0.0130205 0.014478 0.0160435 0.0177164 0.0194954 0.0213779 0.0233603 0.0254375 0.0276032 0.02985 0.032169 0.03455 0.0369816 0.0394514 0.0419458 0.0444503 0.0469496 0.0494275 0.0518676 0.054253 0.0565668 0.0587919 0.0609116 0.0629096 0.0647703 0.0664789 0.0680216 0.0693856 0.0705599 0.0715344 0.0723011 0.0728534 0.0731867 0.0732982 0.0731867 0.0728534 0.0723011 0.0715344 0.0705599 0.0693856 0.0680216 0.0664789 0.0647703 0.0629096 0.0609116 0.0587919 0.0565668 0.054253 0.0518676 0.0494275 0.0469496 0.0444503 0.0419458 0.0394514 0.0369816 0.03455 0.032169 0.02985 0.0276032 0.0254375 0.0233603 0.0213779 0.0194954 0.0177164 0.0160435 0.014478 0.0130205 0.0116702 0.0104259 0.00928547 0.00824614 0.00730477 0.00645785 0.00570163 0.00503223 0.00444581 0.0039386 0.00350704 0.00314788 0.00285822 0.00263559 0.00247801 0.00238405 
0.00266512 0.00270021 0.0028058 0.00298286 0.00323297 0.00355828 0.0039615 0.00444581 0.00501475 0.00567223 0.00642232 0.00726922 0.00821711 0.00927005 0.0104318 0.0117057 0.0130947 0.0146009 0.0162257 0.0179695 0.0198317 0.0218106 0.0239032 0.0261052 0.028411 0.0308134 0.0333041 0.035873 0.0385088 0.0411991 0.0439299 0.0466862 0.049452 0.0522104 0.0549438 0.0576341 0.0602627 0.0628112 0.0652609 0.0675936 0.0697915 0.0718377 0.0737159 0.0754113 0.0769099 0.0781998 0.07927 0.0801119 0.0807184 0.0810843 0.0812066 0.0810843 0.0807184 0.0801119 0.07927 0.0781998 0.0769099 0.0754113 0.0737159 0.0718377 0.0697915 0.0675936 0.0652609 0.0628112 0.0602627 0.0576341 0.0549438 0.0522104 0.049452 0.0466862 0.0439299 0.0411991 0.0385088 0.035873 0.0333041 0.0308134 0.028411 0.0261052 0.0239032 0.0218106 0.0198317 0.0179695 0.0162257 0.0146009 0.0130947 0.0117057 0.0104318 0.00927005 0.00821711 0.00726922 0.00642232 0.00567223 0.00501475 0.00444581 0.0039615 0.00355828 0.00323297 0.00298286 0.0028058 0.00270021 
0.00302706 0.0030666 0.0031856 0.00338511 0.00366686 0.00403324 0.0044872 0.00503223 0.00567223 0.00641144 0.00725432 0.00820545 0.00926936 0.0104504 0.0117527 0.0131798 0.0147347 0.0164196 0.0182359 0.0201839 0.0222627 0.0244702 0.0268029 0.0292558 0.0318225 0.034495 0.0372637 0.0401175 0.0430438 0.0460285 0.0490562 0.0521103 0.0551732 0.0582261 0.0612496 0.0642238 0.0671285 0.0699431 0.0726474 0.0752215 0.0776459 0.0799021 0.0819724 0.0838405 0.0854916 0.0869122 0.0880907 0.0890177 0.0896853 0.0900881 0.0902227 0.0900881 0.0896853 0.0890177 0.0880907 0.0869122 0.0854916 0.0838405 0.0819724 0.0799021 0.0776459 0.0752215 0.0726474 0.0699431 0.0671285 0.0642238 0.0612496 0.0582261 0.0551732 0.0521103 0.0490562 0.0460285 0.0430438 0.0401175 0.0372637 0.034495 0.0318225 0.0292558 0.0268029 0.0244702 0.0222627 0.0201839 0.0182359 0.0164196 0.0147347 0.0131798 0.0117527 0.0104504 0.00926936 0.00820545 0.00725432 0.00641144 0.00567223 0.00503223 0.0044872 0.00403324 0.00366686 0.00338511 0.0031856 0.0030666 
0.00344127 0.00348589 0.00362014 0.00384517 0.00416291 0.00457597 0.0050876 0.00570163 0.00642232 0.00725432 0.00820252 0.00927187 0.0104673 0.0117936 0.013255 0.0148554 0.016598 0.018485 0.0205177 0.0226963 0.0250196 0.0274849 0.0300883 0.0328239 0.0356844 0.0386607 0.0417421 0.044916 0.0481684 0.0514836 0.0548444 0.0582325 0.0616282 0.0650109 0.0683591 0.071651 0.0748643 0.0779764 0.0809652 0.0838089 0.0864861 0.0889766 0.0912611 0.093322 0.0951429 0.0967092 0.0980085 0.0990301 0.0997659 0.10021 0.100358 0.10021 0.0997659 0.0990301 0.0980085 0.0967092 0.0951429 0.093322 0.0912611 0.0889766 0.0864861 0.0838089 0.0809652 0.0779764 0.0748643 0.071651 0.0683591 0.0650109 0.0616282 0.0582325 0.0548444 0.0514836 0.0481684 0.044916 0.0417421 0.0386607 0.0356844 0.0328239 0.0300883 0.0274849 0.0250196 0.0226963 0.0205177 0.018485 0.016598 0.0148554 0.013255 0.0117936 0.0104673 0.00927187 0.00820252 0.00725432 0.00642232 0.00570163 0.0050876 0.00457597 0.00416291 0.00384517 0.00362014 0.00348589 
0.00391051 0.00396084 0.00411224 0.004366 0.00472423 0.0051898 0.00576628 0.00645785 0.00726922 0.00820545 0.00927187 0.0104739 0.0118168 0.0133058 0.0149455 0.01674 0.0186926 0.0208056 0.0230802 0.0255163 0.0281124 0.0308653 0.0337703 0.0368208 0.0400083 0.0433226 0.0467516 0.0502811 0.0538956 0.0575774 0.0613077 0.0650657 0.06883 0.0725777 0.0762851 0.0799282 0.0834824 0.0869231 0.0902259 0.0933668 0.0963228 0.0990716 0.101592 0.103865 0.105873 0.1076 0.109032 0.110158 0.110969 0.111458 0.111621 0.111458 0.110969 0.110158 0.109032 0.1076 0.105873 0.103865 0.101592 0.0990716 0.0963228 0.0933668 0.0902259 0.0869231 0.0834824 0.0799282 0.0762851 0.0725777 0.06883 0.0650657 0.0613077 0.0575774 0.0538956 0.0502811 0.0467516 0.0433226 0.0400083 0.0368208 0.0337703 0.0308653 0.0281124 0.0255163 0.0230802 0.0208056 0.0186926 0.01674 0.0149455 0.0133058 0.0118168 0.0104739 0.00927187 0.00820545 0.00726922 0.00645785 0.00576628 0.0051898 0.00472423 0.004366 0.00411224 0.00396084 
0.00443755 0.00449424 0.00466478 0.00495058 0.00535396 0.00587805 0.0065268 0.00730477 0.00821711 0.00926936 0.0104673 0.0118168 0.0133237 0.0149935 0.0168311 0.0188408 0.0210262 0.0233896 0.025932 0.028653 0.0315507 0.0346214 0.0378594 0.0412572 0.0448053 0.0484919 0.0523035 0.0562243 0.0602368 0.0643214 0.0684571 0.0726211 0.0767894 0.080937 0.0850377 0.0890651 0.0929921 0.0967919 0.100438 0.103903 0.107164 0.110194 0.112972 0.115477 0.117688 0.11959 0.121167 0.122406 0.123299 0.123837 0.124017 0.123837 0.123299 0.122406 0.121167 0.11959 0.117688 0.115477 0.112972 0.110194 0.107164 0.103903 0.100438 0.0967919 0.0929921 0.0890651 0.0850377 0.080937 0.0767894 0.0726211 0.0684571 0.0643214 0.0602368 0.0562243 0.0523035 0.0484919 0.0448053 0.0412572 0.0378594 0.0346214 0.0315507 0.028653 0.025932 0.0233896 0.0210262 0.0188408 0.0168311 0.0149935 0.0133237 0.0118168 0.0104673 0.00926936 0.00821711 0.00730477 0.0065268 0.00587805 0.00535396 0.00495058 0.00466478 0.00449424 
0.00502512 0.00508885 0.00528058 0.00560184 0.00605516 0.006644 0.00737266 0.00824614 0.00927005 0.0104504 0.0117936 0.0133058 0.0149935 0.0168624 0.0189179 0.0211646 0.023606 0.0262445 0.0290809 0.0321146 0.0353431 0.0387619 0.0423646 0.0461424 0.0500846 0.054178 0.0584073 0.0627548 0.0672011 0.0717245 0.0763014 0.0809069 0.0855143 0.0900962 0.0946237 0.0990678 0.103399 0.107588 0.111605 0.115422 0.119011 0.122346 0.125403 0.128157 0.130589 0.132679 0.134412 0.135774 0.136754 0.137346 0.137543 0.137346 0.136754 0.135774 0.134412 0.132679 0.130589 0.128157 0.125403 0.122346 0.119011 0.115422 0.111605 0.107588 0.103399 0.0990678 0.0946237 0.0900962 0.0855143 0.0809069 0.0763014 0.0717245 0.0672011 0.0627548 0.0584073 0.054178 0.0500846 0.0461424 0.0423646 0.0387619 0.0353431 0.0321146 0.0290809 0.0262445 0.023606 0.0211646 0.0189179 0.0168624 0.0149935 0.0133058 0.0117936 0.0104504 0.00927005 0.00824614 0.00737266 0.006644 0.00605516 0.00560184 0.00528058 0.00508885 
0.00567584 0.00574732 0.00596233 0.00632256 0.00683077 0.00749074 0.00830715 0.00928547 0.0104318 0.0117527 0.013255 0.0149455 0.0168311 0.0189179 0.0212117 0.0237173 0.0264383 0.0293769 0.032534 0.0359083 0.0394968 0.0432943 0.0472933 0.0514839 0.0558537 0.0603881 0.0650699 0.0698795 0.074795 0.0797925 0.084846 0.0899278 0.0950088 0.100059 0.105046 0.109938 0.114704 0.119311 0.123727 0.127921 0.131863 0.135525 0.138879 0.141901 0.144568 0.146861 0.148761 0.150254 0.151328 0.151977 0.152193 0.151977 0.151328 0.150254 0.148761 0.146861 0.144568 0.141901 0.138879 0.135525 0.131863 0.127921 0.123727 0.119311 0.114704 0.109938 0.105046 0.100059 0.0950088 0.0899278 0.084846 0.0797925 0.074795 0.0698795 0.0650699 0.0603881 0.0558537 0.0514839 0.0472933 0.0432943 0.0394968 0.0359083 0.032534 0.0293769 0.0264383 0.0237173 0.0212117 0.0189179 0.0168311 0.0149455 0.013255 0.0117527 0.0104318 0.00928547 0.00830715 0.00749074 0.00683077 0.00632256 0.00596233 0.00574732 
0.00639215 0.00647209 0.00671253 0.00711532 0.00768346 0.00842108 0.00933326 0.0104259 0.0117057 0.0131798 0.0148554 0.01674 0.0188408 0.0211646 0.0237173 0.0265039 0.0295281 0.0327922 0.0362965 0.0400394 0.0440173 0.048224 0.0526508 0.0572866 0.0621174 0.0671268 0.0722954 0.0776017 0.0830212 0.0885276 0.0940921 0.0996844 0.105272 0.110823 0.116301 0.121673 0.126902 0.131955 0.136796 0.141392 0.14571 0.149719 0.15339 0.156697 0.159615 0.162122 0.164199 0.165831 0.167006 0.167714 0.167951 0.167714 0.167006 0.165831 0.164199 0.162122 0.159615 0.156697 0.15339 0.149719 0.14571 0.141392 0.136796 0.131955 0.126902 0.121673 0.116301 0.110823 0.105272 0.0996844 0.0940921 0.0885276 0.0830212 0.0776017 0.0722954 0.0671268 0.0621174 0.0572866 0.0526508 0.048224 0.0440173 0.0400394 0.0362965 0.0327922 0.0295281 0.0265039 0.0237173 0.0211646 0.0188408 0.01674 0.0148554 0.0131798 0.0117057 0.0104259 0.00933326 0.00842108 0.00768346 0.00711532 0.00671253 0.00647209 
0.00717618 0.00726531 0.00753337 0.00798237 0.00861558 0.00943746 0.0104535 0.0116702 0.0130947 0.0147347 0.016598 0.0186926 0.0210262 0.023606 0.0264383 0.0295281 0.0328793 0.036494 0.0403721 0.0445116 0.048908 0.053554 0.0584399 0.0635529 0.0688774 0.074395 0.0800842 0.085921 0.0918784 0.0979274 0.104036 0.110172 0.116299 0.122382 0.128382 0.134261 0.139983 0.145508 0.150799 0.155819 0.160535 0.164911 0.168917 0.172525 0.175706 0.17844 0.180704 0.182483 0.183763 0.184535 0.184793 0.184535 0.183763 0.182483 0.180704 0.17844 0.175706 0.172525 0.168917 0.164911 0.160535 0.155819 0.150799 0.145508 0.139983 0.134261 0.128382 0.122382 0.116299 0.110172 0.104036 0.0979274 0.0918784 0.085921 0.0800842 0.074395 0.0688774 0.0635529 0.0584399 0.053554 0.048908 0.0445116 0.0403721 0.036494 0.0328793 0.0295281 0.0264383 0.023606 0.0210262 0.0186926 0.016598 0.0147347 0.0130947 0.0116702 0.0104535 0.00943746 0.00861558 0.00798237 0.00753337 0.00726531 
0.00802973 0.00812879 0.00842668 0.00892558 0.00962903 0.0105418 0.01167 0.0130205 0.0146009 0.0164196 0.018485 0.0208056 0.0233896 0.0262445 0.0293769 0.0327922 0.036494 0.0404842 0.0447625 0.049326 0.0541695 0.0592847 0.0646602 0.0702818 0.076132 0.0821901 0.0884325 0.0948326 0.101361 0.107985 0.11467 0.121381 0.128078 0.134722 0.141272 0.147688 0.153927 0.15995 0.165714 0.171181 0.176314 0.181076 0.185433 0.189356 0.192814 0.195785 0.198245 0.200178 0.201568 0.202406 0.202687 0.202406 0.201568 0.200178 0.198245 0.195785 0.192814 0.189356 0.185433 0.181076 0.176314 0.171181 0.165714 0.15995 0.153927 0.147688 0.141272 0.134722 0.128078 0.121381 0.11467 0.107985 0.101361 0.0948326 0.0884325 0.0821901 0.076132 0.0702818 0.0646602 0.0592847 0.0541695 0.049326 0.0447625 0.0404842 0.036494 0.0327922 0.0293769 0.0262445 0.0233896 0.0208056 0.018485 0.0164196 0.0146009 0.0130205 0.01167 0.0105418 0.00962903 0.00892558 0.00842668 0.00812879 
0.00895415 0.00906387 0.0093938 0.0099463 0.0107252 0.0117356 0.0129841 0.014478 0.0162257 0.0182359 0.0205177 0.0230802 0.025932 0.0290809 0.032534 0.0362965 0.0403721 0.0447625 0.0494667 0.0544813 0.0597999 0.0654131 0.071308 0.0774685 0.0838752 0.0905051 0.0973321 0.104327 0.111457 0.118687 0.125979 0.133294 0.14059 0.147824 0.154951 0.161929 0.16871 0.175252 0.181512 0.187446 0.193014 0.198178 0.202902 0.207152 0.210899 0.214116 0.216781 0.218873 0.220378 0.221286 0.221589 0.221286 0.220378 0.218873 0.216781 0.214116 0.210899 0.207152 0.202902 0.198178 0.193014 0.187446 0.181512 0.175252 0.16871 0.161929 0.154951 0.147824 0.14059 0.133294 0.125979 0.118687 0.111457 0.104327 0.0973321 0.0905051 0.0838752 0.0774685 0.071308 0.0654131 0.0597999 0.0544813 0.0494667 0.0447625 0.0403721 0.0362965 0.032534 0.0290809 0.025932 0.0230802 0.0205177 0.0182359 0.0162257 0.014478 0.0129841 0.0117356 0.0107252 0.0099463 0.0093938 0.00906387 
0.00995025 0.0100714 0.0104355 0.0110453 0.0119048 0.0130195 0.0143964 0.0160435 0.0179695 0.0201839 0.0226963 0.0255163 0.028653 0.0321146 0.0359083 0.0400394 0.0445116 0.049326 0.0544813 0.0599731 0.065794 0.071933 0.0783758 0.0851043 0.0920969 0.0993283 0.10677 0.114389 0.12215 0.130014 0.137942 0.145889 0.153811 0.16166 0.169389 0.176951 0.184298 0.191381 0.198154 0.204572 0.210592 0.216173 0.221276 0.225867 0.229912 0.233385 0.23626 0.238517 0.240141 0.24112 0.241448 0.24112 0.240141 0.238517 0.23626 0.233385 0.229912 0.225867 0.221276 0.216173 0.210592 0.204572 0.198154 0.191381 0.184298 0.176951 0.169389 0.16166 0.153811 0.145889 0.137942 0.130014 0.12215 0.114389 0.10677 0.0993283 0.0920969 0.0851043 0.0783758 0.071933 0.065794 0.0599731 0.0544813 0.049326 0.0445116 0.0400394 0.0359083 0.0321146 0.028653 0.0255163 0.0226963 0.0201839 0.0179695 0.0160435 0.0143964 0.0130195 0.0119048 0.0110453 0.0104355 0.0100714 
0.0110182 0.0111515 0.0115521 0.0122228 0.0131679 0.0143934 0.0159068 0.0177164 0.0198317 0.0222627 0.0250196 0.0281124 0.0315507 0.0353431 0.0394968 0.0440173 0.048908 0.0541695 0.0597999 0.065794 0.0721429 0.0788343 0.0858521 0.0931762 0.100782 0.108643 0.116727 0.124997 0.133417 0.141943 0.150532 0.159136 0.167707 0.176195 0.184549 0.192717 0.200647 0.208289 0.215594 0.222512 0.228998 0.235009 0.240503 0.245443 0.249795 0.253531 0.256622 0.25905 0.260795 0.261848 0.262199 0.261848 0.260795 0.25905 0.256622 0.253531 0.249795 0.245443 0.240503 0.235009 0.228998 0.222512 0.215594 0.208289 0.200647 0.192717 0.184549 0.176195 0.167707 0.159136 0.150532 0.141943 0.133417 0.124997 0.116727 0.108643 0.100782 0.0931762 0.0858521 0.0788343 0.0721429 0.065794 0.0597999 0.0541695 0.048908 0.0440173 0.0394968 0.0353431 0.0315507 0.0281124 0.0250196 0.0222627 0.0198317 0.0177164 0.0159068 0.0143934 0.0131679 0.0122228 0.0115521 0.0111515 
0.0121577 0.0123037 0.0127429 0.013478 0.0145137 0.0158564 0.017514 0.0194954 0.0218106 0.0244702 0.0274849 0.0308653 0.0346214 0.0387619 0.0432943 0.048224 0.053554 0.0592847 0.0654131 0.071933 0.0788343 0.0861031 0.0937212 0.101666 0.109912 0.118428 0.127179 0.136127 0.145229 0.154441 0.163714 0.172998 0.182241 0.191388 0.200385 0.209177 0.217708 0.225925 0.233775 0.241207 0.248171 0.254621 0.260515 0.265814 0.27048 0.274483 0.277797 0.280397 0.282267 0.283395 0.283771 0.283395 0.282267 0.280397 0.277797 0.274483 0.27048 0.265814 0.260515 0.254621 0.248171 0.241207 0.233775 0.225925 0.217708 0.209177 0.200385 0.191388 0.182241 0.172998 0.163714 0.154441 0.145229 0.136127 0.127179 0.118428 0.109912 0.101666 0.0937212 0.0861031 0.0788343 0.071933 0.0654131 0.0592847 0.053554 0.048224 0.0432943 0.0387619 0.0346214 0.0308653 0.0274849 0.0244702 0.0218106 0.0194954 0.017514 0.0158564 0.0145137 0.013478 0.0127429 0.0123037 
0.0133674 0.0135269 0.0140067 0.0148096 0.0159407 0.0174067 0.0192159 0.0213779 0.0239032 0.0268029 0.0300883 0.0337703 0.0378594 0.0423646 0.0472933 0.0526508 0.0584399 0.0646602 0.071308 0.0783758 0.0858521 0.0937212 0.101963 0.110553 0.119461 0.128655 0.138097 0.147744 0.157551 0.16747 0.177449 0.187432 0.197365 0.207188 0.216845 0.226276 0.235422 0.244227 0.252634 0.260589 0.26804 0.274939 0.28124 0.286903 0.291888 0.296164 0.299702 0.302479 0.304475 0.305679 0.306081 0.305679 0.304475 0.302479 0.299702 0.296164 0.291888 0.286903 0.28124 0.274939 0.26804 0.260589 0.252634 0.244227 0.235422 0.226276 0.216845 0.207188 0.197365 0.187432 0.177449 0.16747 0.157551 0.147744 0.138097 0.128655 0.119461 0.110553 0.101963 0.0937212 0.0858521 0.0783758 0.071308 0.0646602 0.0584399 0.0526508 0.0472933 0.0423646 0.0378594 0.0337703 0.0300883 0.0268029 0.0239032 0.0213779 0.0192159 0.0174067 0.0159407 0.0148096 0.0140067 0.0135269 
0.0146453 0.014819 0.0153413 0.0162153 0.0174462 0.0190414 0.0210093 0.0233603 0.0261052 0.0292558 0.0328239 0.0368208 0.0412572 0.0461424 0.0514839 0.0572866 0.0635529 0.0702818 0.0774685 0.0851043 0.0931762 0.101666 0.110553 0.119808 0.1294 0.139293 0.149445 0.159811 0.170343 0.180986 0.191687 0.202386 0.213024 0.223538 0.233868 0.24395 0.253722 0.263124 0.272097 0.280583 0.288528 0.295881 0.302594 0.308625 0.313933 0.318485 0.32225 0.325204 0.327328 0.328608 0.329035 0.328608 0.327328 0.325204 0.32225 0.318485 0.313933 0.308625 0.302594 0.295881 0.288528 0.280583 0.272097 0.263124 0.253722 0.24395 0.233868 0.223538 0.213024 0.202386 0.191687 0.180986 0.170343 0.159811 0.149445 0.139293 0.1294 0.119808 0.110553 0.101666 0.0931762 0.0851043 0.0774685 0.0702818 0.0635529 0.0572866 0.0514839 0.0461424 0.0412572 0.0368208 0.0328239 0.0292558 0.0261052 0.0233603 0.0210093 0.0190414 0.0174462 0.0162153 0.0153413 0.014819 
0.0159887 0.0161772 0.0167437 0.0176918 0.0190269 0.0207565 0.0228898 0.0254375 0.028411 0.0318225 0.0356844 0.0400083 0.0448053 0.0500846 0.0558537 0.0621174 0.0688774 0.076132 0.0838752 0.0920969 0.100782 0.109912 0.119461 0.1294 0.139694 0.150303 0.161182 0.172284 0.183555 0.194938 0.206375 0.217802 0.229157 0.240373 0.251385 0.262127 0.272533 0.282539 0.292082 0.301104 0.309547 0.317358 0.324486 0.330887 0.336519 0.341347 0.34534 0.348472 0.350724 0.352081 0.352534 0.352081 0.350724 0.348472 0.34534 0.341347 0.336519 0.330887 0.324486 0.317358 0.309547 0.301104 0.292082 0.282539 0.272533 0.262127 0.251385 0.240373 0.229157 0.217802 0.206375 0.194938 0.183555 0.172284 0.161182 0.150303 0.139694 0.1294 0.119461 0.109912 0.100782 0.0920969 0.0838752 0.076132 0.0688774 0.0621174 0.0558537 0.0500846 0.0448053 0.0400083 0.0356844 0.0318225 0.028411 0.0254375 0.0228898 0.0207565 0.0190269 0.0176918 0.0167437 0.0161772 
0.0173938 0.0175976 0.0182101 0.019235 0.020678 0.0225471 0.0248518 0.0276032 0.0308134 0.034495 0.0386607 0.0433226 0.0484919 0.054178 0.0603881 0.0671268 0.074395 0.0821901 0.0905051 0.0993283 0.108643 0.118428 0.128655 0.139293 0.150303 0.161642 0.173263 0.185113 0.197135 0.209269 0.221452 0.233617 0.245697 0.257622 0.269322 0.280728 0.291772 0.302385 0.312503 0.322063 0.331004 0.339273 0.346816 0.353587 0.359543 0.364647 0.368867 0.372177 0.374556 0.37599 0.376469 0.37599 0.374556 0.372177 0.368867 0.364647 0.359543 0.353587 0.346816 0.339273 0.331004 0.322063 0.312503 0.302385 0.291772 0.280728 0.269322 0.257622 0.245697 0.233617 0.221452 0.209269 0.197135 0.185113 0.173263 0.161642 0.150303 0.139293 0.128655 0.118428 0.108643 0.0993283 0.0905051 0.0821901 0.074395 0.0671268 0.0603881 0.054178 0.0484919 0.0433226 0.0386607 0.034495 0.0308134 0.0276032 0.0248518 0.0225471 0.020678 0.019235 0.0182101 0.0175976 
0.0188559 0.0190755 0.0197355 0.0208397 0.0223942 0.0244071 0.0268886 0.02985 0.0333041 0.0372637 0.0417421 0.0467516 0.0523035 0.0584073 0.0650699 0.0722954 0.0800842 0.0884325 0.0973321 0.10677 0.116727 0.127179 0.138097 0.149445 0.161182 0.173263 0.185635 0.198242 0.211024 0.223917 0.236852 0.24976 0.262569 0.275206 0.287597 0.29967 0.311352 0.322573 0.333263 0.343359 0.352799 0.361523 0.369479 0.376618 0.382895 0.388273 0.392719 0.396205 0.398711 0.40022 0.400724 0.40022 0.398711 0.396205 0.392719 0.388273 0.382895 0.376618 0.369479 0.361523 0.352799 0.343359 0.333263 0.322573 0.311352 0.29967 0.287597 0.275206 0.262569 0.24976 0.236852 0.223917 0.211024 0.198242 0.185635 0.173263 0.161182 0.149445 0.138097 0.127179 0.116727 0.10677 0.0973321 0.0884325 0.0800842 0.0722954 0.0650699 0.0584073 0.0523035 0.0467516 0.0417421 0.0372637 0.0333041 0.02985 0.0268886 0.0244071 0.0223942 0.0208397 0.0197355 0.0190755 
0.0203696 0.0206055 0.0213143 0.0224999 0.0241687 0.0263293 0.0289921 0.032169 0.035873 0.0401175 0.044916 0.0502811 0.0562243 0.0627548 0.0698795 0.0776017 0.085921 0.0948326 0.104327 0.114389 0.124997 0.136127 0.147744 0.159811 0.172284 0.185113 0.198242 0.211612 0.225158 0.238812 0.252503 0.266155 0.279694 0.293043 0.306124 0.318861 0.331179 0.343003 0.354263 0.364891 0.374823 0.383999 0.392363 0.399866 0.406461 0.412109 0.416777 0.420437 0.423067 0.424651 0.42518 0.424651 0.423067 0.420437 0.416777 0.412109 0.406461 0.399866 0.392363 0.383999 0.374823 0.364891 0.354263 0.343003 0.331179 0.318861 0.306124 0.293043 0.279694 0.266155 0.252503 0.238812 0.225158 0.211612 0.198242 0.185113 0.172284 0.159811 0.147744 0.136127 0.124997 0.114389 0.104327 0.0948326 0.085921 0.0776017 0.0698795 0.0627548 0.0562243 0.0502811 0.044916 0.0401175 0.035873 0.032169 0.0289921 0.0263293 0.0241687 0.0224999 0.0213143 0.0206055 
0.0219285 0.0221809 0.0229395 0.0242084 0.025994 0.0283054 0.0311533 0.03455 0.0385088 0.0430438 0.0481684 0.0538956 0.0602368 0.0672011 0.074795 0.0830212 0.0918784 0.101361 0.111457 0.12215 0.133417 0.145229 0.157551 0.170343 0.183555 0.197135 0.211024 0.225158 0.239469 0.253884 0.268328 0.282723 0.296988 0.311045 0.32481 0.338206 0.351153 0.363574 0.375397 0.38655 0.396968 0.406588 0.415354 0.423213 0.43012 0.436034 0.44092 0.44475 0.447502 0.449159 0.449713 0.449159 0.447502 0.44475 0.44092 0.436034 0.43012 0.423213 0.415354 0.406588 0.396968 0.38655 0.375397 0.363574 0.351153 0.338206 0.32481 0.311045 0.296988 0.282723 0.268328 0.253884 0.239469 0.225158 0.211024 0.197135 0.183555 0.170343 0.157551 0.145229 0.133417 0.12215 0.111457 0.101361 0.0918784 0.0830212 0.074795 0.0672011 0.0602368 0.0538956 0.0481684 0.0430438 0.0385088 0.03455 0.0311533 0.0283054 0.025994 0.0242084 0.0229395 0.0221809 
0.0235251 0.0237944 0.0246037 0.0259571 0.0278615 0.030326 0.0333618 0.0369816 0.0411991 0.0460285 0.0514836 0.0575774 0.0643214 0.0717245 0.0797925 0.0885276 0.0979274 0.107985 0.118687 0.130014 0.141943 0.154441 0.16747 0.180986 0.194938 0.209269 0.223917 0.238812 0.253884 0.269056 0.284248 0.299378 0.314363 0.329119 0.343561 0.357606 0.371173 0.384181 0.396556 0.408225 0.419118 0.429173 0.438331 0.44654 0.453751 0.459923 0.465022 0.469017 0.471888 0.473616 0.474194 0.473616 0.471888 0.469017 0.465022 0.459923 0.453751 0.44654 0.438331 0.429173 0.419118 0.408225 0.396556 0.384181 0.371173 0.357606 0.343561 0.329119 0.314363 0.299378 0.284248 0.269056 0.253884 0.238812 0.223917 0.209269 0.194938 0.180986 0.16747 0.154441 0.141943 0.130014 0.118687 0.107985 0.0979274 0.0885276 0.0797925 0.0717245 0.0643214 0.0575774 0.0514836 0.0460285 0.0411991 0.0369816 0.0333618 0.030326 0.0278615 0.0259571 0.0246037 0.0237944 
0.0251515 0.0254378 0.0262983 0.0277372 0.0297615 0.0323808 0.0356064 0.0394514 0.0439299 0.0490562 0.0548444 0.0613077 0.0684571 0.0763014 0.084846 0.0940921 0.104036 0.11467 0.125979 0.137942 0.150532 0.163714 0.177449 0.191687 0.206375 0.221452 0.236852 0.252503 0.268328 0.284248 0.300179 0.316034 0.331728 0.347171 0.362277 0.376959 0.391133 0.404716 0.41763 0.429801 0.441158 0.451636 0.461176 0.469723 0.477229 0.483652 0.488956 0.493113 0.496098 0.497895 0.498496 0.497895 0.496098 0.493113 0.488956 0.483652 0.477229 0.469723 0.461176 0.451636 0.441158 0.429801 0.41763 0.404716 0.391133 0.376959 0.362277 0.347171 0.331728 0.316034 0.300179 0.284248 0.268328 0.252503 0.236852 0.221452 0.206375 0.191687 0.177449 0.163714 0.150532 0.137942 0.125979 0.11467 0.104036 0.0940921 0.084846 0.0763014 0.0684571 0.0613077 0.0548444 0.0490562 0.0439299 0.0394514 0.0356064 0.0323808 0.0297615 0.0277372 0.0262983 0.0254378 
0.0267985 0.027102 0.0280139 0.0295387 0.0316837 0.0344584 0.0378747 0.0419458 0.0466862 0.0521103 0.0582325 0.0650657 0.0726211 0.0809069 0.0899278 0.0996844 0.110172 0.121381 0.133294 0.145889 0.159136 0.172998 0.187432 0.202386 0.217802 0.233617 0.24976 0.266155 0.282723 0.299378 0.316034 0.332601 0.348989 0.365105 0.380859 0.396162 0.410927 0.425068 0.438506 0.451164 0.46297 0.473858 0.483766 0.49264 0.500431 0.507095 0.512598 0.516908 0.520004 0.521868 0.52249 0.521868 0.520004 0.516908 0.512598 0.507095 0.500431 0.49264 0.483766 0.473858 0.46297 0.451164 0.438506 0.425068 0.410927 0.396162 0.380859 0.365105 0.348989 0.332601 0.316034 0.299378 0.282723 0.266155 0.24976 0.233617 0.217802 0.202386 0.187432 0.172998 0.159136 0.145889 0.133294 0.121381 0.110172 0.0996844 0.0899278 0.0809069 0.0726211 0.0650657 0.0582325 0.0521103 0.0466862 0.0419458 0.0378747 0.0344584 0.0316837 0.0295387 0.0280139 0.027102 
0.0284566 0.0287772 0.0297406 0.0313513 0.0336167 0.0365468 0.0401534 0.0444503 0.049452 0.0551732 0.0616282 0.06883 0.0767894 0.0855143 0.0950088 0.105272 0.116299 0.128078 0.14059 0.153811 0.167707 0.182241 0.197365 0.213024 0.229157 0.245697 0.262569 0.279694 0.296988 0.314363 0.331728 0.348989 0.366051 0.382822 0.399206 0.415111 0.430448 0.445129 0.459073 0.4722 0.484439 0.49572 0.505982 0.515169 0.523233 0.530128 0.53582 0.540279 0.54348 0.545407 0.54605 0.545407 0.54348 0.540279 0.53582 0.530128 0.523233 0.515169 0.505982 0.49572 0.484439 0.4722 0.459073 0.445129 0.430448 0.415111 0.399206 0.382822 0.366051 0.348989 0.331728 0.314363 0.296988 0.279694 0.262569 0.245697 0.229157 0.213024 0.197365 0.182241 0.167707 0.153811 0.14059 0.128078 0.116299 0.105272 0.0950088 0.0855143 0.0767894 0.06883 0.0616282 0.0551732 0.049452 0.0444503 0.0401534 0.0365468 0.0336167 0.0313513 0.0297406 0.0287772 
0.0301155 0.0304531 0.0314676 0.0331636 0.0355487 0.038633 0.0424287 0.0469496 0.0522104 0.0582261 0.0650109 0.0725777 0.080937 0.0900962 0.100059 0.110823 0.122382 0.134722 0.147824 0.16166 0.176195 0.191388 0.207188 0.223538 0.240373 0.257622 0.275206 0.293043 0.311045 0.329119 0.347171 0.365105 0.382822 0.400225 0.417216 0.433702 0.449589 0.46479 0.479218 0.492796 0.505448 0.517105 0.527705 0.537192 0.545515 0.55263 0.558503 0.563101 0.566402 0.568389 0.569053 0.568389 0.566402 0.563101 0.558503 0.55263 0.545515 0.537192 0.527705 0.517105 0.505448 0.492796 0.479218 0.46479 0.449589 0.433702 0.417216 0.400225 0.382822 0.365105 0.347171 0.329119 0.311045 0.293043 0.275206 0.257622 0.240373 0.223538 0.207188 0.191388 0.176195 0.16166 0.147824 0.134722 0.122382 0.110823 0.100059 0.0900962 0.080937 0.0725777 0.0650109 0.0582261 0.0522104 0.0469496 0.0424287 0.038633 0.0355487 0.0331636 0.0314676 0.0304531 
0.0317643 0.0321187 0.0331837 0.0349639 0.0374671 0.0407036 0.0446857 0.0494275 0.0549438 0.0612496 0.0683591 0.0762851 0.0850377 0.0946237 0.105046 0.116301 0.128382 0.141272 0.154951 0.169389 0.184549 0.200385 0.216845 0.233868 0.251385 0.269322 0.287597 0.306124 0.32481 0.343561 0.362277 0.380859 0.399206 0.417216 0.434791 0.451833 0.468247 0.483943 0.498835 0.512841 0.525886 0.537901 0.548821 0.558591 0.567159 0.574483 0.580525 0.585256 0.588652 0.590696 0.591378 0.590696 0.588652 0.585256 0.580525 0.574483 0.567159 0.558591 0.548821 0.537901 0.525886 0.512841 0.498835 0.483943 0.468247 0.451833 0.434791 0.417216 0.399206 0.380859 0.362277 0.343561 0.32481 0.306124 0.287597 0.269322 0.251385 0.233868 0.216845 0.200385 0.184549 0.169389 0.154951 0.141272 0.128382 0.116301 0.105046 0.0946237 0.0850377 0.0762851 0.0683591 0.0612496 0.0549438 0.0494275 0.0446857 0.0407036 0.0374671 0.0349639 0.0331837 0.0321187 
0.0333917 0.0337627 0.0348771 0.03674 0.039359 0.0427446 0.0469094 0.0518676 0.0576341 0.0642238 0.071651 0.0799282 0.0890651 0.0990678 0.109938 0.121673 0.134261 0.147688 0.161929 0.176951 0.192717 0.209177 0.226276 0.24395 0.262127 0.280728 0.29967 0.318861 0.338206 0.357606 0.376959 0.396162 0.415111 0.433702 0.451833 0.469404 0.486319 0.502485 0.517816 0.532228 0.545644 0.557996 0.569219 0.579255 0.588054 0.595574 0.601775 0.60663 0.610114 0.612212 0.612912 0.612212 0.610114 0.60663 0.601775 0.595574 0.588054 0.579255 0.569219 0.557996 0.545644 0.532228 0.517816 0.502485 0.486319 0.469404 0.451833 0.433702 0.415111 0.396162 0.376959 0.357606 0.338206 0.318861 0.29967 0.280728 0.262127 0.24395 0.226276 0.209177 0.192717 0.176951 0.161929 0.147688 0.134261 0.121673 0.109938 0.0990678 0.0890651 0.0799282 0.071651 0.0642238 0.0576341 0.0518676 0.0469094 0.0427446 0.039359 0.03674 0.0348771 0.0337627 
0.0349863 0.0353733 0.036536 0.0384792 0.041211 0.0447418 0.0490844 0.054253 0.0602627 0.0671285 0.0748643 0.0834824 0.0929921 0.103399 0.114704 0.126902 0.139983 0.153927 0.16871 0.184298 0.200647 0.217708 0.235422 0.253722 0.272533 0.291772 0.311352 0.331179 0.351153 0.371173 0.391133 0.410927 0.430448 0.449589 0.468247 0.486319 0.503707 0.520317 0.53606 0.550854 0.564619 0.577287 0.588792 0.599078 0.608093 0.615794 0.622145 0.627115 0.630682 0.632828 0.633545 0.632828 0.630682 0.627115 0.622145 0.615794 0.608093 0.599078 0.588792 0.577287 0.564619 0.550854 0.53606 0.520317 0.503707 0.486319 0.468247 0.449589 0.430448 0.410927 0.391133 0.371173 0.351153 0.331179 0.311352 0.291772 0.272533 0.253722 0.235422 0.217708 0.200647 0.184298 0.16871 0.153927 0.139983 0.126902 0.114704 0.103399 0.0929921 0.0834824 0.0748643 0.0671285 0.0602627 0.054253 0.0490844 0.0447418 0.041211 0.0384792 0.036536 0.0353733 
0.0365362 0.0369388 0.038148 0.040169 0.0430096 0.0466807 0.051195 0.0565668 0.0628112 0.0699431 0.0779764 0.0869231 0.0967919 0.107588 0.119311 0.131955 0.145508 0.15995 0.175252 0.191381 0.208289 0.225925 0.244227 0.263124 0.282539 0.302385 0.322573 0.343003 0.363574 0.384181 0.404716 0.425068 0.445129 0.46479 0.483943 0.502485 0.520317 0.537343 0.553472 0.568621 0.582712 0.595674 0.607442 0.617958 0.627173 0.635043 0.641532 0.646609 0.650252 0.652444 0.653176 0.652444 0.650252 0.646609 0.641532 0.635043 0.627173 0.617958 0.607442 0.595674 0.582712 0.568621 0.553472 0.537343 0.520317 0.502485 0.483943 0.46479 0.445129 0.425068 0.404716 0.384181 0.363574 0.343003 0.322573 0.302385 0.282539 0.263124 0.244227 0.225925 0.208289 0.191381 0.175252 0.15995 0.145508 0.131955 0.119311 0.107588 0.0967919 0.0869231 0.0779764 0.0699431 0.0628112 0.0565668 0.051195 0.0466807 0.0430096 0.040169 0.038148 0.0369388 
0.0380297 0.0384471 0.0397011 0.0417965 0.0447415 0.0485469 0.0532256 0.0587919 0.0652609 0.0726474 0.0809652 0.0902259 0.100438 0.111605 0.123727 0.136796 0.150799 0.165714 0.181512 0.198154 0.215594 0.233775 0.252634 0.272097 0.292082 0.312503 0.333263 0.354263 0.375397 0.396556 0.41763 0.438506 0.459073 0.479218 0.498835 0.517816 0.53606 0.553472 0.56996 0.585439 0.59983 0.613064 0.625074 0.635804 0.645203 0.653228 0.659843 0.665018 0.66873 0.670964 0.67171 0.670964 0.66873 0.665018 0.659843 0.653228 0.645203 0.635804 0.625074 0.613064 0.59983 0.585439 0.56996 0.553472 0.53606 0.517816 0.498835 0.479218 0.459073 0.438506 0.41763 0.396556 0.375397 0.354263 0.333263 0.312503 0.292082 0.272097 0.252634 0.233775 0.215594 0.198154 0.181512 0.165714 0.150799 0.136796 0.123727 0.111605 0.100438 0.0902259 0.0809652 0.0726474 0.0652609 0.0587919 0.0532256 0.0485469 0.0447415 0.0417965 0.0397011 0.0384471 
0.0394552 0.0398867 0.041183 0.0433491 0.0463932 0.0503261 0.0551608 0.0609116 0.0675936 0.0752215 0.0838089 0.0933668 0.103903 0.115422 0.127921 0.141392 0.155819 0.171181 0.187446 0.204572 0.222512 0.241207 0.260589 0.280583 0.301104 0.322063 0.343359 0.364891 0.38655 0.408225 0.429801 0.451164 0.4722 0.492796 0.512841 0.532228 0.550854 0.568621 0.585439 0.601221 0.615889 0.629371 0.641603 0.652527 0.662094 0.670261 0.67699 0.682255 0.686031 0.688303 0.689061 0.688303 0.686031 0.682255 0.67699 0.670261 0.662094 0.652527 0.641603 0.629371 0.615889 0.601221 0.585439 0.568621 0.550854 0.532228 0.512841 0.492796 0.4722 0.451164 0.429801 0.408225 0.38655 0.364891 0.343359 0.322063 0.301104 0.280583 0.260589 0.241207 0.222512 0.204572 0.187446 0.171181 0.155819 0.141392 0.127921 0.115422 0.103903 0.0933668 0.0838089 0.0752215 0.0675936 0.0609116 0.0551608 0.0503261 0.0463932 0.0433491 0.041183 0.0398867 
0.0408011 0.0412459 0.0425821 0.0448146 0.0479518 0.0520044 0.0569856 0.0629096 0.0697915 0.0776459 0.0864861 0.0963228 0.107164 0.119011 0.131863 0.14571 0.160535 0.176314 0.193014 0.210592 0.228998 0.248171 0.26804 0.288528 0.309547 0.331004 0.352799 0.374823 0.396968 0.419118 0.441158 0.46297 0.484439 0.505448 0.525886 0.545644 0.564619 0.582712 0.59983 0.615889 0.630808 0.644516 0.656949 0.66805 0.677768 0.686062 0.692896 0.698241 0.702074 0.704381 0.70515 0.704381 0.702074 0.698241 0.692896 0.686062 0.677768 0.66805 0.656949 0.644516 0.630808 0.615889 0.59983 0.582712 0.564619 0.545644 0.525886 0.505448 0.484439 0.46297 0.441158 0.419118 0.396968 0.374823 0.352799 0.331004 0.309547 0.288528 0.26804 0.248171 0.228998 0.210592 0.193014 0.176314 0.160535 0.14571 0.131863 0.119011 0.107164 0.0963228 0.0864861 0.0776459 0.0697915 0.0629096 0.0569856 0.0520044 0.0479518 0.0448146 0.0425821 0.0412459 
