4.26134e-06 4.50122e-06 5.2397e-06 6.53401e-06 8.48194e-06 1.12254e-05 1.4955e-05 1.99163e-05 2.64165e-05 3.48316e-05 4.56146e-05 5.93025e-05 7.65236e-05 9.80028e-05 0.000124565 0.000157138 0.000196745 0.000244506 0.000301617 0.000369342 0.000448984 0.000541864 0.000649276 0.000772459 0.000912546 0.00107052 0.00124715 0.00144297 0.00165819 0.00189269 0.00214594 0.002417 0.00270449 0.00300654 0.00332085 0.00364468 0.00397486 0.00430785 0.00463982 0.00496668 0.00528418 0.00558801 0.00587386 0.00613756 0.00637515 0.00658296 0.00675774 0.0068967 0.00699761 0.00705882 0.00707934 0.00705882 0.00699761 0.0068967 0.00675774 0.00658296 0.00637515 0.00613756 0.00587386 0.00558801 0.00528418 0.00496668 0.00463982 0.00430785 0.00397486 0.00364468 0.00332085 0.00300654 0.00270449 0.002417 0.00214594 0.00189269 0.00165819 0.00144297 0.00124715 0.00107052 0.000912546 0.000772459 0.000649276 0.000541864 0.000448984 0.000369342 0.000301617 0.000244506 0.000196745 0.000157138 0.000124565 9.80028e-05 7.65236e-05 5.93025e-05 4.56146e-05 3.48316e-05 2.64165e-05 1.99163e-05 1.4955e-05 1.12254e-05 8.48194e-06 6.53401e-06 5.2397e-06 4.50122e-06 
4.50122e-06 4.75395e-06 5.5319e-06 6.89514e-06 8.94626e-06 1.18341e-05 1.57585e-05 2.09769e-05 2.78109e-05 3.66542e-05 4.79806e-05 6.23516e-05 8.04237e-05 0.000102954 0.000130803 0.000164936 0.000206423 0.000256425 0.000316188 0.000387026 0.00047029 0.000567348 0.000679543 0.000808152 0.000954345 0.00111913 0.0013033 0.00150739 0.00173162 0.00197582 0.00223946 0.00252154 0.00282059 0.00313468 0.00346142 0.00379794 0.00414096 0.0044868 0.00483148 0.00517078 0.00550028 0.00581552 0.00611206 0.00638557 0.00663195 0.00684743 0.00702864 0.0071727 0.0072773 0.00734075 0.00736202 0.00734075 0.0072773 0.0071727 0.00702864 0.00684743 0.00663195 0.00638557 0.00611206 0.00581552 0.00550028 0.00517078 0.00483148 0.0044868 0.00414096 0.00379794 0.00346142 0.00313468 0.00282059 0.00252154 0.00223946 0.00197582 0.00173162 0.00150739 0.0013033 0.00111913 0.000954345 0.000808152 0.000679543 0.000567348 0.00047029 0.000387026 0.000316188 0.000256425 0.000206423 0.000164936 0.000130803 0.000102954 8.04237e-05 6.23516e-05 4.79806e-05 3.66542e-05 2.78109e-05 2.09769e-05 1.57585e-05 1.18341e-05 8.94626e-06 6.89514e-06 5.5319e-06 4.75395e-06 
5.2397e-06 5.5319e-06 6.43113e-06 8.00612e-06 1.03742e-05 1.37054e-05 1.82279e-05 2.42351e-05 3.20931e-05 4.22495e-05 5.52421e-05 7.17069e-05 9.23862e-05 0.000118134 0.000149921 0.000188833 0.000236066 0.000292924 0.000360797 0.000441146 0.000535474 0.000645293 0.000772084 0.000917251 0.00108207 0.00126763 0.00147479 0.00170409 0.00195573 0.00222951 0.00252476 0.00284033 0.00317458 0.0035253 0.00388982 0.00426492 0.00464694 0.00503181 0.00541511 0.00579216 0.0061581 0.006508 0.00683695 0.00714022 0.0074133 0.00765204 0.00785274 0.00801227 0.00812808 0.00819832 0.00822186 0.00819832 0.00812808 0.00801227 0.00785274 0.00765204 0.0074133 0.00714022 0.00683695 0.006508 0.0061581 0.00579216 0.00541511 0.00503181 0.00464694 0.00426492 0.00388982 0.0035253 0.00317458 0.00284033 0.00252476 0.00222951 0.00195573 0.00170409 0.00147479 0.00126763 0.00108207 0.000917251 0.000772084 0.000645293 0.000535474 0.000441146 0.000360797 0.000292924 0.000236066 0.000188833 0.000149921 0.000118134 9.23862e-05 7.17069e-05 5.52421e-05 4.22495e-05 3.20931e-05 2.42351e-05 1.82279e-05 1.37054e-05 1.03742e-05 8.00612e-06 6.43113e-06 5.5319e-06 
6.53401e-06 6.89514e-06 8.00612e-06 9.95072e-06 1.28718e-05 1.69762e-05 2.25412e-05 2.99226e-05 3.95635e-05 5.20047e-05 6.78942e-05 8.7997e-05 0.000113203 0.000144536 0.000183151 0.000230341 0.000287526 0.000356246 0.00043814 0.000534923 0.000648352 0.000780188 0.000932145 0.00110584 0.00130272 0.00152403 0.0017707 0.00204332 0.00234204 0.00266655 0.00301601 0.003389 0.00378351 0.00419694 0.00462607 0.00506713 0.00551581 0.00596735 0.00641658 0.00685806 0.00728614 0.00769512 0.00807935 0.00843332 0.00875187 0.00903022 0.00926413 0.00944998 0.00958487 0.00966666 0.00969407 0.00966666 0.00958487 0.00944998 0.00926413 0.00903022 0.00875187 0.00843332 0.00807935 0.00769512 0.00728614 0.00685806 0.00641658 0.00596735 0.00551581 0.00506713 0.00462607 0.00419694 0.00378351 0.003389 0.00301601 0.00266655 0.00234204 0.00204332 0.0017707 0.00152403 0.00130272 0.00110584 0.000932145 0.000780188 0.000648352 0.000534923 0.00043814 0.000356246 0.000287526 0.000230341 0.000183151 0.000144536 0.000113203 8.7997e-05 6.78942e-05 5.20047e-05 3.95635e-05 2.99226e-05 2.25412e-05 1.69762e-05 1.28718e-05 9.95072e-06 8.00612e-06 6.89514e-06 
8.48194e-06 8.94626e-06 1.03742e-05 1.28718e-05 1.66199e-05 2.18799e-05 2.90017e-05 3.84335e-05 5.07324e-05 6.65765e-05 8.67767e-05 0.000112288 0.000144218 0.000183835 0.00023257 0.000292018 0.000363923 0.000450171 0.000552762 0.000673779 0.000815347 0.000979583 0.00116854 0.00138413 0.00162806 0.00190176 0.00220628 0.00254226 0.00290978 0.00330837 0.0037369 0.00419355 0.00467582 0.00518046 0.00570352 0.00624038 0.00678581 0.00733402 0.0078788 0.00841359 0.00893163 0.00942609 0.00989022 0.0103175 0.0107017 0.0110373 0.0113191 0.011543 0.0117054 0.0118039 0.0118369 0.0118039 0.0117054 0.011543 0.0113191 0.0110373 0.0107017 0.0103175 0.00989022 0.00942609 0.00893163 0.00841359 0.0078788 0.00733402 0.00678581 0.00624038 0.00570352 0.00518046 0.00467582 0.00419355 0.0037369 0.00330837 0.00290978 0.00254226 0.00220628 0.00190176 0.00162806 0.00138413 0.00116854 0.000979583 0.000815347 0.000673779 0.000552762 0.000450171 0.000363923 0.000292018 0.00023257 0.000183835 0.000144218 0.000112288 8.67767e-05 6.65765e-05 5.07324e-05 3.84335e-05 2.90017e-05 2.18799e-05 1.66199e-05 1.28718e-05 1.03742e-05 8.94626e-06 
1.12254e-05 1.18341e-05 1.37054e-05 1.69762e-05 2.18799e-05 2.87533e-05 3.80467e-05 5.03355e-05 6.6334e-05 8.69093e-05 0.000113096 0.000146108 0.000187351 0.000238431 0.000301151 0.000377515 0.000469709 0.000580086 0.00071113 0.00086542 0.00104557 0.00125418 0.00149373 0.00176654 0.00207465 0.00241973 0.00280299 0.00322507 0.00368598 0.00418499 0.00472059 0.00529042 0.00589124 0.00651898 0.00716866 0.00783455 0.00851014 0.00918831 0.00986141 0.0105214 0.0111601 0.0117691 0.0123402 0.0128655 0.0133376 0.0137497 0.0140956 0.0143702 0.0145694 0.0146901 0.0147306 0.0146901 0.0145694 0.0143702 0.0140956 0.0137497 0.0133376 0.0128655 0.0123402 0.0117691 0.0111601 0.0105214 0.00986141 0.00918831 0.00851014 0.00783455 0.00716866 0.00651898 0.00589124 0.00529042 0.00472059 0.00418499 0.00368598 0.00322507 0.00280299 0.00241973 0.00207465 0.00176654 0.00149373 0.00125418 0.00104557 0.00086542 0.00071113 0.000580086 0.000469709 0.000377515 0.000301151 0.000238431 0.000187351 0.000146108 0.000113096 8.69093e-05 6.6334e-05 5.03355e-05 3.80467e-05 2.87533e-05 2.18799e-05 1.69762e-05 1.37054e-05 1.18341e-05 
1.4955e-05 1.57585e-05 1.82279e-05 2.25412e-05 2.90017e-05 3.80467e-05 5.02596e-05 6.63852e-05 8.73455e-05 0.000114258 0.000148451 0.000191482 0.000245149 0.000311495 0.000392814 0.000491641 0.000610738 0.00075306 0.00092172 0.00111993 0.00135094 0.00161793 0.00192397 0.00227187 0.00266405 0.0031025 0.00358859 0.00412297 0.0047055 0.00533511 0.00600975 0.00672633 0.0074807 0.00826765 0.0090809 0.00991325 0.0107566 0.011602 0.0124401 0.013261 0.0140544 0.0148103 0.0155185 0.0161694 0.016754 0.0172638 0.0176916 0.0180311 0.0182773 0.0184265 0.0184765 0.0184265 0.0182773 0.0180311 0.0176916 0.0172638 0.016754 0.0161694 0.0155185 0.0148103 0.0140544 0.013261 0.0124401 0.011602 0.0107566 0.00991325 0.0090809 0.00826765 0.0074807 0.00672633 0.00600975 0.00533511 0.0047055 0.00412297 0.00358859 0.0031025 0.00266405 0.00227187 0.00192397 0.00161793 0.00135094 0.00111993 0.00092172 0.00075306 0.000610738 0.000491641 0.000392814 0.000311495 0.000245149 0.000191482 0.000148451 0.000114258 8.73455e-05 6.63852e-05 5.02596e-05 3.80467e-05 2.90017e-05 2.25412e-05 1.82279e-05 1.57585e-05 
1.99163e-05 2.09769e-05 2.42351e-05 2.99226e-05 3.84335e-05 5.03355e-05 6.63852e-05 8.75461e-05 0.000115009 0.000150214 0.00019487 0.000250973 0.000320821 0.000407021 0.000512488 0.000640435 0.000794347 0.000977941 0.00119512 0.00144988 0.00174625 0.00208818 0.00247939 0.0029233 0.00342283 0.00398028 0.0045972 0.00527424 0.006011 0.00680596 0.00765636 0.00855817 0.00950604 0.0104933 0.0115121 0.0125533 0.0136068 0.0146616 0.015706 0.0167277 0.0177142 0.018653 0.0195319 0.020339 0.0210633 0.0216947 0.0222241 0.0226441 0.0229485 0.023133 0.0231948 0.023133 0.0229485 0.0226441 0.0222241 0.0216947 0.0210633 0.020339 0.0195319 0.018653 0.0177142 0.0167277 0.015706 0.0146616 0.0136068 0.0125533 0.0115121 0.0104933 0.00950604 0.00855817 0.00765636 0.00680596 0.006011 0.00527424 0.0045972 0.00398028 0.00342283 0.0029233 0.00247939 0.00208818 0.00174625 0.00144988 0.00119512 0.000977941 0.000794347 0.000640435 0.000512488 0.000407021 0.000320821 0.000250973 0.00019487 0.000150214 0.000115009 8.75461e-05 6.63852e-05 5.03355e-05 3.84335e-05 2.99226e-05 2.42351e-05 2.09769e-05 
2.64165e-05 2.78109e-05 3.20931e-05 3.95635e-05 5.07324e-05 6.6334e-05 8.73455e-05 0.000115009 0.000150858 0.00019674 0.000254844 0.000327722 0.000418299 0.00052989 0.000666186 0.000831241 0.00102944 0.00126544 0.00154411 0.00187041 0.00224933 0.0026857 0.00318408 0.00374856 0.00438263 0.00508898 0.0058693 0.00672416 0.00765283 0.00865317 0.00972149 0.0108526 0.0120395 0.0132739 0.0145458 0.0158439 0.0171555 0.018467 0.0197639 0.0210311 0.0222535 0.0234156 0.0245024 0.0254998 0.0263941 0.0271732 0.0278262 0.028344 0.0287192 0.0289464 0.0290226 0.0289464 0.0287192 0.028344 0.0278262 0.0271732 0.0263941 0.0254998 0.0245024 0.0234156 0.0222535 0.0210311 0.0197639 0.018467 0.0171555 0.0158439 0.0145458 0.0132739 0.0120395 0.0108526 0.00972149 0.00865317 0.00765283 0.00672416 0.0058693 0.00508898 0.00438263 0.00374856 0.00318408 0.0026857 0.00224933 0.00187041 0.00154411 0.00126544 0.00102944 0.000831241 0.000666186 0.00052989 0.000418299 0.000327722 0.000254844 0.00019674 0.000150858 0.000115009 8.73455e-05 6.6334e-05 5.07324e-05 3.95635e-05 3.20931e-05 2.78109e-05 
3.48316e-05 3.66542e-05 4.22495e-05 5.20047e-05 6.65765e-05 8.69093e-05 0.000114258 0.000150214 0.00019674 0.000256194 0.000331365 0.000425491 0.000542282 0.000685921 0.000861056 0.00107277 0.00132656 0.00162821 0.00198376 0.00239934 0.00288106 0.00343482 0.00406612 0.00477988 0.00558019 0.00647012 0.00745153 0.0085248 0.00968872 0.0109403 0.0122748 0.0136853 0.0151631 0.0166976 0.0182764 0.0198853 0.0215087 0.0231299 0.024731 0.0262936 0.0277992 0.0292292 0.0305654 0.0317904 0.0328882 0.0338438 0.0346444 0.0352789 0.0357386 0.0360169 0.0361102 0.0360169 0.0357386 0.0352789 0.0346444 0.0338438 0.0328882 0.0317904 0.0305654 0.0292292 0.0277992 0.0262936 0.024731 0.0231299 0.0215087 0.0198853 0.0182764 0.0166976 0.0151631 0.0136853 0.0122748 0.0109403 0.00968872 0.0085248 0.00745153 0.00647012 0.00558019 0.00477988 0.00406612 0.00343482 0.00288106 0.00239934 0.00198376 0.00162821 0.00132656 0.00107277 0.000861056 0.000685921 0.000542282 0.000425491 0.000331365 0.000256194 0.00019674 0.000150214 0.000114258 8.69093e-05 6.65765e-05 5.20047e-05 4.22495e-05 3.66542e-05 
4.56146e-05 4.79806e-05 5.52421e-05 6.78942e-05 8.67767e-05 0.000113096 0.000148451 0.00019487 0.000254844 0.000331365 0.000427957 0.000548707 0.00069828 0.000881921 0.00110544 0.00137518 0.00169794 0.00208089 0.00253145 0.00305715 0.0036654 0.00436334 0.00515757 0.0060539 0.0070571 0.00817065 0.00939645 0.0107346 0.0121833 0.0137384 0.0153936 0.0171402 0.0189672 0.0208614 0.0228071 0.0247871 0.0267822 0.0287717 0.0307342 0.0326472 0.0344883 0.0362351 0.0378658 0.0393596 0.0406971 0.0418607 0.042835 0.0436068 0.0441657 0.0445041 0.0446175 0.0445041 0.0441657 0.0436068 0.042835 0.0418607 0.0406971 0.0393596 0.0378658 0.0362351 0.0344883 0.0326472 0.0307342 0.0287717 0.0267822 0.0247871 0.0228071 0.0208614 0.0189672 0.0171402 0.0153936 0.0137384 0.0121833 0.0107346 0.00939645 0.00817065 0.0070571 0.0060539 0.00515757 0.00436334 0.0036654 0.00305715 0.00253145 0.00208089 0.00169794 0.00137518 0.00110544 0.000881921 0.00069828 0.000548707 0.000427957 0.000331365 0.000254844 0.00019487 0.000148451 0.000113096 8.67767e-05 6.78942e-05 5.52421e-05 4.79806e-05 
5.93025e-05 6.23516e-05 7.17069e-05 8.7997e-05 0.000112288 0.000146108 0.000191482 0.000250973 0.000327722 0.000425491 0.000548707 0.000702484 0.000892644 0.00112572 0.00140891 0.00175006 0.00215753 0.00264013 0.0032069 0.00386698 0.00462932 0.00550247 0.00649425 0.00761146 0.0088596 0.0102425 0.011762 0.0134178 0.0152072 0.0171246 0.0191619 0.0213082 0.0235495 0.0258694 0.0282488 0.0306663 0.0330988 0.0355211 0.0379073 0.0402306 0.0424639 0.0445806 0.0465546 0.0483613 0.0499777 0.0513831 0.0525591 0.0534902 0.0541643 0.0545724 0.054709 0.0545724 0.0541643 0.0534902 0.0525591 0.0513831 0.0499777 0.0483613 0.0465546 0.0445806 0.0424639 0.0402306 0.0379073 0.0355211 0.0330988 0.0306663 0.0282488 0.0258694 0.0235495 0.0213082 0.0191619 0.0171246 0.0152072 0.0134178 0.011762 0.0102425 0.0088596 0.00761146 0.00649425 0.00550247 0.00462932 0.00386698 0.0032069 0.00264013 0.00215753 0.00175006 0.00140891 0.00112572 0.000892644 0.000702484 0.000548707 0.000425491 0.000327722 0.000250973 0.000191482 0.000146108 0.000112288 8.7997e-05 7.17069e-05 6.23516e-05 
7.65236e-05 8.04237e-05 9.23862e-05 0.000113203 0.000144218 0.000187351 0.000245149 0.000320821 0.000418299 0.000542282 0.00069828 0.000892644 0.00113259 0.00142617 0.00178225 0.00221044 0.00272096 0.00332451 0.00403203 0.00485451 0.00580265 0.00688657 0.00811547 0.00949721 0.011038 0.0127419 0.0146108 0.0166435 0.0188361 0.0211815 0.0236691 0.0262852 0.0290125 0.0318307 0.0347166 0.0376442 0.0405854 0.0435103 0.0463876 0.0491854 0.0518717 0.0544149 0.0567842 0.0589508 0.0608877 0.0625704 0.0639776 0.0650914 0.0658974 0.0663852 0.0665485 0.0663852 0.0658974 0.0650914 0.0639776 0.0625704 0.0608877 0.0589508 0.0567842 0.0544149 0.0518717 0.0491854 0.0463876 0.0435103 0.0405854 0.0376442 0.0347166 0.0318307 0.0290125 0.0262852 0.0236691 0.0211815 0.0188361 0.0166435 0.0146108 0.0127419 0.011038 0.00949721 0.00811547 0.00688657 0.00580265 0.00485451 0.00403203 0.00332451 0.00272096 0.00221044 0.00178225 0.00142617 0.00113259 0.000892644 0.00069828 0.000542282 0.000418299 0.000320821 0.000245149 0.000187351 0.000144218 0.000113203 9.23862e-05 8.04237e-05 
9.80028e-05 0.000102954 0.000118134 0.000144536 0.000183835 0.000238431 0.000311495 0.000407021 0.00052989 0.000685921 0.000881921 0.00112572 0.00142617 0.00179314 0.00223745 0.00277077 0.00340548 0.00415446 0.00503085 0.00604772 0.00721776 0.00855283 0.0100636 0.011759 0.013646 0.0157289 0.0180089 0.0204843 0.0231495 0.025995 0.0290077 0.0321702 0.0354615 0.0388567 0.0423277 0.0458432 0.0493695 0.0528712 0.056311 0.0596515 0.0628548 0.0658839 0.0687031 0.0712785 0.0735789 0.075576 0.0772452 0.0785656 0.0795208 0.0800987 0.0802921 0.0800987 0.0795208 0.0785656 0.0772452 0.075576 0.0735789 0.0712785 0.0687031 0.0658839 0.0628548 0.0596515 0.056311 0.0528712 0.0493695 0.0458432 0.0423277 0.0388567 0.0354615 0.0321702 0.0290077 0.025995 0.0231495 0.0204843 0.0180089 0.0157289 0.013646 0.011759 0.0100636 0.00855283 0.00721776 0.00604772 0.00503085 0.00415446 0.00340548 0.00277077 0.00223745 0.00179314 0.00142617 0.00112572 0.000881921 0.000685921 0.00052989 0.000407021 0.000311495 0.000238431 0.000183835 0.000144536 0.000118134 0.000102954 
0.000124565 0.000130803 0.000149921 0.000183151 0.00023257 0.000301151 0.000392814 0.000512488 0.000666186 0.000861056 0.00110544 0.00140891 0.00178225 0.00223745 0.00278759 0.00344674 0.00422977 0.00515205 0.00622919 0.00747662 0.0089092 0.0105407 0.0123834 0.0144472 0.0167398 0.0192655 0.022025 0.0250152 0.0282284 0.0316526 0.0352712 0.0390628 0.0430016 0.0470577 0.0511972 0.055383 0.059575 0.0637312 0.0678082 0.0717619 0.0755484 0.0791248 0.0824497 0.0854841 0.088192 0.0905412 0.0925034 0.0940547 0.0951765 0.0958551 0.0960822 0.0958551 0.0951765 0.0940547 0.0925034 0.0905412 0.088192 0.0854841 0.0824497 0.0791248 0.0755484 0.0717619 0.0678082 0.0637312 0.059575 0.055383 0.0511972 0.0470577 0.0430016 0.0390628 0.0352712 0.0316526 0.0282284 0.0250152 0.022025 0.0192655 0.0167398 0.0144472 0.0123834 0.0105407 0.0089092 0.00747662 0.00622919 0.00515205 0.00422977 0.00344674 0.00278759 0.00223745 0.00178225 0.00140891 0.00110544 0.000861056 0.000666186 0.000512488 0.000392814 0.000301151 0.00023257 0.000183151 0.000149921 0.000130803 
0.000157138 0.000164936 0.000188833 0.000230341 0.000292018 0.000377515 0.000491641 0.000640435 0.000831241 0.00107277 0.00137518 0.00175006 0.00221044 0.00277077 0.00344674 0.00425518 0.00521376 0.00634069 0.00765432 0.00917272 0.0109131 0.0128913 0.0151211 0.0176137 0.020377 0.0234153 0.0267283 0.0303111 0.0341536 0.0382406 0.0425513 0.0470597 0.0517344 0.0565396 0.0614349 0.0663764 0.0713172 0.0762081 0.0809985 0.0856374 0.0900743 0.0942597 0.0981464 0.10169 0.104849 0.107588 0.109874 0.11168 0.112986 0.113775 0.11404 0.113775 0.112986 0.11168 0.109874 0.107588 0.104849 0.10169 0.0981464 0.0942597 0.0900743 0.0856374 0.0809985 0.0762081 0.0713172 0.0663764 0.0614349 0.0565396 0.0517344 0.0470597 0.0425513 0.0382406 0.0341536 0.0303111 0.0267283 0.0234153 0.020377 0.0176137 0.0151211 0.0128913 0.0109131 0.00917272 0.00765432 0.00634069 0.00521376 0.00425518 0.00344674 0.00277077 0.00221044 0.00175006 0.00137518 0.00107277 0.000831241 0.000640435 0.000491641 0.000377515 0.000292018 0.000230341 0.000188833 0.000164936 
0.000196745 0.000206423 0.000236066 0.000287526 0.000363923 0.000469709 0.000610738 0.000794347 0.00102944 0.00132656 0.00169794 0.00215753 0.00272096 0.00340548 0.00422977 0.00521376 0.00637829 0.00774474 0.00933451 0.0111685 0.0132665 0.0156464 0.0183236 0.0213104 0.0246149 0.0282409 0.0321867 0.0364453 0.0410036 0.0458421 0.0509355 0.056252 0.0617543 0.0673995 0.0731402 0.0789248 0.0846987 0.0904049 0.0959852 0.101381 0.106535 0.11139 0.115893 0.119995 0.123648 0.126812 0.129451 0.131536 0.133042 0.133952 0.134257 0.133952 0.133042 0.131536 0.129451 0.126812 0.123648 0.119995 0.115893 0.11139 0.106535 0.101381 0.0959852 0.0904049 0.0846987 0.0789248 0.0731402 0.0673995 0.0617543 0.056252 0.0509355 0.0458421 0.0410036 0.0364453 0.0321867 0.0282409 0.0246149 0.0213104 0.0183236 0.0156464 0.0132665 0.0111685 0.00933451 0.00774474 0.00637829 0.00521376 0.00422977 0.00340548 0.00272096 0.00215753 0.00169794 0.00132656 0.00102944 0.000794347 0.000610738 0.000469709 0.000363923 0.000287526 0.000236066 0.000206423 
0.000244506 0.000256425 0.000292924 0.000356246 0.000450171 0.000580086 0.00075306 0.000977941 0.00126544 0.00162821 0.00208089 0.00264013 0.00332451 0.00415446 0.00515205 0.00634069 0.00774474 0.00938906 0.0112984 0.0134967 0.0160063 0.0188475 0.0220372 0.0255884 0.0295093 0.0338027 0.0384653 0.0434871 0.0488512 0.0545335 0.060503 0.0667216 0.0731449 0.0797223 0.0863984 0.0931133 0.0998039 0.106405 0.11285 0.119072 0.125006 0.130589 0.135762 0.140467 0.144654 0.148277 0.151297 0.153681 0.155402 0.156442 0.156791 0.156442 0.155402 0.153681 0.151297 0.148277 0.144654 0.140467 0.135762 0.130589 0.125006 0.119072 0.11285 0.106405 0.0998039 0.0931133 0.0863984 0.0797223 0.0731449 0.0667216 0.060503 0.0545335 0.0488512 0.0434871 0.0384653 0.0338027 0.0295093 0.0255884 0.0220372 0.0188475 0.0160063 0.0134967 0.0112984 0.00938906 0.00774474 0.00634069 0.00515205 0.00415446 0.00332451 0.00264013 0.00208089 0.00162821 0.00126544 0.000977941 0.00075306 0.000580086 0.000450171 0.000356246 0.000292924 0.000256425 
0.000301617 0.000316188 0.000360797 0.00043814 0.000552762 0.00071113 0.00092172 0.00119512 0.00154411 0.00198376 0.00253145 0.0032069 0.00403203 0.00503085 0.00622919 0.00765432 0.00933451 0.0112984 0.0135742 0.0161893 0.0191688 0.0225349 0.0263061 0.0304959 0.0351124 0.0401568 0.0456233 0.0514987 0.0577613 0.0643816 0.071322 0.0785373 0.0859749 0.0935759 0.101276 0.109006 0.116694 0.124266 0.131646 0.13876 0.145534 0.151899 0.157788 0.163139 0.167895 0.172007 0.175432 0.178134 0.180084 0.181262 0.181656 0.181262 0.180084 0.178134 0.175432 0.172007 0.167895 0.163139 0.157788 0.151899 0.145534 0.13876 0.131646 0.124266 0.116694 0.109006 0.101276 0.0935759 0.0859749 0.0785373 0.071322 0.0643816 0.0577613 0.0514987 0.0456233 0.0401568 0.0351124 0.0304959 0.0263061 0.0225349 0.0191688 0.0161893 0.0135742 0.0112984 0.00933451 0.00765432 0.00622919 0.00503085 0.00403203 0.0032069 0.00253145 0.00198376 0.00154411 0.00119512 0.00092172 0.00071113 0.000552762 0.00043814 0.000360797 0.000316188 
0.000369342 0.000387026 0.000441146 0.000534923 0.000673779 0.00086542 0.00111993 0.00144988 0.00187041 0.00239934 0.00305715 0.00386698 0.00485451 0.00604772 0.00747662 0.00917272 0.0111685 0.0134967 0.0161893 0.019277 0.0227877 0.0267459 0.031171 0.036077 0.041471 0.0473524 0.0537124 0.0605331 0.0677879 0.0754406 0.0834463 0.0917514 0.100295 0.109008 0.117816 0.126642 0.135404 0.144017 0.152397 0.160462 0.168129 0.175323 0.18197 0.188001 0.193358 0.197984 0.201834 0.204869 0.207059 0.208381 0.208824 0.208381 0.207059 0.204869 0.201834 0.197984 0.193358 0.188001 0.18197 0.175323 0.168129 0.160462 0.152397 0.144017 0.135404 0.126642 0.117816 0.109008 0.100295 0.0917514 0.0834463 0.0754406 0.0677879 0.0605331 0.0537124 0.0473524 0.041471 0.036077 0.031171 0.0267459 0.0227877 0.019277 0.0161893 0.0134967 0.0111685 0.00917272 0.00747662 0.00604772 0.00485451 0.00386698 0.00305715 0.00239934 0.00187041 0.00144988 0.00111993 0.00086542 0.000673779 0.000534923 0.000441146 0.000387026 
0.000448984 0.00047029 0.000535474 0.000648352 0.000815347 0.00104557 0.00135094 0.00174625 0.00224933 0.00288106 0.0036654 0.00462932 0.00580265 0.00721776 0.0089092 0.0109131 0.0132665 0.0160063 0.0191688 0.0227877 0.026894 0.0315138 0.0366678 0.0423695 0.0486248 0.0554305 0.0627737 0.0706318 0.0789714 0.0877492 0.0969118 0.106396 0.116132 0.12604 0.136037 0.146033 0.155936 0.165652 0.175089 0.184155 0.192761 0.200823 0.20826 0.215002 0.220981 0.226141 0.230431 0.23381 0.236247 0.237719 0.238211 0.237719 0.236247 0.23381 0.230431 0.226141 0.220981 0.215002 0.20826 0.200823 0.192761 0.184155 0.175089 0.165652 0.155936 0.146033 0.136037 0.12604 0.116132 0.106396 0.0969118 0.0877492 0.0789714 0.0706318 0.0627737 0.0554305 0.0486248 0.0423695 0.0366678 0.0315138 0.026894 0.0227877 0.0191688 0.0160063 0.0132665 0.0109131 0.0089092 0.00721776 0.00580265 0.00462932 0.0036654 0.00288106 0.00224933 0.00174625 0.00135094 0.00104557 0.000815347 0.000648352 0.000535474 0.00047029 
0.000541864 0.000567348 0.000645293 0.000780188 0.000979583 0.00125418 0.00161793 0.00208818 0.0026857 0.00343482 0.00436334 0.00550247 0.00688657 0.00855283 0.0105407 0.0128913 0.0156464 0.0188475 0.0225349 0.0267459 0.0315138 0.0368667 0.0428256 0.0494035 0.0566041 0.0644209 0.0728363 0.0818215 0.0913359 0.101328 0.111734 0.122482 0.133491 0.14467 0.155924 0.167155 0.178258 0.189131 0.199672 0.209779 0.219357 0.228315 0.236568 0.244039 0.250656 0.256361 0.2611 0.264831 0.267519 0.269142 0.269685 0.269142 0.267519 0.264831 0.2611 0.256361 0.250656 0.244039 0.236568 0.228315 0.219357 0.209779 0.199672 0.189131 0.178258 0.167155 0.155924 0.14467 0.133491 0.122482 0.111734 0.101328 0.0913359 0.0818215 0.0728363 0.0644209 0.0566041 0.0494035 0.0428256 0.0368667 0.0315138 0.0267459 0.0225349 0.0188475 0.0156464 0.0128913 0.0105407 0.00855283 0.00688657 0.00550247 0.00436334 0.00343482 0.0026857 0.00208818 0.00161793 0.00125418 0.000979583 0.000780188 0.000645293 0.000567348 
0.000649276 0.000679543 0.000772084 0.000932145 0.00116854 0.00149373 0.00192397 0.00247939 0.00318408 0.00406612 0.00515757 0.00649425 0.00811547 0.0100636 0.0123834 0.0151211 0.0183236 0.0220372 0.0263061 0.031171 0.0366678 0.0428256 0.0496656 0.0571996 0.0654283 0.074341 0.0839145 0.0941128 0.104887 0.116176 0.127906 0.139994 0.152346 0.164862 0.177435 0.189953 0.202304 0.214374 0.226051 0.237229 0.247802 0.257674 0.266755 0.274964 0.282226 0.28848 0.29367 0.297753 0.300694 0.302468 0.303061 0.302468 0.300694 0.297753 0.29367 0.28848 0.282226 0.274964 0.266755 0.257674 0.247802 0.237229 0.226051 0.214374 0.202304 0.189953 0.177435 0.164862 0.152346 0.139994 0.127906 0.116176 0.104887 0.0941128 0.0839145 0.074341 0.0654283 0.0571996 0.0496656 0.0428256 0.0366678 0.031171 0.0263061 0.0220372 0.0183236 0.0151211 0.0123834 0.0100636 0.00811547 0.00649425 0.00515757 0.00406612 0.00318408 0.00247939 0.00192397 0.00149373 0.00116854 0.000932145 0.000772084 0.000679543 
0.000772459 0.000808152 0.000917251 0.00110584 0.00138413 0.00176654 0.00227187 0.0029233 0.00374856 0.00477988 0.0060539 0.00761146 0.00949721 0.011759 0.0144472 0.0176137 0.0213104 0.0255884 0.0304959 0.036077 0.0423695 0.0494035 0.0571996 0.0657673 0.075104 0.0851936 0.0960063 0.107498 0.11961 0.132271 0.145395 0.158889 0.172645 0.186552 0.20049 0.214336 0.227968 0.241262 0.254097 0.266358 0.277936 0.288727 0.298637 0.307582 0.315486 0.322284 0.32792 0.332351 0.33554 0.337464 0.338106 0.337464 0.33554 0.332351 0.32792 0.322284 0.315486 0.307582 0.298637 0.288727 0.277936 0.266358 0.254097 0.241262 0.227968 0.214336 0.20049 0.186552 0.172645 0.158889 0.145395 0.132271 0.11961 0.107498 0.0960063 0.0851936 0.075104 0.0657673 0.0571996 0.0494035 0.0423695 0.036077 0.0304959 0.0255884 0.0213104 0.0176137 0.0144472 0.011759 0.00949721 0.00761146 0.0060539 0.00477988 0.00374856 0.0029233 0.00227187 0.00176654 0.00138413 0.00110584 0.000917251 0.000808152 
0.000912546 0.000954345 0.00108207 0.00130272 0.00162806 0.00207465 0.00266405 0.00342283 0.00438263 0.00558019 0.0070571 0.0088596 0.011038 0.013646 0.0167398 0.020377 0.0246149 0.0295093 0.0351124 0.041471 0.0486248 0.0566041 0.0654283 0.075104 0.0856239 0.096966 0.109092 0.121949 0.135468 0.149566 0.164145 0.179098 0.194306 0.209643 0.224979 0.240179 0.25511 0.269639 0.283637 0.296982 0.309558 0.321259 0.331987 0.341656 0.350187 0.357516 0.363586 0.368354 0.371783 0.373851 0.374542 0.373851 0.371783 0.368354 0.363586 0.357516 0.350187 0.341656 0.331987 0.321259 0.309558 0.296982 0.283637 0.269639 0.25511 0.240179 0.224979 0.209643 0.194306 0.179098 0.164145 0.149566 0.135468 0.121949 0.109092 0.096966 0.0856239 0.075104 0.0654283 0.0566041 0.0486248 0.041471 0.0351124 0.0295093 0.0246149 0.020377 0.0167398 0.013646 0.011038 0.0088596 0.0070571 0.00558019 0.00438263 0.00342283 0.00266405 0.00207465 0.00162806 0.00130272 0.00108207 0.000954345 
0.00107052 0.00111913 0.00126763 0.00152403 0.00190176 0.00241973 0.0031025 0.00398028 0.00508898 0.00647012 0.00817065 0.0102425 0.0127419 0.0157289 0.0192655 0.0234153 0.0282409 0.0338027 0.0401568 0.0473524 0.0554305 0.0644209 0.074341 0.0851936 0.096966 0.109628 0.123134 0.13742 0.152404 0.167992 0.184072 0.200524 0.217216 0.234009 0.25076 0.267324 0.283555 0.299314 0.314465 0.328877 0.342433 0.355021 0.366542 0.376909 0.386043 0.39388 0.400364 0.405452 0.40911 0.411314 0.412051 0.411314 0.40911 0.405452 0.400364 0.39388 0.386043 0.376909 0.366542 0.355021 0.342433 0.328877 0.314465 0.299314 0.283555 0.267324 0.25076 0.234009 0.217216 0.200524 0.184072 0.167992 0.152404 0.13742 0.123134 0.109628 0.096966 0.0851936 0.074341 0.0644209 0.0554305 0.0473524 0.0401568 0.0338027 0.0282409 0.0234153 0.0192655 0.0157289 0.0127419 0.0102425 0.00817065 0.00647012 0.00508898 0.00398028 0.0031025 0.00241973 0.00190176 0.00152403 0.00126763 0.00111913 
0.00124715 0.0013033 0.00147479 0.0017707 0.00220628 0.00280299 0.00358859 0.0045972 0.0058693 0.00745153 0.00939645 0.011762 0.0146108 0.0180089 0.022025 0.0267283 0.0321867 0.0384653 0.0456233 0.0537124 0.0627737 0.0728363 0.0839145 0.0960063 0.109092 0.123134 0.138076 0.153841 0.170337 0.187454 0.205069 0.223045 0.241238 0.259495 0.277661 0.29558 0.313098 0.330066 0.346341 0.36179 0.37629 0.389729 0.402007 0.413035 0.422738 0.431051 0.437922 0.443308 0.447178 0.449509 0.450287 0.449509 0.447178 0.443308 0.437922 0.431051 0.422738 0.413035 0.402007 0.389729 0.37629 0.36179 0.346341 0.330066 0.313098 0.29558 0.277661 0.259495 0.241238 0.223045 0.205069 0.187454 0.170337 0.153841 0.138076 0.123134 0.109092 0.0960063 0.0839145 0.0728363 0.0627737 0.0537124 0.0456233 0.0384653 0.0321867 0.0267283 0.022025 0.0180089 0.0146108 0.011762 0.00939645 0.00745153 0.0058693 0.0045972 0.00358859 0.00280299 0.00220628 0.0017707 0.00147479 0.0013033 
0.00144297 0.00150739 0.00170409 0.00204332 0.00254226 0.00322507 0.00412297 0.00527424 0.00672416 0.0085248 0.0107346 0.0134178 0.0166435 0.0204843 0.0250152 0.0303111 0.0364453 0.0434871 0.0514987 0.0605331 0.0706318 0.0818215 0.0941128 0.107498 0.121949 0.13742 0.153841 0.171124 0.189164 0.207836 0.227002 0.246512 0.266205 0.285918 0.305483 0.324733 0.343506 0.361644 0.379002 0.395441 0.410837 0.425077 0.438061 0.449703 0.459931 0.468681 0.475904 0.481562 0.485623 0.488068 0.488884 0.488068 0.485623 0.481562 0.475904 0.468681 0.459931 0.449703 0.438061 0.425077 0.410837 0.395441 0.379002 0.361644 0.343506 0.324733 0.305483 0.285918 0.266205 0.246512 0.227002 0.207836 0.189164 0.171124 0.153841 0.13742 0.121949 0.107498 0.0941128 0.0818215 0.0706318 0.0605331 0.0514987 0.0434871 0.0364453 0.0303111 0.0250152 0.0204843 0.0166435 0.0134178 0.0107346 0.0085248 0.00672416 0.00527424 0.00412297 0.00322507 0.00254226 0.00204332 0.00170409 0.00150739 
0.00165819 0.00173162 0.00195573 0.00234204 0.00290978 0.00368598 0.0047055 0.006011 0.00765283 0.00968872 0.0121833 0.0152072 0.0188361 0.0231495 0.0282284 0.0341536 0.0410036 0.0488512 0.0577613 0.0677879 0.0789714 0.0913359 0.104887 0.11961 0.135468 0.152404 0.170337 0.189164 0.208766 0.229003 0.249721 0.270756 0.291934 0.313077 0.334007 0.354547 0.374526 0.393782 0.412164 0.429533 0.445762 0.460741 0.474372 0.486571 0.49727 0.506411 0.513947 0.519843 0.524072 0.526617 0.527467 0.526617 0.524072 0.519843 0.513947 0.506411 0.49727 0.486571 0.474372 0.460741 0.445762 0.429533 0.412164 0.393782 0.374526 0.354547 0.334007 0.313077 0.291934 0.270756 0.249721 0.229003 0.208766 0.189164 0.170337 0.152404 0.135468 0.11961 0.104887 0.0913359 0.0789714 0.0677879 0.0577613 0.0488512 0.0410036 0.0341536 0.0282284 0.0231495 0.0188361 0.0152072 0.0121833 0.00968872 0.00765283 0.006011 0.0047055 0.00368598 0.00290978 0.00234204 0.00195573 0.00173162 
0.00189269 0.00197582 0.00222951 0.00266655 0.00330837 0.00418499 0.00533511 0.00680596 0.00865317 0.0109403 0.0137384 0.0171246 0.0211815 0.025995 0.0316526 0.0382406 0.0458421 0.0545335 0.0643816 0.0754406 0.0877492 0.101328 0.116176 0.132271 0.149566 0.167992 0.187454 0.207836 0.229003 0.250799 0.273055 0.295591 0.31822 0.340752 0.362997 0.384769 0.405892 0.426198 0.445533 0.463758 0.480747 0.496392 0.510599 0.523291 0.534401 0.543879 0.551683 0.557782 0.562154 0.564783 0.56566 0.564783 0.562154 0.557782 0.551683 0.543879 0.534401 0.523291 0.510599 0.496392 0.480747 0.463758 0.445533 0.426198 0.405892 0.384769 0.362997 0.340752 0.31822 0.295591 0.273055 0.250799 0.229003 0.207836 0.187454 0.167992 0.149566 0.132271 0.116176 0.101328 0.0877492 0.0754406 0.0643816 0.0545335 0.0458421 0.0382406 0.0316526 0.025995 0.0211815 0.0171246 0.0137384 0.0109403 0.00865317 0.00680596 0.00533511 0.00418499 0.00330837 0.00266655 0.00222951 0.00197582 
0.00214594 0.00223946 0.00252476 0.00301601 0.0037369 0.00472059 0.00600975 0.00765636 0.00972149 0.0122748 0.0153936 0.0191619 0.0236691 0.0290077 0.0352712 0.0425513 0.0509355 0.060503 0.071322 0.0834463 0.0969118 0.111734 0.127906 0.145395 0.164145 0.184072 0.205069 0.227002 0.249721 0.273055 0.296818 0.320816 0.344847 0.368711 0.392206 0.41514 0.437329 0.458604 0.478809 0.497806 0.515471 0.531702 0.546409 0.55952 0.570978 0.580735 0.588759 0.595022 0.599508 0.602204 0.603103 0.602204 0.599508 0.595022 0.588759 0.580735 0.570978 0.55952 0.546409 0.531702 0.515471 0.497806 0.478809 0.458604 0.437329 0.41514 0.392206 0.368711 0.344847 0.320816 0.296818 0.273055 0.249721 0.227002 0.205069 0.184072 0.164145 0.145395 0.127906 0.111734 0.0969118 0.0834463 0.071322 0.060503 0.0509355 0.0425513 0.0352712 0.0290077 0.0236691 0.0191619 0.0153936 0.0122748 0.00972149 0.00765636 0.00600975 0.00472059 0.0037369 0.00301601 0.00252476 0.00223946 
0.002417 0.00252154 0.00284033 0.003389 0.00419355 0.00529042 0.00672633 0.00855817 0.0108526 0.0136853 0.0171402 0.0213082 0.0262852 0.0321702 0.0390628 0.0470597 0.056252 0.0667216 0.0785373 0.0917514 0.106396 0.122482 0.139994 0.158889 0.179098 0.200524 0.223045 0.246512 0.270756 0.295591 0.320816 0.346221 0.371592 0.396716 0.421383 0.445395 0.468563 0.490716 0.511699 0.531375 0.549626 0.566355 0.581479 0.594933 0.606668 0.616645 0.624837 0.631225 0.635795 0.63854 0.639456 0.63854 0.635795 0.631225 0.624837 0.616645 0.606668 0.594933 0.581479 0.566355 0.549626 0.531375 0.511699 0.490716 0.468563 0.445395 0.421383 0.396716 0.371592 0.346221 0.320816 0.295591 0.270756 0.246512 0.223045 0.200524 0.179098 0.158889 0.139994 0.122482 0.106396 0.0917514 0.0785373 0.0667216 0.056252 0.0470597 0.0390628 0.0321702 0.0262852 0.0213082 0.0171402 0.0136853 0.0108526 0.00855817 0.00672633 0.00529042 0.00419355 0.003389 0.00284033 0.00252154 
0.00270449 0.00282059 0.00317458 0.00378351 0.00467582 0.00589124 0.0074807 0.00950604 0.0120395 0.0151631 0.0189672 0.0235495 0.0290125 0.0354615 0.0430016 0.0517344 0.0617543 0.0731449 0.0859749 0.100295 0.116132 0.133491 0.152346 0.172645 0.194306 0.217216 0.241238 0.266205 0.291934 0.31822 0.344847 0.371592 0.398227 0.424529 0.45028 0.475276 0.499326 0.522258 0.543919 0.564176 0.582918 0.600053 0.615508 0.629227 0.641169 0.651304 0.659613 0.666084 0.670709 0.673485 0.674411 0.673485 0.670709 0.666084 0.659613 0.651304 0.641169 0.629227 0.615508 0.600053 0.582918 0.564176 0.543919 0.522258 0.499326 0.475276 0.45028 0.424529 0.398227 0.371592 0.344847 0.31822 0.291934 0.266205 0.241238 0.217216 0.194306 0.172645 0.152346 0.133491 0.116132 0.100295 0.0859749 0.0731449 0.0617543 0.0517344 0.0430016 0.0354615 0.0290125 0.0235495 0.0189672 0.0151631 0.0120395 0.00950604 0.0074807 0.00589124 0.00467582 0.00378351 0.00317458 0.00282059 
0.00300654 0.00313468 0.0035253 0.00419694 0.00518046 0.00651898 0.00826765 0.0104933 0.0132739 0.0166976 0.0208614 0.0258694 0.0318307 0.0388567 0.0470577 0.0565396 0.0673995 0.0797223 0.0935759 0.109008 0.12604 0.14467 0.164862 0.186552 0.209643 0.234009 0.259495 0.285918 0.313077 0.340752 0.368711 0.396716 0.424529 0.451916 0.478654 0.504534 0.529363 0.55297 0.575205 0.595942 0.615077 0.632526 0.648226 0.662131 0.674209 0.684441 0.692816 0.699329 0.703981 0.70677 0.7077 0.70677 0.703981 0.699329 0.692816 0.684441 0.674209 0.662131 0.648226 0.632526 0.615077 0.595942 0.575205 0.55297 0.529363 0.504534 0.478654 0.451916 0.424529 0.396716 0.368711 0.340752 0.313077 0.285918 0.259495 0.234009 0.209643 0.186552 0.164862 0.14467 0.12604 0.109008 0.0935759 0.0797223 0.0673995 0.0565396 0.0470577 0.0388567 0.0318307 0.0258694 0.0208614 0.0166976 0.0132739 0.0104933 0.00826765 0.00651898 0.00518046 0.00419694 0.0035253 0.00313468 
0.00332085 0.00346142 0.00388982 0.00462607 0.00570352 0.00716866 0.0090809 0.0115121 0.0145458 0.0182764 0.0228071 0.0282488 0.0347166 0.0423277 0.0511972 0.0614349 0.0731402 0.0863984 0.101276 0.117816 0.136037 0.155924 0.177435 0.20049 0.224979 0.25076 0.277661 0.305483 0.334007 0.362997 0.392206 0.421383 0.45028 0.478654 0.506277 0.532934 0.558435 0.582611 0.605317 0.626433 0.645863 0.663535 0.679395 0.693409 0.705555 0.715825 0.724217 0.730735 0.735384 0.738171 0.739099 0.738171 0.735384 0.730735 0.724217 0.715825 0.705555 0.693409 0.679395 0.663535 0.645863 0.626433 0.605317 0.582611 0.558435 0.532934 0.506277 0.478654 0.45028 0.421383 0.392206 0.362997 0.334007 0.305483 0.277661 0.25076 0.224979 0.20049 0.177435 0.155924 0.136037 0.117816 0.101276 0.0863984 0.0731402 0.0614349 0.0511972 0.0423277 0.0347166 0.0282488 0.0228071 0.0182764 0.0145458 0.0115121 0.0090809 0.00716866 0.00570352 0.00462607 0.00388982 0.00346142 
0.00364468 0.00379794 0.00426492 0.00506713 0.00624038 0.00783455 0.00991325 0.0125533 0.0158439 0.0198853 0.0247871 0.0306663 0.0376442 0.0458432 0.055383 0.0663764 0.0789248 0.0931133 0.109006 0.126642 0.146033 0.167155 0.189953 0.214336 0.240179 0.267324 0.29558 0.324733 0.354547 0.384769 0.41514 0.445395 0.475276 0.504534 0.532934 0.560263 0.586329 0.610968 0.634042 0.655438 0.67507 0.692877 0.708817 0.722867 0.735018 0.74527 0.753634 0.76012 0.764742 0.76751 0.768432 0.76751 0.764742 0.76012 0.753634 0.74527 0.735018 0.722867 0.708817 0.692877 0.67507 0.655438 0.634042 0.610968 0.586329 0.560263 0.532934 0.504534 0.475276 0.445395 0.41514 0.384769 0.354547 0.324733 0.29558 0.267324 0.240179 0.214336 0.189953 0.167155 0.146033 0.126642 0.109006 0.0931133 0.0789248 0.0663764 0.055383 0.0458432 0.0376442 0.0306663 0.0247871 0.0198853 0.0158439 0.0125533 0.00991325 0.00783455 0.00624038 0.00506713 0.00426492 0.00379794 
0.00397486 0.00414096 0.00464694 0.00551581 0.00678581 0.00851014 0.0107566 0.0136068 0.0171555 0.0215087 0.0267822 0.0330988 0.0405854 0.0493695 0.059575 0.0713172 0.0846987 0.0998039 0.116694 0.135404 0.155936 0.178258 0.202304 0.227968 0.25511 0.283555 0.313098 0.343506 0.374526 0.405892 0.437329 0.468563 0.499326 0.529363 0.558435 0.586329 0.612857 0.637857 0.6612 0.682783 0.702529 0.72039 0.736336 0.750355 0.762451 0.772637 0.780931 0.787353 0.791924 0.79466 0.79557 0.79466 0.791924 0.787353 0.780931 0.772637 0.762451 0.750355 0.736336 0.72039 0.702529 0.682783 0.6612 0.637857 0.612857 0.586329 0.558435 0.529363 0.499326 0.468563 0.437329 0.405892 0.374526 0.343506 0.313098 0.283555 0.25511 0.227968 0.202304 0.178258 0.155936 0.135404 0.116694 0.0998039 0.0846987 0.0713172 0.059575 0.0493695 0.0405854 0.0330988 0.0267822 0.0215087 0.0171555 0.0136068 0.0107566 0.00851014 0.00678581 0.00551581 0.00464694 0.00414096 
0.00430785 0.0044868 0.00503181 0.00596735 0.00733402 0.00918831 0.011602 0.0146616 0.018467 0.0231299 0.0287717 0.0355211 0.0435103 0.0528712 0.0637312 0.0762081 0.0904049 0.106405 0.124266 0.144017 0.165652 0.189131 0.214374 0.241262 0.269639 0.299314 0.330066 0.361644 0.393782 0.426198 0.458604 0.490716 0.522258 0.55297 0.582611 0.610968 0.637857 0.663124 0.686645 0.708327 0.728108 0.745949 0.761834 0.775764 0.787754 0.797829 0.806018 0.812349 0.816849 0.81954 0.820436 0.81954 0.816849 0.812349 0.806018 0.797829 0.787754 0.775764 0.761834 0.745949 0.728108 0.708327 0.686645 0.663124 0.637857 0.610968 0.582611 0.55297 0.522258 0.490716 0.458604 0.426198 0.393782 0.361644 0.330066 0.299314 0.269639 0.241262 0.214374 0.189131 0.165652 0.144017 0.124266 0.106405 0.0904049 0.0762081 0.0637312 0.0528712 0.0435103 0.0355211 0.0287717 0.0231299 0.018467 0.0146616 0.011602 0.00918831 0.00733402 0.00596735 0.00503181 0.0044868 
0.00463982 0.00483148 0.00541511 0.00641658 0.0078788 0.00986141 0.0124401 0.015706 0.0197639 0.024731 0.0307342 0.0379073 0.0463876 0.056311 0.0678082 0.0809985 0.0959852 0.11285 0.131646 0.152397 0.175089 0.199672 0.226051 0.254097 0.283637 0.314465 0.346341 0.379002 0.412164 0.445533 0.478809 0.511699 0.543919 0.575205 0.605317 0.634042 0.6612 0.686645 0.710261 0.731968 0.751712 0.76947 0.785236 0.799027 0.810868 0.820796 0.82885 0.835066 0.83948 0.842118 0.842995 0.842118 0.83948 0.835066 0.82885 0.820796 0.810868 0.799027 0.785236 0.76947 0.751712 0.731968 0.710261 0.686645 0.6612 0.634042 0.605317 0.575205 0.543919 0.511699 0.478809 0.445533 0.412164 0.379002 0.346341 0.314465 0.283637 0.254097 0.226051 0.199672 0.175089 0.152397 0.131646 0.11285 0.0959852 0.0809985 0.0678082 0.056311 0.0463876 0.0379073 0.0307342 0.024731 0.0197639 0.015706 0.0124401 0.00986141 0.0078788 0.00641658 0.00541511 0.00483148 
