0.000312969 0.000319827 0.000340557 0.000375618 0.000425775 0.000492087 0.000575904 0.000678847 0.0008028 0.00094988 0.00112242 0.00132293 0.00155407 0.0018186 0.00211931 0.00245903 0.00284049 0.00326629 0.00373886 0.0042603 0.00483241 0.00545653 0.0061335 0.00686359 0.00764641 0.00848088 0.00936516 0.0102966 0.0112718 0.0122864 0.0133353 0.0144126 0.0155116 0.0166249 0.0177445 0.0188617 0.0199676 0.0210527 0.0221075 0.0231222 0.0240875 0.0249937 0.025832 0.0265939 0.0272714 0.0278575 0.0283459 0.0287313 0.0290097 0.029178 0.0292343 0.029178 0.0290097 0.0287313 0.0283459 0.0278575 0.0272714 0.0265939 0.025832 0.0249937 0.0240875 0.0231222 0.0221075 0.0210527 0.0199676 0.0188617 0.0177445 0.0166249 0.0155116 0.0144126 0.0133353 0.0122864 0.0112718 0.0102966 0.00936516 0.00848088 0.00764641 0.00686359 0.0061335 0.00545653 0.00483241 0.0042603 0.00373886 0.00326629 0.00284049 0.00245903 0.00211931 0.0018186 0.00155407 0.00132293 0.00112242 0.00094988 0.0008028 0.000678847 0.000575904 0.000492087 0.000425775 0.000375618 0.000340557 0.000319827 
0.000319827 0.000326825 0.000347977 0.00038375 0.000434921 0.000502569 0.000588065 0.00069306 0.000819466 0.000969437 0.00114534 0.00134973 0.00158531 0.00185487 0.00216126 0.00250732 0.00289585 0.00332947 0.00381063 0.00434147 0.0049238 0.00555896 0.0062478 0.00699056 0.00778686 0.00863556 0.00953478 0.0104818 0.0114732 0.0125045 0.0135705 0.0146653 0.0157819 0.016913 0.0180502 0.019185 0.0203081 0.02141 0.022481 0.0235113 0.0244912 0.0254112 0.0262622 0.0270355 0.0277231 0.0283179 0.0288136 0.0292048 0.0294873 0.029658 0.0297151 0.029658 0.0294873 0.0292048 0.0288136 0.0283179 0.0277231 0.0270355 0.0262622 0.0254112 0.0244912 0.0235113 0.022481 0.02141 0.0203081 0.019185 0.0180502 0.016913 0.0157819 0.0146653 0.0135705 0.0125045 0.0114732 0.0104818 0.00953478 0.00863556 0.00778686 0.00699056 0.0062478 0.00555896 0.0049238 0.00434147 0.00381063 0.00332947 0.00289585 0.00250732 0.00216126 0.00185487 0.00158531 0.00134973 0.00114534 0.000969437 0.000819466 0.00069306 0.000588065 0.000502569 0.000434921 0.00038375 0.000347977 0.000326825 
0.000340557 0.000347977 0.000370401 0.000408322 0.000462556 0.000534236 0.000624802 0.000735987 0.000869796 0.00102849 0.00121455 0.00143064 0.0016796 0.00196434 0.00228783 0.00265305 0.00306288 0.00352007 0.00402713 0.0045863 0.00519941 0.00586783 0.00659242 0.00737338 0.00821024 0.00910179 0.010046 0.01104 0.0120801 0.0131617 0.0142792 0.0154264 0.0165962 0.0177806 0.0189711 0.0201586 0.0213336 0.022486 0.0236059 0.0246828 0.0257069 0.0266681 0.0275571 0.0283647 0.0290828 0.0297038 0.0302213 0.0306297 0.0309246 0.0311028 0.0311624 0.0311028 0.0309246 0.0306297 0.0302213 0.0297038 0.0290828 0.0283647 0.0275571 0.0266681 0.0257069 0.0246828 0.0236059 0.022486 0.0213336 0.0201586 0.0189711 0.0177806 0.0165962 0.0154264 0.0142792 0.0131617 0.0120801 0.01104 0.010046 0.00910179 0.00821024 0.00737338 0.00659242 0.00586783 0.00519941 0.0045863 0.00402713 0.00352007 0.00306288 0.00265305 0.00228783 0.00196434 0.0016796 0.00143064 0.00121455 0.00102849 0.000869796 0.000735987 0.000624802 0.000534236 0.000462556 0.000408322 0.000370401 0.000347977 
0.000375618 0.00038375 0.000408322 0.000449868 0.00050927 0.000587752 0.00068687 0.000808494 0.000954788 0.00112819 0.00133136 0.00156718 0.00183867 0.00214898 0.00250128 0.00289873 0.00334442 0.00384125 0.0043919 0.00499869 0.00566355 0.00638789 0.00717254 0.00801766 0.00892265 0.00988615 0.0109059 0.0119787 0.0131006 0.0142664 0.0154704 0.0167056 0.0179643 0.0192381 0.0205179 0.0217937 0.0230555 0.0242926 0.0254941 0.0266492 0.0277471 0.0287774 0.0297298 0.0305949 0.0313639 0.0320289 0.0325829 0.03302 0.0333356 0.0335263 0.0335901 0.0335263 0.0333356 0.03302 0.0325829 0.0320289 0.0313639 0.0305949 0.0297298 0.0287774 0.0277471 0.0266492 0.0254941 0.0242926 0.0230555 0.0217937 0.0205179 0.0192381 0.0179643 0.0167056 0.0154704 0.0142664 0.0131006 0.0119787 0.0109059 0.00988615 0.00892265 0.00801766 0.00717254 0.00638789 0.00566355 0.00499869 0.0043919 0.00384125 0.00334442 0.00289873 0.00250128 0.00214898 0.00183867 0.00156718 0.00133136 0.00112819 0.000954788 0.000808494 0.00068687 0.000587752 0.00050927 0.000449868 0.000408322 0.00038375 
0.000425775 0.000434921 0.000462556 0.00050927 0.000576038 0.000664215 0.000775519 0.000912014 0.00107609 0.00127042 0.00149795 0.00176183 0.00206539 0.00241204 0.00280528 0.00324853 0.00374514 0.00429826 0.00491075 0.0055851 0.00632334 0.00712692 0.00799667 0.00893265 0.0099341 0.0109994 0.012126 0.0133103 0.0145477 0.0158327 0.0171586 0.018518 0.0199024 0.0213024 0.0227079 0.0241084 0.0254926 0.0268489 0.0281655 0.0294306 0.0306326 0.03176 0.0328019 0.0337479 0.0345886 0.0353153 0.0359206 0.0363981 0.0367428 0.0369511 0.0370208 0.0369511 0.0367428 0.0363981 0.0359206 0.0353153 0.0345886 0.0337479 0.0328019 0.03176 0.0306326 0.0294306 0.0281655 0.0268489 0.0254926 0.0241084 0.0227079 0.0213024 0.0199024 0.018518 0.0171586 0.0158327 0.0145477 0.0133103 0.012126 0.0109994 0.0099341 0.00893265 0.00799667 0.00712692 0.00632334 0.0055851 0.00491075 0.00429826 0.00374514 0.00324853 0.00280528 0.00241204 0.00206539 0.00176183 0.00149795 0.00127042 0.00107609 0.000912014 0.000775519 0.000664215 0.000576038 0.00050927 0.000462556 0.000434921 
0.000492087 0.000502569 0.000534236 0.000587752 0.000664215 0.000765147 0.00089248 0.00104853 0.00123597 0.00145781 0.00171733 0.00201806 0.00236368 0.00275802 0.00320491 0.00370818 0.00427148 0.00489827 0.00559167 0.00635436 0.00718851 0.00809562 0.00907647 0.010131 0.0112583 0.0124563 0.0137221 0.0150515 0.0164394 0.0178794 0.019364 0.0208848 0.0224324 0.0239962 0.0255651 0.0271273 0.0286702 0.0301811 0.0316469 0.0330546 0.0343914 0.0356446 0.0368022 0.0378529 0.0387863 0.0395929 0.0402646 0.0407944 0.0411768 0.0414079 0.0414852 0.0414079 0.0411768 0.0407944 0.0402646 0.0395929 0.0387863 0.0378529 0.0368022 0.0356446 0.0343914 0.0330546 0.0316469 0.0301811 0.0286702 0.0271273 0.0255651 0.0239962 0.0224324 0.0208848 0.019364 0.0178794 0.0164394 0.0150515 0.0137221 0.0124563 0.0112583 0.010131 0.00907647 0.00809562 0.00718851 0.00635436 0.00559167 0.00489827 0.00427148 0.00370818 0.00320491 0.00275802 0.00236368 0.00201806 0.00171733 0.00145781 0.00123597 0.00104853 0.00089248 0.000765147 0.000664215 0.000587752 0.000534236 0.000502569 
0.000575904 0.000588065 0.000624802 0.00068687 0.000775519 0.00089248 0.00103995 0.00122055 0.00143733 0.00169368 0.00199331 0.00234021 0.00273852 0.00319255 0.00370658 0.00428488 0.00493152 0.00565032 0.0064447 0.00731758 0.00827127 0.00930734 0.0104265 0.0116286 0.0129123 0.0142752 0.0157139 0.0172234 0.0187979 0.02043 0.0221112 0.0238319 0.0255814 0.0273479 0.0291188 0.0308806 0.0326196 0.0343213 0.0359712 0.0375548 0.0390577 0.0404659 0.0417661 0.0429458 0.0439933 0.0448983 0.0456517 0.0462458 0.0466746 0.0469336 0.0470203 0.0469336 0.0466746 0.0462458 0.0456517 0.0448983 0.0439933 0.0429458 0.0417661 0.0404659 0.0390577 0.0375548 0.0359712 0.0343213 0.0326196 0.0308806 0.0291188 0.0273479 0.0255814 0.0238319 0.0221112 0.02043 0.0187979 0.0172234 0.0157139 0.0142752 0.0129123 0.0116286 0.0104265 0.00930734 0.00827127 0.00731758 0.0064447 0.00565032 0.00493152 0.00428488 0.00370658 0.00319255 0.00273852 0.00234021 0.00199331 0.00169368 0.00143733 0.00122055 0.00103995 0.00089248 0.000775519 0.00068687 0.000624802 0.000588065 
0.000678847 0.00069306 0.000735987 0.000808494 0.000912014 0.00104853 0.00122055 0.00143109 0.0016836 0.00198197 0.00233043 0.00273348 0.00319584 0.00372236 0.00431789 0.00498721 0.00573487 0.00656511 0.00748172 0.00848787 0.00958605 0.0107779 0.012064 0.0134439 0.0149161 0.0164777 0.0181243 0.0198505 0.0216492 0.023512 0.0254291 0.0273895 0.029381 0.0313902 0.0334027 0.0354035 0.0373768 0.0393065 0.0411763 0.0429697 0.0446708 0.0462639 0.0477342 0.0490675 0.0502511 0.0512732 0.0521239 0.0527946 0.0532785 0.0535709 0.0536686 0.0535709 0.0532785 0.0527946 0.0521239 0.0512732 0.0502511 0.0490675 0.0477342 0.0462639 0.0446708 0.0429697 0.0411763 0.0393065 0.0373768 0.0354035 0.0334027 0.0313902 0.029381 0.0273895 0.0254291 0.023512 0.0216492 0.0198505 0.0181243 0.0164777 0.0149161 0.0134439 0.012064 0.0107779 0.00958605 0.00848787 0.00748172 0.00656511 0.00573487 0.00498721 0.00431789 0.00372236 0.00319584 0.00273348 0.00233043 0.00198197 0.0016836 0.00143109 0.00122055 0.00104853 0.000912014 0.000808494 0.000735987 0.00069306 
0.0008028 0.000819466 0.000869796 0.000954788 0.00107609 0.00123597 0.00143733 0.0016836 0.00197877 0.00232725 0.00273389 0.00320382 0.00374242 0.00435516 0.00504753 0.00582493 0.00669244 0.00765481 0.0087162 0.0098801 0.0111492 0.012525 0.0140082 0.0155981 0.0172924 0.0190879 0.0209793 0.0229602 0.0250223 0.0271559 0.0293498 0.0315912 0.0338661 0.0361593 0.0384545 0.0407345 0.0429816 0.0451774 0.0473036 0.0493418 0.0512738 0.0530823 0.0547504 0.0562626 0.0576044 0.0587628 0.0597265 0.0604862 0.0610343 0.0613654 0.0614761 0.0613654 0.0610343 0.0604862 0.0597265 0.0587628 0.0576044 0.0562626 0.0547504 0.0530823 0.0512738 0.0493418 0.0473036 0.0451774 0.0429816 0.0407345 0.0384545 0.0361593 0.0338661 0.0315912 0.0293498 0.0271559 0.0250223 0.0229602 0.0209793 0.0190879 0.0172924 0.0155981 0.0140082 0.012525 0.0111492 0.0098801 0.0087162 0.00765481 0.00669244 0.00582493 0.00504753 0.00435516 0.00374242 0.00320382 0.00273389 0.00232725 0.00197877 0.0016836 0.00143733 0.00123597 0.00107609 0.000954788 0.000869796 0.000819466 
0.00094988 0.000969437 0.00102849 0.00112819 0.00127042 0.00145781 0.00169368 0.00198197 0.00232725 0.00273459 0.00320951 0.00375786 0.00438577 0.00509945 0.00590512 0.00680882 0.0078163 0.00893282 0.010163 0.0115106 0.0129785 0.0145683 0.0162804 0.0181137 0.0200657 0.0221321 0.0243068 0.0265821 0.0289485 0.0313946 0.0339075 0.0364727 0.0390739 0.0416938 0.0443138 0.0469145 0.0494757 0.0519767 0.0543967 0.0567152 0.0589116 0.0609664 0.0628608 0.0645774 0.0660998 0.0674139 0.0685068 0.0693681 0.0699893 0.0703646 0.07049 0.0703646 0.0699893 0.0693681 0.0685068 0.0674139 0.0660998 0.0645774 0.0628608 0.0609664 0.0589116 0.0567152 0.0543967 0.0519767 0.0494757 0.0469145 0.0443138 0.0416938 0.0390739 0.0364727 0.0339075 0.0313946 0.0289485 0.0265821 0.0243068 0.0221321 0.0200657 0.0181137 0.0162804 0.0145683 0.0129785 0.0115106 0.010163 0.00893282 0.0078163 0.00680882 0.00590512 0.00509945 0.00438577 0.00375786 0.00320951 0.00273459 0.00232725 0.00198197 0.00169368 0.00145781 0.00127042 0.00112819 0.00102849 0.000969437 
0.00112242 0.00114534 0.00121455 0.00133136 0.00149795 0.00171733 0.00199331 0.00233043 0.00273389 0.00320951 0.00376357 0.00440277 0.00513405 0.00596445 0.006901 0.0079505 0.00911938 0.0104135 0.0118379 0.0133967 0.015093 0.0169283 0.0189028 0.0210151 0.0232618 0.0256378 0.0281359 0.0307471 0.0334602 0.0362622 0.0391381 0.042071 0.0450427 0.0480332 0.0510214 0.0539851 0.0569017 0.0597477 0.0624998 0.0651345 0.0676292 0.0699618 0.0721112 0.0740579 0.0757838 0.0772729 0.0785111 0.0794867 0.0801902 0.0806151 0.0807572 0.0806151 0.0801902 0.0794867 0.0785111 0.0772729 0.0757838 0.0740579 0.0721112 0.0699618 0.0676292 0.0651345 0.0624998 0.0597477 0.0569017 0.0539851 0.0510214 0.0480332 0.0450427 0.042071 0.0391381 0.0362622 0.0334602 0.0307471 0.0281359 0.0256378 0.0232618 0.0210151 0.0189028 0.0169283 0.015093 0.0133967 0.0118379 0.0104135 0.00911938 0.0079505 0.006901 0.00596445 0.00513405 0.00440277 0.00376357 0.00320951 0.00273389 0.00233043 0.00199331 0.00171733 0.00149795 0.00133136 0.00121455 0.00114534 
0.00132293 0.00134973 0.00143064 0.00156718 0.00176183 0.00201806 0.00234021 0.00273348 0.00320382 0.00375786 0.00440277 0.00514615 0.00599585 0.00695986 0.00804608 0.00926214 0.0106152 0.0121118 0.0137574 0.0155566 0.0175124 0.0196265 0.0218986 0.0243269 0.0269071 0.0296331 0.0324965 0.0354866 0.0385905 0.0417931 0.0450771 0.0484233 0.0518106 0.0552166 0.0586171 0.0619873 0.0653012 0.0685326 0.0716553 0.0746429 0.07747 0.0801119 0.0825452 0.0847479 0.0867001 0.0883838 0.0897835 0.0908859 0.0916809 0.0921609 0.0923214 0.0921609 0.0916809 0.0908859 0.0897835 0.0883838 0.0867001 0.0847479 0.0825452 0.0801119 0.07747 0.0746429 0.0716553 0.0685326 0.0653012 0.0619873 0.0586171 0.0552166 0.0518106 0.0484233 0.0450771 0.0417931 0.0385905 0.0354866 0.0324965 0.0296331 0.0269071 0.0243269 0.0218986 0.0196265 0.0175124 0.0155566 0.0137574 0.0121118 0.0106152 0.00926214 0.00804608 0.00695986 0.00599585 0.00514615 0.00440277 0.00375786 0.00320382 0.00273348 0.00234021 0.00201806 0.00176183 0.00156718 0.00143064 0.00134973 
0.00155407 0.00158531 0.0016796 0.00183867 0.00206539 0.00236368 0.00273852 0.00319584 0.00374242 0.00438577 0.00513405 0.00599585 0.00698006 0.00809567 0.00935155 0.0107562 0.0123177 0.014043 0.0159384 0.0180085 0.0202567 0.0226843 0.0252909 0.0280738 0.031028 0.034146 0.037418 0.0408315 0.0443715 0.0480206 0.051759 0.0555649 0.0594142 0.0632813 0.0671391 0.0709594 0.074713 0.0783706 0.0819026 0.0852798 0.0884735 0.0914563 0.0942022 0.0966868 0.0988879 0.100786 0.102363 0.103605 0.1045 0.105041 0.105221 0.105041 0.1045 0.103605 0.102363 0.100786 0.0988879 0.0966868 0.0942022 0.0914563 0.0884735 0.0852798 0.0819026 0.0783706 0.074713 0.0709594 0.0671391 0.0632813 0.0594142 0.0555649 0.051759 0.0480206 0.0443715 0.0408315 0.037418 0.034146 0.031028 0.0280738 0.0252909 0.0226843 0.0202567 0.0180085 0.0159384 0.014043 0.0123177 0.0107562 0.00935155 0.00809567 0.00698006 0.00599585 0.00513405 0.00438577 0.00374242 0.00319584 0.00273852 0.00236368 0.00206539 0.00183867 0.0016796 0.00158531 
0.0018186 0.00185487 0.00196434 0.00214898 0.00241204 0.00275802 0.00319255 0.00372236 0.00435516 0.00509945 0.00596445 0.00695986 0.00809567 0.00938197 0.0108287 0.0124453 0.0142405 0.0162224 0.0183974 0.0207706 0.0233453 0.0261229 0.0291022 0.0322799 0.0356498 0.0392031 0.0429283 0.0468108 0.0508333 0.0549759 0.0592161 0.0635287 0.0678867 0.0722612 0.0766215 0.0809358 0.0851717 0.0892962 0.0932762 0.0970792 0.100673 0.104028 0.107115 0.109907 0.11238 0.11451 0.11628 0.117674 0.118679 0.119285 0.119488 0.119285 0.118679 0.117674 0.11628 0.11451 0.11238 0.109907 0.107115 0.104028 0.100673 0.0970792 0.0932762 0.0892962 0.0851717 0.0809358 0.0766215 0.0722612 0.0678867 0.0635287 0.0592161 0.0549759 0.0508333 0.0468108 0.0429283 0.0392031 0.0356498 0.0322799 0.0291022 0.0261229 0.0233453 0.0207706 0.0183974 0.0162224 0.0142405 0.0124453 0.0108287 0.00938197 0.00809567 0.00695986 0.00596445 0.00509945 0.00435516 0.00372236 0.00319255 0.00275802 0.00241204 0.00214898 0.00196434 0.00185487 
0.00211931 0.00216126 0.00228783 0.00250128 0.00280528 0.00320491 0.00370658 0.00431789 0.00504753 0.00590512 0.006901 0.00804608 0.00935155 0.0108287 0.0124885 0.0143414 0.0163973 0.0186645 0.0211504 0.0238601 0.026797 0.0299621 0.0333537 0.0369675 0.0407962 0.0448292 0.0490531 0.0534511 0.0580034 0.0626871 0.0674766 0.0723435 0.0772573 0.0821852 0.0870931 0.0919453 0.0967055 0.101337 0.105803 0.110068 0.114096 0.117854 0.121309 0.124433 0.127198 0.129581 0.131559 0.133116 0.134239 0.134916 0.135143 0.134916 0.134239 0.133116 0.131559 0.129581 0.127198 0.124433 0.121309 0.117854 0.114096 0.110068 0.105803 0.101337 0.0967055 0.0919453 0.0870931 0.0821852 0.0772573 0.0723435 0.0674766 0.0626871 0.0580034 0.0534511 0.0490531 0.0448292 0.0407962 0.0369675 0.0333537 0.0299621 0.026797 0.0238601 0.0211504 0.0186645 0.0163973 0.0143414 0.0124885 0.0108287 0.00935155 0.00804608 0.006901 0.00590512 0.00504753 0.00431789 0.00370658 0.00320491 0.00280528 0.00250128 0.00228783 0.00216126 
0.00245903 0.00250732 0.00265305 0.00289873 0.00324853 0.00370818 0.00428488 0.00498721 0.00582493 0.00680882 0.0079505 0.00926214 0.0107562 0.0124453 0.0143414 0.0164563 0.0188005 0.0213833 0.0242123 0.0272931 0.0306288 0.0342201 0.0380646 0.0421569 0.0464881 0.051046 0.0558149 0.0607754 0.065905 0.0711775 0.0765641 0.0820326 0.0875488 0.093076 0.0985759 0.104009 0.109335 0.114513 0.119502 0.124263 0.128757 0.132947 0.136798 0.140278 0.143356 0.146008 0.148209 0.149942 0.15119 0.151943 0.152195 0.151943 0.15119 0.149942 0.148209 0.146008 0.143356 0.140278 0.136798 0.132947 0.128757 0.124263 0.119502 0.114513 0.109335 0.104009 0.0985759 0.093076 0.0875488 0.0820326 0.0765641 0.0711775 0.065905 0.0607754 0.0558149 0.051046 0.0464881 0.0421569 0.0380646 0.0342201 0.0306288 0.0272931 0.0242123 0.0213833 0.0188005 0.0164563 0.0143414 0.0124453 0.0107562 0.00926214 0.0079505 0.00680882 0.00582493 0.00498721 0.00428488 0.00370818 0.00324853 0.00289873 0.00265305 0.00250732 
0.00284049 0.00289585 0.00306288 0.00334442 0.00374514 0.00427148 0.00493152 0.00573487 0.00669244 0.0078163 0.00911938 0.0106152 0.0123177 0.0142405 0.0163973 0.0188005 0.0214618 0.0243912 0.0275966 0.0310838 0.0348559 0.0389128 0.0432515 0.0478651 0.0527432 0.0578714 0.0632316 0.0688017 0.0745559 0.0804648 0.0864956 0.0926125 0.0987769 0.104948 0.111084 0.117139 0.123071 0.128833 0.134381 0.139671 0.144662 0.149312 0.153584 0.157442 0.160854 0.163791 0.166228 0.168146 0.169528 0.170361 0.17064 0.170361 0.169528 0.168146 0.166228 0.163791 0.160854 0.157442 0.153584 0.149312 0.144662 0.139671 0.134381 0.128833 0.123071 0.117139 0.111084 0.104948 0.0987769 0.0926125 0.0864956 0.0804648 0.0745559 0.0688017 0.0632316 0.0578714 0.0527432 0.0478651 0.0432515 0.0389128 0.0348559 0.0310838 0.0275966 0.0243912 0.0214618 0.0188005 0.0163973 0.0142405 0.0123177 0.0106152 0.00911938 0.0078163 0.00669244 0.00573487 0.00493152 0.00427148 0.00374514 0.00334442 0.00306288 0.00289585 
0.00326629 0.00332947 0.00352007 0.00384125 0.00429826 0.00489827 0.00565032 0.00656511 0.00765481 0.00893282 0.0104135 0.0121118 0.014043 0.0162224 0.0186645 0.0213833 0.0243912 0.0276987 0.0313144 0.0352441 0.0394905 0.0440531 0.0489275 0.0541055 0.0595747 0.0653186 0.0713162 0.0775425 0.0839681 0.0905599 0.0972811 0.104092 0.110949 0.117807 0.12462 0.131338 0.137913 0.144295 0.150436 0.156287 0.161803 0.16694 0.171655 0.175912 0.179675 0.182913 0.185599 0.187712 0.189234 0.190152 0.190459 0.190152 0.189234 0.187712 0.185599 0.182913 0.179675 0.175912 0.171655 0.16694 0.161803 0.156287 0.150436 0.144295 0.137913 0.131338 0.12462 0.117807 0.110949 0.104092 0.0972811 0.0905599 0.0839681 0.0775425 0.0713162 0.0653186 0.0595747 0.0541055 0.0489275 0.0440531 0.0394905 0.0352441 0.0313144 0.0276987 0.0243912 0.0213833 0.0186645 0.0162224 0.014043 0.0121118 0.0104135 0.00893282 0.00765481 0.00656511 0.00565032 0.00489827 0.00429826 0.00384125 0.00352007 0.00332947 
0.00373886 0.00381063 0.00402713 0.0043919 0.00491075 0.00559167 0.0064447 0.00748172 0.0087162 0.010163 0.0118379 0.0137574 0.0159384 0.0183974 0.0211504 0.0242123 0.0275966 0.0313144 0.0353747 0.0397831 0.044542 0.04965 0.0551015 0.0608867 0.066991 0.0733953 0.0800756 0.0870034 0.0941459 0.101466 0.108922 0.11647 0.124063 0.131649 0.139178 0.146597 0.153851 0.160886 0.16765 0.174091 0.180158 0.185805 0.190985 0.195659 0.199789 0.203341 0.206288 0.208604 0.210273 0.211279 0.211615 0.211279 0.210273 0.208604 0.206288 0.203341 0.199789 0.195659 0.190985 0.185805 0.180158 0.174091 0.16765 0.160886 0.153851 0.146597 0.139178 0.131649 0.124063 0.11647 0.108922 0.101466 0.0941459 0.0870034 0.0800756 0.0733953 0.066991 0.0608867 0.0551015 0.04965 0.044542 0.0397831 0.0353747 0.0313144 0.0275966 0.0242123 0.0211504 0.0183974 0.0159384 0.0137574 0.0118379 0.010163 0.0087162 0.00748172 0.0064447 0.00559167 0.00491075 0.0043919 0.00402713 0.00381063 
0.0042603 0.00434147 0.0045863 0.00499869 0.0055851 0.00635436 0.00731758 0.00848787 0.0098801 0.0115106 0.0133967 0.0155566 0.0180085 0.0207706 0.0238601 0.0272931 0.0310838 0.0352441 0.0397831 0.0447063 0.0500155 0.0557085 0.061778 0.0682124 0.0749946 0.0821027 0.0895095 0.0971829 0.105086 0.113177 0.121411 0.129737 0.138105 0.146458 0.15474 0.162893 0.170858 0.178577 0.185993 0.193048 0.19969 0.205867 0.211531 0.216639 0.221149 0.225028 0.228243 0.230771 0.232591 0.233688 0.234055 0.233688 0.232591 0.230771 0.228243 0.225028 0.221149 0.216639 0.211531 0.205867 0.19969 0.193048 0.185993 0.178577 0.170858 0.162893 0.15474 0.146458 0.138105 0.129737 0.121411 0.113177 0.105086 0.0971829 0.0895095 0.0821027 0.0749946 0.0682124 0.061778 0.0557085 0.0500155 0.0447063 0.0397831 0.0352441 0.0310838 0.0272931 0.0238601 0.0207706 0.0180085 0.0155566 0.0133967 0.0115106 0.0098801 0.00848787 0.00731758 0.00635436 0.0055851 0.00499869 0.0045863 0.00434147 
0.00483241 0.0049238 0.00519941 0.00566355 0.00632334 0.00718851 0.00827127 0.00958605 0.0111492 0.0129785 0.015093 0.0175124 0.0202567 0.0233453 0.026797 0.0306288 0.0348559 0.0394905 0.044542 0.0500155 0.0559123 0.0622287 0.068956 0.0760802 0.0835817 0.0914354 0.0996106 0.108071 0.116776 0.125679 0.134729 0.143872 0.153051 0.162206 0.171274 0.180192 0.188897 0.197327 0.205418 0.21311 0.220346 0.227072 0.233235 0.238789 0.243692 0.247905 0.251398 0.254142 0.256117 0.257309 0.257707 0.257309 0.256117 0.254142 0.251398 0.247905 0.243692 0.238789 0.233235 0.227072 0.220346 0.21311 0.205418 0.197327 0.188897 0.180192 0.171274 0.162206 0.153051 0.143872 0.134729 0.125679 0.116776 0.108071 0.0996106 0.0914354 0.0835817 0.0760802 0.068956 0.0622287 0.0559123 0.0500155 0.044542 0.0394905 0.0348559 0.0306288 0.026797 0.0233453 0.0202567 0.0175124 0.015093 0.0129785 0.0111492 0.00958605 0.00827127 0.00718851 0.00632334 0.00566355 0.00519941 0.0049238 
0.00545653 0.00555896 0.00586783 0.00638789 0.00712692 0.00809562 0.00930734 0.0107779 0.012525 0.0145683 0.0169283 0.0196265 0.0226843 0.0261229 0.0299621 0.0342201 0.0389128 0.0440531 0.04965 0.0557085 0.0622287 0.0692057 0.0766289 0.0844817 0.0927417 0.10138 0.110363 0.11965 0.129194 0.138946 0.148848 0.158843 0.168866 0.178852 0.188735 0.198446 0.207916 0.217078 0.225864 0.234212 0.242058 0.249346 0.25602 0.262031 0.267334 0.27189 0.275665 0.278631 0.280765 0.282051 0.282481 0.282051 0.280765 0.278631 0.275665 0.27189 0.267334 0.262031 0.25602 0.249346 0.242058 0.234212 0.225864 0.217078 0.207916 0.198446 0.188735 0.178852 0.168866 0.158843 0.148848 0.138946 0.129194 0.11965 0.110363 0.10138 0.0927417 0.0844817 0.0766289 0.0692057 0.0622287 0.0557085 0.04965 0.0440531 0.0389128 0.0342201 0.0299621 0.0261229 0.0226843 0.0196265 0.0169283 0.0145683 0.012525 0.0107779 0.00930734 0.00809562 0.00712692 0.00638789 0.00586783 0.00555896 
0.0061335 0.0062478 0.00659242 0.00717254 0.00799667 0.00907647 0.0104265 0.012064 0.0140082 0.0162804 0.0189028 0.0218986 0.0252909 0.0291022 0.0333537 0.0380646 0.0432515 0.0489275 0.0551015 0.061778 0.068956 0.0766289 0.0847838 0.0934016 0.102457 0.111917 0.121743 0.131891 0.14231 0.152943 0.16373 0.174605 0.185501 0.196346 0.207068 0.217593 0.227847 0.237759 0.247257 0.256273 0.264742 0.272602 0.279795 0.28627 0.29198 0.296883 0.300943 0.304132 0.306426 0.30781 0.308272 0.30781 0.306426 0.304132 0.300943 0.296883 0.29198 0.28627 0.279795 0.272602 0.264742 0.256273 0.247257 0.237759 0.227847 0.217593 0.207068 0.196346 0.185501 0.174605 0.16373 0.152943 0.14231 0.131891 0.121743 0.111917 0.102457 0.0934016 0.0847838 0.0766289 0.068956 0.061778 0.0551015 0.0489275 0.0432515 0.0380646 0.0333537 0.0291022 0.0252909 0.0218986 0.0189028 0.0162804 0.0140082 0.012064 0.0104265 0.00907647 0.00799667 0.00717254 0.00659242 0.0062478 
0.00686359 0.00699056 0.00737338 0.00801766 0.00893265 0.010131 0.0116286 0.0134439 0.0155981 0.0181137 0.0210151 0.0243269 0.0280738 0.0322799 0.0369675 0.0421569 0.0478651 0.0541055 0.0608867 0.0682124 0.0760802 0.0844817 0.0934016 0.102818 0.112702 0.123016 0.133718 0.144759 0.156082 0.167626 0.179324 0.191105 0.202897 0.214622 0.226201 0.237557 0.248611 0.259286 0.269507 0.2792 0.288298 0.296736 0.304453 0.311396 0.317514 0.322766 0.327113 0.330526 0.332981 0.334461 0.334956 0.334461 0.332981 0.330526 0.327113 0.322766 0.317514 0.311396 0.304453 0.296736 0.288298 0.2792 0.269507 0.259286 0.248611 0.237557 0.226201 0.214622 0.202897 0.191105 0.179324 0.167626 0.156082 0.144759 0.133718 0.123016 0.112702 0.102818 0.0934016 0.0844817 0.0760802 0.0682124 0.0608867 0.0541055 0.0478651 0.0421569 0.0369675 0.0322799 0.0280738 0.0243269 0.0210151 0.0181137 0.0155981 0.0134439 0.0116286 0.010131 0.00893265 0.00801766 0.00737338 0.00699056 
0.00764641 0.00778686 0.00821024 0.00892265 0.0099341 0.0112583 0.0129123 0.0149161 0.0172924 0.0200657 0.0232618 0.0269071 0.031028 0.0356498 0.0407962 0.0464881 0.0527432 0.0595747 0.066991 0.0749946 0.0835817 0.0927417 0.102457 0.112702 0.123443 0.134641 0.146247 0.158207 0.17046 0.182938 0.195569 0.208277 0.220982 0.233602 0.246053 0.258252 0.270115 0.281561 0.292509 0.302884 0.312614 0.321631 0.329873 0.337283 0.343809 0.349408 0.354041 0.357677 0.360292 0.361868 0.362395 0.361868 0.360292 0.357677 0.354041 0.349408 0.343809 0.337283 0.329873 0.321631 0.312614 0.302884 0.292509 0.281561 0.270115 0.258252 0.246053 0.233602 0.220982 0.208277 0.195569 0.182938 0.17046 0.158207 0.146247 0.134641 0.123443 0.112702 0.102457 0.0927417 0.0835817 0.0749946 0.066991 0.0595747 0.0527432 0.0464881 0.0407962 0.0356498 0.031028 0.0269071 0.0232618 0.0200657 0.0172924 0.0149161 0.0129123 0.0112583 0.0099341 0.00892265 0.00821024 0.00778686 
0.00848088 0.00863556 0.00910179 0.00988615 0.0109994 0.0124563 0.0142752 0.0164777 0.0190879 0.0221321 0.0256378 0.0296331 0.034146 0.0392031 0.0448292 0.051046 0.0578714 0.0653186 0.0733953 0.0821027 0.0914354 0.10138 0.111917 0.123016 0.134641 0.146746 0.15928 0.172181 0.185384 0.198814 0.212395 0.226044 0.239674 0.2532 0.26653 0.279578 0.292253 0.304471 0.316148 0.327204 0.337564 0.347158 0.35592 0.363793 0.370723 0.376666 0.381581 0.385438 0.38821 0.389881 0.390439 0.389881 0.38821 0.385438 0.381581 0.376666 0.370723 0.363793 0.35592 0.347158 0.337564 0.327204 0.316148 0.304471 0.292253 0.279578 0.26653 0.2532 0.239674 0.226044 0.212395 0.198814 0.185384 0.172181 0.15928 0.146746 0.134641 0.123016 0.111917 0.10138 0.0914354 0.0821027 0.0733953 0.0653186 0.0578714 0.051046 0.0448292 0.0392031 0.034146 0.0296331 0.0256378 0.0221321 0.0190879 0.0164777 0.0142752 0.0124563 0.0109994 0.00988615 0.00910179 0.00863556 
0.00936516 0.00953478 0.010046 0.0109059 0.012126 0.0137221 0.0157139 0.0181243 0.0209793 0.0243068 0.0281359 0.0324965 0.037418 0.0429283 0.0490531 0.0558149 0.0632316 0.0713162 0.0800756 0.0895095 0.0996106 0.110363 0.121743 0.133718 0.146247 0.15928 0.172758 0.186617 0.200784 0.21518 0.229721 0.244318 0.258881 0.273316 0.287528 0.301424 0.31491 0.327897 0.340297 0.352028 0.363011 0.373173 0.382449 0.390777 0.398104 0.404384 0.409576 0.413648 0.416575 0.418338 0.418927 0.418338 0.416575 0.413648 0.409576 0.404384 0.398104 0.390777 0.382449 0.373173 0.363011 0.352028 0.340297 0.327897 0.31491 0.301424 0.287528 0.273316 0.258881 0.244318 0.229721 0.21518 0.200784 0.186617 0.172758 0.15928 0.146247 0.133718 0.121743 0.110363 0.0996106 0.0895095 0.0800756 0.0713162 0.0632316 0.0558149 0.0490531 0.0429283 0.037418 0.0324965 0.0281359 0.0243068 0.0209793 0.0181243 0.0157139 0.0137221 0.012126 0.0109059 0.010046 0.00953478 
0.0102966 0.0104818 0.01104 0.0119787 0.0133103 0.0150515 0.0172234 0.0198505 0.0229602 0.0265821 0.0307471 0.0354866 0.0408315 0.0468108 0.0534511 0.0607754 0.0688017 0.0775425 0.0870034 0.0971829 0.108071 0.11965 0.131891 0.144759 0.158207 0.172181 0.186617 0.201445 0.216585 0.231952 0.247458 0.263006 0.278501 0.293843 0.308932 0.32367 0.33796 0.351707 0.36482 0.377215 0.388809 0.399529 0.409306 0.418079 0.425792 0.432399 0.43786 0.442141 0.445217 0.44707 0.447689 0.44707 0.445217 0.442141 0.43786 0.432399 0.425792 0.418079 0.409306 0.399529 0.388809 0.377215 0.36482 0.351707 0.33796 0.32367 0.308932 0.293843 0.278501 0.263006 0.247458 0.231952 0.216585 0.201445 0.186617 0.172181 0.158207 0.144759 0.131891 0.11965 0.108071 0.0971829 0.0870034 0.0775425 0.0688017 0.0607754 0.0534511 0.0468108 0.0408315 0.0354866 0.0307471 0.0265821 0.0229602 0.0198505 0.0172234 0.0150515 0.0133103 0.0119787 0.01104 0.0104818 
0.0112718 0.0114732 0.0120801 0.0131006 0.0145477 0.0164394 0.0187979 0.0216492 0.0250223 0.0289485 0.0334602 0.0385905 0.0443715 0.0508333 0.0580034 0.065905 0.0745559 0.0839681 0.0941459 0.105086 0.116776 0.129194 0.14231 0.156082 0.17046 0.185384 0.200784 0.216585 0.2327 0.24904 0.265508 0.282004 0.298425 0.314666 0.330622 0.346191 0.361271 0.375763 0.389574 0.402617 0.414806 0.426068 0.436331 0.445533 0.45362 0.460543 0.466262 0.470744 0.473963 0.475902 0.47655 0.475902 0.473963 0.470744 0.466262 0.460543 0.45362 0.445533 0.436331 0.426068 0.414806 0.402617 0.389574 0.375763 0.361271 0.346191 0.330622 0.314666 0.298425 0.282004 0.265508 0.24904 0.2327 0.216585 0.200784 0.185384 0.17046 0.156082 0.14231 0.129194 0.116776 0.105086 0.0941459 0.0839681 0.0745559 0.065905 0.0580034 0.0508333 0.0443715 0.0385905 0.0334602 0.0289485 0.0250223 0.0216492 0.0187979 0.0164394 0.0145477 0.0131006 0.0120801 0.0114732 
0.0122864 0.0125045 0.0131617 0.0142664 0.0158327 0.0178794 0.02043 0.023512 0.0271559 0.0313946 0.0362622 0.0417931 0.0480206 0.0549759 0.0626871 0.0711775 0.0804648 0.0905599 0.101466 0.113177 0.125679 0.138946 0.152943 0.167626 0.182938 0.198814 0.21518 0.231952 0.24904 0.266347 0.28377 0.301203 0.318537 0.335663 0.352471 0.368853 0.384704 0.399922 0.414411 0.428081 0.440846 0.452629 0.463359 0.472974 0.481417 0.488642 0.494607 0.499281 0.502637 0.504658 0.505332 0.504658 0.502637 0.499281 0.494607 0.488642 0.481417 0.472974 0.463359 0.452629 0.440846 0.428081 0.414411 0.399922 0.384704 0.368853 0.352471 0.335663 0.318537 0.301203 0.28377 0.266347 0.24904 0.231952 0.21518 0.198814 0.182938 0.167626 0.152943 0.138946 0.125679 0.113177 0.101466 0.0905599 0.0804648 0.0711775 0.0626871 0.0549759 0.0480206 0.0417931 0.0362622 0.0313946 0.0271559 0.023512 0.02043 0.0178794 0.0158327 0.0142664 0.0131617 0.0125045 
0.0133353 0.0135705 0.0142792 0.0154704 0.0171586 0.019364 0.0221112 0.0254291 0.0293498 0.0339075 0.0391381 0.0450771 0.051759 0.0592161 0.0674766 0.0765641 0.0864956 0.0972811 0.108922 0.121411 0.134729 0.148848 0.16373 0.179324 0.195569 0.212395 0.229721 0.247458 0.265508 0.28377 0.302133 0.320487 0.338717 0.356708 0.374346 0.391519 0.408117 0.424037 0.43918 0.453452 0.466768 0.47905 0.490225 0.500232 0.509014 0.516524 0.522722 0.527576 0.531061 0.533159 0.533859 0.533159 0.531061 0.527576 0.522722 0.516524 0.509014 0.500232 0.490225 0.47905 0.466768 0.453452 0.43918 0.424037 0.408117 0.391519 0.374346 0.356708 0.338717 0.320487 0.302133 0.28377 0.265508 0.247458 0.229721 0.212395 0.195569 0.179324 0.16373 0.148848 0.134729 0.121411 0.108922 0.0972811 0.0864956 0.0765641 0.0674766 0.0592161 0.051759 0.0450771 0.0391381 0.0339075 0.0293498 0.0254291 0.0221112 0.019364 0.0171586 0.0154704 0.0142792 0.0135705 
0.0144126 0.0146653 0.0154264 0.0167056 0.018518 0.0208848 0.0238319 0.0273895 0.0315912 0.0364727 0.042071 0.0484233 0.0555649 0.0635287 0.0723435 0.0820326 0.0926125 0.104092 0.11647 0.129737 0.143872 0.158843 0.174605 0.191105 0.208277 0.226044 0.244318 0.263006 0.282004 0.301203 0.320487 0.33974 0.358842 0.377673 0.396115 0.41405 0.431368 0.447961 0.463728 0.478575 0.492415 0.505169 0.516765 0.527141 0.536241 0.544019 0.550435 0.555457 0.559062 0.561232 0.561956 0.561232 0.559062 0.555457 0.550435 0.544019 0.536241 0.527141 0.516765 0.505169 0.492415 0.478575 0.463728 0.447961 0.431368 0.41405 0.396115 0.377673 0.358842 0.33974 0.320487 0.301203 0.282004 0.263006 0.244318 0.226044 0.208277 0.191105 0.174605 0.158843 0.143872 0.129737 0.11647 0.104092 0.0926125 0.0820326 0.0723435 0.0635287 0.0555649 0.0484233 0.042071 0.0364727 0.0315912 0.0273895 0.0238319 0.0208848 0.018518 0.0167056 0.0154264 0.0146653 
0.0155116 0.0157819 0.0165962 0.0179643 0.0199024 0.0224324 0.0255814 0.029381 0.0338661 0.0390739 0.0450427 0.0518106 0.0594142 0.0678867 0.0772573 0.0875488 0.0987769 0.110949 0.124063 0.138105 0.153051 0.168866 0.185501 0.202897 0.220982 0.239674 0.258881 0.278501 0.298425 0.318537 0.338717 0.358842 0.378787 0.398428 0.417642 0.436309 0.454313 0.471547 0.487907 0.503297 0.517631 0.530828 0.542818 0.553538 0.562934 0.57096 0.577578 0.582756 0.586472 0.588707 0.589454 0.588707 0.586472 0.582756 0.577578 0.57096 0.562934 0.553538 0.542818 0.530828 0.517631 0.503297 0.487907 0.471547 0.454313 0.436309 0.417642 0.398428 0.378787 0.358842 0.338717 0.318537 0.298425 0.278501 0.258881 0.239674 0.220982 0.202897 0.185501 0.168866 0.153051 0.138105 0.124063 0.110949 0.0987769 0.0875488 0.0772573 0.0678867 0.0594142 0.0518106 0.0450427 0.0390739 0.0338661 0.029381 0.0255814 0.0224324 0.0199024 0.0179643 0.0165962 0.0157819 
0.0166249 0.016913 0.0177806 0.0192381 0.0213024 0.0239962 0.0273479 0.0313902 0.0361593 0.0416938 0.0480332 0.0552166 0.0632813 0.0722612 0.0821852 0.093076 0.104948 0.117807 0.131649 0.146458 0.162206 0.178852 0.196346 0.214622 0.233602 0.2532 0.273316 0.293843 0.314666 0.335663 0.356708 0.377673 0.398428 0.418844 0.438795 0.458157 0.476813 0.494652 0.511569 0.527469 0.542263 0.555873 0.568228 0.579267 0.588935 0.59719 0.603992 0.609313 0.613129 0.615425 0.616192 0.615425 0.613129 0.609313 0.603992 0.59719 0.588935 0.579267 0.568228 0.555873 0.542263 0.527469 0.511569 0.494652 0.476813 0.458157 0.438795 0.418844 0.398428 0.377673 0.356708 0.335663 0.314666 0.293843 0.273316 0.2532 0.233602 0.214622 0.196346 0.178852 0.162206 0.146458 0.131649 0.117807 0.104948 0.093076 0.0821852 0.0722612 0.0632813 0.0552166 0.0480332 0.0416938 0.0361593 0.0313902 0.0273479 0.0239962 0.0213024 0.0192381 0.0177806 0.016913 
0.0177445 0.0180502 0.0189711 0.0205179 0.0227079 0.0255651 0.0291188 0.0334027 0.0384545 0.0443138 0.0510214 0.0586171 0.0671391 0.0766215 0.0870931 0.0985759 0.111084 0.12462 0.139178 0.15474 0.171274 0.188735 0.207068 0.226201 0.246053 0.26653 0.287528 0.308932 0.330622 0.352471 0.374346 0.396115 0.417642 0.438795 0.459443 0.479462 0.49873 0.517136 0.534574 0.550947 0.566168 0.580158 0.592849 0.604179 0.614096 0.622558 0.629527 0.634977 0.638885 0.641235 0.64202 0.641235 0.638885 0.634977 0.629527 0.622558 0.614096 0.604179 0.592849 0.580158 0.566168 0.550947 0.534574 0.517136 0.49873 0.479462 0.459443 0.438795 0.417642 0.396115 0.374346 0.352471 0.330622 0.308932 0.287528 0.26653 0.246053 0.226201 0.207068 0.188735 0.171274 0.15474 0.139178 0.12462 0.111084 0.0985759 0.0870931 0.0766215 0.0671391 0.0586171 0.0510214 0.0443138 0.0384545 0.0334027 0.0291188 0.0255651 0.0227079 0.0205179 0.0189711 0.0180502 
0.0188617 0.019185 0.0201586 0.0217937 0.0241084 0.0271273 0.0308806 0.0354035 0.0407345 0.0469145 0.0539851 0.0619873 0.0709594 0.0809358 0.0919453 0.104009 0.117139 0.131338 0.146597 0.162893 0.180192 0.198446 0.217593 0.237557 0.258252 0.279578 0.301424 0.32367 0.346191 0.368853 0.391519 0.41405 0.436309 0.458157 0.479462 0.500095 0.519935 0.538867 0.556787 0.573596 0.589209 0.603547 0.616542 0.628136 0.638278 0.646926 0.654045 0.65961 0.663598 0.665997 0.666798 0.665997 0.663598 0.65961 0.654045 0.646926 0.638278 0.628136 0.616542 0.603547 0.589209 0.573596 0.556787 0.538867 0.519935 0.500095 0.479462 0.458157 0.436309 0.41405 0.391519 0.368853 0.346191 0.32367 0.301424 0.279578 0.258252 0.237557 0.217593 0.198446 0.180192 0.162893 0.146597 0.131338 0.117139 0.104009 0.0919453 0.0809358 0.0709594 0.0619873 0.0539851 0.0469145 0.0407345 0.0354035 0.0308806 0.0271273 0.0241084 0.0217937 0.0201586 0.019185 
0.0199676 0.0203081 0.0213336 0.0230555 0.0254926 0.0286702 0.0326196 0.0373768 0.0429816 0.0494757 0.0569017 0.0653012 0.074713 0.0851717 0.0967055 0.109335 0.123071 0.137913 0.153851 0.170858 0.188897 0.207916 0.227847 0.248611 0.270115 0.292253 0.31491 0.33796 0.361271 0.384704 0.408117 0.431368 0.454313 0.476813 0.49873 0.519935 0.540304 0.559722 0.578083 0.595291 0.611259 0.625912 0.639182 0.651012 0.661353 0.670167 0.677419 0.683085 0.687145 0.689586 0.690401 0.689586 0.687145 0.683085 0.677419 0.670167 0.661353 0.651012 0.639182 0.625912 0.611259 0.595291 0.578083 0.559722 0.540304 0.519935 0.49873 0.476813 0.454313 0.431368 0.408117 0.384704 0.361271 0.33796 0.31491 0.292253 0.270115 0.248611 0.227847 0.207916 0.188897 0.170858 0.153851 0.137913 0.123071 0.109335 0.0967055 0.0851717 0.074713 0.0653012 0.0569017 0.0494757 0.0429816 0.0373768 0.0326196 0.0286702 0.0254926 0.0230555 0.0213336 0.0203081 
0.0210527 0.02141 0.022486 0.0242926 0.0268489 0.0301811 0.0343213 0.0393065 0.0451774 0.0519767 0.0597477 0.0685326 0.0783706 0.0892962 0.101337 0.114513 0.128833 0.144295 0.160886 0.178577 0.197327 0.217078 0.237759 0.259286 0.281561 0.304471 0.327897 0.351707 0.375763 0.399922 0.424037 0.447961 0.471547 0.494652 0.517136 0.538867 0.559722 0.579583 0.598346 0.615915 0.632204 0.647138 0.660652 0.672691 0.683209 0.692167 0.699536 0.705289 0.709412 0.71189 0.712716 0.71189 0.709412 0.705289 0.699536 0.692167 0.683209 0.672691 0.660652 0.647138 0.632204 0.615915 0.598346 0.579583 0.559722 0.538867 0.517136 0.494652 0.471547 0.447961 0.424037 0.399922 0.375763 0.351707 0.327897 0.304471 0.281561 0.259286 0.237759 0.217078 0.197327 0.178577 0.160886 0.144295 0.128833 0.114513 0.101337 0.0892962 0.0783706 0.0685326 0.0597477 0.0519767 0.0451774 0.0393065 0.0343213 0.0301811 0.0268489 0.0242926 0.022486 0.02141 
0.0221075 0.022481 0.0236059 0.0254941 0.0281655 0.0316469 0.0359712 0.0411763 0.0473036 0.0543967 0.0624998 0.0716553 0.0819026 0.0932762 0.105803 0.119502 0.134381 0.150436 0.16765 0.185993 0.205418 0.225864 0.247257 0.269507 0.292509 0.316148 0.340297 0.36482 0.389574 0.414411 0.43918 0.463728 0.487907 0.511569 0.534574 0.556787 0.578083 0.598346 0.617471 0.635363 0.651937 0.667121 0.68085 0.693073 0.703744 0.712828 0.720296 0.726125 0.7303 0.732809 0.733647 0.732809 0.7303 0.726125 0.720296 0.712828 0.703744 0.693073 0.68085 0.667121 0.651937 0.635363 0.617471 0.598346 0.578083 0.556787 0.534574 0.511569 0.487907 0.463728 0.43918 0.414411 0.389574 0.36482 0.340297 0.316148 0.292509 0.269507 0.247257 0.225864 0.205418 0.185993 0.16765 0.150436 0.134381 0.119502 0.105803 0.0932762 0.0819026 0.0716553 0.0624998 0.0543967 0.0473036 0.0411763 0.0359712 0.0316469 0.0281655 0.0254941 0.0236059 0.022481 
0.0231222 0.0235113 0.0246828 0.0266492 0.0294306 0.0330546 0.0375548 0.0429697 0.0493418 0.0567152 0.0651345 0.0746429 0.0852798 0.0970792 0.110068 0.124263 0.139671 0.156287 0.174091 0.193048 0.21311 0.234212 0.256273 0.2792 0.302884 0.327204 0.352028 0.377215 0.402617 0.428081 0.453452 0.478575 0.503297 0.527469 0.550947 0.573596 0.595291 0.615915 0.635363 0.653541 0.670367 0.68577 0.699687 0.712068 0.72287 0.732061 0.739614 0.745507 0.749726 0.752262 0.753108 0.752262 0.749726 0.745507 0.739614 0.732061 0.72287 0.712068 0.699687 0.68577 0.670367 0.653541 0.635363 0.615915 0.595291 0.573596 0.550947 0.527469 0.503297 0.478575 0.453452 0.428081 0.402617 0.377215 0.352028 0.327204 0.302884 0.2792 0.256273 0.234212 0.21311 0.193048 0.174091 0.156287 0.139671 0.124263 0.110068 0.0970792 0.0852798 0.0746429 0.0651345 0.0567152 0.0493418 0.0429697 0.0375548 0.0330546 0.0294306 0.0266492 0.0246828 0.0235113 
0.0240875 0.0244912 0.0257069 0.0277471 0.0306326 0.0343914 0.0390577 0.0446708 0.0512738 0.0589116 0.0676292 0.07747 0.0884735 0.100673 0.114096 0.128757 0.144662 0.161803 0.180158 0.19969 0.220346 0.242058 0.264742 0.288298 0.312614 0.337564 0.363011 0.388809 0.414806 0.440846 0.466768 0.492415 0.517631 0.542263 0.566168 0.589209 0.611259 0.632204 0.651937 0.670367 0.687413 0.703005 0.717083 0.729599 0.740513 0.749794 0.757417 0.763364 0.76762 0.770177 0.77103 0.770177 0.76762 0.763364 0.757417 0.749794 0.740513 0.729599 0.717083 0.703005 0.687413 0.670367 0.651937 0.632204 0.611259 0.589209 0.566168 0.542263 0.517631 0.492415 0.466768 0.440846 0.414806 0.388809 0.363011 0.337564 0.312614 0.288298 0.264742 0.242058 0.220346 0.19969 0.180158 0.161803 0.144662 0.128757 0.114096 0.100673 0.0884735 0.07747 0.0676292 0.0589116 0.0512738 0.0446708 0.0390577 0.0343914 0.0306326 0.0277471 0.0257069 0.0244912 
