0.00072223 0.000734581 0.000771822 0.000834515 0.000923591 0.00104033 0.00118635 0.00136358 0.00157422 0.00182072 0.00210572 0.00243203 0.00280254 0.00322019 0.00368786 0.00420837 0.00478433 0.0054181 0.00611173 0.00686682 0.00768448 0.00856528 0.00950909 0.0105151 0.0115818 0.0127067 0.0138865 0.0151172 0.0163937 0.0177101 0.0190597 0.0204348 0.0218272 0.0232279 0.0246271 0.0260149 0.0273807 0.0287137 0.0300031 0.0312381 0.0324079 0.0335022 0.034511 0.0354252 0.0362361 0.036936 0.0375182 0.037977 0.038308 0.038508 0.0385748 0.038508 0.038308 0.037977 0.0375182 0.036936 0.0362361 0.0354252 0.034511 0.0335022 0.0324079 0.0312381 0.0300031 0.0287137 0.0273807 0.0260149 0.0246271 0.0232279 0.0218272 0.0204348 0.0190597 0.0177101 0.0163937 0.0151172 0.0138865 0.0127067 0.0115818 0.0105151 0.00950909 0.00856528 0.00768448 0.00686682 0.00611173 0.0054181 0.00478433 0.00420837 0.00368786 0.00322019 0.00280254 0.00243203 0.00210572 0.00182072 0.00157422 0.00136358 0.00118635 0.00104033 0.000923591 0.000834515 0.000771822 0.000734581 
0.000734581 0.000747127 0.000784955 0.000848635 0.000939109 0.00105768 0.00120597 0.00138594 0.00159982 0.0018501 0.00213943 0.00247067 0.00284673 0.00327058 0.00374515 0.00427326 0.00485757 0.00550045 0.00620396 0.00696971 0.00779883 0.00869185 0.00964866 0.0106684 0.0117495 0.0128895 0.014085 0.0153319 0.0166251 0.0179586 0.0193255 0.0207182 0.0221283 0.0235465 0.0249633 0.0263683 0.0277509 0.0291002 0.0304053 0.0316552 0.0328391 0.0339465 0.0349675 0.0358925 0.036713 0.0374212 0.0380103 0.0384745 0.0388094 0.0390117 0.0390793 0.0390117 0.0388094 0.0384745 0.0380103 0.0374212 0.036713 0.0358925 0.0349675 0.0339465 0.0328391 0.0316552 0.0304053 0.0291002 0.0277509 0.0263683 0.0249633 0.0235465 0.0221283 0.0207182 0.0193255 0.0179586 0.0166251 0.0153319 0.014085 0.0128895 0.0117495 0.0106684 0.00964866 0.00869185 0.00779883 0.00696971 0.00620396 0.00550045 0.00485757 0.00427326 0.00374515 0.00327058 0.00284673 0.00247067 0.00213943 0.0018501 0.00159982 0.00138594 0.00120597 0.00105768 0.000939109 0.000848635 0.000784955 0.000747127 
0.000771822 0.000784955 0.000824552 0.000891206 0.000985892 0.00110996 0.0012651 0.00145334 0.00167699 0.00193862 0.002241 0.00258706 0.00297983 0.00342236 0.00391768 0.00446869 0.00507813 0.00574842 0.00648166 0.0072795 0.00814306 0.00907286 0.0100687 0.0111297 0.0122542 0.0134395 0.0146822 0.0159779 0.0173213 0.0187061 0.0201252 0.0215706 0.0230337 0.0245049 0.0259742 0.0274309 0.028864 0.0302624 0.0316147 0.0329095 0.0341358 0.0352826 0.0363397 0.0372974 0.0381467 0.0388797 0.0394894 0.0399699 0.0403164 0.0405257 0.0405957 0.0405257 0.0403164 0.0399699 0.0394894 0.0388797 0.0381467 0.0372974 0.0363397 0.0352826 0.0341358 0.0329095 0.0316147 0.0302624 0.028864 0.0274309 0.0259742 0.0245049 0.0230337 0.0215706 0.0201252 0.0187061 0.0173213 0.0159779 0.0146822 0.0134395 0.0122542 0.0111297 0.0100687 0.00907286 0.00814306 0.0072795 0.00648166 0.00574842 0.00507813 0.00446869 0.00391768 0.00342236 0.00297983 0.00258706 0.002241 0.00193862 0.00167699 0.00145334 0.0012651 0.00110996 0.000985892 0.000891206 0.000824552 0.000784955 
0.000834515 0.000848635 0.000891206 0.000962854 0.00106462 0.00119792 0.00136456 0.00156669 0.00180675 0.00208745 0.00241173 0.00278268 0.00320348 0.00367736 0.00420749 0.00479691 0.00544848 0.00616472 0.00694782 0.00779944 0.00872071 0.00971212 0.0107734 0.0119035 0.0131006 0.0143619 0.0156835 0.0170608 0.0184881 0.0199587 0.0214651 0.0229988 0.0245505 0.0261102 0.0276672 0.0292103 0.0307279 0.0322083 0.0336393 0.0350091 0.0363061 0.0375187 0.0386362 0.0396484 0.0405459 0.0413204 0.0419644 0.0424719 0.042838 0.043059 0.043133 0.043059 0.042838 0.0424719 0.0419644 0.0413204 0.0405459 0.0396484 0.0386362 0.0375187 0.0363061 0.0350091 0.0336393 0.0322083 0.0307279 0.0292103 0.0276672 0.0261102 0.0245505 0.0229988 0.0214651 0.0199587 0.0184881 0.0170608 0.0156835 0.0143619 0.0131006 0.0119035 0.0107734 0.00971212 0.00872071 0.00779944 0.00694782 0.00616472 0.00544848 0.00479691 0.00420749 0.00367736 0.00320348 0.00278268 0.00241173 0.00208745 0.00180675 0.00156669 0.00136456 0.00119792 0.00106462 0.000962854 0.000891206 0.000848635 
0.000923591 0.000939109 0.000985892 0.00106462 0.0011764 0.00132279 0.00150573 0.00172752 0.0019908 0.0022985 0.00265376 0.00305991 0.00352037 0.00403857 0.0046179 0.0052616 0.00597269 0.00675384 0.00760732 0.00853485 0.00953756 0.0106159 0.0117694 0.012997 0.0142965 0.0156646 0.0170974 0.0185897 0.0201351 0.0217266 0.0233558 0.0250135 0.0266899 0.028374 0.0300543 0.0317189 0.0333552 0.0349506 0.0364922 0.0379674 0.0393635 0.0406685 0.0418708 0.0429594 0.0439245 0.0447572 0.0454495 0.0459949 0.0463883 0.0466258 0.0467053 0.0466258 0.0463883 0.0459949 0.0454495 0.0447572 0.0439245 0.0429594 0.0418708 0.0406685 0.0393635 0.0379674 0.0364922 0.0349506 0.0333552 0.0317189 0.0300543 0.028374 0.0266899 0.0250135 0.0233558 0.0217266 0.0201351 0.0185897 0.0170974 0.0156646 0.0142965 0.012997 0.0117694 0.0106159 0.00953756 0.00853485 0.00760732 0.00675384 0.00597269 0.0052616 0.0046179 0.00403857 0.00352037 0.00305991 0.00265376 0.0022985 0.0019908 0.00172752 0.00150573 0.00132279 0.0011764 0.00106462 0.000985892 0.000939109 
0.00104033 0.00105768 0.00110996 0.00119792 0.00132279 0.00148626 0.00169045 0.0019379 0.00223147 0.00257438 0.00297004 0.00342206 0.00393417 0.00451009 0.00515348 0.00586782 0.00665634 0.0075219 0.00846686 0.00949303 0.0106015 0.0117927 0.013066 0.01442 0.0158522 0.017359 0.0189359 0.020577 0.0222754 0.0240232 0.0258113 0.0276296 0.0294671 0.031312 0.0331517 0.0349731 0.0367627 0.0385067 0.0401911 0.0418022 0.0433263 0.0447504 0.0460619 0.0472492 0.0483014 0.049209 0.0499635 0.0505578 0.0509864 0.0512452 0.0513317 0.0512452 0.0509864 0.0505578 0.0499635 0.049209 0.0483014 0.0472492 0.0460619 0.0447504 0.0433263 0.0418022 0.0401911 0.0385067 0.0367627 0.0349731 0.0331517 0.031312 0.0294671 0.0276296 0.0258113 0.0240232 0.0222754 0.020577 0.0189359 0.017359 0.0158522 0.01442 0.013066 0.0117927 0.0106015 0.00949303 0.00846686 0.0075219 0.00665634 0.00586782 0.00515348 0.00451009 0.00393417 0.00342206 0.00297004 0.00257438 0.00223147 0.0019379 0.00169045 0.00148626 0.00132279 0.00119792 0.00110996 0.00105768 
0.00118635 0.00120597 0.0012651 0.00136456 0.00150573 0.00169045 0.0019211 0.00220045 0.00253171 0.00291837 0.00336423 0.00387325 0.00444951 0.00509707 0.00581993 0.00662187 0.00750638 0.00847651 0.00953477 0.010683 0.0119224 0.0132531 0.0146744 0.0161846 0.0177807 0.0194587 0.0212133 0.023038 0.024925 0.0268655 0.0288492 0.0308651 0.0329009 0.0349435 0.0369792 0.0389934 0.0409713 0.0428977 0.0447574 0.0465352 0.0482164 0.0497865 0.0512321 0.0525402 0.0536993 0.0546987 0.0555293 0.0561836 0.0566553 0.0569401 0.0570353 0.0569401 0.0566553 0.0561836 0.0555293 0.0546987 0.0536993 0.0525402 0.0512321 0.0497865 0.0482164 0.0465352 0.0447574 0.0428977 0.0409713 0.0389934 0.0369792 0.0349435 0.0329009 0.0308651 0.0288492 0.0268655 0.024925 0.023038 0.0212133 0.0194587 0.0177807 0.0161846 0.0146744 0.0132531 0.0119224 0.010683 0.00953477 0.00847651 0.00750638 0.00662187 0.00581993 0.00509707 0.00444951 0.00387325 0.00336423 0.00291837 0.00253171 0.00220045 0.0019211 0.00169045 0.00150573 0.00136456 0.0012651 0.00120597 
0.00136358 0.00138594 0.00145334 0.00156669 0.00172752 0.0019379 0.00220045 0.0025183 0.00289498 0.00333438 0.00384071 0.00441836 0.00507181 0.00580556 0.00662397 0.00753118 0.00853097 0.00962663 0.0108208 0.0121155 0.0135117 0.0150095 0.016608 0.0183051 0.0200972 0.0219797 0.0239466 0.0259904 0.0281025 0.0302726 0.0324896 0.0347408 0.0370127 0.0392907 0.0415594 0.0438028 0.0460044 0.0481475 0.0502153 0.0521911 0.0540586 0.0558021 0.0574065 0.058858 0.0601436 0.0612518 0.0621727 0.0628979 0.0634207 0.0637364 0.0638419 0.0637364 0.0634207 0.0628979 0.0621727 0.0612518 0.0601436 0.058858 0.0574065 0.0558021 0.0540586 0.0521911 0.0502153 0.0481475 0.0460044 0.0438028 0.0415594 0.0392907 0.0370127 0.0347408 0.0324896 0.0302726 0.0281025 0.0259904 0.0239466 0.0219797 0.0200972 0.0183051 0.016608 0.0150095 0.0135117 0.0121155 0.0108208 0.00962663 0.00853097 0.00753118 0.00662397 0.00580556 0.00507181 0.00441836 0.00384071 0.00333438 0.00289498 0.0025183 0.00220045 0.0019379 0.00172752 0.00156669 0.00145334 0.00138594 
0.00157422 0.00159982 0.00167699 0.00180675 0.0019908 0.00223147 0.00253171 0.00289498 0.00332523 0.00382683 0.00440443 0.00506291 0.00580725 0.0066424 0.00757319 0.00860412 0.00973932 0.0109823 0.012336 0.0138023 0.0153822 0.0170758 0.0188816 0.0207971 0.0228183 0.0249397 0.0271544 0.0294538 0.0318281 0.0342659 0.0367544 0.0392795 0.0418259 0.0443774 0.0469168 0.0494263 0.0518876 0.0542821 0.0565912 0.0587964 0.0608797 0.0628239 0.0646123 0.0662295 0.0676615 0.0688957 0.069921 0.0707282 0.0713101 0.0716613 0.0717788 0.0716613 0.0713101 0.0707282 0.069921 0.0688957 0.0676615 0.0662295 0.0646123 0.0628239 0.0608797 0.0587964 0.0565912 0.0542821 0.0518876 0.0494263 0.0469168 0.0443774 0.0418259 0.0392795 0.0367544 0.0342659 0.0318281 0.0294538 0.0271544 0.0249397 0.0228183 0.0207971 0.0188816 0.0170758 0.0153822 0.0138023 0.012336 0.0109823 0.00973932 0.00860412 0.00757319 0.0066424 0.00580725 0.00506291 0.00440443 0.00382683 0.00332523 0.00289498 0.00253171 0.00223147 0.0019908 0.00180675 0.00167699 0.00159982 
0.00182072 0.0018501 0.00193862 0.00208745 0.0022985 0.00257438 0.00291837 0.00333438 0.00382683 0.00440057 0.0050608 0.00581296 0.00666256 0.00761509 0.00867584 0.00984979 0.0111414 0.0125545 0.0140921 0.0157563 0.0175479 0.0194668 0.0215111 0.0236778 0.0259621 0.0283576 0.0308565 0.033449 0.0361237 0.0388678 0.0416669 0.044505 0.0473651 0.0502289 0.0530772 0.0558901 0.0586473 0.0613281 0.0639119 0.0663782 0.068707 0.0708792 0.0728767 0.0746823 0.0762807 0.0776577 0.0788015 0.0797018 0.0803507 0.0807424 0.0808734 0.0807424 0.0803507 0.0797018 0.0788015 0.0776577 0.0762807 0.0746823 0.0728767 0.0708792 0.068707 0.0663782 0.0639119 0.0613281 0.0586473 0.0558901 0.0530772 0.0502289 0.0473651 0.044505 0.0416669 0.0388678 0.0361237 0.033449 0.0308565 0.0283576 0.0259621 0.0236778 0.0215111 0.0194668 0.0175479 0.0157563 0.0140921 0.0125545 0.0111414 0.00984979 0.00867584 0.00761509 0.00666256 0.00581296 0.0050608 0.00440057 0.00382683 0.00333438 0.00291837 0.00257438 0.0022985 0.00208745 0.00193862 0.0018501 
0.00210572 0.00213943 0.002241 0.00241173 0.00265376 0.00297004 0.00336423 0.00384071 0.00440443 0.0050608 0.00581564 0.00667497 0.00764492 0.00873155 0.00994071 0.0112778 0.0127478 0.0143547 0.0161017 0.017991 0.0200232 0.0221979 0.024513 0.0269645 0.0295469 0.032253 0.0350734 0.0379971 0.0410112 0.0441012 0.0472505 0.0504415 0.0536549 0.0568702 0.0600659 0.06322 0.0663096 0.0693119 0.0722038 0.0749628 0.0775669 0.0799947 0.0822262 0.0842428 0.0860272 0.0875642 0.0888404 0.0898449 0.0905687 0.0910056 0.0911517 0.0910056 0.0905687 0.0898449 0.0888404 0.0875642 0.0860272 0.0842428 0.0822262 0.0799947 0.0775669 0.0749628 0.0722038 0.0693119 0.0663096 0.06322 0.0600659 0.0568702 0.0536549 0.0504415 0.0472505 0.0441012 0.0410112 0.0379971 0.0350734 0.032253 0.0295469 0.0269645 0.024513 0.0221979 0.0200232 0.017991 0.0161017 0.0143547 0.0127478 0.0112778 0.00994071 0.00873155 0.00764492 0.00667497 0.00581564 0.0050608 0.00440443 0.00384071 0.00336423 0.00297004 0.00265376 0.00241173 0.002241 0.00213943 
0.00243203 0.00247067 0.00258706 0.00278268 0.00305991 0.00342206 0.00387325 0.00441836 0.00506291 0.00581296 0.00667497 0.00765563 0.00876174 0.01 0.0113768 0.0128982 0.0145693 0.0163946 0.0183775 0.02052 0.0228229 0.025285 0.0279039 0.0306748 0.0335914 0.0366451 0.0398252 0.0431192 0.0465124 0.0499882 0.0535283 0.0571124 0.0607191 0.0643253 0.0679073 0.0714403 0.0748989 0.0782578 0.0814914 0.0845748 0.0874835 0.0901942 0.0926848 0.0949345 0.0969246 0.0986383 0.100061 0.10118 0.101987 0.102474 0.102636 0.102474 0.101987 0.10118 0.100061 0.0986383 0.0969246 0.0949345 0.0926848 0.0901942 0.0874835 0.0845748 0.0814914 0.0782578 0.0748989 0.0714403 0.0679073 0.0643253 0.0607191 0.0571124 0.0535283 0.0499882 0.0465124 0.0431192 0.0398252 0.0366451 0.0335914 0.0306748 0.0279039 0.025285 0.0228229 0.02052 0.0183775 0.0163946 0.0145693 0.0128982 0.0113768 0.01 0.00876174 0.00765563 0.00667497 0.00581296 0.00506291 0.00441836 0.00387325 0.00342206 0.00305991 0.00278268 0.00258706 0.00247067 
0.00280254 0.00284673 0.00297983 0.00320348 0.00352037 0.00393417 0.00444951 0.00507181 0.00580725 0.00666256 0.00764492 0.00876174 0.0100205 0.0114287 0.0129933 0.0147207 0.0166167 0.018686 0.0209321 0.023357 0.0259612 0.0287434 0.0317001 0.034826 0.0381134 0.0415526 0.0451313 0.0488352 0.0526477 0.0565499 0.0605213 0.0645391 0.0685793 0.0726162 0.0766233 0.0805728 0.0844369 0.0881873 0.0917959 0.0952349 0.0984776 0.101498 0.104272 0.106777 0.108992 0.110899 0.112482 0.113727 0.114624 0.115165 0.115346 0.115165 0.114624 0.113727 0.112482 0.110899 0.108992 0.106777 0.104272 0.101498 0.0984776 0.0952349 0.0917959 0.0881873 0.0844369 0.0805728 0.0766233 0.0726162 0.0685793 0.0645391 0.0605213 0.0565499 0.0526477 0.0488352 0.0451313 0.0415526 0.0381134 0.034826 0.0317001 0.0287434 0.0259612 0.023357 0.0209321 0.018686 0.0166167 0.0147207 0.0129933 0.0114287 0.0100205 0.00876174 0.00764492 0.00666256 0.00580725 0.00507181 0.00444951 0.00393417 0.00352037 0.00320348 0.00297983 0.00284673 
0.00322019 0.00327058 0.00342236 0.00367736 0.00403857 0.00451009 0.00509707 0.00580556 0.0066424 0.00761509 0.00873155 0.01 0.0114287 0.0130258 0.0147989 0.016755 0.0189005 0.0212401 0.0237776 0.0265148 0.0294521 0.0325874 0.0359168 0.0394338 0.0431295 0.0469926 0.0510093 0.0551631 0.0594353 0.0638048 0.0682483 0.0727404 0.0772542 0.0817613 0.0862319 0.0906355 0.0949411 0.0991175 0.103134 0.106959 0.110564 0.113921 0.117003 0.119784 0.122243 0.124359 0.126115 0.127496 0.128491 0.129091 0.129292 0.129091 0.128491 0.127496 0.126115 0.124359 0.122243 0.119784 0.117003 0.113921 0.110564 0.106959 0.103134 0.0991175 0.0949411 0.0906355 0.0862319 0.0817613 0.0772542 0.0727404 0.0682483 0.0638048 0.0594353 0.0551631 0.0510093 0.0469926 0.0431295 0.0394338 0.0359168 0.0325874 0.0294521 0.0265148 0.0237776 0.0212401 0.0189005 0.016755 0.0147989 0.0130258 0.0114287 0.01 0.00873155 0.00761509 0.0066424 0.00580556 0.00509707 0.00451009 0.00403857 0.00367736 0.00342236 0.00327058 
0.00368786 0.00374515 0.00391768 0.00420749 0.0046179 0.00515348 0.00581993 0.00662397 0.00757319 0.00867584 0.00994071 0.0113768 0.0129933 0.0147989 0.016802 0.0190103 0.0214303 0.0240674 0.0269251 0.0300053 0.0333079 0.0368303 0.0405677 0.0445124 0.0486542 0.05298 0.0574742 0.0621182 0.0668908 0.0717682 0.0767243 0.0817311 0.0867583 0.0917745 0.0967466 0.101641 0.106424 0.11106 0.115515 0.119757 0.123753 0.127471 0.130884 0.133962 0.136683 0.139024 0.140966 0.142493 0.143593 0.144256 0.144478 0.144256 0.143593 0.142493 0.140966 0.139024 0.136683 0.133962 0.130884 0.127471 0.123753 0.119757 0.115515 0.11106 0.106424 0.101641 0.0967466 0.0917745 0.0867583 0.0817311 0.0767243 0.0717682 0.0668908 0.0621182 0.0574742 0.05298 0.0486542 0.0445124 0.0405677 0.0368303 0.0333079 0.0300053 0.0269251 0.0240674 0.0214303 0.0190103 0.016802 0.0147989 0.0129933 0.0113768 0.00994071 0.00867584 0.00757319 0.00662397 0.00581993 0.00515348 0.0046179 0.00420749 0.00391768 0.00374515 
0.00420837 0.00427326 0.00446869 0.00479691 0.0052616 0.00586782 0.00662187 0.00753118 0.00860412 0.00984979 0.0112778 0.0128982 0.0147207 0.016755 0.0190103 0.0214947 0.0242151 0.0271771 0.0303845 0.0338388 0.0375395 0.0414833 0.0456642 0.0500735 0.0546993 0.0595268 0.0645381 0.0697122 0.0750254 0.080451 0.08596 0.0915211 0.0971008 0.102664 0.108175 0.113596 0.11889 0.124018 0.128944 0.133631 0.138044 0.142149 0.145914 0.14931 0.15231 0.15489 0.15703 0.158712 0.159924 0.160655 0.160899 0.160655 0.159924 0.158712 0.15703 0.15489 0.15231 0.14931 0.145914 0.142149 0.138044 0.133631 0.128944 0.124018 0.11889 0.113596 0.108175 0.102664 0.0971008 0.0915211 0.08596 0.080451 0.0750254 0.0697122 0.0645381 0.0595268 0.0546993 0.0500735 0.0456642 0.0414833 0.0375395 0.0338388 0.0303845 0.0271771 0.0242151 0.0214947 0.0190103 0.016755 0.0147207 0.0128982 0.0112778 0.00984979 0.00860412 0.00753118 0.00662187 0.00586782 0.0052616 0.00479691 0.00446869 0.00427326 
0.00478433 0.00485757 0.00507813 0.00544848 0.00597269 0.00665634 0.00750638 0.00853097 0.00973932 0.0111414 0.0127478 0.0145693 0.0166167 0.0189005 0.0214303 0.0242151 0.0272622 0.0305772 0.0341639 0.0380237 0.0421554 0.0465549 0.0512151 0.0561259 0.0612735 0.0666412 0.0722087 0.0779525 0.0838459 0.0898593 0.0959604 0.102114 0.108285 0.114432 0.120518 0.1265 0.132337 0.137989 0.143415 0.148575 0.15343 0.157944 0.162083 0.165814 0.169109 0.171943 0.174292 0.176138 0.177468 0.17827 0.178538 0.17827 0.177468 0.176138 0.174292 0.171943 0.169109 0.165814 0.162083 0.157944 0.15343 0.148575 0.143415 0.137989 0.132337 0.1265 0.120518 0.114432 0.108285 0.102114 0.0959604 0.0898593 0.0838459 0.0779525 0.0722087 0.0666412 0.0612735 0.0561259 0.0512151 0.0465549 0.0421554 0.0380237 0.0341639 0.0305772 0.0272622 0.0242151 0.0214303 0.0189005 0.0166167 0.0145693 0.0127478 0.0111414 0.00973932 0.00853097 0.00750638 0.00665634 0.00597269 0.00544848 0.00507813 0.00485757 
0.0054181 0.00550045 0.00574842 0.00616472 0.00675384 0.0075219 0.00847651 0.00962663 0.0109823 0.0125545 0.0143547 0.0163946 0.018686 0.0212401 0.0240674 0.0271771 0.0305772 0.0342734 0.0382693 0.042566 0.0471615 0.052051 0.057226 0.0626746 0.0683814 0.0743272 0.0804893 0.0868413 0.0933536 0.0999932 0.106724 0.113509 0.120306 0.127073 0.133767 0.140343 0.146755 0.15296 0.158913 0.164571 0.169892 0.174837 0.179369 0.183453 0.187058 0.190157 0.192726 0.194745 0.196198 0.197075 0.197368 0.197075 0.196198 0.194745 0.192726 0.190157 0.187058 0.183453 0.179369 0.174837 0.169892 0.164571 0.158913 0.15296 0.146755 0.140343 0.133767 0.127073 0.120306 0.113509 0.106724 0.0999932 0.0933536 0.0868413 0.0804893 0.0743272 0.0683814 0.0626746 0.057226 0.052051 0.0471615 0.042566 0.0382693 0.0342734 0.0305772 0.0271771 0.0240674 0.0212401 0.018686 0.0163946 0.0143547 0.0125545 0.0109823 0.00962663 0.00847651 0.0075219 0.00675384 0.00616472 0.00574842 0.00550045 
0.00611173 0.00620396 0.00648166 0.00694782 0.00760732 0.00846686 0.00953477 0.0108208 0.012336 0.0140921 0.0161017 0.0183775 0.0209321 0.0237776 0.0269251 0.0303845 0.0341639 0.0382693 0.042704 0.0474687 0.0525607 0.0579739 0.0636984 0.0697206 0.076023 0.0825839 0.0893778 0.0963754 0.103544 0.110846 0.118244 0.125694 0.133152 0.140572 0.147907 0.155107 0.162124 0.168909 0.175414 0.181594 0.187402 0.192798 0.19774 0.202192 0.206121 0.209496 0.212294 0.214492 0.216075 0.217029 0.217348 0.217029 0.216075 0.214492 0.212294 0.209496 0.206121 0.202192 0.19774 0.192798 0.187402 0.181594 0.175414 0.168909 0.162124 0.155107 0.147907 0.140572 0.133152 0.125694 0.118244 0.110846 0.103544 0.0963754 0.0893778 0.0825839 0.076023 0.0697206 0.0636984 0.0579739 0.0525607 0.0474687 0.042704 0.0382693 0.0341639 0.0303845 0.0269251 0.0237776 0.0209321 0.0183775 0.0161017 0.0140921 0.012336 0.0108208 0.00953477 0.00846686 0.00760732 0.00694782 0.00648166 0.00620396 
0.00686682 0.00696971 0.0072795 0.00779944 0.00853485 0.00949303 0.010683 0.0121155 0.0138023 0.0157563 0.017991 0.02052 0.023357 0.0265148 0.0300053 0.0338388 0.0380237 0.042566 0.0474687 0.052732 0.0583522 0.064322 0.0706299 0.0772603 0.0841934 0.0914049 0.0988663 0.106545 0.114405 0.122405 0.130503 0.138652 0.146804 0.154908 0.162912 0.170764 0.178411 0.185801 0.192882 0.199604 0.20592 0.211782 0.21715 0.221984 0.226248 0.22991 0.232945 0.235329 0.237044 0.238079 0.238424 0.238079 0.237044 0.235329 0.232945 0.22991 0.226248 0.221984 0.21715 0.211782 0.20592 0.199604 0.192882 0.185801 0.178411 0.170764 0.162912 0.154908 0.146804 0.138652 0.130503 0.122405 0.114405 0.106545 0.0988663 0.0914049 0.0841934 0.0772603 0.0706299 0.064322 0.0583522 0.052732 0.0474687 0.042566 0.0380237 0.0338388 0.0300053 0.0265148 0.023357 0.02052 0.017991 0.0157563 0.0138023 0.0121155 0.010683 0.00949303 0.00853485 0.00779944 0.0072795 0.00696971 
0.00768448 0.00779883 0.00814306 0.00872071 0.00953756 0.0106015 0.0119224 0.0135117 0.0153822 0.0175479 0.0200232 0.0228229 0.0259612 0.0294521 0.0333079 0.0375395 0.0421554 0.0471615 0.0525607 0.0583522 0.0645314 0.0710895 0.0780133 0.085285 0.0928823 0.100778 0.108941 0.117334 0.125918 0.134648 0.143478 0.152356 0.161231 0.170046 0.178747 0.187276 0.195577 0.203594 0.21127 0.218553 0.225391 0.231736 0.237543 0.24277 0.247378 0.251336 0.254614 0.257188 0.259041 0.260157 0.260531 0.260157 0.259041 0.257188 0.254614 0.251336 0.247378 0.24277 0.237543 0.231736 0.225391 0.218553 0.21127 0.203594 0.195577 0.187276 0.178747 0.170046 0.161231 0.152356 0.143478 0.134648 0.125918 0.117334 0.108941 0.100778 0.0928823 0.085285 0.0780133 0.0710895 0.0645314 0.0583522 0.0525607 0.0471615 0.0421554 0.0375395 0.0333079 0.0294521 0.0259612 0.0228229 0.0200232 0.0175479 0.0153822 0.0135117 0.0119224 0.0106015 0.00953756 0.00872071 0.00814306 0.00779883 
0.00856528 0.00869185 0.00907286 0.00971212 0.0106159 0.0117927 0.0132531 0.0150095 0.0170758 0.0194668 0.0221979 0.025285 0.0287434 0.0325874 0.0368303 0.0414833 0.0465549 0.052051 0.0579739 0.064322 0.0710895 0.078266 0.0858364 0.0937806 0.102073 0.110685 0.11958 0.128718 0.138057 0.147547 0.157136 0.166772 0.176395 0.185947 0.195367 0.204596 0.21357 0.222231 0.23052 0.238379 0.245754 0.252593 0.258849 0.264477 0.269439 0.273697 0.277224 0.279993 0.281985 0.283186 0.283587 0.283186 0.281985 0.279993 0.277224 0.273697 0.269439 0.264477 0.258849 0.252593 0.245754 0.238379 0.23052 0.222231 0.21357 0.204596 0.195367 0.185947 0.176395 0.166772 0.157136 0.147547 0.138057 0.128718 0.11958 0.110685 0.102073 0.0937806 0.0858364 0.078266 0.0710895 0.064322 0.0579739 0.052051 0.0465549 0.0414833 0.0368303 0.0325874 0.0287434 0.025285 0.0221979 0.0194668 0.0170758 0.0150095 0.0132531 0.0117927 0.0106159 0.00971212 0.00907286 0.00869185 
0.00950909 0.00964866 0.0100687 0.0107734 0.0117694 0.013066 0.0146744 0.016608 0.0188816 0.0215111 0.024513 0.0279039 0.0317001 0.0359168 0.0405677 0.0456642 0.0512151 0.057226 0.0636984 0.0706299 0.0780133 0.0858364 0.0940821 0.102728 0.111745 0.1211 0.130756 0.140668 0.150787 0.161063 0.171438 0.181854 0.192248 0.202558 0.212718 0.222662 0.232327 0.241648 0.250562 0.259009 0.266931 0.274273 0.280986 0.287023 0.292342 0.296907 0.300685 0.303651 0.305784 0.30707 0.3075 0.30707 0.305784 0.303651 0.300685 0.296907 0.292342 0.287023 0.280986 0.274273 0.266931 0.259009 0.250562 0.241648 0.232327 0.222662 0.212718 0.202558 0.192248 0.181854 0.171438 0.161063 0.150787 0.140668 0.130756 0.1211 0.111745 0.102728 0.0940821 0.0858364 0.0780133 0.0706299 0.0636984 0.057226 0.0512151 0.0456642 0.0405677 0.0359168 0.0317001 0.0279039 0.024513 0.0215111 0.0188816 0.016608 0.0146744 0.013066 0.0117694 0.0107734 0.0100687 0.00964866 
0.0105151 0.0106684 0.0111297 0.0119035 0.012997 0.01442 0.0161846 0.0183051 0.0207971 0.0236778 0.0269645 0.0306748 0.034826 0.0394338 0.0445124 0.0500735 0.0561259 0.0626746 0.0697206 0.0772603 0.085285 0.0937806 0.102728 0.1121 0.121868 0.131993 0.142435 0.153144 0.164069 0.175152 0.186334 0.19755 0.208734 0.219818 0.230732 0.241408 0.251776 0.261767 0.271316 0.280359 0.288835 0.296687 0.303861 0.310311 0.315991 0.320863 0.324895 0.32806 0.330336 0.331707 0.332166 0.331707 0.330336 0.32806 0.324895 0.320863 0.315991 0.310311 0.303861 0.296687 0.288835 0.280359 0.271316 0.261767 0.251776 0.241408 0.230732 0.219818 0.208734 0.19755 0.186334 0.175152 0.164069 0.153144 0.142435 0.131993 0.121868 0.1121 0.102728 0.0937806 0.085285 0.0772603 0.0697206 0.0626746 0.0561259 0.0500735 0.0445124 0.0394338 0.034826 0.0306748 0.0269645 0.0236778 0.0207971 0.0183051 0.0161846 0.01442 0.012997 0.0119035 0.0111297 0.0106684 
0.0115818 0.0117495 0.0122542 0.0131006 0.0142965 0.0158522 0.0177807 0.0200972 0.0228183 0.0259621 0.0295469 0.0335914 0.0381134 0.0431295 0.0486542 0.0546993 0.0612735 0.0683814 0.076023 0.0841934 0.0928823 0.102073 0.111745 0.121868 0.132409 0.143326 0.154574 0.166101 0.177851 0.18976 0.201766 0.213798 0.225786 0.237657 0.249338 0.260754 0.271833 0.282502 0.292692 0.302335 0.311369 0.319732 0.327371 0.334233 0.340275 0.345456 0.349743 0.353106 0.355524 0.356981 0.357468 0.356981 0.355524 0.353106 0.349743 0.345456 0.340275 0.334233 0.327371 0.319732 0.311369 0.302335 0.292692 0.282502 0.271833 0.260754 0.249338 0.237657 0.225786 0.213798 0.201766 0.18976 0.177851 0.166101 0.154574 0.143326 0.132409 0.121868 0.111745 0.102073 0.0928823 0.0841934 0.076023 0.0683814 0.0612735 0.0546993 0.0486542 0.0431295 0.0381134 0.0335914 0.0295469 0.0259621 0.0228183 0.0200972 0.0177807 0.0158522 0.0142965 0.0131006 0.0122542 0.0117495 
0.0127067 0.0128895 0.0134395 0.0143619 0.0156646 0.017359 0.0194587 0.0219797 0.0249397 0.0283576 0.032253 0.0366451 0.0415526 0.0469926 0.05298 0.0595268 0.0666412 0.0743272 0.0825839 0.0914049 0.100778 0.110685 0.1211 0.131993 0.143326 0.155054 0.167127 0.179488 0.192077 0.204827 0.217669 0.230528 0.24333 0.255997 0.268451 0.280613 0.292407 0.303756 0.314589 0.324834 0.334425 0.343299 0.3514 0.358675 0.365077 0.370565 0.375104 0.378664 0.381223 0.382765 0.38328 0.382765 0.381223 0.378664 0.375104 0.370565 0.365077 0.358675 0.3514 0.343299 0.334425 0.324834 0.314589 0.303756 0.292407 0.280613 0.268451 0.255997 0.24333 0.230528 0.217669 0.204827 0.192077 0.179488 0.167127 0.155054 0.143326 0.131993 0.1211 0.110685 0.100778 0.0914049 0.0825839 0.0743272 0.0666412 0.0595268 0.05298 0.0469926 0.0415526 0.0366451 0.032253 0.0283576 0.0249397 0.0219797 0.0194587 0.017359 0.0156646 0.0143619 0.0134395 0.0128895 
0.0138865 0.014085 0.0146822 0.0156835 0.0170974 0.0189359 0.0212133 0.0239466 0.0271544 0.0308565 0.0350734 0.0398252 0.0451313 0.0510093 0.0574742 0.0645381 0.0722087 0.0804893 0.0893778 0.0988663 0.108941 0.11958 0.130756 0.142435 0.154574 0.167127 0.180037 0.193245 0.206685 0.220285 0.23397 0.247664 0.261284 0.27475 0.287979 0.300889 0.313397 0.325426 0.336899 0.347742 0.357887 0.367269 0.375828 0.383511 0.390269 0.39606 0.400848 0.404602 0.407301 0.408926 0.409469 0.408926 0.407301 0.404602 0.400848 0.39606 0.390269 0.383511 0.375828 0.367269 0.357887 0.347742 0.336899 0.325426 0.313397 0.300889 0.287979 0.27475 0.261284 0.247664 0.23397 0.220285 0.206685 0.193245 0.180037 0.167127 0.154574 0.142435 0.130756 0.11958 0.108941 0.0988663 0.0893778 0.0804893 0.0722087 0.0645381 0.0574742 0.0510093 0.0451313 0.0398252 0.0350734 0.0308565 0.0271544 0.0239466 0.0212133 0.0189359 0.0170974 0.0156835 0.0146822 0.014085 
0.0151172 0.0153319 0.0159779 0.0170608 0.0185897 0.020577 0.023038 0.0259904 0.0294538 0.033449 0.0379971 0.0431192 0.0488352 0.0551631 0.0621182 0.0697122 0.0779525 0.0868413 0.0963754 0.106545 0.117334 0.128718 0.140668 0.153144 0.166101 0.179488 0.193245 0.207307 0.221603 0.236057 0.250591 0.26512 0.27956 0.293824 0.307826 0.321479 0.334698 0.3474 0.359507 0.370942 0.381634 0.391516 0.400526 0.40861 0.415718 0.421806 0.426837 0.430782 0.433617 0.435325 0.435895 0.435325 0.433617 0.430782 0.426837 0.421806 0.415718 0.40861 0.400526 0.391516 0.381634 0.370942 0.359507 0.3474 0.334698 0.321479 0.307826 0.293824 0.27956 0.26512 0.250591 0.236057 0.221603 0.207307 0.193245 0.179488 0.166101 0.153144 0.140668 0.128718 0.117334 0.106545 0.0963754 0.0868413 0.0779525 0.0697122 0.0621182 0.0551631 0.0488352 0.0431192 0.0379971 0.033449 0.0294538 0.0259904 0.023038 0.020577 0.0185897 0.0170608 0.0159779 0.0153319 
0.0163937 0.0166251 0.0173213 0.0184881 0.0201351 0.0222754 0.024925 0.0281025 0.0318281 0.0361237 0.0410112 0.0465124 0.0526477 0.0594353 0.0668908 0.0750254 0.0838459 0.0933536 0.103544 0.114405 0.125918 0.138057 0.150787 0.164069 0.177851 0.192077 0.206685 0.221603 0.236757 0.252066 0.267445 0.282806 0.298061 0.313118 0.327886 0.342274 0.356195 0.369562 0.382292 0.394309 0.405537 0.415908 0.42536 0.433835 0.441283 0.447661 0.45293 0.45706 0.460027 0.461815 0.462411 0.461815 0.460027 0.45706 0.45293 0.447661 0.441283 0.433835 0.42536 0.415908 0.405537 0.394309 0.382292 0.369562 0.356195 0.342274 0.327886 0.313118 0.298061 0.282806 0.267445 0.252066 0.236757 0.221603 0.206685 0.192077 0.177851 0.164069 0.150787 0.138057 0.125918 0.114405 0.103544 0.0933536 0.0838459 0.0750254 0.0668908 0.0594353 0.0526477 0.0465124 0.0410112 0.0361237 0.0318281 0.0281025 0.024925 0.0222754 0.0201351 0.0184881 0.0173213 0.0166251 
0.0177101 0.0179586 0.0187061 0.0199587 0.0217266 0.0240232 0.0268655 0.0302726 0.0342659 0.0388678 0.0441012 0.0499882 0.0565499 0.0638048 0.0717682 0.080451 0.0898593 0.0999932 0.110846 0.122405 0.134648 0.147547 0.161063 0.175152 0.18976 0.204827 0.220285 0.236057 0.252066 0.268224 0.284442 0.300629 0.316689 0.332528 0.34805 0.363162 0.377771 0.391789 0.405129 0.417713 0.429463 0.440311 0.450191 0.459046 0.466824 0.473482 0.478981 0.48329 0.486385 0.488249 0.488871 0.488249 0.486385 0.48329 0.478981 0.473482 0.466824 0.459046 0.450191 0.440311 0.429463 0.417713 0.405129 0.391789 0.377771 0.363162 0.34805 0.332528 0.316689 0.300629 0.284442 0.268224 0.252066 0.236057 0.220285 0.204827 0.18976 0.175152 0.161063 0.147547 0.134648 0.122405 0.110846 0.0999932 0.0898593 0.080451 0.0717682 0.0638048 0.0565499 0.0499882 0.0441012 0.0388678 0.0342659 0.0302726 0.0268655 0.0240232 0.0217266 0.0199587 0.0187061 0.0179586 
0.0190597 0.0193255 0.0201252 0.0214651 0.0233558 0.0258113 0.0288492 0.0324896 0.0367544 0.0416669 0.0472505 0.0535283 0.0605213 0.0682483 0.0767243 0.08596 0.0959604 0.106724 0.118244 0.130503 0.143478 0.157136 0.171438 0.186334 0.201766 0.217669 0.23397 0.250591 0.267445 0.284442 0.301489 0.318488 0.33534 0.351946 0.368207 0.384026 0.399306 0.413957 0.427891 0.441024 0.45328 0.464588 0.474881 0.484102 0.492198 0.499124 0.504843 0.509324 0.512541 0.514478 0.515125 0.514478 0.512541 0.509324 0.504843 0.499124 0.492198 0.484102 0.474881 0.464588 0.45328 0.441024 0.427891 0.413957 0.399306 0.384026 0.368207 0.351946 0.33534 0.318488 0.301489 0.284442 0.267445 0.250591 0.23397 0.217669 0.201766 0.186334 0.171438 0.157136 0.143478 0.130503 0.118244 0.106724 0.0959604 0.08596 0.0767243 0.0682483 0.0605213 0.0535283 0.0472505 0.0416669 0.0367544 0.0324896 0.0288492 0.0258113 0.0233558 0.0214651 0.0201252 0.0193255 
0.0204348 0.0207182 0.0215706 0.0229988 0.0250135 0.0276296 0.0308651 0.0347408 0.0392795 0.044505 0.0504415 0.0571124 0.0645391 0.0727404 0.0817311 0.0915211 0.102114 0.113509 0.125694 0.138652 0.152356 0.166772 0.181854 0.19755 0.213798 0.230528 0.247664 0.26512 0.282806 0.300629 0.318488 0.336282 0.353908 0.371262 0.388242 0.404747 0.420678 0.435941 0.450447 0.46411 0.476853 0.488601 0.49929 0.508861 0.51726 0.524443 0.530372 0.535015 0.538349 0.540356 0.541026 0.540356 0.538349 0.535015 0.530372 0.524443 0.51726 0.508861 0.49929 0.488601 0.476853 0.46411 0.450447 0.435941 0.420678 0.404747 0.388242 0.371262 0.353908 0.336282 0.318488 0.300629 0.282806 0.26512 0.247664 0.230528 0.213798 0.19755 0.181854 0.166772 0.152356 0.138652 0.125694 0.113509 0.102114 0.0915211 0.0817311 0.0727404 0.0645391 0.0571124 0.0504415 0.044505 0.0392795 0.0347408 0.0308651 0.0276296 0.0250135 0.0229988 0.0215706 0.0207182 
0.0218272 0.0221283 0.0230337 0.0245505 0.0266899 0.0294671 0.0329009 0.0370127 0.0418259 0.0473651 0.0536549 0.0607191 0.0685793 0.0772542 0.0867583 0.0971008 0.108285 0.120306 0.133152 0.146804 0.161231 0.176395 0.192248 0.208734 0.225786 0.24333 0.261284 0.27956 0.298061 0.316689 0.33534 0.353908 0.372285 0.390364 0.40804 0.425207 0.441764 0.457616 0.47267 0.486841 0.500047 0.512217 0.523282 0.533184 0.541871 0.549297 0.555424 0.560221 0.563665 0.565738 0.56643 0.565738 0.563665 0.560221 0.555424 0.549297 0.541871 0.533184 0.523282 0.512217 0.500047 0.486841 0.47267 0.457616 0.441764 0.425207 0.40804 0.390364 0.372285 0.353908 0.33534 0.316689 0.298061 0.27956 0.261284 0.24333 0.225786 0.208734 0.192248 0.176395 0.161231 0.146804 0.133152 0.120306 0.108285 0.0971008 0.0867583 0.0772542 0.0685793 0.0607191 0.0536549 0.0473651 0.0418259 0.0370127 0.0329009 0.0294671 0.0266899 0.0245505 0.0230337 0.0221283 
0.0232279 0.0235465 0.0245049 0.0261102 0.028374 0.031312 0.0349435 0.0392907 0.0443774 0.0502289 0.0568702 0.0643253 0.0726162 0.0817613 0.0917745 0.102664 0.114432 0.127073 0.140572 0.154908 0.170046 0.185947 0.202558 0.219818 0.237657 0.255997 0.27475 0.293824 0.313118 0.332528 0.351946 0.371262 0.390364 0.409142 0.427485 0.445287 0.462445 0.478858 0.494435 0.509087 0.522734 0.535301 0.546722 0.556937 0.565894 0.573548 0.579861 0.584803 0.588349 0.590484 0.591196 0.590484 0.588349 0.584803 0.579861 0.573548 0.565894 0.556937 0.546722 0.535301 0.522734 0.509087 0.494435 0.478858 0.462445 0.445287 0.427485 0.409142 0.390364 0.371262 0.351946 0.332528 0.313118 0.293824 0.27475 0.255997 0.237657 0.219818 0.202558 0.185947 0.170046 0.154908 0.140572 0.127073 0.114432 0.102664 0.0917745 0.0817613 0.0726162 0.0643253 0.0568702 0.0502289 0.0443774 0.0392907 0.0349435 0.031312 0.028374 0.0261102 0.0245049 0.0235465 
0.0246271 0.0249633 0.0259742 0.0276672 0.0300543 0.0331517 0.0369792 0.0415594 0.0469168 0.0530772 0.0600659 0.0679073 0.0766233 0.0862319 0.0967466 0.108175 0.120518 0.133767 0.147907 0.162912 0.178747 0.195367 0.212718 0.230732 0.249338 0.268451 0.287979 0.307826 0.327886 0.34805 0.368207 0.388242 0.40804 0.427485 0.446467 0.464873 0.4826 0.499547 0.515618 0.530724 0.544786 0.557727 0.569481 0.579989 0.589198 0.597065 0.603551 0.608626 0.612268 0.61446 0.615192 0.61446 0.612268 0.608626 0.603551 0.597065 0.589198 0.579989 0.569481 0.557727 0.544786 0.530724 0.515618 0.499547 0.4826 0.464873 0.446467 0.427485 0.40804 0.388242 0.368207 0.34805 0.327886 0.307826 0.287979 0.268451 0.249338 0.230732 0.212718 0.195367 0.178747 0.162912 0.147907 0.133767 0.120518 0.108175 0.0967466 0.0862319 0.0766233 0.0679073 0.0600659 0.0530772 0.0469168 0.0415594 0.0369792 0.0331517 0.0300543 0.0276672 0.0259742 0.0249633 
0.0260149 0.0263683 0.0274309 0.0292103 0.0317189 0.0349731 0.0389934 0.0438028 0.0494263 0.0558901 0.06322 0.0714403 0.0805728 0.0906355 0.101641 0.113596 0.1265 0.140343 0.155107 0.170764 0.187276 0.204596 0.222662 0.241408 0.260754 0.280613 0.300889 0.321479 0.342274 0.363162 0.384026 0.404747 0.425207 0.445287 0.464873 0.483853 0.502117 0.519565 0.5361 0.551633 0.566082 0.579372 0.591436 0.602215 0.611659 0.619722 0.626368 0.631567 0.635297 0.637541 0.638291 0.637541 0.635297 0.631567 0.626368 0.619722 0.611659 0.602215 0.591436 0.579372 0.566082 0.551633 0.5361 0.519565 0.502117 0.483853 0.464873 0.445287 0.425207 0.404747 0.384026 0.363162 0.342274 0.321479 0.300889 0.280613 0.260754 0.241408 0.222662 0.204596 0.187276 0.170764 0.155107 0.140343 0.1265 0.113596 0.101641 0.0906355 0.0805728 0.0714403 0.06322 0.0558901 0.0494263 0.0438028 0.0389934 0.0349731 0.0317189 0.0292103 0.0274309 0.0263683 
0.0273807 0.0277509 0.028864 0.0307279 0.0333552 0.0367627 0.0409713 0.0460044 0.0518876 0.0586473 0.0663096 0.0748989 0.0844369 0.0949411 0.106424 0.11889 0.132337 0.146755 0.162124 0.178411 0.195577 0.21357 0.232327 0.251776 0.271833 0.292407 0.313397 0.334698 0.356195 0.377771 0.399306 0.420678 0.441764 0.462445 0.4826 0.502117 0.520886 0.538803 0.555771 0.5717 0.586508 0.600121 0.612471 0.623501 0.633159 0.641403 0.648195 0.653508 0.657318 0.65961 0.660375 0.65961 0.657318 0.653508 0.648195 0.641403 0.633159 0.623501 0.612471 0.600121 0.586508 0.5717 0.555771 0.538803 0.520886 0.502117 0.4826 0.462445 0.441764 0.420678 0.399306 0.377771 0.356195 0.334698 0.313397 0.292407 0.271833 0.251776 0.232327 0.21357 0.195577 0.178411 0.162124 0.146755 0.132337 0.11889 0.106424 0.0949411 0.0844369 0.0748989 0.0663096 0.0586473 0.0518876 0.0460044 0.0409713 0.0367627 0.0333552 0.0307279 0.028864 0.0277509 
0.0287137 0.0291002 0.0302624 0.0322083 0.0349506 0.0385067 0.0428977 0.0481475 0.0542821 0.0613281 0.0693119 0.0782578 0.0881873 0.0991175 0.11106 0.124018 0.137989 0.15296 0.168909 0.185801 0.203594 0.222231 0.241648 0.261767 0.282502 0.303756 0.325426 0.3474 0.369562 0.391789 0.413957 0.435941 0.457616 0.478858 0.499547 0.519565 0.538803 0.557155 0.574524 0.590819 0.605958 0.619867 0.632479 0.643738 0.653592 0.662 0.668925 0.67434 0.678223 0.680559 0.681339 0.680559 0.678223 0.67434 0.668925 0.662 0.653592 0.643738 0.632479 0.619867 0.605958 0.590819 0.574524 0.557155 0.538803 0.519565 0.499547 0.478858 0.457616 0.435941 0.413957 0.391789 0.369562 0.3474 0.325426 0.303756 0.282502 0.261767 0.241648 0.222231 0.203594 0.185801 0.168909 0.15296 0.137989 0.124018 0.11106 0.0991175 0.0881873 0.0782578 0.0693119 0.0613281 0.0542821 0.0481475 0.0428977 0.0385067 0.0349506 0.0322083 0.0302624 0.0291002 
0.0300031 0.0304053 0.0316147 0.0336393 0.0364922 0.0401911 0.0447574 0.0502153 0.0565912 0.0639119 0.0722038 0.0814914 0.0917959 0.103134 0.115515 0.128944 0.143415 0.158913 0.175414 0.192882 0.21127 0.23052 0.250562 0.271316 0.292692 0.314589 0.336899 0.359507 0.382292 0.405129 0.427891 0.450447 0.47267 0.494435 0.515618 0.5361 0.555771 0.574524 0.59226 0.60889 0.624332 0.63851 0.651361 0.662827 0.672859 0.681414 0.688459 0.693966 0.697915 0.70029 0.701082 0.70029 0.697915 0.693966 0.688459 0.681414 0.672859 0.662827 0.651361 0.63851 0.624332 0.60889 0.59226 0.574524 0.555771 0.5361 0.515618 0.494435 0.47267 0.450447 0.427891 0.405129 0.382292 0.359507 0.336899 0.314589 0.292692 0.271316 0.250562 0.23052 0.21127 0.192882 0.175414 0.158913 0.143415 0.128944 0.115515 0.103134 0.0917959 0.0814914 0.0722038 0.0639119 0.0565912 0.0502153 0.0447574 0.0401911 0.0364922 0.0336393 0.0316147 0.0304053 
0.0312381 0.0316552 0.0329095 0.0350091 0.0379674 0.0418022 0.0465352 0.0521911 0.0587964 0.0663782 0.0749628 0.0845748 0.0952349 0.106959 0.119757 0.133631 0.148575 0.164571 0.181594 0.199604 0.218553 0.238379 0.259009 0.280359 0.302335 0.324834 0.347742 0.370942 0.394309 0.417713 0.441024 0.46411 0.486841 0.509087 0.530724 0.551633 0.5717 0.590819 0.60889 0.625824 0.64154 0.655962 0.669028 0.68068 0.69087 0.699558 0.706709 0.712299 0.716305 0.718714 0.719519 0.718714 0.716305 0.712299 0.706709 0.699558 0.69087 0.68068 0.669028 0.655962 0.64154 0.625824 0.60889 0.590819 0.5717 0.551633 0.530724 0.509087 0.486841 0.46411 0.441024 0.417713 0.394309 0.370942 0.347742 0.324834 0.302335 0.280359 0.259009 0.238379 0.218553 0.199604 0.181594 0.164571 0.148575 0.133631 0.119757 0.106959 0.0952349 0.0845748 0.0749628 0.0663782 0.0587964 0.0521911 0.0465352 0.0418022 0.0379674 0.0350091 0.0329095 0.0316552 
0.0324079 0.0328391 0.0341358 0.0363061 0.0393635 0.0433263 0.0482164 0.0540586 0.0608797 0.068707 0.0775669 0.0874835 0.0984776 0.110564 0.123753 0.138044 0.15343 0.169892 0.187402 0.20592 0.225391 0.245754 0.266931 0.288835 0.311369 0.334425 0.357887 0.381634 0.405537 0.429463 0.45328 0.476853 0.500047 0.522734 0.544786 0.566082 0.586508 0.605958 0.624332 0.64154 0.6575 0.672141 0.685398 0.697215 0.707546 0.716351 0.723597 0.729259 0.733316 0.735756 0.73657 0.735756 0.733316 0.729259 0.723597 0.716351 0.707546 0.697215 0.685398 0.672141 0.6575 0.64154 0.624332 0.605958 0.586508 0.566082 0.544786 0.522734 0.500047 0.476853 0.45328 0.429463 0.405537 0.381634 0.357887 0.334425 0.311369 0.288835 0.266931 0.245754 0.225391 0.20592 0.187402 0.169892 0.15343 0.138044 0.123753 0.110564 0.0984776 0.0874835 0.0775669 0.068707 0.0608797 0.0540586 0.0482164 0.0433263 0.0393635 0.0363061 0.0341358 0.0328391 
