0.00188872 0.00191198 0.00198198 0.00209929 0.00226489 0.00248009 0.00274655 0.0030662 0.00344123 0.003874 0.00436704 0.00492291 0.00554417 0.00623333 0.0069927 0.00782437 0.0087301 0.00971123 0.0107686 0.0119025 0.0131126 0.0143978 0.0157563 0.0171853 0.0186813 0.0202399 0.0218558 0.0235226 0.0252332 0.0269796 0.0287529 0.0305435 0.0323412 0.034135 0.0359135 0.037665 0.0393774 0.0410386 0.0426364 0.0441588 0.0455941 0.046931 0.0481588 0.0492676 0.0502483 0.0510926 0.0517934 0.0523448 0.0527421 0.0529818 0.053062 0.0529818 0.0527421 0.0523448 0.0517934 0.0510926 0.0502483 0.0492676 0.0481588 0.046931 0.0455941 0.0441588 0.0426364 0.0410386 0.0393774 0.037665 0.0359135 0.034135 0.0323412 0.0305435 0.0287529 0.0269796 0.0252332 0.0235226 0.0218558 0.0202399 0.0186813 0.0171853 0.0157563 0.0143978 0.0131126 0.0119025 0.0107686 0.00971123 0.0087301 0.00782437 0.0069927 0.00623333 0.00554417 0.00492291 0.00436704 0.003874 0.00344123 0.0030662 0.00274655 0.00248009 0.00226489 0.00209929 0.00198198 0.00191198 
0.00191198 0.00193551 0.0020063 0.00212493 0.00229239 0.00251 0.00277943 0.00310263 0.0034818 0.00391933 0.00441776 0.00497967 0.00560764 0.00630418 0.00707164 0.0079121 0.00882732 0.00981867 0.010887 0.0120325 0.0132549 0.0145531 0.0159252 0.0173684 0.0188792 0.020453 0.0220845 0.0237674 0.0254943 0.0272573 0.0290473 0.0308547 0.0326691 0.0344795 0.0362743 0.0380418 0.0397698 0.0414459 0.0430581 0.044594 0.0460421 0.0473908 0.0486295 0.0497481 0.0507373 0.051589 0.0522959 0.0528521 0.0532529 0.0534947 0.0535755 0.0534947 0.0532529 0.0528521 0.0522959 0.051589 0.0507373 0.0497481 0.0486295 0.0473908 0.0460421 0.044594 0.0430581 0.0414459 0.0397698 0.0380418 0.0362743 0.0344795 0.0326691 0.0308547 0.0290473 0.0272573 0.0254943 0.0237674 0.0220845 0.020453 0.0188792 0.0173684 0.0159252 0.0145531 0.0132549 0.0120325 0.010887 0.00981867 0.00882732 0.0079121 0.00707164 0.00630418 0.00560764 0.00497967 0.00441776 0.00391933 0.0034818 0.00310263 0.00277943 0.00251 0.00229239 0.00212493 0.0020063 0.00193551 
0.00198198 0.0020063 0.00207945 0.00220206 0.0023751 0.00259995 0.00287831 0.00321218 0.00360381 0.00405565 0.00457027 0.00515033 0.00579846 0.0065172 0.00730895 0.00817581 0.00911959 0.0101416 0.0112427 0.0124232 0.0136826 0.0150197 0.0164326 0.0179185 0.0194735 0.0210932 0.0227718 0.0245029 0.0262789 0.0280917 0.0299319 0.0317896 0.0336541 0.0355142 0.0373581 0.0391735 0.040948 0.0426692 0.0443243 0.0459011 0.0473874 0.0487717 0.0500428 0.0511906 0.0522056 0.0530794 0.0538047 0.0543753 0.0547864 0.0550345 0.0551174 0.0550345 0.0547864 0.0543753 0.0538047 0.0530794 0.0522056 0.0511906 0.0500428 0.0487717 0.0473874 0.0459011 0.0443243 0.0426692 0.040948 0.0391735 0.0373581 0.0355142 0.0336541 0.0317896 0.0299319 0.0280917 0.0262789 0.0245029 0.0227718 0.0210932 0.0194735 0.0179185 0.0164326 0.0150197 0.0136826 0.0124232 0.0112427 0.0101416 0.00911959 0.00817581 0.00730895 0.0065172 0.00579846 0.00515033 0.00457027 0.00405565 0.00360381 0.00321218 0.00287831 0.00259995 0.0023751 0.00220206 0.00207945 0.0020063 
0.00209929 0.00212493 0.00220206 0.0023313 0.00251369 0.00275066 0.00304397 0.00339569 0.00380817 0.00428392 0.00482564 0.00543605 0.00611787 0.00687374 0.0077061 0.00861711 0.0096086 0.0106819 0.0118379 0.0130767 0.0143978 0.0158 0.0172812 0.0188382 0.0204672 0.0221633 0.0239205 0.025732 0.0275901 0.0294858 0.0314098 0.0333514 0.0352996 0.0372427 0.0391682 0.0410636 0.0429158 0.0447119 0.0464388 0.0480836 0.0496337 0.0510771 0.0524024 0.0535989 0.0546569 0.0555675 0.0563234 0.056918 0.0573463 0.0576048 0.0576912 0.0576048 0.0573463 0.056918 0.0563234 0.0555675 0.0546569 0.0535989 0.0524024 0.0510771 0.0496337 0.0480836 0.0464388 0.0447119 0.0429158 0.0410636 0.0391682 0.0372427 0.0352996 0.0333514 0.0314098 0.0294858 0.0275901 0.025732 0.0239205 0.0221633 0.0204672 0.0188382 0.0172812 0.0158 0.0143978 0.0130767 0.0118379 0.0106819 0.0096086 0.00861711 0.0077061 0.00687374 0.00611787 0.00543605 0.00482564 0.00428392 0.00380817 0.00339569 0.00304397 0.00275066 0.00251369 0.0023313 0.00220206 0.00212493 
0.00226489 0.00229239 0.0023751 0.00251369 0.00270926 0.00296329 0.00327764 0.0036545 0.00409631 0.00460574 0.00518558 0.0058387 0.00656794 0.00737603 0.0082655 0.00923859 0.0102972 0.0114426 0.0126756 0.0139964 0.0154043 0.0168979 0.0184748 0.0201318 0.0218646 0.0236679 0.0255354 0.0274599 0.0294329 0.0314451 0.0334864 0.0355457 0.0376112 0.0396704 0.0417105 0.0437178 0.045679 0.04758 0.0494073 0.0511473 0.0527867 0.054313 0.055714 0.0569787 0.0580968 0.0590591 0.0598576 0.0604858 0.0609383 0.0612113 0.0613026 0.0612113 0.0609383 0.0604858 0.0598576 0.0590591 0.0580968 0.0569787 0.055714 0.054313 0.0527867 0.0511473 0.0494073 0.04758 0.045679 0.0437178 0.0417105 0.0396704 0.0376112 0.0355457 0.0334864 0.0314451 0.0294329 0.0274599 0.0255354 0.0236679 0.0218646 0.0201318 0.0184748 0.0168979 0.0154043 0.0139964 0.0126756 0.0114426 0.0102972 0.00923859 0.0082655 0.00737603 0.00656794 0.0058387 0.00518558 0.00460574 0.00409631 0.0036545 0.00327764 0.00296329 0.00270926 0.00251369 0.0023751 0.00229239 
0.00248009 0.00251 0.00259995 0.00275066 0.00296329 0.00323942 0.00358103 0.00399044 0.00447024 0.00502326 0.00565246 0.00636086 0.00715144 0.00802708 0.00899041 0.0100438 0.011189 0.0124276 0.0137602 0.0151869 0.0167068 0.0183184 0.020019 0.021805 0.0236717 0.0256133 0.0276231 0.029693 0.0318142 0.0339764 0.0361689 0.0383797 0.0405962 0.0428051 0.0449924 0.0471439 0.049245 0.0512811 0.0532375 0.0550999 0.0568541 0.0584869 0.0599853 0.0613376 0.0625329 0.0635615 0.0644149 0.0650862 0.0655697 0.0658614 0.065959 0.0658614 0.0655697 0.0650862 0.0644149 0.0635615 0.0625329 0.0613376 0.0599853 0.0584869 0.0568541 0.0550999 0.0532375 0.0512811 0.049245 0.0471439 0.0449924 0.0428051 0.0405962 0.0383797 0.0361689 0.0339764 0.0318142 0.029693 0.0276231 0.0256133 0.0236717 0.021805 0.020019 0.0183184 0.0167068 0.0151869 0.0137602 0.0124276 0.011189 0.0100438 0.00899041 0.00802708 0.00715144 0.00636086 0.00565246 0.00502326 0.00447024 0.00399044 0.00358103 0.00323942 0.00296329 0.00275066 0.00259995 0.00251 
0.00274655 0.00277943 0.00287831 0.00304397 0.00327764 0.00358103 0.00395625 0.00440579 0.00493243 0.00553918 0.00622919 0.00700568 0.00787182 0.00883062 0.00988488 0.011037 0.0122889 0.0136421 0.0150971 0.0166539 0.0183115 0.020068 0.0219204 0.0238647 0.0258957 0.0280071 0.0301912 0.0324396 0.0347422 0.0370883 0.039466 0.0418623 0.0442636 0.0466555 0.0490231 0.0513509 0.0536232 0.0558243 0.0579386 0.0599505 0.061845 0.0636078 0.0652251 0.0666844 0.0679739 0.0690835 0.0700039 0.0707278 0.0712492 0.0715638 0.0716689 0.0715638 0.0712492 0.0707278 0.0700039 0.0690835 0.0679739 0.0666844 0.0652251 0.0636078 0.061845 0.0599505 0.0579386 0.0558243 0.0536232 0.0513509 0.0490231 0.0466555 0.0442636 0.0418623 0.039466 0.0370883 0.0347422 0.0324396 0.0301912 0.0280071 0.0258957 0.0238647 0.0219204 0.020068 0.0183115 0.0166539 0.0150971 0.0136421 0.0122889 0.011037 0.00988488 0.00883062 0.00787182 0.00700568 0.00622919 0.00553918 0.00493243 0.00440579 0.00395625 0.00358103 0.00327764 0.00304397 0.00287831 0.00277943 
0.0030662 0.00310263 0.00321218 0.00339569 0.0036545 0.00399044 0.00440579 0.00490324 0.00548578 0.00615663 0.00691919 0.00777688 0.00873308 0.00979101 0.0109536 0.0122233 0.0136023 0.0150918 0.0166924 0.018404 0.0202252 0.0221539 0.0241867 0.026319 0.028545 0.0308577 0.0332487 0.0357086 0.0382264 0.0407903 0.0433873 0.0460033 0.0486233 0.0512318 0.0538125 0.0563487 0.0588234 0.0612196 0.0635203 0.0657089 0.067769 0.0696853 0.071443 0.0730285 0.0744293 0.0756343 0.0766339 0.0774198 0.0779858 0.0783273 0.0784415 0.0783273 0.0779858 0.0774198 0.0766339 0.0756343 0.0744293 0.0730285 0.071443 0.0696853 0.067769 0.0657089 0.0635203 0.0612196 0.0588234 0.0563487 0.0538125 0.0512318 0.0486233 0.0460033 0.0433873 0.0407903 0.0382264 0.0357086 0.0332487 0.0308577 0.028545 0.026319 0.0241867 0.0221539 0.0202252 0.018404 0.0166924 0.0150918 0.0136023 0.0122233 0.0109536 0.00979101 0.00873308 0.00777688 0.00691919 0.00615663 0.00548578 0.00490324 0.00440579 0.00399044 0.0036545 0.00339569 0.00321218 0.00310263 
0.00344123 0.0034818 0.00360381 0.00380817 0.00409631 0.00447024 0.00493243 0.00548578 0.00613351 0.00687912 0.00772624 0.00867856 0.00973969 0.010913 0.0122017 0.0136084 0.015135 0.016783 0.0185529 0.0204443 0.0224556 0.0245842 0.0268262 0.0291765 0.0316286 0.0341746 0.0368052 0.0395099 0.0422767 0.0450926 0.0479431 0.0508129 0.0536857 0.0565443 0.0593711 0.0621479 0.0648561 0.0674772 0.0699928 0.072385 0.074636 0.0767291 0.0786485 0.0803794 0.0819083 0.0832232 0.0843137 0.0851711 0.0857885 0.0861609 0.0862854 0.0861609 0.0857885 0.0851711 0.0843137 0.0832232 0.0819083 0.0803794 0.0786485 0.0767291 0.074636 0.072385 0.0699928 0.0674772 0.0648561 0.0621479 0.0593711 0.0565443 0.0536857 0.0508129 0.0479431 0.0450926 0.0422767 0.0395099 0.0368052 0.0341746 0.0316286 0.0291765 0.0268262 0.0245842 0.0224556 0.0204443 0.0185529 0.016783 0.015135 0.0136084 0.0122017 0.010913 0.00973969 0.00867856 0.00772624 0.00687912 0.00613351 0.00548578 0.00493243 0.00447024 0.00409631 0.00380817 0.00360381 0.0034818 
0.003874 0.00391933 0.00405565 0.00428392 0.00460574 0.00502326 0.00553918 0.00615663 0.00687912 0.00771041 0.00865442 0.00971513 0.0108964 0.0122019 0.0136348 0.015198 0.0168934 0.0187226 0.0206858 0.0227823 0.0250104 0.0273669 0.0298475 0.0324462 0.0351556 0.0379671 0.0408703 0.0438534 0.0469032 0.0500052 0.0531436 0.0563015 0.059461 0.0626033 0.065709 0.0687583 0.0717309 0.0746067 0.0773656 0.0799881 0.082455 0.0847481 0.0868502 0.0887454 0.090419 0.091858 0.0930513 0.0939894 0.0946648 0.0950722 0.0952084 0.0950722 0.0946648 0.0939894 0.0930513 0.091858 0.090419 0.0887454 0.0868502 0.0847481 0.082455 0.0799881 0.0773656 0.0746067 0.0717309 0.0687583 0.065709 0.0626033 0.059461 0.0563015 0.0531436 0.0500052 0.0469032 0.0438534 0.0408703 0.0379671 0.0351556 0.0324462 0.0298475 0.0273669 0.0250104 0.0227823 0.0206858 0.0187226 0.0168934 0.015198 0.0136348 0.0122019 0.0108964 0.00971513 0.00865442 0.00771041 0.00687912 0.00615663 0.00553918 0.00502326 0.00460574 0.00428392 0.00405565 0.00391933 
0.00436704 0.00441776 0.00457027 0.00482564 0.00518558 0.00565246 0.00622919 0.00691919 0.00772624 0.00865442 0.00970798 0.0108912 0.0122081 0.0136628 0.0152585 0.0169982 0.0188841 0.0209173 0.0230982 0.0254257 0.0278977 0.0305106 0.0332592 0.0361369 0.0391353 0.0422447 0.0454536 0.0487487 0.0521156 0.055538 0.0589987 0.0624788 0.0659589 0.0694181 0.0728354 0.0761889 0.0794566 0.0826165 0.0856468 0.088526 0.0912334 0.0937493 0.096055 0.098133 0.0999677 0.101545 0.102853 0.10388 0.10462 0.105067 0.105216 0.105067 0.10462 0.10388 0.102853 0.101545 0.0999677 0.098133 0.096055 0.0937493 0.0912334 0.088526 0.0856468 0.0826165 0.0794566 0.0761889 0.0728354 0.0694181 0.0659589 0.0624788 0.0589987 0.055538 0.0521156 0.0487487 0.0454536 0.0422447 0.0391353 0.0361369 0.0332592 0.0305106 0.0278977 0.0254257 0.0230982 0.0209173 0.0188841 0.0169982 0.0152585 0.0136628 0.0122081 0.0108912 0.00970798 0.00865442 0.00772624 0.00691919 0.00622919 0.00565246 0.00518558 0.00482564 0.00457027 0.00441776 
0.00492291 0.00497967 0.00515033 0.00543605 0.0058387 0.00636086 0.00700568 0.00777688 0.00867856 0.00971513 0.0108912 0.0122113 0.0136798 0.015301 0.0170784 0.0190151 0.0211132 0.0233739 0.0257972 0.0283819 0.0311252 0.0340231 0.0370695 0.040257 0.0435762 0.0470161 0.0505638 0.0542047 0.0579226 0.0616996 0.0655167 0.0693531 0.0731873 0.0769966 0.0807577 0.0844469 0.08804 0.091513 0.0948422 0.0980042 0.100976 0.103737 0.106267 0.108546 0.110558 0.112287 0.113721 0.114847 0.115658 0.116147 0.11631 0.116147 0.115658 0.114847 0.113721 0.112287 0.110558 0.108546 0.106267 0.103737 0.100976 0.0980042 0.0948422 0.091513 0.08804 0.0844469 0.0807577 0.0769966 0.0731873 0.0693531 0.0655167 0.0616996 0.0579226 0.0542047 0.0505638 0.0470161 0.0435762 0.040257 0.0370695 0.0340231 0.0311252 0.0283819 0.0257972 0.0233739 0.0211132 0.0190151 0.0170784 0.015301 0.0136798 0.0122113 0.0108912 0.00971513 0.00867856 0.00777688 0.00700568 0.00636086 0.0058387 0.00543605 0.00515033 0.00497967 
0.00554417 0.00560764 0.00579846 0.00611787 0.00656794 0.00715144 0.00787182 0.00873308 0.00973969 0.0108964 0.0122081 0.0136798 0.0153162 0.0171216 0.0191 0.0212543 0.0235868 0.0260986 0.0287894 0.0316576 0.0346999 0.0379116 0.0412858 0.0448141 0.0484858 0.0522887 0.0562083 0.0602286 0.0643313 0.068497 0.0727043 0.0769306 0.0811522 0.0853441 0.089481 0.0935367 0.0974849 0.1013 0.104955 0.108425 0.111686 0.114714 0.117487 0.119985 0.12219 0.124084 0.125654 0.126888 0.127776 0.128311 0.12849 0.128311 0.127776 0.126888 0.125654 0.124084 0.12219 0.119985 0.117487 0.114714 0.111686 0.108425 0.104955 0.1013 0.0974849 0.0935367 0.089481 0.0853441 0.0811522 0.0769306 0.0727043 0.068497 0.0643313 0.0602286 0.0562083 0.0522887 0.0484858 0.0448141 0.0412858 0.0379116 0.0346999 0.0316576 0.0287894 0.0260986 0.0235868 0.0212543 0.0191 0.0171216 0.0153162 0.0136798 0.0122081 0.0108964 0.00973969 0.00873308 0.00787182 0.00715144 0.00656794 0.00611787 0.00579846 0.00560764 
0.00623333 0.00630418 0.0065172 0.00687374 0.00737603 0.00802708 0.00883062 0.00979101 0.010913 0.0122019 0.0136628 0.015301 0.0171216 0.0191293 0.021328 0.023721 0.0263103 0.029097 0.0320805 0.0352587 0.0386278 0.0421822 0.0459142 0.0498141 0.0538701 0.0580683 0.0623929 0.0668257 0.0713469 0.0759346 0.0805656 0.085215 0.0898565 0.0944632 0.0990069 0.103459 0.107792 0.111976 0.115983 0.119786 0.123358 0.126675 0.129711 0.132445 0.134857 0.13693 0.138647 0.139996 0.140968 0.141553 0.141749 0.141553 0.140968 0.139996 0.138647 0.13693 0.134857 0.132445 0.129711 0.126675 0.123358 0.119786 0.115983 0.111976 0.107792 0.103459 0.0990069 0.0944632 0.0898565 0.085215 0.0805656 0.0759346 0.0713469 0.0668257 0.0623929 0.0580683 0.0538701 0.0498141 0.0459142 0.0421822 0.0386278 0.0352587 0.0320805 0.029097 0.0263103 0.023721 0.021328 0.0191293 0.0171216 0.015301 0.0136628 0.0122019 0.010913 0.00979101 0.00883062 0.00802708 0.00737603 0.00687374 0.0065172 0.00630418 
0.0069927 0.00707164 0.00730895 0.0077061 0.0082655 0.00899041 0.00988488 0.0109536 0.0122017 0.0136348 0.0152585 0.0170784 0.0191 0.021328 0.0237668 0.0264195 0.0292882 0.0323737 0.0356751 0.0391898 0.0429135 0.0468394 0.050959 0.0552612 0.059733 0.0643587 0.0691206 0.0739989 0.0789714 0.0840142 0.0891017 0.0942065 0.0992999 0.104352 0.109333 0.114212 0.118957 0.123537 0.127922 0.132081 0.135987 0.139612 0.142929 0.145916 0.148551 0.150814 0.152688 0.154161 0.155221 0.15586 0.156074 0.15586 0.155221 0.154161 0.152688 0.150814 0.148551 0.145916 0.142929 0.139612 0.135987 0.132081 0.127922 0.123537 0.118957 0.114212 0.109333 0.104352 0.0992999 0.0942065 0.0891017 0.0840142 0.0789714 0.0739989 0.0691206 0.0643587 0.059733 0.0552612 0.050959 0.0468394 0.0429135 0.0391898 0.0356751 0.0323737 0.0292882 0.0264195 0.0237668 0.021328 0.0191 0.0170784 0.0152585 0.0136348 0.0122017 0.0109536 0.00988488 0.00899041 0.0082655 0.0077061 0.00730895 0.00707164 
0.00782437 0.0079121 0.00817581 0.00861711 0.00923859 0.0100438 0.011037 0.0122233 0.0136084 0.015198 0.0169982 0.0190151 0.0212543 0.023721 0.0264195 0.029353 0.0325236 0.0359319 0.0395764 0.0434542 0.0475598 0.0518859 0.0564226 0.0611575 0.066076 0.0711606 0.0763919 0.0817477 0.0872038 0.0927339 0.0983097 0.103901 0.109478 0.115006 0.120453 0.125786 0.13097 0.135972 0.140759 0.145298 0.149558 0.153511 0.157127 0.160382 0.163253 0.165718 0.167759 0.169363 0.170517 0.171213 0.171445 0.171213 0.170517 0.169363 0.167759 0.165718 0.163253 0.160382 0.157127 0.153511 0.149558 0.145298 0.140759 0.135972 0.13097 0.125786 0.120453 0.115006 0.109478 0.103901 0.0983097 0.0927339 0.0872038 0.0817477 0.0763919 0.0711606 0.066076 0.0611575 0.0564226 0.0518859 0.0475598 0.0434542 0.0395764 0.0359319 0.0325236 0.029353 0.0264195 0.023721 0.0212543 0.0190151 0.0169982 0.015198 0.0136084 0.0122233 0.011037 0.0100438 0.00923859 0.00861711 0.00817581 0.0079121 
0.0087301 0.00882732 0.00911959 0.0096086 0.0102972 0.011189 0.0122889 0.0136023 0.015135 0.0168934 0.0188841 0.0211132 0.0235868 0.0263103 0.0292882 0.0325236 0.0360186 0.0397733 0.0437859 0.0480528 0.0525677 0.0573221 0.0623048 0.0675022 0.0728976 0.0784721 0.0842038 0.0900684 0.0960393 0.102088 0.108182 0.114291 0.12038 0.126413 0.132355 0.138168 0.143818 0.149266 0.154477 0.159417 0.164052 0.168351 0.172283 0.17582 0.178939 0.181617 0.183835 0.185576 0.186829 0.187585 0.187837 0.187585 0.186829 0.185576 0.183835 0.181617 0.178939 0.17582 0.172283 0.168351 0.164052 0.159417 0.154477 0.149266 0.143818 0.138168 0.132355 0.126413 0.12038 0.114291 0.108182 0.102088 0.0960393 0.0900684 0.0842038 0.0784721 0.0728976 0.0675022 0.0623048 0.0573221 0.0525677 0.0480528 0.0437859 0.0397733 0.0360186 0.0325236 0.0292882 0.0263103 0.0235868 0.0211132 0.0188841 0.0168934 0.015135 0.0136023 0.0122889 0.011189 0.0102972 0.0096086 0.00911959 0.00882732 
0.00971123 0.00981867 0.0101416 0.0106819 0.0114426 0.0124276 0.0136421 0.0150918 0.016783 0.0187226 0.0209173 0.0233739 0.0260986 0.029097 0.0323737 0.0359319 0.0397733 0.0438977 0.048303 0.0529846 0.0579354 0.0631456 0.0686027 0.0742913 0.0801932 0.0862872 0.0925493 0.0989528 0.105469 0.112065 0.118708 0.125363 0.131992 0.138557 0.14502 0.15134 0.157478 0.163395 0.169053 0.174414 0.179442 0.184103 0.188365 0.192199 0.195578 0.198479 0.200881 0.202767 0.204124 0.204942 0.205215 0.204942 0.204124 0.202767 0.200881 0.198479 0.195578 0.192199 0.188365 0.184103 0.179442 0.174414 0.169053 0.163395 0.157478 0.15134 0.14502 0.138557 0.131992 0.125363 0.118708 0.112065 0.105469 0.0989528 0.0925493 0.0862872 0.0801932 0.0742913 0.0686027 0.0631456 0.0579354 0.0529846 0.048303 0.0438977 0.0397733 0.0359319 0.0323737 0.029097 0.0260986 0.0233739 0.0209173 0.0187226 0.016783 0.0150918 0.0136421 0.0124276 0.0114426 0.0106819 0.0101416 0.00981867 
0.0107686 0.010887 0.0112427 0.0118379 0.0126756 0.0137602 0.0150971 0.0166924 0.0185529 0.0206858 0.0230982 0.0257972 0.0287894 0.0320805 0.0356751 0.0395764 0.0437859 0.048303 0.0531249 0.0582461 0.0636585 0.0693511 0.0753099 0.0815177 0.0879543 0.0945964 0.101418 0.108389 0.115478 0.12265 0.129869 0.137097 0.144293 0.151416 0.158424 0.165273 0.171923 0.17833 0.184454 0.190254 0.195692 0.200731 0.205337 0.20948 0.21313 0.216263 0.218856 0.220892 0.222356 0.223239 0.223534 0.223239 0.222356 0.220892 0.218856 0.216263 0.21313 0.20948 0.205337 0.200731 0.195692 0.190254 0.184454 0.17833 0.171923 0.165273 0.158424 0.151416 0.144293 0.137097 0.129869 0.12265 0.115478 0.108389 0.101418 0.0945964 0.0879543 0.0815177 0.0753099 0.0693511 0.0636585 0.0582461 0.0531249 0.048303 0.0437859 0.0395764 0.0356751 0.0320805 0.0287894 0.0257972 0.0230982 0.0206858 0.0185529 0.0166924 0.0150971 0.0137602 0.0126756 0.0118379 0.0112427 0.010887 
0.0119025 0.0120325 0.0124232 0.0130767 0.0139964 0.0151869 0.0166539 0.018404 0.0204443 0.0227823 0.0254257 0.0283819 0.0316576 0.0352587 0.0391898 0.0434542 0.0480528 0.0529846 0.0582461 0.0638309 0.0697298 0.0759304 0.0824169 0.0891704 0.0961685 0.103386 0.110793 0.118358 0.126047 0.133822 0.141643 0.149469 0.157256 0.16496 0.172536 0.179937 0.187118 0.194034 0.200642 0.206897 0.212759 0.21819 0.223153 0.227615 0.231546 0.234918 0.237709 0.239901 0.241477 0.242426 0.242744 0.242426 0.241477 0.239901 0.237709 0.234918 0.231546 0.227615 0.223153 0.21819 0.212759 0.206897 0.200642 0.194034 0.187118 0.179937 0.172536 0.16496 0.157256 0.149469 0.141643 0.133822 0.126047 0.118358 0.110793 0.103386 0.0961685 0.0891704 0.0824169 0.0759304 0.0697298 0.0638309 0.0582461 0.0529846 0.0480528 0.0434542 0.0391898 0.0352587 0.0316576 0.0283819 0.0254257 0.0227823 0.0204443 0.018404 0.0166539 0.0151869 0.0139964 0.0130767 0.0124232 0.0120325 
0.0131126 0.0132549 0.0136826 0.0143978 0.0154043 0.0167068 0.0183115 0.0202252 0.0224556 0.0250104 0.0278977 0.0311252 0.0346999 0.0386278 0.0429135 0.0475598 0.0525677 0.0579354 0.0636585 0.0697298 0.0761388 0.0828713 0.0899102 0.0972343 0.104819 0.112636 0.120655 0.12884 0.137153 0.145555 0.154001 0.162448 0.170849 0.179155 0.187318 0.195289 0.20302 0.210463 0.217569 0.224294 0.230595 0.236429 0.241759 0.24655 0.250768 0.254387 0.257382 0.259733 0.261423 0.262442 0.262782 0.262442 0.261423 0.259733 0.257382 0.254387 0.250768 0.24655 0.241759 0.236429 0.230595 0.224294 0.217569 0.210463 0.20302 0.195289 0.187318 0.179155 0.170849 0.162448 0.154001 0.145555 0.137153 0.12884 0.120655 0.112636 0.104819 0.0972343 0.0899102 0.0828713 0.0761388 0.0697298 0.0636585 0.0579354 0.0525677 0.0475598 0.0429135 0.0386278 0.0346999 0.0311252 0.0278977 0.0250104 0.0224556 0.0202252 0.0183115 0.0167068 0.0154043 0.0143978 0.0136826 0.0132549 
0.0143978 0.0145531 0.0150197 0.0158 0.0168979 0.0183184 0.020068 0.0221539 0.0245842 0.0273669 0.0305106 0.0340231 0.0379116 0.0421822 0.0468394 0.0518859 0.0573221 0.0631456 0.0693511 0.0759304 0.0828713 0.0901585 0.0977725 0.10569 0.113885 0.122326 0.130979 0.139805 0.148766 0.157815 0.166909 0.175997 0.18503 0.193957 0.202726 0.211284 0.21958 0.227563 0.235182 0.242389 0.249138 0.255386 0.261092 0.266219 0.270732 0.274603 0.277806 0.28032 0.282127 0.283216 0.28358 0.283216 0.282127 0.28032 0.277806 0.274603 0.270732 0.266219 0.261092 0.255386 0.249138 0.242389 0.235182 0.227563 0.21958 0.211284 0.202726 0.193957 0.18503 0.175997 0.166909 0.157815 0.148766 0.139805 0.130979 0.122326 0.113885 0.10569 0.0977725 0.0901585 0.0828713 0.0759304 0.0693511 0.0631456 0.0573221 0.0518859 0.0468394 0.0421822 0.0379116 0.0340231 0.0305106 0.0273669 0.0245842 0.0221539 0.020068 0.0183184 0.0168979 0.0158 0.0150197 0.0145531 
0.0157563 0.0159252 0.0164326 0.0172812 0.0184748 0.020019 0.0219204 0.0241867 0.0268262 0.0298475 0.0332592 0.0370695 0.0412858 0.0459142 0.050959 0.0564226 0.0623048 0.0686027 0.0753099 0.0824169 0.0899102 0.0977725 0.105983 0.114515 0.123341 0.132426 0.141733 0.151222 0.160849 0.170566 0.180324 0.190072 0.199754 0.209318 0.218707 0.227866 0.23674 0.245275 0.253417 0.261116 0.268323 0.274993 0.281081 0.28655 0.291364 0.295491 0.298905 0.301584 0.30351 0.304671 0.305058 0.304671 0.30351 0.301584 0.298905 0.295491 0.291364 0.28655 0.281081 0.274993 0.268323 0.261116 0.253417 0.245275 0.23674 0.227866 0.218707 0.209318 0.199754 0.190072 0.180324 0.170566 0.160849 0.151222 0.141733 0.132426 0.123341 0.114515 0.105983 0.0977725 0.0899102 0.0824169 0.0753099 0.0686027 0.0623048 0.0564226 0.050959 0.0459142 0.0412858 0.0370695 0.0332592 0.0298475 0.0268262 0.0241867 0.0219204 0.020019 0.0184748 0.0172812 0.0164326 0.0159252 
0.0171853 0.0173684 0.0179185 0.0188382 0.0201318 0.021805 0.0238647 0.026319 0.0291765 0.0324462 0.0361369 0.040257 0.0448141 0.0498141 0.0552612 0.0611575 0.0675022 0.0742913 0.0815177 0.0891704 0.0972343 0.10569 0.114515 0.123681 0.133156 0.142903 0.152883 0.163052 0.173362 0.183763 0.194202 0.204623 0.214969 0.225182 0.235204 0.244975 0.254437 0.263533 0.272207 0.280405 0.288076 0.295172 0.301648 0.307463 0.31258 0.316967 0.320594 0.32344 0.325486 0.326719 0.327131 0.326719 0.325486 0.32344 0.320594 0.316967 0.31258 0.307463 0.301648 0.295172 0.288076 0.280405 0.272207 0.263533 0.254437 0.244975 0.235204 0.225182 0.214969 0.204623 0.194202 0.183763 0.173362 0.163052 0.152883 0.142903 0.133156 0.123681 0.114515 0.10569 0.0972343 0.0891704 0.0815177 0.0742913 0.0675022 0.0611575 0.0552612 0.0498141 0.0448141 0.040257 0.0361369 0.0324462 0.0291765 0.026319 0.0238647 0.021805 0.0201318 0.0188382 0.0179185 0.0173684 
0.0186813 0.0188792 0.0194735 0.0204672 0.0218646 0.0236717 0.0258957 0.028545 0.0316286 0.0351556 0.0391353 0.0435762 0.0484858 0.0538701 0.059733 0.066076 0.0728976 0.0801932 0.0879543 0.0961685 0.104819 0.113885 0.123341 0.133156 0.143295 0.153721 0.164389 0.175252 0.186259 0.197357 0.208488 0.219594 0.230614 0.241487 0.25215 0.262541 0.272598 0.282262 0.291473 0.300175 0.308314 0.31584 0.322707 0.32887 0.334293 0.33894 0.342782 0.345796 0.347962 0.349268 0.349704 0.349268 0.347962 0.345796 0.342782 0.33894 0.334293 0.32887 0.322707 0.31584 0.308314 0.300175 0.291473 0.282262 0.272598 0.262541 0.25215 0.241487 0.230614 0.219594 0.208488 0.197357 0.186259 0.175252 0.164389 0.153721 0.143295 0.133156 0.123341 0.113885 0.104819 0.0961685 0.0879543 0.0801932 0.0728976 0.066076 0.059733 0.0538701 0.0484858 0.0435762 0.0391353 0.0351556 0.0316286 0.028545 0.0258957 0.0236717 0.0218646 0.0204672 0.0194735 0.0188792 
0.0202399 0.020453 0.0210932 0.0221633 0.0236679 0.0256133 0.0280071 0.0308577 0.0341746 0.0379671 0.0422447 0.0470161 0.0522887 0.0580683 0.0643587 0.0711606 0.0784721 0.0862872 0.0945964 0.103386 0.112636 0.122326 0.132426 0.142903 0.153721 0.164837 0.176204 0.187773 0.199488 0.211292 0.223125 0.234925 0.246626 0.258165 0.269475 0.280491 0.291148 0.301382 0.311133 0.320341 0.32895 0.336907 0.344165 0.350677 0.356405 0.361312 0.365369 0.368551 0.370838 0.372216 0.372676 0.372216 0.370838 0.368551 0.365369 0.361312 0.356405 0.350677 0.344165 0.336907 0.32895 0.320341 0.311133 0.301382 0.291148 0.280491 0.269475 0.258165 0.246626 0.234925 0.223125 0.211292 0.199488 0.187773 0.176204 0.164837 0.153721 0.142903 0.132426 0.122326 0.112636 0.103386 0.0945964 0.0862872 0.0784721 0.0711606 0.0643587 0.0580683 0.0522887 0.0470161 0.0422447 0.0379671 0.0341746 0.0308577 0.0280071 0.0256133 0.0236679 0.0221633 0.0210932 0.020453 
0.0218558 0.0220845 0.0227718 0.0239205 0.0255354 0.0276231 0.0301912 0.0332487 0.0368052 0.0408703 0.0454536 0.0505638 0.0562083 0.0623929 0.0691206 0.0763919 0.0842038 0.0925493 0.101418 0.110793 0.120655 0.130979 0.141733 0.152883 0.164389 0.176204 0.18828 0.200561 0.212992 0.225509 0.23805 0.250548 0.262935 0.275143 0.287102 0.298744 0.310002 0.320807 0.331098 0.340811 0.349889 0.358277 0.365924 0.372784 0.378815 0.383982 0.388252 0.391601 0.394007 0.395457 0.395941 0.395457 0.394007 0.391601 0.388252 0.383982 0.378815 0.372784 0.365924 0.358277 0.349889 0.340811 0.331098 0.320807 0.310002 0.298744 0.287102 0.275143 0.262935 0.250548 0.23805 0.225509 0.212992 0.200561 0.18828 0.176204 0.164389 0.152883 0.141733 0.130979 0.120655 0.110793 0.101418 0.0925493 0.0842038 0.0763919 0.0691206 0.0623929 0.0562083 0.0505638 0.0454536 0.0408703 0.0368052 0.0332487 0.0301912 0.0276231 0.0255354 0.0239205 0.0227718 0.0220845 
0.0235226 0.0237674 0.0245029 0.025732 0.0274599 0.029693 0.0324396 0.0357086 0.0395099 0.0438534 0.0487487 0.0542047 0.0602286 0.0668257 0.0739989 0.0817477 0.0900684 0.0989528 0.108389 0.118358 0.12884 0.139805 0.151222 0.163052 0.175252 0.187773 0.200561 0.213561 0.22671 0.239943 0.253194 0.266391 0.279464 0.292341 0.304949 0.317217 0.329072 0.340447 0.351274 0.361489 0.371032 0.379847 0.38788 0.395084 0.401416 0.406839 0.411321 0.414834 0.417358 0.418879 0.419387 0.418879 0.417358 0.414834 0.411321 0.406839 0.401416 0.395084 0.38788 0.379847 0.371032 0.361489 0.351274 0.340447 0.329072 0.317217 0.304949 0.292341 0.279464 0.266391 0.253194 0.239943 0.22671 0.213561 0.200561 0.187773 0.175252 0.163052 0.151222 0.139805 0.12884 0.118358 0.108389 0.0989528 0.0900684 0.0817477 0.0739989 0.0668257 0.0602286 0.0542047 0.0487487 0.0438534 0.0395099 0.0357086 0.0324396 0.029693 0.0274599 0.025732 0.0245029 0.0237674 
0.0252332 0.0254943 0.0262789 0.0275901 0.0294329 0.0318142 0.0347422 0.0382264 0.0422767 0.0469032 0.0521156 0.0579226 0.0643313 0.0713469 0.0789714 0.0872038 0.0960393 0.105469 0.115478 0.126047 0.137153 0.148766 0.160849 0.173362 0.186259 0.199488 0.212992 0.22671 0.240578 0.254526 0.268485 0.28238 0.296136 0.309679 0.322931 0.335819 0.348267 0.360205 0.371563 0.382275 0.392278 0.401513 0.409927 0.41747 0.424098 0.429773 0.434462 0.438137 0.440778 0.442368 0.442899 0.442368 0.440778 0.438137 0.434462 0.429773 0.424098 0.41747 0.409927 0.401513 0.392278 0.382275 0.371563 0.360205 0.348267 0.335819 0.322931 0.309679 0.296136 0.28238 0.268485 0.254526 0.240578 0.22671 0.212992 0.199488 0.186259 0.173362 0.160849 0.148766 0.137153 0.126047 0.115478 0.105469 0.0960393 0.0872038 0.0789714 0.0713469 0.0643313 0.0579226 0.0521156 0.0469032 0.0422767 0.0382264 0.0347422 0.0318142 0.0294329 0.0275901 0.0262789 0.0254943 
0.0269796 0.0272573 0.0280917 0.0294858 0.0314451 0.0339764 0.0370883 0.0407903 0.0450926 0.0500052 0.055538 0.0616996 0.068497 0.0759346 0.0840142 0.0927339 0.102088 0.112065 0.12265 0.133822 0.145555 0.157815 0.170566 0.183763 0.197357 0.211292 0.225509 0.239943 0.254526 0.269186 0.283848 0.298434 0.312868 0.327069 0.340958 0.354458 0.367492 0.379985 0.391865 0.403064 0.413518 0.423167 0.431953 0.439829 0.446747 0.452668 0.45756 0.461393 0.464147 0.465806 0.46636 0.465806 0.464147 0.461393 0.45756 0.452668 0.446747 0.439829 0.431953 0.423167 0.413518 0.403064 0.391865 0.379985 0.367492 0.354458 0.340958 0.327069 0.312868 0.298434 0.283848 0.269186 0.254526 0.239943 0.225509 0.211292 0.197357 0.183763 0.170566 0.157815 0.145555 0.133822 0.12265 0.112065 0.102088 0.0927339 0.0840142 0.0759346 0.068497 0.0616996 0.055538 0.0500052 0.0450926 0.0407903 0.0370883 0.0339764 0.0314451 0.0294858 0.0280917 0.0272573 
0.0287529 0.0290473 0.0299319 0.0314098 0.0334864 0.0361689 0.039466 0.0433873 0.0479431 0.0531436 0.0589987 0.0655167 0.0727043 0.0805656 0.0891017 0.0983097 0.108182 0.118708 0.129869 0.141643 0.154001 0.166909 0.180324 0.194202 0.208488 0.223125 0.23805 0.253194 0.268485 0.283848 0.299204 0.314473 0.329573 0.344422 0.358938 0.373039 0.386647 0.399684 0.412075 0.423752 0.434647 0.444698 0.453849 0.462047 0.469247 0.475409 0.480498 0.484485 0.487349 0.489074 0.48965 0.489074 0.487349 0.484485 0.480498 0.475409 0.469247 0.462047 0.453849 0.444698 0.434647 0.423752 0.412075 0.399684 0.386647 0.373039 0.358938 0.344422 0.329573 0.314473 0.299204 0.283848 0.268485 0.253194 0.23805 0.223125 0.208488 0.194202 0.180324 0.166909 0.154001 0.141643 0.129869 0.118708 0.108182 0.0983097 0.0891017 0.0805656 0.0727043 0.0655167 0.0589987 0.0531436 0.0479431 0.0433873 0.039466 0.0361689 0.0334864 0.0314098 0.0299319 0.0290473 
0.0305435 0.0308547 0.0317896 0.0333514 0.0355457 0.0383797 0.0418623 0.0460033 0.0508129 0.0563015 0.0624788 0.0693531 0.0769306 0.085215 0.0942065 0.103901 0.114291 0.125363 0.137097 0.149469 0.162448 0.175997 0.190072 0.204623 0.219594 0.234925 0.250548 0.266391 0.28238 0.298434 0.314473 0.330412 0.346166 0.36165 0.376778 0.391466 0.405634 0.419201 0.43209 0.444231 0.455554 0.465996 0.475499 0.484011 0.491484 0.497878 0.503158 0.507294 0.510264 0.512053 0.51265 0.512053 0.510264 0.507294 0.503158 0.497878 0.491484 0.484011 0.475499 0.465996 0.455554 0.444231 0.43209 0.419201 0.405634 0.391466 0.376778 0.36165 0.346166 0.330412 0.314473 0.298434 0.28238 0.266391 0.250548 0.234925 0.219594 0.204623 0.190072 0.175997 0.162448 0.149469 0.137097 0.125363 0.114291 0.103901 0.0942065 0.085215 0.0769306 0.0693531 0.0624788 0.0563015 0.0508129 0.0460033 0.0418623 0.0383797 0.0355457 0.0333514 0.0317896 0.0308547 
0.0323412 0.0326691 0.0336541 0.0352996 0.0376112 0.0405962 0.0442636 0.0486233 0.0536857 0.059461 0.0659589 0.0731873 0.0811522 0.0898565 0.0992999 0.109478 0.12038 0.131992 0.144293 0.157256 0.170849 0.18503 0.199754 0.214969 0.230614 0.246626 0.262935 0.279464 0.296136 0.312868 0.329573 0.346166 0.362557 0.378659 0.394383 0.409642 0.424353 0.438433 0.451805 0.464394 0.47613 0.48695 0.496793 0.505607 0.513343 0.51996 0.525423 0.529702 0.532774 0.534624 0.535242 0.534624 0.532774 0.529702 0.525423 0.51996 0.513343 0.505607 0.496793 0.48695 0.47613 0.464394 0.451805 0.438433 0.424353 0.409642 0.394383 0.378659 0.362557 0.346166 0.329573 0.312868 0.296136 0.279464 0.262935 0.246626 0.230614 0.214969 0.199754 0.18503 0.170849 0.157256 0.144293 0.131992 0.12038 0.109478 0.0992999 0.0898565 0.0811522 0.0731873 0.0659589 0.059461 0.0536857 0.0486233 0.0442636 0.0405962 0.0376112 0.0352996 0.0336541 0.0326691 
0.034135 0.0344795 0.0355142 0.0372427 0.0396704 0.0428051 0.0466555 0.0512318 0.0565443 0.0626033 0.0694181 0.0769966 0.0853441 0.0944632 0.104352 0.115006 0.126413 0.138557 0.151416 0.16496 0.179155 0.193957 0.209318 0.225182 0.241487 0.258165 0.275143 0.292341 0.309679 0.327069 0.344422 0.36165 0.378659 0.395359 0.411659 0.42747 0.442704 0.45728 0.471115 0.484135 0.496269 0.507451 0.51762 0.526723 0.534711 0.541541 0.547179 0.551594 0.554764 0.556673 0.55731 0.556673 0.554764 0.551594 0.547179 0.541541 0.534711 0.526723 0.51762 0.507451 0.496269 0.484135 0.471115 0.45728 0.442704 0.42747 0.411659 0.395359 0.378659 0.36165 0.344422 0.327069 0.309679 0.292341 0.275143 0.258165 0.241487 0.225182 0.209318 0.193957 0.179155 0.16496 0.151416 0.138557 0.126413 0.115006 0.104352 0.0944632 0.0853441 0.0769966 0.0694181 0.0626033 0.0565443 0.0512318 0.0466555 0.0428051 0.0396704 0.0372427 0.0355142 0.0344795 
0.0359135 0.0362743 0.0373581 0.0391682 0.0417105 0.0449924 0.0490231 0.0538125 0.0593711 0.065709 0.0728354 0.0807577 0.089481 0.0990069 0.109333 0.120453 0.132355 0.14502 0.158424 0.172536 0.187318 0.202726 0.218707 0.235204 0.25215 0.269475 0.287102 0.304949 0.322931 0.340958 0.358938 0.376778 0.394383 0.411659 0.428513 0.444853 0.46059 0.47564 0.489919 0.503352 0.515865 0.527392 0.537872 0.54725 0.555477 0.56251 0.568314 0.572859 0.576121 0.578086 0.578741 0.578086 0.576121 0.572859 0.568314 0.56251 0.555477 0.54725 0.537872 0.527392 0.515865 0.503352 0.489919 0.47564 0.46059 0.444853 0.428513 0.411659 0.394383 0.376778 0.358938 0.340958 0.322931 0.304949 0.287102 0.269475 0.25215 0.235204 0.218707 0.202726 0.187318 0.172536 0.158424 0.14502 0.132355 0.120453 0.109333 0.0990069 0.089481 0.0807577 0.0728354 0.065709 0.0593711 0.0538125 0.0490231 0.0449924 0.0417105 0.0391682 0.0373581 0.0362743 
0.037665 0.0380418 0.0391735 0.0410636 0.0437178 0.0471439 0.0513509 0.0563487 0.0621479 0.0687583 0.0761889 0.0844469 0.0935367 0.103459 0.114212 0.125786 0.138168 0.15134 0.165273 0.179937 0.195289 0.211284 0.227866 0.244975 0.262541 0.280491 0.298744 0.317217 0.335819 0.354458 0.373039 0.391466 0.409642 0.42747 0.444853 0.461698 0.477915 0.493416 0.508118 0.521942 0.534815 0.546669 0.557443 0.567082 0.575535 0.58276 0.58872 0.593387 0.596737 0.598754 0.599427 0.598754 0.596737 0.593387 0.58872 0.58276 0.575535 0.567082 0.557443 0.546669 0.534815 0.521942 0.508118 0.493416 0.477915 0.461698 0.444853 0.42747 0.409642 0.391466 0.373039 0.354458 0.335819 0.317217 0.298744 0.280491 0.262541 0.244975 0.227866 0.211284 0.195289 0.179937 0.165273 0.15134 0.138168 0.125786 0.114212 0.103459 0.0935367 0.0844469 0.0761889 0.0687583 0.0621479 0.0563487 0.0513509 0.0471439 0.0437178 0.0410636 0.0391735 0.0380418 
0.0393774 0.0397698 0.040948 0.0429158 0.045679 0.049245 0.0536232 0.0588234 0.0648561 0.0717309 0.0794566 0.08804 0.0974849 0.107792 0.118957 0.13097 0.143818 0.157478 0.171923 0.187118 0.20302 0.21958 0.23674 0.254437 0.272598 0.291148 0.310002 0.329072 0.348267 0.367492 0.386647 0.405634 0.424353 0.442704 0.46059 0.477915 0.494586 0.510514 0.525615 0.539809 0.553021 0.565184 0.576235 0.586117 0.594783 0.602188 0.608296 0.613077 0.616509 0.618574 0.619264 0.618574 0.616509 0.613077 0.608296 0.602188 0.594783 0.586117 0.576235 0.565184 0.553021 0.539809 0.525615 0.510514 0.494586 0.477915 0.46059 0.442704 0.424353 0.405634 0.386647 0.367492 0.348267 0.329072 0.310002 0.291148 0.272598 0.254437 0.23674 0.21958 0.20302 0.187118 0.171923 0.157478 0.143818 0.13097 0.118957 0.107792 0.0974849 0.08804 0.0794566 0.0717309 0.0648561 0.0588234 0.0536232 0.049245 0.045679 0.0429158 0.040948 0.0397698 
0.0410386 0.0414459 0.0426692 0.0447119 0.04758 0.0512811 0.0558243 0.0612196 0.0674772 0.0746067 0.0826165 0.091513 0.1013 0.111976 0.123537 0.135972 0.149266 0.163395 0.17833 0.194034 0.210463 0.227563 0.245275 0.263533 0.282262 0.301382 0.320807 0.340447 0.360205 0.379985 0.399684 0.419201 0.438433 0.45728 0.47564 0.493416 0.510514 0.526844 0.542319 0.556859 0.570389 0.582841 0.59415 0.604261 0.613124 0.620697 0.626942 0.63183 0.635338 0.637449 0.638154 0.637449 0.635338 0.63183 0.626942 0.620697 0.613124 0.604261 0.59415 0.582841 0.570389 0.556859 0.542319 0.526844 0.510514 0.493416 0.47564 0.45728 0.438433 0.419201 0.399684 0.379985 0.360205 0.340447 0.320807 0.301382 0.282262 0.263533 0.245275 0.227563 0.210463 0.194034 0.17833 0.163395 0.149266 0.135972 0.123537 0.111976 0.1013 0.091513 0.0826165 0.0746067 0.0674772 0.0612196 0.0558243 0.0512811 0.04758 0.0447119 0.0426692 0.0414459 
0.0426364 0.0430581 0.0443243 0.0464388 0.0494073 0.0532375 0.0579386 0.0635203 0.0699928 0.0773656 0.0856468 0.0948422 0.104955 0.115983 0.127922 0.140759 0.154477 0.169053 0.184454 0.200642 0.217569 0.235182 0.253417 0.272207 0.291473 0.311133 0.331098 0.351274 0.371563 0.391865 0.412075 0.43209 0.451805 0.471115 0.489919 0.508118 0.525615 0.542319 0.558143 0.573006 0.586831 0.59955 0.611099 0.621422 0.630469 0.638196 0.644568 0.649554 0.653133 0.655286 0.656005 0.655286 0.653133 0.649554 0.644568 0.638196 0.630469 0.621422 0.611099 0.59955 0.586831 0.573006 0.558143 0.542319 0.525615 0.508118 0.489919 0.471115 0.451805 0.43209 0.412075 0.391865 0.371563 0.351274 0.331098 0.311133 0.291473 0.272207 0.253417 0.235182 0.217569 0.200642 0.184454 0.169053 0.154477 0.140759 0.127922 0.115983 0.104955 0.0948422 0.0856468 0.0773656 0.0699928 0.0635203 0.0579386 0.0532375 0.0494073 0.0464388 0.0443243 0.0430581 
0.0441588 0.044594 0.0459011 0.0480836 0.0511473 0.0550999 0.0599505 0.0657089 0.072385 0.0799881 0.088526 0.0980042 0.108425 0.119786 0.132081 0.145298 0.159417 0.174414 0.190254 0.206897 0.224294 0.242389 0.261116 0.280405 0.300175 0.320341 0.340811 0.361489 0.382275 0.403064 0.423752 0.444231 0.464394 0.484135 0.503352 0.521942 0.539809 0.556859 0.573006 0.588166 0.602264 0.615229 0.626999 0.637516 0.646732 0.654601 0.661089 0.666166 0.669809 0.672001 0.672732 0.672001 0.669809 0.666166 0.661089 0.654601 0.646732 0.637516 0.626999 0.615229 0.602264 0.588166 0.573006 0.556859 0.539809 0.521942 0.503352 0.484135 0.464394 0.444231 0.423752 0.403064 0.382275 0.361489 0.340811 0.320341 0.300175 0.280405 0.261116 0.242389 0.224294 0.206897 0.190254 0.174414 0.159417 0.145298 0.132081 0.119786 0.108425 0.0980042 0.088526 0.0799881 0.072385 0.0657089 0.0599505 0.0550999 0.0511473 0.0480836 0.0459011 0.044594 
0.0455941 0.0460421 0.0473874 0.0496337 0.0527867 0.0568541 0.061845 0.067769 0.074636 0.082455 0.0912334 0.100976 0.111686 0.123358 0.135987 0.149558 0.164052 0.179442 0.195692 0.212759 0.230595 0.249138 0.268323 0.288076 0.308314 0.32895 0.349889 0.371032 0.392278 0.413518 0.434647 0.455554 0.47613 0.496269 0.515865 0.534815 0.553021 0.570389 0.586831 0.602264 0.616611 0.629801 0.641772 0.652467 0.661835 0.669834 0.676428 0.681587 0.685288 0.687515 0.688258 0.687515 0.685288 0.681587 0.676428 0.669834 0.661835 0.652467 0.641772 0.629801 0.616611 0.602264 0.586831 0.570389 0.553021 0.534815 0.515865 0.496269 0.47613 0.455554 0.434647 0.413518 0.392278 0.371032 0.349889 0.32895 0.308314 0.288076 0.268323 0.249138 0.230595 0.212759 0.195692 0.179442 0.164052 0.149558 0.135987 0.123358 0.111686 0.100976 0.0912334 0.082455 0.074636 0.067769 0.061845 0.0568541 0.0527867 0.0496337 0.0473874 0.0460421 
