0.000123884 0.000127348 0.000137851 0.000155723 0.000181515 0.000215999 0.000260163 0.000315216 0.000382574 0.000463863 0.000560902 0.00067569 0.00081039 0.000967301 0.00114883 0.00135745 0.00159565 0.00186593 0.00217066 0.00251209 0.00289226 0.00331294 0.0037755 0.00428095 0.00482975 0.00542182 0.00605646 0.0067323 0.00744724 0.00819846 0.00898238 0.00979465 0.0106302 0.0114833 0.0123475 0.0132158 0.0140808 0.0149345 0.015769 0.0165758 0.0173467 0.0180735 0.0187483 0.0193636 0.0199122 0.020388 0.0207853 0.0210994 0.0213265 0.0214638 0.0215098 0.0214638 0.0213265 0.0210994 0.0207853 0.020388 0.0199122 0.0193636 0.0187483 0.0180735 0.0173467 0.0165758 0.015769 0.0149345 0.0140808 0.0132158 0.0123475 0.0114833 0.0106302 0.00979465 0.00898238 0.00819846 0.00744724 0.0067323 0.00605646 0.00542182 0.00482975 0.00428095 0.0037755 0.00331294 0.00289226 0.00251209 0.00217066 0.00186593 0.00159565 0.00135745 0.00114883 0.000967301 0.00081039 0.00067569 0.000560902 0.000463863 0.000382574 0.000315216 0.000260163 0.000215999 0.000181515 0.000155723 0.000137851 0.000127348 
0.000127348 0.000130903 0.00014168 0.000160017 0.000186479 0.000221853 0.000267152 0.000323609 0.000392673 0.000476005 0.000575461 0.000693086 0.000831085 0.000991804 0.0011777 0.00139128 0.00163511 0.0019117 0.00222348 0.00257274 0.00296155 0.00339168 0.00386454 0.00438113 0.00494192 0.00554679 0.00619503 0.00688522 0.0076152 0.00838208 0.00918219 0.0100111 0.0108636 0.0117339 0.0126154 0.0135009 0.0143829 0.0152533 0.016104 0.0169264 0.0177121 0.0184528 0.0191404 0.0197672 0.0203263 0.020811 0.0212157 0.0215356 0.0217669 0.0219069 0.0219537 0.0219069 0.0217669 0.0215356 0.0212157 0.020811 0.0203263 0.0197672 0.0191404 0.0184528 0.0177121 0.0169264 0.016104 0.0152533 0.0143829 0.0135009 0.0126154 0.0117339 0.0108636 0.0100111 0.00918219 0.00838208 0.0076152 0.00688522 0.00619503 0.00554679 0.00494192 0.00438113 0.00386454 0.00339168 0.00296155 0.00257274 0.00222348 0.0019117 0.00163511 0.00139128 0.0011777 0.000991804 0.000831085 0.000693086 0.000575461 0.000476005 0.000392673 0.000323609 0.000267152 0.000221853 0.000186479 0.000160017 0.00014168 0.000130903 
0.000137851 0.00014168 0.000153287 0.000173034 0.000201522 0.000239592 0.000288323 0.00034903 0.000423257 0.000512768 0.000619541 0.000745745 0.00089372 0.00106595 0.00126504 0.00149365 0.00175446 0.00205014 0.00238323 0.00275613 0.003171 0.00362968 0.00413364 0.00468387 0.00528082 0.00592434 0.00661361 0.00734707 0.0081224 0.00893649 0.00978543 0.0106645 0.0115682 0.0124902 0.0134237 0.0143611 0.0152944 0.0162151 0.0171145 0.0179838 0.018814 0.0195965 0.0203227 0.0209845 0.0215747 0.0220863 0.0225134 0.0228509 0.023095 0.0232426 0.023292 0.0232426 0.023095 0.0228509 0.0225134 0.0220863 0.0215747 0.0209845 0.0203227 0.0195965 0.018814 0.0179838 0.0171145 0.0162151 0.0152944 0.0143611 0.0134237 0.0124902 0.0115682 0.0106645 0.00978543 0.00893649 0.0081224 0.00734707 0.00661361 0.00592434 0.00528082 0.00468387 0.00413364 0.00362968 0.003171 0.00275613 0.00238323 0.00205014 0.00175446 0.00149365 0.00126504 0.00106595 0.00089372 0.000745745 0.000619541 0.000512768 0.000423257 0.00034903 0.000288323 0.000239592 0.000201522 0.000173034 0.000153287 0.00014168 
0.000155723 0.000160017 0.000173034 0.000195173 0.000227099 0.000269743 0.000324296 0.00039221 0.000475187 0.000575173 0.000694341 0.000835076 0.000999944 0.00119167 0.00141308 0.0016671 0.00195664 0.00228457 0.00265367 0.0030665 0.00352537 0.00403226 0.00458868 0.00519565 0.0058536 0.00656226 0.00732066 0.00812701 0.00897872 0.00987229 0.0108034 0.0117668 0.0127565 0.0137656 0.0147865 0.0158111 0.0168305 0.0178357 0.0188171 0.019765 0.02067 0.0215225 0.0223134 0.0230341 0.0236764 0.024233 0.0246976 0.0250648 0.0253302 0.0254908 0.0255445 0.0254908 0.0253302 0.0250648 0.0246976 0.024233 0.0236764 0.0230341 0.0223134 0.0215225 0.02067 0.019765 0.0188171 0.0178357 0.0168305 0.0158111 0.0147865 0.0137656 0.0127565 0.0117668 0.0108034 0.00987229 0.00897872 0.00812701 0.00732066 0.00656226 0.0058536 0.00519565 0.00458868 0.00403226 0.00352537 0.0030665 0.00265367 0.00228457 0.00195664 0.0016671 0.00141308 0.00119167 0.000999944 0.000835076 0.000694341 0.000575173 0.000475187 0.00039221 0.000324296 0.000269743 0.000227099 0.000195173 0.000173034 0.000160017 
0.000181515 0.000186479 0.000201522 0.000227099 0.000263967 0.000313181 0.000376097 0.000454358 0.000549896 0.00066491 0.000801854 0.000963417 0.00115249 0.00137212 0.0016255 0.00191586 0.00224647 0.00262051 0.00304104 0.00351088 0.00403256 0.00460819 0.0052394 0.00592722 0.00667201 0.0074734 0.00833014 0.00924015 0.0102004 0.0112069 0.0122547 0.0133378 0.0144495 0.015582 0.0167269 0.017875 0.0190165 0.0201411 0.0212385 0.0222978 0.0233085 0.0242601 0.0251425 0.0259461 0.0266621 0.0272825 0.0278001 0.0282091 0.0285047 0.0286834 0.0287432 0.0286834 0.0285047 0.0282091 0.0278001 0.0272825 0.0266621 0.0259461 0.0251425 0.0242601 0.0233085 0.0222978 0.0212385 0.0201411 0.0190165 0.017875 0.0167269 0.015582 0.0144495 0.0133378 0.0122547 0.0112069 0.0102004 0.00924015 0.00833014 0.0074734 0.00667201 0.00592722 0.0052394 0.00460819 0.00403256 0.00351088 0.00304104 0.00262051 0.00224647 0.00191586 0.0016255 0.00137212 0.00115249 0.000963417 0.000801854 0.00066491 0.000549896 0.000454358 0.000376097 0.000313181 0.000263967 0.000227099 0.000201522 0.000186479 
0.000215999 0.000221853 0.000239592 0.000269743 0.000313181 0.000371131 0.000445159 0.000537166 0.000649379 0.000784332 0.000944851 0.00113402 0.00135515 0.00161173 0.00190739 0.00224581 0.00263067 0.00306559 0.00355397 0.00409899 0.00470342 0.00536957 0.0060992 0.00689334 0.00775228 0.00867543 0.00966125 0.0107072 0.0118097 0.0129641 0.0141646 0.0154044 0.0166757 0.0179696 0.0192764 0.0205857 0.0218863 0.0231669 0.0244154 0.0256198 0.0267682 0.0278488 0.0288502 0.0297619 0.0305738 0.031277 0.0318635 0.0323268 0.0326616 0.0328641 0.0329318 0.0328641 0.0326616 0.0323268 0.0318635 0.031277 0.0305738 0.0297619 0.0288502 0.0278488 0.0267682 0.0256198 0.0244154 0.0231669 0.0218863 0.0205857 0.0192764 0.0179696 0.0166757 0.0154044 0.0141646 0.0129641 0.0118097 0.0107072 0.00966125 0.00867543 0.00775228 0.00689334 0.0060992 0.00536957 0.00470342 0.00409899 0.00355397 0.00306559 0.00263067 0.00224581 0.00190739 0.00161173 0.00135515 0.00113402 0.000944851 0.000784332 0.000649379 0.000537166 0.000445159 0.000371131 0.000313181 0.000269743 0.000239592 0.000221853 
0.000260163 0.000267152 0.000288323 0.000324296 0.000376097 0.000445159 0.000533316 0.000642791 0.000776181 0.000936443 0.00112686 0.00135102 0.00161275 0.0019161 0.00226522 0.00266436 0.00311774 0.00362946 0.00420339 0.00484309 0.00555168 0.00633168 0.00718497 0.0081126 0.00911474 0.0101905 0.011338 0.0125542 0.0138346 0.0151739 0.0165651 0.0180004 0.0194706 0.0209655 0.0224739 0.0239838 0.0254825 0.0269568 0.028393 0.0297776 0.0310968 0.0323374 0.0334866 0.0345321 0.0354628 0.0362685 0.0369404 0.037471 0.0378543 0.0380861 0.0381636 0.0380861 0.0378543 0.037471 0.0369404 0.0362685 0.0354628 0.0345321 0.0334866 0.0323374 0.0310968 0.0297776 0.028393 0.0269568 0.0254825 0.0239838 0.0224739 0.0209655 0.0194706 0.0180004 0.0165651 0.0151739 0.0138346 0.0125542 0.011338 0.0101905 0.00911474 0.0081126 0.00718497 0.00633168 0.00555168 0.00484309 0.00420339 0.00362946 0.00311774 0.00266436 0.00226522 0.0019161 0.00161275 0.00135102 0.00112686 0.000936443 0.000776181 0.000642791 0.000533316 0.000445159 0.000376097 0.000324296 0.000288323 0.000267152 
0.000315216 0.000323609 0.00034903 0.00039221 0.000454358 0.000537166 0.000642791 0.000773846 0.000933384 0.00112487 0.00135215 0.00161941 0.00193112 0.00229196 0.00270678 0.00318046 0.00371787 0.00432369 0.00500234 0.00575785 0.0065937 0.00751268 0.00851679 0.00960708 0.0107835 0.012045 0.013389 0.0148117 0.0163079 0.0178712 0.0194933 0.0211651 0.0228758 0.0246134 0.0263652 0.028117 0.0298543 0.0315619 0.0332241 0.0348253 0.0363499 0.0377827 0.0391091 0.0403152 0.0413885 0.0423172 0.0430914 0.0437026 0.0441441 0.044411 0.0445003 0.044411 0.0441441 0.0437026 0.0430914 0.0423172 0.0413885 0.0403152 0.0391091 0.0377827 0.0363499 0.0348253 0.0332241 0.0315619 0.0298543 0.028117 0.0263652 0.0246134 0.0228758 0.0211651 0.0194933 0.0178712 0.0163079 0.0148117 0.013389 0.012045 0.0107835 0.00960708 0.00851679 0.00751268 0.0065937 0.00575785 0.00500234 0.00432369 0.00371787 0.00318046 0.00270678 0.00229196 0.00193112 0.00161941 0.00135215 0.00112487 0.000933384 0.000773846 0.000642791 0.000537166 0.000454358 0.00039221 0.00034903 0.000323609 
0.000382574 0.000392673 0.000423257 0.000475187 0.000549896 0.000649379 0.000776181 0.000933384 0.00112458 0.00135384 0.00162567 0.00194498 0.00231698 0.00274713 0.00324105 0.00380441 0.00444279 0.00516158 0.00596583 0.00686008 0.00784823 0.00893336 0.0101176 0.0114019 0.0127862 0.0142686 0.0158463 0.0175144 0.0192668 0.0210956 0.0229913 0.0249429 0.0269379 0.0289624 0.0310012 0.0330383 0.0350567 0.0370389 0.0389669 0.0408227 0.0425885 0.044247 0.0457813 0.0471759 0.0484161 0.049489 0.0503831 0.0510887 0.0515983 0.0519063 0.0520093 0.0519063 0.0515983 0.0510887 0.0503831 0.049489 0.0484161 0.0471759 0.0457813 0.044247 0.0425885 0.0408227 0.0389669 0.0370389 0.0350567 0.0330383 0.0310012 0.0289624 0.0269379 0.0249429 0.0229913 0.0210956 0.0192668 0.0175144 0.0158463 0.0142686 0.0127862 0.0114019 0.0101176 0.00893336 0.00784823 0.00686008 0.00596583 0.00516158 0.00444279 0.00380441 0.00324105 0.00274713 0.00231698 0.00194498 0.00162567 0.00135384 0.00112458 0.000933384 0.000776181 0.000649379 0.000549896 0.000475187 0.000423257 0.000392673 
0.000463863 0.000476005 0.000512768 0.000575173 0.00066491 0.000784332 0.000936443 0.00112487 0.00135384 0.00162813 0.00195303 0.00233427 0.00277794 0.00329039 0.00387814 0.00454775 0.00530564 0.006158 0.00711057 0.00816849 0.00933609 0.0106168 0.0120128 0.013525 0.0151529 0.0168943 0.0187453 0.0207003 0.0227518 0.0248904 0.0271048 0.029382 0.0317075 0.034065 0.0364369 0.0388046 0.0411485 0.0434484 0.0456836 0.0478335 0.0498778 0.0517965 0.0535705 0.0551821 0.0566147 0.0578534 0.0588853 0.0596996 0.0602875 0.0606427 0.0607616 0.0606427 0.0602875 0.0596996 0.0588853 0.0578534 0.0566147 0.0551821 0.0535705 0.0517965 0.0498778 0.0478335 0.0456836 0.0434484 0.0411485 0.0388046 0.0364369 0.034065 0.0317075 0.029382 0.0271048 0.0248904 0.0227518 0.0207003 0.0187453 0.0168943 0.0151529 0.013525 0.0120128 0.0106168 0.00933609 0.00816849 0.00711057 0.006158 0.00530564 0.00454775 0.00387814 0.00329039 0.00277794 0.00233427 0.00195303 0.00162813 0.00135384 0.00112487 0.000936443 0.000784332 0.00066491 0.000575173 0.000512768 0.000476005 
0.000560902 0.000575461 0.000619541 0.000694341 0.000801854 0.000944851 0.00112686 0.00135215 0.00162567 0.00195303 0.00234041 0.00279448 0.00332234 0.00393137 0.00462911 0.00542311 0.00632077 0.00732914 0.00845474 0.00970335 0.0110798 0.0125878 0.0142296 0.016006 0.017916 0.0199569 0.0221238 0.0244098 0.0268059 0.0293009 0.0318817 0.0345329 0.0372374 0.0399764 0.0427295 0.0454751 0.0481907 0.050853 0.0534384 0.0559233 0.0582843 0.0604988 0.0625452 0.0644032 0.066054 0.0674809 0.0686691 0.0696064 0.070283 0.0706919 0.0708286 0.0706919 0.070283 0.0696064 0.0686691 0.0674809 0.066054 0.0644032 0.0625452 0.0604988 0.0582843 0.0559233 0.0534384 0.050853 0.0481907 0.0454751 0.0427295 0.0399764 0.0372374 0.0345329 0.0318817 0.0293009 0.0268059 0.0244098 0.0221238 0.0199569 0.017916 0.016006 0.0142296 0.0125878 0.0110798 0.00970335 0.00845474 0.00732914 0.00632077 0.00542311 0.00462911 0.00393137 0.00332234 0.00279448 0.00234041 0.00195303 0.00162567 0.00135215 0.00112686 0.000944851 0.000801854 0.000694341 0.000619541 0.000575461 
0.00067569 0.000693086 0.000745745 0.000835076 0.000963417 0.00113402 0.00135102 0.00161941 0.00194498 0.00233427 0.00279448 0.00333337 0.00395917 0.00468042 0.0055058 0.00644399 0.00750345 0.0086922 0.0100176 0.0114861 0.0131031 0.0148725 0.0167967 0.0188762 0.0211095 0.0234931 0.0260208 0.0286845 0.0314733 0.0343741 0.0373713 0.0404469 0.0435812 0.0467523 0.0499365 0.0531092 0.0562443 0.0593152 0.0622949 0.0651566 0.0678737 0.0704206 0.0727726 0.074907 0.0768024 0.07844 0.0798033 0.0808783 0.0816542 0.0821229 0.0822797 0.0821229 0.0816542 0.0808783 0.0798033 0.07844 0.0768024 0.074907 0.0727726 0.0704206 0.0678737 0.0651566 0.0622949 0.0593152 0.0562443 0.0531092 0.0499365 0.0467523 0.0435812 0.0404469 0.0373713 0.0343741 0.0314733 0.0286845 0.0260208 0.0234931 0.0211095 0.0188762 0.0167967 0.0148725 0.0131031 0.0114861 0.0100176 0.0086922 0.00750345 0.00644399 0.0055058 0.00468042 0.00395917 0.00333337 0.00279448 0.00233427 0.00194498 0.00161941 0.00135102 0.00113402 0.000963417 0.000835076 0.000745745 0.000693086 
0.00081039 0.000831085 0.00089372 0.000999944 0.00115249 0.00135515 0.00161275 0.00193112 0.00231698 0.00277794 0.00332234 0.00395917 0.00469793 0.00554844 0.00652067 0.00762453 0.00886966 0.0102651 0.0118192 0.0135391 0.0154306 0.017498 0.0197436 0.0221675 0.0247678 0.0275397 0.0304759 0.0335664 0.0367985 0.0401566 0.0436224 0.0471752 0.0507919 0.0544473 0.0581143 0.0617644 0.065368 0.0688948 0.072314 0.0755951 0.0787083 0.0816243 0.0843158 0.0867566 0.0889233 0.0907944 0.0923514 0.093579 0.0944647 0.0949997 0.0951787 0.0949997 0.0944647 0.093579 0.0923514 0.0907944 0.0889233 0.0867566 0.0843158 0.0816243 0.0787083 0.0755951 0.072314 0.0688948 0.065368 0.0617644 0.0581143 0.0544473 0.0507919 0.0471752 0.0436224 0.0401566 0.0367985 0.0335664 0.0304759 0.0275397 0.0247678 0.0221675 0.0197436 0.017498 0.0154306 0.0135391 0.0118192 0.0102651 0.00886966 0.00762453 0.00652067 0.00554844 0.00469793 0.00395917 0.00332234 0.00277794 0.00231698 0.00193112 0.00161275 0.00135515 0.00115249 0.000999944 0.00089372 0.000831085 
0.000967301 0.000991804 0.00106595 0.00119167 0.00137212 0.00161173 0.0019161 0.00229196 0.00274713 0.00329039 0.00393137 0.00468042 0.00554844 0.00654668 0.00768652 0.00897925 0.0104357 0.0120662 0.0138799 0.0158847 0.018087 0.0204912 0.0230995 0.0259118 0.0289249 0.0321332 0.0355278 0.0390966 0.0428246 0.0466935 0.0506821 0.0547664 0.0589197 0.063113 0.0673155 0.0714945 0.0756165 0.0796469 0.0835511 0.0872947 0.090844 0.0941663 0.0972307 0.100008 0.102473 0.1046 0.106369 0.107764 0.10877 0.109378 0.109581 0.109378 0.10877 0.107764 0.106369 0.1046 0.102473 0.100008 0.0972307 0.0941663 0.090844 0.0872947 0.0835511 0.0796469 0.0756165 0.0714945 0.0673155 0.063113 0.0589197 0.0547664 0.0506821 0.0466935 0.0428246 0.0390966 0.0355278 0.0321332 0.0289249 0.0259118 0.0230995 0.0204912 0.018087 0.0158847 0.0138799 0.0120662 0.0104357 0.00897925 0.00768652 0.00654668 0.00554844 0.00468042 0.00393137 0.00329039 0.00274713 0.00229196 0.0019161 0.00161173 0.00137212 0.00119167 0.00106595 0.000991804 
0.00114883 0.0011777 0.00126504 0.00141308 0.0016255 0.00190739 0.00226522 0.00270678 0.00324105 0.00387814 0.00462911 0.0055058 0.00652067 0.00768652 0.0090163 0.0105227 0.012218 0.0141137 0.0162198 0.0185452 0.0210966 0.0238786 0.0268933 0.0301397 0.0336139 0.0373087 0.0412134 0.0453137 0.049592 0.0540269 0.0585938 0.0632651 0.0680102 0.072796 0.0775872 0.0823471 0.0870374 0.0916194 0.0960541 0.100303 0.104328 0.108093 0.111564 0.114708 0.117495 0.119901 0.121901 0.123477 0.124614 0.1253 0.12553 0.1253 0.124614 0.123477 0.121901 0.119901 0.117495 0.114708 0.111564 0.108093 0.104328 0.100303 0.0960541 0.0916194 0.0870374 0.0823471 0.0775872 0.072796 0.0680102 0.0632651 0.0585938 0.0540269 0.049592 0.0453137 0.0412134 0.0373087 0.0336139 0.0301397 0.0268933 0.0238786 0.0210966 0.0185452 0.0162198 0.0141137 0.012218 0.0105227 0.0090163 0.00768652 0.00652067 0.0055058 0.00462911 0.00387814 0.00324105 0.00270678 0.00226522 0.00190739 0.0016255 0.00141308 0.00126504 0.0011777 
0.00135745 0.00139128 0.00149365 0.0016671 0.00191586 0.00224581 0.00266436 0.00318046 0.00380441 0.00454775 0.00542311 0.00644399 0.00762453 0.00897925 0.0105227 0.0122693 0.0142325 0.0164252 0.0188586 0.021542 0.0244828 0.0276855 0.0311519 0.0348802 0.0388654 0.0430985 0.0475667 0.0522532 0.0571373 0.0621943 0.0673959 0.0727104 0.0781029 0.0835357 0.0889691 0.0943614 0.0996697 0.104851 0.109861 0.114656 0.119196 0.12344 0.127349 0.130888 0.134024 0.136729 0.138977 0.140748 0.142025 0.142796 0.143054 0.142796 0.142025 0.140748 0.138977 0.136729 0.134024 0.130888 0.127349 0.12344 0.119196 0.114656 0.109861 0.104851 0.0996697 0.0943614 0.0889691 0.0835357 0.0781029 0.0727104 0.0673959 0.0621943 0.0571373 0.0522532 0.0475667 0.0430985 0.0388654 0.0348802 0.0311519 0.0276855 0.0244828 0.021542 0.0188586 0.0164252 0.0142325 0.0122693 0.0105227 0.00897925 0.00762453 0.00644399 0.00542311 0.00454775 0.00380441 0.00318046 0.00266436 0.00224581 0.00191586 0.0016671 0.00149365 0.00139128 
0.00159565 0.00163511 0.00175446 0.00195664 0.00224647 0.00263067 0.00311774 0.00371787 0.00444279 0.00530564 0.00632077 0.00750345 0.00886966 0.0104357 0.012218 0.0142325 0.0164944 0.0190176 0.0218145 0.0248951 0.0282671 0.031935 0.0359 0.0401595 0.0447068 0.0495312 0.0546173 0.0599454 0.0654916 0.0712273 0.0771201 0.0831339 0.089229 0.095363 0.101491 0.107566 0.113541 0.119367 0.124996 0.130379 0.135471 0.140227 0.144605 0.148566 0.152074 0.155099 0.157612 0.15959 0.161017 0.161878 0.162166 0.161878 0.161017 0.15959 0.157612 0.155099 0.152074 0.148566 0.144605 0.140227 0.135471 0.130379 0.124996 0.119367 0.113541 0.107566 0.101491 0.095363 0.089229 0.0831339 0.0771201 0.0712273 0.0654916 0.0599454 0.0546173 0.0495312 0.0447068 0.0401595 0.0359 0.031935 0.0282671 0.0248951 0.0218145 0.0190176 0.0164944 0.0142325 0.012218 0.0104357 0.00886966 0.00750345 0.00632077 0.00530564 0.00444279 0.00371787 0.00311774 0.00263067 0.00224647 0.00195664 0.00175446 0.00163511 
0.00186593 0.0019117 0.00205014 0.00228457 0.00262051 0.00306559 0.00362946 0.00432369 0.00516158 0.006158 0.00732914 0.0086922 0.0102651 0.0120662 0.0141137 0.0164252 0.0190176 0.0219062 0.0251042 0.0286225 0.0324687 0.0366475 0.0411591 0.0459998 0.0511613 0.0566305 0.0623893 0.0684148 0.0746791 0.0811497 0.0877897 0.094558 0.10141 0.108298 0.115172 0.121979 0.128667 0.135181 0.141469 0.147478 0.153157 0.158457 0.163333 0.167741 0.171643 0.175006 0.177798 0.179996 0.181581 0.182537 0.182856 0.182537 0.181581 0.179996 0.177798 0.175006 0.171643 0.167741 0.163333 0.158457 0.153157 0.147478 0.141469 0.135181 0.128667 0.121979 0.115172 0.108298 0.10141 0.094558 0.0877897 0.0811497 0.0746791 0.0684148 0.0623893 0.0566305 0.0511613 0.0459998 0.0411591 0.0366475 0.0324687 0.0286225 0.0251042 0.0219062 0.0190176 0.0164252 0.0141137 0.0120662 0.0102651 0.0086922 0.00732914 0.006158 0.00516158 0.00432369 0.00362946 0.00306559 0.00262051 0.00228457 0.00205014 0.0019117 
0.00217066 0.00222348 0.00238323 0.00265367 0.00304104 0.00355397 0.00420339 0.00500234 0.00596583 0.00711057 0.00845474 0.0100176 0.0118192 0.0138799 0.0162198 0.0188586 0.0218145 0.0251042 0.028742 0.0327391 0.0371036 0.0418395 0.0469463 0.0524188 0.0582467 0.0644142 0.0709002 0.0776781 0.084716 0.0919767 0.0994184 0.106995 0.114656 0.122348 0.130016 0.137602 0.145046 0.152291 0.159276 0.165946 0.172244 0.178117 0.183515 0.188393 0.192709 0.196426 0.199511 0.201939 0.203688 0.204744 0.205097 0.204744 0.203688 0.201939 0.199511 0.196426 0.192709 0.188393 0.183515 0.178117 0.172244 0.165946 0.159276 0.152291 0.145046 0.137602 0.130016 0.122348 0.114656 0.106995 0.0994184 0.0919767 0.084716 0.0776781 0.0709002 0.0644142 0.0582467 0.0524188 0.0469463 0.0418395 0.0371036 0.0327391 0.028742 0.0251042 0.0218145 0.0188586 0.0162198 0.0138799 0.0118192 0.0100176 0.00845474 0.00711057 0.00596583 0.00500234 0.00420339 0.00355397 0.00304104 0.00265367 0.00238323 0.00222348 
0.00251209 0.00257274 0.00275613 0.0030665 0.00351088 0.00409899 0.00484309 0.00575785 0.00686008 0.00816849 0.00970335 0.0114861 0.0135391 0.0158847 0.0185452 0.021542 0.0248951 0.0286225 0.0327391 0.037257 0.042184 0.0475236 0.0532741 0.0594287 0.0659746 0.0728933 0.08016 0.0877441 0.0956091 0.103713 0.112009 0.120444 0.128964 0.137508 0.146015 0.154422 0.162663 0.170674 0.178392 0.185754 0.192699 0.19917 0.205114 0.210481 0.215227 0.219312 0.222702 0.225368 0.227288 0.228447 0.228834 0.228447 0.227288 0.225368 0.222702 0.219312 0.215227 0.210481 0.205114 0.19917 0.192699 0.185754 0.178392 0.170674 0.162663 0.154422 0.146015 0.137508 0.128964 0.120444 0.112009 0.103713 0.0956091 0.0877441 0.08016 0.0728933 0.0659746 0.0594287 0.0532741 0.0475236 0.042184 0.037257 0.0327391 0.0286225 0.0248951 0.021542 0.0185452 0.0158847 0.0135391 0.0114861 0.00970335 0.00816849 0.00686008 0.00575785 0.00484309 0.00409899 0.00351088 0.0030665 0.00275613 0.00257274 
0.00289226 0.00296155 0.003171 0.00352537 0.00403256 0.00470342 0.00555168 0.0065937 0.00784823 0.00933609 0.0110798 0.0131031 0.0154306 0.018087 0.0210966 0.0244828 0.0282671 0.0324687 0.0371036 0.042184 0.0477176 0.0537069 0.0601491 0.0670352 0.0743496 0.0820707 0.0901697 0.0986116 0.107355 0.116353 0.125551 0.134894 0.144317 0.153757 0.163144 0.17241 0.181484 0.190295 0.198774 0.206855 0.214471 0.221562 0.22807 0.233942 0.239131 0.243595 0.247297 0.250209 0.252305 0.253569 0.253992 0.253569 0.252305 0.250209 0.247297 0.243595 0.239131 0.233942 0.22807 0.221562 0.214471 0.206855 0.198774 0.190295 0.181484 0.17241 0.163144 0.153757 0.144317 0.134894 0.125551 0.116353 0.107355 0.0986116 0.0901697 0.0820707 0.0743496 0.0670352 0.0601491 0.0537069 0.0477176 0.042184 0.0371036 0.0324687 0.0282671 0.0244828 0.0210966 0.018087 0.0154306 0.0131031 0.0110798 0.00933609 0.00784823 0.0065937 0.00555168 0.00470342 0.00403256 0.00352537 0.003171 0.00296155 
0.00331294 0.00339168 0.00362968 0.00403226 0.00460819 0.00536957 0.00633168 0.00751268 0.00893336 0.0106168 0.0125878 0.0148725 0.017498 0.0204912 0.0238786 0.0276855 0.031935 0.0366475 0.0418395 0.0475236 0.0537069 0.0603912 0.0675716 0.0752368 0.0833684 0.0919408 0.100921 0.110269 0.119939 0.129877 0.140024 0.150316 0.160685 0.171058 0.181362 0.19152 0.201457 0.211095 0.220361 0.229182 0.237488 0.245215 0.2523 0.258689 0.264332 0.269182 0.273204 0.276364 0.27864 0.280012 0.280471 0.280012 0.27864 0.276364 0.273204 0.269182 0.264332 0.258689 0.2523 0.245215 0.237488 0.229182 0.220361 0.211095 0.201457 0.19152 0.181362 0.171058 0.160685 0.150316 0.140024 0.129877 0.119939 0.110269 0.100921 0.0919408 0.0833684 0.0752368 0.0675716 0.0603912 0.0537069 0.0475236 0.0418395 0.0366475 0.031935 0.0276855 0.0238786 0.0204912 0.017498 0.0148725 0.0125878 0.0106168 0.00893336 0.00751268 0.00633168 0.00536957 0.00460819 0.00403226 0.00362968 0.00339168 
0.0037755 0.00386454 0.00413364 0.00458868 0.0052394 0.0060992 0.00718497 0.00851679 0.0101176 0.0120128 0.0142296 0.0167967 0.0197436 0.0230995 0.0268933 0.0311519 0.0359 0.0411591 0.0469463 0.0532741 0.0601491 0.0675716 0.0755347 0.0840245 0.093019 0.102489 0.112396 0.122696 0.133335 0.144255 0.155391 0.16667 0.17802 0.18936 0.200611 0.211689 0.222512 0.232999 0.24307 0.252647 0.261657 0.270031 0.277703 0.284617 0.290717 0.295959 0.300303 0.303716 0.306172 0.307652 0.308147 0.307652 0.306172 0.303716 0.300303 0.295959 0.290717 0.284617 0.277703 0.270031 0.261657 0.252647 0.24307 0.232999 0.222512 0.211689 0.200611 0.18936 0.17802 0.16667 0.155391 0.144255 0.133335 0.122696 0.112396 0.102489 0.093019 0.0840245 0.0755347 0.0675716 0.0601491 0.0532741 0.0469463 0.0411591 0.0359 0.0311519 0.0268933 0.0230995 0.0197436 0.0167967 0.0142296 0.0120128 0.0101176 0.00851679 0.00718497 0.0060992 0.0052394 0.00458868 0.00413364 0.00386454 
0.00428095 0.00438113 0.00468387 0.00519565 0.00592722 0.00689334 0.0081126 0.00960708 0.0114019 0.013525 0.016006 0.0188762 0.0221675 0.0259118 0.0301397 0.0348802 0.0401595 0.0459998 0.0524188 0.0594287 0.0670352 0.0752368 0.0840245 0.0933811 0.103281 0.11369 0.124565 0.135856 0.147504 0.159443 0.171602 0.183902 0.196261 0.208595 0.220816 0.232835 0.244563 0.255913 0.266801 0.277145 0.286866 0.295892 0.304156 0.311595 0.318156 0.32379 0.328456 0.33212 0.334756 0.336346 0.336877 0.336346 0.334756 0.33212 0.328456 0.32379 0.318156 0.311595 0.304156 0.295892 0.286866 0.277145 0.266801 0.255913 0.244563 0.232835 0.220816 0.208595 0.196261 0.183902 0.171602 0.159443 0.147504 0.135856 0.124565 0.11369 0.103281 0.0933811 0.0840245 0.0752368 0.0670352 0.0594287 0.0524188 0.0459998 0.0401595 0.0348802 0.0301397 0.0259118 0.0221675 0.0188762 0.016006 0.013525 0.0114019 0.00960708 0.0081126 0.00689334 0.00592722 0.00519565 0.00468387 0.00438113 
0.00482975 0.00494192 0.00528082 0.0058536 0.00667201 0.00775228 0.00911474 0.0107835 0.0127862 0.0151529 0.017916 0.0211095 0.0247678 0.0289249 0.0336139 0.0388654 0.0447068 0.0511613 0.0582467 0.0659746 0.0743496 0.0833684 0.093019 0.103281 0.114124 0.12551 0.13739 0.149707 0.162396 0.175385 0.188595 0.20194 0.215333 0.22868 0.241887 0.25486 0.267504 0.279726 0.291436 0.302549 0.312983 0.322661 0.331514 0.339478 0.346496 0.352518 0.357504 0.361417 0.364232 0.365928 0.366495 0.365928 0.364232 0.361417 0.357504 0.352518 0.346496 0.339478 0.331514 0.322661 0.312983 0.302549 0.291436 0.279726 0.267504 0.25486 0.241887 0.22868 0.215333 0.20194 0.188595 0.175385 0.162396 0.149707 0.13739 0.12551 0.114124 0.103281 0.093019 0.0833684 0.0743496 0.0659746 0.0582467 0.0511613 0.0447068 0.0388654 0.0336139 0.0289249 0.0247678 0.0211095 0.017916 0.0151529 0.0127862 0.0107835 0.00911474 0.00775228 0.00667201 0.0058536 0.00528082 0.00494192 
0.00542182 0.00554679 0.00592434 0.00656226 0.0074734 0.00867543 0.0101905 0.012045 0.0142686 0.0168943 0.0199569 0.0234931 0.0275397 0.0321332 0.0373087 0.0430985 0.0495312 0.0566305 0.0644142 0.0728933 0.0820707 0.0919408 0.102489 0.11369 0.12551 0.137904 0.150819 0.164191 0.177949 0.192011 0.206293 0.220703 0.235143 0.249515 0.263719 0.277652 0.291214 0.304309 0.31684 0.328719 0.33986 0.350185 0.35962 0.3681 0.375568 0.381973 0.387271 0.391429 0.394418 0.396219 0.39682 0.396219 0.394418 0.391429 0.387271 0.381973 0.375568 0.3681 0.35962 0.350185 0.33986 0.328719 0.31684 0.304309 0.291214 0.277652 0.263719 0.249515 0.235143 0.220703 0.206293 0.192011 0.177949 0.164191 0.150819 0.137904 0.12551 0.11369 0.102489 0.0919408 0.0820707 0.0728933 0.0644142 0.0566305 0.0495312 0.0430985 0.0373087 0.0321332 0.0275397 0.0234931 0.0199569 0.0168943 0.0142686 0.012045 0.0101905 0.00867543 0.0074734 0.00656226 0.00592434 0.00554679 
0.00605646 0.00619503 0.00661361 0.00732066 0.00833014 0.00966125 0.011338 0.013389 0.0158463 0.0187453 0.0221238 0.0260208 0.0304759 0.0355278 0.0412134 0.0475667 0.0546173 0.0623893 0.0709002 0.08016 0.0901697 0.100921 0.112396 0.124565 0.13739 0.150819 0.164794 0.179243 0.194087 0.209241 0.224609 0.240093 0.255589 0.270991 0.286191 0.301083 0.31556 0.32952 0.342865 0.355499 0.367336 0.378294 0.388299 0.397284 0.40519 0.411966 0.417568 0.421962 0.42512 0.427022 0.427658 0.427022 0.42512 0.421962 0.417568 0.411966 0.40519 0.397284 0.388299 0.378294 0.367336 0.355499 0.342865 0.32952 0.31556 0.301083 0.286191 0.270991 0.255589 0.240093 0.224609 0.209241 0.194087 0.179243 0.164794 0.150819 0.13739 0.124565 0.112396 0.100921 0.0901697 0.08016 0.0709002 0.0623893 0.0546173 0.0475667 0.0412134 0.0355278 0.0304759 0.0260208 0.0221238 0.0187453 0.0158463 0.013389 0.011338 0.00966125 0.00833014 0.00732066 0.00661361 0.00619503 
0.0067323 0.00688522 0.00734707 0.00812701 0.00924015 0.0107072 0.0125542 0.0148117 0.0175144 0.0207003 0.0244098 0.0286845 0.0335664 0.0390966 0.0453137 0.0522532 0.0599454 0.0684148 0.0776781 0.0877441 0.0986116 0.110269 0.122696 0.135856 0.149707 0.164191 0.179243 0.194784 0.210728 0.226981 0.243442 0.260004 0.276555 0.292983 0.309174 0.325015 0.340395 0.355207 0.369348 0.382722 0.395237 0.406811 0.417368 0.42684 0.435168 0.442301 0.448195 0.452815 0.456135 0.458134 0.458802 0.458134 0.456135 0.452815 0.448195 0.442301 0.435168 0.42684 0.417368 0.406811 0.395237 0.382722 0.369348 0.355207 0.340395 0.325015 0.309174 0.292983 0.276555 0.260004 0.243442 0.226981 0.210728 0.194784 0.179243 0.164191 0.149707 0.135856 0.122696 0.110269 0.0986116 0.0877441 0.0776781 0.0684148 0.0599454 0.0522532 0.0453137 0.0390966 0.0335664 0.0286845 0.0244098 0.0207003 0.0175144 0.0148117 0.0125542 0.0107072 0.00924015 0.00812701 0.00734707 0.00688522 
0.00744724 0.0076152 0.0081224 0.00897872 0.0102004 0.0118097 0.0138346 0.0163079 0.0192668 0.0227518 0.0268059 0.0314733 0.0367985 0.0428246 0.049592 0.0571373 0.0654916 0.0746791 0.084716 0.0956091 0.107355 0.119939 0.133335 0.147504 0.162396 0.177949 0.194087 0.210728 0.227777 0.245132 0.262683 0.280317 0.297915 0.315358 0.332525 0.349299 0.365563 0.381206 0.396121 0.41021 0.42338 0.435546 0.446632 0.456571 0.465301 0.472773 0.478944 0.483779 0.487251 0.489342 0.49004 0.489342 0.487251 0.483779 0.478944 0.472773 0.465301 0.456571 0.446632 0.435546 0.42338 0.41021 0.396121 0.381206 0.365563 0.349299 0.332525 0.315358 0.297915 0.280317 0.262683 0.245132 0.227777 0.210728 0.194087 0.177949 0.162396 0.147504 0.133335 0.119939 0.107355 0.0956091 0.084716 0.0746791 0.0654916 0.0571373 0.049592 0.0428246 0.0367985 0.0314733 0.0268059 0.0227518 0.0192668 0.0163079 0.0138346 0.0118097 0.0102004 0.00897872 0.0081224 0.0076152 
0.00819846 0.00838208 0.00893649 0.00987229 0.0112069 0.0129641 0.0151739 0.0178712 0.0210956 0.0248904 0.0293009 0.0343741 0.0401566 0.0466935 0.0540269 0.0621943 0.0712273 0.0811497 0.0919767 0.103713 0.116353 0.129877 0.144255 0.159443 0.175385 0.192011 0.209241 0.226981 0.245132 0.263581 0.282214 0.300907 0.319536 0.337975 0.356097 0.373779 0.3909 0.407346 0.423008 0.437783 0.451578 0.464309 0.475897 0.486275 0.495385 0.503176 0.509606 0.514641 0.518256 0.520432 0.521159 0.520432 0.518256 0.514641 0.509606 0.503176 0.495385 0.486275 0.475897 0.464309 0.451578 0.437783 0.423008 0.407346 0.3909 0.373779 0.356097 0.337975 0.319536 0.300907 0.282214 0.263581 0.245132 0.226981 0.209241 0.192011 0.175385 0.159443 0.144255 0.129877 0.116353 0.103713 0.0919767 0.0811497 0.0712273 0.0621943 0.0540269 0.0466935 0.0401566 0.0343741 0.0293009 0.0248904 0.0210956 0.0178712 0.0151739 0.0129641 0.0112069 0.00987229 0.00893649 0.00838208 
0.00898238 0.00918219 0.00978543 0.0108034 0.0122547 0.0141646 0.0165651 0.0194933 0.0229913 0.0271048 0.0318817 0.0373713 0.0436224 0.0506821 0.0585938 0.0673959 0.0771201 0.0877897 0.0994184 0.112009 0.125551 0.140024 0.155391 0.171602 0.188595 0.206293 0.224609 0.243442 0.262683 0.282214 0.30191 0.321642 0.341278 0.360686 0.379734 0.398294 0.41624 0.433456 0.449829 0.465256 0.479643 0.492904 0.504963 0.515753 0.525216 0.533302 0.539972 0.545192 0.548939 0.551193 0.551946 0.551193 0.548939 0.545192 0.539972 0.533302 0.525216 0.515753 0.504963 0.492904 0.479643 0.465256 0.449829 0.433456 0.41624 0.398294 0.379734 0.360686 0.341278 0.321642 0.30191 0.282214 0.262683 0.243442 0.224609 0.206293 0.188595 0.171602 0.155391 0.140024 0.125551 0.112009 0.0994184 0.0877897 0.0771201 0.0673959 0.0585938 0.0506821 0.0436224 0.0373713 0.0318817 0.0271048 0.0229913 0.0194933 0.0165651 0.0141646 0.0122547 0.0108034 0.00978543 0.00918219 
0.00979465 0.0100111 0.0106645 0.0117668 0.0133378 0.0154044 0.0180004 0.0211651 0.0249429 0.029382 0.0345329 0.0404469 0.0471752 0.0547664 0.0632651 0.0727104 0.0831339 0.094558 0.106995 0.120444 0.134894 0.150316 0.16667 0.183902 0.20194 0.220703 0.240093 0.260004 0.280317 0.300907 0.321642 0.342385 0.362998 0.383343 0.403281 0.422681 0.441414 0.45936 0.476405 0.492445 0.507386 0.521142 0.533637 0.544806 0.554593 0.56295 0.569839 0.575227 0.579093 0.581418 0.582195 0.581418 0.579093 0.575227 0.569839 0.56295 0.554593 0.544806 0.533637 0.521142 0.507386 0.492445 0.476405 0.45936 0.441414 0.422681 0.403281 0.383343 0.362998 0.342385 0.321642 0.300907 0.280317 0.260004 0.240093 0.220703 0.20194 0.183902 0.16667 0.150316 0.134894 0.120444 0.106995 0.094558 0.0831339 0.0727104 0.0632651 0.0547664 0.0471752 0.0404469 0.0345329 0.029382 0.0249429 0.0211651 0.0180004 0.0154044 0.0133378 0.0117668 0.0106645 0.0100111 
0.0106302 0.0108636 0.0115682 0.0127565 0.0144495 0.0166757 0.0194706 0.0228758 0.0269379 0.0317075 0.0372374 0.0435812 0.0507919 0.0589197 0.0680102 0.0781029 0.089229 0.10141 0.114656 0.128964 0.144317 0.160685 0.17802 0.196261 0.215333 0.235143 0.255589 0.276555 0.297915 0.319536 0.341278 0.362998 0.384551 0.405792 0.42658 0.446778 0.466255 0.484887 0.502561 0.519171 0.534624 0.548835 0.56173 0.573245 0.583325 0.591926 0.599011 0.60455 0.608522 0.610911 0.611708 0.610911 0.608522 0.60455 0.599011 0.591926 0.583325 0.573245 0.56173 0.548835 0.534624 0.519171 0.502561 0.484887 0.466255 0.446778 0.42658 0.405792 0.384551 0.362998 0.341278 0.319536 0.297915 0.276555 0.255589 0.235143 0.215333 0.196261 0.17802 0.160685 0.144317 0.128964 0.114656 0.10141 0.089229 0.0781029 0.0680102 0.0589197 0.0507919 0.0435812 0.0372374 0.0317075 0.0269379 0.0228758 0.0194706 0.0166757 0.0144495 0.0127565 0.0115682 0.0108636 
0.0114833 0.0117339 0.0124902 0.0137656 0.015582 0.0179696 0.0209655 0.0246134 0.0289624 0.034065 0.0399764 0.0467523 0.0544473 0.063113 0.072796 0.0835357 0.095363 0.108298 0.122348 0.137508 0.153757 0.171058 0.18936 0.208595 0.22868 0.249515 0.270991 0.292983 0.315358 0.337975 0.360686 0.383343 0.405792 0.427886 0.449478 0.470426 0.490599 0.50987 0.528126 0.545262 0.561183 0.575807 0.589063 0.600888 0.61123 0.620048 0.627305 0.632977 0.637041 0.639486 0.640301 0.639486 0.637041 0.632977 0.627305 0.620048 0.61123 0.600888 0.589063 0.575807 0.561183 0.545262 0.528126 0.50987 0.490599 0.470426 0.449478 0.427886 0.405792 0.383343 0.360686 0.337975 0.315358 0.292983 0.270991 0.249515 0.22868 0.208595 0.18936 0.171058 0.153757 0.137508 0.122348 0.108298 0.095363 0.0835357 0.072796 0.063113 0.0544473 0.0467523 0.0399764 0.034065 0.0289624 0.0246134 0.0209655 0.0179696 0.015582 0.0137656 0.0124902 0.0117339 
0.0123475 0.0126154 0.0134237 0.0147865 0.0167269 0.0192764 0.0224739 0.0263652 0.0310012 0.0364369 0.0427295 0.0499365 0.0581143 0.0673155 0.0775872 0.0889691 0.101491 0.115172 0.130016 0.146015 0.163144 0.181362 0.200611 0.220816 0.241887 0.263719 0.286191 0.309174 0.332525 0.356097 0.379734 0.403281 0.42658 0.449478 0.471822 0.493472 0.51429 0.534151 0.552939 0.570552 0.586897 0.601892 0.615468 0.627567 0.638139 0.647145 0.654553 0.660338 0.664483 0.666975 0.667806 0.666975 0.664483 0.660338 0.654553 0.647145 0.638139 0.627567 0.615468 0.601892 0.586897 0.570552 0.552939 0.534151 0.51429 0.493472 0.471822 0.449478 0.42658 0.403281 0.379734 0.356097 0.332525 0.309174 0.286191 0.263719 0.241887 0.220816 0.200611 0.181362 0.163144 0.146015 0.130016 0.115172 0.101491 0.0889691 0.0775872 0.0673155 0.0581143 0.0499365 0.0427295 0.0364369 0.0310012 0.0263652 0.0224739 0.0192764 0.0167269 0.0147865 0.0134237 0.0126154 
0.0132158 0.0135009 0.0143611 0.0158111 0.017875 0.0205857 0.0239838 0.028117 0.0330383 0.0388046 0.0454751 0.0531092 0.0617644 0.0714945 0.0823471 0.0943614 0.107566 0.121979 0.137602 0.154422 0.17241 0.19152 0.211689 0.232835 0.25486 0.277652 0.301083 0.325015 0.349299 0.373779 0.398294 0.422681 0.446778 0.470426 0.493472 0.515768 0.537179 0.557578 0.576849 0.594891 0.611613 0.626936 0.640794 0.65313 0.663901 0.673068 0.680602 0.686484 0.690695 0.693226 0.69407 0.693226 0.690695 0.686484 0.680602 0.673068 0.663901 0.65313 0.640794 0.626936 0.611613 0.594891 0.576849 0.557578 0.537179 0.515768 0.493472 0.470426 0.446778 0.422681 0.398294 0.373779 0.349299 0.325015 0.301083 0.277652 0.25486 0.232835 0.211689 0.19152 0.17241 0.154422 0.137602 0.121979 0.107566 0.0943614 0.0823471 0.0714945 0.0617644 0.0531092 0.0454751 0.0388046 0.0330383 0.028117 0.0239838 0.0205857 0.017875 0.0158111 0.0143611 0.0135009 
0.0140808 0.0143829 0.0152944 0.0168305 0.0190165 0.0218863 0.0254825 0.0298543 0.0350567 0.0411485 0.0481907 0.0562443 0.065368 0.0756165 0.0870374 0.0996697 0.113541 0.128667 0.145046 0.162663 0.181484 0.201457 0.222512 0.244563 0.267504 0.291214 0.31556 0.340395 0.365563 0.3909 0.41624 0.441414 0.466255 0.490599 0.51429 0.537179 0.559129 0.580013 0.599717 0.61814 0.635193 0.650801 0.664902 0.677441 0.688378 0.697679 0.705319 0.711279 0.715544 0.718107 0.718962 0.718107 0.715544 0.711279 0.705319 0.697679 0.688378 0.677441 0.664902 0.650801 0.635193 0.61814 0.599717 0.580013 0.559129 0.537179 0.51429 0.490599 0.466255 0.441414 0.41624 0.3909 0.365563 0.340395 0.31556 0.291214 0.267504 0.244563 0.222512 0.201457 0.181484 0.162663 0.145046 0.128667 0.113541 0.0996697 0.0870374 0.0756165 0.065368 0.0562443 0.0481907 0.0411485 0.0350567 0.0298543 0.0254825 0.0218863 0.0190165 0.0168305 0.0152944 0.0143829 
0.0149345 0.0152533 0.0162151 0.0178357 0.0201411 0.0231669 0.0269568 0.0315619 0.0370389 0.0434484 0.050853 0.0593152 0.0688948 0.0796469 0.0916194 0.104851 0.119367 0.135181 0.152291 0.170674 0.190295 0.211095 0.232999 0.255913 0.279726 0.304309 0.32952 0.355207 0.381206 0.407346 0.433456 0.45936 0.484887 0.50987 0.534151 0.557578 0.580013 0.60133 0.621417 0.640173 0.657514 0.673367 0.687672 0.70038 0.711455 0.720865 0.728588 0.73461 0.738918 0.741505 0.742368 0.741505 0.738918 0.73461 0.728588 0.720865 0.711455 0.70038 0.687672 0.673367 0.657514 0.640173 0.621417 0.60133 0.580013 0.557578 0.534151 0.50987 0.484887 0.45936 0.433456 0.407346 0.381206 0.355207 0.32952 0.304309 0.279726 0.255913 0.232999 0.211095 0.190295 0.170674 0.152291 0.135181 0.119367 0.104851 0.0916194 0.0796469 0.0688948 0.0593152 0.050853 0.0434484 0.0370389 0.0315619 0.0269568 0.0231669 0.0201411 0.0178357 0.0162151 0.0152533 
0.015769 0.016104 0.0171145 0.0188171 0.0212385 0.0244154 0.028393 0.0332241 0.0389669 0.0456836 0.0534384 0.0622949 0.072314 0.0835511 0.0960541 0.109861 0.124996 0.141469 0.159276 0.178392 0.198774 0.220361 0.24307 0.266801 0.291436 0.31684 0.342865 0.369348 0.396121 0.423008 0.449829 0.476405 0.502561 0.528126 0.552939 0.576849 0.599717 0.621417 0.641837 0.660882 0.678468 0.694526 0.709001 0.721847 0.733031 0.742526 0.750314 0.756382 0.760722 0.763327 0.764196 0.763327 0.760722 0.756382 0.750314 0.742526 0.733031 0.721847 0.709001 0.694526 0.678468 0.660882 0.641837 0.621417 0.599717 0.576849 0.552939 0.528126 0.502561 0.476405 0.449829 0.423008 0.396121 0.369348 0.342865 0.31684 0.291436 0.266801 0.24307 0.220361 0.198774 0.178392 0.159276 0.141469 0.124996 0.109861 0.0960541 0.0835511 0.072314 0.0622949 0.0534384 0.0456836 0.0389669 0.0332241 0.028393 0.0244154 0.0212385 0.0188171 0.0171145 0.016104 
0.0165758 0.0169264 0.0179838 0.019765 0.0222978 0.0256198 0.0297776 0.0348253 0.0408227 0.0478335 0.0559233 0.0651566 0.0755951 0.0872947 0.100303 0.114656 0.130379 0.147478 0.165946 0.185754 0.206855 0.229182 0.252647 0.277145 0.302549 0.328719 0.355499 0.382722 0.41021 0.437783 0.465256 0.492445 0.519171 0.545262 0.570552 0.594891 0.61814 0.640173 0.660882 0.680172 0.697963 0.714191 0.728802 0.741757 0.753025 0.762585 0.77042 0.776521 0.780882 0.7835 0.784373 0.7835 0.780882 0.776521 0.77042 0.762585 0.753025 0.741757 0.728802 0.714191 0.697963 0.680172 0.660882 0.640173 0.61814 0.594891 0.570552 0.545262 0.519171 0.492445 0.465256 0.437783 0.41021 0.382722 0.355499 0.328719 0.302549 0.277145 0.252647 0.229182 0.206855 0.185754 0.165946 0.147478 0.130379 0.114656 0.100303 0.0872947 0.0755951 0.0651566 0.0559233 0.0478335 0.0408227 0.0348253 0.0297776 0.0256198 0.0222978 0.019765 0.0179838 0.0169264 
