0.000190809 0.000195589 0.000210059 0.000234609 0.000269889 0.000316803 0.000376509 0.000450406 0.000540132 0.000647545 0.000774711 0.000923878 0.00109745 0.00129797 0.00152804 0.00179032 0.00208746 0.00242203 0.00279647 0.00321303 0.00367366 0.00417998 0.00473318 0.00533398 0.00598249 0.00667823 0.00742001 0.00820593 0.0090333 0.00989867 0.0107978 0.0117256 0.0126763 0.0136433 0.0146197 0.0155976 0.0165688 0.0175248 0.0184568 0.0193558 0.020213 0.0210197 0.0217673 0.0224479 0.0230541 0.0235791 0.0240171 0.0243631 0.0246132 0.0247644 0.0248149 0.0247644 0.0246132 0.0243631 0.0240171 0.0235791 0.0230541 0.0224479 0.0217673 0.0210197 0.020213 0.0193558 0.0184568 0.0175248 0.0165688 0.0155976 0.0146197 0.0136433 0.0126763 0.0117256 0.0107978 0.00989867 0.0090333 0.00820593 0.00742001 0.00667823 0.00598249 0.00533398 0.00473318 0.00417998 0.00367366 0.00321303 0.00279647 0.00242203 0.00208746 0.00179032 0.00152804 0.00129797 0.00109745 0.000923878 0.000774711 0.000647545 0.000540132 0.000450406 0.000376509 0.000316803 0.000269889 0.000234609 0.000210059 0.000195589 
0.000195589 0.00020048 0.000215288 0.000240409 0.000276508 0.000324505 0.000385582 0.000461165 0.000552924 0.000662753 0.000792756 0.000945224 0.00112261 0.00132748 0.00156251 0.00183039 0.00213382 0.0024754 0.00285762 0.00328273 0.00375274 0.00426928 0.00483354 0.00544623 0.00610746 0.00681671 0.00757277 0.00837368 0.00921669 0.0100983 0.0110141 0.0119589 0.012927 0.0139116 0.0149055 0.0159008 0.0168893 0.0178621 0.0188104 0.019725 0.020597 0.0214175 0.0221779 0.0228701 0.0234866 0.0240205 0.0244659 0.0248177 0.025072 0.0252257 0.0252771 0.0252257 0.025072 0.0248177 0.0244659 0.0240205 0.0234866 0.0228701 0.0221779 0.0214175 0.020597 0.019725 0.0188104 0.0178621 0.0168893 0.0159008 0.0149055 0.0139116 0.012927 0.0119589 0.0110141 0.0100983 0.00921669 0.00837368 0.00757277 0.00681671 0.00610746 0.00544623 0.00483354 0.00426928 0.00375274 0.00328273 0.00285762 0.0024754 0.00213382 0.00183039 0.00156251 0.00132748 0.00112261 0.000945224 0.000792756 0.000662753 0.000552924 0.000461165 0.000385582 0.000324505 0.000276508 0.000240409 0.000215288 0.00020048 
0.000210059 0.000215288 0.000231116 0.000257965 0.000296537 0.000347809 0.000413029 0.000493708 0.000591611 0.00070874 0.000847315 0.00100975 0.00119864 0.00141668 0.00166668 0.00195147 0.00227387 0.00263661 0.00304228 0.00349324 0.00399156 0.0045389 0.0051365 0.00578505 0.00648462 0.00723461 0.0080337 0.00887978 0.0097699 0.0107003 0.0116664 0.0126627 0.0136831 0.0147204 0.0157672 0.016815 0.0178552 0.0188786 0.0198759 0.0208376 0.0217542 0.0226164 0.0234152 0.0241423 0.0247897 0.0253503 0.0258179 0.0261872 0.0264541 0.0266155 0.0266694 0.0266155 0.0264541 0.0261872 0.0258179 0.0253503 0.0247897 0.0241423 0.0234152 0.0226164 0.0217542 0.0208376 0.0198759 0.0188786 0.0178552 0.016815 0.0157672 0.0147204 0.0136831 0.0126627 0.0116664 0.0107003 0.0097699 0.00887978 0.0080337 0.00723461 0.00648462 0.00578505 0.0051365 0.0045389 0.00399156 0.00349324 0.00304228 0.00263661 0.00227387 0.00195147 0.00166668 0.00141668 0.00119864 0.00100975 0.000847315 0.00070874 0.000591611 0.000493708 0.000413029 0.000347809 0.000296537 0.000257965 0.000231116 0.000215288 
0.000234609 0.000240409 0.000257965 0.000287738 0.000330496 0.000387307 0.000459536 0.000548835 0.000657127 0.000786595 0.000939658 0.00111894 0.00132725 0.00156753 0.0018428 0.00215612 0.00251053 0.00290896 0.00335418 0.0038487 0.0043947 0.00499394 0.00564768 0.00635659 0.00712068 0.00793922 0.00881068 0.0097327 0.010702 0.0117145 0.0127651 0.0138478 0.0149559 0.0160818 0.0172172 0.0183532 0.0194802 0.0205885 0.021668 0.0227085 0.0236997 0.0246318 0.0254951 0.0262805 0.0269797 0.0275851 0.0280899 0.0284885 0.0287765 0.0289507 0.0290089 0.0289507 0.0287765 0.0284885 0.0280899 0.0275851 0.0269797 0.0262805 0.0254951 0.0246318 0.0236997 0.0227085 0.021668 0.0205885 0.0194802 0.0183532 0.0172172 0.0160818 0.0149559 0.0138478 0.0127651 0.0117145 0.010702 0.0097327 0.00881068 0.00793922 0.00712068 0.00635659 0.00564768 0.00499394 0.0043947 0.0038487 0.00335418 0.00290896 0.00251053 0.00215612 0.0018428 0.00156753 0.00132725 0.00111894 0.000939658 0.000786595 0.000657127 0.000548835 0.000459536 0.000387307 0.000330496 0.000287738 0.000257965 0.000240409 
0.000269889 0.000276508 0.000296537 0.000330496 0.000379245 0.000443984 0.000526242 0.000627869 0.000751016 0.000898122 0.00107188 0.00127523 0.00151128 0.00178328 0.00209459 0.0024486 0.00284862 0.00329789 0.00379942 0.00435593 0.00496977 0.00564281 0.00637634 0.00717101 0.00802672 0.00894254 0.00991668 0.0109464 0.012028 0.0131567 0.014327 0.015532 0.0167644 0.0180155 0.0192763 0.0205368 0.0217865 0.0230147 0.0242103 0.0253619 0.0264585 0.0274892 0.0284434 0.0293112 0.0300835 0.0307519 0.0313091 0.0317491 0.0320669 0.032259 0.0323233 0.032259 0.0320669 0.0317491 0.0313091 0.0307519 0.0300835 0.0293112 0.0284434 0.0274892 0.0264585 0.0253619 0.0242103 0.0230147 0.0217865 0.0205368 0.0192763 0.0180155 0.0167644 0.015532 0.014327 0.0131567 0.012028 0.0109464 0.00991668 0.00894254 0.00802672 0.00717101 0.00637634 0.00564281 0.00496977 0.00435593 0.00379942 0.00329789 0.00284862 0.0024486 0.00209459 0.00178328 0.00151128 0.00127523 0.00107188 0.000898122 0.000751016 0.000627869 0.000526242 0.000443984 0.000379245 0.000330496 0.000296537 0.000276508 
0.000316803 0.000324505 0.000347809 0.000387307 0.000443984 0.00051921 0.00061473 0.000732651 0.000875425 0.00104582 0.00124691 0.001482 0.00175461 0.00206843 0.00242722 0.00283477 0.00329481 0.00381093 0.00438645 0.00502437 0.00572725 0.00649708 0.00733521 0.00824223 0.0092179 0.010261 0.0113694 0.0125399 0.0137682 0.0150487 0.0163751 0.0177397 0.019134 0.0205483 0.0219723 0.0233949 0.0248043 0.0261885 0.0275349 0.028831 0.0300645 0.0312232 0.0322954 0.0332701 0.0341372 0.0348873 0.0355126 0.0360061 0.0363626 0.0365781 0.0366502 0.0365781 0.0363626 0.0360061 0.0355126 0.0348873 0.0341372 0.0332701 0.0322954 0.0312232 0.0300645 0.028831 0.0275349 0.0261885 0.0248043 0.0233949 0.0219723 0.0205483 0.019134 0.0177397 0.0163751 0.0150487 0.0137682 0.0125399 0.0113694 0.010261 0.0092179 0.00824223 0.00733521 0.00649708 0.00572725 0.00502437 0.00438645 0.00381093 0.00329481 0.00283477 0.00242722 0.00206843 0.00175461 0.001482 0.00124691 0.00104582 0.000875425 0.000732651 0.00061473 0.00051921 0.000443984 0.000387307 0.000347809 0.000324505 
0.000376509 0.000385582 0.000413029 0.000459536 0.000526242 0.00061473 0.000727013 0.000865522 0.00103308 0.00123288 0.00146843 0.00174353 0.00206222 0.00242867 0.00284719 0.00332207 0.00385751 0.00445754 0.00512588 0.00586587 0.00668028 0.00757128 0.00854026 0.00958773 0.0107132 0.0119153 0.0131912 0.0145371 0.015948 0.0174175 0.0189382 0.0205011 0.0220965 0.0237134 0.02534 0.0269636 0.0285709 0.0301482 0.0316814 0.0331564 0.0345592 0.0358762 0.0370942 0.038201 0.0391851 0.0400363 0.0407455 0.0413052 0.0417093 0.0419536 0.0420353 0.0419536 0.0417093 0.0413052 0.0407455 0.0400363 0.0391851 0.038201 0.0370942 0.0358762 0.0345592 0.0331564 0.0316814 0.0301482 0.0285709 0.0269636 0.02534 0.0237134 0.0220965 0.0205011 0.0189382 0.0174175 0.015948 0.0145371 0.0131912 0.0119153 0.0107132 0.00958773 0.00854026 0.00757128 0.00668028 0.00586587 0.00512588 0.00445754 0.00385751 0.00332207 0.00284719 0.00242867 0.00206222 0.00174353 0.00146843 0.00123288 0.00103308 0.000865522 0.000727013 0.00061473 0.000526242 0.000459536 0.000413029 0.000385582 
0.000450406 0.000461165 0.000493708 0.000548835 0.000627869 0.000732651 0.000865522 0.0010293 0.00122727 0.00146311 0.00174088 0.00206498 0.00244002 0.00287083 0.00336231 0.00391935 0.00454673 0.00524901 0.00603037 0.00689451 0.0078445 0.00888266 0.0100104 0.0112281 0.0125352 0.0139295 0.015408 0.016966 0.0185974 0.0202949 0.0220497 0.0238515 0.0256891 0.0275497 0.0294197 0.0312848 0.0331296 0.0349386 0.0366957 0.0383849 0.0399905 0.041497 0.0428895 0.0441543 0.0452783 0.0462502 0.0470597 0.0476984 0.0481596 0.0484382 0.0485314 0.0484382 0.0481596 0.0476984 0.0470597 0.0462502 0.0452783 0.0441543 0.0428895 0.041497 0.0399905 0.0383849 0.0366957 0.0349386 0.0331296 0.0312848 0.0294197 0.0275497 0.0256891 0.0238515 0.0220497 0.0202949 0.0185974 0.016966 0.015408 0.0139295 0.0125352 0.0112281 0.0100104 0.00888266 0.0078445 0.00689451 0.00603037 0.00524901 0.00454673 0.00391935 0.00336231 0.00287083 0.00244002 0.00206498 0.00174088 0.00146311 0.00122727 0.0010293 0.000865522 0.000732651 0.000627869 0.000548835 0.000493708 0.000461165 
0.000540132 0.000552924 0.000591611 0.000657127 0.000751016 0.000875425 0.00103308 0.00122727 0.00146179 0.00174094 0.00206941 0.00245227 0.00289487 0.00340274 0.00398151 0.00463678 0.00537399 0.00619828 0.00711438 0.00812639 0.00923771 0.0104508 0.0117671 0.0131869 0.0147091 0.0163313 0.0180494 0.019858 0.02175 0.0237165 0.0257473 0.0278306 0.029953 0.0321002 0.0342563 0.0364048 0.0385283 0.0406089 0.0426283 0.0445685 0.0464113 0.0481393 0.0497358 0.0511851 0.0524726 0.0535854 0.054512 0.0552429 0.0557705 0.0560892 0.0561959 0.0560892 0.0557705 0.0552429 0.054512 0.0535854 0.0524726 0.0511851 0.0497358 0.0481393 0.0464113 0.0445685 0.0426283 0.0406089 0.0385283 0.0364048 0.0342563 0.0321002 0.029953 0.0278306 0.0257473 0.0237165 0.02175 0.019858 0.0180494 0.0163313 0.0147091 0.0131869 0.0117671 0.0104508 0.00923771 0.00812639 0.00711438 0.00619828 0.00537399 0.00463678 0.00398151 0.00340274 0.00289487 0.00245227 0.00206941 0.00174094 0.00146179 0.00122727 0.00103308 0.000875425 0.000751016 0.000657127 0.000591611 0.000552924 
0.000647545 0.000662753 0.00070874 0.000786595 0.000898122 0.00104582 0.00123288 0.00146311 0.00174094 0.00207134 0.00245976 0.00291206 0.0034344 0.00403317 0.0047148 0.00548569 0.00635205 0.00731969 0.00839391 0.00957929 0.0108795 0.0122973 0.013834 0.0154897 0.0172629 0.0191504 0.0211476 0.0232476 0.0254421 0.0277208 0.0300715 0.0324807 0.0349328 0.0374112 0.0398977 0.0423733 0.0448181 0.0472115 0.0495329 0.0517616 0.0538772 0.0558597 0.0576904 0.0593514 0.0608264 0.0621007 0.0631615 0.0639981 0.0646018 0.0649665 0.0650885 0.0649665 0.0646018 0.0639981 0.0631615 0.0621007 0.0608264 0.0593514 0.0576904 0.0558597 0.0538772 0.0517616 0.0495329 0.0472115 0.0448181 0.0423733 0.0398977 0.0374112 0.0349328 0.0324807 0.0300715 0.0277208 0.0254421 0.0232476 0.0211476 0.0191504 0.0172629 0.0154897 0.013834 0.0122973 0.0108795 0.00957929 0.00839391 0.00731969 0.00635205 0.00548569 0.0047148 0.00403317 0.0034344 0.00291206 0.00245976 0.00207134 0.00174094 0.00146311 0.00123288 0.00104582 0.000898122 0.000786595 0.00070874 0.000662753 
0.000774711 0.000792756 0.000847315 0.000939658 0.00107188 0.00124691 0.00146843 0.00174088 0.00206941 0.00245976 0.00291824 0.00345161 0.00406698 0.00477165 0.00557302 0.00647838 0.00749475 0.00862872 0.00988621 0.0112723 0.0127911 0.0144453 0.0162363 0.0181639 0.020226 0.0224188 0.0247364 0.0271708 0.0297121 0.0323481 0.0350649 0.0378464 0.0406748 0.0435308 0.0463936 0.0492414 0.0520513 0.0548001 0.0574643 0.0600202 0.0624447 0.0647155 0.0668111 0.0687116 0.0703986 0.0718554 0.0730677 0.0740235 0.0747132 0.0751298 0.0752691 0.0751298 0.0747132 0.0740235 0.0730677 0.0718554 0.0703986 0.0687116 0.0668111 0.0647155 0.0624447 0.0600202 0.0574643 0.0548001 0.0520513 0.0492414 0.0463936 0.0435308 0.0406748 0.0378464 0.0350649 0.0323481 0.0297121 0.0271708 0.0247364 0.0224188 0.020226 0.0181639 0.0162363 0.0144453 0.0127911 0.0112723 0.00988621 0.00862872 0.00749475 0.00647838 0.00557302 0.00477165 0.00406698 0.00345161 0.00291824 0.00245976 0.00206941 0.00174088 0.00146843 0.00124691 0.00107188 0.000939658 0.000847315 0.000792756 
0.000923878 0.000945224 0.00100975 0.00111894 0.00127523 0.001482 0.00174353 0.00206498 0.00245227 0.00291206 0.00345161 0.00407871 0.00480151 0.00562837 0.00656772 0.00762786 0.00881673 0.0101417 0.0116095 0.0132256 0.0149944 0.0169189 0.0190002 0.0212379 0.0236291 0.0261691 0.0288508 0.0316647 0.0345991 0.0376398 0.0407704 0.0439724 0.0472253 0.0505069 0.0537934 0.0570597 0.06028 0.0634277 0.0664761 0.0693986 0.0721691 0.0747623 0.0771541 0.0793222 0.0812457 0.0829062 0.0842876 0.0853764 0.0861619 0.0866363 0.086795 0.0866363 0.0861619 0.0853764 0.0842876 0.0829062 0.0812457 0.0793222 0.0771541 0.0747623 0.0721691 0.0693986 0.0664761 0.0634277 0.06028 0.0570597 0.0537934 0.0505069 0.0472253 0.0439724 0.0407704 0.0376398 0.0345991 0.0316647 0.0288508 0.0261691 0.0236291 0.0212379 0.0190002 0.0169189 0.0149944 0.0132256 0.0116095 0.0101417 0.00881673 0.00762786 0.00656772 0.00562837 0.00480151 0.00407871 0.00345161 0.00291206 0.00245227 0.00206498 0.00174353 0.001482 0.00127523 0.00111894 0.00100975 0.000945224 
0.00109745 0.00112261 0.00119864 0.00132725 0.00151128 0.00175461 0.00206222 0.00244002 0.00289487 0.0034344 0.00406698 0.00480151 0.0056473 0.00661391 0.0077109 0.00894765 0.0103331 0.0118756 0.0135824 0.0154596 0.0175121 0.0197427 0.0221525 0.0247405 0.027503 0.0304343 0.0335258 0.0367663 0.0401419 0.0436362 0.0472303 0.0509026 0.0546298 0.0583862 0.0621447 0.065877 0.0695535 0.0731443 0.0766192 0.0799481 0.0831017 0.0860518 0.0887712 0.0912349 0.0934198 0.0953051 0.0968731 0.0981086 0.0989997 0.0995379 0.0997178 0.0995379 0.0989997 0.0981086 0.0968731 0.0953051 0.0934198 0.0912349 0.0887712 0.0860518 0.0831017 0.0799481 0.0766192 0.0731443 0.0695535 0.065877 0.0621447 0.0583862 0.0546298 0.0509026 0.0472303 0.0436362 0.0401419 0.0367663 0.0335258 0.0304343 0.027503 0.0247405 0.0221525 0.0197427 0.0175121 0.0154596 0.0135824 0.0118756 0.0103331 0.00894765 0.0077109 0.00661391 0.0056473 0.00480151 0.00406698 0.0034344 0.00289487 0.00244002 0.00206222 0.00175461 0.00151128 0.00132725 0.00119864 0.00112261 
0.00129797 0.00132748 0.00141668 0.00156753 0.00178328 0.00206843 0.00242867 0.00287083 0.00340274 0.00403317 0.00477165 0.00562837 0.00661391 0.0077391 0.00901477 0.0104515 0.0120592 0.0138473 0.0158237 0.0179951 0.0203666 0.0229412 0.0257195 0.0286999 0.031878 0.0352465 0.0387952 0.0425111 0.0463778 0.0503763 0.0544847 0.0586784 0.0629305 0.0672119 0.0714918 0.0757379 0.079917 0.0839954 0.087939 0.0917142 0.0952882 0.0986293 0.101708 0.104495 0.106965 0.109097 0.110868 0.112264 0.11327 0.113878 0.114081 0.113878 0.11327 0.112264 0.110868 0.109097 0.106965 0.104495 0.101708 0.0986293 0.0952882 0.0917142 0.087939 0.0839954 0.079917 0.0757379 0.0714918 0.0672119 0.0629305 0.0586784 0.0544847 0.0503763 0.0463778 0.0425111 0.0387952 0.0352465 0.031878 0.0286999 0.0257195 0.0229412 0.0203666 0.0179951 0.0158237 0.0138473 0.0120592 0.0104515 0.00901477 0.0077391 0.00661391 0.00562837 0.00477165 0.00403317 0.00340274 0.00287083 0.00242867 0.00206843 0.00178328 0.00156753 0.00141668 0.00132748 
0.00152804 0.00156251 0.00166668 0.0018428 0.00209459 0.00242722 0.00284719 0.00336231 0.00398151 0.0047148 0.00557302 0.00656772 0.0077109 0.00901477 0.0104915 0.0121529 0.0140102 0.0160735 0.0183518 0.0208521 0.0235799 0.0265379 0.0297265 0.0331433 0.0367827 0.0406359 0.044691 0.0489323 0.0533411 0.0578955 0.0625701 0.0673369 0.0721653 0.0770223 0.0818729 0.086681 0.091409 0.0960192 0.100474 0.104734 0.108766 0.112531 0.115999 0.119137 0.121917 0.124315 0.126307 0.127876 0.129007 0.12969 0.129919 0.12969 0.129007 0.127876 0.126307 0.124315 0.121917 0.119137 0.115999 0.112531 0.108766 0.104734 0.100474 0.0960192 0.091409 0.086681 0.0818729 0.0770223 0.0721653 0.0673369 0.0625701 0.0578955 0.0533411 0.0489323 0.044691 0.0406359 0.0367827 0.0331433 0.0297265 0.0265379 0.0235799 0.0208521 0.0183518 0.0160735 0.0140102 0.0121529 0.0104915 0.00901477 0.0077109 0.00656772 0.00557302 0.0047148 0.00398151 0.00336231 0.00284719 0.00242722 0.00209459 0.0018428 0.00166668 0.00156251 
0.00179032 0.00183039 0.00195147 0.00215612 0.0024486 0.00283477 0.00332207 0.00391935 0.00463678 0.00548569 0.00647838 0.00762786 0.00894765 0.0104515 0.0121529 0.0140652 0.0162006 0.0185704 0.0211842 0.0240498 0.0271724 0.0305549 0.0341971 0.0380956 0.0422434 0.0466301 0.0512415 0.0560594 0.0610623 0.0662247 0.0715178 0.0769098 0.0823659 0.0878489 0.0933195 0.098737 0.10406 0.109245 0.114251 0.119036 0.12356 0.127784 0.13167 0.135185 0.138298 0.140981 0.14321 0.144965 0.14623 0.146994 0.147249 0.146994 0.14623 0.144965 0.14321 0.140981 0.138298 0.135185 0.13167 0.127784 0.12356 0.119036 0.114251 0.109245 0.10406 0.098737 0.0933195 0.0878489 0.0823659 0.0769098 0.0715178 0.0662247 0.0610623 0.0560594 0.0512415 0.0466301 0.0422434 0.0380956 0.0341971 0.0305549 0.0271724 0.0240498 0.0211842 0.0185704 0.0162006 0.0140652 0.0121529 0.0104515 0.00894765 0.00762786 0.00647838 0.00548569 0.00463678 0.00391935 0.00332207 0.00283477 0.0024486 0.00215612 0.00195147 0.00183039 
0.00208746 0.00213382 0.00227387 0.00251053 0.00284862 0.00329481 0.00385751 0.00454673 0.00537399 0.00635205 0.00749475 0.00881673 0.0103331 0.0120592 0.0140102 0.0162006 0.0186441 0.0213528 0.0243372 0.0276053 0.0311628 0.035012 0.0391522 0.0435787 0.048283 0.0532527 0.0584711 0.0639172 0.0695661 0.0753889 0.0813527 0.0874215 0.0935561 0.0997147 0.105853 0.111927 0.117888 0.123691 0.129289 0.134635 0.139686 0.144398 0.148731 0.152648 0.156116 0.159103 0.161583 0.163536 0.164943 0.165792 0.166076 0.165792 0.164943 0.163536 0.161583 0.159103 0.156116 0.152648 0.148731 0.144398 0.139686 0.134635 0.129289 0.123691 0.117888 0.111927 0.105853 0.0997147 0.0935561 0.0874215 0.0813527 0.0753889 0.0695661 0.0639172 0.0584711 0.0532527 0.048283 0.0435787 0.0391522 0.035012 0.0311628 0.0276053 0.0243372 0.0213528 0.0186441 0.0162006 0.0140102 0.0120592 0.0103331 0.00881673 0.00749475 0.00635205 0.00537399 0.00454673 0.00385751 0.00329481 0.00284862 0.00251053 0.00227387 0.00213382 
0.00242203 0.0024754 0.00263661 0.00290896 0.00329789 0.00381093 0.00445754 0.00524901 0.00619828 0.00731969 0.00862872 0.0101417 0.0118756 0.0138473 0.0160735 0.0185704 0.0213528 0.0244339 0.0278248 0.0315341 0.0355672 0.0399262 0.0446094 0.0496107 0.05492 0.0605225 0.0663986 0.0725243 0.078871 0.0854058 0.0920916 0.0988878 0.105751 0.112633 0.119486 0.12626 0.132903 0.139364 0.14559 0.151532 0.157142 0.162371 0.167177 0.17152 0.175361 0.178669 0.181415 0.183576 0.185133 0.186072 0.186386 0.186072 0.185133 0.183576 0.181415 0.178669 0.175361 0.17152 0.167177 0.162371 0.157142 0.151532 0.14559 0.139364 0.132903 0.12626 0.119486 0.112633 0.105751 0.0988878 0.0920916 0.0854058 0.078871 0.0725243 0.0663986 0.0605225 0.05492 0.0496107 0.0446094 0.0399262 0.0355672 0.0315341 0.0278248 0.0244339 0.0213528 0.0185704 0.0160735 0.0138473 0.0118756 0.0101417 0.00862872 0.00731969 0.00619828 0.00524901 0.00445754 0.00381093 0.00329789 0.00290896 0.00263661 0.0024754 
0.00279647 0.00285762 0.00304228 0.00335418 0.00379942 0.00438645 0.00512588 0.00603037 0.00711438 0.00839391 0.00988621 0.0116095 0.0135824 0.0158237 0.0183518 0.0211842 0.0243372 0.0278248 0.031659 0.0358484 0.0403985 0.0453107 0.0505821 0.0562053 0.0621679 0.0684524 0.0750364 0.0818923 0.0889875 0.0962847 0.103742 0.111315 0.118953 0.126606 0.134218 0.141734 0.149098 0.156254 0.163144 0.169714 0.175911 0.181684 0.186987 0.191775 0.196008 0.199652 0.202676 0.205054 0.206767 0.207801 0.208147 0.207801 0.206767 0.205054 0.202676 0.199652 0.196008 0.191775 0.186987 0.181684 0.175911 0.169714 0.163144 0.156254 0.149098 0.141734 0.134218 0.126606 0.118953 0.111315 0.103742 0.0962847 0.0889875 0.0818923 0.0750364 0.0684524 0.0621679 0.0562053 0.0505821 0.0453107 0.0403985 0.0358484 0.031659 0.0278248 0.0243372 0.0211842 0.0183518 0.0158237 0.0135824 0.0116095 0.00988621 0.00839391 0.00711438 0.00603037 0.00512588 0.00438645 0.00379942 0.00335418 0.00304228 0.00285762 
0.00321303 0.00328273 0.00349324 0.0038487 0.00435593 0.00502437 0.00586587 0.00689451 0.00812639 0.00957929 0.0112723 0.0132256 0.0154596 0.0179951 0.0208521 0.0240498 0.0276053 0.0315341 0.0358484 0.0405572 0.0456656 0.0511742 0.0570789 0.0633703 0.0700338 0.0770489 0.0843898 0.0920249 0.0999174 0.108025 0.116302 0.124697 0.133156 0.141621 0.150033 0.158331 0.166453 0.174337 0.181922 0.189148 0.195959 0.202299 0.208119 0.21337 0.218011 0.222003 0.225315 0.227919 0.229794 0.230926 0.231304 0.230926 0.229794 0.227919 0.225315 0.222003 0.218011 0.21337 0.208119 0.202299 0.195959 0.189148 0.181922 0.174337 0.166453 0.158331 0.150033 0.141621 0.133156 0.124697 0.116302 0.108025 0.0999174 0.0920249 0.0843898 0.0770489 0.0700338 0.0633703 0.0570789 0.0511742 0.0456656 0.0405572 0.0358484 0.0315341 0.0276053 0.0240498 0.0208521 0.0179951 0.0154596 0.0132256 0.0112723 0.00957929 0.00812639 0.00689451 0.00586587 0.00502437 0.00435593 0.0038487 0.00349324 0.00328273 
0.00367366 0.00375274 0.00399156 0.0043947 0.00496977 0.00572725 0.00668028 0.0078445 0.00923771 0.0108795 0.0127911 0.0149944 0.0175121 0.0203666 0.0235799 0.0271724 0.0311628 0.0355672 0.0403985 0.0456656 0.0513731 0.0575208 0.0641029 0.0711078 0.0785183 0.0863108 0.0944555 0.102917 0.111653 0.120618 0.129758 0.139019 0.148339 0.157657 0.166906 0.17602 0.184931 0.193573 0.20188 0.209787 0.217234 0.224161 0.230514 0.236243 0.241304 0.245655 0.249263 0.252099 0.25414 0.255372 0.255784 0.255372 0.25414 0.252099 0.249263 0.245655 0.241304 0.236243 0.230514 0.224161 0.217234 0.209787 0.20188 0.193573 0.184931 0.17602 0.166906 0.157657 0.148339 0.139019 0.129758 0.120618 0.111653 0.102917 0.0944555 0.0863108 0.0785183 0.0711078 0.0641029 0.0575208 0.0513731 0.0456656 0.0403985 0.0355672 0.0311628 0.0271724 0.0235799 0.0203666 0.0175121 0.0149944 0.0127911 0.0108795 0.00923771 0.0078445 0.00668028 0.00572725 0.00496977 0.0043947 0.00399156 0.00375274 
0.00417998 0.00426928 0.0045389 0.00499394 0.00564281 0.00649708 0.00757128 0.00888266 0.0104508 0.0122973 0.0144453 0.0169189 0.0197427 0.0229412 0.0265379 0.0305549 0.035012 0.0399262 0.0453107 0.0511742 0.0575208 0.0643489 0.0716509 0.079413 0.0876147 0.0962289 0.105222 0.114553 0.124176 0.134039 0.144084 0.15425 0.164469 0.174673 0.184791 0.194752 0.20448 0.213906 0.222957 0.231565 0.239665 0.247193 0.254093 0.260312 0.265801 0.270518 0.274428 0.2775 0.279712 0.281045 0.281491 0.281045 0.279712 0.2775 0.274428 0.270518 0.265801 0.260312 0.254093 0.247193 0.239665 0.231565 0.222957 0.213906 0.20448 0.194752 0.184791 0.174673 0.164469 0.15425 0.144084 0.134039 0.124176 0.114553 0.105222 0.0962289 0.0876147 0.079413 0.0716509 0.0643489 0.0575208 0.0511742 0.0453107 0.0399262 0.035012 0.0305549 0.0265379 0.0229412 0.0197427 0.0169189 0.0144453 0.0122973 0.0104508 0.00888266 0.00757128 0.00649708 0.00564281 0.00499394 0.0045389 0.00426928 
0.00473318 0.00483354 0.0051365 0.00564768 0.00637634 0.00733521 0.00854026 0.0100104 0.0117671 0.013834 0.0162363 0.0190002 0.0221525 0.0257195 0.0297265 0.0341971 0.0391522 0.0446094 0.0505821 0.0570789 0.0641029 0.0716509 0.0797134 0.0882736 0.097308 0.106785 0.116667 0.126909 0.137459 0.148258 0.159243 0.170347 0.181497 0.192618 0.203633 0.214464 0.225033 0.235261 0.245074 0.254398 0.263163 0.271304 0.278759 0.285474 0.291397 0.296485 0.300701 0.304012 0.306394 0.307831 0.308311 0.307831 0.306394 0.304012 0.300701 0.296485 0.291397 0.285474 0.278759 0.271304 0.263163 0.254398 0.245074 0.235261 0.225033 0.214464 0.203633 0.192618 0.181497 0.170347 0.159243 0.148258 0.137459 0.126909 0.116667 0.106785 0.097308 0.0882736 0.0797134 0.0716509 0.0641029 0.0570789 0.0505821 0.0446094 0.0391522 0.0341971 0.0297265 0.0257195 0.0221525 0.0190002 0.0162363 0.013834 0.0117671 0.0100104 0.00854026 0.00733521 0.00637634 0.00564768 0.0051365 0.00483354 
0.00533398 0.00544623 0.00578505 0.00635659 0.00717101 0.00824223 0.00958773 0.0112281 0.0131869 0.0154897 0.0181639 0.0212379 0.0247405 0.0286999 0.0331433 0.0380956 0.0435787 0.0496107 0.0562053 0.0633703 0.0711078 0.079413 0.0882736 0.0976702 0.107575 0.117953 0.128762 0.13995 0.15146 0.163228 0.175185 0.187256 0.199364 0.211425 0.223359 0.235079 0.246503 0.257549 0.268135 0.278184 0.287622 0.296381 0.304396 0.31161 0.31797 0.32343 0.327951 0.331501 0.334055 0.335594 0.336109 0.335594 0.334055 0.331501 0.327951 0.32343 0.31797 0.31161 0.304396 0.296381 0.287622 0.278184 0.268135 0.257549 0.246503 0.235079 0.223359 0.211425 0.199364 0.187256 0.175185 0.163228 0.15146 0.13995 0.128762 0.117953 0.107575 0.0976702 0.0882736 0.079413 0.0711078 0.0633703 0.0562053 0.0496107 0.0435787 0.0380956 0.0331433 0.0286999 0.0247405 0.0212379 0.0181639 0.0154897 0.0131869 0.0112281 0.00958773 0.00824223 0.00717101 0.00635659 0.00578505 0.00544623 
0.00598249 0.00610746 0.00648462 0.00712068 0.00802672 0.0092179 0.0107132 0.0125352 0.0147091 0.0172629 0.020226 0.0236291 0.027503 0.031878 0.0367827 0.0422434 0.048283 0.05492 0.0621679 0.0700338 0.0785183 0.0876147 0.097308 0.107575 0.118385 0.129697 0.141464 0.153629 0.166129 0.178894 0.191848 0.204909 0.217994 0.231014 0.243881 0.256504 0.268794 0.280664 0.292028 0.302806 0.31292 0.322297 0.330872 0.338583 0.345377 0.351207 0.356032 0.359819 0.362543 0.364185 0.364733 0.364185 0.362543 0.359819 0.356032 0.351207 0.345377 0.338583 0.330872 0.322297 0.31292 0.302806 0.292028 0.280664 0.268794 0.256504 0.243881 0.231014 0.217994 0.204909 0.191848 0.178894 0.166129 0.153629 0.141464 0.129697 0.118385 0.107575 0.097308 0.0876147 0.0785183 0.0700338 0.0621679 0.05492 0.048283 0.0422434 0.0367827 0.031878 0.027503 0.0236291 0.020226 0.0172629 0.0147091 0.0125352 0.0107132 0.0092179 0.00802672 0.00712068 0.00648462 0.00610746 
0.00667823 0.00681671 0.00723461 0.00793922 0.00894254 0.010261 0.0119153 0.0139295 0.0163313 0.0191504 0.0224188 0.0261691 0.0304343 0.0352465 0.0406359 0.0466301 0.0532527 0.0605225 0.0684524 0.0770489 0.0863108 0.0962289 0.106785 0.117953 0.129697 0.141972 0.154724 0.167892 0.181405 0.195188 0.209157 0.223225 0.237301 0.251291 0.265099 0.27863 0.29179 0.304486 0.316629 0.328133 0.338918 0.348909 0.358038 0.366242 0.373465 0.379659 0.384783 0.388803 0.391693 0.393435 0.394017 0.393435 0.391693 0.388803 0.384783 0.379659 0.373465 0.366242 0.358038 0.348909 0.338918 0.328133 0.316629 0.304486 0.29179 0.27863 0.265099 0.251291 0.237301 0.223225 0.209157 0.195188 0.181405 0.167892 0.154724 0.141972 0.129697 0.117953 0.106785 0.0962289 0.0863108 0.0770489 0.0684524 0.0605225 0.0532527 0.0466301 0.0406359 0.0352465 0.0304343 0.0261691 0.0224188 0.0191504 0.0163313 0.0139295 0.0119153 0.010261 0.00894254 0.00793922 0.00723461 0.00681671 
0.00742001 0.00757277 0.0080337 0.00881068 0.00991668 0.0113694 0.0131912 0.015408 0.0180494 0.0211476 0.0247364 0.0288508 0.0335258 0.0387952 0.044691 0.0512415 0.0584711 0.0663986 0.0750364 0.0843898 0.0944555 0.105222 0.116667 0.128762 0.141464 0.154724 0.168483 0.182673 0.197217 0.212032 0.227028 0.242113 0.257187 0.27215 0.286902 0.301341 0.315367 0.328884 0.341798 0.35402 0.365468 0.376063 0.385736 0.394421 0.402063 0.408613 0.414029 0.418276 0.421328 0.423168 0.423782 0.423168 0.421328 0.418276 0.414029 0.408613 0.402063 0.394421 0.385736 0.376063 0.365468 0.35402 0.341798 0.328884 0.315367 0.301341 0.286902 0.27215 0.257187 0.242113 0.227028 0.212032 0.197217 0.182673 0.168483 0.154724 0.141464 0.128762 0.116667 0.105222 0.0944555 0.0843898 0.0750364 0.0663986 0.0584711 0.0512415 0.044691 0.0387952 0.0335258 0.0288508 0.0247364 0.0211476 0.0180494 0.015408 0.0131912 0.0113694 0.00991668 0.00881068 0.0080337 0.00757277 
0.00820593 0.00837368 0.00887978 0.0097327 0.0109464 0.0125399 0.0145371 0.016966 0.019858 0.0232476 0.0271708 0.0316647 0.0367663 0.0425111 0.0489323 0.0560594 0.0639172 0.0725243 0.0818923 0.0920249 0.102917 0.114553 0.126909 0.13995 0.153629 0.167892 0.182673 0.197897 0.213482 0.229337 0.245367 0.26147 0.277542 0.293476 0.309166 0.324505 0.339388 0.353714 0.367386 0.380313 0.392408 0.403593 0.413794 0.422948 0.430996 0.437889 0.443586 0.448052 0.451261 0.453194 0.453839 0.453194 0.451261 0.448052 0.443586 0.437889 0.430996 0.422948 0.413794 0.403593 0.392408 0.380313 0.367386 0.353714 0.339388 0.324505 0.309166 0.293476 0.277542 0.26147 0.245367 0.229337 0.213482 0.197897 0.182673 0.167892 0.153629 0.13995 0.126909 0.114553 0.102917 0.0920249 0.0818923 0.0725243 0.0639172 0.0560594 0.0489323 0.0425111 0.0367663 0.0316647 0.0271708 0.0232476 0.019858 0.016966 0.0145371 0.0125399 0.0109464 0.0097327 0.00887978 0.00837368 
0.0090333 0.00921669 0.0097699 0.010702 0.012028 0.0137682 0.015948 0.0185974 0.02175 0.0254421 0.0297121 0.0345991 0.0401419 0.0463778 0.0533411 0.0610623 0.0695661 0.078871 0.0889875 0.0999174 0.111653 0.124176 0.137459 0.15146 0.166129 0.181405 0.197217 0.213482 0.230111 0.247008 0.264069 0.281186 0.298249 0.315144 0.33176 0.347984 0.363707 0.378825 0.393237 0.406848 0.419571 0.431325 0.442036 0.45164 0.460078 0.4673 0.473266 0.47794 0.481298 0.48332 0.483995 0.48332 0.481298 0.47794 0.473266 0.4673 0.460078 0.45164 0.442036 0.431325 0.419571 0.406848 0.393237 0.378825 0.363707 0.347984 0.33176 0.315144 0.298249 0.281186 0.264069 0.247008 0.230111 0.213482 0.197217 0.181405 0.166129 0.15146 0.137459 0.124176 0.111653 0.0999174 0.0889875 0.078871 0.0695661 0.0610623 0.0533411 0.0463778 0.0401419 0.0345991 0.0297121 0.0254421 0.02175 0.0185974 0.015948 0.0137682 0.012028 0.010702 0.0097699 0.00921669 
0.00989867 0.0100983 0.0107003 0.0117145 0.0131567 0.0150487 0.0174175 0.0202949 0.0237165 0.0277208 0.0323481 0.0376398 0.0436362 0.0503763 0.0578955 0.0662247 0.0753889 0.0854058 0.0962847 0.108025 0.120618 0.134039 0.148258 0.163228 0.178894 0.195188 0.212032 0.229337 0.247008 0.26494 0.283023 0.301143 0.319182 0.337022 0.354545 0.371633 0.388175 0.40406 0.419187 0.433458 0.446784 0.459083 0.470282 0.480313 0.489121 0.496655 0.502874 0.507746 0.511244 0.51335 0.514053 0.51335 0.511244 0.507746 0.502874 0.496655 0.489121 0.480313 0.470282 0.459083 0.446784 0.433458 0.419187 0.40406 0.388175 0.371633 0.354545 0.337022 0.319182 0.301143 0.283023 0.26494 0.247008 0.229337 0.212032 0.195188 0.178894 0.163228 0.148258 0.134039 0.120618 0.108025 0.0962847 0.0854058 0.0753889 0.0662247 0.0578955 0.0503763 0.0436362 0.0376398 0.0323481 0.0277208 0.0237165 0.0202949 0.0174175 0.0150487 0.0131567 0.0117145 0.0107003 0.0100983 
0.0107978 0.0110141 0.0116664 0.0127651 0.014327 0.0163751 0.0189382 0.0220497 0.0257473 0.0300715 0.0350649 0.0407704 0.0472303 0.0544847 0.0625701 0.0715178 0.0813527 0.0920916 0.103742 0.116302 0.129758 0.144084 0.159243 0.175185 0.191848 0.209157 0.227028 0.245367 0.264069 0.283023 0.302113 0.321217 0.340212 0.358973 0.377377 0.395303 0.412635 0.429259 0.445071 0.459973 0.473873 0.486689 0.498347 0.508782 0.517937 0.525763 0.53222 0.537275 0.540903 0.543087 0.543816 0.543087 0.540903 0.537275 0.53222 0.525763 0.517937 0.508782 0.498347 0.486689 0.473873 0.459973 0.445071 0.429259 0.412635 0.395303 0.377377 0.358973 0.340212 0.321217 0.302113 0.283023 0.264069 0.245367 0.227028 0.209157 0.191848 0.175185 0.159243 0.144084 0.129758 0.116302 0.103742 0.0920916 0.0813527 0.0715178 0.0625701 0.0544847 0.0472303 0.0407704 0.0350649 0.0300715 0.0257473 0.0220497 0.0189382 0.0163751 0.014327 0.0127651 0.0116664 0.0110141 
0.0117256 0.0119589 0.0126627 0.0138478 0.015532 0.0177397 0.0205011 0.0238515 0.0278306 0.0324807 0.0378464 0.0439724 0.0509026 0.0586784 0.0673369 0.0769098 0.0874215 0.0988878 0.111315 0.124697 0.139019 0.15425 0.170347 0.187256 0.204909 0.223225 0.242113 0.26147 0.281186 0.301143 0.321217 0.341281 0.361204 0.380857 0.400112 0.418843 0.436931 0.45426 0.470723 0.486221 0.500662 0.513964 0.526053 0.536864 0.546341 0.554437 0.561113 0.566338 0.570086 0.572342 0.573095 0.572342 0.570086 0.566338 0.561113 0.554437 0.546341 0.536864 0.526053 0.513964 0.500662 0.486221 0.470723 0.45426 0.436931 0.418843 0.400112 0.380857 0.361204 0.341281 0.321217 0.301143 0.281186 0.26147 0.242113 0.223225 0.204909 0.187256 0.170347 0.15425 0.139019 0.124697 0.111315 0.0988878 0.0874215 0.0769098 0.0673369 0.0586784 0.0509026 0.0439724 0.0378464 0.0324807 0.0278306 0.0238515 0.0205011 0.0177397 0.015532 0.0138478 0.0126627 0.0119589 
0.0126763 0.012927 0.0136831 0.0149559 0.0167644 0.019134 0.0220965 0.0256891 0.029953 0.0349328 0.0406748 0.0472253 0.0546298 0.0629305 0.0721653 0.0823659 0.0935561 0.105751 0.118953 0.133156 0.148339 0.164469 0.181497 0.199364 0.217994 0.237301 0.257187 0.277542 0.298249 0.319182 0.340212 0.361204 0.382022 0.402532 0.422602 0.442101 0.460907 0.478903 0.495979 0.512037 0.526983 0.540736 0.553223 0.56438 0.574154 0.582498 0.589374 0.594752 0.598609 0.60093 0.601705 0.60093 0.598609 0.594752 0.589374 0.582498 0.574154 0.56438 0.553223 0.540736 0.526983 0.512037 0.495979 0.478903 0.460907 0.442101 0.422602 0.402532 0.382022 0.361204 0.340212 0.319182 0.298249 0.277542 0.257187 0.237301 0.217994 0.199364 0.181497 0.164469 0.148339 0.133156 0.118953 0.105751 0.0935561 0.0823659 0.0721653 0.0629305 0.0546298 0.0472253 0.0406748 0.0349328 0.029953 0.0256891 0.0220965 0.019134 0.0167644 0.0149559 0.0136831 0.012927 
0.0136433 0.0139116 0.0147204 0.0160818 0.0180155 0.0205483 0.0237134 0.0275497 0.0321002 0.0374112 0.0435308 0.0505069 0.0583862 0.0672119 0.0770223 0.0878489 0.0997147 0.112633 0.126606 0.141621 0.157657 0.174673 0.192618 0.211425 0.231014 0.251291 0.27215 0.293476 0.315144 0.337022 0.358973 0.380857 0.402532 0.42386 0.444703 0.464928 0.484411 0.503032 0.520681 0.537257 0.55267 0.566839 0.57969 0.591163 0.601206 0.609773 0.616828 0.622345 0.6263 0.628678 0.629472 0.628678 0.6263 0.622345 0.616828 0.609773 0.601206 0.591163 0.57969 0.566839 0.55267 0.537257 0.520681 0.503032 0.484411 0.464928 0.444703 0.42386 0.402532 0.380857 0.358973 0.337022 0.315144 0.293476 0.27215 0.251291 0.231014 0.211425 0.192618 0.174673 0.157657 0.141621 0.126606 0.112633 0.0997147 0.0878489 0.0770223 0.0672119 0.0583862 0.0505069 0.0435308 0.0374112 0.0321002 0.0275497 0.0237134 0.0205483 0.0180155 0.0160818 0.0147204 0.0139116 
0.0146197 0.0149055 0.0157672 0.0172172 0.0192763 0.0219723 0.02534 0.0294197 0.0342563 0.0398977 0.0463936 0.0537934 0.0621447 0.0714918 0.0818729 0.0933195 0.105853 0.119486 0.134218 0.150033 0.166906 0.184791 0.203633 0.223359 0.243881 0.265099 0.286902 0.309166 0.33176 0.354545 0.377377 0.400112 0.422602 0.444703 0.466275 0.487182 0.507296 0.526497 0.544676 0.56173 0.57757 0.592115 0.605297 0.617054 0.627336 0.636102 0.643317 0.648955 0.652996 0.655426 0.656237 0.655426 0.652996 0.648955 0.643317 0.636102 0.627336 0.617054 0.605297 0.592115 0.57757 0.56173 0.544676 0.526497 0.507296 0.487182 0.466275 0.444703 0.422602 0.400112 0.377377 0.354545 0.33176 0.309166 0.286902 0.265099 0.243881 0.223359 0.203633 0.184791 0.166906 0.150033 0.134218 0.119486 0.105853 0.0933195 0.0818729 0.0714918 0.0621447 0.0537934 0.0463936 0.0398977 0.0342563 0.0294197 0.02534 0.0219723 0.0192763 0.0172172 0.0157672 0.0149055 
0.0155976 0.0159008 0.016815 0.0183532 0.0205368 0.0233949 0.0269636 0.0312848 0.0364048 0.0423733 0.0492414 0.0570597 0.065877 0.0757379 0.086681 0.098737 0.111927 0.12626 0.141734 0.158331 0.17602 0.194752 0.214464 0.235079 0.256504 0.27863 0.301341 0.324505 0.347984 0.371633 0.395303 0.418843 0.442101 0.464928 0.487182 0.508723 0.529422 0.549158 0.567821 0.585309 0.601536 0.61642 0.629896 0.641906 0.6524 0.66134 0.668695 0.674439 0.678554 0.681028 0.681853 0.681028 0.678554 0.674439 0.668695 0.66134 0.6524 0.641906 0.629896 0.61642 0.601536 0.585309 0.567821 0.549158 0.529422 0.508723 0.487182 0.464928 0.442101 0.418843 0.395303 0.371633 0.347984 0.324505 0.301341 0.27863 0.256504 0.235079 0.214464 0.194752 0.17602 0.158331 0.141734 0.12626 0.111927 0.098737 0.086681 0.0757379 0.065877 0.0570597 0.0492414 0.0423733 0.0364048 0.0312848 0.0269636 0.0233949 0.0205368 0.0183532 0.016815 0.0159008 
0.0165688 0.0168893 0.0178552 0.0194802 0.0217865 0.0248043 0.0285709 0.0331296 0.0385283 0.0448181 0.0520513 0.06028 0.0695535 0.079917 0.091409 0.10406 0.117888 0.132903 0.149098 0.166453 0.184931 0.20448 0.225033 0.246503 0.268794 0.29179 0.315367 0.339388 0.363707 0.388175 0.412635 0.436931 0.460907 0.484411 0.507296 0.529422 0.550657 0.570881 0.589983 0.607863 0.624435 0.639621 0.653356 0.665586 0.676265 0.685356 0.692829 0.698664 0.702842 0.705353 0.706191 0.705353 0.702842 0.698664 0.692829 0.685356 0.676265 0.665586 0.653356 0.639621 0.624435 0.607863 0.589983 0.570881 0.550657 0.529422 0.507296 0.484411 0.460907 0.436931 0.412635 0.388175 0.363707 0.339388 0.315367 0.29179 0.268794 0.246503 0.225033 0.20448 0.184931 0.166453 0.149098 0.132903 0.117888 0.10406 0.091409 0.079917 0.0695535 0.06028 0.0520513 0.0448181 0.0385283 0.0331296 0.0285709 0.0248043 0.0217865 0.0194802 0.0178552 0.0168893 
0.0175248 0.0178621 0.0188786 0.0205885 0.0230147 0.0261885 0.0301482 0.0349386 0.0406089 0.0472115 0.0548001 0.0634277 0.0731443 0.0839954 0.0960192 0.109245 0.123691 0.139364 0.156254 0.174337 0.193573 0.213906 0.235261 0.257549 0.280664 0.304486 0.328884 0.353714 0.378825 0.40406 0.429259 0.45426 0.478903 0.503032 0.526497 0.549158 0.570881 0.591545 0.611041 0.62927 0.646147 0.661597 0.675559 0.687979 0.698815 0.708033 0.715607 0.721516 0.725747 0.728289 0.729137 0.728289 0.725747 0.721516 0.715607 0.708033 0.698815 0.687979 0.675559 0.661597 0.646147 0.62927 0.611041 0.591545 0.570881 0.549158 0.526497 0.503032 0.478903 0.45426 0.429259 0.40406 0.378825 0.353714 0.328884 0.304486 0.280664 0.257549 0.235261 0.213906 0.193573 0.174337 0.156254 0.139364 0.123691 0.109245 0.0960192 0.0839954 0.0731443 0.0634277 0.0548001 0.0472115 0.0406089 0.0349386 0.0301482 0.0261885 0.0230147 0.0205885 0.0188786 0.0178621 
0.0184568 0.0188104 0.0198759 0.021668 0.0242103 0.0275349 0.0316814 0.0366957 0.0426283 0.0495329 0.0574643 0.0664761 0.0766192 0.087939 0.100474 0.114251 0.129289 0.14559 0.163144 0.181922 0.20188 0.222957 0.245074 0.268135 0.292028 0.316629 0.341798 0.367386 0.393237 0.419187 0.445071 0.470723 0.495979 0.520681 0.544676 0.567821 0.589983 0.611041 0.630887 0.649423 0.666566 0.682245 0.6964 0.708981 0.719949 0.729273 0.736929 0.7429 0.747173 0.74974 0.750596 0.74974 0.747173 0.7429 0.736929 0.729273 0.719949 0.708981 0.6964 0.682245 0.666566 0.649423 0.630887 0.611041 0.589983 0.567821 0.544676 0.520681 0.495979 0.470723 0.445071 0.419187 0.393237 0.367386 0.341798 0.316629 0.292028 0.268135 0.245074 0.222957 0.20188 0.181922 0.163144 0.14559 0.129289 0.114251 0.100474 0.087939 0.0766192 0.0664761 0.0574643 0.0495329 0.0426283 0.0366957 0.0316814 0.0275349 0.0242103 0.021668 0.0198759 0.0188104 
0.0193558 0.019725 0.0208376 0.0227085 0.0253619 0.028831 0.0331564 0.0383849 0.0445685 0.0517616 0.0600202 0.0693986 0.0799481 0.0917142 0.104734 0.119036 0.134635 0.151532 0.169714 0.189148 0.209787 0.231565 0.254398 0.278184 0.302806 0.328133 0.35402 0.380313 0.406848 0.433458 0.459973 0.486221 0.512037 0.537257 0.56173 0.585309 0.607863 0.62927 0.649423 0.668226 0.685599 0.701473 0.71579 0.728506 0.739582 0.748992 0.756715 0.762734 0.767041 0.769627 0.770489 0.769627 0.767041 0.762734 0.756715 0.748992 0.739582 0.728506 0.71579 0.701473 0.685599 0.668226 0.649423 0.62927 0.607863 0.585309 0.56173 0.537257 0.512037 0.486221 0.459973 0.433458 0.406848 0.380313 0.35402 0.328133 0.302806 0.278184 0.254398 0.231565 0.209787 0.189148 0.169714 0.151532 0.134635 0.119036 0.104734 0.0917142 0.0799481 0.0693986 0.0600202 0.0517616 0.0445685 0.0383849 0.0331564 0.028831 0.0253619 0.0227085 0.0208376 0.019725 
