0.000492433 0.000501902 0.000530485 0.000578701 0.000647412 0.000737811 0.000851406 0.000990003 0.00115568 0.00135077 0.00157779 0.00183946 0.0021386 0.0024781 0.00286087 0.00328976 0.0037675 0.00429664 0.00487942 0.00551777 0.00621316 0.00696656 0.00777837 0.00864832 0.00957544 0.010558 0.0115934 0.0126782 0.0138082 0.0149783 0.0161825 0.017414 0.0186652 0.0199278 0.021193 0.0224514 0.023693 0.0249079 0.0260857 0.027216 0.0282887 0.0292939 0.0302221 0.0310642 0.0318121 0.0324583 0.0329963 0.0334205 0.0337267 0.0339117 0.0339736 0.0339117 0.0337267 0.0334205 0.0329963 0.0324583 0.0318121 0.0310642 0.0302221 0.0292939 0.0282887 0.027216 0.0260857 0.0249079 0.023693 0.0224514 0.021193 0.0199278 0.0186652 0.017414 0.0161825 0.0149783 0.0138082 0.0126782 0.0115934 0.010558 0.00957544 0.00864832 0.00777837 0.00696656 0.00621316 0.00551777 0.00487942 0.00429664 0.0037675 0.00328976 0.00286087 0.0024781 0.0021386 0.00183946 0.00157779 0.00135077 0.00115568 0.000990003 0.000851406 0.000737811 0.000647412 0.000578701 0.000530485 0.000501902 
0.000501902 0.00051154 0.000540631 0.000589703 0.00065963 0.000751623 0.000867211 0.00100823 0.00117678 0.00137522 0.00160613 0.00187224 0.00217641 0.00252159 0.00291069 0.00334663 0.00383215 0.00436982 0.00496193 0.00561039 0.0063167 0.00708183 0.00790616 0.00878942 0.00973058 0.0107279 0.0117787 0.0128795 0.0140261 0.0152132 0.0164347 0.0176837 0.0189527 0.0202331 0.0215159 0.0227917 0.0240505 0.025282 0.0264758 0.0276214 0.0287086 0.0297272 0.0306677 0.0315211 0.0322788 0.0329335 0.0334786 0.0339084 0.0342186 0.034406 0.0344687 0.034406 0.0342186 0.0339084 0.0334786 0.0329335 0.0322788 0.0315211 0.0306677 0.0297272 0.0287086 0.0276214 0.0264758 0.025282 0.0240505 0.0227917 0.0215159 0.0202331 0.0189527 0.0176837 0.0164347 0.0152132 0.0140261 0.0128795 0.0117787 0.0107279 0.00973058 0.00878942 0.00790616 0.00708183 0.0063167 0.00561039 0.00496193 0.00436982 0.00383215 0.00334663 0.00291069 0.00252159 0.00217641 0.00187224 0.00160613 0.00137522 0.00117678 0.00100823 0.000867211 0.000751623 0.00065963 0.000589703 0.000540631 0.00051154 
0.000530485 0.000540631 0.000571255 0.000622908 0.000696502 0.000793299 0.000914895 0.0010632 0.00124041 0.00144899 0.0016916 0.00197109 0.00229044 0.0026527 0.0030609 0.00351805 0.004027 0.00459038 0.00521054 0.00588947 0.00662866 0.00742909 0.00829111 0.00921439 0.0101978 0.0112395 0.0123367 0.0134857 0.0146821 0.0159202 0.0171938 0.0184958 0.019818 0.0211518 0.0224877 0.023816 0.0251261 0.0264075 0.0276494 0.028841 0.0299715 0.0310306 0.0320083 0.0328952 0.0336827 0.0343629 0.0349292 0.0353758 0.035698 0.0358927 0.0359578 0.0358927 0.035698 0.0353758 0.0349292 0.0343629 0.0336827 0.0328952 0.0320083 0.0310306 0.0299715 0.028841 0.0276494 0.0264075 0.0251261 0.023816 0.0224877 0.0211518 0.019818 0.0184958 0.0171938 0.0159202 0.0146821 0.0134857 0.0123367 0.0112395 0.0101978 0.00921439 0.00829111 0.00742909 0.00662866 0.00588947 0.00521054 0.00459038 0.004027 0.00351805 0.0030609 0.0026527 0.00229044 0.00197109 0.0016916 0.00144899 0.00124041 0.0010632 0.000914895 0.000793299 0.000696502 0.000622908 0.000571255 0.000540631 
0.000578701 0.000589703 0.000622908 0.000678905 0.00075867 0.000863554 0.000995261 0.00115583 0.00134762 0.00157323 0.00183551 0.00213751 0.00248238 0.00287334 0.00331364 0.00380643 0.00435471 0.00496127 0.00562854 0.00635859 0.00715296 0.00801261 0.00893786 0.00992826 0.0109826 0.0120987 0.0132736 0.0145033 0.015783 0.0171066 0.0184676 0.019858 0.0212694 0.0226925 0.0241173 0.0255332 0.0269293 0.0282943 0.0296166 0.030885 0.0320879 0.0332146 0.0342543 0.0351973 0.0360344 0.0367575 0.0373592 0.0378337 0.0381761 0.0383829 0.0384521 0.0383829 0.0381761 0.0378337 0.0373592 0.0367575 0.0360344 0.0351973 0.0342543 0.0332146 0.0320879 0.030885 0.0296166 0.0282943 0.0269293 0.0255332 0.0241173 0.0226925 0.0212694 0.019858 0.0184676 0.0171066 0.015783 0.0145033 0.0132736 0.0120987 0.0109826 0.00992826 0.00893786 0.00801261 0.00715296 0.00635859 0.00562854 0.00496127 0.00435471 0.00380643 0.00331364 0.00287334 0.00248238 0.00213751 0.00183551 0.00157323 0.00134762 0.00115583 0.000995261 0.000863554 0.00075867 0.000678905 0.000622908 0.000589703 
0.000647412 0.00065963 0.000696502 0.00075867 0.000847202 0.00096357 0.00110963 0.00128762 0.00150008 0.00174987 0.00204007 0.00237398 0.00275502 0.00318669 0.00367245 0.00421572 0.00481971 0.00548737 0.00622131 0.00702368 0.00789607 0.00883944 0.00985402 0.0109392 0.0120936 0.0133148 0.0145994 0.015943 0.0173401 0.0187844 0.0202683 0.0217834 0.0233205 0.0248694 0.0264192 0.0279586 0.0294755 0.030958 0.0323935 0.0337698 0.0350746 0.0362961 0.0374231 0.038445 0.0393518 0.0401349 0.0407865 0.0413002 0.0416708 0.0418947 0.0419696 0.0418947 0.0416708 0.0413002 0.0407865 0.0401349 0.0393518 0.038445 0.0374231 0.0362961 0.0350746 0.0337698 0.0323935 0.030958 0.0294755 0.0279586 0.0264192 0.0248694 0.0233205 0.0217834 0.0202683 0.0187844 0.0173401 0.015943 0.0145994 0.0133148 0.0120936 0.0109392 0.00985402 0.00883944 0.00789607 0.00702368 0.00622131 0.00548737 0.00481971 0.00421572 0.00367245 0.00318669 0.00275502 0.00237398 0.00204007 0.00174987 0.00150008 0.00128762 0.00110963 0.00096357 0.000847202 0.00075867 0.000696502 0.00065963 
0.000737811 0.000751623 0.000793299 0.000863554 0.00096357 0.00109498 0.00125985 0.00146063 0.00170016 0.00198157 0.00230829 0.00268392 0.00311224 0.00359707 0.00414221 0.00475136 0.00542802 0.00617539 0.00699623 0.00789283 0.00886683 0.00991919 0.01105 0.0122586 0.0135431 0.0149008 0.0163278 0.0178192 0.0193689 0.0209696 0.022613 0.0242898 0.0259897 0.0277014 0.0294131 0.0311122 0.0327856 0.03442 0.0360019 0.0375176 0.0389541 0.0402983 0.041538 0.0426616 0.0436584 0.044519 0.045235 0.0457993 0.0462064 0.0464523 0.0465346 0.0464523 0.0462064 0.0457993 0.045235 0.044519 0.0436584 0.0426616 0.041538 0.0402983 0.0389541 0.0375176 0.0360019 0.03442 0.0327856 0.0311122 0.0294131 0.0277014 0.0259897 0.0242898 0.022613 0.0209696 0.0193689 0.0178192 0.0163278 0.0149008 0.0135431 0.0122586 0.01105 0.00991919 0.00886683 0.00789283 0.00699623 0.00617539 0.00542802 0.00475136 0.00414221 0.00359707 0.00311224 0.00268392 0.00230829 0.00198157 0.00170016 0.00146063 0.00125985 0.00109498 0.00096357 0.000863554 0.000793299 0.000751623 
0.000851406 0.000867211 0.000914895 0.000995261 0.00110963 0.00125985 0.00144821 0.00167747 0.00195079 0.00227168 0.00264395 0.00307162 0.00355887 0.00410993 0.00472901 0.00542017 0.00618724 0.00703369 0.00796252 0.00897614 0.0100763 0.0112638 0.0125388 0.0139002 0.0153459 0.0168726 0.0184759 0.0201501 0.0218882 0.0236821 0.0255225 0.0273988 0.0292994 0.031212 0.0331233 0.0350191 0.0368851 0.0387065 0.0404684 0.0421557 0.043754 0.0452489 0.0466271 0.0478757 0.0489831 0.0499389 0.0507338 0.0513603 0.0518122 0.0520851 0.0521764 0.0520851 0.0518122 0.0513603 0.0507338 0.0499389 0.0489831 0.0478757 0.0466271 0.0452489 0.043754 0.0421557 0.0404684 0.0387065 0.0368851 0.0350191 0.0331233 0.031212 0.0292994 0.0273988 0.0255225 0.0236821 0.0218882 0.0201501 0.0184759 0.0168726 0.0153459 0.0139002 0.0125388 0.0112638 0.0100763 0.00897614 0.00796252 0.00703369 0.00618724 0.00542017 0.00472901 0.00410993 0.00355887 0.00307162 0.00264395 0.00227168 0.00195079 0.00167747 0.00144821 0.00125985 0.00110963 0.000995261 0.000914895 0.000867211 
0.000990003 0.00100823 0.0010632 0.00115583 0.00128762 0.00146063 0.00167747 0.00194124 0.00225549 0.00262418 0.00305157 0.00354217 0.00410066 0.00473173 0.00544008 0.00623019 0.00710628 0.00807214 0.00913103 0.0102855 0.0115374 0.0128875 0.0143356 0.0158805 0.0175195 0.0192489 0.0210634 0.0229564 0.0249202 0.0269452 0.029021 0.0311356 0.033276 0.0354283 0.0375774 0.0397078 0.0418033 0.0438474 0.0458235 0.047715 0.0495057 0.0511799 0.0527226 0.0541198 0.0553585 0.0564273 0.057316 0.0580163 0.0585213 0.0588263 0.0589283 0.0588263 0.0585213 0.0580163 0.057316 0.0564273 0.0553585 0.0541198 0.0527226 0.0511799 0.0495057 0.047715 0.0458235 0.0438474 0.0418033 0.0397078 0.0375774 0.0354283 0.033276 0.0311356 0.029021 0.0269452 0.0249202 0.0229564 0.0210634 0.0192489 0.0175195 0.0158805 0.0143356 0.0128875 0.0115374 0.0102855 0.00913103 0.00807214 0.00710628 0.00623019 0.00544008 0.00473173 0.00410066 0.00354217 0.00305157 0.00262418 0.00225549 0.00194124 0.00167747 0.00146063 0.00128762 0.00115583 0.0010632 0.00100823 
0.00115568 0.00117678 0.00124041 0.00134762 0.00150008 0.00170016 0.00195079 0.00225549 0.00261828 0.00304361 0.00353629 0.00410138 0.00474413 0.00546981 0.00628361 0.00719055 0.00819527 0.00930192 0.010514 0.0118344 0.0132647 0.0148059 0.0164574 0.0182177 0.0200835 0.0220504 0.0241123 0.0262617 0.0284892 0.0307844 0.0331352 0.035528 0.0379481 0.0403797 0.0428061 0.0452096 0.0475722 0.0498753 0.0521005 0.0542292 0.0562434 0.0581256 0.0598593 0.0614288 0.0628198 0.0640196 0.0650171 0.0658028 0.0663694 0.0667115 0.0668259 0.0667115 0.0663694 0.0658028 0.0650171 0.0640196 0.0628198 0.0614288 0.0598593 0.0581256 0.0562434 0.0542292 0.0521005 0.0498753 0.0475722 0.0452096 0.0428061 0.0403797 0.0379481 0.035528 0.0331352 0.0307844 0.0284892 0.0262617 0.0241123 0.0220504 0.0200835 0.0182177 0.0164574 0.0148059 0.0132647 0.0118344 0.010514 0.00930192 0.00819527 0.00719055 0.00628361 0.00546981 0.00474413 0.00410138 0.00353629 0.00304361 0.00261828 0.00225549 0.00195079 0.00170016 0.00150008 0.00134762 0.00124041 0.00117678 
0.00135077 0.00137522 0.00144899 0.00157323 0.00174987 0.00198157 0.00227168 0.00262418 0.00304361 0.003535 0.00410378 0.00475565 0.00549649 0.00633221 0.00726862 0.00831126 0.00946527 0.0107352 0.0121249 0.0136373 0.0152741 0.0170362 0.0189228 0.0209316 0.0230591 0.0252997 0.0276465 0.0300906 0.0326215 0.0352271 0.0378935 0.0406054 0.0433461 0.0460977 0.0488414 0.0515573 0.0542251 0.0568241 0.0593337 0.0617331 0.0640022 0.0661216 0.0680728 0.0698386 0.071403 0.072752 0.0738731 0.0747561 0.0753927 0.0757771 0.0759056 0.0757771 0.0753927 0.0747561 0.0738731 0.072752 0.071403 0.0698386 0.0680728 0.0661216 0.0640022 0.0617331 0.0593337 0.0568241 0.0542251 0.0515573 0.0488414 0.0460977 0.0433461 0.0406054 0.0378935 0.0352271 0.0326215 0.0300906 0.0276465 0.0252997 0.0230591 0.0209316 0.0189228 0.0170362 0.0152741 0.0136373 0.0121249 0.0107352 0.00946527 0.00831126 0.00726862 0.00633221 0.00549649 0.00475565 0.00410378 0.003535 0.00304361 0.00262418 0.00227168 0.00198157 0.00174987 0.00157323 0.00144899 0.00137522 
0.00157779 0.00160613 0.0016916 0.00183551 0.00204007 0.00230829 0.00264395 0.00305157 0.00353629 0.00410378 0.00476017 0.00551187 0.00636547 0.00732759 0.00840471 0.00960298 0.0109281 0.012385 0.0139778 0.0157096 0.0175824 0.0195965 0.0217509 0.024043 0.0264681 0.02902 0.0316904 0.0344691 0.0373441 0.0403013 0.043325 0.0463978 0.0495009 0.0526139 0.0557157 0.0587838 0.0617956 0.0647279 0.0675574 0.0702613 0.0728169 0.0752028 0.0773983 0.0793843 0.0811433 0.0826596 0.0839194 0.0849114 0.0856266 0.0860583 0.0862026 0.0860583 0.0856266 0.0849114 0.0839194 0.0826596 0.0811433 0.0793843 0.0773983 0.0752028 0.0728169 0.0702613 0.0675574 0.0647279 0.0617956 0.0587838 0.0557157 0.0526139 0.0495009 0.0463978 0.043325 0.0403013 0.0373441 0.0344691 0.0316904 0.02902 0.0264681 0.024043 0.0217509 0.0195965 0.0175824 0.0157096 0.0139778 0.012385 0.0109281 0.00960298 0.00840471 0.00732759 0.00636547 0.00551187 0.00476017 0.00410378 0.00353629 0.00305157 0.00264395 0.00230829 0.00204007 0.00183551 0.0016916 0.00160613 
0.00183946 0.00187224 0.00197109 0.00213751 0.00237398 0.00268392 0.00307162 0.00354217 0.00410138 0.00475565 0.00551187 0.00637723 0.00735913 0.00846496 0.0097019 0.0110768 0.0125959 0.0142646 0.0160873 0.0180674 0.0202066 0.0225052 0.0249617 0.0275727 0.0303329 0.0332348 0.0362687 0.039423 0.0426837 0.0460348 0.0494585 0.0529349 0.0564428 0.0599593 0.0634604 0.0669211 0.070316 0.073619 0.0768044 0.0798465 0.0827203 0.0854019 0.0878685 0.0900987 0.0920733 0.0937749 0.0951883 0.096301 0.0971031 0.0975872 0.0977491 0.0975872 0.0971031 0.096301 0.0951883 0.0937749 0.0920733 0.0900987 0.0878685 0.0854019 0.0827203 0.0798465 0.0768044 0.073619 0.070316 0.0669211 0.0634604 0.0599593 0.0564428 0.0529349 0.0494585 0.0460348 0.0426837 0.039423 0.0362687 0.0332348 0.0303329 0.0275727 0.0249617 0.0225052 0.0202066 0.0180674 0.0160873 0.0142646 0.0125959 0.0110768 0.0097019 0.00846496 0.00735913 0.00637723 0.00551187 0.00475565 0.00410138 0.00354217 0.00307162 0.00268392 0.00237398 0.00213751 0.00197109 0.00187224 
0.0021386 0.00217641 0.00229044 0.00248238 0.00275502 0.00311224 0.00355887 0.00410066 0.00474413 0.00549649 0.00636547 0.00735913 0.00848573 0.00975348 0.0111704 0.0127439 0.014481 0.0163875 0.0184681 0.0207263 0.0231638 0.0257805 0.0285745 0.0315416 0.0346754 0.037967 0.0414055 0.0449772 0.0486662 0.0524543 0.0563213 0.0602446 0.0642003 0.0681626 0.0721047 0.0759985 0.0798156 0.083527 0.0871039 0.090518 0.0937415 0.0967479 0.0995118 0.10201 0.104221 0.106126 0.107707 0.108952 0.10985 0.110391 0.110572 0.110391 0.10985 0.108952 0.107707 0.106126 0.104221 0.10201 0.0995118 0.0967479 0.0937415 0.090518 0.0871039 0.083527 0.0798156 0.0759985 0.0721047 0.0681626 0.0642003 0.0602446 0.0563213 0.0524543 0.0486662 0.0449772 0.0414055 0.037967 0.0346754 0.0315416 0.0285745 0.0257805 0.0231638 0.0207263 0.0184681 0.0163875 0.014481 0.0127439 0.0111704 0.00975348 0.00848573 0.00735913 0.00636547 0.00549649 0.00474413 0.00410066 0.00355887 0.00311224 0.00275502 0.00248238 0.00229044 0.00217641 
0.0024781 0.00252159 0.0026527 0.00287334 0.00318669 0.00359707 0.00410993 0.00473173 0.00546981 0.00633221 0.00732759 0.00846496 0.00975348 0.0112023 0.0128202 0.0146155 0.0165956 0.0187669 0.0211345 0.0237018 0.0264705 0.0294402 0.0326081 0.0359693 0.0395161 0.0432383 0.0471231 0.0511549 0.0553155 0.0595843 0.0639382 0.068352 0.0727987 0.0772493 0.0816739 0.0860412 0.0903194 0.0944765 0.0984804 0.1023 0.105904 0.109264 0.112351 0.11514 0.117608 0.119733 0.121498 0.122886 0.123887 0.12449 0.124692 0.12449 0.123887 0.122886 0.121498 0.119733 0.117608 0.11514 0.112351 0.109264 0.105904 0.1023 0.0984804 0.0944765 0.0903194 0.0860412 0.0816739 0.0772493 0.0727987 0.068352 0.0639382 0.0595843 0.0553155 0.0511549 0.0471231 0.0432383 0.0395161 0.0359693 0.0326081 0.0294402 0.0264705 0.0237018 0.0211345 0.0187669 0.0165956 0.0146155 0.0128202 0.0112023 0.00975348 0.00846496 0.00732759 0.00633221 0.00546981 0.00473173 0.00410993 0.00359707 0.00318669 0.00287334 0.0026527 0.00252159 
0.00286087 0.00291069 0.0030609 0.00331364 0.00367245 0.00414221 0.00472901 0.00544008 0.00628361 0.00726862 0.00840471 0.0097019 0.0111704 0.0128202 0.0146611 0.016702 0.0189512 0.0214154 0.0241 0.0270085 0.0301423 0.0335005 0.0370797 0.0408738 0.0448739 0.0490681 0.0534416 0.0579765 0.0626523 0.0674455 0.0723303 0.0772782 0.0822588 0.0872401 0.0921884 0.0970691 0.101847 0.106486 0.110952 0.115209 0.119224 0.122965 0.126401 0.129504 0.132248 0.134611 0.136572 0.138114 0.139226 0.139896 0.140121 0.139896 0.139226 0.138114 0.136572 0.134611 0.132248 0.129504 0.126401 0.122965 0.119224 0.115209 0.110952 0.106486 0.101847 0.0970691 0.0921884 0.0872401 0.0822588 0.0772782 0.0723303 0.0674455 0.0626523 0.0579765 0.0534416 0.0490681 0.0448739 0.0408738 0.0370797 0.0335005 0.0301423 0.0270085 0.0241 0.0214154 0.0189512 0.016702 0.0146611 0.0128202 0.0111704 0.0097019 0.00840471 0.00726862 0.00628361 0.00544008 0.00472901 0.00414221 0.00367245 0.00331364 0.0030609 0.00291069 
0.00328976 0.00334663 0.00351805 0.00380643 0.00421572 0.00475136 0.00542017 0.00623019 0.00719055 0.00831126 0.00960298 0.0110768 0.0127439 0.0146155 0.016702 0.0190134 0.0215585 0.0243444 0.0273768 0.0306592 0.0341927 0.0379758 0.0420043 0.0462708 0.0507649 0.0554728 0.0603775 0.0654588 0.0706934 0.0760548 0.0815139 0.087039 0.0925962 0.0981497 0.103662 0.109095 0.11441 0.119567 0.124528 0.129255 0.13371 0.137859 0.141667 0.145106 0.148145 0.150761 0.152931 0.154639 0.155868 0.15661 0.156858 0.15661 0.155868 0.154639 0.152931 0.150761 0.148145 0.145106 0.141667 0.137859 0.13371 0.129255 0.124528 0.119567 0.11441 0.109095 0.103662 0.0981497 0.0925962 0.087039 0.0815139 0.0760548 0.0706934 0.0654588 0.0603775 0.0554728 0.0507649 0.0462708 0.0420043 0.0379758 0.0341927 0.0306592 0.0273768 0.0243444 0.0215585 0.0190134 0.016702 0.0146155 0.0127439 0.0110768 0.00960298 0.00831126 0.00719055 0.00623019 0.00542017 0.00475136 0.00421572 0.00380643 0.00351805 0.00334663 
0.0037675 0.00383215 0.004027 0.00435471 0.00481971 0.00542802 0.00618724 0.00710628 0.00819527 0.00946527 0.0109281 0.0125959 0.014481 0.0165956 0.0189512 0.0215585 0.0244268 0.0275639 0.0309756 0.0346652 0.0386335 0.0428783 0.0473944 0.0521729 0.0572017 0.062465 0.0679434 0.0736141 0.0794506 0.0854233 0.0914997 0.0976443 0.103819 0.109986 0.116101 0.122124 0.128012 0.133722 0.13921 0.144436 0.149359 0.153941 0.158145 0.161939 0.165291 0.168175 0.170567 0.172449 0.173804 0.174621 0.174894 0.174621 0.173804 0.172449 0.170567 0.168175 0.165291 0.161939 0.158145 0.153941 0.149359 0.144436 0.13921 0.133722 0.128012 0.122124 0.116101 0.109986 0.103819 0.0976443 0.0914997 0.0854233 0.0794506 0.0736141 0.0679434 0.062465 0.0572017 0.0521729 0.0473944 0.0428783 0.0386335 0.0346652 0.0309756 0.0275639 0.0244268 0.0215585 0.0189512 0.0165956 0.014481 0.0125959 0.0109281 0.00946527 0.00819527 0.00710628 0.00618724 0.00542802 0.00481971 0.00435471 0.004027 0.00383215 
0.00429664 0.00436982 0.00459038 0.00496127 0.00548737 0.00617539 0.00703369 0.00807214 0.00930192 0.0107352 0.012385 0.0142646 0.0163875 0.0187669 0.0214154 0.0243444 0.0275639 0.0310821 0.0349048 0.0390352 0.0434736 0.0482169 0.0532588 0.0585888 0.0641928 0.0700529 0.0761469 0.0824491 0.0889298 0.0955559 0.102291 0.109096 0.115929 0.122747 0.129504 0.136153 0.142648 0.148941 0.154987 0.160741 0.166157 0.171196 0.175817 0.179984 0.183666 0.186832 0.189457 0.191522 0.193008 0.193905 0.194204 0.193905 0.193008 0.191522 0.189457 0.186832 0.183666 0.179984 0.175817 0.171196 0.166157 0.160741 0.154987 0.148941 0.142648 0.136153 0.129504 0.122747 0.115929 0.109096 0.102291 0.0955559 0.0889298 0.0824491 0.0761469 0.0700529 0.0641928 0.0585888 0.0532588 0.0482169 0.0434736 0.0390352 0.0349048 0.0310821 0.0275639 0.0243444 0.0214154 0.0187669 0.0163875 0.0142646 0.012385 0.0107352 0.00930192 0.00807214 0.00703369 0.00617539 0.00548737 0.00496127 0.00459038 0.00436982 
0.00487942 0.00496193 0.00521054 0.00562854 0.00622131 0.00699623 0.00796252 0.00913103 0.010514 0.0121249 0.0139778 0.0160873 0.0184681 0.0211345 0.0241 0.0273768 0.0309756 0.0349048 0.0391702 0.0437749 0.0487186 0.0539971 0.0596025 0.065523 0.0717421 0.0782394 0.0849899 0.0919646 0.0991304 0.10645 0.113885 0.121389 0.128918 0.136424 0.143857 0.151166 0.1583 0.165207 0.171839 0.178145 0.184079 0.189595 0.194652 0.199211 0.203236 0.206696 0.209565 0.21182 0.213443 0.214422 0.214749 0.214422 0.213443 0.21182 0.209565 0.206696 0.203236 0.199211 0.194652 0.189595 0.184079 0.178145 0.171839 0.165207 0.1583 0.151166 0.143857 0.136424 0.128918 0.121389 0.113885 0.10645 0.0991304 0.0919646 0.0849899 0.0782394 0.0717421 0.065523 0.0596025 0.0539971 0.0487186 0.0437749 0.0391702 0.0349048 0.0309756 0.0273768 0.0241 0.0211345 0.0184681 0.0160873 0.0139778 0.0121249 0.010514 0.00913103 0.00796252 0.00699623 0.00622131 0.00562854 0.00521054 0.00496193 
0.00551777 0.00561039 0.00588947 0.00635859 0.00702368 0.00789283 0.00897614 0.0102855 0.0118344 0.0136373 0.0157096 0.0180674 0.0207263 0.0237018 0.0270085 0.0306592 0.0346652 0.0390352 0.0437749 0.0488871 0.0543706 0.0602201 0.0664263 0.0729751 0.079848 0.0870216 0.0944679 0.102154 0.110044 0.118097 0.126267 0.134508 0.142769 0.150997 0.159139 0.167138 0.17494 0.182489 0.189731 0.196613 0.203085 0.209098 0.214608 0.219572 0.223953 0.227718 0.230839 0.233291 0.235056 0.23612 0.236476 0.23612 0.235056 0.233291 0.230839 0.227718 0.223953 0.219572 0.214608 0.209098 0.203085 0.196613 0.189731 0.182489 0.17494 0.167138 0.159139 0.150997 0.142769 0.134508 0.126267 0.118097 0.110044 0.102154 0.0944679 0.0870216 0.079848 0.0729751 0.0664263 0.0602201 0.0543706 0.0488871 0.0437749 0.0390352 0.0346652 0.0306592 0.0270085 0.0237018 0.0207263 0.0180674 0.0157096 0.0136373 0.0118344 0.0102855 0.00897614 0.00789283 0.00702368 0.00635859 0.00588947 0.00561039 
0.00621316 0.0063167 0.00662866 0.00715296 0.00789607 0.00886683 0.0100763 0.0115374 0.0132647 0.0152741 0.0175824 0.0202066 0.0231638 0.0264705 0.0301423 0.0341927 0.0386335 0.0434736 0.0487186 0.0543706 0.0604275 0.0668829 0.0737256 0.0809393 0.088503 0.0963901 0.10457 0.113005 0.121656 0.130476 0.139419 0.14843 0.157454 0.166436 0.175315 0.184033 0.192528 0.200742 0.208617 0.216095 0.223123 0.229649 0.235625 0.241007 0.245755 0.249833 0.253213 0.255868 0.257778 0.25893 0.259315 0.25893 0.257778 0.255868 0.253213 0.249833 0.245755 0.241007 0.235625 0.229649 0.223123 0.216095 0.208617 0.200742 0.192528 0.184033 0.175315 0.166436 0.157454 0.14843 0.139419 0.130476 0.121656 0.113005 0.10457 0.0963901 0.088503 0.0809393 0.0737256 0.0668829 0.0604275 0.0543706 0.0487186 0.0434736 0.0386335 0.0341927 0.0301423 0.0264705 0.0231638 0.0202066 0.0175824 0.0152741 0.0132647 0.0115374 0.0100763 0.00886683 0.00789607 0.00715296 0.00662866 0.0063167 
0.00696656 0.00708183 0.00742909 0.00801261 0.00883944 0.00991919 0.0112638 0.0128875 0.0148059 0.0170362 0.0195965 0.0225052 0.0257805 0.0294402 0.0335005 0.0379758 0.0428783 0.0482169 0.0539971 0.0602201 0.0668829 0.0739775 0.0814907 0.089404 0.0976933 0.106329 0.115276 0.124495 0.13394 0.143562 0.153307 0.163119 0.172937 0.182699 0.192342 0.201801 0.211013 0.219912 0.228438 0.236528 0.244127 0.251178 0.257632 0.263441 0.268563 0.272962 0.276606 0.279468 0.281526 0.282768 0.283183 0.282768 0.281526 0.279468 0.276606 0.272962 0.268563 0.263441 0.257632 0.251178 0.244127 0.236528 0.228438 0.219912 0.211013 0.201801 0.192342 0.182699 0.172937 0.163119 0.153307 0.143562 0.13394 0.124495 0.115276 0.106329 0.0976933 0.089404 0.0814907 0.0739775 0.0668829 0.0602201 0.0539971 0.0482169 0.0428783 0.0379758 0.0335005 0.0294402 0.0257805 0.0225052 0.0195965 0.0170362 0.0148059 0.0128875 0.0112638 0.00991919 0.00883944 0.00801261 0.00742909 0.00708183 
0.00777837 0.00790616 0.00829111 0.00893786 0.00985402 0.01105 0.0125388 0.0143356 0.0164574 0.0189228 0.0217509 0.0249617 0.0285745 0.0326081 0.0370797 0.0420043 0.0473944 0.0532588 0.0596025 0.0664263 0.0737256 0.0814907 0.0897064 0.0983514 0.107399 0.116815 0.126562 0.136595 0.146865 0.157317 0.167894 0.178532 0.189168 0.199735 0.210163 0.220384 0.230329 0.23993 0.24912 0.257836 0.266016 0.273602 0.280542 0.286785 0.292288 0.297012 0.300923 0.303994 0.306203 0.307534 0.307979 0.307534 0.306203 0.303994 0.300923 0.297012 0.292288 0.286785 0.280542 0.273602 0.266016 0.257836 0.24912 0.23993 0.230329 0.220384 0.210163 0.199735 0.189168 0.178532 0.167894 0.157317 0.146865 0.136595 0.126562 0.116815 0.107399 0.0983514 0.0897064 0.0814907 0.0737256 0.0664263 0.0596025 0.0532588 0.0473944 0.0420043 0.0370797 0.0326081 0.0285745 0.0249617 0.0217509 0.0189228 0.0164574 0.0143356 0.0125388 0.01105 0.00985402 0.00893786 0.00829111 0.00790616 
0.00864832 0.00878942 0.00921439 0.00992826 0.0109392 0.0122586 0.0139002 0.0158805 0.0182177 0.0209316 0.024043 0.0275727 0.0315416 0.0359693 0.0408738 0.0462708 0.0521729 0.0585888 0.065523 0.0729751 0.0809393 0.089404 0.0983514 0.107757 0.117592 0.127818 0.138393 0.149268 0.160388 0.171696 0.183128 0.194616 0.20609 0.21748 0.22871 0.239708 0.250401 0.260715 0.27058 0.27993 0.288698 0.296826 0.304256 0.310937 0.316823 0.321873 0.326053 0.329335 0.331695 0.333117 0.333592 0.333117 0.331695 0.329335 0.326053 0.321873 0.316823 0.310937 0.304256 0.296826 0.288698 0.27993 0.27058 0.260715 0.250401 0.239708 0.22871 0.21748 0.20609 0.194616 0.183128 0.171696 0.160388 0.149268 0.138393 0.127818 0.117592 0.107757 0.0983514 0.089404 0.0809393 0.0729751 0.065523 0.0585888 0.0521729 0.0462708 0.0408738 0.0359693 0.0315416 0.0275727 0.024043 0.0209316 0.0182177 0.0158805 0.0139002 0.0122586 0.0109392 0.00992826 0.00921439 0.00878942 
0.00957544 0.00973058 0.0101978 0.0109826 0.0120936 0.0135431 0.0153459 0.0175195 0.0200835 0.0230591 0.0264681 0.0303329 0.0346754 0.0395161 0.0448739 0.0507649 0.0572017 0.0641928 0.0717421 0.079848 0.088503 0.0976933 0.107399 0.117592 0.128239 0.1393 0.150727 0.162467 0.174461 0.186645 0.198951 0.211305 0.223635 0.235861 0.247906 0.259692 0.27114 0.282175 0.292721 0.302709 0.312069 0.32074 0.328662 0.335781 0.34205 0.347427 0.351876 0.355368 0.357878 0.359391 0.359896 0.359391 0.357878 0.355368 0.351876 0.347427 0.34205 0.335781 0.328662 0.32074 0.312069 0.302709 0.292721 0.282175 0.27114 0.259692 0.247906 0.235861 0.223635 0.211305 0.198951 0.186645 0.174461 0.162467 0.150727 0.1393 0.128239 0.117592 0.107399 0.0976933 0.088503 0.079848 0.0717421 0.0641928 0.0572017 0.0507649 0.0448739 0.0395161 0.0346754 0.0303329 0.0264681 0.0230591 0.0200835 0.0175195 0.0153459 0.0135431 0.0120936 0.0109826 0.0101978 0.00973058 
0.010558 0.0107279 0.0112395 0.0120987 0.0133148 0.0149008 0.0168726 0.0192489 0.0220504 0.0252997 0.02902 0.0332348 0.037967 0.0432383 0.0490681 0.0554728 0.062465 0.0700529 0.0782394 0.0870216 0.0963901 0.106329 0.116815 0.127818 0.1393 0.151216 0.163515 0.176139 0.189024 0.2021 0.215294 0.228528 0.241723 0.254795 0.267663 0.280242 0.29245 0.304208 0.315436 0.326062 0.336013 0.345225 0.353637 0.361192 0.367842 0.373543 0.378258 0.381957 0.384617 0.386219 0.386754 0.386219 0.384617 0.381957 0.378258 0.373543 0.367842 0.361192 0.353637 0.345225 0.336013 0.326062 0.315436 0.304208 0.29245 0.280242 0.267663 0.254795 0.241723 0.228528 0.215294 0.2021 0.189024 0.176139 0.163515 0.151216 0.1393 0.127818 0.116815 0.106329 0.0963901 0.0870216 0.0782394 0.0700529 0.062465 0.0554728 0.0490681 0.0432383 0.037967 0.0332348 0.02902 0.0252997 0.0220504 0.0192489 0.0168726 0.0149008 0.0133148 0.0120987 0.0112395 0.0107279 
0.0115934 0.0117787 0.0123367 0.0132736 0.0145994 0.0163278 0.0184759 0.0210634 0.0241123 0.0276465 0.0316904 0.0362687 0.0414055 0.0471231 0.0534416 0.0603775 0.0679434 0.0761469 0.0849899 0.0944679 0.10457 0.115276 0.126562 0.138393 0.150727 0.163515 0.176702 0.190224 0.204011 0.217991 0.232082 0.246203 0.260269 0.274191 0.287882 0.301255 0.314223 0.326701 0.338609 0.349868 0.360406 0.370153 0.379049 0.387034 0.394059 0.400079 0.405056 0.40896 0.411766 0.413456 0.414021 0.413456 0.411766 0.40896 0.405056 0.400079 0.394059 0.387034 0.379049 0.370153 0.360406 0.349868 0.338609 0.326701 0.314223 0.301255 0.287882 0.274191 0.260269 0.246203 0.232082 0.217991 0.204011 0.190224 0.176702 0.163515 0.150727 0.138393 0.126562 0.115276 0.10457 0.0944679 0.0849899 0.0761469 0.0679434 0.0603775 0.0534416 0.0471231 0.0414055 0.0362687 0.0316904 0.0276465 0.0241123 0.0210634 0.0184759 0.0163278 0.0145994 0.0132736 0.0123367 0.0117787 
0.0126782 0.0128795 0.0134857 0.0145033 0.015943 0.0178192 0.0201501 0.0229564 0.0262617 0.0300906 0.0344691 0.039423 0.0449772 0.0511549 0.0579765 0.0654588 0.0736141 0.0824491 0.0919646 0.102154 0.113005 0.124495 0.136595 0.149268 0.162467 0.176139 0.190224 0.204652 0.21935 0.234238 0.249231 0.264241 0.279177 0.293948 0.30846 0.322622 0.336343 0.349535 0.362114 0.373998 0.385113 0.395387 0.404757 0.413164 0.420556 0.426888 0.432121 0.436224 0.439172 0.440948 0.441541 0.440948 0.439172 0.436224 0.432121 0.426888 0.420556 0.413164 0.404757 0.395387 0.385113 0.373998 0.362114 0.349535 0.336343 0.322622 0.30846 0.293948 0.279177 0.264241 0.249231 0.234238 0.21935 0.204652 0.190224 0.176139 0.162467 0.149268 0.136595 0.124495 0.113005 0.102154 0.0919646 0.0824491 0.0736141 0.0654588 0.0579765 0.0511549 0.0449772 0.039423 0.0344691 0.0300906 0.0262617 0.0229564 0.0201501 0.0178192 0.015943 0.0145033 0.0134857 0.0128795 
0.0138082 0.0140261 0.0146821 0.015783 0.0173401 0.0193689 0.0218882 0.0249202 0.0284892 0.0326215 0.0373441 0.0426837 0.0486662 0.0553155 0.0626523 0.0706934 0.0794506 0.0889298 0.0991304 0.110044 0.121656 0.13394 0.146865 0.160388 0.174461 0.189024 0.204011 0.21935 0.23496 0.250756 0.266649 0.282544 0.298347 0.313959 0.329284 0.344226 0.358689 0.372583 0.38582 0.398317 0.409996 0.420785 0.430617 0.439434 0.447182 0.453816 0.459297 0.463593 0.466679 0.468538 0.469158 0.468538 0.466679 0.463593 0.459297 0.453816 0.447182 0.439434 0.430617 0.420785 0.409996 0.398317 0.38582 0.372583 0.358689 0.344226 0.329284 0.313959 0.298347 0.282544 0.266649 0.250756 0.23496 0.21935 0.204011 0.189024 0.174461 0.160388 0.146865 0.13394 0.121656 0.110044 0.0991304 0.0889298 0.0794506 0.0706934 0.0626523 0.0553155 0.0486662 0.0426837 0.0373441 0.0326215 0.0284892 0.0249202 0.0218882 0.0193689 0.0173401 0.015783 0.0146821 0.0140261 
0.0149783 0.0152132 0.0159202 0.0171066 0.0187844 0.0209696 0.0236821 0.0269452 0.0307844 0.0352271 0.0403013 0.0460348 0.0524543 0.0595843 0.0674455 0.0760548 0.0854233 0.0955559 0.10645 0.118097 0.130476 0.143562 0.157317 0.171696 0.186645 0.2021 0.217991 0.234238 0.250756 0.267456 0.284241 0.301013 0.317671 0.334113 0.350237 0.365944 0.381134 0.395714 0.409594 0.422686 0.434913 0.446199 0.456479 0.465691 0.473783 0.480708 0.486426 0.490907 0.494125 0.496063 0.496711 0.496063 0.494125 0.490907 0.486426 0.480708 0.473783 0.465691 0.456479 0.446199 0.434913 0.422686 0.409594 0.395714 0.381134 0.365944 0.350237 0.334113 0.317671 0.301013 0.284241 0.267456 0.250756 0.234238 0.217991 0.2021 0.186645 0.171696 0.157317 0.143562 0.130476 0.118097 0.10645 0.0955559 0.0854233 0.0760548 0.0674455 0.0595843 0.0524543 0.0460348 0.0403013 0.0352271 0.0307844 0.0269452 0.0236821 0.0209696 0.0187844 0.0171066 0.0159202 0.0152132 
0.0161825 0.0164347 0.0171938 0.0184676 0.0202683 0.022613 0.0255225 0.029021 0.0331352 0.0378935 0.043325 0.0494585 0.0563213 0.0639382 0.0723303 0.0815139 0.0914997 0.102291 0.113885 0.126267 0.139419 0.153307 0.167894 0.183128 0.198951 0.215294 0.232082 0.249231 0.266649 0.284241 0.301906 0.31954 0.337038 0.354293 0.371199 0.387651 0.403549 0.418794 0.433295 0.446963 0.459717 0.471483 0.482191 0.491782 0.500202 0.507404 0.51335 0.518007 0.521351 0.523364 0.524037 0.523364 0.521351 0.518007 0.51335 0.507404 0.500202 0.491782 0.482191 0.471483 0.459717 0.446963 0.433295 0.418794 0.403549 0.387651 0.371199 0.354293 0.337038 0.31954 0.301906 0.284241 0.266649 0.249231 0.232082 0.215294 0.198951 0.183128 0.167894 0.153307 0.139419 0.126267 0.113885 0.102291 0.0914997 0.0815139 0.0723303 0.0639382 0.0563213 0.0494585 0.043325 0.0378935 0.0331352 0.029021 0.0255225 0.022613 0.0202683 0.0184676 0.0171938 0.0164347 
0.017414 0.0176837 0.0184958 0.019858 0.0217834 0.0242898 0.0273988 0.0311356 0.035528 0.0406054 0.0463978 0.0529349 0.0602446 0.068352 0.0772782 0.087039 0.0976443 0.109096 0.121389 0.134508 0.14843 0.163119 0.178532 0.194616 0.211305 0.228528 0.246203 0.264241 0.282544 0.301013 0.31954 0.338018 0.356335 0.374381 0.392045 0.40922 0.425801 0.441688 0.456785 0.471005 0.484264 0.496486 0.507604 0.517555 0.526286 0.53375 0.53991 0.544734 0.548196 0.550281 0.550977 0.550281 0.548196 0.544734 0.53991 0.53375 0.526286 0.517555 0.507604 0.496486 0.484264 0.471005 0.456785 0.441688 0.425801 0.40922 0.392045 0.374381 0.356335 0.338018 0.31954 0.301013 0.282544 0.264241 0.246203 0.228528 0.211305 0.194616 0.178532 0.163119 0.14843 0.134508 0.121389 0.109096 0.0976443 0.087039 0.0772782 0.068352 0.0602446 0.0529349 0.0463978 0.0406054 0.035528 0.0311356 0.0273988 0.0242898 0.0217834 0.019858 0.0184958 0.0176837 
0.0186652 0.0189527 0.019818 0.0212694 0.0233205 0.0259897 0.0292994 0.033276 0.0379481 0.0433461 0.0495009 0.0564428 0.0642003 0.0727987 0.0822588 0.0925962 0.103819 0.115929 0.128918 0.142769 0.157454 0.172937 0.189168 0.20609 0.223635 0.241723 0.260269 0.279177 0.298347 0.317671 0.337038 0.356335 0.375446 0.394257 0.412652 0.430522 0.447758 0.464259 0.479927 0.494672 0.50841 0.521065 0.532568 0.542858 0.551882 0.559593 0.565954 0.570933 0.574507 0.576658 0.577376 0.576658 0.574507 0.570933 0.565954 0.559593 0.551882 0.542858 0.532568 0.521065 0.50841 0.494672 0.479927 0.464259 0.447758 0.430522 0.412652 0.394257 0.375446 0.356335 0.337038 0.317671 0.298347 0.279177 0.260269 0.241723 0.223635 0.20609 0.189168 0.172937 0.157454 0.142769 0.128918 0.115929 0.103819 0.0925962 0.0822588 0.0727987 0.0642003 0.0564428 0.0495009 0.0433461 0.0379481 0.033276 0.0292994 0.0259897 0.0233205 0.0212694 0.019818 0.0189527 
0.0199278 0.0202331 0.0211518 0.0226925 0.0248694 0.0277014 0.031212 0.0354283 0.0403797 0.0460977 0.0526139 0.0599593 0.0681626 0.0772493 0.0872401 0.0981497 0.109986 0.122747 0.136424 0.150997 0.166436 0.182699 0.199735 0.21748 0.235861 0.254795 0.274191 0.293948 0.313959 0.334113 0.354293 0.374381 0.394257 0.413801 0.432898 0.451431 0.469292 0.486376 0.502585 0.517826 0.532015 0.545077 0.556942 0.567549 0.576845 0.584786 0.591334 0.596457 0.600133 0.602345 0.603084 0.602345 0.600133 0.596457 0.591334 0.584786 0.576845 0.567549 0.556942 0.545077 0.532015 0.517826 0.502585 0.486376 0.469292 0.451431 0.432898 0.413801 0.394257 0.374381 0.354293 0.334113 0.313959 0.293948 0.274191 0.254795 0.235861 0.21748 0.199735 0.182699 0.166436 0.150997 0.136424 0.122747 0.109986 0.0981497 0.0872401 0.0772493 0.0681626 0.0599593 0.0526139 0.0460977 0.0403797 0.0354283 0.031212 0.0277014 0.0248694 0.0226925 0.0211518 0.0202331 
0.021193 0.0215159 0.0224877 0.0241173 0.0264192 0.0294131 0.0331233 0.0375774 0.0428061 0.0488414 0.0557157 0.0634604 0.0721047 0.0816739 0.0921884 0.103662 0.116101 0.129504 0.143857 0.159139 0.175315 0.192342 0.210163 0.22871 0.247906 0.267663 0.287882 0.30846 0.329284 0.350237 0.371199 0.392045 0.412652 0.432898 0.452661 0.471824 0.490276 0.50791 0.524627 0.540333 0.554945 0.568385 0.580586 0.591487 0.601036 0.609189 0.615908 0.621164 0.624934 0.627203 0.62796 0.627203 0.624934 0.621164 0.615908 0.609189 0.601036 0.591487 0.580586 0.568385 0.554945 0.540333 0.524627 0.50791 0.490276 0.471824 0.452661 0.432898 0.412652 0.392045 0.371199 0.350237 0.329284 0.30846 0.287882 0.267663 0.247906 0.22871 0.210163 0.192342 0.175315 0.159139 0.143857 0.129504 0.116101 0.103662 0.0921884 0.0816739 0.0721047 0.0634604 0.0557157 0.0488414 0.0428061 0.0375774 0.0331233 0.0294131 0.0264192 0.0241173 0.0224877 0.0215159 
0.0224514 0.0227917 0.023816 0.0255332 0.0279586 0.0311122 0.0350191 0.0397078 0.0452096 0.0515573 0.0587838 0.0669211 0.0759985 0.0860412 0.0970691 0.109095 0.122124 0.136153 0.151166 0.167138 0.184033 0.201801 0.220384 0.239708 0.259692 0.280242 0.301255 0.322622 0.344226 0.365944 0.387651 0.40922 0.430522 0.451431 0.471824 0.491582 0.510589 0.528738 0.545928 0.562067 0.577071 0.590861 0.603372 0.614543 0.624323 0.632669 0.639545 0.644922 0.648778 0.651098 0.651872 0.651098 0.648778 0.644922 0.639545 0.632669 0.624323 0.614543 0.603372 0.590861 0.577071 0.562067 0.545928 0.528738 0.510589 0.491582 0.471824 0.451431 0.430522 0.40922 0.387651 0.365944 0.344226 0.322622 0.301255 0.280242 0.259692 0.239708 0.220384 0.201801 0.184033 0.167138 0.151166 0.136153 0.122124 0.109095 0.0970691 0.0860412 0.0759985 0.0669211 0.0587838 0.0515573 0.0452096 0.0397078 0.0350191 0.0311122 0.0279586 0.0255332 0.023816 0.0227917 
0.023693 0.0240505 0.0251261 0.0269293 0.0294755 0.0327856 0.0368851 0.0418033 0.0475722 0.0542251 0.0617956 0.070316 0.0798156 0.0903194 0.101847 0.11441 0.128012 0.142648 0.1583 0.17494 0.192528 0.211013 0.230329 0.250401 0.27114 0.29245 0.314223 0.336343 0.358689 0.381134 0.403549 0.425801 0.447758 0.469292 0.490276 0.510589 0.530113 0.548741 0.566371 0.582909 0.598273 0.612385 0.625178 0.636595 0.646586 0.655107 0.662124 0.66761 0.671543 0.673909 0.674698 0.673909 0.671543 0.66761 0.662124 0.655107 0.646586 0.636595 0.625178 0.612385 0.598273 0.582909 0.566371 0.548741 0.530113 0.510589 0.490276 0.469292 0.447758 0.425801 0.403549 0.381134 0.358689 0.336343 0.314223 0.29245 0.27114 0.250401 0.230329 0.211013 0.192528 0.17494 0.1583 0.142648 0.128012 0.11441 0.101847 0.0903194 0.0798156 0.070316 0.0617956 0.0542251 0.0475722 0.0418033 0.0368851 0.0327856 0.0294755 0.0269293 0.0251261 0.0240505 
0.0249079 0.025282 0.0264075 0.0282943 0.030958 0.03442 0.0387065 0.0438474 0.0498753 0.0568241 0.0647279 0.073619 0.083527 0.0944765 0.106486 0.119567 0.133722 0.148941 0.165207 0.182489 0.200742 0.219912 0.23993 0.260715 0.282175 0.304208 0.326701 0.349535 0.372583 0.395714 0.418794 0.441688 0.464259 0.486376 0.50791 0.528738 0.548741 0.56781 0.585843 0.602748 0.61844 0.632844 0.645894 0.657533 0.667712 0.67639 0.683534 0.689117 0.693119 0.695525 0.696328 0.695525 0.693119 0.689117 0.683534 0.67639 0.667712 0.657533 0.645894 0.632844 0.61844 0.602748 0.585843 0.56781 0.548741 0.528738 0.50791 0.486376 0.464259 0.441688 0.418794 0.395714 0.372583 0.349535 0.326701 0.304208 0.282175 0.260715 0.23993 0.219912 0.200742 0.182489 0.165207 0.148941 0.133722 0.119567 0.106486 0.0944765 0.083527 0.073619 0.0647279 0.0568241 0.0498753 0.0438474 0.0387065 0.03442 0.030958 0.0282943 0.0264075 0.025282 
0.0260857 0.0264758 0.0276494 0.0296166 0.0323935 0.0360019 0.0404684 0.0458235 0.0521005 0.0593337 0.0675574 0.0768044 0.0871039 0.0984804 0.110952 0.124528 0.13921 0.154987 0.171839 0.189731 0.208617 0.228438 0.24912 0.27058 0.292721 0.315436 0.338609 0.362114 0.38582 0.409594 0.433295 0.456785 0.479927 0.502585 0.524627 0.545928 0.566371 0.585843 0.604244 0.621481 0.63747 0.652137 0.665417 0.677255 0.687602 0.69642 0.703676 0.709344 0.713406 0.715849 0.716664 0.715849 0.713406 0.709344 0.703676 0.69642 0.687602 0.677255 0.665417 0.652137 0.63747 0.621481 0.604244 0.585843 0.566371 0.545928 0.524627 0.502585 0.479927 0.456785 0.433295 0.409594 0.38582 0.362114 0.338609 0.315436 0.292721 0.27058 0.24912 0.228438 0.208617 0.189731 0.171839 0.154987 0.13921 0.124528 0.110952 0.0984804 0.0871039 0.0768044 0.0675574 0.0593337 0.0521005 0.0458235 0.0404684 0.0360019 0.0323935 0.0296166 0.0276494 0.0264758 
0.027216 0.0276214 0.028841 0.030885 0.0337698 0.0375176 0.0421557 0.047715 0.0542292 0.0617331 0.0702613 0.0798465 0.090518 0.1023 0.115209 0.129255 0.144436 0.160741 0.178145 0.196613 0.216095 0.236528 0.257836 0.27993 0.302709 0.326062 0.349868 0.373998 0.398317 0.422686 0.446963 0.471005 0.494672 0.517826 0.540333 0.562067 0.582909 0.602748 0.621481 0.639017 0.655272 0.670173 0.683658 0.695671 0.706167 0.715107 0.722461 0.728205 0.73232 0.734793 0.735619 0.734793 0.73232 0.728205 0.722461 0.715107 0.706167 0.695671 0.683658 0.670173 0.655272 0.639017 0.621481 0.602748 0.582909 0.562067 0.540333 0.517826 0.494672 0.471005 0.446963 0.422686 0.398317 0.373998 0.349868 0.326062 0.302709 0.27993 0.257836 0.236528 0.216095 0.196613 0.178145 0.160741 0.144436 0.129255 0.115209 0.1023 0.090518 0.0798465 0.0702613 0.0617331 0.0542292 0.047715 0.0421557 0.0375176 0.0337698 0.030885 0.028841 0.0276214 
0.0282887 0.0287086 0.0299715 0.0320879 0.0350746 0.0389541 0.043754 0.0495057 0.0562434 0.0640022 0.0728169 0.0827203 0.0937415 0.105904 0.119224 0.13371 0.149359 0.166157 0.184079 0.203085 0.223123 0.244127 0.266016 0.288698 0.312069 0.336013 0.360406 0.385113 0.409996 0.434913 0.459717 0.484264 0.50841 0.532015 0.554945 0.577071 0.598273 0.61844 0.63747 0.655272 0.671763 0.686872 0.700536 0.712703 0.723328 0.732375 0.739814 0.745622 0.749783 0.752284 0.753118 0.752284 0.749783 0.745622 0.739814 0.732375 0.723328 0.712703 0.700536 0.686872 0.671763 0.655272 0.63747 0.61844 0.598273 0.577071 0.554945 0.532015 0.50841 0.484264 0.459717 0.434913 0.409996 0.385113 0.360406 0.336013 0.312069 0.288698 0.266016 0.244127 0.223123 0.203085 0.184079 0.166157 0.149359 0.13371 0.119224 0.105904 0.0937415 0.0827203 0.0728169 0.0640022 0.0562434 0.0495057 0.043754 0.0389541 0.0350746 0.0320879 0.0299715 0.0287086 
