0.00175769 0.00177992 0.00184682 0.00195897 0.00211734 0.00232328 0.00257844 0.00288478 0.00324452 0.00366005 0.00413392 0.00466875 0.00526718 0.00593176 0.00666488 0.00746873 0.00834517 0.00929564 0.0103211 0.0114221 0.0125982 0.0138487 0.0151717 0.0165648 0.0180246 0.0195468 0.0211263 0.022757 0.0244318 0.026143 0.0278817 0.0296387 0.0314036 0.0331659 0.0349141 0.0366366 0.0383216 0.0399568 0.0415304 0.0430302 0.0444448 0.0457628 0.0469736 0.0480674 0.0490349 0.049868 0.0505597 0.051104 0.0514962 0.0517329 0.051812 0.0517329 0.0514962 0.051104 0.0505597 0.049868 0.0490349 0.0480674 0.0469736 0.0457628 0.0444448 0.0430302 0.0415304 0.0399568 0.0383216 0.0366366 0.0349141 0.0331659 0.0314036 0.0296387 0.0278817 0.026143 0.0244318 0.022757 0.0211263 0.0195468 0.0180246 0.0165648 0.0151717 0.0138487 0.0125982 0.0114221 0.0103211 0.00929564 0.00834517 0.00746873 0.00666488 0.00593176 0.00526718 0.00466875 0.00413392 0.00366005 0.00324452 0.00288478 0.00257844 0.00232328 0.00211734 0.00195897 0.00184682 0.00177992 
0.00177992 0.00180241 0.00187008 0.00198353 0.00214373 0.00235204 0.00261012 0.00291996 0.00328377 0.00370399 0.00418319 0.00472399 0.00532905 0.00600094 0.00674208 0.00755465 0.00844052 0.00940115 0.0104375 0.01155 0.0127384 0.0140018 0.0153384 0.0167458 0.0182203 0.0197578 0.0213531 0.0229998 0.0246911 0.0264189 0.0281745 0.0299483 0.0317301 0.033509 0.0352736 0.0370123 0.0387129 0.0403633 0.0419513 0.0434648 0.0448923 0.0462223 0.047444 0.0485476 0.0495238 0.0503644 0.0510623 0.0516114 0.0520071 0.0522459 0.0523258 0.0522459 0.0520071 0.0516114 0.0510623 0.0503644 0.0495238 0.0485476 0.047444 0.0462223 0.0448923 0.0434648 0.0419513 0.0403633 0.0387129 0.0370123 0.0352736 0.033509 0.0317301 0.0299483 0.0281745 0.0264189 0.0246911 0.0229998 0.0213531 0.0197578 0.0182203 0.0167458 0.0153384 0.0140018 0.0127384 0.01155 0.0104375 0.00940115 0.00844052 0.00755465 0.00674208 0.00600094 0.00532905 0.00472399 0.00418319 0.00370399 0.00328377 0.00291996 0.00261012 0.00235204 0.00214373 0.00198353 0.00187008 0.00180241 
0.00184682 0.00187008 0.00194008 0.00205742 0.00222312 0.00243854 0.00270542 0.00302576 0.00340185 0.00383618 0.00433136 0.00489009 0.00551509 0.00620896 0.00697417 0.00781294 0.00872717 0.00971831 0.0107873 0.0119346 0.0131599 0.0144622 0.0158396 0.0172896 0.0188085 0.0203919 0.0220343 0.0237294 0.02547 0.0272478 0.0290538 0.0308782 0.0327105 0.0345395 0.0363535 0.0381405 0.0398881 0.0415839 0.0432153 0.0447701 0.0462361 0.047602 0.0488566 0.0499897 0.050992 0.051855 0.0525714 0.0531351 0.0535412 0.0537863 0.0538683 0.0537863 0.0535412 0.0531351 0.0525714 0.051855 0.050992 0.0499897 0.0488566 0.047602 0.0462361 0.0447701 0.0432153 0.0415839 0.0398881 0.0381405 0.0363535 0.0345395 0.0327105 0.0308782 0.0290538 0.0272478 0.02547 0.0237294 0.0220343 0.0203919 0.0188085 0.0172896 0.0158396 0.0144622 0.0131599 0.0119346 0.0107873 0.00971831 0.00872717 0.00781294 0.00697417 0.00620896 0.00551509 0.00489009 0.00433136 0.00383618 0.00340185 0.00302576 0.00270542 0.00243854 0.00222312 0.00205742 0.00194008 0.00187008 
0.00195897 0.00198353 0.00205742 0.00218129 0.00235618 0.00258352 0.0028651 0.00320303 0.00359966 0.00405758 0.00457951 0.00516825 0.00582658 0.00655722 0.00736269 0.00824528 0.0092069 0.010249 0.0113727 0.0125781 0.013865 0.0152323 0.0166779 0.018199 0.019792 0.0214519 0.0231732 0.0249491 0.0267719 0.0286332 0.0305234 0.0324322 0.0343488 0.0362613 0.0381576 0.0400252 0.0418512 0.0436226 0.0453264 0.0469498 0.0484803 0.049906 0.0512153 0.0523976 0.0534433 0.0543436 0.0550908 0.0556788 0.0561024 0.0563581 0.0564435 0.0563581 0.0561024 0.0556788 0.0550908 0.0543436 0.0534433 0.0523976 0.0512153 0.049906 0.0484803 0.0469498 0.0453264 0.0436226 0.0418512 0.0400252 0.0381576 0.0362613 0.0343488 0.0324322 0.0305234 0.0286332 0.0267719 0.0249491 0.0231732 0.0214519 0.019792 0.018199 0.0166779 0.0152323 0.013865 0.0125781 0.0113727 0.010249 0.0092069 0.00824528 0.00736269 0.00655722 0.00582658 0.00516825 0.00457951 0.00405758 0.00359966 0.00320303 0.0028651 0.00258352 0.00235618 0.00218129 0.00205742 0.00198353 
0.00211734 0.00214373 0.00222312 0.00235618 0.00254402 0.00278814 0.00309044 0.00345313 0.00387869 0.00436984 0.00492943 0.00556039 0.00626565 0.00704801 0.00791013 0.00885434 0.00988263 0.0109965 0.0121969 0.013484 0.0148575 0.016316 0.0178574 0.0194786 0.0211754 0.0229429 0.0247748 0.026664 0.0286023 0.0305806 0.0325889 0.0346161 0.0366507 0.0386803 0.040692 0.0426726 0.0446084 0.0464857 0.0482909 0.0500104 0.0516312 0.0531405 0.0545264 0.0557777 0.0568841 0.0578366 0.0586271 0.059249 0.059697 0.0599674 0.0600578 0.0599674 0.059697 0.059249 0.0586271 0.0578366 0.0568841 0.0557777 0.0545264 0.0531405 0.0516312 0.0500104 0.0482909 0.0464857 0.0446084 0.0426726 0.040692 0.0386803 0.0366507 0.0346161 0.0325889 0.0305806 0.0286023 0.026664 0.0247748 0.0229429 0.0211754 0.0194786 0.0178574 0.016316 0.0148575 0.013484 0.0121969 0.0109965 0.00988263 0.00885434 0.00791013 0.00704801 0.00626565 0.00556039 0.00492943 0.00436984 0.00387869 0.00345313 0.00309044 0.00278814 0.00254402 0.00235618 0.00222312 0.00214373 
0.00232328 0.00235204 0.00243854 0.00258352 0.00278814 0.00305403 0.00338317 0.00377794 0.00424098 0.00477517 0.00538353 0.00606916 0.00683516 0.00768448 0.00861988 0.00964381 0.0107583 0.0119649 0.0132645 0.0146572 0.0161425 0.0177189 0.019384 0.0211342 0.0229652 0.0248714 0.026846 0.0288813 0.0309684 0.0330976 0.035258 0.0374377 0.0396244 0.0418048 0.043965 0.0460909 0.048168 0.0501816 0.0521172 0.0539603 0.0556971 0.057314 0.0587983 0.0601382 0.0613227 0.0623422 0.0631883 0.0638538 0.0643332 0.0646225 0.0647192 0.0646225 0.0643332 0.0638538 0.0631883 0.0623422 0.0613227 0.0601382 0.0587983 0.057314 0.0556971 0.0539603 0.0521172 0.0501816 0.048168 0.0460909 0.043965 0.0418048 0.0396244 0.0374377 0.035258 0.0330976 0.0309684 0.0288813 0.026846 0.0248714 0.0229652 0.0211342 0.019384 0.0177189 0.0161425 0.0146572 0.0132645 0.0119649 0.0107583 0.00964381 0.00861988 0.00768448 0.00683516 0.00606916 0.00538353 0.00477517 0.00424098 0.00377794 0.00338317 0.00305403 0.00278814 0.00258352 0.00243854 0.00235204 
0.00257844 0.00261012 0.00270542 0.0028651 0.00309044 0.00338317 0.00374545 0.00417979 0.00468906 0.00527632 0.00594481 0.00669784 0.00753868 0.00847048 0.00949614 0.0106182 0.0118388 0.0131595 0.0145811 0.0161036 0.0177264 0.0194477 0.0212647 0.0231735 0.0251691 0.0272454 0.0293951 0.0316096 0.0338792 0.0361933 0.03854 0.0409065 0.0432794 0.0456443 0.0479863 0.05029 0.0525399 0.0547202 0.0568152 0.0588094 0.060688 0.0624363 0.0640409 0.065489 0.0667689 0.0678702 0.0687841 0.0695029 0.0700206 0.070333 0.0704374 0.070333 0.0700206 0.0695029 0.0687841 0.0678702 0.0667689 0.065489 0.0640409 0.0624363 0.060688 0.0588094 0.0568152 0.0547202 0.0525399 0.05029 0.0479863 0.0456443 0.0432794 0.0409065 0.03854 0.0361933 0.0338792 0.0316096 0.0293951 0.0272454 0.0251691 0.0231735 0.0212647 0.0194477 0.0177264 0.0161036 0.0145811 0.0131595 0.0118388 0.0106182 0.00949614 0.00847048 0.00753868 0.00669784 0.00594481 0.00527632 0.00468906 0.00417979 0.00374545 0.00338317 0.00309044 0.0028651 0.00270542 0.00261012 
0.00288478 0.00291996 0.00302576 0.00320303 0.00345313 0.00377794 0.00417979 0.00466143 0.0052259 0.00587653 0.00661679 0.00745024 0.00838036 0.00941051 0.0105438 0.0117828 0.0131298 0.0145863 0.0161531 0.0178302 0.0196165 0.02151 0.0235075 0.0256047 0.0277958 0.0300742 0.0324316 0.0348586 0.0373446 0.0398778 0.0424453 0.0450331 0.0476265 0.0502098 0.0527668 0.0552809 0.0577351 0.0601124 0.0623958 0.0645686 0.0666146 0.0685182 0.0702647 0.0718405 0.073233 0.074431 0.0754248 0.0762064 0.0767693 0.077109 0.0772225 0.077109 0.0767693 0.0762064 0.0754248 0.074431 0.073233 0.0718405 0.0702647 0.0685182 0.0666146 0.0645686 0.0623958 0.0601124 0.0577351 0.0552809 0.0527668 0.0502098 0.0476265 0.0450331 0.0424453 0.0398778 0.0373446 0.0348586 0.0324316 0.0300742 0.0277958 0.0256047 0.0235075 0.02151 0.0196165 0.0178302 0.0161531 0.0145863 0.0131298 0.0117828 0.0105438 0.00941051 0.00838036 0.00745024 0.00661679 0.00587653 0.0052259 0.00466143 0.00417979 0.00377794 0.00345313 0.00320303 0.00302576 0.00291996 
0.00324452 0.00328377 0.00340185 0.00359966 0.00387869 0.00424098 0.00468906 0.0052259 0.00585481 0.00657939 0.00740338 0.00833061 0.00936482 0.0105096 0.0117682 0.0131434 0.0146375 0.0162521 0.0179878 0.0198445 0.0218208 0.0239143 0.0261214 0.028437 0.030855 0.0333676 0.0359657 0.0386389 0.0413754 0.0441622 0.0469851 0.0498288 0.0526769 0.0555126 0.058318 0.0610749 0.063765 0.0663696 0.0688702 0.0712489 0.0734879 0.0755704 0.0774805 0.0792033 0.0807254 0.0820347 0.0831207 0.0839746 0.0845895 0.0849605 0.0850845 0.0849605 0.0845895 0.0839746 0.0831207 0.0820347 0.0807254 0.0792033 0.0774805 0.0755704 0.0734879 0.0712489 0.0688702 0.0663696 0.063765 0.0610749 0.058318 0.0555126 0.0526769 0.0498288 0.0469851 0.0441622 0.0413754 0.0386389 0.0359657 0.0333676 0.030855 0.028437 0.0261214 0.0239143 0.0218208 0.0198445 0.0179878 0.0162521 0.0146375 0.0131434 0.0117682 0.0105096 0.00936482 0.00833061 0.00740338 0.00657939 0.00585481 0.0052259 0.00468906 0.00424098 0.00387869 0.00359966 0.00340185 0.00328377 
0.00366005 0.00370399 0.00383618 0.00405758 0.00436984 0.00477517 0.00527632 0.00587653 0.00657939 0.0073888 0.00830881 0.00934354 0.010497 0.0117731 0.0131752 0.0147062 0.0163687 0.0181639 0.0200926 0.0221544 0.0243476 0.0266694 0.0291154 0.0316802 0.0343566 0.0371358 0.0400079 0.0429611 0.0459825 0.0490575 0.0521706 0.0553047 0.0584421 0.061564 0.0646511 0.0676833 0.0706405 0.0735025 0.0762492 0.0788608 0.0813181 0.083603 0.0856981 0.0875872 0.0892558 0.0906908 0.0918809 0.0928165 0.0934902 0.0938966 0.0940325 0.0938966 0.0934902 0.0928165 0.0918809 0.0906908 0.0892558 0.0875872 0.0856981 0.083603 0.0813181 0.0788608 0.0762492 0.0735025 0.0706405 0.0676833 0.0646511 0.061564 0.0584421 0.0553047 0.0521706 0.0490575 0.0459825 0.0429611 0.0400079 0.0371358 0.0343566 0.0316802 0.0291154 0.0266694 0.0243476 0.0221544 0.0200926 0.0181639 0.0163687 0.0147062 0.0131752 0.0117731 0.010497 0.00934354 0.00830881 0.0073888 0.00657939 0.00587653 0.00527632 0.00477517 0.00436984 0.00405758 0.00383618 0.00370399 
0.00413392 0.00418319 0.00433136 0.00457951 0.00492943 0.00538353 0.00594481 0.00661679 0.00740338 0.00830881 0.00933746 0.0104938 0.0117821 0.0132065 0.0147706 0.0164777 0.0183299 0.020329 0.0224753 0.0247681 0.0272055 0.0297841 0.032499 0.0353438 0.0383104 0.0413891 0.0445686 0.0478359 0.0511766 0.0545745 0.0580124 0.0614717 0.0649326 0.0683746 0.0717763 0.075116 0.0783716 0.0815209 0.084542 0.0874133 0.0901142 0.0926245 0.0949257 0.097 0.0988318 0.100407 0.101713 0.102739 0.103478 0.103924 0.104073 0.103924 0.103478 0.102739 0.101713 0.100407 0.0988318 0.097 0.0949257 0.0926245 0.0901142 0.0874133 0.084542 0.0815209 0.0783716 0.075116 0.0717763 0.0683746 0.0649326 0.0614717 0.0580124 0.0545745 0.0511766 0.0478359 0.0445686 0.0413891 0.0383104 0.0353438 0.032499 0.0297841 0.0272055 0.0247681 0.0224753 0.020329 0.0183299 0.0164777 0.0147706 0.0132065 0.0117821 0.0104938 0.00933746 0.00830881 0.00740338 0.00661679 0.00594481 0.00538353 0.00492943 0.00457951 0.00433136 0.00418319 
0.00466875 0.00472399 0.00489009 0.00516825 0.00556039 0.00606916 0.00669784 0.00745024 0.00833061 0.00934354 0.0104938 0.0117861 0.0132252 0.0148154 0.0165606 0.018464 0.0205282 0.0227544 0.0251432 0.0276934 0.0304026 0.033267 0.0362808 0.0394367 0.0427257 0.0461368 0.0496573 0.0532729 0.0569673 0.0607228 0.0645202 0.068339 0.0721576 0.0759531 0.0797024 0.0833815 0.0869661 0.0904322 0.0937557 0.0969133 0.0998823 0.102641 0.105169 0.107447 0.109458 0.111187 0.11262 0.113747 0.114558 0.115047 0.11521 0.115047 0.114558 0.113747 0.11262 0.111187 0.109458 0.107447 0.105169 0.102641 0.0998823 0.0969133 0.0937557 0.0904322 0.0869661 0.0833815 0.0797024 0.0759531 0.0721576 0.068339 0.0645202 0.0607228 0.0569673 0.0532729 0.0496573 0.0461368 0.0427257 0.0394367 0.0362808 0.033267 0.0304026 0.0276934 0.0251432 0.0227544 0.0205282 0.018464 0.0165606 0.0148154 0.0132252 0.0117861 0.0104938 0.00934354 0.00833061 0.00745024 0.00669784 0.00606916 0.00556039 0.00516825 0.00489009 0.00472399 
0.00526718 0.00532905 0.00551509 0.00582658 0.00626565 0.00683516 0.00753868 0.00838036 0.00936482 0.010497 0.0117821 0.0132252 0.0148313 0.0166051 0.0185506 0.0206713 0.0229697 0.025447 0.0281034 0.0309376 0.0339467 0.0371259 0.0404689 0.0439673 0.0476109 0.0513873 0.0552824 0.0592802 0.0633627 0.0675102 0.0717016 0.0759141 0.080124 0.0843064 0.0884355 0.0924853 0.0964293 0.100241 0.103895 0.107364 0.110625 0.113654 0.116429 0.118929 0.121136 0.123032 0.124604 0.125839 0.126728 0.127265 0.127444 0.127265 0.126728 0.125839 0.124604 0.123032 0.121136 0.118929 0.116429 0.113654 0.110625 0.107364 0.103895 0.100241 0.0964293 0.0924853 0.0884355 0.0843064 0.080124 0.0759141 0.0717016 0.0675102 0.0633627 0.0592802 0.0552824 0.0513873 0.0476109 0.0439673 0.0404689 0.0371259 0.0339467 0.0309376 0.0281034 0.025447 0.0229697 0.0206713 0.0185506 0.0166051 0.0148313 0.0132252 0.0117821 0.010497 0.00936482 0.00838036 0.00753868 0.00683516 0.00626565 0.00582658 0.00551509 0.00532905 
0.00593176 0.00600094 0.00620896 0.00655722 0.00704801 0.00768448 0.00847048 0.00941051 0.0105096 0.0117731 0.0132065 0.0148154 0.0166051 0.0185805 0.020746 0.0231051 0.0256602 0.0284127 0.0313623 0.0345073 0.0378442 0.0413676 0.0450701 0.0489423 0.0529726 0.0571472 0.0614504 0.0658642 0.0703687 0.0749424 0.0795616 0.0842016 0.0888361 0.0934377 0.0979785 0.10243 0.106763 0.110948 0.114959 0.118765 0.122342 0.125663 0.128705 0.131444 0.133861 0.135938 0.137659 0.139012 0.139985 0.140572 0.140768 0.140572 0.139985 0.139012 0.137659 0.135938 0.133861 0.131444 0.128705 0.125663 0.122342 0.118765 0.114959 0.110948 0.106763 0.10243 0.0979785 0.0934377 0.0888361 0.0842016 0.0795616 0.0749424 0.0703687 0.0658642 0.0614504 0.0571472 0.0529726 0.0489423 0.0450701 0.0413676 0.0378442 0.0345073 0.0313623 0.0284127 0.0256602 0.0231051 0.020746 0.0185805 0.0166051 0.0148154 0.0132065 0.0117731 0.0105096 0.00941051 0.00847048 0.00768448 0.00704801 0.00655722 0.00620896 0.00600094 
0.00666488 0.00674208 0.00697417 0.00736269 0.00791013 0.00861988 0.00949614 0.0105438 0.0117682 0.0131752 0.0147706 0.0165606 0.0185506 0.020746 0.0231513 0.02577 0.0286048 0.0316566 0.0349249 0.0384076 0.0421005 0.0459973 0.0500896 0.0543667 0.0588156 0.063421 0.0681652 0.0730284 0.0779887 0.0830219 0.0881024 0.0932028 0.0982943 0.103347 0.10833 0.113213 0.117963 0.12255 0.126943 0.131111 0.135026 0.13866 0.141987 0.144982 0.147625 0.149895 0.151775 0.153253 0.154317 0.154958 0.155172 0.154958 0.154317 0.153253 0.151775 0.149895 0.147625 0.144982 0.141987 0.13866 0.135026 0.131111 0.126943 0.12255 0.117963 0.113213 0.10833 0.103347 0.0982943 0.0932028 0.0881024 0.0830219 0.0779887 0.0730284 0.0681652 0.063421 0.0588156 0.0543667 0.0500896 0.0459973 0.0421005 0.0384076 0.0349249 0.0316566 0.0286048 0.02577 0.0231513 0.020746 0.0185506 0.0165606 0.0147706 0.0131752 0.0117682 0.0105438 0.00949614 0.00861988 0.00791013 0.00736269 0.00697417 0.00674208 
0.00746873 0.00755465 0.00781294 0.00824528 0.00885434 0.00964381 0.0106182 0.0117828 0.0131434 0.0147062 0.0164777 0.018464 0.0206713 0.0231051 0.02577 0.0286699 0.031807 0.0351823 0.038795 0.0426422 0.046719 0.0510182 0.0555302 0.0602431 0.0651422 0.0702104 0.0754282 0.0807735 0.0862222 0.0917478 0.097322 0.102915 0.108495 0.114029 0.119485 0.124827 0.130023 0.135037 0.139837 0.14439 0.148665 0.152631 0.156261 0.159528 0.16241 0.164885 0.166935 0.168546 0.169704 0.170403 0.170637 0.170403 0.169704 0.168546 0.166935 0.164885 0.16241 0.159528 0.156261 0.152631 0.148665 0.14439 0.139837 0.135037 0.130023 0.124827 0.119485 0.114029 0.108495 0.102915 0.097322 0.0917478 0.0862222 0.0807735 0.0754282 0.0702104 0.0651422 0.0602431 0.0555302 0.0510182 0.046719 0.0426422 0.038795 0.0351823 0.031807 0.0286699 0.02577 0.0231051 0.0206713 0.018464 0.0164777 0.0147062 0.0131434 0.0117828 0.0106182 0.00964381 0.00885434 0.00824528 0.00781294 0.00755465 
0.00834517 0.00844052 0.00872717 0.0092069 0.00988263 0.0107583 0.0118388 0.0131298 0.0146375 0.0163687 0.0183299 0.0205282 0.0229697 0.0256602 0.0286048 0.031807 0.0352693 0.0389922 0.0429745 0.0472126 0.051701 0.0564313 0.0613926 0.0665715 0.0719516 0.077514 0.083237 0.0890963 0.0950653 0.101115 0.107214 0.11333 0.119429 0.125474 0.131431 0.137261 0.142927 0.148394 0.153625 0.158584 0.163239 0.167556 0.171505 0.17506 0.178194 0.180885 0.183113 0.184864 0.186123 0.186883 0.187136 0.186883 0.186123 0.184864 0.183113 0.180885 0.178194 0.17506 0.171505 0.167556 0.163239 0.158584 0.153625 0.148394 0.142927 0.137261 0.131431 0.125474 0.119429 0.11333 0.107214 0.101115 0.0950653 0.0890963 0.083237 0.077514 0.0719516 0.0665715 0.0613926 0.0564313 0.051701 0.0472126 0.0429745 0.0389922 0.0352693 0.031807 0.0286048 0.0256602 0.0229697 0.0205282 0.0183299 0.0163687 0.0146375 0.0131298 0.0118388 0.0107583 0.00988263 0.0092069 0.00872717 0.00844052 
0.00929564 0.00940115 0.00971831 0.010249 0.0109965 0.0119649 0.0131595 0.0145863 0.0162521 0.0181639 0.020329 0.0227544 0.025447 0.0284127 0.0316566 0.0351823 0.0389922 0.0430864 0.0474633 0.0521185 0.0570455 0.0622348 0.0676742 0.0733486 0.0792398 0.0853267 0.0915856 0.0979895 0.104509 0.111113 0.117768 0.124436 0.131082 0.137667 0.144151 0.150494 0.156657 0.162599 0.168282 0.173669 0.178721 0.183406 0.187691 0.191546 0.194944 0.197862 0.200277 0.202174 0.203539 0.204362 0.204637 0.204362 0.203539 0.202174 0.200277 0.197862 0.194944 0.191546 0.187691 0.183406 0.178721 0.173669 0.168282 0.162599 0.156657 0.150494 0.144151 0.137667 0.131082 0.124436 0.117768 0.111113 0.104509 0.0979895 0.0915856 0.0853267 0.0792398 0.0733486 0.0676742 0.0622348 0.0570455 0.0521185 0.0474633 0.0430864 0.0389922 0.0351823 0.0316566 0.0284127 0.025447 0.0227544 0.020329 0.0181639 0.0162521 0.0145863 0.0131595 0.0119649 0.0109965 0.010249 0.00971831 0.00940115 
0.0103211 0.0104375 0.0107873 0.0113727 0.0121969 0.0132645 0.0145811 0.0161531 0.0179878 0.0200926 0.0224753 0.0251432 0.0281034 0.0313623 0.0349249 0.038795 0.0429745 0.0474633 0.052259 0.0573567 0.0627487 0.0684242 0.0743695 0.0805678 0.0869989 0.0936395 0.100463 0.107441 0.114541 0.121728 0.128966 0.136215 0.143435 0.150585 0.157622 0.164502 0.171183 0.177622 0.183778 0.18961 0.195079 0.200147 0.204782 0.20895 0.212623 0.215775 0.218385 0.220434 0.221909 0.222797 0.223094 0.222797 0.221909 0.220434 0.218385 0.215775 0.212623 0.20895 0.204782 0.200147 0.195079 0.18961 0.183778 0.177622 0.171183 0.164502 0.157622 0.150585 0.143435 0.136215 0.128966 0.121728 0.114541 0.107441 0.100463 0.0936395 0.0869989 0.0805678 0.0743695 0.0684242 0.0627487 0.0573567 0.052259 0.0474633 0.0429745 0.038795 0.0349249 0.0313623 0.0281034 0.0251432 0.0224753 0.0200926 0.0179878 0.0161531 0.0145811 0.0132645 0.0121969 0.0113727 0.0107873 0.0104375 
0.0114221 0.01155 0.0119346 0.0125781 0.013484 0.0146572 0.0161036 0.0178302 0.0198445 0.0221544 0.0247681 0.0276934 0.0309376 0.0345073 0.0384076 0.0426422 0.0472126 0.0521185 0.0573567 0.0629214 0.0688036 0.0749914 0.0814693 0.0882185 0.0952169 0.102439 0.109856 0.117435 0.125142 0.132939 0.140786 0.148641 0.156461 0.1642 0.171812 0.179251 0.186472 0.193428 0.200074 0.206368 0.212268 0.217734 0.22273 0.227222 0.23118 0.234575 0.237386 0.239593 0.24118 0.242137 0.242457 0.242137 0.24118 0.239593 0.237386 0.234575 0.23118 0.227222 0.22273 0.217734 0.212268 0.206368 0.200074 0.193428 0.186472 0.179251 0.171812 0.1642 0.156461 0.148641 0.140786 0.132939 0.125142 0.117435 0.109856 0.102439 0.0952169 0.0882185 0.0814693 0.0749914 0.0688036 0.0629214 0.0573567 0.0521185 0.0472126 0.0426422 0.0384076 0.0345073 0.0309376 0.0276934 0.0247681 0.0221544 0.0198445 0.0178302 0.0161036 0.0146572 0.013484 0.0125781 0.0119346 0.01155 
0.0125982 0.0127384 0.0131599 0.013865 0.0148575 0.0161425 0.0177264 0.0196165 0.0218208 0.0243476 0.0272055 0.0304026 0.0339467 0.0378442 0.0421005 0.046719 0.051701 0.0570455 0.0627487 0.0688036 0.0752002 0.0819249 0.0889606 0.0962863 0.103878 0.111707 0.119742 0.127948 0.136288 0.14472 0.153201 0.161685 0.170126 0.178476 0.186684 0.194702 0.20248 0.20997 0.217123 0.223893 0.230238 0.236113 0.241482 0.246308 0.250558 0.254204 0.257222 0.25959 0.261294 0.26232 0.262663 0.26232 0.261294 0.25959 0.257222 0.254204 0.250558 0.246308 0.241482 0.236113 0.230238 0.223893 0.217123 0.20997 0.20248 0.194702 0.186684 0.178476 0.170126 0.161685 0.153201 0.14472 0.136288 0.127948 0.119742 0.111707 0.103878 0.0962863 0.0889606 0.0819249 0.0752002 0.0688036 0.0627487 0.0570455 0.051701 0.046719 0.0421005 0.0378442 0.0339467 0.0304026 0.0272055 0.0243476 0.0218208 0.0196165 0.0177264 0.0161425 0.0148575 0.013865 0.0131599 0.0127384 
0.0138487 0.0140018 0.0144622 0.0152323 0.016316 0.0177189 0.0194477 0.02151 0.0239143 0.0266694 0.0297841 0.033267 0.0371259 0.0413676 0.0459973 0.0510182 0.0564313 0.0622348 0.0684242 0.0749914 0.0819249 0.0892096 0.0968264 0.104752 0.112961 0.12142 0.130098 0.138954 0.147949 0.157038 0.166174 0.175309 0.184392 0.193371 0.202194 0.210807 0.219159 0.227196 0.23487 0.24213 0.248929 0.255225 0.260975 0.266142 0.270691 0.274593 0.277822 0.280356 0.282178 0.283276 0.283643 0.283276 0.282178 0.280356 0.277822 0.274593 0.270691 0.266142 0.260975 0.255225 0.248929 0.24213 0.23487 0.227196 0.219159 0.210807 0.202194 0.193371 0.184392 0.175309 0.166174 0.157038 0.147949 0.138954 0.130098 0.12142 0.112961 0.104752 0.0968264 0.0892096 0.0819249 0.0749914 0.0684242 0.0622348 0.0564313 0.0510182 0.0459973 0.0413676 0.0371259 0.033267 0.0297841 0.0266694 0.0239143 0.02151 0.0194477 0.0177189 0.016316 0.0152323 0.0144622 0.0140018 
0.0151717 0.0153384 0.0158396 0.0166779 0.0178574 0.019384 0.0212647 0.0235075 0.0261214 0.0291154 0.032499 0.0362808 0.0404689 0.0450701 0.0500896 0.0555302 0.0613926 0.0676742 0.0743695 0.0814693 0.0889606 0.0968264 0.105046 0.113593 0.12244 0.131552 0.140892 0.15042 0.16009 0.169855 0.179666 0.189469 0.199211 0.208836 0.218288 0.227511 0.23645 0.245048 0.253252 0.261011 0.268275 0.274998 0.281137 0.286651 0.291505 0.295667 0.29911 0.301812 0.303754 0.304925 0.305316 0.304925 0.303754 0.301812 0.29911 0.295667 0.291505 0.286651 0.281137 0.274998 0.268275 0.261011 0.253252 0.245048 0.23645 0.227511 0.218288 0.208836 0.199211 0.189469 0.179666 0.169855 0.16009 0.15042 0.140892 0.131552 0.12244 0.113593 0.105046 0.0968264 0.0889606 0.0814693 0.0743695 0.0676742 0.0613926 0.0555302 0.0500896 0.0450701 0.0404689 0.0362808 0.032499 0.0291154 0.0261214 0.0235075 0.0212647 0.019384 0.0178574 0.0166779 0.0158396 0.0153384 
0.0165648 0.0167458 0.0172896 0.018199 0.0194786 0.0211342 0.0231735 0.0256047 0.028437 0.0316802 0.0353438 0.0394367 0.0439673 0.0489423 0.0543667 0.0602431 0.0665715 0.0733486 0.0805678 0.0882185 0.0962863 0.104752 0.113593 0.122782 0.132286 0.142069 0.15209 0.162307 0.17267 0.183128 0.193629 0.204116 0.214531 0.224815 0.234909 0.244753 0.254288 0.263456 0.272199 0.280465 0.2882 0.295356 0.301888 0.307753 0.312915 0.31734 0.321 0.323871 0.325935 0.327179 0.327595 0.327179 0.325935 0.323871 0.321 0.31734 0.312915 0.307753 0.301888 0.295356 0.2882 0.280465 0.272199 0.263456 0.254288 0.244753 0.234909 0.224815 0.214531 0.204116 0.193629 0.183128 0.17267 0.162307 0.15209 0.142069 0.132286 0.122782 0.113593 0.104752 0.0962863 0.0882185 0.0805678 0.0733486 0.0665715 0.0602431 0.0543667 0.0489423 0.0439673 0.0394367 0.0353438 0.0316802 0.028437 0.0256047 0.0231735 0.0211342 0.0194786 0.018199 0.0172896 0.0167458 
0.0180246 0.0182203 0.0188085 0.019792 0.0211754 0.0229652 0.0251691 0.0277958 0.030855 0.0343566 0.0383104 0.0427257 0.0476109 0.0529726 0.0588156 0.0651422 0.0719516 0.0792398 0.0869989 0.0952169 0.103878 0.112961 0.12244 0.132286 0.142463 0.152933 0.163652 0.174572 0.185642 0.196807 0.20801 0.219192 0.230291 0.241245 0.251989 0.262463 0.272602 0.282345 0.291634 0.300411 0.308621 0.316214 0.323141 0.32936 0.334832 0.339521 0.343399 0.34644 0.348627 0.349944 0.350384 0.349944 0.348627 0.34644 0.343399 0.339521 0.334832 0.32936 0.323141 0.316214 0.308621 0.300411 0.291634 0.282345 0.272602 0.262463 0.251989 0.241245 0.230291 0.219192 0.20801 0.196807 0.185642 0.174572 0.163652 0.152933 0.142463 0.132286 0.12244 0.112961 0.103878 0.0952169 0.0869989 0.0792398 0.0719516 0.0651422 0.0588156 0.0529726 0.0476109 0.0427257 0.0383104 0.0343566 0.030855 0.0277958 0.0251691 0.0229652 0.0211754 0.019792 0.0188085 0.0182203 
0.0195468 0.0197578 0.0203919 0.0214519 0.0229429 0.0248714 0.0272454 0.0300742 0.0333676 0.0371358 0.0413891 0.0461368 0.0513873 0.0571472 0.063421 0.0702104 0.077514 0.0853267 0.0936395 0.102439 0.111707 0.12142 0.131552 0.142069 0.152933 0.164102 0.17553 0.187166 0.198954 0.210836 0.222751 0.234637 0.246427 0.258057 0.269458 0.280565 0.291313 0.301636 0.311472 0.320762 0.329449 0.337479 0.344803 0.351376 0.357157 0.362111 0.366206 0.369418 0.371726 0.373117 0.373581 0.373117 0.371726 0.369418 0.366206 0.362111 0.357157 0.351376 0.344803 0.337479 0.329449 0.320762 0.311472 0.301636 0.291313 0.280565 0.269458 0.258057 0.246427 0.234637 0.222751 0.210836 0.198954 0.187166 0.17553 0.164102 0.152933 0.142069 0.131552 0.12142 0.111707 0.102439 0.0936395 0.0853267 0.077514 0.0702104 0.063421 0.0571472 0.0513873 0.0461368 0.0413891 0.0371358 0.0333676 0.0300742 0.0272454 0.0248714 0.0229429 0.0214519 0.0203919 0.0197578 
0.0211263 0.0213531 0.0220343 0.0231732 0.0247748 0.026846 0.0293951 0.0324316 0.0359657 0.0400079 0.0445686 0.0496573 0.0552824 0.0614504 0.0681652 0.0754282 0.083237 0.0915856 0.100463 0.109856 0.119742 0.130098 0.140892 0.15209 0.163652 0.17553 0.187676 0.200035 0.212548 0.225154 0.237788 0.250382 0.262868 0.275176 0.287237 0.29898 0.310336 0.321239 0.331623 0.341426 0.350588 0.359054 0.366773 0.373698 0.379788 0.385004 0.389315 0.392696 0.395125 0.396589 0.397078 0.396589 0.395125 0.392696 0.389315 0.385004 0.379788 0.373698 0.366773 0.359054 0.350588 0.341426 0.331623 0.321239 0.310336 0.29898 0.287237 0.275176 0.262868 0.250382 0.237788 0.225154 0.212548 0.200035 0.187676 0.17553 0.163652 0.15209 0.140892 0.130098 0.119742 0.109856 0.100463 0.0915856 0.083237 0.0754282 0.0681652 0.0614504 0.0552824 0.0496573 0.0445686 0.0400079 0.0359657 0.0324316 0.0293951 0.026846 0.0247748 0.0231732 0.0220343 0.0213531 
0.022757 0.0229998 0.0237294 0.0249491 0.026664 0.0288813 0.0316096 0.0348586 0.0386389 0.0429611 0.0478359 0.0532729 0.0592802 0.0658642 0.0730284 0.0807735 0.0890963 0.0979895 0.107441 0.117435 0.127948 0.138954 0.15042 0.162307 0.174572 0.187166 0.200035 0.213122 0.226365 0.239697 0.253051 0.266355 0.279537 0.292525 0.305243 0.31762 0.329584 0.341063 0.351992 0.362303 0.371937 0.380836 0.388947 0.39622 0.402614 0.40809 0.412615 0.416162 0.418711 0.420247 0.42076 0.420247 0.418711 0.416162 0.412615 0.40809 0.402614 0.39622 0.388947 0.380836 0.371937 0.362303 0.351992 0.341063 0.329584 0.31762 0.305243 0.292525 0.279537 0.266355 0.253051 0.239697 0.226365 0.213122 0.200035 0.187166 0.174572 0.162307 0.15042 0.138954 0.127948 0.117435 0.107441 0.0979895 0.0890963 0.0807735 0.0730284 0.0658642 0.0592802 0.0532729 0.0478359 0.0429611 0.0386389 0.0348586 0.0316096 0.0288813 0.026664 0.0249491 0.0237294 0.0229998 
0.0244318 0.0246911 0.02547 0.0267719 0.0286023 0.0309684 0.0338792 0.0373446 0.0413754 0.0459825 0.0511766 0.0569673 0.0633627 0.0703687 0.0779887 0.0862222 0.0950653 0.104509 0.114541 0.125142 0.136288 0.147949 0.16009 0.17267 0.185642 0.198954 0.212548 0.226365 0.240337 0.254395 0.268467 0.282479 0.296355 0.310017 0.32339 0.336396 0.348961 0.361012 0.372478 0.383293 0.393393 0.402718 0.411214 0.418831 0.425524 0.431255 0.43599 0.439701 0.442368 0.443974 0.44451 0.443974 0.442368 0.439701 0.43599 0.431255 0.425524 0.418831 0.411214 0.402718 0.393393 0.383293 0.372478 0.361012 0.348961 0.336396 0.32339 0.310017 0.296355 0.282479 0.268467 0.254395 0.240337 0.226365 0.212548 0.198954 0.185642 0.17267 0.16009 0.147949 0.136288 0.125142 0.114541 0.104509 0.0950653 0.0862222 0.0779887 0.0703687 0.0633627 0.0569673 0.0511766 0.0459825 0.0413754 0.0373446 0.0338792 0.0309684 0.0286023 0.0267719 0.02547 0.0246911 
0.026143 0.0264189 0.0272478 0.0286332 0.0305806 0.0330976 0.0361933 0.0398778 0.0441622 0.0490575 0.0545745 0.0607228 0.0675102 0.0749424 0.0830219 0.0917478 0.101115 0.111113 0.121728 0.132939 0.14472 0.157038 0.169855 0.183128 0.196807 0.210836 0.225154 0.239697 0.254395 0.269175 0.283961 0.298674 0.313237 0.327567 0.341585 0.355213 0.368371 0.380984 0.39298 0.404289 0.414846 0.424589 0.433463 0.441416 0.448402 0.454383 0.459323 0.463194 0.465976 0.467651 0.46821 0.467651 0.465976 0.463194 0.459323 0.454383 0.448402 0.441416 0.433463 0.424589 0.414846 0.404289 0.39298 0.380984 0.368371 0.355213 0.341585 0.327567 0.313237 0.298674 0.283961 0.269175 0.254395 0.239697 0.225154 0.210836 0.196807 0.183128 0.169855 0.157038 0.14472 0.132939 0.121728 0.111113 0.101115 0.0917478 0.0830219 0.0749424 0.0675102 0.0607228 0.0545745 0.0490575 0.0441622 0.0398778 0.0361933 0.0330976 0.0305806 0.0286332 0.0272478 0.0264189 
0.0278817 0.0281745 0.0290538 0.0305234 0.0325889 0.035258 0.03854 0.0424453 0.0469851 0.0521706 0.0580124 0.0645202 0.0717016 0.0795616 0.0881024 0.097322 0.107214 0.117768 0.128966 0.140786 0.153201 0.166174 0.179666 0.193629 0.20801 0.222751 0.237788 0.253051 0.268467 0.283961 0.299451 0.314857 0.330096 0.345084 0.359737 0.373974 0.387714 0.400878 0.413392 0.425184 0.436187 0.446338 0.45558 0.46386 0.471132 0.477355 0.482494 0.486521 0.489413 0.491155 0.491737 0.491155 0.489413 0.486521 0.482494 0.477355 0.471132 0.46386 0.45558 0.446338 0.436187 0.425184 0.413392 0.400878 0.387714 0.373974 0.359737 0.345084 0.330096 0.314857 0.299451 0.283961 0.268467 0.253051 0.237788 0.222751 0.20801 0.193629 0.179666 0.166174 0.153201 0.140786 0.128966 0.117768 0.107214 0.097322 0.0881024 0.0795616 0.0717016 0.0645202 0.0580124 0.0521706 0.0469851 0.0424453 0.03854 0.035258 0.0325889 0.0305234 0.0290538 0.0281745 
0.0296387 0.0299483 0.0308782 0.0324322 0.0346161 0.0374377 0.0409065 0.0450331 0.0498288 0.0553047 0.0614717 0.068339 0.0759141 0.0842016 0.0932028 0.102915 0.11333 0.124436 0.136215 0.148641 0.161685 0.175309 0.189469 0.204116 0.219192 0.234637 0.250382 0.266355 0.282479 0.298674 0.314857 0.330943 0.346845 0.362476 0.37775 0.392583 0.406889 0.42059 0.433608 0.44587 0.457306 0.467852 0.47745 0.486047 0.493595 0.500052 0.505384 0.509561 0.512561 0.514367 0.51497 0.514367 0.512561 0.509561 0.505384 0.500052 0.493595 0.486047 0.47745 0.467852 0.457306 0.44587 0.433608 0.42059 0.406889 0.392583 0.37775 0.362476 0.346845 0.330943 0.314857 0.298674 0.282479 0.266355 0.250382 0.234637 0.219192 0.204116 0.189469 0.175309 0.161685 0.148641 0.136215 0.124436 0.11333 0.102915 0.0932028 0.0842016 0.0759141 0.068339 0.0614717 0.0553047 0.0498288 0.0450331 0.0409065 0.0374377 0.0346161 0.0324322 0.0308782 0.0299483 
0.0314036 0.0317301 0.0327105 0.0343488 0.0366507 0.0396244 0.0432794 0.0476265 0.0526769 0.0584421 0.0649326 0.0721576 0.080124 0.0888361 0.0982943 0.108495 0.119429 0.131082 0.143435 0.156461 0.170126 0.184392 0.199211 0.214531 0.230291 0.246427 0.262868 0.279537 0.296355 0.313237 0.330096 0.346845 0.363393 0.379651 0.395529 0.410939 0.425796 0.440017 0.453522 0.466237 0.478091 0.489019 0.498961 0.507862 0.515675 0.522357 0.527874 0.532195 0.535298 0.537166 0.53779 0.537166 0.535298 0.532195 0.527874 0.522357 0.515675 0.507862 0.498961 0.489019 0.478091 0.466237 0.453522 0.440017 0.425796 0.410939 0.395529 0.379651 0.363393 0.346845 0.330096 0.313237 0.296355 0.279537 0.262868 0.246427 0.230291 0.214531 0.199211 0.184392 0.170126 0.156461 0.143435 0.131082 0.119429 0.108495 0.0982943 0.0888361 0.080124 0.0721576 0.0649326 0.0584421 0.0526769 0.0476265 0.0432794 0.0396244 0.0366507 0.0343488 0.0327105 0.0317301 
0.0331659 0.033509 0.0345395 0.0362613 0.0386803 0.0418048 0.0456443 0.0502098 0.0555126 0.061564 0.0683746 0.0759531 0.0843064 0.0934377 0.103347 0.114029 0.125474 0.137667 0.150585 0.1642 0.178476 0.193371 0.208836 0.224815 0.241245 0.258057 0.275176 0.292525 0.310017 0.327567 0.345084 0.362476 0.379651 0.396515 0.412976 0.428945 0.444332 0.459053 0.473028 0.486179 0.498434 0.509727 0.519998 0.529191 0.537257 0.544155 0.549848 0.554306 0.557507 0.559434 0.560078 0.559434 0.557507 0.554306 0.549848 0.544155 0.537257 0.529191 0.519998 0.509727 0.498434 0.486179 0.473028 0.459053 0.444332 0.428945 0.412976 0.396515 0.379651 0.362476 0.345084 0.327567 0.310017 0.292525 0.275176 0.258057 0.241245 0.224815 0.208836 0.193371 0.178476 0.1642 0.150585 0.137667 0.125474 0.114029 0.103347 0.0934377 0.0843064 0.0759531 0.0683746 0.061564 0.0555126 0.0502098 0.0456443 0.0418048 0.0386803 0.0362613 0.0345395 0.033509 
0.0349141 0.0352736 0.0363535 0.0381576 0.040692 0.043965 0.0479863 0.0527668 0.058318 0.0646511 0.0717763 0.0797024 0.0884355 0.0979785 0.10833 0.119485 0.131431 0.144151 0.157622 0.171812 0.186684 0.202194 0.218288 0.234909 0.251989 0.269458 0.287237 0.305243 0.32339 0.341585 0.359737 0.37775 0.395529 0.412976 0.429999 0.446503 0.462399 0.477599 0.492022 0.505589 0.518227 0.529869 0.540453 0.549923 0.55823 0.565332 0.571192 0.575781 0.579075 0.581058 0.58172 0.581058 0.579075 0.575781 0.571192 0.565332 0.55823 0.549923 0.540453 0.529869 0.518227 0.505589 0.492022 0.477599 0.462399 0.446503 0.429999 0.412976 0.395529 0.37775 0.359737 0.341585 0.32339 0.305243 0.287237 0.269458 0.251989 0.234909 0.218288 0.202194 0.186684 0.171812 0.157622 0.144151 0.131431 0.119485 0.10833 0.0979785 0.0884355 0.0797024 0.0717763 0.0646511 0.058318 0.0527668 0.0479863 0.043965 0.040692 0.0381576 0.0363535 0.0352736 
0.0366366 0.0370123 0.0381405 0.0400252 0.0426726 0.0460909 0.05029 0.0552809 0.0610749 0.0676833 0.075116 0.0833815 0.0924853 0.10243 0.113213 0.124827 0.137261 0.150494 0.164502 0.179251 0.194702 0.210807 0.227511 0.244753 0.262463 0.280565 0.29898 0.31762 0.336396 0.355213 0.373974 0.392583 0.410939 0.428945 0.446503 0.463518 0.479898 0.495555 0.510404 0.524366 0.537367 0.549339 0.560219 0.569951 0.578485 0.58578 0.591798 0.596509 0.599891 0.601927 0.602607 0.601927 0.599891 0.596509 0.591798 0.58578 0.578485 0.569951 0.560219 0.549339 0.537367 0.524366 0.510404 0.495555 0.479898 0.463518 0.446503 0.428945 0.410939 0.392583 0.373974 0.355213 0.336396 0.31762 0.29898 0.280565 0.262463 0.244753 0.227511 0.210807 0.194702 0.179251 0.164502 0.150494 0.137261 0.124827 0.113213 0.10243 0.0924853 0.0833815 0.075116 0.0676833 0.0610749 0.0552809 0.05029 0.0460909 0.0426726 0.0400252 0.0381405 0.0370123 
0.0383216 0.0387129 0.0398881 0.0418512 0.0446084 0.048168 0.0525399 0.0577351 0.063765 0.0706405 0.0783716 0.0869661 0.0964293 0.106763 0.117963 0.130023 0.142927 0.156657 0.171183 0.186472 0.20248 0.219159 0.23645 0.254288 0.272602 0.291313 0.310336 0.329584 0.348961 0.368371 0.387714 0.406889 0.425796 0.444332 0.462399 0.479898 0.496737 0.512826 0.528077 0.542412 0.555754 0.568036 0.579194 0.589172 0.59792 0.605396 0.611561 0.616387 0.619851 0.621936 0.622632 0.621936 0.619851 0.616387 0.611561 0.605396 0.59792 0.589172 0.579194 0.568036 0.555754 0.542412 0.528077 0.512826 0.496737 0.479898 0.462399 0.444332 0.425796 0.406889 0.387714 0.368371 0.348961 0.329584 0.310336 0.291313 0.272602 0.254288 0.23645 0.219159 0.20248 0.186472 0.171183 0.156657 0.142927 0.130023 0.117963 0.106763 0.0964293 0.0869661 0.0783716 0.0706405 0.063765 0.0577351 0.0525399 0.048168 0.0446084 0.0418512 0.0398881 0.0387129 
0.0399568 0.0403633 0.0415839 0.0436226 0.0464857 0.0501816 0.0547202 0.0601124 0.0663696 0.0735025 0.0815209 0.0904322 0.100241 0.110948 0.12255 0.135037 0.148394 0.162599 0.177622 0.193428 0.20997 0.227196 0.245048 0.263456 0.282345 0.301636 0.321239 0.341063 0.361012 0.380984 0.400878 0.42059 0.440017 0.459053 0.477599 0.495555 0.512826 0.529319 0.544948 0.559631 0.573294 0.585865 0.597283 0.60749 0.616437 0.62408 0.630383 0.635316 0.638856 0.640987 0.641698 0.640987 0.638856 0.635316 0.630383 0.62408 0.616437 0.60749 0.597283 0.585865 0.573294 0.559631 0.544948 0.529319 0.512826 0.495555 0.477599 0.459053 0.440017 0.42059 0.400878 0.380984 0.361012 0.341063 0.321239 0.301636 0.282345 0.263456 0.245048 0.227196 0.20997 0.193428 0.177622 0.162599 0.148394 0.135037 0.12255 0.110948 0.100241 0.0904322 0.0815209 0.0735025 0.0663696 0.0601124 0.0547202 0.0501816 0.0464857 0.0436226 0.0415839 0.0403633 
0.0415304 0.0419513 0.0432153 0.0453264 0.0482909 0.0521172 0.0568152 0.0623958 0.0688702 0.0762492 0.084542 0.0937557 0.103895 0.114959 0.126943 0.139837 0.153625 0.168282 0.183778 0.200074 0.217123 0.23487 0.253252 0.272199 0.291634 0.311472 0.331623 0.351992 0.372478 0.39298 0.413392 0.433608 0.453522 0.473028 0.492022 0.510404 0.528077 0.544948 0.560928 0.575936 0.589895 0.602736 0.614394 0.624814 0.633944 0.641743 0.648173 0.653204 0.656815 0.658987 0.659713 0.658987 0.656815 0.653204 0.648173 0.641743 0.633944 0.624814 0.614394 0.602736 0.589895 0.575936 0.560928 0.544948 0.528077 0.510404 0.492022 0.473028 0.453522 0.433608 0.413392 0.39298 0.372478 0.351992 0.331623 0.311472 0.291634 0.272199 0.253252 0.23487 0.217123 0.200074 0.183778 0.168282 0.153625 0.139837 0.126943 0.114959 0.103895 0.0937557 0.084542 0.0762492 0.0688702 0.0623958 0.0568152 0.0521172 0.0482909 0.0453264 0.0432153 0.0419513 
0.0430302 0.0434648 0.0447701 0.0469498 0.0500104 0.0539603 0.0588094 0.0645686 0.0712489 0.0788608 0.0874133 0.0969133 0.107364 0.118765 0.131111 0.14439 0.158584 0.173669 0.18961 0.206368 0.223893 0.24213 0.261011 0.280465 0.300411 0.320762 0.341426 0.362303 0.383293 0.404289 0.425184 0.44587 0.466237 0.486179 0.505589 0.524366 0.542412 0.559631 0.575936 0.591243 0.605476 0.618564 0.630444 0.641058 0.650357 0.658298 0.664844 0.669965 0.67364 0.675851 0.676589 0.675851 0.67364 0.669965 0.664844 0.658298 0.650357 0.641058 0.630444 0.618564 0.605476 0.591243 0.575936 0.559631 0.542412 0.524366 0.505589 0.486179 0.466237 0.44587 0.425184 0.404289 0.383293 0.362303 0.341426 0.320762 0.300411 0.280465 0.261011 0.24213 0.223893 0.206368 0.18961 0.173669 0.158584 0.14439 0.131111 0.118765 0.107364 0.0969133 0.0874133 0.0788608 0.0712489 0.0645686 0.0588094 0.0539603 0.0500104 0.0469498 0.0447701 0.0434648 
0.0444448 0.0448923 0.0462361 0.0484803 0.0516312 0.0556971 0.060688 0.0666146 0.0734879 0.0813181 0.0901142 0.0998823 0.110625 0.122342 0.135026 0.148665 0.163239 0.178721 0.195079 0.212268 0.230238 0.248929 0.268275 0.2882 0.308621 0.329449 0.350588 0.371937 0.393393 0.414846 0.436187 0.457306 0.478091 0.498434 0.518227 0.537367 0.555754 0.573294 0.589895 0.605476 0.619959 0.633272 0.645353 0.656145 0.665597 0.673667 0.680318 0.685522 0.689255 0.691501 0.692251 0.691501 0.689255 0.685522 0.680318 0.673667 0.665597 0.656145 0.645353 0.633272 0.619959 0.605476 0.589895 0.573294 0.555754 0.537367 0.518227 0.498434 0.478091 0.457306 0.436187 0.414846 0.393393 0.371937 0.350588 0.329449 0.308621 0.2882 0.268275 0.248929 0.230238 0.212268 0.195079 0.178721 0.163239 0.148665 0.135026 0.122342 0.110625 0.0998823 0.0901142 0.0813181 0.0734879 0.0666146 0.060688 0.0556971 0.0516312 0.0484803 0.0462361 0.0448923 
