3.43275e-11 4.22779e-11 6.92625e-11 1.25684e-10 2.32466e-10 4.27303e-10 7.75283e-10 1.38603e-09 2.44055e-09 4.23226e-09 7.2282e-09 1.21586e-08 2.01444e-08 3.28759e-08 5.28549e-08 8.37174e-08 1.3065e-07 2.00911e-07 3.04473e-07 4.54764e-07 6.69518e-07 9.71681e-07 1.39032e-06 1.96148e-06 2.72879e-06 3.74386e-06 5.06606e-06 6.76181e-06 8.90299e-06 1.15645e-05 1.48207e-05 1.87413e-05 2.33862e-05 2.87994e-05 3.50039e-05 4.19955e-05 4.97384e-05 5.81618e-05 6.71586e-05 7.65859e-05 8.62682e-05 9.60028e-05 0.000105567 0.000114727 0.000123247 0.000130901 0.000137479 0.000142798 0.000146709 0.000149101 0.000149906 0.000149101 0.000146709 0.000142798 0.000137479 0.000130901 0.000123247 0.000114727 0.000105567 9.60028e-05 8.62682e-05 7.65859e-05 6.71586e-05 5.81618e-05 4.97384e-05 4.19955e-05 3.50039e-05 2.87994e-05 2.33862e-05 1.87413e-05 1.48207e-05 1.15645e-05 8.90299e-06 6.76181e-06 5.06606e-06 3.74386e-06 2.72879e-06 1.96148e-06 1.39032e-06 9.71681e-07 6.69518e-07 4.54764e-07 3.04473e-07 2.00911e-07 1.3065e-07 8.37174e-08 5.28549e-08 3.28759e-08 2.01444e-08 1.21586e-08 7.2282e-09 4.23226e-09 2.44055e-09 1.38603e-09 7.75283e-10 4.27303e-10 2.32466e-10 1.25684e-10 6.92625e-11 4.22779e-11 
4.22779e-11 5.20258e-11 8.50901e-11 1.54148e-10 2.84668e-10 5.2246e-10 9.4649e-10 1.68952e-09 2.97035e-09 5.14293e-09 8.7696e-09 1.47277e-08 2.43615e-08 3.96931e-08 6.37096e-08 1.00742e-07 1.56955e-07 2.40957e-07 3.64543e-07 5.43565e-07 7.98903e-07 1.15751e-06 1.65345e-06 2.32883e-06 3.23456e-06 4.43062e-06 5.98591e-06 7.97725e-06 1.04875e-05 1.36028e-05 1.74085e-05 2.19839e-05 2.73968e-05 3.36966e-05 4.09081e-05 4.90244e-05 5.80026e-05 6.77594e-05 7.81699e-05 8.90684e-05 0.000100252 0.000111487 0.000122518 0.000133076 0.000142891 0.000151703 0.000159274 0.000165394 0.000169893 0.000172644 0.00017357 0.000172644 0.000169893 0.000165394 0.000159274 0.000151703 0.000142891 0.000133076 0.000122518 0.000111487 0.000100252 8.90684e-05 7.81699e-05 6.77594e-05 5.80026e-05 4.90244e-05 4.09081e-05 3.36966e-05 2.73968e-05 2.19839e-05 1.74085e-05 1.36028e-05 1.04875e-05 7.97725e-06 5.98591e-06 4.43062e-06 3.23456e-06 2.32883e-06 1.65345e-06 1.15751e-06 7.98903e-07 5.43565e-07 3.64543e-07 2.40957e-07 1.56955e-07 1.00742e-07 6.37096e-08 3.96931e-08 2.43615e-08 1.47277e-08 8.7696e-09 5.14293e-09 2.97035e-09 1.68952e-09 9.4649e-10 5.2246e-10 2.84668e-10 1.54148e-10 8.50901e-11 5.20258e-11 
6.92625e-11 8.50901e-11 1.3871e-10 2.50457e-10 4.61085e-10 8.43678e-10 1.52378e-09 2.71168e-09 4.75263e-09 8.20295e-09 1.39429e-08 2.334e-08 3.84808e-08 6.24901e-08 9.99631e-08 1.57532e-07 2.44592e-07 3.742e-07 5.6416e-07 8.38276e-07 1.22775e-06 1.77264e-06 2.52333e-06 3.54176e-06 4.90239e-06 6.69249e-06 9.01171e-06 1.19705e-05 1.56873e-05 2.02843e-05 2.58814e-05 3.25891e-05 4.05004e-05 4.96812e-05 6.0161e-05 7.19246e-05 8.49048e-05 9.89775e-05 0.00011396 0.000129613 0.000145645 0.000161723 0.000177483 0.000192547 0.000206533 0.000219077 0.000229845 0.000238543 0.000244933 0.00024884 0.000250154 0.00024884 0.000244933 0.000238543 0.000229845 0.000219077 0.000206533 0.000192547 0.000177483 0.000161723 0.000145645 0.000129613 0.00011396 9.89775e-05 8.49048e-05 7.19246e-05 6.0161e-05 4.96812e-05 4.05004e-05 3.25891e-05 2.58814e-05 2.02843e-05 1.56873e-05 1.19705e-05 9.01171e-06 6.69249e-06 4.90239e-06 3.54176e-06 2.52333e-06 1.77264e-06 1.22775e-06 8.38276e-07 5.6416e-07 3.742e-07 2.44592e-07 1.57532e-07 9.99631e-08 6.24901e-08 3.84808e-08 2.334e-08 1.39429e-08 8.20295e-09 4.75263e-09 2.71168e-09 1.52378e-09 8.43678e-10 4.61085e-10 2.50457e-10 1.3871e-10 8.50901e-11 
1.25684e-10 1.54148e-10 2.50457e-10 4.50734e-10 8.27199e-10 1.50897e-09 2.71705e-09 4.82028e-09 8.42183e-09 1.44897e-08 2.45491e-08 4.09598e-08 6.73055e-08 1.0893e-07 1.73654e-07 2.72711e-07 4.21935e-07 6.43225e-07 9.66282e-07 1.43061e-06 2.08771e-06 3.00334e-06 4.25972e-06 5.95738e-06 8.21644e-06 1.11769e-05 1.49974e-05 1.98529e-05 2.59296e-05 3.34177e-05 4.25025e-05 5.33527e-05 6.61074e-05 8.08617e-05 9.76526e-05 0.000116446 0.000137126 0.00015949 0.000183241 0.000207999 0.000233305 0.000258635 0.000283422 0.000307075 0.000329008 0.000348656 0.000365504 0.000379103 0.000389088 0.000395189 0.000397241 0.000395189 0.000389088 0.000379103 0.000365504 0.000348656 0.000329008 0.000307075 0.000283422 0.000258635 0.000233305 0.000207999 0.000183241 0.00015949 0.000137126 0.000116446 9.76526e-05 8.08617e-05 6.61074e-05 5.33527e-05 4.25025e-05 3.34177e-05 2.59296e-05 1.98529e-05 1.49974e-05 1.11769e-05 8.21644e-06 5.95738e-06 4.25972e-06 3.00334e-06 2.08771e-06 1.43061e-06 9.66282e-07 6.43225e-07 4.21935e-07 2.72711e-07 1.73654e-07 1.0893e-07 6.73055e-08 4.09598e-08 2.45491e-08 1.44897e-08 8.42183e-09 4.82028e-09 2.71705e-09 1.50897e-09 8.27199e-10 4.50734e-10 2.50457e-10 1.54148e-10 
2.32466e-10 2.84668e-10 4.61085e-10 8.27199e-10 1.51363e-09 2.7532e-09 4.94315e-09 8.74406e-09 1.52322e-08 2.61283e-08 4.4133e-08 7.34071e-08 1.20244e-07 1.93986e-07 3.08246e-07 4.82488e-07 7.44019e-07 1.13042e-06 1.6924e-06 2.49708e-06 3.63148e-06 5.20616e-06 7.35854e-06 1.02558e-05 1.40963e-05 1.91101e-05 2.55564e-05 3.37186e-05 4.38965e-05 5.63939e-05 7.1504e-05 8.94901e-05 0.000110565 0.000134868 0.000162443 0.000193221 0.000226997 0.00026343 0.000302034 0.000342184 0.000383139 0.000424056 0.000464027 0.000502113 0.00053738 0.000568937 0.000595969 0.000617772 0.000633771 0.000643543 0.000646829 0.000643543 0.000633771 0.000617772 0.000595969 0.000568937 0.00053738 0.000502113 0.000464027 0.000424056 0.000383139 0.000342184 0.000302034 0.00026343 0.000226997 0.000193221 0.000162443 0.000134868 0.000110565 8.94901e-05 7.1504e-05 5.63939e-05 4.38965e-05 3.37186e-05 2.55564e-05 1.91101e-05 1.40963e-05 1.02558e-05 7.35854e-06 5.20616e-06 3.63148e-06 2.49708e-06 1.6924e-06 1.13042e-06 7.44019e-07 4.82488e-07 3.08246e-07 1.93986e-07 1.20244e-07 7.34071e-08 4.4133e-08 2.61283e-08 1.52322e-08 8.74406e-09 4.94315e-09 2.7532e-09 1.51363e-09 8.27199e-10 4.61085e-10 2.84668e-10 
4.27303e-10 5.2246e-10 8.43678e-10 1.50897e-09 2.7532e-09 4.99384e-09 8.9409e-09 1.5771e-08 2.73941e-08 4.68529e-08 7.89038e-08 1.30846e-07 2.13676e-07 3.43646e-07 5.44336e-07 8.4931e-07 1.30544e-06 1.9769e-06 2.94992e-06 4.338e-06 6.28755e-06 8.98358e-06 1.26548e-05 1.75779e-05 2.40794e-05 3.25352e-05 4.33668e-05 5.70316e-05 7.40098e-05 9.47843e-05 0.000119816 0.000149513 0.000184198 0.000224074 0.000269185 0.000319393 0.000374346 0.000433473 0.000495973 0.000560836 0.000626862 0.000692705 0.000756917 0.000818006 0.000874498 0.000924987 0.000968196 0.00100302 0.00102856 0.00104415 0.00104939 0.00104415 0.00102856 0.00100302 0.000968196 0.000924987 0.000874498 0.000818006 0.000756917 0.000692705 0.000626862 0.000560836 0.000495973 0.000433473 0.000374346 0.000319393 0.000269185 0.000224074 0.000184198 0.000149513 0.000119816 9.47843e-05 7.40098e-05 5.70316e-05 4.33668e-05 3.25352e-05 2.40794e-05 1.75779e-05 1.26548e-05 8.98358e-06 6.28755e-06 4.338e-06 2.94992e-06 1.9769e-06 1.30544e-06 8.4931e-07 5.44336e-07 3.43646e-07 2.13676e-07 1.30846e-07 7.89038e-08 4.68529e-08 2.73941e-08 1.5771e-08 8.9409e-09 4.99384e-09 2.7532e-09 1.50897e-09 8.43678e-10 5.2246e-10 
7.75283e-10 9.4649e-10 1.52378e-09 2.71705e-09 4.94315e-09 8.9409e-09 1.59628e-08 2.80772e-08 4.86301e-08 8.29309e-08 1.39249e-07 2.30222e-07 3.74811e-07 6.00924e-07 9.48872e-07 1.47577e-06 2.26101e-06 3.4128e-06 5.07574e-06 7.43923e-06 1.07463e-05 1.53025e-05 2.14832e-05 2.97399e-05 4.06026e-05 5.46774e-05 7.26391e-05 9.52155e-05 0.000123164 0.000157241 0.000198157 0.000246536 0.000302858 0.000367403 0.000440205 0.000520998 0.000609187 0.000703829 0.000803631 0.000906972 0.00101195 0.00111643 0.00121815 0.00131477 0.001404 0.00148365 0.00155174 0.00160658 0.00164677 0.00167129 0.00167954 0.00167129 0.00164677 0.00160658 0.00155174 0.00148365 0.001404 0.00131477 0.00121815 0.00111643 0.00101195 0.000906972 0.000803631 0.000703829 0.000609187 0.000520998 0.000440205 0.000367403 0.000302858 0.000246536 0.000198157 0.000157241 0.000123164 9.52155e-05 7.26391e-05 5.46774e-05 4.06026e-05 2.97399e-05 2.14832e-05 1.53025e-05 1.07463e-05 7.43923e-06 5.07574e-06 3.4128e-06 2.26101e-06 1.47577e-06 9.48872e-07 6.00924e-07 3.74811e-07 2.30222e-07 1.39249e-07 8.29309e-08 4.86301e-08 2.80772e-08 1.59628e-08 8.9409e-09 4.94315e-09 2.71705e-09 1.52378e-09 9.4649e-10 
1.38603e-09 1.68952e-09 2.71168e-09 4.82028e-09 8.74406e-09 1.5771e-08 2.80772e-08 4.92443e-08 8.50447e-08 1.44604e-07 2.42078e-07 3.99017e-07 6.47616e-07 1.03506e-06 1.62919e-06 2.52571e-06 3.85698e-06 5.80255e-06 8.60112e-06 1.25637e-05 1.80873e-05 2.56679e-05 3.59118e-05 4.95437e-05 6.74085e-05 9.04669e-05 0.000119781 0.000156486 0.000201756 0.00025675 0.000322548 0.000400075 0.000490027 0.000592778 0.000708313 0.000836149 0.000975295 0.00112423 0.00128088 0.00144272 0.00160675 0.0017697 0.00192804 0.00207821 0.00221668 0.00234015 0.00244559 0.00253042 0.00259256 0.00263047 0.00264321 0.00263047 0.00259256 0.00253042 0.00244559 0.00234015 0.00221668 0.00207821 0.00192804 0.0017697 0.00160675 0.00144272 0.00128088 0.00112423 0.000975295 0.000836149 0.000708313 0.000592778 0.000490027 0.000400075 0.000322548 0.00025675 0.000201756 0.000156486 0.000119781 9.04669e-05 6.74085e-05 4.95437e-05 3.59118e-05 2.56679e-05 1.80873e-05 1.25637e-05 8.60112e-06 5.80255e-06 3.85698e-06 2.52571e-06 1.62919e-06 1.03506e-06 6.47616e-07 3.99017e-07 2.42078e-07 1.44604e-07 8.50447e-08 4.92443e-08 2.80772e-08 1.5771e-08 8.74406e-09 4.82028e-09 2.71168e-09 1.68952e-09 
2.44055e-09 2.97035e-09 4.75263e-09 8.42183e-09 1.52322e-08 2.73941e-08 4.86301e-08 8.50447e-08 1.4644e-07 2.48255e-07 4.1434e-07 6.80858e-07 1.1016e-06 1.75506e-06 2.7536e-06 4.25494e-06 6.47618e-06 9.71031e-06 1.43448e-05 2.08819e-05 2.99588e-05 4.23672e-05 5.90692e-05 8.12069e-05 0.000110104 0.000147254 0.000194296 0.000252971 0.00032506 0.000412301 0.000516294 0.000638386 0.000779549 0.000940258 0.00112037 0.00131905 0.00153468 0.00176482 0.00200627 0.00225509 0.00250673 0.00275618 0.00299812 0.00322719 0.00343809 0.00362589 0.00378611 0.0039149 0.00400916 0.00406665 0.00408596 0.00406665 0.00400916 0.0039149 0.00378611 0.00362589 0.00343809 0.00322719 0.00299812 0.00275618 0.00250673 0.00225509 0.00200627 0.00176482 0.00153468 0.00131905 0.00112037 0.000940258 0.000779549 0.000638386 0.000516294 0.000412301 0.00032506 0.000252971 0.000194296 0.000147254 0.000110104 8.12069e-05 5.90692e-05 4.23672e-05 2.99588e-05 2.08819e-05 1.43448e-05 9.71031e-06 6.47618e-06 4.25494e-06 2.7536e-06 1.75506e-06 1.1016e-06 6.80858e-07 4.1434e-07 2.48255e-07 1.4644e-07 8.50447e-08 4.86301e-08 2.73941e-08 1.52322e-08 8.42183e-09 4.75263e-09 2.97035e-09 
4.23226e-09 5.14293e-09 8.20295e-09 1.44897e-08 2.61283e-08 4.68529e-08 8.29309e-08 1.44604e-07 2.48255e-07 4.19583e-07 6.98138e-07 1.14363e-06 1.84448e-06 2.92917e-06 4.58071e-06 7.05478e-06 1.07016e-05 1.59912e-05 2.35422e-05 3.41513e-05 4.88241e-05 6.88021e-05 9.55843e-05 0.000130939 0.0001769 0.000235748 0.000309964 0.00040216 0.000514982 0.000650984 0.000812481 0.00100138 0.00121898 0.00146585 0.0017416 0.00204479 0.00237282 0.00272193 0.00308719 0.00346264 0.00384145 0.00421614 0.00457884 0.00492161 0.00523672 0.00551692 0.00575569 0.00594745 0.00608772 0.00617321 0.00620192 0.00617321 0.00608772 0.00594745 0.00575569 0.00551692 0.00523672 0.00492161 0.00457884 0.00421614 0.00384145 0.00346264 0.00308719 0.00272193 0.00237282 0.00204479 0.0017416 0.00146585 0.00121898 0.00100138 0.000812481 0.000650984 0.000514982 0.00040216 0.000309964 0.000235748 0.0001769 0.000130939 9.55843e-05 6.88021e-05 4.88241e-05 3.41513e-05 2.35422e-05 1.59912e-05 1.07016e-05 7.05478e-06 4.58071e-06 2.92917e-06 1.84448e-06 1.14363e-06 6.98138e-07 4.19583e-07 2.48255e-07 1.44604e-07 8.29309e-08 4.68529e-08 2.61283e-08 1.44897e-08 8.20295e-09 5.14293e-09 
7.2282e-09 8.7696e-09 1.39429e-08 2.45491e-08 4.4133e-08 7.89038e-08 1.39249e-07 2.42078e-07 4.1434e-07 6.98138e-07 1.158e-06 1.89093e-06 3.03995e-06 4.81188e-06 7.49999e-06 1.15119e-05 1.74032e-05 2.59154e-05 3.80189e-05 5.49566e-05 7.82874e-05 0.000109924 0.00015216 0.000207683 0.000279562 0.000371209 0.000486307 0.000628695 0.000802222 0.00101056 0.00125696 0.00154405 0.00187352 0.00224593 0.00266045 0.00311468 0.00360455 0.00412431 0.00466657 0.00522246 0.00578193 0.00633404 0.00686738 0.00737048 0.00783221 0.00824219 0.00859114 0.00887111 0.00907574 0.0092004 0.00924227 0.0092004 0.00907574 0.00887111 0.00859114 0.00824219 0.00783221 0.00737048 0.00686738 0.00633404 0.00578193 0.00522246 0.00466657 0.00412431 0.00360455 0.00311468 0.00266045 0.00224593 0.00187352 0.00154405 0.00125696 0.00101056 0.000802222 0.000628695 0.000486307 0.000371209 0.000279562 0.000207683 0.00015216 0.000109924 7.82874e-05 5.49566e-05 3.80189e-05 2.59154e-05 1.74032e-05 1.15119e-05 7.49999e-06 4.81188e-06 3.03995e-06 1.89093e-06 1.158e-06 6.98138e-07 4.1434e-07 2.42078e-07 1.39249e-07 7.89038e-08 4.4133e-08 2.45491e-08 1.39429e-08 8.7696e-09 
1.21586e-08 1.47277e-08 2.334e-08 4.09598e-08 7.34071e-08 1.30846e-07 2.30222e-07 3.99017e-07 6.80858e-07 1.14363e-06 1.89093e-06 3.07781e-06 4.93188e-06 7.7807e-06 1.20865e-05 1.84884e-05 2.7853e-05 4.13307e-05 6.04179e-05 8.70202e-05 0.000123512 0.000172788 0.000238296 0.000324043 0.000434574 0.000574896 0.000750364 0.000966508 0.0012288 0.00154239 0.00191174 0.00234034 0.0028303 0.00338199 0.00399381 0.00466187 0.00537994 0.00613939 0.00692932 0.00773685 0.00854746 0.00934548 0.0101147 0.0108388 0.0115023 0.0120905 0.0125905 0.0129913 0.013284 0.0134622 0.013522 0.0134622 0.013284 0.0129913 0.0125905 0.0120905 0.0115023 0.0108388 0.0101147 0.00934548 0.00854746 0.00773685 0.00692932 0.00613939 0.00537994 0.00466187 0.00399381 0.00338199 0.0028303 0.00234034 0.00191174 0.00154239 0.0012288 0.000966508 0.000750364 0.000574896 0.000434574 0.000324043 0.000238296 0.000172788 0.000123512 8.70202e-05 6.04179e-05 4.13307e-05 2.7853e-05 1.84884e-05 1.20865e-05 7.7807e-06 4.93188e-06 3.07781e-06 1.89093e-06 1.14363e-06 6.80858e-07 3.99017e-07 2.30222e-07 1.30846e-07 7.34071e-08 4.09598e-08 2.334e-08 1.47277e-08 
2.01444e-08 2.43615e-08 3.84808e-08 6.73055e-08 1.20244e-07 2.13676e-07 3.74811e-07 6.47616e-07 1.1016e-06 1.84448e-06 3.03995e-06 4.93188e-06 7.87662e-06 1.23846e-05 1.91723e-05 2.92257e-05 4.38737e-05 6.48711e-05 9.44865e-05 0.000135591 0.000191739 0.000267233 0.00036716 0.000497389 0.000664518 0.000875754 0.00113873 0.00146123 0.00185088 0.00231469 0.00285865 0.00348722 0.00420283 0.00500541 0.00589203 0.0068566 0.00788973 0.00897874 0.0101079 0.0112588 0.0124109 0.0135423 0.0146303 0.0156524 0.0165872 0.0174146 0.018117 0.0186793 0.0190897 0.0193395 0.0194233 0.0193395 0.0190897 0.0186793 0.018117 0.0174146 0.0165872 0.0156524 0.0146303 0.0135423 0.0124109 0.0112588 0.0101079 0.00897874 0.00788973 0.0068566 0.00589203 0.00500541 0.00420283 0.00348722 0.00285865 0.00231469 0.00185088 0.00146123 0.00113873 0.000875754 0.000664518 0.000497389 0.00036716 0.000267233 0.000191739 0.000135591 9.44865e-05 6.48711e-05 4.38737e-05 2.92257e-05 1.91723e-05 1.23846e-05 7.87662e-06 4.93188e-06 3.03995e-06 1.84448e-06 1.1016e-06 6.47616e-07 3.74811e-07 2.13676e-07 1.20244e-07 6.73055e-08 3.84808e-08 2.43615e-08 
3.28759e-08 3.96931e-08 6.24901e-08 1.0893e-07 1.93986e-07 3.43646e-07 6.00924e-07 1.03506e-06 1.75506e-06 2.92917e-06 4.81188e-06 7.7807e-06 1.23846e-05 1.94059e-05 2.99375e-05 4.54749e-05 6.80229e-05 0.000100213 0.000145426 0.000207914 0.000292904 0.000406678 0.000556607 0.000751126 0.000999632 0.00131229 0.00169976 0.00217277 0.00274165 0.00341578 0.0042029 0.00510849 0.00613506 0.00728165 0.00854322 0.00991041 0.0113694 0.0129019 0.0144856 0.0160948 0.0177011 0.0192742 0.0207834 0.0221981 0.0234894 0.0246304 0.0255977 0.0263713 0.0269353 0.0272783 0.0273934 0.0272783 0.0269353 0.0263713 0.0255977 0.0246304 0.0234894 0.0221981 0.0207834 0.0192742 0.0177011 0.0160948 0.0144856 0.0129019 0.0113694 0.00991041 0.00854322 0.00728165 0.00613506 0.00510849 0.0042029 0.00341578 0.00274165 0.00217277 0.00169976 0.00131229 0.000999632 0.000751126 0.000556607 0.000406678 0.000292904 0.000207914 0.000145426 0.000100213 6.80229e-05 4.54749e-05 2.99375e-05 1.94059e-05 1.23846e-05 7.7807e-06 4.81188e-06 2.92917e-06 1.75506e-06 1.03506e-06 6.00924e-07 3.43646e-07 1.93986e-07 1.0893e-07 6.24901e-08 3.96931e-08 
5.28549e-08 6.37096e-08 9.99631e-08 1.73654e-07 3.08246e-07 5.44336e-07 9.48872e-07 1.62919e-06 2.7536e-06 4.58071e-06 7.49999e-06 1.20865e-05 1.91723e-05 2.99375e-05 4.60217e-05 6.96565e-05 0.000103816 0.00015238 0.000220303 0.000313773 0.000440344 0.000609025 0.000830302 0.00111607 0.00147946 0.00193453 0.00249582 0.00317781 0.0039942 0.00495712 0.00607626 0.00735799 0.00880454 0.0104132 0.0121758 0.0140783 0.0161006 0.018217 0.0203966 0.0226041 0.0248008 0.0269461 0.028999 0.0309189 0.0326677 0.0342103 0.035516 0.036559 0.0373187 0.0377805 0.0379355 0.0377805 0.0373187 0.036559 0.035516 0.0342103 0.0326677 0.0309189 0.028999 0.0269461 0.0248008 0.0226041 0.0203966 0.018217 0.0161006 0.0140783 0.0121758 0.0104132 0.00880454 0.00735799 0.00607626 0.00495712 0.0039942 0.00317781 0.00249582 0.00193453 0.00147946 0.00111607 0.000830302 0.000609025 0.000440344 0.000313773 0.000220303 0.00015238 0.000103816 6.96565e-05 4.60217e-05 2.99375e-05 1.91723e-05 1.20865e-05 7.49999e-06 4.58071e-06 2.7536e-06 1.62919e-06 9.48872e-07 5.44336e-07 3.08246e-07 1.73654e-07 9.99631e-08 6.37096e-08 
8.37174e-08 1.00742e-07 1.57532e-07 2.72711e-07 4.82488e-07 8.4931e-07 1.47577e-06 2.52571e-06 4.25494e-06 7.05478e-06 1.15119e-05 1.84884e-05 2.92257e-05 4.54749e-05 6.96565e-05 0.000105046 0.000155982 0.000228092 0.000328513 0.000466095 0.000651565 0.000897614 0.00121889 0.00163185 0.00215448 0.00280583 0.00360534 0.00457208 0.00572373 0.00707554 0.00863917 0.0104216 0.0124239 0.0146405 0.0170587 0.0196577 0.0224093 0.0252779 0.0282212 0.031192 0.0341387 0.0370081 0.0397464 0.0423011 0.044623 0.0466674 0.0483951 0.0497734 0.0507764 0.0513857 0.05159 0.0513857 0.0507764 0.0497734 0.0483951 0.0466674 0.044623 0.0423011 0.0397464 0.0370081 0.0341387 0.031192 0.0282212 0.0252779 0.0224093 0.0196577 0.0170587 0.0146405 0.0124239 0.0104216 0.00863917 0.00707554 0.00572373 0.00457208 0.00360534 0.00280583 0.00215448 0.00163185 0.00121889 0.000897614 0.000651565 0.000466095 0.000328513 0.000228092 0.000155982 0.000105046 6.96565e-05 4.54749e-05 2.92257e-05 1.84884e-05 1.15119e-05 7.05478e-06 4.25494e-06 2.52571e-06 1.47577e-06 8.4931e-07 4.82488e-07 2.72711e-07 1.57532e-07 1.00742e-07 
1.3065e-07 1.56955e-07 2.44592e-07 4.21935e-07 7.44019e-07 1.30544e-06 2.26101e-06 3.85698e-06 6.47618e-06 1.07016e-05 1.74032e-05 2.7853e-05 4.38737e-05 6.80229e-05 0.000103816 0.000155982 0.00023075 0.000336142 0.000482268 0.000681572 0.000949019 0.00130217 0.00176111 0.00234819 0.00308756 0.00400449 0.00512441 0.00647183 0.00806896 0.00993435 0.0120814 0.0145168 0.0172396 0.0202398 0.0234978 0.0269839 0.0306591 0.034475 0.0383753 0.0422976 0.0461752 0.0499392 0.0535209 0.0568539 0.0598763 0.0625321 0.0647728 0.0665578 0.0678555 0.0686432 0.0689073 0.0686432 0.0678555 0.0665578 0.0647728 0.0625321 0.0598763 0.0568539 0.0535209 0.0499392 0.0461752 0.0422976 0.0383753 0.034475 0.0306591 0.0269839 0.0234978 0.0202398 0.0172396 0.0145168 0.0120814 0.00993435 0.00806896 0.00647183 0.00512441 0.00400449 0.00308756 0.00234819 0.00176111 0.00130217 0.000949019 0.000681572 0.000482268 0.000336142 0.00023075 0.000155982 0.000103816 6.80229e-05 4.38737e-05 2.7853e-05 1.74032e-05 1.07016e-05 6.47618e-06 3.85698e-06 2.26101e-06 1.30544e-06 7.44019e-07 4.21935e-07 2.44592e-07 1.56955e-07 
2.00911e-07 2.40957e-07 3.742e-07 6.43225e-07 1.13042e-06 1.9769e-06 3.4128e-06 5.80255e-06 9.71031e-06 1.59912e-05 2.59154e-05 4.13307e-05 6.48711e-05 0.000100213 0.00015238 0.000228092 0.000336142 0.000487784 0.000697093 0.000981271 0.00136084 0.00185965 0.00250476 0.00332593 0.00435497 0.00562467 0.00716758 0.00901437 0.0111922 0.0137227 0.0166203 0.0198906 0.0235285 0.0275174 0.0318283 0.03642 0.041239 0.0462212 0.0512931 0.0563742 0.0613795 0.0662221 0.0708162 0.0750797 0.0789366 0.0823185 0.0851667 0.0874325 0.0890779 0.0900759 0.0904104 0.0900759 0.0890779 0.0874325 0.0851667 0.0823185 0.0789366 0.0750797 0.0708162 0.0662221 0.0613795 0.0563742 0.0512931 0.0462212 0.041239 0.03642 0.0318283 0.0275174 0.0235285 0.0198906 0.0166203 0.0137227 0.0111922 0.00901437 0.00716758 0.00562467 0.00435497 0.00332593 0.00250476 0.00185965 0.00136084 0.000981271 0.000697093 0.000487784 0.000336142 0.000228092 0.00015238 0.000100213 6.48711e-05 4.13307e-05 2.59154e-05 1.59912e-05 9.71031e-06 5.80255e-06 3.4128e-06 1.9769e-06 1.13042e-06 6.43225e-07 3.742e-07 2.40957e-07 
3.04473e-07 3.64543e-07 5.6416e-07 9.66282e-07 1.6924e-06 2.94992e-06 5.07574e-06 8.60112e-06 1.43448e-05 2.35422e-05 3.80189e-05 6.04179e-05 9.44865e-05 0.000145426 0.000220303 0.000328513 0.000482268 0.000697093 0.000992264 0.00139115 0.00192141 0.00261488 0.00350731 0.0046376 0.00604677 0.00777653 0.00986748 0.012357 0.0152773 0.0186524 0.0224968 0.0268128 0.0315891 0.0367994 0.0424025 0.0483415 0.0545456 0.0609311 0.0674039 0.0738625 0.0802007 0.0863116 0.0920904 0.0974379 0.102263 0.106484 0.110033 0.112851 0.114896 0.116135 0.11655 0.116135 0.114896 0.112851 0.110033 0.106484 0.102263 0.0974379 0.0920904 0.0863116 0.0802007 0.0738625 0.0674039 0.0609311 0.0545456 0.0483415 0.0424025 0.0367994 0.0315891 0.0268128 0.0224968 0.0186524 0.0152773 0.012357 0.00986748 0.00777653 0.00604677 0.0046376 0.00350731 0.00261488 0.00192141 0.00139115 0.000992264 0.000697093 0.000482268 0.000328513 0.000220303 0.000145426 9.44865e-05 6.04179e-05 3.80189e-05 2.35422e-05 1.43448e-05 8.60112e-06 5.07574e-06 2.94992e-06 1.6924e-06 9.66282e-07 5.6416e-07 3.64543e-07 
4.54764e-07 5.43565e-07 8.38276e-07 1.43061e-06 2.49708e-06 4.338e-06 7.43923e-06 1.25637e-05 2.08819e-05 3.41513e-05 5.49566e-05 8.70202e-05 0.000135591 0.000207914 0.000313773 0.000466095 0.000681572 0.000981271 0.00139115 0.00194245 0.00267175 0.00362084 0.00483606 0.00636729 0.00826637 0.0105851 0.013373 0.0166744 0.0205258 0.0249527 0.0299676 0.035567 0.0417301 0.0484177 0.055572 0.0631169 0.07096 0.0789946 0.0871026 0.0951585 0.103033 0.110597 0.117726 0.124302 0.13022 0.135385 0.139719 0.143155 0.145644 0.147152 0.147657 0.147152 0.145644 0.143155 0.139719 0.135385 0.13022 0.124302 0.117726 0.110597 0.103033 0.0951585 0.0871026 0.0789946 0.07096 0.0631169 0.055572 0.0484177 0.0417301 0.035567 0.0299676 0.0249527 0.0205258 0.0166744 0.013373 0.0105851 0.00826637 0.00636729 0.00483606 0.00362084 0.00267175 0.00194245 0.00139115 0.000981271 0.000681572 0.000466095 0.000313773 0.000207914 0.000135591 8.70202e-05 5.49566e-05 3.41513e-05 2.08819e-05 1.25637e-05 7.43923e-06 4.338e-06 2.49708e-06 1.43061e-06 8.38276e-07 5.43565e-07 
6.69518e-07 7.98903e-07 1.22775e-06 2.08771e-06 3.63148e-06 6.28755e-06 1.07463e-05 1.80873e-05 2.99588e-05 4.88241e-05 7.82874e-05 0.000123512 0.000191739 0.000292904 0.000440344 0.000651565 0.000949019 0.00136084 0.00192141 0.00267175 0.00365949 0.00493844 0.00656762 0.0086097 0.0111288 0.014188 0.0178459 0.0221535 0.0271503 0.0328616 0.0392947 0.0464372 0.0542548 0.0626908 0.0716665 0.0810824 0.0908203 0.100747 0.110717 0.120578 0.130177 0.139362 0.147987 0.155919 0.163035 0.16923 0.174417 0.178522 0.181493 0.183291 0.183892 0.183291 0.181493 0.178522 0.174417 0.16923 0.163035 0.155919 0.147987 0.139362 0.130177 0.120578 0.110717 0.100747 0.0908203 0.0810824 0.0716665 0.0626908 0.0542548 0.0464372 0.0392947 0.0328616 0.0271503 0.0221535 0.0178459 0.014188 0.0111288 0.0086097 0.00656762 0.00493844 0.00365949 0.00267175 0.00192141 0.00136084 0.000949019 0.000651565 0.000440344 0.000292904 0.000191739 0.000123512 7.82874e-05 4.88241e-05 2.99588e-05 1.80873e-05 1.07463e-05 6.28755e-06 3.63148e-06 2.08771e-06 1.22775e-06 7.98903e-07 
9.71681e-07 1.15751e-06 1.77264e-06 3.00334e-06 5.20616e-06 8.98358e-06 1.53025e-05 2.56679e-05 4.23672e-05 6.88021e-05 0.000109924 0.000172788 0.000267233 0.000406678 0.000609025 0.000897614 0.00130217 0.00185965 0.00261488 0.00362084 0.00493844 0.00663577 0.0087866 0.0114681 0.0147581 0.0187313 0.0234552 0.0289864 0.0353656 0.0426145 0.050732 0.0596919 0.0694417 0.0799025 0.0909696 0.102515 0.114392 0.126435 0.138472 0.150321 0.161804 0.172746 0.182983 0.192363 0.200753 0.208039 0.214124 0.218932 0.222406 0.224506 0.225208 0.224506 0.222406 0.218932 0.214124 0.208039 0.200753 0.192363 0.182983 0.172746 0.161804 0.150321 0.138472 0.126435 0.114392 0.102515 0.0909696 0.0799025 0.0694417 0.0596919 0.050732 0.0426145 0.0353656 0.0289864 0.0234552 0.0187313 0.0147581 0.0114681 0.0087866 0.00663577 0.00493844 0.00362084 0.00261488 0.00185965 0.00130217 0.000897614 0.000609025 0.000406678 0.000267233 0.000172788 0.000109924 6.88021e-05 4.23672e-05 2.56679e-05 1.53025e-05 8.98358e-06 5.20616e-06 3.00334e-06 1.77264e-06 1.15751e-06 
1.39032e-06 1.65345e-06 2.52333e-06 4.25972e-06 7.35854e-06 1.26548e-05 2.14832e-05 3.59118e-05 5.90692e-05 9.55843e-05 0.00015216 0.000238296 0.00036716 0.000556607 0.000830302 0.00121889 0.00176111 0.00250476 0.00350731 0.00483606 0.00656762 0.0087866 0.0115835 0.0150515 0.0192828 0.0243638 0.0303702 0.0373617 0.0453774 0.0544313 0.064509 0.0755654 0.0875243 0.100279 0.113693 0.127606 0.141837 0.156191 0.17046 0.184439 0.197921 0.210712 0.22263 0.233511 0.243212 0.251612 0.25861 0.264129 0.268111 0.270515 0.271319 0.270515 0.268111 0.264129 0.25861 0.251612 0.243212 0.233511 0.22263 0.210712 0.197921 0.184439 0.17046 0.156191 0.141837 0.127606 0.113693 0.100279 0.0875243 0.0755654 0.064509 0.0544313 0.0453774 0.0373617 0.0303702 0.0243638 0.0192828 0.0150515 0.0115835 0.0087866 0.00656762 0.00483606 0.00350731 0.00250476 0.00176111 0.00121889 0.000830302 0.000556607 0.00036716 0.000238296 0.00015216 9.55843e-05 5.90692e-05 3.59118e-05 2.14832e-05 1.26548e-05 7.35854e-06 4.25972e-06 2.52333e-06 1.65345e-06 
1.96148e-06 2.32883e-06 3.54176e-06 5.95738e-06 1.02558e-05 1.75779e-05 2.97399e-05 4.95437e-05 8.12069e-05 0.000130939 0.000207683 0.000324043 0.000497389 0.000751126 0.00111607 0.00163185 0.00234819 0.00332593 0.0046376 0.00636729 0.0086097 0.0114681 0.0150515 0.0194702 0.0248308 0.0312307 0.0387515 0.0474535 0.0573695 0.068501 0.0808143 0.0942393 0.10867 0.123964 0.139951 0.156433 0.173193 0.189999 0.206616 0.222808 0.238349 0.253023 0.266638 0.27902 0.29002 0.299515 0.307406 0.313616 0.318089 0.320788 0.321689 0.320788 0.318089 0.313616 0.307406 0.299515 0.29002 0.27902 0.266638 0.253023 0.238349 0.222808 0.206616 0.189999 0.173193 0.156433 0.139951 0.123964 0.10867 0.0942393 0.0808143 0.068501 0.0573695 0.0474535 0.0387515 0.0312307 0.0248308 0.0194702 0.0150515 0.0114681 0.0086097 0.00636729 0.0046376 0.00332593 0.00234819 0.00163185 0.00111607 0.000751126 0.000497389 0.000324043 0.000207683 0.000130939 8.12069e-05 4.95437e-05 2.97399e-05 1.75779e-05 1.02558e-05 5.95738e-06 3.54176e-06 2.32883e-06 
2.72879e-06 3.23456e-06 4.90239e-06 8.21644e-06 1.40963e-05 2.40794e-05 4.06026e-05 6.74085e-05 0.000110104 0.0001769 0.000279562 0.000434574 0.000664518 0.000999632 0.00147946 0.00215448 0.00308756 0.00435497 0.00604677 0.00826637 0.0111288 0.0147581 0.0192828 0.0248308 0.0315227 0.0394649 0.048742 0.0594102 0.0714911 0.0849671 0.0997785 0.115823 0.132959 0.151003 0.169745 0.188944 0.208347 0.227687 0.246698 0.265121 0.282709 0.299236 0.3145 0.328323 0.340558 0.351085 0.359809 0.36666 0.371585 0.374553 0.375545 0.374553 0.371585 0.36666 0.359809 0.351085 0.340558 0.328323 0.3145 0.299236 0.282709 0.265121 0.246698 0.227687 0.208347 0.188944 0.169745 0.151003 0.132959 0.115823 0.0997785 0.0849671 0.0714911 0.0594102 0.048742 0.0394649 0.0315227 0.0248308 0.0192828 0.0147581 0.0111288 0.00826637 0.00604677 0.00435497 0.00308756 0.00215448 0.00147946 0.000999632 0.000664518 0.000434574 0.000279562 0.0001769 0.000110104 6.74085e-05 4.06026e-05 2.40794e-05 1.40963e-05 8.21644e-06 4.90239e-06 3.23456e-06 
3.74386e-06 4.43062e-06 6.69249e-06 1.11769e-05 1.91101e-05 3.25352e-05 5.46774e-05 9.04669e-05 0.000147254 0.000235748 0.000371209 0.000574896 0.000875754 0.00131229 0.00193453 0.00280583 0.00400449 0.00562467 0.00777653 0.0105851 0.014188 0.0187313 0.0243638 0.0312307 0.0394649 0.0491788 0.0604559 0.0733428 0.0878431 0.103913 0.121459 0.140341 0.160371 0.181324 0.202941 0.224942 0.247032 0.268912 0.290288 0.310882 0.330434 0.34871 0.365507 0.380651 0.394003 0.40545 0.414909 0.422318 0.427636 0.430836 0.431905 0.430836 0.427636 0.422318 0.414909 0.40545 0.394003 0.380651 0.365507 0.34871 0.330434 0.310882 0.290288 0.268912 0.247032 0.224942 0.202941 0.181324 0.160371 0.140341 0.121459 0.103913 0.0878431 0.0733428 0.0604559 0.0491788 0.0394649 0.0312307 0.0243638 0.0187313 0.014188 0.0105851 0.00777653 0.00562467 0.00400449 0.00280583 0.00193453 0.00131229 0.000875754 0.000574896 0.000371209 0.000235748 0.000147254 9.04669e-05 5.46774e-05 3.25352e-05 1.91101e-05 1.11769e-05 6.69249e-06 4.43062e-06 
5.06606e-06 5.98591e-06 9.01171e-06 1.49974e-05 2.55564e-05 4.33668e-05 7.26391e-05 0.000119781 0.000194296 0.000309964 0.000486307 0.000750364 0.00113873 0.00169976 0.00249582 0.00360534 0.00512441 0.00716758 0.00986748 0.013373 0.0178459 0.0234552 0.0303702 0.0387515 0.048742 0.0604559 0.0739699 0.0893143 0.106467 0.125351 0.14583 0.167718 0.190777 0.214732 0.239276 0.264084 0.288825 0.313169 0.336801 0.359426 0.38078 0.400631 0.41878 0.435067 0.449365 0.461577 0.471636 0.479495 0.485124 0.488508 0.489636 0.488508 0.485124 0.479495 0.471636 0.461577 0.449365 0.435067 0.41878 0.400631 0.38078 0.359426 0.336801 0.313169 0.288825 0.264084 0.239276 0.214732 0.190777 0.167718 0.14583 0.125351 0.106467 0.0893143 0.0739699 0.0604559 0.048742 0.0387515 0.0303702 0.0234552 0.0178459 0.013373 0.00986748 0.00716758 0.00512441 0.00360534 0.00249582 0.00169976 0.00113873 0.000750364 0.000486307 0.000309964 0.000194296 0.000119781 7.26391e-05 4.33668e-05 2.55564e-05 1.49974e-05 9.01171e-06 5.98591e-06 
6.76181e-06 7.97725e-06 1.19705e-05 1.98529e-05 3.37186e-05 5.70316e-05 9.52155e-05 0.000156486 0.000252971 0.00040216 0.000628695 0.000966508 0.00146123 0.00217277 0.00317781 0.00457208 0.00647183 0.00901437 0.012357 0.0166744 0.0221535 0.0289864 0.0373617 0.0474535 0.0594102 0.0733428 0.0893143 0.107331 0.127338 0.149213 0.172773 0.197776 0.223931 0.250908 0.278351 0.305892 0.333164 0.359813 0.385508 0.409949 0.432872 0.454056 0.473318 0.490516 0.505544 0.51833 0.528824 0.537001 0.542846 0.546353 0.547522 0.546353 0.542846 0.537001 0.528824 0.51833 0.505544 0.490516 0.473318 0.454056 0.432872 0.409949 0.385508 0.359813 0.333164 0.305892 0.278351 0.250908 0.223931 0.197776 0.172773 0.149213 0.127338 0.107331 0.0893143 0.0733428 0.0594102 0.0474535 0.0373617 0.0289864 0.0221535 0.0166744 0.012357 0.00901437 0.00647183 0.00457208 0.00317781 0.00217277 0.00146123 0.000966508 0.000628695 0.00040216 0.000252971 0.000156486 9.52155e-05 5.70316e-05 3.37186e-05 1.98529e-05 1.19705e-05 7.97725e-06 
8.90299e-06 1.04875e-05 1.56873e-05 2.59296e-05 4.38965e-05 7.40098e-05 0.000123164 0.000201756 0.00032506 0.000514982 0.000802222 0.0012288 0.00185088 0.00274165 0.0039942 0.00572373 0.00806896 0.0111922 0.0152773 0.0205258 0.0271503 0.0353656 0.0453774 0.0573695 0.0714911 0.0878431 0.106467 0.127338 0.150355 0.175349 0.202077 0.230238 0.259482 0.289422 0.319654 0.349769 0.379371 0.408087 0.435579 0.461549 0.485746 0.507966 0.528052 0.54589 0.561401 0.57454 0.585285 0.593631 0.599584 0.60315 0.604338 0.60315 0.599584 0.593631 0.585285 0.57454 0.561401 0.54589 0.528052 0.507966 0.485746 0.461549 0.435579 0.408087 0.379371 0.349769 0.319654 0.289422 0.259482 0.230238 0.202077 0.175349 0.150355 0.127338 0.106467 0.0878431 0.0714911 0.0573695 0.0453774 0.0353656 0.0271503 0.0205258 0.0152773 0.0111922 0.00806896 0.00572373 0.0039942 0.00274165 0.00185088 0.0012288 0.000802222 0.000514982 0.00032506 0.000201756 0.000123164 7.40098e-05 4.38965e-05 2.59296e-05 1.56873e-05 1.04875e-05 
1.15645e-05 1.36028e-05 2.02843e-05 3.34177e-05 5.63939e-05 9.47843e-05 0.000157241 0.00025675 0.000412301 0.000650984 0.00101056 0.00154239 0.00231469 0.00341578 0.00495712 0.00707554 0.00993435 0.0137227 0.0186524 0.0249527 0.0328616 0.0426145 0.0544313 0.068501 0.0849671 0.103913 0.125351 0.149213 0.175349 0.203528 0.233445 0.264734 0.296982 0.329747 0.362578 0.395032 0.426688 0.457163 0.486122 0.513279 0.538406 0.561327 0.581917 0.600095 0.615821 0.629079 0.639879 0.648241 0.654189 0.657748 0.658932 0.657748 0.654189 0.648241 0.639879 0.629079 0.615821 0.600095 0.581917 0.561327 0.538406 0.513279 0.486122 0.457163 0.426688 0.395032 0.362578 0.329747 0.296982 0.264734 0.233445 0.203528 0.175349 0.149213 0.125351 0.103913 0.0849671 0.068501 0.0544313 0.0426145 0.0328616 0.0249527 0.0186524 0.0137227 0.00993435 0.00707554 0.00495712 0.00341578 0.00231469 0.00154239 0.00101056 0.000650984 0.000412301 0.00025675 0.000157241 9.47843e-05 5.63939e-05 3.34177e-05 2.02843e-05 1.36028e-05 
1.48207e-05 1.74085e-05 2.58814e-05 4.25025e-05 7.1504e-05 0.000119816 0.000198157 0.000322548 0.000516294 0.000812481 0.00125696 0.00191174 0.00285865 0.0042029 0.00607626 0.00863917 0.0120814 0.0166203 0.0224968 0.0299676 0.0392947 0.050732 0.064509 0.0808143 0.0997785 0.121459 0.14583 0.172773 0.202077 0.233445 0.266503 0.300816 0.335909 0.371286 0.406455 0.440942 0.474314 0.506187 0.536237 0.564202 0.589886 0.613149 0.633906 0.65212 0.667787 0.68093 0.69159 0.699814 0.705649 0.709133 0.710291 0.709133 0.705649 0.699814 0.69159 0.68093 0.667787 0.65212 0.633906 0.613149 0.589886 0.564202 0.536237 0.506187 0.474314 0.440942 0.406455 0.371286 0.335909 0.300816 0.266503 0.233445 0.202077 0.172773 0.14583 0.121459 0.0997785 0.0808143 0.064509 0.050732 0.0392947 0.0299676 0.0224968 0.0166203 0.0120814 0.00863917 0.00607626 0.0042029 0.00285865 0.00191174 0.00125696 0.000812481 0.000516294 0.000322548 0.000198157 0.000119816 7.1504e-05 4.25025e-05 2.58814e-05 1.74085e-05 
1.87413e-05 2.19839e-05 3.25891e-05 5.33527e-05 8.94901e-05 0.000149513 0.000246536 0.000400075 0.000638386 0.00100138 0.00154405 0.00234034 0.00348722 0.00510849 0.00735799 0.0104216 0.0145168 0.0198906 0.0268128 0.035567 0.0464372 0.0596919 0.0755654 0.0942393 0.115823 0.140341 0.167718 0.197776 0.230238 0.264734 0.300816 0.337981 0.375691 0.413403 0.450588 0.486752 0.521456 0.554328 0.585067 0.613443 0.639299 0.662544 0.683137 0.701087 0.716433 0.729238 0.739575 0.74752 0.75314 0.756489 0.757602 0.756489 0.75314 0.74752 0.739575 0.729238 0.716433 0.701087 0.683137 0.662544 0.639299 0.613443 0.585067 0.554328 0.521456 0.486752 0.450588 0.413403 0.375691 0.337981 0.300816 0.264734 0.230238 0.197776 0.167718 0.140341 0.115823 0.0942393 0.0755654 0.0596919 0.0464372 0.035567 0.0268128 0.0198906 0.0145168 0.0104216 0.00735799 0.00510849 0.00348722 0.00234034 0.00154405 0.00100138 0.000638386 0.000400075 0.000246536 0.000149513 8.94901e-05 5.33527e-05 3.25891e-05 2.19839e-05 
2.33862e-05 2.73968e-05 4.05004e-05 6.61074e-05 0.000110565 0.000184198 0.000302858 0.000490027 0.000779549 0.00121898 0.00187352 0.0028303 0.00420283 0.00613506 0.00880454 0.0124239 0.0172396 0.0235285 0.0315891 0.0417301 0.0542548 0.0694417 0.0875243 0.10867 0.132959 0.160371 0.190777 0.223931 0.259482 0.296982 0.335909 0.375691 0.415735 0.455452 0.494286 0.531734 0.567363 0.60082 0.631838 0.66023 0.685888 0.708769 0.728888 0.746299 0.761088 0.773355 0.783209 0.790751 0.796069 0.799231 0.80028 0.799231 0.796069 0.790751 0.783209 0.773355 0.761088 0.746299 0.728888 0.708769 0.685888 0.66023 0.631838 0.60082 0.567363 0.531734 0.494286 0.455452 0.415735 0.375691 0.335909 0.296982 0.259482 0.223931 0.190777 0.160371 0.132959 0.10867 0.0875243 0.0694417 0.0542548 0.0417301 0.0315891 0.0235285 0.0172396 0.0124239 0.00880454 0.00613506 0.00420283 0.0028303 0.00187352 0.00121898 0.000779549 0.000490027 0.000302858 0.000184198 0.000110565 6.61074e-05 4.05004e-05 2.73968e-05 
2.87994e-05 3.36966e-05 4.96812e-05 8.08617e-05 0.000134868 0.000224074 0.000367403 0.000592778 0.000940258 0.00146585 0.00224593 0.00338199 0.00500541 0.00728165 0.0104132 0.0146405 0.0202398 0.0275174 0.0367994 0.0484177 0.0626908 0.0799025 0.100279 0.123964 0.151003 0.181324 0.214732 0.250908 0.289422 0.329747 0.371286 0.413403 0.455452 0.496809 0.536901 0.575224 0.611363 0.644996 0.675899 0.703935 0.729051 0.75126 0.770628 0.787263 0.801293 0.812858 0.822097 0.829135 0.834081 0.837015 0.837987 0.837015 0.834081 0.829135 0.822097 0.812858 0.801293 0.787263 0.770628 0.75126 0.729051 0.703935 0.675899 0.644996 0.611363 0.575224 0.536901 0.496809 0.455452 0.413403 0.371286 0.329747 0.289422 0.250908 0.214732 0.181324 0.151003 0.123964 0.100279 0.0799025 0.0626908 0.0484177 0.0367994 0.0275174 0.0202398 0.0146405 0.0104132 0.00728165 0.00500541 0.00338199 0.00224593 0.00146585 0.000940258 0.000592778 0.000367403 0.000224074 0.000134868 8.08617e-05 4.96812e-05 3.36966e-05 
3.50039e-05 4.09081e-05 6.0161e-05 9.76526e-05 0.000162443 0.000269185 0.000440205 0.000708313 0.00112037 0.0017416 0.00266045 0.00399381 0.00589203 0.00854322 0.0121758 0.0170587 0.0234978 0.0318283 0.0424025 0.055572 0.0716665 0.0909696 0.113693 0.139951 0.169745 0.202941 0.239276 0.278351 0.319654 0.362578 0.406455 0.450588 0.494286 0.536901 0.57785 0.616644 0.652894 0.686319 0.716744 0.744092 0.768366 0.789639 0.808031 0.823699 0.836813 0.847549 0.856074 0.862537 0.867061 0.869738 0.870624 0.869738 0.867061 0.862537 0.856074 0.847549 0.836813 0.823699 0.808031 0.789639 0.768366 0.744092 0.716744 0.686319 0.652894 0.616644 0.57785 0.536901 0.494286 0.450588 0.406455 0.362578 0.319654 0.278351 0.239276 0.202941 0.169745 0.139951 0.113693 0.0909696 0.0716665 0.055572 0.0424025 0.0318283 0.0234978 0.0170587 0.0121758 0.00854322 0.00589203 0.00399381 0.00266045 0.0017416 0.00112037 0.000708313 0.000440205 0.000269185 0.000162443 9.76526e-05 6.0161e-05 4.09081e-05 
4.19955e-05 4.90244e-05 7.19246e-05 0.000116446 0.000193221 0.000319393 0.000520998 0.000836149 0.00131905 0.00204479 0.00311468 0.00466187 0.0068566 0.00991041 0.0140783 0.0196577 0.0269839 0.03642 0.0483415 0.0631169 0.0810824 0.102515 0.127606 0.156433 0.188944 0.224942 0.264084 0.305892 0.349769 0.395032 0.440942 0.486752 0.531734 0.575224 0.616644 0.655526 0.691519 0.724391 0.754024 0.780403 0.803591 0.82372 0.840964 0.855525 0.867614 0.877437 0.885187 0.89103 0.895103 0.897506 0.8983 0.897506 0.895103 0.89103 0.885187 0.877437 0.867614 0.855525 0.840964 0.82372 0.803591 0.780403 0.754024 0.724391 0.691519 0.655526 0.616644 0.575224 0.531734 0.486752 0.440942 0.395032 0.349769 0.305892 0.264084 0.224942 0.188944 0.156433 0.127606 0.102515 0.0810824 0.0631169 0.0483415 0.03642 0.0269839 0.0196577 0.0140783 0.00991041 0.0068566 0.00466187 0.00311468 0.00204479 0.00131905 0.000836149 0.000520998 0.000319393 0.000193221 0.000116446 7.19246e-05 4.90244e-05 
4.97384e-05 5.80026e-05 8.49048e-05 0.000137126 0.000226997 0.000374346 0.000609187 0.000975295 0.00153468 0.00237282 0.00360455 0.00537994 0.00788973 0.0113694 0.0161006 0.0224093 0.0306591 0.041239 0.0545456 0.07096 0.0908203 0.114392 0.141837 0.173193 0.208347 0.247032 0.288825 0.333164 0.379371 0.426688 0.474314 0.521456 0.567363 0.611363 0.652894 0.691519 0.726932 0.758959 0.787545 0.812733 0.834653 0.853491 0.869473 0.882841 0.893842 0.902711 0.909657 0.914864 0.918476 0.9206 0.921301 0.9206 0.918476 0.914864 0.909657 0.902711 0.893842 0.882841 0.869473 0.853491 0.834653 0.812733 0.787545 0.758959 0.726932 0.691519 0.652894 0.611363 0.567363 0.521456 0.474314 0.426688 0.379371 0.333164 0.288825 0.247032 0.208347 0.173193 0.141837 0.114392 0.0908203 0.07096 0.0545456 0.041239 0.0306591 0.0224093 0.0161006 0.0113694 0.00788973 0.00537994 0.00360455 0.00237282 0.00153468 0.000975295 0.000609187 0.000374346 0.000226997 0.000137126 8.49048e-05 5.80026e-05 
