0.002447 0.00247432 0.00255649 0.00269406 0.00288795 0.00313943 0.00345006 0.00382168 0.00425634 0.00475625 0.00532374 0.00596113 0.00667075 0.00745478 0.0083152 0.00925373 0.0102717 0.01137 0.0125489 0.0138083 0.0151472 0.016564 0.0180561 0.0196203 0.0212523 0.0229472 0.0246988 0.0265004 0.028344 0.0302212 0.0321225 0.0340377 0.035956 0.037866 0.0397559 0.0416136 0.0434266 0.0451825 0.0468689 0.0484734 0.0499841 0.0513897 0.0526793 0.0538429 0.0548711 0.0557557 0.0564896 0.0570668 0.0574825 0.0577333 0.0578171 0.0577333 0.0574825 0.0570668 0.0564896 0.0557557 0.0548711 0.0538429 0.0526793 0.0513897 0.0499841 0.0484734 0.0468689 0.0451825 0.0434266 0.0416136 0.0397559 0.037866 0.035956 0.0340377 0.0321225 0.0302212 0.028344 0.0265004 0.0246988 0.0229472 0.0212523 0.0196203 0.0180561 0.016564 0.0151472 0.0138083 0.0125489 0.01137 0.0102717 0.00925373 0.0083152 0.00745478 0.00667075 0.00596113 0.00532374 0.00475625 0.00425634 0.00382168 0.00345006 0.00313943 0.00288795 0.00269406 0.00255649 0.00247432 
0.00247432 0.00250193 0.00258493 0.0027239 0.00291976 0.00317379 0.00348756 0.00386291 0.00430192 0.00480681 0.00537992 0.00602359 0.00674015 0.00753181 0.00840054 0.00934807 0.0103757 0.0114844 0.0126744 0.0139456 0.0152968 0.0167266 0.0182323 0.0198106 0.0214573 0.0231672 0.0249344 0.0267517 0.0286115 0.0305049 0.0324225 0.0343541 0.0362886 0.0382148 0.0401205 0.0419937 0.0438217 0.0455921 0.0472922 0.0489098 0.0504329 0.0518499 0.0531499 0.0543227 0.0553592 0.0562509 0.0569906 0.0575724 0.0579914 0.0582442 0.0583287 0.0582442 0.0579914 0.0575724 0.0569906 0.0562509 0.0553592 0.0543227 0.0531499 0.0518499 0.0504329 0.0489098 0.0472922 0.0455921 0.0438217 0.0419937 0.0401205 0.0382148 0.0362886 0.0343541 0.0324225 0.0305049 0.0286115 0.0267517 0.0249344 0.0231672 0.0214573 0.0198106 0.0182323 0.0167266 0.0152968 0.0139456 0.0126744 0.0114844 0.0103757 0.00934807 0.00840054 0.00753181 0.00674015 0.00602359 0.00537992 0.00480681 0.00430192 0.00386291 0.00348756 0.00317379 0.00291976 0.0027239 0.00258493 0.00250193 
0.00255649 0.00258493 0.00267045 0.00281362 0.0030154 0.00327708 0.00360027 0.00398685 0.00443893 0.00495878 0.00554877 0.0062113 0.00694873 0.00776329 0.00865699 0.00963155 0.0106883 0.0118282 0.0130515 0.0143578 0.0157463 0.0172151 0.0187616 0.0203823 0.022073 0.0238283 0.0256419 0.0275067 0.0294147 0.0313569 0.0333235 0.0353041 0.0372875 0.0392619 0.0412152 0.0431348 0.0450079 0.0468216 0.0485633 0.0502201 0.05178 0.0532311 0.0545623 0.0557632 0.0568244 0.0577373 0.0584946 0.0590901 0.059519 0.0597778 0.0598643 0.0597778 0.059519 0.0590901 0.0584946 0.0577373 0.0568244 0.0557632 0.0545623 0.0532311 0.05178 0.0502201 0.0485633 0.0468216 0.0450079 0.0431348 0.0412152 0.0392619 0.0372875 0.0353041 0.0333235 0.0313569 0.0294147 0.0275067 0.0256419 0.0238283 0.022073 0.0203823 0.0187616 0.0172151 0.0157463 0.0143578 0.0130515 0.0118282 0.0106883 0.00963155 0.00865699 0.00776329 0.00694873 0.0062113 0.00554877 0.00495878 0.00443893 0.00398685 0.00360027 0.00327708 0.0030154 0.00281362 0.00267045 0.00258493 
0.00269406 0.0027239 0.00281362 0.00296383 0.0031755 0.00344997 0.00378891 0.00419426 0.00466819 0.00521304 0.00583125 0.00652529 0.00729758 0.00815039 0.0090858 0.0101055 0.0112109 0.0124029 0.0136817 0.0150468 0.0164974 0.0180313 0.0196459 0.0213376 0.0231016 0.0249324 0.0268236 0.0287676 0.030756 0.0327795 0.0348279 0.0368903 0.0389551 0.0410101 0.0430426 0.0450395 0.0469877 0.0488738 0.0506845 0.0524068 0.054028 0.0555359 0.0569191 0.0581667 0.059269 0.0602172 0.0610038 0.0616223 0.0620677 0.0623365 0.0624263 0.0623365 0.0620677 0.0616223 0.0610038 0.0602172 0.059269 0.0581667 0.0569191 0.0555359 0.054028 0.0524068 0.0506845 0.0488738 0.0469877 0.0450395 0.0430426 0.0410101 0.0389551 0.0368903 0.0348279 0.0327795 0.030756 0.0287676 0.0268236 0.0249324 0.0231016 0.0213376 0.0196459 0.0180313 0.0164974 0.0150468 0.0136817 0.0124029 0.0112109 0.0101055 0.0090858 0.00815039 0.00729758 0.00652529 0.00583125 0.00521304 0.00466819 0.00419426 0.00378891 0.00344997 0.0031755 0.00296383 0.00281362 0.0027239 
0.00288795 0.00291976 0.0030154 0.0031755 0.00340108 0.00369355 0.00405463 0.00448636 0.00499101 0.005571 0.00622887 0.0069672 0.00778848 0.00869505 0.00968904 0.0107722 0.0119459 0.013211 0.0145677 0.0160155 0.0175531 0.0191785 0.0208886 0.0226796 0.0245465 0.0264834 0.0284833 0.0305383 0.0326394 0.0347768 0.0369398 0.0391168 0.0412956 0.0434633 0.0456067 0.0477119 0.0497652 0.0517525 0.0536599 0.0554738 0.0571808 0.0587683 0.0602241 0.0615371 0.062697 0.0636946 0.064522 0.0651726 0.0656412 0.0659238 0.0660183 0.0659238 0.0656412 0.0651726 0.064522 0.0636946 0.062697 0.0615371 0.0602241 0.0587683 0.0571808 0.0554738 0.0536599 0.0517525 0.0497652 0.0477119 0.0456067 0.0434633 0.0412956 0.0391168 0.0369398 0.0347768 0.0326394 0.0305383 0.0284833 0.0264834 0.0245465 0.0226796 0.0208886 0.0191785 0.0175531 0.0160155 0.0145677 0.013211 0.0119459 0.0107722 0.00968904 0.00869505 0.00778848 0.0069672 0.00622887 0.005571 0.00499101 0.00448636 0.00405463 0.00369355 0.00340108 0.0031755 0.0030154 0.00291976 
0.00313943 0.00317379 0.00327708 0.00344997 0.00369355 0.00400928 0.004399 0.00486484 0.00540919 0.0060346 0.00674375 0.00753929 0.00842385 0.00939987 0.0104695 0.0116346 0.0128965 0.0142559 0.0157131 0.0172674 0.0189174 0.0206607 0.022494 0.0244131 0.0264126 0.028486 0.0306259 0.0328238 0.03507 0.0373541 0.0396645 0.0419889 0.0443144 0.0466271 0.048913 0.0511575 0.0533459 0.0554633 0.057495 0.0594265 0.0612437 0.0629333 0.0644824 0.0658793 0.0671131 0.0681742 0.0690541 0.0697459 0.0702441 0.0705446 0.070645 0.0705446 0.0702441 0.0697459 0.0690541 0.0681742 0.0671131 0.0658793 0.0644824 0.0629333 0.0612437 0.0594265 0.057495 0.0554633 0.0533459 0.0511575 0.048913 0.0466271 0.0443144 0.0419889 0.0396645 0.0373541 0.03507 0.0328238 0.0306259 0.028486 0.0264126 0.0244131 0.022494 0.0206607 0.0189174 0.0172674 0.0157131 0.0142559 0.0128965 0.0116346 0.0104695 0.00939987 0.00842385 0.00753929 0.00674375 0.0060346 0.00540919 0.00486484 0.004399 0.00400928 0.00369355 0.00344997 0.00327708 0.00317379 
0.00345006 0.00348756 0.00360027 0.00378891 0.00405463 0.004399 0.00482396 0.00533177 0.00592497 0.00660625 0.00737844 0.00824434 0.00920669 0.010268 0.0114306 0.0126963 0.0140665 0.0155418 0.0171224 0.0188074 0.0205951 0.022483 0.0244674 0.0265434 0.0287053 0.030946 0.0332574 0.0356302 0.0380541 0.0405176 0.0430083 0.0455131 0.0480178 0.0505078 0.0529679 0.0553826 0.0577359 0.0600122 0.0621956 0.0642707 0.0662225 0.0680367 0.0696998 0.071199 0.072523 0.0736614 0.0746053 0.0753474 0.0758817 0.076204 0.0763118 0.076204 0.0758817 0.0753474 0.0746053 0.0736614 0.072523 0.071199 0.0696998 0.0680367 0.0662225 0.0642707 0.0621956 0.0600122 0.0577359 0.0553826 0.0529679 0.0505078 0.0480178 0.0455131 0.0430083 0.0405176 0.0380541 0.0356302 0.0332574 0.030946 0.0287053 0.0265434 0.0244674 0.022483 0.0205951 0.0188074 0.0171224 0.0155418 0.0140665 0.0126963 0.0114306 0.010268 0.00920669 0.00824434 0.00737844 0.00660625 0.00592497 0.00533177 0.00482396 0.004399 0.00405463 0.00378891 0.00360027 0.00348756 
0.00382168 0.00386291 0.00398685 0.00419426 0.00448636 0.00486484 0.00533177 0.00588957 0.00654093 0.00728872 0.00813594 0.00908555 0.0101404 0.0113033 0.0125764 0.0139617 0.0154605 0.0170734 0.0188005 0.0206406 0.0225919 0.0246513 0.0268147 0.0290768 0.0314312 0.0338701 0.0363846 0.0389645 0.0415985 0.0442743 0.0469783 0.0496963 0.0524129 0.0551124 0.0577783 0.0603939 0.0629421 0.0654059 0.0677683 0.0700129 0.0721234 0.0740846 0.0758819 0.0775019 0.0789321 0.0801617 0.0811811 0.0819824 0.0825594 0.0829073 0.0830236 0.0829073 0.0825594 0.0819824 0.0811811 0.0801617 0.0789321 0.0775019 0.0758819 0.0740846 0.0721234 0.0700129 0.0677683 0.0654059 0.0629421 0.0603939 0.0577783 0.0551124 0.0524129 0.0496963 0.0469783 0.0442743 0.0415985 0.0389645 0.0363846 0.0338701 0.0314312 0.0290768 0.0268147 0.0246513 0.0225919 0.0206406 0.0188005 0.0170734 0.0154605 0.0139617 0.0125764 0.0113033 0.0101404 0.00908555 0.00813594 0.00728872 0.00654093 0.00588957 0.00533177 0.00486484 0.00448636 0.00419426 0.00398685 0.00386291 
0.00425634 0.00430192 0.00443893 0.00466819 0.00499101 0.00540919 0.00592497 0.00654093 0.00725995 0.0080851 0.00901956 0.0100665 0.0112289 0.0125096 0.0139111 0.0154352 0.0170833 0.0188559 0.0207529 0.0227728 0.0249136 0.0271717 0.0295424 0.03202 0.0345971 0.0372652 0.0400144 0.0428337 0.0457106 0.0486315 0.0515817 0.0545457 0.0575068 0.0604479 0.0633511 0.0661982 0.0689709 0.0716507 0.0742193 0.0766589 0.0789522 0.0810825 0.0830343 0.0847931 0.0863456 0.0876801 0.0887862 0.0896557 0.0902815 0.090659 0.0907852 0.090659 0.0902815 0.0896557 0.0887862 0.0876801 0.0863456 0.0847931 0.0830343 0.0810825 0.0789522 0.0766589 0.0742193 0.0716507 0.0689709 0.0661982 0.0633511 0.0604479 0.0575068 0.0545457 0.0515817 0.0486315 0.0457106 0.0428337 0.0400144 0.0372652 0.0345971 0.03202 0.0295424 0.0271717 0.0249136 0.0227728 0.0207529 0.0188559 0.0170833 0.0154352 0.0139111 0.0125096 0.0112289 0.0100665 0.00901956 0.0080851 0.00725995 0.00654093 0.00592497 0.00540919 0.00499101 0.00466819 0.00443893 0.00430192 
0.00475625 0.00480681 0.00495878 0.00521304 0.005571 0.0060346 0.00660625 0.00728872 0.0080851 0.00899867 0.0100328 0.0111909 0.0124761 0.0138914 0.0154393 0.0171218 0.0189401 0.0208947 0.0229852 0.02521 0.0275664 0.0300505 0.0326571 0.0353795 0.0382097 0.0411382 0.044154 0.0472449 0.0503972 0.0535961 0.0568255 0.0600682 0.0633063 0.0665209 0.0696926 0.0728017 0.0758283 0.0787523 0.0815539 0.084214 0.0867136 0.089035 0.0911612 0.0930767 0.0947672 0.09622 0.0974241 0.0983703 0.0990514 0.0994622 0.0995995 0.0994622 0.0990514 0.0983703 0.0974241 0.09622 0.0947672 0.0930767 0.0911612 0.089035 0.0867136 0.084214 0.0815539 0.0787523 0.0758283 0.0728017 0.0696926 0.0665209 0.0633063 0.0600682 0.0568255 0.0535961 0.0503972 0.0472449 0.044154 0.0411382 0.0382097 0.0353795 0.0326571 0.0300505 0.0275664 0.02521 0.0229852 0.0208947 0.0189401 0.0171218 0.0154393 0.0138914 0.0124761 0.0111909 0.0100328 0.00899867 0.0080851 0.00728872 0.00660625 0.0060346 0.005571 0.00521304 0.00495878 0.00480681 
0.00532374 0.00537992 0.00554877 0.00583125 0.00622887 0.00674375 0.00737844 0.00813594 0.00901956 0.0100328 0.0111793 0.0124626 0.0138861 0.015453 0.0171657 0.0190263 0.021036 0.0231952 0.0255031 0.0279579 0.0305564 0.0332942 0.0361652 0.0391621 0.0422757 0.0454957 0.0488099 0.0522047 0.0556651 0.0591747 0.0627159 0.0662699 0.0698171 0.0733368 0.076808 0.0802092 0.0835187 0.0867148 0.089776 0.0926814 0.0954107 0.0979446 0.100265 0.102355 0.104199 0.105783 0.107096 0.108127 0.10887 0.109318 0.109467 0.109318 0.10887 0.108127 0.107096 0.105783 0.104199 0.102355 0.100265 0.0979446 0.0954107 0.0926814 0.089776 0.0867148 0.0835187 0.0802092 0.076808 0.0733368 0.0698171 0.0662699 0.0627159 0.0591747 0.0556651 0.0522047 0.0488099 0.0454957 0.0422757 0.0391621 0.0361652 0.0332942 0.0305564 0.0279579 0.0255031 0.0231952 0.021036 0.0190263 0.0171657 0.015453 0.0138861 0.0124626 0.0111793 0.0100328 0.00901956 0.00813594 0.00737844 0.00674375 0.00622887 0.00583125 0.00554877 0.00537992 
0.00596113 0.00602359 0.0062113 0.00652529 0.0069672 0.00753929 0.00824434 0.00908555 0.0100665 0.0111909 0.0124626 0.0138855 0.0154631 0.0171986 0.0190947 0.0211534 0.023376 0.0257624 0.0283119 0.031022 0.0338892 0.0369082 0.0400724 0.0433734 0.046801 0.0503437 0.0539879 0.0577187 0.0615196 0.0653724 0.0692578 0.0731553 0.0770434 0.0808995 0.0847008 0.0884237 0.0920447 0.0955402 0.0988869 0.102062 0.105044 0.107812 0.110345 0.112626 0.114639 0.116367 0.1178 0.118925 0.119735 0.120224 0.120387 0.120224 0.119735 0.118925 0.1178 0.116367 0.114639 0.112626 0.110345 0.107812 0.105044 0.102062 0.0988869 0.0955402 0.0920447 0.0884237 0.0847008 0.0808995 0.0770434 0.0731553 0.0692578 0.0653724 0.0615196 0.0577187 0.0539879 0.0503437 0.046801 0.0433734 0.0400724 0.0369082 0.0338892 0.031022 0.0283119 0.0257624 0.023376 0.0211534 0.0190947 0.0171986 0.0154631 0.0138855 0.0124626 0.0111909 0.0100665 0.00908555 0.00824434 0.00753929 0.0069672 0.00652529 0.0062113 0.00602359 
0.00667075 0.00674015 0.00694873 0.00729758 0.00778848 0.00842385 0.00920669 0.0101404 0.0112289 0.0124761 0.0138861 0.0154631 0.0172106 0.0191322 0.0212305 0.0235076 0.0259645 0.0286012 0.0314164 0.0344073 0.0375697 0.0408977 0.0443837 0.0480183 0.0517903 0.0556866 0.0596924 0.0637911 0.0679644 0.0721925 0.0764542 0.080727 0.0849873 0.0892106 0.0933718 0.0974456 0.101406 0.105228 0.108885 0.112354 0.115611 0.118633 0.121398 0.123887 0.126083 0.127969 0.129531 0.130758 0.131641 0.132174 0.132351 0.132174 0.131641 0.130758 0.129531 0.127969 0.126083 0.123887 0.121398 0.118633 0.115611 0.112354 0.108885 0.105228 0.101406 0.0974456 0.0933718 0.0892106 0.0849873 0.080727 0.0764542 0.0721925 0.0679644 0.0637911 0.0596924 0.0556866 0.0517903 0.0480183 0.0443837 0.0408977 0.0375697 0.0344073 0.0314164 0.0286012 0.0259645 0.0235076 0.0212305 0.0191322 0.0172106 0.0154631 0.0138861 0.0124761 0.0112289 0.0101404 0.00920669 0.00842385 0.00778848 0.00729758 0.00694873 0.00674015 
0.00745478 0.00753181 0.00776329 0.00815039 0.00869505 0.00939987 0.010268 0.0113033 0.0125096 0.0138914 0.015453 0.0171986 0.0191322 0.0212573 0.0235767 0.0260924 0.0288054 0.0317153 0.0348204 0.0381176 0.0416018 0.0452664 0.0491027 0.0531004 0.0572467 0.0615273 0.0659258 0.0704238 0.0750012 0.0796362 0.0843056 0.0889848 0.093648 0.0982685 0.102819 0.107272 0.111599 0.115773 0.119766 0.123552 0.127105 0.1304 0.133416 0.136129 0.138522 0.140577 0.142279 0.143615 0.144577 0.145157 0.145351 0.145157 0.144577 0.143615 0.142279 0.140577 0.138522 0.136129 0.133416 0.1304 0.127105 0.123552 0.119766 0.115773 0.111599 0.107272 0.102819 0.0982685 0.093648 0.0889848 0.0843056 0.0796362 0.0750012 0.0704238 0.0659258 0.0615273 0.0572467 0.0531004 0.0491027 0.0452664 0.0416018 0.0381176 0.0348204 0.0317153 0.0288054 0.0260924 0.0235767 0.0212573 0.0191322 0.0171986 0.015453 0.0138914 0.0125096 0.0113033 0.010268 0.00939987 0.00869505 0.00815039 0.00776329 0.00753181 
0.0083152 0.00840054 0.00865699 0.0090858 0.00968904 0.0104695 0.0114306 0.0125764 0.0139111 0.0154393 0.0171657 0.0190947 0.0212305 0.0235767 0.0261362 0.0289109 0.0319015 0.0351075 0.0385268 0.0421554 0.0459878 0.0500164 0.0542314 0.058621 0.0631715 0.0678666 0.0726884 0.0776165 0.0826289 0.0877018 0.0928097 0.0979256 0.103021 0.108068 0.113036 0.117896 0.122616 0.127167 0.131519 0.135644 0.139514 0.143103 0.146385 0.149338 0.151942 0.154177 0.156028 0.157482 0.158528 0.159158 0.159369 0.159158 0.158528 0.157482 0.156028 0.154177 0.151942 0.149338 0.146385 0.143103 0.139514 0.135644 0.131519 0.127167 0.122616 0.117896 0.113036 0.108068 0.103021 0.0979256 0.0928097 0.0877018 0.0826289 0.0776165 0.0726884 0.0678666 0.0631715 0.058621 0.0542314 0.0500164 0.0459878 0.0421554 0.0385268 0.0351075 0.0319015 0.0289109 0.0261362 0.0235767 0.0212305 0.0190947 0.0171657 0.0154393 0.0139111 0.0125764 0.0114306 0.0104695 0.00968904 0.0090858 0.00865699 0.00840054 
0.00925373 0.00934807 0.00963155 0.0101055 0.0107722 0.0116346 0.0126963 0.0139617 0.0154352 0.0171218 0.0190263 0.0211534 0.0235076 0.0260924 0.0289109 0.0319648 0.0352546 0.0387795 0.0425368 0.046522 0.0507286 0.0551481 0.0597695 0.0645798 0.0695634 0.0747027 0.0799776 0.085366 0.0908436 0.0963843 0.10196 0.107542 0.1131 0.118601 0.124014 0.129306 0.134444 0.139397 0.144131 0.148616 0.152823 0.156722 0.160288 0.163495 0.166322 0.168748 0.170758 0.172335 0.173471 0.174155 0.174383 0.174155 0.173471 0.172335 0.170758 0.168748 0.166322 0.163495 0.160288 0.156722 0.152823 0.148616 0.144131 0.139397 0.134444 0.129306 0.124014 0.118601 0.1131 0.107542 0.10196 0.0963843 0.0908436 0.085366 0.0799776 0.0747027 0.0695634 0.0645798 0.0597695 0.0551481 0.0507286 0.046522 0.0425368 0.0387795 0.0352546 0.0319648 0.0289109 0.0260924 0.0235076 0.0211534 0.0190263 0.0171218 0.0154352 0.0139617 0.0126963 0.0116346 0.0107722 0.0101055 0.00963155 0.00934807 
0.0102717 0.0103757 0.0106883 0.0112109 0.0119459 0.0128965 0.0140665 0.0154605 0.0170833 0.0189401 0.021036 0.023376 0.0259645 0.0288054 0.0319015 0.0352546 0.0388649 0.0427311 0.04685 0.0512164 0.0558229 0.0606597 0.0657147 0.0709734 0.0764186 0.0820307 0.0877878 0.0936655 0.0996373 0.105675 0.111748 0.117824 0.12387 0.129853 0.135736 0.141486 0.147067 0.152443 0.15758 0.162446 0.167007 0.171234 0.175099 0.178574 0.181636 0.184264 0.18644 0.188148 0.189377 0.190118 0.190365 0.190118 0.189377 0.188148 0.18644 0.184264 0.181636 0.178574 0.175099 0.171234 0.167007 0.162446 0.15758 0.152443 0.147067 0.141486 0.135736 0.129853 0.12387 0.117824 0.111748 0.105675 0.0996373 0.0936655 0.0877878 0.0820307 0.0764186 0.0709734 0.0657147 0.0606597 0.0558229 0.0512164 0.04685 0.0427311 0.0388649 0.0352546 0.0319015 0.0288054 0.0259645 0.023376 0.021036 0.0189401 0.0170833 0.0154605 0.0140665 0.0128965 0.0119459 0.0112109 0.0106883 0.0103757 
0.01137 0.0114844 0.0118282 0.0124029 0.013211 0.0142559 0.0155418 0.0170734 0.0188559 0.0208947 0.0231952 0.0257624 0.0286012 0.0317153 0.0351075 0.0387795 0.0427311 0.0469606 0.0514642 0.0562358 0.0612669 0.0665468 0.0720618 0.0777958 0.0837299 0.0898425 0.0961096 0.102505 0.108998 0.11556 0.122157 0.128754 0.135316 0.141805 0.148184 0.154414 0.160459 0.16628 0.171841 0.177105 0.182039 0.18661 0.190787 0.194543 0.197851 0.20069 0.20304 0.204885 0.206211 0.207011 0.207278 0.207011 0.206211 0.204885 0.20304 0.20069 0.197851 0.194543 0.190787 0.18661 0.182039 0.177105 0.171841 0.16628 0.160459 0.154414 0.148184 0.141805 0.135316 0.128754 0.122157 0.11556 0.108998 0.102505 0.0961096 0.0898425 0.0837299 0.0777958 0.0720618 0.0665468 0.0612669 0.0562358 0.0514642 0.0469606 0.0427311 0.0387795 0.0351075 0.0317153 0.0286012 0.0257624 0.0231952 0.0208947 0.0188559 0.0170734 0.0155418 0.0142559 0.013211 0.0124029 0.0118282 0.0114844 
0.0125489 0.0126744 0.0130515 0.0136817 0.0145677 0.0157131 0.0171224 0.0188005 0.0207529 0.0229852 0.0255031 0.0283119 0.0314164 0.0348204 0.0385268 0.0425368 0.04685 0.0514642 0.0563747 0.0615747 0.0670546 0.0728023 0.0788026 0.0850377 0.0914869 0.0981264 0.10493 0.111869 0.118911 0.126023 0.133169 0.140312 0.147413 0.154432 0.161329 0.168063 0.174593 0.180879 0.186881 0.192561 0.197882 0.202811 0.207314 0.211361 0.214926 0.217984 0.220515 0.222502 0.22393 0.224791 0.225079 0.224791 0.22393 0.222502 0.220515 0.217984 0.214926 0.211361 0.207314 0.202811 0.197882 0.192561 0.186881 0.180879 0.174593 0.168063 0.161329 0.154432 0.147413 0.140312 0.133169 0.126023 0.118911 0.111869 0.10493 0.0981264 0.0914869 0.0850377 0.0788026 0.0728023 0.0670546 0.0615747 0.0563747 0.0514642 0.04685 0.0425368 0.0385268 0.0348204 0.0314164 0.0283119 0.0255031 0.0229852 0.0207529 0.0188005 0.0171224 0.0157131 0.0145677 0.0136817 0.0130515 0.0126744 
0.0138083 0.0139456 0.0143578 0.0150468 0.0160155 0.0172674 0.0188074 0.0206406 0.0227728 0.02521 0.0279579 0.031022 0.0344073 0.0381176 0.0421554 0.046522 0.0512164 0.0562358 0.0615747 0.0672254 0.073177 0.079416 0.0859257 0.0926864 0.0996753 0.106867 0.114232 0.121739 0.129354 0.13704 0.14476 0.152472 0.160135 0.167706 0.175142 0.182398 0.189432 0.196199 0.202659 0.208771 0.214494 0.219793 0.224633 0.228982 0.232812 0.236097 0.238815 0.240948 0.242482 0.243407 0.243716 0.243407 0.242482 0.240948 0.238815 0.236097 0.232812 0.228982 0.224633 0.219793 0.214494 0.208771 0.202659 0.196199 0.189432 0.182398 0.175142 0.167706 0.160135 0.152472 0.14476 0.13704 0.129354 0.121739 0.114232 0.106867 0.0996753 0.0926864 0.0859257 0.079416 0.073177 0.0672254 0.0615747 0.0562358 0.0512164 0.046522 0.0421554 0.0381176 0.0344073 0.031022 0.0279579 0.02521 0.0227728 0.0206406 0.0188074 0.0172674 0.0160155 0.0150468 0.0143578 0.0139456 
0.0151472 0.0152968 0.0157463 0.0164974 0.0175531 0.0189174 0.0205951 0.0225919 0.0249136 0.0275664 0.0305564 0.0338892 0.0375697 0.0416018 0.0459878 0.0507286 0.0558229 0.0612669 0.0670546 0.073177 0.079622 0.0863745 0.0934162 0.100725 0.108277 0.116043 0.123993 0.132091 0.140302 0.148585 0.156899 0.165202 0.173447 0.181589 0.189582 0.197379 0.204933 0.212198 0.219131 0.225687 0.231824 0.237505 0.242692 0.247352 0.251454 0.254972 0.257883 0.260167 0.261809 0.262799 0.263129 0.262799 0.261809 0.260167 0.257883 0.254972 0.251454 0.247352 0.242692 0.237505 0.231824 0.225687 0.219131 0.212198 0.204933 0.197379 0.189582 0.181589 0.173447 0.165202 0.156899 0.148585 0.140302 0.132091 0.123993 0.116043 0.108277 0.100725 0.0934162 0.0863745 0.079622 0.073177 0.0670546 0.0612669 0.0558229 0.0507286 0.0459878 0.0416018 0.0375697 0.0338892 0.0305564 0.0275664 0.0249136 0.0225919 0.0205951 0.0189174 0.0175531 0.0164974 0.0157463 0.0152968 
0.016564 0.0167266 0.0172151 0.0180313 0.0191785 0.0206607 0.022483 0.0246513 0.0271717 0.0300505 0.0332942 0.0369082 0.0408977 0.0452664 0.0500164 0.0551481 0.0606597 0.0665468 0.0728023 0.079416 0.0863745 0.0936611 0.101256 0.109134 0.11727 0.125632 0.134187 0.142898 0.151724 0.160624 0.169553 0.178464 0.187309 0.19604 0.204606 0.212959 0.221048 0.228825 0.236242 0.243253 0.249816 0.255887 0.26143 0.266407 0.270789 0.274545 0.277652 0.28009 0.281843 0.282899 0.283252 0.282899 0.281843 0.28009 0.277652 0.274545 0.270789 0.266407 0.26143 0.255887 0.249816 0.243253 0.236242 0.228825 0.221048 0.212959 0.204606 0.19604 0.187309 0.178464 0.169553 0.160624 0.151724 0.142898 0.134187 0.125632 0.11727 0.109134 0.101256 0.0936611 0.0863745 0.079416 0.0728023 0.0665468 0.0606597 0.0551481 0.0500164 0.0452664 0.0408977 0.0369082 0.0332942 0.0300505 0.0271717 0.0246513 0.022483 0.0206607 0.0191785 0.0180313 0.0172151 0.0167266 
0.0180561 0.0182323 0.0187616 0.0196459 0.0208886 0.022494 0.0244674 0.0268147 0.0295424 0.0326571 0.0361652 0.0400724 0.0443837 0.0491027 0.0542314 0.0597695 0.0657147 0.0720618 0.0788026 0.0859257 0.0934162 0.101256 0.109422 0.117889 0.126628 0.135605 0.144784 0.154125 0.163585 0.173119 0.182679 0.192215 0.201676 0.211009 0.220163 0.229084 0.23772 0.24602 0.253932 0.261408 0.268404 0.274874 0.280778 0.286079 0.290744 0.294743 0.29805 0.300645 0.30251 0.303634 0.304009 0.303634 0.30251 0.300645 0.29805 0.294743 0.290744 0.286079 0.280778 0.274874 0.268404 0.261408 0.253932 0.24602 0.23772 0.229084 0.220163 0.211009 0.201676 0.192215 0.182679 0.173119 0.163585 0.154125 0.144784 0.135605 0.126628 0.117889 0.109422 0.101256 0.0934162 0.0859257 0.0788026 0.0720618 0.0657147 0.0597695 0.0542314 0.0491027 0.0443837 0.0400724 0.0361652 0.0326571 0.0295424 0.0268147 0.0244674 0.022494 0.0208886 0.0196459 0.0187616 0.0182323 
0.0196203 0.0198106 0.0203823 0.0213376 0.0226796 0.0244131 0.0265434 0.0290768 0.03202 0.0353795 0.0391621 0.0433734 0.0480183 0.0531004 0.058621 0.0645798 0.0709734 0.0777958 0.0850377 0.0926864 0.100725 0.109134 0.117889 0.126962 0.136321 0.145929 0.155748 0.165736 0.175845 0.186027 0.196232 0.206406 0.216496 0.226444 0.236197 0.245697 0.254889 0.263719 0.272134 0.280083 0.287517 0.294391 0.300662 0.306291 0.311243 0.315487 0.318997 0.321749 0.323728 0.32492 0.325319 0.32492 0.323728 0.321749 0.318997 0.315487 0.311243 0.306291 0.300662 0.294391 0.287517 0.280083 0.272134 0.263719 0.254889 0.245697 0.236197 0.226444 0.216496 0.206406 0.196232 0.186027 0.175845 0.165736 0.155748 0.145929 0.136321 0.126962 0.117889 0.109134 0.100725 0.0926864 0.0850377 0.0777958 0.0709734 0.0645798 0.058621 0.0531004 0.0480183 0.0433734 0.0391621 0.0353795 0.03202 0.0290768 0.0265434 0.0244131 0.0226796 0.0213376 0.0203823 0.0198106 
0.0212523 0.0214573 0.022073 0.0231016 0.0245465 0.0264126 0.0287053 0.0314312 0.0345971 0.0382097 0.0422757 0.046801 0.0517903 0.0572467 0.0631715 0.0695634 0.0764186 0.0837299 0.0914869 0.0996753 0.108277 0.11727 0.126628 0.136321 0.146313 0.156567 0.16704 0.177686 0.188457 0.1993 0.210161 0.220984 0.231712 0.242284 0.252644 0.26273 0.272485 0.281853 0.290776 0.299201 0.307079 0.31436 0.321001 0.32696 0.332201 0.336692 0.340405 0.343317 0.34541 0.346671 0.347092 0.346671 0.34541 0.343317 0.340405 0.336692 0.332201 0.32696 0.321001 0.31436 0.307079 0.299201 0.290776 0.281853 0.272485 0.26273 0.252644 0.242284 0.231712 0.220984 0.210161 0.1993 0.188457 0.177686 0.16704 0.156567 0.146313 0.136321 0.126628 0.11727 0.108277 0.0996753 0.0914869 0.0837299 0.0764186 0.0695634 0.0631715 0.0572467 0.0517903 0.046801 0.0422757 0.0382097 0.0345971 0.0314312 0.0287053 0.0264126 0.0245465 0.0231016 0.022073 0.0214573 
0.0229472 0.0231672 0.0238283 0.0249324 0.0264834 0.028486 0.030946 0.0338701 0.0372652 0.0411382 0.0454957 0.0503437 0.0556866 0.0615273 0.0678666 0.0747027 0.0820307 0.0898425 0.0981264 0.106867 0.116043 0.125632 0.135605 0.145929 0.156567 0.167477 0.178614 0.18993 0.201372 0.212884 0.22441 0.23589 0.247262 0.258465 0.269436 0.280114 0.290436 0.300344 0.309778 0.318683 0.327005 0.334695 0.341706 0.347996 0.353527 0.358265 0.362182 0.365253 0.36746 0.36879 0.369234 0.36879 0.36746 0.365253 0.362182 0.358265 0.353527 0.347996 0.341706 0.334695 0.327005 0.318683 0.309778 0.300344 0.290436 0.280114 0.269436 0.258465 0.247262 0.23589 0.22441 0.212884 0.201372 0.18993 0.178614 0.167477 0.156567 0.145929 0.135605 0.125632 0.116043 0.106867 0.0981264 0.0898425 0.0820307 0.0747027 0.0678666 0.0615273 0.0556866 0.0503437 0.0454957 0.0411382 0.0372652 0.0338701 0.030946 0.028486 0.0264834 0.0249324 0.0238283 0.0231672 
0.0246988 0.0249344 0.0256419 0.0268236 0.0284833 0.0306259 0.0332574 0.0363846 0.0400144 0.044154 0.0488099 0.0539879 0.0596924 0.0659258 0.0726884 0.0799776 0.0877878 0.0961096 0.10493 0.114232 0.123993 0.134187 0.144784 0.155748 0.16704 0.178614 0.190424 0.202415 0.214535 0.226722 0.238918 0.251058 0.263079 0.274915 0.286501 0.297772 0.308663 0.319111 0.329056 0.33844 0.347207 0.355305 0.362686 0.369306 0.375126 0.38011 0.384229 0.387459 0.38978 0.391178 0.391645 0.391178 0.38978 0.387459 0.384229 0.38011 0.375126 0.369306 0.362686 0.355305 0.347207 0.33844 0.329056 0.319111 0.308663 0.297772 0.286501 0.274915 0.263079 0.251058 0.238918 0.226722 0.214535 0.202415 0.190424 0.178614 0.16704 0.155748 0.144784 0.134187 0.123993 0.114232 0.10493 0.0961096 0.0877878 0.0799776 0.0726884 0.0659258 0.0596924 0.0539879 0.0488099 0.044154 0.0400144 0.0363846 0.0332574 0.0306259 0.0284833 0.0268236 0.0256419 0.0249344 
0.0265004 0.0267517 0.0275067 0.0287676 0.0305383 0.0328238 0.0356302 0.0389645 0.0428337 0.0472449 0.0522047 0.0577187 0.0637911 0.0704238 0.0776165 0.085366 0.0936655 0.102505 0.111869 0.121739 0.132091 0.142898 0.154125 0.165736 0.177686 0.18993 0.202415 0.215087 0.227887 0.240753 0.25362 0.266422 0.279092 0.291561 0.303761 0.315624 0.327081 0.338069 0.348523 0.358383 0.367592 0.376095 0.383843 0.390791 0.396896 0.402125 0.406445 0.409832 0.412265 0.413731 0.414221 0.413731 0.412265 0.409832 0.406445 0.402125 0.396896 0.390791 0.383843 0.376095 0.367592 0.358383 0.348523 0.338069 0.327081 0.315624 0.303761 0.291561 0.279092 0.266422 0.25362 0.240753 0.227887 0.215087 0.202415 0.18993 0.177686 0.165736 0.154125 0.142898 0.132091 0.121739 0.111869 0.102505 0.0936655 0.085366 0.0776165 0.0704238 0.0637911 0.0577187 0.0522047 0.0472449 0.0428337 0.0389645 0.0356302 0.0328238 0.0305383 0.0287676 0.0275067 0.0267517 
0.028344 0.0286115 0.0294147 0.030756 0.0326394 0.03507 0.0380541 0.0415985 0.0457106 0.0503972 0.0556651 0.0615196 0.0679644 0.0750012 0.0826289 0.0908436 0.0996373 0.108998 0.118911 0.129354 0.140302 0.151724 0.163585 0.175845 0.188457 0.201372 0.214535 0.227887 0.241367 0.25491 0.268447 0.281909 0.295226 0.308325 0.321135 0.333585 0.345606 0.357128 0.368086 0.378418 0.388063 0.396967 0.405077 0.412348 0.418736 0.424205 0.428723 0.432264 0.434809 0.436341 0.436853 0.436341 0.434809 0.432264 0.428723 0.424205 0.418736 0.412348 0.405077 0.396967 0.388063 0.378418 0.368086 0.357128 0.345606 0.333585 0.321135 0.308325 0.295226 0.281909 0.268447 0.25491 0.241367 0.227887 0.214535 0.201372 0.188457 0.175845 0.163585 0.151724 0.140302 0.129354 0.118911 0.108998 0.0996373 0.0908436 0.0826289 0.0750012 0.0679644 0.0615196 0.0556651 0.0503972 0.0457106 0.0415985 0.0380541 0.03507 0.0326394 0.030756 0.0294147 0.0286115 
0.0302212 0.0305049 0.0313569 0.0327795 0.0347768 0.0373541 0.0405176 0.0442743 0.0486315 0.0535961 0.0591747 0.0653724 0.0721925 0.0796362 0.0877018 0.0963843 0.105675 0.11556 0.126023 0.13704 0.148585 0.160624 0.173119 0.186027 0.1993 0.212884 0.226722 0.240753 0.25491 0.269125 0.283327 0.297445 0.311402 0.325125 0.338539 0.35157 0.364145 0.376194 0.38765 0.398445 0.408521 0.417818 0.426285 0.433872 0.440537 0.446242 0.450954 0.454647 0.4573 0.458898 0.459432 0.458898 0.4573 0.454647 0.450954 0.446242 0.440537 0.433872 0.426285 0.417818 0.408521 0.398445 0.38765 0.376194 0.364145 0.35157 0.338539 0.325125 0.311402 0.297445 0.283327 0.269125 0.25491 0.240753 0.226722 0.212884 0.1993 0.186027 0.173119 0.160624 0.148585 0.13704 0.126023 0.11556 0.105675 0.0963843 0.0877018 0.0796362 0.0721925 0.0653724 0.0591747 0.0535961 0.0486315 0.0442743 0.0405176 0.0373541 0.0347768 0.0327795 0.0313569 0.0305049 
0.0321225 0.0324225 0.0333235 0.0348279 0.0369398 0.0396645 0.0430083 0.0469783 0.0515817 0.0568255 0.0627159 0.0692578 0.0764542 0.0843056 0.0928097 0.10196 0.111748 0.122157 0.133169 0.14476 0.156899 0.169553 0.182679 0.196232 0.210161 0.22441 0.238918 0.25362 0.268447 0.283327 0.298187 0.312951 0.32754 0.341877 0.355885 0.369487 0.382608 0.395175 0.407117 0.418367 0.428863 0.438546 0.44736 0.455257 0.462193 0.468128 0.473029 0.47687 0.479629 0.48129 0.481845 0.48129 0.479629 0.47687 0.473029 0.468128 0.462193 0.455257 0.44736 0.438546 0.428863 0.418367 0.407117 0.395175 0.382608 0.369487 0.355885 0.341877 0.32754 0.312951 0.298187 0.283327 0.268447 0.25362 0.238918 0.22441 0.210161 0.196232 0.182679 0.169553 0.156899 0.14476 0.133169 0.122157 0.111748 0.10196 0.0928097 0.0843056 0.0764542 0.0692578 0.0627159 0.0568255 0.0515817 0.0469783 0.0430083 0.0396645 0.0369398 0.0348279 0.0333235 0.0324225 
0.0340377 0.0343541 0.0353041 0.0368903 0.0391168 0.0419889 0.0455131 0.0496963 0.0545457 0.0600682 0.0662699 0.0731553 0.080727 0.0889848 0.0979256 0.107542 0.117824 0.128754 0.140312 0.152472 0.165202 0.178464 0.192215 0.206406 0.220984 0.23589 0.251058 0.266422 0.281909 0.297445 0.312951 0.328349 0.343558 0.358497 0.373087 0.387247 0.400901 0.413972 0.426389 0.438083 0.448989 0.459046 0.468198 0.476396 0.483594 0.489752 0.494837 0.498821 0.501682 0.503405 0.503981 0.503405 0.501682 0.498821 0.494837 0.489752 0.483594 0.476396 0.468198 0.459046 0.448989 0.438083 0.426389 0.413972 0.400901 0.387247 0.373087 0.358497 0.343558 0.328349 0.312951 0.297445 0.281909 0.266422 0.251058 0.23589 0.220984 0.206406 0.192215 0.178464 0.165202 0.152472 0.140312 0.128754 0.117824 0.107542 0.0979256 0.0889848 0.080727 0.0731553 0.0662699 0.0600682 0.0545457 0.0496963 0.0455131 0.0419889 0.0391168 0.0368903 0.0353041 0.0343541 
0.035956 0.0362886 0.0372875 0.0389551 0.0412956 0.0443144 0.0480178 0.0524129 0.0575068 0.0633063 0.0698171 0.0770434 0.0849873 0.093648 0.103021 0.1131 0.12387 0.135316 0.147413 0.160135 0.173447 0.187309 0.201676 0.216496 0.231712 0.247262 0.263079 0.279092 0.295226 0.311402 0.32754 0.343558 0.359371 0.374898 0.390054 0.404758 0.418929 0.432491 0.445369 0.457492 0.468794 0.479213 0.488693 0.497181 0.504632 0.511006 0.516268 0.52039 0.52335 0.525133 0.525728 0.525133 0.52335 0.52039 0.516268 0.511006 0.504632 0.497181 0.488693 0.479213 0.468794 0.457492 0.445369 0.432491 0.418929 0.404758 0.390054 0.374898 0.359371 0.343558 0.32754 0.311402 0.295226 0.279092 0.263079 0.247262 0.231712 0.216496 0.201676 0.187309 0.173447 0.160135 0.147413 0.135316 0.12387 0.1131 0.103021 0.093648 0.0849873 0.0770434 0.0698171 0.0633063 0.0575068 0.0524129 0.0480178 0.0443144 0.0412956 0.0389551 0.0372875 0.0362886 
0.037866 0.0382148 0.0392619 0.0410101 0.0434633 0.0466271 0.0505078 0.0551124 0.0604479 0.0665209 0.0733368 0.0808995 0.0892106 0.0982685 0.108068 0.118601 0.129853 0.141805 0.154432 0.167706 0.181589 0.19604 0.211009 0.226444 0.242284 0.258465 0.274915 0.291561 0.308325 0.325125 0.341877 0.358497 0.374898 0.390993 0.406698 0.421928 0.4366 0.450635 0.463957 0.476494 0.488178 0.498946 0.50874 0.517508 0.525202 0.531782 0.537214 0.541469 0.544523 0.546363 0.546977 0.546363 0.544523 0.541469 0.537214 0.531782 0.525202 0.517508 0.50874 0.498946 0.488178 0.476494 0.463957 0.450635 0.4366 0.421928 0.406698 0.390993 0.374898 0.358497 0.341877 0.325125 0.308325 0.291561 0.274915 0.258465 0.242284 0.226444 0.211009 0.19604 0.181589 0.167706 0.154432 0.141805 0.129853 0.118601 0.108068 0.0982685 0.0892106 0.0808995 0.0733368 0.0665209 0.0604479 0.0551124 0.0505078 0.0466271 0.0434633 0.0410101 0.0392619 0.0382148 
0.0397559 0.0401205 0.0412152 0.0430426 0.0456067 0.048913 0.0529679 0.0577783 0.0633511 0.0696926 0.076808 0.0847008 0.0933718 0.102819 0.113036 0.124014 0.135736 0.148184 0.161329 0.175142 0.189582 0.204606 0.220163 0.236197 0.252644 0.269436 0.286501 0.303761 0.321135 0.338539 0.355885 0.373087 0.390054 0.406698 0.422931 0.438666 0.453819 0.468309 0.482058 0.494991 0.507041 0.518143 0.528237 0.537271 0.545198 0.551976 0.557569 0.56195 0.565095 0.566988 0.567621 0.566988 0.565095 0.56195 0.557569 0.551976 0.545198 0.537271 0.528237 0.518143 0.507041 0.494991 0.482058 0.468309 0.453819 0.438666 0.422931 0.406698 0.390054 0.373087 0.355885 0.338539 0.321135 0.303761 0.286501 0.269436 0.252644 0.236197 0.220163 0.204606 0.189582 0.175142 0.161329 0.148184 0.135736 0.124014 0.113036 0.102819 0.0933718 0.0847008 0.076808 0.0696926 0.0633511 0.0577783 0.0529679 0.048913 0.0456067 0.0430426 0.0412152 0.0401205 
0.0416136 0.0419937 0.0431348 0.0450395 0.0477119 0.0511575 0.0553826 0.0603939 0.0661982 0.0728017 0.0802092 0.0884237 0.0974456 0.107272 0.117896 0.129306 0.141486 0.154414 0.168063 0.182398 0.197379 0.212959 0.229084 0.245697 0.26273 0.280114 0.297772 0.315624 0.333585 0.35157 0.369487 0.387247 0.404758 0.421928 0.438666 0.454885 0.470498 0.485421 0.499577 0.512888 0.525286 0.536705 0.547085 0.556372 0.564519 0.571484 0.577231 0.581731 0.584961 0.586906 0.587556 0.586906 0.584961 0.581731 0.577231 0.571484 0.564519 0.556372 0.547085 0.536705 0.525286 0.512888 0.499577 0.485421 0.470498 0.454885 0.438666 0.421928 0.404758 0.387247 0.369487 0.35157 0.333585 0.315624 0.297772 0.280114 0.26273 0.245697 0.229084 0.212959 0.197379 0.182398 0.168063 0.154414 0.141486 0.129306 0.117896 0.107272 0.0974456 0.0884237 0.0802092 0.0728017 0.0661982 0.0603939 0.0553826 0.0511575 0.0477119 0.0450395 0.0431348 0.0419937 
0.0434266 0.0438217 0.0450079 0.0469877 0.0497652 0.0533459 0.0577359 0.0629421 0.0689709 0.0758283 0.0835187 0.0920447 0.101406 0.111599 0.122616 0.134444 0.147067 0.160459 0.174593 0.189432 0.204933 0.221048 0.23772 0.254889 0.272485 0.290436 0.308663 0.327081 0.345606 0.364145 0.382608 0.400901 0.418929 0.4366 0.453819 0.470498 0.486547 0.501882 0.516422 0.530092 0.542819 0.554537 0.565187 0.574713 0.583068 0.590208 0.5961 0.600713 0.604024 0.606017 0.606682 0.606017 0.604024 0.600713 0.5961 0.590208 0.583068 0.574713 0.565187 0.554537 0.542819 0.530092 0.516422 0.501882 0.486547 0.470498 0.453819 0.4366 0.418929 0.400901 0.382608 0.364145 0.345606 0.327081 0.308663 0.290436 0.272485 0.254889 0.23772 0.221048 0.204933 0.189432 0.174593 0.160459 0.147067 0.134444 0.122616 0.111599 0.101406 0.0920447 0.0835187 0.0758283 0.0689709 0.0629421 0.0577359 0.0533459 0.0497652 0.0469877 0.0450079 0.0438217 
0.0451825 0.0455921 0.0468216 0.0488738 0.0517525 0.0554633 0.0600122 0.0654059 0.0716507 0.0787523 0.0867148 0.0955402 0.105228 0.115773 0.127167 0.139397 0.152443 0.16628 0.180879 0.196199 0.212198 0.228825 0.24602 0.263719 0.281853 0.300344 0.319111 0.338069 0.357128 0.376194 0.395175 0.413972 0.432491 0.450635 0.468309 0.485421 0.501882 0.517605 0.532508 0.546513 0.55955 0.571549 0.582452 0.592202 0.600751 0.608057 0.614084 0.618801 0.622188 0.624226 0.624907 0.624226 0.622188 0.618801 0.614084 0.608057 0.600751 0.592202 0.582452 0.571549 0.55955 0.546513 0.532508 0.517605 0.501882 0.485421 0.468309 0.450635 0.432491 0.413972 0.395175 0.376194 0.357128 0.338069 0.319111 0.300344 0.281853 0.263719 0.24602 0.228825 0.212198 0.196199 0.180879 0.16628 0.152443 0.139397 0.127167 0.115773 0.105228 0.0955402 0.0867148 0.0787523 0.0716507 0.0654059 0.0600122 0.0554633 0.0517525 0.0488738 0.0468216 0.0455921 
0.0468689 0.0472922 0.0485633 0.0506845 0.0536599 0.057495 0.0621956 0.0677683 0.0742193 0.0815539 0.089776 0.0988869 0.108885 0.119766 0.131519 0.144131 0.15758 0.171841 0.186881 0.202659 0.219131 0.236242 0.253932 0.272134 0.290776 0.309778 0.329056 0.348523 0.368086 0.38765 0.407117 0.426389 0.445369 0.463957 0.482058 0.499577 0.516422 0.532508 0.54775 0.562069 0.575394 0.587656 0.598793 0.608752 0.617482 0.624941 0.631093 0.635909 0.639365 0.641445 0.642139 0.641445 0.639365 0.635909 0.631093 0.624941 0.617482 0.608752 0.598793 0.587656 0.575394 0.562069 0.54775 0.532508 0.516422 0.499577 0.482058 0.463957 0.445369 0.426389 0.407117 0.38765 0.368086 0.348523 0.329056 0.309778 0.290776 0.272134 0.253932 0.236242 0.219131 0.202659 0.186881 0.171841 0.15758 0.144131 0.131519 0.119766 0.108885 0.0988869 0.089776 0.0815539 0.0742193 0.0677683 0.0621956 0.057495 0.0536599 0.0506845 0.0485633 0.0472922 
0.0484734 0.0489098 0.0502201 0.0524068 0.0554738 0.0594265 0.0642707 0.0700129 0.0766589 0.084214 0.0926814 0.102062 0.112354 0.123552 0.135644 0.148616 0.162446 0.177105 0.192561 0.208771 0.225687 0.243253 0.261408 0.280083 0.299201 0.318683 0.33844 0.358383 0.378418 0.398445 0.418367 0.438083 0.457492 0.476494 0.494991 0.512888 0.530092 0.546513 0.562069 0.576679 0.590271 0.602775 0.61413 0.624281 0.633178 0.640779 0.647046 0.651952 0.655472 0.657591 0.658298 0.657591 0.655472 0.651952 0.647046 0.640779 0.633178 0.624281 0.61413 0.602775 0.590271 0.576679 0.562069 0.546513 0.530092 0.512888 0.494991 0.476494 0.457492 0.438083 0.418367 0.398445 0.378418 0.358383 0.33844 0.318683 0.299201 0.280083 0.261408 0.243253 0.225687 0.208771 0.192561 0.177105 0.162446 0.148616 0.135644 0.123552 0.112354 0.102062 0.0926814 0.084214 0.0766589 0.0700129 0.0642707 0.0594265 0.0554738 0.0524068 0.0502201 0.0489098 
0.0499841 0.0504329 0.05178 0.054028 0.0571808 0.0612437 0.0662225 0.0721234 0.0789522 0.0867136 0.0954107 0.105044 0.115611 0.127105 0.139514 0.152823 0.167007 0.182039 0.197882 0.214494 0.231824 0.249816 0.268404 0.287517 0.307079 0.327005 0.347207 0.367592 0.388063 0.408521 0.428863 0.448989 0.468794 0.488178 0.507041 0.525286 0.542819 0.55955 0.575394 0.590271 0.604107 0.616833 0.628388 0.638714 0.647764 0.655493 0.661867 0.666854 0.670433 0.672587 0.673306 0.672587 0.670433 0.666854 0.661867 0.655493 0.647764 0.638714 0.628388 0.616833 0.604107 0.590271 0.575394 0.55955 0.542819 0.525286 0.507041 0.488178 0.468794 0.448989 0.428863 0.408521 0.388063 0.367592 0.347207 0.327005 0.307079 0.287517 0.268404 0.249816 0.231824 0.214494 0.197882 0.182039 0.167007 0.152823 0.139514 0.127105 0.115611 0.105044 0.0954107 0.0867136 0.0789522 0.0721234 0.0662225 0.0612437 0.0571808 0.054028 0.05178 0.0504329 
