0.00212044 0.00214546 0.00222069 0.00234673 0.00252452 0.00275536 0.00304088 0.00338296 0.00378374 0.00424553 0.00477077 0.00536194 0.0060215 0.00675181 0.00755506 0.00843318 0.00938775 0.0104199 0.0115303 0.012719 0.0139854 0.0153282 0.0167452 0.0182335 0.0197892 0.0214077 0.0230833 0.0248094 0.0265787 0.0283828 0.0302126 0.0320583 0.0339094 0.0357546 0.0375825 0.0393811 0.0411382 0.0428414 0.0444786 0.0460375 0.0475064 0.0488739 0.0501292 0.0512624 0.0522643 0.0531266 0.0538422 0.0544051 0.0548106 0.0550553 0.0551371 0.0550553 0.0548106 0.0544051 0.0538422 0.0531266 0.0522643 0.0512624 0.0501292 0.0488739 0.0475064 0.0460375 0.0444786 0.0428414 0.0411382 0.0393811 0.0375825 0.0357546 0.0339094 0.0320583 0.0302126 0.0283828 0.0265787 0.0248094 0.0230833 0.0214077 0.0197892 0.0182335 0.0167452 0.0153282 0.0139854 0.012719 0.0115303 0.0104199 0.00938775 0.00843318 0.00755506 0.00675181 0.0060215 0.00536194 0.00477077 0.00424553 0.00378374 0.00338296 0.00304088 0.00275536 0.00252452 0.00234673 0.00222069 0.00214546 
0.00214546 0.00217074 0.00224679 0.00237418 0.00255388 0.0027872 0.00307576 0.00342147 0.0038265 0.00429315 0.00482389 0.00542121 0.00608758 0.00682539 0.00763684 0.00852385 0.00948802 0.0105305 0.0116519 0.0128523 0.014131 0.0154868 0.0169174 0.0184199 0.0199903 0.021624 0.0233152 0.0250573 0.0268428 0.0286633 0.0305097 0.032372 0.0342396 0.0361012 0.0379452 0.0397596 0.041532 0.04325 0.0449012 0.0464735 0.047955 0.0493341 0.0506001 0.0517429 0.0527532 0.0536227 0.0543443 0.0549119 0.0553208 0.0555675 0.05565 0.0555675 0.0553208 0.0549119 0.0543443 0.0536227 0.0527532 0.0517429 0.0506001 0.0493341 0.047955 0.0464735 0.0449012 0.04325 0.041532 0.0397596 0.0379452 0.0361012 0.0342396 0.032372 0.0305097 0.0286633 0.0268428 0.0250573 0.0233152 0.021624 0.0199903 0.0184199 0.0169174 0.0154868 0.014131 0.0128523 0.0116519 0.0105305 0.00948802 0.00852385 0.00763684 0.00682539 0.00608758 0.00542121 0.00482389 0.00429315 0.0038265 0.00342147 0.00307576 0.0027872 0.00255388 0.00237418 0.00224679 0.00217074 
0.00222069 0.00224679 0.00232527 0.00245675 0.00264219 0.00288293 0.00318065 0.00353729 0.00395506 0.00443632 0.00498357 0.00559937 0.00628623 0.00704658 0.00788264 0.00879636 0.00978935 0.0108628 0.0120172 0.0132527 0.0145685 0.0159633 0.0174348 0.0189798 0.0205945 0.0222737 0.0240118 0.0258018 0.0276361 0.0295059 0.031402 0.0333141 0.0352313 0.037142 0.0390344 0.040896 0.0427144 0.0444767 0.0461703 0.0477827 0.0493018 0.0507158 0.0520137 0.0531852 0.0542208 0.0551121 0.0558517 0.0564334 0.0568525 0.0571053 0.0571899 0.0571053 0.0568525 0.0564334 0.0558517 0.0551121 0.0542208 0.0531852 0.0520137 0.0507158 0.0493018 0.0477827 0.0461703 0.0444767 0.0427144 0.040896 0.0390344 0.037142 0.0352313 0.0333141 0.031402 0.0295059 0.0276361 0.0258018 0.0240118 0.0222737 0.0205945 0.0189798 0.0174348 0.0159633 0.0145685 0.0132527 0.0120172 0.0108628 0.00978935 0.00879636 0.00788264 0.00704658 0.00628623 0.00559937 0.00498357 0.00443632 0.00395506 0.00353729 0.00318065 0.00288293 0.00264219 0.00245675 0.00232527 0.00224679 
0.00234673 0.00237418 0.00245675 0.00259504 0.00279008 0.00304325 0.00335629 0.00373121 0.00417028 0.00467596 0.00525084 0.00589753 0.00661864 0.00741665 0.00829384 0.0092522 0.0102934 0.0114184 0.0126281 0.0139221 0.0152999 0.0167599 0.0182996 0.0199157 0.0216041 0.0233595 0.0251757 0.0270457 0.0289613 0.0309135 0.0328925 0.0348876 0.0368875 0.0388801 0.0408531 0.0427936 0.0446885 0.0465247 0.0482888 0.0499681 0.05155 0.0530222 0.0543733 0.0555926 0.0566704 0.0575978 0.0583674 0.0589727 0.0594087 0.0596717 0.0597597 0.0596717 0.0594087 0.0589727 0.0583674 0.0575978 0.0566704 0.0555926 0.0543733 0.0530222 0.05155 0.0499681 0.0482888 0.0465247 0.0446885 0.0427936 0.0408531 0.0388801 0.0368875 0.0348876 0.0328925 0.0309135 0.0289613 0.0270457 0.0251757 0.0233595 0.0216041 0.0199157 0.0182996 0.0167599 0.0152999 0.0139221 0.0126281 0.0114184 0.0102934 0.0092522 0.00829384 0.00741665 0.00661864 0.00589753 0.00525084 0.00467596 0.00417028 0.00373121 0.00335629 0.00304325 0.00279008 0.00259504 0.00245675 0.00237418 
0.00252452 0.00255388 0.00264219 0.00279008 0.00299863 0.0032693 0.00360388 0.00400451 0.00447356 0.0050136 0.00562732 0.00631746 0.00708673 0.00793768 0.00887269 0.0098938 0.0110026 0.0122003 0.0134874 0.0148638 0.0163286 0.01788 0.0195155 0.0212314 0.0230233 0.0248854 0.0268114 0.0287934 0.0308231 0.0328907 0.0349859 0.0370973 0.0392131 0.0413205 0.0434064 0.0454573 0.0474595 0.049399 0.051262 0.0530349 0.0547045 0.0562581 0.0576836 0.0589699 0.0601067 0.0610847 0.0618962 0.0625344 0.0629941 0.0632715 0.0633642 0.0632715 0.0629941 0.0625344 0.0618962 0.0610847 0.0601067 0.0589699 0.0576836 0.0562581 0.0547045 0.0530349 0.051262 0.049399 0.0474595 0.0454573 0.0434064 0.0413205 0.0392131 0.0370973 0.0349859 0.0328907 0.0308231 0.0287934 0.0268114 0.0248854 0.0230233 0.0212314 0.0195155 0.01788 0.0163286 0.0148638 0.0134874 0.0122003 0.0110026 0.0098938 0.00887269 0.00793768 0.00708673 0.00631746 0.00562732 0.0050136 0.00447356 0.00400451 0.00360388 0.0032693 0.00299863 0.00279008 0.00264219 0.00255388 
0.00275536 0.0027872 0.00288293 0.00304325 0.0032693 0.0035626 0.00392508 0.00435898 0.00486682 0.0054513 0.00611527 0.0068616 0.00769313 0.00861253 0.00962227 0.0107244 0.0119207 0.0132122 0.0145994 0.016082 0.0176591 0.0193285 0.0210875 0.0229321 0.0248574 0.0268572 0.0289244 0.031051 0.0332275 0.0354437 0.0376885 0.0399497 0.0422146 0.0444697 0.0467009 0.0488938 0.0510338 0.0531062 0.0550962 0.0569895 0.0587719 0.0604301 0.0619512 0.0633235 0.064536 0.0655791 0.0664445 0.067125 0.067615 0.0679107 0.0680096 0.0679107 0.067615 0.067125 0.0664445 0.0655791 0.064536 0.0633235 0.0619512 0.0604301 0.0587719 0.0569895 0.0550962 0.0531062 0.0510338 0.0488938 0.0467009 0.0444697 0.0422146 0.0399497 0.0376885 0.0354437 0.0332275 0.031051 0.0289244 0.0268572 0.0248574 0.0229321 0.0210875 0.0193285 0.0176591 0.016082 0.0145994 0.0132122 0.0119207 0.0107244 0.00962227 0.00861253 0.00769313 0.0068616 0.00611527 0.0054513 0.00486682 0.00435898 0.00392508 0.0035626 0.0032693 0.00304325 0.00288293 0.0027872 
0.00304088 0.00307576 0.00318065 0.00335629 0.00360388 0.00392508 0.00432192 0.00479681 0.00535242 0.00599164 0.00671746 0.00753295 0.00844109 0.0094447 0.0105463 0.0117482 0.0130519 0.0144587 0.0159688 0.0175819 0.0192968 0.0211111 0.0230217 0.0250241 0.0271129 0.0292815 0.031522 0.0338254 0.0361819 0.0385801 0.041008 0.0434525 0.0458999 0.0483355 0.0507443 0.0531109 0.0554194 0.0576541 0.0597993 0.0618395 0.0637598 0.0655456 0.0671835 0.0686607 0.0699657 0.0710882 0.0720192 0.0727513 0.0732785 0.0735966 0.0737029 0.0735966 0.0732785 0.0727513 0.0720192 0.0710882 0.0699657 0.0686607 0.0671835 0.0655456 0.0637598 0.0618395 0.0597993 0.0576541 0.0554194 0.0531109 0.0507443 0.0483355 0.0458999 0.0434525 0.041008 0.0385801 0.0361819 0.0338254 0.031522 0.0292815 0.0271129 0.0250241 0.0230217 0.0211111 0.0192968 0.0175819 0.0159688 0.0144587 0.0130519 0.0117482 0.0105463 0.0094447 0.00844109 0.00753295 0.00671746 0.00599164 0.00535242 0.00479681 0.00432192 0.00392508 0.00360388 0.00335629 0.00318065 0.00307576 
0.00338296 0.00342147 0.00353729 0.00373121 0.00400451 0.00435898 0.00479681 0.00532058 0.00593314 0.00663758 0.00743712 0.008335 0.00933438 0.0104383 0.0116493 0.0129697 0.0144013 0.015945 0.0176013 0.0193695 0.0212481 0.0232344 0.0253249 0.0275146 0.0297975 0.0321661 0.0346118 0.037125 0.0396945 0.0423081 0.0449528 0.0476142 0.0502774 0.0529265 0.0555453 0.0581171 0.0606247 0.0630512 0.0653796 0.0675933 0.0696762 0.0716127 0.0733882 0.0749893 0.0764034 0.0776195 0.078628 0.0794209 0.0799919 0.0803363 0.0804514 0.0803363 0.0799919 0.0794209 0.078628 0.0776195 0.0764034 0.0749893 0.0733882 0.0716127 0.0696762 0.0675933 0.0653796 0.0630512 0.0606247 0.0581171 0.0555453 0.0529265 0.0502774 0.0476142 0.0449528 0.0423081 0.0396945 0.037125 0.0346118 0.0321661 0.0297975 0.0275146 0.0253249 0.0232344 0.0212481 0.0193695 0.0176013 0.015945 0.0144013 0.0129697 0.0116493 0.0104383 0.00933438 0.008335 0.00743712 0.00663758 0.00593314 0.00532058 0.00479681 0.00435898 0.00400451 0.00373121 0.00353729 0.00342147 
0.00378374 0.0038265 0.00395506 0.00417028 0.00447356 0.00486682 0.00535242 0.00593314 0.00661205 0.00739247 0.00827784 0.00927162 0.0103772 0.0115977 0.0129359 0.0143942 0.0159743 0.0176772 0.0195031 0.0214513 0.0235198 0.0257056 0.0280047 0.0304114 0.0329189 0.0355191 0.0382025 0.0409582 0.0437741 0.0466368 0.0495319 0.0524438 0.0553561 0.0582517 0.0611128 0.0639211 0.0666583 0.0693059 0.0718454 0.074259 0.0765291 0.0786391 0.0805732 0.0823167 0.0838564 0.0851802 0.0862778 0.0871407 0.0877619 0.0881367 0.0882619 0.0881367 0.0877619 0.0871407 0.0862778 0.0851802 0.0838564 0.0823167 0.0805732 0.0786391 0.0765291 0.074259 0.0718454 0.0693059 0.0666583 0.0639211 0.0611128 0.0582517 0.0553561 0.0524438 0.0495319 0.0466368 0.0437741 0.0409582 0.0382025 0.0355191 0.0329189 0.0304114 0.0280047 0.0257056 0.0235198 0.0214513 0.0195031 0.0176772 0.0159743 0.0143942 0.0129359 0.0115977 0.0103772 0.00927162 0.00827784 0.00739247 0.00661205 0.00593314 0.00535242 0.00486682 0.00447356 0.00417028 0.00395506 0.0038265 
0.00424553 0.00429315 0.00443632 0.00467596 0.0050136 0.0054513 0.00599164 0.00663758 0.00739247 0.00825986 0.00924345 0.0103469 0.0115739 0.0129277 0.0144113 0.016027 0.0177767 0.0196613 0.0216808 0.0238341 0.026119 0.0285321 0.0310686 0.0337223 0.0364855 0.0393491 0.0423025 0.0453337 0.0484294 0.0515748 0.0547539 0.0579499 0.0611447 0.0643196 0.067455 0.0705313 0.0735284 0.076426 0.0792044 0.0818439 0.0843257 0.0866318 0.0887449 0.0906494 0.0923308 0.0937762 0.0949745 0.0959163 0.0965944 0.0970034 0.0971401 0.0970034 0.0965944 0.0959163 0.0949745 0.0937762 0.0923308 0.0906494 0.0887449 0.0866318 0.0843257 0.0818439 0.0792044 0.076426 0.0735284 0.0705313 0.067455 0.0643196 0.0611447 0.0579499 0.0547539 0.0515748 0.0484294 0.0453337 0.0423025 0.0393491 0.0364855 0.0337223 0.0310686 0.0285321 0.026119 0.0238341 0.0216808 0.0196613 0.0177767 0.016027 0.0144113 0.0129277 0.0115739 0.0103469 0.00924345 0.00825986 0.00739247 0.00663758 0.00599164 0.0054513 0.0050136 0.00467596 0.00443632 0.00429315 
0.00477077 0.00482389 0.00498357 0.00525084 0.00562732 0.00611527 0.00671746 0.00743712 0.00827784 0.00924345 0.0103379 0.0115652 0.0129292 0.0144333 0.0160807 0.0178738 0.0198145 0.0219035 0.0241407 0.0265247 0.029053 0.0317214 0.0345245 0.0374553 0.0405052 0.043664 0.04692 0.0502598 0.0536686 0.0571303 0.0606272 0.0641407 0.0676511 0.0711377 0.0745795 0.0779547 0.0812415 0.084418 0.0874625 0.0903538 0.0930714 0.0955957 0.0979083 0.0999919 0.101831 0.103412 0.104722 0.105751 0.106493 0.10694 0.107089 0.10694 0.106493 0.105751 0.104722 0.103412 0.101831 0.0999919 0.0979083 0.0955957 0.0930714 0.0903538 0.0874625 0.084418 0.0812415 0.0779547 0.0745795 0.0711377 0.0676511 0.0641407 0.0606272 0.0571303 0.0536686 0.0502598 0.04692 0.043664 0.0405052 0.0374553 0.0345245 0.0317214 0.029053 0.0265247 0.0241407 0.0219035 0.0198145 0.0178738 0.0160807 0.0144333 0.0129292 0.0115652 0.0103379 0.00924345 0.00827784 0.00743712 0.00671746 0.00611527 0.00562732 0.00525084 0.00498357 0.00482389 
0.00536194 0.00542121 0.00559937 0.00589753 0.00631746 0.0068616 0.00753295 0.008335 0.00927162 0.0103469 0.0115652 0.0129307 0.0144475 0.0161192 0.0179492 0.01994 0.0220933 0.0244099 0.0268893 0.0295298 0.0323283 0.0352803 0.0383793 0.0416176 0.0449854 0.0484713 0.0520624 0.0557438 0.0594991 0.0633104 0.0671585 0.0710227 0.0748814 0.0787122 0.0824918 0.0861966 0.0898027 0.0932863 0.0966238 0.0997922 0.102769 0.105534 0.108065 0.110346 0.112358 0.114087 0.115521 0.116647 0.117457 0.117946 0.11811 0.117946 0.117457 0.116647 0.115521 0.114087 0.112358 0.110346 0.108065 0.105534 0.102769 0.0997922 0.0966238 0.0932863 0.0898027 0.0861966 0.0824918 0.0787122 0.0748814 0.0710227 0.0671585 0.0633104 0.0594991 0.0557438 0.0520624 0.0484713 0.0449854 0.0416176 0.0383793 0.0352803 0.0323283 0.0295298 0.0268893 0.0244099 0.0220933 0.01994 0.0179492 0.0161192 0.0144475 0.0129307 0.0115652 0.0103469 0.00927162 0.008335 0.00753295 0.0068616 0.00631746 0.00589753 0.00559937 0.00542121 
0.0060215 0.00608758 0.00628623 0.00661864 0.00708673 0.00769313 0.00844109 0.00933438 0.0103772 0.0115739 0.0129292 0.0144475 0.0161331 0.0179901 0.0200217 0.0222306 0.0246185 0.0271859 0.0299322 0.0328552 0.0359513 0.039215 0.0426394 0.0462154 0.0499322 0.0537772 0.0577358 0.0617916 0.0659264 0.0701206 0.0743528 0.0786005 0.08284 0.0870466 0.091195 0.0952594 0.0992138 0.103032 0.106689 0.110159 0.113419 0.116444 0.119215 0.121709 0.12391 0.125801 0.127368 0.128599 0.129485 0.130019 0.130198 0.130019 0.129485 0.128599 0.127368 0.125801 0.12391 0.121709 0.119215 0.116444 0.113419 0.110159 0.106689 0.103032 0.0992138 0.0952594 0.091195 0.0870466 0.08284 0.0786005 0.0743528 0.0701206 0.0659264 0.0617916 0.0577358 0.0537772 0.0499322 0.0462154 0.0426394 0.039215 0.0359513 0.0328552 0.0299322 0.0271859 0.0246185 0.0222306 0.0200217 0.0179901 0.0161331 0.0144475 0.0129292 0.0115739 0.0103772 0.00933438 0.00844109 0.00769313 0.00708673 0.00661864 0.00628623 0.00608758 
0.00675181 0.00682539 0.00704658 0.00741665 0.00793768 0.00861253 0.0094447 0.0104383 0.0115977 0.0129277 0.0144333 0.0161192 0.0179901 0.02005 0.0223025 0.0247502 0.0273948 0.0302365 0.0332744 0.0365059 0.0399267 0.0435307 0.0473097 0.0512537 0.0553506 0.0595862 0.0639444 0.068407 0.072954 0.0775636 0.0822126 0.086876 0.0915281 0.0961417 0.100689 0.105143 0.109473 0.113654 0.117655 0.121451 0.125016 0.128323 0.13135 0.134076 0.13648 0.138545 0.140256 0.1416 0.142567 0.14315 0.143345 0.14315 0.142567 0.1416 0.140256 0.138545 0.13648 0.134076 0.13135 0.128323 0.125016 0.121451 0.117655 0.113654 0.109473 0.105143 0.100689 0.0961417 0.0915281 0.086876 0.0822126 0.0775636 0.072954 0.068407 0.0639444 0.0595862 0.0553506 0.0512537 0.0473097 0.0435307 0.0399267 0.0365059 0.0332744 0.0302365 0.0273948 0.0247502 0.0223025 0.02005 0.0179901 0.0161192 0.0144333 0.0129277 0.0115977 0.0104383 0.0094447 0.00861253 0.00793768 0.00741665 0.00704658 0.00682539 
0.00755506 0.00763684 0.00788264 0.00829384 0.00887269 0.00962227 0.0105463 0.0116493 0.0129359 0.0144113 0.0160807 0.0179492 0.0200217 0.0223025 0.0247952 0.0275025 0.0304258 0.0335654 0.0369197 0.0404857 0.0442584 0.0482307 0.0523935 0.0567354 0.061243 0.0659005 0.07069 0.0755914 0.0805827 0.0856398 0.0907373 0.095848 0.100943 0.105994 0.11097 0.115841 0.120576 0.125144 0.129515 0.13366 0.137551 0.14116 0.144462 0.147434 0.150055 0.152306 0.154171 0.155635 0.156689 0.157325 0.157537 0.157325 0.156689 0.155635 0.154171 0.152306 0.150055 0.147434 0.144462 0.14116 0.137551 0.13366 0.129515 0.125144 0.120576 0.115841 0.11097 0.105994 0.100943 0.095848 0.0907373 0.0856398 0.0805827 0.0755914 0.07069 0.0659005 0.061243 0.0567354 0.0523935 0.0482307 0.0442584 0.0404857 0.0369197 0.0335654 0.0304258 0.0275025 0.0247952 0.0223025 0.0200217 0.0179492 0.0160807 0.0144113 0.0129359 0.0116493 0.0105463 0.00962227 0.00887269 0.00829384 0.00788264 0.00763684 
0.00843318 0.00852385 0.00879636 0.0092522 0.0098938 0.0107244 0.0117482 0.0129697 0.0143942 0.016027 0.0178738 0.01994 0.0222306 0.0247502 0.0275025 0.0304901 0.0337143 0.037175 0.0408704 0.0447968 0.0489482 0.0533167 0.057892 0.0626615 0.0676099 0.07272 0.0779717 0.0833431 0.0888099 0.0943458 0.0999228 0.105511 0.11108 0.116597 0.12203 0.127346 0.132511 0.137491 0.142255 0.146771 0.151008 0.154938 0.158532 0.161767 0.164618 0.167066 0.169094 0.170686 0.171832 0.172523 0.172753 0.172523 0.171832 0.170686 0.169094 0.167066 0.164618 0.161767 0.158532 0.154938 0.151008 0.146771 0.142255 0.137491 0.132511 0.127346 0.12203 0.116597 0.11108 0.105511 0.0999228 0.0943458 0.0888099 0.0833431 0.0779717 0.07272 0.0676099 0.0626615 0.057892 0.0533167 0.0489482 0.0447968 0.0408704 0.037175 0.0337143 0.0304901 0.0275025 0.0247502 0.0222306 0.01994 0.0178738 0.016027 0.0143942 0.0129697 0.0117482 0.0107244 0.0098938 0.0092522 0.00879636 0.00852385 
0.00938775 0.00948802 0.00978935 0.0102934 0.0110026 0.0119207 0.0130519 0.0144013 0.0159743 0.0177767 0.0198145 0.0220933 0.0246185 0.0273948 0.0304258 0.0337143 0.0372613 0.0410664 0.0451272 0.0494393 0.053996 0.0587881 0.0638042 0.06903 0.0744487 0.0800411 0.0857853 0.091657 0.0976296 0.103674 0.10976 0.115856 0.121927 0.127939 0.133856 0.139642 0.145261 0.150678 0.155858 0.160765 0.165368 0.169636 0.173538 0.177048 0.180142 0.182798 0.184998 0.186725 0.187967 0.188716 0.188967 0.188716 0.187967 0.186725 0.184998 0.182798 0.180142 0.177048 0.173538 0.169636 0.165368 0.160765 0.155858 0.150678 0.145261 0.139642 0.133856 0.127939 0.121927 0.115856 0.10976 0.103674 0.0976296 0.091657 0.0857853 0.0800411 0.0744487 0.06903 0.0638042 0.0587881 0.053996 0.0494393 0.0451272 0.0410664 0.0372613 0.0337143 0.0304258 0.0273948 0.0246185 0.0220933 0.0198145 0.0177767 0.0159743 0.0144013 0.0130519 0.0119207 0.0110026 0.0102934 0.00978935 0.00948802 
0.0104199 0.0105305 0.0108628 0.0114184 0.0122003 0.0132122 0.0144587 0.015945 0.0176772 0.0196613 0.0219035 0.0244099 0.0271859 0.0302365 0.0335654 0.037175 0.0410664 0.0452386 0.0496887 0.0544115 0.0593992 0.0646417 0.0701259 0.075836 0.0817536 0.0878572 0.0941229 0.100524 0.107031 0.113614 0.120237 0.126868 0.133468 0.14 0.146427 0.152708 0.158806 0.164681 0.170296 0.175615 0.180602 0.185223 0.189448 0.193248 0.196596 0.19947 0.201849 0.203717 0.20506 0.20587 0.206141 0.20587 0.20506 0.203717 0.201849 0.19947 0.196596 0.193248 0.189448 0.185223 0.180602 0.175615 0.170296 0.164681 0.158806 0.152708 0.146427 0.14 0.133468 0.126868 0.120237 0.113614 0.107031 0.100524 0.0941229 0.0878572 0.0817536 0.075836 0.0701259 0.0646417 0.0593992 0.0544115 0.0496887 0.0452386 0.0410664 0.037175 0.0335654 0.0302365 0.0271859 0.0244099 0.0219035 0.0196613 0.0176772 0.015945 0.0144587 0.0132122 0.0122003 0.0114184 0.0108628 0.0105305 
0.0115303 0.0116519 0.0120172 0.0126281 0.0134874 0.0145994 0.0159688 0.0176013 0.0195031 0.0216808 0.0241407 0.0268893 0.0299322 0.0332744 0.0369197 0.0408704 0.0451272 0.0496887 0.0545513 0.0597089 0.0651527 0.0708713 0.07685 0.0830714 0.0895151 0.0961575 0.102972 0.10993 0.117 0.124147 0.131335 0.138527 0.145681 0.152759 0.159719 0.166518 0.173116 0.17947 0.18554 0.191287 0.196674 0.201665 0.206226 0.210326 0.213939 0.217039 0.219605 0.221619 0.223068 0.223941 0.224233 0.223941 0.223068 0.221619 0.219605 0.217039 0.213939 0.210326 0.206226 0.201665 0.196674 0.191287 0.18554 0.17947 0.173116 0.166518 0.159719 0.152759 0.145681 0.138527 0.131335 0.124147 0.117 0.10993 0.102972 0.0961575 0.0895151 0.0830714 0.07685 0.0708713 0.0651527 0.0597089 0.0545513 0.0496887 0.0451272 0.0408704 0.0369197 0.0332744 0.0299322 0.0268893 0.0241407 0.0216808 0.0195031 0.0176013 0.0159688 0.0145994 0.0134874 0.0126281 0.0120172 0.0116519 
0.012719 0.0128523 0.0132527 0.0139221 0.0148638 0.016082 0.0175819 0.0193695 0.0214513 0.0238341 0.0265247 0.0295298 0.0328552 0.0365059 0.0404857 0.0447968 0.0494393 0.0544115 0.0597089 0.0653245 0.0712484 0.0774677 0.0839661 0.0907245 0.0977201 0.104927 0.112317 0.119858 0.127516 0.135253 0.14303 0.150807 0.15854 0.166186 0.173701 0.181038 0.188155 0.195006 0.201549 0.207741 0.213542 0.218915 0.223824 0.228236 0.232122 0.235456 0.238215 0.240381 0.241938 0.242877 0.243191 0.242877 0.241938 0.240381 0.238215 0.235456 0.232122 0.228236 0.223824 0.218915 0.213542 0.207741 0.201549 0.195006 0.188155 0.181038 0.173701 0.166186 0.15854 0.150807 0.14303 0.135253 0.127516 0.119858 0.112317 0.104927 0.0977201 0.0907245 0.0839661 0.0774677 0.0712484 0.0653245 0.0597089 0.0544115 0.0494393 0.0447968 0.0404857 0.0365059 0.0328552 0.0295298 0.0265247 0.0238341 0.0214513 0.0193695 0.0175819 0.016082 0.0148638 0.0139221 0.0132527 0.0128523 
0.0139854 0.014131 0.0145685 0.0152999 0.0163286 0.0176591 0.0192968 0.0212481 0.0235198 0.026119 0.029053 0.0323283 0.0359513 0.0399267 0.0442584 0.0489482 0.053996 0.0593992 0.0651527 0.0712484 0.0776751 0.0844183 0.0914602 0.0987794 0.106351 0.114148 0.122137 0.130285 0.138554 0.146905 0.155294 0.163678 0.172011 0.180245 0.188334 0.196228 0.203882 0.211246 0.218276 0.224927 0.231155 0.236922 0.242189 0.246922 0.251089 0.254664 0.257621 0.259943 0.261612 0.262618 0.262954 0.262618 0.261612 0.259943 0.257621 0.254664 0.251089 0.246922 0.242189 0.236922 0.231155 0.224927 0.218276 0.211246 0.203882 0.196228 0.188334 0.180245 0.172011 0.163678 0.155294 0.146905 0.138554 0.130285 0.122137 0.114148 0.106351 0.0987794 0.0914602 0.0844183 0.0776751 0.0712484 0.0651527 0.0593992 0.053996 0.0489482 0.0442584 0.0399267 0.0359513 0.0323283 0.029053 0.026119 0.0235198 0.0212481 0.0192968 0.0176591 0.0163286 0.0152999 0.0145685 0.014131 
0.0153282 0.0154868 0.0159633 0.0167599 0.01788 0.0193285 0.0211111 0.0232344 0.0257056 0.0285321 0.0317214 0.0352803 0.039215 0.0435307 0.0482307 0.0533167 0.0587881 0.0646417 0.0708713 0.0774677 0.0844183 0.0917072 0.0993144 0.107217 0.115387 0.123795 0.132406 0.141182 0.150085 0.159069 0.168091 0.177102 0.186053 0.194893 0.203573 0.212041 0.220246 0.228138 0.235668 0.242789 0.249456 0.255626 0.26126 0.266321 0.270776 0.274596 0.277757 0.280237 0.28202 0.283095 0.283454 0.283095 0.28202 0.280237 0.277757 0.274596 0.270776 0.266321 0.26126 0.255626 0.249456 0.242789 0.235668 0.228138 0.220246 0.212041 0.203573 0.194893 0.186053 0.177102 0.168091 0.159069 0.150085 0.141182 0.132406 0.123795 0.115387 0.107217 0.0993144 0.0917072 0.0844183 0.0774677 0.0708713 0.0646417 0.0587881 0.0533167 0.0482307 0.0435307 0.039215 0.0352803 0.0317214 0.0285321 0.0257056 0.0232344 0.0211111 0.0193285 0.01788 0.0167599 0.0159633 0.0154868 
0.0167452 0.0169174 0.0174348 0.0182996 0.0195155 0.0210875 0.0230217 0.0253249 0.0280047 0.0310686 0.0345245 0.0383793 0.0426394 0.0473097 0.0523935 0.057892 0.0638042 0.0701259 0.07685 0.0839661 0.0914602 0.0993144 0.107507 0.116013 0.124801 0.13384 0.143092 0.152517 0.162072 0.171709 0.18138 0.191035 0.20062 0.210083 0.219369 0.228423 0.237192 0.245623 0.253664 0.261265 0.268378 0.274959 0.280966 0.286361 0.291109 0.29518 0.298546 0.301188 0.303087 0.304232 0.304614 0.304232 0.303087 0.301188 0.298546 0.29518 0.291109 0.286361 0.280966 0.274959 0.268378 0.261265 0.253664 0.245623 0.237192 0.228423 0.219369 0.210083 0.20062 0.191035 0.18138 0.171709 0.162072 0.152517 0.143092 0.13384 0.124801 0.116013 0.107507 0.0993144 0.0914602 0.0839661 0.07685 0.0701259 0.0638042 0.057892 0.0523935 0.0473097 0.0426394 0.0383793 0.0345245 0.0310686 0.0280047 0.0253249 0.0230217 0.0210875 0.0195155 0.0182996 0.0174348 0.0169174 
0.0182335 0.0184199 0.0189798 0.0199157 0.0212314 0.0229321 0.0250241 0.0275146 0.0304114 0.0337223 0.0374553 0.0416176 0.0462154 0.0512537 0.0567354 0.0626615 0.06903 0.075836 0.0830714 0.0907245 0.0987794 0.107217 0.116013 0.125139 0.134564 0.144252 0.154162 0.164252 0.174474 0.18478 0.195116 0.205428 0.215662 0.225758 0.235661 0.245313 0.254656 0.263635 0.272194 0.280282 0.287849 0.294846 0.301232 0.306965 0.312009 0.316332 0.319908 0.322712 0.324729 0.325943 0.326349 0.325943 0.324729 0.322712 0.319908 0.316332 0.312009 0.306965 0.301232 0.294846 0.287849 0.280282 0.272194 0.263635 0.254656 0.245313 0.235661 0.225758 0.215662 0.205428 0.195116 0.18478 0.174474 0.164252 0.154162 0.144252 0.134564 0.125139 0.116013 0.107217 0.0987794 0.0907245 0.0830714 0.075836 0.06903 0.0626615 0.0567354 0.0512537 0.0462154 0.0416176 0.0374553 0.0337223 0.0304114 0.0275146 0.0250241 0.0229321 0.0212314 0.0199157 0.0189798 0.0184199 
0.0197892 0.0199903 0.0205945 0.0216041 0.0230233 0.0248574 0.0271129 0.0297975 0.0329189 0.0364855 0.0405052 0.0449854 0.0499322 0.0553506 0.061243 0.0676099 0.0744487 0.0817536 0.0895151 0.0977201 0.106351 0.115387 0.124801 0.134564 0.14464 0.154991 0.165575 0.176343 0.187247 0.198233 0.209245 0.220227 0.231118 0.241859 0.252388 0.262644 0.272568 0.282101 0.291185 0.299764 0.307788 0.315206 0.321972 0.328046 0.333388 0.337966 0.341751 0.34472 0.346854 0.348139 0.348569 0.348139 0.346854 0.34472 0.341751 0.337966 0.333388 0.328046 0.321972 0.315206 0.307788 0.299764 0.291185 0.282101 0.272568 0.262644 0.252388 0.241859 0.231118 0.220227 0.209245 0.198233 0.187247 0.176343 0.165575 0.154991 0.14464 0.134564 0.124801 0.115387 0.106351 0.0977201 0.0895151 0.0817536 0.0744487 0.0676099 0.061243 0.0553506 0.0499322 0.0449854 0.0405052 0.0364855 0.0329189 0.0297975 0.0271129 0.0248574 0.0230233 0.0216041 0.0205945 0.0199903 
0.0214077 0.021624 0.0222737 0.0233595 0.0248854 0.0268572 0.0292815 0.0321661 0.0355191 0.0393491 0.043664 0.0484713 0.0537772 0.0595862 0.0659005 0.07272 0.0800411 0.0878572 0.0961575 0.104927 0.114148 0.123795 0.13384 0.144252 0.154991 0.166018 0.177285 0.188743 0.200338 0.212014 0.223712 0.23537 0.246927 0.258317 0.269478 0.280344 0.290853 0.300943 0.310554 0.319628 0.32811 0.335949 0.343098 0.349512 0.355152 0.359985 0.36398 0.367113 0.369364 0.370721 0.371174 0.370721 0.369364 0.367113 0.36398 0.359985 0.355152 0.349512 0.343098 0.335949 0.32811 0.319628 0.310554 0.300943 0.290853 0.280344 0.269478 0.258317 0.246927 0.23537 0.223712 0.212014 0.200338 0.188743 0.177285 0.166018 0.154991 0.144252 0.13384 0.123795 0.114148 0.104927 0.0961575 0.0878572 0.0800411 0.07272 0.0659005 0.0595862 0.0537772 0.0484713 0.043664 0.0393491 0.0355191 0.0321661 0.0292815 0.0268572 0.0248854 0.0233595 0.0222737 0.021624 
0.0230833 0.0233152 0.0240118 0.0251757 0.0268114 0.0289244 0.031522 0.0346118 0.0382025 0.0423025 0.04692 0.0520624 0.0577358 0.0639444 0.07069 0.0779717 0.0857853 0.0941229 0.102972 0.112317 0.122137 0.132406 0.143092 0.154162 0.165575 0.177285 0.189244 0.201398 0.213692 0.226064 0.238453 0.250793 0.263019 0.275062 0.286857 0.298335 0.30943 0.320078 0.330215 0.339783 0.348723 0.356983 0.364512 0.371266 0.377204 0.38229 0.386493 0.389789 0.392158 0.393585 0.394061 0.393585 0.392158 0.389789 0.386493 0.38229 0.377204 0.371266 0.364512 0.356983 0.348723 0.339783 0.330215 0.320078 0.30943 0.298335 0.286857 0.275062 0.263019 0.250793 0.238453 0.226064 0.213692 0.201398 0.189244 0.177285 0.165575 0.154162 0.143092 0.132406 0.122137 0.112317 0.102972 0.0941229 0.0857853 0.0779717 0.07069 0.0639444 0.0577358 0.0520624 0.04692 0.0423025 0.0382025 0.0346118 0.031522 0.0289244 0.0268114 0.0251757 0.0240118 0.0233152 
0.0248094 0.0250573 0.0258018 0.0270457 0.0287934 0.031051 0.0338254 0.037125 0.0409582 0.0453337 0.0502598 0.0557438 0.0617916 0.068407 0.0755914 0.0833431 0.091657 0.100524 0.10993 0.119858 0.130285 0.141182 0.152517 0.164252 0.176343 0.188743 0.201398 0.214254 0.227249 0.240321 0.253402 0.266425 0.27932 0.292017 0.304445 0.316533 0.328212 0.339416 0.350078 0.360136 0.369531 0.378208 0.386115 0.393205 0.399438 0.404774 0.409185 0.412642 0.415126 0.416623 0.417122 0.416623 0.415126 0.412642 0.409185 0.404774 0.399438 0.393205 0.386115 0.378208 0.369531 0.360136 0.350078 0.339416 0.328212 0.316533 0.304445 0.292017 0.27932 0.266425 0.253402 0.240321 0.227249 0.214254 0.201398 0.188743 0.176343 0.164252 0.152517 0.141182 0.130285 0.119858 0.10993 0.100524 0.091657 0.0833431 0.0755914 0.068407 0.0617916 0.0557438 0.0502598 0.0453337 0.0409582 0.037125 0.0338254 0.031051 0.0287934 0.0270457 0.0258018 0.0250573 
0.0265787 0.0268428 0.0276361 0.0289613 0.0308231 0.0332275 0.0361819 0.0396945 0.0437741 0.0484294 0.0536686 0.0594991 0.0659264 0.072954 0.0805827 0.0888099 0.0976296 0.107031 0.117 0.127516 0.138554 0.150085 0.162072 0.174474 0.187247 0.200338 0.213692 0.227249 0.240946 0.254716 0.268488 0.282192 0.295754 0.309101 0.322158 0.334852 0.347111 0.358865 0.370046 0.380589 0.390434 0.399523 0.407802 0.415225 0.421747 0.427331 0.431944 0.43556 0.438158 0.439723 0.440245 0.439723 0.438158 0.43556 0.431944 0.427331 0.421747 0.415225 0.407802 0.399523 0.390434 0.380589 0.370046 0.358865 0.347111 0.334852 0.322158 0.309101 0.295754 0.282192 0.268488 0.254716 0.240946 0.227249 0.213692 0.200338 0.187247 0.174474 0.162072 0.150085 0.138554 0.127516 0.117 0.107031 0.0976296 0.0888099 0.0805827 0.072954 0.0659264 0.0594991 0.0536686 0.0484294 0.0437741 0.0396945 0.0361819 0.0332275 0.0308231 0.0289613 0.0276361 0.0268428 
0.0283828 0.0286633 0.0295059 0.0309135 0.0328907 0.0354437 0.0385801 0.0423081 0.0466368 0.0515748 0.0571303 0.0633104 0.0701206 0.0775636 0.0856398 0.0943458 0.103674 0.113614 0.124147 0.135253 0.146905 0.159069 0.171709 0.18478 0.198233 0.212014 0.226064 0.240321 0.254716 0.269179 0.283638 0.298017 0.31224 0.32623 0.339909 0.353201 0.366032 0.378329 0.390021 0.401042 0.411328 0.420821 0.429467 0.437214 0.444021 0.449847 0.454659 0.45843 0.46114 0.462771 0.463316 0.462771 0.46114 0.45843 0.454659 0.449847 0.444021 0.437214 0.429467 0.420821 0.411328 0.401042 0.390021 0.378329 0.366032 0.353201 0.339909 0.32623 0.31224 0.298017 0.283638 0.269179 0.254716 0.240321 0.226064 0.212014 0.198233 0.18478 0.171709 0.159069 0.146905 0.135253 0.124147 0.113614 0.103674 0.0943458 0.0856398 0.0775636 0.0701206 0.0633104 0.0571303 0.0515748 0.0466368 0.0423081 0.0385801 0.0354437 0.0328907 0.0309135 0.0295059 0.0286633 
0.0302126 0.0305097 0.031402 0.0328925 0.0349859 0.0376885 0.041008 0.0449528 0.0495319 0.0547539 0.0606272 0.0671585 0.0743528 0.0822126 0.0907373 0.0999228 0.10976 0.120237 0.131335 0.14303 0.155294 0.168091 0.18138 0.195116 0.209245 0.223712 0.238453 0.253402 0.268488 0.283638 0.298775 0.313821 0.328695 0.343317 0.357608 0.371489 0.384881 0.39771 0.409903 0.421391 0.432109 0.441997 0.450999 0.459065 0.466148 0.472209 0.477215 0.481138 0.483956 0.485652 0.486219 0.485652 0.483956 0.481138 0.477215 0.472209 0.466148 0.459065 0.450999 0.441997 0.432109 0.421391 0.409903 0.39771 0.384881 0.371489 0.357608 0.343317 0.328695 0.313821 0.298775 0.283638 0.268488 0.253402 0.238453 0.223712 0.209245 0.195116 0.18138 0.168091 0.155294 0.14303 0.131335 0.120237 0.10976 0.0999228 0.0907373 0.0822126 0.0743528 0.0671585 0.0606272 0.0547539 0.0495319 0.0449528 0.041008 0.0376885 0.0349859 0.0328925 0.031402 0.0305097 
0.0320583 0.032372 0.0333141 0.0348876 0.0370973 0.0399497 0.0434525 0.0476142 0.0524438 0.0579499 0.0641407 0.0710227 0.0786005 0.086876 0.095848 0.105511 0.115856 0.126868 0.138527 0.150807 0.163678 0.177102 0.191035 0.205428 0.220227 0.23537 0.250793 0.266425 0.282192 0.298017 0.313821 0.32952 0.345033 0.360276 0.375166 0.389621 0.403561 0.416908 0.429589 0.441532 0.45267 0.462942 0.472291 0.480664 0.488016 0.494306 0.499499 0.503568 0.50649 0.50825 0.508838 0.50825 0.50649 0.503568 0.499499 0.494306 0.488016 0.480664 0.472291 0.462942 0.45267 0.441532 0.429589 0.416908 0.403561 0.389621 0.375166 0.360276 0.345033 0.32952 0.313821 0.298017 0.282192 0.266425 0.250793 0.23537 0.220227 0.205428 0.191035 0.177102 0.163678 0.150807 0.138527 0.126868 0.115856 0.105511 0.095848 0.086876 0.0786005 0.0710227 0.0641407 0.0579499 0.0524438 0.0476142 0.0434525 0.0399497 0.0370973 0.0348876 0.0333141 0.032372 
0.0339094 0.0342396 0.0352313 0.0368875 0.0392131 0.0422146 0.0458999 0.0502774 0.0553561 0.0611447 0.0676511 0.0748814 0.08284 0.0915281 0.100943 0.11108 0.121927 0.133468 0.145681 0.15854 0.172011 0.186053 0.20062 0.215662 0.231118 0.246927 0.263019 0.27932 0.295754 0.31224 0.328695 0.345033 0.361169 0.377016 0.392489 0.407502 0.421974 0.435825 0.448979 0.461362 0.472906 0.483549 0.493232 0.501902 0.509513 0.516022 0.521396 0.525606 0.528629 0.53045 0.531057 0.53045 0.528629 0.525606 0.521396 0.516022 0.509513 0.501902 0.493232 0.483549 0.472906 0.461362 0.448979 0.435825 0.421974 0.407502 0.392489 0.377016 0.361169 0.345033 0.328695 0.31224 0.295754 0.27932 0.263019 0.246927 0.231118 0.215662 0.20062 0.186053 0.172011 0.15854 0.145681 0.133468 0.121927 0.11108 0.100943 0.0915281 0.08284 0.0748814 0.0676511 0.0611447 0.0553561 0.0502774 0.0458999 0.0422146 0.0392131 0.0368875 0.0352313 0.0342396 
0.0357546 0.0361012 0.037142 0.0388801 0.0413205 0.0444697 0.0483355 0.0529265 0.0582517 0.0643196 0.0711377 0.0787122 0.0870466 0.0961417 0.105994 0.116597 0.127939 0.14 0.152759 0.166186 0.180245 0.194893 0.210083 0.225758 0.241859 0.258317 0.275062 0.292017 0.309101 0.32623 0.343317 0.360276 0.377016 0.393448 0.409485 0.425039 0.440025 0.454361 0.46797 0.480777 0.492712 0.503711 0.513715 0.52267 0.530528 0.537249 0.542795 0.54714 0.550259 0.552138 0.552765 0.552138 0.550259 0.54714 0.542795 0.537249 0.530528 0.52267 0.513715 0.503711 0.492712 0.480777 0.46797 0.454361 0.440025 0.425039 0.409485 0.393448 0.377016 0.360276 0.343317 0.32623 0.309101 0.292017 0.275062 0.258317 0.241859 0.225758 0.210083 0.194893 0.180245 0.166186 0.152759 0.14 0.127939 0.116597 0.105994 0.0961417 0.0870466 0.0787122 0.0711377 0.0643196 0.0582517 0.0529265 0.0483355 0.0444697 0.0413205 0.0388801 0.037142 0.0361012 
0.0375825 0.0379452 0.0390344 0.0408531 0.0434064 0.0467009 0.0507443 0.0555453 0.0611128 0.067455 0.0745795 0.0824918 0.091195 0.100689 0.11097 0.12203 0.133856 0.146427 0.159719 0.173701 0.188334 0.203573 0.219369 0.235661 0.252388 0.269478 0.286857 0.304445 0.322158 0.339909 0.357608 0.375166 0.392489 0.409485 0.426064 0.442137 0.457616 0.472418 0.486463 0.499675 0.511984 0.523324 0.533634 0.54286 0.550955 0.557876 0.563587 0.56806 0.571271 0.573204 0.573849 0.573204 0.571271 0.56806 0.563587 0.557876 0.550955 0.54286 0.533634 0.523324 0.511984 0.499675 0.486463 0.472418 0.457616 0.442137 0.426064 0.409485 0.392489 0.375166 0.357608 0.339909 0.322158 0.304445 0.286857 0.269478 0.252388 0.235661 0.219369 0.203573 0.188334 0.173701 0.159719 0.146427 0.133856 0.12203 0.11097 0.100689 0.091195 0.0824918 0.0745795 0.067455 0.0611128 0.0555453 0.0507443 0.0467009 0.0434064 0.0408531 0.0390344 0.0379452 
0.0393811 0.0397596 0.040896 0.0427936 0.0454573 0.0488938 0.0531109 0.0581171 0.0639211 0.0705313 0.0779547 0.0861966 0.0952594 0.105143 0.115841 0.127346 0.139642 0.152708 0.166518 0.181038 0.196228 0.212041 0.228423 0.245313 0.262644 0.280344 0.298335 0.316533 0.334852 0.353201 0.371489 0.389621 0.407502 0.425039 0.442137 0.458705 0.474655 0.489901 0.504362 0.51796 0.530623 0.542286 0.552886 0.56237 0.570689 0.577799 0.583666 0.58826 0.591557 0.593543 0.594205 0.593543 0.591557 0.58826 0.583666 0.577799 0.570689 0.56237 0.552886 0.542286 0.530623 0.51796 0.504362 0.489901 0.474655 0.458705 0.442137 0.425039 0.407502 0.389621 0.371489 0.353201 0.334852 0.316533 0.298335 0.280344 0.262644 0.245313 0.228423 0.212041 0.196228 0.181038 0.166518 0.152708 0.139642 0.127346 0.115841 0.105143 0.0952594 0.0861966 0.0779547 0.0705313 0.0639211 0.0581171 0.0531109 0.0488938 0.0454573 0.0427936 0.040896 0.0397596 
0.0411382 0.041532 0.0427144 0.0446885 0.0474595 0.0510338 0.0554194 0.0606247 0.0666583 0.0735284 0.0812415 0.0898027 0.0992138 0.109473 0.120576 0.132511 0.145261 0.158806 0.173116 0.188155 0.203882 0.220246 0.237192 0.254656 0.272568 0.290853 0.30943 0.328212 0.347111 0.366032 0.384881 0.403561 0.421974 0.440025 0.457616 0.474655 0.491052 0.506718 0.521572 0.535534 0.548533 0.5605 0.571374 0.5811 0.589629 0.596918 0.602931 0.607639 0.611018 0.613052 0.613731 0.613052 0.611018 0.607639 0.602931 0.596918 0.589629 0.5811 0.571374 0.5605 0.548533 0.535534 0.521572 0.506718 0.491052 0.474655 0.457616 0.440025 0.421974 0.403561 0.384881 0.366032 0.347111 0.328212 0.30943 0.290853 0.272568 0.254656 0.237192 0.220246 0.203882 0.188155 0.173116 0.158806 0.145261 0.132511 0.120576 0.109473 0.0992138 0.0898027 0.0812415 0.0735284 0.0666583 0.0606247 0.0554194 0.0510338 0.0474595 0.0446885 0.0427144 0.041532 
0.0428414 0.04325 0.0444767 0.0465247 0.049399 0.0531062 0.0576541 0.0630512 0.0693059 0.076426 0.084418 0.0932863 0.103032 0.113654 0.125144 0.137491 0.150678 0.164681 0.17947 0.195006 0.211246 0.228138 0.245623 0.263635 0.282101 0.300943 0.320078 0.339416 0.358865 0.378329 0.39771 0.416908 0.435825 0.454361 0.472418 0.489901 0.506718 0.52278 0.538003 0.552308 0.565621 0.577873 0.589004 0.598957 0.607682 0.615138 0.621287 0.626101 0.629555 0.631635 0.632329 0.631635 0.629555 0.626101 0.621287 0.615138 0.607682 0.598957 0.589004 0.577873 0.565621 0.552308 0.538003 0.52278 0.506718 0.489901 0.472418 0.454361 0.435825 0.416908 0.39771 0.378329 0.358865 0.339416 0.320078 0.300943 0.282101 0.263635 0.245623 0.228138 0.211246 0.195006 0.17947 0.164681 0.150678 0.137491 0.125144 0.113654 0.103032 0.0932863 0.084418 0.076426 0.0693059 0.0630512 0.0576541 0.0531062 0.049399 0.0465247 0.0444767 0.04325 
0.0444786 0.0449012 0.0461703 0.0482888 0.051262 0.0550962 0.0597993 0.0653796 0.0718454 0.0792044 0.0874625 0.0966238 0.106689 0.117655 0.129515 0.142255 0.155858 0.170296 0.18554 0.201549 0.218276 0.235668 0.253664 0.272194 0.291185 0.310554 0.330215 0.350078 0.370046 0.390021 0.409903 0.429589 0.448979 0.46797 0.486463 0.504362 0.521572 0.538003 0.553571 0.568194 0.5818 0.594318 0.605686 0.61585 0.624758 0.632368 0.638643 0.643555 0.64708 0.649202 0.64991 0.649202 0.64708 0.643555 0.638643 0.632368 0.624758 0.61585 0.605686 0.594318 0.5818 0.568194 0.553571 0.538003 0.521572 0.504362 0.486463 0.46797 0.448979 0.429589 0.409903 0.390021 0.370046 0.350078 0.330215 0.310554 0.291185 0.272194 0.253664 0.235668 0.218276 0.201549 0.18554 0.170296 0.155858 0.142255 0.129515 0.117655 0.106689 0.0966238 0.0874625 0.0792044 0.0718454 0.0653796 0.0597993 0.0550962 0.051262 0.0482888 0.0461703 0.0449012 
0.0460375 0.0464735 0.0477827 0.0499681 0.0530349 0.0569895 0.0618395 0.0675933 0.074259 0.0818439 0.0903538 0.0997922 0.110159 0.121451 0.13366 0.146771 0.160765 0.175615 0.191287 0.207741 0.224927 0.242789 0.261265 0.280282 0.299764 0.319628 0.339783 0.360136 0.380589 0.401042 0.421391 0.441532 0.461362 0.480777 0.499675 0.51796 0.535534 0.552308 0.568194 0.583113 0.596988 0.609752 0.62134 0.631697 0.640773 0.648525 0.654916 0.659919 0.663508 0.665668 0.666389 0.665668 0.663508 0.659919 0.654916 0.648525 0.640773 0.631697 0.62134 0.609752 0.596988 0.583113 0.568194 0.552308 0.535534 0.51796 0.499675 0.480777 0.461362 0.441532 0.421391 0.401042 0.380589 0.360136 0.339783 0.319628 0.299764 0.280282 0.261265 0.242789 0.224927 0.207741 0.191287 0.175615 0.160765 0.146771 0.13366 0.121451 0.110159 0.0997922 0.0903538 0.0818439 0.074259 0.0675933 0.0618395 0.0569895 0.0530349 0.0499681 0.0477827 0.0464735 
0.0475064 0.047955 0.0493018 0.05155 0.0547045 0.0587719 0.0637598 0.0696762 0.0765291 0.0843257 0.0930714 0.102769 0.113419 0.125016 0.137551 0.151008 0.165368 0.180602 0.196674 0.213542 0.231155 0.249456 0.268378 0.287849 0.307788 0.32811 0.348723 0.369531 0.390434 0.411328 0.432109 0.45267 0.472906 0.492712 0.511984 0.530623 0.548533 0.565621 0.5818 0.596988 0.611111 0.624098 0.635887 0.646421 0.65565 0.663531 0.670029 0.675113 0.678761 0.680957 0.681689 0.680957 0.678761 0.675113 0.670029 0.663531 0.65565 0.646421 0.635887 0.624098 0.611111 0.596988 0.5818 0.565621 0.548533 0.530623 0.511984 0.492712 0.472906 0.45267 0.432109 0.411328 0.390434 0.369531 0.348723 0.32811 0.307788 0.287849 0.268378 0.249456 0.231155 0.213542 0.196674 0.180602 0.165368 0.151008 0.137551 0.125016 0.113419 0.102769 0.0930714 0.0843257 0.0765291 0.0696762 0.0637598 0.0587719 0.0547045 0.05155 0.0493018 0.047955 
