2.82862e-05 2.93938e-05 3.27717e-05 3.85865e-05 4.71182e-05 5.87643e-05 7.40442e-05 9.36053e-05 0.000118228 0.000148831 0.000186475 0.000232365 0.000287849 0.000354414 0.000433676 0.000527365 0.000637307 0.000765396 0.000913561 0.00108373 0.00127776 0.00149744 0.00174437 0.00201993 0.00232523 0.00266101 0.00302762 0.00342494 0.00385231 0.00430853 0.00479179 0.00529966 0.0058291 0.00637646 0.00693749 0.0075074 0.00808094 0.0086524 0.0092158 0.0097649 0.0102934 0.0107949 0.0112633 0.0116925 0.012077 0.0124117 0.0126921 0.0129143 0.0130753 0.0131728 0.0132054 0.0131728 0.0130753 0.0129143 0.0126921 0.0124117 0.012077 0.0116925 0.0112633 0.0107949 0.0102934 0.0097649 0.0092158 0.0086524 0.00808094 0.0075074 0.00693749 0.00637646 0.0058291 0.00529966 0.00479179 0.00430853 0.00385231 0.00342494 0.00302762 0.00266101 0.00232523 0.00201993 0.00174437 0.00149744 0.00127776 0.00108373 0.000913561 0.000765396 0.000637307 0.000527365 0.000433676 0.000354414 0.000287849 0.000232365 0.000186475 0.000148831 0.000118228 9.36053e-05 7.40442e-05 5.87643e-05 4.71182e-05 3.85865e-05 3.27717e-05 2.93938e-05 
2.93938e-05 3.05423e-05 3.40448e-05 4.00733e-05 4.89172e-05 6.09871e-05 7.68193e-05 9.70822e-05 0.000122581 0.000154264 0.000193224 0.000240704 0.000298093 0.00036692 0.000448849 0.000545661 0.00065923 0.000791503 0.000944459 0.00112007 0.00132025 0.00154682 0.00180141 0.00208544 0.00240003 0.00274592 0.00312347 0.00353251 0.00397238 0.00444181 0.00493893 0.00546124 0.0060056 0.00656824 0.00714481 0.00773039 0.00831955 0.00890648 0.00948502 0.0100488 0.0105913 0.011106 0.0115867 0.0120271 0.0124217 0.012765 0.0130527 0.0132806 0.0134457 0.0135457 0.0135792 0.0135457 0.0134457 0.0132806 0.0130527 0.012765 0.0124217 0.0120271 0.0115867 0.011106 0.0105913 0.0100488 0.00948502 0.00890648 0.00831955 0.00773039 0.00714481 0.00656824 0.0060056 0.00546124 0.00493893 0.00444181 0.00397238 0.00353251 0.00312347 0.00274592 0.00240003 0.00208544 0.00180141 0.00154682 0.00132025 0.00112007 0.000944459 0.000791503 0.00065923 0.000545661 0.000448849 0.00036692 0.000298093 0.000240704 0.000193224 0.000154264 0.000122581 9.70822e-05 7.68193e-05 6.09871e-05 4.89172e-05 4.00733e-05 3.40448e-05 3.05423e-05 
3.27717e-05 3.40448e-05 3.79266e-05 4.46059e-05 5.44003e-05 6.776e-05 8.52732e-05 0.000107671 0.000135836 0.000170803 0.000213766 0.00026608 0.000329256 0.000404958 0.000494991 0.000601285 0.000725868 0.000870841 0.00103834 0.00123047 0.0014493 0.00169676 0.00197459 0.00228428 0.002627 0.00300353 0.00341418 0.00385875 0.00433644 0.00484586 0.00538493 0.00595091 0.00654039 0.00714926 0.0077728 0.0084057 0.00904212 0.00967577 0.0103 0.0109081 0.0114929 0.0120476 0.0125654 0.0130397 0.0134644 0.013834 0.0141435 0.0143887 0.0145664 0.0146739 0.0147099 0.0146739 0.0145664 0.0143887 0.0141435 0.013834 0.0134644 0.0130397 0.0125654 0.0120476 0.0114929 0.0109081 0.0103 0.00967577 0.00904212 0.0084057 0.0077728 0.00714926 0.00654039 0.00595091 0.00538493 0.00484586 0.00433644 0.00385875 0.00341418 0.00300353 0.002627 0.00228428 0.00197459 0.00169676 0.0014493 0.00123047 0.00103834 0.000870841 0.000725868 0.000601285 0.000494991 0.000404958 0.000329256 0.00026608 0.000213766 0.000170803 0.000135836 0.000107671 8.52732e-05 6.776e-05 5.44003e-05 4.46059e-05 3.79266e-05 3.40448e-05 
3.85865e-05 4.00733e-05 4.46059e-05 5.24017e-05 6.38265e-05 7.93981e-05 9.97927e-05 0.00012585 0.000158581 0.000199171 0.000248984 0.000309566 0.000382637 0.000470088 0.000573964 0.000696447 0.000839825 0.00100646 0.00119874 0.00141903 0.00166961 0.00195263 0.00226999 0.00262333 0.00301388 0.00344245 0.00390932 0.00441417 0.00495603 0.00553325 0.00614343 0.00678341 0.00744928 0.00813641 0.00883944 0.00955239 0.0102687 0.0109813 0.0116829 0.0123657 0.0130221 0.0136442 0.0142246 0.014756 0.0152317 0.0156455 0.0159919 0.0162663 0.016465 0.0165853 0.0166256 0.0165853 0.016465 0.0162663 0.0159919 0.0156455 0.0152317 0.014756 0.0142246 0.0136442 0.0130221 0.0123657 0.0116829 0.0109813 0.0102687 0.00955239 0.00883944 0.00813641 0.00744928 0.00678341 0.00614343 0.00553325 0.00495603 0.00441417 0.00390932 0.00344245 0.00301388 0.00262333 0.00226999 0.00195263 0.00166961 0.00141903 0.00119874 0.00100646 0.000839825 0.000696447 0.000573964 0.000470088 0.000382637 0.000309566 0.000248984 0.000199171 0.000158581 0.00012585 9.97927e-05 7.93981e-05 6.38265e-05 5.24017e-05 4.46059e-05 4.00733e-05 
4.71182e-05 4.89172e-05 5.44003e-05 6.38265e-05 7.7631e-05 9.64301e-05 0.000121027 0.000152418 0.000191801 0.000240577 0.000300357 0.00037296 0.000460408 0.000564917 0.000688879 0.000834834 0.00100544 0.00120344 0.00143157 0.00169257 0.00198903 0.00232338 0.00269778 0.00311402 0.00357348 0.00407696 0.00462469 0.0052162 0.00585025 0.00652481 0.00723699 0.00798305 0.0087584 0.00955758 0.0103744 0.0112018 0.0120323 0.0128578 0.0136697 0.0144593 0.0152177 0.015936 0.0166057 0.0172186 0.0177668 0.0182435 0.0186424 0.0189583 0.0191871 0.0193255 0.0193719 0.0193255 0.0191871 0.0189583 0.0186424 0.0182435 0.0177668 0.0172186 0.0166057 0.015936 0.0152177 0.0144593 0.0136697 0.0128578 0.0120323 0.0112018 0.0103744 0.00955758 0.0087584 0.00798305 0.00723699 0.00652481 0.00585025 0.0052162 0.00462469 0.00407696 0.00357348 0.00311402 0.00269778 0.00232338 0.00198903 0.00169257 0.00143157 0.00120344 0.00100544 0.000834834 0.000688879 0.000564917 0.000460408 0.00037296 0.000300357 0.000240577 0.000191801 0.000152418 0.000121027 9.64301e-05 7.7631e-05 6.38265e-05 5.44003e-05 4.89172e-05 
5.87643e-05 6.09871e-05 6.776e-05 7.93981e-05 9.64301e-05 0.000119604 0.000149893 0.000188505 0.000236885 0.000296726 0.000369966 0.00045879 0.000565622 0.000693109 0.000844101 0.00102162 0.0012288 0.00146889 0.0017451 0.00206062 0.00241848 0.00282148 0.00327207 0.00377228 0.00432361 0.00492689 0.00558226 0.00628901 0.00704554 0.00784932 0.0086968 0.00958345 0.0105038 0.0114512 0.0124184 0.0133971 0.0143784 0.0153527 0.0163101 0.0172404 0.0181331 0.0189781 0.0197653 0.0204852 0.0211289 0.0216883 0.0221563 0.0225267 0.0227949 0.0229572 0.0230115 0.0229572 0.0227949 0.0225267 0.0221563 0.0216883 0.0211289 0.0204852 0.0197653 0.0189781 0.0181331 0.0172404 0.0163101 0.0153527 0.0143784 0.0133971 0.0124184 0.0114512 0.0105038 0.00958345 0.0086968 0.00784932 0.00704554 0.00628901 0.00558226 0.00492689 0.00432361 0.00377228 0.00327207 0.00282148 0.00241848 0.00206062 0.0017451 0.00146889 0.0012288 0.00102162 0.000844101 0.000693109 0.000565622 0.00045879 0.000369966 0.000296726 0.000236885 0.000188505 0.000149893 0.000119604 9.64301e-05 7.93981e-05 6.776e-05 6.09871e-05 
7.40442e-05 7.68193e-05 8.52732e-05 9.97927e-05 0.000121027 0.000149893 0.000187585 0.000235577 0.000295638 0.000369828 0.000460508 0.000570328 0.000702223 0.000859389 0.00104526 0.00126345 0.00151773 0.00181194 0.00214992 0.00253542 0.00297198 0.00346286 0.0040109 0.00461838 0.00528695 0.00601746 0.00680989 0.00766322 0.00857538 0.00954317 0.0105622 0.011627 0.0127307 0.0138656 0.0150228 0.0161924 0.0173638 0.0185257 0.0196663 0.0207735 0.0218352 0.0228392 0.023774 0.0246282 0.0253916 0.0260547 0.0266092 0.027048 0.0273655 0.0275577 0.027622 0.0275577 0.0273655 0.027048 0.0266092 0.0260547 0.0253916 0.0246282 0.023774 0.0228392 0.0218352 0.0207735 0.0196663 0.0185257 0.0173638 0.0161924 0.0150228 0.0138656 0.0127307 0.011627 0.0105622 0.00954317 0.00857538 0.00766322 0.00680989 0.00601746 0.00528695 0.00461838 0.0040109 0.00346286 0.00297198 0.00253542 0.00214992 0.00181194 0.00151773 0.00126345 0.00104526 0.000859389 0.000702223 0.000570328 0.000460508 0.000369828 0.000295638 0.000235577 0.000187585 0.000149893 0.000121027 9.97927e-05 8.52732e-05 7.68193e-05 
9.36053e-05 9.70822e-05 0.000107671 0.00012585 0.000152418 0.000188505 0.000235577 0.000295448 0.000370284 0.000462607 0.0005753 0.000711592 0.000875049 0.00106955 0.00129923 0.00156846 0.00188177 0.00224373 0.00265893 0.00313178 0.00366648 0.00426682 0.00493606 0.0056768 0.00649083 0.00737898 0.00834103 0.00937555 0.0104798 0.0116499 0.0128802 0.014164 0.0154932 0.0168582 0.0182483 0.0196517 0.0210557 0.0224469 0.0238112 0.0251344 0.026402 0.0275999 0.0287143 0.0297321 0.0306411 0.0314302 0.0320898 0.0326116 0.0329891 0.0332175 0.033294 0.0332175 0.0329891 0.0326116 0.0320898 0.0314302 0.0306411 0.0297321 0.0287143 0.0275999 0.026402 0.0251344 0.0238112 0.0224469 0.0210557 0.0196517 0.0182483 0.0168582 0.0154932 0.014164 0.0128802 0.0116499 0.0104798 0.00937555 0.00834103 0.00737898 0.00649083 0.0056768 0.00493606 0.00426682 0.00366648 0.00313178 0.00265893 0.00224373 0.00188177 0.00156846 0.00129923 0.00106955 0.000875049 0.000711592 0.0005753 0.000462607 0.000370284 0.000295448 0.000235577 0.000188505 0.000152418 0.00012585 0.000107671 9.70822e-05 
0.000118228 0.000122581 0.000135836 0.000158581 0.000191801 0.000236885 0.000295638 0.000370284 0.000463478 0.000578306 0.000718285 0.000887351 0.00108984 0.00133043 0.00161415 0.00194625 0.00233215 0.00277733 0.00328723 0.00386709 0.00452182 0.00525585 0.00607293 0.00697598 0.00796693 0.00904656 0.0102143 0.0114683 0.012805 0.0142194 0.0157046 0.0172524 0.0188527 0.0204942 0.0221639 0.0238476 0.0255303 0.0271957 0.0288274 0.0304084 0.0319217 0.0333506 0.034679 0.0358913 0.0369735 0.0379125 0.038697 0.0393174 0.0397661 0.0400376 0.0401285 0.0400376 0.0397661 0.0393174 0.038697 0.0379125 0.0369735 0.0358913 0.034679 0.0333506 0.0319217 0.0304084 0.0288274 0.0271957 0.0255303 0.0238476 0.0221639 0.0204942 0.0188527 0.0172524 0.0157046 0.0142194 0.012805 0.0114683 0.0102143 0.00904656 0.00796693 0.00697598 0.00607293 0.00525585 0.00452182 0.00386709 0.00328723 0.00277733 0.00233215 0.00194625 0.00161415 0.00133043 0.00108984 0.000887351 0.000718285 0.000578306 0.000463478 0.000370284 0.000295638 0.000236885 0.000191801 0.000158581 0.000135836 0.000122581 
0.000148831 0.000154264 0.000170803 0.000199171 0.000240577 0.000296726 0.000369828 0.000462607 0.000578306 0.000720689 0.000894036 0.00110313 0.0013532 0.00164994 0.00199938 0.00240781 0.00288173 0.00342767 0.00405207 0.00476111 0.00556053 0.00645546 0.00745019 0.00854799 0.00975091 0.0110596 0.0124731 0.0139888 0.0156023 0.0173071 0.019095 0.0209558 0.0228773 0.0248457 0.0268455 0.0288598 0.0308706 0.0328587 0.0348046 0.0366882 0.0384897 0.0401892 0.041768 0.043208 0.0444925 0.0456066 0.0465369 0.0472725 0.0478043 0.048126 0.0482337 0.048126 0.0478043 0.0472725 0.0465369 0.0456066 0.0444925 0.043208 0.041768 0.0401892 0.0384897 0.0366882 0.0348046 0.0328587 0.0308706 0.0288598 0.0268455 0.0248457 0.0228773 0.0209558 0.019095 0.0173071 0.0156023 0.0139888 0.0124731 0.0110596 0.00975091 0.00854799 0.00745019 0.00645546 0.00556053 0.00476111 0.00405207 0.00342767 0.00288173 0.00240781 0.00199938 0.00164994 0.0013532 0.00110313 0.000894036 0.000720689 0.000578306 0.000462607 0.000369828 0.000296726 0.000240577 0.000199171 0.000170803 0.000154264 
0.000186475 0.000193224 0.000213766 0.000248984 0.000300357 0.000369966 0.000460508 0.0005753 0.000718285 0.000894036 0.00110773 0.00136516 0.00167263 0.00203698 0.00246542 0.0029655 0.00354493 0.00421146 0.00497267 0.00583581 0.00680757 0.00789384 0.00909949 0.0104281 0.0118819 0.0134612 0.0151646 0.0169885 0.0189274 0.0209732 0.0231158 0.0253428 0.0276395 0.0299893 0.0323738 0.0347727 0.0371647 0.0395272 0.0418372 0.0440712 0.0462058 0.048218 0.0500857 0.0517881 0.0533059 0.0546215 0.0557197 0.0565876 0.0572151 0.0575945 0.0577215 0.0575945 0.0572151 0.0565876 0.0557197 0.0546215 0.0533059 0.0517881 0.0500857 0.048218 0.0462058 0.0440712 0.0418372 0.0395272 0.0371647 0.0347727 0.0323738 0.0299893 0.0276395 0.0253428 0.0231158 0.0209732 0.0189274 0.0169885 0.0151646 0.0134612 0.0118819 0.0104281 0.00909949 0.00789384 0.00680757 0.00583581 0.00497267 0.00421146 0.00354493 0.0029655 0.00246542 0.00203698 0.00167263 0.00136516 0.00110773 0.000894036 0.000718285 0.0005753 0.000460508 0.000369966 0.000300357 0.000248984 0.000213766 0.000193224 
0.000232365 0.000240704 0.00026608 0.000309566 0.00037296 0.00045879 0.000570328 0.000711592 0.000887351 0.00110313 0.00136516 0.00168039 0.00205642 0.00250137 0.00302389 0.0036329 0.00433755 0.00514696 0.00607 0.00711513 0.00829006 0.00960152 0.011055 0.0126544 0.0144018 0.0162974 0.018339 0.020522 0.0228392 0.0252809 0.0278346 0.0304853 0.0332155 0.0360052 0.0388325 0.0416736 0.0445033 0.0472951 0.0500219 0.0526565 0.0551715 0.0575403 0.0597375 0.0617387 0.0635218 0.0650666 0.0663555 0.0673737 0.0681096 0.0685546 0.0687035 0.0685546 0.0681096 0.0673737 0.0663555 0.0650666 0.0635218 0.0617387 0.0597375 0.0575403 0.0551715 0.0526565 0.0500219 0.0472951 0.0445033 0.0416736 0.0388325 0.0360052 0.0332155 0.0304853 0.0278346 0.0252809 0.0228392 0.020522 0.018339 0.0162974 0.0144018 0.0126544 0.011055 0.00960152 0.00829006 0.00711513 0.00607 0.00514696 0.00433755 0.0036329 0.00302389 0.00250137 0.00205642 0.00168039 0.00136516 0.00110313 0.000887351 0.000711592 0.000570328 0.00045879 0.00037296 0.000309566 0.00026608 0.000240704 
0.000287849 0.000298093 0.000329256 0.000382637 0.000460408 0.000565622 0.000702223 0.000875049 0.00108984 0.0013532 0.00167263 0.00205642 0.00251359 0.00305383 0.00368735 0.00442472 0.00527665 0.00625381 0.00736655 0.00862462 0.0100369 0.0116109 0.0133527 0.0152667 0.0173547 0.0196164 0.0220488 0.0246459 0.0273988 0.0302954 0.0333207 0.0364566 0.0396822 0.042974 0.0463058 0.0496499 0.0529766 0.0562552 0.0594541 0.0625416 0.0654863 0.0682575 0.0708257 0.0731633 0.0752448 0.0770471 0.0785502 0.0797372 0.0805948 0.0811133 0.0812868 0.0811133 0.0805948 0.0797372 0.0785502 0.0770471 0.0752448 0.0731633 0.0708257 0.0682575 0.0654863 0.0625416 0.0594541 0.0562552 0.0529766 0.0496499 0.0463058 0.042974 0.0396822 0.0364566 0.0333207 0.0302954 0.0273988 0.0246459 0.0220488 0.0196164 0.0173547 0.0152667 0.0133527 0.0116109 0.0100369 0.00862462 0.00736655 0.00625381 0.00527665 0.00442472 0.00368735 0.00305383 0.00251359 0.00205642 0.00167263 0.0013532 0.00108984 0.000875049 0.000702223 0.000565622 0.000460408 0.000382637 0.000329256 0.000298093 
0.000354414 0.00036692 0.000404958 0.000470088 0.000564917 0.000693109 0.000859389 0.00106955 0.00133043 0.00164994 0.00203698 0.00250137 0.00305383 0.00370578 0.00446922 0.00535653 0.00638024 0.00755272 0.00888593 0.010391 0.0120781 0.0139556 0.0160302 0.0183063 0.0207858 0.0234675 0.0263474 0.0294177 0.0326674 0.0360819 0.0396431 0.0433294 0.0471159 0.0509749 0.054876 0.0587865 0.062672 0.0664969 0.0702248 0.0738192 0.0772441 0.0804643 0.0834462 0.0861584 0.0885718 0.0906603 0.0924013 0.0937757 0.0947683 0.0953684 0.0955691 0.0953684 0.0947683 0.0937757 0.0924013 0.0906603 0.0885718 0.0861584 0.0834462 0.0804643 0.0772441 0.0738192 0.0702248 0.0664969 0.062672 0.0587865 0.054876 0.0509749 0.0471159 0.0433294 0.0396431 0.0360819 0.0326674 0.0294177 0.0263474 0.0234675 0.0207858 0.0183063 0.0160302 0.0139556 0.0120781 0.010391 0.00888593 0.00755272 0.00638024 0.00535653 0.00446922 0.00370578 0.00305383 0.00250137 0.00203698 0.00164994 0.00133043 0.00106955 0.000859389 0.000693109 0.000564917 0.000470088 0.000404958 0.00036692 
0.000433676 0.000448849 0.000494991 0.000573964 0.000688879 0.000844101 0.00104526 0.00129923 0.00161415 0.00199938 0.00246542 0.00302389 0.00368735 0.00446922 0.00538351 0.00644463 0.00766707 0.00906513 0.0106525 0.0124418 0.0144445 0.0166698 0.0191251 0.0218148 0.0247404 0.0278998 0.0312875 0.0348939 0.0387053 0.0427042 0.0468688 0.0511735 0.0555892 0.0600833 0.0646204 0.0691626 0.0736702 0.0781023 0.0824172 0.0865732 0.0905292 0.0942454 0.0976838 0.100809 0.103587 0.105991 0.107993 0.109573 0.110714 0.111404 0.111634 0.111404 0.110714 0.109573 0.107993 0.105991 0.103587 0.100809 0.0976838 0.0942454 0.0905292 0.0865732 0.0824172 0.0781023 0.0736702 0.0691626 0.0646204 0.0600833 0.0555892 0.0511735 0.0468688 0.0427042 0.0387053 0.0348939 0.0312875 0.0278998 0.0247404 0.0218148 0.0191251 0.0166698 0.0144445 0.0124418 0.0106525 0.00906513 0.00766707 0.00644463 0.00538351 0.00446922 0.00368735 0.00302389 0.00246542 0.00199938 0.00161415 0.00129923 0.00104526 0.000844101 0.000688879 0.000573964 0.000494991 0.000448849 
0.000527365 0.000545661 0.000601285 0.000696447 0.000834834 0.00102162 0.00126345 0.00156846 0.00194625 0.00240781 0.0029655 0.0036329 0.00442472 0.00535653 0.00644463 0.00770563 0.00915625 0.0108128 0.0126908 0.0148046 0.0171668 0.0197877 0.022675 0.025833 0.0292627 0.0329609 0.0369202 0.0411287 0.0455697 0.0502221 0.0550602 0.0600538 0.0651688 0.0703673 0.0756085 0.0808487 0.0860425 0.091143 0.0961029 0.100875 0.105413 0.109671 0.113608 0.117183 0.12036 0.123106 0.125393 0.127197 0.128499 0.129285 0.129548 0.129285 0.128499 0.127197 0.125393 0.123106 0.12036 0.117183 0.113608 0.109671 0.105413 0.100875 0.0961029 0.091143 0.0860425 0.0808487 0.0756085 0.0703673 0.0651688 0.0600538 0.0550602 0.0502221 0.0455697 0.0411287 0.0369202 0.0329609 0.0292627 0.025833 0.022675 0.0197877 0.0171668 0.0148046 0.0126908 0.0108128 0.00915625 0.00770563 0.00644463 0.00535653 0.00442472 0.0036329 0.0029655 0.00240781 0.00194625 0.00156846 0.00126345 0.00102162 0.000834834 0.000696447 0.000601285 0.000545661 
0.000637307 0.00065923 0.000725868 0.000839825 0.00100544 0.0012288 0.00151773 0.00188177 0.00233215 0.00288173 0.00354493 0.00433755 0.00527665 0.00638024 0.00766707 0.00915625 0.0108668 0.0128173 0.0150252 0.0175066 0.0202752 0.0233423 0.0267159 0.0304001 0.0343949 0.0386958 0.0432931 0.0481721 0.0533128 0.05869 0.0642732 0.0700274 0.0759128 0.0818858 0.0878994 0.0939037 0.0998471 0.105676 0.111338 0.116779 0.121948 0.126794 0.13127 0.135331 0.138937 0.142052 0.144645 0.146689 0.148165 0.149056 0.149354 0.149056 0.148165 0.146689 0.144645 0.142052 0.138937 0.135331 0.13127 0.126794 0.121948 0.116779 0.111338 0.105676 0.0998471 0.0939037 0.0878994 0.0818858 0.0759128 0.0700274 0.0642732 0.05869 0.0533128 0.0481721 0.0432931 0.0386958 0.0343949 0.0304001 0.0267159 0.0233423 0.0202752 0.0175066 0.0150252 0.0128173 0.0108668 0.00915625 0.00766707 0.00638024 0.00527665 0.00433755 0.00354493 0.00288173 0.00233215 0.00188177 0.00151773 0.0012288 0.00100544 0.000839825 0.000725868 0.00065923 
0.000765396 0.000791503 0.000870841 0.00100646 0.00120344 0.00146889 0.00181194 0.00224373 0.00277733 0.00342767 0.00421146 0.00514696 0.00625381 0.00755272 0.00906513 0.0108128 0.0128173 0.0150995 0.017679 0.0205734 0.023798 0.0273646 0.0312813 0.0355519 0.0401753 0.0451449 0.0504486 0.0560683 0.0619801 0.0681542 0.074555 0.0811416 0.0878683 0.0946851 0.101538 0.108372 0.115126 0.121743 0.128161 0.134323 0.140169 0.145644 0.150697 0.155278 0.159342 0.162851 0.165769 0.16807 0.169729 0.170731 0.171066 0.170731 0.169729 0.16807 0.165769 0.162851 0.159342 0.155278 0.150697 0.145644 0.140169 0.134323 0.128161 0.121743 0.115126 0.108372 0.101538 0.0946851 0.0878683 0.0811416 0.074555 0.0681542 0.0619801 0.0560683 0.0504486 0.0451449 0.0401753 0.0355519 0.0312813 0.0273646 0.023798 0.0205734 0.017679 0.0150995 0.0128173 0.0108128 0.00906513 0.00755272 0.00625381 0.00514696 0.00421146 0.00342767 0.00277733 0.00224373 0.00181194 0.00146889 0.00120344 0.00100646 0.000870841 0.000791503 
0.000913561 0.000944459 0.00103834 0.00119874 0.00143157 0.0017451 0.00214992 0.00265893 0.00328723 0.00405207 0.00497267 0.00607 0.00736655 0.00888593 0.0106525 0.0126908 0.0150252 0.017679 0.0206738 0.0240291 0.0277612 0.0318825 0.0364013 0.0413204 0.0466373 0.052343 0.0584224 0.0648537 0.0716083 0.0786513 0.0859413 0.0934313 0.101069 0.108797 0.116555 0.124279 0.131903 0.139362 0.146589 0.153517 0.160084 0.166227 0.171891 0.177021 0.18157 0.185494 0.188756 0.191325 0.193178 0.194297 0.194671 0.194297 0.193178 0.191325 0.188756 0.185494 0.18157 0.177021 0.171891 0.166227 0.160084 0.153517 0.146589 0.139362 0.131903 0.124279 0.116555 0.108797 0.101069 0.0934313 0.0859413 0.0786513 0.0716083 0.0648537 0.0584224 0.052343 0.0466373 0.0413204 0.0364013 0.0318825 0.0277612 0.0240291 0.0206738 0.017679 0.0150252 0.0126908 0.0106525 0.00888593 0.00736655 0.00607 0.00497267 0.00405207 0.00328723 0.00265893 0.00214992 0.0017451 0.00143157 0.00119874 0.00103834 0.000944459 
0.00108373 0.00112007 0.00123047 0.00141903 0.00169257 0.00206062 0.00253542 0.00313178 0.00386709 0.00476111 0.00583581 0.00711513 0.00862462 0.010391 0.0124418 0.0148046 0.0175066 0.0205734 0.0240291 0.0278946 0.0321874 0.0369203 0.0421011 0.0477318 0.0538078 0.0603174 0.0672419 0.0745551 0.0822234 0.090206 0.0984551 0.106917 0.115532 0.124235 0.132959 0.141632 0.150181 0.158532 0.166613 0.17435 0.181675 0.188521 0.194825 0.200531 0.205585 0.209942 0.213563 0.216413 0.218468 0.219708 0.220123 0.219708 0.218468 0.216413 0.213563 0.209942 0.205585 0.200531 0.194825 0.188521 0.181675 0.17435 0.166613 0.158532 0.150181 0.141632 0.132959 0.124235 0.115532 0.106917 0.0984551 0.090206 0.0822234 0.0745551 0.0672419 0.0603174 0.0538078 0.0477318 0.0421011 0.0369203 0.0321874 0.0278946 0.0240291 0.0205734 0.0175066 0.0148046 0.0124418 0.010391 0.00862462 0.00711513 0.00583581 0.00476111 0.00386709 0.00313178 0.00253542 0.00206062 0.00169257 0.00141903 0.00123047 0.00112007 
0.00127776 0.00132025 0.0014493 0.00166961 0.00198903 0.00241848 0.00297198 0.00366648 0.00452182 0.00556053 0.00680757 0.00829006 0.0100369 0.0120781 0.0144445 0.0171668 0.0202752 0.023798 0.0277612 0.0321874 0.0370948 0.0424968 0.0484002 0.0548057 0.0617061 0.0690867 0.0769246 0.0851885 0.0938391 0.102829 0.112104 0.121602 0.131257 0.140995 0.15074 0.160414 0.169936 0.179225 0.1882 0.196782 0.204898 0.212474 0.219443 0.225744 0.231321 0.236126 0.240115 0.243255 0.245517 0.246882 0.247338 0.246882 0.245517 0.243255 0.240115 0.236126 0.231321 0.225744 0.219443 0.212474 0.204898 0.196782 0.1882 0.179225 0.169936 0.160414 0.15074 0.140995 0.131257 0.121602 0.112104 0.102829 0.0938391 0.0851885 0.0769246 0.0690867 0.0617061 0.0548057 0.0484002 0.0424968 0.0370948 0.0321874 0.0277612 0.023798 0.0202752 0.0171668 0.0144445 0.0120781 0.0100369 0.00829006 0.00680757 0.00556053 0.00452182 0.00366648 0.00297198 0.00241848 0.00198903 0.00166961 0.0014493 0.00132025 
0.00149744 0.00154682 0.00169676 0.00195263 0.00232338 0.00282148 0.00346286 0.00426682 0.00525585 0.00645546 0.00789384 0.00960152 0.0116109 0.0139556 0.0166698 0.0197877 0.0233423 0.0273646 0.0318825 0.0369203 0.0424968 0.048625 0.0553112 0.0625537 0.0703427 0.0786596 0.0874767 0.0967572 0.106455 0.116517 0.126879 0.137474 0.148224 0.15905 0.169867 0.180588 0.191124 0.201386 0.211288 0.220745 0.229676 0.238003 0.245655 0.252566 0.258678 0.263939 0.268305 0.271739 0.274212 0.275704 0.276203 0.275704 0.274212 0.271739 0.268305 0.263939 0.258678 0.252566 0.245655 0.238003 0.229676 0.220745 0.211288 0.201386 0.191124 0.180588 0.169867 0.15905 0.148224 0.137474 0.126879 0.116517 0.106455 0.0967572 0.0874767 0.0786596 0.0703427 0.0625537 0.0553112 0.048625 0.0424968 0.0369203 0.0318825 0.0273646 0.0233423 0.0197877 0.0166698 0.0139556 0.0116109 0.00960152 0.00789384 0.00645546 0.00525585 0.00426682 0.00346286 0.00282148 0.00232338 0.00195263 0.00169676 0.00154682 
0.00174437 0.00180141 0.00197459 0.00226999 0.00269778 0.00327207 0.0040109 0.00493606 0.00607293 0.00745019 0.00909949 0.011055 0.0133527 0.0160302 0.0191251 0.022675 0.0267159 0.0312813 0.0364013 0.0421011 0.0484002 0.0553112 0.0628386 0.0709787 0.079718 0.0890335 0.0988922 0.109251 0.120057 0.131248 0.142755 0.154498 0.166395 0.178354 0.190284 0.202088 0.213671 0.224937 0.235791 0.246142 0.255904 0.264996 0.273341 0.28087 0.287523 0.293245 0.29799 0.30172 0.304405 0.306025 0.306566 0.306025 0.304405 0.30172 0.29799 0.293245 0.287523 0.28087 0.273341 0.264996 0.255904 0.246142 0.235791 0.224937 0.213671 0.202088 0.190284 0.178354 0.166395 0.154498 0.142755 0.131248 0.120057 0.109251 0.0988922 0.0890335 0.079718 0.0709787 0.0628386 0.0553112 0.0484002 0.0421011 0.0364013 0.0312813 0.0267159 0.022675 0.0191251 0.0160302 0.0133527 0.011055 0.00909949 0.00745019 0.00607293 0.00493606 0.0040109 0.00327207 0.00269778 0.00226999 0.00197459 0.00180141 
0.00201993 0.00208544 0.00228428 0.00262333 0.00311402 0.00377228 0.00461838 0.0056768 0.00697598 0.00854799 0.0104281 0.0126544 0.0152667 0.0183063 0.0218148 0.025833 0.0304001 0.0355519 0.0413204 0.0477318 0.0548057 0.0625537 0.0709787 0.0800737 0.0898214 0.100194 0.111152 0.122645 0.134613 0.146986 0.159685 0.172623 0.185706 0.198837 0.211912 0.224828 0.237482 0.249769 0.26159 0.272847 0.283449 0.29331 0.302351 0.3105 0.317692 0.323873 0.328995 0.333019 0.335915 0.337661 0.338245 0.337661 0.335915 0.333019 0.328995 0.323873 0.317692 0.3105 0.302351 0.29331 0.283449 0.272847 0.26159 0.249769 0.237482 0.224828 0.211912 0.198837 0.185706 0.172623 0.159685 0.146986 0.134613 0.122645 0.111152 0.100194 0.0898214 0.0800737 0.0709787 0.0625537 0.0548057 0.0477318 0.0413204 0.0355519 0.0304001 0.025833 0.0218148 0.0183063 0.0152667 0.0126544 0.0104281 0.00854799 0.00697598 0.0056768 0.00461838 0.00377228 0.00311402 0.00262333 0.00228428 0.00208544 
0.00232523 0.00240003 0.002627 0.00301388 0.00357348 0.00432361 0.00528695 0.00649083 0.00796693 0.00975091 0.0118819 0.0144018 0.0173547 0.0207858 0.0247404 0.0292627 0.0343949 0.0401753 0.0466373 0.0538078 0.0617061 0.0703427 0.079718 0.0898214 0.100631 0.112113 0.124222 0.136899 0.150077 0.163676 0.177608 0.191776 0.206078 0.220406 0.23465 0.248696 0.262433 0.275752 0.288544 0.300709 0.312149 0.322776 0.332507 0.341268 0.348994 0.355627 0.361119 0.365432 0.368534 0.370404 0.371028 0.370404 0.368534 0.365432 0.361119 0.355627 0.348994 0.341268 0.332507 0.322776 0.312149 0.300709 0.288544 0.275752 0.262433 0.248696 0.23465 0.220406 0.206078 0.191776 0.177608 0.163676 0.150077 0.136899 0.124222 0.112113 0.100631 0.0898214 0.079718 0.0703427 0.0617061 0.0538078 0.0466373 0.0401753 0.0343949 0.0292627 0.0247404 0.0207858 0.0173547 0.0144018 0.0118819 0.00975091 0.00796693 0.00649083 0.00528695 0.00432361 0.00357348 0.00301388 0.002627 0.00240003 
0.00266101 0.00274592 0.00300353 0.00344245 0.00407696 0.00492689 0.00601746 0.00737898 0.00904656 0.0110596 0.0134612 0.0162974 0.0196164 0.0234675 0.0278998 0.0329609 0.0386958 0.0451449 0.052343 0.0603174 0.0690867 0.0786596 0.0890335 0.100194 0.112113 0.124751 0.138055 0.151959 0.166385 0.181245 0.19644 0.211866 0.227408 0.242951 0.258374 0.273557 0.288381 0.302728 0.316487 0.329551 0.341819 0.353199 0.363606 0.372965 0.38121 0.388282 0.394133 0.398725 0.402026 0.404015 0.40468 0.404015 0.402026 0.398725 0.394133 0.388282 0.38121 0.372965 0.363606 0.353199 0.341819 0.329551 0.316487 0.302728 0.288381 0.273557 0.258374 0.242951 0.227408 0.211866 0.19644 0.181245 0.166385 0.151959 0.138055 0.124751 0.112113 0.100194 0.0890335 0.0786596 0.0690867 0.0603174 0.052343 0.0451449 0.0386958 0.0329609 0.0278998 0.0234675 0.0196164 0.0162974 0.0134612 0.0110596 0.00904656 0.00737898 0.00601746 0.00492689 0.00407696 0.00344245 0.00300353 0.00274592 
0.00302762 0.00312347 0.00341418 0.00390932 0.00462469 0.00558226 0.00680989 0.00834103 0.0102143 0.0124731 0.0151646 0.018339 0.0220488 0.0263474 0.0312875 0.0369202 0.0432931 0.0504486 0.0584224 0.0672419 0.0769246 0.0874767 0.0988922 0.111152 0.124222 0.138055 0.152591 0.167754 0.183458 0.199604 0.216084 0.232782 0.249575 0.266338 0.282942 0.299257 0.315159 0.330523 0.345233 0.359177 0.372252 0.384364 0.395425 0.405361 0.414103 0.421595 0.42779 0.432647 0.436137 0.43824 0.438942 0.43824 0.436137 0.432647 0.42779 0.421595 0.414103 0.405361 0.395425 0.384364 0.372252 0.359177 0.345233 0.330523 0.315159 0.299257 0.282942 0.266338 0.249575 0.232782 0.216084 0.199604 0.183458 0.167754 0.152591 0.138055 0.124222 0.111152 0.0988922 0.0874767 0.0769246 0.0672419 0.0584224 0.0504486 0.0432931 0.0369202 0.0312875 0.0263474 0.0220488 0.018339 0.0151646 0.0124731 0.0102143 0.00834103 0.00680989 0.00558226 0.00462469 0.00390932 0.00341418 0.00312347 
0.00342494 0.00353251 0.00385875 0.00441417 0.0052162 0.00628901 0.00766322 0.00937555 0.0114683 0.0139888 0.0169885 0.020522 0.0246459 0.0294177 0.0348939 0.0411287 0.0481721 0.0560683 0.0648537 0.0745551 0.0851885 0.0967572 0.109251 0.122645 0.136899 0.151959 0.167754 0.184201 0.201202 0.218649 0.236423 0.254399 0.272443 0.29042 0.308193 0.325625 0.342585 0.358943 0.374577 0.389373 0.403226 0.416038 0.427724 0.438207 0.447421 0.455309 0.461825 0.466932 0.470599 0.472808 0.473545 0.472808 0.470599 0.466932 0.461825 0.455309 0.447421 0.438207 0.427724 0.416038 0.403226 0.389373 0.374577 0.358943 0.342585 0.325625 0.308193 0.29042 0.272443 0.254399 0.236423 0.218649 0.201202 0.184201 0.167754 0.151959 0.136899 0.122645 0.109251 0.0967572 0.0851885 0.0745551 0.0648537 0.0560683 0.0481721 0.0411287 0.0348939 0.0294177 0.0246459 0.020522 0.0169885 0.0139888 0.0114683 0.00937555 0.00766322 0.00628901 0.0052162 0.00441417 0.00385875 0.00353251 
0.00385231 0.00397238 0.00433644 0.00495603 0.00585025 0.00704554 0.00857538 0.0104798 0.012805 0.0156023 0.0189274 0.0228392 0.0273988 0.0326674 0.0387053 0.0455697 0.0533128 0.0619801 0.0716083 0.0822234 0.0938391 0.106455 0.120057 0.134613 0.150077 0.166385 0.183458 0.201202 0.21951 0.238262 0.25733 0.276576 0.295858 0.315032 0.333952 0.352476 0.370463 0.38778 0.404303 0.419913 0.434504 0.447979 0.460252 0.471247 0.4809 0.489156 0.49597 0.501305 0.505135 0.507441 0.508211 0.507441 0.505135 0.501305 0.49597 0.489156 0.4809 0.471247 0.460252 0.447979 0.434504 0.419913 0.404303 0.38778 0.370463 0.352476 0.333952 0.315032 0.295858 0.276576 0.25733 0.238262 0.21951 0.201202 0.183458 0.166385 0.150077 0.134613 0.120057 0.106455 0.0938391 0.0822234 0.0716083 0.0619801 0.0533128 0.0455697 0.0387053 0.0326674 0.0273988 0.0228392 0.0189274 0.0156023 0.012805 0.0104798 0.00857538 0.00704554 0.00585025 0.00495603 0.00433644 0.00397238 
0.00430853 0.00444181 0.00484586 0.00553325 0.00652481 0.00784932 0.00954317 0.0116499 0.0142194 0.0173071 0.0209732 0.0252809 0.0302954 0.0360819 0.0427042 0.0502221 0.05869 0.0681542 0.0786513 0.090206 0.102829 0.116517 0.131248 0.146986 0.163676 0.181245 0.199604 0.218649 0.238262 0.258313 0.278661 0.29916 0.319658 0.340001 0.360035 0.379612 0.398586 0.41682 0.434185 0.450564 0.465847 0.479939 0.492755 0.504222 0.514276 0.522866 0.529949 0.535491 0.539468 0.54186 0.542659 0.54186 0.539468 0.535491 0.529949 0.522866 0.514276 0.504222 0.492755 0.479939 0.465847 0.450564 0.434185 0.41682 0.398586 0.379612 0.360035 0.340001 0.319658 0.29916 0.278661 0.258313 0.238262 0.218649 0.199604 0.181245 0.163676 0.146986 0.131248 0.116517 0.102829 0.090206 0.0786513 0.0681542 0.05869 0.0502221 0.0427042 0.0360819 0.0302954 0.0252809 0.0209732 0.0173071 0.0142194 0.0116499 0.00954317 0.00784932 0.00652481 0.00553325 0.00484586 0.00444181 
0.00479179 0.00493893 0.00538493 0.00614343 0.00723699 0.0086968 0.0105622 0.0128802 0.0157046 0.019095 0.0231158 0.0278346 0.0333207 0.0396431 0.0468688 0.0550602 0.0642732 0.074555 0.0859413 0.0984551 0.112104 0.126879 0.142755 0.159685 0.177608 0.19644 0.216084 0.236423 0.25733 0.278661 0.300268 0.321991 0.34367 0.365143 0.386249 0.406832 0.426743 0.445842 0.463997 0.481089 0.497011 0.511669 0.524979 0.536871 0.547286 0.556173 0.563495 0.569219 0.573323 0.575792 0.576616 0.575792 0.573323 0.569219 0.563495 0.556173 0.547286 0.536871 0.524979 0.511669 0.497011 0.481089 0.463997 0.445842 0.426743 0.406832 0.386249 0.365143 0.34367 0.321991 0.300268 0.278661 0.25733 0.236423 0.216084 0.19644 0.177608 0.159685 0.142755 0.126879 0.112104 0.0984551 0.0859413 0.074555 0.0642732 0.0550602 0.0468688 0.0396431 0.0333207 0.0278346 0.0231158 0.019095 0.0157046 0.0128802 0.0105622 0.0086968 0.00723699 0.00614343 0.00538493 0.00493893 
0.00529966 0.00546124 0.00595091 0.00678341 0.00798305 0.00958345 0.011627 0.014164 0.0172524 0.0209558 0.0253428 0.0304853 0.0364566 0.0433294 0.0511735 0.0600538 0.0700274 0.0811416 0.0934313 0.106917 0.121602 0.137474 0.154498 0.172623 0.191776 0.211866 0.232782 0.254399 0.276576 0.29916 0.321991 0.3449 0.367717 0.390272 0.412397 0.433932 0.454722 0.474626 0.49351 0.511257 0.527759 0.542926 0.556677 0.568945 0.579675 0.588821 0.596347 0.602228 0.606441 0.608975 0.60982 0.608975 0.606441 0.602228 0.596347 0.588821 0.579675 0.568945 0.556677 0.542926 0.527759 0.511257 0.49351 0.474626 0.454722 0.433932 0.412397 0.390272 0.367717 0.3449 0.321991 0.29916 0.276576 0.254399 0.232782 0.211866 0.191776 0.172623 0.154498 0.137474 0.121602 0.106917 0.0934313 0.0811416 0.0700274 0.0600538 0.0511735 0.0433294 0.0364566 0.0304853 0.0253428 0.0209558 0.0172524 0.014164 0.011627 0.00958345 0.00798305 0.00678341 0.00595091 0.00546124 
0.0058291 0.0060056 0.00654039 0.00744928 0.0087584 0.0105038 0.0127307 0.0154932 0.0188527 0.0228773 0.0276395 0.0332155 0.0396822 0.0471159 0.0555892 0.0651688 0.0759128 0.0878683 0.101069 0.115532 0.131257 0.148224 0.166395 0.185706 0.206078 0.227408 0.249575 0.272443 0.295858 0.319658 0.34367 0.367717 0.39162 0.4152 0.438285 0.460708 0.482314 0.502957 0.522505 0.540841 0.557862 0.573477 0.587613 0.600205 0.611203 0.620567 0.628265 0.634274 0.638577 0.641163 0.642026 0.641163 0.638577 0.634274 0.628265 0.620567 0.611203 0.600205 0.587613 0.573477 0.557862 0.540841 0.522505 0.502957 0.482314 0.460708 0.438285 0.4152 0.39162 0.367717 0.34367 0.319658 0.295858 0.272443 0.249575 0.227408 0.206078 0.185706 0.166395 0.148224 0.131257 0.115532 0.101069 0.0878683 0.0759128 0.0651688 0.0555892 0.0471159 0.0396822 0.0332155 0.0276395 0.0228773 0.0188527 0.0154932 0.0127307 0.0105038 0.0087584 0.00744928 0.00654039 0.0060056 
0.00637646 0.00656824 0.00714926 0.00813641 0.00955758 0.0114512 0.0138656 0.0168582 0.0204942 0.0248457 0.0299893 0.0360052 0.042974 0.0509749 0.0600833 0.0703673 0.0818858 0.0946851 0.108797 0.124235 0.140995 0.15905 0.178354 0.198837 0.220406 0.242951 0.266338 0.29042 0.315032 0.340001 0.365143 0.390272 0.4152 0.439743 0.463721 0.486965 0.509316 0.530629 0.550772 0.56963 0.587103 0.603106 0.617567 0.630431 0.64165 0.65119 0.659025 0.665136 0.669509 0.672136 0.673012 0.672136 0.669509 0.665136 0.659025 0.65119 0.64165 0.630431 0.617567 0.603106 0.587103 0.56963 0.550772 0.530629 0.509316 0.486965 0.463721 0.439743 0.4152 0.390272 0.365143 0.340001 0.315032 0.29042 0.266338 0.242951 0.220406 0.198837 0.178354 0.15905 0.140995 0.124235 0.108797 0.0946851 0.0818858 0.0703673 0.0600833 0.0509749 0.042974 0.0360052 0.0299893 0.0248457 0.0204942 0.0168582 0.0138656 0.0114512 0.00955758 0.00813641 0.00714926 0.00656824 
0.00693749 0.00714481 0.0077728 0.00883944 0.0103744 0.0124184 0.0150228 0.0182483 0.0221639 0.0268455 0.0323738 0.0388325 0.0463058 0.054876 0.0646204 0.0756085 0.0878994 0.101538 0.116555 0.132959 0.15074 0.169867 0.190284 0.211912 0.23465 0.258374 0.282942 0.308193 0.333952 0.360035 0.386249 0.412397 0.438285 0.463721 0.488522 0.512514 0.535538 0.557448 0.578115 0.597426 0.615285 0.631613 0.646343 0.659424 0.670817 0.680493 0.688431 0.694617 0.69904 0.701696 0.702582 0.701696 0.69904 0.694617 0.688431 0.680493 0.670817 0.659424 0.646343 0.631613 0.615285 0.597426 0.578115 0.557448 0.535538 0.512514 0.488522 0.463721 0.438285 0.412397 0.386249 0.360035 0.333952 0.308193 0.282942 0.258374 0.23465 0.211912 0.190284 0.169867 0.15074 0.132959 0.116555 0.101538 0.0878994 0.0756085 0.0646204 0.054876 0.0463058 0.0388325 0.0323738 0.0268455 0.0221639 0.0182483 0.0150228 0.0124184 0.0103744 0.00883944 0.0077728 0.00714481 
0.0075074 0.00773039 0.0084057 0.00955239 0.0112018 0.0133971 0.0161924 0.0196517 0.0238476 0.0288598 0.0347727 0.0416736 0.0496499 0.0587865 0.0691626 0.0808487 0.0939037 0.108372 0.124279 0.141632 0.160414 0.180588 0.202088 0.224828 0.248696 0.273557 0.299257 0.325625 0.352476 0.379612 0.406832 0.433932 0.460708 0.486965 0.512514 0.53718 0.560802 0.583237 0.604356 0.624051 0.642231 0.658822 0.673763 0.687012 0.698533 0.708306 0.716314 0.722548 0.727003 0.729677 0.730569 0.729677 0.727003 0.722548 0.716314 0.708306 0.698533 0.687012 0.673763 0.658822 0.642231 0.624051 0.604356 0.583237 0.560802 0.53718 0.512514 0.486965 0.460708 0.433932 0.406832 0.379612 0.352476 0.325625 0.299257 0.273557 0.248696 0.224828 0.202088 0.180588 0.160414 0.141632 0.124279 0.108372 0.0939037 0.0808487 0.0691626 0.0587865 0.0496499 0.0416736 0.0347727 0.0288598 0.0238476 0.0196517 0.0161924 0.0133971 0.0112018 0.00955239 0.0084057 0.00773039 
0.00808094 0.00831955 0.00904212 0.0102687 0.0120323 0.0143784 0.0173638 0.0210557 0.0255303 0.0308706 0.0371647 0.0445033 0.0529766 0.062672 0.0736702 0.0860425 0.0998471 0.115126 0.131903 0.150181 0.169936 0.191124 0.213671 0.237482 0.262433 0.288381 0.315159 0.342585 0.370463 0.398586 0.426743 0.454722 0.482314 0.509316 0.535538 0.560802 0.584949 0.607835 0.629336 0.649349 0.667786 0.684581 0.69968 0.713047 0.724654 0.734486 0.742533 0.748792 0.753262 0.755943 0.756837 0.755943 0.753262 0.748792 0.742533 0.734486 0.724654 0.713047 0.69968 0.684581 0.667786 0.649349 0.629336 0.607835 0.584949 0.560802 0.535538 0.509316 0.482314 0.454722 0.426743 0.398586 0.370463 0.342585 0.315159 0.288381 0.262433 0.237482 0.213671 0.191124 0.169936 0.150181 0.131903 0.115126 0.0998471 0.0860425 0.0736702 0.062672 0.0529766 0.0445033 0.0371647 0.0308706 0.0255303 0.0210557 0.0173638 0.0143784 0.0120323 0.0102687 0.00904212 0.00831955 
0.0086524 0.00890648 0.00967577 0.0109813 0.0128578 0.0153527 0.0185257 0.0224469 0.0271957 0.0328587 0.0395272 0.0472951 0.0562552 0.0664969 0.0781023 0.091143 0.105676 0.121743 0.139362 0.158532 0.179225 0.201386 0.224937 0.249769 0.275752 0.302728 0.330523 0.358943 0.38778 0.41682 0.445842 0.474626 0.502957 0.530629 0.557448 0.583237 0.607835 0.631102 0.652919 0.673184 0.69182 0.708763 0.72397 0.737409 0.749062 0.75892 0.766979 0.773241 0.77771 0.780389 0.781282 0.780389 0.77771 0.773241 0.766979 0.75892 0.749062 0.737409 0.72397 0.708763 0.69182 0.673184 0.652919 0.631102 0.607835 0.583237 0.557448 0.530629 0.502957 0.474626 0.445842 0.41682 0.38778 0.358943 0.330523 0.302728 0.275752 0.249769 0.224937 0.201386 0.179225 0.158532 0.139362 0.121743 0.105676 0.091143 0.0781023 0.0664969 0.0562552 0.0472951 0.0395272 0.0328587 0.0271957 0.0224469 0.0185257 0.0153527 0.0128578 0.0109813 0.00967577 0.00890648 
0.0092158 0.00948502 0.0103 0.0116829 0.0136697 0.0163101 0.0196663 0.0238112 0.0288274 0.0348046 0.0418372 0.0500219 0.0594541 0.0702248 0.0824172 0.0961029 0.111338 0.128161 0.146589 0.166613 0.1882 0.211288 0.235791 0.26159 0.288544 0.316487 0.345233 0.374577 0.404303 0.434185 0.463997 0.49351 0.522505 0.550772 0.578115 0.604356 0.629336 0.652919 0.674987 0.695447 0.714225 0.731268 0.746536 0.760008 0.771672 0.781525 0.789571 0.795817 0.800271 0.80294 0.803829 0.80294 0.800271 0.795817 0.789571 0.781525 0.771672 0.760008 0.746536 0.731268 0.714225 0.695447 0.674987 0.652919 0.629336 0.604356 0.578115 0.550772 0.522505 0.49351 0.463997 0.434185 0.404303 0.374577 0.345233 0.316487 0.288544 0.26159 0.235791 0.211288 0.1882 0.166613 0.146589 0.128161 0.111338 0.0961029 0.0824172 0.0702248 0.0594541 0.0500219 0.0418372 0.0348046 0.0288274 0.0238112 0.0196663 0.0163101 0.0136697 0.0116829 0.0103 0.00948502 
0.0097649 0.0100488 0.0109081 0.0123657 0.0144593 0.0172404 0.0207735 0.0251344 0.0304084 0.0366882 0.0440712 0.0526565 0.0625416 0.0738192 0.0865732 0.100875 0.116779 0.134323 0.153517 0.17435 0.196782 0.220745 0.246142 0.272847 0.300709 0.329551 0.359177 0.389373 0.419913 0.450564 0.481089 0.511257 0.540841 0.56963 0.597426 0.624051 0.649349 0.673184 0.695447 0.716048 0.73492 0.752017 0.767307 0.780777 0.792421 0.802244 0.810257 0.816471 0.820898 0.82355 0.824434 0.82355 0.820898 0.816471 0.810257 0.802244 0.792421 0.780777 0.767307 0.752017 0.73492 0.716048 0.695447 0.673184 0.649349 0.624051 0.597426 0.56963 0.540841 0.511257 0.481089 0.450564 0.419913 0.389373 0.359177 0.329551 0.300709 0.272847 0.246142 0.220745 0.196782 0.17435 0.153517 0.134323 0.116779 0.100875 0.0865732 0.0738192 0.0625416 0.0526565 0.0440712 0.0366882 0.0304084 0.0251344 0.0207735 0.0172404 0.0144593 0.0123657 0.0109081 0.0100488 
