1.76599e-16 2.72227e-16 6.52275e-16 1.6765e-15 4.27174e-15 1.06684e-14 2.60734e-14 6.23418e-14 1.45817e-13 3.33627e-13 7.46677e-13 1.63463e-12 3.50051e-12 7.33306e-12 1.50282e-11 3.01322e-11 5.91153e-11 1.13491e-10 2.13242e-10 3.9218e-10 7.06096e-10 1.2447e-09 2.14857e-09 3.63221e-09 6.01422e-09 9.75482e-09 1.54999e-08 2.41288e-08 3.68013e-08 5.49957e-08 8.05263e-08 1.1553e-07 1.62405e-07 2.2369e-07 3.01885e-07 3.99195e-07 5.17242e-07 6.56747e-07 8.17237e-07 9.96827e-07 1.19212e-06 1.39825e-06 1.60913e-06 1.81781e-06 2.01693e-06 2.19925e-06 2.35811e-06 2.48776e-06 2.58365e-06 2.64248e-06 2.66231e-06 2.64248e-06 2.58365e-06 2.48776e-06 2.35811e-06 2.19925e-06 2.01693e-06 1.81781e-06 1.60913e-06 1.39825e-06 1.19212e-06 9.96827e-07 8.17237e-07 6.56747e-07 5.17242e-07 3.99195e-07 3.01885e-07 2.2369e-07 1.62405e-07 1.1553e-07 8.05263e-08 5.49957e-08 3.68013e-08 2.41288e-08 1.54999e-08 9.75482e-09 6.01422e-09 3.63221e-09 2.14857e-09 1.2447e-09 7.06096e-10 3.9218e-10 2.13242e-10 1.13491e-10 5.91153e-11 3.01322e-11 1.50282e-11 7.33306e-12 3.50051e-12 1.63463e-12 7.46677e-13 3.33627e-13 1.45817e-13 6.23418e-14 2.60734e-14 1.06684e-14 4.27174e-15 1.6765e-15 6.52275e-16 2.72227e-16 
2.72227e-16 4.18775e-16 1.00027e-15 2.56355e-15 6.5138e-15 1.62226e-14 3.95362e-14 9.42621e-14 2.1984e-13 5.01515e-13 1.11907e-12 2.44243e-12 5.21424e-12 1.08887e-11 2.22437e-11 4.44547e-11 8.69262e-11 1.66325e-10 3.11455e-10 5.70852e-10 1.02425e-09 1.79933e-09 3.09524e-09 5.21463e-09 8.605e-09 1.391e-08 2.20292e-08 3.41821e-08 5.19705e-08 7.74269e-08 1.13036e-07 1.61713e-07 2.26711e-07 3.11461e-07 4.19318e-07 5.53219e-07 7.15292e-07 9.06426e-07 1.12589e-06 1.37104e-06 1.6372e-06 1.91772e-06 2.20434e-06 2.48764e-06 2.7577e-06 3.00476e-06 3.21987e-06 3.39534e-06 3.52505e-06 3.60462e-06 3.63143e-06 3.60462e-06 3.52505e-06 3.39534e-06 3.21987e-06 3.00476e-06 2.7577e-06 2.48764e-06 2.20434e-06 1.91772e-06 1.6372e-06 1.37104e-06 1.12589e-06 9.06426e-07 7.15292e-07 5.53219e-07 4.19318e-07 3.11461e-07 2.26711e-07 1.61713e-07 1.13036e-07 7.74269e-08 5.19705e-08 3.41821e-08 2.20292e-08 1.391e-08 8.605e-09 5.21463e-09 3.09524e-09 1.79933e-09 1.02425e-09 5.70852e-10 3.11455e-10 1.66325e-10 8.69262e-11 4.44547e-11 2.22437e-11 1.08887e-11 5.21424e-12 2.44243e-12 1.11907e-12 5.01515e-13 2.1984e-13 9.42621e-14 3.95362e-14 1.62226e-14 6.5138e-15 2.56355e-15 1.00027e-15 4.18775e-16 
6.52275e-16 1.00027e-15 2.37771e-15 6.06693e-15 1.53497e-14 3.80643e-14 9.23636e-14 2.19241e-13 5.09021e-13 1.1559e-12 2.56722e-12 5.57646e-12 1.18471e-11 2.46173e-11 5.00343e-11 9.94791e-11 1.93498e-10 3.68259e-10 6.85842e-10 1.25013e-09 2.23056e-09 3.8965e-09 6.66512e-09 1.11657e-08 1.83218e-08 2.94526e-08 4.63875e-08 7.15895e-08 1.08269e-07 1.60473e-07 2.33109e-07 3.3189e-07 4.63147e-07 6.33494e-07 8.49325e-07 1.11616e-06 1.43787e-06 1.8159e-06 2.2485e-06 2.73024e-06 3.25179e-06 3.80011e-06 4.35907e-06 4.91042e-06 5.43508e-06 5.91434e-06 6.33108e-06 6.67068e-06 6.92152e-06 7.07532e-06 7.12713e-06 7.07532e-06 6.92152e-06 6.67068e-06 6.33108e-06 5.91434e-06 5.43508e-06 4.91042e-06 4.35907e-06 3.80011e-06 3.25179e-06 2.73024e-06 2.2485e-06 1.8159e-06 1.43787e-06 1.11616e-06 8.49325e-07 6.33494e-07 4.63147e-07 3.3189e-07 2.33109e-07 1.60473e-07 1.08269e-07 7.15895e-08 4.63875e-08 2.94526e-08 1.83218e-08 1.11657e-08 6.66512e-09 3.8965e-09 2.23056e-09 1.25013e-09 6.85842e-10 3.68259e-10 1.93498e-10 9.94791e-11 5.00343e-11 2.46173e-11 1.18471e-11 5.57646e-12 2.56722e-12 1.1559e-12 5.09021e-13 2.19241e-13 9.23636e-14 3.80643e-14 1.53497e-14 6.06693e-15 2.37771e-15 1.00027e-15 
1.6765e-15 2.56355e-15 6.06693e-15 1.54178e-14 3.88553e-14 9.59749e-14 2.31957e-13 5.48362e-13 1.26792e-12 2.86715e-12 6.34062e-12 1.37128e-11 2.90028e-11 5.99907e-11 1.21363e-10 2.40148e-10 4.64846e-10 8.80304e-10 1.63121e-09 2.95811e-09 5.25072e-09 9.12435e-09 1.55254e-08 2.58713e-08 4.22287e-08 6.75271e-08 1.05802e-07 1.62448e-07 2.44448e-07 3.60538e-07 5.21242e-07 7.38715e-07 1.02632e-06 1.3979e-06 1.86669e-06 2.44391e-06 3.13722e-06 3.94902e-06 4.87498e-06 5.90304e-06 7.01301e-06 8.17705e-06 9.36102e-06 1.05266e-05 1.16338e-05 1.26437e-05 1.35208e-05 1.42348e-05 1.47618e-05 1.50847e-05 1.51935e-05 1.50847e-05 1.47618e-05 1.42348e-05 1.35208e-05 1.26437e-05 1.16338e-05 1.05266e-05 9.36102e-06 8.17705e-06 7.01301e-06 5.90304e-06 4.87498e-06 3.94902e-06 3.13722e-06 2.44391e-06 1.86669e-06 1.3979e-06 1.02632e-06 7.38715e-07 5.21242e-07 3.60538e-07 2.44448e-07 1.62448e-07 1.05802e-07 6.75271e-08 4.22287e-08 2.58713e-08 1.55254e-08 9.12435e-09 5.25072e-09 2.95811e-09 1.63121e-09 8.80304e-10 4.64846e-10 2.40148e-10 1.21363e-10 5.99907e-11 2.90028e-11 1.37128e-11 6.34062e-12 2.86715e-12 1.26792e-12 5.48362e-13 2.31957e-13 9.59749e-14 3.88553e-14 1.54178e-14 6.06693e-15 2.56355e-15 
4.27174e-15 6.5138e-15 1.53497e-14 3.88553e-14 9.75501e-14 2.40037e-13 5.77898e-13 1.36084e-12 3.13401e-12 7.05827e-12 1.55447e-11 3.34767e-11 7.04988e-11 1.45182e-10 2.92387e-10 5.75906e-10 1.10954e-09 2.09113e-09 3.85602e-09 6.95802e-09 1.22886e-08 2.12458e-08 3.59653e-08 5.96239e-08 9.68207e-08 1.54031e-07 2.40111e-07 3.66817e-07 5.49259e-07 8.06209e-07 1.16012e-06 1.63672e-06 2.26407e-06 3.07098e-06 4.08466e-06 5.32785e-06 6.81545e-06 8.55119e-06 1.05246e-05 1.27091e-05 1.50612e-05 1.75218e-05 2.0019e-05 2.24726e-05 2.47992e-05 2.69183e-05 2.87563e-05 3.02511e-05 3.13535e-05 3.20288e-05 3.22562e-05 3.20288e-05 3.13535e-05 3.02511e-05 2.87563e-05 2.69183e-05 2.47992e-05 2.24726e-05 2.0019e-05 1.75218e-05 1.50612e-05 1.27091e-05 1.05246e-05 8.55119e-06 6.81545e-06 5.32785e-06 4.08466e-06 3.07098e-06 2.26407e-06 1.63672e-06 1.16012e-06 8.06209e-07 5.49259e-07 3.66817e-07 2.40111e-07 1.54031e-07 9.68207e-08 5.96239e-08 3.59653e-08 2.12458e-08 1.22886e-08 6.95802e-09 3.85602e-09 2.09113e-09 1.10954e-09 5.75906e-10 2.92387e-10 1.45182e-10 7.04988e-11 3.34767e-11 1.55447e-11 7.05827e-12 3.13401e-12 1.36084e-12 5.77898e-13 2.40037e-13 9.75501e-14 3.88553e-14 1.53497e-14 6.5138e-15 
1.06684e-14 1.62226e-14 3.80643e-14 9.59749e-14 2.40037e-13 5.88394e-13 1.41111e-12 3.30989e-12 7.59228e-12 1.70296e-11 3.735e-11 8.00971e-11 1.67951e-10 3.44349e-10 6.90377e-10 1.35357e-09 2.59553e-09 4.86831e-09 8.9332e-09 1.60394e-08 2.81841e-08 4.84781e-08 8.16406e-08 1.34642e-07 2.17501e-07 3.44221e-07 5.3382e-07 8.11356e-07 1.20881e-06 1.76559e-06 2.52851e-06 3.5508e-06 4.88999e-06 6.60455e-06 8.74907e-06 1.13683e-05 1.44903e-05 1.812e-05 2.22329e-05 2.67716e-05 3.16448e-05 3.67298e-05 4.18785e-05 4.69269e-05 5.17056e-05 5.60512e-05 5.98157e-05 6.2874e-05 6.51278e-05 6.65075e-05 6.6972e-05 6.65075e-05 6.51278e-05 6.2874e-05 5.98157e-05 5.60512e-05 5.17056e-05 4.69269e-05 4.18785e-05 3.67298e-05 3.16448e-05 2.67716e-05 2.22329e-05 1.812e-05 1.44903e-05 1.13683e-05 8.74907e-06 6.60455e-06 4.88999e-06 3.5508e-06 2.52851e-06 1.76559e-06 1.20881e-06 8.11356e-07 5.3382e-07 3.44221e-07 2.17501e-07 1.34642e-07 8.16406e-08 4.84781e-08 2.81841e-08 1.60394e-08 8.9332e-09 4.86831e-09 2.59553e-09 1.35357e-09 6.90377e-10 3.44349e-10 1.67951e-10 8.00971e-11 3.735e-11 1.70296e-11 7.59228e-12 3.30989e-12 1.41111e-12 5.88394e-13 2.40037e-13 9.59749e-14 3.80643e-14 1.62226e-14 
2.60734e-14 3.95362e-14 9.23636e-14 2.31957e-13 5.77898e-13 1.41111e-12 3.37097e-12 7.87558e-12 1.79924e-11 4.0192e-11 8.77828e-11 1.87449e-10 3.91342e-10 7.988e-10 1.59422e-09 3.11115e-09 5.93742e-09 1.10825e-08 2.02353e-08 3.61487e-08 6.31938e-08 1.08131e-07 1.81141e-07 2.97153e-07 4.77464e-07 7.51621e-07 1.15945e-06 1.753e-06 2.59823e-06 3.77579e-06 5.38064e-06 7.51989e-06 1.03083e-05 1.38612e-05 1.82848e-05 2.36643e-05 3.00506e-05 3.74472e-05 4.57991e-05 5.49859e-05 6.48205e-05 7.50549e-05 8.53926e-05 9.55071e-05 0.000105063 0.000113739 0.000121245 0.000127336 0.00013182 0.000134565 0.000135488 0.000134565 0.00013182 0.000127336 0.000121245 0.000113739 0.000105063 9.55071e-05 8.53926e-05 7.50549e-05 6.48205e-05 5.49859e-05 4.57991e-05 3.74472e-05 3.00506e-05 2.36643e-05 1.82848e-05 1.38612e-05 1.03083e-05 7.51989e-06 5.38064e-06 3.77579e-06 2.59823e-06 1.753e-06 1.15945e-06 7.51621e-07 4.77464e-07 2.97153e-07 1.81141e-07 1.08131e-07 6.31938e-08 3.61487e-08 2.02353e-08 1.10825e-08 5.93742e-09 3.11115e-09 1.59422e-09 7.988e-10 3.91342e-10 1.87449e-10 8.77828e-11 4.0192e-11 1.79924e-11 7.87558e-12 3.37097e-12 1.41111e-12 5.77898e-13 2.31957e-13 9.23636e-14 3.95362e-14 
6.23418e-14 9.42621e-14 2.19241e-13 5.48362e-13 1.36084e-12 3.30989e-12 7.87558e-12 1.83258e-11 4.16959e-11 9.2755e-11 2.01728e-10 4.28907e-10 8.91497e-10 1.81152e-09 3.59875e-09 6.98996e-09 1.32757e-08 2.46577e-08 4.47956e-08 7.96131e-08 1.38449e-07 2.35643e-07 3.92627e-07 6.4059e-07 1.02368e-06 1.60266e-06 2.45878e-06 3.69741e-06 5.45092e-06 7.87985e-06 1.11716e-05 1.55358e-05 2.11945e-05 2.83684e-05 3.72579e-05 4.80194e-05 6.07405e-05 7.54153e-05 9.19244e-05 0.000110022 0.000129335 0.000149377 0.000169569 0.00018928 0.000207866 0.000224711 0.000239263 0.000251058 0.000259736 0.000265042 0.000266827 0.000265042 0.000259736 0.000251058 0.000239263 0.000224711 0.000207866 0.00018928 0.000169569 0.000149377 0.000129335 0.000110022 9.19244e-05 7.54153e-05 6.07405e-05 4.80194e-05 3.72579e-05 2.83684e-05 2.11945e-05 1.55358e-05 1.11716e-05 7.87985e-06 5.45092e-06 3.69741e-06 2.45878e-06 1.60266e-06 1.02368e-06 6.4059e-07 3.92627e-07 2.35643e-07 1.38449e-07 7.96131e-08 4.47956e-08 2.46577e-08 1.32757e-08 6.98996e-09 3.59875e-09 1.81152e-09 8.91497e-10 4.28907e-10 2.01728e-10 9.2755e-11 4.16959e-11 1.83258e-11 7.87558e-12 3.30989e-12 1.36084e-12 5.48362e-13 2.19241e-13 9.42621e-14 
1.45817e-13 2.1984e-13 5.09021e-13 1.26792e-12 3.13401e-12 7.59228e-12 1.79924e-11 4.16959e-11 9.4476e-11 2.09282e-10 4.53203e-10 9.59369e-10 1.98518e-09 4.01549e-09 7.93991e-09 1.53483e-08 2.90079e-08 5.3609e-08 9.68937e-08 1.71306e-07 2.96321e-07 5.01614e-07 8.31199e-07 1.34861e-06 2.14306e-06 3.33632e-06 5.08983e-06 7.61122e-06 1.1159e-05 1.6044e-05 2.26257e-05 3.1302e-05 4.24904e-05 5.66004e-05 7.39967e-05 9.49564e-05 0.000119622 0.000147956 0.000179708 0.00021439 0.000251279 0.000289444 0.000327793 0.000365139 0.000400278 0.000432068 0.000459488 0.000481687 0.000498003 0.000507974 0.000511327 0.000507974 0.000498003 0.000481687 0.000459488 0.000432068 0.000400278 0.000365139 0.000327793 0.000289444 0.000251279 0.00021439 0.000179708 0.000147956 0.000119622 9.49564e-05 7.39967e-05 5.66004e-05 4.24904e-05 3.1302e-05 2.26257e-05 1.6044e-05 1.1159e-05 7.61122e-06 5.08983e-06 3.33632e-06 2.14306e-06 1.34861e-06 8.31199e-07 5.01614e-07 2.96321e-07 1.71306e-07 9.68937e-08 5.3609e-08 2.90079e-08 1.53483e-08 7.93991e-09 4.01549e-09 1.98518e-09 9.59369e-10 4.53203e-10 2.09282e-10 9.4476e-11 4.16959e-11 1.79924e-11 7.59228e-12 3.13401e-12 1.26792e-12 5.09021e-13 2.1984e-13 
3.33627e-13 5.01515e-13 1.1559e-12 2.86715e-12 7.05827e-12 1.70296e-11 4.0192e-11 9.2755e-11 2.09282e-10 4.61613e-10 9.95273e-10 2.0975e-09 4.32059e-09 8.69893e-09 1.71191e-08 3.2932e-08 6.19321e-08 1.13875e-07 2.04751e-07 3.60075e-07 6.19477e-07 1.04287e-06 1.7184e-06 2.77226e-06 4.38011e-06 6.77967e-06 1.02833e-05 1.52891e-05 2.22881e-05 3.18653e-05 4.46903e-05 6.14966e-05 8.30446e-05 0.000110069 0.000143213 0.000182946 0.000229484 0.000282708 0.000342105 0.000406737 0.000475243 0.000545895 0.000616683 0.000685443 0.000749997 0.000808285 0.000858479 0.000899061 0.00092886 0.000947059 0.000953178 0.000947059 0.00092886 0.000899061 0.000858479 0.000808285 0.000749997 0.000685443 0.000616683 0.000545895 0.000475243 0.000406737 0.000342105 0.000282708 0.000229484 0.000182946 0.000143213 0.000110069 8.30446e-05 6.14966e-05 4.46903e-05 3.18653e-05 2.22881e-05 1.52891e-05 1.02833e-05 6.77967e-06 4.38011e-06 2.77226e-06 1.7184e-06 1.04287e-06 6.19477e-07 3.60075e-07 2.04751e-07 1.13875e-07 6.19321e-08 3.2932e-08 1.71191e-08 8.69893e-09 4.32059e-09 2.0975e-09 9.95273e-10 4.61613e-10 2.09282e-10 9.2755e-11 4.0192e-11 1.70296e-11 7.05827e-12 2.86715e-12 1.1559e-12 5.01515e-13 
7.46677e-13 1.11907e-12 2.56722e-12 6.34062e-12 1.55447e-11 3.735e-11 8.77828e-11 2.01728e-10 4.53203e-10 9.95273e-10 2.13637e-09 4.48198e-09 9.18981e-09 1.84154e-08 3.60665e-08 6.90398e-08 1.29183e-07 2.36305e-07 4.22643e-07 7.39249e-07 1.2648e-06 2.11728e-06 3.46883e-06 5.56371e-06 8.73896e-06 1.34465e-05 2.02745e-05 2.99656e-05 4.34266e-05 6.17267e-05 8.60771e-05 0.000117789 0.000158203 0.000208596 0.000270057 0.000343349 0.000428766 0.000525999 0.000634039 0.000751128 0.000874778 0.00100187 0.00112882 0.00125181 0.00136699 0.00147078 0.00156001 0.00163205 0.00168489 0.00171714 0.00172798 0.00171714 0.00168489 0.00163205 0.00156001 0.00147078 0.00136699 0.00125181 0.00112882 0.00100187 0.000874778 0.000751128 0.000634039 0.000525999 0.000428766 0.000343349 0.000270057 0.000208596 0.000158203 0.000117789 8.60771e-05 6.17267e-05 4.34266e-05 2.99656e-05 2.02745e-05 1.34465e-05 8.73896e-06 5.56371e-06 3.46883e-06 2.11728e-06 1.2648e-06 7.39249e-07 4.22643e-07 2.36305e-07 1.29183e-07 6.90398e-08 3.60665e-08 1.84154e-08 9.18981e-09 4.48198e-09 2.13637e-09 9.95273e-10 4.53203e-10 2.01728e-10 8.77828e-11 3.735e-11 1.55447e-11 6.34062e-12 2.56722e-12 1.11907e-12 
1.63463e-12 2.44243e-12 5.57646e-12 1.37128e-11 3.34767e-11 8.00971e-11 1.87449e-10 4.28907e-10 9.59369e-10 2.0975e-09 4.48198e-09 9.3597e-09 1.9101e-08 3.80933e-08 7.42409e-08 1.41404e-07 2.63232e-07 4.78989e-07 8.52102e-07 1.48224e-06 2.52178e-06 4.19729e-06 6.83646e-06 1.09001e-05 1.70181e-05 2.60268e-05 3.90041e-05 5.72967e-05 8.25321e-05 0.000116608 0.000161649 0.000219925 0.000293728 0.000385193 0.000496097 0.000627617 0.000780089 0.0009528 0.00114382 0.00134997 0.00156681 0.00178889 0.00201002 0.00222362 0.00242317 0.00260259 0.00275654 0.00288066 0.0029716 0.00302706 0.00304569 0.00302706 0.0029716 0.00288066 0.00275654 0.00260259 0.00242317 0.00222362 0.00201002 0.00178889 0.00156681 0.00134997 0.00114382 0.0009528 0.000780089 0.000627617 0.000496097 0.000385193 0.000293728 0.000219925 0.000161649 0.000116608 8.25321e-05 5.72967e-05 3.90041e-05 2.60268e-05 1.70181e-05 1.09001e-05 6.83646e-06 4.19729e-06 2.52178e-06 1.48224e-06 8.52102e-07 4.78989e-07 2.63232e-07 1.41404e-07 7.42409e-08 3.80933e-08 1.9101e-08 9.3597e-09 4.48198e-09 2.0975e-09 9.59369e-10 4.28907e-10 1.87449e-10 8.00971e-11 3.34767e-11 1.37128e-11 5.57646e-12 2.44243e-12 
3.50051e-12 5.21424e-12 1.18471e-11 2.90028e-11 7.04988e-11 1.67951e-10 3.91342e-10 8.91497e-10 1.98518e-09 4.32059e-09 9.18981e-09 1.9101e-08 3.87947e-08 7.69916e-08 1.49304e-07 2.82927e-07 5.23944e-07 9.48314e-07 1.67781e-06 2.90227e-06 4.90952e-06 8.12381e-06 1.31532e-05 2.08446e-05 3.23443e-05 4.9159e-05 7.321e-05 0.000106871 0.00015298 0.000214804 0.000295956 0.000400243 0.000531441 0.000693002 0.000887698 0.00111724 0.00138187 0.00168006 0.00200828 0.00236087 0.00273022 0.00310707 0.00348102 0.00384113 0.00417665 0.00447763 0.00473538 0.00494286 0.00509469 0.00518721 0.00521828 0.00518721 0.00509469 0.00494286 0.00473538 0.00447763 0.00417665 0.00384113 0.00348102 0.00310707 0.00273022 0.00236087 0.00200828 0.00168006 0.00138187 0.00111724 0.000887698 0.000693002 0.000531441 0.000400243 0.000295956 0.000214804 0.00015298 0.000106871 7.321e-05 4.9159e-05 3.23443e-05 2.08446e-05 1.31532e-05 8.12381e-06 4.90952e-06 2.90227e-06 1.67781e-06 9.48314e-07 5.23944e-07 2.82927e-07 1.49304e-07 7.69916e-08 3.87947e-08 1.9101e-08 9.18981e-09 4.32059e-09 1.98518e-09 8.91497e-10 3.91342e-10 1.67951e-10 7.04988e-11 2.90028e-11 1.18471e-11 5.21424e-12 
7.33306e-12 1.08887e-11 2.46173e-11 5.99907e-11 1.45182e-10 3.44349e-10 7.988e-10 1.81152e-09 4.01549e-09 8.69893e-09 1.84154e-08 3.80933e-08 7.69916e-08 1.52037e-07 2.9334e-07 5.5299e-07 1.01864e-06 1.83369e-06 3.22626e-06 5.54908e-06 9.33231e-06 1.53505e-05 2.4703e-05 3.89063e-05 5.99917e-05 9.06e-05 0.000134061 0.000194443 0.000276544 0.000385823 0.000528229 0.000709935 0.000936948 0.00121462 0.00154709 0.00193663 0.00238311 0.00288345 0.00343131 0.00401704 0.00462793 0.00524872 0.00586247 0.00645161 0.00699894 0.00748871 0.00790727 0.00824361 0.00848945 0.00863911 0.00868935 0.00863911 0.00848945 0.00824361 0.00790727 0.00748871 0.00699894 0.00645161 0.00586247 0.00524872 0.00462793 0.00401704 0.00343131 0.00288345 0.00238311 0.00193663 0.00154709 0.00121462 0.000936948 0.000709935 0.000528229 0.000385823 0.000276544 0.000194443 0.000134061 9.06e-05 5.99917e-05 3.89063e-05 2.4703e-05 1.53505e-05 9.33231e-06 5.54908e-06 3.22626e-06 1.83369e-06 1.01864e-06 5.5299e-07 2.9334e-07 1.52037e-07 7.69916e-08 3.80933e-08 1.84154e-08 8.69893e-09 4.01549e-09 1.81152e-09 7.988e-10 3.44349e-10 1.45182e-10 5.99907e-11 2.46173e-11 1.08887e-11 
1.50282e-11 2.22437e-11 5.00343e-11 1.21363e-10 2.92387e-10 6.90377e-10 1.59422e-09 3.59875e-09 7.93991e-09 1.71191e-08 3.60665e-08 7.42409e-08 1.49304e-07 2.9334e-07 5.63039e-07 1.05581e-06 1.93436e-06 3.46289e-06 6.05828e-06 1.03598e-05 1.73197e-05 2.83163e-05 4.52867e-05 7.08753e-05 0.000108586 0.000162921 0.000239493 0.000345066 0.000487522 0.000675692 0.000919058 0.00122728 0.00160956 0.00207386 0.002626 0.00326873 0.00400085 0.00481649 0.00570473 0.00664957 0.00763036 0.0086228 0.00960019 0.0105351 0.0114011 0.0121739 0.0128329 0.0133616 0.0137474 0.0139821 0.0140608 0.0139821 0.0137474 0.0133616 0.0128329 0.0121739 0.0114011 0.0105351 0.00960019 0.0086228 0.00763036 0.00664957 0.00570473 0.00481649 0.00400085 0.00326873 0.002626 0.00207386 0.00160956 0.00122728 0.000919058 0.000675692 0.000487522 0.000345066 0.000239493 0.000162921 0.000108586 7.08753e-05 4.52867e-05 2.83163e-05 1.73197e-05 1.03598e-05 6.05828e-06 3.46289e-06 1.93436e-06 1.05581e-06 5.63039e-07 2.9334e-07 1.49304e-07 7.42409e-08 3.60665e-08 1.71191e-08 7.93991e-09 3.59875e-09 1.59422e-09 6.90377e-10 2.92387e-10 1.21363e-10 5.00343e-11 2.22437e-11 
3.01322e-11 4.44547e-11 9.94791e-11 2.40148e-10 5.75906e-10 1.35357e-09 3.11115e-09 6.98996e-09 1.53483e-08 3.2932e-08 6.90398e-08 1.41404e-07 2.82927e-07 5.5299e-07 1.05581e-06 1.96917e-06 3.58788e-06 6.38686e-06 1.11094e-05 1.88854e-05 3.13826e-05 5.09914e-05 8.10376e-05 0.000126012 0.000191795 0.000285856 0.000417382 0.000597299 0.000838152 0.00115378 0.00155879 0.00206775 0.00269421 0.00344944 0.00434113 0.005372 0.00653856 0.0078302 0.00922866 0.0107082 0.0122364 0.0137758 0.0152855 0.0167244 0.0180528 0.0192349 0.0202406 0.0210457 0.0216325 0.0219891 0.0221087 0.0219891 0.0216325 0.0210457 0.0202406 0.0192349 0.0180528 0.0167244 0.0152855 0.0137758 0.0122364 0.0107082 0.00922866 0.0078302 0.00653856 0.005372 0.00434113 0.00344944 0.00269421 0.00206775 0.00155879 0.00115378 0.000838152 0.000597299 0.000417382 0.000285856 0.000191795 0.000126012 8.10376e-05 5.09914e-05 3.13826e-05 1.88854e-05 1.11094e-05 6.38686e-06 3.58788e-06 1.96917e-06 1.05581e-06 5.5299e-07 2.82927e-07 1.41404e-07 6.90398e-08 3.2932e-08 1.53483e-08 6.98996e-09 3.11115e-09 1.35357e-09 5.75906e-10 2.40148e-10 9.94791e-11 4.44547e-11 
5.91153e-11 8.69262e-11 1.93498e-10 4.64846e-10 1.10954e-09 2.59553e-09 5.93742e-09 1.32757e-08 2.90079e-08 6.19321e-08 1.29183e-07 2.63232e-07 5.23944e-07 1.01864e-06 1.93436e-06 3.58788e-06 6.50046e-06 1.15051e-05 1.98947e-05 3.36167e-05 5.55191e-05 8.96425e-05 0.000141549 0.000218662 0.000330591 0.000489378 0.000709635 0.00100849 0.00140528 0.001921 0.00257735 0.00339547 0.00439444 0.0055894 0.00698965 0.00859673 0.0104028 0.0123894 0.0145272 0.0167759 0.0190863 0.0214023 0.0236638 0.0258106 0.0277857 0.0295381 0.0310251 0.0322131 0.0330777 0.0336025 0.0337784 0.0336025 0.0330777 0.0322131 0.0310251 0.0295381 0.0277857 0.0258106 0.0236638 0.0214023 0.0190863 0.0167759 0.0145272 0.0123894 0.0104028 0.00859673 0.00698965 0.0055894 0.00439444 0.00339547 0.00257735 0.001921 0.00140528 0.00100849 0.000709635 0.000489378 0.000330591 0.000218662 0.000141549 8.96425e-05 5.55191e-05 3.36167e-05 1.98947e-05 1.15051e-05 6.50046e-06 3.58788e-06 1.93436e-06 1.01864e-06 5.23944e-07 2.63232e-07 1.29183e-07 6.19321e-08 2.90079e-08 1.32757e-08 5.93742e-09 2.59553e-09 1.10954e-09 4.64846e-10 1.93498e-10 8.69262e-11 
1.13491e-10 1.66325e-10 3.68259e-10 8.80304e-10 2.09113e-09 4.86831e-09 1.10825e-08 2.46577e-08 5.3609e-08 1.13875e-07 2.36305e-07 4.78989e-07 9.48314e-07 1.83369e-06 3.46289e-06 6.38686e-06 1.15051e-05 2.02435e-05 3.47953e-05 5.84347e-05 9.59025e-05 0.000153855 0.000241353 0.000370348 0.000556109 0.000817515 0.00117713 0.00166099 0.00229799 0.00311885 0.00415463 0.00543481 0.00698494 0.00882405 0.010962 0.0133971 0.0161137 0.0190811 0.0222535 0.0255702 0.0289588 0.0323379 0.0356222 0.0387268 0.0415724 0.0440891 0.0462189 0.0479168 0.0491502 0.0498981 0.0501487 0.0498981 0.0491502 0.0479168 0.0462189 0.0440891 0.0415724 0.0387268 0.0356222 0.0323379 0.0289588 0.0255702 0.0222535 0.0190811 0.0161137 0.0133971 0.010962 0.00882405 0.00698494 0.00543481 0.00415463 0.00311885 0.00229799 0.00166099 0.00117713 0.000817515 0.000556109 0.000370348 0.000241353 0.000153855 9.59025e-05 5.84347e-05 3.47953e-05 2.02435e-05 1.15051e-05 6.38686e-06 3.46289e-06 1.83369e-06 9.48314e-07 4.78989e-07 2.36305e-07 1.13875e-07 5.3609e-08 2.46577e-08 1.10825e-08 4.86831e-09 2.09113e-09 8.80304e-10 3.68259e-10 1.66325e-10 
2.13242e-10 3.11455e-10 6.85842e-10 1.63121e-09 3.85602e-09 8.9332e-09 2.02353e-08 4.47956e-08 9.68937e-08 2.04751e-07 4.22643e-07 8.52102e-07 1.67781e-06 3.22626e-06 6.05828e-06 1.11094e-05 1.98947e-05 3.47953e-05 5.94417e-05 9.92017e-05 0.000161769 0.00025783 0.000401762 0.000612293 0.000913028 0.00133273 0.00190523 0.00266887 0.0036654 0.00493823 0.00653011 0.00848023 0.010821 0.0135743 0.0167484 0.0203343 0.024304 0.0286084 0.0331782 0.0379251 0.0427457 0.0475264 0.0521496 0.0565003 0.0604723 0.0639731 0.066927 0.0692764 0.0709801 0.0720119 0.0723573 0.0720119 0.0709801 0.0692764 0.066927 0.0639731 0.0604723 0.0565003 0.0521496 0.0475264 0.0427457 0.0379251 0.0331782 0.0286084 0.024304 0.0203343 0.0167484 0.0135743 0.010821 0.00848023 0.00653011 0.00493823 0.0036654 0.00266887 0.00190523 0.00133273 0.000913028 0.000612293 0.000401762 0.00025783 0.000161769 9.92017e-05 5.94417e-05 3.47953e-05 1.98947e-05 1.11094e-05 6.05828e-06 3.22626e-06 1.67781e-06 8.52102e-07 4.22643e-07 2.04751e-07 9.68937e-08 4.47956e-08 2.02353e-08 8.9332e-09 3.85602e-09 1.63121e-09 6.85842e-10 3.11455e-10 
3.9218e-10 5.70852e-10 1.25013e-09 2.95811e-09 6.95802e-09 1.60394e-08 3.61487e-08 7.96131e-08 1.71306e-07 3.60075e-07 7.39249e-07 1.48224e-06 2.90227e-06 5.54908e-06 1.03598e-05 1.88854e-05 3.36167e-05 5.84347e-05 9.92017e-05 0.0001645 0.000266504 0.000421932 0.000653004 0.000988288 0.00146328 0.00212054 0.00300929 0.00418425 0.00570368 0.00762664 0.0100095 0.0129017 0.0163417 0.0203516 0.0249338 0.0300665 0.0357021 0.0417653 0.048155 0.0547467 0.0613979 0.0679554 0.0742629 0.0801702 0.0855403 0.0902559 0.0942225 0.0973693 0.099647 0.101025 0.101486 0.101025 0.099647 0.0973693 0.0942225 0.0902559 0.0855403 0.0801702 0.0742629 0.0679554 0.0613979 0.0547467 0.048155 0.0417653 0.0357021 0.0300665 0.0249338 0.0203516 0.0163417 0.0129017 0.0100095 0.00762664 0.00570368 0.00418425 0.00300929 0.00212054 0.00146328 0.000988288 0.000653004 0.000421932 0.000266504 0.0001645 9.92017e-05 5.84347e-05 3.36167e-05 1.88854e-05 1.03598e-05 5.54908e-06 2.90227e-06 1.48224e-06 7.39249e-07 3.60075e-07 1.71306e-07 7.96131e-08 3.61487e-08 1.60394e-08 6.95802e-09 2.95811e-09 1.25013e-09 5.70852e-10 
7.06096e-10 1.02425e-09 2.23056e-09 5.25072e-09 1.22886e-08 2.81841e-08 6.31938e-08 1.38449e-07 2.96321e-07 6.19477e-07 1.2648e-06 2.52178e-06 4.90952e-06 9.33231e-06 1.73197e-05 3.13826e-05 5.55191e-05 9.59025e-05 0.000161769 0.000266504 0.000428888 0.00067441 0.00103652 0.00155764 0.00228965 0.00329376 0.0046394 0.00640213 0.0086604 0.0114914 0.014966 0.019143 0.0240637 0.0297457 0.0361787 0.0433202 0.0510935 0.0593877 0.0680602 0.0769413 0.0858416 0.0945613 0.102901 0.110671 0.117703 0.123853 0.129009 0.133088 0.136034 0.137814 0.138409 0.137814 0.136034 0.133088 0.129009 0.123853 0.117703 0.110671 0.102901 0.0945613 0.0858416 0.0769413 0.0680602 0.0593877 0.0510935 0.0433202 0.0361787 0.0297457 0.0240637 0.019143 0.014966 0.0114914 0.0086604 0.00640213 0.0046394 0.00329376 0.00228965 0.00155764 0.00103652 0.00067441 0.000428888 0.000266504 0.000161769 9.59025e-05 5.55191e-05 3.13826e-05 1.73197e-05 9.33231e-06 4.90952e-06 2.52178e-06 1.2648e-06 6.19477e-07 2.96321e-07 1.38449e-07 6.31938e-08 2.81841e-08 1.22886e-08 5.25072e-09 2.23056e-09 1.02425e-09 
1.2447e-09 1.79933e-09 3.8965e-09 9.12435e-09 2.12458e-08 4.84781e-08 1.08131e-07 2.35643e-07 5.01614e-07 1.04287e-06 2.11728e-06 4.19729e-06 8.12381e-06 1.53505e-05 2.83163e-05 5.09914e-05 8.96425e-05 0.000153855 0.00025783 0.000421932 0.00067441 0.00105314 0.00160718 0.0023978 0.00349879 0.00499558 0.00698312 0.00956224 0.0128347 0.016897 0.0218335 0.0277091 0.0345618 0.042397 0.0511818 0.0608419 0.0712607 0.0822807 0.0937075 0.105318 0.116869 0.128109 0.138794 0.148695 0.157611 0.165375 0.171862 0.176979 0.180667 0.182891 0.183634 0.182891 0.180667 0.176979 0.171862 0.165375 0.157611 0.148695 0.138794 0.128109 0.116869 0.105318 0.0937075 0.0822807 0.0712607 0.0608419 0.0511818 0.042397 0.0345618 0.0277091 0.0218335 0.016897 0.0128347 0.00956224 0.00698312 0.00499558 0.00349879 0.0023978 0.00160718 0.00105314 0.00067441 0.000421932 0.00025783 0.000153855 8.96425e-05 5.09914e-05 2.83163e-05 1.53505e-05 8.12381e-06 4.19729e-06 2.11728e-06 1.04287e-06 5.01614e-07 2.35643e-07 1.08131e-07 4.84781e-08 2.12458e-08 9.12435e-09 3.8965e-09 1.79933e-09 
2.14857e-09 3.09524e-09 6.66512e-09 1.55254e-08 3.59653e-08 8.16406e-08 1.81141e-07 3.92627e-07 8.31199e-07 1.7184e-06 3.46883e-06 6.83646e-06 1.31532e-05 2.4703e-05 4.52867e-05 8.10376e-05 0.000141549 0.000241353 0.000401762 0.000653004 0.00103652 0.00160718 0.00243503 0.00360625 0.00522282 0.00740051 0.010265 0.0139463 0.0185711 0.0242544 0.0310899 0.0391418 0.0484356 0.0589525 0.070624 0.0833311 0.0969039 0.111127 0.125745 0.140474 0.155015 0.169063 0.182329 0.194549 0.205496 0.214986 0.222884 0.229094 0.233559 0.236248 0.237145 0.236248 0.233559 0.229094 0.222884 0.214986 0.205496 0.194549 0.182329 0.169063 0.155015 0.140474 0.125745 0.111127 0.0969039 0.0833311 0.070624 0.0589525 0.0484356 0.0391418 0.0310899 0.0242544 0.0185711 0.0139463 0.010265 0.00740051 0.00522282 0.00360625 0.00243503 0.00160718 0.00103652 0.000653004 0.000401762 0.000241353 0.000141549 8.10376e-05 4.52867e-05 2.4703e-05 1.31532e-05 6.83646e-06 3.46883e-06 1.7184e-06 8.31199e-07 3.92627e-07 1.81141e-07 8.16406e-08 3.59653e-08 1.55254e-08 6.66512e-09 3.09524e-09 
3.63221e-09 5.21463e-09 1.11657e-08 2.58713e-08 5.96239e-08 1.34642e-07 2.97153e-07 6.4059e-07 1.34861e-06 2.77226e-06 5.56371e-06 1.09001e-05 2.08446e-05 3.89063e-05 7.08753e-05 0.000126012 0.000218662 0.000370348 0.000612293 0.000988288 0.00155764 0.0023978 0.00360625 0.00530094 0.00761885 0.0107122 0.014742 0.0198696 0.0262461 0.0340005 0.0432287 0.0539825 0.0662615 0.080007 0.0950992 0.111359 0.128549 0.146386 0.164547 0.182684 0.20044 0.217464 0.233427 0.248038 0.261053 0.272281 0.281586 0.288878 0.294108 0.297252 0.2983 0.297252 0.294108 0.288878 0.281586 0.272281 0.261053 0.248038 0.233427 0.217464 0.20044 0.182684 0.164547 0.146386 0.128549 0.111359 0.0950992 0.080007 0.0662615 0.0539825 0.0432287 0.0340005 0.0262461 0.0198696 0.014742 0.0107122 0.00761885 0.00530094 0.00360625 0.0023978 0.00155764 0.000988288 0.000612293 0.000370348 0.000218662 0.000126012 7.08753e-05 3.89063e-05 2.08446e-05 1.09001e-05 5.56371e-06 2.77226e-06 1.34861e-06 6.4059e-07 2.97153e-07 1.34642e-07 5.96239e-08 2.58713e-08 1.11657e-08 5.21463e-09 
6.01422e-09 8.605e-09 1.83218e-08 4.22287e-08 9.68207e-08 2.17501e-07 4.77464e-07 1.02368e-06 2.14306e-06 4.38011e-06 8.73896e-06 1.70181e-05 3.23443e-05 5.99917e-05 0.000108586 0.000191795 0.000330591 0.000556109 0.000913028 0.00146328 0.00228965 0.00349879 0.00522282 0.00761885 0.0108657 0.0151573 0.0206932 0.0276658 0.0362462 0.0465694 0.0587206 0.072724 0.0885347 0.106035 0.125036 0.145282 0.166457 0.188201 0.210119 0.231801 0.252841 0.272847 0.291466 0.308392 0.323377 0.336237 0.346847 0.355131 0.361056 0.364611 0.365795 0.364611 0.361056 0.355131 0.346847 0.336237 0.323377 0.308392 0.291466 0.272847 0.252841 0.231801 0.210119 0.188201 0.166457 0.145282 0.125036 0.106035 0.0885347 0.072724 0.0587206 0.0465694 0.0362462 0.0276658 0.0206932 0.0151573 0.0108657 0.00761885 0.00522282 0.00349879 0.00228965 0.00146328 0.000913028 0.000556109 0.000330591 0.000191795 0.000108586 5.99917e-05 3.23443e-05 1.70181e-05 8.73896e-06 4.38011e-06 2.14306e-06 1.02368e-06 4.77464e-07 2.17501e-07 9.68207e-08 4.22287e-08 1.83218e-08 8.605e-09 
9.75482e-09 1.391e-08 2.94526e-08 6.75271e-08 1.54031e-07 3.44221e-07 7.51621e-07 1.60266e-06 3.33632e-06 6.77967e-06 1.34465e-05 2.60268e-05 4.9159e-05 9.06e-05 0.000162921 0.000285856 0.000489378 0.000817515 0.00133273 0.00212054 0.00329376 0.00499558 0.00740051 0.0107122 0.0151573 0.0209755 0.028405 0.0376655 0.0489395 0.0623548 0.0779684 0.095756 0.115607 0.137323 0.160626 0.18517 0.21055 0.236325 0.262032 0.287208 0.311406 0.334214 0.355269 0.374269 0.390981 0.405241 0.416949 0.426055 0.432548 0.436436 0.43773 0.436436 0.432548 0.426055 0.416949 0.405241 0.390981 0.374269 0.355269 0.334214 0.311406 0.287208 0.262032 0.236325 0.21055 0.18517 0.160626 0.137323 0.115607 0.095756 0.0779684 0.0623548 0.0489395 0.0376655 0.028405 0.0209755 0.0151573 0.0107122 0.00740051 0.00499558 0.00329376 0.00212054 0.00133273 0.000817515 0.000489378 0.000285856 0.000162921 9.06e-05 4.9159e-05 2.60268e-05 1.34465e-05 6.77967e-06 3.33632e-06 1.60266e-06 7.51621e-07 3.44221e-07 1.54031e-07 6.75271e-08 2.94526e-08 1.391e-08 
1.54999e-08 2.20292e-08 4.63875e-08 1.05802e-07 2.40111e-07 5.3382e-07 1.15945e-06 2.45878e-06 5.08983e-06 1.02833e-05 2.02745e-05 3.90041e-05 7.321e-05 0.000134061 0.000239493 0.000417382 0.000709635 0.00117713 0.00190523 0.00300929 0.0046394 0.00698312 0.010265 0.014742 0.0206932 0.028405 0.0381511 0.0501702 0.0646426 0.0816699 0.101259 0.123312 0.147627 0.173906 0.201763 0.230747 0.260363 0.290091 0.319409 0.347813 0.374838 0.400071 0.423162 0.443836 0.461893 0.477206 0.489712 0.499398 0.506282 0.510395 0.511762 0.510395 0.506282 0.499398 0.489712 0.477206 0.461893 0.443836 0.423162 0.400071 0.374838 0.347813 0.319409 0.290091 0.260363 0.230747 0.201763 0.173906 0.147627 0.123312 0.101259 0.0816699 0.0646426 0.0501702 0.0381511 0.028405 0.0206932 0.014742 0.010265 0.00698312 0.0046394 0.00300929 0.00190523 0.00117713 0.000709635 0.000417382 0.000239493 0.000134061 7.321e-05 3.90041e-05 2.02745e-05 1.02833e-05 5.08983e-06 2.45878e-06 1.15945e-06 5.3382e-07 2.40111e-07 1.05802e-07 4.63875e-08 2.20292e-08 
2.41288e-08 3.41821e-08 7.15895e-08 1.62448e-07 3.66817e-07 8.11356e-07 1.753e-06 3.69741e-06 7.61122e-06 1.52891e-05 2.99656e-05 5.72967e-05 0.000106871 0.000194443 0.000345066 0.000597299 0.00100849 0.00166099 0.00266887 0.00418425 0.00640213 0.00956224 0.0139463 0.0198696 0.0276658 0.0376655 0.0501702 0.0654239 0.0835857 0.104707 0.128718 0.155422 0.1845 0.215532 0.248011 0.281379 0.315047 0.348428 0.380957 0.412114 0.441439 0.468542 0.493113 0.514926 0.533833 0.54976 0.562695 0.572666 0.579729 0.583938 0.585336 0.583938 0.579729 0.572666 0.562695 0.54976 0.533833 0.514926 0.493113 0.468542 0.441439 0.412114 0.380957 0.348428 0.315047 0.281379 0.248011 0.215532 0.1845 0.155422 0.128718 0.104707 0.0835857 0.0654239 0.0501702 0.0376655 0.0276658 0.0198696 0.0139463 0.00956224 0.00640213 0.00418425 0.00266887 0.00166099 0.00100849 0.000597299 0.000345066 0.000194443 0.000106871 5.72967e-05 2.99656e-05 1.52891e-05 7.61122e-06 3.69741e-06 1.753e-06 8.11356e-07 3.66817e-07 1.62448e-07 7.15895e-08 3.41821e-08 
3.68013e-08 5.19705e-08 1.08269e-07 2.44448e-07 5.49259e-07 1.20881e-06 2.59823e-06 5.45092e-06 1.1159e-05 2.22881e-05 4.34266e-05 8.25321e-05 0.00015298 0.000276544 0.000487522 0.000838152 0.00140528 0.00229799 0.0036654 0.00570368 0.0086604 0.0128347 0.0185711 0.0262461 0.0362462 0.0489395 0.0646426 0.0835857 0.105882 0.131507 0.160283 0.191887 0.225863 0.261649 0.298614 0.336089 0.373405 0.409925 0.445066 0.478317 0.509252 0.537533 0.562916 0.585243 0.604437 0.620489 0.633446 0.643384 0.650396 0.654564 0.655947 0.654564 0.650396 0.643384 0.633446 0.620489 0.604437 0.585243 0.562916 0.537533 0.509252 0.478317 0.445066 0.409925 0.373405 0.336089 0.298614 0.261649 0.225863 0.191887 0.160283 0.131507 0.105882 0.0835857 0.0646426 0.0489395 0.0362462 0.0262461 0.0185711 0.0128347 0.0086604 0.00570368 0.0036654 0.00229799 0.00140528 0.000838152 0.000487522 0.000276544 0.00015298 8.25321e-05 4.34266e-05 2.22881e-05 1.1159e-05 5.45092e-06 2.59823e-06 1.20881e-06 5.49259e-07 2.44448e-07 1.08269e-07 5.19705e-08 
5.49957e-08 7.74269e-08 1.60473e-07 3.60538e-07 8.06209e-07 1.76559e-06 3.77579e-06 7.87985e-06 1.6044e-05 3.18653e-05 6.17267e-05 0.000116608 0.000214804 0.000385823 0.000675692 0.00115378 0.001921 0.00311885 0.00493823 0.00762664 0.0114914 0.016897 0.0242544 0.0340005 0.0465694 0.0623548 0.0816699 0.104707 0.131507 0.161935 0.195682 0.23227 0.271089 0.311429 0.35253 0.393626 0.433987 0.47295 0.509943 0.544495 0.576245 0.604934 0.630405 0.652588 0.671489 0.687174 0.699748 0.709342 0.716082 0.720077 0.721401 0.720077 0.716082 0.709342 0.699748 0.687174 0.671489 0.652588 0.630405 0.604934 0.576245 0.544495 0.509943 0.47295 0.433987 0.393626 0.35253 0.311429 0.271089 0.23227 0.195682 0.161935 0.131507 0.104707 0.0816699 0.0623548 0.0465694 0.0340005 0.0242544 0.016897 0.0114914 0.00762664 0.00493823 0.00311885 0.001921 0.00115378 0.000675692 0.000385823 0.000214804 0.000116608 6.17267e-05 3.18653e-05 1.6044e-05 7.87985e-06 3.77579e-06 1.76559e-06 8.06209e-07 3.60538e-07 1.60473e-07 7.74269e-08 
8.05263e-08 1.13036e-07 2.33109e-07 5.21242e-07 1.16012e-06 2.52851e-06 5.38064e-06 1.11716e-05 2.26257e-05 4.46903e-05 8.60771e-05 0.000161649 0.000295956 0.000528229 0.000919058 0.00155879 0.00257735 0.00415463 0.00653011 0.0100095 0.014966 0.0218335 0.0310899 0.0432287 0.0587206 0.0779684 0.101259 0.128718 0.160283 0.195682 0.234443 0.275918 0.31933 0.36382 0.408512 0.452561 0.495203 0.535781 0.573766 0.60876 0.640493 0.66881 0.693659 0.715068 0.733135 0.747999 0.75983 0.768802 0.775077 0.778786 0.780012 0.778786 0.775077 0.768802 0.75983 0.747999 0.733135 0.715068 0.693659 0.66881 0.640493 0.60876 0.573766 0.535781 0.495203 0.452561 0.408512 0.36382 0.31933 0.275918 0.234443 0.195682 0.160283 0.128718 0.101259 0.0779684 0.0587206 0.0432287 0.0310899 0.0218335 0.014966 0.0100095 0.00653011 0.00415463 0.00257735 0.00155879 0.000919058 0.000528229 0.000295956 0.000161649 8.60771e-05 4.46903e-05 2.26257e-05 1.11716e-05 5.38064e-06 2.52851e-06 1.16012e-06 5.21242e-07 2.33109e-07 1.13036e-07 
1.1553e-07 1.61713e-07 3.3189e-07 7.38715e-07 1.63672e-06 3.5508e-06 7.51989e-06 1.55358e-05 3.1302e-05 6.14966e-05 0.000117789 0.000219925 0.000400243 0.000709935 0.00122728 0.00206775 0.00339547 0.00543481 0.00848023 0.0129017 0.019143 0.0277091 0.0391418 0.0539825 0.072724 0.095756 0.123312 0.155422 0.191887 0.23227 0.275918 0.322 0.369568 0.417627 0.465204 0.511405 0.555463 0.596762 0.63485 0.669431 0.700349 0.727571 0.751159 0.771248 0.788022 0.801696 0.812494 0.820629 0.82629 0.829624 0.830725 0.829624 0.82629 0.820629 0.812494 0.801696 0.788022 0.771248 0.751159 0.727571 0.700349 0.669431 0.63485 0.596762 0.555463 0.511405 0.465204 0.417627 0.369568 0.322 0.275918 0.23227 0.191887 0.155422 0.123312 0.095756 0.072724 0.0539825 0.0391418 0.0277091 0.019143 0.0129017 0.00848023 0.00543481 0.00339547 0.00206775 0.00122728 0.000709935 0.000400243 0.000219925 0.000117789 6.14966e-05 3.1302e-05 1.55358e-05 7.51989e-06 3.5508e-06 1.63672e-06 7.38715e-07 3.3189e-07 1.61713e-07 
1.62405e-07 2.26711e-07 4.63147e-07 1.02632e-06 2.26407e-06 4.88999e-06 1.03083e-05 2.11945e-05 4.24904e-05 8.30446e-05 0.000158203 0.000293728 0.000531441 0.000936948 0.00160956 0.00269421 0.00439444 0.00698494 0.010821 0.0163417 0.0240637 0.0345618 0.0484356 0.0662615 0.0885347 0.115607 0.147627 0.1845 0.225863 0.271089 0.31933 0.369568 0.420697 0.471605 0.521252 0.568728 0.613301 0.654432 0.691775 0.725158 0.754561 0.780079 0.801892 0.820236 0.835379 0.847599 0.857164 0.864319 0.869271 0.872177 0.873134 0.872177 0.869271 0.864319 0.857164 0.847599 0.835379 0.820236 0.801892 0.780079 0.754561 0.725158 0.691775 0.654432 0.613301 0.568728 0.521252 0.471605 0.420697 0.369568 0.31933 0.271089 0.225863 0.1845 0.147627 0.115607 0.0885347 0.0662615 0.0484356 0.0345618 0.0240637 0.0163417 0.010821 0.00698494 0.00439444 0.00269421 0.00160956 0.000936948 0.000531441 0.000293728 0.000158203 8.30446e-05 4.24904e-05 2.11945e-05 1.03083e-05 4.88999e-06 2.26407e-06 1.02632e-06 4.63147e-07 2.26711e-07 
2.2369e-07 3.11461e-07 6.33494e-07 1.3979e-06 3.07098e-06 6.60455e-06 1.38612e-05 2.83684e-05 5.66004e-05 0.000110069 0.000208596 0.000385193 0.000693002 0.00121462 0.00207386 0.00344944 0.0055894 0.00882405 0.0135743 0.0203516 0.0297457 0.042397 0.0589525 0.080007 0.106035 0.137323 0.173906 0.215532 0.261649 0.311429 0.36382 0.417627 0.471605 0.524556 0.575405 0.623269 0.667487 0.707628 0.743477 0.775008 0.802339 0.825694 0.845369 0.86169 0.874996 0.885615 0.893847 0.899957 0.904161 0.906617 0.907424 0.906617 0.904161 0.899957 0.893847 0.885615 0.874996 0.86169 0.845369 0.825694 0.802339 0.775008 0.743477 0.707628 0.667487 0.623269 0.575405 0.524556 0.471605 0.417627 0.36382 0.311429 0.261649 0.215532 0.173906 0.137323 0.106035 0.080007 0.0589525 0.042397 0.0297457 0.0203516 0.0135743 0.00882405 0.0055894 0.00344944 0.00207386 0.00121462 0.000693002 0.000385193 0.000208596 0.000110069 5.66004e-05 2.83684e-05 1.38612e-05 6.60455e-06 3.07098e-06 1.3979e-06 6.33494e-07 3.11461e-07 
3.01885e-07 4.19318e-07 8.49325e-07 1.86669e-06 4.08466e-06 8.74907e-06 1.82848e-05 3.72579e-05 7.39967e-05 0.000143213 0.000270057 0.000496097 0.000887698 0.00154709 0.002626 0.00434113 0.00698965 0.010962 0.0167484 0.0249338 0.0361787 0.0511818 0.070624 0.0950992 0.125036 0.160626 0.201763 0.248011 0.298614 0.35253 0.408512 0.465204 0.521252 0.575405 0.6266 0.674014 0.717094 0.755543 0.789298 0.818481 0.843351 0.864257 0.881591 0.895759 0.907154 0.916137 0.923029 0.928099 0.931564 0.933579 0.93424 0.933579 0.931564 0.928099 0.923029 0.916137 0.907154 0.895759 0.881591 0.864257 0.843351 0.818481 0.789298 0.755543 0.717094 0.674014 0.6266 0.575405 0.521252 0.465204 0.408512 0.35253 0.298614 0.248011 0.201763 0.160626 0.125036 0.0950992 0.070624 0.0511818 0.0361787 0.0249338 0.0167484 0.010962 0.00698965 0.00434113 0.002626 0.00154709 0.000887698 0.000496097 0.000270057 0.000143213 7.39967e-05 3.72579e-05 1.82848e-05 8.74907e-06 4.08466e-06 1.86669e-06 8.49325e-07 4.19318e-07 
3.99195e-07 5.53219e-07 1.11616e-06 2.44391e-06 5.32785e-06 1.13683e-05 2.36643e-05 4.80194e-05 9.49564e-05 0.000182946 0.000343349 0.000627617 0.00111724 0.00193663 0.00326873 0.005372 0.00859673 0.0133971 0.0203343 0.0300665 0.0433202 0.0608419 0.0833311 0.111359 0.145282 0.18517 0.230747 0.281379 0.336089 0.393626 0.452561 0.511405 0.568728 0.623269 0.674014 0.720241 0.761531 0.797742 0.828969 0.855486 0.877682 0.896015 0.91096 0.92298 0.932505 0.939913 0.945531 0.949625 0.9524 0.954007 0.954533 0.954007 0.9524 0.949625 0.945531 0.939913 0.932505 0.92298 0.91096 0.896015 0.877682 0.855486 0.828969 0.797742 0.761531 0.720241 0.674014 0.623269 0.568728 0.511405 0.452561 0.393626 0.336089 0.281379 0.230747 0.18517 0.145282 0.111359 0.0833311 0.0608419 0.0433202 0.0300665 0.0203343 0.0133971 0.00859673 0.005372 0.00326873 0.00193663 0.00111724 0.000627617 0.000343349 0.000182946 9.49564e-05 4.80194e-05 2.36643e-05 1.13683e-05 5.32785e-06 2.44391e-06 1.11616e-06 5.53219e-07 
