6.55914e-11 7.99458e-11 1.28327e-10 2.28281e-10 4.1469e-10 7.49505e-10 1.33803e-09 2.35482e-09 4.08349e-09 6.97664e-09 1.17437e-08 1.94772e-08 3.18302e-08 5.12591e-08 8.13498e-08 1.27243e-07 1.96173e-07 2.98137e-07 4.46692e-07 6.5987e-07 9.61196e-07 1.38075e-06 1.95618e-06 2.73364e-06 3.76838e-06 5.12495e-06 6.87684e-06 9.10522e-06 1.18969e-05 1.5341e-05 1.9525e-05 2.45291e-05 3.04202e-05 3.72455e-05 4.50256e-05 5.37482e-05 6.33631e-05 7.37788e-05 8.48608e-05 9.64336e-05 0.000108284 0.000120166 0.000131814 0.000142949 0.00015329 0.000162567 0.000170533 0.000176969 0.000181699 0.000184591 0.000185564 0.000184591 0.000181699 0.000176969 0.000170533 0.000162567 0.00015329 0.000142949 0.000131814 0.000120166 0.000108284 9.64336e-05 8.48608e-05 7.37788e-05 6.33631e-05 5.37482e-05 4.50256e-05 3.72455e-05 3.04202e-05 2.45291e-05 1.9525e-05 1.5341e-05 1.18969e-05 9.10522e-06 6.87684e-06 5.12495e-06 3.76838e-06 2.73364e-06 1.95618e-06 1.38075e-06 9.61196e-07 6.5987e-07 4.46692e-07 2.98137e-07 1.96173e-07 1.27243e-07 8.13498e-08 5.12591e-08 3.18302e-08 1.94772e-08 1.17437e-08 6.97664e-09 4.08349e-09 2.35482e-09 1.33803e-09 7.49505e-10 4.1469e-10 2.28281e-10 1.28327e-10 7.99458e-11 
7.99458e-11 9.73641e-11 1.56039e-10 2.77132e-10 5.02674e-10 9.07198e-10 1.61719e-09 2.84194e-09 4.92093e-09 8.39483e-09 1.41095e-08 2.33652e-08 3.8125e-08 6.13004e-08 9.71326e-08 1.51688e-07 2.33488e-07 3.5428e-07 5.29956e-07 7.81613e-07 1.13671e-06 1.63026e-06 2.30602e-06 3.21746e-06 4.42846e-06 6.01348e-06 8.05702e-06 1.06522e-05 1.38984e-05 1.78973e-05 2.2748e-05 2.85414e-05 3.53526e-05 4.32338e-05 5.22064e-05 6.22544e-05 7.33182e-05 8.52911e-05 9.80179e-05 0.000111296 0.000124882 0.000138494 0.000151829 0.000164569 0.000176394 0.000186997 0.000196098 0.00020345 0.000208851 0.000212152 0.000213263 0.000212152 0.000208851 0.00020345 0.000196098 0.000186997 0.000176394 0.000164569 0.000151829 0.000138494 0.000124882 0.000111296 9.80179e-05 8.52911e-05 7.33182e-05 6.22544e-05 5.22064e-05 4.32338e-05 3.53526e-05 2.85414e-05 2.2748e-05 1.78973e-05 1.38984e-05 1.06522e-05 8.05702e-06 6.01348e-06 4.42846e-06 3.21746e-06 2.30602e-06 1.63026e-06 1.13671e-06 7.81613e-07 5.29956e-07 3.5428e-07 2.33488e-07 1.51688e-07 9.71326e-08 6.13004e-08 3.8125e-08 2.33652e-08 1.41095e-08 8.39483e-09 4.92093e-09 2.84194e-09 1.61719e-09 9.07198e-10 5.02674e-10 2.77132e-10 1.56039e-10 9.73641e-11 
1.28327e-10 1.56039e-10 2.49275e-10 4.41298e-10 7.98016e-10 1.43596e-09 2.55222e-09 4.47177e-09 7.71974e-09 1.31293e-08 2.19987e-08 3.63154e-08 5.90676e-08 9.46685e-08 1.49518e-07 2.3273e-07 3.57048e-07 5.39955e-07 8.04995e-07 1.18327e-06 1.71505e-06 2.45144e-06 3.45599e-06 4.80593e-06 6.59304e-06 8.92372e-06 1.19181e-05 1.57077e-05 2.04318e-05 2.62322e-05 3.3246e-05 4.15971e-05 5.13863e-05 6.26814e-05 7.55061e-05 8.98312e-05 0.000105566 0.000122556 0.000140576 0.000159341 0.000178504 0.000197674 0.000216424 0.000234313 0.000250897 0.000265753 0.000278493 0.000288776 0.000296328 0.000300942 0.000302494 0.000300942 0.000296328 0.000288776 0.000278493 0.000265753 0.000250897 0.000234313 0.000216424 0.000197674 0.000178504 0.000159341 0.000140576 0.000122556 0.000105566 8.98312e-05 7.55061e-05 6.26814e-05 5.13863e-05 4.15971e-05 3.3246e-05 2.62322e-05 2.04318e-05 1.57077e-05 1.19181e-05 8.92372e-06 6.59304e-06 4.80593e-06 3.45599e-06 2.45144e-06 1.71505e-06 1.18327e-06 8.04995e-07 5.39955e-07 3.57048e-07 2.3273e-07 1.49518e-07 9.46685e-08 5.90676e-08 3.63154e-08 2.19987e-08 1.31293e-08 7.71974e-09 4.47177e-09 2.55222e-09 1.43596e-09 7.98016e-10 4.41298e-10 2.49275e-10 1.56039e-10 
2.28281e-10 2.77132e-10 4.41298e-10 7.78691e-10 1.4038e-09 2.51842e-09 4.46274e-09 7.79552e-09 1.34163e-08 2.27465e-08 3.79922e-08 6.25159e-08 1.01352e-07 1.61901e-07 2.54847e-07 3.95333e-07 6.04427e-07 9.10895e-07 1.35328e-06 1.98221e-06 2.86292e-06 4.07775e-06 5.72848e-06 7.93812e-06 1.0852e-05 1.46377e-05 1.94829e-05 2.55921e-05 3.31801e-05 4.24637e-05 5.36505e-05 6.69257e-05 8.2437e-05 0.000100279 0.000120477 0.000142975 0.000167621 0.000194165 0.000222254 0.000251438 0.000281182 0.00031088 0.00033988 0.000367504 0.00039308 0.000415965 0.00043557 0.000451383 0.000462988 0.000470077 0.000472461 0.000470077 0.000462988 0.000451383 0.00043557 0.000415965 0.00039308 0.000367504 0.00033988 0.00031088 0.000281182 0.000251438 0.000222254 0.000194165 0.000167621 0.000142975 0.000120477 0.000100279 8.2437e-05 6.69257e-05 5.36505e-05 4.24637e-05 3.31801e-05 2.55921e-05 1.94829e-05 1.46377e-05 1.0852e-05 7.93812e-06 5.72848e-06 4.07775e-06 2.86292e-06 1.98221e-06 1.35328e-06 9.10895e-07 6.04427e-07 3.95333e-07 2.54847e-07 1.61901e-07 1.01352e-07 6.25159e-08 3.79922e-08 2.27465e-08 1.34163e-08 7.79552e-09 4.46274e-09 2.51842e-09 1.4038e-09 7.78691e-10 4.41298e-10 2.77132e-10 
4.1469e-10 5.02674e-10 7.98016e-10 1.4038e-09 2.52335e-09 4.51409e-09 7.97651e-09 1.38936e-08 2.38419e-08 4.03037e-08 6.71158e-08 1.10104e-07 1.77952e-07 2.83374e-07 4.44643e-07 6.87541e-07 1.04777e-06 1.57385e-06 2.33045e-06 3.40213e-06 4.89725e-06 6.95187e-06 9.73324e-06 1.34424e-05 1.83156e-05 2.46232e-05 3.26666e-05 4.27719e-05 5.52789e-05 7.05278e-05 8.8841e-05 0.000110502 0.000135732 0.000164665 0.000197324 0.000233601 0.000273238 0.000315821 0.000360779 0.000407389 0.000454798 0.000502047 0.000548107 0.000591917 0.000632426 0.00066863 0.000699615 0.000724589 0.000742905 0.00075409 0.00075785 0.00075409 0.000742905 0.000724589 0.000699615 0.00066863 0.000632426 0.000591917 0.000548107 0.000502047 0.000454798 0.000407389 0.000360779 0.000315821 0.000273238 0.000233601 0.000197324 0.000164665 0.000135732 0.000110502 8.8841e-05 7.05278e-05 5.52789e-05 4.27719e-05 3.26666e-05 2.46232e-05 1.83156e-05 1.34424e-05 9.73324e-06 6.95187e-06 4.89725e-06 3.40213e-06 2.33045e-06 1.57385e-06 1.04777e-06 6.87541e-07 4.44643e-07 2.83374e-07 1.77952e-07 1.10104e-07 6.71158e-08 4.03037e-08 2.38419e-08 1.38936e-08 7.97651e-09 4.51409e-09 2.52335e-09 1.4038e-09 7.98016e-10 5.02674e-10 
7.49505e-10 9.07198e-10 1.43596e-09 2.51842e-09 4.51409e-09 8.05311e-09 1.41909e-08 2.46492e-08 4.218e-08 7.10995e-08 1.18055e-07 1.93099e-07 3.11157e-07 4.93989e-07 7.72735e-07 1.19114e-06 1.80949e-06 2.70934e-06 3.9989e-06 5.81889e-06 8.34876e-06 1.18126e-05 1.64845e-05 2.2692e-05 3.08176e-05 4.12968e-05 5.46119e-05 7.12806e-05 9.1839e-05 0.000116819 0.000146719 0.000181971 0.000222902 0.000269701 0.000322374 0.000380721 0.000444307 0.000512452 0.000584231 0.000658488 0.000733866 0.000808853 0.000881832 0.000951142 0.00101514 0.00107228 0.00112113 0.00116048 0.00118932 0.00120692 0.00121284 0.00120692 0.00118932 0.00116048 0.00112113 0.00107228 0.00101514 0.000951142 0.000881832 0.000808853 0.000733866 0.000658488 0.000584231 0.000512452 0.000444307 0.000380721 0.000322374 0.000269701 0.000222902 0.000181971 0.000146719 0.000116819 9.1839e-05 7.12806e-05 5.46119e-05 4.12968e-05 3.08176e-05 2.2692e-05 1.64845e-05 1.18126e-05 8.34876e-06 5.81889e-06 3.9989e-06 2.70934e-06 1.80949e-06 1.19114e-06 7.72735e-07 4.93989e-07 3.11157e-07 1.93099e-07 1.18055e-07 7.10995e-08 4.218e-08 2.46492e-08 1.41909e-08 8.05311e-09 4.51409e-09 2.51842e-09 1.43596e-09 9.07198e-10 
1.33803e-09 1.61719e-09 2.55222e-09 4.46274e-09 7.97651e-09 1.41909e-08 2.4938e-08 4.31968e-08 7.37115e-08 1.23896e-07 2.05125e-07 3.34532e-07 5.37455e-07 8.50677e-07 1.32661e-06 2.03856e-06 3.0871e-06 4.60761e-06 6.77884e-06 9.83211e-06 1.40609e-05 1.98296e-05 2.75815e-05 3.78434e-05 5.12269e-05 6.84237e-05 9.01949e-05 0.000117352 0.000150728 0.000191143 0.000239354 0.000296008 0.000361582 0.000436326 0.000520207 0.000612864 0.000713574 0.000821234 0.000934368 0.00105115 0.00116946 0.00128693 0.00140106 0.00150929 0.00160909 0.00169809 0.00177411 0.00183528 0.00188009 0.00190744 0.00191663 0.00190744 0.00188009 0.00183528 0.00177411 0.00169809 0.00160909 0.00150929 0.00140106 0.00128693 0.00116946 0.00105115 0.000934368 0.000821234 0.000713574 0.000612864 0.000520207 0.000436326 0.000361582 0.000296008 0.000239354 0.000191143 0.000150728 0.000117352 9.01949e-05 6.84237e-05 5.12269e-05 3.78434e-05 2.75815e-05 1.98296e-05 1.40609e-05 9.83211e-06 6.77884e-06 4.60761e-06 3.0871e-06 2.03856e-06 1.32661e-06 8.50677e-07 5.37455e-07 3.34532e-07 2.05125e-07 1.23896e-07 7.37115e-08 4.31968e-08 2.4938e-08 1.41909e-08 7.97651e-09 4.46274e-09 2.55222e-09 1.61719e-09 
2.35482e-09 2.84194e-09 4.47177e-09 7.79552e-09 1.38936e-08 2.46492e-08 4.31968e-08 7.46152e-08 1.26964e-07 2.12792e-07 3.51276e-07 5.71191e-07 9.14913e-07 1.4437e-06 2.24447e-06 3.4382e-06 5.19012e-06 7.7216e-06 1.13234e-05 1.63699e-05 2.33334e-05 3.27975e-05 4.54676e-05 6.21772e-05 8.3888e-05 0.000111681 0.000146736 0.000190302 0.000243653 0.000308024 0.000384548 0.000474171 0.000577566 0.000695049 0.000826495 0.000971274 0.00112821 0.00129553 0.00147094 0.00165159 0.00183421 0.0020152 0.00219072 0.00235691 0.00250995 0.00264625 0.00276255 0.00285607 0.00292454 0.00296629 0.00298032 0.00296629 0.00292454 0.00285607 0.00276255 0.00264625 0.00250995 0.00235691 0.00219072 0.0020152 0.00183421 0.00165159 0.00147094 0.00129553 0.00112821 0.000971274 0.000826495 0.000695049 0.000577566 0.000474171 0.000384548 0.000308024 0.000243653 0.000190302 0.000146736 0.000111681 8.3888e-05 6.21772e-05 4.54676e-05 3.27975e-05 2.33334e-05 1.63699e-05 1.13234e-05 7.7216e-06 5.19012e-06 3.4382e-06 2.24447e-06 1.4437e-06 9.14913e-07 5.71191e-07 3.51276e-07 2.12792e-07 1.26964e-07 7.46152e-08 4.31968e-08 2.46492e-08 1.38936e-08 7.79552e-09 4.47177e-09 2.84194e-09 
4.08349e-09 4.92093e-09 7.71974e-09 1.34163e-08 2.38419e-08 4.218e-08 7.37115e-08 1.26964e-07 2.15421e-07 3.59996e-07 5.92527e-07 9.60591e-07 1.53396e-06 2.41307e-06 3.73977e-06 5.7106e-06 8.59271e-06 1.27422e-05 1.86244e-05 2.68354e-05 3.81229e-05 5.34055e-05 7.37869e-05 0.000100563 0.00013522 0.000179415 0.000234946 0.0003037 0.00038758 0.000488418 0.000607864 0.000747268 0.000907549 0.00108907 0.00129154 0.00151387 0.00175417 0.00200971 0.0022769 0.00255143 0.00282834 0.00310222 0.00336735 0.00361796 0.0038484 0.00405337 0.0042281 0.00436847 0.00447116 0.00453377 0.0045548 0.00453377 0.00447116 0.00436847 0.0042281 0.00405337 0.0038484 0.00361796 0.00336735 0.00310222 0.00282834 0.00255143 0.0022769 0.00200971 0.00175417 0.00151387 0.00129154 0.00108907 0.000907549 0.000747268 0.000607864 0.000488418 0.00038758 0.0003037 0.000234946 0.000179415 0.00013522 0.000100563 7.37869e-05 5.34055e-05 3.81229e-05 2.68354e-05 1.86244e-05 1.27422e-05 8.59271e-06 5.7106e-06 3.73977e-06 2.41307e-06 1.53396e-06 9.60591e-07 5.92527e-07 3.59996e-07 2.15421e-07 1.26964e-07 7.37115e-08 4.218e-08 2.38419e-08 1.34163e-08 7.71974e-09 4.92093e-09 
6.97664e-09 8.39483e-09 1.31293e-08 2.27465e-08 4.03037e-08 7.10995e-08 1.23896e-07 2.12792e-07 3.59996e-07 5.99826e-07 9.84315e-07 1.5909e-06 2.53266e-06 3.97165e-06 6.1357e-06 9.33899e-06 1.40065e-05 2.07017e-05 3.01572e-05 4.33061e-05 6.13121e-05 8.55966e-05 0.000117856 0.000160072 0.000214495 0.000283624 0.000370144 0.000476849 0.000606528 0.000761834 0.000945117 0.00115825 0.00140244 0.00167806 0.00198446 0.00231988 0.00268133 0.00306461 0.00346431 0.00387397 0.00428623 0.00469311 0.00508624 0.00545719 0.00579777 0.0061003 0.0063579 0.00656466 0.00671584 0.00680795 0.00683889 0.00680795 0.00671584 0.00656466 0.0063579 0.0061003 0.00579777 0.00545719 0.00508624 0.00469311 0.00428623 0.00387397 0.00346431 0.00306461 0.00268133 0.00231988 0.00198446 0.00167806 0.00140244 0.00115825 0.000945117 0.000761834 0.000606528 0.000476849 0.000370144 0.000283624 0.000214495 0.000160072 0.000117856 8.55966e-05 6.13121e-05 4.33061e-05 3.01572e-05 2.07017e-05 1.40065e-05 9.33899e-06 6.1357e-06 3.97165e-06 2.53266e-06 1.5909e-06 9.84315e-07 5.99826e-07 3.59996e-07 2.12792e-07 1.23896e-07 7.10995e-08 4.03037e-08 2.27465e-08 1.31293e-08 8.39483e-09 
1.17437e-08 1.41095e-08 2.19987e-08 3.79922e-08 6.71158e-08 1.18055e-07 2.05125e-07 3.51276e-07 5.92527e-07 9.84315e-07 1.61036e-06 2.59471e-06 4.11777e-06 6.43686e-06 9.91206e-06 1.50376e-05 2.24783e-05 3.31117e-05 4.80716e-05 6.87943e-05 9.70608e-05 0.000135032 0.000185271 0.000250749 0.000334822 0.000441178 0.000573752 0.000736598 0.000933721 0.00116887 0.00144531 0.00176557 0.00213116 0.00254233 0.00299787 0.00349492 0.00402889 0.00459342 0.00518051 0.00578066 0.00638317 0.00697649 0.0075486 0.00808745 0.00858138 0.00901953 0.00939216 0.00969097 0.00990928 0.0100422 0.0100869 0.0100422 0.00990928 0.00969097 0.00939216 0.00901953 0.00858138 0.00808745 0.0075486 0.00697649 0.00638317 0.00578066 0.00518051 0.00459342 0.00402889 0.00349492 0.00299787 0.00254233 0.00213116 0.00176557 0.00144531 0.00116887 0.000933721 0.000736598 0.000573752 0.000441178 0.000334822 0.000250749 0.000185271 0.000135032 9.70608e-05 6.87943e-05 4.80716e-05 3.31117e-05 2.24783e-05 1.50376e-05 9.91206e-06 6.43686e-06 4.11777e-06 2.59471e-06 1.61036e-06 9.84315e-07 5.92527e-07 3.51276e-07 2.05125e-07 1.18055e-07 6.71158e-08 3.79922e-08 2.19987e-08 1.41095e-08 
1.94772e-08 2.33652e-08 3.63154e-08 6.25159e-08 1.10104e-07 1.93099e-07 3.34532e-07 5.71191e-07 9.60591e-07 1.5909e-06 2.59471e-06 4.16768e-06 6.59302e-06 1.02729e-05 1.57673e-05 2.38411e-05 3.55181e-05 5.21413e-05 7.54375e-05 0.00010758 0.000151249 0.000209671 0.000286653 0.00038657 0.000514327 0.000675274 0.000875061 0.00111945 0.00141406 0.00176409 0.00217393 0.00264688 0.00318471 0.00378738 0.0044527 0.00517618 0.00595086 0.00676735 0.00761398 0.0084771 0.00934141 0.0101905 0.0110076 0.0117757 0.0124785 0.0131011 0.0136299 0.0140535 0.0143628 0.014551 0.0146142 0.014551 0.0143628 0.0140535 0.0136299 0.0131011 0.0124785 0.0117757 0.0110076 0.0101905 0.00934141 0.0084771 0.00761398 0.00676735 0.00595086 0.00517618 0.0044527 0.00378738 0.00318471 0.00264688 0.00217393 0.00176409 0.00141406 0.00111945 0.000875061 0.000675274 0.000514327 0.00038657 0.000286653 0.000209671 0.000151249 0.00010758 7.54375e-05 5.21413e-05 3.55181e-05 2.38411e-05 1.57673e-05 1.02729e-05 6.59302e-06 4.16768e-06 2.59471e-06 1.5909e-06 9.60591e-07 5.71191e-07 3.34532e-07 1.93099e-07 1.10104e-07 6.25159e-08 3.63154e-08 2.33652e-08 
3.18302e-08 3.8125e-08 5.90676e-08 1.01352e-07 1.77952e-07 3.11157e-07 5.37455e-07 9.14913e-07 1.53396e-06 2.53266e-06 4.11777e-06 6.59302e-06 1.03961e-05 1.61456e-05 2.46987e-05 3.72198e-05 5.52597e-05 8.08413e-05 0.00011655 0.00016562 0.000232013 0.00032047 0.000436537 0.000586546 0.000777535 0.00101711 0.00131322 0.00167389 0.00210684 0.00261905 0.00321632 0.00390276 0.00468028 0.00554818 0.00650276 0.00753707 0.00864079 0.00980033 0.010999 0.0122175 0.0134344 0.0146271 0.0157721 0.0168463 0.0178275 0.0186953 0.0194314 0.0200205 0.0204503 0.0207117 0.0207995 0.0207117 0.0204503 0.0200205 0.0194314 0.0186953 0.0178275 0.0168463 0.0157721 0.0146271 0.0134344 0.0122175 0.010999 0.00980033 0.00864079 0.00753707 0.00650276 0.00554818 0.00468028 0.00390276 0.00321632 0.00261905 0.00210684 0.00167389 0.00131322 0.00101711 0.000777535 0.000586546 0.000436537 0.00032047 0.000232013 0.00016562 0.00011655 8.08413e-05 5.52597e-05 3.72198e-05 2.46987e-05 1.61456e-05 1.03961e-05 6.59302e-06 4.11777e-06 2.53266e-06 1.53396e-06 9.14913e-07 5.37455e-07 3.11157e-07 1.77952e-07 1.01352e-07 5.90676e-08 3.8125e-08 
5.12591e-08 6.13004e-08 9.46685e-08 1.61901e-07 2.83374e-07 4.93989e-07 8.50677e-07 1.4437e-06 2.41307e-06 3.97165e-06 6.43686e-06 1.02729e-05 1.61456e-05 2.49914e-05 3.81014e-05 5.72206e-05 8.46594e-05 0.000123415 0.000177295 0.000251031 0.00035038 0.000482185 0.000654388 0.000875982 0.00115688 0.00150768 0.00193935 0.00246282 0.00308843 0.00382537 0.004681 0.00566021 0.00676479 0.00799283 0.00933828 0.0107907 0.012335 0.0139519 0.0156181 0.0173067 0.0189884 0.0206322 0.0222067 0.0236806 0.0250245 0.0262111 0.0272163 0.0280198 0.0286054 0.0289616 0.029081 0.0289616 0.0286054 0.0280198 0.0272163 0.0262111 0.0250245 0.0236806 0.0222067 0.0206322 0.0189884 0.0173067 0.0156181 0.0139519 0.012335 0.0107907 0.00933828 0.00799283 0.00676479 0.00566021 0.004681 0.00382537 0.00308843 0.00246282 0.00193935 0.00150768 0.00115688 0.000875982 0.000654388 0.000482185 0.00035038 0.000251031 0.000177295 0.000123415 8.46594e-05 5.72206e-05 3.81014e-05 2.49914e-05 1.61456e-05 1.02729e-05 6.43686e-06 3.97165e-06 2.41307e-06 1.4437e-06 8.50677e-07 4.93989e-07 2.83374e-07 1.61901e-07 9.46685e-08 6.13004e-08 
8.13498e-08 9.71326e-08 1.49518e-07 2.54847e-07 4.44643e-07 7.72735e-07 1.32661e-06 2.24447e-06 3.73977e-06 6.1357e-06 9.91206e-06 1.57673e-05 2.46987e-05 3.81014e-05 5.78897e-05 8.66363e-05 0.000127729 0.000185535 0.000265568 0.000374639 0.00052097 0.000714263 0.000965693 0.0012878 0.00169427 0.0021996 0.00281861 0.00356585 0.00445484 0.00549732 0.00670231 0.00807532 0.00961748 0.0113248 0.0131879 0.0151912 0.0173133 0.0195272 0.0218009 0.0240979 0.0263788 0.0286023 0.0307267 0.032711 0.0345165 0.036108 0.0374542 0.0385291 0.0393118 0.0397875 0.0399471 0.0397875 0.0393118 0.0385291 0.0374542 0.036108 0.0345165 0.032711 0.0307267 0.0286023 0.0263788 0.0240979 0.0218009 0.0195272 0.0173133 0.0151912 0.0131879 0.0113248 0.00961748 0.00807532 0.00670231 0.00549732 0.00445484 0.00356585 0.00281861 0.0021996 0.00169427 0.0012878 0.000965693 0.000714263 0.00052097 0.000374639 0.000265568 0.000185535 0.000127729 8.66363e-05 5.78897e-05 3.81014e-05 2.46987e-05 1.57673e-05 9.91206e-06 6.1357e-06 3.73977e-06 2.24447e-06 1.32661e-06 7.72735e-07 4.44643e-07 2.54847e-07 1.49518e-07 9.71326e-08 
1.27243e-07 1.51688e-07 2.3273e-07 3.95333e-07 6.87541e-07 1.19114e-06 2.03856e-06 3.4382e-06 5.7106e-06 9.33899e-06 1.50376e-05 2.38411e-05 3.72198e-05 5.72206e-05 8.66363e-05 0.0001292 0.000189799 0.000274695 0.000391743 0.000550576 0.000762742 0.00104176 0.00140307 0.00186384 0.00244261 0.00315881 0.00403204 0.00508121 0.00632359 0.00777368 0.00944213 0.0113346 0.0134507 0.0157833 0.0183178 0.021032 0.023896 0.0268727 0.029919 0.0329862 0.0360225 0.0389739 0.0417863 0.044407 0.0467867 0.0488804 0.0506487 0.0520589 0.0530848 0.0537079 0.0539168 0.0537079 0.0530848 0.0520589 0.0506487 0.0488804 0.0467867 0.044407 0.0417863 0.0389739 0.0360225 0.0329862 0.029919 0.0268727 0.023896 0.021032 0.0183178 0.0157833 0.0134507 0.0113346 0.00944213 0.00777368 0.00632359 0.00508121 0.00403204 0.00315881 0.00244261 0.00186384 0.00140307 0.00104176 0.000762742 0.000550576 0.000391743 0.000274695 0.000189799 0.0001292 8.66363e-05 5.72206e-05 3.72198e-05 2.38411e-05 1.50376e-05 9.33899e-06 5.7106e-06 3.4382e-06 2.03856e-06 1.19114e-06 6.87541e-07 3.95333e-07 2.3273e-07 1.51688e-07 
1.96173e-07 2.33488e-07 3.57048e-07 6.04427e-07 1.04777e-06 1.80949e-06 3.0871e-06 5.19012e-06 8.59271e-06 1.40065e-05 2.24783e-05 3.55181e-05 5.52597e-05 8.46594e-05 0.000127729 0.000189799 0.000277807 0.000400588 0.000569145 0.000796882 0.00109974 0.00149623 0.0020073 0.00265602 0.00346704 0.00446586 0.00567782 0.00712696 0.00883469 0.0108184 0.0130898 0.0156541 0.0185082 0.0216401 0.025028 0.0286406 0.0324369 0.0363673 0.0403744 0.044395 0.0483621 0.0522066 0.0558598 0.0592556 0.0623322 0.0650338 0.0673119 0.0691262 0.0704449 0.0712452 0.0715135 0.0712452 0.0704449 0.0691262 0.0673119 0.0650338 0.0623322 0.0592556 0.0558598 0.0522066 0.0483621 0.044395 0.0403744 0.0363673 0.0324369 0.0286406 0.025028 0.0216401 0.0185082 0.0156541 0.0130898 0.0108184 0.00883469 0.00712696 0.00567782 0.00446586 0.00346704 0.00265602 0.0020073 0.00149623 0.00109974 0.000796882 0.000569145 0.000400588 0.000277807 0.000189799 0.000127729 8.46594e-05 5.52597e-05 3.55181e-05 2.24783e-05 1.40065e-05 8.59271e-06 5.19012e-06 3.0871e-06 1.80949e-06 1.04777e-06 6.04427e-07 3.57048e-07 2.33488e-07 
2.98137e-07 3.5428e-07 5.39955e-07 9.10895e-07 1.57385e-06 2.70934e-06 4.60761e-06 7.7216e-06 1.27422e-05 2.07017e-05 3.31117e-05 5.21413e-05 8.08413e-05 0.000123415 0.000185535 0.000274695 0.000400588 0.000575474 0.000814522 0.00113607 0.00156174 0.00211646 0.00282813 0.00372718 0.00484573 0.00621657 0.00787175 0.00984103 0.0121502 0.0148192 0.0178603 0.0212766 0.0250607 0.0291935 0.0336436 0.0383677 0.0433107 0.0484072 0.0535828 0.0587569 0.0638444 0.0687589 0.0734152 0.077732 0.0816338 0.0850532 0.0879315 0.0902206 0.0918826 0.0928906 0.0932284 0.0928906 0.0918826 0.0902206 0.0879315 0.0850532 0.0816338 0.077732 0.0734152 0.0687589 0.0638444 0.0587569 0.0535828 0.0484072 0.0433107 0.0383677 0.0336436 0.0291935 0.0250607 0.0212766 0.0178603 0.0148192 0.0121502 0.00984103 0.00787175 0.00621657 0.00484573 0.00372718 0.00282813 0.00211646 0.00156174 0.00113607 0.000814522 0.000575474 0.000400588 0.000274695 0.000185535 0.000123415 8.08413e-05 5.21413e-05 3.31117e-05 2.07017e-05 1.27422e-05 7.7216e-06 4.60761e-06 2.70934e-06 1.57385e-06 9.10895e-07 5.39955e-07 3.5428e-07 
4.46692e-07 5.29956e-07 8.04995e-07 1.35328e-06 2.33045e-06 3.9989e-06 6.77884e-06 1.13234e-05 1.86244e-05 3.01572e-05 4.80716e-05 7.54375e-05 0.00011655 0.000177295 0.000265568 0.000391743 0.000569145 0.000814522 0.00114844 0.00159557 0.00218478 0.00294899 0.00392474 0.00515142 0.00667006 0.0085219 0.0107465 0.0133799 0.0164519 0.0199844 0.0239889 0.0284647 0.0333975 0.0387583 0.044503 0.0505729 0.0568955 0.0633863 0.0699508 0.0764878 0.0828921 0.0890577 0.0948814 0.100265 0.10512 0.109364 0.112931 0.115763 0.117817 0.119062 0.119479 0.119062 0.117817 0.115763 0.112931 0.109364 0.10512 0.100265 0.0948814 0.0890577 0.0828921 0.0764878 0.0699508 0.0633863 0.0568955 0.0505729 0.044503 0.0387583 0.0333975 0.0284647 0.0239889 0.0199844 0.0164519 0.0133799 0.0107465 0.0085219 0.00667006 0.00515142 0.00392474 0.00294899 0.00218478 0.00159557 0.00114844 0.000814522 0.000569145 0.000391743 0.000265568 0.000177295 0.00011655 7.54375e-05 4.80716e-05 3.01572e-05 1.86244e-05 1.13234e-05 6.77884e-06 3.9989e-06 2.33045e-06 1.35328e-06 8.04995e-07 5.29956e-07 
6.5987e-07 7.81613e-07 1.18327e-06 1.98221e-06 3.40213e-06 5.81889e-06 9.83211e-06 1.63699e-05 2.68354e-05 4.33061e-05 6.87943e-05 0.00010758 0.00016562 0.000251031 0.000374639 0.000550576 0.000796882 0.00113607 0.00159557 0.00220803 0.00301133 0.00404824 0.00536573 0.00701378 0.00904379 0.0115065 0.0144497 0.0179153 0.021937 0.026537 0.0317241 0.0374913 0.0438143 0.0506507 0.0579401 0.0656046 0.0735504 0.0816706 0.0898476 0.0979569 0.105871 0.113463 0.120611 0.127199 0.133124 0.138292 0.142627 0.146064 0.148553 0.150061 0.150565 0.150061 0.148553 0.146064 0.142627 0.138292 0.133124 0.127199 0.120611 0.113463 0.105871 0.0979569 0.0898476 0.0816706 0.0735504 0.0656046 0.0579401 0.0506507 0.0438143 0.0374913 0.0317241 0.026537 0.021937 0.0179153 0.0144497 0.0115065 0.00904379 0.00701378 0.00536573 0.00404824 0.00301133 0.00220803 0.00159557 0.00113607 0.000796882 0.000550576 0.000374639 0.000251031 0.00016562 0.00010758 6.87943e-05 4.33061e-05 2.68354e-05 1.63699e-05 9.83211e-06 5.81889e-06 3.40213e-06 1.98221e-06 1.18327e-06 7.81613e-07 
9.61196e-07 1.13671e-06 1.71505e-06 2.86292e-06 4.89725e-06 8.34876e-06 1.40609e-05 2.33334e-05 3.81229e-05 6.13121e-05 9.70608e-05 0.000151249 0.000232013 0.00035038 0.00052097 0.000762742 0.00109974 0.00156174 0.00218478 0.00301133 0.00409026 0.00547617 0.00722834 0.00940904 0.0120813 0.0153062 0.0191397 0.0236294 0.0288112 0.034706 0.0413168 0.048627 0.0565985 0.0651714 0.0742645 0.0837767 0.0935894 0.10357 0.113574 0.123453 0.133055 0.142231 0.150841 0.158751 0.165845 0.172019 0.177186 0.181275 0.184234 0.186024 0.186623 0.186024 0.184234 0.181275 0.177186 0.172019 0.165845 0.158751 0.150841 0.142231 0.133055 0.123453 0.113574 0.10357 0.0935894 0.0837767 0.0742645 0.0651714 0.0565985 0.048627 0.0413168 0.034706 0.0288112 0.0236294 0.0191397 0.0153062 0.0120813 0.00940904 0.00722834 0.00547617 0.00409026 0.00301133 0.00218478 0.00156174 0.00109974 0.000762742 0.00052097 0.00035038 0.000232013 0.000151249 9.70608e-05 6.13121e-05 3.81229e-05 2.33334e-05 1.40609e-05 8.34876e-06 4.89725e-06 2.86292e-06 1.71505e-06 1.13671e-06 
1.38075e-06 1.63026e-06 2.45144e-06 4.07775e-06 6.95187e-06 1.18126e-05 1.98296e-05 3.27975e-05 5.34055e-05 8.55966e-05 0.000135032 0.000209671 0.00032047 0.000482185 0.000714263 0.00104176 0.00149623 0.00211646 0.00294899 0.00404824 0.00547617 0.0073013 0.00959706 0.0124395 0.0159044 0.0200634 0.0249804 0.0307073 0.0372802 0.0447155 0.0530071 0.0621243 0.0720105 0.0825839 0.0937377 0.105343 0.117254 0.129307 0.141332 0.153151 0.16459 0.175479 0.185657 0.194978 0.203312 0.210545 0.216586 0.221359 0.224807 0.226892 0.227589 0.226892 0.224807 0.221359 0.216586 0.210545 0.203312 0.194978 0.185657 0.175479 0.16459 0.153151 0.141332 0.129307 0.117254 0.105343 0.0937377 0.0825839 0.0720105 0.0621243 0.0530071 0.0447155 0.0372802 0.0307073 0.0249804 0.0200634 0.0159044 0.0124395 0.00959706 0.0073013 0.00547617 0.00404824 0.00294899 0.00211646 0.00149623 0.00104176 0.000714263 0.000482185 0.00032047 0.000209671 0.000135032 8.55966e-05 5.34055e-05 3.27975e-05 1.98296e-05 1.18126e-05 6.95187e-06 4.07775e-06 2.45144e-06 1.63026e-06 
1.95618e-06 2.30602e-06 3.45599e-06 5.72848e-06 9.73324e-06 1.64845e-05 2.75815e-05 4.54676e-05 7.37869e-05 0.000117856 0.000185271 0.000286653 0.000436537 0.000654388 0.000965693 0.00140307 0.0020073 0.00282813 0.00392474 0.00536573 0.00722834 0.00959706 0.0125613 0.016212 0.0206382 0.025922 0.0321341 0.0393286 0.0475385 0.056772 0.0670091 0.0782001 0.0902647 0.103094 0.11655 0.130474 0.144685 0.158992 0.173193 0.187085 0.200468 0.213154 0.224966 0.235745 0.245351 0.253667 0.260594 0.266058 0.269999 0.272379 0.273175 0.272379 0.269999 0.266058 0.260594 0.253667 0.245351 0.235745 0.224966 0.213154 0.200468 0.187085 0.173193 0.158992 0.144685 0.130474 0.11655 0.103094 0.0902647 0.0782001 0.0670091 0.056772 0.0475385 0.0393286 0.0321341 0.025922 0.0206382 0.016212 0.0125613 0.00959706 0.00722834 0.00536573 0.00392474 0.00282813 0.0020073 0.00140307 0.000965693 0.000654388 0.000436537 0.000286653 0.000185271 0.000117856 7.37869e-05 4.54676e-05 2.75815e-05 1.64845e-05 9.73324e-06 5.72848e-06 3.45599e-06 2.30602e-06 
2.73364e-06 3.21746e-06 4.80593e-06 7.93812e-06 1.34424e-05 2.2692e-05 3.78434e-05 6.21772e-05 0.000100563 0.000160072 0.000250749 0.00038657 0.000586546 0.000875982 0.0012878 0.00186384 0.00265602 0.00372718 0.00515142 0.00701378 0.00940904 0.0124395 0.016212 0.0208333 0.0264056 0.0330204 0.040753 0.0496567 0.0597575 0.0710501 0.0834952 0.0970182 0.111509 0.126827 0.142798 0.159228 0.175903 0.192597 0.209079 0.225121 0.240502 0.255016 0.268475 0.280709 0.291576 0.300956 0.30875 0.314884 0.319303 0.321969 0.32286 0.321969 0.319303 0.314884 0.30875 0.300956 0.291576 0.280709 0.268475 0.255016 0.240502 0.225121 0.209079 0.192597 0.175903 0.159228 0.142798 0.126827 0.111509 0.0970182 0.0834952 0.0710501 0.0597575 0.0496567 0.040753 0.0330204 0.0264056 0.0208333 0.016212 0.0124395 0.00940904 0.00701378 0.00515142 0.00372718 0.00265602 0.00186384 0.0012878 0.000875982 0.000586546 0.00038657 0.000250749 0.000160072 0.000100563 6.21772e-05 3.78434e-05 2.2692e-05 1.34424e-05 7.93812e-06 4.80593e-06 3.21746e-06 
3.76838e-06 4.42846e-06 6.59304e-06 1.0852e-05 1.83156e-05 3.08176e-05 5.12269e-05 8.3888e-05 0.00013522 0.000214495 0.000334822 0.000514327 0.000777535 0.00115688 0.00169427 0.00244261 0.00346704 0.00484573 0.00667006 0.00904379 0.0120813 0.0159044 0.0206382 0.0264056 0.033321 0.0414836 0.05097 0.0618284 0.0740726 0.0876783 0.10258 0.118672 0.13581 0.153811 0.172467 0.191542 0.210785 0.22994 0.248746 0.266952 0.28432 0.300631 0.315689 0.329323 0.341389 0.351771 0.360375 0.367132 0.371992 0.37492 0.375898 0.37492 0.371992 0.367132 0.360375 0.351771 0.341389 0.329323 0.315689 0.300631 0.28432 0.266952 0.248746 0.22994 0.210785 0.191542 0.172467 0.153811 0.13581 0.118672 0.10258 0.0876783 0.0740726 0.0618284 0.05097 0.0414836 0.033321 0.0264056 0.0206382 0.0159044 0.0120813 0.00904379 0.00667006 0.00484573 0.00346704 0.00244261 0.00169427 0.00115688 0.000777535 0.000514327 0.000334822 0.000214495 0.00013522 8.3888e-05 5.12269e-05 3.08176e-05 1.83156e-05 1.0852e-05 6.59304e-06 4.42846e-06 
5.12495e-06 6.01348e-06 8.92372e-06 1.46377e-05 2.46232e-05 4.12968e-05 6.84237e-05 0.000111681 0.000179415 0.000283624 0.000441178 0.000675274 0.00101711 0.00150768 0.0021996 0.00315881 0.00446586 0.00621657 0.0085219 0.0115065 0.0153062 0.0200634 0.025922 0.0330204 0.0414836 0.051415 0.0628888 0.0759427 0.0905721 0.106726 0.124308 0.143172 0.163133 0.183966 0.205418 0.227213 0.249065 0.270683 0.291783 0.312096 0.33137 0.349379 0.365927 0.380846 0.393999 0.405278 0.414598 0.421901 0.427143 0.430299 0.431352 0.430299 0.427143 0.421901 0.414598 0.405278 0.393999 0.380846 0.365927 0.349379 0.33137 0.312096 0.291783 0.270683 0.249065 0.227213 0.205418 0.183966 0.163133 0.143172 0.124308 0.106726 0.0905721 0.0759427 0.0628888 0.051415 0.0414836 0.0330204 0.025922 0.0200634 0.0153062 0.0115065 0.0085219 0.00621657 0.00446586 0.00315881 0.0021996 0.00150768 0.00101711 0.000675274 0.000441178 0.000283624 0.000179415 0.000111681 6.84237e-05 4.12968e-05 2.46232e-05 1.46377e-05 8.92372e-06 6.01348e-06 
6.87684e-06 8.05702e-06 1.19181e-05 1.94829e-05 3.26666e-05 5.46119e-05 9.01949e-05 0.000146736 0.000234946 0.000370144 0.000573752 0.000875061 0.00131322 0.00193935 0.00281861 0.00403204 0.00567782 0.00787175 0.0107465 0.0144497 0.0191397 0.0249804 0.0321341 0.040753 0.05097 0.0628888 0.0765757 0.0920514 0.109286 0.128195 0.148641 0.170435 0.193342 0.217092 0.241384 0.265904 0.290327 0.314336 0.337625 0.359911 0.380937 0.400479 0.418346 0.434381 0.44846 0.460489 0.470399 0.478144 0.483693 0.487029 0.488142 0.487029 0.483693 0.478144 0.470399 0.460489 0.44846 0.434381 0.418346 0.400479 0.380937 0.359911 0.337625 0.314336 0.290327 0.265904 0.241384 0.217092 0.193342 0.170435 0.148641 0.128195 0.109286 0.0920514 0.0765757 0.0628888 0.05097 0.040753 0.0321341 0.0249804 0.0191397 0.0144497 0.0107465 0.00787175 0.00567782 0.00403204 0.00281861 0.00193935 0.00131322 0.000875061 0.000573752 0.000370144 0.000234946 0.000146736 9.01949e-05 5.46119e-05 3.26666e-05 1.94829e-05 1.19181e-05 8.05702e-06 
9.10522e-06 1.06522e-05 1.57077e-05 2.55921e-05 4.27719e-05 7.12806e-05 0.000117352 0.000190302 0.0003037 0.000476849 0.000736598 0.00111945 0.00167389 0.00246282 0.00356585 0.00508121 0.00712696 0.00984103 0.0133799 0.0179153 0.0236294 0.0307073 0.0393286 0.0496567 0.0618284 0.0759427 0.0920514 0.110151 0.130178 0.152008 0.175454 0.200278 0.226192 0.252874 0.279978 0.307148 0.334028 0.360275 0.385571 0.409626 0.432184 0.453032 0.471991 0.488923 0.503725 0.516322 0.526667 0.534729 0.540494 0.543955 0.545109 0.543955 0.540494 0.534729 0.526667 0.516322 0.503725 0.488923 0.471991 0.453032 0.432184 0.409626 0.385571 0.360275 0.334028 0.307148 0.279978 0.252874 0.226192 0.200278 0.175454 0.152008 0.130178 0.110151 0.0920514 0.0759427 0.0618284 0.0496567 0.0393286 0.0307073 0.0236294 0.0179153 0.0133799 0.00984103 0.00712696 0.00508121 0.00356585 0.00246282 0.00167389 0.00111945 0.000736598 0.000476849 0.0003037 0.000190302 0.000117352 7.12806e-05 4.27719e-05 2.55921e-05 1.57077e-05 1.06522e-05 
1.18969e-05 1.38984e-05 2.04318e-05 3.31801e-05 5.52789e-05 9.1839e-05 0.000150728 0.000243653 0.00038758 0.000606528 0.000933721 0.00141406 0.00210684 0.00308843 0.00445484 0.00632359 0.00883469 0.0121502 0.0164519 0.021937 0.0288112 0.0372802 0.0475385 0.0597575 0.0740726 0.0905721 0.109286 0.130178 0.153145 0.178011 0.204537 0.232426 0.261336 0.290891 0.320701 0.35037 0.379515 0.407776 0.434827 0.460379 0.484191 0.506064 0.525844 0.543417 0.558706 0.571665 0.582268 0.590508 0.596387 0.599911 0.601085 0.599911 0.596387 0.590508 0.582268 0.571665 0.558706 0.543417 0.525844 0.506064 0.484191 0.460379 0.434827 0.407776 0.379515 0.35037 0.320701 0.290891 0.261336 0.232426 0.204537 0.178011 0.153145 0.130178 0.109286 0.0905721 0.0740726 0.0597575 0.0475385 0.0372802 0.0288112 0.021937 0.0164519 0.0121502 0.00883469 0.00632359 0.00445484 0.00308843 0.00210684 0.00141406 0.000933721 0.000606528 0.00038758 0.000243653 0.000150728 9.1839e-05 5.52789e-05 3.31801e-05 2.04318e-05 1.38984e-05 
1.5341e-05 1.78973e-05 2.62322e-05 4.24637e-05 7.05278e-05 0.000116819 0.000191143 0.000308024 0.000488418 0.000761834 0.00116887 0.00176409 0.00261905 0.00382537 0.00549732 0.00777368 0.0108184 0.0148192 0.0199844 0.026537 0.034706 0.0447155 0.056772 0.0710501 0.0876783 0.106726 0.128195 0.152008 0.178011 0.205973 0.235594 0.266517 0.29834 0.330636 0.36297 0.394913 0.426062 0.456046 0.48454 0.511268 0.536009 0.558589 0.578885 0.596818 0.612341 0.625438 0.636115 0.644385 0.650272 0.653795 0.654967 0.653795 0.650272 0.644385 0.636115 0.625438 0.612341 0.596818 0.578885 0.558589 0.536009 0.511268 0.48454 0.456046 0.426062 0.394913 0.36297 0.330636 0.29834 0.266517 0.235594 0.205973 0.178011 0.152008 0.128195 0.106726 0.0876783 0.0710501 0.056772 0.0447155 0.034706 0.026537 0.0199844 0.0148192 0.0108184 0.00777368 0.00549732 0.00382537 0.00261905 0.00176409 0.00116887 0.000761834 0.000488418 0.000308024 0.000191143 0.000116819 7.05278e-05 4.24637e-05 2.62322e-05 1.78973e-05 
1.9525e-05 2.2748e-05 3.3246e-05 5.36505e-05 8.8841e-05 0.000146719 0.000239354 0.000384548 0.000607864 0.000945117 0.00144531 0.00217393 0.00321632 0.004681 0.00670231 0.00944213 0.0130898 0.0178603 0.0239889 0.0317241 0.0413168 0.0530071 0.0670091 0.0834952 0.10258 0.124308 0.148641 0.175454 0.204537 0.235594 0.268261 0.302116 0.336699 0.371533 0.406142 0.440072 0.472905 0.504269 0.533851 0.561397 0.586712 0.609661 0.630156 0.648155 0.663653 0.676666 0.687229 0.695385 0.701174 0.704633 0.705783 0.704633 0.701174 0.695385 0.687229 0.676666 0.663653 0.648155 0.630156 0.609661 0.586712 0.561397 0.533851 0.504269 0.472905 0.440072 0.406142 0.371533 0.336699 0.302116 0.268261 0.235594 0.204537 0.175454 0.148641 0.124308 0.10258 0.0834952 0.0670091 0.0530071 0.0413168 0.0317241 0.0239889 0.0178603 0.0130898 0.00944213 0.00670231 0.004681 0.00321632 0.00217393 0.00144531 0.000945117 0.000607864 0.000384548 0.000239354 0.000146719 8.8841e-05 5.36505e-05 3.3246e-05 2.2748e-05 
2.45291e-05 2.85414e-05 4.15971e-05 6.69257e-05 0.000110502 0.000181971 0.000296008 0.000474171 0.000747268 0.00115825 0.00176557 0.00264688 0.00390276 0.00566021 0.00807532 0.0113346 0.0156541 0.0212766 0.0284647 0.0374913 0.048627 0.0621243 0.0782001 0.0970182 0.118672 0.143172 0.170435 0.200278 0.232426 0.266517 0.302116 0.338737 0.375863 0.412971 0.449551 0.485129 0.519283 0.551651 0.58194 0.609926 0.635453 0.658426 0.678803 0.696586 0.711806 0.724521 0.734796 0.742699 0.748294 0.75163 0.752739 0.75163 0.748294 0.742699 0.734796 0.724521 0.711806 0.696586 0.678803 0.658426 0.635453 0.609926 0.58194 0.551651 0.519283 0.485129 0.449551 0.412971 0.375863 0.338737 0.302116 0.266517 0.232426 0.200278 0.170435 0.143172 0.118672 0.0970182 0.0782001 0.0621243 0.048627 0.0374913 0.0284647 0.0212766 0.0156541 0.0113346 0.00807532 0.00566021 0.00390276 0.00264688 0.00176557 0.00115825 0.000747268 0.000474171 0.000296008 0.000181971 0.000110502 6.69257e-05 4.15971e-05 2.85414e-05 
3.04202e-05 3.53526e-05 5.13863e-05 8.2437e-05 0.000135732 0.000222902 0.000361582 0.000577566 0.000907549 0.00140244 0.00213116 0.00318471 0.00468028 0.00676479 0.00961748 0.0134507 0.0185082 0.0250607 0.0333975 0.0438143 0.0565985 0.0720105 0.0902647 0.111509 0.13581 0.163133 0.193342 0.226192 0.261336 0.29834 0.336699 0.375863 0.415262 0.454331 0.492535 0.52939 0.564478 0.597457 0.628064 0.656115 0.681498 0.704168 0.724129 0.741429 0.756145 0.768368 0.778199 0.78573 0.791045 0.794208 0.795257 0.794208 0.791045 0.78573 0.778199 0.768368 0.756145 0.741429 0.724129 0.704168 0.681498 0.656115 0.628064 0.597457 0.564478 0.52939 0.492535 0.454331 0.415262 0.375863 0.336699 0.29834 0.261336 0.226192 0.193342 0.163133 0.13581 0.111509 0.0902647 0.0720105 0.0565985 0.0438143 0.0333975 0.0250607 0.0185082 0.0134507 0.00961748 0.00676479 0.00468028 0.00318471 0.00213116 0.00140244 0.000907549 0.000577566 0.000361582 0.000222902 0.000135732 8.2437e-05 5.13863e-05 3.53526e-05 
3.72455e-05 4.32338e-05 6.26814e-05 0.000100279 0.000164665 0.000269701 0.000436326 0.000695049 0.00108907 0.00167806 0.00254233 0.00378738 0.00554818 0.00799283 0.0113248 0.0157833 0.0216401 0.0291935 0.0387583 0.0506507 0.0651714 0.0825839 0.103094 0.126827 0.153811 0.183966 0.217092 0.252874 0.290891 0.330636 0.371533 0.412971 0.454331 0.495014 0.534471 0.572215 0.607845 0.641046 0.671595 0.699355 0.724265 0.746331 0.765611 0.782198 0.796212 0.807783 0.817039 0.8241 0.829066 0.832014 0.832991 0.832014 0.829066 0.8241 0.817039 0.807783 0.796212 0.782198 0.765611 0.746331 0.724265 0.699355 0.671595 0.641046 0.607845 0.572215 0.534471 0.495014 0.454331 0.412971 0.371533 0.330636 0.290891 0.252874 0.217092 0.183966 0.153811 0.126827 0.103094 0.0825839 0.0651714 0.0506507 0.0387583 0.0291935 0.0216401 0.0157833 0.0113248 0.00799283 0.00554818 0.00378738 0.00254233 0.00167806 0.00108907 0.000695049 0.000436326 0.000269701 0.000164665 0.000100279 6.26814e-05 4.32338e-05 
4.50256e-05 5.22064e-05 7.55061e-05 0.000120477 0.000197324 0.000322374 0.000520207 0.000826495 0.00129154 0.00198446 0.00299787 0.0044527 0.00650276 0.00933828 0.0131879 0.0183178 0.025028 0.0336436 0.044503 0.0579401 0.0742645 0.0937377 0.11655 0.142798 0.172467 0.205418 0.241384 0.279978 0.320701 0.36297 0.406142 0.449551 0.492535 0.534471 0.574801 0.613049 0.64884 0.681895 0.712039 0.739187 0.763335 0.784542 0.802917 0.818603 0.83176 0.842552 0.851135 0.857652 0.862218 0.864922 0.865817 0.864922 0.862218 0.857652 0.851135 0.842552 0.83176 0.818603 0.802917 0.784542 0.763335 0.739187 0.712039 0.681895 0.64884 0.613049 0.574801 0.534471 0.492535 0.449551 0.406142 0.36297 0.320701 0.279978 0.241384 0.205418 0.172467 0.142798 0.11655 0.0937377 0.0742645 0.0579401 0.044503 0.0336436 0.025028 0.0183178 0.0131879 0.00933828 0.00650276 0.0044527 0.00299787 0.00198446 0.00129154 0.000826495 0.000520207 0.000322374 0.000197324 0.000120477 7.55061e-05 5.22064e-05 
5.37482e-05 6.22544e-05 8.98312e-05 0.000142975 0.000233601 0.000380721 0.000612864 0.000971274 0.00151387 0.00231988 0.00349492 0.00517618 0.00753707 0.0107907 0.0151912 0.021032 0.0286406 0.0383677 0.0505729 0.0656046 0.0837767 0.105343 0.130474 0.159228 0.191542 0.227213 0.265904 0.307148 0.35037 0.394913 0.440072 0.485129 0.52939 0.572215 0.613049 0.651438 0.687037 0.719615 0.74905 0.775313 0.798459 0.818601 0.835902 0.850546 0.862733 0.872659 0.880504 0.88643 0.890565 0.893007 0.893815 0.893007 0.890565 0.88643 0.880504 0.872659 0.862733 0.850546 0.835902 0.818601 0.798459 0.775313 0.74905 0.719615 0.687037 0.651438 0.613049 0.572215 0.52939 0.485129 0.440072 0.394913 0.35037 0.307148 0.265904 0.227213 0.191542 0.159228 0.130474 0.105343 0.0837767 0.0656046 0.0505729 0.0383677 0.0286406 0.021032 0.0151912 0.0107907 0.00753707 0.00517618 0.00349492 0.00231988 0.00151387 0.000971274 0.000612864 0.000380721 0.000233601 0.000142975 8.98312e-05 6.22544e-05 
6.33631e-05 7.33182e-05 0.000105566 0.000167621 0.000273238 0.000444307 0.000713574 0.00112821 0.00175417 0.00268133 0.00402889 0.00595086 0.00864079 0.012335 0.0173133 0.023896 0.0324369 0.0433107 0.0568955 0.0735504 0.0935894 0.117254 0.144685 0.175903 0.210785 0.249065 0.290327 0.334028 0.379515 0.426062 0.472905 0.519283 0.564478 0.607845 0.64884 0.687037 0.722134 0.753953 0.782427 0.807589 0.82955 0.848479 0.864586 0.878098 0.889249 0.89826 0.905335 0.910648 0.91434 0.916513 0.917231 0.916513 0.91434 0.910648 0.905335 0.89826 0.889249 0.878098 0.864586 0.848479 0.82955 0.807589 0.782427 0.753953 0.722134 0.687037 0.64884 0.607845 0.564478 0.519283 0.472905 0.426062 0.379515 0.334028 0.290327 0.249065 0.210785 0.175903 0.144685 0.117254 0.0935894 0.0735504 0.0568955 0.0433107 0.0324369 0.023896 0.0173133 0.012335 0.00864079 0.00595086 0.00402889 0.00268133 0.00175417 0.00112821 0.000713574 0.000444307 0.000273238 0.000167621 0.000105566 7.33182e-05 
