0.00155243 0.00157296 0.00163477 0.00173846 0.00188499 0.00207571 0.00231232 0.00259678 0.00293133 0.00331844 0.0037607 0.0042608 0.00482145 0.00544531 0.00613491 0.00689255 0.00772026 0.00861967 0.00959196 0.0106378 0.0117571 0.0129492 0.0142128 0.0155456 0.0169444 0.0184053 0.0199235 0.021493 0.0231073 0.0247588 0.0264389 0.0281386 0.029848 0.0315564 0.033253 0.0349261 0.0365641 0.0381551 0.0396871 0.0411484 0.0425274 0.043813 0.0449947 0.0460625 0.0470075 0.0478215 0.0484975 0.0490295 0.0494129 0.0496443 0.0497217 0.0496443 0.0494129 0.0490295 0.0484975 0.0478215 0.0470075 0.0460625 0.0449947 0.043813 0.0425274 0.0411484 0.0396871 0.0381551 0.0365641 0.0349261 0.033253 0.0315564 0.029848 0.0281386 0.0264389 0.0247588 0.0231073 0.021493 0.0199235 0.0184053 0.0169444 0.0155456 0.0142128 0.0129492 0.0117571 0.0106378 0.00959196 0.00861967 0.00772026 0.00689255 0.00613491 0.00544531 0.00482145 0.0042608 0.0037607 0.00331844 0.00293133 0.00259678 0.00231232 0.00207571 0.00188499 0.00173846 0.00163477 0.00157296 
0.00157296 0.00159375 0.00165631 0.00176125 0.00190955 0.00210257 0.00234201 0.00262986 0.0029684 0.00336008 0.00380753 0.00431347 0.00488062 0.00551166 0.00620913 0.00697537 0.00781239 0.00872184 0.0097049 0.0107622 0.0118937 0.0130988 0.0143759 0.0157228 0.0171364 0.0186127 0.0201466 0.0217323 0.0233631 0.0250314 0.0267285 0.0284452 0.0301715 0.0318968 0.03361 0.0352995 0.0369534 0.0385597 0.0401064 0.0415816 0.0429737 0.0442715 0.0454643 0.0465421 0.0474959 0.0483175 0.0489998 0.0495367 0.0499237 0.0501573 0.0502354 0.0501573 0.0499237 0.0495367 0.0489998 0.0483175 0.0474959 0.0465421 0.0454643 0.0442715 0.0429737 0.0415816 0.0401064 0.0385597 0.0369534 0.0352995 0.03361 0.0318968 0.0301715 0.0284452 0.0267285 0.0250314 0.0233631 0.0217323 0.0201466 0.0186127 0.0171364 0.0157228 0.0143759 0.0130988 0.0118937 0.0107622 0.0097049 0.00872184 0.00781239 0.00697537 0.00620913 0.00551166 0.00488062 0.00431347 0.00380753 0.00336008 0.0029684 0.00262986 0.00234201 0.00210257 0.00190955 0.00176125 0.00165631 0.00159375 
0.00163477 0.00165631 0.00172112 0.00182983 0.00198346 0.00218338 0.00243135 0.00272942 0.0030799 0.00348533 0.0039484 0.00447188 0.00505856 0.00571118 0.00643234 0.0072244 0.00808941 0.00902904 0.0100445 0.0111363 0.0123045 0.0135482 0.0148661 0.0162556 0.0177136 0.0192358 0.0208171 0.0224514 0.0241318 0.0258504 0.0275984 0.0293662 0.0311435 0.0329195 0.0346826 0.036421 0.0381226 0.0397749 0.0413657 0.0428827 0.0443141 0.0456483 0.0468745 0.0479824 0.0489627 0.0498071 0.0505082 0.05106 0.0514577 0.0516977 0.0517779 0.0516977 0.0514577 0.05106 0.0505082 0.0498071 0.0489627 0.0479824 0.0468745 0.0456483 0.0443141 0.0428827 0.0413657 0.0397749 0.0381226 0.036421 0.0346826 0.0329195 0.0311435 0.0293662 0.0275984 0.0258504 0.0241318 0.0224514 0.0208171 0.0192358 0.0177136 0.0162556 0.0148661 0.0135482 0.0123045 0.0111363 0.0100445 0.00902904 0.00808941 0.0072244 0.00643234 0.00571118 0.00505856 0.00447188 0.0039484 0.00348533 0.0030799 0.00272942 0.00243135 0.00218338 0.00198346 0.00182983 0.00172112 0.00165631 
0.00173846 0.00176125 0.00182983 0.00194486 0.0021074 0.00231888 0.00258114 0.0028963 0.00326679 0.00369524 0.00418444 0.00473727 0.00535664 0.00604538 0.00680615 0.0076414 0.00855322 0.00954332 0.0106129 0.0117624 0.0129919 0.0143004 0.0156863 0.017147 0.018679 0.020278 0.0219384 0.0236539 0.0254171 0.0272198 0.0290526 0.0309057 0.0327681 0.0346286 0.0364751 0.0382952 0.0400762 0.0418052 0.0434695 0.0450563 0.0465532 0.0479482 0.04923 0.050388 0.0514125 0.0522949 0.0530275 0.053604 0.0540194 0.0542701 0.054354 0.0542701 0.0540194 0.053604 0.0530275 0.0522949 0.0514125 0.050388 0.04923 0.0479482 0.0465532 0.0450563 0.0434695 0.0418052 0.0400762 0.0382952 0.0364751 0.0346286 0.0327681 0.0309057 0.0290526 0.0272198 0.0254171 0.0236539 0.0219384 0.020278 0.018679 0.017147 0.0156863 0.0143004 0.0129919 0.0117624 0.0106129 0.00954332 0.00855322 0.0076414 0.00680615 0.00604538 0.00535664 0.00473727 0.00418444 0.00369524 0.00326679 0.0028963 0.00258114 0.00231888 0.0021074 0.00194486 0.00182983 0.00176125 
0.00188499 0.00190955 0.00198346 0.0021074 0.00228249 0.00251027 0.00279266 0.00313192 0.0035306 0.00399147 0.00451749 0.00511168 0.00577708 0.00651665 0.00733319 0.00822923 0.00920693 0.010268 0.0114137 0.0126444 0.01396 0.0153595 0.016841 0.0184017 0.0200379 0.0217446 0.0235161 0.0253456 0.027225 0.0291456 0.0310976 0.0330702 0.0350521 0.037031 0.0389943 0.0409289 0.0428213 0.0446579 0.0464251 0.0481096 0.0496982 0.0511783 0.052538 0.0537662 0.0548526 0.0557881 0.0565647 0.0571758 0.0576162 0.0578819 0.0579707 0.0578819 0.0576162 0.0571758 0.0565647 0.0557881 0.0548526 0.0537662 0.052538 0.0511783 0.0496982 0.0481096 0.0464251 0.0446579 0.0428213 0.0409289 0.0389943 0.037031 0.0350521 0.0330702 0.0310976 0.0291456 0.027225 0.0253456 0.0235161 0.0217446 0.0200379 0.0184017 0.016841 0.0153595 0.01396 0.0126444 0.0114137 0.010268 0.00920693 0.00822923 0.00733319 0.00651665 0.00577708 0.00511168 0.00451749 0.00399147 0.0035306 0.00313192 0.00279266 0.00251027 0.00228249 0.0021074 0.00198346 0.00190955 
0.00207571 0.00210257 0.00218338 0.00231888 0.00251027 0.00275919 0.0030677 0.00343821 0.00387344 0.00437635 0.00495009 0.00559786 0.00632289 0.00712832 0.00801707 0.0089918 0.0100548 0.0112077 0.0124518 0.0137875 0.0152145 0.0167316 0.0183366 0.0200265 0.0217971 0.023643 0.0255579 0.0275343 0.0295637 0.0316364 0.0337419 0.0358686 0.0380043 0.0401359 0.0422497 0.0443316 0.0463674 0.0483423 0.050242 0.0520522 0.0537588 0.0553484 0.0568083 0.0581267 0.0592926 0.0602964 0.0611297 0.0617852 0.0622575 0.0625426 0.0626379 0.0625426 0.0622575 0.0617852 0.0611297 0.0602964 0.0592926 0.0581267 0.0568083 0.0553484 0.0537588 0.0520522 0.050242 0.0483423 0.0463674 0.0443316 0.0422497 0.0401359 0.0380043 0.0358686 0.0337419 0.0316364 0.0295637 0.0275343 0.0255579 0.023643 0.0217971 0.0200265 0.0183366 0.0167316 0.0152145 0.0137875 0.0124518 0.0112077 0.0100548 0.0089918 0.00801707 0.00712832 0.00632289 0.00559786 0.00495009 0.00437635 0.00387344 0.00343821 0.0030677 0.00275919 0.00251027 0.00231888 0.00218338 0.00210257 
0.00231232 0.00234201 0.00243135 0.00258114 0.00279266 0.0030677 0.00340847 0.00381757 0.00429793 0.00485274 0.00548536 0.00619925 0.00699784 0.00788446 0.00886223 0.00993394 0.0111019 0.012368 0.0137333 0.0151982 0.0167622 0.0184239 0.0201808 0.0220294 0.0239651 0.0259819 0.0280728 0.0302296 0.0324429 0.0347022 0.0369959 0.0393115 0.0416357 0.0439541 0.0462522 0.0485146 0.0507257 0.05287 0.0549318 0.0568956 0.0587464 0.0604699 0.0620523 0.0634809 0.064744 0.0658313 0.0667336 0.0674435 0.0679549 0.0682635 0.0683666 0.0682635 0.0679549 0.0674435 0.0667336 0.0658313 0.064744 0.0634809 0.0620523 0.0604699 0.0587464 0.0568956 0.0549318 0.05287 0.0507257 0.0485146 0.0462522 0.0439541 0.0416357 0.0393115 0.0369959 0.0347022 0.0324429 0.0302296 0.0280728 0.0259819 0.0239651 0.0220294 0.0201808 0.0184239 0.0167622 0.0151982 0.0137333 0.012368 0.0111019 0.00993394 0.00886223 0.00788446 0.00699784 0.00619925 0.00548536 0.00485274 0.00429793 0.00381757 0.00340847 0.0030677 0.00279266 0.00258114 0.00243135 0.00234201 
0.00259678 0.00262986 0.00272942 0.0028963 0.00313192 0.00343821 0.00381757 0.00427282 0.00480715 0.005424 0.006127 0.00691987 0.0078063 0.00878986 0.00987387 0.0110613 0.0123545 0.0137554 0.0152651 0.0168839 0.018611 0.0204448 0.0223824 0.0244198 0.0265516 0.0287715 0.0310714 0.0334424 0.0358739 0.0383545 0.0408714 0.0434109 0.0459583 0.0484982 0.0510144 0.0534903 0.0559091 0.0582536 0.060507 0.0626525 0.0646738 0.0665554 0.0682825 0.0698412 0.0712191 0.0724049 0.0733889 0.0741628 0.0747204 0.0750567 0.0751692 0.0750567 0.0747204 0.0741628 0.0733889 0.0724049 0.0712191 0.0698412 0.0682825 0.0665554 0.0646738 0.0626525 0.060507 0.0582536 0.0559091 0.0534903 0.0510144 0.0484982 0.0459583 0.0434109 0.0408714 0.0383545 0.0358739 0.0334424 0.0310714 0.0287715 0.0265516 0.0244198 0.0223824 0.0204448 0.018611 0.0168839 0.0152651 0.0137554 0.0123545 0.0110613 0.00987387 0.00878986 0.0078063 0.00691987 0.006127 0.005424 0.00480715 0.00427282 0.00381757 0.00343821 0.00313192 0.0028963 0.00272942 0.00262986 
0.00293133 0.0029684 0.0030799 0.00326679 0.0035306 0.00387344 0.00429793 0.00480715 0.00540456 0.0060939 0.00687911 0.0077642 0.00875317 0.00984984 0.0110577 0.01238 0.0138192 0.0153772 0.017055 0.0188528 0.0207697 0.0228035 0.0249511 0.0272077 0.0295674 0.0320228 0.0345652 0.0371844 0.0398688 0.0426057 0.045381 0.0481796 0.0509853 0.0537811 0.0565494 0.0592721 0.0619306 0.0645063 0.0669809 0.0693359 0.0715539 0.0736178 0.0755116 0.0772204 0.0787306 0.0800299 0.0811079 0.0819557 0.0825663 0.0829347 0.0830578 0.0829347 0.0825663 0.0819557 0.0811079 0.0800299 0.0787306 0.0772204 0.0755116 0.0736178 0.0715539 0.0693359 0.0669809 0.0645063 0.0619306 0.0592721 0.0565494 0.0537811 0.0509853 0.0481796 0.045381 0.0426057 0.0398688 0.0371844 0.0345652 0.0320228 0.0295674 0.0272077 0.0249511 0.0228035 0.0207697 0.0188528 0.017055 0.0153772 0.0138192 0.01238 0.0110577 0.00984984 0.00875317 0.0077642 0.00687911 0.0060939 0.00540456 0.00480715 0.00429793 0.00387344 0.0035306 0.00326679 0.0030799 0.0029684 
0.00331844 0.00336008 0.00348533 0.00369524 0.00399147 0.00437635 0.00485274 0.005424 0.0060939 0.00686652 0.00774613 0.0087371 0.00984372 0.0110701 0.0124201 0.0138969 0.0155032 0.0172409 0.0191111 0.0211137 0.0232474 0.0255098 0.0278971 0.0304038 0.0330234 0.0357474 0.038566 0.0414678 0.0444401 0.0474685 0.0505376 0.0536306 0.0567296 0.0598161 0.0628705 0.065873 0.0688033 0.0716411 0.0743661 0.0769586 0.0793992 0.0816695 0.083752 0.0856305 0.0872902 0.0887179 0.0899021 0.0908333 0.091504 0.0919086 0.0920438 0.0919086 0.091504 0.0908333 0.0899021 0.0887179 0.0872902 0.0856305 0.083752 0.0816695 0.0793992 0.0769586 0.0743661 0.0716411 0.0688033 0.065873 0.0628705 0.0598161 0.0567296 0.0536306 0.0505376 0.0474685 0.0444401 0.0414678 0.038566 0.0357474 0.0330234 0.0304038 0.0278971 0.0255098 0.0232474 0.0211137 0.0191111 0.0172409 0.0155032 0.0138969 0.0124201 0.0110701 0.00984372 0.0087371 0.00774613 0.00686652 0.0060939 0.005424 0.00485274 0.00437635 0.00399147 0.00369524 0.00348533 0.00336008 
0.0037607 0.00380753 0.0039484 0.00418444 0.00451749 0.00495009 0.00548536 0.006127 0.00687911 0.00774613 0.00873272 0.00984361 0.0110834 0.0124566 0.0139672 0.0156187 0.0174139 0.0193546 0.0214419 0.0236754 0.0260536 0.0285735 0.0312306 0.0340189 0.0369307 0.0399565 0.0430854 0.0463046 0.0495998 0.0529552 0.0563536 0.0597763 0.0632038 0.0666155 0.0699899 0.0733052 0.0765393 0.0796697 0.0826744 0.0855318 0.0882207 0.0907211 0.0930139 0.0950816 0.0969079 0.0984786 0.0997812 0.100805 0.101543 0.101988 0.102136 0.101988 0.101543 0.100805 0.0997812 0.0984786 0.0969079 0.0950816 0.0930139 0.0907211 0.0882207 0.0855318 0.0826744 0.0796697 0.0765393 0.0733052 0.0699899 0.0666155 0.0632038 0.0597763 0.0563536 0.0529552 0.0495998 0.0463046 0.0430854 0.0399565 0.0369307 0.0340189 0.0312306 0.0285735 0.0260536 0.0236754 0.0214419 0.0193546 0.0174139 0.0156187 0.0139672 0.0124566 0.0110834 0.00984361 0.00873272 0.00774613 0.00687911 0.006127 0.00548536 0.00495009 0.00451749 0.00418444 0.0039484 0.00380753 
0.0042608 0.00431347 0.00447188 0.00473727 0.00511168 0.00559786 0.00619925 0.00691987 0.0077642 0.0087371 0.00984361 0.0110888 0.0124778 0.0140153 0.0157056 0.0175525 0.0195586 0.0217261 0.0240557 0.0265468 0.0291975 0.0320042 0.0349618 0.0380633 0.0413 0.0446612 0.0481346 0.051706 0.0553594 0.0590772 0.0628403 0.0666281 0.070419 0.0741902 0.0779183 0.0815792 0.0851485 0.0886019 0.0919151 0.0950645 0.0980271 0.100781 0.103305 0.105581 0.107591 0.109319 0.110752 0.111878 0.112689 0.113178 0.113342 0.113178 0.112689 0.111878 0.110752 0.109319 0.107591 0.105581 0.103305 0.100781 0.0980271 0.0950645 0.0919151 0.0886019 0.0851485 0.0815792 0.0779183 0.0741902 0.070419 0.0666281 0.0628403 0.0590772 0.0553594 0.051706 0.0481346 0.0446612 0.0413 0.0380633 0.0349618 0.0320042 0.0291975 0.0265468 0.0240557 0.0217261 0.0195586 0.0175525 0.0157056 0.0140153 0.0124778 0.0110888 0.00984361 0.0087371 0.0077642 0.00691987 0.00619925 0.00559786 0.00511168 0.00473727 0.00447188 0.00431347 
0.00482145 0.00488062 0.00505856 0.00535664 0.00577708 0.00632289 0.00699784 0.0078063 0.00875317 0.00984372 0.0110834 0.0124778 0.0140324 0.0157521 0.0176416 0.0197047 0.0219445 0.0243628 0.0269603 0.029736 0.0326875 0.0358108 0.0390997 0.0425463 0.0461408 0.0498711 0.0537235 0.0576819 0.0617286 0.0658441 0.0700072 0.0741952 0.0783841 0.082549 0.086664 0.0907027 0.0946384 0.0984445 0.102094 0.105563 0.108824 0.111854 0.114631 0.117133 0.119343 0.121242 0.122817 0.124054 0.124945 0.125483 0.125662 0.125483 0.124945 0.124054 0.122817 0.121242 0.119343 0.117133 0.114631 0.111854 0.108824 0.105563 0.102094 0.0984445 0.0946384 0.0907027 0.086664 0.082549 0.0783841 0.0741952 0.0700072 0.0658441 0.0617286 0.0576819 0.0537235 0.0498711 0.0461408 0.0425463 0.0390997 0.0358108 0.0326875 0.029736 0.0269603 0.0243628 0.0219445 0.0197047 0.0176416 0.0157521 0.0140324 0.0124778 0.0110834 0.00984372 0.00875317 0.0078063 0.00699784 0.00632289 0.00577708 0.00535664 0.00505856 0.00488062 
0.00544531 0.00551166 0.00571118 0.00604538 0.00651665 0.00712832 0.00788446 0.00878986 0.00984984 0.0110701 0.0124566 0.0140153 0.0157521 0.0176723 0.0197808 0.0220817 0.024578 0.0272716 0.0301628 0.0332504 0.0365315 0.0400011 0.0436523 0.0474761 0.0514613 0.0555944 0.0598599 0.06424 0.068715 0.0732633 0.0778613 0.082484 0.0871052 0.0916972 0.0962318 0.10068 0.105013 0.1092 0.113215 0.117027 0.120611 0.12394 0.126989 0.129737 0.132162 0.134246 0.135973 0.137331 0.138308 0.138897 0.139094 0.138897 0.138308 0.137331 0.135973 0.134246 0.132162 0.129737 0.126989 0.12394 0.120611 0.117027 0.113215 0.1092 0.105013 0.10068 0.0962318 0.0916972 0.0871052 0.082484 0.0778613 0.0732633 0.068715 0.06424 0.0598599 0.0555944 0.0514613 0.0474761 0.0436523 0.0400011 0.0365315 0.0332504 0.0301628 0.0272716 0.024578 0.0220817 0.0197808 0.0176723 0.0157521 0.0140153 0.0124566 0.0110701 0.00984984 0.00878986 0.00788446 0.00712832 0.00651665 0.00604538 0.00571118 0.00551166 
0.00613491 0.00620913 0.00643234 0.00680615 0.00733319 0.00801707 0.00886223 0.00987387 0.0110577 0.0124201 0.0139672 0.0157056 0.0176416 0.0197808 0.0221285 0.0246888 0.0274648 0.0304583 0.0336693 0.0370963 0.0407356 0.0445815 0.048626 0.052859 0.0572676 0.0618369 0.0665495 0.0713857 0.0763235 0.081339 0.0864063 0.0914978 0.0965846 0.101636 0.106622 0.111511 0.11627 0.120868 0.125273 0.129455 0.133385 0.137033 0.140375 0.143384 0.14604 0.148322 0.150213 0.151699 0.152768 0.153413 0.153628 0.153413 0.152768 0.151699 0.150213 0.148322 0.14604 0.143384 0.140375 0.137033 0.133385 0.129455 0.125273 0.120868 0.11627 0.111511 0.106622 0.101636 0.0965846 0.0914978 0.0864063 0.081339 0.0763235 0.0713857 0.0665495 0.0618369 0.0572676 0.052859 0.048626 0.0445815 0.0407356 0.0370963 0.0336693 0.0304583 0.0274648 0.0246888 0.0221285 0.0197808 0.0176416 0.0157056 0.0139672 0.0124201 0.0110577 0.00987387 0.00886223 0.00801707 0.00733319 0.00680615 0.00643234 0.00620913 
0.00689255 0.00697537 0.0072244 0.0076414 0.00822923 0.0089918 0.00993394 0.0110613 0.01238 0.0138969 0.0156187 0.0175525 0.0197047 0.0220817 0.0246888 0.0275303 0.0306093 0.0339274 0.0374844 0.0412782 0.0453044 0.0495563 0.054025 0.0586987 0.0635632 0.0686018 0.0737949 0.0791209 0.0845553 0.0900718 0.0956419 0.101235 0.10682 0.112364 0.117832 0.12319 0.128404 0.133439 0.138261 0.142836 0.147134 0.151123 0.154774 0.158062 0.160963 0.163455 0.165519 0.167141 0.168309 0.169012 0.169248 0.169012 0.168309 0.167141 0.165519 0.163455 0.160963 0.158062 0.154774 0.151123 0.147134 0.142836 0.138261 0.133439 0.128404 0.12319 0.117832 0.112364 0.10682 0.101235 0.0956419 0.0900718 0.0845553 0.0791209 0.0737949 0.0686018 0.0635632 0.0586987 0.054025 0.0495563 0.0453044 0.0412782 0.0374844 0.0339274 0.0306093 0.0275303 0.0246888 0.0220817 0.0197047 0.0175525 0.0156187 0.0138969 0.01238 0.0110613 0.00993394 0.0089918 0.00822923 0.0076414 0.0072244 0.00697537 
0.00772026 0.00781239 0.00808941 0.00855322 0.00920693 0.0100548 0.0111019 0.0123545 0.0138192 0.0155032 0.0174139 0.0195586 0.0219445 0.024578 0.0274648 0.0306093 0.0340146 0.037682 0.041611 0.0457987 0.0502402 0.0549277 0.0598508 0.0649964 0.0703487 0.0758888 0.0815953 0.0874439 0.0934078 0.0994581 0.105563 0.11169 0.117805 0.12387 0.12985 0.135706 0.141402 0.1469 0.152162 0.157154 0.16184 0.166189 0.170168 0.17375 0.176909 0.179622 0.18187 0.183635 0.184905 0.185671 0.185927 0.185671 0.184905 0.183635 0.18187 0.179622 0.176909 0.17375 0.170168 0.166189 0.16184 0.157154 0.152162 0.1469 0.141402 0.135706 0.12985 0.12387 0.117805 0.11169 0.105563 0.0994581 0.0934078 0.0874439 0.0815953 0.0758888 0.0703487 0.0649964 0.0598508 0.0549277 0.0502402 0.0457987 0.041611 0.037682 0.0340146 0.0306093 0.0274648 0.024578 0.0219445 0.0195586 0.0174139 0.0155032 0.0138192 0.0123545 0.0111019 0.0100548 0.00920693 0.00855322 0.00808941 0.00781239 
0.00861967 0.00872184 0.00902904 0.00954332 0.010268 0.0112077 0.012368 0.0137554 0.0153772 0.0172409 0.0193546 0.0217261 0.0243628 0.0272716 0.0304583 0.0339274 0.037682 0.0417231 0.0460497 0.0506583 0.0555429 0.0606948 0.0661021 0.0717501 0.0776211 0.0836942 0.0899456 0.0963486 0.102874 0.109489 0.116161 0.122852 0.129525 0.136142 0.142661 0.149042 0.155245 0.16123 0.166956 0.172384 0.177479 0.182204 0.186527 0.190417 0.193847 0.196792 0.199231 0.201147 0.202525 0.203356 0.203634 0.203356 0.202525 0.201147 0.199231 0.196792 0.193847 0.190417 0.186527 0.182204 0.177479 0.172384 0.166956 0.16123 0.155245 0.149042 0.142661 0.136142 0.129525 0.122852 0.116161 0.109489 0.102874 0.0963486 0.0899456 0.0836942 0.0776211 0.0717501 0.0661021 0.0606948 0.0555429 0.0506583 0.0460497 0.0417231 0.037682 0.0339274 0.0304583 0.0272716 0.0243628 0.0217261 0.0193546 0.0172409 0.0153772 0.0137554 0.012368 0.0112077 0.010268 0.00954332 0.00902904 0.00872184 
0.00959196 0.0097049 0.0100445 0.0106129 0.0114137 0.0124518 0.0137333 0.0152651 0.017055 0.0191111 0.0214419 0.0240557 0.0269603 0.0301628 0.0336693 0.0374844 0.041611 0.0460497 0.0507989 0.0558546 0.0612097 0.0668539 0.0727743 0.0789541 0.0853737 0.09201 0.0988366 0.105824 0.112941 0.120151 0.127418 0.134702 0.141963 0.149157 0.156242 0.163173 0.169907 0.1764 0.18261 0.188495 0.194016 0.199135 0.203816 0.208027 0.211738 0.214925 0.217563 0.219635 0.221125 0.222024 0.222324 0.222024 0.221125 0.219635 0.217563 0.214925 0.211738 0.208027 0.203816 0.199135 0.194016 0.188495 0.18261 0.1764 0.169907 0.163173 0.156242 0.149157 0.141963 0.134702 0.127418 0.120151 0.112941 0.105824 0.0988366 0.09201 0.0853737 0.0789541 0.0727743 0.0668539 0.0612097 0.0558546 0.0507989 0.0460497 0.041611 0.0374844 0.0336693 0.0301628 0.0269603 0.0240557 0.0214419 0.0191111 0.017055 0.0152651 0.0137333 0.0124518 0.0114137 0.0106129 0.0100445 0.0097049 
0.0106378 0.0107622 0.0111363 0.0117624 0.0126444 0.0137875 0.0151982 0.0168839 0.0188528 0.0211137 0.0236754 0.0265468 0.029736 0.0332504 0.0370963 0.0412782 0.0457987 0.0506583 0.0558546 0.0613827 0.0672343 0.073398 0.079859 0.0865988 0.0935954 0.100824 0.108254 0.115855 0.123591 0.131425 0.139315 0.147218 0.155092 0.162889 0.170562 0.178066 0.185352 0.192375 0.199087 0.205446 0.211409 0.216935 0.221987 0.22653 0.230534 0.23397 0.236814 0.239047 0.240654 0.241622 0.241945 0.241622 0.240654 0.239047 0.236814 0.23397 0.230534 0.22653 0.221987 0.216935 0.211409 0.205446 0.199087 0.192375 0.185352 0.178066 0.170562 0.162889 0.155092 0.147218 0.139315 0.131425 0.123591 0.115855 0.108254 0.100824 0.0935954 0.0865988 0.079859 0.073398 0.0672343 0.0613827 0.0558546 0.0506583 0.0457987 0.0412782 0.0370963 0.0332504 0.029736 0.0265468 0.0236754 0.0211137 0.0188528 0.0168839 0.0151982 0.0137875 0.0126444 0.0117624 0.0111363 0.0107622 
0.0117571 0.0118937 0.0123045 0.0129919 0.01396 0.0152145 0.0167622 0.018611 0.0207697 0.0232474 0.0260536 0.0291975 0.0326875 0.0365315 0.0407356 0.0453044 0.0502402 0.0555429 0.0612097 0.0672343 0.0736075 0.0803163 0.0873441 0.0946703 0.102271 0.110118 0.118179 0.12642 0.134802 0.143284 0.151822 0.160369 0.168879 0.177301 0.185586 0.193682 0.20154 0.209109 0.216341 0.223188 0.229607 0.235553 0.240987 0.245872 0.250175 0.253868 0.256924 0.259323 0.261049 0.262089 0.262436 0.262089 0.261049 0.259323 0.256924 0.253868 0.250175 0.245872 0.240987 0.235553 0.229607 0.223188 0.216341 0.209109 0.20154 0.193682 0.185586 0.177301 0.168879 0.160369 0.151822 0.143284 0.134802 0.12642 0.118179 0.110118 0.102271 0.0946703 0.0873441 0.0803163 0.0736075 0.0672343 0.0612097 0.0555429 0.0502402 0.0453044 0.0407356 0.0365315 0.0326875 0.0291975 0.0260536 0.0232474 0.0207697 0.018611 0.0167622 0.0152145 0.01396 0.0129919 0.0123045 0.0118937 
0.0129492 0.0130988 0.0135482 0.0143004 0.0153595 0.0167316 0.0184239 0.0204448 0.0228035 0.0255098 0.0285735 0.0320042 0.0358108 0.0400011 0.0445815 0.0495563 0.0549277 0.0606948 0.0668539 0.073398 0.0803163 0.0875942 0.0952131 0.10315 0.11138 0.11987 0.128586 0.137491 0.146543 0.155697 0.164905 0.174119 0.183285 0.192352 0.201266 0.209973 0.218418 0.226549 0.234315 0.241664 0.248549 0.254925 0.26075 0.265985 0.270596 0.274551 0.277823 0.280392 0.282239 0.283352 0.283724 0.283352 0.282239 0.280392 0.277823 0.274551 0.270596 0.265985 0.26075 0.254925 0.248549 0.241664 0.234315 0.226549 0.218418 0.209973 0.201266 0.192352 0.183285 0.174119 0.164905 0.155697 0.146543 0.137491 0.128586 0.11987 0.11138 0.10315 0.0952131 0.0875942 0.0803163 0.073398 0.0668539 0.0606948 0.0549277 0.0495563 0.0445815 0.0400011 0.0358108 0.0320042 0.0285735 0.0255098 0.0228035 0.0204448 0.0184239 0.0167316 0.0153595 0.0143004 0.0135482 0.0130988 
0.0142128 0.0143759 0.0148661 0.0156863 0.016841 0.0183366 0.0201808 0.0223824 0.0249511 0.0278971 0.0312306 0.0349618 0.0390997 0.0436523 0.048626 0.054025 0.0598508 0.0661021 0.0727743 0.079859 0.0873441 0.0952131 0.103446 0.112017 0.120897 0.130053 0.139447 0.149037 0.15878 0.168626 0.178525 0.188422 0.198264 0.207993 0.217552 0.226883 0.23593 0.244635 0.252945 0.260806 0.268168 0.274982 0.281205 0.286796 0.291719 0.29594 0.299433 0.302173 0.304144 0.305332 0.305728 0.305332 0.304144 0.302173 0.299433 0.29594 0.291719 0.286796 0.281205 0.274982 0.268168 0.260806 0.252945 0.244635 0.23593 0.226883 0.217552 0.207993 0.198264 0.188422 0.178525 0.168626 0.15878 0.149037 0.139447 0.130053 0.120897 0.112017 0.103446 0.0952131 0.0873441 0.079859 0.0727743 0.0661021 0.0598508 0.054025 0.048626 0.0436523 0.0390997 0.0349618 0.0312306 0.0278971 0.0249511 0.0223824 0.0201808 0.0183366 0.016841 0.0156863 0.0148661 0.0143759 
0.0155456 0.0157228 0.0162556 0.017147 0.0184017 0.0200265 0.0220294 0.0244198 0.0272077 0.0304038 0.0340189 0.0380633 0.0425463 0.0474761 0.052859 0.0586987 0.0649964 0.0717501 0.0789541 0.0865988 0.0946703 0.10315 0.112017 0.121241 0.130792 0.140634 0.150724 0.16102 0.171471 0.182027 0.192632 0.20323 0.213761 0.224165 0.234382 0.24435 0.254008 0.263298 0.272161 0.280541 0.288385 0.295644 0.30227 0.308221 0.313459 0.31795 0.321665 0.324579 0.326674 0.327937 0.328358 0.327937 0.326674 0.324579 0.321665 0.31795 0.313459 0.308221 0.30227 0.295644 0.288385 0.280541 0.272161 0.263298 0.254008 0.24435 0.234382 0.224165 0.213761 0.20323 0.192632 0.182027 0.171471 0.16102 0.150724 0.140634 0.130792 0.121241 0.112017 0.10315 0.0946703 0.0865988 0.0789541 0.0717501 0.0649964 0.0586987 0.052859 0.0474761 0.0425463 0.0380633 0.0340189 0.0304038 0.0272077 0.0244198 0.0220294 0.0200265 0.0184017 0.017147 0.0162556 0.0157228 
0.0169444 0.0171364 0.0177136 0.018679 0.0200379 0.0217971 0.0239651 0.0265516 0.0295674 0.0330234 0.0369307 0.0413 0.0461408 0.0514613 0.0572676 0.0635632 0.0703487 0.0776211 0.0853737 0.0935954 0.102271 0.11138 0.120897 0.130792 0.141031 0.151575 0.162378 0.173394 0.184569 0.195848 0.207174 0.218484 0.229716 0.240806 0.25169 0.262303 0.272581 0.282461 0.291882 0.300787 0.309118 0.316824 0.323855 0.330169 0.335724 0.340485 0.344423 0.347512 0.349732 0.35107 0.351517 0.35107 0.349732 0.347512 0.344423 0.340485 0.335724 0.330169 0.323855 0.316824 0.309118 0.300787 0.291882 0.282461 0.272581 0.262303 0.25169 0.240806 0.229716 0.218484 0.207174 0.195848 0.184569 0.173394 0.162378 0.151575 0.141031 0.130792 0.120897 0.11138 0.102271 0.0935954 0.0853737 0.0776211 0.0703487 0.0635632 0.0572676 0.0514613 0.0461408 0.0413 0.0369307 0.0330234 0.0295674 0.0265516 0.0239651 0.0217971 0.0200379 0.018679 0.0177136 0.0171364 
0.0184053 0.0186127 0.0192358 0.020278 0.0217446 0.023643 0.0259819 0.0287715 0.0320228 0.0357474 0.0399565 0.0446612 0.0498711 0.0555944 0.0618369 0.0686018 0.0758888 0.0836942 0.09201 0.100824 0.110118 0.11987 0.130053 0.140634 0.151575 0.162834 0.174363 0.186111 0.198021 0.210035 0.22209 0.234121 0.246062 0.257846 0.269403 0.280665 0.291567 0.302041 0.312023 0.321453 0.330273 0.338427 0.345865 0.35254 0.358412 0.363444 0.367604 0.370867 0.373212 0.374625 0.375097 0.374625 0.373212 0.370867 0.367604 0.363444 0.358412 0.35254 0.345865 0.338427 0.330273 0.321453 0.312023 0.302041 0.291567 0.280665 0.269403 0.257846 0.246062 0.234121 0.22209 0.210035 0.198021 0.186111 0.174363 0.162834 0.151575 0.140634 0.130053 0.11987 0.110118 0.100824 0.09201 0.0836942 0.0758888 0.0686018 0.0618369 0.0555944 0.0498711 0.0446612 0.0399565 0.0357474 0.0320228 0.0287715 0.0259819 0.023643 0.0217446 0.020278 0.0192358 0.0186127 
0.0199235 0.0201466 0.0208171 0.0219384 0.0235161 0.0255579 0.0280728 0.0310714 0.0345652 0.038566 0.0430854 0.0481346 0.0537235 0.0598599 0.0665495 0.0737949 0.0815953 0.0899456 0.0988366 0.108254 0.118179 0.128586 0.139447 0.150724 0.162378 0.174363 0.186628 0.199116 0.21177 0.224525 0.237316 0.250074 0.262728 0.275207 0.28744 0.299354 0.31088 0.321948 0.332491 0.342446 0.351752 0.360352 0.368195 0.375231 0.381418 0.386718 0.391099 0.394535 0.397004 0.398491 0.398988 0.398491 0.397004 0.394535 0.391099 0.386718 0.381418 0.375231 0.368195 0.360352 0.351752 0.342446 0.332491 0.321948 0.31088 0.299354 0.28744 0.275207 0.262728 0.250074 0.237316 0.224525 0.21177 0.199116 0.186628 0.174363 0.162378 0.150724 0.139447 0.128586 0.118179 0.108254 0.0988366 0.0899456 0.0815953 0.0737949 0.0665495 0.0598599 0.0537235 0.0481346 0.0430854 0.038566 0.0345652 0.0310714 0.0280728 0.0255579 0.0235161 0.0219384 0.0208171 0.0201466 
0.021493 0.0217323 0.0224514 0.0236539 0.0253456 0.0275343 0.0302296 0.0334424 0.0371844 0.0414678 0.0463046 0.051706 0.0576819 0.06424 0.0713857 0.0791209 0.0874439 0.0963486 0.105824 0.115855 0.12642 0.137491 0.149037 0.16102 0.173394 0.186111 0.199116 0.212351 0.225752 0.239252 0.252781 0.266266 0.279634 0.292809 0.305717 0.318281 0.330428 0.342087 0.353187 0.363663 0.373452 0.382495 0.390737 0.39813 0.404628 0.410194 0.414793 0.418399 0.42099 0.422551 0.423072 0.422551 0.42099 0.418399 0.414793 0.410194 0.404628 0.39813 0.390737 0.382495 0.373452 0.363663 0.353187 0.342087 0.330428 0.318281 0.305717 0.292809 0.279634 0.266266 0.252781 0.239252 0.225752 0.212351 0.199116 0.186111 0.173394 0.16102 0.149037 0.137491 0.12642 0.115855 0.105824 0.0963486 0.0874439 0.0791209 0.0713857 0.06424 0.0576819 0.051706 0.0463046 0.0414678 0.0371844 0.0334424 0.0302296 0.0275343 0.0253456 0.0236539 0.0224514 0.0217323 
0.0231073 0.0233631 0.0241318 0.0254171 0.027225 0.0295637 0.0324429 0.0358739 0.0398688 0.0444401 0.0495998 0.0553594 0.0617286 0.068715 0.0763235 0.0845553 0.0934078 0.102874 0.112941 0.123591 0.134802 0.146543 0.15878 0.171471 0.184569 0.198021 0.21177 0.225752 0.239901 0.254145 0.26841 0.282621 0.2967 0.310567 0.324144 0.337352 0.350115 0.362359 0.37401 0.385001 0.395266 0.404744 0.41338 0.421123 0.427928 0.433754 0.438567 0.44234 0.445051 0.446684 0.447229 0.446684 0.445051 0.44234 0.438567 0.433754 0.427928 0.421123 0.41338 0.404744 0.395266 0.385001 0.37401 0.362359 0.350115 0.337352 0.324144 0.310567 0.2967 0.282621 0.26841 0.254145 0.239901 0.225752 0.21177 0.198021 0.184569 0.171471 0.15878 0.146543 0.134802 0.123591 0.112941 0.102874 0.0934078 0.0845553 0.0763235 0.068715 0.0617286 0.0553594 0.0495998 0.0444401 0.0398688 0.0358739 0.0324429 0.0295637 0.027225 0.0254171 0.0241318 0.0233631 
0.0247588 0.0250314 0.0258504 0.0272198 0.0291456 0.0316364 0.0347022 0.0383545 0.0426057 0.0474685 0.0529552 0.0590772 0.0658441 0.0732633 0.081339 0.0900718 0.0994581 0.109489 0.120151 0.131425 0.143284 0.155697 0.168626 0.182027 0.195848 0.210035 0.224525 0.239252 0.254145 0.269128 0.284125 0.299056 0.313838 0.328389 0.342628 0.356472 0.369842 0.382661 0.394854 0.406349 0.417081 0.426986 0.436008 0.444094 0.451197 0.457277 0.4623 0.466236 0.469063 0.470766 0.471335 0.470766 0.469063 0.466236 0.4623 0.457277 0.451197 0.444094 0.436008 0.426986 0.417081 0.406349 0.394854 0.382661 0.369842 0.356472 0.342628 0.328389 0.313838 0.299056 0.284125 0.269128 0.254145 0.239252 0.224525 0.210035 0.195848 0.182027 0.168626 0.155697 0.143284 0.131425 0.120151 0.109489 0.0994581 0.0900718 0.081339 0.0732633 0.0658441 0.0590772 0.0529552 0.0474685 0.0426057 0.0383545 0.0347022 0.0316364 0.0291456 0.0272198 0.0258504 0.0250314 
0.0264389 0.0267285 0.0275984 0.0290526 0.0310976 0.0337419 0.0369959 0.0408714 0.045381 0.0505376 0.0563536 0.0628403 0.0700072 0.0778613 0.0864063 0.0956419 0.105563 0.116161 0.127418 0.139315 0.151822 0.164905 0.178525 0.192632 0.207174 0.22209 0.237316 0.252781 0.26841 0.284125 0.299845 0.315485 0.33096 0.346184 0.361073 0.375541 0.389506 0.402888 0.415609 0.427598 0.438785 0.449106 0.458503 0.466922 0.474316 0.480643 0.485868 0.489962 0.492903 0.494674 0.495265 0.494674 0.492903 0.489962 0.485868 0.480643 0.474316 0.466922 0.458503 0.449106 0.438785 0.427598 0.415609 0.402888 0.389506 0.375541 0.361073 0.346184 0.33096 0.315485 0.299845 0.284125 0.26841 0.252781 0.237316 0.22209 0.207174 0.192632 0.178525 0.164905 0.151822 0.139315 0.127418 0.116161 0.105563 0.0956419 0.0864063 0.0778613 0.0700072 0.0628403 0.0563536 0.0505376 0.045381 0.0408714 0.0369959 0.0337419 0.0310976 0.0290526 0.0275984 0.0267285 
0.0281386 0.0284452 0.0293662 0.0309057 0.0330702 0.0358686 0.0393115 0.0434109 0.0481796 0.0536306 0.0597763 0.0666281 0.0741952 0.082484 0.0914978 0.101235 0.11169 0.122852 0.134702 0.147218 0.160369 0.174119 0.188422 0.20323 0.218484 0.234121 0.250074 0.266266 0.282621 0.299056 0.315485 0.33182 0.347974 0.363857 0.379381 0.394458 0.409002 0.422932 0.436169 0.448636 0.460264 0.470988 0.480748 0.489489 0.497163 0.503728 0.509149 0.513395 0.516445 0.518281 0.518895 0.518281 0.516445 0.513395 0.509149 0.503728 0.497163 0.489489 0.480748 0.470988 0.460264 0.448636 0.436169 0.422932 0.409002 0.394458 0.379381 0.363857 0.347974 0.33182 0.315485 0.299056 0.282621 0.266266 0.250074 0.234121 0.218484 0.20323 0.188422 0.174119 0.160369 0.147218 0.134702 0.122852 0.11169 0.101235 0.0914978 0.082484 0.0741952 0.0666281 0.0597763 0.0536306 0.0481796 0.0434109 0.0393115 0.0358686 0.0330702 0.0309057 0.0293662 0.0284452 
0.029848 0.0301715 0.0311435 0.0327681 0.0350521 0.0380043 0.0416357 0.0459583 0.0509853 0.0567296 0.0632038 0.070419 0.0783841 0.0871052 0.0965846 0.10682 0.117805 0.129525 0.141963 0.155092 0.168879 0.183285 0.198264 0.213761 0.229716 0.246062 0.262728 0.279634 0.2967 0.313838 0.33096 0.347974 0.36479 0.381314 0.397454 0.413122 0.428228 0.442688 0.456422 0.469351 0.481405 0.492517 0.502625 0.511676 0.519619 0.526413 0.532021 0.536413 0.539567 0.541466 0.5421 0.541466 0.539567 0.536413 0.532021 0.526413 0.519619 0.511676 0.502625 0.492517 0.481405 0.469351 0.456422 0.442688 0.428228 0.413122 0.397454 0.381314 0.36479 0.347974 0.33096 0.313838 0.2967 0.279634 0.262728 0.246062 0.229716 0.213761 0.198264 0.183285 0.168879 0.155092 0.141963 0.129525 0.117805 0.10682 0.0965846 0.0871052 0.0783841 0.070419 0.0632038 0.0567296 0.0509853 0.0459583 0.0416357 0.0380043 0.0350521 0.0327681 0.0311435 0.0301715 
0.0315564 0.0318968 0.0329195 0.0346286 0.037031 0.0401359 0.0439541 0.0484982 0.0537811 0.0598161 0.0666155 0.0741902 0.082549 0.0916972 0.101636 0.112364 0.12387 0.136142 0.149157 0.162889 0.177301 0.192352 0.207993 0.224165 0.240806 0.257846 0.275207 0.292809 0.310567 0.328389 0.346184 0.363857 0.381314 0.398458 0.415194 0.431432 0.447079 0.462049 0.47626 0.489633 0.502095 0.513577 0.52402 0.533366 0.541566 0.548577 0.554364 0.558895 0.562148 0.564107 0.564761 0.564107 0.562148 0.558895 0.554364 0.548577 0.541566 0.533366 0.52402 0.513577 0.502095 0.489633 0.47626 0.462049 0.447079 0.431432 0.415194 0.398458 0.381314 0.363857 0.346184 0.328389 0.310567 0.292809 0.275207 0.257846 0.240806 0.224165 0.207993 0.192352 0.177301 0.162889 0.149157 0.136142 0.12387 0.112364 0.101636 0.0916972 0.082549 0.0741902 0.0666155 0.0598161 0.0537811 0.0484982 0.0439541 0.0401359 0.037031 0.0346286 0.0329195 0.0318968 
0.033253 0.03361 0.0346826 0.0364751 0.0389943 0.0422497 0.0462522 0.0510144 0.0565494 0.0628705 0.0699899 0.0779183 0.086664 0.0962318 0.106622 0.117832 0.12985 0.142661 0.156242 0.170562 0.185586 0.201266 0.217552 0.234382 0.25169 0.269403 0.28744 0.305717 0.324144 0.342628 0.361073 0.379381 0.397454 0.415194 0.432504 0.449287 0.465453 0.480911 0.495578 0.509374 0.522224 0.53406 0.544819 0.554445 0.562889 0.570107 0.576062 0.580725 0.584072 0.586087 0.58676 0.586087 0.584072 0.580725 0.576062 0.570107 0.562889 0.554445 0.544819 0.53406 0.522224 0.509374 0.495578 0.480911 0.465453 0.449287 0.432504 0.415194 0.397454 0.379381 0.361073 0.342628 0.324144 0.305717 0.28744 0.269403 0.25169 0.234382 0.217552 0.201266 0.185586 0.170562 0.156242 0.142661 0.12985 0.117832 0.106622 0.0962318 0.086664 0.0779183 0.0699899 0.0628705 0.0565494 0.0510144 0.0462522 0.0422497 0.0389943 0.0364751 0.0346826 0.03361 
0.0349261 0.0352995 0.036421 0.0382952 0.0409289 0.0443316 0.0485146 0.0534903 0.0592721 0.065873 0.0733052 0.0815792 0.0907027 0.10068 0.111511 0.12319 0.135706 0.149042 0.163173 0.178066 0.193682 0.209973 0.226883 0.24435 0.262303 0.280665 0.299354 0.318281 0.337352 0.356472 0.375541 0.394458 0.413122 0.431432 0.449287 0.466592 0.48325 0.499172 0.514272 0.528468 0.541686 0.553856 0.564914 0.574805 0.583478 0.59089 0.597004 0.601791 0.605226 0.607294 0.607984 0.607294 0.605226 0.601791 0.597004 0.59089 0.583478 0.574805 0.564914 0.553856 0.541686 0.528468 0.514272 0.499172 0.48325 0.466592 0.449287 0.431432 0.413122 0.394458 0.375541 0.356472 0.337352 0.318281 0.299354 0.280665 0.262303 0.24435 0.226883 0.209973 0.193682 0.178066 0.163173 0.149042 0.135706 0.12319 0.111511 0.10068 0.0907027 0.0815792 0.0733052 0.065873 0.0592721 0.0534903 0.0485146 0.0443316 0.0409289 0.0382952 0.036421 0.0352995 
0.0365641 0.0369534 0.0381226 0.0400762 0.0428213 0.0463674 0.0507257 0.0559091 0.0619306 0.0688033 0.0765393 0.0851485 0.0946384 0.105013 0.11627 0.128404 0.141402 0.155245 0.169907 0.185352 0.20154 0.218418 0.23593 0.254008 0.272581 0.291567 0.31088 0.330428 0.350115 0.369842 0.389506 0.409002 0.428228 0.447079 0.465453 0.48325 0.500375 0.516735 0.532243 0.546816 0.56038 0.572863 0.584202 0.594341 0.603229 0.610822 0.617085 0.621986 0.625504 0.627621 0.628328 0.627621 0.625504 0.621986 0.617085 0.610822 0.603229 0.594341 0.584202 0.572863 0.56038 0.546816 0.532243 0.516735 0.500375 0.48325 0.465453 0.447079 0.428228 0.409002 0.389506 0.369842 0.350115 0.330428 0.31088 0.291567 0.272581 0.254008 0.23593 0.218418 0.20154 0.185352 0.169907 0.155245 0.141402 0.128404 0.11627 0.105013 0.0946384 0.0851485 0.0765393 0.0688033 0.0619306 0.0559091 0.0507257 0.0463674 0.0428213 0.0400762 0.0381226 0.0369534 
0.0381551 0.0385597 0.0397749 0.0418052 0.0446579 0.0483423 0.05287 0.0582536 0.0645063 0.0716411 0.0796697 0.0886019 0.0984445 0.1092 0.120868 0.133439 0.1469 0.16123 0.1764 0.192375 0.209109 0.226549 0.244635 0.263298 0.282461 0.302041 0.321948 0.342087 0.362359 0.382661 0.402888 0.422932 0.442688 0.462049 0.480911 0.499172 0.516735 0.533505 0.549395 0.564322 0.578208 0.590983 0.602584 0.612953 0.622041 0.629803 0.636203 0.641211 0.644805 0.646968 0.64769 0.646968 0.644805 0.641211 0.636203 0.629803 0.622041 0.612953 0.602584 0.590983 0.578208 0.564322 0.549395 0.533505 0.516735 0.499172 0.480911 0.462049 0.442688 0.422932 0.402888 0.382661 0.362359 0.342087 0.321948 0.302041 0.282461 0.263298 0.244635 0.226549 0.209109 0.192375 0.1764 0.16123 0.1469 0.133439 0.120868 0.1092 0.0984445 0.0886019 0.0796697 0.0716411 0.0645063 0.0582536 0.05287 0.0483423 0.0446579 0.0418052 0.0397749 0.0385597 
0.0396871 0.0401064 0.0413657 0.0434695 0.0464251 0.050242 0.0549318 0.060507 0.0669809 0.0743661 0.0826744 0.0919151 0.102094 0.113215 0.125273 0.138261 0.152162 0.166956 0.18261 0.199087 0.216341 0.234315 0.252945 0.272161 0.291882 0.312023 0.332491 0.353187 0.37401 0.394854 0.415609 0.436169 0.456422 0.47626 0.495578 0.514272 0.532243 0.549395 0.56564 0.580894 0.595079 0.608125 0.619968 0.63055 0.639821 0.647739 0.654266 0.659373 0.663037 0.665242 0.665978 0.665242 0.663037 0.659373 0.654266 0.647739 0.639821 0.63055 0.619968 0.608125 0.595079 0.580894 0.56564 0.549395 0.532243 0.514272 0.495578 0.47626 0.456422 0.436169 0.415609 0.394854 0.37401 0.353187 0.332491 0.312023 0.291882 0.272161 0.252945 0.234315 0.216341 0.199087 0.18261 0.166956 0.152162 0.138261 0.125273 0.113215 0.102094 0.0919151 0.0826744 0.0743661 0.0669809 0.060507 0.0549318 0.050242 0.0464251 0.0434695 0.0413657 0.0401064 
0.0411484 0.0415816 0.0428827 0.0450563 0.0481096 0.0520522 0.0568956 0.0626525 0.0693359 0.0769586 0.0855318 0.0950645 0.105563 0.117027 0.129455 0.142836 0.157154 0.172384 0.188495 0.205446 0.223188 0.241664 0.260806 0.280541 0.300787 0.321453 0.342446 0.363663 0.385001 0.406349 0.427598 0.448636 0.469351 0.489633 0.509374 0.528468 0.546816 0.564322 0.580894 0.596449 0.61091 0.624204 0.636268 0.647046 0.656485 0.664545 0.671187 0.676384 0.680112 0.682355 0.683104 0.682355 0.680112 0.676384 0.671187 0.664545 0.656485 0.647046 0.636268 0.624204 0.61091 0.596449 0.580894 0.564322 0.546816 0.528468 0.509374 0.489633 0.469351 0.448636 0.427598 0.406349 0.385001 0.363663 0.342446 0.321453 0.300787 0.280541 0.260806 0.241664 0.223188 0.205446 0.188495 0.172384 0.157154 0.142836 0.129455 0.117027 0.105563 0.0950645 0.0855318 0.0769586 0.0693359 0.0626525 0.0568956 0.0520522 0.0481096 0.0450563 0.0428827 0.0415816 
0.0425274 0.0429737 0.0443141 0.0465532 0.0496982 0.0537588 0.0587464 0.0646738 0.0715539 0.0793992 0.0882207 0.0980271 0.108824 0.120611 0.133385 0.147134 0.16184 0.177479 0.194016 0.211409 0.229607 0.248549 0.268168 0.288385 0.309118 0.330273 0.351752 0.373452 0.395266 0.417081 0.438785 0.460264 0.481405 0.502095 0.522224 0.541686 0.56038 0.578208 0.595079 0.61091 0.625621 0.639141 0.651407 0.662361 0.671954 0.680141 0.686889 0.692167 0.695953 0.698231 0.698991 0.698231 0.695953 0.692167 0.686889 0.680141 0.671954 0.662361 0.651407 0.639141 0.625621 0.61091 0.595079 0.578208 0.56038 0.541686 0.522224 0.502095 0.481405 0.460264 0.438785 0.417081 0.395266 0.373452 0.351752 0.330273 0.309118 0.288385 0.268168 0.248549 0.229607 0.211409 0.194016 0.177479 0.16184 0.147134 0.133385 0.120611 0.108824 0.0980271 0.0882207 0.0793992 0.0715539 0.0646738 0.0587464 0.0537588 0.0496982 0.0465532 0.0443141 0.0429737 
