9.93573e-05 0.00010229 0.000111187 0.000126352 0.000148287 0.000177698 0.000215493 0.000262784 0.000320879 0.000391286 0.000475698 0.000575988 0.000694191 0.00083248 0.000993145 0.00117856 0.00139112 0.00163325 0.00190729 0.00221546 0.00255981 0.00294215 0.00336394 0.00382627 0.00432977 0.00487453 0.00546007 0.00608524 0.00674822 0.0074465 0.00817678 0.00893508 0.00971667 0.0105161 0.0113274 0.012144 0.0129585 0.0137637 0.0145517 0.0153145 0.0160441 0.0167327 0.0173725 0.0179564 0.0184774 0.0189295 0.0193071 0.0196058 0.0198218 0.0199525 0.0199962 0.0199525 0.0198218 0.0196058 0.0193071 0.0189295 0.0184774 0.0179564 0.0173725 0.0167327 0.0160441 0.0153145 0.0145517 0.0137637 0.0129585 0.012144 0.0113274 0.0105161 0.00971667 0.00893508 0.00817678 0.0074465 0.00674822 0.00608524 0.00546007 0.00487453 0.00432977 0.00382627 0.00336394 0.00294215 0.00255981 0.00221546 0.00190729 0.00163325 0.00139112 0.00117856 0.000993145 0.00083248 0.000694191 0.000575988 0.000475698 0.000391286 0.000320879 0.000262784 0.000215493 0.000177698 0.000148287 0.000126352 0.000111187 0.00010229 
0.00010229 0.000105303 0.000114446 0.000130028 0.000152565 0.000182778 0.000221599 0.000270163 0.000329813 0.000402087 0.000488721 0.000591627 0.000712885 0.000854716 0.00101946 0.00120953 0.00142739 0.00167549 0.00195621 0.00227184 0.00262444 0.00301584 0.00344753 0.00392062 0.00443571 0.00499289 0.00559165 0.00623081 0.0069085 0.00762211 0.00836829 0.00914296 0.00994127 0.0107577 0.0115861 0.0124196 0.0132511 0.0140729 0.014877 0.0156553 0.0163996 0.0171021 0.0177547 0.0183502 0.0188815 0.0193425 0.0197276 0.0200321 0.0202524 0.0203856 0.0204302 0.0203856 0.0202524 0.0200321 0.0197276 0.0193425 0.0188815 0.0183502 0.0177547 0.0171021 0.0163996 0.0156553 0.014877 0.0140729 0.0132511 0.0124196 0.0115861 0.0107577 0.00994127 0.00914296 0.00836829 0.00762211 0.0069085 0.00623081 0.00559165 0.00499289 0.00443571 0.00392062 0.00344753 0.00301584 0.00262444 0.00227184 0.00195621 0.00167549 0.00142739 0.00120953 0.00101946 0.000854716 0.000712885 0.000591627 0.000488721 0.000402087 0.000329813 0.000270163 0.000221599 0.000182778 0.000152565 0.000130028 0.000114446 0.000105303 
0.000111187 0.000114446 0.000124334 0.00014118 0.000165539 0.000198184 0.00024011 0.000292533 0.000356888 0.000434819 0.000528176 0.000639 0.000769505 0.000922054 0.00109913 0.0013033 0.00153716 0.00180331 0.00210426 0.0024424 0.00281992 0.00323871 0.00370031 0.00420586 0.00475596 0.00535066 0.00598934 0.00667072 0.00739275 0.00815264 0.00894678 0.0097708 0.0106195 0.0114871 0.012367 0.0132519 0.0141343 0.015006 0.0158587 0.0166837 0.0174724 0.0182165 0.0189077 0.0195381 0.0201006 0.0205885 0.020996 0.0213182 0.0215512 0.0216922 0.0217393 0.0216922 0.0215512 0.0213182 0.020996 0.0205885 0.0201006 0.0195381 0.0189077 0.0182165 0.0174724 0.0166837 0.0158587 0.015006 0.0141343 0.0132519 0.012367 0.0114871 0.0106195 0.0097708 0.00894678 0.00815264 0.00739275 0.00667072 0.00598934 0.00535066 0.00475596 0.00420586 0.00370031 0.00323871 0.00281992 0.0024424 0.00210426 0.00180331 0.00153716 0.0013033 0.00109913 0.000922054 0.000769505 0.000639 0.000528176 0.000434819 0.000356888 0.000292533 0.00024011 0.000198184 0.000165539 0.00014118 0.000124334 0.000114446 
0.000126352 0.000130028 0.00014118 0.000160177 0.000187632 0.000224407 0.000271608 0.000330585 0.000402926 0.000490457 0.000595222 0.000719476 0.000865659 0.00103637 0.00123434 0.00146238 0.00172334 0.00202003 0.00235521 0.00273144 0.00315107 0.00361614 0.00412828 0.00468865 0.00529785 0.00595583 0.00666185 0.00741442 0.00821121 0.00904907 0.009924 0.0108311 0.0117648 0.0127184 0.0136849 0.0146563 0.0156243 0.0165799 0.0175141 0.0184176 0.0192809 0.020095 0.0208509 0.0215401 0.0221548 0.0226878 0.0231329 0.0234848 0.0237392 0.0238931 0.0239446 0.0238931 0.0237392 0.0234848 0.0231329 0.0226878 0.0221548 0.0215401 0.0208509 0.020095 0.0192809 0.0184176 0.0175141 0.0165799 0.0156243 0.0146563 0.0136849 0.0127184 0.0117648 0.0108311 0.009924 0.00904907 0.00821121 0.00741442 0.00666185 0.00595583 0.00529785 0.00468865 0.00412828 0.00361614 0.00315107 0.00273144 0.00235521 0.00202003 0.00172334 0.00146238 0.00123434 0.00103637 0.000865659 0.000719476 0.000595222 0.000490457 0.000402926 0.000330585 0.000271608 0.000224407 0.000187632 0.000160177 0.00014118 0.000130028 
0.000148287 0.000152565 0.000165539 0.000187632 0.000219548 0.00026227 0.000317063 0.000385468 0.000469298 0.000570628 0.000691785 0.000835326 0.00100401 0.00120079 0.00142873 0.00169098 0.00199075 0.00233118 0.00271532 0.00314601 0.00362585 0.00415704 0.00474133 0.00537994 0.00607342 0.00682162 0.00762359 0.00847754 0.00938073 0.0103295 0.0113193 0.0123445 0.0133988 0.0144746 0.015564 0.0166581 0.0177474 0.0188221 0.0198719 0.0208865 0.0218554 0.0227686 0.023616 0.0243883 0.0250769 0.0256738 0.026172 0.0265658 0.0268505 0.0270227 0.0270803 0.0270227 0.0268505 0.0265658 0.026172 0.0256738 0.0250769 0.0243883 0.023616 0.0227686 0.0218554 0.0208865 0.0198719 0.0188221 0.0177474 0.0166581 0.015564 0.0144746 0.0133988 0.0123445 0.0113193 0.0103295 0.00938073 0.00847754 0.00762359 0.00682162 0.00607342 0.00537994 0.00474133 0.00415704 0.00362585 0.00314601 0.00271532 0.00233118 0.00199075 0.00169098 0.00142873 0.00120079 0.00100401 0.000835326 0.000691785 0.000570628 0.000469298 0.000385468 0.000317063 0.00026227 0.000219548 0.000187632 0.000165539 0.000152565 
0.000177698 0.000182778 0.000198184 0.000224407 0.00026227 0.000312919 0.000377828 0.000458789 0.00055791 0.000677598 0.000820548 0.000989715 0.00118829 0.00141964 0.00168731 0.00199491 0.00234607 0.00274437 0.00319326 0.00369593 0.00425526 0.0048737 0.00555313 0.00629483 0.0070993 0.00796622 0.00889436 0.00988152 0.0109244 0.0120188 0.0131592 0.0143393 0.0155514 0.0167873 0.0180375 0.0192919 0.0205398 0.0217699 0.0229707 0.0241303 0.025237 0.0262793 0.0272461 0.0281268 0.0289115 0.0295915 0.030159 0.0306074 0.0309315 0.0311275 0.0311931 0.0311275 0.0309315 0.0306074 0.030159 0.0295915 0.0289115 0.0281268 0.0272461 0.0262793 0.025237 0.0241303 0.0229707 0.0217699 0.0205398 0.0192919 0.0180375 0.0167873 0.0155514 0.0143393 0.0131592 0.0120188 0.0109244 0.00988152 0.00889436 0.00796622 0.0070993 0.00629483 0.00555313 0.0048737 0.00425526 0.00369593 0.00319326 0.00274437 0.00234607 0.00199491 0.00168731 0.00141964 0.00118829 0.000989715 0.000820548 0.000677598 0.00055791 0.000458789 0.000377828 0.000312919 0.00026227 0.000224407 0.000198184 0.000182778 
0.000215493 0.000221599 0.00024011 0.000271608 0.000317063 0.000377828 0.000455638 0.000552606 0.000671206 0.000814265 0.000984938 0.00118668 0.00142321 0.00169846 0.00201651 0.00238156 0.00279779 0.0032693 0.00380002 0.00439359 0.00505323 0.00578166 0.00658094 0.00745237 0.00839641 0.0094125 0.010499 0.0116533 0.0128713 0.014148 0.0154769 0.0168505 0.0182601 0.0196956 0.0211465 0.0226008 0.0240463 0.02547 0.0268586 0.0281986 0.0294766 0.0306794 0.0317944 0.0328095 0.0337137 0.0344968 0.0351502 0.0356663 0.0360392 0.0362647 0.0363402 0.0362647 0.0360392 0.0356663 0.0351502 0.0344968 0.0337137 0.0328095 0.0317944 0.0306794 0.0294766 0.0281986 0.0268586 0.02547 0.0240463 0.0226008 0.0211465 0.0196956 0.0182601 0.0168505 0.0154769 0.014148 0.0128713 0.0116533 0.010499 0.0094125 0.00839641 0.00745237 0.00658094 0.00578166 0.00505323 0.00439359 0.00380002 0.0032693 0.00279779 0.00238156 0.00201651 0.00169846 0.00142321 0.00118668 0.000984938 0.000814265 0.000671206 0.000552606 0.000455638 0.000377828 0.000317063 0.000271608 0.00024011 0.000221599 
0.000262784 0.000270163 0.000292533 0.000330585 0.000385468 0.000458789 0.000552606 0.000669417 0.000812149 0.000984138 0.0011891 0.0014311 0.00171449 0.00204389 0.00242405 0.00285983 0.0033561 0.00391758 0.00454877 0.00525382 0.00603638 0.00689945 0.00784529 0.00887525 0.00998962 0.0111876 0.0124671 0.0138247 0.0152557 0.0167538 0.0183115 0.0199198 0.0215684 0.0232458 0.0249392 0.0266352 0.0283193 0.0299766 0.0315916 0.033149 0.0346332 0.0360292 0.0373224 0.0384993 0.0395469 0.040454 0.0412105 0.0418079 0.0422395 0.0425004 0.0425877 0.0425004 0.0422395 0.0418079 0.0412105 0.040454 0.0395469 0.0384993 0.0373224 0.0360292 0.0346332 0.033149 0.0315916 0.0299766 0.0283193 0.0266352 0.0249392 0.0232458 0.0215684 0.0199198 0.0183115 0.0167538 0.0152557 0.0138247 0.0124671 0.0111876 0.00998962 0.00887525 0.00784529 0.00689945 0.00603638 0.00525382 0.00454877 0.00391758 0.0033561 0.00285983 0.00242405 0.00204389 0.00171449 0.0014311 0.0011891 0.000984138 0.000812149 0.000669417 0.000552606 0.000458789 0.000385468 0.000330585 0.000292533 0.000270163 
0.000320879 0.000329813 0.000356888 0.000402926 0.000469298 0.00055791 0.000671206 0.000812149 0.000984205 0.00119132 0.00143788 0.00172866 0.00206879 0.00246367 0.00291886 0.00344002 0.00403279 0.00470262 0.00545469 0.00629372 0.00722382 0.00824835 0.00936975 0.0105894 0.0119073 0.0133224 0.014832 0.0164319 0.0181163 0.0198777 0.0217071 0.0235938 0.0255257 0.0274893 0.0294698 0.0314513 0.0334172 0.03535 0.037232 0.0390453 0.0407723 0.0423955 0.0438984 0.0452652 0.0464814 0.0475339 0.0484114 0.0491042 0.0496046 0.0499071 0.0500083 0.0499071 0.0496046 0.0491042 0.0484114 0.0475339 0.0464814 0.0452652 0.0438984 0.0423955 0.0407723 0.0390453 0.037232 0.03535 0.0334172 0.0314513 0.0294698 0.0274893 0.0255257 0.0235938 0.0217071 0.0198777 0.0181163 0.0164319 0.014832 0.0133224 0.0119073 0.0105894 0.00936975 0.00824835 0.00722382 0.00629372 0.00545469 0.00470262 0.00403279 0.00344002 0.00291886 0.00246367 0.00206879 0.00172866 0.00143788 0.00119132 0.000984205 0.000812149 0.000671206 0.00055791 0.000469298 0.000402926 0.000356888 0.000329813 
0.000391286 0.000402087 0.000434819 0.000490457 0.000570628 0.000677598 0.000814265 0.000984138 0.00119132 0.00144047 0.00173675 0.0020858 0.00249362 0.00296653 0.00351104 0.00413372 0.0048411 0.00563947 0.00653476 0.00753235 0.00863686 0.00985201 0.0111804 0.0126234 0.0141809 0.0158511 0.0176308 0.0195146 0.0214956 0.0235649 0.0257116 0.0279232 0.0301853 0.0324822 0.0347965 0.0371097 0.0394026 0.0416549 0.0438462 0.045956 0.0479637 0.0498496 0.0515945 0.0531806 0.0545913 0.0558116 0.0568286 0.0576312 0.0582109 0.0585612 0.0586785 0.0585612 0.0582109 0.0576312 0.0568286 0.0558116 0.0545913 0.0531806 0.0515945 0.0498496 0.0479637 0.045956 0.0438462 0.0416549 0.0394026 0.0371097 0.0347965 0.0324822 0.0301853 0.0279232 0.0257116 0.0235649 0.0214956 0.0195146 0.0176308 0.0158511 0.0141809 0.0126234 0.0111804 0.00985201 0.00863686 0.00753235 0.00653476 0.00563947 0.0048411 0.00413372 0.00351104 0.00296653 0.00249362 0.0020858 0.00173675 0.00144047 0.00119132 0.000984138 0.000814265 0.000677598 0.000570628 0.000490457 0.000434819 0.000402087 
0.000475698 0.000488721 0.000528176 0.000595222 0.000691785 0.000820548 0.000984938 0.0011891 0.00143788 0.00173675 0.0020918 0.00250963 0.00299727 0.0035621 0.00421168 0.00495364 0.00579551 0.00674454 0.00780749 0.00899044 0.0102986 0.011736 0.0133055 0.0150083 0.016844 0.0188102 0.0209027 0.0231151 0.025439 0.0278635 0.030376 0.0329616 0.0356034 0.038283 0.0409802 0.0436736 0.0463408 0.0489585 0.0515032 0.0539512 0.0562791 0.0584642 0.0604848 0.0623204 0.0639522 0.0653632 0.0665387 0.0674662 0.0681358 0.0685405 0.0686759 0.0685405 0.0681358 0.0674662 0.0665387 0.0653632 0.0639522 0.0623204 0.0604848 0.0584642 0.0562791 0.0539512 0.0515032 0.0489585 0.0463408 0.0436736 0.0409802 0.038283 0.0356034 0.0329616 0.030376 0.0278635 0.025439 0.0231151 0.0209027 0.0188102 0.016844 0.0150083 0.0133055 0.011736 0.0102986 0.00899044 0.00780749 0.00674454 0.00579551 0.00495364 0.00421168 0.0035621 0.00299727 0.00250963 0.0020918 0.00173675 0.00143788 0.0011891 0.000984938 0.000820548 0.000691785 0.000595222 0.000528176 0.000488721 
0.000575988 0.000591627 0.000639 0.000719476 0.000835326 0.000989715 0.00118668 0.0014311 0.00172866 0.0020858 0.00250963 0.00300787 0.00358872 0.00426074 0.00503271 0.00591343 0.00691157 0.0080354 0.00929261 0.0106901 0.0122335 0.0139275 0.0157748 0.0177766 0.019932 0.0222379 0.0246889 0.0272774 0.029993 0.0328231 0.0357525 0.0387637 0.0418372 0.0449514 0.0480828 0.0512068 0.0542974 0.057328 0.0602715 0.0631009 0.0657896 0.0683116 0.0706422 0.0727582 0.0746384 0.0762634 0.0776167 0.0786842 0.0794547 0.0799203 0.080076 0.0799203 0.0794547 0.0786842 0.0776167 0.0762634 0.0746384 0.0727582 0.0706422 0.0683116 0.0657896 0.0631009 0.0602715 0.057328 0.0542974 0.0512068 0.0480828 0.0449514 0.0418372 0.0387637 0.0357525 0.0328231 0.029993 0.0272774 0.0246889 0.0222379 0.019932 0.0177766 0.0157748 0.0139275 0.0122335 0.0106901 0.00929261 0.0080354 0.00691157 0.00591343 0.00503271 0.00426074 0.00358872 0.00300787 0.00250963 0.0020858 0.00172866 0.0014311 0.00118668 0.000989715 0.000835326 0.000719476 0.000639 0.000591627 
0.000694191 0.000712885 0.000769505 0.000865659 0.00100401 0.00118829 0.00142321 0.00171449 0.00206879 0.00249362 0.00299727 0.00358872 0.00427747 0.00507343 0.00598673 0.00702747 0.00820555 0.00953041 0.0110107 0.0126542 0.0144671 0.0164544 0.0186189 0.0209616 0.023481 0.026173 0.0290311 0.0320458 0.0352048 0.0384932 0.0418931 0.0453841 0.0489434 0.052546 0.0561648 0.0597713 0.063336 0.0668282 0.0702172 0.0734722 0.0765629 0.07946 0.0821355 0.0845632 0.0867192 0.0885819 0.0901325 0.0913552 0.0922376 0.0927707 0.092949 0.0927707 0.0922376 0.0913552 0.0901325 0.0885819 0.0867192 0.0845632 0.0821355 0.07946 0.0765629 0.0734722 0.0702172 0.0668282 0.063336 0.0597713 0.0561648 0.052546 0.0489434 0.0453841 0.0418931 0.0384932 0.0352048 0.0320458 0.0290311 0.026173 0.023481 0.0209616 0.0186189 0.0164544 0.0144671 0.0126542 0.0110107 0.00953041 0.00820555 0.00702747 0.00598673 0.00507343 0.00427747 0.00358872 0.00299727 0.00249362 0.00206879 0.00171449 0.00142321 0.00118829 0.00100401 0.000865659 0.000769505 0.000712885 
0.00083248 0.000854716 0.000922054 0.00103637 0.00120079 0.00141964 0.00169846 0.00204389 0.00246367 0.00296653 0.0035621 0.00426074 0.00507343 0.00601158 0.00708677 0.00831057 0.00969423 0.0112484 0.0129829 0.0149061 0.0170251 0.019345 0.0218688 0.0245968 0.027527 0.0306543 0.0339704 0.037464 0.0411205 0.0449223 0.0488484 0.0528752 0.0569762 0.0611225 0.0652832 0.0694256 0.0735159 0.0775194 0.0814012 0.0851263 0.0886606 0.0919711 0.0950265 0.0977973 0.100257 0.10238 0.104148 0.105541 0.106546 0.107153 0.107356 0.107153 0.106546 0.105541 0.104148 0.10238 0.100257 0.0977973 0.0950265 0.0919711 0.0886606 0.0851263 0.0814012 0.0775194 0.0735159 0.0694256 0.0652832 0.0611225 0.0569762 0.0528752 0.0488484 0.0449223 0.0411205 0.037464 0.0339704 0.0306543 0.027527 0.0245968 0.0218688 0.019345 0.0170251 0.0149061 0.0129829 0.0112484 0.00969423 0.00831057 0.00708677 0.00601158 0.00507343 0.00426074 0.0035621 0.00296653 0.00246367 0.00204389 0.00169846 0.00141964 0.00120079 0.00103637 0.000922054 0.000854716 
0.000993145 0.00101946 0.00109913 0.00123434 0.00142873 0.00168731 0.00201651 0.00242405 0.00291886 0.00351104 0.00421168 0.00503271 0.00598673 0.00708677 0.00834606 0.00977773 0.0113945 0.0132083 0.01523 0.0174691 0.019933 0.0226272 0.0255545 0.0287148 0.0321052 0.035719 0.0395463 0.0435736 0.0477837 0.0521557 0.0566654 0.0612855 0.0659853 0.0707319 0.0754898 0.0802219 0.0848899 0.0894544 0.0938761 0.0981158 0.102135 0.105897 0.109367 0.112512 0.115301 0.117709 0.119712 0.121291 0.122429 0.123117 0.123347 0.123117 0.122429 0.121291 0.119712 0.117709 0.115301 0.112512 0.109367 0.105897 0.102135 0.0981158 0.0938761 0.0894544 0.0848899 0.0802219 0.0754898 0.0707319 0.0659853 0.0612855 0.0566654 0.0521557 0.0477837 0.0435736 0.0395463 0.035719 0.0321052 0.0287148 0.0255545 0.0226272 0.019933 0.0174691 0.01523 0.0132083 0.0113945 0.00977773 0.00834606 0.00708677 0.00598673 0.00503271 0.00421168 0.00351104 0.00291886 0.00242405 0.00201651 0.00168731 0.00142873 0.00123434 0.00109913 0.00101946 
0.00117856 0.00120953 0.0013033 0.00146238 0.00169098 0.00199491 0.00238156 0.00285983 0.00344002 0.00413372 0.00495364 0.00591343 0.00702747 0.00831057 0.00977773 0.0114437 0.0133229 0.0154286 0.0177727 0.0203656 0.0232154 0.0263277 0.0297049 0.0333465 0.0372482 0.0414019 0.0457955 0.0504129 0.0552339 0.0602344 0.0653862 0.0706577 0.0760142 0.0814178 0.0868284 0.092204 0.0975013 0.102676 0.107685 0.112483 0.117027 0.121278 0.125196 0.128744 0.131891 0.134605 0.136862 0.138639 0.139922 0.140696 0.140955 0.140696 0.139922 0.138639 0.136862 0.134605 0.131891 0.128744 0.125196 0.121278 0.117027 0.112483 0.107685 0.102676 0.0975013 0.092204 0.0868284 0.0814178 0.0760142 0.0706577 0.0653862 0.0602344 0.0552339 0.0504129 0.0457955 0.0414019 0.0372482 0.0333465 0.0297049 0.0263277 0.0232154 0.0203656 0.0177727 0.0154286 0.0133229 0.0114437 0.00977773 0.00831057 0.00702747 0.00591343 0.00495364 0.00413372 0.00344002 0.00285983 0.00238156 0.00199491 0.00169098 0.00146238 0.0013033 0.00120953 
0.00139112 0.00142739 0.00153716 0.00172334 0.00199075 0.00234607 0.00279779 0.0033561 0.00403279 0.0048411 0.00579551 0.00691157 0.00820555 0.00969423 0.0113945 0.0133229 0.0154954 0.0179268 0.0206303 0.023617 0.0268954 0.0304712 0.0343466 0.0385201 0.0429859 0.0477341 0.0527502 0.0580152 0.0635056 0.0691932 0.0750458 0.0810273 0.0870979 0.093215 0.0993331 0.105405 0.111382 0.117216 0.122856 0.128254 0.133364 0.138139 0.142536 0.146517 0.150044 0.153086 0.155614 0.157604 0.15904 0.159906 0.160196 0.159906 0.15904 0.157604 0.155614 0.153086 0.150044 0.146517 0.142536 0.138139 0.133364 0.128254 0.122856 0.117216 0.111382 0.105405 0.0993331 0.093215 0.0870979 0.0810273 0.0750458 0.0691932 0.0635056 0.0580152 0.0527502 0.0477341 0.0429859 0.0385201 0.0343466 0.0304712 0.0268954 0.023617 0.0206303 0.0179268 0.0154954 0.0133229 0.0113945 0.00969423 0.00820555 0.00691157 0.00579551 0.0048411 0.00403279 0.0033561 0.00279779 0.00234607 0.00199075 0.00172334 0.00153716 0.00142739 
0.00163325 0.00167549 0.00180331 0.00202003 0.00233118 0.00274437 0.0032693 0.00391758 0.00470262 0.00563947 0.00674454 0.0080354 0.00953041 0.0112484 0.0132083 0.0154286 0.0179268 0.0207194 0.0238206 0.0272423 0.0309936 0.0350799 0.0395029 0.0442599 0.0493436 0.0547419 0.0604374 0.0664079 0.0726259 0.0790593 0.0856711 0.0924202 0.0992616 0.106147 0.113026 0.119846 0.126552 0.133089 0.139404 0.145443 0.151154 0.156486 0.161393 0.165832 0.169764 0.173152 0.175966 0.178182 0.179779 0.180743 0.181065 0.180743 0.179779 0.178182 0.175966 0.173152 0.169764 0.165832 0.161393 0.156486 0.151154 0.145443 0.139404 0.133089 0.126552 0.119846 0.113026 0.106147 0.0992616 0.0924202 0.0856711 0.0790593 0.0726259 0.0664079 0.0604374 0.0547419 0.0493436 0.0442599 0.0395029 0.0350799 0.0309936 0.0272423 0.0238206 0.0207194 0.0179268 0.0154286 0.0132083 0.0112484 0.00953041 0.0080354 0.00674454 0.00563947 0.00470262 0.00391758 0.0032693 0.00274437 0.00233118 0.00202003 0.00180331 0.00167549 
0.00190729 0.00195621 0.00210426 0.00235521 0.00271532 0.00319326 0.00380002 0.00454877 0.00545469 0.00653476 0.00780749 0.00929261 0.0110107 0.0129829 0.01523 0.0177727 0.0206303 0.0238206 0.027359 0.0312582 0.0355275 0.0401721 0.0451929 0.0505859 0.0563417 0.0624456 0.0688772 0.0756106 0.0826141 0.0898508 0.0972788 0.104852 0.112518 0.120226 0.127916 0.135532 0.143012 0.150297 0.157327 0.164043 0.170388 0.176308 0.181752 0.186673 0.191028 0.19478 0.197895 0.200346 0.202113 0.203179 0.203536 0.203179 0.202113 0.200346 0.197895 0.19478 0.191028 0.186673 0.181752 0.176308 0.170388 0.164043 0.157327 0.150297 0.143012 0.135532 0.127916 0.120226 0.112518 0.104852 0.0972788 0.0898508 0.0826141 0.0756106 0.0688772 0.0624456 0.0563417 0.0505859 0.0451929 0.0401721 0.0355275 0.0312582 0.027359 0.0238206 0.0206303 0.0177727 0.01523 0.0129829 0.0110107 0.00929261 0.00780749 0.00653476 0.00545469 0.00454877 0.00380002 0.00319326 0.00271532 0.00235521 0.00210426 0.00195621 
0.00221546 0.00227184 0.0024424 0.00273144 0.00314601 0.00369593 0.00439359 0.00525382 0.00629372 0.00753235 0.00899044 0.0106901 0.0126542 0.0149061 0.0174691 0.0203656 0.023617 0.0272423 0.0312582 0.035678 0.040511 0.0457621 0.051431 0.0575121 0.0639938 0.0708584 0.078082 0.0856345 0.0934796 0.101575 0.109874 0.118324 0.126868 0.135447 0.143997 0.152453 0.16075 0.168821 0.176601 0.184027 0.191036 0.19757 0.203575 0.208998 0.213795 0.217924 0.221352 0.224048 0.22599 0.227162 0.227554 0.227162 0.22599 0.224048 0.221352 0.217924 0.213795 0.208998 0.203575 0.19757 0.191036 0.184027 0.176601 0.168821 0.16075 0.152453 0.143997 0.135447 0.126868 0.118324 0.109874 0.101575 0.0934796 0.0856345 0.078082 0.0708584 0.0639938 0.0575121 0.051431 0.0457621 0.040511 0.035678 0.0312582 0.0272423 0.023617 0.0203656 0.0174691 0.0149061 0.0126542 0.0106901 0.00899044 0.00753235 0.00629372 0.00525382 0.00439359 0.00369593 0.00314601 0.00273144 0.0024424 0.00227184 
0.00255981 0.00262444 0.00281992 0.00315107 0.00362585 0.00425526 0.00505323 0.00603638 0.00722382 0.00863686 0.0102986 0.0122335 0.0144671 0.0170251 0.019933 0.0232154 0.0268954 0.0309936 0.0355275 0.040511 0.0459533 0.0518587 0.0582257 0.0650464 0.0723067 0.0799856 0.0880552 0.0964809 0.105221 0.114229 0.12345 0.132827 0.142297 0.151792 0.161244 0.170581 0.179732 0.188624 0.197187 0.20535 0.213049 0.220219 0.226802 0.232744 0.237996 0.242515 0.246264 0.249212 0.251335 0.252616 0.253044 0.252616 0.251335 0.249212 0.246264 0.242515 0.237996 0.232744 0.226802 0.220219 0.213049 0.20535 0.197187 0.188624 0.179732 0.170581 0.161244 0.151792 0.142297 0.132827 0.12345 0.114229 0.105221 0.0964809 0.0880552 0.0799856 0.0723067 0.0650464 0.0582257 0.0518587 0.0459533 0.040511 0.0355275 0.0309936 0.0268954 0.0232154 0.019933 0.0170251 0.0144671 0.0122335 0.0102986 0.00863686 0.00722382 0.00603638 0.00505323 0.00425526 0.00362585 0.00315107 0.00281992 0.00262444 
0.00294215 0.00301584 0.00323871 0.00361614 0.00415704 0.0048737 0.00578166 0.00689945 0.00824835 0.00985201 0.011736 0.0139275 0.0164544 0.019345 0.0226272 0.0263277 0.0304712 0.0350799 0.0401721 0.0457621 0.0518587 0.0584654 0.0655789 0.0731892 0.0812789 0.0898235 0.0987905 0.10814 0.117826 0.127795 0.137987 0.148336 0.158774 0.169227 0.179619 0.189872 0.199909 0.20965 0.21902 0.227944 0.236352 0.244175 0.251352 0.257825 0.263542 0.268459 0.272535 0.275739 0.278046 0.279438 0.279903 0.279438 0.278046 0.275739 0.272535 0.268459 0.263542 0.257825 0.251352 0.244175 0.236352 0.227944 0.21902 0.20965 0.199909 0.189872 0.179619 0.169227 0.158774 0.148336 0.137987 0.127795 0.117826 0.10814 0.0987905 0.0898235 0.0812789 0.0731892 0.0655789 0.0584654 0.0518587 0.0457621 0.0401721 0.0350799 0.0304712 0.0263277 0.0226272 0.019345 0.0164544 0.0139275 0.011736 0.00985201 0.00824835 0.00689945 0.00578166 0.0048737 0.00415704 0.00361614 0.00323871 0.00301584 
0.00336394 0.00344753 0.00370031 0.00412828 0.00474133 0.00555313 0.00658094 0.00784529 0.00936975 0.0111804 0.0133055 0.0157748 0.0186189 0.0218688 0.0255545 0.0297049 0.0343466 0.0395029 0.0451929 0.051431 0.0582257 0.0655789 0.0734856 0.0819329 0.0909003 0.100359 0.110271 0.120593 0.13127 0.142244 0.153448 0.16481 0.176254 0.187699 0.199063 0.210261 0.221209 0.231822 0.242019 0.25172 0.260851 0.269339 0.277118 0.284129 0.290318 0.295636 0.300043 0.303506 0.305998 0.307501 0.308003 0.307501 0.305998 0.303506 0.300043 0.295636 0.290318 0.284129 0.277118 0.269339 0.260851 0.25172 0.242019 0.231822 0.221209 0.210261 0.199063 0.187699 0.176254 0.16481 0.153448 0.142244 0.13127 0.120593 0.110271 0.100359 0.0909003 0.0819329 0.0734856 0.0655789 0.0582257 0.051431 0.0451929 0.0395029 0.0343466 0.0297049 0.0255545 0.0218688 0.0186189 0.0157748 0.0133055 0.0111804 0.00936975 0.00784529 0.00658094 0.00555313 0.00474133 0.00412828 0.00370031 0.00344753 
0.00382627 0.00392062 0.00420586 0.00468865 0.00537994 0.00629483 0.00745237 0.00887525 0.0105894 0.0126234 0.0150083 0.0177766 0.0209616 0.0245968 0.0287148 0.0333465 0.0385201 0.0442599 0.0505859 0.0575121 0.0650464 0.0731892 0.0819329 0.0912619 0.101151 0.111568 0.122469 0.133805 0.145515 0.157533 0.169786 0.182195 0.194676 0.207141 0.219501 0.231666 0.243543 0.255043 0.26608 0.276569 0.28643 0.295588 0.303974 0.311525 0.318186 0.323906 0.328644 0.332365 0.335042 0.336656 0.337195 0.336656 0.335042 0.332365 0.328644 0.323906 0.318186 0.311525 0.303974 0.295588 0.28643 0.276569 0.26608 0.255043 0.243543 0.231666 0.219501 0.207141 0.194676 0.182195 0.169786 0.157533 0.145515 0.133805 0.122469 0.111568 0.101151 0.0912619 0.0819329 0.0731892 0.0650464 0.0575121 0.0505859 0.0442599 0.0385201 0.0333465 0.0287148 0.0245968 0.0209616 0.0177766 0.0150083 0.0126234 0.0105894 0.00887525 0.00745237 0.00629483 0.00537994 0.00468865 0.00420586 0.00392062 
0.00432977 0.00443571 0.00475596 0.00529785 0.00607342 0.0070993 0.00839641 0.00998962 0.0119073 0.0141809 0.016844 0.019932 0.023481 0.027527 0.0321052 0.0372482 0.0429859 0.0493436 0.0563417 0.0639938 0.0723067 0.0812789 0.0909003 0.101151 0.112004 0.123418 0.135347 0.147733 0.16051 0.173605 0.186937 0.200419 0.213961 0.227467 0.240841 0.253986 0.266804 0.2792 0.291082 0.302361 0.312953 0.32278 0.331771 0.33986 0.346989 0.353108 0.358173 0.362149 0.365008 0.366732 0.367308 0.366732 0.365008 0.362149 0.358173 0.353108 0.346989 0.33986 0.331771 0.32278 0.312953 0.302361 0.291082 0.2792 0.266804 0.253986 0.240841 0.227467 0.213961 0.200419 0.186937 0.173605 0.16051 0.147733 0.135347 0.123418 0.112004 0.101151 0.0909003 0.0812789 0.0723067 0.0639938 0.0563417 0.0493436 0.0429859 0.0372482 0.0321052 0.027527 0.023481 0.019932 0.016844 0.0141809 0.0119073 0.00998962 0.00839641 0.0070993 0.00607342 0.00529785 0.00475596 0.00443571 
0.00487453 0.00499289 0.00535066 0.00595583 0.00682162 0.00796622 0.0094125 0.0111876 0.0133224 0.0158511 0.0188102 0.0222379 0.026173 0.0306543 0.035719 0.0414019 0.0477341 0.0547419 0.0624456 0.0708584 0.0799856 0.0898235 0.100359 0.111568 0.123418 0.135864 0.148853 0.16232 0.176193 0.19039 0.204823 0.219398 0.234017 0.248577 0.262975 0.277106 0.290868 0.30416 0.316885 0.328949 0.340267 0.350757 0.360344 0.368963 0.376552 0.383061 0.388446 0.392672 0.39571 0.39754 0.398152 0.39754 0.39571 0.392672 0.388446 0.383061 0.376552 0.368963 0.360344 0.350757 0.340267 0.328949 0.316885 0.30416 0.290868 0.277106 0.262975 0.248577 0.234017 0.219398 0.204823 0.19039 0.176193 0.16232 0.148853 0.135864 0.123418 0.111568 0.100359 0.0898235 0.0799856 0.0708584 0.0624456 0.0547419 0.0477341 0.0414019 0.035719 0.0306543 0.026173 0.0222379 0.0188102 0.0158511 0.0133224 0.0111876 0.0094125 0.00796622 0.00682162 0.00595583 0.00535066 0.00499289 
0.00546007 0.00559165 0.00598934 0.00666185 0.00762359 0.00889436 0.010499 0.0124671 0.014832 0.0176308 0.0209027 0.0246889 0.0290311 0.0339704 0.0395463 0.0457955 0.0527502 0.0604374 0.0688772 0.078082 0.0880552 0.0987905 0.110271 0.122469 0.135347 0.148853 0.162928 0.1775 0.192489 0.207806 0.223355 0.239035 0.254738 0.270356 0.285779 0.300895 0.315596 0.329776 0.343334 0.356174 0.368204 0.379343 0.389513 0.398647 0.406684 0.413572 0.419267 0.423734 0.426944 0.428878 0.429524 0.428878 0.426944 0.423734 0.419267 0.413572 0.406684 0.398647 0.389513 0.379343 0.368204 0.356174 0.343334 0.329776 0.315596 0.300895 0.285779 0.270356 0.254738 0.239035 0.223355 0.207806 0.192489 0.1775 0.162928 0.148853 0.135347 0.122469 0.110271 0.0987905 0.0880552 0.078082 0.0688772 0.0604374 0.0527502 0.0457955 0.0395463 0.0339704 0.0290311 0.0246889 0.0209027 0.0176308 0.014832 0.0124671 0.010499 0.00889436 0.00762359 0.00666185 0.00598934 0.00559165 
0.00608524 0.00623081 0.00667072 0.00741442 0.00847754 0.00988152 0.0116533 0.0138247 0.0164319 0.0195146 0.0231151 0.0272774 0.0320458 0.037464 0.0435736 0.0504129 0.0580152 0.0664079 0.0756106 0.0856345 0.0964809 0.10814 0.120593 0.133805 0.147733 0.16232 0.1775 0.193193 0.209311 0.225759 0.242431 0.259218 0.276006 0.292678 0.309118 0.325208 0.340836 0.355889 0.370264 0.383859 0.396584 0.408351 0.419085 0.428715 0.437183 0.444434 0.450426 0.455123 0.458497 0.460529 0.461208 0.460529 0.458497 0.455123 0.450426 0.444434 0.437183 0.428715 0.419085 0.408351 0.396584 0.383859 0.370264 0.355889 0.340836 0.325208 0.309118 0.292678 0.276006 0.259218 0.242431 0.225759 0.209311 0.193193 0.1775 0.16232 0.147733 0.133805 0.120593 0.10814 0.0964809 0.0856345 0.0756106 0.0664079 0.0580152 0.0504129 0.0435736 0.037464 0.0320458 0.0272774 0.0231151 0.0195146 0.0164319 0.0138247 0.0116533 0.00988152 0.00847754 0.00741442 0.00667072 0.00623081 
0.00674822 0.0069085 0.00739275 0.00821121 0.00938073 0.0109244 0.0128713 0.0152557 0.0181163 0.0214956 0.025439 0.029993 0.0352048 0.0411205 0.0477837 0.0552339 0.0635056 0.0726259 0.0826141 0.0934796 0.105221 0.117826 0.13127 0.145515 0.16051 0.176193 0.192489 0.209311 0.226565 0.244144 0.261937 0.279826 0.29769 0.315404 0.332846 0.349893 0.366426 0.38233 0.397497 0.411823 0.425215 0.437586 0.448859 0.458963 0.467839 0.475434 0.481706 0.48662 0.490149 0.492274 0.492984 0.492274 0.490149 0.48662 0.481706 0.475434 0.467839 0.458963 0.448859 0.437586 0.425215 0.411823 0.397497 0.38233 0.366426 0.349893 0.332846 0.315404 0.29769 0.279826 0.261937 0.244144 0.226565 0.209311 0.192489 0.176193 0.16051 0.145515 0.13127 0.117826 0.105221 0.0934796 0.0826141 0.0726259 0.0635056 0.0552339 0.0477837 0.0411205 0.0352048 0.029993 0.025439 0.0214956 0.0181163 0.0152557 0.0128713 0.0109244 0.00938073 0.00821121 0.00739275 0.0069085 
0.0074465 0.00762211 0.00815264 0.00904907 0.0103295 0.0120188 0.014148 0.0167538 0.0198777 0.0235649 0.0278635 0.0328231 0.0384932 0.0449223 0.0521557 0.0602344 0.0691932 0.0790593 0.0898508 0.101575 0.114229 0.127795 0.142244 0.157533 0.173605 0.19039 0.207806 0.225759 0.244144 0.262849 0.281753 0.30073 0.319652 0.338389 0.356809 0.374787 0.392197 0.408922 0.42485 0.439876 0.453904 0.466848 0.47863 0.48918 0.498439 0.506357 0.51289 0.518007 0.521679 0.52389 0.524628 0.52389 0.521679 0.518007 0.51289 0.506357 0.498439 0.48918 0.47863 0.466848 0.453904 0.439876 0.42485 0.408922 0.392197 0.374787 0.356809 0.338389 0.319652 0.30073 0.281753 0.262849 0.244144 0.225759 0.207806 0.19039 0.173605 0.157533 0.142244 0.127795 0.114229 0.101575 0.0898508 0.0790593 0.0691932 0.0602344 0.0521557 0.0449223 0.0384932 0.0328231 0.0278635 0.0235649 0.0198777 0.0167538 0.014148 0.0120188 0.0103295 0.00904907 0.00815264 0.00762211 
0.00817678 0.00836829 0.00894678 0.009924 0.0113193 0.0131592 0.0154769 0.0183115 0.0217071 0.0257116 0.030376 0.0357525 0.0418931 0.0488484 0.0566654 0.0653862 0.0750458 0.0856711 0.0972788 0.109874 0.12345 0.137987 0.153448 0.169786 0.186937 0.204823 0.223355 0.242431 0.261937 0.281753 0.301749 0.321793 0.341749 0.361479 0.380848 0.399723 0.417976 0.435485 0.452137 0.467826 0.482454 0.495936 0.508193 0.519158 0.528772 0.536986 0.543761 0.549062 0.552866 0.555155 0.555919 0.555155 0.552866 0.549062 0.543761 0.536986 0.528772 0.519158 0.508193 0.495936 0.482454 0.467826 0.452137 0.435485 0.417976 0.399723 0.380848 0.361479 0.341749 0.321793 0.301749 0.281753 0.261937 0.242431 0.223355 0.204823 0.186937 0.169786 0.153448 0.137987 0.12345 0.109874 0.0972788 0.0856711 0.0750458 0.0653862 0.0566654 0.0488484 0.0418931 0.0357525 0.030376 0.0257116 0.0217071 0.0183115 0.0154769 0.0131592 0.0113193 0.009924 0.00894678 0.00836829 
0.00893508 0.00914296 0.0097708 0.0108311 0.0123445 0.0143393 0.0168505 0.0199198 0.0235938 0.0279232 0.0329616 0.0387637 0.0453841 0.0528752 0.0612855 0.0706577 0.0810273 0.0924202 0.104852 0.118324 0.132827 0.148336 0.16481 0.182195 0.200419 0.219398 0.239035 0.259218 0.279826 0.30073 0.321793 0.342875 0.363832 0.384521 0.4048 0.424532 0.443587 0.461839 0.479173 0.495482 0.51067 0.524649 0.537345 0.54869 0.558629 0.567113 0.574105 0.579574 0.583496 0.585856 0.586643 0.585856 0.583496 0.579574 0.574105 0.567113 0.558629 0.54869 0.537345 0.524649 0.51067 0.495482 0.479173 0.461839 0.443587 0.424532 0.4048 0.384521 0.363832 0.342875 0.321793 0.30073 0.279826 0.259218 0.239035 0.219398 0.200419 0.182195 0.16481 0.148336 0.132827 0.118324 0.104852 0.0924202 0.0810273 0.0706577 0.0612855 0.0528752 0.0453841 0.0387637 0.0329616 0.0279232 0.0235938 0.0199198 0.0168505 0.0143393 0.0123445 0.0108311 0.0097708 0.00914296 
0.00971667 0.00994127 0.0106195 0.0117648 0.0133988 0.0155514 0.0182601 0.0215684 0.0255257 0.0301853 0.0356034 0.0418372 0.0489434 0.0569762 0.0659853 0.0760142 0.0870979 0.0992616 0.112518 0.126868 0.142297 0.158774 0.176254 0.194676 0.213961 0.234017 0.254738 0.276006 0.29769 0.319652 0.341749 0.363832 0.385751 0.407356 0.428502 0.449048 0.468858 0.487806 0.505775 0.522659 0.538362 0.552797 0.565892 0.577581 0.587811 0.596537 0.603722 0.609339 0.613366 0.615788 0.616596 0.615788 0.613366 0.609339 0.603722 0.596537 0.587811 0.577581 0.565892 0.552797 0.538362 0.522659 0.505775 0.487806 0.468858 0.449048 0.428502 0.407356 0.385751 0.363832 0.341749 0.319652 0.29769 0.276006 0.254738 0.234017 0.213961 0.194676 0.176254 0.158774 0.142297 0.126868 0.112518 0.0992616 0.0870979 0.0760142 0.0659853 0.0569762 0.0489434 0.0418372 0.0356034 0.0301853 0.0255257 0.0215684 0.0182601 0.0155514 0.0133988 0.0117648 0.0106195 0.00994127 
0.0105161 0.0107577 0.0114871 0.0127184 0.0144746 0.0167873 0.0196956 0.0232458 0.0274893 0.0324822 0.038283 0.0449514 0.052546 0.0611225 0.0707319 0.0814178 0.093215 0.106147 0.120226 0.135447 0.151792 0.169227 0.187699 0.207141 0.227467 0.248577 0.270356 0.292678 0.315404 0.338389 0.361479 0.384521 0.407356 0.429832 0.451796 0.473104 0.493619 0.513212 0.531768 0.549178 0.565348 0.580196 0.593648 0.605643 0.616131 0.625069 0.632423 0.638169 0.642286 0.644761 0.645587 0.644761 0.642286 0.638169 0.632423 0.625069 0.616131 0.605643 0.593648 0.580196 0.565348 0.549178 0.531768 0.513212 0.493619 0.473104 0.451796 0.429832 0.407356 0.384521 0.361479 0.338389 0.315404 0.292678 0.270356 0.248577 0.227467 0.207141 0.187699 0.169227 0.151792 0.135447 0.120226 0.106147 0.093215 0.0814178 0.0707319 0.0611225 0.052546 0.0449514 0.038283 0.0324822 0.0274893 0.0232458 0.0196956 0.0167873 0.0144746 0.0127184 0.0114871 0.0107577 
0.0113274 0.0115861 0.012367 0.0136849 0.015564 0.0180375 0.0211465 0.0249392 0.0294698 0.0347965 0.0409802 0.0480828 0.0561648 0.0652832 0.0754898 0.0868284 0.0993331 0.113026 0.127916 0.143997 0.161244 0.179619 0.199063 0.219501 0.240841 0.262975 0.285779 0.309118 0.332846 0.356809 0.380848 0.4048 0.428502 0.451796 0.474525 0.496543 0.517709 0.537895 0.556984 0.57487 0.591461 0.606674 0.620441 0.632704 0.643415 0.652535 0.660034 0.665889 0.670082 0.672603 0.673444 0.672603 0.670082 0.665889 0.660034 0.652535 0.643415 0.632704 0.620441 0.606674 0.591461 0.57487 0.556984 0.537895 0.517709 0.496543 0.474525 0.451796 0.428502 0.4048 0.380848 0.356809 0.332846 0.309118 0.285779 0.262975 0.240841 0.219501 0.199063 0.179619 0.161244 0.143997 0.127916 0.113026 0.0993331 0.0868284 0.0754898 0.0652832 0.0561648 0.0480828 0.0409802 0.0347965 0.0294698 0.0249392 0.0211465 0.0180375 0.015564 0.0136849 0.012367 0.0115861 
0.012144 0.0124196 0.0132519 0.0146563 0.0166581 0.0192919 0.0226008 0.0266352 0.0314513 0.0371097 0.0436736 0.0512068 0.0597713 0.0694256 0.0802219 0.092204 0.105405 0.119846 0.135532 0.152453 0.170581 0.189872 0.210261 0.231666 0.253986 0.277106 0.300895 0.325208 0.349893 0.374787 0.399723 0.424532 0.449048 0.473104 0.496543 0.519213 0.540975 0.561699 0.581269 0.59958 0.616541 0.632075 0.646116 0.658608 0.669509 0.678782 0.686401 0.692346 0.696601 0.699158 0.700011 0.699158 0.696601 0.692346 0.686401 0.678782 0.669509 0.658608 0.646116 0.632075 0.616541 0.59958 0.581269 0.561699 0.540975 0.519213 0.496543 0.473104 0.449048 0.424532 0.399723 0.374787 0.349893 0.325208 0.300895 0.277106 0.253986 0.231666 0.210261 0.189872 0.170581 0.152453 0.135532 0.119846 0.105405 0.092204 0.0802219 0.0694256 0.0597713 0.0512068 0.0436736 0.0371097 0.0314513 0.0266352 0.0226008 0.0192919 0.0166581 0.0146563 0.0132519 0.0124196 
0.0129585 0.0132511 0.0141343 0.0156243 0.0177474 0.0205398 0.0240463 0.0283193 0.0334172 0.0394026 0.0463408 0.0542974 0.063336 0.0735159 0.0848899 0.0975013 0.111382 0.126552 0.143012 0.16075 0.179732 0.199909 0.221209 0.243543 0.266804 0.290868 0.315596 0.340836 0.366426 0.392197 0.417976 0.443587 0.468858 0.493619 0.517709 0.540975 0.563276 0.584483 0.60448 0.623165 0.64045 0.65626 0.670532 0.683217 0.694274 0.703672 0.711388 0.717404 0.721709 0.724295 0.725157 0.724295 0.721709 0.717404 0.711388 0.703672 0.694274 0.683217 0.670532 0.65626 0.64045 0.623165 0.60448 0.584483 0.563276 0.540975 0.517709 0.493619 0.468858 0.443587 0.417976 0.392197 0.366426 0.340836 0.315596 0.290868 0.266804 0.243543 0.221209 0.199909 0.179732 0.16075 0.143012 0.126552 0.111382 0.0975013 0.0848899 0.0735159 0.063336 0.0542974 0.0463408 0.0394026 0.0334172 0.0283193 0.0240463 0.0205398 0.0177474 0.0156243 0.0141343 0.0132511 
0.0137637 0.0140729 0.015006 0.0165799 0.0188221 0.0217699 0.02547 0.0299766 0.03535 0.0416549 0.0489585 0.057328 0.0668282 0.0775194 0.0894544 0.102676 0.117216 0.133089 0.150297 0.168821 0.188624 0.20965 0.231822 0.255043 0.2792 0.30416 0.329776 0.355889 0.38233 0.408922 0.435485 0.461839 0.487806 0.513212 0.537895 0.561699 0.584483 0.606118 0.62649 0.645499 0.663061 0.679103 0.693569 0.706411 0.717593 0.72709 0.73488 0.74095 0.745292 0.747899 0.748768 0.747899 0.745292 0.74095 0.73488 0.72709 0.717593 0.706411 0.693569 0.679103 0.663061 0.645499 0.62649 0.606118 0.584483 0.561699 0.537895 0.513212 0.487806 0.461839 0.435485 0.408922 0.38233 0.355889 0.329776 0.30416 0.2792 0.255043 0.231822 0.20965 0.188624 0.168821 0.150297 0.133089 0.117216 0.102676 0.0894544 0.0775194 0.0668282 0.057328 0.0489585 0.0416549 0.03535 0.0299766 0.02547 0.0217699 0.0188221 0.0165799 0.015006 0.0140729 
0.0145517 0.014877 0.0158587 0.0175141 0.0198719 0.0229707 0.0268586 0.0315916 0.037232 0.0438462 0.0515032 0.0602715 0.0702172 0.0814012 0.0938761 0.107685 0.122856 0.139404 0.157327 0.176601 0.197187 0.21902 0.242019 0.26608 0.291082 0.316885 0.343334 0.370264 0.397497 0.42485 0.452137 0.479173 0.505775 0.531768 0.556984 0.581269 0.60448 0.62649 0.647187 0.666473 0.684267 0.700502 0.715123 0.728089 0.739368 0.748938 0.756783 0.762892 0.767259 0.769881 0.770754 0.769881 0.767259 0.762892 0.756783 0.748938 0.739368 0.728089 0.715123 0.700502 0.684267 0.666473 0.647187 0.62649 0.60448 0.581269 0.556984 0.531768 0.505775 0.479173 0.452137 0.42485 0.397497 0.370264 0.343334 0.316885 0.291082 0.26608 0.242019 0.21902 0.197187 0.176601 0.157327 0.139404 0.122856 0.107685 0.0938761 0.0814012 0.0702172 0.0602715 0.0515032 0.0438462 0.037232 0.0315916 0.0268586 0.0229707 0.0198719 0.0175141 0.0158587 0.014877 
0.0153145 0.0156553 0.0166837 0.0184176 0.0208865 0.0241303 0.0281986 0.033149 0.0390453 0.045956 0.0539512 0.0631009 0.0734722 0.0851263 0.0981158 0.112483 0.128254 0.145443 0.164043 0.184027 0.20535 0.227944 0.25172 0.276569 0.302361 0.328949 0.356174 0.383859 0.411823 0.439876 0.467826 0.495482 0.522659 0.549178 0.57487 0.59958 0.623165 0.645499 0.666473 0.685992 0.703977 0.720366 0.73511 0.74817 0.759521 0.769142 0.777023 0.783157 0.787539 0.790169 0.791046 0.790169 0.787539 0.783157 0.777023 0.769142 0.759521 0.74817 0.73511 0.720366 0.703977 0.685992 0.666473 0.645499 0.623165 0.59958 0.57487 0.549178 0.522659 0.495482 0.467826 0.439876 0.411823 0.383859 0.356174 0.328949 0.302361 0.276569 0.25172 0.227944 0.20535 0.184027 0.164043 0.145443 0.128254 0.112483 0.0981158 0.0851263 0.0734722 0.0631009 0.0539512 0.045956 0.0390453 0.033149 0.0281986 0.0241303 0.0208865 0.0184176 0.0166837 0.0156553 
