4.89801e-05 5.06833e-05 5.58654e-05 6.47454e-05 7.76901e-05 9.52171e-05 0.000117998 0.000146864 0.000182804 0.000226974 0.00028069 0.000345432 0.000422831 0.000514665 0.000622839 0.000749362 0.000896324 0.00106586 0.0012601 0.00148113 0.00173094 0.00201136 0.00232399 0.00267014 0.00305077 0.00346641 0.00391711 0.00440237 0.00492111 0.00547161 0.00605148 0.00665769 0.00728652 0.0079336 0.00859395 0.00926203 0.00993181 0.0105968 0.0112504 0.0118854 0.012495 0.0130721 0.0136098 0.0141017 0.0145416 0.014924 0.0152439 0.0154972 0.0156806 0.0157916 0.0158288 0.0157916 0.0156806 0.0154972 0.0152439 0.014924 0.0145416 0.0141017 0.0136098 0.0130721 0.012495 0.0118854 0.0112504 0.0105968 0.00993181 0.00926203 0.00859395 0.0079336 0.00728652 0.00665769 0.00605148 0.00547161 0.00492111 0.00440237 0.00391711 0.00346641 0.00305077 0.00267014 0.00232399 0.00201136 0.00173094 0.00148113 0.0012601 0.00106586 0.000896324 0.000749362 0.000622839 0.000514665 0.000422831 0.000345432 0.00028069 0.000226974 0.000182804 0.000146864 0.000117998 9.52171e-05 7.76901e-05 6.47454e-05 5.58654e-05 5.06833e-05 
5.06833e-05 5.24421e-05 5.77935e-05 6.69626e-05 8.03269e-05 9.84191e-05 0.00012193 0.000151714 0.000188789 0.000234341 0.000289724 0.000356457 0.000436215 0.00053082 0.000642227 0.000772495 0.000923765 0.00109822 0.00129804 0.00152536 0.00178221 0.00207044 0.0023917 0.00274731 0.00313824 0.00356501 0.00402767 0.00452568 0.00505792 0.00562261 0.00621729 0.00683885 0.00748345 0.00814663 0.00882328 0.00950771 0.0101938 0.0108748 0.011544 0.0121942 0.0128182 0.0134088 0.0139591 0.0144625 0.0149126 0.0153038 0.0156311 0.0158903 0.0160779 0.0161914 0.0162294 0.0161914 0.0160779 0.0158903 0.0156311 0.0153038 0.0149126 0.0144625 0.0139591 0.0134088 0.0128182 0.0121942 0.011544 0.0108748 0.0101938 0.00950771 0.00882328 0.00814663 0.00748345 0.00683885 0.00621729 0.00562261 0.00505792 0.00452568 0.00402767 0.00356501 0.00313824 0.00274731 0.0023917 0.00207044 0.00178221 0.00152536 0.00129804 0.00109822 0.000923765 0.000772495 0.000642227 0.00053082 0.000436215 0.000356457 0.000289724 0.000234341 0.000188789 0.000151714 0.00012193 9.84191e-05 8.03269e-05 6.69626e-05 5.77935e-05 5.24421e-05 
5.58654e-05 5.77935e-05 6.36589e-05 7.37062e-05 8.83453e-05 0.000108154 0.000133882 0.000166454 0.000206972 0.000256721 0.000317163 0.000389936 0.000476846 0.000579857 0.000701067 0.000842687 0.00100701 0.00119637 0.0014131 0.00165946 0.00193761 0.00224951 0.00259689 0.00298112 0.0034032 0.00386366 0.00436247 0.00489902 0.00547206 0.00607964 0.00671908 0.00738699 0.00807925 0.00879104 0.00951688 0.0102507 0.0109858 0.0117153 0.0124317 0.0131275 0.0137949 0.0144265 0.0150148 0.0155527 0.0160336 0.0164515 0.016801 0.0170777 0.017278 0.0173992 0.0174398 0.0173992 0.017278 0.0170777 0.016801 0.0164515 0.0160336 0.0155527 0.0150148 0.0144265 0.0137949 0.0131275 0.0124317 0.0117153 0.0109858 0.0102507 0.00951688 0.00879104 0.00807925 0.00738699 0.00671908 0.00607964 0.00547206 0.00489902 0.00436247 0.00386366 0.0034032 0.00298112 0.00259689 0.00224951 0.00193761 0.00165946 0.0014131 0.00119637 0.00100701 0.000842687 0.000701067 0.000579857 0.000476846 0.000389936 0.000317163 0.000256721 0.000206972 0.000166454 0.000133882 0.000108154 8.83453e-05 7.37062e-05 6.36589e-05 5.77935e-05 
6.47454e-05 6.69626e-05 7.37062e-05 8.52539e-05 0.00010207 0.00012481 0.000154322 0.000191651 0.000238045 0.00029495 0.000364014 0.000447079 0.000546172 0.000663492 0.000801384 0.000962315 0.00114883 0.00136353 0.00160897 0.00188767 0.00220197 0.00255403 0.00294569 0.00337844 0.00385331 0.0043708 0.00493082 0.0055326 0.00617466 0.00685475 0.00756982 0.00831605 0.00908879 0.00988264 0.0106915 0.0115086 0.0123265 0.0131376 0.0139336 0.0147062 0.0154469 0.0161475 0.0167997 0.0173957 0.0179284 0.0183911 0.0187781 0.0190844 0.019306 0.0194401 0.019485 0.0194401 0.019306 0.0190844 0.0187781 0.0183911 0.0179284 0.0173957 0.0167997 0.0161475 0.0154469 0.0147062 0.0139336 0.0131376 0.0123265 0.0115086 0.0106915 0.00988264 0.00908879 0.00831605 0.00756982 0.00685475 0.00617466 0.0055326 0.00493082 0.0043708 0.00385331 0.00337844 0.00294569 0.00255403 0.00220197 0.00188767 0.00160897 0.00136353 0.00114883 0.000962315 0.000801384 0.000663492 0.000546172 0.000447079 0.000364014 0.00029495 0.000238045 0.000191651 0.000154322 0.00012481 0.00010207 8.52539e-05 7.37062e-05 6.69626e-05 
7.76901e-05 8.03269e-05 8.83453e-05 0.00010207 0.000122045 0.000149035 0.000184032 0.000228256 0.000283158 0.000350422 0.000431959 0.000529904 0.000646601 0.000784584 0.000946551 0.00113533 0.00135384 0.00160503 0.00189182 0.00221702 0.0025833 0.00299305 0.0034483 0.00395066 0.00450122 0.00510046 0.00574813 0.00644327 0.00718405 0.0079678 0.00879094 0.00964899 0.0105366 0.0114475 0.0123747 0.0133104 0.0142464 0.0151736 0.0160828 0.0169647 0.0178096 0.0186081 0.0193511 0.0200298 0.020636 0.0211625 0.0216025 0.0219507 0.0222026 0.0223551 0.0224061 0.0223551 0.0222026 0.0219507 0.0216025 0.0211625 0.020636 0.0200298 0.0193511 0.0186081 0.0178096 0.0169647 0.0160828 0.0151736 0.0142464 0.0133104 0.0123747 0.0114475 0.0105366 0.00964899 0.00879094 0.0079678 0.00718405 0.00644327 0.00574813 0.00510046 0.00450122 0.00395066 0.0034483 0.00299305 0.0025833 0.00221702 0.00189182 0.00160503 0.00135384 0.00113533 0.000946551 0.000784584 0.000646601 0.000529904 0.000431959 0.000350422 0.000283158 0.000228256 0.000184032 0.000149035 0.000122045 0.00010207 8.83453e-05 8.03269e-05 
9.52171e-05 9.84191e-05 0.000108154 0.00012481 0.000149035 0.000181744 0.000224116 0.000277603 0.00034393 0.000425093 0.000523356 0.000641239 0.000781504 0.00094713 0.00114128 0.00136726 0.00162846 0.00192831 0.00227018 0.00265731 0.00309273 0.00357914 0.00411883 0.00471357 0.00536448 0.006072 0.0068357 0.00765431 0.00852556 0.00944619 0.0104119 0.0114174 0.0124564 0.0135214 0.0146043 0.0156961 0.016787 0.0178667 0.0189247 0.0199499 0.0209313 0.0218583 0.0227202 0.0235071 0.0242096 0.0248194 0.0253289 0.025732 0.0260235 0.0261999 0.026259 0.0261999 0.0260235 0.025732 0.0253289 0.0248194 0.0242096 0.0235071 0.0227202 0.0218583 0.0209313 0.0199499 0.0189247 0.0178667 0.016787 0.0156961 0.0146043 0.0135214 0.0124564 0.0114174 0.0104119 0.00944619 0.00852556 0.00765431 0.0068357 0.006072 0.00536448 0.00471357 0.00411883 0.00357914 0.00309273 0.00265731 0.00227018 0.00192831 0.00162846 0.00136726 0.00114128 0.00094713 0.000781504 0.000641239 0.000523356 0.000425093 0.00034393 0.000277603 0.000224116 0.000181744 0.000149035 0.00012481 0.000108154 9.84191e-05 
0.000117998 0.00012193 0.000133882 0.000154322 0.000184032 0.000224116 0.000275994 0.000341413 0.000422445 0.000521484 0.000641237 0.000784716 0.000955209 0.00115626 0.00139161 0.00166516 0.00198091 0.00234287 0.00275498 0.00322099 0.0037444 0.00432828 0.00497523 0.00568717 0.00646529 0.00730993 0.00822042 0.00919508 0.0102311 0.0113244 0.0124699 0.013661 0.0148903 0.0161491 0.0174276 0.0187152 0.0200005 0.0212714 0.0225155 0.02372 0.0248723 0.0259598 0.0269703 0.0278923 0.028715 0.0294287 0.030025 0.0304964 0.0308374 0.0310437 0.0311127 0.0310437 0.0308374 0.0304964 0.030025 0.0294287 0.028715 0.0278923 0.0269703 0.0259598 0.0248723 0.02372 0.0225155 0.0212714 0.0200005 0.0187152 0.0174276 0.0161491 0.0148903 0.013661 0.0124699 0.0113244 0.0102311 0.00919508 0.00822042 0.00730993 0.00646529 0.00568717 0.00497523 0.00432828 0.0037444 0.00322099 0.00275498 0.00234287 0.00198091 0.00166516 0.00139161 0.00115626 0.000955209 0.000784716 0.000641237 0.000521484 0.000422445 0.000341413 0.000275994 0.000224116 0.000184032 0.000154322 0.000133882 0.00012193 
0.000146864 0.000151714 0.000166454 0.000191651 0.000228256 0.000277603 0.000341413 0.000421798 0.000521257 0.000642674 0.000789307 0.000964766 0.00117299 0.0014182 0.00170486 0.0020376 0.00242115 0.00286021 0.0033594 0.00392312 0.00455537 0.00525971 0.00603903 0.00689547 0.00783025 0.00884356 0.00993442 0.0111006 0.0123386 0.0136434 0.0150087 0.0164268 0.0178885 0.0193836 0.0209004 0.0224263 0.023948 0.0254512 0.0269213 0.0283435 0.0297028 0.0309848 0.0321752 0.0332607 0.0342288 0.0350683 0.0357693 0.0363234 0.036724 0.0369664 0.0370475 0.0369664 0.036724 0.0363234 0.0357693 0.0350683 0.0342288 0.0332607 0.0321752 0.0309848 0.0297028 0.0283435 0.0269213 0.0254512 0.023948 0.0224263 0.0209004 0.0193836 0.0178885 0.0164268 0.0150087 0.0136434 0.0123386 0.0111006 0.00993442 0.00884356 0.00783025 0.00689547 0.00603903 0.00525971 0.00455537 0.00392312 0.0033594 0.00286021 0.00242115 0.0020376 0.00170486 0.0014182 0.00117299 0.000964766 0.000789307 0.000642674 0.000521257 0.000421798 0.000341413 0.000277603 0.000228256 0.000191651 0.000166454 0.000151714 
0.000182804 0.000188789 0.000206972 0.000238045 0.000283158 0.00034393 0.000422445 0.000521257 0.000643384 0.000792302 0.000971931 0.0011866 0.00144104 0.00174028 0.00208964 0.00249462 0.00296079 0.00349372 0.0040988 0.00478116 0.00554543 0.00639566 0.00733513 0.00836616 0.00948998 0.0107066 0.0120145 0.013411 0.0148914 0.0164498 0.0180785 0.019768 0.0215075 0.0232846 0.0250856 0.0268954 0.0286983 0.0304776 0.0322162 0.0338966 0.0355015 0.0370139 0.0384173 0.0396962 0.0408363 0.0418243 0.0426491 0.0433008 0.043772 0.0440569 0.0441522 0.0440569 0.043772 0.0433008 0.0426491 0.0418243 0.0408363 0.0396962 0.0384173 0.0370139 0.0355015 0.0338966 0.0322162 0.0304776 0.0286983 0.0268954 0.0250856 0.0232846 0.0215075 0.019768 0.0180785 0.0164498 0.0148914 0.013411 0.0120145 0.0107066 0.00948998 0.00836616 0.00733513 0.00639566 0.00554543 0.00478116 0.0040988 0.00349372 0.00296079 0.00249462 0.00208964 0.00174028 0.00144104 0.0011866 0.000971931 0.000792302 0.000643384 0.000521257 0.000422445 0.00034393 0.000283158 0.000238045 0.000206972 0.000188789 
0.000226974 0.000234341 0.000256721 0.00029495 0.000350422 0.000425093 0.000521484 0.000642674 0.000792302 0.00097455 0.00119412 0.00145621 0.00176645 0.00213085 0.00255573 0.0030476 0.00361304 0.00425857 0.00499053 0.00581483 0.00673684 0.00776116 0.00889145 0.0101302 0.0114786 0.0129364 0.0145016 0.0161705 0.0179376 0.0197953 0.0217343 0.0237434 0.0258094 0.0279177 0.0300518 0.0321942 0.0343262 0.0364282 0.0384802 0.0404618 0.0423528 0.0441335 0.0457848 0.0472886 0.0486284 0.049789 0.0507574 0.0515225 0.0520754 0.0524097 0.0525216 0.0524097 0.0520754 0.0515225 0.0507574 0.049789 0.0486284 0.0472886 0.0457848 0.0441335 0.0423528 0.0404618 0.0384802 0.0364282 0.0343262 0.0321942 0.0300518 0.0279177 0.0258094 0.0237434 0.0217343 0.0197953 0.0179376 0.0161705 0.0145016 0.0129364 0.0114786 0.0101302 0.00889145 0.00776116 0.00673684 0.00581483 0.00499053 0.00425857 0.00361304 0.0030476 0.00255573 0.00213085 0.00176645 0.00145621 0.00119412 0.00097455 0.000792302 0.000642674 0.000521484 0.000425093 0.000350422 0.00029495 0.000256721 0.000234341 
0.00028069 0.000289724 0.000317163 0.000364014 0.000431959 0.000523356 0.000641237 0.000789307 0.000971931 0.00119412 0.0014615 0.00178027 0.00215713 0.00259923 0.00311403 0.00370921 0.00439252 0.00517158 0.00605374 0.00704585 0.00815407 0.00938359 0.0107385 0.0122214 0.0138334 0.0155738 0.01744 0.0194273 0.0215287 0.023735 0.0260351 0.0284154 0.0308602 0.033352 0.0358716 0.0383983 0.04091 0.043384 0.0457968 0.0481249 0.0503447 0.0524333 0.0543688 0.0561305 0.057699 0.0590572 0.06019 0.0610846 0.0617309 0.0621217 0.0622525 0.0621217 0.0617309 0.0610846 0.06019 0.0590572 0.057699 0.0561305 0.0543688 0.0524333 0.0503447 0.0481249 0.0457968 0.043384 0.04091 0.0383983 0.0358716 0.033352 0.0308602 0.0284154 0.0260351 0.023735 0.0215287 0.0194273 0.01744 0.0155738 0.0138334 0.0122214 0.0107385 0.00938359 0.00815407 0.00704585 0.00605374 0.00517158 0.00439252 0.00370921 0.00311403 0.00259923 0.00215713 0.00178027 0.0014615 0.00119412 0.000971931 0.000789307 0.000641237 0.000523356 0.000431959 0.000364014 0.000317163 0.000289724 
0.000345432 0.000356457 0.000389936 0.000447079 0.000529904 0.000641239 0.000784716 0.000964766 0.0011866 0.00145621 0.00178027 0.00216615 0.00262179 0.00315562 0.00377644 0.00449326 0.00531512 0.00625091 0.00730912 0.00849762 0.00982341 0.0112923 0.0129088 0.0146757 0.0165938 0.0186619 0.0208764 0.0232315 0.0257187 0.0283268 0.0310421 0.0338487 0.0367279 0.039659 0.0426194 0.0455849 0.0485298 0.0514274 0.0542507 0.0569724 0.0595654 0.0620032 0.0642608 0.0663142 0.0681415 0.069723 0.0710414 0.0720823 0.0728342 0.0732887 0.0734407 0.0732887 0.0728342 0.0720823 0.0710414 0.069723 0.0681415 0.0663142 0.0642608 0.0620032 0.0595654 0.0569724 0.0542507 0.0514274 0.0485298 0.0455849 0.0426194 0.039659 0.0367279 0.0338487 0.0310421 0.0283268 0.0257187 0.0232315 0.0208764 0.0186619 0.0165938 0.0146757 0.0129088 0.0112923 0.00982341 0.00849762 0.00730912 0.00625091 0.00531512 0.00449326 0.00377644 0.00315562 0.00262179 0.00216615 0.00178027 0.00145621 0.0011866 0.000964766 0.000784716 0.000641239 0.000529904 0.000447079 0.000389936 0.000356457 
0.000422831 0.000436215 0.000476846 0.000546172 0.000646601 0.000781504 0.000955209 0.00117299 0.00144104 0.00176645 0.00215713 0.00262179 0.00316977 0.00381097 0.00455571 0.00541448 0.00639778 0.0075159 0.0087786 0.0101948 0.0117725 0.0135182 0.0154365 0.0175305 0.0198006 0.022245 0.0248589 0.027635 0.0305629 0.0336292 0.0368175 0.0401087 0.043481 0.04691 0.0503693 0.0538307 0.0572642 0.0606393 0.0639246 0.0670886 0.0701005 0.07293 0.0755483 0.0779283 0.080045 0.081876 0.0834018 0.084606 0.0854756 0.0860012 0.086177 0.0860012 0.0854756 0.084606 0.0834018 0.081876 0.080045 0.0779283 0.0755483 0.07293 0.0701005 0.0670886 0.0639246 0.0606393 0.0572642 0.0538307 0.0503693 0.04691 0.043481 0.0401087 0.0368175 0.0336292 0.0305629 0.027635 0.0248589 0.022245 0.0198006 0.0175305 0.0154365 0.0135182 0.0117725 0.0101948 0.0087786 0.0075159 0.00639778 0.00541448 0.00455571 0.00381097 0.00316977 0.00262179 0.00215713 0.00176645 0.00144104 0.00117299 0.000955209 0.000781504 0.000646601 0.000546172 0.000476846 0.000436215 
0.000514665 0.00053082 0.000579857 0.000663492 0.000784584 0.00094713 0.00115626 0.0014182 0.00174028 0.00213085 0.00259923 0.00315562 0.00381097 0.00457685 0.00546524 0.00648831 0.0076582 0.00898669 0.0104849 0.0121631 0.01403 0.0160927 0.0183565 0.0208241 0.0234956 0.0263681 0.0294359 0.0326895 0.0361163 0.0397005 0.0434224 0.0472596 0.0511863 0.0551743 0.0591927 0.0632089 0.0671884 0.0710961 0.0748961 0.0785524 0.0820297 0.0852939 0.0883121 0.0910538 0.0934907 0.0955977 0.0973527 0.0987373 0.0997369 0.100341 0.100543 0.100341 0.0997369 0.0987373 0.0973527 0.0955977 0.0934907 0.0910538 0.0883121 0.0852939 0.0820297 0.0785524 0.0748961 0.0710961 0.0671884 0.0632089 0.0591927 0.0551743 0.0511863 0.0472596 0.0434224 0.0397005 0.0361163 0.0326895 0.0294359 0.0263681 0.0234956 0.0208241 0.0183565 0.0160927 0.01403 0.0121631 0.0104849 0.00898669 0.0076582 0.00648831 0.00546524 0.00457685 0.00381097 0.00315562 0.00259923 0.00213085 0.00174028 0.0014182 0.00115626 0.00094713 0.000784584 0.000663492 0.000579857 0.00053082 
0.000622839 0.000642227 0.000701067 0.000801384 0.000946551 0.00114128 0.00139161 0.00170486 0.00208964 0.00255573 0.00311403 0.00377644 0.00455571 0.00546524 0.00651889 0.00773068 0.00911452 0.0106838 0.0124513 0.0144282 0.0166245 0.0190478 0.0217035 0.0245944 0.0277197 0.0310756 0.0346545 0.0384451 0.0424321 0.0465965 0.0509152 0.0553618 0.0599065 0.0645162 0.0691556 0.0737869 0.0783708 0.0828671 0.0872349 0.0914336 0.0954232 0.099165 0.102622 0.105761 0.108548 0.110957 0.112963 0.114545 0.115686 0.116376 0.116607 0.116376 0.115686 0.114545 0.112963 0.110957 0.108548 0.105761 0.102622 0.099165 0.0954232 0.0914336 0.0872349 0.0828671 0.0783708 0.0737869 0.0691556 0.0645162 0.0599065 0.0553618 0.0509152 0.0465965 0.0424321 0.0384451 0.0346545 0.0310756 0.0277197 0.0245944 0.0217035 0.0190478 0.0166245 0.0144282 0.0124513 0.0106838 0.00911452 0.00773068 0.00651889 0.00546524 0.00455571 0.00377644 0.00311403 0.00255573 0.00208964 0.00170486 0.00139161 0.00114128 0.000946551 0.000801384 0.000701067 0.000642227 
0.000749362 0.000772495 0.000842687 0.000962315 0.00113533 0.00136726 0.00166516 0.0020376 0.00249462 0.0030476 0.00370921 0.00449326 0.00541448 0.00648831 0.00773068 0.00915762 0.010785 0.0126279 0.0147007 0.0170159 0.0195844 0.0224144 0.0255116 0.0288781 0.0325125 0.0364096 0.0405598 0.0449493 0.0495599 0.0543689 0.0593495 0.0644708 0.069698 0.0749934 0.0803162 0.0856234 0.0908702 0.096011 0.101 0.10579 0.110338 0.1146 0.118535 0.122104 0.125272 0.128008 0.130285 0.13208 0.133376 0.134158 0.13442 0.134158 0.133376 0.13208 0.130285 0.128008 0.125272 0.122104 0.118535 0.1146 0.110338 0.10579 0.101 0.096011 0.0908702 0.0856234 0.0803162 0.0749934 0.069698 0.0644708 0.0593495 0.0543689 0.0495599 0.0449493 0.0405598 0.0364096 0.0325125 0.0288781 0.0255116 0.0224144 0.0195844 0.0170159 0.0147007 0.0126279 0.010785 0.00915762 0.00773068 0.00648831 0.00541448 0.00449326 0.00370921 0.0030476 0.00249462 0.0020376 0.00166516 0.00136726 0.00113533 0.000962315 0.000842687 0.000772495 
0.000896324 0.000923765 0.00100701 0.00114883 0.00135384 0.00162846 0.00198091 0.00242115 0.00296079 0.00361304 0.00439252 0.00531512 0.00639778 0.0076582 0.00911452 0.010785 0.0126874 0.014839 0.0172555 0.0199509 0.0229369 0.0262223 0.0298127 0.0337097 0.0379108 0.0424091 0.0471927 0.052245 0.0575441 0.0630636 0.0687721 0.0746338 0.0806089 0.0866539 0.0927224 0.0987657 0.104733 0.110573 0.116235 0.121665 0.126816 0.131639 0.136087 0.140119 0.143696 0.146784 0.149352 0.151376 0.152836 0.153718 0.154012 0.153718 0.152836 0.151376 0.149352 0.146784 0.143696 0.140119 0.136087 0.131639 0.126816 0.121665 0.116235 0.110573 0.104733 0.0987657 0.0927224 0.0866539 0.0806089 0.0746338 0.0687721 0.0630636 0.0575441 0.052245 0.0471927 0.0424091 0.0379108 0.0337097 0.0298127 0.0262223 0.0229369 0.0199509 0.0172555 0.014839 0.0126874 0.010785 0.00911452 0.0076582 0.00639778 0.00531512 0.00439252 0.00361304 0.00296079 0.00242115 0.00198091 0.00162846 0.00135384 0.00114883 0.00100701 0.000923765 
0.00106586 0.00109822 0.00119637 0.00136353 0.00160503 0.00192831 0.00234287 0.00286021 0.00349372 0.00425857 0.00517158 0.00625091 0.0075159 0.00898669 0.0106838 0.0126279 0.014839 0.0173361 0.0201368 0.0232563 0.0267072 0.0304987 0.0346361 0.0391204 0.0439475 0.0491086 0.054589 0.0603688 0.0664223 0.0727184 0.079221 0.0858887 0.0926761 0.0995338 0.106409 0.113247 0.119991 0.126583 0.132967 0.139084 0.144879 0.1503 0.155297 0.159822 0.163834 0.167295 0.170173 0.172439 0.174074 0.175061 0.175391 0.175061 0.174074 0.172439 0.170173 0.167295 0.163834 0.159822 0.155297 0.1503 0.144879 0.139084 0.132967 0.126583 0.119991 0.113247 0.106409 0.0995338 0.0926761 0.0858887 0.079221 0.0727184 0.0664223 0.0603688 0.054589 0.0491086 0.0439475 0.0391204 0.0346361 0.0304987 0.0267072 0.0232563 0.0201368 0.0173361 0.014839 0.0126279 0.0106838 0.00898669 0.0075159 0.00625091 0.00517158 0.00425857 0.00349372 0.00286021 0.00234287 0.00192831 0.00160503 0.00136353 0.00119637 0.00109822 
0.0012601 0.00129804 0.0014131 0.00160897 0.00189182 0.00227018 0.00275498 0.0033594 0.0040988 0.00499053 0.00605374 0.00730912 0.0087786 0.0104849 0.0124513 0.0147007 0.0172555 0.0201368 0.0233638 0.0269531 0.0309179 0.0352676 0.0400073 0.0451367 0.0506502 0.0565363 0.0627774 0.0693497 0.0762231 0.0833616 0.0907234 0.0982615 0.105924 0.113655 0.121396 0.129085 0.136658 0.144052 0.151203 0.158049 0.164528 0.170583 0.176158 0.181204 0.185674 0.189528 0.19273 0.195252 0.197069 0.198167 0.198534 0.198167 0.197069 0.195252 0.19273 0.189528 0.185674 0.181204 0.176158 0.170583 0.164528 0.158049 0.151203 0.144052 0.136658 0.129085 0.121396 0.113655 0.105924 0.0982615 0.0907234 0.0833616 0.0762231 0.0693497 0.0627774 0.0565363 0.0506502 0.0451367 0.0400073 0.0352676 0.0309179 0.0269531 0.0233638 0.0201368 0.0172555 0.0147007 0.0124513 0.0104849 0.0087786 0.00730912 0.00605374 0.00499053 0.0040988 0.0033594 0.00275498 0.00227018 0.00189182 0.00160897 0.0014131 0.00129804 
0.00148113 0.00152536 0.00165946 0.00188767 0.00221702 0.00265731 0.00322099 0.00392312 0.00478116 0.00581483 0.00704585 0.00849762 0.0101948 0.0121631 0.0144282 0.0170159 0.0199509 0.0232563 0.0269531 0.0310588 0.0355876 0.0405488 0.0459466 0.0517796 0.05804 0.0647134 0.0717786 0.0792075 0.0869652 0.09501 0.103294 0.111764 0.120362 0.129024 0.137685 0.146277 0.154728 0.162969 0.17093 0.178542 0.185739 0.192457 0.198639 0.204228 0.209176 0.21344 0.21698 0.219767 0.221775 0.222987 0.223392 0.222987 0.221775 0.219767 0.21698 0.21344 0.209176 0.204228 0.198639 0.192457 0.185739 0.178542 0.17093 0.162969 0.154728 0.146277 0.137685 0.129024 0.120362 0.111764 0.103294 0.09501 0.0869652 0.0792075 0.0717786 0.0647134 0.05804 0.0517796 0.0459466 0.0405488 0.0355876 0.0310588 0.0269531 0.0232563 0.0199509 0.0170159 0.0144282 0.0121631 0.0101948 0.00849762 0.00704585 0.00581483 0.00478116 0.00392312 0.00322099 0.00265731 0.00221702 0.00188767 0.00165946 0.00152536 
0.00173094 0.00178221 0.00193761 0.00220197 0.0025833 0.00309273 0.0037444 0.00455537 0.00554543 0.00673684 0.00815407 0.00982341 0.0117725 0.01403 0.0166245 0.0195844 0.0229369 0.0267072 0.0309179 0.0355876 0.0407309 0.0463568 0.0524688 0.0590635 0.0661306 0.0736525 0.0816038 0.0899516 0.0986555 0.107668 0.116934 0.126395 0.135983 0.14563 0.155261 0.164802 0.174175 0.183303 0.192109 0.20052 0.208463 0.215871 0.22268 0.228832 0.234274 0.238959 0.242848 0.245907 0.248111 0.249441 0.249886 0.249441 0.248111 0.245907 0.242848 0.238959 0.234274 0.228832 0.22268 0.215871 0.208463 0.20052 0.192109 0.183303 0.174175 0.164802 0.155261 0.14563 0.135983 0.126395 0.116934 0.107668 0.0986555 0.0899516 0.0816038 0.0736525 0.0661306 0.0590635 0.0524688 0.0463568 0.0407309 0.0355876 0.0309179 0.0267072 0.0229369 0.0195844 0.0166245 0.01403 0.0117725 0.00982341 0.00815407 0.00673684 0.00554543 0.00455537 0.0037444 0.00309273 0.0025833 0.00220197 0.00193761 0.00178221 
0.00201136 0.00207044 0.00224951 0.00255403 0.00299305 0.00357914 0.00432828 0.00525971 0.00639566 0.00776116 0.00938359 0.0112923 0.0135182 0.0160927 0.0190478 0.0224144 0.0262223 0.0304987 0.0352676 0.0405488 0.0463568 0.0527005 0.0595816 0.0669949 0.0749271 0.0833565 0.0922534 0.101579 0.111288 0.121325 0.131629 0.142133 0.152763 0.163441 0.174088 0.184618 0.19495 0.204998 0.214679 0.223915 0.232627 0.240743 0.248196 0.254924 0.26087 0.265986 0.27023 0.273567 0.27597 0.27742 0.277904 0.27742 0.27597 0.273567 0.27023 0.265986 0.26087 0.254924 0.248196 0.240743 0.232627 0.223915 0.214679 0.204998 0.19495 0.184618 0.174088 0.163441 0.152763 0.142133 0.131629 0.121325 0.111288 0.101579 0.0922534 0.0833565 0.0749271 0.0669949 0.0595816 0.0527005 0.0463568 0.0405488 0.0352676 0.0304987 0.0262223 0.0224144 0.0190478 0.0160927 0.0135182 0.0112923 0.00938359 0.00776116 0.00639566 0.00525971 0.00432828 0.00357914 0.00299305 0.00255403 0.00224951 0.00207044 
0.00232399 0.0023917 0.00259689 0.00294569 0.0034483 0.00411883 0.00497523 0.00603903 0.00733513 0.00889145 0.0107385 0.0129088 0.0154365 0.0183565 0.0217035 0.0255116 0.0298127 0.0346361 0.0400073 0.0459466 0.0524688 0.0595816 0.0672854 0.0755721 0.0844249 0.093818 0.103716 0.114076 0.124843 0.135957 0.147348 0.158943 0.170658 0.182409 0.194107 0.205661 0.21698 0.227974 0.238553 0.248632 0.258129 0.266966 0.275073 0.282383 0.28884 0.294391 0.298993 0.30261 0.305213 0.306784 0.307308 0.306784 0.305213 0.30261 0.298993 0.294391 0.28884 0.282383 0.275073 0.266966 0.258129 0.248632 0.238553 0.227974 0.21698 0.205661 0.194107 0.182409 0.170658 0.158943 0.147348 0.135957 0.124843 0.114076 0.103716 0.093818 0.0844249 0.0755721 0.0672854 0.0595816 0.0524688 0.0459466 0.0400073 0.0346361 0.0298127 0.0255116 0.0217035 0.0183565 0.0154365 0.0129088 0.0107385 0.00889145 0.00733513 0.00603903 0.00497523 0.00411883 0.0034483 0.00294569 0.00259689 0.0023917 
0.00267014 0.00274731 0.00298112 0.00337844 0.00395066 0.00471357 0.00568717 0.00689547 0.00836616 0.0101302 0.0122214 0.0146757 0.0175305 0.0208241 0.0245944 0.0288781 0.0337097 0.0391204 0.0451367 0.0517796 0.0590635 0.0669949 0.0755721 0.0847838 0.0946095 0.105018 0.115969 0.127412 0.139286 0.151523 0.164045 0.17677 0.189607 0.202463 0.215242 0.227845 0.240173 0.25213 0.263621 0.274554 0.284842 0.294406 0.303169 0.311065 0.318032 0.324017 0.328976 0.332872 0.335675 0.337365 0.337929 0.337365 0.335675 0.332872 0.328976 0.324017 0.318032 0.311065 0.303169 0.294406 0.284842 0.274554 0.263621 0.25213 0.240173 0.227845 0.215242 0.202463 0.189607 0.17677 0.164045 0.151523 0.139286 0.127412 0.115969 0.105018 0.0946095 0.0847838 0.0755721 0.0669949 0.0590635 0.0517796 0.0451367 0.0391204 0.0337097 0.0288781 0.0245944 0.0208241 0.0175305 0.0146757 0.0122214 0.0101302 0.00836616 0.00689547 0.00568717 0.00471357 0.00395066 0.00337844 0.00298112 0.00274731 
0.00305077 0.00313824 0.0034032 0.00385331 0.00450122 0.00536448 0.00646529 0.00783025 0.00948998 0.0114786 0.0138334 0.0165938 0.0198006 0.0234956 0.0277197 0.0325125 0.0379108 0.0439475 0.0506502 0.05804 0.0661306 0.0749271 0.0844249 0.0946095 0.105455 0.116927 0.128976 0.141546 0.154568 0.167966 0.181655 0.195542 0.20953 0.223516 0.237395 0.251063 0.264412 0.277341 0.289748 0.301537 0.312618 0.322905 0.332322 0.340797 0.348269 0.354683 0.359994 0.364163 0.367162 0.36897 0.369574 0.36897 0.367162 0.364163 0.359994 0.354683 0.348269 0.340797 0.332322 0.322905 0.312618 0.301537 0.289748 0.277341 0.264412 0.251063 0.237395 0.223516 0.20953 0.195542 0.181655 0.167966 0.154568 0.141546 0.128976 0.116927 0.105455 0.0946095 0.0844249 0.0749271 0.0661306 0.05804 0.0506502 0.0439475 0.0379108 0.0325125 0.0277197 0.0234956 0.0198006 0.0165938 0.0138334 0.0114786 0.00948998 0.00783025 0.00646529 0.00536448 0.00450122 0.00385331 0.0034032 0.00313824 
0.00346641 0.00356501 0.00386366 0.0043708 0.00510046 0.006072 0.00730993 0.00884356 0.0107066 0.0129364 0.0155738 0.0186619 0.022245 0.0263681 0.0310756 0.0364096 0.0424091 0.0491086 0.0565363 0.0647134 0.0736525 0.0833565 0.093818 0.105018 0.116927 0.129501 0.142688 0.156422 0.170626 0.185217 0.200099 0.215171 0.230328 0.245458 0.260449 0.275188 0.289562 0.303462 0.316782 0.329421 0.341284 0.352285 0.362344 0.371387 0.379353 0.386185 0.391838 0.396274 0.399463 0.401385 0.402027 0.401385 0.399463 0.396274 0.391838 0.386185 0.379353 0.371387 0.362344 0.352285 0.341284 0.329421 0.316782 0.303462 0.289562 0.275188 0.260449 0.245458 0.230328 0.215171 0.200099 0.185217 0.170626 0.156422 0.142688 0.129501 0.116927 0.105018 0.093818 0.0833565 0.0736525 0.0647134 0.0565363 0.0491086 0.0424091 0.0364096 0.0310756 0.0263681 0.022245 0.0186619 0.0155738 0.0129364 0.0107066 0.00884356 0.00730993 0.006072 0.00510046 0.0043708 0.00386366 0.00356501 
0.00391711 0.00402767 0.00436247 0.00493082 0.00574813 0.0068357 0.00822042 0.00993442 0.0120145 0.0145016 0.01744 0.0208764 0.0248589 0.0294359 0.0346545 0.0405598 0.0471927 0.054589 0.0627774 0.0717786 0.0816038 0.0922534 0.103716 0.115969 0.128976 0.142688 0.157044 0.17197 0.187383 0.203187 0.21928 0.235552 0.251887 0.268167 0.284271 0.300077 0.315469 0.330329 0.344549 0.358022 0.370652 0.382349 0.393031 0.402625 0.411067 0.418302 0.424284 0.428975 0.432346 0.434377 0.435055 0.434377 0.432346 0.428975 0.424284 0.418302 0.411067 0.402625 0.393031 0.382349 0.370652 0.358022 0.344549 0.330329 0.315469 0.300077 0.284271 0.268167 0.251887 0.235552 0.21928 0.203187 0.187383 0.17197 0.157044 0.142688 0.128976 0.115969 0.103716 0.0922534 0.0816038 0.0717786 0.0627774 0.054589 0.0471927 0.0405598 0.0346545 0.0294359 0.0248589 0.0208764 0.01744 0.0145016 0.0120145 0.00993442 0.00822042 0.0068357 0.00574813 0.00493082 0.00436247 0.00402767 
0.00440237 0.00452568 0.00489902 0.0055326 0.00644327 0.00765431 0.00919508 0.0111006 0.013411 0.0161705 0.0194273 0.0232315 0.027635 0.0326895 0.0384451 0.0449493 0.052245 0.0603688 0.0693497 0.0792075 0.0899516 0.101579 0.114076 0.127412 0.141546 0.156422 0.17197 0.18811 0.204747 0.221778 0.23909 0.256565 0.274079 0.291503 0.308709 0.325571 0.341963 0.357765 0.372862 0.387146 0.400518 0.412885 0.424165 0.434285 0.443181 0.450799 0.457092 0.462024 0.465568 0.467701 0.468414 0.467701 0.465568 0.462024 0.457092 0.450799 0.443181 0.434285 0.424165 0.412885 0.400518 0.387146 0.372862 0.357765 0.341963 0.325571 0.308709 0.291503 0.274079 0.256565 0.23909 0.221778 0.204747 0.18811 0.17197 0.156422 0.141546 0.127412 0.114076 0.101579 0.0899516 0.0792075 0.0693497 0.0603688 0.052245 0.0449493 0.0384451 0.0326895 0.027635 0.0232315 0.0194273 0.0161705 0.013411 0.0111006 0.00919508 0.00765431 0.00644327 0.0055326 0.00489902 0.00452568 
0.00492111 0.00505792 0.00547206 0.00617466 0.00718405 0.00852556 0.0102311 0.0123386 0.0148914 0.0179376 0.0215287 0.0257187 0.0305629 0.0361163 0.0424321 0.0495599 0.0575441 0.0664223 0.0762231 0.0869652 0.0986555 0.111288 0.124843 0.139286 0.154568 0.170626 0.187383 0.204747 0.222616 0.240876 0.259407 0.278079 0.296759 0.315313 0.333604 0.351498 0.368864 0.385579 0.401523 0.416586 0.430666 0.44367 0.455518 0.466134 0.475457 0.483433 0.490017 0.495174 0.498876 0.501106 0.50185 0.501106 0.498876 0.495174 0.490017 0.483433 0.475457 0.466134 0.455518 0.44367 0.430666 0.416586 0.401523 0.385579 0.368864 0.351498 0.333604 0.315313 0.296759 0.278079 0.259407 0.240876 0.222616 0.204747 0.187383 0.170626 0.154568 0.139286 0.124843 0.111288 0.0986555 0.0869652 0.0762231 0.0664223 0.0575441 0.0495599 0.0424321 0.0361163 0.0305629 0.0257187 0.0215287 0.0179376 0.0148914 0.0123386 0.0102311 0.00852556 0.00718405 0.00617466 0.00547206 0.00505792 
0.00547161 0.00562261 0.00607964 0.00685475 0.0079678 0.00944619 0.0113244 0.0136434 0.0164498 0.0197953 0.023735 0.0283268 0.0336292 0.0397005 0.0465965 0.0543689 0.0630636 0.0727184 0.0833616 0.09501 0.107668 0.121325 0.135957 0.151523 0.167966 0.185217 0.203187 0.221778 0.240876 0.26036 0.280097 0.29995 0.319778 0.339436 0.358782 0.377676 0.395983 0.413573 0.430325 0.446127 0.460876 0.47448 0.486857 0.497935 0.507653 0.515958 0.522809 0.528172 0.53202 0.534336 0.535109 0.534336 0.53202 0.528172 0.522809 0.515958 0.507653 0.497935 0.486857 0.47448 0.460876 0.446127 0.430325 0.413573 0.395983 0.377676 0.358782 0.339436 0.319778 0.29995 0.280097 0.26036 0.240876 0.221778 0.203187 0.185217 0.167966 0.151523 0.135957 0.121325 0.107668 0.09501 0.0833616 0.0727184 0.0630636 0.0543689 0.0465965 0.0397005 0.0336292 0.0283268 0.023735 0.0197953 0.0164498 0.0136434 0.0113244 0.00944619 0.0079678 0.00685475 0.00607964 0.00562261 
0.00605148 0.00621729 0.00671908 0.00756982 0.00879094 0.0104119 0.0124699 0.0150087 0.0180785 0.0217343 0.0260351 0.0310421 0.0368175 0.0434224 0.0509152 0.0593495 0.0687721 0.079221 0.0907234 0.103294 0.116934 0.131629 0.147348 0.164045 0.181655 0.200099 0.21928 0.23909 0.259407 0.280097 0.30102 0.322029 0.342973 0.363702 0.384067 0.40392 0.423124 0.441544 0.459059 0.475554 0.490927 0.505086 0.51795 0.529451 0.539528 0.548132 0.555223 0.56077 0.564749 0.567143 0.567942 0.567143 0.564749 0.56077 0.555223 0.548132 0.539528 0.529451 0.51795 0.505086 0.490927 0.475554 0.459059 0.441544 0.423124 0.40392 0.384067 0.363702 0.342973 0.322029 0.30102 0.280097 0.259407 0.23909 0.21928 0.200099 0.181655 0.164045 0.147348 0.131629 0.116934 0.103294 0.0907234 0.079221 0.0687721 0.0593495 0.0509152 0.0434224 0.0368175 0.0310421 0.0260351 0.0217343 0.0180785 0.0150087 0.0124699 0.0104119 0.00879094 0.00756982 0.00671908 0.00621729 
0.00665769 0.00683885 0.00738699 0.00831605 0.00964899 0.0114174 0.013661 0.0164268 0.019768 0.0237434 0.0284154 0.0338487 0.0401087 0.0472596 0.0553618 0.0644708 0.0746338 0.0858887 0.0982615 0.111764 0.126395 0.142133 0.158943 0.17677 0.195542 0.215171 0.235552 0.256565 0.278079 0.29995 0.322029 0.344159 0.366182 0.387939 0.409276 0.430042 0.450092 0.469292 0.487517 0.504653 0.520599 0.535264 0.548571 0.560451 0.570849 0.579718 0.587022 0.592731 0.596823 0.599285 0.600106 0.599285 0.596823 0.592731 0.587022 0.579718 0.570849 0.560451 0.548571 0.535264 0.520599 0.504653 0.487517 0.469292 0.450092 0.430042 0.409276 0.387939 0.366182 0.344159 0.322029 0.29995 0.278079 0.256565 0.235552 0.215171 0.195542 0.17677 0.158943 0.142133 0.126395 0.111764 0.0982615 0.0858887 0.0746338 0.0644708 0.0553618 0.0472596 0.0401087 0.0338487 0.0284154 0.0237434 0.019768 0.0164268 0.013661 0.0114174 0.00964899 0.00831605 0.00738699 0.00683885 
0.00728652 0.00748345 0.00807925 0.00908879 0.0105366 0.0124564 0.0148903 0.0178885 0.0215075 0.0258094 0.0308602 0.0367279 0.043481 0.0511863 0.0599065 0.069698 0.0806089 0.0926761 0.105924 0.120362 0.135983 0.152763 0.170658 0.189607 0.20953 0.230328 0.251887 0.274079 0.296759 0.319778 0.342973 0.366182 0.389237 0.411974 0.434231 0.455853 0.476694 0.496616 0.515495 0.533217 0.549681 0.564801 0.5785 0.590716 0.601394 0.610494 0.61798 0.623828 0.628017 0.630536 0.631376 0.630536 0.628017 0.623828 0.61798 0.610494 0.601394 0.590716 0.5785 0.564801 0.549681 0.533217 0.515495 0.496616 0.476694 0.455853 0.434231 0.411974 0.389237 0.366182 0.342973 0.319778 0.296759 0.274079 0.251887 0.230328 0.20953 0.189607 0.170658 0.152763 0.135983 0.120362 0.105924 0.0926761 0.0806089 0.069698 0.0599065 0.0511863 0.043481 0.0367279 0.0308602 0.0258094 0.0215075 0.0178885 0.0148903 0.0124564 0.0105366 0.00908879 0.00807925 0.00748345 
0.0079336 0.00814663 0.00879104 0.00988264 0.0114475 0.0135214 0.0161491 0.0193836 0.0232846 0.0279177 0.033352 0.039659 0.04691 0.0551743 0.0645162 0.0749934 0.0866539 0.0995338 0.113655 0.129024 0.14563 0.163441 0.182409 0.202463 0.223516 0.245458 0.268167 0.291503 0.315313 0.339436 0.363702 0.387939 0.411974 0.435634 0.458753 0.481172 0.502743 0.523327 0.542799 0.561047 0.577974 0.593494 0.607536 0.62004 0.630958 0.640251 0.64789 0.653852 0.658122 0.660688 0.661543 0.660688 0.658122 0.653852 0.64789 0.640251 0.630958 0.62004 0.607536 0.593494 0.577974 0.561047 0.542799 0.523327 0.502743 0.481172 0.458753 0.435634 0.411974 0.387939 0.363702 0.339436 0.315313 0.291503 0.268167 0.245458 0.223516 0.202463 0.182409 0.163441 0.14563 0.129024 0.113655 0.0995338 0.0866539 0.0749934 0.0645162 0.0551743 0.04691 0.039659 0.033352 0.0279177 0.0232846 0.0193836 0.0161491 0.0135214 0.0114475 0.00988264 0.00879104 0.00814663 
0.00859395 0.00882328 0.00951688 0.0106915 0.0123747 0.0146043 0.0174276 0.0209004 0.0250856 0.0300518 0.0358716 0.0426194 0.0503693 0.0591927 0.0691556 0.0803162 0.0927224 0.106409 0.121396 0.137685 0.155261 0.174088 0.194107 0.215242 0.237395 0.260449 0.284271 0.308709 0.333604 0.358782 0.384067 0.409276 0.434231 0.458753 0.482671 0.505824 0.52806 0.549242 0.569245 0.58796 0.60529 0.621156 0.63549 0.648236 0.659352 0.668804 0.676566 0.682619 0.686951 0.689554 0.690422 0.689554 0.686951 0.682619 0.676566 0.668804 0.659352 0.648236 0.63549 0.621156 0.60529 0.58796 0.569245 0.549242 0.52806 0.505824 0.482671 0.458753 0.434231 0.409276 0.384067 0.358782 0.333604 0.308709 0.284271 0.260449 0.237395 0.215242 0.194107 0.174088 0.155261 0.137685 0.121396 0.106409 0.0927224 0.0803162 0.0691556 0.0591927 0.0503693 0.0426194 0.0358716 0.0300518 0.0250856 0.0209004 0.0174276 0.0146043 0.0123747 0.0106915 0.00951688 0.00882328 
0.00926203 0.00950771 0.0102507 0.0115086 0.0133104 0.0156961 0.0187152 0.0224263 0.0268954 0.0321942 0.0383983 0.0455849 0.0538307 0.0632089 0.0737869 0.0856234 0.0987657 0.113247 0.129085 0.146277 0.164802 0.184618 0.205661 0.227845 0.251063 0.275188 0.300077 0.325571 0.351498 0.377676 0.40392 0.430042 0.455853 0.481172 0.505824 0.529644 0.552481 0.574196 0.594666 0.613786 0.631463 0.64762 0.662195 0.675138 0.686412 0.695987 0.703843 0.709965 0.714343 0.716972 0.717849 0.716972 0.714343 0.709965 0.703843 0.695987 0.686412 0.675138 0.662195 0.64762 0.631463 0.613786 0.594666 0.574196 0.552481 0.529644 0.505824 0.481172 0.455853 0.430042 0.40392 0.377676 0.351498 0.325571 0.300077 0.275188 0.251063 0.227845 0.205661 0.184618 0.164802 0.146277 0.129085 0.113247 0.0987657 0.0856234 0.0737869 0.0632089 0.0538307 0.0455849 0.0383983 0.0321942 0.0268954 0.0224263 0.0187152 0.0156961 0.0133104 0.0115086 0.0102507 0.00950771 
0.00993181 0.0101938 0.0109858 0.0123265 0.0142464 0.016787 0.0200005 0.023948 0.0286983 0.0343262 0.04091 0.0485298 0.0572642 0.0671884 0.0783708 0.0908702 0.104733 0.119991 0.136658 0.154728 0.174175 0.19495 0.21698 0.240173 0.264412 0.289562 0.315469 0.341963 0.368864 0.395983 0.423124 0.450092 0.476694 0.502743 0.52806 0.552481 0.575851 0.598034 0.61891 0.638375 0.656342 0.672737 0.687506 0.700603 0.711996 0.721661 0.729583 0.735752 0.740161 0.742807 0.74369 0.742807 0.740161 0.735752 0.729583 0.721661 0.711996 0.700603 0.687506 0.672737 0.656342 0.638375 0.61891 0.598034 0.575851 0.552481 0.52806 0.502743 0.476694 0.450092 0.423124 0.395983 0.368864 0.341963 0.315469 0.289562 0.264412 0.240173 0.21698 0.19495 0.174175 0.154728 0.136658 0.119991 0.104733 0.0908702 0.0783708 0.0671884 0.0572642 0.0485298 0.04091 0.0343262 0.0286983 0.023948 0.0200005 0.016787 0.0142464 0.0123265 0.0109858 0.0101938 
0.0105968 0.0108748 0.0117153 0.0131376 0.0151736 0.0178667 0.0212714 0.0254512 0.0304776 0.0364282 0.043384 0.0514274 0.0606393 0.0710961 0.0828671 0.096011 0.110573 0.126583 0.144052 0.162969 0.183303 0.204998 0.227974 0.25213 0.277341 0.303462 0.330329 0.357765 0.385579 0.413573 0.441544 0.469292 0.496616 0.523327 0.549242 0.574196 0.598034 0.620623 0.641844 0.661597 0.679799 0.696383 0.7113 0.724509 0.735986 0.745711 0.753674 0.759869 0.764295 0.76695 0.767835 0.76695 0.764295 0.759869 0.753674 0.745711 0.735986 0.724509 0.7113 0.696383 0.679799 0.661597 0.641844 0.620623 0.598034 0.574196 0.549242 0.523327 0.496616 0.469292 0.441544 0.413573 0.385579 0.357765 0.330329 0.303462 0.277341 0.25213 0.227974 0.204998 0.183303 0.162969 0.144052 0.126583 0.110573 0.096011 0.0828671 0.0710961 0.0606393 0.0514274 0.043384 0.0364282 0.0304776 0.0254512 0.0212714 0.0178667 0.0151736 0.0131376 0.0117153 0.0108748 
0.0112504 0.011544 0.0124317 0.0139336 0.0160828 0.0189247 0.0225155 0.0269213 0.0322162 0.0384802 0.0457968 0.0542507 0.0639246 0.0748961 0.0872349 0.101 0.116235 0.132967 0.151203 0.17093 0.192109 0.214679 0.238553 0.263621 0.289748 0.316782 0.344549 0.372862 0.401523 0.430325 0.459059 0.487517 0.515495 0.542799 0.569245 0.594666 0.61891 0.641844 0.663352 0.683339 0.701726 0.718454 0.733477 0.746762 0.758289 0.768046 0.776027 0.782232 0.786661 0.789318 0.790203 0.789318 0.786661 0.782232 0.776027 0.768046 0.758289 0.746762 0.733477 0.718454 0.701726 0.683339 0.663352 0.641844 0.61891 0.594666 0.569245 0.542799 0.515495 0.487517 0.459059 0.430325 0.401523 0.372862 0.344549 0.316782 0.289748 0.263621 0.238553 0.214679 0.192109 0.17093 0.151203 0.132967 0.116235 0.101 0.0872349 0.0748961 0.0639246 0.0542507 0.0457968 0.0384802 0.0322162 0.0269213 0.0225155 0.0189247 0.0160828 0.0139336 0.0124317 0.011544 
0.0118854 0.0121942 0.0131275 0.0147062 0.0169647 0.0199499 0.02372 0.0283435 0.0338966 0.0404618 0.0481249 0.0569724 0.0670886 0.0785524 0.0914336 0.10579 0.121665 0.139084 0.158049 0.178542 0.20052 0.223915 0.248632 0.274554 0.301537 0.329421 0.358022 0.387146 0.416586 0.446127 0.475554 0.504653 0.533217 0.561047 0.58796 0.613786 0.638375 0.661597 0.683339 0.70351 0.722038 0.738867 0.753958 0.767286 0.778835 0.7886 0.79658 0.802779 0.807202 0.809853 0.810736 0.809853 0.807202 0.802779 0.79658 0.7886 0.778835 0.767286 0.753958 0.738867 0.722038 0.70351 0.683339 0.661597 0.638375 0.613786 0.58796 0.561047 0.533217 0.504653 0.475554 0.446127 0.416586 0.387146 0.358022 0.329421 0.301537 0.274554 0.248632 0.223915 0.20052 0.178542 0.158049 0.139084 0.121665 0.10579 0.0914336 0.0785524 0.0670886 0.0569724 0.0481249 0.0404618 0.0338966 0.0283435 0.02372 0.0199499 0.0169647 0.0147062 0.0131275 0.0121942 
