1.71547e-34 7.59936e-34 6.26496e-33 4.98686e-32 3.78822e-31 2.74637e-30 1.90044e-29 1.25534e-28 7.91595e-28 4.76533e-27 2.73864e-26 1.50255e-25 7.87005e-25 3.9354e-24 1.87881e-23 8.56437e-23 3.72808e-22 1.55001e-21 6.15675e-21 2.33708e-20 8.48125e-20 2.94361e-19 9.77486e-19 3.10681e-18 9.45441e-18 2.75531e-17 7.69097e-17 2.05627e-16 5.26556e-16 1.29129e-15 3.03221e-15 6.81698e-15 1.46712e-14 3.02222e-14 5.95797e-14 1.12374e-13 2.02693e-13 3.49395e-13 5.75005e-13 9.02319e-13 1.34828e-12 1.91596e-12 2.58745e-12 3.32162e-12 4.0602e-12 4.7412e-12 5.31462e-12 5.753e-12 6.05205e-12 6.22238e-12 6.27726e-12 6.22238e-12 6.05205e-12 5.753e-12 5.31462e-12 4.7412e-12 4.0602e-12 3.32162e-12 2.58745e-12 1.91596e-12 1.34828e-12 9.02319e-13 5.75005e-13 3.49395e-13 2.02693e-13 1.12374e-13 5.95797e-14 3.02222e-14 1.46712e-14 6.81698e-15 3.03221e-15 1.29129e-15 5.26556e-16 2.05627e-16 7.69097e-17 2.75531e-17 9.45441e-18 3.10681e-18 9.77486e-19 2.94361e-19 8.48125e-20 2.33708e-20 6.15675e-21 1.55001e-21 3.72808e-22 8.56437e-23 1.87881e-23 3.9354e-24 7.87005e-25 1.50255e-25 2.73864e-26 4.76533e-27 7.91595e-28 1.25534e-28 1.90044e-29 2.74637e-30 3.78822e-31 4.98686e-32 6.26496e-33 7.59936e-34 
7.59936e-34 3.29944e-33 2.6653e-32 2.08145e-31 1.55237e-30 1.10566e-29 7.52104e-29 4.88639e-28 3.03219e-27 1.79712e-26 1.01726e-25 5.49934e-25 2.83918e-24 1.39982e-23 6.59095e-23 2.96377e-22 1.27292e-21 5.22263e-21 2.04742e-20 7.67152e-20 2.74833e-19 9.41761e-19 3.08802e-18 9.69316e-18 2.91373e-17 8.38987e-17 2.31451e-16 6.11775e-16 1.54933e-15 3.75902e-15 8.7364e-15 1.94474e-14 4.14584e-14 8.46318e-14 1.6541e-13 3.09453e-13 5.53931e-13 9.48129e-13 1.55034e-12 2.41888e-12 3.59625e-12 5.08864e-12 6.84796e-12 8.76673e-12 1.06937e-11 1.24688e-11 1.39631e-11 1.51057e-11 1.58857e-11 1.63303e-11 1.64736e-11 1.63303e-11 1.58857e-11 1.51057e-11 1.39631e-11 1.24688e-11 1.06937e-11 8.76673e-12 6.84796e-12 5.08864e-12 3.59625e-12 2.41888e-12 1.55034e-12 9.48129e-13 5.53931e-13 3.09453e-13 1.6541e-13 8.46318e-14 4.14584e-14 1.94474e-14 8.7364e-15 3.75902e-15 1.54933e-15 6.11775e-16 2.31451e-16 8.38987e-17 2.91373e-17 9.69316e-18 3.08802e-18 9.41761e-19 2.74833e-19 7.67152e-20 2.04742e-20 5.22263e-21 1.27292e-21 2.96377e-22 6.59095e-23 1.39982e-23 2.83918e-24 5.49934e-25 1.01726e-25 1.79712e-26 3.03219e-27 4.88639e-28 7.52104e-29 1.10566e-29 1.55237e-30 2.08145e-31 2.6653e-32 3.29944e-33 
6.26496e-33 2.6653e-32 2.10896e-31 1.61524e-30 1.18224e-29 8.26857e-29 5.52628e-28 3.5295e-27 2.15406e-26 1.25615e-25 6.99899e-25 3.72566e-24 1.89458e-23 9.20314e-23 4.2703e-22 1.89271e-21 8.01376e-21 3.24169e-20 1.25307e-19 4.62985e-19 1.63566e-18 5.52756e-18 1.78761e-17 5.53483e-17 1.64135e-16 4.66342e-16 1.26975e-15 3.31354e-15 8.28776e-15 1.98668e-14 4.56372e-14 1.00453e-13 2.11846e-13 4.28003e-13 8.28303e-13 1.53519e-12 2.72401e-12 4.62467e-12 7.50593e-12 1.1633e-11 1.71942e-11 2.42086e-11 3.24449e-11 4.1401e-11 5.03771e-11 5.86357e-11 6.5585e-11 7.09001e-11 7.45305e-11 7.66014e-11 7.72692e-11 7.66014e-11 7.45305e-11 7.09001e-11 6.5585e-11 5.86357e-11 5.03771e-11 4.1401e-11 3.24449e-11 2.42086e-11 1.71942e-11 1.1633e-11 7.50593e-12 4.62467e-12 2.72401e-12 1.53519e-12 8.28303e-13 4.28003e-13 2.11846e-13 1.00453e-13 4.56372e-14 1.98668e-14 8.28776e-15 3.31354e-15 1.26975e-15 4.66342e-16 1.64135e-16 5.53483e-17 1.78761e-17 5.52756e-18 1.63566e-18 4.62985e-19 1.25307e-19 3.24169e-20 8.01376e-21 1.89271e-21 4.2703e-22 9.20314e-23 1.89458e-23 3.72566e-24 6.99899e-25 1.25615e-25 2.15406e-26 3.5295e-27 5.52628e-28 8.26857e-29 1.18224e-29 1.61524e-30 2.10896e-31 2.6653e-32 
4.98686e-32 2.08145e-31 1.61524e-30 1.21469e-29 8.73493e-29 6.00564e-28 3.94788e-27 2.48117e-26 1.49076e-25 8.56205e-25 4.7002e-24 2.46588e-23 1.23622e-22 5.92168e-22 2.71009e-21 1.18495e-20 4.94999e-20 1.97576e-19 7.53636e-19 2.74787e-18 9.58035e-18 3.19515e-17 1.01982e-16 3.11655e-16 9.12307e-16 2.55911e-15 6.88084e-15 1.77368e-14 4.3835e-14 1.03864e-13 2.35929e-13 5.13718e-13 1.07216e-12 2.14465e-12 4.1112e-12 7.5514e-12 1.32862e-11 2.23799e-11 3.60627e-11 5.55317e-11 8.1616e-11 1.14358e-10 1.52656e-10 1.9418e-10 2.35712e-10 2.73878e-10 3.05976e-10 3.30528e-10 3.47305e-10 3.56881e-10 3.5997e-10 3.56881e-10 3.47305e-10 3.30528e-10 3.05976e-10 2.73878e-10 2.35712e-10 1.9418e-10 1.52656e-10 1.14358e-10 8.1616e-11 5.55317e-11 3.60627e-11 2.23799e-11 1.32862e-11 7.5514e-12 4.1112e-12 2.14465e-12 1.07216e-12 5.13718e-13 2.35929e-13 1.03864e-13 4.3835e-14 1.77368e-14 6.88084e-15 2.55911e-15 9.12307e-16 3.11655e-16 1.01982e-16 3.19515e-17 9.58035e-18 2.74787e-18 7.53636e-19 1.97576e-19 4.94999e-20 1.18495e-20 2.71009e-21 5.92168e-22 1.23622e-22 2.46588e-23 4.7002e-24 8.56205e-25 1.49076e-25 2.48117e-26 3.94788e-27 6.00564e-28 8.73493e-29 1.21469e-29 1.61524e-30 2.08145e-31 
3.78822e-31 1.55237e-30 1.18224e-29 8.73493e-29 6.175e-28 4.17592e-27 2.70138e-26 1.67149e-25 9.89157e-25 5.59769e-24 3.02881e-23 1.56671e-22 7.7462e-22 3.66027e-21 1.65277e-20 7.13108e-20 2.93991e-19 1.15817e-18 4.36039e-18 1.56926e-17 5.40023e-17 1.77768e-16 5.60037e-16 1.68934e-15 4.8816e-15 1.3519e-14 3.58933e-14 9.13845e-14 2.23138e-13 5.22545e-13 1.17356e-12 2.5275e-12 5.21973e-12 1.0336e-11 1.96234e-11 3.57157e-11 6.23008e-11 1.04106e-10 1.66531e-10 2.54753e-10 3.72257e-10 5.19027e-10 6.90024e-10 8.74863e-10 1.05934e-09 1.22865e-09 1.37094e-09 1.47977e-09 1.55417e-09 1.59665e-09 1.61036e-09 1.59665e-09 1.55417e-09 1.47977e-09 1.37094e-09 1.22865e-09 1.05934e-09 8.74863e-10 6.90024e-10 5.19027e-10 3.72257e-10 2.54753e-10 1.66531e-10 1.04106e-10 6.23008e-11 3.57157e-11 1.96234e-11 1.0336e-11 5.21973e-12 2.5275e-12 1.17356e-12 5.22545e-13 2.23138e-13 9.13845e-14 3.58933e-14 1.3519e-14 4.8816e-15 1.68934e-15 5.60037e-16 1.77768e-16 5.40023e-17 1.56926e-17 4.36039e-18 1.15817e-18 2.93991e-19 7.13108e-20 1.65277e-20 3.66027e-21 7.7462e-22 1.56671e-22 3.02881e-23 5.59769e-24 9.89157e-25 1.67149e-25 2.70138e-26 4.17592e-27 6.175e-28 8.73493e-29 1.18224e-29 1.55237e-30 
2.74637e-30 1.10566e-29 8.26857e-29 6.00564e-28 4.17592e-27 2.77906e-26 1.76996e-25 1.0787e-24 6.29003e-24 3.50867e-23 1.87194e-22 9.55032e-22 4.65841e-21 2.17207e-20 9.67962e-20 4.12234e-19 1.67766e-18 6.5245e-18 2.42501e-17 8.61565e-17 2.92684e-16 9.51071e-16 2.95757e-15 8.80617e-15 2.51188e-14 6.86728e-14 1.80021e-13 4.52631e-13 1.09176e-12 2.52641e-12 5.6088e-12 1.19456e-11 2.4406e-11 4.78323e-11 8.99216e-11 1.62138e-10 2.80345e-10 4.64639e-10 7.37679e-10 1.12086e-09 1.62813e-09 2.25852e-09 2.98994e-09 3.77808e-09 4.56291e-09 5.28211e-09 5.88612e-09 6.34801e-09 6.66381e-09 6.84421e-09 6.90245e-09 6.84421e-09 6.66381e-09 6.34801e-09 5.88612e-09 5.28211e-09 4.56291e-09 3.77808e-09 2.98994e-09 2.25852e-09 1.62813e-09 1.12086e-09 7.37679e-10 4.64639e-10 2.80345e-10 1.62138e-10 8.99216e-11 4.78323e-11 2.4406e-11 1.19456e-11 5.6088e-12 2.52641e-12 1.09176e-12 4.52631e-13 1.80021e-13 6.86728e-14 2.51188e-14 8.80617e-15 2.95757e-15 9.51071e-16 2.92684e-16 8.61565e-17 2.42501e-17 6.5245e-18 1.67766e-18 4.12234e-19 9.67962e-20 2.17207e-20 4.65841e-21 9.55032e-22 1.87194e-22 3.50867e-23 6.29003e-24 1.0787e-24 1.76996e-25 2.77906e-26 4.17592e-27 6.00564e-28 8.26857e-29 1.10566e-29 
1.90044e-29 7.52104e-29 5.52628e-28 3.94788e-27 2.70138e-26 1.76996e-25 1.11033e-24 6.66789e-24 3.83262e-23 2.10809e-22 1.10937e-21 5.5841e-21 2.68797e-20 1.23708e-19 5.44232e-19 2.28834e-18 9.19526e-18 3.53103e-17 1.29587e-16 4.54579e-16 1.52463e-15 4.89092e-15 1.50137e-14 4.4126e-14 1.24237e-13 3.35274e-13 8.67655e-13 2.15405e-12 5.1314e-12 1.17312e-11 2.5739e-11 5.41976e-11 1.09521e-10 2.12391e-10 3.9527e-10 7.05903e-10 1.20955e-09 1.98785e-09 3.13163e-09 4.72519e-09 6.82157e-09 9.41295e-09 1.24068e-08 1.56221e-08 1.88161e-08 2.17384e-08 2.41904e-08 2.60649e-08 2.73466e-08 2.8079e-08 2.83155e-08 2.8079e-08 2.73466e-08 2.60649e-08 2.41904e-08 2.17384e-08 1.88161e-08 1.56221e-08 1.24068e-08 9.41295e-09 6.82157e-09 4.72519e-09 3.13163e-09 1.98785e-09 1.20955e-09 7.05903e-10 3.9527e-10 2.12391e-10 1.09521e-10 5.41976e-11 2.5739e-11 1.17312e-11 5.1314e-12 2.15405e-12 8.67655e-13 3.35274e-13 1.24237e-13 4.4126e-14 1.50137e-14 4.89092e-15 1.52463e-15 4.54579e-16 1.29587e-16 3.53103e-17 9.19526e-18 2.28834e-18 5.44232e-19 1.23708e-19 2.68797e-20 5.5841e-21 1.10937e-21 2.10809e-22 3.83262e-23 6.66789e-24 1.11033e-24 1.76996e-25 2.70138e-26 3.94788e-27 5.52628e-28 7.52104e-29 
1.25534e-28 4.88639e-28 3.5295e-27 2.48117e-26 1.67149e-25 1.0787e-24 6.66789e-24 3.94717e-23 2.23721e-22 1.21381e-21 6.30246e-21 3.13091e-20 1.48771e-19 6.7599e-19 2.93656e-18 1.21935e-17 4.8389e-17 1.83512e-16 6.65103e-16 2.30396e-15 7.62999e-15 2.41653e-14 7.32291e-14 2.1244e-13 5.90354e-13 1.57244e-12 4.01664e-12 9.84404e-12 2.31552e-11 5.22848e-11 1.13342e-10 2.3589e-10 4.71338e-10 9.042e-10 1.66538e-09 2.94494e-09 4.99925e-09 8.14485e-09 1.27289e-08 1.90677e-08 2.7352e-08 3.75357e-08 4.92482e-08 6.17829e-08 7.42029e-08 8.55461e-08 9.50541e-08 1.02319e-07 1.07286e-07 1.10125e-07 1.11042e-07 1.10125e-07 1.07286e-07 1.02319e-07 9.50541e-08 8.55461e-08 7.42029e-08 6.17829e-08 4.92482e-08 3.75357e-08 2.7352e-08 1.90677e-08 1.27289e-08 8.14485e-09 4.99925e-09 2.94494e-09 1.66538e-09 9.042e-10 4.71338e-10 2.3589e-10 1.13342e-10 5.22848e-11 2.31552e-11 9.84404e-12 4.01664e-12 1.57244e-12 5.90354e-13 2.1244e-13 7.32291e-14 2.41653e-14 7.62999e-15 2.30396e-15 6.65103e-16 1.83512e-16 4.8389e-17 1.21935e-17 2.93656e-18 6.7599e-19 1.48771e-19 3.13091e-20 6.30246e-21 1.21381e-21 2.23721e-22 3.94717e-23 6.66789e-24 1.0787e-24 1.67149e-25 2.48117e-26 3.5295e-27 4.88639e-28 
7.91595e-28 3.03219e-27 2.15406e-26 1.49076e-25 9.89157e-25 6.29003e-24 3.83262e-23 2.23721e-22 1.25079e-21 6.69596e-21 3.43141e-20 1.6828e-19 7.89528e-19 3.54281e-18 1.52005e-17 6.23435e-17 2.44383e-16 9.15473e-16 3.27721e-15 1.1212e-14 3.66667e-14 1.1466e-13 3.4301e-13 9.82192e-13 2.69376e-12 7.08074e-12 1.78496e-11 4.31761e-11 1.00254e-10 2.23522e-10 4.78596e-10 9.84191e-10 1.94387e-09 3.68768e-09 6.7198e-09 1.17622e-08 1.97757e-08 3.19296e-08 4.94872e-08 7.35755e-08 1.04841e-07 1.43053e-07 1.86793e-07 2.3343e-07 2.79512e-07 3.21518e-07 3.56685e-07 3.83539e-07 4.01898e-07 4.12391e-07 4.1578e-07 4.12391e-07 4.01898e-07 3.83539e-07 3.56685e-07 3.21518e-07 2.79512e-07 2.3343e-07 1.86793e-07 1.43053e-07 1.04841e-07 7.35755e-08 4.94872e-08 3.19296e-08 1.97757e-08 1.17622e-08 6.7198e-09 3.68768e-09 1.94387e-09 9.84191e-10 4.78596e-10 2.23522e-10 1.00254e-10 4.31761e-11 1.78496e-11 7.08074e-12 2.69376e-12 9.82192e-13 3.4301e-13 1.1466e-13 3.66667e-14 1.1212e-14 3.27721e-15 9.15473e-16 2.44383e-16 6.23435e-17 1.52005e-17 3.54281e-18 7.89528e-19 1.6828e-19 3.43141e-20 6.69596e-21 1.25079e-21 2.23721e-22 3.83262e-23 6.29003e-24 9.89157e-25 1.49076e-25 2.15406e-26 3.03219e-27 
4.76533e-27 1.79712e-26 1.25615e-25 8.56205e-25 5.59769e-24 3.50867e-23 2.10809e-22 1.21381e-21 6.69596e-21 3.53792e-20 1.78987e-19 8.66749e-19 4.01621e-18 1.78013e-17 7.54501e-17 3.05719e-16 1.18397e-15 4.3817e-15 1.54953e-14 5.23629e-14 1.69118e-13 5.2219e-13 1.54216e-12 4.35855e-12 1.17965e-11 3.05962e-11 7.61015e-11 1.81636e-10 4.16209e-10 9.15972e-10 1.93648e-09 3.9333e-09 7.67632e-09 1.43957e-08 2.59435e-08 4.49339e-08 7.47951e-08 1.19638e-07 1.83827e-07 2.7117e-07 3.83723e-07 5.20439e-07 6.76148e-07 8.41513e-07 1.00442e-06 1.15261e-06 1.27651e-06 1.37104e-06 1.43564e-06 1.47257e-06 1.48449e-06 1.47257e-06 1.43564e-06 1.37104e-06 1.27651e-06 1.15261e-06 1.00442e-06 8.41513e-07 6.76148e-07 5.20439e-07 3.83723e-07 2.7117e-07 1.83827e-07 1.19638e-07 7.47951e-08 4.49339e-08 2.59435e-08 1.43957e-08 7.67632e-09 3.9333e-09 1.93648e-09 9.15972e-10 4.16209e-10 1.81636e-10 7.61015e-11 3.05962e-11 1.17965e-11 4.35855e-12 1.54216e-12 5.2219e-13 1.69118e-13 5.23629e-14 1.54953e-14 4.3817e-15 1.18397e-15 3.05719e-16 7.54501e-17 1.78013e-17 4.01621e-18 8.66749e-19 1.78987e-19 3.53792e-20 6.69596e-21 1.21381e-21 2.10809e-22 3.50867e-23 5.59769e-24 8.56205e-25 1.25615e-25 1.79712e-26 
2.73864e-26 1.01726e-25 6.99899e-25 4.7002e-24 3.02881e-23 1.87194e-22 1.10937e-21 6.30246e-21 3.43141e-20 1.78987e-19 8.94156e-19 4.27651e-18 1.95746e-17 8.57167e-17 3.58967e-16 1.43721e-15 5.49979e-15 2.01112e-14 7.0266e-14 2.34565e-13 7.4824e-13 2.28137e-12 6.65135e-12 1.85535e-11 4.95496e-11 1.26789e-10 3.11091e-10 7.32435e-10 1.65573e-09 3.59544e-09 7.50225e-09 1.50451e-08 2.90013e-08 5.37412e-08 9.57455e-08 1.64021e-07 2.70196e-07 4.27988e-07 6.517e-07 9.53477e-07 1.3394e-06 1.80515e-06 2.33276e-06 2.89072e-06 3.43864e-06 3.93587e-06 4.35094e-06 4.66734e-06 4.88347e-06 5.00698e-06 5.04687e-06 5.00698e-06 4.88347e-06 4.66734e-06 4.35094e-06 3.93587e-06 3.43864e-06 2.89072e-06 2.33276e-06 1.80515e-06 1.3394e-06 9.53477e-07 6.517e-07 4.27988e-07 2.70196e-07 1.64021e-07 9.57455e-08 5.37412e-08 2.90013e-08 1.50451e-08 7.50225e-09 3.59544e-09 1.65573e-09 7.32435e-10 3.11091e-10 1.26789e-10 4.95496e-11 1.85535e-11 6.65135e-12 2.28137e-12 7.4824e-13 2.34565e-13 7.0266e-14 2.01112e-14 5.49979e-15 1.43721e-15 3.58967e-16 8.57167e-17 1.95746e-17 4.27651e-18 8.94156e-19 1.78987e-19 3.43141e-20 6.30246e-21 1.10937e-21 1.87194e-22 3.02881e-23 4.7002e-24 6.99899e-25 1.01726e-25 
1.50255e-25 5.49934e-25 3.72566e-24 2.46588e-23 1.56671e-22 9.55032e-22 5.5841e-21 3.13091e-20 1.6828e-19 8.66749e-19 4.27651e-18 2.02048e-17 9.13726e-17 3.95366e-16 1.6362e-15 6.47399e-15 2.44829e-14 8.84707e-14 3.05426e-13 1.00729e-12 3.17375e-12 9.55567e-12 2.75033e-11 7.57151e-11 1.99506e-10 5.03559e-10 1.21852e-09 2.82915e-09 6.30711e-09 1.35085e-08 2.78078e-08 5.50337e-08 1.04731e-07 1.91679e-07 3.37439e-07 5.71491e-07 9.31259e-07 1.46012e-06 2.20236e-06 3.19447e-06 4.45301e-06 5.96136e-06 7.66034e-06 9.44887e-06 1.11991e-05 1.27833e-05 1.41034e-05 1.51085e-05 1.57947e-05 1.61867e-05 1.63133e-05 1.61867e-05 1.57947e-05 1.51085e-05 1.41034e-05 1.27833e-05 1.11991e-05 9.44887e-06 7.66034e-06 5.96136e-06 4.45301e-06 3.19447e-06 2.20236e-06 1.46012e-06 9.31259e-07 5.71491e-07 3.37439e-07 1.91679e-07 1.04731e-07 5.50337e-08 2.78078e-08 1.35085e-08 6.30711e-09 2.82915e-09 1.21852e-09 5.03559e-10 1.99506e-10 7.57151e-11 2.75033e-11 9.55567e-12 3.17375e-12 1.00729e-12 3.05426e-13 8.84707e-14 2.44829e-14 6.47399e-15 1.6362e-15 3.95366e-16 9.13726e-17 2.02048e-17 4.27651e-18 8.66749e-19 1.6828e-19 3.13091e-20 5.5841e-21 9.55032e-22 1.56671e-22 2.46588e-23 3.72566e-24 5.49934e-25 
7.87005e-25 2.83918e-24 1.89458e-23 1.23622e-22 7.7462e-22 4.65841e-21 2.68797e-20 1.48771e-19 7.89528e-19 4.01621e-18 1.95746e-17 9.13726e-17 4.08319e-16 1.74604e-15 7.14164e-15 2.79288e-14 1.0439e-13 3.72806e-13 1.27182e-12 4.14416e-12 1.28979e-11 3.83487e-11 1.08963e-10 2.96028e-10 7.69512e-10 1.91551e-09 4.57018e-09 1.04606e-08 2.29889e-08 4.85419e-08 9.85337e-08 1.92346e-07 3.61182e-07 6.52538e-07 1.13451e-06 1.89859e-06 3.0588e-06 4.74473e-06 7.08571e-06 1.01845e-05 1.40816e-05 1.87179e-05 2.39081e-05 2.9345e-05 3.46451e-05 3.94291e-05 4.34073e-05 4.64325e-05 4.84959e-05 4.96742e-05 5.00547e-05 4.96742e-05 4.84959e-05 4.64325e-05 4.34073e-05 3.94291e-05 3.46451e-05 2.9345e-05 2.39081e-05 1.87179e-05 1.40816e-05 1.01845e-05 7.08571e-06 4.74473e-06 3.0588e-06 1.89859e-06 1.13451e-06 6.52538e-07 3.61182e-07 1.92346e-07 9.85337e-08 4.85419e-08 2.29889e-08 1.04606e-08 4.57018e-09 1.91551e-09 7.69512e-10 2.96028e-10 1.08963e-10 3.83487e-11 1.28979e-11 4.14416e-12 1.27182e-12 3.72806e-13 1.0439e-13 2.79288e-14 7.14164e-15 1.74604e-15 4.08319e-16 9.13726e-17 1.95746e-17 4.01621e-18 7.89528e-19 1.48771e-19 2.68797e-20 4.65841e-21 7.7462e-22 1.23622e-22 1.89458e-23 2.83918e-24 
3.9354e-24 1.39982e-23 9.20314e-23 5.92168e-22 3.66027e-21 2.17207e-20 1.23708e-19 6.7599e-19 3.54281e-18 1.78013e-17 8.57167e-17 3.95366e-16 1.74604e-15 7.37952e-15 2.98345e-14 1.15327e-13 4.26079e-13 1.50395e-12 5.07042e-12 1.63245e-11 5.01882e-11 1.4736e-10 4.13336e-10 1.10811e-09 2.84132e-09 6.97399e-09 1.64015e-08 3.69963e-08 8.01166e-08 1.667e-07 3.33489e-07 6.4176e-07 1.18839e-06 2.11819e-06 3.63493e-06 6.00721e-06 9.56317e-06 1.46677e-05 2.16753e-05 3.08555e-05 4.2295e-05 5.57963e-05 7.08106e-05 8.64544e-05 0.000101641 0.000115306 0.000126643 0.000135251 0.000141117 0.000144464 0.000145545 0.000144464 0.000141117 0.000135251 0.000126643 0.000115306 0.000101641 8.64544e-05 7.08106e-05 5.57963e-05 4.2295e-05 3.08555e-05 2.16753e-05 1.46677e-05 9.56317e-06 6.00721e-06 3.63493e-06 2.11819e-06 1.18839e-06 6.4176e-07 3.33489e-07 1.667e-07 8.01166e-08 3.69963e-08 1.64015e-08 6.97399e-09 2.84132e-09 1.10811e-09 4.13336e-10 1.4736e-10 5.01882e-11 1.63245e-11 5.07042e-12 1.50395e-12 4.26079e-13 1.15327e-13 2.98345e-14 7.37952e-15 1.74604e-15 3.95366e-16 8.57167e-17 1.78013e-17 3.54281e-18 6.7599e-19 1.23708e-19 2.17207e-20 3.66027e-21 5.92168e-22 9.20314e-23 1.39982e-23 
1.87881e-23 6.59095e-23 4.2703e-22 2.71009e-21 1.65277e-20 9.67962e-20 5.44232e-19 2.93656e-18 1.52005e-17 7.54501e-17 3.58967e-16 1.6362e-15 7.14164e-15 2.98345e-14 1.1923e-13 4.55598e-13 1.66384e-12 5.80492e-12 1.93414e-11 6.1529e-11 1.86864e-10 5.41813e-10 1.50021e-09 3.9685e-09 1.0036e-08 2.42844e-08 5.6281e-08 1.25065e-07 2.66754e-07 5.46653e-07 1.07717e-06 2.04221e-06 3.72695e-06 6.54938e-06 1.10861e-05 1.80812e-05 2.84242e-05 4.30798e-05 6.29567e-05 8.87085e-05 0.000120481 0.00015766 0.000198707 0.000241227 0.000282314 0.000319156 0.000349644 0.000372751 0.000388477 0.000397446 0.00040034 0.000397446 0.000388477 0.000372751 0.000349644 0.000319156 0.000282314 0.000241227 0.000198707 0.00015766 0.000120481 8.87085e-05 6.29567e-05 4.30798e-05 2.84242e-05 1.80812e-05 1.10861e-05 6.54938e-06 3.72695e-06 2.04221e-06 1.07717e-06 5.46653e-07 2.66754e-07 1.25065e-07 5.6281e-08 2.42844e-08 1.0036e-08 3.9685e-09 1.50021e-09 5.41813e-10 1.86864e-10 6.1529e-11 1.93414e-11 5.80492e-12 1.66384e-12 4.55598e-13 1.1923e-13 2.98345e-14 7.14164e-15 1.6362e-15 3.58967e-16 7.54501e-17 1.52005e-17 2.93656e-18 5.44232e-19 9.67962e-20 1.65277e-20 2.71009e-21 4.2703e-22 6.59095e-23 
8.56437e-23 2.96377e-22 1.89271e-21 1.18495e-20 7.13108e-20 4.12234e-19 2.28834e-18 1.21935e-17 6.23435e-17 3.05719e-16 1.43721e-15 6.47399e-15 2.79288e-14 1.15327e-13 4.55598e-13 1.72096e-12 6.21267e-12 2.14243e-11 7.05473e-11 2.21753e-10 6.65267e-10 1.9048e-09 5.20605e-09 1.35875e-08 3.38853e-08 8.08157e-08 1.84519e-07 4.03784e-07 8.47886e-07 1.71037e-06 3.31759e-06 6.19255e-06 1.11297e-05 1.9269e-05 3.21491e-05 5.17108e-05 8.02168e-05 0.000120053 0.000173385 0.000241659 0.000324999 0.000421613 0.000527447 0.000636375 0.000741102 0.000834641 0.000911827 0.000970202 0.00100988 0.00103248 0.00103978 0.00103248 0.00100988 0.000970202 0.000911827 0.000834641 0.000741102 0.000636375 0.000527447 0.000421613 0.000324999 0.000241659 0.000173385 0.000120053 8.02168e-05 5.17108e-05 3.21491e-05 1.9269e-05 1.11297e-05 6.19255e-06 3.31759e-06 1.71037e-06 8.47886e-07 4.03784e-07 1.84519e-07 8.08157e-08 3.38853e-08 1.35875e-08 5.20605e-09 1.9048e-09 6.65267e-10 2.21753e-10 7.05473e-11 2.14243e-11 6.21267e-12 1.72096e-12 4.55598e-13 1.15327e-13 2.79288e-14 6.47399e-15 1.43721e-15 3.05719e-16 6.23435e-17 1.21935e-17 2.28834e-18 4.12234e-19 7.13108e-20 1.18495e-20 1.89271e-21 2.96377e-22 
3.72808e-22 1.27292e-21 8.01376e-21 4.94999e-20 2.93991e-19 1.67766e-18 9.19526e-18 4.8389e-17 2.44383e-16 1.18397e-15 5.49979e-15 2.44829e-14 1.0439e-13 4.26079e-13 1.66384e-12 6.21267e-12 2.21693e-11 7.55628e-11 2.45896e-10 7.63695e-10 2.26311e-09 6.39836e-09 1.72604e-08 4.44417e-08 1.09279e-07 2.56832e-07 5.77538e-07 1.24412e-06 2.57072e-06 5.10162e-06 9.73451e-06 1.78764e-05 3.1617e-05 5.38872e-05 8.85489e-05 0.000140351 0.000214676 0.000317015 0.000452125 0.000622878 0.000828906 0.00106533 0.0013221 0.00158452 0.0018354 0.0020585 0.002242 0.00238045 0.00247439 0.00252786 0.0025451 0.00252786 0.00247439 0.00238045 0.002242 0.0020585 0.0018354 0.00158452 0.0013221 0.00106533 0.000828906 0.000622878 0.000452125 0.000317015 0.000214676 0.000140351 8.85489e-05 5.38872e-05 3.1617e-05 1.78764e-05 9.73451e-06 5.10162e-06 2.57072e-06 1.24412e-06 5.77538e-07 2.56832e-07 1.09279e-07 4.44417e-08 1.72604e-08 6.39836e-09 2.26311e-09 7.63695e-10 2.45896e-10 7.55628e-11 2.21693e-11 6.21267e-12 1.66384e-12 4.26079e-13 1.0439e-13 2.44829e-14 5.49979e-15 1.18397e-15 2.44383e-16 4.8389e-17 9.19526e-18 1.67766e-18 2.93991e-19 4.94999e-20 8.01376e-21 1.27292e-21 
1.55001e-21 5.22263e-21 3.24169e-20 1.97576e-19 1.15817e-18 6.5245e-18 3.53103e-17 1.83512e-16 9.15473e-16 4.3817e-15 2.01112e-14 8.84707e-14 3.72806e-13 1.50395e-12 5.80492e-12 2.14243e-11 7.55628e-11 2.54541e-10 8.18529e-10 2.51158e-09 7.35118e-09 2.05206e-08 5.46324e-08 1.38754e-07 3.36355e-07 7.7883e-07 1.72439e-06 3.6553e-06 7.42865e-06 1.44947e-05 2.71887e-05 4.90838e-05 8.5359e-05 0.000143097 0.000231388 0.000361091 0.000544123 0.000792166 0.00111475 0.0015168 0.00199581 0.00253943 0.00312425 0.00371727 0.00428069 0.0047793 0.00518788 0.0054953 0.00570349 0.00582185 0.00585999 0.00582185 0.00570349 0.0054953 0.00518788 0.0047793 0.00428069 0.00371727 0.00312425 0.00253943 0.00199581 0.0015168 0.00111475 0.000792166 0.000544123 0.000361091 0.000231388 0.000143097 8.5359e-05 4.90838e-05 2.71887e-05 1.44947e-05 7.42865e-06 3.6553e-06 1.72439e-06 7.7883e-07 3.36355e-07 1.38754e-07 5.46324e-08 2.05206e-08 7.35118e-09 2.51158e-09 8.18529e-10 2.54541e-10 7.55628e-11 2.14243e-11 5.80492e-12 1.50395e-12 3.72806e-13 8.84707e-14 2.01112e-14 4.3817e-15 9.15473e-16 1.83512e-16 3.53103e-17 6.5245e-18 1.15817e-18 1.97576e-19 3.24169e-20 5.22263e-21 
6.15675e-21 2.04742e-20 1.25307e-19 7.53636e-19 4.36039e-18 2.42501e-17 1.29587e-16 6.65103e-16 3.27721e-15 1.54953e-14 7.0266e-14 3.05426e-13 1.27182e-12 5.07042e-12 1.93414e-11 7.05473e-11 2.45896e-10 8.18529e-10 2.60066e-09 7.88282e-09 2.27855e-08 6.27918e-08 1.64962e-07 4.1321e-07 9.87297e-07 2.25179e-06 4.90744e-06 1.02325e-05 2.04434e-05 3.91955e-05 7.22238e-05 0.000128075 0.000218809 0.000360467 0.000573033 0.000879615 0.00130461 0.0018708 0.00259528 0.00348465 0.00452978 0.00570148 0.00694887 0.00820281 0.00938584 0.0104271 0.0112767 0.011914 0.0123447 0.0125891 0.0126679 0.0125891 0.0123447 0.011914 0.0112767 0.0104271 0.00938584 0.00820281 0.00694887 0.00570148 0.00452978 0.00348465 0.00259528 0.0018708 0.00130461 0.000879615 0.000573033 0.000360467 0.000218809 0.000128075 7.22238e-05 3.91955e-05 2.04434e-05 1.02325e-05 4.90744e-06 2.25179e-06 9.87297e-07 4.1321e-07 1.64962e-07 6.27918e-08 2.27855e-08 7.88282e-09 2.60066e-09 8.18529e-10 2.45896e-10 7.05473e-11 1.93414e-11 5.07042e-12 1.27182e-12 3.05426e-13 7.0266e-14 1.54953e-14 3.27721e-15 6.65103e-16 1.29587e-16 2.42501e-17 4.36039e-18 7.53636e-19 1.25307e-19 2.04742e-20 
2.33708e-20 7.67152e-20 4.62985e-19 2.74787e-18 1.56926e-17 8.61565e-17 4.54579e-16 2.30396e-15 1.1212e-14 5.23629e-14 2.34565e-13 1.00729e-12 4.14416e-12 1.63245e-11 6.1529e-11 2.21753e-10 7.63695e-10 2.51158e-09 7.88282e-09 2.35983e-08 6.73508e-08 1.83198e-07 4.74834e-07 1.17283e-06 2.76153e-06 6.20241e-06 1.33012e-05 2.72707e-05 5.35352e-05 0.000100797 0.000182323 0.00031732 0.000532095 0.000860569 0.0013436 0.00202667 0.00295562 0.00417054 0.00569804 0.00754257 0.0096777 0.0120395 0.0145248 0.0169991 0.0193153 0.0213413 0.0229867 0.0242165 0.0250453 0.025515 0.0256661 0.025515 0.0250453 0.0242165 0.0229867 0.0213413 0.0193153 0.0169991 0.0145248 0.0120395 0.0096777 0.00754257 0.00569804 0.00417054 0.00295562 0.00202667 0.0013436 0.000860569 0.000532095 0.00031732 0.000182323 0.000100797 5.35352e-05 2.72707e-05 1.33012e-05 6.20241e-06 2.76153e-06 1.17283e-06 4.74834e-07 1.83198e-07 6.73508e-08 2.35983e-08 7.88282e-09 2.51158e-09 7.63695e-10 2.21753e-10 6.1529e-11 1.63245e-11 4.14416e-12 1.00729e-12 2.34565e-13 5.23629e-14 1.1212e-14 2.30396e-15 4.54579e-16 8.61565e-17 1.56926e-17 2.74787e-18 4.62985e-19 7.67152e-20 
8.48125e-20 2.74833e-19 1.63566e-18 9.58035e-18 5.40023e-17 2.92684e-16 1.52463e-15 7.62999e-15 3.66667e-14 1.69118e-13 7.4824e-13 3.17375e-12 1.28979e-11 5.01882e-11 1.86864e-10 6.65267e-10 2.26311e-09 7.35118e-09 2.27855e-08 6.73508e-08 1.89748e-07 5.09304e-07 1.30207e-06 3.17055e-06 7.35493e-06 1.62632e-05 3.43088e-05 6.91392e-05 0.000133302 0.000246325 0.000437062 0.000745945 0.00122654 0.0019455 0.0029801 0.00441245 0.00632064 0.008767 0.0117847 0.0153639 0.0194391 0.0238805 0.0284945 0.0330386 0.0372549 0.0409173 0.0438756 0.0460777 0.0475575 0.0483945 0.0486635 0.0483945 0.0475575 0.0460777 0.0438756 0.0409173 0.0372549 0.0330386 0.0284945 0.0238805 0.0194391 0.0153639 0.0117847 0.008767 0.00632064 0.00441245 0.0029801 0.0019455 0.00122654 0.000745945 0.000437062 0.000246325 0.000133302 6.91392e-05 3.43088e-05 1.62632e-05 7.35493e-06 3.17055e-06 1.30207e-06 5.09304e-07 1.89748e-07 6.73508e-08 2.27855e-08 7.35118e-09 2.26311e-09 6.65267e-10 1.86864e-10 5.01882e-11 1.28979e-11 3.17375e-12 7.4824e-13 1.69118e-13 3.66667e-14 7.62999e-15 1.52463e-15 2.92684e-16 5.40023e-17 9.58035e-18 1.63566e-18 2.74833e-19 
2.94361e-19 9.41761e-19 5.52756e-18 3.19515e-17 1.77768e-16 9.51071e-16 4.89092e-15 2.41653e-14 1.1466e-13 5.2219e-13 2.28137e-12 9.55567e-12 3.83487e-11 1.4736e-10 5.41813e-10 1.9048e-09 6.39836e-09 2.05206e-08 6.27918e-08 1.83198e-07 5.09304e-07 1.34853e-06 3.39953e-06 8.15819e-06 1.86397e-05 4.0565e-05 8.41552e-05 0.000166628 0.000315375 0.000571636 0.000994237 0.00166265 0.00267821 0.00416199 0.006248 0.00907086 0.0127488 0.0173633 0.0229391 0.0294241 0.0366751 0.0444494 0.0524109 0.0601572 0.0672737 0.0734065 0.0783301 0.0819781 0.0844211 0.0857999 0.0862426 0.0857999 0.0844211 0.0819781 0.0783301 0.0734065 0.0672737 0.0601572 0.0524109 0.0444494 0.0366751 0.0294241 0.0229391 0.0173633 0.0127488 0.00907086 0.006248 0.00416199 0.00267821 0.00166265 0.000994237 0.000571636 0.000315375 0.000166628 8.41552e-05 4.0565e-05 1.86397e-05 8.15819e-06 3.39953e-06 1.34853e-06 5.09304e-07 1.83198e-07 6.27918e-08 2.05206e-08 6.39836e-09 1.9048e-09 5.41813e-10 1.4736e-10 3.83487e-11 9.55567e-12 2.28137e-12 5.2219e-13 1.1466e-13 2.41653e-14 4.89092e-15 9.51071e-16 1.77768e-16 3.19515e-17 5.52756e-18 9.41761e-19 
9.77486e-19 3.08802e-18 1.78761e-17 1.01982e-16 5.60037e-16 2.95757e-15 1.50137e-14 7.32291e-14 3.4301e-13 1.54216e-12 6.65135e-12 2.75033e-11 1.08963e-10 4.13336e-10 1.50021e-09 5.20605e-09 1.72604e-08 5.46324e-08 1.64962e-07 4.74834e-07 1.30207e-06 3.39953e-06 8.44705e-06 1.99706e-05 4.49246e-05 9.61898e-05 0.00019617 0.000381486 0.000708487 0.00125895 0.002145 0.00351187 0.00553669 0.00842109 0.0123759 0.0175976 0.0242397 0.0323812 0.0419999 0.052951 0.0649542 0.077593 0.0903313 0.102558 0.113665 0.123152 0.130715 0.136289 0.140008 0.142101 0.142772 0.142101 0.140008 0.136289 0.130715 0.123152 0.113665 0.102558 0.0903313 0.077593 0.0649542 0.052951 0.0419999 0.0323812 0.0242397 0.0175976 0.0123759 0.00842109 0.00553669 0.00351187 0.002145 0.00125895 0.000708487 0.000381486 0.00019617 9.61898e-05 4.49246e-05 1.99706e-05 8.44705e-06 3.39953e-06 1.30207e-06 4.74834e-07 1.64962e-07 5.46324e-08 1.72604e-08 5.20605e-09 1.50021e-09 4.13336e-10 1.08963e-10 2.75033e-11 6.65135e-12 1.54216e-12 3.4301e-13 7.32291e-14 1.50137e-14 2.95757e-15 5.60037e-16 1.01982e-16 1.78761e-17 3.08802e-18 
3.10681e-18 9.69316e-18 5.53483e-17 3.11655e-16 1.68934e-15 8.80617e-15 4.4126e-14 2.1244e-13 9.82192e-13 4.35855e-12 1.85535e-11 7.57151e-11 2.96028e-10 1.10811e-09 3.9685e-09 1.35875e-08 4.44417e-08 1.38754e-07 4.1321e-07 1.17283e-06 3.17055e-06 8.15819e-06 1.99706e-05 4.64926e-05 0.000102928 0.000216735 0.000434341 0.00082924 0.00151048 0.00262998 0.00438685 0.00702659 0.010833 0.0161102 0.0231535 0.0322101 0.0434352 0.0568517 0.0723209 0.0895279 0.107981 0.127028 0.145887 0.163715 0.179708 0.193229 0.203923 0.211757 0.21696 0.219881 0.220816 0.219881 0.21696 0.211757 0.203923 0.193229 0.179708 0.163715 0.145887 0.127028 0.107981 0.0895279 0.0723209 0.0568517 0.0434352 0.0322101 0.0231535 0.0161102 0.010833 0.00702659 0.00438685 0.00262998 0.00151048 0.00082924 0.000434341 0.000216735 0.000102928 4.64926e-05 1.99706e-05 8.15819e-06 3.17055e-06 1.17283e-06 4.1321e-07 1.38754e-07 4.44417e-08 1.35875e-08 3.9685e-09 1.10811e-09 2.96028e-10 7.57151e-11 1.85535e-11 4.35855e-12 9.82192e-13 2.1244e-13 4.4126e-14 8.80617e-15 1.68934e-15 3.11655e-16 5.53483e-17 9.69316e-18 
9.45441e-18 2.91373e-17 1.64135e-16 9.12307e-16 4.8816e-15 2.51188e-14 1.24237e-13 5.90354e-13 2.69376e-12 1.17965e-11 4.95496e-11 1.99506e-10 7.69512e-10 2.84132e-09 1.0036e-08 3.38853e-08 1.09279e-07 3.36355e-07 9.87297e-07 2.76153e-06 7.35493e-06 1.86397e-05 4.49246e-05 0.000102928 0.00022413 0.000463905 0.000913119 0.00171075 0.00305498 0.00520953 0.00850236 0.0133146 0.0200579 0.0291398 0.0409155 0.055631 0.0733669 0.0939953 0.11716 0.142284 0.168593 0.195158 0.220949 0.244919 0.266118 0.283835 0.297723 0.307826 0.314503 0.318239 0.319432 0.318239 0.314503 0.307826 0.297723 0.283835 0.266118 0.244919 0.220949 0.195158 0.168593 0.142284 0.11716 0.0939953 0.0733669 0.055631 0.0409155 0.0291398 0.0200579 0.0133146 0.00850236 0.00520953 0.00305498 0.00171075 0.000913119 0.000463905 0.00022413 0.000102928 4.49246e-05 1.86397e-05 7.35493e-06 2.76153e-06 9.87297e-07 3.36355e-07 1.09279e-07 3.38853e-08 1.0036e-08 2.84132e-09 7.69512e-10 1.99506e-10 4.95496e-11 1.17965e-11 2.69376e-12 5.90354e-13 1.24237e-13 2.51188e-14 4.8816e-15 9.12307e-16 1.64135e-16 2.91373e-17 
2.75531e-17 8.38987e-17 4.66342e-16 2.55911e-15 1.3519e-14 6.86728e-14 3.35274e-13 1.57244e-12 7.08074e-12 3.05962e-11 1.26789e-10 5.03559e-10 1.91551e-09 6.97399e-09 2.42844e-08 8.08157e-08 2.56832e-07 7.7883e-07 2.25179e-06 6.20241e-06 1.62632e-05 4.0565e-05 9.61898e-05 0.000216735 0.000463905 0.000943257 0.00182257 0.00334915 0.00586058 0.00978326 0.0156154 0.0238942 0.0351497 0.0498477 0.0683233 0.0907131 0.116897 0.146469 0.178744 0.212802 0.247553 0.281806 0.314349 0.344027 0.369858 0.391169 0.407703 0.419638 0.427481 0.431852 0.433246 0.431852 0.427481 0.419638 0.407703 0.391169 0.369858 0.344027 0.314349 0.281806 0.247553 0.212802 0.178744 0.146469 0.116897 0.0907131 0.0683233 0.0498477 0.0351497 0.0238942 0.0156154 0.00978326 0.00586058 0.00334915 0.00182257 0.000943257 0.000463905 0.000216735 9.61898e-05 4.0565e-05 1.62632e-05 6.20241e-06 2.25179e-06 7.7883e-07 2.56832e-07 8.08157e-08 2.42844e-08 6.97399e-09 1.91551e-09 5.03559e-10 1.26789e-10 3.05962e-11 7.08074e-12 1.57244e-12 3.35274e-13 6.86728e-14 1.3519e-14 2.55911e-15 4.66342e-16 8.38987e-17 
7.69097e-17 2.31451e-16 1.26975e-15 6.88084e-15 3.58933e-14 1.80021e-13 8.67655e-13 4.01664e-12 1.78496e-11 7.61015e-11 3.11091e-10 1.21852e-09 4.57018e-09 1.64015e-08 5.6281e-08 1.84519e-07 5.77538e-07 1.72439e-06 4.90744e-06 1.33012e-05 3.43088e-05 8.41552e-05 0.00019617 0.000434341 0.000913119 0.00182257 0.00345471 0.00622305 0.0106653 0.0174209 0.0271818 0.0406234 0.0583258 0.0806971 0.107902 0.139801 0.175917 0.215435 0.25726 0.30011 0.342618 0.383435 0.421299 0.455113 0.484026 0.507535 0.525566 0.538467 0.54689 0.551564 0.553052 0.551564 0.54689 0.538467 0.525566 0.507535 0.484026 0.455113 0.421299 0.383435 0.342618 0.30011 0.25726 0.215435 0.175917 0.139801 0.107902 0.0806971 0.0583258 0.0406234 0.0271818 0.0174209 0.0106653 0.00622305 0.00345471 0.00182257 0.000913119 0.000434341 0.00019617 8.41552e-05 3.43088e-05 1.33012e-05 4.90744e-06 1.72439e-06 5.77538e-07 1.84519e-07 5.6281e-08 1.64015e-08 4.57018e-09 1.21852e-09 3.11091e-10 7.61015e-11 1.78496e-11 4.01664e-12 8.67655e-13 1.80021e-13 3.58933e-14 6.88084e-15 1.26975e-15 2.31451e-16 
2.05627e-16 6.11775e-16 3.31354e-15 1.77368e-14 9.13845e-14 4.52631e-13 2.15405e-12 9.84404e-12 4.31761e-11 1.81636e-10 7.32435e-10 2.82915e-09 1.04606e-08 3.69963e-08 1.25065e-07 4.03784e-07 1.24412e-06 3.6553e-06 1.02325e-05 2.72707e-05 6.91392e-05 0.000166628 0.000381486 0.00082924 0.00171075 0.00334915 0.00622305 0.0109811 0.0184218 0.0294295 0.0448707 0.0654742 0.0917206 0.123762 0.161378 0.203957 0.250517 0.299761 0.350191 0.400239 0.448408 0.493363 0.533998 0.56946 0.59919 0.622975 0.640981 0.653739 0.662008 0.666574 0.668024 0.666574 0.662008 0.653739 0.640981 0.622975 0.59919 0.56946 0.533998 0.493363 0.448408 0.400239 0.350191 0.299761 0.250517 0.203957 0.161378 0.123762 0.0917206 0.0654742 0.0448707 0.0294295 0.0184218 0.0109811 0.00622305 0.00334915 0.00171075 0.00082924 0.000381486 0.000166628 6.91392e-05 2.72707e-05 1.02325e-05 3.6553e-06 1.24412e-06 4.03784e-07 1.25065e-07 3.69963e-08 1.04606e-08 2.82915e-09 7.32435e-10 1.81636e-10 4.31761e-11 9.84404e-12 2.15405e-12 4.52631e-13 9.13845e-14 1.77368e-14 3.31354e-15 6.11775e-16 
5.26556e-16 1.54933e-15 8.28776e-15 4.3835e-14 2.23138e-13 1.09176e-12 5.1314e-12 2.31552e-11 1.00254e-10 4.16209e-10 1.65573e-09 6.30711e-09 2.29889e-08 8.01166e-08 2.66754e-07 8.47886e-07 2.57072e-06 7.42865e-06 2.04434e-05 5.35352e-05 0.000133302 0.000315375 0.000708487 0.00151048 0.00305498 0.00586058 0.0106653 0.0184218 0.0302317 0.0472118 0.070315 0.100153 0.136869 0.180097 0.228991 0.282298 0.338461 0.395742 0.452369 0.506689 0.557299 0.603112 0.643373 0.677637 0.705748 0.727836 0.74432 0.755869 0.763294 0.767372 0.768664 0.767372 0.763294 0.755869 0.74432 0.727836 0.705748 0.677637 0.643373 0.603112 0.557299 0.506689 0.452369 0.395742 0.338461 0.282298 0.228991 0.180097 0.136869 0.100153 0.070315 0.0472118 0.0302317 0.0184218 0.0106653 0.00586058 0.00305498 0.00151048 0.000708487 0.000315375 0.000133302 5.35352e-05 2.04434e-05 7.42865e-06 2.57072e-06 8.47886e-07 2.66754e-07 8.01166e-08 2.29889e-08 6.30711e-09 1.65573e-09 4.16209e-10 1.00254e-10 2.31552e-11 5.1314e-12 1.09176e-12 2.23138e-13 4.3835e-14 8.28776e-15 1.54933e-15 
1.29129e-15 3.75902e-15 1.98668e-14 1.03864e-13 5.22545e-13 2.52641e-12 1.17312e-11 5.22848e-11 2.23522e-10 9.15972e-10 3.59544e-09 1.35085e-08 4.85419e-08 1.667e-07 5.46653e-07 1.71037e-06 5.10162e-06 1.44947e-05 3.91955e-05 0.000100797 0.000246325 0.000571636 0.00125895 0.00262998 0.00520953 0.00978326 0.0174209 0.0294295 0.0472118 0.0720355 0.104765 0.145637 0.194163 0.249183 0.309028 0.371735 0.43524 0.497544 0.556862 0.611739 0.661127 0.704397 0.741291 0.771849 0.796334 0.815195 0.829049 0.838636 0.844744 0.848079 0.849132 0.848079 0.844744 0.838636 0.829049 0.815195 0.796334 0.771849 0.741291 0.704397 0.661127 0.611739 0.556862 0.497544 0.43524 0.371735 0.309028 0.249183 0.194163 0.145637 0.104765 0.0720355 0.0472118 0.0294295 0.0174209 0.00978326 0.00520953 0.00262998 0.00125895 0.000571636 0.000246325 0.000100797 3.91955e-05 1.44947e-05 5.10162e-06 1.71037e-06 5.46653e-07 1.667e-07 4.85419e-08 1.35085e-08 3.59544e-09 9.15972e-10 2.23522e-10 5.22848e-11 1.17312e-11 2.52641e-12 5.22545e-13 1.03864e-13 1.98668e-14 3.75902e-15 
3.03221e-15 8.7364e-15 4.56372e-14 2.35929e-13 1.17356e-12 5.6088e-12 2.5739e-11 1.13342e-10 4.78596e-10 1.93648e-09 7.50225e-09 2.78078e-08 9.85337e-08 3.33489e-07 1.07717e-06 3.31759e-06 9.73451e-06 2.71887e-05 7.22238e-05 0.000182323 0.000437062 0.000994237 0.002145 0.00438685 0.00850236 0.0156154 0.0271818 0.0448707 0.070315 0.104765 0.148736 0.201782 0.262488 0.328688 0.397824 0.467307 0.534788 0.598319 0.656428 0.708154 0.753025 0.790994 0.822341 0.847556 0.867249 0.882096 0.892811 0.900126 0.90474 0.907241 0.908029 0.907241 0.90474 0.900126 0.892811 0.882096 0.867249 0.847556 0.822341 0.790994 0.753025 0.708154 0.656428 0.598319 0.534788 0.467307 0.397824 0.328688 0.262488 0.201782 0.148736 0.104765 0.070315 0.0448707 0.0271818 0.0156154 0.00850236 0.00438685 0.002145 0.000994237 0.000437062 0.000182323 7.22238e-05 2.71887e-05 9.73451e-06 3.31759e-06 1.07717e-06 3.33489e-07 9.85337e-08 2.78078e-08 7.50225e-09 1.93648e-09 4.78596e-10 1.13342e-10 2.5739e-11 5.6088e-12 1.17356e-12 2.35929e-13 4.56372e-14 8.7364e-15 
6.81698e-15 1.94474e-14 1.00453e-13 5.13718e-13 2.5275e-12 1.19456e-11 5.41976e-11 2.3589e-10 9.84191e-10 3.9333e-09 1.50451e-08 5.50337e-08 1.92346e-07 6.4176e-07 2.04221e-06 6.19255e-06 1.78764e-05 4.90838e-05 0.000128075 0.00031732 0.000745945 0.00166265 0.00351187 0.00702659 0.0133146 0.0238942 0.0406234 0.0654742 0.100153 0.145637 0.201782 0.267158 0.339208 0.414704 0.490306 0.563058 0.630672 0.691607 0.745019 0.790655 0.828726 0.859774 0.884542 0.903852 0.918524 0.929329 0.936978 0.942123 0.945331 0.947059 0.9476 0.947059 0.945331 0.942123 0.936978 0.929329 0.918524 0.903852 0.884542 0.859774 0.828726 0.790655 0.745019 0.691607 0.630672 0.563058 0.490306 0.414704 0.339208 0.267158 0.201782 0.145637 0.100153 0.0654742 0.0406234 0.0238942 0.0133146 0.00702659 0.00351187 0.00166265 0.000745945 0.00031732 0.000128075 4.90838e-05 1.78764e-05 6.19255e-06 2.04221e-06 6.4176e-07 1.92346e-07 5.50337e-08 1.50451e-08 3.9333e-09 9.84191e-10 2.3589e-10 5.41976e-11 1.19456e-11 2.5275e-12 5.13718e-13 1.00453e-13 1.94474e-14 
1.46712e-14 4.14584e-14 2.11846e-13 1.07216e-12 5.21973e-12 2.4406e-11 1.09521e-10 4.71338e-10 1.94387e-09 7.67632e-09 2.90013e-08 1.04731e-07 3.61182e-07 1.18839e-06 3.72695e-06 1.11297e-05 3.1617e-05 8.5359e-05 0.000218809 0.000532095 0.00122654 0.00267821 0.00553669 0.010833 0.0200579 0.0351497 0.0583258 0.0917206 0.136869 0.194163 0.262488 0.339208 0.420577 0.502435 0.580963 0.653219 0.717359 0.772564 0.818818 0.856654 0.886934 0.910681 0.928945 0.942718 0.952877 0.960172 0.96523 0.968576 0.970637 0.971737 0.972081 0.971737 0.970637 0.968576 0.96523 0.960172 0.952877 0.942718 0.928945 0.910681 0.886934 0.856654 0.818818 0.772564 0.717359 0.653219 0.580963 0.502435 0.420577 0.339208 0.262488 0.194163 0.136869 0.0917206 0.0583258 0.0351497 0.0200579 0.010833 0.00553669 0.00267821 0.00122654 0.000532095 0.000218809 8.5359e-05 3.1617e-05 1.11297e-05 3.72695e-06 1.18839e-06 3.61182e-07 1.04731e-07 2.90013e-08 7.67632e-09 1.94387e-09 4.71338e-10 1.09521e-10 2.4406e-11 5.21973e-12 1.07216e-12 2.11846e-13 4.14584e-14 
3.02222e-14 8.46318e-14 4.28003e-13 2.14465e-12 1.0336e-11 4.78323e-11 2.12391e-10 9.042e-10 3.68768e-09 1.43957e-08 5.37412e-08 1.91679e-07 6.52538e-07 2.11819e-06 6.54938e-06 1.9269e-05 5.38872e-05 0.000143097 0.000360467 0.000860569 0.0019455 0.00416199 0.00842109 0.0161102 0.0291398 0.0498477 0.0806971 0.123762 0.180097 0.249183 0.328688 0.414704 0.502435 0.587127 0.664907 0.733273 0.79115 0.838626 0.876553 0.906173 0.928853 0.945911 0.958532 0.967717 0.974281 0.978866 0.981975 0.983994 0.985222 0.985871 0.986073 0.985871 0.985222 0.983994 0.981975 0.978866 0.974281 0.967717 0.958532 0.945911 0.928853 0.906173 0.876553 0.838626 0.79115 0.733273 0.664907 0.587127 0.502435 0.414704 0.328688 0.249183 0.180097 0.123762 0.0806971 0.0498477 0.0291398 0.0161102 0.00842109 0.00416199 0.0019455 0.000860569 0.000360467 0.000143097 5.38872e-05 1.9269e-05 6.54938e-06 2.11819e-06 6.52538e-07 1.91679e-07 5.37412e-08 1.43957e-08 3.68768e-09 9.042e-10 2.12391e-10 4.78323e-11 1.0336e-11 2.14465e-12 4.28003e-13 8.46318e-14 
5.95797e-14 1.6541e-13 8.28303e-13 4.1112e-12 1.96234e-11 8.99216e-11 3.9527e-10 1.66538e-09 6.7198e-09 2.59435e-08 9.57455e-08 3.37439e-07 1.13451e-06 3.63493e-06 1.10861e-05 3.21491e-05 8.85489e-05 0.000231388 0.000573033 0.0013436 0.0029801 0.006248 0.0123759 0.0231535 0.0409155 0.0683233 0.107902 0.161378 0.228991 0.309028 0.397824 0.490306 0.580963 0.664907 0.738686 0.800598 0.850534 0.889507 0.919122 0.941142 0.957224 0.968793 0.977003 0.982755 0.986727 0.989422 0.991204 0.992339 0.993019 0.993375 0.993485 0.993375 0.993019 0.992339 0.991204 0.989422 0.986727 0.982755 0.977003 0.968793 0.957224 0.941142 0.919122 0.889507 0.850534 0.800598 0.738686 0.664907 0.580963 0.490306 0.397824 0.309028 0.228991 0.161378 0.107902 0.0683233 0.0409155 0.0231535 0.0123759 0.006248 0.0029801 0.0013436 0.000573033 0.000231388 8.85489e-05 3.21491e-05 1.10861e-05 3.63493e-06 1.13451e-06 3.37439e-07 9.57455e-08 2.59435e-08 6.7198e-09 1.66538e-09 3.9527e-10 8.99216e-11 1.96234e-11 4.1112e-12 8.28303e-13 1.6541e-13 
