0.00167363 0.00169518 0.00176003 0.00186877 0.00202238 0.00222219 0.00246989 0.00276743 0.00311704 0.00352115 0.00398233 0.00450322 0.00508649 0.00573473 0.00645041 0.00723575 0.00809268 0.00902272 0.0100269 0.0111058 0.0122593 0.0134864 0.0147858 0.0161548 0.0175903 0.0190881 0.0206432 0.0222495 0.0239003 0.0255877 0.0273032 0.0290374 0.0307803 0.0325212 0.0342489 0.0359518 0.0376182 0.0392359 0.040793 0.0422776 0.043678 0.0449832 0.0461825 0.047266 0.0482246 0.0490502 0.0497357 0.0502751 0.0506638 0.0508985 0.0509769 0.0508985 0.0506638 0.0502751 0.0497357 0.0490502 0.0482246 0.047266 0.0461825 0.0449832 0.043678 0.0422776 0.040793 0.0392359 0.0376182 0.0359518 0.0342489 0.0325212 0.0307803 0.0290374 0.0273032 0.0255877 0.0239003 0.0222495 0.0206432 0.0190881 0.0175903 0.0161548 0.0147858 0.0134864 0.0122593 0.0111058 0.0100269 0.00902272 0.00809268 0.00723575 0.00645041 0.00573473 0.00508649 0.00450322 0.00398233 0.00352115 0.00311704 0.00276743 0.00246989 0.00222219 0.00202238 0.00186877 0.00176003 0.00169518 
0.00169518 0.00171698 0.0017826 0.00189262 0.00204803 0.00225019 0.00250077 0.00280177 0.00315542 0.00356418 0.00403062 0.00455743 0.00514728 0.00580279 0.00652643 0.00732044 0.00818675 0.00912691 0.010142 0.0112324 0.0123981 0.0136382 0.0149511 0.0163343 0.0177846 0.0192977 0.0208685 0.022491 0.0241582 0.0258623 0.0275947 0.0293458 0.0311056 0.0328632 0.0346075 0.0363266 0.0380087 0.0396416 0.0412133 0.0427117 0.0441251 0.0454423 0.0466527 0.0477461 0.0487134 0.0495465 0.0502382 0.0507825 0.0511748 0.0514115 0.0514906 0.0514115 0.0511748 0.0507825 0.0502382 0.0495465 0.0487134 0.0477461 0.0466527 0.0454423 0.0441251 0.0427117 0.0412133 0.0396416 0.0380087 0.0363266 0.0346075 0.0328632 0.0311056 0.0293458 0.0275947 0.0258623 0.0241582 0.022491 0.0208685 0.0192977 0.0177846 0.0163343 0.0149511 0.0136382 0.0123981 0.0112324 0.010142 0.00912691 0.00818675 0.00732044 0.00652643 0.00580279 0.00514728 0.00455743 0.00403062 0.00356418 0.00315542 0.00280177 0.00250077 0.00225019 0.00204803 0.00189262 0.0017826 0.00171698 
0.00176003 0.0017826 0.00185051 0.00196438 0.00212522 0.00233441 0.00259368 0.00290507 0.00327087 0.00369359 0.00417588 0.00472047 0.0053301 0.00600743 0.006755 0.00757506 0.00846959 0.00944013 0.0104877 0.0116129 0.0128154 0.0140943 0.015448 0.0168738 0.0183684 0.0199274 0.0215455 0.0232165 0.0249332 0.0266874 0.0284704 0.0302723 0.0320828 0.0338907 0.0356846 0.0374523 0.0391817 0.0408602 0.0424756 0.0440154 0.0454678 0.0468211 0.0480644 0.0491876 0.0501812 0.0510368 0.0517472 0.0523062 0.052709 0.0529521 0.0530333 0.0529521 0.052709 0.0523062 0.0517472 0.0510368 0.0501812 0.0491876 0.0480644 0.0468211 0.0454678 0.0440154 0.0424756 0.0408602 0.0391817 0.0374523 0.0356846 0.0338907 0.0320828 0.0302723 0.0284704 0.0266874 0.0249332 0.0232165 0.0215455 0.0199274 0.0183684 0.0168738 0.015448 0.0140943 0.0128154 0.0116129 0.0104877 0.00944013 0.00846959 0.00757506 0.006755 0.00600743 0.0053301 0.00472047 0.00417588 0.00369359 0.00327087 0.00290507 0.00259368 0.00233441 0.00212522 0.00196438 0.00185051 0.0017826 
0.00186877 0.00189262 0.00196438 0.00208469 0.00225461 0.00247558 0.0027494 0.00307818 0.00346432 0.00391041 0.00441921 0.00499354 0.00563626 0.00635011 0.00713768 0.00800132 0.00894303 0.00996437 0.0110664 0.0122495 0.0135135 0.0148573 0.0162791 0.0177762 0.0193449 0.0209805 0.0226776 0.0244295 0.0262286 0.0280666 0.029934 0.0318207 0.0337158 0.0356077 0.0374843 0.039333 0.0411412 0.0428958 0.044584 0.0461929 0.0477101 0.0491237 0.0504221 0.0515948 0.0526322 0.0535253 0.0542668 0.0548503 0.0552706 0.0555243 0.0556092 0.0555243 0.0552706 0.0548503 0.0542668 0.0535253 0.0526322 0.0515948 0.0504221 0.0491237 0.0477101 0.0461929 0.044584 0.0428958 0.0411412 0.039333 0.0374843 0.0356077 0.0337158 0.0318207 0.029934 0.0280666 0.0262286 0.0244295 0.0226776 0.0209805 0.0193449 0.0177762 0.0162791 0.0148573 0.0135135 0.0122495 0.0110664 0.00996437 0.00894303 0.00800132 0.00713768 0.00635011 0.00563626 0.00499354 0.00441921 0.00391041 0.00346432 0.00307818 0.0027494 0.00247558 0.00225461 0.00208469 0.00196438 0.00189262 
0.00202238 0.00204803 0.00212522 0.00225461 0.00243733 0.0026749 0.0029692 0.00332248 0.00373726 0.00421627 0.0047624 0.00537862 0.00606791 0.00683315 0.00767703 0.00860198 0.00961005 0.0107028 0.0118813 0.013146 0.0144964 0.0159314 0.0174489 0.019046 0.0207187 0.022462 0.0242699 0.0261353 0.0280503 0.0300057 0.0319916 0.0339972 0.0360109 0.0380204 0.040013 0.0419753 0.0438939 0.0457551 0.0475453 0.049251 0.050859 0.0523568 0.0537323 0.0549745 0.056073 0.0570188 0.0578038 0.0584215 0.0588664 0.059135 0.0592248 0.059135 0.0588664 0.0584215 0.0578038 0.0570188 0.056073 0.0549745 0.0537323 0.0523568 0.050859 0.049251 0.0475453 0.0457551 0.0438939 0.0419753 0.040013 0.0380204 0.0360109 0.0339972 0.0319916 0.0300057 0.0280503 0.0261353 0.0242699 0.022462 0.0207187 0.019046 0.0174489 0.0159314 0.0144964 0.013146 0.0118813 0.0107028 0.00961005 0.00860198 0.00767703 0.00683315 0.00606791 0.00537862 0.0047624 0.00421627 0.00373726 0.00332248 0.0029692 0.0026749 0.00243733 0.00225461 0.00212522 0.00204803 
0.00222219 0.00225019 0.00233441 0.00247558 0.0026749 0.00293397 0.00325484 0.00363988 0.00409177 0.00461343 0.00520792 0.0058784 0.006628 0.00745977 0.00837652 0.00938079 0.0104747 0.0116599 0.0129373 0.0143073 0.0157694 0.0173222 0.0189633 0.0206896 0.0224965 0.0243787 0.0263296 0.0283415 0.0304058 0.0325126 0.0346511 0.0368099 0.0389764 0.0411374 0.0432793 0.0453878 0.0474485 0.0494468 0.0513683 0.0531984 0.0549232 0.0565294 0.0580041 0.0593354 0.0605126 0.0615259 0.0623669 0.0630285 0.0635051 0.0637928 0.0638889 0.0637928 0.0635051 0.0630285 0.0623669 0.0615259 0.0605126 0.0593354 0.0580041 0.0565294 0.0549232 0.0531984 0.0513683 0.0494468 0.0474485 0.0453878 0.0432793 0.0411374 0.0389764 0.0368099 0.0346511 0.0325126 0.0304058 0.0283415 0.0263296 0.0243787 0.0224965 0.0206896 0.0189633 0.0173222 0.0157694 0.0143073 0.0129373 0.0116599 0.0104747 0.00938079 0.00837652 0.00745977 0.006628 0.0058784 0.00520792 0.00461343 0.00409177 0.00363988 0.00325484 0.00293397 0.0026749 0.00247558 0.00233441 0.00225019 
0.00246989 0.00250077 0.00259368 0.0027494 0.0029692 0.00325484 0.0036085 0.00403273 0.00453043 0.0051047 0.00575884 0.00649622 0.00732017 0.00823391 0.00924045 0.0103424 0.011542 0.0128409 0.0142401 0.0157397 0.0173391 0.0190366 0.0208297 0.0227146 0.0246864 0.0267391 0.0288654 0.031057 0.0333043 0.0355967 0.0379224 0.0402688 0.0426224 0.0449689 0.0472935 0.0495809 0.0518155 0.0539816 0.0560634 0.0580457 0.0599133 0.0616519 0.0632477 0.064688 0.0659613 0.0670572 0.0679665 0.0686817 0.069197 0.0695079 0.0696118 0.0695079 0.069197 0.0686817 0.0679665 0.0670572 0.0659613 0.064688 0.0632477 0.0616519 0.0599133 0.0580457 0.0560634 0.0539816 0.0518155 0.0495809 0.0472935 0.0449689 0.0426224 0.0402688 0.0379224 0.0355967 0.0333043 0.031057 0.0288654 0.0267391 0.0246864 0.0227146 0.0208297 0.0190366 0.0173391 0.0157397 0.0142401 0.0128409 0.011542 0.0103424 0.00924045 0.00823391 0.00732017 0.00649622 0.00575884 0.0051047 0.00453043 0.00403273 0.0036085 0.00325484 0.0029692 0.0027494 0.00259368 0.00250077 
0.00276743 0.00280177 0.00290507 0.00307818 0.00332248 0.00363988 0.00403273 0.00450381 0.00505623 0.00569336 0.00641873 0.00723597 0.00814865 0.0091602 0.0102738 0.0114923 0.0128178 0.0142522 0.0157963 0.0174501 0.0192129 0.0210827 0.0230564 0.0251298 0.0272974 0.0295526 0.0318872 0.034292 0.0367564 0.0392688 0.0418163 0.044385 0.0469602 0.0495263 0.0520672 0.0545663 0.0570065 0.0593709 0.0616424 0.0638045 0.0658408 0.0677357 0.0694746 0.0710436 0.0724304 0.0736236 0.0746136 0.0753922 0.075953 0.0762913 0.0764044 0.0762913 0.075953 0.0753922 0.0746136 0.0736236 0.0724304 0.0710436 0.0694746 0.0677357 0.0658408 0.0638045 0.0616424 0.0593709 0.0570065 0.0545663 0.0520672 0.0495263 0.0469602 0.044385 0.0418163 0.0392688 0.0367564 0.034292 0.0318872 0.0295526 0.0272974 0.0251298 0.0230564 0.0210827 0.0192129 0.0174501 0.0157963 0.0142522 0.0128178 0.0114923 0.0102738 0.0091602 0.00814865 0.00723597 0.00641873 0.00569336 0.00505623 0.00450381 0.00403273 0.00363988 0.00332248 0.00307818 0.00290507 0.00280177 
0.00311704 0.00315542 0.00327087 0.00346432 0.00373726 0.00409177 0.00453043 0.00505623 0.00567256 0.00638307 0.00719158 0.008102 0.00911817 0.0102438 0.0114822 0.0128363 0.0143086 0.0159006 0.0176133 0.0194466 0.0213993 0.0234691 0.0256526 0.0279448 0.0303397 0.0328296 0.0354056 0.0380575 0.0407734 0.0435405 0.0463445 0.0491704 0.0520018 0.0548218 0.0576126 0.060356 0.0630336 0.0656269 0.0681172 0.0704866 0.0727173 0.0747926 0.0766963 0.0784136 0.079931 0.0812364 0.0823192 0.0831707 0.083784 0.084154 0.0842776 0.084154 0.083784 0.0831707 0.0823192 0.0812364 0.079931 0.0784136 0.0766963 0.0747926 0.0727173 0.0704866 0.0681172 0.0656269 0.0630336 0.060356 0.0576126 0.0548218 0.0520018 0.0491704 0.0463445 0.0435405 0.0407734 0.0380575 0.0354056 0.0328296 0.0303397 0.0279448 0.0256526 0.0234691 0.0213993 0.0194466 0.0176133 0.0159006 0.0143086 0.0128363 0.0114822 0.0102438 0.00911817 0.008102 0.00719158 0.00638307 0.00567256 0.00505623 0.00453043 0.00409177 0.00373726 0.00346432 0.00327087 0.00315542 
0.00352115 0.00356418 0.00369359 0.00391041 0.00421627 0.00461343 0.0051047 0.00569336 0.00638307 0.00717781 0.00808172 0.00909901 0.0102338 0.0114901 0.0128715 0.0143809 0.0160211 0.0177935 0.0196989 0.0217372 0.0239068 0.026205 0.0286278 0.0311696 0.0338235 0.0365809 0.0394318 0.0423647 0.0453667 0.0484234 0.051519 0.054637 0.0577593 0.0608672 0.0639414 0.066962 0.0699086 0.0727611 0.0754993 0.0781034 0.0805542 0.0828334 0.0849235 0.0868085 0.0884737 0.0899058 0.0910936 0.0920275 0.0927 0.0931057 0.0932413 0.0931057 0.0927 0.0920275 0.0910936 0.0899058 0.0884737 0.0868085 0.0849235 0.0828334 0.0805542 0.0781034 0.0754993 0.0727611 0.0699086 0.066962 0.0639414 0.0608672 0.0577593 0.054637 0.051519 0.0484234 0.0453667 0.0423647 0.0394318 0.0365809 0.0338235 0.0311696 0.0286278 0.026205 0.0239068 0.0217372 0.0196989 0.0177935 0.0160211 0.0143809 0.0128715 0.0114901 0.0102338 0.00909901 0.00808172 0.00717781 0.00638307 0.00569336 0.0051047 0.00461343 0.00421627 0.00391041 0.00369359 0.00356418 
0.00398233 0.00403062 0.00417588 0.00441921 0.0047624 0.00520792 0.00575884 0.00641873 0.00719158 0.00808172 0.00909363 0.0102319 0.0115009 0.0129049 0.0144478 0.0161328 0.0179624 0.0199383 0.0220612 0.0243305 0.0267444 0.0292998 0.0319918 0.0348143 0.0377592 0.040817 0.0439765 0.0472249 0.0505476 0.0539288 0.0573512 0.0607961 0.0642438 0.0676739 0.071065 0.0743951 0.0776422 0.0807842 0.0837989 0.0866648 0.089361 0.0918675 0.0941654 0.0962372 0.0980669 0.0996402 0.100945 0.10197 0.102709 0.103154 0.103303 0.103154 0.102709 0.10197 0.100945 0.0996402 0.0980669 0.0962372 0.0941654 0.0918675 0.089361 0.0866648 0.0837989 0.0807842 0.0776422 0.0743951 0.071065 0.0676739 0.0642438 0.0607961 0.0573512 0.0539288 0.0505476 0.0472249 0.0439765 0.040817 0.0377592 0.0348143 0.0319918 0.0292998 0.0267444 0.0243305 0.0220612 0.0199383 0.0179624 0.0161328 0.0144478 0.0129049 0.0115009 0.0102319 0.00909363 0.00808172 0.00719158 0.00641873 0.00575884 0.00520792 0.0047624 0.00441921 0.00417588 0.00403062 
0.00450322 0.00455743 0.00472047 0.00499354 0.00537862 0.0058784 0.00649622 0.00723597 0.008102 0.00909901 0.0102319 0.0115055 0.0129247 0.0144939 0.0162173 0.0180983 0.0201395 0.0223425 0.0247078 0.0272346 0.0299207 0.0327622 0.0357538 0.0388883 0.0421566 0.0455481 0.04905 0.0526482 0.0563265 0.0600672 0.0638511 0.0676578 0.0714655 0.0752516 0.0789926 0.0826646 0.0862433 0.0897044 0.093024 0.0961785 0.099145 0.101902 0.104428 0.106706 0.108716 0.110445 0.111878 0.113005 0.113816 0.114305 0.114468 0.114305 0.113816 0.113005 0.111878 0.110445 0.108716 0.106706 0.104428 0.101902 0.099145 0.0961785 0.093024 0.0897044 0.0862433 0.0826646 0.0789926 0.0752516 0.0714655 0.0676578 0.0638511 0.0600672 0.0563265 0.0526482 0.04905 0.0455481 0.0421566 0.0388883 0.0357538 0.0327622 0.0299207 0.0272346 0.0247078 0.0223425 0.0201395 0.0180983 0.0162173 0.0144939 0.0129247 0.0115055 0.0102319 0.00909901 0.008102 0.00723597 0.00649622 0.0058784 0.00537862 0.00499354 0.00472047 0.00455743 
0.00508649 0.00514728 0.0053301 0.00563626 0.00606791 0.006628 0.00732017 0.00814865 0.00911817 0.0102338 0.0115009 0.0129247 0.0145103 0.0162626 0.018186 0.0202839 0.022559 0.025013 0.0276461 0.0304572 0.0334436 0.0366007 0.0399224 0.0434004 0.0470246 0.0507829 0.0546612 0.0586435 0.062712 0.066847 0.0710273 0.0752303 0.079432 0.0836076 0.0877313 0.0917768 0.0957177 0.0995274 0.10318 0.106649 0.10991 0.11294 0.115715 0.118217 0.120424 0.122322 0.123895 0.125131 0.126021 0.126558 0.126737 0.126558 0.126021 0.125131 0.123895 0.122322 0.120424 0.118217 0.115715 0.11294 0.10991 0.106649 0.10318 0.0995274 0.0957177 0.0917768 0.0877313 0.0836076 0.079432 0.0752303 0.0710273 0.066847 0.062712 0.0586435 0.0546612 0.0507829 0.0470246 0.0434004 0.0399224 0.0366007 0.0334436 0.0304572 0.0276461 0.025013 0.022559 0.0202839 0.018186 0.0162626 0.0145103 0.0129247 0.0115009 0.0102338 0.00911817 0.00814865 0.00732017 0.006628 0.00606791 0.00563626 0.0053301 0.00514728 
0.00573473 0.00580279 0.00600743 0.00635011 0.00683315 0.00745977 0.00823391 0.0091602 0.0102438 0.0114901 0.0129049 0.0144939 0.0162626 0.0182162 0.0203592 0.0226952 0.0252271 0.0279563 0.0308829 0.0340053 0.0373201 0.0408224 0.0445047 0.0483578 0.0523704 0.0565287 0.0608171 0.0652178 0.0697108 0.0742746 0.0788856 0.0835189 0.0881483 0.0927463 0.0972847 0.101735 0.106068 0.110255 0.114267 0.118076 0.121655 0.12498 0.128024 0.130767 0.133187 0.135267 0.136991 0.138345 0.13932 0.139908 0.140105 0.139908 0.13932 0.138345 0.136991 0.135267 0.133187 0.130767 0.128024 0.12498 0.121655 0.118076 0.114267 0.110255 0.106068 0.101735 0.0972847 0.0927463 0.0881483 0.0835189 0.0788856 0.0742746 0.0697108 0.0652178 0.0608171 0.0565287 0.0523704 0.0483578 0.0445047 0.0408224 0.0373201 0.0340053 0.0308829 0.0279563 0.0252271 0.0226952 0.0203592 0.0182162 0.0162626 0.0144939 0.0129049 0.0114901 0.0102438 0.0091602 0.00823391 0.00745977 0.00683315 0.00635011 0.00600743 0.00580279 
0.00645041 0.00652643 0.006755 0.00713768 0.00767703 0.00837652 0.00924045 0.0102738 0.0114822 0.0128715 0.0144478 0.0162173 0.018186 0.0203592 0.0227417 0.0253373 0.0281489 0.0311777 0.0344235 0.0378842 0.041556 0.0454328 0.0495064 0.0537661 0.0581993 0.0627906 0.0675225 0.0723752 0.0773267 0.0823532 0.0874286 0.0925257 0.0976155 0.102668 0.107653 0.112538 0.117292 0.121883 0.126281 0.130455 0.134376 0.138015 0.141348 0.144349 0.146997 0.149272 0.151157 0.152637 0.153703 0.154346 0.154561 0.154346 0.153703 0.152637 0.151157 0.149272 0.146997 0.144349 0.141348 0.138015 0.134376 0.130455 0.126281 0.121883 0.117292 0.112538 0.107653 0.102668 0.0976155 0.0925257 0.0874286 0.0823532 0.0773267 0.0723752 0.0675225 0.0627906 0.0581993 0.0537661 0.0495064 0.0454328 0.041556 0.0378842 0.0344235 0.0311777 0.0281489 0.0253373 0.0227417 0.0203592 0.018186 0.0162173 0.0144478 0.0128715 0.0114822 0.0102738 0.00924045 0.00837652 0.00767703 0.00713768 0.006755 0.00652643 
0.00723575 0.00732044 0.00757506 0.00800132 0.00860198 0.00938079 0.0103424 0.0114923 0.0128363 0.0143809 0.0161328 0.0180983 0.0202839 0.0226952 0.0253373 0.0282142 0.0313284 0.0346812 0.038272 0.0420982 0.0461551 0.0504358 0.0549309 0.0596284 0.064514 0.0695707 0.074779 0.0801169 0.0855601 0.0910824 0.0966552 0.102248 0.10783 0.113369 0.118829 0.124178 0.129381 0.134404 0.139213 0.143775 0.148059 0.152034 0.155672 0.158948 0.161837 0.164319 0.166375 0.16799 0.169152 0.169853 0.170087 0.169853 0.169152 0.16799 0.166375 0.164319 0.161837 0.158948 0.155672 0.152034 0.148059 0.143775 0.139213 0.134404 0.129381 0.124178 0.118829 0.113369 0.10783 0.102248 0.0966552 0.0910824 0.0855601 0.0801169 0.074779 0.0695707 0.064514 0.0596284 0.0549309 0.0504358 0.0461551 0.0420982 0.038272 0.0346812 0.0313284 0.0282142 0.0253373 0.0226952 0.0202839 0.0180983 0.0161328 0.0143809 0.0128363 0.0114923 0.0103424 0.00938079 0.00860198 0.00800132 0.00757506 0.00732044 
0.00809268 0.00818675 0.00846959 0.00894303 0.00961005 0.0104747 0.011542 0.0128178 0.0143086 0.0160211 0.0179624 0.0201395 0.022559 0.0252271 0.0281489 0.0313284 0.0347683 0.0384694 0.0424307 0.0466491 0.0511191 0.0558327 0.0607791 0.0659451 0.0713144 0.0768682 0.0825849 0.0884403 0.0944075 0.100458 0.106559 0.11268 0.118785 0.124839 0.130805 0.136645 0.142324 0.147803 0.153046 0.158019 0.162686 0.167015 0.170977 0.174542 0.177686 0.180386 0.182622 0.184379 0.185642 0.186404 0.186659 0.186404 0.185642 0.184379 0.182622 0.180386 0.177686 0.174542 0.170977 0.167015 0.162686 0.158019 0.153046 0.147803 0.142324 0.136645 0.130805 0.124839 0.118785 0.11268 0.106559 0.100458 0.0944075 0.0884403 0.0825849 0.0768682 0.0713144 0.0659451 0.0607791 0.0558327 0.0511191 0.0466491 0.0424307 0.0384694 0.0347683 0.0313284 0.0281489 0.0252271 0.022559 0.0201395 0.0179624 0.0160211 0.0143086 0.0128178 0.011542 0.0104747 0.00961005 0.00894303 0.00846959 0.00818675 
0.00902272 0.00912691 0.00944013 0.00996437 0.0107028 0.0116599 0.0128409 0.0142522 0.0159006 0.0177935 0.0199383 0.0223425 0.025013 0.0279563 0.0311777 0.0346812 0.0384694 0.0425428 0.0468999 0.0515369 0.0564474 0.0616222 0.0670491 0.0727133 0.0785968 0.0846785 0.0909347 0.0973386 0.103861 0.11047 0.117131 0.123809 0.130466 0.137063 0.143561 0.14992 0.156099 0.162058 0.167758 0.173161 0.178231 0.182932 0.187232 0.191101 0.194512 0.19744 0.199865 0.201769 0.203139 0.203965 0.204241 0.203965 0.203139 0.201769 0.199865 0.19744 0.194512 0.191101 0.187232 0.182932 0.178231 0.173161 0.167758 0.162058 0.156099 0.14992 0.143561 0.137063 0.130466 0.123809 0.117131 0.11047 0.103861 0.0973386 0.0909347 0.0846785 0.0785968 0.0727133 0.0670491 0.0616222 0.0564474 0.0515369 0.0468999 0.0425428 0.0384694 0.0346812 0.0311777 0.0279563 0.025013 0.0223425 0.0199383 0.0177935 0.0159006 0.0142522 0.0128409 0.0116599 0.0107028 0.00996437 0.00944013 0.00912691 
0.0100269 0.010142 0.0104877 0.0110664 0.0118813 0.0129373 0.0142401 0.0157963 0.0176133 0.0196989 0.0220612 0.0247078 0.0276461 0.0308829 0.0344235 0.038272 0.0424307 0.0468999 0.0516775 0.0567589 0.0621365 0.0677999 0.0737357 0.0799269 0.0863538 0.092993 0.0998183 0.1068 0.113907 0.121104 0.128353 0.135616 0.142853 0.15002 0.157076 0.163977 0.170679 0.17714 0.183317 0.18917 0.19466 0.199748 0.204401 0.208586 0.212275 0.215441 0.218062 0.22012 0.221601 0.222493 0.222792 0.222493 0.221601 0.22012 0.218062 0.215441 0.212275 0.208586 0.204401 0.199748 0.19466 0.18917 0.183317 0.17714 0.170679 0.163977 0.157076 0.15002 0.142853 0.135616 0.128353 0.121104 0.113907 0.1068 0.0998183 0.092993 0.0863538 0.0799269 0.0737357 0.0677999 0.0621365 0.0567589 0.0516775 0.0468999 0.0424307 0.038272 0.0344235 0.0308829 0.0276461 0.0247078 0.0220612 0.0196989 0.0176133 0.0157963 0.0142401 0.0129373 0.0118813 0.0110664 0.0104877 0.010142 
0.0111058 0.0112324 0.0116129 0.0122495 0.013146 0.0143073 0.0157397 0.0174501 0.0194466 0.0217372 0.0243305 0.0272346 0.0304572 0.0340053 0.0378842 0.0420982 0.0466491 0.0515369 0.0567589 0.0623093 0.0681798 0.0743584 0.0808299 0.0875757 0.0945737 0.101798 0.109221 0.116809 0.124528 0.13234 0.140204 0.148079 0.15592 0.163682 0.171319 0.178784 0.18603 0.193013 0.199686 0.206005 0.21193 0.21742 0.222438 0.226951 0.230927 0.234338 0.237163 0.23938 0.240975 0.241936 0.242257 0.241936 0.240975 0.23938 0.237163 0.234338 0.230927 0.226951 0.222438 0.21742 0.21193 0.206005 0.199686 0.193013 0.18603 0.178784 0.171319 0.163682 0.15592 0.148079 0.140204 0.13234 0.124528 0.116809 0.109221 0.101798 0.0945737 0.0875757 0.0808299 0.0743584 0.0681798 0.0623093 0.0567589 0.0515369 0.0466491 0.0420982 0.0378842 0.0340053 0.0304572 0.0272346 0.0243305 0.0217372 0.0194466 0.0174501 0.0157397 0.0143073 0.013146 0.0122495 0.0116129 0.0112324 
0.0122593 0.0123981 0.0128154 0.0135135 0.0144964 0.0157694 0.0173391 0.0192129 0.0213993 0.0239068 0.0267444 0.0299207 0.0334436 0.0373201 0.041556 0.0461551 0.0511191 0.0564474 0.0621365 0.0681798 0.0745675 0.0812862 0.0883191 0.0956454 0.103241 0.111077 0.119123 0.127343 0.1357 0.144152 0.152656 0.161166 0.169634 0.178013 0.186251 0.1943 0.20211 0.209631 0.216816 0.223617 0.229991 0.235894 0.241289 0.246138 0.25041 0.254074 0.257107 0.259488 0.2612 0.262232 0.262577 0.262232 0.2612 0.259488 0.257107 0.254074 0.25041 0.246138 0.241289 0.235894 0.229991 0.223617 0.216816 0.209631 0.20211 0.1943 0.186251 0.178013 0.169634 0.161166 0.152656 0.144152 0.1357 0.127343 0.119123 0.111077 0.103241 0.0956454 0.0883191 0.0812862 0.0745675 0.0681798 0.0621365 0.0564474 0.0511191 0.0461551 0.041556 0.0373201 0.0334436 0.0299207 0.0267444 0.0239068 0.0213993 0.0192129 0.0173391 0.0157694 0.0144964 0.0135135 0.0128154 0.0123981 
0.0134864 0.0136382 0.0140943 0.0148573 0.0159314 0.0173222 0.0190366 0.0210827 0.0234691 0.026205 0.0292998 0.0327622 0.0366007 0.0408224 0.0454328 0.0504358 0.0558327 0.0616222 0.0677999 0.0743584 0.0812862 0.0885686 0.0961866 0.104117 0.112334 0.120806 0.1295 0.138376 0.147393 0.156508 0.165673 0.17484 0.183956 0.19297 0.201829 0.210479 0.218868 0.226943 0.234653 0.241948 0.248782 0.25511 0.260889 0.266083 0.270657 0.27458 0.277826 0.280374 0.282206 0.28331 0.283679 0.28331 0.282206 0.280374 0.277826 0.27458 0.270657 0.266083 0.260889 0.25511 0.248782 0.241948 0.234653 0.226943 0.218868 0.210479 0.201829 0.19297 0.183956 0.17484 0.165673 0.156508 0.147393 0.138376 0.1295 0.120806 0.112334 0.104117 0.0961866 0.0885686 0.0812862 0.0743584 0.0677999 0.0616222 0.0558327 0.0504358 0.0454328 0.0408224 0.0366007 0.0327622 0.0292998 0.026205 0.0234691 0.0210827 0.0190366 0.0173222 0.0159314 0.0148573 0.0140943 0.0136382 
0.0147858 0.0149511 0.015448 0.0162791 0.0174489 0.0189633 0.0208297 0.0230564 0.0256526 0.0286278 0.0319918 0.0357538 0.0399224 0.0445047 0.0495064 0.0549309 0.0607791 0.0670491 0.0737357 0.0808299 0.0883191 0.0961866 0.104411 0.112969 0.121829 0.130959 0.140321 0.149874 0.159573 0.16937 0.179216 0.189057 0.198838 0.208505 0.218 0.227266 0.236247 0.244888 0.253134 0.260933 0.268236 0.274996 0.281168 0.286712 0.291593 0.295779 0.299242 0.301959 0.303913 0.30509 0.305483 0.30509 0.303913 0.301959 0.299242 0.295779 0.291593 0.286712 0.281168 0.274996 0.268236 0.260933 0.253134 0.244888 0.236247 0.227266 0.218 0.208505 0.198838 0.189057 0.179216 0.16937 0.159573 0.149874 0.140321 0.130959 0.121829 0.112969 0.104411 0.0961866 0.0883191 0.0808299 0.0737357 0.0670491 0.0607791 0.0549309 0.0495064 0.0445047 0.0399224 0.0357538 0.0319918 0.0286278 0.0256526 0.0230564 0.0208297 0.0189633 0.0174489 0.0162791 0.015448 0.0149511 
0.0161548 0.0163343 0.0168738 0.0177762 0.019046 0.0206896 0.0227146 0.0251298 0.0279448 0.0311696 0.0348143 0.0388883 0.0434004 0.0483578 0.0537661 0.0596284 0.0659451 0.0727133 0.0799269 0.0875757 0.0956454 0.104117 0.112969 0.122172 0.131695 0.141501 0.151551 0.161799 0.172197 0.182694 0.193237 0.203768 0.214229 0.224561 0.234703 0.244597 0.254181 0.263397 0.272188 0.280499 0.288278 0.295474 0.302044 0.307943 0.313135 0.317586 0.321268 0.324156 0.326232 0.327484 0.327902 0.327484 0.326232 0.324156 0.321268 0.317586 0.313135 0.307943 0.302044 0.295474 0.288278 0.280499 0.272188 0.263397 0.254181 0.244597 0.234703 0.224561 0.214229 0.203768 0.193237 0.182694 0.172197 0.161799 0.151551 0.141501 0.131695 0.122172 0.112969 0.104117 0.0956454 0.0875757 0.0799269 0.0727133 0.0659451 0.0596284 0.0537661 0.0483578 0.0434004 0.0388883 0.0348143 0.0311696 0.0279448 0.0251298 0.0227146 0.0206896 0.019046 0.0177762 0.0168738 0.0163343 
0.0175903 0.0177846 0.0183684 0.0193449 0.0207187 0.0224965 0.0246864 0.0272974 0.0303397 0.0338235 0.0377592 0.0421566 0.0470246 0.0523704 0.0581993 0.064514 0.0713144 0.0785968 0.0863538 0.0945737 0.103241 0.112334 0.121829 0.131695 0.141897 0.152396 0.163149 0.174107 0.185219 0.19643 0.207682 0.218915 0.230067 0.241074 0.251875 0.262403 0.272597 0.282395 0.291737 0.300564 0.308822 0.31646 0.323429 0.329685 0.33519 0.339908 0.343809 0.346869 0.349069 0.350395 0.350837 0.350395 0.349069 0.346869 0.343809 0.339908 0.33519 0.329685 0.323429 0.31646 0.308822 0.300564 0.291737 0.282395 0.272597 0.262403 0.251875 0.241074 0.230067 0.218915 0.207682 0.19643 0.185219 0.174107 0.163149 0.152396 0.141897 0.131695 0.121829 0.112334 0.103241 0.0945737 0.0863538 0.0785968 0.0713144 0.064514 0.0581993 0.0523704 0.0470246 0.0421566 0.0377592 0.0338235 0.0303397 0.0272974 0.0246864 0.0224965 0.0207187 0.0193449 0.0183684 0.0177846 
0.0190881 0.0192977 0.0199274 0.0209805 0.022462 0.0243787 0.0267391 0.0295526 0.0328296 0.0365809 0.040817 0.0455481 0.0507829 0.0565287 0.0627906 0.0695707 0.0768682 0.0846785 0.092993 0.101798 0.111077 0.120806 0.130959 0.141501 0.152396 0.163602 0.17507 0.18675 0.198587 0.210522 0.222493 0.234436 0.246286 0.257977 0.26944 0.280609 0.291417 0.3018 0.311695 0.32104 0.32978 0.337859 0.345228 0.351842 0.357659 0.362644 0.366765 0.369996 0.372319 0.373719 0.374186 0.373719 0.372319 0.369996 0.366765 0.362644 0.357659 0.351842 0.345228 0.337859 0.32978 0.32104 0.311695 0.3018 0.291417 0.280609 0.26944 0.257977 0.246286 0.234436 0.222493 0.210522 0.198587 0.18675 0.17507 0.163602 0.152396 0.141501 0.130959 0.120806 0.111077 0.101798 0.092993 0.0846785 0.0768682 0.0695707 0.0627906 0.0565287 0.0507829 0.0455481 0.040817 0.0365809 0.0328296 0.0295526 0.0267391 0.0243787 0.022462 0.0209805 0.0199274 0.0192977 
0.0206432 0.0208685 0.0215455 0.0226776 0.0242699 0.0263296 0.0288654 0.0318872 0.0354056 0.0394318 0.0439765 0.04905 0.0546612 0.0608171 0.0675225 0.074779 0.0825849 0.0909347 0.0998183 0.109221 0.119123 0.1295 0.140321 0.151551 0.163149 0.17507 0.187263 0.199674 0.212243 0.224908 0.237604 0.250263 0.262816 0.275193 0.287321 0.299132 0.310556 0.321524 0.331971 0.341834 0.351054 0.359573 0.367341 0.37431 0.380438 0.385688 0.390027 0.393429 0.395874 0.397347 0.397839 0.397347 0.395874 0.393429 0.390027 0.385688 0.380438 0.37431 0.367341 0.359573 0.351054 0.341834 0.331971 0.321524 0.310556 0.299132 0.287321 0.275193 0.262816 0.250263 0.237604 0.224908 0.212243 0.199674 0.187263 0.17507 0.163149 0.151551 0.140321 0.1295 0.119123 0.109221 0.0998183 0.0909347 0.0825849 0.074779 0.0675225 0.0608171 0.0546612 0.04905 0.0439765 0.0394318 0.0354056 0.0318872 0.0288654 0.0263296 0.0242699 0.0226776 0.0215455 0.0208685 
0.0222495 0.022491 0.0232165 0.0244295 0.0261353 0.0283415 0.031057 0.034292 0.0380575 0.0423647 0.0472249 0.0526482 0.0586435 0.0652178 0.0723752 0.0801169 0.0884403 0.0973386 0.1068 0.116809 0.127343 0.138376 0.149874 0.161799 0.174107 0.18675 0.199674 0.21282 0.226125 0.239524 0.252948 0.266324 0.27958 0.292642 0.305435 0.317886 0.329923 0.341473 0.35247 0.362847 0.372542 0.381498 0.389661 0.396982 0.403417 0.408928 0.413483 0.417054 0.419619 0.421165 0.421681 0.421165 0.419619 0.417054 0.413483 0.408928 0.403417 0.396982 0.389661 0.381498 0.372542 0.362847 0.35247 0.341473 0.329923 0.317886 0.305435 0.292642 0.27958 0.266324 0.252948 0.239524 0.226125 0.21282 0.199674 0.18675 0.174107 0.161799 0.149874 0.138376 0.127343 0.116809 0.1068 0.0973386 0.0884403 0.0801169 0.0723752 0.0652178 0.0586435 0.0526482 0.0472249 0.0423647 0.0380575 0.034292 0.031057 0.0283415 0.0261353 0.0244295 0.0232165 0.022491 
0.0239003 0.0241582 0.0249332 0.0262286 0.0280503 0.0304058 0.0333043 0.0367564 0.0407734 0.0453667 0.0505476 0.0563265 0.062712 0.0697108 0.0773267 0.0855601 0.0944075 0.103861 0.113907 0.124528 0.1357 0.147393 0.159573 0.172197 0.185219 0.198587 0.212243 0.226125 0.240168 0.2543 0.268449 0.28254 0.296496 0.310239 0.323693 0.336779 0.349423 0.36155 0.37309 0.383974 0.39414 0.403525 0.412077 0.419744 0.426482 0.43225 0.437016 0.440752 0.443436 0.445053 0.445593 0.445053 0.443436 0.440752 0.437016 0.43225 0.426482 0.419744 0.412077 0.403525 0.39414 0.383974 0.37309 0.36155 0.349423 0.336779 0.323693 0.310239 0.296496 0.28254 0.268449 0.2543 0.240168 0.226125 0.212243 0.198587 0.185219 0.172197 0.159573 0.147393 0.1357 0.124528 0.113907 0.103861 0.0944075 0.0855601 0.0773267 0.0697108 0.062712 0.0563265 0.0505476 0.0453667 0.0407734 0.0367564 0.0333043 0.0304058 0.0280503 0.0262286 0.0249332 0.0241582 
0.0255877 0.0258623 0.0266874 0.0280666 0.0300057 0.0325126 0.0355967 0.0392688 0.0435405 0.0484234 0.0539288 0.0600672 0.066847 0.0742746 0.0823532 0.0910824 0.100458 0.11047 0.121104 0.13234 0.144152 0.156508 0.16937 0.182694 0.19643 0.210522 0.224908 0.239524 0.2543 0.26916 0.28403 0.29883 0.313479 0.327897 0.342003 0.355716 0.368958 0.381653 0.393727 0.40511 0.415736 0.425544 0.434476 0.442482 0.449515 0.455535 0.460508 0.464405 0.467204 0.468891 0.469454 0.468891 0.467204 0.464405 0.460508 0.455535 0.449515 0.442482 0.434476 0.425544 0.415736 0.40511 0.393727 0.381653 0.368958 0.355716 0.342003 0.327897 0.313479 0.29883 0.28403 0.26916 0.2543 0.239524 0.224908 0.210522 0.19643 0.182694 0.16937 0.156508 0.144152 0.13234 0.121104 0.11047 0.100458 0.0910824 0.0823532 0.0742746 0.066847 0.0600672 0.0539288 0.0484234 0.0435405 0.0392688 0.0355967 0.0325126 0.0300057 0.0280666 0.0266874 0.0258623 
0.0273032 0.0275947 0.0284704 0.029934 0.0319916 0.0346511 0.0379224 0.0418163 0.0463445 0.051519 0.0573512 0.0638511 0.0710273 0.0788856 0.0874286 0.0966552 0.106559 0.117131 0.128353 0.140204 0.152656 0.165673 0.179216 0.193237 0.207682 0.222493 0.237604 0.252948 0.268449 0.28403 0.299611 0.31511 0.330443 0.345524 0.360271 0.3746 0.388429 0.401679 0.414276 0.426146 0.437222 0.44744 0.456743 0.465079 0.472399 0.478663 0.483836 0.48789 0.490802 0.492555 0.493141 0.492555 0.490802 0.48789 0.483836 0.478663 0.472399 0.465079 0.456743 0.44744 0.437222 0.426146 0.414276 0.401679 0.388429 0.3746 0.360271 0.345524 0.330443 0.31511 0.299611 0.28403 0.268449 0.252948 0.237604 0.222493 0.207682 0.193237 0.179216 0.165673 0.152656 0.140204 0.128353 0.117131 0.106559 0.0966552 0.0874286 0.0788856 0.0710273 0.0638511 0.0573512 0.051519 0.0463445 0.0418163 0.0379224 0.0346511 0.0319916 0.029934 0.0284704 0.0275947 
0.0290374 0.0293458 0.0302723 0.0318207 0.0339972 0.0368099 0.0402688 0.044385 0.0491704 0.054637 0.0607961 0.0676578 0.0752303 0.0835189 0.0925257 0.102248 0.11268 0.123809 0.135616 0.148079 0.161166 0.17484 0.189057 0.203768 0.218915 0.234436 0.250263 0.266324 0.28254 0.29883 0.31511 0.331295 0.347297 0.363028 0.378401 0.39333 0.407732 0.421523 0.434628 0.446971 0.458483 0.4691 0.478762 0.487416 0.495014 0.501515 0.506882 0.511086 0.514106 0.515924 0.516531 0.515924 0.514106 0.511086 0.506882 0.501515 0.495014 0.487416 0.478762 0.4691 0.458483 0.446971 0.434628 0.421523 0.407732 0.39333 0.378401 0.363028 0.347297 0.331295 0.31511 0.29883 0.28254 0.266324 0.250263 0.234436 0.218915 0.203768 0.189057 0.17484 0.161166 0.148079 0.135616 0.123809 0.11268 0.102248 0.0925257 0.0835189 0.0752303 0.0676578 0.0607961 0.054637 0.0491704 0.044385 0.0402688 0.0368099 0.0339972 0.0318207 0.0302723 0.0293458 
0.0307803 0.0311056 0.0320828 0.0337158 0.0360109 0.0389764 0.0426224 0.0469602 0.0520018 0.0577593 0.0642438 0.0714655 0.079432 0.0881483 0.0976155 0.10783 0.118785 0.130466 0.142853 0.15592 0.169634 0.183956 0.198838 0.214229 0.230067 0.246286 0.262816 0.27958 0.296496 0.313479 0.330443 0.347297 0.363951 0.380314 0.396296 0.411809 0.426765 0.44108 0.454676 0.467476 0.47941 0.49041 0.500418 0.509379 0.517244 0.52397 0.529523 0.533873 0.536996 0.538876 0.539504 0.538876 0.536996 0.533873 0.529523 0.52397 0.517244 0.509379 0.500418 0.49041 0.47941 0.467476 0.454676 0.44108 0.426765 0.411809 0.396296 0.380314 0.363951 0.347297 0.330443 0.313479 0.296496 0.27958 0.262816 0.246286 0.230067 0.214229 0.198838 0.183956 0.169634 0.15592 0.142853 0.130466 0.118785 0.10783 0.0976155 0.0881483 0.079432 0.0714655 0.0642438 0.0577593 0.0520018 0.0469602 0.0426224 0.0389764 0.0360109 0.0337158 0.0320828 0.0311056 
0.0325212 0.0328632 0.0338907 0.0356077 0.0380204 0.0411374 0.0449689 0.0495263 0.0548218 0.0608672 0.0676739 0.0752516 0.0836076 0.0927463 0.102668 0.113369 0.124839 0.137063 0.15002 0.163682 0.178013 0.19297 0.208505 0.224561 0.241074 0.257977 0.275193 0.292642 0.310239 0.327897 0.345524 0.363028 0.380314 0.397289 0.41386 0.429935 0.445426 0.460246 0.474314 0.487553 0.49989 0.511259 0.521598 0.530851 0.538971 0.545914 0.551644 0.556131 0.559353 0.561293 0.561941 0.561293 0.559353 0.556131 0.551644 0.545914 0.538971 0.530851 0.521598 0.511259 0.49989 0.487553 0.474314 0.460246 0.445426 0.429935 0.41386 0.397289 0.380314 0.363028 0.345524 0.327897 0.310239 0.292642 0.275193 0.257977 0.241074 0.224561 0.208505 0.19297 0.178013 0.163682 0.15002 0.137063 0.124839 0.113369 0.102668 0.0927463 0.0836076 0.0752516 0.0676739 0.0608672 0.0548218 0.0495263 0.0449689 0.0411374 0.0380204 0.0356077 0.0338907 0.0328632 
0.0342489 0.0346075 0.0356846 0.0374843 0.040013 0.0432793 0.0472935 0.0520672 0.0576126 0.0639414 0.071065 0.0789926 0.0877313 0.0972847 0.107653 0.118829 0.130805 0.143561 0.157076 0.171319 0.186251 0.201829 0.218 0.234703 0.251875 0.26944 0.287321 0.305435 0.323693 0.342003 0.360271 0.378401 0.396296 0.41386 0.430996 0.447611 0.463614 0.478917 0.493437 0.507095 0.519817 0.531536 0.542189 0.551721 0.560083 0.567231 0.573129 0.577747 0.581063 0.583058 0.583725 0.583058 0.581063 0.577747 0.573129 0.567231 0.560083 0.551721 0.542189 0.531536 0.519817 0.507095 0.493437 0.478917 0.463614 0.447611 0.430996 0.41386 0.396296 0.378401 0.360271 0.342003 0.323693 0.305435 0.287321 0.26944 0.251875 0.234703 0.218 0.201829 0.186251 0.171319 0.157076 0.143561 0.130805 0.118829 0.107653 0.0972847 0.0877313 0.0789926 0.071065 0.0639414 0.0576126 0.0520672 0.0472935 0.0432793 0.040013 0.0374843 0.0356846 0.0346075 
0.0359518 0.0363266 0.0374523 0.039333 0.0419753 0.0453878 0.0495809 0.0545663 0.060356 0.066962 0.0743951 0.0826646 0.0917768 0.101735 0.112538 0.124178 0.136645 0.14992 0.163977 0.178784 0.1943 0.210479 0.227266 0.244597 0.262403 0.280609 0.299132 0.317886 0.336779 0.355716 0.3746 0.39333 0.411809 0.429935 0.447611 0.464741 0.481232 0.496994 0.511943 0.525998 0.539085 0.551135 0.562086 0.571881 0.580471 0.587813 0.593869 0.59861 0.602013 0.604062 0.604746 0.604062 0.602013 0.59861 0.593869 0.587813 0.580471 0.571881 0.562086 0.551135 0.539085 0.525998 0.511943 0.496994 0.481232 0.464741 0.447611 0.429935 0.411809 0.39333 0.3746 0.355716 0.336779 0.317886 0.299132 0.280609 0.262403 0.244597 0.227266 0.210479 0.1943 0.178784 0.163977 0.14992 0.136645 0.124178 0.112538 0.101735 0.0917768 0.0826646 0.0743951 0.066962 0.060356 0.0545663 0.0495809 0.0453878 0.0419753 0.039333 0.0374523 0.0363266 
0.0376182 0.0380087 0.0391817 0.0411412 0.0438939 0.0474485 0.0518155 0.0570065 0.0630336 0.0699086 0.0776422 0.0862433 0.0957177 0.106068 0.117292 0.129381 0.142324 0.156099 0.170679 0.18603 0.20211 0.218868 0.236247 0.254181 0.272597 0.291417 0.310556 0.329923 0.349423 0.368958 0.388429 0.407732 0.426765 0.445426 0.463614 0.481232 0.498184 0.51438 0.529734 0.544163 0.557594 0.569956 0.581186 0.591228 0.600032 0.607554 0.613758 0.618615 0.6221 0.624198 0.624898 0.624198 0.6221 0.618615 0.613758 0.607554 0.600032 0.591228 0.581186 0.569956 0.557594 0.544163 0.529734 0.51438 0.498184 0.481232 0.463614 0.445426 0.426765 0.407732 0.388429 0.368958 0.349423 0.329923 0.310556 0.291417 0.272597 0.254181 0.236247 0.218868 0.20211 0.18603 0.170679 0.156099 0.142324 0.129381 0.117292 0.106068 0.0957177 0.0862433 0.0776422 0.0699086 0.0630336 0.0570065 0.0518155 0.0474485 0.0438939 0.0411412 0.0391817 0.0380087 
0.0392359 0.0396416 0.0408602 0.0428958 0.0457551 0.0494468 0.0539816 0.0593709 0.0656269 0.0727611 0.0807842 0.0897044 0.0995274 0.110255 0.121883 0.134404 0.147803 0.162058 0.17714 0.193013 0.209631 0.226943 0.244888 0.263397 0.282395 0.3018 0.321524 0.341473 0.36155 0.381653 0.401679 0.421523 0.44108 0.460246 0.478917 0.496994 0.51438 0.530984 0.546716 0.561497 0.575248 0.587901 0.599392 0.609663 0.618666 0.626357 0.632698 0.637662 0.641223 0.643367 0.644082 0.643367 0.641223 0.637662 0.632698 0.626357 0.618666 0.609663 0.599392 0.587901 0.575248 0.561497 0.546716 0.530984 0.51438 0.496994 0.478917 0.460246 0.44108 0.421523 0.401679 0.381653 0.36155 0.341473 0.321524 0.3018 0.282395 0.263397 0.244888 0.226943 0.209631 0.193013 0.17714 0.162058 0.147803 0.134404 0.121883 0.110255 0.0995274 0.0897044 0.0807842 0.0727611 0.0656269 0.0593709 0.0539816 0.0494468 0.0457551 0.0428958 0.0408602 0.0396416 
0.040793 0.0412133 0.0424756 0.044584 0.0475453 0.0513683 0.0560634 0.0616424 0.0681172 0.0754993 0.0837989 0.093024 0.10318 0.114267 0.126281 0.139213 0.153046 0.167758 0.183317 0.199686 0.216816 0.234653 0.253134 0.272188 0.291737 0.311695 0.331971 0.35247 0.37309 0.393727 0.414276 0.434628 0.454676 0.474314 0.493437 0.511943 0.529734 0.546716 0.562802 0.577908 0.591957 0.60488 0.616611 0.627096 0.636282 0.644128 0.650597 0.655659 0.65929 0.661476 0.662206 0.661476 0.65929 0.655659 0.650597 0.644128 0.636282 0.627096 0.616611 0.60488 0.591957 0.577908 0.562802 0.546716 0.529734 0.511943 0.493437 0.474314 0.454676 0.434628 0.414276 0.393727 0.37309 0.35247 0.331971 0.311695 0.291737 0.272188 0.253134 0.234653 0.216816 0.199686 0.183317 0.167758 0.153046 0.139213 0.126281 0.114267 0.10318 0.093024 0.0837989 0.0754993 0.0681172 0.0616424 0.0560634 0.0513683 0.0475453 0.044584 0.0424756 0.0412133 
0.0422776 0.0427117 0.0440154 0.0461929 0.049251 0.0531984 0.0580457 0.0638045 0.0704866 0.0781034 0.0866648 0.0961785 0.106649 0.118076 0.130455 0.143775 0.158019 0.173161 0.18917 0.206005 0.223617 0.241948 0.260933 0.280499 0.300564 0.32104 0.341834 0.362847 0.383974 0.40511 0.426146 0.446971 0.467476 0.487553 0.507095 0.525998 0.544163 0.561497 0.577908 0.593314 0.607637 0.620808 0.632761 0.64344 0.652795 0.660783 0.667368 0.67252 0.676216 0.67844 0.679182 0.67844 0.676216 0.67252 0.667368 0.660783 0.652795 0.64344 0.632761 0.620808 0.607637 0.593314 0.577908 0.561497 0.544163 0.525998 0.507095 0.487553 0.467476 0.446971 0.426146 0.40511 0.383974 0.362847 0.341834 0.32104 0.300564 0.280499 0.260933 0.241948 0.223617 0.206005 0.18917 0.173161 0.158019 0.143775 0.130455 0.118076 0.106649 0.0961785 0.0866648 0.0781034 0.0704866 0.0638045 0.0580457 0.0531984 0.049251 0.0461929 0.0440154 0.0427117 
0.043678 0.0441251 0.0454678 0.0477101 0.050859 0.0549232 0.0599133 0.0658408 0.0727173 0.0805542 0.089361 0.099145 0.10991 0.121655 0.134376 0.148059 0.162686 0.178231 0.19466 0.21193 0.229991 0.248782 0.268236 0.288278 0.308822 0.32978 0.351054 0.372542 0.39414 0.415736 0.437222 0.458483 0.47941 0.49989 0.519817 0.539085 0.557594 0.575248 0.591957 0.607637 0.622211 0.635607 0.647762 0.658618 0.668127 0.676244 0.682934 0.688167 0.691921 0.69418 0.694934 0.69418 0.691921 0.688167 0.682934 0.676244 0.668127 0.658618 0.647762 0.635607 0.622211 0.607637 0.591957 0.575248 0.557594 0.539085 0.519817 0.49989 0.47941 0.458483 0.437222 0.415736 0.39414 0.372542 0.351054 0.32978 0.308822 0.288278 0.268236 0.248782 0.229991 0.21193 0.19466 0.178231 0.162686 0.148059 0.134376 0.121655 0.10991 0.099145 0.089361 0.0805542 0.0727173 0.0658408 0.0599133 0.0549232 0.050859 0.0477101 0.0454678 0.0441251 
