1.78746e-10 2.14458e-10 3.33577e-10 5.75237e-10 1.01592e-09 1.78849e-09 3.11346e-09 5.34738e-09 9.0555e-09 1.5118e-08 2.48822e-08 4.03748e-08 6.4593e-08 1.01893e-07 1.58497e-07 2.43137e-07 3.67852e-07 5.48942e-07 8.08077e-07 1.17353e-06 1.6815e-06 2.37739e-06 3.31705e-06 4.56764e-06 6.20816e-06 8.32927e-06 1.10323e-05 1.4427e-05 1.86285e-05 2.37525e-05 2.99094e-05 3.71974e-05 4.56944e-05 5.54496e-05 6.64757e-05 7.87411e-05 9.21644e-05 0.000106611 0.00012189 0.000137762 0.000153939 0.000170094 0.000185874 0.000200914 0.000214847 0.000227321 0.000238015 0.000246645 0.000252981 0.000256853 0.000258156 0.000256853 0.000252981 0.000246645 0.000238015 0.000227321 0.000214847 0.000200914 0.000185874 0.000170094 0.000153939 0.000137762 0.00012189 0.000106611 9.21644e-05 7.87411e-05 6.64757e-05 5.54496e-05 4.56944e-05 3.71974e-05 2.99094e-05 2.37525e-05 1.86285e-05 1.4427e-05 1.10323e-05 8.32927e-06 6.20816e-06 4.56764e-06 3.31705e-06 2.37739e-06 1.6815e-06 1.17353e-06 8.08077e-07 5.48942e-07 3.67852e-07 2.43137e-07 1.58497e-07 1.01893e-07 6.4593e-08 4.03748e-08 2.48822e-08 1.5118e-08 9.0555e-09 5.34738e-09 3.11346e-09 1.78849e-09 1.01592e-09 5.75237e-10 3.33577e-10 2.14458e-10 
2.14458e-10 2.57122e-10 3.99351e-10 6.87626e-10 1.21269e-09 2.13197e-09 3.70637e-09 6.35703e-09 1.07505e-08 1.79228e-08 2.94571e-08 4.77304e-08 7.62514e-08 1.2011e-07 1.86562e-07 2.85771e-07 4.31718e-07 6.43297e-07 9.45574e-07 1.37118e-06 1.96181e-06 2.76964e-06 3.85871e-06 5.30586e-06 7.20128e-06 9.64821e-06 1.27617e-05 1.66662e-05 2.14918e-05 2.73687e-05 3.44208e-05 4.27577e-05 5.24655e-05 6.35977e-05 7.61658e-05 9.01317e-05 0.000105401 0.000121817 0.000139166 0.000157172 0.00017551 0.00019381 0.000211675 0.000228692 0.000244449 0.00025855 0.000270634 0.000280383 0.00028754 0.000291912 0.000293383 0.000291912 0.00028754 0.000280383 0.000270634 0.00025855 0.000244449 0.000228692 0.000211675 0.00019381 0.00017551 0.000157172 0.000139166 0.000121817 0.000105401 9.01317e-05 7.61658e-05 6.35977e-05 5.24655e-05 4.27577e-05 3.44208e-05 2.73687e-05 2.14918e-05 1.66662e-05 1.27617e-05 9.64821e-06 7.20128e-06 5.30586e-06 3.85871e-06 2.76964e-06 1.96181e-06 1.37118e-06 9.45574e-07 6.43297e-07 4.31718e-07 2.85771e-07 1.86562e-07 1.2011e-07 7.62514e-08 4.77304e-08 2.94571e-08 1.79228e-08 1.07505e-08 6.35703e-09 3.70637e-09 2.13197e-09 1.21269e-09 6.87626e-10 3.99351e-10 2.57122e-10 
3.33577e-10 3.99351e-10 6.18384e-10 1.06147e-09 1.86652e-09 3.27215e-09 5.67251e-09 9.70171e-09 1.63597e-08 2.71953e-08 4.45655e-08 7.19963e-08 1.14671e-07 1.80079e-07 2.7885e-07 4.2581e-07 6.41266e-07 9.5254e-07 1.39571e-06 2.01752e-06 2.87742e-06 4.04947e-06 5.62407e-06 7.7092e-06 1.04309e-05 1.39327e-05 1.83738e-05 2.3925e-05 3.0764e-05 3.90674e-05 4.90015e-05 6.07116e-05 7.43093e-05 8.98608e-05 0.000107374 0.000126787 0.000147964 0.000170684 0.000194645 0.000219468 0.000244704 0.000269849 0.000294361 0.000317678 0.000339245 0.000358527 0.000375036 0.000388347 0.000398113 0.000404078 0.000406084 0.000404078 0.000398113 0.000388347 0.000375036 0.000358527 0.000339245 0.000317678 0.000294361 0.000269849 0.000244704 0.000219468 0.000194645 0.000170684 0.000147964 0.000126787 0.000107374 8.98608e-05 7.43093e-05 6.07116e-05 4.90015e-05 3.90674e-05 3.0764e-05 2.3925e-05 1.83738e-05 1.39327e-05 1.04309e-05 7.7092e-06 5.62407e-06 4.04947e-06 2.87742e-06 2.01752e-06 1.39571e-06 9.5254e-07 6.41266e-07 4.2581e-07 2.7885e-07 1.80079e-07 1.14671e-07 7.19963e-08 4.45655e-08 2.71953e-08 1.63597e-08 9.70171e-09 5.67251e-09 3.27215e-09 1.86652e-09 1.06147e-09 6.18384e-10 3.99351e-10 
5.75237e-10 6.87626e-10 1.06147e-09 1.81622e-09 3.18406e-09 5.56557e-09 9.62022e-09 1.64052e-08 2.75814e-08 4.57112e-08 7.46788e-08 1.20271e-07 1.90957e-07 2.98922e-07 4.61384e-07 7.02245e-07 1.05409e-06 1.56055e-06 2.27895e-06 3.2832e-06 4.66678e-06 6.54554e-06 9.06013e-06 1.23776e-05 1.66919e-05 2.22224e-05 2.92108e-05 3.79153e-05 4.86016e-05 6.1532e-05 7.69506e-05 9.50675e-05 0.00011604 0.000139955 0.000166809 0.000196498 0.0002288 0.000263372 0.000299751 0.000337358 0.000375516 0.000413469 0.000450405 0.000485491 0.0005179 0.000546844 0.000571602 0.000591549 0.000606176 0.000615106 0.000618108 0.000615106 0.000606176 0.000591549 0.000571602 0.000546844 0.0005179 0.000485491 0.000450405 0.000413469 0.000375516 0.000337358 0.000299751 0.000263372 0.0002288 0.000196498 0.000166809 0.000139955 0.00011604 9.50675e-05 7.69506e-05 6.1532e-05 4.86016e-05 3.79153e-05 2.92108e-05 2.22224e-05 1.66919e-05 1.23776e-05 9.06013e-06 6.54554e-06 4.66678e-06 3.2832e-06 2.27895e-06 1.56055e-06 1.05409e-06 7.02245e-07 4.61384e-07 2.98922e-07 1.90957e-07 1.20271e-07 7.46788e-08 4.57112e-08 2.75814e-08 1.64052e-08 9.62022e-09 5.56557e-09 3.18406e-09 1.81622e-09 1.06147e-09 6.87626e-10 
1.01592e-09 1.21269e-09 1.86652e-09 3.18406e-09 5.56614e-09 9.70243e-09 1.67247e-08 2.84412e-08 4.76828e-08 7.88003e-08 1.28364e-07 2.06125e-07 3.26295e-07 5.09237e-07 7.83599e-07 1.18898e-06 1.77911e-06 2.6256e-06 3.82208e-06 5.48869e-06 7.7766e-06 1.08722e-05 1.50005e-05 2.04273e-05 2.74595e-05 3.64421e-05 4.77528e-05 6.17922e-05 7.89696e-05 9.96852e-05 0.000124307 0.000153148 0.000186433 0.000224277 0.000266655 0.00031338 0.00036409 0.000418234 0.000475081 0.000533724 0.000593112 0.000652074 0.000709364 0.000763706 0.000813837 0.000858558 0.000896777 0.000927546 0.000950095 0.000963857 0.000968483 0.000963857 0.000950095 0.000927546 0.000896777 0.000858558 0.000813837 0.000763706 0.000709364 0.000652074 0.000593112 0.000533724 0.000475081 0.000418234 0.00036409 0.00031338 0.000266655 0.000224277 0.000186433 0.000153148 0.000124307 9.96852e-05 7.89696e-05 6.17922e-05 4.77528e-05 3.64421e-05 2.74595e-05 2.04273e-05 1.50005e-05 1.08722e-05 7.7766e-06 5.48869e-06 3.82208e-06 2.6256e-06 1.77911e-06 1.18898e-06 7.83599e-07 5.09237e-07 3.26295e-07 2.06125e-07 1.28364e-07 7.88003e-08 4.76828e-08 2.84412e-08 1.67247e-08 9.70243e-09 5.56614e-09 3.18406e-09 1.86652e-09 1.21269e-09 
1.78849e-09 2.13197e-09 3.27215e-09 5.56557e-09 9.70243e-09 1.68671e-08 2.89974e-08 4.91791e-08 8.22262e-08 1.35512e-07 2.20128e-07 3.52473e-07 5.56356e-07 8.65748e-07 1.32824e-06 2.00934e-06 2.99754e-06 4.41022e-06 6.40013e-06 9.16235e-06 1.29411e-05 1.80358e-05 2.48063e-05 3.36753e-05 4.51275e-05 5.97052e-05 7.7998e-05 0.000100627 0.000128221 0.00016139 0.000200689 0.000246578 0.000299381 0.000359243 0.000426091 0.000499604 0.000579185 0.000663955 0.000752757 0.000844177 0.000936579 0.00102816 0.001117 0.00120114 0.00127867 0.00134775 0.00140673 0.00145418 0.00148894 0.00151014 0.00151727 0.00151014 0.00148894 0.00145418 0.00140673 0.00134775 0.00127867 0.00120114 0.001117 0.00102816 0.000936579 0.000844177 0.000752757 0.000663955 0.000579185 0.000499604 0.000426091 0.000359243 0.000299381 0.000246578 0.000200689 0.00016139 0.000128221 0.000100627 7.7998e-05 5.97052e-05 4.51275e-05 3.36753e-05 2.48063e-05 1.80358e-05 1.29411e-05 9.16235e-06 6.40013e-06 4.41022e-06 2.99754e-06 2.00934e-06 1.32824e-06 8.65748e-07 5.56356e-07 3.52473e-07 2.20128e-07 1.35512e-07 8.22262e-08 4.91791e-08 2.89974e-08 1.68671e-08 9.70243e-09 5.56557e-09 3.27215e-09 2.13197e-09 
3.11346e-09 3.70637e-09 5.67251e-09 9.62022e-09 1.67247e-08 2.89974e-08 4.97192e-08 8.40977e-08 1.40229e-07 2.30469e-07 3.73339e-07 5.9611e-07 9.3823e-07 1.45575e-06 2.22687e-06 3.35874e-06 4.99549e-06 7.3274e-06 1.0601e-05 1.51293e-05 2.13025e-05 2.95966e-05 4.058e-05 5.4917e-05 7.33649e-05 9.67655e-05 0.000126028 0.000162103 0.000205946 0.000258474 0.000320509 0.000392719 0.000475558 0.000569197 0.000673473 0.000787836 0.000911326 0.00104255 0.00117971 0.00132061 0.00146275 0.00160337 0.00173956 0.00186836 0.00198688 0.00209237 0.00218236 0.0022547 0.00230765 0.00233994 0.00235079 0.00233994 0.00230765 0.0022547 0.00218236 0.00209237 0.00198688 0.00186836 0.00173956 0.00160337 0.00146275 0.00132061 0.00117971 0.00104255 0.000911326 0.000787836 0.000673473 0.000569197 0.000475558 0.000392719 0.000320509 0.000258474 0.000205946 0.000162103 0.000126028 9.67655e-05 7.33649e-05 5.4917e-05 4.058e-05 2.95966e-05 2.13025e-05 1.51293e-05 1.0601e-05 7.3274e-06 4.99549e-06 3.35874e-06 2.22687e-06 1.45575e-06 9.3823e-07 5.9611e-07 3.73339e-07 2.30469e-07 1.40229e-07 8.40977e-08 4.97192e-08 2.89974e-08 1.67247e-08 9.62022e-09 5.67251e-09 3.70637e-09 
5.34738e-09 6.35703e-09 9.70171e-09 1.64052e-08 2.84412e-08 4.91791e-08 8.40977e-08 1.41865e-07 2.3591e-07 3.86653e-07 6.2459e-07 9.94451e-07 1.56068e-06 2.41447e-06 3.6825e-06 5.53761e-06 8.2112e-06 1.20073e-05 1.7318e-05 2.46386e-05 3.45832e-05 4.78969e-05 6.54647e-05 8.83146e-05 0.000117611 0.000154642 0.000200784 0.000257471 0.000326128 0.000408106 0.000504603 0.000616569 0.000744614 0.00088892 0.00104915 0.00122441 0.00141315 0.00161322 0.00182184 0.0020357 0.002251 0.00246359 0.00266915 0.00286326 0.00304163 0.00320021 0.00333535 0.0034439 0.00352331 0.00357172 0.00358799 0.00357172 0.00352331 0.0034439 0.00333535 0.00320021 0.00304163 0.00286326 0.00266915 0.00246359 0.002251 0.0020357 0.00182184 0.00161322 0.00141315 0.00122441 0.00104915 0.00088892 0.000744614 0.000616569 0.000504603 0.000408106 0.000326128 0.000257471 0.000200784 0.000154642 0.000117611 8.83146e-05 6.54647e-05 4.78969e-05 3.45832e-05 2.46386e-05 1.7318e-05 1.20073e-05 8.2112e-06 5.53761e-06 3.6825e-06 2.41447e-06 1.56068e-06 9.94451e-07 6.2459e-07 3.86653e-07 2.3591e-07 1.41865e-07 8.40977e-08 4.91791e-08 2.84412e-08 1.64052e-08 9.70171e-09 6.35703e-09 
9.0555e-09 1.07505e-08 1.63597e-08 2.75814e-08 4.76828e-08 8.22262e-08 1.40229e-07 2.3591e-07 3.9122e-07 6.39415e-07 1.02997e-06 1.63518e-06 2.55875e-06 3.94685e-06 6.00165e-06 8.99769e-06 1.33009e-05 1.93897e-05 2.78778e-05 3.9537e-05 5.53185e-05 7.637e-05 0.000104047 0.000139914 0.000185733 0.000243436 0.000315078 0.000402775 0.000508615 0.000634552 0.000782289 0.000953139 0.0011479 0.00136671 0.00160894 0.00187312 0.00215687 0.00245686 0.00276893 0.0030881 0.00340874 0.00372474 0.00402974 0.00431731 0.00458118 0.0048155 0.00501498 0.00517508 0.00529213 0.00536346 0.00538741 0.00536346 0.00529213 0.00517508 0.00501498 0.0048155 0.00458118 0.00431731 0.00402974 0.00372474 0.00340874 0.0030881 0.00276893 0.00245686 0.00215687 0.00187312 0.00160894 0.00136671 0.0011479 0.000953139 0.000782289 0.000634552 0.000508615 0.000402775 0.000315078 0.000243436 0.000185733 0.000139914 0.000104047 7.637e-05 5.53185e-05 3.9537e-05 2.78778e-05 1.93897e-05 1.33009e-05 8.99769e-06 6.00165e-06 3.94685e-06 2.55875e-06 1.63518e-06 1.02997e-06 6.39415e-07 3.9122e-07 2.3591e-07 1.40229e-07 8.22262e-08 4.76828e-08 2.75814e-08 1.63597e-08 1.07505e-08 
1.5118e-08 1.79228e-08 2.71953e-08 4.57112e-08 7.88003e-08 1.35512e-07 2.30469e-07 3.86653e-07 6.39415e-07 1.04211e-06 1.67382e-06 2.64961e-06 4.13392e-06 6.35743e-06 9.63787e-06 1.44047e-05 2.12275e-05 3.08474e-05 4.42102e-05 6.24988e-05 8.71629e-05 0.000119942 0.000162877 0.000218309 0.000288855 0.000377367 0.000486852 0.000620377 0.000780937 0.000971299 0.00119383 0.00145028 0.00174165 0.00206794 0.00242805 0.00281961 0.00323897 0.00368116 0.00413997 0.00460812 0.00507739 0.00553894 0.0059836 0.00640214 0.00678564 0.00712575 0.00741498 0.00764691 0.00781638 0.00791959 0.00795425 0.00791959 0.00781638 0.00764691 0.00741498 0.00712575 0.00678564 0.00640214 0.0059836 0.00553894 0.00507739 0.00460812 0.00413997 0.00368116 0.00323897 0.00281961 0.00242805 0.00206794 0.00174165 0.00145028 0.00119383 0.000971299 0.000780937 0.000620377 0.000486852 0.000377367 0.000288855 0.000218309 0.000162877 0.000119942 8.71629e-05 6.24988e-05 4.42102e-05 3.08474e-05 2.12275e-05 1.44047e-05 9.63787e-06 6.35743e-06 4.13392e-06 2.64961e-06 1.67382e-06 1.04211e-06 6.39415e-07 3.86653e-07 2.30469e-07 1.35512e-07 7.88003e-08 4.57112e-08 2.71953e-08 1.79228e-08 
2.48822e-08 2.94571e-08 4.45655e-08 7.46788e-08 1.28364e-07 2.20128e-07 3.73339e-07 6.2459e-07 1.02997e-06 1.67382e-06 2.68063e-06 4.23083e-06 6.58116e-06 1.00902e-05 1.52496e-05 2.27208e-05 3.33767e-05 4.83473e-05 6.90669e-05 9.73194e-05 0.000135278 0.000185536 0.000251114 0.000335455 0.000442381 0.000576019 0.000740691 0.000940755 0.00118042 0.00146351 0.00179323 0.00217187 0.00260056 0.00307902 0.00360535 0.00417588 0.0047851 0.00542569 0.0060886 0.00676331 0.00743808 0.00810035 0.00873714 0.00933549 0.0098829 0.0103677 0.0107796 0.0111095 0.0113504 0.0114971 0.0115463 0.0114971 0.0113504 0.0111095 0.0107796 0.0103677 0.0098829 0.00933549 0.00873714 0.00810035 0.00743808 0.00676331 0.0060886 0.00542569 0.0047851 0.00417588 0.00360535 0.00307902 0.00260056 0.00217187 0.00179323 0.00146351 0.00118042 0.000940755 0.000740691 0.000576019 0.000442381 0.000335455 0.000251114 0.000185536 0.000135278 9.73194e-05 6.90669e-05 4.83473e-05 3.33767e-05 2.27208e-05 1.52496e-05 1.00902e-05 6.58116e-06 4.23083e-06 2.68063e-06 1.67382e-06 1.02997e-06 6.2459e-07 3.73339e-07 2.20128e-07 1.28364e-07 7.46788e-08 4.45655e-08 2.94571e-08 
4.03748e-08 4.77304e-08 7.19963e-08 1.20271e-07 2.06125e-07 3.52473e-07 5.9611e-07 9.94451e-07 1.63518e-06 2.64961e-06 4.23083e-06 6.6575e-06 1.03244e-05 1.57805e-05 2.3775e-05 3.53107e-05 5.17046e-05 7.46525e-05 0.000106295 0.000149279 0.00020681 0.000282686 0.000381307 0.000507647 0.000667185 0.000865792 0.00110955 0.00140454 0.00175654 0.00217073 0.00265131 0.00320115 0.00382143 0.00451129 0.00526762 0.0060848 0.00695469 0.00786669 0.00880785 0.00976326 0.0107165 0.0116499 0.0125456 0.0133857 0.014153 0.0148317 0.0154075 0.0158684 0.0162047 0.0164093 0.016478 0.0164093 0.0162047 0.0158684 0.0154075 0.0148317 0.014153 0.0133857 0.0125456 0.0116499 0.0107165 0.00976326 0.00880785 0.00786669 0.00695469 0.0060848 0.00526762 0.00451129 0.00382143 0.00320115 0.00265131 0.00217073 0.00175654 0.00140454 0.00110955 0.000865792 0.000667185 0.000507647 0.000381307 0.000282686 0.00020681 0.000149279 0.000106295 7.46525e-05 5.17046e-05 3.53107e-05 2.3775e-05 1.57805e-05 1.03244e-05 6.6575e-06 4.23083e-06 2.64961e-06 1.63518e-06 9.94451e-07 5.9611e-07 3.52473e-07 2.06125e-07 1.20271e-07 7.19963e-08 4.77304e-08 
6.4593e-08 7.62514e-08 1.14671e-07 1.90957e-07 3.26295e-07 5.56356e-07 9.3823e-07 1.56068e-06 2.55875e-06 4.13392e-06 6.58116e-06 1.03244e-05 1.59616e-05 2.43205e-05 3.6525e-05 5.40725e-05 7.89188e-05 0.000113569 0.000161167 0.000225577 0.000311448 0.000424256 0.000570293 0.000756622 0.000990962 0.0012815 0.00163665 0.00206469 0.0025734 0.0031696 0.00385867 0.00464401 0.00552663 0.0065047 0.00757321 0.00872378 0.00994462 0.0112206 0.0125335 0.0138627 0.0151855 0.0164778 0.0177152 0.0188735 0.0199298 0.0208625 0.021653 0.022285 0.0227458 0.023026 0.0231201 0.023026 0.0227458 0.022285 0.021653 0.0208625 0.0199298 0.0188735 0.0177152 0.0164778 0.0151855 0.0138627 0.0125335 0.0112206 0.00994462 0.00872378 0.00757321 0.0065047 0.00552663 0.00464401 0.00385867 0.0031696 0.0025734 0.00206469 0.00163665 0.0012815 0.000990962 0.000756622 0.000570293 0.000424256 0.000311448 0.000225577 0.000161167 0.000113569 7.89188e-05 5.40725e-05 3.6525e-05 2.43205e-05 1.59616e-05 1.03244e-05 6.58116e-06 4.13392e-06 2.55875e-06 1.56068e-06 9.3823e-07 5.56356e-07 3.26295e-07 1.90957e-07 1.14671e-07 7.62514e-08 
1.01893e-07 1.2011e-07 1.80079e-07 2.98922e-07 5.09237e-07 8.65748e-07 1.45575e-06 2.41447e-06 3.94685e-06 6.35743e-06 1.00902e-05 1.57805e-05 2.43205e-05 3.69391e-05 5.52972e-05 8.15958e-05 0.000118695 0.000170237 0.000240765 0.000335831 0.000462069 0.000627235 0.000840182 0.00111076 0.00144965 0.00186805 0.00237735 0.00298862 0.00371209 0.00455649 0.00552844 0.00663178 0.00786696 0.00923051 0.0107147 0.0123072 0.0139912 0.0157456 0.0175453 0.0193621 0.0211653 0.0229226 0.0246015 0.0261699 0.0275975 0.0288563 0.0299215 0.0307724 0.0313923 0.0317691 0.0318955 0.0317691 0.0313923 0.0307724 0.0299215 0.0288563 0.0275975 0.0261699 0.0246015 0.0229226 0.0211653 0.0193621 0.0175453 0.0157456 0.0139912 0.0123072 0.0107147 0.00923051 0.00786696 0.00663178 0.00552844 0.00455649 0.00371209 0.00298862 0.00237735 0.00186805 0.00144965 0.00111076 0.000840182 0.000627235 0.000462069 0.000335831 0.000240765 0.000170237 0.000118695 8.15958e-05 5.52972e-05 3.69391e-05 2.43205e-05 1.57805e-05 1.00902e-05 6.35743e-06 3.94685e-06 2.41447e-06 1.45575e-06 8.65748e-07 5.09237e-07 2.98922e-07 1.80079e-07 1.2011e-07 
1.58497e-07 1.86562e-07 2.7885e-07 4.61384e-07 7.83599e-07 1.32824e-06 2.22687e-06 3.6825e-06 6.00165e-06 9.63787e-06 1.52496e-05 2.3775e-05 3.6525e-05 5.52972e-05 8.25083e-05 0.000121345 0.000175923 0.000251457 0.00035441 0.000492627 0.00067542 0.000913596 0.00121939 0.00160631 0.00208883 0.00268203 0.00340099 0.00426019 0.00527273 0.00644949 0.00779832 0.00932314 0.0110232 0.0128926 0.0149196 0.0170864 0.0193697 0.0217403 0.0241644 0.0266042 0.0290188 0.0313659 0.033603 0.0356884 0.0375829 0.0392507 0.0406602 0.0417847 0.0426033 0.0431005 0.0432673 0.0431005 0.0426033 0.0417847 0.0406602 0.0392507 0.0375829 0.0356884 0.033603 0.0313659 0.0290188 0.0266042 0.0241644 0.0217403 0.0193697 0.0170864 0.0149196 0.0128926 0.0110232 0.00932314 0.00779832 0.00644949 0.00527273 0.00426019 0.00340099 0.00268203 0.00208883 0.00160631 0.00121939 0.000913596 0.00067542 0.000492627 0.00035441 0.000251457 0.000175923 0.000121345 8.25083e-05 5.52972e-05 3.6525e-05 2.3775e-05 1.52496e-05 9.63787e-06 6.00165e-06 3.6825e-06 2.22687e-06 1.32824e-06 7.83599e-07 4.61384e-07 2.7885e-07 1.86562e-07 
2.43137e-07 2.85771e-07 4.2581e-07 7.02245e-07 1.18898e-06 2.00934e-06 3.35874e-06 5.53761e-06 8.99769e-06 1.44047e-05 2.27208e-05 3.53107e-05 5.40725e-05 8.15958e-05 0.000121345 0.000177861 0.000256981 0.00036605 0.000514115 0.000712088 0.000972826 0.00131113 0.00174363 0.0022885 0.00296505 0.0037931 0.00479227 0.00598106 0.0073758 0.00898964 0.0108314 0.0129045 0.0152062 0.0177266 0.0204486 0.0233472 0.0263902 0.0295384 0.0327469 0.0359658 0.0391422 0.0422213 0.0451488 0.0478717 0.0503404 0.0525098 0.0543406 0.0557995 0.0568605 0.0575047 0.0577207 0.0575047 0.0568605 0.0557995 0.0543406 0.0525098 0.0503404 0.0478717 0.0451488 0.0422213 0.0391422 0.0359658 0.0327469 0.0295384 0.0263902 0.0233472 0.0204486 0.0177266 0.0152062 0.0129045 0.0108314 0.00898964 0.0073758 0.00598106 0.00479227 0.0037931 0.00296505 0.0022885 0.00174363 0.00131113 0.000972826 0.000712088 0.000514115 0.00036605 0.000256981 0.000177861 0.000121345 8.15958e-05 5.40725e-05 3.53107e-05 2.27208e-05 1.44047e-05 8.99769e-06 5.53761e-06 3.35874e-06 2.00934e-06 1.18898e-06 7.02245e-07 4.2581e-07 2.85771e-07 
3.67852e-07 4.31718e-07 6.41266e-07 1.05409e-06 1.77911e-06 2.99754e-06 4.99549e-06 8.2112e-06 1.33009e-05 2.12275e-05 3.33767e-05 5.17046e-05 7.89188e-05 0.000118695 0.000175923 0.000256981 0.000370014 0.00052521 0.000735038 0.00101443 0.00138084 0.00185423 0.00245677 0.00321251 0.00414669 0.00528491 0.00665212 0.00827136 0.0101625 0.0123407 0.0148154 0.0175885 0.0206539 0.0239962 0.0275908 0.0314031 0.0353898 0.0394991 0.0436722 0.047845 0.0519498 0.0559176 0.0596799 0.0631711 0.0663296 0.0691002 0.0714346 0.0732925 0.0746424 0.0754615 0.0757361 0.0754615 0.0746424 0.0732925 0.0714346 0.0691002 0.0663296 0.0631711 0.0596799 0.0559176 0.0519498 0.047845 0.0436722 0.0394991 0.0353898 0.0314031 0.0275908 0.0239962 0.0206539 0.0175885 0.0148154 0.0123407 0.0101625 0.00827136 0.00665212 0.00528491 0.00414669 0.00321251 0.00245677 0.00185423 0.00138084 0.00101443 0.000735038 0.00052521 0.000370014 0.000256981 0.000175923 0.000118695 7.89188e-05 5.17046e-05 3.33767e-05 2.12275e-05 1.33009e-05 8.2112e-06 4.99549e-06 2.99754e-06 1.77911e-06 1.05409e-06 6.41266e-07 4.31718e-07 
5.48942e-07 6.43297e-07 9.5254e-07 1.56055e-06 2.6256e-06 4.41022e-06 7.3274e-06 1.20073e-05 1.93897e-05 3.08474e-05 4.83473e-05 7.46525e-05 0.000113569 0.000170237 0.000251457 0.00036605 0.00052521 0.000742852 0.00103589 0.00142443 0.00193181 0.00258442 0.00341141 0.00444398 0.0057145 0.00725537 0.00909759 0.0112692 0.0137935 0.0166874 0.0199598 0.0236099 0.0276264 0.0319862 0.0366546 0.041585 0.0467199 0.0519921 0.0573263 0.0626415 0.067853 0.0728753 0.0776243 0.0820198 0.0859877 0.0894615 0.0923836 0.0947063 0.0963921 0.0974143 0.0977568 0.0974143 0.0963921 0.0947063 0.0923836 0.0894615 0.0859877 0.0820198 0.0776243 0.0728753 0.067853 0.0626415 0.0573263 0.0519921 0.0467199 0.041585 0.0366546 0.0319862 0.0276264 0.0236099 0.0199598 0.0166874 0.0137935 0.0112692 0.00909759 0.00725537 0.0057145 0.00444398 0.00341141 0.00258442 0.00193181 0.00142443 0.00103589 0.000742852 0.00052521 0.00036605 0.000251457 0.000170237 0.000113569 7.46525e-05 4.83473e-05 3.08474e-05 1.93897e-05 1.20073e-05 7.3274e-06 4.41022e-06 2.6256e-06 1.56055e-06 9.5254e-07 6.43297e-07 
8.08077e-07 9.45574e-07 1.39571e-06 2.27895e-06 3.82208e-06 6.40013e-06 1.0601e-05 1.7318e-05 2.78778e-05 4.42102e-05 6.90669e-05 0.000106295 0.000161167 0.000240765 0.00035441 0.000514115 0.000735038 0.00103589 0.00143927 0.0019718 0.00266416 0.00355074 0.00466911 0.00605904 0.00776127 0.00981592 0.0122607 0.0151286 0.0184462 0.0222312 0.0264906 0.0312189 0.0363972 0.041992 0.0479557 0.0542262 0.0607291 0.0673786 0.0740802 0.0807332 0.087234 0.0934787 0.0993662 0.104801 0.109696 0.113972 0.117563 0.120413 0.122479 0.123731 0.124151 0.123731 0.122479 0.120413 0.117563 0.113972 0.109696 0.104801 0.0993662 0.0934787 0.087234 0.0807332 0.0740802 0.0673786 0.0607291 0.0542262 0.0479557 0.041992 0.0363972 0.0312189 0.0264906 0.0222312 0.0184462 0.0151286 0.0122607 0.00981592 0.00776127 0.00605904 0.00466911 0.00355074 0.00266416 0.0019718 0.00143927 0.00103589 0.000735038 0.000514115 0.00035441 0.000240765 0.000161167 0.000106295 6.90669e-05 4.42102e-05 2.78778e-05 1.7318e-05 1.0601e-05 6.40013e-06 3.82208e-06 2.27895e-06 1.39571e-06 9.45574e-07 
1.17353e-06 1.37118e-06 2.01752e-06 3.2832e-06 5.48869e-06 9.16235e-06 1.51293e-05 2.46386e-05 3.9537e-05 6.24988e-05 9.73194e-05 0.000149279 0.000225577 0.000335831 0.000492627 0.000712088 0.00101443 0.00142443 0.0019718 0.00269128 0.00362251 0.00480956 0.00630001 0.00814364 0.0103907 0.0130898 0.0162857 0.0200161 0.02431 0.0291844 0.0346423 0.0406711 0.0472413 0.0543058 0.0618003 0.0696442 0.0777425 0.0859878 0.0942638 0.102448 0.110416 0.118044 0.125213 0.131813 0.137742 0.14291 0.147242 0.150675 0.153162 0.154667 0.155171 0.154667 0.153162 0.150675 0.147242 0.14291 0.137742 0.131813 0.125213 0.118044 0.110416 0.102448 0.0942638 0.0859878 0.0777425 0.0696442 0.0618003 0.0543058 0.0472413 0.0406711 0.0346423 0.0291844 0.02431 0.0200161 0.0162857 0.0130898 0.0103907 0.00814364 0.00630001 0.00480956 0.00362251 0.00269128 0.0019718 0.00142443 0.00101443 0.000712088 0.000492627 0.000335831 0.000225577 0.000149279 9.73194e-05 6.24988e-05 3.9537e-05 2.46386e-05 1.51293e-05 9.16235e-06 5.48869e-06 3.2832e-06 2.01752e-06 1.37118e-06 
1.6815e-06 1.96181e-06 2.87742e-06 4.66678e-06 7.7766e-06 1.29411e-05 2.13025e-05 3.45832e-05 5.53185e-05 8.71629e-05 0.000135278 0.00020681 0.000311448 0.000462069 0.00067542 0.000972826 0.00138084 0.00193181 0.00266416 0.00362251 0.0048573 0.00642402 0.00838188 0.010792 0.0137153 0.0172091 0.0213251 0.0261053 0.0315793 0.0377613 0.0446477 0.0522156 0.060421 0.0691995 0.0784664 0.0881187 0.0980376 0.108091 0.118139 0.128034 0.137631 0.146786 0.155362 0.163233 0.170285 0.176419 0.18155 0.18561 0.188547 0.190323 0.190918 0.190323 0.188547 0.18561 0.18155 0.176419 0.170285 0.163233 0.155362 0.146786 0.137631 0.128034 0.118139 0.108091 0.0980376 0.0881187 0.0784664 0.0691995 0.060421 0.0522156 0.0446477 0.0377613 0.0315793 0.0261053 0.0213251 0.0172091 0.0137153 0.010792 0.00838188 0.00642402 0.0048573 0.00362251 0.00266416 0.00193181 0.00138084 0.000972826 0.00067542 0.000462069 0.000311448 0.00020681 0.000135278 8.71629e-05 5.53185e-05 3.45832e-05 2.13025e-05 1.29411e-05 7.7766e-06 4.66678e-06 2.87742e-06 1.96181e-06 
2.37739e-06 2.76964e-06 4.04947e-06 6.54554e-06 1.08722e-05 1.80358e-05 2.95966e-05 4.78969e-05 7.637e-05 0.000119942 0.000185536 0.000282686 0.000424256 0.000627235 0.000913596 0.00131113 0.00185423 0.00258442 0.00355074 0.00480956 0.00642402 0.00846281 0.0109984 0.0141044 0.0178527 0.0223101 0.0275342 0.0335696 0.0404446 0.0481678 0.0567254 0.0660798 0.0761688 0.0869061 0.0981827 0.109869 0.12182 0.133876 0.14587 0.157632 0.168993 0.179789 0.189868 0.199089 0.207327 0.214475 0.220442 0.225155 0.22856 0.230618 0.231307 0.230618 0.22856 0.225155 0.220442 0.214475 0.207327 0.199089 0.189868 0.179789 0.168993 0.157632 0.14587 0.133876 0.12182 0.109869 0.0981827 0.0869061 0.0761688 0.0660798 0.0567254 0.0481678 0.0404446 0.0335696 0.0275342 0.0223101 0.0178527 0.0141044 0.0109984 0.00846281 0.00642402 0.00480956 0.00355074 0.00258442 0.00185423 0.00131113 0.000913596 0.000627235 0.000424256 0.000282686 0.000185536 0.000119942 7.637e-05 4.78969e-05 2.95966e-05 1.80358e-05 1.08722e-05 6.54554e-06 4.04947e-06 2.76964e-06 
3.31705e-06 3.85871e-06 5.62407e-06 9.06013e-06 1.50005e-05 2.48063e-05 4.058e-05 6.54647e-05 0.000104047 0.000162877 0.000251114 0.000381307 0.000570293 0.000840182 0.00121939 0.00174363 0.00245677 0.00341141 0.00466911 0.00630001 0.00838188 0.0109984 0.0142364 0.0181833 0.0229221 0.0285281 0.0350636 0.042574 0.0510829 0.0605894 0.0710654 0.0824541 0.09467 0.107601 0.121108 0.135033 0.1492 0.163421 0.177502 0.191247 0.204468 0.216981 0.22862 0.239232 0.248685 0.256864 0.263677 0.26905 0.272926 0.275266 0.276049 0.275266 0.272926 0.26905 0.263677 0.256864 0.248685 0.239232 0.22862 0.216981 0.204468 0.191247 0.177502 0.163421 0.1492 0.135033 0.121108 0.107601 0.09467 0.0824541 0.0710654 0.0605894 0.0510829 0.042574 0.0350636 0.0285281 0.0229221 0.0181833 0.0142364 0.0109984 0.00838188 0.00630001 0.00466911 0.00341141 0.00245677 0.00174363 0.00121939 0.000840182 0.000570293 0.000381307 0.000251114 0.000162877 0.000104047 6.54647e-05 4.058e-05 2.48063e-05 1.50005e-05 9.06013e-06 5.62407e-06 3.85871e-06 
4.56764e-06 5.30586e-06 7.7092e-06 1.23776e-05 2.04273e-05 3.36753e-05 5.4917e-05 8.83146e-05 0.000139914 0.000218309 0.000335455 0.000507647 0.000756622 0.00111076 0.00160631 0.0022885 0.00321251 0.00444398 0.00605904 0.00814364 0.010792 0.0141044 0.0181833 0.0231296 0.0290378 0.0359902 0.0440518 0.0532652 0.0636457 0.0751784 0.0878155 0.101476 0.116046 0.131381 0.147311 0.163644 0.180172 0.196677 0.212938 0.228736 0.243861 0.258117 0.271325 0.283325 0.293979 0.303173 0.310813 0.316826 0.321158 0.323771 0.324644 0.323771 0.321158 0.316826 0.310813 0.303173 0.293979 0.283325 0.271325 0.258117 0.243861 0.228736 0.212938 0.196677 0.180172 0.163644 0.147311 0.131381 0.116046 0.101476 0.0878155 0.0751784 0.0636457 0.0532652 0.0440518 0.0359902 0.0290378 0.0231296 0.0181833 0.0141044 0.010792 0.00814364 0.00605904 0.00444398 0.00321251 0.0022885 0.00160631 0.00111076 0.000756622 0.000507647 0.000335455 0.000218309 0.000139914 8.83146e-05 5.4917e-05 3.36753e-05 2.04273e-05 1.23776e-05 7.7092e-06 5.30586e-06 
6.20816e-06 7.20128e-06 1.04309e-05 1.66919e-05 2.74595e-05 4.51275e-05 7.33649e-05 0.000117611 0.000185733 0.000288855 0.000442381 0.000667185 0.000990962 0.00144965 0.00208883 0.00296505 0.00414669 0.0057145 0.00776127 0.0103907 0.0137153 0.0178527 0.0229221 0.0290378 0.0363042 0.0448088 0.0546161 0.0657619 0.0782484 0.0920411 0.107067 0.123215 0.140337 0.158253 0.176758 0.195621 0.214604 0.233456 0.251932 0.269792 0.28681 0.302778 0.317511 0.330845 0.342644 0.352795 0.361209 0.367818 0.372571 0.375436 0.376393 0.375436 0.372571 0.367818 0.361209 0.352795 0.342644 0.330845 0.317511 0.302778 0.28681 0.269792 0.251932 0.233456 0.214604 0.195621 0.176758 0.158253 0.140337 0.123215 0.107067 0.0920411 0.0782484 0.0657619 0.0546161 0.0448088 0.0363042 0.0290378 0.0229221 0.0178527 0.0137153 0.0103907 0.00776127 0.0057145 0.00414669 0.00296505 0.00208883 0.00144965 0.000990962 0.000667185 0.000442381 0.000288855 0.000185733 0.000117611 7.33649e-05 4.51275e-05 2.74595e-05 1.66919e-05 1.04309e-05 7.20128e-06 
8.32927e-06 9.64821e-06 1.39327e-05 2.22224e-05 3.64421e-05 5.97052e-05 9.67655e-05 0.000154642 0.000243436 0.000377367 0.000576019 0.000865792 0.0012815 0.00186805 0.00268203 0.0037931 0.00528491 0.00725537 0.00981592 0.0130898 0.0172091 0.0223101 0.0285281 0.0359902 0.0448088 0.0550736 0.0668443 0.0801452 0.0949595 0.111227 0.128843 0.147661 0.167494 0.188122 0.209298 0.230758 0.252226 0.273426 0.294088 0.313955 0.332789 0.350378 0.366534 0.381098 0.393938 0.40495 0.414053 0.421187 0.426309 0.429393 0.430423 0.429393 0.426309 0.421187 0.414053 0.40495 0.393938 0.381098 0.366534 0.350378 0.332789 0.313955 0.294088 0.273426 0.252226 0.230758 0.209298 0.188122 0.167494 0.147661 0.128843 0.111227 0.0949595 0.0801452 0.0668443 0.0550736 0.0448088 0.0359902 0.0285281 0.0223101 0.0172091 0.0130898 0.00981592 0.00725537 0.00528491 0.0037931 0.00268203 0.00186805 0.0012815 0.000865792 0.000576019 0.000377367 0.000243436 0.000154642 9.67655e-05 5.97052e-05 3.64421e-05 2.22224e-05 1.39327e-05 9.64821e-06 
1.10323e-05 1.27617e-05 1.83738e-05 2.92108e-05 4.77528e-05 7.7998e-05 0.000126028 0.000200784 0.000315078 0.000486852 0.000740691 0.00110955 0.00163665 0.00237735 0.00340099 0.00479227 0.00665212 0.00909759 0.0122607 0.0162857 0.0213251 0.0275342 0.0350636 0.0440518 0.0546161 0.0668443 0.0807868 0.0964499 0.113792 0.13272 0.153092 0.174719 0.197371 0.220783 0.244668 0.268723 0.29264 0.316118 0.338867 0.360618 0.381129 0.400187 0.417611 0.433249 0.446984 0.458723 0.468399 0.475963 0.481386 0.484646 0.485733 0.484646 0.481386 0.475963 0.468399 0.458723 0.446984 0.433249 0.417611 0.400187 0.381129 0.360618 0.338867 0.316118 0.29264 0.268723 0.244668 0.220783 0.197371 0.174719 0.153092 0.13272 0.113792 0.0964499 0.0807868 0.0668443 0.0546161 0.0440518 0.0350636 0.0275342 0.0213251 0.0162857 0.0122607 0.00909759 0.00665212 0.00479227 0.00340099 0.00237735 0.00163665 0.00110955 0.000740691 0.000486852 0.000315078 0.000200784 0.000126028 7.7998e-05 4.77528e-05 2.92108e-05 1.83738e-05 1.27617e-05 
1.4427e-05 1.66662e-05 2.3925e-05 3.79153e-05 6.17922e-05 0.000100627 0.000162103 0.000257471 0.000402775 0.000620377 0.000940755 0.00140454 0.00206469 0.00298862 0.00426019 0.00598106 0.00827136 0.0112692 0.0151286 0.0200161 0.0261053 0.0335696 0.042574 0.0532652 0.0657619 0.0801452 0.0964499 0.114658 0.134696 0.156433 0.17968 0.204203 0.229722 0.255928 0.282491 0.30907 0.33533 0.360945 0.385614 0.409062 0.431049 0.451368 0.469853 0.486368 0.500812 0.513112 0.523219 0.531101 0.536739 0.540125 0.541254 0.540125 0.536739 0.531101 0.523219 0.513112 0.500812 0.486368 0.469853 0.451368 0.431049 0.409062 0.385614 0.360945 0.33533 0.30907 0.282491 0.255928 0.229722 0.204203 0.17968 0.156433 0.134696 0.114658 0.0964499 0.0801452 0.0657619 0.0532652 0.042574 0.0335696 0.0261053 0.0200161 0.0151286 0.0112692 0.00827136 0.00598106 0.00426019 0.00298862 0.00206469 0.00140454 0.000940755 0.000620377 0.000402775 0.000257471 0.000162103 0.000100627 6.17922e-05 3.79153e-05 2.3925e-05 1.66662e-05 
1.86285e-05 2.14918e-05 3.0764e-05 4.86016e-05 7.89696e-05 0.000128221 0.000205946 0.000326128 0.000508615 0.000780937 0.00118042 0.00175654 0.0025734 0.00371209 0.00527273 0.0073758 0.0101625 0.0137935 0.0184462 0.02431 0.0315793 0.0404446 0.0510829 0.0636457 0.0782484 0.0949595 0.113792 0.134696 0.15756 0.182205 0.208394 0.23584 0.264213 0.293155 0.322295 0.351258 0.379683 0.407229 0.433588 0.458487 0.481694 0.503021 0.522318 0.539475 0.554414 0.567086 0.577464 0.585534 0.591296 0.59475 0.595902 0.59475 0.591296 0.585534 0.577464 0.567086 0.554414 0.539475 0.522318 0.503021 0.481694 0.458487 0.433588 0.407229 0.379683 0.351258 0.322295 0.293155 0.264213 0.23584 0.208394 0.182205 0.15756 0.134696 0.113792 0.0949595 0.0782484 0.0636457 0.0510829 0.0404446 0.0315793 0.02431 0.0184462 0.0137935 0.0101625 0.0073758 0.00527273 0.00371209 0.0025734 0.00175654 0.00118042 0.000780937 0.000508615 0.000326128 0.000205946 0.000128221 7.89696e-05 4.86016e-05 3.0764e-05 2.14918e-05 
2.37525e-05 2.73687e-05 3.90674e-05 6.1532e-05 9.96852e-05 0.00016139 0.000258474 0.000408106 0.000634552 0.000971299 0.00146351 0.00217073 0.0031696 0.00455649 0.00644949 0.00898964 0.0123407 0.0166874 0.0222312 0.0291844 0.0377613 0.0481678 0.0605894 0.0751784 0.0920411 0.111227 0.13272 0.156433 0.182205 0.209807 0.238947 0.269281 0.300427 0.331981 0.36353 0.394671 0.425021 0.454233 0.481997 0.508052 0.532185 0.554228 0.574061 0.591602 0.606804 0.619644 0.630121 0.638245 0.644032 0.647497 0.64865 0.647497 0.644032 0.638245 0.630121 0.619644 0.606804 0.591602 0.574061 0.554228 0.532185 0.508052 0.481997 0.454233 0.425021 0.394671 0.36353 0.331981 0.300427 0.269281 0.238947 0.209807 0.182205 0.156433 0.13272 0.111227 0.0920411 0.0751784 0.0605894 0.0481678 0.0377613 0.0291844 0.0222312 0.0166874 0.0123407 0.00898964 0.00644949 0.00455649 0.0031696 0.00217073 0.00146351 0.000971299 0.000634552 0.000408106 0.000258474 0.00016139 9.96852e-05 6.1532e-05 3.90674e-05 2.73687e-05 
2.99094e-05 3.44208e-05 4.90015e-05 7.69506e-05 0.000124307 0.000200689 0.000320509 0.000504603 0.000782289 0.00119383 0.00179323 0.00265131 0.00385867 0.00552844 0.00779832 0.0108314 0.0148154 0.0199598 0.0264906 0.0346423 0.0446477 0.0567254 0.0710654 0.0878155 0.107067 0.128843 0.153092 0.17968 0.208394 0.238947 0.270987 0.304112 0.337889 0.371865 0.405595 0.438649 0.470633 0.501198 0.530044 0.556927 0.581661 0.60411 0.624187 0.641844 0.657068 0.66987 0.680275 0.688317 0.694032 0.697448 0.698584 0.697448 0.694032 0.688317 0.680275 0.66987 0.657068 0.641844 0.624187 0.60411 0.581661 0.556927 0.530044 0.501198 0.470633 0.438649 0.405595 0.371865 0.337889 0.304112 0.270987 0.238947 0.208394 0.17968 0.153092 0.128843 0.107067 0.0878155 0.0710654 0.0567254 0.0446477 0.0346423 0.0264906 0.0199598 0.0148154 0.0108314 0.00779832 0.00552844 0.00385867 0.00265131 0.00179323 0.00119383 0.000782289 0.000504603 0.000320509 0.000200689 0.000124307 7.69506e-05 4.90015e-05 3.44208e-05 
3.71974e-05 4.27577e-05 6.07116e-05 9.50675e-05 0.000153148 0.000246578 0.000392719 0.000616569 0.000953139 0.00145028 0.00217187 0.00320115 0.00464401 0.00663178 0.00932314 0.0129045 0.0175885 0.0236099 0.0312189 0.0406711 0.0522156 0.0660798 0.0824541 0.101476 0.123215 0.147661 0.174719 0.204203 0.23584 0.269281 0.304112 0.339874 0.376079 0.412236 0.447866 0.482524 0.515811 0.547384 0.576962 0.604329 0.62933 0.651869 0.671896 0.689405 0.704419 0.716983 0.727151 0.734984 0.740534 0.743846 0.744947 0.743846 0.740534 0.734984 0.727151 0.716983 0.704419 0.689405 0.671896 0.651869 0.62933 0.604329 0.576962 0.547384 0.515811 0.482524 0.447866 0.412236 0.376079 0.339874 0.304112 0.269281 0.23584 0.204203 0.174719 0.147661 0.123215 0.101476 0.0824541 0.0660798 0.0522156 0.0406711 0.0312189 0.0236099 0.0175885 0.0129045 0.00932314 0.00663178 0.00464401 0.00320115 0.00217187 0.00145028 0.000953139 0.000616569 0.000392719 0.000246578 0.000153148 9.50675e-05 6.07116e-05 4.27577e-05 
4.56944e-05 5.24655e-05 7.43093e-05 0.00011604 0.000186433 0.000299381 0.000475558 0.000744614 0.0011479 0.00174165 0.00260056 0.00382143 0.00552663 0.00786696 0.0110232 0.0152062 0.0206539 0.0276264 0.0363972 0.0472413 0.060421 0.0761688 0.09467 0.116046 0.140337 0.167494 0.197371 0.229722 0.264213 0.300427 0.337889 0.376079 0.414464 0.452514 0.489727 0.525649 0.559884 0.592105 0.622058 0.649561 0.674502 0.696824 0.716524 0.733637 0.748225 0.760368 0.770152 0.77766 0.782965 0.786124 0.787173 0.786124 0.782965 0.77766 0.770152 0.760368 0.748225 0.733637 0.716524 0.696824 0.674502 0.649561 0.622058 0.592105 0.559884 0.525649 0.489727 0.452514 0.414464 0.376079 0.337889 0.300427 0.264213 0.229722 0.197371 0.167494 0.140337 0.116046 0.09467 0.0761688 0.060421 0.0472413 0.0363972 0.0276264 0.0206539 0.0152062 0.0110232 0.00786696 0.00552663 0.00382143 0.00260056 0.00174165 0.0011479 0.000744614 0.000475558 0.000299381 0.000186433 0.00011604 7.43093e-05 5.24655e-05 
5.54496e-05 6.35977e-05 8.98608e-05 0.000139955 0.000224277 0.000359243 0.000569197 0.00088892 0.00136671 0.00206794 0.00307902 0.00451129 0.0065047 0.00923051 0.0128926 0.0177266 0.0239962 0.0319862 0.041992 0.0543058 0.0691995 0.0869061 0.107601 0.131381 0.158253 0.188122 0.220783 0.255928 0.293155 0.331981 0.371865 0.412236 0.452514 0.492139 0.530595 0.567426 0.602247 0.634757 0.664736 0.692046 0.716617 0.738442 0.757564 0.77406 0.788035 0.799601 0.808875 0.815962 0.820954 0.82392 0.824904 0.82392 0.820954 0.815962 0.808875 0.799601 0.788035 0.77406 0.757564 0.738442 0.716617 0.692046 0.664736 0.634757 0.602247 0.567426 0.530595 0.492139 0.452514 0.412236 0.371865 0.331981 0.293155 0.255928 0.220783 0.188122 0.158253 0.131381 0.107601 0.0869061 0.0691995 0.0543058 0.041992 0.0319862 0.0239962 0.0177266 0.0128926 0.00923051 0.0065047 0.00451129 0.00307902 0.00206794 0.00136671 0.00088892 0.000569197 0.000359243 0.000224277 0.000139955 8.98608e-05 6.35977e-05 
6.64757e-05 7.61658e-05 0.000107374 0.000166809 0.000266655 0.000426091 0.000673473 0.00104915 0.00160894 0.00242805 0.00360535 0.00526762 0.00757321 0.0107147 0.0149196 0.0204486 0.0275908 0.0366546 0.0479557 0.0618003 0.0784664 0.0981827 0.121108 0.147311 0.176758 0.209298 0.244668 0.282491 0.322295 0.36353 0.405595 0.447866 0.489727 0.530595 0.569946 0.60733 0.642385 0.674843 0.704525 0.731339 0.755266 0.77635 0.794679 0.810376 0.823584 0.834449 0.843113 0.849705 0.854333 0.857077 0.857985 0.857077 0.854333 0.849705 0.843113 0.834449 0.823584 0.810376 0.794679 0.77635 0.755266 0.731339 0.704525 0.674843 0.642385 0.60733 0.569946 0.530595 0.489727 0.447866 0.405595 0.36353 0.322295 0.282491 0.244668 0.209298 0.176758 0.147311 0.121108 0.0981827 0.0784664 0.0618003 0.0479557 0.0366546 0.0275908 0.0204486 0.0149196 0.0107147 0.00757321 0.00526762 0.00360535 0.00242805 0.00160894 0.00104915 0.000673473 0.000426091 0.000266655 0.000166809 0.000107374 7.61658e-05 
7.87411e-05 9.01317e-05 0.000126787 0.000196498 0.00031338 0.000499604 0.000787836 0.00122441 0.00187312 0.00281961 0.00417588 0.0060848 0.00872378 0.0123072 0.0170864 0.0233472 0.0314031 0.041585 0.0542262 0.0696442 0.0881187 0.109869 0.135033 0.163644 0.195621 0.230758 0.268723 0.30907 0.351258 0.394671 0.438649 0.482524 0.525649 0.567426 0.60733 0.644929 0.679891 0.711986 0.741083 0.767142 0.790194 0.810335 0.827702 0.84246 0.854786 0.864859 0.872846 0.878893 0.883122 0.885622 0.88645 0.885622 0.883122 0.878893 0.872846 0.864859 0.854786 0.84246 0.827702 0.810335 0.790194 0.767142 0.741083 0.711986 0.679891 0.644929 0.60733 0.567426 0.525649 0.482524 0.438649 0.394671 0.351258 0.30907 0.268723 0.230758 0.195621 0.163644 0.135033 0.109869 0.0881187 0.0696442 0.0542262 0.041585 0.0314031 0.0233472 0.0170864 0.0123072 0.00872378 0.0060848 0.00417588 0.00281961 0.00187312 0.00122441 0.000787836 0.000499604 0.00031338 0.000196498 0.000126787 9.01317e-05 
9.21644e-05 0.000105401 0.000147964 0.0002288 0.00036409 0.000579185 0.000911326 0.00141315 0.00215687 0.00323897 0.0047851 0.00695469 0.00994462 0.0139912 0.0193697 0.0263902 0.0353898 0.0467199 0.0607291 0.0777425 0.0980376 0.12182 0.1492 0.180172 0.214604 0.252226 0.29264 0.33533 0.379683 0.425021 0.470633 0.515811 0.559884 0.602247 0.642385 0.679891 0.714468 0.745932 0.774203 0.799295 0.821292 0.840341 0.856624 0.870345 0.881716 0.890942 0.898211 0.903686 0.907499 0.909747 0.91049 0.909747 0.907499 0.903686 0.898211 0.890942 0.881716 0.870345 0.856624 0.840341 0.821292 0.799295 0.774203 0.745932 0.714468 0.679891 0.642385 0.602247 0.559884 0.515811 0.470633 0.425021 0.379683 0.33533 0.29264 0.252226 0.214604 0.180172 0.1492 0.12182 0.0980376 0.0777425 0.0607291 0.0467199 0.0353898 0.0263902 0.0193697 0.0139912 0.00994462 0.00695469 0.0047851 0.00323897 0.00215687 0.00141315 0.000911326 0.000579185 0.00036409 0.0002288 0.000147964 0.000105401 
