0.000407294 0.000415575 0.000440585 0.00048282 0.000543102 0.00062257 0.00072267 0.000845133 0.000991963 0.0011654 0.00136791 0.00160211 0.00187078 0.00217676 0.00252292 0.00291211 0.00334708 0.00383042 0.00436445 0.0049512 0.00559229 0.00628887 0.00704153 0.00785024 0.00871429 0.00963223 0.0106018 0.01162 0.0126828 0.0137855 0.0149224 0.0160873 0.0172728 0.018471 0.0196735 0.0208712 0.0220545 0.0232137 0.0243388 0.0254196 0.0264463 0.0274092 0.028299 0.0291068 0.0298247 0.0304452 0.030962 0.0313697 0.0316641 0.0318419 0.0319014 0.0318419 0.0316641 0.0313697 0.030962 0.0304452 0.0298247 0.0291068 0.028299 0.0274092 0.0264463 0.0254196 0.0243388 0.0232137 0.0220545 0.0208712 0.0196735 0.018471 0.0172728 0.0160873 0.0149224 0.0137855 0.0126828 0.01162 0.0106018 0.00963223 0.00871429 0.00785024 0.00704153 0.00628887 0.00559229 0.0049512 0.00436445 0.00383042 0.00334708 0.00291211 0.00252292 0.00217676 0.00187078 0.00160211 0.00136791 0.0011654 0.000991963 0.000845133 0.00072267 0.00062257 0.000543102 0.00048282 0.000440585 0.000415575 
0.000415575 0.000424013 0.000449493 0.000492522 0.000553933 0.000634885 0.000736843 0.000861568 0.00101109 0.00118769 0.00139386 0.00163227 0.00190572 0.0022171 0.00256932 0.00296527 0.00340772 0.0038993 0.00444235 0.00503893 0.00569065 0.00639868 0.0071636 0.00798536 0.00886324 0.00979573 0.0107805 0.0118146 0.0128938 0.0140134 0.0151676 0.01635 0.0175532 0.0187692 0.0199894 0.0212046 0.0224051 0.023581 0.0247222 0.0258184 0.0268597 0.0278362 0.0287384 0.0295576 0.0302854 0.0309146 0.0314385 0.0318519 0.0321503 0.0323306 0.0323909 0.0323306 0.0321503 0.0318519 0.0314385 0.0309146 0.0302854 0.0295576 0.0287384 0.0278362 0.0268597 0.0258184 0.0247222 0.023581 0.0224051 0.0212046 0.0199894 0.0187692 0.0175532 0.01635 0.0151676 0.0140134 0.0128938 0.0118146 0.0107805 0.00979573 0.00886324 0.00798536 0.0071636 0.00639868 0.00569065 0.00503893 0.00444235 0.0038993 0.00340772 0.00296527 0.00256932 0.0022171 0.00190572 0.00163227 0.00139386 0.00118769 0.00101109 0.000861568 0.000736843 0.000634885 0.000553933 0.000492522 0.000449493 0.000424013 
0.000440585 0.000449493 0.000476395 0.000521819 0.000586637 0.000672062 0.000779626 0.000911171 0.00106882 0.00125495 0.00147216 0.00172325 0.00201112 0.00233878 0.00270926 0.00312556 0.00359056 0.00410696 0.00467719 0.00530336 0.00598711 0.00672962 0.00753145 0.00839251 0.009312 0.0102883 0.011319 0.0124007 0.0135293 0.0146997 0.0159059 0.017141 0.0183975 0.019667 0.0209404 0.0222082 0.0234604 0.0246865 0.0258762 0.0270187 0.0281037 0.029121 0.0300608 0.0309139 0.0316718 0.0323268 0.0328723 0.0333026 0.0336132 0.0338009 0.0338637 0.0338009 0.0336132 0.0333026 0.0328723 0.0323268 0.0316718 0.0309139 0.0300608 0.029121 0.0281037 0.0270187 0.0258762 0.0246865 0.0234604 0.0222082 0.0209404 0.019667 0.0183975 0.017141 0.0159059 0.0146997 0.0135293 0.0124007 0.011319 0.0102883 0.009312 0.00839251 0.00753145 0.00672962 0.00598711 0.00530336 0.00467719 0.00410696 0.00359056 0.00312556 0.00270926 0.00233878 0.00201112 0.00172325 0.00147216 0.00125495 0.00106882 0.000911171 0.000779626 0.000672062 0.000586637 0.000521819 0.000476395 0.000449493 
0.00048282 0.000492522 0.000521819 0.000571277 0.000641836 0.000734796 0.000851805 0.000994835 0.00116616 0.00136834 0.00160415 0.00187655 0.00218869 0.00254374 0.00294494 0.00339546 0.00389836 0.00445647 0.00507237 0.00574823 0.00648577 0.00728617 0.00814996 0.00907698 0.0100663 0.011116 0.0122236 0.0133853 0.0145967 0.0158522 0.0171454 0.018469 0.0198147 0.0211736 0.0225362 0.0238921 0.0252306 0.0265409 0.0278116 0.0290315 0.0301897 0.0312752 0.0322778 0.0331876 0.0339957 0.034694 0.0352755 0.0357341 0.0360651 0.0362651 0.036332 0.0362651 0.0360651 0.0357341 0.0352755 0.034694 0.0339957 0.0331876 0.0322778 0.0312752 0.0301897 0.0290315 0.0278116 0.0265409 0.0252306 0.0238921 0.0225362 0.0211736 0.0198147 0.018469 0.0171454 0.0158522 0.0145967 0.0133853 0.0122236 0.011116 0.0100663 0.00907698 0.00814996 0.00728617 0.00648577 0.00574823 0.00507237 0.00445647 0.00389836 0.00339546 0.00294494 0.00254374 0.00218869 0.00187655 0.00160415 0.00136834 0.00116616 0.000994835 0.000851805 0.000734796 0.000641836 0.000571277 0.000521819 0.000492522 
0.000543102 0.000553933 0.000586637 0.000641836 0.000720561 0.000824239 0.000954676 0.00111403 0.00130481 0.00152978 0.001792 0.00209469 0.00244127 0.00283519 0.00327997 0.00377902 0.00433564 0.00495288 0.00563346 0.0063797 0.00719339 0.00807571 0.00902715 0.0100474 0.0111354 0.012289 0.0135051 0.0147799 0.0161081 0.0174837 0.0188996 0.0203479 0.0218194 0.0233044 0.0247925 0.0262724 0.0277327 0.0291612 0.0305461 0.031875 0.033136 0.0343175 0.0354083 0.0363979 0.0372767 0.0380358 0.0386678 0.0391661 0.0395258 0.0397431 0.0398157 0.0397431 0.0395258 0.0391661 0.0386678 0.0380358 0.0372767 0.0363979 0.0354083 0.0343175 0.033136 0.031875 0.0305461 0.0291612 0.0277327 0.0262724 0.0247925 0.0233044 0.0218194 0.0203479 0.0188996 0.0174837 0.0161081 0.0147799 0.0135051 0.012289 0.0111354 0.0100474 0.00902715 0.00807571 0.00719339 0.0063797 0.00563346 0.00495288 0.00433564 0.00377902 0.00327997 0.00283519 0.00244127 0.00209469 0.001792 0.00152978 0.00130481 0.00111403 0.000954676 0.000824239 0.000720561 0.000641836 0.000586637 0.000553933 
0.00062257 0.000634885 0.000672062 0.000734796 0.000824239 0.000941981 0.00109003 0.00127081 0.00148708 0.00174193 0.00203874 0.00238111 0.00277277 0.00321756 0.00371933 0.00428183 0.00490865 0.0056031 0.00636814 0.00720621 0.00811921 0.00910833 0.010174 0.0113157 0.0125321 0.0138208 0.0151782 0.0165998 0.0180799 0.0196115 0.0211868 0.0227968 0.0244314 0.02608 0.0277307 0.0293714 0.0309892 0.0325711 0.0341036 0.0355734 0.0369675 0.0382732 0.039478 0.0405708 0.0415408 0.0423785 0.0430757 0.0436254 0.0440221 0.0442618 0.0443419 0.0442618 0.0440221 0.0436254 0.0430757 0.0423785 0.0415408 0.0405708 0.039478 0.0382732 0.0369675 0.0355734 0.0341036 0.0325711 0.0309892 0.0293714 0.0277307 0.02608 0.0244314 0.0227968 0.0211868 0.0196115 0.0180799 0.0165998 0.0151782 0.0138208 0.0125321 0.0113157 0.010174 0.00910833 0.00811921 0.00720621 0.00636814 0.0056031 0.00490865 0.00428183 0.00371933 0.00321756 0.00277277 0.00238111 0.00203874 0.00174193 0.00148708 0.00127081 0.00109003 0.000941981 0.000824239 0.000734796 0.000672062 0.000634885 
0.00072267 0.000736843 0.000779626 0.000851805 0.000954676 0.00109003 0.00126015 0.00146773 0.0017159 0.00200813 0.0023482 0.00274013 0.0031881 0.00369639 0.00426926 0.00491088 0.00562519 0.00641583 0.00728599 0.00823832 0.0092748 0.0103966 0.0116041 0.0128966 0.0142724 0.0157286 0.017261 0.0188645 0.0205325 0.0222571 0.0240294 0.0258393 0.0276755 0.0295258 0.0313773 0.0332162 0.0350283 0.0367989 0.0385133 0.0401568 0.0417147 0.043173 0.0445182 0.0457377 0.0468199 0.0477543 0.0485317 0.0491445 0.0495867 0.0498537 0.0499431 0.0498537 0.0495867 0.0491445 0.0485317 0.0477543 0.0468199 0.0457377 0.0445182 0.043173 0.0417147 0.0401568 0.0385133 0.0367989 0.0350283 0.0332162 0.0313773 0.0295258 0.0276755 0.0258393 0.0240294 0.0222571 0.0205325 0.0188645 0.017261 0.0157286 0.0142724 0.0128966 0.0116041 0.0103966 0.0092748 0.00823832 0.00728599 0.00641583 0.00562519 0.00491088 0.00426926 0.00369639 0.0031881 0.00274013 0.0023482 0.00200813 0.0017159 0.00146773 0.00126015 0.00109003 0.000954676 0.000851805 0.000779626 0.000736843 
0.000845133 0.000861568 0.000911171 0.000994835 0.00111403 0.00127081 0.00146773 0.00170788 0.00199478 0.00233236 0.0027249 0.00317691 0.00369311 0.00427828 0.00493719 0.00567447 0.00649451 0.0074013 0.00839834 0.00948847 0.0106738 0.0119555 0.0133337 0.0148075 0.0163748 0.0180321 0.0197747 0.0215964 0.0234896 0.0254454 0.0274536 0.0295026 0.0315798 0.0336713 0.0357626 0.0378381 0.039882 0.0418778 0.043809 0.0456592 0.0474121 0.0490522 0.0505644 0.0519348 0.0531504 0.0541996 0.0550723 0.0557602 0.0562564 0.0565561 0.0566563 0.0565561 0.0562564 0.0557602 0.0550723 0.0541996 0.0531504 0.0519348 0.0505644 0.0490522 0.0474121 0.0456592 0.043809 0.0418778 0.039882 0.0378381 0.0357626 0.0336713 0.0315798 0.0295026 0.0274536 0.0254454 0.0234896 0.0215964 0.0197747 0.0180321 0.0163748 0.0148075 0.0133337 0.0119555 0.0106738 0.00948847 0.00839834 0.0074013 0.00649451 0.00567447 0.00493719 0.00427828 0.00369311 0.00317691 0.0027249 0.00233236 0.00199478 0.00170788 0.00146773 0.00127081 0.00111403 0.000994835 0.000911171 0.000861568 
0.000991963 0.00101109 0.00106882 0.00116616 0.00130481 0.00148708 0.0017159 0.00199478 0.00232772 0.0027192 0.00317403 0.00369734 0.00429445 0.00497073 0.00573153 0.00658204 0.0075271 0.00857115 0.00971799 0.0109707 0.0123315 0.0138015 0.0153807 0.0170678 0.0188602 0.0207538 0.022743 0.0248205 0.0269777 0.0292042 0.0314884 0.0338171 0.0361758 0.038549 0.04092 0.0432715 0.0455854 0.0478435 0.0500271 0.0521179 0.0540977 0.0559491 0.0576553 0.0592009 0.0605713 0.0617539 0.0627373 0.0635122 0.0640711 0.0644086 0.0645215 0.0644086 0.0640711 0.0635122 0.0627373 0.0617539 0.0605713 0.0592009 0.0576553 0.0559491 0.0540977 0.0521179 0.0500271 0.0478435 0.0455854 0.0432715 0.04092 0.038549 0.0361758 0.0338171 0.0314884 0.0292042 0.0269777 0.0248205 0.022743 0.0207538 0.0188602 0.0170678 0.0153807 0.0138015 0.0123315 0.0109707 0.00971799 0.00857115 0.0075271 0.00658204 0.00573153 0.00497073 0.00429445 0.00369734 0.00317403 0.0027192 0.00232772 0.00199478 0.0017159 0.00148708 0.00130481 0.00116616 0.00106882 0.00101109 
0.0011654 0.00118769 0.00125495 0.00136834 0.00152978 0.00174193 0.00200813 0.00233236 0.0027192 0.0031737 0.00370135 0.00430795 0.00499949 0.00578204 0.00666159 0.00764394 0.00873448 0.00993811 0.011259 0.0127004 0.0142647 0.0159528 0.0177647 0.0196986 0.0217512 0.0239176 0.0261913 0.0285638 0.031025 0.0335631 0.0361647 0.0388148 0.0414968 0.0441931 0.0468848 0.0495525 0.0521757 0.0547338 0.057206 0.0595717 0.0618106 0.0639032 0.0658308 0.0675762 0.0691233 0.0704578 0.0715673 0.0724413 0.0730716 0.0734522 0.0735795 0.0734522 0.0730716 0.0724413 0.0715673 0.0704578 0.0691233 0.0675762 0.0658308 0.0639032 0.0618106 0.0595717 0.057206 0.0547338 0.0521757 0.0495525 0.0468848 0.0441931 0.0414968 0.0388148 0.0361647 0.0335631 0.031025 0.0285638 0.0261913 0.0239176 0.0217512 0.0196986 0.0177647 0.0159528 0.0142647 0.0127004 0.011259 0.00993811 0.00873448 0.00764394 0.00666159 0.00578204 0.00499949 0.00430795 0.00370135 0.0031737 0.0027192 0.00233236 0.00200813 0.00174193 0.00152978 0.00136834 0.00125495 0.00118769 
0.00136791 0.00139386 0.00147216 0.00160415 0.001792 0.00203874 0.0023482 0.0027249 0.00317403 0.00370135 0.00431307 0.00501575 0.00581616 0.00672111 0.00773733 0.00887128 0.010129 0.0115158 0.0130362 0.0146939 0.0164911 0.0184288 0.0205065 0.022722 0.0250714 0.0275487 0.0301462 0.0328542 0.0356609 0.0385528 0.0415144 0.0445286 0.0475767 0.0506386 0.053693 0.0567177 0.05969 0.0625865 0.065384 0.0680594 0.0705899 0.0729539 0.0751305 0.0771005 0.078846 0.0803512 0.0816022 0.0825875 0.083298 0.0837269 0.0838704 0.0837269 0.083298 0.0825875 0.0816022 0.0803512 0.078846 0.0771005 0.0751305 0.0729539 0.0705899 0.0680594 0.065384 0.0625865 0.05969 0.0567177 0.053693 0.0506386 0.0475767 0.0445286 0.0415144 0.0385528 0.0356609 0.0328542 0.0301462 0.0275487 0.0250714 0.022722 0.0205065 0.0184288 0.0164911 0.0146939 0.0130362 0.0115158 0.010129 0.00887128 0.00773733 0.00672111 0.00581616 0.00501575 0.00431307 0.00370135 0.00317403 0.0027249 0.0023482 0.00203874 0.001792 0.00160415 0.00147216 0.00139386 
0.00160211 0.00163227 0.00172325 0.00187655 0.00209469 0.00238111 0.00274013 0.00317691 0.00369734 0.00430795 0.00501575 0.00582816 0.00675278 0.00779727 0.00896916 0.0102756 0.0117233 0.0133182 0.0150651 0.0169679 0.0190289 0.021249 0.0236272 0.0261608 0.0288449 0.0316725 0.0346347 0.0377199 0.0409149 0.0442038 0.0475692 0.0509914 0.0544492 0.0579199 0.0613794 0.0648028 0.0681644 0.0714382 0.0745979 0.0776179 0.0804728 0.0831384 0.0855916 0.0878109 0.0897766 0.0914711 0.0928791 0.0939878 0.0947871 0.0952697 0.095431 0.0952697 0.0947871 0.0939878 0.0928791 0.0914711 0.0897766 0.0878109 0.0855916 0.0831384 0.0804728 0.0776179 0.0745979 0.0714382 0.0681644 0.0648028 0.0613794 0.0579199 0.0544492 0.0509914 0.0475692 0.0442038 0.0409149 0.0377199 0.0346347 0.0316725 0.0288449 0.0261608 0.0236272 0.021249 0.0190289 0.0169679 0.0150651 0.0133182 0.0117233 0.0102756 0.00896916 0.00779727 0.00675278 0.00582816 0.00501575 0.00430795 0.00369734 0.00317691 0.00274013 0.00238111 0.00209469 0.00187655 0.00172325 0.00163227 
0.00187078 0.00190572 0.00201112 0.00218869 0.00244127 0.00277277 0.0031881 0.00369311 0.00429445 0.00499949 0.00581616 0.00675278 0.00781789 0.00902008 0.0103677 0.0118688 0.0135306 0.0153597 0.0173613 0.0195395 0.0218965 0.0244331 0.0271479 0.0300373 0.0330954 0.0363142 0.0396829 0.0431884 0.0468153 0.0505457 0.0543593 0.0582342 0.062146 0.0660693 0.069977 0.0738409 0.0776323 0.0813222 0.0848812 0.0882807 0.0914927 0.09449 0.0972472 0.0997404 0.101948 0.10385 0.10543 0.106674 0.107571 0.108112 0.108293 0.108112 0.107571 0.106674 0.10543 0.10385 0.101948 0.0997404 0.0972472 0.09449 0.0914927 0.0882807 0.0848812 0.0813222 0.0776323 0.0738409 0.069977 0.0660693 0.062146 0.0582342 0.0543593 0.0505457 0.0468153 0.0431884 0.0396829 0.0363142 0.0330954 0.0300373 0.0271479 0.0244331 0.0218965 0.0195395 0.0173613 0.0153597 0.0135306 0.0118688 0.0103677 0.00902008 0.00781789 0.00675278 0.00581616 0.00499949 0.00429445 0.00369311 0.0031881 0.00277277 0.00244127 0.00218869 0.00201112 0.00190572 
0.00217676 0.0022171 0.00233878 0.00254374 0.00283519 0.00321756 0.00369639 0.00427828 0.00497073 0.00578204 0.00672111 0.00779727 0.00902008 0.0103991 0.0119436 0.0136625 0.0155637 0.0176543 0.0199401 0.0224251 0.0251118 0.0280003 0.0310889 0.034373 0.0378457 0.0414973 0.0453156 0.0492854 0.0533888 0.0576056 0.0619128 0.0662853 0.0706959 0.0751158 0.0795146 0.083861 0.0881227 0.0922673 0.0962624 0.100076 0.103677 0.107036 0.110124 0.112915 0.115386 0.117514 0.119281 0.120672 0.121675 0.12228 0.122482 0.12228 0.121675 0.120672 0.119281 0.117514 0.115386 0.112915 0.110124 0.107036 0.103677 0.100076 0.0962624 0.0922673 0.0881227 0.083861 0.0795146 0.0751158 0.0706959 0.0662853 0.0619128 0.0576056 0.0533888 0.0492854 0.0453156 0.0414973 0.0378457 0.034373 0.0310889 0.0280003 0.0251118 0.0224251 0.0199401 0.0176543 0.0155637 0.0136625 0.0119436 0.0103991 0.00902008 0.00779727 0.00672111 0.00578204 0.00497073 0.00427828 0.00369639 0.00321756 0.00283519 0.00254374 0.00233878 0.0022171 
0.00252292 0.00256932 0.00270926 0.00294494 0.00327997 0.00371933 0.00426926 0.00493719 0.00573153 0.00666159 0.00773733 0.00896916 0.0103677 0.0119436 0.0137071 0.015668 0.0178349 0.0202156 0.022816 0.0256405 0.0286914 0.0319684 0.035469 0.0391878 0.0431164 0.0472437 0.0515553 0.0560338 0.0606589 0.0654075 0.0702536 0.075169 0.0801231 0.0850835 0.0900163 0.0948866 0.0996585 0.104296 0.108763 0.113025 0.117047 0.120796 0.124241 0.127354 0.130108 0.132479 0.134448 0.135997 0.137114 0.137787 0.138013 0.137787 0.137114 0.135997 0.134448 0.132479 0.130108 0.127354 0.124241 0.120796 0.117047 0.113025 0.108763 0.104296 0.0996585 0.0948866 0.0900163 0.0850835 0.0801231 0.075169 0.0702536 0.0654075 0.0606589 0.0560338 0.0515553 0.0472437 0.0431164 0.0391878 0.035469 0.0319684 0.0286914 0.0256405 0.022816 0.0202156 0.0178349 0.015668 0.0137071 0.0119436 0.0103677 0.00896916 0.00773733 0.00666159 0.00573153 0.00493719 0.00426926 0.00371933 0.00327997 0.00294494 0.00270926 0.00256932 
0.00291211 0.00296527 0.00312556 0.00339546 0.00377902 0.00428183 0.00491088 0.00567447 0.00658204 0.00764394 0.00887128 0.0102756 0.0118688 0.0136625 0.015668 0.0178959 0.0203558 0.0230559 0.0260025 0.0292 0.0326506 0.0363535 0.0403052 0.0444993 0.0489259 0.0535719 0.0584209 0.063453 0.068645 0.0739708 0.0794011 0.0849043 0.0904461 0.0959903 0.101499 0.106934 0.112255 0.117423 0.122397 0.12714 0.131613 0.13578 0.139608 0.143064 0.146121 0.148753 0.150937 0.152655 0.153893 0.15464 0.15489 0.15464 0.153893 0.152655 0.150937 0.148753 0.146121 0.143064 0.139608 0.13578 0.131613 0.12714 0.122397 0.117423 0.112255 0.106934 0.101499 0.0959903 0.0904461 0.0849043 0.0794011 0.0739708 0.068645 0.063453 0.0584209 0.0535719 0.0489259 0.0444993 0.0403052 0.0363535 0.0326506 0.0292 0.0260025 0.0230559 0.0203558 0.0178959 0.015668 0.0136625 0.0118688 0.0102756 0.00887128 0.00764394 0.00658204 0.00567447 0.00491088 0.00428183 0.00377902 0.00339546 0.00312556 0.00296527 
0.00334708 0.00340772 0.00359056 0.00389836 0.00433564 0.00490865 0.00562519 0.00649451 0.0075271 0.00873448 0.010129 0.0117233 0.0135306 0.0155637 0.0178349 0.0203558 0.0231367 0.0261863 0.0295113 0.0331161 0.0370025 0.0411691 0.0456116 0.050322 0.0552888 0.0604969 0.0659274 0.0715576 0.0773614 0.0833094 0.0893686 0.0955037 0.101676 0.107847 0.113973 0.120012 0.12592 0.131653 0.137168 0.142423 0.147376 0.151988 0.156222 0.160043 0.163422 0.166329 0.168741 0.170638 0.172005 0.172829 0.173105 0.172829 0.172005 0.170638 0.168741 0.166329 0.163422 0.160043 0.156222 0.151988 0.147376 0.142423 0.137168 0.131653 0.12592 0.120012 0.113973 0.107847 0.101676 0.0955037 0.0893686 0.0833094 0.0773614 0.0715576 0.0659274 0.0604969 0.0552888 0.050322 0.0456116 0.0411691 0.0370025 0.0331161 0.0295113 0.0261863 0.0231367 0.0203558 0.0178349 0.0155637 0.0135306 0.0117233 0.010129 0.00873448 0.0075271 0.00649451 0.00562519 0.00490865 0.00433564 0.00389836 0.00359056 0.00340772 
0.00383042 0.0038993 0.00410696 0.00445647 0.00495288 0.0056031 0.00641583 0.0074013 0.00857115 0.00993811 0.0115158 0.0133182 0.0153597 0.0176543 0.0202156 0.0230559 0.0261863 0.0296161 0.0333522 0.0373988 0.0417574 0.0464259 0.0513987 0.0566664 0.0622156 0.0680288 0.0740844 0.0803568 0.0868166 0.0934307 0.100162 0.106972 0.113818 0.120655 0.127437 0.134117 0.140648 0.146981 0.153068 0.158865 0.164324 0.169405 0.174068 0.178274 0.18199 0.185188 0.187839 0.189925 0.191426 0.192332 0.192635 0.192332 0.191426 0.189925 0.187839 0.185188 0.18199 0.178274 0.174068 0.169405 0.164324 0.158865 0.153068 0.146981 0.140648 0.134117 0.127437 0.120655 0.113818 0.106972 0.100162 0.0934307 0.0868166 0.0803568 0.0740844 0.0680288 0.0622156 0.0566664 0.0513987 0.0464259 0.0417574 0.0373988 0.0333522 0.0296161 0.0261863 0.0230559 0.0202156 0.0176543 0.0153597 0.0133182 0.0115158 0.00993811 0.00857115 0.0074013 0.00641583 0.0056031 0.00495288 0.00445647 0.00410696 0.0038993 
0.00436445 0.00444235 0.00467719 0.00507237 0.00563346 0.00636814 0.00728599 0.00839834 0.00971799 0.011259 0.0130362 0.0150651 0.0173613 0.0199401 0.022816 0.0260025 0.0295113 0.0333522 0.0375321 0.0420553 0.0469226 0.0521309 0.0576735 0.063539 0.069712 0.0761725 0.0828959 0.0898534 0.097012 0.104335 0.111781 0.119306 0.126864 0.134407 0.141882 0.149239 0.156426 0.163389 0.170078 0.176443 0.182434 0.188007 0.193117 0.197725 0.201795 0.205295 0.208197 0.210479 0.212121 0.213112 0.213443 0.213112 0.212121 0.210479 0.208197 0.205295 0.201795 0.197725 0.193117 0.188007 0.182434 0.176443 0.170078 0.163389 0.156426 0.149239 0.141882 0.134407 0.126864 0.119306 0.111781 0.104335 0.097012 0.0898534 0.0828959 0.0761725 0.069712 0.063539 0.0576735 0.0521309 0.0469226 0.0420553 0.0375321 0.0333522 0.0295113 0.0260025 0.022816 0.0199401 0.0173613 0.0150651 0.0130362 0.011259 0.00971799 0.00839834 0.00728599 0.00636814 0.00563346 0.00507237 0.00467719 0.00444235 
0.0049512 0.00503893 0.00530336 0.00574823 0.0063797 0.00720621 0.00823832 0.00948847 0.0109707 0.0127004 0.0146939 0.0169679 0.0195395 0.0224251 0.0256405 0.0292 0.0331161 0.0373988 0.0420553 0.0470895 0.0525014 0.058287 0.0644379 0.0709409 0.0777782 0.0849269 0.0923593 0.100043 0.107941 0.116013 0.124213 0.132492 0.140801 0.149084 0.157287 0.165353 0.173226 0.180849 0.188166 0.195122 0.201667 0.207751 0.213327 0.218352 0.222789 0.226602 0.229764 0.232248 0.234037 0.235115 0.235476 0.235115 0.234037 0.232248 0.229764 0.226602 0.222789 0.218352 0.213327 0.207751 0.201667 0.195122 0.188166 0.180849 0.173226 0.165353 0.157287 0.149084 0.140801 0.132492 0.124213 0.116013 0.107941 0.100043 0.0923593 0.0849269 0.0777782 0.0709409 0.0644379 0.058287 0.0525014 0.0470895 0.0420553 0.0373988 0.0331161 0.0292 0.0256405 0.0224251 0.0195395 0.0169679 0.0146939 0.0127004 0.0109707 0.00948847 0.00823832 0.00720621 0.0063797 0.00574823 0.00530336 0.00503893 
0.00559229 0.00569065 0.00598711 0.00648577 0.00719339 0.00811921 0.0092748 0.0106738 0.0123315 0.0142647 0.0164911 0.0190289 0.0218965 0.0251118 0.0286914 0.0326506 0.0370025 0.0417574 0.0469226 0.0525014 0.0584931 0.0648923 0.071689 0.0788678 0.0864081 0.0942841 0.102465 0.110914 0.11959 0.128448 0.137439 0.146508 0.155601 0.164658 0.173619 0.182423 0.191009 0.199316 0.207284 0.214854 0.221971 0.228582 0.234638 0.240093 0.244907 0.249044 0.252471 0.255164 0.257102 0.258271 0.258662 0.258271 0.257102 0.255164 0.252471 0.249044 0.244907 0.240093 0.234638 0.228582 0.221971 0.214854 0.207284 0.199316 0.191009 0.182423 0.173619 0.164658 0.155601 0.146508 0.137439 0.128448 0.11959 0.110914 0.102465 0.0942841 0.0864081 0.0788678 0.071689 0.0648923 0.0584931 0.0525014 0.0469226 0.0417574 0.0370025 0.0326506 0.0286914 0.0251118 0.0218965 0.0190289 0.0164911 0.0142647 0.0123315 0.0106738 0.0092748 0.00811921 0.00719339 0.00648577 0.00598711 0.00569065 
0.00628887 0.00639868 0.00672962 0.00728617 0.00807571 0.00910833 0.0103966 0.0119555 0.0138015 0.0159528 0.0184288 0.021249 0.0244331 0.0280003 0.0319684 0.0363535 0.0411691 0.0464259 0.0521309 0.058287 0.0648923 0.0719402 0.0794183 0.0873092 0.0955893 0.104229 0.113195 0.122445 0.131935 0.141615 0.151429 0.161321 0.171228 0.181087 0.190834 0.200401 0.209723 0.218735 0.227372 0.235573 0.243277 0.250429 0.256977 0.262872 0.268072 0.272538 0.276237 0.279143 0.281234 0.282494 0.282916 0.282494 0.281234 0.279143 0.276237 0.272538 0.268072 0.262872 0.256977 0.250429 0.243277 0.235573 0.227372 0.218735 0.209723 0.200401 0.190834 0.181087 0.171228 0.161321 0.151429 0.141615 0.131935 0.122445 0.113195 0.104229 0.0955893 0.0873092 0.0794183 0.0719402 0.0648923 0.058287 0.0521309 0.0464259 0.0411691 0.0363535 0.0319684 0.0280003 0.0244331 0.021249 0.0184288 0.0159528 0.0138015 0.0119555 0.0103966 0.00910833 0.00807571 0.00728617 0.00672962 0.00639868 
0.00704153 0.0071636 0.00753145 0.00814996 0.00902715 0.010174 0.0116041 0.0133337 0.0153807 0.0177647 0.0205065 0.0236272 0.0271479 0.0310889 0.035469 0.0403052 0.0456116 0.0513987 0.0576735 0.0644379 0.071689 0.0794183 0.0876116 0.0962485 0.105302 0.114741 0.124524 0.134609 0.144945 0.155477 0.166145 0.176886 0.187634 0.19832 0.208874 0.219226 0.229303 0.239037 0.248358 0.257202 0.265505 0.273208 0.280256 0.286597 0.292188 0.296988 0.300963 0.304084 0.306329 0.307683 0.308135 0.307683 0.306329 0.304084 0.300963 0.296988 0.292188 0.286597 0.280256 0.273208 0.265505 0.257202 0.248358 0.239037 0.229303 0.219226 0.208874 0.19832 0.187634 0.176886 0.166145 0.155477 0.144945 0.134609 0.124524 0.114741 0.105302 0.0962485 0.0876116 0.0794183 0.071689 0.0644379 0.0576735 0.0513987 0.0456116 0.0403052 0.035469 0.0310889 0.0271479 0.0236272 0.0205065 0.0177647 0.0153807 0.0133337 0.0116041 0.010174 0.00902715 0.00814996 0.00753145 0.0071636 
0.00785024 0.00798536 0.00839251 0.00907698 0.0100474 0.0113157 0.0128966 0.0148075 0.0170678 0.0196986 0.022722 0.0261608 0.0300373 0.034373 0.0391878 0.0444993 0.050322 0.0566664 0.063539 0.0709409 0.0788678 0.0873092 0.0962485 0.105662 0.115521 0.125788 0.13642 0.147368 0.158577 0.169988 0.181535 0.193149 0.20476 0.216293 0.227673 0.238824 0.24967 0.260138 0.270155 0.279651 0.288559 0.296819 0.304371 0.311163 0.317148 0.322284 0.326535 0.329872 0.332273 0.333719 0.334203 0.333719 0.332273 0.329872 0.326535 0.322284 0.317148 0.311163 0.304371 0.296819 0.288559 0.279651 0.270155 0.260138 0.24967 0.238824 0.227673 0.216293 0.20476 0.193149 0.181535 0.169988 0.158577 0.147368 0.13642 0.125788 0.115521 0.105662 0.0962485 0.0873092 0.0788678 0.0709409 0.063539 0.0566664 0.050322 0.0444993 0.0391878 0.034373 0.0300373 0.0261608 0.022722 0.0196986 0.0170678 0.0148075 0.0128966 0.0113157 0.0100474 0.00907698 0.00839251 0.00798536 
0.00871429 0.00886324 0.009312 0.0100663 0.0111354 0.0125321 0.0142724 0.0163748 0.0188602 0.0217512 0.0250714 0.0288449 0.0330954 0.0378457 0.0431164 0.0489259 0.0552888 0.0622156 0.069712 0.0777782 0.0864081 0.0955893 0.105302 0.115521 0.126212 0.137334 0.14884 0.160676 0.172783 0.185094 0.197539 0.210046 0.222536 0.23493 0.247149 0.259111 0.270735 0.281945 0.292662 0.302814 0.312332 0.32115 0.329207 0.33645 0.342828 0.3483 0.352827 0.35638 0.358934 0.360474 0.360989 0.360474 0.358934 0.35638 0.352827 0.3483 0.342828 0.33645 0.329207 0.32115 0.312332 0.302814 0.292662 0.281945 0.270735 0.259111 0.247149 0.23493 0.222536 0.210046 0.197539 0.185094 0.172783 0.160676 0.14884 0.137334 0.126212 0.115521 0.105302 0.0955893 0.0864081 0.0777782 0.069712 0.0622156 0.0552888 0.0489259 0.0431164 0.0378457 0.0330954 0.0288449 0.0250714 0.0217512 0.0188602 0.0163748 0.0142724 0.0125321 0.0111354 0.0100663 0.009312 0.00886324 
0.00963223 0.00979573 0.0102883 0.011116 0.012289 0.0138208 0.0157286 0.0180321 0.0207538 0.0239176 0.0275487 0.0316725 0.0363142 0.0414973 0.0472437 0.0535719 0.0604969 0.0680288 0.0761725 0.0849269 0.0942841 0.104229 0.114741 0.125788 0.137334 0.149334 0.161735 0.17448 0.187501 0.20073 0.21409 0.227501 0.240882 0.254148 0.267212 0.27999 0.292397 0.304351 0.31577 0.326578 0.336703 0.346077 0.354637 0.362327 0.369096 0.374899 0.3797 0.383466 0.386173 0.387805 0.38835 0.387805 0.386173 0.383466 0.3797 0.374899 0.369096 0.362327 0.354637 0.346077 0.336703 0.326578 0.31577 0.304351 0.292397 0.27999 0.267212 0.254148 0.240882 0.227501 0.21409 0.20073 0.187501 0.17448 0.161735 0.149334 0.137334 0.125788 0.114741 0.104229 0.0942841 0.0849269 0.0761725 0.0680288 0.0604969 0.0535719 0.0472437 0.0414973 0.0363142 0.0316725 0.0275487 0.0239176 0.0207538 0.0180321 0.0157286 0.0138208 0.012289 0.011116 0.0102883 0.00979573 
0.0106018 0.0107805 0.011319 0.0122236 0.0135051 0.0151782 0.017261 0.0197747 0.022743 0.0261913 0.0301462 0.0346347 0.0396829 0.0453156 0.0515553 0.0584209 0.0659274 0.0740844 0.0828959 0.0923593 0.102465 0.113195 0.124524 0.13642 0.14884 0.161735 0.175049 0.188716 0.202666 0.216824 0.231108 0.245432 0.259709 0.27385 0.287763 0.301357 0.314545 0.32724 0.339356 0.350816 0.361542 0.371466 0.380523 0.388654 0.395807 0.401937 0.407005 0.410981 0.413838 0.415559 0.416134 0.415559 0.413838 0.410981 0.407005 0.401937 0.395807 0.388654 0.380523 0.371466 0.361542 0.350816 0.339356 0.32724 0.314545 0.301357 0.287763 0.27385 0.259709 0.245432 0.231108 0.216824 0.202666 0.188716 0.175049 0.161735 0.14884 0.13642 0.124524 0.113195 0.102465 0.0923593 0.0828959 0.0740844 0.0659274 0.0584209 0.0515553 0.0453156 0.0396829 0.0346347 0.0301462 0.0261913 0.022743 0.0197747 0.017261 0.0151782 0.0135051 0.0122236 0.011319 0.0107805 
0.01162 0.0118146 0.0124007 0.0133853 0.0147799 0.0165998 0.0188645 0.0215964 0.0248205 0.0285638 0.0328542 0.0377199 0.0431884 0.0492854 0.0560338 0.063453 0.0715576 0.0803568 0.0898534 0.100043 0.110914 0.122445 0.134609 0.147368 0.160676 0.17448 0.188716 0.203316 0.218203 0.233296 0.248507 0.263747 0.278921 0.293934 0.308691 0.323098 0.33706 0.350488 0.363293 0.375394 0.386712 0.397176 0.406718 0.41528 0.422809 0.429258 0.434587 0.438766 0.441769 0.443577 0.444181 0.443577 0.441769 0.438766 0.434587 0.429258 0.422809 0.41528 0.406718 0.397176 0.386712 0.375394 0.363293 0.350488 0.33706 0.323098 0.308691 0.293934 0.278921 0.263747 0.248507 0.233296 0.218203 0.203316 0.188716 0.17448 0.160676 0.147368 0.134609 0.122445 0.110914 0.100043 0.0898534 0.0803568 0.0715576 0.063453 0.0560338 0.0492854 0.0431884 0.0377199 0.0328542 0.0285638 0.0248205 0.0215964 0.0188645 0.0165998 0.0147799 0.0133853 0.0124007 0.0118146 
0.0126828 0.0128938 0.0135293 0.0145967 0.0161081 0.0180799 0.0205325 0.0234896 0.0269777 0.031025 0.0356609 0.0409149 0.0468153 0.0533888 0.0606589 0.068645 0.0773614 0.0868166 0.097012 0.107941 0.11959 0.131935 0.144945 0.158577 0.172783 0.187501 0.202666 0.218203 0.234029 0.250057 0.266195 0.282346 0.298411 0.31429 0.329883 0.34509 0.359815 0.373963 0.387444 0.400172 0.412068 0.423057 0.433072 0.442053 0.449945 0.456702 0.462284 0.466659 0.469802 0.471694 0.472327 0.471694 0.469802 0.466659 0.462284 0.456702 0.449945 0.442053 0.433072 0.423057 0.412068 0.400172 0.387444 0.373963 0.359815 0.34509 0.329883 0.31429 0.298411 0.282346 0.266195 0.250057 0.234029 0.218203 0.202666 0.187501 0.172783 0.158577 0.144945 0.131935 0.11959 0.107941 0.097012 0.0868166 0.0773614 0.068645 0.0606589 0.0533888 0.0468153 0.0409149 0.0356609 0.031025 0.0269777 0.0234896 0.0205325 0.0180799 0.0161081 0.0145967 0.0135293 0.0128938 
0.0137855 0.0140134 0.0146997 0.0158522 0.0174837 0.0196115 0.0222571 0.0254454 0.0292042 0.0335631 0.0385528 0.0442038 0.0505457 0.0576056 0.0654075 0.0739708 0.0833094 0.0934307 0.104335 0.116013 0.128448 0.141615 0.155477 0.169988 0.185094 0.20073 0.216824 0.233296 0.250057 0.267015 0.284071 0.301124 0.318069 0.334801 0.351216 0.367209 0.382679 0.39753 0.411668 0.425005 0.437461 0.448958 0.459429 0.468813 0.477054 0.484106 0.48993 0.494493 0.49777 0.499743 0.500402 0.499743 0.49777 0.494493 0.48993 0.484106 0.477054 0.468813 0.459429 0.448958 0.437461 0.425005 0.411668 0.39753 0.382679 0.367209 0.351216 0.334801 0.318069 0.301124 0.284071 0.267015 0.250057 0.233296 0.216824 0.20073 0.185094 0.169988 0.155477 0.141615 0.128448 0.116013 0.104335 0.0934307 0.0833094 0.0739708 0.0654075 0.0576056 0.0505457 0.0442038 0.0385528 0.0335631 0.0292042 0.0254454 0.0222571 0.0196115 0.0174837 0.0158522 0.0146997 0.0140134 
0.0149224 0.0151676 0.0159059 0.0171454 0.0188996 0.0211868 0.0240294 0.0274536 0.0314884 0.0361647 0.0415144 0.0475692 0.0543593 0.0619128 0.0702536 0.0794011 0.0893686 0.100162 0.111781 0.124213 0.137439 0.151429 0.166145 0.181535 0.197539 0.21409 0.231108 0.248507 0.266195 0.284071 0.302033 0.319973 0.337781 0.355348 0.372564 0.389322 0.405517 0.421049 0.435822 0.449747 0.46274 0.474724 0.485632 0.4954 0.503974 0.511307 0.51736 0.522102 0.525506 0.527555 0.528239 0.527555 0.525506 0.522102 0.51736 0.511307 0.503974 0.4954 0.485632 0.474724 0.46274 0.449747 0.435822 0.421049 0.405517 0.389322 0.372564 0.355348 0.337781 0.319973 0.302033 0.284071 0.266195 0.248507 0.231108 0.21409 0.197539 0.181535 0.166145 0.151429 0.137439 0.124213 0.111781 0.100162 0.0893686 0.0794011 0.0702536 0.0619128 0.0543593 0.0475692 0.0415144 0.0361647 0.0314884 0.0274536 0.0240294 0.0211868 0.0188996 0.0171454 0.0159059 0.0151676 
0.0160873 0.01635 0.017141 0.018469 0.0203479 0.0227968 0.0258393 0.0295026 0.0338171 0.0388148 0.0445286 0.0509914 0.0582342 0.0662853 0.075169 0.0849043 0.0955037 0.106972 0.119306 0.132492 0.146508 0.161321 0.176886 0.193149 0.210046 0.227501 0.245432 0.263747 0.282346 0.301124 0.319973 0.33878 0.357429 0.375808 0.393802 0.411299 0.428193 0.444379 0.459761 0.474248 0.487754 0.500202 0.511524 0.521656 0.530544 0.538143 0.544412 0.549321 0.552844 0.554965 0.555673 0.554965 0.552844 0.549321 0.544412 0.538143 0.530544 0.521656 0.511524 0.500202 0.487754 0.474248 0.459761 0.444379 0.428193 0.411299 0.393802 0.375808 0.357429 0.33878 0.319973 0.301124 0.282346 0.263747 0.245432 0.227501 0.210046 0.193149 0.176886 0.161321 0.146508 0.132492 0.119306 0.106972 0.0955037 0.0849043 0.075169 0.0662853 0.0582342 0.0509914 0.0445286 0.0388148 0.0338171 0.0295026 0.0258393 0.0227968 0.0203479 0.018469 0.017141 0.01635 
0.0172728 0.0175532 0.0183975 0.0198147 0.0218194 0.0244314 0.0276755 0.0315798 0.0361758 0.0414968 0.0475767 0.0544492 0.062146 0.0706959 0.0801231 0.0904461 0.101676 0.113818 0.126864 0.140801 0.155601 0.171228 0.187634 0.20476 0.222536 0.240882 0.259709 0.278921 0.298411 0.318069 0.337781 0.357429 0.376894 0.396057 0.414799 0.433007 0.450569 0.467382 0.483344 0.498363 0.512355 0.525241 0.536952 0.547426 0.556609 0.564455 0.570926 0.57599 0.579625 0.581812 0.582542 0.581812 0.579625 0.57599 0.570926 0.564455 0.556609 0.547426 0.536952 0.525241 0.512355 0.498363 0.483344 0.467382 0.450569 0.433007 0.414799 0.396057 0.376894 0.357429 0.337781 0.318069 0.298411 0.278921 0.259709 0.240882 0.222536 0.20476 0.187634 0.171228 0.155601 0.140801 0.126864 0.113818 0.101676 0.0904461 0.0801231 0.0706959 0.062146 0.0544492 0.0475767 0.0414968 0.0361758 0.0315798 0.0276755 0.0244314 0.0218194 0.0198147 0.0183975 0.0175532 
0.018471 0.0187692 0.019667 0.0211736 0.0233044 0.02608 0.0295258 0.0336713 0.038549 0.0441931 0.0506386 0.0579199 0.0660693 0.0751158 0.0850835 0.0959903 0.107847 0.120655 0.134407 0.149084 0.164658 0.181087 0.19832 0.216293 0.23493 0.254148 0.27385 0.293934 0.31429 0.334801 0.355348 0.375808 0.396057 0.415971 0.435429 0.454315 0.472513 0.489918 0.506428 0.52195 0.536398 0.549693 0.561768 0.57256 0.582016 0.590091 0.596748 0.601957 0.605693 0.607942 0.608692 0.607942 0.605693 0.601957 0.596748 0.590091 0.582016 0.57256 0.561768 0.549693 0.536398 0.52195 0.506428 0.489918 0.472513 0.454315 0.435429 0.415971 0.396057 0.375808 0.355348 0.334801 0.31429 0.293934 0.27385 0.254148 0.23493 0.216293 0.19832 0.181087 0.164658 0.149084 0.134407 0.120655 0.107847 0.0959903 0.0850835 0.0751158 0.0660693 0.0579199 0.0506386 0.0441931 0.038549 0.0336713 0.0295258 0.02608 0.0233044 0.0211736 0.019667 0.0187692 
0.0196735 0.0199894 0.0209404 0.0225362 0.0247925 0.0277307 0.0313773 0.0357626 0.04092 0.0468848 0.053693 0.0613794 0.069977 0.0795146 0.0900163 0.101499 0.113973 0.127437 0.141882 0.157287 0.173619 0.190834 0.208874 0.227673 0.247149 0.267212 0.287763 0.308691 0.329883 0.351216 0.372564 0.393802 0.414799 0.435429 0.455568 0.475095 0.493894 0.511857 0.52888 0.544871 0.559744 0.573419 0.58583 0.596916 0.606623 0.614909 0.621736 0.627076 0.630905 0.633209 0.633978 0.633209 0.630905 0.627076 0.621736 0.614909 0.606623 0.596916 0.58583 0.573419 0.559744 0.544871 0.52888 0.511857 0.493894 0.475095 0.455568 0.435429 0.414799 0.393802 0.372564 0.351216 0.329883 0.308691 0.287763 0.267212 0.247149 0.227673 0.208874 0.190834 0.173619 0.157287 0.141882 0.127437 0.113973 0.101499 0.0900163 0.0795146 0.069977 0.0613794 0.053693 0.0468848 0.04092 0.0357626 0.0313773 0.0277307 0.0247925 0.0225362 0.0209404 0.0199894 
0.0208712 0.0212046 0.0222082 0.0238921 0.0262724 0.0293714 0.0332162 0.0378381 0.0432715 0.0495525 0.0567177 0.0648028 0.0738409 0.083861 0.0948866 0.106934 0.120012 0.134117 0.149239 0.165353 0.182423 0.200401 0.219226 0.238824 0.259111 0.27999 0.301357 0.323098 0.34509 0.367209 0.389322 0.411299 0.433007 0.454315 0.475095 0.495225 0.514586 0.533069 0.550571 0.566997 0.582261 0.596287 0.609006 0.620359 0.630295 0.638772 0.645754 0.651212 0.655126 0.65748 0.658265 0.65748 0.655126 0.651212 0.645754 0.638772 0.630295 0.620359 0.609006 0.596287 0.582261 0.566997 0.550571 0.533069 0.514586 0.495225 0.475095 0.454315 0.433007 0.411299 0.389322 0.367209 0.34509 0.323098 0.301357 0.27999 0.259111 0.238824 0.219226 0.200401 0.182423 0.165353 0.149239 0.134117 0.120012 0.106934 0.0948866 0.083861 0.0738409 0.0648028 0.0567177 0.0495525 0.0432715 0.0378381 0.0332162 0.0293714 0.0262724 0.0238921 0.0222082 0.0212046 
0.0220545 0.0224051 0.0234604 0.0252306 0.0277327 0.0309892 0.0350283 0.039882 0.0455854 0.0521757 0.05969 0.0681644 0.0776323 0.0881227 0.0996585 0.112255 0.12592 0.140648 0.156426 0.173226 0.191009 0.209723 0.229303 0.24967 0.270735 0.292397 0.314545 0.33706 0.359815 0.382679 0.405517 0.428193 0.450569 0.472513 0.493894 0.514586 0.534471 0.553436 0.571378 0.588204 0.603827 0.618172 0.631171 0.642767 0.65291 0.661558 0.668677 0.674242 0.67823 0.680629 0.68143 0.680629 0.67823 0.674242 0.668677 0.661558 0.65291 0.642767 0.631171 0.618172 0.603827 0.588204 0.571378 0.553436 0.534471 0.514586 0.493894 0.472513 0.450569 0.428193 0.405517 0.382679 0.359815 0.33706 0.314545 0.292397 0.270735 0.24967 0.229303 0.209723 0.191009 0.173226 0.156426 0.140648 0.12592 0.112255 0.0996585 0.0881227 0.0776323 0.0681644 0.05969 0.0521757 0.0455854 0.039882 0.0350283 0.0309892 0.0277327 0.0252306 0.0234604 0.0224051 
0.0232137 0.023581 0.0246865 0.0265409 0.0291612 0.0325711 0.0367989 0.0418778 0.0478435 0.0547338 0.0625865 0.0714382 0.0813222 0.0922673 0.104296 0.117423 0.131653 0.146981 0.163389 0.180849 0.199316 0.218735 0.239037 0.260138 0.281945 0.304351 0.32724 0.350488 0.373963 0.39753 0.421049 0.444379 0.467382 0.489918 0.511857 0.533069 0.553436 0.572844 0.59119 0.60838 0.624329 0.638962 0.652213 0.664026 0.674353 0.683154 0.690396 0.696054 0.700108 0.702547 0.70336 0.702547 0.700108 0.696054 0.690396 0.683154 0.674353 0.664026 0.652213 0.638962 0.624329 0.60838 0.59119 0.572844 0.553436 0.533069 0.511857 0.489918 0.467382 0.444379 0.421049 0.39753 0.373963 0.350488 0.32724 0.304351 0.281945 0.260138 0.239037 0.218735 0.199316 0.180849 0.163389 0.146981 0.131653 0.117423 0.104296 0.0922673 0.0813222 0.0714382 0.0625865 0.0547338 0.0478435 0.0418778 0.0367989 0.0325711 0.0291612 0.0265409 0.0246865 0.023581 
0.0243388 0.0247222 0.0258762 0.0278116 0.0305461 0.0341036 0.0385133 0.043809 0.0500271 0.057206 0.065384 0.0745979 0.0848812 0.0962624 0.108763 0.122397 0.137168 0.153068 0.170078 0.188166 0.207284 0.227372 0.248358 0.270155 0.292662 0.31577 0.339356 0.363293 0.387444 0.411668 0.435822 0.459761 0.483344 0.506428 0.52888 0.550571 0.571378 0.59119 0.609902 0.627421 0.643663 0.658554 0.67203 0.684035 0.694525 0.70346 0.710809 0.716549 0.720661 0.723133 0.723958 0.723133 0.720661 0.716549 0.710809 0.70346 0.694525 0.684035 0.67203 0.658554 0.643663 0.627421 0.609902 0.59119 0.571378 0.550571 0.52888 0.506428 0.483344 0.459761 0.435822 0.411668 0.387444 0.363293 0.339356 0.31577 0.292662 0.270155 0.248358 0.227372 0.207284 0.188166 0.170078 0.153068 0.137168 0.122397 0.108763 0.0962624 0.0848812 0.0745979 0.065384 0.057206 0.0500271 0.043809 0.0385133 0.0341036 0.0305461 0.0278116 0.0258762 0.0247222 
0.0254196 0.0258184 0.0270187 0.0290315 0.031875 0.0355734 0.0401568 0.0456592 0.0521179 0.0595717 0.0680594 0.0776179 0.0882807 0.100076 0.113025 0.12714 0.142423 0.158865 0.176443 0.195122 0.214854 0.235573 0.257202 0.279651 0.302814 0.326578 0.350816 0.375394 0.400172 0.425005 0.449747 0.474248 0.498363 0.52195 0.544871 0.566997 0.588204 0.60838 0.627421 0.645234 0.661737 0.676857 0.690531 0.702705 0.713337 0.722388 0.72983 0.735641 0.739802 0.742304 0.743139 0.742304 0.739802 0.735641 0.72983 0.722388 0.713337 0.702705 0.690531 0.676857 0.661737 0.645234 0.627421 0.60838 0.588204 0.566997 0.544871 0.52195 0.498363 0.474248 0.449747 0.425005 0.400172 0.375394 0.350816 0.326578 0.302814 0.279651 0.257202 0.235573 0.214854 0.195122 0.176443 0.158865 0.142423 0.12714 0.113025 0.100076 0.0882807 0.0776179 0.0680594 0.0595717 0.0521179 0.0456592 0.0401568 0.0355734 0.031875 0.0290315 0.0270187 0.0258184 
0.0264463 0.0268597 0.0281037 0.0301897 0.033136 0.0369675 0.0417147 0.0474121 0.0540977 0.0618106 0.0705899 0.0804728 0.0914927 0.103677 0.117047 0.131613 0.147376 0.164324 0.182434 0.201667 0.221971 0.243277 0.265505 0.288559 0.312332 0.336703 0.361542 0.386712 0.412068 0.437461 0.46274 0.487754 0.512355 0.536398 0.559744 0.582261 0.603827 0.624329 0.643663 0.661737 0.67847 0.69379 0.707636 0.719958 0.730712 0.739863 0.747385 0.753255 0.757459 0.759985 0.760828 0.759985 0.757459 0.753255 0.747385 0.739863 0.730712 0.719958 0.707636 0.69379 0.67847 0.661737 0.643663 0.624329 0.603827 0.582261 0.559744 0.536398 0.512355 0.487754 0.46274 0.437461 0.412068 0.386712 0.361542 0.336703 0.312332 0.288559 0.265505 0.243277 0.221971 0.201667 0.182434 0.164324 0.147376 0.131613 0.117047 0.103677 0.0914927 0.0804728 0.0705899 0.0618106 0.0540977 0.0474121 0.0417147 0.0369675 0.033136 0.0301897 0.0281037 0.0268597 
