3.82086e-06 4.04008e-06 4.71537e-06 5.90028e-06 7.68643e-06 1.02069e-05 1.36409e-05 1.82196e-05 2.42329e-05 3.20365e-05 4.206e-05 5.48141e-05 7.08977e-05 9.10035e-05 0.000115922 0.000146544 0.000183857 0.00022894 0.000282953 0.000347123 0.00042272 0.000511033 0.000613333 0.000730838 0.000864671 0.00101581 0.00118503 0.00137288 0.00157961 0.00180511 0.00204893 0.00231017 0.00258751 0.00287918 0.00318296 0.00349618 0.00381579 0.00413835 0.00446013 0.00477713 0.00508523 0.00538019 0.00565783 0.00591404 0.00614496 0.00634699 0.00651695 0.0066521 0.00675026 0.00680981 0.00682977 0.00680981 0.00675026 0.0066521 0.00651695 0.00634699 0.00614496 0.00591404 0.00565783 0.00538019 0.00508523 0.00477713 0.00446013 0.00413835 0.00381579 0.00349618 0.00318296 0.00287918 0.00258751 0.00231017 0.00204893 0.00180511 0.00157961 0.00137288 0.00118503 0.00101581 0.000864671 0.000730838 0.000613333 0.000511033 0.00042272 0.000347123 0.000282953 0.00022894 0.000183857 0.000146544 0.000115922 9.10035e-05 7.08977e-05 5.48141e-05 4.206e-05 3.20365e-05 2.42329e-05 1.82196e-05 1.36409e-05 1.02069e-05 7.68643e-06 5.90028e-06 4.71537e-06 4.04008e-06 
4.04008e-06 4.27127e-06 4.98337e-06 6.23263e-06 8.11525e-06 1.07709e-05 1.43878e-05 1.92084e-05 2.55364e-05 3.37449e-05 4.42833e-05 5.76863e-05 7.45801e-05 9.56886e-05 0.000121837 0.000153956 0.000193072 0.000240312 0.000296882 0.000364058 0.000443159 0.000535522 0.000642463 0.000765244 0.000905021 0.0010628 0.00123939 0.00143533 0.00165086 0.00188589 0.00213989 0.00241194 0.00270066 0.00300418 0.00332019 0.00364592 0.00397819 0.00431343 0.00464776 0.00497706 0.00529702 0.00560328 0.00589148 0.00615741 0.00639704 0.00660666 0.00678299 0.0069232 0.00702501 0.00708678 0.00710748 0.00708678 0.00702501 0.0069232 0.00678299 0.00660666 0.00639704 0.00615741 0.00589148 0.00560328 0.00529702 0.00497706 0.00464776 0.00431343 0.00397819 0.00364592 0.00332019 0.00300418 0.00270066 0.00241194 0.00213989 0.00188589 0.00165086 0.00143533 0.00123939 0.0010628 0.000905021 0.000765244 0.000642463 0.000535522 0.000443159 0.000364058 0.000296882 0.000240312 0.000193072 0.000153956 0.000121837 9.56886e-05 7.45801e-05 5.76863e-05 4.42833e-05 3.37449e-05 2.55364e-05 1.92084e-05 1.43878e-05 1.07709e-05 8.11525e-06 6.23263e-06 4.98337e-06 4.27127e-06 
4.71537e-06 4.98337e-06 5.80862e-06 7.25565e-06 9.43475e-06 1.2506e-05 1.66846e-05 2.22476e-05 2.9542e-05 3.89925e-05 5.11106e-05 6.65033e-05 8.58805e-05 0.000110061 0.000139978 0.000176676 0.000221315 0.000275154 0.000339545 0.000415911 0.00050572 0.000610454 0.00073157 0.000870455 0.00102837 0.00120642 0.00140546 0.00162605 0.00186844 0.00213245 0.00241748 0.00272245 0.00304577 0.00338534 0.00373857 0.00410234 0.00447309 0.00484687 0.00521936 0.00558597 0.00594196 0.00628251 0.00660281 0.00689821 0.00716428 0.00739695 0.0075926 0.00774814 0.00786106 0.00792956 0.00795252 0.00792956 0.00786106 0.00774814 0.0075926 0.00739695 0.00716428 0.00689821 0.00660281 0.00628251 0.00594196 0.00558597 0.00521936 0.00484687 0.00447309 0.00410234 0.00373857 0.00338534 0.00304577 0.00272245 0.00241748 0.00213245 0.00186844 0.00162605 0.00140546 0.00120642 0.00102837 0.000870455 0.00073157 0.000610454 0.00050572 0.000415911 0.000339545 0.000275154 0.000221315 0.000176676 0.000139978 0.000110061 8.58805e-05 6.65033e-05 5.11106e-05 3.89925e-05 2.9542e-05 2.22476e-05 1.66846e-05 1.2506e-05 9.43475e-06 7.25565e-06 5.80862e-06 4.98337e-06 
5.90028e-06 6.23263e-06 7.25565e-06 9.04826e-06 1.17453e-05 1.5542e-05 2.07007e-05 2.75587e-05 3.65372e-05 4.81508e-05 6.30184e-05 8.18719e-05 0.000105565 0.000135082 0.000171538 0.000216181 0.000270389 0.000335657 0.000413582 0.00050584 0.000614154 0.000740252 0.000885828 0.00105248 0.00124166 0.0014546 0.00169227 0.00195526 0.00224378 0.00255757 0.00289584 0.00325726 0.00363989 0.00404122 0.00445815 0.004887 0.00532358 0.00576322 0.00620088 0.00663122 0.00704872 0.00744777 0.00782282 0.00816846 0.0084796 0.00875155 0.00898013 0.00916177 0.00929362 0.00937359 0.00940038 0.00937359 0.00929362 0.00916177 0.00898013 0.00875155 0.0084796 0.00816846 0.00782282 0.00744777 0.00704872 0.00663122 0.00620088 0.00576322 0.00532358 0.004887 0.00445815 0.00404122 0.00363989 0.00325726 0.00289584 0.00255757 0.00224378 0.00195526 0.00169227 0.0014546 0.00124166 0.00105248 0.000885828 0.000740252 0.000614154 0.00050584 0.000413582 0.000335657 0.000270389 0.000216181 0.000171538 0.000135082 0.000105565 8.18719e-05 6.30184e-05 4.81508e-05 3.65372e-05 2.75587e-05 2.07007e-05 1.5542e-05 1.17453e-05 9.04826e-06 7.25565e-06 6.23263e-06 
7.68643e-06 8.11525e-06 9.43475e-06 1.17453e-05 1.52179e-05 2.01005e-05 2.67251e-05 3.55182e-05 4.7011e-05 6.18513e-05 8.08158e-05 0.000104821 0.000134934 0.000172379 0.000218539 0.000274961 0.000343342 0.00042552 0.00052345 0.000639173 0.00077478 0.000932357 0.00111393 0.00132142 0.00155651 0.00182066 0.00211495 0.00244002 0.00279604 0.00318259 0.0035986 0.00404236 0.00451145 0.00500272 0.00551234 0.00603581 0.00656799 0.00710325 0.00763546 0.00815819 0.0086648 0.00914857 0.00960283 0.0100212 0.0103975 0.0107262 0.0110024 0.0112217 0.0113809 0.0114774 0.0115098 0.0114774 0.0113809 0.0112217 0.0110024 0.0107262 0.0103975 0.0100212 0.00960283 0.00914857 0.0086648 0.00815819 0.00763546 0.00710325 0.00656799 0.00603581 0.00551234 0.00500272 0.00451145 0.00404236 0.0035986 0.00318259 0.00279604 0.00244002 0.00211495 0.00182066 0.00155651 0.00132142 0.00111393 0.000932357 0.00077478 0.000639173 0.00052345 0.00042552 0.000343342 0.000274961 0.000218539 0.000172379 0.000134934 0.000104821 8.08158e-05 6.18513e-05 4.7011e-05 3.55182e-05 2.67251e-05 2.01005e-05 1.52179e-05 1.17453e-05 9.43475e-06 8.11525e-06 
1.02069e-05 1.07709e-05 1.2506e-05 1.5542e-05 2.01005e-05 2.65018e-05 3.51751e-05 4.66694e-05 6.1668e-05 8.10023e-05 0.000105666 0.00013683 0.00017585 0.000224281 0.000283875 0.000356579 0.000444527 0.00055002 0.000675494 0.000823485 0.000996573 0.00119732 0.00142821 0.00169155 0.00198938 0.00232339 0.00269483 0.0031044 0.00355216 0.00403747 0.00455889 0.00511418 0.00570022 0.00631302 0.00694775 0.00759879 0.00825978 0.00892371 0.00958305 0.0102299 0.0108561 0.0114535 0.012014 0.0125297 0.0129933 0.013398 0.0137378 0.0140076 0.0142034 0.014322 0.0143618 0.014322 0.0142034 0.0140076 0.0137378 0.013398 0.0129933 0.0125297 0.012014 0.0114535 0.0108561 0.0102299 0.00958305 0.00892371 0.00825978 0.00759879 0.00694775 0.00631302 0.00570022 0.00511418 0.00455889 0.00403747 0.00355216 0.0031044 0.00269483 0.00232339 0.00198938 0.00169155 0.00142821 0.00119732 0.000996573 0.000823485 0.000675494 0.00055002 0.000444527 0.000356579 0.000283875 0.000224281 0.00017585 0.00013683 0.000105666 8.10023e-05 6.1668e-05 4.66694e-05 3.51751e-05 2.65018e-05 2.01005e-05 1.5542e-05 1.2506e-05 1.07709e-05 
1.36409e-05 1.43878e-05 1.66846e-05 2.07007e-05 2.67251e-05 3.51751e-05 4.66081e-05 6.17374e-05 8.14475e-05 0.000106813 0.000139115 0.000179858 0.000230783 0.000293875 0.000371366 0.000465733 0.000579674 0.000716091 0.000878044 0.0010687 0.00129128 0.00154894 0.00184474 0.00218147 0.00256161 0.00298716 0.00345954 0.00397947 0.0045469 0.00516084 0.00581936 0.0065195 0.00725721 0.00802742 0.008824 0.00963988 0.0104671 0.0112969 0.0121199 0.0129264 0.0137064 0.0144497 0.0151464 0.0157869 0.0163623 0.0168643 0.0172856 0.01762 0.0178625 0.0180095 0.0180587 0.0180095 0.0178625 0.01762 0.0172856 0.0168643 0.0163623 0.0157869 0.0151464 0.0144497 0.0137064 0.0129264 0.0121199 0.0112969 0.0104671 0.00963988 0.008824 0.00802742 0.00725721 0.0065195 0.00581936 0.00516084 0.0045469 0.00397947 0.00345954 0.00298716 0.00256161 0.00218147 0.00184474 0.00154894 0.00129128 0.0010687 0.000878044 0.000716091 0.000579674 0.000465733 0.000371366 0.000293875 0.000230783 0.000179858 0.000139115 0.000106813 8.14475e-05 6.17374e-05 4.66081e-05 3.51751e-05 2.67251e-05 2.07007e-05 1.66846e-05 1.43878e-05 
1.82196e-05 1.92084e-05 2.22476e-05 2.75587e-05 3.55182e-05 4.66694e-05 6.17374e-05 8.16475e-05 0.000107546 0.000140821 0.000183125 0.000236392 0.000302855 0.000385053 0.00048583 0.000608332 0.000755978 0.000932425 0.00114152 0.00138722 0.00167353 0.00200436 0.00238345 0.00281422 0.00329964 0.00384205 0.00444308 0.00510346 0.00582289 0.00659997 0.00743208 0.00831531 0.00924447 0.0102131 0.0112133 0.0122363 0.0132721 0.0143098 0.0153377 0.0163438 0.0173158 0.0182411 0.0191077 0.0199038 0.0206183 0.0212414 0.0217639 0.0221785 0.0224791 0.0226612 0.0227222 0.0226612 0.0224791 0.0221785 0.0217639 0.0212414 0.0206183 0.0199038 0.0191077 0.0182411 0.0173158 0.0163438 0.0153377 0.0143098 0.0132721 0.0122363 0.0112133 0.0102131 0.00924447 0.00831531 0.00743208 0.00659997 0.00582289 0.00510346 0.00444308 0.00384205 0.00329964 0.00281422 0.00238345 0.00200436 0.00167353 0.00138722 0.00114152 0.000932425 0.000755978 0.000608332 0.00048583 0.000385053 0.000302855 0.000236392 0.000183125 0.000140821 0.000107546 8.16475e-05 6.17374e-05 4.66694e-05 3.55182e-05 2.75587e-05 2.22476e-05 1.92084e-05 
2.42329e-05 2.55364e-05 2.9542e-05 3.65372e-05 4.7011e-05 6.1668e-05 8.14475e-05 0.000107546 0.000141442 0.000184923 0.000240112 0.000309486 0.000395897 0.00050258 0.000633147 0.000791579 0.000982187 0.00120957 0.00147853 0.00179401 0.00216095 0.00258418 0.00306827 0.00361736 0.00423497 0.00492387 0.00568586 0.0065216 0.0074305 0.00841056 0.00945825 0.0105685 0.0117346 0.0129483 0.0141998 0.0154779 0.0167702 0.0180631 0.0193424 0.020593 0.0217998 0.0229476 0.0240215 0.0250072 0.0258913 0.0266617 0.0273075 0.0278197 0.0281908 0.0284157 0.028491 0.0284157 0.0281908 0.0278197 0.0273075 0.0266617 0.0258913 0.0250072 0.0240215 0.0229476 0.0217998 0.020593 0.0193424 0.0180631 0.0167702 0.0154779 0.0141998 0.0129483 0.0117346 0.0105685 0.00945825 0.00841056 0.0074305 0.0065216 0.00568586 0.00492387 0.00423497 0.00361736 0.00306827 0.00258418 0.00216095 0.00179401 0.00147853 0.00120957 0.000982187 0.000791579 0.000633147 0.00050258 0.000395897 0.000309486 0.000240112 0.000184923 0.000141442 0.000107546 8.14475e-05 6.1668e-05 4.7011e-05 3.65372e-05 2.9542e-05 2.55364e-05 
3.20365e-05 3.37449e-05 3.89925e-05 4.81508e-05 6.18513e-05 8.10023e-05 0.000106813 0.000140821 0.000184923 0.000241408 0.000312983 0.000402806 0.000514497 0.000652151 0.00082033 0.00102404 0.00126868 0.00156 0.00190396 0.00230668 0.00277424 0.00331255 0.00392714 0.00462298 0.00540424 0.0062741 0.00723452 0.00828604 0.00942761 0.0106564 0.0119678 0.0133552 0.0148101 0.0163219 0.0178785 0.0194659 0.0210686 0.0226699 0.0242523 0.0257975 0.0272868 0.0287019 0.0300246 0.0312377 0.032325 0.0332717 0.034065 0.0346938 0.0351493 0.0354253 0.0355177 0.0354253 0.0351493 0.0346938 0.034065 0.0332717 0.032325 0.0312377 0.0300246 0.0287019 0.0272868 0.0257975 0.0242523 0.0226699 0.0210686 0.0194659 0.0178785 0.0163219 0.0148101 0.0133552 0.0119678 0.0106564 0.00942761 0.00828604 0.00723452 0.0062741 0.00540424 0.00462298 0.00392714 0.00331255 0.00277424 0.00230668 0.00190396 0.00156 0.00126868 0.00102404 0.00082033 0.000652151 0.000514497 0.000402806 0.000312983 0.000241408 0.000184923 0.000140821 0.000106813 8.10023e-05 6.18513e-05 4.81508e-05 3.89925e-05 3.37449e-05 
4.206e-05 4.42833e-05 5.11106e-05 6.30184e-05 8.08158e-05 0.000105666 0.000139115 0.000183125 0.000240112 0.000312983 0.000405174 0.000520673 0.000664047 0.000840443 0.00105558 0.0013157 0.00162753 0.00199818 0.00243503 0.00294557 0.00353722 0.00421714 0.00499199 0.00586765 0.00684902 0.00793968 0.00914171 0.0104554 0.0118791 0.0134089 0.0150387 0.01676 0.0185621 0.0204318 0.0223539 0.024311 0.0262842 0.028253 0.0301961 0.032091 0.0339155 0.0356472 0.0372643 0.038746 0.0400731 0.0412279 0.0421949 0.0429611 0.043516 0.0438521 0.0439646 0.0438521 0.043516 0.0429611 0.0421949 0.0412279 0.0400731 0.038746 0.0372643 0.0356472 0.0339155 0.032091 0.0301961 0.028253 0.0262842 0.024311 0.0223539 0.0204318 0.0185621 0.01676 0.0150387 0.0134089 0.0118791 0.0104554 0.00914171 0.00793968 0.00684902 0.00586765 0.00499199 0.00421714 0.00353722 0.00294557 0.00243503 0.00199818 0.00162753 0.0013157 0.00105558 0.000840443 0.000664047 0.000520673 0.000405174 0.000312983 0.000240112 0.000183125 0.000139115 0.000105666 8.08158e-05 6.30184e-05 5.11106e-05 4.42833e-05 
5.48141e-05 5.76863e-05 6.65033e-05 8.18719e-05 0.000104821 0.00013683 0.000179858 0.000236392 0.000309486 0.000402806 0.000520673 0.000668092 0.000850778 0.00107515 0.00134831 0.001678 0.00207253 0.00254062 0.00309129 0.00373367 0.00447673 0.00532907 0.00629859 0.00739222 0.00861559 0.00997269 0.0114656 0.0130943 0.014856 0.0167458 0.0187556 0.0208746 0.0230892 0.0253833 0.0277378 0.0301316 0.0325415 0.0349427 0.0373093 0.0396145 0.0418314 0.0439331 0.0458939 0.047689 0.0492954 0.0506923 0.0518614 0.0527873 0.0534576 0.0538634 0.0539993 0.0538634 0.0534576 0.0527873 0.0518614 0.0506923 0.0492954 0.047689 0.0458939 0.0439331 0.0418314 0.0396145 0.0373093 0.0349427 0.0325415 0.0301316 0.0277378 0.0253833 0.0230892 0.0208746 0.0187556 0.0167458 0.014856 0.0130943 0.0114656 0.00997269 0.00861559 0.00739222 0.00629859 0.00532907 0.00447673 0.00373367 0.00309129 0.00254062 0.00207253 0.001678 0.00134831 0.00107515 0.000850778 0.000668092 0.000520673 0.000402806 0.000309486 0.000236392 0.000179858 0.00013683 0.000104821 8.18719e-05 6.65033e-05 5.76863e-05 
7.08977e-05 7.45801e-05 8.58805e-05 0.000105565 0.000134934 0.00017585 0.000230783 0.000302855 0.000395897 0.000514497 0.000664047 0.000850778 0.00108178 0.00136499 0.00170918 0.00212386 0.00261917 0.00320575 0.00389456 0.00469657 0.00562254 0.00668268 0.0078863 0.00924143 0.0107545 0.0124297 0.0142692 0.0162721 0.0184349 0.0207504 0.0232086 0.0257959 0.0284953 0.0312868 0.0341472 0.0370507 0.0399694 0.0428734 0.0457315 0.0485119 0.0511825 0.0537116 0.0560686 0.0582245 0.0601522 0.0618273 0.0632284 0.0643374 0.06514 0.0656258 0.0657885 0.0656258 0.06514 0.0643374 0.0632284 0.0618273 0.0601522 0.0582245 0.0560686 0.0537116 0.0511825 0.0485119 0.0457315 0.0428734 0.0399694 0.0370507 0.0341472 0.0312868 0.0284953 0.0257959 0.0232086 0.0207504 0.0184349 0.0162721 0.0142692 0.0124297 0.0107545 0.00924143 0.0078863 0.00668268 0.00562254 0.00469657 0.00389456 0.00320575 0.00261917 0.00212386 0.00170918 0.00136499 0.00108178 0.000850778 0.000664047 0.000514497 0.000395897 0.000302855 0.000230783 0.00017585 0.000134934 0.000105565 8.58805e-05 7.45801e-05 
9.10035e-05 9.56886e-05 0.000110061 0.000135082 0.000172379 0.000224281 0.000293875 0.000385053 0.00050258 0.000652151 0.000840443 0.00107515 0.00136499 0.00171973 0.00215005 0.00266756 0.00328457 0.00401392 0.00486876 0.00586221 0.00700702 0.00831521 0.0097976 0.0114634 0.0133197 0.015371 0.0176192 0.0200625 0.0226956 0.0255097 0.0284916 0.0316244 0.0348872 0.0382554 0.041701 0.0451929 0.0486975 0.0521793 0.0556013 0.0589257 0.0621148 0.0651315 0.0679399 0.0705061 0.0727988 0.0747896 0.0764537 0.0777703 0.0787228 0.0792991 0.0794921 0.0792991 0.0787228 0.0777703 0.0764537 0.0747896 0.0727988 0.0705061 0.0679399 0.0651315 0.0621148 0.0589257 0.0556013 0.0521793 0.0486975 0.0451929 0.041701 0.0382554 0.0348872 0.0316244 0.0284916 0.0255097 0.0226956 0.0200625 0.0176192 0.015371 0.0133197 0.0114634 0.0097976 0.00831521 0.00700702 0.00586221 0.00486876 0.00401392 0.00328457 0.00266756 0.00215005 0.00171973 0.00136499 0.00107515 0.000840443 0.000652151 0.00050258 0.000385053 0.000293875 0.000224281 0.000172379 0.000135082 0.000110061 9.56886e-05 
0.000115922 0.000121837 0.000139978 0.000171538 0.000218539 0.000283875 0.000371366 0.00048583 0.000633147 0.00082033 0.00105558 0.00134831 0.00170918 0.00215005 0.00268391 0.00332474 0.00408735 0.00498713 0.00603971 0.00726061 0.00866481 0.0102663 0.0120775 0.0141087 0.0163678 0.0188595 0.0215848 0.0245409 0.0277206 0.0311122 0.0346993 0.038461 0.0423716 0.0464013 0.0505165 0.0546801 0.0588521 0.0629905 0.0670517 0.0709918 0.0747665 0.0783329 0.0816494 0.0846768 0.0873792 0.0897239 0.0916825 0.0932313 0.0943514 0.0950289 0.0952557 0.0950289 0.0943514 0.0932313 0.0916825 0.0897239 0.0873792 0.0846768 0.0816494 0.0783329 0.0747665 0.0709918 0.0670517 0.0629905 0.0588521 0.0546801 0.0505165 0.0464013 0.0423716 0.038461 0.0346993 0.0311122 0.0277206 0.0245409 0.0215848 0.0188595 0.0163678 0.0141087 0.0120775 0.0102663 0.00866481 0.00726061 0.00603971 0.00498713 0.00408735 0.00332474 0.00268391 0.00215005 0.00170918 0.00134831 0.00105558 0.00082033 0.000633147 0.00048583 0.000371366 0.000283875 0.000218539 0.000171538 0.000139978 0.000121837 
0.000146544 0.000153956 0.000176676 0.000216181 0.000274961 0.000356579 0.000465733 0.000608332 0.000791579 0.00102404 0.0013157 0.001678 0.00212386 0.00266756 0.00332474 0.00411214 0.00504741 0.00614879 0.00743472 0.00892339 0.0106322 0.0125772 0.0147726 0.0172298 0.0199571 0.0229592 0.0262362 0.0297836 0.0335918 0.0376459 0.0419253 0.0464044 0.0510521 0.0558326 0.0607057 0.0656276 0.0705512 0.0754274 0.0802053 0.084834 0.0892625 0.0934413 0.0973227 0.100862 0.104019 0.106755 0.10904 0.110845 0.11215 0.11294 0.113204 0.11294 0.11215 0.110845 0.10904 0.106755 0.104019 0.100862 0.0973227 0.0934413 0.0892625 0.084834 0.0802053 0.0754274 0.0705512 0.0656276 0.0607057 0.0558326 0.0510521 0.0464044 0.0419253 0.0376459 0.0335918 0.0297836 0.0262362 0.0229592 0.0199571 0.0172298 0.0147726 0.0125772 0.0106322 0.00892339 0.00743472 0.00614879 0.00504741 0.00411214 0.00332474 0.00266756 0.00212386 0.001678 0.0013157 0.00102404 0.000791579 0.000608332 0.000465733 0.000356579 0.000274961 0.000216181 0.000176676 0.000153956 
0.000183857 0.000193072 0.000221315 0.000270389 0.000343342 0.000444527 0.000579674 0.000755978 0.000982187 0.00126868 0.00162753 0.00207253 0.00261917 0.00328457 0.00408735 0.00504741 0.00618558 0.00752332 0.00908217 0.0108832 0.0129465 0.0152903 0.0179303 0.0208792 0.0241456 0.0277337 0.0316425 0.0358651 0.040389 0.0451952 0.0502585 0.0555476 0.0610252 0.0666487 0.0723705 0.0781393 0.0839001 0.0895958 0.0951681 0.100558 0.105708 0.110561 0.115063 0.119164 0.122818 0.125983 0.128624 0.130709 0.132216 0.133127 0.133432 0.133127 0.132216 0.130709 0.128624 0.125983 0.122818 0.119164 0.115063 0.110561 0.105708 0.100558 0.0951681 0.0895958 0.0839001 0.0781393 0.0723705 0.0666487 0.0610252 0.0555476 0.0502585 0.0451952 0.040389 0.0358651 0.0316425 0.0277337 0.0241456 0.0208792 0.0179303 0.0152903 0.0129465 0.0108832 0.00908217 0.00752332 0.00618558 0.00504741 0.00408735 0.00328457 0.00261917 0.00207253 0.00162753 0.00126868 0.000982187 0.000755978 0.000579674 0.000444527 0.000343342 0.000270389 0.000221315 0.000193072 
0.00022894 0.000240312 0.000275154 0.000335657 0.00042552 0.00055002 0.000716091 0.000932425 0.00120957 0.00156 0.00199818 0.00254062 0.00320575 0.00401392 0.00498713 0.00614879 0.00752332 0.00913571 0.0110109 0.0131731 0.0156451 0.0184474 0.0215974 0.0251087 0.02899 0.0332446 0.0378698 0.0428559 0.0481867 0.0538384 0.0597802 0.0659744 0.0723767 0.0789366 0.0855986 0.0923028 0.0989857 0.105582 0.112024 0.118246 0.124182 0.129768 0.134944 0.139654 0.143846 0.147474 0.150498 0.152885 0.154609 0.155651 0.155999 0.155651 0.154609 0.152885 0.150498 0.147474 0.143846 0.139654 0.134944 0.129768 0.124182 0.118246 0.112024 0.105582 0.0989857 0.0923028 0.0855986 0.0789366 0.0723767 0.0659744 0.0597802 0.0538384 0.0481867 0.0428559 0.0378698 0.0332446 0.02899 0.0251087 0.0215974 0.0184474 0.0156451 0.0131731 0.0110109 0.00913571 0.00752332 0.00614879 0.00498713 0.00401392 0.00320575 0.00254062 0.00199818 0.00156 0.00120957 0.000932425 0.000716091 0.00055002 0.00042552 0.000335657 0.000275154 0.000240312 
0.000282953 0.000296882 0.000339545 0.000413582 0.00052345 0.000675494 0.000878044 0.00114152 0.00147853 0.00190396 0.00243503 0.00309129 0.00389456 0.00486876 0.00603971 0.00743472 0.00908217 0.0110109 0.0132495 0.0158255 0.0187645 0.0220893 0.0258189 0.0299675 0.0345435 0.039549 0.0449787 0.0508198 0.0570513 0.063644 0.0705605 0.0777558 0.0851776 0.0927668 0.100459 0.108185 0.115872 0.123446 0.13083 0.137951 0.144733 0.151108 0.157006 0.162366 0.167132 0.171253 0.174686 0.177394 0.179348 0.180529 0.180924 0.180529 0.179348 0.177394 0.174686 0.171253 0.167132 0.162366 0.157006 0.151108 0.144733 0.137951 0.13083 0.123446 0.115872 0.108185 0.100459 0.0927668 0.0851776 0.0777558 0.0705605 0.063644 0.0570513 0.0508198 0.0449787 0.039549 0.0345435 0.0299675 0.0258189 0.0220893 0.0187645 0.0158255 0.0132495 0.0110109 0.00908217 0.00743472 0.00603971 0.00486876 0.00389456 0.00309129 0.00243503 0.00190396 0.00147853 0.00114152 0.000878044 0.000675494 0.00052345 0.000413582 0.000339545 0.000296882 
0.000347123 0.000364058 0.000415911 0.00050584 0.000639173 0.000823485 0.0010687 0.00138722 0.00179401 0.00230668 0.00294557 0.00373367 0.00469657 0.00586221 0.00726061 0.00892339 0.0108832 0.0131731 0.0158255 0.0188713 0.0223393 0.0262542 0.0306365 0.0355005 0.0408542 0.0466975 0.0530224 0.0598116 0.0670387 0.0746681 0.0826551 0.0909462 0.0994801 0.108188 0.116997 0.125827 0.134595 0.143218 0.151611 0.15969 0.167374 0.174584 0.181246 0.187294 0.192665 0.197305 0.201166 0.20421 0.206407 0.207733 0.208177 0.207733 0.206407 0.20421 0.201166 0.197305 0.192665 0.187294 0.181246 0.174584 0.167374 0.15969 0.151611 0.143218 0.134595 0.125827 0.116997 0.108188 0.0994801 0.0909462 0.0826551 0.0746681 0.0670387 0.0598116 0.0530224 0.0466975 0.0408542 0.0355005 0.0306365 0.0262542 0.0223393 0.0188713 0.0158255 0.0131731 0.0108832 0.00892339 0.00726061 0.00586221 0.00469657 0.00373367 0.00294557 0.00230668 0.00179401 0.00138722 0.0010687 0.000823485 0.000639173 0.00050584 0.000415911 0.000364058 
0.00042272 0.000443159 0.00050572 0.000614154 0.00077478 0.000996573 0.00129128 0.00167353 0.00216095 0.00277424 0.00353722 0.00447673 0.00562254 0.00700702 0.00866481 0.0106322 0.0129465 0.0156451 0.0187645 0.0223393 0.0264009 0.0309762 0.0360867 0.0417466 0.0479627 0.0547323 0.0620434 0.0698738 0.0781908 0.0869511 0.0961016 0.10558 0.115314 0.125227 0.135232 0.14524 0.15516 0.164896 0.174355 0.183444 0.192074 0.200159 0.207621 0.214384 0.220384 0.225562 0.229867 0.233259 0.235705 0.237182 0.237676 0.237182 0.235705 0.233259 0.229867 0.225562 0.220384 0.214384 0.207621 0.200159 0.192074 0.183444 0.174355 0.164896 0.15516 0.14524 0.135232 0.125227 0.115314 0.10558 0.0961016 0.0869511 0.0781908 0.0698738 0.0620434 0.0547323 0.0479627 0.0417466 0.0360867 0.0309762 0.0264009 0.0223393 0.0187645 0.0156451 0.0129465 0.0106322 0.00866481 0.00700702 0.00562254 0.00447673 0.00353722 0.00277424 0.00216095 0.00167353 0.00129128 0.000996573 0.00077478 0.000614154 0.00050572 0.000443159 
0.000511033 0.000535522 0.000610454 0.000740252 0.000932357 0.00119732 0.00154894 0.00200436 0.00258418 0.00331255 0.00421714 0.00532907 0.00668268 0.00831521 0.0102663 0.0125772 0.0152903 0.0184474 0.0220893 0.0262542 0.0309762 0.0362841 0.0421997 0.048737 0.0559006 0.0636846 0.0720722 0.0810351 0.0905332 0.100515 0.110917 0.121668 0.132685 0.143878 0.155152 0.166405 0.177536 0.188439 0.199011 0.209151 0.218762 0.227753 0.236037 0.243536 0.250181 0.255908 0.260667 0.264413 0.267113 0.268743 0.269288 0.268743 0.267113 0.264413 0.260667 0.255908 0.250181 0.243536 0.236037 0.227753 0.218762 0.209151 0.199011 0.188439 0.177536 0.166405 0.155152 0.143878 0.132685 0.121668 0.110917 0.100515 0.0905332 0.0810351 0.0720722 0.0636846 0.0559006 0.048737 0.0421997 0.0362841 0.0309762 0.0262542 0.0220893 0.0184474 0.0152903 0.0125772 0.0102663 0.00831521 0.00668268 0.00532907 0.00421714 0.00331255 0.00258418 0.00200436 0.00154894 0.00119732 0.000932357 0.000740252 0.000610454 0.000535522 
0.000613333 0.000642463 0.00073157 0.000885828 0.00111393 0.00142821 0.00184474 0.00238345 0.00306827 0.00392714 0.00499199 0.00629859 0.0078863 0.0097976 0.0120775 0.0147726 0.0179303 0.0215974 0.0258189 0.0306365 0.0360867 0.0421997 0.0489978 0.0564934 0.0646884 0.0735729 0.0831243 0.0933071 0.104073 0.11536 0.127097 0.139197 0.151569 0.16411 0.176713 0.189267 0.201656 0.213767 0.225487 0.236707 0.247323 0.257236 0.266356 0.2746 0.281895 0.288177 0.293391 0.297493 0.300448 0.30223 0.302826 0.30223 0.300448 0.297493 0.293391 0.288177 0.281895 0.2746 0.266356 0.257236 0.247323 0.236707 0.225487 0.213767 0.201656 0.189267 0.176713 0.16411 0.151569 0.139197 0.127097 0.11536 0.104073 0.0933071 0.0831243 0.0735729 0.0646884 0.0564934 0.0489978 0.0421997 0.0360867 0.0306365 0.0258189 0.0215974 0.0179303 0.0147726 0.0120775 0.0097976 0.0078863 0.00629859 0.00499199 0.00392714 0.00306827 0.00238345 0.00184474 0.00142821 0.00111393 0.000885828 0.00073157 0.000642463 
0.000730838 0.000765244 0.000870455 0.00105248 0.00132142 0.00169155 0.00218147 0.00281422 0.00361736 0.00462298 0.00586765 0.00739222 0.00924143 0.0114634 0.0141087 0.0172298 0.0208792 0.0251087 0.0299675 0.0355005 0.0417466 0.048737 0.0564934 0.0650263 0.074334 0.0844013 0.095199 0.106683 0.118796 0.131466 0.144608 0.158126 0.171914 0.185859 0.199839 0.213733 0.227415 0.240762 0.25365 0.265965 0.277594 0.288435 0.298392 0.307379 0.315322 0.322153 0.327817 0.33227 0.335475 0.337408 0.338054 0.337408 0.335475 0.33227 0.327817 0.322153 0.315322 0.307379 0.298392 0.288435 0.277594 0.265965 0.25365 0.240762 0.227415 0.213733 0.199839 0.185859 0.171914 0.158126 0.144608 0.131466 0.118796 0.106683 0.095199 0.0844013 0.074334 0.0650263 0.0564934 0.048737 0.0417466 0.0355005 0.0299675 0.0251087 0.0208792 0.0172298 0.0141087 0.0114634 0.00924143 0.00739222 0.00586765 0.00462298 0.00361736 0.00281422 0.00218147 0.00169155 0.00132142 0.00105248 0.000870455 0.000765244 
0.000864671 0.000905021 0.00102837 0.00124166 0.00155651 0.00198938 0.00256161 0.00329964 0.00423497 0.00540424 0.00684902 0.00861559 0.0107545 0.0133197 0.0163678 0.0199571 0.0241456 0.02899 0.0345435 0.0408542 0.0479627 0.0559006 0.0646884 0.074334 0.084831 0.096158 0.108278 0.121137 0.134668 0.148787 0.163395 0.178386 0.193638 0.209027 0.224419 0.239679 0.254673 0.269266 0.283329 0.296737 0.309374 0.321133 0.331915 0.341633 0.350208 0.357574 0.363676 0.368468 0.371916 0.373994 0.374689 0.373994 0.371916 0.368468 0.363676 0.357574 0.350208 0.341633 0.331915 0.321133 0.309374 0.296737 0.283329 0.269266 0.254673 0.239679 0.224419 0.209027 0.193638 0.178386 0.163395 0.148787 0.134668 0.121137 0.108278 0.096158 0.084831 0.074334 0.0646884 0.0559006 0.0479627 0.0408542 0.0345435 0.02899 0.0241456 0.0199571 0.0163678 0.0133197 0.0107545 0.00861559 0.00684902 0.00540424 0.00423497 0.00329964 0.00256161 0.00198938 0.00155651 0.00124166 0.00102837 0.000905021 
0.00101581 0.0010628 0.00120642 0.0014546 0.00182066 0.00232339 0.00298716 0.00384205 0.00492387 0.0062741 0.00793968 0.00997269 0.0124297 0.015371 0.0188595 0.0229592 0.0277337 0.0332446 0.039549 0.0466975 0.0547323 0.0636846 0.0735729 0.0844013 0.096158 0.108814 0.122323 0.136622 0.15163 0.167252 0.183375 0.199879 0.216629 0.233487 0.250308 0.266945 0.283252 0.299087 0.314312 0.328798 0.342423 0.355077 0.366659 0.37708 0.386263 0.394142 0.40066 0.405775 0.409453 0.411669 0.412409 0.411669 0.409453 0.405775 0.40066 0.394142 0.386263 0.37708 0.366659 0.355077 0.342423 0.328798 0.314312 0.299087 0.283252 0.266945 0.250308 0.233487 0.216629 0.199879 0.183375 0.167252 0.15163 0.136622 0.122323 0.108814 0.096158 0.0844013 0.0735729 0.0636846 0.0547323 0.0466975 0.039549 0.0332446 0.0277337 0.0229592 0.0188595 0.015371 0.0124297 0.00997269 0.00793968 0.0062741 0.00492387 0.00384205 0.00298716 0.00232339 0.00182066 0.0014546 0.00120642 0.0010628 
0.00118503 0.00123939 0.00140546 0.00169227 0.00211495 0.00269483 0.00345954 0.00444308 0.00568586 0.00723452 0.00914171 0.0114656 0.0142692 0.0176192 0.0215848 0.0262362 0.0316425 0.0378698 0.0449787 0.0530224 0.0620434 0.0720722 0.0831243 0.095199 0.108278 0.122323 0.137279 0.15307 0.169603 0.186768 0.204439 0.222481 0.240747 0.259083 0.277333 0.295338 0.312944 0.329998 0.346359 0.36189 0.376468 0.389979 0.402323 0.413411 0.423166 0.431524 0.438432 0.443847 0.447737 0.45008 0.450863 0.45008 0.447737 0.443847 0.438432 0.431524 0.423166 0.413411 0.402323 0.389979 0.376468 0.36189 0.346359 0.329998 0.312944 0.295338 0.277333 0.259083 0.240747 0.222481 0.204439 0.186768 0.169603 0.15307 0.137279 0.122323 0.108278 0.095199 0.0831243 0.0720722 0.0620434 0.0530224 0.0449787 0.0378698 0.0316425 0.0262362 0.0215848 0.0176192 0.0142692 0.0114656 0.00914171 0.00723452 0.00568586 0.00444308 0.00345954 0.00269483 0.00211495 0.00169227 0.00140546 0.00123939 
0.00137288 0.00143533 0.00162605 0.00195526 0.00244002 0.0031044 0.00397947 0.00510346 0.0065216 0.00828604 0.0104554 0.0130943 0.0162721 0.0200625 0.0245409 0.0297836 0.0358651 0.0428559 0.0508198 0.0598116 0.0698738 0.0810351 0.0933071 0.106683 0.121137 0.136622 0.15307 0.170393 0.188484 0.207218 0.226455 0.246045 0.265827 0.285632 0.305294 0.324642 0.343514 0.36175 0.379202 0.395731 0.411211 0.425529 0.438584 0.450289 0.460571 0.469369 0.47663 0.482317 0.4864 0.488858 0.489678 0.488858 0.4864 0.482317 0.47663 0.469369 0.460571 0.450289 0.438584 0.425529 0.411211 0.395731 0.379202 0.36175 0.343514 0.324642 0.305294 0.285632 0.265827 0.246045 0.226455 0.207218 0.188484 0.170393 0.15307 0.136622 0.121137 0.106683 0.0933071 0.0810351 0.0698738 0.0598116 0.0508198 0.0428559 0.0358651 0.0297836 0.0245409 0.0200625 0.0162721 0.0130943 0.0104554 0.00828604 0.0065216 0.00510346 0.00397947 0.0031044 0.00244002 0.00195526 0.00162605 0.00143533 
0.00157961 0.00165086 0.00186844 0.00224378 0.00279604 0.00355216 0.0045469 0.00582289 0.0074305 0.00942761 0.0118791 0.014856 0.0184349 0.0226956 0.0277206 0.0335918 0.040389 0.0481867 0.0570513 0.0670387 0.0781908 0.0905332 0.104073 0.118796 0.134668 0.15163 0.169603 0.188484 0.208151 0.228464 0.24927 0.2704 0.29168 0.312929 0.333968 0.354618 0.374706 0.394069 0.412553 0.430017 0.446336 0.461397 0.475101 0.487366 0.498122 0.50731 0.514885 0.520811 0.525062 0.52762 0.528474 0.52762 0.525062 0.520811 0.514885 0.50731 0.498122 0.487366 0.475101 0.461397 0.446336 0.430017 0.412553 0.394069 0.374706 0.354618 0.333968 0.312929 0.29168 0.2704 0.24927 0.228464 0.208151 0.188484 0.169603 0.15163 0.134668 0.118796 0.104073 0.0905332 0.0781908 0.0670387 0.0570513 0.0481867 0.040389 0.0335918 0.0277206 0.0226956 0.0184349 0.014856 0.0118791 0.00942761 0.0074305 0.00582289 0.0045469 0.00355216 0.00279604 0.00224378 0.00186844 0.00165086 
0.00180511 0.00188589 0.00213245 0.00255757 0.00318259 0.00403747 0.00516084 0.00659997 0.00841056 0.0106564 0.0134089 0.0167458 0.0207504 0.0255097 0.0311122 0.0376459 0.0451952 0.0538384 0.063644 0.0746681 0.0869511 0.100515 0.11536 0.131466 0.148787 0.167252 0.186768 0.207218 0.228464 0.250352 0.27271 0.295356 0.3181 0.340751 0.363117 0.385009 0.40625 0.426669 0.446112 0.464438 0.48152 0.497249 0.511532 0.52429 0.535457 0.544982 0.552825 0.558953 0.563346 0.565987 0.566869 0.565987 0.563346 0.558953 0.552825 0.544982 0.535457 0.52429 0.511532 0.497249 0.48152 0.464438 0.446112 0.426669 0.40625 0.385009 0.363117 0.340751 0.3181 0.295356 0.27271 0.250352 0.228464 0.207218 0.186768 0.167252 0.148787 0.131466 0.11536 0.100515 0.0869511 0.0746681 0.063644 0.0538384 0.0451952 0.0376459 0.0311122 0.0255097 0.0207504 0.0167458 0.0134089 0.0106564 0.00841056 0.00659997 0.00516084 0.00403747 0.00318259 0.00255757 0.00213245 0.00188589 
0.00204893 0.00213989 0.00241748 0.00289584 0.0035986 0.00455889 0.00581936 0.00743208 0.00945825 0.0119678 0.0150387 0.0187556 0.0232086 0.0284916 0.0346993 0.0419253 0.0502585 0.0597802 0.0705605 0.0826551 0.0961016 0.110917 0.127097 0.144608 0.163395 0.183375 0.204439 0.226455 0.24927 0.27271 0.296589 0.32071 0.34487 0.368864 0.39249 0.415553 0.437867 0.459262 0.479579 0.498678 0.516439 0.532754 0.547536 0.560712 0.572225 0.582028 0.590088 0.59638 0.600885 0.603593 0.604496 0.603593 0.600885 0.59638 0.590088 0.582028 0.572225 0.560712 0.547536 0.532754 0.516439 0.498678 0.479579 0.459262 0.437867 0.415553 0.39249 0.368864 0.34487 0.32071 0.296589 0.27271 0.24927 0.226455 0.204439 0.183375 0.163395 0.144608 0.127097 0.110917 0.0961016 0.0826551 0.0705605 0.0597802 0.0502585 0.0419253 0.0346993 0.0284916 0.0232086 0.0187556 0.0150387 0.0119678 0.00945825 0.00743208 0.00581936 0.00455889 0.0035986 0.00289584 0.00241748 0.00213989 
0.00231017 0.00241194 0.00272245 0.00325726 0.00404236 0.00511418 0.0065195 0.00831531 0.0105685 0.0133552 0.01676 0.0208746 0.0257959 0.0316244 0.038461 0.0464044 0.0555476 0.0659744 0.0777558 0.0909462 0.10558 0.121668 0.139197 0.158126 0.178386 0.199879 0.222481 0.246045 0.2704 0.295356 0.32071 0.346251 0.371762 0.397027 0.421834 0.445982 0.46928 0.491556 0.512652 0.532432 0.550778 0.567589 0.582786 0.596303 0.60809 0.61811 0.626336 0.63275 0.637338 0.640094 0.641013 0.640094 0.637338 0.63275 0.626336 0.61811 0.60809 0.596303 0.582786 0.567589 0.550778 0.532432 0.512652 0.491556 0.46928 0.445982 0.421834 0.397027 0.371762 0.346251 0.32071 0.295356 0.2704 0.246045 0.222481 0.199879 0.178386 0.158126 0.139197 0.121668 0.10558 0.0909462 0.0777558 0.0659744 0.0555476 0.0464044 0.038461 0.0316244 0.0257959 0.0208746 0.01676 0.0133552 0.0105685 0.00831531 0.0065195 0.00511418 0.00404236 0.00325726 0.00272245 0.00241194 
0.00258751 0.00270066 0.00304577 0.00363989 0.00451145 0.00570022 0.00725721 0.00924447 0.0117346 0.0148101 0.0185621 0.0230892 0.0284953 0.0348872 0.0423716 0.0510521 0.0610252 0.0723767 0.0851776 0.0994801 0.115314 0.132685 0.151569 0.171914 0.193638 0.216629 0.240747 0.265827 0.29168 0.3181 0.34487 0.371762 0.398547 0.424999 0.450896 0.476033 0.500216 0.523272 0.545047 0.565407 0.58424 0.601455 0.616978 0.630755 0.642745 0.652919 0.661259 0.667752 0.672393 0.675179 0.676107 0.675179 0.672393 0.667752 0.661259 0.652919 0.642745 0.630755 0.616978 0.601455 0.58424 0.565407 0.545047 0.523272 0.500216 0.476033 0.450896 0.424999 0.398547 0.371762 0.34487 0.3181 0.29168 0.265827 0.240747 0.216629 0.193638 0.171914 0.151569 0.132685 0.115314 0.0994801 0.0851776 0.0723767 0.0610252 0.0510521 0.0423716 0.0348872 0.0284953 0.0230892 0.0185621 0.0148101 0.0117346 0.00924447 0.00725721 0.00570022 0.00451145 0.00363989 0.00304577 0.00270066 
0.00287918 0.00300418 0.00338534 0.00404122 0.00500272 0.00631302 0.00802742 0.0102131 0.0129483 0.0163219 0.0204318 0.0253833 0.0312868 0.0382554 0.0464013 0.0558326 0.0666487 0.0789366 0.0927668 0.108188 0.125227 0.143878 0.16411 0.185859 0.209027 0.233487 0.259083 0.285632 0.312929 0.340751 0.368864 0.397027 0.424999 0.452542 0.479431 0.505454 0.530417 0.554148 0.576495 0.597331 0.616552 0.634076 0.649839 0.663796 0.675916 0.686181 0.694582 0.701115 0.705779 0.708576 0.709508 0.708576 0.705779 0.701115 0.694582 0.686181 0.675916 0.663796 0.649839 0.634076 0.616552 0.597331 0.576495 0.554148 0.530417 0.505454 0.479431 0.452542 0.424999 0.397027 0.368864 0.340751 0.312929 0.285632 0.259083 0.233487 0.209027 0.185859 0.16411 0.143878 0.125227 0.108188 0.0927668 0.0789366 0.0666487 0.0558326 0.0464013 0.0382554 0.0312868 0.0253833 0.0204318 0.0163219 0.0129483 0.0102131 0.00802742 0.00631302 0.00500272 0.00404122 0.00338534 0.00300418 
0.00318296 0.00332019 0.00373857 0.00445815 0.00551234 0.00694775 0.008824 0.0112133 0.0141998 0.0178785 0.0223539 0.0277378 0.0341472 0.041701 0.0505165 0.0607057 0.0723705 0.0855986 0.100459 0.116997 0.135232 0.155152 0.176713 0.199839 0.224419 0.250308 0.277333 0.305294 0.333968 0.363117 0.39249 0.421834 0.450896 0.479431 0.507207 0.534009 0.559643 0.58394 0.606753 0.627962 0.647473 0.665212 0.681128 0.695186 0.707368 0.717665 0.726077 0.732609 0.737268 0.74006 0.74099 0.74006 0.737268 0.732609 0.726077 0.717665 0.707368 0.695186 0.681128 0.665212 0.647473 0.627962 0.606753 0.58394 0.559643 0.534009 0.507207 0.479431 0.450896 0.421834 0.39249 0.363117 0.333968 0.305294 0.277333 0.250308 0.224419 0.199839 0.176713 0.155152 0.135232 0.116997 0.100459 0.0855986 0.0723705 0.0607057 0.0505165 0.041701 0.0341472 0.0277378 0.0223539 0.0178785 0.0141998 0.0112133 0.008824 0.00694775 0.00551234 0.00445815 0.00373857 0.00332019 
0.00349618 0.00364592 0.00410234 0.004887 0.00603581 0.00759879 0.00963988 0.0122363 0.0154779 0.0194659 0.024311 0.0301316 0.0370507 0.0451929 0.0546801 0.0656276 0.0781393 0.0923028 0.108185 0.125827 0.14524 0.166405 0.189267 0.213733 0.239679 0.266945 0.295338 0.324642 0.354618 0.385009 0.415553 0.445982 0.476033 0.505454 0.534009 0.561481 0.587677 0.612432 0.635607 0.657089 0.676794 0.69466 0.710647 0.724733 0.736911 0.747183 0.75556 0.762056 0.766683 0.769454 0.770377 0.769454 0.766683 0.762056 0.75556 0.747183 0.736911 0.724733 0.710647 0.69466 0.676794 0.657089 0.635607 0.612432 0.587677 0.561481 0.534009 0.505454 0.476033 0.445982 0.415553 0.385009 0.354618 0.324642 0.295338 0.266945 0.239679 0.213733 0.189267 0.166405 0.14524 0.125827 0.108185 0.0923028 0.0781393 0.0656276 0.0546801 0.0451929 0.0370507 0.0301316 0.024311 0.0194659 0.0154779 0.0122363 0.00963988 0.00759879 0.00603581 0.004887 0.00410234 0.00364592 
0.00381579 0.00397819 0.00447309 0.00532358 0.00656799 0.00825978 0.0104671 0.0132721 0.0167702 0.0210686 0.0262842 0.0325415 0.0399694 0.0486975 0.0588521 0.0705512 0.0839001 0.0989857 0.115872 0.134595 0.15516 0.177536 0.201656 0.227415 0.254673 0.283252 0.312944 0.343514 0.374706 0.40625 0.437867 0.46928 0.500216 0.530417 0.559643 0.587677 0.61433 0.63944 0.662876 0.684536 0.704346 0.722255 0.738238 0.752284 0.764398 0.774596 0.782896 0.789322 0.793895 0.796631 0.797542 0.796631 0.793895 0.789322 0.782896 0.774596 0.764398 0.752284 0.738238 0.722255 0.704346 0.684536 0.662876 0.63944 0.61433 0.587677 0.559643 0.530417 0.500216 0.46928 0.437867 0.40625 0.374706 0.343514 0.312944 0.283252 0.254673 0.227415 0.201656 0.177536 0.15516 0.134595 0.115872 0.0989857 0.0839001 0.0705512 0.0588521 0.0486975 0.0399694 0.0325415 0.0262842 0.0210686 0.0167702 0.0132721 0.0104671 0.00825978 0.00656799 0.00532358 0.00447309 0.00397819 
0.00413835 0.00431343 0.00484687 0.00576322 0.00710325 0.00892371 0.0112969 0.0143098 0.0180631 0.0226699 0.028253 0.0349427 0.0428734 0.0521793 0.0629905 0.0754274 0.0895958 0.105582 0.123446 0.143218 0.164896 0.188439 0.213767 0.240762 0.269266 0.299087 0.329998 0.36175 0.394069 0.426669 0.459262 0.491556 0.523272 0.554148 0.58394 0.612432 0.63944 0.664808 0.688413 0.710163 0.729996 0.747875 0.763786 0.777732 0.789731 0.799809 0.807997 0.814326 0.818824 0.821513 0.822408 0.821513 0.818824 0.814326 0.807997 0.799809 0.789731 0.777732 0.763786 0.747875 0.729996 0.710163 0.688413 0.664808 0.63944 0.612432 0.58394 0.554148 0.523272 0.491556 0.459262 0.426669 0.394069 0.36175 0.329998 0.299087 0.269266 0.240762 0.213767 0.188439 0.164896 0.143218 0.123446 0.105582 0.0895958 0.0754274 0.0629905 0.0521793 0.0428734 0.0349427 0.028253 0.0226699 0.0180631 0.0143098 0.0112969 0.00892371 0.00710325 0.00576322 0.00484687 0.00431343 
0.00446013 0.00464776 0.00521936 0.00620088 0.00763546 0.00958305 0.0121199 0.0153377 0.0193424 0.0242523 0.0301961 0.0373093 0.0457315 0.0556013 0.0670517 0.0802053 0.0951681 0.112024 0.13083 0.151611 0.174355 0.199011 0.225487 0.25365 0.283329 0.314312 0.346359 0.379202 0.412553 0.446112 0.479579 0.512652 0.545047 0.576495 0.606753 0.635607 0.662876 0.688413 0.712103 0.733866 0.753651 0.771435 0.787216 0.801012 0.812853 0.822775 0.830821 0.837029 0.841436 0.844069 0.844944 0.844069 0.841436 0.837029 0.830821 0.822775 0.812853 0.801012 0.787216 0.771435 0.753651 0.733866 0.712103 0.688413 0.662876 0.635607 0.606753 0.576495 0.545047 0.512652 0.479579 0.446112 0.412553 0.379202 0.346359 0.314312 0.283329 0.25365 0.225487 0.199011 0.174355 0.151611 0.13083 0.112024 0.0951681 0.0802053 0.0670517 0.0556013 0.0457315 0.0373093 0.0301961 0.0242523 0.0193424 0.0153377 0.0121199 0.00958305 0.00763546 0.00620088 0.00521936 0.00464776 
