0.000333174 0.000340348 0.000362028 0.000398683 0.00045109 0.00052033 0.000607774 0.000715072 0.000844134 0.000997113 0.00117637 0.00138444 0.00162402 0.00189789 0.00220887 0.00255977 0.00295336 0.00339222 0.00387876 0.00441508 0.00500293 0.00564361 0.0063379 0.00708601 0.00788748 0.00874114 0.00964506 0.0105965 0.0115919 0.0126269 0.0136961 0.0147937 0.0159128 0.0170458 0.0181847 0.0193206 0.0204445 0.0215469 0.022618 0.0236482 0.0246278 0.0255473 0.0263976 0.0271702 0.0278572 0.0284513 0.0289463 0.029337 0.0296191 0.0297896 0.0298467 0.0297896 0.0296191 0.029337 0.0289463 0.0284513 0.0278572 0.0271702 0.0263976 0.0255473 0.0246278 0.0236482 0.022618 0.0215469 0.0204445 0.0193206 0.0181847 0.0170458 0.0159128 0.0147937 0.0136961 0.0126269 0.0115919 0.0105965 0.00964506 0.00874114 0.00788748 0.00708601 0.0063379 0.00564361 0.00500293 0.00441508 0.00387876 0.00339222 0.00295336 0.00255977 0.00220887 0.00189789 0.00162402 0.00138444 0.00117637 0.000997113 0.000844134 0.000715072 0.000607774 0.00052033 0.00045109 0.000398683 0.000362028 0.000340348 
0.000340348 0.000347666 0.000369779 0.000407164 0.000460613 0.000531223 0.000620388 0.000729786 0.000861358 0.00101729 0.00119998 0.00141201 0.00165611 0.0019351 0.00225184 0.00260919 0.00300994 0.00345672 0.00395196 0.00449778 0.00509595 0.00574776 0.00645402 0.00721491 0.00802994 0.00889791 0.00981684 0.0107839 0.0117956 0.0128473 0.0139337 0.0150488 0.0161855 0.0173363 0.0184929 0.0196463 0.0207875 0.0219066 0.022994 0.0240397 0.0250339 0.0259671 0.02683 0.027614 0.0283111 0.0289139 0.0294162 0.0298126 0.0300988 0.0302718 0.0303297 0.0302718 0.0300988 0.0298126 0.0294162 0.0289139 0.0283111 0.027614 0.02683 0.0259671 0.0250339 0.0240397 0.022994 0.0219066 0.0207875 0.0196463 0.0184929 0.0173363 0.0161855 0.0150488 0.0139337 0.0128473 0.0117956 0.0107839 0.00981684 0.00889791 0.00802994 0.00721491 0.00645402 0.00574776 0.00509595 0.00449778 0.00395196 0.00345672 0.00300994 0.00260919 0.00225184 0.0019351 0.00165611 0.00141201 0.00119998 0.00101729 0.000861358 0.000729786 0.000620388 0.000531223 0.000460613 0.000407164 0.000369779 0.000347666 
0.000362028 0.000369779 0.000393199 0.00043279 0.000489382 0.000564126 0.000658486 0.00077422 0.000913365 0.00107821 0.00127126 0.00149523 0.00175295 0.00204737 0.0023815 0.00275828 0.00318063 0.00365128 0.00417273 0.00474718 0.00537643 0.00606181 0.0068041 0.00760345 0.00845931 0.00937037 0.0103345 0.0113488 0.0124093 0.0135114 0.0146495 0.0158171 0.017007 0.0182112 0.019421 0.0206272 0.0218202 0.0229898 0.0241259 0.0252182 0.0262565 0.0272308 0.0281317 0.0289499 0.0296773 0.0303064 0.0308304 0.0312439 0.0315425 0.0317229 0.0317833 0.0317229 0.0315425 0.0312439 0.0308304 0.0303064 0.0296773 0.0289499 0.0281317 0.0272308 0.0262565 0.0252182 0.0241259 0.0229898 0.0218202 0.0206272 0.019421 0.0182112 0.017007 0.0158171 0.0146495 0.0135114 0.0124093 0.0113488 0.0103345 0.00937037 0.00845931 0.00760345 0.0068041 0.00606181 0.00537643 0.00474718 0.00417273 0.00365128 0.00318063 0.00275828 0.0023815 0.00204737 0.00175295 0.00149523 0.00127126 0.00107821 0.000913365 0.00077422 0.000658486 0.000564126 0.000489382 0.00043279 0.000393199 0.000369779 
0.000398683 0.000407164 0.00043279 0.000476101 0.000537993 0.000619711 0.00072283 0.000849248 0.00100116 0.00118102 0.00139153 0.0016356 0.00191627 0.00223669 0.00260007 0.00300957 0.00346826 0.00397905 0.00454458 0.00516716 0.00584865 0.00659043 0.00739325 0.00825719 0.0091816 0.010165 0.011205 0.0122984 0.013441 0.0146276 0.0158522 0.017108 0.0183869 0.0196805 0.0209796 0.0222741 0.0235538 0.0248079 0.0260256 0.0271959 0.0283079 0.0293511 0.0303153 0.0311909 0.0319691 0.0326418 0.0332022 0.0336444 0.0339636 0.0341565 0.034221 0.0341565 0.0339636 0.0336444 0.0332022 0.0326418 0.0319691 0.0311909 0.0303153 0.0293511 0.0283079 0.0271959 0.0260256 0.0248079 0.0235538 0.0222741 0.0209796 0.0196805 0.0183869 0.017108 0.0158522 0.0146276 0.013441 0.0122984 0.011205 0.010165 0.0091816 0.00825719 0.00739325 0.00659043 0.00584865 0.00516716 0.00454458 0.00397905 0.00346826 0.00300957 0.00260007 0.00223669 0.00191627 0.0016356 0.00139153 0.00118102 0.00100116 0.000849248 0.00072283 0.000619711 0.000537993 0.000476101 0.00043279 0.000407164 
0.00045109 0.000460613 0.000489382 0.000537993 0.000607438 0.000699088 0.000814683 0.000956313 0.00112639 0.00132762 0.00156298 0.00183563 0.00214892 0.00250629 0.00291123 0.00336718 0.00387746 0.00444522 0.00507327 0.00576409 0.00651964 0.00734131 0.00822986 0.00918526 0.0102067 0.0112924 0.0124397 0.0136449 0.0149034 0.0162094 0.0175563 0.0189364 0.020341 0.0217608 0.0231856 0.0246047 0.0260066 0.0273798 0.0287124 0.0299925 0.0312083 0.0323484 0.0334018 0.034358 0.0352076 0.035942 0.0365535 0.0370359 0.0373842 0.0375946 0.037665 0.0375946 0.0373842 0.0370359 0.0365535 0.035942 0.0352076 0.034358 0.0334018 0.0323484 0.0312083 0.0299925 0.0287124 0.0273798 0.0260066 0.0246047 0.0231856 0.0217608 0.020341 0.0189364 0.0175563 0.0162094 0.0149034 0.0136449 0.0124397 0.0112924 0.0102067 0.00918526 0.00822986 0.00734131 0.00651964 0.00576409 0.00507327 0.00444522 0.00387746 0.00336718 0.00291123 0.00250629 0.00214892 0.00183563 0.00156298 0.00132762 0.00112639 0.000956313 0.000814683 0.000699088 0.000607438 0.000537993 0.000489382 0.000460613 
0.00052033 0.000531223 0.000564126 0.000619711 0.000699088 0.000803798 0.000935793 0.00109741 0.00129136 0.00152065 0.00178861 0.00209877 0.00245484 0.00286065 0.00332004 0.00383682 0.00441464 0.00505691 0.00576674 0.00654674 0.00739902 0.00832502 0.00932543 0.0104001 0.011548 0.012767 0.0140541 0.0154049 0.0168142 0.0182755 0.0197813 0.0213229 0.0228908 0.0244744 0.0260625 0.027643 0.0292034 0.0307309 0.0322124 0.0336347 0.034985 0.0362505 0.0374192 0.0384798 0.0394218 0.0402358 0.0409135 0.041448 0.0418337 0.0420668 0.0421448 0.0420668 0.0418337 0.041448 0.0409135 0.0402358 0.0394218 0.0384798 0.0374192 0.0362505 0.034985 0.0336347 0.0322124 0.0307309 0.0292034 0.027643 0.0260625 0.0244744 0.0228908 0.0213229 0.0197813 0.0182755 0.0168142 0.0154049 0.0140541 0.012767 0.011548 0.0104001 0.00932543 0.00832502 0.00739902 0.00654674 0.00576674 0.00505691 0.00441464 0.00383682 0.00332004 0.00286065 0.00245484 0.00209877 0.00178861 0.00152065 0.00129136 0.00109741 0.000935793 0.000803798 0.000699088 0.000619711 0.000564126 0.000531223 
0.000607774 0.000620388 0.000658486 0.00072283 0.000814683 0.000935793 0.00108837 0.00127507 0.00149895 0.00176343 0.00207224 0.00242937 0.002839 0.0033054 0.00383287 0.00442566 0.00508781 0.00582309 0.0066349 0.00752608 0.00849886 0.00955474 0.0106943 0.0119174 0.0132224 0.014607 0.0160675 0.0175989 0.0191951 0.0208488 0.0225513 0.0242929 0.0260627 0.0278488 0.0296386 0.0314186 0.0331747 0.0348926 0.0365577 0.0381553 0.0396712 0.0410912 0.0424021 0.0435911 0.0446469 0.0455588 0.0463179 0.0469164 0.0473483 0.0476093 0.0476965 0.0476093 0.0473483 0.0469164 0.0463179 0.0455588 0.0446469 0.0435911 0.0424021 0.0410912 0.0396712 0.0381553 0.0365577 0.0348926 0.0331747 0.0314186 0.0296386 0.0278488 0.0260627 0.0242929 0.0225513 0.0208488 0.0191951 0.0175989 0.0160675 0.014607 0.0132224 0.0119174 0.0106943 0.00955474 0.00849886 0.00752608 0.0066349 0.00582309 0.00508781 0.00442566 0.00383287 0.0033054 0.002839 0.00242937 0.00207224 0.00176343 0.00149895 0.00127507 0.00108837 0.000935793 0.000814683 0.00072283 0.000658486 0.000620388 
0.000715072 0.000729786 0.00077422 0.000849248 0.000956313 0.00109741 0.00127507 0.00149232 0.00175264 0.00205993 0.00241842 0.00283263 0.00330729 0.00384723 0.00445728 0.0051422 0.00590649 0.00675436 0.00768951 0.00871507 0.0098334 0.011046 0.0123535 0.0137553 0.0152496 0.0168335 0.0185025 0.020251 0.0220717 0.0239563 0.0258948 0.027876 0.0298876 0.0319161 0.0339472 0.0359656 0.0379555 0.0399008 0.041785 0.0435919 0.0453053 0.0469095 0.0483897 0.0497317 0.0509229 0.0519515 0.0528074 0.0534821 0.053969 0.0542631 0.0543614 0.0542631 0.053969 0.0534821 0.0528074 0.0519515 0.0509229 0.0497317 0.0483897 0.0469095 0.0453053 0.0435919 0.041785 0.0399008 0.0379555 0.0359656 0.0339472 0.0319161 0.0298876 0.027876 0.0258948 0.0239563 0.0220717 0.020251 0.0185025 0.0168335 0.0152496 0.0137553 0.0123535 0.011046 0.0098334 0.00871507 0.00768951 0.00675436 0.00590649 0.0051422 0.00445728 0.00384723 0.00330729 0.00283263 0.00241842 0.00205993 0.00175264 0.00149232 0.00127507 0.00109741 0.000956313 0.000849248 0.00077422 0.000729786 
0.000844134 0.000861358 0.000913365 0.00100116 0.00112639 0.00129136 0.00149895 0.00175264 0.00205641 0.0024147 0.00283235 0.00331449 0.00386649 0.00449381 0.00520192 0.00599614 0.00688154 0.00786277 0.00894392 0.0101284 0.0114187 0.0128165 0.014322 0.0159345 0.0176518 0.0194702 0.0213845 0.023388 0.0254724 0.0276278 0.0298429 0.0321048 0.0343995 0.0367116 0.0390247 0.0413216 0.0435845 0.045795 0.0479348 0.0499855 0.0519289 0.0537475 0.0554247 0.0569448 0.0582934 0.0594576 0.060426 0.0611893 0.06174 0.0620726 0.0621838 0.0620726 0.06174 0.0611893 0.060426 0.0594576 0.0582934 0.0569448 0.0554247 0.0537475 0.0519289 0.0499855 0.0479348 0.045795 0.0435845 0.0413216 0.0390247 0.0367116 0.0343995 0.0321048 0.0298429 0.0276278 0.0254724 0.023388 0.0213845 0.0194702 0.0176518 0.0159345 0.014322 0.0128165 0.0114187 0.0101284 0.00894392 0.00786277 0.00688154 0.00599614 0.00520192 0.00449381 0.00386649 0.00331449 0.00283235 0.0024147 0.00205641 0.00175264 0.00149895 0.00129136 0.00112639 0.00100116 0.000913365 0.000861358 
0.000997113 0.00101729 0.00107821 0.00118102 0.00132762 0.00152065 0.00176343 0.00205993 0.0024147 0.00283283 0.00331983 0.00388155 0.00452408 0.00525361 0.00607631 0.00699818 0.00802487 0.00916156 0.0104128 0.0117822 0.0132725 0.0148852 0.0166206 0.0184775 0.020453 0.0225428 0.0247407 0.0270389 0.0294276 0.0318954 0.0344293 0.0370145 0.0396348 0.0422728 0.0449098 0.0475264 0.0501023 0.0526169 0.0550494 0.057379 0.0595856 0.0616494 0.0635518 0.0652752 0.0668036 0.0681225 0.0692194 0.0700838 0.0707072 0.0710837 0.0712096 0.0710837 0.0707072 0.0700838 0.0692194 0.0681225 0.0668036 0.0652752 0.0635518 0.0616494 0.0595856 0.057379 0.0550494 0.0526169 0.0501023 0.0475264 0.0449098 0.0422728 0.0396348 0.0370145 0.0344293 0.0318954 0.0294276 0.0270389 0.0247407 0.0225428 0.020453 0.0184775 0.0166206 0.0148852 0.0132725 0.0117822 0.0104128 0.00916156 0.00802487 0.00699818 0.00607631 0.00525361 0.00452408 0.00388155 0.00331983 0.00283283 0.0024147 0.00205993 0.00176343 0.00152065 0.00132762 0.00118102 0.00107821 0.00101729 
0.00117637 0.00119998 0.00127126 0.00139153 0.00156298 0.00178861 0.00207224 0.00241842 0.00283235 0.00331983 0.00388715 0.00454096 0.00528816 0.00613578 0.00709075 0.0081598 0.00934928 0.0106649 0.0121117 0.0136935 0.0154134 0.0172726 0.0192713 0.0214078 0.0236786 0.0260784 0.0286 0.031234 0.0339692 0.0367925 0.0396886 0.0426409 0.0456307 0.0486381 0.0516421 0.0546204 0.0575503 0.0604084 0.0631713 0.0658158 0.0683191 0.0706592 0.0728152 0.0747675 0.0764982 0.0779912 0.0792325 0.0802104 0.0809157 0.0813415 0.0814839 0.0813415 0.0809157 0.0802104 0.0792325 0.0779912 0.0764982 0.0747675 0.0728152 0.0706592 0.0683191 0.0658158 0.0631713 0.0604084 0.0575503 0.0546204 0.0516421 0.0486381 0.0456307 0.0426409 0.0396886 0.0367925 0.0339692 0.031234 0.0286 0.0260784 0.0236786 0.0214078 0.0192713 0.0172726 0.0154134 0.0136935 0.0121117 0.0106649 0.00934928 0.0081598 0.00709075 0.00613578 0.00528816 0.00454096 0.00388715 0.00331983 0.00283235 0.00241842 0.00207224 0.00178861 0.00156298 0.00139153 0.00127126 0.00119998 
0.00138444 0.00141201 0.00149523 0.0016356 0.00183563 0.00209877 0.00242937 0.00283263 0.00331449 0.00388155 0.00454096 0.00530026 0.00616728 0.00714992 0.008256 0.00949307 0.0108682 0.0123876 0.0140569 0.0158803 0.0178608 0.0199997 0.0222967 0.0247498 0.0273544 0.0301045 0.0329912 0.0360038 0.0391293 0.0423524 0.0456557 0.04902 0.0524242 0.0558457 0.0592604 0.0626433 0.0659687 0.0692103 0.0723419 0.0753374 0.0781713 0.0808189 0.0832571 0.0854639 0.0874194 0.0891058 0.0905075 0.0916115 0.0924076 0.0928882 0.0930489 0.0928882 0.0924076 0.0916115 0.0905075 0.0891058 0.0874194 0.0854639 0.0832571 0.0808189 0.0781713 0.0753374 0.0723419 0.0692103 0.0659687 0.0626433 0.0592604 0.0558457 0.0524242 0.04902 0.0456557 0.0423524 0.0391293 0.0360038 0.0329912 0.0301045 0.0273544 0.0247498 0.0222967 0.0199997 0.0178608 0.0158803 0.0140569 0.0123876 0.0108682 0.00949307 0.008256 0.00714992 0.00616728 0.00530026 0.00454096 0.00388155 0.00331449 0.00283263 0.00242937 0.00209877 0.00183563 0.0016356 0.00149523 0.00141201 
0.00162402 0.00165611 0.00175295 0.00191627 0.00214892 0.00245484 0.002839 0.00330729 0.00386649 0.00452408 0.00528816 0.00616728 0.00717025 0.00830595 0.00958316 0.0110103 0.0125952 0.0143447 0.016265 0.0183604 0.0206342 0.0230875 0.0257195 0.0285275 0.0315063 0.0346482 0.0379431 0.0413785 0.0449392 0.0486077 0.0523641 0.0561865 0.0600508 0.0639315 0.0678013 0.0716322 0.075395 0.0790605 0.0825992 0.0859818 0.0891801 0.0921666 0.0949153 0.0974021 0.0996049 0.101504 0.103082 0.104324 0.10522 0.105761 0.105942 0.105761 0.10522 0.104324 0.103082 0.101504 0.0996049 0.0974021 0.0949153 0.0921666 0.0891801 0.0859818 0.0825992 0.0790605 0.075395 0.0716322 0.0678013 0.0639315 0.0600508 0.0561865 0.0523641 0.0486077 0.0449392 0.0413785 0.0379431 0.0346482 0.0315063 0.0285275 0.0257195 0.0230875 0.0206342 0.0183604 0.016265 0.0143447 0.0125952 0.0110103 0.00958316 0.00830595 0.00717025 0.00616728 0.00528816 0.00452408 0.00386649 0.00330729 0.002839 0.00245484 0.00214892 0.00191627 0.00175295 0.00165611 
0.00189789 0.0019351 0.00204737 0.00223669 0.00250629 0.00286065 0.0033054 0.00384723 0.00449381 0.00525361 0.00613578 0.00714992 0.00830595 0.00961383 0.0110833 0.0127238 0.0145439 0.0165512 0.0187522 0.0211517 0.0237528 0.0265565 0.0295617 0.0327645 0.0361589 0.0397356 0.0434829 0.0473863 0.0514282 0.0555886 0.0598448 0.0641719 0.0685427 0.0729282 0.077298 0.0816202 0.0858625 0.0899921 0.0939759 0.0977817 0.101378 0.104734 0.107821 0.110613 0.113085 0.115216 0.116985 0.118379 0.119383 0.119989 0.120191 0.119989 0.119383 0.118379 0.116985 0.115216 0.113085 0.110613 0.107821 0.104734 0.101378 0.0977817 0.0939759 0.0899921 0.0858625 0.0816202 0.077298 0.0729282 0.0685427 0.0641719 0.0598448 0.0555886 0.0514282 0.0473863 0.0434829 0.0397356 0.0361589 0.0327645 0.0295617 0.0265565 0.0237528 0.0211517 0.0187522 0.0165512 0.0145439 0.0127238 0.0110833 0.00961383 0.00830595 0.00714992 0.00613578 0.00525361 0.00449381 0.00384723 0.0033054 0.00286065 0.00250629 0.00223669 0.00204737 0.0019351 
0.00220887 0.00225184 0.0023815 0.00260007 0.00291123 0.00332004 0.00383287 0.00445728 0.00520192 0.00607631 0.00709075 0.008256 0.00958316 0.0110833 0.0127674 0.0146456 0.0167275 0.0190214 0.0215342 0.024271 0.0272348 0.0304264 0.0338439 0.0374826 0.0413351 0.0453907 0.0496355 0.0540529 0.0586227 0.0633221 0.0681254 0.0730041 0.0779278 0.0828638 0.0877779 0.0926348 0.0973981 0.102031 0.106498 0.110762 0.114789 0.118545 0.121999 0.12512 0.127883 0.130263 0.132239 0.133795 0.134916 0.135592 0.135818 0.135592 0.134916 0.133795 0.132239 0.130263 0.127883 0.12512 0.121999 0.118545 0.114789 0.110762 0.106498 0.102031 0.0973981 0.0926348 0.0877779 0.0828638 0.0779278 0.0730041 0.0681254 0.0633221 0.0586227 0.0540529 0.0496355 0.0453907 0.0413351 0.0374826 0.0338439 0.0304264 0.0272348 0.024271 0.0215342 0.0190214 0.0167275 0.0146456 0.0127674 0.0110833 0.00958316 0.008256 0.00709075 0.00607631 0.00520192 0.00445728 0.00383287 0.00332004 0.00291123 0.00260007 0.0023815 0.00225184 
0.00255977 0.00260919 0.00275828 0.00300957 0.00336718 0.00383682 0.00442566 0.0051422 0.00599614 0.00699818 0.0081598 0.00949307 0.0110103 0.0127238 0.0146456 0.016787 0.0191584 0.0217689 0.0246256 0.027734 0.0310969 0.0347147 0.0385848 0.0427013 0.0470554 0.0516344 0.0564226 0.0614004 0.0665451 0.0718307 0.0772281 0.0827052 0.0882279 0.0937596 0.0992621 0.104696 0.110021 0.115197 0.120183 0.12494 0.12943 0.133615 0.13746 0.140935 0.144009 0.146655 0.148853 0.150582 0.151828 0.15258 0.152831 0.15258 0.151828 0.150582 0.148853 0.146655 0.144009 0.140935 0.13746 0.133615 0.12943 0.12494 0.120183 0.115197 0.110021 0.104696 0.0992621 0.0937596 0.0882279 0.0827052 0.0772281 0.0718307 0.0665451 0.0614004 0.0564226 0.0516344 0.0470554 0.0427013 0.0385848 0.0347147 0.0310969 0.027734 0.0246256 0.0217689 0.0191584 0.016787 0.0146456 0.0127238 0.0110103 0.00949307 0.0081598 0.00699818 0.00599614 0.0051422 0.00442566 0.00383682 0.00336718 0.00300957 0.00275828 0.00260919 
0.00295336 0.00300994 0.00318063 0.00346826 0.00387746 0.00441464 0.00508781 0.00590649 0.00688154 0.00802487 0.00934928 0.0108682 0.0125952 0.0145439 0.0167275 0.0191584 0.021848 0.0248057 0.0280394 0.0315545 0.0353538 0.0394369 0.0438003 0.0484372 0.0533366 0.0584841 0.0638613 0.0694461 0.0752125 0.0811312 0.0871692 0.0932909 0.0994578 0.105629 0.111763 0.117815 0.123741 0.129497 0.135038 0.14032 0.145303 0.149944 0.154207 0.158057 0.161461 0.164391 0.166823 0.168736 0.170114 0.170945 0.171223 0.170945 0.170114 0.168736 0.166823 0.164391 0.161461 0.158057 0.154207 0.149944 0.145303 0.14032 0.135038 0.129497 0.123741 0.117815 0.111763 0.105629 0.0994578 0.0932909 0.0871692 0.0811312 0.0752125 0.0694461 0.0638613 0.0584841 0.0533366 0.0484372 0.0438003 0.0394369 0.0353538 0.0315545 0.0280394 0.0248057 0.021848 0.0191584 0.0167275 0.0145439 0.0125952 0.0108682 0.00934928 0.00802487 0.00688154 0.00590649 0.00508781 0.00441464 0.00387746 0.00346826 0.00318063 0.00300994 
0.00339222 0.00345672 0.00365128 0.00397905 0.00444522 0.00505691 0.00582309 0.00675436 0.00786277 0.00916156 0.0106649 0.0123876 0.0143447 0.0165512 0.0190214 0.0217689 0.0248057 0.0281422 0.0317865 0.035744 0.0400172 0.0446051 0.0495031 0.0547027 0.0601913 0.0659521 0.0719639 0.0782016 0.0846359 0.0912335 0.0979578 0.104769 0.111624 0.118478 0.125284 0.131993 0.138558 0.144929 0.151058 0.156896 0.1624 0.167523 0.172227 0.176471 0.180223 0.183452 0.18613 0.188237 0.189754 0.19067 0.190976 0.19067 0.189754 0.188237 0.18613 0.183452 0.180223 0.176471 0.172227 0.167523 0.1624 0.156896 0.151058 0.144929 0.138558 0.131993 0.125284 0.118478 0.111624 0.104769 0.0979578 0.0912335 0.0846359 0.0782016 0.0719639 0.0659521 0.0601913 0.0547027 0.0495031 0.0446051 0.0400172 0.035744 0.0317865 0.0281422 0.0248057 0.0217689 0.0190214 0.0165512 0.0143447 0.0123876 0.0106649 0.00916156 0.00786277 0.00675436 0.00582309 0.00505691 0.00444522 0.00397905 0.00365128 0.00345672 
0.00387876 0.00395196 0.00417273 0.00454458 0.00507327 0.00576674 0.0066349 0.00768951 0.00894392 0.0104128 0.0121117 0.0140569 0.016265 0.0187522 0.0215342 0.0246256 0.0280394 0.0317865 0.0358752 0.040311 0.0450959 0.050228 0.0557015 0.0615062 0.0676273 0.0740454 0.0807365 0.087672 0.0948189 0.10214 0.109594 0.117138 0.124723 0.1323 0.139817 0.147221 0.154459 0.161478 0.168225 0.174648 0.180698 0.186327 0.191492 0.19615 0.200266 0.203806 0.206742 0.209051 0.210713 0.211716 0.212051 0.211716 0.210713 0.209051 0.206742 0.203806 0.200266 0.19615 0.191492 0.186327 0.180698 0.174648 0.168225 0.161478 0.154459 0.147221 0.139817 0.1323 0.124723 0.117138 0.109594 0.10214 0.0948189 0.087672 0.0807365 0.0740454 0.0676273 0.0615062 0.0557015 0.050228 0.0450959 0.040311 0.0358752 0.0317865 0.0280394 0.0246256 0.0215342 0.0187522 0.016265 0.0140569 0.0121117 0.0104128 0.00894392 0.00768951 0.0066349 0.00576674 0.00507327 0.00454458 0.00417273 0.00395196 
0.00441508 0.00449778 0.00474718 0.00516716 0.00576409 0.00654674 0.00752608 0.00871507 0.0101284 0.0117822 0.0136935 0.0158803 0.0183604 0.0211517 0.024271 0.027734 0.0315545 0.035744 0.040311 0.0452608 0.0505948 0.0563101 0.0623995 0.0688506 0.0756465 0.0827648 0.0901784 0.0978549 0.105757 0.113845 0.122071 0.130387 0.138741 0.147078 0.155342 0.163475 0.171419 0.179116 0.186508 0.193541 0.200161 0.206316 0.211959 0.217048 0.221541 0.225404 0.228607 0.231125 0.232937 0.23403 0.234396 0.23403 0.232937 0.231125 0.228607 0.225404 0.221541 0.217048 0.211959 0.206316 0.200161 0.193541 0.186508 0.179116 0.171419 0.163475 0.155342 0.147078 0.138741 0.130387 0.122071 0.113845 0.105757 0.0978549 0.0901784 0.0827648 0.0756465 0.0688506 0.0623995 0.0563101 0.0505948 0.0452608 0.040311 0.035744 0.0315545 0.027734 0.024271 0.0211517 0.0183604 0.0158803 0.0136935 0.0117822 0.0101284 0.00871507 0.00752608 0.00654674 0.00576409 0.00516716 0.00474718 0.00449778 
0.00500293 0.00509595 0.00537643 0.00584865 0.00651964 0.00739902 0.00849886 0.0098334 0.0114187 0.0132725 0.0154134 0.0178608 0.0206342 0.0237528 0.0272348 0.0310969 0.0353538 0.0400172 0.0450959 0.0505948 0.0565145 0.0628511 0.0695954 0.0767332 0.0842445 0.0921042 0.100281 0.10874 0.117439 0.126332 0.135368 0.144495 0.153654 0.162786 0.171829 0.180721 0.189399 0.1978 0.205862 0.213526 0.220734 0.227433 0.233571 0.239102 0.243984 0.24818 0.251657 0.254389 0.256356 0.257542 0.257938 0.257542 0.256356 0.254389 0.251657 0.24818 0.243984 0.239102 0.233571 0.227433 0.220734 0.213526 0.205862 0.1978 0.189399 0.180721 0.171829 0.162786 0.153654 0.144495 0.135368 0.126332 0.117439 0.10874 0.100281 0.0921042 0.0842445 0.0767332 0.0695954 0.0628511 0.0565145 0.0505948 0.0450959 0.0400172 0.0353538 0.0310969 0.0272348 0.0237528 0.0206342 0.0178608 0.0154134 0.0132725 0.0114187 0.0098334 0.00849886 0.00739902 0.00651964 0.00584865 0.00537643 0.00509595 
0.00564361 0.00574776 0.00606181 0.00659043 0.00734131 0.00832502 0.00955474 0.011046 0.0128165 0.0148852 0.0172726 0.0199997 0.0230875 0.0265565 0.0304264 0.0347147 0.0394369 0.0446051 0.050228 0.0563101 0.0628511 0.0698455 0.0772824 0.0851449 0.0934104 0.10205 0.11103 0.120309 0.129841 0.139576 0.149459 0.159429 0.169426 0.179383 0.189234 0.198911 0.208347 0.217474 0.226225 0.234538 0.242352 0.249607 0.256252 0.262236 0.267515 0.27205 0.275807 0.278758 0.280882 0.282163 0.282591 0.282163 0.280882 0.278758 0.275807 0.27205 0.267515 0.262236 0.256252 0.249607 0.242352 0.234538 0.226225 0.217474 0.208347 0.198911 0.189234 0.179383 0.169426 0.159429 0.149459 0.139576 0.129841 0.120309 0.11103 0.10205 0.0934104 0.0851449 0.0772824 0.0698455 0.0628511 0.0563101 0.050228 0.0446051 0.0394369 0.0347147 0.0304264 0.0265565 0.0230875 0.0199997 0.0172726 0.0148852 0.0128165 0.011046 0.00955474 0.00832502 0.00734131 0.00659043 0.00606181 0.00574776 
0.0063379 0.00645402 0.0068041 0.00739325 0.00822986 0.00932543 0.0106943 0.0123535 0.014322 0.0166206 0.0192713 0.0222967 0.0257195 0.0295617 0.0338439 0.0385848 0.0438003 0.0495031 0.0557015 0.0623995 0.0695954 0.0772824 0.0854471 0.0940703 0.103126 0.112582 0.122399 0.132533 0.142933 0.153542 0.164302 0.175146 0.186008 0.196816 0.207498 0.217983 0.228196 0.238066 0.247523 0.256499 0.264929 0.272751 0.279911 0.286355 0.292036 0.296915 0.300955 0.304128 0.306411 0.307787 0.308247 0.307787 0.306411 0.304128 0.300955 0.296915 0.292036 0.286355 0.279911 0.272751 0.264929 0.256499 0.247523 0.238066 0.228196 0.217983 0.207498 0.196816 0.186008 0.175146 0.164302 0.153542 0.142933 0.132533 0.122399 0.112582 0.103126 0.0940703 0.0854471 0.0772824 0.0695954 0.0623995 0.0557015 0.0495031 0.0438003 0.0385848 0.0338439 0.0295617 0.0257195 0.0222967 0.0192713 0.0166206 0.014322 0.0123535 0.0106943 0.00932543 0.00822986 0.00739325 0.0068041 0.00645402 
0.00708601 0.00721491 0.00760345 0.00825719 0.00918526 0.0104001 0.0119174 0.0137553 0.0159345 0.0184775 0.0214078 0.0247498 0.0285275 0.0327645 0.0374826 0.0427013 0.0484372 0.0547027 0.0615062 0.0688506 0.0767332 0.0851449 0.0940703 0.103487 0.113365 0.12367 0.134356 0.145376 0.156673 0.168186 0.179849 0.191591 0.203341 0.215021 0.226554 0.237862 0.248867 0.259494 0.269666 0.279314 0.288367 0.296763 0.304441 0.311349 0.317436 0.32266 0.326985 0.33038 0.332822 0.334294 0.334786 0.334294 0.332822 0.33038 0.326985 0.32266 0.317436 0.311349 0.304441 0.296763 0.288367 0.279314 0.269666 0.259494 0.248867 0.237862 0.226554 0.215021 0.203341 0.191591 0.179849 0.168186 0.156673 0.145376 0.134356 0.12367 0.113365 0.103487 0.0940703 0.0851449 0.0767332 0.0688506 0.0615062 0.0547027 0.0484372 0.0427013 0.0374826 0.0327645 0.0285275 0.0247498 0.0214078 0.0184775 0.0159345 0.0137553 0.0119174 0.0104001 0.00918526 0.00825719 0.00760345 0.00721491 
0.00788748 0.00802994 0.00845931 0.0091816 0.0102067 0.011548 0.0132224 0.0152496 0.0176518 0.020453 0.0236786 0.0273544 0.0315063 0.0361589 0.0413351 0.0470554 0.0533366 0.0601913 0.0676273 0.0756465 0.0842445 0.0934104 0.103126 0.113365 0.124096 0.135277 0.14686 0.158792 0.171011 0.18345 0.196038 0.208699 0.221354 0.233921 0.246318 0.258461 0.270268 0.281658 0.292552 0.302875 0.312555 0.321526 0.329724 0.337094 0.343586 0.349155 0.353763 0.35738 0.359981 0.361548 0.362072 0.361548 0.359981 0.35738 0.353763 0.349155 0.343586 0.337094 0.329724 0.321526 0.312555 0.302875 0.292552 0.281658 0.270268 0.258461 0.246318 0.233921 0.221354 0.208699 0.196038 0.18345 0.171011 0.158792 0.14686 0.135277 0.124096 0.113365 0.103126 0.0934104 0.0842445 0.0756465 0.0676273 0.0601913 0.0533366 0.0470554 0.0413351 0.0361589 0.0315063 0.0273544 0.0236786 0.020453 0.0176518 0.0152496 0.0132224 0.011548 0.0102067 0.0091816 0.00845931 0.00802994 
0.00874114 0.00889791 0.00937037 0.010165 0.0112924 0.012767 0.014607 0.0168335 0.0194702 0.0225428 0.0260784 0.0301045 0.0346482 0.0397356 0.0453907 0.0516344 0.0584841 0.0659521 0.0740454 0.0827648 0.0921042 0.10205 0.112582 0.12367 0.135277 0.147358 0.159861 0.172726 0.185887 0.19927 0.2128 0.226393 0.239965 0.25343 0.266698 0.279682 0.292295 0.30445 0.316067 0.327064 0.337369 0.346911 0.355626 0.363456 0.370348 0.376258 0.381146 0.384982 0.387739 0.3894 0.389955 0.3894 0.387739 0.384982 0.381146 0.376258 0.370348 0.363456 0.355626 0.346911 0.337369 0.327064 0.316067 0.30445 0.292295 0.279682 0.266698 0.25343 0.239965 0.226393 0.2128 0.19927 0.185887 0.172726 0.159861 0.147358 0.135277 0.12367 0.112582 0.10205 0.0921042 0.0827648 0.0740454 0.0659521 0.0584841 0.0516344 0.0453907 0.0397356 0.0346482 0.0301045 0.0260784 0.0225428 0.0194702 0.0168335 0.014607 0.012767 0.0112924 0.010165 0.00937037 0.00889791 
0.00964506 0.00981684 0.0103345 0.011205 0.0124397 0.0140541 0.0160675 0.0185025 0.0213845 0.0247407 0.0286 0.0329912 0.0379431 0.0434829 0.0496355 0.0564226 0.0638613 0.0719639 0.0807365 0.0901784 0.100281 0.11103 0.122399 0.134356 0.14686 0.159861 0.173302 0.187116 0.201233 0.215573 0.230054 0.244587 0.259083 0.273449 0.28759 0.301415 0.314832 0.32775 0.340083 0.35175 0.362673 0.372779 0.382003 0.390285 0.397571 0.403816 0.408979 0.413028 0.415938 0.417692 0.418278 0.417692 0.415938 0.413028 0.408979 0.403816 0.397571 0.390285 0.382003 0.372779 0.362673 0.35175 0.340083 0.32775 0.314832 0.301415 0.28759 0.273449 0.259083 0.244587 0.230054 0.215573 0.201233 0.187116 0.173302 0.159861 0.14686 0.134356 0.122399 0.11103 0.100281 0.0901784 0.0807365 0.0719639 0.0638613 0.0564226 0.0496355 0.0434829 0.0379431 0.0329912 0.0286 0.0247407 0.0213845 0.0185025 0.0160675 0.0140541 0.0124397 0.011205 0.0103345 0.00981684 
0.0105965 0.0107839 0.0113488 0.0122984 0.0136449 0.0154049 0.0175989 0.020251 0.023388 0.0270389 0.031234 0.0360038 0.0413785 0.0473863 0.0540529 0.0614004 0.0694461 0.0782016 0.087672 0.0978549 0.10874 0.120309 0.132533 0.145376 0.158792 0.172726 0.187116 0.201891 0.216971 0.232275 0.247711 0.263187 0.278607 0.293872 0.308883 0.323543 0.337756 0.351427 0.364469 0.376794 0.388323 0.398983 0.408705 0.417428 0.425098 0.431668 0.437098 0.441355 0.444413 0.446256 0.446871 0.446256 0.444413 0.441355 0.437098 0.431668 0.425098 0.417428 0.408705 0.398983 0.388323 0.376794 0.364469 0.351427 0.337756 0.323543 0.308883 0.293872 0.278607 0.263187 0.247711 0.232275 0.216971 0.201891 0.187116 0.172726 0.158792 0.145376 0.132533 0.120309 0.10874 0.0978549 0.087672 0.0782016 0.0694461 0.0614004 0.0540529 0.0473863 0.0413785 0.0360038 0.031234 0.0270389 0.023388 0.020251 0.0175989 0.0154049 0.0136449 0.0122984 0.0113488 0.0107839 
0.0115919 0.0117956 0.0124093 0.013441 0.0149034 0.0168142 0.0191951 0.0220717 0.0254724 0.0294276 0.0339692 0.0391293 0.0449392 0.0514282 0.0586227 0.0665451 0.0752125 0.0846359 0.0948189 0.105757 0.117439 0.129841 0.142933 0.156673 0.171011 0.185887 0.201233 0.216971 0.233019 0.249286 0.265677 0.282092 0.298429 0.314585 0.330456 0.34594 0.360936 0.375347 0.389081 0.402049 0.41417 0.425367 0.435572 0.444722 0.452763 0.459647 0.465334 0.469791 0.472992 0.47492 0.475564 0.47492 0.472992 0.469791 0.465334 0.459647 0.452763 0.444722 0.435572 0.425367 0.41417 0.402049 0.389081 0.375347 0.360936 0.34594 0.330456 0.314585 0.298429 0.282092 0.265677 0.249286 0.233019 0.216971 0.201233 0.185887 0.171011 0.156673 0.142933 0.129841 0.117439 0.105757 0.0948189 0.0846359 0.0752125 0.0665451 0.0586227 0.0514282 0.0449392 0.0391293 0.0339692 0.0294276 0.0254724 0.0220717 0.0191951 0.0168142 0.0149034 0.013441 0.0124093 0.0117956 
0.0126269 0.0128473 0.0135114 0.0146276 0.0162094 0.0182755 0.0208488 0.0239563 0.0276278 0.0318954 0.0367925 0.0423524 0.0486077 0.0555886 0.0633221 0.0718307 0.0811312 0.0912335 0.10214 0.113845 0.126332 0.139576 0.153542 0.168186 0.18345 0.19927 0.215573 0.232275 0.249286 0.266511 0.283848 0.301191 0.318434 0.335468 0.352183 0.368473 0.384235 0.399367 0.413773 0.427365 0.440057 0.451773 0.462442 0.472003 0.480399 0.487583 0.493515 0.498163 0.5015 0.50351 0.504181 0.50351 0.5015 0.498163 0.493515 0.487583 0.480399 0.472003 0.462442 0.451773 0.440057 0.427365 0.413773 0.399367 0.384235 0.368473 0.352183 0.335468 0.318434 0.301191 0.283848 0.266511 0.249286 0.232275 0.215573 0.19927 0.18345 0.168186 0.153542 0.139576 0.126332 0.113845 0.10214 0.0912335 0.0811312 0.0718307 0.0633221 0.0555886 0.0486077 0.0423524 0.0367925 0.0318954 0.0276278 0.0239563 0.0208488 0.0182755 0.0162094 0.0146276 0.0135114 0.0128473 
0.0136961 0.0139337 0.0146495 0.0158522 0.0175563 0.0197813 0.0225513 0.0258948 0.0298429 0.0344293 0.0396886 0.0456557 0.0523641 0.0598448 0.0681254 0.0772281 0.0871692 0.0979578 0.109594 0.122071 0.135368 0.149459 0.164302 0.179849 0.196038 0.2128 0.230054 0.247711 0.265677 0.283848 0.302117 0.320374 0.338504 0.356396 0.373934 0.391009 0.407513 0.423342 0.438397 0.452588 0.465828 0.47804 0.489153 0.499103 0.507837 0.515305 0.521469 0.526297 0.529763 0.531849 0.532546 0.531849 0.529763 0.526297 0.521469 0.515305 0.507837 0.499103 0.489153 0.47804 0.465828 0.452588 0.438397 0.423342 0.407513 0.391009 0.373934 0.356396 0.338504 0.320374 0.302117 0.283848 0.265677 0.247711 0.230054 0.2128 0.196038 0.179849 0.164302 0.149459 0.135368 0.122071 0.109594 0.0979578 0.0871692 0.0772281 0.0681254 0.0598448 0.0523641 0.0456557 0.0396886 0.0344293 0.0298429 0.0258948 0.0225513 0.0197813 0.0175563 0.0158522 0.0146495 0.0139337 
0.0147937 0.0150488 0.0158171 0.017108 0.0189364 0.0213229 0.0242929 0.027876 0.0321048 0.0370145 0.0426409 0.04902 0.0561865 0.0641719 0.0730041 0.0827052 0.0932909 0.104769 0.117138 0.130387 0.144495 0.159429 0.175146 0.191591 0.208699 0.226393 0.244587 0.263187 0.282092 0.301191 0.320374 0.339522 0.358517 0.377242 0.395578 0.41341 0.430628 0.447126 0.462803 0.477565 0.491327 0.504009 0.51554 0.525859 0.53491 0.542645 0.549027 0.554023 0.557609 0.559767 0.560488 0.559767 0.557609 0.554023 0.549027 0.542645 0.53491 0.525859 0.51554 0.504009 0.491327 0.477565 0.462803 0.447126 0.430628 0.41341 0.395578 0.377242 0.358517 0.339522 0.320374 0.301191 0.282092 0.263187 0.244587 0.226393 0.208699 0.191591 0.175146 0.159429 0.144495 0.130387 0.117138 0.104769 0.0932909 0.0827052 0.0730041 0.0641719 0.0561865 0.04902 0.0426409 0.0370145 0.0321048 0.027876 0.0242929 0.0213229 0.0189364 0.017108 0.0158171 0.0150488 
0.0159128 0.0161855 0.017007 0.0183869 0.020341 0.0228908 0.0260627 0.0298876 0.0343995 0.0396348 0.0456307 0.0524242 0.0600508 0.0685427 0.0779278 0.0882279 0.0994578 0.111624 0.124723 0.138741 0.153654 0.169426 0.186008 0.203341 0.221354 0.239965 0.259083 0.278607 0.298429 0.318434 0.338504 0.358517 0.378349 0.397878 0.41698 0.435539 0.45344 0.470575 0.486841 0.502144 0.516398 0.529522 0.541447 0.552109 0.561456 0.56944 0.576023 0.581175 0.584871 0.587096 0.587838 0.587096 0.584871 0.581175 0.576023 0.56944 0.561456 0.552109 0.541447 0.529522 0.516398 0.502144 0.486841 0.470575 0.45344 0.435539 0.41698 0.397878 0.378349 0.358517 0.338504 0.318434 0.298429 0.278607 0.259083 0.239965 0.221354 0.203341 0.186008 0.169426 0.153654 0.138741 0.124723 0.111624 0.0994578 0.0882279 0.0779278 0.0685427 0.0600508 0.0524242 0.0456307 0.0396348 0.0343995 0.0298876 0.0260627 0.0228908 0.020341 0.0183869 0.017007 0.0161855 
0.0170458 0.0173363 0.0182112 0.0196805 0.0217608 0.0244744 0.0278488 0.0319161 0.0367116 0.0422728 0.0486381 0.0558457 0.0639315 0.0729282 0.0828638 0.0937596 0.105629 0.118478 0.1323 0.147078 0.162786 0.179383 0.196816 0.215021 0.233921 0.25343 0.273449 0.293872 0.314585 0.335468 0.356396 0.377242 0.397878 0.418176 0.43801 0.45726 0.475809 0.493546 0.510368 0.526179 0.540892 0.554428 0.566718 0.577699 0.587318 0.595531 0.602299 0.607594 0.611392 0.613677 0.614439 0.613677 0.611392 0.607594 0.602299 0.595531 0.587318 0.577699 0.566718 0.554428 0.540892 0.526179 0.510368 0.493546 0.475809 0.45726 0.43801 0.418176 0.397878 0.377242 0.356396 0.335468 0.314585 0.293872 0.273449 0.25343 0.233921 0.215021 0.196816 0.179383 0.162786 0.147078 0.1323 0.118478 0.105629 0.0937596 0.0828638 0.0729282 0.0639315 0.0558457 0.0486381 0.0422728 0.0367116 0.0319161 0.0278488 0.0244744 0.0217608 0.0196805 0.0182112 0.0173363 
0.0181847 0.0184929 0.019421 0.0209796 0.0231856 0.0260625 0.0296386 0.0339472 0.0390247 0.0449098 0.0516421 0.0592604 0.0678013 0.077298 0.0877779 0.0992621 0.111763 0.125284 0.139817 0.155342 0.171829 0.189234 0.207498 0.226554 0.246318 0.266698 0.28759 0.308883 0.330456 0.352183 0.373934 0.395578 0.41698 0.43801 0.458539 0.478442 0.4976 0.515902 0.533243 0.549526 0.564666 0.578583 0.591208 0.602481 0.61235 0.62077 0.627707 0.633131 0.637021 0.63936 0.640141 0.63936 0.637021 0.633131 0.627707 0.62077 0.61235 0.602481 0.591208 0.578583 0.564666 0.549526 0.533243 0.515902 0.4976 0.478442 0.458539 0.43801 0.41698 0.395578 0.373934 0.352183 0.330456 0.308883 0.28759 0.266698 0.246318 0.226554 0.207498 0.189234 0.171829 0.155342 0.139817 0.125284 0.111763 0.0992621 0.0877779 0.077298 0.0678013 0.0592604 0.0516421 0.0449098 0.0390247 0.0339472 0.0296386 0.0260625 0.0231856 0.0209796 0.019421 0.0184929 
0.0193206 0.0196463 0.0206272 0.0222741 0.0246047 0.027643 0.0314186 0.0359656 0.0413216 0.0475264 0.0546204 0.0626433 0.0716322 0.0816202 0.0926348 0.104696 0.117815 0.131993 0.147221 0.163475 0.180721 0.198911 0.217983 0.237862 0.258461 0.279682 0.301415 0.323543 0.34594 0.368473 0.391009 0.41341 0.435539 0.45726 0.478442 0.498957 0.518685 0.537512 0.555333 0.572053 0.587585 0.60185 0.614781 0.626319 0.636413 0.645021 0.652109 0.657649 0.66162 0.664009 0.664806 0.664009 0.66162 0.657649 0.652109 0.645021 0.636413 0.626319 0.614781 0.60185 0.587585 0.572053 0.555333 0.537512 0.518685 0.498957 0.478442 0.45726 0.435539 0.41341 0.391009 0.368473 0.34594 0.323543 0.301415 0.279682 0.258461 0.237862 0.217983 0.198911 0.180721 0.163475 0.147221 0.131993 0.117815 0.104696 0.0926348 0.0816202 0.0716322 0.0626433 0.0546204 0.0475264 0.0413216 0.0359656 0.0314186 0.027643 0.0246047 0.0222741 0.0206272 0.0196463 
0.0204445 0.0207875 0.0218202 0.0235538 0.0260066 0.0292034 0.0331747 0.0379555 0.0435845 0.0501023 0.0575503 0.0659687 0.075395 0.0858625 0.0973981 0.110021 0.123741 0.138558 0.154459 0.171419 0.189399 0.208347 0.228196 0.248867 0.270268 0.292295 0.314832 0.337756 0.360936 0.384235 0.407513 0.430628 0.45344 0.475809 0.4976 0.518685 0.53894 0.558252 0.576515 0.593634 0.609522 0.624103 0.63731 0.649086 0.659382 0.668157 0.675379 0.681021 0.685065 0.687496 0.688308 0.687496 0.685065 0.681021 0.675379 0.668157 0.659382 0.649086 0.63731 0.624103 0.609522 0.593634 0.576515 0.558252 0.53894 0.518685 0.4976 0.475809 0.45344 0.430628 0.407513 0.384235 0.360936 0.337756 0.314832 0.292295 0.270268 0.248867 0.228196 0.208347 0.189399 0.171419 0.154459 0.138558 0.123741 0.110021 0.0973981 0.0858625 0.075395 0.0659687 0.0575503 0.0501023 0.0435845 0.0379555 0.0331747 0.0292034 0.0260066 0.0235538 0.0218202 0.0207875 
0.0215469 0.0219066 0.0229898 0.0248079 0.0273798 0.0307309 0.0348926 0.0399008 0.045795 0.0526169 0.0604084 0.0692103 0.0790605 0.0899921 0.102031 0.115197 0.129497 0.144929 0.161478 0.179116 0.1978 0.217474 0.238066 0.259494 0.281658 0.30445 0.32775 0.351427 0.375347 0.399367 0.423342 0.447126 0.470575 0.493546 0.515902 0.537512 0.558252 0.578008 0.596673 0.614154 0.630364 0.645228 0.658681 0.670668 0.681142 0.690064 0.697404 0.703136 0.707242 0.709711 0.710535 0.709711 0.707242 0.703136 0.697404 0.690064 0.681142 0.670668 0.658681 0.645228 0.630364 0.614154 0.596673 0.578008 0.558252 0.537512 0.515902 0.493546 0.470575 0.447126 0.423342 0.399367 0.375347 0.351427 0.32775 0.30445 0.281658 0.259494 0.238066 0.217474 0.1978 0.179116 0.161478 0.144929 0.129497 0.115197 0.102031 0.0899921 0.0790605 0.0692103 0.0604084 0.0526169 0.045795 0.0399008 0.0348926 0.0307309 0.0273798 0.0248079 0.0229898 0.0219066 
0.022618 0.022994 0.0241259 0.0260256 0.0287124 0.0322124 0.0365577 0.041785 0.0479348 0.0550494 0.0631713 0.0723419 0.0825992 0.0939759 0.106498 0.120183 0.135038 0.151058 0.168225 0.186508 0.205862 0.226225 0.247523 0.269666 0.292552 0.316067 0.340083 0.364469 0.389081 0.413773 0.438397 0.462803 0.486841 0.510368 0.533243 0.555333 0.576515 0.596673 0.615702 0.633507 0.650005 0.665121 0.678792 0.690964 0.701594 0.710644 0.718084 0.723894 0.728054 0.730555 0.73139 0.730555 0.728054 0.723894 0.718084 0.710644 0.701594 0.690964 0.678792 0.665121 0.650005 0.633507 0.615702 0.596673 0.576515 0.555333 0.533243 0.510368 0.486841 0.462803 0.438397 0.413773 0.389081 0.364469 0.340083 0.316067 0.292552 0.269666 0.247523 0.226225 0.205862 0.186508 0.168225 0.151058 0.135038 0.120183 0.106498 0.0939759 0.0825992 0.0723419 0.0631713 0.0550494 0.0479348 0.041785 0.0365577 0.0322124 0.0287124 0.0260256 0.0241259 0.022994 
0.0236482 0.0240397 0.0252182 0.0271959 0.0299925 0.0336347 0.0381553 0.0435919 0.0499855 0.057379 0.0658158 0.0753374 0.0859818 0.0977817 0.110762 0.12494 0.14032 0.156896 0.174648 0.193541 0.213526 0.234538 0.256499 0.279314 0.302875 0.327064 0.35175 0.376794 0.402049 0.427365 0.452588 0.477565 0.502144 0.526179 0.549526 0.572053 0.593634 0.614154 0.633507 0.651601 0.668353 0.68369 0.697551 0.709885 0.720649 0.729808 0.737335 0.74321 0.747416 0.749944 0.750788 0.749944 0.747416 0.74321 0.737335 0.729808 0.720649 0.709885 0.697551 0.68369 0.668353 0.651601 0.633507 0.614154 0.593634 0.572053 0.549526 0.526179 0.502144 0.477565 0.452588 0.427365 0.402049 0.376794 0.35175 0.327064 0.302875 0.279314 0.256499 0.234538 0.213526 0.193541 0.174648 0.156896 0.14032 0.12494 0.110762 0.0977817 0.0859818 0.0753374 0.0658158 0.057379 0.0499855 0.0435919 0.0381553 0.0336347 0.0299925 0.0271959 0.0252182 0.0240397 
0.0246278 0.0250339 0.0262565 0.0283079 0.0312083 0.034985 0.0396712 0.0453053 0.0519289 0.0595856 0.0683191 0.0781713 0.0891801 0.101378 0.114789 0.12943 0.145303 0.1624 0.180698 0.200161 0.220734 0.242352 0.264929 0.288367 0.312555 0.337369 0.362673 0.388323 0.41417 0.440057 0.465828 0.491327 0.516398 0.540892 0.564666 0.587585 0.609522 0.630364 0.650005 0.668353 0.685326 0.700855 0.714881 0.727353 0.738231 0.747483 0.755083 0.761012 0.765257 0.767807 0.768658 0.767807 0.765257 0.761012 0.755083 0.747483 0.738231 0.727353 0.714881 0.700855 0.685326 0.668353 0.650005 0.630364 0.609522 0.587585 0.564666 0.540892 0.516398 0.491327 0.465828 0.440057 0.41417 0.388323 0.362673 0.337369 0.312555 0.288367 0.264929 0.242352 0.220734 0.200161 0.180698 0.1624 0.145303 0.12943 0.114789 0.101378 0.0891801 0.0781713 0.0683191 0.0595856 0.0519289 0.0453053 0.0396712 0.034985 0.0312083 0.0283079 0.0262565 0.0250339 
