5.51795e-28 1.57447e-27 8.16703e-27 4.21377e-26 2.10193e-25 1.01256e-24 4.70942e-24 2.1143e-23 9.16061e-23 3.82962e-22 1.54447e-21 6.00802e-21 2.25399e-20 8.15456e-20 2.84484e-19 9.57017e-19 3.10461e-18 9.71313e-18 2.93115e-17 8.53333e-17 2.39713e-16 6.49909e-16 1.70095e-15 4.29828e-15 1.04889e-14 2.47195e-14 5.62669e-14 1.237e-13 2.62648e-13 5.38559e-13 1.06636e-12 2.03862e-12 3.7624e-12 6.70205e-12 1.15201e-11 1.91018e-11 3.05403e-11 4.70579e-11 6.98403e-11 9.97813e-11 1.37173e-10 1.81421e-10 2.3089e-10 2.82995e-10 3.34549e-10 3.82312e-10 4.23547e-10 4.56398e-10 4.79951e-10 4.93998e-10 4.98653e-10 4.93998e-10 4.79951e-10 4.56398e-10 4.23547e-10 3.82312e-10 3.34549e-10 2.82995e-10 2.3089e-10 1.81421e-10 1.37173e-10 9.97813e-11 6.98403e-11 4.70579e-11 3.05403e-11 1.91018e-11 1.15201e-11 6.70205e-12 3.7624e-12 2.03862e-12 1.06636e-12 5.38559e-13 2.62648e-13 1.237e-13 5.62669e-14 2.47195e-14 1.04889e-14 4.29828e-15 1.70095e-15 6.49909e-16 2.39713e-16 8.53333e-17 2.93115e-17 9.71313e-18 3.10461e-18 9.57017e-19 2.84484e-19 8.15456e-20 2.25399e-20 6.00802e-21 1.54447e-21 3.82962e-22 9.16061e-23 2.1143e-23 4.70942e-24 1.01256e-24 2.10193e-25 4.21377e-26 8.16703e-27 1.57447e-27 
1.57447e-27 4.45337e-27 2.28772e-26 1.16974e-25 5.78361e-25 2.76201e-24 1.27366e-23 5.66995e-23 2.43617e-22 1.01005e-21 4.04015e-21 1.55882e-20 5.80065e-20 2.08156e-19 7.20288e-19 2.40336e-18 7.73288e-18 2.39945e-17 7.18105e-17 2.07324e-16 5.77554e-16 1.5528e-15 4.03019e-15 1.00999e-14 2.44441e-14 5.71422e-14 1.29034e-13 2.81472e-13 5.93118e-13 1.20726e-12 2.37345e-12 4.50646e-12 8.26245e-12 1.46261e-11 2.4992e-11 4.12089e-11 6.55437e-11 1.00511e-10 1.48524e-10 2.11374e-10 2.89594e-10 3.81884e-10 4.84815e-10 5.93017e-10 6.99913e-10 7.98837e-10 8.84178e-10 9.52134e-10 1.00084e-09 1.02989e-09 1.03952e-09 1.02989e-09 1.00084e-09 9.52134e-10 8.84178e-10 7.98837e-10 6.99913e-10 5.93017e-10 4.84815e-10 3.81884e-10 2.89594e-10 2.11374e-10 1.48524e-10 1.00511e-10 6.55437e-11 4.12089e-11 2.4992e-11 1.46261e-11 8.26245e-12 4.50646e-12 2.37345e-12 1.20726e-12 5.93118e-13 2.81472e-13 1.29034e-13 5.71422e-14 2.44441e-14 1.00999e-14 4.03019e-15 1.5528e-15 5.77554e-16 2.07324e-16 7.18105e-17 2.39945e-17 7.73288e-18 2.40336e-18 7.20288e-19 2.08156e-19 5.80065e-20 1.55882e-20 4.04015e-21 1.01005e-21 2.43617e-22 5.66995e-23 1.27366e-23 2.76201e-24 5.78361e-25 1.16974e-25 2.28772e-26 4.45337e-27 
8.16703e-27 2.28772e-26 1.16258e-25 5.88488e-25 2.88108e-24 1.36254e-23 6.22291e-23 2.74398e-22 1.16789e-21 4.7969e-21 1.90089e-20 7.26618e-20 2.67877e-19 9.52334e-19 3.26458e-18 1.07904e-17 3.4389e-17 1.05685e-16 3.13237e-16 8.95525e-16 2.47017e-15 6.57552e-15 1.68968e-14 4.19238e-14 1.00462e-13 2.32544e-13 5.20037e-13 1.12362e-12 2.34571e-12 4.73137e-12 9.22018e-12 1.73579e-11 3.15655e-11 5.54409e-11 9.40298e-11 1.53958e-10 2.43272e-10 3.70801e-10 5.44914e-10 7.71674e-10 1.05264e-09 1.38289e-09 1.75006e-09 2.13505e-09 2.51464e-09 2.86541e-09 3.1677e-09 3.40825e-09 3.5806e-09 3.68337e-09 3.71742e-09 3.68337e-09 3.5806e-09 3.40825e-09 3.1677e-09 2.86541e-09 2.51464e-09 2.13505e-09 1.75006e-09 1.38289e-09 1.05264e-09 7.71674e-10 5.44914e-10 3.70801e-10 2.43272e-10 1.53958e-10 9.40298e-11 5.54409e-11 3.15655e-11 1.73579e-11 9.22018e-12 4.73137e-12 2.34571e-12 1.12362e-12 5.20037e-13 2.32544e-13 1.00462e-13 4.19238e-14 1.68968e-14 6.57552e-15 2.47017e-15 8.95525e-16 3.13237e-16 1.05685e-16 3.4389e-17 1.07904e-17 3.26458e-18 9.52334e-19 2.67877e-19 7.26618e-20 1.90089e-20 4.7969e-21 1.16789e-21 2.74398e-22 6.22291e-23 1.36254e-23 2.88108e-24 5.88488e-25 1.16258e-25 2.28772e-26 
4.21377e-26 1.16974e-25 5.88488e-25 2.95107e-24 1.43155e-23 6.70906e-23 3.03681e-22 1.32726e-21 5.59972e-21 2.28e-20 8.95696e-20 3.39428e-19 1.24055e-18 4.37216e-18 1.48575e-17 4.86782e-17 1.53769e-16 4.68348e-16 1.3756e-15 3.89688e-15 1.06499e-14 2.80862e-14 7.1497e-14 1.75735e-13 4.17176e-13 9.56698e-13 2.11983e-12 4.53891e-12 9.3919e-12 1.87808e-11 3.62929e-11 6.77732e-11 1.22289e-10 2.13187e-10 3.59013e-10 5.83897e-10 9.1686e-10 1.38943e-09 2.03109e-09 2.86271e-09 3.88873e-09 5.09034e-09 6.42222e-09 7.81529e-09 9.18616e-09 1.04511e-08 1.154e-08 1.2406e-08 1.30262e-08 1.33959e-08 1.35184e-08 1.33959e-08 1.30262e-08 1.2406e-08 1.154e-08 1.04511e-08 9.18616e-09 7.81529e-09 6.42222e-09 5.09034e-09 3.88873e-09 2.86271e-09 2.03109e-09 1.38943e-09 9.1686e-10 5.83897e-10 3.59013e-10 2.13187e-10 1.22289e-10 6.77732e-11 3.62929e-11 1.87808e-11 9.3919e-12 4.53891e-12 2.11983e-12 9.56698e-13 4.17176e-13 1.75735e-13 7.1497e-14 2.80862e-14 1.06499e-14 3.89688e-15 1.3756e-15 4.68348e-16 1.53769e-16 4.86782e-17 1.48575e-17 4.37216e-18 1.24055e-18 3.39428e-19 8.95696e-20 2.28e-20 5.59972e-21 1.32726e-21 3.03681e-22 6.70906e-23 1.43155e-23 2.95107e-24 5.88488e-25 1.16974e-25 
2.10193e-25 5.78361e-25 2.88108e-24 1.43155e-23 6.882e-23 3.19674e-22 1.43432e-21 6.21452e-21 2.59939e-20 1.04935e-19 4.08732e-19 1.53577e-18 5.56534e-18 1.94473e-17 6.55197e-17 2.12812e-16 6.66383e-16 2.01175e-15 5.85594e-15 1.64387e-14 4.45135e-14 1.16303e-13 2.93294e-13 7.14119e-13 1.6793e-12 3.81502e-12 8.37482e-12 1.77679e-11 3.64358e-11 7.22225e-11 1.3838e-10 2.56284e-10 4.58772e-10 7.93709e-10 1.32697e-09 2.14344e-09 3.3442e-09 5.03788e-09 7.32469e-09 1.02736e-08 1.38959e-08 1.81221e-08 2.27917e-08 2.76633e-08 3.24474e-08 3.68549e-08 4.0645e-08 4.36566e-08 4.58124e-08 4.70972e-08 4.75228e-08 4.70972e-08 4.58124e-08 4.36566e-08 4.0645e-08 3.68549e-08 3.24474e-08 2.76633e-08 2.27917e-08 1.81221e-08 1.38959e-08 1.02736e-08 7.32469e-09 5.03788e-09 3.3442e-09 2.14344e-09 1.32697e-09 7.93709e-10 4.58772e-10 2.56284e-10 1.3838e-10 7.22225e-11 3.64358e-11 1.77679e-11 8.37482e-12 3.81502e-12 1.6793e-12 7.14119e-13 2.93294e-13 1.16303e-13 4.45135e-14 1.64387e-14 5.85594e-15 2.01175e-15 6.66383e-16 2.12812e-16 6.55197e-17 1.94473e-17 5.56534e-18 1.53577e-18 4.08732e-19 1.04935e-19 2.59939e-20 6.21452e-21 1.43432e-21 3.19674e-22 6.882e-23 1.43155e-23 2.88108e-24 5.78361e-25 
1.01256e-24 2.76201e-24 1.36254e-23 6.70906e-23 3.19674e-22 1.47193e-21 6.54724e-21 2.81248e-20 1.16641e-19 4.66898e-19 1.80334e-18 6.71901e-18 2.41438e-17 8.36554e-17 2.79449e-16 8.99885e-16 2.79339e-15 8.35886e-15 2.41144e-14 6.70801e-14 1.79971e-13 4.65835e-13 1.16366e-12 2.80637e-12 6.53637e-12 1.47077e-11 3.19811e-11 6.72164e-11 1.36571e-10 2.68277e-10 5.09532e-10 9.35679e-10 1.66127e-09 2.85162e-09 4.73191e-09 7.58941e-09 1.17627e-08 1.76112e-08 2.54617e-08 3.55321e-08 4.78452e-08 6.21545e-08 7.79125e-08 9.43074e-08 1.10373e-07 1.25149e-07 1.3784e-07 1.47915e-07 1.55123e-07 1.59417e-07 1.6084e-07 1.59417e-07 1.55123e-07 1.47915e-07 1.3784e-07 1.25149e-07 1.10373e-07 9.43074e-08 7.79125e-08 6.21545e-08 4.78452e-08 3.55321e-08 2.54617e-08 1.76112e-08 1.17627e-08 7.58941e-09 4.73191e-09 2.85162e-09 1.66127e-09 9.35679e-10 5.09532e-10 2.68277e-10 1.36571e-10 6.72164e-11 3.19811e-11 1.47077e-11 6.53637e-12 2.80637e-12 1.16366e-12 4.65835e-13 1.79971e-13 6.70801e-14 2.41144e-14 8.35886e-15 2.79339e-15 8.99885e-16 2.79449e-16 8.36554e-17 2.41438e-17 6.71901e-18 1.80334e-18 4.66898e-19 1.16641e-19 2.81248e-20 6.54724e-21 1.47193e-21 3.19674e-22 6.70906e-23 1.36254e-23 2.76201e-24 
4.70942e-24 1.27366e-23 6.22291e-23 3.03681e-22 1.43432e-21 6.54724e-21 2.88738e-20 1.22983e-19 5.05762e-19 2.00759e-18 7.68952e-18 2.84119e-17 1.01244e-16 3.4786e-16 1.15222e-15 3.67877e-15 1.13209e-14 3.35795e-14 9.60097e-14 2.64652e-13 7.03486e-13 1.8038e-12 4.463e-12 1.06596e-11 2.45868e-11 5.47862e-11 1.17977e-10 2.45582e-10 4.94265e-10 9.61947e-10 1.81054e-09 3.29572e-09 5.80208e-09 9.87871e-09 1.62657e-08 2.58971e-08 3.98613e-08 5.92999e-08 8.52326e-08 1.18316e-07 1.58572e-07 2.05159e-07 2.56283e-07 3.0932e-07 3.61171e-07 4.08775e-07 4.49604e-07 4.81987e-07 5.0514e-07 5.18929e-07 5.23496e-07 5.18929e-07 5.0514e-07 4.81987e-07 4.49604e-07 4.08775e-07 3.61171e-07 3.0932e-07 2.56283e-07 2.05159e-07 1.58572e-07 1.18316e-07 8.52326e-08 5.92999e-08 3.98613e-08 2.58971e-08 1.62657e-08 9.87871e-09 5.80208e-09 3.29572e-09 1.81054e-09 9.61947e-10 4.94265e-10 2.45582e-10 1.17977e-10 5.47862e-11 2.45868e-11 1.06596e-11 4.463e-12 1.8038e-12 7.03486e-13 2.64652e-13 9.60097e-14 3.35795e-14 1.13209e-14 3.67877e-15 1.15222e-15 3.4786e-16 1.01244e-16 2.84119e-17 7.68952e-18 2.00759e-18 5.05762e-19 1.22983e-19 2.88738e-20 6.54724e-21 1.43432e-21 3.03681e-22 6.22291e-23 1.27366e-23 
2.1143e-23 5.66995e-23 2.74398e-22 1.32726e-21 6.21452e-21 2.81248e-20 1.22983e-19 5.19433e-19 2.11837e-18 8.33909e-18 3.1677e-17 1.16077e-16 4.10209e-16 1.3977e-15 4.5908e-15 1.45331e-14 4.43389e-14 1.30366e-13 3.69419e-13 1.00906e-12 2.65736e-12 6.74931e-12 1.65387e-11 3.91162e-11 8.93336e-11 1.97088e-10 4.20208e-10 8.66107e-10 1.72623e-09 3.32758e-09 6.20475e-09 1.11924e-08 1.95318e-08 3.29756e-08 5.38596e-08 8.5098e-08 1.30046e-07 1.92176e-07 2.7453e-07 3.78986e-07 5.05442e-07 6.51143e-07 8.10439e-07 9.75186e-07 1.13585e-06 1.28307e-06 1.40915e-06 1.50904e-06 1.58041e-06 1.62289e-06 1.63696e-06 1.62289e-06 1.58041e-06 1.50904e-06 1.40915e-06 1.28307e-06 1.13585e-06 9.75186e-07 8.10439e-07 6.51143e-07 5.05442e-07 3.78986e-07 2.7453e-07 1.92176e-07 1.30046e-07 8.5098e-08 5.38596e-08 3.29756e-08 1.95318e-08 1.11924e-08 6.20475e-09 3.32758e-09 1.72623e-09 8.66107e-10 4.20208e-10 1.97088e-10 8.93336e-11 3.91162e-11 1.65387e-11 6.74931e-12 2.65736e-12 1.00906e-12 3.69419e-13 1.30366e-13 4.43389e-14 1.45331e-14 4.5908e-15 1.3977e-15 4.10209e-16 1.16077e-16 3.1677e-17 8.33909e-18 2.11837e-18 5.19433e-19 1.22983e-19 2.81248e-20 6.21452e-21 1.32726e-21 2.74398e-22 5.66995e-23 
9.16061e-23 2.43617e-22 1.16789e-21 5.59972e-21 2.59939e-20 1.16641e-19 5.05762e-19 2.11837e-18 8.56778e-18 3.34502e-17 1.26022e-16 4.58006e-16 1.60525e-15 5.42432e-15 1.76676e-14 5.54577e-14 1.67745e-13 4.88898e-13 1.37306e-12 3.71632e-12 9.69587e-12 2.43917e-11 5.91894e-11 1.38606e-10 3.13376e-10 6.8438e-10 1.44436e-09 2.94694e-09 5.81475e-09 1.10985e-08 2.04955e-08 3.6624e-08 6.33326e-08 1.0599e-07 1.71669e-07 2.69083e-07 4.08137e-07 5.98926e-07 8.50112e-07 1.16677e-06 1.54806e-06 1.98533e-06 2.46151e-06 2.95237e-06 3.4298e-06 3.86634e-06 4.2396e-06 4.53497e-06 4.74584e-06 4.8713e-06 4.91282e-06 4.8713e-06 4.74584e-06 4.53497e-06 4.2396e-06 3.86634e-06 3.4298e-06 2.95237e-06 2.46151e-06 1.98533e-06 1.54806e-06 1.16677e-06 8.50112e-07 5.98926e-07 4.08137e-07 2.69083e-07 1.71669e-07 1.0599e-07 6.33326e-08 3.6624e-08 2.04955e-08 1.10985e-08 5.81475e-09 2.94694e-09 1.44436e-09 6.8438e-10 3.13376e-10 1.38606e-10 5.91894e-11 2.43917e-11 9.69587e-12 3.71632e-12 1.37306e-12 4.88898e-13 1.67745e-13 5.54577e-14 1.76676e-14 5.42432e-15 1.60525e-15 4.58006e-16 1.26022e-16 3.34502e-17 8.56778e-18 2.11837e-18 5.05762e-19 1.16641e-19 2.59939e-20 5.59972e-21 1.16789e-21 2.43617e-22 
3.82962e-22 1.01005e-21 4.7969e-21 2.28e-20 1.04935e-19 4.66898e-19 2.00759e-18 8.33909e-18 3.34502e-17 1.29527e-16 4.83999e-16 1.74464e-15 6.06464e-15 2.03241e-14 6.56467e-14 2.04325e-13 6.12736e-13 1.77026e-12 4.9274e-12 1.32148e-11 3.41548e-11 8.50987e-11 2.04475e-10 4.74028e-10 1.0608e-09 2.29276e-09 4.78851e-09 9.66855e-09 1.88806e-08 3.56703e-08 6.52142e-08 1.15399e-07 1.97672e-07 3.27805e-07 5.26304e-07 8.18115e-07 1.23119e-06 1.79354e-06 2.52864e-06 3.44937e-06 4.5517e-06 5.80962e-06 7.1737e-06 8.57488e-06 9.93381e-06 1.11735e-05 1.22317e-05 1.30679e-05 1.36643e-05 1.4019e-05 1.41363e-05 1.4019e-05 1.36643e-05 1.30679e-05 1.22317e-05 1.11735e-05 9.93381e-06 8.57488e-06 7.1737e-06 5.80962e-06 4.5517e-06 3.44937e-06 2.52864e-06 1.79354e-06 1.23119e-06 8.18115e-07 5.26304e-07 3.27805e-07 1.97672e-07 1.15399e-07 6.52142e-08 3.56703e-08 1.88806e-08 9.66855e-09 4.78851e-09 2.29276e-09 1.0608e-09 4.74028e-10 2.04475e-10 8.50987e-11 3.41548e-11 1.32148e-11 4.9274e-12 1.77026e-12 6.12736e-13 2.04325e-13 6.56467e-14 2.03241e-14 6.06464e-15 1.74464e-15 4.83999e-16 1.29527e-16 3.34502e-17 8.33909e-18 2.00759e-18 4.66898e-19 1.04935e-19 2.28e-20 4.7969e-21 1.01005e-21 
1.54447e-21 4.04015e-21 1.90089e-20 8.95696e-20 4.08732e-19 1.80334e-18 7.68952e-18 3.1677e-17 1.26022e-16 4.83999e-16 1.79381e-15 6.4133e-15 2.21112e-14 7.34898e-14 2.35398e-13 7.26506e-13 2.16002e-12 6.18603e-12 1.70646e-11 4.53464e-11 1.161e-10 2.86474e-10 6.8151e-10 1.56386e-09 3.46336e-09 7.40658e-09 1.53041e-08 3.05704e-08 5.90617e-08 1.10407e-07 1.99759e-07 3.49902e-07 5.9347e-07 9.74821e-07 1.55085e-06 2.3898e-06 3.56694e-06 5.15635e-06 7.2183e-06 9.78334e-06 1.28356e-05 1.63003e-05 2.00404e-05 2.38678e-05 2.75683e-05 3.09357e-05 3.38044e-05 3.60683e-05 3.76812e-05 3.86397e-05 3.89567e-05 3.86397e-05 3.76812e-05 3.60683e-05 3.38044e-05 3.09357e-05 2.75683e-05 2.38678e-05 2.00404e-05 1.63003e-05 1.28356e-05 9.78334e-06 7.2183e-06 5.15635e-06 3.56694e-06 2.3898e-06 1.55085e-06 9.74821e-07 5.9347e-07 3.49902e-07 1.99759e-07 1.10407e-07 5.90617e-08 3.05704e-08 1.53041e-08 7.40658e-09 3.46336e-09 1.56386e-09 6.8151e-10 2.86474e-10 1.161e-10 4.53464e-11 1.70646e-11 6.18603e-12 2.16002e-12 7.26506e-13 2.35398e-13 7.34898e-14 2.21112e-14 6.4133e-15 1.79381e-15 4.83999e-16 1.26022e-16 3.1677e-17 7.68952e-18 1.80334e-18 4.08732e-19 8.95696e-20 1.90089e-20 4.04015e-21 
6.00802e-21 1.55882e-20 7.26618e-20 3.39428e-19 1.53577e-18 6.71901e-18 2.84119e-17 1.16077e-16 4.58006e-16 1.74464e-15 6.4133e-15 2.2742e-14 7.77658e-14 2.56336e-13 8.14251e-13 2.49182e-12 7.34504e-12 2.08513e-11 5.70044e-11 1.50087e-10 3.80629e-10 9.30044e-10 2.19035e-09 4.97438e-09 1.09e-08 2.30591e-08 4.71262e-08 9.31003e-08 1.77889e-07 3.28903e-07 5.88676e-07 1.02027e-06 1.71272e-06 2.78534e-06 4.38895e-06 6.70161e-06 9.91645e-06 1.42195e-05 1.97572e-05 2.6596e-05 3.46812e-05 4.38068e-05 5.36101e-05 6.36012e-05 7.32288e-05 8.19664e-05 8.93941e-05 9.52463e-05 9.94109e-05 0.000101884 0.000102702 0.000101884 9.94109e-05 9.52463e-05 8.93941e-05 8.19664e-05 7.32288e-05 6.36012e-05 5.36101e-05 4.38068e-05 3.46812e-05 2.6596e-05 1.97572e-05 1.42195e-05 9.91645e-06 6.70161e-06 4.38895e-06 2.78534e-06 1.71272e-06 1.02027e-06 5.88676e-07 3.28903e-07 1.77889e-07 9.31003e-08 4.71262e-08 2.30591e-08 1.09e-08 4.97438e-09 2.19035e-09 9.30044e-10 3.80629e-10 1.50087e-10 5.70044e-11 2.08513e-11 7.34504e-12 2.49182e-12 8.14251e-13 2.56336e-13 7.77658e-14 2.2742e-14 6.4133e-15 1.74464e-15 4.58006e-16 1.16077e-16 2.84119e-17 6.71901e-18 1.53577e-18 3.39428e-19 7.26618e-20 1.55882e-20 
2.25399e-20 5.80065e-20 2.67877e-19 1.24055e-18 5.56534e-18 2.41438e-17 1.01244e-16 4.10209e-16 1.60525e-15 6.06464e-15 2.21112e-14 7.77658e-14 2.63734e-13 8.62147e-13 2.71574e-12 8.24055e-12 2.40813e-11 6.77621e-11 1.83585e-10 4.7889e-10 1.20292e-09 2.91039e-09 6.78474e-09 1.52474e-08 3.30513e-08 6.91512e-08 1.39742e-07 2.72939e-07 5.15581e-07 9.42468e-07 1.66795e-06 2.85901e-06 4.74793e-06 7.64116e-06 1.19199e-05 1.80267e-05 2.64325e-05 3.758e-05 5.18038e-05 6.9233e-05 8.9696e-05 0.000112652 0.000137184 0.000162076 0.000185975 0.000207602 0.000225943 0.000240368 0.000250621 0.000256703 0.000258714 0.000256703 0.000250621 0.000240368 0.000225943 0.000207602 0.000185975 0.000162076 0.000137184 0.000112652 8.9696e-05 6.9233e-05 5.18038e-05 3.758e-05 2.64325e-05 1.80267e-05 1.19199e-05 7.64116e-06 4.74793e-06 2.85901e-06 1.66795e-06 9.42468e-07 5.15581e-07 2.72939e-07 1.39742e-07 6.91512e-08 3.30513e-08 1.52474e-08 6.78474e-09 2.91039e-09 1.20292e-09 4.7889e-10 1.83585e-10 6.77621e-11 2.40813e-11 8.24055e-12 2.71574e-12 8.62147e-13 2.63734e-13 7.77658e-14 2.21112e-14 6.06464e-15 1.60525e-15 4.10209e-16 1.01244e-16 2.41438e-17 5.56534e-18 1.24055e-18 2.67877e-19 5.80065e-20 
8.15456e-20 2.08156e-19 9.52334e-19 4.37216e-18 1.94473e-17 8.36554e-17 3.4786e-16 1.3977e-15 5.42432e-15 2.03241e-14 7.34898e-14 2.56336e-13 8.62147e-13 2.79491e-12 8.72993e-12 2.62643e-11 7.60878e-11 2.1221e-10 5.69725e-10 1.47232e-09 3.66281e-09 8.77398e-09 2.02442e-08 4.50124e-08 9.65051e-08 1.99642e-07 3.98805e-07 7.69848e-07 1.43714e-06 2.59616e-06 4.54102e-06 7.69433e-06 1.26344e-05 2.01118e-05 3.10438e-05 4.64755e-05 6.74955e-05 9.50986e-05 0.000129999 0.000172409 0.000221831 0.000276911 0.000335441 0.000394547 0.000451071 0.000502055 0.000545185 0.000579039 0.000603066 0.000617307 0.000622012 0.000617307 0.000603066 0.000579039 0.000545185 0.000502055 0.000451071 0.000394547 0.000335441 0.000276911 0.000221831 0.000172409 0.000129999 9.50986e-05 6.74955e-05 4.64755e-05 3.10438e-05 2.01118e-05 1.26344e-05 7.69433e-06 4.54102e-06 2.59616e-06 1.43714e-06 7.69848e-07 3.98805e-07 1.99642e-07 9.65051e-08 4.50124e-08 2.02442e-08 8.77398e-09 3.66281e-09 1.47232e-09 5.69725e-10 2.1221e-10 7.60878e-11 2.62643e-11 8.72993e-12 2.79491e-12 8.62147e-13 2.56336e-13 7.34898e-14 2.03241e-14 5.42432e-15 1.3977e-15 3.4786e-16 8.36554e-17 1.94473e-17 4.37216e-18 9.52334e-19 2.08156e-19 
2.84484e-19 7.20288e-19 3.26458e-18 1.48575e-17 6.55197e-17 2.79449e-16 1.15222e-15 4.5908e-15 1.76676e-14 6.56467e-14 2.35398e-13 8.14251e-13 2.71574e-12 8.72993e-12 2.70368e-11 8.06426e-11 2.31582e-10 6.40128e-10 1.70287e-09 4.35933e-09 1.074e-08 2.54689e-08 5.81542e-08 1.27913e-07 2.7119e-07 5.54579e-07 1.09478e-06 2.08798e-06 3.85043e-06 6.87087e-06 1.1872e-05 1.98747e-05 3.22515e-05 5.07513e-05 7.74714e-05 0.000114752 0.00016497 0.000230227 0.000311934 0.00041034 0.000524096 0.000649981 0.000782933 0.000916497 0.00104368 0.00115799 0.00125442 0.00132995 0.00138346 0.00141515 0.00142561 0.00141515 0.00138346 0.00132995 0.00125442 0.00115799 0.00104368 0.000916497 0.000782933 0.000649981 0.000524096 0.00041034 0.000311934 0.000230227 0.00016497 0.000114752 7.74714e-05 5.07513e-05 3.22515e-05 1.98747e-05 1.1872e-05 6.87087e-06 3.85043e-06 2.08798e-06 1.09478e-06 5.54579e-07 2.7119e-07 1.27913e-07 5.81542e-08 2.54689e-08 1.074e-08 4.35933e-09 1.70287e-09 6.40128e-10 2.31582e-10 8.06426e-11 2.70368e-11 8.72993e-12 2.71574e-12 8.14251e-13 2.35398e-13 6.56467e-14 1.76676e-14 4.5908e-15 1.15222e-15 2.79449e-16 6.55197e-17 1.48575e-17 3.26458e-18 7.20288e-19 
9.57017e-19 2.40336e-18 1.07904e-17 4.86782e-17 2.12812e-16 8.99885e-16 3.67877e-15 1.45331e-14 5.54577e-14 2.04325e-13 7.26506e-13 2.49182e-12 8.24055e-12 2.62643e-11 8.06426e-11 2.38441e-10 6.78681e-10 1.85907e-09 4.89985e-09 1.24245e-08 3.031e-08 7.11485e-08 1.60748e-07 3.49713e-07 7.33035e-07 1.48149e-06 2.88929e-06 5.44241e-06 9.91034e-06 1.74606e-05 2.97882e-05 4.92427e-05 7.89234e-05 0.000122702 0.000185123 0.000271138 0.000385639 0.000532769 0.000715068 0.000932525 0.00118173 0.0014554 0.00174252 0.00202932 0.00230114 0.0025445 0.00274916 0.00290908 0.00302219 0.00308908 0.00311116 0.00308908 0.00302219 0.00290908 0.00274916 0.0025445 0.00230114 0.00202932 0.00174252 0.0014554 0.00118173 0.000932525 0.000715068 0.000532769 0.000385639 0.000271138 0.000185123 0.000122702 7.89234e-05 4.92427e-05 2.97882e-05 1.74606e-05 9.91034e-06 5.44241e-06 2.88929e-06 1.48149e-06 7.33035e-07 3.49713e-07 1.60748e-07 7.11485e-08 3.031e-08 1.24245e-08 4.89985e-09 1.85907e-09 6.78681e-10 2.38441e-10 8.06426e-11 2.62643e-11 8.24055e-12 2.49182e-12 7.26506e-13 2.04325e-13 5.54577e-14 1.45331e-14 3.67877e-15 8.99885e-16 2.12812e-16 4.86782e-17 1.07904e-17 2.40336e-18 
3.10461e-18 7.73288e-18 3.4389e-17 1.53769e-16 6.66383e-16 2.79339e-15 1.13209e-14 4.43389e-14 1.67745e-13 6.12736e-13 2.16002e-12 7.34504e-12 2.40813e-11 7.60878e-11 2.31582e-10 6.78681e-10 1.91441e-09 5.19607e-09 1.35668e-08 3.40701e-08 8.22903e-08 1.9118e-07 4.27332e-07 9.19374e-07 1.90491e-06 3.80387e-06 7.32693e-06 1.36261e-05 2.44909e-05 4.25833e-05 7.16914e-05 0.000116961 0.000185037 0.000284041 0.000423285 0.00061264 0.000861529 0.00117753 0.00156469 0.00202175 0.00254066 0.00310578 0.00369438 0.00427872 0.00482965 0.00532083 0.00573249 0.00605328 0.00627974 0.00641349 0.0064576 0.00641349 0.00627974 0.00605328 0.00573249 0.00532083 0.00482965 0.00427872 0.00369438 0.00310578 0.00254066 0.00202175 0.00156469 0.00117753 0.000861529 0.00061264 0.000423285 0.000284041 0.000185037 0.000116961 7.16914e-05 4.25833e-05 2.44909e-05 1.36261e-05 7.32693e-06 3.80387e-06 1.90491e-06 9.19374e-07 4.27332e-07 1.9118e-07 8.22903e-08 3.40701e-08 1.35668e-08 5.19607e-09 1.91441e-09 6.78681e-10 2.31582e-10 7.60878e-11 2.40813e-11 7.34504e-12 2.16002e-12 6.12736e-13 1.67745e-13 4.43389e-14 1.13209e-14 2.79339e-15 6.66383e-16 1.53769e-16 3.4389e-17 7.73288e-18 
9.71313e-18 2.39945e-17 1.05685e-16 4.68348e-16 2.01175e-15 8.35886e-15 3.35795e-14 1.30366e-13 4.88898e-13 1.77026e-12 6.18603e-12 2.08513e-11 6.77621e-11 2.1221e-10 6.40128e-10 1.85907e-09 5.19607e-09 1.39717e-08 3.61322e-08 8.98509e-08 2.14831e-07 4.93898e-07 1.09202e-06 2.32294e-06 4.75662e-06 9.38264e-06 1.78442e-05 3.27528e-05 5.80816e-05 9.96165e-05 0.000165414 0.000266173 0.0004154 0.000629197 0.000925534 0.00132287 0.00183811 0.00248391 0.00326563 0.00417824 0.00520386 0.00631074 0.00745452 0.00858236 0.00963967 0.0105779 0.0113613 0.0119699 0.0123987 0.0126515 0.0127348 0.0126515 0.0123987 0.0119699 0.0113613 0.0105779 0.00963967 0.00858236 0.00745452 0.00631074 0.00520386 0.00417824 0.00326563 0.00248391 0.00183811 0.00132287 0.000925534 0.000629197 0.0004154 0.000266173 0.000165414 9.96165e-05 5.80816e-05 3.27528e-05 1.78442e-05 9.38264e-06 4.75662e-06 2.32294e-06 1.09202e-06 4.93898e-07 2.14831e-07 8.98509e-08 3.61322e-08 1.39717e-08 5.19607e-09 1.85907e-09 6.40128e-10 2.1221e-10 6.77621e-11 2.08513e-11 6.18603e-12 1.77026e-12 4.88898e-13 1.30366e-13 3.35795e-14 8.35886e-15 2.01175e-15 4.68348e-16 1.05685e-16 2.39945e-17 
2.93115e-17 7.18105e-17 3.13237e-16 1.3756e-15 5.85594e-15 2.41144e-14 9.60097e-14 3.69419e-13 1.37306e-12 4.9274e-12 1.70646e-11 5.70044e-11 1.83585e-10 5.69725e-10 1.70287e-09 4.89985e-09 1.35668e-08 3.61322e-08 9.25322e-08 2.27807e-07 5.39084e-07 1.2262e-06 2.68129e-06 5.63827e-06 1.14075e-05 2.22221e-05 4.17168e-05 7.55466e-05 0.000132126 0.000223426 0.000365724 0.000580108 0.000892517 0.00133304 0.00193421 0.00272822 0.00374302 0.00499751 0.0064964 0.00822526 0.0101469 0.0122004 0.0143041 0.0163631 0.0182813 0.0199747 0.0213826 0.022473 0.0232392 0.0236903 0.0238388 0.0236903 0.0232392 0.022473 0.0213826 0.0199747 0.0182813 0.0163631 0.0143041 0.0122004 0.0101469 0.00822526 0.0064964 0.00499751 0.00374302 0.00272822 0.00193421 0.00133304 0.000892517 0.000580108 0.000365724 0.000223426 0.000132126 7.55466e-05 4.17168e-05 2.22221e-05 1.14075e-05 5.63827e-06 2.68129e-06 1.2262e-06 5.39084e-07 2.27807e-07 9.25322e-08 3.61322e-08 1.35668e-08 4.89985e-09 1.70287e-09 5.69725e-10 1.83585e-10 5.70044e-11 1.70646e-11 4.9274e-12 1.37306e-12 3.69419e-13 9.60097e-14 2.41144e-14 5.85594e-15 1.3756e-15 3.13237e-16 7.18105e-17 
8.53333e-17 2.07324e-16 8.95525e-16 3.89688e-15 1.64387e-14 6.70801e-14 2.64652e-13 1.00906e-12 3.71632e-12 1.32148e-11 4.53464e-11 1.50087e-10 4.7889e-10 1.47232e-09 4.35933e-09 1.24245e-08 3.40701e-08 8.98509e-08 2.27807e-07 5.55113e-07 1.29983e-06 2.92453e-06 6.32315e-06 1.31412e-05 2.62643e-05 5.05148e-05 9.35777e-05 0.000167142 0.000288183 0.000480253 0.000774532 0.00121032 0.00183457 0.00270002 0.00386167 0.00537144 0.00727127 0.00958525 0.0123115 0.0154152 0.018824 0.0224276 0.0260845 0.0296346 0.0329191 0.0358022 0.0381882 0.0400293 0.0413195 0.0420778 0.0423272 0.0420778 0.0413195 0.0400293 0.0381882 0.0358022 0.0329191 0.0296346 0.0260845 0.0224276 0.018824 0.0154152 0.0123115 0.00958525 0.00727127 0.00537144 0.00386167 0.00270002 0.00183457 0.00121032 0.000774532 0.000480253 0.000288183 0.000167142 9.35777e-05 5.05148e-05 2.62643e-05 1.31412e-05 6.32315e-06 2.92453e-06 1.29983e-06 5.55113e-07 2.27807e-07 8.98509e-08 3.40701e-08 1.24245e-08 4.35933e-09 1.47232e-09 4.7889e-10 1.50087e-10 4.53464e-11 1.32148e-11 3.71632e-12 1.00906e-12 2.64652e-13 6.70801e-14 1.64387e-14 3.89688e-15 8.95525e-16 2.07324e-16 
2.39713e-16 5.77554e-16 2.47017e-15 1.06499e-14 4.45135e-14 1.79971e-13 7.03486e-13 2.65736e-12 9.69587e-12 3.41548e-11 1.161e-10 3.80629e-10 1.20292e-09 3.66281e-09 1.074e-08 3.031e-08 8.22903e-08 2.14831e-07 5.39084e-07 1.29983e-06 3.01082e-06 6.69893e-06 1.43174e-05 2.94006e-05 5.80314e-05 0.000110169 0.000201334 0.000354566 0.00060246 0.000988992 0.00157069 0.0024166 0.0036065 0.00522671 0.00736332 0.0100928 0.0134707 0.0175198 0.0222188 0.0274932 0.0332111 0.0391854 0.0451853 0.0509578 0.0562579 0.0608808 0.0646871 0.0676123 0.069656 0.0708547 0.0712486 0.0708547 0.069656 0.0676123 0.0646871 0.0608808 0.0562579 0.0509578 0.0451853 0.0391854 0.0332111 0.0274932 0.0222188 0.0175198 0.0134707 0.0100928 0.00736332 0.00522671 0.0036065 0.0024166 0.00157069 0.000988992 0.00060246 0.000354566 0.000201334 0.000110169 5.80314e-05 2.94006e-05 1.43174e-05 6.69893e-06 3.01082e-06 1.29983e-06 5.39084e-07 2.14831e-07 8.22903e-08 3.031e-08 1.074e-08 3.66281e-09 1.20292e-09 3.80629e-10 1.161e-10 3.41548e-11 9.69587e-12 2.65736e-12 7.03486e-13 1.79971e-13 4.45135e-14 1.06499e-14 2.47017e-15 5.77554e-16 
6.49909e-16 1.5528e-15 6.57552e-15 2.80862e-14 1.16303e-13 4.65835e-13 1.8038e-12 6.74931e-12 2.43917e-11 8.50987e-11 2.86474e-10 9.30044e-10 2.91039e-09 8.77398e-09 2.54689e-08 7.11485e-08 1.9118e-07 4.93898e-07 1.2262e-06 2.92453e-06 6.69893e-06 1.47346e-05 3.11207e-05 6.31256e-05 0.000123017 0.000230454 0.000415355 0.000720984 0.00120683 0.00195071 0.00304934 0.00461672 0.00677944 0.00966843 0.013407 0.0180956 0.0237955 0.0305118 0.0381799 0.0466563 0.0557164 0.0650622 0.0743418 0.0831818 0.0912302 0.0982013 0.103908 0.108274 0.111315 0.113094 0.113678 0.113094 0.111315 0.108274 0.103908 0.0982013 0.0912302 0.0831818 0.0743418 0.0650622 0.0557164 0.0466563 0.0381799 0.0305118 0.0237955 0.0180956 0.013407 0.00966843 0.00677944 0.00461672 0.00304934 0.00195071 0.00120683 0.000720984 0.000415355 0.000230454 0.000123017 6.31256e-05 3.11207e-05 1.47346e-05 6.69893e-06 2.92453e-06 1.2262e-06 4.93898e-07 1.9118e-07 7.11485e-08 2.54689e-08 8.77398e-09 2.91039e-09 9.30044e-10 2.86474e-10 8.50987e-11 2.43917e-11 6.74931e-12 1.8038e-12 4.65835e-13 1.16303e-13 2.80862e-14 6.57552e-15 1.5528e-15 
1.70095e-15 4.03019e-15 1.68968e-14 7.1497e-14 2.93294e-13 1.16366e-12 4.463e-12 1.65387e-11 5.91894e-11 2.04475e-10 6.8151e-10 2.19035e-09 6.78474e-09 2.02442e-08 5.81542e-08 1.60748e-07 4.27332e-07 1.09202e-06 2.68129e-06 6.32315e-06 1.43174e-05 3.11207e-05 6.49317e-05 0.000130057 0.000250155 0.000462292 0.000821474 0.00140504 0.00231606 0.00368472 0.00566682 0.00843832 0.0121855 0.0170902 0.0233108 0.0309601 0.0400828 0.0506359 0.0624746 0.0753463 0.0888947 0.102676 0.116191 0.128925 0.140412 0.150284 0.158315 0.164429 0.16867 0.171145 0.171957 0.171145 0.16867 0.164429 0.158315 0.150284 0.140412 0.128925 0.116191 0.102676 0.0888947 0.0753463 0.0624746 0.0506359 0.0400828 0.0309601 0.0233108 0.0170902 0.0121855 0.00843832 0.00566682 0.00368472 0.00231606 0.00140504 0.000821474 0.000462292 0.000250155 0.000130057 6.49317e-05 3.11207e-05 1.43174e-05 6.32315e-06 2.68129e-06 1.09202e-06 4.27332e-07 1.60748e-07 5.81542e-08 2.02442e-08 6.78474e-09 2.19035e-09 6.8151e-10 2.04475e-10 5.91894e-11 1.65387e-11 4.463e-12 1.16366e-12 2.93294e-13 7.1497e-14 1.68968e-14 4.03019e-15 
4.29828e-15 1.00999e-14 4.19238e-14 1.75735e-13 7.14119e-13 2.80637e-12 1.06596e-11 3.91162e-11 1.38606e-10 4.74028e-10 1.56386e-09 4.97438e-09 1.52474e-08 4.50124e-08 1.27913e-07 3.49713e-07 9.19374e-07 2.32294e-06 5.63827e-06 1.31412e-05 2.94006e-05 6.31256e-05 0.000130057 0.000257134 0.00048797 0.000889285 0.00155747 0.00262399 0.0042581 0.00666535 0.0100809 0.0147572 0.0209455 0.0288725 0.0387132 0.0505617 0.0644056 0.0801062 0.0973891 0.115847 0.134954 0.154096 0.172612 0.189853 0.205245 0.21836 0.228954 0.236974 0.242515 0.24574 0.246796 0.24574 0.242515 0.236974 0.228954 0.21836 0.205245 0.189853 0.172612 0.154096 0.134954 0.115847 0.0973891 0.0801062 0.0644056 0.0505617 0.0387132 0.0288725 0.0209455 0.0147572 0.0100809 0.00666535 0.0042581 0.00262399 0.00155747 0.000889285 0.00048797 0.000257134 0.000130057 6.31256e-05 2.94006e-05 1.31412e-05 5.63827e-06 2.32294e-06 9.19374e-07 3.49713e-07 1.27913e-07 4.50124e-08 1.52474e-08 4.97438e-09 1.56386e-09 4.74028e-10 1.38606e-10 3.91162e-11 1.06596e-11 2.80637e-12 7.14119e-13 1.75735e-13 4.19238e-14 1.00999e-14 
1.04889e-14 2.44441e-14 1.00462e-13 4.17176e-13 1.6793e-12 6.53637e-12 2.45868e-11 8.93336e-11 3.13376e-10 1.0608e-09 3.46336e-09 1.09e-08 3.30513e-08 9.65051e-08 2.7119e-07 7.33035e-07 1.90491e-06 4.75662e-06 1.14075e-05 2.62643e-05 5.80314e-05 0.000123017 0.000250155 0.00048797 0.000913281 0.00164068 0.00283107 0.00469672 0.00750063 0.0115481 0.0171701 0.0246995 0.034441 0.0466381 0.0614385 0.0788628 0.0987793 0.120892 0.144743 0.169728 0.19513 0.22016 0.244012 0.265931 0.28528 0.30161 0.314699 0.324546 0.331317 0.335247 0.336531 0.335247 0.331317 0.324546 0.314699 0.30161 0.28528 0.265931 0.244012 0.22016 0.19513 0.169728 0.144743 0.120892 0.0987793 0.0788628 0.0614385 0.0466381 0.034441 0.0246995 0.0171701 0.0115481 0.00750063 0.00469672 0.00283107 0.00164068 0.000913281 0.00048797 0.000250155 0.000123017 5.80314e-05 2.62643e-05 1.14075e-05 4.75662e-06 1.90491e-06 7.33035e-07 2.7119e-07 9.65051e-08 3.30513e-08 1.09e-08 3.46336e-09 1.0608e-09 3.13376e-10 8.93336e-11 2.45868e-11 6.53637e-12 1.6793e-12 4.17176e-13 1.00462e-13 2.44441e-14 
2.47195e-14 5.71422e-14 2.32544e-13 9.56698e-13 3.81502e-12 1.47077e-11 5.47862e-11 1.97088e-10 6.8438e-10 2.29276e-09 7.40658e-09 2.30591e-08 6.91512e-08 1.99642e-07 5.54579e-07 1.48149e-06 3.80387e-06 9.38264e-06 2.22221e-05 5.05148e-05 0.000110169 0.000230454 0.000462292 0.000889285 0.00164068 0.00290423 0.00493549 0.00805975 0.0126629 0.0191696 0.0280106 0.0395824 0.054204 0.072076 0.0932451 0.117577 0.144745 0.17423 0.205344 0.237267 0.269096 0.2999 0.32878 0.354939 0.377746 0.396793 0.411928 0.423237 0.430973 0.435447 0.436907 0.435447 0.430973 0.423237 0.411928 0.396793 0.377746 0.354939 0.32878 0.2999 0.269096 0.237267 0.205344 0.17423 0.144745 0.117577 0.0932451 0.072076 0.054204 0.0395824 0.0280106 0.0191696 0.0126629 0.00805975 0.00493549 0.00290423 0.00164068 0.000889285 0.000462292 0.000230454 0.000110169 5.05148e-05 2.22221e-05 9.38264e-06 3.80387e-06 1.48149e-06 5.54579e-07 1.99642e-07 6.91512e-08 2.30591e-08 7.40658e-09 2.29276e-09 6.8438e-10 1.97088e-10 5.47862e-11 1.47077e-11 3.81502e-12 9.56698e-13 2.32544e-13 5.71422e-14 
5.62669e-14 1.29034e-13 5.20037e-13 2.11983e-12 8.37482e-12 3.19811e-11 1.17977e-10 4.20208e-10 1.44436e-09 4.78851e-09 1.53041e-08 4.71262e-08 1.39742e-07 3.98805e-07 1.09478e-06 2.88929e-06 7.32693e-06 1.78442e-05 4.17168e-05 9.35777e-05 0.000201334 0.000415355 0.000821474 0.00155747 0.00283107 0.00493549 0.00825688 0.0132674 0.0205002 0.0305054 0.0437942 0.0607779 0.0817143 0.106666 0.135476 0.167759 0.202914 0.240148 0.27853 0.317039 0.354635 0.390318 0.423187 0.452493 0.477696 0.498502 0.514878 0.527022 0.535281 0.54004 0.541589 0.54004 0.535281 0.527022 0.514878 0.498502 0.477696 0.452493 0.423187 0.390318 0.354635 0.317039 0.27853 0.240148 0.202914 0.167759 0.135476 0.106666 0.0817143 0.0607779 0.0437942 0.0305054 0.0205002 0.0132674 0.00825688 0.00493549 0.00283107 0.00155747 0.000821474 0.000415355 0.000201334 9.35777e-05 4.17168e-05 1.78442e-05 7.32693e-06 2.88929e-06 1.09478e-06 3.98805e-07 1.39742e-07 4.71262e-08 1.53041e-08 4.78851e-09 1.44436e-09 4.20208e-10 1.17977e-10 3.19811e-11 8.37482e-12 2.11983e-12 5.20037e-13 1.29034e-13 
1.237e-13 2.81472e-13 1.12362e-12 4.53891e-12 1.77679e-11 6.72164e-11 2.45582e-10 8.66107e-10 2.94694e-09 9.66855e-09 3.05704e-08 9.31003e-08 2.72939e-07 7.69848e-07 2.08798e-06 5.44241e-06 1.36261e-05 3.27528e-05 7.55466e-05 0.000167142 0.000354566 0.000720984 0.00140504 0.00262399 0.00469672 0.00805975 0.0132674 0.0209681 0.0318521 0.0465771 0.0656809 0.0895023 0.118124 0.151344 0.188683 0.229412 0.272599 0.317167 0.361968 0.405854 0.447741 0.486669 0.521844 0.552674 0.578794 0.600083 0.616664 0.628857 0.637097 0.641825 0.643361 0.641825 0.637097 0.628857 0.616664 0.600083 0.578794 0.552674 0.521844 0.486669 0.447741 0.405854 0.361968 0.317167 0.272599 0.229412 0.188683 0.151344 0.118124 0.0895023 0.0656809 0.0465771 0.0318521 0.0209681 0.0132674 0.00805975 0.00469672 0.00262399 0.00140504 0.000720984 0.000354566 0.000167142 7.55466e-05 3.27528e-05 1.36261e-05 5.44241e-06 2.08798e-06 7.69848e-07 2.72939e-07 9.31003e-08 3.05704e-08 9.66855e-09 2.94694e-09 8.66107e-10 2.45582e-10 6.72164e-11 1.77679e-11 4.53891e-12 1.12362e-12 2.81472e-13 
2.62648e-13 5.93118e-13 2.34571e-12 9.3919e-12 3.64358e-11 1.36571e-10 4.94265e-10 1.72623e-09 5.81475e-09 1.88806e-08 5.90617e-08 1.77889e-07 5.15581e-07 1.43714e-06 3.85043e-06 9.91034e-06 2.44909e-05 5.80816e-05 0.000132126 0.000288183 0.00060246 0.00120683 0.00231606 0.0042581 0.00750063 0.0126629 0.0205002 0.0318521 0.0475522 0.0683122 0.0946035 0.126565 0.16396 0.206185 0.252328 0.301249 0.351678 0.402298 0.451838 0.499134 0.543192 0.583222 0.618649 0.649127 0.674529 0.694947 0.710666 0.722119 0.729805 0.734193 0.735616 0.734193 0.729805 0.722119 0.710666 0.694947 0.674529 0.649127 0.618649 0.583222 0.543192 0.499134 0.451838 0.402298 0.351678 0.301249 0.252328 0.206185 0.16396 0.126565 0.0946035 0.0683122 0.0475522 0.0318521 0.0205002 0.0126629 0.00750063 0.0042581 0.00231606 0.00120683 0.00060246 0.000288183 0.000132126 5.80816e-05 2.44909e-05 9.91034e-06 3.85043e-06 1.43714e-06 5.15581e-07 1.77889e-07 5.90617e-08 1.88806e-08 5.81475e-09 1.72623e-09 4.94265e-10 1.36571e-10 3.64358e-11 9.3919e-12 2.34571e-12 5.93118e-13 
5.38559e-13 1.20726e-12 4.73137e-12 1.87808e-11 7.22225e-11 2.68277e-10 9.61947e-10 3.32758e-09 1.10985e-08 3.56703e-08 1.10407e-07 3.28903e-07 9.42468e-07 2.59616e-06 6.87087e-06 1.74606e-05 4.25833e-05 9.96165e-05 0.000223426 0.000480253 0.000988992 0.00195071 0.00368472 0.00666535 0.0115481 0.0191696 0.0305054 0.0465771 0.0683122 0.0963836 0.131064 0.172139 0.218898 0.270212 0.324664 0.380699 0.436761 0.491406 0.543376 0.591648 0.635461 0.674309 0.707929 0.736275 0.759483 0.777856 0.791821 0.801893 0.8086 0.81241 0.813642 0.81241 0.8086 0.801893 0.791821 0.777856 0.759483 0.736275 0.707929 0.674309 0.635461 0.591648 0.543376 0.491406 0.436761 0.380699 0.324664 0.270212 0.218898 0.172139 0.131064 0.0963836 0.0683122 0.0465771 0.0305054 0.0191696 0.0115481 0.00666535 0.00368472 0.00195071 0.000988992 0.000480253 0.000223426 9.96165e-05 4.25833e-05 1.74606e-05 6.87087e-06 2.59616e-06 9.42468e-07 3.28903e-07 1.10407e-07 3.56703e-08 1.10985e-08 3.32758e-09 9.61947e-10 2.68277e-10 7.22225e-11 1.87808e-11 4.73137e-12 1.20726e-12 
1.06636e-12 2.37345e-12 9.22018e-12 3.62929e-11 1.3838e-10 5.09532e-10 1.81054e-09 6.20475e-09 2.04955e-08 6.52142e-08 1.99759e-07 5.88676e-07 1.66795e-06 4.54102e-06 1.1872e-05 2.97882e-05 7.16914e-05 0.000165414 0.000365724 0.000774532 0.00157069 0.00304934 0.00566682 0.0100809 0.0171701 0.0280106 0.0437942 0.0656809 0.0946035 0.131064 0.174979 0.225617 0.281665 0.341393 0.402872 0.464197 0.523657 0.579836 0.631663 0.678412 0.719675 0.755319 0.78543 0.810269 0.830219 0.84575 0.857393 0.865696 0.87118 0.874276 0.875274 0.874276 0.87118 0.865696 0.857393 0.84575 0.830219 0.810269 0.78543 0.755319 0.719675 0.678412 0.631663 0.579836 0.523657 0.464197 0.402872 0.341393 0.281665 0.225617 0.174979 0.131064 0.0946035 0.0656809 0.0437942 0.0280106 0.0171701 0.0100809 0.00566682 0.00304934 0.00157069 0.000774532 0.000365724 0.000165414 7.16914e-05 2.97882e-05 1.1872e-05 4.54102e-06 1.66795e-06 5.88676e-07 1.99759e-07 6.52142e-08 2.04955e-08 6.20475e-09 1.81054e-09 5.09532e-10 1.3838e-10 3.62929e-11 9.22018e-12 2.37345e-12 
2.03862e-12 4.50646e-12 1.73579e-11 6.77732e-11 2.56284e-10 9.35679e-10 3.29572e-09 1.11924e-08 3.6624e-08 1.15399e-07 3.49902e-07 1.02027e-06 2.85901e-06 7.69433e-06 1.98747e-05 4.92427e-05 0.000116961 0.000266173 0.000580108 0.00121032 0.0024166 0.00461672 0.00843832 0.0147572 0.0246995 0.0395824 0.0607779 0.0895023 0.126565 0.172139 0.225617 0.285618 0.350149 0.416874 0.483434 0.547715 0.608027 0.663169 0.712423 0.755483 0.792372 0.823356 0.848861 0.869409 0.885571 0.897927 0.907051 0.913478 0.917682 0.920041 0.920799 0.920041 0.917682 0.913478 0.907051 0.897927 0.885571 0.869409 0.848861 0.823356 0.792372 0.755483 0.712423 0.663169 0.608027 0.547715 0.483434 0.416874 0.350149 0.285618 0.225617 0.172139 0.126565 0.0895023 0.0607779 0.0395824 0.0246995 0.0147572 0.00843832 0.00461672 0.0024166 0.00121032 0.000580108 0.000266173 0.000116961 4.92427e-05 1.98747e-05 7.69433e-06 2.85901e-06 1.02027e-06 3.49902e-07 1.15399e-07 3.6624e-08 1.11924e-08 3.29572e-09 9.35679e-10 2.56284e-10 6.77732e-11 1.73579e-11 4.50646e-12 
3.7624e-12 8.26245e-12 3.15655e-11 1.22289e-10 4.58772e-10 1.66127e-09 5.80208e-09 1.95318e-08 6.33326e-08 1.97672e-07 5.9347e-07 1.71272e-06 4.74793e-06 1.26344e-05 3.22515e-05 7.89234e-05 0.000185037 0.0004154 0.000892517 0.00183457 0.0036065 0.00677944 0.0121855 0.0209455 0.034441 0.054204 0.0817143 0.118124 0.16396 0.218898 0.281665 0.350149 0.421674 0.493391 0.562667 0.627377 0.686052 0.73788 0.782619 0.82045 0.851842 0.877425 0.897904 0.913988 0.926355 0.935626 0.942358 0.947037 0.950067 0.951755 0.952295 0.951755 0.950067 0.947037 0.942358 0.935626 0.926355 0.913988 0.897904 0.877425 0.851842 0.82045 0.782619 0.73788 0.686052 0.627377 0.562667 0.493391 0.421674 0.350149 0.281665 0.218898 0.16396 0.118124 0.0817143 0.054204 0.034441 0.0209455 0.0121855 0.00677944 0.0036065 0.00183457 0.000892517 0.0004154 0.000185037 7.89234e-05 3.22515e-05 1.26344e-05 4.74793e-06 1.71272e-06 5.9347e-07 1.97672e-07 6.33326e-08 1.95318e-08 5.80208e-09 1.66127e-09 4.58772e-10 1.22289e-10 3.15655e-11 8.26245e-12 
6.70205e-12 1.46261e-11 5.54409e-11 2.13187e-10 7.93709e-10 2.85162e-09 9.87871e-09 3.29756e-08 1.0599e-07 3.27805e-07 9.74821e-07 2.78534e-06 7.64116e-06 2.01118e-05 5.07513e-05 0.000122702 0.000284041 0.000629197 0.00133304 0.00270002 0.00522671 0.00966843 0.0170902 0.0288725 0.0466381 0.072076 0.106666 0.151344 0.206185 0.270212 0.341393 0.416874 0.493391 0.567752 0.637267 0.700019 0.754945 0.80175 0.840724 0.872536 0.898046 0.918173 0.933806 0.94575 0.954711 0.961285 0.965974 0.969184 0.97124 0.972377 0.972739 0.972377 0.97124 0.969184 0.965974 0.961285 0.954711 0.94575 0.933806 0.918173 0.898046 0.872536 0.840724 0.80175 0.754945 0.700019 0.637267 0.567752 0.493391 0.416874 0.341393 0.270212 0.206185 0.151344 0.106666 0.072076 0.0466381 0.0288725 0.0170902 0.00966843 0.00522671 0.00270002 0.00133304 0.000629197 0.000284041 0.000122702 5.07513e-05 2.01118e-05 7.64116e-06 2.78534e-06 9.74821e-07 3.27805e-07 1.0599e-07 3.29756e-08 9.87871e-09 2.85162e-09 7.93709e-10 2.13187e-10 5.54409e-11 1.46261e-11 
1.15201e-11 2.4992e-11 9.40298e-11 3.59013e-10 1.32697e-09 4.73191e-09 1.62657e-08 5.38596e-08 1.71669e-07 5.26304e-07 1.55085e-06 4.38895e-06 1.19199e-05 3.10438e-05 7.74714e-05 0.000185123 0.000423285 0.000925534 0.00193421 0.00386167 0.00736332 0.013407 0.0233108 0.0387132 0.0614385 0.0932451 0.135476 0.188683 0.252328 0.324664 0.402872 0.483434 0.562667 0.637267 0.704726 0.763541 0.813193 0.853959 0.88665 0.912352 0.932224 0.947367 0.95875 0.967192 0.973357 0.977775 0.980864 0.982945 0.984262 0.984983 0.985212 0.984983 0.984262 0.982945 0.980864 0.977775 0.973357 0.967192 0.95875 0.947367 0.932224 0.912352 0.88665 0.853959 0.813193 0.763541 0.704726 0.637267 0.562667 0.483434 0.402872 0.324664 0.252328 0.188683 0.135476 0.0932451 0.0614385 0.0387132 0.0233108 0.013407 0.00736332 0.00386167 0.00193421 0.000925534 0.000423285 0.000185123 7.74714e-05 3.10438e-05 1.19199e-05 4.38895e-06 1.55085e-06 5.26304e-07 1.71669e-07 5.38596e-08 1.62657e-08 4.73191e-09 1.32697e-09 3.59013e-10 9.40298e-11 2.4992e-11 
