0.00309617 0.00312766 0.0032223 0.00338062 0.00360348 0.00389205 0.00424777 0.00467234 0.00516761 0.00573559 0.00637835 0.00709795 0.00789638 0.00877546 0.0097368 0.0107817 0.0119109 0.013125 0.0144236 0.0158061 0.0172708 0.0188157 0.0204374 0.0221322 0.0238953 0.0257209 0.0276024 0.0295323 0.0315024 0.0335034 0.0355253 0.0375576 0.039589 0.0416077 0.0436015 0.0455579 0.0474641 0.0493076 0.0510755 0.0527556 0.0543357 0.0558043 0.0571504 0.0583638 0.0594354 0.0603568 0.0611208 0.0617214 0.0621538 0.0624146 0.0625018 0.0624146 0.0621538 0.0617214 0.0611208 0.0603568 0.0594354 0.0583638 0.0571504 0.0558043 0.0543357 0.0527556 0.0510755 0.0493076 0.0474641 0.0455579 0.0436015 0.0416077 0.039589 0.0375576 0.0355253 0.0335034 0.0315024 0.0295323 0.0276024 0.0257209 0.0238953 0.0221322 0.0204374 0.0188157 0.0172708 0.0158061 0.0144236 0.013125 0.0119109 0.0107817 0.0097368 0.00877546 0.00789638 0.00709795 0.00637835 0.00573559 0.00516761 0.00467234 0.00424777 0.00389205 0.00360348 0.00338062 0.0032223 0.00312766 
0.00312766 0.00315944 0.00325496 0.00341474 0.00363966 0.00393089 0.00428988 0.00471832 0.0052181 0.00579123 0.00643979 0.00716584 0.00797139 0.00885827 0.00982807 0.0108821 0.0120211 0.0132457 0.0145554 0.0159497 0.0174268 0.0189846 0.0206199 0.0223287 0.0241062 0.0259466 0.0278434 0.0297888 0.0317746 0.0337915 0.0358293 0.0378775 0.0399247 0.041959 0.0439681 0.0459394 0.0478602 0.0497176 0.0514989 0.0531915 0.0547834 0.0562629 0.0576189 0.0588414 0.0599208 0.060849 0.0616186 0.0622235 0.0626591 0.0629219 0.0630097 0.0629219 0.0626591 0.0622235 0.0616186 0.060849 0.0599208 0.0588414 0.0576189 0.0562629 0.0547834 0.0531915 0.0514989 0.0497176 0.0478602 0.0459394 0.0439681 0.041959 0.0399247 0.0378775 0.0358293 0.0337915 0.0317746 0.0297888 0.0278434 0.0259466 0.0241062 0.0223287 0.0206199 0.0189846 0.0174268 0.0159497 0.0145554 0.0132457 0.0120211 0.0108821 0.00982807 0.00885827 0.00797139 0.00716584 0.00643979 0.00579123 0.0052181 0.00471832 0.00428988 0.00393089 0.00363966 0.00341474 0.00325496 0.00315944 
0.0032223 0.00325496 0.00335311 0.0035173 0.00374839 0.0040476 0.0044164 0.0048565 0.00536983 0.00595843 0.00662439 0.00736983 0.00819676 0.00910703 0.0101023 0.0111837 0.0123522 0.0136082 0.0149514 0.0163809 0.0178952 0.0194919 0.0211677 0.0229185 0.0247395 0.0266246 0.028567 0.030559 0.0325919 0.0346564 0.036742 0.0388379 0.0409325 0.0430136 0.0450686 0.0470848 0.049049 0.0509482 0.0527694 0.0544998 0.056127 0.0576392 0.0590252 0.0602745 0.0613776 0.062326 0.0631124 0.0637306 0.0641756 0.0644441 0.0645338 0.0644441 0.0641756 0.0637306 0.0631124 0.062326 0.0613776 0.0602745 0.0590252 0.0576392 0.056127 0.0544998 0.0527694 0.0509482 0.049049 0.0470848 0.0450686 0.0430136 0.0409325 0.0388379 0.036742 0.0346564 0.0325919 0.030559 0.028567 0.0266246 0.0247395 0.0229185 0.0211677 0.0194919 0.0178952 0.0163809 0.0149514 0.0136082 0.0123522 0.0111837 0.0101023 0.00910703 0.00819676 0.00736983 0.00662439 0.00595843 0.00536983 0.0048565 0.0044164 0.0040476 0.00374839 0.0035173 0.00335311 0.00325496 
0.00338062 0.00341474 0.0035173 0.00368883 0.00393025 0.00424279 0.00462797 0.00508756 0.00562351 0.00623793 0.00693297 0.00771077 0.0085734 0.00952273 0.0105604 0.0116877 0.0129054 0.0142138 0.0156128 0.0171012 0.0186775 0.020339 0.0220824 0.0239034 0.0257968 0.0277563 0.0297749 0.0318445 0.0339561 0.0360998 0.0382651 0.0404405 0.0426141 0.0447731 0.0469047 0.0489956 0.0510322 0.0530011 0.0548887 0.056682 0.0583681 0.0599348 0.0613706 0.0626646 0.0638071 0.0647893 0.0656037 0.0662438 0.0667046 0.0669826 0.0670755 0.0669826 0.0667046 0.0662438 0.0656037 0.0647893 0.0638071 0.0626646 0.0613706 0.0599348 0.0583681 0.056682 0.0548887 0.0530011 0.0510322 0.0489956 0.0469047 0.0447731 0.0426141 0.0404405 0.0382651 0.0360998 0.0339561 0.0318445 0.0297749 0.0277563 0.0257968 0.0239034 0.0220824 0.020339 0.0186775 0.0171012 0.0156128 0.0142138 0.0129054 0.0116877 0.0105604 0.00952273 0.0085734 0.00771077 0.00693297 0.00623793 0.00562351 0.00508756 0.00462797 0.00424279 0.00393025 0.00368883 0.0035173 0.00341474 
0.00360348 0.00363966 0.00374839 0.00393025 0.00418618 0.00451745 0.00492564 0.00541258 0.00598031 0.00663099 0.00736685 0.0081901 0.00910284 0.010107 0.0112042 0.0123958 0.0136825 0.0150646 0.0165417 0.0181128 0.019776 0.0215285 0.0233667 0.0252859 0.0272808 0.0293447 0.03147 0.0336482 0.0358699 0.0381248 0.0404015 0.0426882 0.0449723 0.0472405 0.0494793 0.0516747 0.0538125 0.0558788 0.0578594 0.0597406 0.0615091 0.063152 0.0646574 0.066014 0.0672116 0.0682411 0.0690945 0.0697653 0.0702482 0.0705395 0.0706368 0.0705395 0.0702482 0.0697653 0.0690945 0.0682411 0.0672116 0.066014 0.0646574 0.063152 0.0615091 0.0597406 0.0578594 0.0558788 0.0538125 0.0516747 0.0494793 0.0472405 0.0449723 0.0426882 0.0404015 0.0381248 0.0358699 0.0336482 0.03147 0.0293447 0.0272808 0.0252859 0.0233667 0.0215285 0.019776 0.0181128 0.0165417 0.0150646 0.0136825 0.0123958 0.0112042 0.010107 0.00910284 0.0081901 0.00736685 0.00663099 0.00598031 0.00541258 0.00492564 0.00451745 0.00418618 0.00393025 0.00374839 0.00363966 
0.00389205 0.00393089 0.0040476 0.00424279 0.00451745 0.0048729 0.0053108 0.00583307 0.00644182 0.00713931 0.00792785 0.00880973 0.00978713 0.010862 0.0120361 0.0133105 0.0146862 0.0161632 0.0177411 0.0194187 0.0211938 0.0230635 0.0250237 0.0270695 0.029195 0.0313931 0.0336558 0.0359738 0.0383372 0.0407349 0.043155 0.0455847 0.0480109 0.0504193 0.0527958 0.0551254 0.0573934 0.0595848 0.0616848 0.0636789 0.0655531 0.0672939 0.0688886 0.0703254 0.0715937 0.0726838 0.0735874 0.0742975 0.0748087 0.0751171 0.0752201 0.0751171 0.0748087 0.0742975 0.0735874 0.0726838 0.0715937 0.0703254 0.0688886 0.0672939 0.0655531 0.0636789 0.0616848 0.0595848 0.0573934 0.0551254 0.0527958 0.0504193 0.0480109 0.0455847 0.043155 0.0407349 0.0383372 0.0359738 0.0336558 0.0313931 0.029195 0.0270695 0.0250237 0.0230635 0.0211938 0.0194187 0.0177411 0.0161632 0.0146862 0.0133105 0.0120361 0.010862 0.00978713 0.00880973 0.00792785 0.00713931 0.00644182 0.00583307 0.0053108 0.0048729 0.00451745 0.00424279 0.0040476 0.00393089 
0.00424777 0.00428988 0.0044164 0.00462797 0.00492564 0.0053108 0.00578521 0.00635086 0.00700999 0.00776496 0.00861818 0.00957204 0.0106288 0.0117905 0.0130587 0.0144349 0.0159196 0.017513 0.0192145 0.0210225 0.0229348 0.0249479 0.0270575 0.0292583 0.0315437 0.0339061 0.0363366 0.0388257 0.0413623 0.0439345 0.0465298 0.0491344 0.051734 0.0543138 0.0568583 0.0593519 0.0617786 0.0641227 0.0663683 0.0685002 0.0705033 0.0723634 0.0740671 0.0756018 0.0769562 0.0781202 0.0790849 0.079843 0.0803887 0.0807179 0.0808278 0.0807179 0.0803887 0.079843 0.0790849 0.0781202 0.0769562 0.0756018 0.0740671 0.0723634 0.0705033 0.0685002 0.0663683 0.0641227 0.0617786 0.0593519 0.0568583 0.0543138 0.051734 0.0491344 0.0465298 0.0439345 0.0413623 0.0388257 0.0363366 0.0339061 0.0315437 0.0292583 0.0270575 0.0249479 0.0229348 0.0210225 0.0192145 0.017513 0.0159196 0.0144349 0.0130587 0.0117905 0.0106288 0.00957204 0.00861818 0.00776496 0.00700999 0.00635086 0.00578521 0.0053108 0.00492564 0.00462797 0.0044164 0.00428988 
0.00467234 0.00471832 0.0048565 0.00508756 0.00541258 0.00583307 0.00635086 0.00696808 0.00768707 0.00851033 0.00944038 0.0104797 0.0116307 0.0128954 0.0142755 0.0157723 0.0173864 0.0191178 0.0209657 0.0229283 0.0250031 0.0271861 0.0294727 0.0318569 0.0343315 0.0368882 0.0395174 0.0422086 0.0449499 0.0477285 0.0505307 0.0533417 0.0561463 0.0589282 0.0616711 0.0643581 0.0669721 0.0694962 0.0719136 0.0742078 0.0763629 0.0783636 0.0801957 0.0818457 0.0833016 0.0845526 0.0855893 0.0864039 0.0869903 0.0873439 0.087462 0.0873439 0.0869903 0.0864039 0.0855893 0.0845526 0.0833016 0.0818457 0.0801957 0.0783636 0.0763629 0.0742078 0.0719136 0.0694962 0.0669721 0.0643581 0.0616711 0.0589282 0.0561463 0.0533417 0.0505307 0.0477285 0.0449499 0.0422086 0.0395174 0.0368882 0.0343315 0.0318569 0.0294727 0.0271861 0.0250031 0.0229283 0.0209657 0.0191178 0.0173864 0.0157723 0.0142755 0.0128954 0.0116307 0.0104797 0.00944038 0.00851033 0.00768707 0.00696808 0.00635086 0.00583307 0.00541258 0.00508756 0.0048565 0.00471832 
0.00516761 0.0052181 0.00536983 0.00562351 0.00598031 0.00644182 0.00700999 0.00768707 0.00847556 0.00937806 0.0103973 0.0115358 0.012796 0.0141801 0.0156898 0.0173264 0.0190904 0.0209816 0.022999 0.0251405 0.0274032 0.0297828 0.032274 0.0348701 0.0375633 0.0403443 0.0432029 0.0461274 0.0491049 0.0521215 0.0551622 0.0582113 0.0612519 0.0642667 0.067238 0.0701477 0.0729773 0.0757086 0.0783236 0.0808045 0.0831343 0.0852967 0.0872763 0.0890589 0.0906314 0.0919824 0.0931018 0.0939813 0.0946143 0.094996 0.0951236 0.094996 0.0946143 0.0939813 0.0931018 0.0919824 0.0906314 0.0890589 0.0872763 0.0852967 0.0831343 0.0808045 0.0783236 0.0757086 0.0729773 0.0701477 0.067238 0.0642667 0.0612519 0.0582113 0.0551622 0.0521215 0.0491049 0.0461274 0.0432029 0.0403443 0.0375633 0.0348701 0.032274 0.0297828 0.0274032 0.0251405 0.022999 0.0209816 0.0190904 0.0173264 0.0156898 0.0141801 0.012796 0.0115358 0.0103973 0.00937806 0.00847556 0.00768707 0.00700999 0.00644182 0.00598031 0.00562351 0.00536983 0.0052181 
0.00573559 0.00579123 0.00595843 0.00623793 0.00663099 0.00713931 0.00776496 0.00851033 0.00937806 0.0103709 0.0114917 0.0127432 0.0141279 0.0156481 0.0173054 0.0191011 0.0210355 0.0231085 0.0253186 0.0276636 0.0301398 0.0327426 0.035466 0.0383026 0.0412437 0.0442793 0.0473979 0.0505867 0.0538317 0.0571178 0.0604286 0.0637469 0.0670545 0.0703327 0.0735623 0.0767235 0.0797966 0.0827619 0.0856 0.0882917 0.0908187 0.0931635 0.0953096 0.0972416 0.0989457 0.100409 0.101622 0.102575 0.10326 0.103674 0.103812 0.103674 0.10326 0.102575 0.101622 0.100409 0.0989457 0.0972416 0.0953096 0.0931635 0.0908187 0.0882917 0.0856 0.0827619 0.0797966 0.0767235 0.0735623 0.0703327 0.0670545 0.0637469 0.0604286 0.0571178 0.0538317 0.0505867 0.0473979 0.0442793 0.0412437 0.0383026 0.035466 0.0327426 0.0301398 0.0276636 0.0253186 0.0231085 0.0210355 0.0191011 0.0173054 0.0156481 0.0141279 0.0127432 0.0114917 0.0103709 0.00937806 0.00851033 0.00776496 0.00713931 0.00663099 0.00623793 0.00595843 0.00579123 
0.00637835 0.00643979 0.00662439 0.00693297 0.00736685 0.00792785 0.00861818 0.00944038 0.0103973 0.0114917 0.0127268 0.0141053 0.0156299 0.0173028 0.0191258 0.0211 0.0232258 0.0255026 0.0279288 0.0305016 0.033217 0.0360698 0.0390531 0.0421588 0.0453772 0.0486972 0.0521063 0.0555903 0.0591341 0.0627209 0.0663329 0.0699514 0.0735567 0.0771284 0.0806456 0.0840869 0.0874311 0.0906568 0.093743 0.0966691 0.0994154 0.101963 0.104294 0.106392 0.108242 0.109831 0.111147 0.112181 0.112925 0.113374 0.113524 0.113374 0.112925 0.112181 0.111147 0.109831 0.108242 0.106392 0.104294 0.101963 0.0994154 0.0966691 0.093743 0.0906568 0.0874311 0.0840869 0.0806456 0.0771284 0.0735567 0.0699514 0.0663329 0.0627209 0.0591341 0.0555903 0.0521063 0.0486972 0.0453772 0.0421588 0.0390531 0.0360698 0.033217 0.0305016 0.0279288 0.0255026 0.0232258 0.0211 0.0191258 0.0173028 0.0156299 0.0141053 0.0127268 0.0114917 0.0103973 0.00944038 0.00861818 0.00792785 0.00736685 0.00693297 0.00662439 0.00643979 
0.00709795 0.00716584 0.00736983 0.00771077 0.0081901 0.00880973 0.00957204 0.0104797 0.0115358 0.0127432 0.0141053 0.0156249 0.0173049 0.0191474 0.0211544 0.0233268 0.0256648 0.0281676 0.0308332 0.0336585 0.0366388 0.0397681 0.043039 0.0464422 0.0499671 0.0536014 0.0573312 0.0611412 0.0650145 0.0689329 0.072877 0.0768263 0.0807594 0.0846542 0.0884879 0.0922375 0.0958797 0.0993917 0.102751 0.105934 0.108921 0.111691 0.114226 0.116506 0.118516 0.120243 0.121673 0.122795 0.123604 0.124091 0.124253 0.124091 0.123604 0.122795 0.121673 0.120243 0.118516 0.116506 0.114226 0.111691 0.108921 0.105934 0.102751 0.0993917 0.0958797 0.0922375 0.0884879 0.0846542 0.0807594 0.0768263 0.072877 0.0689329 0.0650145 0.0611412 0.0573312 0.0536014 0.0499671 0.0464422 0.043039 0.0397681 0.0366388 0.0336585 0.0308332 0.0281676 0.0256648 0.0233268 0.0211544 0.0191474 0.0173049 0.0156249 0.0141053 0.0127432 0.0115358 0.0104797 0.00957204 0.00880973 0.0081901 0.00771077 0.00736983 0.00716584 
0.00789638 0.00797139 0.00819676 0.0085734 0.00910284 0.00978713 0.0106288 0.0116307 0.012796 0.0141279 0.0156299 0.0173049 0.0191558 0.021185 0.0233942 0.0257844 0.0283555 0.0311065 0.0340349 0.0371372 0.0404079 0.0438405 0.0474263 0.0511553 0.0550157 0.0589938 0.0630743 0.0672404 0.0714737 0.0757542 0.0800607 0.0843709 0.0886614 0.0929083 0.0970868 0.101172 0.105139 0.108962 0.112617 0.116081 0.11933 0.122342 0.125097 0.127575 0.12976 0.131635 0.133188 0.134408 0.135285 0.135814 0.135991 0.135814 0.135285 0.134408 0.133188 0.131635 0.12976 0.127575 0.125097 0.122342 0.11933 0.116081 0.112617 0.108962 0.105139 0.101172 0.0970868 0.0929083 0.0886614 0.0843709 0.0800607 0.0757542 0.0714737 0.0672404 0.0630743 0.0589938 0.0550157 0.0511553 0.0474263 0.0438405 0.0404079 0.0371372 0.0340349 0.0311065 0.0283555 0.0257844 0.0233942 0.021185 0.0191558 0.0173049 0.0156299 0.0141279 0.012796 0.0116307 0.0106288 0.00978713 0.00910284 0.0085734 0.00819676 0.00797139 
0.00877546 0.00885827 0.00910703 0.00952273 0.010107 0.010862 0.0117905 0.0128954 0.0141801 0.0156481 0.0173028 0.0191474 0.021185 0.0234178 0.0258476 0.0284752 0.0313004 0.0343217 0.0375362 0.0409398 0.0445264 0.0482885 0.0522166 0.0562993 0.0605237 0.0648747 0.0693354 0.0738875 0.0785105 0.0831829 0.0878814 0.0925818 0.0972587 0.101886 0.106437 0.110884 0.115201 0.11936 0.123335 0.127101 0.130631 0.133904 0.136896 0.139587 0.141959 0.143995 0.145681 0.147005 0.147957 0.148531 0.148723 0.148531 0.147957 0.147005 0.145681 0.143995 0.141959 0.139587 0.136896 0.133904 0.130631 0.127101 0.123335 0.11936 0.115201 0.110884 0.106437 0.101886 0.0972587 0.0925818 0.0878814 0.0831829 0.0785105 0.0738875 0.0693354 0.0648747 0.0605237 0.0562993 0.0522166 0.0482885 0.0445264 0.0409398 0.0375362 0.0343217 0.0313004 0.0284752 0.0258476 0.0234178 0.021185 0.0191474 0.0173028 0.0156481 0.0141801 0.0128954 0.0117905 0.010862 0.010107 0.00952273 0.00910703 0.00885827 
0.0097368 0.00982807 0.0101023 0.0105604 0.0112042 0.0120361 0.0130587 0.0142755 0.0156898 0.0173054 0.0191258 0.0211544 0.0233942 0.0258476 0.0285163 0.0314008 0.0345008 0.0378143 0.0413381 0.0450671 0.0489947 0.0531123 0.0574094 0.0618734 0.0664899 0.0712423 0.0761121 0.0810791 0.0861212 0.0912145 0.0963339 0.101453 0.106544 0.111579 0.116529 0.121364 0.126056 0.130574 0.134891 0.138979 0.142811 0.146362 0.149608 0.152527 0.155099 0.157306 0.159133 0.160568 0.1616 0.162222 0.16243 0.162222 0.1616 0.160568 0.159133 0.157306 0.155099 0.152527 0.149608 0.146362 0.142811 0.138979 0.134891 0.130574 0.126056 0.121364 0.116529 0.111579 0.106544 0.101453 0.0963339 0.0912145 0.0861212 0.0810791 0.0761121 0.0712423 0.0664899 0.0618734 0.0574094 0.0531123 0.0489947 0.0450671 0.0413381 0.0378143 0.0345008 0.0314008 0.0285163 0.0258476 0.0233942 0.0211544 0.0191258 0.0173054 0.0156898 0.0142755 0.0130587 0.0120361 0.0112042 0.0105604 0.0101023 0.00982807 
0.0107817 0.0108821 0.0111837 0.0116877 0.0123958 0.0133105 0.0144349 0.0157723 0.0173264 0.0191011 0.0211 0.0233268 0.0257844 0.0284752 0.0314008 0.0345617 0.037957 0.0415844 0.0454401 0.0495184 0.0538116 0.0583103 0.0630026 0.0678748 0.0729108 0.0780924 0.0833994 0.0888096 0.0942988 0.0998412 0.105409 0.110975 0.116507 0.121976 0.12735 0.132598 0.137687 0.142588 0.147268 0.151698 0.15585 0.159696 0.163211 0.166371 0.169154 0.171543 0.17352 0.175072 0.176189 0.176862 0.177087 0.176862 0.176189 0.175072 0.17352 0.171543 0.169154 0.166371 0.163211 0.159696 0.15585 0.151698 0.147268 0.142588 0.137687 0.132598 0.12735 0.121976 0.116507 0.110975 0.105409 0.0998412 0.0942988 0.0888096 0.0833994 0.0780924 0.0729108 0.0678748 0.0630026 0.0583103 0.0538116 0.0495184 0.0454401 0.0415844 0.037957 0.0345617 0.0314008 0.0284752 0.0257844 0.0233268 0.0211 0.0191011 0.0173264 0.0157723 0.0144349 0.0133105 0.0123958 0.0116877 0.0111837 0.0108821 
0.0119109 0.0120211 0.0123522 0.0129054 0.0136825 0.0146862 0.0159196 0.0173864 0.0190904 0.0210355 0.0232258 0.0256648 0.0283555 0.0313004 0.0345008 0.037957 0.0416677 0.0456303 0.0498402 0.054291 0.058974 0.0638786 0.0689917 0.0742981 0.0797802 0.0854179 0.0911892 0.0970698 0.103033 0.109052 0.115095 0.121133 0.127132 0.13306 0.138883 0.144566 0.150077 0.15538 0.160443 0.165235 0.169723 0.17388 0.177678 0.181092 0.184099 0.186678 0.188813 0.190489 0.191694 0.192421 0.192663 0.192421 0.191694 0.190489 0.188813 0.186678 0.184099 0.181092 0.177678 0.17388 0.169723 0.165235 0.160443 0.15538 0.150077 0.144566 0.138883 0.13306 0.127132 0.121133 0.115095 0.109052 0.103033 0.0970698 0.0911892 0.0854179 0.0797802 0.0742981 0.0689917 0.0638786 0.058974 0.054291 0.0498402 0.0456303 0.0416677 0.037957 0.0345008 0.0313004 0.0283555 0.0256648 0.0232258 0.0210355 0.0190904 0.0173864 0.0159196 0.0146862 0.0136825 0.0129054 0.0123522 0.0120211 
0.013125 0.0132457 0.0136082 0.0142138 0.0150646 0.0161632 0.017513 0.0191178 0.0209816 0.0231085 0.0255026 0.0281676 0.0311065 0.0343217 0.0378143 0.0415844 0.0456303 0.0499488 0.0545346 0.0593803 0.0644765 0.069811 0.0753696 0.0811354 0.087089 0.0932087 0.0994702 0.105847 0.112311 0.118831 0.125376 0.13191 0.138401 0.144811 0.151105 0.157246 0.163198 0.168924 0.174389 0.179559 0.1844 0.188883 0.192977 0.196657 0.199897 0.202676 0.204976 0.206781 0.208079 0.208861 0.209123 0.208861 0.208079 0.206781 0.204976 0.202676 0.199897 0.196657 0.192977 0.188883 0.1844 0.179559 0.174389 0.168924 0.163198 0.157246 0.151105 0.144811 0.138401 0.13191 0.125376 0.118831 0.112311 0.105847 0.0994702 0.0932087 0.087089 0.0811354 0.0753696 0.069811 0.0644765 0.0593803 0.0545346 0.0499488 0.0456303 0.0415844 0.0378143 0.0343217 0.0311065 0.0281676 0.0255026 0.0231085 0.0209816 0.0191178 0.017513 0.0161632 0.0150646 0.0142138 0.0136082 0.0132457 
0.0144236 0.0145554 0.0149514 0.0156128 0.0165417 0.0177411 0.0192145 0.0209657 0.022999 0.0253186 0.0279288 0.0308332 0.0340349 0.0375362 0.0413381 0.0454401 0.0498402 0.0545346 0.0595171 0.0647796 0.0703112 0.0760988 0.0821264 0.0883756 0.0948251 0.101451 0.108228 0.115125 0.122114 0.12916 0.136229 0.143284 0.150288 0.157203 0.16399 0.170609 0.177021 0.183187 0.189071 0.194635 0.199844 0.204666 0.209069 0.213025 0.216507 0.219494 0.221965 0.223905 0.225299 0.22614 0.22642 0.22614 0.225299 0.223905 0.221965 0.219494 0.216507 0.213025 0.209069 0.204666 0.199844 0.194635 0.189071 0.183187 0.177021 0.170609 0.16399 0.157203 0.150288 0.143284 0.136229 0.12916 0.122114 0.115125 0.108228 0.101451 0.0948251 0.0883756 0.0821264 0.0760988 0.0703112 0.0647796 0.0595171 0.0545346 0.0498402 0.0454401 0.0413381 0.0375362 0.0340349 0.0308332 0.0279288 0.0253186 0.022999 0.0209657 0.0192145 0.0177411 0.0165417 0.0156128 0.0149514 0.0145554 
0.0158061 0.0159497 0.0163809 0.0171012 0.0181128 0.0194187 0.0210225 0.0229283 0.0251405 0.0276636 0.0305016 0.0336585 0.0371372 0.0409398 0.0450671 0.0495184 0.054291 0.0593803 0.0647796 0.0704794 0.0764678 0.0827302 0.0892492 0.0960044 0.102973 0.110128 0.117442 0.124884 0.13242 0.140014 0.147629 0.155226 0.162765 0.170205 0.177503 0.184618 0.191508 0.198132 0.20445 0.210422 0.216013 0.221185 0.225907 0.230149 0.233882 0.237084 0.239732 0.24181 0.243304 0.244205 0.244506 0.244205 0.243304 0.24181 0.239732 0.237084 0.233882 0.230149 0.225907 0.221185 0.216013 0.210422 0.20445 0.198132 0.191508 0.184618 0.177503 0.170205 0.162765 0.155226 0.147629 0.140014 0.13242 0.124884 0.117442 0.110128 0.102973 0.0960044 0.0892492 0.0827302 0.0764678 0.0704794 0.0647796 0.0593803 0.054291 0.0495184 0.0450671 0.0409398 0.0371372 0.0336585 0.0305016 0.0276636 0.0251405 0.0229283 0.0210225 0.0194187 0.0181128 0.0171012 0.0163809 0.0159497 
0.0172708 0.0174268 0.0178952 0.0186775 0.019776 0.0211938 0.0229348 0.0250031 0.0274032 0.0301398 0.033217 0.0366388 0.0404079 0.0445264 0.0489947 0.0538116 0.058974 0.0644765 0.0703112 0.0764678 0.0829331 0.0896908 0.0967219 0.104004 0.111512 0.119219 0.127092 0.135098 0.143202 0.151365 0.159547 0.167705 0.175798 0.18378 0.191607 0.199234 0.206618 0.213714 0.220479 0.226873 0.232855 0.238389 0.24344 0.247976 0.251967 0.255389 0.25822 0.260441 0.262037 0.262999 0.263321 0.262999 0.262037 0.260441 0.25822 0.255389 0.251967 0.247976 0.24344 0.238389 0.232855 0.226873 0.220479 0.213714 0.206618 0.199234 0.191607 0.18378 0.175798 0.167705 0.159547 0.151365 0.143202 0.135098 0.127092 0.119219 0.111512 0.104004 0.0967219 0.0896908 0.0829331 0.0764678 0.0703112 0.0644765 0.058974 0.0538116 0.0489947 0.0445264 0.0404079 0.0366388 0.033217 0.0301398 0.0274032 0.0250031 0.0229348 0.0211938 0.019776 0.0186775 0.0178952 0.0174268 
0.0188157 0.0189846 0.0194919 0.020339 0.0215285 0.0230635 0.0249479 0.0271861 0.0297828 0.0327426 0.0360698 0.0397681 0.0438405 0.0482885 0.0531123 0.0583103 0.0638786 0.069811 0.0760988 0.0827302 0.0896908 0.0969627 0.104525 0.112354 0.120421 0.128698 0.137149 0.14574 0.15443 0.16318 0.171946 0.180683 0.189345 0.197886 0.206257 0.214412 0.222302 0.229882 0.237107 0.243932 0.250317 0.256221 0.261608 0.266445 0.270701 0.274348 0.277365 0.279732 0.281433 0.282458 0.2828 0.282458 0.281433 0.279732 0.277365 0.274348 0.270701 0.266445 0.261608 0.256221 0.250317 0.243932 0.237107 0.229882 0.222302 0.214412 0.206257 0.197886 0.189345 0.180683 0.171946 0.16318 0.15443 0.14574 0.137149 0.128698 0.120421 0.112354 0.104525 0.0969627 0.0896908 0.0827302 0.0760988 0.069811 0.0638786 0.0583103 0.0531123 0.0482885 0.0438405 0.0397681 0.0360698 0.0327426 0.0297828 0.0271861 0.0249479 0.0230635 0.0215285 0.020339 0.0194919 0.0189846 
0.0204374 0.0206199 0.0211677 0.0220824 0.0233667 0.0250237 0.0270575 0.0294727 0.032274 0.035466 0.0390531 0.043039 0.0474263 0.0522166 0.0574094 0.0630026 0.0689917 0.0753696 0.0821264 0.0892492 0.0967219 0.104525 0.112636 0.121028 0.129673 0.138537 0.147583 0.156775 0.166068 0.175421 0.184787 0.194117 0.203363 0.212476 0.221404 0.230097 0.238506 0.246581 0.254275 0.261541 0.268335 0.274617 0.280347 0.28549 0.290014 0.293891 0.297098 0.299612 0.30142 0.302509 0.302873 0.302509 0.30142 0.299612 0.297098 0.293891 0.290014 0.28549 0.280347 0.274617 0.268335 0.261541 0.254275 0.246581 0.238506 0.230097 0.221404 0.212476 0.203363 0.194117 0.184787 0.175421 0.166068 0.156775 0.147583 0.138537 0.129673 0.121028 0.112636 0.104525 0.0967219 0.0892492 0.0821264 0.0753696 0.0689917 0.0630026 0.0574094 0.0522166 0.0474263 0.043039 0.0390531 0.035466 0.032274 0.0294727 0.0270575 0.0250237 0.0233667 0.0220824 0.0211677 0.0206199 
0.0221322 0.0223287 0.0229185 0.0239034 0.0252859 0.0270695 0.0292583 0.0318569 0.0348701 0.0383026 0.0421588 0.0464422 0.0511553 0.0562993 0.0618734 0.0678748 0.0742981 0.0811354 0.0883756 0.0960044 0.104004 0.112354 0.121028 0.13 0.139236 0.148702 0.158359 0.168165 0.178076 0.188045 0.198023 0.207959 0.217802 0.227497 0.236993 0.246235 0.25517 0.263748 0.271918 0.279631 0.286842 0.293506 0.299583 0.305037 0.309833 0.313943 0.317341 0.320006 0.321921 0.323075 0.32346 0.323075 0.321921 0.320006 0.317341 0.313943 0.309833 0.305037 0.299583 0.293506 0.286842 0.279631 0.271918 0.263748 0.25517 0.246235 0.236993 0.227497 0.217802 0.207959 0.198023 0.188045 0.178076 0.168165 0.158359 0.148702 0.139236 0.13 0.121028 0.112354 0.104004 0.0960044 0.0883756 0.0811354 0.0742981 0.0678748 0.0618734 0.0562993 0.0511553 0.0464422 0.0421588 0.0383026 0.0348701 0.0318569 0.0292583 0.0270695 0.0252859 0.0239034 0.0229185 0.0223287 
0.0238953 0.0241062 0.0247395 0.0257968 0.0272808 0.029195 0.0315437 0.0343315 0.0375633 0.0412437 0.0453772 0.0499671 0.0550157 0.0605237 0.0664899 0.0729108 0.0797802 0.087089 0.0948251 0.102973 0.111512 0.120421 0.129673 0.139236 0.149077 0.159158 0.169437 0.17987 0.190409 0.201006 0.211606 0.222158 0.232605 0.242892 0.252962 0.26276 0.272229 0.281316 0.289967 0.298132 0.305762 0.312812 0.31924 0.325007 0.330078 0.334422 0.338013 0.340828 0.342852 0.344071 0.344478 0.344071 0.342852 0.340828 0.338013 0.334422 0.330078 0.325007 0.31924 0.312812 0.305762 0.298132 0.289967 0.281316 0.272229 0.26276 0.252962 0.242892 0.232605 0.222158 0.211606 0.201006 0.190409 0.17987 0.169437 0.159158 0.149077 0.139236 0.129673 0.120421 0.111512 0.102973 0.0948251 0.087089 0.0797802 0.0729108 0.0664899 0.0605237 0.0550157 0.0499671 0.0453772 0.0412437 0.0375633 0.0343315 0.0315437 0.029195 0.0272808 0.0257968 0.0247395 0.0241062 
0.0257209 0.0259466 0.0266246 0.0277563 0.0293447 0.0313931 0.0339061 0.0368882 0.0403443 0.0442793 0.0486972 0.0536014 0.0589938 0.0648747 0.0712423 0.0780924 0.0854179 0.0932087 0.101451 0.110128 0.119219 0.128698 0.138537 0.148702 0.159158 0.169863 0.180774 0.191843 0.203019 0.214251 0.225482 0.236656 0.247714 0.258598 0.269248 0.279606 0.289613 0.299211 0.308347 0.316966 0.325018 0.332456 0.339235 0.345316 0.350662 0.355241 0.359025 0.361992 0.364124 0.365409 0.365838 0.365409 0.364124 0.361992 0.359025 0.355241 0.350662 0.345316 0.339235 0.332456 0.325018 0.316966 0.308347 0.299211 0.289613 0.279606 0.269248 0.258598 0.247714 0.236656 0.225482 0.214251 0.203019 0.191843 0.180774 0.169863 0.159158 0.148702 0.138537 0.128698 0.119219 0.110128 0.101451 0.0932087 0.0854179 0.0780924 0.0712423 0.0648747 0.0589938 0.0536014 0.0486972 0.0442793 0.0403443 0.0368882 0.0339061 0.0313931 0.0293447 0.0277563 0.0266246 0.0259466 
0.0276024 0.0278434 0.028567 0.0297749 0.03147 0.0336558 0.0363366 0.0395174 0.0432029 0.0473979 0.0521063 0.0573312 0.0630743 0.0693354 0.0761121 0.0833994 0.0911892 0.0994702 0.108228 0.117442 0.127092 0.137149 0.147583 0.158359 0.169437 0.180774 0.192323 0.204034 0.215853 0.227725 0.239591 0.251391 0.263064 0.274548 0.28578 0.2967 0.307245 0.317357 0.326978 0.336051 0.344525 0.35235 0.359481 0.365875 0.371495 0.376308 0.380285 0.383403 0.385644 0.386993 0.387444 0.386993 0.385644 0.383403 0.380285 0.376308 0.371495 0.365875 0.359481 0.35235 0.344525 0.336051 0.326978 0.317357 0.307245 0.2967 0.28578 0.274548 0.263064 0.251391 0.239591 0.227725 0.215853 0.204034 0.192323 0.180774 0.169437 0.158359 0.147583 0.137149 0.127092 0.117442 0.108228 0.0994702 0.0911892 0.0833994 0.0761121 0.0693354 0.0630743 0.0573312 0.0521063 0.0473979 0.0432029 0.0395174 0.0363366 0.0336558 0.03147 0.0297749 0.028567 0.0278434 
0.0295323 0.0297888 0.030559 0.0318445 0.0336482 0.0359738 0.0388257 0.0422086 0.0461274 0.0505867 0.0555903 0.0611412 0.0672404 0.0738875 0.0810791 0.0888096 0.0970698 0.105847 0.115125 0.124884 0.135098 0.14574 0.156775 0.168165 0.17987 0.191843 0.204034 0.21639 0.228854 0.241369 0.253871 0.266298 0.278587 0.290671 0.302485 0.313966 0.325049 0.335672 0.345776 0.355301 0.364195 0.372406 0.379885 0.386591 0.392483 0.397528 0.401697 0.404965 0.407312 0.408726 0.409199 0.408726 0.407312 0.404965 0.401697 0.397528 0.392483 0.386591 0.379885 0.372406 0.364195 0.355301 0.345776 0.335672 0.325049 0.313966 0.302485 0.290671 0.278587 0.266298 0.253871 0.241369 0.228854 0.21639 0.204034 0.191843 0.17987 0.168165 0.156775 0.14574 0.135098 0.124884 0.115125 0.105847 0.0970698 0.0888096 0.0810791 0.0738875 0.0672404 0.0611412 0.0555903 0.0505867 0.0461274 0.0422086 0.0388257 0.0359738 0.0336482 0.0318445 0.030559 0.0297888 
0.0315024 0.0317746 0.0325919 0.0339561 0.0358699 0.0383372 0.0413623 0.0449499 0.0491049 0.0538317 0.0591341 0.0650145 0.0714737 0.0785105 0.0861212 0.0942988 0.103033 0.112311 0.122114 0.13242 0.143202 0.15443 0.166068 0.178076 0.190409 0.203019 0.215853 0.228854 0.241964 0.25512 0.268257 0.28131 0.294211 0.306892 0.319286 0.331324 0.342941 0.354071 0.364654 0.374628 0.383937 0.392529 0.400353 0.407367 0.413528 0.418803 0.42316 0.426576 0.429029 0.430507 0.431 0.430507 0.429029 0.426576 0.42316 0.418803 0.413528 0.407367 0.400353 0.392529 0.383937 0.374628 0.364654 0.354071 0.342941 0.331324 0.319286 0.306892 0.294211 0.28131 0.268257 0.25512 0.241964 0.228854 0.215853 0.203019 0.190409 0.178076 0.166068 0.15443 0.143202 0.13242 0.122114 0.112311 0.103033 0.0942988 0.0861212 0.0785105 0.0714737 0.0650145 0.0591341 0.0538317 0.0491049 0.0449499 0.0413623 0.0383372 0.0358699 0.0339561 0.0325919 0.0317746 
0.0335034 0.0337915 0.0346564 0.0360998 0.0381248 0.0407349 0.0439345 0.0477285 0.0521215 0.0571178 0.0627209 0.0689329 0.0757542 0.0831829 0.0912145 0.0998412 0.109052 0.118831 0.12916 0.140014 0.151365 0.16318 0.175421 0.188045 0.201006 0.214251 0.227725 0.241369 0.25512 0.268913 0.282681 0.296355 0.309863 0.323136 0.336102 0.348692 0.360836 0.372468 0.383522 0.393938 0.403657 0.412624 0.420788 0.428104 0.43453 0.44003 0.444573 0.448134 0.450691 0.452231 0.452746 0.452231 0.450691 0.448134 0.444573 0.44003 0.43453 0.428104 0.420788 0.412624 0.403657 0.393938 0.383522 0.372468 0.360836 0.348692 0.336102 0.323136 0.309863 0.296355 0.282681 0.268913 0.25512 0.241369 0.227725 0.214251 0.201006 0.188045 0.175421 0.16318 0.151365 0.140014 0.12916 0.118831 0.109052 0.0998412 0.0912145 0.0831829 0.0757542 0.0689329 0.0627209 0.0571178 0.0521215 0.0477285 0.0439345 0.0407349 0.0381248 0.0360998 0.0346564 0.0337915 
0.0355253 0.0358293 0.036742 0.0382651 0.0404015 0.043155 0.0465298 0.0505307 0.0551622 0.0604286 0.0663329 0.072877 0.0800607 0.0878814 0.0963339 0.105409 0.115095 0.125376 0.136229 0.147629 0.159547 0.171946 0.184787 0.198023 0.211606 0.225482 0.239591 0.253871 0.268257 0.282681 0.297072 0.311358 0.325466 0.339322 0.352852 0.365984 0.378647 0.390771 0.40229 0.413139 0.423259 0.432594 0.441091 0.448703 0.455387 0.461108 0.465832 0.469534 0.472193 0.473794 0.474329 0.473794 0.472193 0.469534 0.465832 0.461108 0.455387 0.448703 0.441091 0.432594 0.423259 0.413139 0.40229 0.390771 0.378647 0.365984 0.352852 0.339322 0.325466 0.311358 0.297072 0.282681 0.268257 0.253871 0.239591 0.225482 0.211606 0.198023 0.184787 0.171946 0.159547 0.147629 0.136229 0.125376 0.115095 0.105409 0.0963339 0.0878814 0.0800607 0.072877 0.0663329 0.0604286 0.0551622 0.0505307 0.0465298 0.043155 0.0404015 0.0382651 0.036742 0.0358293 
0.0375576 0.0378775 0.0388379 0.0404405 0.0426882 0.0455847 0.0491344 0.0533417 0.0582113 0.0637469 0.0699514 0.0768263 0.0843709 0.0925818 0.101453 0.110975 0.121133 0.13191 0.143284 0.155226 0.167705 0.180683 0.194117 0.207959 0.222158 0.236656 0.251391 0.266298 0.28131 0.296355 0.311358 0.326246 0.340942 0.35537 0.369453 0.383116 0.396286 0.408891 0.420863 0.432135 0.442647 0.45234 0.46116 0.469061 0.475997 0.481932 0.486833 0.490672 0.49343 0.49509 0.495645 0.49509 0.49343 0.490672 0.486833 0.481932 0.475997 0.469061 0.46116 0.45234 0.442647 0.432135 0.420863 0.408891 0.396286 0.383116 0.369453 0.35537 0.340942 0.326246 0.311358 0.296355 0.28131 0.266298 0.251391 0.236656 0.222158 0.207959 0.194117 0.180683 0.167705 0.155226 0.143284 0.13191 0.121133 0.110975 0.101453 0.0925818 0.0843709 0.0768263 0.0699514 0.0637469 0.0582113 0.0533417 0.0491344 0.0455847 0.0426882 0.0404405 0.0388379 0.0378775 
0.039589 0.0399247 0.0409325 0.0426141 0.0449723 0.0480109 0.051734 0.0561463 0.0612519 0.0670545 0.0735567 0.0807594 0.0886614 0.0972587 0.106544 0.116507 0.127132 0.138401 0.150288 0.162765 0.175798 0.189345 0.203363 0.217802 0.232605 0.247714 0.263064 0.278587 0.294211 0.309863 0.325466 0.340942 0.356213 0.371198 0.38582 0.400001 0.413664 0.426737 0.439149 0.450832 0.461724 0.471764 0.480898 0.489078 0.496258 0.5024 0.507471 0.511444 0.514297 0.516015 0.516588 0.516015 0.514297 0.511444 0.507471 0.5024 0.496258 0.489078 0.480898 0.471764 0.461724 0.450832 0.439149 0.426737 0.413664 0.400001 0.38582 0.371198 0.356213 0.340942 0.325466 0.309863 0.294211 0.278587 0.263064 0.247714 0.232605 0.217802 0.203363 0.189345 0.175798 0.162765 0.150288 0.138401 0.127132 0.116507 0.106544 0.0972587 0.0886614 0.0807594 0.0735567 0.0670545 0.0612519 0.0561463 0.051734 0.0480109 0.0449723 0.0426141 0.0409325 0.0399247 
0.0416077 0.041959 0.0430136 0.0447731 0.0472405 0.0504193 0.0543138 0.0589282 0.0642667 0.0703327 0.0771284 0.0846542 0.0929083 0.101886 0.111579 0.121976 0.13306 0.144811 0.157203 0.170205 0.18378 0.197886 0.212476 0.227497 0.242892 0.258598 0.274548 0.290671 0.306892 0.323136 0.339322 0.35537 0.371198 0.386725 0.401869 0.416551 0.430692 0.444218 0.457055 0.469135 0.480393 0.490768 0.500205 0.508654 0.516068 0.52241 0.527645 0.531746 0.53469 0.536463 0.537055 0.536463 0.53469 0.531746 0.527645 0.52241 0.516068 0.508654 0.500205 0.490768 0.480393 0.469135 0.457055 0.444218 0.430692 0.416551 0.401869 0.386725 0.371198 0.35537 0.339322 0.323136 0.306892 0.290671 0.274548 0.258598 0.242892 0.227497 0.212476 0.197886 0.18378 0.170205 0.157203 0.144811 0.13306 0.121976 0.111579 0.101886 0.0929083 0.0846542 0.0771284 0.0703327 0.0642667 0.0589282 0.0543138 0.0504193 0.0472405 0.0447731 0.0430136 0.041959 
0.0436015 0.0439681 0.0450686 0.0469047 0.0494793 0.0527958 0.0568583 0.0616711 0.067238 0.0735623 0.0806456 0.0884879 0.0970868 0.106437 0.116529 0.12735 0.138883 0.151105 0.16399 0.177503 0.191607 0.206257 0.221404 0.236993 0.252962 0.269248 0.28578 0.302485 0.319286 0.336102 0.352852 0.369453 0.38582 0.401869 0.417517 0.432682 0.447283 0.461244 0.47449 0.486951 0.498561 0.509257 0.518984 0.52769 0.535329 0.541862 0.547254 0.551477 0.554509 0.556334 0.556944 0.556334 0.554509 0.551477 0.547254 0.541862 0.535329 0.52769 0.518984 0.509257 0.498561 0.486951 0.47449 0.461244 0.447283 0.432682 0.417517 0.401869 0.38582 0.369453 0.352852 0.336102 0.319286 0.302485 0.28578 0.269248 0.252962 0.236993 0.221404 0.206257 0.191607 0.177503 0.16399 0.151105 0.138883 0.12735 0.116529 0.106437 0.0970868 0.0884879 0.0806456 0.0735623 0.067238 0.0616711 0.0568583 0.0527958 0.0494793 0.0469047 0.0450686 0.0439681 
0.0455579 0.0459394 0.0470848 0.0489956 0.0516747 0.0551254 0.0593519 0.0643581 0.0701477 0.0767235 0.0840869 0.0922375 0.101172 0.110884 0.121364 0.132598 0.144566 0.157246 0.170609 0.184618 0.199234 0.214412 0.230097 0.246235 0.26276 0.279606 0.2967 0.313966 0.331324 0.348692 0.365984 0.383116 0.400001 0.416551 0.432682 0.448309 0.463351 0.477728 0.491365 0.504189 0.516134 0.527137 0.53714 0.546091 0.553944 0.560659 0.5662 0.570539 0.573654 0.57553 0.576156 0.57553 0.573654 0.570539 0.5662 0.560659 0.553944 0.546091 0.53714 0.527137 0.516134 0.504189 0.491365 0.477728 0.463351 0.448309 0.432682 0.416551 0.400001 0.383116 0.365984 0.348692 0.331324 0.313966 0.2967 0.279606 0.26276 0.246235 0.230097 0.214412 0.199234 0.184618 0.170609 0.157246 0.144566 0.132598 0.121364 0.110884 0.101172 0.0922375 0.0840869 0.0767235 0.0701477 0.0643581 0.0593519 0.0551254 0.0516747 0.0489956 0.0470848 0.0459394 
0.0474641 0.0478602 0.049049 0.0510322 0.0538125 0.0573934 0.0617786 0.0669721 0.0729773 0.0797966 0.0874311 0.0958797 0.105139 0.115201 0.126056 0.137687 0.150077 0.163198 0.177021 0.191508 0.206618 0.222302 0.238506 0.25517 0.272229 0.289613 0.307245 0.325049 0.342941 0.360836 0.378647 0.396286 0.413664 0.430692 0.447283 0.463351 0.478811 0.493584 0.507591 0.520761 0.533024 0.544317 0.554582 0.563765 0.57182 0.578706 0.584388 0.588837 0.592031 0.593954 0.594596 0.593954 0.592031 0.588837 0.584388 0.578706 0.57182 0.563765 0.554582 0.544317 0.533024 0.520761 0.507591 0.493584 0.478811 0.463351 0.447283 0.430692 0.413664 0.396286 0.378647 0.360836 0.342941 0.325049 0.307245 0.289613 0.272229 0.25517 0.238506 0.222302 0.206618 0.191508 0.177021 0.163198 0.150077 0.137687 0.126056 0.115201 0.105139 0.0958797 0.0874311 0.0797966 0.0729773 0.0669721 0.0617786 0.0573934 0.0538125 0.0510322 0.049049 0.0478602 
0.0493076 0.0497176 0.0509482 0.0530011 0.0558788 0.0595848 0.0641227 0.0694962 0.0757086 0.0827619 0.0906568 0.0993917 0.108962 0.11936 0.130574 0.142588 0.15538 0.168924 0.183187 0.198132 0.213714 0.229882 0.246581 0.263748 0.281316 0.299211 0.317357 0.335672 0.354071 0.372468 0.390771 0.408891 0.426737 0.444218 0.461244 0.477728 0.493584 0.50873 0.523087 0.536582 0.549145 0.560711 0.571222 0.580623 0.588868 0.595915 0.60173 0.606282 0.609549 0.611516 0.612173 0.611516 0.609549 0.606282 0.60173 0.595915 0.588868 0.580623 0.571222 0.560711 0.549145 0.536582 0.523087 0.50873 0.493584 0.477728 0.461244 0.444218 0.426737 0.408891 0.390771 0.372468 0.354071 0.335672 0.317357 0.299211 0.281316 0.263748 0.246581 0.229882 0.213714 0.198132 0.183187 0.168924 0.15538 0.142588 0.130574 0.11936 0.108962 0.0993917 0.0906568 0.0827619 0.0757086 0.0694962 0.0641227 0.0595848 0.0558788 0.0530011 0.0509482 0.0497176 
0.0510755 0.0514989 0.0527694 0.0548887 0.0578594 0.0616848 0.0663683 0.0719136 0.0783236 0.0856 0.093743 0.102751 0.112617 0.123335 0.134891 0.147268 0.160443 0.174389 0.189071 0.20445 0.220479 0.237107 0.254275 0.271918 0.289967 0.308347 0.326978 0.345776 0.364654 0.383522 0.40229 0.420863 0.439149 0.457055 0.47449 0.491365 0.507591 0.523087 0.537772 0.551572 0.564415 0.576236 0.586976 0.596581 0.605004 0.612201 0.618139 0.622787 0.626123 0.628132 0.628802 0.628132 0.626123 0.622787 0.618139 0.612201 0.605004 0.596581 0.586976 0.576236 0.564415 0.551572 0.537772 0.523087 0.507591 0.491365 0.47449 0.457055 0.439149 0.420863 0.40229 0.383522 0.364654 0.345776 0.326978 0.308347 0.289967 0.271918 0.254275 0.237107 0.220479 0.20445 0.189071 0.174389 0.160443 0.147268 0.134891 0.123335 0.112617 0.102751 0.093743 0.0856 0.0783236 0.0719136 0.0663683 0.0616848 0.0578594 0.0548887 0.0527694 0.0514989 
0.0527556 0.0531915 0.0544998 0.056682 0.0597406 0.0636789 0.0685002 0.0742078 0.0808045 0.0882917 0.0966691 0.105934 0.116081 0.127101 0.138979 0.151698 0.165235 0.179559 0.194635 0.210422 0.226873 0.243932 0.261541 0.279631 0.298132 0.316966 0.336051 0.355301 0.374628 0.393938 0.413139 0.432135 0.450832 0.469135 0.486951 0.504189 0.520761 0.536582 0.551572 0.565653 0.578756 0.590814 0.601767 0.611561 0.620147 0.627484 0.633535 0.638272 0.641672 0.643719 0.644402 0.643719 0.641672 0.638272 0.633535 0.627484 0.620147 0.611561 0.601767 0.590814 0.578756 0.565653 0.551572 0.536582 0.520761 0.504189 0.486951 0.469135 0.450832 0.432135 0.413139 0.393938 0.374628 0.355301 0.336051 0.316966 0.298132 0.279631 0.261541 0.243932 0.226873 0.210422 0.194635 0.179559 0.165235 0.151698 0.138979 0.127101 0.116081 0.105934 0.0966691 0.0882917 0.0808045 0.0742078 0.0685002 0.0636789 0.0597406 0.056682 0.0544998 0.0531915 
0.0543357 0.0547834 0.056127 0.0583681 0.0615091 0.0655531 0.0705033 0.0763629 0.0831343 0.0908187 0.0994154 0.108921 0.11933 0.130631 0.142811 0.15585 0.169723 0.1844 0.199844 0.216013 0.232855 0.250317 0.268335 0.286842 0.305762 0.325018 0.344525 0.364195 0.383937 0.403657 0.423259 0.442647 0.461724 0.480393 0.498561 0.516134 0.533024 0.549145 0.564415 0.578756 0.592098 0.604374 0.615522 0.625489 0.634225 0.641689 0.647845 0.652664 0.656122 0.658203 0.658898 0.658203 0.656122 0.652664 0.647845 0.641689 0.634225 0.625489 0.615522 0.604374 0.592098 0.578756 0.564415 0.549145 0.533024 0.516134 0.498561 0.480393 0.461724 0.442647 0.423259 0.403657 0.383937 0.364195 0.344525 0.325018 0.305762 0.286842 0.268335 0.250317 0.232855 0.216013 0.199844 0.1844 0.169723 0.15585 0.142811 0.130631 0.11933 0.108921 0.0994154 0.0908187 0.0831343 0.0763629 0.0705033 0.0655531 0.0615091 0.0583681 0.056127 0.0547834 
0.0558043 0.0562629 0.0576392 0.0599348 0.063152 0.0672939 0.0723634 0.0783636 0.0852967 0.0931635 0.101963 0.111691 0.122342 0.133904 0.146362 0.159696 0.17388 0.188883 0.204666 0.221185 0.238389 0.256221 0.274617 0.293506 0.312812 0.332456 0.35235 0.372406 0.392529 0.412624 0.432594 0.45234 0.471764 0.490768 0.509257 0.527137 0.544317 0.560711 0.576236 0.590814 0.604374 0.616847 0.628173 0.638297 0.64717 0.65475 0.661 0.665892 0.669403 0.671516 0.672222 0.671516 0.669403 0.665892 0.661 0.65475 0.64717 0.638297 0.628173 0.616847 0.604374 0.590814 0.576236 0.560711 0.544317 0.527137 0.509257 0.490768 0.471764 0.45234 0.432594 0.412624 0.392529 0.372406 0.35235 0.332456 0.312812 0.293506 0.274617 0.256221 0.238389 0.221185 0.204666 0.188883 0.17388 0.159696 0.146362 0.133904 0.122342 0.111691 0.101963 0.0931635 0.0852967 0.0783636 0.0723634 0.0672939 0.063152 0.0599348 0.0576392 0.0562629 
