8.58149e-07 9.21004e-07 1.11634e-06 1.46488e-06 2.00261e-06 2.78291e-06 3.87953e-06 5.39044e-06 7.44246e-06 1.01966e-05 1.38541e-05 1.86628e-05 2.49236e-05 3.29974e-05 4.33104e-05 5.63599e-05 7.27169e-05 9.3028e-05 0.000118013 0.000148462 0.000185223 0.00022919 0.000281288 0.000342443 0.000413559 0.000495484 0.00058897 0.000694641 0.000812946 0.000944122 0.00108815 0.00124474 0.00141328 0.00159281 0.00178206 0.00197938 0.00218283 0.00239012 0.00259874 0.00280591 0.00300873 0.00320417 0.0033892 0.00356083 0.00371619 0.00385263 0.00396776 0.00405955 0.00412633 0.00416689 0.00418049 0.00416689 0.00412633 0.00405955 0.00396776 0.00385263 0.00371619 0.00356083 0.0033892 0.00320417 0.00300873 0.00280591 0.00259874 0.00239012 0.00218283 0.00197938 0.00178206 0.00159281 0.00141328 0.00124474 0.00108815 0.000944122 0.000812946 0.000694641 0.00058897 0.000495484 0.000413559 0.000342443 0.000281288 0.00022919 0.000185223 0.000148462 0.000118013 9.3028e-05 7.27169e-05 5.63599e-05 4.33104e-05 3.29974e-05 2.49236e-05 1.86628e-05 1.38541e-05 1.01966e-05 7.44246e-06 5.39044e-06 3.87953e-06 2.78291e-06 2.00261e-06 1.46488e-06 1.11634e-06 9.21004e-07 
9.21004e-07 9.88265e-07 1.19726e-06 1.57008e-06 2.14505e-06 2.97899e-06 4.1504e-06 5.76347e-06 7.95297e-06 1.08899e-05 1.47878e-05 1.99093e-05 2.65734e-05 3.51619e-05 4.61257e-05 5.999e-05 7.73575e-05 9.89101e-05 0.000125406 0.000157676 0.000196612 0.000243153 0.000298268 0.000362926 0.000438071 0.000524588 0.00062326 0.00073473 0.000859461 0.000997689 0.00114939 0.00131423 0.00149156 0.00168038 0.00187933 0.00208669 0.00230039 0.00251805 0.00273702 0.00295441 0.00316717 0.00337213 0.00356612 0.00374601 0.00390883 0.00405179 0.00417241 0.00426855 0.0043385 0.00438099 0.00439523 0.00438099 0.0043385 0.00426855 0.00417241 0.00405179 0.00390883 0.00374601 0.00356612 0.00337213 0.00316717 0.00295441 0.00273702 0.00251805 0.00230039 0.00208669 0.00187933 0.00168038 0.00149156 0.00131423 0.00114939 0.000997689 0.000859461 0.00073473 0.00062326 0.000524588 0.000438071 0.000362926 0.000298268 0.000243153 0.000196612 0.000157676 0.000125406 9.89101e-05 7.73575e-05 5.999e-05 4.61257e-05 3.51619e-05 2.65734e-05 1.99093e-05 1.47878e-05 1.08899e-05 7.95297e-06 5.76347e-06 4.1504e-06 2.97899e-06 2.14505e-06 1.57008e-06 1.19726e-06 9.88265e-07 
1.11634e-06 1.19726e-06 1.44861e-06 1.89668e-06 2.58705e-06 3.5872e-06 4.99024e-06 6.91955e-06 9.53444e-06 1.30367e-05 1.76777e-05 2.37661e-05 3.16758e-05 4.18535e-05 5.48253e-05 7.12027e-05 9.16856e-05 0.000117064 0.000148213 0.00018609 0.00023172 0.000286176 0.000350564 0.000425985 0.000513506 0.00061412 0.000728702 0.00085796 0.00100239 0.00116223 0.00133741 0.00152752 0.00173179 0.00194902 0.00217764 0.00241566 0.0026607 0.00291005 0.00316065 0.00340923 0.00365231 0.00388631 0.00410764 0.00431276 0.00449831 0.00466116 0.0047985 0.00490795 0.00498755 0.00503589 0.0050521 0.00503589 0.00498755 0.00490795 0.0047985 0.00466116 0.00449831 0.00431276 0.00410764 0.00388631 0.00365231 0.00340923 0.00316065 0.00291005 0.0026607 0.00241566 0.00217764 0.00194902 0.00173179 0.00152752 0.00133741 0.00116223 0.00100239 0.00085796 0.000728702 0.00061412 0.000513506 0.000425985 0.000350564 0.000286176 0.00023172 0.00018609 0.000148213 0.000117064 9.16856e-05 7.12027e-05 5.48253e-05 4.18535e-05 3.16758e-05 2.37661e-05 1.76777e-05 1.30367e-05 9.53444e-06 6.91955e-06 4.99024e-06 3.5872e-06 2.58705e-06 1.89668e-06 1.44861e-06 1.19726e-06 
1.46488e-06 1.57008e-06 1.89668e-06 2.4784e-06 3.37358e-06 4.66857e-06 6.48218e-06 8.97162e-06 1.23394e-05 1.68412e-05 2.27951e-05 3.05902e-05 4.06967e-05 5.36746e-05 7.01814e-05 9.09789e-05 0.000116936 0.00014903 0.000188342 0.000236045 0.000293393 0.000361695 0.000442288 0.000536501 0.000645611 0.000770796 0.000913081 0.00107329 0.00125196 0.00144933 0.00166527 0.0018992 0.00215013 0.00241655 0.00269651 0.00298754 0.00328674 0.00359078 0.00389597 0.00419834 0.00449369 0.00477773 0.00504614 0.00529469 0.00551937 0.00571643 0.00588254 0.00601485 0.00611106 0.00616947 0.00618905 0.00616947 0.00611106 0.00601485 0.00588254 0.00571643 0.00551937 0.00529469 0.00504614 0.00477773 0.00449369 0.00419834 0.00389597 0.00359078 0.00328674 0.00298754 0.00269651 0.00241655 0.00215013 0.0018992 0.00166527 0.00144933 0.00125196 0.00107329 0.000913081 0.000770796 0.000645611 0.000536501 0.000442288 0.000361695 0.000293393 0.000236045 0.000188342 0.00014903 0.000116936 9.09789e-05 7.01814e-05 5.36746e-05 4.06967e-05 3.05902e-05 2.27951e-05 1.68412e-05 1.23394e-05 8.97162e-06 6.48218e-06 4.66857e-06 3.37358e-06 2.4784e-06 1.89668e-06 1.57008e-06 
2.00261e-06 2.14505e-06 2.58705e-06 3.37358e-06 4.58246e-06 6.32857e-06 8.76979e-06 1.21145e-05 1.66305e-05 2.26551e-05 3.06065e-05 4.09953e-05 5.4436e-05 7.16584e-05 9.35168e-05 0.000120997 0.000155221 0.000197444 0.000249048 0.000311531 0.000386483 0.000475556 0.000580429 0.000702761 0.000844132 0.00100599 0.00118957 0.00139585 0.00162544 0.00187856 0.00215495 0.00245381 0.0027738 0.00311295 0.00346873 0.00383797 0.004217 0.00460159 0.0049871 0.00536855 0.0057407 0.00609819 0.00643568 0.00674791 0.00702992 0.0072771 0.00748534 0.00765113 0.00777163 0.00784478 0.0078693 0.00784478 0.00777163 0.00765113 0.00748534 0.0072771 0.00702992 0.00674791 0.00643568 0.00609819 0.0057407 0.00536855 0.0049871 0.00460159 0.004217 0.00383797 0.00346873 0.00311295 0.0027738 0.00245381 0.00215495 0.00187856 0.00162544 0.00139585 0.00118957 0.00100599 0.000844132 0.000702761 0.000580429 0.000475556 0.000386483 0.000311531 0.000249048 0.000197444 0.000155221 0.000120997 9.35168e-05 7.16584e-05 5.4436e-05 4.09953e-05 3.06065e-05 2.26551e-05 1.66305e-05 1.21145e-05 8.76979e-06 6.32857e-06 4.58246e-06 3.37358e-06 2.58705e-06 2.14505e-06 
2.78291e-06 2.97899e-06 3.5872e-06 4.66857e-06 6.32857e-06 8.72275e-06 1.20645e-05 1.66347e-05 2.27936e-05 3.0994e-05 4.17952e-05 5.58786e-05 7.40615e-05 9.73117e-05 0.000126758 0.000163699 0.000209607 0.000266122 0.000335045 0.000418316 0.000517988 0.000636182 0.000775042 0.000936669 0.00112305 0.00133599 0.00157701 0.00184727 0.00214746 0.00247776 0.00283771 0.0032262 0.00364138 0.00408065 0.00454065 0.00501729 0.00550577 0.00600069 0.0064961 0.00698563 0.00746265 0.00792036 0.008352 0.00875098 0.00911104 0.00942641 0.00969194 0.00990323 0.0100568 0.0101499 0.0101812 0.0101499 0.0100568 0.00990323 0.00969194 0.00942641 0.00911104 0.00875098 0.008352 0.00792036 0.00746265 0.00698563 0.0064961 0.00600069 0.00550577 0.00501729 0.00454065 0.00408065 0.00364138 0.0032262 0.00283771 0.00247776 0.00214746 0.00184727 0.00157701 0.00133599 0.00112305 0.000936669 0.000775042 0.000636182 0.000517988 0.000418316 0.000335045 0.000266122 0.000209607 0.000163699 0.000126758 9.73117e-05 7.40615e-05 5.58786e-05 4.17952e-05 3.0994e-05 2.27936e-05 1.66347e-05 1.20645e-05 8.72275e-06 6.32857e-06 4.66857e-06 3.5872e-06 2.97899e-06 
3.87953e-06 4.1504e-06 4.99024e-06 6.48218e-06 8.76979e-06 1.20645e-05 1.66556e-05 2.29237e-05 3.13552e-05 4.25602e-05 5.72903e-05 7.64582e-05 0.000101156 0.000132672 0.000172506 0.000222375 0.000284218 0.00036019 0.000452647 0.000564115 0.000697253 0.000854798 0.0010395 0.00125403 0.0015009 0.00178235 0.00210027 0.00245601 0.00285038 0.00328344 0.00375449 0.00426191 0.00480321 0.00537489 0.00597254 0.00659078 0.0072234 0.00786339 0.00850311 0.00913441 0.00974881 0.0103377 0.0108924 0.0114047 0.0118667 0.012271 0.0126112 0.0128818 0.0130784 0.0131976 0.0132376 0.0131976 0.0130784 0.0128818 0.0126112 0.012271 0.0118667 0.0114047 0.0108924 0.0103377 0.00974881 0.00913441 0.00850311 0.00786339 0.0072234 0.00659078 0.00597254 0.00537489 0.00480321 0.00426191 0.00375449 0.00328344 0.00285038 0.00245601 0.00210027 0.00178235 0.0015009 0.00125403 0.0010395 0.000854798 0.000697253 0.000564115 0.000452647 0.00036019 0.000284218 0.000222375 0.000172506 0.000132672 0.000101156 7.64582e-05 5.72903e-05 4.25602e-05 3.13552e-05 2.29237e-05 1.66556e-05 1.20645e-05 8.76979e-06 6.48218e-06 4.99024e-06 4.1504e-06 
5.39044e-06 5.76347e-06 6.91955e-06 8.97162e-06 1.21145e-05 1.66347e-05 2.29237e-05 3.14952e-05 4.30045e-05 5.82712e-05 7.83027e-05 0.000104319 0.000137774 0.000180381 0.000234123 0.000301266 0.000384362 0.000486231 0.000609946 0.000758789 0.000936196 0.00114569 0.00139077 0.00167484 0.00200106 0.00237221 0.00279058 0.0032578 0.00377471 0.00434123 0.00495624 0.00561753 0.00632166 0.00706401 0.00783875 0.00863887 0.00945631 0.010282 0.0111063 0.0119186 0.0127081 0.013464 0.0141754 0.0148317 0.015423 0.0159402 0.0163751 0.0167209 0.0169719 0.0171242 0.0171752 0.0171242 0.0169719 0.0167209 0.0163751 0.0159402 0.015423 0.0148317 0.0141754 0.013464 0.0127081 0.0119186 0.0111063 0.010282 0.00945631 0.00863887 0.00783875 0.00706401 0.00632166 0.00561753 0.00495624 0.00434123 0.00377471 0.0032578 0.00279058 0.00237221 0.00200106 0.00167484 0.00139077 0.00114569 0.000936196 0.000758789 0.000609946 0.000486231 0.000384362 0.000301266 0.000234123 0.000180381 0.000137774 0.000104319 7.83027e-05 5.82712e-05 4.30045e-05 3.14952e-05 2.29237e-05 1.66347e-05 1.21145e-05 8.97162e-06 6.91955e-06 5.76347e-06 
7.44246e-06 7.95297e-06 9.53444e-06 1.23394e-05 1.66305e-05 2.27936e-05 3.13552e-05 4.30045e-05 5.86188e-05 7.92925e-05 0.000106367 0.000141464 0.000186508 0.000243759 0.000315829 0.000405689 0.00051667 0.000652447 0.000816999 0.00101456 0.00124955 0.00152645 0.00184973 0.00222365 0.00265215 0.00313868 0.00368598 0.00429594 0.00496942 0.0057061 0.00650429 0.00736092 0.00827138 0.00922955 0.0102278 0.011257 0.0123069 0.0133658 0.0144212 0.01546 0.0164685 0.0174328 0.0183394 0.019175 0.0199272 0.0205846 0.0211372 0.0215762 0.0218949 0.0220881 0.0221529 0.0220881 0.0218949 0.0215762 0.0211372 0.0205846 0.0199272 0.019175 0.0183394 0.0174328 0.0164685 0.01546 0.0144212 0.0133658 0.0123069 0.011257 0.0102278 0.00922955 0.00827138 0.00736092 0.00650429 0.0057061 0.00496942 0.00429594 0.00368598 0.00313868 0.00265215 0.00222365 0.00184973 0.00152645 0.00124955 0.00101456 0.000816999 0.000652447 0.00051667 0.000405689 0.000315829 0.000243759 0.000186508 0.000141464 0.000106367 7.92925e-05 5.86188e-05 4.30045e-05 3.13552e-05 2.27936e-05 1.66305e-05 1.23394e-05 9.53444e-06 7.95297e-06 
1.01966e-05 1.08899e-05 1.30367e-05 1.68412e-05 2.26551e-05 3.0994e-05 4.25602e-05 5.82712e-05 7.92925e-05 0.000107074 0.00014339 0.000190373 0.000250557 0.000326899 0.000422808 0.00054215 0.000689242 0.000868825 0.00108602 0.00134624 0.0016551 0.00201829 0.00244141 0.0029298 0.0034883 0.00412111 0.0048315 0.00562159 0.00649221 0.00744261 0.00847037 0.00957126 0.0107392 0.011966 0.0132419 0.0145553 0.0158927 0.0172396 0.0185802 0.0198978 0.0211752 0.0223954 0.0235412 0.0245963 0.0255453 0.026374 0.0270702 0.027623 0.0280241 0.0282673 0.0283487 0.0282673 0.0280241 0.027623 0.0270702 0.026374 0.0255453 0.0245963 0.0235412 0.0223954 0.0211752 0.0198978 0.0185802 0.0172396 0.0158927 0.0145553 0.0132419 0.011966 0.0107392 0.00957126 0.00847037 0.00744261 0.00649221 0.00562159 0.0048315 0.00412111 0.0034883 0.0029298 0.00244141 0.00201829 0.0016551 0.00134624 0.00108602 0.000868825 0.000689242 0.00054215 0.000422808 0.000326899 0.000250557 0.000190373 0.00014339 0.000107074 7.92925e-05 5.82712e-05 4.25602e-05 3.0994e-05 2.26551e-05 1.68412e-05 1.30367e-05 1.08899e-05 
1.38541e-05 1.47878e-05 1.76777e-05 2.27951e-05 3.06065e-05 4.17952e-05 5.72903e-05 7.83027e-05 0.000106367 0.00014339 0.000191692 0.000254064 0.000333802 0.000434747 0.00056131 0.000718473 0.000911782 0.0011473 0.00143155 0.00177138 0.00217389 0.0026462 0.00319527 0.00382768 0.00454935 0.00536531 0.00627936 0.00729387 0.00840946 0.00962481 0.0109365 0.0123387 0.0138234 0.0153802 0.0169964 0.0186571 0.0203454 0.022043 0.0237301 0.0253859 0.0269892 0.0285186 0.0299533 0.031273 0.032459 0.033494 0.0343627 0.0350523 0.0355524 0.0358555 0.035957 0.0358555 0.0355524 0.0350523 0.0343627 0.033494 0.032459 0.031273 0.0299533 0.0285186 0.0269892 0.0253859 0.0237301 0.022043 0.0203454 0.0186571 0.0169964 0.0153802 0.0138234 0.0123387 0.0109365 0.00962481 0.00840946 0.00729387 0.00627936 0.00536531 0.00454935 0.00382768 0.00319527 0.0026462 0.00217389 0.00177138 0.00143155 0.0011473 0.000911782 0.000718473 0.00056131 0.000434747 0.000333802 0.000254064 0.000191692 0.00014339 0.000106367 7.83027e-05 5.72903e-05 4.17952e-05 3.06065e-05 2.27951e-05 1.76777e-05 1.47878e-05 
1.86628e-05 1.99093e-05 2.37661e-05 3.05902e-05 4.09953e-05 5.58786e-05 7.64582e-05 0.000104319 0.000141464 0.000190373 0.000254064 0.000336146 0.000440874 0.00057319 0.000738747 0.000943908 0.00119573 0.00150189 0.00187061 0.0023105 0.00283039 0.00343912 0.00414526 0.00495681 0.00588091 0.00692348 0.00808889 0.00937963 0.010796 0.0123358 0.0139942 0.0157636 0.0176334 0.0195902 0.0216179 0.0236977 0.0258086 0.0279275 0.03003 0.0320906 0.034083 0.0359813 0.03776 0.0393944 0.0408618 0.0421414 0.0432147 0.0440662 0.0446834 0.0450575 0.0451827 0.0450575 0.0446834 0.0440662 0.0432147 0.0421414 0.0408618 0.0393944 0.03776 0.0359813 0.034083 0.0320906 0.03003 0.0279275 0.0258086 0.0236977 0.0216179 0.0195902 0.0176334 0.0157636 0.0139942 0.0123358 0.010796 0.00937963 0.00808889 0.00692348 0.00588091 0.00495681 0.00414526 0.00343912 0.00283039 0.0023105 0.00187061 0.00150189 0.00119573 0.000943908 0.000738747 0.00057319 0.000440874 0.000336146 0.000254064 0.000190373 0.000141464 0.000104319 7.64582e-05 5.58786e-05 4.09953e-05 3.05902e-05 2.37661e-05 1.99093e-05 
2.49236e-05 2.65734e-05 3.16758e-05 4.06967e-05 5.4436e-05 7.40615e-05 0.000101156 0.000137774 0.000186508 0.000250557 0.000333802 0.000440874 0.000577215 0.000749121 0.00096377 0.00122921 0.00155434 0.00194878 0.00242279 0.00298708 0.00365253 0.00442999 0.00532985 0.00636178 0.00753422 0.00885406 0.0103262 0.011953 0.0137344 0.0156668 0.0177438 0.0199551 0.0222873 0.0247232 0.0272425 0.0298217 0.0324349 0.0350536 0.0376478 0.0401863 0.0426375 0.0449699 0.0471525 0.0491561 0.0509532 0.0525189 0.0538313 0.0548719 0.0556259 0.0560827 0.0562356 0.0560827 0.0556259 0.0548719 0.0538313 0.0525189 0.0509532 0.0491561 0.0471525 0.0449699 0.0426375 0.0401863 0.0376478 0.0350536 0.0324349 0.0298217 0.0272425 0.0247232 0.0222873 0.0199551 0.0177438 0.0156668 0.0137344 0.011953 0.0103262 0.00885406 0.00753422 0.00636178 0.00532985 0.00442999 0.00365253 0.00298708 0.00242279 0.00194878 0.00155434 0.00122921 0.00096377 0.000749121 0.000577215 0.000440874 0.000333802 0.000250557 0.000186508 0.000137774 0.000101156 7.40615e-05 5.4436e-05 4.06967e-05 3.16758e-05 2.65734e-05 
3.29974e-05 3.51619e-05 4.18535e-05 5.36746e-05 7.16584e-05 9.73117e-05 0.000132672 0.000180381 0.000243759 0.000326899 0.000434747 0.00057319 0.000749121 0.000970489 0.00124632 0.00158671 0.00200273 0.00250636 0.00311027 0.0038276 0.00467167 0.00565559 0.00679187 0.00809197 0.00956577 0.0112211 0.0130633 0.0150946 0.0173138 0.0197161 0.0222924 0.0250295 0.0279102 0.0309129 0.0340123 0.0371794 0.0403822 0.0435862 0.046755 0.0498509 0.0528358 0.0556721 0.0583231 0.0607538 0.0629319 0.0648278 0.0664158 0.0676742 0.0685857 0.0691377 0.0693225 0.0691377 0.0685857 0.0676742 0.0664158 0.0648278 0.0629319 0.0607538 0.0583231 0.0556721 0.0528358 0.0498509 0.046755 0.0435862 0.0403822 0.0371794 0.0340123 0.0309129 0.0279102 0.0250295 0.0222924 0.0197161 0.0173138 0.0150946 0.0130633 0.0112211 0.00956577 0.00809197 0.00679187 0.00565559 0.00467167 0.0038276 0.00311027 0.00250636 0.00200273 0.00158671 0.00124632 0.000970489 0.000749121 0.00057319 0.000434747 0.000326899 0.000243759 0.000180381 0.000132672 9.73117e-05 7.16584e-05 5.36746e-05 4.18535e-05 3.51619e-05 
4.33104e-05 4.61257e-05 5.48253e-05 7.01814e-05 9.35168e-05 0.000126758 0.000172506 0.000234123 0.000315829 0.000422808 0.00056131 0.000738747 0.00096377 0.00124632 0.00159765 0.00203028 0.00255789 0.0031952 0.00395772 0.00486142 0.00592237 0.00715631 0.00857806 0.010201 0.0120366 0.0140936 0.0163775 0.01889 0.0216288 0.0245867 0.0277519 0.0311073 0.0346312 0.0382966 0.0420722 0.0459228 0.0498093 0.0536902 0.0575218 0.0612591 0.064857 0.0682708 0.0714574 0.0743758 0.0769881 0.07926 0.0811614 0.0826673 0.0837574 0.0844174 0.0846384 0.0844174 0.0837574 0.0826673 0.0811614 0.07926 0.0769881 0.0743758 0.0714574 0.0682708 0.064857 0.0612591 0.0575218 0.0536902 0.0498093 0.0459228 0.0420722 0.0382966 0.0346312 0.0311073 0.0277519 0.0245867 0.0216288 0.01889 0.0163775 0.0140936 0.0120366 0.010201 0.00857806 0.00715631 0.00592237 0.00486142 0.00395772 0.0031952 0.00255789 0.00203028 0.00159765 0.00124632 0.00096377 0.000738747 0.00056131 0.000422808 0.000315829 0.000234123 0.000172506 0.000126758 9.35168e-05 7.01814e-05 5.48253e-05 4.61257e-05 
5.63599e-05 5.999e-05 7.12027e-05 9.09789e-05 0.000120997 0.000163699 0.000222375 0.000301266 0.000405689 0.00054215 0.000718473 0.000943908 0.00122921 0.00158671 0.00203028 0.0025753 0.00323853 0.00403787 0.0049921 0.00612044 0.00744208 0.00897563 0.0107385 0.0127462 0.0150115 0.017544 0.0203492 0.0234281 0.0267764 0.0303843 0.034236 0.0383102 0.0425793 0.0470102 0.0515648 0.0562003 0.0608698 0.0655237 0.0701102 0.0745762 0.0788687 0.0829356 0.0867266 0.0901943 0.0932949 0.0959888 0.0982417 0.100025 0.101315 0.102096 0.102357 0.102096 0.101315 0.100025 0.0982417 0.0959888 0.0932949 0.0901943 0.0867266 0.0829356 0.0788687 0.0745762 0.0701102 0.0655237 0.0608698 0.0562003 0.0515648 0.0470102 0.0425793 0.0383102 0.034236 0.0303843 0.0267764 0.0234281 0.0203492 0.017544 0.0150115 0.0127462 0.0107385 0.00897563 0.00744208 0.00612044 0.0049921 0.00403787 0.00323853 0.0025753 0.00203028 0.00158671 0.00122921 0.000943908 0.000718473 0.00054215 0.000405689 0.000301266 0.000222375 0.000163699 0.000120997 9.09789e-05 7.12027e-05 5.999e-05 
7.27169e-05 7.73575e-05 9.16856e-05 0.000116936 0.000155221 0.000209607 0.000284218 0.000384362 0.00051667 0.000689242 0.000911782 0.00119573 0.00155434 0.00200273 0.00255789 0.00323853 0.00406495 0.00505873 0.00624237 0.00763873 0.0092705 0.0111594 0.0133257 0.0157868 0.0185571 0.0216468 0.0250609 0.028799 0.0328545 0.0372139 0.0418571 0.046757 0.0518795 0.0571844 0.0626254 0.0681512 0.0737062 0.0792318 0.084667 0.0899501 0.0950195 0.099815 0.104279 0.108357 0.111999 0.11516 0.117801 0.11989 0.121401 0.122315 0.122621 0.122315 0.121401 0.11989 0.117801 0.11516 0.111999 0.108357 0.104279 0.099815 0.0950195 0.0899501 0.084667 0.0792318 0.0737062 0.0681512 0.0626254 0.0571844 0.0518795 0.046757 0.0418571 0.0372139 0.0328545 0.028799 0.0250609 0.0216468 0.0185571 0.0157868 0.0133257 0.0111594 0.0092705 0.00763873 0.00624237 0.00505873 0.00406495 0.00323853 0.00255789 0.00200273 0.00155434 0.00119573 0.000911782 0.000689242 0.00051667 0.000384362 0.000284218 0.000209607 0.000155221 0.000116936 9.16856e-05 7.73575e-05 
9.3028e-05 9.89101e-05 0.000117064 0.00014903 0.000197444 0.000266122 0.00036019 0.000486231 0.000652447 0.000868825 0.0011473 0.00150189 0.00194878 0.00250636 0.0031952 0.00403787 0.00505873 0.00628353 0.00773894 0.0094519 0.0114489 0.0137551 0.0163934 0.0193836 0.0227412 0.0264765 0.030594 0.0350911 0.039958 0.0451769 0.050722 0.0565596 0.062648 0.0689386 0.075376 0.0818993 0.0884432 0.094939 0.101316 0.107503 0.11343 0.119027 0.12423 0.128976 0.13321 0.136881 0.139945 0.142367 0.144118 0.145177 0.145531 0.145177 0.144118 0.142367 0.139945 0.136881 0.13321 0.128976 0.12423 0.119027 0.11343 0.107503 0.101316 0.094939 0.0884432 0.0818993 0.075376 0.0689386 0.062648 0.0565596 0.050722 0.0451769 0.039958 0.0350911 0.030594 0.0264765 0.0227412 0.0193836 0.0163934 0.0137551 0.0114489 0.0094519 0.00773894 0.00628353 0.00505873 0.00403787 0.0031952 0.00250636 0.00194878 0.00150189 0.0011473 0.000868825 0.000652447 0.000486231 0.00036019 0.000266122 0.000197444 0.00014903 0.000117064 9.89101e-05 
0.000118013 0.000125406 0.000148213 0.000188342 0.000249048 0.000335045 0.000452647 0.000609946 0.000816999 0.00108602 0.00143155 0.00187061 0.00242279 0.00311027 0.00395772 0.0049921 0.00624237 0.00773894 0.00951312 0.0115963 0.014019 0.0168101 0.0199953 0.0235963 0.0276296 0.0321055 0.0370267 0.0423882 0.0481758 0.0543665 0.0609277 0.0678179 0.0749867 0.0823757 0.0899195 0.0975465 0.105181 0.112743 0.120151 0.127326 0.134185 0.140653 0.146654 0.152122 0.156993 0.161212 0.164731 0.16751 0.169518 0.170732 0.171138 0.170732 0.169518 0.16751 0.164731 0.161212 0.156993 0.152122 0.146654 0.140653 0.134185 0.127326 0.120151 0.112743 0.105181 0.0975465 0.0899195 0.0823757 0.0749867 0.0678179 0.0609277 0.0543665 0.0481758 0.0423882 0.0370267 0.0321055 0.0276296 0.0235963 0.0199953 0.0168101 0.014019 0.0115963 0.00951312 0.00773894 0.00624237 0.0049921 0.00395772 0.00311027 0.00242279 0.00187061 0.00143155 0.00108602 0.000816999 0.000609946 0.000452647 0.000335045 0.000249048 0.000188342 0.000148213 0.000125406 
0.000148462 0.000157676 0.00018609 0.000236045 0.000311531 0.000418316 0.000564115 0.000758789 0.00101456 0.00134624 0.00177138 0.0023105 0.00298708 0.0038276 0.00486142 0.00612044 0.00763873 0.0094519 0.0115963 0.0141081 0.0170222 0.0203711 0.0241832 0.0284822 0.033285 0.038601 0.0444311 0.0507661 0.0575871 0.0648642 0.0725571 0.0806152 0.088978 0.0975764 0.106334 0.115166 0.123987 0.132706 0.141229 0.149466 0.157327 0.164725 0.171579 0.177814 0.183362 0.188161 0.192161 0.195316 0.197595 0.198972 0.199432 0.198972 0.197595 0.195316 0.192161 0.188161 0.183362 0.177814 0.171579 0.164725 0.157327 0.149466 0.141229 0.132706 0.123987 0.115166 0.106334 0.0975764 0.088978 0.0806152 0.0725571 0.0648642 0.0575871 0.0507661 0.0444311 0.038601 0.033285 0.0284822 0.0241832 0.0203711 0.0170222 0.0141081 0.0115963 0.0094519 0.00763873 0.00612044 0.00486142 0.0038276 0.00298708 0.0023105 0.00177138 0.00134624 0.00101456 0.000758789 0.000564115 0.000418316 0.000311531 0.000236045 0.00018609 0.000157676 
0.000185223 0.000196612 0.00023172 0.000293393 0.000386483 0.000517988 0.000697253 0.000936196 0.00124955 0.0016551 0.00217389 0.00283039 0.00365253 0.00467167 0.00592237 0.00744208 0.0092705 0.0114489 0.014019 0.0170222 0.0204978 0.0244819 0.0290056 0.0340939 0.0397638 0.0460232 0.0528697 0.0602896 0.0682574 0.0767356 0.0856745 0.0950132 0.10468 0.114594 0.124665 0.134799 0.144895 0.15485 0.164561 0.173926 0.182846 0.191225 0.198976 0.206015 0.212269 0.217673 0.222172 0.225718 0.228278 0.229823 0.230341 0.229823 0.228278 0.225718 0.222172 0.217673 0.212269 0.206015 0.198976 0.191225 0.182846 0.173926 0.164561 0.15485 0.144895 0.134799 0.124665 0.114594 0.10468 0.0950132 0.0856745 0.0767356 0.0682574 0.0602896 0.0528697 0.0460232 0.0397638 0.0340939 0.0290056 0.0244819 0.0204978 0.0170222 0.014019 0.0114489 0.0092705 0.00744208 0.00592237 0.00467167 0.00365253 0.00283039 0.00217389 0.0016551 0.00124955 0.000936196 0.000697253 0.000517988 0.000386483 0.000293393 0.00023172 0.000196612 
0.00022919 0.000243153 0.000286176 0.000361695 0.000475556 0.000636182 0.000854798 0.00114569 0.00152645 0.00201829 0.0026462 0.00343912 0.00442999 0.00565559 0.00715631 0.00897563 0.0111594 0.0137551 0.0168101 0.0203711 0.0244819 0.0291821 0.0345053 0.0404771 0.047114 0.0544214 0.0623927 0.0710083 0.080235 0.090026 0.100321 0.111048 0.122122 0.133448 0.144925 0.156444 0.167891 0.179152 0.190112 0.200658 0.210681 0.220079 0.228756 0.236624 0.243604 0.249628 0.254637 0.258583 0.261428 0.263146 0.26372 0.263146 0.261428 0.258583 0.254637 0.249628 0.243604 0.236624 0.228756 0.220079 0.210681 0.200658 0.190112 0.179152 0.167891 0.156444 0.144925 0.133448 0.122122 0.111048 0.100321 0.090026 0.080235 0.0710083 0.0623927 0.0544214 0.047114 0.0404771 0.0345053 0.0291821 0.0244819 0.0203711 0.0168101 0.0137551 0.0111594 0.00897563 0.00715631 0.00565559 0.00442999 0.00343912 0.0026462 0.00201829 0.00152645 0.00114569 0.000854798 0.000636182 0.000475556 0.000361695 0.000286176 0.000243153 
0.000281288 0.000298268 0.000350564 0.000442288 0.000580429 0.000775042 0.0010395 0.00139077 0.00184973 0.00244141 0.00319527 0.00414526 0.00532985 0.00679187 0.00857806 0.0107385 0.0133257 0.0163934 0.0199953 0.0241832 0.0290056 0.0345053 0.0407175 0.0476684 0.0553726 0.0638321 0.073035 0.0829542 0.0935476 0.104758 0.116512 0.128725 0.141299 0.154125 0.167086 0.18006 0.19292 0.20554 0.217793 0.229556 0.240712 0.251151 0.260771 0.269478 0.277192 0.28384 0.289361 0.293707 0.296838 0.298728 0.29936 0.298728 0.296838 0.293707 0.289361 0.28384 0.277192 0.269478 0.260771 0.251151 0.240712 0.229556 0.217793 0.20554 0.19292 0.18006 0.167086 0.154125 0.141299 0.128725 0.116512 0.104758 0.0935476 0.0829542 0.073035 0.0638321 0.0553726 0.0476684 0.0407175 0.0345053 0.0290056 0.0241832 0.0199953 0.0163934 0.0133257 0.0107385 0.00857806 0.00679187 0.00532985 0.00414526 0.00319527 0.00244141 0.00184973 0.00139077 0.0010395 0.000775042 0.000580429 0.000442288 0.000350564 0.000298268 
0.000342443 0.000362926 0.000425985 0.000536501 0.000702761 0.000936669 0.00125403 0.00167484 0.00222365 0.0029298 0.00382768 0.00495681 0.00636178 0.00809197 0.010201 0.0127462 0.0157868 0.0193836 0.0235963 0.0284822 0.0340939 0.0404771 0.0476684 0.0556931 0.0645633 0.0742763 0.0848133 0.0961385 0.108199 0.120926 0.134232 0.148019 0.162172 0.176569 0.191077 0.205559 0.219877 0.233891 0.247463 0.260462 0.272762 0.284246 0.294809 0.304353 0.312794 0.320058 0.326085 0.330823 0.334235 0.336293 0.336981 0.336293 0.334235 0.330823 0.326085 0.320058 0.312794 0.304353 0.294809 0.284246 0.272762 0.260462 0.247463 0.233891 0.219877 0.205559 0.191077 0.176569 0.162172 0.148019 0.134232 0.120926 0.108199 0.0961385 0.0848133 0.0742763 0.0645633 0.0556931 0.0476684 0.0404771 0.0340939 0.0284822 0.0235963 0.0193836 0.0157868 0.0127462 0.010201 0.00809197 0.00636178 0.00495681 0.00382768 0.0029298 0.00222365 0.00167484 0.00125403 0.000936669 0.000702761 0.000536501 0.000425985 0.000362926 
0.000413559 0.000438071 0.000513506 0.000645611 0.000844132 0.00112305 0.0015009 0.00200106 0.00265215 0.0034883 0.00454935 0.00588091 0.00753422 0.00956577 0.0120366 0.0150115 0.0185571 0.0227412 0.0276296 0.033285 0.0397638 0.047114 0.0553726 0.0645633 0.0746943 0.0857569 0.097724 0.110549 0.124168 0.138497 0.153436 0.168867 0.184664 0.200685 0.216784 0.23281 0.248609 0.264031 0.278929 0.293162 0.306597 0.319115 0.330603 0.340964 0.350112 0.357973 0.364486 0.369602 0.373283 0.375502 0.376243 0.375502 0.373283 0.369602 0.364486 0.357973 0.350112 0.340964 0.330603 0.319115 0.306597 0.293162 0.278929 0.264031 0.248609 0.23281 0.216784 0.200685 0.184664 0.168867 0.153436 0.138497 0.124168 0.110549 0.097724 0.0857569 0.0746943 0.0645633 0.0553726 0.047114 0.0397638 0.033285 0.0276296 0.0227412 0.0185571 0.0150115 0.0120366 0.00956577 0.00753422 0.00588091 0.00454935 0.0034883 0.00265215 0.00200106 0.0015009 0.00112305 0.000844132 0.000645611 0.000513506 0.000438071 
0.000495484 0.000524588 0.00061412 0.000770796 0.00100599 0.00133599 0.00178235 0.00237221 0.00313868 0.00412111 0.00536531 0.00692348 0.00885406 0.0112211 0.0140936 0.017544 0.0216468 0.0264765 0.0321055 0.038601 0.0460232 0.0544214 0.0638321 0.0742763 0.0857569 0.0982577 0.111742 0.126151 0.141406 0.157409 0.174043 0.191175 0.208658 0.226339 0.244052 0.261634 0.278918 0.295742 0.311949 0.327393 0.341937 0.355454 0.367834 0.378976 0.388797 0.397223 0.404194 0.409664 0.413596 0.415966 0.416757 0.415966 0.413596 0.409664 0.404194 0.397223 0.388797 0.378976 0.367834 0.355454 0.341937 0.327393 0.311949 0.295742 0.278918 0.261634 0.244052 0.226339 0.208658 0.191175 0.174043 0.157409 0.141406 0.126151 0.111742 0.0982577 0.0857569 0.0742763 0.0638321 0.0544214 0.0460232 0.038601 0.0321055 0.0264765 0.0216468 0.017544 0.0140936 0.0112211 0.00885406 0.00692348 0.00536531 0.00412111 0.00313868 0.00237221 0.00178235 0.00133599 0.00100599 0.000770796 0.00061412 0.000524588 
0.00058897 0.00062326 0.000728702 0.000913081 0.00118957 0.00157701 0.00210027 0.00279058 0.00368598 0.0048315 0.00627936 0.00808889 0.0103262 0.0130633 0.0163775 0.0203492 0.0250609 0.030594 0.0370267 0.0444311 0.0528697 0.0623927 0.073035 0.0848133 0.097724 0.111742 0.126818 0.14288 0.159835 0.177568 0.195943 0.21481 0.234006 0.253358 0.272687 0.291815 0.310563 0.328759 0.34624 0.362851 0.378454 0.392921 0.406139 0.418012 0.428456 0.437403 0.444794 0.450587 0.454748 0.457254 0.45809 0.457254 0.454748 0.450587 0.444794 0.437403 0.428456 0.418012 0.406139 0.392921 0.378454 0.362851 0.34624 0.328759 0.310563 0.291815 0.272687 0.253358 0.234006 0.21481 0.195943 0.177568 0.159835 0.14288 0.126818 0.111742 0.097724 0.0848133 0.073035 0.0623927 0.0528697 0.0444311 0.0370267 0.030594 0.0250609 0.0203492 0.0163775 0.0130633 0.0103262 0.00808889 0.00627936 0.0048315 0.00368598 0.00279058 0.00210027 0.00157701 0.00118957 0.000913081 0.000728702 0.00062326 
0.000694641 0.00073473 0.00085796 0.00107329 0.00139585 0.00184727 0.00245601 0.0032578 0.00429594 0.00562159 0.00729387 0.00937963 0.011953 0.0150946 0.01889 0.0234281 0.028799 0.0350911 0.0423882 0.0507661 0.0602896 0.0710083 0.0829542 0.0961385 0.110549 0.126151 0.14288 0.160651 0.179353 0.198851 0.218994 0.239611 0.260521 0.281535 0.302459 0.3231 0.343269 0.362786 0.38148 0.399196 0.41579 0.431136 0.445125 0.457663 0.46867 0.478081 0.485846 0.491924 0.496285 0.49891 0.499786 0.49891 0.496285 0.491924 0.485846 0.478081 0.46867 0.457663 0.445125 0.431136 0.41579 0.399196 0.38148 0.362786 0.343269 0.3231 0.302459 0.281535 0.260521 0.239611 0.218994 0.198851 0.179353 0.160651 0.14288 0.126151 0.110549 0.0961385 0.0829542 0.0710083 0.0602896 0.0507661 0.0423882 0.0350911 0.028799 0.0234281 0.01889 0.0150946 0.011953 0.00937963 0.00729387 0.00562159 0.00429594 0.0032578 0.00245601 0.00184727 0.00139585 0.00107329 0.00085796 0.00073473 
0.000812946 0.000859461 0.00100239 0.00125196 0.00162544 0.00214746 0.00285038 0.00377471 0.00496942 0.00649221 0.00840946 0.010796 0.0137344 0.0173138 0.0216288 0.0267764 0.0328545 0.039958 0.0481758 0.0575871 0.0682574 0.080235 0.0935476 0.108199 0.124168 0.141406 0.159835 0.179353 0.199829 0.221111 0.243026 0.265385 0.28799 0.310634 0.333108 0.355207 0.376733 0.397497 0.417327 0.436062 0.453562 0.469703 0.48438 0.497503 0.509 0.518813 0.526895 0.533214 0.537744 0.540468 0.541377 0.540468 0.537744 0.533214 0.526895 0.518813 0.509 0.497503 0.48438 0.469703 0.453562 0.436062 0.417327 0.397497 0.376733 0.355207 0.333108 0.310634 0.28799 0.265385 0.243026 0.221111 0.199829 0.179353 0.159835 0.141406 0.124168 0.108199 0.0935476 0.080235 0.0682574 0.0575871 0.0481758 0.039958 0.0328545 0.0267764 0.0216288 0.0173138 0.0137344 0.010796 0.00840946 0.00649221 0.00496942 0.00377471 0.00285038 0.00214746 0.00162544 0.00125196 0.00100239 0.000859461 
0.000944122 0.000997689 0.00116223 0.00144933 0.00187856 0.00247776 0.00328344 0.00434123 0.0057061 0.00744261 0.00962481 0.0123358 0.0156668 0.0197161 0.0245867 0.0303843 0.0372139 0.0451769 0.0543665 0.0648642 0.0767356 0.090026 0.104758 0.120926 0.138497 0.157409 0.177568 0.198851 0.221111 0.244173 0.267844 0.291918 0.316176 0.340395 0.364353 0.387834 0.410631 0.432551 0.453418 0.473073 0.491379 0.508215 0.523484 0.537103 0.549009 0.55915 0.56749 0.574 0.578663 0.581465 0.5824 0.581465 0.578663 0.574 0.56749 0.55915 0.549009 0.537103 0.523484 0.508215 0.491379 0.473073 0.453418 0.432551 0.410631 0.387834 0.364353 0.340395 0.316176 0.291918 0.267844 0.244173 0.221111 0.198851 0.177568 0.157409 0.138497 0.120926 0.104758 0.090026 0.0767356 0.0648642 0.0543665 0.0451769 0.0372139 0.0303843 0.0245867 0.0197161 0.0156668 0.0123358 0.00962481 0.00744261 0.0057061 0.00434123 0.00328344 0.00247776 0.00187856 0.00144933 0.00116223 0.000997689 
0.00108815 0.00114939 0.00133741 0.00166527 0.00215495 0.00283771 0.00375449 0.00495624 0.00650429 0.00847037 0.0109365 0.0139942 0.0177438 0.0222924 0.0277519 0.034236 0.0418571 0.050722 0.0609277 0.0725571 0.0856745 0.100321 0.116512 0.134232 0.153436 0.174043 0.195943 0.218994 0.243026 0.267844 0.293236 0.318974 0.344822 0.370542 0.395899 0.420667 0.444632 0.467599 0.489391 0.509852 0.528849 0.546271 0.562027 0.576045 0.588271 0.598664 0.607195 0.613845 0.618603 0.62146 0.622412 0.62146 0.618603 0.613845 0.607195 0.598664 0.588271 0.576045 0.562027 0.546271 0.528849 0.509852 0.489391 0.467599 0.444632 0.420667 0.395899 0.370542 0.344822 0.318974 0.293236 0.267844 0.243026 0.218994 0.195943 0.174043 0.153436 0.134232 0.116512 0.100321 0.0856745 0.0725571 0.0609277 0.050722 0.0418571 0.034236 0.0277519 0.0222924 0.0177438 0.0139942 0.0109365 0.00847037 0.00650429 0.00495624 0.00375449 0.00283771 0.00215495 0.00166527 0.00133741 0.00114939 
0.00124474 0.00131423 0.00152752 0.0018992 0.00245381 0.0032262 0.00426191 0.00561753 0.00736092 0.00957126 0.0123387 0.0157636 0.0199551 0.0250295 0.0311073 0.0383102 0.046757 0.0565596 0.0678179 0.0806152 0.0950132 0.111048 0.128725 0.148019 0.168867 0.191175 0.21481 0.239611 0.265385 0.291918 0.318974 0.346307 0.373664 0.400792 0.427444 0.453387 0.478403 0.502294 0.524886 0.546029 0.565597 0.583487 0.59962 0.613934 0.626388 0.636952 0.645607 0.652344 0.657157 0.660045 0.661008 0.660045 0.657157 0.652344 0.645607 0.636952 0.626388 0.613934 0.59962 0.583487 0.565597 0.546029 0.524886 0.502294 0.478403 0.453387 0.427444 0.400792 0.373664 0.346307 0.318974 0.291918 0.265385 0.239611 0.21481 0.191175 0.168867 0.148019 0.128725 0.111048 0.0950132 0.0806152 0.0678179 0.0565596 0.046757 0.0383102 0.0311073 0.0250295 0.0199551 0.0157636 0.0123387 0.00957126 0.00736092 0.00561753 0.00426191 0.0032262 0.00245381 0.0018992 0.00152752 0.00131423 
0.00141328 0.00149156 0.00173179 0.00215013 0.0027738 0.00364138 0.00480321 0.00632166 0.00827138 0.0107392 0.0138234 0.0176334 0.0222873 0.0279102 0.0346312 0.0425793 0.0518795 0.062648 0.0749867 0.088978 0.10468 0.122122 0.141299 0.162172 0.184664 0.208658 0.234006 0.260521 0.28799 0.316176 0.344822 0.373664 0.402432 0.430859 0.45869 0.485684 0.511621 0.536305 0.559566 0.58126 0.601271 0.619508 0.635903 0.650411 0.662999 0.673653 0.682365 0.689134 0.693965 0.696862 0.697827 0.696862 0.693965 0.689134 0.682365 0.673653 0.662999 0.650411 0.635903 0.619508 0.601271 0.58126 0.559566 0.536305 0.511621 0.485684 0.45869 0.430859 0.402432 0.373664 0.344822 0.316176 0.28799 0.260521 0.234006 0.208658 0.184664 0.162172 0.141299 0.122122 0.10468 0.088978 0.0749867 0.062648 0.0518795 0.0425793 0.0346312 0.0279102 0.0222873 0.0176334 0.0138234 0.0107392 0.00827138 0.00632166 0.00480321 0.00364138 0.0027738 0.00215013 0.00173179 0.00149156 
0.00159281 0.00168038 0.00194902 0.00241655 0.00311295 0.00408065 0.00537489 0.00706401 0.00922955 0.011966 0.0153802 0.0195902 0.0247232 0.0309129 0.0382966 0.0470102 0.0571844 0.0689386 0.0823757 0.0975764 0.114594 0.133448 0.154125 0.176569 0.200685 0.226339 0.253358 0.281535 0.310634 0.340395 0.370542 0.400792 0.430859 0.460466 0.489348 0.517261 0.543984 0.569323 0.593116 0.615227 0.635553 0.654016 0.670563 0.68516 0.697793 0.708458 0.717161 0.723912 0.728723 0.731605 0.732565 0.731605 0.728723 0.723912 0.717161 0.708458 0.697793 0.68516 0.670563 0.654016 0.635553 0.615227 0.593116 0.569323 0.543984 0.517261 0.489348 0.460466 0.430859 0.400792 0.370542 0.340395 0.310634 0.281535 0.253358 0.226339 0.200685 0.176569 0.154125 0.133448 0.114594 0.0975764 0.0823757 0.0689386 0.0571844 0.0470102 0.0382966 0.0309129 0.0247232 0.0195902 0.0153802 0.011966 0.00922955 0.00706401 0.00537489 0.00408065 0.00311295 0.00241655 0.00194902 0.00168038 
0.00178206 0.00187933 0.00217764 0.00269651 0.00346873 0.00454065 0.00597254 0.00783875 0.0102278 0.0132419 0.0169964 0.0216179 0.0272425 0.0340123 0.0420722 0.0515648 0.0626254 0.075376 0.0899195 0.106334 0.124665 0.144925 0.167086 0.191077 0.216784 0.244052 0.272687 0.302459 0.333108 0.364353 0.395899 0.427444 0.45869 0.489348 0.519148 0.547842 0.575211 0.601068 0.625257 0.647655 0.668171 0.686743 0.703332 0.717922 0.730512 0.741114 0.749747 0.756431 0.761188 0.764035 0.764982 0.764035 0.761188 0.756431 0.749747 0.741114 0.730512 0.717922 0.703332 0.686743 0.668171 0.647655 0.625257 0.601068 0.575211 0.547842 0.519148 0.489348 0.45869 0.427444 0.395899 0.364353 0.333108 0.302459 0.272687 0.244052 0.216784 0.191077 0.167086 0.144925 0.124665 0.106334 0.0899195 0.075376 0.0626254 0.0515648 0.0420722 0.0340123 0.0272425 0.0216179 0.0169964 0.0132419 0.0102278 0.00783875 0.00597254 0.00454065 0.00346873 0.00269651 0.00217764 0.00187933 
0.00197938 0.00208669 0.00241566 0.00298754 0.00383797 0.00501729 0.00659078 0.00863887 0.011257 0.0145553 0.0186571 0.0236977 0.0298217 0.0371794 0.0459228 0.0562003 0.0681512 0.0818993 0.0975465 0.115166 0.134799 0.156444 0.18006 0.205559 0.23281 0.261634 0.291815 0.3231 0.355207 0.387834 0.420667 0.453387 0.485684 0.517261 0.547842 0.577179 0.605058 0.631296 0.65575 0.678309 0.698897 0.717467 0.733998 0.74849 0.760959 0.771431 0.779938 0.786512 0.791183 0.793976 0.794905 0.793976 0.791183 0.786512 0.779938 0.771431 0.760959 0.74849 0.733998 0.717467 0.698897 0.678309 0.65575 0.631296 0.605058 0.577179 0.547842 0.517261 0.485684 0.453387 0.420667 0.387834 0.355207 0.3231 0.291815 0.261634 0.23281 0.205559 0.18006 0.156444 0.134799 0.115166 0.0975465 0.0818993 0.0681512 0.0562003 0.0459228 0.0371794 0.0298217 0.0236977 0.0186571 0.0145553 0.011257 0.00863887 0.00659078 0.00501729 0.00383797 0.00298754 0.00241566 0.00208669 
0.00218283 0.00230039 0.0026607 0.00328674 0.004217 0.00550577 0.0072234 0.00945631 0.0123069 0.0158927 0.0203454 0.0258086 0.0324349 0.0403822 0.0498093 0.0608698 0.0737062 0.0884432 0.105181 0.123987 0.144895 0.167891 0.19292 0.219877 0.248609 0.278918 0.310563 0.343269 0.376733 0.410631 0.444632 0.478403 0.511621 0.543984 0.575211 0.605058 0.633313 0.659805 0.6844 0.707004 0.727555 0.746023 0.762406 0.77672 0.788998 0.79928 0.807612 0.814038 0.818597 0.82132 0.822226 0.82132 0.818597 0.814038 0.807612 0.79928 0.788998 0.77672 0.762406 0.746023 0.727555 0.707004 0.6844 0.659805 0.633313 0.605058 0.575211 0.543984 0.511621 0.478403 0.444632 0.410631 0.376733 0.343269 0.310563 0.278918 0.248609 0.219877 0.19292 0.167891 0.144895 0.123987 0.105181 0.0884432 0.0737062 0.0608698 0.0498093 0.0403822 0.0324349 0.0258086 0.0203454 0.0158927 0.0123069 0.00945631 0.0072234 0.00550577 0.004217 0.00328674 0.0026607 0.00230039 
0.00239012 0.00251805 0.00291005 0.00359078 0.00460159 0.00600069 0.00786339 0.010282 0.0133658 0.0172396 0.022043 0.0279275 0.0350536 0.0435862 0.0536902 0.0655237 0.0792318 0.094939 0.112743 0.132706 0.15485 0.179152 0.20554 0.233891 0.264031 0.295742 0.328759 0.362786 0.397497 0.432551 0.467599 0.502294 0.536305 0.569323 0.601068 0.631296 0.659805 0.686432 0.711057 0.733601 0.754018 0.772298 0.788454 0.802522 0.814549 0.824592 0.83271 0.838957 0.843383 0.846022 0.8469 0.846022 0.843383 0.838957 0.83271 0.824592 0.814549 0.802522 0.788454 0.772298 0.754018 0.733601 0.711057 0.686432 0.659805 0.631296 0.601068 0.569323 0.536305 0.502294 0.467599 0.432551 0.397497 0.362786 0.328759 0.295742 0.264031 0.233891 0.20554 0.179152 0.15485 0.132706 0.112743 0.094939 0.0792318 0.0655237 0.0536902 0.0435862 0.0350536 0.0279275 0.022043 0.0172396 0.0133658 0.010282 0.00786339 0.00600069 0.00460159 0.00359078 0.00291005 0.00251805 
0.00259874 0.00273702 0.00316065 0.00389597 0.0049871 0.0064961 0.00850311 0.0111063 0.0144212 0.0185802 0.0237301 0.03003 0.0376478 0.046755 0.0575218 0.0701102 0.084667 0.101316 0.120151 0.141229 0.164561 0.190112 0.217793 0.247463 0.278929 0.311949 0.34624 0.38148 0.417327 0.453418 0.489391 0.524886 0.559566 0.593116 0.625257 0.65575 0.6844 0.711057 0.735614 0.758008 0.778211 0.796229 0.812095 0.825861 0.837591 0.847356 0.855229 0.861274 0.865548 0.868095 0.868941 0.868095 0.865548 0.861274 0.855229 0.847356 0.837591 0.825861 0.812095 0.796229 0.778211 0.758008 0.735614 0.711057 0.6844 0.65575 0.625257 0.593116 0.559566 0.524886 0.489391 0.453418 0.417327 0.38148 0.34624 0.311949 0.278929 0.247463 0.217793 0.190112 0.164561 0.141229 0.120151 0.101316 0.084667 0.0701102 0.0575218 0.046755 0.0376478 0.03003 0.0237301 0.0185802 0.0144212 0.0111063 0.00850311 0.0064961 0.0049871 0.00389597 0.00316065 0.00273702 
