2.71894e-06 2.8843e-06 3.39466e-06 4.29344e-06 5.65516e-06 7.58854e-06 1.02409e-05 1.38033e-05 1.85173e-05 2.46814e-05 3.26589e-05 4.28851e-05 5.58748e-05 7.22281e-05 9.26357e-05 0.000117881 0.000148841 0.000186482 0.00023185 0.000286062 0.000350285 0.000425713 0.000513538 0.000614917 0.000730928 0.000862532 0.00101052 0.00117548 0.00135772 0.00155726 0.00177375 0.00200648 0.00225433 0.00251575 0.00278876 0.00307097 0.00335962 0.00365158 0.0039434 0.00423142 0.00451181 0.00478066 0.00503404 0.00526815 0.00547935 0.00566429 0.00581999 0.00594387 0.00603388 0.0060885 0.00610681 0.0060885 0.00603388 0.00594387 0.00581999 0.00566429 0.00547935 0.00526815 0.00503404 0.00478066 0.00451181 0.00423142 0.0039434 0.00365158 0.00335962 0.00307097 0.00278876 0.00251575 0.00225433 0.00200648 0.00177375 0.00155726 0.00135772 0.00117548 0.00101052 0.000862532 0.000730928 0.000614917 0.000513538 0.000425713 0.000350285 0.000286062 0.00023185 0.000186482 0.000148841 0.000117881 9.26357e-05 7.22281e-05 5.58748e-05 4.28851e-05 3.26589e-05 2.46814e-05 1.85173e-05 1.38033e-05 1.02409e-05 7.58854e-06 5.65516e-06 4.29344e-06 3.39466e-06 2.8843e-06 
2.8843e-06 3.05925e-06 3.59914e-06 4.54971e-06 5.98948e-06 8.03293e-06 1.08351e-05 1.45971e-05 1.95729e-05 2.60761e-05 3.44882e-05 4.52662e-05 5.89497e-05 7.61678e-05 9.76435e-05 0.000124197 0.000156744 0.000196293 0.000243939 0.000300843 0.000368221 0.000447315 0.000539363 0.000645565 0.000767038 0.000904772 0.00105958 0.00123207 0.00142254 0.00163099 0.00185707 0.00210001 0.00235862 0.00263129 0.00291594 0.0032101 0.00351086 0.00381496 0.00411885 0.00441869 0.00471052 0.00499026 0.00525386 0.00549736 0.005717 0.00590931 0.00607118 0.00619997 0.00629353 0.00635031 0.00636934 0.00635031 0.00629353 0.00619997 0.00607118 0.00590931 0.005717 0.00549736 0.00525386 0.00499026 0.00471052 0.00441869 0.00411885 0.00381496 0.00351086 0.0032101 0.00291594 0.00263129 0.00235862 0.00210001 0.00185707 0.00163099 0.00142254 0.00123207 0.00105958 0.000904772 0.000767038 0.000645565 0.000539363 0.000447315 0.000368221 0.000300843 0.000243939 0.000196293 0.000156744 0.000124197 9.76435e-05 7.61678e-05 5.89497e-05 4.52662e-05 3.44882e-05 2.60761e-05 1.95729e-05 1.45971e-05 1.08351e-05 8.03293e-06 5.98948e-06 4.54971e-06 3.59914e-06 3.05925e-06 
3.39466e-06 3.59914e-06 4.22995e-06 5.34003e-06 7.02008e-06 9.40232e-06 1.26656e-05 1.70415e-05 2.28221e-05 3.03676e-05 4.01153e-05 5.25879e-05 6.84018e-05 8.82738e-05 0.000113026 0.00014359 0.000181002 0.000226402 0.000281021 0.000346167 0.000423202 0.000513513 0.000618477 0.000739424 0.000877585 0.00103404 0.00120969 0.00140514 0.00162072 0.00185638 0.00211168 0.00238572 0.00267713 0.00298407 0.00330419 0.00363468 0.0039723 0.00431338 0.00465395 0.00498975 0.00531634 0.00562921 0.00592386 0.0061959 0.00644118 0.00665585 0.00683648 0.00698016 0.00708452 0.00714784 0.00716906 0.00714784 0.00708452 0.00698016 0.00683648 0.00665585 0.00644118 0.0061959 0.00592386 0.00562921 0.00531634 0.00498975 0.00465395 0.00431338 0.0039723 0.00363468 0.00330419 0.00298407 0.00267713 0.00238572 0.00211168 0.00185638 0.00162072 0.00140514 0.00120969 0.00103404 0.000877585 0.000739424 0.000618477 0.000513513 0.000423202 0.000346167 0.000281021 0.000226402 0.000181002 0.00014359 0.000113026 8.82738e-05 6.84018e-05 5.25879e-05 4.01153e-05 3.03676e-05 2.28221e-05 1.70415e-05 1.26656e-05 9.40232e-06 7.02008e-06 5.34003e-06 4.22995e-06 3.59914e-06 
4.29344e-06 4.54971e-06 5.34003e-06 6.72978e-06 8.83101e-06 1.18068e-05 1.58773e-05 2.13275e-05 2.85154e-05 3.78822e-05 4.9962e-05 6.53915e-05 8.49199e-05 0.000109416 0.000139873 0.000177413 0.000223281 0.000278843 0.000345567 0.000425007 0.000518777 0.000628509 0.000755822 0.000902263 0.00106926 0.00125804 0.00146962 0.00170467 0.0019635 0.002246 0.00255157 0.00287907 0.00322683 0.0035926 0.00397357 0.00436637 0.00476716 0.00517158 0.00557496 0.00597227 0.00635832 0.00672784 0.00707555 0.00739636 0.00768542 0.00793828 0.00815095 0.00832004 0.00844283 0.00851732 0.00854228 0.00851732 0.00844283 0.00832004 0.00815095 0.00793828 0.00768542 0.00739636 0.00707555 0.00672784 0.00635832 0.00597227 0.00557496 0.00517158 0.00476716 0.00436637 0.00397357 0.0035926 0.00322683 0.00287907 0.00255157 0.002246 0.0019635 0.00170467 0.00146962 0.00125804 0.00106926 0.000902263 0.000755822 0.000628509 0.000518777 0.000425007 0.000345567 0.000278843 0.000223281 0.000177413 0.000139873 0.000109416 8.49199e-05 6.53915e-05 4.9962e-05 3.78822e-05 2.85154e-05 2.13275e-05 1.58773e-05 1.18068e-05 8.83101e-06 6.72978e-06 5.34003e-06 4.54971e-06 
5.65516e-06 5.98948e-06 7.02008e-06 8.83101e-06 1.15661e-05 1.54346e-05 2.07183e-05 2.77812e-05 3.70801e-05 4.9176e-05 6.47466e-05 8.45978e-05 0.000109675 0.00014107 0.000180031 0.000227958 0.000286404 0.000357063 0.000441751 0.000542382 0.000660932 0.000799394 0.000959727 0.0011438 0.0013533 0.00158969 0.00185414 0.00214738 0.00246972 0.00282091 0.00320012 0.00360587 0.00403603 0.00448776 0.00495755 0.00544125 0.00593408 0.00643074 0.0069255 0.00741226 0.00788473 0.0083365 0.00876124 0.00915281 0.00950537 0.00981357 0.0100727 0.0102786 0.0104281 0.0105187 0.0105491 0.0105187 0.0104281 0.0102786 0.0100727 0.00981357 0.00950537 0.00915281 0.00876124 0.0083365 0.00788473 0.00741226 0.0069255 0.00643074 0.00593408 0.00544125 0.00495755 0.00448776 0.00403603 0.00360587 0.00320012 0.00282091 0.00246972 0.00214738 0.00185414 0.00158969 0.0013533 0.0011438 0.000959727 0.000799394 0.000660932 0.000542382 0.000441751 0.000357063 0.000286404 0.000227958 0.000180031 0.00014107 0.000109675 8.45978e-05 6.47466e-05 4.9176e-05 3.70801e-05 2.77812e-05 2.07183e-05 1.54346e-05 1.15661e-05 8.83101e-06 7.02008e-06 5.98948e-06 
7.58854e-06 8.03293e-06 9.40232e-06 1.18068e-05 1.54346e-05 2.0559e-05 2.75478e-05 3.6875e-05 4.91341e-05 6.50524e-05 8.5506e-05 0.000111534 0.000144352 0.000185361 0.000236154 0.000298514 0.000374414 0.000465994 0.000575541 0.000705456 0.000858203 0.00103626 0.00124203 0.00147781 0.00174566 0.00204731 0.00238411 0.00275689 0.00316592 0.00361076 0.00409025 0.00460243 0.00514451 0.00571286 0.00630302 0.00690974 0.00752704 0.00814832 0.00876641 0.0093738 0.00996268 0.0105252 0.0110536 0.0115403 0.0119782 0.0123607 0.0126821 0.0129375 0.0131228 0.0132351 0.0132728 0.0132351 0.0131228 0.0129375 0.0126821 0.0123607 0.0119782 0.0115403 0.0110536 0.0105252 0.00996268 0.0093738 0.00876641 0.00814832 0.00752704 0.00690974 0.00630302 0.00571286 0.00514451 0.00460243 0.00409025 0.00361076 0.00316592 0.00275689 0.00238411 0.00204731 0.00174566 0.00147781 0.00124203 0.00103626 0.000858203 0.000705456 0.000575541 0.000465994 0.000374414 0.000298514 0.000236154 0.000185361 0.000144352 0.000111534 8.5506e-05 6.50524e-05 4.91341e-05 3.6875e-05 2.75478e-05 2.0559e-05 1.54346e-05 1.18068e-05 9.40232e-06 8.03293e-06 
1.02409e-05 1.08351e-05 1.26656e-05 1.58773e-05 2.07183e-05 2.75478e-05 3.68488e-05 4.92427e-05 6.55054e-05 8.6586e-05 0.000113625 0.000147971 0.000191197 0.000245112 0.000311763 0.00039344 0.00049266 0.000612149 0.000754806 0.00092366 0.00112181 0.00135234 0.00161825 0.00192235 0.00226714 0.00265473 0.00308667 0.00356388 0.00408653 0.00465393 0.00526447 0.00591551 0.00660343 0.00732353 0.0080701 0.00883648 0.00961512 0.0103977 0.0111753 0.0119385 0.0126776 0.013383 0.0140448 0.014654 0.0152016 0.0156798 0.0160813 0.0164001 0.0166314 0.0167716 0.0168186 0.0167716 0.0166314 0.0164001 0.0160813 0.0156798 0.0152016 0.014654 0.0140448 0.013383 0.0126776 0.0119385 0.0111753 0.0103977 0.00961512 0.00883648 0.0080701 0.00732353 0.00660343 0.00591551 0.00526447 0.00465393 0.00408653 0.00356388 0.00308667 0.00265473 0.00226714 0.00192235 0.00161825 0.00135234 0.00112181 0.00092366 0.000754806 0.000612149 0.00049266 0.00039344 0.000311763 0.000245112 0.000191197 0.000147971 0.000113625 8.6586e-05 6.55054e-05 4.92427e-05 3.68488e-05 2.75478e-05 2.07183e-05 1.58773e-05 1.26656e-05 1.08351e-05 
1.38033e-05 1.45971e-05 1.70415e-05 2.13275e-05 2.77812e-05 3.6875e-05 4.92427e-05 6.56978e-05 8.72549e-05 0.000115152 0.000150871 0.000196164 0.000253065 0.000323906 0.000411322 0.000518247 0.000647895 0.000803733 0.000989437 0.00120883 0.00146579 0.00176418 0.00210771 0.00249984 0.0029436 0.00344151 0.00399538 0.00460618 0.00527394 0.00599759 0.0067749 0.00760239 0.00847529 0.00938758 0.0103319 0.0112999 0.012282 0.0132677 0.0142459 0.0152048 0.0161324 0.0170167 0.0178457 0.0186081 0.0192929 0.0198905 0.020392 0.0207901 0.0210788 0.0212537 0.0213124 0.0212537 0.0210788 0.0207901 0.020392 0.0198905 0.0192929 0.0186081 0.0178457 0.0170167 0.0161324 0.0152048 0.0142459 0.0132677 0.012282 0.0112999 0.0103319 0.00938758 0.00847529 0.00760239 0.0067749 0.00599759 0.00527394 0.00460618 0.00399538 0.00344151 0.0029436 0.00249984 0.00210771 0.00176418 0.00146579 0.00120883 0.000989437 0.000803733 0.000647895 0.000518247 0.000411322 0.000323906 0.000253065 0.000196164 0.000150871 0.000115152 8.72549e-05 6.56978e-05 4.92427e-05 3.6875e-05 2.77812e-05 2.13275e-05 1.70415e-05 1.45971e-05 
1.85173e-05 1.95729e-05 2.28221e-05 2.85154e-05 3.70801e-05 4.91341e-05 6.55054e-05 8.72549e-05 0.000115703 0.000152456 0.000199436 0.000258903 0.000333479 0.000426159 0.000540316 0.000679692 0.000848377 0.00105076 0.00129148 0.00157533 0.00190717 0.00229177 0.00273374 0.00323727 0.00380605 0.00444304 0.00515031 0.00592886 0.00677848 0.00769759 0.00868315 0.00973054 0.0108336 0.0119846 0.0131742 0.0143917 0.0156252 0.0168615 0.0180868 0.0192866 0.0204459 0.0215498 0.0225838 0.0235339 0.0243867 0.0251303 0.025754 0.0262489 0.0266077 0.0268251 0.0268979 0.0268251 0.0266077 0.0262489 0.025754 0.0251303 0.0243867 0.0235339 0.0225838 0.0215498 0.0204459 0.0192866 0.0180868 0.0168615 0.0156252 0.0143917 0.0131742 0.0119846 0.0108336 0.00973054 0.00868315 0.00769759 0.00677848 0.00592886 0.00515031 0.00444304 0.00380605 0.00323727 0.00273374 0.00229177 0.00190717 0.00157533 0.00129148 0.00105076 0.000848377 0.000679692 0.000540316 0.000426159 0.000333479 0.000258903 0.000199436 0.000152456 0.000115703 8.72549e-05 6.55054e-05 4.91341e-05 3.70801e-05 2.85154e-05 2.28221e-05 1.95729e-05 
2.46814e-05 2.60761e-05 3.03676e-05 3.78822e-05 4.9176e-05 6.50524e-05 8.6586e-05 0.000115152 0.000152456 0.000200573 0.000261973 0.00033956 0.000436688 0.000557179 0.000705323 0.000885866 0.00110397 0.00136516 0.00167524 0.0020402 0.00246605 0.00295869 0.00352373 0.00416627 0.00489071 0.00570051 0.00659799 0.00758412 0.00865831 0.00981829 0.0110599 0.0123772 0.0137622 0.015205 0.0166939 0.0182154 0.0197547 0.0212954 0.0228203 0.0243115 0.0257509 0.0271201 0.0284012 0.0295773 0.0306322 0.0315515 0.0323221 0.0329332 0.0333761 0.0336444 0.0337343 0.0336444 0.0333761 0.0329332 0.0323221 0.0315515 0.0306322 0.0295773 0.0284012 0.0271201 0.0257509 0.0243115 0.0228203 0.0212954 0.0197547 0.0182154 0.0166939 0.015205 0.0137622 0.0123772 0.0110599 0.00981829 0.00865831 0.00758412 0.00659799 0.00570051 0.00489071 0.00416627 0.00352373 0.00295869 0.00246605 0.0020402 0.00167524 0.00136516 0.00110397 0.000885866 0.000705323 0.000557179 0.000436688 0.00033956 0.000261973 0.000200573 0.000152456 0.000115152 8.6586e-05 6.50524e-05 4.9176e-05 3.78822e-05 3.03676e-05 2.60761e-05 
3.26589e-05 3.44882e-05 4.01153e-05 4.9962e-05 6.47466e-05 8.5506e-05 0.000113625 0.000150871 0.000199436 0.000261973 0.000341642 0.000442138 0.000567722 0.000723236 0.000914094 0.00114627 0.00142622 0.00176085 0.00215738 0.0026232 0.00316571 0.00379212 0.00450921 0.00532311 0.006239 0.00726088 0.00839129 0.00963103 0.010979 0.012432 0.0139845 0.0156288 0.0173546 0.0191494 0.0209986 0.0228855 0.0247914 0.0266965 0.0285795 0.0304187 0.0321917 0.0338764 0.0354513 0.0368957 0.0381903 0.0393176 0.0402621 0.0410107 0.0415531 0.0418816 0.0419916 0.0418816 0.0415531 0.0410107 0.0402621 0.0393176 0.0381903 0.0368957 0.0354513 0.0338764 0.0321917 0.0304187 0.0285795 0.0266965 0.0247914 0.0228855 0.0209986 0.0191494 0.0173546 0.0156288 0.0139845 0.012432 0.010979 0.00963103 0.00839129 0.00726088 0.006239 0.00532311 0.00450921 0.00379212 0.00316571 0.0026232 0.00215738 0.00176085 0.00142622 0.00114627 0.000914094 0.000723236 0.000567722 0.000442138 0.000341642 0.000261973 0.000199436 0.000150871 0.000113625 8.5506e-05 6.47466e-05 4.9962e-05 4.01153e-05 3.44882e-05 
4.28851e-05 4.52662e-05 5.25879e-05 6.53915e-05 8.45978e-05 0.000111534 0.000147971 0.000196164 0.000258903 0.00033956 0.000442138 0.000571306 0.000732435 0.000931605 0.0011756 0.00147185 0.00182841 0.00225381 0.00275694 0.00334686 0.00403258 0.00482281 0.00572571 0.00674852 0.00789729 0.00917653 0.0105889 0.012135 0.0138129 0.0156182 0.0175436 0.0195792 0.021712 0.0239264 0.0262041 0.0285244 0.0308647 0.0332005 0.0355061 0.037755 0.0399204 0.0419757 0.0438951 0.0456537 0.0472287 0.0485991 0.0497466 0.0506558 0.0513142 0.0517129 0.0518464 0.0517129 0.0513142 0.0506558 0.0497466 0.0485991 0.0472287 0.0456537 0.0438951 0.0419757 0.0399204 0.037755 0.0355061 0.0332005 0.0308647 0.0285244 0.0262041 0.0239264 0.021712 0.0195792 0.0175436 0.0156182 0.0138129 0.012135 0.0105889 0.00917653 0.00789729 0.00674852 0.00572571 0.00482281 0.00403258 0.00334686 0.00275694 0.00225381 0.00182841 0.00147185 0.0011756 0.000931605 0.000732435 0.000571306 0.000442138 0.00033956 0.000258903 0.000196164 0.000147971 0.000111534 8.45978e-05 6.53915e-05 5.25879e-05 4.52662e-05 
5.58748e-05 5.89497e-05 6.84018e-05 8.49199e-05 0.000109675 0.000144352 0.000191197 0.000253065 0.000333479 0.000436688 0.000567722 0.000732435 0.000937537 0.0011906 0.00150004 0.00187507 0.00232558 0.00286205 0.00349532 0.00423639 0.00509613 0.00608498 0.0072126 0.00848746 0.00991651 0.0115048 0.0132549 0.015167 0.0172382 0.0194623 0.0218302 0.0243288 0.0269421 0.0296507 0.0324319 0.0352606 0.0381092 0.040948 0.0437461 0.0464718 0.049093 0.051578 0.0538961 0.0560181 0.0579169 0.0595678 0.0609494 0.0620434 0.0628354 0.0633148 0.0634754 0.0633148 0.0628354 0.0620434 0.0609494 0.0595678 0.0579169 0.0560181 0.0538961 0.051578 0.049093 0.0464718 0.0437461 0.040948 0.0381092 0.0352606 0.0324319 0.0296507 0.0269421 0.0243288 0.0218302 0.0194623 0.0172382 0.015167 0.0132549 0.0115048 0.00991651 0.00848746 0.0072126 0.00608498 0.00509613 0.00423639 0.00349532 0.00286205 0.00232558 0.00187507 0.00150004 0.0011906 0.000937537 0.000732435 0.000567722 0.000436688 0.000333479 0.000253065 0.000191197 0.000144352 0.000109675 8.49199e-05 6.84018e-05 5.89497e-05 
7.22281e-05 7.61678e-05 8.82738e-05 0.000109416 0.00014107 0.000185361 0.000245112 0.000323906 0.000426159 0.000557179 0.000723236 0.000931605 0.0011906 0.00150957 0.00189888 0.00236981 0.00293446 0.00360553 0.00439616 0.00531955 0.0063887 0.00761596 0.00901265 0.0105886 0.0123515 0.014307 0.0164575 0.0188024 0.0213374 0.0240543 0.0269412 0.0299819 0.0331562 0.0364404 0.0398068 0.0432249 0.0466613 0.0500807 0.0534462 0.0567199 0.059864 0.0628411 0.0656153 0.0681522 0.0704202 0.0723907 0.0740386 0.0753428 0.0762866 0.0768578 0.077049 0.0768578 0.0762866 0.0753428 0.0740386 0.0723907 0.0704202 0.0681522 0.0656153 0.0628411 0.059864 0.0567199 0.0534462 0.0500807 0.0466613 0.0432249 0.0398068 0.0364404 0.0331562 0.0299819 0.0269412 0.0240543 0.0213374 0.0188024 0.0164575 0.014307 0.0123515 0.0105886 0.00901265 0.00761596 0.0063887 0.00531955 0.00439616 0.00360553 0.00293446 0.00236981 0.00189888 0.00150957 0.0011906 0.000931605 0.000723236 0.000557179 0.000426159 0.000323906 0.000245112 0.000185361 0.00014107 0.000109416 8.82738e-05 7.61678e-05 
9.26357e-05 9.76435e-05 0.000113026 0.000139873 0.000180031 0.000236154 0.000311763 0.000411322 0.000540316 0.000705323 0.000914094 0.0011756 0.00150004 0.00189888 0.00238475 0.00297137 0.00367337 0.00450605 0.00548514 0.00662637 0.00794509 0.00945576 0.0111715 0.0131035 0.0152603 0.0176478 0.0202681 0.0231195 0.0261958 0.0294863 0.0329758 0.0366442 0.0404665 0.0444137 0.0484525 0.0525462 0.0566549 0.0607367 0.0647478 0.0686441 0.072381 0.075915 0.0792043 0.0822091 0.084893 0.0872229 0.0891701 0.0907103 0.0918245 0.0924986 0.0927242 0.0924986 0.0918245 0.0907103 0.0891701 0.0872229 0.084893 0.0822091 0.0792043 0.075915 0.072381 0.0686441 0.0647478 0.0607367 0.0566549 0.0525462 0.0484525 0.0444137 0.0404665 0.0366442 0.0329758 0.0294863 0.0261958 0.0231195 0.0202681 0.0176478 0.0152603 0.0131035 0.0111715 0.00945576 0.00794509 0.00662637 0.00548514 0.00450605 0.00367337 0.00297137 0.00238475 0.00189888 0.00150004 0.0011756 0.000914094 0.000705323 0.000540316 0.000411322 0.000311763 0.000236154 0.000180031 0.000139873 0.000113026 9.76435e-05 
0.000117881 0.000124197 0.00014359 0.000177413 0.000227958 0.000298514 0.00039344 0.000518247 0.000679692 0.000885866 0.00114627 0.00147185 0.00187507 0.00236981 0.00297137 0.00369626 0.00456204 0.00558696 0.00678967 0.00818872 0.00980205 0.0116464 0.0137368 0.0160858 0.0187028 0.0215936 0.0247596 0.0281976 0.0318992 0.0358506 0.0400325 0.0444198 0.0489825 0.0536851 0.058488 0.0633474 0.0682161 0.0730448 0.0777825 0.0823775 0.0867784 0.0909349 0.0947989 0.098325 0.101471 0.1042 0.10648 0.108282 0.109584 0.110372 0.110636 0.110372 0.109584 0.108282 0.10648 0.1042 0.101471 0.098325 0.0947989 0.0909349 0.0867784 0.0823775 0.0777825 0.0730448 0.0682161 0.0633474 0.058488 0.0536851 0.0489825 0.0444198 0.0400325 0.0358506 0.0318992 0.0281976 0.0247596 0.0215936 0.0187028 0.0160858 0.0137368 0.0116464 0.00980205 0.00818872 0.00678967 0.00558696 0.00456204 0.00369626 0.00297137 0.00236981 0.00187507 0.00147185 0.00114627 0.000885866 0.000679692 0.000518247 0.00039344 0.000298514 0.000227958 0.000177413 0.00014359 0.000124197 
0.000148841 0.000156744 0.000181002 0.000223281 0.000286404 0.000374414 0.00049266 0.000647895 0.000848377 0.00110397 0.00142622 0.00182841 0.00232558 0.00293446 0.00367337 0.00456204 0.00562131 0.0068728 0.0083384 0.0100398 0.0119976 0.0142312 0.0167574 0.0195901 0.0227393 0.0262105 0.0300042 0.0341151 0.0385318 0.0432366 0.0482055 0.0534079 0.0588073 0.0643614 0.0700229 0.0757403 0.0814585 0.0871198 0.0926653 0.0980353 0.103171 0.108015 0.112512 0.116611 0.120266 0.123433 0.126075 0.128163 0.129673 0.130585 0.13089 0.130585 0.129673 0.128163 0.126075 0.123433 0.120266 0.116611 0.112512 0.108015 0.103171 0.0980353 0.0926653 0.0871198 0.0814585 0.0757403 0.0700229 0.0643614 0.0588073 0.0534079 0.0482055 0.0432366 0.0385318 0.0341151 0.0300042 0.0262105 0.0227393 0.0195901 0.0167574 0.0142312 0.0119976 0.0100398 0.0083384 0.0068728 0.00562131 0.00456204 0.00367337 0.00293446 0.00232558 0.00182841 0.00142622 0.00110397 0.000848377 0.000647895 0.00049266 0.000374414 0.000286404 0.000223281 0.000181002 0.000156744 
0.000186482 0.000196293 0.000226402 0.000278843 0.000357063 0.000465994 0.000612149 0.000803733 0.00105076 0.00136516 0.00176085 0.00225381 0.00286205 0.00360553 0.00450605 0.00558696 0.0068728 0.00838889 0.0101607 0.0122133 0.0145703 0.0172536 0.020282 0.0236703 0.0274292 0.0315634 0.0360718 0.0409466 0.0461727 0.0517278 0.0575821 0.0636986 0.0700335 0.0765367 0.0831525 0.0898207 0.0964773 0.103056 0.109489 0.115708 0.121647 0.12724 0.132427 0.137149 0.141354 0.144994 0.14803 0.150427 0.152159 0.153205 0.153556 0.153205 0.152159 0.150427 0.14803 0.144994 0.141354 0.137149 0.132427 0.12724 0.121647 0.115708 0.109489 0.103056 0.0964773 0.0898207 0.0831525 0.0765367 0.0700335 0.0636986 0.0575821 0.0517278 0.0461727 0.0409466 0.0360718 0.0315634 0.0274292 0.0236703 0.020282 0.0172536 0.0145703 0.0122133 0.0101607 0.00838889 0.0068728 0.00558696 0.00450605 0.00360553 0.00286205 0.00225381 0.00176085 0.00136516 0.00105076 0.000803733 0.000612149 0.000465994 0.000357063 0.000278843 0.000226402 0.000196293 
0.00023185 0.000243939 0.000281021 0.000345567 0.000441751 0.000575541 0.000754806 0.000989437 0.00129148 0.00167524 0.00215738 0.00275694 0.00349532 0.00439616 0.00548514 0.00678967 0.0083384 0.0101607 0.012286 0.0147428 0.0175581 0.0207561 0.0243575 0.0283783 0.0328288 0.0377129 0.0430273 0.0487607 0.0548937 0.0613984 0.0682384 0.0753693 0.082739 0.0902886 0.0979532 0.105663 0.113344 0.120922 0.128318 0.135457 0.142263 0.148663 0.15459 0.159979 0.164773 0.168919 0.172374 0.175101 0.177069 0.178258 0.178656 0.178258 0.177069 0.175101 0.172374 0.168919 0.164773 0.159979 0.15459 0.148663 0.142263 0.135457 0.128318 0.120922 0.113344 0.105663 0.0979532 0.0902886 0.082739 0.0753693 0.0682384 0.0613984 0.0548937 0.0487607 0.0430273 0.0377129 0.0328288 0.0283783 0.0243575 0.0207561 0.0175581 0.0147428 0.012286 0.0101607 0.0083384 0.00678967 0.00548514 0.00439616 0.00349532 0.00275694 0.00215738 0.00167524 0.00129148 0.000989437 0.000754806 0.000575541 0.000441751 0.000345567 0.000281021 0.000243939 
0.000286062 0.000300843 0.000346167 0.000425007 0.000542382 0.000705456 0.00092366 0.00120883 0.00157533 0.0020402 0.0026232 0.00334686 0.00423639 0.00531955 0.00662637 0.00818872 0.0100398 0.0122133 0.0147428 0.0176607 0.0209971 0.0247789 0.0290283 0.0337618 0.0389896 0.0447137 0.0509279 0.0576169 0.0647558 0.0723102 0.0802361 0.0884807 0.0969826 0.105673 0.114477 0.123315 0.132103 0.140755 0.149184 0.157306 0.165036 0.172294 0.179006 0.185101 0.190516 0.195195 0.199091 0.202163 0.204379 0.205718 0.206166 0.205718 0.204379 0.202163 0.199091 0.195195 0.190516 0.185101 0.179006 0.172294 0.165036 0.157306 0.149184 0.140755 0.132103 0.123315 0.114477 0.105673 0.0969826 0.0884807 0.0802361 0.0723102 0.0647558 0.0576169 0.0509279 0.0447137 0.0389896 0.0337618 0.0290283 0.0247789 0.0209971 0.0176607 0.0147428 0.0122133 0.0100398 0.00818872 0.00662637 0.00531955 0.00423639 0.00334686 0.0026232 0.0020402 0.00157533 0.00120883 0.00092366 0.000705456 0.000542382 0.000425007 0.000346167 0.000300843 
0.000350285 0.000368221 0.000423202 0.000518777 0.000660932 0.000858203 0.00112181 0.00146579 0.00190717 0.00246605 0.00316571 0.00403258 0.00509613 0.0063887 0.00794509 0.00980205 0.0119976 0.0145703 0.0175581 0.0209971 0.0249209 0.0293585 0.0343336 0.0398631 0.0459559 0.0526118 0.0598209 0.0675628 0.0758061 0.084509 0.0936188 0.103073 0.112801 0.122721 0.13275 0.142795 0.152763 0.162557 0.172081 0.181239 0.189942 0.1981 0.205632 0.212463 0.218525 0.223758 0.22811 0.23154 0.234013 0.235507 0.236006 0.235507 0.234013 0.23154 0.22811 0.223758 0.218525 0.212463 0.205632 0.1981 0.189942 0.181239 0.172081 0.162557 0.152763 0.142795 0.13275 0.122721 0.112801 0.103073 0.0936188 0.084509 0.0758061 0.0675628 0.0598209 0.0526118 0.0459559 0.0398631 0.0343336 0.0293585 0.0249209 0.0209971 0.0175581 0.0145703 0.0119976 0.00980205 0.00794509 0.0063887 0.00509613 0.00403258 0.00316571 0.00246605 0.00190717 0.00146579 0.00112181 0.000858203 0.000660932 0.000518777 0.000423202 0.000368221 
0.000425713 0.000447315 0.000513513 0.000628509 0.000799394 0.00103626 0.00135234 0.00176418 0.00229177 0.00295869 0.00379212 0.00482281 0.00608498 0.00761596 0.00945576 0.0116464 0.0142312 0.0172536 0.0207561 0.0247789 0.0293585 0.0345263 0.0403068 0.0467167 0.0537631 0.0614428 0.0697411 0.0786315 0.0880754 0.0980219 0.108409 0.119163 0.130202 0.141435 0.152764 0.164087 0.175298 0.186291 0.196959 0.207199 0.21691 0.225999 0.234378 0.241966 0.248691 0.25449 0.259308 0.263102 0.265837 0.267488 0.26804 0.267488 0.265837 0.263102 0.259308 0.25449 0.248691 0.241966 0.234378 0.225999 0.21691 0.207199 0.196959 0.186291 0.175298 0.164087 0.152764 0.141435 0.130202 0.119163 0.108409 0.0980219 0.0880754 0.0786315 0.0697411 0.0614428 0.0537631 0.0467167 0.0403068 0.0345263 0.0293585 0.0247789 0.0207561 0.0172536 0.0142312 0.0116464 0.00945576 0.00761596 0.00608498 0.00482281 0.00379212 0.00295869 0.00229177 0.00176418 0.00135234 0.00103626 0.000799394 0.000628509 0.000513513 0.000447315 
0.000513538 0.000539363 0.000618477 0.000755822 0.000959727 0.00124203 0.00161825 0.00210771 0.00273374 0.00352373 0.00450921 0.00572571 0.0072126 0.00901265 0.0111715 0.0137368 0.0167574 0.020282 0.0243575 0.0290283 0.0343336 0.0403068 0.0469728 0.0543474 0.0624353 0.071229 0.0807082 0.0908393 0.101575 0.112854 0.124605 0.136741 0.149169 0.161785 0.17448 0.187138 0.199643 0.211878 0.223728 0.235078 0.245824 0.255863 0.265102 0.273456 0.280851 0.28722 0.292507 0.296666 0.299662 0.30147 0.302075 0.30147 0.299662 0.296666 0.292507 0.28722 0.280851 0.273456 0.265102 0.255863 0.245824 0.235078 0.223728 0.211878 0.199643 0.187138 0.17448 0.161785 0.149169 0.136741 0.124605 0.112854 0.101575 0.0908393 0.0807082 0.071229 0.0624353 0.0543474 0.0469728 0.0403068 0.0343336 0.0290283 0.0243575 0.020282 0.0167574 0.0137368 0.0111715 0.00901265 0.0072126 0.00572571 0.00450921 0.00352373 0.00273374 0.00210771 0.00161825 0.00124203 0.000959727 0.000755822 0.000618477 0.000539363 
0.000614917 0.000645565 0.000739424 0.000902263 0.0011438 0.00147781 0.00192235 0.00249984 0.00323727 0.00416627 0.00532311 0.00674852 0.00848746 0.0105886 0.0131035 0.0160858 0.0195901 0.0236703 0.0283783 0.0337618 0.0398631 0.0467167 0.0543474 0.0627694 0.0719838 0.0819782 0.0927254 0.104183 0.116295 0.128988 0.142179 0.155769 0.169651 0.183709 0.19782 0.211857 0.225693 0.2392 0.252252 0.264729 0.276518 0.287511 0.297611 0.30673 0.31479 0.321723 0.327473 0.331993 0.335246 0.337209 0.337865 0.337209 0.335246 0.331993 0.327473 0.321723 0.31479 0.30673 0.297611 0.287511 0.276518 0.264729 0.252252 0.2392 0.225693 0.211857 0.19782 0.183709 0.169651 0.155769 0.142179 0.128988 0.116295 0.104183 0.0927254 0.0819782 0.0719838 0.0627694 0.0543474 0.0467167 0.0398631 0.0337618 0.0283783 0.0236703 0.0195901 0.0160858 0.0131035 0.0105886 0.00848746 0.00674852 0.00532311 0.00416627 0.00323727 0.00249984 0.00192235 0.00147781 0.0011438 0.000902263 0.000739424 0.000645565 
0.000730928 0.000767038 0.000877585 0.00106926 0.0013533 0.00174566 0.00226714 0.0029436 0.00380605 0.00489071 0.006239 0.00789729 0.00991651 0.0123515 0.0152603 0.0187028 0.0227393 0.0274292 0.0328288 0.0389896 0.0459559 0.0537631 0.0624353 0.0719838 0.0824056 0.0936817 0.105777 0.11864 0.132202 0.146381 0.161076 0.176179 0.191566 0.20711 0.222673 0.238117 0.253303 0.268093 0.282354 0.295957 0.308782 0.32072 0.331668 0.341537 0.350246 0.357729 0.363927 0.368795 0.372298 0.374409 0.375114 0.374409 0.372298 0.368795 0.363927 0.357729 0.350246 0.341537 0.331668 0.32072 0.308782 0.295957 0.282354 0.268093 0.253303 0.238117 0.222673 0.20711 0.191566 0.176179 0.161076 0.146381 0.132202 0.11864 0.105777 0.0936817 0.0824056 0.0719838 0.0624353 0.0537631 0.0459559 0.0389896 0.0328288 0.0274292 0.0227393 0.0187028 0.0152603 0.0123515 0.00991651 0.00789729 0.006239 0.00489071 0.00380605 0.0029436 0.00226714 0.00174566 0.0013533 0.00106926 0.000877585 0.000767038 
0.000862532 0.000904772 0.00103404 0.00125804 0.00158969 0.00204731 0.00265473 0.00344151 0.00444304 0.00570051 0.00726088 0.00917653 0.0115048 0.014307 0.0176478 0.0215936 0.0262105 0.0315634 0.0377129 0.0447137 0.0526118 0.0614428 0.071229 0.0819782 0.0936817 0.106313 0.119828 0.134165 0.149242 0.164962 0.181214 0.197873 0.214802 0.231858 0.248892 0.265754 0.282292 0.29836 0.313817 0.328528 0.342368 0.355225 0.366994 0.377584 0.386916 0.394923 0.401548 0.406746 0.410483 0.412735 0.413487 0.412735 0.410483 0.406746 0.401548 0.394923 0.386916 0.377584 0.366994 0.355225 0.342368 0.328528 0.313817 0.29836 0.282292 0.265754 0.248892 0.231858 0.214802 0.197873 0.181214 0.164962 0.149242 0.134165 0.119828 0.106313 0.0936817 0.0819782 0.071229 0.0614428 0.0526118 0.0447137 0.0377129 0.0315634 0.0262105 0.0215936 0.0176478 0.014307 0.0115048 0.00917653 0.00726088 0.00570051 0.00444304 0.00344151 0.00265473 0.00204731 0.00158969 0.00125804 0.00103404 0.000904772 
0.00101052 0.00105958 0.00120969 0.00146962 0.00185414 0.00238411 0.00308667 0.00399538 0.00515031 0.00659799 0.00839129 0.0105889 0.0132549 0.0164575 0.0202681 0.0247596 0.0300042 0.0360718 0.0430273 0.0509279 0.0598209 0.0697411 0.0807082 0.0927254 0.105777 0.119828 0.134824 0.15069 0.167333 0.18464 0.202484 0.220726 0.239215 0.257794 0.276299 0.294569 0.312444 0.329766 0.346389 0.362174 0.376991 0.390726 0.403274 0.414546 0.424462 0.432958 0.439979 0.445483 0.449437 0.451818 0.452613 0.451818 0.449437 0.445483 0.439979 0.432958 0.424462 0.414546 0.403274 0.390726 0.376991 0.362174 0.346389 0.329766 0.312444 0.294569 0.276299 0.257794 0.239215 0.220726 0.202484 0.18464 0.167333 0.15069 0.134824 0.119828 0.105777 0.0927254 0.0807082 0.0697411 0.0598209 0.0509279 0.0430273 0.0360718 0.0300042 0.0247596 0.0202681 0.0164575 0.0132549 0.0105889 0.00839129 0.00659799 0.00515031 0.00399538 0.00308667 0.00238411 0.00185414 0.00146962 0.00120969 0.00105958 
0.00117548 0.00123207 0.00140514 0.00170467 0.00214738 0.00275689 0.00356388 0.00460618 0.00592886 0.00758412 0.00963103 0.012135 0.015167 0.0188024 0.0231195 0.0281976 0.0341151 0.0409466 0.0487607 0.0576169 0.0675628 0.0786315 0.0908393 0.104183 0.11864 0.134165 0.15069 0.168129 0.186373 0.205294 0.224751 0.244587 0.264636 0.284728 0.304687 0.324339 0.343514 0.36205 0.379792 0.396599 0.412339 0.426897 0.440171 0.452071 0.462523 0.471464 0.478844 0.484623 0.488772 0.491269 0.492102 0.491269 0.488772 0.484623 0.478844 0.471464 0.462523 0.452071 0.440171 0.426897 0.412339 0.396599 0.379792 0.36205 0.343514 0.324339 0.304687 0.284728 0.264636 0.244587 0.224751 0.205294 0.186373 0.168129 0.15069 0.134165 0.11864 0.104183 0.0908393 0.0786315 0.0675628 0.0576169 0.0487607 0.0409466 0.0341151 0.0281976 0.0231195 0.0188024 0.015167 0.012135 0.00963103 0.00758412 0.00592886 0.00460618 0.00356388 0.00275689 0.00214738 0.00170467 0.00140514 0.00123207 
0.00135772 0.00142254 0.00162072 0.0019635 0.00246972 0.00316592 0.00408653 0.00527394 0.00677848 0.00865831 0.010979 0.0138129 0.0172382 0.0213374 0.0261958 0.0318992 0.0385318 0.0461727 0.0548937 0.0647558 0.0758061 0.0880754 0.101575 0.116295 0.132202 0.149242 0.167333 0.186373 0.206238 0.226785 0.247856 0.269278 0.290871 0.312449 0.333824 0.354813 0.375237 0.394927 0.413726 0.431487 0.448082 0.463396 0.477328 0.489794 0.500724 0.510059 0.517754 0.523772 0.528089 0.530686 0.531553 0.530686 0.528089 0.523772 0.517754 0.510059 0.500724 0.489794 0.477328 0.463396 0.448082 0.431487 0.413726 0.394927 0.375237 0.354813 0.333824 0.312449 0.290871 0.269278 0.247856 0.226785 0.206238 0.186373 0.167333 0.149242 0.132202 0.116295 0.101575 0.0880754 0.0758061 0.0647558 0.0548937 0.0461727 0.0385318 0.0318992 0.0261958 0.0213374 0.0172382 0.0138129 0.010979 0.00865831 0.00677848 0.00527394 0.00408653 0.00316592 0.00246972 0.0019635 0.00162072 0.00142254 
0.00155726 0.00163099 0.00185638 0.002246 0.00282091 0.00361076 0.00465393 0.00599759 0.00769759 0.00981829 0.012432 0.0156182 0.0194623 0.0240543 0.0294863 0.0358506 0.0432366 0.0517278 0.0613984 0.0723102 0.084509 0.0980219 0.112854 0.128988 0.146381 0.164962 0.18464 0.205294 0.226785 0.248954 0.271623 0.294606 0.317707 0.340725 0.363463 0.385727 0.407331 0.428101 0.447876 0.466513 0.483881 0.49987 0.514385 0.527345 0.538687 0.548358 0.556318 0.562537 0.566994 0.569674 0.570568 0.569674 0.566994 0.562537 0.556318 0.548358 0.538687 0.527345 0.514385 0.49987 0.483881 0.466513 0.447876 0.428101 0.407331 0.385727 0.363463 0.340725 0.317707 0.294606 0.271623 0.248954 0.226785 0.205294 0.18464 0.164962 0.146381 0.128988 0.112854 0.0980219 0.084509 0.0723102 0.0613984 0.0517278 0.0432366 0.0358506 0.0294863 0.0240543 0.0194623 0.0156182 0.012432 0.00981829 0.00769759 0.00599759 0.00465393 0.00361076 0.00282091 0.002246 0.00185638 0.00163099 
0.00177375 0.00185707 0.00211168 0.00255157 0.00320012 0.00409025 0.00526447 0.0067749 0.00868315 0.0110599 0.0139845 0.0175436 0.0218302 0.0269412 0.0329758 0.0400325 0.0482055 0.0575821 0.0682384 0.0802361 0.0936188 0.108409 0.124605 0.142179 0.161076 0.181214 0.202484 0.224751 0.247856 0.271623 0.29586 0.320361 0.344916 0.369314 0.393344 0.416804 0.439504 0.461266 0.481928 0.501347 0.519398 0.535973 0.550985 0.564361 0.576043 0.585987 0.59416 0.600538 0.605104 0.607847 0.608762 0.607847 0.605104 0.600538 0.59416 0.585987 0.576043 0.564361 0.550985 0.535973 0.519398 0.501347 0.481928 0.461266 0.439504 0.416804 0.393344 0.369314 0.344916 0.320361 0.29586 0.271623 0.247856 0.224751 0.202484 0.181214 0.161076 0.142179 0.124605 0.108409 0.0936188 0.0802361 0.0682384 0.0575821 0.0482055 0.0400325 0.0329758 0.0269412 0.0218302 0.0175436 0.0139845 0.0110599 0.00868315 0.0067749 0.00526447 0.00409025 0.00320012 0.00255157 0.00211168 0.00185707 
0.00200648 0.00210001 0.00238572 0.00287907 0.00360587 0.00460243 0.00591551 0.00760239 0.00973054 0.0123772 0.0156288 0.0195792 0.0243288 0.0299819 0.0366442 0.0444198 0.0534079 0.0636986 0.0753693 0.0884807 0.103073 0.119163 0.136741 0.155769 0.176179 0.197873 0.220726 0.244587 0.269278 0.294606 0.320361 0.346322 0.372264 0.397963 0.423201 0.447768 0.471467 0.494121 0.515569 0.535669 0.554303 0.57137 0.58679 0.600497 0.612444 0.622596 0.630926 0.637418 0.642061 0.644849 0.645778 0.644849 0.642061 0.637418 0.630926 0.622596 0.612444 0.600497 0.58679 0.57137 0.554303 0.535669 0.515569 0.494121 0.471467 0.447768 0.423201 0.397963 0.372264 0.346322 0.320361 0.294606 0.269278 0.244587 0.220726 0.197873 0.176179 0.155769 0.136741 0.119163 0.103073 0.0884807 0.0753693 0.0636986 0.0534079 0.0444198 0.0366442 0.0299819 0.0243288 0.0195792 0.0156288 0.0123772 0.00973054 0.00760239 0.00591551 0.00460243 0.00360587 0.00287907 0.00238572 0.00210001 
0.00225433 0.00235862 0.00267713 0.00322683 0.00403603 0.00514451 0.00660343 0.00847529 0.0108336 0.0137622 0.0173546 0.021712 0.0269421 0.0331562 0.0404665 0.0489825 0.0588073 0.0700335 0.082739 0.0969826 0.112801 0.130202 0.149169 0.169651 0.191566 0.214802 0.239215 0.264636 0.290871 0.317707 0.344916 0.372264 0.399512 0.426424 0.452773 0.478344 0.502938 0.526376 0.5485 0.569176 0.588289 0.605748 0.621481 0.635435 0.64757 0.657862 0.666293 0.672855 0.677543 0.680357 0.681294 0.680357 0.677543 0.672855 0.666293 0.657862 0.64757 0.635435 0.621481 0.605748 0.588289 0.569176 0.5485 0.526376 0.502938 0.478344 0.452773 0.426424 0.399512 0.372264 0.344916 0.317707 0.290871 0.264636 0.239215 0.214802 0.191566 0.169651 0.149169 0.130202 0.112801 0.0969826 0.082739 0.0700335 0.0588073 0.0489825 0.0404665 0.0331562 0.0269421 0.021712 0.0173546 0.0137622 0.0108336 0.00847529 0.00660343 0.00514451 0.00403603 0.00322683 0.00267713 0.00235862 
0.00251575 0.00263129 0.00298407 0.0035926 0.00448776 0.00571286 0.00732353 0.00938758 0.0119846 0.015205 0.0191494 0.0239264 0.0296507 0.0364404 0.0444137 0.0536851 0.0643614 0.0765367 0.0902886 0.105673 0.122721 0.141435 0.161785 0.183709 0.20711 0.231858 0.257794 0.284728 0.312449 0.340725 0.369314 0.397963 0.426424 0.454449 0.481804 0.508269 0.533646 0.557756 0.580445 0.601585 0.621072 0.638822 0.654776 0.66889 0.681138 0.691504 0.699981 0.70657 0.711272 0.714091 0.715031 0.714091 0.711272 0.70657 0.699981 0.691504 0.681138 0.66889 0.654776 0.638822 0.621072 0.601585 0.580445 0.557756 0.533646 0.508269 0.481804 0.454449 0.426424 0.397963 0.369314 0.340725 0.312449 0.284728 0.257794 0.231858 0.20711 0.183709 0.161785 0.141435 0.122721 0.105673 0.0902886 0.0765367 0.0643614 0.0536851 0.0444137 0.0364404 0.0296507 0.0239264 0.0191494 0.015205 0.0119846 0.00938758 0.00732353 0.00571286 0.00448776 0.0035926 0.00298407 0.00263129 
0.00278876 0.00291594 0.00330419 0.00397357 0.00495755 0.00630302 0.0080701 0.0103319 0.0131742 0.0166939 0.0209986 0.0262041 0.0324319 0.0398068 0.0484525 0.058488 0.0700229 0.0831525 0.0979532 0.114477 0.13275 0.152764 0.17448 0.19782 0.222673 0.248892 0.276299 0.304687 0.333824 0.363463 0.393344 0.423201 0.452773 0.481804 0.510054 0.5373 0.563344 0.58801 0.611152 0.632647 0.652402 0.670345 0.686429 0.700621 0.712908 0.723284 0.731756 0.738329 0.743015 0.745823 0.746758 0.745823 0.743015 0.738329 0.731756 0.723284 0.712908 0.700621 0.686429 0.670345 0.652402 0.632647 0.611152 0.58801 0.563344 0.5373 0.510054 0.481804 0.452773 0.423201 0.393344 0.363463 0.333824 0.304687 0.276299 0.248892 0.222673 0.19782 0.17448 0.152764 0.13275 0.114477 0.0979532 0.0831525 0.0700229 0.058488 0.0484525 0.0398068 0.0324319 0.0262041 0.0209986 0.0166939 0.0131742 0.0103319 0.0080701 0.00630302 0.00495755 0.00397357 0.00330419 0.00291594 
0.00307097 0.0032101 0.00363468 0.00436637 0.00544125 0.00690974 0.00883648 0.0112999 0.0143917 0.0182154 0.0228855 0.0285244 0.0352606 0.0432249 0.0525462 0.0633474 0.0757403 0.0898207 0.105663 0.123315 0.142795 0.164087 0.187138 0.211857 0.238117 0.265754 0.294569 0.324339 0.354813 0.385727 0.416804 0.447768 0.478344 0.508269 0.5373 0.565212 0.591808 0.616917 0.6404 0.662145 0.682068 0.70011 0.716237 0.730429 0.742686 0.753015 0.761432 0.767952 0.772595 0.775375 0.7763 0.775375 0.772595 0.767952 0.761432 0.753015 0.742686 0.730429 0.716237 0.70011 0.682068 0.662145 0.6404 0.616917 0.591808 0.565212 0.5373 0.508269 0.478344 0.447768 0.416804 0.385727 0.354813 0.324339 0.294569 0.265754 0.238117 0.211857 0.187138 0.164087 0.142795 0.123315 0.105663 0.0898207 0.0757403 0.0633474 0.0525462 0.0432249 0.0352606 0.0285244 0.0228855 0.0182154 0.0143917 0.0112999 0.00883648 0.00690974 0.00544125 0.00436637 0.00363468 0.0032101 
0.00335962 0.00351086 0.0039723 0.00476716 0.00593408 0.00752704 0.00961512 0.012282 0.0156252 0.0197547 0.0247914 0.0308647 0.0381092 0.0466613 0.0566549 0.0682161 0.0814585 0.0964773 0.113344 0.132103 0.152763 0.175298 0.199643 0.225693 0.253303 0.282292 0.312444 0.343514 0.375237 0.407331 0.439504 0.471467 0.502938 0.533646 0.563344 0.591808 0.618843 0.644287 0.668006 0.6899 0.709897 0.727952 0.744042 0.758165 0.77033 0.780559 0.788876 0.79531 0.799886 0.802622 0.803533 0.802622 0.799886 0.79531 0.788876 0.780559 0.77033 0.758165 0.744042 0.727952 0.709897 0.6899 0.668006 0.644287 0.618843 0.591808 0.563344 0.533646 0.502938 0.471467 0.439504 0.407331 0.375237 0.343514 0.312444 0.282292 0.253303 0.225693 0.199643 0.175298 0.152763 0.132103 0.113344 0.0964773 0.0814585 0.0682161 0.0566549 0.0466613 0.0381092 0.0308647 0.0247914 0.0197547 0.0156252 0.012282 0.00961512 0.00752704 0.00593408 0.00476716 0.0039723 0.00351086 
0.00365158 0.00381496 0.00431338 0.00517158 0.00643074 0.00814832 0.0103977 0.0132677 0.0168615 0.0212954 0.0266965 0.0332005 0.040948 0.0500807 0.0607367 0.0730448 0.0871198 0.103056 0.120922 0.140755 0.162557 0.186291 0.211878 0.2392 0.268093 0.29836 0.329766 0.36205 0.394927 0.428101 0.461266 0.494121 0.526376 0.557756 0.58801 0.616917 0.644287 0.669962 0.69382 0.715772 0.735758 0.753748 0.769732 0.783723 0.795743 0.805826 0.814008 0.820326 0.824813 0.827495 0.828387 0.827495 0.824813 0.820326 0.814008 0.805826 0.795743 0.783723 0.769732 0.753748 0.735758 0.715772 0.69382 0.669962 0.644287 0.616917 0.58801 0.557756 0.526376 0.494121 0.461266 0.428101 0.394927 0.36205 0.329766 0.29836 0.268093 0.2392 0.211878 0.186291 0.162557 0.140755 0.120922 0.103056 0.0871198 0.0730448 0.0607367 0.0500807 0.040948 0.0332005 0.0266965 0.0212954 0.0168615 0.0132677 0.0103977 0.00814832 0.00643074 0.00517158 0.00431338 0.00381496 
0.0039434 0.00411885 0.00465395 0.00557496 0.0069255 0.00876641 0.0111753 0.0142459 0.0180868 0.0228203 0.0285795 0.0355061 0.0437461 0.0534462 0.0647478 0.0777825 0.0926653 0.109489 0.128318 0.149184 0.172081 0.196959 0.223728 0.252252 0.282354 0.313817 0.346389 0.379792 0.413726 0.447876 0.481928 0.515569 0.5485 0.580445 0.611152 0.6404 0.668006 0.69382 0.71773 0.739659 0.759561 0.777419 0.793239 0.807045 0.818875 0.828775 0.836791 0.842971 0.847353 0.84997 0.85084 0.84997 0.847353 0.842971 0.836791 0.828775 0.818875 0.807045 0.793239 0.777419 0.759561 0.739659 0.71773 0.69382 0.668006 0.6404 0.611152 0.580445 0.5485 0.515569 0.481928 0.447876 0.413726 0.379792 0.346389 0.313817 0.282354 0.252252 0.223728 0.196959 0.172081 0.149184 0.128318 0.109489 0.0926653 0.0777825 0.0647478 0.0534462 0.0437461 0.0355061 0.0285795 0.0228203 0.0180868 0.0142459 0.0111753 0.00876641 0.0069255 0.00557496 0.00465395 0.00411885 
