0.000195438 0.000200304 0.00021503 0.000240013 0.000275906 0.000323622 0.000384326 0.000459431 0.000550585 0.00065966 0.000788735 0.000940072 0.00111609 0.00131934 0.00155243 0.00181805 0.00211883 0.00245736 0.00283608 0.00325723 0.00372276 0.00423428 0.00479297 0.00539951 0.00605401 0.00675596 0.00750414 0.00829661 0.00913066 0.0100028 0.0109087 0.0118433 0.0128008 0.0137746 0.0147575 0.0157418 0.0167192 0.0176811 0.0186188 0.0195232 0.0203854 0.0211967 0.0219485 0.0226329 0.0232424 0.0237703 0.0242106 0.0245585 0.0248098 0.0249618 0.0250127 0.0249618 0.0248098 0.0245585 0.0242106 0.0237703 0.0232424 0.0226329 0.0219485 0.0211967 0.0203854 0.0195232 0.0186188 0.0176811 0.0167192 0.0157418 0.0147575 0.0137746 0.0128008 0.0118433 0.0109087 0.0100028 0.00913066 0.00829661 0.00750414 0.00675596 0.00605401 0.00539951 0.00479297 0.00423428 0.00372276 0.00325723 0.00283608 0.00245736 0.00211883 0.00181805 0.00155243 0.00131934 0.00111609 0.000940072 0.000788735 0.00065966 0.000550585 0.000459431 0.000384326 0.000323622 0.000275906 0.000240013 0.00021503 0.000200304 
0.000200304 0.000205282 0.00022035 0.00024591 0.00028263 0.000331441 0.00039353 0.000470338 0.000563544 0.000675057 0.000806994 0.000961659 0.00114152 0.00134915 0.00158724 0.00185849 0.0021656 0.00251118 0.00289771 0.00332746 0.00380242 0.00432419 0.00489398 0.00551245 0.00617971 0.00689521 0.00765771 0.0084652 0.00931492 0.0102033 0.0111259 0.0120776 0.0130525 0.0140438 0.0150443 0.016046 0.0170406 0.0180194 0.0189734 0.0198934 0.0207704 0.0215955 0.0223601 0.0230561 0.0236759 0.0242127 0.0246604 0.0250141 0.0252696 0.0254241 0.0254758 0.0254241 0.0252696 0.0250141 0.0246604 0.0242127 0.0236759 0.0230561 0.0223601 0.0215955 0.0207704 0.0198934 0.0189734 0.0180194 0.0170406 0.016046 0.0150443 0.0140438 0.0130525 0.0120776 0.0111259 0.0102033 0.00931492 0.0084652 0.00765771 0.00689521 0.00617971 0.00551245 0.00489398 0.00432419 0.00380242 0.00332746 0.00289771 0.00251118 0.0021656 0.00185849 0.00158724 0.00134915 0.00114152 0.000961659 0.000806994 0.000675057 0.000563544 0.000470338 0.00039353 0.000331441 0.00028263 0.00024591 0.00022035 0.000205282 
0.00021503 0.00022035 0.00023645 0.000263757 0.000302978 0.000355097 0.000421372 0.000503326 0.000602734 0.000721612 0.000862195 0.00102691 0.00121836 0.00143926 0.00169241 0.00198068 0.00230687 0.00267373 0.00308384 0.00353956 0.00404293 0.00459564 0.00519889 0.00585334 0.00655905 0.00731541 0.00812104 0.0089738 0.00987072 0.010808 0.011781 0.0127842 0.0138114 0.0148555 0.0159088 0.0169631 0.0180095 0.019039 0.0200419 0.0210089 0.0219305 0.0227973 0.0236004 0.0243312 0.0249819 0.0255453 0.0260153 0.0263864 0.0266546 0.0268167 0.026871 0.0268167 0.0266546 0.0263864 0.0260153 0.0255453 0.0249819 0.0243312 0.0236004 0.0227973 0.0219305 0.0210089 0.0200419 0.019039 0.0180095 0.0169631 0.0159088 0.0148555 0.0138114 0.0127842 0.011781 0.010808 0.00987072 0.0089738 0.00812104 0.00731541 0.00655905 0.00585334 0.00519889 0.00459564 0.00404293 0.00353956 0.00308384 0.00267373 0.00230687 0.00198068 0.00169241 0.00143926 0.00121836 0.00102691 0.000862195 0.000721612 0.000602734 0.000503326 0.000421372 0.000355097 0.000302978 0.000263757 0.00023645 0.00022035 
0.000240013 0.00024591 0.000263757 0.000294019 0.00033747 0.000395186 0.000468541 0.000559197 0.000669091 0.000800418 0.00095561 0.00113731 0.00134833 0.00159161 0.00187021 0.00218719 0.00254557 0.00294831 0.00339817 0.00389764 0.00444891 0.00505371 0.0057133 0.00642831 0.00719873 0.00802381 0.00890198 0.00983084 0.0108071 0.0118266 0.0128842 0.0139739 0.0150889 0.0162216 0.0173637 0.0185061 0.0196394 0.0207537 0.0218388 0.0228846 0.0238808 0.0248175 0.025685 0.0264742 0.0271766 0.0277848 0.0282919 0.0286923 0.0289816 0.0291565 0.0292151 0.0291565 0.0289816 0.0286923 0.0282919 0.0277848 0.0271766 0.0264742 0.025685 0.0248175 0.0238808 0.0228846 0.0218388 0.0207537 0.0196394 0.0185061 0.0173637 0.0162216 0.0150889 0.0139739 0.0128842 0.0118266 0.0108071 0.00983084 0.00890198 0.00802381 0.00719873 0.00642831 0.0057133 0.00505371 0.00444891 0.00389764 0.00339817 0.00294831 0.00254557 0.00218719 0.00187021 0.00159161 0.00134833 0.00113731 0.00095561 0.000800418 0.000669091 0.000559197 0.000468541 0.000395186 0.00033747 0.000294019 0.000263757 0.00024591 
0.000275906 0.00028263 0.000302978 0.00033747 0.000386975 0.000452699 0.000536182 0.000639282 0.000764166 0.000913283 0.00108934 0.00129529 0.00153425 0.00180948 0.00212436 0.00248226 0.00288652 0.00334036 0.0038468 0.00440854 0.00502792 0.00570679 0.00644644 0.00724747 0.00810976 0.00903236 0.0100134 0.0110502 0.0121389 0.0132748 0.0144522 0.0156644 0.0169037 0.0181618 0.0194292 0.0206962 0.0219523 0.0231864 0.0243876 0.0255446 0.0266461 0.0276813 0.0286397 0.0295112 0.0302866 0.0309578 0.0315173 0.031959 0.0322781 0.032471 0.0325355 0.032471 0.0322781 0.031959 0.0315173 0.0309578 0.0302866 0.0295112 0.0286397 0.0276813 0.0266461 0.0255446 0.0243876 0.0231864 0.0219523 0.0206962 0.0194292 0.0181618 0.0169037 0.0156644 0.0144522 0.0132748 0.0121389 0.0110502 0.0100134 0.00903236 0.00810976 0.00724747 0.00644644 0.00570679 0.00502792 0.00440854 0.0038468 0.00334036 0.00288652 0.00248226 0.00212436 0.00180948 0.00153425 0.00129529 0.00108934 0.000913283 0.000764166 0.000639282 0.000536182 0.000452699 0.000386975 0.00033747 0.000302978 0.00028263 
0.000323622 0.000331441 0.000355097 0.000395186 0.000452699 0.000529014 0.000625885 0.00074543 0.000890113 0.00106272 0.00126632 0.00150425 0.00178003 0.00209736 0.00246001 0.00287177 0.00333637 0.00385739 0.00443815 0.00508165 0.00579041 0.00656642 0.00741099 0.0083247 0.00930726 0.0103574 0.0114731 0.0126508 0.0138864 0.0151743 0.016508 0.0178799 0.0192812 0.0207025 0.0221333 0.0235624 0.0249781 0.0263681 0.0277202 0.0290216 0.0302599 0.0314231 0.0324993 0.0334776 0.0343478 0.0351006 0.0357281 0.0362234 0.036581 0.0367972 0.0368696 0.0367972 0.036581 0.0362234 0.0357281 0.0351006 0.0343478 0.0334776 0.0324993 0.0314231 0.0302599 0.0290216 0.0277202 0.0263681 0.0249781 0.0235624 0.0221333 0.0207025 0.0192812 0.0178799 0.016508 0.0151743 0.0138864 0.0126508 0.0114731 0.0103574 0.00930726 0.0083247 0.00741099 0.00656642 0.00579041 0.00508165 0.00443815 0.00385739 0.00333637 0.00287177 0.00246001 0.00209736 0.00178003 0.00150425 0.00126632 0.00106272 0.000890113 0.00074543 0.000625885 0.000529014 0.000452699 0.000395186 0.000355097 0.000331441 
0.000384326 0.00039353 0.000421372 0.000468541 0.000536182 0.000625885 0.000739674 0.00087999 0.00104967 0.00125191 0.00149024 0.00176847 0.00209064 0.00246095 0.00288368 0.00336313 0.00390351 0.00450884 0.00518284 0.0059288 0.0067495 0.00764707 0.00862287 0.00967739 0.0108101 0.0120196 0.013303 0.0146565 0.0160749 0.017552 0.0190801 0.0206504 0.022253 0.0238769 0.0255103 0.0271404 0.0287539 0.030337 0.0318757 0.0333558 0.0347634 0.0360847 0.0373067 0.0384169 0.0394041 0.0402578 0.0409691 0.0415304 0.0419358 0.0421807 0.0422627 0.0421807 0.0419358 0.0415304 0.0409691 0.0402578 0.0394041 0.0384169 0.0373067 0.0360847 0.0347634 0.0333558 0.0318757 0.030337 0.0287539 0.0271404 0.0255103 0.0238769 0.022253 0.0206504 0.0190801 0.017552 0.0160749 0.0146565 0.013303 0.0120196 0.0108101 0.00967739 0.00862287 0.00764707 0.0067495 0.0059288 0.00518284 0.00450884 0.00390351 0.00336313 0.00288368 0.00246095 0.00209064 0.00176847 0.00149024 0.00125191 0.00104967 0.00087999 0.000739674 0.000625885 0.000536182 0.000468541 0.000421372 0.00039353 
0.000459431 0.000470338 0.000503326 0.000559197 0.000639282 0.00074543 0.00087999 0.0010458 0.00124613 0.00148469 0.00176556 0.00209312 0.00247201 0.00290705 0.00340315 0.0039652 0.00459797 0.005306 0.00609347 0.00696404 0.00792076 0.00896593 0.0101009 0.0113261 0.0126407 0.0140428 0.0155291 0.0170949 0.0187341 0.0204394 0.0222017 0.024011 0.0258558 0.0277234 0.0296002 0.0314717 0.0333226 0.0351373 0.0368998 0.038594 0.0402042 0.0417148 0.043111 0.0443791 0.045506 0.0464803 0.0472918 0.047932 0.0483942 0.0486736 0.048767 0.0486736 0.0483942 0.047932 0.0472918 0.0464803 0.045506 0.0443791 0.043111 0.0417148 0.0402042 0.038594 0.0368998 0.0351373 0.0333226 0.0314717 0.0296002 0.0277234 0.0258558 0.024011 0.0222017 0.0204394 0.0187341 0.0170949 0.0155291 0.0140428 0.0126407 0.0113261 0.0101009 0.00896593 0.00792076 0.00696404 0.00609347 0.005306 0.00459797 0.0039652 0.00340315 0.00290705 0.00247201 0.00209312 0.00176556 0.00148469 0.00124613 0.0010458 0.00087999 0.00074543 0.000639282 0.000559197 0.000503326 0.000470338 
0.000550585 0.000563544 0.000602734 0.000669091 0.000764166 0.000890113 0.00104967 0.00124613 0.00148331 0.00176549 0.0020974 0.00248412 0.00293097 0.00344352 0.00402738 0.00468813 0.00543122 0.00626176 0.00718446 0.0082034 0.00932194 0.0105425 0.0118665 0.0132942 0.0148244 0.0164546 0.0181808 0.0199975 0.0218974 0.0238718 0.0259103 0.0280011 0.0301308 0.0322849 0.0344476 0.0366024 0.0387318 0.0408179 0.0428425 0.0447873 0.0466345 0.0483664 0.0499664 0.0514187 0.0527088 0.0538238 0.0547522 0.0554845 0.0560131 0.0563325 0.0564393 0.0563325 0.0560131 0.0554845 0.0547522 0.0538238 0.0527088 0.0514187 0.0499664 0.0483664 0.0466345 0.0447873 0.0428425 0.0408179 0.0387318 0.0366024 0.0344476 0.0322849 0.0301308 0.0280011 0.0259103 0.0238718 0.0218974 0.0199975 0.0181808 0.0164546 0.0148244 0.0132942 0.0118665 0.0105425 0.00932194 0.0082034 0.00718446 0.00626176 0.00543122 0.00468813 0.00402738 0.00344352 0.00293097 0.00248412 0.0020974 0.00176549 0.00148331 0.00124613 0.00104967 0.000890113 0.000764166 0.000669091 0.000602734 0.000563544 
0.00065966 0.000675057 0.000721612 0.000800418 0.000913283 0.00106272 0.00125191 0.00148469 0.00176549 0.00209929 0.00249155 0.00294813 0.00347519 0.00407911 0.00476633 0.00554324 0.006416 0.00739043 0.00847178 0.00966461 0.0109726 0.0123983 0.0139432 0.0156071 0.0173887 0.0192846 0.0212901 0.0233984 0.025601 0.0278876 0.0302461 0.0326627 0.035122 0.0376072 0.0401001 0.0425817 0.0450321 0.0474308 0.049757 0.05199 0.0541095 0.0560956 0.0579294 0.0595931 0.0610705 0.0623467 0.0634091 0.0642468 0.0648514 0.0652167 0.0653388 0.0652167 0.0648514 0.0642468 0.0634091 0.0623467 0.0610705 0.0595931 0.0579294 0.0560956 0.0541095 0.05199 0.049757 0.0474308 0.0450321 0.0425817 0.0401001 0.0376072 0.035122 0.0326627 0.0302461 0.0278876 0.025601 0.0233984 0.0212901 0.0192846 0.0173887 0.0156071 0.0139432 0.0123983 0.0109726 0.00966461 0.00847178 0.00739043 0.006416 0.00554324 0.00476633 0.00407911 0.00347519 0.00294813 0.00249155 0.00209929 0.00176549 0.00148469 0.00125191 0.00106272 0.000913283 0.000800418 0.000721612 0.000675057 
0.000788735 0.000806994 0.000862195 0.00095561 0.00108934 0.00126632 0.00149024 0.00176556 0.0020974 0.00249155 0.0029543 0.00349242 0.004113 0.00482336 0.00563086 0.00654278 0.00756612 0.00870744 0.00997262 0.0113667 0.0128937 0.0145564 0.0163559 0.0182922 0.020363 0.0225644 0.0248906 0.0273334 0.0298829 0.0325269 0.0352513 0.03804 0.0408754 0.0437379 0.0466068 0.0494602 0.0522754 0.055029 0.0576974 0.0602572 0.0626852 0.0649591 0.0670574 0.0689602 0.0706491 0.0721075 0.0733212 0.0742779 0.0749683 0.0753853 0.0755248 0.0753853 0.0749683 0.0742779 0.0733212 0.0721075 0.0706491 0.0689602 0.0670574 0.0649591 0.0626852 0.0602572 0.0576974 0.055029 0.0522754 0.0494602 0.0466068 0.0437379 0.0408754 0.03804 0.0352513 0.0325269 0.0298829 0.0273334 0.0248906 0.0225644 0.020363 0.0182922 0.0163559 0.0145564 0.0128937 0.0113667 0.00997262 0.00870744 0.00756612 0.00654278 0.00563086 0.00482336 0.004113 0.00349242 0.0029543 0.00249155 0.0020974 0.00176556 0.00149024 0.00126632 0.00108934 0.00095561 0.000862195 0.000806994 
0.000940072 0.000961659 0.00102691 0.00113731 0.00129529 0.00150425 0.00176847 0.00209312 0.00248412 0.00294813 0.00349242 0.00412477 0.00485331 0.00568641 0.00663247 0.00769975 0.00889617 0.0102291 0.0117051 0.0133297 0.0151073 0.0170407 0.019131 0.0213776 0.0237778 0.0263267 0.029017 0.0318394 0.0347819 0.0378304 0.0409685 0.0441775 0.047437 0.0507247 0.0540167 0.0572882 0.0605131 0.063665 0.0667171 0.0696429 0.0724162 0.0750119 0.0774059 0.0795757 0.0815007 0.0831624 0.0845448 0.0856343 0.0864203 0.086895 0.0870537 0.086895 0.0864203 0.0856343 0.0845448 0.0831624 0.0815007 0.0795757 0.0774059 0.0750119 0.0724162 0.0696429 0.0667171 0.063665 0.0605131 0.0572882 0.0540167 0.0507247 0.047437 0.0441775 0.0409685 0.0378304 0.0347819 0.0318394 0.029017 0.0263267 0.0237778 0.0213776 0.019131 0.0170407 0.0151073 0.0133297 0.0117051 0.0102291 0.00889617 0.00769975 0.00663247 0.00568641 0.00485331 0.00412477 0.00349242 0.00294813 0.00248412 0.00209312 0.00176847 0.00150425 0.00129529 0.00113731 0.00102691 0.000961659 
0.00111609 0.00114152 0.00121836 0.00134833 0.00153425 0.00178003 0.00209064 0.00247201 0.00293097 0.00347519 0.004113 0.00485331 0.00570542 0.00667884 0.00778313 0.00902762 0.0104212 0.0119722 0.0136878 0.0155741 0.0176358 0.0198757 0.0222948 0.024892 0.0276637 0.030604 0.0337042 0.036953 0.0403366 0.0438385 0.0474396 0.0511185 0.0548517 0.0586136 0.0623771 0.0661138 0.0697942 0.0733884 0.0768662 0.0801977 0.0833534 0.0863052 0.089026 0.0914909 0.0936767 0.0955627 0.0971312 0.0983671 0.0992585 0.0997968 0.0999768 0.0997968 0.0992585 0.0983671 0.0971312 0.0955627 0.0936767 0.0914909 0.089026 0.0863052 0.0833534 0.0801977 0.0768662 0.0733884 0.0697942 0.0661138 0.0623771 0.0586136 0.0548517 0.0511185 0.0474396 0.0438385 0.0403366 0.036953 0.0337042 0.030604 0.0276637 0.024892 0.0222948 0.0198757 0.0176358 0.0155741 0.0136878 0.0119722 0.0104212 0.00902762 0.00778313 0.00667884 0.00570542 0.00485331 0.004113 0.00347519 0.00293097 0.00247201 0.00209064 0.00178003 0.00153425 0.00134833 0.00121836 0.00114152 
0.00131934 0.00134915 0.00143926 0.00159161 0.00180948 0.00209736 0.00246095 0.00290705 0.00344352 0.00407911 0.00482336 0.00568641 0.00667884 0.00781145 0.00909502 0.0105401 0.0121566 0.0139537 0.0159394 0.0181204 0.0205015 0.0230857 0.0258736 0.0288635 0.0320508 0.0354282 0.0389855 0.0427095 0.0465838 0.0505895 0.0547044 0.058904 0.0631614 0.0674475 0.0717315 0.0759812 0.0801633 0.0842441 0.0881897 0.0919665 0.0955417 0.0988837 0.101962 0.10475 0.107221 0.109352 0.111124 0.11252 0.113526 0.114134 0.114337 0.114134 0.113526 0.11252 0.111124 0.109352 0.107221 0.10475 0.101962 0.0988837 0.0955417 0.0919665 0.0881897 0.0842441 0.0801633 0.0759812 0.0717315 0.0674475 0.0631614 0.058904 0.0547044 0.0505895 0.0465838 0.0427095 0.0389855 0.0354282 0.0320508 0.0288635 0.0258736 0.0230857 0.0205015 0.0181204 0.0159394 0.0139537 0.0121566 0.0105401 0.00909502 0.00781145 0.00667884 0.00568641 0.00482336 0.00407911 0.00344352 0.00290705 0.00246095 0.00209736 0.00180948 0.00159161 0.00143926 0.00134915 
0.00155243 0.00158724 0.00169241 0.00187021 0.00212436 0.00246001 0.00288368 0.00340315 0.00402738 0.00476633 0.00563086 0.00663247 0.00778313 0.00909502 0.0105803 0.0122506 0.0141172 0.0161901 0.0184782 0.0209885 0.0237262 0.0266941 0.0298925 0.0333188 0.0369674 0.0408294 0.0448927 0.0491417 0.0535577 0.0581185 0.0627989 0.0675708 0.0724036 0.0772643 0.082118 0.0869285 0.0916584 0.0962699 0.100725 0.104986 0.109018 0.112783 0.11625 0.119388 0.122168 0.124565 0.126556 0.128125 0.129256 0.129938 0.130167 0.129938 0.129256 0.128125 0.126556 0.124565 0.122168 0.119388 0.11625 0.112783 0.109018 0.104986 0.100725 0.0962699 0.0916584 0.0869285 0.082118 0.0772643 0.0724036 0.0675708 0.0627989 0.0581185 0.0535577 0.0491417 0.0448927 0.0408294 0.0369674 0.0333188 0.0298925 0.0266941 0.0237262 0.0209885 0.0184782 0.0161901 0.0141172 0.0122506 0.0105803 0.00909502 0.00778313 0.00663247 0.00563086 0.00476633 0.00402738 0.00340315 0.00288368 0.00246001 0.00212436 0.00187021 0.00169241 0.00158724 
0.00181805 0.00185849 0.00198068 0.00218719 0.00248226 0.00287177 0.00336313 0.0039652 0.00468813 0.00554324 0.00654278 0.00769975 0.00902762 0.0105401 0.0122506 0.0141724 0.0163177 0.0186976 0.0213216 0.0241974 0.0273302 0.0307228 0.0343748 0.0382827 0.0424395 0.0468347 0.0514538 0.0562789 0.0612881 0.0664561 0.0717541 0.0771501 0.0826095 0.0880949 0.0935673 0.0989859 0.104309 0.109494 0.1145 0.119284 0.123807 0.128029 0.131914 0.135428 0.138539 0.141221 0.143449 0.145202 0.146467 0.14723 0.147485 0.14723 0.146467 0.145202 0.143449 0.141221 0.138539 0.135428 0.131914 0.128029 0.123807 0.119284 0.1145 0.109494 0.104309 0.0989859 0.0935673 0.0880949 0.0826095 0.0771501 0.0717541 0.0664561 0.0612881 0.0562789 0.0514538 0.0468347 0.0424395 0.0382827 0.0343748 0.0307228 0.0273302 0.0241974 0.0213216 0.0186976 0.0163177 0.0141724 0.0122506 0.0105401 0.00902762 0.00769975 0.00654278 0.00554324 0.00468813 0.0039652 0.00336313 0.00287177 0.00248226 0.00218719 0.00198068 0.00185849 
0.00211883 0.0021656 0.00230687 0.00254557 0.00288652 0.00333637 0.00390351 0.00459797 0.00543122 0.006416 0.00756612 0.00889617 0.0104212 0.0121566 0.0141172 0.0163177 0.0187715 0.0214907 0.0244856 0.0277643 0.0313321 0.0351915 0.0393413 0.0437769 0.0484899 0.0534675 0.058693 0.0641454 0.0697998 0.075627 0.0815945 0.087666 0.0938024 0.0999621 0.106101 0.112174 0.118135 0.123936 0.129531 0.134875 0.139923 0.144633 0.148963 0.152878 0.156343 0.159327 0.161806 0.163757 0.165163 0.166011 0.166295 0.166011 0.165163 0.163757 0.161806 0.159327 0.156343 0.152878 0.148963 0.144633 0.139923 0.134875 0.129531 0.123936 0.118135 0.112174 0.106101 0.0999621 0.0938024 0.087666 0.0815945 0.075627 0.0697998 0.0641454 0.058693 0.0534675 0.0484899 0.0437769 0.0393413 0.0351915 0.0313321 0.0277643 0.0244856 0.0214907 0.0187715 0.0163177 0.0141172 0.0121566 0.0104212 0.00889617 0.00756612 0.006416 0.00543122 0.00459797 0.00390351 0.00333637 0.00288652 0.00254557 0.00230687 0.0021656 
0.00245736 0.00251118 0.00267373 0.00294831 0.00334036 0.00385739 0.00450884 0.005306 0.00626176 0.00739043 0.00870744 0.0102291 0.0119722 0.0139537 0.0161901 0.0186976 0.0214907 0.0245826 0.0279844 0.0317043 0.0357478 0.0401167 0.0448093 0.0498194 0.0551367 0.0607463 0.0666287 0.0727596 0.0791105 0.0856485 0.0923365 0.0991339 0.105997 0.112879 0.11973 0.126502 0.133142 0.139599 0.145822 0.15176 0.157365 0.162591 0.167393 0.171731 0.175569 0.178874 0.181617 0.183776 0.185331 0.186269 0.186583 0.186269 0.185331 0.183776 0.181617 0.178874 0.175569 0.171731 0.167393 0.162591 0.157365 0.15176 0.145822 0.139599 0.133142 0.126502 0.11973 0.112879 0.105997 0.0991339 0.0923365 0.0856485 0.0791105 0.0727596 0.0666287 0.0607463 0.0551367 0.0498194 0.0448093 0.0401167 0.0357478 0.0317043 0.0279844 0.0245826 0.0214907 0.0186976 0.0161901 0.0139537 0.0119722 0.0102291 0.00870744 0.00739043 0.00626176 0.005306 0.00450884 0.00385739 0.00334036 0.00294831 0.00267373 0.00251118 
0.00283608 0.00289771 0.00308384 0.00339817 0.0038468 0.00443815 0.00518284 0.00609347 0.00718446 0.00847178 0.00997262 0.0117051 0.0136878 0.0159394 0.0184782 0.0213216 0.0244856 0.0279844 0.0318294 0.0360295 0.0405898 0.0455117 0.0507921 0.0564234 0.0623932 0.0686839 0.075273 0.0821328 0.0892308 0.0965296 0.103988 0.111559 0.119196 0.126846 0.134454 0.141967 0.149326 0.156476 0.16336 0.169924 0.176115 0.181883 0.18718 0.191963 0.196191 0.199831 0.202851 0.205227 0.206938 0.20797 0.208315 0.20797 0.206938 0.205227 0.202851 0.199831 0.196191 0.191963 0.18718 0.181883 0.176115 0.169924 0.16336 0.156476 0.149326 0.141967 0.134454 0.126846 0.119196 0.111559 0.103988 0.0965296 0.0892308 0.0821328 0.075273 0.0686839 0.0623932 0.0564234 0.0507921 0.0455117 0.0405898 0.0360295 0.0318294 0.0279844 0.0244856 0.0213216 0.0184782 0.0159394 0.0136878 0.0117051 0.00997262 0.00847178 0.00718446 0.00609347 0.00518284 0.00443815 0.0038468 0.00339817 0.00308384 0.00289771 
0.00325723 0.00332746 0.00353956 0.00389764 0.00440854 0.00508165 0.0059288 0.00696404 0.0082034 0.00966461 0.0113667 0.0133297 0.0155741 0.0181204 0.0209885 0.0241974 0.0277643 0.0317043 0.0360295 0.0407489 0.0458672 0.051385 0.057298 0.0635967 0.0702663 0.0772864 0.084631 0.0922685 0.100162 0.10827 0.116545 0.124938 0.133392 0.141853 0.150259 0.15855 0.166665 0.174541 0.182118 0.189337 0.19614 0.202473 0.208285 0.21353 0.218164 0.222151 0.225459 0.228059 0.229932 0.231062 0.231439 0.231062 0.229932 0.228059 0.225459 0.222151 0.218164 0.21353 0.208285 0.202473 0.19614 0.189337 0.182118 0.174541 0.166665 0.15855 0.150259 0.141853 0.133392 0.124938 0.116545 0.10827 0.100162 0.0922685 0.084631 0.0772864 0.0702663 0.0635967 0.057298 0.051385 0.0458672 0.0407489 0.0360295 0.0317043 0.0277643 0.0241974 0.0209885 0.0181204 0.0155741 0.0133297 0.0113667 0.00966461 0.0082034 0.00696404 0.0059288 0.00508165 0.00440854 0.00389764 0.00353956 0.00332746 
0.00372276 0.00380242 0.00404293 0.00444891 0.00502792 0.00579041 0.0067495 0.00792076 0.00932194 0.0109726 0.0128937 0.0151073 0.0176358 0.0205015 0.0237262 0.0273302 0.0313321 0.0357478 0.0405898 0.0458672 0.0515842 0.0577403 0.0643298 0.071341 0.0787564 0.0865524 0.0946991 0.103161 0.111896 0.120858 0.129995 0.139251 0.148565 0.157875 0.167116 0.176221 0.185123 0.193755 0.202052 0.209949 0.217386 0.224304 0.230648 0.236369 0.241422 0.245767 0.249369 0.252201 0.25424 0.255469 0.25588 0.255469 0.25424 0.252201 0.249369 0.245767 0.241422 0.236369 0.230648 0.224304 0.217386 0.209949 0.202052 0.193755 0.185123 0.176221 0.167116 0.157875 0.148565 0.139251 0.129995 0.120858 0.111896 0.103161 0.0946991 0.0865524 0.0787564 0.071341 0.0643298 0.0577403 0.0515842 0.0458672 0.0405898 0.0357478 0.0313321 0.0273302 0.0237262 0.0205015 0.0176358 0.0151073 0.0128937 0.0109726 0.00932194 0.00792076 0.0067495 0.00579041 0.00502792 0.00444891 0.00404293 0.00380242 
0.00423428 0.00432419 0.00459564 0.00505371 0.00570679 0.00656642 0.00764707 0.00896593 0.0105425 0.0123983 0.0145564 0.0170407 0.0198757 0.0230857 0.0266941 0.0307228 0.0351915 0.0401167 0.0455117 0.051385 0.0577403 0.0645761 0.0718844 0.0796514 0.0878565 0.0964725 0.105466 0.114795 0.124415 0.134274 0.144312 0.15447 0.16468 0.174875 0.184982 0.194931 0.204648 0.214061 0.2231 0.231696 0.239783 0.247301 0.25419 0.260399 0.265879 0.270589 0.274492 0.27756 0.279767 0.281099 0.281544 0.281099 0.279767 0.27756 0.274492 0.270589 0.265879 0.260399 0.25419 0.247301 0.239783 0.231696 0.2231 0.214061 0.204648 0.194931 0.184982 0.174875 0.16468 0.15447 0.144312 0.134274 0.124415 0.114795 0.105466 0.0964725 0.0878565 0.0796514 0.0718844 0.0645761 0.0577403 0.051385 0.0455117 0.0401167 0.0351915 0.0307228 0.0266941 0.0230857 0.0198757 0.0170407 0.0145564 0.0123983 0.0105425 0.00896593 0.00764707 0.00656642 0.00570679 0.00505371 0.00459564 0.00432419 
0.00479297 0.00489398 0.00519889 0.0057133 0.00644644 0.00741099 0.00862287 0.0101009 0.0118665 0.0139432 0.0163559 0.019131 0.0222948 0.0258736 0.0298925 0.0343748 0.0393413 0.0448093 0.0507921 0.057298 0.0643298 0.0718844 0.0799519 0.0885156 0.0975516 0.107029 0.116909 0.127147 0.13769 0.148482 0.159459 0.170552 0.181691 0.192799 0.203801 0.214617 0.225171 0.235385 0.245182 0.254492 0.263243 0.271371 0.278814 0.285517 0.291431 0.29651 0.300718 0.304023 0.306402 0.307836 0.308315 0.307836 0.306402 0.304023 0.300718 0.29651 0.291431 0.285517 0.278814 0.271371 0.263243 0.254492 0.245182 0.235385 0.225171 0.214617 0.203801 0.192799 0.181691 0.170552 0.159459 0.148482 0.13769 0.127147 0.116909 0.107029 0.0975516 0.0885156 0.0799519 0.0718844 0.0643298 0.057298 0.0507921 0.0448093 0.0393413 0.0343748 0.0298925 0.0258736 0.0222948 0.019131 0.0163559 0.0139432 0.0118665 0.0101009 0.00862287 0.00741099 0.00644644 0.0057133 0.00519889 0.00489398 
0.00539951 0.00551245 0.00585334 0.00642831 0.00724747 0.0083247 0.00967739 0.0113261 0.0132942 0.0156071 0.0182922 0.0213776 0.024892 0.0288635 0.0333188 0.0382827 0.0437769 0.0498194 0.0564234 0.0635967 0.071341 0.0796514 0.0885156 0.0979138 0.107818 0.118194 0.128998 0.14018 0.151681 0.16344 0.175385 0.187443 0.199535 0.211582 0.223498 0.235202 0.246609 0.257637 0.268205 0.278237 0.28766 0.296404 0.304405 0.311606 0.317954 0.323404 0.327917 0.331461 0.33401 0.335546 0.33606 0.335546 0.33401 0.331461 0.327917 0.323404 0.317954 0.311606 0.304405 0.296404 0.28766 0.278237 0.268205 0.257637 0.246609 0.235202 0.223498 0.211582 0.199535 0.187443 0.175385 0.16344 0.151681 0.14018 0.128998 0.118194 0.107818 0.0979138 0.0885156 0.0796514 0.071341 0.0635967 0.0564234 0.0498194 0.0437769 0.0382827 0.0333188 0.0288635 0.024892 0.0213776 0.0182922 0.0156071 0.0132942 0.0113261 0.00967739 0.0083247 0.00724747 0.00642831 0.00585334 0.00551245 
0.00605401 0.00617971 0.00655905 0.00719873 0.00810976 0.00930726 0.0108101 0.0126407 0.0148244 0.0173887 0.020363 0.0237778 0.0276637 0.0320508 0.0369674 0.0424395 0.0484899 0.0551367 0.0623932 0.0702663 0.0787564 0.0878565 0.0975516 0.107818 0.118626 0.129933 0.141693 0.153849 0.166338 0.179089 0.192028 0.205073 0.21814 0.231142 0.243989 0.256592 0.268862 0.280712 0.292057 0.302815 0.312911 0.322271 0.33083 0.338527 0.345309 0.351128 0.355944 0.359724 0.362442 0.364081 0.364628 0.364081 0.362442 0.359724 0.355944 0.351128 0.345309 0.338527 0.33083 0.322271 0.312911 0.302815 0.292057 0.280712 0.268862 0.256592 0.243989 0.231142 0.21814 0.205073 0.192028 0.179089 0.166338 0.153849 0.141693 0.129933 0.118626 0.107818 0.0975516 0.0878565 0.0787564 0.0702663 0.0623932 0.0551367 0.0484899 0.0424395 0.0369674 0.0320508 0.0276637 0.0237778 0.020363 0.0173887 0.0148244 0.0126407 0.0108101 0.00930726 0.00810976 0.00719873 0.00655905 0.00617971 
0.00675596 0.00689521 0.00731541 0.00802381 0.00903236 0.0103574 0.0120196 0.0140428 0.0164546 0.0192846 0.0225644 0.0263267 0.030604 0.0354282 0.0408294 0.0468347 0.0534675 0.0607463 0.0686839 0.0772864 0.0865524 0.0964725 0.107029 0.118194 0.129933 0.142201 0.154943 0.168099 0.181598 0.195364 0.209315 0.223364 0.237419 0.251387 0.265172 0.278681 0.291818 0.304491 0.316612 0.328095 0.33886 0.348832 0.357943 0.366131 0.37334 0.379522 0.384637 0.388649 0.391534 0.393272 0.393853 0.393272 0.391534 0.388649 0.384637 0.379522 0.37334 0.366131 0.357943 0.348832 0.33886 0.328095 0.316612 0.304491 0.291818 0.278681 0.265172 0.251387 0.237419 0.223364 0.209315 0.195364 0.181598 0.168099 0.154943 0.142201 0.129933 0.118194 0.107029 0.0964725 0.0865524 0.0772864 0.0686839 0.0607463 0.0534675 0.0468347 0.0408294 0.0354282 0.030604 0.0263267 0.0225644 0.0192846 0.0164546 0.0140428 0.0120196 0.0103574 0.00903236 0.00802381 0.00731541 0.00689521 
0.00750414 0.00765771 0.00812104 0.00890198 0.0100134 0.0114731 0.013303 0.0155291 0.0181808 0.0212901 0.0248906 0.029017 0.0337042 0.0389855 0.0448927 0.0514538 0.058693 0.0666287 0.075273 0.084631 0.0946991 0.105466 0.116909 0.128998 0.141693 0.154943 0.168689 0.182864 0.19739 0.212186 0.227161 0.242223 0.257273 0.272211 0.286937 0.30135 0.315351 0.328843 0.341732 0.353931 0.365357 0.375932 0.385585 0.394254 0.401881 0.408418 0.413823 0.418062 0.421109 0.422944 0.423557 0.422944 0.421109 0.418062 0.413823 0.408418 0.401881 0.394254 0.385585 0.375932 0.365357 0.353931 0.341732 0.328843 0.315351 0.30135 0.286937 0.272211 0.257273 0.242223 0.227161 0.212186 0.19739 0.182864 0.168689 0.154943 0.141693 0.128998 0.116909 0.105466 0.0946991 0.084631 0.075273 0.0666287 0.058693 0.0514538 0.0448927 0.0389855 0.0337042 0.029017 0.0248906 0.0212901 0.0181808 0.0155291 0.013303 0.0114731 0.0100134 0.00890198 0.00812104 0.00765771 
0.00829661 0.0084652 0.0089738 0.00983084 0.0110502 0.0126508 0.0146565 0.0170949 0.0199975 0.0233984 0.0273334 0.0318394 0.036953 0.0427095 0.0491417 0.0562789 0.0641454 0.0727596 0.0821328 0.0922685 0.103161 0.114795 0.127147 0.14018 0.153849 0.168099 0.182864 0.19807 0.213634 0.229466 0.245471 0.261548 0.277593 0.293499 0.309161 0.324471 0.339326 0.353624 0.36727 0.380172 0.392243 0.403406 0.413587 0.422722 0.430755 0.437635 0.44332 0.447778 0.45098 0.452909 0.453553 0.452909 0.45098 0.447778 0.44332 0.437635 0.430755 0.422722 0.413587 0.403406 0.392243 0.380172 0.36727 0.353624 0.339326 0.324471 0.309161 0.293499 0.277593 0.261548 0.245471 0.229466 0.213634 0.19807 0.182864 0.168099 0.153849 0.14018 0.127147 0.114795 0.103161 0.0922685 0.0821328 0.0727596 0.0641454 0.0562789 0.0491417 0.0427095 0.036953 0.0318394 0.0273334 0.0233984 0.0199975 0.0170949 0.0146565 0.0126508 0.0110502 0.00983084 0.0089738 0.0084652 
0.00913066 0.00931492 0.00987072 0.0108071 0.0121389 0.0138864 0.0160749 0.0187341 0.0218974 0.025601 0.0298829 0.0347819 0.0403366 0.0465838 0.0535577 0.0612881 0.0697998 0.0791105 0.0892308 0.100162 0.111896 0.124415 0.13769 0.151681 0.166338 0.181598 0.19739 0.213634 0.230239 0.24711 0.264143 0.281231 0.298263 0.315127 0.331712 0.347904 0.363597 0.378685 0.393069 0.406653 0.419351 0.431081 0.441771 0.451356 0.459777 0.466985 0.472939 0.477605 0.480956 0.482974 0.483648 0.482974 0.480956 0.477605 0.472939 0.466985 0.459777 0.451356 0.441771 0.431081 0.419351 0.406653 0.393069 0.378685 0.363597 0.347904 0.331712 0.315127 0.298263 0.281231 0.264143 0.24711 0.230239 0.213634 0.19739 0.181598 0.166338 0.151681 0.13769 0.124415 0.111896 0.100162 0.0892308 0.0791105 0.0697998 0.0612881 0.0535577 0.0465838 0.0403366 0.0347819 0.0298829 0.025601 0.0218974 0.0187341 0.0160749 0.0138864 0.0121389 0.0108071 0.00987072 0.00931492 
0.0100028 0.0102033 0.010808 0.0118266 0.0132748 0.0151743 0.017552 0.0204394 0.0238718 0.0278876 0.0325269 0.0378304 0.0438385 0.0505895 0.0581185 0.0664561 0.075627 0.0856485 0.0965296 0.10827 0.120858 0.134274 0.148482 0.16344 0.179089 0.195364 0.212186 0.229466 0.24711 0.265012 0.283064 0.301152 0.319157 0.336964 0.354452 0.371507 0.388016 0.40387 0.418966 0.433209 0.446508 0.458783 0.469959 0.479971 0.488761 0.496281 0.502488 0.50735 0.510841 0.512943 0.513645 0.512943 0.510841 0.50735 0.502488 0.496281 0.488761 0.479971 0.469959 0.458783 0.446508 0.433209 0.418966 0.40387 0.388016 0.371507 0.354452 0.336964 0.319157 0.301152 0.283064 0.265012 0.24711 0.229466 0.212186 0.195364 0.179089 0.16344 0.148482 0.134274 0.120858 0.10827 0.0965296 0.0856485 0.075627 0.0664561 0.0581185 0.0505895 0.0438385 0.0378304 0.0325269 0.0278876 0.0238718 0.0204394 0.017552 0.0151743 0.0132748 0.0118266 0.010808 0.0102033 
0.0109087 0.0111259 0.011781 0.0128842 0.0144522 0.016508 0.0190801 0.0222017 0.0259103 0.0302461 0.0352513 0.0409685 0.0474396 0.0547044 0.0627989 0.0717541 0.0815945 0.0923365 0.103988 0.116545 0.129995 0.144312 0.159459 0.175385 0.192028 0.209315 0.227161 0.245471 0.264143 0.283064 0.30212 0.321188 0.340147 0.358871 0.377239 0.395129 0.412426 0.429017 0.444797 0.459669 0.473541 0.486332 0.497968 0.508382 0.51752 0.525331 0.531775 0.536821 0.540443 0.542623 0.543351 0.542623 0.540443 0.536821 0.531775 0.525331 0.51752 0.508382 0.497968 0.486332 0.473541 0.459669 0.444797 0.429017 0.412426 0.395129 0.377239 0.358871 0.340147 0.321188 0.30212 0.283064 0.264143 0.245471 0.227161 0.209315 0.192028 0.175385 0.159459 0.144312 0.129995 0.116545 0.103988 0.0923365 0.0815945 0.0717541 0.0627989 0.0547044 0.0474396 0.0409685 0.0352513 0.0302461 0.0259103 0.0222017 0.0190801 0.016508 0.0144522 0.0128842 0.011781 0.0111259 
0.0118433 0.0120776 0.0127842 0.0139739 0.0156644 0.0178799 0.0206504 0.024011 0.0280011 0.0326627 0.03804 0.0441775 0.0511185 0.058904 0.0675708 0.0771501 0.087666 0.0991339 0.111559 0.124938 0.139251 0.15447 0.170552 0.187443 0.205073 0.223364 0.242223 0.261548 0.281231 0.301152 0.321188 0.341213 0.361097 0.380711 0.399927 0.418621 0.436672 0.453966 0.470397 0.485864 0.500277 0.513553 0.525618 0.536409 0.545868 0.55395 0.560614 0.565829 0.56957 0.571822 0.572574 0.571822 0.56957 0.565829 0.560614 0.55395 0.545868 0.536409 0.525618 0.513553 0.500277 0.485864 0.470397 0.453966 0.436672 0.418621 0.399927 0.380711 0.361097 0.341213 0.321188 0.301152 0.281231 0.261548 0.242223 0.223364 0.205073 0.187443 0.170552 0.15447 0.139251 0.124938 0.111559 0.0991339 0.087666 0.0771501 0.0675708 0.058904 0.0511185 0.0441775 0.03804 0.0326627 0.0280011 0.024011 0.0206504 0.0178799 0.0156644 0.0139739 0.0127842 0.0120776 
0.0128008 0.0130525 0.0138114 0.0150889 0.0169037 0.0192812 0.022253 0.0258558 0.0301308 0.035122 0.0408754 0.047437 0.0548517 0.0631614 0.0724036 0.0826095 0.0938024 0.105997 0.119196 0.133392 0.148565 0.16468 0.181691 0.199535 0.21814 0.237419 0.257273 0.277593 0.298263 0.319157 0.340147 0.361097 0.381874 0.402343 0.422372 0.441832 0.460599 0.478559 0.495602 0.511628 0.526545 0.540272 0.552736 0.563873 0.573629 0.581958 0.588822 0.594191 0.598041 0.600358 0.601132 0.600358 0.598041 0.594191 0.588822 0.581958 0.573629 0.563873 0.552736 0.540272 0.526545 0.511628 0.495602 0.478559 0.460599 0.441832 0.422372 0.402343 0.381874 0.361097 0.340147 0.319157 0.298263 0.277593 0.257273 0.237419 0.21814 0.199535 0.181691 0.16468 0.148565 0.133392 0.119196 0.105997 0.0938024 0.0826095 0.0724036 0.0631614 0.0548517 0.047437 0.0408754 0.035122 0.0301308 0.0258558 0.022253 0.0192812 0.0169037 0.0150889 0.0138114 0.0130525 
0.0137746 0.0140438 0.0148555 0.0162216 0.0181618 0.0207025 0.0238769 0.0277234 0.0322849 0.0376072 0.0437379 0.0507247 0.0586136 0.0674475 0.0772643 0.0880949 0.0999621 0.112879 0.126846 0.141853 0.157875 0.174875 0.192799 0.211582 0.231142 0.251387 0.272211 0.293499 0.315127 0.336964 0.358871 0.380711 0.402343 0.423628 0.444428 0.464613 0.484056 0.50264 0.520254 0.536799 0.552183 0.566325 0.579154 0.590607 0.600631 0.609184 0.616228 0.621735 0.625684 0.628059 0.628851 0.628059 0.625684 0.621735 0.616228 0.609184 0.600631 0.590607 0.579154 0.566325 0.552183 0.536799 0.520254 0.50264 0.484056 0.464613 0.444428 0.423628 0.402343 0.380711 0.358871 0.336964 0.315127 0.293499 0.272211 0.251387 0.231142 0.211582 0.192799 0.174875 0.157875 0.141853 0.126846 0.112879 0.0999621 0.0880949 0.0772643 0.0674475 0.0586136 0.0507247 0.0437379 0.0376072 0.0322849 0.0277234 0.0238769 0.0207025 0.0181618 0.0162216 0.0148555 0.0140438 
0.0147575 0.0150443 0.0159088 0.0173637 0.0194292 0.0221333 0.0255103 0.0296002 0.0344476 0.0401001 0.0466068 0.0540167 0.0623771 0.0717315 0.082118 0.0935673 0.106101 0.11973 0.134454 0.150259 0.167116 0.184982 0.203801 0.223498 0.243989 0.265172 0.286937 0.309161 0.331712 0.354452 0.377239 0.399927 0.422372 0.444428 0.465956 0.486821 0.506895 0.526059 0.544203 0.561225 0.577036 0.591555 0.604714 0.616451 0.626717 0.635469 0.642673 0.648302 0.652337 0.654764 0.655573 0.654764 0.652337 0.648302 0.642673 0.635469 0.626717 0.616451 0.604714 0.591555 0.577036 0.561225 0.544203 0.526059 0.506895 0.486821 0.465956 0.444428 0.422372 0.399927 0.377239 0.354452 0.331712 0.309161 0.286937 0.265172 0.243989 0.223498 0.203801 0.184982 0.167116 0.150259 0.134454 0.11973 0.106101 0.0935673 0.082118 0.0717315 0.0623771 0.0540167 0.0466068 0.0401001 0.0344476 0.0296002 0.0255103 0.0221333 0.0194292 0.0173637 0.0159088 0.0150443 
0.0157418 0.016046 0.0169631 0.0185061 0.0206962 0.0235624 0.0271404 0.0314717 0.0366024 0.0425817 0.0494602 0.0572882 0.0661138 0.0759812 0.0869285 0.0989859 0.112174 0.126502 0.141967 0.15855 0.176221 0.194931 0.214617 0.235202 0.256592 0.278681 0.30135 0.324471 0.347904 0.371507 0.395129 0.418621 0.441832 0.464613 0.486821 0.508319 0.528978 0.548676 0.567304 0.584761 0.600958 0.615818 0.629272 0.641262 0.65174 0.660667 0.668011 0.673747 0.677856 0.680327 0.681151 0.680327 0.677856 0.673747 0.668011 0.660667 0.65174 0.641262 0.629272 0.615818 0.600958 0.584761 0.567304 0.548676 0.528978 0.508319 0.486821 0.464613 0.441832 0.418621 0.395129 0.371507 0.347904 0.324471 0.30135 0.278681 0.256592 0.235202 0.214617 0.194931 0.176221 0.15855 0.141967 0.126502 0.112174 0.0989859 0.0869285 0.0759812 0.0661138 0.0572882 0.0494602 0.0425817 0.0366024 0.0314717 0.0271404 0.0235624 0.0206962 0.0185061 0.0169631 0.016046 
0.0167192 0.0170406 0.0180095 0.0196394 0.0219523 0.0249781 0.0287539 0.0333226 0.0387318 0.0450321 0.0522754 0.0605131 0.0697942 0.0801633 0.0916584 0.104309 0.118135 0.133142 0.149326 0.166665 0.185123 0.204648 0.225171 0.246609 0.268862 0.291818 0.315351 0.339326 0.363597 0.388016 0.412426 0.436672 0.460599 0.484056 0.506895 0.528978 0.550172 0.570358 0.589426 0.607275 0.623818 0.63898 0.652694 0.664906 0.675569 0.684647 0.692111 0.697938 0.702111 0.704619 0.705456 0.704619 0.702111 0.697938 0.692111 0.684647 0.675569 0.664906 0.652694 0.63898 0.623818 0.607275 0.589426 0.570358 0.550172 0.528978 0.506895 0.484056 0.460599 0.436672 0.412426 0.388016 0.363597 0.339326 0.315351 0.291818 0.268862 0.246609 0.225171 0.204648 0.185123 0.166665 0.149326 0.133142 0.118135 0.104309 0.0916584 0.0801633 0.0697942 0.0605131 0.0522754 0.0450321 0.0387318 0.0333226 0.0287539 0.0249781 0.0219523 0.0196394 0.0180095 0.0170406 
0.0176811 0.0180194 0.019039 0.0207537 0.0231864 0.0263681 0.030337 0.0351373 0.0408179 0.0474308 0.055029 0.063665 0.0733884 0.0842441 0.0962699 0.109494 0.123936 0.139599 0.156476 0.174541 0.193755 0.214061 0.235385 0.257637 0.280712 0.304491 0.328843 0.353624 0.378685 0.40387 0.429017 0.453966 0.478559 0.50264 0.526059 0.548676 0.570358 0.590985 0.610447 0.628646 0.645495 0.660922 0.674863 0.687266 0.698088 0.707294 0.714859 0.720762 0.724988 0.727527 0.728374 0.727527 0.724988 0.720762 0.714859 0.707294 0.698088 0.687266 0.674863 0.660922 0.645495 0.628646 0.610447 0.590985 0.570358 0.548676 0.526059 0.50264 0.478559 0.453966 0.429017 0.40387 0.378685 0.353624 0.328843 0.304491 0.280712 0.257637 0.235385 0.214061 0.193755 0.174541 0.156476 0.139599 0.123936 0.109494 0.0962699 0.0842441 0.0733884 0.063665 0.055029 0.0474308 0.0408179 0.0351373 0.030337 0.0263681 0.0231864 0.0207537 0.019039 0.0180194 
0.0186188 0.0189734 0.0200419 0.0218388 0.0243876 0.0277202 0.0318757 0.0368998 0.0428425 0.049757 0.0576974 0.0667171 0.0768662 0.0881897 0.100725 0.1145 0.129531 0.145822 0.16336 0.182118 0.202052 0.2231 0.245182 0.268205 0.292057 0.316612 0.341732 0.36727 0.393069 0.418966 0.444797 0.470397 0.495602 0.520254 0.544203 0.567304 0.589426 0.610447 0.630259 0.648766 0.665883 0.681539 0.695675 0.70824 0.719195 0.728509 0.736157 0.742122 0.74639 0.748955 0.74981 0.748955 0.74639 0.742122 0.736157 0.728509 0.719195 0.70824 0.695675 0.681539 0.665883 0.648766 0.630259 0.610447 0.589426 0.567304 0.544203 0.520254 0.495602 0.470397 0.444797 0.418966 0.393069 0.36727 0.341732 0.316612 0.292057 0.268205 0.245182 0.2231 0.202052 0.182118 0.16336 0.145822 0.129531 0.1145 0.100725 0.0881897 0.0768662 0.0667171 0.0576974 0.049757 0.0428425 0.0368998 0.0318757 0.0277202 0.0243876 0.0218388 0.0200419 0.0189734 
0.0195232 0.0198934 0.0210089 0.0228846 0.0255446 0.0290216 0.0333558 0.038594 0.0447873 0.05199 0.0602572 0.0696429 0.0801977 0.0919665 0.104986 0.119284 0.134875 0.15176 0.169924 0.189337 0.209949 0.231696 0.254492 0.278237 0.302815 0.328095 0.353931 0.380172 0.406653 0.433209 0.459669 0.485864 0.511628 0.536799 0.561225 0.584761 0.607275 0.628646 0.648766 0.667541 0.684889 0.700741 0.715041 0.727742 0.738806 0.748207 0.755922 0.761936 0.766239 0.768823 0.769685 0.768823 0.766239 0.761936 0.755922 0.748207 0.738806 0.727742 0.715041 0.700741 0.684889 0.667541 0.648766 0.628646 0.607275 0.584761 0.561225 0.536799 0.511628 0.485864 0.459669 0.433209 0.406653 0.380172 0.353931 0.328095 0.302815 0.278237 0.254492 0.231696 0.209949 0.189337 0.169924 0.15176 0.134875 0.119284 0.104986 0.0919665 0.0801977 0.0696429 0.0602572 0.05199 0.0447873 0.038594 0.0333558 0.0290216 0.0255446 0.0228846 0.0210089 0.0198934 
