0.000293662 0.000300212 0.000320014 0.00035352 0.000401478 0.00046493 0.000545199 0.000643881 0.000762827 0.000904124 0.00107007 0.00126315 0.00148598 0.00174131 0.00203191 0.00236058 0.00273006 0.00314294 0.00360166 0.00410836 0.00466485 0.00527252 0.00593226 0.0066444 0.00740864 0.00822397 0.00908865 0.0100001 0.0109551 0.0119493 0.0129778 0.0140348 0.0151137 0.0162072 0.0173074 0.0184059 0.0194936 0.0205614 0.0215997 0.022599 0.0235498 0.0244427 0.0252689 0.02602 0.026688 0.0272659 0.0277476 0.0281278 0.0284024 0.0285684 0.028624 0.0285684 0.0284024 0.0281278 0.0277476 0.0272659 0.026688 0.02602 0.0252689 0.0244427 0.0235498 0.022599 0.0215997 0.0205614 0.0194936 0.0184059 0.0173074 0.0162072 0.0151137 0.0140348 0.0129778 0.0119493 0.0109551 0.0100001 0.00908865 0.00822397 0.00740864 0.0066444 0.00593226 0.00527252 0.00466485 0.00410836 0.00360166 0.00314294 0.00273006 0.00236058 0.00203191 0.00174131 0.00148598 0.00126315 0.00107007 0.000904124 0.000762827 0.000643881 0.000545199 0.00046493 0.000401478 0.00035352 0.000320014 0.000300212 
0.000300212 0.000306898 0.000327111 0.000361309 0.000410255 0.000475008 0.000556915 0.000657599 0.000778941 0.000923065 0.00109231 0.00128919 0.00151638 0.00177665 0.00207283 0.00240775 0.00278419 0.00320479 0.003672 0.00418799 0.00475459 0.0053732 0.00604471 0.00676944 0.00754705 0.00837653 0.00925607 0.0101831 0.0111542 0.012165 0.0132106 0.014285 0.0153815 0.0164928 0.0176107 0.0187267 0.0198317 0.0209163 0.0219708 0.0229857 0.0239511 0.0248578 0.0256967 0.0264592 0.0271373 0.027724 0.028213 0.028599 0.0288777 0.0290462 0.0291026 0.0290462 0.0288777 0.028599 0.028213 0.027724 0.0271373 0.0264592 0.0256967 0.0248578 0.0239511 0.0229857 0.0219708 0.0209163 0.0198317 0.0187267 0.0176107 0.0164928 0.0153815 0.014285 0.0132106 0.012165 0.0111542 0.0101831 0.00925607 0.00837653 0.00754705 0.00676944 0.00604471 0.0053732 0.00475459 0.00418799 0.003672 0.00320479 0.00278419 0.00240775 0.00207283 0.00177665 0.00151638 0.00128919 0.00109231 0.000923065 0.000778941 0.000657599 0.000556915 0.000475008 0.000410255 0.000361309 0.000327111 0.000306898 
0.000320014 0.000327111 0.000348562 0.000384851 0.000436779 0.000505462 0.000592313 0.000699039 0.000827616 0.000980271 0.00115946 0.00136781 0.00160813 0.00188332 0.00219632 0.00255011 0.00294755 0.00339141 0.00388421 0.00442821 0.00502529 0.00567685 0.00638381 0.00714645 0.00796437 0.00883645 0.00976075 0.0107345 0.0117542 0.0128151 0.0139121 0.0150389 0.0161884 0.017353 0.0185241 0.0196929 0.0208497 0.0219849 0.0230883 0.0241499 0.0251596 0.0261076 0.0269846 0.0277815 0.0284902 0.0291032 0.0296141 0.0300172 0.0303084 0.0304844 0.0305433 0.0304844 0.0303084 0.0300172 0.0296141 0.0291032 0.0284902 0.0277815 0.0269846 0.0261076 0.0251596 0.0241499 0.0230883 0.0219849 0.0208497 0.0196929 0.0185241 0.017353 0.0161884 0.0150389 0.0139121 0.0128151 0.0117542 0.0107345 0.00976075 0.00883645 0.00796437 0.00714645 0.00638381 0.00567685 0.00502529 0.00442821 0.00388421 0.00339141 0.00294755 0.00255011 0.00219632 0.00188332 0.00160813 0.00136781 0.00115946 0.000980271 0.000827616 0.000699039 0.000592313 0.000505462 0.000436779 0.000384851 0.000348562 0.000327111 
0.00035352 0.000361309 0.000384851 0.000424669 0.000481632 0.000556945 0.00065214 0.00076906 0.000909839 0.00107688 0.00127283 0.00150053 0.00176298 0.0020633 0.00240464 0.00279018 0.00322299 0.00370599 0.00424186 0.00483298 0.00548129 0.00618827 0.00695482 0.00778115 0.00866677 0.00961039 0.0106099 0.0116621 0.0127632 0.0139083 0.0150914 0.016306 0.0175445 0.0187984 0.0200587 0.0213158 0.0225596 0.0237794 0.0249647 0.0261045 0.0271882 0.0282054 0.029146 0.0300006 0.0307603 0.0314174 0.0319648 0.0323969 0.0327088 0.0328973 0.0329604 0.0328973 0.0327088 0.0323969 0.0319648 0.0314174 0.0307603 0.0300006 0.029146 0.0282054 0.0271882 0.0261045 0.0249647 0.0237794 0.0225596 0.0213158 0.0200587 0.0187984 0.0175445 0.016306 0.0150914 0.0139083 0.0127632 0.0116621 0.0106099 0.00961039 0.00866677 0.00778115 0.00695482 0.00618827 0.00548129 0.00483298 0.00424186 0.00370599 0.00322299 0.00279018 0.00240464 0.0020633 0.00176298 0.00150053 0.00127283 0.00107688 0.000909839 0.00076906 0.00065214 0.000556945 0.000481632 0.000424669 0.000384851 0.000361309 
0.000401478 0.000410255 0.000436779 0.000481632 0.000545775 0.000630544 0.000737633 0.000869081 0.00102725 0.00121479 0.00143461 0.00168984 0.00198378 0.00231984 0.00270149 0.00313216 0.00361521 0.00415379 0.00475081 0.00540878 0.00612978 0.00691534 0.00776633 0.00868291 0.00966442 0.0107093 0.0118151 0.0129784 0.0141947 0.0154586 0.0167636 0.0181022 0.0194661 0.0208462 0.0222324 0.0236142 0.0249804 0.0263196 0.0276202 0.0288703 0.0300583 0.0311729 0.0322031 0.0331388 0.0339705 0.0346895 0.0352884 0.035761 0.0361022 0.0363084 0.0363773 0.0363084 0.0361022 0.035761 0.0352884 0.0346895 0.0339705 0.0331388 0.0322031 0.0311729 0.0300583 0.0288703 0.0276202 0.0263196 0.0249804 0.0236142 0.0222324 0.0208462 0.0194661 0.0181022 0.0167636 0.0154586 0.0141947 0.0129784 0.0118151 0.0107093 0.00966442 0.00868291 0.00776633 0.00691534 0.00612978 0.00540878 0.00475081 0.00415379 0.00361521 0.00313216 0.00270149 0.00231984 0.00198378 0.00168984 0.00143461 0.00121479 0.00102725 0.000869081 0.000737633 0.000630544 0.000545775 0.000481632 0.000436779 0.000410255 
0.00046493 0.000475008 0.000505462 0.000556945 0.000630544 0.000727761 0.000850506 0.00100107 0.00118211 0.00139659 0.00164778 0.00193918 0.00227447 0.00265744 0.00309195 0.0035818 0.00413068 0.00474207 0.00541912 0.00616457 0.00698062 0.00786888 0.00883018 0.00986458 0.0109712 0.0121482 0.0133927 0.0147006 0.016067 0.0174855 0.0189489 0.0204488 0.0219759 0.0235198 0.0250694 0.026613 0.0281382 0.0296323 0.0310823 0.0324753 0.0337985 0.0350392 0.0361856 0.0372263 0.038151 0.0389502 0.0396158 0.0401408 0.0405198 0.0407488 0.0408254 0.0407488 0.0405198 0.0401408 0.0396158 0.0389502 0.038151 0.0372263 0.0361856 0.0350392 0.0337985 0.0324753 0.0310823 0.0296323 0.0281382 0.026613 0.0250694 0.0235198 0.0219759 0.0204488 0.0189489 0.0174855 0.016067 0.0147006 0.0133927 0.0121482 0.0109712 0.00986458 0.00883018 0.00786888 0.00698062 0.00616457 0.00541912 0.00474207 0.00413068 0.0035818 0.00309195 0.00265744 0.00227447 0.00193918 0.00164778 0.00139659 0.00118211 0.00100107 0.000850506 0.000727761 0.000630544 0.000556945 0.000505462 0.000475008 
0.000545199 0.000556915 0.000592313 0.00065214 0.000737633 0.000850506 0.000992932 0.00116752 0.00137728 0.0016256 0.00191615 0.00225291 0.00264002 0.00308177 0.00358245 0.00414635 0.00477756 0.00547992 0.00625693 0.00711154 0.00804616 0.00906241 0.0101611 0.0113422 0.0126045 0.0139457 0.0153624 0.01685 0.0184025 0.0200129 0.0216727 0.0233724 0.0251015 0.0268481 0.0285999 0.0303435 0.0320651 0.0337504 0.0353849 0.0369542 0.038444 0.0398403 0.0411298 0.0422999 0.0433392 0.0442371 0.0449848 0.0455744 0.0459999 0.0462571 0.0463431 0.0462571 0.0459999 0.0455744 0.0449848 0.0442371 0.0433392 0.0422999 0.0411298 0.0398403 0.038444 0.0369542 0.0353849 0.0337504 0.0320651 0.0303435 0.0285999 0.0268481 0.0251015 0.0233724 0.0216727 0.0200129 0.0184025 0.01685 0.0153624 0.0139457 0.0126045 0.0113422 0.0101611 0.00906241 0.00804616 0.00711154 0.00625693 0.00547992 0.00477756 0.00414635 0.00358245 0.00308177 0.00264002 0.00225291 0.00191615 0.0016256 0.00137728 0.00116752 0.000992932 0.000850506 0.000737633 0.00065214 0.000592313 0.000556915 
0.000643881 0.000657599 0.000699039 0.00076906 0.000869081 0.00100107 0.00116752 0.00137142 0.00161621 0.00190575 0.00224426 0.00263623 0.00308639 0.00359957 0.00418065 0.00483442 0.00556549 0.00637814 0.00727622 0.00826297 0.00934097 0.0105119 0.0117766 0.0131347 0.0145847 0.0161238 0.0177479 0.0194516 0.021228 0.0230688 0.0249645 0.0269039 0.0288751 0.0308647 0.0328585 0.0348414 0.0367979 0.0387118 0.0405669 0.0423467 0.0440354 0.0456172 0.0470774 0.0484018 0.0495776 0.0505933 0.0514386 0.0521052 0.0525862 0.0528767 0.0529739 0.0528767 0.0525862 0.0521052 0.0514386 0.0505933 0.0495776 0.0484018 0.0470774 0.0456172 0.0440354 0.0423467 0.0405669 0.0387118 0.0367979 0.0348414 0.0328585 0.0308647 0.0288751 0.0269039 0.0249645 0.0230688 0.021228 0.0194516 0.0177479 0.0161238 0.0145847 0.0131347 0.0117766 0.0105119 0.00934097 0.00826297 0.00727622 0.00637814 0.00556549 0.00483442 0.00418065 0.00359957 0.00308639 0.00263623 0.00224426 0.00190575 0.00161621 0.00137142 0.00116752 0.00100107 0.000869081 0.00076906 0.000699039 0.000657599 
0.000762827 0.000778941 0.000827616 0.000909839 0.00102725 0.00118211 0.00137728 0.00161621 0.00190284 0.0022416 0.00263731 0.0030951 0.00362035 0.00421857 0.00489527 0.00565586 0.00650552 0.00744902 0.00849062 0.00963391 0.0108816 0.0122355 0.0136963 0.0152633 0.0169347 0.018707 0.0205754 0.0225334 0.024573 0.0266846 0.0288569 0.0310776 0.0333325 0.0356066 0.0378837 0.0401466 0.0423775 0.0445584 0.0466708 0.0486963 0.0506168 0.0524149 0.0540738 0.0555779 0.0569127 0.0580652 0.0590242 0.0597802 0.0603257 0.0606552 0.0607654 0.0606552 0.0603257 0.0597802 0.0590242 0.0580652 0.0569127 0.0555779 0.0540738 0.0524149 0.0506168 0.0486963 0.0466708 0.0445584 0.0423775 0.0401466 0.0378837 0.0356066 0.0333325 0.0310776 0.0288569 0.0266846 0.024573 0.0225334 0.0205754 0.018707 0.0169347 0.0152633 0.0136963 0.0122355 0.0108816 0.00963391 0.00849062 0.00744902 0.00650552 0.00565586 0.00489527 0.00421857 0.00362035 0.0030951 0.00263731 0.0022416 0.00190284 0.00161621 0.00137728 0.00118211 0.00102725 0.000909839 0.000827616 0.000778941 
0.000904124 0.000923065 0.000980271 0.00107688 0.00121479 0.00139659 0.0016256 0.00190575 0.0022416 0.00263821 0.00310111 0.00363615 0.00424948 0.00494734 0.005736 0.00662154 0.00760979 0.00870609 0.00991515 0.0112409 0.0126862 0.0142529 0.0159416 0.0177513 0.0196795 0.0217222 0.0238734 0.0261257 0.0284694 0.0308936 0.0333854 0.0359302 0.038512 0.0411135 0.0437163 0.0463008 0.048847 0.0513342 0.0537416 0.0560485 0.0582346 0.0602802 0.0621665 0.063876 0.0653924 0.0667014 0.0677902 0.0686484 0.0692675 0.0696414 0.0697664 0.0696414 0.0692675 0.0686484 0.0677902 0.0667014 0.0653924 0.063876 0.0621665 0.0602802 0.0582346 0.0560485 0.0537416 0.0513342 0.048847 0.0463008 0.0437163 0.0411135 0.038512 0.0359302 0.0333854 0.0308936 0.0284694 0.0261257 0.0238734 0.0217222 0.0196795 0.0177513 0.0159416 0.0142529 0.0126862 0.0112409 0.00991515 0.00870609 0.00760979 0.00662154 0.005736 0.00494734 0.00424948 0.00363615 0.00310111 0.00263821 0.0022416 0.00190575 0.0016256 0.00139659 0.00121479 0.00107688 0.000980271 0.000923065 
0.00107007 0.00109231 0.00115946 0.00127283 0.00143461 0.00164778 0.00191615 0.00224426 0.00263731 0.00310111 0.00364197 0.00426659 0.00498195 0.00579515 0.00671326 0.00774317 0.0088914 0.0101639 0.0115658 0.0131015 0.014774 0.0165852 0.0185354 0.0206232 0.0228455 0.0251974 0.0276719 0.0302599 0.0329507 0.0357311 0.0385863 0.0414996 0.0444528 0.047426 0.0503981 0.0533471 0.05625 0.0590837 0.0618246 0.0644494 0.0669353 0.06926 0.0714027 0.0733436 0.0750647 0.0765498 0.0777848 0.0787579 0.0794598 0.0798836 0.0800254 0.0798836 0.0794598 0.0787579 0.0777848 0.0765498 0.0750647 0.0733436 0.0714027 0.06926 0.0669353 0.0644494 0.0618246 0.0590837 0.05625 0.0533471 0.0503981 0.047426 0.0444528 0.0414996 0.0385863 0.0357311 0.0329507 0.0302599 0.0276719 0.0251974 0.0228455 0.0206232 0.0185354 0.0165852 0.014774 0.0131015 0.0115658 0.0101639 0.0088914 0.00774317 0.00671326 0.00579515 0.00498195 0.00426659 0.00364197 0.00310111 0.00263731 0.00224426 0.00191615 0.00164778 0.00143461 0.00127283 0.00115946 0.00109231 
0.00126315 0.00128919 0.00136781 0.00150053 0.00168984 0.00193918 0.00225291 0.00263623 0.0030951 0.00363615 0.00426659 0.00499404 0.00582642 0.00677177 0.00783807 0.00903306 0.010364 0.0118376 0.0134594 0.0152342 0.0171652 0.0192541 0.0215011 0.0239043 0.0264597 0.0291614 0.0320012 0.0349684 0.0380503 0.041232 0.0444963 0.047824 0.0511942 0.0545843 0.0579704 0.0613275 0.0646296 0.0678506 0.070964 0.0739435 0.0767636 0.0793996 0.0818278 0.0840263 0.0859751 0.087656 0.0890535 0.0901543 0.0909481 0.0914275 0.0915878 0.0914275 0.0909481 0.0901543 0.0890535 0.087656 0.0859751 0.0840263 0.0818278 0.0793996 0.0767636 0.0739435 0.070964 0.0678506 0.0646296 0.0613275 0.0579704 0.0545843 0.0511942 0.047824 0.0444963 0.041232 0.0380503 0.0349684 0.0320012 0.0291614 0.0264597 0.0239043 0.0215011 0.0192541 0.0171652 0.0152342 0.0134594 0.0118376 0.010364 0.00903306 0.00783807 0.00677177 0.00582642 0.00499404 0.00426659 0.00363615 0.0030951 0.00263623 0.00225291 0.00193918 0.00168984 0.00150053 0.00136781 0.00128919 
0.00148598 0.00151638 0.00160813 0.00176298 0.00198378 0.00227447 0.00264002 0.00308639 0.00362035 0.00424948 0.00498195 0.00582642 0.00679184 0.00788728 0.00912173 0.0105038 0.0120417 0.0137427 0.015613 0.0176575 0.0198799 0.0222816 0.0248624 0.0276198 0.030549 0.0336428 0.0368914 0.0402826 0.0438015 0.0474309 0.0511509 0.0549399 0.0587738 0.062627 0.0664724 0.0702818 0.074026 0.0776754 0.0812005 0.0845718 0.0877608 0.0907398 0.0934827 0.095965 0.0981643 0.100061 0.101637 0.102878 0.103773 0.104313 0.104494 0.104313 0.103773 0.102878 0.101637 0.100061 0.0981643 0.095965 0.0934827 0.0907398 0.0877608 0.0845718 0.0812005 0.0776754 0.074026 0.0702818 0.0664724 0.062627 0.0587738 0.0549399 0.0511509 0.0474309 0.0438015 0.0402826 0.0368914 0.0336428 0.030549 0.0276198 0.0248624 0.0222816 0.0198799 0.0176575 0.015613 0.0137427 0.0120417 0.0105038 0.00912173 0.00788728 0.00679184 0.00582642 0.00498195 0.00424948 0.00362035 0.00308639 0.00264002 0.00227447 0.00198378 0.00176298 0.00160813 0.00151638 
0.00174131 0.00177665 0.00188332 0.0020633 0.00231984 0.00265744 0.00308177 0.00359957 0.00421857 0.00494734 0.00579515 0.00677177 0.00788728 0.0091519 0.0105757 0.0121682 0.0139385 0.0158946 0.0180433 0.02039 0.0229381 0.025689 0.0286422 0.0317942 0.0351394 0.0386689 0.0423714 0.0462326 0.0502354 0.0543598 0.0585834 0.0628812 0.0672261 0.0715891 0.0759395 0.0802457 0.0844749 0.088594 0.0925698 0.0963698 0.099962 0.103316 0.106402 0.109194 0.111666 0.113797 0.115568 0.116962 0.117967 0.118574 0.118777 0.118574 0.117967 0.116962 0.115568 0.113797 0.111666 0.109194 0.106402 0.103316 0.099962 0.0963698 0.0925698 0.088594 0.0844749 0.0802457 0.0759395 0.0715891 0.0672261 0.0628812 0.0585834 0.0543598 0.0502354 0.0462326 0.0423714 0.0386689 0.0351394 0.0317942 0.0286422 0.025689 0.0229381 0.02039 0.0180433 0.0158946 0.0139385 0.0121682 0.0105757 0.0091519 0.00788728 0.00677177 0.00579515 0.00494734 0.00421857 0.00359957 0.00308177 0.00265744 0.00231984 0.0020633 0.00188332 0.00177665 
0.00203191 0.00207283 0.00219632 0.00240464 0.00270149 0.00309195 0.00358245 0.00418065 0.00489527 0.005736 0.00671326 0.00783807 0.00912173 0.0105757 0.012211 0.0140385 0.0160681 0.0183084 0.0207669 0.0234492 0.0263588 0.029497 0.0328624 0.0364508 0.0402551 0.0442652 0.0484677 0.0528459 0.0573802 0.0620478 0.066823 0.0716777 0.0765812 0.0815007 0.0864019 0.0912491 0.0960059 0.100635 0.105101 0.109366 0.113395 0.117154 0.120612 0.123738 0.126505 0.12889 0.130871 0.13243 0.133553 0.134232 0.134458 0.134232 0.133553 0.13243 0.130871 0.12889 0.126505 0.123738 0.120612 0.117154 0.113395 0.109366 0.105101 0.100635 0.0960059 0.0912491 0.0864019 0.0815007 0.0765812 0.0716777 0.066823 0.0620478 0.0573802 0.0528459 0.0484677 0.0442652 0.0402551 0.0364508 0.0328624 0.029497 0.0263588 0.0234492 0.0207669 0.0183084 0.0160681 0.0140385 0.012211 0.0105757 0.00912173 0.00783807 0.00671326 0.005736 0.00489527 0.00418065 0.00358245 0.00309195 0.00270149 0.00240464 0.00219632 0.00207283 
0.00236058 0.00240775 0.00255011 0.00279018 0.00313216 0.0035818 0.00414635 0.00483442 0.00565586 0.00662154 0.00774317 0.00903306 0.0105038 0.0121682 0.0140385 0.0161266 0.0184433 0.0209981 0.023799 0.0268517 0.0301598 0.0337241 0.0375427 0.0416101 0.045918 0.0504543 0.0552033 0.0601461 0.06526 0.0705191 0.0758944 0.0813539 0.0868632 0.0923855 0.0978825 0.103314 0.108641 0.11382 0.118813 0.123578 0.128076 0.132271 0.136127 0.139612 0.142696 0.145352 0.147557 0.149292 0.150543 0.151298 0.15155 0.151298 0.150543 0.149292 0.147557 0.145352 0.142696 0.139612 0.136127 0.132271 0.128076 0.123578 0.118813 0.11382 0.108641 0.103314 0.0978825 0.0923855 0.0868632 0.0813539 0.0758944 0.0705191 0.06526 0.0601461 0.0552033 0.0504543 0.045918 0.0416101 0.0375427 0.0337241 0.0301598 0.0268517 0.023799 0.0209981 0.0184433 0.0161266 0.0140385 0.0121682 0.0105038 0.00903306 0.00774317 0.00662154 0.00565586 0.00483442 0.00414635 0.0035818 0.00313216 0.00279018 0.00255011 0.00240775 
0.00273006 0.00278419 0.00294755 0.00322299 0.00361521 0.00413068 0.00477756 0.00556549 0.00650552 0.00760979 0.0088914 0.010364 0.0120417 0.0139385 0.0160681 0.0184433 0.0210761 0.0239766 0.0271532 0.0306121 0.0343565 0.0383868 0.0427002 0.0472901 0.0521463 0.0572547 0.0625973 0.0681522 0.0738937 0.0797924 0.0858155 0.0919272 0.0980888 0.104259 0.110396 0.116455 0.122391 0.12816 0.133715 0.139014 0.144013 0.148672 0.152952 0.156818 0.160238 0.163182 0.165625 0.167548 0.168933 0.169769 0.170048 0.169769 0.168933 0.167548 0.165625 0.163182 0.160238 0.156818 0.152952 0.148672 0.144013 0.139014 0.133715 0.12816 0.122391 0.116455 0.110396 0.104259 0.0980888 0.0919272 0.0858155 0.0797924 0.0738937 0.0681522 0.0625973 0.0572547 0.0521463 0.0472901 0.0427002 0.0383868 0.0343565 0.0306121 0.0271532 0.0239766 0.0210761 0.0184433 0.0160681 0.0139385 0.0120417 0.010364 0.0088914 0.00760979 0.00650552 0.00556549 0.00477756 0.00413068 0.00361521 0.00322299 0.00294755 0.00278419 
0.00314294 0.00320479 0.00339141 0.00370599 0.00415379 0.00474207 0.00547992 0.00637814 0.00744902 0.00870609 0.0101639 0.0118376 0.0137427 0.0158946 0.0183084 0.0209981 0.0239766 0.0272547 0.0308414 0.0347427 0.0389618 0.0434985 0.0483487 0.0535045 0.0589538 0.0646803 0.0706631 0.0768774 0.0832939 0.0898794 0.0965973 0.103407 0.110266 0.117129 0.123948 0.130674 0.137259 0.143652 0.149805 0.155669 0.161198 0.166347 0.171075 0.175343 0.179117 0.182364 0.185059 0.187178 0.188705 0.189626 0.189934 0.189626 0.188705 0.187178 0.185059 0.182364 0.179117 0.175343 0.171075 0.166347 0.161198 0.155669 0.149805 0.143652 0.137259 0.130674 0.123948 0.117129 0.110266 0.103407 0.0965973 0.0898794 0.0832939 0.0768774 0.0706631 0.0646803 0.0589538 0.0535045 0.0483487 0.0434985 0.0389618 0.0347427 0.0308414 0.0272547 0.0239766 0.0209981 0.0183084 0.0158946 0.0137427 0.0118376 0.0101639 0.00870609 0.00744902 0.00637814 0.00547992 0.00474207 0.00415379 0.00370599 0.00339141 0.00320479 
0.00360166 0.003672 0.00388421 0.00424186 0.00475081 0.00541912 0.00625693 0.00727622 0.00849062 0.00991515 0.0115658 0.0134594 0.015613 0.0180433 0.0207669 0.023799 0.0271532 0.0308414 0.0348726 0.039253 0.0439853 0.0490686 0.0544976 0.0602627 0.0663497 0.0727395 0.0794085 0.0863282 0.0934658 0.100784 0.108242 0.115794 0.123394 0.13099 0.138531 0.145964 0.153233 0.160285 0.167066 0.173524 0.179609 0.185273 0.19047 0.195159 0.199303 0.202868 0.205824 0.208149 0.209824 0.210834 0.211171 0.210834 0.209824 0.208149 0.205824 0.202868 0.199303 0.195159 0.19047 0.185273 0.179609 0.173524 0.167066 0.160285 0.153233 0.145964 0.138531 0.13099 0.123394 0.115794 0.108242 0.100784 0.0934658 0.0863282 0.0794085 0.0727395 0.0663497 0.0602627 0.0544976 0.0490686 0.0439853 0.039253 0.0348726 0.0308414 0.0271532 0.023799 0.0207669 0.0180433 0.015613 0.0134594 0.0115658 0.00991515 0.00849062 0.00727622 0.00625693 0.00541912 0.00475081 0.00424186 0.00388421 0.003672 
0.00410836 0.00418799 0.00442821 0.00483298 0.00540878 0.00616457 0.00711154 0.00826297 0.00963391 0.0112409 0.0131015 0.0152342 0.0176575 0.02039 0.0234492 0.0268517 0.0306121 0.0347427 0.039253 0.044149 0.0494329 0.0551028 0.061152 0.0675689 0.0743369 0.0814342 0.0888338 0.0965036 0.104407 0.112501 0.120742 0.129079 0.137459 0.145828 0.154128 0.162301 0.170288 0.178029 0.185468 0.192546 0.199211 0.20541 0.211095 0.216221 0.220749 0.224643 0.227871 0.230409 0.232236 0.233338 0.233707 0.233338 0.232236 0.230409 0.227871 0.224643 0.220749 0.216221 0.211095 0.20541 0.199211 0.192546 0.185468 0.178029 0.170288 0.162301 0.154128 0.145828 0.137459 0.129079 0.120742 0.112501 0.104407 0.0965036 0.0888338 0.0814342 0.0743369 0.0675689 0.061152 0.0551028 0.0494329 0.044149 0.039253 0.0347427 0.0306121 0.0268517 0.0234492 0.02039 0.0176575 0.0152342 0.0131015 0.0112409 0.00963391 0.00826297 0.00711154 0.00616457 0.00540878 0.00483298 0.00442821 0.00418799 
0.00466485 0.00475459 0.00502529 0.00548129 0.00612978 0.00698062 0.00804616 0.00934097 0.0108816 0.0126862 0.014774 0.0171652 0.0198799 0.0229381 0.0263588 0.0301598 0.0343565 0.0389618 0.0439853 0.0494329 0.0553061 0.0616017 0.0683113 0.0754213 0.0829124 0.0907596 0.0989323 0.107394 0.116105 0.125017 0.13408 0.14324 0.152439 0.161616 0.170708 0.179653 0.188387 0.196844 0.204964 0.212686 0.21995 0.226702 0.23289 0.238468 0.243391 0.247623 0.251131 0.253888 0.255872 0.257068 0.257468 0.257068 0.255872 0.253888 0.251131 0.247623 0.243391 0.238468 0.23289 0.226702 0.21995 0.212686 0.204964 0.196844 0.188387 0.179653 0.170708 0.161616 0.152439 0.14324 0.13408 0.125017 0.116105 0.107394 0.0989323 0.0907596 0.0829124 0.0754213 0.0683113 0.0616017 0.0553061 0.0494329 0.0439853 0.0389618 0.0343565 0.0301598 0.0263588 0.0229381 0.0198799 0.0171652 0.014774 0.0126862 0.0108816 0.00934097 0.00804616 0.00698062 0.00612978 0.00548129 0.00502529 0.00475459 
0.00527252 0.0053732 0.00567685 0.00618827 0.00691534 0.00786888 0.00906241 0.0105119 0.0122355 0.0142529 0.0165852 0.0192541 0.0222816 0.025689 0.029497 0.0337241 0.0383868 0.0434985 0.0490686 0.0551028 0.0616017 0.0685606 0.0759694 0.0838119 0.0920659 0.100703 0.109689 0.118983 0.128539 0.138306 0.148229 0.158247 0.168297 0.178313 0.188228 0.197972 0.207476 0.216673 0.225495 0.233877 0.241757 0.249077 0.255781 0.26182 0.267147 0.271725 0.275517 0.278497 0.280641 0.281934 0.282366 0.281934 0.280641 0.278497 0.275517 0.271725 0.267147 0.26182 0.255781 0.249077 0.241757 0.233877 0.225495 0.216673 0.207476 0.197972 0.188228 0.178313 0.168297 0.158247 0.148229 0.138306 0.128539 0.118983 0.109689 0.100703 0.0920659 0.0838119 0.0759694 0.0685606 0.0616017 0.0551028 0.0490686 0.0434985 0.0383868 0.0337241 0.029497 0.025689 0.0222816 0.0192541 0.0165852 0.0142529 0.0122355 0.0105119 0.00906241 0.00786888 0.00691534 0.00618827 0.00567685 0.0053732 
0.00593226 0.00604471 0.00638381 0.00695482 0.00776633 0.00883018 0.0101611 0.0117766 0.0136963 0.0159416 0.0185354 0.0215011 0.0248624 0.0286422 0.0328624 0.0375427 0.0427002 0.0483487 0.0544976 0.061152 0.0683113 0.0759694 0.0841139 0.0927258 0.10178 0.111244 0.121079 0.131241 0.141678 0.152335 0.163149 0.174055 0.184985 0.195867 0.206628 0.217194 0.227491 0.237444 0.246984 0.256041 0.264549 0.272446 0.279674 0.28618 0.291918 0.296846 0.300926 0.304131 0.306437 0.307828 0.308292 0.307828 0.306437 0.304131 0.300926 0.296846 0.291918 0.28618 0.279674 0.272446 0.264549 0.256041 0.246984 0.237444 0.227491 0.217194 0.206628 0.195867 0.184985 0.174055 0.163149 0.152335 0.141678 0.131241 0.121079 0.111244 0.10178 0.0927258 0.0841139 0.0759694 0.0683113 0.061152 0.0544976 0.0483487 0.0427002 0.0375427 0.0328624 0.0286422 0.0248624 0.0215011 0.0185354 0.0159416 0.0136963 0.0117766 0.0101611 0.00883018 0.00776633 0.00695482 0.00638381 0.00604471 
0.0066444 0.00676944 0.00714645 0.00778115 0.00868291 0.00986458 0.0113422 0.0131347 0.0152633 0.0177513 0.0206232 0.0239043 0.0276198 0.0317942 0.0364508 0.0416101 0.0472901 0.0535045 0.0602627 0.0675689 0.0754213 0.0838119 0.0927258 0.102141 0.112029 0.122354 0.133072 0.144133 0.155482 0.167057 0.17879 0.190611 0.202444 0.214214 0.225841 0.237245 0.248348 0.259072 0.269341 0.279081 0.288224 0.296704 0.304461 0.311439 0.317589 0.322868 0.327238 0.330669 0.333137 0.334625 0.335122 0.334625 0.333137 0.330669 0.327238 0.322868 0.317589 0.311439 0.304461 0.296704 0.288224 0.279081 0.269341 0.259072 0.248348 0.237245 0.225841 0.214214 0.202444 0.190611 0.17879 0.167057 0.155482 0.144133 0.133072 0.122354 0.112029 0.102141 0.0927258 0.0838119 0.0754213 0.0675689 0.0602627 0.0535045 0.0472901 0.0416101 0.0364508 0.0317942 0.0276198 0.0239043 0.0206232 0.0177513 0.0152633 0.0131347 0.0113422 0.00986458 0.00868291 0.00778115 0.00714645 0.00676944 
0.00740864 0.00754705 0.00796437 0.00866677 0.00966442 0.0109712 0.0126045 0.0145847 0.0169347 0.0196795 0.0228455 0.0264597 0.030549 0.0351394 0.0402551 0.045918 0.0521463 0.0589538 0.0663497 0.0743369 0.0829124 0.0920659 0.10178 0.112029 0.122782 0.133996 0.145625 0.157614 0.1699 0.182417 0.195091 0.207847 0.220602 0.233275 0.245782 0.258037 0.269956 0.281457 0.292461 0.302889 0.312669 0.321734 0.330019 0.337468 0.34403 0.349659 0.354318 0.357974 0.360603 0.362188 0.362717 0.362188 0.360603 0.357974 0.354318 0.349659 0.34403 0.337468 0.330019 0.321734 0.312669 0.302889 0.292461 0.281457 0.269956 0.258037 0.245782 0.233275 0.220602 0.207847 0.195091 0.182417 0.1699 0.157614 0.145625 0.133996 0.122782 0.112029 0.10178 0.0920659 0.0829124 0.0743369 0.0663497 0.0589538 0.0521463 0.045918 0.0402551 0.0351394 0.030549 0.0264597 0.0228455 0.0196795 0.0169347 0.0145847 0.0126045 0.0109712 0.00966442 0.00866677 0.00796437 0.00754705 
0.00822397 0.00837653 0.00883645 0.00961039 0.0107093 0.0121482 0.0139457 0.0161238 0.018707 0.0217222 0.0251974 0.0291614 0.0336428 0.0386689 0.0442652 0.0504543 0.0572547 0.0646803 0.0727395 0.0814342 0.0907596 0.100703 0.111244 0.122354 0.133996 0.146126 0.158689 0.171627 0.184871 0.198349 0.211982 0.225686 0.239376 0.252963 0.266357 0.279468 0.292207 0.304488 0.316226 0.327341 0.337757 0.347402 0.356213 0.364129 0.371098 0.377073 0.382016 0.385894 0.388682 0.390363 0.390924 0.390363 0.388682 0.385894 0.382016 0.377073 0.371098 0.364129 0.356213 0.347402 0.337757 0.327341 0.316226 0.304488 0.292207 0.279468 0.266357 0.252963 0.239376 0.225686 0.211982 0.198349 0.184871 0.171627 0.158689 0.146126 0.133996 0.122354 0.111244 0.100703 0.0907596 0.0814342 0.0727395 0.0646803 0.0572547 0.0504543 0.0442652 0.0386689 0.0336428 0.0291614 0.0251974 0.0217222 0.018707 0.0161238 0.0139457 0.0121482 0.0107093 0.00961039 0.00883645 0.00837653 
0.00908865 0.00925607 0.00976075 0.0106099 0.0118151 0.0133927 0.0153624 0.0177479 0.0205754 0.0238734 0.0276719 0.0320012 0.0368914 0.0423714 0.0484677 0.0552033 0.0625973 0.0706631 0.0794085 0.0888338 0.0989323 0.109689 0.121079 0.133072 0.145625 0.158689 0.172206 0.18611 0.200327 0.214779 0.22938 0.244042 0.258673 0.273177 0.28746 0.301427 0.314985 0.328041 0.340509 0.352304 0.363348 0.373567 0.382895 0.39127 0.398639 0.404954 0.410175 0.41427 0.417213 0.418987 0.419579 0.418987 0.417213 0.41427 0.410175 0.404954 0.398639 0.39127 0.382895 0.373567 0.363348 0.352304 0.340509 0.328041 0.314985 0.301427 0.28746 0.273177 0.258673 0.244042 0.22938 0.214779 0.200327 0.18611 0.172206 0.158689 0.145625 0.133072 0.121079 0.109689 0.0989323 0.0888338 0.0794085 0.0706631 0.0625973 0.0552033 0.0484677 0.0423714 0.0368914 0.0320012 0.0276719 0.0238734 0.0205754 0.0177479 0.0153624 0.0133927 0.0118151 0.0106099 0.00976075 0.00925607 
0.0100001 0.0101831 0.0107345 0.0116621 0.0129784 0.0147006 0.01685 0.0194516 0.0225334 0.0261257 0.0302599 0.0349684 0.0402826 0.0462326 0.0528459 0.0601461 0.0681522 0.0768774 0.0863282 0.0965036 0.107394 0.118983 0.131241 0.144133 0.157614 0.171627 0.18611 0.20099 0.21619 0.231622 0.247197 0.262819 0.278389 0.293809 0.308978 0.323795 0.338162 0.351985 0.365172 0.377636 0.389296 0.400077 0.40991 0.418732 0.42649 0.433135 0.438626 0.442932 0.446025 0.447889 0.448511 0.447889 0.446025 0.442932 0.438626 0.433135 0.42649 0.418732 0.40991 0.400077 0.389296 0.377636 0.365172 0.351985 0.338162 0.323795 0.308978 0.293809 0.278389 0.262819 0.247197 0.231622 0.21619 0.20099 0.18611 0.171627 0.157614 0.144133 0.131241 0.118983 0.107394 0.0965036 0.0863282 0.0768774 0.0681522 0.0601461 0.0528459 0.0462326 0.0402826 0.0349684 0.0302599 0.0261257 0.0225334 0.0194516 0.01685 0.0147006 0.0129784 0.0116621 0.0107345 0.0101831 
0.0109551 0.0111542 0.0117542 0.0127632 0.0141947 0.016067 0.0184025 0.021228 0.024573 0.0284694 0.0329507 0.0380503 0.0438015 0.0502354 0.0573802 0.06526 0.0738937 0.0832939 0.0934658 0.104407 0.116105 0.128539 0.141678 0.155482 0.1699 0.184871 0.200327 0.21619 0.232373 0.248787 0.265333 0.281911 0.298416 0.314743 0.330786 0.346441 0.361605 0.376179 0.39007 0.403186 0.415446 0.426772 0.437094 0.446349 0.454482 0.461444 0.467196 0.471703 0.474941 0.476891 0.477542 0.476891 0.474941 0.471703 0.467196 0.461444 0.454482 0.446349 0.437094 0.426772 0.415446 0.403186 0.39007 0.376179 0.361605 0.346441 0.330786 0.314743 0.298416 0.281911 0.265333 0.248787 0.232373 0.21619 0.200327 0.184871 0.1699 0.155482 0.141678 0.128539 0.116105 0.104407 0.0934658 0.0832939 0.0738937 0.06526 0.0573802 0.0502354 0.0438015 0.0380503 0.0329507 0.0284694 0.024573 0.021228 0.0184025 0.016067 0.0141947 0.0127632 0.0117542 0.0111542 
0.0119493 0.012165 0.0128151 0.0139083 0.0154586 0.0174855 0.0200129 0.0230688 0.0266846 0.0308936 0.0357311 0.041232 0.0474309 0.0543598 0.0620478 0.0705191 0.0797924 0.0898794 0.100784 0.112501 0.125017 0.138306 0.152335 0.167057 0.182417 0.198349 0.214779 0.231622 0.248787 0.266176 0.283686 0.301209 0.318636 0.335856 0.352757 0.369232 0.385173 0.400479 0.415052 0.428801 0.44164 0.45349 0.464282 0.473952 0.482443 0.489709 0.495708 0.500407 0.503782 0.505814 0.506493 0.505814 0.503782 0.500407 0.495708 0.489709 0.482443 0.473952 0.464282 0.45349 0.44164 0.428801 0.415052 0.400479 0.385173 0.369232 0.352757 0.335856 0.318636 0.301209 0.283686 0.266176 0.248787 0.231622 0.214779 0.198349 0.182417 0.167057 0.152335 0.138306 0.125017 0.112501 0.100784 0.0898794 0.0797924 0.0705191 0.0620478 0.0543598 0.0474309 0.041232 0.0357311 0.0308936 0.0266846 0.0230688 0.0200129 0.0174855 0.0154586 0.0139083 0.0128151 0.012165 
0.0129778 0.0132106 0.0139121 0.0150914 0.0167636 0.0189489 0.0216727 0.0249645 0.0288569 0.0333854 0.0385863 0.0444963 0.0511509 0.0585834 0.066823 0.0758944 0.0858155 0.0965973 0.108242 0.120742 0.13408 0.148229 0.163149 0.17879 0.195091 0.211982 0.22938 0.247197 0.265333 0.283686 0.302145 0.320598 0.338928 0.35702 0.374758 0.39203 0.408724 0.424737 0.439967 0.454322 0.467715 0.480067 0.491306 0.501369 0.510201 0.517753 0.523985 0.528866 0.532369 0.534479 0.535183 0.534479 0.532369 0.528866 0.523985 0.517753 0.510201 0.501369 0.491306 0.480067 0.467715 0.454322 0.439967 0.424737 0.408724 0.39203 0.374758 0.35702 0.338928 0.320598 0.302145 0.283686 0.265333 0.247197 0.22938 0.211982 0.195091 0.17879 0.163149 0.148229 0.13408 0.120742 0.108242 0.0965973 0.0858155 0.0758944 0.066823 0.0585834 0.0511509 0.0444963 0.0385863 0.0333854 0.0288569 0.0249645 0.0216727 0.0189489 0.0167636 0.0150914 0.0139121 0.0132106 
0.0140348 0.014285 0.0150389 0.016306 0.0181022 0.0204488 0.0233724 0.0269039 0.0310776 0.0359302 0.0414996 0.047824 0.0549399 0.0628812 0.0716777 0.0813539 0.0919272 0.103407 0.115794 0.129079 0.14324 0.158247 0.174055 0.190611 0.207847 0.225686 0.244042 0.262819 0.281911 0.301209 0.320598 0.339957 0.359167 0.378105 0.396653 0.414693 0.432112 0.448802 0.464661 0.479593 0.493512 0.506338 0.518 0.528433 0.537583 0.545403 0.551854 0.556903 0.560527 0.562708 0.563436 0.562708 0.560527 0.556903 0.551854 0.545403 0.537583 0.528433 0.518 0.506338 0.493512 0.479593 0.464661 0.448802 0.432112 0.414693 0.396653 0.378105 0.359167 0.339957 0.320598 0.301209 0.281911 0.262819 0.244042 0.225686 0.207847 0.190611 0.174055 0.158247 0.14324 0.129079 0.115794 0.103407 0.0919272 0.0813539 0.0716777 0.0628812 0.0549399 0.047824 0.0414996 0.0359302 0.0310776 0.0269039 0.0233724 0.0204488 0.0181022 0.016306 0.0150389 0.014285 
0.0151137 0.0153815 0.0161884 0.0175445 0.0194661 0.0219759 0.0251015 0.0288751 0.0333325 0.038512 0.0444528 0.0511942 0.0587738 0.0672261 0.0765812 0.0868632 0.0980888 0.110266 0.123394 0.137459 0.152439 0.168297 0.184985 0.202444 0.220602 0.239376 0.258673 0.278389 0.298416 0.318636 0.338928 0.359167 0.379226 0.398981 0.418307 0.437083 0.455193 0.472527 0.488981 0.504459 0.518873 0.532144 0.5442 0.554978 0.564425 0.572493 0.579145 0.58435 0.588085 0.590332 0.591082 0.590332 0.588085 0.58435 0.579145 0.572493 0.564425 0.554978 0.5442 0.532144 0.518873 0.504459 0.488981 0.472527 0.455193 0.437083 0.418307 0.398981 0.379226 0.359167 0.338928 0.318636 0.298416 0.278389 0.258673 0.239376 0.220602 0.202444 0.184985 0.168297 0.152439 0.137459 0.123394 0.110266 0.0980888 0.0868632 0.0765812 0.0672261 0.0587738 0.0511942 0.0444528 0.038512 0.0333325 0.0288751 0.0251015 0.0219759 0.0194661 0.0175445 0.0161884 0.0153815 
0.0162072 0.0164928 0.017353 0.0187984 0.0208462 0.0235198 0.0268481 0.0308647 0.0356066 0.0411135 0.047426 0.0545843 0.062627 0.0715891 0.0815007 0.0923855 0.104259 0.117129 0.13099 0.145828 0.161616 0.178313 0.195867 0.214214 0.233275 0.252963 0.273177 0.293809 0.314743 0.335856 0.35702 0.378105 0.398981 0.419516 0.439584 0.459059 0.477824 0.495766 0.51278 0.528769 0.543645 0.557329 0.56975 0.580847 0.590566 0.598862 0.605698 0.611045 0.61488 0.617188 0.617958 0.617188 0.61488 0.611045 0.605698 0.598862 0.590566 0.580847 0.56975 0.557329 0.543645 0.528769 0.51278 0.495766 0.477824 0.459059 0.439584 0.419516 0.398981 0.378105 0.35702 0.335856 0.314743 0.293809 0.273177 0.252963 0.233275 0.214214 0.195867 0.178313 0.161616 0.145828 0.13099 0.117129 0.104259 0.0923855 0.0815007 0.0715891 0.062627 0.0545843 0.047426 0.0411135 0.0356066 0.0308647 0.0268481 0.0235198 0.0208462 0.0187984 0.017353 0.0164928 
0.0173074 0.0176107 0.0185241 0.0200587 0.0222324 0.0250694 0.0285999 0.0328585 0.0378837 0.0437163 0.0503981 0.0579704 0.0664724 0.0759395 0.0864019 0.0978825 0.110396 0.123948 0.138531 0.154128 0.170708 0.188228 0.206628 0.225841 0.245782 0.266357 0.28746 0.308978 0.330786 0.352757 0.374758 0.396653 0.418307 0.439584 0.460354 0.480489 0.499869 0.51838 0.535915 0.552379 0.567682 0.581746 0.594502 0.60589 0.615856 0.624359 0.631362 0.636837 0.640762 0.643124 0.643912 0.643124 0.640762 0.636837 0.631362 0.624359 0.615856 0.60589 0.594502 0.581746 0.567682 0.552379 0.535915 0.51838 0.499869 0.480489 0.460354 0.439584 0.418307 0.396653 0.374758 0.352757 0.330786 0.308978 0.28746 0.266357 0.245782 0.225841 0.206628 0.188228 0.170708 0.154128 0.138531 0.123948 0.110396 0.0978825 0.0864019 0.0759395 0.0664724 0.0579704 0.0503981 0.0437163 0.0378837 0.0328585 0.0285999 0.0250694 0.0222324 0.0200587 0.0185241 0.0176107 
0.0184059 0.0187267 0.0196929 0.0213158 0.0236142 0.026613 0.0303435 0.0348414 0.0401466 0.0463008 0.0533471 0.0613275 0.0702818 0.0802457 0.0912491 0.103314 0.116455 0.130674 0.145964 0.162301 0.179653 0.197972 0.217194 0.237245 0.258037 0.279468 0.301427 0.323795 0.346441 0.369232 0.39203 0.414693 0.437083 0.459059 0.480489 0.501242 0.521195 0.540234 0.558252 0.575152 0.590846 0.605257 0.618317 0.629967 0.640157 0.648844 0.655996 0.661585 0.665591 0.668 0.668804 0.668 0.665591 0.661585 0.655996 0.648844 0.640157 0.629967 0.618317 0.605257 0.590846 0.575152 0.558252 0.540234 0.521195 0.501242 0.480489 0.459059 0.437083 0.414693 0.39203 0.369232 0.346441 0.323795 0.301427 0.279468 0.258037 0.237245 0.217194 0.197972 0.179653 0.162301 0.145964 0.130674 0.116455 0.103314 0.0912491 0.0802457 0.0702818 0.0613275 0.0533471 0.0463008 0.0401466 0.0348414 0.0303435 0.026613 0.0236142 0.0213158 0.0196929 0.0187267 
0.0194936 0.0198317 0.0208497 0.0225596 0.0249804 0.0281382 0.0320651 0.0367979 0.0423775 0.048847 0.05625 0.0646296 0.074026 0.0844749 0.0960059 0.108641 0.122391 0.137259 0.153233 0.170288 0.188387 0.207476 0.227491 0.248348 0.269956 0.292207 0.314985 0.338162 0.361605 0.385173 0.408724 0.432112 0.455193 0.477824 0.499869 0.521195 0.541679 0.561203 0.579663 0.596961 0.61301 0.627735 0.641067 0.652952 0.663339 0.672191 0.679473 0.685163 0.689239 0.69169 0.692508 0.69169 0.689239 0.685163 0.679473 0.672191 0.663339 0.652952 0.641067 0.627735 0.61301 0.596961 0.579663 0.561203 0.541679 0.521195 0.499869 0.477824 0.455193 0.432112 0.408724 0.385173 0.361605 0.338162 0.314985 0.292207 0.269956 0.248348 0.227491 0.207476 0.188387 0.170288 0.153233 0.137259 0.122391 0.108641 0.0960059 0.0844749 0.074026 0.0646296 0.05625 0.048847 0.0423775 0.0367979 0.0320651 0.0281382 0.0249804 0.0225596 0.0208497 0.0198317 
0.0205614 0.0209163 0.0219849 0.0237794 0.0263196 0.0296323 0.0337504 0.0387118 0.0445584 0.0513342 0.0590837 0.0678506 0.0776754 0.088594 0.100635 0.11382 0.12816 0.143652 0.160285 0.178029 0.196844 0.216673 0.237444 0.259072 0.281457 0.304488 0.328041 0.351985 0.376179 0.400479 0.424737 0.448802 0.472527 0.495766 0.51838 0.540234 0.561203 0.581172 0.600033 0.61769 0.634058 0.649062 0.662637 0.674729 0.68529 0.694285 0.701681 0.707457 0.711594 0.714082 0.714911 0.714082 0.711594 0.707457 0.701681 0.694285 0.68529 0.674729 0.662637 0.649062 0.634058 0.61769 0.600033 0.581172 0.561203 0.540234 0.51838 0.495766 0.472527 0.448802 0.424737 0.400479 0.376179 0.351985 0.328041 0.304488 0.281457 0.259072 0.237444 0.216673 0.196844 0.178029 0.160285 0.143652 0.12816 0.11382 0.100635 0.088594 0.0776754 0.0678506 0.0590837 0.0513342 0.0445584 0.0387118 0.0337504 0.0296323 0.0263196 0.0237794 0.0219849 0.0209163 
0.0215997 0.0219708 0.0230883 0.0249647 0.0276202 0.0310823 0.0353849 0.0405669 0.0466708 0.0537416 0.0618246 0.070964 0.0812005 0.0925698 0.105101 0.118813 0.133715 0.149805 0.167066 0.185468 0.204964 0.225495 0.246984 0.269341 0.292461 0.316226 0.340509 0.365172 0.39007 0.415052 0.439967 0.464661 0.488981 0.51278 0.535915 0.558252 0.579663 0.600033 0.619254 0.637233 0.653884 0.669135 0.682924 0.695196 0.705908 0.715026 0.72252 0.72837 0.732559 0.735076 0.735916 0.735076 0.732559 0.72837 0.72252 0.715026 0.705908 0.695196 0.682924 0.669135 0.653884 0.637233 0.619254 0.600033 0.579663 0.558252 0.535915 0.51278 0.488981 0.464661 0.439967 0.415052 0.39007 0.365172 0.340509 0.316226 0.292461 0.269341 0.246984 0.225495 0.204964 0.185468 0.167066 0.149805 0.133715 0.118813 0.105101 0.0925698 0.0812005 0.070964 0.0618246 0.0537416 0.0466708 0.0405669 0.0353849 0.0310823 0.0276202 0.0249647 0.0230883 0.0219708 
0.022599 0.0229857 0.0241499 0.0261045 0.0288703 0.0324753 0.0369542 0.0423467 0.0486963 0.0560485 0.0644494 0.0739435 0.0845718 0.0963698 0.109366 0.123578 0.139014 0.155669 0.173524 0.192546 0.212686 0.233877 0.256041 0.279081 0.302889 0.327341 0.352304 0.377636 0.403186 0.428801 0.454322 0.479593 0.504459 0.528769 0.552379 0.575152 0.596961 0.61769 0.637233 0.655496 0.672397 0.687864 0.701836 0.714264 0.725106 0.734328 0.741905 0.747816 0.752049 0.754592 0.75544 0.754592 0.752049 0.747816 0.741905 0.734328 0.725106 0.714264 0.701836 0.687864 0.672397 0.655496 0.637233 0.61769 0.596961 0.575152 0.552379 0.528769 0.504459 0.479593 0.454322 0.428801 0.403186 0.377636 0.352304 0.327341 0.302889 0.279081 0.256041 0.233877 0.212686 0.192546 0.173524 0.155669 0.139014 0.123578 0.109366 0.0963698 0.0845718 0.0739435 0.0644494 0.0560485 0.0486963 0.0423467 0.0369542 0.0324753 0.0288703 0.0261045 0.0241499 0.0229857 
0.0235498 0.0239511 0.0251596 0.0271882 0.0300583 0.0337985 0.038444 0.0440354 0.0506168 0.0582346 0.0669353 0.0767636 0.0877608 0.099962 0.113395 0.128076 0.144013 0.161198 0.179609 0.199211 0.21995 0.241757 0.264549 0.288224 0.312669 0.337757 0.363348 0.389296 0.415446 0.44164 0.467715 0.493512 0.518873 0.543645 0.567682 0.590846 0.61301 0.634058 0.653884 0.672397 0.689514 0.705168 0.719299 0.731859 0.742809 0.752118 0.759764 0.765726 0.769994 0.772557 0.773413 0.772557 0.769994 0.765726 0.759764 0.752118 0.742809 0.731859 0.719299 0.705168 0.689514 0.672397 0.653884 0.634058 0.61301 0.590846 0.567682 0.543645 0.518873 0.493512 0.467715 0.44164 0.415446 0.389296 0.363348 0.337757 0.312669 0.288224 0.264549 0.241757 0.21995 0.199211 0.179609 0.161198 0.144013 0.128076 0.113395 0.099962 0.0877608 0.0767636 0.0669353 0.0582346 0.0506168 0.0440354 0.038444 0.0337985 0.0300583 0.0271882 0.0251596 0.0239511 
