0.000599722 0.000610588 0.000643367 0.000698605 0.000777198 0.00088039 0.00100975 0.00116715 0.00135473 0.00157491 0.00183026 0.00212357 0.0024577 0.00283556 0.00326009 0.00373412 0.00426033 0.00484118 0.00547884 0.00617507 0.00693118 0.00774795 0.00862551 0.00956335 0.0105602 0.0116139 0.0127217 0.0138796 0.0150832 0.0163269 0.0176042 0.0189081 0.0202305 0.0215628 0.0228957 0.0242195 0.025524 0.0267987 0.0280331 0.0292165 0.0303385 0.0313889 0.0323581 0.0332368 0.0340168 0.0346903 0.0352507 0.0356926 0.0360114 0.036204 0.0362684 0.036204 0.0360114 0.0356926 0.0352507 0.0346903 0.0340168 0.0332368 0.0323581 0.0313889 0.0303385 0.0292165 0.0280331 0.0267987 0.025524 0.0242195 0.0228957 0.0215628 0.0202305 0.0189081 0.0176042 0.0163269 0.0150832 0.0138796 0.0127217 0.0116139 0.0105602 0.00956335 0.00862551 0.00774795 0.00693118 0.00617507 0.00547884 0.00484118 0.00426033 0.00373412 0.00326009 0.00283556 0.0024577 0.00212357 0.00183026 0.00157491 0.00135473 0.00116715 0.00100975 0.00088039 0.000777198 0.000698605 0.000643367 0.000610588 
0.000610588 0.000621636 0.000654964 0.000711124 0.000791026 0.000895929 0.00102742 0.00118741 0.00137806 0.0016018 0.00186127 0.00215927 0.0024987 0.00288251 0.00331367 0.00379503 0.00432931 0.00491901 0.00556628 0.00627292 0.00704024 0.007869 0.00875934 0.0097107 0.0107218 0.0117905 0.0129138 0.0140879 0.0153081 0.0165688 0.0178635 0.019185 0.0205251 0.0218751 0.0232256 0.0245668 0.0258882 0.0271794 0.0284296 0.0296282 0.0307645 0.0318282 0.0328096 0.0336994 0.0344891 0.035171 0.0357384 0.0361857 0.0365085 0.0367035 0.0367687 0.0367035 0.0365085 0.0361857 0.0357384 0.035171 0.0344891 0.0336994 0.0328096 0.0318282 0.0307645 0.0296282 0.0284296 0.0271794 0.0258882 0.0245668 0.0232256 0.0218751 0.0205251 0.019185 0.0178635 0.0165688 0.0153081 0.0140879 0.0129138 0.0117905 0.0107218 0.0097107 0.00875934 0.007869 0.00704024 0.00627292 0.00556628 0.00491901 0.00432931 0.00379503 0.00331367 0.00288251 0.0024987 0.00215927 0.00186127 0.0016018 0.00137806 0.00118741 0.00102742 0.000895929 0.000791026 0.000711124 0.000654964 0.000621636 
0.000643367 0.000654964 0.000689945 0.000748885 0.000832732 0.000942794 0.00108072 0.0012485 0.00144838 0.00168288 0.00195474 0.00226687 0.00262226 0.00302399 0.0034751 0.00397855 0.00453715 0.00515344 0.00582966 0.00656762 0.00736866 0.00823351 0.00916228 0.0101544 0.0112083 0.0123219 0.0134921 0.0147147 0.015985 0.0172969 0.0186438 0.0200182 0.0214115 0.0228147 0.0242181 0.0256113 0.0269838 0.0283245 0.0296224 0.0308664 0.0320456 0.0331492 0.0341673 0.0350902 0.0359092 0.0366163 0.0372047 0.0376685 0.0380032 0.0382053 0.0382729 0.0382053 0.0380032 0.0376685 0.0372047 0.0366163 0.0359092 0.0350902 0.0341673 0.0331492 0.0320456 0.0308664 0.0296224 0.0283245 0.0269838 0.0256113 0.0242181 0.0228147 0.0214115 0.0200182 0.0186438 0.0172969 0.015985 0.0147147 0.0134921 0.0123219 0.0112083 0.0101544 0.00916228 0.00823351 0.00736866 0.00656762 0.00582966 0.00515344 0.00453715 0.00397855 0.0034751 0.00302399 0.00262226 0.00226687 0.00195474 0.00168288 0.00144838 0.0012485 0.00108072 0.000942794 0.000832732 0.000748885 0.000689945 0.000654964 
0.000698605 0.000711124 0.000748885 0.000812501 0.000902979 0.00102172 0.00117047 0.00135134 0.00156672 0.00181931 0.00211199 0.00244785 0.00283006 0.00326186 0.00374647 0.00428701 0.00488641 0.00554734 0.00627211 0.00706261 0.00792018 0.00884554 0.00983873 0.010899 0.0120248 0.0132137 0.0144623 0.0157662 0.0171201 0.0185179 0.0199522 0.0214149 0.0228973 0.0243895 0.0258812 0.0273616 0.0288193 0.0302428 0.0316204 0.0329403 0.0341911 0.0353615 0.0364408 0.037419 0.0382869 0.0390362 0.0396595 0.0401508 0.0405053 0.0407194 0.040791 0.0407194 0.0405053 0.0401508 0.0396595 0.0390362 0.0382869 0.037419 0.0364408 0.0353615 0.0341911 0.0329403 0.0316204 0.0302428 0.0288193 0.0273616 0.0258812 0.0243895 0.0228973 0.0214149 0.0199522 0.0185179 0.0171201 0.0157662 0.0144623 0.0132137 0.0120248 0.010899 0.00983873 0.00884554 0.00792018 0.00706261 0.00627211 0.00554734 0.00488641 0.00428701 0.00374647 0.00326186 0.00283006 0.00244785 0.00211199 0.00181931 0.00156672 0.00135134 0.00117047 0.00102172 0.000902979 0.000812501 0.000748885 0.000711124 
0.000777198 0.000791026 0.000832732 0.000902979 0.00100287 0.0011339 0.001298 0.00149743 0.0017348 0.00201301 0.00233519 0.00270466 0.00312484 0.00359922 0.00413124 0.00472424 0.00538135 0.00610538 0.00689879 0.00776351 0.00870093 0.00971172 0.0107958 0.0119524 0.0131796 0.0144746 0.0158337 0.0172522 0.0187241 0.0202426 0.0217999 0.0233872 0.0249948 0.0266122 0.0282282 0.0298311 0.0314087 0.0329486 0.0344381 0.0358647 0.0372161 0.0384801 0.0396455 0.0407014 0.041638 0.0424464 0.0431188 0.0436487 0.044031 0.0442618 0.044339 0.0442618 0.044031 0.0436487 0.0431188 0.0424464 0.041638 0.0407014 0.0396455 0.0384801 0.0372161 0.0358647 0.0344381 0.0329486 0.0314087 0.0298311 0.0282282 0.0266122 0.0249948 0.0233872 0.0217999 0.0202426 0.0187241 0.0172522 0.0158337 0.0144746 0.0131796 0.0119524 0.0107958 0.00971172 0.00870093 0.00776351 0.00689879 0.00610538 0.00538135 0.00472424 0.00413124 0.00359922 0.00312484 0.00270466 0.00233519 0.00201301 0.0017348 0.00149743 0.001298 0.0011339 0.00100287 0.000902979 0.000832732 0.000791026 
0.00088039 0.000895929 0.000942794 0.00102172 0.0011339 0.00128102 0.00146518 0.00168887 0.00195496 0.00226664 0.00262733 0.00304066 0.00351039 0.00404029 0.00463413 0.0052955 0.00602778 0.00683399 0.00771672 0.00867802 0.00971929 0.0108412 0.0120434 0.013325 0.0146838 0.0161166 0.0176191 0.0191861 0.0208109 0.022486 0.0242027 0.0259512 0.0277209 0.0295003 0.031277 0.0330383 0.0347709 0.0364611 0.0380952 0.0396596 0.0411408 0.0425258 0.0438022 0.0449584 0.0459836 0.0468682 0.0476039 0.0481836 0.0486017 0.0488542 0.0489386 0.0488542 0.0486017 0.0481836 0.0476039 0.0468682 0.0459836 0.0449584 0.0438022 0.0425258 0.0411408 0.0396596 0.0380952 0.0364611 0.0347709 0.0330383 0.031277 0.0295003 0.0277209 0.0259512 0.0242027 0.022486 0.0208109 0.0191861 0.0176191 0.0161166 0.0146838 0.013325 0.0120434 0.0108412 0.00971929 0.00867802 0.00771672 0.00683399 0.00602778 0.0052955 0.00463413 0.00404029 0.00351039 0.00304066 0.00262733 0.00226664 0.00195496 0.00168887 0.00146518 0.00128102 0.0011339 0.00102172 0.000942794 0.000895929 
0.00100975 0.00102742 0.00108072 0.00117047 0.001298 0.00146518 0.00167434 0.00192827 0.00223015 0.00258351 0.00299215 0.00346008 0.00399144 0.00459039 0.00526105 0.00600736 0.00683297 0.00774116 0.00873471 0.00981574 0.0109857 0.0122451 0.0135937 0.01503 0.0165515 0.0181545 0.0198343 0.0215846 0.0233982 0.0252664 0.0271795 0.0291267 0.0310961 0.0330749 0.0350495 0.0370057 0.0389289 0.0408039 0.0426157 0.0443494 0.0459901 0.0475235 0.0489362 0.0502153 0.0513492 0.0523274 0.0531407 0.0537814 0.0542435 0.0545225 0.0546158 0.0545225 0.0542435 0.0537814 0.0531407 0.0523274 0.0513492 0.0502153 0.0489362 0.0475235 0.0459901 0.0443494 0.0426157 0.0408039 0.0389289 0.0370057 0.0350495 0.0330749 0.0310961 0.0291267 0.0271795 0.0252664 0.0233982 0.0215846 0.0198343 0.0181545 0.0165515 0.01503 0.0135937 0.0122451 0.0109857 0.00981574 0.00873471 0.00774116 0.00683297 0.00600736 0.00526105 0.00459039 0.00399144 0.00346008 0.00299215 0.00258351 0.00223015 0.00192827 0.00167434 0.00146518 0.001298 0.00117047 0.00108072 0.00102742 
0.00116715 0.00118741 0.0012485 0.00135134 0.00149743 0.00168887 0.00192827 0.00221876 0.00256388 0.00296758 0.0034341 0.00396791 0.0045736 0.00525578 0.00601899 0.00686756 0.0078055 0.00883634 0.00996307 0.0111879 0.0125124 0.0139369 0.0154608 0.0170825 0.0187989 0.0206058 0.0224975 0.024467 0.0265061 0.0286049 0.0307525 0.0329367 0.0351442 0.0373607 0.0395709 0.0417591 0.0439089 0.0460038 0.0480269 0.0499617 0.0517918 0.0535016 0.055076 0.0565011 0.057764 0.0588531 0.0597584 0.0604715 0.0609857 0.0612961 0.0614 0.0612961 0.0609857 0.0604715 0.0597584 0.0588531 0.057764 0.0565011 0.055076 0.0535016 0.0517918 0.0499617 0.0480269 0.0460038 0.0439089 0.0417591 0.0395709 0.0373607 0.0351442 0.0329367 0.0307525 0.0286049 0.0265061 0.024467 0.0224975 0.0206058 0.0187989 0.0170825 0.0154608 0.0139369 0.0125124 0.0111879 0.00996307 0.00883634 0.0078055 0.00686756 0.00601899 0.00525578 0.0045736 0.00396791 0.0034341 0.00296758 0.00256388 0.00221876 0.00192827 0.00168887 0.00149743 0.00135134 0.0012485 0.00118741 
0.00135473 0.00137806 0.00144838 0.00156672 0.0017348 0.00195496 0.00223015 0.00256388 0.00296014 0.00342334 0.00395825 0.00456984 0.00526324 0.00604357 0.00691586 0.00788488 0.00895502 0.0101301 0.0114134 0.0128073 0.0143131 0.0159312 0.0176607 0.0194996 0.0214442 0.0234895 0.025629 0.0278547 0.0301571 0.032525 0.034946 0.0374064 0.0398912 0.0423842 0.0448686 0.0473265 0.0497398 0.0520899 0.0543583 0.0565264 0.0585763 0.0604904 0.0622524 0.0638465 0.0652588 0.0664764 0.0674882 0.0682851 0.0688596 0.0692064 0.0693224 0.0692064 0.0688596 0.0682851 0.0674882 0.0664764 0.0652588 0.0638465 0.0622524 0.0604904 0.0585763 0.0565264 0.0543583 0.0520899 0.0497398 0.0473265 0.0448686 0.0423842 0.0398912 0.0374064 0.034946 0.032525 0.0301571 0.0278547 0.025629 0.0234895 0.0214442 0.0194996 0.0176607 0.0159312 0.0143131 0.0128073 0.0114134 0.0101301 0.00895502 0.00788488 0.00691586 0.00604357 0.00526324 0.00456984 0.00395825 0.00342334 0.00296014 0.00256388 0.00223015 0.00195496 0.0017348 0.00156672 0.00144838 0.00137806 
0.00157491 0.0016018 0.00168288 0.00181931 0.00201301 0.00226664 0.00258351 0.00296758 0.00342334 0.00395576 0.00457015 0.0052721 0.00606733 0.00696154 0.0079603 0.00906888 0.0102921 0.0116341 0.0130984 0.0146874 0.0164026 0.018244 0.0202106 0.0222996 0.0245068 0.0268263 0.0292507 0.0317705 0.0343749 0.0370514 0.0397858 0.0425624 0.0453645 0.0481738 0.0509713 0.0537372 0.0564512 0.0590925 0.0616404 0.0640745 0.0663746 0.0685214 0.0704966 0.0722832 0.0738652 0.0752289 0.0763618 0.0772538 0.0778969 0.0782851 0.0784149 0.0782851 0.0778969 0.0772538 0.0763618 0.0752289 0.0738652 0.0722832 0.0704966 0.0685214 0.0663746 0.0640745 0.0616404 0.0590925 0.0564512 0.0537372 0.0509713 0.0481738 0.0453645 0.0425624 0.0397858 0.0370514 0.0343749 0.0317705 0.0292507 0.0268263 0.0245068 0.0222996 0.0202106 0.018244 0.0164026 0.0146874 0.0130984 0.0116341 0.0102921 0.00906888 0.0079603 0.00696154 0.00606733 0.0052721 0.00457015 0.00395576 0.00342334 0.00296758 0.00258351 0.00226664 0.00201301 0.00181931 0.00168288 0.0016018 
0.00183026 0.00186127 0.00195474 0.00211199 0.00233519 0.00262733 0.00299215 0.0034341 0.00395825 0.00457015 0.00527578 0.00608139 0.00699334 0.008018 0.00916152 0.0104297 0.0118279 0.0133605 0.0150314 0.0168429 0.0187966 0.0208923 0.0231284 0.0255017 0.0280071 0.0306377 0.0333848 0.0362379 0.0391842 0.0422096 0.045298 0.0484317 0.0515917 0.0547575 0.0579079 0.0610206 0.0640728 0.0670415 0.0699036 0.0726362 0.0752172 0.077625 0.0798394 0.0818415 0.0836139 0.0851411 0.0864096 0.0874082 0.088128 0.0885625 0.0887077 0.0885625 0.088128 0.0874082 0.0864096 0.0851411 0.0836139 0.0818415 0.0798394 0.077625 0.0752172 0.0726362 0.0699036 0.0670415 0.0640728 0.0610206 0.0579079 0.0547575 0.0515917 0.0484317 0.045298 0.0422096 0.0391842 0.0362379 0.0333848 0.0306377 0.0280071 0.0255017 0.0231284 0.0208923 0.0187966 0.0168429 0.0150314 0.0133605 0.0118279 0.0104297 0.00916152 0.008018 0.00699334 0.00608139 0.00527578 0.00457015 0.00395825 0.0034341 0.00299215 0.00262733 0.00233519 0.00211199 0.00195474 0.00186127 
0.00212357 0.00215927 0.00226687 0.00244785 0.00270466 0.00304066 0.00346008 0.00396791 0.00456984 0.0052721 0.00608139 0.00700467 0.00804905 0.00922157 0.0105291 0.0119779 0.0135739 0.0153219 0.0172259 0.0192885 0.021511 0.0238929 0.0264323 0.029125 0.0319653 0.034945 0.038054 0.0412801 0.0446091 0.0480245 0.0515083 0.0550406 0.0585997 0.0621629 0.0657061 0.0692046 0.0726329 0.0759653 0.0791761 0.08224 0.0851324 0.0878295 0.0903089 0.0925496 0.0945326 0.0962408 0.0976593 0.0987757 0.0995803 0.100066 0.100228 0.100066 0.0995803 0.0987757 0.0976593 0.0962408 0.0945326 0.0925496 0.0903089 0.0878295 0.0851324 0.08224 0.0791761 0.0759653 0.0726329 0.0692046 0.0657061 0.0621629 0.0585997 0.0550406 0.0515083 0.0480245 0.0446091 0.0412801 0.038054 0.034945 0.0319653 0.029125 0.0264323 0.0238929 0.021511 0.0192885 0.0172259 0.0153219 0.0135739 0.0119779 0.0105291 0.00922157 0.00804905 0.00700467 0.00608139 0.0052721 0.00456984 0.00396791 0.00346008 0.00304066 0.00270466 0.00244785 0.00226687 0.00215927 
0.0024577 0.0024987 0.00262226 0.00283006 0.00312484 0.00351039 0.00399144 0.0045736 0.00526324 0.00606733 0.00699334 0.00804905 0.00924232 0.010581 0.0120726 0.013724 0.0155417 0.0175309 0.0196958 0.0220389 0.0245615 0.0272628 0.0301401 0.0331886 0.0364013 0.0397689 0.0432797 0.0469196 0.0506726 0.0545199 0.0584411 0.0624137 0.0664136 0.0704151 0.0743913 0.0783146 0.0821567 0.085889 0.089483 0.0929107 0.0961448 0.0991592 0.101929 0.104431 0.106645 0.108551 0.110134 0.111379 0.112276 0.112818 0.112999 0.112818 0.112276 0.111379 0.110134 0.108551 0.106645 0.104431 0.101929 0.0991592 0.0961448 0.0929107 0.089483 0.085889 0.0821567 0.0783146 0.0743913 0.0704151 0.0664136 0.0624137 0.0584411 0.0545199 0.0506726 0.0469196 0.0432797 0.0397689 0.0364013 0.0331886 0.0301401 0.0272628 0.0245615 0.0220389 0.0196958 0.0175309 0.0155417 0.013724 0.0120726 0.010581 0.00924232 0.00804905 0.00699334 0.00606733 0.00526324 0.0045736 0.00399144 0.00351039 0.00312484 0.00283006 0.00262226 0.0024987 
0.00283556 0.00288251 0.00302399 0.00326186 0.00359922 0.00404029 0.00459039 0.00525578 0.00604357 0.00696154 0.008018 0.00922157 0.010581 0.0121049 0.0138015 0.0156785 0.0177427 0.0199997 0.022454 0.0251082 0.0279632 0.0310178 0.0342687 0.0377101 0.0413337 0.0451287 0.0490818 0.053177 0.0573957 0.0617171 0.0661179 0.070573 0.0750552 0.0795358 0.0839851 0.0883721 0.0926655 0.0968335 0.100845 0.104668 0.108274 0.111633 0.114718 0.117504 0.119968 0.122089 0.123849 0.125234 0.126232 0.126834 0.127035 0.126834 0.126232 0.125234 0.123849 0.122089 0.119968 0.117504 0.114718 0.111633 0.108274 0.104668 0.100845 0.0968335 0.0926655 0.0883721 0.0839851 0.0795358 0.0750552 0.070573 0.0661179 0.0617171 0.0573957 0.053177 0.0490818 0.0451287 0.0413337 0.0377101 0.0342687 0.0310178 0.0279632 0.0251082 0.022454 0.0199997 0.0177427 0.0156785 0.0138015 0.0121049 0.010581 0.00922157 0.008018 0.00696154 0.00604357 0.00525578 0.00459039 0.00404029 0.00359922 0.00326186 0.00302399 0.00288251 
0.00326009 0.00331367 0.0034751 0.00374647 0.00413124 0.00463413 0.00526105 0.00601899 0.00691586 0.0079603 0.00916152 0.0105291 0.0120726 0.0138015 0.0157249 0.0178511 0.0201874 0.0227399 0.0255131 0.0285096 0.0317301 0.0351728 0.0388336 0.0427055 0.046779 0.0510416 0.0554779 0.0600699 0.0647964 0.069634 0.0745567 0.0795361 0.084542 0.0895424 0.0945043 0.0993933 0.104175 0.108814 0.113275 0.117526 0.121532 0.125262 0.128687 0.131778 0.134511 0.136863 0.138814 0.14035 0.141455 0.142122 0.142345 0.142122 0.141455 0.14035 0.138814 0.136863 0.134511 0.131778 0.128687 0.125262 0.121532 0.117526 0.113275 0.108814 0.104175 0.0993933 0.0945043 0.0895424 0.084542 0.0795361 0.0745567 0.069634 0.0647964 0.0600699 0.0554779 0.0510416 0.046779 0.0427055 0.0388336 0.0351728 0.0317301 0.0285096 0.0255131 0.0227399 0.0201874 0.0178511 0.0157249 0.0138015 0.0120726 0.0105291 0.00916152 0.0079603 0.00691586 0.00601899 0.00526105 0.00463413 0.00413124 0.00374647 0.0034751 0.00331367 
0.00373412 0.00379503 0.00397855 0.00428701 0.00472424 0.0052955 0.00600736 0.00686756 0.00788488 0.00906888 0.0104297 0.0119779 0.013724 0.0156785 0.0178511 0.0202508 0.0228855 0.0257617 0.0288839 0.0322547 0.0358744 0.0397405 0.0438479 0.0481885 0.0527512 0.0575216 0.0624822 0.0676125 0.0728888 0.0782846 0.0837708 0.0893159 0.0948862 0.100446 0.105959 0.111388 0.116693 0.121837 0.126781 0.131489 0.135923 0.14005 0.143838 0.147255 0.150275 0.152873 0.155028 0.156723 0.157944 0.15868 0.158926 0.15868 0.157944 0.156723 0.155028 0.152873 0.150275 0.147255 0.143838 0.14005 0.135923 0.131489 0.126781 0.121837 0.116693 0.111388 0.105959 0.100446 0.0948862 0.0893159 0.0837708 0.0782846 0.0728888 0.0676125 0.0624822 0.0575216 0.0527512 0.0481885 0.0438479 0.0397405 0.0358744 0.0322547 0.0288839 0.0257617 0.0228855 0.0202508 0.0178511 0.0156785 0.013724 0.0119779 0.0104297 0.00906888 0.00788488 0.00686756 0.00600736 0.0052955 0.00472424 0.00428701 0.00397855 0.00379503 
0.00426033 0.00432931 0.00453715 0.00488641 0.00538135 0.00602778 0.00683297 0.0078055 0.00895502 0.0102921 0.0118279 0.0135739 0.0155417 0.0177427 0.0201874 0.0228855 0.0258455 0.0290741 0.0325759 0.0363533 0.0404061 0.0447312 0.0493222 0.0541697 0.0592608 0.0645791 0.0701048 0.0758145 0.0816819 0.0876772 0.093768 0.0999192 0.106094 0.112252 0.118354 0.124357 0.130221 0.135902 0.14136 0.146553 0.151442 0.155991 0.160162 0.163925 0.167248 0.170107 0.172478 0.174342 0.175684 0.176494 0.176764 0.176494 0.175684 0.174342 0.172478 0.170107 0.167248 0.163925 0.160162 0.155991 0.151442 0.146553 0.14136 0.135902 0.130221 0.124357 0.118354 0.112252 0.106094 0.0999192 0.093768 0.0876772 0.0816819 0.0758145 0.0701048 0.0645791 0.0592608 0.0541697 0.0493222 0.0447312 0.0404061 0.0363533 0.0325759 0.0290741 0.0258455 0.0228855 0.0201874 0.0177427 0.0155417 0.0135739 0.0118279 0.0102921 0.00895502 0.0078055 0.00683297 0.00602778 0.00538135 0.00488641 0.00453715 0.00432931 
0.00484118 0.00491901 0.00515344 0.00554734 0.00610538 0.00683399 0.00774116 0.00883634 0.0101301 0.0116341 0.0133605 0.0153219 0.0175309 0.0199997 0.0227399 0.0257617 0.0290741 0.032684 0.0365962 0.0408127 0.0453327 0.0501522 0.0552637 0.060656 0.0663144 0.0722202 0.0783509 0.0846806 0.0911794 0.0978143 0.104549 0.111346 0.118162 0.124956 0.131682 0.138295 0.14475 0.150999 0.156999 0.162705 0.168074 0.173065 0.177641 0.181767 0.18541 0.188542 0.191139 0.193181 0.194651 0.195537 0.195833 0.195537 0.194651 0.193181 0.191139 0.188542 0.18541 0.181767 0.177641 0.173065 0.168074 0.162705 0.156999 0.150999 0.14475 0.138295 0.131682 0.124956 0.118162 0.111346 0.104549 0.0978143 0.0911794 0.0846806 0.0783509 0.0722202 0.0663144 0.060656 0.0552637 0.0501522 0.0453327 0.0408127 0.0365962 0.032684 0.0290741 0.0257617 0.0227399 0.0199997 0.0175309 0.0153219 0.0133605 0.0116341 0.0101301 0.00883634 0.00774116 0.00683399 0.00610538 0.00554734 0.00515344 0.00491901 
0.00547884 0.00556628 0.00582966 0.00627211 0.00689879 0.00771672 0.00873471 0.00996307 0.0114134 0.0130984 0.0150314 0.0172259 0.0196958 0.022454 0.0255131 0.0288839 0.0325759 0.0365962 0.0409495 0.0456374 0.0506584 0.0560074 0.0616756 0.0676501 0.0739138 0.0804457 0.0872205 0.0942091 0.101378 0.108692 0.116109 0.123588 0.131082 0.138546 0.14593 0.153185 0.160261 0.167107 0.173676 0.179918 0.185789 0.191244 0.196243 0.200748 0.204725 0.208142 0.210975 0.213201 0.214804 0.21577 0.216093 0.21577 0.214804 0.213201 0.210975 0.208142 0.204725 0.200748 0.196243 0.191244 0.185789 0.179918 0.173676 0.167107 0.160261 0.153185 0.14593 0.138546 0.131082 0.123588 0.116109 0.108692 0.101378 0.0942091 0.0872205 0.0804457 0.0739138 0.0676501 0.0616756 0.0560074 0.0506584 0.0456374 0.0409495 0.0365962 0.0325759 0.0288839 0.0255131 0.022454 0.0196958 0.0172259 0.0150314 0.0130984 0.0114134 0.00996307 0.00873471 0.00771672 0.00689879 0.00627211 0.00582966 0.00556628 
0.00617507 0.00627292 0.00656762 0.00706261 0.00776351 0.00867802 0.00981574 0.0111879 0.0128073 0.0146874 0.0168429 0.0192885 0.0220389 0.0251082 0.0285096 0.0322547 0.0363533 0.0408127 0.0456374 0.0508285 0.0563837 0.0622967 0.068557 0.0751497 0.0820556 0.0892509 0.0967072 0.104392 0.112269 0.120297 0.128432 0.136628 0.144835 0.153002 0.161075 0.169 0.176725 0.184194 0.191355 0.198156 0.204549 0.210486 0.215924 0.220822 0.225144 0.228857 0.231934 0.234352 0.236092 0.237141 0.237491 0.237141 0.236092 0.234352 0.231934 0.228857 0.225144 0.220822 0.215924 0.210486 0.204549 0.198156 0.191355 0.184194 0.176725 0.169 0.161075 0.153002 0.144835 0.136628 0.128432 0.120297 0.112269 0.104392 0.0967072 0.0892509 0.0820556 0.0751497 0.068557 0.0622967 0.0563837 0.0508285 0.0456374 0.0408127 0.0363533 0.0322547 0.0285096 0.0251082 0.0220389 0.0192885 0.0168429 0.0146874 0.0128073 0.0111879 0.00981574 0.00867802 0.00776351 0.00706261 0.00656762 0.00627292 
0.00693118 0.00704024 0.00736866 0.00792018 0.00870093 0.00971929 0.0109857 0.0125124 0.0143131 0.0164026 0.0187966 0.021511 0.0245615 0.0279632 0.0317301 0.0358744 0.0404061 0.0453327 0.0506584 0.0563837 0.0625053 0.0690154 0.0759019 0.0831477 0.090731 0.098625 0.106798 0.115215 0.123833 0.13261 0.141497 0.150442 0.159392 0.168291 0.177081 0.185703 0.194101 0.202215 0.20999 0.217369 0.224301 0.230735 0.236625 0.241928 0.246606 0.250623 0.253951 0.256565 0.258446 0.25958 0.259959 0.25958 0.258446 0.256565 0.253951 0.250623 0.246606 0.241928 0.236625 0.230735 0.224301 0.217369 0.20999 0.202215 0.194101 0.185703 0.177081 0.168291 0.159392 0.150442 0.141497 0.13261 0.123833 0.115215 0.106798 0.098625 0.090731 0.0831477 0.0759019 0.0690154 0.0625053 0.0563837 0.0506584 0.0453327 0.0404061 0.0358744 0.0317301 0.0279632 0.0245615 0.021511 0.0187966 0.0164026 0.0143131 0.0125124 0.0109857 0.00971929 0.00870093 0.00792018 0.00736866 0.00704024 
0.00774795 0.007869 0.00823351 0.00884554 0.00971172 0.0108412 0.0122451 0.0139369 0.0159312 0.018244 0.0208923 0.0238929 0.0272628 0.0310178 0.0351728 0.0397405 0.0447312 0.0501522 0.0560074 0.0622967 0.0690154 0.0761544 0.0836994 0.0916311 0.0999248 0.108551 0.117474 0.126654 0.136047 0.145604 0.155272 0.164995 0.174715 0.184372 0.193903 0.203245 0.212337 0.221116 0.229521 0.237495 0.24498 0.251923 0.258277 0.263994 0.269035 0.273362 0.276946 0.279761 0.281786 0.283007 0.283414 0.283007 0.281786 0.279761 0.276946 0.273362 0.269035 0.263994 0.258277 0.251923 0.24498 0.237495 0.229521 0.221116 0.212337 0.203245 0.193903 0.184372 0.174715 0.164995 0.155272 0.145604 0.136047 0.126654 0.117474 0.108551 0.0999248 0.0916311 0.0836994 0.0761544 0.0690154 0.0622967 0.0560074 0.0501522 0.0447312 0.0397405 0.0351728 0.0310178 0.0272628 0.0238929 0.0208923 0.018244 0.0159312 0.0139369 0.0122451 0.0108412 0.00971172 0.00884554 0.00823351 0.007869 
0.00862551 0.00875934 0.00916228 0.00983873 0.0107958 0.0120434 0.0135937 0.0154608 0.0176607 0.0202106 0.0231284 0.0264323 0.0301401 0.0342687 0.0388336 0.0438479 0.0493222 0.0552637 0.0616756 0.068557 0.0759019 0.0836994 0.0919332 0.100581 0.109616 0.119004 0.128707 0.13868 0.148876 0.15924 0.169716 0.180242 0.190757 0.201193 0.211486 0.221567 0.23137 0.240829 0.249879 0.258458 0.266507 0.27397 0.280794 0.286932 0.292342 0.296984 0.300828 0.303846 0.306016 0.307325 0.307762 0.307325 0.306016 0.303846 0.300828 0.296984 0.292342 0.286932 0.280794 0.27397 0.266507 0.258458 0.249879 0.240829 0.23137 0.221567 0.211486 0.201193 0.190757 0.180242 0.169716 0.15924 0.148876 0.13868 0.128707 0.119004 0.109616 0.100581 0.0919332 0.0836994 0.0759019 0.068557 0.0616756 0.0552637 0.0493222 0.0438479 0.0388336 0.0342687 0.0301401 0.0264323 0.0231284 0.0202106 0.0176607 0.0154608 0.0135937 0.0120434 0.0107958 0.00983873 0.00916228 0.00875934 
0.00956335 0.0097107 0.0101544 0.010899 0.0119524 0.013325 0.01503 0.0170825 0.0194996 0.0222996 0.0255017 0.029125 0.0331886 0.0377101 0.0427055 0.0481885 0.0541697 0.060656 0.0676501 0.0751497 0.0831477 0.0916311 0.100581 0.109973 0.119776 0.129954 0.140463 0.151256 0.162279 0.173474 0.18478 0.196131 0.207459 0.218693 0.229764 0.240599 0.251126 0.261276 0.270981 0.280174 0.288794 0.296781 0.304081 0.310644 0.316426 0.321386 0.32549 0.328712 0.331029 0.332426 0.332893 0.332426 0.331029 0.328712 0.32549 0.321386 0.316426 0.310644 0.304081 0.296781 0.288794 0.280174 0.270981 0.261276 0.251126 0.240599 0.229764 0.218693 0.207459 0.196131 0.18478 0.173474 0.162279 0.151256 0.140463 0.129954 0.119776 0.109973 0.100581 0.0916311 0.0831477 0.0751497 0.0676501 0.060656 0.0541697 0.0481885 0.0427055 0.0377101 0.0331886 0.029125 0.0255017 0.0222996 0.0194996 0.0170825 0.01503 0.013325 0.0119524 0.010899 0.0101544 0.0097107 
0.0105602 0.0107218 0.0112083 0.0120248 0.0131796 0.0146838 0.0165515 0.0187989 0.0214442 0.0245068 0.0280071 0.0319653 0.0364013 0.0413337 0.046779 0.0527512 0.0592608 0.0663144 0.0739138 0.0820556 0.090731 0.0999248 0.109616 0.119776 0.130372 0.141362 0.152701 0.164334 0.176206 0.188252 0.200406 0.212597 0.224754 0.2368 0.24866 0.260258 0.271519 0.282368 0.292733 0.302545 0.311739 0.320253 0.328031 0.335019 0.341173 0.34645 0.350816 0.354242 0.356706 0.35819 0.358686 0.35819 0.356706 0.354242 0.350816 0.34645 0.341173 0.335019 0.328031 0.320253 0.311739 0.302545 0.292733 0.282368 0.271519 0.260258 0.24866 0.2368 0.224754 0.212597 0.200406 0.188252 0.176206 0.164334 0.152701 0.141362 0.130372 0.119776 0.109616 0.0999248 0.090731 0.0820556 0.0739138 0.0663144 0.0592608 0.0527512 0.046779 0.0413337 0.0364013 0.0319653 0.0280071 0.0245068 0.0214442 0.0187989 0.0165515 0.0146838 0.0131796 0.0120248 0.0112083 0.0107218 
0.0116139 0.0117905 0.0123219 0.0132137 0.0144746 0.0161166 0.0181545 0.0206058 0.0234895 0.0268263 0.0306377 0.034945 0.0397689 0.0451287 0.0510416 0.0575216 0.0645791 0.0722202 0.0804457 0.0892509 0.098625 0.108551 0.119004 0.129954 0.141362 0.153185 0.165371 0.177863 0.190599 0.203511 0.216527 0.229571 0.242566 0.255433 0.26809 0.280457 0.292454 0.304004 0.315031 0.325463 0.335231 0.344271 0.352524 0.359937 0.36646 0.372053 0.376678 0.380306 0.382915 0.384486 0.385011 0.384486 0.382915 0.380306 0.376678 0.372053 0.36646 0.359937 0.352524 0.344271 0.335231 0.325463 0.315031 0.304004 0.292454 0.280457 0.26809 0.255433 0.242566 0.229571 0.216527 0.203511 0.190599 0.177863 0.165371 0.153185 0.141362 0.129954 0.119004 0.108551 0.098625 0.0892509 0.0804457 0.0722202 0.0645791 0.0575216 0.0510416 0.0451287 0.0397689 0.034945 0.0306377 0.0268263 0.0234895 0.0206058 0.0181545 0.0161166 0.0144746 0.0132137 0.0123219 0.0117905 
0.0127217 0.0129138 0.0134921 0.0144623 0.0158337 0.0176191 0.0198343 0.0224975 0.025629 0.0292507 0.0333848 0.038054 0.0432797 0.0490818 0.0554779 0.0624822 0.0701048 0.0783509 0.0872205 0.0967072 0.106798 0.117474 0.128707 0.140463 0.152701 0.165371 0.178419 0.191783 0.205395 0.219182 0.233068 0.246972 0.260812 0.274502 0.287958 0.301095 0.313829 0.326078 0.337764 0.348812 0.359149 0.368711 0.377435 0.385266 0.392155 0.398058 0.402939 0.406767 0.409518 0.411175 0.411729 0.411175 0.409518 0.406767 0.402939 0.398058 0.392155 0.385266 0.377435 0.368711 0.359149 0.348812 0.337764 0.326078 0.313829 0.301095 0.287958 0.274502 0.260812 0.246972 0.233068 0.219182 0.205395 0.191783 0.178419 0.165371 0.152701 0.140463 0.128707 0.117474 0.106798 0.0967072 0.0872205 0.0783509 0.0701048 0.0624822 0.0554779 0.0490818 0.0432797 0.038054 0.0333848 0.0292507 0.025629 0.0224975 0.0198343 0.0176191 0.0158337 0.0144623 0.0134921 0.0129138 
0.0138796 0.0140879 0.0147147 0.0157662 0.0172522 0.0191861 0.0215846 0.024467 0.0278547 0.0317705 0.0362379 0.0412801 0.0469196 0.053177 0.0600699 0.0676125 0.0758145 0.0846806 0.0942091 0.104392 0.115215 0.126654 0.13868 0.151256 0.164334 0.177863 0.191783 0.206026 0.220521 0.235189 0.249948 0.264714 0.279398 0.293911 0.308163 0.322066 0.335531 0.348474 0.360812 0.372468 0.383367 0.393441 0.402628 0.41087 0.418118 0.424325 0.429456 0.433478 0.436369 0.43811 0.438691 0.43811 0.436369 0.433478 0.429456 0.424325 0.418118 0.41087 0.402628 0.393441 0.383367 0.372468 0.360812 0.348474 0.335531 0.322066 0.308163 0.293911 0.279398 0.264714 0.249948 0.235189 0.220521 0.206026 0.191783 0.177863 0.164334 0.151256 0.13868 0.126654 0.115215 0.104392 0.0942091 0.0846806 0.0758145 0.0676125 0.0600699 0.053177 0.0469196 0.0412801 0.0362379 0.0317705 0.0278547 0.024467 0.0215846 0.0191861 0.0172522 0.0157662 0.0147147 0.0140879 
0.0150832 0.0153081 0.015985 0.0171201 0.0187241 0.0208109 0.0233982 0.0265061 0.0301571 0.0343749 0.0391842 0.0446091 0.0506726 0.0573957 0.0647964 0.0728888 0.0816819 0.0911794 0.101378 0.112269 0.123833 0.136047 0.148876 0.162279 0.176206 0.190599 0.205395 0.220521 0.2359 0.251448 0.26708 0.282704 0.298228 0.313557 0.328598 0.343258 0.357445 0.37107 0.384049 0.396301 0.40775 0.418326 0.427965 0.436608 0.444204 0.450707 0.45608 0.460292 0.463317 0.46514 0.465748 0.46514 0.463317 0.460292 0.45608 0.450707 0.444204 0.436608 0.427965 0.418326 0.40775 0.396301 0.384049 0.37107 0.357445 0.343258 0.328598 0.313557 0.298228 0.282704 0.26708 0.251448 0.2359 0.220521 0.205395 0.190599 0.176206 0.162279 0.148876 0.136047 0.123833 0.112269 0.101378 0.0911794 0.0816819 0.0728888 0.0647964 0.0573957 0.0506726 0.0446091 0.0391842 0.0343749 0.0301571 0.0265061 0.0233982 0.0208109 0.0187241 0.0171201 0.015985 0.0153081 
0.0163269 0.0165688 0.0172969 0.0185179 0.0202426 0.022486 0.0252664 0.0286049 0.032525 0.0370514 0.0422096 0.0480245 0.0545199 0.0617171 0.069634 0.0782846 0.0876772 0.0978143 0.108692 0.120297 0.13261 0.145604 0.15924 0.173474 0.188252 0.203511 0.219182 0.235189 0.251448 0.267873 0.28437 0.300844 0.317197 0.333332 0.349149 0.364553 0.379447 0.39374 0.407345 0.420178 0.432162 0.443225 0.453302 0.462332 0.470265 0.477054 0.48266 0.487054 0.49021 0.49211 0.492745 0.49211 0.49021 0.487054 0.48266 0.477054 0.470265 0.462332 0.453302 0.443225 0.432162 0.420178 0.407345 0.39374 0.379447 0.364553 0.349149 0.333332 0.317197 0.300844 0.28437 0.267873 0.251448 0.235189 0.219182 0.203511 0.188252 0.173474 0.15924 0.145604 0.13261 0.120297 0.108692 0.0978143 0.0876772 0.0782846 0.069634 0.0617171 0.0545199 0.0480245 0.0422096 0.0370514 0.032525 0.0286049 0.0252664 0.022486 0.0202426 0.0185179 0.0172969 0.0165688 
0.0176042 0.0178635 0.0186438 0.0199522 0.0217999 0.0242027 0.0271795 0.0307525 0.034946 0.0397858 0.045298 0.0515083 0.0584411 0.0661179 0.0745567 0.0837708 0.093768 0.104549 0.116109 0.128432 0.141497 0.155272 0.169716 0.18478 0.200406 0.216527 0.233068 0.249948 0.26708 0.28437 0.30172 0.319031 0.336199 0.353124 0.369701 0.38583 0.401413 0.416356 0.430567 0.443963 0.456464 0.467996 0.478494 0.487896 0.496152 0.503214 0.509044 0.513612 0.516892 0.518866 0.519526 0.518866 0.516892 0.513612 0.509044 0.503214 0.496152 0.487896 0.478494 0.467996 0.456464 0.443963 0.430567 0.416356 0.401413 0.38583 0.369701 0.353124 0.336199 0.319031 0.30172 0.28437 0.26708 0.249948 0.233068 0.216527 0.200406 0.18478 0.169716 0.155272 0.141497 0.128432 0.116109 0.104549 0.093768 0.0837708 0.0745567 0.0661179 0.0584411 0.0515083 0.045298 0.0397858 0.034946 0.0307525 0.0271795 0.0242027 0.0217999 0.0199522 0.0186438 0.0178635 
0.0189081 0.019185 0.0200182 0.0214149 0.0233872 0.0259512 0.0291267 0.0329367 0.0374064 0.0425624 0.0484317 0.0550406 0.0624137 0.070573 0.0795361 0.0893159 0.0999192 0.111346 0.123588 0.136628 0.150442 0.164995 0.180242 0.196131 0.212597 0.229571 0.246972 0.264714 0.282704 0.300844 0.319031 0.33716 0.355125 0.372818 0.390133 0.406966 0.423216 0.438786 0.453582 0.467519 0.480515 0.492496 0.503396 0.513154 0.521716 0.529038 0.535081 0.539813 0.543211 0.545256 0.545939 0.545256 0.543211 0.539813 0.535081 0.529038 0.521716 0.513154 0.503396 0.492496 0.480515 0.467519 0.453582 0.438786 0.423216 0.406966 0.390133 0.372818 0.355125 0.33716 0.319031 0.300844 0.282704 0.264714 0.246972 0.229571 0.212597 0.196131 0.180242 0.164995 0.150442 0.136628 0.123588 0.111346 0.0999192 0.0893159 0.0795361 0.070573 0.0624137 0.0550406 0.0484317 0.0425624 0.0374064 0.0329367 0.0291267 0.0259512 0.0233872 0.0214149 0.0200182 0.019185 
0.0202305 0.0205251 0.0214115 0.0228973 0.0249948 0.0277209 0.0310961 0.0351442 0.0398912 0.0453645 0.0515917 0.0585997 0.0664136 0.0750552 0.084542 0.0948862 0.106094 0.118162 0.131082 0.144835 0.159392 0.174715 0.190757 0.207459 0.224754 0.242566 0.260812 0.279398 0.298228 0.317197 0.336199 0.355125 0.373862 0.392299 0.410328 0.427839 0.44473 0.460901 0.476256 0.490709 0.504177 0.516585 0.527866 0.53796 0.546813 0.55438 0.560622 0.565509 0.569017 0.571128 0.571833 0.571128 0.569017 0.565509 0.560622 0.55438 0.546813 0.53796 0.527866 0.516585 0.504177 0.490709 0.476256 0.460901 0.44473 0.427839 0.410328 0.392299 0.373862 0.355125 0.336199 0.317197 0.298228 0.279398 0.260812 0.242566 0.224754 0.207459 0.190757 0.174715 0.159392 0.144835 0.131082 0.118162 0.106094 0.0948862 0.084542 0.0750552 0.0664136 0.0585997 0.0515917 0.0453645 0.0398912 0.0351442 0.0310961 0.0277209 0.0249948 0.0228973 0.0214115 0.0205251 
0.0215628 0.0218751 0.0228147 0.0243895 0.0266122 0.0295003 0.0330749 0.0373607 0.0423842 0.0481738 0.0547575 0.0621629 0.0704151 0.0795358 0.0895424 0.100446 0.112252 0.124956 0.138546 0.153002 0.168291 0.184372 0.201193 0.218693 0.2368 0.255433 0.274502 0.293911 0.313557 0.333332 0.353124 0.372818 0.392299 0.411453 0.430166 0.448327 0.465829 0.482572 0.498459 0.513401 0.527315 0.540126 0.551766 0.562175 0.5713 0.579096 0.585525 0.590556 0.594167 0.59634 0.597065 0.59634 0.594167 0.590556 0.585525 0.579096 0.5713 0.562175 0.551766 0.540126 0.527315 0.513401 0.498459 0.482572 0.465829 0.448327 0.430166 0.411453 0.392299 0.372818 0.353124 0.333332 0.313557 0.293911 0.274502 0.255433 0.2368 0.218693 0.201193 0.184372 0.168291 0.153002 0.138546 0.124956 0.112252 0.100446 0.0895424 0.0795358 0.0704151 0.0621629 0.0547575 0.0481738 0.0423842 0.0373607 0.0330749 0.0295003 0.0266122 0.0243895 0.0228147 0.0218751 
0.0228957 0.0232256 0.0242181 0.0258812 0.0282282 0.031277 0.0350495 0.0395709 0.0448686 0.0509713 0.0579079 0.0657061 0.0743913 0.0839851 0.0945043 0.105959 0.118354 0.131682 0.14593 0.161075 0.177081 0.193903 0.211486 0.229764 0.24866 0.26809 0.287958 0.308163 0.328598 0.349149 0.369701 0.390133 0.410328 0.430166 0.44953 0.468309 0.486392 0.503676 0.520065 0.535467 0.5498 0.562987 0.574962 0.585665 0.595042 0.60305 0.609652 0.614818 0.618523 0.620753 0.621498 0.620753 0.618523 0.614818 0.609652 0.60305 0.595042 0.585665 0.574962 0.562987 0.5498 0.535467 0.520065 0.503676 0.486392 0.468309 0.44953 0.430166 0.410328 0.390133 0.369701 0.349149 0.328598 0.308163 0.287958 0.26809 0.24866 0.229764 0.211486 0.193903 0.177081 0.161075 0.14593 0.131682 0.118354 0.105959 0.0945043 0.0839851 0.0743913 0.0657061 0.0579079 0.0509713 0.0448686 0.0395709 0.0350495 0.031277 0.0282282 0.0258812 0.0242181 0.0232256 
0.0242195 0.0245668 0.0256113 0.0273616 0.0298311 0.0330383 0.0370057 0.0417591 0.0473265 0.0537372 0.0610206 0.0692046 0.0783146 0.0883721 0.0993933 0.111388 0.124357 0.138295 0.153185 0.169 0.185703 0.203245 0.221567 0.240599 0.260258 0.280457 0.301095 0.322066 0.343258 0.364553 0.38583 0.406966 0.427839 0.448327 0.468309 0.48767 0.5063 0.524093 0.540951 0.556783 0.571505 0.585043 0.597328 0.608302 0.617913 0.626116 0.632877 0.638164 0.641957 0.644239 0.645001 0.644239 0.641957 0.638164 0.632877 0.626116 0.617913 0.608302 0.597328 0.585043 0.571505 0.556783 0.540951 0.524093 0.5063 0.48767 0.468309 0.448327 0.427839 0.406966 0.38583 0.364553 0.343258 0.322066 0.301095 0.280457 0.260258 0.240599 0.221567 0.203245 0.185703 0.169 0.153185 0.138295 0.124357 0.111388 0.0993933 0.0883721 0.0783146 0.0692046 0.0610206 0.0537372 0.0473265 0.0417591 0.0370057 0.0330383 0.0298311 0.0273616 0.0256113 0.0245668 
0.025524 0.0258882 0.0269838 0.0288193 0.0314087 0.0347709 0.0389289 0.0439089 0.0497398 0.0564512 0.0640728 0.0726329 0.0821567 0.0926655 0.104175 0.116693 0.130221 0.14475 0.160261 0.176725 0.194101 0.212337 0.23137 0.251126 0.271519 0.292454 0.313829 0.335531 0.357445 0.379447 0.401413 0.423216 0.44473 0.465829 0.486392 0.5063 0.525441 0.543708 0.561002 0.577232 0.592315 0.606175 0.618746 0.629968 0.639792 0.648174 0.655078 0.660477 0.664349 0.666678 0.667456 0.666678 0.664349 0.660477 0.655078 0.648174 0.639792 0.629968 0.618746 0.606175 0.592315 0.577232 0.561002 0.543708 0.525441 0.5063 0.486392 0.465829 0.44473 0.423216 0.401413 0.379447 0.357445 0.335531 0.313829 0.292454 0.271519 0.251126 0.23137 0.212337 0.194101 0.176725 0.160261 0.14475 0.130221 0.116693 0.104175 0.0926655 0.0821567 0.0726329 0.0640728 0.0564512 0.0497398 0.0439089 0.0389289 0.0347709 0.0314087 0.0288193 0.0269838 0.0258882 
0.0267987 0.0271794 0.0283245 0.0302428 0.0329486 0.0364611 0.0408039 0.0460038 0.0520899 0.0590925 0.0670415 0.0759653 0.085889 0.0968335 0.108814 0.121837 0.135902 0.150999 0.167107 0.184194 0.202215 0.221116 0.240829 0.261276 0.282368 0.304004 0.326078 0.348474 0.37107 0.39374 0.416356 0.438786 0.460901 0.482572 0.503676 0.524093 0.543708 0.562413 0.58011 0.596707 0.61212 0.626275 0.639105 0.650554 0.66057 0.669113 0.676148 0.681647 0.68559 0.687962 0.688753 0.687962 0.68559 0.681647 0.676148 0.669113 0.66057 0.650554 0.639105 0.626275 0.61212 0.596707 0.58011 0.562413 0.543708 0.524093 0.503676 0.482572 0.460901 0.438786 0.416356 0.39374 0.37107 0.348474 0.326078 0.304004 0.282368 0.261276 0.240829 0.221116 0.202215 0.184194 0.167107 0.150999 0.135902 0.121837 0.108814 0.0968335 0.085889 0.0759653 0.0670415 0.0590925 0.0520899 0.0460038 0.0408039 0.0364611 0.0329486 0.0302428 0.0283245 0.0271794 
0.0280331 0.0284296 0.0296224 0.0316204 0.0344381 0.0380952 0.0426157 0.0480269 0.0543583 0.0616404 0.0699036 0.0791761 0.089483 0.100845 0.113275 0.126781 0.14136 0.156999 0.173676 0.191355 0.20999 0.229521 0.249879 0.270981 0.292733 0.315031 0.337764 0.360812 0.384049 0.407345 0.430567 0.453582 0.476256 0.498459 0.520065 0.540951 0.561002 0.58011 0.598176 0.615107 0.63082 0.645242 0.658307 0.669959 0.680149 0.688836 0.695987 0.701576 0.705582 0.707991 0.708795 0.707991 0.705582 0.701576 0.695987 0.688836 0.680149 0.669959 0.658307 0.645242 0.63082 0.615107 0.598176 0.58011 0.561002 0.540951 0.520065 0.498459 0.476256 0.453582 0.430567 0.407345 0.384049 0.360812 0.337764 0.315031 0.292733 0.270981 0.249879 0.229521 0.20999 0.191355 0.173676 0.156999 0.14136 0.126781 0.113275 0.100845 0.089483 0.0791761 0.0699036 0.0616404 0.0543583 0.0480269 0.0426157 0.0380952 0.0344381 0.0316204 0.0296224 0.0284296 
0.0292165 0.0296282 0.0308664 0.0329403 0.0358647 0.0396596 0.0443494 0.0499617 0.0565264 0.0640745 0.0726362 0.08224 0.0929107 0.104668 0.117526 0.131489 0.146553 0.162705 0.179918 0.198156 0.217369 0.237495 0.258458 0.280174 0.302545 0.325463 0.348812 0.372468 0.396301 0.420178 0.443963 0.467519 0.490709 0.513401 0.535467 0.556783 0.577232 0.596707 0.615107 0.63234 0.648324 0.662986 0.676261 0.688094 0.698438 0.707253 0.714507 0.720175 0.724236 0.726679 0.727494 0.726679 0.724236 0.720175 0.714507 0.707253 0.698438 0.688094 0.676261 0.662986 0.648324 0.63234 0.615107 0.596707 0.577232 0.556783 0.535467 0.513401 0.490709 0.467519 0.443963 0.420178 0.396301 0.372468 0.348812 0.325463 0.302545 0.280174 0.258458 0.237495 0.217369 0.198156 0.179918 0.162705 0.146553 0.131489 0.117526 0.104668 0.0929107 0.08224 0.0726362 0.0640745 0.0565264 0.0499617 0.0443494 0.0396596 0.0358647 0.0329403 0.0308664 0.0296282 
0.0303385 0.0307645 0.0320456 0.0341911 0.0372161 0.0411408 0.0459901 0.0517918 0.0585763 0.0663746 0.0752172 0.0851324 0.0961448 0.108274 0.121532 0.135923 0.151442 0.168074 0.185789 0.204549 0.224301 0.24498 0.266507 0.288794 0.311739 0.335231 0.359149 0.383367 0.40775 0.432162 0.456464 0.480515 0.504177 0.527315 0.5498 0.571505 0.592315 0.61212 0.63082 0.648324 0.664549 0.679424 0.692886 0.70488 0.715359 0.724287 0.731631 0.737367 0.741477 0.743949 0.744773 0.743949 0.741477 0.737367 0.731631 0.724287 0.715359 0.70488 0.692886 0.679424 0.664549 0.648324 0.63082 0.61212 0.592315 0.571505 0.5498 0.527315 0.504177 0.480515 0.456464 0.432162 0.40775 0.383367 0.359149 0.335231 0.311739 0.288794 0.266507 0.24498 0.224301 0.204549 0.185789 0.168074 0.151442 0.135923 0.121532 0.108274 0.0961448 0.0851324 0.0752172 0.0663746 0.0585763 0.0517918 0.0459901 0.0411408 0.0372161 0.0341911 0.0320456 0.0307645 
