1.47129e-06 1.5703e-06 1.87696e-06 2.42072e-06 3.2524e-06 4.44681e-06 6.10631e-06 8.36544e-06 1.13963e-05 1.54146e-05 2.06868e-05 2.75366e-05 3.63525e-05 4.7594e-05 6.17976e-05 7.95808e-05 0.000101645 0.000128773 0.000161827 0.000201739 0.000249501 0.000306142 0.000372709 0.000450237 0.000539717 0.000642057 0.000758041 0.000888286 0.0010332 0.00119293 0.00136734 0.00155596 0.00175796 0.00197215 0.00219695 0.00243039 0.00267018 0.00291367 0.00315793 0.0033998 0.00363597 0.00386302 0.00407753 0.00427613 0.00445562 0.00461305 0.00474574 0.00485143 0.00492828 0.00497493 0.00499058 0.00497493 0.00492828 0.00485143 0.00474574 0.00461305 0.00445562 0.00427613 0.00407753 0.00386302 0.00363597 0.0033998 0.00315793 0.00291367 0.00267018 0.00243039 0.00219695 0.00197215 0.00175796 0.00155596 0.00136734 0.00119293 0.0010332 0.000888286 0.000758041 0.000642057 0.000539717 0.000450237 0.000372709 0.000306142 0.000249501 0.000201739 0.000161827 0.000128773 0.000101645 7.95808e-05 6.17976e-05 4.7594e-05 3.63525e-05 2.75366e-05 2.06868e-05 1.54146e-05 1.13963e-05 8.36544e-06 6.10631e-06 4.44681e-06 3.2524e-06 2.42072e-06 1.87696e-06 1.5703e-06 
1.5703e-06 1.67567e-06 2.002e-06 2.5805e-06 3.46502e-06 4.73477e-06 6.49815e-06 8.89747e-06 1.21147e-05 1.63778e-05 2.19681e-05 2.92271e-05 3.85644e-05 5.0464e-05 6.54905e-05 8.42934e-05 0.000107609 0.00013626 0.00017115 0.000213255 0.000263613 0.0003233 0.000393408 0.000475016 0.000569155 0.000676767 0.000798663 0.000935478 0.00108763 0.00125525 0.0014382 0.00163595 0.00184765 0.00207203 0.00230742 0.00255178 0.00280269 0.00305737 0.00331279 0.00356563 0.00381244 0.00404965 0.00427371 0.00448112 0.00466853 0.00483288 0.00497139 0.0050817 0.0051619 0.00521059 0.00522691 0.00521059 0.0051619 0.0050817 0.00497139 0.00483288 0.00466853 0.00448112 0.00427371 0.00404965 0.00381244 0.00356563 0.00331279 0.00305737 0.00280269 0.00255178 0.00230742 0.00207203 0.00184765 0.00163595 0.0014382 0.00125525 0.00108763 0.000935478 0.000798663 0.000676767 0.000569155 0.000475016 0.000393408 0.0003233 0.000263613 0.000213255 0.00017115 0.00013626 0.000107609 8.42934e-05 6.54905e-05 5.0464e-05 3.85644e-05 2.92271e-05 2.19681e-05 1.63778e-05 1.21147e-05 8.89747e-06 6.49815e-06 4.73477e-06 3.46502e-06 2.5805e-06 2.002e-06 1.67567e-06 
1.87696e-06 2.002e-06 2.38912e-06 3.07497e-06 4.1227e-06 5.62518e-06 7.70924e-06 1.05412e-05 1.43334e-05 1.93515e-05 2.59223e-05 3.44421e-05 4.53852e-05 5.93107e-05 7.68695e-05 9.88087e-05 0.000125973 0.000159304 0.000199833 0.000248672 0.000306998 0.000376029 0.000456995 0.000551109 0.000659522 0.000783279 0.000923273 0.00108019 0.00125447 0.00144623 0.00165526 0.00188094 0.00212225 0.00237773 0.00264547 0.00292311 0.00320792 0.00349676 0.00378616 0.00407243 0.00435165 0.00461984 0.00487299 0.0051072 0.00531873 0.00550414 0.00566035 0.00578472 0.00587512 0.00592999 0.00594839 0.00592999 0.00587512 0.00578472 0.00566035 0.00550414 0.00531873 0.0051072 0.00487299 0.00461984 0.00435165 0.00407243 0.00378616 0.00349676 0.00320792 0.00292311 0.00264547 0.00237773 0.00212225 0.00188094 0.00165526 0.00144623 0.00125447 0.00108019 0.000923273 0.000783279 0.000659522 0.000551109 0.000456995 0.000376029 0.000306998 0.000248672 0.000199833 0.000159304 0.000125973 9.88087e-05 7.68695e-05 5.93107e-05 4.53852e-05 3.44421e-05 2.59223e-05 1.93515e-05 1.43334e-05 1.05412e-05 7.70924e-06 5.62518e-06 4.1227e-06 3.07497e-06 2.38912e-06 2.002e-06 
2.42072e-06 2.5805e-06 3.07497e-06 3.95029e-06 5.286e-06 7.19882e-06 9.84798e-06 1.34419e-05 1.82458e-05 2.45912e-05 3.28845e-05 4.36176e-05 5.73771e-05 7.48531e-05 9.68461e-05 0.000124272 0.000158165 0.00019967 0.00025004 0.000310621 0.000382829 0.000468124 0.000567976 0.000683823 0.00081702 0.000968788 0.00114015 0.00133189 0.00154447 0.00177797 0.00203208 0.00230598 0.00259839 0.0029075 0.00323096 0.00356594 0.00390909 0.00425667 0.00460451 0.0049482 0.00528309 0.00560445 0.00590752 0.00618769 0.00644057 0.00666209 0.00684863 0.00699709 0.00710497 0.00717045 0.00719239 0.00717045 0.00710497 0.00699709 0.00684863 0.00666209 0.00644057 0.00618769 0.00590752 0.00560445 0.00528309 0.0049482 0.00460451 0.00425667 0.00390909 0.00356594 0.00323096 0.0029075 0.00259839 0.00230598 0.00203208 0.00177797 0.00154447 0.00133189 0.00114015 0.000968788 0.00081702 0.000683823 0.000567976 0.000468124 0.000382829 0.000310621 0.00025004 0.00019967 0.000158165 0.000124272 9.68461e-05 7.48531e-05 5.73771e-05 4.36176e-05 3.28845e-05 2.45912e-05 1.82458e-05 1.34419e-05 9.84798e-06 7.19882e-06 5.286e-06 3.95029e-06 3.07497e-06 2.5805e-06 
3.2524e-06 3.46502e-06 4.1227e-06 5.286e-06 7.05907e-06 9.59463e-06 1.31006e-05 1.78484e-05 2.41833e-05 3.25347e-05 4.34285e-05 5.74992e-05 7.55009e-05 9.83184e-05 0.000126975 0.000162637 0.000206615 0.000260359 0.000325447 0.000403566 0.000496484 0.000606016 0.000733976 0.000882129 0.00105212 0.00124543 0.00146327 0.00170653 0.00197571 0.00227083 0.0025914 0.00293634 0.00330394 0.00369189 0.0040972 0.00451629 0.00494498 0.00537858 0.00581196 0.00623962 0.00665587 0.00705486 0.0074308 0.00777804 0.0080912 0.00836536 0.00859609 0.00877964 0.00891298 0.00899388 0.009021 0.00899388 0.00891298 0.00877964 0.00859609 0.00836536 0.0080912 0.00777804 0.0074308 0.00705486 0.00665587 0.00623962 0.00581196 0.00537858 0.00494498 0.00451629 0.0040972 0.00369189 0.00330394 0.00293634 0.0025914 0.00227083 0.00197571 0.00170653 0.00146327 0.00124543 0.00105212 0.000882129 0.000733976 0.000606016 0.000496484 0.000403566 0.000325447 0.000260359 0.000206615 0.000162637 0.000126975 9.83184e-05 7.55009e-05 5.74992e-05 4.34285e-05 3.25347e-05 2.41833e-05 1.78484e-05 1.31006e-05 9.59463e-06 7.05907e-06 5.286e-06 4.1227e-06 3.46502e-06 
4.44681e-06 4.73477e-06 5.62518e-06 7.19882e-06 9.59463e-06 1.30159e-05 1.77392e-05 2.41246e-05 3.2629e-05 4.38195e-05 5.83887e-05 7.71697e-05 0.00010115 0.000131484 0.000169504 0.000216722 0.00027483 0.000345697 0.000431343 0.000533923 0.000655683 0.000798916 0.000965903 0.00115884 0.00137978 0.0016305 0.00191248 0.00222675 0.00257383 0.00295363 0.00336542 0.00380771 0.00427823 0.00477395 0.00529101 0.0058248 0.00637 0.00692066 0.00747029 0.008012 0.00853862 0.00904287 0.00951751 0.00995553 0.0103503 0.0106956 0.010986 0.011217 0.0113847 0.0114865 0.0115206 0.0114865 0.0113847 0.011217 0.010986 0.0106956 0.0103503 0.00995553 0.00951751 0.00904287 0.00853862 0.008012 0.00747029 0.00692066 0.00637 0.0058248 0.00529101 0.00477395 0.00427823 0.00380771 0.00336542 0.00295363 0.00257383 0.00222675 0.00191248 0.0016305 0.00137978 0.00115884 0.000965903 0.000798916 0.000655683 0.000533923 0.000431343 0.000345697 0.00027483 0.000216722 0.000169504 0.000131484 0.00010115 7.71697e-05 5.83887e-05 4.38195e-05 3.2629e-05 2.41246e-05 1.77392e-05 1.30159e-05 9.59463e-06 7.19882e-06 5.62518e-06 4.73477e-06 
6.10631e-06 6.49815e-06 7.70924e-06 9.84798e-06 1.31006e-05 1.77392e-05 2.41332e-05 3.27631e-05 4.42366e-05 5.93065e-05 7.889e-05 0.000104087 0.000136197 0.000176736 0.000227445 0.000290297 0.000367491 0.000461444 0.000574761 0.000710207 0.000870652 0.00105901 0.00127816 0.00153086 0.00181964 0.00214671 0.00251382 0.00292217 0.00337229 0.00386394 0.004396 0.00496644 0.00557224 0.00620939 0.00687289 0.00755678 0.00825425 0.00895769 0.00965887 0.0103491 0.0110193 0.0116603 0.0122631 0.0128188 0.0133193 0.0137568 0.0141246 0.0144169 0.0146291 0.0147578 0.014801 0.0147578 0.0146291 0.0144169 0.0141246 0.0137568 0.0133193 0.0128188 0.0122631 0.0116603 0.0110193 0.0103491 0.00965887 0.00895769 0.00825425 0.00755678 0.00687289 0.00620939 0.00557224 0.00496644 0.004396 0.00386394 0.00337229 0.00292217 0.00251382 0.00214671 0.00181964 0.00153086 0.00127816 0.00105901 0.000870652 0.000710207 0.000574761 0.000461444 0.000367491 0.000290297 0.000227445 0.000176736 0.000136197 0.000104087 7.889e-05 5.93065e-05 4.42366e-05 3.27631e-05 2.41332e-05 1.77392e-05 1.31006e-05 9.84798e-06 7.70924e-06 6.49815e-06 
8.36544e-06 8.89747e-06 1.05412e-05 1.34419e-05 1.78484e-05 2.41246e-05 3.27631e-05 4.44034e-05 5.98528e-05 8.01091e-05 0.000106384 0.000140128 0.000183049 0.000237133 0.000304654 0.00038818 0.000490565 0.00061493 0.00076463 0.000943207 0.00115432 0.00140166 0.00168886 0.00201937 0.00239633 0.00282242 0.00329974 0.00382966 0.00441268 0.00504829 0.00573488 0.00646969 0.00724869 0.00806662 0.00891698 0.00979211 0.0106833 0.0115808 0.0124742 0.0133525 0.0142043 0.0150182 0.0157828 0.0164871 0.0171208 0.0176744 0.0181396 0.0185091 0.0187772 0.0189398 0.0189943 0.0189398 0.0187772 0.0185091 0.0181396 0.0176744 0.0171208 0.0164871 0.0157828 0.0150182 0.0142043 0.0133525 0.0124742 0.0115808 0.0106833 0.00979211 0.00891698 0.00806662 0.00724869 0.00646969 0.00573488 0.00504829 0.00441268 0.00382966 0.00329974 0.00282242 0.00239633 0.00201937 0.00168886 0.00140166 0.00115432 0.000943207 0.00076463 0.00061493 0.000490565 0.00038818 0.000304654 0.000237133 0.000183049 0.000140128 0.000106384 8.01091e-05 5.98528e-05 4.44034e-05 3.27631e-05 2.41246e-05 1.78484e-05 1.34419e-05 1.05412e-05 8.89747e-06 
1.13963e-05 1.21147e-05 1.43334e-05 1.82458e-05 2.41833e-05 3.2629e-05 4.42366e-05 5.98528e-05 8.05444e-05 0.000107626 0.000142692 0.000187642 0.00024471 0.000316485 0.000405921 0.000516343 0.000651432 0.0008152 0.00101194 0.00124617 0.00152251 0.00184564 0.0022201 0.00265016 0.00313969 0.00369194 0.00430938 0.00499354 0.00574482 0.00656233 0.00744381 0.00838548 0.00938204 0.0104266 0.0115108 0.0126249 0.0137576 0.0148967 0.0160292 0.017141 0.018218 0.0192459 0.0202106 0.0210984 0.0218966 0.0225934 0.0231785 0.0236431 0.0239801 0.0241845 0.0242529 0.0241845 0.0239801 0.0236431 0.0231785 0.0225934 0.0218966 0.0210984 0.0202106 0.0192459 0.018218 0.017141 0.0160292 0.0148967 0.0137576 0.0126249 0.0115108 0.0104266 0.00938204 0.00838548 0.00744381 0.00656233 0.00574482 0.00499354 0.00430938 0.00369194 0.00313969 0.00265016 0.0022201 0.00184564 0.00152251 0.00124617 0.00101194 0.0008152 0.000651432 0.000516343 0.000405921 0.000316485 0.00024471 0.000187642 0.000142692 0.000107626 8.05444e-05 5.98528e-05 4.42366e-05 3.2629e-05 2.41833e-05 1.82458e-05 1.43334e-05 1.21147e-05 
1.54146e-05 1.63778e-05 1.93515e-05 2.45912e-05 3.25347e-05 4.38195e-05 5.93065e-05 8.01091e-05 0.000107626 0.000143579 0.000190047 0.000249505 0.000324851 0.000419435 0.000537068 0.000682022 0.000859011 0.00107315 0.0013299 0.00163496 0.00199416 0.00241332 0.0028981 0.00345375 0.00408497 0.00479566 0.00558868 0.00646569 0.00742687 0.00847082 0.00959435 0.0107924 0.0120581 0.0133824 0.0147548 0.0161626 0.0175918 0.019027 0.0204517 0.0218487 0.0232003 0.0244888 0.0256968 0.0268076 0.0278053 0.0286758 0.0294063 0.0299861 0.0304065 0.0306612 0.0307466 0.0306612 0.0304065 0.0299861 0.0294063 0.0286758 0.0278053 0.0268076 0.0256968 0.0244888 0.0232003 0.0218487 0.0204517 0.019027 0.0175918 0.0161626 0.0147548 0.0133824 0.0120581 0.0107924 0.00959435 0.00847082 0.00742687 0.00646569 0.00558868 0.00479566 0.00408497 0.00345375 0.0028981 0.00241332 0.00199416 0.00163496 0.0013299 0.00107315 0.000859011 0.000682022 0.000537068 0.000419435 0.000324851 0.000249505 0.000190047 0.000143579 0.000107626 8.01091e-05 5.93065e-05 4.38195e-05 3.25347e-05 2.45912e-05 1.93515e-05 1.63778e-05 
2.06868e-05 2.19681e-05 2.59223e-05 3.28845e-05 4.34285e-05 5.83887e-05 7.889e-05 0.000106384 0.000142692 0.000190047 0.000251143 0.000329173 0.000427871 0.000551533 0.000705033 0.000893818 0.00112387 0.00140167 0.00173407 0.00212822 0.0025914 0.00313081 0.00375338 0.00446554 0.00527291 0.00618011 0.00719039 0.00830544 0.00952513 0.0108473 0.0122676 0.0137792 0.0153733 0.0170383 0.0187608 0.0205248 0.0223128 0.0241056 0.0258828 0.0276231 0.0293047 0.030906 0.0324056 0.0337832 0.0350196 0.0360975 0.0370014 0.0377185 0.0382383 0.0385533 0.0386588 0.0385533 0.0382383 0.0377185 0.0370014 0.0360975 0.0350196 0.0337832 0.0324056 0.030906 0.0293047 0.0276231 0.0258828 0.0241056 0.0223128 0.0205248 0.0187608 0.0170383 0.0153733 0.0137792 0.0122676 0.0108473 0.00952513 0.00830544 0.00719039 0.00618011 0.00527291 0.00446554 0.00375338 0.00313081 0.0025914 0.00212822 0.00173407 0.00140167 0.00112387 0.000893818 0.000705033 0.000551533 0.000427871 0.000329173 0.000251143 0.000190047 0.000142692 0.000106384 7.889e-05 5.83887e-05 4.34285e-05 3.28845e-05 2.59223e-05 2.19681e-05 
2.75366e-05 2.92271e-05 3.44421e-05 4.36176e-05 5.74992e-05 7.71697e-05 0.000104087 0.000140128 0.000187642 0.000249505 0.000329173 0.000430736 0.000558957 0.000719302 0.000917952 0.00116179 0.00145833 0.0018157 0.00224246 0.00274747 0.00333971 0.004028 0.00482078 0.00572578 0.00674967 0.0078978 0.00917379 0.0105793 0.0121136 0.0137735 0.0155531 0.0174437 0.0194336 0.0215083 0.0236508 0.0258413 0.028058 0.0302772 0.0324739 0.0346219 0.0366948 0.0386664 0.0405107 0.0422032 0.043721 0.0450432 0.0461514 0.04703 0.0476666 0.0480522 0.0481814 0.0480522 0.0476666 0.04703 0.0461514 0.0450432 0.043721 0.0422032 0.0405107 0.0386664 0.0366948 0.0346219 0.0324739 0.0302772 0.028058 0.0258413 0.0236508 0.0215083 0.0194336 0.0174437 0.0155531 0.0137735 0.0121136 0.0105793 0.00917379 0.0078978 0.00674967 0.00572578 0.00482078 0.004028 0.00333971 0.00274747 0.00224246 0.0018157 0.00145833 0.00116179 0.000917952 0.000719302 0.000558957 0.000430736 0.000329173 0.000249505 0.000187642 0.000140128 0.000104087 7.71697e-05 5.74992e-05 4.36176e-05 3.44421e-05 2.92271e-05 
3.63525e-05 3.85644e-05 4.53852e-05 5.73771e-05 7.55009e-05 0.00010115 0.000136197 0.000183049 0.00024471 0.000324851 0.000427871 0.000558957 0.000724136 0.0009303 0.00118521 0.00149749 0.00187651 0.00233235 0.00287558 0.00351709 0.00426785 0.00513856 0.00613936 0.00727942 0.00856657 0.0100069 0.0116042 0.0133601 0.015273 0.0173383 0.0195481 0.0218912 0.0243526 0.0269142 0.0295546 0.0322495 0.0349721 0.0376933 0.0403828 0.043009 0.04554 0.0479442 0.0501907 0.0522502 0.0540954 0.0557015 0.0570468 0.0581128 0.0588849 0.0593524 0.059509 0.0593524 0.0588849 0.0581128 0.0570468 0.0557015 0.0540954 0.0522502 0.0501907 0.0479442 0.04554 0.043009 0.0403828 0.0376933 0.0349721 0.0322495 0.0295546 0.0269142 0.0243526 0.0218912 0.0195481 0.0173383 0.015273 0.0133601 0.0116042 0.0100069 0.00856657 0.00727942 0.00613936 0.00513856 0.00426785 0.00351709 0.00287558 0.00233235 0.00187651 0.00149749 0.00118521 0.0009303 0.000724136 0.000558957 0.000427871 0.000324851 0.00024471 0.000183049 0.000136197 0.00010115 7.55009e-05 5.73771e-05 4.53852e-05 3.85644e-05 
4.7594e-05 5.0464e-05 5.93107e-05 7.48531e-05 9.83184e-05 0.000131484 0.000176736 0.000237133 0.000316485 0.000419435 0.000551533 0.000719302 0.0009303 0.00119314 0.00151748 0.00191402 0.00239433 0.0029708 0.00365636 0.00446427 0.00540777 0.00649969 0.00775208 0.0091757 0.0107796 0.0125704 0.0145524 0.0167264 0.0190898 0.0216363 0.0243554 0.0272326 0.0302492 0.0333826 0.0366064 0.0398908 0.0432031 0.0465083 0.0497698 0.0529498 0.0560102 0.0589135 0.0616233 0.0641048 0.066326 0.0682578 0.0698746 0.0711552 0.0720823 0.0726435 0.0728315 0.0726435 0.0720823 0.0711552 0.0698746 0.0682578 0.066326 0.0641048 0.0616233 0.0589135 0.0560102 0.0529498 0.0497698 0.0465083 0.0432031 0.0398908 0.0366064 0.0333826 0.0302492 0.0272326 0.0243554 0.0216363 0.0190898 0.0167264 0.0145524 0.0125704 0.0107796 0.0091757 0.00775208 0.00649969 0.00540777 0.00446427 0.00365636 0.0029708 0.00239433 0.00191402 0.00151748 0.00119314 0.0009303 0.000719302 0.000551533 0.000419435 0.000316485 0.000237133 0.000176736 0.000131484 9.83184e-05 7.48531e-05 5.93107e-05 5.0464e-05 
6.17976e-05 6.54905e-05 7.68695e-05 9.68461e-05 0.000126975 0.000169504 0.000227445 0.000304654 0.000405921 0.000537068 0.000705033 0.000917952 0.00118521 0.00151748 0.00192669 0.00242595 0.00302945 0.00375226 0.00461006 0.00561879 0.00679428 0.00815177 0.00970538 0.0114676 0.0134485 0.0156556 0.0180929 0.0207606 0.0236544 0.0267658 0.0300811 0.0335819 0.037245 0.0410422 0.0449414 0.0489066 0.0528982 0.0568745 0.0607917 0.0646051 0.0682699 0.0717418 0.0749782 0.0779387 0.0805861 0.0828865 0.0848105 0.0863334 0.0874355 0.0881025 0.0883258 0.0881025 0.0874355 0.0863334 0.0848105 0.0828865 0.0805861 0.0779387 0.0749782 0.0717418 0.0682699 0.0646051 0.0607917 0.0568745 0.0528982 0.0489066 0.0449414 0.0410422 0.037245 0.0335819 0.0300811 0.0267658 0.0236544 0.0207606 0.0180929 0.0156556 0.0134485 0.0114676 0.00970538 0.00815177 0.00679428 0.00561879 0.00461006 0.00375226 0.00302945 0.00242595 0.00192669 0.00151748 0.00118521 0.000917952 0.000705033 0.000537068 0.000405921 0.000304654 0.000227445 0.000169504 0.000126975 9.68461e-05 7.68695e-05 6.54905e-05 
7.95808e-05 8.42934e-05 9.88087e-05 0.000124272 0.000162637 0.000216722 0.000290297 0.00038818 0.000516343 0.000682022 0.000893818 0.00116179 0.00149749 0.00191402 0.00242595 0.00304926 0.00380115 0.00469979 0.00576396 0.00701268 0.00846468 0.0101378 0.0120484 0.0142107 0.016636 0.0193323 0.022303 0.0255474 0.0290591 0.0328265 0.0368321 0.0410528 0.0454599 0.0500191 0.0546914 0.0594335 0.0641984 0.0689365 0.0735963 0.0781252 0.082471 0.0865824 0.0904099 0.0939072 0.0970312 0.0997434 0.10201 0.103803 0.1051 0.105885 0.106148 0.105885 0.1051 0.103803 0.10201 0.0997434 0.0970312 0.0939072 0.0904099 0.0865824 0.082471 0.0781252 0.0735963 0.0689365 0.0641984 0.0594335 0.0546914 0.0500191 0.0454599 0.0410528 0.0368321 0.0328265 0.0290591 0.0255474 0.022303 0.0193323 0.016636 0.0142107 0.0120484 0.0101378 0.00846468 0.00701268 0.00576396 0.00469979 0.00380115 0.00304926 0.00242595 0.00191402 0.00149749 0.00116179 0.000893818 0.000682022 0.000516343 0.00038818 0.000290297 0.000216722 0.000162637 0.000124272 9.88087e-05 8.42934e-05 
0.000101645 0.000107609 0.000125973 0.000158165 0.000206615 0.00027483 0.000367491 0.000490565 0.000651432 0.000859011 0.00112387 0.00145833 0.00187651 0.00239433 0.00302945 0.00380115 0.00473008 0.00583792 0.007147 0.00867975 0.0104581 0.0125026 0.0148321 0.0174626 0.0204063 0.0236713 0.0272606 0.0311716 0.0353952 0.0399162 0.0447124 0.049755 0.0550089 0.0604327 0.0659795 0.071598 0.0772325 0.082825 0.0883152 0.0936423 0.098746 0.103567 0.10805 0.11214 0.115791 0.118957 0.121601 0.123691 0.125202 0.126116 0.126422 0.126116 0.125202 0.123691 0.121601 0.118957 0.115791 0.11214 0.10805 0.103567 0.098746 0.0936423 0.0883152 0.082825 0.0772325 0.071598 0.0659795 0.0604327 0.0550089 0.049755 0.0447124 0.0399162 0.0353952 0.0311716 0.0272606 0.0236713 0.0204063 0.0174626 0.0148321 0.0125026 0.0104581 0.00867975 0.007147 0.00583792 0.00473008 0.00380115 0.00302945 0.00239433 0.00187651 0.00145833 0.00112387 0.000859011 0.000651432 0.000490565 0.000367491 0.00027483 0.000206615 0.000158165 0.000125973 0.000107609 
0.000128773 0.00013626 0.000159304 0.00019967 0.000260359 0.000345697 0.000461444 0.00061493 0.0008152 0.00107315 0.00140167 0.0018157 0.00233235 0.0029708 0.00375226 0.00469979 0.00583792 0.00719233 0.00878927 0.0106549 0.0128146 0.0152919 0.0181081 0.0212808 0.0248231 0.0287428 0.0330419 0.0377153 0.0427506 0.048128 0.0538196 0.0597902 0.065997 0.0723906 0.0789153 0.0855104 0.0921113 0.0986501 0.105058 0.111264 0.1172 0.122799 0.127998 0.132736 0.136959 0.140618 0.143671 0.146083 0.147826 0.14888 0.149233 0.14888 0.147826 0.146083 0.143671 0.140618 0.136959 0.132736 0.127998 0.122799 0.1172 0.111264 0.105058 0.0986501 0.0921113 0.0855104 0.0789153 0.0723906 0.065997 0.0597902 0.0538196 0.048128 0.0427506 0.0377153 0.0330419 0.0287428 0.0248231 0.0212808 0.0181081 0.0152919 0.0128146 0.0106549 0.00878927 0.00719233 0.00583792 0.00469979 0.00375226 0.0029708 0.00233235 0.0018157 0.00140167 0.00107315 0.0008152 0.00061493 0.000461444 0.000345697 0.000260359 0.00019967 0.000159304 0.00013626 
0.000161827 0.00017115 0.000199833 0.00025004 0.000325447 0.000431343 0.000574761 0.00076463 0.00101194 0.0013299 0.00173407 0.00224246 0.00287558 0.00365636 0.00461006 0.00576396 0.007147 0.00878927 0.0107213 0.0129733 0.0155744 0.0185512 0.0219272 0.0257216 0.0299481 0.0346139 0.039719 0.0452553 0.0512062 0.0575463 0.0642412 0.0712478 0.0785149 0.0859837 0.0935889 0.10126 0.108921 0.116495 0.123903 0.131066 0.137904 0.144345 0.150315 0.15575 0.160588 0.164776 0.168267 0.171023 0.173014 0.174217 0.174619 0.174217 0.173014 0.171023 0.168267 0.164776 0.160588 0.15575 0.150315 0.144345 0.137904 0.131066 0.123903 0.116495 0.108921 0.10126 0.0935889 0.0859837 0.0785149 0.0712478 0.0642412 0.0575463 0.0512062 0.0452553 0.039719 0.0346139 0.0299481 0.0257216 0.0219272 0.0185512 0.0155744 0.0129733 0.0107213 0.00878927 0.007147 0.00576396 0.00461006 0.00365636 0.00287558 0.00224246 0.00173407 0.0013299 0.00101194 0.00076463 0.000574761 0.000431343 0.000325447 0.00025004 0.000199833 0.00017115 
0.000201739 0.000213255 0.000248672 0.000310621 0.000403566 0.000533923 0.000710207 0.000943207 0.00124617 0.00163496 0.00212822 0.00274747 0.00351709 0.00446427 0.00561879 0.00701268 0.00867975 0.0106549 0.0129733 0.0156696 0.0187765 0.022324 0.0263377 0.0308381 0.0358388 0.041346 0.047357 0.0538599 0.0608327 0.0682434 0.0760498 0.0842002 0.0926336 0.101281 0.110066 0.118907 0.127718 0.136411 0.144896 0.153084 0.160889 0.168226 0.175018 0.181191 0.18668 0.191426 0.195379 0.198498 0.200749 0.202109 0.202564 0.202109 0.200749 0.198498 0.195379 0.191426 0.18668 0.181191 0.175018 0.168226 0.160889 0.153084 0.144896 0.136411 0.127718 0.118907 0.110066 0.101281 0.0926336 0.0842002 0.0760498 0.0682434 0.0608327 0.0538599 0.047357 0.041346 0.0358388 0.0308381 0.0263377 0.022324 0.0187765 0.0156696 0.0129733 0.0106549 0.00867975 0.00701268 0.00561879 0.00446427 0.00351709 0.00274747 0.00212822 0.00163496 0.00124617 0.000943207 0.000710207 0.000533923 0.000403566 0.000310621 0.000248672 0.000213255 
0.000249501 0.000263613 0.000306998 0.000382829 0.000496484 0.000655683 0.000870652 0.00115432 0.00152251 0.00199416 0.0025914 0.00333971 0.00426785 0.00540777 0.00679428 0.00846468 0.0104581 0.0128146 0.0155744 0.0187765 0.0224578 0.026651 0.031384 0.036678 0.0425462 0.0489926 0.0560114 0.0635856 0.0716868 0.0802753 0.0893 0.0986991 0.108401 0.118325 0.128383 0.138482 0.148524 0.15841 0.16804 0.177314 0.186137 0.194418 0.20207 0.209016 0.215184 0.22051 0.224943 0.228437 0.230957 0.232479 0.232988 0.232479 0.230957 0.228437 0.224943 0.22051 0.215184 0.209016 0.20207 0.194418 0.186137 0.177314 0.16804 0.15841 0.148524 0.138482 0.128383 0.118325 0.108401 0.0986991 0.0893 0.0802753 0.0716868 0.0635856 0.0560114 0.0489926 0.0425462 0.036678 0.031384 0.026651 0.0224578 0.0187765 0.0155744 0.0128146 0.0104581 0.00846468 0.00679428 0.00540777 0.00426785 0.00333971 0.0025914 0.00199416 0.00152251 0.00115432 0.000870652 0.000655683 0.000496484 0.000382829 0.000306998 0.000263613 
0.000306142 0.0003233 0.000376029 0.000468124 0.000606016 0.000798916 0.00105901 0.00140166 0.00184564 0.00241332 0.00313081 0.004028 0.00513856 0.00649969 0.00815177 0.0101378 0.0125026 0.0152919 0.0185512 0.022324 0.026651 0.031568 0.0371045 0.0432818 0.0501121 0.0575967 0.0657251 0.0744743 0.0838085 0.0936788 0.104024 0.114771 0.125836 0.137126 0.148542 0.159976 0.17132 0.182461 0.193291 0.203699 0.213582 0.222841 0.231382 0.239123 0.245987 0.251909 0.256831 0.260708 0.263503 0.26519 0.265754 0.26519 0.263503 0.260708 0.256831 0.251909 0.245987 0.239123 0.231382 0.222841 0.213582 0.203699 0.193291 0.182461 0.17132 0.159976 0.148542 0.137126 0.125836 0.114771 0.104024 0.0936788 0.0838085 0.0744743 0.0657251 0.0575967 0.0501121 0.0432818 0.0371045 0.031568 0.026651 0.022324 0.0185512 0.0152919 0.0125026 0.0101378 0.00815177 0.00649969 0.00513856 0.004028 0.00313081 0.00241332 0.00184564 0.00140166 0.00105901 0.000798916 0.000606016 0.000468124 0.000376029 0.0003233 
0.000372709 0.000393408 0.000456995 0.000567976 0.000733976 0.000965903 0.00127816 0.00168886 0.0022201 0.0028981 0.00375338 0.00482078 0.00613936 0.00775208 0.00970538 0.0120484 0.0148321 0.0181081 0.0219272 0.0263377 0.031384 0.0371045 0.0435297 0.0506808 0.0585677 0.0671881 0.0765258 0.0865505 0.0972176 0.108468 0.120228 0.132414 0.144928 0.157664 0.170508 0.183342 0.196043 0.20849 0.22056 0.232136 0.243106 0.253362 0.262808 0.271355 0.278922 0.285443 0.290857 0.295117 0.298187 0.300039 0.300658 0.300039 0.298187 0.295117 0.290857 0.285443 0.278922 0.271355 0.262808 0.253362 0.243106 0.232136 0.22056 0.20849 0.196043 0.183342 0.170508 0.157664 0.144928 0.132414 0.120228 0.108468 0.0972176 0.0865505 0.0765258 0.0671881 0.0585677 0.0506808 0.0435297 0.0371045 0.031384 0.0263377 0.0219272 0.0181081 0.0148321 0.0120484 0.00970538 0.00775208 0.00613936 0.00482078 0.00375338 0.0028981 0.0022201 0.00168886 0.00127816 0.000965903 0.000733976 0.000567976 0.000456995 0.000393408 
0.000450237 0.000475016 0.000551109 0.000683823 0.000882129 0.00115884 0.00153086 0.00201937 0.00265016 0.00345375 0.00446554 0.00572578 0.00727942 0.0091757 0.0114676 0.0142107 0.0174626 0.0212808 0.0257216 0.0308381 0.036678 0.0432818 0.0506808 0.0588948 0.0679308 0.0777813 0.0884235 0.0998185 0.111911 0.124631 0.137892 0.151596 0.165631 0.179878 0.194208 0.208491 0.22259 0.236373 0.249709 0.262469 0.274535 0.285795 0.296146 0.305495 0.313761 0.320873 0.326772 0.33141 0.33475 0.336764 0.337437 0.336764 0.33475 0.33141 0.326772 0.320873 0.313761 0.305495 0.296146 0.285795 0.274535 0.262469 0.249709 0.236373 0.22259 0.208491 0.194208 0.179878 0.165631 0.151596 0.137892 0.124631 0.111911 0.0998185 0.0884235 0.0777813 0.0679308 0.0588948 0.0506808 0.0432818 0.036678 0.0308381 0.0257216 0.0212808 0.0174626 0.0142107 0.0114676 0.0091757 0.00727942 0.00572578 0.00446554 0.00345375 0.00265016 0.00201937 0.00153086 0.00115884 0.000882129 0.000683823 0.000551109 0.000475016 
0.000539717 0.000569155 0.000659522 0.00081702 0.00105212 0.00137978 0.00181964 0.00239633 0.00313969 0.00408497 0.00527291 0.00674967 0.00856657 0.0107796 0.0134485 0.016636 0.0204063 0.0248231 0.0299481 0.0358388 0.0425462 0.0501121 0.0585677 0.0679308 0.078204 0.0893738 0.101409 0.114261 0.127863 0.142131 0.156965 0.172252 0.187866 0.203673 0.21953 0.235291 0.250811 0.265945 0.28055 0.294494 0.30765 0.319901 0.331141 0.341275 0.350222 0.357908 0.364277 0.369279 0.372877 0.375047 0.375771 0.375047 0.372877 0.369279 0.364277 0.357908 0.350222 0.341275 0.331141 0.319901 0.30765 0.294494 0.28055 0.265945 0.250811 0.235291 0.21953 0.203673 0.187866 0.172252 0.156965 0.142131 0.127863 0.114261 0.101409 0.0893738 0.078204 0.0679308 0.0585677 0.0501121 0.0425462 0.0358388 0.0299481 0.0248231 0.0204063 0.016636 0.0134485 0.0107796 0.00856657 0.00674967 0.00527291 0.00408497 0.00313969 0.00239633 0.00181964 0.00137978 0.00105212 0.00081702 0.000659522 0.000569155 
0.000642057 0.000676767 0.000783279 0.000968788 0.00124543 0.0016305 0.00214671 0.00282242 0.00369194 0.00479566 0.00618011 0.0078978 0.0100069 0.0125704 0.0156556 0.0193323 0.0236713 0.0287428 0.0346139 0.041346 0.0489926 0.0575967 0.0671881 0.0777813 0.0893738 0.101944 0.115452 0.129837 0.145019 0.1609 0.177365 0.194286 0.211519 0.228917 0.246321 0.263573 0.280516 0.296993 0.312855 0.327962 0.342182 0.355395 0.367493 0.378381 0.387977 0.396209 0.403021 0.408366 0.412208 0.414524 0.415297 0.414524 0.412208 0.408366 0.403021 0.396209 0.387977 0.378381 0.367493 0.355395 0.342182 0.327962 0.312855 0.296993 0.280516 0.263573 0.246321 0.228917 0.211519 0.194286 0.177365 0.1609 0.145019 0.129837 0.115452 0.101944 0.0893738 0.0777813 0.0671881 0.0575967 0.0489926 0.041346 0.0346139 0.0287428 0.0236713 0.0193323 0.0156556 0.0125704 0.0100069 0.0078978 0.00618011 0.00479566 0.00369194 0.00282242 0.00214671 0.0016305 0.00124543 0.000968788 0.000783279 0.000676767 
0.000758041 0.000798663 0.000923273 0.00114015 0.00146327 0.00191248 0.00251382 0.00329974 0.00430938 0.00558868 0.00719039 0.00917379 0.0116042 0.0145524 0.0180929 0.022303 0.0272606 0.0330419 0.039719 0.047357 0.0560114 0.0657251 0.0765258 0.0884235 0.101409 0.115452 0.130501 0.146482 0.163302 0.180846 0.198983 0.217568 0.236443 0.255441 0.274394 0.293128 0.311475 0.329269 0.346354 0.362585 0.377825 0.391955 0.404864 0.41646 0.426661 0.435399 0.44262 0.44828 0.452346 0.454794 0.455612 0.454794 0.452346 0.44828 0.44262 0.435399 0.426661 0.41646 0.404864 0.391955 0.377825 0.362585 0.346354 0.329269 0.311475 0.293128 0.274394 0.255441 0.236443 0.217568 0.198983 0.180846 0.163302 0.146482 0.130501 0.115452 0.101409 0.0884235 0.0765258 0.0657251 0.0560114 0.047357 0.039719 0.0330419 0.0272606 0.022303 0.0180929 0.0145524 0.0116042 0.00917379 0.00719039 0.00558868 0.00430938 0.00329974 0.00251382 0.00191248 0.00146327 0.00114015 0.000923273 0.000798663 
0.000888286 0.000935478 0.00108019 0.00133189 0.00170653 0.00222675 0.00292217 0.00382966 0.00499354 0.00646569 0.00830544 0.0105793 0.0133601 0.0167264 0.0207606 0.0255474 0.0311716 0.0377153 0.0452553 0.0538599 0.0635856 0.0744743 0.0865505 0.0998185 0.114261 0.129837 0.146482 0.164109 0.182608 0.201847 0.221679 0.241941 0.262458 0.283049 0.30353 0.323716 0.343427 0.362492 0.380747 0.398043 0.414244 0.429226 0.442886 0.455129 0.465881 0.475076 0.482663 0.488604 0.492867 0.495433 0.49629 0.495433 0.492867 0.488604 0.482663 0.475076 0.465881 0.455129 0.442886 0.429226 0.414244 0.398043 0.380747 0.362492 0.343427 0.323716 0.30353 0.283049 0.262458 0.241941 0.221679 0.201847 0.182608 0.164109 0.146482 0.129837 0.114261 0.0998185 0.0865505 0.0744743 0.0635856 0.0538599 0.0452553 0.0377153 0.0311716 0.0255474 0.0207606 0.0167264 0.0133601 0.0105793 0.00830544 0.00646569 0.00499354 0.00382966 0.00292217 0.00222675 0.00170653 0.00133189 0.00108019 0.000935478 
0.0010332 0.00108763 0.00125447 0.00154447 0.00197571 0.00257383 0.00337229 0.00441268 0.00574482 0.00742687 0.00952513 0.0121136 0.015273 0.0190898 0.0236544 0.0290591 0.0353952 0.0427506 0.0512062 0.0608327 0.0716868 0.0838085 0.0972176 0.111911 0.127863 0.145019 0.163302 0.182608 0.202809 0.223759 0.245289 0.26722 0.289361 0.311515 0.333483 0.35507 0.376088 0.396357 0.41571 0.433996 0.451079 0.466839 0.481172 0.493993 0.505229 0.514822 0.522727 0.528908 0.53334 0.536005 0.536895 0.536005 0.53334 0.528908 0.522727 0.514822 0.505229 0.493993 0.481172 0.466839 0.451079 0.433996 0.41571 0.396357 0.376088 0.35507 0.333483 0.311515 0.289361 0.26722 0.245289 0.223759 0.202809 0.182608 0.163302 0.145019 0.127863 0.111911 0.0972176 0.0838085 0.0716868 0.0608327 0.0512062 0.0427506 0.0353952 0.0290591 0.0236544 0.0190898 0.015273 0.0121136 0.00952513 0.00742687 0.00574482 0.00441268 0.00337229 0.00257383 0.00197571 0.00154447 0.00125447 0.00108763 
0.00119293 0.00125525 0.00144623 0.00177797 0.00227083 0.00295363 0.00386394 0.00504829 0.00656233 0.00847082 0.0108473 0.0137735 0.0173383 0.0216363 0.0267658 0.0328265 0.0399162 0.048128 0.0575463 0.0682434 0.0802753 0.0936788 0.108468 0.124631 0.142131 0.1609 0.180846 0.201847 0.223759 0.246414 0.269627 0.2932 0.316926 0.340592 0.363988 0.386907 0.409153 0.430542 0.450906 0.470091 0.487965 0.504411 0.519333 0.532649 0.544296 0.554222 0.562388 0.568765 0.573334 0.57608 0.576996 0.57608 0.573334 0.568765 0.562388 0.554222 0.544296 0.532649 0.519333 0.504411 0.487965 0.470091 0.450906 0.430542 0.409153 0.386907 0.363988 0.340592 0.316926 0.2932 0.269627 0.246414 0.223759 0.201847 0.180846 0.1609 0.142131 0.124631 0.108468 0.0936788 0.0802753 0.0682434 0.0575463 0.048128 0.0399162 0.0328265 0.0267658 0.0216363 0.0173383 0.0137735 0.0108473 0.00847082 0.00656233 0.00504829 0.00386394 0.00295363 0.00227083 0.00177797 0.00144623 0.00125525 
0.00136734 0.0014382 0.00165526 0.00203208 0.0025914 0.00336542 0.004396 0.00573488 0.00744381 0.00959435 0.0122676 0.0155531 0.0195481 0.0243554 0.0300811 0.0368321 0.0447124 0.0538196 0.0642412 0.0760498 0.0893 0.104024 0.120228 0.137892 0.156965 0.177365 0.198983 0.221679 0.245289 0.269627 0.294489 0.319658 0.34491 0.37002 0.394765 0.418929 0.44231 0.464721 0.485992 0.505973 0.524535 0.541568 0.556983 0.570707 0.582684 0.592872 0.60124 0.607766 0.612437 0.615242 0.616178 0.615242 0.612437 0.607766 0.60124 0.592872 0.582684 0.570707 0.556983 0.541568 0.524535 0.505973 0.485992 0.464721 0.44231 0.418929 0.394765 0.37002 0.34491 0.319658 0.294489 0.269627 0.245289 0.221679 0.198983 0.177365 0.156965 0.137892 0.120228 0.104024 0.0893 0.0760498 0.0642412 0.0538196 0.0447124 0.0368321 0.0300811 0.0243554 0.0195481 0.0155531 0.0122676 0.00959435 0.00744381 0.00573488 0.004396 0.00336542 0.0025914 0.00203208 0.00165526 0.0014382 
0.00155596 0.00163595 0.00188094 0.00230598 0.00293634 0.00380771 0.00496644 0.00646969 0.00838548 0.0107924 0.0137792 0.0174437 0.0218912 0.0272326 0.0335819 0.0410528 0.049755 0.0597902 0.0712478 0.0842002 0.0986991 0.114771 0.132414 0.151596 0.172252 0.194286 0.217568 0.241941 0.26722 0.2932 0.319658 0.346359 0.373063 0.399531 0.425531 0.450838 0.475247 0.498568 0.520633 0.541297 0.560436 0.577949 0.593756 0.607794 0.620017 0.630394 0.638902 0.645528 0.650265 0.653108 0.654056 0.653108 0.650265 0.645528 0.638902 0.630394 0.620017 0.607794 0.593756 0.577949 0.560436 0.541297 0.520633 0.498568 0.475247 0.450838 0.425531 0.399531 0.373063 0.346359 0.319658 0.2932 0.26722 0.241941 0.217568 0.194286 0.172252 0.151596 0.132414 0.114771 0.0986991 0.0842002 0.0712478 0.0597902 0.049755 0.0410528 0.0335819 0.0272326 0.0218912 0.0174437 0.0137792 0.0107924 0.00838548 0.00646969 0.00496644 0.00380771 0.00293634 0.00230598 0.00188094 0.00163595 
0.00175796 0.00184765 0.00212225 0.00259839 0.00330394 0.00427823 0.00557224 0.00724869 0.00938204 0.0120581 0.0153733 0.0194336 0.0243526 0.0302492 0.037245 0.0454599 0.0550089 0.065997 0.0785149 0.0926336 0.108401 0.125836 0.144928 0.165631 0.187866 0.211519 0.236443 0.262458 0.289361 0.316926 0.34491 0.373063 0.401129 0.428857 0.456004 0.482341 0.507659 0.53177 0.554509 0.575736 0.595336 0.613219 0.629314 0.64357 0.655955 0.666446 0.675032 0.681709 0.686476 0.689336 0.690289 0.689336 0.686476 0.681709 0.675032 0.666446 0.655955 0.64357 0.629314 0.613219 0.595336 0.575736 0.554509 0.53177 0.507659 0.482341 0.456004 0.428857 0.401129 0.373063 0.34491 0.316926 0.289361 0.262458 0.236443 0.211519 0.187866 0.165631 0.144928 0.125836 0.108401 0.0926336 0.0785149 0.065997 0.0550089 0.0454599 0.037245 0.0302492 0.0243526 0.0194336 0.0153733 0.0120581 0.00938204 0.00724869 0.00557224 0.00427823 0.00330394 0.00259839 0.00212225 0.00184765 
0.00197215 0.00207203 0.00237773 0.0029075 0.00369189 0.00477395 0.00620939 0.00806662 0.0104266 0.0133824 0.0170383 0.0215083 0.0269142 0.0333826 0.0410422 0.0500191 0.0604327 0.0723906 0.0859837 0.101281 0.118325 0.137126 0.157664 0.179878 0.203673 0.228917 0.255441 0.283049 0.311515 0.340592 0.37002 0.399531 0.428857 0.457733 0.485911 0.513157 0.53926 0.564035 0.587323 0.608991 0.628935 0.647076 0.663355 0.677736 0.690197 0.70073 0.709333 0.716014 0.720777 0.723632 0.724583 0.723632 0.720777 0.716014 0.709333 0.70073 0.690197 0.677736 0.663355 0.647076 0.628935 0.608991 0.587323 0.564035 0.53926 0.513157 0.485911 0.457733 0.428857 0.399531 0.37002 0.340592 0.311515 0.283049 0.255441 0.228917 0.203673 0.179878 0.157664 0.137126 0.118325 0.101281 0.0859837 0.0723906 0.0604327 0.0500191 0.0410422 0.0333826 0.0269142 0.0215083 0.0170383 0.0133824 0.0104266 0.00806662 0.00620939 0.00477395 0.00369189 0.0029075 0.00237773 0.00207203 
0.00219695 0.00230742 0.00264547 0.00323096 0.0040972 0.00529101 0.00687289 0.00891698 0.0115108 0.0147548 0.0187608 0.0236508 0.0295546 0.0366064 0.0449414 0.0546914 0.0659795 0.0789153 0.0935889 0.110066 0.128383 0.148542 0.170508 0.194208 0.21953 0.246321 0.274394 0.30353 0.333483 0.363988 0.394765 0.425531 0.456004 0.485911 0.514997 0.543025 0.569786 0.595098 0.618809 0.640798 0.66097 0.67926 0.695623 0.710038 0.722496 0.733001 0.741565 0.748203 0.752931 0.755762 0.756704 0.755762 0.752931 0.748203 0.741565 0.733001 0.722496 0.710038 0.695623 0.67926 0.66097 0.640798 0.618809 0.595098 0.569786 0.543025 0.514997 0.485911 0.456004 0.425531 0.394765 0.363988 0.333483 0.30353 0.274394 0.246321 0.21953 0.194208 0.170508 0.148542 0.128383 0.110066 0.0935889 0.0789153 0.0659795 0.0546914 0.0449414 0.0366064 0.0295546 0.0236508 0.0187608 0.0147548 0.0115108 0.00891698 0.00687289 0.00529101 0.0040972 0.00323096 0.00264547 0.00230742 
0.00243039 0.00255178 0.00292311 0.00356594 0.00451629 0.0058248 0.00755678 0.00979211 0.0126249 0.0161626 0.0205248 0.0258413 0.0322495 0.0398908 0.0489066 0.0594335 0.071598 0.0855104 0.10126 0.118907 0.138482 0.159976 0.183342 0.208491 0.235291 0.263573 0.293128 0.323716 0.35507 0.386907 0.418929 0.450838 0.482341 0.513157 0.543025 0.571708 0.599 0.624724 0.648737 0.670929 0.69122 0.709557 0.725911 0.740275 0.752655 0.763069 0.77154 0.778095 0.782758 0.785547 0.786475 0.785547 0.782758 0.778095 0.77154 0.763069 0.752655 0.740275 0.725911 0.709557 0.69122 0.670929 0.648737 0.624724 0.599 0.571708 0.543025 0.513157 0.482341 0.450838 0.418929 0.386907 0.35507 0.323716 0.293128 0.263573 0.235291 0.208491 0.183342 0.159976 0.138482 0.118907 0.10126 0.0855104 0.071598 0.0594335 0.0489066 0.0398908 0.0322495 0.0258413 0.0205248 0.0161626 0.0126249 0.00979211 0.00755678 0.0058248 0.00451629 0.00356594 0.00292311 0.00255178 
0.00267018 0.00280269 0.00320792 0.00390909 0.00494498 0.00637 0.00825425 0.0106833 0.0137576 0.0175918 0.0223128 0.028058 0.0349721 0.0432031 0.0528982 0.0641984 0.0772325 0.0921113 0.108921 0.127718 0.148524 0.17132 0.196043 0.22259 0.250811 0.280516 0.311475 0.343427 0.376088 0.409153 0.44231 0.475247 0.507659 0.53926 0.569786 0.599 0.626699 0.652716 0.676917 0.699204 0.719511 0.7378 0.75406 0.768297 0.780533 0.790799 0.799133 0.805569 0.81014 0.812872 0.813781 0.812872 0.81014 0.805569 0.799133 0.790799 0.780533 0.768297 0.75406 0.7378 0.719511 0.699204 0.676917 0.652716 0.626699 0.599 0.569786 0.53926 0.507659 0.475247 0.44231 0.409153 0.376088 0.343427 0.311475 0.280516 0.250811 0.22259 0.196043 0.17132 0.148524 0.127718 0.108921 0.0921113 0.0772325 0.0641984 0.0528982 0.0432031 0.0349721 0.028058 0.0223128 0.0175918 0.0137576 0.0106833 0.00825425 0.00637 0.00494498 0.00390909 0.00320792 0.00280269 
0.00291367 0.00305737 0.00349676 0.00425667 0.00537858 0.00692066 0.00895769 0.0115808 0.0148967 0.019027 0.0241056 0.0302772 0.0376933 0.0465083 0.0568745 0.0689365 0.082825 0.0986501 0.116495 0.136411 0.15841 0.182461 0.20849 0.236373 0.265945 0.296993 0.329269 0.362492 0.396357 0.430542 0.464721 0.498568 0.53177 0.564035 0.595098 0.624724 0.652716 0.678914 0.703198 0.725481 0.745713 0.763873 0.779964 0.794008 0.806043 0.816115 0.824271 0.830558 0.835017 0.837678 0.838563 0.837678 0.835017 0.830558 0.824271 0.816115 0.806043 0.794008 0.779964 0.763873 0.745713 0.725481 0.703198 0.678914 0.652716 0.624724 0.595098 0.564035 0.53177 0.498568 0.464721 0.430542 0.396357 0.362492 0.329269 0.296993 0.265945 0.236373 0.20849 0.182461 0.15841 0.136411 0.116495 0.0986501 0.082825 0.0689365 0.0568745 0.0465083 0.0376933 0.0302772 0.0241056 0.019027 0.0148967 0.0115808 0.00895769 0.00692066 0.00537858 0.00425667 0.00349676 0.00305737 
0.00315793 0.00331279 0.00378616 0.00460451 0.00581196 0.00747029 0.00965887 0.0124742 0.0160292 0.0204517 0.0258828 0.0324739 0.0403828 0.0497698 0.0607917 0.0735963 0.0883152 0.105058 0.123903 0.144896 0.16804 0.193291 0.22056 0.249709 0.28055 0.312855 0.346354 0.380747 0.41571 0.450906 0.485992 0.520633 0.554509 0.587323 0.618809 0.648737 0.676917 0.703198 0.727471 0.749665 0.769744 0.787704 0.803564 0.817362 0.829151 0.838989 0.846936 0.853051 0.85738 0.859962 0.86082 0.859962 0.85738 0.853051 0.846936 0.838989 0.829151 0.817362 0.803564 0.787704 0.769744 0.749665 0.727471 0.703198 0.676917 0.648737 0.618809 0.587323 0.554509 0.520633 0.485992 0.450906 0.41571 0.380747 0.346354 0.312855 0.28055 0.249709 0.22056 0.193291 0.16804 0.144896 0.123903 0.105058 0.0883152 0.0735963 0.0607917 0.0497698 0.0403828 0.0324739 0.0258828 0.0204517 0.0160292 0.0124742 0.00965887 0.00747029 0.00581196 0.00460451 0.00378616 0.00331279 
