5.35529e-26 1.35777e-25 6.16789e-25 2.81565e-24 1.24668e-23 5.34467e-23 2.21796e-22 8.90743e-22 3.46119e-21 1.30103e-20 4.73e-20 1.66297e-19 5.65333e-19 1.85818e-18 5.90493e-18 1.81422e-17 5.38931e-17 1.54804e-16 4.30028e-16 1.15543e-15 3.00335e-15 7.55377e-15 1.83865e-14 4.33195e-14 9.88045e-14 2.18184e-13 4.66491e-13 9.65708e-13 1.93562e-12 3.75613e-12 7.0562e-12 1.28311e-11 2.25816e-11 3.84561e-11 6.33569e-11 1.00951e-10 1.5551e-10 2.31509e-10 3.3293e-10 4.62339e-10 6.1986e-10 8.02349e-10 1.00308e-09 1.21222e-09 1.41807e-09 1.60883e-09 1.77439e-09 1.90747e-09 2.00389e-09 2.06195e-09 2.0813e-09 2.06195e-09 2.00389e-09 1.90747e-09 1.77439e-09 1.60883e-09 1.41807e-09 1.21222e-09 1.00308e-09 8.02349e-10 6.1986e-10 4.62339e-10 3.3293e-10 2.31509e-10 1.5551e-10 1.00951e-10 6.33569e-11 3.84561e-11 2.25816e-11 1.28311e-11 7.0562e-12 3.75613e-12 1.93562e-12 9.65708e-13 4.66491e-13 2.18184e-13 9.88045e-14 4.33195e-14 1.83865e-14 7.55377e-15 3.00335e-15 1.15543e-15 4.30028e-16 1.54804e-16 5.38931e-17 1.81422e-17 5.90493e-18 1.85818e-18 5.65333e-19 1.66297e-19 4.73e-20 1.30103e-20 3.46119e-21 8.90743e-22 2.21796e-22 5.34467e-23 1.24668e-23 2.81565e-24 6.16789e-25 1.35777e-25 
1.35777e-25 3.41898e-25 1.54094e-24 6.9834e-24 3.07e-23 1.30688e-22 5.3855e-22 2.14786e-21 8.28853e-21 3.0942e-20 1.11721e-19 3.90096e-19 1.31703e-18 4.29902e-18 1.35665e-17 4.13897e-17 1.22084e-16 3.48178e-16 9.60247e-16 2.56138e-15 6.60937e-15 1.65018e-14 3.98732e-14 9.32592e-14 2.11173e-13 4.62994e-13 9.82972e-13 2.02094e-12 4.02358e-12 7.75719e-12 1.44811e-11 2.61734e-11 4.57964e-11 7.75604e-11 1.27115e-10 2.01548e-10 3.0906e-10 4.58167e-10 6.56374e-10 9.08392e-10 1.21422e-09 1.56759e-09 1.95543e-09 2.35878e-09 2.75519e-09 3.12214e-09 3.44035e-09 3.69598e-09 3.88112e-09 3.99258e-09 4.02972e-09 3.99258e-09 3.88112e-09 3.69598e-09 3.44035e-09 3.12214e-09 2.75519e-09 2.35878e-09 1.95543e-09 1.56759e-09 1.21422e-09 9.08392e-10 6.56374e-10 4.58167e-10 3.0906e-10 2.01548e-10 1.27115e-10 7.75604e-11 4.57964e-11 2.61734e-11 1.44811e-11 7.75719e-12 4.02358e-12 2.02094e-12 9.82972e-13 4.62994e-13 2.11173e-13 9.32592e-14 3.98732e-14 1.65018e-14 6.60937e-15 2.56138e-15 9.60247e-16 3.48178e-16 1.22084e-16 4.13897e-17 1.35665e-17 4.29902e-18 1.31703e-18 3.90096e-19 1.11721e-19 3.0942e-20 8.28853e-21 2.14786e-21 5.3855e-22 1.30688e-22 3.07e-23 6.9834e-24 1.54094e-24 3.41898e-25 
6.16789e-25 1.54094e-24 6.8822e-24 3.09277e-23 1.34839e-22 5.69303e-22 2.32695e-21 9.20529e-21 3.52361e-20 1.30479e-19 4.67313e-19 1.61848e-18 5.41972e-18 1.75456e-17 5.49096e-17 1.66116e-16 4.85813e-16 1.37359e-15 3.7552e-15 9.9282e-15 2.53899e-14 6.2821e-14 1.5042e-13 3.4863e-13 7.82295e-13 1.6998e-12 3.57686e-12 7.28983e-12 1.439e-11 2.75126e-11 5.09466e-11 9.13654e-11 1.58668e-10 2.66797e-10 4.34285e-10 6.84177e-10 1.04287e-09 1.53749e-09 2.19155e-09 3.01932e-09 4.01973e-09 5.1716e-09 6.43207e-09 7.73971e-09 9.02232e-09 1.02078e-08 1.12346e-08 1.20588e-08 1.26554e-08 1.30145e-08 1.31341e-08 1.30145e-08 1.26554e-08 1.20588e-08 1.12346e-08 1.02078e-08 9.02232e-09 7.73971e-09 6.43207e-09 5.1716e-09 4.01973e-09 3.01932e-09 2.19155e-09 1.53749e-09 1.04287e-09 6.84177e-10 4.34285e-10 2.66797e-10 1.58668e-10 9.13654e-11 5.09466e-11 2.75126e-11 1.439e-11 7.28983e-12 3.57686e-12 1.6998e-12 7.82295e-13 3.4863e-13 1.5042e-13 6.2821e-14 2.53899e-14 9.9282e-15 3.7552e-15 1.37359e-15 4.85813e-16 1.66116e-16 5.49096e-17 1.75456e-17 5.41972e-18 1.61848e-18 4.67313e-19 1.30479e-19 3.52361e-20 9.20529e-21 2.32695e-21 5.69303e-22 1.34839e-22 3.09277e-23 6.8822e-24 1.54094e-24 
2.81565e-24 6.9834e-24 3.09277e-23 1.37905e-22 5.9665e-22 2.50003e-21 1.01417e-20 3.98197e-20 1.51286e-19 5.56037e-19 1.97659e-18 6.79445e-18 2.25809e-17 7.25473e-17 2.25298e-16 6.76296e-16 1.96229e-15 5.5039e-15 1.4925e-14 3.91352e-14 9.92497e-14 2.43504e-13 5.78114e-13 1.32851e-12 2.95575e-12 6.36814e-12 1.32884e-11 2.68598e-11 5.25935e-11 9.97644e-11 1.83329e-10 3.26347e-10 5.62722e-10 9.39778e-10 1.51988e-09 2.37986e-09 3.60695e-09 5.28975e-09 7.50396e-09 1.02938e-08 1.36522e-08 1.7506e-08 2.17111e-08 2.60632e-08 3.03238e-08 3.42557e-08 3.76574e-08 4.03857e-08 4.23596e-08 4.3547e-08 4.39426e-08 4.3547e-08 4.23596e-08 4.03857e-08 3.76574e-08 3.42557e-08 3.03238e-08 2.60632e-08 2.17111e-08 1.7506e-08 1.36522e-08 1.02938e-08 7.50396e-09 5.28975e-09 3.60695e-09 2.37986e-09 1.51988e-09 9.39778e-10 5.62722e-10 3.26347e-10 1.83329e-10 9.97644e-11 5.25935e-11 2.68598e-11 1.32884e-11 6.36814e-12 2.95575e-12 1.32851e-12 5.78114e-13 2.43504e-13 9.92497e-14 3.91352e-14 1.4925e-14 5.5039e-15 1.96229e-15 6.76296e-16 2.25298e-16 7.25473e-17 2.25809e-17 6.79445e-18 1.97659e-18 5.56037e-19 1.51286e-19 3.98197e-20 1.01417e-20 2.50003e-21 5.9665e-22 1.37905e-22 3.09277e-23 6.9834e-24 
1.24668e-23 3.07e-23 1.34839e-22 5.9665e-22 2.56201e-21 1.06551e-20 4.29042e-20 1.67216e-19 6.30636e-19 2.30085e-18 8.11896e-18 2.77027e-17 9.1385e-17 2.91402e-16 8.98112e-16 2.67526e-15 7.70194e-15 2.14319e-14 5.76497e-14 1.4993e-13 3.77081e-13 9.17378e-13 2.15951e-12 4.92023e-12 1.08532e-11 2.3184e-11 4.79695e-11 9.61526e-11 1.86734e-10 3.51386e-10 6.40698e-10 1.13195e-09 1.93771e-09 3.21367e-09 5.16315e-09 8.03435e-09 1.21062e-08 1.76589e-08 2.49276e-08 3.40439e-08 4.49741e-08 5.74726e-08 7.10699e-08 8.51077e-08 9.88227e-08 1.1146e-07 1.22379e-07 1.31129e-07 1.37455e-07 1.4126e-07 1.42527e-07 1.4126e-07 1.37455e-07 1.31129e-07 1.22379e-07 1.1146e-07 9.88227e-08 8.51077e-08 7.10699e-08 5.74726e-08 4.49741e-08 3.40439e-08 2.49276e-08 1.76589e-08 1.21062e-08 8.03435e-09 5.16315e-09 3.21367e-09 1.93771e-09 1.13195e-09 6.40698e-10 3.51386e-10 1.86734e-10 9.61526e-11 4.79695e-11 2.3184e-11 1.08532e-11 4.92023e-12 2.15951e-12 9.17378e-13 3.77081e-13 1.4993e-13 5.76497e-14 2.14319e-14 7.70194e-15 2.67526e-15 8.98112e-16 2.91402e-16 9.1385e-17 2.77027e-17 8.11896e-18 2.30085e-18 6.30636e-19 1.67216e-19 4.29042e-20 1.06551e-20 2.56201e-21 5.9665e-22 1.34839e-22 3.07e-23 
5.34467e-23 1.30688e-22 5.69303e-22 2.50003e-21 1.06551e-20 4.39864e-20 1.75817e-19 6.80231e-19 2.54673e-18 9.22397e-18 3.23111e-17 1.09442e-16 3.5836e-16 1.13421e-15 3.46934e-15 1.02554e-14 2.92954e-14 8.08748e-14 2.15795e-13 5.56619e-13 1.38824e-12 3.34876e-12 7.81536e-12 1.76523e-11 3.85996e-11 8.17373e-11 1.67659e-10 3.33194e-10 6.41647e-10 1.19749e-09 2.16596e-09 3.79703e-09 6.45129e-09 1.06228e-08 1.69503e-08 2.62064e-08 3.92497e-08 5.69322e-08 7.99559e-08 1.08693e-07 1.43002e-07 1.82091e-07 2.24482e-07 2.68132e-07 3.10688e-07 3.49831e-07 3.83609e-07 4.1065e-07 4.30188e-07 4.41932e-07 4.45842e-07 4.41932e-07 4.30188e-07 4.1065e-07 3.83609e-07 3.49831e-07 3.10688e-07 2.68132e-07 2.24482e-07 1.82091e-07 1.43002e-07 1.08693e-07 7.99559e-08 5.69322e-08 3.92497e-08 2.62064e-08 1.69503e-08 1.06228e-08 6.45129e-09 3.79703e-09 2.16596e-09 1.19749e-09 6.41647e-10 3.33194e-10 1.67659e-10 8.17373e-11 3.85996e-11 1.76523e-11 7.81536e-12 3.34876e-12 1.38824e-12 5.56619e-13 2.15795e-13 8.08748e-14 2.92954e-14 1.02554e-14 3.46934e-15 1.13421e-15 3.5836e-16 1.09442e-16 3.23111e-17 9.22397e-18 2.54673e-18 6.80231e-19 1.75817e-19 4.39864e-20 1.06551e-20 2.50003e-21 5.69303e-22 1.30688e-22 
2.21796e-22 5.3855e-22 2.32695e-21 1.01417e-20 4.29042e-20 1.75817e-19 6.97628e-19 2.67952e-18 9.95924e-18 3.58102e-17 1.24531e-16 4.18728e-16 1.36103e-15 4.27572e-15 1.29804e-14 3.80775e-14 1.07928e-13 2.95597e-13 7.82365e-13 2.00141e-12 4.9497e-12 1.18377e-11 2.73868e-11 6.13136e-11 1.32884e-10 2.78891e-10 5.66994e-10 1.11691e-09 2.13227e-09 3.94565e-09 7.07767e-09 1.23079e-08 2.07496e-08 3.39126e-08 5.37296e-08 8.25128e-08 1.22804e-07 1.7709e-07 2.47379e-07 3.34668e-07 4.38417e-07 5.56158e-07 6.83427e-07 8.1411e-07 9.41225e-07 1.05793e-06 1.1585e-06 1.23892e-06 1.29699e-06 1.33187e-06 1.34348e-06 1.33187e-06 1.29699e-06 1.23892e-06 1.1585e-06 1.05793e-06 9.41225e-07 8.1411e-07 6.83427e-07 5.56158e-07 4.38417e-07 3.34668e-07 2.47379e-07 1.7709e-07 1.22804e-07 8.25128e-08 5.37296e-08 3.39126e-08 2.07496e-08 1.23079e-08 7.07767e-09 3.94565e-09 2.13227e-09 1.11691e-09 5.66994e-10 2.78891e-10 1.32884e-10 6.13136e-11 2.73868e-11 1.18377e-11 4.9497e-12 2.00141e-12 7.82365e-13 2.95597e-13 1.07928e-13 3.80775e-14 1.29804e-14 4.27572e-15 1.36103e-15 4.18728e-16 1.24531e-16 3.58102e-17 9.95924e-18 2.67952e-18 6.97628e-19 1.75817e-19 4.29042e-20 1.01417e-20 2.32695e-21 5.3855e-22 
8.90743e-22 2.14786e-21 9.20529e-21 3.98197e-20 1.67216e-19 6.80231e-19 2.67952e-18 1.02173e-17 3.7702e-17 1.34587e-16 4.64647e-16 1.55099e-15 5.00445e-15 1.56053e-14 4.702e-14 1.36881e-13 3.84968e-13 1.04601e-12 2.74611e-12 6.96681e-12 1.70839e-11 4.05046e-11 9.28835e-11 2.06089e-10 4.42618e-10 9.20509e-10 1.85442e-09 3.62001e-09 6.84923e-09 1.2563e-08 2.23424e-08 3.85297e-08 6.44339e-08 1.04495e-07 1.64337e-07 2.50609e-07 3.70534e-07 5.31075e-07 7.37713e-07 9.92967e-07 1.29492e-06 1.6362e-06 2.00379e-06 2.38013e-06 2.7453e-06 3.0799e-06 3.3678e-06 3.59774e-06 3.76362e-06 3.86323e-06 3.89638e-06 3.86323e-06 3.76362e-06 3.59774e-06 3.3678e-06 3.0799e-06 2.7453e-06 2.38013e-06 2.00379e-06 1.6362e-06 1.29492e-06 9.92967e-07 7.37713e-07 5.31075e-07 3.70534e-07 2.50609e-07 1.64337e-07 1.04495e-07 6.44339e-08 3.85297e-08 2.23424e-08 1.2563e-08 6.84923e-09 3.62001e-09 1.85442e-09 9.20509e-10 4.42618e-10 2.06089e-10 9.28835e-11 4.05046e-11 1.70839e-11 6.96681e-12 2.74611e-12 1.04601e-12 3.84968e-13 1.36881e-13 4.702e-14 1.56053e-14 5.00445e-15 1.55099e-15 4.64647e-16 1.34587e-16 3.7702e-17 1.02173e-17 2.67952e-18 6.80231e-19 1.67216e-19 3.98197e-20 9.20529e-21 2.14786e-21 
3.46119e-21 8.28853e-21 3.52361e-20 1.51286e-19 6.30636e-19 2.54673e-18 9.95924e-18 3.7702e-17 1.38119e-16 4.89501e-16 1.67776e-15 5.55974e-15 1.7808e-14 5.51198e-14 1.64836e-13 4.76202e-13 1.32889e-12 3.58212e-12 9.32778e-12 2.34674e-11 5.70555e-11 1.34093e-10 3.04754e-10 6.70045e-10 1.4258e-09 2.93766e-09 5.86292e-09 1.13386e-08 2.12556e-08 3.86339e-08 6.80977e-08 1.1642e-07 1.93063e-07 3.10579e-07 4.84679e-07 7.33727e-07 1.0774e-06 1.53434e-06 2.11883e-06 2.83677e-06 3.68185e-06 4.63279e-06 5.65322e-06 6.69463e-06 7.70249e-06 8.62405e-06 9.4156e-06 1.0047e-05 1.05021e-05 1.07752e-05 1.08661e-05 1.07752e-05 1.05021e-05 1.0047e-05 9.4156e-06 8.62405e-06 7.70249e-06 6.69463e-06 5.65322e-06 4.63279e-06 3.68185e-06 2.83677e-06 2.11883e-06 1.53434e-06 1.0774e-06 7.33727e-07 4.84679e-07 3.10579e-07 1.93063e-07 1.1642e-07 6.80977e-08 3.86339e-08 2.12556e-08 1.13386e-08 5.86292e-09 2.93766e-09 1.4258e-09 6.70045e-10 3.04754e-10 1.34093e-10 5.70555e-11 2.34674e-11 9.32778e-12 3.58212e-12 1.32889e-12 4.76202e-13 1.64836e-13 5.51198e-14 1.7808e-14 5.55974e-15 1.67776e-15 4.89501e-16 1.38119e-16 3.7702e-17 9.95924e-18 2.54673e-18 6.30636e-19 1.51286e-19 3.52361e-20 8.28853e-21 
1.30103e-20 3.0942e-20 1.30479e-19 5.56037e-19 2.30085e-18 9.22397e-18 3.58102e-17 1.34587e-16 4.89501e-16 1.72233e-15 5.86064e-15 1.928e-14 6.13025e-14 1.88342e-13 5.59015e-13 1.60264e-12 4.43751e-12 1.18664e-11 3.06479e-11 7.64602e-11 1.84297e-10 4.29318e-10 9.66892e-10 2.10622e-09 4.43973e-09 9.06045e-09 1.79096e-08 3.43045e-08 6.36962e-08 1.14686e-07 2.00288e-07 3.39335e-07 5.57826e-07 8.89835e-07 1.37748e-06 2.06937e-06 3.01678e-06 4.26744e-06 5.85667e-06 7.79718e-06 1.00692e-05 1.26139e-05 1.53337e-05 1.81001e-05 2.07697e-05 2.32052e-05 2.52932e-05 2.69566e-05 2.81541e-05 2.88723e-05 2.91112e-05 2.88723e-05 2.81541e-05 2.69566e-05 2.52932e-05 2.32052e-05 2.07697e-05 1.81001e-05 1.53337e-05 1.26139e-05 1.00692e-05 7.79718e-06 5.85667e-06 4.26744e-06 3.01678e-06 2.06937e-06 1.37748e-06 8.89835e-07 5.57826e-07 3.39335e-07 2.00288e-07 1.14686e-07 6.36962e-08 3.43045e-08 1.79096e-08 9.06045e-09 4.43973e-09 2.10622e-09 9.66892e-10 4.29318e-10 1.84297e-10 7.64602e-11 3.06479e-11 1.18664e-11 4.43751e-12 1.60264e-12 5.59015e-13 1.88342e-13 6.13025e-14 1.928e-14 5.86064e-15 1.72233e-15 4.89501e-16 1.34587e-16 3.58102e-17 9.22397e-18 2.30085e-18 5.56037e-19 1.30479e-19 3.0942e-20 
4.73e-20 1.11721e-19 4.67313e-19 1.97659e-18 8.11896e-18 3.23111e-17 1.24531e-16 4.64647e-16 1.67776e-15 5.86064e-15 1.97979e-14 6.46563e-14 2.04073e-13 6.22331e-13 1.83324e-12 5.21547e-12 1.43282e-11 3.80091e-11 9.73625e-11 2.40852e-10 5.75508e-10 1.32868e-09 2.96499e-09 6.39811e-09 1.33575e-08 2.6994e-08 5.28338e-08 1.00201e-07 1.84222e-07 3.28466e-07 5.68138e-07 9.53553e-07 1.55328e-06 2.45602e-06 3.76999e-06 5.61823e-06 8.12856e-06 1.14173e-05 1.55673e-05 2.06025e-05 2.64645e-05 3.29978e-05 3.99506e-05 4.69966e-05 5.37758e-05 5.99449e-05 6.52237e-05 6.94221e-05 7.24415e-05 7.42509e-05 7.48525e-05 7.42509e-05 7.24415e-05 6.94221e-05 6.52237e-05 5.99449e-05 5.37758e-05 4.69966e-05 3.99506e-05 3.29978e-05 2.64645e-05 2.06025e-05 1.55673e-05 1.14173e-05 8.12856e-06 5.61823e-06 3.76999e-06 2.45602e-06 1.55328e-06 9.53553e-07 5.68138e-07 3.28466e-07 1.84222e-07 1.00201e-07 5.28338e-08 2.6994e-08 1.33575e-08 6.39811e-09 2.96499e-09 1.32868e-09 5.75508e-10 2.40852e-10 9.73625e-11 3.80091e-11 1.43282e-11 5.21547e-12 1.83324e-12 6.22331e-13 2.04073e-13 6.46563e-14 1.97979e-14 5.86064e-15 1.67776e-15 4.64647e-16 1.24531e-16 3.23111e-17 8.11896e-18 1.97659e-18 4.67313e-19 1.11721e-19 
1.66297e-19 3.90096e-19 1.61848e-18 6.79445e-18 2.77027e-17 1.09442e-16 4.18728e-16 1.55099e-15 5.55974e-15 1.928e-14 6.46563e-14 2.09611e-13 6.56711e-13 1.98775e-12 5.81118e-12 1.64054e-11 4.47159e-11 1.17666e-10 2.98921e-10 7.33181e-10 1.73658e-09 3.97312e-09 8.78379e-09 1.87735e-08 3.88109e-08 7.76514e-08 1.50448e-07 2.82427e-07 5.13969e-07 9.07143e-07 1.55343e-06 2.58182e-06 4.16568e-06 6.52624e-06 9.92944e-06 1.4673e-05 2.10605e-05 2.93616e-05 3.9759e-05 5.22894e-05 6.67895e-05 8.28643e-05 9.98925e-05 0.000117082 0.000133566 0.000148526 0.000161299 0.000171442 0.000178727 0.000183089 0.000184538 0.000183089 0.000178727 0.000171442 0.000161299 0.000148526 0.000133566 0.000117082 9.98925e-05 8.28643e-05 6.67895e-05 5.22894e-05 3.9759e-05 2.93616e-05 2.10605e-05 1.4673e-05 9.92944e-06 6.52624e-06 4.16568e-06 2.58182e-06 1.55343e-06 9.07143e-07 5.13969e-07 2.82427e-07 1.50448e-07 7.76514e-08 3.88109e-08 1.87735e-08 8.78379e-09 3.97312e-09 1.73658e-09 7.33181e-10 2.98921e-10 1.17666e-10 4.47159e-11 1.64054e-11 5.81118e-12 1.98775e-12 6.56711e-13 2.09611e-13 6.46563e-14 1.928e-14 5.55974e-15 1.55099e-15 4.18728e-16 1.09442e-16 2.77027e-17 6.79445e-18 1.61848e-18 3.90096e-19 
5.65333e-19 1.31703e-18 5.41972e-18 2.25809e-17 9.1385e-17 3.5836e-16 1.36103e-15 5.00445e-15 1.7808e-14 6.13025e-14 2.04073e-13 6.56711e-13 2.04219e-12 6.13496e-12 1.77989e-11 4.98585e-11 1.34824e-10 3.51905e-10 8.86549e-10 2.15587e-09 5.06118e-09 1.14738e-08 2.51276e-08 5.31842e-08 1.08853e-07 2.15569e-07 4.13328e-07 7.67785e-07 1.38254e-06 2.41458e-06 4.09198e-06 6.73166e-06 1.07535e-05 1.66851e-05 2.51508e-05 3.68376e-05 5.24318e-05 7.2525e-05 9.74941e-05 0.000127369 0.000161718 0.00019958 0.000239489 0.000279605 0.000317939 0.000352628 0.000382177 0.000405596 0.000422395 0.000432444 0.000435783 0.000432444 0.000422395 0.000405596 0.000382177 0.000352628 0.000317939 0.000279605 0.000239489 0.00019958 0.000161718 0.000127369 9.74941e-05 7.2525e-05 5.24318e-05 3.68376e-05 2.51508e-05 1.66851e-05 1.07535e-05 6.73166e-06 4.09198e-06 2.41458e-06 1.38254e-06 7.67785e-07 4.13328e-07 2.15569e-07 1.08853e-07 5.31842e-08 2.51276e-08 1.14738e-08 5.06118e-09 2.15587e-09 8.86549e-10 3.51905e-10 1.34824e-10 4.98585e-11 1.77989e-11 6.13496e-12 2.04219e-12 6.56711e-13 2.04073e-13 6.13025e-14 1.7808e-14 5.00445e-15 1.36103e-15 3.5836e-16 9.1385e-17 2.25809e-17 5.41972e-18 1.31703e-18 
1.85818e-18 4.29902e-18 1.75456e-17 7.25473e-17 2.91402e-16 1.13421e-15 4.27572e-15 1.56053e-14 5.51198e-14 1.88342e-13 6.22331e-13 1.98775e-12 6.13496e-12 1.82902e-11 5.2656e-11 1.46347e-10 3.92581e-10 1.01631e-09 2.53887e-09 6.1205e-09 1.42404e-08 3.19853e-08 6.93789e-08 1.45397e-07 2.94563e-07 5.77262e-07 1.09505e-06 2.01216e-06 3.58386e-06 6.19107e-06 1.03788e-05 1.68925e-05 2.67046e-05 4.10169e-05 6.12271e-05 8.88434e-05 0.000125337 0.000171934 0.000229352 0.000297523 0.000375359 0.000460631 0.000550035 0.000639493 0.000724648 0.000801461 0.000866723 0.000918343 0.000955315 0.000977411 0.000984748 0.000977411 0.000955315 0.000918343 0.000866723 0.000801461 0.000724648 0.000639493 0.000550035 0.000460631 0.000375359 0.000297523 0.000229352 0.000171934 0.000125337 8.88434e-05 6.12271e-05 4.10169e-05 2.67046e-05 1.68925e-05 1.03788e-05 6.19107e-06 3.58386e-06 2.01216e-06 1.09505e-06 5.77262e-07 2.94563e-07 1.45397e-07 6.93789e-08 3.19853e-08 1.42404e-08 6.1205e-09 2.53887e-09 1.01631e-09 3.92581e-10 1.46347e-10 5.2656e-11 1.82902e-11 6.13496e-12 1.98775e-12 6.22331e-13 1.88342e-13 5.51198e-14 1.56053e-14 4.27572e-15 1.13421e-15 2.91402e-16 7.25473e-17 1.75456e-17 4.29902e-18 
5.90493e-18 1.35665e-17 5.49096e-17 2.25298e-16 8.98112e-16 3.46934e-15 1.29804e-14 4.702e-14 1.64836e-13 5.59015e-13 1.83324e-12 5.81118e-12 1.77989e-11 5.2656e-11 1.50411e-10 4.14726e-10 1.10353e-09 2.83319e-09 7.01758e-09 1.67694e-08 3.86643e-08 8.60318e-08 1.84804e-07 3.83411e-07 7.68719e-07 1.49042e-06 2.79641e-06 5.08127e-06 8.94846e-06 1.52839e-05 2.53342e-05 4.07766e-05 6.37608e-05 9.68969e-05 0.000143162 0.0002057 0.000287495 0.000390923 0.000517225 0.000665946 0.00083449 0.00101791 0.00120912 0.00139949 0.00157995 0.00174216 0.0018796 0.00198807 0.00206563 0.00211193 0.0021273 0.00211193 0.00206563 0.00198807 0.0018796 0.00174216 0.00157995 0.00139949 0.00120912 0.00101791 0.00083449 0.000665946 0.000517225 0.000390923 0.000287495 0.0002057 0.000143162 9.68969e-05 6.37608e-05 4.07766e-05 2.53342e-05 1.52839e-05 8.94846e-06 5.08127e-06 2.79641e-06 1.49042e-06 7.68719e-07 3.83411e-07 1.84804e-07 8.60318e-08 3.86643e-08 1.67694e-08 7.01758e-09 2.83319e-09 1.10353e-09 4.14726e-10 1.50411e-10 5.2656e-11 1.77989e-11 5.81118e-12 1.83324e-12 5.59015e-13 1.64836e-13 4.702e-14 1.29804e-14 3.46934e-15 8.98112e-16 2.25298e-16 5.49096e-17 1.35665e-17 
1.81422e-17 4.13897e-17 1.66116e-16 6.76296e-16 2.67526e-15 1.02554e-14 3.80775e-14 1.36881e-13 4.76202e-13 1.60264e-12 5.21547e-12 1.64054e-11 4.98585e-11 1.46347e-10 4.14726e-10 1.13432e-09 2.99353e-09 7.62106e-09 1.87142e-08 4.43236e-08 1.01259e-07 2.23174e-07 4.74686e-07 9.74794e-07 1.93379e-06 3.70846e-06 6.88012e-06 1.23586e-05 2.15115e-05 3.63116e-05 5.94856e-05 9.46358e-05 0.000146293 0.000219852 0.000321332 0.000456934 0.000632352 0.00085188 0.00111738 0.00142724 0.00177558 0.00215198 0.00254188 0.00292801 0.00329236 0.00361864 0.00389423 0.0041112 0.00426606 0.0043584 0.00438903 0.0043584 0.00426606 0.0041112 0.00389423 0.00361864 0.00329236 0.00292801 0.00254188 0.00215198 0.00177558 0.00142724 0.00111738 0.00085188 0.000632352 0.000456934 0.000321332 0.000219852 0.000146293 9.46358e-05 5.94856e-05 3.63116e-05 2.15115e-05 1.23586e-05 6.88012e-06 3.70846e-06 1.93379e-06 9.74794e-07 4.74686e-07 2.23174e-07 1.01259e-07 4.43236e-08 1.87142e-08 7.62106e-09 2.99353e-09 1.13432e-09 4.14726e-10 1.46347e-10 4.98585e-11 1.64054e-11 5.21547e-12 1.60264e-12 4.76202e-13 1.36881e-13 3.80775e-14 1.02554e-14 2.67526e-15 6.76296e-16 1.66116e-16 4.13897e-17 
5.38931e-17 1.22084e-16 4.85813e-16 1.96229e-15 7.70194e-15 2.92954e-14 1.07928e-13 3.84968e-13 1.32889e-12 4.43751e-12 1.43282e-11 4.47159e-11 1.34824e-10 3.92581e-10 1.10353e-09 2.99353e-09 7.83413e-09 1.97743e-08 4.81327e-08 1.12973e-07 2.55691e-07 5.58118e-07 1.17525e-06 2.38843e-06 4.68724e-06 8.88879e-06 1.63017e-05 2.89379e-05 4.97657e-05 8.29867e-05 0.000134296 0.00021107 0.000322396 0.000478854 0.000691973 0.000973278 0.00133294 0.00177808 0.00231088 0.00292678 0.0036132 0.00434917 0.00510638 0.00585185 0.0065518 0.00717602 0.00770147 0.00811406 0.00840796 0.00858297 0.00864098 0.00858297 0.00840796 0.00811406 0.00770147 0.00717602 0.0065518 0.00585185 0.00510638 0.00434917 0.0036132 0.00292678 0.00231088 0.00177808 0.00133294 0.000973278 0.000691973 0.000478854 0.000322396 0.00021107 0.000134296 8.29867e-05 4.97657e-05 2.89379e-05 1.63017e-05 8.88879e-06 4.68724e-06 2.38843e-06 1.17525e-06 5.58118e-07 2.55691e-07 1.12973e-07 4.81327e-08 1.97743e-08 7.83413e-09 2.99353e-09 1.10353e-09 3.92581e-10 1.34824e-10 4.47159e-11 1.43282e-11 4.43751e-12 1.32889e-12 3.84968e-13 1.07928e-13 2.92954e-14 7.70194e-15 1.96229e-15 4.85813e-16 1.22084e-16 
1.54804e-16 3.48178e-16 1.37359e-15 5.5039e-15 2.14319e-14 8.08748e-14 2.95597e-13 1.04601e-12 3.58212e-12 1.18664e-11 3.80091e-11 1.17666e-10 3.51905e-10 1.01631e-09 2.83319e-09 7.62106e-09 1.97743e-08 4.9478e-08 1.1936e-07 2.77582e-07 6.22303e-07 1.34505e-06 2.80358e-06 5.63756e-06 1.09424e-05 2.05153e-05 3.71825e-05 6.52068e-05 0.000110753 0.00018237 0.000291402 0.00045222 0.000682127 0.00100078 0.001429 0.00198688 0.00269128 0.0035528 0.00457255 0.00573929 0.00702746 0.00839706 0.0097958 0.0111641 0.0124418 0.0135761 0.0145274 0.0152722 0.0158016 0.0161163 0.0162206 0.0161163 0.0158016 0.0152722 0.0145274 0.0135761 0.0124418 0.0111641 0.0097958 0.00839706 0.00702746 0.00573929 0.00457255 0.0035528 0.00269128 0.00198688 0.001429 0.00100078 0.000682127 0.00045222 0.000291402 0.00018237 0.000110753 6.52068e-05 3.71825e-05 2.05153e-05 1.09424e-05 5.63756e-06 2.80358e-06 1.34505e-06 6.22303e-07 2.77582e-07 1.1936e-07 4.9478e-08 1.97743e-08 7.62106e-09 2.83319e-09 1.01631e-09 3.51905e-10 1.17666e-10 3.80091e-11 1.18664e-11 3.58212e-12 1.04601e-12 2.95597e-13 8.08748e-14 2.14319e-14 5.5039e-15 1.37359e-15 3.48178e-16 
4.30028e-16 9.60247e-16 3.7552e-15 1.4925e-14 5.76497e-14 2.15795e-13 7.82365e-13 2.74611e-12 9.32778e-12 3.06479e-11 9.73625e-11 2.98921e-10 8.86549e-10 2.53887e-09 7.01758e-09 1.87142e-08 4.81327e-08 1.1936e-07 2.85314e-07 6.57303e-07 1.45936e-06 3.12281e-06 6.44172e-06 1.28142e-05 2.45945e-05 4.55763e-05 8.16118e-05 0.000141348 0.000237027 0.000385241 0.000607503 0.00093041 0.00138516 0.00200622 0.00282887 0.00388579 0.00520257 0.00679268 0.00865245 0.0107568 0.0130566 0.0154797 0.0179344 0.0203189 0.0225324 0.0244876 0.0261208 0.0273952 0.0282989 0.0288353 0.0290128 0.0288353 0.0282989 0.0273952 0.0261208 0.0244876 0.0225324 0.0203189 0.0179344 0.0154797 0.0130566 0.0107568 0.00865245 0.00679268 0.00520257 0.00388579 0.00282887 0.00200622 0.00138516 0.00093041 0.000607503 0.000385241 0.000237027 0.000141348 8.16118e-05 4.55763e-05 2.45945e-05 1.28142e-05 6.44172e-06 3.12281e-06 1.45936e-06 6.57303e-07 2.85314e-07 1.1936e-07 4.81327e-08 1.87142e-08 7.01758e-09 2.53887e-09 8.86549e-10 2.98921e-10 9.73625e-11 3.06479e-11 9.32778e-12 2.74611e-12 7.82365e-13 2.15795e-13 5.76497e-14 1.4925e-14 3.7552e-15 9.60247e-16 
1.15543e-15 2.56138e-15 9.9282e-15 3.91352e-14 1.4993e-13 5.56619e-13 2.00141e-12 6.96681e-12 2.34674e-11 7.64602e-11 2.40852e-10 7.33181e-10 2.15587e-09 6.1205e-09 1.67694e-08 4.43236e-08 1.12973e-07 2.77582e-07 6.57303e-07 1.49974e-06 3.29686e-06 6.98281e-06 1.42521e-05 2.80403e-05 5.32056e-05 9.74294e-05 0.000172322 0.000294666 0.000487669 0.000782025 0.0012165 0.00183774 0.00269885 0.00385658 0.0053668 0.00727843 0.00962619 0.0124228 0.0156519 0.0192621 0.0231646 0.0272356 0.0313237 0.0352645 0.0388989 0.0420918 0.0447467 0.0468111 0.0482709 0.049136 0.049422 0.049136 0.0482709 0.0468111 0.0447467 0.0420918 0.0388989 0.0352645 0.0313237 0.0272356 0.0231646 0.0192621 0.0156519 0.0124228 0.00962619 0.00727843 0.0053668 0.00385658 0.00269885 0.00183774 0.0012165 0.000782025 0.000487669 0.000294666 0.000172322 9.74294e-05 5.32056e-05 2.80403e-05 1.42521e-05 6.98281e-06 3.29686e-06 1.49974e-06 6.57303e-07 2.77582e-07 1.12973e-07 4.43236e-08 1.67694e-08 6.1205e-09 2.15587e-09 7.33181e-10 2.40852e-10 7.64602e-11 2.34674e-11 6.96681e-12 2.00141e-12 5.56619e-13 1.4993e-13 3.91352e-14 9.9282e-15 2.56138e-15 
3.00335e-15 6.60937e-15 2.53899e-14 9.92497e-14 3.77081e-13 1.38824e-12 4.9497e-12 1.70839e-11 5.70555e-11 1.84297e-10 5.75508e-10 1.73658e-09 5.06118e-09 1.42404e-08 3.86643e-08 1.01259e-07 2.55691e-07 6.22303e-07 1.45936e-06 3.29686e-06 7.17391e-06 1.50357e-05 3.03566e-05 5.90567e-05 0.000110756 0.000200366 0.000349939 0.000590613 0.000964362 0.0015252 0.0023394 0.00348421 0.00504464 0.00710798 0.00975596 0.013055 0.017045 0.0217289 0.0270626 0.0329491 0.0392369 0.0457258 0.0521799 0.0583497 0.063999 0.0689321 0.0730137 0.076175 0.078404 0.0797222 0.0801576 0.0797222 0.078404 0.076175 0.0730137 0.0689321 0.063999 0.0583497 0.0521799 0.0457258 0.0392369 0.0329491 0.0270626 0.0217289 0.017045 0.013055 0.00975596 0.00710798 0.00504464 0.00348421 0.0023394 0.0015252 0.000964362 0.000590613 0.000349939 0.000200366 0.000110756 5.90567e-05 3.03566e-05 1.50357e-05 7.17391e-06 3.29686e-06 1.45936e-06 6.22303e-07 2.55691e-07 1.01259e-07 3.86643e-08 1.42404e-08 5.06118e-09 1.73658e-09 5.75508e-10 1.84297e-10 5.70555e-11 1.70839e-11 4.9497e-12 1.38824e-12 3.77081e-13 9.92497e-14 2.53899e-14 6.60937e-15 
7.55377e-15 1.65018e-14 6.2821e-14 2.43504e-13 9.17378e-13 3.34876e-12 1.18377e-11 4.05046e-11 1.34093e-10 4.29318e-10 1.32868e-09 3.97312e-09 1.14738e-08 3.19853e-08 8.60318e-08 2.23174e-07 5.58118e-07 1.34505e-06 3.12281e-06 6.98281e-06 1.50357e-05 3.11744e-05 6.22428e-05 0.000119701 0.000221822 0.000396341 0.000683344 0.00113801 0.00183266 0.00285759 0.00431996 0.00634021 0.00904552 0.0125602 0.0169931 0.022423 0.0288836 0.0363493 0.0447251 0.0538407 0.0634532 0.0732573 0.0829074 0.0920482 0.100352 0.107556 0.113483 0.118054 0.121267 0.123162 0.123788 0.123162 0.121267 0.118054 0.113483 0.107556 0.100352 0.0920482 0.0829074 0.0732573 0.0634532 0.0538407 0.0447251 0.0363493 0.0288836 0.022423 0.0169931 0.0125602 0.00904552 0.00634021 0.00431996 0.00285759 0.00183266 0.00113801 0.000683344 0.000396341 0.000221822 0.000119701 6.22428e-05 3.11744e-05 1.50357e-05 6.98281e-06 3.12281e-06 1.34505e-06 5.58118e-07 2.23174e-07 8.60318e-08 3.19853e-08 1.14738e-08 3.97312e-09 1.32868e-09 4.29318e-10 1.34093e-10 4.05046e-11 1.18377e-11 3.34876e-12 9.17378e-13 2.43504e-13 6.2821e-14 1.65018e-14 
1.83865e-14 3.98732e-14 1.5042e-13 5.78114e-13 2.15951e-12 7.81536e-12 2.73868e-11 9.28835e-11 3.04754e-10 9.66892e-10 2.96499e-09 8.78379e-09 2.51276e-08 6.93789e-08 1.84804e-07 4.74686e-07 1.17525e-06 2.80358e-06 6.44172e-06 1.42521e-05 3.03566e-05 6.22428e-05 0.000122857 0.00023349 0.000427421 0.000754061 0.00128309 0.0021078 0.00334682 0.0051432 0.00766033 0.011074 0.0155607 0.0212818 0.0283655 0.036887 0.0468497 0.0581701 0.0706685 0.0840676 0.0980009 0.112032 0.125687 0.138491 0.150023 0.159954 0.168077 0.174311 0.178677 0.181246 0.182093 0.181246 0.178677 0.174311 0.168077 0.159954 0.150023 0.138491 0.125687 0.112032 0.0980009 0.0840676 0.0706685 0.0581701 0.0468497 0.036887 0.0283655 0.0212818 0.0155607 0.011074 0.00766033 0.0051432 0.00334682 0.0021078 0.00128309 0.000754061 0.000427421 0.00023349 0.000122857 6.22428e-05 3.03566e-05 1.42521e-05 6.44172e-06 2.80358e-06 1.17525e-06 4.74686e-07 1.84804e-07 6.93789e-08 2.51276e-08 8.78379e-09 2.96499e-09 9.66892e-10 3.04754e-10 9.28835e-11 2.73868e-11 7.81536e-12 2.15951e-12 5.78114e-13 1.5042e-13 3.98732e-14 
4.33195e-14 9.32592e-14 3.4863e-13 1.32851e-12 4.92023e-12 1.76523e-11 6.13136e-11 2.06089e-10 6.70045e-10 2.10622e-09 6.39811e-09 1.87735e-08 5.31842e-08 1.45397e-07 3.83411e-07 9.74794e-07 2.38843e-06 5.63756e-06 1.28142e-05 2.80403e-05 5.90567e-05 0.000119701 0.00023349 0.000438375 0.00079245 0.00137999 0.00231673 0.00375312 0.00587394 0.00889355 0.0130458 0.0185692 0.0256874 0.0345866 0.0453915 0.0581414 0.0727709 0.0890966 0.106813 0.125501 0.144642 0.163653 0.181925 0.198872 0.213992 0.226907 0.237402 0.245413 0.251001 0.254282 0.255361 0.254282 0.251001 0.245413 0.237402 0.226907 0.213992 0.198872 0.181925 0.163653 0.144642 0.125501 0.106813 0.0890966 0.0727709 0.0581414 0.0453915 0.0345866 0.0256874 0.0185692 0.0130458 0.00889355 0.00587394 0.00375312 0.00231673 0.00137999 0.00079245 0.000438375 0.00023349 0.000119701 5.90567e-05 2.80403e-05 1.28142e-05 5.63756e-06 2.38843e-06 9.74794e-07 3.83411e-07 1.45397e-07 5.31842e-08 1.87735e-08 6.39811e-09 2.10622e-09 6.70045e-10 2.06089e-10 6.13136e-11 1.76523e-11 4.92023e-12 1.32851e-12 3.4863e-13 9.32592e-14 
9.88045e-14 2.11173e-13 7.82295e-13 2.95575e-12 1.08532e-11 3.85996e-11 1.32884e-10 4.42618e-10 1.4258e-09 4.43973e-09 1.33575e-08 3.88109e-08 1.08853e-07 2.94563e-07 7.68719e-07 1.93379e-06 4.68724e-06 1.09424e-05 2.45945e-05 5.32056e-05 0.000110756 0.000221822 0.000427421 0.00079245 0.0014141 0.00242989 0.00402348 0.00642584 0.0099101 0.0147788 0.0213444 0.0299035 0.040709 0.0539397 0.0696733 0.0878624 0.108319 0.130711 0.154565 0.17929 0.204206 0.228584 0.251699 0.272884 0.291587 0.307423 0.320197 0.329893 0.336624 0.340565 0.34186 0.340565 0.336624 0.329893 0.320197 0.307423 0.291587 0.272884 0.251699 0.228584 0.204206 0.17929 0.154565 0.130711 0.108319 0.0878624 0.0696733 0.0539397 0.040709 0.0299035 0.0213444 0.0147788 0.0099101 0.00642584 0.00402348 0.00242989 0.0014141 0.00079245 0.000427421 0.000221822 0.000110756 5.32056e-05 2.45945e-05 1.09424e-05 4.68724e-06 1.93379e-06 7.68719e-07 2.94563e-07 1.08853e-07 3.88109e-08 1.33575e-08 4.43973e-09 1.4258e-09 4.42618e-10 1.32884e-10 3.85996e-11 1.08532e-11 2.95575e-12 7.82295e-13 2.11173e-13 
2.18184e-13 4.62994e-13 1.6998e-12 6.36814e-12 2.3184e-11 8.17373e-11 2.78891e-10 9.20509e-10 2.93766e-09 9.06045e-09 2.6994e-08 7.76514e-08 2.15569e-07 5.77262e-07 1.49042e-06 3.70846e-06 8.88879e-06 2.05153e-05 4.55763e-05 9.74294e-05 0.000200366 0.000396341 0.000754061 0.00137999 0.00242989 0.00411848 0.00672385 0.0105834 0.016079 0.0236113 0.0335655 0.046273 0.0619734 0.0807815 0.102661 0.127411 0.15466 0.183875 0.214387 0.245424 0.276154 0.305737 0.333378 0.35838 0.380205 0.398505 0.413149 0.424191 0.431821 0.436273 0.437733 0.436273 0.431821 0.424191 0.413149 0.398505 0.380205 0.35838 0.333378 0.305737 0.276154 0.245424 0.214387 0.183875 0.15466 0.127411 0.102661 0.0807815 0.0619734 0.046273 0.0335655 0.0236113 0.016079 0.0105834 0.00672385 0.00411848 0.00242989 0.00137999 0.000754061 0.000396341 0.000200366 9.74294e-05 4.55763e-05 2.05153e-05 8.88879e-06 3.70846e-06 1.49042e-06 5.77262e-07 2.15569e-07 7.76514e-08 2.6994e-08 9.06045e-09 2.93766e-09 9.20509e-10 2.78891e-10 8.17373e-11 2.3184e-11 6.36814e-12 1.6998e-12 4.62994e-13 
4.66491e-13 9.82972e-13 3.57686e-12 1.32884e-11 4.79695e-11 1.67659e-10 5.66994e-10 1.85442e-09 5.86292e-09 1.79096e-08 5.28338e-08 1.50448e-07 4.13328e-07 1.09505e-06 2.79641e-06 6.88012e-06 1.63017e-05 3.71825e-05 8.16118e-05 0.000172322 0.000349939 0.000683344 0.00128309 0.00231673 0.00402348 0.00672385 0.0108195 0.0167784 0.0251041 0.0362907 0.0507689 0.0688544 0.0907035 0.116284 0.14536 0.177502 0.212093 0.248371 0.285464 0.32244 0.358363 0.392344 0.42359 0.451455 0.475476 0.495406 0.511212 0.523047 0.531181 0.53591 0.537458 0.53591 0.531181 0.523047 0.511212 0.495406 0.475476 0.451455 0.42359 0.392344 0.358363 0.32244 0.285464 0.248371 0.212093 0.177502 0.14536 0.116284 0.0907035 0.0688544 0.0507689 0.0362907 0.0251041 0.0167784 0.0108195 0.00672385 0.00402348 0.00231673 0.00128309 0.000683344 0.000349939 0.000172322 8.16118e-05 3.71825e-05 1.63017e-05 6.88012e-06 2.79641e-06 1.09505e-06 4.13328e-07 1.50448e-07 5.28338e-08 1.79096e-08 5.86292e-09 1.85442e-09 5.66994e-10 1.67659e-10 4.79695e-11 1.32884e-11 3.57686e-12 9.82972e-13 
9.65708e-13 2.02094e-12 7.28983e-12 2.68598e-11 9.61526e-11 3.33194e-10 1.11691e-09 3.62001e-09 1.13386e-08 3.43045e-08 1.00201e-07 2.82427e-07 7.67785e-07 2.01216e-06 5.08127e-06 1.23586e-05 2.89379e-05 6.52068e-05 0.000141348 0.000294666 0.000590613 0.00113801 0.0021078 0.00375312 0.00642584 0.0105834 0.0167784 0.0256261 0.0377498 0.0537093 0.0739262 0.0986194 0.127764 0.161078 0.198037 0.237908 0.279797 0.322706 0.365593 0.40743 0.447255 0.48422 0.517628 0.546962 0.571909 0.592368 0.608436 0.620373 0.628529 0.633251 0.634794 0.633251 0.628529 0.620373 0.608436 0.592368 0.571909 0.546962 0.517628 0.48422 0.447255 0.40743 0.365593 0.322706 0.279797 0.237908 0.198037 0.161078 0.127764 0.0986194 0.0739262 0.0537093 0.0377498 0.0256261 0.0167784 0.0105834 0.00642584 0.00375312 0.0021078 0.00113801 0.000590613 0.000294666 0.000141348 6.52068e-05 2.89379e-05 1.23586e-05 5.08127e-06 2.01216e-06 7.67785e-07 2.82427e-07 1.00201e-07 3.43045e-08 1.13386e-08 3.62001e-09 1.11691e-09 3.33194e-10 9.61526e-11 2.68598e-11 7.28983e-12 2.02094e-12 
1.93562e-12 4.02358e-12 1.439e-11 5.25935e-11 1.86734e-10 6.41647e-10 2.13227e-09 6.84923e-09 2.12556e-08 6.36962e-08 1.84222e-07 5.13969e-07 1.38254e-06 3.58386e-06 8.94846e-06 2.15115e-05 4.97657e-05 0.000110753 0.000237027 0.000487669 0.000964362 0.00183266 0.00334682 0.00587394 0.0099101 0.016079 0.0251041 0.0377498 0.054734 0.0766267 0.103754 0.136131 0.173435 0.215028 0.260012 0.307312 0.355756 0.404153 0.451366 0.496368 0.538276 0.57639 0.610198 0.63939 0.663851 0.683656 0.699047 0.710383 0.718078 0.722514 0.72396 0.722514 0.718078 0.710383 0.699047 0.683656 0.663851 0.63939 0.610198 0.57639 0.538276 0.496368 0.451366 0.404153 0.355756 0.307312 0.260012 0.215028 0.173435 0.136131 0.103754 0.0766267 0.054734 0.0377498 0.0251041 0.016079 0.0099101 0.00587394 0.00334682 0.00183266 0.000964362 0.000487669 0.000237027 0.000110753 4.97657e-05 2.15115e-05 8.94846e-06 3.58386e-06 1.38254e-06 5.13969e-07 1.84222e-07 6.36962e-08 2.12556e-08 6.84923e-09 2.13227e-09 6.41647e-10 1.86734e-10 5.25935e-11 1.439e-11 4.02358e-12 
3.75613e-12 7.75719e-12 2.75126e-11 9.97644e-11 3.51386e-10 1.19749e-09 3.94565e-09 1.2563e-08 3.86339e-08 1.14686e-07 3.28466e-07 9.07143e-07 2.41458e-06 6.19107e-06 1.52839e-05 3.63116e-05 8.29867e-05 0.00018237 0.000385241 0.000782025 0.0015252 0.00285759 0.0051432 0.00889355 0.0147788 0.0236113 0.0362907 0.0537093 0.0766267 0.105537 0.140557 0.181373 0.227249 0.277098 0.329605 0.383351 0.436936 0.489066 0.538626 0.584705 0.626621 0.663913 0.696332 0.723819 0.746483 0.764581 0.778482 0.788625 0.79546 0.799381 0.800656 0.799381 0.79546 0.788625 0.778482 0.764581 0.746483 0.723819 0.696332 0.663913 0.626621 0.584705 0.538626 0.489066 0.436936 0.383351 0.329605 0.277098 0.227249 0.181373 0.140557 0.105537 0.0766267 0.0537093 0.0362907 0.0236113 0.0147788 0.00889355 0.0051432 0.00285759 0.0015252 0.000782025 0.000385241 0.00018237 8.29867e-05 3.63116e-05 1.52839e-05 6.19107e-06 2.41458e-06 9.07143e-07 3.28466e-07 1.14686e-07 3.86339e-08 1.2563e-08 3.94565e-09 1.19749e-09 3.51386e-10 9.97644e-11 2.75126e-11 7.75719e-12 
7.0562e-12 1.44811e-11 5.09466e-11 1.83329e-10 6.40698e-10 2.16596e-09 7.07767e-09 2.23424e-08 6.80977e-08 2.00288e-07 5.68138e-07 1.55343e-06 4.09198e-06 1.03788e-05 2.53342e-05 5.94856e-05 0.000134296 0.000291402 0.000607503 0.0012165 0.0023394 0.00431996 0.00766033 0.0130458 0.0213444 0.0335655 0.0507689 0.0739262 0.103754 0.140557 0.184116 0.233664 0.287954 0.345403 0.404278 0.462877 0.519673 0.5734 0.623092 0.668086 0.707996 0.742676 0.772174 0.796696 0.816566 0.832193 0.844045 0.852603 0.858325 0.861591 0.86265 0.861591 0.858325 0.852603 0.844045 0.832193 0.816566 0.796696 0.772174 0.742676 0.707996 0.668086 0.623092 0.5734 0.519673 0.462877 0.404278 0.345403 0.287954 0.233664 0.184116 0.140557 0.103754 0.0739262 0.0507689 0.0335655 0.0213444 0.0130458 0.00766033 0.00431996 0.0023394 0.0012165 0.000607503 0.000291402 0.000134296 5.94856e-05 2.53342e-05 1.03788e-05 4.09198e-06 1.55343e-06 5.68138e-07 2.00288e-07 6.80977e-08 2.23424e-08 7.07767e-09 2.16596e-09 6.40698e-10 1.83329e-10 5.09466e-11 1.44811e-11 
1.28311e-11 2.61734e-11 9.13654e-11 3.26347e-10 1.13195e-09 3.79703e-09 1.23079e-08 3.85297e-08 1.1642e-07 3.39335e-07 9.53553e-07 2.58182e-06 6.73166e-06 1.68925e-05 4.07766e-05 9.46358e-05 0.00021107 0.00045222 0.00093041 0.00183774 0.00348421 0.00634021 0.011074 0.0185692 0.0299035 0.046273 0.0688544 0.0986194 0.136131 0.181373 0.233664 0.291684 0.353622 0.417405 0.480952 0.54239 0.600204 0.653301 0.701 0.742986 0.779236 0.809945 0.83546 0.856222 0.872729 0.8855 0.89505 0.901869 0.90639 0.908954 0.909783 0.908954 0.90639 0.901869 0.89505 0.8855 0.872729 0.856222 0.83546 0.809945 0.779236 0.742986 0.701 0.653301 0.600204 0.54239 0.480952 0.417405 0.353622 0.291684 0.233664 0.181373 0.136131 0.0986194 0.0688544 0.046273 0.0299035 0.0185692 0.011074 0.00634021 0.00348421 0.00183774 0.00093041 0.00045222 0.00021107 9.46358e-05 4.07766e-05 1.68925e-05 6.73166e-06 2.58182e-06 9.53553e-07 3.39335e-07 1.1642e-07 3.85297e-08 1.23079e-08 3.79703e-09 1.13195e-09 3.26347e-10 9.13654e-11 2.61734e-11 
2.25816e-11 4.57964e-11 1.58668e-10 5.62722e-10 1.93771e-09 6.45129e-09 2.07496e-08 6.44339e-08 1.93063e-07 5.57826e-07 1.55328e-06 4.16568e-06 1.07535e-05 2.67046e-05 6.37608e-05 0.000146293 0.000322396 0.000682127 0.00138516 0.00269885 0.00504464 0.00904552 0.0155607 0.0256874 0.040709 0.0619734 0.0907035 0.127764 0.173435 0.227249 0.287954 0.353622 0.421888 0.490261 0.556437 0.618527 0.675189 0.72564 0.769588 0.807126 0.838612 0.864566 0.885589 0.902306 0.915326 0.925218 0.932504 0.937643 0.941016 0.942918 0.943531 0.942918 0.941016 0.937643 0.932504 0.925218 0.915326 0.902306 0.885589 0.864566 0.838612 0.807126 0.769588 0.72564 0.675189 0.618527 0.556437 0.490261 0.421888 0.353622 0.287954 0.227249 0.173435 0.127764 0.0907035 0.0619734 0.040709 0.0256874 0.0155607 0.00904552 0.00504464 0.00269885 0.00138516 0.000682127 0.000322396 0.000146293 6.37608e-05 2.67046e-05 1.07535e-05 4.16568e-06 1.55328e-06 5.57826e-07 1.93063e-07 6.44339e-08 2.07496e-08 6.45129e-09 1.93771e-09 5.62722e-10 1.58668e-10 4.57964e-11 
3.84561e-11 7.75604e-11 2.66797e-10 9.39778e-10 3.21367e-09 1.06228e-08 3.39126e-08 1.04495e-07 3.10579e-07 8.89835e-07 2.45602e-06 6.52624e-06 1.66851e-05 4.10169e-05 9.68969e-05 0.000219852 0.000478854 0.00100078 0.00200622 0.00385658 0.00710798 0.0125602 0.0212818 0.0345866 0.0539397 0.0807815 0.116284 0.161078 0.215028 0.277098 0.345403 0.417405 0.490261 0.561199 0.627856 0.688507 0.742128 0.788354 0.827338 0.859589 0.885816 0.906809 0.923354 0.936184 0.945954 0.953233 0.958505 0.962173 0.964556 0.96589 0.966318 0.96589 0.964556 0.962173 0.958505 0.953233 0.945954 0.936184 0.923354 0.906809 0.885816 0.859589 0.827338 0.788354 0.742128 0.688507 0.627856 0.561199 0.490261 0.417405 0.345403 0.277098 0.215028 0.161078 0.116284 0.0807815 0.0539397 0.0345866 0.0212818 0.0125602 0.00710798 0.00385658 0.00200622 0.00100078 0.000478854 0.000219852 9.68969e-05 4.10169e-05 1.66851e-05 6.52624e-06 2.45602e-06 8.89835e-07 3.10579e-07 1.04495e-07 3.39126e-08 1.06228e-08 3.21367e-09 9.39778e-10 2.66797e-10 7.75604e-11 
6.33569e-11 1.27115e-10 4.34285e-10 1.51988e-09 5.16315e-09 1.69503e-08 5.37296e-08 1.64337e-07 4.84679e-07 1.37748e-06 3.76999e-06 9.92944e-06 2.51508e-05 6.12271e-05 0.000143162 0.000321332 0.000691973 0.001429 0.00282887 0.0053668 0.00975596 0.0169931 0.0283655 0.0453915 0.0696733 0.102661 0.14536 0.198037 0.260012 0.329605 0.404278 0.480952 0.556437 0.627856 0.692985 0.750416 0.799566 0.840544 0.873951 0.900671 0.921694 0.937997 0.95047 0.959881 0.966874 0.971973 0.975599 0.978084 0.97968 0.980566 0.98085 0.980566 0.97968 0.978084 0.975599 0.971973 0.966874 0.959881 0.95047 0.937997 0.921694 0.900671 0.873951 0.840544 0.799566 0.750416 0.692985 0.627856 0.556437 0.480952 0.404278 0.329605 0.260012 0.198037 0.14536 0.102661 0.0696733 0.0453915 0.0283655 0.0169931 0.00975596 0.0053668 0.00282887 0.001429 0.000691973 0.000321332 0.000143162 6.12271e-05 2.51508e-05 9.92944e-06 3.76999e-06 1.37748e-06 4.84679e-07 1.64337e-07 5.37296e-08 1.69503e-08 5.16315e-09 1.51988e-09 4.34285e-10 1.27115e-10 
