2.95843e-07 3.2121e-07 4.00596e-07 5.44127e-07 7.69584e-07 1.10378e-06 1.58451e-06 2.26311e-06 3.20766e-06 4.50677e-06 6.27398e-06 8.65268e-06 1.18215e-05 1.59999e-05 2.14538e-05 2.85006e-05 3.75142e-05 4.89276e-05 6.32355e-05 8.09923e-05 0.00010281 0.000129349 0.00016131 0.000199417 0.000244396 0.000296956 0.000357758 0.000427382 0.000506299 0.000594833 0.000693127 0.000801115 0.000918489 0.00104468 0.00117885 0.00131987 0.00146635 0.00161663 0.0017688 0.00192079 0.00207035 0.00221514 0.00235277 0.0024809 0.00259724 0.00269967 0.0027863 0.00285548 0.00290588 0.00293651 0.00294679 0.00293651 0.00290588 0.00285548 0.0027863 0.00269967 0.00259724 0.0024809 0.00235277 0.00221514 0.00207035 0.00192079 0.0017688 0.00161663 0.00146635 0.00131987 0.00117885 0.00104468 0.000918489 0.000801115 0.000693127 0.000594833 0.000506299 0.000427382 0.000357758 0.000296956 0.000244396 0.000199417 0.00016131 0.000129349 0.00010281 8.09923e-05 6.32355e-05 4.89276e-05 3.75142e-05 2.85006e-05 2.14538e-05 1.59999e-05 1.18215e-05 8.65268e-06 6.27398e-06 4.50677e-06 3.20766e-06 2.26311e-06 1.58451e-06 1.10378e-06 7.69584e-07 5.44127e-07 4.00596e-07 3.2121e-07 
3.2121e-07 3.48665e-07 4.34571e-07 5.89838e-07 8.33617e-07 1.19477e-06 1.71396e-06 2.44637e-06 3.46513e-06 4.86532e-06 6.76868e-06 9.32883e-06 1.27369e-05 1.72276e-05 2.30848e-05 3.06472e-05 4.03133e-05 5.25441e-05 6.78655e-05 8.68667e-05 0.000110196 0.000138555 0.000172683 0.000213345 0.000261307 0.000317316 0.000382064 0.00045616 0.000540092 0.000634194 0.000738609 0.000853254 0.000977794 0.00111162 0.00125383 0.00140324 0.00155835 0.00171741 0.00187842 0.00203917 0.00219729 0.00235032 0.00249574 0.00263108 0.00275395 0.00286211 0.00295356 0.00302658 0.00307977 0.0031121 0.00312295 0.0031121 0.00307977 0.00302658 0.00295356 0.00286211 0.00275395 0.00263108 0.00249574 0.00235032 0.00219729 0.00203917 0.00187842 0.00171741 0.00155835 0.00140324 0.00125383 0.00111162 0.000977794 0.000853254 0.000738609 0.000634194 0.000540092 0.00045616 0.000382064 0.000317316 0.000261307 0.000213345 0.000172683 0.000138555 0.000110196 8.68667e-05 6.78655e-05 5.25441e-05 4.03133e-05 3.06472e-05 2.30848e-05 1.72276e-05 1.27369e-05 9.32883e-06 6.76868e-06 4.86532e-06 3.46513e-06 2.44637e-06 1.71396e-06 1.19477e-06 8.33617e-07 5.89838e-07 4.34571e-07 3.48665e-07 
4.00596e-07 4.34571e-07 5.40831e-07 7.32726e-07 1.03367e-06 1.4789e-06 2.11797e-06 3.01804e-06 4.26789e-06 5.9827e-06 8.30964e-06 1.1434e-05 1.55856e-05 2.10461e-05 2.81553e-05 3.73175e-05 4.90068e-05 6.37709e-05 8.22318e-05 0.000105085 0.000133093 0.000167077 0.000207902 0.000256457 0.00031363 0.000380279 0.000457197 0.000545074 0.000644456 0.000755704 0.000878953 0.00101408 0.00116065 0.00131794 0.00148486 0.00166 0.00184161 0.00202763 0.00221573 0.00240334 0.00258771 0.00276599 0.00293529 0.00309273 0.00323557 0.00336125 0.00346747 0.00355225 0.00361399 0.00365152 0.00366411 0.00365152 0.00361399 0.00355225 0.00346747 0.00336125 0.00323557 0.00309273 0.00293529 0.00276599 0.00258771 0.00240334 0.00221573 0.00202763 0.00184161 0.00166 0.00148486 0.00131794 0.00116065 0.00101408 0.000878953 0.000755704 0.000644456 0.000545074 0.000457197 0.000380279 0.00031363 0.000256457 0.000207902 0.000167077 0.000133093 0.000105085 8.22318e-05 6.37709e-05 4.90068e-05 3.73175e-05 2.81553e-05 2.10461e-05 1.55856e-05 1.1434e-05 8.30964e-06 5.9827e-06 4.26789e-06 3.01804e-06 2.11797e-06 1.4789e-06 1.03367e-06 7.32726e-07 5.40831e-07 4.34571e-07 
5.44127e-07 5.89838e-07 7.32726e-07 9.90505e-07 1.39421e-06 1.99045e-06 2.84468e-06 4.04537e-06 5.70916e-06 7.98702e-06 1.10712e-05 1.52031e-05 2.06813e-05 2.78703e-05 3.72085e-05 4.92159e-05 6.45e-05 8.37599e-05 0.000107787 0.000137461 0.000173746 0.000217671 0.000270318 0.000332792 0.000406191 0.000491565 0.000589878 0.000701959 0.000828447 0.000969747 0.00112598 0.00129693 0.00148202 0.00168027 0.00189031 0.00211032 0.00233809 0.00257106 0.00280629 0.00304059 0.00327058 0.00349271 0.00370343 0.00389921 0.0040767 0.00423276 0.00436458 0.00446974 0.00454629 0.00459281 0.00460841 0.00459281 0.00454629 0.00446974 0.00436458 0.00423276 0.0040767 0.00389921 0.00370343 0.00349271 0.00327058 0.00304059 0.00280629 0.00257106 0.00233809 0.00211032 0.00189031 0.00168027 0.00148202 0.00129693 0.00112598 0.000969747 0.000828447 0.000701959 0.000589878 0.000491565 0.000406191 0.000332792 0.000270318 0.000217671 0.000173746 0.000137461 0.000107787 8.37599e-05 6.45e-05 4.92159e-05 3.72085e-05 2.78703e-05 2.06813e-05 1.52031e-05 1.10712e-05 7.98702e-06 5.70916e-06 4.04537e-06 2.84468e-06 1.99045e-06 1.39421e-06 9.90505e-07 7.32726e-07 5.89838e-07 
7.69584e-07 8.33617e-07 1.03367e-06 1.39421e-06 1.95803e-06 2.78935e-06 3.97811e-06 5.6456e-06 7.95132e-06 1.11011e-05 1.53564e-05 2.10443e-05 2.85682e-05 3.84188e-05 5.11844e-05 6.75602e-05 8.83554e-05 0.000114497 0.000147032 0.000187118 0.000236015 0.000295068 0.000365678 0.00044927 0.000547247 0.000660946 0.000791578 0.000940164 0.00110748 0.00129398 0.00149975 0.00172445 0.00196724 0.0022268 0.00250127 0.00278826 0.00308488 0.00338776 0.00369313 0.00399687 0.00429461 0.00458183 0.00485399 0.00510662 0.00533544 0.00553647 0.00570617 0.00584148 0.00593995 0.00599976 0.00601982 0.00599976 0.00593995 0.00584148 0.00570617 0.00553647 0.00533544 0.00510662 0.00485399 0.00458183 0.00429461 0.00399687 0.00369313 0.00338776 0.00308488 0.00278826 0.00250127 0.0022268 0.00196724 0.00172445 0.00149975 0.00129398 0.00110748 0.000940164 0.000791578 0.000660946 0.000547247 0.00044927 0.000365678 0.000295068 0.000236015 0.000187118 0.000147032 0.000114497 8.83554e-05 6.75602e-05 5.11844e-05 3.84188e-05 2.85682e-05 2.10443e-05 1.53564e-05 1.11011e-05 7.95132e-06 5.6456e-06 3.97811e-06 2.78935e-06 1.95803e-06 1.39421e-06 1.03367e-06 8.33617e-07 
1.10378e-06 1.19477e-06 1.4789e-06 1.99045e-06 2.78935e-06 3.96535e-06 5.64389e-06 7.99377e-06 1.12364e-05 1.56567e-05 2.16155e-05 2.95629e-05 4.00522e-05 5.37544e-05 7.14708e-05 9.41455e-05 0.000122873 0.000158902 0.000203637 0.000258625 0.000325544 0.000406171 0.000502352 0.000615949 0.000748788 0.000902588 0.00107889 0.00127898 0.00150378 0.00175383 0.00202913 0.00232913 0.00265264 0.00299782 0.00336215 0.00374242 0.00413477 0.00453477 0.00493742 0.00533735 0.00572886 0.00610609 0.00646313 0.00679421 0.00709381 0.00735684 0.00757872 0.00775556 0.00788419 0.00796231 0.0079885 0.00796231 0.00788419 0.00775556 0.00757872 0.00735684 0.00709381 0.00679421 0.00646313 0.00610609 0.00572886 0.00533735 0.00493742 0.00453477 0.00413477 0.00374242 0.00336215 0.00299782 0.00265264 0.00232913 0.00202913 0.00175383 0.00150378 0.00127898 0.00107889 0.000902588 0.000748788 0.000615949 0.000502352 0.000406171 0.000325544 0.000258625 0.000203637 0.000158902 0.000122873 9.41455e-05 7.14708e-05 5.37544e-05 4.00522e-05 2.95629e-05 2.16155e-05 1.56567e-05 1.12364e-05 7.99377e-06 5.64389e-06 3.96535e-06 2.78935e-06 1.99045e-06 1.4789e-06 1.19477e-06 
1.58451e-06 1.71396e-06 2.11797e-06 2.84468e-06 3.97811e-06 5.64389e-06 8.01731e-06 1.13337e-05 1.59008e-05 2.2114e-05 3.0472e-05 4.15956e-05 5.62452e-05 7.53399e-05 9.99743e-05 0.000131432 0.000171198 0.000220958 0.000282601 0.000358199 0.000449987 0.000560324 0.000691644 0.000846388 0.00102693 0.00123549 0.00147403 0.00174415 0.00204699 0.00238311 0.0027524 0.00315399 0.00358621 0.00404649 0.00453141 0.00503664 0.00555704 0.00608672 0.00661911 0.00714714 0.00766336 0.00816014 0.00862981 0.00906489 0.00945826 0.00980334 0.0100943 0.010326 0.0104945 0.0105968 0.0106311 0.0105968 0.0104945 0.010326 0.0100943 0.00980334 0.00945826 0.00906489 0.00862981 0.00816014 0.00766336 0.00714714 0.00661911 0.00608672 0.00555704 0.00503664 0.00453141 0.00404649 0.00358621 0.00315399 0.0027524 0.00238311 0.00204699 0.00174415 0.00147403 0.00123549 0.00102693 0.000846388 0.000691644 0.000560324 0.000449987 0.000358199 0.000282601 0.000220958 0.000171198 0.000131432 9.99743e-05 7.53399e-05 5.62452e-05 4.15956e-05 3.0472e-05 2.2114e-05 1.59008e-05 1.13337e-05 8.01731e-06 5.64389e-06 3.97811e-06 2.84468e-06 2.11797e-06 1.71396e-06 
2.26311e-06 2.44637e-06 3.01804e-06 4.04537e-06 5.6456e-06 7.99377e-06 1.13337e-05 1.59917e-05 2.23941e-05 3.10864e-05 4.27554e-05 5.82527e-05 7.86191e-05 0.000105108 0.000139207 0.000182656 0.000237457 0.000305879 0.000390447 0.000493926 0.000619282 0.000769628 0.000948157 0.00115806 0.00140239 0.00168402 0.00200541 0.00236854 0.00277478 0.0032247 0.003718 0.00425335 0.00482838 0.00543958 0.00608229 0.00675073 0.00743807 0.00813652 0.00883747 0.00953169 0.0102095 0.0108609 0.0114761 0.0120454 0.0125597 0.0130105 0.0133903 0.0136927 0.0139124 0.0140458 0.0140905 0.0140458 0.0139124 0.0136927 0.0133903 0.0130105 0.0125597 0.0120454 0.0114761 0.0108609 0.0102095 0.00953169 0.00883747 0.00813652 0.00743807 0.00675073 0.00608229 0.00543958 0.00482838 0.00425335 0.003718 0.0032247 0.00277478 0.00236854 0.00200541 0.00168402 0.00140239 0.00115806 0.000948157 0.000769628 0.000619282 0.000493926 0.000390447 0.000305879 0.000237457 0.000182656 0.000139207 0.000105108 7.86191e-05 5.82527e-05 4.27554e-05 3.10864e-05 2.23941e-05 1.59917e-05 1.13337e-05 7.99377e-06 5.6456e-06 4.04537e-06 3.01804e-06 2.44637e-06 
3.20766e-06 3.46513e-06 4.26789e-06 5.70916e-06 7.95132e-06 1.12364e-05 1.59008e-05 2.23941e-05 3.13017e-05 4.3371e-05 5.95401e-05 8.09693e-05 0.000109072 0.000145544 0.000192392 0.000251955 0.000326913 0.000420292 0.000535449 0.000676038 0.000845962 0.0010493 0.0012902 0.00157278 0.00190099 0.00227842 0.00270819 0.00319271 0.00373355 0.00433126 0.00498521 0.00569346 0.00645267 0.00725806 0.00810339 0.00898096 0.00988179 0.0107957 0.0117114 0.012617 0.0135 0.0143475 0.015147 0.0158861 0.0165532 0.0171374 0.0176293 0.0180207 0.0183051 0.0184776 0.0185355 0.0184776 0.0183051 0.0180207 0.0176293 0.0171374 0.0165532 0.0158861 0.015147 0.0143475 0.0135 0.012617 0.0117114 0.0107957 0.00988179 0.00898096 0.00810339 0.00725806 0.00645267 0.00569346 0.00498521 0.00433126 0.00373355 0.00319271 0.00270819 0.00227842 0.00190099 0.00157278 0.0012902 0.0010493 0.000845962 0.000676038 0.000535449 0.000420292 0.000326913 0.000251955 0.000192392 0.000145544 0.000109072 8.09693e-05 5.95401e-05 4.3371e-05 3.13017e-05 2.23941e-05 1.59008e-05 1.12364e-05 7.95132e-06 5.70916e-06 4.26789e-06 3.46513e-06 
4.50677e-06 4.86532e-06 5.9827e-06 7.98702e-06 1.11011e-05 1.56567e-05 2.2114e-05 3.10864e-05 4.3371e-05 5.99824e-05 8.2191e-05 0.000111563 0.000149999 0.000199775 0.000263573 0.000344507 0.000446133 0.000572449 0.00072787 0.000917183 0.00114547 0.00141802 0.00174018 0.00211721 0.00255411 0.00305539 0.00362488 0.00426548 0.00497896 0.00576574 0.00662469 0.00755302 0.00854611 0.00959751 0.0106989 0.0118402 0.0130097 0.0141941 0.015379 0.0165491 0.0176883 0.0187804 0.0198094 0.0207596 0.0216164 0.0223662 0.022997 0.0234987 0.0238631 0.0240841 0.0241582 0.0240841 0.0238631 0.0234987 0.022997 0.0223662 0.0216164 0.0207596 0.0198094 0.0187804 0.0176883 0.0165491 0.015379 0.0141941 0.0130097 0.0118402 0.0106989 0.00959751 0.00854611 0.00755302 0.00662469 0.00576574 0.00497896 0.00426548 0.00362488 0.00305539 0.00255411 0.00211721 0.00174018 0.00141802 0.00114547 0.000917183 0.00072787 0.000572449 0.000446133 0.000344507 0.000263573 0.000199775 0.000149999 0.000111563 8.2191e-05 5.99824e-05 4.3371e-05 3.10864e-05 2.2114e-05 1.56567e-05 1.11011e-05 7.98702e-06 5.9827e-06 4.86532e-06 
6.27398e-06 6.76868e-06 8.30964e-06 1.10712e-05 1.53564e-05 2.16155e-05 3.0472e-05 4.27554e-05 5.95401e-05 8.2191e-05 0.000112411 0.000152295 0.000204375 0.000271673 0.00035774 0.00046668 0.000603164 0.000772421 0.0009802 0.0012327 0.00153649 0.00189832 0.00232501 0.00282322 0.00339918 0.00405847 0.00480574 0.0056444 0.00657635 0.00760174 0.00871874 0.00992335 0.0112093 0.012568 0.0139884 0.0154576 0.0169602 0.0184794 0.0199967 0.0214926 0.022947 0.0243395 0.0256498 0.0268585 0.0279473 0.0288993 0.0296997 0.0303359 0.0307977 0.0310778 0.0311717 0.0310778 0.0307977 0.0303359 0.0296997 0.0288993 0.0279473 0.0268585 0.0256498 0.0243395 0.022947 0.0214926 0.0199967 0.0184794 0.0169602 0.0154576 0.0139884 0.012568 0.0112093 0.00992335 0.00871874 0.00760174 0.00657635 0.0056444 0.00480574 0.00405847 0.00339918 0.00282322 0.00232501 0.00189832 0.00153649 0.0012327 0.0009802 0.000772421 0.000603164 0.00046668 0.00035774 0.000271673 0.000204375 0.000152295 0.000112411 8.2191e-05 5.95401e-05 4.27554e-05 3.0472e-05 2.16155e-05 1.53564e-05 1.10712e-05 8.30964e-06 6.76868e-06 
8.65268e-06 9.32883e-06 1.1434e-05 1.52031e-05 2.10443e-05 2.95629e-05 4.15956e-05 5.82527e-05 8.09693e-05 0.000111563 0.000152295 0.000205936 0.00027583 0.00036595 0.000480944 0.000626172 0.000807703 0.00103231 0.00130738 0.00164089 0.00204118 0.00251682 0.00307639 0.00372818 0.00447991 0.00533835 0.00630904 0.00739588 0.00860081 0.00992351 0.0113611 0.0129081 0.0145559 0.0162932 0.0181059 0.0199769 0.0218871 0.0238147 0.0257368 0.0276287 0.0294652 0.0312211 0.0328714 0.0343919 0.0357602 0.0369556 0.0379598 0.0387575 0.0393363 0.0396873 0.0398049 0.0396873 0.0393363 0.0387575 0.0379598 0.0369556 0.0357602 0.0343919 0.0328714 0.0312211 0.0294652 0.0276287 0.0257368 0.0238147 0.0218871 0.0199769 0.0181059 0.0162932 0.0145559 0.0129081 0.0113611 0.00992351 0.00860081 0.00739588 0.00630904 0.00533835 0.00447991 0.00372818 0.00307639 0.00251682 0.00204118 0.00164089 0.00130738 0.00103231 0.000807703 0.000626172 0.000480944 0.00036595 0.00027583 0.000205936 0.000152295 0.000111563 8.09693e-05 5.82527e-05 4.15956e-05 2.95629e-05 2.10443e-05 1.52031e-05 1.1434e-05 9.32883e-06 
1.18215e-05 1.27369e-05 1.55856e-05 2.06813e-05 2.85682e-05 4.00522e-05 5.62452e-05 7.86191e-05 0.000109072 0.000149999 0.000204375 0.00027583 0.000368731 0.00048825 0.000640414 0.000832142 0.00107125 0.00136639 0.001727 0.00216317 0.00268541 0.00330448 0.004031 0.00487521 0.00584647 0.00695292 0.00820101 0.00959508 0.0111369 0.0128255 0.0146565 0.0166222 0.0187115 0.0209094 0.0231978 0.0255552 0.027957 0.0303763 0.0327843 0.0351506 0.0374441 0.0396337 0.0416888 0.0435801 0.0452802 0.0467641 0.0480098 0.0489987 0.0497159 0.0501506 0.0502962 0.0501506 0.0497159 0.0489987 0.0480098 0.0467641 0.0452802 0.0435801 0.0416888 0.0396337 0.0374441 0.0351506 0.0327843 0.0303763 0.027957 0.0255552 0.0231978 0.0209094 0.0187115 0.0166222 0.0146565 0.0128255 0.0111369 0.00959508 0.00820101 0.00695292 0.00584647 0.00487521 0.004031 0.00330448 0.00268541 0.00216317 0.001727 0.00136639 0.00107125 0.000832142 0.000640414 0.00048825 0.000368731 0.00027583 0.000204375 0.000149999 0.000109072 7.86191e-05 5.62452e-05 4.00522e-05 2.85682e-05 2.06813e-05 1.55856e-05 1.27369e-05 
1.59999e-05 1.72276e-05 2.10461e-05 2.78703e-05 3.84188e-05 5.37544e-05 7.53399e-05 0.000105108 0.000145544 0.000199775 0.000271673 0.00036595 0.00048825 0.000645235 0.000844644 0.00109532 0.0014072 0.00179126 0.00225939 0.00282423 0.00349888 0.00429663 0.00523055 0.00631303 0.00755534 0.00896703 0.0105555 0.0123253 0.014278 0.0164113 0.0187189 0.0211906 0.0238115 0.0265626 0.0294207 0.0323586 0.0353458 0.0383491 0.0413327 0.0442595 0.0470916 0.0497914 0.0523218 0.0546477 0.0567361 0.0585572 0.0600847 0.0612965 0.0621749 0.0627072 0.0628855 0.0627072 0.0621749 0.0612965 0.0600847 0.0585572 0.0567361 0.0546477 0.0523218 0.0497914 0.0470916 0.0442595 0.0413327 0.0383491 0.0353458 0.0323586 0.0294207 0.0265626 0.0238115 0.0211906 0.0187189 0.0164113 0.014278 0.0123253 0.0105555 0.00896703 0.00755534 0.00631303 0.00523055 0.00429663 0.00349888 0.00282423 0.00225939 0.00179126 0.0014072 0.00109532 0.000844644 0.000645235 0.00048825 0.00036595 0.000271673 0.000199775 0.000145544 0.000105108 7.53399e-05 5.37544e-05 3.84188e-05 2.78703e-05 2.10461e-05 1.72276e-05 
2.14538e-05 2.30848e-05 2.81553e-05 3.72085e-05 5.11844e-05 7.14708e-05 9.99743e-05 0.000139207 0.000192392 0.000263573 0.00035774 0.000480944 0.000640414 0.000844644 0.00110346 0.00142806 0.00183095 0.00232588 0.00292769 0.00365201 0.00451501 0.00553291 0.00672154 0.00809576 0.00966885 0.0114519 0.013453 0.0156771 0.0181247 0.0207919 0.0236702 0.0267455 0.0299987 0.0334055 0.0369368 0.0405587 0.0442338 0.0479211 0.0515771 0.0551571 0.0586155 0.061907 0.0649875 0.0678154 0.0703516 0.0725609 0.0744125 0.0758804 0.0769439 0.0775881 0.0778038 0.0775881 0.0769439 0.0758804 0.0744125 0.0725609 0.0703516 0.0678154 0.0649875 0.061907 0.0586155 0.0551571 0.0515771 0.0479211 0.0442338 0.0405587 0.0369368 0.0334055 0.0299987 0.0267455 0.0236702 0.0207919 0.0181247 0.0156771 0.013453 0.0114519 0.00966885 0.00809576 0.00672154 0.00553291 0.00451501 0.00365201 0.00292769 0.00232588 0.00183095 0.00142806 0.00110346 0.000844644 0.000640414 0.000480944 0.00035774 0.000263573 0.000192392 0.000139207 9.99743e-05 7.14708e-05 5.11844e-05 3.72085e-05 2.81553e-05 2.30848e-05 
2.85006e-05 3.06472e-05 3.73175e-05 4.92159e-05 6.75602e-05 9.41455e-05 0.000131432 0.000182656 0.000251955 0.000344507 0.00046668 0.000626172 0.000832142 0.00109532 0.00142806 0.00184437 0.00235985 0.00299154 0.00375773 0.0046776 0.0057708 0.00705692 0.00855489 0.0102822 0.0122544 0.014484 0.0169798 0.0197463 0.022783 0.0260838 0.0296365 0.033423 0.0374187 0.041593 0.0459096 0.0503271 0.0547994 0.0592772 0.0637082 0.0680387 0.0722147 0.0761827 0.0798908 0.0832901 0.086335 0.0889847 0.0912034 0.0929611 0.0942339 0.0950045 0.0952625 0.0950045 0.0942339 0.0929611 0.0912034 0.0889847 0.086335 0.0832901 0.0798908 0.0761827 0.0722147 0.0680387 0.0637082 0.0592772 0.0547994 0.0503271 0.0459096 0.041593 0.0374187 0.033423 0.0296365 0.0260838 0.022783 0.0197463 0.0169798 0.014484 0.0122544 0.0102822 0.00855489 0.00705692 0.0057708 0.0046776 0.00375773 0.00299154 0.00235985 0.00184437 0.00142806 0.00109532 0.000832142 0.000626172 0.00046668 0.000344507 0.000251955 0.000182656 0.000131432 9.41455e-05 6.75602e-05 4.92159e-05 3.73175e-05 3.06472e-05 
3.75142e-05 4.03133e-05 4.90068e-05 6.45e-05 8.83554e-05 0.000122873 0.000171198 0.000237457 0.000326913 0.000446133 0.000603164 0.000807703 0.00107125 0.0014072 0.00183095 0.00235985 0.00301313 0.00381171 0.00477788 0.00593489 0.00730636 0.00891567 0.0107851 0.0129351 0.0153834 0.0181437 0.0212254 0.0246322 0.0283618 0.032405 0.0367455 0.0413595 0.0462161 0.0512771 0.056498 0.0618282 0.0672123 0.0725912 0.0779027 0.0830837 0.0880705 0.0928006 0.097214 0.101254 0.104868 0.10801 0.110638 0.112719 0.114224 0.115136 0.115441 0.115136 0.114224 0.112719 0.110638 0.10801 0.104868 0.101254 0.097214 0.0928006 0.0880705 0.0830837 0.0779027 0.0725912 0.0672123 0.0618282 0.056498 0.0512771 0.0462161 0.0413595 0.0367455 0.032405 0.0283618 0.0246322 0.0212254 0.0181437 0.0153834 0.0129351 0.0107851 0.00891567 0.00730636 0.00593489 0.00477788 0.00381171 0.00301313 0.00235985 0.00183095 0.0014072 0.00107125 0.000807703 0.000603164 0.000446133 0.000326913 0.000237457 0.000171198 0.000122873 8.83554e-05 6.45e-05 4.90068e-05 4.03133e-05 
4.89276e-05 5.25441e-05 6.37709e-05 8.37599e-05 0.000114497 0.000158902 0.000220958 0.000305879 0.000420292 0.000572449 0.000772421 0.00103231 0.00136639 0.00179126 0.00232588 0.00299154 0.00381171 0.00481178 0.00601863 0.00746011 0.00916431 0.0111587 0.0134694 0.0161196 0.0191293 0.0225133 0.0262809 0.0304347 0.0349695 0.0398723 0.0451214 0.0506864 0.0565285 0.0626009 0.0688492 0.0752128 0.0816256 0.0880174 0.0943156 0.100446 0.106336 0.111912 0.117106 0.121854 0.126096 0.129778 0.132856 0.135291 0.137051 0.138117 0.138473 0.138117 0.137051 0.135291 0.132856 0.129778 0.126096 0.121854 0.117106 0.111912 0.106336 0.100446 0.0943156 0.0880174 0.0816256 0.0752128 0.0688492 0.0626009 0.0565285 0.0506864 0.0451214 0.0398723 0.0349695 0.0304347 0.0262809 0.0225133 0.0191293 0.0161196 0.0134694 0.0111587 0.00916431 0.00746011 0.00601863 0.00481178 0.00381171 0.00299154 0.00232588 0.00179126 0.00136639 0.00103231 0.000772421 0.000572449 0.000420292 0.000305879 0.000220958 0.000158902 0.000114497 8.37599e-05 6.37709e-05 5.25441e-05 
6.32355e-05 6.78655e-05 8.22318e-05 0.000107787 0.000147032 0.000203637 0.000282601 0.000390447 0.000535449 0.00072787 0.0009802 0.00130738 0.001727 0.00225939 0.00292769 0.00375773 0.00477788 0.00601863 0.00751206 0.00929114 0.0113889 0.0138373 0.0166661 0.0199018 0.023566 0.0276745 0.032236 0.0372508 0.0427104 0.0485965 0.0548807 0.0615248 0.0684809 0.0756917 0.0830922 0.09061 0.0981673 0.105682 0.11307 0.120246 0.127125 0.133626 0.139672 0.145189 0.150111 0.15438 0.157943 0.160759 0.162795 0.164026 0.164438 0.164026 0.162795 0.160759 0.157943 0.15438 0.150111 0.145189 0.139672 0.133626 0.127125 0.120246 0.11307 0.105682 0.0981673 0.09061 0.0830922 0.0756917 0.0684809 0.0615248 0.0548807 0.0485965 0.0427104 0.0372508 0.032236 0.0276745 0.023566 0.0199018 0.0166661 0.0138373 0.0113889 0.00929114 0.00751206 0.00601863 0.00477788 0.00375773 0.00292769 0.00225939 0.001727 0.00130738 0.0009802 0.00072787 0.000535449 0.000390447 0.000282601 0.000203637 0.000147032 0.000107787 8.22318e-05 6.78655e-05 
8.09923e-05 8.68667e-05 0.000105085 0.000137461 0.000187118 0.000258625 0.000358199 0.000493926 0.000676038 0.000917183 0.0012327 0.00164089 0.00216317 0.00282423 0.00365201 0.0046776 0.00593489 0.00746011 0.00929114 0.0114666 0.0140248 0.0170024 0.0204332 0.0243464 0.0287653 0.0337059 0.0391755 0.0451714 0.0516803 0.0586774 0.0661265 0.0739798 0.0821788 0.0906547 0.0993299 0.108119 0.116932 0.125674 0.134248 0.142557 0.150506 0.158003 0.164962 0.171302 0.17695 0.181842 0.185921 0.189142 0.191469 0.192875 0.193346 0.192875 0.191469 0.189142 0.185921 0.181842 0.17695 0.171302 0.164962 0.158003 0.150506 0.142557 0.134248 0.125674 0.116932 0.108119 0.0993299 0.0906547 0.0821788 0.0739798 0.0661265 0.0586774 0.0516803 0.0451714 0.0391755 0.0337059 0.0287653 0.0243464 0.0204332 0.0170024 0.0140248 0.0114666 0.00929114 0.00746011 0.00593489 0.0046776 0.00365201 0.00282423 0.00216317 0.00164089 0.0012327 0.000917183 0.000676038 0.000493926 0.000358199 0.000258625 0.000187118 0.000137461 0.000105085 8.68667e-05 
0.00010281 0.000110196 0.000133093 0.000173746 0.000236015 0.000325544 0.000449987 0.000619282 0.000845962 0.00114547 0.00153649 0.00204118 0.00268541 0.00349888 0.00451501 0.0057708 0.00730636 0.00916431 0.0113889 0.0140248 0.017116 0.0207039 0.0248263 0.0295149 0.0347943 0.0406797 0.0471762 0.0542768 0.0619621 0.0701996 0.0789433 0.0881346 0.0977027 0.107566 0.117632 0.127803 0.137975 0.148038 0.157883 0.167402 0.176488 0.185041 0.192964 0.200169 0.206579 0.212122 0.21674 0.220383 0.223012 0.224601 0.225132 0.224601 0.223012 0.220383 0.21674 0.212122 0.206579 0.200169 0.192964 0.185041 0.176488 0.167402 0.157883 0.148038 0.137975 0.127803 0.117632 0.107566 0.0977027 0.0881346 0.0789433 0.0701996 0.0619621 0.0542768 0.0471762 0.0406797 0.0347943 0.0295149 0.0248263 0.0207039 0.017116 0.0140248 0.0113889 0.00916431 0.00730636 0.0057708 0.00451501 0.00349888 0.00268541 0.00204118 0.00153649 0.00114547 0.000845962 0.000619282 0.000449987 0.000325544 0.000236015 0.000173746 0.000133093 0.000110196 
0.000129349 0.000138555 0.000167077 0.000217671 0.000295068 0.000406171 0.000560324 0.000769628 0.0010493 0.00141802 0.00189832 0.00251682 0.00330448 0.00429663 0.00553291 0.00705692 0.00891567 0.0111587 0.0138373 0.0170024 0.0207039 0.0249883 0.0298966 0.035463 0.0417124 0.0486585 0.0563028 0.0646329 0.0736217 0.083227 0.0933919 0.104045 0.115101 0.126465 0.13803 0.149681 0.161301 0.172766 0.183954 0.194745 0.205021 0.214672 0.223596 0.231696 0.23889 0.245103 0.250272 0.254345 0.257284 0.259058 0.259651 0.259058 0.257284 0.254345 0.250272 0.245103 0.23889 0.231696 0.223596 0.214672 0.205021 0.194745 0.183954 0.172766 0.161301 0.149681 0.13803 0.126465 0.115101 0.104045 0.0933919 0.083227 0.0736217 0.0646329 0.0563028 0.0486585 0.0417124 0.035463 0.0298966 0.0249883 0.0207039 0.0170024 0.0138373 0.0111587 0.00891567 0.00705692 0.00553291 0.00429663 0.00330448 0.00251682 0.00189832 0.00141802 0.0010493 0.000769628 0.000560324 0.000406171 0.000295068 0.000217671 0.000167077 0.000138555 
0.00016131 0.000172683 0.000207902 0.000270318 0.000365678 0.000502352 0.000691644 0.000948157 0.0012902 0.00174018 0.00232501 0.00307639 0.004031 0.00523055 0.00672154 0.00855489 0.0107851 0.0134694 0.0166661 0.0204332 0.0248263 0.0298966 0.0356886 0.0422378 0.0495686 0.0576921 0.0666049 0.0762874 0.0867031 0.0977988 0.109504 0.121734 0.134388 0.147353 0.160509 0.173724 0.186864 0.199794 0.212378 0.224484 0.235984 0.246761 0.256703 0.265712 0.273698 0.280585 0.286308 0.290813 0.29406 0.29602 0.296675 0.29602 0.29406 0.290813 0.286308 0.280585 0.273698 0.265712 0.256703 0.246761 0.235984 0.224484 0.212378 0.199794 0.186864 0.173724 0.160509 0.147353 0.134388 0.121734 0.109504 0.0977988 0.0867031 0.0762874 0.0666049 0.0576921 0.0495686 0.0422378 0.0356886 0.0298966 0.0248263 0.0204332 0.0166661 0.0134694 0.0107851 0.00855489 0.00672154 0.00523055 0.004031 0.00307639 0.00232501 0.00174018 0.0012902 0.000948157 0.000691644 0.000502352 0.000365678 0.000270318 0.000207902 0.000172683 
0.000199417 0.000213345 0.000256457 0.000332792 0.00044927 0.000615949 0.000846388 0.00115806 0.00157278 0.00211721 0.00282322 0.00372818 0.00487521 0.00631303 0.00809576 0.0102822 0.0129351 0.0161196 0.0199018 0.0243464 0.0295149 0.035463 0.0422378 0.0498754 0.0583986 0.0678145 0.0781131 0.0892659 0.101225 0.113925 0.12728 0.141188 0.155534 0.170186 0.185006 0.199849 0.214564 0.229001 0.243011 0.256454 0.269192 0.281099 0.292061 0.301973 0.310744 0.318296 0.324562 0.32949 0.333039 0.33518 0.335895 0.33518 0.333039 0.32949 0.324562 0.318296 0.310744 0.301973 0.292061 0.281099 0.269192 0.256454 0.243011 0.229001 0.214564 0.199849 0.185006 0.170186 0.155534 0.141188 0.12728 0.113925 0.101225 0.0892659 0.0781131 0.0678145 0.0583986 0.0498754 0.0422378 0.035463 0.0295149 0.0243464 0.0199018 0.0161196 0.0129351 0.0102822 0.00809576 0.00631303 0.00487521 0.00372818 0.00282322 0.00211721 0.00157278 0.00115806 0.000846388 0.000615949 0.00044927 0.000332792 0.000256457 0.000213345 
0.000244396 0.000261307 0.00031363 0.000406191 0.000547247 0.000748788 0.00102693 0.00140239 0.00190099 0.00255411 0.00339918 0.00447991 0.00584647 0.00755534 0.00966885 0.0122544 0.0153834 0.0191293 0.023566 0.0287653 0.0347943 0.0417124 0.0495686 0.0583986 0.0682221 0.0790408 0.0908362 0.103569 0.117179 0.131584 0.146683 0.162356 0.178468 0.194872 0.211411 0.227922 0.24424 0.260202 0.275647 0.290424 0.30439 0.317412 0.329372 0.340164 0.349695 0.357887 0.364675 0.370008 0.373845 0.376158 0.37693 0.376158 0.373845 0.370008 0.364675 0.357887 0.349695 0.340164 0.329372 0.317412 0.30439 0.290424 0.275647 0.260202 0.24424 0.227922 0.211411 0.194872 0.178468 0.162356 0.146683 0.131584 0.117179 0.103569 0.0908362 0.0790408 0.0682221 0.0583986 0.0495686 0.0417124 0.0347943 0.0287653 0.023566 0.0191293 0.0153834 0.0122544 0.00966885 0.00755534 0.00584647 0.00447991 0.00339918 0.00255411 0.00190099 0.00140239 0.00102693 0.000748788 0.000547247 0.000406191 0.00031363 0.000261307 
0.000296956 0.000317316 0.000380279 0.000491565 0.000660946 0.000902588 0.00123549 0.00168402 0.00227842 0.00305539 0.00405847 0.00533835 0.00695292 0.00896703 0.0114519 0.014484 0.0181437 0.0225133 0.0276745 0.0337059 0.0406797 0.0486585 0.0576921 0.0678145 0.0790408 0.0913651 0.104759 0.11917 0.134524 0.15072 0.167639 0.185143 0.203077 0.221275 0.239561 0.257757 0.275682 0.29316 0.310022 0.326106 0.341265 0.355363 0.368279 0.379907 0.390157 0.398951 0.406227 0.411935 0.416038 0.418511 0.419336 0.418511 0.416038 0.411935 0.406227 0.398951 0.390157 0.379907 0.368279 0.355363 0.341265 0.326106 0.310022 0.29316 0.275682 0.257757 0.239561 0.221275 0.203077 0.185143 0.167639 0.15072 0.134524 0.11917 0.104759 0.0913651 0.0790408 0.0678145 0.0576921 0.0486585 0.0406797 0.0337059 0.0276745 0.0225133 0.0181437 0.014484 0.0114519 0.00896703 0.00695292 0.00533835 0.00405847 0.00305539 0.00227842 0.00168402 0.00123549 0.000902588 0.000660946 0.000491565 0.000380279 0.000317316 
0.000357758 0.000382064 0.000457197 0.000589878 0.000791578 0.00107889 0.00147403 0.00200541 0.00270819 0.00362488 0.00480574 0.00630904 0.00820101 0.0105555 0.013453 0.0169798 0.0212254 0.0262809 0.032236 0.0391755 0.0471762 0.0563028 0.0666049 0.0781131 0.0908362 0.104759 0.119841 0.136015 0.153188 0.171242 0.190038 0.209417 0.229203 0.249211 0.269248 0.289117 0.308626 0.327586 0.345819 0.363159 0.379453 0.394565 0.408374 0.420777 0.431686 0.441028 0.448745 0.454792 0.459134 0.461749 0.462622 0.461749 0.459134 0.454792 0.448745 0.441028 0.431686 0.420777 0.408374 0.394565 0.379453 0.363159 0.345819 0.327586 0.308626 0.289117 0.269248 0.249211 0.229203 0.209417 0.190038 0.171242 0.153188 0.136015 0.119841 0.104759 0.0908362 0.0781131 0.0666049 0.0563028 0.0471762 0.0391755 0.032236 0.0262809 0.0212254 0.0169798 0.013453 0.0105555 0.00820101 0.00630904 0.00480574 0.00362488 0.00270819 0.00200541 0.00147403 0.00107889 0.000791578 0.000589878 0.000457197 0.000382064 
0.000427382 0.00045616 0.000545074 0.000701959 0.000940164 0.00127898 0.00174415 0.00236854 0.00319271 0.00426548 0.0056444 0.00739588 0.00959508 0.0123253 0.0156771 0.0197463 0.0246322 0.0304347 0.0372508 0.0451714 0.0542768 0.0646329 0.0762874 0.0892659 0.103569 0.11917 0.136015 0.154018 0.173068 0.193027 0.213734 0.235006 0.25665 0.278458 0.30022 0.321726 0.342767 0.363148 0.382682 0.4012 0.418548 0.43459 0.44921 0.462308 0.473803 0.483627 0.491728 0.498068 0.502615 0.505351 0.506264 0.505351 0.502615 0.498068 0.491728 0.483627 0.473803 0.462308 0.44921 0.43459 0.418548 0.4012 0.382682 0.363148 0.342767 0.321726 0.30022 0.278458 0.25665 0.235006 0.213734 0.193027 0.173068 0.154018 0.136015 0.11917 0.103569 0.0892659 0.0762874 0.0646329 0.0542768 0.0451714 0.0372508 0.0304347 0.0246322 0.0197463 0.0156771 0.0123253 0.00959508 0.00739588 0.0056444 0.00426548 0.00319271 0.00236854 0.00174415 0.00127898 0.000940164 0.000701959 0.000545074 0.00045616 
0.000506299 0.000540092 0.000644456 0.000828447 0.00110748 0.00150378 0.00204699 0.00277478 0.00373355 0.00497896 0.00657635 0.00860081 0.0111369 0.014278 0.0181247 0.022783 0.0283618 0.0349695 0.0427104 0.0516803 0.0619621 0.0736217 0.0867031 0.101225 0.117179 0.134524 0.153188 0.173068 0.194032 0.215919 0.238545 0.261706 0.285185 0.308757 0.332193 0.355269 0.377767 0.399481 0.420222 0.439817 0.458116 0.474987 0.490317 0.504016 0.516009 0.526238 0.534658 0.541237 0.545951 0.548785 0.54973 0.548785 0.545951 0.541237 0.534658 0.526238 0.516009 0.504016 0.490317 0.474987 0.458116 0.439817 0.420222 0.399481 0.377767 0.355269 0.332193 0.308757 0.285185 0.261706 0.238545 0.215919 0.194032 0.173068 0.153188 0.134524 0.117179 0.101225 0.0867031 0.0736217 0.0619621 0.0516803 0.0427104 0.0349695 0.0283618 0.022783 0.0181247 0.014278 0.0111369 0.00860081 0.00657635 0.00497896 0.00373355 0.00277478 0.00204699 0.00150378 0.00110748 0.000828447 0.000644456 0.000540092 
0.000594833 0.000634194 0.000755704 0.000969747 0.00129398 0.00175383 0.00238311 0.0032247 0.00433126 0.00576574 0.00760174 0.00992351 0.0128255 0.0164113 0.0207919 0.0260838 0.032405 0.0398723 0.0485965 0.0586774 0.0701996 0.083227 0.0977988 0.113925 0.131584 0.15072 0.171242 0.193027 0.215919 0.239734 0.264263 0.28928 0.314548 0.33982 0.364854 0.38941 0.413263 0.4362 0.458031 0.478585 0.497715 0.515294 0.531222 0.545415 0.557809 0.568356 0.577022 0.583781 0.588619 0.591526 0.592495 0.591526 0.588619 0.583781 0.577022 0.568356 0.557809 0.545415 0.531222 0.515294 0.497715 0.478585 0.458031 0.4362 0.413263 0.38941 0.364854 0.33982 0.314548 0.28928 0.264263 0.239734 0.215919 0.193027 0.171242 0.15072 0.131584 0.113925 0.0977988 0.083227 0.0701996 0.0586774 0.0485965 0.0398723 0.032405 0.0260838 0.0207919 0.0164113 0.0128255 0.00992351 0.00760174 0.00576574 0.00433126 0.0032247 0.00238311 0.00175383 0.00129398 0.000969747 0.000755704 0.000634194 
0.000693127 0.000738609 0.000878953 0.00112598 0.00149975 0.00202913 0.0027524 0.003718 0.00498521 0.00662469 0.00871874 0.0113611 0.0146565 0.0187189 0.0236702 0.0296365 0.0367455 0.0451214 0.0548807 0.0661265 0.0789433 0.0933919 0.109504 0.12728 0.146683 0.167639 0.190038 0.213734 0.238545 0.264263 0.290655 0.317473 0.344457 0.371343 0.397872 0.423797 0.448881 0.472913 0.4957 0.517076 0.536901 0.55506 0.571459 0.58603 0.59872 0.609494 0.618328 0.625207 0.630125 0.633076 0.63406 0.633076 0.630125 0.625207 0.618328 0.609494 0.59872 0.58603 0.571459 0.55506 0.536901 0.517076 0.4957 0.472913 0.448881 0.423797 0.397872 0.371343 0.344457 0.317473 0.290655 0.264263 0.238545 0.213734 0.190038 0.167639 0.146683 0.12728 0.109504 0.0933919 0.0789433 0.0661265 0.0548807 0.0451214 0.0367455 0.0296365 0.0236702 0.0187189 0.0146565 0.0113611 0.00871874 0.00662469 0.00498521 0.003718 0.0027524 0.00202913 0.00149975 0.00112598 0.000878953 0.000738609 
0.000801115 0.000853254 0.00101408 0.00129693 0.00172445 0.00232913 0.00315399 0.00425335 0.00569346 0.00755302 0.00992335 0.0129081 0.0166222 0.0211906 0.0267455 0.033423 0.0413595 0.0506864 0.0615248 0.0739798 0.0881346 0.104045 0.121734 0.141188 0.162356 0.185143 0.209417 0.235006 0.261706 0.28928 0.317473 0.346012 0.374617 0.403008 0.430912 0.458073 0.48425 0.509231 0.532826 0.554877 0.575254 0.593851 0.610592 0.62542 0.638298 0.649204 0.658127 0.665064 0.670015 0.672984 0.673974 0.672984 0.670015 0.665064 0.658127 0.649204 0.638298 0.62542 0.610592 0.593851 0.575254 0.554877 0.532826 0.509231 0.48425 0.458073 0.430912 0.403008 0.374617 0.346012 0.317473 0.28928 0.261706 0.235006 0.209417 0.185143 0.162356 0.141188 0.121734 0.104045 0.0881346 0.0739798 0.0615248 0.0506864 0.0413595 0.033423 0.0267455 0.0211906 0.0166222 0.0129081 0.00992335 0.00755302 0.00569346 0.00425335 0.00315399 0.00232913 0.00172445 0.00129693 0.00101408 0.000853254 
0.000918489 0.000977794 0.00116065 0.00148202 0.00196724 0.00265264 0.00358621 0.00482838 0.00645267 0.00854611 0.0112093 0.0145559 0.0187115 0.0238115 0.0299987 0.0374187 0.0462161 0.0565285 0.0684809 0.0821788 0.0977027 0.115101 0.134388 0.155534 0.178468 0.203077 0.229203 0.25665 0.285185 0.314548 0.344457 0.374617 0.404729 0.434498 0.46364 0.49189 0.519008 0.544782 0.56903 0.591602 0.61238 0.631275 0.648224 0.663188 0.676146 0.68709 0.696023 0.702955 0.707896 0.710856 0.711841 0.710856 0.707896 0.702955 0.696023 0.68709 0.676146 0.663188 0.648224 0.631275 0.61238 0.591602 0.56903 0.544782 0.519008 0.49189 0.46364 0.434498 0.404729 0.374617 0.344457 0.314548 0.285185 0.25665 0.229203 0.203077 0.178468 0.155534 0.134388 0.115101 0.0977027 0.0821788 0.0684809 0.0565285 0.0462161 0.0374187 0.0299987 0.0238115 0.0187115 0.0145559 0.0112093 0.00854611 0.00645267 0.00482838 0.00358621 0.00265264 0.00196724 0.00148202 0.00116065 0.000977794 
0.00104468 0.00111162 0.00131794 0.00168027 0.0022268 0.00299782 0.00404649 0.00543958 0.00725806 0.00959751 0.012568 0.0162932 0.0209094 0.0265626 0.0334055 0.041593 0.0512771 0.0626009 0.0756917 0.0906547 0.107566 0.126465 0.147353 0.170186 0.194872 0.221275 0.249211 0.278458 0.308757 0.33982 0.371343 0.403008 0.434498 0.465504 0.495734 0.524919 0.552818 0.579224 0.603964 0.626902 0.647932 0.666984 0.684011 0.698993 0.711924 0.722816 0.731686 0.738554 0.743442 0.746367 0.74734 0.746367 0.743442 0.738554 0.731686 0.722816 0.711924 0.698993 0.684011 0.666984 0.647932 0.626902 0.603964 0.579224 0.552818 0.524919 0.495734 0.465504 0.434498 0.403008 0.371343 0.33982 0.308757 0.278458 0.249211 0.221275 0.194872 0.170186 0.147353 0.126465 0.107566 0.0906547 0.0756917 0.0626009 0.0512771 0.041593 0.0334055 0.0265626 0.0209094 0.0162932 0.012568 0.00959751 0.00725806 0.00543958 0.00404649 0.00299782 0.0022268 0.00168027 0.00131794 0.00111162 
0.00117885 0.00125383 0.00148486 0.00189031 0.00250127 0.00336215 0.00453141 0.00608229 0.00810339 0.0106989 0.0139884 0.0181059 0.0231978 0.0294207 0.0369368 0.0459096 0.056498 0.0688492 0.0830922 0.0993299 0.117632 0.13803 0.160509 0.185006 0.211411 0.239561 0.269248 0.30022 0.332193 0.364854 0.397872 0.430912 0.46364 0.495734 0.526896 0.556855 0.585372 0.61225 0.637325 0.660475 0.681614 0.700687 0.717669 0.732557 0.745365 0.756121 0.764857 0.771607 0.776404 0.779271 0.780225 0.779271 0.776404 0.771607 0.764857 0.756121 0.745365 0.732557 0.717669 0.700687 0.681614 0.660475 0.637325 0.61225 0.585372 0.556855 0.526896 0.495734 0.46364 0.430912 0.397872 0.364854 0.332193 0.30022 0.269248 0.239561 0.211411 0.185006 0.160509 0.13803 0.117632 0.0993299 0.0830922 0.0688492 0.056498 0.0459096 0.0369368 0.0294207 0.0231978 0.0181059 0.0139884 0.0106989 0.00810339 0.00608229 0.00453141 0.00336215 0.00250127 0.00189031 0.00148486 0.00125383 
0.00131987 0.00140324 0.00166 0.00211032 0.00278826 0.00374242 0.00503664 0.00675073 0.00898096 0.0118402 0.0154576 0.0199769 0.0255552 0.0323586 0.0405587 0.0503271 0.0618282 0.0752128 0.09061 0.108119 0.127803 0.149681 0.173724 0.199849 0.227922 0.257757 0.289117 0.321726 0.355269 0.38941 0.423797 0.458073 0.49189 0.524919 0.556855 0.587427 0.616405 0.643597 0.668856 0.692075 0.713187 0.732157 0.74898 0.763673 0.77627 0.786815 0.795356 0.801941 0.806612 0.8094 0.810327 0.8094 0.806612 0.801941 0.795356 0.786815 0.77627 0.763673 0.74898 0.732157 0.713187 0.692075 0.668856 0.643597 0.616405 0.587427 0.556855 0.524919 0.49189 0.458073 0.423797 0.38941 0.355269 0.321726 0.289117 0.257757 0.227922 0.199849 0.173724 0.149681 0.127803 0.108119 0.09061 0.0752128 0.0618282 0.0503271 0.0405587 0.0323586 0.0255552 0.0199769 0.0154576 0.0118402 0.00898096 0.00675073 0.00503664 0.00374242 0.00278826 0.00211032 0.00166 0.00140324 
0.00146635 0.00155835 0.00184161 0.00233809 0.00308488 0.00413477 0.00555704 0.00743807 0.00988179 0.0130097 0.0169602 0.0218871 0.027957 0.0353458 0.0442338 0.0547994 0.0672123 0.0816256 0.0981673 0.116932 0.137975 0.161301 0.186864 0.214564 0.24424 0.275682 0.308626 0.342767 0.377767 0.413263 0.448881 0.48425 0.519008 0.552818 0.585372 0.616405 0.64569 0.67305 0.698353 0.72151 0.742473 0.761229 0.777793 0.792203 0.804512 0.814782 0.823077 0.829457 0.833973 0.836666 0.837561 0.836666 0.833973 0.829457 0.823077 0.814782 0.804512 0.792203 0.777793 0.761229 0.742473 0.72151 0.698353 0.67305 0.64569 0.616405 0.585372 0.552818 0.519008 0.48425 0.448881 0.413263 0.377767 0.342767 0.308626 0.275682 0.24424 0.214564 0.186864 0.161301 0.137975 0.116932 0.0981673 0.0816256 0.0672123 0.0547994 0.0442338 0.0353458 0.027957 0.0218871 0.0169602 0.0130097 0.00988179 0.00743807 0.00555704 0.00413477 0.00308488 0.00233809 0.00184161 0.00155835 
0.00161663 0.00171741 0.00202763 0.00257106 0.00338776 0.00453477 0.00608672 0.00813652 0.0107957 0.0141941 0.0184794 0.0238147 0.0303763 0.0383491 0.0479211 0.0592772 0.0725912 0.0880174 0.105682 0.125674 0.148038 0.172766 0.199794 0.229001 0.260202 0.29316 0.327586 0.363148 0.399481 0.4362 0.472913 0.509231 0.544782 0.579224 0.61225 0.643597 0.67305 0.700446 0.725668 0.748647 0.769355 0.787801 0.804022 0.818077 0.830036 0.83998 0.847987 0.854129 0.858469 0.861053 0.861911 0.861053 0.858469 0.854129 0.847987 0.83998 0.830036 0.818077 0.804022 0.787801 0.769355 0.748647 0.725668 0.700446 0.67305 0.643597 0.61225 0.579224 0.544782 0.509231 0.472913 0.4362 0.399481 0.363148 0.327586 0.29316 0.260202 0.229001 0.199794 0.172766 0.148038 0.125674 0.105682 0.0880174 0.0725912 0.0592772 0.0479211 0.0383491 0.0303763 0.0238147 0.0184794 0.0141941 0.0107957 0.00813652 0.00608672 0.00453477 0.00338776 0.00257106 0.00202763 0.00171741 
