0.00234344 0.00237005 0.00245008 0.00258408 0.00277299 0.00301809 0.00332095 0.00368345 0.00410764 0.00459579 0.00515023 0.00577338 0.00646757 0.00723505 0.00807788 0.00899783 0.00999631 0.0110743 0.0122322 0.0134699 0.0147866 0.0161807 0.0176498 0.0191908 0.0207996 0.0224711 0.0241995 0.0259781 0.0277991 0.029654 0.0315336 0.0334276 0.0353255 0.0372158 0.0390869 0.0409267 0.0427228 0.0444627 0.0461341 0.0477248 0.0492229 0.050617 0.0518963 0.0530506 0.0540708 0.0549487 0.0556771 0.0562499 0.0566626 0.0569115 0.0569948 0.0569115 0.0566626 0.0562499 0.0556771 0.0549487 0.0540708 0.0530506 0.0518963 0.050617 0.0492229 0.0477248 0.0461341 0.0444627 0.0427228 0.0409267 0.0390869 0.0372158 0.0353255 0.0334276 0.0315336 0.029654 0.0277991 0.0259781 0.0241995 0.0224711 0.0207996 0.0191908 0.0176498 0.0161807 0.0147866 0.0134699 0.0122322 0.0110743 0.00999631 0.00899783 0.00807788 0.00723505 0.00646757 0.00577338 0.00515023 0.00459579 0.00410764 0.00368345 0.00332095 0.00301809 0.00277299 0.00258408 0.00245008 0.00237005 
0.00237005 0.00239694 0.00247779 0.00261318 0.00280404 0.00305167 0.00335764 0.00372384 0.00415236 0.00464545 0.00520548 0.00583486 0.00653596 0.00731103 0.00816214 0.00909106 0.0100992 0.0111875 0.0123565 0.013606 0.014935 0.0163421 0.0178248 0.01938 0.0210034 0.02269 0.024434 0.0262284 0.0280656 0.0299368 0.0318327 0.0337432 0.0356574 0.037564 0.039451 0.0413063 0.0431175 0.044872 0.0465573 0.0481612 0.0496717 0.0510772 0.0523669 0.0535307 0.0545593 0.0554443 0.0561785 0.056756 0.057172 0.0574229 0.0575068 0.0574229 0.057172 0.056756 0.0561785 0.0554443 0.0545593 0.0535307 0.0523669 0.0510772 0.0496717 0.0481612 0.0465573 0.044872 0.0431175 0.0413063 0.039451 0.037564 0.0356574 0.0337432 0.0318327 0.0299368 0.0280656 0.0262284 0.024434 0.02269 0.0210034 0.01938 0.0178248 0.0163421 0.014935 0.013606 0.0123565 0.0111875 0.0100992 0.00909106 0.00816214 0.00731103 0.00653596 0.00583486 0.00520548 0.00464545 0.00415236 0.00372384 0.00335764 0.00305167 0.00280404 0.00261318 0.00247779 0.00239694 
0.00245008 0.00247779 0.00256113 0.00270069 0.00289742 0.00315263 0.00346795 0.00384529 0.00428678 0.00479472 0.00537153 0.00601966 0.00674152 0.00753939 0.00841536 0.00937122 0.0104084 0.0115279 0.01273 0.0140147 0.0153809 0.016827 0.0183506 0.0199482 0.0216157 0.0233477 0.0251383 0.0269803 0.0288659 0.030786 0.0327312 0.034691 0.0366543 0.0386094 0.0405442 0.0424462 0.0443027 0.0461009 0.0478279 0.0494714 0.0510189 0.0524588 0.0537799 0.0549719 0.0560254 0.0569317 0.0576837 0.0582751 0.058701 0.058958 0.0590439 0.058958 0.058701 0.0582751 0.0576837 0.0569317 0.0560254 0.0549719 0.0537799 0.0524588 0.0510189 0.0494714 0.0478279 0.0461009 0.0443027 0.0424462 0.0405442 0.0386094 0.0366543 0.034691 0.0327312 0.030786 0.0288659 0.0269803 0.0251383 0.0233477 0.0216157 0.0199482 0.0183506 0.016827 0.0153809 0.0140147 0.01273 0.0115279 0.0104084 0.00937122 0.00841536 0.00753939 0.00674152 0.00601966 0.00537153 0.00479472 0.00428678 0.00384529 0.00346795 0.00315263 0.00289742 0.00270069 0.00256113 0.00247779 
0.00258408 0.00261318 0.00270069 0.00284722 0.00305375 0.00332165 0.00365259 0.00404855 0.00451173 0.0050445 0.00564936 0.00632882 0.00708536 0.00792132 0.00883883 0.00983971 0.0109254 0.0120968 0.0133544 0.0146978 0.0161261 0.0176374 0.0192291 0.0208977 0.0226386 0.0244465 0.0263148 0.0282363 0.0302025 0.0322043 0.0342316 0.0362736 0.0383187 0.0403547 0.0423692 0.044349 0.0462811 0.048152 0.0499486 0.0516579 0.0532672 0.0547644 0.0561379 0.0573769 0.0584718 0.0594138 0.0601952 0.0608097 0.0612523 0.0615194 0.0616086 0.0615194 0.0612523 0.0608097 0.0601952 0.0594138 0.0584718 0.0573769 0.0561379 0.0547644 0.0532672 0.0516579 0.0499486 0.048152 0.0462811 0.044349 0.0423692 0.0403547 0.0383187 0.0362736 0.0342316 0.0322043 0.0302025 0.0282363 0.0263148 0.0244465 0.0226386 0.0208977 0.0192291 0.0176374 0.0161261 0.0146978 0.0133544 0.0120968 0.0109254 0.00983971 0.00883883 0.00792132 0.00708536 0.00632882 0.00564936 0.0050445 0.00451173 0.00404855 0.00365259 0.00332165 0.00305375 0.00284722 0.00270069 0.00261318 
0.00277299 0.00280404 0.00289742 0.00305375 0.00327408 0.00355982 0.00391273 0.00433488 0.00482855 0.00539624 0.00604053 0.00676403 0.00756931 0.0084588 0.00943468 0.0104988 0.0116526 0.0128971 0.0142324 0.0156583 0.0171737 0.0187765 0.0204638 0.0222319 0.0240759 0.02599 0.0279674 0.0300002 0.0320796 0.0341958 0.0363382 0.0384953 0.040655 0.0428044 0.0449304 0.0470192 0.049057 0.0510298 0.0529238 0.0547253 0.056421 0.0579983 0.0594449 0.0607499 0.0619028 0.0628945 0.0637171 0.064364 0.0648299 0.0651109 0.0652049 0.0651109 0.0648299 0.064364 0.0637171 0.0628945 0.0619028 0.0607499 0.0594449 0.0579983 0.056421 0.0547253 0.0529238 0.0510298 0.049057 0.0470192 0.0449304 0.0428044 0.040655 0.0384953 0.0363382 0.0341958 0.0320796 0.0300002 0.0279674 0.02599 0.0240759 0.0222319 0.0204638 0.0187765 0.0171737 0.0156583 0.0142324 0.0128971 0.0116526 0.0104988 0.00943468 0.0084588 0.00756931 0.00676403 0.00604053 0.00539624 0.00482855 0.00433488 0.00391273 0.00355982 0.00327408 0.00305375 0.00289742 0.00280404 
0.00301809 0.00305167 0.00315263 0.00332165 0.00355982 0.00386864 0.00424997 0.00470598 0.0052391 0.00585192 0.00654718 0.0073276 0.00819587 0.00915451 0.0102058 0.0113516 0.0125934 0.013932 0.0153678 0.0169002 0.0185279 0.0202486 0.0220593 0.0239557 0.0259325 0.0279835 0.0301014 0.0322775 0.0345026 0.036766 0.0390565 0.0413618 0.0436689 0.0459642 0.0482336 0.0504625 0.0526362 0.05474 0.0567591 0.0586791 0.0604858 0.0621659 0.0637066 0.0650961 0.0663235 0.0673791 0.0682547 0.0689431 0.0694388 0.0697379 0.0698378 0.0697379 0.0694388 0.0689431 0.0682547 0.0673791 0.0663235 0.0650961 0.0637066 0.0621659 0.0604858 0.0586791 0.0567591 0.05474 0.0526362 0.0504625 0.0482336 0.0459642 0.0436689 0.0413618 0.0390565 0.036766 0.0345026 0.0322775 0.0301014 0.0279835 0.0259325 0.0239557 0.0220593 0.0202486 0.0185279 0.0169002 0.0153678 0.013932 0.0125934 0.0113516 0.0102058 0.00915451 0.00819587 0.0073276 0.00654718 0.00585192 0.0052391 0.00470598 0.00424997 0.00386864 0.00355982 0.00332165 0.00315263 0.00305167 
0.00332095 0.00335764 0.00346795 0.00365259 0.00391273 0.00424997 0.00466629 0.00516398 0.00574563 0.00641399 0.00717194 0.00802238 0.0089681 0.0100118 0.0111557 0.0124018 0.0137517 0.015206 0.0167651 0.0184281 0.0201936 0.0220591 0.024021 0.0260746 0.0282143 0.0304331 0.0327229 0.0350747 0.0374781 0.0399217 0.0423934 0.04488 0.0473673 0.0498409 0.0522855 0.0546856 0.0570255 0.0592892 0.0614611 0.0635257 0.065468 0.0672737 0.0689291 0.0704217 0.07174 0.0728736 0.0738137 0.0745528 0.075085 0.075406 0.0755133 0.075406 0.075085 0.0745528 0.0738137 0.0728736 0.07174 0.0704217 0.0689291 0.0672737 0.065468 0.0635257 0.0614611 0.0592892 0.0570255 0.0546856 0.0522855 0.0498409 0.0473673 0.04488 0.0423934 0.0399217 0.0374781 0.0350747 0.0327229 0.0304331 0.0282143 0.0260746 0.024021 0.0220591 0.0201936 0.0184281 0.0167651 0.015206 0.0137517 0.0124018 0.0111557 0.0100118 0.0089681 0.00802238 0.00717194 0.00641399 0.00574563 0.00516398 0.00466629 0.00424997 0.00391273 0.00365259 0.00346795 0.00335764 
0.00368345 0.00372384 0.00384529 0.00404855 0.00433488 0.00470598 0.00516398 0.00571133 0.00635079 0.00708529 0.00791789 0.00885166 0.00988955 0.0110343 0.0122885 0.0136539 0.0151322 0.016724 0.0184295 0.0202477 0.0221768 0.024214 0.0263552 0.0285953 0.030928 0.0333455 0.0358391 0.0383988 0.0410133 0.0436703 0.0463563 0.0490572 0.0517577 0.054442 0.0570937 0.059696 0.062232 0.0646846 0.0670368 0.0692721 0.0713743 0.0733281 0.0751189 0.0767332 0.0781586 0.0793841 0.0804003 0.0811991 0.0817742 0.0821211 0.0822371 0.0821211 0.0817742 0.0811991 0.0804003 0.0793841 0.0781586 0.0767332 0.0751189 0.0733281 0.0713743 0.0692721 0.0670368 0.0646846 0.062232 0.059696 0.0570937 0.054442 0.0517577 0.0490572 0.0463563 0.0436703 0.0410133 0.0383988 0.0358391 0.0333455 0.030928 0.0285953 0.0263552 0.024214 0.0221768 0.0202477 0.0184295 0.016724 0.0151322 0.0136539 0.0122885 0.0110343 0.00988955 0.00885166 0.00791789 0.00708529 0.00635079 0.00571133 0.00516398 0.00470598 0.00433488 0.00404855 0.00384529 0.00372384 
0.00410764 0.00415236 0.00428678 0.00451173 0.00482855 0.0052391 0.00574563 0.00635079 0.00705753 0.00786898 0.00878842 0.00981909 0.0109641 0.0122265 0.0136086 0.0151126 0.01674 0.0184914 0.0203667 0.0223648 0.0244836 0.0267197 0.0290687 0.0315247 0.0340807 0.0367282 0.0394575 0.0422576 0.045116 0.0480193 0.0509529 0.0539012 0.0568476 0.059775 0.0626655 0.065501 0.068263 0.0709331 0.0734931 0.0759249 0.0782112 0.0803355 0.082282 0.0840362 0.0855849 0.0869161 0.0880198 0.0888873 0.0895118 0.0898884 0.0900143 0.0898884 0.0895118 0.0888873 0.0880198 0.0869161 0.0855849 0.0840362 0.082282 0.0803355 0.0782112 0.0759249 0.0734931 0.0709331 0.068263 0.065501 0.0626655 0.059775 0.0568476 0.0539012 0.0509529 0.0480193 0.045116 0.0422576 0.0394575 0.0367282 0.0340807 0.0315247 0.0290687 0.0267197 0.0244836 0.0223648 0.0203667 0.0184914 0.01674 0.0151126 0.0136086 0.0122265 0.0109641 0.00981909 0.00878842 0.00786898 0.00705753 0.00635079 0.00574563 0.0052391 0.00482855 0.00451173 0.00428678 0.00415236 
0.00459579 0.00464545 0.00479472 0.0050445 0.00539624 0.00585192 0.00641399 0.00708529 0.00786898 0.00876844 0.00978714 0.0109286 0.012196 0.0135925 0.0151208 0.016783 0.0185804 0.0205137 0.0225826 0.0247857 0.0271204 0.029583 0.0321683 0.0348699 0.0376798 0.0405886 0.0435856 0.0466585 0.0497937 0.0529765 0.0561908 0.0594194 0.0626445 0.0658471 0.069008 0.0721073 0.075125 0.0780411 0.0808359 0.0834898 0.0859841 0.088301 0.0904233 0.0923356 0.0940234 0.095474 0.0966764 0.0976213 0.0983015 0.0987118 0.0988489 0.0987118 0.0983015 0.0976213 0.0966764 0.095474 0.0940234 0.0923356 0.0904233 0.088301 0.0859841 0.0834898 0.0808359 0.0780411 0.075125 0.0721073 0.069008 0.0658471 0.0626445 0.0594194 0.0561908 0.0529765 0.0497937 0.0466585 0.0435856 0.0405886 0.0376798 0.0348699 0.0321683 0.029583 0.0271204 0.0247857 0.0225826 0.0205137 0.0185804 0.016783 0.0151208 0.0135925 0.012196 0.0109286 0.00978714 0.00876844 0.00786898 0.00708529 0.00641399 0.00585192 0.00539624 0.0050445 0.00479472 0.00464545 
0.00515023 0.00520548 0.00537153 0.00564936 0.00604053 0.00654718 0.00717194 0.00791789 0.00878842 0.00978714 0.0109178 0.012184 0.0135894 0.0151371 0.01683 0.0186701 0.0206588 0.0227967 0.0250831 0.0275165 0.0300937 0.0328104 0.0356609 0.0386378 0.0417322 0.0449338 0.0482304 0.0516087 0.0550536 0.0585488 0.0620767 0.0656185 0.0691547 0.0726645 0.076127 0.0795204 0.0828232 0.0860134 0.0890697 0.091971 0.0946969 0.097228 0.099546 0.101634 0.103477 0.10506 0.106372 0.107403 0.108145 0.108593 0.108742 0.108593 0.108145 0.107403 0.106372 0.10506 0.103477 0.101634 0.099546 0.097228 0.0946969 0.091971 0.0890697 0.0860134 0.0828232 0.0795204 0.076127 0.0726645 0.0691547 0.0656185 0.0620767 0.0585488 0.0550536 0.0516087 0.0482304 0.0449338 0.0417322 0.0386378 0.0356609 0.0328104 0.0300937 0.0275165 0.0250831 0.0227967 0.0206588 0.0186701 0.01683 0.0151371 0.0135894 0.012184 0.0109178 0.00978714 0.00878842 0.00791789 0.00717194 0.00654718 0.00604053 0.00564936 0.00537153 0.00520548 
0.00577338 0.00583486 0.00601966 0.00632882 0.00676403 0.0073276 0.00802238 0.00885166 0.00981909 0.0109286 0.012184 0.0135894 0.0151485 0.0168646 0.0187407 0.0207788 0.0229804 0.0253457 0.0278739 0.030563 0.0334094 0.0364081 0.0395527 0.0428347 0.0462443 0.0497699 0.0533982 0.0571142 0.0609014 0.0647418 0.068616 0.0725036 0.076383 0.0802316 0.0840265 0.0877441 0.0913607 0.0948528 0.0981968 0.10137 0.104351 0.107117 0.10965 0.111932 0.113944 0.115673 0.117106 0.118231 0.119042 0.11953 0.119693 0.11953 0.119042 0.118231 0.117106 0.115673 0.113944 0.111932 0.10965 0.107117 0.104351 0.10137 0.0981968 0.0948528 0.0913607 0.0877441 0.0840265 0.0802316 0.076383 0.0725036 0.068616 0.0647418 0.0609014 0.0571142 0.0533982 0.0497699 0.0462443 0.0428347 0.0395527 0.0364081 0.0334094 0.030563 0.0278739 0.0253457 0.0229804 0.0207788 0.0187407 0.0168646 0.0151485 0.0135894 0.012184 0.0109286 0.00981909 0.00885166 0.00802238 0.0073276 0.00676403 0.00632882 0.00601966 0.00583486 
0.00646757 0.00653596 0.00674152 0.00708536 0.00756931 0.00819587 0.0089681 0.00988955 0.0109641 0.012196 0.0135894 0.0151485 0.0168773 0.0187793 0.0208574 0.0231138 0.0255498 0.0281656 0.03096 0.0339304 0.0370728 0.0403814 0.0438489 0.0474659 0.0512213 0.0551022 0.0590938 0.0631797 0.0673415 0.0715596 0.0758125 0.0800779 0.0843321 0.0885506 0.0927081 0.0967792 0.100738 0.104559 0.108216 0.111686 0.114944 0.117967 0.120734 0.123225 0.125422 0.127309 0.128873 0.130101 0.130985 0.131518 0.131696 0.131518 0.130985 0.130101 0.128873 0.127309 0.125422 0.123225 0.120734 0.117967 0.114944 0.111686 0.108216 0.104559 0.100738 0.0967792 0.0927081 0.0885506 0.0843321 0.0800779 0.0758125 0.0715596 0.0673415 0.0631797 0.0590938 0.0551022 0.0512213 0.0474659 0.0438489 0.0403814 0.0370728 0.0339304 0.03096 0.0281656 0.0255498 0.0231138 0.0208574 0.0187793 0.0168773 0.0151485 0.0135894 0.012196 0.0109641 0.00988955 0.0089681 0.00819587 0.00756931 0.00708536 0.00674152 0.00653596 
0.00723505 0.00731103 0.00753939 0.00792132 0.0084588 0.00915451 0.0100118 0.0110343 0.0122265 0.0135925 0.0151371 0.0168646 0.0187793 0.0208846 0.0231838 0.025679 0.0283713 0.0312606 0.0343455 0.0376229 0.041088 0.0447344 0.0485536 0.0525351 0.0566667 0.0609339 0.0653204 0.0698078 0.0743763 0.0790038 0.0836673 0.0883419 0.093002 0.0976206 0.10217 0.106624 0.110952 0.115128 0.119124 0.122913 0.12647 0.129769 0.132788 0.135505 0.137902 0.139959 0.141664 0.143003 0.143967 0.144548 0.144742 0.144548 0.143967 0.143003 0.141664 0.139959 0.137902 0.135505 0.132788 0.129769 0.12647 0.122913 0.119124 0.115128 0.110952 0.106624 0.10217 0.0976206 0.093002 0.0883419 0.0836673 0.0790038 0.0743763 0.0698078 0.0653204 0.0609339 0.0566667 0.0525351 0.0485536 0.0447344 0.041088 0.0376229 0.0343455 0.0312606 0.0283713 0.025679 0.0231838 0.0208846 0.0187793 0.0168646 0.0151371 0.0135925 0.0122265 0.0110343 0.0100118 0.00915451 0.0084588 0.00792132 0.00753939 0.00731103 
0.00807788 0.00816214 0.00841536 0.00883883 0.00943468 0.0102058 0.0111557 0.0122885 0.0136086 0.0151208 0.01683 0.0187407 0.0208574 0.0231838 0.0257232 0.0284775 0.0314479 0.0346339 0.0380337 0.0416435 0.045458 0.0494697 0.0536691 0.0580445 0.0625822 0.0672662 0.0720785 0.0769987 0.082005 0.0870734 0.0921784 0.097293 0.102389 0.107437 0.112408 0.117271 0.121996 0.126552 0.130911 0.135042 0.138918 0.142513 0.145801 0.148761 0.151369 0.153609 0.155465 0.156922 0.15797 0.158602 0.158813 0.158602 0.15797 0.156922 0.155465 0.153609 0.151369 0.148761 0.145801 0.142513 0.138918 0.135042 0.130911 0.126552 0.121996 0.117271 0.112408 0.107437 0.102389 0.097293 0.0921784 0.0870734 0.082005 0.0769987 0.0720785 0.0672662 0.0625822 0.0580445 0.0536691 0.0494697 0.045458 0.0416435 0.0380337 0.0346339 0.0314479 0.0284775 0.0257232 0.0231838 0.0208574 0.0187407 0.01683 0.0151208 0.0136086 0.0122885 0.0111557 0.0102058 0.00943468 0.00883883 0.00841536 0.00816214 
0.00899783 0.00909106 0.00937122 0.00983971 0.0104988 0.0113516 0.0124018 0.0136539 0.0151126 0.016783 0.0186701 0.0207788 0.0231138 0.025679 0.0284775 0.0315115 0.0347816 0.0382873 0.042026 0.0459936 0.0501838 0.054588 0.0591958 0.0639939 0.0689672 0.0740979 0.0793661 0.0847496 0.0902242 0.0957638 0.10134 0.106925 0.112486 0.117992 0.123411 0.128711 0.133857 0.138818 0.143562 0.148057 0.152273 0.156181 0.159756 0.162971 0.165806 0.168239 0.170254 0.171836 0.172975 0.173661 0.17389 0.173661 0.172975 0.171836 0.170254 0.168239 0.165806 0.162971 0.159756 0.156181 0.152273 0.148057 0.143562 0.138818 0.133857 0.128711 0.123411 0.117992 0.112486 0.106925 0.10134 0.0957638 0.0902242 0.0847496 0.0793661 0.0740979 0.0689672 0.0639939 0.0591958 0.054588 0.0501838 0.0459936 0.042026 0.0382873 0.0347816 0.0315115 0.0284775 0.025679 0.0231138 0.0207788 0.0186701 0.016783 0.0151126 0.0136539 0.0124018 0.0113516 0.0104988 0.00983971 0.00937122 0.00909106 
0.00999631 0.0100992 0.0104084 0.0109254 0.0116526 0.0125934 0.0137517 0.0151322 0.01674 0.0185804 0.0206588 0.0229804 0.0255498 0.0283713 0.0314479 0.0347816 0.038373 0.0422209 0.0463225 0.0506727 0.0552643 0.0600879 0.0651315 0.0703805 0.075818 0.0814245 0.087178 0.0930542 0.0990265 0.105067 0.111144 0.117226 0.12328 0.129272 0.135166 0.140927 0.146519 0.151908 0.157059 0.161937 0.166511 0.170751 0.174627 0.178113 0.181185 0.183821 0.186004 0.187718 0.188951 0.189695 0.189943 0.189695 0.188951 0.187718 0.186004 0.183821 0.181185 0.178113 0.174627 0.170751 0.166511 0.161937 0.157059 0.151908 0.146519 0.140927 0.135166 0.129272 0.12328 0.117226 0.111144 0.105067 0.0990265 0.0930542 0.087178 0.0814245 0.075818 0.0703805 0.0651315 0.0600879 0.0552643 0.0506727 0.0463225 0.0422209 0.038373 0.0347816 0.0314479 0.0283713 0.0255498 0.0229804 0.0206588 0.0185804 0.01674 0.0151322 0.0137517 0.0125934 0.0116526 0.0109254 0.0104084 0.0100992 
0.0110743 0.0111875 0.0115279 0.0120968 0.0128971 0.013932 0.015206 0.016724 0.0184914 0.0205137 0.0227967 0.0253457 0.0281656 0.0312606 0.0346339 0.0382873 0.0422209 0.0464333 0.050921 0.0556781 0.0606965 0.0659653 0.0714714 0.0771985 0.0831279 0.0892382 0.0955052 0.101902 0.108401 0.114969 0.121574 0.128182 0.134755 0.141258 0.147651 0.153898 0.159959 0.165797 0.171374 0.176655 0.181605 0.186191 0.190383 0.194152 0.197473 0.200322 0.202681 0.204533 0.205865 0.206668 0.206936 0.206668 0.205865 0.204533 0.202681 0.200322 0.197473 0.194152 0.190383 0.186191 0.181605 0.176655 0.171374 0.165797 0.159959 0.153898 0.147651 0.141258 0.134755 0.128182 0.121574 0.114969 0.108401 0.101902 0.0955052 0.0892382 0.0831279 0.0771985 0.0714714 0.0659653 0.0606965 0.0556781 0.050921 0.0464333 0.0422209 0.0382873 0.0346339 0.0312606 0.0281656 0.0253457 0.0227967 0.0205137 0.0184914 0.016724 0.015206 0.013932 0.0128971 0.0120968 0.0115279 0.0111875 
0.0122322 0.0123565 0.01273 0.0133544 0.0142324 0.0153678 0.0167651 0.0184295 0.0203667 0.0225826 0.0250831 0.0278739 0.03096 0.0343455 0.0380337 0.042026 0.0463225 0.050921 0.0558174 0.0610049 0.0664743 0.0722135 0.0782077 0.084439 0.0908869 0.0975277 0.104335 0.11128 0.118331 0.125454 0.132613 0.139771 0.146889 0.153926 0.160842 0.167596 0.174147 0.180453 0.186476 0.192177 0.197519 0.202466 0.206987 0.21105 0.21463 0.217701 0.220242 0.222237 0.223672 0.224537 0.224826 0.224537 0.223672 0.222237 0.220242 0.217701 0.21463 0.21105 0.206987 0.202466 0.197519 0.192177 0.186476 0.180453 0.174147 0.167596 0.160842 0.153926 0.146889 0.139771 0.132613 0.125454 0.118331 0.11128 0.104335 0.0975277 0.0908869 0.084439 0.0782077 0.0722135 0.0664743 0.0610049 0.0558174 0.050921 0.0463225 0.042026 0.0380337 0.0343455 0.03096 0.0278739 0.0250831 0.0225826 0.0203667 0.0184295 0.0167651 0.0153678 0.0142324 0.0133544 0.01273 0.0123565 
0.0134699 0.013606 0.0140147 0.0146978 0.0156583 0.0169002 0.0184281 0.0202477 0.0223648 0.0247857 0.0275165 0.030563 0.0339304 0.0376229 0.0416435 0.0459936 0.0506727 0.0556781 0.0610049 0.0666453 0.072589 0.0788224 0.0853292 0.0920896 0.099081 0.106278 0.113651 0.121168 0.128797 0.136499 0.144236 0.151968 0.159653 0.167247 0.174707 0.181988 0.189047 0.19584 0.202326 0.208461 0.214209 0.21953 0.224391 0.22876 0.232607 0.235907 0.238637 0.24078 0.242321 0.24325 0.243561 0.24325 0.242321 0.24078 0.238637 0.235907 0.232607 0.22876 0.224391 0.21953 0.214209 0.208461 0.202326 0.19584 0.189047 0.181988 0.174707 0.167247 0.159653 0.151968 0.144236 0.136499 0.128797 0.121168 0.113651 0.106278 0.099081 0.0920896 0.0853292 0.0788224 0.072589 0.0666453 0.0610049 0.0556781 0.0506727 0.0459936 0.0416435 0.0376229 0.0339304 0.030563 0.0275165 0.0247857 0.0223648 0.0202477 0.0184281 0.0169002 0.0156583 0.0146978 0.0140147 0.013606 
0.0147866 0.014935 0.0153809 0.0161261 0.0171737 0.0185279 0.0201936 0.0221768 0.0244836 0.0271204 0.0300937 0.0334094 0.0370728 0.041088 0.045458 0.0501838 0.0552643 0.0606965 0.0664743 0.072589 0.0790289 0.0857791 0.0928213 0.100134 0.107692 0.115468 0.12343 0.131544 0.139773 0.148077 0.156414 0.164741 0.173013 0.181184 0.189206 0.197033 0.204617 0.211913 0.218875 0.22546 0.231626 0.237332 0.242544 0.247226 0.251348 0.254883 0.257808 0.260103 0.261754 0.262748 0.263081 0.262748 0.261754 0.260103 0.257808 0.254883 0.251348 0.247226 0.242544 0.237332 0.231626 0.22546 0.218875 0.211913 0.204617 0.197033 0.189206 0.181184 0.173013 0.164741 0.156414 0.148077 0.139773 0.131544 0.12343 0.115468 0.107692 0.100134 0.0928213 0.0857791 0.0790289 0.072589 0.0664743 0.0606965 0.0552643 0.0501838 0.045458 0.041088 0.0370728 0.0334094 0.0300937 0.0271204 0.0244836 0.0221768 0.0201936 0.0185279 0.0171737 0.0161261 0.0153809 0.014935 
0.0161807 0.0163421 0.016827 0.0176374 0.0187765 0.0202486 0.0220591 0.024214 0.0267197 0.029583 0.0328104 0.0364081 0.0403814 0.0447344 0.0494697 0.054588 0.0600879 0.0659653 0.0722135 0.0788224 0.0857791 0.0930669 0.100666 0.108552 0.116699 0.125075 0.133648 0.142379 0.151228 0.160154 0.169112 0.178053 0.186931 0.195695 0.204296 0.212684 0.220809 0.22862 0.236072 0.243117 0.249711 0.255813 0.261383 0.266386 0.27079 0.274566 0.277689 0.28014 0.281902 0.282964 0.283318 0.282964 0.281902 0.28014 0.277689 0.274566 0.27079 0.266386 0.261383 0.255813 0.249711 0.243117 0.236072 0.22862 0.220809 0.212684 0.204296 0.195695 0.186931 0.178053 0.169112 0.160154 0.151228 0.142379 0.133648 0.125075 0.116699 0.108552 0.100666 0.0930669 0.0857791 0.0788224 0.0722135 0.0659653 0.0600879 0.054588 0.0494697 0.0447344 0.0403814 0.0364081 0.0328104 0.029583 0.0267197 0.024214 0.0220591 0.0202486 0.0187765 0.0176374 0.016827 0.0163421 
0.0176498 0.0178248 0.0183506 0.0192291 0.0204638 0.0220593 0.024021 0.0263552 0.0290687 0.0321683 0.0356609 0.0395527 0.0438489 0.0485536 0.0536691 0.0591958 0.0651315 0.0714714 0.0782077 0.0853292 0.0928213 0.100666 0.108841 0.11732 0.126075 0.135071 0.144273 0.153639 0.163128 0.172694 0.182288 0.19186 0.201359 0.210732 0.219926 0.228888 0.237565 0.245904 0.253855 0.26137 0.268401 0.274905 0.28084 0.28617 0.29086 0.294881 0.298206 0.300815 0.302691 0.303821 0.304198 0.303821 0.302691 0.300815 0.298206 0.294881 0.29086 0.28617 0.28084 0.274905 0.268401 0.26137 0.253855 0.245904 0.237565 0.228888 0.219926 0.210732 0.201359 0.19186 0.182288 0.172694 0.163128 0.153639 0.144273 0.135071 0.126075 0.11732 0.108841 0.100666 0.0928213 0.0853292 0.0782077 0.0714714 0.0651315 0.0591958 0.0536691 0.0485536 0.0438489 0.0395527 0.0356609 0.0321683 0.0290687 0.0263552 0.024021 0.0220593 0.0204638 0.0192291 0.0183506 0.0178248 
0.0191908 0.01938 0.0199482 0.0208977 0.0222319 0.0239557 0.0260746 0.0285953 0.0315247 0.0348699 0.0386378 0.0428347 0.0474659 0.0525351 0.0580445 0.0639939 0.0703805 0.0771985 0.084439 0.0920896 0.100134 0.108552 0.11732 0.12641 0.135789 0.145422 0.155269 0.165288 0.175432 0.185652 0.195897 0.206113 0.216247 0.226241 0.236039 0.245585 0.254823 0.263699 0.272158 0.280149 0.287623 0.294535 0.300841 0.306501 0.311481 0.31575 0.319279 0.322048 0.324038 0.325237 0.325637 0.325237 0.324038 0.322048 0.319279 0.31575 0.311481 0.306501 0.300841 0.294535 0.287623 0.280149 0.272158 0.263699 0.254823 0.245585 0.236039 0.226241 0.216247 0.206113 0.195897 0.185652 0.175432 0.165288 0.155269 0.145422 0.135789 0.12641 0.11732 0.108552 0.100134 0.0920896 0.084439 0.0771985 0.0703805 0.0639939 0.0580445 0.0525351 0.0474659 0.0428347 0.0386378 0.0348699 0.0315247 0.0285953 0.0260746 0.0239557 0.0222319 0.0208977 0.0199482 0.01938 
0.0207996 0.0210034 0.0216157 0.0226386 0.0240759 0.0259325 0.0282143 0.030928 0.0340807 0.0376798 0.0417322 0.0462443 0.0512213 0.0566667 0.0625822 0.0689672 0.075818 0.0831279 0.0908869 0.099081 0.107692 0.116699 0.126075 0.135789 0.145807 0.156091 0.166598 0.177282 0.188093 0.19898 0.209887 0.220759 0.231536 0.24216 0.252571 0.262709 0.272516 0.281933 0.290905 0.299378 0.3073 0.314623 0.321301 0.327295 0.332567 0.337085 0.34082 0.343749 0.345854 0.347123 0.347546 0.347123 0.345854 0.343749 0.34082 0.337085 0.332567 0.327295 0.321301 0.314623 0.3073 0.299378 0.290905 0.281933 0.272516 0.262709 0.252571 0.24216 0.231536 0.220759 0.209887 0.19898 0.188093 0.177282 0.166598 0.156091 0.145807 0.135789 0.126075 0.116699 0.107692 0.099081 0.0908869 0.0831279 0.075818 0.0689672 0.0625822 0.0566667 0.0512213 0.0462443 0.0417322 0.0376798 0.0340807 0.030928 0.0282143 0.0259325 0.0240759 0.0226386 0.0216157 0.0210034 
0.0224711 0.02269 0.0233477 0.0244465 0.02599 0.0279835 0.0304331 0.0333455 0.0367282 0.0405886 0.0449338 0.0497699 0.0551022 0.0609339 0.0672662 0.0740979 0.0814245 0.0892382 0.0975277 0.106278 0.115468 0.125075 0.135071 0.145422 0.156091 0.167037 0.178214 0.189573 0.201062 0.212624 0.224203 0.235737 0.247165 0.258425 0.269454 0.280189 0.290569 0.300532 0.310019 0.318975 0.327346 0.335082 0.342135 0.348463 0.354027 0.358794 0.362734 0.365824 0.368045 0.369383 0.369829 0.369383 0.368045 0.365824 0.362734 0.358794 0.354027 0.348463 0.342135 0.335082 0.327346 0.318975 0.310019 0.300532 0.290569 0.280189 0.269454 0.258425 0.247165 0.235737 0.224203 0.212624 0.201062 0.189573 0.178214 0.167037 0.156091 0.145422 0.135071 0.125075 0.115468 0.106278 0.0975277 0.0892382 0.0814245 0.0740979 0.0672662 0.0609339 0.0551022 0.0497699 0.0449338 0.0405886 0.0367282 0.0333455 0.0304331 0.0279835 0.02599 0.0244465 0.0233477 0.02269 
0.0241995 0.024434 0.0251383 0.0263148 0.0279674 0.0301014 0.0327229 0.0358391 0.0394575 0.0435856 0.0482304 0.0533982 0.0590938 0.0653204 0.0720785 0.0793661 0.087178 0.0955052 0.104335 0.113651 0.12343 0.133648 0.144273 0.155269 0.166598 0.178214 0.190069 0.202111 0.214283 0.226527 0.238782 0.250983 0.263066 0.274965 0.286615 0.297948 0.308902 0.319411 0.329414 0.338854 0.347674 0.355821 0.363247 0.369907 0.375763 0.380778 0.384923 0.388173 0.390509 0.391915 0.392385 0.391915 0.390509 0.388173 0.384923 0.380778 0.375763 0.369907 0.363247 0.355821 0.347674 0.338854 0.329414 0.319411 0.308902 0.297948 0.286615 0.274965 0.263066 0.250983 0.238782 0.226527 0.214283 0.202111 0.190069 0.178214 0.166598 0.155269 0.144273 0.133648 0.12343 0.113651 0.104335 0.0955052 0.087178 0.0793661 0.0720785 0.0653204 0.0590938 0.0533982 0.0482304 0.0435856 0.0394575 0.0358391 0.0327229 0.0301014 0.0279674 0.0263148 0.0251383 0.024434 
0.0259781 0.0262284 0.0269803 0.0282363 0.0300002 0.0322775 0.0350747 0.0383988 0.0422576 0.0466585 0.0516087 0.0571142 0.0631797 0.0698078 0.0769987 0.0847496 0.0930542 0.101902 0.11128 0.121168 0.131544 0.142379 0.153639 0.165288 0.177282 0.189573 0.202111 0.214839 0.227698 0.240626 0.253559 0.266428 0.279167 0.291705 0.303975 0.315906 0.327431 0.338484 0.349002 0.358922 0.368187 0.376743 0.38454 0.39153 0.397675 0.402936 0.407284 0.410692 0.413141 0.414616 0.415109 0.414616 0.413141 0.410692 0.407284 0.402936 0.397675 0.39153 0.38454 0.376743 0.368187 0.358922 0.349002 0.338484 0.327431 0.315906 0.303975 0.291705 0.279167 0.266428 0.253559 0.240626 0.227698 0.214839 0.202111 0.189573 0.177282 0.165288 0.153639 0.142379 0.131544 0.121168 0.11128 0.101902 0.0930542 0.0847496 0.0769987 0.0698078 0.0631797 0.0571142 0.0516087 0.0466585 0.0422576 0.0383988 0.0350747 0.0322775 0.0300002 0.0282363 0.0269803 0.0262284 
0.0277991 0.0280656 0.0288659 0.0302025 0.0320796 0.0345026 0.0374781 0.0410133 0.045116 0.0497937 0.0550536 0.0609014 0.0673415 0.0743763 0.082005 0.0902242 0.0990265 0.108401 0.118331 0.128797 0.139773 0.151228 0.163128 0.175432 0.188093 0.201062 0.214283 0.227698 0.241244 0.254856 0.268465 0.282001 0.295392 0.308566 0.321452 0.333976 0.346069 0.357661 0.368687 0.379084 0.38879 0.397749 0.405911 0.413228 0.419657 0.425161 0.429708 0.433272 0.435833 0.437375 0.43789 0.437375 0.435833 0.433272 0.429708 0.425161 0.419657 0.413228 0.405911 0.397749 0.38879 0.379084 0.368687 0.357661 0.346069 0.333976 0.321452 0.308566 0.295392 0.282001 0.268465 0.254856 0.241244 0.227698 0.214283 0.201062 0.188093 0.175432 0.163128 0.151228 0.139773 0.128797 0.118331 0.108401 0.0990265 0.0902242 0.082005 0.0743763 0.0673415 0.0609014 0.0550536 0.0497937 0.045116 0.0410133 0.0374781 0.0345026 0.0320796 0.0302025 0.0288659 0.0280656 
0.029654 0.0299368 0.030786 0.0322043 0.0341958 0.036766 0.0399217 0.0436703 0.0480193 0.0529765 0.0585488 0.0647418 0.0715596 0.0790038 0.0870734 0.0957638 0.105067 0.114969 0.125454 0.136499 0.148077 0.160154 0.172694 0.185652 0.19898 0.212624 0.226527 0.240626 0.254856 0.269147 0.283427 0.297624 0.311662 0.325466 0.338961 0.352071 0.364725 0.376849 0.388376 0.39924 0.40938 0.418737 0.427258 0.434894 0.441602 0.447344 0.452086 0.455803 0.458473 0.460081 0.460618 0.460081 0.458473 0.455803 0.452086 0.447344 0.441602 0.434894 0.427258 0.418737 0.40938 0.39924 0.388376 0.376849 0.364725 0.352071 0.338961 0.325466 0.311662 0.297624 0.283427 0.269147 0.254856 0.240626 0.226527 0.212624 0.19898 0.185652 0.172694 0.160154 0.148077 0.136499 0.125454 0.114969 0.105067 0.0957638 0.0870734 0.0790038 0.0715596 0.0647418 0.0585488 0.0529765 0.0480193 0.0436703 0.0399217 0.036766 0.0341958 0.0322043 0.030786 0.0299368 
0.0315336 0.0318327 0.0327312 0.0342316 0.0363382 0.0390565 0.0423934 0.0463563 0.0509529 0.0561908 0.0620767 0.068616 0.0758125 0.0836673 0.0921784 0.10134 0.111144 0.121574 0.132613 0.144236 0.156414 0.169112 0.182288 0.195897 0.209887 0.224203 0.238782 0.253559 0.268465 0.283427 0.298372 0.313221 0.327897 0.342321 0.356415 0.370102 0.383305 0.395951 0.407969 0.419292 0.429856 0.439601 0.448472 0.456421 0.463401 0.469374 0.474308 0.478173 0.48095 0.482622 0.483181 0.482622 0.48095 0.478173 0.474308 0.469374 0.463401 0.456421 0.448472 0.439601 0.429856 0.419292 0.407969 0.395951 0.383305 0.370102 0.356415 0.342321 0.327897 0.313221 0.298372 0.283427 0.268465 0.253559 0.238782 0.224203 0.209887 0.195897 0.182288 0.169112 0.156414 0.144236 0.132613 0.121574 0.111144 0.10134 0.0921784 0.0836673 0.0758125 0.068616 0.0620767 0.0561908 0.0509529 0.0463563 0.0423934 0.0390565 0.0363382 0.0342316 0.0327312 0.0318327 
0.0334276 0.0337432 0.034691 0.0362736 0.0384953 0.0413618 0.04488 0.0490572 0.0539012 0.0594194 0.0656185 0.0725036 0.0800779 0.0883419 0.097293 0.106925 0.117226 0.128182 0.139771 0.151968 0.164741 0.178053 0.19186 0.206113 0.220759 0.235737 0.250983 0.266428 0.282001 0.297624 0.313221 0.32871 0.344012 0.359044 0.373725 0.387974 0.401715 0.414871 0.427368 0.439137 0.450114 0.460236 0.469448 0.477699 0.484944 0.491142 0.496261 0.50027 0.50315 0.504885 0.505464 0.504885 0.50315 0.50027 0.496261 0.491142 0.484944 0.477699 0.469448 0.460236 0.450114 0.439137 0.427368 0.414871 0.401715 0.387974 0.373725 0.359044 0.344012 0.32871 0.313221 0.297624 0.282001 0.266428 0.250983 0.235737 0.220759 0.206113 0.19186 0.178053 0.164741 0.151968 0.139771 0.128182 0.117226 0.106925 0.097293 0.0883419 0.0800779 0.0725036 0.0656185 0.0594194 0.0539012 0.0490572 0.04488 0.0413618 0.0384953 0.0362736 0.034691 0.0337432 
0.0353255 0.0356574 0.0366543 0.0383187 0.040655 0.0436689 0.0473673 0.0517577 0.0568476 0.0626445 0.0691547 0.076383 0.0843321 0.093002 0.102389 0.112486 0.12328 0.134755 0.146889 0.159653 0.173013 0.186931 0.201359 0.216247 0.231536 0.247165 0.263066 0.279167 0.295392 0.311662 0.327897 0.344012 0.359924 0.375548 0.3908 0.405598 0.419861 0.43351 0.446472 0.458674 0.47005 0.480537 0.490079 0.498623 0.506122 0.512538 0.517834 0.521982 0.524962 0.526756 0.527355 0.526756 0.524962 0.521982 0.517834 0.512538 0.506122 0.498623 0.490079 0.480537 0.47005 0.458674 0.446472 0.43351 0.419861 0.405598 0.3908 0.375548 0.359924 0.344012 0.327897 0.311662 0.295392 0.279167 0.263066 0.247165 0.231536 0.216247 0.201359 0.186931 0.173013 0.159653 0.146889 0.134755 0.12328 0.112486 0.102389 0.093002 0.0843321 0.076383 0.0691547 0.0626445 0.0568476 0.0517577 0.0473673 0.0436689 0.040655 0.0383187 0.0366543 0.0356574 
0.0372158 0.037564 0.0386094 0.0403547 0.0428044 0.0459642 0.0498409 0.054442 0.059775 0.0658471 0.0726645 0.0802316 0.0885506 0.0976206 0.107437 0.117992 0.129272 0.141258 0.153926 0.167247 0.181184 0.195695 0.210732 0.226241 0.24216 0.258425 0.274965 0.291705 0.308566 0.325466 0.342321 0.359044 0.375548 0.391746 0.407551 0.422879 0.437647 0.451773 0.465183 0.477802 0.489562 0.500401 0.510259 0.519083 0.526828 0.533451 0.538918 0.5432 0.546274 0.548125 0.548744 0.548125 0.546274 0.5432 0.538918 0.533451 0.526828 0.519083 0.510259 0.500401 0.489562 0.477802 0.465183 0.451773 0.437647 0.422879 0.407551 0.391746 0.375548 0.359044 0.342321 0.325466 0.308566 0.291705 0.274965 0.258425 0.24216 0.226241 0.210732 0.195695 0.181184 0.167247 0.153926 0.141258 0.129272 0.117992 0.107437 0.0976206 0.0885506 0.0802316 0.0726645 0.0658471 0.059775 0.054442 0.0498409 0.0459642 0.0428044 0.0403547 0.0386094 0.037564 
0.0390869 0.039451 0.0405442 0.0423692 0.0449304 0.0482336 0.0522855 0.0570937 0.0626655 0.069008 0.076127 0.0840265 0.0927081 0.10217 0.112408 0.123411 0.135166 0.147651 0.160842 0.174707 0.189206 0.204296 0.219926 0.236039 0.252571 0.269454 0.286615 0.303975 0.321452 0.338961 0.356415 0.373725 0.3908 0.407551 0.423889 0.439727 0.454979 0.469564 0.483403 0.496422 0.50855 0.519724 0.529884 0.538977 0.546955 0.553776 0.559406 0.563815 0.56698 0.568886 0.569522 0.568886 0.56698 0.563815 0.559406 0.553776 0.546955 0.538977 0.529884 0.519724 0.50855 0.496422 0.483403 0.469564 0.454979 0.439727 0.423889 0.407551 0.3908 0.373725 0.356415 0.338961 0.321452 0.303975 0.286615 0.269454 0.252571 0.236039 0.219926 0.204296 0.189206 0.174707 0.160842 0.147651 0.135166 0.123411 0.112408 0.10217 0.0927081 0.0840265 0.076127 0.069008 0.0626655 0.0570937 0.0522855 0.0482336 0.0449304 0.0423692 0.0405442 0.039451 
0.0409267 0.0413063 0.0424462 0.044349 0.0470192 0.0504625 0.0546856 0.059696 0.065501 0.0721073 0.0795204 0.0877441 0.0967792 0.106624 0.117271 0.128711 0.140927 0.153898 0.167596 0.181988 0.197033 0.212684 0.228888 0.245585 0.262709 0.280189 0.297948 0.315906 0.333976 0.352071 0.370102 0.387974 0.405598 0.422879 0.439727 0.456052 0.471768 0.486789 0.501038 0.514436 0.526915 0.538408 0.548855 0.558203 0.566402 0.573411 0.579195 0.583724 0.586975 0.588932 0.589585 0.588932 0.586975 0.583724 0.579195 0.573411 0.566402 0.558203 0.548855 0.538408 0.526915 0.514436 0.501038 0.486789 0.471768 0.456052 0.439727 0.422879 0.405598 0.387974 0.370102 0.352071 0.333976 0.315906 0.297948 0.280189 0.262709 0.245585 0.228888 0.212684 0.197033 0.181988 0.167596 0.153898 0.140927 0.128711 0.117271 0.106624 0.0967792 0.0877441 0.0795204 0.0721073 0.065501 0.059696 0.0546856 0.0504625 0.0470192 0.044349 0.0424462 0.0413063 
0.0427228 0.0431175 0.0443027 0.0462811 0.049057 0.0526362 0.0570255 0.062232 0.068263 0.075125 0.0828232 0.0913607 0.100738 0.110952 0.121996 0.133857 0.146519 0.159959 0.174147 0.189047 0.204617 0.220809 0.237565 0.254823 0.272516 0.290569 0.308902 0.327431 0.346069 0.364725 0.383305 0.401715 0.419861 0.437647 0.454979 0.471768 0.487923 0.503359 0.517994 0.531753 0.544563 0.556357 0.567075 0.576662 0.58507 0.592256 0.598185 0.602827 0.606159 0.608164 0.608834 0.608164 0.606159 0.602827 0.598185 0.592256 0.58507 0.576662 0.567075 0.556357 0.544563 0.531753 0.517994 0.503359 0.487923 0.471768 0.454979 0.437647 0.419861 0.401715 0.383305 0.364725 0.346069 0.327431 0.308902 0.290569 0.272516 0.254823 0.237565 0.220809 0.204617 0.189047 0.174147 0.159959 0.146519 0.133857 0.121996 0.110952 0.100738 0.0913607 0.0828232 0.075125 0.068263 0.062232 0.0570255 0.0526362 0.049057 0.0462811 0.0443027 0.0431175 
0.0444627 0.044872 0.0461009 0.048152 0.0510298 0.05474 0.0592892 0.0646846 0.0709331 0.0780411 0.0860134 0.0948528 0.104559 0.115128 0.126552 0.138818 0.151908 0.165797 0.180453 0.19584 0.211913 0.22862 0.245904 0.263699 0.281933 0.300532 0.319411 0.338484 0.357661 0.376849 0.395951 0.414871 0.43351 0.451773 0.469564 0.486789 0.503359 0.519185 0.534185 0.548282 0.561402 0.573479 0.584452 0.594264 0.602867 0.610218 0.616283 0.62103 0.624437 0.626488 0.627173 0.626488 0.624437 0.62103 0.616283 0.610218 0.602867 0.594264 0.584452 0.573479 0.561402 0.548282 0.534185 0.519185 0.503359 0.486789 0.469564 0.451773 0.43351 0.414871 0.395951 0.376849 0.357661 0.338484 0.319411 0.300532 0.281933 0.263699 0.245904 0.22862 0.211913 0.19584 0.180453 0.165797 0.151908 0.138818 0.126552 0.115128 0.104559 0.0948528 0.0860134 0.0780411 0.0709331 0.0646846 0.0592892 0.05474 0.0510298 0.048152 0.0461009 0.044872 
0.0461341 0.0465573 0.0478279 0.0499486 0.0529238 0.0567591 0.0614611 0.0670368 0.0734931 0.0808359 0.0890697 0.0981968 0.108216 0.119124 0.130911 0.143562 0.157059 0.171374 0.186476 0.202326 0.218875 0.236072 0.253855 0.272158 0.290905 0.310019 0.329414 0.349002 0.368687 0.388376 0.407969 0.427368 0.446472 0.465183 0.483403 0.501038 0.517994 0.534185 0.549526 0.563939 0.577349 0.589689 0.600897 0.610918 0.619703 0.627208 0.633398 0.638243 0.641721 0.643813 0.644512 0.643813 0.641721 0.638243 0.633398 0.627208 0.619703 0.610918 0.600897 0.589689 0.577349 0.563939 0.549526 0.534185 0.517994 0.501038 0.483403 0.465183 0.446472 0.427368 0.407969 0.388376 0.368687 0.349002 0.329414 0.310019 0.290905 0.272158 0.253855 0.236072 0.218875 0.202326 0.186476 0.171374 0.157059 0.143562 0.130911 0.119124 0.108216 0.0981968 0.0890697 0.0808359 0.0734931 0.0670368 0.0614611 0.0567591 0.0529238 0.0499486 0.0478279 0.0465573 
0.0477248 0.0481612 0.0494714 0.0516579 0.0547253 0.0586791 0.0635257 0.0692721 0.0759249 0.0834898 0.091971 0.10137 0.111686 0.122913 0.135042 0.148057 0.161937 0.176655 0.192177 0.208461 0.22546 0.243117 0.26137 0.280149 0.299378 0.318975 0.338854 0.358922 0.379084 0.39924 0.419292 0.439137 0.458674 0.477802 0.496422 0.514436 0.531753 0.548282 0.563939 0.578643 0.592321 0.604905 0.616331 0.626545 0.635497 0.643144 0.64945 0.654385 0.657926 0.660058 0.660769 0.660058 0.657926 0.654385 0.64945 0.643144 0.635497 0.626545 0.616331 0.604905 0.592321 0.578643 0.563939 0.548282 0.531753 0.514436 0.496422 0.477802 0.458674 0.439137 0.419292 0.39924 0.379084 0.358922 0.338854 0.318975 0.299378 0.280149 0.26137 0.243117 0.22546 0.208461 0.192177 0.176655 0.161937 0.148057 0.135042 0.122913 0.111686 0.10137 0.091971 0.0834898 0.0759249 0.0692721 0.0635257 0.0586791 0.0547253 0.0516579 0.0494714 0.0481612 
0.0492229 0.0496717 0.0510189 0.0532672 0.056421 0.0604858 0.065468 0.0713743 0.0782112 0.0859841 0.0946969 0.104351 0.114944 0.12647 0.138918 0.152273 0.166511 0.181605 0.197519 0.214209 0.231626 0.249711 0.268401 0.287623 0.3073 0.327346 0.347674 0.368187 0.38879 0.40938 0.429856 0.450114 0.47005 0.489562 0.50855 0.526915 0.544563 0.561402 0.577349 0.592321 0.606245 0.619051 0.630677 0.641067 0.650172 0.657948 0.66436 0.669377 0.672977 0.675144 0.675867 0.675144 0.672977 0.669377 0.66436 0.657948 0.650172 0.641067 0.630677 0.619051 0.606245 0.592321 0.577349 0.561402 0.544563 0.526915 0.50855 0.489562 0.47005 0.450114 0.429856 0.40938 0.38879 0.368187 0.347674 0.327346 0.3073 0.287623 0.268401 0.249711 0.231626 0.214209 0.197519 0.181605 0.166511 0.152273 0.138918 0.12647 0.114944 0.104351 0.0946969 0.0859841 0.0782112 0.0713743 0.065468 0.0604858 0.056421 0.0532672 0.0510189 0.0496717 
0.050617 0.0510772 0.0524588 0.0547644 0.0579983 0.0621659 0.0672737 0.0733281 0.0803355 0.088301 0.097228 0.107117 0.117967 0.129769 0.142513 0.156181 0.170751 0.186191 0.202466 0.21953 0.237332 0.255813 0.274905 0.294535 0.314623 0.335082 0.355821 0.376743 0.397749 0.418737 0.439601 0.460236 0.480537 0.500401 0.519724 0.538408 0.556357 0.573479 0.589689 0.604905 0.619051 0.632059 0.643866 0.654416 0.663658 0.671551 0.678058 0.68315 0.686803 0.689002 0.689735 0.689002 0.686803 0.68315 0.678058 0.671551 0.663658 0.654416 0.643866 0.632059 0.619051 0.604905 0.589689 0.573479 0.556357 0.538408 0.519724 0.500401 0.480537 0.460236 0.439601 0.418737 0.397749 0.376743 0.355821 0.335082 0.314623 0.294535 0.274905 0.255813 0.237332 0.21953 0.202466 0.186191 0.170751 0.156181 0.142513 0.129769 0.117967 0.107117 0.097228 0.088301 0.0803355 0.0733281 0.0672737 0.0621659 0.0579983 0.0547644 0.0524588 0.0510772 
