0.000306434 0.000313189 0.000333607 0.000368146 0.000417564 0.000482915 0.00056554 0.000667053 0.000789325 0.000934465 0.00110479 0.00130281 0.00153117 0.00179261 0.00208994 0.00242596 0.00280341 0.00322489 0.00369282 0.00420934 0.00477623 0.00539485 0.00606607 0.00679017 0.00756678 0.00839487 0.00927261 0.0101974 0.0111658 0.0121736 0.0132157 0.0142863 0.0153786 0.0164853 0.0175984 0.0187094 0.0198093 0.0208886 0.0219379 0.0229475 0.0239079 0.0248098 0.0256441 0.0264023 0.0270767 0.02766 0.0281462 0.0285299 0.0288071 0.0289746 0.0290306 0.0289746 0.0288071 0.0285299 0.0281462 0.02766 0.0270767 0.0264023 0.0256441 0.0248098 0.0239079 0.0229475 0.0219379 0.0208886 0.0198093 0.0187094 0.0175984 0.0164853 0.0153786 0.0142863 0.0132157 0.0121736 0.0111658 0.0101974 0.00927261 0.00839487 0.00756678 0.00679017 0.00606607 0.00539485 0.00477623 0.00420934 0.00369282 0.00322489 0.00280341 0.00242596 0.00208994 0.00179261 0.00153117 0.00130281 0.00110479 0.000934465 0.000789325 0.000667053 0.00056554 0.000482915 0.000417564 0.000368146 0.000333607 0.000313189 
0.000313189 0.000320083 0.000340918 0.000376162 0.000426586 0.000493262 0.000577553 0.0006811 0.000805806 0.000953815 0.00112749 0.00132936 0.00156212 0.00182857 0.00213154 0.00247388 0.00285836 0.00328763 0.00376412 0.00429 0.00486707 0.0054967 0.00617975 0.0069165 0.00770656 0.00854884 0.0094415 0.0103819 0.0113665 0.012391 0.0134502 0.0145381 0.0156481 0.0167725 0.0179034 0.0190319 0.020149 0.0212451 0.0223107 0.0233358 0.0243109 0.0252265 0.0260734 0.0268431 0.0275276 0.0281197 0.0286132 0.0290026 0.0292839 0.0294539 0.0295107 0.0294539 0.0292839 0.0290026 0.0286132 0.0281197 0.0275276 0.0268431 0.0260734 0.0252265 0.0243109 0.0233358 0.0223107 0.0212451 0.020149 0.0190319 0.0179034 0.0167725 0.0156481 0.0145381 0.0134502 0.012391 0.0113665 0.0103819 0.0094415 0.00854884 0.00770656 0.0069165 0.00617975 0.0054967 0.00486707 0.00429 0.00376412 0.00328763 0.00285836 0.00247388 0.00213154 0.00182857 0.00156212 0.00132936 0.00112749 0.000953815 0.000805806 0.0006811 0.000577553 0.000493262 0.000426586 0.000376162 0.000340918 0.000320083 
0.000333607 0.000340918 0.000363016 0.000400388 0.000453848 0.000524522 0.000613841 0.000723529 0.000855583 0.00101225 0.001196 0.00140951 0.00165557 0.00193711 0.00225709 0.00261848 0.00302417 0.0034769 0.00397919 0.00453329 0.00514104 0.00580384 0.00652254 0.00729738 0.00812793 0.00901298 0.00995056 0.0109378 0.0119711 0.0130458 0.0141565 0.0152969 0.0164599 0.0176377 0.0188218 0.0200031 0.021172 0.0223187 0.0234331 0.0245049 0.0255242 0.026481 0.027366 0.0281701 0.028885 0.0295034 0.0300187 0.0304253 0.030719 0.0308965 0.0309558 0.0308965 0.030719 0.0304253 0.0300187 0.0295034 0.028885 0.0281701 0.027366 0.026481 0.0255242 0.0245049 0.0234331 0.0223187 0.021172 0.0200031 0.0188218 0.0176377 0.0164599 0.0152969 0.0141565 0.0130458 0.0119711 0.0109378 0.00995056 0.00901298 0.00812793 0.00729738 0.00652254 0.00580384 0.00514104 0.00453329 0.00397919 0.0034769 0.00302417 0.00261848 0.00225709 0.00193711 0.00165557 0.00140951 0.001196 0.00101225 0.000855583 0.000723529 0.000613841 0.000524522 0.000453848 0.000400388 0.000363016 0.000340918 
0.000368146 0.000376162 0.000400388 0.000441354 0.000499937 0.000577356 0.000675158 0.000795203 0.000939648 0.00111091 0.00131167 0.00154476 0.00181323 0.00212019 0.00246883 0.00286229 0.00330367 0.00379588 0.00434159 0.00494315 0.00560248 0.00632103 0.00709963 0.00793848 0.00883702 0.00979388 0.0108069 0.0118728 0.0129878 0.0141467 0.0153437 0.0165721 0.017824 0.0190912 0.0203645 0.0216342 0.0228899 0.0241213 0.0253174 0.0264674 0.0275606 0.0285865 0.029535 0.0303966 0.0311626 0.0318249 0.0323767 0.0328121 0.0331265 0.0333165 0.0333801 0.0333165 0.0331265 0.0328121 0.0323767 0.0318249 0.0311626 0.0303966 0.029535 0.0285865 0.0275606 0.0264674 0.0253174 0.0241213 0.0228899 0.0216342 0.0203645 0.0190912 0.017824 0.0165721 0.0153437 0.0141467 0.0129878 0.0118728 0.0108069 0.00979388 0.00883702 0.00793848 0.00709963 0.00632103 0.00560248 0.00494315 0.00434159 0.00379588 0.00330367 0.00286229 0.00246883 0.00212019 0.00181323 0.00154476 0.00131167 0.00111091 0.000939648 0.000795203 0.000675158 0.000577356 0.000499937 0.000441354 0.000400388 0.000376162 
0.000417564 0.000426586 0.000453848 0.000499937 0.000565825 0.000652858 0.000762749 0.000897552 0.00105965 0.0012517 0.00147665 0.00173763 0.00203797 0.00238108 0.00277044 0.00320949 0.00370156 0.00424982 0.00485714 0.00552603 0.00625851 0.00705608 0.00791957 0.00884908 0.00984388 0.0109024 0.012022 0.0131993 0.0144297 0.0157077 0.0170267 0.0183791 0.0197567 0.02115 0.0225492 0.0239434 0.0253216 0.0266722 0.0279835 0.0292437 0.030441 0.0315642 0.0326022 0.0335448 0.0343824 0.0351066 0.0357098 0.0361856 0.0365292 0.0367368 0.0368062 0.0367368 0.0365292 0.0361856 0.0357098 0.0351066 0.0343824 0.0335448 0.0326022 0.0315642 0.030441 0.0292437 0.0279835 0.0266722 0.0253216 0.0239434 0.0225492 0.02115 0.0197567 0.0183791 0.0170267 0.0157077 0.0144297 0.0131993 0.012022 0.0109024 0.00984388 0.00884908 0.00791957 0.00705608 0.00625851 0.00552603 0.00485714 0.00424982 0.00370156 0.00320949 0.00277044 0.00238108 0.00203797 0.00173763 0.00147665 0.0012517 0.00105965 0.000897552 0.000762749 0.000652858 0.000565825 0.000499937 0.000453848 0.000426586 
0.000482915 0.000493262 0.000524522 0.000577356 0.000652858 0.000752545 0.00087834 0.00103255 0.00121785 0.00143723 0.00169396 0.00199156 0.00233373 0.00272426 0.00316702 0.0036658 0.00422428 0.00484593 0.00553387 0.00629081 0.00711892 0.00801974 0.00899408 0.0100419 0.0111623 0.0123533 0.013612 0.0149343 0.016315 0.0177478 0.0192254 0.0207393 0.02228 0.0238372 0.0253997 0.0269557 0.0284927 0.029998 0.0314586 0.0328614 0.0341937 0.0354427 0.0365966 0.037644 0.0385745 0.0393787 0.0400483 0.0405765 0.0409578 0.0411882 0.0412653 0.0411882 0.0409578 0.0405765 0.0400483 0.0393787 0.0385745 0.037644 0.0365966 0.0354427 0.0341937 0.0328614 0.0314586 0.029998 0.0284927 0.0269557 0.0253997 0.0238372 0.02228 0.0207393 0.0192254 0.0177478 0.016315 0.0149343 0.013612 0.0123533 0.0111623 0.0100419 0.00899408 0.00801974 0.00711892 0.00629081 0.00553387 0.00484593 0.00422428 0.0036658 0.00316702 0.00272426 0.00233373 0.00199156 0.00169396 0.00143723 0.00121785 0.00103255 0.00087834 0.000752545 0.000652858 0.000577356 0.000524522 0.000493262 
0.00056554 0.000577553 0.000613841 0.000675158 0.000762749 0.00087834 0.00102412 0.00120271 0.00141714 0.0016708 0.0019674 0.0023109 0.00270547 0.00315539 0.00366497 0.00423845 0.00487994 0.00559326 0.00638184 0.00724863 0.00819596 0.00922542 0.0103378 0.0115329 0.0128094 0.0141651 0.0155965 0.0170987 0.0186659 0.0202907 0.0219649 0.0236786 0.0254213 0.0271812 0.0289457 0.0307015 0.0324347 0.0341309 0.0357757 0.0373546 0.0388531 0.0402574 0.041554 0.0427306 0.0437753 0.044678 0.0454295 0.0460221 0.0464498 0.0467082 0.0467946 0.0467082 0.0464498 0.0460221 0.0454295 0.044678 0.0437753 0.0427306 0.041554 0.0402574 0.0388531 0.0373546 0.0357757 0.0341309 0.0324347 0.0307015 0.0289457 0.0271812 0.0254213 0.0236786 0.0219649 0.0202907 0.0186659 0.0170987 0.0155965 0.0141651 0.0128094 0.0115329 0.0103378 0.00922542 0.00819596 0.00724863 0.00638184 0.00559326 0.00487994 0.00423845 0.00366497 0.00315539 0.00270547 0.0023109 0.0019674 0.0016708 0.00141714 0.00120271 0.00102412 0.00087834 0.000762749 0.000675158 0.000613841 0.000577553 
0.000667053 0.0006811 0.000723529 0.000795203 0.000897552 0.00103255 0.00120271 0.00141102 0.00166096 0.00195637 0.0023015 0.00270085 0.00315914 0.0036812 0.00427191 0.00493603 0.00567816 0.00650253 0.00741296 0.00841265 0.0095041 0.010689 0.0119679 0.0133406 0.0148054 0.0163595 0.0179987 0.0197174 0.0215086 0.0233641 0.0252741 0.0272276 0.0292123 0.031215 0.0332213 0.0352162 0.0371839 0.0391083 0.0409732 0.0427621 0.0444591 0.0460485 0.0475154 0.0488458 0.0500268 0.0510468 0.0518957 0.052565 0.0530479 0.0533397 0.0534373 0.0533397 0.0530479 0.052565 0.0518957 0.0510468 0.0500268 0.0488458 0.0475154 0.0460485 0.0444591 0.0427621 0.0409732 0.0391083 0.0371839 0.0352162 0.0332213 0.031215 0.0292123 0.0272276 0.0252741 0.0233641 0.0215086 0.0197174 0.0179987 0.0163595 0.0148054 0.0133406 0.0119679 0.010689 0.0095041 0.00841265 0.00741296 0.00650253 0.00567816 0.00493603 0.00427191 0.0036812 0.00315914 0.00270085 0.0023015 0.00195637 0.00166096 0.00141102 0.00120271 0.00103255 0.000897552 0.000795203 0.000723529 0.0006811 
0.000789325 0.000805806 0.000855583 0.000939648 0.00105965 0.00121785 0.00141714 0.00166096 0.00195327 0.0022985 0.00270149 0.00316736 0.0037015 0.0043094 0.00499654 0.00576833 0.00662989 0.00758597 0.00864077 0.0097978 0.0110597 0.0124283 0.013904 0.0154863 0.017173 0.0189608 0.0208446 0.0228178 0.0248724 0.0269987 0.0291854 0.03142 0.0336883 0.0359751 0.0382643 0.0405386 0.0427804 0.0449712 0.0470928 0.0491268 0.051055 0.0528601 0.0545252 0.0560346 0.0573741 0.0585306 0.0594928 0.0602512 0.0607984 0.061129 0.0612395 0.061129 0.0607984 0.0602512 0.0594928 0.0585306 0.0573741 0.0560346 0.0545252 0.0528601 0.051055 0.0491268 0.0470928 0.0449712 0.0427804 0.0405386 0.0382643 0.0359751 0.0336883 0.03142 0.0291854 0.0269987 0.0248724 0.0228178 0.0208446 0.0189608 0.017173 0.0154863 0.013904 0.0124283 0.0110597 0.0097978 0.00864077 0.00758597 0.00662989 0.00576833 0.00499654 0.0043094 0.0037015 0.00316736 0.00270149 0.0022985 0.00195327 0.00166096 0.00141714 0.00121785 0.00105965 0.000939648 0.000855583 0.000805806 
0.000934465 0.000953815 0.00101225 0.00111091 0.0012517 0.00143723 0.0016708 0.00195637 0.0022985 0.00270226 0.00317316 0.00371707 0.00434012 0.00504852 0.00584851 0.00674616 0.00774724 0.00885701 0.0100801 0.0114205 0.0128808 0.014463 0.0161673 0.0179928 0.0199369 0.0219953 0.0241622 0.0264299 0.0287888 0.0312276 0.0337335 0.0362919 0.0388867 0.0415005 0.0441148 0.0467102 0.0492663 0.0517628 0.0541786 0.0564932 0.0586863 0.060738 0.0626298 0.064344 0.0658644 0.0671768 0.0682684 0.0691286 0.0697492 0.0701239 0.0702493 0.0701239 0.0697492 0.0691286 0.0682684 0.0671768 0.0658644 0.064344 0.0626298 0.060738 0.0586863 0.0564932 0.0541786 0.0517628 0.0492663 0.0467102 0.0441148 0.0415005 0.0388867 0.0362919 0.0337335 0.0312276 0.0287888 0.0264299 0.0241622 0.0219953 0.0199369 0.0179928 0.0161673 0.014463 0.0128808 0.0114205 0.0100801 0.00885701 0.00774724 0.00674616 0.00584851 0.00504852 0.00434012 0.00371707 0.00317316 0.00270226 0.0022985 0.00195637 0.0016708 0.00143723 0.0012517 0.00111091 0.00101225 0.000953815 
0.00110479 0.00112749 0.001196 0.00131167 0.00147665 0.00169396 0.0019674 0.0023015 0.00270149 0.00317316 0.00372282 0.00435716 0.00508312 0.00590779 0.0068382 0.00788117 0.00904317 0.0103301 0.011747 0.0132981 0.0149865 0.0168138 0.0187802 0.0208844 0.023123 0.0254909 0.0279812 0.0305847 0.0332904 0.0360853 0.0389543 0.0418808 0.0448463 0.047831 0.0508139 0.0537728 0.0566848 0.0595268 0.0622751 0.0649066 0.0673983 0.0697283 0.0718755 0.0738203 0.0755447 0.0770324 0.0782696 0.0792443 0.0799473 0.0803718 0.0805138 0.0803718 0.0799473 0.0792443 0.0782696 0.0770324 0.0755447 0.0738203 0.0718755 0.0697283 0.0673983 0.0649066 0.0622751 0.0595268 0.0566848 0.0537728 0.0508139 0.047831 0.0448463 0.0418808 0.0389543 0.0360853 0.0332904 0.0305847 0.0279812 0.0254909 0.023123 0.0208844 0.0187802 0.0168138 0.0149865 0.0132981 0.011747 0.0103301 0.00904317 0.00788117 0.0068382 0.00590779 0.00508312 0.00435716 0.00372282 0.00317316 0.00270149 0.0023015 0.0019674 0.00169396 0.00147665 0.00131167 0.001196 0.00112749 
0.00130281 0.00132936 0.00140951 0.00154476 0.00173763 0.00199156 0.0023109 0.00270085 0.00316736 0.00371707 0.00435716 0.00509522 0.00593915 0.00689694 0.00797653 0.00918557 0.0105313 0.0120202 0.0136579 0.015449 0.0173966 0.0195023 0.0217661 0.024186 0.026758 0.0294759 0.0323315 0.035314 0.0384106 0.0416063 0.0448837 0.0482238 0.0516055 0.0550062 0.058402 0.0617678 0.0650778 0.0683058 0.0714253 0.0744103 0.0772351 0.079875 0.0823066 0.084508 0.0864591 0.0881419 0.0895408 0.0906427 0.0914373 0.0919171 0.0920775 0.0919171 0.0914373 0.0906427 0.0895408 0.0881419 0.0864591 0.084508 0.0823066 0.079875 0.0772351 0.0744103 0.0714253 0.0683058 0.0650778 0.0617678 0.058402 0.0550062 0.0516055 0.0482238 0.0448837 0.0416063 0.0384106 0.035314 0.0323315 0.0294759 0.026758 0.024186 0.0217661 0.0195023 0.0173966 0.015449 0.0136579 0.0120202 0.0105313 0.00918557 0.00797653 0.00689694 0.00593915 0.00509522 0.00435716 0.00371707 0.00316736 0.00270085 0.0023109 0.00199156 0.00173763 0.00154476 0.00140951 0.00132936 
0.00153117 0.00156212 0.00165557 0.00181323 0.00203797 0.00233373 0.00270547 0.00315914 0.0037015 0.00434012 0.00508312 0.00593915 0.0069171 0.008026 0.00927474 0.0106719 0.0122255 0.0139428 0.0158298 0.0178914 0.020131 0.02255 0.0251481 0.0279225 0.0308684 0.0339784 0.0372426 0.0406487 0.0441817 0.0478243 0.0515567 0.0553569 0.0592011 0.0630636 0.0669174 0.070734 0.0744846 0.0781395 0.0816692 0.0850444 0.0882366 0.0912182 0.0939631 0.0964469 0.0986475 0.100545 0.102121 0.103363 0.104258 0.104799 0.10498 0.104799 0.104258 0.103363 0.102121 0.100545 0.0986475 0.0964469 0.0939631 0.0912182 0.0882366 0.0850444 0.0816692 0.0781395 0.0744846 0.070734 0.0669174 0.0630636 0.0592011 0.0553569 0.0515567 0.0478243 0.0441817 0.0406487 0.0372426 0.0339784 0.0308684 0.0279225 0.0251481 0.02255 0.020131 0.0178914 0.0158298 0.0139428 0.0122255 0.0106719 0.00927474 0.008026 0.0069171 0.00593915 0.00508312 0.00434012 0.0037015 0.00315914 0.00270547 0.00233373 0.00203797 0.00181323 0.00165557 0.00156212 
0.00179261 0.00182857 0.00193711 0.00212019 0.00238108 0.00272426 0.00315539 0.0036812 0.0043094 0.00504852 0.00590779 0.00689694 0.008026 0.00930508 0.0107441 0.0123527 0.0141397 0.016113 0.0182793 0.0206437 0.0232095 0.0259783 0.0289489 0.0321181 0.0354798 0.0390252 0.0427429 0.0466184 0.0506344 0.054771 0.0590056 0.0633133 0.067667 0.0720377 0.0763948 0.0807064 0.0849401 0.0890628 0.0930414 0.0968435 0.100437 0.103792 0.106878 0.10967 0.112143 0.114273 0.116044 0.117438 0.118442 0.119049 0.119252 0.119049 0.118442 0.117438 0.116044 0.114273 0.112143 0.10967 0.106878 0.103792 0.100437 0.0968435 0.0930414 0.0890628 0.0849401 0.0807064 0.0763948 0.0720377 0.067667 0.0633133 0.0590056 0.054771 0.0506344 0.0466184 0.0427429 0.0390252 0.0354798 0.0321181 0.0289489 0.0259783 0.0232095 0.0206437 0.0182793 0.016113 0.0141397 0.0123527 0.0107441 0.00930508 0.008026 0.00689694 0.00590779 0.00504852 0.0043094 0.0036812 0.00315539 0.00272426 0.00238108 0.00212019 0.00193711 0.00182857 
0.00208994 0.00213154 0.00225709 0.00246883 0.00277044 0.00316702 0.00366497 0.00427191 0.00499654 0.00584851 0.0068382 0.00797653 0.00927474 0.0107441 0.0123958 0.0142403 0.0162874 0.0185458 0.0210225 0.0237231 0.026651 0.0298071 0.03319 0.0367954 0.040616 0.0446415 0.0488583 0.0532498 0.0577961 0.0624745 0.0672593 0.0721222 0.0770325 0.0819577 0.0868634 0.091714 0.0964731 0.101104 0.10557 0.109835 0.113863 0.117621 0.121078 0.124202 0.126968 0.129351 0.131331 0.132888 0.134011 0.134689 0.134915 0.134689 0.134011 0.132888 0.131331 0.129351 0.126968 0.124202 0.121078 0.117621 0.113863 0.109835 0.10557 0.101104 0.0964731 0.091714 0.0868634 0.0819577 0.0770325 0.0721222 0.0672593 0.0624745 0.0577961 0.0532498 0.0488583 0.0446415 0.040616 0.0367954 0.03319 0.0298071 0.026651 0.0237231 0.0210225 0.0185458 0.0162874 0.0142403 0.0123958 0.0107441 0.00927474 0.00797653 0.0068382 0.00584851 0.00499654 0.00427191 0.00366497 0.00316702 0.00277044 0.00246883 0.00225709 0.00213154 
0.00242596 0.00247388 0.00261848 0.00286229 0.00320949 0.0036658 0.00423845 0.00493603 0.00576833 0.00674616 0.00788117 0.00918557 0.0106719 0.0123527 0.0142403 0.0163463 0.0186814 0.0212549 0.0240745 0.027146 0.0304726 0.0340549 0.0378908 0.0419749 0.0462984 0.0508491 0.0556114 0.0605661 0.0656905 0.0709586 0.0763415 0.081807 0.087321 0.0928466 0.0983456 0.103778 0.109104 0.114283 0.119273 0.124035 0.128531 0.132723 0.136576 0.140057 0.143137 0.14579 0.147993 0.149726 0.150975 0.151729 0.151981 0.151729 0.150975 0.149726 0.147993 0.14579 0.143137 0.140057 0.136576 0.132723 0.128531 0.124035 0.119273 0.114283 0.109104 0.103778 0.0983456 0.0928466 0.087321 0.081807 0.0763415 0.0709586 0.0656905 0.0605661 0.0556114 0.0508491 0.0462984 0.0419749 0.0378908 0.0340549 0.0304726 0.027146 0.0240745 0.0212549 0.0186814 0.0163463 0.0142403 0.0123527 0.0106719 0.00918557 0.00788117 0.00674616 0.00576833 0.00493603 0.00423845 0.0036658 0.00320949 0.00286229 0.00261848 0.00247388 
0.00280341 0.00285836 0.00302417 0.00330367 0.00370156 0.00422428 0.00487994 0.00567816 0.00662989 0.00774724 0.00904317 0.0105313 0.0122255 0.0141397 0.0162874 0.0186814 0.0213332 0.024253 0.0274489 0.0309267 0.0346896 0.0387377 0.043068 0.0476738 0.0525446 0.0576663 0.0630207 0.0685858 0.0743358 0.0802414 0.0862697 0.0923848 0.0985484 0.104719 0.110855 0.116912 0.122845 0.128609 0.13416 0.139453 0.144447 0.1491 0.153374 0.157235 0.160649 0.163589 0.166028 0.167948 0.16933 0.170165 0.170444 0.170165 0.16933 0.167948 0.166028 0.163589 0.160649 0.157235 0.153374 0.1491 0.144447 0.139453 0.13416 0.128609 0.122845 0.116912 0.110855 0.104719 0.0985484 0.0923848 0.0862697 0.0802414 0.0743358 0.0685858 0.0630207 0.0576663 0.0525446 0.0476738 0.043068 0.0387377 0.0346896 0.0309267 0.0274489 0.024253 0.0213332 0.0186814 0.0162874 0.0141397 0.0122255 0.0105313 0.00904317 0.00774724 0.00662989 0.00567816 0.00487994 0.00422428 0.00370156 0.00330367 0.00302417 0.00285836 
0.00322489 0.00328763 0.0034769 0.00379588 0.00424982 0.00484593 0.00559326 0.00650253 0.00758597 0.00885701 0.0103301 0.0120202 0.0139428 0.016113 0.0185458 0.0212549 0.024253 0.0275508 0.0311569 0.0350771 0.0393145 0.0438685 0.0487349 0.0539056 0.0593682 0.0651064 0.0710991 0.0773214 0.083744 0.0903338 0.097054 0.103864 0.110722 0.117582 0.124397 0.131118 0.137696 0.144082 0.150227 0.156082 0.161602 0.166743 0.171463 0.175723 0.17949 0.182731 0.18542 0.187535 0.189059 0.189978 0.190285 0.189978 0.189059 0.187535 0.18542 0.182731 0.17949 0.175723 0.171463 0.166743 0.161602 0.156082 0.150227 0.144082 0.137696 0.131118 0.124397 0.117582 0.110722 0.103864 0.097054 0.0903338 0.083744 0.0773214 0.0710991 0.0651064 0.0593682 0.0539056 0.0487349 0.0438685 0.0393145 0.0350771 0.0311569 0.0275508 0.024253 0.0212549 0.0185458 0.016113 0.0139428 0.0120202 0.0103301 0.00885701 0.00758597 0.00650253 0.00559326 0.00484593 0.00424982 0.00379588 0.0034769 0.00328763 
0.00369282 0.00376412 0.00397919 0.00434159 0.00485714 0.00553387 0.00638184 0.00741296 0.00864077 0.0100801 0.011747 0.0136579 0.0158298 0.0182793 0.0210225 0.0240745 0.0274489 0.0311569 0.0352075 0.0396066 0.0443567 0.0494566 0.0549007 0.0606792 0.0667778 0.0731773 0.0798539 0.0867791 0.09392 0.101239 0.108696 0.116246 0.123841 0.131431 0.138964 0.146387 0.153646 0.160687 0.167456 0.173903 0.179976 0.185628 0.190815 0.195494 0.199628 0.203184 0.206134 0.208454 0.210124 0.211131 0.211468 0.211131 0.210124 0.208454 0.206134 0.203184 0.199628 0.195494 0.190815 0.185628 0.179976 0.173903 0.167456 0.160687 0.153646 0.146387 0.138964 0.131431 0.123841 0.116246 0.108696 0.101239 0.09392 0.0867791 0.0798539 0.0731773 0.0667778 0.0606792 0.0549007 0.0494566 0.0443567 0.0396066 0.0352075 0.0311569 0.0274489 0.0240745 0.0210225 0.0182793 0.0158298 0.0136579 0.011747 0.0100801 0.00864077 0.00741296 0.00638184 0.00553387 0.00485714 0.00434159 0.00397919 0.00376412 
0.00420934 0.00429 0.00453329 0.00494315 0.00552603 0.00629081 0.00724863 0.00841265 0.0097978 0.0114205 0.0132981 0.015449 0.0178914 0.0206437 0.0237231 0.027146 0.0309267 0.0350771 0.0396066 0.0445208 0.0498217 0.055507 0.0615699 0.0679985 0.074776 0.0818806 0.0892851 0.0969573 0.10486 0.112953 0.121189 0.129519 0.137891 0.146249 0.154537 0.162697 0.170669 0.178396 0.185819 0.192882 0.199531 0.205716 0.211387 0.216501 0.221017 0.2249 0.22812 0.230651 0.232473 0.233572 0.23394 0.233572 0.232473 0.230651 0.22812 0.2249 0.221017 0.216501 0.211387 0.205716 0.199531 0.192882 0.185819 0.178396 0.170669 0.162697 0.154537 0.146249 0.137891 0.129519 0.121189 0.112953 0.10486 0.0969573 0.0892851 0.0818806 0.074776 0.0679985 0.0615699 0.055507 0.0498217 0.0445208 0.0396066 0.0350771 0.0309267 0.027146 0.0237231 0.0206437 0.0178914 0.015449 0.0132981 0.0114205 0.0097978 0.00841265 0.00724863 0.00629081 0.00552603 0.00494315 0.00453329 0.00429 
0.00477623 0.00486707 0.00514104 0.00560248 0.00625851 0.00711892 0.00819596 0.0095041 0.0110597 0.0128808 0.0149865 0.0173966 0.020131 0.0232095 0.026651 0.0304726 0.0346896 0.0393145 0.0443567 0.0498217 0.0557107 0.0620202 0.0687417 0.0758612 0.0833593 0.0912109 0.0993853 0.107846 0.116553 0.125459 0.134514 0.143662 0.152848 0.16201 0.171086 0.180013 0.188728 0.197167 0.205267 0.212969 0.220215 0.226949 0.233121 0.238683 0.243592 0.247812 0.25131 0.254058 0.256036 0.257229 0.257628 0.257229 0.256036 0.254058 0.25131 0.247812 0.243592 0.238683 0.233121 0.226949 0.220215 0.212969 0.205267 0.197167 0.188728 0.180013 0.171086 0.16201 0.152848 0.143662 0.134514 0.125459 0.116553 0.107846 0.0993853 0.0912109 0.0833593 0.0758612 0.0687417 0.0620202 0.0557107 0.0498217 0.0443567 0.0393145 0.0346896 0.0304726 0.026651 0.0232095 0.020131 0.0173966 0.0149865 0.0128808 0.0110597 0.0095041 0.00819596 0.00711892 0.00625851 0.00560248 0.00514104 0.00486707 
0.00539485 0.0054967 0.00580384 0.00632103 0.00705608 0.00801974 0.00922542 0.010689 0.0124283 0.014463 0.0168138 0.0195023 0.02255 0.0259783 0.0298071 0.0340549 0.0387377 0.0438685 0.0494566 0.055507 0.0620202 0.0689913 0.0764097 0.0842592 0.0925172 0.101155 0.110139 0.119428 0.128977 0.138733 0.148643 0.158645 0.168677 0.178674 0.188567 0.198289 0.20777 0.216944 0.225742 0.234101 0.241959 0.249257 0.255941 0.261961 0.267273 0.271836 0.275617 0.278587 0.280724 0.282013 0.282444 0.282013 0.280724 0.278587 0.275617 0.271836 0.267273 0.261961 0.255941 0.249257 0.241959 0.234101 0.225742 0.216944 0.20777 0.198289 0.188567 0.178674 0.168677 0.158645 0.148643 0.138733 0.128977 0.119428 0.110139 0.101155 0.0925172 0.0842592 0.0764097 0.0689913 0.0620202 0.055507 0.0494566 0.0438685 0.0387377 0.0340549 0.0298071 0.0259783 0.02255 0.0195023 0.0168138 0.014463 0.0124283 0.010689 0.00922542 0.00801974 0.00705608 0.00632103 0.00580384 0.0054967 
0.00606607 0.00617975 0.00652254 0.00709963 0.00791957 0.00899408 0.0103378 0.0119679 0.013904 0.0161673 0.0187802 0.0217661 0.0251481 0.0289489 0.03319 0.0378908 0.043068 0.0487349 0.0549007 0.0615699 0.0687417 0.0764097 0.0845612 0.0931772 0.102232 0.111693 0.121523 0.131676 0.1421 0.152741 0.163537 0.174423 0.18533 0.196187 0.206922 0.217461 0.227729 0.237655 0.247167 0.256197 0.264678 0.27255 0.279755 0.286241 0.29196 0.296871 0.300938 0.304132 0.306431 0.307816 0.308279 0.307816 0.306431 0.304132 0.300938 0.296871 0.29196 0.286241 0.279755 0.27255 0.264678 0.256197 0.247167 0.237655 0.227729 0.217461 0.206922 0.196187 0.18533 0.174423 0.163537 0.152741 0.1421 0.131676 0.121523 0.111693 0.102232 0.0931772 0.0845612 0.0764097 0.0687417 0.0615699 0.0549007 0.0487349 0.043068 0.0378908 0.03319 0.0289489 0.0251481 0.0217661 0.0187802 0.0161673 0.013904 0.0119679 0.0103378 0.00899408 0.00791957 0.00709963 0.00652254 0.00617975 
0.00679017 0.0069165 0.00729738 0.00793848 0.00884908 0.0100419 0.0115329 0.0133406 0.0154863 0.0179928 0.0208844 0.024186 0.0279225 0.0321181 0.0367954 0.0419749 0.0476738 0.0539056 0.0606792 0.0679985 0.0758612 0.0842592 0.0931772 0.102593 0.112478 0.122796 0.133504 0.144551 0.155883 0.167437 0.179147 0.190942 0.202747 0.214487 0.226082 0.237454 0.248525 0.259216 0.269452 0.279161 0.288274 0.296726 0.304456 0.311411 0.31754 0.3228 0.327155 0.330574 0.333034 0.334516 0.335011 0.334516 0.333034 0.330574 0.327155 0.3228 0.31754 0.311411 0.304456 0.296726 0.288274 0.279161 0.269452 0.259216 0.248525 0.237454 0.226082 0.214487 0.202747 0.190942 0.179147 0.167437 0.155883 0.144551 0.133504 0.122796 0.112478 0.102593 0.0931772 0.0842592 0.0758612 0.0679985 0.0606792 0.0539056 0.0476738 0.0419749 0.0367954 0.0321181 0.0279225 0.024186 0.0208844 0.0179928 0.0154863 0.0133406 0.0115329 0.0100419 0.00884908 0.00793848 0.00729738 0.0069165 
0.00756678 0.00770656 0.00812793 0.00883702 0.00984388 0.0111623 0.0128094 0.0148054 0.017173 0.0199369 0.023123 0.026758 0.0308684 0.0354798 0.040616 0.0462984 0.0525446 0.0593682 0.0667778 0.074776 0.0833593 0.0925172 0.102232 0.112478 0.123224 0.134427 0.146041 0.15801 0.170274 0.182765 0.195411 0.208135 0.220856 0.233494 0.245964 0.258181 0.270063 0.281527 0.292493 0.302886 0.312633 0.321666 0.329922 0.337345 0.343883 0.349492 0.354134 0.357776 0.360396 0.361975 0.362502 0.361975 0.360396 0.357776 0.354134 0.349492 0.343883 0.337345 0.329922 0.321666 0.312633 0.302886 0.292493 0.281527 0.270063 0.258181 0.245964 0.233494 0.220856 0.208135 0.195411 0.182765 0.170274 0.15801 0.146041 0.134427 0.123224 0.112478 0.102232 0.0925172 0.0833593 0.074776 0.0667778 0.0593682 0.0525446 0.0462984 0.040616 0.0354798 0.0308684 0.026758 0.023123 0.0199369 0.017173 0.0148054 0.0128094 0.0111623 0.00984388 0.00883702 0.00812793 0.00770656 
0.00839487 0.00854884 0.00901298 0.00979388 0.0109024 0.0123533 0.0141651 0.0163595 0.0189608 0.0219953 0.0254909 0.0294759 0.0339784 0.0390252 0.0446415 0.0508491 0.0576663 0.0651064 0.0731773 0.0818806 0.0912109 0.101155 0.111693 0.122796 0.134427 0.14654 0.159084 0.171997 0.185214 0.19866 0.212258 0.225925 0.239576 0.253121 0.266473 0.279542 0.292239 0.304477 0.316174 0.32725 0.337628 0.347239 0.356018 0.363905 0.370848 0.376802 0.381726 0.38559 0.388368 0.390041 0.3906 0.390041 0.388368 0.38559 0.381726 0.376802 0.370848 0.363905 0.356018 0.347239 0.337628 0.32725 0.316174 0.304477 0.292239 0.279542 0.266473 0.253121 0.239576 0.225925 0.212258 0.19866 0.185214 0.171997 0.159084 0.14654 0.134427 0.122796 0.111693 0.101155 0.0912109 0.0818806 0.0731773 0.0651064 0.0576663 0.0508491 0.0446415 0.0390252 0.0339784 0.0294759 0.0254909 0.0219953 0.0189608 0.0163595 0.0141651 0.0123533 0.0109024 0.00979388 0.00901298 0.00854884 
0.00927261 0.0094415 0.00995056 0.0108069 0.012022 0.013612 0.0155965 0.0179987 0.0208446 0.0241622 0.0279812 0.0323315 0.0372426 0.0427429 0.0488583 0.0556114 0.0630207 0.0710991 0.0798539 0.0892851 0.0993853 0.110139 0.121523 0.133504 0.146041 0.159084 0.172575 0.186449 0.200633 0.215047 0.229608 0.244227 0.258812 0.27327 0.287506 0.301425 0.314935 0.327945 0.340368 0.35212 0.363123 0.373305 0.382598 0.390941 0.398282 0.404574 0.409775 0.413855 0.416787 0.418554 0.419144 0.418554 0.416787 0.413855 0.409775 0.404574 0.398282 0.390941 0.382598 0.373305 0.363123 0.35212 0.340368 0.327945 0.314935 0.301425 0.287506 0.27327 0.258812 0.244227 0.229608 0.215047 0.200633 0.186449 0.172575 0.159084 0.146041 0.133504 0.121523 0.110139 0.0993853 0.0892851 0.0798539 0.0710991 0.0630207 0.0556114 0.0488583 0.0427429 0.0372426 0.0323315 0.0279812 0.0241622 0.0208446 0.0179987 0.0155965 0.013612 0.012022 0.0108069 0.00995056 0.0094415 
0.0101974 0.0103819 0.0109378 0.0118728 0.0131993 0.0149343 0.0170987 0.0197174 0.0228178 0.0264299 0.0305847 0.035314 0.0406487 0.0466184 0.0532498 0.0605661 0.0685858 0.0773214 0.0867791 0.0969573 0.107846 0.119428 0.131676 0.144551 0.15801 0.171997 0.186449 0.201294 0.216454 0.231843 0.247371 0.262944 0.278464 0.293832 0.308948 0.323712 0.338028 0.3518 0.364938 0.377355 0.388971 0.399711 0.409507 0.418296 0.426024 0.432644 0.438115 0.442404 0.445486 0.447342 0.447962 0.447342 0.445486 0.442404 0.438115 0.432644 0.426024 0.418296 0.409507 0.399711 0.388971 0.377355 0.364938 0.3518 0.338028 0.323712 0.308948 0.293832 0.278464 0.262944 0.247371 0.231843 0.216454 0.201294 0.186449 0.171997 0.15801 0.144551 0.131676 0.119428 0.107846 0.0969573 0.0867791 0.0773214 0.0685858 0.0605661 0.0532498 0.0466184 0.0406487 0.035314 0.0305847 0.0264299 0.0228178 0.0197174 0.0170987 0.0149343 0.0131993 0.0118728 0.0109378 0.0103819 
0.0111658 0.0113665 0.0119711 0.0129878 0.0144297 0.016315 0.0186659 0.0215086 0.0248724 0.0287888 0.0332904 0.0384106 0.0441817 0.0506344 0.0577961 0.0656905 0.0743358 0.083744 0.09392 0.10486 0.116553 0.128977 0.1421 0.155883 0.170274 0.185214 0.200633 0.216454 0.232592 0.248957 0.265451 0.281974 0.298422 0.314692 0.330677 0.346274 0.361382 0.375902 0.389739 0.402806 0.415019 0.426302 0.436585 0.445805 0.453907 0.460843 0.466572 0.471063 0.474288 0.476231 0.47688 0.476231 0.474288 0.471063 0.466572 0.460843 0.453907 0.445805 0.436585 0.426302 0.415019 0.402806 0.389739 0.375902 0.361382 0.346274 0.330677 0.314692 0.298422 0.281974 0.265451 0.248957 0.232592 0.216454 0.200633 0.185214 0.170274 0.155883 0.1421 0.128977 0.116553 0.10486 0.09392 0.083744 0.0743358 0.0656905 0.0577961 0.0506344 0.0441817 0.0384106 0.0332904 0.0287888 0.0248724 0.0215086 0.0186659 0.016315 0.0144297 0.0129878 0.0119711 0.0113665 
0.0121736 0.012391 0.0130458 0.0141467 0.0157077 0.0177478 0.0202907 0.0233641 0.0269987 0.0312276 0.0360853 0.0416063 0.0478243 0.054771 0.0624745 0.0709586 0.0802414 0.0903338 0.101239 0.112953 0.125459 0.138733 0.152741 0.167437 0.182765 0.19866 0.215047 0.231843 0.248957 0.266291 0.283742 0.301205 0.31857 0.335727 0.352566 0.368979 0.38486 0.400107 0.414625 0.42832 0.44111 0.452915 0.463666 0.473299 0.481759 0.488997 0.494973 0.499655 0.503018 0.505042 0.505718 0.505042 0.503018 0.499655 0.494973 0.488997 0.481759 0.473299 0.463666 0.452915 0.44111 0.42832 0.414625 0.400107 0.38486 0.368979 0.352566 0.335727 0.31857 0.301205 0.283742 0.266291 0.248957 0.231843 0.215047 0.19866 0.182765 0.167437 0.152741 0.138733 0.125459 0.112953 0.101239 0.0903338 0.0802414 0.0709586 0.0624745 0.054771 0.0478243 0.0416063 0.0360853 0.0312276 0.0269987 0.0233641 0.0202907 0.0177478 0.0157077 0.0141467 0.0130458 0.012391 
0.0132157 0.0134502 0.0141565 0.0153437 0.0170267 0.0192254 0.0219649 0.0252741 0.0291854 0.0337335 0.0389543 0.0448837 0.0515567 0.0590056 0.0672593 0.0763415 0.0862697 0.097054 0.108696 0.121189 0.134514 0.148643 0.163537 0.179147 0.195411 0.212258 0.229608 0.247371 0.265451 0.283742 0.302138 0.320524 0.338788 0.356812 0.374483 0.391689 0.408319 0.42427 0.439442 0.453742 0.467083 0.479388 0.490585 0.50061 0.509409 0.516933 0.523142 0.528005 0.531496 0.533598 0.534299 0.533598 0.531496 0.528005 0.523142 0.516933 0.509409 0.50061 0.490585 0.479388 0.467083 0.453742 0.439442 0.42427 0.408319 0.391689 0.374483 0.356812 0.338788 0.320524 0.302138 0.283742 0.265451 0.247371 0.229608 0.212258 0.195411 0.179147 0.163537 0.148643 0.134514 0.121189 0.108696 0.097054 0.0862697 0.0763415 0.0672593 0.0590056 0.0515567 0.0448837 0.0389543 0.0337335 0.0291854 0.0252741 0.0219649 0.0192254 0.0170267 0.0153437 0.0141565 0.0134502 
0.0142863 0.0145381 0.0152969 0.0165721 0.0183791 0.0207393 0.0236786 0.0272276 0.03142 0.0362919 0.0418808 0.0482238 0.0553569 0.0633133 0.0721222 0.081807 0.0923848 0.103864 0.116246 0.129519 0.143662 0.158645 0.174423 0.190942 0.208135 0.225925 0.244227 0.262944 0.281974 0.301205 0.320524 0.339813 0.35895 0.377817 0.396294 0.414264 0.431616 0.448241 0.464038 0.478914 0.49278 0.505558 0.517176 0.527571 0.536687 0.544479 0.550907 0.555938 0.559549 0.561723 0.562448 0.561723 0.559549 0.555938 0.550907 0.544479 0.536687 0.527571 0.517176 0.505558 0.49278 0.478914 0.464038 0.448241 0.431616 0.414264 0.396294 0.377817 0.35895 0.339813 0.320524 0.301205 0.281974 0.262944 0.244227 0.225925 0.208135 0.190942 0.174423 0.158645 0.143662 0.129519 0.116246 0.103864 0.0923848 0.081807 0.0721222 0.0633133 0.0553569 0.0482238 0.0418808 0.0362919 0.03142 0.0272276 0.0236786 0.0207393 0.0183791 0.0165721 0.0152969 0.0145381 
0.0153786 0.0156481 0.0164599 0.017824 0.0197567 0.02228 0.0254213 0.0292123 0.0336883 0.0388867 0.0448463 0.0516055 0.0592011 0.067667 0.0770325 0.087321 0.0985484 0.110722 0.123841 0.137891 0.152848 0.168677 0.18533 0.202747 0.220856 0.239576 0.258812 0.278464 0.298422 0.31857 0.338788 0.35895 0.378934 0.398612 0.417863 0.436566 0.454606 0.471873 0.488264 0.503684 0.518044 0.531265 0.543277 0.554017 0.56343 0.57147 0.578099 0.583286 0.587008 0.589248 0.589995 0.589248 0.587008 0.583286 0.578099 0.57147 0.56343 0.554017 0.543277 0.531265 0.518044 0.503684 0.488264 0.471873 0.454606 0.436566 0.417863 0.398612 0.378934 0.35895 0.338788 0.31857 0.298422 0.278464 0.258812 0.239576 0.220856 0.202747 0.18533 0.168677 0.152848 0.137891 0.123841 0.110722 0.0985484 0.087321 0.0770325 0.067667 0.0592011 0.0516055 0.0448463 0.0388867 0.0336883 0.0292123 0.0254213 0.02228 0.0197567 0.017824 0.0164599 0.0156481 
0.0164853 0.0167725 0.0176377 0.0190912 0.02115 0.0238372 0.0271812 0.031215 0.0359751 0.0415005 0.047831 0.0550062 0.0630636 0.0720377 0.0819577 0.0928466 0.104719 0.117582 0.131431 0.146249 0.16201 0.178674 0.196187 0.214487 0.233494 0.253121 0.27327 0.293832 0.314692 0.335727 0.356812 0.377817 0.398612 0.419068 0.439057 0.458457 0.477149 0.495022 0.511972 0.527901 0.542723 0.556357 0.568734 0.579792 0.589477 0.597746 0.604559 0.609889 0.613712 0.616011 0.616779 0.616011 0.613712 0.609889 0.604559 0.597746 0.589477 0.579792 0.568734 0.556357 0.542723 0.527901 0.511972 0.495022 0.477149 0.458457 0.439057 0.419068 0.398612 0.377817 0.356812 0.335727 0.314692 0.293832 0.27327 0.253121 0.233494 0.214487 0.196187 0.178674 0.16201 0.146249 0.131431 0.117582 0.104719 0.0928466 0.0819577 0.0720377 0.0630636 0.0550062 0.047831 0.0415005 0.0359751 0.031215 0.0271812 0.0238372 0.02115 0.0190912 0.0176377 0.0167725 
0.0175984 0.0179034 0.0188218 0.0203645 0.0225492 0.0253997 0.0289457 0.0332213 0.0382643 0.0441148 0.0508139 0.058402 0.0669174 0.0763948 0.0868634 0.0983456 0.110855 0.124397 0.138964 0.154537 0.171086 0.188567 0.206922 0.226082 0.245964 0.266473 0.287506 0.308948 0.330677 0.352566 0.374483 0.396294 0.417863 0.439057 0.459746 0.479803 0.499109 0.517549 0.53502 0.551423 0.566671 0.580686 0.593399 0.604747 0.614681 0.623157 0.630137 0.635595 0.639509 0.641863 0.642649 0.641863 0.639509 0.635595 0.630137 0.623157 0.614681 0.604747 0.593399 0.580686 0.566671 0.551423 0.53502 0.517549 0.499109 0.479803 0.459746 0.439057 0.417863 0.396294 0.374483 0.352566 0.330677 0.308948 0.287506 0.266473 0.245964 0.226082 0.206922 0.188567 0.171086 0.154537 0.138964 0.124397 0.110855 0.0983456 0.0868634 0.0763948 0.0669174 0.058402 0.0508139 0.0441148 0.0382643 0.0332213 0.0289457 0.0253997 0.0225492 0.0203645 0.0188218 0.0179034 
0.0187094 0.0190319 0.0200031 0.0216342 0.0239434 0.0269557 0.0307015 0.0352162 0.0405386 0.0467102 0.0537728 0.0617678 0.070734 0.0807064 0.091714 0.103778 0.116912 0.131118 0.146387 0.162697 0.180013 0.198289 0.217461 0.237454 0.258181 0.279542 0.301425 0.323712 0.346274 0.368979 0.391689 0.414264 0.436566 0.458457 0.479803 0.500476 0.520354 0.539322 0.557274 0.574113 0.589753 0.604116 0.617132 0.628745 0.638902 0.647563 0.654694 0.660266 0.664261 0.666663 0.667465 0.666663 0.664261 0.660266 0.654694 0.647563 0.638902 0.628745 0.617132 0.604116 0.589753 0.574113 0.557274 0.539322 0.520354 0.500476 0.479803 0.458457 0.436566 0.414264 0.391689 0.368979 0.346274 0.323712 0.301425 0.279542 0.258181 0.237454 0.217461 0.198289 0.180013 0.162697 0.146387 0.131118 0.116912 0.103778 0.091714 0.0807064 0.070734 0.0617678 0.0537728 0.0467102 0.0405386 0.0352162 0.0307015 0.0269557 0.0239434 0.0216342 0.0200031 0.0190319 
0.0198093 0.020149 0.021172 0.0228899 0.0253216 0.0284927 0.0324347 0.0371839 0.0427804 0.0492663 0.0566848 0.0650778 0.0744846 0.0849401 0.0964731 0.109104 0.122845 0.137696 0.153646 0.170669 0.188728 0.20777 0.227729 0.248525 0.270063 0.292239 0.314935 0.338028 0.361382 0.38486 0.408319 0.431616 0.454606 0.477149 0.499109 0.520354 0.540761 0.560214 0.578608 0.595846 0.611841 0.626518 0.639809 0.651657 0.662014 0.67084 0.678102 0.683776 0.687841 0.690286 0.691102 0.690286 0.687841 0.683776 0.678102 0.67084 0.662014 0.651657 0.639809 0.626518 0.611841 0.595846 0.578608 0.560214 0.540761 0.520354 0.499109 0.477149 0.454606 0.431616 0.408319 0.38486 0.361382 0.338028 0.314935 0.292239 0.270063 0.248525 0.227729 0.20777 0.188728 0.170669 0.153646 0.137696 0.122845 0.109104 0.0964731 0.0849401 0.0744846 0.0650778 0.0566848 0.0492663 0.0427804 0.0371839 0.0324347 0.0284927 0.0253216 0.0228899 0.021172 0.020149 
0.0208886 0.0212451 0.0223187 0.0241213 0.0266722 0.029998 0.0341309 0.0391083 0.0449712 0.0517628 0.0595268 0.0683058 0.0781395 0.0890628 0.101104 0.114283 0.128609 0.144082 0.160687 0.178396 0.197167 0.216944 0.237655 0.259216 0.281527 0.304477 0.327945 0.3518 0.375902 0.400107 0.42427 0.448241 0.471873 0.495022 0.517549 0.539322 0.560214 0.580111 0.598907 0.616505 0.63282 0.647778 0.661312 0.673369 0.683901 0.692872 0.700249 0.70601 0.710138 0.712619 0.713447 0.712619 0.710138 0.70601 0.700249 0.692872 0.683901 0.673369 0.661312 0.647778 0.63282 0.616505 0.598907 0.580111 0.560214 0.539322 0.517549 0.495022 0.471873 0.448241 0.42427 0.400107 0.375902 0.3518 0.327945 0.304477 0.281527 0.259216 0.237655 0.216944 0.197167 0.178396 0.160687 0.144082 0.128609 0.114283 0.101104 0.0890628 0.0781395 0.0683058 0.0595268 0.0517628 0.0449712 0.0391083 0.0341309 0.029998 0.0266722 0.0241213 0.0223187 0.0212451 
0.0219379 0.0223107 0.0234331 0.0253174 0.0279835 0.0314586 0.0357757 0.0409732 0.0470928 0.0541786 0.0622751 0.0714253 0.0816692 0.0930414 0.10557 0.119273 0.13416 0.150227 0.167456 0.185819 0.205267 0.225742 0.247167 0.269452 0.292493 0.316174 0.340368 0.364938 0.389739 0.414625 0.439442 0.464038 0.488264 0.511972 0.53502 0.557274 0.578608 0.598907 0.618064 0.635985 0.652585 0.667791 0.68154 0.693779 0.704464 0.713559 0.721036 0.726872 0.731052 0.733564 0.734402 0.733564 0.731052 0.726872 0.721036 0.713559 0.704464 0.693779 0.68154 0.667791 0.652585 0.635985 0.618064 0.598907 0.578608 0.557274 0.53502 0.511972 0.488264 0.464038 0.439442 0.414625 0.389739 0.364938 0.340368 0.316174 0.292493 0.269452 0.247167 0.225742 0.205267 0.185819 0.167456 0.150227 0.13416 0.119273 0.10557 0.0930414 0.0816692 0.0714253 0.0622751 0.0541786 0.0470928 0.0409732 0.0357757 0.0314586 0.0279835 0.0253174 0.0234331 0.0223107 
0.0229475 0.0233358 0.0245049 0.0264674 0.0292437 0.0328614 0.0373546 0.0427621 0.0491268 0.0564932 0.0649066 0.0744103 0.0850444 0.0968435 0.109835 0.124035 0.139453 0.156082 0.173903 0.192882 0.212969 0.234101 0.256197 0.279161 0.302886 0.32725 0.35212 0.377355 0.402806 0.42832 0.453742 0.478914 0.503684 0.527901 0.551423 0.574113 0.595846 0.616505 0.635985 0.654191 0.671042 0.686466 0.700402 0.712798 0.723614 0.732815 0.740376 0.746275 0.750499 0.753037 0.753884 0.753037 0.750499 0.746275 0.740376 0.732815 0.723614 0.712798 0.700402 0.686466 0.671042 0.654191 0.635985 0.616505 0.595846 0.574113 0.551423 0.527901 0.503684 0.478914 0.453742 0.42832 0.402806 0.377355 0.35212 0.32725 0.302886 0.279161 0.256197 0.234101 0.212969 0.192882 0.173903 0.156082 0.139453 0.124035 0.109835 0.0968435 0.0850444 0.0744103 0.0649066 0.0564932 0.0491268 0.0427621 0.0373546 0.0328614 0.0292437 0.0264674 0.0245049 0.0233358 
0.0239079 0.0243109 0.0255242 0.0275606 0.030441 0.0341937 0.0388531 0.0444591 0.051055 0.0586863 0.0673983 0.0772351 0.0882366 0.100437 0.113863 0.128531 0.144447 0.161602 0.179976 0.199531 0.220215 0.241959 0.264678 0.288274 0.312633 0.337628 0.363123 0.388971 0.415019 0.44111 0.467083 0.49278 0.518044 0.542723 0.566671 0.589753 0.611841 0.63282 0.652585 0.671042 0.688112 0.703724 0.71782 0.730351 0.741277 0.750568 0.758198 0.76415 0.76841 0.770969 0.771823 0.770969 0.76841 0.76415 0.758198 0.750568 0.741277 0.730351 0.71782 0.703724 0.688112 0.671042 0.652585 0.63282 0.611841 0.589753 0.566671 0.542723 0.518044 0.49278 0.467083 0.44111 0.415019 0.388971 0.363123 0.337628 0.312633 0.288274 0.264678 0.241959 0.220215 0.199531 0.179976 0.161602 0.144447 0.128531 0.113863 0.100437 0.0882366 0.0772351 0.0673983 0.0586863 0.051055 0.0444591 0.0388531 0.0341937 0.030441 0.0275606 0.0255242 0.0243109 
