0.000383937 0.000391877 0.000415862 0.00045638 0.00051424 0.000590565 0.000686777 0.000804588 0.000945971 0.00111315 0.00130854 0.00153476 0.00179455 0.00209074 0.00242619 0.00280374 0.00322615 0.00369599 0.00421564 0.00478713 0.00541213 0.00609183 0.00682689 0.00761734 0.00846256 0.00936117 0.010311 0.0113092 0.0123517 0.0134341 0.0145509 0.0156956 0.0168612 0.01804 0.0192235 0.0204028 0.0215684 0.0227106 0.0238196 0.0248854 0.0258981 0.026848 0.0277261 0.0285235 0.0292321 0.0298448 0.0303552 0.0307578 0.0310485 0.0312242 0.031283 0.0312242 0.0310485 0.0307578 0.0303552 0.0298448 0.0292321 0.0285235 0.0277261 0.026848 0.0258981 0.0248854 0.0238196 0.0227106 0.0215684 0.0204028 0.0192235 0.01804 0.0168612 0.0156956 0.0145509 0.0134341 0.0123517 0.0113092 0.010311 0.00936117 0.00846256 0.00761734 0.00682689 0.00609183 0.00541213 0.00478713 0.00421564 0.00369599 0.00322615 0.00280374 0.00242619 0.00209074 0.00179455 0.00153476 0.00130854 0.00111315 0.000945971 0.000804588 0.000686777 0.000590565 0.00051424 0.00045638 0.000415862 0.000391877 
0.000391877 0.00039997 0.000424415 0.000465707 0.000524671 0.000602445 0.000700475 0.000820499 0.000964521 0.00113479 0.00133378 0.00156414 0.00182863 0.00213014 0.00247156 0.00285578 0.00328557 0.00376357 0.00429214 0.00487336 0.0055089 0.00619996 0.00694719 0.00775062 0.00860959 0.00952269 0.0104877 0.0115017 0.0125606 0.0136599 0.0147938 0.0159561 0.0171394 0.018336 0.0195372 0.020734 0.0219168 0.0230758 0.0242009 0.0252821 0.0263094 0.027273 0.0281635 0.0289722 0.0296909 0.0303123 0.0308298 0.0312381 0.0315329 0.0317111 0.0317706 0.0317111 0.0315329 0.0312381 0.0308298 0.0303123 0.0296909 0.0289722 0.0281635 0.027273 0.0263094 0.0252821 0.0242009 0.0230758 0.0219168 0.020734 0.0195372 0.018336 0.0171394 0.0159561 0.0147938 0.0136599 0.0125606 0.0115017 0.0104877 0.00952269 0.00860959 0.00775062 0.00694719 0.00619996 0.0055089 0.00487336 0.00429214 0.00376357 0.00328557 0.00285578 0.00247156 0.00213014 0.00182863 0.00156414 0.00133378 0.00113479 0.000964521 0.000820499 0.000700475 0.000602445 0.000524671 0.000465707 0.000424415 0.00039997 
0.000415862 0.000424415 0.000450246 0.000493877 0.000556169 0.000638315 0.000741829 0.000868529 0.00102051 0.00120013 0.00140996 0.00165277 0.00193145 0.00224899 0.00260842 0.00301272 0.00346478 0.00396732 0.00452279 0.00513332 0.00580062 0.00652589 0.00730978 0.00815227 0.00905262 0.0100093 0.01102 0.0120815 0.0131897 0.0143397 0.0155255 0.0167405 0.0179771 0.0192271 0.0204815 0.021731 0.0229655 0.0241748 0.0253485 0.0264761 0.0275472 0.0285518 0.02948 0.0303227 0.0310716 0.0317189 0.032258 0.0326833 0.0329903 0.0331759 0.0332379 0.0331759 0.0329903 0.0326833 0.032258 0.0317189 0.0310716 0.0303227 0.02948 0.0285518 0.0275472 0.0264761 0.0253485 0.0241748 0.0229655 0.021731 0.0204815 0.0192271 0.0179771 0.0167405 0.0155255 0.0143397 0.0131897 0.0120815 0.01102 0.0100093 0.00905262 0.00815227 0.00730978 0.00652589 0.00580062 0.00513332 0.00452279 0.00396732 0.00346478 0.00301272 0.00260842 0.00224899 0.00193145 0.00165277 0.00140996 0.00120013 0.00102051 0.000868529 0.000741829 0.000638315 0.000556169 0.000493877 0.000450246 0.000424415 
0.00045638 0.000465707 0.000493877 0.000541449 0.00060935 0.000698865 0.000811619 0.000949565 0.00111496 0.00131032 0.00153841 0.00180218 0.00210473 0.00244926 0.00283897 0.00327705 0.00376655 0.00431034 0.00491102 0.00557079 0.00629143 0.00707416 0.0079196 0.00882766 0.00979746 0.0108273 0.0119146 0.0130559 0.0142467 0.0154816 0.0167543 0.0180576 0.0193834 0.0207229 0.0220665 0.0234041 0.0247251 0.0260187 0.0272736 0.0284788 0.0296233 0.0306962 0.0316874 0.0325871 0.0333863 0.034077 0.0346522 0.035106 0.0354335 0.0356314 0.0356975 0.0356314 0.0354335 0.035106 0.0346522 0.034077 0.0333863 0.0325871 0.0316874 0.0306962 0.0296233 0.0284788 0.0272736 0.0260187 0.0247251 0.0234041 0.0220665 0.0207229 0.0193834 0.0180576 0.0167543 0.0154816 0.0142467 0.0130559 0.0119146 0.0108273 0.00979746 0.00882766 0.0079196 0.00707416 0.00629143 0.00557079 0.00491102 0.00431034 0.00376655 0.00327705 0.00283897 0.00244926 0.00210473 0.00180218 0.00153841 0.00131032 0.00111496 0.000949565 0.000811619 0.000698865 0.00060935 0.000541449 0.000493877 0.000465707 
0.00051424 0.000524671 0.000556169 0.00060935 0.000685234 0.000785232 0.000911132 0.00106507 0.00124953 0.00146727 0.0017213 0.00201486 0.00235132 0.00273415 0.00316684 0.00365284 0.00419544 0.00479773 0.00546246 0.00619199 0.00698817 0.00785224 0.00878479 0.00978558 0.0108536 0.0119868 0.0131824 0.0144363 0.0157437 0.0170985 0.0184939 0.0199217 0.0213733 0.022839 0.0243082 0.02577 0.0272129 0.0286251 0.0299944 0.0313088 0.0325564 0.0337256 0.0348053 0.0357851 0.0366552 0.037407 0.0380329 0.0385265 0.0388828 0.039098 0.03917 0.039098 0.0388828 0.0385265 0.0380329 0.037407 0.0366552 0.0357851 0.0348053 0.0337256 0.0325564 0.0313088 0.0299944 0.0286251 0.0272129 0.02577 0.0243082 0.022839 0.0213733 0.0199217 0.0184939 0.0170985 0.0157437 0.0144363 0.0131824 0.0119868 0.0108536 0.00978558 0.00878479 0.00785224 0.00698817 0.00619199 0.00546246 0.00479773 0.00419544 0.00365284 0.00316684 0.00273415 0.00235132 0.00201486 0.0017213 0.00146727 0.00124953 0.00106507 0.000911132 0.000785232 0.000685234 0.00060935 0.000556169 0.000524671 
0.000590565 0.000602445 0.000638315 0.000698865 0.000785232 0.000898996 0.00104215 0.00121709 0.00142655 0.00167363 0.00196167 0.00229426 0.00267512 0.0031081 0.00359705 0.00414573 0.00475775 0.00543647 0.00618487 0.00700547 0.00790021 0.00887038 0.00991646 0.0110381 0.012234 0.0135018 0.0148382 0.0162387 0.0176976 0.0192083 0.0207629 0.0223525 0.0239673 0.0255965 0.0272286 0.0288515 0.0304523 0.032018 0.0335353 0.0349911 0.0363722 0.037666 0.0388602 0.0399434 0.0409051 0.0417358 0.0424273 0.0429725 0.0433659 0.0436036 0.0436831 0.0436036 0.0433659 0.0429725 0.0424273 0.0417358 0.0409051 0.0399434 0.0388602 0.037666 0.0363722 0.0349911 0.0335353 0.032018 0.0304523 0.0288515 0.0272286 0.0255965 0.0239673 0.0223525 0.0207629 0.0192083 0.0176976 0.0162387 0.0148382 0.0135018 0.012234 0.0110381 0.00991646 0.00887038 0.00790021 0.00700547 0.00618487 0.00543647 0.00475775 0.00414573 0.00359705 0.0031081 0.00267512 0.00229426 0.00196167 0.00167363 0.00142655 0.00121709 0.00104215 0.000898996 0.000785232 0.000698865 0.000638315 0.000602445 
0.000686777 0.000700475 0.000741829 0.000811619 0.000911132 0.00104215 0.00120693 0.00140816 0.00164894 0.00193275 0.00226333 0.00264472 0.00308108 0.00357671 0.00413587 0.00476275 0.00546135 0.00623532 0.00708794 0.0080219 0.00903927 0.0101413 0.0113285 0.0126002 0.0139549 0.0153896 0.0169006 0.0184826 0.0201292 0.0218327 0.0235843 0.0253739 0.0271903 0.0290216 0.0308548 0.0326763 0.0344718 0.0362268 0.0379266 0.0395565 0.041102 0.042549 0.043884 0.0450946 0.0461689 0.0470967 0.0478687 0.0484773 0.0489164 0.0491817 0.0492704 0.0491817 0.0489164 0.0484773 0.0478687 0.0470967 0.0461689 0.0450946 0.043884 0.042549 0.041102 0.0395565 0.0379266 0.0362268 0.0344718 0.0326763 0.0308548 0.0290216 0.0271903 0.0253739 0.0235843 0.0218327 0.0201292 0.0184826 0.0169006 0.0153896 0.0139549 0.0126002 0.0113285 0.0101413 0.00903927 0.0080219 0.00708794 0.00623532 0.00546135 0.00476275 0.00413587 0.00357671 0.00308108 0.00264472 0.00226333 0.00193275 0.00164894 0.00140816 0.00120693 0.00104215 0.000911132 0.000811619 0.000741829 0.000700475 
0.000804588 0.000820499 0.000868529 0.000949565 0.00106507 0.00121709 0.00140816 0.00164136 0.0019202 0.0022486 0.00263083 0.00307141 0.00357506 0.00414659 0.00479077 0.00551229 0.00631557 0.00720466 0.00818312 0.0092539 0.0104192 0.0116802 0.0130373 0.0144896 0.0160351 0.0176706 0.0193912 0.0211911 0.0230628 0.0249975 0.026985 0.0290139 0.0310716 0.0331445 0.0352179 0.0372766 0.0393045 0.0412854 0.0432027 0.0450401 0.0467814 0.0484109 0.0499137 0.0512757 0.0524841 0.0535272 0.054395 0.055079 0.0555725 0.0558705 0.0559702 0.0558705 0.0555725 0.055079 0.054395 0.0535272 0.0524841 0.0512757 0.0499137 0.0484109 0.0467814 0.0450401 0.0432027 0.0412854 0.0393045 0.0372766 0.0352179 0.0331445 0.0310716 0.0290139 0.026985 0.0249975 0.0230628 0.0211911 0.0193912 0.0176706 0.0160351 0.0144896 0.0130373 0.0116802 0.0104192 0.0092539 0.00818312 0.00720466 0.00631557 0.00551229 0.00479077 0.00414659 0.00357506 0.00307141 0.00263083 0.0022486 0.0019202 0.00164136 0.00140816 0.00121709 0.00106507 0.000949565 0.000868529 0.000820499 
0.000945971 0.000964521 0.00102051 0.00111496 0.00124953 0.00142655 0.00164894 0.0019202 0.00224431 0.00262575 0.00306935 0.00358025 0.00416376 0.0048253 0.00557025 0.00640385 0.00733101 0.00835622 0.0094834 0.0107157 0.0120554 0.0135038 0.0150611 0.016726 0.018496 0.0203673 0.0223342 0.0243897 0.0265253 0.0287308 0.0309945 0.0333035 0.0356433 0.0379984 0.0403523 0.0426877 0.0449866 0.0472307 0.0494014 0.0514803 0.0534494 0.0552912 0.0569889 0.058527 0.059891 0.0610682 0.0620472 0.0628187 0.0633752 0.0637113 0.0638237 0.0637113 0.0633752 0.0628187 0.0620472 0.0610682 0.059891 0.058527 0.0569889 0.0552912 0.0534494 0.0514803 0.0494014 0.0472307 0.0449866 0.0426877 0.0403523 0.0379984 0.0356433 0.0333035 0.0309945 0.0287308 0.0265253 0.0243897 0.0223342 0.0203673 0.018496 0.016726 0.0150611 0.0135038 0.0120554 0.0107157 0.0094834 0.00835622 0.00733101 0.00640385 0.00557025 0.0048253 0.00416376 0.00358025 0.00306935 0.00262575 0.00224431 0.0019202 0.00164894 0.00142655 0.00124953 0.00111496 0.00102051 0.000964521 
0.00111315 0.00113479 0.00120013 0.00131032 0.00146727 0.00167363 0.00193275 0.0022486 0.00262575 0.00306928 0.00358468 0.00417777 0.00485457 0.00562119 0.00648368 0.00744789 0.00851932 0.00970292 0.011003 0.0124229 0.0139651 0.0156308 0.0174199 0.0193309 0.0213606 0.0235043 0.0257555 0.028106 0.0305458 0.0330632 0.0356447 0.0382756 0.0409394 0.0436186 0.0462942 0.0489469 0.0515562 0.0541015 0.056562 0.0589172 0.0611466 0.0632308 0.065151 0.06689 0.0684316 0.0697616 0.0708674 0.0717386 0.0723669 0.0727463 0.0728732 0.0727463 0.0723669 0.0717386 0.0708674 0.0697616 0.0684316 0.06689 0.065151 0.0632308 0.0611466 0.0589172 0.056562 0.0541015 0.0515562 0.0489469 0.0462942 0.0436186 0.0409394 0.0382756 0.0356447 0.0330632 0.0305458 0.028106 0.0257555 0.0235043 0.0213606 0.0193309 0.0174199 0.0156308 0.0139651 0.0124229 0.011003 0.00970292 0.00851932 0.00744789 0.00648368 0.00562119 0.00485457 0.00417777 0.00358468 0.00306928 0.00262575 0.0022486 0.00193275 0.00167363 0.00146727 0.00131032 0.00120013 0.00113479 
0.00130854 0.00133378 0.00140996 0.00153841 0.0017213 0.00196167 0.00226333 0.00263083 0.00306935 0.00358468 0.00418305 0.00487105 0.00565548 0.00654324 0.00754112 0.00865565 0.00989295 0.0112585 0.012757 0.0143921 0.0161662 0.0180806 0.0201349 0.022327 0.0246531 0.0271074 0.0296825 0.0323686 0.0351543 0.0380259 0.0409683 0.0439642 0.0469952 0.0500411 0.0530807 0.0560918 0.0590517 0.061937 0.0647244 0.0673907 0.0699133 0.0722703 0.074441 0.0764058 0.078147 0.0796487 0.0808969 0.0818801 0.082589 0.0830171 0.0831602 0.0830171 0.082589 0.0818801 0.0808969 0.0796487 0.078147 0.0764058 0.074441 0.0722703 0.0699133 0.0673907 0.0647244 0.061937 0.0590517 0.0560918 0.0530807 0.0500411 0.0469952 0.0439642 0.0409683 0.0380259 0.0351543 0.0323686 0.0296825 0.0271074 0.0246531 0.022327 0.0201349 0.0180806 0.0161662 0.0143921 0.012757 0.0112585 0.00989295 0.00865565 0.00754112 0.00654324 0.00565548 0.00487105 0.00418305 0.00358468 0.00306935 0.00263083 0.00226333 0.00196167 0.0017213 0.00153841 0.00140996 0.00133378 
0.00153476 0.00156414 0.00165277 0.00180218 0.00201486 0.00229426 0.00264472 0.00307141 0.00358025 0.00417777 0.00487105 0.00566753 0.00657489 0.00760087 0.00875309 0.0100388 0.0114649 0.0130373 0.0147611 0.0166403 0.0186774 0.0208734 0.0232276 0.0257373 0.0283979 0.0312027 0.0341426 0.0372064 0.0403809 0.0436505 0.0469977 0.0504029 0.053845 0.0573013 0.0607477 0.0641593 0.0675104 0.0707748 0.0739264 0.0769393 0.0797881 0.0824485 0.0848974 0.0871131 0.0890759 0.0907681 0.0921743 0.0932817 0.0940801 0.0945621 0.0947232 0.0945621 0.0940801 0.0932817 0.0921743 0.0907681 0.0890759 0.0871131 0.0848974 0.0824485 0.0797881 0.0769393 0.0739264 0.0707748 0.0675104 0.0641593 0.0607477 0.0573013 0.053845 0.0504029 0.0469977 0.0436505 0.0403809 0.0372064 0.0341426 0.0312027 0.0283979 0.0257373 0.0232276 0.0208734 0.0186774 0.0166403 0.0147611 0.0130373 0.0114649 0.0100388 0.00875309 0.00760087 0.00657489 0.00566753 0.00487105 0.00417777 0.00358025 0.00307141 0.00264472 0.00229426 0.00201486 0.00180218 0.00165277 0.00156414 
0.00179455 0.00182863 0.00193145 0.00210473 0.00235132 0.00267512 0.00308108 0.00357506 0.00416376 0.00485457 0.00565548 0.00657489 0.00762142 0.00880375 0.0101304 0.0116094 0.0132483 0.0150538 0.0170312 0.0191849 0.0215172 0.0240292 0.0267195 0.0295848 0.0326196 0.0358157 0.0391627 0.0426477 0.0462551 0.0499674 0.0537643 0.0576238 0.0615218 0.0654327 0.0693294 0.0731837 0.0769669 0.0806497 0.0842029 0.0875977 0.0908057 0.0938 0.0965548 0.0990462 0.101252 0.103154 0.104733 0.105977 0.106874 0.107415 0.107596 0.107415 0.106874 0.105977 0.104733 0.103154 0.101252 0.0990462 0.0965548 0.0938 0.0908057 0.0875977 0.0842029 0.0806497 0.0769669 0.0731837 0.0693294 0.0654327 0.0615218 0.0576238 0.0537643 0.0499674 0.0462551 0.0426477 0.0391627 0.0358157 0.0326196 0.0295848 0.0267195 0.0240292 0.0215172 0.0191849 0.0170312 0.0150538 0.0132483 0.0116094 0.0101304 0.00880375 0.00762142 0.00657489 0.00565548 0.00485457 0.00416376 0.00357506 0.00308108 0.00267512 0.00235132 0.00210473 0.00193145 0.00182863 
0.00209074 0.00213014 0.00224899 0.00244926 0.00273415 0.0031081 0.00357671 0.00414659 0.0048253 0.00562119 0.00654324 0.00760087 0.00880375 0.0101616 0.0116837 0.0133793 0.0152564 0.0173223 0.0195829 0.0220427 0.024704 0.0275675 0.0306315 0.0338916 0.0373413 0.040971 0.0447684 0.0487188 0.0528042 0.0570045 0.0612969 0.0656562 0.0700553 0.0744653 0.0788558 0.0831952 0.0874514 0.0915918 0.0955838 0.0993953 0.102995 0.106353 0.109441 0.112233 0.114704 0.116833 0.118601 0.119993 0.120996 0.121601 0.121804 0.121601 0.120996 0.119993 0.118601 0.116833 0.114704 0.112233 0.109441 0.106353 0.102995 0.0993953 0.0955838 0.0915918 0.0874514 0.0831952 0.0788558 0.0744653 0.0700553 0.0656562 0.0612969 0.0570045 0.0528042 0.0487188 0.0447684 0.040971 0.0373413 0.0338916 0.0306315 0.0275675 0.024704 0.0220427 0.0195829 0.0173223 0.0152564 0.0133793 0.0116837 0.0101616 0.00880375 0.00760087 0.00654324 0.00562119 0.0048253 0.00414659 0.00357671 0.0031081 0.00273415 0.00244926 0.00224899 0.00213014 
0.00242619 0.00247156 0.00260842 0.00283897 0.00316684 0.00359705 0.00413587 0.00479077 0.00557025 0.00648368 0.00754112 0.00875309 0.0101304 0.0116837 0.0134236 0.01536 0.0175017 0.0198566 0.0224312 0.0252298 0.0282549 0.0315068 0.0349829 0.0386782 0.0425845 0.0466908 0.0509829 0.0554435 0.0600526 0.0647869 0.0696206 0.0745254 0.0794708 0.0844243 0.0893519 0.0942185 0.0989881 0.103625 0.108092 0.112355 0.116378 0.120129 0.123577 0.126693 0.129449 0.131824 0.133795 0.135346 0.136464 0.137138 0.137364 0.137138 0.136464 0.135346 0.133795 0.131824 0.129449 0.126693 0.123577 0.120129 0.116378 0.112355 0.108092 0.103625 0.0989881 0.0942185 0.0893519 0.0844243 0.0794708 0.0745254 0.0696206 0.0647869 0.0600526 0.0554435 0.0509829 0.0466908 0.0425845 0.0386782 0.0349829 0.0315068 0.0282549 0.0252298 0.0224312 0.0198566 0.0175017 0.01536 0.0134236 0.0116837 0.0101304 0.00875309 0.00754112 0.00648368 0.00557025 0.00479077 0.00413587 0.00359705 0.00316684 0.00283897 0.00260842 0.00247156 
0.00280374 0.00285578 0.00301272 0.00327705 0.00365284 0.00414573 0.00476275 0.00551229 0.00640385 0.00744789 0.00865565 0.0100388 0.0116094 0.0133793 0.01536 0.0175623 0.019996 0.0226695 0.0255896 0.0287609 0.0321856 0.0358635 0.0397913 0.0439627 0.0483681 0.0529946 0.0578258 0.0628421 0.0680205 0.0733347 0.0787556 0.0842514 0.0897879 0.0953287 0.100836 0.106271 0.111594 0.116764 0.121742 0.126489 0.130967 0.13514 0.138973 0.142435 0.145497 0.148133 0.150321 0.152043 0.153283 0.154032 0.154282 0.154032 0.153283 0.152043 0.150321 0.148133 0.145497 0.142435 0.138973 0.13514 0.130967 0.126489 0.121742 0.116764 0.111594 0.106271 0.100836 0.0953287 0.0897879 0.0842514 0.0787556 0.0733347 0.0680205 0.0628421 0.0578258 0.0529946 0.0483681 0.0439627 0.0397913 0.0358635 0.0321856 0.0287609 0.0255896 0.0226695 0.019996 0.0175623 0.01536 0.0133793 0.0116094 0.0100388 0.00865565 0.00744789 0.00640385 0.00551229 0.00476275 0.00414573 0.00365284 0.00327705 0.00301272 0.00285578 
0.00322615 0.00328557 0.00346478 0.00376655 0.00419544 0.00475775 0.00546135 0.00631557 0.00733101 0.00851932 0.00989295 0.0114649 0.0132483 0.0152564 0.0175017 0.019996 0.0227499 0.0257724 0.0290705 0.0326489 0.0365097 0.0406518 0.0450712 0.0497601 0.0547073 0.0598978 0.0653128 0.07093 0.0767231 0.0826628 0.0887161 0.0948476 0.101019 0.10719 0.113319 0.119362 0.125275 0.131016 0.136539 0.141802 0.146764 0.151384 0.155627 0.159457 0.162843 0.165757 0.168175 0.170077 0.171447 0.172274 0.17255 0.172274 0.171447 0.170077 0.168175 0.165757 0.162843 0.159457 0.155627 0.151384 0.146764 0.141802 0.136539 0.131016 0.125275 0.119362 0.113319 0.10719 0.101019 0.0948476 0.0887161 0.0826628 0.0767231 0.07093 0.0653128 0.0598978 0.0547073 0.0497601 0.0450712 0.0406518 0.0365097 0.0326489 0.0290705 0.0257724 0.0227499 0.019996 0.0175017 0.0152564 0.0132483 0.0114649 0.00989295 0.00851932 0.00733101 0.00631557 0.00546135 0.00475775 0.00419544 0.00376655 0.00346478 0.00328557 
0.00369599 0.00376357 0.00396732 0.00431034 0.00479773 0.00543647 0.00623532 0.00720466 0.00835622 0.00970292 0.0112585 0.0130373 0.0150538 0.0173223 0.0198566 0.0226695 0.0257724 0.0291747 0.0328838 0.0369043 0.0412378 0.0458828 0.0508338 0.0560817 0.0616133 0.0674114 0.0734544 0.079717 0.0861696 0.0927792 0.0995091 0.10632 0.113168 0.120011 0.1268 0.13349 0.140031 0.146375 0.152475 0.158284 0.163757 0.168851 0.173525 0.177743 0.18147 0.184677 0.187337 0.189428 0.190934 0.191843 0.192147 0.191843 0.190934 0.189428 0.187337 0.184677 0.18147 0.177743 0.173525 0.168851 0.163757 0.158284 0.152475 0.146375 0.140031 0.13349 0.1268 0.120011 0.113168 0.10632 0.0995091 0.0927792 0.0861696 0.079717 0.0734544 0.0674114 0.0616133 0.0560817 0.0508338 0.0458828 0.0412378 0.0369043 0.0328838 0.0291747 0.0257724 0.0226695 0.0198566 0.0173223 0.0150538 0.0130373 0.0112585 0.00970292 0.00835622 0.00720466 0.00623532 0.00543647 0.00479773 0.00431034 0.00396732 0.00376357 
0.00421564 0.00429214 0.00452279 0.00491102 0.00546246 0.00618487 0.00708794 0.00818312 0.0094834 0.011003 0.012757 0.0147611 0.0170312 0.0195829 0.0224312 0.0255896 0.0290705 0.0328838 0.037037 0.0415346 0.0463778 0.0515639 0.0570864 0.0629344 0.0690924 0.0755408 0.0822551 0.0892065 0.096362 0.103685 0.111134 0.118665 0.126231 0.133784 0.141272 0.148644 0.155846 0.162826 0.169532 0.175914 0.181923 0.187513 0.192639 0.197263 0.201346 0.204858 0.20777 0.21006 0.211708 0.212703 0.213035 0.212703 0.211708 0.21006 0.20777 0.204858 0.201346 0.197263 0.192639 0.187513 0.181923 0.175914 0.169532 0.162826 0.155846 0.148644 0.141272 0.133784 0.126231 0.118665 0.111134 0.103685 0.096362 0.0892065 0.0822551 0.0755408 0.0690924 0.0629344 0.0570864 0.0515639 0.0463778 0.0415346 0.037037 0.0328838 0.0290705 0.0255896 0.0224312 0.0195829 0.0170312 0.0147611 0.012757 0.011003 0.0094834 0.00818312 0.00708794 0.00618487 0.00546246 0.00491102 0.00452279 0.00429214 
0.00478713 0.00487336 0.00513332 0.00557079 0.00619199 0.00700547 0.0080219 0.0092539 0.0107157 0.0124229 0.0143921 0.0166403 0.0191849 0.0220427 0.0252298 0.0287609 0.0326489 0.0369043 0.0415346 0.0465441 0.0519333 0.0576986 0.0638317 0.0703198 0.0771453 0.0842854 0.0917127 0.0993949 0.107295 0.115371 0.123579 0.13187 0.140193 0.148492 0.156714 0.1648 0.172694 0.180339 0.187678 0.194658 0.201225 0.20733 0.212926 0.21797 0.222424 0.226252 0.229425 0.23192 0.233715 0.234798 0.23516 0.234798 0.233715 0.23192 0.229425 0.226252 0.222424 0.21797 0.212926 0.20733 0.201225 0.194658 0.187678 0.180339 0.172694 0.1648 0.156714 0.148492 0.140193 0.13187 0.123579 0.115371 0.107295 0.0993949 0.0917127 0.0842854 0.0771453 0.0703198 0.0638317 0.0576986 0.0519333 0.0465441 0.0415346 0.0369043 0.0326489 0.0287609 0.0252298 0.0220427 0.0191849 0.0166403 0.0143921 0.0124229 0.0107157 0.0092539 0.0080219 0.00700547 0.00619199 0.00557079 0.00513332 0.00487336 
0.00541213 0.0055089 0.00580062 0.00629143 0.00698817 0.00790021 0.00903927 0.0104192 0.0120554 0.0139651 0.0161662 0.0186774 0.0215172 0.024704 0.0282549 0.0321856 0.0365097 0.0412378 0.0463778 0.0519333 0.0579042 0.0642853 0.071067 0.0782341 0.0857664 0.0936381 0.101818 0.110271 0.118954 0.127823 0.136828 0.145914 0.155027 0.164106 0.173092 0.181923 0.190536 0.198871 0.206867 0.214465 0.221609 0.228246 0.234326 0.239804 0.244639 0.248793 0.252235 0.25494 0.256886 0.25806 0.258452 0.25806 0.256886 0.25494 0.252235 0.248793 0.244639 0.239804 0.234326 0.228246 0.221609 0.214465 0.206867 0.198871 0.190536 0.181923 0.173092 0.164106 0.155027 0.145914 0.136828 0.127823 0.118954 0.110271 0.101818 0.0936381 0.0857664 0.0782341 0.071067 0.0642853 0.0579042 0.0519333 0.0463778 0.0412378 0.0365097 0.0321856 0.0282549 0.024704 0.0215172 0.0186774 0.0161662 0.0139651 0.0120554 0.0104192 0.00903927 0.00790021 0.00698817 0.00629143 0.00580062 0.0055089 
0.00609183 0.00619996 0.00652589 0.00707416 0.00785224 0.00887038 0.0101413 0.0116802 0.0135038 0.0156308 0.0180806 0.0208734 0.0240292 0.0275675 0.0315068 0.0358635 0.0406518 0.0458828 0.0515639 0.0576986 0.0642853 0.0713178 0.0787843 0.0866673 0.0949436 0.103584 0.112554 0.121814 0.131317 0.141013 0.150848 0.160763 0.170697 0.180586 0.190364 0.199964 0.20932 0.218366 0.227037 0.235271 0.243008 0.250191 0.256767 0.262689 0.267912 0.272398 0.276115 0.279034 0.281135 0.282401 0.282825 0.282401 0.281135 0.279034 0.276115 0.272398 0.267912 0.262689 0.256767 0.250191 0.243008 0.235271 0.227037 0.218366 0.20932 0.199964 0.190364 0.180586 0.170697 0.160763 0.150848 0.141013 0.131317 0.121814 0.112554 0.103584 0.0949436 0.0866673 0.0787843 0.0713178 0.0642853 0.0576986 0.0515639 0.0458828 0.0406518 0.0358635 0.0315068 0.0275675 0.0240292 0.0208734 0.0180806 0.0156308 0.0135038 0.0116802 0.0101413 0.00887038 0.00785224 0.00707416 0.00652589 0.00619996 
0.00682689 0.00694719 0.00730978 0.0079196 0.00878479 0.00991646 0.0113285 0.0130373 0.0150611 0.0174199 0.0201349 0.0232276 0.0267195 0.0306315 0.0349829 0.0397913 0.0450712 0.0508338 0.0570864 0.0638317 0.071067 0.0787843 0.0869697 0.0956031 0.104658 0.114102 0.123896 0.133996 0.144351 0.154906 0.165602 0.176374 0.187156 0.197879 0.208471 0.218862 0.22898 0.238754 0.248116 0.256999 0.265339 0.273078 0.280158 0.286531 0.292148 0.296972 0.300966 0.304102 0.306359 0.307719 0.308173 0.307719 0.306359 0.304102 0.300966 0.296972 0.292148 0.286531 0.280158 0.273078 0.265339 0.256999 0.248116 0.238754 0.22898 0.218862 0.208471 0.197879 0.187156 0.176374 0.165602 0.154906 0.144351 0.133996 0.123896 0.114102 0.104658 0.0956031 0.0869697 0.0787843 0.071067 0.0638317 0.0570864 0.0508338 0.0450712 0.0397913 0.0349829 0.0306315 0.0267195 0.0232276 0.0201349 0.0174199 0.0150611 0.0130373 0.0113285 0.00991646 0.00878479 0.0079196 0.00730978 0.00694719 
0.00761734 0.00775062 0.00815227 0.00882766 0.00978558 0.0110381 0.0126002 0.0144896 0.016726 0.0193309 0.022327 0.0257373 0.0295848 0.0338916 0.0386782 0.0439627 0.0497601 0.0560817 0.0629344 0.0703198 0.0782341 0.0866673 0.0956031 0.105018 0.114884 0.125162 0.135811 0.14678 0.158016 0.169457 0.181039 0.192692 0.204344 0.21592 0.227346 0.238544 0.249437 0.259952 0.270015 0.279556 0.288508 0.296807 0.304397 0.311223 0.317238 0.3224 0.326673 0.330028 0.332441 0.333895 0.334381 0.333895 0.332441 0.330028 0.326673 0.3224 0.317238 0.311223 0.304397 0.296807 0.288508 0.279556 0.270015 0.259952 0.249437 0.238544 0.227346 0.21592 0.204344 0.192692 0.181039 0.169457 0.158016 0.14678 0.135811 0.125162 0.114884 0.105018 0.0956031 0.0866673 0.0782341 0.0703198 0.0629344 0.0560817 0.0497601 0.0439627 0.0386782 0.0338916 0.0295848 0.0257373 0.022327 0.0193309 0.016726 0.0144896 0.0126002 0.0110381 0.00978558 0.00882766 0.00815227 0.00775062 
0.00846256 0.00860959 0.00905262 0.00979746 0.0108536 0.012234 0.0139549 0.0160351 0.018496 0.0213606 0.0246531 0.0283979 0.0326196 0.0373413 0.0425845 0.0483681 0.0547073 0.0616133 0.0690924 0.0771453 0.0857664 0.0949436 0.104658 0.114884 0.125587 0.136727 0.148256 0.160121 0.172261 0.18461 0.197099 0.209651 0.22219 0.234636 0.246907 0.258923 0.270602 0.281865 0.292635 0.302838 0.312403 0.321266 0.329365 0.336646 0.343058 0.348558 0.353109 0.356681 0.359249 0.360797 0.361314 0.360797 0.359249 0.356681 0.353109 0.348558 0.343058 0.336646 0.329365 0.321266 0.312403 0.302838 0.292635 0.281865 0.270602 0.258923 0.246907 0.234636 0.22219 0.209651 0.197099 0.18461 0.172261 0.160121 0.148256 0.136727 0.125587 0.114884 0.104658 0.0949436 0.0857664 0.0771453 0.0690924 0.0616133 0.0547073 0.0483681 0.0425845 0.0373413 0.0326196 0.0283979 0.0246531 0.0213606 0.018496 0.0160351 0.0139549 0.012234 0.0108536 0.00979746 0.00905262 0.00860959 
0.00936117 0.00952269 0.0100093 0.0108273 0.0119868 0.0135018 0.0153896 0.0176706 0.0203673 0.0235043 0.0271074 0.0312027 0.0358157 0.040971 0.0466908 0.0529946 0.0598978 0.0674114 0.0755408 0.0842854 0.0936381 0.103584 0.114102 0.125162 0.136727 0.148751 0.161183 0.173964 0.187027 0.200302 0.213712 0.227178 0.240615 0.25394 0.267065 0.279904 0.292372 0.304385 0.315863 0.326727 0.336905 0.346329 0.354935 0.362666 0.369472 0.375307 0.380133 0.38392 0.386642 0.388282 0.38883 0.388282 0.386642 0.38392 0.380133 0.375307 0.369472 0.362666 0.354935 0.346329 0.336905 0.326727 0.315863 0.304385 0.292372 0.279904 0.267065 0.25394 0.240615 0.227178 0.213712 0.200302 0.187027 0.173964 0.161183 0.148751 0.136727 0.125162 0.114102 0.103584 0.0936381 0.0842854 0.0755408 0.0674114 0.0598978 0.0529946 0.0466908 0.040971 0.0358157 0.0312027 0.0271074 0.0235043 0.0203673 0.0176706 0.0153896 0.0135018 0.0119868 0.0108273 0.0100093 0.00952269 
0.010311 0.0104877 0.01102 0.0119146 0.0131824 0.0148382 0.0169006 0.0193912 0.0223342 0.0257555 0.0296825 0.0341426 0.0391627 0.0447684 0.0509829 0.0578258 0.0653128 0.0734544 0.0822551 0.0917127 0.101818 0.112554 0.123896 0.135811 0.148256 0.161183 0.174535 0.188246 0.202246 0.216458 0.2308 0.245187 0.259529 0.273736 0.287717 0.30138 0.314635 0.327396 0.339577 0.351097 0.361882 0.37186 0.380966 0.389142 0.396334 0.402498 0.407595 0.411592 0.414465 0.416196 0.416774 0.416196 0.414465 0.411592 0.407595 0.402498 0.396334 0.389142 0.380966 0.37186 0.361882 0.351097 0.339577 0.327396 0.314635 0.30138 0.287717 0.273736 0.259529 0.245187 0.2308 0.216458 0.202246 0.188246 0.174535 0.161183 0.148256 0.135811 0.123896 0.112554 0.101818 0.0917127 0.0822551 0.0734544 0.0653128 0.0578258 0.0509829 0.0447684 0.0391627 0.0341426 0.0296825 0.0257555 0.0223342 0.0193912 0.0169006 0.0148382 0.0131824 0.0119146 0.01102 0.0104877 
0.0113092 0.0115017 0.0120815 0.0130559 0.0144363 0.0162387 0.0184826 0.0211911 0.0243897 0.028106 0.0323686 0.0372064 0.0426477 0.0487188 0.0554435 0.0628421 0.07093 0.079717 0.0892065 0.0993949 0.110271 0.121814 0.133996 0.14678 0.160121 0.173964 0.188246 0.202898 0.217843 0.232998 0.248276 0.263586 0.278833 0.293921 0.308753 0.323235 0.337271 0.350771 0.363646 0.375813 0.387194 0.397716 0.407312 0.415921 0.423492 0.429976 0.435336 0.439538 0.442557 0.444375 0.444983 0.444375 0.442557 0.439538 0.435336 0.429976 0.423492 0.415921 0.407312 0.397716 0.387194 0.375813 0.363646 0.350771 0.337271 0.323235 0.308753 0.293921 0.278833 0.263586 0.248276 0.232998 0.217843 0.202898 0.188246 0.173964 0.160121 0.14678 0.133996 0.121814 0.110271 0.0993949 0.0892065 0.079717 0.07093 0.0628421 0.0554435 0.0487188 0.0426477 0.0372064 0.0323686 0.028106 0.0243897 0.0211911 0.0184826 0.0162387 0.0144363 0.0130559 0.0120815 0.0115017 
0.0123517 0.0125606 0.0131897 0.0142467 0.0157437 0.0176976 0.0201292 0.0230628 0.0265253 0.0305458 0.0351543 0.0403809 0.0462551 0.0528042 0.0600526 0.0680205 0.0767231 0.0861696 0.096362 0.107295 0.118954 0.131317 0.144351 0.158016 0.172261 0.187027 0.202246 0.217843 0.233735 0.249834 0.266046 0.282275 0.298421 0.314382 0.330058 0.345347 0.360152 0.374378 0.387933 0.400733 0.412695 0.423746 0.433817 0.442848 0.450784 0.457579 0.463192 0.467591 0.470751 0.472655 0.47329 0.472655 0.470751 0.467591 0.463192 0.457579 0.450784 0.442848 0.433817 0.423746 0.412695 0.400733 0.387933 0.374378 0.360152 0.345347 0.330058 0.314382 0.298421 0.282275 0.266046 0.249834 0.233735 0.217843 0.202246 0.187027 0.172261 0.158016 0.144351 0.131317 0.118954 0.107295 0.096362 0.0861696 0.0767231 0.0680205 0.0600526 0.0528042 0.0462551 0.0403809 0.0351543 0.0305458 0.0265253 0.0230628 0.0201292 0.0176976 0.0157437 0.0142467 0.0131897 0.0125606 
0.0134341 0.0136599 0.0143397 0.0154816 0.0170985 0.0192083 0.0218327 0.0249975 0.0287308 0.0330632 0.0380259 0.0436505 0.0499674 0.0570045 0.0647869 0.0733347 0.0826628 0.0927792 0.103685 0.115371 0.127823 0.141013 0.154906 0.169457 0.18461 0.200302 0.216458 0.232998 0.249834 0.266871 0.28401 0.301149 0.318182 0.335004 0.351507 0.367588 0.383145 0.398079 0.412296 0.425709 0.438234 0.449796 0.460326 0.469762 0.478049 0.485141 0.490997 0.495585 0.49888 0.500864 0.501526 0.500864 0.49888 0.495585 0.490997 0.485141 0.478049 0.469762 0.460326 0.449796 0.438234 0.425709 0.412296 0.398079 0.383145 0.367588 0.351507 0.335004 0.318182 0.301149 0.28401 0.266871 0.249834 0.232998 0.216458 0.200302 0.18461 0.169457 0.154906 0.141013 0.127823 0.115371 0.103685 0.0927792 0.0826628 0.0733347 0.0647869 0.0570045 0.0499674 0.0436505 0.0380259 0.0330632 0.0287308 0.0249975 0.0218327 0.0192083 0.0170985 0.0154816 0.0143397 0.0136599 
0.0145509 0.0147938 0.0155255 0.0167543 0.0184939 0.0207629 0.0235843 0.026985 0.0309945 0.0356447 0.0409683 0.0469977 0.0537643 0.0612969 0.0696206 0.0787556 0.0887161 0.0995091 0.111134 0.123579 0.136828 0.150848 0.165602 0.181039 0.197099 0.213712 0.2308 0.248276 0.266046 0.28401 0.302063 0.320097 0.338 0.355663 0.372975 0.389827 0.406113 0.421733 0.436589 0.450593 0.463659 0.475711 0.486679 0.496501 0.505123 0.512496 0.518583 0.523349 0.526772 0.528832 0.52952 0.528832 0.526772 0.523349 0.518583 0.512496 0.505123 0.496501 0.486679 0.475711 0.463659 0.450593 0.436589 0.421733 0.406113 0.389827 0.372975 0.355663 0.338 0.320097 0.302063 0.28401 0.266046 0.248276 0.2308 0.213712 0.197099 0.181039 0.165602 0.150848 0.136828 0.123579 0.111134 0.0995091 0.0887161 0.0787556 0.0696206 0.0612969 0.0537643 0.0469977 0.0409683 0.0356447 0.0309945 0.026985 0.0235843 0.0207629 0.0184939 0.0167543 0.0155255 0.0147938 
0.0156956 0.0159561 0.0167405 0.0180576 0.0199217 0.0223525 0.0253739 0.0290139 0.0333035 0.0382756 0.0439642 0.0504029 0.0576238 0.0656562 0.0745254 0.0842514 0.0948476 0.10632 0.118665 0.13187 0.145914 0.160763 0.176374 0.192692 0.209651 0.227178 0.245187 0.263586 0.282275 0.301149 0.320097 0.339004 0.357757 0.376237 0.394332 0.411929 0.428919 0.445197 0.460667 0.475235 0.488817 0.501334 0.512718 0.522906 0.531842 0.539482 0.545784 0.550719 0.554261 0.556393 0.557105 0.556393 0.554261 0.550719 0.545784 0.539482 0.531842 0.522906 0.512718 0.501334 0.488817 0.475235 0.460667 0.445197 0.428919 0.411929 0.394332 0.376237 0.357757 0.339004 0.320097 0.301149 0.282275 0.263586 0.245187 0.227178 0.209651 0.192692 0.176374 0.160763 0.145914 0.13187 0.118665 0.10632 0.0948476 0.0842514 0.0745254 0.0656562 0.0576238 0.0504029 0.0439642 0.0382756 0.0333035 0.0290139 0.0253739 0.0223525 0.0199217 0.0180576 0.0167405 0.0159561 
0.0168612 0.0171394 0.0179771 0.0193834 0.0213733 0.0239673 0.0271903 0.0310716 0.0356433 0.0409394 0.0469952 0.053845 0.0615218 0.0700553 0.0794708 0.0897879 0.101019 0.113168 0.126231 0.140193 0.155027 0.170697 0.187156 0.204344 0.22219 0.240615 0.259529 0.278833 0.298421 0.318182 0.338 0.357757 0.37733 0.396601 0.41545 0.433761 0.451424 0.468332 0.484384 0.499488 0.513557 0.526514 0.538288 0.548818 0.55805 0.565937 0.572441 0.577532 0.581185 0.583383 0.584117 0.583383 0.581185 0.577532 0.572441 0.565937 0.55805 0.548818 0.538288 0.526514 0.513557 0.499488 0.484384 0.468332 0.451424 0.433761 0.41545 0.396601 0.37733 0.357757 0.338 0.318182 0.298421 0.278833 0.259529 0.240615 0.22219 0.204344 0.187156 0.170697 0.155027 0.140193 0.126231 0.113168 0.101019 0.0897879 0.0794708 0.0700553 0.0615218 0.053845 0.0469952 0.0409394 0.0356433 0.0310716 0.0271903 0.0239673 0.0213733 0.0193834 0.0179771 0.0171394 
0.01804 0.018336 0.0192271 0.0207229 0.022839 0.0255965 0.0290216 0.0331445 0.0379984 0.0436186 0.0500411 0.0573013 0.0654327 0.0744653 0.0844243 0.0953287 0.10719 0.120011 0.133784 0.148492 0.164106 0.180586 0.197879 0.21592 0.234636 0.25394 0.273736 0.293921 0.314382 0.335004 0.355663 0.376237 0.396601 0.416628 0.436198 0.455192 0.473494 0.490997 0.5076 0.523207 0.537734 0.551101 0.563239 0.574088 0.583593 0.591709 0.598399 0.603633 0.607388 0.609647 0.610402 0.609647 0.607388 0.603633 0.598399 0.591709 0.583593 0.574088 0.563239 0.551101 0.537734 0.523207 0.5076 0.490997 0.473494 0.455192 0.436198 0.416628 0.396601 0.376237 0.355663 0.335004 0.314382 0.293921 0.273736 0.25394 0.234636 0.21592 0.197879 0.180586 0.164106 0.148492 0.133784 0.120011 0.10719 0.0953287 0.0844243 0.0744653 0.0654327 0.0573013 0.0500411 0.0436186 0.0379984 0.0331445 0.0290216 0.0255965 0.022839 0.0207229 0.0192271 0.018336 
0.0192235 0.0195372 0.0204815 0.0220665 0.0243082 0.0272286 0.0308548 0.0352179 0.0403523 0.0462942 0.0530807 0.0607477 0.0693294 0.0788558 0.0893519 0.100836 0.113319 0.1268 0.141272 0.156714 0.173092 0.190364 0.208471 0.227346 0.246907 0.267065 0.287717 0.308753 0.330058 0.351507 0.372975 0.394332 0.41545 0.436198 0.456453 0.476091 0.494996 0.513059 0.530177 0.546255 0.561207 0.574955 0.587429 0.59857 0.608326 0.616652 0.623512 0.628877 0.632724 0.635039 0.635812 0.635039 0.632724 0.628877 0.623512 0.616652 0.608326 0.59857 0.587429 0.574955 0.561207 0.546255 0.530177 0.513059 0.494996 0.476091 0.456453 0.436198 0.41545 0.394332 0.372975 0.351507 0.330058 0.308753 0.287717 0.267065 0.246907 0.227346 0.208471 0.190364 0.173092 0.156714 0.141272 0.1268 0.113319 0.100836 0.0893519 0.0788558 0.0693294 0.0607477 0.0530807 0.0462942 0.0403523 0.0352179 0.0308548 0.0272286 0.0243082 0.0220665 0.0204815 0.0195372 
0.0204028 0.020734 0.021731 0.0234041 0.02577 0.0288515 0.0326763 0.0372766 0.0426877 0.0489469 0.0560918 0.0641593 0.0731837 0.0831952 0.0942185 0.106271 0.119362 0.13349 0.148644 0.1648 0.181923 0.199964 0.218862 0.238544 0.258923 0.279904 0.30138 0.323235 0.345347 0.367588 0.389827 0.411929 0.433761 0.455192 0.476091 0.496335 0.515805 0.53439 0.551987 0.5685 0.583844 0.597941 0.610723 0.622132 0.632115 0.640631 0.647644 0.653127 0.657058 0.659423 0.660212 0.659423 0.657058 0.653127 0.647644 0.640631 0.632115 0.622132 0.610723 0.597941 0.583844 0.5685 0.551987 0.53439 0.515805 0.496335 0.476091 0.455192 0.433761 0.411929 0.389827 0.367588 0.345347 0.323235 0.30138 0.279904 0.258923 0.238544 0.218862 0.199964 0.181923 0.1648 0.148644 0.13349 0.119362 0.106271 0.0942185 0.0831952 0.0731837 0.0641593 0.0560918 0.0489469 0.0426877 0.0372766 0.0326763 0.0288515 0.02577 0.0234041 0.021731 0.020734 
0.0215684 0.0219168 0.0229655 0.0247251 0.0272129 0.0304523 0.0344718 0.0393045 0.0449866 0.0515562 0.0590517 0.0675104 0.0769669 0.0874514 0.0989881 0.111594 0.125275 0.140031 0.155846 0.172694 0.190536 0.20932 0.22898 0.249437 0.270602 0.292372 0.314635 0.337271 0.360152 0.383145 0.406113 0.428919 0.451424 0.473494 0.494996 0.515805 0.535799 0.554867 0.572905 0.589818 0.605521 0.619936 0.632997 0.644647 0.654835 0.663522 0.670672 0.67626 0.680265 0.682674 0.683477 0.682674 0.680265 0.67626 0.670672 0.663522 0.654835 0.644647 0.632997 0.619936 0.605521 0.589818 0.572905 0.554867 0.535799 0.515805 0.494996 0.473494 0.451424 0.428919 0.406113 0.383145 0.360152 0.337271 0.314635 0.292372 0.270602 0.249437 0.22898 0.20932 0.190536 0.172694 0.155846 0.140031 0.125275 0.111594 0.0989881 0.0874514 0.0769669 0.0675104 0.0590517 0.0515562 0.0449866 0.0393045 0.0344718 0.0304523 0.0272129 0.0247251 0.0229655 0.0219168 
0.0227106 0.0230758 0.0241748 0.0260187 0.0286251 0.032018 0.0362268 0.0412854 0.0472307 0.0541015 0.061937 0.0707748 0.0806497 0.0915918 0.103625 0.116764 0.131016 0.146375 0.162826 0.180339 0.198871 0.218366 0.238754 0.259952 0.281865 0.304385 0.327396 0.350771 0.374378 0.398079 0.421733 0.445197 0.468332 0.490997 0.513059 0.53439 0.554867 0.574379 0.59282 0.610097 0.626124 0.640826 0.654138 0.666003 0.676374 0.685211 0.692482 0.698163 0.702233 0.704681 0.705497 0.704681 0.702233 0.698163 0.692482 0.685211 0.676374 0.666003 0.654138 0.640826 0.626124 0.610097 0.59282 0.574379 0.554867 0.53439 0.513059 0.490997 0.468332 0.445197 0.421733 0.398079 0.374378 0.350771 0.327396 0.304385 0.281865 0.259952 0.238754 0.218366 0.198871 0.180339 0.162826 0.146375 0.131016 0.116764 0.103625 0.0915918 0.0806497 0.0707748 0.061937 0.0541015 0.0472307 0.0412854 0.0362268 0.032018 0.0286251 0.0260187 0.0241748 0.0230758 
0.0238196 0.0242009 0.0253485 0.0272736 0.0299944 0.0335353 0.0379266 0.0432027 0.0494014 0.056562 0.0647244 0.0739264 0.0842029 0.0955838 0.108092 0.121742 0.136539 0.152475 0.169532 0.187678 0.206867 0.227037 0.248116 0.270015 0.292635 0.315863 0.339577 0.363646 0.387933 0.412296 0.436589 0.460667 0.484384 0.5076 0.530177 0.551987 0.572905 0.59282 0.611627 0.629231 0.645549 0.660508 0.674042 0.686098 0.69663 0.705599 0.712976 0.718737 0.722864 0.725345 0.726173 0.725345 0.722864 0.718737 0.712976 0.705599 0.69663 0.686098 0.674042 0.660508 0.645549 0.629231 0.611627 0.59282 0.572905 0.551987 0.530177 0.5076 0.484384 0.460667 0.436589 0.412296 0.387933 0.363646 0.339577 0.315863 0.292635 0.270015 0.248116 0.227037 0.206867 0.187678 0.169532 0.152475 0.136539 0.121742 0.108092 0.0955838 0.0842029 0.0739264 0.0647244 0.056562 0.0494014 0.0432027 0.0379266 0.0335353 0.0299944 0.0272736 0.0253485 0.0242009 
0.0248854 0.0252821 0.0264761 0.0284788 0.0313088 0.0349911 0.0395565 0.0450401 0.0514803 0.0589172 0.0673907 0.0769393 0.0875977 0.0993953 0.112355 0.126489 0.141802 0.158284 0.175914 0.194658 0.214465 0.235271 0.256999 0.279556 0.302838 0.326727 0.351097 0.375813 0.400733 0.425709 0.450593 0.475235 0.499488 0.523207 0.546255 0.5685 0.589818 0.610097 0.629231 0.647128 0.663706 0.678891 0.692621 0.704844 0.715515 0.724599 0.732067 0.737897 0.742073 0.744582 0.74542 0.744582 0.742073 0.737897 0.732067 0.724599 0.715515 0.704844 0.692621 0.678891 0.663706 0.647128 0.629231 0.610097 0.589818 0.5685 0.546255 0.523207 0.499488 0.475235 0.450593 0.425709 0.400733 0.375813 0.351097 0.326727 0.302838 0.279556 0.256999 0.235271 0.214465 0.194658 0.175914 0.158284 0.141802 0.126489 0.112355 0.0993953 0.0875977 0.0769393 0.0673907 0.0589172 0.0514803 0.0450401 0.0395565 0.0349911 0.0313088 0.0284788 0.0264761 0.0252821 
0.0258981 0.0263094 0.0275472 0.0296233 0.0325564 0.0363722 0.041102 0.0467814 0.0534494 0.0611466 0.0699133 0.0797881 0.0908057 0.102995 0.116378 0.130967 0.146764 0.163757 0.181923 0.201225 0.221609 0.243008 0.265339 0.288508 0.312403 0.336905 0.361882 0.387194 0.412695 0.438234 0.463659 0.488817 0.513557 0.537734 0.561207 0.583844 0.605521 0.626124 0.645549 0.663706 0.680511 0.695894 0.709794 0.722161 0.732953 0.742135 0.749681 0.755569 0.759786 0.762319 0.763165 0.762319 0.759786 0.755569 0.749681 0.742135 0.732953 0.722161 0.709794 0.695894 0.680511 0.663706 0.645549 0.626124 0.605521 0.583844 0.561207 0.537734 0.513557 0.488817 0.463659 0.438234 0.412695 0.387194 0.361882 0.336905 0.312403 0.288508 0.265339 0.243008 0.221609 0.201225 0.181923 0.163757 0.146764 0.130967 0.116378 0.102995 0.0908057 0.0797881 0.0699133 0.0611466 0.0534494 0.0467814 0.041102 0.0363722 0.0325564 0.0296233 0.0275472 0.0263094 
