0 0 0 0 0 0 0 0 0 0 0 0 0 0 0 0 0 0 0 0 0 0 0 0 0 0 0 0 0 0 0 0 0 0 0 0 0 0 0 0 0 0 0 0 0 0 0 0 0 0 0 0 0 0 0 0 0 0 0 0 0 0 0 0 0 0 0 0 0 0 0 0 0 0 0 0 0 0 0 0 0 0 0 0 0 0 0 0 0 0 0 0 0 0 0 0 0 0 0 0 
0 0 0 0 0 0 0 0 0 0 0 0 0 0 0 0 0 0 0 0 0 0 0 0 0 0 0 0 0 0 0 0 0 0 0 0 0 0 0 0 0 0 0 0 0 0 0 0 0 0 0 0 0 0 0 0 0 0 0 0 0 0 0 0 0 0 0 0 0 0 0 0 0 0 0 0 0 0 0 0 0 0 0 0 0 0 0 0 0 0 0 0 0 0 0 0 0 0 0 0 
0 0 0 0 0 0 0 0 0 0 0 0 0 0 0 0 0 0 0 0 0 0 0 0 0 0 0 0 0 0 0 0 0 0 0 0 0 0 0 0 0 0 0 0 0 0 0 0 0 0 0 0 0 0 0 0 0 0 0 0 0 0 0 0 0 0 0 0 0 0 0 0 0 0 0 0 0 0 0 0 0 0 0 0 0 0 0 0 0 0 0 0 0 0 0 0 0 0 0 0 
0 0 0 0 0 0 0 0 0 0 0 0 0 0 0 0 0 0 0 0 0 0 0 0 0 0 0 0 0 0 0 0 0 0 0 0 0 0 0 0 0 0 0 0 0 0 0 0 0 0 0 0 0 0 0 0 0 0 0 0 0 0 0 0 0 0 0 0 0 0 0 0 0 0 0 0 0 0 0 0 0 0 0 0 0 0 0 0 0 0 0 0 0 0 0 0 0 0 0 0 
0 0 0 0 0 0 0 0 0 0 0 0 0 0 0 0 0 0 0 0 0 0 0 0 0 0 0 0 0 0 0 0 0 0 0 0 0 0 0 0 0 0 0 0 0 0 0 0 0 0 0 0 0 0 0 0 0 0 0 0 0 0 0 0 0 0 0 0 0 0 0 0 0 0 0 0 0 0 0 0 0 0 0 0 0 0 0 0 0 0 0 0 0 0 0 0 0 0 0 0 
0 0 0 0 0 0 0 0 0 0 0 0 0 0 0 0 0 0 0 0 0 0 0 0 0 0 0 0 0 0 0 0 0 0 0 0 0 0 0 0 0 0 0 0 0 0 0 0 0 0 0 0 0 0 0 0 0 0 0 0 0 0 0 0 0 0 0 0 0 0 0 0 0 0 0 0 0 0 0 0 0 0 0 0 0 0 0 0 0 0 0 0 0 0 0 0 0 0 0 0 
0 0 0 0 0 0 0 0 0 0 0 0 0 0 0 0 0 0 0 0 0 0 0 0 0 0 0 0 0 0 0 0 0 0 0 0 0 0 0 0 0 0 0 0 0 0 0 0 0 0 0 0 0 0 0 0 0 0 0 0 0 0 0 0 0 0 0 0 0 0 0 0 0 0 0 0 0 0 0 0 0 0 0 0 0 0 0 0 0 0 0 0 0 0 0 0 0 0 0 0 
0 0 0 0 0 0 0 0 0 0 0 0 0 0 0 0 0 0 0 0 0 0 0 0 0 0 0 0 0 0 0 0 0 0 0 0 0 0 0 0 0 0 0 0 0 0 0 0 0 0 0 0 0 0 0 0 0 0 0 0 0 0 0 0 0 0 0 0 0 0 0 0 0 0 0 0 0 0 0 0 0 0 0 0 0 0 0 0 0 0 0 0 0 0 0 0 0 0 0 0 
0 0 0 0 0 0 0 0 0 0 0 0 0 0 0 0 0 0 0 0 0 0 0 0 0 0 0 0 0 0 0 0 0 0 0 0 0 0 0 0 0 0 0 0 0 0 0 0 0 0 0 0 0 0 0 0 0 0 0 0 0 0 0 0 0 0 0 0 0 0 0 0 0 0 0 0 0 0 0 0 0 0 0 0 0 0 0 0 0 0 0 0 0 0 0 0 0 0 0 0 
0 0 0 0 0 0 0 0 0 0 0 0 0 0 0 0 0 0 0 0 0 0 0 0 0 0 0 0 0 0 0 0 0 0 0 0 0 0 0 0 0 0 0 0 0 0 0 0 0 0 0 0 0 0 0 0 0 0 0 0 0 0 0 0 0 0 0 0 0 0 0 0 0 0 0 0 0 0 0 0 0 0 0 0 0 0 0 0 0 0 0 0 0 0 0 0 0 0 0 0 
0 0 0 0 0 0 0 0 0 0 0 0 0 0 0 0 0 0 0 0 0 0 0 0 0 0 0 0 0 0 0 0 0 0 0 0 0 0 0 0 0 0 0 0 0 0 0 0 0 0 0 0 0 0 0 0 0 0 0 0 0 0 0 0 0 0 0 0 0 0 0 0 0 0 0 0 0 0 0 0 0 0 0 0 0 0 0 0 0 0 0 0 0 0 0 0 0 0 0 0 
0 0 0 0 0 0 0 0 0 0 0 0 0 0 0 0 0 0 0 0 0 0 0 0 0 0 0 0 0 0 0 0 0 0 0 0 0 0 0 0 0 0 0 0 0 0 0 0 0 0 0 0 0 0 0 0 0 0 0 0 0 0 0 0 0 0 0 0 0 0 0 0 0 0 0 0 0 0 0 0 0 0 0 0 0 0 0 0 0 0 0 0 0 0 0 0 0 0 0 0 
0 0 0 0 0 0 0 0 0 0 0 0 0 0 0 0 0 0 0 0 0 0 0 0 0 0 0 0 0 0 0 0 0 0 0 0 0 0 0 0 0 0 0 0 1.00306e-15 1.00306e-15 1.00306e-15 1.00306e-15 1.00306e-15 1.00306e-15 1.00306e-15 1.00306e-15 1.00306e-15 1.00306e-15 1.00306e-15 1.00306e-15 1.00306e-15 0 0 0 0 0 0 0 0 0 0 0 0 0 0 0 0 0 0 0 0 0 0 0 0 0 0 0 0 0 0 0 0 0 0 0 0 0 0 0 0 0 0 0 
0 0 0 0 0 0 0 0 0 0 0 0 0 0 0 0 0 0 0 0 0 0 0 0 0 0 0 0 0 0 0 0 0 0 0 0 0 0 0 0 0 1.00306e-15 1.00306e-15 1.50459e-14 7.58983e-14 8.99412e-14 8.99412e-14 8.99412e-14 8.99412e-14 8.99412e-14 8.99412e-14 8.99412e-14 8.99412e-14 8.99412e-14 8.99412e-14 8.99412e-14 7.58983e-14 1.50459e-14 1.00306e-15 1.00306e-15 0 0 0 0 0 0 0 0 0 0 0 0 0 0 0 0 0 0 0 0 0 0 0 0 0 0 0 0 0 0 0 0 0 0 0 0 0 0 0 0 
0 0 0 0 0 0 0 0 0 0 0 0 0 0 0 0 0 0 0 0 0 0 0 0 0 0 0 0 0 0 0 0 0 0 0 0 0 0 0 1.00306e-15 1.50459e-14 7.58983e-14 1.8122e-13 9.72301e-13 3.37051e-12 4.16159e-12 4.25287e-12 4.25287e-12 4.25287e-12 4.25287e-12 4.25287e-12 4.25287e-12 4.25287e-12 4.25287e-12 4.25287e-12 4.16159e-12 3.37051e-12 9.72301e-13 1.8122e-13 7.58983e-14 1.50459e-14 1.00306e-15 0 0 0 0 0 0 0 0 0 0 0 0 0 0 0 0 0 0 0 0 0 0 0 0 0 0 0 0 0 0 0 0 0 0 0 0 0 0 
0 0 0 0 0 0 0 0 0 0 0 0 0 0 0 0 0 0 0 0 0 0 0 0 0 0 0 0 0 0 0 0 0 0 0 0 0 1.00306e-15 1.50459e-14 1.67177e-13 9.72301e-13 3.73562e-12 9.27319e-12 3.70617e-11 1.0241e-10 1.30108e-10 1.34854e-10 1.35219e-10 1.35219e-10 1.35219e-10 1.35219e-10 1.35219e-10 1.35219e-10 1.35219e-10 1.34854e-10 1.30108e-10 1.0241e-10 3.70617e-11 9.27319e-12 3.73562e-12 9.72301e-13 1.67177e-13 1.50459e-14 1.00306e-15 0 0 0 0 0 0 0 0 0 0 0 0 0 0 0 0 0 0 0 0 0 0 0 0 0 0 0 0 0 0 0 0 0 0 0 0 
0 0 0 0 0 0 0 0 0 0 0 0 0 0 0 0 0 0 0 0 0 0 0 0 0 0 0 0 0 0 0 0 0 0 0 0 1.50459e-14 1.67177e-13 1.33742e-12 8.48211e-12 3.79745e-11 1.20818e-10 2.98933e-10 9.71095e-10 2.35672e-09 3.02413e-09 3.17455e-09 3.19195e-09 3.19296e-09 3.19296e-09 3.19296e-09 3.19296e-09 3.19296e-09 3.19195e-09 3.17455e-09 3.02413e-09 2.35672e-09 9.71095e-10 2.98933e-10 1.20818e-10 3.79745e-11 8.48211e-12 1.33742e-12 1.67177e-13 1.50459e-14 0 0 0 0 0 0 0 0 0 0 0 0 0 0 0 0 0 0 0 0 0 0 0 0 0 0 0 0 0 0 0 0 0 0 0 
0 0 0 0 0 0 0 0 0 0 0 0 0 0 0 0 0 0 0 0 0 0 0 0 0 0 0 0 0 0 0 0 0 0 1.00306e-15 1.06324e-13 1.32337e-12 9.48617e-12 5.53782e-11 2.73244e-10 1.01187e-09 2.90028e-09 6.82287e-09 1.93494e-08 4.25988e-08 5.49759e-08 5.82307e-08 5.87292e-08 5.87727e-08 5.87747e-08 5.87747e-08 5.87747e-08 5.87727e-08 5.87292e-08 5.82307e-08 5.49759e-08 4.25988e-08 1.93494e-08 6.82287e-09 2.90028e-09 1.01187e-09 2.73244e-10 5.53782e-11 9.48617e-12 1.32337e-12 1.06324e-13 1.00306e-15 0 0 0 0 0 0 0 0 0 0 0 0 0 0 0 0 0 0 0 0 0 0 0 0 0 0 0 0 0 0 0 0 0 
0 0 0 0 0 0 0 0 0 0 0 0 0 0 0 0 0 0 0 0 0 0 0 0 0 0 0 0 0 0 0 0 0 1.50459e-14 5.32291e-13 7.08797e-12 5.65953e-11 3.16662e-10 1.51329e-09 6.23641e-09 2.03982e-08 5.3432e-08 1.19425e-07 3.03144e-07 6.22002e-07 8.02508e-07 8.5611e-07 8.65762e-07 8.66879e-07 8.66958e-07 8.66961e-07 8.66958e-07 8.66879e-07 8.65762e-07 8.5611e-07 8.02508e-07 6.22002e-07 3.03144e-07 1.19425e-07 5.3432e-08 2.03982e-08 6.23641e-09 1.51329e-09 3.16662e-10 5.65953e-11 7.08797e-12 5.32291e-13 1.50459e-14 0 0 0 0 0 0 0 0 0 0 0 0 0 0 0 0 0 0 0 0 0 0 0 0 0 0 0 0 0 0 0 0 
0 0 0 0 0 0 0 0 0 0 0 0 0 0 0 0 0 0 0 0 0 0 0 0 0 0 0 0 0 0 0 0 1.06324e-13 2.32744e-12 2.88981e-11 2.54326e-10 1.56391e-09 7.35302e-09 3.0157e-08 1.08926e-07 3.20971e-07 7.83037e-07 1.6505e-06 3.8346e-06 7.41624e-06 9.54781e-06 1.02344e-05 1.03748e-05 1.0394e-05 1.03958e-05 1.03959e-05 1.03958e-05 1.0394e-05 1.03748e-05 1.02344e-05 9.54781e-06 7.41624e-06 3.8346e-06 1.6505e-06 7.83037e-07 3.20971e-07 1.08926e-07 3.0157e-08 7.35302e-09 1.56391e-09 2.54326e-10 2.88981e-11 2.32744e-12 1.06324e-13 0 0 0 0 0 0 0 0 0 0 0 0 0 0 0 0 0 0 0 0 0 0 0 0 0 0 0 0 0 0 0 
0 0 0 0 0 0 0 0 0 0 0 0 0 0 0 0 0 0 0 0 0 0 0 0 0 0 0 0 0 0 0 4.71439e-13 9.08205e-12 1.03117e-10 8.99845e-10 6.07219e-09 3.12784e-08 1.28072e-07 4.63594e-07 1.49852e-06 4.05372e-06 9.24607e-06 1.84048e-05 3.94713e-05 7.27127e-05 9.31108e-05 0.000100131 0.000101698 0.000101942 0.000101969 0.000101971 0.000101969 0.000101942 0.000101698 0.000100131 9.31108e-05 7.27127e-05 3.94713e-05 1.84048e-05 9.24607e-06 4.05372e-06 1.49852e-06 4.63594e-07 1.28072e-07 3.12784e-08 6.07219e-09 8.99845e-10 1.03117e-10 9.08205e-12 4.71439e-13 0 0 0 0 0 0 0 0 0 0 0 0 0 0 0 0 0 0 0 0 0 0 0 0 0 0 0 0 0 0 
0 0 0 0 0 0 0 0 0 0 0 0 0 0 0 0 0 0 0 0 0 0 0 0 0 0 0 0 0 0 1.4745e-12 2.9498e-11 3.35294e-10 2.7926e-09 1.9002e-08 1.06924e-07 4.78096e-07 1.74092e-06 5.6486e-06 1.65851e-05 4.14332e-05 8.89119e-05 0.000166554 0.000332216 0.000584717 0.000743585 0.000800735 0.000814427 0.000816756 0.000817048 0.000817073 0.000817048 0.000816756 0.000814427 0.000800735 0.000743585 0.000584717 0.000332216 0.000166554 8.89119e-05 4.14332e-05 1.65851e-05 5.6486e-06 1.74092e-06 4.78096e-07 1.06924e-07 1.9002e-08 2.7926e-09 3.35294e-10 2.9498e-11 1.4745e-12 0 0 0 0 0 0 0 0 0 0 0 0 0 0 0 0 0 0 0 0 0 0 0 0 0 0 0 0 0 
0 0 0 0 0 0 0 0 0 0 0 0 0 0 0 0 0 0 0 0 0 0 0 0 0 0 0 0 0 3.46859e-12 7.63891e-11 9.41126e-10 7.93968e-09 5.27304e-08 2.99269e-07 1.44938e-06 5.76112e-06 1.88809e-05 5.53778e-05 0.000148627 0.000344763 0.000695623 0.00122517 0.00227196 0.00383174 0.0048235 0.00519314 0.00528606 0.00530305 0.00530538 0.00530561 0.00530538 0.00530305 0.00528606 0.00519314 0.0048235 0.00383174 0.00227196 0.00122517 0.000695623 0.000344763 0.000148627 5.53778e-05 1.88809e-05 5.76112e-06 1.44938e-06 2.99269e-07 5.27304e-08 7.93968e-09 9.41126e-10 7.63891e-11 3.46859e-12 0 0 0 0 0 0 0 0 0 0 0 0 0 0 0 0 0 0 0 0 0 0 0 0 0 0 0 0 
0 0 0 0 0 0 0 0 0 0 0 0 0 0 0 0 0 0 0 0 0 0 0 0 0 0 0 0 6.3895e-12 1.56927e-10 2.16307e-09 1.9752e-08 1.34958e-07 7.51473e-07 3.6466e-06 1.55527e-05 5.55866e-05 0.000165083 0.00043923 0.00108037 0.00232289 0.00440983 0.00726316 0.0125003 0.0201225 0.025005 0.0268576 0.0273413 0.0274342 0.0274479 0.0274493 0.0274479 0.0274342 0.0273413 0.0268576 0.025005 0.0201225 0.0125003 0.00726316 0.00440983 0.00232289 0.00108037 0.00043923 0.000165083 5.55866e-05 1.55527e-05 3.6466e-06 7.51473e-07 1.34958e-07 1.9752e-08 2.16307e-09 1.56927e-10 6.3895e-12 0 0 0 0 0 0 0 0 0 0 0 0 0 0 0 0 0 0 0 0 0 0 0 0 0 0 0 
0 0 0 0 0 0 0 0 0 0 0 0 0 0 0 0 0 0 0 0 0 0 0 0 0 0 0 9.46689e-12 2.58611e-10 4.00054e-09 4.07058e-08 3.03314e-07 1.7495e-06 8.36005e-06 3.52941e-05 0.000133542 0.000432597 0.00116698 0.00281259 0.00632466 0.0125629 0.0223138 0.0342148 0.0541079 0.0827105 0.10083 0.107786 0.109637 0.110007 0.110064 0.11007 0.110064 0.110007 0.109637 0.107786 0.10083 0.0827105 0.0541079 0.0342148 0.0223138 0.0125629 0.00632466 0.00281259 0.00116698 0.000432597 0.000133542 3.52941e-05 8.36005e-06 1.7495e-06 3.03314e-07 4.07058e-08 4.00054e-09 2.58611e-10 9.46689e-12 0 0 0 0 0 0 0 0 0 0 0 0 0 0 0 0 0 0 0 0 0 0 0 0 0 0 
0 0 0 0 0 0 0 0 0 0 0 0 0 0 0 0 0 0 0 0 0 0 0 0 0 0 1.1475e-11 3.4662e-10 5.97641e-09 6.79711e-08 5.65403e-07 3.56913e-06 1.78514e-05 7.42883e-05 0.000273964 0.000922938 0.00271126 0.00663921 0.0144221 0.0294351 0.0534112 0.0882609 0.124799 0.179049 0.25506 0.302645 0.320728 0.325601 0.326591 0.32675 0.326768 0.32675 0.326591 0.325601 0.320728 0.302645 0.25506 0.179049 0.124799 0.0882609 0.0534112 0.0294351 0.0144221 0.00663921 0.00271126 0.000922938 0.000273964 7.42883e-05 1.78514e-05 3.56913e-06 5.65403e-07 6.79711e-08 5.97641e-09 3.4662e-10 1.1475e-11 0 0 0 0 0 0 0 0 0 0 0 0 0 0 0 0 0 0 0 0 0 0 0 0 0 
0 0 0 0 0 0 0 0 0 0 0 0 0 0 0 0 0 0 0 0 0 0 0 0 0 1.1475e-11 3.81701e-10 7.28055e-09 9.20145e-08 8.54653e-07 6.01869e-06 3.31502e-05 0.000145798 0.00053269 0.00171681 0.00511196 0.0135914 0.0300591 0.0582208 0.106558 0.173845 0.262559 0.339754 0.432298 0.560422 0.635566 0.663842 0.671391 0.672939 0.67319 0.67322 0.67319 0.672939 0.671391 0.663842 0.635566 0.560422 0.432298 0.339754 0.262559 0.173845 0.106558 0.0582208 0.0300591 0.0135914 0.00511196 0.00171681 0.00053269 0.000145798 3.31502e-05 6.01869e-06 8.54653e-07 9.20145e-08 7.28055e-09 3.81701e-10 1.1475e-11 0 0 0 0 0 0 0 0 0 0 0 0 0 0 0 0 0 0 0 0 0 0 0 0 
0 0 0 0 0 0 0 0 0 0 0 0 0 0 0 0 0 0 0 0 0 0 0 0 9.46689e-12 3.4662e-10 7.28055e-09 1.01676e-07 1.04805e-06 8.22153e-06 5.05224e-05 0.000245708 0.000961268 0.0030963 0.00867073 0.0225492 0.053604 0.106256 0.180913 0.290764 0.415059 0.561534 0.658631 0.734959 0.816795 0.865576 0.883855 0.888754 0.889747 0.889905 0.889924 0.889905 0.889747 0.888754 0.883855 0.865576 0.816795 0.734959 0.658631 0.561534 0.415059 0.290764 0.180913 0.106256 0.053604 0.0225492 0.00867073 0.0030963 0.000961268 0.000245708 5.05224e-05 8.22153e-06 1.04805e-06 1.01676e-07 7.28055e-09 3.4662e-10 9.46689e-12 0 0 0 0 0 0 0 0 0 0 0 0 0 0 0 0 0 0 0 0 0 0 0 
0 0 0 0 0 0 0 0 0 0 0 0 0 0 0 0 0 0 0 0 0 0 0 6.3895e-12 2.58611e-10 5.97641e-09 9.20145e-08 1.04805e-06 9.11279e-06 6.22632e-05 0.00033718 0.00146334 0.00510801 0.0145588 0.0351969 0.078064 0.163028 0.284809 0.418081 0.579255 0.706223 0.811384 0.873235 0.910854 0.94409 0.963138 0.970243 0.972114 0.972485 0.972543 0.972549 0.972543 0.972485 0.972114 0.970243 0.963138 0.94409 0.910854 0.873235 0.811384 0.706223 0.579255 0.418081 0.284809 0.163028 0.078064 0.0351969 0.0145588 0.00510801 0.00146334 0.00033718 6.22632e-05 9.11279e-06 1.04805e-06 9.20145e-08 5.97641e-09 2.58611e-10 6.3895e-12 0 0 0 0 0 0 0 0 0 0 0 0 0 0 0 0 0 0 0 0 0 0 
0 0 0 0 0 0 0 0 0 0 0 0 0 0 0 0 0 0 0 0 0 0 3.46859e-12 1.56927e-10 4.00054e-09 6.79711e-08 8.54653e-07 8.22153e-06 6.22632e-05 0.00037423 0.00180318 0.00697109 0.0217472 0.0547878 0.113869 0.210168 0.370829 0.561585 0.703208 0.817352 0.891211 0.939543 0.964556 0.977388 0.98693 0.992185 0.994095 0.994585 0.994679 0.994693 0.994694 0.994693 0.994679 0.994585 0.994095 0.992185 0.98693 0.977388 0.964556 0.939543 0.891211 0.817352 0.703208 0.561585 0.370829 0.210168 0.113869 0.0547878 0.0217472 0.00697109 0.00180318 0.00037423 6.22632e-05 8.22153e-06 8.54653e-07 6.79711e-08 4.00054e-09 1.56927e-10 3.46859e-12 0 0 0 0 0 0 0 0 0 0 0 0 0 0 0 0 0 0 0 0 0 
0 0 0 0 0 0 0 0 0 0 0 0 0 0 0 0 0 0 0 0 0 1.4745e-12 7.63891e-11 2.16307e-09 4.07058e-08 5.65403e-07 6.01869e-06 5.05224e-05 0.00033718 0.00180318 0.00771166 0.0264745 0.0729159 0.162066 0.289236 0.43644 0.628691 0.789269 0.884159 0.939849 0.96919 0.984996 0.992273 0.995506 0.997595 0.998685 0.999069 0.999163 0.99918 0.999183 0.999183 0.999183 0.99918 0.999163 0.999069 0.998685 0.997595 0.995506 0.992273 0.984996 0.96919 0.939849 0.884159 0.789269 0.628691 0.43644 0.289236 0.162066 0.0729159 0.0264745 0.00771166 0.00180318 0.00033718 5.05224e-05 6.01869e-06 5.65403e-07 4.07058e-08 2.16307e-09 7.63891e-11 1.4745e-12 0 0 0 0 0 0 0 0 0 0 0 0 0 0 0 0 0 0 0 0 
0 0 0 0 0 0 0 0 0 0 0 0 0 0 0 0 0 0 0 0 4.71439e-13 2.9498e-11 9.41126e-10 1.9752e-08 3.03314e-07 3.56913e-06 3.31502e-05 0.000245708 0.00146334 0.00697109 0.0264745 0.0794624 0.189871 0.363662 0.561488 0.709871 0.835898 0.921674 0.964396 0.984374 0.993107 0.997048 0.998656 0.999286 0.999645 0.999822 0.999881 0.999895 0.999898 0.999898 0.999898 0.999898 0.999898 0.999895 0.999881 0.999822 0.999645 0.999286 0.998656 0.997048 0.993107 0.984374 0.964396 0.921674 0.835898 0.709871 0.561488 0.363662 0.189871 0.0794624 0.0264745 0.00697109 0.00146334 0.000245708 3.31502e-05 3.56913e-06 3.03314e-07 1.9752e-08 9.41126e-10 2.9498e-11 4.71439e-13 0 0 0 0 0 0 0 0 0 0 0 0 0 0 0 0 0 0 0 
0 0 0 0 0 0 0 0 0 0 0 0 0 0 0 0 0 0 0 1.06324e-13 9.08205e-12 3.35294e-10 7.93968e-09 1.34958e-07 1.7495e-06 1.78514e-05 0.000145798 0.000961268 0.00510801 0.0217472 0.0729159 0.189871 0.379851 0.608312 0.784412 0.884966 0.944657 0.977162 0.991235 0.996732 0.998758 0.999532 0.999811 0.999908 0.999957 0.99998 0.999988 0.999989 0.99999 0.99999 0.99999 0.99999 0.99999 0.999989 0.999988 0.99998 0.999957 0.999908 0.999811 0.999532 0.998758 0.996732 0.991235 0.977162 0.944657 0.884966 0.784412 0.608312 0.379851 0.189871 0.0729159 0.0217472 0.00510801 0.000961268 0.000145798 1.78514e-05 1.7495e-06 1.34958e-07 7.93968e-09 3.35294e-10 9.08205e-12 1.06324e-13 0 0 0 0 0 0 0 0 0 0 0 0 0 0 0 0 0 0 
0 0 0 0 0 0 0 0 0 0 0 0 0 0 0 0 0 0 1.50459e-14 2.32744e-12 1.03117e-10 2.7926e-09 5.27304e-08 7.51473e-07 8.36005e-06 7.42883e-05 0.00053269 0.0030963 0.0145588 0.0547878 0.162066 0.363662 0.608312 0.800604 0.912807 0.962997 0.985101 0.994688 0.998251 0.999444 0.999818 0.99994 0.999979 0.99999 0.999996 0.999998 0.999999 0.999999 0.999999 0.999999 0.999999 0.999999 0.999999 0.999999 0.999999 0.999998 0.999996 0.99999 0.999979 0.99994 0.999818 0.999444 0.998251 0.994688 0.985101 0.962997 0.912807 0.800604 0.608312 0.363662 0.162066 0.0547878 0.0145588 0.0030963 0.00053269 7.42883e-05 8.36005e-06 7.51473e-07 5.27304e-08 2.7926e-09 1.03117e-10 2.32744e-12 1.50459e-14 0 0 0 0 0 0 0 0 0 0 0 0 0 0 0 0 0 
0 0 0 0 0 0 0 0 0 0 0 0 0 0 0 0 0 1.00306e-15 5.32291e-13 2.88981e-11 8.99845e-10 1.9002e-08 2.99269e-07 3.6466e-06 3.52941e-05 0.000273964 0.00171681 0.00867073 0.0351969 0.113869 0.289236 0.561488 0.784412 0.912807 0.96955 0.989865 0.996678 0.998991 0.999715 0.999923 0.999978 0.999994 0.999998 0.999999 1 1 1 1 1 1 1 1 1 1 1 1 1 0.999999 0.999998 0.999994 0.999978 0.999923 0.999715 0.998991 0.996678 0.989865 0.96955 0.912807 0.784412 0.561488 0.289236 0.113869 0.0351969 0.00867073 0.00171681 0.000273964 3.52941e-05 3.6466e-06 2.99269e-07 1.9002e-08 8.99845e-10 2.88981e-11 5.32291e-13 1.00306e-15 0 0 0 0 0 0 0 0 0 0 0 0 0 0 0 0 
0 0 0 0 0 0 0 0 0 0 0 0 0 0 0 0 0 1.06324e-13 7.08797e-12 2.54326e-10 6.07219e-09 1.06924e-07 1.44938e-06 1.55527e-05 0.000133542 0.000922938 0.00511196 0.0225492 0.078064 0.210168 0.43644 0.709871 0.884966 0.962997 0.989865 0.997423 0.999348 0.999839 0.999962 0.999991 0.999998 0.999999 1 1 1 1 1 1 1 1 1 1 1 1 1 1 1 1 1 0.999999 0.999998 0.999991 0.999962 0.999839 0.999348 0.997423 0.989865 0.962997 0.884966 0.709871 0.43644 0.210168 0.078064 0.0225492 0.00511196 0.000922938 0.000133542 1.55527e-05 1.44938e-06 1.06924e-07 6.07219e-09 2.54326e-10 7.08797e-12 1.06324e-13 0 0 0 0 0 0 0 0 0 0 0 0 0 0 0 0 
0 0 0 0 0 0 0 0 0 0 0 0 0 0 0 0 1.50459e-14 1.32337e-12 5.65953e-11 1.56391e-09 3.12784e-08 4.78096e-07 5.76112e-06 5.55866e-05 0.000432597 0.00271126 0.0135914 0.053604 0.163028 0.370829 0.628691 0.835898 0.944657 0.985101 0.996678 0.999348 0.999877 0.999977 0.999996 0.999999 1 1 1 1 1 1 1 1 1 1 1 1 1 1 1 1 1 1 1 1 1 0.999999 0.999996 0.999977 0.999877 0.999348 0.996678 0.985101 0.944657 0.835898 0.628691 0.370829 0.163028 0.053604 0.0135914 0.00271126 0.000432597 5.55866e-05 5.76112e-06 4.78096e-07 3.12784e-08 1.56391e-09 5.65953e-11 1.32337e-12 1.50459e-14 0 0 0 0 0 0 0 0 0 0 0 0 0 0 0 
0 0 0 0 0 0 0 0 0 0 0 0 0 0 0 1.00306e-15 1.67177e-13 9.48617e-12 3.16662e-10 7.35302e-09 1.28072e-07 1.74092e-06 1.88809e-05 0.000165083 0.00116698 0.00663921 0.0300591 0.106256 0.284809 0.561585 0.789269 0.921674 0.977162 0.994688 0.998991 0.999839 0.999977 0.999997 1 1 1 1 1 1 1 1 1 1 1 1 1 1 1 1 1 1 1 1 1 1 1 1 1 0.999997 0.999977 0.999839 0.998991 0.994688 0.977162 0.921674 0.789269 0.561585 0.284809 0.106256 0.0300591 0.00663921 0.00116698 0.000165083 1.88809e-05 1.74092e-06 1.28072e-07 7.35302e-09 3.16662e-10 9.48617e-12 1.67177e-13 1.00306e-15 0 0 0 0 0 0 0 0 0 0 0 0 0 0 
0 0 0 0 0 0 0 0 0 0 0 0 0 0 0 1.50459e-14 1.33742e-12 5.53782e-11 1.51329e-09 3.0157e-08 4.63594e-07 5.6486e-06 5.53778e-05 0.00043923 0.00281259 0.0144221 0.0582208 0.180913 0.418081 0.703208 0.884159 0.964396 0.991235 0.998251 0.999715 0.999962 0.999996 1 1 1 1 1 1 1 1 1 1 1 1 1 1 1 1 1 1 1 1 1 1 1 1 1 1 1 0.999996 0.999962 0.999715 0.998251 0.991235 0.964396 0.884159 0.703208 0.418081 0.180913 0.0582208 0.0144221 0.00281259 0.00043923 5.53778e-05 5.6486e-06 4.63594e-07 3.0157e-08 1.51329e-09 5.53782e-11 1.33742e-12 1.50459e-14 0 0 0 0 0 0 0 0 0 0 0 0 0 0 
0 0 0 0 0 0 0 0 0 0 0 0 0 0 1.00306e-15 1.67177e-13 8.48211e-12 2.73244e-10 6.23641e-09 1.08926e-07 1.49852e-06 1.65851e-05 0.000148627 0.00108037 0.00632466 0.0294351 0.106558 0.290764 0.579255 0.817352 0.939849 0.984374 0.996732 0.999444 0.999923 0.999991 0.999999 1 1 1 1 1 1 1 1 1 1 1 1 1 1 1 1 1 1 1 1 1 1 1 1 1 1 1 0.999999 0.999991 0.999923 0.999444 0.996732 0.984374 0.939849 0.817352 0.579255 0.290764 0.106558 0.0294351 0.00632466 0.00108037 0.000148627 1.65851e-05 1.49852e-06 1.08926e-07 6.23641e-09 2.73244e-10 8.48211e-12 1.67177e-13 1.00306e-15 0 0 0 0 0 0 0 0 0 0 0 0 0 
0 0 0 0 0 0 0 0 0 0 0 0 0 0 1.50459e-14 9.72301e-13 3.79745e-11 1.01187e-09 2.03982e-08 3.20971e-07 4.05372e-06 4.14332e-05 0.000344763 0.00232289 0.0125629 0.0534112 0.173845 0.415059 0.706223 0.891211 0.96919 0.993107 0.998758 0.999818 0.999978 0.999998 1 1 1 1 1 1 1 1 1 1 1 1 1 1 1 1 1 1 1 1 1 1 1 1 1 1 1 1 1 0.999998 0.999978 0.999818 0.998758 0.993107 0.96919 0.891211 0.706223 0.415059 0.173845 0.0534112 0.0125629 0.00232289 0.000344763 4.14332e-05 4.05372e-06 3.20971e-07 2.03982e-08 1.01187e-09 3.79745e-11 9.72301e-13 1.50459e-14 0 0 0 0 0 0 0 0 0 0 0 0 0 
0 0 0 0 0 0 0 0 0 0 0 0 0 1.00306e-15 7.58983e-14 3.73562e-12 1.20818e-10 2.90028e-09 5.3432e-08 7.83037e-07 9.24607e-06 8.89119e-05 0.000695623 0.00440983 0.0223138 0.0882609 0.262559 0.561534 0.811384 0.939543 0.984996 0.997048 0.999532 0.99994 0.999994 0.999999 1 1 1 1 1 1 1 1 1 1 1 1 1 1 1 1 1 1 1 1 1 1 1 1 1 1 1 1 1 0.999999 0.999994 0.99994 0.999532 0.997048 0.984996 0.939543 0.811384 0.561534 0.262559 0.0882609 0.0223138 0.00440983 0.000695623 8.89119e-05 9.24607e-06 7.83037e-07 5.3432e-08 2.90028e-09 1.20818e-10 3.73562e-12 7.58983e-14 1.00306e-15 0 0 0 0 0 0 0 0 0 0 0 0 
0 0 0 0 0 0 0 0 0 0 0 0 0 1.00306e-15 1.8122e-13 9.27319e-12 2.98933e-10 6.82287e-09 1.19425e-07 1.6505e-06 1.84048e-05 0.000166554 0.00122517 0.00726316 0.0342148 0.124799 0.339754 0.658631 0.873235 0.964556 0.992273 0.998656 0.999811 0.999979 0.999998 1 1 1 1 1 1 1 1 1 1 1 1 1 1 1 1 1 1 1 1 1 1 1 1 1 1 1 1 1 1 1 0.999998 0.999979 0.999811 0.998656 0.992273 0.964556 0.873235 0.658631 0.339754 0.124799 0.0342148 0.00726316 0.00122517 0.000166554 1.84048e-05 1.6505e-06 1.19425e-07 6.82287e-09 2.98933e-10 9.27319e-12 1.8122e-13 1.00306e-15 0 0 0 0 0 0 0 0 0 0 0 0 
0 0 0 0 0 0 0 0 0 0 0 0 0 1.50459e-14 9.72301e-13 3.70617e-11 9.71095e-10 1.93494e-08 3.03144e-07 3.8346e-06 3.94713e-05 0.000332216 0.00227196 0.0125003 0.0541079 0.179049 0.432298 0.734959 0.910854 0.977388 0.995506 0.999286 0.999908 0.99999 0.999999 1 1 1 1 1 1 1 1 1 1 1 1 1 1 1 1 1 1 1 1 1 1 1 1 1 1 1 1 1 1 1 0.999999 0.99999 0.999908 0.999286 0.995506 0.977388 0.910854 0.734959 0.432298 0.179049 0.0541079 0.0125003 0.00227196 0.000332216 3.94713e-05 3.8346e-06 3.03144e-07 1.93494e-08 9.71095e-10 3.70617e-11 9.72301e-13 1.50459e-14 0 0 0 0 0 0 0 0 0 0 0 0 
0 0 0 0 0 0 0 0 0 0 0 0 1.00306e-15 7.58983e-14 3.37051e-12 1.0241e-10 2.35672e-09 4.25988e-08 6.22002e-07 7.41624e-06 7.27127e-05 0.000584717 0.00383174 0.0201225 0.0827105 0.25506 0.560422 0.816795 0.94409 0.98693 0.997595 0.999645 0.999957 0.999996 1 1 1 1 1 1 1 1 1 1 1 1 1 1 1 1 1 1 1 1 1 1 1 1 1 1 1 1 1 1 1 1 1 0.999996 0.999957 0.999645 0.997595 0.98693 0.94409 0.816795 0.560422 0.25506 0.0827105 0.0201225 0.00383174 0.000584717 7.27127e-05 7.41624e-06 6.22002e-07 4.25988e-08 2.35672e-09 1.0241e-10 3.37051e-12 7.58983e-14 1.00306e-15 0 0 0 0 0 0 0 0 0 0 0 
0 0 0 0 0 0 0 0 0 0 0 0 1.00306e-15 8.99412e-14 4.16159e-12 1.30108e-10 3.02413e-09 5.49759e-08 8.02508e-07 9.54781e-06 9.31108e-05 0.000743585 0.0048235 0.025005 0.10083 0.302645 0.635566 0.865576 0.963138 0.992185 0.998685 0.999822 0.99998 0.999998 1 1 1 1 1 1 1 1 1 1 1 1 1 1 1 1 1 1 1 1 1 1 1 1 1 1 1 1 1 1 1 1 1 0.999998 0.99998 0.999822 0.998685 0.992185 0.963138 0.865576 0.635566 0.302645 0.10083 0.025005 0.0048235 0.000743585 9.31108e-05 9.54781e-06 8.02508e-07 5.49759e-08 3.02413e-09 1.30108e-10 4.16159e-12 8.99412e-14 1.00306e-15 0 0 0 0 0 0 0 0 0 0 0 
0 0 0 0 0 0 0 0 0 0 0 0 1.00306e-15 8.99412e-14 4.25287e-12 1.34854e-10 3.17455e-09 5.82307e-08 8.5611e-07 1.02344e-05 0.000100131 0.000800735 0.00519314 0.0268576 0.107786 0.320728 0.663842 0.883855 0.970243 0.994095 0.999069 0.999881 0.999988 0.999999 1 1 1 1 1 1 1 1 1 1 1 1 1 1 1 1 1 1 1 1 1 1 1 1 1 1 1 1 1 1 1 1 1 0.999999 0.999988 0.999881 0.999069 0.994095 0.970243 0.883855 0.663842 0.320728 0.107786 0.0268576 0.00519314 0.000800735 0.000100131 1.02344e-05 8.5611e-07 5.82307e-08 3.17455e-09 1.34854e-10 4.25287e-12 8.99412e-14 1.00306e-15 0 0 0 0 0 0 0 0 0 0 0 
0 0 0 0 0 0 0 0 0 0 0 0 1.00306e-15 8.99412e-14 4.25287e-12 1.35219e-10 3.19195e-09 5.87292e-08 8.65762e-07 1.03748e-05 0.000101698 0.000814427 0.00528606 0.0273413 0.109637 0.325601 0.671391 0.888754 0.972114 0.994585 0.999163 0.999895 0.999989 0.999999 1 1 1 1 1 1 1 1 1 1 1 1 1 1 1 1 1 1 1 1 1 1 1 1 1 1 1 1 1 1 1 1 1 0.999999 0.999989 0.999895 0.999163 0.994585 0.972114 0.888754 0.671391 0.325601 0.109637 0.0273413 0.00528606 0.000814427 0.000101698 1.03748e-05 8.65762e-07 5.87292e-08 3.19195e-09 1.35219e-10 4.25287e-12 8.99412e-14 1.00306e-15 0 0 0 0 0 0 0 0 0 0 0 
0 0 0 0 0 0 0 0 0 0 0 0 1.00306e-15 8.99412e-14 4.25287e-12 1.35219e-10 3.19296e-09 5.87727e-08 8.66879e-07 1.0394e-05 0.000101942 0.000816756 0.00530305 0.0274342 0.110007 0.326591 0.672939 0.889747 0.972485 0.994679 0.99918 0.999898 0.99999 0.999999 1 1 1 1 1 1 1 1 1 1 1 1 1 1 1 1 1 1 1 1 1 1 1 1 1 1 1 1 1 1 1 1 1 0.999999 0.99999 0.999898 0.99918 0.994679 0.972485 0.889747 0.672939 0.326591 0.110007 0.0274342 0.00530305 0.000816756 0.000101942 1.0394e-05 8.66879e-07 5.87727e-08 3.19296e-09 1.35219e-10 4.25287e-12 8.99412e-14 1.00306e-15 0 0 0 0 0 0 0 0 0 0 0 
0 0 0 0 0 0 0 0 0 0 0 0 1.00306e-15 8.99412e-14 4.25287e-12 1.35219e-10 3.19296e-09 5.87747e-08 8.66958e-07 1.03958e-05 0.000101969 0.000817048 0.00530538 0.0274479 0.110064 0.32675 0.67319 0.889905 0.972543 0.994693 0.999183 0.999898 0.99999 0.999999 1 1 1 1 1 1 1 1 1 1 1 1 1 1 1 1 1 1 1 1 1 1 1 1 1 1 1 1 1 1 1 1 1 0.999999 0.99999 0.999898 0.999183 0.994693 0.972543 0.889905 0.67319 0.32675 0.110064 0.0274479 0.00530538 0.000817048 0.000101969 1.03958e-05 8.66958e-07 5.87747e-08 3.19296e-09 1.35219e-10 4.25287e-12 8.99412e-14 1.00306e-15 0 0 0 0 0 0 0 0 0 0 0 
0 0 0 0 0 0 0 0 0 0 0 0 1.00306e-15 8.99412e-14 4.25287e-12 1.35219e-10 3.19296e-09 5.87747e-08 8.66961e-07 1.03959e-05 0.000101971 0.000817073 0.00530561 0.0274493 0.11007 0.326768 0.67322 0.889924 0.972549 0.994694 0.999183 0.999898 0.99999 0.999999 1 1 1 1 1 1 1 1 1 1 1 1 1 1 1 1 1 1 1 1 1 1 1 1 1 1 1 1 1 1 1 1 1 0.999999 0.99999 0.999898 0.999183 0.994694 0.972549 0.889924 0.67322 0.326768 0.11007 0.0274493 0.00530561 0.000817073 0.000101971 1.03959e-05 8.66961e-07 5.87747e-08 3.19296e-09 1.35219e-10 4.25287e-12 8.99412e-14 1.00306e-15 0 0 0 0 0 0 0 0 0 0 0 
0 0 0 0 0 0 0 0 0 0 0 0 1.00306e-15 8.99412e-14 4.25287e-12 1.35219e-10 3.19296e-09 5.87747e-08 8.66958e-07 1.03958e-05 0.000101969 0.000817048 0.00530538 0.0274479 0.110064 0.32675 0.67319 0.889905 0.972543 0.994693 0.999183 0.999898 0.99999 0.999999 1 1 1 1 1 1 1 1 1 1 1 1 1 1 1 1 1 1 1 1 1 1 1 1 1 1 1 1 1 1 1 1 1 0.999999 0.99999 0.999898 0.999183 0.994693 0.972543 0.889905 0.67319 0.32675 0.110064 0.0274479 0.00530538 0.000817048 0.000101969 1.03958e-05 8.66958e-07 5.87747e-08 3.19296e-09 1.35219e-10 4.25287e-12 8.99412e-14 1.00306e-15 0 0 0 0 0 0 0 0 0 0 0 
0 0 0 0 0 0 0 0 0 0 0 0 1.00306e-15 8.99412e-14 4.25287e-12 1.35219e-10 3.19296e-09 5.87727e-08 8.66879e-07 1.0394e-05 0.000101942 0.000816756 0.00530305 0.0274342 0.110007 0.326591 0.672939 0.889747 0.972485 0.994679 0.99918 0.999898 0.99999 0.999999 1 1 1 1 1 1 1 1 1 1 1 1 1 1 1 1 1 1 1 1 1 1 1 1 1 1 1 1 1 1 1 1 1 0.999999 0.99999 0.999898 0.99918 0.994679 0.972485 0.889747 0.672939 0.326591 0.110007 0.0274342 0.00530305 0.000816756 0.000101942 1.0394e-05 8.66879e-07 5.87727e-08 3.19296e-09 1.35219e-10 4.25287e-12 8.99412e-14 1.00306e-15 0 0 0 0 0 0 0 0 0 0 0 
0 0 0 0 0 0 0 0 0 0 0 0 1.00306e-15 8.99412e-14 4.25287e-12 1.35219e-10 3.19195e-09 5.87292e-08 8.65762e-07 1.03748e-05 0.000101698 0.000814427 0.00528606 0.0273413 0.109637 0.325601 0.671391 0.888754 0.972114 0.994585 0.999163 0.999895 0.999989 0.999999 1 1 1 1 1 1 1 1 1 1 1 1 1 1 1 1 1 1 1 1 1 1 1 1 1 1 1 1 1 1 1 1 1 0.999999 0.999989 0.999895 0.999163 0.994585 0.972114 0.888754 0.671391 0.325601 0.109637 0.0273413 0.00528606 0.000814427 0.000101698 1.03748e-05 8.65762e-07 5.87292e-08 3.19195e-09 1.35219e-10 4.25287e-12 8.99412e-14 1.00306e-15 0 0 0 0 0 0 0 0 0 0 0 
0 0 0 0 0 0 0 0 0 0 0 0 1.00306e-15 8.99412e-14 4.25287e-12 1.34854e-10 3.17455e-09 5.82307e-08 8.5611e-07 1.02344e-05 0.000100131 0.000800735 0.00519314 0.0268576 0.107786 0.320728 0.663842 0.883855 0.970243 0.994095 0.999069 0.999881 0.999988 0.999999 1 1 1 1 1 1 1 1 1 1 1 1 1 1 1 1 1 1 1 1 1 1 1 1 1 1 1 1 1 1 1 1 1 0.999999 0.999988 0.999881 0.999069 0.994095 0.970243 0.883855 0.663842 0.320728 0.107786 0.0268576 0.00519314 0.000800735 0.000100131 1.02344e-05 8.5611e-07 5.82307e-08 3.17455e-09 1.34854e-10 4.25287e-12 8.99412e-14 1.00306e-15 0 0 0 0 0 0 0 0 0 0 0 
0 0 0 0 0 0 0 0 0 0 0 0 1.00306e-15 8.99412e-14 4.16159e-12 1.30108e-10 3.02413e-09 5.49759e-08 8.02508e-07 9.54781e-06 9.31108e-05 0.000743585 0.0048235 0.025005 0.10083 0.302645 0.635566 0.865576 0.963138 0.992185 0.998685 0.999822 0.99998 0.999998 1 1 1 1 1 1 1 1 1 1 1 1 1 1 1 1 1 1 1 1 1 1 1 1 1 1 1 1 1 1 1 1 1 0.999998 0.99998 0.999822 0.998685 0.992185 0.963138 0.865576 0.635566 0.302645 0.10083 0.025005 0.0048235 0.000743585 9.31108e-05 9.54781e-06 8.02508e-07 5.49759e-08 3.02413e-09 1.30108e-10 4.16159e-12 8.99412e-14 1.00306e-15 0 0 0 0 0 0 0 0 0 0 0 
0 0 0 0 0 0 0 0 0 0 0 0 1.00306e-15 7.58983e-14 3.37051e-12 1.0241e-10 2.35672e-09 4.25988e-08 6.22002e-07 7.41624e-06 7.27127e-05 0.000584717 0.00383174 0.0201225 0.0827105 0.25506 0.560422 0.816795 0.94409 0.98693 0.997595 0.999645 0.999957 0.999996 1 1 1 1 1 1 1 1 1 1 1 1 1 1 1 1 1 1 1 1 1 1 1 1 1 1 1 1 1 1 1 1 1 0.999996 0.999957 0.999645 0.997595 0.98693 0.94409 0.816795 0.560422 0.25506 0.0827105 0.0201225 0.00383174 0.000584717 7.27127e-05 7.41624e-06 6.22002e-07 4.25988e-08 2.35672e-09 1.0241e-10 3.37051e-12 7.58983e-14 1.00306e-15 0 0 0 0 0 0 0 0 0 0 0 
0 0 0 0 0 0 0 0 0 0 0 0 0 1.50459e-14 9.72301e-13 3.70617e-11 9.71095e-10 1.93494e-08 3.03144e-07 3.8346e-06 3.94713e-05 0.000332216 0.00227196 0.0125003 0.0541079 0.179049 0.432298 0.734959 0.910854 0.977388 0.995506 0.999286 0.999908 0.99999 0.999999 1 1 1 1 1 1 1 1 1 1 1 1 1 1 1 1 1 1 1 1 1 1 1 1 1 1 1 1 1 1 1 0.999999 0.99999 0.999908 0.999286 0.995506 0.977388 0.910854 0.734959 0.432298 0.179049 0.0541079 0.0125003 0.00227196 0.000332216 3.94713e-05 3.8346e-06 3.03144e-07 1.93494e-08 9.71095e-10 3.70617e-11 9.72301e-13 1.50459e-14 0 0 0 0 0 0 0 0 0 0 0 0 
0 0 0 0 0 0 0 0 0 0 0 0 0 1.00306e-15 1.8122e-13 9.27319e-12 2.98933e-10 6.82287e-09 1.19425e-07 1.6505e-06 1.84048e-05 0.000166554 0.00122517 0.00726316 0.0342148 0.124799 0.339754 0.658631 0.873235 0.964556 0.992273 0.998656 0.999811 0.999979 0.999998 1 1 1 1 1 1 1 1 1 1 1 1 1 1 1 1 1 1 1 1 1 1 1 1 1 1 1 1 1 1 1 0.999998 0.999979 0.999811 0.998656 0.992273 0.964556 0.873235 0.658631 0.339754 0.124799 0.0342148 0.00726316 0.00122517 0.000166554 1.84048e-05 1.6505e-06 1.19425e-07 6.82287e-09 2.98933e-10 9.27319e-12 1.8122e-13 1.00306e-15 0 0 0 0 0 0 0 0 0 0 0 0 
0 0 0 0 0 0 0 0 0 0 0 0 0 1.00306e-15 7.58983e-14 3.73562e-12 1.20818e-10 2.90028e-09 5.3432e-08 7.83037e-07 9.24607e-06 8.89119e-05 0.000695623 0.00440983 0.0223138 0.0882609 0.262559 0.561534 0.811384 0.939543 0.984996 0.997048 0.999532 0.99994 0.999994 0.999999 1 1 1 1 1 1 1 1 1 1 1 1 1 1 1 1 1 1 1 1 1 1 1 1 1 1 1 1 1 0.999999 0.999994 0.99994 0.999532 0.997048 0.984996 0.939543 0.811384 0.561534 0.262559 0.0882609 0.0223138 0.00440983 0.000695623 8.89119e-05 9.24607e-06 7.83037e-07 5.3432e-08 2.90028e-09 1.20818e-10 3.73562e-12 7.58983e-14 1.00306e-15 0 0 0 0 0 0 0 0 0 0 0 0 
0 0 0 0 0 0 0 0 0 0 0 0 0 0 1.50459e-14 9.72301e-13 3.79745e-11 1.01187e-09 2.03982e-08 3.20971e-07 4.05372e-06 4.14332e-05 0.000344763 0.00232289 0.0125629 0.0534112 0.173845 0.415059 0.706223 0.891211 0.96919 0.993107 0.998758 0.999818 0.999978 0.999998 1 1 1 1 1 1 1 1 1 1 1 1 1 1 1 1 1 1 1 1 1 1 1 1 1 1 1 1 1 0.999998 0.999978 0.999818 0.998758 0.993107 0.96919 0.891211 0.706223 0.415059 0.173845 0.0534112 0.0125629 0.00232289 0.000344763 4.14332e-05 4.05372e-06 3.20971e-07 2.03982e-08 1.01187e-09 3.79745e-11 9.72301e-13 1.50459e-14 0 0 0 0 0 0 0 0 0 0 0 0 0 
0 0 0 0 0 0 0 0 0 0 0 0 0 0 1.00306e-15 1.67177e-13 8.48211e-12 2.73244e-10 6.23641e-09 1.08926e-07 1.49852e-06 1.65851e-05 0.000148627 0.00108037 0.00632466 0.0294351 0.106558 0.290764 0.579255 0.817352 0.939849 0.984374 0.996732 0.999444 0.999923 0.999991 0.999999 1 1 1 1 1 1 1 1 1 1 1 1 1 1 1 1 1 1 1 1 1 1 1 1 1 1 1 0.999999 0.999991 0.999923 0.999444 0.996732 0.984374 0.939849 0.817352 0.579255 0.290764 0.106558 0.0294351 0.00632466 0.00108037 0.000148627 1.65851e-05 1.49852e-06 1.08926e-07 6.23641e-09 2.73244e-10 8.48211e-12 1.67177e-13 1.00306e-15 0 0 0 0 0 0 0 0 0 0 0 0 0 
0 0 0 0 0 0 0 0 0 0 0 0 0 0 0 1.50459e-14 1.33742e-12 5.53782e-11 1.51329e-09 3.0157e-08 4.63594e-07 5.6486e-06 5.53778e-05 0.00043923 0.00281259 0.0144221 0.0582208 0.180913 0.418081 0.703208 0.884159 0.964396 0.991235 0.998251 0.999715 0.999962 0.999996 1 1 1 1 1 1 1 1 1 1 1 1 1 1 1 1 1 1 1 1 1 1 1 1 1 1 1 0.999996 0.999962 0.999715 0.998251 0.991235 0.964396 0.884159 0.703208 0.418081 0.180913 0.0582208 0.0144221 0.00281259 0.00043923 5.53778e-05 5.6486e-06 4.63594e-07 3.0157e-08 1.51329e-09 5.53782e-11 1.33742e-12 1.50459e-14 0 0 0 0 0 0 0 0 0 0 0 0 0 0 
0 0 0 0 0 0 0 0 0 0 0 0 0 0 0 1.00306e-15 1.67177e-13 9.48617e-12 3.16662e-10 7.35302e-09 1.28072e-07 1.74092e-06 1.88809e-05 0.000165083 0.00116698 0.00663921 0.0300591 0.106256 0.284809 0.561585 0.789269 0.921674 0.977162 0.994688 0.998991 0.999839 0.999977 0.999997 1 1 1 1 1 1 1 1 1 1 1 1 1 1 1 1 1 1 1 1 1 1 1 1 1 0.999997 0.999977 0.999839 0.998991 0.994688 0.977162 0.921674 0.789269 0.561585 0.284809 0.106256 0.0300591 0.00663921 0.00116698 0.000165083 1.88809e-05 1.74092e-06 1.28072e-07 7.35302e-09 3.16662e-10 9.48617e-12 1.67177e-13 1.00306e-15 0 0 0 0 0 0 0 0 0 0 0 0 0 0 
0 0 0 0 0 0 0 0 0 0 0 0 0 0 0 0 1.50459e-14 1.32337e-12 5.65953e-11 1.56391e-09 3.12784e-08 4.78096e-07 5.76112e-06 5.55866e-05 0.000432597 0.00271126 0.0135914 0.053604 0.163028 0.370829 0.628691 0.835898 0.944657 0.985101 0.996678 0.999348 0.999877 0.999977 0.999996 0.999999 1 1 1 1 1 1 1 1 1 1 1 1 1 1 1 1 1 1 1 1 1 0.999999 0.999996 0.999977 0.999877 0.999348 0.996678 0.985101 0.944657 0.835898 0.628691 0.370829 0.163028 0.053604 0.0135914 0.00271126 0.000432597 5.55866e-05 5.76112e-06 4.78096e-07 3.12784e-08 1.56391e-09 5.65953e-11 1.32337e-12 1.50459e-14 0 0 0 0 0 0 0 0 0 0 0 0 0 0 0 
0 0 0 0 0 0 0 0 0 0 0 0 0 0 0 0 0 1.06324e-13 7.08797e-12 2.54326e-10 6.07219e-09 1.06924e-07 1.44938e-06 1.55527e-05 0.000133542 0.000922938 0.00511196 0.0225492 0.078064 0.210168 0.43644 0.709871 0.884966 0.962997 0.989865 0.997423 0.999348 0.999839 0.999962 0.999991 0.999998 0.999999 1 1 1 1 1 1 1 1 1 1 1 1 1 1 1 1 1 0.999999 0.999998 0.999991 0.999962 0.999839 0.999348 0.997423 0.989865 0.962997 0.884966 0.709871 0.43644 0.210168 0.078064 0.0225492 0.00511196 0.000922938 0.000133542 1.55527e-05 1.44938e-06 1.06924e-07 6.07219e-09 2.54326e-10 7.08797e-12 1.06324e-13 0 0 0 0 0 0 0 0 0 0 0 0 0 0 0 0 
0 0 0 0 0 0 0 0 0 0 0 0 0 0 0 0 0 1.00306e-15 5.32291e-13 2.88981e-11 8.99845e-10 1.9002e-08 2.99269e-07 3.6466e-06 3.52941e-05 0.000273964 0.00171681 0.00867073 0.0351969 0.113869 0.289236 0.561488 0.784412 0.912807 0.96955 0.989865 0.996678 0.998991 0.999715 0.999923 0.999978 0.999994 0.999998 0.999999 1 1 1 1 1 1 1 1 1 1 1 1 1 0.999999 0.999998 0.999994 0.999978 0.999923 0.999715 0.998991 0.996678 0.989865 0.96955 0.912807 0.784412 0.561488 0.289236 0.113869 0.0351969 0.00867073 0.00171681 0.000273964 3.52941e-05 3.6466e-06 2.99269e-07 1.9002e-08 8.99845e-10 2.88981e-11 5.32291e-13 1.00306e-15 0 0 0 0 0 0 0 0 0 0 0 0 0 0 0 0 
0 0 0 0 0 0 0 0 0 0 0 0 0 0 0 0 0 0 1.50459e-14 2.32744e-12 1.03117e-10 2.7926e-09 5.27304e-08 7.51473e-07 8.36005e-06 7.42883e-05 0.00053269 0.0030963 0.0145588 0.0547878 0.162066 0.363662 0.608312 0.800604 0.912807 0.962997 0.985101 0.994688 0.998251 0.999444 0.999818 0.99994 0.999979 0.99999 0.999996 0.999998 0.999999 0.999999 0.999999 0.999999 0.999999 0.999999 0.999999 0.999999 0.999999 0.999998 0.999996 0.99999 0.999979 0.99994 0.999818 0.999444 0.998251 0.994688 0.985101 0.962997 0.912807 0.800604 0.608312 0.363662 0.162066 0.0547878 0.0145588 0.0030963 0.00053269 7.42883e-05 8.36005e-06 7.51473e-07 5.27304e-08 2.7926e-09 1.03117e-10 2.32744e-12 1.50459e-14 0 0 0 0 0 0 0 0 0 0 0 0 0 0 0 0 0 
0 0 0 0 0 0 0 0 0 0 0 0 0 0 0 0 0 0 0 1.06324e-13 9.08205e-12 3.35294e-10 7.93968e-09 1.34958e-07 1.7495e-06 1.78514e-05 0.000145798 0.000961268 0.00510801 0.0217472 0.0729159 0.189871 0.379851 0.608312 0.784412 0.884966 0.944657 0.977162 0.991235 0.996732 0.998758 0.999532 0.999811 0.999908 0.999957 0.99998 0.999988 0.999989 0.99999 0.99999 0.99999 0.99999 0.99999 0.999989 0.999988 0.99998 0.999957 0.999908 0.999811 0.999532 0.998758 0.996732 0.991235 0.977162 0.944657 0.884966 0.784412 0.608312 0.379851 0.189871 0.0729159 0.0217472 0.00510801 0.000961268 0.000145798 1.78514e-05 1.7495e-06 1.34958e-07 7.93968e-09 3.35294e-10 9.08205e-12 1.06324e-13 0 0 0 0 0 0 0 0 0 0 0 0 0 0 0 0 0 0 
0 0 0 0 0 0 0 0 0 0 0 0 0 0 0 0 0 0 0 0 4.71439e-13 2.9498e-11 9.41126e-10 1.9752e-08 3.03314e-07 3.56913e-06 3.31502e-05 0.000245708 0.00146334 0.00697109 0.0264745 0.0794624 0.189871 0.363662 0.561488 0.709871 0.835898 0.921674 0.964396 0.984374 0.993107 0.997048 0.998656 0.999286 0.999645 0.999822 0.999881 0.999895 0.999898 0.999898 0.999898 0.999898 0.999898 0.999895 0.999881 0.999822 0.999645 0.999286 0.998656 0.997048 0.993107 0.984374 0.964396 0.921674 0.835898 0.709871 0.561488 0.363662 0.189871 0.0794624 0.0264745 0.00697109 0.00146334 0.000245708 3.31502e-05 3.56913e-06 3.03314e-07 1.9752e-08 9.41126e-10 2.9498e-11 4.71439e-13 0 0 0 0 0 0 0 0 0 0 0 0 0 0 0 0 0 0 0 
0 0 0 0 0 0 0 0 0 0 0 0 0 0 0 0 0 0 0 0 0 1.4745e-12 7.63891e-11 2.16307e-09 4.07058e-08 5.65403e-07 6.01869e-06 5.05224e-05 0.00033718 0.00180318 0.00771166 0.0264745 0.0729159 0.162066 0.289236 0.43644 0.628691 0.789269 0.884159 0.939849 0.96919 0.984996 0.992273 0.995506 0.997595 0.998685 0.999069 0.999163 0.99918 0.999183 0.999183 0.999183 0.99918 0.999163 0.999069 0.998685 0.997595 0.995506 0.992273 0.984996 0.96919 0.939849 0.884159 0.789269 0.628691 0.43644 0.289236 0.162066 0.0729159 0.0264745 0.00771166 0.00180318 0.00033718 5.05224e-05 6.01869e-06 5.65403e-07 4.07058e-08 2.16307e-09 7.63891e-11 1.4745e-12 0 0 0 0 0 0 0 0 0 0 0 0 0 0 0 0 0 0 0 0 
0 0 0 0 0 0 0 0 0 0 0 0 0 0 0 0 0 0 0 0 0 0 3.46859e-12 1.56927e-10 4.00054e-09 6.79711e-08 8.54653e-07 8.22153e-06 6.22632e-05 0.00037423 0.00180318 0.00697109 0.0217472 0.0547878 0.113869 0.210168 0.370829 0.561585 0.703208 0.817352 0.891211 0.939543 0.964556 0.977388 0.98693 0.992185 0.994095 0.994585 0.994679 0.994693 0.994694 0.994693 0.994679 0.994585 0.994095 0.992185 0.98693 0.977388 0.964556 0.939543 0.891211 0.817352 0.703208 0.561585 0.370829 0.210168 0.113869 0.0547878 0.0217472 0.00697109 0.00180318 0.00037423 6.22632e-05 8.22153e-06 8.54653e-07 6.79711e-08 4.00054e-09 1.56927e-10 3.46859e-12 0 0 0 0 0 0 0 0 0 0 0 0 0 0 0 0 0 0 0 0 0 
0 0 0 0 0 0 0 0 0 0 0 0 0 0 0 0 0 0 0 0 0 0 0 6.3895e-12 2.58611e-10 5.97641e-09 9.20145e-08 1.04805e-06 9.11279e-06 6.22632e-05 0.00033718 0.00146334 0.00510801 0.0145588 0.0351969 0.078064 0.163028 0.284809 0.418081 0.579255 0.706223 0.811384 0.873235 0.910854 0.94409 0.963138 0.970243 0.972114 0.972485 0.972543 0.972549 0.972543 0.972485 0.972114 0.970243 0.963138 0.94409 0.910854 0.873235 0.811384 0.706223 0.579255 0.418081 0.284809 0.163028 0.078064 0.0351969 0.0145588 0.00510801 0.00146334 0.00033718 6.22632e-05 9.11279e-06 1.04805e-06 9.20145e-08 5.97641e-09 2.58611e-10 6.3895e-12 0 0 0 0 0 0 0 0 0 0 0 0 0 0 0 0 0 0 0 0 0 0 
0 0 0 0 0 0 0 0 0 0 0 0 0 0 0 0 0 0 0 0 0 0 0 0 9.46689e-12 3.4662e-10 7.28055e-09 1.01676e-07 1.04805e-06 8.22153e-06 5.05224e-05 0.000245708 0.000961268 0.0030963 0.00867073 0.0225492 0.053604 0.106256 0.180913 0.290764 0.415059 0.561534 0.658631 0.734959 0.816795 0.865576 0.883855 0.888754 0.889747 0.889905 0.889924 0.889905 0.889747 0.888754 0.883855 0.865576 0.816795 0.734959 0.658631 0.561534 0.415059 0.290764 0.180913 0.106256 0.053604 0.0225492 0.00867073 0.0030963 0.000961268 0.000245708 5.05224e-05 8.22153e-06 1.04805e-06 1.01676e-07 7.28055e-09 3.4662e-10 9.46689e-12 0 0 0 0 0 0 0 0 0 0 0 0 0 0 0 0 0 0 0 0 0 0 0 
0 0 0 0 0 0 0 0 0 0 0 0 0 0 0 0 0 0 0 0 0 0 0 0 0 1.1475e-11 3.81701e-10 7.28055e-09 9.20145e-08 8.54653e-07 6.01869e-06 3.31502e-05 0.000145798 0.00053269 0.00171681 0.00511196 0.0135914 0.0300591 0.0582208 0.106558 0.173845 0.262559 0.339754 0.432298 0.560422 0.635566 0.663842 0.671391 0.672939 0.67319 0.67322 0.67319 0.672939 0.671391 0.663842 0.635566 0.560422 0.432298 0.339754 0.262559 0.173845 0.106558 0.0582208 0.0300591 0.0135914 0.00511196 0.00171681 0.00053269 0.000145798 3.31502e-05 6.01869e-06 8.54653e-07 9.20145e-08 7.28055e-09 3.81701e-10 1.1475e-11 0 0 0 0 0 0 0 0 0 0 0 0 0 0 0 0 0 0 0 0 0 0 0 0 
