0.000391614 0.000399667 0.000423991 0.000465077 0.000523739 0.000601104 0.000698604 0.000817956 0.000961144 0.00113039 0.00132815 0.00155702 0.00181975 0.00211919 0.00245819 0.00283961 0.00326619 0.00374052 0.00426495 0.00484152 0.00547187 0.00615718 0.0068981 0.00769463 0.00854612 0.00945117 0.0104076 0.0114124 0.0124617 0.0135509 0.0146744 0.0158258 0.0169981 0.0181834 0.0193732 0.0205586 0.0217301 0.022878 0.0239924 0.0250632 0.0260806 0.0270349 0.0279168 0.0287177 0.0294294 0.0300447 0.0305572 0.0309616 0.0312535 0.0314299 0.0314889 0.0314299 0.0312535 0.0309616 0.0305572 0.0300447 0.0294294 0.0287177 0.0279168 0.0270349 0.0260806 0.0250632 0.0239924 0.022878 0.0217301 0.0205586 0.0193732 0.0181834 0.0169981 0.0158258 0.0146744 0.0135509 0.0124617 0.0114124 0.0104076 0.00945117 0.00854612 0.00769463 0.0068981 0.00615718 0.00547187 0.00484152 0.00426495 0.00374052 0.00326619 0.00283961 0.00245819 0.00211919 0.00181975 0.00155702 0.00132815 0.00113039 0.000961144 0.000817956 0.000698604 0.000601104 0.000523739 0.000465077 0.000423991 0.000399667 
0.000399667 0.000407874 0.000432661 0.000474529 0.000534302 0.000613128 0.00071246 0.000834041 0.000979886 0.00115226 0.00135363 0.00158665 0.00185412 0.0021589 0.00250391 0.00289202 0.00332602 0.00380853 0.00434192 0.00492825 0.00556917 0.00626588 0.007019 0.00782853 0.00869379 0.00961335 0.010585 0.0116056 0.0126713 0.0137774 0.0149181 0.016087 0.017277 0.0184801 0.0196876 0.0208905 0.0220793 0.0232439 0.0243744 0.0254606 0.0264926 0.0274605 0.028355 0.0291672 0.0298889 0.0305129 0.0310325 0.0314425 0.0317385 0.0319174 0.0319772 0.0319174 0.0317385 0.0314425 0.0310325 0.0305129 0.0298889 0.0291672 0.028355 0.0274605 0.0264926 0.0254606 0.0243744 0.0232439 0.0220793 0.0208905 0.0196876 0.0184801 0.017277 0.016087 0.0149181 0.0137774 0.0126713 0.0116056 0.010585 0.00961335 0.00869379 0.00782853 0.007019 0.00626588 0.00556917 0.00492825 0.00434192 0.00380853 0.00332602 0.00289202 0.00250391 0.0021589 0.00185412 0.00158665 0.00135363 0.00115226 0.000979886 0.000834041 0.00071246 0.000613128 0.000534302 0.000474529 0.000432661 0.000407874 
0.000423991 0.000432661 0.000458847 0.000503072 0.0005662 0.000649432 0.000754288 0.000882593 0.00103645 0.00121823 0.00143051 0.00167606 0.00195779 0.0022787 0.0026418 0.00305008 0.00350644 0.00401359 0.00457397 0.0051897 0.00586247 0.00659348 0.00738335 0.00823202 0.00913875 0.010102 0.0111193 0.0121876 0.0133026 0.0144594 0.015652 0.0168737 0.0181169 0.0193734 0.0206342 0.0218898 0.0231302 0.0243451 0.0255242 0.0266568 0.0277325 0.0287413 0.0296734 0.0305196 0.0312715 0.0319214 0.0324626 0.0328896 0.0331978 0.0333841 0.0334464 0.0333841 0.0331978 0.0328896 0.0324626 0.0319214 0.0312715 0.0305196 0.0296734 0.0287413 0.0277325 0.0266568 0.0255242 0.0243451 0.0231302 0.0218898 0.0206342 0.0193734 0.0181169 0.0168737 0.015652 0.0144594 0.0133026 0.0121876 0.0111193 0.010102 0.00913875 0.00823202 0.00738335 0.00659348 0.00586247 0.0051897 0.00457397 0.00401359 0.00350644 0.00305008 0.0026418 0.0022787 0.00195779 0.00167606 0.00143051 0.00121823 0.00103645 0.000882593 0.000754288 0.000649432 0.0005662 0.000503072 0.000458847 0.000432661 
0.000465077 0.000474529 0.000503072 0.000551269 0.00062005 0.000710706 0.00082487 0.000964502 0.00113186 0.00132948 0.00156013 0.00182677 0.0021325 0.00248052 0.00287405 0.00331627 0.00381022 0.00435878 0.00496451 0.00562964 0.0063559 0.00714452 0.00799608 0.00891045 0.00988674 0.0109232 0.0120173 0.0131654 0.014363 0.0156048 0.0168844 0.0181944 0.0195269 0.0208729 0.0222228 0.0235665 0.0248934 0.0261925 0.0274527 0.0286629 0.0298119 0.0308891 0.031884 0.0327871 0.0335893 0.0342826 0.0348599 0.0353152 0.0356439 0.0358425 0.0359089 0.0358425 0.0356439 0.0353152 0.0348599 0.0342826 0.0335893 0.0327871 0.031884 0.0308891 0.0298119 0.0286629 0.0274527 0.0261925 0.0248934 0.0235665 0.0222228 0.0208729 0.0195269 0.0181944 0.0168844 0.0156048 0.014363 0.0131654 0.0120173 0.0109232 0.00988674 0.00891045 0.00799608 0.00714452 0.0063559 0.00562964 0.00496451 0.00435878 0.00381022 0.00331627 0.00287405 0.00248052 0.0021325 0.00182677 0.00156013 0.00132948 0.00113186 0.000964502 0.00082487 0.000710706 0.00062005 0.000551269 0.000503072 0.000474529 
0.000523739 0.000534302 0.0005662 0.00062005 0.000696876 0.000798094 0.000925498 0.00108124 0.00126779 0.00148793 0.00174468 0.00204127 0.00238109 0.0027676 0.00320431 0.00369465 0.00424192 0.00484918 0.00551918 0.00625427 0.00705628 0.00792644 0.00886528 0.00987257 0.0109472 0.0120872 0.0132897 0.0145506 0.0158649 0.0172267 0.0186289 0.0200635 0.0215218 0.0229939 0.0244694 0.0259373 0.027386 0.0288036 0.0301781 0.0314974 0.0327495 0.0339228 0.0350062 0.0359893 0.0368623 0.0376165 0.0382445 0.0387397 0.0390971 0.039313 0.0393852 0.039313 0.0390971 0.0387397 0.0382445 0.0376165 0.0368623 0.0359893 0.0350062 0.0339228 0.0327495 0.0314974 0.0301781 0.0288036 0.027386 0.0259373 0.0244694 0.0229939 0.0215218 0.0200635 0.0186289 0.0172267 0.0158649 0.0145506 0.0132897 0.0120872 0.0109472 0.00987257 0.00886528 0.00792644 0.00705628 0.00625427 0.00551918 0.00484918 0.00424192 0.00369465 0.00320431 0.0027676 0.00238109 0.00204127 0.00174468 0.00148793 0.00126779 0.00108124 0.000925498 0.000798094 0.000696876 0.00062005 0.0005662 0.000534302 
0.000601104 0.000613128 0.000649432 0.000710706 0.000798094 0.000913177 0.00105796 0.00123483 0.00144655 0.00169621 0.00198717 0.002323 0.00270745 0.00314436 0.00363757 0.00419085 0.00480779 0.00549175 0.00624569 0.00707211 0.00797294 0.00894942 0.010002 0.0111304 0.0123331 0.0136079 0.0149513 0.0163588 0.0178248 0.0193425 0.020904 0.0225004 0.0241218 0.0257575 0.0273959 0.0290246 0.0306311 0.0322022 0.0337247 0.0351852 0.0365706 0.0378683 0.0390661 0.0401525 0.041117 0.0419501 0.0426434 0.0431902 0.0435847 0.043823 0.0439028 0.043823 0.0435847 0.0431902 0.0426434 0.0419501 0.041117 0.0401525 0.0390661 0.0378683 0.0365706 0.0351852 0.0337247 0.0322022 0.0306311 0.0290246 0.0273959 0.0257575 0.0241218 0.0225004 0.020904 0.0193425 0.0178248 0.0163588 0.0149513 0.0136079 0.0123331 0.0111304 0.010002 0.00894942 0.00797294 0.00707211 0.00624569 0.00549175 0.00480779 0.00419085 0.00363757 0.00314436 0.00270745 0.002323 0.00198717 0.00169621 0.00144655 0.00123483 0.00105796 0.000913177 0.000798094 0.000710706 0.000649432 0.000613128 
0.000698604 0.00071246 0.000754288 0.00082487 0.000925498 0.00105796 0.00122451 0.00142785 0.00167108 0.00195769 0.00229142 0.00267631 0.00311654 0.00361638 0.0041801 0.00481189 0.00551571 0.00629524 0.0071537 0.00809379 0.00911753 0.0102262 0.0114201 0.0126988 0.0140605 0.0155024 0.0170206 0.0186097 0.0202635 0.021974 0.0237325 0.0255289 0.0273519 0.0291896 0.0310289 0.0328562 0.0346572 0.0364175 0.0381222 0.0397566 0.0413062 0.042757 0.0440955 0.045309 0.046386 0.047316 0.0480898 0.0486998 0.04914 0.0494058 0.0494948 0.0494058 0.04914 0.0486998 0.0480898 0.047316 0.046386 0.045309 0.0440955 0.042757 0.0413062 0.0397566 0.0381222 0.0364175 0.0346572 0.0328562 0.0310289 0.0291896 0.0273519 0.0255289 0.0237325 0.021974 0.0202635 0.0186097 0.0170206 0.0155024 0.0140605 0.0126988 0.0114201 0.0102262 0.00911753 0.00809379 0.0071537 0.00629524 0.00551571 0.00481189 0.0041801 0.00361638 0.00311654 0.00267631 0.00229142 0.00195769 0.00167108 0.00142785 0.00122451 0.00105796 0.000925498 0.00082487 0.000754288 0.00071246 
0.000817956 0.000834041 0.000882593 0.000964502 0.00108124 0.00123483 0.00142785 0.00166335 0.00194487 0.00227633 0.00266198 0.00310637 0.00361419 0.00419026 0.00483935 0.00556612 0.00637498 0.00726997 0.00825462 0.00933185 0.0105038 0.0117717 0.0131358 0.0145954 0.0161482 0.0177909 0.0195189 0.0213261 0.0232049 0.0251467 0.0271411 0.0291767 0.031241 0.0333201 0.0353995 0.0374638 0.039497 0.0414829 0.0434049 0.0452466 0.0469918 0.0486248 0.0501308 0.0514956 0.0527064 0.0537515 0.054621 0.0553063 0.0558007 0.0560993 0.0561991 0.0560993 0.0558007 0.0553063 0.054621 0.0537515 0.0527064 0.0514956 0.0501308 0.0486248 0.0469918 0.0452466 0.0434049 0.0414829 0.039497 0.0374638 0.0353995 0.0333201 0.031241 0.0291767 0.0271411 0.0251467 0.0232049 0.0213261 0.0195189 0.0177909 0.0161482 0.0145954 0.0131358 0.0117717 0.0105038 0.00933185 0.00825462 0.00726997 0.00637498 0.00556612 0.00483935 0.00419026 0.00361419 0.00310637 0.00266198 0.00227633 0.00194487 0.00166335 0.00142785 0.00123483 0.00108124 0.000964502 0.000882593 0.000834041 
0.000961144 0.000979886 0.00103645 0.00113186 0.00126779 0.00144655 0.00167108 0.00194487 0.00227192 0.0026567 0.00310404 0.00361907 0.0042071 0.00487355 0.00562379 0.00646302 0.00739614 0.00842764 0.00956137 0.0108005 0.0121472 0.0136029 0.0151674 0.0168398 0.0186173 0.020496 0.0224703 0.0245332 0.026676 0.0288886 0.0311591 0.0334747 0.0358208 0.038182 0.0405416 0.0428824 0.0451864 0.0474351 0.0496101 0.051693 0.0536657 0.0555107 0.0572113 0.0587519 0.0601181 0.0612971 0.0622776 0.0630502 0.0636075 0.0639441 0.0640566 0.0639441 0.0636075 0.0630502 0.0622776 0.0612971 0.0601181 0.0587519 0.0572113 0.0555107 0.0536657 0.051693 0.0496101 0.0474351 0.0451864 0.0428824 0.0405416 0.038182 0.0358208 0.0334747 0.0311591 0.0288886 0.026676 0.0245332 0.0224703 0.020496 0.0186173 0.0168398 0.0151674 0.0136029 0.0121472 0.0108005 0.00956137 0.00842764 0.00739614 0.00646302 0.00562379 0.00487355 0.0042071 0.00361907 0.00310404 0.0026567 0.00227192 0.00194487 0.00167108 0.00144655 0.00126779 0.00113186 0.00103645 0.000979886 
0.00113039 0.00115226 0.00121823 0.00132948 0.00148793 0.00169621 0.00195769 0.00227633 0.0026567 0.00310388 0.00362336 0.00422095 0.00490266 0.00567459 0.00654277 0.00751302 0.00859083 0.00978111 0.0110881 0.0125152 0.0140648 0.015738 0.0175347 0.0194534 0.0214907 0.023642 0.0259007 0.0282586 0.0307055 0.0332298 0.0358181 0.0384554 0.0411253 0.0438102 0.0464913 0.0491489 0.0517629 0.0543125 0.056777 0.0591357 0.0613683 0.0634553 0.065378 0.0671191 0.0686626 0.0699941 0.0711011 0.0719733 0.0726022 0.0729821 0.0731091 0.0729821 0.0726022 0.0719733 0.0711011 0.0699941 0.0686626 0.0671191 0.065378 0.0634553 0.0613683 0.0591357 0.056777 0.0543125 0.0517629 0.0491489 0.0464913 0.0438102 0.0411253 0.0384554 0.0358181 0.0332298 0.0307055 0.0282586 0.0259007 0.023642 0.0214907 0.0194534 0.0175347 0.015738 0.0140648 0.0125152 0.0110881 0.00978111 0.00859083 0.00751302 0.00654277 0.00567459 0.00490266 0.00422095 0.00362336 0.00310388 0.0026567 0.00227633 0.00195769 0.00169621 0.00148793 0.00132948 0.00121823 0.00115226 
0.00132815 0.00135363 0.00143051 0.00156013 0.00174468 0.00198717 0.00229142 0.00266198 0.00310404 0.00362336 0.00422618 0.00491907 0.00570883 0.00660232 0.00760631 0.00872732 0.00997143 0.0113441 0.0128499 0.0144925 0.0162744 0.0181966 0.0202587 0.0224586 0.0247925 0.0272545 0.0298371 0.0325305 0.0353232 0.0382017 0.0411505 0.0441525 0.0471892 0.0502405 0.053285 0.0563008 0.0592648 0.0621538 0.0649446 0.067614 0.0701393 0.0724986 0.0746713 0.0766378 0.0783805 0.0798833 0.0811325 0.0821164 0.0828259 0.0832542 0.0833975 0.0832542 0.0828259 0.0821164 0.0811325 0.0798833 0.0783805 0.0766378 0.0746713 0.0724986 0.0701393 0.067614 0.0649446 0.0621538 0.0592648 0.0563008 0.053285 0.0502405 0.0471892 0.0441525 0.0411505 0.0382017 0.0353232 0.0325305 0.0298371 0.0272545 0.0247925 0.0224586 0.0202587 0.0181966 0.0162744 0.0144925 0.0128499 0.0113441 0.00997143 0.00872732 0.00760631 0.00660232 0.00570883 0.00491907 0.00422618 0.00362336 0.00310404 0.00266198 0.00229142 0.00198717 0.00174468 0.00156013 0.00143051 0.00135363 
0.00155702 0.00158665 0.00167606 0.00182677 0.00204127 0.002323 0.00267631 0.00310637 0.00361907 0.00422095 0.00491907 0.00572086 0.00663398 0.00766613 0.00882492 0.0101176 0.0115509 0.0131308 0.0148623 0.0167494 0.0187945 0.0209985 0.0233608 0.0258785 0.0285469 0.0313594 0.0343067 0.0373777 0.0405591 0.0438352 0.0471884 0.0505993 0.0540467 0.0575078 0.0609587 0.0643742 0.0677288 0.0709964 0.0741507 0.077166 0.0800169 0.0826791 0.0851294 0.0873463 0.0893101 0.0910031 0.0924099 0.0935177 0.0943164 0.0947986 0.0949598 0.0947986 0.0943164 0.0935177 0.0924099 0.0910031 0.0893101 0.0873463 0.0851294 0.0826791 0.0800169 0.077166 0.0741507 0.0709964 0.0677288 0.0643742 0.0609587 0.0575078 0.0540467 0.0505993 0.0471884 0.0438352 0.0405591 0.0373777 0.0343067 0.0313594 0.0285469 0.0258785 0.0233608 0.0209985 0.0187945 0.0167494 0.0148623 0.0131308 0.0115509 0.0101176 0.00882492 0.00766613 0.00663398 0.00572086 0.00491907 0.00422095 0.00361907 0.00310637 0.00267631 0.002323 0.00204127 0.00182677 0.00167606 0.00158665 
0.00181975 0.00185412 0.00195779 0.0021325 0.00238109 0.00270745 0.00311654 0.00361419 0.0042071 0.00490266 0.00570883 0.00663398 0.00768671 0.00887567 0.0102093 0.0116957 0.0133423 0.0151556 0.0171412 0.019303 0.0216436 0.0241638 0.0268623 0.0297357 0.0327783 0.035982 0.0393363 0.0428281 0.0464421 0.0501604 0.053963 0.0578276 0.0617303 0.0656453 0.0695457 0.0734033 0.0771893 0.0808745 0.0844296 0.087826 0.0910353 0.0940306 0.0967863 0.0992783 0.101485 0.103387 0.104966 0.10621 0.107107 0.107648 0.107829 0.107648 0.107107 0.10621 0.104966 0.103387 0.101485 0.0992783 0.0967863 0.0940306 0.0910353 0.087826 0.0844296 0.0808745 0.0771893 0.0734033 0.0695457 0.0656453 0.0617303 0.0578276 0.053963 0.0501604 0.0464421 0.0428281 0.0393363 0.035982 0.0327783 0.0297357 0.0268623 0.0241638 0.0216436 0.019303 0.0171412 0.0151556 0.0133423 0.0116957 0.0102093 0.00887567 0.00768671 0.00663398 0.00570883 0.00490266 0.0042071 0.00361419 0.00311654 0.00270745 0.00238109 0.0021325 0.00195779 0.00185412 
0.00211919 0.0021589 0.0022787 0.00248052 0.0027676 0.00314436 0.00361638 0.00419026 0.00487355 0.00567459 0.00660232 0.00766613 0.00887567 0.0102406 0.0117702 0.0134735 0.0153587 0.0174329 0.0197019 0.0221701 0.0248399 0.0277118 0.030784 0.0340522 0.0375096 0.0411466 0.0449511 0.0489079 0.0529994 0.0572053 0.0615026 0.0658664 0.0702694 0.0746827 0.079076 0.0834178 0.0876758 0.0918176 0.0958107 0.099623 0.103223 0.106582 0.10967 0.112461 0.114932 0.117061 0.118829 0.12022 0.121223 0.121828 0.122031 0.121828 0.121223 0.12022 0.118829 0.117061 0.114932 0.112461 0.10967 0.106582 0.103223 0.099623 0.0958107 0.0918176 0.0876758 0.0834178 0.079076 0.0746827 0.0702694 0.0658664 0.0615026 0.0572053 0.0529994 0.0489079 0.0449511 0.0411466 0.0375096 0.0340522 0.030784 0.0277118 0.0248399 0.0221701 0.0197019 0.0174329 0.0153587 0.0134735 0.0117702 0.0102406 0.00887567 0.00766613 0.00660232 0.00567459 0.00487355 0.00419026 0.00361638 0.00314436 0.0027676 0.00248052 0.0022787 0.0021589 
0.00245819 0.00250391 0.0026418 0.00287405 0.00320431 0.00363757 0.0041801 0.00483935 0.00562379 0.00654277 0.00760631 0.00882492 0.0102093 0.0117702 0.013518 0.0154625 0.0176127 0.0199762 0.0225594 0.0253667 0.0284005 0.0316608 0.0351451 0.0388483 0.0427621 0.0468754 0.051174 0.0556407 0.0602551 0.0649942 0.0698321 0.0747405 0.0796888 0.0846447 0.0895741 0.0944419 0.0992123 0.103849 0.108317 0.112579 0.116602 0.120352 0.1238 0.126914 0.12967 0.132043 0.134013 0.135564 0.136681 0.137355 0.137581 0.137355 0.136681 0.135564 0.134013 0.132043 0.12967 0.126914 0.1238 0.120352 0.116602 0.112579 0.108317 0.103849 0.0992123 0.0944419 0.0895741 0.0846447 0.0796888 0.0747405 0.0698321 0.0649942 0.0602551 0.0556407 0.051174 0.0468754 0.0427621 0.0388483 0.0351451 0.0316608 0.0284005 0.0253667 0.0225594 0.0199762 0.0176127 0.0154625 0.013518 0.0117702 0.0102093 0.00882492 0.00760631 0.00654277 0.00562379 0.00483935 0.0041801 0.00363757 0.00320431 0.00287405 0.0026418 0.00250391 
0.00283961 0.00289202 0.00305008 0.00331627 0.00369465 0.00419085 0.00481189 0.00556612 0.00646302 0.00751302 0.00872732 0.0101176 0.0116957 0.0134735 0.0154625 0.0176734 0.0201159 0.0227983 0.0257273 0.0289073 0.0323407 0.036027 0.0399628 0.0441418 0.0485543 0.0531874 0.0580246 0.0630462 0.0682292 0.0735473 0.0789714 0.0844697 0.090008 0.09555 0.101058 0.106493 0.111815 0.116984 0.121961 0.126707 0.131183 0.135354 0.139186 0.142646 0.145706 0.148341 0.150527 0.152248 0.153487 0.154235 0.154485 0.154235 0.153487 0.152248 0.150527 0.148341 0.145706 0.142646 0.139186 0.135354 0.131183 0.126707 0.121961 0.116984 0.111815 0.106493 0.101058 0.09555 0.090008 0.0844697 0.0789714 0.0735473 0.0682292 0.0630462 0.0580246 0.0531874 0.0485543 0.0441418 0.0399628 0.036027 0.0323407 0.0289073 0.0257273 0.0227983 0.0201159 0.0176734 0.0154625 0.0134735 0.0116957 0.0101176 0.00872732 0.00751302 0.00646302 0.00556612 0.00481189 0.00419085 0.00369465 0.00331627 0.00305008 0.00289202 
0.00326619 0.00332602 0.00350644 0.00381022 0.00424192 0.00480779 0.00551571 0.00637498 0.00739614 0.00859083 0.00997143 0.0115509 0.0133423 0.0153587 0.0176127 0.0201159 0.0228788 0.0259104 0.0292175 0.0328048 0.0366741 0.0408245 0.0452516 0.0499477 0.0549015 0.0600979 0.0655182 0.0711397 0.0769365 0.0828789 0.0889343 0.095067 0.101239 0.10741 0.113537 0.119579 0.125491 0.131229 0.136749 0.14201 0.146969 0.151586 0.155826 0.159653 0.163037 0.165949 0.168365 0.170265 0.171634 0.17246 0.172736 0.17246 0.171634 0.170265 0.168365 0.165949 0.163037 0.159653 0.155826 0.151586 0.146969 0.14201 0.136749 0.131229 0.125491 0.119579 0.113537 0.10741 0.101239 0.095067 0.0889343 0.0828789 0.0769365 0.0711397 0.0655182 0.0600979 0.0549015 0.0499477 0.0452516 0.0408245 0.0366741 0.0328048 0.0292175 0.0259104 0.0228788 0.0201159 0.0176127 0.0153587 0.0133423 0.0115509 0.00997143 0.00859083 0.00739614 0.00637498 0.00551571 0.00480779 0.00424192 0.00381022 0.00350644 0.00332602 
0.00374052 0.00380853 0.00401359 0.00435878 0.00484918 0.00549175 0.00629524 0.00726997 0.00842764 0.00978111 0.0113441 0.0131308 0.0151556 0.0174329 0.0199762 0.0227983 0.0259104 0.0293219 0.03304 0.0370693 0.0414113 0.0460641 0.0510225 0.056277 0.0618146 0.0676177 0.073665 0.0799309 0.086386 0.0929971 0.0997276 0.106538 0.113386 0.120226 0.127013 0.1337 0.140237 0.146578 0.152674 0.158478 0.163947 0.169037 0.173707 0.177921 0.181645 0.184848 0.187505 0.189595 0.191099 0.192007 0.192311 0.192007 0.191099 0.189595 0.187505 0.184848 0.181645 0.177921 0.173707 0.169037 0.163947 0.158478 0.152674 0.146578 0.140237 0.1337 0.127013 0.120226 0.113386 0.106538 0.0997276 0.0929971 0.086386 0.0799309 0.073665 0.0676177 0.0618146 0.056277 0.0510225 0.0460641 0.0414113 0.0370693 0.03304 0.0293219 0.0259104 0.0227983 0.0199762 0.0174329 0.0151556 0.0131308 0.0113441 0.00978111 0.00842764 0.00726997 0.00629524 0.00549175 0.00484918 0.00435878 0.00401359 0.00380853 
0.00426495 0.00434192 0.00457397 0.00496451 0.00551918 0.00624569 0.0071537 0.00825462 0.00956137 0.0110881 0.0128499 0.0148623 0.0171412 0.0197019 0.0225594 0.0257273 0.0292175 0.03304 0.0372022 0.0417084 0.0465597 0.0517533 0.0572825 0.0631364 0.0692995 0.0757519 0.0824693 0.0894228 0.0965794 0.103902 0.11135 0.118879 0.126443 0.133992 0.141476 0.148843 0.15604 0.163015 0.169715 0.176092 0.182095 0.187678 0.192799 0.197418 0.201497 0.205005 0.207914 0.2102 0.211847 0.21284 0.213172 0.21284 0.211847 0.2102 0.207914 0.205005 0.201497 0.197418 0.192799 0.187678 0.182095 0.176092 0.169715 0.163015 0.15604 0.148843 0.141476 0.133992 0.126443 0.118879 0.11135 0.103902 0.0965794 0.0894228 0.0824693 0.0757519 0.0692995 0.0631364 0.0572825 0.0517533 0.0465597 0.0417084 0.0372022 0.03304 0.0292175 0.0257273 0.0225594 0.0197019 0.0171412 0.0148623 0.0128499 0.0110881 0.00956137 0.00825462 0.0071537 0.00624569 0.00551918 0.00496451 0.00457397 0.00434192 
0.00484152 0.00492825 0.0051897 0.00562964 0.00625427 0.00707211 0.00809379 0.00933185 0.0108005 0.0125152 0.0144925 0.0167494 0.019303 0.0221701 0.0253667 0.0289073 0.0328048 0.0370693 0.0417084 0.0467262 0.0521231 0.0578951 0.0640342 0.0705274 0.0773569 0.0844999 0.091929 0.0996117 0.107511 0.115586 0.123791 0.132079 0.140396 0.14869 0.156906 0.164985 0.172872 0.18051 0.187842 0.194814 0.201373 0.207471 0.21306 0.218098 0.222546 0.22637 0.229539 0.23203 0.233823 0.234905 0.235266 0.234905 0.233823 0.23203 0.229539 0.22637 0.222546 0.218098 0.21306 0.207471 0.201373 0.194814 0.187842 0.18051 0.172872 0.164985 0.156906 0.14869 0.140396 0.132079 0.123791 0.115586 0.107511 0.0996117 0.091929 0.0844999 0.0773569 0.0705274 0.0640342 0.0578951 0.0521231 0.0467262 0.0417084 0.0370693 0.0328048 0.0289073 0.0253667 0.0221701 0.019303 0.0167494 0.0144925 0.0125152 0.0108005 0.00933185 0.00809379 0.00707211 0.00625427 0.00562964 0.0051897 0.00492825 
0.00547187 0.00556917 0.00586247 0.0063559 0.00705628 0.00797294 0.00911753 0.0105038 0.0121472 0.0140648 0.0162744 0.0187945 0.0216436 0.0248399 0.0284005 0.0323407 0.0366741 0.0414113 0.0465597 0.0521231 0.0581009 0.0644882 0.0712749 0.078446 0.085981 0.0938542 0.102034 0.110486 0.119167 0.128032 0.137032 0.146113 0.155219 0.164291 0.173269 0.18209 0.190695 0.19902 0.207006 0.214595 0.22173 0.228359 0.234431 0.239902 0.244729 0.248877 0.252314 0.255015 0.256959 0.258131 0.258523 0.258131 0.256959 0.255015 0.252314 0.248877 0.244729 0.239902 0.234431 0.228359 0.22173 0.214595 0.207006 0.19902 0.190695 0.18209 0.173269 0.164291 0.155219 0.146113 0.137032 0.128032 0.119167 0.110486 0.102034 0.0938542 0.085981 0.078446 0.0712749 0.0644882 0.0581009 0.0521231 0.0465597 0.0414113 0.0366741 0.0323407 0.0284005 0.0248399 0.0216436 0.0187945 0.0162744 0.0140648 0.0121472 0.0105038 0.00911753 0.00797294 0.00705628 0.0063559 0.00586247 0.00556917 
0.00615718 0.00626588 0.00659348 0.00714452 0.00792644 0.00894942 0.0102262 0.0117717 0.0136029 0.015738 0.0181966 0.0209985 0.0241638 0.0277118 0.0316608 0.036027 0.0408245 0.0460641 0.0517533 0.0578951 0.0644882 0.0715259 0.0789963 0.086882 0.0951596 0.1038 0.112769 0.122025 0.131524 0.141215 0.151043 0.16095 0.170875 0.180754 0.190521 0.20011 0.209455 0.21849 0.22715 0.235372 0.243098 0.250271 0.256838 0.262751 0.267966 0.272445 0.276156 0.279071 0.281168 0.282433 0.282856 0.282433 0.281168 0.279071 0.276156 0.272445 0.267966 0.262751 0.256838 0.250271 0.243098 0.235372 0.22715 0.21849 0.209455 0.20011 0.190521 0.180754 0.170875 0.16095 0.151043 0.141215 0.131524 0.122025 0.112769 0.1038 0.0951596 0.086882 0.0789963 0.0715259 0.0644882 0.0578951 0.0517533 0.0460641 0.0408245 0.036027 0.0316608 0.0277118 0.0241638 0.0209985 0.0181966 0.015738 0.0136029 0.0117717 0.0102262 0.00894942 0.00792644 0.00714452 0.00659348 0.00626588 
0.0068981 0.007019 0.00738335 0.00799608 0.00886528 0.010002 0.0114201 0.0131358 0.0151674 0.0175347 0.0202587 0.0233608 0.0268623 0.030784 0.0351451 0.0399628 0.0452516 0.0510225 0.0572825 0.0640342 0.0712749 0.0789963 0.0871844 0.095819 0.104874 0.114316 0.124107 0.134201 0.14455 0.155097 0.165784 0.176546 0.187316 0.198027 0.208606 0.218984 0.229088 0.238849 0.248197 0.257067 0.265395 0.273122 0.280191 0.286553 0.292162 0.296978 0.300965 0.304097 0.306349 0.307707 0.308161 0.307707 0.306349 0.304097 0.300965 0.296978 0.292162 0.286553 0.280191 0.273122 0.265395 0.257067 0.248197 0.238849 0.229088 0.218984 0.208606 0.198027 0.187316 0.176546 0.165784 0.155097 0.14455 0.134201 0.124107 0.114316 0.104874 0.095819 0.0871844 0.0789963 0.0712749 0.0640342 0.0572825 0.0510225 0.0452516 0.0399628 0.0351451 0.030784 0.0268623 0.0233608 0.0202587 0.0175347 0.0151674 0.0131358 0.0114201 0.010002 0.00886528 0.00799608 0.00738335 0.007019 
0.00769463 0.00782853 0.00823202 0.00891045 0.00987257 0.0111304 0.0126988 0.0145954 0.0168398 0.0194534 0.0224586 0.0258785 0.0297357 0.0340522 0.0388483 0.0441418 0.0499477 0.056277 0.0631364 0.0705274 0.078446 0.086882 0.095819 0.105234 0.115097 0.125372 0.136015 0.146977 0.158204 0.169635 0.181205 0.192845 0.204483 0.216045 0.227456 0.238638 0.249516 0.260015 0.270062 0.279588 0.288525 0.296812 0.304389 0.311203 0.317208 0.322362 0.326628 0.329976 0.332385 0.333837 0.334322 0.333837 0.332385 0.329976 0.326628 0.322362 0.317208 0.311203 0.304389 0.296812 0.288525 0.279588 0.270062 0.260015 0.249516 0.238638 0.227456 0.216045 0.204483 0.192845 0.181205 0.169635 0.158204 0.146977 0.136015 0.125372 0.115097 0.105234 0.095819 0.086882 0.078446 0.0705274 0.0631364 0.056277 0.0499477 0.0441418 0.0388483 0.0340522 0.0297357 0.0258785 0.0224586 0.0194534 0.0168398 0.0145954 0.0126988 0.0111304 0.00987257 0.00891045 0.00823202 0.00782853 
0.00854612 0.00869379 0.00913875 0.00988674 0.0109472 0.0123331 0.0140605 0.0161482 0.0186173 0.0214907 0.0247925 0.0285469 0.0327783 0.0375096 0.0427621 0.0485543 0.0549015 0.0618146 0.0692995 0.0773569 0.085981 0.0951596 0.104874 0.115097 0.125796 0.13693 0.148452 0.160307 0.172436 0.184772 0.197246 0.209784 0.222306 0.234735 0.246989 0.258986 0.270647 0.281892 0.292644 0.30283 0.31238 0.321228 0.329313 0.336581 0.342982 0.348472 0.353015 0.356581 0.359145 0.36069 0.361206 0.36069 0.359145 0.356581 0.353015 0.348472 0.342982 0.336581 0.329313 0.321228 0.31238 0.30283 0.292644 0.281892 0.270647 0.258986 0.246989 0.234735 0.222306 0.209784 0.197246 0.184772 0.172436 0.160307 0.148452 0.13693 0.125796 0.115097 0.104874 0.0951596 0.085981 0.0773569 0.0692995 0.0618146 0.0549015 0.0485543 0.0427621 0.0375096 0.0327783 0.0285469 0.0247925 0.0214907 0.0186173 0.0161482 0.0140605 0.0123331 0.0109472 0.00988674 0.00913875 0.00869379 
0.00945117 0.00961335 0.010102 0.0109232 0.0120872 0.0136079 0.0155024 0.0177909 0.020496 0.023642 0.0272545 0.0313594 0.035982 0.0411466 0.0468754 0.0531874 0.0600979 0.0676177 0.0757519 0.0844999 0.0938542 0.1038 0.114316 0.125372 0.13693 0.148946 0.161368 0.174137 0.187186 0.200445 0.213839 0.227286 0.240705 0.25401 0.267115 0.279933 0.292381 0.304374 0.315832 0.326678 0.336838 0.346245 0.354836 0.362553 0.369347 0.375171 0.379989 0.383768 0.386486 0.388123 0.38867 0.388123 0.386486 0.383768 0.379989 0.375171 0.369347 0.362553 0.354836 0.346245 0.336838 0.326678 0.315832 0.304374 0.292381 0.279933 0.267115 0.25401 0.240705 0.227286 0.213839 0.200445 0.187186 0.174137 0.161368 0.148946 0.13693 0.125372 0.114316 0.1038 0.0938542 0.0844999 0.0757519 0.0676177 0.0600979 0.0531874 0.0468754 0.0411466 0.035982 0.0313594 0.0272545 0.023642 0.020496 0.0177909 0.0155024 0.0136079 0.0120872 0.0109232 0.010102 0.00961335 
0.0104076 0.010585 0.0111193 0.0120173 0.0132897 0.0149513 0.0170206 0.0195189 0.0224703 0.0259007 0.0298371 0.0343067 0.0393363 0.0449511 0.051174 0.0580246 0.0655182 0.073665 0.0824693 0.091929 0.102034 0.112769 0.124107 0.136015 0.148452 0.161368 0.174707 0.188403 0.202387 0.216581 0.230903 0.245269 0.25959 0.273775 0.287732 0.301373 0.314606 0.327344 0.339503 0.351004 0.361769 0.371729 0.380818 0.388979 0.396158 0.402311 0.407398 0.411388 0.414255 0.415983 0.41656 0.415983 0.414255 0.411388 0.407398 0.402311 0.396158 0.388979 0.380818 0.371729 0.361769 0.351004 0.339503 0.327344 0.314606 0.301373 0.287732 0.273775 0.25959 0.245269 0.230903 0.216581 0.202387 0.188403 0.174707 0.161368 0.148452 0.136015 0.124107 0.112769 0.102034 0.091929 0.0824693 0.073665 0.0655182 0.0580246 0.051174 0.0449511 0.0393363 0.0343067 0.0298371 0.0259007 0.0224703 0.0195189 0.0170206 0.0149513 0.0132897 0.0120173 0.0111193 0.010585 
0.0114124 0.0116056 0.0121876 0.0131654 0.0145506 0.0163588 0.0186097 0.0213261 0.0245332 0.0282586 0.0325305 0.0373777 0.0428281 0.0489079 0.0556407 0.0630462 0.0711397 0.0799309 0.0894228 0.0996117 0.110486 0.122025 0.134201 0.146977 0.160307 0.174137 0.188403 0.203038 0.217964 0.233098 0.248354 0.26364 0.278863 0.293926 0.308733 0.323189 0.337201 0.350677 0.363528 0.375673 0.387033 0.397536 0.407114 0.415707 0.423264 0.429736 0.435086 0.43928 0.442294 0.444109 0.444715 0.444109 0.442294 0.43928 0.435086 0.429736 0.423264 0.415707 0.407114 0.397536 0.387033 0.375673 0.363528 0.350677 0.337201 0.323189 0.308733 0.293926 0.278863 0.26364 0.248354 0.233098 0.217964 0.203038 0.188403 0.174137 0.160307 0.146977 0.134201 0.122025 0.110486 0.0996117 0.0894228 0.0799309 0.0711397 0.0630462 0.0556407 0.0489079 0.0428281 0.0373777 0.0325305 0.0282586 0.0245332 0.0213261 0.0186097 0.0163588 0.0145506 0.0131654 0.0121876 0.0116056 
0.0124617 0.0126713 0.0133026 0.014363 0.0158649 0.0178248 0.0202635 0.0232049 0.026676 0.0307055 0.0353232 0.0405591 0.0464421 0.0529994 0.0602551 0.0682292 0.0769365 0.086386 0.0965794 0.107511 0.119167 0.131524 0.14455 0.158204 0.172436 0.187186 0.202387 0.217964 0.233834 0.249909 0.266096 0.282299 0.298418 0.314352 0.33 0.345262 0.36004 0.37424 0.38777 0.400546 0.412486 0.423516 0.433569 0.442583 0.450504 0.457286 0.462889 0.46728 0.470434 0.472334 0.472968 0.472334 0.470434 0.46728 0.462889 0.457286 0.450504 0.442583 0.433569 0.423516 0.412486 0.400546 0.38777 0.37424 0.36004 0.345262 0.33 0.314352 0.298418 0.282299 0.266096 0.249909 0.233834 0.217964 0.202387 0.187186 0.172436 0.158204 0.14455 0.131524 0.119167 0.107511 0.0965794 0.086386 0.0769365 0.0682292 0.0602551 0.0529994 0.0464421 0.0405591 0.0353232 0.0307055 0.026676 0.0232049 0.0202635 0.0178248 0.0158649 0.014363 0.0133026 0.0126713 
0.0135509 0.0137774 0.0144594 0.0156048 0.0172267 0.0193425 0.021974 0.0251467 0.0288886 0.0332298 0.0382017 0.0438352 0.0501604 0.0572053 0.0649942 0.0735473 0.0828789 0.0929971 0.103902 0.115586 0.128032 0.141215 0.155097 0.169635 0.184772 0.200445 0.216581 0.233098 0.249909 0.26692 0.284031 0.301141 0.318145 0.334936 0.35141 0.367462 0.382989 0.397896 0.412086 0.425474 0.437976 0.449516 0.460027 0.469445 0.477717 0.484795 0.49064 0.49522 0.498509 0.500489 0.501151 0.500489 0.498509 0.49522 0.49064 0.484795 0.477717 0.469445 0.460027 0.449516 0.437976 0.425474 0.412086 0.397896 0.382989 0.367462 0.35141 0.334936 0.318145 0.301141 0.284031 0.26692 0.249909 0.233098 0.216581 0.200445 0.184772 0.169635 0.155097 0.141215 0.128032 0.115586 0.103902 0.0929971 0.0828789 0.0735473 0.0649942 0.0572053 0.0501604 0.0438352 0.0382017 0.0332298 0.0288886 0.0251467 0.021974 0.0193425 0.0172267 0.0156048 0.0144594 0.0137774 
0.0146744 0.0149181 0.015652 0.0168844 0.0186289 0.020904 0.0237325 0.0271411 0.0311591 0.0358181 0.0411505 0.0471884 0.053963 0.0615026 0.0698321 0.0789714 0.0889343 0.0997276 0.11135 0.123791 0.137032 0.151043 0.165784 0.181205 0.197246 0.213839 0.230903 0.248354 0.266096 0.284031 0.302054 0.320056 0.337928 0.355558 0.372838 0.389658 0.405914 0.421504 0.436333 0.45031 0.463352 0.475381 0.486329 0.496133 0.504739 0.512099 0.518174 0.522932 0.526349 0.528405 0.529092 0.528405 0.526349 0.522932 0.518174 0.512099 0.504739 0.496133 0.486329 0.475381 0.463352 0.45031 0.436333 0.421504 0.405914 0.389658 0.372838 0.355558 0.337928 0.320056 0.302054 0.284031 0.266096 0.248354 0.230903 0.213839 0.197246 0.181205 0.165784 0.151043 0.137032 0.123791 0.11135 0.0997276 0.0889343 0.0789714 0.0698321 0.0615026 0.053963 0.0471884 0.0411505 0.0358181 0.0311591 0.0271411 0.0237325 0.020904 0.0186289 0.0168844 0.015652 0.0149181 
0.0158258 0.016087 0.0168737 0.0181944 0.0200635 0.0225004 0.0255289 0.0291767 0.0334747 0.0384554 0.0441525 0.0505993 0.0578276 0.0658664 0.0747405 0.0844697 0.095067 0.106538 0.118879 0.132079 0.146113 0.16095 0.176546 0.192845 0.209784 0.227286 0.245269 0.26364 0.282299 0.301141 0.320056 0.33893 0.357648 0.376094 0.394155 0.411719 0.428676 0.444924 0.460364 0.474905 0.488462 0.500956 0.512319 0.522488 0.531409 0.539034 0.545326 0.550252 0.553787 0.555916 0.556626 0.555916 0.553787 0.550252 0.545326 0.539034 0.531409 0.522488 0.512319 0.500956 0.488462 0.474905 0.460364 0.444924 0.428676 0.411719 0.394155 0.376094 0.357648 0.33893 0.320056 0.301141 0.282299 0.26364 0.245269 0.227286 0.209784 0.192845 0.176546 0.16095 0.146113 0.132079 0.118879 0.106538 0.095067 0.0844697 0.0747405 0.0658664 0.0578276 0.0505993 0.0441525 0.0384554 0.0334747 0.0291767 0.0255289 0.0225004 0.0200635 0.0181944 0.0168737 0.016087 
0.0169981 0.017277 0.0181169 0.0195269 0.0215218 0.0241218 0.0273519 0.031241 0.0358208 0.0411253 0.0471892 0.0540467 0.0617303 0.0702694 0.0796888 0.090008 0.101239 0.113386 0.126443 0.140396 0.155219 0.170875 0.187316 0.204483 0.222306 0.240705 0.25959 0.278863 0.298418 0.318145 0.337928 0.357648 0.377185 0.396419 0.415232 0.433509 0.451139 0.468014 0.484036 0.499112 0.513155 0.526088 0.537842 0.548353 0.557568 0.565442 0.571935 0.577017 0.580663 0.582858 0.583591 0.582858 0.580663 0.577017 0.571935 0.565442 0.557568 0.548353 0.537842 0.526088 0.513155 0.499112 0.484036 0.468014 0.451139 0.433509 0.415232 0.396419 0.377185 0.357648 0.337928 0.318145 0.298418 0.278863 0.25959 0.240705 0.222306 0.204483 0.187316 0.170875 0.155219 0.140396 0.126443 0.113386 0.101239 0.090008 0.0796888 0.0702694 0.0617303 0.0540467 0.0471892 0.0411253 0.0358208 0.031241 0.0273519 0.0241218 0.0215218 0.0195269 0.0181169 0.017277 
0.0181834 0.0184801 0.0193734 0.0208729 0.0229939 0.0257575 0.0291896 0.0333201 0.038182 0.0438102 0.0502405 0.0575078 0.0656453 0.0746827 0.0846447 0.09555 0.10741 0.120226 0.133992 0.14869 0.164291 0.180754 0.198027 0.216045 0.234735 0.25401 0.273775 0.293926 0.314352 0.334936 0.355558 0.376094 0.396419 0.416409 0.435942 0.454899 0.473166 0.490637 0.507208 0.522787 0.537287 0.550631 0.562748 0.573577 0.583066 0.591168 0.597847 0.603073 0.606822 0.609077 0.60983 0.609077 0.606822 0.603073 0.597847 0.591168 0.583066 0.573577 0.562748 0.550631 0.537287 0.522787 0.507208 0.490637 0.473166 0.454899 0.435942 0.416409 0.396419 0.376094 0.355558 0.334936 0.314352 0.293926 0.273775 0.25401 0.234735 0.216045 0.198027 0.180754 0.164291 0.14869 0.133992 0.120226 0.10741 0.09555 0.0846447 0.0746827 0.0656453 0.0575078 0.0502405 0.0438102 0.038182 0.0333201 0.0291896 0.0257575 0.0229939 0.0208729 0.0193734 0.0184801 
0.0193732 0.0196876 0.0206342 0.0222228 0.0244694 0.0273959 0.0310289 0.0353995 0.0405416 0.0464913 0.053285 0.0609587 0.0695457 0.079076 0.0895741 0.101058 0.113537 0.127013 0.141476 0.156906 0.173269 0.190521 0.208606 0.227456 0.246989 0.267115 0.287732 0.308733 0.33 0.35141 0.372838 0.394155 0.415232 0.435942 0.456157 0.475758 0.494628 0.512658 0.529744 0.545793 0.560718 0.574442 0.586895 0.598017 0.607757 0.616069 0.622919 0.628275 0.632117 0.634428 0.635199 0.634428 0.632117 0.628275 0.622919 0.616069 0.607757 0.598017 0.586895 0.574442 0.560718 0.545793 0.529744 0.512658 0.494628 0.475758 0.456157 0.435942 0.415232 0.394155 0.372838 0.35141 0.33 0.308733 0.287732 0.267115 0.246989 0.227456 0.208606 0.190521 0.173269 0.156906 0.141476 0.127013 0.113537 0.101058 0.0895741 0.079076 0.0695457 0.0609587 0.053285 0.0464913 0.0405416 0.0353995 0.0310289 0.0273959 0.0244694 0.0222228 0.0206342 0.0196876 
0.0205586 0.0208905 0.0218898 0.0235665 0.0259373 0.0290246 0.0328562 0.0374638 0.0428824 0.0491489 0.0563008 0.0643742 0.0734033 0.0834178 0.0944419 0.106493 0.119579 0.1337 0.148843 0.164985 0.18209 0.20011 0.218984 0.238638 0.258986 0.279933 0.301373 0.323189 0.345262 0.367462 0.389658 0.411719 0.433509 0.454899 0.475758 0.495964 0.515398 0.533949 0.551514 0.567998 0.583315 0.597388 0.610149 0.621539 0.631507 0.64001 0.647013 0.652487 0.656412 0.658773 0.659561 0.658773 0.656412 0.652487 0.647013 0.64001 0.631507 0.621539 0.610149 0.597388 0.583315 0.567998 0.551514 0.533949 0.515398 0.495964 0.475758 0.454899 0.433509 0.411719 0.389658 0.367462 0.345262 0.323189 0.301373 0.279933 0.258986 0.238638 0.218984 0.20011 0.18209 0.164985 0.148843 0.1337 0.119579 0.106493 0.0944419 0.0834178 0.0734033 0.0643742 0.0563008 0.0491489 0.0428824 0.0374638 0.0328562 0.0290246 0.0259373 0.0235665 0.0218898 0.0208905 
0.0217301 0.0220793 0.0231302 0.0248934 0.027386 0.0306311 0.0346572 0.039497 0.0451864 0.0517629 0.0592648 0.0677288 0.0771893 0.0876758 0.0992123 0.111815 0.125491 0.140237 0.15604 0.172872 0.190695 0.209455 0.229088 0.249516 0.270647 0.292381 0.314606 0.337201 0.36004 0.382989 0.405914 0.428676 0.451139 0.473166 0.494628 0.515398 0.535355 0.554389 0.572395 0.589279 0.604955 0.619346 0.632387 0.644019 0.654192 0.662865 0.670006 0.675586 0.679585 0.681991 0.682793 0.681991 0.679585 0.675586 0.670006 0.662865 0.654192 0.644019 0.632387 0.619346 0.604955 0.589279 0.572395 0.554389 0.535355 0.515398 0.494628 0.473166 0.451139 0.428676 0.405914 0.382989 0.36004 0.337201 0.314606 0.292381 0.270647 0.249516 0.229088 0.209455 0.190695 0.172872 0.15604 0.140237 0.125491 0.111815 0.0992123 0.0876758 0.0771893 0.0677288 0.0592648 0.0517629 0.0451864 0.039497 0.0346572 0.0306311 0.027386 0.0248934 0.0231302 0.0220793 
0.022878 0.0232439 0.0243451 0.0261925 0.0288036 0.0322022 0.0364175 0.0414829 0.0474351 0.0543125 0.0621538 0.0709964 0.0808745 0.0918176 0.103849 0.116984 0.131229 0.146578 0.163015 0.18051 0.19902 0.21849 0.238849 0.260015 0.281892 0.304374 0.327344 0.350677 0.37424 0.397896 0.421504 0.444924 0.468014 0.490637 0.512658 0.533949 0.554389 0.573866 0.592275 0.609523 0.625524 0.640203 0.653495 0.665342 0.675699 0.684524 0.691785 0.697458 0.701524 0.703968 0.704783 0.703968 0.701524 0.697458 0.691785 0.684524 0.675699 0.665342 0.653495 0.640203 0.625524 0.609523 0.592275 0.573866 0.554389 0.533949 0.512658 0.490637 0.468014 0.444924 0.421504 0.397896 0.37424 0.350677 0.327344 0.304374 0.281892 0.260015 0.238849 0.21849 0.19902 0.18051 0.163015 0.146578 0.131229 0.116984 0.103849 0.0918176 0.0808745 0.0709964 0.0621538 0.0543125 0.0474351 0.0414829 0.0364175 0.0322022 0.0288036 0.0261925 0.0243451 0.0232439 
0.0239924 0.0243744 0.0255242 0.0274527 0.0301781 0.0337247 0.0381222 0.0434049 0.0496101 0.056777 0.0649446 0.0741507 0.0844296 0.0958107 0.108317 0.121961 0.136749 0.152674 0.169715 0.187842 0.207006 0.22715 0.248197 0.270062 0.292644 0.315832 0.339503 0.363528 0.38777 0.412086 0.436333 0.460364 0.484036 0.507208 0.529744 0.551514 0.572395 0.592275 0.61105 0.628626 0.644919 0.659855 0.67337 0.685409 0.695927 0.704885 0.712253 0.718006 0.722129 0.724607 0.725433 0.724607 0.722129 0.718006 0.712253 0.704885 0.695927 0.685409 0.67337 0.659855 0.644919 0.628626 0.61105 0.592275 0.572395 0.551514 0.529744 0.507208 0.484036 0.460364 0.436333 0.412086 0.38777 0.363528 0.339503 0.315832 0.292644 0.270062 0.248197 0.22715 0.207006 0.187842 0.169715 0.152674 0.136749 0.121961 0.108317 0.0958107 0.0844296 0.0741507 0.0649446 0.056777 0.0496101 0.0434049 0.0381222 0.0337247 0.0301781 0.0274527 0.0255242 0.0243744 
0.0250632 0.0254606 0.0266568 0.0286629 0.0314974 0.0351852 0.0397566 0.0452466 0.051693 0.0591357 0.067614 0.077166 0.087826 0.099623 0.112579 0.126707 0.14201 0.158478 0.176092 0.194814 0.214595 0.235372 0.257067 0.279588 0.30283 0.326678 0.351004 0.375673 0.400546 0.425474 0.45031 0.474905 0.499112 0.522787 0.545793 0.567998 0.589279 0.609523 0.628626 0.646496 0.663048 0.678211 0.691923 0.704129 0.714788 0.723861 0.73132 0.737144 0.741315 0.743822 0.744658 0.743822 0.741315 0.737144 0.73132 0.723861 0.714788 0.704129 0.691923 0.678211 0.663048 0.646496 0.628626 0.609523 0.589279 0.567998 0.545793 0.522787 0.499112 0.474905 0.45031 0.425474 0.400546 0.375673 0.351004 0.326678 0.30283 0.279588 0.257067 0.235372 0.214595 0.194814 0.176092 0.158478 0.14201 0.126707 0.112579 0.099623 0.087826 0.077166 0.067614 0.0591357 0.051693 0.0452466 0.0397566 0.0351852 0.0314974 0.0286629 0.0266568 0.0254606 
0.0260806 0.0264926 0.0277325 0.0298119 0.0327495 0.0365706 0.0413062 0.0469918 0.0536657 0.0613683 0.0701393 0.0800169 0.0910353 0.103223 0.116602 0.131183 0.146969 0.163947 0.182095 0.201373 0.22173 0.243098 0.265395 0.288525 0.31238 0.336838 0.361769 0.387033 0.412486 0.437976 0.463352 0.488462 0.513155 0.537287 0.560718 0.583315 0.604955 0.625524 0.644919 0.663048 0.679829 0.695191 0.709074 0.721426 0.732205 0.741376 0.748914 0.754797 0.759009 0.76154 0.762385 0.76154 0.759009 0.754797 0.748914 0.741376 0.732205 0.721426 0.709074 0.695191 0.679829 0.663048 0.644919 0.625524 0.604955 0.583315 0.560718 0.537287 0.513155 0.488462 0.463352 0.437976 0.412486 0.387033 0.361769 0.336838 0.31238 0.288525 0.265395 0.243098 0.22173 0.201373 0.182095 0.163947 0.146969 0.131183 0.116602 0.103223 0.0910353 0.0800169 0.0701393 0.0613683 0.0536657 0.0469918 0.0413062 0.0365706 0.0327495 0.0298119 0.0277325 0.0264926 
