0.000114206 0.000117464 0.000127345 0.00014417 0.00016847 0.000200994 0.000242699 0.000294758 0.000358548 0.000435649 0.000527835 0.000637059 0.000765435 0.000915217 0.00108877 0.00128852 0.00151695 0.00177651 0.00206956 0.00239835 0.00276493 0.00317107 0.00361819 0.00410732 0.004639 0.00521321 0.00582932 0.00648606 0.00718143 0.00791273 0.00867647 0.00946846 0.0102838 0.0111167 0.0119611 0.01281 0.0136561 0.0144916 0.0153087 0.016099 0.0168545 0.017567 0.0182288 0.0188323 0.0193706 0.0198375 0.0202275 0.0205358 0.0207588 0.0208936 0.0209388 0.0208936 0.0207588 0.0205358 0.0202275 0.0198375 0.0193706 0.0188323 0.0182288 0.017567 0.0168545 0.016099 0.0153087 0.0144916 0.0136561 0.01281 0.0119611 0.0111167 0.0102838 0.00946846 0.00867647 0.00791273 0.00718143 0.00648606 0.00582932 0.00521321 0.004639 0.00410732 0.00361819 0.00317107 0.00276493 0.00239835 0.00206956 0.00177651 0.00151695 0.00128852 0.00108877 0.000915217 0.000765435 0.000637059 0.000527835 0.000435649 0.000358548 0.000294758 0.000242699 0.000200994 0.00016847 0.00014417 0.000127345 0.000117464 
0.000117464 0.000120809 0.000130954 0.000148226 0.00017317 0.00020655 0.000249349 0.000302763 0.000368201 0.00044728 0.00054181 0.000653788 0.000785372 0.000938862 0.00111667 0.00132128 0.00155521 0.00182095 0.00212092 0.0024574 0.00283247 0.00324792 0.0037052 0.00420533 0.00474885 0.00533572 0.0059653 0.00663625 0.00734654 0.00809338 0.00887321 0.00968174 0.0105139 0.011364 0.0122255 0.0130916 0.0139547 0.0148069 0.0156401 0.016446 0.0172163 0.0179426 0.0186172 0.0192323 0.019781 0.0202569 0.0206543 0.0209685 0.0211956 0.0213331 0.0213791 0.0213331 0.0211956 0.0209685 0.0206543 0.0202569 0.019781 0.0192323 0.0186172 0.0179426 0.0172163 0.016446 0.0156401 0.0148069 0.0139547 0.0130916 0.0122255 0.011364 0.0105139 0.00968174 0.00887321 0.00809338 0.00734654 0.00663625 0.0059653 0.00533572 0.00474885 0.00420533 0.0037052 0.00324792 0.00283247 0.0024574 0.00212092 0.00182095 0.00155521 0.00132128 0.00111667 0.000938862 0.000785372 0.000653788 0.00054181 0.00044728 0.000368201 0.000302763 0.000249349 0.00020655 0.00017317 0.000148226 0.000130954 0.000120809 
0.000127345 0.000130954 0.000141897 0.000160523 0.000187416 0.000223393 0.0002695 0.000327017 0.000397445 0.000482507 0.000584131 0.00070444 0.000845727 0.00101043 0.00120112 0.0014204 0.00167095 0.00195539 0.00227627 0.00263598 0.00303669 0.00348026 0.0039682 0.00450154 0.0050808 0.0057059 0.0063761 0.00708995 0.00784523 0.00863894 0.00946729 0.0103257 0.0112087 0.0121104 0.0130238 0.0139415 0.0148558 0.0157581 0.0166401 0.0174928 0.0183075 0.0190756 0.0197887 0.0204389 0.0210187 0.0215215 0.0219412 0.0222731 0.022513 0.0226582 0.0227067 0.0226582 0.022513 0.0222731 0.0219412 0.0215215 0.0210187 0.0204389 0.0197887 0.0190756 0.0183075 0.0174928 0.0166401 0.0157581 0.0148558 0.0139415 0.0130238 0.0121104 0.0112087 0.0103257 0.00946729 0.00863894 0.00784523 0.00708995 0.0063761 0.0057059 0.0050808 0.00450154 0.0039682 0.00348026 0.00303669 0.00263598 0.00227627 0.00195539 0.00167095 0.0014204 0.00120112 0.00101043 0.000845727 0.00070444 0.000584131 0.000482507 0.000397445 0.000327017 0.0002695 0.000223393 0.000187416 0.000160523 0.000141897 0.000130954 
0.00014417 0.000148226 0.000160523 0.00018145 0.000211652 0.000252035 0.000303758 0.000368235 0.000447127 0.000542334 0.000655983 0.00079041 0.000948135 0.00113184 0.00134432 0.00158844 0.0018671 0.00218317 0.00253939 0.00293835 0.00338237 0.00387344 0.00441313 0.00500251 0.00564207 0.00633164 0.00707032 0.00785644 0.00868751 0.00956016 0.0104702 0.0114125 0.0123812 0.0133695 0.01437 0.0153747 0.0163749 0.0173616 0.0183253 0.0192567 0.0201461 0.0209843 0.0217621 0.022471 0.023103 0.0236509 0.0241082 0.0244697 0.024731 0.0248891 0.024942 0.0248891 0.024731 0.0244697 0.0241082 0.0236509 0.023103 0.022471 0.0217621 0.0209843 0.0201461 0.0192567 0.0183253 0.0173616 0.0163749 0.0153747 0.01437 0.0133695 0.0123812 0.0114125 0.0104702 0.00956016 0.00868751 0.00785644 0.00707032 0.00633164 0.00564207 0.00500251 0.00441313 0.00387344 0.00338237 0.00293835 0.00253939 0.00218317 0.0018671 0.00158844 0.00134432 0.00113184 0.000948135 0.00079041 0.000655983 0.000542334 0.000447127 0.000368235 0.000303758 0.000252035 0.000211652 0.00018145 0.000160523 0.000148226 
0.00016847 0.00017317 0.000187416 0.000211652 0.000246614 0.000293332 0.000353127 0.000427606 0.000518655 0.000628429 0.000759335 0.000914013 0.00109531 0.00130623 0.00154992 0.0018296 0.0021485 0.00250979 0.00291653 0.00337156 0.00387742 0.00443627 0.00504978 0.00571906 0.00644453 0.00722591 0.00806207 0.00895102 0.00988985 0.0108747 0.0119007 0.0129622 0.0140524 0.0151637 0.0162879 0.0174158 0.0185378 0.0196438 0.0207234 0.021766 0.0227612 0.0236984 0.0245678 0.0253598 0.0260656 0.0266772 0.0271876 0.0275909 0.0278825 0.0280588 0.0281178 0.0280588 0.0278825 0.0275909 0.0271876 0.0266772 0.0260656 0.0253598 0.0245678 0.0236984 0.0227612 0.021766 0.0207234 0.0196438 0.0185378 0.0174158 0.0162879 0.0151637 0.0140524 0.0129622 0.0119007 0.0108747 0.00988985 0.00895102 0.00806207 0.00722591 0.00644453 0.00571906 0.00504978 0.00443627 0.00387742 0.00337156 0.00291653 0.00250979 0.0021485 0.0018296 0.00154992 0.00130623 0.00109531 0.000914013 0.000759335 0.000628429 0.000518655 0.000427606 0.000353127 0.000293332 0.000246614 0.000211652 0.000187416 0.00017317 
0.000200994 0.00020655 0.000223393 0.000252035 0.000293332 0.000348481 0.000419013 0.00050679 0.000613994 0.000743114 0.000896926 0.00107847 0.00129101 0.001538 0.00182302 0.00214975 0.00252184 0.00294289 0.00341634 0.00394536 0.00453278 0.00518095 0.00589167 0.00666609 0.00750455 0.00840659 0.00937077 0.0103947 0.0114749 0.0126068 0.0137848 0.0150023 0.0162515 0.0175237 0.0188094 0.0200982 0.0213792 0.022641 0.0238717 0.0250594 0.0261923 0.0272586 0.0282472 0.0291473 0.0299491 0.0306437 0.0312232 0.0316809 0.0320118 0.0322118 0.0322787 0.0322118 0.0320118 0.0316809 0.0312232 0.0306437 0.0299491 0.0291473 0.0282472 0.0272586 0.0261923 0.0250594 0.0238717 0.022641 0.0213792 0.0200982 0.0188094 0.0175237 0.0162515 0.0150023 0.0137848 0.0126068 0.0114749 0.0103947 0.00937077 0.00840659 0.00750455 0.00666609 0.00589167 0.00518095 0.00453278 0.00394536 0.00341634 0.00294289 0.00252184 0.00214975 0.00182302 0.001538 0.00129101 0.00107847 0.000896926 0.000743114 0.000613994 0.00050679 0.000419013 0.000348481 0.000293332 0.000252035 0.000223393 0.00020655 
0.000242699 0.000249349 0.0002695 0.000303758 0.000353127 0.000419013 0.000503213 0.000607907 0.000735651 0.000889353 0.00107225 0.00128788 0.00154003 0.00183271 0.00217006 0.00255629 0.00299562 0.00349215 0.00404977 0.00467209 0.00536224 0.00612284 0.00695583 0.00786236 0.00884271 0.00989612 0.0110208 0.0122138 0.0134709 0.0147868 0.0161547 0.017567 0.0190146 0.0204874 0.0219743 0.0234636 0.0249425 0.0263979 0.0278165 0.0291845 0.0304884 0.031715 0.0328514 0.0338857 0.0348065 0.0356039 0.0362689 0.0367941 0.0371736 0.037403 0.0374798 0.037403 0.0371736 0.0367941 0.0362689 0.0356039 0.0348065 0.0338857 0.0328514 0.031715 0.0304884 0.0291845 0.0278165 0.0263979 0.0249425 0.0234636 0.0219743 0.0204874 0.0190146 0.017567 0.0161547 0.0147868 0.0134709 0.0122138 0.0110208 0.00989612 0.00884271 0.00786236 0.00695583 0.00612284 0.00536224 0.00467209 0.00404977 0.00349215 0.00299562 0.00255629 0.00217006 0.00183271 0.00154003 0.00128788 0.00107225 0.000889353 0.000735651 0.000607907 0.000503213 0.000419013 0.000353127 0.000303758 0.0002695 0.000249349 
0.000294758 0.000302763 0.000327017 0.000368235 0.000427606 0.00050679 0.000607907 0.000733531 0.000886666 0.00107073 0.00128953 0.0015472 0.00184817 0.0021971 0.0025988 0.00305817 0.00358004 0.00416914 0.00482993 0.00556645 0.00638227 0.00728026 0.00826252 0.0093302 0.0104834 0.0117211 0.013041 0.0144394 0.0159113 0.0174503 0.0190484 0.0206965 0.0223841 0.0240993 0.0258294 0.0275605 0.0292781 0.030967 0.0326117 0.0341966 0.0357062 0.0371254 0.0384395 0.0396348 0.0406986 0.0416193 0.042387 0.0429931 0.0434309 0.0436956 0.0437841 0.0436956 0.0434309 0.0429931 0.042387 0.0416193 0.0406986 0.0396348 0.0384395 0.0371254 0.0357062 0.0341966 0.0326117 0.030967 0.0292781 0.0275605 0.0258294 0.0240993 0.0223841 0.0206965 0.0190484 0.0174503 0.0159113 0.0144394 0.013041 0.0117211 0.0104834 0.0093302 0.00826252 0.00728026 0.00638227 0.00556645 0.00482993 0.00416914 0.00358004 0.00305817 0.0025988 0.0021971 0.00184817 0.0015472 0.00128953 0.00107073 0.000886666 0.000733531 0.000607907 0.00050679 0.000427606 0.000368235 0.000327017 0.000302763 
0.000358548 0.000368201 0.000397445 0.000447127 0.000518655 0.000613994 0.000735651 0.000886666 0.00107059 0.00129143 0.00155368 0.00186218 0.00222211 0.00263893 0.00311823 0.00366567 0.00428687 0.00498724 0.00577187 0.00664539 0.00761177 0.00867419 0.0098349 0.011095 0.0124545 0.0139118 0.0154641 0.0171068 0.0188339 0.0206376 0.0225086 0.0244361 0.0264077 0.0284096 0.0304267 0.0324433 0.0344422 0.0364061 0.0383171 0.0401572 0.0419086 0.0435541 0.0450768 0.0464611 0.0476925 0.0487578 0.0496458 0.0503467 0.0508529 0.0511588 0.0512612 0.0511588 0.0508529 0.0503467 0.0496458 0.0487578 0.0476925 0.0464611 0.0450768 0.0435541 0.0419086 0.0401572 0.0383171 0.0364061 0.0344422 0.0324433 0.0304267 0.0284096 0.0264077 0.0244361 0.0225086 0.0206376 0.0188339 0.0171068 0.0154641 0.0139118 0.0124545 0.011095 0.0098349 0.00867419 0.00761177 0.00664539 0.00577187 0.00498724 0.00428687 0.00366567 0.00311823 0.00263893 0.00222211 0.00186218 0.00155368 0.00129143 0.00107059 0.000886666 0.000735651 0.000613994 0.000518655 0.000447127 0.000397445 0.000368201 
0.000435649 0.00044728 0.000482507 0.000542334 0.000628429 0.000743114 0.000889353 0.00107073 0.00129143 0.00155619 0.00187026 0.00223932 0.00266945 0.00316698 0.00373844 0.00439038 0.00512928 0.00596136 0.00689244 0.00792775 0.00907173 0.0103279 0.0116986 0.013185 0.0147866 0.0165015 0.018326 0.0202546 0.0222799 0.0243927 0.026582 0.0288349 0.0311369 0.0334719 0.0358225 0.0381701 0.0404951 0.0427774 0.0449965 0.0471316 0.0491624 0.0510689 0.0528323 0.0544345 0.055859 0.057091 0.0581174 0.0589274 0.0595122 0.0598657 0.0599839 0.0598657 0.0595122 0.0589274 0.0581174 0.057091 0.055859 0.0544345 0.0528323 0.0510689 0.0491624 0.0471316 0.0449965 0.0427774 0.0404951 0.0381701 0.0358225 0.0334719 0.0311369 0.0288349 0.026582 0.0243927 0.0222799 0.0202546 0.018326 0.0165015 0.0147866 0.013185 0.0116986 0.0103279 0.00907173 0.00792775 0.00689244 0.00596136 0.00512928 0.00439038 0.00373844 0.00316698 0.00266945 0.00223932 0.00187026 0.00155619 0.00129143 0.00107073 0.000889353 0.000743114 0.000628429 0.000542334 0.000482507 0.00044728 
0.000527835 0.00054181 0.000584131 0.000655983 0.000759335 0.000896926 0.00107225 0.00128953 0.00155368 0.00187026 0.00224541 0.0026858 0.0031985 0.00379088 0.0044705 0.00524495 0.00612167 0.00710779 0.00820993 0.00943398 0.0107849 0.0122666 0.0138814 0.0156304 0.0175127 0.0195259 0.0216651 0.0239238 0.0262931 0.028762 0.0313175 0.0339444 0.0366258 0.0393428 0.0420753 0.0448017 0.0474994 0.0501453 0.0527157 0.055187 0.0575359 0.0597397 0.0617766 0.0636264 0.0652702 0.0666913 0.0678748 0.0688085 0.0694826 0.0698899 0.0700262 0.0698899 0.0694826 0.0688085 0.0678748 0.0666913 0.0652702 0.0636264 0.0617766 0.0597397 0.0575359 0.055187 0.0527157 0.0501453 0.0474994 0.0448017 0.0420753 0.0393428 0.0366258 0.0339444 0.0313175 0.028762 0.0262931 0.0239238 0.0216651 0.0195259 0.0175127 0.0156304 0.0138814 0.0122666 0.0107849 0.00943398 0.00820993 0.00710779 0.00612167 0.00524495 0.0044705 0.00379088 0.0031985 0.0026858 0.00224541 0.00187026 0.00155368 0.00128953 0.00107225 0.000896926 0.000759335 0.000655983 0.000584131 0.00054181 
0.000637059 0.000653788 0.00070444 0.00079041 0.000914013 0.00107847 0.00128788 0.0015472 0.00186218 0.00223932 0.0026858 0.00320938 0.00381825 0.00452099 0.00532631 0.00624295 0.00727943 0.00844388 0.0097438 0.0111858 0.0127754 0.0145166 0.0164122 0.0184628 0.0206672 0.0230219 0.0255212 0.0281571 0.0309188 0.0337934 0.0367656 0.0398175 0.0429294 0.0460794 0.0492443 0.052399 0.0555178 0.0585739 0.0615404 0.0643902 0.0670969 0.0696347 0.071979 0.0741066 0.0759965 0.0776295 0.0789892 0.0800615 0.0808354 0.081303 0.0814594 0.081303 0.0808354 0.0800615 0.0789892 0.0776295 0.0759965 0.0741066 0.071979 0.0696347 0.0670969 0.0643902 0.0615404 0.0585739 0.0555178 0.052399 0.0492443 0.0460794 0.0429294 0.0398175 0.0367656 0.0337934 0.0309188 0.0281571 0.0255212 0.0230219 0.0206672 0.0184628 0.0164122 0.0145166 0.0127754 0.0111858 0.0097438 0.00844388 0.00727943 0.00624295 0.00532631 0.00452099 0.00381825 0.00320938 0.0026858 0.00223932 0.00186218 0.0015472 0.00128788 0.00107847 0.000914013 0.00079041 0.00070444 0.000653788 
0.000765435 0.000785372 0.000845727 0.000948135 0.00109531 0.00129101 0.00154003 0.00184817 0.00222211 0.00266945 0.0031985 0.00381825 0.00453822 0.00536825 0.00631838 0.00739861 0.00861866 0.00998774 0.0115143 0.0132057 0.0150679 0.0171055 0.019321 0.0217148 0.0242851 0.0270274 0.0299347 0.0329972 0.0362023 0.0395347 0.0429762 0.0465063 0.0501019 0.0537379 0.0573872 0.0610214 0.0646108 0.0681249 0.0715331 0.0748048 0.0779097 0.0808189 0.0835046 0.0859408 0.0881036 0.0899716 0.0915264 0.0927522 0.0936367 0.0941711 0.0943498 0.0941711 0.0936367 0.0927522 0.0915264 0.0899716 0.0881036 0.0859408 0.0835046 0.0808189 0.0779097 0.0748048 0.0715331 0.0681249 0.0646108 0.0610214 0.0573872 0.0537379 0.0501019 0.0465063 0.0429762 0.0395347 0.0362023 0.0329972 0.0299347 0.0270274 0.0242851 0.0217148 0.019321 0.0171055 0.0150679 0.0132057 0.0115143 0.00998774 0.00861866 0.00739861 0.00631838 0.00536825 0.00453822 0.00381825 0.0031985 0.00266945 0.00222211 0.00184817 0.00154003 0.00129101 0.00109531 0.000948135 0.000845727 0.000785372 
0.000915217 0.000938862 0.00101043 0.00113184 0.00130623 0.001538 0.00183271 0.0021971 0.00263893 0.00316698 0.00379088 0.00452099 0.00536825 0.00634397 0.00745961 0.00872657 0.0101559 0.0117579 0.013542 0.0155165 0.0176878 0.0200607 0.0226377 0.0254187 0.0284012 0.0315795 0.0349451 0.0384862 0.0421879 0.0460321 0.0499978 0.054061 0.0581951 0.0623713 0.0665585 0.0707242 0.0748347 0.0788553 0.0827514 0.0864884 0.0900323 0.0933505 0.0964117 0.0991869 0.101649 0.103775 0.105544 0.106938 0.107944 0.108552 0.108755 0.108552 0.107944 0.106938 0.105544 0.103775 0.101649 0.0991869 0.0964117 0.0933505 0.0900323 0.0864884 0.0827514 0.0788553 0.0748347 0.0707242 0.0665585 0.0623713 0.0581951 0.054061 0.0499978 0.0460321 0.0421879 0.0384862 0.0349451 0.0315795 0.0284012 0.0254187 0.0226377 0.0200607 0.0176878 0.0155165 0.013542 0.0117579 0.0101559 0.00872657 0.00745961 0.00634397 0.00536825 0.00452099 0.00379088 0.00316698 0.00263893 0.0021971 0.00183271 0.001538 0.00130623 0.00113184 0.00101043 0.000938862 
0.00108877 0.00111667 0.00120112 0.00134432 0.00154992 0.00182302 0.00217006 0.0025988 0.00311823 0.00373844 0.0044705 0.00532631 0.00631838 0.00745961 0.00876304 0.0102416 0.0119076 0.0137727 0.0158475 0.0181408 0.0206597 0.0234092 0.0263915 0.0296061 0.0330493 0.0367143 0.0405905 0.0446639 0.0489171 0.053329 0.057875 0.0625276 0.0672562 0.0720277 0.0768069 0.0815567 0.0862391 0.0908149 0.095245 0.0994907 0.103514 0.107278 0.110749 0.113893 0.116682 0.119088 0.121089 0.122666 0.123804 0.12449 0.12472 0.12449 0.123804 0.122666 0.121089 0.119088 0.116682 0.113893 0.110749 0.107278 0.103514 0.0994907 0.095245 0.0908149 0.0862391 0.0815567 0.0768069 0.0720277 0.0672562 0.0625276 0.057875 0.053329 0.0489171 0.0446639 0.0405905 0.0367143 0.0330493 0.0296061 0.0263915 0.0234092 0.0206597 0.0181408 0.0158475 0.0137727 0.0119076 0.0102416 0.00876304 0.00745961 0.00631838 0.00532631 0.0044705 0.00373844 0.00311823 0.0025988 0.00217006 0.00182302 0.00154992 0.00134432 0.00120112 0.00111667 
0.00128852 0.00132128 0.0014204 0.00158844 0.0018296 0.00214975 0.00255629 0.00305817 0.00366567 0.00439038 0.00524495 0.00624295 0.00739861 0.00872657 0.0102416 0.0119581 0.01389 0.0160504 0.0184506 0.0211004 0.0240075 0.0271768 0.0306102 0.0343065 0.0382609 0.0424648 0.0469056 0.0515668 0.0564278 0.0614641 0.0666476 0.0719465 0.077326 0.0827483 0.0881736 0.09356 0.0988646 0.104044 0.109053 0.11385 0.118392 0.122638 0.126551 0.130093 0.133234 0.135942 0.138194 0.139967 0.141246 0.142018 0.142277 0.142018 0.141246 0.139967 0.138194 0.135942 0.133234 0.130093 0.126551 0.122638 0.118392 0.11385 0.109053 0.104044 0.0988646 0.09356 0.0881736 0.0827483 0.077326 0.0719465 0.0666476 0.0614641 0.0564278 0.0515668 0.0469056 0.0424648 0.0382609 0.0343065 0.0306102 0.0271768 0.0240075 0.0211004 0.0184506 0.0160504 0.01389 0.0119581 0.0102416 0.00872657 0.00739861 0.00624295 0.00524495 0.00439038 0.00366567 0.00305817 0.00255629 0.00214975 0.0018296 0.00158844 0.0014204 0.00132128 
0.00151695 0.00155521 0.00167095 0.0018671 0.0021485 0.00252184 0.00299562 0.00358004 0.00428687 0.00512928 0.00612167 0.00727943 0.00861866 0.0101559 0.0119076 0.01389 0.0161187 0.0186078 0.0213701 0.0244159 0.0277533 0.0313872 0.0353191 0.0395469 0.0440643 0.0488607 0.0539211 0.0592262 0.064752 0.0704703 0.0763486 0.0823507 0.0884372 0.0945653 0.10069 0.106764 0.112741 0.118569 0.124203 0.129592 0.13469 0.139453 0.143839 0.147807 0.151323 0.154354 0.156872 0.158856 0.160285 0.161149 0.161437 0.161149 0.160285 0.158856 0.156872 0.154354 0.151323 0.147807 0.143839 0.139453 0.13469 0.129592 0.124203 0.118569 0.112741 0.106764 0.10069 0.0945653 0.0884372 0.0823507 0.0763486 0.0704703 0.064752 0.0592262 0.0539211 0.0488607 0.0440643 0.0395469 0.0353191 0.0313872 0.0277533 0.0244159 0.0213701 0.0186078 0.0161187 0.01389 0.0119076 0.0101559 0.00861866 0.00727943 0.00612167 0.00512928 0.00428687 0.00358004 0.00299562 0.00252184 0.0021485 0.0018671 0.00167095 0.00155521 
0.00177651 0.00182095 0.00195539 0.00218317 0.00250979 0.00294289 0.00349215 0.00416914 0.00498724 0.00596136 0.00710779 0.00844388 0.00998774 0.0117579 0.0137727 0.0160504 0.0186078 0.0214608 0.0246229 0.0281055 0.0319167 0.0360614 0.0405404 0.0453503 0.0504833 0.0559265 0.0616623 0.0676677 0.0739153 0.0803725 0.0870025 0.0937641 0.100613 0.1075 0.114376 0.121188 0.127883 0.134407 0.140705 0.146725 0.152416 0.157728 0.162616 0.167035 0.170949 0.174321 0.177122 0.179326 0.180915 0.181874 0.182195 0.181874 0.180915 0.179326 0.177122 0.174321 0.170949 0.167035 0.162616 0.157728 0.152416 0.146725 0.140705 0.134407 0.127883 0.121188 0.114376 0.1075 0.100613 0.0937641 0.0870025 0.0803725 0.0739153 0.0676677 0.0616623 0.0559265 0.0504833 0.0453503 0.0405404 0.0360614 0.0319167 0.0281055 0.0246229 0.0214608 0.0186078 0.0160504 0.0137727 0.0117579 0.00998774 0.00844388 0.00710779 0.00596136 0.00498724 0.00416914 0.00349215 0.00294289 0.00250979 0.00218317 0.00195539 0.00182095 
0.00206956 0.00212092 0.00227627 0.00253939 0.00291653 0.00341634 0.00404977 0.00482993 0.00577187 0.00689244 0.00820993 0.0097438 0.0115143 0.013542 0.0158475 0.0184506 0.0213701 0.0246229 0.028224 0.032185 0.0365144 0.0412167 0.0462919 0.0517353 0.0575368 0.0636812 0.0701474 0.0769093 0.0839348 0.0911871 0.0986242 0.1062 0.113863 0.121561 0.129238 0.136835 0.144293 0.151553 0.158555 0.165242 0.171558 0.177448 0.182864 0.187758 0.192089 0.195819 0.198915 0.201352 0.203108 0.204167 0.204521 0.204167 0.203108 0.201352 0.198915 0.195819 0.192089 0.187758 0.182864 0.177448 0.171558 0.165242 0.158555 0.151553 0.144293 0.136835 0.129238 0.121561 0.113863 0.1062 0.0986242 0.0911871 0.0839348 0.0769093 0.0701474 0.0636812 0.0575368 0.0517353 0.0462919 0.0412167 0.0365144 0.032185 0.028224 0.0246229 0.0213701 0.0184506 0.0158475 0.013542 0.0115143 0.0097438 0.00820993 0.00689244 0.00577187 0.00482993 0.00404977 0.00341634 0.00291653 0.00253939 0.00227627 0.00212092 
0.00239835 0.0024574 0.00263598 0.00293835 0.00337156 0.00394536 0.00467209 0.00556645 0.00664539 0.00792775 0.00943398 0.0111858 0.0132057 0.0155165 0.0181408 0.0211004 0.0244159 0.0281055 0.032185 0.0366667 0.0415592 0.0468662 0.0525869 0.0587147 0.0652372 0.0721363 0.0793875 0.0869603 0.0948185 0.10292 0.111217 0.119658 0.128188 0.136745 0.145268 0.153693 0.161956 0.16999 0.177731 0.185116 0.192085 0.19858 0.204547 0.209935 0.2147 0.218801 0.222205 0.224882 0.226811 0.227974 0.228363 0.227974 0.226811 0.224882 0.222205 0.218801 0.2147 0.209935 0.204547 0.19858 0.192085 0.185116 0.177731 0.16999 0.161956 0.153693 0.145268 0.136745 0.128188 0.119658 0.111217 0.10292 0.0948185 0.0869603 0.0793875 0.0721363 0.0652372 0.0587147 0.0525869 0.0468662 0.0415592 0.0366667 0.032185 0.0281055 0.0244159 0.0211004 0.0181408 0.0155165 0.0132057 0.0111858 0.00943398 0.00792775 0.00664539 0.00556645 0.00467209 0.00394536 0.00337156 0.00293835 0.00263598 0.0024574 
0.00276493 0.00283247 0.00303669 0.00338237 0.00387742 0.00453278 0.00536224 0.00638227 0.00761177 0.00907173 0.0107849 0.0127754 0.0150679 0.0176878 0.0206597 0.0240075 0.0277533 0.0319167 0.0365144 0.0415592 0.0470592 0.0530179 0.0594326 0.0662949 0.0735898 0.0812957 0.0893843 0.0978207 0.106564 0.115565 0.124773 0.134129 0.143569 0.15303 0.162442 0.171735 0.180837 0.189679 0.198189 0.2063 0.213947 0.221068 0.227604 0.233502 0.238714 0.243199 0.246919 0.249843 0.25195 0.25322 0.253645 0.25322 0.25195 0.249843 0.246919 0.243199 0.238714 0.233502 0.227604 0.221068 0.213947 0.2063 0.198189 0.189679 0.180837 0.171735 0.162442 0.15303 0.143569 0.134129 0.124773 0.115565 0.106564 0.0978207 0.0893843 0.0812957 0.0735898 0.0662949 0.0594326 0.0530179 0.0470592 0.0415592 0.0365144 0.0319167 0.0277533 0.0240075 0.0206597 0.0176878 0.0150679 0.0127754 0.0107849 0.00907173 0.00761177 0.00638227 0.00536224 0.00453278 0.00387742 0.00338237 0.00303669 0.00283247 
0.00317107 0.00324792 0.00348026 0.00387344 0.00443627 0.00518095 0.00612284 0.00728026 0.00867419 0.0103279 0.0122666 0.0145166 0.0171055 0.0200607 0.0234092 0.0271768 0.0313872 0.0360614 0.0412167 0.0468662 0.0530179 0.0596738 0.0668299 0.0744752 0.0825918 0.0911544 0.10013 0.10948 0.119156 0.129106 0.13927 0.149584 0.159978 0.170382 0.180719 0.190912 0.200886 0.210563 0.219868 0.228727 0.237071 0.244833 0.251953 0.258373 0.264043 0.268918 0.27296 0.276137 0.278424 0.279804 0.280265 0.279804 0.278424 0.276137 0.27296 0.268918 0.264043 0.258373 0.251953 0.244833 0.237071 0.228727 0.219868 0.210563 0.200886 0.190912 0.180719 0.170382 0.159978 0.149584 0.13927 0.129106 0.119156 0.10948 0.10013 0.0911544 0.0825918 0.0744752 0.0668299 0.0596738 0.0530179 0.0468662 0.0412167 0.0360614 0.0313872 0.0271768 0.0234092 0.0200607 0.0171055 0.0145166 0.0122666 0.0103279 0.00867419 0.00728026 0.00612284 0.00518095 0.00443627 0.00387344 0.00348026 0.00324792 
0.00361819 0.0037052 0.0039682 0.00441313 0.00504978 0.00589167 0.00695583 0.00826252 0.0098349 0.0116986 0.0138814 0.0164122 0.019321 0.0226377 0.0263915 0.0306102 0.0353191 0.0405404 0.0462919 0.0525869 0.0594326 0.0668299 0.0747726 0.0832472 0.0922323 0.101698 0.111608 0.121916 0.13257 0.143511 0.154672 0.165983 0.177368 0.188748 0.20004 0.211163 0.222033 0.232567 0.242684 0.252308 0.261363 0.269779 0.277491 0.284441 0.290574 0.295844 0.300211 0.303643 0.306112 0.307601 0.308099 0.307601 0.306112 0.303643 0.300211 0.295844 0.290574 0.284441 0.277491 0.269779 0.261363 0.252308 0.242684 0.232567 0.222033 0.211163 0.20004 0.188748 0.177368 0.165983 0.154672 0.143511 0.13257 0.121916 0.111608 0.101698 0.0922323 0.0832472 0.0747726 0.0668299 0.0594326 0.0525869 0.0462919 0.0405404 0.0353191 0.0306102 0.0263915 0.0226377 0.019321 0.0164122 0.0138814 0.0116986 0.0098349 0.00826252 0.00695583 0.00589167 0.00504978 0.00441313 0.0039682 0.0037052 
0.00410732 0.00420533 0.00450154 0.00500251 0.00571906 0.00666609 0.00786236 0.0093302 0.011095 0.013185 0.0156304 0.0184628 0.0217148 0.0254187 0.0296061 0.0343065 0.0395469 0.0453503 0.0517353 0.0587147 0.0662949 0.0744752 0.0832472 0.0925942 0.102491 0.112903 0.123789 0.135097 0.146768 0.158737 0.170931 0.183272 0.195677 0.20806 0.220332 0.232405 0.244189 0.255595 0.266538 0.276936 0.286709 0.295784 0.304093 0.311574 0.318172 0.323838 0.32853 0.332216 0.334867 0.336466 0.337 0.336466 0.334867 0.332216 0.32853 0.323838 0.318172 0.311574 0.304093 0.295784 0.286709 0.276936 0.266538 0.255595 0.244189 0.232405 0.220332 0.20806 0.195677 0.183272 0.170931 0.158737 0.146768 0.135097 0.123789 0.112903 0.102491 0.0925942 0.0832472 0.0744752 0.0662949 0.0587147 0.0517353 0.0453503 0.0395469 0.0343065 0.0296061 0.0254187 0.0217148 0.0184628 0.0156304 0.013185 0.011095 0.0093302 0.00786236 0.00666609 0.00571906 0.00500251 0.00450154 0.00420533 
0.004639 0.00474885 0.0050808 0.00564207 0.00644453 0.00750455 0.00884271 0.0104834 0.0124545 0.0147866 0.0175127 0.0206672 0.0242851 0.0284012 0.0330493 0.0382609 0.0440643 0.0504833 0.0575368 0.0652372 0.0735898 0.0825918 0.0922323 0.102491 0.113338 0.124735 0.136633 0.148977 0.161699 0.174728 0.187983 0.20138 0.214828 0.228234 0.241503 0.25454 0.267249 0.279535 0.291309 0.302484 0.312976 0.32271 0.331614 0.339624 0.346683 0.352742 0.357757 0.361693 0.364525 0.366231 0.366801 0.366231 0.364525 0.361693 0.357757 0.352742 0.346683 0.339624 0.331614 0.32271 0.312976 0.302484 0.291309 0.279535 0.267249 0.25454 0.241503 0.228234 0.214828 0.20138 0.187983 0.174728 0.161699 0.148977 0.136633 0.124735 0.113338 0.102491 0.0922323 0.0825918 0.0735898 0.0652372 0.0575368 0.0504833 0.0440643 0.0382609 0.0330493 0.0284012 0.0242851 0.0206672 0.0175127 0.0147866 0.0124545 0.0104834 0.00884271 0.00750455 0.00644453 0.00564207 0.0050808 0.00474885 
0.00521321 0.00533572 0.0057059 0.00633164 0.00722591 0.00840659 0.00989612 0.0117211 0.0139118 0.0165015 0.0195259 0.0230219 0.0270274 0.0315795 0.0367143 0.0424648 0.0488607 0.0559265 0.0636812 0.0721363 0.0812957 0.0911544 0.101698 0.112903 0.124735 0.137149 0.150092 0.1635 0.1773 0.191413 0.205752 0.220223 0.23473 0.249172 0.263447 0.277454 0.29109 0.304258 0.316861 0.328809 0.340016 0.350401 0.359893 0.368425 0.375938 0.382381 0.387712 0.391894 0.394901 0.396713 0.397319 0.396713 0.394901 0.391894 0.387712 0.382381 0.375938 0.368425 0.359893 0.350401 0.340016 0.328809 0.316861 0.304258 0.29109 0.277454 0.263447 0.249172 0.23473 0.220223 0.205752 0.191413 0.1773 0.1635 0.150092 0.137149 0.124735 0.112903 0.101698 0.0911544 0.0812957 0.0721363 0.0636812 0.0559265 0.0488607 0.0424648 0.0367143 0.0315795 0.0270274 0.0230219 0.0195259 0.0165015 0.0139118 0.0117211 0.00989612 0.00840659 0.00722591 0.00633164 0.0057059 0.00533572 
0.00582932 0.0059653 0.0063761 0.00707032 0.00806207 0.00937077 0.0110208 0.013041 0.0154641 0.018326 0.0216651 0.0255212 0.0299347 0.0349451 0.0405905 0.0469056 0.0539211 0.0616623 0.0701474 0.0793875 0.0893843 0.10013 0.111608 0.123789 0.136633 0.150092 0.164104 0.178599 0.193498 0.208712 0.224148 0.239705 0.255278 0.27076 0.286043 0.301018 0.315578 0.32962 0.343043 0.355754 0.367663 0.378688 0.388754 0.397794 0.405748 0.412566 0.418203 0.422623 0.425801 0.427715 0.428354 0.427715 0.425801 0.422623 0.418203 0.412566 0.405748 0.397794 0.388754 0.378688 0.367663 0.355754 0.343043 0.32962 0.315578 0.301018 0.286043 0.27076 0.255278 0.239705 0.224148 0.208712 0.193498 0.178599 0.164104 0.150092 0.136633 0.123789 0.111608 0.10013 0.0893843 0.0793875 0.0701474 0.0616623 0.0539211 0.0469056 0.0405905 0.0349451 0.0299347 0.0255212 0.0216651 0.018326 0.0154641 0.013041 0.0110208 0.00937077 0.00806207 0.00707032 0.0063761 0.0059653 
0.00648606 0.00663625 0.00708995 0.00785644 0.00895102 0.0103947 0.0122138 0.0144394 0.0171068 0.0202546 0.0239238 0.0281571 0.0329972 0.0384862 0.0446639 0.0515668 0.0592262 0.0676677 0.0769093 0.0869603 0.0978207 0.10948 0.121916 0.135097 0.148977 0.1635 0.178599 0.194197 0.210206 0.226532 0.243071 0.259716 0.276356 0.292874 0.309158 0.325091 0.340563 0.355465 0.369692 0.383148 0.395741 0.407386 0.418009 0.42754 0.435919 0.443096 0.449026 0.453675 0.457015 0.459027 0.459698 0.459027 0.457015 0.453675 0.449026 0.443096 0.435919 0.42754 0.418009 0.407386 0.395741 0.383148 0.369692 0.355465 0.340563 0.325091 0.309158 0.292874 0.276356 0.259716 0.243071 0.226532 0.210206 0.194197 0.178599 0.1635 0.148977 0.135097 0.121916 0.10948 0.0978207 0.0869603 0.0769093 0.0676677 0.0592262 0.0515668 0.0446639 0.0384862 0.0329972 0.0281571 0.0239238 0.0202546 0.0171068 0.0144394 0.0122138 0.0103947 0.00895102 0.00785644 0.00708995 0.00663625 
0.00718143 0.00734654 0.00784523 0.00868751 0.00988985 0.0114749 0.0134709 0.0159113 0.0188339 0.0222799 0.0262931 0.0309188 0.0362023 0.0421879 0.0489171 0.0564278 0.064752 0.0739153 0.0839348 0.0948185 0.106564 0.119156 0.13257 0.146768 0.161699 0.1773 0.193498 0.210206 0.227331 0.24477 0.262411 0.280139 0.297836 0.31538 0.332649 0.349524 0.365887 0.381627 0.396636 0.410813 0.424065 0.436307 0.447462 0.457462 0.466246 0.473764 0.479973 0.484837 0.48833 0.490434 0.491136 0.490434 0.48833 0.484837 0.479973 0.473764 0.466246 0.457462 0.447462 0.436307 0.424065 0.410813 0.396636 0.381627 0.365887 0.349524 0.332649 0.31538 0.297836 0.280139 0.262411 0.24477 0.227331 0.210206 0.193498 0.1773 0.161699 0.146768 0.13257 0.119156 0.106564 0.0948185 0.0839348 0.0739153 0.064752 0.0564278 0.0489171 0.0421879 0.0362023 0.0309188 0.0262931 0.0222799 0.0188339 0.0159113 0.0134709 0.0114749 0.00988985 0.00868751 0.00784523 0.00734654 
0.00791273 0.00809338 0.00863894 0.00956016 0.0108747 0.0126068 0.0147868 0.0174503 0.0206376 0.0243927 0.028762 0.0337934 0.0395347 0.0460321 0.053329 0.0614641 0.0704703 0.0803725 0.0911871 0.10292 0.115565 0.129106 0.143511 0.158737 0.174728 0.191413 0.208712 0.226532 0.24477 0.263314 0.282047 0.300846 0.319584 0.338133 0.356365 0.374157 0.391385 0.407935 0.423695 0.438563 0.452445 0.465255 0.476915 0.487357 0.496522 0.50436 0.510828 0.515894 0.51953 0.521719 0.52245 0.521719 0.51953 0.515894 0.510828 0.50436 0.496522 0.487357 0.476915 0.465255 0.452445 0.438563 0.423695 0.407935 0.391385 0.374157 0.356365 0.338133 0.319584 0.300846 0.282047 0.263314 0.24477 0.226532 0.208712 0.191413 0.174728 0.158737 0.143511 0.129106 0.115565 0.10292 0.0911871 0.0803725 0.0704703 0.0614641 0.053329 0.0460321 0.0395347 0.0337934 0.028762 0.0243927 0.0206376 0.0174503 0.0147868 0.0126068 0.0108747 0.00956016 0.00863894 0.00809338 
0.00867647 0.00887321 0.00946729 0.0104702 0.0119007 0.0137848 0.0161547 0.0190484 0.0225086 0.026582 0.0313175 0.0367656 0.0429762 0.0499978 0.057875 0.0666476 0.0763486 0.0870025 0.0986242 0.111217 0.124773 0.13927 0.154672 0.170931 0.187983 0.205752 0.224148 0.243071 0.262411 0.282047 0.301855 0.321703 0.341457 0.360985 0.380152 0.398828 0.416888 0.434212 0.450689 0.466213 0.48069 0.494033 0.506165 0.51702 0.526539 0.534673 0.541382 0.546632 0.5504 0.552667 0.553424 0.552667 0.5504 0.546632 0.541382 0.534673 0.526539 0.51702 0.506165 0.494033 0.48069 0.466213 0.450689 0.434212 0.416888 0.398828 0.380152 0.360985 0.341457 0.321703 0.301855 0.282047 0.262411 0.243071 0.224148 0.205752 0.187983 0.170931 0.154672 0.13927 0.124773 0.111217 0.0986242 0.0870025 0.0763486 0.0666476 0.057875 0.0499978 0.0429762 0.0367656 0.0313175 0.026582 0.0225086 0.0190484 0.0161547 0.0137848 0.0119007 0.0104702 0.00946729 0.00887321 
0.00946846 0.00968174 0.0103257 0.0114125 0.0129622 0.0150023 0.017567 0.0206965 0.0244361 0.0288349 0.0339444 0.0398175 0.0465063 0.054061 0.0625276 0.0719465 0.0823507 0.0937641 0.1062 0.119658 0.134129 0.149584 0.165983 0.183272 0.20138 0.220223 0.239705 0.259716 0.280139 0.300846 0.321703 0.342571 0.363312 0.383784 0.403848 0.423372 0.442224 0.460283 0.477435 0.493576 0.508608 0.522447 0.535017 0.546251 0.556095 0.564499 0.571426 0.576844 0.580731 0.583069 0.58385 0.583069 0.580731 0.576844 0.571426 0.564499 0.556095 0.546251 0.535017 0.522447 0.508608 0.493576 0.477435 0.460283 0.442224 0.423372 0.403848 0.383784 0.363312 0.342571 0.321703 0.300846 0.280139 0.259716 0.239705 0.220223 0.20138 0.183272 0.165983 0.149584 0.134129 0.119658 0.1062 0.0937641 0.0823507 0.0719465 0.0625276 0.054061 0.0465063 0.0398175 0.0339444 0.0288349 0.0244361 0.0206965 0.017567 0.0150023 0.0129622 0.0114125 0.0103257 0.00968174 
0.0102838 0.0105139 0.0112087 0.0123812 0.0140524 0.0162515 0.0190146 0.0223841 0.0264077 0.0311369 0.0366258 0.0429294 0.0501019 0.0581951 0.0672562 0.077326 0.0884372 0.100613 0.113863 0.128188 0.143569 0.159978 0.177368 0.195677 0.214828 0.23473 0.255278 0.276356 0.297836 0.319584 0.341457 0.363312 0.385 0.406376 0.427297 0.447624 0.467224 0.485973 0.503757 0.520469 0.536015 0.550309 0.563278 0.574858 0.584994 0.593642 0.600764 0.606332 0.610324 0.612725 0.613527 0.612725 0.610324 0.606332 0.600764 0.593642 0.584994 0.574858 0.563278 0.550309 0.536015 0.520469 0.503757 0.485973 0.467224 0.447624 0.427297 0.406376 0.385 0.363312 0.341457 0.319584 0.297836 0.276356 0.255278 0.23473 0.214828 0.195677 0.177368 0.159978 0.143569 0.128188 0.113863 0.100613 0.0884372 0.077326 0.0672562 0.0581951 0.0501019 0.0429294 0.0366258 0.0311369 0.0264077 0.0223841 0.0190146 0.0162515 0.0140524 0.0123812 0.0112087 0.0105139 
0.0111167 0.011364 0.0121104 0.0133695 0.0151637 0.0175237 0.0204874 0.0240993 0.0284096 0.0334719 0.0393428 0.0460794 0.0537379 0.0623713 0.0720277 0.0827483 0.0945653 0.1075 0.121561 0.136745 0.15303 0.170382 0.188748 0.20806 0.228234 0.249172 0.27076 0.292874 0.31538 0.338133 0.360985 0.383784 0.406376 0.428612 0.450341 0.471423 0.491723 0.511114 0.529481 0.546718 0.562732 0.57744 0.590768 0.602657 0.613053 0.621916 0.62921 0.634909 0.638993 0.641449 0.642269 0.641449 0.638993 0.634909 0.62921 0.621916 0.613053 0.602657 0.590768 0.57744 0.562732 0.546718 0.529481 0.511114 0.491723 0.471423 0.450341 0.428612 0.406376 0.383784 0.360985 0.338133 0.31538 0.292874 0.27076 0.249172 0.228234 0.20806 0.188748 0.170382 0.15303 0.136745 0.121561 0.1075 0.0945653 0.0827483 0.0720277 0.0623713 0.0537379 0.0460794 0.0393428 0.0334719 0.0284096 0.0240993 0.0204874 0.0175237 0.0151637 0.0133695 0.0121104 0.011364 
0.0119611 0.0122255 0.0130238 0.01437 0.0162879 0.0188094 0.0219743 0.0258294 0.0304267 0.0358225 0.0420753 0.0492443 0.0573872 0.0665585 0.0768069 0.0881736 0.10069 0.114376 0.129238 0.145268 0.162442 0.180719 0.20004 0.220332 0.241503 0.263447 0.286043 0.309158 0.332649 0.356365 0.380152 0.403848 0.427297 0.450341 0.472829 0.494614 0.515562 0.535543 0.554444 0.572158 0.588594 0.603671 0.617318 0.629479 0.640103 0.649152 0.656594 0.662405 0.666568 0.66907 0.669905 0.66907 0.666568 0.662405 0.656594 0.649152 0.640103 0.629479 0.617318 0.603671 0.588594 0.572158 0.554444 0.535543 0.515562 0.494614 0.472829 0.450341 0.427297 0.403848 0.380152 0.356365 0.332649 0.309158 0.286043 0.263447 0.241503 0.220332 0.20004 0.180719 0.162442 0.145268 0.129238 0.114376 0.10069 0.0881736 0.0768069 0.0665585 0.0573872 0.0492443 0.0420753 0.0358225 0.0304267 0.0258294 0.0219743 0.0188094 0.0162879 0.01437 0.0130238 0.0122255 
0.01281 0.0130916 0.0139415 0.0153747 0.0174158 0.0200982 0.0234636 0.0275605 0.0324433 0.0381701 0.0448017 0.052399 0.0610214 0.0707242 0.0815567 0.09356 0.106764 0.121188 0.136835 0.153693 0.171735 0.190912 0.211163 0.232405 0.25454 0.277454 0.301018 0.325091 0.349524 0.374157 0.398828 0.423372 0.447624 0.471423 0.494614 0.51705 0.538591 0.559111 0.578493 0.596635 0.613446 0.628848 0.642774 0.655169 0.665988 0.675195 0.682762 0.688667 0.692895 0.695436 0.696283 0.695436 0.692895 0.688667 0.682762 0.675195 0.665988 0.655169 0.642774 0.628848 0.613446 0.596635 0.578493 0.559111 0.538591 0.51705 0.494614 0.471423 0.447624 0.423372 0.398828 0.374157 0.349524 0.325091 0.301018 0.277454 0.25454 0.232405 0.211163 0.190912 0.171735 0.153693 0.136835 0.121188 0.106764 0.09356 0.0815567 0.0707242 0.0610214 0.052399 0.0448017 0.0381701 0.0324433 0.0275605 0.0234636 0.0200982 0.0174158 0.0153747 0.0139415 0.0130916 
0.0136561 0.0139547 0.0148558 0.0163749 0.0185378 0.0213792 0.0249425 0.0292781 0.0344422 0.0404951 0.0474994 0.0555178 0.0646108 0.0748347 0.0862391 0.0988646 0.112741 0.127883 0.144293 0.161956 0.180837 0.200886 0.222033 0.244189 0.267249 0.29109 0.315578 0.340563 0.365887 0.391385 0.416888 0.442224 0.467224 0.491723 0.515562 0.538591 0.560672 0.581676 0.601489 0.620009 0.637149 0.652833 0.666998 0.679592 0.690574 0.699912 0.70758 0.713561 0.717841 0.720413 0.72127 0.720413 0.717841 0.713561 0.70758 0.699912 0.690574 0.679592 0.666998 0.652833 0.637149 0.620009 0.601489 0.581676 0.560672 0.538591 0.515562 0.491723 0.467224 0.442224 0.416888 0.391385 0.365887 0.340563 0.315578 0.29109 0.267249 0.244189 0.222033 0.200886 0.180837 0.161956 0.144293 0.127883 0.112741 0.0988646 0.0862391 0.0748347 0.0646108 0.0555178 0.0474994 0.0404951 0.0344422 0.0292781 0.0249425 0.0213792 0.0185378 0.0163749 0.0148558 0.0139547 
0.0144916 0.0148069 0.0157581 0.0173616 0.0196438 0.022641 0.0263979 0.030967 0.0364061 0.0427774 0.0501453 0.0585739 0.0681249 0.0788553 0.0908149 0.104044 0.118569 0.134407 0.151553 0.16999 0.189679 0.210563 0.232567 0.255595 0.279535 0.304258 0.32962 0.355465 0.381627 0.407935 0.434212 0.460283 0.485973 0.511114 0.535543 0.559111 0.581676 0.603111 0.623304 0.642155 0.659578 0.675502 0.689868 0.702627 0.713742 0.723184 0.730933 0.736973 0.741294 0.743889 0.744755 0.743889 0.741294 0.736973 0.730933 0.723184 0.713742 0.702627 0.689868 0.675502 0.659578 0.642155 0.623304 0.603111 0.581676 0.559111 0.535543 0.511114 0.485973 0.460283 0.434212 0.407935 0.381627 0.355465 0.32962 0.304258 0.279535 0.255595 0.232567 0.210563 0.189679 0.16999 0.151553 0.134407 0.118569 0.104044 0.0908149 0.0788553 0.0681249 0.0585739 0.0501453 0.0427774 0.0364061 0.030967 0.0263979 0.022641 0.0196438 0.0173616 0.0157581 0.0148069 
0.0153087 0.0156401 0.0166401 0.0183253 0.0207234 0.0238717 0.0278165 0.0326117 0.0383171 0.0449965 0.0527157 0.0615404 0.0715331 0.0827514 0.095245 0.109053 0.124203 0.140705 0.158555 0.177731 0.198189 0.219868 0.242684 0.266538 0.291309 0.316861 0.343043 0.369692 0.396636 0.423695 0.450689 0.477435 0.503757 0.529481 0.554444 0.578493 0.601489 0.623304 0.643828 0.662963 0.680627 0.696752 0.711282 0.724173 0.735393 0.744917 0.752727 0.758811 0.763161 0.765772 0.766643 0.765772 0.763161 0.758811 0.752727 0.744917 0.735393 0.724173 0.711282 0.696752 0.680627 0.662963 0.643828 0.623304 0.601489 0.578493 0.554444 0.529481 0.503757 0.477435 0.450689 0.423695 0.396636 0.369692 0.343043 0.316861 0.291309 0.266538 0.242684 0.219868 0.198189 0.177731 0.158555 0.140705 0.124203 0.109053 0.095245 0.0827514 0.0715331 0.0615404 0.0527157 0.0449965 0.0383171 0.0326117 0.0278165 0.0238717 0.0207234 0.0183253 0.0166401 0.0156401 
0.016099 0.016446 0.0174928 0.0192567 0.021766 0.0250594 0.0291845 0.0341966 0.0401572 0.0471316 0.055187 0.0643902 0.0748048 0.0864884 0.0994907 0.11385 0.129592 0.146725 0.165242 0.185116 0.2063 0.228727 0.252308 0.276936 0.302484 0.328809 0.355754 0.383148 0.410813 0.438563 0.466213 0.493576 0.520469 0.546718 0.572158 0.596635 0.620009 0.642155 0.662963 0.682339 0.700203 0.716492 0.731153 0.744149 0.755448 0.765031 0.772884 0.778998 0.783368 0.78599 0.786865 0.78599 0.783368 0.778998 0.772884 0.765031 0.755448 0.744149 0.731153 0.716492 0.700203 0.682339 0.662963 0.642155 0.620009 0.596635 0.572158 0.546718 0.520469 0.493576 0.466213 0.438563 0.410813 0.383148 0.355754 0.328809 0.302484 0.276936 0.252308 0.228727 0.2063 0.185116 0.165242 0.146725 0.129592 0.11385 0.0994907 0.0864884 0.0748048 0.0643902 0.055187 0.0471316 0.0401572 0.0341966 0.0291845 0.0250594 0.021766 0.0192567 0.0174928 0.016446 
