0.000821404 0.000834887 0.000875527 0.000943899 0.00104095 0.00116799 0.00132665 0.0015189 0.00174696 0.00201332 0.00232064 0.00267174 0.00306951 0.00351687 0.0040167 0.00457175 0.00518459 0.00585749 0.00659239 0.00739076 0.00825359 0.00918124 0.0101734 0.0112291 0.0123465 0.013523 0.014755 0.0160382 0.0173672 0.018736 0.0201374 0.0215636 0.0230061 0.0244556 0.0259021 0.0273354 0.0287448 0.0301192 0.0314477 0.0327191 0.0339228 0.0350481 0.036085 0.0370241 0.0378569 0.0385754 0.0391729 0.0396437 0.0399833 0.0401883 0.0402569 0.0401883 0.0399833 0.0396437 0.0391729 0.0385754 0.0378569 0.0370241 0.036085 0.0350481 0.0339228 0.0327191 0.0314477 0.0301192 0.0287448 0.0273354 0.0259021 0.0244556 0.0230061 0.0215636 0.0201374 0.018736 0.0173672 0.0160382 0.014755 0.013523 0.0123465 0.0112291 0.0101734 0.00918124 0.00825359 0.00739076 0.00659239 0.00585749 0.00518459 0.00457175 0.0040167 0.00351687 0.00306951 0.00267174 0.00232064 0.00201332 0.00174696 0.0015189 0.00132665 0.00116799 0.00104095 0.000943899 0.000875527 0.000834887 
0.000834887 0.000848573 0.000889829 0.000959233 0.00105775 0.00118669 0.00134772 0.00154283 0.00177426 0.00204453 0.00235633 0.00271251 0.003116 0.00356974 0.00407664 0.00463949 0.00526086 0.00594305 0.006688 0.00749721 0.00837165 0.00931167 0.010317 0.0113865 0.0125184 0.0137101 0.0149578 0.0162573 0.017603 0.0189888 0.0204076 0.0218513 0.0233114 0.0247784 0.0262423 0.0276927 0.0291188 0.0305094 0.0318535 0.0331398 0.0343573 0.0354956 0.0365445 0.0374944 0.0383366 0.0390633 0.0396676 0.0401437 0.0404872 0.0406945 0.0407639 0.0406945 0.0404872 0.0401437 0.0396676 0.0390633 0.0383366 0.0374944 0.0365445 0.0354956 0.0343573 0.0331398 0.0318535 0.0305094 0.0291188 0.0276927 0.0262423 0.0247784 0.0233114 0.0218513 0.0204076 0.0189888 0.017603 0.0162573 0.0149578 0.0137101 0.0125184 0.0113865 0.010317 0.00931167 0.00837165 0.00749721 0.006688 0.00594305 0.00526086 0.00463949 0.00407664 0.00356974 0.003116 0.00271251 0.00235633 0.00204453 0.00177426 0.00154283 0.00134772 0.00118669 0.00105775 0.000959233 0.000889829 0.000848573 
0.000875527 0.000889829 0.000932935 0.00100545 0.00110836 0.00124304 0.00141121 0.00161491 0.00185649 0.00213854 0.00246384 0.00283532 0.00325602 0.00372896 0.00425715 0.00484344 0.00549047 0.00620061 0.00697582 0.00781761 0.00872696 0.00970419 0.0107489 0.0118601 0.0130357 0.0142729 0.015568 0.0169163 0.0183123 0.0197494 0.0212202 0.0227166 0.0242295 0.0257492 0.0272653 0.0287671 0.0302434 0.0316826 0.0330734 0.0344042 0.0356637 0.036841 0.0379256 0.0389078 0.0397786 0.0405298 0.0411545 0.0416466 0.0420016 0.0422159 0.0422876 0.0422159 0.0420016 0.0416466 0.0411545 0.0405298 0.0397786 0.0389078 0.0379256 0.036841 0.0356637 0.0344042 0.0330734 0.0316826 0.0302434 0.0287671 0.0272653 0.0257492 0.0242295 0.0227166 0.0212202 0.0197494 0.0183123 0.0169163 0.015568 0.0142729 0.0130357 0.0118601 0.0107489 0.00970419 0.00872696 0.00781761 0.00697582 0.00620061 0.00549047 0.00484344 0.00425715 0.00372896 0.00325602 0.00283532 0.00246384 0.00213854 0.00185649 0.00161491 0.00141121 0.00124304 0.00110836 0.00100545 0.000932935 0.000889829 
0.000943899 0.000959233 0.00100545 0.00108318 0.00119348 0.00133779 0.00151794 0.00173608 0.00199469 0.00229649 0.00264443 0.00304159 0.00349116 0.00399631 0.00456019 0.00518578 0.00587584 0.0066328 0.0074587 0.00835508 0.0093229 0.0103624 0.0114732 0.012654 0.0139027 0.0152162 0.0165905 0.0180205 0.0195005 0.0210234 0.0225813 0.0241657 0.0257668 0.0273745 0.0289779 0.0305655 0.0321256 0.0336461 0.035115 0.0365201 0.0378495 0.0390919 0.0402363 0.0412723 0.0421907 0.0429829 0.0436415 0.0441603 0.0445345 0.0447605 0.044836 0.0447605 0.0445345 0.0441603 0.0436415 0.0429829 0.0421907 0.0412723 0.0402363 0.0390919 0.0378495 0.0365201 0.035115 0.0336461 0.0321256 0.0305655 0.0289779 0.0273745 0.0257668 0.0241657 0.0225813 0.0210234 0.0195005 0.0180205 0.0165905 0.0152162 0.0139027 0.012654 0.0114732 0.0103624 0.0093229 0.00835508 0.0074587 0.0066328 0.00587584 0.00518578 0.00456019 0.00399631 0.00349116 0.00304159 0.00264443 0.00229649 0.00199469 0.00173608 0.00151794 0.00133779 0.00119348 0.00108318 0.00100545 0.000959233 
0.00104095 0.00105775 0.00110836 0.00119348 0.00131423 0.00147217 0.00166927 0.00190784 0.00219053 0.00252028 0.00290023 0.00333369 0.00382405 0.00437471 0.004989 0.00567009 0.00642088 0.00724393 0.00814136 0.00911474 0.010165 0.0112924 0.0124963 0.0137752 0.0151268 0.0165477 0.0180334 0.0195786 0.0211767 0.0228202 0.0245007 0.0262086 0.0279339 0.0296653 0.0313912 0.0330994 0.0347772 0.0364118 0.0379902 0.0394996 0.0409272 0.0422609 0.043489 0.0446007 0.0455858 0.0464354 0.0471417 0.047698 0.0480991 0.0483413 0.0484223 0.0483413 0.0480991 0.047698 0.0471417 0.0464354 0.0455858 0.0446007 0.043489 0.0422609 0.0409272 0.0394996 0.0379902 0.0364118 0.0347772 0.0330994 0.0313912 0.0296653 0.0279339 0.0262086 0.0245007 0.0228202 0.0211767 0.0195786 0.0180334 0.0165477 0.0151268 0.0137752 0.0124963 0.0112924 0.010165 0.00911474 0.00814136 0.00724393 0.00642088 0.00567009 0.004989 0.00437471 0.00382405 0.00333369 0.00290023 0.00252028 0.00219053 0.00190784 0.00166927 0.00147217 0.00131423 0.00119348 0.00110836 0.00105775 
0.00116799 0.00118669 0.00124304 0.00133779 0.00147217 0.00164789 0.00186708 0.00213227 0.00244635 0.00281249 0.00323413 0.00371484 0.00425829 0.00486816 0.00554802 0.00630126 0.00713098 0.0080399 0.00903022 0.0101036 0.0112608 0.0125022 0.0138268 0.0152329 0.0167179 0.0182779 0.019908 0.0216021 0.0233531 0.0251526 0.0269915 0.0288593 0.0307449 0.0326361 0.0345202 0.036384 0.0382138 0.0399956 0.0417153 0.0433591 0.0449134 0.0463648 0.0477009 0.0489099 0.0499811 0.0509047 0.0516722 0.0522768 0.0527127 0.0529758 0.0530638 0.0529758 0.0527127 0.0522768 0.0516722 0.0509047 0.0499811 0.0489099 0.0477009 0.0463648 0.0449134 0.0433591 0.0417153 0.0399956 0.0382138 0.036384 0.0345202 0.0326361 0.0307449 0.0288593 0.0269915 0.0251526 0.0233531 0.0216021 0.019908 0.0182779 0.0167179 0.0152329 0.0138268 0.0125022 0.0112608 0.0101036 0.00903022 0.0080399 0.00713098 0.00630126 0.00554802 0.00486816 0.00425829 0.00371484 0.00323413 0.00281249 0.00244635 0.00213227 0.00186708 0.00164789 0.00147217 0.00133779 0.00124304 0.00118669 
0.00132665 0.00134772 0.00141121 0.00151794 0.00166927 0.00186708 0.00211372 0.00241198 0.00276504 0.00317638 0.00364976 0.0041891 0.0047984 0.00548166 0.00624277 0.00708539 0.00801285 0.00902804 0.0101333 0.0113302 0.0126197 0.0140018 0.0154755 0.0170387 0.0186882 0.0204198 0.0222278 0.0241054 0.0260446 0.0280363 0.0300701 0.0321345 0.0342171 0.0363047 0.0383833 0.0404382 0.0424545 0.0444169 0.0463101 0.0481188 0.0498282 0.0514239 0.0528924 0.0542207 0.0553972 0.0564114 0.0572541 0.0579177 0.0583961 0.0586849 0.0587815 0.0586849 0.0583961 0.0579177 0.0572541 0.0564114 0.0553972 0.0542207 0.0528924 0.0514239 0.0498282 0.0481188 0.0463101 0.0444169 0.0424545 0.0404382 0.0383833 0.0363047 0.0342171 0.0321345 0.0300701 0.0280363 0.0260446 0.0241054 0.0222278 0.0204198 0.0186882 0.0170387 0.0154755 0.0140018 0.0126197 0.0113302 0.0101333 0.00902804 0.00801285 0.00708539 0.00624277 0.00548166 0.0047984 0.0041891 0.00364976 0.00317638 0.00276504 0.00241198 0.00211372 0.00186708 0.00166927 0.00151794 0.00141121 0.00134772 
0.0015189 0.00154283 0.00161491 0.00173608 0.00190784 0.00213227 0.00241198 0.00275007 0.00315005 0.00361578 0.0041514 0.00476123 0.00544967 0.00622111 0.00707978 0.00802966 0.00907436 0.010217 0.0114599 0.0128049 0.0142527 0.0158032 0.0174551 0.0192059 0.021052 0.0229883 0.0250086 0.0271051 0.0292687 0.0314893 0.0337551 0.0360534 0.0383705 0.0406916 0.0430013 0.0452832 0.047521 0.0496978 0.0517966 0.053801 0.0556944 0.0574612 0.0590864 0.0605561 0.0618574 0.0629788 0.0639105 0.064644 0.0651728 0.065492 0.0655987 0.065492 0.0651728 0.064644 0.0639105 0.0629788 0.0618574 0.0605561 0.0590864 0.0574612 0.0556944 0.053801 0.0517966 0.0496978 0.047521 0.0452832 0.0430013 0.0406916 0.0383705 0.0360534 0.0337551 0.0314893 0.0292687 0.0271051 0.0250086 0.0229883 0.021052 0.0192059 0.0174551 0.0158032 0.0142527 0.0128049 0.0114599 0.010217 0.00907436 0.00802966 0.00707978 0.00622111 0.00544967 0.00476123 0.0041514 0.00361578 0.00315005 0.00275007 0.00241198 0.00213227 0.00190784 0.00173608 0.00161491 0.00154283 
0.00174696 0.00177426 0.00185649 0.00199469 0.00219053 0.00244635 0.00276504 0.00315005 0.00360528 0.00413504 0.00474389 0.00543663 0.00621811 0.00709314 0.00806637 0.00914214 0.0103243 0.0116163 0.0130205 0.0145388 0.0161719 0.0179193 0.0197795 0.0217495 0.023825 0.0260002 0.028268 0.0306194 0.0330444 0.0355313 0.038067 0.0406373 0.0432268 0.045819 0.0483968 0.0509421 0.0534367 0.0558619 0.0581991 0.0604299 0.0625363 0.064501 0.0663075 0.0679406 0.0693862 0.0706317 0.0716662 0.0724805 0.0730674 0.0734216 0.0735401 0.0734216 0.0730674 0.0724805 0.0716662 0.0706317 0.0693862 0.0679406 0.0663075 0.064501 0.0625363 0.0604299 0.0581991 0.0558619 0.0534367 0.0509421 0.0483968 0.045819 0.0432268 0.0406373 0.038067 0.0355313 0.0330444 0.0306194 0.028268 0.0260002 0.023825 0.0217495 0.0197795 0.0179193 0.0161719 0.0145388 0.0130205 0.0116163 0.0103243 0.00914214 0.00806637 0.00709314 0.00621811 0.00543663 0.00474389 0.00413504 0.00360528 0.00315005 0.00276504 0.00244635 0.00219053 0.00199469 0.00185649 0.00177426 
0.00201332 0.00204453 0.00213854 0.00229649 0.00252028 0.00281249 0.00317638 0.00361578 0.00413504 0.00473894 0.00543256 0.00622122 0.00711026 0.008105 0.00921052 0.0104316 0.0117724 0.0132364 0.0148265 0.0165443 0.0183904 0.0203643 0.0224637 0.0246853 0.027024 0.0294732 0.0320244 0.0346678 0.0373917 0.0401831 0.0430272 0.0459081 0.0488084 0.0517099 0.0545932 0.0574386 0.0602255 0.0629335 0.0655417 0.06803 0.0703785 0.072568 0.0745805 0.0763991 0.0780084 0.0793946 0.0805456 0.0814516 0.0821044 0.0824984 0.0826302 0.0824984 0.0821044 0.0814516 0.0805456 0.0793946 0.0780084 0.0763991 0.0745805 0.072568 0.0703785 0.06803 0.0655417 0.0629335 0.0602255 0.0574386 0.0545932 0.0517099 0.0488084 0.0459081 0.0430272 0.0401831 0.0373917 0.0346678 0.0320244 0.0294732 0.027024 0.0246853 0.0224637 0.0203643 0.0183904 0.0165443 0.0148265 0.0132364 0.0117724 0.0104316 0.00921052 0.008105 0.00711026 0.00622122 0.00543256 0.00473894 0.00413504 0.00361578 0.00317638 0.00281249 0.00252028 0.00229649 0.00213854 0.00204453 
0.00232064 0.00235633 0.00246384 0.00264443 0.00290023 0.00323413 0.00364976 0.0041514 0.00474389 0.00543256 0.00622306 0.00712125 0.00813306 0.00926434 0.0105207 0.0119072 0.0134285 0.0150884 0.0168897 0.0188341 0.0209221 0.0231527 0.0255233 0.0280298 0.0306664 0.0334252 0.0362968 0.0392698 0.0423311 0.0454658 0.0486574 0.0518879 0.055138 0.0583871 0.0616139 0.0647962 0.0679113 0.0709363 0.0738484 0.0766252 0.0792447 0.0816859 0.0839288 0.085955 0.0877473 0.0892908 0.0905721 0.0915804 0.0923069 0.0927454 0.0928919 0.0927454 0.0923069 0.0915804 0.0905721 0.0892908 0.0877473 0.085955 0.0839288 0.0816859 0.0792447 0.0766252 0.0738484 0.0709363 0.0679113 0.0647962 0.0616139 0.0583871 0.055138 0.0518879 0.0486574 0.0454658 0.0423311 0.0392698 0.0362968 0.0334252 0.0306664 0.0280298 0.0255233 0.0231527 0.0209221 0.0188341 0.0168897 0.0150884 0.0134285 0.0119072 0.0105207 0.00926434 0.00813306 0.00712125 0.00622306 0.00543256 0.00474389 0.0041514 0.00364976 0.00323413 0.00290023 0.00264443 0.00246384 0.00235633 
0.00267174 0.00271251 0.00283532 0.00304159 0.00333369 0.00371484 0.0041891 0.00476123 0.00543663 0.00622122 0.00712125 0.00814322 0.00929368 0.0105791 0.0120055 0.0135785 0.0153031 0.0171834 0.0192221 0.0214212 0.0237806 0.0262992 0.0289738 0.0317995 0.0347693 0.0378744 0.0411039 0.0444449 0.0478825 0.0513998 0.0549784 0.058598 0.062237 0.0658726 0.0694807 0.0730369 0.0765158 0.0798923 0.083141 0.0862371 0.0891565 0.091876 0.0943736 0.096629 0.0986235 0.100341 0.101766 0.102887 0.103695 0.104182 0.104345 0.104182 0.103695 0.102887 0.101766 0.100341 0.0986235 0.096629 0.0943736 0.091876 0.0891565 0.0862371 0.083141 0.0798923 0.0765158 0.0730369 0.0694807 0.0658726 0.062237 0.058598 0.0549784 0.0513998 0.0478825 0.0444449 0.0411039 0.0378744 0.0347693 0.0317995 0.0289738 0.0262992 0.0237806 0.0214212 0.0192221 0.0171834 0.0153031 0.0135785 0.0120055 0.0105791 0.00929368 0.00814322 0.00712125 0.00622122 0.00543663 0.00476123 0.0041891 0.00371484 0.00333369 0.00304159 0.00283532 0.00271251 
0.00306951 0.003116 0.00325602 0.00349116 0.00382405 0.00425829 0.0047984 0.00544967 0.00621811 0.00711026 0.00813306 0.00929368 0.0105993 0.0120571 0.0136736 0.0154549 0.0174064 0.0195323 0.0218357 0.0243181 0.0269796 0.0298182 0.0328303 0.03601 0.0393493 0.0428379 0.0464635 0.0502113 0.0540645 0.0580042 0.0620095 0.0660579 0.0701251 0.0741857 0.0782131 0.0821799 0.0860583 0.0898202 0.0934379 0.0968839 0.100132 0.103156 0.105932 0.108438 0.110653 0.11256 0.114142 0.115387 0.116284 0.116825 0.117005 0.116825 0.116284 0.115387 0.114142 0.11256 0.110653 0.108438 0.105932 0.103156 0.100132 0.0968839 0.0934379 0.0898202 0.0860583 0.0821799 0.0782131 0.0741857 0.0701251 0.0660579 0.0620095 0.0580042 0.0540645 0.0502113 0.0464635 0.0428379 0.0393493 0.03601 0.0328303 0.0298182 0.0269796 0.0243181 0.0218357 0.0195323 0.0174064 0.0154549 0.0136736 0.0120571 0.0105993 0.00929368 0.00813306 0.00711026 0.00621811 0.00544967 0.0047984 0.00425829 0.00382405 0.00349116 0.00325602 0.003116 
0.00351687 0.00356974 0.00372896 0.00399631 0.00437471 0.00486816 0.00548166 0.00622111 0.00709314 0.008105 0.00926434 0.0105791 0.0120571 0.0137061 0.0155334 0.0175455 0.0197482 0.0221459 0.0247417 0.0275371 0.0305317 0.0337232 0.0371069 0.0406761 0.0444215 0.0483313 0.0523914 0.0565852 0.0608936 0.0652954 0.0697673 0.074284 0.0788186 0.0833427 0.0878268 0.0922407 0.0965536 0.100735 0.104753 0.108579 0.112183 0.115537 0.118615 0.121393 0.123847 0.12596 0.127712 0.12909 0.130082 0.130681 0.130881 0.130681 0.130082 0.12909 0.127712 0.12596 0.123847 0.121393 0.118615 0.115537 0.112183 0.108579 0.104753 0.100735 0.0965536 0.0922407 0.0878268 0.0833427 0.0788186 0.074284 0.0697673 0.0652954 0.0608936 0.0565852 0.0523914 0.0483313 0.0444215 0.0406761 0.0371069 0.0337232 0.0305317 0.0275371 0.0247417 0.0221459 0.0197482 0.0175455 0.0155334 0.0137061 0.0120571 0.0105791 0.00926434 0.008105 0.00709314 0.00622111 0.00548166 0.00486816 0.00437471 0.00399631 0.00372896 0.00356974 
0.0040167 0.00407664 0.00425715 0.00456019 0.004989 0.00554802 0.00624277 0.00707978 0.00806637 0.00921052 0.0105207 0.0120055 0.0136736 0.0155334 0.0175928 0.0198588 0.0223376 0.0250337 0.0279504 0.0310889 0.0344484 0.0380259 0.041816 0.0458105 0.049999 0.0543679 0.0589012 0.0635801 0.0683833 0.073287 0.078265 0.0832893 0.0883299 0.0933554 0.0983332 0.10323 0.108012 0.112645 0.117095 0.121329 0.125317 0.129026 0.132428 0.135498 0.138209 0.140542 0.142476 0.143997 0.145093 0.145753 0.145974 0.145753 0.145093 0.143997 0.142476 0.140542 0.138209 0.135498 0.132428 0.129026 0.125317 0.121329 0.117095 0.112645 0.108012 0.10323 0.0983332 0.0933554 0.0883299 0.0832893 0.078265 0.073287 0.0683833 0.0635801 0.0589012 0.0543679 0.049999 0.0458105 0.041816 0.0380259 0.0344484 0.0310889 0.0279504 0.0250337 0.0223376 0.0198588 0.0175928 0.0155334 0.0136736 0.0120055 0.0105207 0.00921052 0.00806637 0.00707978 0.00624277 0.00554802 0.004989 0.00456019 0.00425715 0.00407664 
0.00457175 0.00463949 0.00484344 0.00518578 0.00567009 0.00630126 0.00708539 0.00802966 0.00914214 0.0104316 0.0119072 0.0135785 0.0154549 0.0175455 0.0198588 0.0224024 0.0251827 0.0282045 0.0314709 0.034983 0.0387395 0.0427366 0.0469677 0.0514237 0.0560923 0.0609582 0.0660032 0.0712062 0.0765434 0.081988 0.0875111 0.0930815 0.0986661 0.10423 0.109738 0.115152 0.120436 0.125552 0.130464 0.135136 0.139532 0.14362 0.147368 0.150748 0.153733 0.1563 0.158429 0.160102 0.161307 0.162034 0.162277 0.162034 0.161307 0.160102 0.158429 0.1563 0.153733 0.150748 0.147368 0.14362 0.139532 0.135136 0.130464 0.125552 0.120436 0.115152 0.109738 0.10423 0.0986661 0.0930815 0.0875111 0.081988 0.0765434 0.0712062 0.0660032 0.0609582 0.0560923 0.0514237 0.0469677 0.0427366 0.0387395 0.034983 0.0314709 0.0282045 0.0251827 0.0224024 0.0198588 0.0175455 0.0154549 0.0135785 0.0119072 0.0104316 0.00914214 0.00802966 0.00708539 0.00630126 0.00567009 0.00518578 0.00484344 0.00463949 
0.00518459 0.00526086 0.00549047 0.00587584 0.00642088 0.00713098 0.00801285 0.00907436 0.0103243 0.0117724 0.0134285 0.0153031 0.0174064 0.0197482 0.0223376 0.0251827 0.0282902 0.0316651 0.0353104 0.0392268 0.0434125 0.0478627 0.0525698 0.0575231 0.0627086 0.0681089 0.0737037 0.0794692 0.0853788 0.0914028 0.0975091 0.103663 0.109828 0.115967 0.122039 0.128004 0.133822 0.139452 0.144854 0.149989 0.154819 0.159308 0.163423 0.167131 0.170406 0.17322 0.175554 0.177388 0.178709 0.179505 0.179771 0.179505 0.178709 0.177388 0.175554 0.17322 0.170406 0.167131 0.163423 0.159308 0.154819 0.149989 0.144854 0.139452 0.133822 0.128004 0.122039 0.115967 0.109828 0.103663 0.0975091 0.0914028 0.0853788 0.0794692 0.0737037 0.0681089 0.0627086 0.0575231 0.0525698 0.0478627 0.0434125 0.0392268 0.0353104 0.0316651 0.0282902 0.0251827 0.0223376 0.0197482 0.0174064 0.0153031 0.0134285 0.0117724 0.0103243 0.00907436 0.00801285 0.00713098 0.00642088 0.00587584 0.00549047 0.00526086 
0.00585749 0.00594305 0.00620061 0.0066328 0.00724393 0.0080399 0.00902804 0.010217 0.0116163 0.0132364 0.0150884 0.0171834 0.0195323 0.0221459 0.0250337 0.0282045 0.0316651 0.0354206 0.039474 0.0438254 0.0484723 0.053409 0.0586265 0.0641125 0.0698511 0.0758228 0.0820046 0.08837 0.0948894 0.10153 0.108256 0.11503 0.121811 0.128558 0.135227 0.141775 0.148157 0.154329 0.160248 0.165871 0.171158 0.176069 0.180568 0.184622 0.1882 0.191275 0.193824 0.195827 0.197268 0.198138 0.198428 0.198138 0.197268 0.195827 0.193824 0.191275 0.1882 0.184622 0.180568 0.176069 0.171158 0.165871 0.160248 0.154329 0.148157 0.141775 0.135227 0.128558 0.121811 0.11503 0.108256 0.10153 0.0948894 0.08837 0.0820046 0.0758228 0.0698511 0.0641125 0.0586265 0.053409 0.0484723 0.0438254 0.039474 0.0354206 0.0316651 0.0282045 0.0250337 0.0221459 0.0195323 0.0171834 0.0150884 0.0132364 0.0116163 0.010217 0.00902804 0.0080399 0.00724393 0.0066328 0.00620061 0.00594305 
0.00659239 0.006688 0.00697582 0.0074587 0.00814136 0.00903022 0.0101333 0.0114599 0.0130205 0.0148265 0.0168897 0.0192221 0.0218357 0.0247417 0.0279504 0.0314709 0.0353104 0.039474 0.0439643 0.048781 0.0539207 0.0593767 0.0651384 0.0711918 0.0775188 0.0840976 0.0909024 0.0979039 0.105069 0.112362 0.119743 0.127171 0.134601 0.141989 0.149286 0.156446 0.16342 0.170161 0.176621 0.182755 0.188519 0.193871 0.198772 0.203187 0.207081 0.210427 0.2132 0.215378 0.216946 0.217891 0.218207 0.217891 0.216946 0.215378 0.2132 0.210427 0.207081 0.203187 0.198772 0.193871 0.188519 0.182755 0.176621 0.170161 0.16342 0.156446 0.149286 0.141989 0.134601 0.127171 0.119743 0.112362 0.105069 0.0979039 0.0909024 0.0840976 0.0775188 0.0711918 0.0651384 0.0593767 0.0539207 0.048781 0.0439643 0.039474 0.0353104 0.0314709 0.0279504 0.0247417 0.0218357 0.0192221 0.0168897 0.0148265 0.0130205 0.0114599 0.0101333 0.00903022 0.00814136 0.0074587 0.00697582 0.006688 
0.00739076 0.00749721 0.00781761 0.00835508 0.00911474 0.0101036 0.0113302 0.0128049 0.0145388 0.0165443 0.0188341 0.0214212 0.0243181 0.0275371 0.0310889 0.034983 0.0392268 0.0438254 0.048781 0.0540927 0.0597561 0.0657633 0.072102 0.0787563 0.0857057 0.0929259 0.100388 0.10806 0.115905 0.123884 0.131952 0.140066 0.148177 0.156235 0.164189 0.171988 0.17958 0.186913 0.193936 0.200602 0.206861 0.212671 0.217989 0.222777 0.226999 0.230626 0.23363 0.23599 0.237688 0.238712 0.239054 0.238712 0.237688 0.23599 0.23363 0.230626 0.226999 0.222777 0.217989 0.212671 0.206861 0.200602 0.193936 0.186913 0.17958 0.171988 0.164189 0.156235 0.148177 0.140066 0.131952 0.123884 0.115905 0.10806 0.100388 0.0929259 0.0857057 0.0787563 0.072102 0.0657633 0.0597561 0.0540927 0.048781 0.0438254 0.0392268 0.034983 0.0310889 0.0275371 0.0243181 0.0214212 0.0188341 0.0165443 0.0145388 0.0128049 0.0113302 0.0101036 0.00911474 0.00835508 0.00781761 0.00749721 
0.00825359 0.00837165 0.00872696 0.0093229 0.010165 0.0112608 0.0126197 0.0142527 0.0161719 0.0183904 0.0209221 0.0237806 0.0269796 0.0305317 0.0344484 0.0387395 0.0434125 0.0484723 0.0539207 0.0597561 0.0659731 0.0725621 0.0795092 0.0867963 0.0944005 0.102295 0.110447 0.118821 0.127378 0.136073 0.14486 0.153689 0.162509 0.171264 0.179901 0.188363 0.196595 0.204541 0.212147 0.219361 0.226133 0.232415 0.238162 0.243334 0.247894 0.25181 0.255052 0.257598 0.25943 0.260535 0.260904 0.260535 0.25943 0.257598 0.255052 0.25181 0.247894 0.243334 0.238162 0.232415 0.226133 0.219361 0.212147 0.204541 0.196595 0.188363 0.179901 0.171264 0.162509 0.153689 0.14486 0.136073 0.127378 0.118821 0.110447 0.102295 0.0944005 0.0867963 0.0795092 0.0725621 0.0659731 0.0597561 0.0539207 0.0484723 0.0434125 0.0387395 0.0344484 0.0305317 0.0269796 0.0237806 0.0209221 0.0183904 0.0161719 0.0142527 0.0126197 0.0112608 0.010165 0.0093229 0.00872696 0.00837165 
0.00918124 0.00931167 0.00970419 0.0103624 0.0112924 0.0125022 0.0140018 0.0158032 0.0179193 0.0203643 0.0231527 0.0262992 0.0298182 0.0337232 0.0380259 0.0427366 0.0478627 0.053409 0.0593767 0.0657633 0.0725621 0.079762 0.0873471 0.095297 0.103586 0.112184 0.121056 0.130163 0.13946 0.148901 0.158434 0.168005 0.177558 0.187034 0.196376 0.205522 0.214413 0.22299 0.231196 0.238974 0.24627 0.253036 0.259223 0.264788 0.269693 0.273903 0.277389 0.280126 0.282094 0.283281 0.283678 0.283281 0.282094 0.280126 0.277389 0.273903 0.269693 0.264788 0.259223 0.253036 0.24627 0.238974 0.231196 0.22299 0.214413 0.205522 0.196376 0.187034 0.177558 0.168005 0.158434 0.148901 0.13946 0.130163 0.121056 0.112184 0.103586 0.095297 0.0873471 0.079762 0.0725621 0.0657633 0.0593767 0.053409 0.0478627 0.0427366 0.0380259 0.0337232 0.0298182 0.0262992 0.0231527 0.0203643 0.0179193 0.0158032 0.0140018 0.0125022 0.0112924 0.0103624 0.00970419 0.00931167 
0.0101734 0.010317 0.0107489 0.0114732 0.0124963 0.0138268 0.0154755 0.0174551 0.0197795 0.0224637 0.0255233 0.0289738 0.0328303 0.0371069 0.041816 0.0469677 0.0525698 0.0586265 0.0651384 0.072102 0.0795092 0.0873471 0.0955979 0.104238 0.11324 0.12257 0.132189 0.142055 0.152119 0.162329 0.172632 0.182967 0.193276 0.203494 0.213559 0.223407 0.232974 0.242196 0.251014 0.259367 0.267199 0.274457 0.281091 0.287056 0.292311 0.29682 0.300553 0.303482 0.30559 0.30686 0.307284 0.30686 0.30559 0.303482 0.300553 0.29682 0.292311 0.287056 0.281091 0.274457 0.267199 0.259367 0.251014 0.242196 0.232974 0.223407 0.213559 0.203494 0.193276 0.182967 0.172632 0.162329 0.152119 0.142055 0.132189 0.12257 0.11324 0.104238 0.0955979 0.0873471 0.0795092 0.072102 0.0651384 0.0586265 0.0525698 0.0469677 0.041816 0.0371069 0.0328303 0.0289738 0.0255233 0.0224637 0.0197795 0.0174551 0.0154755 0.0138268 0.0124963 0.0114732 0.0107489 0.010317 
0.0112291 0.0113865 0.0118601 0.012654 0.0137752 0.0152329 0.0170387 0.0192059 0.0217495 0.0246853 0.0280298 0.0317995 0.03601 0.0406761 0.0458105 0.0514237 0.0575231 0.0641125 0.0711918 0.0787563 0.0867963 0.095297 0.104238 0.113594 0.123334 0.13342 0.14381 0.154458 0.165311 0.176313 0.187406 0.198525 0.209607 0.220583 0.231387 0.24195 0.252204 0.262083 0.271522 0.280458 0.288832 0.296589 0.303675 0.310044 0.315652 0.320463 0.324444 0.327569 0.329815 0.331169 0.331622 0.331169 0.329815 0.327569 0.324444 0.320463 0.315652 0.310044 0.303675 0.296589 0.288832 0.280458 0.271522 0.262083 0.252204 0.24195 0.231387 0.220583 0.209607 0.198525 0.187406 0.176313 0.165311 0.154458 0.14381 0.13342 0.123334 0.113594 0.104238 0.095297 0.0867963 0.0787563 0.0711918 0.0641125 0.0575231 0.0514237 0.0458105 0.0406761 0.03601 0.0317995 0.0280298 0.0246853 0.0217495 0.0192059 0.0170387 0.0152329 0.0137752 0.012654 0.0118601 0.0113865 
0.0123465 0.0125184 0.0130357 0.0139027 0.0151268 0.0167179 0.0186882 0.021052 0.023825 0.027024 0.0306664 0.0347693 0.0393493 0.0444215 0.049999 0.0560923 0.0627086 0.0698511 0.0775188 0.0857057 0.0944005 0.103586 0.11324 0.123334 0.133832 0.144696 0.155878 0.167327 0.178988 0.1908 0.202699 0.214617 0.226485 0.238232 0.249786 0.261073 0.272023 0.282565 0.292631 0.302156 0.311076 0.319333 0.326874 0.333648 0.339611 0.344724 0.348954 0.352273 0.354659 0.356097 0.356577 0.356097 0.354659 0.352273 0.348954 0.344724 0.339611 0.333648 0.326874 0.319333 0.311076 0.302156 0.292631 0.282565 0.272023 0.261073 0.249786 0.238232 0.226485 0.214617 0.202699 0.1908 0.178988 0.167327 0.155878 0.144696 0.133832 0.123334 0.11324 0.103586 0.0944005 0.0857057 0.0775188 0.0698511 0.0627086 0.0560923 0.049999 0.0444215 0.0393493 0.0347693 0.0306664 0.027024 0.023825 0.021052 0.0186882 0.0167179 0.0151268 0.0139027 0.0130357 0.0125184 
0.013523 0.0137101 0.0142729 0.0152162 0.0165477 0.0182779 0.0204198 0.0229883 0.0260002 0.0294732 0.0334252 0.0378744 0.0428379 0.0483313 0.0543679 0.0609582 0.0681089 0.0758228 0.0840976 0.0929259 0.102295 0.112184 0.12257 0.13342 0.144696 0.156354 0.168344 0.180611 0.193095 0.205729 0.218446 0.231174 0.243839 0.256364 0.268674 0.280692 0.292342 0.30355 0.314245 0.324359 0.333825 0.342583 0.350577 0.357755 0.364071 0.369485 0.373962 0.377474 0.379999 0.38152 0.382028 0.38152 0.379999 0.377474 0.373962 0.369485 0.364071 0.357755 0.350577 0.342583 0.333825 0.324359 0.314245 0.30355 0.292342 0.280692 0.268674 0.256364 0.243839 0.231174 0.218446 0.205729 0.193095 0.180611 0.168344 0.156354 0.144696 0.13342 0.12257 0.112184 0.102295 0.0929259 0.0840976 0.0758228 0.0681089 0.0609582 0.0543679 0.0483313 0.0428379 0.0378744 0.0334252 0.0294732 0.0260002 0.0229883 0.0204198 0.0182779 0.0165477 0.0152162 0.0142729 0.0137101 
0.014755 0.0149578 0.015568 0.0165905 0.0180334 0.019908 0.0222278 0.0250086 0.028268 0.0320244 0.0362968 0.0411039 0.0464635 0.0523914 0.0589012 0.0660032 0.0737037 0.0820046 0.0909024 0.100388 0.110447 0.121056 0.132189 0.14381 0.155878 0.168344 0.181155 0.194251 0.207567 0.221034 0.234577 0.248121 0.261587 0.274895 0.287963 0.300712 0.313062 0.324935 0.336258 0.346957 0.356966 0.366222 0.374665 0.382243 0.388909 0.39462 0.399342 0.403045 0.405707 0.40731 0.407846 0.40731 0.405707 0.403045 0.399342 0.39462 0.388909 0.382243 0.374665 0.366222 0.356966 0.346957 0.336258 0.324935 0.313062 0.300712 0.287963 0.274895 0.261587 0.248121 0.234577 0.221034 0.207567 0.194251 0.181155 0.168344 0.155878 0.14381 0.132189 0.121056 0.110447 0.100388 0.0909024 0.0820046 0.0737037 0.0660032 0.0589012 0.0523914 0.0464635 0.0411039 0.0362968 0.0320244 0.028268 0.0250086 0.0222278 0.019908 0.0180334 0.0165905 0.015568 0.0149578 
0.0160382 0.0162573 0.0169163 0.0180205 0.0195786 0.0216021 0.0241054 0.0271051 0.0306194 0.0346678 0.0392698 0.0444449 0.0502113 0.0565852 0.0635801 0.0712062 0.0794692 0.08837 0.0979039 0.10806 0.118821 0.130163 0.142055 0.154458 0.167327 0.180611 0.194251 0.208183 0.222338 0.23664 0.251013 0.265375 0.279642 0.293731 0.307556 0.321033 0.334079 0.346612 0.358556 0.369836 0.380382 0.390128 0.399014 0.406986 0.413995 0.419999 0.42496 0.428851 0.431646 0.43333 0.433893 0.43333 0.431646 0.428851 0.42496 0.419999 0.413995 0.406986 0.399014 0.390128 0.380382 0.369836 0.358556 0.346612 0.334079 0.321033 0.307556 0.293731 0.279642 0.265375 0.251013 0.23664 0.222338 0.208183 0.194251 0.180611 0.167327 0.154458 0.142055 0.130163 0.118821 0.10806 0.0979039 0.08837 0.0794692 0.0712062 0.0635801 0.0565852 0.0502113 0.0444449 0.0392698 0.0346678 0.0306194 0.0271051 0.0241054 0.0216021 0.0195786 0.0180205 0.0169163 0.0162573 
0.0173672 0.017603 0.0183123 0.0195005 0.0211767 0.0233531 0.0260446 0.0292687 0.0330444 0.0373917 0.0423311 0.0478825 0.0540645 0.0608936 0.0683833 0.0765434 0.0853788 0.0948894 0.105069 0.115905 0.127378 0.13946 0.152119 0.165311 0.178988 0.193095 0.207567 0.222338 0.237332 0.25247 0.267671 0.282847 0.297912 0.312777 0.327352 0.341549 0.355283 0.368468 0.381024 0.392874 0.403946 0.414173 0.423493 0.43185 0.439194 0.445483 0.450679 0.454751 0.457677 0.45944 0.460028 0.45944 0.457677 0.454751 0.450679 0.445483 0.439194 0.43185 0.423493 0.414173 0.403946 0.392874 0.381024 0.368468 0.355283 0.341549 0.327352 0.312777 0.297912 0.282847 0.267671 0.25247 0.237332 0.222338 0.207567 0.193095 0.178988 0.165311 0.152119 0.13946 0.127378 0.115905 0.105069 0.0948894 0.0853788 0.0765434 0.0683833 0.0608936 0.0540645 0.0478825 0.0423311 0.0373917 0.0330444 0.0292687 0.0260446 0.0233531 0.0211767 0.0195005 0.0183123 0.017603 
0.018736 0.0189888 0.0197494 0.0210234 0.0228202 0.0251526 0.0280363 0.0314893 0.0355313 0.0401831 0.0454658 0.0513998 0.0580042 0.0652954 0.073287 0.081988 0.0914028 0.10153 0.112362 0.123884 0.136073 0.148901 0.162329 0.176313 0.1908 0.205729 0.221034 0.23664 0.25247 0.26844 0.284462 0.300446 0.3163 0.33193 0.347244 0.362151 0.376559 0.390382 0.403537 0.415945 0.427531 0.438226 0.447968 0.456699 0.464369 0.470933 0.476356 0.480605 0.483657 0.485495 0.486109 0.485495 0.483657 0.480605 0.476356 0.470933 0.464369 0.456699 0.447968 0.438226 0.427531 0.415945 0.403537 0.390382 0.376559 0.362151 0.347244 0.33193 0.3163 0.300446 0.284462 0.26844 0.25247 0.23664 0.221034 0.205729 0.1908 0.176313 0.162329 0.148901 0.136073 0.123884 0.112362 0.10153 0.0914028 0.081988 0.073287 0.0652954 0.0580042 0.0513998 0.0454658 0.0401831 0.0355313 0.0314893 0.0280363 0.0251526 0.0228202 0.0210234 0.0197494 0.0189888 
0.0201374 0.0204076 0.0212202 0.0225813 0.0245007 0.0269915 0.0300701 0.0337551 0.038067 0.0430272 0.0486574 0.0549784 0.0620095 0.0697673 0.078265 0.0875111 0.0975091 0.108256 0.119743 0.131952 0.14486 0.158434 0.172632 0.187406 0.202699 0.218446 0.234577 0.251013 0.267671 0.284462 0.301294 0.318074 0.334703 0.351085 0.367124 0.382723 0.397791 0.412236 0.425974 0.438922 0.451006 0.462155 0.472304 0.481395 0.489379 0.496209 0.501849 0.506268 0.509441 0.511352 0.51199 0.511352 0.509441 0.506268 0.501849 0.496209 0.489379 0.481395 0.472304 0.462155 0.451006 0.438922 0.425974 0.412236 0.397791 0.382723 0.367124 0.351085 0.334703 0.318074 0.301294 0.284462 0.267671 0.251013 0.234577 0.218446 0.202699 0.187406 0.172632 0.158434 0.14486 0.131952 0.119743 0.108256 0.0975091 0.0875111 0.078265 0.0697673 0.0620095 0.0549784 0.0486574 0.0430272 0.038067 0.0337551 0.0300701 0.0269915 0.0245007 0.0225813 0.0212202 0.0204076 
0.0215636 0.0218513 0.0227166 0.0241657 0.0262086 0.0288593 0.0321345 0.0360534 0.0406373 0.0459081 0.0518879 0.058598 0.0660579 0.074284 0.0832893 0.0930815 0.103663 0.11503 0.127171 0.140066 0.153689 0.168005 0.182967 0.198525 0.214617 0.231174 0.248121 0.265375 0.282847 0.300446 0.318074 0.335632 0.353019 0.370135 0.386879 0.403152 0.418859 0.433907 0.448207 0.461678 0.474241 0.485825 0.496365 0.505802 0.514086 0.52117 0.527018 0.531598 0.534887 0.536867 0.537528 0.536867 0.534887 0.531598 0.527018 0.52117 0.514086 0.505802 0.496365 0.485825 0.474241 0.461678 0.448207 0.433907 0.418859 0.403152 0.386879 0.370135 0.353019 0.335632 0.318074 0.300446 0.282847 0.265375 0.248121 0.231174 0.214617 0.198525 0.182967 0.168005 0.153689 0.140066 0.127171 0.11503 0.103663 0.0930815 0.0832893 0.074284 0.0660579 0.058598 0.0518879 0.0459081 0.0406373 0.0360534 0.0321345 0.0288593 0.0262086 0.0241657 0.0227166 0.0218513 
0.0230061 0.0233114 0.0242295 0.0257668 0.0279339 0.0307449 0.0342171 0.0383705 0.0432268 0.0488084 0.055138 0.062237 0.0701251 0.0788186 0.0883299 0.0986661 0.109828 0.121811 0.134601 0.148177 0.162509 0.177558 0.193276 0.209607 0.226485 0.243839 0.261587 0.279642 0.297912 0.3163 0.334703 0.353019 0.371143 0.38897 0.406397 0.423321 0.439644 0.455271 0.470113 0.484084 0.497105 0.509105 0.520018 0.529784 0.538353 0.545678 0.551723 0.556456 0.559854 0.5619 0.562583 0.5619 0.559854 0.556456 0.551723 0.545678 0.538353 0.529784 0.520018 0.509105 0.497105 0.484084 0.470113 0.455271 0.439644 0.423321 0.406397 0.38897 0.371143 0.353019 0.334703 0.3163 0.297912 0.279642 0.261587 0.243839 0.226485 0.209607 0.193276 0.177558 0.162509 0.148177 0.134601 0.121811 0.109828 0.0986661 0.0883299 0.0788186 0.0701251 0.062237 0.055138 0.0488084 0.0432268 0.0383705 0.0342171 0.0307449 0.0279339 0.0257668 0.0242295 0.0233114 
0.0244556 0.0247784 0.0257492 0.0273745 0.0296653 0.0326361 0.0363047 0.0406916 0.045819 0.0517099 0.0583871 0.0658726 0.0741857 0.0833427 0.0933554 0.10423 0.115967 0.128558 0.141989 0.156235 0.171264 0.187034 0.203494 0.220583 0.238232 0.256364 0.274895 0.293731 0.312777 0.33193 0.351085 0.370135 0.38897 0.407483 0.425567 0.443116 0.460029 0.47621 0.491567 0.506014 0.519472 0.531866 0.543131 0.553209 0.562046 0.569598 0.575828 0.580706 0.584206 0.586313 0.587017 0.586313 0.584206 0.580706 0.575828 0.569598 0.562046 0.553209 0.543131 0.531866 0.519472 0.506014 0.491567 0.47621 0.460029 0.443116 0.425567 0.407483 0.38897 0.370135 0.351085 0.33193 0.312777 0.293731 0.274895 0.256364 0.238232 0.220583 0.203494 0.187034 0.171264 0.156235 0.141989 0.128558 0.115967 0.10423 0.0933554 0.0833427 0.0741857 0.0658726 0.0583871 0.0517099 0.045819 0.0406916 0.0363047 0.0326361 0.0296653 0.0273745 0.0257492 0.0247784 
0.0259021 0.0262423 0.0272653 0.0289779 0.0313912 0.0345202 0.0383833 0.0430013 0.0483968 0.0545932 0.0616139 0.0694807 0.0782131 0.0878268 0.0983332 0.109738 0.122039 0.135227 0.149286 0.164189 0.179901 0.196376 0.213559 0.231387 0.249786 0.268674 0.287963 0.307556 0.327352 0.347244 0.367124 0.386879 0.406397 0.425567 0.444277 0.462422 0.479898 0.496605 0.512451 0.527348 0.541216 0.553982 0.565579 0.575948 0.585037 0.592802 0.599205 0.604216 0.607812 0.609977 0.610699 0.609977 0.607812 0.604216 0.599205 0.592802 0.585037 0.575948 0.565579 0.553982 0.541216 0.527348 0.512451 0.496605 0.479898 0.462422 0.444277 0.425567 0.406397 0.386879 0.367124 0.347244 0.327352 0.307556 0.287963 0.268674 0.249786 0.231387 0.213559 0.196376 0.179901 0.164189 0.149286 0.135227 0.122039 0.109738 0.0983332 0.0878268 0.0782131 0.0694807 0.0616139 0.0545932 0.0483968 0.0430013 0.0383833 0.0345202 0.0313912 0.0289779 0.0272653 0.0262423 
0.0273354 0.0276927 0.0287671 0.0305655 0.0330994 0.036384 0.0404382 0.0452832 0.0509421 0.0574386 0.0647962 0.0730369 0.0821799 0.0922407 0.10323 0.115152 0.128004 0.141775 0.156446 0.171988 0.188363 0.205522 0.223407 0.24195 0.261073 0.280692 0.300712 0.321033 0.341549 0.362151 0.382723 0.403152 0.423321 0.443116 0.462422 0.481132 0.499138 0.516342 0.532648 0.547968 0.562221 0.575335 0.587241 0.597881 0.607204 0.615166 0.62173 0.626865 0.63055 0.632767 0.633507 0.632767 0.63055 0.626865 0.62173 0.615166 0.607204 0.597881 0.587241 0.575335 0.562221 0.547968 0.532648 0.516342 0.499138 0.481132 0.462422 0.443116 0.423321 0.403152 0.382723 0.362151 0.341549 0.321033 0.300712 0.280692 0.261073 0.24195 0.223407 0.205522 0.188363 0.171988 0.156446 0.141775 0.128004 0.115152 0.10323 0.0922407 0.0821799 0.0730369 0.0647962 0.0574386 0.0509421 0.0452832 0.0404382 0.036384 0.0330994 0.0305655 0.0287671 0.0276927 
0.0287448 0.0291188 0.0302434 0.0321256 0.0347772 0.0382138 0.0424545 0.047521 0.0534367 0.0602255 0.0679113 0.0765158 0.0860583 0.0965536 0.108012 0.120436 0.133822 0.148157 0.16342 0.17958 0.196595 0.214413 0.232974 0.252204 0.272023 0.292342 0.313062 0.334079 0.355283 0.376559 0.397791 0.418859 0.439644 0.460029 0.479898 0.499138 0.517644 0.535312 0.552048 0.567762 0.582374 0.59581 0.608002 0.618894 0.628433 0.636576 0.643287 0.648537 0.652302 0.654568 0.655324 0.654568 0.652302 0.648537 0.643287 0.636576 0.628433 0.618894 0.608002 0.59581 0.582374 0.567762 0.552048 0.535312 0.517644 0.499138 0.479898 0.460029 0.439644 0.418859 0.397791 0.376559 0.355283 0.334079 0.313062 0.292342 0.272023 0.252204 0.232974 0.214413 0.196595 0.17958 0.16342 0.148157 0.133822 0.120436 0.108012 0.0965536 0.0860583 0.0765158 0.0679113 0.0602255 0.0534367 0.047521 0.0424545 0.0382138 0.0347772 0.0321256 0.0302434 0.0291188 
0.0301192 0.0305094 0.0316826 0.0336461 0.0364118 0.0399956 0.0444169 0.0496978 0.0558619 0.0629335 0.0709363 0.0798923 0.0898202 0.100735 0.112645 0.125552 0.139452 0.154329 0.170161 0.186913 0.204541 0.22299 0.242196 0.262083 0.282565 0.30355 0.324935 0.346612 0.368468 0.390382 0.412236 0.433907 0.455271 0.47621 0.496605 0.516342 0.535312 0.553412 0.570547 0.586626 0.601569 0.615302 0.627757 0.638879 0.648616 0.656925 0.66377 0.669124 0.672963 0.675273 0.676044 0.675273 0.672963 0.669124 0.66377 0.656925 0.648616 0.638879 0.627757 0.615302 0.601569 0.586626 0.570547 0.553412 0.535312 0.516342 0.496605 0.47621 0.455271 0.433907 0.412236 0.390382 0.368468 0.346612 0.324935 0.30355 0.282565 0.262083 0.242196 0.22299 0.204541 0.186913 0.170161 0.154329 0.139452 0.125552 0.112645 0.100735 0.0898202 0.0798923 0.0709363 0.0629335 0.0558619 0.0496978 0.0444169 0.0399956 0.0364118 0.0336461 0.0316826 0.0305094 
0.0314477 0.0318535 0.0330734 0.035115 0.0379902 0.0417153 0.0463101 0.0517966 0.0581991 0.0655417 0.0738484 0.083141 0.0934379 0.104753 0.117095 0.130464 0.144854 0.160248 0.176621 0.193936 0.212147 0.231196 0.251014 0.271522 0.292631 0.314245 0.336258 0.358556 0.381024 0.403537 0.425974 0.448207 0.470113 0.491567 0.512451 0.532648 0.552048 0.570547 0.588049 0.604463 0.619709 0.633713 0.646409 0.657739 0.667655 0.676114 0.683082 0.688529 0.692435 0.694785 0.695569 0.694785 0.692435 0.688529 0.683082 0.676114 0.667655 0.657739 0.646409 0.633713 0.619709 0.604463 0.588049 0.570547 0.552048 0.532648 0.512451 0.491567 0.470113 0.448207 0.425974 0.403537 0.381024 0.358556 0.336258 0.314245 0.292631 0.271522 0.251014 0.231196 0.212147 0.193936 0.176621 0.160248 0.144854 0.130464 0.117095 0.104753 0.0934379 0.083141 0.0738484 0.0655417 0.0581991 0.0517966 0.0463101 0.0417153 0.0379902 0.035115 0.0330734 0.0318535 
0.0327191 0.0331398 0.0344042 0.0365201 0.0394996 0.0433591 0.0481188 0.053801 0.0604299 0.06803 0.0766252 0.0862371 0.0968839 0.108579 0.121329 0.135136 0.149989 0.165871 0.182755 0.200602 0.219361 0.238974 0.259367 0.280458 0.302156 0.324359 0.346957 0.369836 0.392874 0.415945 0.438922 0.461678 0.484084 0.506014 0.527348 0.547968 0.567762 0.586626 0.604463 0.621183 0.636704 0.650953 0.663866 0.675386 0.685463 0.694057 0.701133 0.706665 0.71063 0.713015 0.713811 0.713015 0.71063 0.706665 0.701133 0.694057 0.685463 0.675386 0.663866 0.650953 0.636704 0.621183 0.604463 0.586626 0.567762 0.547968 0.527348 0.506014 0.484084 0.461678 0.438922 0.415945 0.392874 0.369836 0.346957 0.324359 0.302156 0.280458 0.259367 0.238974 0.219361 0.200602 0.182755 0.165871 0.149989 0.135136 0.121329 0.108579 0.0968839 0.0862371 0.0766252 0.06803 0.0604299 0.053801 0.0481188 0.0433591 0.0394996 0.0365201 0.0344042 0.0331398 
0.0339228 0.0343573 0.0356637 0.0378495 0.0409272 0.0449134 0.0498282 0.0556944 0.0625363 0.0703785 0.0792447 0.0891565 0.100132 0.112183 0.125317 0.139532 0.154819 0.171158 0.188519 0.206861 0.226133 0.24627 0.267199 0.288832 0.311076 0.333825 0.356966 0.380382 0.403946 0.427531 0.451006 0.474241 0.497105 0.519472 0.541216 0.562221 0.582374 0.601569 0.619709 0.636704 0.652473 0.666943 0.68005 0.691738 0.701959 0.710673 0.717846 0.723452 0.72747 0.729887 0.730693 0.729887 0.72747 0.723452 0.717846 0.710673 0.701959 0.691738 0.68005 0.666943 0.652473 0.636704 0.619709 0.601569 0.582374 0.562221 0.541216 0.519472 0.497105 0.474241 0.451006 0.427531 0.403946 0.380382 0.356966 0.333825 0.311076 0.288832 0.267199 0.24627 0.226133 0.206861 0.188519 0.171158 0.154819 0.139532 0.125317 0.112183 0.100132 0.0891565 0.0792447 0.0703785 0.0625363 0.0556944 0.0498282 0.0449134 0.0409272 0.0378495 0.0356637 0.0343573 
