9.93727e-29 2.96853e-28 1.61931e-27 8.75441e-27 4.57014e-26 2.30158e-25 1.11793e-24 5.23611e-24 2.36438e-23 1.02909e-22 4.31663e-22 1.74469e-21 6.79394e-21 2.54866e-20 9.21015e-20 3.20616e-19 1.07519e-18 3.47385e-18 1.08149e-17 3.24493e-17 9.3853e-17 2.6173e-16 7.03913e-16 1.82614e-15 4.57058e-15 1.10377e-14 2.57207e-14 5.78342e-14 1.25477e-13 2.62657e-13 5.3041e-13 1.03319e-12 1.94102e-12 3.51627e-12 6.14083e-12 1.03353e-11 1.67562e-11 2.61549e-11 3.92806e-11 5.6725e-11 7.87243e-11 1.04969e-10 1.34494e-10 1.6572e-10 1.96677e-10 2.25348e-10 2.50045e-10 2.69645e-10 2.83633e-10 2.91942e-10 2.94688e-10 2.91942e-10 2.83633e-10 2.69645e-10 2.50045e-10 2.25348e-10 1.96677e-10 1.6572e-10 1.34494e-10 1.04969e-10 7.87243e-11 5.6725e-11 3.92806e-11 2.61549e-11 1.67562e-11 1.03353e-11 6.14083e-12 3.51627e-12 1.94102e-12 1.03319e-12 5.3041e-13 2.62657e-13 1.25477e-13 5.78342e-14 2.57207e-14 1.10377e-14 4.57058e-15 1.82614e-15 7.03913e-16 2.6173e-16 9.3853e-17 3.24493e-17 1.08149e-17 3.47385e-18 1.07519e-18 3.20616e-19 9.21015e-20 2.54866e-20 6.79394e-21 1.74469e-21 4.31663e-22 1.02909e-22 2.36438e-23 5.23611e-24 1.11793e-24 2.30158e-25 4.57014e-26 8.75441e-27 1.61931e-27 2.96853e-28 
2.96853e-28 8.783e-28 4.74094e-27 2.53807e-26 1.31234e-25 6.54724e-25 3.15087e-24 1.46241e-23 6.54445e-23 2.82327e-22 1.17388e-21 4.70332e-21 1.81566e-20 6.75251e-20 2.41916e-19 8.34881e-19 2.77561e-18 8.89003e-18 2.74361e-17 8.16009e-17 2.33949e-16 6.46706e-16 1.7241e-15 4.43395e-15 1.10022e-14 2.63445e-14 6.0879e-14 1.35776e-13 2.92249e-13 6.0706e-13 1.21681e-12 2.3533e-12 4.39079e-12 7.90217e-12 1.37149e-11 2.29481e-11 3.70027e-11 5.74685e-11 8.59162e-11 1.23567e-10 1.70877e-10 2.27145e-10 2.90287e-10 3.56933e-10 4.22901e-10 4.83933e-10 5.36466e-10 5.78139e-10 6.07876e-10 6.25537e-10 6.31375e-10 6.25537e-10 6.07876e-10 5.78139e-10 5.36466e-10 4.83933e-10 4.22901e-10 3.56933e-10 2.90287e-10 2.27145e-10 1.70877e-10 1.23567e-10 8.59162e-11 5.74685e-11 3.70027e-11 2.29481e-11 1.37149e-11 7.90217e-12 4.39079e-12 2.3533e-12 1.21681e-12 6.0706e-13 2.92249e-13 1.35776e-13 6.0879e-14 2.63445e-14 1.10022e-14 4.43395e-15 1.7241e-15 6.46706e-16 2.33949e-16 8.16009e-17 2.74361e-17 8.89003e-18 2.77561e-18 8.34881e-19 2.41916e-19 6.75251e-20 1.81566e-20 4.70332e-21 1.17388e-21 2.82327e-22 6.54445e-23 1.46241e-23 3.15087e-24 6.54724e-25 1.31234e-25 2.53807e-26 4.74094e-27 8.783e-28 
1.61931e-27 4.74094e-27 2.52968e-26 1.33973e-25 6.8543e-25 3.38416e-24 1.61199e-23 7.40617e-23 3.28125e-22 1.40152e-21 5.77001e-21 2.28921e-20 8.7509e-20 3.2227e-19 1.14326e-18 3.90671e-18 1.28595e-17 4.07773e-17 1.2458e-16 3.66772e-16 1.0408e-15 2.84755e-15 7.51335e-15 1.91237e-14 4.69668e-14 1.11321e-13 2.54677e-13 5.62424e-13 1.19897e-12 2.46723e-12 4.90058e-12 9.39476e-12 1.73811e-11 3.10289e-11 5.34401e-11 8.87699e-11 1.42168e-10 2.19419e-10 3.26166e-10 4.66705e-10 6.42494e-10 8.50752e-10 1.0837e-09 1.32894e-09 1.57121e-09 1.79502e-09 1.98748e-09 2.14007e-09 2.24891e-09 2.31356e-09 2.33492e-09 2.31356e-09 2.24891e-09 2.14007e-09 1.98748e-09 1.79502e-09 1.57121e-09 1.32894e-09 1.0837e-09 8.50752e-10 6.42494e-10 4.66705e-10 3.26166e-10 2.19419e-10 1.42168e-10 8.87699e-11 5.34401e-11 3.10289e-11 1.73811e-11 9.39476e-12 4.90058e-12 2.46723e-12 1.19897e-12 5.62424e-13 2.54677e-13 1.11321e-13 4.69668e-14 1.91237e-14 7.51335e-15 2.84755e-15 1.0408e-15 3.66772e-16 1.2458e-16 4.07773e-17 1.28595e-17 3.90671e-18 1.14326e-18 3.2227e-19 8.7509e-20 2.28921e-20 5.77001e-21 1.40152e-21 3.28125e-22 7.40617e-23 1.61199e-23 3.38416e-24 6.8543e-25 1.33973e-25 2.52968e-26 4.74094e-27 
8.75441e-27 2.53807e-26 1.33973e-25 7.02416e-25 3.55842e-24 1.73992e-23 8.20889e-23 3.73605e-22 1.63983e-21 6.93964e-21 2.83087e-20 1.11289e-19 4.21552e-19 1.53832e-18 5.40745e-18 1.83087e-17 5.97094e-17 1.87574e-16 5.67673e-16 1.6554e-15 4.65254e-15 1.26061e-14 3.29389e-14 8.30246e-14 2.01928e-13 4.74008e-13 1.07412e-12 2.34991e-12 4.96373e-12 1.01234e-11 1.99341e-11 3.7896e-11 6.95476e-11 1.23201e-10 2.10631e-10 3.47461e-10 5.5287e-10 8.48178e-10 1.25393e-09 1.78544e-09 2.44734e-09 3.22855e-09 4.09966e-09 5.01444e-09 5.91636e-09 6.74839e-09 7.46313e-09 8.02944e-09 8.43326e-09 8.67305e-09 8.75231e-09 8.67305e-09 8.43326e-09 8.02944e-09 7.46313e-09 6.74839e-09 5.91636e-09 5.01444e-09 4.09966e-09 3.22855e-09 2.44734e-09 1.78544e-09 1.25393e-09 8.48178e-10 5.5287e-10 3.47461e-10 2.10631e-10 1.23201e-10 6.95476e-11 3.7896e-11 1.99341e-11 1.01234e-11 4.96373e-12 2.34991e-12 1.07412e-12 4.74008e-13 2.01928e-13 8.30246e-14 3.29389e-14 1.26061e-14 4.65254e-15 1.6554e-15 5.67673e-16 1.87574e-16 5.97094e-17 1.83087e-17 5.40745e-18 1.53832e-18 4.21552e-19 1.11289e-19 2.83087e-20 6.93964e-21 1.63983e-21 3.73605e-22 8.20889e-23 1.73992e-23 3.55842e-24 7.02416e-25 1.33973e-25 2.53807e-26 
4.57014e-26 1.31234e-25 6.8543e-25 3.55842e-24 1.78535e-23 8.64693e-23 4.04151e-22 1.82241e-21 7.92595e-21 3.32384e-20 1.34369e-19 5.2351e-19 1.96527e-18 7.10745e-18 2.47593e-17 8.30732e-17 2.68453e-16 8.35563e-16 2.50519e-15 7.23656e-15 2.01445e-14 5.40561e-14 1.39874e-13 3.49123e-13 8.4084e-13 1.95464e-12 4.38675e-12 9.50633e-12 1.98941e-11 4.02065e-11 7.84751e-11 1.47918e-10 2.69238e-10 4.73201e-10 8.0296e-10 1.31521e-09 2.07887e-09 3.16973e-09 4.65985e-09 6.60166e-09 9.00886e-09 1.1839e-08 1.49846e-08 1.82793e-08 2.15209e-08 2.45068e-08 2.7069e-08 2.90976e-08 3.05435e-08 3.14019e-08 3.16856e-08 3.14019e-08 3.05435e-08 2.90976e-08 2.7069e-08 2.45068e-08 2.15209e-08 1.82793e-08 1.49846e-08 1.1839e-08 9.00886e-09 6.60166e-09 4.65985e-09 3.16973e-09 2.07887e-09 1.31521e-09 8.0296e-10 4.73201e-10 2.69238e-10 1.47918e-10 7.84751e-11 4.02065e-11 1.98941e-11 9.50633e-12 4.38675e-12 1.95464e-12 8.4084e-13 3.49123e-13 1.39874e-13 5.40561e-14 2.01445e-14 7.23656e-15 2.50519e-15 8.35563e-16 2.68453e-16 8.30732e-17 2.47593e-17 7.10745e-18 1.96527e-18 5.2351e-19 1.34369e-19 3.32384e-20 7.92595e-21 1.82241e-21 4.04151e-22 8.64693e-23 1.78535e-23 3.55842e-24 6.8543e-25 1.31234e-25 
2.30158e-25 6.54724e-25 3.38416e-24 1.73992e-23 8.64693e-23 4.14888e-22 1.92131e-21 8.58485e-21 3.70007e-20 1.53781e-19 6.16155e-19 2.37933e-18 8.85312e-18 3.17339e-17 1.09564e-16 3.64316e-16 1.16664e-15 3.59792e-15 1.06872e-14 3.05806e-14 8.43149e-14 2.24063e-13 5.74108e-13 1.41885e-12 3.38345e-12 7.78771e-12 1.73066e-11 3.71418e-11 7.69892e-11 1.54154e-10 2.98161e-10 5.57089e-10 1.00546e-09 1.75285e-09 2.95141e-09 4.79898e-09 7.5335e-09 1.14137e-08 1.66819e-08 2.35099e-08 3.19343e-08 4.17985e-08 5.2725e-08 6.41378e-08 7.53425e-08 8.56459e-08 9.44767e-08 1.01463e-07 1.0644e-07 1.09394e-07 1.1037e-07 1.09394e-07 1.0644e-07 1.01463e-07 9.44767e-08 8.56459e-08 7.53425e-08 6.41378e-08 5.2725e-08 4.17985e-08 3.19343e-08 2.35099e-08 1.66819e-08 1.14137e-08 7.5335e-09 4.79898e-09 2.95141e-09 1.75285e-09 1.00546e-09 5.57089e-10 2.98161e-10 1.54154e-10 7.69892e-11 3.71418e-11 1.73066e-11 7.78771e-12 3.38345e-12 1.41885e-12 5.74108e-13 2.24063e-13 8.43149e-14 3.05806e-14 1.06872e-14 3.59792e-15 1.16664e-15 3.64316e-16 1.09564e-16 3.17339e-17 8.85312e-18 2.37933e-18 6.16155e-19 1.53781e-19 3.70007e-20 8.58485e-21 1.92131e-21 4.14888e-22 8.64693e-23 1.73992e-23 3.38416e-24 6.54724e-25 
1.11793e-24 3.15087e-24 1.61199e-23 8.20889e-23 4.04151e-22 1.92131e-21 8.81658e-21 3.90408e-20 1.66769e-19 6.87004e-19 2.72845e-18 1.04439e-17 3.852e-17 1.36863e-16 4.6836e-16 1.54351e-15 4.89829e-15 1.49686e-14 4.40508e-14 1.24862e-13 3.40967e-13 8.97295e-13 2.27645e-12 5.56998e-12 1.31492e-11 2.99618e-11 6.59183e-11 1.40067e-10 2.87509e-10 5.70179e-10 1.09258e-09 2.02298e-09 3.61937e-09 6.25703e-09 1.04513e-08 1.68652e-08 2.62871e-08 3.95636e-08 5.74756e-08 8.05593e-08 1.08898e-07 1.41939e-07 1.78407e-07 2.16386e-07 2.53586e-07 2.87732e-07 3.1696e-07 3.4006e-07 3.56508e-07 3.66267e-07 3.69492e-07 3.66267e-07 3.56508e-07 3.4006e-07 3.1696e-07 2.87732e-07 2.53586e-07 2.16386e-07 1.78407e-07 1.41939e-07 1.08898e-07 8.05593e-08 5.74756e-08 3.95636e-08 2.62871e-08 1.68652e-08 1.04513e-08 6.25703e-09 3.61937e-09 2.02298e-09 1.09258e-09 5.70179e-10 2.87509e-10 1.40067e-10 6.59183e-11 2.99618e-11 1.31492e-11 5.56998e-12 2.27645e-12 8.97295e-13 3.40967e-13 1.24862e-13 4.40508e-14 1.49686e-14 4.89829e-15 1.54351e-15 4.6836e-16 1.36863e-16 3.852e-17 1.04439e-17 2.72845e-18 6.87004e-19 1.66769e-19 3.90408e-20 8.81658e-21 1.92131e-21 4.04151e-22 8.20889e-23 1.61199e-23 3.15087e-24 
5.23611e-24 1.46241e-23 7.40617e-23 3.73605e-22 1.82241e-21 8.58485e-21 3.90408e-20 1.71342e-19 7.25475e-19 2.96247e-18 1.16632e-17 4.4257e-17 1.61816e-16 5.69933e-16 1.93329e-15 6.31497e-15 1.9861e-14 6.01417e-14 1.75354e-13 4.92364e-13 1.33163e-12 3.47008e-12 8.71613e-12 2.11115e-11 4.93313e-11 1.11256e-10 2.42271e-10 5.0957e-10 1.03549e-09 2.03337e-09 3.85897e-09 7.07855e-09 1.25503e-08 2.15086e-08 3.56289e-08 5.70421e-08 8.82519e-08 1.31911e-07 1.90423e-07 2.65381e-07 3.56922e-07 4.6317e-07 5.79993e-07 7.01278e-07 8.19778e-07 9.28342e-07 1.02113e-06 1.0944e-06 1.14653e-06 1.17744e-06 1.18766e-06 1.17744e-06 1.14653e-06 1.0944e-06 1.02113e-06 9.28342e-07 8.19778e-07 7.01278e-07 5.79993e-07 4.6317e-07 3.56922e-07 2.65381e-07 1.90423e-07 1.31911e-07 8.82519e-08 5.70421e-08 3.56289e-08 2.15086e-08 1.25503e-08 7.07855e-09 3.85897e-09 2.03337e-09 1.03549e-09 5.0957e-10 2.42271e-10 1.11256e-10 4.93313e-11 2.11115e-11 8.71613e-12 3.47008e-12 1.33163e-12 4.92364e-13 1.75354e-13 6.01417e-14 1.9861e-14 6.31497e-15 1.93329e-15 5.69933e-16 1.61816e-16 4.4257e-17 1.16632e-17 2.96247e-18 7.25475e-19 1.71342e-19 3.90408e-20 8.58485e-21 1.82241e-21 3.73605e-22 7.40617e-23 1.46241e-23 
2.36438e-23 6.54445e-23 3.28125e-22 1.63983e-21 7.92595e-21 3.70007e-20 1.66769e-19 7.25475e-19 3.04493e-18 1.23262e-17 4.81096e-17 1.80985e-16 6.5603e-16 2.29063e-15 7.7025e-15 2.49384e-14 7.77341e-14 2.33257e-13 6.7383e-13 1.87417e-12 5.02004e-12 1.29531e-11 3.22093e-11 7.72187e-11 1.78571e-10 3.98529e-10 8.58763e-10 1.78743e-09 3.59477e-09 6.98738e-09 1.31292e-08 2.38506e-08 4.18923e-08 7.11484e-08 1.16842e-07 1.85534e-07 2.84834e-07 4.22686e-07 6.0615e-07 8.39706e-07 1.12335e-06 1.451e-06 1.8098e-06 2.18107e-06 2.54284e-06 2.87359e-06 3.15583e-06 3.37843e-06 3.53669e-06 3.63051e-06 3.66149e-06 3.63051e-06 3.53669e-06 3.37843e-06 3.15583e-06 2.87359e-06 2.54284e-06 2.18107e-06 1.8098e-06 1.451e-06 1.12335e-06 8.39706e-07 6.0615e-07 4.22686e-07 2.84834e-07 1.85534e-07 1.16842e-07 7.11484e-08 4.18923e-08 2.38506e-08 1.31292e-08 6.98738e-09 3.59477e-09 1.78743e-09 8.58763e-10 3.98529e-10 1.78571e-10 7.72187e-11 3.22093e-11 1.29531e-11 5.02004e-12 1.87417e-12 6.7383e-13 2.33257e-13 7.77341e-14 2.49384e-14 7.7025e-15 2.29063e-15 6.5603e-16 1.80985e-16 4.81096e-17 1.23262e-17 3.04493e-18 7.25475e-19 1.66769e-19 3.70007e-20 7.92595e-21 1.63983e-21 3.28125e-22 6.54445e-23 
1.02909e-22 2.82327e-22 1.40152e-21 6.93964e-21 3.32384e-20 1.53781e-19 6.87004e-19 2.96247e-18 1.23262e-17 4.94684e-17 1.91422e-16 7.13952e-16 2.56575e-15 8.88164e-15 2.96067e-14 9.5018e-14 2.93544e-13 8.72875e-13 2.4983e-12 6.88317e-12 1.82588e-11 4.66469e-11 1.14818e-10 2.72422e-10 6.23363e-10 1.3764e-09 2.93417e-09 6.04182e-09 1.20219e-08 2.31228e-08 4.30011e-08 7.73337e-08 1.34513e-07 2.26314e-07 3.68324e-07 5.79866e-07 8.83042e-07 1.30056e-06 1.85214e-06 2.54966e-06 3.39182e-06 4.35967e-06 5.41501e-06 6.50311e-06 7.56034e-06 8.52469e-06 9.34619e-06 9.99327e-06 1.04529e-05 1.07253e-05 1.08152e-05 1.07253e-05 1.04529e-05 9.99327e-06 9.34619e-06 8.52469e-06 7.56034e-06 6.50311e-06 5.41501e-06 4.35967e-06 3.39182e-06 2.54966e-06 1.85214e-06 1.30056e-06 8.83042e-07 5.79866e-07 3.68324e-07 2.26314e-07 1.34513e-07 7.73337e-08 4.30011e-08 2.31228e-08 1.20219e-08 6.04182e-09 2.93417e-09 1.3764e-09 6.23363e-10 2.72422e-10 1.14818e-10 4.66469e-11 1.82588e-11 6.88317e-12 2.4983e-12 8.72875e-13 2.93544e-13 9.5018e-14 2.96067e-14 8.88164e-15 2.56575e-15 7.13952e-16 1.91422e-16 4.94684e-17 1.23262e-17 2.96247e-18 6.87004e-19 1.53781e-19 3.32384e-20 6.93964e-21 1.40152e-21 2.82327e-22 
4.31663e-22 1.17388e-21 5.77001e-21 2.83087e-20 1.34369e-19 6.16155e-19 2.72845e-18 1.16632e-17 4.81096e-17 1.91422e-16 7.34398e-16 2.71575e-15 9.67633e-15 3.32085e-14 1.09743e-13 3.49124e-13 1.069e-12 3.15004e-12 8.93268e-12 2.43783e-11 6.40405e-11 1.6198e-10 3.94629e-10 9.2651e-10 2.09741e-09 4.58087e-09 9.65825e-09 1.96687e-08 3.87074e-08 7.36421e-08 1.35492e-07 2.41133e-07 4.15184e-07 6.91709e-07 1.1152e-06 1.74001e-06 2.62738e-06 3.8391e-06 5.42746e-06 7.42198e-06 9.81507e-06 1.25504e-05 1.55193e-05 1.85687e-05 2.15223e-05 2.42097e-05 2.64948e-05 2.82921e-05 2.95675e-05 3.03227e-05 3.0572e-05 3.03227e-05 2.95675e-05 2.82921e-05 2.64948e-05 2.42097e-05 2.15223e-05 1.85687e-05 1.55193e-05 1.25504e-05 9.81507e-06 7.42198e-06 5.42746e-06 3.8391e-06 2.62738e-06 1.74001e-06 1.1152e-06 6.91709e-07 4.15184e-07 2.41133e-07 1.35492e-07 7.36421e-08 3.87074e-08 1.96687e-08 9.65825e-09 4.58087e-09 2.09741e-09 9.2651e-10 3.94629e-10 1.6198e-10 6.40405e-11 2.43783e-11 8.93268e-12 3.15004e-12 1.069e-12 3.49124e-13 1.09743e-13 3.32085e-14 9.67633e-15 2.71575e-15 7.34398e-16 1.91422e-16 4.81096e-17 1.16632e-17 2.72845e-18 6.16155e-19 1.34369e-19 2.83087e-20 5.77001e-21 1.17388e-21 
1.74469e-21 4.70332e-21 2.28921e-20 1.11289e-19 5.2351e-19 2.37933e-18 1.04439e-17 4.4257e-17 1.80985e-16 7.13952e-16 2.71575e-15 9.95712e-15 3.5175e-14 1.19684e-13 3.92097e-13 1.23648e-12 3.75244e-12 1.09574e-11 3.07852e-11 8.32199e-11 2.16485e-10 5.42071e-10 1.30702e-09 3.03608e-09 6.79835e-09 1.46834e-08 3.06105e-08 6.16317e-08 1.19916e-07 2.25582e-07 4.10445e-07 7.22547e-07 1.23096e-06 2.02989e-06 3.24055e-06 5.00878e-06 7.49611e-06 1.08623e-05 1.52384e-05 2.06924e-05 2.71929e-05 3.458e-05 4.25581e-05 5.07187e-05 5.85964e-05 6.5745e-05 7.18105e-05 7.65738e-05 7.99502e-05 8.1948e-05 8.26072e-05 8.1948e-05 7.99502e-05 7.65738e-05 7.18105e-05 6.5745e-05 5.85964e-05 5.07187e-05 4.25581e-05 3.458e-05 2.71929e-05 2.06924e-05 1.52384e-05 1.08623e-05 7.49611e-06 5.00878e-06 3.24055e-06 2.02989e-06 1.23096e-06 7.22547e-07 4.10445e-07 2.25582e-07 1.19916e-07 6.16317e-08 3.06105e-08 1.46834e-08 6.79835e-09 3.03608e-09 1.30702e-09 5.42071e-10 2.16485e-10 8.32199e-11 3.07852e-11 1.09574e-11 3.75244e-12 1.23648e-12 3.92097e-13 1.19684e-13 3.5175e-14 9.95712e-15 2.71575e-15 7.13952e-16 1.80985e-16 4.4257e-17 1.04439e-17 2.37933e-18 5.2351e-19 1.11289e-19 2.28921e-20 4.70332e-21 
6.79394e-21 1.81566e-20 8.7509e-20 4.21552e-19 1.96527e-18 8.85312e-18 3.852e-17 1.61816e-16 6.5603e-16 2.56575e-15 9.67633e-15 3.5175e-14 1.23199e-13 4.1559e-13 1.34973e-12 4.21912e-12 1.26903e-11 3.67208e-11 1.02211e-10 2.73673e-10 7.04945e-10 1.74733e-09 4.16917e-09 9.58055e-09 2.12157e-08 4.53045e-08 9.33583e-08 1.8578e-07 3.57243e-07 6.64203e-07 1.1946e-06 2.0792e-06 3.50316e-06 5.71511e-06 9.02985e-06 1.38198e-05 2.04896e-05 2.94306e-05 4.09523e-05 5.51976e-05 7.20552e-05 9.1093e-05 0.000111544 0.00013237 0.000152401 0.000170524 0.000185866 0.000197893 0.000206408 0.000211442 0.000213102 0.000211442 0.000206408 0.000197893 0.000185866 0.000170524 0.000152401 0.00013237 0.000111544 9.1093e-05 7.20552e-05 5.51976e-05 4.09523e-05 2.94306e-05 2.04896e-05 1.38198e-05 9.02985e-06 5.71511e-06 3.50316e-06 2.0792e-06 1.1946e-06 6.64203e-07 3.57243e-07 1.8578e-07 9.33583e-08 4.53045e-08 2.12157e-08 9.58055e-09 4.16917e-09 1.74733e-09 7.04945e-10 2.73673e-10 1.02211e-10 3.67208e-11 1.26903e-11 4.21912e-12 1.34973e-12 4.1559e-13 1.23199e-13 3.5175e-14 9.67633e-15 2.56575e-15 6.5603e-16 1.61816e-16 3.852e-17 8.85312e-18 1.96527e-18 4.21552e-19 8.7509e-20 1.81566e-20 
2.54866e-20 6.75251e-20 3.2227e-19 1.53832e-18 7.10745e-18 3.17339e-17 1.36863e-16 5.69933e-16 2.29063e-15 8.88164e-15 3.32085e-14 1.19684e-13 4.1559e-13 1.38982e-12 4.47456e-12 1.3864e-11 4.13276e-11 1.18498e-10 3.26761e-10 8.66532e-10 2.21006e-09 5.42221e-09 1.28012e-08 2.90964e-08 6.3709e-08 1.34475e-07 2.7384e-07 5.38398e-07 1.02279e-06 1.87865e-06 3.33834e-06 5.74182e-06 9.56259e-06 1.54258e-05 2.41094e-05 3.65164e-05 5.36081e-05 7.62889e-05 0.000105243 0.000140736 0.000182418 0.000229174 0.000279114 0.000329722 0.000378203 0.000421927 0.000458847 0.000487733 0.000508155 0.000520218 0.000524195 0.000520218 0.000508155 0.000487733 0.000458847 0.000421927 0.000378203 0.000329722 0.000279114 0.000229174 0.000182418 0.000140736 0.000105243 7.62889e-05 5.36081e-05 3.65164e-05 2.41094e-05 1.54258e-05 9.56259e-06 5.74182e-06 3.33834e-06 1.87865e-06 1.02279e-06 5.38398e-07 2.7384e-07 1.34475e-07 6.3709e-08 2.90964e-08 1.28012e-08 5.42221e-09 2.21006e-09 8.66532e-10 3.26761e-10 1.18498e-10 4.13276e-11 1.3864e-11 4.47456e-12 1.38982e-12 4.1559e-13 1.19684e-13 3.32085e-14 8.88164e-15 2.29063e-15 5.69933e-16 1.36863e-16 3.17339e-17 7.10745e-18 1.53832e-18 3.2227e-19 6.75251e-20 
9.21015e-20 2.41916e-19 1.14326e-18 5.40745e-18 2.47593e-17 1.09564e-16 4.6836e-16 1.93329e-15 7.7025e-15 2.96067e-14 1.09743e-13 3.92097e-13 1.34973e-12 4.47456e-12 1.42797e-11 4.38522e-11 1.29544e-10 3.68033e-10 1.00534e-09 2.64032e-09 6.66707e-09 1.6189e-08 3.78133e-08 8.49987e-08 1.83987e-07 3.83779e-07 7.72062e-07 1.49923e-06 2.81252e-06 5.1012e-06 8.9516e-06 1.52067e-05 2.50196e-05 3.98857e-05 6.16298e-05 9.23274e-05 0.000134135 0.000189018 0.000258382 0.000342633 0.00044076 0.000550039 0.000666029 0.000782954 0.000894476 0.000994701 0.00107909 0.00114498 0.00119149 0.00121893 0.00122797 0.00121893 0.00119149 0.00114498 0.00107909 0.000994701 0.000894476 0.000782954 0.000666029 0.000550039 0.00044076 0.000342633 0.000258382 0.000189018 0.000134135 9.23274e-05 6.16298e-05 3.98857e-05 2.50196e-05 1.52067e-05 8.9516e-06 5.1012e-06 2.81252e-06 1.49923e-06 7.72062e-07 3.83779e-07 1.83987e-07 8.49987e-08 3.78133e-08 1.6189e-08 6.66707e-09 2.64032e-09 1.00534e-09 3.68033e-10 1.29544e-10 4.38522e-11 1.42797e-11 4.47456e-12 1.34973e-12 3.92097e-13 1.09743e-13 2.96067e-14 7.7025e-15 1.93329e-15 4.6836e-16 1.09564e-16 2.47593e-17 5.40745e-18 1.14326e-18 2.41916e-19 
3.20616e-19 8.34881e-19 3.90671e-18 1.83087e-17 8.30732e-17 3.64316e-16 1.54351e-15 6.31497e-15 2.49384e-14 9.5018e-14 3.49124e-13 1.23648e-12 4.21912e-12 1.3864e-11 4.38522e-11 1.33461e-10 3.90674e-10 1.09961e-09 2.97528e-09 7.7379e-09 1.93427e-08 4.64797e-08 1.07395e-07 2.38706e-07 5.107e-07 1.05247e-06 2.09107e-06 4.00904e-06 7.42383e-06 1.32898e-05 2.30178e-05 3.85979e-05 6.27012e-05 9.87218e-05 0.000150716 0.000223189 0.000320696 0.000447232 0.00060544 0.000795716 0.00101536 0.00125806 0.00151391 0.00177034 0.00201376 0.00223167 0.00241459 0.00255706 0.00265745 0.00271661 0.0027361 0.00271661 0.00265745 0.00255706 0.00241459 0.00223167 0.00201376 0.00177034 0.00151391 0.00125806 0.00101536 0.000795716 0.00060544 0.000447232 0.000320696 0.000223189 0.000150716 9.87218e-05 6.27012e-05 3.85979e-05 2.30178e-05 1.32898e-05 7.42383e-06 4.00904e-06 2.09107e-06 1.05247e-06 5.107e-07 2.38706e-07 1.07395e-07 4.64797e-08 1.93427e-08 7.7379e-09 2.97528e-09 1.09961e-09 3.90674e-10 1.33461e-10 4.38522e-11 1.3864e-11 4.21912e-12 1.23648e-12 3.49124e-13 9.5018e-14 2.49384e-14 6.31497e-15 1.54351e-15 3.64316e-16 8.30732e-17 1.83087e-17 3.90671e-18 8.34881e-19 
1.07519e-18 2.77561e-18 1.28595e-17 5.97094e-17 2.68453e-16 1.16664e-15 4.89829e-15 1.9861e-14 7.77341e-14 2.93544e-13 1.069e-12 3.75244e-12 1.26903e-11 4.13276e-11 1.29544e-10 3.90674e-10 1.13306e-09 3.15921e-09 8.46598e-09 2.18006e-08 5.39417e-08 1.28256e-07 2.93108e-07 6.44095e-07 1.36174e-06 2.77195e-06 5.43756e-06 1.0289e-05 1.87992e-05 3.31996e-05 5.67228e-05 9.38361e-05 0.00015041 0.000233741 0.000352347 0.000515439 0.000732029 0.00100965 0.00135278 0.00176108 0.00222788 0.00273927 0.00327441 0.00380739 0.00431068 0.0047593 0.0051346 0.00542614 0.00563116 0.00575184 0.00579155 0.00575184 0.00563116 0.00542614 0.0051346 0.0047593 0.00431068 0.00380739 0.00327441 0.00273927 0.00222788 0.00176108 0.00135278 0.00100965 0.000732029 0.000515439 0.000352347 0.000233741 0.00015041 9.38361e-05 5.67228e-05 3.31996e-05 1.87992e-05 1.0289e-05 5.43756e-06 2.77195e-06 1.36174e-06 6.44095e-07 2.93108e-07 1.28256e-07 5.39417e-08 2.18006e-08 8.46598e-09 3.15921e-09 1.13306e-09 3.90674e-10 1.29544e-10 4.13276e-11 1.26903e-11 3.75244e-12 1.069e-12 2.93544e-13 7.77341e-14 1.9861e-14 4.89829e-15 1.16664e-15 2.68453e-16 5.97094e-17 1.28595e-17 2.77561e-18 
3.47385e-18 8.89003e-18 4.07773e-17 1.87574e-16 8.35563e-16 3.59792e-15 1.49686e-14 6.01417e-14 2.33257e-13 8.72875e-13 3.15004e-12 1.09574e-11 3.67208e-11 1.18498e-10 3.68033e-10 1.09961e-09 3.15921e-09 8.72443e-09 2.31513e-08 5.90196e-08 1.44527e-07 3.39969e-07 7.68335e-07 1.66892e-06 3.48607e-06 7.00755e-06 1.35681e-05 2.533e-05 4.56451e-05 7.94835e-05 0.000133888 0.000218373 0.000345158 0.000529061 0.000786922 0.0011364 0.0015941 0.00217306 0.00287977 0.0037111 0.00465167 0.00567254 0.00673219 0.0077803 0.00876433 0.00963734 0.0103649 0.0109284 0.0113238 0.0115562 0.0116327 0.0115562 0.0113238 0.0109284 0.0103649 0.00963734 0.00876433 0.0077803 0.00673219 0.00567254 0.00465167 0.0037111 0.00287977 0.00217306 0.0015941 0.0011364 0.000786922 0.000529061 0.000345158 0.000218373 0.000133888 7.94835e-05 4.56451e-05 2.533e-05 1.35681e-05 7.00755e-06 3.48607e-06 1.66892e-06 7.68335e-07 3.39969e-07 1.44527e-07 5.90196e-08 2.31513e-08 8.72443e-09 3.15921e-09 1.09961e-09 3.68033e-10 1.18498e-10 3.67208e-11 1.09574e-11 3.15004e-12 8.72875e-13 2.33257e-13 6.01417e-14 1.49686e-14 3.59792e-15 8.35563e-16 1.87574e-16 4.07773e-17 8.89003e-18 
1.08149e-17 2.74361e-17 1.2458e-16 5.67673e-16 2.50519e-15 1.06872e-14 4.40508e-14 1.75354e-13 6.7383e-13 2.4983e-12 8.93268e-12 3.07852e-11 1.02211e-10 3.26761e-10 1.00534e-09 2.97528e-09 8.46598e-09 2.31513e-08 6.0823e-08 1.53473e-07 3.71875e-07 8.65261e-07 1.93347e-06 4.15053e-06 8.56373e-06 1.69952e-05 3.24701e-05 5.97855e-05 0.000106211 0.000182276 0.000302545 0.000486213 0.000757297 0.00114414 0.00167795 0.00239033 0.0033095 0.00445577 0.00583636 0.00744031 0.00923453 0.0111623 0.0131456 0.0150925 0.0169087 0.0185116 0.0198419 0.0208688 0.0215877 0.0220095 0.0221481 0.0220095 0.0215877 0.0208688 0.0198419 0.0185116 0.0169087 0.0150925 0.0131456 0.0111623 0.00923453 0.00744031 0.00583636 0.00445577 0.0033095 0.00239033 0.00167795 0.00114414 0.000757297 0.000486213 0.000302545 0.000182276 0.000106211 5.97855e-05 3.24701e-05 1.69952e-05 8.56373e-06 4.15053e-06 1.93347e-06 8.65261e-07 3.71875e-07 1.53473e-07 6.0823e-08 2.31513e-08 8.46598e-09 2.97528e-09 1.00534e-09 3.26761e-10 1.02211e-10 3.07852e-11 8.93268e-12 2.4983e-12 6.7383e-13 1.75354e-13 4.40508e-14 1.06872e-14 2.50519e-15 5.67673e-16 1.2458e-16 2.74361e-17 
3.24493e-17 8.16009e-17 3.66772e-16 1.6554e-15 7.23656e-15 3.05806e-14 1.24862e-13 4.92364e-13 1.87417e-12 6.88317e-12 2.43783e-11 8.32199e-11 2.73673e-10 8.66532e-10 2.64032e-09 7.7379e-09 2.18006e-08 5.90196e-08 1.53473e-07 3.8321e-07 9.18574e-07 2.11362e-06 4.66876e-06 9.90261e-06 2.01776e-05 3.95235e-05 7.44893e-05 0.000135224 0.000236736 0.000400215 0.000654199 0.00103527 0.00158789 0.00236289 0.00341428 0.00479432 0.00654675 0.00869901 0.011254 0.0141827 0.0174186 0.0208571 0.0243603 0.0277706 0.0309297 0.0337017 0.0359914 0.0377526 0.0389821 0.0397022 0.0399387 0.0397022 0.0389821 0.0377526 0.0359914 0.0337017 0.0309297 0.0277706 0.0243603 0.0208571 0.0174186 0.0141827 0.011254 0.00869901 0.00654675 0.00479432 0.00341428 0.00236289 0.00158789 0.00103527 0.000654199 0.000400215 0.000236736 0.000135224 7.44893e-05 3.95235e-05 2.01776e-05 9.90261e-06 4.66876e-06 2.11362e-06 9.18574e-07 3.8321e-07 1.53473e-07 5.90196e-08 2.18006e-08 7.7379e-09 2.64032e-09 8.66532e-10 2.73673e-10 8.32199e-11 2.43783e-11 6.88317e-12 1.87417e-12 4.92364e-13 1.24862e-13 3.05806e-14 7.23656e-15 1.6554e-15 3.66772e-16 8.16009e-17 
9.3853e-17 2.33949e-16 1.0408e-15 4.65254e-15 2.01445e-14 8.43149e-14 3.40967e-13 1.33163e-12 5.02004e-12 1.82588e-11 6.40405e-11 2.16485e-10 7.04945e-10 2.21006e-09 6.66707e-09 1.93427e-08 5.39417e-08 1.44527e-07 3.71875e-07 9.18574e-07 2.17762e-06 4.95381e-06 1.0814e-05 2.26573e-05 4.55804e-05 8.80991e-05 0.000163743 0.000292969 0.000505244 0.000841007 0.00135313 0.0021073 0.00318073 0.00465849 0.00662717 0.00916581 0.0123347 0.0161632 0.0206377 0.0256923 0.0312027 0.0369876 0.0428189 0.0484433 0.0536131 0.0581202 0.0618239 0.0646612 0.0666358 0.0677901 0.0681686 0.0677901 0.0666358 0.0646612 0.0618239 0.0581202 0.0536131 0.0484433 0.0428189 0.0369876 0.0312027 0.0256923 0.0206377 0.0161632 0.0123347 0.00916581 0.00662717 0.00465849 0.00318073 0.0021073 0.00135313 0.000841007 0.000505244 0.000292969 0.000163743 8.80991e-05 4.55804e-05 2.26573e-05 1.0814e-05 4.95381e-06 2.17762e-06 9.18574e-07 3.71875e-07 1.44527e-07 5.39417e-08 1.93427e-08 6.66707e-09 2.21006e-09 7.04945e-10 2.16485e-10 6.40405e-11 1.82588e-11 5.02004e-12 1.33163e-12 3.40967e-13 8.43149e-14 2.01445e-14 4.65254e-15 1.0408e-15 2.33949e-16 
2.6173e-16 6.46706e-16 2.84755e-15 1.26061e-14 5.40561e-14 2.24063e-13 8.97295e-13 3.47008e-12 1.29531e-11 4.66469e-11 1.6198e-10 5.42071e-10 1.74733e-09 5.42221e-09 1.6189e-08 4.64797e-08 1.28256e-07 3.39969e-07 8.65261e-07 2.11362e-06 4.95381e-06 1.11378e-05 2.40207e-05 4.96997e-05 9.86847e-05 0.000188159 0.000344777 0.000607794 0.00103214 0.00169089 0.00267644 0.00409952 0.0060853 0.00876572 0.0122679 0.0166992 0.0221298 0.0285757 0.0359837 0.0442207 0.0530703 0.0622386 0.0713727 0.0800935 0.0880407 0.0949199 0.10054 0.104826 0.107799 0.109533 0.110101 0.109533 0.107799 0.104826 0.10054 0.0949199 0.0880407 0.0800935 0.0713727 0.0622386 0.0530703 0.0442207 0.0359837 0.0285757 0.0221298 0.0166992 0.0122679 0.00876572 0.0060853 0.00409952 0.00267644 0.00169089 0.00103214 0.000607794 0.000344777 0.000188159 9.86847e-05 4.96997e-05 2.40207e-05 1.11378e-05 4.95381e-06 2.11362e-06 8.65261e-07 3.39969e-07 1.28256e-07 4.64797e-08 1.6189e-08 5.42221e-09 1.74733e-09 5.42071e-10 1.6198e-10 4.66469e-11 1.29531e-11 3.47008e-12 8.97295e-13 2.24063e-13 5.40561e-14 1.26061e-14 2.84755e-15 6.46706e-16 
7.03913e-16 1.7241e-15 7.51335e-15 3.29389e-14 1.39874e-13 5.74108e-13 2.27645e-12 8.71613e-12 3.22093e-11 1.14818e-10 3.94629e-10 1.30702e-09 4.16917e-09 1.28012e-08 3.78133e-08 1.07395e-07 2.93108e-07 7.68335e-07 1.93347e-06 4.66876e-06 1.0814e-05 2.40207e-05 5.11628e-05 0.0001045 0.000204738 0.000384963 0.000695213 0.00120712 0.00201781 0.00325205 0.00506167 0.00762114 0.0111186 0.0157416 0.021658 0.0289935 0.0378075 0.0480723 0.0596569 0.0723193 0.0857091 0.0993819 0.112829 0.125525 0.136985 0.146827 0.154815 0.160877 0.165065 0.167502 0.168299 0.167502 0.165065 0.160877 0.154815 0.146827 0.136985 0.125525 0.112829 0.0993819 0.0857091 0.0723193 0.0596569 0.0480723 0.0378075 0.0289935 0.021658 0.0157416 0.0111186 0.00762114 0.00506167 0.00325205 0.00201781 0.00120712 0.000695213 0.000384963 0.000204738 0.0001045 5.11628e-05 2.40207e-05 1.0814e-05 4.66876e-06 1.93347e-06 7.68335e-07 2.93108e-07 1.07395e-07 3.78133e-08 1.28012e-08 4.16917e-09 1.30702e-09 3.94629e-10 1.14818e-10 3.22093e-11 8.71613e-12 2.27645e-12 5.74108e-13 1.39874e-13 3.29389e-14 7.51335e-15 1.7241e-15 
1.82614e-15 4.43395e-15 1.91237e-14 8.30246e-14 3.49123e-13 1.41885e-12 5.56998e-12 2.11115e-11 7.72187e-11 2.72422e-10 9.2651e-10 3.03608e-09 9.58055e-09 2.90964e-08 8.49987e-08 2.38706e-07 6.44095e-07 1.66892e-06 4.15053e-06 9.90261e-06 2.26573e-05 4.96997e-05 0.0001045 0.000210622 0.00040701 0.000754428 0.00134232 0.00229487 0.00377469 0.00598264 0.00915244 0.0135394 0.0194028 0.0269827 0.0364713 0.047983 0.0615254 0.0769775 0.0940784 0.112427 0.131499 0.150669 0.169258 0.186593 0.202076 0.215255 0.225878 0.233891 0.239406 0.242605 0.24365 0.242605 0.239406 0.233891 0.225878 0.215255 0.202076 0.186593 0.169258 0.150669 0.131499 0.112427 0.0940784 0.0769775 0.0615254 0.047983 0.0364713 0.0269827 0.0194028 0.0135394 0.00915244 0.00598264 0.00377469 0.00229487 0.00134232 0.000754428 0.00040701 0.000210622 0.0001045 4.96997e-05 2.26573e-05 9.90261e-06 4.15053e-06 1.66892e-06 6.44095e-07 2.38706e-07 8.49987e-08 2.90964e-08 9.58055e-09 3.03608e-09 9.2651e-10 2.72422e-10 7.72187e-11 2.11115e-11 5.56998e-12 1.41885e-12 3.49123e-13 8.30246e-14 1.91237e-14 4.43395e-15 
4.57058e-15 1.10022e-14 4.69668e-14 2.01928e-13 8.4084e-13 3.38345e-12 1.31492e-11 4.93313e-11 1.78571e-10 6.23363e-10 2.09741e-09 6.79835e-09 2.12157e-08 6.3709e-08 1.83987e-07 5.107e-07 1.36174e-06 3.48607e-06 8.56373e-06 2.01776e-05 4.55804e-05 9.86847e-05 0.000204738 0.00040701 0.000775423 0.00141635 0.0024819 0.00417641 0.00675729 0.0105284 0.0158251 0.022991 0.0323481 0.0441628 0.0586088 0.0757327 0.0954258 0.117408 0.141229 0.166282 0.191839 0.217091 0.241202 0.263383 0.282963 0.29947 0.312667 0.322562 0.329338 0.333257 0.334535 0.333257 0.329338 0.322562 0.312667 0.29947 0.282963 0.263383 0.241202 0.217091 0.191839 0.166282 0.141229 0.117408 0.0954258 0.0757327 0.0586088 0.0441628 0.0323481 0.022991 0.0158251 0.0105284 0.00675729 0.00417641 0.0024819 0.00141635 0.000775423 0.00040701 0.000204738 9.86847e-05 4.55804e-05 2.01776e-05 8.56373e-06 3.48607e-06 1.36174e-06 5.107e-07 1.83987e-07 6.3709e-08 2.12157e-08 6.79835e-09 2.09741e-09 6.23363e-10 1.78571e-10 4.93313e-11 1.31492e-11 3.38345e-12 8.4084e-13 2.01928e-13 4.69668e-14 1.10022e-14 
1.10377e-14 2.63445e-14 1.11321e-13 4.74008e-13 1.95464e-12 7.78771e-12 2.99618e-11 1.11256e-10 3.98529e-10 1.3764e-09 4.58087e-09 1.46834e-08 4.53045e-08 1.34475e-07 3.83779e-07 1.05247e-06 2.77195e-06 7.00755e-06 1.69952e-05 3.95235e-05 8.80991e-05 0.000188159 0.000384963 0.000754428 0.00141635 0.00254812 0.00439575 0.00727787 0.011579 0.0177295 0.0261743 0.0373316 0.0515491 0.0690597 0.0899423 0.114091 0.141197 0.17075 0.202057 0.234283 0.266499 0.297741 0.327073 0.353657 0.376824 0.396144 0.411455 0.422854 0.43062 0.435095 0.436552 0.435095 0.43062 0.422854 0.411455 0.396144 0.376824 0.353657 0.327073 0.297741 0.266499 0.234283 0.202057 0.17075 0.141197 0.114091 0.0899423 0.0690597 0.0515491 0.0373316 0.0261743 0.0177295 0.011579 0.00727787 0.00439575 0.00254812 0.00141635 0.000754428 0.000384963 0.000188159 8.80991e-05 3.95235e-05 1.69952e-05 7.00755e-06 2.77195e-06 1.05247e-06 3.83779e-07 1.34475e-07 4.53045e-08 1.46834e-08 4.58087e-09 1.3764e-09 3.98529e-10 1.11256e-10 2.99618e-11 7.78771e-12 1.95464e-12 4.74008e-13 1.11321e-13 2.63445e-14 
2.57207e-14 6.0879e-14 2.54677e-13 1.07412e-12 4.38675e-12 1.73066e-11 6.59183e-11 2.42271e-10 8.58763e-10 2.93417e-09 9.65825e-09 3.06105e-08 9.33583e-08 2.7384e-07 7.72062e-07 2.09107e-06 5.43756e-06 1.35681e-05 3.24701e-05 7.44893e-05 0.000163743 0.000344777 0.000695213 0.00134232 0.0024819 0.00439575 0.00746179 0.0121504 0.0190019 0.0285841 0.0414354 0.058002 0.0785801 0.10327 0.131947 0.164247 0.199577 0.237137 0.275973 0.315032 0.353236 0.389543 0.42301 0.45285 0.478491 0.49962 0.516201 0.528449 0.536746 0.541508 0.543055 0.541508 0.536746 0.528449 0.516201 0.49962 0.478491 0.45285 0.42301 0.389543 0.353236 0.315032 0.275973 0.237137 0.199577 0.164247 0.131947 0.10327 0.0785801 0.058002 0.0414354 0.0285841 0.0190019 0.0121504 0.00746179 0.00439575 0.0024819 0.00134232 0.000695213 0.000344777 0.000163743 7.44893e-05 3.24701e-05 1.35681e-05 5.43756e-06 2.09107e-06 7.72062e-07 2.7384e-07 9.33583e-08 3.06105e-08 9.65825e-09 2.93417e-09 8.58763e-10 2.42271e-10 6.59183e-11 1.73066e-11 4.38675e-12 1.07412e-12 2.54677e-13 6.0879e-14 
5.78342e-14 1.35776e-13 5.62424e-13 2.34991e-12 9.50633e-12 3.71418e-11 1.40067e-10 5.0957e-10 1.78743e-09 6.04182e-09 1.96687e-08 6.16317e-08 1.8578e-07 5.38398e-07 1.49923e-06 4.00904e-06 1.0289e-05 2.533e-05 5.97855e-05 0.000135224 0.000292969 0.000607794 0.00120712 0.00229487 0.00417641 0.00727787 0.0121504 0.0194503 0.0298889 0.0441574 0.0628363 0.0863101 0.114704 0.147851 0.185293 0.226305 0.269944 0.315106 0.360602 0.405237 0.447882 0.487534 0.523362 0.554744 0.581295 0.602888 0.619651 0.631928 0.64019 0.644911 0.646442 0.644911 0.64019 0.631928 0.619651 0.602888 0.581295 0.554744 0.523362 0.487534 0.447882 0.405237 0.360602 0.315106 0.269944 0.226305 0.185293 0.147851 0.114704 0.0863101 0.0628363 0.0441574 0.0298889 0.0194503 0.0121504 0.00727787 0.00417641 0.00229487 0.00120712 0.000607794 0.000292969 0.000135224 5.97855e-05 2.533e-05 1.0289e-05 4.00904e-06 1.49923e-06 5.38398e-07 1.8578e-07 6.16317e-08 1.96687e-08 6.04182e-09 1.78743e-09 5.0957e-10 1.40067e-10 3.71418e-11 9.50633e-12 2.34991e-12 5.62424e-13 1.35776e-13 
1.25477e-13 2.92249e-13 1.19897e-12 4.96373e-12 1.98941e-11 7.69892e-11 2.87509e-10 1.03549e-09 3.59477e-09 1.20219e-08 3.87074e-08 1.19916e-07 3.57243e-07 1.02279e-06 2.81252e-06 7.42383e-06 1.87992e-05 4.56451e-05 0.000106211 0.000236736 0.000505244 0.00103214 0.00201781 0.00377469 0.00675729 0.011579 0.0190019 0.0298889 0.0451133 0.0654386 0.0913922 0.123163 0.160551 0.20297 0.249505 0.298999 0.350144 0.401576 0.451968 0.500109 0.544957 0.585689 0.621708 0.652653 0.678394 0.699029 0.714859 0.726342 0.734015 0.738379 0.73979 0.738379 0.734015 0.726342 0.714859 0.699029 0.678394 0.652653 0.621708 0.585689 0.544957 0.500109 0.451968 0.401576 0.350144 0.298999 0.249505 0.20297 0.160551 0.123163 0.0913922 0.0654386 0.0451133 0.0298889 0.0190019 0.011579 0.00675729 0.00377469 0.00201781 0.00103214 0.000505244 0.000236736 0.000106211 4.56451e-05 1.87992e-05 7.42383e-06 2.81252e-06 1.02279e-06 3.57243e-07 1.19916e-07 3.87074e-08 1.20219e-08 3.59477e-09 1.03549e-09 2.87509e-10 7.69892e-11 1.98941e-11 4.96373e-12 1.19897e-12 2.92249e-13 
2.62657e-13 6.0706e-13 2.46723e-12 1.01234e-11 4.02065e-11 1.54154e-10 5.70179e-10 2.03337e-09 6.98738e-09 2.31228e-08 7.36421e-08 2.25582e-07 6.64203e-07 1.87865e-06 5.1012e-06 1.32898e-05 3.31996e-05 7.94835e-05 0.000182276 0.000400215 0.000841007 0.00169089 0.00325205 0.00598264 0.0105284 0.0177295 0.0285841 0.0441574 0.0654386 0.0931693 0.127685 0.168812 0.215857 0.267678 0.322823 0.379685 0.436652 0.492219 0.545074 0.594149 0.63865 0.678058 0.712105 0.740749 0.764143 0.782601 0.796577 0.806611 0.813262 0.817024 0.818238 0.817024 0.813262 0.806611 0.796577 0.782601 0.764143 0.740749 0.712105 0.678058 0.63865 0.594149 0.545074 0.492219 0.436652 0.379685 0.322823 0.267678 0.215857 0.168812 0.127685 0.0931693 0.0654386 0.0441574 0.0285841 0.0177295 0.0105284 0.00598264 0.00325205 0.00169089 0.000841007 0.000400215 0.000182276 7.94835e-05 3.31996e-05 1.32898e-05 5.1012e-06 1.87865e-06 6.64203e-07 2.25582e-07 7.36421e-08 2.31228e-08 6.98738e-09 2.03337e-09 5.70179e-10 1.54154e-10 4.02065e-11 1.01234e-11 2.46723e-12 6.0706e-13 
5.3041e-13 1.21681e-12 4.90058e-12 1.99341e-11 7.84751e-11 2.98161e-10 1.09258e-09 3.85897e-09 1.31292e-08 4.30011e-08 1.35492e-07 4.10445e-07 1.1946e-06 3.33834e-06 8.9516e-06 2.30178e-05 5.67228e-05 0.000133888 0.000302545 0.000654199 0.00135313 0.00267644 0.00506167 0.00915244 0.0158251 0.0261743 0.0414354 0.0628363 0.0913922 0.127685 0.171686 0.222687 0.279353 0.339898 0.402321 0.464641 0.525074 0.582148 0.63475 0.682128 0.723868 0.759841 0.790153 0.815084 0.835042 0.850521 0.862074 0.870273 0.875661 0.878691 0.879665 0.878691 0.875661 0.870273 0.862074 0.850521 0.835042 0.815084 0.790153 0.759841 0.723868 0.682128 0.63475 0.582148 0.525074 0.464641 0.402321 0.339898 0.279353 0.222687 0.171686 0.127685 0.0913922 0.0628363 0.0414354 0.0261743 0.0158251 0.00915244 0.00506167 0.00267644 0.00135313 0.000654199 0.000302545 0.000133888 5.67228e-05 2.30178e-05 8.9516e-06 3.33834e-06 1.1946e-06 4.10445e-07 1.35492e-07 4.30011e-08 1.31292e-08 3.85897e-09 1.09258e-09 2.98161e-10 7.84751e-11 1.99341e-11 4.90058e-12 1.21681e-12 
1.03319e-12 2.3533e-12 9.39476e-12 3.7896e-11 1.47918e-10 5.57089e-10 2.02298e-09 7.07855e-09 2.38506e-08 7.73337e-08 2.41133e-07 7.22547e-07 2.0792e-06 5.74182e-06 1.52067e-05 3.85979e-05 9.38361e-05 0.000218373 0.000486213 0.00103527 0.0021073 0.00409952 0.00762114 0.0135394 0.022991 0.0373316 0.058002 0.0863101 0.123163 0.168812 0.222687 0.283389 0.348856 0.416653 0.484314 0.549631 0.610846 0.666722 0.716522 0.759948 0.79704 0.828093 0.853564 0.874008 0.890023 0.902214 0.911172 0.917449 0.921534 0.923817 0.924549 0.923817 0.921534 0.917449 0.911172 0.902214 0.890023 0.874008 0.853564 0.828093 0.79704 0.759948 0.716522 0.666722 0.610846 0.549631 0.484314 0.416653 0.348856 0.283389 0.222687 0.168812 0.123163 0.0863101 0.058002 0.0373316 0.022991 0.0135394 0.00762114 0.00409952 0.0021073 0.00103527 0.000486213 0.000218373 9.38361e-05 3.85979e-05 1.52067e-05 5.74182e-06 2.0792e-06 7.22547e-07 2.41133e-07 7.73337e-08 2.38506e-08 7.07855e-09 2.02298e-09 5.57089e-10 1.47918e-10 3.7896e-11 9.39476e-12 2.3533e-12 
1.94102e-12 4.39079e-12 1.73811e-11 6.95476e-11 2.69238e-10 1.00546e-09 3.61937e-09 1.25503e-08 4.18923e-08 1.34513e-07 4.15184e-07 1.23096e-06 3.50316e-06 9.56259e-06 2.50196e-05 6.27012e-05 0.00015041 0.000345158 0.000757297 0.00158789 0.00318073 0.0060853 0.0111186 0.0194028 0.0323481 0.0515491 0.0785801 0.114704 0.160551 0.215857 0.279353 0.348856 0.421574 0.494516 0.564923 0.630578 0.689964 0.742264 0.787256 0.825157 0.856478 0.881893 0.902147 0.91798 0.930095 0.939132 0.945659 0.95017 0.953075 0.954687 0.955201 0.954687 0.953075 0.95017 0.945659 0.939132 0.930095 0.91798 0.902147 0.881893 0.856478 0.825157 0.787256 0.742264 0.689964 0.630578 0.564923 0.494516 0.421574 0.348856 0.279353 0.215857 0.160551 0.114704 0.0785801 0.0515491 0.0323481 0.0194028 0.0111186 0.0060853 0.00318073 0.00158789 0.000757297 0.000345158 0.00015041 6.27012e-05 2.50196e-05 9.56259e-06 3.50316e-06 1.23096e-06 4.15184e-07 1.34513e-07 4.18923e-08 1.25503e-08 3.61937e-09 1.00546e-09 2.69238e-10 6.95476e-11 1.73811e-11 4.39079e-12 
3.51627e-12 7.90217e-12 3.10289e-11 1.23201e-10 4.73201e-10 1.75285e-09 6.25703e-09 2.15086e-08 7.11484e-08 2.26314e-07 6.91709e-07 2.02989e-06 5.71511e-06 1.54258e-05 3.98857e-05 9.87218e-05 0.000233741 0.000529061 0.00114414 0.00236289 0.00465849 0.00876572 0.0157416 0.0269827 0.0441628 0.0690597 0.10327 0.147851 0.20297 0.267678 0.339898 0.416653 0.494516 0.57013 0.640677 0.704169 0.759532 0.806503 0.84543 0.877041 0.902257 0.922045 0.937329 0.948942 0.957605 0.963925 0.968406 0.971455 0.973397 0.974466 0.974805 0.974466 0.973397 0.971455 0.968406 0.963925 0.957605 0.948942 0.937329 0.922045 0.902257 0.877041 0.84543 0.806503 0.759532 0.704169 0.640677 0.57013 0.494516 0.416653 0.339898 0.267678 0.20297 0.147851 0.10327 0.0690597 0.0441628 0.0269827 0.0157416 0.00876572 0.00465849 0.00236289 0.00114414 0.000529061 0.000233741 9.87218e-05 3.98857e-05 1.54258e-05 5.71511e-06 2.02989e-06 6.91709e-07 2.26314e-07 7.11484e-08 2.15086e-08 6.25703e-09 1.75285e-09 4.73201e-10 1.23201e-10 3.10289e-11 7.90217e-12 
6.14083e-12 1.37149e-11 5.34401e-11 2.10631e-10 8.0296e-10 2.95141e-09 1.04513e-08 3.56289e-08 1.16842e-07 3.68324e-07 1.1152e-06 3.24055e-06 9.02985e-06 2.41094e-05 6.16298e-05 0.000150716 0.000352347 0.000786922 0.00167795 0.00341428 0.00662717 0.0122679 0.021658 0.0364713 0.0586088 0.0899423 0.131947 0.185293 0.249505 0.322823 0.402321 0.484314 0.564923 0.640677 0.70896 0.768238 0.818022 0.85866 0.891046 0.916345 0.935778 0.950488 0.961473 0.969567 0.975439 0.979621 0.982525 0.98447 0.985692 0.986359 0.98657 0.986359 0.985692 0.98447 0.982525 0.979621 0.975439 0.969567 0.961473 0.950488 0.935778 0.916345 0.891046 0.85866 0.818022 0.768238 0.70896 0.640677 0.564923 0.484314 0.402321 0.322823 0.249505 0.185293 0.131947 0.0899423 0.0586088 0.0364713 0.021658 0.0122679 0.00662717 0.00341428 0.00167795 0.000786922 0.000352347 0.000150716 6.16298e-05 2.41094e-05 9.02985e-06 3.24055e-06 1.1152e-06 3.68324e-07 1.16842e-07 3.56289e-08 1.04513e-08 2.95141e-09 8.0296e-10 2.10631e-10 5.34401e-11 1.37149e-11 
