1.42734e-09 1.6601e-09 2.42081e-09 3.90962e-09 6.50461e-09 1.08346e-08 1.78933e-08 2.92082e-08 4.70799e-08 7.49143e-08 1.17671e-07 1.82458e-07 2.79298e-07 4.22097e-07 6.29835e-07 9.27996e-07 1.35022e-06 1.94018e-06 2.75357e-06 3.86015e-06 5.34575e-06 7.31388e-06 9.88697e-06 1.32067e-05 1.74335e-05 2.27441e-05 2.93284e-05 3.73838e-05 4.71077e-05 5.86884e-05 7.2294e-05 8.80606e-05 0.000106079 0.000126384 0.000148937 0.000173625 0.000200247 0.000228513 0.000258047 0.000288391 0.000319018 0.000349343 0.000378746 0.000406592 0.000432252 0.000455126 0.000474664 0.000490391 0.000501914 0.000508947 0.000511311 0.000508947 0.000501914 0.000490391 0.000474664 0.000455126 0.000432252 0.000406592 0.000378746 0.000349343 0.000319018 0.000288391 0.000258047 0.000228513 0.000200247 0.000173625 0.000148937 0.000126384 0.000106079 8.80606e-05 7.2294e-05 5.86884e-05 4.71077e-05 3.73838e-05 2.93284e-05 2.27441e-05 1.74335e-05 1.32067e-05 9.88697e-06 7.31388e-06 5.34575e-06 3.86015e-06 2.75357e-06 1.94018e-06 1.35022e-06 9.27996e-07 6.29835e-07 4.22097e-07 2.79298e-07 1.82458e-07 1.17671e-07 7.49143e-08 4.70799e-08 2.92082e-08 1.78933e-08 1.08346e-08 6.50461e-09 3.90962e-09 2.42081e-09 1.6601e-09 
1.6601e-09 1.92972e-09 2.81055e-09 4.53317e-09 7.53278e-09 1.25324e-08 2.06733e-08 3.37071e-08 5.42683e-08 8.62512e-08 1.35319e-07 2.09572e-07 3.20418e-07 4.83655e-07 7.20813e-07 1.06075e-06 1.54149e-06 2.21231e-06 3.13593e-06 4.39081e-06 6.07323e-06 8.29916e-06 1.12055e-05 1.49502e-05 1.97119e-05 2.56871e-05 3.30863e-05 4.21275e-05 5.30285e-05 6.59961e-05 8.12142e-05 9.88306e-05 0.000118943 0.000141583 0.000166708 0.000194186 0.000223792 0.000255201 0.000287995 0.000321665 0.000355626 0.000389233 0.000421802 0.000452631 0.000481027 0.000506331 0.00052794 0.000545328 0.000558067 0.00056584 0.000568453 0.00056584 0.000558067 0.000545328 0.00052794 0.000506331 0.000481027 0.000452631 0.000421802 0.000389233 0.000355626 0.000321665 0.000287995 0.000255201 0.000223792 0.000194186 0.000166708 0.000141583 0.000118943 9.88306e-05 8.12142e-05 6.59961e-05 5.30285e-05 4.21275e-05 3.30863e-05 2.56871e-05 1.97119e-05 1.49502e-05 1.12055e-05 8.29916e-06 6.07323e-06 4.39081e-06 3.13593e-06 2.21231e-06 1.54149e-06 1.06075e-06 7.20813e-07 4.83655e-07 3.20418e-07 2.09572e-07 1.35319e-07 8.62512e-08 5.42683e-08 3.37071e-08 2.06733e-08 1.25324e-08 7.53278e-09 4.53317e-09 2.81055e-09 1.92972e-09 
2.42081e-09 2.81055e-09 4.08266e-09 6.56647e-09 1.08824e-08 1.80589e-08 2.97144e-08 4.83258e-08 7.76063e-08 1.23026e-07 1.92513e-07 2.97369e-07 4.53448e-07 6.82629e-07 1.01461e-06 1.48906e-06 2.15802e-06 3.08868e-06 4.3662e-06 6.09664e-06 8.40964e-06 1.14606e-05 1.54322e-05 2.05343e-05 2.7003e-05 3.50965e-05 4.50901e-05 5.72674e-05 7.19094e-05 8.92808e-05 0.000109614 0.000133094 0.000159835 0.000189868 0.000223124 0.000259418 0.000298444 0.00033977 0.000382842 0.000426993 0.000471457 0.000515398 0.000557927 0.000598139 0.000635141 0.000668085 0.000696198 0.000718806 0.000735363 0.000745462 0.000748856 0.000745462 0.000735363 0.000718806 0.000696198 0.000668085 0.000635141 0.000598139 0.000557927 0.000515398 0.000471457 0.000426993 0.000382842 0.00033977 0.000298444 0.000259418 0.000223124 0.000189868 0.000159835 0.000133094 0.000109614 8.92808e-05 7.19094e-05 5.72674e-05 4.50901e-05 3.50965e-05 2.7003e-05 2.05343e-05 1.54322e-05 1.14606e-05 8.40964e-06 6.09664e-06 4.3662e-06 3.08868e-06 2.15802e-06 1.48906e-06 1.01461e-06 6.82629e-07 4.53448e-07 2.97369e-07 1.92513e-07 1.23026e-07 7.76063e-08 4.83258e-08 2.97144e-08 1.80589e-08 1.08824e-08 6.56647e-09 4.08266e-09 2.81055e-09 
3.90962e-09 4.53317e-09 6.56647e-09 1.05296e-08 1.74005e-08 2.87958e-08 4.72524e-08 7.66391e-08 1.22736e-07 1.94028e-07 3.02763e-07 4.66336e-07 7.0905e-07 1.06431e-06 1.57726e-06 2.30794e-06 3.33478e-06 4.75856e-06 6.70643e-06 9.336e-06 1.2839e-05 1.74439e-05 2.34182e-05 3.10673e-05 4.07327e-05 5.27862e-05 6.7621e-05 8.56396e-05 0.000107237 0.000132783 0.000162595 0.00019692 0.000235905 0.000279573 0.000327801 0.000380308 0.000436635 0.000496152 0.000558055 0.000621385 0.000685054 0.000747869 0.000808575 0.000865898 0.000918583 0.000965442 0.0010054 0.0010375 0.001061 0.00107534 0.00108015 0.00107534 0.001061 0.0010375 0.0010054 0.000965442 0.000918583 0.000865898 0.000808575 0.000747869 0.000685054 0.000621385 0.000558055 0.000496152 0.000436635 0.000380308 0.000327801 0.000279573 0.000235905 0.00019692 0.000162595 0.000132783 0.000107237 8.56396e-05 6.7621e-05 5.27862e-05 4.07327e-05 3.10673e-05 2.34182e-05 1.74439e-05 1.2839e-05 9.336e-06 6.70643e-06 4.75856e-06 3.33478e-06 2.30794e-06 1.57726e-06 1.06431e-06 7.0905e-07 4.66336e-07 3.02763e-07 1.94028e-07 1.22736e-07 7.66391e-08 4.72524e-08 2.87958e-08 1.74005e-08 1.05296e-08 6.56647e-09 4.53317e-09 
6.50461e-09 7.53278e-09 1.08824e-08 1.74005e-08 2.86767e-08 4.73321e-08 7.74684e-08 1.25321e-07 2.00173e-07 3.15605e-07 4.9115e-07 7.54444e-07 1.14395e-06 1.71232e-06 2.53044e-06 3.69215e-06 5.31954e-06 7.56876e-06 1.06359e-05 1.4763e-05 2.02429e-05 2.7423e-05 3.67074e-05 4.85557e-05 6.34784e-05 8.2028e-05 0.000104785 0.000132339 0.000165264 0.000204089 0.000249267 0.000301134 0.000359879 0.000425504 0.000497799 0.000576314 0.000660347 0.000748943 0.000840901 0.000934798 0.00102903 0.00112184 0.0012114 0.00129586 0.00137339 0.00144228 0.00150097 0.0015481 0.00158257 0.00160359 0.00161065 0.00160359 0.00158257 0.0015481 0.00150097 0.00144228 0.00137339 0.00129586 0.0012114 0.00112184 0.00102903 0.000934798 0.000840901 0.000748943 0.000660347 0.000576314 0.000497799 0.000425504 0.000359879 0.000301134 0.000249267 0.000204089 0.000165264 0.000132339 0.000104785 8.2028e-05 6.34784e-05 4.85557e-05 3.67074e-05 2.7423e-05 2.02429e-05 1.4763e-05 1.06359e-05 7.56876e-06 5.31954e-06 3.69215e-06 2.53044e-06 1.71232e-06 1.14395e-06 7.54444e-07 4.9115e-07 3.15605e-07 2.00173e-07 1.25321e-07 7.74684e-08 4.73321e-08 2.86767e-08 1.74005e-08 1.08824e-08 7.53278e-09 
1.08346e-08 1.25324e-08 1.80589e-08 2.87958e-08 4.73321e-08 7.79266e-08 1.27225e-07 2.05297e-07 3.27092e-07 5.14398e-07 7.98447e-07 1.22327e-06 1.8499e-06 2.7616e-06 4.06998e-06 5.92221e-06 8.50896e-06 1.2073e-05 1.69179e-05 2.34165e-05 3.20176e-05 4.32516e-05 5.77315e-05 7.61512e-05 9.92767e-05 0.000127932 0.000162977 0.000205279 0.000255674 0.000314924 0.000383668 0.000462369 0.000551263 0.000650309 0.000759145 0.00087706 0.00100297 0.00113543 0.00127264 0.00141247 0.00155255 0.0016903 0.00182303 0.00194802 0.00206264 0.00216437 0.00225095 0.00232044 0.00237125 0.00240221 0.00241261 0.00240221 0.00237125 0.00232044 0.00225095 0.00216437 0.00206264 0.00194802 0.00182303 0.0016903 0.00155255 0.00141247 0.00127264 0.00113543 0.00100297 0.00087706 0.000759145 0.000650309 0.000551263 0.000462369 0.000383668 0.000314924 0.000255674 0.000205279 0.000162977 0.000127932 9.92767e-05 7.61512e-05 5.77315e-05 4.32516e-05 3.20176e-05 2.34165e-05 1.69179e-05 1.2073e-05 8.50896e-06 5.92221e-06 4.06998e-06 2.7616e-06 1.8499e-06 1.22327e-06 7.98447e-07 5.14398e-07 3.27092e-07 2.05297e-07 1.27225e-07 7.79266e-08 4.73321e-08 2.87958e-08 1.80589e-08 1.25324e-08 
1.78933e-08 2.06733e-08 2.97144e-08 4.72524e-08 7.74684e-08 1.27225e-07 2.07199e-07 3.33525e-07 5.30072e-07 8.31516e-07 1.28739e-06 1.96727e-06 2.96725e-06 4.41791e-06 6.49361e-06 9.4233e-06 1.35024e-05 1.91053e-05 2.66982e-05 3.68508e-05 5.02459e-05 6.76858e-05 9.00937e-05 0.000118508 0.000154069 0.000197995 0.000251548 0.000315993 0.000392534 0.000482257 0.000586056 0.000704554 0.000838034 0.000986364 0.00114894 0.00132466 0.00151186 0.00170836 0.00191148 0.00211809 0.0023247 0.00252753 0.00272269 0.00290622 0.0030743 0.00322334 0.00335009 0.00345174 0.00352602 0.00357127 0.00358647 0.00357127 0.00352602 0.00345174 0.00335009 0.00322334 0.0030743 0.00290622 0.00272269 0.00252753 0.0023247 0.00211809 0.00191148 0.00170836 0.00151186 0.00132466 0.00114894 0.000986364 0.000838034 0.000704554 0.000586056 0.000482257 0.000392534 0.000315993 0.000251548 0.000197995 0.000154069 0.000118508 9.00937e-05 6.76858e-05 5.02459e-05 3.68508e-05 2.66982e-05 1.91053e-05 1.35024e-05 9.4233e-06 6.49361e-06 4.41791e-06 2.96725e-06 1.96727e-06 1.28739e-06 8.31516e-07 5.30072e-07 3.33525e-07 2.07199e-07 1.27225e-07 7.74684e-08 4.72524e-08 2.97144e-08 2.06733e-08 
2.92082e-08 3.37071e-08 4.83258e-08 7.66391e-08 1.25321e-07 2.05297e-07 3.33525e-07 5.35546e-07 8.49026e-07 1.3285e-06 2.0516e-06 3.12696e-06 4.7041e-06 6.98534e-06 1.02398e-05 1.48195e-05 2.11764e-05 2.98811e-05 4.16407e-05 5.73152e-05 7.793e-05 0.000104684 0.00013895 0.000182261 0.000236292 0.000302821 0.000383676 0.000480669 0.000595516 0.000729736 0.000884553 0.00106079 0.00125875 0.00147814 0.00171798 0.00197656 0.00225139 0.00253923 0.00283614 0.00313755 0.0034384 0.00373326 0.00401651 0.00428253 0.00452586 0.0047414 0.00492453 0.00507129 0.00517848 0.00524375 0.00526567 0.00524375 0.00517848 0.00507129 0.00492453 0.0047414 0.00452586 0.00428253 0.00401651 0.00373326 0.0034384 0.00313755 0.00283614 0.00253923 0.00225139 0.00197656 0.00171798 0.00147814 0.00125875 0.00106079 0.000884553 0.000729736 0.000595516 0.000480669 0.000383676 0.000302821 0.000236292 0.000182261 0.00013895 0.000104684 7.793e-05 5.73152e-05 4.16407e-05 2.98811e-05 2.11764e-05 1.48195e-05 1.02398e-05 6.98534e-06 4.7041e-06 3.12696e-06 2.0516e-06 1.3285e-06 8.49026e-07 5.35546e-07 3.33525e-07 2.05297e-07 1.25321e-07 7.66391e-08 4.83258e-08 3.37071e-08 
4.70799e-08 5.42683e-08 7.76063e-08 1.22736e-07 2.00173e-07 3.27092e-07 5.30072e-07 8.49026e-07 1.34262e-06 2.09551e-06 3.22776e-06 4.9068e-06 7.36215e-06 1.09032e-05 1.59399e-05 2.30057e-05 3.27835e-05 4.61307e-05 6.4105e-05 8.79865e-05 0.000119294 0.000159793 0.000211494 0.00027663 0.000357623 0.000457026 0.000577445 0.000721439 0.000891398 0.00108941 0.00131712 0.00157557 0.00186504 0.00218496 0.00253376 0.00290884 0.00330652 0.00372206 0.00414976 0.00458306 0.00501472 0.00543705 0.00584211 0.00622198 0.00656901 0.00687605 0.0071367 0.00734542 0.00749779 0.00759054 0.00762167 0.00759054 0.00749779 0.00734542 0.0071367 0.00687605 0.00656901 0.00622198 0.00584211 0.00543705 0.00501472 0.00458306 0.00414976 0.00372206 0.00330652 0.00290884 0.00253376 0.00218496 0.00186504 0.00157557 0.00131712 0.00108941 0.000891398 0.000721439 0.000577445 0.000457026 0.000357623 0.00027663 0.000211494 0.000159793 0.000119294 8.79865e-05 6.4105e-05 4.61307e-05 3.27835e-05 2.30057e-05 1.59399e-05 1.09032e-05 7.36215e-06 4.9068e-06 3.22776e-06 2.09551e-06 1.34262e-06 8.49026e-07 5.30072e-07 3.27092e-07 2.00173e-07 1.22736e-07 7.76063e-08 5.42683e-08 
7.49143e-08 8.62512e-08 1.23026e-07 1.94028e-07 3.15605e-07 5.14398e-07 8.31516e-07 1.3285e-06 2.09551e-06 3.26219e-06 5.01174e-06 7.59869e-06 1.13706e-05 1.67941e-05 2.44849e-05 3.52408e-05 5.00783e-05 7.0268e-05 9.73694e-05 0.00013326 0.000180157 0.000240623 0.000317555 0.000414156 0.000533873 0.000680313 0.000857126 0.00106786 0.00131579 0.00160372 0.0019338 0.00230728 0.00272435 0.00318397 0.00368369 0.00421963 0.00478641 0.00537723 0.00598394 0.00659728 0.0072071 0.00780264 0.00837287 0.00890685 0.00939401 0.00982456 0.0101897 0.0104818 0.010695 0.0108247 0.0108682 0.0108247 0.010695 0.0104818 0.0101897 0.00982456 0.00939401 0.00890685 0.00837287 0.00780264 0.0072071 0.00659728 0.00598394 0.00537723 0.00478641 0.00421963 0.00368369 0.00318397 0.00272435 0.00230728 0.0019338 0.00160372 0.00131579 0.00106786 0.000857126 0.000680313 0.000533873 0.000414156 0.000317555 0.000240623 0.000180157 0.00013326 9.73694e-05 7.0268e-05 5.00783e-05 3.52408e-05 2.44849e-05 1.67941e-05 1.13706e-05 7.59869e-06 5.01174e-06 3.26219e-06 2.09551e-06 1.3285e-06 8.31516e-07 5.14398e-07 3.15605e-07 1.94028e-07 1.23026e-07 8.62512e-08 
1.17671e-07 1.35319e-07 1.92513e-07 3.02763e-07 4.9115e-07 7.98447e-07 1.28739e-06 2.0516e-06 3.22776e-06 5.01174e-06 7.67931e-06 1.16121e-05 1.73292e-05 2.55247e-05 3.71103e-05 5.32626e-05 7.54732e-05 0.000105598 0.000145903 0.000199103 0.000268384 0.000357408 0.000470291 0.000611549 0.000786012 0.000998688 0.0012546 0.00155858 0.00191501 0.0023276 0.00279903 0.00333078 0.00392276 0.00457316 0.00527829 0.00603243 0.00682785 0.0076549 0.0085022 0.00935685 0.0102048 0.0110314 0.0118214 0.01256 0.013233 0.013827 0.0143303 0.0147326 0.015026 0.0152044 0.0152643 0.0152044 0.015026 0.0147326 0.0143303 0.013827 0.013233 0.01256 0.0118214 0.0110314 0.0102048 0.00935685 0.0085022 0.0076549 0.00682785 0.00603243 0.00527829 0.00457316 0.00392276 0.00333078 0.00279903 0.0023276 0.00191501 0.00155858 0.0012546 0.000998688 0.000786012 0.000611549 0.000470291 0.000357408 0.000268384 0.000199103 0.000145903 0.000105598 7.54732e-05 5.32626e-05 3.71103e-05 2.55247e-05 1.73292e-05 1.16121e-05 7.67931e-06 5.01174e-06 3.22776e-06 2.0516e-06 1.28739e-06 7.98447e-07 4.9115e-07 3.02763e-07 1.92513e-07 1.35319e-07 
1.82458e-07 2.09572e-07 2.97369e-07 4.66336e-07 7.54444e-07 1.22327e-06 1.96727e-06 3.12696e-06 4.9068e-06 7.59869e-06 1.16121e-05 1.75114e-05 2.60614e-05 3.82799e-05 5.54985e-05 7.94276e-05 0.000112225 0.000156563 0.000215686 0.000293461 0.000394399 0.000523653 0.000686978 0.000890644 0.0011413 0.00144579 0.00181089 0.00224306 0.00274806 0.00333062 0.00399405 0.00473989 0.00556756 0.0064741 0.00745396 0.00849889 0.00959798 0.0107378 0.0119026 0.0130747 0.0142352 0.0153641 0.0164412 0.0174465 0.0183611 0.0191674 0.0198498 0.0203949 0.020792 0.0210335 0.0211145 0.0210335 0.020792 0.0203949 0.0198498 0.0191674 0.0183611 0.0174465 0.0164412 0.0153641 0.0142352 0.0130747 0.0119026 0.0107378 0.00959798 0.00849889 0.00745396 0.0064741 0.00556756 0.00473989 0.00399405 0.00333062 0.00274806 0.00224306 0.00181089 0.00144579 0.0011413 0.000890644 0.000686978 0.000523653 0.000394399 0.000293461 0.000215686 0.000156563 0.000112225 7.94276e-05 5.54985e-05 3.82799e-05 2.60614e-05 1.75114e-05 1.16121e-05 7.59869e-06 4.9068e-06 3.12696e-06 1.96727e-06 1.22327e-06 7.54444e-07 4.66336e-07 2.97369e-07 2.09572e-07 
2.79298e-07 3.20418e-07 4.53448e-07 7.0905e-07 1.14395e-06 1.8499e-06 2.96725e-06 4.7041e-06 7.36215e-06 1.13706e-05 1.73292e-05 2.60614e-05 3.8678e-05 5.66516e-05 8.18997e-05 0.000116874 0.000164652 0.000229025 0.000314572 0.00042672 0.000571759 0.000756832 0.000989856 0.0012794 0.00163446 0.00206421 0.00257767 0.00318327 0.0038884 0.00469897 0.00561886 0.00664951 0.00778943 0.00903394 0.0103749 0.0118006 0.0132959 0.0148423 0.0164185 0.0180008 0.0195638 0.021081 0.0225258 0.023872 0.0250949 0.0261715 0.0270817 0.0278081 0.028337 0.0286584 0.0287662 0.0286584 0.028337 0.0278081 0.0270817 0.0261715 0.0250949 0.023872 0.0225258 0.021081 0.0195638 0.0180008 0.0164185 0.0148423 0.0132959 0.0118006 0.0103749 0.00903394 0.00778943 0.00664951 0.00561886 0.00469897 0.0038884 0.00318327 0.00257767 0.00206421 0.00163446 0.0012794 0.000989856 0.000756832 0.000571759 0.00042672 0.000314572 0.000229025 0.000164652 0.000116874 8.18997e-05 5.66516e-05 3.8678e-05 2.60614e-05 1.73292e-05 1.13706e-05 7.36215e-06 4.7041e-06 2.96725e-06 1.8499e-06 1.14395e-06 7.0905e-07 4.53448e-07 3.20418e-07 
4.22097e-07 4.83655e-07 6.82629e-07 1.06431e-06 1.71232e-06 2.7616e-06 4.41791e-06 6.98534e-06 1.09032e-05 1.67941e-05 2.55247e-05 3.82799e-05 5.66516e-05 8.27409e-05 0.00011927 0.000169705 0.000238372 0.000330575 0.000452682 0.000612194 0.000817756 0.00107911 0.00140698 0.00181288 0.00230879 0.00290681 0.00361866 0.00445514 0.00542554 0.00653698 0.0077938 0.00919697 0.0107436 0.0124264 0.0142337 0.0161492 0.0181522 0.0202177 0.0223173 0.0244196 0.0264912 0.0284978 0.0304047 0.0321784 0.0337869 0.035201 0.0363951 0.0373472 0.03804 0.0384608 0.0386019 0.0384608 0.03804 0.0373472 0.0363951 0.035201 0.0337869 0.0321784 0.0304047 0.0284978 0.0264912 0.0244196 0.0223173 0.0202177 0.0181522 0.0161492 0.0142337 0.0124264 0.0107436 0.00919697 0.0077938 0.00653698 0.00542554 0.00445514 0.00361866 0.00290681 0.00230879 0.00181288 0.00140698 0.00107911 0.000817756 0.000612194 0.000452682 0.000330575 0.000238372 0.000169705 0.00011927 8.27409e-05 5.66516e-05 3.82799e-05 2.55247e-05 1.67941e-05 1.09032e-05 6.98534e-06 4.41791e-06 2.7616e-06 1.71232e-06 1.06431e-06 6.82629e-07 4.83655e-07 
6.29835e-07 7.20813e-07 1.01461e-06 1.57726e-06 2.53044e-06 4.06998e-06 6.49361e-06 1.02398e-05 1.59399e-05 2.44849e-05 3.71103e-05 5.54985e-05 8.18997e-05 0.00011927 0.000171424 0.000243189 0.000340564 0.00047086 0.000642808 0.000866625 0.00115401 0.00151805 0.00197304 0.00253419 0.0032172 0.00403771 0.00501068 0.00614965 0.00746596 0.00896793 0.0106601 0.0125423 0.0146096 0.016851 0.0192502 0.0217846 0.0244264 0.0271425 0.0298955 0.0326448 0.0353472 0.0379586 0.040435 0.042734 0.0448154 0.0466426 0.0481835 0.049411 0.0503034 0.0508452 0.0510268 0.0508452 0.0503034 0.049411 0.0481835 0.0466426 0.0448154 0.042734 0.040435 0.0379586 0.0353472 0.0326448 0.0298955 0.0271425 0.0244264 0.0217846 0.0192502 0.016851 0.0146096 0.0125423 0.0106601 0.00896793 0.00746596 0.00614965 0.00501068 0.00403771 0.0032172 0.00253419 0.00197304 0.00151805 0.00115401 0.000866625 0.000642808 0.00047086 0.000340564 0.000243189 0.000171424 0.00011927 8.18997e-05 5.54985e-05 3.71103e-05 2.44849e-05 1.59399e-05 1.02398e-05 6.49361e-06 4.06998e-06 2.53044e-06 1.57726e-06 1.01461e-06 7.20813e-07 
9.27996e-07 1.06075e-06 1.48906e-06 2.30794e-06 3.69215e-06 5.92221e-06 9.4233e-06 1.48195e-05 2.30057e-05 3.52408e-05 5.32626e-05 7.94276e-05 0.000116874 0.000169705 0.000243189 0.00034396 0.00048022 0.000661904 0.000900807 0.00121064 0.001607 0.00210719 0.00272999 0.00349514 0.00442284 0.00553296 0.00684421 0.00837317 0.0101333 0.0121339 0.0143791 0.0168672 0.0195896 0.0225308 0.0256677 0.0289702 0.0324013 0.0359177 0.0394714 0.0430102 0.0464796 0.049824 0.0529885 0.0559202 0.0585698 0.0608922 0.0628481 0.0644045 0.0655352 0.0662213 0.0664512 0.0662213 0.0655352 0.0644045 0.0628481 0.0608922 0.0585698 0.0559202 0.0529885 0.049824 0.0464796 0.0430102 0.0394714 0.0359177 0.0324013 0.0289702 0.0256677 0.0225308 0.0195896 0.0168672 0.0143791 0.0121339 0.0101333 0.00837317 0.00684421 0.00553296 0.00442284 0.00349514 0.00272999 0.00210719 0.001607 0.00121064 0.000900807 0.000661904 0.00048022 0.00034396 0.000243189 0.000169705 0.000116874 7.94276e-05 5.32626e-05 3.52408e-05 2.30057e-05 1.48195e-05 9.4233e-06 5.92221e-06 3.69215e-06 2.30794e-06 1.48906e-06 1.06075e-06 
1.35022e-06 1.54149e-06 2.15802e-06 3.33478e-06 5.31954e-06 8.50896e-06 1.35024e-05 2.11764e-05 3.27835e-05 5.00783e-05 7.54732e-05 0.000112225 0.000164652 0.000238372 0.000340564 0.00048022 0.000668394 0.000918399 0.00124594 0.00166915 0.0022085 0.00288655 0.00372751 0.00475664 0.00599945 0.00748069 0.00922329 0.011247 0.0135674 0.0161942 0.0191305 0.0223717 0.0259044 0.0297066 0.0337469 0.0379854 0.0423737 0.0468565 0.0513726 0.0558564 0.0602401 0.0644551 0.0684341 0.0721125 0.0754306 0.0783343 0.0807763 0.0827174 0.0841264 0.0849808 0.0852671 0.0849808 0.0841264 0.0827174 0.0807763 0.0783343 0.0754306 0.0721125 0.0684341 0.0644551 0.0602401 0.0558564 0.0513726 0.0468565 0.0423737 0.0379854 0.0337469 0.0297066 0.0259044 0.0223717 0.0191305 0.0161942 0.0135674 0.011247 0.00922329 0.00748069 0.00599945 0.00475664 0.00372751 0.00288655 0.0022085 0.00166915 0.00124594 0.000918399 0.000668394 0.00048022 0.000340564 0.000238372 0.000164652 0.000112225 7.54732e-05 5.00783e-05 3.27835e-05 2.11764e-05 1.35024e-05 8.50896e-06 5.31954e-06 3.33478e-06 2.15802e-06 1.54149e-06 
1.94018e-06 2.21231e-06 3.08868e-06 4.75856e-06 7.56876e-06 1.2073e-05 1.91053e-05 2.98811e-05 4.61307e-05 7.0268e-05 0.000105598 0.000156563 0.000229025 0.000330575 0.00047086 0.000661904 0.000918399 0.00125793 0.00170111 0.00227158 0.00299581 0.00390272 0.00502308 0.00638862 0.008031 0.00998046 0.0122644 0.0149059 0.017922 0.0213224 0.0251078 0.0292692 0.0337869 0.0386301 0.0437569 0.0491151 0.0546428 0.0602702 0.0659207 0.0715135 0.0769655 0.0821936 0.0871166 0.0916577 0.0957458 0.099317 0.102316 0.104697 0.106424 0.107471 0.107821 0.107471 0.106424 0.104697 0.102316 0.099317 0.0957458 0.0916577 0.0871166 0.0821936 0.0769655 0.0715135 0.0659207 0.0602702 0.0546428 0.0491151 0.0437569 0.0386301 0.0337869 0.0292692 0.0251078 0.0213224 0.017922 0.0149059 0.0122644 0.00998046 0.008031 0.00638862 0.00502308 0.00390272 0.00299581 0.00227158 0.00170111 0.00125793 0.000918399 0.000661904 0.00047086 0.000330575 0.000229025 0.000156563 0.000105598 7.0268e-05 4.61307e-05 2.98811e-05 1.91053e-05 1.2073e-05 7.56876e-06 4.75856e-06 3.08868e-06 2.21231e-06 
2.75357e-06 3.13593e-06 4.3662e-06 6.70643e-06 1.06359e-05 1.69179e-05 2.66982e-05 4.16407e-05 6.4105e-05 9.73694e-05 0.000145903 0.000215686 0.000314572 0.000452682 0.000642808 0.000900807 0.00124594 0.00170111 0.002293 0.00305196 0.00401172 0.00520878 0.00668161 0.0084694 0.0106107 0.0131417 0.0160945 0.019495 0.0233613 0.0277015 0.0325127 0.0377796 0.0434737 0.0495531 0.0559629 0.0626361 0.0694946 0.0764514 0.083413 0.090281 0.0969556 0.103338 0.109332 0.114848 0.119804 0.124125 0.127748 0.130621 0.132702 0.133963 0.134385 0.133963 0.132702 0.130621 0.127748 0.124125 0.119804 0.114848 0.109332 0.103338 0.0969556 0.090281 0.083413 0.0764514 0.0694946 0.0626361 0.0559629 0.0495531 0.0434737 0.0377796 0.0325127 0.0277015 0.0233613 0.019495 0.0160945 0.0131417 0.0106107 0.0084694 0.00668161 0.00520878 0.00401172 0.00305196 0.002293 0.00170111 0.00124594 0.000900807 0.000642808 0.000452682 0.000314572 0.000215686 0.000145903 9.73694e-05 6.4105e-05 4.16407e-05 2.66982e-05 1.69179e-05 1.06359e-05 6.70643e-06 4.3662e-06 3.13593e-06 
3.86015e-06 4.39081e-06 6.09664e-06 9.336e-06 1.4763e-05 2.34165e-05 3.68508e-05 5.73152e-05 8.79865e-05 0.00013326 0.000199103 0.000293461 0.00042672 0.000612194 0.000866625 0.00121064 0.00166915 0.00227158 0.00305196 0.00404871 0.00530415 0.00686367 0.00877455 0.0110844 0.0138392 0.0170815 0.0208476 0.0251659 0.030054 0.0355174 0.0415472 0.0481193 0.055194 0.0627154 0.0706127 0.0788011 0.087184 0.0956551 0.104101 0.112405 0.12045 0.128119 0.135302 0.141896 0.147806 0.152949 0.157255 0.160665 0.163133 0.164626 0.165126 0.164626 0.163133 0.160665 0.157255 0.152949 0.147806 0.141896 0.135302 0.128119 0.12045 0.112405 0.104101 0.0956551 0.087184 0.0788011 0.0706127 0.0627154 0.055194 0.0481193 0.0415472 0.0355174 0.030054 0.0251659 0.0208476 0.0170815 0.0138392 0.0110844 0.00877455 0.00686367 0.00530415 0.00404871 0.00305196 0.00227158 0.00166915 0.00121064 0.000866625 0.000612194 0.00042672 0.000293461 0.000199103 0.00013326 8.79865e-05 5.73152e-05 3.68508e-05 2.34165e-05 1.4763e-05 9.336e-06 6.09664e-06 4.39081e-06 
5.34575e-06 6.07323e-06 8.40964e-06 1.2839e-05 2.02429e-05 3.20176e-05 5.02459e-05 7.793e-05 0.000119294 0.000180157 0.000268384 0.000394399 0.000571759 0.000817756 0.00115401 0.001607 0.0022085 0.00299581 0.00401172 0.00530415 0.00692543 0.00893112 0.0113784 0.0143239 0.0178218 0.0219205 0.0266603 0.0320707 0.0381675 0.044951 0.0524039 0.0604908 0.0691571 0.0783302 0.0879201 0.0978216 0.107917 0.118078 0.128171 0.138058 0.147604 0.156676 0.165148 0.172904 0.17984 0.185864 0.190898 0.194878 0.197756 0.199497 0.20008 0.199497 0.197756 0.194878 0.190898 0.185864 0.17984 0.172904 0.165148 0.156676 0.147604 0.138058 0.128171 0.118078 0.107917 0.0978216 0.0879201 0.0783302 0.0691571 0.0604908 0.0524039 0.044951 0.0381675 0.0320707 0.0266603 0.0219205 0.0178218 0.0143239 0.0113784 0.00893112 0.00692543 0.00530415 0.00401172 0.00299581 0.0022085 0.001607 0.00115401 0.000817756 0.000571759 0.000394399 0.000268384 0.000180157 0.000119294 7.793e-05 5.02459e-05 3.20176e-05 2.02429e-05 1.2839e-05 8.40964e-06 6.07323e-06 
7.31388e-06 8.29916e-06 1.14606e-05 1.74439e-05 2.7423e-05 4.32516e-05 6.76858e-05 0.000104684 0.000159793 0.000240623 0.000357408 0.000523653 0.000756832 0.00107911 0.00151805 0.00210719 0.00288655 0.00390272 0.00520878 0.00686367 0.00893112 0.011478 0.0145724 0.0182808 0.0226649 0.0277791 0.0336665 0.0403559 0.0478591 0.0561686 0.0652558 0.07507 0.0855389 0.0965695 0.108049 0.11985 0.13183 0.143839 0.155719 0.167314 0.178468 0.189033 0.198869 0.207849 0.215859 0.222801 0.228591 0.233163 0.236465 0.238461 0.239128 0.238461 0.236465 0.233163 0.228591 0.222801 0.215859 0.207849 0.198869 0.189033 0.178468 0.167314 0.155719 0.143839 0.13183 0.11985 0.108049 0.0965695 0.0855389 0.07507 0.0652558 0.0561686 0.0478591 0.0403559 0.0336665 0.0277791 0.0226649 0.0182808 0.0145724 0.011478 0.00893112 0.00686367 0.00520878 0.00390272 0.00288655 0.00210719 0.00151805 0.00107911 0.000756832 0.000523653 0.000357408 0.000240623 0.000159793 0.000104684 6.76858e-05 4.32516e-05 2.7423e-05 1.74439e-05 1.14606e-05 8.29916e-06 
9.88697e-06 1.12055e-05 1.54322e-05 2.34182e-05 3.67074e-05 5.77315e-05 9.00937e-05 0.00013895 0.000211494 0.000317555 0.000470291 0.000686978 0.000989856 0.00140698 0.00197304 0.00272999 0.00372751 0.00502308 0.00668161 0.00877455 0.0113784 0.0145724 0.0184362 0.0230462 0.0284717 0.0347717 0.0419905 0.0501542 0.0592677 0.0693123 0.0802442 0.0919941 0.104468 0.117549 0.131099 0.144964 0.158977 0.172962 0.186741 0.200134 0.21297 0.225086 0.236329 0.246562 0.255667 0.263539 0.270092 0.275258 0.278985 0.281235 0.281988 0.281235 0.278985 0.275258 0.270092 0.263539 0.255667 0.246562 0.236329 0.225086 0.21297 0.200134 0.186741 0.172962 0.158977 0.144964 0.131099 0.117549 0.104468 0.0919941 0.0802442 0.0693123 0.0592677 0.0501542 0.0419905 0.0347717 0.0284717 0.0230462 0.0184362 0.0145724 0.0113784 0.00877455 0.00668161 0.00502308 0.00372751 0.00272999 0.00197304 0.00140698 0.000989856 0.000686978 0.000470291 0.000317555 0.000211494 0.00013895 9.00937e-05 5.77315e-05 3.67074e-05 2.34182e-05 1.54322e-05 1.12055e-05 
1.32067e-05 1.49502e-05 2.05343e-05 3.10673e-05 4.85557e-05 7.61512e-05 0.000118508 0.000182261 0.00027663 0.000414156 0.000611549 0.000890644 0.0012794 0.00181288 0.00253419 0.00349514 0.00475664 0.00638862 0.0084694 0.0110844 0.0143239 0.0182808 0.0230462 0.0287062 0.0353372 0.043001 0.0517409 0.0615773 0.0725047 0.0844893 0.0974683 0.11135 0.126013 0.141315 0.157089 0.173152 0.189311 0.205364 0.221112 0.236355 0.250906 0.264589 0.277243 0.288725 0.298911 0.307697 0.314995 0.320739 0.324877 0.327374 0.328208 0.327374 0.324877 0.320739 0.314995 0.307697 0.298911 0.288725 0.277243 0.264589 0.250906 0.236355 0.221112 0.205364 0.189311 0.173152 0.157089 0.141315 0.126013 0.11135 0.0974683 0.0844893 0.0725047 0.0615773 0.0517409 0.043001 0.0353372 0.0287062 0.0230462 0.0182808 0.0143239 0.0110844 0.0084694 0.00638862 0.00475664 0.00349514 0.00253419 0.00181288 0.0012794 0.000890644 0.000611549 0.000414156 0.00027663 0.000182261 0.000118508 7.61512e-05 4.85557e-05 3.10673e-05 2.05343e-05 1.49502e-05 
1.74335e-05 1.97119e-05 2.7003e-05 4.07327e-05 6.34784e-05 9.92767e-05 0.000154069 0.000236292 0.000357623 0.000533873 0.000786012 0.0011413 0.00163446 0.00230879 0.0032172 0.00442284 0.00599945 0.008031 0.0106107 0.0138392 0.0178218 0.0226649 0.0284717 0.0353372 0.0433429 0.0525517 0.0630027 0.0747071 0.0876449 0.101763 0.116975 0.133161 0.150173 0.167835 0.185949 0.204305 0.222679 0.240847 0.258587 0.275684 0.291936 0.307158 0.321184 0.333869 0.345089 0.35474 0.36274 0.369025 0.373546 0.376272 0.377182 0.376272 0.373546 0.369025 0.36274 0.35474 0.345089 0.333869 0.321184 0.307158 0.291936 0.275684 0.258587 0.240847 0.222679 0.204305 0.185949 0.167835 0.150173 0.133161 0.116975 0.101763 0.0876449 0.0747071 0.0630027 0.0525517 0.0433429 0.0353372 0.0284717 0.0226649 0.0178218 0.0138392 0.0106107 0.008031 0.00599945 0.00442284 0.0032172 0.00230879 0.00163446 0.0011413 0.000786012 0.000533873 0.000357623 0.000236292 0.000154069 9.92767e-05 6.34784e-05 4.07327e-05 2.7003e-05 1.97119e-05 
2.27441e-05 2.56871e-05 3.50965e-05 5.27862e-05 8.2028e-05 0.000127932 0.000197995 0.000302821 0.000457026 0.000680313 0.000998688 0.00144579 0.00206421 0.00290681 0.00403771 0.00553296 0.00748069 0.00998046 0.0131417 0.0170815 0.0219205 0.0277791 0.0347717 0.043001 0.0525517 0.0634845 0.075831 0.089589 0.104719 0.121145 0.138751 0.157386 0.176869 0.196989 0.217517 0.238211 0.258821 0.279098 0.298801 0.317703 0.335591 0.352277 0.367592 0.381393 0.393562 0.404 0.412633 0.4194 0.424262 0.42719 0.428168 0.42719 0.424262 0.4194 0.412633 0.404 0.393562 0.381393 0.367592 0.352277 0.335591 0.317703 0.298801 0.279098 0.258821 0.238211 0.217517 0.196989 0.176869 0.157386 0.138751 0.121145 0.104719 0.089589 0.075831 0.0634845 0.0525517 0.043001 0.0347717 0.0277791 0.0219205 0.0170815 0.0131417 0.00998046 0.00748069 0.00553296 0.00403771 0.00290681 0.00206421 0.00144579 0.000998688 0.000680313 0.000457026 0.000302821 0.000197995 0.000127932 8.2028e-05 5.27862e-05 3.50965e-05 2.56871e-05 
2.93284e-05 3.30863e-05 4.50901e-05 6.7621e-05 0.000104785 0.000162977 0.000251548 0.000383676 0.000577445 0.000857126 0.0012546 0.00181089 0.00257767 0.00361866 0.00501068 0.00684421 0.00922329 0.0122644 0.0160945 0.0208476 0.0266603 0.0336665 0.0419905 0.0517409 0.0630027 0.075831 0.0902457 0.106226 0.123709 0.142589 0.162717 0.183907 0.20594 0.228571 0.251535 0.27456 0.29737 0.319695 0.341279 0.361884 0.381294 0.399318 0.415795 0.430588 0.443586 0.454703 0.463873 0.471047 0.476193 0.479288 0.480322 0.479288 0.476193 0.471047 0.463873 0.454703 0.443586 0.430588 0.415795 0.399318 0.381294 0.361884 0.341279 0.319695 0.29737 0.27456 0.251535 0.228571 0.20594 0.183907 0.162717 0.142589 0.123709 0.106226 0.0902457 0.075831 0.0630027 0.0517409 0.0419905 0.0336665 0.0266603 0.0208476 0.0160945 0.0122644 0.00922329 0.00684421 0.00501068 0.00361866 0.00257767 0.00181089 0.0012546 0.000857126 0.000577445 0.000383676 0.000251548 0.000162977 0.000104785 6.7621e-05 4.50901e-05 3.30863e-05 
3.73838e-05 4.21275e-05 5.72674e-05 8.56396e-05 0.000132339 0.000205279 0.000315993 0.000480669 0.000721439 0.00106786 0.00155858 0.00224306 0.00318327 0.00445514 0.00614965 0.00837317 0.011247 0.0149059 0.019495 0.0251659 0.0320707 0.0403559 0.0501542 0.0615773 0.0747071 0.089589 0.106226 0.124575 0.144542 0.165989 0.188728 0.212534 0.23715 0.26229 0.287659 0.312952 0.33787 0.362127 0.385454 0.407608 0.428376 0.447571 0.465043 0.480665 0.494343 0.506004 0.515596 0.523085 0.528447 0.531669 0.532743 0.531669 0.528447 0.523085 0.515596 0.506004 0.494343 0.480665 0.465043 0.447571 0.428376 0.407608 0.385454 0.362127 0.33787 0.312952 0.287659 0.26229 0.23715 0.212534 0.188728 0.165989 0.144542 0.124575 0.106226 0.089589 0.0747071 0.0615773 0.0501542 0.0403559 0.0320707 0.0251659 0.019495 0.0149059 0.011247 0.00837317 0.00614965 0.00445514 0.00318327 0.00224306 0.00155858 0.00106786 0.000721439 0.000480669 0.000315993 0.000205279 0.000132339 8.56396e-05 5.72674e-05 4.21275e-05 
4.71077e-05 5.30285e-05 7.19094e-05 0.000107237 0.000165264 0.000255674 0.000392534 0.000595516 0.000891398 0.00131579 0.00191501 0.00274806 0.0038884 0.00542554 0.00746596 0.0101333 0.0135674 0.017922 0.0233613 0.030054 0.0381675 0.0478591 0.0592677 0.0725047 0.0876449 0.104719 0.123709 0.144542 0.167092 0.191177 0.216572 0.243008 0.270185 0.297782 0.325466 0.352909 0.379789 0.405808 0.43069 0.454195 0.476113 0.496274 0.514538 0.530801 0.544984 0.557035 0.566919 0.574617 0.580118 0.58342 0.584521 0.58342 0.580118 0.574617 0.566919 0.557035 0.544984 0.530801 0.514538 0.496274 0.476113 0.454195 0.43069 0.405808 0.379789 0.352909 0.325466 0.297782 0.270185 0.243008 0.216572 0.191177 0.167092 0.144542 0.123709 0.104719 0.0876449 0.0725047 0.0592677 0.0478591 0.0381675 0.030054 0.0233613 0.017922 0.0135674 0.0101333 0.00746596 0.00542554 0.0038884 0.00274806 0.00191501 0.00131579 0.000891398 0.000595516 0.000392534 0.000255674 0.000165264 0.000107237 7.19094e-05 5.30285e-05 
5.86884e-05 6.59961e-05 8.92808e-05 0.000132783 0.000204089 0.000314924 0.000482257 0.000729736 0.00108941 0.00160372 0.0023276 0.00333062 0.00469897 0.00653698 0.00896793 0.0121339 0.0161942 0.0213224 0.0277015 0.0355174 0.044951 0.0561686 0.0693123 0.0844893 0.101763 0.121145 0.142589 0.165989 0.191177 0.217932 0.24598 0.275008 0.304674 0.334618 0.364478 0.393899 0.422546 0.450109 0.476316 0.500932 0.523761 0.54465 0.563482 0.580174 0.594672 0.606945 0.616979 0.624774 0.630335 0.633667 0.634778 0.633667 0.630335 0.624774 0.616979 0.606945 0.594672 0.580174 0.563482 0.54465 0.523761 0.500932 0.476316 0.450109 0.422546 0.393899 0.364478 0.334618 0.304674 0.275008 0.24598 0.217932 0.191177 0.165989 0.142589 0.121145 0.101763 0.0844893 0.0693123 0.0561686 0.044951 0.0355174 0.0277015 0.0213224 0.0161942 0.0121339 0.00896793 0.00653698 0.00469897 0.00333062 0.0023276 0.00160372 0.00108941 0.000729736 0.000482257 0.000314924 0.000204089 0.000132783 8.92808e-05 6.59961e-05 
7.2294e-05 8.12142e-05 0.000109614 0.000162595 0.000249267 0.000383668 0.000586056 0.000884553 0.00131712 0.0019338 0.00279903 0.00399405 0.00561886 0.0077938 0.0106601 0.0143791 0.0191305 0.0251078 0.0325127 0.0415472 0.0524039 0.0652558 0.0802442 0.0974683 0.116975 0.138751 0.162717 0.188728 0.216572 0.24598 0.27663 0.308163 0.340194 0.372329 0.404175 0.435358 0.465531 0.494386 0.521653 0.547112 0.570589 0.591951 0.61111 0.62801 0.642623 0.654945 0.664987 0.672766 0.678303 0.681616 0.682719 0.681616 0.678303 0.672766 0.664987 0.654945 0.642623 0.62801 0.61111 0.591951 0.570589 0.547112 0.521653 0.494386 0.465531 0.435358 0.404175 0.372329 0.340194 0.308163 0.27663 0.24598 0.216572 0.188728 0.162717 0.138751 0.116975 0.0974683 0.0802442 0.0652558 0.0524039 0.0415472 0.0325127 0.0251078 0.0191305 0.0143791 0.0106601 0.0077938 0.00561886 0.00399405 0.00279903 0.0019338 0.00131712 0.000884553 0.000586056 0.000383668 0.000249267 0.000162595 0.000109614 8.12142e-05 
8.80606e-05 9.88306e-05 0.000133094 0.00019692 0.000301134 0.000462369 0.000704554 0.00106079 0.00157557 0.00230728 0.00333078 0.00473989 0.00664951 0.00919697 0.0125423 0.0168672 0.0223717 0.0292692 0.0377796 0.0481193 0.0604908 0.07507 0.0919941 0.11135 0.133161 0.157386 0.183907 0.212534 0.243008 0.275008 0.308163 0.342067 0.376295 0.410418 0.44402 0.476712 0.508142 0.538005 0.566047 0.592066 0.615913 0.637487 0.656729 0.673613 0.688145 0.700348 0.710255 0.717908 0.723342 0.726589 0.727669 0.726589 0.723342 0.717908 0.710255 0.700348 0.688145 0.673613 0.656729 0.637487 0.615913 0.592066 0.566047 0.538005 0.508142 0.476712 0.44402 0.410418 0.376295 0.342067 0.308163 0.275008 0.243008 0.212534 0.183907 0.157386 0.133161 0.11135 0.0919941 0.07507 0.0604908 0.0481193 0.0377796 0.0292692 0.0223717 0.0168672 0.0125423 0.00919697 0.00664951 0.00473989 0.00333078 0.00230728 0.00157557 0.00106079 0.000704554 0.000462369 0.000301134 0.00019692 0.000133094 9.88306e-05 
0.000106079 0.000118943 0.000159835 0.000235905 0.000359879 0.000551263 0.000838034 0.00125875 0.00186504 0.00272435 0.00392276 0.00556756 0.00778943 0.0107436 0.0146096 0.0195896 0.0259044 0.0337869 0.0434737 0.055194 0.0691571 0.0855389 0.104468 0.126013 0.150173 0.176869 0.20594 0.23715 0.270185 0.304674 0.340194 0.376295 0.412512 0.448387 0.483484 0.517405 0.549801 0.580376 0.608897 0.635188 0.659131 0.680658 0.699745 0.716403 0.730667 0.74259 0.752234 0.759658 0.764917 0.768054 0.769097 0.768054 0.764917 0.759658 0.752234 0.74259 0.730667 0.716403 0.699745 0.680658 0.659131 0.635188 0.608897 0.580376 0.549801 0.517405 0.483484 0.448387 0.412512 0.376295 0.340194 0.304674 0.270185 0.23715 0.20594 0.176869 0.150173 0.126013 0.104468 0.0855389 0.0691571 0.055194 0.0434737 0.0337869 0.0259044 0.0195896 0.0146096 0.0107436 0.00778943 0.00556756 0.00392276 0.00272435 0.00186504 0.00125875 0.000838034 0.000551263 0.000359879 0.000235905 0.000159835 0.000118943 
0.000126384 0.000141583 0.000189868 0.000279573 0.000425504 0.000650309 0.000986364 0.00147814 0.00218496 0.00318397 0.00457316 0.0064741 0.00903394 0.0124264 0.016851 0.0225308 0.0297066 0.0386301 0.0495531 0.0627154 0.0783302 0.0965695 0.117549 0.141315 0.167835 0.196989 0.228571 0.26229 0.297782 0.334618 0.372329 0.410418 0.448387 0.485752 0.522064 0.556922 0.589984 0.620973 0.649681 0.675964 0.69974 0.720977 0.739691 0.755927 0.769755 0.781258 0.790522 0.797629 0.80265 0.80564 0.806633 0.80564 0.80265 0.797629 0.790522 0.781258 0.769755 0.755927 0.739691 0.720977 0.69974 0.675964 0.649681 0.620973 0.589984 0.556922 0.522064 0.485752 0.448387 0.410418 0.372329 0.334618 0.297782 0.26229 0.228571 0.196989 0.167835 0.141315 0.117549 0.0965695 0.0783302 0.0627154 0.0495531 0.0386301 0.0297066 0.0225308 0.016851 0.0124264 0.00903394 0.0064741 0.00457316 0.00318397 0.00218496 0.00147814 0.000986364 0.000650309 0.000425504 0.000279573 0.000189868 0.000141583 
0.000148937 0.000166708 0.000223124 0.000327801 0.000497799 0.000759145 0.00114894 0.00171798 0.00253376 0.00368369 0.00527829 0.00745396 0.0103749 0.0142337 0.0192502 0.0256677 0.0337469 0.0437569 0.0559629 0.0706127 0.0879201 0.108049 0.131099 0.157089 0.185949 0.217517 0.251535 0.287659 0.325466 0.364478 0.404175 0.44402 0.483484 0.522064 0.559302 0.594802 0.628236 0.659351 0.68797 0.713985 0.737353 0.758083 0.77623 0.791876 0.805124 0.816087 0.824877 0.831594 0.836326 0.839138 0.840071 0.839138 0.836326 0.831594 0.824877 0.816087 0.805124 0.791876 0.77623 0.758083 0.737353 0.713985 0.68797 0.659351 0.628236 0.594802 0.559302 0.522064 0.483484 0.44402 0.404175 0.364478 0.325466 0.287659 0.251535 0.217517 0.185949 0.157089 0.131099 0.108049 0.0879201 0.0706127 0.0559629 0.0437569 0.0337469 0.0256677 0.0192502 0.0142337 0.0103749 0.00745396 0.00527829 0.00368369 0.00253376 0.00171798 0.00114894 0.000759145 0.000497799 0.000327801 0.000223124 0.000166708 
0.000173625 0.000194186 0.000259418 0.000380308 0.000576314 0.00087706 0.00132466 0.00197656 0.00290884 0.00421963 0.00603243 0.00849889 0.0118006 0.0161492 0.0217846 0.0289702 0.0379854 0.0491151 0.0626361 0.0788011 0.0978216 0.11985 0.144964 0.173152 0.204305 0.238211 0.27456 0.312952 0.352909 0.393899 0.435358 0.476712 0.517405 0.556922 0.594802 0.630659 0.664186 0.695161 0.723439 0.748955 0.771707 0.791745 0.809164 0.824082 0.836637 0.846967 0.855209 0.861482 0.865887 0.868499 0.869364 0.868499 0.865887 0.861482 0.855209 0.846967 0.836637 0.824082 0.809164 0.791745 0.771707 0.748955 0.723439 0.695161 0.664186 0.630659 0.594802 0.556922 0.517405 0.476712 0.435358 0.393899 0.352909 0.312952 0.27456 0.238211 0.204305 0.173152 0.144964 0.11985 0.0978216 0.0788011 0.0626361 0.0491151 0.0379854 0.0289702 0.0217846 0.0161492 0.0118006 0.00849889 0.00603243 0.00421963 0.00290884 0.00197656 0.00132466 0.00087706 0.000576314 0.000380308 0.000259418 0.000194186 
0.000200247 0.000223792 0.000298444 0.000436635 0.000660347 0.00100297 0.00151186 0.00225139 0.00330652 0.00478641 0.00682785 0.00959798 0.0132959 0.0181522 0.0244264 0.0324013 0.0423737 0.0546428 0.0694946 0.087184 0.107917 0.13183 0.158977 0.189311 0.222679 0.258821 0.29737 0.33787 0.379789 0.422546 0.465531 0.508142 0.549801 0.589984 0.628236 0.664186 0.697555 0.728152 0.755874 0.780696 0.802659 0.821858 0.838423 0.852511 0.864289 0.873922 0.881566 0.887358 0.891412 0.893809 0.894603 0.893809 0.891412 0.887358 0.881566 0.873922 0.864289 0.852511 0.838423 0.821858 0.802659 0.780696 0.755874 0.728152 0.697555 0.664186 0.628236 0.589984 0.549801 0.508142 0.465531 0.422546 0.379789 0.33787 0.29737 0.258821 0.222679 0.189311 0.158977 0.13183 0.107917 0.087184 0.0694946 0.0546428 0.0423737 0.0324013 0.0244264 0.0181522 0.0132959 0.00959798 0.00682785 0.00478641 0.00330652 0.00225139 0.00151186 0.00100297 0.000660347 0.000436635 0.000298444 0.000223792 
