0.000134167 0.000137845 0.000148992 0.000167951 0.000195289 0.000231803 0.000278512 0.000336658 0.000407699 0.000493303 0.000595334 0.000715839 0.000857027 0.00102124 0.00121092 0.00142859 0.00167677 0.00195796 0.00227456 0.00262882 0.00302278 0.00345817 0.00393636 0.00445828 0.00502435 0.00563443 0.00628773 0.00698277 0.00771738 0.00848861 0.00929275 0.0101253 0.0109812 0.0118544 0.0127384 0.0136262 0.01451 0.0153819 0.0162337 0.0170569 0.0178432 0.0185843 0.0192721 0.019899 0.020458 0.0209425 0.0213471 0.0216669 0.0218981 0.0220379 0.0220847 0.0220379 0.0218981 0.0216669 0.0213471 0.0209425 0.020458 0.019899 0.0192721 0.0185843 0.0178432 0.0170569 0.0162337 0.0153819 0.01451 0.0136262 0.0127384 0.0118544 0.0109812 0.0101253 0.00929275 0.00848861 0.00771738 0.00698277 0.00628773 0.00563443 0.00502435 0.00445828 0.00393636 0.00345817 0.00302278 0.00262882 0.00227456 0.00195796 0.00167677 0.00142859 0.00121092 0.00102124 0.000857027 0.000715839 0.000595334 0.000493303 0.000407699 0.000336658 0.000278512 0.000231803 0.000195289 0.000167951 0.000148992 0.000137845 
0.000137845 0.000141617 0.000153049 0.000172492 0.000200526 0.000237963 0.000285848 0.000345447 0.000418252 0.000505964 0.000610488 0.000733912 0.000878489 0.00104661 0.00124077 0.00146352 0.00171744 0.00200507 0.00232885 0.00269108 0.00309381 0.0035388 0.00402743 0.00456063 0.00513883 0.00576185 0.00642887 0.00713839 0.00788815 0.00867515 0.00949559 0.0103449 0.0112178 0.0121083 0.0130096 0.0139146 0.0148155 0.0157042 0.0165722 0.017411 0.0182121 0.018967 0.0196676 0.0203062 0.0208755 0.021369 0.021781 0.0221067 0.0223421 0.0224845 0.0225321 0.0224845 0.0223421 0.0221067 0.021781 0.021369 0.0208755 0.0203062 0.0196676 0.018967 0.0182121 0.017411 0.0165722 0.0157042 0.0148155 0.0139146 0.0130096 0.0121083 0.0112178 0.0103449 0.00949559 0.00867515 0.00788815 0.00713839 0.00642887 0.00576185 0.00513883 0.00456063 0.00402743 0.0035388 0.00309381 0.00269108 0.00232885 0.00200507 0.00171744 0.00146352 0.00124077 0.00104661 0.000878489 0.000733912 0.000610488 0.000505964 0.000418252 0.000345447 0.000285848 0.000237963 0.000200526 0.000172492 0.000153049 0.000141617 
0.000148992 0.000153049 0.000165346 0.000186253 0.000216391 0.000256625 0.000308066 0.000372064 0.000450203 0.000544293 0.000656355 0.000788606 0.000943432 0.00112336 0.00133103 0.00156915 0.00184041 0.00214751 0.00249299 0.00287927 0.00330848 0.00378244 0.00430258 0.00486985 0.00548463 0.00614669 0.00685513 0.00760829 0.00840375 0.00923828 0.0101078 0.0110076 0.0119319 0.0128743 0.0138279 0.0147849 0.0157372 0.0166762 0.017593 0.0184788 0.0193245 0.0201211 0.0208603 0.0215339 0.0221343 0.0226547 0.023089 0.0234323 0.0236805 0.0238305 0.0238808 0.0238305 0.0236805 0.0234323 0.023089 0.0226547 0.0221343 0.0215339 0.0208603 0.0201211 0.0193245 0.0184788 0.017593 0.0166762 0.0157372 0.0147849 0.0138279 0.0128743 0.0119319 0.0110076 0.0101078 0.00923828 0.00840375 0.00760829 0.00685513 0.00614669 0.00548463 0.00486985 0.00430258 0.00378244 0.00330848 0.00287927 0.00249299 0.00214751 0.00184041 0.00156915 0.00133103 0.00112336 0.000943432 0.000788606 0.000656355 0.000544293 0.000450203 0.000372064 0.000308066 0.000256625 0.000216391 0.000186253 0.000165346 0.000153049 
0.000167951 0.000172492 0.000186253 0.000209644 0.000243351 0.000288327 0.000345797 0.00041725 0.000504428 0.000609322 0.00073415 0.000881344 0.00105351 0.00125343 0.00148396 0.00174804 0.00204863 0.00238861 0.00277076 0.00319763 0.00367153 0.00419439 0.00476768 0.00539237 0.00606882 0.00679667 0.00757487 0.00840152 0.00927391 0.0101884 0.0111406 0.0121252 0.0131358 0.0141656 0.0152069 0.0162513 0.0172899 0.0183135 0.0193124 0.0202769 0.0211973 0.0220641 0.022868 0.0236003 0.0242528 0.0248182 0.02529 0.0256629 0.0259324 0.0260953 0.0261499 0.0260953 0.0259324 0.0256629 0.02529 0.0248182 0.0242528 0.0236003 0.022868 0.0220641 0.0211973 0.0202769 0.0193124 0.0183135 0.0172899 0.0162513 0.0152069 0.0141656 0.0131358 0.0121252 0.0111406 0.0101884 0.00927391 0.00840152 0.00757487 0.00679667 0.00606882 0.00539237 0.00476768 0.00419439 0.00367153 0.00319763 0.00277076 0.00238861 0.00204863 0.00174804 0.00148396 0.00125343 0.00105351 0.000881344 0.00073415 0.000609322 0.000504428 0.00041725 0.000345797 0.000288327 0.000243351 0.000209644 0.000186253 0.000172492 
0.000195289 0.000200526 0.000216391 0.000243351 0.000282181 0.000333966 0.00040009 0.000482239 0.000582381 0.000702764 0.000845888 0.00101449 0.00121149 0.00144 0.00170323 0.00200445 0.00234693 0.00273389 0.00316836 0.00365317 0.00419081 0.00478335 0.00543237 0.00613885 0.00690305 0.0077245 0.00860189 0.00953299 0.0105146 0.0115428 0.0126122 0.013717 0.0148502 0.0160038 0.0171694 0.0183376 0.0194984 0.0206416 0.0217565 0.0228324 0.0238586 0.0248244 0.0257197 0.0265349 0.0272611 0.0278901 0.0284148 0.0288294 0.029129 0.0293102 0.0293708 0.0293102 0.029129 0.0288294 0.0284148 0.0278901 0.0272611 0.0265349 0.0257197 0.0248244 0.0238586 0.0228324 0.0217565 0.0206416 0.0194984 0.0183376 0.0171694 0.0160038 0.0148502 0.013717 0.0126122 0.0115428 0.0105146 0.00953299 0.00860189 0.0077245 0.00690305 0.00613885 0.00543237 0.00478335 0.00419081 0.00365317 0.00316836 0.00273389 0.00234693 0.00200445 0.00170323 0.00144 0.00121149 0.00101449 0.000845888 0.000702764 0.000582381 0.000482239 0.00040009 0.000333966 0.000282181 0.000243351 0.000216391 0.000200526 
0.000231803 0.000237963 0.000256625 0.000288327 0.000333966 0.000394792 0.000472406 0.000568749 0.000686088 0.000827004 0.000994368 0.00119131 0.00142118 0.00168752 0.00199396 0.00234424 0.00274203 0.00319095 0.00369442 0.00425555 0.00487711 0.00556136 0.00630997 0.0071239 0.00800336 0.00894765 0.00995513 0.0110231 0.0121479 0.0133248 0.0145477 0.0158097 0.0171029 0.0184184 0.0197462 0.0210758 0.022396 0.0236952 0.0249613 0.0261822 0.027346 0.0284407 0.0294549 0.030378 0.0311999 0.0319115 0.0325051 0.0329739 0.0333126 0.0335174 0.0335859 0.0335174 0.0333126 0.0329739 0.0325051 0.0319115 0.0311999 0.030378 0.0294549 0.0284407 0.027346 0.0261822 0.0249613 0.0236952 0.022396 0.0210758 0.0197462 0.0184184 0.0171029 0.0158097 0.0145477 0.0133248 0.0121479 0.0110231 0.00995513 0.00894765 0.00800336 0.0071239 0.00630997 0.00556136 0.00487711 0.00425555 0.00369442 0.00319095 0.00274203 0.00234424 0.00199396 0.00168752 0.00142118 0.00119131 0.000994368 0.000827004 0.000686088 0.000568749 0.000472406 0.000394792 0.000333966 0.000288327 0.000256625 0.000237963 
0.000278512 0.000285848 0.000308066 0.000345797 0.00040009 0.000472406 0.000564613 0.000678973 0.000818128 0.00098508 0.00118316 0.00141599 0.00168745 0.0020016 0.00236265 0.00277485 0.00324242 0.00376945 0.0043598 0.005017 0.00574409 0.00654356 0.00741719 0.00836595 0.00938988 0.010488 0.0116583 0.0128975 0.0142012 0.0155637 0.0169781 0.0184363 0.0199289 0.0214458 0.0229755 0.0245059 0.0260242 0.0275171 0.0289709 0.0303718 0.0317062 0.0329607 0.0341223 0.035179 0.0361194 0.0369334 0.0376121 0.038148 0.0385351 0.0387691 0.0388474 0.0387691 0.0385351 0.038148 0.0376121 0.0369334 0.0361194 0.035179 0.0341223 0.0329607 0.0317062 0.0303718 0.0289709 0.0275171 0.0260242 0.0245059 0.0229755 0.0214458 0.0199289 0.0184363 0.0169781 0.0155637 0.0142012 0.0128975 0.0116583 0.010488 0.00938988 0.00836595 0.00741719 0.00654356 0.00574409 0.005017 0.0043598 0.00376945 0.00324242 0.00277485 0.00236265 0.0020016 0.00168745 0.00141599 0.00118316 0.00098508 0.000818128 0.000678973 0.000564613 0.000472406 0.00040009 0.000345797 0.000308066 0.000285848 
0.000336658 0.000345447 0.000372064 0.00041725 0.000482239 0.000568749 0.000678973 0.000815567 0.000981626 0.00118066 0.00141656 0.00169354 0.00201613 0.00238902 0.00281708 0.00330521 0.00385826 0.0044809 0.00517751 0.00595207 0.00680799 0.00774798 0.00877394 0.00988682 0.0110865 0.0123716 0.0137395 0.0151864 0.0167069 0.0182942 0.0199403 0.0216354 0.023369 0.0251289 0.026902 0.0286744 0.0304312 0.0321572 0.0338367 0.0354539 0.0369933 0.0384395 0.039778 0.0409949 0.0420774 0.043014 0.0437947 0.044411 0.0448561 0.0451251 0.0452151 0.0451251 0.0448561 0.044411 0.0437947 0.043014 0.0420774 0.0409949 0.039778 0.0384395 0.0369933 0.0354539 0.0338367 0.0321572 0.0304312 0.0286744 0.026902 0.0251289 0.023369 0.0216354 0.0199403 0.0182942 0.0167069 0.0151864 0.0137395 0.0123716 0.0110865 0.00988682 0.00877394 0.00774798 0.00680799 0.00595207 0.00517751 0.0044809 0.00385826 0.00330521 0.00281708 0.00238902 0.00201613 0.00169354 0.00141656 0.00118066 0.000981626 0.000815567 0.000678973 0.000568749 0.000482239 0.00041725 0.000372064 0.000345447 
0.000407699 0.000418252 0.000450203 0.000504428 0.000582381 0.000686088 0.000818128 0.000981626 0.00118021 0.00141801 0.00169956 0.0020298 0.00241399 0.0028576 0.00336626 0.00394563 0.00460128 0.00533856 0.00616247 0.00707748 0.0080874 0.00919521 0.0104029 0.0117114 0.0131202 0.0146277 0.0162305 0.0179239 0.0197015 0.0215551 0.0234753 0.0254507 0.0274688 0.0295156 0.0315758 0.0336332 0.0356708 0.0376709 0.0396156 0.0414869 0.0432669 0.0449381 0.0464839 0.0478885 0.0491375 0.0502177 0.0511178 0.0518281 0.052341 0.052651 0.0527547 0.052651 0.052341 0.0518281 0.0511178 0.0502177 0.0491375 0.0478885 0.0464839 0.0449381 0.0432669 0.0414869 0.0396156 0.0376709 0.0356708 0.0336332 0.0315758 0.0295156 0.0274688 0.0254507 0.0234753 0.0215551 0.0197015 0.0179239 0.0162305 0.0146277 0.0131202 0.0117114 0.0104029 0.00919521 0.0080874 0.00707748 0.00616247 0.00533856 0.00460128 0.00394563 0.00336626 0.0028576 0.00241399 0.0020298 0.00169956 0.00141801 0.00118021 0.000981626 0.000818128 0.000686088 0.000582381 0.000504428 0.000450203 0.000418252 
0.000493303 0.000505964 0.000544293 0.000609322 0.000702764 0.000827004 0.00098508 0.00118066 0.00141801 0.00170195 0.00203781 0.00243134 0.00288865 0.00341613 0.00402027 0.00470761 0.00548456 0.00635723 0.00733129 0.00841178 0.00960295 0.0109081 0.0123292 0.0138671 0.015521 0.0172887 0.0191661 0.0211473 0.0232247 0.0253887 0.0276279 0.0299292 0.0322778 0.0346574 0.0370503 0.0394378 0.0418002 0.0441173 0.0463684 0.0485329 0.0505903 0.0525208 0.0543054 0.0559262 0.0573666 0.058612 0.0596493 0.0604677 0.0610585 0.0614155 0.061535 0.0614155 0.0610585 0.0604677 0.0596493 0.058612 0.0573666 0.0559262 0.0543054 0.0525208 0.0505903 0.0485329 0.0463684 0.0441173 0.0418002 0.0394378 0.0370503 0.0346574 0.0322778 0.0299292 0.0276279 0.0253887 0.0232247 0.0211473 0.0191661 0.0172887 0.015521 0.0138671 0.0123292 0.0109081 0.00960295 0.00841178 0.00733129 0.00635723 0.00548456 0.00470761 0.00402027 0.00341613 0.00288865 0.00243134 0.00203781 0.00170195 0.00141801 0.00118066 0.00098508 0.000827004 0.000702764 0.000609322 0.000544293 0.000505964 
0.000595334 0.000610488 0.000656355 0.00073415 0.000845888 0.000994368 0.00118316 0.00141656 0.00169956 0.00203781 0.0024375 0.00290536 0.00344848 0.00407424 0.00479015 0.00560375 0.00652236 0.00755296 0.00870198 0.00997507 0.0113769 0.0129111 0.0145797 0.0163833 0.0183208 0.0203891 0.0225833 0.0248963 0.0273188 0.0298396 0.0324452 0.0351203 0.0378475 0.0406081 0.0433814 0.046146 0.048879 0.0515574 0.0541574 0.0566555 0.0590284 0.0612535 0.0633091 0.0651751 0.0668327 0.0682652 0.069458 0.0703987 0.0710778 0.0714881 0.0716253 0.0714881 0.0710778 0.0703987 0.069458 0.0682652 0.0668327 0.0651751 0.0633091 0.0612535 0.0590284 0.0566555 0.0541574 0.0515574 0.048879 0.046146 0.0433814 0.0406081 0.0378475 0.0351203 0.0324452 0.0298396 0.0273188 0.0248963 0.0225833 0.0203891 0.0183208 0.0163833 0.0145797 0.0129111 0.0113769 0.00997507 0.00870198 0.00755296 0.00652236 0.00560375 0.00479015 0.00407424 0.00344848 0.00290536 0.0024375 0.00203781 0.00169956 0.00141656 0.00118316 0.000994368 0.000845888 0.00073415 0.000656355 0.000610488 
0.000715839 0.000733912 0.000788606 0.000881344 0.00101449 0.00119131 0.00141599 0.00169354 0.0020298 0.00243134 0.00290536 0.00345966 0.00410245 0.00484225 0.00568772 0.00664747 0.00772987 0.00894285 0.0102936 0.0117886 0.0134328 0.0152301 0.0171826 0.0192907 0.0215527 0.0239647 0.0265205 0.0292116 0.0320271 0.0349536 0.0379753 0.0410743 0.0442305 0.047422 0.0506253 0.0538154 0.0569665 0.0600518 0.0630444 0.0659176 0.0686448 0.0712004 0.0735601 0.0757008 0.0776017 0.0792437 0.0806104 0.0816881 0.0824658 0.0829357 0.0830928 0.0829357 0.0824658 0.0816881 0.0806104 0.0792437 0.0776017 0.0757008 0.0735601 0.0712004 0.0686448 0.0659176 0.0630444 0.0600518 0.0569665 0.0538154 0.0506253 0.047422 0.0442305 0.0410743 0.0379753 0.0349536 0.0320271 0.0292116 0.0265205 0.0239647 0.0215527 0.0192907 0.0171826 0.0152301 0.0134328 0.0117886 0.0102936 0.00894285 0.00772987 0.00664747 0.00568772 0.00484225 0.00410245 0.00345966 0.00290536 0.00243134 0.0020298 0.00169354 0.00141599 0.00119131 0.00101449 0.000881344 0.000788606 0.000733912 
0.000857027 0.000878489 0.000943432 0.00105351 0.00121149 0.00142118 0.00168745 0.00201613 0.00241399 0.00288865 0.00344848 0.00410245 0.00486004 0.00573104 0.00672535 0.00785281 0.00912293 0.0105447 0.0121261 0.0138743 0.0157948 0.0178917 0.020167 0.0226208 0.0252506 0.0280516 0.0310163 0.0341344 0.0373929 0.0407762 0.0442658 0.0478408 0.0514781 0.0551524 0.0588366 0.0625022 0.0661196 0.0696586 0.0730884 0.0763787 0.0794997 0.0824224 0.0851193 0.0875647 0.0897349 0.0916089 0.0931682 0.0943973 0.0952842 0.0958198 0.095999 0.0958198 0.0952842 0.0943973 0.0931682 0.0916089 0.0897349 0.0875647 0.0851193 0.0824224 0.0794997 0.0763787 0.0730884 0.0696586 0.0661196 0.0625022 0.0588366 0.0551524 0.0514781 0.0478408 0.0442658 0.0407762 0.0373929 0.0341344 0.0310163 0.0280516 0.0252506 0.0226208 0.020167 0.0178917 0.0157948 0.0138743 0.0121261 0.0105447 0.00912293 0.00785281 0.00672535 0.00573104 0.00486004 0.00410245 0.00344848 0.00288865 0.00241399 0.00201613 0.00168745 0.00142118 0.00121149 0.00105351 0.000943432 0.000878489 
0.00102124 0.00104661 0.00112336 0.00125343 0.00144 0.00168752 0.0020016 0.00238902 0.0028576 0.00341613 0.00407424 0.00484225 0.00573104 0.00675178 0.00791577 0.00923417 0.0107177 0.0123764 0.0142194 0.0162543 0.0184872 0.0209224 0.0235616 0.0264046 0.029448 0.0326857 0.0361087 0.0397047 0.0434584 0.0473514 0.0513624 0.0554673 0.0596392 0.0638492 0.0680664 0.0722583 0.0763913 0.0804311 0.084343 0.088093 0.0916472 0.0949735 0.0980408 0.100821 0.103286 0.105414 0.107185 0.10858 0.109586 0.110194 0.110397 0.110194 0.109586 0.10858 0.107185 0.105414 0.103286 0.100821 0.0980408 0.0949735 0.0916472 0.088093 0.084343 0.0804311 0.0763913 0.0722583 0.0680664 0.0638492 0.0596392 0.0554673 0.0513624 0.0473514 0.0434584 0.0397047 0.0361087 0.0326857 0.029448 0.0264046 0.0235616 0.0209224 0.0184872 0.0162543 0.0142194 0.0123764 0.0107177 0.00923417 0.00791577 0.00675178 0.00573104 0.00484225 0.00407424 0.00341613 0.0028576 0.00238902 0.0020016 0.00168752 0.00144 0.00125343 0.00112336 0.00104661 
0.00121092 0.00124077 0.00133103 0.00148396 0.00170323 0.00199396 0.00236265 0.00281708 0.00336626 0.00402027 0.00479015 0.00568772 0.00672535 0.00791577 0.00927177 0.0108059 0.0125304 0.0144562 0.0165934 0.0189505 0.021534 0.0243481 0.0273946 0.0306723 0.034177 0.037901 0.0418336 0.0459602 0.0502629 0.0547202 0.0593075 0.0639969 0.0687579 0.0735574 0.0783602 0.0831296 0.0878275 0.0924154 0.0968543 0.101106 0.105133 0.108898 0.112369 0.115512 0.118299 0.120703 0.122702 0.124277 0.125413 0.126099 0.126328 0.126099 0.125413 0.124277 0.122702 0.120703 0.118299 0.115512 0.112369 0.108898 0.105133 0.101106 0.0968543 0.0924154 0.0878275 0.0831296 0.0783602 0.0735574 0.0687579 0.0639969 0.0593075 0.0547202 0.0502629 0.0459602 0.0418336 0.037901 0.034177 0.0306723 0.0273946 0.0243481 0.021534 0.0189505 0.0165934 0.0144562 0.0125304 0.0108059 0.00927177 0.00791577 0.00672535 0.00568772 0.00479015 0.00402027 0.00336626 0.00281708 0.00236265 0.00199396 0.00170323 0.00148396 0.00133103 0.00124077 
0.00142859 0.00146352 0.00156915 0.00174804 0.00200445 0.00234424 0.00277485 0.00330521 0.00394563 0.00470761 0.00560375 0.00664747 0.00785281 0.00923417 0.0108059 0.0125823 0.0145766 0.0168013 0.0192674 0.021984 0.024958 0.0281937 0.0316924 0.0354521 0.0394674 0.0437291 0.048224 0.0529352 0.0578417 0.0629187 0.0681379 0.0734674 0.0788723 0.0843151 0.0897561 0.0951538 0.100466 0.105648 0.110658 0.115453 0.11999 0.12423 0.128136 0.131671 0.134803 0.137505 0.13975 0.141518 0.142793 0.143562 0.14382 0.143562 0.142793 0.141518 0.13975 0.137505 0.134803 0.131671 0.128136 0.12423 0.11999 0.115453 0.110658 0.105648 0.100466 0.0951538 0.0897561 0.0843151 0.0788723 0.0734674 0.0681379 0.0629187 0.0578417 0.0529352 0.048224 0.0437291 0.0394674 0.0354521 0.0316924 0.0281937 0.024958 0.021984 0.0192674 0.0168013 0.0145766 0.0125823 0.0108059 0.00923417 0.00785281 0.00664747 0.00560375 0.00470761 0.00394563 0.00330521 0.00277485 0.00234424 0.00200445 0.00174804 0.00156915 0.00146352 
0.00167677 0.00171744 0.00184041 0.00204863 0.00234693 0.00274203 0.00324242 0.00385826 0.00460128 0.00548456 0.00652236 0.00772987 0.00912293 0.0107177 0.0125304 0.0145766 0.0168713 0.0194283 0.0222593 0.0253742 0.0287802 0.0324815 0.0364789 0.0407694 0.045346 0.0501975 0.0553086 0.0606591 0.0662249 0.0719774 0.0778841 0.0839089 0.0900122 0.0961516 0.102283 0.108358 0.114332 0.120154 0.125778 0.131155 0.13624 0.140988 0.145359 0.149312 0.152814 0.155831 0.158339 0.160313 0.161736 0.162595 0.162882 0.162595 0.161736 0.160313 0.158339 0.155831 0.152814 0.149312 0.145359 0.140988 0.13624 0.131155 0.125778 0.120154 0.114332 0.108358 0.102283 0.0961516 0.0900122 0.0839089 0.0778841 0.0719774 0.0662249 0.0606591 0.0553086 0.0501975 0.045346 0.0407694 0.0364789 0.0324815 0.0287802 0.0253742 0.0222593 0.0194283 0.0168713 0.0145766 0.0125304 0.0107177 0.00912293 0.00772987 0.00652236 0.00548456 0.00460128 0.00385826 0.00324242 0.00274203 0.00234693 0.00204863 0.00184041 0.00171744 
0.00195796 0.00200507 0.00214751 0.00238861 0.00273389 0.00319095 0.00376945 0.0044809 0.00533856 0.00635723 0.00755296 0.00894285 0.0105447 0.0123764 0.0144562 0.0168013 0.0194283 0.0223519 0.0255852 0.0291386 0.0330193 0.0372314 0.0417749 0.0466456 0.0518349 0.0573292 0.0631104 0.0691551 0.0754355 0.0819189 0.0885683 0.0953428 0.102198 0.109086 0.115957 0.122759 0.129439 0.135945 0.142222 0.14822 0.153887 0.159174 0.164038 0.168434 0.172326 0.175679 0.178463 0.180655 0.182234 0.183187 0.183506 0.183187 0.182234 0.180655 0.178463 0.175679 0.172326 0.168434 0.164038 0.159174 0.153887 0.14822 0.142222 0.135945 0.129439 0.122759 0.115957 0.109086 0.102198 0.0953428 0.0885683 0.0819189 0.0754355 0.0691551 0.0631104 0.0573292 0.0518349 0.0466456 0.0417749 0.0372314 0.0330193 0.0291386 0.0255852 0.0223519 0.0194283 0.0168013 0.0144562 0.0123764 0.0105447 0.00894285 0.00755296 0.00635723 0.00533856 0.0044809 0.00376945 0.00319095 0.00273389 0.00238861 0.00214751 0.00200507 
0.00227456 0.00232885 0.00249299 0.00277076 0.00316836 0.00369442 0.0043598 0.00517751 0.00616247 0.00733129 0.00870198 0.0102936 0.0121261 0.0142194 0.0165934 0.0192674 0.0222593 0.0255852 0.0292591 0.0332917 0.0376906 0.0424593 0.0475969 0.0530978 0.0589512 0.0651411 0.0716461 0.0784393 0.0854888 0.0927573 0.100203 0.10778 0.115438 0.123124 0.130783 0.138356 0.145787 0.153016 0.159985 0.166637 0.172917 0.178773 0.184154 0.189016 0.193317 0.197021 0.200096 0.202515 0.204257 0.205309 0.205661 0.205309 0.204257 0.202515 0.200096 0.197021 0.193317 0.189016 0.184154 0.178773 0.172917 0.166637 0.159985 0.153016 0.145787 0.138356 0.130783 0.123124 0.115438 0.10778 0.100203 0.0927573 0.0854888 0.0784393 0.0716461 0.0651411 0.0589512 0.0530978 0.0475969 0.0424593 0.0376906 0.0332917 0.0292591 0.0255852 0.0222593 0.0192674 0.0165934 0.0142194 0.0121261 0.0102936 0.00870198 0.00733129 0.00616247 0.00517751 0.0043598 0.00369442 0.00316836 0.00277076 0.00249299 0.00232885 
0.00262882 0.00269108 0.00287927 0.00319763 0.00365317 0.00425555 0.005017 0.00595207 0.00707748 0.00841178 0.00997507 0.0117886 0.0138743 0.0162543 0.0189505 0.021984 0.0253742 0.0291386 0.0332917 0.037845 0.0428058 0.048177 0.0539566 0.0601372 0.0667057 0.0736431 0.0809245 0.0885192 0.0963905 0.104496 0.11279 0.121219 0.129729 0.13826 0.14675 0.155138 0.163358 0.171347 0.179042 0.186379 0.1933 0.199748 0.20567 0.211016 0.215743 0.219812 0.223187 0.225842 0.227754 0.228908 0.229294 0.228908 0.227754 0.225842 0.223187 0.219812 0.215743 0.211016 0.20567 0.199748 0.1933 0.186379 0.179042 0.171347 0.163358 0.155138 0.14675 0.13826 0.129729 0.121219 0.11279 0.104496 0.0963905 0.0885192 0.0809245 0.0736431 0.0667057 0.0601372 0.0539566 0.048177 0.0428058 0.037845 0.0332917 0.0291386 0.0253742 0.021984 0.0189505 0.0162543 0.0138743 0.0117886 0.00997507 0.00841178 0.00707748 0.00595207 0.005017 0.00425555 0.00365317 0.00319763 0.00287927 0.00269108 
0.00302278 0.00309381 0.00330848 0.00367153 0.00419081 0.00487711 0.00574409 0.00680799 0.0080874 0.00960295 0.0113769 0.0134328 0.0157948 0.0184872 0.021534 0.024958 0.0287802 0.0330193 0.0376906 0.0428058 0.048372 0.0543912 0.06086 0.0677689 0.0751022 0.0828375 0.0909462 0.099393 0.108136 0.117129 0.126319 0.135647 0.145053 0.154471 0.163835 0.173074 0.182119 0.1909 0.199348 0.207398 0.214983 0.222045 0.228525 0.234371 0.239537 0.243981 0.247666 0.250564 0.25265 0.253909 0.25433 0.253909 0.25265 0.250564 0.247666 0.243981 0.239537 0.234371 0.228525 0.222045 0.214983 0.207398 0.199348 0.1909 0.182119 0.173074 0.163835 0.154471 0.145053 0.135647 0.126319 0.117129 0.108136 0.099393 0.0909462 0.0828375 0.0751022 0.0677689 0.06086 0.0543912 0.048372 0.0428058 0.0376906 0.0330193 0.0287802 0.024958 0.021534 0.0184872 0.0157948 0.0134328 0.0113769 0.00960295 0.0080874 0.00680799 0.00574409 0.00487711 0.00419081 0.00367153 0.00330848 0.00309381 
0.00345817 0.0035388 0.00378244 0.00419439 0.00478335 0.00556136 0.00654356 0.00774798 0.00919521 0.0109081 0.0129111 0.0152301 0.0178917 0.0209224 0.0243481 0.0281937 0.0324815 0.0372314 0.0424593 0.048177 0.0543912 0.0611028 0.0683066 0.0759908 0.0841366 0.092718 0.101702 0.111049 0.120711 0.130637 0.140766 0.151036 0.161379 0.171723 0.181994 0.192117 0.202016 0.211616 0.220843 0.229626 0.237895 0.245586 0.252638 0.258996 0.264611 0.269437 0.273439 0.276583 0.278847 0.280212 0.280669 0.280212 0.278847 0.276583 0.273439 0.269437 0.264611 0.258996 0.252638 0.245586 0.237895 0.229626 0.220843 0.211616 0.202016 0.192117 0.181994 0.171723 0.161379 0.151036 0.140766 0.130637 0.120711 0.111049 0.101702 0.092718 0.0841366 0.0759908 0.0683066 0.0611028 0.0543912 0.048177 0.0424593 0.0372314 0.0324815 0.0281937 0.0243481 0.0209224 0.0178917 0.0152301 0.0129111 0.0109081 0.00919521 0.00774798 0.00654356 0.00556136 0.00478335 0.00419439 0.00378244 0.0035388 
0.00393636 0.00402743 0.00430258 0.00476768 0.00543237 0.00630997 0.00741719 0.00877394 0.0104029 0.0123292 0.0145797 0.0171826 0.020167 0.0235616 0.0273946 0.0316924 0.0364789 0.0417749 0.0475969 0.0539566 0.06086 0.0683066 0.0762893 0.0847934 0.0937966 0.103269 0.113173 0.123464 0.134088 0.144988 0.156097 0.167346 0.17866 0.189961 0.20117 0.212203 0.222981 0.233422 0.243446 0.252977 0.261943 0.270274 0.277908 0.284785 0.290853 0.296068 0.300388 0.303782 0.306225 0.307698 0.30819 0.307698 0.306225 0.303782 0.300388 0.296068 0.290853 0.284785 0.277908 0.270274 0.261943 0.252977 0.243446 0.233422 0.222981 0.212203 0.20117 0.189961 0.17866 0.167346 0.156097 0.144988 0.134088 0.123464 0.113173 0.103269 0.0937966 0.0847934 0.0762893 0.0683066 0.06086 0.0539566 0.0475969 0.0417749 0.0364789 0.0316924 0.0273946 0.0235616 0.020167 0.0171826 0.0145797 0.0123292 0.0104029 0.00877394 0.00741719 0.00630997 0.00543237 0.00476768 0.00430258 0.00402743 
0.00445828 0.00456063 0.00486985 0.00539237 0.00613885 0.0071239 0.00836595 0.00988682 0.0117114 0.0138671 0.0163833 0.0192907 0.0226208 0.0264046 0.0306723 0.0354521 0.0407694 0.0466456 0.0530978 0.0601372 0.0677689 0.0759908 0.0847934 0.0941588 0.104061 0.114466 0.125331 0.136604 0.148228 0.160138 0.172261 0.18452 0.196835 0.20912 0.221289 0.233254 0.244927 0.256222 0.267056 0.277346 0.287016 0.295993 0.304212 0.31161 0.318135 0.323737 0.328377 0.33202 0.334642 0.336222 0.33675 0.336222 0.334642 0.33202 0.328377 0.323737 0.318135 0.31161 0.304212 0.295993 0.287016 0.277346 0.267056 0.256222 0.244927 0.233254 0.221289 0.20912 0.196835 0.18452 0.172261 0.160138 0.148228 0.136604 0.125331 0.114466 0.104061 0.0941588 0.0847934 0.0759908 0.0677689 0.0601372 0.0530978 0.0466456 0.0407694 0.0354521 0.0306723 0.0264046 0.0226208 0.0192907 0.0163833 0.0138671 0.0117114 0.00988682 0.00836595 0.0071239 0.00613885 0.00539237 0.00486985 0.00456063 
0.00502435 0.00513883 0.00548463 0.00606882 0.00690305 0.00800336 0.00938988 0.0110865 0.0131202 0.015521 0.0183208 0.0215527 0.0252506 0.029448 0.034177 0.0394674 0.045346 0.0518349 0.0589512 0.0667057 0.0751022 0.0841366 0.0937966 0.104061 0.1149 0.126274 0.138135 0.150425 0.163082 0.176031 0.189195 0.20249 0.215827 0.229115 0.242261 0.25517 0.26775 0.279908 0.291556 0.302608 0.312984 0.322608 0.33141 0.339328 0.346305 0.352293 0.357249 0.361139 0.363937 0.365624 0.366187 0.365624 0.363937 0.361139 0.357249 0.352293 0.346305 0.339328 0.33141 0.322608 0.312984 0.302608 0.291556 0.279908 0.26775 0.25517 0.242261 0.229115 0.215827 0.20249 0.189195 0.176031 0.163082 0.150425 0.138135 0.126274 0.1149 0.104061 0.0937966 0.0841366 0.0751022 0.0667057 0.0589512 0.0518349 0.045346 0.0394674 0.034177 0.029448 0.0252506 0.0215527 0.0183208 0.015521 0.0131202 0.0110865 0.00938988 0.00800336 0.00690305 0.00606882 0.00548463 0.00513883 
0.00563443 0.00576185 0.00614669 0.00679667 0.0077245 0.00894765 0.010488 0.0123716 0.0146277 0.0172887 0.0203891 0.0239647 0.0280516 0.0326857 0.037901 0.0437291 0.0501975 0.0573292 0.0651411 0.0736431 0.0828375 0.092718 0.103269 0.114466 0.126274 0.138648 0.151535 0.164871 0.178585 0.192598 0.206824 0.221172 0.235547 0.24985 0.263981 0.277842 0.291331 0.304353 0.316814 0.328625 0.339701 0.349965 0.359345 0.367775 0.375198 0.381564 0.386831 0.390964 0.393935 0.395725 0.396323 0.395725 0.393935 0.390964 0.386831 0.381564 0.375198 0.367775 0.359345 0.349965 0.339701 0.328625 0.316814 0.304353 0.291331 0.277842 0.263981 0.24985 0.235547 0.221172 0.206824 0.192598 0.178585 0.164871 0.151535 0.138648 0.126274 0.114466 0.103269 0.092718 0.0828375 0.0736431 0.0651411 0.0573292 0.0501975 0.0437291 0.037901 0.0326857 0.0280516 0.0239647 0.0203891 0.0172887 0.0146277 0.0123716 0.010488 0.00894765 0.0077245 0.00679667 0.00614669 0.00576185 
0.00628773 0.00642887 0.00685513 0.00757487 0.00860189 0.00995513 0.0116583 0.0137395 0.0162305 0.0191661 0.0225833 0.0265205 0.0310163 0.0361087 0.0418336 0.048224 0.0553086 0.0631104 0.0716461 0.0809245 0.0909462 0.101702 0.113173 0.125331 0.138135 0.151535 0.165471 0.179874 0.194665 0.209758 0.22506 0.240471 0.255891 0.271214 0.286333 0.301142 0.315537 0.329417 0.342683 0.355242 0.367009 0.377901 0.387845 0.396776 0.404634 0.411368 0.416937 0.421304 0.424443 0.426334 0.426965 0.426334 0.424443 0.421304 0.416937 0.411368 0.404634 0.396776 0.387845 0.377901 0.367009 0.355242 0.342683 0.329417 0.315537 0.301142 0.286333 0.271214 0.255891 0.240471 0.22506 0.209758 0.194665 0.179874 0.165471 0.151535 0.138135 0.125331 0.113173 0.101702 0.0909462 0.0809245 0.0716461 0.0631104 0.0553086 0.048224 0.0418336 0.0361087 0.0310163 0.0265205 0.0225833 0.0191661 0.0162305 0.0137395 0.0116583 0.00995513 0.00860189 0.00757487 0.00685513 0.00642887 
0.00698277 0.00713839 0.00760829 0.00840152 0.00953299 0.0110231 0.0128975 0.0151864 0.0179239 0.0211473 0.0248963 0.0292116 0.0341344 0.0397047 0.0459602 0.0529352 0.0606591 0.0691551 0.0784393 0.0885192 0.099393 0.111049 0.123464 0.136604 0.150425 0.164871 0.179874 0.195359 0.211239 0.22742 0.243803 0.260282 0.276746 0.293085 0.309185 0.324934 0.340224 0.354948 0.369003 0.382296 0.394734 0.406237 0.41673 0.426144 0.434421 0.441511 0.447369 0.451961 0.45526 0.457248 0.457911 0.457248 0.45526 0.451961 0.447369 0.441511 0.434421 0.426144 0.41673 0.406237 0.394734 0.382296 0.369003 0.354948 0.340224 0.324934 0.309185 0.293085 0.276746 0.260282 0.243803 0.22742 0.211239 0.195359 0.179874 0.164871 0.150425 0.136604 0.123464 0.111049 0.099393 0.0885192 0.0784393 0.0691551 0.0606591 0.0529352 0.0459602 0.0397047 0.0341344 0.0292116 0.0248963 0.0211473 0.0179239 0.0151864 0.0128975 0.0110231 0.00953299 0.00840152 0.00760829 0.00713839 
0.00771738 0.00788815 0.00840375 0.00927391 0.0105146 0.0121479 0.0142012 0.0167069 0.0197015 0.0232247 0.0273188 0.0320271 0.0373929 0.0434584 0.0502629 0.0578417 0.0662249 0.0754355 0.0854888 0.0963905 0.108136 0.120711 0.134088 0.148228 0.163082 0.178585 0.194665 0.211239 0.228212 0.245484 0.262947 0.280487 0.297988 0.315331 0.332398 0.349072 0.365237 0.380785 0.395608 0.40961 0.422699 0.43479 0.445808 0.455686 0.464363 0.47179 0.477923 0.482729 0.486181 0.488259 0.488953 0.488259 0.486181 0.482729 0.477923 0.47179 0.464363 0.455686 0.445808 0.43479 0.422699 0.40961 0.395608 0.380785 0.365237 0.349072 0.332398 0.315331 0.297988 0.280487 0.262947 0.245484 0.228212 0.211239 0.194665 0.178585 0.163082 0.148228 0.134088 0.120711 0.108136 0.0963905 0.0854888 0.0754355 0.0662249 0.0578417 0.0502629 0.0434584 0.0373929 0.0320271 0.0273188 0.0232247 0.0197015 0.0167069 0.0142012 0.0121479 0.0105146 0.00927391 0.00840375 0.00788815 
0.00848861 0.00867515 0.00923828 0.0101884 0.0115428 0.0133248 0.0155637 0.0182942 0.0215551 0.0253887 0.0298396 0.0349536 0.0407762 0.0473514 0.0547202 0.0629187 0.0719774 0.0819189 0.0927573 0.104496 0.117129 0.130637 0.144988 0.160138 0.176031 0.192598 0.209758 0.22742 0.245484 0.26384 0.282373 0.300962 0.319484 0.337814 0.355827 0.3734 0.390416 0.40676 0.422324 0.437008 0.450718 0.46337 0.474887 0.485203 0.494258 0.502002 0.508394 0.5134 0.516994 0.519157 0.519879 0.519157 0.516994 0.5134 0.508394 0.502002 0.494258 0.485203 0.474887 0.46337 0.450718 0.437008 0.422324 0.40676 0.390416 0.3734 0.355827 0.337814 0.319484 0.300962 0.282373 0.26384 0.245484 0.22742 0.209758 0.192598 0.176031 0.160138 0.144988 0.130637 0.117129 0.104496 0.0927573 0.0819189 0.0719774 0.0629187 0.0547202 0.0473514 0.0407762 0.0349536 0.0298396 0.0253887 0.0215551 0.0182942 0.0155637 0.0133248 0.0115428 0.0101884 0.00923828 0.00867515 
0.00929275 0.00949559 0.0101078 0.0111406 0.0126122 0.0145477 0.0169781 0.0199403 0.0234753 0.0276279 0.0324452 0.0379753 0.0442658 0.0513624 0.0593075 0.0681379 0.0778841 0.0885683 0.100203 0.11279 0.126319 0.140766 0.156097 0.172261 0.189195 0.206824 0.22506 0.243803 0.262947 0.282373 0.301959 0.321577 0.341096 0.360387 0.379317 0.397761 0.415596 0.432704 0.448975 0.464307 0.478605 0.491786 0.503772 0.514498 0.523905 0.531944 0.538575 0.543766 0.547491 0.549733 0.550481 0.549733 0.547491 0.543766 0.538575 0.531944 0.523905 0.514498 0.503772 0.491786 0.478605 0.464307 0.448975 0.432704 0.415596 0.397761 0.379317 0.360387 0.341096 0.321577 0.301959 0.282373 0.262947 0.243803 0.22506 0.206824 0.189195 0.172261 0.156097 0.140766 0.126319 0.11279 0.100203 0.0885683 0.0778841 0.0681379 0.0593075 0.0513624 0.0442658 0.0379753 0.0324452 0.0276279 0.0234753 0.0199403 0.0169781 0.0145477 0.0126122 0.0111406 0.0101078 0.00949559 
0.0101253 0.0103449 0.0110076 0.0121252 0.013717 0.0158097 0.0184363 0.0216354 0.0254507 0.0299292 0.0351203 0.0410743 0.0478408 0.0554673 0.0639969 0.0734674 0.0839089 0.0953428 0.10778 0.121219 0.135647 0.151036 0.167346 0.18452 0.20249 0.221172 0.240471 0.260282 0.280487 0.300962 0.321577 0.342196 0.362684 0.382902 0.402716 0.421994 0.44061 0.458444 0.475383 0.491325 0.506175 0.519848 0.53227 0.543375 0.553106 0.561416 0.568266 0.573625 0.57747 0.579783 0.580555 0.579783 0.57747 0.573625 0.568266 0.561416 0.553106 0.543375 0.53227 0.519848 0.506175 0.491325 0.475383 0.458444 0.44061 0.421994 0.402716 0.382902 0.362684 0.342196 0.321577 0.300962 0.280487 0.260282 0.240471 0.221172 0.20249 0.18452 0.167346 0.151036 0.135647 0.121219 0.10778 0.0953428 0.0839089 0.0734674 0.0639969 0.0554673 0.0478408 0.0410743 0.0351203 0.0299292 0.0254507 0.0216354 0.0184363 0.0158097 0.013717 0.0121252 0.0110076 0.0103449 
0.0109812 0.0112178 0.0119319 0.0131358 0.0148502 0.0171029 0.0199289 0.023369 0.0274688 0.0322778 0.0378475 0.0442305 0.0514781 0.0596392 0.0687579 0.0788723 0.0900122 0.102198 0.115438 0.129729 0.145053 0.161379 0.17866 0.196835 0.215827 0.235547 0.255891 0.276746 0.297988 0.319484 0.341096 0.362684 0.384103 0.405211 0.425868 0.445939 0.465293 0.48381 0.501375 0.517886 0.533247 0.547375 0.560196 0.571647 0.581672 0.590227 0.597274 0.602784 0.606736 0.609112 0.609906 0.609112 0.606736 0.602784 0.597274 0.590227 0.581672 0.571647 0.560196 0.547375 0.533247 0.517886 0.501375 0.48381 0.465293 0.445939 0.425868 0.405211 0.384103 0.362684 0.341096 0.319484 0.297988 0.276746 0.255891 0.235547 0.215827 0.196835 0.17866 0.161379 0.145053 0.129729 0.115438 0.102198 0.0900122 0.0788723 0.0687579 0.0596392 0.0514781 0.0442305 0.0378475 0.0322778 0.0274688 0.023369 0.0199289 0.0171029 0.0148502 0.0131358 0.0119319 0.0112178 
0.0118544 0.0121083 0.0128743 0.0141656 0.0160038 0.0184184 0.0214458 0.0251289 0.0295156 0.0346574 0.0406081 0.047422 0.0551524 0.0638492 0.0735574 0.0843151 0.0961516 0.109086 0.123124 0.13826 0.154471 0.171723 0.189961 0.20912 0.229115 0.24985 0.271214 0.293085 0.315331 0.337814 0.360387 0.382902 0.405211 0.427165 0.44862 0.469438 0.489485 0.508638 0.526784 0.543819 0.559648 0.57419 0.587373 0.599135 0.609424 0.618196 0.625418 0.631062 0.635107 0.63754 0.638351 0.63754 0.635107 0.631062 0.625418 0.618196 0.609424 0.599135 0.587373 0.57419 0.559648 0.543819 0.526784 0.508638 0.489485 0.469438 0.44862 0.427165 0.405211 0.382902 0.360387 0.337814 0.315331 0.293085 0.271214 0.24985 0.229115 0.20912 0.189961 0.171723 0.154471 0.13826 0.123124 0.109086 0.0961516 0.0843151 0.0735574 0.0638492 0.0551524 0.047422 0.0406081 0.0346574 0.0295156 0.0251289 0.0214458 0.0184184 0.0160038 0.0141656 0.0128743 0.0121083 
0.0127384 0.0130096 0.0138279 0.0152069 0.0171694 0.0197462 0.0229755 0.026902 0.0315758 0.0370503 0.0433814 0.0506253 0.0588366 0.0680664 0.0783602 0.0897561 0.102283 0.115957 0.130783 0.14675 0.163835 0.181994 0.20117 0.221289 0.242261 0.263981 0.286333 0.309185 0.332398 0.355827 0.379317 0.402716 0.425868 0.44862 0.470825 0.492339 0.513029 0.532771 0.551449 0.568961 0.585215 0.600129 0.613635 0.625673 0.636194 0.645157 0.652531 0.65829 0.662416 0.664897 0.665725 0.664897 0.662416 0.65829 0.652531 0.645157 0.636194 0.625673 0.613635 0.600129 0.585215 0.568961 0.551449 0.532771 0.513029 0.492339 0.470825 0.44862 0.425868 0.402716 0.379317 0.355827 0.332398 0.309185 0.286333 0.263981 0.242261 0.221289 0.20117 0.181994 0.163835 0.14675 0.130783 0.115957 0.102283 0.0897561 0.0783602 0.0680664 0.0588366 0.0506253 0.0433814 0.0370503 0.0315758 0.026902 0.0229755 0.0197462 0.0171694 0.0152069 0.0138279 0.0130096 
0.0136262 0.0139146 0.0147849 0.0162513 0.0183376 0.0210758 0.0245059 0.0286744 0.0336332 0.0394378 0.046146 0.0538154 0.0625022 0.0722583 0.0831296 0.0951538 0.108358 0.122759 0.138356 0.155138 0.173074 0.192117 0.212203 0.233254 0.25517 0.277842 0.301142 0.324934 0.349072 0.3734 0.397761 0.421994 0.445939 0.469438 0.492339 0.514499 0.535781 0.556059 0.575221 0.593164 0.609796 0.625041 0.638831 0.65111 0.661831 0.670958 0.678461 0.684318 0.688513 0.691034 0.691875 0.691034 0.688513 0.684318 0.678461 0.670958 0.661831 0.65111 0.638831 0.625041 0.609796 0.593164 0.575221 0.556059 0.535781 0.514499 0.492339 0.469438 0.445939 0.421994 0.397761 0.3734 0.349072 0.324934 0.301142 0.277842 0.25517 0.233254 0.212203 0.192117 0.173074 0.155138 0.138356 0.122759 0.108358 0.0951538 0.0831296 0.0722583 0.0625022 0.0538154 0.046146 0.0394378 0.0336332 0.0286744 0.0245059 0.0210758 0.0183376 0.0162513 0.0147849 0.0139146 
0.01451 0.0148155 0.0157372 0.0172899 0.0194984 0.022396 0.0260242 0.0304312 0.0356708 0.0418002 0.048879 0.0569665 0.0661196 0.0763913 0.0878275 0.100466 0.114332 0.129439 0.145787 0.163358 0.182119 0.202016 0.222981 0.244927 0.26775 0.291331 0.315537 0.340224 0.365237 0.390416 0.415596 0.44061 0.465293 0.489485 0.513029 0.535781 0.557601 0.578366 0.597962 0.616288 0.633255 0.648788 0.662824 0.675309 0.6862 0.695465 0.703076 0.709013 0.713264 0.715818 0.71667 0.715818 0.713264 0.709013 0.703076 0.695465 0.6862 0.675309 0.662824 0.648788 0.633255 0.616288 0.597962 0.578366 0.557601 0.535781 0.513029 0.489485 0.465293 0.44061 0.415596 0.390416 0.365237 0.340224 0.315537 0.291331 0.26775 0.244927 0.222981 0.202016 0.182119 0.163358 0.145787 0.129439 0.114332 0.100466 0.0878275 0.0763913 0.0661196 0.0569665 0.048879 0.0418002 0.0356708 0.0304312 0.0260242 0.022396 0.0194984 0.0172899 0.0157372 0.0148155 
0.0153819 0.0157042 0.0166762 0.0183135 0.0206416 0.0236952 0.0275171 0.0321572 0.0376709 0.0441173 0.0515574 0.0600518 0.0696586 0.0804311 0.0924154 0.105648 0.120154 0.135945 0.153016 0.171347 0.1909 0.211616 0.233422 0.256222 0.279908 0.304353 0.329417 0.354948 0.380785 0.40676 0.432704 0.458444 0.48381 0.508638 0.532771 0.556059 0.578366 0.599566 0.619547 0.638209 0.655467 0.671249 0.685494 0.698152 0.709185 0.718562 0.72626 0.732262 0.736557 0.739137 0.739997 0.739137 0.736557 0.732262 0.72626 0.718562 0.709185 0.698152 0.685494 0.671249 0.655467 0.638209 0.619547 0.599566 0.578366 0.556059 0.532771 0.508638 0.48381 0.458444 0.432704 0.40676 0.380785 0.354948 0.329417 0.304353 0.279908 0.256222 0.233422 0.211616 0.1909 0.171347 0.153016 0.135945 0.120154 0.105648 0.0924154 0.0804311 0.0696586 0.0600518 0.0515574 0.0441173 0.0376709 0.0321572 0.0275171 0.0236952 0.0206416 0.0183135 0.0166762 0.0157042 
0.0162337 0.0165722 0.017593 0.0193124 0.0217565 0.0249613 0.0289709 0.0338367 0.0396156 0.0463684 0.0541574 0.0630444 0.0730884 0.084343 0.0968543 0.110658 0.125778 0.142222 0.159985 0.179042 0.199348 0.220843 0.243446 0.267056 0.291556 0.316814 0.342683 0.369003 0.395608 0.422324 0.448975 0.475383 0.501375 0.526784 0.551449 0.575221 0.597962 0.619547 0.639865 0.658819 0.676327 0.692318 0.706737 0.719538 0.730685 0.740151 0.747917 0.753969 0.758297 0.760896 0.761763 0.760896 0.758297 0.753969 0.747917 0.740151 0.730685 0.719538 0.706737 0.692318 0.676327 0.658819 0.639865 0.619547 0.597962 0.575221 0.551449 0.526784 0.501375 0.475383 0.448975 0.422324 0.395608 0.369003 0.342683 0.316814 0.291556 0.267056 0.243446 0.220843 0.199348 0.179042 0.159985 0.142222 0.125778 0.110658 0.0968543 0.084343 0.0730884 0.0630444 0.0541574 0.0463684 0.0396156 0.0338367 0.0289709 0.0249613 0.0217565 0.0193124 0.017593 0.0165722 
0.0170569 0.017411 0.0184788 0.0202769 0.0228324 0.0261822 0.0303718 0.0354539 0.0414869 0.0485329 0.0566555 0.0659176 0.0763787 0.088093 0.101106 0.115453 0.131155 0.14822 0.166637 0.186379 0.207398 0.229626 0.252977 0.277346 0.302608 0.328625 0.355242 0.382296 0.40961 0.437008 0.464307 0.491325 0.517886 0.543819 0.568961 0.593164 0.616288 0.638209 0.658819 0.678023 0.695741 0.711907 0.726468 0.739382 0.750618 0.760152 0.767969 0.774057 0.77841 0.781023 0.781894 0.781023 0.77841 0.774057 0.767969 0.760152 0.750618 0.739382 0.726468 0.711907 0.695741 0.678023 0.658819 0.638209 0.616288 0.593164 0.568961 0.543819 0.517886 0.491325 0.464307 0.437008 0.40961 0.382296 0.355242 0.328625 0.302608 0.277346 0.252977 0.229626 0.207398 0.186379 0.166637 0.14822 0.131155 0.115453 0.101106 0.088093 0.0763787 0.0659176 0.0566555 0.0485329 0.0414869 0.0354539 0.0303718 0.0261822 0.0228324 0.0202769 0.0184788 0.017411 
