6.15071e-05 6.35388e-05 6.97148e-05 8.02788e-05 9.56387e-05 0.000116369 0.000143212 0.000177084 0.000219073 0.000270441 0.000332622 0.000407217 0.000495985 0.000600828 0.000723776 0.000866957 0.00103257 0.00122283 0.00143997 0.00168611 0.00196328 0.00227332 0.00261779 0.00299797 0.00341471 0.00386843 0.00435903 0.00488582 0.00544751 0.00604213 0.00666705 0.00731892 0.00799372 0.00868676 0.00939275 0.0101058 0.0108195 0.0115272 0.0122216 0.0128957 0.0135419 0.0141531 0.0147221 0.0152421 0.0157069 0.0161107 0.0164484 0.0167156 0.016909 0.0170261 0.0170653 0.0170261 0.016909 0.0167156 0.0164484 0.0161107 0.0157069 0.0152421 0.0147221 0.0141531 0.0135419 0.0128957 0.0122216 0.0115272 0.0108195 0.0101058 0.00939275 0.00868676 0.00799372 0.00731892 0.00666705 0.00604213 0.00544751 0.00488582 0.00435903 0.00386843 0.00341471 0.00299797 0.00261779 0.00227332 0.00196328 0.00168611 0.00143997 0.00122283 0.00103257 0.000866957 0.000723776 0.000600828 0.000495985 0.000407217 0.000332622 0.000270441 0.000219073 0.000177084 0.000143212 0.000116369 9.56387e-05 8.02788e-05 6.97148e-05 6.35388e-05 
6.35388e-05 6.56334e-05 7.20007e-05 8.28911e-05 9.87235e-05 0.000120088 0.000147748 0.000182643 0.00022589 0.000278785 0.000342798 0.000419572 0.000510908 0.000618757 0.000745197 0.000892404 0.00106263 0.00125814 0.0014812 0.001734 0.00201859 0.00233684 0.00269035 0.0030804 0.00350786 0.00397314 0.00447611 0.00501607 0.00559166 0.00620086 0.00684095 0.00750852 0.00819942 0.00890887 0.00963143 0.0103611 0.0110913 0.0118152 0.0125255 0.0132148 0.0138756 0.0145004 0.0150821 0.0156137 0.0160888 0.0165014 0.0168465 0.0171196 0.0173172 0.0174369 0.0174769 0.0174369 0.0173172 0.0171196 0.0168465 0.0165014 0.0160888 0.0156137 0.0150821 0.0145004 0.0138756 0.0132148 0.0125255 0.0118152 0.0110913 0.0103611 0.00963143 0.00890887 0.00819942 0.00750852 0.00684095 0.00620086 0.00559166 0.00501607 0.00447611 0.00397314 0.00350786 0.0030804 0.00269035 0.00233684 0.00201859 0.001734 0.0014812 0.00125814 0.00106263 0.000892404 0.000745197 0.000618757 0.000510908 0.000419572 0.000342798 0.000278785 0.00022589 0.000182643 0.000147748 0.000120088 9.87235e-05 8.28911e-05 7.20007e-05 6.56334e-05 
6.97148e-05 7.20007e-05 7.89488e-05 9.08296e-05 0.000108096 0.000131386 0.000161523 0.000199521 0.000246585 0.00030411 0.000373679 0.000457057 0.00055618 0.000673137 0.000810153 0.000969556 0.00115374 0.00136514 0.00160615 0.00187908 0.00218612 0.00252922 0.00291007 0.00332999 0.00378986 0.00429007 0.00483044 0.00541016 0.00602774 0.00668097 0.00736691 0.00808186 0.00882138 0.00958034 0.0103529 0.0111327 0.0119126 0.0126855 0.0134435 0.0141789 0.0148835 0.0155496 0.0161695 0.0167358 0.0172418 0.0176813 0.0180487 0.0183394 0.0185498 0.0186771 0.0187197 0.0186771 0.0185498 0.0183394 0.0180487 0.0176813 0.0172418 0.0167358 0.0161695 0.0155496 0.0148835 0.0141789 0.0134435 0.0126855 0.0119126 0.0111327 0.0103529 0.00958034 0.00882138 0.00808186 0.00736691 0.00668097 0.00602774 0.00541016 0.00483044 0.00429007 0.00378986 0.00332999 0.00291007 0.00252922 0.00218612 0.00187908 0.00160615 0.00136514 0.00115374 0.000969556 0.000810153 0.000673137 0.00055618 0.000457057 0.000373679 0.00030411 0.000246585 0.000199521 0.000161523 0.000131386 0.000108096 9.08296e-05 7.89488e-05 7.20007e-05 
8.02788e-05 8.28911e-05 9.08296e-05 0.000104399 0.000124111 0.000150682 0.000185041 0.000228326 0.000281891 0.000347299 0.000426324 0.000520938 0.000633301 0.000765741 0.00092073 0.00110085 0.00130875 0.00154711 0.00181856 0.00212564 0.00247073 0.00285594 0.00328308 0.00375355 0.00426826 0.00482756 0.00543117 0.0060781 0.00676662 0.00749422 0.00825755 0.00905247 0.00987402 0.0107165 0.0115733 0.0124375 0.0133013 0.0141567 0.0149951 0.0158079 0.0165864 0.0173219 0.018006 0.0186308 0.0191888 0.0196733 0.0200782 0.0203986 0.0206304 0.0207707 0.0208176 0.0207707 0.0206304 0.0203986 0.0200782 0.0196733 0.0191888 0.0186308 0.018006 0.0173219 0.0165864 0.0158079 0.0149951 0.0141567 0.0133013 0.0124375 0.0115733 0.0107165 0.00987402 0.00905247 0.00825755 0.00749422 0.00676662 0.0060781 0.00543117 0.00482756 0.00426826 0.00375355 0.00328308 0.00285594 0.00247073 0.00212564 0.00181856 0.00154711 0.00130875 0.00110085 0.00092073 0.000765741 0.000633301 0.000520938 0.000426324 0.000347299 0.000281891 0.000228326 0.000185041 0.000150682 0.000124111 0.000104399 9.08296e-05 8.28911e-05 
9.56387e-05 9.87235e-05 0.000108096 0.000124111 0.000147362 0.000178681 0.000219144 0.000270072 0.00033303 0.000409824 0.000502497 0.00061332 0.000744773 0.000899523 0.00108039 0.00129033 0.00153234 0.00180945 0.00212464 0.00248075 0.00288043 0.00332602 0.00381952 0.0043624 0.00495561 0.00559943 0.00629344 0.00703641 0.00782624 0.00865997 0.0095337 0.0104426 0.011381 0.0123424 0.0133192 0.0143036 0.0152866 0.0162593 0.0172119 0.0181347 0.019018 0.019852 0.0206273 0.0213351 0.0219669 0.0225152 0.0229733 0.0233357 0.0235978 0.0237564 0.0238095 0.0237564 0.0235978 0.0233357 0.0229733 0.0225152 0.0219669 0.0213351 0.0206273 0.019852 0.019018 0.0181347 0.0172119 0.0162593 0.0152866 0.0143036 0.0133192 0.0123424 0.011381 0.0104426 0.0095337 0.00865997 0.00782624 0.00703641 0.00629344 0.00559943 0.00495561 0.0043624 0.00381952 0.00332602 0.00288043 0.00248075 0.00212464 0.00180945 0.00153234 0.00129033 0.00108039 0.000899523 0.000744773 0.00061332 0.000502497 0.000409824 0.00033303 0.000270072 0.000219144 0.000178681 0.000147362 0.000124111 0.000108096 9.87235e-05 
0.000116369 0.000120088 0.000131386 0.000150682 0.000178681 0.000216367 0.000265014 0.000326182 0.000401715 0.000493742 0.000604665 0.000737146 0.000894088 0.0010786 0.00129398 0.00154363 0.00183104 0.0021597 0.00253301 0.00295423 0.00342635 0.00395202 0.00453341 0.00517215 0.00586919 0.00662475 0.00743816 0.00830786 0.0092313 0.0102049 0.011224 0.012283 0.0133751 0.0144926 0.0156271 0.0167691 0.0179085 0.0190349 0.0201371 0.0212041 0.0222245 0.0231874 0.024082 0.0248981 0.0256264 0.0262581 0.0267857 0.027203 0.0275047 0.0276873 0.0277484 0.0276873 0.0275047 0.027203 0.0267857 0.0262581 0.0256264 0.0248981 0.024082 0.0231874 0.0222245 0.0212041 0.0201371 0.0190349 0.0179085 0.0167691 0.0156271 0.0144926 0.0133751 0.012283 0.011224 0.0102049 0.0092313 0.00830786 0.00743816 0.00662475 0.00586919 0.00517215 0.00453341 0.00395202 0.00342635 0.00295423 0.00253301 0.0021597 0.00183104 0.00154363 0.00129398 0.0010786 0.000894088 0.000737146 0.000604665 0.000493742 0.000401715 0.000326182 0.000265014 0.000216367 0.000178681 0.000150682 0.000131386 0.000120088 
0.000143212 0.000147748 0.000161523 0.000185041 0.000219144 0.000265014 0.000324173 0.000398484 0.000490149 0.000601701 0.000735995 0.00089619 0.00108572 0.00130825 0.00156766 0.00186796 0.0022132 0.00260746 0.00305468 0.0035586 0.00412265 0.00474982 0.00544255 0.00620259 0.00703091 0.00792758 0.00889167 0.00992115 0.0110129 0.0121625 0.0133644 0.0146118 0.0158968 0.0172103 0.0185423 0.0198817 0.0212169 0.0225355 0.0238247 0.0250716 0.0262633 0.0273869 0.0284302 0.0293815 0.0302298 0.0309654 0.0315796 0.0320651 0.0324162 0.0326285 0.0326996 0.0326285 0.0324162 0.0320651 0.0315796 0.0309654 0.0302298 0.0293815 0.0284302 0.0273869 0.0262633 0.0250716 0.0238247 0.0225355 0.0212169 0.0198817 0.0185423 0.0172103 0.0158968 0.0146118 0.0133644 0.0121625 0.0110129 0.00992115 0.00889167 0.00792758 0.00703091 0.00620259 0.00544255 0.00474982 0.00412265 0.0035586 0.00305468 0.00260746 0.0022132 0.00186796 0.00156766 0.00130825 0.00108572 0.00089619 0.000735995 0.000601701 0.000490149 0.000398484 0.000324173 0.000265014 0.000219144 0.000185041 0.000161523 0.000147748 
0.000177084 0.000182643 0.000199521 0.000228326 0.000270072 0.000326182 0.000398484 0.000489217 0.00060102 0.000736925 0.000900344 0.00109504 0.00132509 0.00159487 0.00190893 0.00227201 0.00268889 0.0031643 0.00370286 0.00430888 0.0049863 0.00573852 0.00656825 0.00747739 0.0084669 0.00953665 0.0106853 0.0119104 0.0132079 0.0145724 0.0159973 0.0174745 0.0189944 0.0205463 0.0221183 0.0236975 0.0252701 0.0268217 0.0283375 0.0298022 0.031201 0.032519 0.033742 0.0348564 0.0358497 0.0367106 0.0374292 0.037997 0.0384075 0.0386558 0.0387388 0.0386558 0.0384075 0.037997 0.0374292 0.0367106 0.0358497 0.0348564 0.033742 0.032519 0.031201 0.0298022 0.0283375 0.0268217 0.0252701 0.0236975 0.0221183 0.0205463 0.0189944 0.0174745 0.0159973 0.0145724 0.0132079 0.0119104 0.0106853 0.00953665 0.0084669 0.00747739 0.00656825 0.00573852 0.0049863 0.00430888 0.00370286 0.0031643 0.00268889 0.00227201 0.00190893 0.00159487 0.00132509 0.00109504 0.000900344 0.000736925 0.00060102 0.000489217 0.000398484 0.000326182 0.000270072 0.000228326 0.000199521 0.000182643 
0.000219073 0.00022589 0.000246585 0.000281891 0.00033303 0.000401715 0.000490149 0.00060102 0.000737496 0.00090321 0.00110224 0.00133908 0.00161858 0.00194593 0.00232653 0.00276596 0.00326983 0.0038437 0.00449292 0.0052225 0.00603696 0.00694014 0.00793506 0.00902377 0.0102072 0.0114849 0.0128551 0.0143145 0.0158583 0.0174799 0.0191712 0.0209224 0.0227222 0.0245579 0.0264154 0.0282794 0.0301339 0.0319618 0.0337458 0.0354685 0.0371122 0.0386599 0.0400951 0.041402 0.0425664 0.0435751 0.0444168 0.0450817 0.0455622 0.0458527 0.0459499 0.0458527 0.0455622 0.0450817 0.0444168 0.0435751 0.0425664 0.041402 0.0400951 0.0386599 0.0371122 0.0354685 0.0337458 0.0319618 0.0301339 0.0282794 0.0264154 0.0245579 0.0227222 0.0209224 0.0191712 0.0174799 0.0158583 0.0143145 0.0128551 0.0114849 0.0102072 0.00902377 0.00793506 0.00694014 0.00603696 0.0052225 0.00449292 0.0038437 0.00326983 0.00276596 0.00232653 0.00194593 0.00161858 0.00133908 0.00110224 0.00090321 0.000737496 0.00060102 0.000490149 0.000401715 0.00033303 0.000281891 0.000246585 0.00022589 
0.000270441 0.000278785 0.00030411 0.000347299 0.000409824 0.000493742 0.000601701 0.000736925 0.00090321 0.0011049 0.00134686 0.00163445 0.00197343 0.00236994 0.00283037 0.00336129 0.00396928 0.00466083 0.00544216 0.00631905 0.00729666 0.00837933 0.00957042 0.0108721 0.0122851 0.0138087 0.0154406 0.0171765 0.0190105 0.0209345 0.0229388 0.0250117 0.0271397 0.0293077 0.031499 0.0336957 0.035879 0.038029 0.0401256 0.0421482 0.0440767 0.0458912 0.0475727 0.0491031 0.0504657 0.0516457 0.0526298 0.053407 0.0539686 0.0543081 0.0544217 0.0543081 0.0539686 0.053407 0.0526298 0.0516457 0.0504657 0.0491031 0.0475727 0.0458912 0.0440767 0.0421482 0.0401256 0.038029 0.035879 0.0336957 0.031499 0.0293077 0.0271397 0.0250117 0.0229388 0.0209345 0.0190105 0.0171765 0.0154406 0.0138087 0.0122851 0.0108721 0.00957042 0.00837933 0.00729666 0.00631905 0.00544216 0.00466083 0.00396928 0.00336129 0.00283037 0.00236994 0.00197343 0.00163445 0.00134686 0.0011049 0.00090321 0.000736925 0.000601701 0.000493742 0.000409824 0.000347299 0.00030411 0.000278785 
0.000332622 0.000342798 0.000373679 0.000426324 0.000502497 0.000604665 0.000735995 0.000900344 0.00110224 0.00134686 0.00164 0.00198801 0.00239771 0.00287635 0.00343147 0.00407074 0.00480189 0.00563244 0.0065696 0.00762 0.00878952 0.010083 0.0115042 0.0130553 0.0147368 0.0165477 0.0184848 0.0205427 0.0227141 0.0249894 0.0273567 0.0298022 0.0323097 0.0348615 0.0374379 0.0400181 0.0425798 0.0451001 0.0475556 0.0499224 0.0521773 0.0542974 0.0562606 0.0580464 0.0596356 0.0610111 0.0621579 0.0630632 0.0637173 0.0641126 0.0642449 0.0641126 0.0637173 0.0630632 0.0621579 0.0610111 0.0596356 0.0580464 0.0562606 0.0542974 0.0521773 0.0499224 0.0475556 0.0451001 0.0425798 0.0400181 0.0374379 0.0348615 0.0323097 0.0298022 0.0273567 0.0249894 0.0227141 0.0205427 0.0184848 0.0165477 0.0147368 0.0130553 0.0115042 0.010083 0.00878952 0.00762 0.0065696 0.00563244 0.00480189 0.00407074 0.00343147 0.00287635 0.00239771 0.00198801 0.00164 0.00134686 0.00110224 0.000900344 0.000735995 0.000604665 0.000502497 0.000426324 0.000373679 0.000342798 
0.000407217 0.000419572 0.000457057 0.000520938 0.00061332 0.000737146 0.00089619 0.00109504 0.00133908 0.00163445 0.00198801 0.00240725 0.00290023 0.00347547 0.00414177 0.00490812 0.00578349 0.00677659 0.00789571 0.00914842 0.0105414 0.01208 0.0137682 0.0156083 0.0176007 0.0197434 0.0220325 0.0244614 0.027021 0.0296997 0.0324834 0.0353554 0.038297 0.041287 0.0443027 0.0473195 0.0503117 0.0532527 0.0561153 0.0588723 0.0614967 0.0639624 0.0662441 0.0683183 0.0701632 0.0717592 0.0730893 0.0741391 0.0748972 0.0753554 0.0755087 0.0753554 0.0748972 0.0741391 0.0730893 0.0717592 0.0701632 0.0683183 0.0662441 0.0639624 0.0614967 0.0588723 0.0561153 0.0532527 0.0503117 0.0473195 0.0443027 0.041287 0.038297 0.0353554 0.0324834 0.0296997 0.027021 0.0244614 0.0220325 0.0197434 0.0176007 0.0156083 0.0137682 0.01208 0.0105414 0.00914842 0.00789571 0.00677659 0.00578349 0.00490812 0.00414177 0.00347547 0.00290023 0.00240725 0.00198801 0.00163445 0.00133908 0.00109504 0.00089619 0.000737146 0.00061332 0.000520938 0.000457057 0.000419572 
0.000495985 0.000510908 0.00055618 0.000633301 0.000744773 0.000894088 0.00108572 0.00132509 0.00161858 0.00197343 0.00239771 0.00290023 0.00349044 0.00417828 0.00497403 0.00588811 0.00693087 0.00811237 0.00944205 0.0109285 0.0125792 0.0144001 0.0163955 0.0185675 0.0209161 0.0234387 0.0261301 0.0289822 0.0319839 0.0351213 0.0383777 0.0417334 0.0451663 0.0486517 0.0521631 0.055672 0.0591487 0.0625625 0.0658822 0.0690766 0.0721149 0.0749671 0.0776048 0.0800011 0.0821312 0.0839732 0.0855075 0.0867182 0.0875923 0.0881205 0.0882972 0.0881205 0.0875923 0.0867182 0.0855075 0.0839732 0.0821312 0.0800011 0.0776048 0.0749671 0.0721149 0.0690766 0.0658822 0.0625625 0.0591487 0.055672 0.0521631 0.0486517 0.0451663 0.0417334 0.0383777 0.0351213 0.0319839 0.0289822 0.0261301 0.0234387 0.0209161 0.0185675 0.0163955 0.0144001 0.0125792 0.0109285 0.00944205 0.00811237 0.00693087 0.00588811 0.00497403 0.00417828 0.00349044 0.00290023 0.00239771 0.00197343 0.00161858 0.00132509 0.00108572 0.000894088 0.000744773 0.000633301 0.00055618 0.000510908 
0.000600828 0.000618757 0.000673137 0.000765741 0.000899523 0.0010786 0.00130825 0.00159487 0.00194593 0.00236994 0.00287635 0.00347547 0.00417828 0.00499635 0.00594158 0.007026 0.0082615 0.00965956 0.0112309 0.0129852 0.0149308 0.0170741 0.0194197 0.0219695 0.024723 0.0276765 0.0308236 0.0341541 0.0376549 0.0413093 0.0450975 0.0489965 0.0529803 0.0570203 0.0610858 0.065144 0.0691606 0.0731006 0.0769284 0.0806083 0.0841054 0.0873859 0.0904173 0.0931695 0.0956147 0.097728 0.0994877 0.100876 0.101877 0.102483 0.102685 0.102483 0.101877 0.100876 0.0994877 0.097728 0.0956147 0.0931695 0.0904173 0.0873859 0.0841054 0.0806083 0.0769284 0.0731006 0.0691606 0.065144 0.0610858 0.0570203 0.0529803 0.0489965 0.0450975 0.0413093 0.0376549 0.0341541 0.0308236 0.0276765 0.024723 0.0219695 0.0194197 0.0170741 0.0149308 0.0129852 0.0112309 0.00965956 0.0082615 0.007026 0.00594158 0.00499635 0.00417828 0.00347547 0.00287635 0.00236994 0.00194593 0.00159487 0.00130825 0.0010786 0.000899523 0.000765741 0.000673137 0.000618757 
0.000723776 0.000745197 0.000810153 0.00092073 0.00108039 0.00129398 0.00156766 0.00190893 0.00232653 0.00283037 0.00343147 0.00414177 0.00497403 0.00594158 0.00705814 0.00833748 0.00979318 0.0114383 0.0132848 0.0153437 0.0176239 0.0201326 0.0228742 0.0258507 0.0290605 0.032499 0.0361578 0.0400249 0.0440843 0.0483163 0.0526977 0.0572015 0.0617976 0.0664531 0.0711324 0.075798 0.0804109 0.0849311 0.0893181 0.0935319 0.0975328 0.101283 0.104746 0.107887 0.110677 0.113087 0.115092 0.116674 0.117815 0.118504 0.118735 0.118504 0.117815 0.116674 0.115092 0.113087 0.110677 0.107887 0.104746 0.101283 0.0975328 0.0935319 0.0893181 0.0849311 0.0804109 0.075798 0.0711324 0.0664531 0.0617976 0.0572015 0.0526977 0.0483163 0.0440843 0.0400249 0.0361578 0.032499 0.0290605 0.0258507 0.0228742 0.0201326 0.0176239 0.0153437 0.0132848 0.0114383 0.00979318 0.00833748 0.00705814 0.00594158 0.00497403 0.00414177 0.00343147 0.00283037 0.00232653 0.00190893 0.00156766 0.00129398 0.00108039 0.00092073 0.000810153 0.000745197 
0.000866957 0.000892404 0.000969556 0.00110085 0.00129033 0.00154363 0.00186796 0.00227201 0.00276596 0.00336129 0.00407074 0.00490812 0.00588811 0.007026 0.00833748 0.00983824 0.0115437 0.0134685 0.0156261 0.0180286 0.0206858 0.0236053 0.0267915 0.030246 0.0339662 0.037946 0.0421751 0.0466389 0.0513184 0.0561905 0.0612279 0.0663995 0.0716705 0.0770029 0.0823563 0.0876878 0.0929533 0.0981074 0.103105 0.1079 0.112449 0.116709 0.12064 0.124204 0.127367 0.130097 0.132369 0.134159 0.135451 0.136231 0.136492 0.136231 0.135451 0.134159 0.132369 0.130097 0.127367 0.124204 0.12064 0.116709 0.112449 0.1079 0.103105 0.0981074 0.0929533 0.0876878 0.0823563 0.0770029 0.0716705 0.0663995 0.0612279 0.0561905 0.0513184 0.0466389 0.0421751 0.037946 0.0339662 0.030246 0.0267915 0.0236053 0.0206858 0.0180286 0.0156261 0.0134685 0.0115437 0.00983824 0.00833748 0.007026 0.00588811 0.00490812 0.00407074 0.00336129 0.00276596 0.00227201 0.00186796 0.00154363 0.00129033 0.00110085 0.000969556 0.000892404 
0.00103257 0.00106263 0.00115374 0.00130875 0.00153234 0.00183104 0.0022132 0.00268889 0.00326983 0.00396928 0.00480189 0.00578349 0.00693087 0.0082615 0.00979318 0.0115437 0.0135303 0.0157695 0.0182762 0.0210636 0.0241424 0.0275203 0.0312019 0.0351878 0.0394745 0.044054 0.0489137 0.0540359 0.0593984 0.0649741 0.0707314 0.0766341 0.0826426 0.0887136 0.0948009 0.100856 0.10683 0.11267 0.118327 0.12375 0.12889 0.133699 0.138134 0.142151 0.145713 0.148788 0.151344 0.153358 0.154811 0.155688 0.155981 0.155688 0.154811 0.153358 0.151344 0.148788 0.145713 0.142151 0.138134 0.133699 0.12889 0.12375 0.118327 0.11267 0.10683 0.100856 0.0948009 0.0887136 0.0826426 0.0766341 0.0707314 0.0649741 0.0593984 0.0540359 0.0489137 0.044054 0.0394745 0.0351878 0.0312019 0.0275203 0.0241424 0.0210636 0.0182762 0.0157695 0.0135303 0.0115437 0.00979318 0.0082615 0.00693087 0.00578349 0.00480189 0.00396928 0.00326983 0.00268889 0.0022132 0.00183104 0.00153234 0.00130875 0.00115374 0.00106263 
0.00122283 0.00125814 0.00136514 0.00154711 0.00180945 0.0021597 0.00260746 0.0031643 0.0038437 0.00466083 0.00563244 0.00677659 0.00811237 0.00965956 0.0114383 0.0134685 0.0157695 0.0183596 0.0212552 0.0244707 0.0280174 0.0319034 0.0361328 0.0407053 0.0456161 0.0508549 0.0564064 0.0622497 0.0683586 0.0747016 0.0812423 0.0879393 0.0947472 0.101617 0.108497 0.115332 0.122067 0.128645 0.135009 0.141104 0.146874 0.152269 0.157239 0.161739 0.165727 0.169166 0.172024 0.174275 0.175898 0.176878 0.177206 0.176878 0.175898 0.174275 0.172024 0.169166 0.165727 0.161739 0.157239 0.152269 0.146874 0.141104 0.135009 0.128645 0.122067 0.115332 0.108497 0.101617 0.0947472 0.0879393 0.0812423 0.0747016 0.0683586 0.0622497 0.0564064 0.0508549 0.0456161 0.0407053 0.0361328 0.0319034 0.0280174 0.0244707 0.0212552 0.0183596 0.0157695 0.0134685 0.0114383 0.00965956 0.00811237 0.00677659 0.00563244 0.00466083 0.0038437 0.0031643 0.00260746 0.0021597 0.00180945 0.00154711 0.00136514 0.00125814 
0.00143997 0.0014812 0.00160615 0.00181856 0.00212464 0.00253301 0.00305468 0.00370286 0.00449292 0.00544216 0.0065696 0.00789571 0.00944205 0.0112309 0.0132848 0.0156261 0.0182762 0.0212552 0.0245811 0.0282693 0.0323318 0.0367766 0.0416075 0.0468229 0.052416 0.0583743 0.0646792 0.0713061 0.0782245 0.0853979 0.0927845 0.100337 0.108005 0.115732 0.12346 0.131129 0.138676 0.146038 0.153153 0.15996 0.166399 0.172413 0.177948 0.182956 0.187391 0.191213 0.194389 0.196889 0.198691 0.199779 0.200142 0.199779 0.198691 0.196889 0.194389 0.191213 0.187391 0.182956 0.177948 0.172413 0.166399 0.15996 0.153153 0.146038 0.138676 0.131129 0.12346 0.115732 0.108005 0.100337 0.0927845 0.0853979 0.0782245 0.0713061 0.0646792 0.0583743 0.052416 0.0468229 0.0416075 0.0367766 0.0323318 0.0282693 0.0245811 0.0212552 0.0182762 0.0156261 0.0132848 0.0112309 0.00944205 0.00789571 0.0065696 0.00544216 0.00449292 0.00370286 0.00305468 0.00253301 0.00212464 0.00181856 0.00160615 0.0014812 
0.00168611 0.001734 0.00187908 0.00212564 0.00248075 0.00295423 0.0035586 0.00430888 0.0052225 0.00631905 0.00762 0.00914842 0.0109285 0.0129852 0.0153437 0.0180286 0.0210636 0.0244707 0.0282693 0.0324758 0.0371028 0.0421581 0.0476445 0.0535592 0.0598931 0.0666308 0.0737501 0.0812222 0.0890117 0.0970767 0.10537 0.113837 0.122422 0.131061 0.13969 0.148242 0.156647 0.164837 0.172744 0.180299 0.187438 0.1941 0.200227 0.205765 0.210666 0.214888 0.218393 0.221152 0.223139 0.224339 0.22474 0.224339 0.223139 0.221152 0.218393 0.214888 0.210666 0.205765 0.200227 0.1941 0.187438 0.180299 0.172744 0.164837 0.156647 0.148242 0.13969 0.131061 0.122422 0.113837 0.10537 0.0970767 0.0890117 0.0812222 0.0737501 0.0666308 0.0598931 0.0535592 0.0476445 0.0421581 0.0371028 0.0324758 0.0282693 0.0244707 0.0210636 0.0180286 0.0153437 0.0129852 0.0109285 0.00914842 0.00762 0.00631905 0.0052225 0.00430888 0.0035586 0.00295423 0.00248075 0.00212564 0.00187908 0.001734 
0.00196328 0.00201859 0.00218612 0.00247073 0.00288043 0.00342635 0.00412265 0.0049863 0.00603696 0.00729666 0.00878952 0.0105414 0.0125792 0.0149308 0.0176239 0.0206858 0.0241424 0.0280174 0.0323318 0.0371028 0.0423432 0.0480605 0.0542566 0.0609265 0.0680588 0.0756346 0.0836277 0.0920046 0.100724 0.10974 0.118996 0.128434 0.137989 0.147591 0.157169 0.166648 0.175953 0.185009 0.193741 0.202075 0.209942 0.217277 0.224015 0.230102 0.235484 0.240118 0.243963 0.246987 0.249166 0.25048 0.25092 0.25048 0.249166 0.246987 0.243963 0.240118 0.235484 0.230102 0.224015 0.217277 0.209942 0.202075 0.193741 0.185009 0.175953 0.166648 0.157169 0.147591 0.137989 0.128434 0.118996 0.10974 0.100724 0.0920046 0.0836277 0.0756346 0.0680588 0.0609265 0.0542566 0.0480605 0.0423432 0.0371028 0.0323318 0.0280174 0.0241424 0.0206858 0.0176239 0.0149308 0.0125792 0.0105414 0.00878952 0.00729666 0.00603696 0.0049863 0.00412265 0.00342635 0.00288043 0.00247073 0.00218612 0.00201859 
0.00227332 0.00233684 0.00252922 0.00285594 0.00332602 0.00395202 0.00474982 0.00573852 0.00694014 0.00837933 0.010083 0.01208 0.0144001 0.0170741 0.0201326 0.0236053 0.0275203 0.0319034 0.0367766 0.0421581 0.0480605 0.0544909 0.0614495 0.0689294 0.0769159 0.0853864 0.0943101 0.103648 0.113354 0.123374 0.133647 0.144106 0.154679 0.165289 0.175858 0.186304 0.196544 0.206497 0.216082 0.225221 0.233838 0.241863 0.249229 0.255877 0.261751 0.266805 0.270996 0.274292 0.276664 0.278096 0.278574 0.278096 0.276664 0.274292 0.270996 0.266805 0.261751 0.255877 0.249229 0.241863 0.233838 0.225221 0.216082 0.206497 0.196544 0.186304 0.175858 0.165289 0.154679 0.144106 0.133647 0.123374 0.113354 0.103648 0.0943101 0.0853864 0.0769159 0.0689294 0.0614495 0.0544909 0.0480605 0.0421581 0.0367766 0.0319034 0.0275203 0.0236053 0.0201326 0.0170741 0.0144001 0.01208 0.010083 0.00837933 0.00694014 0.00573852 0.00474982 0.00395202 0.00332602 0.00285594 0.00252922 0.00233684 
0.00261779 0.00269035 0.00291007 0.00328308 0.00381952 0.00453341 0.00544255 0.00656825 0.00793506 0.00957042 0.0115042 0.0137682 0.0163955 0.0194197 0.0228742 0.0267915 0.0312019 0.0361328 0.0416075 0.0476445 0.0542566 0.0614495 0.0692219 0.0775642 0.0864581 0.0958768 0.105784 0.116137 0.12688 0.137954 0.149291 0.160815 0.172448 0.184105 0.1957 0.207144 0.218348 0.229223 0.239683 0.249643 0.259025 0.267753 0.275757 0.282973 0.289345 0.294823 0.299364 0.302932 0.305501 0.30705 0.307567 0.30705 0.305501 0.302932 0.299364 0.294823 0.289345 0.282973 0.275757 0.267753 0.259025 0.249643 0.239683 0.229223 0.218348 0.207144 0.1957 0.184105 0.172448 0.160815 0.149291 0.137954 0.12688 0.116137 0.105784 0.0958768 0.0864581 0.0775642 0.0692219 0.0614495 0.0542566 0.0476445 0.0416075 0.0361328 0.0312019 0.0267915 0.0228742 0.0194197 0.0163955 0.0137682 0.0115042 0.00957042 0.00793506 0.00656825 0.00544255 0.00453341 0.00381952 0.00328308 0.00291007 0.00269035 
0.00299797 0.0030804 0.00332999 0.00375355 0.0043624 0.00517215 0.00620259 0.00747739 0.00902377 0.0108721 0.0130553 0.0156083 0.0185675 0.0219695 0.0258507 0.030246 0.0351878 0.0407053 0.0468229 0.0535592 0.0609265 0.0689294 0.0775642 0.0868181 0.0966691 0.107085 0.118026 0.129439 0.141266 0.153438 0.165879 0.178507 0.191235 0.20397 0.216619 0.229085 0.241272 0.253086 0.264434 0.275228 0.285382 0.294818 0.303462 0.311249 0.31812 0.324021 0.32891 0.332751 0.335514 0.33718 0.337737 0.33718 0.335514 0.332751 0.32891 0.324021 0.31812 0.311249 0.303462 0.294818 0.285382 0.275228 0.264434 0.253086 0.241272 0.229085 0.216619 0.20397 0.191235 0.178507 0.165879 0.153438 0.141266 0.129439 0.118026 0.107085 0.0966691 0.0868181 0.0775642 0.0689294 0.0609265 0.0535592 0.0468229 0.0407053 0.0351878 0.030246 0.0258507 0.0219695 0.0185675 0.0156083 0.0130553 0.0108721 0.00902377 0.00747739 0.00620259 0.00517215 0.0043624 0.00375355 0.00332999 0.0030804 
0.00341471 0.00350786 0.00378986 0.00426826 0.00495561 0.00586919 0.00703091 0.0084669 0.0102072 0.0122851 0.0147368 0.0176007 0.0209161 0.024723 0.0290605 0.0339662 0.0394745 0.0456161 0.052416 0.0598931 0.0680588 0.0769159 0.0864581 0.0966691 0.107522 0.118981 0.130997 0.143513 0.156463 0.169769 0.183349 0.197111 0.21096 0.224796 0.238518 0.252022 0.265204 0.277966 0.290207 0.301836 0.312762 0.322904 0.332186 0.34054 0.347903 0.354224 0.359457 0.363565 0.36652 0.368302 0.368897 0.368302 0.36652 0.363565 0.359457 0.354224 0.347903 0.34054 0.332186 0.322904 0.312762 0.301836 0.290207 0.277966 0.265204 0.252022 0.238518 0.224796 0.21096 0.197111 0.183349 0.169769 0.156463 0.143513 0.130997 0.118981 0.107522 0.0966691 0.0864581 0.0769159 0.0680588 0.0598931 0.052416 0.0456161 0.0394745 0.0339662 0.0290605 0.024723 0.0209161 0.0176007 0.0147368 0.0122851 0.0102072 0.0084669 0.00703091 0.00586919 0.00495561 0.00426826 0.00378986 0.00350786 
0.00386843 0.00397314 0.00429007 0.00482756 0.00559943 0.00662475 0.00792758 0.00953665 0.0114849 0.0138087 0.0165477 0.0197434 0.0234387 0.0276765 0.032499 0.037946 0.044054 0.0508549 0.0583743 0.0666308 0.0756346 0.0853864 0.0958768 0.107085 0.118981 0.13152 0.144649 0.158303 0.172407 0.186877 0.20162 0.216538 0.231527 0.246478 0.261283 0.275831 0.290012 0.30372 0.316852 0.32931 0.341001 0.35184 0.36175 0.370659 0.378505 0.385236 0.390804 0.395173 0.398315 0.400208 0.40084 0.400208 0.398315 0.395173 0.390804 0.385236 0.378505 0.370659 0.36175 0.35184 0.341001 0.32931 0.316852 0.30372 0.290012 0.275831 0.261283 0.246478 0.231527 0.216538 0.20162 0.186877 0.172407 0.158303 0.144649 0.13152 0.118981 0.107085 0.0958768 0.0853864 0.0756346 0.0666308 0.0583743 0.0508549 0.044054 0.037946 0.032499 0.0276765 0.0234387 0.0197434 0.0165477 0.0138087 0.0114849 0.00953665 0.00792758 0.00662475 0.00559943 0.00482756 0.00429007 0.00397314 
0.00435903 0.00447611 0.00483044 0.00543117 0.00629344 0.00743816 0.00889167 0.0106853 0.0128551 0.0154406 0.0184848 0.0220325 0.0261301 0.0308236 0.0361578 0.0421751 0.0489137 0.0564064 0.0646792 0.0737501 0.0836277 0.0943101 0.105784 0.118026 0.130997 0.144649 0.158921 0.17374 0.189022 0.204676 0.220599 0.236686 0.252823 0.268895 0.284784 0.300373 0.315546 0.330192 0.344202 0.357475 0.369916 0.381436 0.391956 0.401404 0.409718 0.416844 0.422735 0.427355 0.430675 0.432676 0.433344 0.432676 0.430675 0.427355 0.422735 0.416844 0.409718 0.401404 0.391956 0.381436 0.369916 0.357475 0.344202 0.330192 0.315546 0.300373 0.284784 0.268895 0.252823 0.236686 0.220599 0.204676 0.189022 0.17374 0.158921 0.144649 0.130997 0.118026 0.105784 0.0943101 0.0836277 0.0737501 0.0646792 0.0564064 0.0489137 0.0421751 0.0361578 0.0308236 0.0261301 0.0220325 0.0184848 0.0154406 0.0128551 0.0106853 0.00889167 0.00743816 0.00629344 0.00543117 0.00483044 0.00447611 
0.00488582 0.00501607 0.00541016 0.0060781 0.00703641 0.00830786 0.00992115 0.0119104 0.0143145 0.0171765 0.0205427 0.0244614 0.0289822 0.0341541 0.0400249 0.0466389 0.0540359 0.0622497 0.0713061 0.0812222 0.0920046 0.103648 0.116137 0.129439 0.143513 0.158303 0.17374 0.189742 0.206218 0.223068 0.24018 0.257439 0.274724 0.291911 0.308876 0.325494 0.341644 0.357209 0.372077 0.386144 0.39931 0.411487 0.422595 0.43256 0.441321 0.448823 0.455021 0.459879 0.463369 0.46547 0.466172 0.46547 0.463369 0.459879 0.455021 0.448823 0.441321 0.43256 0.422595 0.411487 0.39931 0.386144 0.372077 0.357209 0.341644 0.325494 0.308876 0.291911 0.274724 0.257439 0.24018 0.223068 0.206218 0.189742 0.17374 0.158303 0.143513 0.129439 0.116137 0.103648 0.0920046 0.0812222 0.0713061 0.0622497 0.0540359 0.0466389 0.0400249 0.0341541 0.0289822 0.0244614 0.0205427 0.0171765 0.0143145 0.0119104 0.00992115 0.00830786 0.00703641 0.0060781 0.00541016 0.00501607 
0.00544751 0.00559166 0.00602774 0.00676662 0.00782624 0.0092313 0.0110129 0.0132079 0.0158583 0.0190105 0.0227141 0.027021 0.0319839 0.0376549 0.0440843 0.0513184 0.0593984 0.0683586 0.0782245 0.0890117 0.100724 0.113354 0.12688 0.141266 0.156463 0.172407 0.189022 0.206218 0.223895 0.241943 0.260242 0.278667 0.29709 0.315379 0.333401 0.351027 0.36813 0.384588 0.400285 0.415115 0.428978 0.441782 0.453448 0.463902 0.473084 0.48094 0.487426 0.492506 0.496154 0.49835 0.499084 0.49835 0.496154 0.492506 0.487426 0.48094 0.473084 0.463902 0.453448 0.441782 0.428978 0.415115 0.400285 0.384588 0.36813 0.351027 0.333401 0.315379 0.29709 0.278667 0.260242 0.241943 0.223895 0.206218 0.189022 0.172407 0.156463 0.141266 0.12688 0.113354 0.100724 0.0890117 0.0782245 0.0683586 0.0593984 0.0513184 0.0440843 0.0376549 0.0319839 0.027021 0.0227141 0.0190105 0.0158583 0.0132079 0.0110129 0.0092313 0.00782624 0.00676662 0.00602774 0.00559166 
0.00604213 0.00620086 0.00668097 0.00749422 0.00865997 0.0102049 0.0121625 0.0145724 0.0174799 0.0209345 0.0249894 0.0296997 0.0351213 0.0413093 0.0483163 0.0561905 0.0649741 0.0747016 0.0853979 0.0970767 0.10974 0.123374 0.137954 0.153438 0.169769 0.186877 0.204676 0.223068 0.241943 0.261182 0.280657 0.300233 0.319775 0.339141 0.358195 0.376798 0.394821 0.412137 0.428628 0.444185 0.458706 0.472102 0.484291 0.495202 0.504776 0.512959 0.519711 0.524996 0.528789 0.531072 0.531834 0.531072 0.528789 0.524996 0.519711 0.512959 0.504776 0.495202 0.484291 0.472102 0.458706 0.444185 0.428628 0.412137 0.394821 0.376798 0.358195 0.339141 0.319775 0.300233 0.280657 0.261182 0.241943 0.223068 0.204676 0.186877 0.169769 0.153438 0.137954 0.123374 0.10974 0.0970767 0.0853979 0.0747016 0.0649741 0.0561905 0.0483163 0.0413093 0.0351213 0.0296997 0.0249894 0.0209345 0.0174799 0.0145724 0.0121625 0.0102049 0.00865997 0.00749422 0.00668097 0.00620086 
0.00666705 0.00684095 0.00736691 0.00825755 0.0095337 0.011224 0.0133644 0.0159973 0.0191712 0.0229388 0.0273567 0.0324834 0.0383777 0.0450975 0.0526977 0.0612279 0.0707314 0.0812423 0.0927845 0.10537 0.118996 0.133647 0.149291 0.165879 0.183349 0.20162 0.220599 0.24018 0.260242 0.280657 0.301287 0.321991 0.342623 0.363035 0.383084 0.402628 0.42153 0.439663 0.456904 0.473145 0.488282 0.502228 0.514901 0.526233 0.536165 0.544647 0.551639 0.557109 0.561033 0.563394 0.564182 0.563394 0.561033 0.557109 0.551639 0.544647 0.536165 0.526233 0.514901 0.502228 0.488282 0.473145 0.456904 0.439663 0.42153 0.402628 0.383084 0.363035 0.342623 0.321991 0.301287 0.280657 0.260242 0.24018 0.220599 0.20162 0.183349 0.165879 0.149291 0.133647 0.118996 0.10537 0.0927845 0.0812423 0.0707314 0.0612279 0.0526977 0.0450975 0.0383777 0.0324834 0.0273567 0.0229388 0.0191712 0.0159973 0.0133644 0.011224 0.0095337 0.00825755 0.00736691 0.00684095 
0.00731892 0.00750852 0.00808186 0.00905247 0.0104426 0.012283 0.0146118 0.0174745 0.0209224 0.0250117 0.0298022 0.0353554 0.0417334 0.0489965 0.0572015 0.0663995 0.0766341 0.0879393 0.100337 0.113837 0.128434 0.144106 0.160815 0.178507 0.197111 0.216538 0.236686 0.257439 0.278667 0.300233 0.321991 0.343789 0.365475 0.386894 0.407896 0.428334 0.448069 0.466969 0.484912 0.501788 0.517495 0.531945 0.545059 0.556772 0.567026 0.575775 0.582982 0.588616 0.592655 0.595085 0.595896 0.595085 0.592655 0.588616 0.582982 0.575775 0.567026 0.556772 0.545059 0.531945 0.517495 0.501788 0.484912 0.466969 0.448069 0.428334 0.407896 0.386894 0.365475 0.343789 0.321991 0.300233 0.278667 0.257439 0.236686 0.216538 0.197111 0.178507 0.160815 0.144106 0.128434 0.113837 0.100337 0.0879393 0.0766341 0.0663995 0.0572015 0.0489965 0.0417334 0.0353554 0.0298022 0.0250117 0.0209224 0.0174745 0.0146118 0.012283 0.0104426 0.00905247 0.00808186 0.00750852 
0.00799372 0.00819942 0.00882138 0.00987402 0.011381 0.0133751 0.0158968 0.0189944 0.0227222 0.0271397 0.0323097 0.038297 0.0451663 0.0529803 0.0617976 0.0716705 0.0826426 0.0947472 0.108005 0.122422 0.137989 0.154679 0.172448 0.191235 0.21096 0.231527 0.252823 0.274724 0.29709 0.319775 0.342623 0.365475 0.38817 0.410548 0.432453 0.453735 0.47425 0.493864 0.512456 0.529914 0.54614 0.561045 0.574555 0.586606 0.597145 0.606129 0.613522 0.619298 0.623437 0.625926 0.626756 0.625926 0.623437 0.619298 0.613522 0.606129 0.597145 0.586606 0.574555 0.561045 0.54614 0.529914 0.512456 0.493864 0.47425 0.453735 0.432453 0.410548 0.38817 0.365475 0.342623 0.319775 0.29709 0.274724 0.252823 0.231527 0.21096 0.191235 0.172448 0.154679 0.137989 0.122422 0.108005 0.0947472 0.0826426 0.0716705 0.0617976 0.0529803 0.0451663 0.038297 0.0323097 0.0271397 0.0227222 0.0189944 0.0158968 0.0133751 0.011381 0.00987402 0.00882138 0.00819942 
0.00868676 0.00890887 0.00958034 0.0107165 0.0123424 0.0144926 0.0172103 0.0205463 0.0245579 0.0293077 0.0348615 0.041287 0.0486517 0.0570203 0.0664531 0.0770029 0.0887136 0.101617 0.115732 0.131061 0.147591 0.165289 0.184105 0.20397 0.224796 0.246478 0.268895 0.291911 0.315379 0.339141 0.363035 0.386894 0.410548 0.433833 0.456586 0.478654 0.499892 0.520163 0.539347 0.557332 0.574022 0.589332 0.603191 0.615537 0.626322 0.635506 0.643057 0.648953 0.653176 0.655714 0.656561 0.655714 0.653176 0.648953 0.643057 0.635506 0.626322 0.615537 0.603191 0.589332 0.574022 0.557332 0.539347 0.520163 0.499892 0.478654 0.456586 0.433833 0.410548 0.386894 0.363035 0.339141 0.315379 0.291911 0.268895 0.246478 0.224796 0.20397 0.184105 0.165289 0.147591 0.131061 0.115732 0.101617 0.0887136 0.0770029 0.0664531 0.0570203 0.0486517 0.041287 0.0348615 0.0293077 0.0245579 0.0205463 0.0172103 0.0144926 0.0123424 0.0107165 0.00958034 0.00890887 
0.00939275 0.00963143 0.0103529 0.0115733 0.0133192 0.0156271 0.0185423 0.0221183 0.0264154 0.031499 0.0374379 0.0443027 0.0521631 0.0610858 0.0711324 0.0823563 0.0948009 0.108497 0.12346 0.13969 0.157169 0.175858 0.1957 0.216619 0.238518 0.261283 0.284784 0.308876 0.333401 0.358195 0.383084 0.407896 0.432453 0.456586 0.480129 0.502923 0.524822 0.545691 0.565407 0.583863 0.600963 0.616626 0.630784 0.643382 0.654374 0.663724 0.671406 0.677399 0.681689 0.684267 0.685127 0.684267 0.681689 0.677399 0.671406 0.663724 0.654374 0.643382 0.630784 0.616626 0.600963 0.583863 0.565407 0.545691 0.524822 0.502923 0.480129 0.456586 0.432453 0.407896 0.383084 0.358195 0.333401 0.308876 0.284784 0.261283 0.238518 0.216619 0.1957 0.175858 0.157169 0.13969 0.12346 0.108497 0.0948009 0.0823563 0.0711324 0.0610858 0.0521631 0.0443027 0.0374379 0.031499 0.0264154 0.0221183 0.0185423 0.0156271 0.0133192 0.0115733 0.0103529 0.00963143 
0.0101058 0.0103611 0.0111327 0.0124375 0.0143036 0.0167691 0.0198817 0.0236975 0.0282794 0.0336957 0.0400181 0.0473195 0.055672 0.065144 0.075798 0.0876878 0.100856 0.115332 0.131129 0.148242 0.166648 0.186304 0.207144 0.229085 0.252022 0.275831 0.300373 0.325494 0.351027 0.376798 0.402628 0.428334 0.453735 0.478654 0.502923 0.526381 0.548879 0.570284 0.590473 0.609341 0.626796 0.642761 0.657172 0.669978 0.681138 0.690622 0.698407 0.704476 0.708818 0.711426 0.712295 0.711426 0.708818 0.704476 0.698407 0.690622 0.681138 0.669978 0.657172 0.642761 0.626796 0.609341 0.590473 0.570284 0.548879 0.526381 0.502923 0.478654 0.453735 0.428334 0.402628 0.376798 0.351027 0.325494 0.300373 0.275831 0.252022 0.229085 0.207144 0.186304 0.166648 0.148242 0.131129 0.115332 0.100856 0.0876878 0.075798 0.065144 0.055672 0.0473195 0.0400181 0.0336957 0.0282794 0.0236975 0.0198817 0.0167691 0.0143036 0.0124375 0.0111327 0.0103611 
0.0108195 0.0110913 0.0119126 0.0133013 0.0152866 0.0179085 0.0212169 0.0252701 0.0301339 0.035879 0.0425798 0.0503117 0.0591487 0.0691606 0.0804109 0.0929533 0.10683 0.122067 0.138676 0.156647 0.175953 0.196544 0.218348 0.241272 0.265204 0.290012 0.315546 0.341644 0.36813 0.394821 0.42153 0.448069 0.47425 0.499892 0.524822 0.548879 0.571914 0.593793 0.614395 0.633619 0.651375 0.667592 0.682209 0.695182 0.706475 0.716061 0.723922 0.730046 0.734425 0.737054 0.737931 0.737054 0.734425 0.730046 0.723922 0.716061 0.706475 0.695182 0.682209 0.667592 0.651375 0.633619 0.614395 0.593793 0.571914 0.548879 0.524822 0.499892 0.47425 0.448069 0.42153 0.394821 0.36813 0.341644 0.315546 0.290012 0.265204 0.241272 0.218348 0.196544 0.175953 0.156647 0.138676 0.122067 0.10683 0.0929533 0.0804109 0.0691606 0.0591487 0.0503117 0.0425798 0.035879 0.0301339 0.0252701 0.0212169 0.0179085 0.0152866 0.0133013 0.0119126 0.0110913 
0.0115272 0.0118152 0.0126855 0.0141567 0.0162593 0.0190349 0.0225355 0.0268217 0.0319618 0.038029 0.0451001 0.0532527 0.0625625 0.0731006 0.0849311 0.0981074 0.11267 0.128645 0.146038 0.164837 0.185009 0.206497 0.229223 0.253086 0.277966 0.30372 0.330192 0.357209 0.384588 0.412137 0.439663 0.466969 0.493864 0.520163 0.545691 0.570284 0.593793 0.616085 0.637043 0.656567 0.674573 0.690994 0.705775 0.718876 0.730266 0.739925 0.747838 0.753999 0.758401 0.761043 0.761924 0.761043 0.758401 0.753999 0.747838 0.739925 0.730266 0.718876 0.705775 0.690994 0.674573 0.656567 0.637043 0.616085 0.593793 0.570284 0.545691 0.520163 0.493864 0.466969 0.439663 0.412137 0.384588 0.357209 0.330192 0.30372 0.277966 0.253086 0.229223 0.206497 0.185009 0.164837 0.146038 0.128645 0.11267 0.0981074 0.0849311 0.0731006 0.0625625 0.0532527 0.0451001 0.038029 0.0319618 0.0268217 0.0225355 0.0190349 0.0162593 0.0141567 0.0126855 0.0118152 
0.0122216 0.0125255 0.0134435 0.0149951 0.0172119 0.0201371 0.0238247 0.0283375 0.0337458 0.0401256 0.0475556 0.0561153 0.0658822 0.0769284 0.0893181 0.103105 0.118327 0.135009 0.153153 0.172744 0.193741 0.216082 0.239683 0.264434 0.290207 0.316852 0.344202 0.372077 0.400285 0.428628 0.456904 0.484912 0.512456 0.539347 0.565407 0.590473 0.614395 0.637043 0.658301 0.678074 0.696282 0.712863 0.727767 0.74096 0.752416 0.762121 0.770065 0.776245 0.780659 0.783306 0.784189 0.783306 0.780659 0.776245 0.770065 0.762121 0.752416 0.74096 0.727767 0.712863 0.696282 0.678074 0.658301 0.637043 0.614395 0.590473 0.565407 0.539347 0.512456 0.484912 0.456904 0.428628 0.400285 0.372077 0.344202 0.316852 0.290207 0.264434 0.239683 0.216082 0.193741 0.172744 0.153153 0.135009 0.118327 0.103105 0.0893181 0.0769284 0.0658822 0.0561153 0.0475556 0.0401256 0.0337458 0.0283375 0.0238247 0.0201371 0.0172119 0.0149951 0.0134435 0.0125255 
0.0128957 0.0132148 0.0141789 0.0158079 0.0181347 0.0212041 0.0250716 0.0298022 0.0354685 0.0421482 0.0499224 0.0588723 0.0690766 0.0806083 0.0935319 0.1079 0.12375 0.141104 0.15996 0.180299 0.202075 0.225221 0.249643 0.275228 0.301836 0.32931 0.357475 0.386144 0.415115 0.444185 0.473145 0.501788 0.529914 0.557332 0.583863 0.609341 0.633619 0.656567 0.678074 0.698048 0.716414 0.733114 0.748105 0.761358 0.772853 0.782581 0.790537 0.79672 0.801134 0.803781 0.804663 0.803781 0.801134 0.79672 0.790537 0.782581 0.772853 0.761358 0.748105 0.733114 0.716414 0.698048 0.678074 0.656567 0.633619 0.609341 0.583863 0.557332 0.529914 0.501788 0.473145 0.444185 0.415115 0.386144 0.357475 0.32931 0.301836 0.275228 0.249643 0.225221 0.202075 0.180299 0.15996 0.141104 0.12375 0.1079 0.0935319 0.0806083 0.0690766 0.0588723 0.0499224 0.0421482 0.0354685 0.0298022 0.0250716 0.0212041 0.0181347 0.0158079 0.0141789 0.0132148 
