0.000610216 0.000621214 0.000654388 0.000710286 0.000789808 0.0008942 0.00102504 0.0011842 0.00137383 0.00159635 0.00185435 0.0021506 0.00248798 0.00286941 0.00329781 0.003776 0.00430668 0.0048923 0.00553501 0.00623655 0.00699823 0.00782079 0.00870436 0.00964839 0.0106516 0.0117118 0.0128261 0.0139907 0.0152009 0.0164512 0.0177352 0.0190456 0.0203744 0.021713 0.023052 0.0243817 0.0256918 0.0269719 0.0282113 0.0293994 0.0305258 0.0315803 0.0325532 0.0334352 0.034218 0.0348939 0.0354564 0.0358998 0.0362198 0.0364131 0.0364777 0.0364131 0.0362198 0.0358998 0.0354564 0.0348939 0.034218 0.0334352 0.0325532 0.0315803 0.0305258 0.0293994 0.0282113 0.0269719 0.0256918 0.0243817 0.023052 0.021713 0.0203744 0.0190456 0.0177352 0.0164512 0.0152009 0.0139907 0.0128261 0.0117118 0.0106516 0.00964839 0.00870436 0.00782079 0.00699823 0.00623655 0.00553501 0.0048923 0.00430668 0.003776 0.00329781 0.00286941 0.00248798 0.0021506 0.00185435 0.00159635 0.00137383 0.0011842 0.00102504 0.0008942 0.000789808 0.000710286 0.000654388 0.000621214 
0.000621214 0.000632394 0.000666121 0.000722947 0.000803786 0.000909901 0.00104289 0.00120465 0.00139736 0.00162347 0.0018856 0.00218657 0.00252927 0.00291667 0.00335172 0.00383728 0.00437606 0.00497055 0.00562289 0.00633487 0.00710778 0.00794236 0.00883872 0.0097963 0.0108137 0.0118889 0.0130188 0.0141996 0.0154264 0.0166938 0.0179951 0.0193231 0.0206696 0.0220259 0.0233825 0.0247295 0.0260566 0.0273531 0.0286084 0.0298117 0.0309524 0.0320201 0.0330052 0.0338982 0.0346907 0.0353751 0.0359445 0.0363934 0.0367173 0.036913 0.0369784 0.036913 0.0367173 0.0363934 0.0359445 0.0353751 0.0346907 0.0338982 0.0330052 0.0320201 0.0309524 0.0298117 0.0286084 0.0273531 0.0260566 0.0247295 0.0233825 0.0220259 0.0206696 0.0193231 0.0179951 0.0166938 0.0154264 0.0141996 0.0130188 0.0118889 0.0108137 0.0097963 0.00883872 0.00794236 0.00710778 0.00633487 0.00562289 0.00497055 0.00437606 0.00383728 0.00335172 0.00291667 0.00252927 0.00218657 0.0018856 0.00162347 0.00139736 0.00120465 0.00104289 0.000909901 0.000803786 0.000722947 0.000666121 0.000632394 
0.000654388 0.000666121 0.000701511 0.000761135 0.000845944 0.000957249 0.00109671 0.0012663 0.0014683 0.00170522 0.00197981 0.00229496 0.0026537 0.00305909 0.00351416 0.00402189 0.00458507 0.00520623 0.00588759 0.00663097 0.00743766 0.0083084 0.00924326 0.0102416 0.011302 0.0124221 0.0135989 0.0148282 0.0161051 0.0174237 0.0187773 0.0201581 0.0215578 0.0229673 0.0243767 0.0257758 0.0271539 0.0284999 0.0298028 0.0310515 0.032235 0.0333426 0.0343643 0.0352904 0.0361122 0.0368217 0.0374121 0.0378774 0.0382132 0.038416 0.0384838 0.038416 0.0382132 0.0378774 0.0374121 0.0368217 0.0361122 0.0352904 0.0343643 0.0333426 0.032235 0.0310515 0.0298028 0.0284999 0.0271539 0.0257758 0.0243767 0.0229673 0.0215578 0.0201581 0.0187773 0.0174237 0.0161051 0.0148282 0.0135989 0.0124221 0.011302 0.0102416 0.00924326 0.0083084 0.00743766 0.00663097 0.00588759 0.00520623 0.00458507 0.00402189 0.00351416 0.00305909 0.0026537 0.00229496 0.00197981 0.00170522 0.0014683 0.0012663 0.00109671 0.000957249 0.000845944 0.000761135 0.000701511 0.000666121 
0.000710286 0.000722947 0.000761135 0.000825464 0.000916946 0.00103698 0.00118732 0.00137008 0.00158767 0.00184277 0.00213828 0.00247727 0.00286294 0.00329852 0.00378723 0.00433217 0.00493627 0.00560219 0.00633223 0.00712826 0.0079916 0.00892295 0.00992233 0.010989 0.0121213 0.0133168 0.014572 0.0158826 0.0172433 0.0186477 0.0200886 0.0215579 0.0230466 0.024545 0.0260427 0.0275289 0.0289921 0.0304209 0.0318034 0.0331279 0.0343829 0.0355572 0.0366401 0.0376214 0.0384921 0.0392437 0.0398689 0.0403617 0.0407173 0.040932 0.0410038 0.040932 0.0407173 0.0403617 0.0398689 0.0392437 0.0384921 0.0376214 0.0366401 0.0355572 0.0343829 0.0331279 0.0318034 0.0304209 0.0289921 0.0275289 0.0260427 0.024545 0.0230466 0.0215579 0.0200886 0.0186477 0.0172433 0.0158826 0.014572 0.0133168 0.0121213 0.010989 0.00992233 0.00892295 0.0079916 0.00712826 0.00633223 0.00560219 0.00493627 0.00433217 0.00378723 0.00329852 0.00286294 0.00247727 0.00213828 0.00184277 0.00158767 0.00137008 0.00118732 0.00103698 0.000916946 0.000825464 0.000761135 0.000722947 
0.000789808 0.000803786 0.000845944 0.000916946 0.00101789 0.0011503 0.00131608 0.0015175 0.00175719 0.00203804 0.00236318 0.00273594 0.00315974 0.00363806 0.00417434 0.00477191 0.00543389 0.00616309 0.00696193 0.00783235 0.0087757 0.00979263 0.0108831 0.0120461 0.0132799 0.0145816 0.0159474 0.0173726 0.0188513 0.0203765 0.0219404 0.0235342 0.0251481 0.0267716 0.0283936 0.0300022 0.0315852 0.0331302 0.0346245 0.0360556 0.0374111 0.038679 0.0398477 0.0409067 0.0418459 0.0426565 0.0433308 0.0438621 0.0442454 0.0444769 0.0445543 0.0444769 0.0442454 0.0438621 0.0433308 0.0426565 0.0418459 0.0409067 0.0398477 0.038679 0.0374111 0.0360556 0.0346245 0.0331302 0.0315852 0.0300022 0.0283936 0.0267716 0.0251481 0.0235342 0.0219404 0.0203765 0.0188513 0.0173726 0.0159474 0.0145816 0.0132799 0.0120461 0.0108831 0.00979263 0.0087757 0.00783235 0.00696193 0.00616309 0.00543389 0.00477191 0.00417434 0.00363806 0.00315974 0.00273594 0.00236318 0.00203804 0.00175719 0.0015175 0.00131608 0.0011503 0.00101789 0.000916946 0.000845944 0.000803786 
0.0008942 0.000909901 0.000957249 0.00103698 0.0011503 0.00129888 0.00148483 0.00171064 0.0019792 0.00229368 0.0026575 0.00307432 0.00354786 0.00408191 0.00468022 0.00534638 0.00608374 0.00689533 0.00778371 0.00875091 0.00979829 0.0109265 0.0121352 0.0134234 0.0147889 0.0162285 0.0177378 0.0193116 0.0209432 0.022625 0.0243482 0.0261031 0.0278791 0.0296645 0.031447 0.0332139 0.0349518 0.0366469 0.0382857 0.0398544 0.0413396 0.0427282 0.0440079 0.0451669 0.0461946 0.0470814 0.0478188 0.0483999 0.0488189 0.049072 0.0491567 0.049072 0.0488189 0.0483999 0.0478188 0.0470814 0.0461946 0.0451669 0.0440079 0.0427282 0.0413396 0.0398544 0.0382857 0.0366469 0.0349518 0.0332139 0.031447 0.0296645 0.0278791 0.0261031 0.0243482 0.022625 0.0209432 0.0193116 0.0177378 0.0162285 0.0147889 0.0134234 0.0121352 0.0109265 0.00979829 0.00875091 0.00778371 0.00689533 0.00608374 0.00534638 0.00468022 0.00408191 0.00354786 0.00307432 0.0026575 0.00229368 0.0019792 0.00171064 0.00148483 0.00129888 0.0011503 0.00103698 0.000957249 0.000909901 
0.00102504 0.00104289 0.00109671 0.00118732 0.00131608 0.00148483 0.00169591 0.00195213 0.00225665 0.002613 0.00302499 0.00349662 0.00403203 0.00463538 0.00531076 0.00606211 0.00689306 0.00780688 0.00880631 0.00989347 0.0110697 0.0123357 0.0136909 0.0151339 0.0166623 0.0182722 0.0199588 0.021716 0.0235363 0.0254112 0.0273308 0.0292844 0.0312599 0.0332446 0.0352249 0.0371864 0.0391146 0.0409944 0.0428107 0.0445484 0.0461929 0.0477298 0.0491455 0.0504273 0.0515636 0.0525437 0.0533586 0.0540006 0.0544636 0.0547431 0.0548366 0.0547431 0.0544636 0.0540006 0.0533586 0.0525437 0.0515636 0.0504273 0.0491455 0.0477298 0.0461929 0.0445484 0.0428107 0.0409944 0.0391146 0.0371864 0.0352249 0.0332446 0.0312599 0.0292844 0.0273308 0.0254112 0.0235363 0.021716 0.0199588 0.0182722 0.0166623 0.0151339 0.0136909 0.0123357 0.0110697 0.00989347 0.00880631 0.00780688 0.00689306 0.00606211 0.00531076 0.00463538 0.00403203 0.00349662 0.00302499 0.002613 0.00225665 0.00195213 0.00169591 0.00148483 0.00131608 0.00118732 0.00109671 0.00104289 
0.0011842 0.00120465 0.0012663 0.00137008 0.0015175 0.00171064 0.00195213 0.00224507 0.00259304 0.00299996 0.00347008 0.00400785 0.00461786 0.00530471 0.00607293 0.00692683 0.00787038 0.00890713 0.01004 0.0112712 0.0126022 0.0140334 0.0155642 0.0171928 0.0189162 0.02073 0.0226286 0.024605 0.0266508 0.0287562 0.0309103 0.0331007 0.0353141 0.0375362 0.0397519 0.0419452 0.0440999 0.0461992 0.0482265 0.0501651 0.0519987 0.0537116 0.0552888 0.0567164 0.0579814 0.0590723 0.059979 0.0606933 0.0612083 0.0615192 0.0616232 0.0615192 0.0612083 0.0606933 0.059979 0.0590723 0.0579814 0.0567164 0.0552888 0.0537116 0.0519987 0.0501651 0.0482265 0.0461992 0.0440999 0.0419452 0.0397519 0.0375362 0.0353141 0.0331007 0.0309103 0.0287562 0.0266508 0.024605 0.0226286 0.02073 0.0189162 0.0171928 0.0155642 0.0140334 0.0126022 0.0112712 0.01004 0.00890713 0.00787038 0.00692683 0.00607293 0.00530471 0.00461786 0.00400785 0.00347008 0.00299996 0.00259304 0.00224507 0.00195213 0.00171064 0.0015175 0.00137008 0.0012663 0.00120465 
0.00137383 0.00139736 0.0014683 0.00158767 0.00175719 0.0019792 0.00225665 0.00259304 0.00299237 0.00345905 0.00399782 0.00461366 0.00531167 0.00609699 0.0069746 0.00794925 0.00902532 0.0102066 0.0114964 0.0128968 0.0144094 0.0160344 0.017771 0.0196169 0.0215686 0.0236209 0.0257674 0.0279999 0.0303089 0.0326833 0.0351106 0.037577 0.0400675 0.0425659 0.0450554 0.0475181 0.0499359 0.0522901 0.0545623 0.0567339 0.0587869 0.0607039 0.0624683 0.0640646 0.0654787 0.0666978 0.067711 0.0685088 0.069084 0.0694313 0.0695474 0.0694313 0.069084 0.0685088 0.067711 0.0666978 0.0654787 0.0640646 0.0624683 0.0607039 0.0587869 0.0567339 0.0545623 0.0522901 0.0499359 0.0475181 0.0450554 0.0425659 0.0400675 0.037577 0.0351106 0.0326833 0.0303089 0.0279999 0.0257674 0.0236209 0.0215686 0.0196169 0.017771 0.0160344 0.0144094 0.0128968 0.0114964 0.0102066 0.00902532 0.00794925 0.0069746 0.00609699 0.00531167 0.00461366 0.00399782 0.00345905 0.00299237 0.00259304 0.00225665 0.0019792 0.00175719 0.00158767 0.0014683 0.00139736 
0.00159635 0.00162347 0.00170522 0.00184277 0.00203804 0.00229368 0.002613 0.00299996 0.00345905 0.00399521 0.00461376 0.00532028 0.00612045 0.00701997 0.00802438 0.00913893 0.0103684 0.0117169 0.0131879 0.0147839 0.016506 0.0183546 0.0203283 0.0224245 0.0246388 0.0269654 0.0293966 0.0319232 0.0345341 0.0372169 0.0399573 0.0427396 0.0455471 0.0483615 0.0511638 0.0539341 0.0566521 0.0592971 0.0618484 0.0642854 0.0665882 0.0687375 0.0707148 0.0725031 0.0740867 0.0754516 0.0765856 0.0774784 0.078122 0.0785106 0.0786405 0.0785106 0.078122 0.0774784 0.0765856 0.0754516 0.0740867 0.0725031 0.0707148 0.0687375 0.0665882 0.0642854 0.0618484 0.0592971 0.0566521 0.0539341 0.0511638 0.0483615 0.0455471 0.0427396 0.0399573 0.0372169 0.0345341 0.0319232 0.0293966 0.0269654 0.0246388 0.0224245 0.0203283 0.0183546 0.016506 0.0147839 0.0131879 0.0117169 0.0103684 0.00913893 0.00802438 0.00701997 0.00612045 0.00532028 0.00461376 0.00399521 0.00345905 0.00299996 0.002613 0.00229368 0.00203804 0.00184277 0.00170522 0.00162347 
0.00185435 0.0018856 0.00197981 0.00213828 0.00236318 0.0026575 0.00302499 0.00347008 0.00399782 0.00461376 0.00532387 0.00613437 0.00705162 0.00808193 0.00923145 0.010506 0.0119107 0.0134502 0.015128 0.0169467 0.0189076 0.0210106 0.023254 0.0256345 0.028147 0.0307847 0.0335386 0.0363982 0.0393509 0.0423823 0.0454763 0.0486154 0.0517804 0.0549509 0.0581055 0.0612221 0.0642778 0.0672497 0.0701146 0.0728497 0.0754328 0.0778426 0.0800586 0.0820621 0.0838356 0.0853638 0.086633 0.0876322 0.0883524 0.088787 0.0889324 0.088787 0.0883524 0.0876322 0.086633 0.0853638 0.0838356 0.0820621 0.0800586 0.0778426 0.0754328 0.0728497 0.0701146 0.0672497 0.0642778 0.0612221 0.0581055 0.0549509 0.0517804 0.0486154 0.0454763 0.0423823 0.0393509 0.0363982 0.0335386 0.0307847 0.028147 0.0256345 0.023254 0.0210106 0.0189076 0.0169467 0.015128 0.0134502 0.0119107 0.010506 0.00923145 0.00808193 0.00705162 0.00613437 0.00532387 0.00461376 0.00399782 0.00347008 0.00302499 0.0026575 0.00236318 0.00213828 0.00197981 0.0018856 
0.0021506 0.00218657 0.00229496 0.00247727 0.00273594 0.00307432 0.00349662 0.00400785 0.00461366 0.00532028 0.00613437 0.00706289 0.00811291 0.00929145 0.0106053 0.0120608 0.0136637 0.0154188 0.0173301 0.0194001 0.02163 0.0240193 0.026566 0.0292661 0.0321134 0.0351 0.0382156 0.0414481 0.044783 0.0482041 0.0516932 0.0552303 0.0587939 0.0623612 0.0659081 0.0694098 0.072841 0.0761759 0.0793889 0.0824546 0.0853486 0.088047 0.0905275 0.0927691 0.0947528 0.0964615 0.0978804 0.0989972 0.0998019 0.100288 0.10045 0.100288 0.0998019 0.0989972 0.0978804 0.0964615 0.0947528 0.0927691 0.0905275 0.088047 0.0853486 0.0824546 0.0793889 0.0761759 0.072841 0.0694098 0.0659081 0.0623612 0.0587939 0.0552303 0.0516932 0.0482041 0.044783 0.0414481 0.0382156 0.0351 0.0321134 0.0292661 0.026566 0.0240193 0.02163 0.0194001 0.0173301 0.0154188 0.0136637 0.0120608 0.0106053 0.00929145 0.00811291 0.00706289 0.00613437 0.00532028 0.00461366 0.00400785 0.00349662 0.00307432 0.00273594 0.00247727 0.00229496 0.00218657 
0.00248798 0.00252927 0.0026537 0.00286294 0.00315974 0.00354786 0.00403203 0.00461786 0.00531167 0.00612045 0.00705162 0.00811291 0.0093122 0.0106572 0.0121555 0.013814 0.0156389 0.0176355 0.0198078 0.0221585 0.0246887 0.0273975 0.0302821 0.0333379 0.0365575 0.0399318 0.0434489 0.0470949 0.0508534 0.0547059 0.0586318 0.0626087 0.0666124 0.0706173 0.0745965 0.0785223 0.0823665 0.0861005 0.089696 0.0931248 0.0963598 0.0993747 0.102145 0.104648 0.106861 0.108768 0.11035 0.111596 0.112493 0.113034 0.113215 0.113034 0.112493 0.111596 0.11035 0.108768 0.106861 0.104648 0.102145 0.0993747 0.0963598 0.0931248 0.089696 0.0861005 0.0823665 0.0785223 0.0745965 0.0706173 0.0666124 0.0626087 0.0586318 0.0547059 0.0508534 0.0470949 0.0434489 0.0399318 0.0365575 0.0333379 0.0302821 0.0273975 0.0246887 0.0221585 0.0198078 0.0176355 0.0156389 0.013814 0.0121555 0.0106572 0.0093122 0.00811291 0.00705162 0.00612045 0.00531167 0.00461786 0.00403203 0.00354786 0.00315974 0.00286294 0.0026537 0.00252927 
0.00286941 0.00291667 0.00305909 0.00329852 0.00363806 0.00408191 0.00463538 0.00530471 0.00609699 0.00701997 0.00808193 0.00929145 0.0106572 0.0121879 0.0138915 0.0157758 0.0178475 0.0201122 0.0225742 0.0252361 0.0280987 0.0311609 0.0344191 0.0378675 0.0414978 0.0452993 0.0492583 0.053359 0.0575828 0.0619087 0.0663136 0.0707722 0.0752574 0.0797406 0.084192 0.0885807 0.0928752 0.0970441 0.101056 0.10488 0.108485 0.111844 0.114929 0.117715 0.120178 0.122299 0.124059 0.125443 0.126441 0.127043 0.127244 0.127043 0.126441 0.125443 0.124059 0.122299 0.120178 0.117715 0.114929 0.111844 0.108485 0.10488 0.101056 0.0970441 0.0928752 0.0885807 0.084192 0.0797406 0.0752574 0.0707722 0.0663136 0.0619087 0.0575828 0.053359 0.0492583 0.0452993 0.0414978 0.0378675 0.0344191 0.0311609 0.0280987 0.0252361 0.0225742 0.0201122 0.0178475 0.0157758 0.0138915 0.0121879 0.0106572 0.00929145 0.00808193 0.00701997 0.00609699 0.00530471 0.00463538 0.00408191 0.00363806 0.00329852 0.00305909 0.00291667 
0.00329781 0.00335172 0.00351416 0.00378723 0.00417434 0.00468022 0.00531076 0.00607293 0.0069746 0.00802438 0.00923145 0.0106053 0.0121555 0.0138915 0.0158223 0.017956 0.0203001 0.0228605 0.0256415 0.0286458 0.031874 0.0353241 0.038992 0.0428708 0.0469507 0.0512193 0.0556611 0.0602579 0.0649889 0.0698303 0.0747561 0.0797382 0.0847462 0.0897482 0.0947111 0.0996007 0.104382 0.109021 0.113482 0.117732 0.121737 0.125467 0.12889 0.13198 0.134712 0.137063 0.139014 0.140548 0.141653 0.14232 0.142543 0.14232 0.141653 0.140548 0.139014 0.137063 0.134712 0.13198 0.12889 0.125467 0.121737 0.117732 0.113482 0.109021 0.104382 0.0996007 0.0947111 0.0897482 0.0847462 0.0797382 0.0747561 0.0698303 0.0649889 0.0602579 0.0556611 0.0512193 0.0469507 0.0428708 0.038992 0.0353241 0.031874 0.0286458 0.0256415 0.0228605 0.0203001 0.017956 0.0158223 0.0138915 0.0121555 0.0106053 0.00923145 0.00802438 0.0069746 0.00607293 0.00531076 0.00468022 0.00417434 0.00378723 0.00351416 0.00335172 
0.003776 0.00383728 0.00402189 0.00433217 0.00477191 0.00534638 0.00606211 0.00692683 0.00794925 0.00913893 0.010506 0.0120608 0.013814 0.0157758 0.017956 0.0203636 0.0230063 0.0258905 0.0290206 0.0323992 0.0360265 0.0398998 0.0440142 0.0483613 0.0529299 0.0577057 0.0626711 0.0678056 0.0730854 0.0784841 0.0839726 0.0895193 0.0950906 0.100651 0.106164 0.111592 0.116896 0.122039 0.126981 0.131687 0.13612 0.140245 0.14403 0.147445 0.150463 0.15306 0.155214 0.156908 0.158128 0.158863 0.159109 0.158863 0.158128 0.156908 0.155214 0.15306 0.150463 0.147445 0.14403 0.140245 0.13612 0.131687 0.126981 0.122039 0.116896 0.111592 0.106164 0.100651 0.0950906 0.0895193 0.0839726 0.0784841 0.0730854 0.0678056 0.0626711 0.0577057 0.0529299 0.0483613 0.0440142 0.0398998 0.0360265 0.0323992 0.0290206 0.0258905 0.0230063 0.0203636 0.017956 0.0157758 0.013814 0.0120608 0.010506 0.00913893 0.00794925 0.00692683 0.00606211 0.00534638 0.00477191 0.00433217 0.00402189 0.00383728 
0.00430668 0.00437606 0.00458507 0.00493627 0.00543389 0.00608374 0.00689306 0.00787038 0.00902532 0.0103684 0.0119107 0.0136637 0.0156389 0.0178475 0.0203001 0.0230063 0.0259744 0.0292111 0.0327208 0.0365059 0.0405662 0.0448982 0.0494958 0.0543493 0.0594457 0.0647687 0.0702984 0.0760115 0.0818814 0.0878785 0.0939704 0.100122 0.106296 0.112454 0.118554 0.124556 0.130417 0.136096 0.141551 0.146741 0.151627 0.156172 0.160341 0.1641 0.167422 0.170278 0.172647 0.174509 0.17585 0.176659 0.176929 0.176659 0.17585 0.174509 0.172647 0.170278 0.167422 0.1641 0.160341 0.156172 0.151627 0.146741 0.141551 0.136096 0.130417 0.124556 0.118554 0.112454 0.106296 0.100122 0.0939704 0.0878785 0.0818814 0.0760115 0.0702984 0.0647687 0.0594457 0.0543493 0.0494958 0.0448982 0.0405662 0.0365059 0.0327208 0.0292111 0.0259744 0.0230063 0.0203001 0.0178475 0.0156389 0.0136637 0.0119107 0.0103684 0.00902532 0.00787038 0.00689306 0.00608374 0.00543389 0.00493627 0.00458507 0.00437606 
0.0048923 0.00497055 0.00520623 0.00560219 0.00616309 0.00689533 0.00780688 0.00890713 0.0102066 0.0117169 0.0134502 0.0154188 0.0176355 0.0201122 0.0228605 0.0258905 0.0292111 0.0328291 0.0367491 0.0409731 0.0455003 0.0503264 0.0554438 0.0608415 0.0665046 0.0724142 0.078548 0.0848799 0.0913801 0.0980156 0.104751 0.111546 0.118361 0.125152 0.131875 0.138485 0.144936 0.151182 0.157177 0.162878 0.168243 0.17323 0.177802 0.181924 0.185564 0.188693 0.191287 0.193327 0.194795 0.195681 0.195977 0.195681 0.194795 0.193327 0.191287 0.188693 0.185564 0.181924 0.177802 0.17323 0.168243 0.162878 0.157177 0.151182 0.144936 0.138485 0.131875 0.125152 0.118361 0.111546 0.104751 0.0980156 0.0913801 0.0848799 0.078548 0.0724142 0.0665046 0.0608415 0.0554438 0.0503264 0.0455003 0.0409731 0.0367491 0.0328291 0.0292111 0.0258905 0.0228605 0.0201122 0.0176355 0.0154188 0.0134502 0.0117169 0.0102066 0.00890713 0.00780688 0.00689533 0.00616309 0.00560219 0.00520623 0.00497055 
0.00553501 0.00562289 0.00588759 0.00633223 0.00696193 0.00778371 0.00880631 0.01004 0.0114964 0.0131879 0.015128 0.0173301 0.0198078 0.0225742 0.0256415 0.0290206 0.0327208 0.0367491 0.04111 0.0458051 0.0508329 0.056188 0.0618616 0.0678406 0.0741081 0.0806428 0.0874196 0.0944092 0.101578 0.108891 0.116307 0.123783 0.131274 0.138734 0.146114 0.153364 0.160434 0.167275 0.173838 0.180075 0.18594 0.191389 0.196383 0.200883 0.204855 0.208269 0.211099 0.213322 0.214923 0.215888 0.216211 0.215888 0.214923 0.213322 0.211099 0.208269 0.204855 0.200883 0.196383 0.191389 0.18594 0.180075 0.173838 0.167275 0.160434 0.153364 0.146114 0.138734 0.131274 0.123783 0.116307 0.108891 0.101578 0.0944092 0.0874196 0.0806428 0.0741081 0.0678406 0.0618616 0.056188 0.0508329 0.0458051 0.04111 0.0367491 0.0327208 0.0290206 0.0256415 0.0225742 0.0198078 0.0173301 0.015128 0.0131879 0.0114964 0.01004 0.00880631 0.00778371 0.00696193 0.00633223 0.00588759 0.00562289 
0.00623655 0.00633487 0.00663097 0.00712826 0.00783235 0.00875091 0.00989347 0.0112712 0.0128968 0.0147839 0.0169467 0.0194001 0.0221585 0.0252361 0.0286458 0.0323992 0.0365059 0.0409731 0.0458051 0.0510031 0.0565645 0.0624829 0.0687478 0.0753442 0.0822528 0.0894498 0.0969068 0.104591 0.112467 0.120492 0.128624 0.136816 0.145018 0.153179 0.161246 0.169165 0.176882 0.184344 0.191497 0.198292 0.204677 0.210608 0.216039 0.220931 0.225248 0.228956 0.232029 0.234444 0.236181 0.237229 0.237579 0.237229 0.236181 0.234444 0.232029 0.228956 0.225248 0.220931 0.216039 0.210608 0.204677 0.198292 0.191497 0.184344 0.176882 0.169165 0.161246 0.153179 0.145018 0.136816 0.128624 0.120492 0.112467 0.104591 0.0969068 0.0894498 0.0822528 0.0753442 0.0687478 0.0624829 0.0565645 0.0510031 0.0458051 0.0409731 0.0365059 0.0323992 0.0286458 0.0252361 0.0221585 0.0194001 0.0169467 0.0147839 0.0128968 0.0112712 0.00989347 0.00875091 0.00783235 0.00712826 0.00663097 0.00633487 
0.00699823 0.00710778 0.00743766 0.0079916 0.0087757 0.00979829 0.0110697 0.0126022 0.0144094 0.016506 0.0189076 0.02163 0.0246887 0.0280987 0.031874 0.0360265 0.0405662 0.0455003 0.0508329 0.0565645 0.0626916 0.0692064 0.0760965 0.0833449 0.0909297 0.0988241 0.106996 0.115411 0.124027 0.132799 0.141681 0.15062 0.159563 0.168454 0.177236 0.18585 0.194239 0.202344 0.21011 0.21748 0.224404 0.23083 0.236712 0.242008 0.246679 0.250691 0.254014 0.256624 0.258503 0.259635 0.260014 0.259635 0.258503 0.256624 0.254014 0.250691 0.246679 0.242008 0.236712 0.23083 0.224404 0.21748 0.21011 0.202344 0.194239 0.18585 0.177236 0.168454 0.159563 0.15062 0.141681 0.132799 0.124027 0.115411 0.106996 0.0988241 0.0909297 0.0833449 0.0760965 0.0692064 0.0626916 0.0565645 0.0508329 0.0455003 0.0405662 0.0360265 0.031874 0.0280987 0.0246887 0.02163 0.0189076 0.016506 0.0144094 0.0126022 0.0110697 0.00979829 0.0087757 0.0079916 0.00743766 0.00710778 
0.00782079 0.00794236 0.0083084 0.00892295 0.00979263 0.0109265 0.0123357 0.0140334 0.0160344 0.0183546 0.0210106 0.0240193 0.0273975 0.0311609 0.0353241 0.0398998 0.0448982 0.0503264 0.056188 0.0624829 0.0692064 0.076349 0.0838966 0.0918297 0.100124 0.108748 0.117669 0.126845 0.136234 0.145784 0.155445 0.165161 0.174872 0.184519 0.19404 0.203372 0.212453 0.221221 0.229616 0.237578 0.245053 0.251987 0.258332 0.264041 0.269074 0.273395 0.276974 0.279784 0.281806 0.283025 0.283432 0.283025 0.281806 0.279784 0.276974 0.273395 0.269074 0.264041 0.258332 0.251987 0.245053 0.237578 0.229616 0.221221 0.212453 0.203372 0.19404 0.184519 0.174872 0.165161 0.155445 0.145784 0.136234 0.126845 0.117669 0.108748 0.100124 0.0918297 0.0838966 0.076349 0.0692064 0.0624829 0.056188 0.0503264 0.0448982 0.0398998 0.0353241 0.0311609 0.0273975 0.0240193 0.0210106 0.0183546 0.0160344 0.0140334 0.0123357 0.0109265 0.00979263 0.00892295 0.0083084 0.00794236 
0.00870436 0.00883872 0.00924326 0.00992233 0.0108831 0.0121352 0.0136909 0.0155642 0.017771 0.0203283 0.023254 0.026566 0.0302821 0.0344191 0.038992 0.0440142 0.0494958 0.0554438 0.0618616 0.0687478 0.0760965 0.0838966 0.0921317 0.10078 0.109813 0.119198 0.128897 0.138865 0.149054 0.15941 0.169876 0.180393 0.190896 0.201321 0.211602 0.22167 0.231461 0.240907 0.249944 0.258511 0.266548 0.274 0.280814 0.286943 0.292344 0.296979 0.300817 0.30383 0.305997 0.307303 0.30774 0.307303 0.305997 0.30383 0.300817 0.296979 0.292344 0.286943 0.280814 0.274 0.266548 0.258511 0.249944 0.240907 0.231461 0.22167 0.211602 0.201321 0.190896 0.180393 0.169876 0.15941 0.149054 0.138865 0.128897 0.119198 0.109813 0.10078 0.0921317 0.0838966 0.0760965 0.0687478 0.0618616 0.0554438 0.0494958 0.0440142 0.038992 0.0344191 0.0302821 0.026566 0.023254 0.0203283 0.017771 0.0155642 0.0136909 0.0121352 0.0108831 0.00992233 0.00924326 0.00883872 
0.00964839 0.0097963 0.0102416 0.010989 0.0120461 0.0134234 0.0151339 0.0171928 0.0196169 0.0224245 0.0256345 0.0292661 0.0333379 0.0378675 0.0428708 0.0483613 0.0543493 0.0608415 0.0678406 0.0753442 0.0833449 0.0918297 0.10078 0.11017 0.11997 0.130143 0.140646 0.151431 0.162445 0.173631 0.184925 0.196264 0.207578 0.218799 0.229855 0.240675 0.251188 0.261324 0.271014 0.280194 0.2888 0.296775 0.304063 0.310616 0.316388 0.321339 0.325438 0.328654 0.330968 0.332362 0.332828 0.332362 0.330968 0.328654 0.325438 0.321339 0.316388 0.310616 0.304063 0.296775 0.2888 0.280194 0.271014 0.261324 0.251188 0.240675 0.229855 0.218799 0.207578 0.196264 0.184925 0.173631 0.162445 0.151431 0.140646 0.130143 0.11997 0.11017 0.10078 0.0918297 0.0833449 0.0753442 0.0678406 0.0608415 0.0543493 0.0483613 0.0428708 0.0378675 0.0333379 0.0292661 0.0256345 0.0224245 0.0196169 0.0171928 0.0151339 0.0134234 0.0120461 0.010989 0.0102416 0.0097963 
0.0106516 0.0108137 0.011302 0.0121213 0.0132799 0.0147889 0.0166623 0.0189162 0.0215686 0.0246388 0.028147 0.0321134 0.0365575 0.0414978 0.0469507 0.0529299 0.0594457 0.0665046 0.0741081 0.0822528 0.0909297 0.100124 0.109813 0.11997 0.130561 0.141545 0.152875 0.164499 0.176359 0.188393 0.200533 0.21271 0.224851 0.236881 0.248725 0.260306 0.27155 0.282382 0.292731 0.302528 0.311707 0.320207 0.327972 0.334949 0.341092 0.34636 0.350719 0.354139 0.356599 0.358081 0.358576 0.358081 0.356599 0.354139 0.350719 0.34636 0.341092 0.334949 0.327972 0.320207 0.311707 0.302528 0.292731 0.282382 0.27155 0.260306 0.248725 0.236881 0.224851 0.21271 0.200533 0.188393 0.176359 0.164499 0.152875 0.141545 0.130561 0.11997 0.109813 0.100124 0.0909297 0.0822528 0.0741081 0.0665046 0.0594457 0.0529299 0.0469507 0.0414978 0.0365575 0.0321134 0.028147 0.0246388 0.0215686 0.0189162 0.0166623 0.0147889 0.0132799 0.0121213 0.011302 0.0108137 
0.0117118 0.0118889 0.0124221 0.0133168 0.0145816 0.0162285 0.0182722 0.02073 0.0236209 0.0269654 0.0307847 0.0351 0.0399318 0.0452993 0.0512193 0.0577057 0.0647687 0.0724142 0.0806428 0.0894498 0.0988241 0.108748 0.119198 0.130143 0.141545 0.153359 0.165535 0.178015 0.190737 0.203634 0.216634 0.229661 0.242639 0.255487 0.268125 0.280473 0.292452 0.303983 0.314992 0.325407 0.335158 0.344183 0.352422 0.359822 0.366334 0.371917 0.376534 0.380157 0.38276 0.384329 0.384854 0.384329 0.38276 0.380157 0.376534 0.371917 0.366334 0.359822 0.352422 0.344183 0.335158 0.325407 0.314992 0.303983 0.292452 0.280473 0.268125 0.255487 0.242639 0.229661 0.216634 0.203634 0.190737 0.178015 0.165535 0.153359 0.141545 0.130143 0.119198 0.108748 0.0988241 0.0894498 0.0806428 0.0724142 0.0647687 0.0577057 0.0512193 0.0452993 0.0399318 0.0351 0.0307847 0.0269654 0.0236209 0.02073 0.0182722 0.0162285 0.0145816 0.0133168 0.0124221 0.0118889 
0.0128261 0.0130188 0.0135989 0.014572 0.0159474 0.0177378 0.0199588 0.0226286 0.0257674 0.0293966 0.0335386 0.0382156 0.0434489 0.0492583 0.0556611 0.0626711 0.0702984 0.078548 0.0874196 0.0969068 0.106996 0.117669 0.128897 0.140646 0.152875 0.165535 0.17857 0.19192 0.205516 0.219286 0.233153 0.247038 0.260857 0.274527 0.287962 0.301078 0.313791 0.32602 0.337686 0.348715 0.359035 0.368579 0.377288 0.385106 0.391983 0.397876 0.402748 0.406569 0.409315 0.410969 0.411522 0.410969 0.409315 0.406569 0.402748 0.397876 0.391983 0.385106 0.377288 0.368579 0.359035 0.348715 0.337686 0.32602 0.313791 0.301078 0.287962 0.274527 0.260857 0.247038 0.233153 0.219286 0.205516 0.19192 0.17857 0.165535 0.152875 0.140646 0.128897 0.117669 0.106996 0.0969068 0.0874196 0.078548 0.0702984 0.0626711 0.0556611 0.0492583 0.0434489 0.0382156 0.0335386 0.0293966 0.0257674 0.0226286 0.0199588 0.0177378 0.0159474 0.014572 0.0135989 0.0130188 
0.0139907 0.0141996 0.0148282 0.0158826 0.0173726 0.0193116 0.021716 0.024605 0.0279999 0.0319232 0.0363982 0.0414481 0.0470949 0.053359 0.0602579 0.0678056 0.0760115 0.0848799 0.0944092 0.104591 0.115411 0.126845 0.138865 0.151431 0.164499 0.178015 0.19192 0.206147 0.220623 0.235271 0.25001 0.264754 0.279415 0.293905 0.308134 0.322014 0.335456 0.348377 0.360694 0.372329 0.383209 0.393265 0.402436 0.410664 0.417898 0.424094 0.429216 0.433231 0.436117 0.437855 0.438435 0.437855 0.436117 0.433231 0.429216 0.424094 0.417898 0.410664 0.402436 0.393265 0.383209 0.372329 0.360694 0.348377 0.335456 0.322014 0.308134 0.293905 0.279415 0.264754 0.25001 0.235271 0.220623 0.206147 0.19192 0.178015 0.164499 0.151431 0.138865 0.126845 0.115411 0.104591 0.0944092 0.0848799 0.0760115 0.0678056 0.0602579 0.053359 0.0470949 0.0414481 0.0363982 0.0319232 0.0279999 0.024605 0.021716 0.0193116 0.0173726 0.0158826 0.0148282 0.0141996 
0.0152009 0.0154264 0.0161051 0.0172433 0.0188513 0.0209432 0.0235363 0.0266508 0.0303089 0.0345341 0.0393509 0.044783 0.0508534 0.0575828 0.0649889 0.0730854 0.0818814 0.0913801 0.101578 0.112467 0.124027 0.136234 0.149054 0.162445 0.176359 0.190737 0.205516 0.220623 0.235981 0.251508 0.267116 0.282716 0.298214 0.313519 0.328534 0.343169 0.357331 0.370933 0.383889 0.396119 0.407548 0.418105 0.427726 0.436354 0.443936 0.450428 0.455791 0.459995 0.463015 0.464834 0.465442 0.464834 0.463015 0.459995 0.455791 0.450428 0.443936 0.436354 0.427726 0.418105 0.407548 0.396119 0.383889 0.370933 0.357331 0.343169 0.328534 0.313519 0.298214 0.282716 0.267116 0.251508 0.235981 0.220623 0.205516 0.190737 0.176359 0.162445 0.149054 0.136234 0.124027 0.112467 0.101578 0.0913801 0.0818814 0.0730854 0.0649889 0.0575828 0.0508534 0.044783 0.0393509 0.0345341 0.0303089 0.0266508 0.0235363 0.0209432 0.0188513 0.0172433 0.0161051 0.0154264 
0.0164512 0.0166938 0.0174237 0.0186477 0.0203765 0.022625 0.0254112 0.0287562 0.0326833 0.0372169 0.0423823 0.0482041 0.0547059 0.0619087 0.0698303 0.0784841 0.0878785 0.0980156 0.108891 0.120492 0.132799 0.145784 0.15941 0.173631 0.188393 0.203634 0.219286 0.235271 0.251508 0.267907 0.284378 0.300826 0.317152 0.33326 0.34905 0.364426 0.379294 0.393562 0.407142 0.419953 0.431915 0.442958 0.453016 0.462031 0.469949 0.476726 0.482322 0.486708 0.489858 0.491755 0.492389 0.491755 0.489858 0.486708 0.482322 0.476726 0.469949 0.462031 0.453016 0.442958 0.431915 0.419953 0.407142 0.393562 0.379294 0.364426 0.34905 0.33326 0.317152 0.300826 0.284378 0.267907 0.251508 0.235271 0.219286 0.203634 0.188393 0.173631 0.15941 0.145784 0.132799 0.120492 0.108891 0.0980156 0.0878785 0.0784841 0.0698303 0.0619087 0.0547059 0.0482041 0.0423823 0.0372169 0.0326833 0.0287562 0.0254112 0.022625 0.0203765 0.0186477 0.0174237 0.0166938 
0.0177352 0.0179951 0.0187773 0.0200886 0.0219404 0.0243482 0.0273308 0.0309103 0.0351106 0.0399573 0.0454763 0.0516932 0.0586318 0.0663136 0.0747561 0.0839726 0.0939704 0.104751 0.116307 0.128624 0.141681 0.155445 0.169876 0.184925 0.200533 0.216634 0.233153 0.25001 0.267116 0.284378 0.301701 0.318983 0.336122 0.353017 0.369565 0.385665 0.40122 0.416136 0.430322 0.443694 0.456172 0.467683 0.478162 0.487548 0.495788 0.502838 0.508658 0.513218 0.516492 0.518463 0.519121 0.518463 0.516492 0.513218 0.508658 0.502838 0.495788 0.487548 0.478162 0.467683 0.456172 0.443694 0.430322 0.416136 0.40122 0.385665 0.369565 0.353017 0.336122 0.318983 0.301701 0.284378 0.267116 0.25001 0.233153 0.216634 0.200533 0.184925 0.169876 0.155445 0.141681 0.128624 0.116307 0.104751 0.0939704 0.0839726 0.0747561 0.0663136 0.0586318 0.0516932 0.0454763 0.0399573 0.0351106 0.0309103 0.0273308 0.0243482 0.0219404 0.0200886 0.0187773 0.0179951 
0.0190456 0.0193231 0.0201581 0.0215579 0.0235342 0.0261031 0.0292844 0.0331007 0.037577 0.0427396 0.0486154 0.0552303 0.0626087 0.0707722 0.0797382 0.0895193 0.100122 0.111546 0.123783 0.136816 0.15062 0.165161 0.180393 0.196264 0.21271 0.229661 0.247038 0.264754 0.282716 0.300826 0.318983 0.337081 0.355014 0.372676 0.38996 0.406763 0.422984 0.438525 0.453294 0.467206 0.480178 0.492138 0.503019 0.512759 0.521307 0.528616 0.534648 0.539372 0.542764 0.544805 0.545487 0.544805 0.542764 0.539372 0.534648 0.528616 0.521307 0.512759 0.503019 0.492138 0.480178 0.467206 0.453294 0.438525 0.422984 0.406763 0.38996 0.372676 0.355014 0.337081 0.318983 0.300826 0.282716 0.264754 0.247038 0.229661 0.21271 0.196264 0.180393 0.165161 0.15062 0.136816 0.123783 0.111546 0.100122 0.0895193 0.0797382 0.0707722 0.0626087 0.0552303 0.0486154 0.0427396 0.037577 0.0331007 0.0292844 0.0261031 0.0235342 0.0215579 0.0201581 0.0193231 
0.0203744 0.0206696 0.0215578 0.0230466 0.0251481 0.0278791 0.0312599 0.0353141 0.0400675 0.0455471 0.0517804 0.0587939 0.0666124 0.0752574 0.0847462 0.0950906 0.106296 0.118361 0.131274 0.145018 0.159563 0.174872 0.190896 0.207578 0.224851 0.242639 0.260857 0.279415 0.298214 0.317152 0.336122 0.355014 0.373718 0.392123 0.410118 0.427598 0.444458 0.460599 0.475927 0.490354 0.503797 0.516184 0.527445 0.537521 0.546358 0.553912 0.560144 0.565023 0.568525 0.570633 0.571337 0.570633 0.568525 0.565023 0.560144 0.553912 0.546358 0.537521 0.527445 0.516184 0.503797 0.490354 0.475927 0.460599 0.444458 0.427598 0.410118 0.392123 0.373718 0.355014 0.336122 0.317152 0.298214 0.279415 0.260857 0.242639 0.224851 0.207578 0.190896 0.174872 0.159563 0.145018 0.131274 0.118361 0.106296 0.0950906 0.0847462 0.0752574 0.0666124 0.0587939 0.0517804 0.0455471 0.0400675 0.0353141 0.0312599 0.0278791 0.0251481 0.0230466 0.0215578 0.0206696 
0.021713 0.0220259 0.0229673 0.024545 0.0267716 0.0296645 0.0332446 0.0375362 0.0425659 0.0483615 0.0549509 0.0623612 0.0706173 0.0797406 0.0897482 0.100651 0.112454 0.125152 0.138734 0.153179 0.168454 0.184519 0.201321 0.218799 0.236881 0.255487 0.274527 0.293905 0.313519 0.33326 0.353017 0.372676 0.392123 0.411242 0.42992 0.448048 0.465519 0.482231 0.49809 0.513005 0.526894 0.539683 0.551302 0.561693 0.570803 0.578585 0.585004 0.590027 0.593632 0.595802 0.596526 0.595802 0.593632 0.590027 0.585004 0.578585 0.570803 0.561693 0.551302 0.539683 0.526894 0.513005 0.49809 0.482231 0.465519 0.448048 0.42992 0.411242 0.392123 0.372676 0.353017 0.33326 0.313519 0.293905 0.274527 0.255487 0.236881 0.218799 0.201321 0.184519 0.168454 0.153179 0.138734 0.125152 0.112454 0.100651 0.0897482 0.0797406 0.0706173 0.0623612 0.0549509 0.0483615 0.0425659 0.0375362 0.0332446 0.0296645 0.0267716 0.024545 0.0229673 0.0220259 
0.023052 0.0233825 0.0243767 0.0260427 0.0283936 0.031447 0.0352249 0.0397519 0.0450554 0.0511638 0.0581055 0.0659081 0.0745965 0.084192 0.0947111 0.106164 0.118554 0.131875 0.146114 0.161246 0.177236 0.19404 0.211602 0.229855 0.248725 0.268125 0.287962 0.308134 0.328534 0.34905 0.369565 0.38996 0.410118 0.42992 0.449249 0.467993 0.486044 0.503297 0.519656 0.535031 0.549339 0.562504 0.574458 0.585143 0.594505 0.6025 0.609091 0.614248 0.617948 0.620175 0.620918 0.620175 0.617948 0.614248 0.609091 0.6025 0.594505 0.585143 0.574458 0.562504 0.549339 0.535031 0.519656 0.503297 0.486044 0.467993 0.449249 0.42992 0.410118 0.38996 0.369565 0.34905 0.328534 0.308134 0.287962 0.268125 0.248725 0.229855 0.211602 0.19404 0.177236 0.161246 0.146114 0.131875 0.118554 0.106164 0.0947111 0.084192 0.0745965 0.0659081 0.0581055 0.0511638 0.0450554 0.0397519 0.0352249 0.031447 0.0283936 0.0260427 0.0243767 0.0233825 
0.0243817 0.0247295 0.0257758 0.0275289 0.0300022 0.0332139 0.0371864 0.0419452 0.0475181 0.0539341 0.0612221 0.0694098 0.0785223 0.0885807 0.0996007 0.111592 0.124556 0.138485 0.153364 0.169165 0.18585 0.203372 0.22167 0.240675 0.260306 0.280473 0.301078 0.322014 0.343169 0.364426 0.385665 0.406763 0.427598 0.448048 0.467993 0.487319 0.505915 0.523677 0.540505 0.556309 0.571007 0.584521 0.596786 0.607742 0.617338 0.625528 0.632278 0.637558 0.641345 0.643624 0.644384 0.643624 0.641345 0.637558 0.632278 0.625528 0.617338 0.607742 0.596786 0.584521 0.571007 0.556309 0.540505 0.523677 0.505915 0.487319 0.467993 0.448048 0.427598 0.406763 0.385665 0.364426 0.343169 0.322014 0.301078 0.280473 0.260306 0.240675 0.22167 0.203372 0.18585 0.169165 0.153364 0.138485 0.124556 0.111592 0.0996007 0.0885807 0.0785223 0.0694098 0.0612221 0.0539341 0.0475181 0.0419452 0.0371864 0.0332139 0.0300022 0.0275289 0.0257758 0.0247295 
0.0256918 0.0260566 0.0271539 0.0289921 0.0315852 0.0349518 0.0391146 0.0440999 0.0499359 0.0566521 0.0642778 0.072841 0.0823665 0.0928752 0.104382 0.116896 0.130417 0.144936 0.160434 0.176882 0.194239 0.212453 0.231461 0.251188 0.27155 0.292452 0.313791 0.335456 0.357331 0.379294 0.40122 0.422984 0.444458 0.465519 0.486044 0.505915 0.525022 0.543257 0.560521 0.576724 0.591781 0.605619 0.618169 0.629374 0.639182 0.647552 0.654446 0.659837 0.663703 0.666029 0.666805 0.666029 0.663703 0.659837 0.654446 0.647552 0.639182 0.629374 0.618169 0.605619 0.591781 0.576724 0.560521 0.543257 0.525022 0.505915 0.486044 0.465519 0.444458 0.422984 0.40122 0.379294 0.357331 0.335456 0.313791 0.292452 0.27155 0.251188 0.231461 0.212453 0.194239 0.176882 0.160434 0.144936 0.130417 0.116896 0.104382 0.0928752 0.0823665 0.072841 0.0642778 0.0566521 0.0499359 0.0440999 0.0391146 0.0349518 0.0315852 0.0289921 0.0271539 0.0260566 
0.0269719 0.0273531 0.0284999 0.0304209 0.0331302 0.0366469 0.0409944 0.0461992 0.0522901 0.0592971 0.0672497 0.0761759 0.0861005 0.0970441 0.109021 0.122039 0.136096 0.151182 0.167275 0.184344 0.202344 0.221221 0.240907 0.261324 0.282382 0.303983 0.32602 0.348377 0.370933 0.393562 0.416136 0.438525 0.460599 0.482231 0.503297 0.523677 0.543257 0.56193 0.579597 0.596166 0.611554 0.625686 0.638497 0.649928 0.659929 0.66846 0.675485 0.680977 0.684914 0.687282 0.688072 0.687282 0.684914 0.680977 0.675485 0.66846 0.659929 0.649928 0.638497 0.625686 0.611554 0.596166 0.579597 0.56193 0.543257 0.523677 0.503297 0.482231 0.460599 0.438525 0.416136 0.393562 0.370933 0.348377 0.32602 0.303983 0.282382 0.261324 0.240907 0.221221 0.202344 0.184344 0.167275 0.151182 0.136096 0.122039 0.109021 0.0970441 0.0861005 0.0761759 0.0672497 0.0592971 0.0522901 0.0461992 0.0409944 0.0366469 0.0331302 0.0304209 0.0284999 0.0273531 
0.0282113 0.0286084 0.0298028 0.0318034 0.0346245 0.0382857 0.0428107 0.0482265 0.0545623 0.0618484 0.0701146 0.0793889 0.089696 0.101056 0.113482 0.126981 0.141551 0.157177 0.173838 0.191497 0.21011 0.229616 0.249944 0.271014 0.292731 0.314992 0.337686 0.360694 0.383889 0.407142 0.430322 0.453294 0.475927 0.49809 0.519656 0.540505 0.560521 0.579597 0.597632 0.614535 0.630224 0.644623 0.657669 0.669304 0.679479 0.688155 0.695296 0.700878 0.704878 0.707284 0.708087 0.707284 0.704878 0.700878 0.695296 0.688155 0.679479 0.669304 0.657669 0.644623 0.630224 0.614535 0.597632 0.579597 0.560521 0.540505 0.519656 0.49809 0.475927 0.453294 0.430322 0.407142 0.383889 0.360694 0.337686 0.314992 0.292731 0.271014 0.249944 0.229616 0.21011 0.191497 0.173838 0.157177 0.141551 0.126981 0.113482 0.101056 0.089696 0.0793889 0.0701146 0.0618484 0.0545623 0.0482265 0.0428107 0.0382857 0.0346245 0.0318034 0.0298028 0.0286084 
0.0293994 0.0298117 0.0310515 0.0331279 0.0360556 0.0398544 0.0445484 0.0501651 0.0567339 0.0642854 0.0728497 0.0824546 0.0931248 0.10488 0.117732 0.131687 0.146741 0.162878 0.180075 0.198292 0.21748 0.237578 0.258511 0.280194 0.302528 0.325407 0.348715 0.372329 0.396119 0.419953 0.443694 0.467206 0.490354 0.513005 0.535031 0.556309 0.576724 0.596166 0.614535 0.631741 0.6477 0.66234 0.675597 0.687413 0.697744 0.706547 0.713792 0.719452 0.723509 0.725948 0.726762 0.725948 0.723509 0.719452 0.713792 0.706547 0.697744 0.687413 0.675597 0.66234 0.6477 0.631741 0.614535 0.596166 0.576724 0.556309 0.535031 0.513005 0.490354 0.467206 0.443694 0.419953 0.396119 0.372329 0.348715 0.325407 0.302528 0.280194 0.258511 0.237578 0.21748 0.198292 0.180075 0.162878 0.146741 0.131687 0.117732 0.10488 0.0931248 0.0824546 0.0728497 0.0642854 0.0567339 0.0501651 0.0445484 0.0398544 0.0360556 0.0331279 0.0310515 0.0298117 
0.0305258 0.0309524 0.032235 0.0343829 0.0374111 0.0413396 0.0461929 0.0519987 0.0587869 0.0665882 0.0754328 0.0853486 0.0963598 0.108485 0.121737 0.13612 0.151627 0.168243 0.18594 0.204677 0.224404 0.245053 0.266548 0.2888 0.311707 0.335158 0.359035 0.383209 0.407548 0.431915 0.456172 0.480178 0.503797 0.526894 0.549339 0.571007 0.591781 0.611554 0.630224 0.6477 0.663902 0.678756 0.692199 0.704176 0.714643 0.723559 0.730895 0.736624 0.74073 0.743198 0.744022 0.743198 0.74073 0.736624 0.730895 0.723559 0.714643 0.704176 0.692199 0.678756 0.663902 0.6477 0.630224 0.611554 0.591781 0.571007 0.549339 0.526894 0.503797 0.480178 0.456172 0.431915 0.407548 0.383209 0.359035 0.335158 0.311707 0.2888 0.266548 0.245053 0.224404 0.204677 0.18594 0.168243 0.151627 0.13612 0.121737 0.108485 0.0963598 0.0853486 0.0754328 0.0665882 0.0587869 0.0519987 0.0461929 0.0413396 0.0374111 0.0343829 0.032235 0.0309524 
