0.000209824 0.000214951 0.000230465 0.00025677 0.000294538 0.000344705 0.000408462 0.000487255 0.000582768 0.000696911 0.000831803 0.000989747 0.0011732 0.00138474 0.00162702 0.00190275 0.00221458 0.0025651 0.00295677 0.0033918 0.00387213 0.00439934 0.00497456 0.00559843 0.00627098 0.00699162 0.00775906 0.00857124 0.00942535 0.0103178 0.0112441 0.0121992 0.0131769 0.0141708 0.0151734 0.0161768 0.0171728 0.0181526 0.0191072 0.0200277 0.0209048 0.0217299 0.0224943 0.02319 0.0238094 0.0243458 0.0247932 0.0251465 0.0254018 0.0255562 0.0256079 0.0255562 0.0254018 0.0251465 0.0247932 0.0243458 0.0238094 0.02319 0.0224943 0.0217299 0.0209048 0.0200277 0.0191072 0.0181526 0.0171728 0.0161768 0.0151734 0.0141708 0.0131769 0.0121992 0.0112441 0.0103178 0.00942535 0.00857124 0.00775906 0.00699162 0.00627098 0.00559843 0.00497456 0.00439934 0.00387213 0.0033918 0.00295677 0.0025651 0.00221458 0.00190275 0.00162702 0.00138474 0.0011732 0.000989747 0.000831803 0.000696911 0.000582768 0.000487255 0.000408462 0.000344705 0.000294538 0.00025677 0.000230465 0.000214951 
0.000214951 0.000220194 0.00023606 0.000262963 0.000301585 0.00035288 0.000418065 0.00049861 0.000596233 0.00071288 0.000850707 0.00101206 0.00119944 0.00141546 0.00166284 0.00194431 0.00226257 0.00262026 0.00301986 0.00346361 0.00395349 0.00449108 0.00507752 0.00571344 0.00639886 0.00713316 0.00791501 0.00874231 0.00961218 0.0105209 0.0114641 0.0124363 0.0134315 0.0144429 0.0154631 0.016484 0.0174972 0.0184938 0.0194648 0.0204008 0.0212928 0.0221317 0.0229089 0.0236161 0.0242458 0.0247911 0.0252458 0.025605 0.0258645 0.0260213 0.0260738 0.0260213 0.0258645 0.025605 0.0252458 0.0247911 0.0242458 0.0236161 0.0229089 0.0221317 0.0212928 0.0204008 0.0194648 0.0184938 0.0174972 0.016484 0.0154631 0.0144429 0.0134315 0.0124363 0.0114641 0.0105209 0.00961218 0.00874231 0.00791501 0.00713316 0.00639886 0.00571344 0.00507752 0.00449108 0.00395349 0.00346361 0.00301986 0.00262026 0.00226257 0.00194431 0.00166284 0.00141546 0.00119944 0.00101206 0.000850707 0.00071288 0.000596233 0.00049861 0.000418065 0.00035288 0.000301585 0.000262963 0.00023606 0.000220194 
0.000230465 0.00023606 0.000252993 0.0002817 0.000322902 0.000377609 0.000447106 0.000532948 0.000636947 0.000761155 0.000907848 0.00107949 0.00127872 0.00150829 0.00177104 0.00206984 0.00240753 0.00278684 0.00321037 0.00368045 0.00419911 0.004768 0.00538826 0.0060605 0.00678471 0.00756019 0.00838548 0.00925833 0.0101757 0.0111336 0.0121273 0.0131511 0.0141988 0.0152632 0.0163363 0.0174098 0.0184749 0.0195221 0.0205421 0.0215251 0.0224616 0.0233422 0.0241578 0.0248998 0.0255603 0.0261322 0.0266091 0.0269857 0.0272578 0.0274223 0.0274773 0.0274223 0.0272578 0.0269857 0.0266091 0.0261322 0.0255603 0.0248998 0.0241578 0.0233422 0.0224616 0.0215251 0.0205421 0.0195221 0.0184749 0.0174098 0.0163363 0.0152632 0.0141988 0.0131511 0.0121273 0.0111336 0.0101757 0.00925833 0.00838548 0.00756019 0.00678471 0.0060605 0.00538826 0.004768 0.00419911 0.00368045 0.00321037 0.00278684 0.00240753 0.00206984 0.00177104 0.00150829 0.00127872 0.00107949 0.000907848 0.000761155 0.000636947 0.000532948 0.000447106 0.000377609 0.000322902 0.0002817 0.000252993 0.00023606 
0.00025677 0.000262963 0.0002817 0.000313456 0.000359023 0.0004195 0.000496288 0.000591082 0.000705854 0.000842839 0.0010045 0.00119353 0.00141277 0.0016652 0.00195389 0.00228193 0.00265235 0.00306812 0.00353197 0.0040464 0.00461355 0.00523513 0.00591231 0.00664568 0.00743515 0.00827987 0.00917819 0.0101276 0.0111247 0.0121651 0.0132437 0.0143544 0.0154902 0.0166433 0.0178053 0.018967 0.020119 0.0212512 0.0223533 0.023415 0.0244261 0.0253764 0.0262563 0.0270566 0.0277688 0.0283853 0.0288993 0.0293051 0.0295983 0.0297755 0.0298348 0.0297755 0.0295983 0.0293051 0.0288993 0.0283853 0.0277688 0.0270566 0.0262563 0.0253764 0.0244261 0.023415 0.0223533 0.0212512 0.020119 0.018967 0.0178053 0.0166433 0.0154902 0.0143544 0.0132437 0.0121651 0.0111247 0.0101276 0.00917819 0.00827987 0.00743515 0.00664568 0.00591231 0.00523513 0.00461355 0.0040464 0.00353197 0.00306812 0.00265235 0.00228193 0.00195389 0.0016652 0.00141277 0.00119353 0.0010045 0.000842839 0.000705854 0.000591082 0.000496288 0.0004195 0.000359023 0.000313456 0.0002817 0.000262963 
0.000294538 0.000301585 0.000322902 0.000359023 0.000410832 0.000479558 0.00056677 0.000674358 0.000804524 0.000959755 0.0011428 0.00135663 0.00160442 0.00188945 0.00221511 0.0025848 0.00300186 0.00346951 0.00399074 0.00456825 0.00520433 0.00590078 0.00665882 0.00747898 0.00836105 0.00930399 0.0103059 0.0113637 0.0124738 0.0136312 0.01483 0.0160635 0.0173238 0.0186024 0.01989 0.0211764 0.0224511 0.0237031 0.0249212 0.026094 0.0272103 0.028259 0.0292296 0.0301121 0.0308971 0.0315765 0.0321427 0.0325897 0.0329126 0.0331077 0.033173 0.0331077 0.0329126 0.0325897 0.0321427 0.0315765 0.0308971 0.0301121 0.0292296 0.028259 0.0272103 0.026094 0.0249212 0.0237031 0.0224511 0.0211764 0.01989 0.0186024 0.0173238 0.0160635 0.01483 0.0136312 0.0124738 0.0113637 0.0103059 0.00930399 0.00836105 0.00747898 0.00665882 0.00590078 0.00520433 0.00456825 0.00399074 0.00346951 0.00300186 0.0025848 0.00221511 0.00188945 0.00160442 0.00135663 0.0011428 0.000959755 0.000804524 0.000674358 0.00056677 0.000479558 0.000410832 0.000359023 0.000322902 0.000301585 
0.000344705 0.00035288 0.000377609 0.0004195 0.000479558 0.000559186 0.000660166 0.000784648 0.000935131 0.00111444 0.00132567 0.0015722 0.00185758 0.00218553 0.00255984 0.00298431 0.00346267 0.00399849 0.00459506 0.00525534 0.00598181 0.00677639 0.00764033 0.0085741 0.00957734 0.0106487 0.0117859 0.0129855 0.014243 0.0155529 0.0169085 0.018302 0.0197246 0.0211667 0.0226177 0.0240662 0.0255006 0.0269084 0.0282771 0.0295941 0.030847 0.0320234 0.0331117 0.0341007 0.0349802 0.035741 0.036375 0.0368753 0.0372367 0.0374551 0.0375282 0.0374551 0.0372367 0.0368753 0.036375 0.035741 0.0349802 0.0341007 0.0331117 0.0320234 0.030847 0.0295941 0.0282771 0.0269084 0.0255006 0.0240662 0.0226177 0.0211667 0.0197246 0.018302 0.0169085 0.0155529 0.014243 0.0129855 0.0117859 0.0106487 0.00957734 0.0085741 0.00764033 0.00677639 0.00598181 0.00525534 0.00459506 0.00399849 0.00346267 0.00298431 0.00255984 0.00218553 0.00185758 0.0015722 0.00132567 0.00111444 0.000935131 0.000784648 0.000660166 0.000559186 0.000479558 0.0004195 0.000377609 0.00035288 
0.000408462 0.000418065 0.000447106 0.000496288 0.00056677 0.000660166 0.000778528 0.00092433 0.00110044 0.00131009 0.00155684 0.00184454 0.00217724 0.00255916 0.00299461 0.00348788 0.00404316 0.00466446 0.00535544 0.00611938 0.00695898 0.00787628 0.00887257 0.00994824 0.0111027 0.0123342 0.01364 0.0150161 0.0164572 0.0179568 0.0195072 0.0210995 0.0227236 0.0243684 0.026022 0.0276715 0.0293034 0.0309041 0.0324592 0.0339546 0.0353763 0.0367105 0.0379441 0.0390647 0.0400608 0.0409221 0.0416397 0.0422059 0.0426147 0.0428618 0.0429445 0.0428618 0.0426147 0.0422059 0.0416397 0.0409221 0.0400608 0.0390647 0.0379441 0.0367105 0.0353763 0.0339546 0.0324592 0.0309041 0.0293034 0.0276715 0.026022 0.0243684 0.0227236 0.0210995 0.0195072 0.0179568 0.0164572 0.0150161 0.01364 0.0123342 0.0111027 0.00994824 0.00887257 0.00787628 0.00695898 0.00611938 0.00535544 0.00466446 0.00404316 0.00348788 0.00299461 0.00255916 0.00217724 0.00184454 0.00155684 0.00131009 0.00110044 0.00092433 0.000778528 0.000660166 0.00056677 0.000496288 0.000447106 0.000418065 
0.000487255 0.00049861 0.000532948 0.000591082 0.000674358 0.000784648 0.00092433 0.00109626 0.00130377 0.00155058 0.00184079 0.00217882 0.00256933 0.00301715 0.00352718 0.00410431 0.0047533 0.00547863 0.00628443 0.00717432 0.00815126 0.00921745 0.0103742 0.0116217 0.0129591 0.0143843 0.0158939 0.017483 0.0191455 0.0208738 0.0226589 0.0244904 0.0263567 0.0282452 0.0301421 0.0320327 0.0339017 0.0357335 0.0375119 0.0392209 0.0408446 0.0423676 0.0437749 0.0450527 0.0461881 0.0471695 0.0479869 0.0486317 0.0490972 0.0493785 0.0494726 0.0493785 0.0490972 0.0486317 0.0479869 0.0471695 0.0461881 0.0450527 0.0437749 0.0423676 0.0408446 0.0392209 0.0375119 0.0357335 0.0339017 0.0320327 0.0301421 0.0282452 0.0263567 0.0244904 0.0226589 0.0208738 0.0191455 0.017483 0.0158939 0.0143843 0.0129591 0.0116217 0.0103742 0.00921745 0.00815126 0.00717432 0.00628443 0.00547863 0.0047533 0.00410431 0.00352718 0.00301715 0.00256933 0.00217882 0.00184079 0.00155058 0.00130377 0.00109626 0.00092433 0.000784648 0.000674358 0.000591082 0.000532948 0.00049861 
0.000582768 0.000596233 0.000636947 0.000705854 0.000804524 0.000935131 0.00110044 0.00130377 0.00154897 0.00184035 0.00218266 0.00258099 0.0030407 0.00356732 0.00416648 0.00484374 0.00560448 0.0064538 0.00739632 0.00843604 0.00957621 0.0108192 0.0121662 0.0136174 0.0151715 0.0168258 0.0185762 0.0204169 0.0223407 0.0243385 0.0263999 0.0285129 0.0306641 0.0328389 0.0350214 0.0371948 0.0393418 0.0414443 0.0434841 0.0454429 0.0473028 0.0490463 0.0506565 0.0521178 0.0534158 0.0545373 0.0554711 0.0562075 0.0567391 0.0570602 0.0571676 0.0570602 0.0567391 0.0562075 0.0554711 0.0545373 0.0534158 0.0521178 0.0506565 0.0490463 0.0473028 0.0454429 0.0434841 0.0414443 0.0393418 0.0371948 0.0350214 0.0328389 0.0306641 0.0285129 0.0263999 0.0243385 0.0223407 0.0204169 0.0185762 0.0168258 0.0151715 0.0136174 0.0121662 0.0108192 0.00957621 0.00843604 0.00739632 0.0064538 0.00560448 0.00484374 0.00416648 0.00356732 0.0030407 0.00258099 0.00218266 0.00184035 0.00154897 0.00130377 0.00110044 0.000935131 0.000804524 0.000705854 0.000636947 0.000596233 
0.000696911 0.00071288 0.000761155 0.000842839 0.000959755 0.00111444 0.00131009 0.00155058 0.00184035 0.00218441 0.00258824 0.00305771 0.00359898 0.00421842 0.00492244 0.00571739 0.00660939 0.00760417 0.00870692 0.00992207 0.0112532 0.0127027 0.0142719 0.0159606 0.017767 0.019688 0.0217184 0.0238513 0.0260781 0.0283884 0.0307698 0.0332085 0.035689 0.0381943 0.0407063 0.0432058 0.0456729 0.048087 0.0504273 0.0526733 0.0548045 0.056801 0.058644 0.0603158 0.0618 0.0630821 0.0641491 0.0649905 0.0655976 0.0659644 0.0660871 0.0659644 0.0655976 0.0649905 0.0641491 0.0630821 0.0618 0.0603158 0.058644 0.056801 0.0548045 0.0526733 0.0504273 0.048087 0.0456729 0.0432058 0.0407063 0.0381943 0.035689 0.0332085 0.0307698 0.0283884 0.0260781 0.0238513 0.0217184 0.019688 0.017767 0.0159606 0.0142719 0.0127027 0.0112532 0.00992207 0.00870692 0.00760417 0.00660939 0.00571739 0.00492244 0.00421842 0.00359898 0.00305771 0.00258824 0.00218441 0.00184035 0.00155058 0.00131009 0.00111444 0.000959755 0.000842839 0.000761155 0.00071288 
0.000831803 0.000850707 0.000907848 0.0010045 0.0011428 0.00132567 0.00155684 0.00184079 0.00218266 0.00258824 0.00306385 0.00361625 0.00425252 0.00497994 0.00580585 0.00673747 0.00778171 0.00894504 0.0102332 0.0116512 0.0132029 0.0148907 0.0167159 0.018678 0.0207747 0.0230019 0.0253535 0.0278213 0.0303952 0.0330627 0.0358098 0.0386202 0.041476 0.0443578 0.0472448 0.0501149 0.0529455 0.0557132 0.0583944 0.0609657 0.0634039 0.0656868 0.067793 0.0697026 0.0713972 0.0728605 0.0740779 0.0750376 0.0757301 0.0761483 0.0762882 0.0761483 0.0757301 0.0750376 0.0740779 0.0728605 0.0713972 0.0697026 0.067793 0.0656868 0.0634039 0.0609657 0.0583944 0.0557132 0.0529455 0.0501149 0.0472448 0.0443578 0.041476 0.0386202 0.0358098 0.0330627 0.0303952 0.0278213 0.0253535 0.0230019 0.0207747 0.018678 0.0167159 0.0148907 0.0132029 0.0116512 0.0102332 0.00894504 0.00778171 0.00673747 0.00580585 0.00497994 0.00425252 0.00361625 0.00306385 0.00258824 0.00218266 0.00184079 0.00155684 0.00132567 0.0011428 0.0010045 0.000907848 0.000850707 
0.000989747 0.00101206 0.00107949 0.00119353 0.00135663 0.0015722 0.00184454 0.00217882 0.00258099 0.00305771 0.00361625 0.00426437 0.00501018 0.00586199 0.00682815 0.00791685 0.00913589 0.0104925 0.0119932 0.0136433 0.0154469 0.0174068 0.0195239 0.0217974 0.0242242 0.0267994 0.0295156 0.032363 0.0353297 0.0384014 0.0415614 0.0447912 0.0480701 0.0513758 0.0546845 0.057971 0.0612097 0.0643738 0.0674369 0.0703723 0.0731541 0.075757 0.0781572 0.0803322 0.0822616 0.0839268 0.0853119 0.0864035 0.087191 0.0876665 0.0878256 0.0876665 0.087191 0.0864035 0.0853119 0.0839268 0.0822616 0.0803322 0.0781572 0.075757 0.0731541 0.0703723 0.0674369 0.0643738 0.0612097 0.057971 0.0546845 0.0513758 0.0480701 0.0447912 0.0415614 0.0384014 0.0353297 0.032363 0.0295156 0.0267994 0.0242242 0.0217974 0.0195239 0.0174068 0.0154469 0.0136433 0.0119932 0.0104925 0.00913589 0.00791685 0.00682815 0.00586199 0.00501018 0.00426437 0.00361625 0.00305771 0.00258099 0.00217882 0.00184454 0.0015722 0.00135663 0.00119353 0.00107949 0.00101206 
0.0011732 0.00119944 0.00127872 0.00141277 0.00160442 0.00185758 0.00217724 0.00256933 0.0030407 0.00359898 0.00425252 0.00501018 0.00588121 0.00687507 0.00800121 0.00926888 0.0106869 0.0122632 0.0140051 0.0159184 0.0180075 0.0202751 0.022722 0.0253468 0.0281457 0.0311125 0.0342385 0.0375121 0.0409194 0.0444436 0.0480656 0.0517639 0.0555149 0.059293 0.0630712 0.0668209 0.0705128 0.074117 0.0776034 0.0809421 0.084104 0.0870609 0.0897859 0.092254 0.0944424 0.0963305 0.0979005 0.0991375 0.10003 0.100568 0.100748 0.100568 0.10003 0.0991375 0.0979005 0.0963305 0.0944424 0.092254 0.0897859 0.0870609 0.084104 0.0809421 0.0776034 0.074117 0.0705128 0.0668209 0.0630712 0.059293 0.0555149 0.0517639 0.0480656 0.0444436 0.0409194 0.0375121 0.0342385 0.0311125 0.0281457 0.0253468 0.022722 0.0202751 0.0180075 0.0159184 0.0140051 0.0122632 0.0106869 0.00926888 0.00800121 0.00687507 0.00588121 0.00501018 0.00425252 0.00359898 0.0030407 0.00256933 0.00217724 0.00185758 0.00160442 0.00141277 0.00127872 0.00119944 
0.00138474 0.00141546 0.00150829 0.0016652 0.00188945 0.00218553 0.00255916 0.00301715 0.00356732 0.00421842 0.00497994 0.00586199 0.00687507 0.00802987 0.00933709 0.0108071 0.0124497 0.0142738 0.0162873 0.0184967 0.0209064 0.0235193 0.0263358 0.0293537 0.0325684 0.0359724 0.039555 0.0433031 0.0472 0.0512266 0.0553608 0.0595779 0.063851 0.068151 0.072447 0.076707 0.0808978 0.0849858 0.0889371 0.0927184 0.096297 0.0996415 0.102722 0.105511 0.107982 0.110114 0.111885 0.113281 0.114287 0.114895 0.115098 0.114895 0.114287 0.113281 0.111885 0.110114 0.107982 0.105511 0.102722 0.0996415 0.096297 0.0927184 0.0889371 0.0849858 0.0808978 0.076707 0.072447 0.068151 0.063851 0.0595779 0.0553608 0.0512266 0.0472 0.0433031 0.039555 0.0359724 0.0325684 0.0293537 0.0263358 0.0235193 0.0209064 0.0184967 0.0162873 0.0142738 0.0124497 0.0108071 0.00933709 0.00802987 0.00687507 0.00586199 0.00497994 0.00421842 0.00356732 0.00301715 0.00255916 0.00218553 0.00188945 0.0016652 0.00150829 0.00141546 
0.00162702 0.00166284 0.00177104 0.00195389 0.00221511 0.00255984 0.00299461 0.00352718 0.00416648 0.00492244 0.00580585 0.00682815 0.00800121 0.00933709 0.0108478 0.0125448 0.0144391 0.0165407 0.0188579 0.0213978 0.0241651 0.0271625 0.0303898 0.0338443 0.0375201 0.0414081 0.0454959 0.0497677 0.0542047 0.0587846 0.063482 0.0682689 0.0731145 0.0779861 0.0828487 0.0876662 0.0924014 0.0970166 0.101474 0.105737 0.109768 0.113533 0.116999 0.120135 0.122913 0.125308 0.127298 0.128865 0.129995 0.130677 0.130905 0.130677 0.129995 0.128865 0.127298 0.125308 0.122913 0.120135 0.116999 0.113533 0.109768 0.105737 0.101474 0.0970166 0.0924014 0.0876662 0.0828487 0.0779861 0.0731145 0.0682689 0.063482 0.0587846 0.0542047 0.0497677 0.0454959 0.0414081 0.0375201 0.0338443 0.0303898 0.0271625 0.0241651 0.0213978 0.0188579 0.0165407 0.0144391 0.0125448 0.0108478 0.00933709 0.00800121 0.00682815 0.00580585 0.00492244 0.00416648 0.00352718 0.00299461 0.00255984 0.00221511 0.00195389 0.00177104 0.00166284 
0.00190275 0.00194431 0.00206984 0.00228193 0.0025848 0.00298431 0.00348788 0.00410431 0.00484374 0.00571739 0.00673747 0.00791685 0.00926888 0.0108071 0.0125448 0.0144949 0.0166695 0.0190794 0.0217339 0.0246402 0.0278034 0.0312258 0.0349069 0.0388427 0.0430261 0.0474461 0.0520883 0.0569344 0.0619624 0.0671469 0.072459 0.0778668 0.0833355 0.0888281 0.0943055 0.0997272 0.105052 0.110237 0.115241 0.120022 0.124541 0.128759 0.13264 0.136149 0.139256 0.141933 0.144157 0.145908 0.14717 0.147932 0.148187 0.147932 0.14717 0.145908 0.144157 0.141933 0.139256 0.136149 0.13264 0.128759 0.124541 0.120022 0.115241 0.110237 0.105052 0.0997272 0.0943055 0.0888281 0.0833355 0.0778668 0.072459 0.0671469 0.0619624 0.0569344 0.0520883 0.0474461 0.0430261 0.0388427 0.0349069 0.0312258 0.0278034 0.0246402 0.0217339 0.0190794 0.0166695 0.0144949 0.0125448 0.0108071 0.00926888 0.00791685 0.00673747 0.00571739 0.00484374 0.00410431 0.00348788 0.00298431 0.0025848 0.00228193 0.00206984 0.00194431 
0.00221458 0.00226257 0.00240753 0.00265235 0.00300186 0.00346267 0.00404316 0.0047533 0.00560448 0.00660939 0.00778171 0.00913589 0.0106869 0.0124497 0.0144391 0.0166695 0.0191541 0.0219045 0.0249309 0.0282408 0.0318393 0.0357285 0.039907 0.0443699 0.0491081 0.054109 0.0593555 0.0648264 0.0704967 0.0763372 0.0823151 0.0883945 0.0945361 0.100699 0.106838 0.112909 0.118866 0.124663 0.130252 0.135589 0.140629 0.14533 0.149652 0.153559 0.157016 0.159994 0.162467 0.164414 0.165816 0.166662 0.166945 0.166662 0.165816 0.164414 0.162467 0.159994 0.157016 0.153559 0.149652 0.14533 0.140629 0.135589 0.130252 0.124663 0.118866 0.112909 0.106838 0.100699 0.0945361 0.0883945 0.0823151 0.0763372 0.0704967 0.0648264 0.0593555 0.054109 0.0491081 0.0443699 0.039907 0.0357285 0.0318393 0.0282408 0.0249309 0.0219045 0.0191541 0.0166695 0.0144391 0.0124497 0.0106869 0.00913589 0.00778171 0.00660939 0.00560448 0.0047533 0.00404316 0.00346267 0.00300186 0.00265235 0.00240753 0.00226257 
0.0025651 0.00262026 0.00278684 0.00306812 0.00346951 0.00399849 0.00466446 0.00547863 0.0064538 0.00760417 0.00894504 0.0104925 0.0122632 0.0142738 0.0165407 0.0190794 0.0219045 0.0250287 0.0284625 0.032214 0.0362882 0.0406866 0.045407 0.050443 0.0557839 0.0614145 0.0673151 0.0734614 0.0798246 0.0863717 0.0930659 0.0998664 0.10673 0.113609 0.120456 0.127221 0.133852 0.140299 0.14651 0.152436 0.158029 0.163242 0.168031 0.172358 0.176185 0.17948 0.182215 0.184367 0.185918 0.186853 0.187166 0.186853 0.185918 0.184367 0.182215 0.17948 0.176185 0.172358 0.168031 0.163242 0.158029 0.152436 0.14651 0.140299 0.133852 0.127221 0.120456 0.113609 0.10673 0.0998664 0.0930659 0.0863717 0.0798246 0.0734614 0.0673151 0.0614145 0.0557839 0.050443 0.045407 0.0406866 0.0362882 0.032214 0.0284625 0.0250287 0.0219045 0.0190794 0.0165407 0.0142738 0.0122632 0.0104925 0.00894504 0.00760417 0.0064538 0.00547863 0.00466446 0.00399849 0.00346951 0.00306812 0.00278684 0.00262026 
0.00295677 0.00301986 0.00321037 0.00353197 0.00399074 0.00459506 0.00535544 0.00628443 0.00739632 0.00870692 0.0102332 0.0119932 0.0140051 0.0162873 0.0188579 0.0217339 0.0249309 0.0284625 0.03234 0.0365717 0.0411623 0.0461126 0.0514194 0.0570747 0.0630656 0.0693745 0.0759784 0.0828496 0.0899555 0.0972587 0.104718 0.112287 0.119919 0.12756 0.135158 0.142657 0.150002 0.157135 0.164003 0.170549 0.176723 0.182473 0.187753 0.19252 0.196734 0.200361 0.203371 0.205738 0.207443 0.208471 0.208815 0.208471 0.207443 0.205738 0.203371 0.200361 0.196734 0.19252 0.187753 0.182473 0.176723 0.170549 0.164003 0.157135 0.150002 0.142657 0.135158 0.12756 0.119919 0.112287 0.104718 0.0972587 0.0899555 0.0828496 0.0759784 0.0693745 0.0630656 0.0570747 0.0514194 0.0461126 0.0411623 0.0365717 0.03234 0.0284625 0.0249309 0.0217339 0.0188579 0.0162873 0.0140051 0.0119932 0.0102332 0.00870692 0.00739632 0.00628443 0.00535544 0.00459506 0.00399074 0.00353197 0.00321037 0.00301986 
0.0033918 0.00346361 0.00368045 0.0040464 0.00456825 0.00525534 0.00611938 0.00717432 0.00843604 0.00992207 0.0116512 0.0136433 0.0159184 0.0184967 0.0213978 0.0246402 0.0282408 0.032214 0.0365717 0.0413221 0.0464697 0.0520146 0.057952 0.0642722 0.0709598 0.0779944 0.0853496 0.0929938 0.10089 0.108997 0.117267 0.125651 0.134094 0.14254 0.150929 0.1592 0.167294 0.175148 0.182701 0.189896 0.196676 0.202986 0.208777 0.214002 0.218618 0.222589 0.225883 0.228473 0.230338 0.231463 0.231839 0.231463 0.230338 0.228473 0.225883 0.222589 0.218618 0.214002 0.208777 0.202986 0.196676 0.189896 0.182701 0.175148 0.167294 0.1592 0.150929 0.14254 0.134094 0.125651 0.117267 0.108997 0.10089 0.0929938 0.0853496 0.0779944 0.0709598 0.0642722 0.057952 0.0520146 0.0464697 0.0413221 0.0365717 0.032214 0.0282408 0.0246402 0.0213978 0.0184967 0.0159184 0.0136433 0.0116512 0.00992207 0.00843604 0.00717432 0.00611938 0.00525534 0.00456825 0.0040464 0.00368045 0.00346361 
0.00387213 0.00395349 0.00419911 0.00461355 0.00520433 0.00598181 0.00695898 0.00815126 0.00957621 0.0112532 0.0132029 0.0154469 0.0180075 0.0209064 0.0241651 0.0278034 0.0318393 0.0362882 0.0411623 0.0464697 0.0522146 0.0583958 0.0650071 0.0720365 0.0794661 0.0872721 0.0954246 0.103888 0.11262 0.121575 0.1307 0.13994 0.149236 0.158524 0.16774 0.176818 0.185692 0.194295 0.202561 0.210429 0.217836 0.224726 0.231044 0.23674 0.241771 0.246097 0.249683 0.252502 0.254531 0.255755 0.256164 0.255755 0.254531 0.252502 0.249683 0.246097 0.241771 0.23674 0.231044 0.224726 0.217836 0.210429 0.202561 0.194295 0.185692 0.176818 0.16774 0.158524 0.149236 0.13994 0.1307 0.121575 0.11262 0.103888 0.0954246 0.0872721 0.0794661 0.0720365 0.0650071 0.0583958 0.0522146 0.0464697 0.0411623 0.0362882 0.0318393 0.0278034 0.0241651 0.0209064 0.0180075 0.0154469 0.0132029 0.0112532 0.00957621 0.00815126 0.00695898 0.00598181 0.00520433 0.00461355 0.00419911 0.00395349 
0.00439934 0.00449108 0.004768 0.00523513 0.00590078 0.00677639 0.00787628 0.00921745 0.0108192 0.0127027 0.0148907 0.0174068 0.0202751 0.0235193 0.0271625 0.0312258 0.0357285 0.0406866 0.0461126 0.0520146 0.0583958 0.0652539 0.0725808 0.0803621 0.0885769 0.0971978 0.106191 0.115516 0.125126 0.13497 0.14499 0.155124 0.165308 0.175473 0.185548 0.195462 0.205143 0.214519 0.223521 0.232081 0.240133 0.247617 0.254475 0.260654 0.266109 0.270796 0.27468 0.277733 0.27993 0.281254 0.281697 0.281254 0.27993 0.277733 0.27468 0.270796 0.266109 0.260654 0.254475 0.247617 0.240133 0.232081 0.223521 0.214519 0.205143 0.195462 0.185548 0.175473 0.165308 0.155124 0.14499 0.13497 0.125126 0.115516 0.106191 0.0971978 0.0885769 0.0803621 0.0725808 0.0652539 0.0583958 0.0520146 0.0461126 0.0406866 0.0357285 0.0312258 0.0271625 0.0235193 0.0202751 0.0174068 0.0148907 0.0127027 0.0108192 0.00921745 0.00787628 0.00677639 0.00590078 0.00523513 0.004768 0.00449108 
0.00497456 0.00507752 0.00538826 0.00591231 0.00665882 0.00764033 0.00887257 0.0103742 0.0121662 0.0142719 0.0167159 0.0195239 0.022722 0.0263358 0.0303898 0.0349069 0.039907 0.045407 0.0514194 0.057952 0.0650071 0.0725808 0.0806629 0.0892363 0.0982768 0.107753 0.117627 0.127853 0.13838 0.149149 0.160099 0.171161 0.182265 0.193335 0.204296 0.21507 0.22558 0.235749 0.245503 0.254769 0.263479 0.271567 0.278974 0.285643 0.291527 0.29658 0.300766 0.304054 0.30642 0.307847 0.308323 0.307847 0.30642 0.304054 0.300766 0.29658 0.291527 0.285643 0.278974 0.271567 0.263479 0.254769 0.245503 0.235749 0.22558 0.21507 0.204296 0.193335 0.182265 0.171161 0.160099 0.149149 0.13838 0.127853 0.117627 0.107753 0.0982768 0.0892363 0.0806629 0.0725808 0.0650071 0.057952 0.0514194 0.045407 0.039907 0.0349069 0.0303898 0.0263358 0.022722 0.0195239 0.0167159 0.0142719 0.0121662 0.0103742 0.00887257 0.00764033 0.00665882 0.00591231 0.00538826 0.00507752 
0.00559843 0.00571344 0.0060605 0.00664568 0.00747898 0.0085741 0.00994824 0.0116217 0.0136174 0.0159606 0.018678 0.0217974 0.0253468 0.0293537 0.0338443 0.0388427 0.0443699 0.050443 0.0570747 0.0642722 0.0720365 0.0803621 0.0892363 0.0986389 0.108542 0.118911 0.129701 0.140863 0.15234 0.164068 0.175977 0.187995 0.200044 0.212044 0.223911 0.235564 0.246919 0.257895 0.268412 0.278394 0.287769 0.296467 0.304427 0.311589 0.317904 0.323325 0.327813 0.331337 0.333872 0.335401 0.335911 0.335401 0.333872 0.331337 0.327813 0.323325 0.317904 0.311589 0.304427 0.296467 0.287769 0.278394 0.268412 0.257895 0.246919 0.235564 0.223911 0.212044 0.200044 0.187995 0.175977 0.164068 0.15234 0.140863 0.129701 0.118911 0.108542 0.0986389 0.0892363 0.0803621 0.0720365 0.0642722 0.0570747 0.050443 0.0443699 0.0388427 0.0338443 0.0293537 0.0253468 0.0217974 0.018678 0.0159606 0.0136174 0.0116217 0.00994824 0.0085741 0.00747898 0.00664568 0.0060605 0.00571344 
0.00627098 0.00639886 0.00678471 0.00743515 0.00836105 0.00957734 0.0111027 0.0129591 0.0151715 0.017767 0.0207747 0.0242242 0.0281457 0.0325684 0.0375201 0.0430261 0.0491081 0.0557839 0.0630656 0.0709598 0.0794661 0.0885769 0.0982768 0.108542 0.119341 0.130634 0.142373 0.154501 0.166957 0.179669 0.192563 0.205559 0.218573 0.231519 0.244308 0.256851 0.269062 0.280852 0.292138 0.30284 0.312882 0.322191 0.330703 0.338358 0.345102 0.350888 0.355677 0.359436 0.362139 0.363768 0.364312 0.363768 0.362139 0.359436 0.355677 0.350888 0.345102 0.338358 0.330703 0.322191 0.312882 0.30284 0.292138 0.280852 0.269062 0.256851 0.244308 0.231519 0.218573 0.205559 0.192563 0.179669 0.166957 0.154501 0.142373 0.130634 0.119341 0.108542 0.0982768 0.0885769 0.0794661 0.0709598 0.0630656 0.0557839 0.0491081 0.0430261 0.0375201 0.0325684 0.0281457 0.0242242 0.0207747 0.017767 0.0151715 0.0129591 0.0111027 0.00957734 0.00836105 0.00743515 0.00678471 0.00639886 
0.00699162 0.00713316 0.00756019 0.00827987 0.00930399 0.0106487 0.0123342 0.0143843 0.0168258 0.019688 0.0230019 0.0267994 0.0311125 0.0359724 0.0414081 0.0474461 0.054109 0.0614145 0.0693745 0.0779944 0.0872721 0.0971978 0.107753 0.118911 0.130634 0.14288 0.155593 0.168712 0.182168 0.195886 0.209783 0.223773 0.237766 0.251669 0.265387 0.278828 0.291897 0.304503 0.316558 0.327977 0.338682 0.348599 0.357658 0.3658 0.372968 0.379114 0.384199 0.388188 0.391057 0.392785 0.393362 0.392785 0.391057 0.388188 0.384199 0.379114 0.372968 0.3658 0.357658 0.348599 0.338682 0.327977 0.316558 0.304503 0.291897 0.278828 0.265387 0.251669 0.237766 0.223773 0.209783 0.195886 0.182168 0.168712 0.155593 0.14288 0.130634 0.118911 0.107753 0.0971978 0.0872721 0.0779944 0.0693745 0.0614145 0.054109 0.0474461 0.0414081 0.0359724 0.0311125 0.0267994 0.0230019 0.019688 0.0168258 0.0143843 0.0123342 0.0106487 0.00930399 0.00827987 0.00756019 0.00713316 
0.00775906 0.00791501 0.00838548 0.00917819 0.0103059 0.0117859 0.01364 0.0158939 0.0185762 0.0217184 0.0253535 0.0295156 0.0342385 0.039555 0.0454959 0.0520883 0.0593555 0.0673151 0.0759784 0.0853496 0.0954246 0.106191 0.117627 0.129701 0.142373 0.155593 0.169301 0.183429 0.197904 0.212641 0.227553 0.242546 0.257524 0.272389 0.287039 0.301376 0.3153 0.328717 0.341534 0.353664 0.365024 0.375538 0.385135 0.393754 0.401337 0.407835 0.413209 0.417423 0.420452 0.422277 0.422886 0.422277 0.420452 0.417423 0.413209 0.407835 0.401337 0.393754 0.385135 0.375538 0.365024 0.353664 0.341534 0.328717 0.3153 0.301376 0.287039 0.272389 0.257524 0.242546 0.227553 0.212641 0.197904 0.183429 0.169301 0.155593 0.142373 0.129701 0.117627 0.106191 0.0954246 0.0853496 0.0759784 0.0673151 0.0593555 0.0520883 0.0454959 0.039555 0.0342385 0.0295156 0.0253535 0.0217184 0.0185762 0.0158939 0.01364 0.0117859 0.0103059 0.00917819 0.00838548 0.00791501 
0.00857124 0.00874231 0.00925833 0.0101276 0.0113637 0.0129855 0.0150161 0.017483 0.0204169 0.0238513 0.0278213 0.032363 0.0375121 0.0433031 0.0497677 0.0569344 0.0648264 0.0734614 0.0828496 0.0929938 0.103888 0.115516 0.127853 0.140863 0.154501 0.168712 0.183429 0.19858 0.214083 0.229847 0.245779 0.261778 0.277742 0.293565 0.309141 0.324367 0.339138 0.353355 0.366922 0.379748 0.391749 0.402846 0.412967 0.422049 0.430034 0.436874 0.442526 0.446957 0.450141 0.452059 0.452699 0.452059 0.450141 0.446957 0.442526 0.436874 0.430034 0.422049 0.412967 0.402846 0.391749 0.379748 0.366922 0.353355 0.339138 0.324367 0.309141 0.293565 0.277742 0.261778 0.245779 0.229847 0.214083 0.19858 0.183429 0.168712 0.154501 0.140863 0.127853 0.115516 0.103888 0.0929938 0.0828496 0.0734614 0.0648264 0.0569344 0.0497677 0.0433031 0.0375121 0.032363 0.0278213 0.0238513 0.0204169 0.017483 0.0150161 0.0129855 0.0113637 0.0101276 0.00925833 0.00874231 
0.00942535 0.00961218 0.0101757 0.0111247 0.0124738 0.014243 0.0164572 0.0191455 0.0223407 0.0260781 0.0303952 0.0353297 0.0409194 0.0472 0.0542047 0.0619624 0.0704967 0.0798246 0.0899555 0.10089 0.11262 0.125126 0.13838 0.15234 0.166957 0.182168 0.197904 0.214083 0.230616 0.247409 0.264359 0.281359 0.298301 0.315073 0.331565 0.347665 0.363267 0.378267 0.392565 0.406069 0.418692 0.430353 0.44098 0.450508 0.458879 0.466046 0.471965 0.476603 0.479935 0.481941 0.482611 0.481941 0.479935 0.476603 0.471965 0.466046 0.458879 0.450508 0.44098 0.430353 0.418692 0.406069 0.392565 0.378267 0.363267 0.347665 0.331565 0.315073 0.298301 0.281359 0.264359 0.247409 0.230616 0.214083 0.197904 0.182168 0.166957 0.15234 0.13838 0.125126 0.11262 0.10089 0.0899555 0.0798246 0.0704967 0.0619624 0.0542047 0.0472 0.0409194 0.0353297 0.0303952 0.0260781 0.0223407 0.0191455 0.0164572 0.014243 0.0124738 0.0111247 0.0101757 0.00961218 
0.0103178 0.0105209 0.0111336 0.0121651 0.0136312 0.0155529 0.0179568 0.0208738 0.0243385 0.0283884 0.0330627 0.0384014 0.0444436 0.0512266 0.0587846 0.0671469 0.0763372 0.0863717 0.0972587 0.108997 0.121575 0.13497 0.149149 0.164068 0.179669 0.195886 0.212641 0.229847 0.247409 0.265224 0.283183 0.301174 0.31908 0.336785 0.354173 0.371128 0.387539 0.403299 0.418305 0.432463 0.445684 0.457885 0.468996 0.478949 0.487688 0.495164 0.501336 0.50617 0.509642 0.511732 0.512429 0.511732 0.509642 0.50617 0.501336 0.495164 0.487688 0.478949 0.468996 0.457885 0.445684 0.432463 0.418305 0.403299 0.387539 0.371128 0.354173 0.336785 0.31908 0.301174 0.283183 0.265224 0.247409 0.229847 0.212641 0.195886 0.179669 0.164068 0.149149 0.13497 0.121575 0.108997 0.0972587 0.0863717 0.0763372 0.0671469 0.0587846 0.0512266 0.0444436 0.0384014 0.0330627 0.0283884 0.0243385 0.0208738 0.0179568 0.0155529 0.0136312 0.0121651 0.0111336 0.0105209 
0.0112441 0.0114641 0.0121273 0.0132437 0.01483 0.0169085 0.0195072 0.0226589 0.0263999 0.0307698 0.0358098 0.0415614 0.0480656 0.0553608 0.063482 0.072459 0.0823151 0.0930659 0.104718 0.117267 0.1307 0.14499 0.160099 0.175977 0.192563 0.209783 0.227553 0.245779 0.264359 0.283183 0.302136 0.321099 0.339949 0.358565 0.376825 0.394608 0.411801 0.428293 0.443979 0.458762 0.472552 0.485268 0.496835 0.50719 0.516275 0.524042 0.53045 0.535468 0.539069 0.541237 0.541961 0.541237 0.539069 0.535468 0.53045 0.524042 0.516275 0.50719 0.496835 0.485268 0.472552 0.458762 0.443979 0.428293 0.411801 0.394608 0.376825 0.358565 0.339949 0.321099 0.302136 0.283183 0.264359 0.245779 0.227553 0.209783 0.192563 0.175977 0.160099 0.14499 0.1307 0.117267 0.104718 0.0930659 0.0823151 0.072459 0.063482 0.0553608 0.0480656 0.0415614 0.0358098 0.0307698 0.0263999 0.0226589 0.0195072 0.0169085 0.01483 0.0132437 0.0121273 0.0114641 
0.0121992 0.0124363 0.0131511 0.0143544 0.0160635 0.018302 0.0210995 0.0244904 0.0285129 0.0332085 0.0386202 0.0447912 0.0517639 0.0595779 0.0682689 0.0778668 0.0883945 0.0998664 0.112287 0.125651 0.13994 0.155124 0.171161 0.187995 0.205559 0.223773 0.242546 0.261778 0.281359 0.301174 0.321099 0.341009 0.360777 0.380275 0.399377 0.417958 0.4359 0.453091 0.469423 0.484799 0.499127 0.512326 0.524322 0.535052 0.544458 0.552495 0.559123 0.56431 0.568032 0.570271 0.571019 0.570271 0.568032 0.56431 0.559123 0.552495 0.544458 0.535052 0.524322 0.512326 0.499127 0.484799 0.469423 0.453091 0.4359 0.417958 0.399377 0.380275 0.360777 0.341009 0.321099 0.301174 0.281359 0.261778 0.242546 0.223773 0.205559 0.187995 0.171161 0.155124 0.13994 0.125651 0.112287 0.0998664 0.0883945 0.0778668 0.0682689 0.0595779 0.0517639 0.0447912 0.0386202 0.0332085 0.0285129 0.0244904 0.0210995 0.018302 0.0160635 0.0143544 0.0131511 0.0124363 
0.0131769 0.0134315 0.0141988 0.0154902 0.0173238 0.0197246 0.0227236 0.0263567 0.0306641 0.035689 0.041476 0.0480701 0.0555149 0.063851 0.0731145 0.0833355 0.0945361 0.10673 0.119919 0.134094 0.149236 0.165308 0.182265 0.200044 0.218573 0.237766 0.257524 0.277742 0.298301 0.31908 0.339949 0.360777 0.381431 0.401777 0.421685 0.441027 0.459682 0.477534 0.494476 0.510408 0.52524 0.538889 0.551283 0.562359 0.572062 0.580347 0.587175 0.592516 0.596347 0.598652 0.599422 0.598652 0.596347 0.592516 0.587175 0.580347 0.572062 0.562359 0.551283 0.538889 0.52524 0.510408 0.494476 0.477534 0.459682 0.441027 0.421685 0.401777 0.381431 0.360777 0.339949 0.31908 0.298301 0.277742 0.257524 0.237766 0.218573 0.200044 0.182265 0.165308 0.149236 0.134094 0.119919 0.10673 0.0945361 0.0833355 0.0731145 0.063851 0.0555149 0.0480701 0.041476 0.035689 0.0306641 0.0263567 0.0227236 0.0197246 0.0173238 0.0154902 0.0141988 0.0134315 
0.0141708 0.0144429 0.0152632 0.0166433 0.0186024 0.0211667 0.0243684 0.0282452 0.0328389 0.0381943 0.0443578 0.0513758 0.059293 0.068151 0.0779861 0.0888281 0.100699 0.113609 0.12756 0.14254 0.158524 0.175473 0.193335 0.212044 0.231519 0.251669 0.272389 0.293565 0.315073 0.336785 0.358565 0.380275 0.401777 0.422933 0.443607 0.46367 0.482997 0.501471 0.518983 0.535432 0.55073 0.564794 0.577553 0.588946 0.598919 0.607428 0.614437 0.619917 0.623846 0.62621 0.626999 0.62621 0.623846 0.619917 0.614437 0.607428 0.598919 0.588946 0.577553 0.564794 0.55073 0.535432 0.518983 0.501471 0.482997 0.46367 0.443607 0.422933 0.401777 0.380275 0.358565 0.336785 0.315073 0.293565 0.272389 0.251669 0.231519 0.212044 0.193335 0.175473 0.158524 0.14254 0.12756 0.113609 0.100699 0.0888281 0.0779861 0.068151 0.059293 0.0513758 0.0443578 0.0381943 0.0328389 0.0282452 0.0243684 0.0211667 0.0186024 0.0166433 0.0152632 0.0144429 
0.0151734 0.0154631 0.0163363 0.0178053 0.01989 0.0226177 0.026022 0.0301421 0.0350214 0.0407063 0.0472448 0.0546845 0.0630712 0.072447 0.0828487 0.0943055 0.106838 0.120456 0.135158 0.150929 0.16774 0.185548 0.204296 0.223911 0.244308 0.265387 0.287039 0.309141 0.331565 0.354173 0.376825 0.399377 0.421685 0.443607 0.465005 0.485745 0.5057 0.524752 0.542792 0.559719 0.575443 0.589886 0.602976 0.614655 0.62487 0.63358 0.64075 0.646354 0.65037 0.652786 0.653592 0.652786 0.65037 0.646354 0.64075 0.63358 0.62487 0.614655 0.602976 0.589886 0.575443 0.559719 0.542792 0.524752 0.5057 0.485745 0.465005 0.443607 0.421685 0.399377 0.376825 0.354173 0.331565 0.309141 0.287039 0.265387 0.244308 0.223911 0.204296 0.185548 0.16774 0.150929 0.135158 0.120456 0.106838 0.0943055 0.0828487 0.072447 0.0630712 0.0546845 0.0472448 0.0407063 0.0350214 0.0301421 0.026022 0.0226177 0.01989 0.0178053 0.0163363 0.0154631 
0.0161768 0.016484 0.0174098 0.018967 0.0211764 0.0240662 0.0276715 0.0320327 0.0371948 0.0432058 0.0501149 0.057971 0.0668209 0.076707 0.0876662 0.0997272 0.112909 0.127221 0.142657 0.1592 0.176818 0.195462 0.21507 0.235564 0.256851 0.278828 0.301376 0.324367 0.347665 0.371128 0.394608 0.417958 0.441027 0.46367 0.485745 0.507115 0.527653 0.547239 0.565763 0.583125 0.599237 0.614021 0.627408 0.639341 0.649771 0.658658 0.66597 0.671681 0.675774 0.678234 0.679055 0.678234 0.675774 0.671681 0.66597 0.658658 0.649771 0.639341 0.627408 0.614021 0.599237 0.583125 0.565763 0.547239 0.527653 0.507115 0.485745 0.46367 0.441027 0.417958 0.394608 0.371128 0.347665 0.324367 0.301376 0.278828 0.256851 0.235564 0.21507 0.195462 0.176818 0.1592 0.142657 0.127221 0.112909 0.0997272 0.0876662 0.076707 0.0668209 0.057971 0.0501149 0.0432058 0.0371948 0.0320327 0.0276715 0.0240662 0.0211764 0.018967 0.0174098 0.016484 
0.0171728 0.0174972 0.0184749 0.020119 0.0224511 0.0255006 0.0293034 0.0339017 0.0393418 0.0456729 0.0529455 0.0612097 0.0705128 0.0808978 0.0924014 0.105052 0.118866 0.133852 0.150002 0.167294 0.185692 0.205143 0.22558 0.246919 0.269062 0.291897 0.3153 0.339138 0.363267 0.387539 0.411801 0.4359 0.459682 0.482997 0.5057 0.527653 0.548726 0.5688 0.587764 0.605519 0.621979 0.637067 0.650718 0.662875 0.673492 0.682533 0.689967 0.695771 0.699928 0.702427 0.70326 0.702427 0.699928 0.695771 0.689967 0.682533 0.673492 0.662875 0.650718 0.637067 0.621979 0.605519 0.587764 0.5688 0.548726 0.527653 0.5057 0.482997 0.459682 0.4359 0.411801 0.387539 0.363267 0.339138 0.3153 0.291897 0.269062 0.246919 0.22558 0.205143 0.185692 0.167294 0.150002 0.133852 0.118866 0.105052 0.0924014 0.0808978 0.0705128 0.0612097 0.0529455 0.0456729 0.0393418 0.0339017 0.0293034 0.0255006 0.0224511 0.020119 0.0184749 0.0174972 
0.0181526 0.0184938 0.0195221 0.0212512 0.0237031 0.0269084 0.0309041 0.0357335 0.0414443 0.048087 0.0557132 0.0643738 0.074117 0.0849858 0.0970166 0.110237 0.124663 0.140299 0.157135 0.175148 0.194295 0.214519 0.235749 0.257895 0.280852 0.304503 0.328717 0.353355 0.378267 0.403299 0.428293 0.453091 0.477534 0.501471 0.524752 0.547239 0.5688 0.589315 0.608675 0.626782 0.64355 0.658906 0.672786 0.685138 0.695917 0.705088 0.712626 0.718508 0.722719 0.72525 0.726095 0.72525 0.722719 0.718508 0.712626 0.705088 0.695917 0.685138 0.672786 0.658906 0.64355 0.626782 0.608675 0.589315 0.5688 0.547239 0.524752 0.501471 0.477534 0.453091 0.428293 0.403299 0.378267 0.353355 0.328717 0.304503 0.280852 0.257895 0.235749 0.214519 0.194295 0.175148 0.157135 0.140299 0.124663 0.110237 0.0970166 0.0849858 0.074117 0.0643738 0.0557132 0.048087 0.0414443 0.0357335 0.0309041 0.0269084 0.0237031 0.0212512 0.0195221 0.0184938 
0.0191072 0.0194648 0.0205421 0.0223533 0.0249212 0.0282771 0.0324592 0.0375119 0.0434841 0.0504273 0.0583944 0.0674369 0.0776034 0.0889371 0.101474 0.115241 0.130252 0.14651 0.164003 0.182701 0.202561 0.223521 0.245503 0.268412 0.292138 0.316558 0.341534 0.366922 0.392565 0.418305 0.443979 0.469423 0.494476 0.518983 0.542792 0.565763 0.587764 0.608675 0.628387 0.646805 0.663844 0.679433 0.693511 0.706028 0.716944 0.726225 0.733849 0.739795 0.744051 0.746608 0.747461 0.746608 0.744051 0.739795 0.733849 0.726225 0.716944 0.706028 0.693511 0.679433 0.663844 0.646805 0.628387 0.608675 0.587764 0.565763 0.542792 0.518983 0.494476 0.469423 0.443979 0.418305 0.392565 0.366922 0.341534 0.316558 0.292138 0.268412 0.245503 0.223521 0.202561 0.182701 0.164003 0.14651 0.130252 0.115241 0.101474 0.0889371 0.0776034 0.0674369 0.0583944 0.0504273 0.0434841 0.0375119 0.0324592 0.0282771 0.0249212 0.0223533 0.0205421 0.0194648 
0.0200277 0.0204008 0.0215251 0.023415 0.026094 0.0295941 0.0339546 0.0392209 0.0454429 0.0526733 0.0609657 0.0703723 0.0809421 0.0927184 0.105737 0.120022 0.135589 0.152436 0.170549 0.189896 0.210429 0.232081 0.254769 0.278394 0.30284 0.327977 0.353664 0.379748 0.406069 0.432463 0.458762 0.484799 0.510408 0.535432 0.559719 0.583125 0.605519 0.626782 0.646805 0.665494 0.682768 0.698557 0.712803 0.725459 0.736488 0.74586 0.753553 0.759551 0.763843 0.766421 0.767281 0.766421 0.763843 0.759551 0.753553 0.74586 0.736488 0.725459 0.712803 0.698557 0.682768 0.665494 0.646805 0.626782 0.605519 0.583125 0.559719 0.535432 0.510408 0.484799 0.458762 0.432463 0.406069 0.379748 0.353664 0.327977 0.30284 0.278394 0.254769 0.232081 0.210429 0.189896 0.170549 0.152436 0.135589 0.120022 0.105737 0.0927184 0.0809421 0.0703723 0.0609657 0.0526733 0.0454429 0.0392209 0.0339546 0.0295941 0.026094 0.023415 0.0215251 0.0204008 
0.0209048 0.0212928 0.0224616 0.0244261 0.0272103 0.030847 0.0353763 0.0408446 0.0473028 0.0548045 0.0634039 0.0731541 0.084104 0.096297 0.109768 0.124541 0.140629 0.158029 0.176723 0.196676 0.217836 0.240133 0.263479 0.287769 0.312882 0.338682 0.365024 0.391749 0.418692 0.445684 0.472552 0.499127 0.52524 0.55073 0.575443 0.599237 0.621979 0.64355 0.663844 0.682768 0.700242 0.7162 0.730586 0.743358 0.754478 0.763923 0.771671 0.77771 0.782029 0.784623 0.785488 0.784623 0.782029 0.77771 0.771671 0.763923 0.754478 0.743358 0.730586 0.7162 0.700242 0.682768 0.663844 0.64355 0.621979 0.599237 0.575443 0.55073 0.52524 0.499127 0.472552 0.445684 0.418692 0.391749 0.365024 0.338682 0.312882 0.287769 0.263479 0.240133 0.217836 0.196676 0.176723 0.158029 0.140629 0.124541 0.109768 0.096297 0.084104 0.0731541 0.0634039 0.0548045 0.0473028 0.0408446 0.0353763 0.030847 0.0272103 0.0244261 0.0224616 0.0212928 
