0.000257655 0.000263612 0.000281629 0.000312138 0.000355859 0.000413791 0.000487209 0.000577648 0.000686897 0.000816975 0.000970113 0.00114872 0.00135537 0.00159273 0.00186355 0.00217057 0.00251652 0.002904 0.00333545 0.00381305 0.00433867 0.00491378 0.00553937 0.0062159 0.0069432 0.00772044 0.00854604 0.00941768 0.0103322 0.0112857 0.0122733 0.0132896 0.0143282 0.015382 0.0164433 0.017504 0.0185552 0.0195881 0.0205931 0.0215611 0.0224827 0.0233488 0.0241505 0.0248796 0.0255284 0.0260899 0.0265581 0.0269277 0.0271946 0.027356 0.02741 0.027356 0.0271946 0.0269277 0.0265581 0.0260899 0.0255284 0.0248796 0.0241505 0.0233488 0.0224827 0.0215611 0.0205931 0.0195881 0.0185552 0.017504 0.0164433 0.015382 0.0143282 0.0132896 0.0122733 0.0112857 0.0103322 0.00941768 0.00854604 0.00772044 0.0069432 0.0062159 0.00553937 0.00491378 0.00433867 0.00381305 0.00333545 0.002904 0.00251652 0.00217057 0.00186355 0.00159273 0.00135537 0.00114872 0.000970113 0.000816975 0.000686897 0.000577648 0.000487209 0.000413791 0.000355859 0.000312138 0.000281629 0.000263612 
0.000263612 0.000269697 0.000288101 0.000319265 0.00036392 0.000423085 0.000498056 0.000590398 0.00070193 0.000834707 0.000990997 0.00117325 0.00138409 0.00162621 0.00190241 0.00221549 0.0025682 0.00296318 0.00340291 0.00388958 0.00442509 0.00501093 0.00564807 0.00633698 0.00707747 0.00786867 0.00870898 0.00959599 0.0105265 0.0114965 0.0125012 0.0135347 0.0145909 0.0156623 0.0167413 0.0178195 0.018888 0.0199377 0.0209591 0.0219426 0.022879 0.0237588 0.0245733 0.0253139 0.0259729 0.0265432 0.0270186 0.027394 0.0276651 0.027829 0.0278839 0.027829 0.0276651 0.027394 0.0270186 0.0265432 0.0259729 0.0253139 0.0245733 0.0237588 0.022879 0.0219426 0.0209591 0.0199377 0.018888 0.0178195 0.0167413 0.0156623 0.0145909 0.0135347 0.0125012 0.0114965 0.0105265 0.00959599 0.00870898 0.00786867 0.00707747 0.00633698 0.00564807 0.00501093 0.00442509 0.00388958 0.00340291 0.00296318 0.0025682 0.00221549 0.00190241 0.00162621 0.00138409 0.00117325 0.000990997 0.000834707 0.00070193 0.000590398 0.000498056 0.000423085 0.00036392 0.000319265 0.000288101 0.000269697 
0.000281629 0.000288101 0.000307675 0.000340814 0.000388291 0.000451179 0.000530842 0.000628929 0.000747354 0.000888277 0.00105408 0.00124735 0.00147081 0.00172731 0.00201977 0.00235111 0.0027242 0.00314181 0.00360648 0.00412052 0.00468585 0.00530401 0.00597599 0.00670221 0.00748243 0.00831569 0.00920027 0.0101336 0.0111123 0.0121321 0.0131878 0.0142735 0.0153825 0.0165071 0.0176393 0.0187702 0.0198906 0.0209909 0.0220612 0.0230917 0.0240724 0.0249937 0.0258464 0.0266216 0.0273112 0.027908 0.0284054 0.0287981 0.0290818 0.0292532 0.0293106 0.0292532 0.0290818 0.0287981 0.0284054 0.027908 0.0273112 0.0266216 0.0258464 0.0249937 0.0240724 0.0230917 0.0220612 0.0209909 0.0198906 0.0187702 0.0176393 0.0165071 0.0153825 0.0142735 0.0131878 0.0121321 0.0111123 0.0101336 0.00920027 0.00831569 0.00748243 0.00670221 0.00597599 0.00530401 0.00468585 0.00412052 0.00360648 0.00314181 0.0027242 0.00235111 0.00201977 0.00172731 0.00147081 0.00124735 0.00105408 0.000888277 0.000747354 0.000628929 0.000530842 0.000451179 0.000388291 0.000340814 0.000307675 0.000288101 
0.000312138 0.000319265 0.000340814 0.000377291 0.000429535 0.000498709 0.000586297 0.000694083 0.000824143 0.000978815 0.00116068 0.00137251 0.00161726 0.001898 0.00221786 0.00257997 0.00298741 0.00344311 0.00394979 0.00450988 0.0051254 0.00579793 0.00652848 0.00731742 0.00816442 0.00906837 0.0100273 0.0110384 0.012098 0.0132013 0.0143427 0.0155159 0.0167135 0.0179273 0.0191486 0.0203679 0.0215753 0.0227603 0.0239127 0.0250216 0.0260766 0.0270674 0.027984 0.0288171 0.0295581 0.0301992 0.0307334 0.0311551 0.0314596 0.0316437 0.0317053 0.0316437 0.0314596 0.0311551 0.0307334 0.0301992 0.0295581 0.0288171 0.027984 0.0270674 0.0260766 0.0250216 0.0239127 0.0227603 0.0215753 0.0203679 0.0191486 0.0179273 0.0167135 0.0155159 0.0143427 0.0132013 0.012098 0.0110384 0.0100273 0.00906837 0.00816442 0.00731742 0.00652848 0.00579793 0.0051254 0.00450988 0.00394979 0.00344311 0.00298741 0.00257997 0.00221786 0.001898 0.00161726 0.00137251 0.00116068 0.000978815 0.000824143 0.000694083 0.000586297 0.000498709 0.000429535 0.000377291 0.000340814 0.000319265 
0.000355859 0.00036392 0.000388291 0.000429535 0.000488584 0.000566732 0.000665628 0.000787254 0.000933909 0.00110818 0.00131293 0.00155122 0.00182631 0.00214156 0.00250041 0.0029063 0.00336257 0.00387243 0.00443879 0.00506428 0.00575105 0.00650074 0.00731437 0.00819225 0.0091339 0.010138 0.0112022 0.0123235 0.0134974 0.0147188 0.0159816 0.0172784 0.0186012 0.019941 0.0212881 0.0226321 0.0239621 0.0252668 0.0265348 0.0277543 0.028914 0.0300026 0.0310094 0.0319241 0.0327374 0.0334408 0.0340268 0.0344893 0.0348233 0.0350251 0.0350927 0.0350251 0.0348233 0.0344893 0.0340268 0.0334408 0.0327374 0.0319241 0.0310094 0.0300026 0.028914 0.0277543 0.0265348 0.0252668 0.0239621 0.0226321 0.0212881 0.019941 0.0186012 0.0172784 0.0159816 0.0147188 0.0134974 0.0123235 0.0112022 0.010138 0.0091339 0.00819225 0.00731437 0.00650074 0.00575105 0.00506428 0.00443879 0.00387243 0.00336257 0.0029063 0.00250041 0.00214156 0.00182631 0.00155122 0.00131293 0.00110818 0.000933909 0.000787254 0.000665628 0.000566732 0.000488584 0.000429535 0.000388291 0.00036392 
0.000413791 0.000423085 0.000451179 0.000498709 0.000566732 0.000656713 0.000770514 0.000910373 0.00107888 0.00127897 0.00151383 0.00178692 0.00210188 0.00246247 0.00287254 0.00333589 0.00385624 0.0044371 0.00508169 0.00579283 0.00657287 0.00742351 0.00834579 0.0093399 0.0104052 0.01154 0.0127417 0.0140065 0.0153295 0.0167049 0.0181255 0.0195832 0.0210689 0.0225725 0.0240831 0.0255891 0.0270785 0.0285385 0.0299565 0.0313195 0.032615 0.0338304 0.0349539 0.0359743 0.0368812 0.0376654 0.0383185 0.0388339 0.039206 0.0394308 0.039506 0.0394308 0.039206 0.0388339 0.0383185 0.0376654 0.0368812 0.0359743 0.0349539 0.0338304 0.032615 0.0313195 0.0299565 0.0285385 0.0270785 0.0255891 0.0240831 0.0225725 0.0210689 0.0195832 0.0181255 0.0167049 0.0153295 0.0140065 0.0127417 0.01154 0.0104052 0.0093399 0.00834579 0.00742351 0.00657287 0.00579283 0.00508169 0.0044371 0.00385624 0.00333589 0.00287254 0.00246247 0.00210188 0.00178692 0.00151383 0.00127897 0.00107888 0.000910373 0.000770514 0.000656713 0.000566732 0.000498709 0.000451179 0.000423085 
0.000487209 0.000498056 0.000530842 0.000586297 0.000665628 0.000770514 0.000903082 0.00106589 0.0012619 0.00149444 0.00176715 0.00208395 0.00244896 0.00286645 0.00334072 0.00387607 0.00447665 0.00514636 0.00588876 0.00670697 0.00760348 0.00858012 0.0096379 0.0107769 0.0119962 0.0132937 0.0146663 0.0161096 0.0176179 0.0191844 0.0208009 0.0224581 0.0241457 0.0258521 0.0275652 0.0292717 0.030958 0.03261 0.0342133 0.0357536 0.0372166 0.0385885 0.0398561 0.0410068 0.0420291 0.0429127 0.0436486 0.044229 0.0446481 0.0449012 0.0449859 0.0449012 0.0446481 0.044229 0.0436486 0.0429127 0.0420291 0.0410068 0.0398561 0.0385885 0.0372166 0.0357536 0.0342133 0.03261 0.030958 0.0292717 0.0275652 0.0258521 0.0241457 0.0224581 0.0208009 0.0191844 0.0176179 0.0161096 0.0146663 0.0132937 0.0119962 0.0107769 0.0096379 0.00858012 0.00760348 0.00670697 0.00588876 0.00514636 0.00447665 0.00387607 0.00334072 0.00286645 0.00244896 0.00208395 0.00176715 0.00149444 0.0012619 0.00106589 0.000903082 0.000770514 0.000665628 0.000586297 0.000530842 0.000498056 
0.000577648 0.000590398 0.000628929 0.000694083 0.000787254 0.000910373 0.00106589 0.00125675 0.00148635 0.00175851 0.0020774 0.00244749 0.0028735 0.00336026 0.00391266 0.00453555 0.0052336 0.00601118 0.00687225 0.00782023 0.00885782 0.00998696 0.0112086 0.0125227 0.0139279 0.0154218 0.0170005 0.0186588 0.0203902 0.0221865 0.0240385 0.0259354 0.0278653 0.0298151 0.0317707 0.0337174 0.0356396 0.0375213 0.0393463 0.0410984 0.0427616 0.0443204 0.0457599 0.0470661 0.0482262 0.0492285 0.0500629 0.050721 0.0511959 0.0514829 0.0515788 0.0514829 0.0511959 0.050721 0.0500629 0.0492285 0.0482262 0.0470661 0.0457599 0.0443204 0.0427616 0.0410984 0.0393463 0.0375213 0.0356396 0.0337174 0.0317707 0.0298151 0.0278653 0.0259354 0.0240385 0.0221865 0.0203902 0.0186588 0.0170005 0.0154218 0.0139279 0.0125227 0.0112086 0.00998696 0.00885782 0.00782023 0.00687225 0.00601118 0.0052336 0.00453555 0.00391266 0.00336026 0.0028735 0.00244749 0.0020774 0.00175851 0.00148635 0.00125675 0.00106589 0.000910373 0.000787254 0.000694083 0.000628929 0.000590398 
0.000686897 0.00070193 0.000747354 0.000824143 0.000933909 0.00107888 0.0012619 0.00148635 0.00175616 0.0020757 0.00244979 0.00288353 0.00338233 0.00395169 0.00459718 0.0053243 0.00613829 0.00704408 0.00804606 0.009148 0.0103528 0.0116626 0.0130782 0.0145992 0.0162241 0.0179497 0.0197715 0.0216832 0.0236771 0.0257438 0.0278726 0.0300509 0.0322651 0.0345003 0.0367402 0.0389681 0.0411662 0.0433165 0.0454005 0.0474 0.0492969 0.0510737 0.0527137 0.0542011 0.0555216 0.0566621 0.0576113 0.0583597 0.0588997 0.059226 0.0593351 0.059226 0.0588997 0.0583597 0.0576113 0.0566621 0.0555216 0.0542011 0.0527137 0.0510737 0.0492969 0.0474 0.0454005 0.0433165 0.0411662 0.0389681 0.0367402 0.0345003 0.0322651 0.0300509 0.0278726 0.0257438 0.0236771 0.0216832 0.0197715 0.0179497 0.0162241 0.0145992 0.0130782 0.0116626 0.0103528 0.009148 0.00804606 0.00704408 0.00613829 0.0053243 0.00459718 0.00395169 0.00338233 0.00288353 0.00244979 0.0020757 0.00175616 0.00148635 0.0012619 0.00107888 0.000933909 0.000824143 0.000747354 0.00070193 
0.000816975 0.000834707 0.000888277 0.000978815 0.00110818 0.00127897 0.00149444 0.00175851 0.0020757 0.00245107 0.00289011 0.00339872 0.00398304 0.00464939 0.00540408 0.00625334 0.0072031 0.00825886 0.00942553 0.0107072 0.0121072 0.0136274 0.0152687 0.0170305 0.0189107 0.0209053 0.0230089 0.0252142 0.027512 0.0298915 0.03234 0.0348432 0.0373854 0.0399493 0.0425167 0.045068 0.0475834 0.0500421 0.0524235 0.0547067 0.0568715 0.0588981 0.0607677 0.0624625 0.0639665 0.0652651 0.0663455 0.0671972 0.0678117 0.0681828 0.068307 0.0681828 0.0678117 0.0671972 0.0663455 0.0652651 0.0639665 0.0624625 0.0607677 0.0588981 0.0568715 0.0547067 0.0524235 0.0500421 0.0475834 0.045068 0.0425167 0.0399493 0.0373854 0.0348432 0.03234 0.0298915 0.027512 0.0252142 0.0230089 0.0209053 0.0189107 0.0170305 0.0152687 0.0136274 0.0121072 0.0107072 0.00942553 0.00825886 0.0072031 0.00625334 0.00540408 0.00464939 0.00398304 0.00339872 0.00289011 0.00245107 0.0020757 0.00175851 0.00149444 0.00127897 0.00110818 0.000978815 0.000888277 0.000834707 
0.000970113 0.000990997 0.00105408 0.00116068 0.00131293 0.00151383 0.00176715 0.0020774 0.00244979 0.00289011 0.0034047 0.00400029 0.0046839 0.00546272 0.00634395 0.00733459 0.00844135 0.00967037 0.0110271 0.0125161 0.0141407 0.0159031 0.0178039 0.0198421 0.0220149 0.0243178 0.026744 0.0292849 0.0319298 0.0346661 0.0374791 0.0403523 0.0432675 0.0462051 0.0491442 0.0520625 0.0549375 0.0577456 0.0604634 0.0630676 0.0655351 0.0678438 0.0699724 0.0719013 0.0736123 0.075089 0.0763173 0.0772852 0.0779835 0.0784052 0.0785462 0.0784052 0.0779835 0.0772852 0.0763173 0.075089 0.0736123 0.0719013 0.0699724 0.0678438 0.0655351 0.0630676 0.0604634 0.0577456 0.0549375 0.0520625 0.0491442 0.0462051 0.0432675 0.0403523 0.0374791 0.0346661 0.0319298 0.0292849 0.026744 0.0243178 0.0220149 0.0198421 0.0178039 0.0159031 0.0141407 0.0125161 0.0110271 0.00967037 0.00844135 0.00733459 0.00634395 0.00546272 0.0046839 0.00400029 0.0034047 0.00289011 0.00244979 0.0020774 0.00176715 0.00151383 0.00131293 0.00116068 0.00105408 0.000990997 
0.00114872 0.00117325 0.00124735 0.00137251 0.00155122 0.00178692 0.00208395 0.00244749 0.00288353 0.00339872 0.00400029 0.00469593 0.00549365 0.00640162 0.00742796 0.00858061 0.00986706 0.0112942 0.012868 0.0145934 0.0164741 0.0185121 0.020708 0.0230601 0.0255651 0.0282172 0.0310085 0.0339289 0.0369659 0.0401047 0.0433285 0.0466181 0.0499529 0.0533104 0.0566666 0.0599964 0.0632741 0.0664733 0.0695674 0.07253 0.0753355 0.0779589 0.0803765 0.0825661 0.0845076 0.0861826 0.0875754 0.0886728 0.0894642 0.0899421 0.090102 0.0899421 0.0894642 0.0886728 0.0875754 0.0861826 0.0845076 0.0825661 0.0803765 0.0779589 0.0753355 0.07253 0.0695674 0.0664733 0.0632741 0.0599964 0.0566666 0.0533104 0.0499529 0.0466181 0.0433285 0.0401047 0.0369659 0.0339289 0.0310085 0.0282172 0.0255651 0.0230601 0.020708 0.0185121 0.0164741 0.0145934 0.012868 0.0112942 0.00986706 0.00858061 0.00742796 0.00640162 0.00549365 0.00469593 0.00400029 0.00339872 0.00288353 0.00244749 0.00208395 0.00178692 0.00155122 0.00137251 0.00124735 0.00117325 
0.00135537 0.00138409 0.00147081 0.00161726 0.00182631 0.00210188 0.00244896 0.0028735 0.00338233 0.00398304 0.0046839 0.00549365 0.00642139 0.00747634 0.00866768 0.0100043 0.0114946 0.0131463 0.0149658 0.0169585 0.0191284 0.0214773 0.0240056 0.026711 0.0295892 0.0326334 0.0358342 0.0391796 0.0426551 0.0462436 0.0499258 0.0536797 0.0574816 0.061306 0.0651256 0.0689121 0.0726364 0.0762687 0.0797791 0.0831382 0.086317 0.0892878 0.0920241 0.0945012 0.0966965 0.09859 0.100164 0.101404 0.102298 0.102837 0.103018 0.102837 0.102298 0.101404 0.100164 0.09859 0.0966965 0.0945012 0.0920241 0.0892878 0.086317 0.0831382 0.0797791 0.0762687 0.0726364 0.0689121 0.0651256 0.061306 0.0574816 0.0536797 0.0499258 0.0462436 0.0426551 0.0391796 0.0358342 0.0326334 0.0295892 0.026711 0.0240056 0.0214773 0.0191284 0.0169585 0.0149658 0.0131463 0.0114946 0.0100043 0.00866768 0.00747634 0.00642139 0.00549365 0.0046839 0.00398304 0.00338233 0.0028735 0.00244896 0.00210188 0.00182631 0.00161726 0.00147081 0.00138409 
0.00159273 0.00162621 0.00172731 0.001898 0.00214156 0.00246247 0.00286645 0.00336026 0.00395169 0.00464939 0.00546272 0.00640162 0.00747634 0.00869729 0.0100748 0.0116188 0.0133385 0.0152425 0.017338 0.0196305 0.0221243 0.0248211 0.0277207 0.0308204 0.0341146 0.0375953 0.0412512 0.0450686 0.0490304 0.053117 0.0573062 0.061573 0.0658905 0.0702294 0.0745593 0.078848 0.0830628 0.0871704 0.0911373 0.0949305 0.0985179 0.101869 0.104953 0.107744 0.110216 0.112348 0.114119 0.115514 0.11652 0.117127 0.11733 0.117127 0.11652 0.115514 0.114119 0.112348 0.110216 0.107744 0.104953 0.101869 0.0985179 0.0949305 0.0911373 0.0871704 0.0830628 0.078848 0.0745593 0.0702294 0.0658905 0.061573 0.0573062 0.053117 0.0490304 0.0450686 0.0412512 0.0375953 0.0341146 0.0308204 0.0277207 0.0248211 0.0221243 0.0196305 0.017338 0.0152425 0.0133385 0.0116188 0.0100748 0.00869729 0.00747634 0.00640162 0.00546272 0.00464939 0.00395169 0.00336026 0.00286645 0.00246247 0.00214156 0.001898 0.00172731 0.00162621 
0.00186355 0.00190241 0.00201977 0.00221786 0.00250041 0.00287254 0.00334072 0.00391266 0.00459718 0.00540408 0.00634395 0.00742796 0.00866768 0.0100748 0.0116608 0.0134367 0.0154129 0.0175986 0.0200015 0.0226279 0.0254818 0.0285649 0.0318764 0.0354126 0.039167 0.0431298 0.0472879 0.051625 0.0561219 0.0607558 0.0655014 0.0703303 0.0752119 0.0801134 0.0850003 0.0898367 0.0945857 0.0992103 0.103673 0.107938 0.111968 0.115731 0.119192 0.122323 0.125095 0.127484 0.129468 0.131031 0.132157 0.132837 0.133064 0.132837 0.132157 0.131031 0.129468 0.127484 0.125095 0.122323 0.119192 0.115731 0.111968 0.107938 0.103673 0.0992103 0.0945857 0.0898367 0.0850003 0.0801134 0.0752119 0.0703303 0.0655014 0.0607558 0.0561219 0.051625 0.0472879 0.0431298 0.039167 0.0354126 0.0318764 0.0285649 0.0254818 0.0226279 0.0200015 0.0175986 0.0154129 0.0134367 0.0116608 0.0100748 0.00866768 0.00742796 0.00634395 0.00540408 0.00459718 0.00391266 0.00334072 0.00287254 0.00250041 0.00221786 0.00201977 0.00190241 
0.00217057 0.00221549 0.00235111 0.00257997 0.0029063 0.00333589 0.00387607 0.00453555 0.0053243 0.00625334 0.00733459 0.00858061 0.0100043 0.0116188 0.0134367 0.0154704 0.0177311 0.020229 0.0229725 0.0259679 0.0292194 0.0327284 0.0364934 0.0405098 0.0447695 0.0492609 0.0539688 0.0588745 0.0639556 0.0691864 0.0745378 0.079978 0.0854723 0.0909839 0.0964741 0.101903 0.107229 0.112412 0.117409 0.122182 0.126689 0.130893 0.13476 0.138254 0.141348 0.144012 0.146225 0.147967 0.149222 0.14998 0.150233 0.14998 0.149222 0.147967 0.146225 0.144012 0.141348 0.138254 0.13476 0.130893 0.126689 0.122182 0.117409 0.112412 0.107229 0.101903 0.0964741 0.0909839 0.0854723 0.079978 0.0745378 0.0691864 0.0639556 0.0588745 0.0539688 0.0492609 0.0447695 0.0405098 0.0364934 0.0327284 0.0292194 0.0259679 0.0229725 0.020229 0.0177311 0.0154704 0.0134367 0.0116188 0.0100043 0.00858061 0.00733459 0.00625334 0.0053243 0.00453555 0.00387607 0.00333589 0.0029063 0.00257997 0.00235111 0.00221549 
0.00251652 0.0025682 0.0027242 0.00298741 0.00336257 0.00385624 0.00447665 0.0052336 0.00613829 0.0072031 0.00844135 0.00986706 0.0114946 0.0133385 0.0154129 0.0177311 0.0203057 0.0231474 0.0262653 0.029666 0.0333536 0.0373291 0.0415902 0.0461309 0.0509417 0.0560088 0.0613147 0.0668376 0.0725522 0.0784291 0.0844356 0.0905357 0.0966905 0.102859 0.108998 0.115062 0.121008 0.126788 0.132357 0.137672 0.142687 0.147364 0.151661 0.155543 0.158978 0.161936 0.164391 0.166323 0.167715 0.168555 0.168836 0.168555 0.167715 0.166323 0.164391 0.161936 0.158978 0.155543 0.151661 0.147364 0.142687 0.137672 0.132357 0.126788 0.121008 0.115062 0.108998 0.102859 0.0966905 0.0905357 0.0844356 0.0784291 0.0725522 0.0668376 0.0613147 0.0560088 0.0509417 0.0461309 0.0415902 0.0373291 0.0333536 0.029666 0.0262653 0.0231474 0.0203057 0.0177311 0.0154129 0.0133385 0.0114946 0.00986706 0.00844135 0.0072031 0.00613829 0.0052336 0.00447665 0.00385624 0.00336257 0.00298741 0.0027242 0.0025682 
0.002904 0.00296318 0.00314181 0.00344311 0.00387243 0.0044371 0.00514636 0.00601118 0.00704408 0.00825886 0.00967037 0.0112942 0.0131463 0.0152425 0.0175986 0.020229 0.0231474 0.0263653 0.0298924 0.0337354 0.0378983 0.0423814 0.0471815 0.0522912 0.057699 0.0633889 0.0693406 0.0755293 0.081926 0.0884977 0.0952074 0.102015 0.108877 0.115747 0.122578 0.12932 0.135924 0.142339 0.148516 0.154405 0.159959 0.165134 0.169887 0.174178 0.177973 0.18124 0.18395 0.186083 0.187619 0.188546 0.188855 0.188546 0.187619 0.186083 0.18395 0.18124 0.177973 0.174178 0.169887 0.165134 0.159959 0.154405 0.148516 0.142339 0.135924 0.12932 0.122578 0.115747 0.108877 0.102015 0.0952074 0.0884977 0.081926 0.0755293 0.0693406 0.0633889 0.057699 0.0522912 0.0471815 0.0423814 0.0378983 0.0337354 0.0298924 0.0263653 0.0231474 0.020229 0.0175986 0.0152425 0.0131463 0.0112942 0.00967037 0.00825886 0.00704408 0.00601118 0.00514636 0.0044371 0.00387243 0.00344311 0.00314181 0.00296318 
0.00333545 0.00340291 0.00360648 0.00394979 0.00443879 0.00508169 0.00588876 0.00687225 0.00804606 0.00942553 0.0110271 0.012868 0.0149658 0.017338 0.0200015 0.0229725 0.0262653 0.0298924 0.0338638 0.0381865 0.042864 0.047896 0.0532781 0.0590012 0.0650516 0.0714108 0.0780555 0.0849575 0.0920839 0.0993975 0.106857 0.114417 0.122031 0.129646 0.13721 0.14467 0.151969 0.159054 0.16587 0.172364 0.178484 0.184182 0.189412 0.194132 0.198304 0.201893 0.204871 0.207213 0.208899 0.209916 0.210256 0.209916 0.208899 0.207213 0.204871 0.201893 0.198304 0.194132 0.189412 0.184182 0.178484 0.172364 0.16587 0.159054 0.151969 0.14467 0.13721 0.129646 0.122031 0.114417 0.106857 0.0993975 0.0920839 0.0849575 0.0780555 0.0714108 0.0650516 0.0590012 0.0532781 0.047896 0.042864 0.0381865 0.0338638 0.0298924 0.0262653 0.0229725 0.0200015 0.017338 0.0149658 0.012868 0.0110271 0.00942553 0.00804606 0.00687225 0.00588876 0.00508169 0.00443879 0.00394979 0.00360648 0.00340291 
0.00381305 0.00388958 0.00412052 0.00450988 0.00506428 0.00579283 0.00670697 0.00782023 0.009148 0.0107072 0.0125161 0.0145934 0.0169585 0.0196305 0.0226279 0.0259679 0.029666 0.0337354 0.0381865 0.0430262 0.0482576 0.0538795 0.059886 0.0662662 0.073004 0.080078 0.0874615 0.0951227 0.103024 0.111125 0.119379 0.127735 0.136142 0.144542 0.152878 0.16109 0.16912 0.176906 0.18439 0.191515 0.198225 0.204469 0.210195 0.215361 0.219924 0.223848 0.227102 0.229661 0.231503 0.232614 0.232985 0.232614 0.231503 0.229661 0.227102 0.223848 0.219924 0.215361 0.210195 0.204469 0.198225 0.191515 0.18439 0.176906 0.16912 0.16109 0.152878 0.144542 0.136142 0.127735 0.119379 0.111125 0.103024 0.0951227 0.0874615 0.080078 0.073004 0.0662662 0.059886 0.0538795 0.0482576 0.0430262 0.0381865 0.0337354 0.029666 0.0259679 0.0226279 0.0196305 0.0169585 0.0145934 0.0125161 0.0107072 0.009148 0.00782023 0.00670697 0.00579283 0.00506428 0.00450988 0.00412052 0.00388958 
0.00433867 0.00442509 0.00468585 0.0051254 0.00575105 0.00657287 0.00760348 0.00885782 0.0103528 0.0121072 0.0141407 0.0164741 0.0191284 0.0221243 0.0254818 0.0292194 0.0333536 0.0378983 0.042864 0.0482576 0.0540816 0.0603335 0.0670059 0.0740856 0.081554 0.0893865 0.0975527 0.106017 0.114737 0.123667 0.132756 0.141949 0.151187 0.160408 0.16955 0.178548 0.187337 0.195853 0.204031 0.21181 0.219131 0.225938 0.232177 0.237802 0.242768 0.247037 0.250575 0.253356 0.255359 0.256566 0.256969 0.256566 0.255359 0.253356 0.250575 0.247037 0.242768 0.237802 0.232177 0.225938 0.219131 0.21181 0.204031 0.195853 0.187337 0.178548 0.16955 0.160408 0.151187 0.141949 0.132756 0.123667 0.114737 0.106017 0.0975527 0.0893865 0.081554 0.0740856 0.0670059 0.0603335 0.0540816 0.0482576 0.042864 0.0378983 0.0333536 0.0292194 0.0254818 0.0221243 0.0191284 0.0164741 0.0141407 0.0121072 0.0103528 0.00885782 0.00760348 0.00657287 0.00575105 0.0051254 0.00468585 0.00442509 
0.00491378 0.00501093 0.00530401 0.00579793 0.00650074 0.00742351 0.00858012 0.00998696 0.0116626 0.0136274 0.0159031 0.0185121 0.0214773 0.0248211 0.0285649 0.0327284 0.0373291 0.0423814 0.047896 0.0538795 0.0603335 0.0672543 0.0746324 0.0824524 0.0906925 0.0993248 0.108315 0.117623 0.127201 0.137 0.146962 0.157027 0.167131 0.177206 0.187185 0.196996 0.206571 0.215839 0.224732 0.233184 0.241132 0.248516 0.255281 0.261375 0.266753 0.271374 0.275203 0.278211 0.280376 0.281681 0.282117 0.281681 0.280376 0.278211 0.275203 0.271374 0.266753 0.261375 0.255281 0.248516 0.241132 0.233184 0.224732 0.215839 0.206571 0.196996 0.187185 0.177206 0.167131 0.157027 0.146962 0.137 0.127201 0.117623 0.108315 0.0993248 0.0906925 0.0824524 0.0746324 0.0672543 0.0603335 0.0538795 0.047896 0.0423814 0.0373291 0.0327284 0.0285649 0.0248211 0.0214773 0.0185121 0.0159031 0.0136274 0.0116626 0.00998696 0.00858012 0.00742351 0.00650074 0.00579793 0.00530401 0.00501093 
0.00553937 0.00564807 0.00597599 0.00652848 0.00731437 0.00834579 0.0096379 0.0112086 0.0130782 0.0152687 0.0178039 0.020708 0.0240056 0.0277207 0.0318764 0.0364934 0.0415902 0.0471815 0.0532781 0.059886 0.0670059 0.0746324 0.0827539 0.0913524 0.100403 0.109873 0.119725 0.129914 0.140387 0.15109 0.161958 0.172927 0.183926 0.194883 0.205723 0.216371 0.226752 0.236791 0.246416 0.255555 0.264142 0.272114 0.279413 0.285984 0.291779 0.296756 0.300878 0.304116 0.306445 0.30785 0.308319 0.30785 0.306445 0.304116 0.300878 0.296756 0.291779 0.285984 0.279413 0.272114 0.264142 0.255555 0.246416 0.236791 0.226752 0.216371 0.205723 0.194883 0.183926 0.172927 0.161958 0.15109 0.140387 0.129914 0.119725 0.109873 0.100403 0.0913524 0.0827539 0.0746324 0.0670059 0.059886 0.0532781 0.0471815 0.0415902 0.0364934 0.0318764 0.0277207 0.0240056 0.020708 0.0178039 0.0152687 0.0130782 0.0112086 0.0096379 0.00834579 0.00731437 0.00652848 0.00597599 0.00564807 
0.0062159 0.00633698 0.00670221 0.00731742 0.00819225 0.0093399 0.0107769 0.0125227 0.0145992 0.0170305 0.0198421 0.0230601 0.026711 0.0308204 0.0354126 0.0405098 0.0461309 0.0522912 0.0590012 0.0662662 0.0740856 0.0824524 0.0913524 0.100765 0.11066 0.121004 0.131752 0.142854 0.154254 0.16589 0.177694 0.189593 0.201512 0.213373 0.225095 0.236597 0.2478 0.258623 0.26899 0.278825 0.288059 0.296625 0.304462 0.311513 0.317727 0.323062 0.327479 0.330946 0.333441 0.334945 0.335447 0.334945 0.333441 0.330946 0.327479 0.323062 0.317727 0.311513 0.304462 0.296625 0.288059 0.278825 0.26899 0.258623 0.2478 0.236597 0.225095 0.213373 0.201512 0.189593 0.177694 0.16589 0.154254 0.142854 0.131752 0.121004 0.11066 0.100765 0.0913524 0.0824524 0.0740856 0.0662662 0.0590012 0.0522912 0.0461309 0.0405098 0.0354126 0.0308204 0.026711 0.0230601 0.0198421 0.0170305 0.0145992 0.0125227 0.0107769 0.0093399 0.00819225 0.00731742 0.00670221 0.00633698 
0.0069432 0.00707747 0.00748243 0.00816442 0.0091339 0.0104052 0.0119962 0.0139279 0.0162241 0.0189107 0.0220149 0.0255651 0.0295892 0.0341146 0.039167 0.0447695 0.0509417 0.057699 0.0650516 0.073004 0.081554 0.0906925 0.100403 0.11066 0.121433 0.13268 0.144353 0.156398 0.168752 0.181347 0.194108 0.206959 0.219817 0.232598 0.245216 0.257584 0.269618 0.281233 0.292348 0.302884 0.312767 0.321928 0.330302 0.337832 0.344466 0.350156 0.354866 0.358563 0.361221 0.362823 0.363358 0.362823 0.361221 0.358563 0.354866 0.350156 0.344466 0.337832 0.330302 0.321928 0.312767 0.302884 0.292348 0.281233 0.269618 0.257584 0.245216 0.232598 0.219817 0.206959 0.194108 0.181347 0.168752 0.156398 0.144353 0.13268 0.121433 0.11066 0.100403 0.0906925 0.081554 0.073004 0.0650516 0.057699 0.0509417 0.0447695 0.039167 0.0341146 0.0295892 0.0255651 0.0220149 0.0189107 0.0162241 0.0139279 0.0119962 0.0104052 0.0091339 0.00816442 0.00748243 0.00707747 
0.00772044 0.00786867 0.00831569 0.00906837 0.010138 0.01154 0.0132937 0.0154218 0.0179497 0.0209053 0.0243178 0.0282172 0.0326334 0.0375953 0.0431298 0.0492609 0.0560088 0.0633889 0.0714108 0.080078 0.0893865 0.0993248 0.109873 0.121004 0.13268 0.144856 0.15748 0.17049 0.183819 0.197392 0.211129 0.224947 0.238756 0.252468 0.26599 0.27923 0.292099 0.304508 0.31637 0.327605 0.338135 0.347887 0.356795 0.3648 0.371847 0.37789 0.382888 0.38681 0.38963 0.391329 0.391896 0.391329 0.38963 0.38681 0.382888 0.37789 0.371847 0.3648 0.356795 0.347887 0.338135 0.327605 0.31637 0.304508 0.292099 0.27923 0.26599 0.252468 0.238756 0.224947 0.211129 0.197392 0.183819 0.17049 0.15748 0.144856 0.13268 0.121004 0.109873 0.0993248 0.0893865 0.080078 0.0714108 0.0633889 0.0560088 0.0492609 0.0431298 0.0375953 0.0326334 0.0282172 0.0243178 0.0209053 0.0179497 0.0154218 0.0132937 0.01154 0.010138 0.00906837 0.00831569 0.00786867 
0.00854604 0.00870898 0.00920027 0.0100273 0.0112022 0.0127417 0.0146663 0.0170005 0.0197715 0.0230089 0.026744 0.0310085 0.0358342 0.0412512 0.0472879 0.0539688 0.0613147 0.0693406 0.0780555 0.0874615 0.0975527 0.108315 0.119725 0.131752 0.144353 0.15748 0.171073 0.185067 0.199386 0.213951 0.228675 0.243467 0.258235 0.272881 0.287309 0.301421 0.315123 0.328321 0.340926 0.352853 0.364021 0.374356 0.383789 0.39226 0.399713 0.4061 0.411381 0.415523 0.4185 0.420293 0.420893 0.420293 0.4185 0.415523 0.411381 0.4061 0.399713 0.39226 0.383789 0.374356 0.364021 0.352853 0.340926 0.328321 0.315123 0.301421 0.287309 0.272881 0.258235 0.243467 0.228675 0.213951 0.199386 0.185067 0.171073 0.15748 0.144353 0.131752 0.119725 0.108315 0.0975527 0.0874615 0.0780555 0.0693406 0.0613147 0.0539688 0.0472879 0.0412512 0.0358342 0.0310085 0.026744 0.0230089 0.0197715 0.0170005 0.0146663 0.0127417 0.0112022 0.0100273 0.00920027 0.00870898 
0.00941768 0.00959599 0.0101336 0.0110384 0.0123235 0.0140065 0.0161096 0.0186588 0.0216832 0.0252142 0.0292849 0.0339289 0.0391796 0.0450686 0.051625 0.0588745 0.0668376 0.0755293 0.0849575 0.0951227 0.106017 0.117623 0.129914 0.142854 0.156398 0.17049 0.185067 0.200054 0.215374 0.230937 0.246653 0.262423 0.278149 0.293727 0.309056 0.324033 0.338559 0.352537 0.365873 0.37848 0.390273 0.401178 0.411125 0.420049 0.427896 0.434617 0.440172 0.444527 0.447656 0.449541 0.450171 0.449541 0.447656 0.444527 0.440172 0.434617 0.427896 0.420049 0.411125 0.401178 0.390273 0.37848 0.365873 0.352537 0.338559 0.324033 0.309056 0.293727 0.278149 0.262423 0.246653 0.230937 0.215374 0.200054 0.185067 0.17049 0.156398 0.142854 0.129914 0.117623 0.106017 0.0951227 0.0849575 0.0755293 0.0668376 0.0588745 0.051625 0.0450686 0.0391796 0.0339289 0.0292849 0.0252142 0.0216832 0.0186588 0.0161096 0.0140065 0.0123235 0.0110384 0.0101336 0.00959599 
0.0103322 0.0105265 0.0111123 0.012098 0.0134974 0.0153295 0.0176179 0.0203902 0.0236771 0.027512 0.0319298 0.0369659 0.0426551 0.0490304 0.0561219 0.0639556 0.0725522 0.081926 0.0920839 0.103024 0.114737 0.127201 0.140387 0.154254 0.168752 0.183819 0.199386 0.215374 0.231696 0.248259 0.264964 0.281708 0.298385 0.314887 0.331106 0.346936 0.362272 0.377013 0.391064 0.404333 0.416735 0.428193 0.438634 0.447997 0.456223 0.463266 0.469083 0.473642 0.476917 0.478889 0.479548 0.478889 0.476917 0.473642 0.469083 0.463266 0.456223 0.447997 0.438634 0.428193 0.416735 0.404333 0.391064 0.377013 0.362272 0.346936 0.331106 0.314887 0.298385 0.281708 0.264964 0.248259 0.231696 0.215374 0.199386 0.183819 0.168752 0.154254 0.140387 0.127201 0.114737 0.103024 0.0920839 0.081926 0.0725522 0.0639556 0.0561219 0.0490304 0.0426551 0.0369659 0.0319298 0.027512 0.0236771 0.0203902 0.0176179 0.0153295 0.0134974 0.012098 0.0111123 0.0105265 
0.0112857 0.0114965 0.0121321 0.0132013 0.0147188 0.0167049 0.0191844 0.0221865 0.0257438 0.0298915 0.0346661 0.0401047 0.0462436 0.053117 0.0607558 0.0691864 0.0784291 0.0884977 0.0993975 0.111125 0.123667 0.137 0.15109 0.16589 0.181347 0.197392 0.213951 0.230937 0.248259 0.265816 0.283502 0.301209 0.318824 0.336235 0.353327 0.369991 0.386116 0.4016 0.416344 0.430253 0.443242 0.455231 0.466148 0.475929 0.484518 0.491866 0.497933 0.502686 0.506099 0.508154 0.50884 0.508154 0.506099 0.502686 0.497933 0.491866 0.484518 0.475929 0.466148 0.455231 0.443242 0.430253 0.416344 0.4016 0.386116 0.369991 0.353327 0.336235 0.318824 0.301209 0.283502 0.265816 0.248259 0.230937 0.213951 0.197392 0.181347 0.16589 0.15109 0.137 0.123667 0.111125 0.0993975 0.0884977 0.0784291 0.0691864 0.0607558 0.053117 0.0462436 0.0401047 0.0346661 0.0298915 0.0257438 0.0221865 0.0191844 0.0167049 0.0147188 0.0132013 0.0121321 0.0114965 
0.0122733 0.0125012 0.0131878 0.0143427 0.0159816 0.0181255 0.0208009 0.0240385 0.0278726 0.03234 0.0374791 0.0433285 0.0499258 0.0573062 0.0655014 0.0745378 0.0844356 0.0952074 0.106857 0.119379 0.132756 0.146962 0.161958 0.177694 0.194108 0.211129 0.228675 0.246653 0.264964 0.283502 0.302156 0.320808 0.339343 0.357641 0.375584 0.393056 0.409946 0.426147 0.441556 0.45608 0.469629 0.482124 0.493492 0.50367 0.512601 0.520238 0.52654 0.531475 0.535017 0.537149 0.537861 0.537149 0.535017 0.531475 0.52654 0.520238 0.512601 0.50367 0.493492 0.482124 0.469629 0.45608 0.441556 0.426147 0.409946 0.393056 0.375584 0.357641 0.339343 0.320808 0.302156 0.283502 0.264964 0.246653 0.228675 0.211129 0.194108 0.177694 0.161958 0.146962 0.132756 0.119379 0.106857 0.0952074 0.0844356 0.0745378 0.0655014 0.0573062 0.0499258 0.0433285 0.0374791 0.03234 0.0278726 0.0240385 0.0208009 0.0181255 0.0159816 0.0143427 0.0131878 0.0125012 
0.0132896 0.0135347 0.0142735 0.0155159 0.0172784 0.0195832 0.0224581 0.0259354 0.0300509 0.0348432 0.0403523 0.0466181 0.0536797 0.061573 0.0703303 0.079978 0.0905357 0.102015 0.114417 0.127735 0.141949 0.157027 0.172927 0.189593 0.206959 0.224947 0.243467 0.262423 0.281708 0.301209 0.320808 0.340384 0.359813 0.378971 0.397736 0.415989 0.433613 0.4505 0.466545 0.481652 0.495732 0.508705 0.520498 0.531048 0.5403 0.548205 0.554726 0.559829 0.563492 0.565696 0.566432 0.565696 0.563492 0.559829 0.554726 0.548205 0.5403 0.531048 0.520498 0.508705 0.495732 0.481652 0.466545 0.4505 0.433613 0.415989 0.397736 0.378971 0.359813 0.340384 0.320808 0.301209 0.281708 0.262423 0.243467 0.224947 0.206959 0.189593 0.172927 0.157027 0.141949 0.127735 0.114417 0.102015 0.0905357 0.079978 0.0703303 0.061573 0.0536797 0.0466181 0.0403523 0.0348432 0.0300509 0.0259354 0.0224581 0.0195832 0.0172784 0.0155159 0.0142735 0.0135347 
0.0143282 0.0145909 0.0153825 0.0167135 0.0186012 0.0210689 0.0241457 0.0278653 0.0322651 0.0373854 0.0432675 0.0499529 0.0574816 0.0658905 0.0752119 0.0854723 0.0966905 0.108877 0.122031 0.136142 0.151187 0.167131 0.183926 0.201512 0.219817 0.238756 0.258235 0.278149 0.298385 0.318824 0.339343 0.359813 0.380106 0.400093 0.419647 0.438645 0.456969 0.474507 0.491153 0.50681 0.521389 0.534809 0.546998 0.557894 0.567442 0.575596 0.582318 0.587577 0.591349 0.59362 0.594377 0.59362 0.591349 0.587577 0.582318 0.575596 0.567442 0.557894 0.546998 0.534809 0.521389 0.50681 0.491153 0.474507 0.456969 0.438645 0.419647 0.400093 0.380106 0.359813 0.339343 0.318824 0.298385 0.278149 0.258235 0.238756 0.219817 0.201512 0.183926 0.167131 0.151187 0.136142 0.122031 0.108877 0.0966905 0.0854723 0.0752119 0.0658905 0.0574816 0.0499529 0.0432675 0.0373854 0.0322651 0.0278653 0.0241457 0.0210689 0.0186012 0.0167135 0.0153825 0.0145909 
0.015382 0.0156623 0.0165071 0.0179273 0.019941 0.0225725 0.0258521 0.0298151 0.0345003 0.0399493 0.0462051 0.0533104 0.061306 0.0702294 0.0801134 0.0909839 0.102859 0.115747 0.129646 0.144542 0.160408 0.177206 0.194883 0.213373 0.232598 0.252468 0.272881 0.293727 0.314887 0.336235 0.357641 0.378971 0.400093 0.420872 0.441178 0.460884 0.47987 0.498021 0.515231 0.531401 0.546444 0.560278 0.572833 0.584046 0.593866 0.602246 0.609151 0.614551 0.618424 0.620754 0.621531 0.620754 0.618424 0.614551 0.609151 0.602246 0.593866 0.584046 0.572833 0.560278 0.546444 0.531401 0.515231 0.498021 0.47987 0.460884 0.441178 0.420872 0.400093 0.378971 0.357641 0.336235 0.314887 0.293727 0.272881 0.252468 0.232598 0.213373 0.194883 0.177206 0.160408 0.144542 0.129646 0.115747 0.102859 0.0909839 0.0801134 0.0702294 0.061306 0.0533104 0.0462051 0.0399493 0.0345003 0.0298151 0.0258521 0.0225725 0.019941 0.0179273 0.0165071 0.0156623 
0.0164433 0.0167413 0.0176393 0.0191486 0.0212881 0.0240831 0.0275652 0.0317707 0.0367402 0.0425167 0.0491442 0.0566666 0.0651256 0.0745593 0.0850003 0.0964741 0.108998 0.122578 0.13721 0.152878 0.16955 0.187185 0.205723 0.225095 0.245216 0.26599 0.287309 0.309056 0.331106 0.353327 0.375584 0.397736 0.419647 0.441178 0.462194 0.482567 0.502173 0.520897 0.538631 0.555278 0.570748 0.584962 0.59785 0.609353 0.619418 0.628003 0.635073 0.640599 0.644561 0.646944 0.647739 0.646944 0.644561 0.640599 0.635073 0.628003 0.619418 0.609353 0.59785 0.584962 0.570748 0.555278 0.538631 0.520897 0.502173 0.482567 0.462194 0.441178 0.419647 0.397736 0.375584 0.353327 0.331106 0.309056 0.287309 0.26599 0.245216 0.225095 0.205723 0.187185 0.16955 0.152878 0.13721 0.122578 0.108998 0.0964741 0.0850003 0.0745593 0.0651256 0.0566666 0.0491442 0.0425167 0.0367402 0.0317707 0.0275652 0.0240831 0.0212881 0.0191486 0.0176393 0.0167413 
0.017504 0.0178195 0.0187702 0.0203679 0.0226321 0.0255891 0.0292717 0.0337174 0.0389681 0.045068 0.0520625 0.0599964 0.0689121 0.078848 0.0898367 0.101903 0.115062 0.12932 0.14467 0.16109 0.178548 0.196996 0.216371 0.236597 0.257584 0.27923 0.301421 0.324033 0.346936 0.369991 0.393056 0.415989 0.438645 0.460884 0.482567 0.503563 0.523746 0.543001 0.561218 0.578301 0.594161 0.60872 0.62191 0.633672 0.643958 0.652725 0.65994 0.665578 0.669619 0.672049 0.67286 0.672049 0.669619 0.665578 0.65994 0.652725 0.643958 0.633672 0.62191 0.60872 0.594161 0.578301 0.561218 0.543001 0.523746 0.503563 0.482567 0.460884 0.438645 0.415989 0.393056 0.369991 0.346936 0.324033 0.301421 0.27923 0.257584 0.236597 0.216371 0.196996 0.178548 0.16109 0.14467 0.12932 0.115062 0.101903 0.0898367 0.078848 0.0689121 0.0599964 0.0520625 0.045068 0.0389681 0.0337174 0.0292717 0.0255891 0.0226321 0.0203679 0.0187702 0.0178195 
0.0185552 0.018888 0.0198906 0.0215753 0.0239621 0.0270785 0.030958 0.0356396 0.0411662 0.0475834 0.0549375 0.0632741 0.0726364 0.0830628 0.0945857 0.107229 0.121008 0.135924 0.151969 0.16912 0.187337 0.206571 0.226752 0.2478 0.269618 0.292099 0.315123 0.338559 0.362272 0.386116 0.409946 0.433613 0.456969 0.47987 0.502173 0.523746 0.544462 0.564204 0.582863 0.600342 0.616554 0.631423 0.644882 0.656876 0.667355 0.676282 0.683626 0.689361 0.69347 0.695941 0.696765 0.695941 0.69347 0.689361 0.683626 0.676282 0.667355 0.656876 0.644882 0.631423 0.616554 0.600342 0.582863 0.564204 0.544462 0.523746 0.502173 0.47987 0.456969 0.433613 0.409946 0.386116 0.362272 0.338559 0.315123 0.292099 0.269618 0.2478 0.226752 0.206571 0.187337 0.16912 0.151969 0.135924 0.121008 0.107229 0.0945857 0.0830628 0.0726364 0.0632741 0.0549375 0.0475834 0.0411662 0.0356396 0.030958 0.0270785 0.0239621 0.0215753 0.0198906 0.018888 
0.0195881 0.0199377 0.0209909 0.0227603 0.0252668 0.0285385 0.03261 0.0375213 0.0433165 0.0500421 0.0577456 0.0664733 0.0762687 0.0871704 0.0992103 0.112412 0.126788 0.142339 0.159054 0.176906 0.195853 0.215839 0.236791 0.258623 0.281233 0.304508 0.328321 0.352537 0.377013 0.4016 0.426147 0.4505 0.474507 0.498021 0.520897 0.543001 0.564204 0.584388 0.603447 0.621282 0.63781 0.652954 0.666651 0.678847 0.689496 0.698562 0.706015 0.711834 0.716002 0.718507 0.719342 0.718507 0.716002 0.711834 0.706015 0.698562 0.689496 0.678847 0.666651 0.652954 0.63781 0.621282 0.603447 0.584388 0.564204 0.543001 0.520897 0.498021 0.474507 0.4505 0.426147 0.4016 0.377013 0.352537 0.328321 0.304508 0.281233 0.258623 0.236791 0.215839 0.195853 0.176906 0.159054 0.142339 0.126788 0.112412 0.0992103 0.0871704 0.0762687 0.0664733 0.0577456 0.0500421 0.0433165 0.0375213 0.03261 0.0285385 0.0252668 0.0227603 0.0209909 0.0199377 
0.0205931 0.0209591 0.0220612 0.0239127 0.0265348 0.0299565 0.0342133 0.0393463 0.0454005 0.0524235 0.0604634 0.0695674 0.0797791 0.0911373 0.103673 0.117409 0.132357 0.148516 0.16587 0.18439 0.204031 0.224732 0.246416 0.26899 0.292348 0.31637 0.340926 0.365873 0.391064 0.416344 0.441556 0.466545 0.491153 0.515231 0.538631 0.561218 0.582863 0.603447 0.622863 0.641016 0.657823 0.673209 0.687113 0.699484 0.710279 0.719463 0.72701 0.732899 0.737116 0.739649 0.740495 0.739649 0.737116 0.732899 0.72701 0.719463 0.710279 0.699484 0.687113 0.673209 0.657823 0.641016 0.622863 0.603447 0.582863 0.561218 0.538631 0.515231 0.491153 0.466545 0.441556 0.416344 0.391064 0.365873 0.340926 0.31637 0.292348 0.26899 0.246416 0.224732 0.204031 0.18439 0.16587 0.148516 0.132357 0.117409 0.103673 0.0911373 0.0797791 0.0695674 0.0604634 0.0524235 0.0454005 0.0393463 0.0342133 0.0299565 0.0265348 0.0239127 0.0220612 0.0209591 
0.0215611 0.0219426 0.0230917 0.0250216 0.0277543 0.0313195 0.0357536 0.0410984 0.0474 0.0547067 0.0630676 0.07253 0.0831382 0.0949305 0.107938 0.122182 0.137672 0.154405 0.172364 0.191515 0.21181 0.233184 0.255555 0.278825 0.302884 0.327605 0.352853 0.37848 0.404333 0.430253 0.45608 0.481652 0.50681 0.531401 0.555278 0.578301 0.600342 0.621282 0.641016 0.65945 0.6765 0.692096 0.706179 0.718699 0.729617 0.738901 0.746525 0.752473 0.756729 0.759287 0.76014 0.759287 0.756729 0.752473 0.746525 0.738901 0.729617 0.718699 0.706179 0.692096 0.6765 0.65945 0.641016 0.621282 0.600342 0.578301 0.555278 0.531401 0.50681 0.481652 0.45608 0.430253 0.404333 0.37848 0.352853 0.327605 0.302884 0.278825 0.255555 0.233184 0.21181 0.191515 0.172364 0.154405 0.137672 0.122182 0.107938 0.0949305 0.0831382 0.07253 0.0630676 0.0547067 0.0474 0.0410984 0.0357536 0.0313195 0.0277543 0.0250216 0.0230917 0.0219426 
0.0224827 0.022879 0.0240724 0.0260766 0.028914 0.032615 0.0372166 0.0427616 0.0492969 0.0568715 0.0655351 0.0753355 0.086317 0.0985179 0.111968 0.126689 0.142687 0.159959 0.178484 0.198225 0.219131 0.241132 0.264142 0.288059 0.312767 0.338135 0.364021 0.390273 0.416735 0.443242 0.469629 0.495732 0.521389 0.546444 0.570748 0.594161 0.616554 0.63781 0.657823 0.6765 0.693761 0.709537 0.723771 0.736417 0.747438 0.756803 0.764491 0.770486 0.774775 0.777351 0.77821 0.777351 0.774775 0.770486 0.764491 0.756803 0.747438 0.736417 0.723771 0.709537 0.693761 0.6765 0.657823 0.63781 0.616554 0.594161 0.570748 0.546444 0.521389 0.495732 0.469629 0.443242 0.416735 0.390273 0.364021 0.338135 0.312767 0.288059 0.264142 0.241132 0.219131 0.198225 0.178484 0.159959 0.142687 0.126689 0.111968 0.0985179 0.086317 0.0753355 0.0655351 0.0568715 0.0492969 0.0427616 0.0372166 0.032615 0.028914 0.0260766 0.0240724 0.022879 
