0.000177406 0.000181935 0.00019565 0.000218929 0.000252407 0.000296964 0.000353729 0.00042407 0.000509585 0.000612095 0.000733623 0.000876377 0.00104272 0.00123516 0.00145626 0.00170866 0.00199498 0.00231778 0.00267951 0.00308239 0.00352843 0.00401925 0.00455611 0.00513975 0.00577036 0.00644754 0.00717018 0.00793648 0.00874385 0.00958896 0.0104676 0.011375 0.0123054 0.0132524 0.014209 0.0151676 0.0161202 0.0170583 0.0179732 0.0188562 0.0196983 0.020491 0.0212259 0.0218951 0.0224913 0.0230078 0.0234387 0.0237792 0.0240252 0.024174 0.0242238 0.024174 0.0240252 0.0237792 0.0234387 0.0230078 0.0224913 0.0218951 0.0212259 0.020491 0.0196983 0.0188562 0.0179732 0.0170583 0.0161202 0.0151676 0.014209 0.0132524 0.0123054 0.011375 0.0104676 0.00958896 0.00874385 0.00793648 0.00717018 0.00644754 0.00577036 0.00513975 0.00455611 0.00401925 0.00352843 0.00308239 0.00267951 0.00231778 0.00199498 0.00170866 0.00145626 0.00123516 0.00104272 0.000876377 0.000733623 0.000612095 0.000509585 0.00042407 0.000353729 0.000296964 0.000252407 0.000218929 0.00019565 0.000181935 
0.000181935 0.000186572 0.000200613 0.000224445 0.000258714 0.00030432 0.000362414 0.000434391 0.000521881 0.000626741 0.000751033 0.000897007 0.00106707 0.00126377 0.00148973 0.00174762 0.00204011 0.00236981 0.00273918 0.00315051 0.0036058 0.00410672 0.0046545 0.00524991 0.00589312 0.0065837 0.00732051 0.00810169 0.00892461 0.00978584 0.0106812 0.0116055 0.0125532 0.0135177 0.0144918 0.0154679 0.0164376 0.0173925 0.0183237 0.0192223 0.0200792 0.0208858 0.0216335 0.0223143 0.0229208 0.0234462 0.0238845 0.0242308 0.024481 0.0246324 0.024683 0.0246324 0.024481 0.0242308 0.0238845 0.0234462 0.0229208 0.0223143 0.0216335 0.0208858 0.0200792 0.0192223 0.0183237 0.0173925 0.0164376 0.0154679 0.0144918 0.0135177 0.0125532 0.0116055 0.0106812 0.00978584 0.00892461 0.00810169 0.00732051 0.0065837 0.00589312 0.00524991 0.0046545 0.00410672 0.0036058 0.00315051 0.00273918 0.00236981 0.00204011 0.00174762 0.00148973 0.00126377 0.00106707 0.000897007 0.000751033 0.000626741 0.000521881 0.000434391 0.000362414 0.00030432 0.000258714 0.000224445 0.000200613 0.000186572 
0.00019565 0.000200613 0.00021564 0.000241143 0.000277806 0.000326583 0.000388694 0.000465617 0.000559078 0.00067104 0.000803684 0.000959385 0.00114069 0.00135026 0.00159089 0.00186536 0.00217649 0.00252699 0.00291946 0.00335626 0.00383947 0.00437082 0.00495158 0.00558248 0.00626368 0.00699465 0.00777418 0.00860023 0.00946998 0.0103798 0.0113252 0.0123008 0.0133006 0.0143177 0.0153445 0.016373 0.0173945 0.0184 0.0193802 0.0203257 0.0212273 0.0220756 0.0228618 0.0235775 0.024215 0.0247671 0.0252277 0.0255915 0.0258544 0.0260134 0.0260666 0.0260134 0.0258544 0.0255915 0.0252277 0.0247671 0.024215 0.0235775 0.0228618 0.0220756 0.0212273 0.0203257 0.0193802 0.0184 0.0173945 0.016373 0.0153445 0.0143177 0.0133006 0.0123008 0.0113252 0.0103798 0.00946998 0.00860023 0.00777418 0.00699465 0.00626368 0.00558248 0.00495158 0.00437082 0.00383947 0.00335626 0.00291946 0.00252699 0.00217649 0.00186536 0.00159089 0.00135026 0.00114069 0.000959385 0.000803684 0.00067104 0.000559078 0.000465617 0.000388694 0.000326583 0.000277806 0.000241143 0.00021564 0.000200613 
0.000218929 0.000224445 0.000241143 0.000269475 0.00031019 0.000364335 0.000433244 0.000518535 0.000622096 0.00074607 0.000892834 0.00106498 0.00126526 0.0014966 0.00176199 0.00206446 0.00240703 0.00279264 0.00322405 0.0037038 0.00423409 0.00481673 0.00545301 0.00614369 0.00688883 0.0076878 0.00853917 0.00944069 0.0103892 0.0113807 0.0124102 0.0134719 0.0145593 0.0156647 0.01678 0.0178965 0.0190048 0.0200951 0.0211575 0.0221818 0.0231581 0.0240763 0.0249271 0.0257013 0.0263906 0.0269875 0.0274854 0.0278786 0.0281627 0.0283345 0.0283919 0.0283345 0.0281627 0.0278786 0.0274854 0.0269875 0.0263906 0.0257013 0.0249271 0.0240763 0.0231581 0.0221818 0.0211575 0.0200951 0.0190048 0.0178965 0.01678 0.0156647 0.0145593 0.0134719 0.0124102 0.0113807 0.0103892 0.00944069 0.00853917 0.0076878 0.00688883 0.00614369 0.00545301 0.00481673 0.00423409 0.0037038 0.00322405 0.00279264 0.00240703 0.00206446 0.00176199 0.0014966 0.00126526 0.00106498 0.000892834 0.00074607 0.000622096 0.000518535 0.000433244 0.000364335 0.00031019 0.000269475 0.000241143 0.000224445 
0.000252407 0.000258714 0.000277806 0.00031019 0.00035671 0.000418541 0.000497184 0.000594453 0.000712464 0.000853616 0.00102057 0.00121621 0.00144362 0.00170602 0.00200675 0.00234916 0.00273657 0.00317222 0.00365912 0.00420002 0.00479731 0.0054529 0.00616815 0.00694378 0.00777977 0.00867529 0.00962865 0.0106372 0.0116974 0.0128047 0.0139534 0.0151371 0.0163483 0.0175787 0.0188193 0.0200602 0.0212911 0.0225013 0.0236798 0.0248154 0.0258972 0.0269141 0.0278559 0.0287127 0.0294752 0.0301353 0.0306857 0.0311203 0.0314343 0.0316241 0.0316877 0.0316241 0.0314343 0.0311203 0.0306857 0.0301353 0.0294752 0.0287127 0.0278559 0.0269141 0.0258972 0.0248154 0.0236798 0.0225013 0.0212911 0.0200602 0.0188193 0.0175787 0.0163483 0.0151371 0.0139534 0.0128047 0.0116974 0.0106372 0.00962865 0.00867529 0.00777977 0.00694378 0.00616815 0.0054529 0.00479731 0.00420002 0.00365912 0.00317222 0.00273657 0.00234916 0.00200675 0.00170602 0.00144362 0.00121621 0.00102057 0.000853616 0.000712464 0.000594453 0.000497184 0.000418541 0.00035671 0.00031019 0.000277806 0.000258714 
0.000296964 0.00030432 0.000326583 0.000364335 0.000418541 0.000490548 0.000582072 0.000695186 0.000832304 0.000996161 0.00118978 0.00141644 0.00167964 0.00198302 0.00233033 0.00272535 0.0031718 0.00367327 0.00423313 0.0048544 0.00553968 0.00629103 0.00710986 0.00799686 0.00895187 0.00997381 0.0110606 0.0122092 0.0134154 0.0146738 0.0159782 0.017321 0.0186938 0.0200872 0.0214909 0.0228938 0.0242844 0.0256506 0.0269801 0.0282604 0.0294792 0.0306244 0.0316845 0.0326483 0.0335059 0.034248 0.0348666 0.0353549 0.0357077 0.0359209 0.0359922 0.0359209 0.0357077 0.0353549 0.0348666 0.034248 0.0335059 0.0326483 0.0316845 0.0306244 0.0294792 0.0282604 0.0269801 0.0256506 0.0242844 0.0228938 0.0214909 0.0200872 0.0186938 0.017321 0.0159782 0.0146738 0.0134154 0.0122092 0.0110606 0.00997381 0.00895187 0.00799686 0.00710986 0.00629103 0.00553968 0.0048544 0.00423313 0.00367327 0.0031718 0.00272535 0.00233033 0.00198302 0.00167964 0.00141644 0.00118978 0.000996161 0.000832304 0.000695186 0.000582072 0.000490548 0.000418541 0.000364335 0.000326583 0.00030432 
0.000353729 0.000362414 0.000388694 0.000433244 0.000497184 0.000582072 0.000689894 0.000823046 0.000984316 0.00117686 0.00140414 0.00166995 0.00197827 0.00233327 0.00273924 0.00320045 0.00372113 0.00430532 0.00495679 0.00567889 0.00647448 0.00734579 0.00829429 0.0093206 0.0104244 0.0116042 0.0128576 0.0141808 0.015569 0.0170158 0.0185139 0.0200546 0.0216283 0.0232241 0.0248303 0.0264342 0.0280228 0.0295824 0.0310989 0.0325583 0.0339468 0.0352507 0.0364569 0.0375532 0.0385282 0.0393716 0.0400744 0.0406291 0.0410297 0.0412718 0.0413529 0.0412718 0.0410297 0.0406291 0.0400744 0.0393716 0.0385282 0.0375532 0.0364569 0.0352507 0.0339468 0.0325583 0.0310989 0.0295824 0.0280228 0.0264342 0.0248303 0.0232241 0.0216283 0.0200546 0.0185139 0.0170158 0.015569 0.0141808 0.0128576 0.0116042 0.0104244 0.0093206 0.00829429 0.00734579 0.00647448 0.00567889 0.00495679 0.00430532 0.00372113 0.00320045 0.00273924 0.00233327 0.00197827 0.00166995 0.00140414 0.00117686 0.000984316 0.000823046 0.000689894 0.000582072 0.000497184 0.000433244 0.000388694 0.000362414 
0.00042407 0.000434391 0.000465617 0.000518535 0.000594453 0.000695186 0.000823046 0.000980822 0.00117175 0.00139949 0.00166807 0.00198185 0.00234542 0.0027636 0.00324128 0.00378337 0.00439465 0.00507972 0.00584281 0.00668767 0.00761746 0.00863458 0.00974056 0.0109359 0.0122201 0.0135912 0.0150462 0.0165806 0.0181886 0.0198628 0.0215946 0.023374 0.0251896 0.027029 0.0288787 0.0307243 0.0325507 0.0343423 0.0360832 0.0377574 0.0393492 0.0408431 0.0422244 0.0434791 0.0445946 0.0455591 0.0463626 0.0469966 0.0474544 0.0477311 0.0478236 0.0477311 0.0474544 0.0469966 0.0463626 0.0455591 0.0445946 0.0434791 0.0422244 0.0408431 0.0393492 0.0377574 0.0360832 0.0343423 0.0325507 0.0307243 0.0288787 0.027029 0.0251896 0.023374 0.0215946 0.0198628 0.0181886 0.0165806 0.0150462 0.0135912 0.0122201 0.0109359 0.00974056 0.00863458 0.00761746 0.00668767 0.00584281 0.00507972 0.00439465 0.00378337 0.00324128 0.0027636 0.00234542 0.00198185 0.00166807 0.00139949 0.00117175 0.000980822 0.000823046 0.000695186 0.000594453 0.000518535 0.000465617 0.000434391 
0.000509585 0.000521881 0.000559078 0.000622096 0.000712464 0.000832304 0.000984316 0.00117175 0.00139839 0.00166847 0.00198668 0.00235806 0.00278794 0.00328185 0.00384543 0.00448429 0.00520391 0.00600948 0.00690577 0.007897 0.00898662 0.0101772 0.0114704 0.0128665 0.0143647 0.0159626 0.0176563 0.0194406 0.0213084 0.0232512 0.0252587 0.0273194 0.02942 0.0315461 0.0336822 0.0358117 0.0379173 0.0399811 0.041985 0.0439108 0.0457406 0.0474568 0.0490428 0.0504828 0.0517624 0.0528684 0.0537895 0.0545162 0.0550407 0.0553577 0.0554637 0.0553577 0.0550407 0.0545162 0.0537895 0.0528684 0.0517624 0.0504828 0.0490428 0.0474568 0.0457406 0.0439108 0.041985 0.0399811 0.0379173 0.0358117 0.0336822 0.0315461 0.02942 0.0273194 0.0252587 0.0232512 0.0213084 0.0194406 0.0176563 0.0159626 0.0143647 0.0128665 0.0114704 0.0101772 0.00898662 0.007897 0.00690577 0.00600948 0.00520391 0.00448429 0.00384543 0.00328185 0.00278794 0.00235806 0.00198668 0.00166847 0.00139839 0.00117175 0.000984316 0.000832304 0.000712464 0.000622096 0.000559078 0.000521881 
0.000612095 0.000626741 0.00067104 0.00074607 0.000853616 0.000996161 0.00117686 0.00139949 0.00166847 0.00198873 0.0023657 0.00280522 0.00331347 0.00389681 0.00456171 0.00531461 0.00616175 0.00710903 0.00816182 0.00932481 0.0106018 0.0119956 0.0135078 0.0151386 0.0168865 0.0187488 0.0207207 0.0227958 0.0249657 0.0272203 0.0295478 0.0319344 0.0343649 0.0368227 0.0392898 0.0417471 0.0441748 0.0465524 0.0488593 0.0510747 0.0531782 0.0551501 0.0569712 0.058624 0.0600919 0.0613602 0.0624162 0.063249 0.0638501 0.0642132 0.0643347 0.0642132 0.0638501 0.063249 0.0624162 0.0613602 0.0600919 0.058624 0.0569712 0.0551501 0.0531782 0.0510747 0.0488593 0.0465524 0.0441748 0.0417471 0.0392898 0.0368227 0.0343649 0.0319344 0.0295478 0.0272203 0.0249657 0.0227958 0.0207207 0.0187488 0.0168865 0.0151386 0.0135078 0.0119956 0.0106018 0.00932481 0.00816182 0.00710903 0.00616175 0.00531461 0.00456171 0.00389681 0.00331347 0.00280522 0.0023657 0.00198873 0.00166847 0.00139949 0.00117686 0.000996161 0.000853616 0.00074607 0.00067104 0.000626741 
0.000733623 0.000751033 0.000803684 0.000892834 0.00102057 0.00118978 0.00140414 0.00166807 0.00198668 0.0023657 0.00281142 0.00333061 0.00393037 0.00461803 0.00540102 0.00628669 0.00728213 0.00839402 0.00962839 0.0109905 0.0124844 0.0141132 0.0158783 0.0177798 0.0198156 0.0219823 0.024274 0.026683 0.0291995 0.0318115 0.0345051 0.0372644 0.0400719 0.0429081 0.0457524 0.048583 0.0513771 0.0541114 0.0567624 0.0593064 0.0617204 0.0639818 0.0660693 0.0679628 0.0696437 0.0710956 0.072304 0.0732567 0.0739442 0.0743596 0.0744985 0.0743596 0.0739442 0.0732567 0.072304 0.0710956 0.0696437 0.0679628 0.0660693 0.0639818 0.0617204 0.0593064 0.0567624 0.0541114 0.0513771 0.048583 0.0457524 0.0429081 0.0400719 0.0372644 0.0345051 0.0318115 0.0291995 0.026683 0.024274 0.0219823 0.0198156 0.0177798 0.0158783 0.0141132 0.0124844 0.0109905 0.00962839 0.00839402 0.00728213 0.00628669 0.00540102 0.00461803 0.00393037 0.00333061 0.00281142 0.0023657 0.00198668 0.00166807 0.00140414 0.00118978 0.00102057 0.000892834 0.000803684 0.000751033 
0.000876377 0.000897007 0.000959385 0.00106498 0.00121621 0.00141644 0.00166995 0.00198185 0.00235806 0.00280522 0.00333061 0.003942 0.00464757 0.00545573 0.00637497 0.00741364 0.00857979 0.00988095 0.0113239 0.0129143 0.0146568 0.0165544 0.0186087 0.0208191 0.0231832 0.0256964 0.0283518 0.0311402 0.0340498 0.0370668 0.0401748 0.0433555 0.0465885 0.0498516 0.0531209 0.0563716 0.0595778 0.0627127 0.0657498 0.0686623 0.071424 0.0740096 0.076395 0.0785575 0.0804765 0.0821333 0.0835118 0.0845984 0.0853823 0.0858559 0.0860142 0.0858559 0.0853823 0.0845984 0.0835118 0.0821333 0.0804765 0.0785575 0.076395 0.0740096 0.071424 0.0686623 0.0657498 0.0627127 0.0595778 0.0563716 0.0531209 0.0498516 0.0465885 0.0433555 0.0401748 0.0370668 0.0340498 0.0311402 0.0283518 0.0256964 0.0231832 0.0208191 0.0186087 0.0165544 0.0146568 0.0129143 0.0113239 0.00988095 0.00857979 0.00741364 0.00637497 0.00545573 0.00464757 0.003942 0.00333061 0.00280522 0.00235806 0.00198185 0.00166995 0.00141644 0.00121621 0.00106498 0.000959385 0.000897007 
0.00104272 0.00106707 0.00114069 0.00126526 0.00144362 0.00167964 0.00197827 0.00234542 0.00278794 0.00331347 0.00393037 0.00464757 0.00547444 0.00642058 0.00749564 0.0087091 0.01007 0.0115869 0.0132672 0.0151172 0.0171418 0.0193443 0.021726 0.0242858 0.0270207 0.0299248 0.0329899 0.036205 0.0395564 0.0430278 0.0466003 0.0502527 0.0539614 0.0577011 0.0614445 0.0651632 0.0688278 0.0724081 0.0758739 0.0791952 0.0823423 0.0852869 0.088002 0.0904621 0.0926441 0.0945273 0.0960936 0.0973279 0.0982182 0.0987559 0.0989357 0.0987559 0.0982182 0.0973279 0.0960936 0.0945273 0.0926441 0.0904621 0.088002 0.0852869 0.0823423 0.0791952 0.0758739 0.0724081 0.0688278 0.0651632 0.0614445 0.0577011 0.0539614 0.0502527 0.0466003 0.0430278 0.0395564 0.036205 0.0329899 0.0299248 0.0270207 0.0242858 0.021726 0.0193443 0.0171418 0.0151172 0.0132672 0.0115869 0.01007 0.0087091 0.00749564 0.00642058 0.00547444 0.00464757 0.00393037 0.00331347 0.00278794 0.00234542 0.00197827 0.00167964 0.00144362 0.00126526 0.00114069 0.00106707 
0.00123516 0.00126377 0.00135026 0.0014966 0.00170602 0.00198302 0.00233327 0.0027636 0.00328185 0.00389681 0.00461803 0.00545573 0.00642058 0.00752349 0.00877538 0.010187 0.0117684 0.0135291 0.0154774 0.0176201 0.0199625 0.0225078 0.0252571 0.0282089 0.031359 0.0347003 0.0382231 0.0419142 0.0457576 0.0497345 0.0538229 0.0579985 0.0622343 0.0665013 0.0707686 0.0750038 0.0791738 0.0832445 0.087182 0.0909523 0.0945226 0.0978609 0.100937 0.103723 0.106193 0.108324 0.110095 0.111491 0.112498 0.113105 0.113309 0.113105 0.112498 0.111491 0.110095 0.108324 0.106193 0.103723 0.100937 0.0978609 0.0945226 0.0909523 0.087182 0.0832445 0.0791738 0.0750038 0.0707686 0.0665013 0.0622343 0.0579985 0.0538229 0.0497345 0.0457576 0.0419142 0.0382231 0.0347003 0.031359 0.0282089 0.0252571 0.0225078 0.0199625 0.0176201 0.0154774 0.0135291 0.0117684 0.010187 0.00877538 0.00752349 0.00642058 0.00545573 0.00461803 0.00389681 0.00328185 0.0027636 0.00233327 0.00198302 0.00170602 0.0014966 0.00135026 0.00126377 
0.00145626 0.00148973 0.00159089 0.00176199 0.00200675 0.00233033 0.00273924 0.00324128 0.00384543 0.00456171 0.00540102 0.00637497 0.00749564 0.00877538 0.0102265 0.011861 0.0136902 0.0157246 0.0179732 0.0204435 0.023141 0.026069 0.0292281 0.032616 0.0362275 0.0400541 0.0440839 0.0483017 0.0526888 0.0572234 0.0618803 0.0666315 0.0714464 0.0762919 0.0811331 0.0859336 0.0906559 0.0952619 0.0997135 0.103973 0.108004 0.11177 0.115238 0.118378 0.12116 0.123559 0.125553 0.127123 0.128255 0.128939 0.129168 0.128939 0.128255 0.127123 0.125553 0.123559 0.12116 0.118378 0.115238 0.11177 0.108004 0.103973 0.0997135 0.0952619 0.0906559 0.0859336 0.0811331 0.0762919 0.0714464 0.0666315 0.0618803 0.0572234 0.0526888 0.0483017 0.0440839 0.0400541 0.0362275 0.032616 0.0292281 0.026069 0.023141 0.0204435 0.0179732 0.0157246 0.0136902 0.011861 0.0102265 0.00877538 0.00749564 0.00637497 0.00540102 0.00456171 0.00384543 0.00324128 0.00273924 0.00233033 0.00200675 0.00176199 0.00159089 0.00148973 
0.00170866 0.00174762 0.00186536 0.00206446 0.00234916 0.00272535 0.00320045 0.00378337 0.00448429 0.00531461 0.00628669 0.00741364 0.0087091 0.010187 0.011861 0.0137446 0.0158503 0.0181896 0.0207725 0.0236069 0.0266985 0.0300505 0.033663 0.0375328 0.0416533 0.0460143 0.0506019 0.0553981 0.0603814 0.0655265 0.0708049 0.0761844 0.0816305 0.0871057 0.0925707 0.0979847 0.103306 0.108491 0.113499 0.118286 0.122813 0.127041 0.130931 0.134451 0.137568 0.140255 0.142488 0.144246 0.145513 0.146278 0.146534 0.146278 0.145513 0.144246 0.142488 0.140255 0.137568 0.134451 0.130931 0.127041 0.122813 0.118286 0.113499 0.108491 0.103306 0.0979847 0.0925707 0.0871057 0.0816305 0.0761844 0.0708049 0.0655265 0.0603814 0.0553981 0.0506019 0.0460143 0.0416533 0.0375328 0.033663 0.0300505 0.0266985 0.0236069 0.0207725 0.0181896 0.0158503 0.0137446 0.011861 0.010187 0.0087091 0.00741364 0.00628669 0.00531461 0.00448429 0.00378337 0.00320045 0.00272535 0.00234916 0.00206446 0.00186536 0.00174762 
0.00199498 0.00204011 0.00217649 0.00240703 0.00273657 0.0031718 0.00372113 0.00439465 0.00520391 0.00616175 0.00728213 0.00857979 0.01007 0.0117684 0.0136902 0.0158503 0.0182626 0.0209395 0.0238918 0.0271281 0.0306541 0.0344727 0.0385834 0.0429819 0.04766 0.0526056 0.0578022 0.063229 0.0688612 0.07467 0.0806226 0.086683 0.0928118 0.0989671 0.105105 0.111179 0.117144 0.122952 0.128555 0.133909 0.138967 0.143687 0.148028 0.151953 0.155428 0.158422 0.160908 0.162865 0.164276 0.165127 0.165412 0.165127 0.164276 0.162865 0.160908 0.158422 0.155428 0.151953 0.148028 0.143687 0.138967 0.133909 0.128555 0.122952 0.117144 0.111179 0.105105 0.0989671 0.0928118 0.086683 0.0806226 0.07467 0.0688612 0.063229 0.0578022 0.0526056 0.04766 0.0429819 0.0385834 0.0344727 0.0306541 0.0271281 0.0238918 0.0209395 0.0182626 0.0158503 0.0136902 0.0117684 0.01007 0.00857979 0.00728213 0.00616175 0.00520391 0.00439465 0.00372113 0.0031718 0.00273657 0.00240703 0.00217649 0.00204011 
0.00231778 0.00236981 0.00252699 0.00279264 0.00317222 0.00367327 0.00430532 0.00507972 0.00600948 0.00710903 0.00839402 0.00988095 0.0115869 0.0135291 0.0157246 0.0181896 0.0209395 0.0239877 0.0273459 0.0310228 0.0350244 0.0393531 0.0440075 0.0489822 0.054267 0.0598476 0.0657046 0.0718141 0.0781478 0.0846726 0.0913516 0.0981441 0.105006 0.11189 0.118748 0.125529 0.13218 0.138651 0.144888 0.150842 0.156464 0.161706 0.166525 0.170879 0.174731 0.178048 0.180803 0.18297 0.184532 0.185474 0.185789 0.185474 0.184532 0.18297 0.180803 0.178048 0.174731 0.170879 0.166525 0.161706 0.156464 0.150842 0.144888 0.138651 0.13218 0.125529 0.118748 0.11189 0.105006 0.0981441 0.0913516 0.0846726 0.0781478 0.0718141 0.0657046 0.0598476 0.054267 0.0489822 0.0440075 0.0393531 0.0350244 0.0310228 0.0273459 0.0239877 0.0209395 0.0181896 0.0157246 0.0135291 0.0115869 0.00988095 0.00839402 0.00710903 0.00600948 0.00507972 0.00430532 0.00367327 0.00317222 0.00279264 0.00252699 0.00236981 
0.00267951 0.00273918 0.00291946 0.00322405 0.00365912 0.00423313 0.00495679 0.00584281 0.00690577 0.00816182 0.00962839 0.0113239 0.0132672 0.0154774 0.0179732 0.0207725 0.0238918 0.0273459 0.0311468 0.0353038 0.0398227 0.0447054 0.0499495 0.0555478 0.0614883 0.0677539 0.0743223 0.0811659 0.0882524 0.0955445 0.103001 0.110575 0.118218 0.125878 0.133501 0.14103 0.148409 0.15558 0.162487 0.169075 0.175289 0.18108 0.1864 0.191204 0.195451 0.199108 0.202142 0.204529 0.206249 0.207286 0.207633 0.207286 0.206249 0.204529 0.202142 0.199108 0.195451 0.191204 0.1864 0.18108 0.175289 0.169075 0.162487 0.15558 0.148409 0.14103 0.133501 0.125878 0.118218 0.110575 0.103001 0.0955445 0.0882524 0.0811659 0.0743223 0.0677539 0.0614883 0.0555478 0.0499495 0.0447054 0.0398227 0.0353038 0.0311468 0.0273459 0.0238918 0.0207725 0.0179732 0.0154774 0.0132672 0.0113239 0.00962839 0.00816182 0.00690577 0.00584281 0.00495679 0.00423313 0.00365912 0.00322405 0.00291946 0.00273918 
0.00308239 0.00315051 0.00335626 0.0037038 0.00420002 0.0048544 0.00567889 0.00668767 0.007897 0.00932481 0.0109905 0.0129143 0.0151172 0.0176201 0.0204435 0.0236069 0.0271281 0.0310228 0.0353038 0.0399806 0.0450587 0.0505392 0.0564185 0.0626876 0.0693321 0.0763318 0.0836612 0.0912888 0.0991779 0.107286 0.115568 0.123971 0.132441 0.140921 0.14935 0.157667 0.16581 0.173716 0.181325 0.188575 0.195409 0.201772 0.207613 0.212885 0.217544 0.221552 0.224877 0.227492 0.229375 0.230511 0.230891 0.230511 0.229375 0.227492 0.224877 0.221552 0.217544 0.212885 0.207613 0.201772 0.195409 0.188575 0.181325 0.173716 0.16581 0.157667 0.14935 0.140921 0.132441 0.123971 0.115568 0.107286 0.0991779 0.0912888 0.0836612 0.0763318 0.0693321 0.0626876 0.0564185 0.0505392 0.0450587 0.0399806 0.0353038 0.0310228 0.0271281 0.0236069 0.0204435 0.0176201 0.0151172 0.0129143 0.0109905 0.00932481 0.007897 0.00668767 0.00567889 0.0048544 0.00420002 0.0037038 0.00335626 0.00315051 
0.00352843 0.0036058 0.00383947 0.00423409 0.00479731 0.00553968 0.00647448 0.00761746 0.00898662 0.0106018 0.0124844 0.0146568 0.0171418 0.0199625 0.023141 0.0266985 0.0306541 0.0350244 0.0398227 0.0450587 0.0507374 0.056859 0.0634182 0.070404 0.0777994 0.0855809 0.093719 0.102178 0.110917 0.119888 0.12904 0.138316 0.147655 0.156994 0.166268 0.175408 0.184348 0.19302 0.201357 0.209294 0.21677 0.223726 0.230106 0.23586 0.240942 0.245313 0.248937 0.251786 0.253837 0.255075 0.255488 0.255075 0.253837 0.251786 0.248937 0.245313 0.240942 0.23586 0.230106 0.223726 0.21677 0.209294 0.201357 0.19302 0.184348 0.175408 0.166268 0.156994 0.147655 0.138316 0.12904 0.119888 0.110917 0.102178 0.093719 0.0855809 0.0777994 0.070404 0.0634182 0.056859 0.0507374 0.0450587 0.0398227 0.0350244 0.0306541 0.0266985 0.023141 0.0199625 0.0171418 0.0146568 0.0124844 0.0106018 0.00898662 0.00761746 0.00647448 0.00553968 0.00479731 0.00423409 0.00383947 0.0036058 
0.00401925 0.00410672 0.00437082 0.00481673 0.0054529 0.00629103 0.00734579 0.00863458 0.0101772 0.0119956 0.0141132 0.0165544 0.0193443 0.0225078 0.026069 0.0300505 0.0344727 0.0393531 0.0447054 0.0505392 0.056859 0.0636636 0.0709461 0.0786929 0.0868839 0.0954923 0.104484 0.11382 0.123453 0.133329 0.143393 0.153581 0.163827 0.174061 0.184212 0.194207 0.203972 0.213434 0.222522 0.231167 0.239303 0.246865 0.253798 0.260045 0.265561 0.270301 0.27423 0.277318 0.27954 0.28088 0.281328 0.28088 0.27954 0.277318 0.27423 0.270301 0.265561 0.260045 0.253798 0.246865 0.239303 0.231167 0.222522 0.213434 0.203972 0.194207 0.184212 0.174061 0.163827 0.153581 0.143393 0.133329 0.123453 0.11382 0.104484 0.0954923 0.0868839 0.0786929 0.0709461 0.0636636 0.056859 0.0505392 0.0447054 0.0393531 0.0344727 0.0300505 0.026069 0.0225078 0.0193443 0.0165544 0.0141132 0.0119956 0.0101772 0.00863458 0.00734579 0.00629103 0.0054529 0.00481673 0.00437082 0.00410672 
0.00455611 0.0046545 0.00495158 0.00545301 0.00616815 0.00710986 0.00829429 0.00974056 0.0114704 0.0135078 0.0158783 0.0186087 0.021726 0.0252571 0.0292281 0.033663 0.0385834 0.0440075 0.0499495 0.0564185 0.0634182 0.0709461 0.0789929 0.0875425 0.0965715 0.106049 0.115937 0.12619 0.136756 0.147577 0.158589 0.169724 0.180909 0.192069 0.203125 0.213999 0.224611 0.234884 0.244742 0.254109 0.262916 0.271097 0.27859 0.285339 0.291293 0.296408 0.300645 0.303973 0.306368 0.307813 0.308295 0.307813 0.306368 0.303973 0.300645 0.296408 0.291293 0.285339 0.27859 0.271097 0.262916 0.254109 0.244742 0.234884 0.224611 0.213999 0.203125 0.192069 0.180909 0.169724 0.158589 0.147577 0.136756 0.12619 0.115937 0.106049 0.0965715 0.0875425 0.0789929 0.0709461 0.0634182 0.0564185 0.0499495 0.0440075 0.0385834 0.033663 0.0292281 0.0252571 0.021726 0.0186087 0.0158783 0.0135078 0.0114704 0.00974056 0.00829429 0.00710986 0.00616815 0.00545301 0.00495158 0.0046545 
0.00513975 0.00524991 0.00558248 0.00614369 0.00694378 0.00799686 0.0093206 0.0109359 0.0128665 0.0151386 0.0177798 0.0208191 0.0242858 0.0282089 0.032616 0.0375328 0.0429819 0.0489822 0.0555478 0.0626876 0.070404 0.0786929 0.0875425 0.0969338 0.106839 0.117224 0.128045 0.139252 0.150787 0.162586 0.174579 0.18669 0.198841 0.21095 0.222933 0.234705 0.246182 0.25728 0.267918 0.278017 0.287504 0.296309 0.304367 0.31162 0.318014 0.323504 0.32805 0.331619 0.334187 0.335735 0.336253 0.335735 0.334187 0.331619 0.32805 0.323504 0.318014 0.31162 0.304367 0.296309 0.287504 0.278017 0.267918 0.25728 0.246182 0.234705 0.222933 0.21095 0.198841 0.18669 0.174579 0.162586 0.150787 0.139252 0.128045 0.117224 0.106839 0.0969338 0.0875425 0.0786929 0.070404 0.0626876 0.0555478 0.0489822 0.0429819 0.0375328 0.032616 0.0282089 0.0242858 0.0208191 0.0177798 0.0151386 0.0128665 0.0109359 0.0093206 0.00799686 0.00694378 0.00614369 0.00558248 0.00524991 
0.00577036 0.00589312 0.00626368 0.00688883 0.00777977 0.00895187 0.0104244 0.0122201 0.0143647 0.0168865 0.0198156 0.0231832 0.0270207 0.031359 0.0362275 0.0416533 0.04766 0.054267 0.0614883 0.0693321 0.0777994 0.0868839 0.0965715 0.106839 0.117656 0.128983 0.14077 0.152963 0.165496 0.178301 0.191299 0.20441 0.217548 0.230625 0.24355 0.256233 0.268584 0.280515 0.291939 0.302774 0.312942 0.322372 0.330994 0.338749 0.345581 0.351444 0.356296 0.360105 0.362844 0.364495 0.365047 0.364495 0.362844 0.360105 0.356296 0.351444 0.345581 0.338749 0.330994 0.322372 0.312942 0.302774 0.291939 0.280515 0.268584 0.256233 0.24355 0.230625 0.217548 0.20441 0.191299 0.178301 0.165496 0.152963 0.14077 0.128983 0.117656 0.106839 0.0965715 0.0868839 0.0777994 0.0693321 0.0614883 0.054267 0.04766 0.0416533 0.0362275 0.031359 0.0270207 0.0231832 0.0198156 0.0168865 0.0143647 0.0122201 0.0104244 0.00895187 0.00777977 0.00688883 0.00626368 0.00589312 
0.00644754 0.0065837 0.00699465 0.0076878 0.00867529 0.00997381 0.0116042 0.0135912 0.0159626 0.0187488 0.0219823 0.0256964 0.0299248 0.0347003 0.0400541 0.0460143 0.0526056 0.0598476 0.0677539 0.0763318 0.0855809 0.0954923 0.106049 0.117224 0.128983 0.14128 0.154061 0.167265 0.180821 0.194652 0.208676 0.222803 0.236942 0.250998 0.264874 0.278474 0.291703 0.304468 0.316677 0.328245 0.339092 0.34914 0.358321 0.366572 0.373837 0.380067 0.385221 0.389265 0.392172 0.393924 0.394509 0.393924 0.392172 0.389265 0.385221 0.380067 0.373837 0.366572 0.358321 0.34914 0.339092 0.328245 0.316677 0.304468 0.291703 0.278474 0.264874 0.250998 0.236942 0.222803 0.208676 0.194652 0.180821 0.167265 0.154061 0.14128 0.128983 0.117224 0.106049 0.0954923 0.0855809 0.0763318 0.0677539 0.0598476 0.0526056 0.0460143 0.0400541 0.0347003 0.0299248 0.0256964 0.0219823 0.0187488 0.0159626 0.0135912 0.0116042 0.00997381 0.00867529 0.0076878 0.00699465 0.0065837 
0.00717018 0.00732051 0.00777418 0.00853917 0.00962865 0.0110606 0.0128576 0.0150462 0.0176563 0.0207207 0.024274 0.0283518 0.0329899 0.0382231 0.0440839 0.0506019 0.0578022 0.0657046 0.0743223 0.0836612 0.093719 0.104484 0.115937 0.128045 0.14077 0.154061 0.167858 0.182093 0.196689 0.211563 0.226624 0.241778 0.256924 0.271963 0.286792 0.301308 0.315412 0.329005 0.341992 0.354285 0.3658 0.376457 0.386186 0.394923 0.402611 0.409199 0.414647 0.418919 0.42199 0.42384 0.424458 0.42384 0.42199 0.418919 0.414647 0.409199 0.402611 0.394923 0.386186 0.376457 0.3658 0.354285 0.341992 0.329005 0.315412 0.301308 0.286792 0.271963 0.256924 0.241778 0.226624 0.211563 0.196689 0.182093 0.167858 0.154061 0.14077 0.128045 0.115937 0.104484 0.093719 0.0836612 0.0743223 0.0657046 0.0578022 0.0506019 0.0440839 0.0382231 0.0329899 0.0283518 0.024274 0.0207207 0.0176563 0.0150462 0.0128576 0.0110606 0.00962865 0.00853917 0.00777418 0.00732051 
0.00793648 0.00810169 0.00860023 0.00944069 0.0106372 0.0122092 0.0141808 0.0165806 0.0194406 0.0227958 0.026683 0.0311402 0.036205 0.0419142 0.0483017 0.0553981 0.063229 0.0718141 0.0811659 0.0912888 0.102178 0.11382 0.12619 0.139252 0.152963 0.167265 0.182093 0.197373 0.21302 0.228944 0.245048 0.26123 0.277385 0.293404 0.309179 0.324604 0.339572 0.353981 0.367734 0.380737 0.392904 0.404155 0.414418 0.423626 0.431722 0.438656 0.444387 0.44888 0.452107 0.454052 0.454701 0.454052 0.452107 0.44888 0.444387 0.438656 0.431722 0.423626 0.414418 0.404155 0.392904 0.380737 0.367734 0.353981 0.339572 0.324604 0.309179 0.293404 0.277385 0.26123 0.245048 0.228944 0.21302 0.197373 0.182093 0.167265 0.152963 0.139252 0.12619 0.11382 0.102178 0.0912888 0.0811659 0.0718141 0.063229 0.0553981 0.0483017 0.0419142 0.036205 0.0311402 0.026683 0.0227958 0.0194406 0.0165806 0.0141808 0.0122092 0.0106372 0.00944069 0.00860023 0.00810169 
0.00874385 0.00892461 0.00946998 0.0103892 0.0116974 0.0134154 0.015569 0.0181886 0.0213084 0.0249657 0.0291995 0.0340498 0.0395564 0.0457576 0.0526888 0.0603814 0.0688612 0.0781478 0.0882524 0.0991779 0.110917 0.123453 0.136756 0.150787 0.165496 0.180821 0.196689 0.21302 0.229722 0.246698 0.263843 0.281049 0.298203 0.315193 0.331903 0.348221 0.364037 0.379244 0.393742 0.407435 0.420235 0.432059 0.442835 0.452496 0.460984 0.468249 0.47425 0.478952 0.482329 0.484363 0.485042 0.484363 0.482329 0.478952 0.47425 0.468249 0.460984 0.452496 0.442835 0.432059 0.420235 0.407435 0.393742 0.379244 0.364037 0.348221 0.331903 0.315193 0.298203 0.281049 0.263843 0.246698 0.229722 0.21302 0.196689 0.180821 0.165496 0.150787 0.136756 0.123453 0.110917 0.0991779 0.0882524 0.0781478 0.0688612 0.0603814 0.0526888 0.0457576 0.0395564 0.0340498 0.0291995 0.0249657 0.0213084 0.0181886 0.015569 0.0134154 0.0116974 0.0103892 0.00946998 0.00892461 
0.00958896 0.00978584 0.0103798 0.0113807 0.0128047 0.0146738 0.0170158 0.0198628 0.0232512 0.0272203 0.0318115 0.0370668 0.0430278 0.0497345 0.0572234 0.0655265 0.07467 0.0846726 0.0955445 0.107286 0.119888 0.133329 0.147577 0.162586 0.178301 0.194652 0.211563 0.228944 0.246698 0.264719 0.282896 0.301115 0.319255 0.337197 0.354822 0.372012 0.388653 0.404634 0.419853 0.43421 0.447617 0.459989 0.471255 0.481346 0.490205 0.497783 0.504039 0.508939 0.512457 0.514575 0.515282 0.514575 0.512457 0.508939 0.504039 0.497783 0.490205 0.481346 0.471255 0.459989 0.447617 0.43421 0.419853 0.404634 0.388653 0.372012 0.354822 0.337197 0.319255 0.301115 0.282896 0.264719 0.246698 0.228944 0.211563 0.194652 0.178301 0.162586 0.147577 0.133329 0.119888 0.107286 0.0955445 0.0846726 0.07467 0.0655265 0.0572234 0.0497345 0.0430278 0.0370668 0.0318115 0.0272203 0.0232512 0.0198628 0.0170158 0.0146738 0.0128047 0.0113807 0.0103798 0.00978584 
0.0104676 0.0106812 0.0113252 0.0124102 0.0139534 0.0159782 0.0185139 0.0215946 0.0252587 0.0295478 0.0345051 0.0401748 0.0466003 0.0538229 0.0618803 0.0708049 0.0806226 0.0913516 0.103001 0.115568 0.12904 0.143393 0.158589 0.174579 0.191299 0.208676 0.226624 0.245048 0.263843 0.282896 0.30209 0.321302 0.340406 0.359278 0.377792 0.395827 0.413263 0.429989 0.445897 0.460888 0.474872 0.487765 0.499492 0.509988 0.519195 0.527066 0.53356 0.538644 0.542292 0.544489 0.545222 0.544489 0.542292 0.538644 0.53356 0.527066 0.519195 0.509988 0.499492 0.487765 0.474872 0.460888 0.445897 0.429989 0.413263 0.395827 0.377792 0.359278 0.340406 0.321302 0.30209 0.282896 0.263843 0.245048 0.226624 0.208676 0.191299 0.174579 0.158589 0.143393 0.12904 0.115568 0.103001 0.0913516 0.0806226 0.0708049 0.0618803 0.0538229 0.0466003 0.0401748 0.0345051 0.0295478 0.0252587 0.0215946 0.0185139 0.0159782 0.0139534 0.0124102 0.0113252 0.0106812 
0.011375 0.0116055 0.0123008 0.0134719 0.0151371 0.017321 0.0200546 0.023374 0.0273194 0.0319344 0.0372644 0.0433555 0.0502527 0.0579985 0.0666315 0.0761844 0.086683 0.0981441 0.110575 0.123971 0.138316 0.153581 0.169724 0.18669 0.20441 0.222803 0.241778 0.26123 0.281049 0.301115 0.321302 0.341481 0.361523 0.381294 0.400666 0.419511 0.437709 0.455144 0.471707 0.487298 0.501825 0.515205 0.527363 0.538236 0.547767 0.555908 0.562621 0.567874 0.571643 0.573911 0.574668 0.573911 0.571643 0.567874 0.562621 0.555908 0.547767 0.538236 0.527363 0.515205 0.501825 0.487298 0.471707 0.455144 0.437709 0.419511 0.400666 0.381294 0.361523 0.341481 0.321302 0.301115 0.281049 0.26123 0.241778 0.222803 0.20441 0.18669 0.169724 0.153581 0.138316 0.123971 0.110575 0.0981441 0.086683 0.0761844 0.0666315 0.0579985 0.0502527 0.0433555 0.0372644 0.0319344 0.0273194 0.023374 0.0200546 0.017321 0.0151371 0.0134719 0.0123008 0.0116055 
0.0123054 0.0125532 0.0133006 0.0145593 0.0163483 0.0186938 0.0216283 0.0251896 0.02942 0.0343649 0.0400719 0.0465885 0.0539614 0.0622343 0.0714464 0.0816305 0.0928118 0.105006 0.118218 0.132441 0.147655 0.163827 0.180909 0.198841 0.217548 0.236942 0.256924 0.277385 0.298203 0.319255 0.340406 0.361523 0.382467 0.403102 0.423294 0.442913 0.461833 0.479938 0.497118 0.51327 0.528303 0.542135 0.554693 0.565912 0.575739 0.584127 0.591039 0.596445 0.600323 0.602655 0.603434 0.602655 0.600323 0.596445 0.591039 0.584127 0.575739 0.565912 0.554693 0.542135 0.528303 0.51327 0.497118 0.479938 0.461833 0.442913 0.423294 0.403102 0.382467 0.361523 0.340406 0.319255 0.298203 0.277385 0.256924 0.236942 0.217548 0.198841 0.180909 0.163827 0.147655 0.132441 0.118218 0.105006 0.0928118 0.0816305 0.0714464 0.0622343 0.0539614 0.0465885 0.0400719 0.0343649 0.02942 0.0251896 0.0216283 0.0186938 0.0163483 0.0145593 0.0133006 0.0125532 
0.0132524 0.0135177 0.0143177 0.0156647 0.0175787 0.0200872 0.0232241 0.027029 0.0315461 0.0368227 0.0429081 0.0498516 0.0577011 0.0665013 0.0762919 0.0871057 0.0989671 0.11189 0.125878 0.140921 0.156994 0.174061 0.192069 0.21095 0.230625 0.250998 0.271963 0.293404 0.315193 0.337197 0.359278 0.381294 0.403102 0.42456 0.445531 0.465881 0.485482 0.504214 0.521967 0.53864 0.554141 0.568388 0.581309 0.592844 0.602938 0.611549 0.61864 0.624183 0.628157 0.630548 0.631345 0.630548 0.628157 0.624183 0.61864 0.611549 0.602938 0.592844 0.581309 0.568388 0.554141 0.53864 0.521967 0.504214 0.485482 0.465881 0.445531 0.42456 0.403102 0.381294 0.359278 0.337197 0.315193 0.293404 0.271963 0.250998 0.230625 0.21095 0.192069 0.174061 0.156994 0.140921 0.125878 0.11189 0.0989671 0.0871057 0.0762919 0.0665013 0.0577011 0.0498516 0.0429081 0.0368227 0.0315461 0.027029 0.0232241 0.0200872 0.0175787 0.0156647 0.0143177 0.0135177 
0.014209 0.0144918 0.0153445 0.01678 0.0188193 0.0214909 0.0248303 0.0288787 0.0336822 0.0392898 0.0457524 0.0531209 0.0614445 0.0707686 0.0811331 0.0925707 0.105105 0.118748 0.133501 0.14935 0.166268 0.184212 0.203125 0.222933 0.24355 0.264874 0.286792 0.309179 0.331903 0.354822 0.377792 0.400666 0.423294 0.445531 0.467235 0.48827 0.508505 0.52782 0.546103 0.563254 0.579181 0.593804 0.607054 0.618871 0.629204 0.638012 0.645261 0.650925 0.654985 0.657425 0.65824 0.657425 0.654985 0.650925 0.645261 0.638012 0.629204 0.618871 0.607054 0.593804 0.579181 0.563254 0.546103 0.52782 0.508505 0.48827 0.467235 0.445531 0.423294 0.400666 0.377792 0.354822 0.331903 0.309179 0.286792 0.264874 0.24355 0.222933 0.203125 0.184212 0.166268 0.14935 0.133501 0.118748 0.105105 0.0925707 0.0811331 0.0707686 0.0614445 0.0531209 0.0457524 0.0392898 0.0336822 0.0288787 0.0248303 0.0214909 0.0188193 0.01678 0.0153445 0.0144918 
0.0151676 0.0154679 0.016373 0.0178965 0.0200602 0.0228938 0.0264342 0.0307243 0.0358117 0.0417471 0.048583 0.0563716 0.0651632 0.0750038 0.0859336 0.0979847 0.111179 0.125529 0.14103 0.157667 0.175408 0.194207 0.213999 0.234705 0.256233 0.278474 0.301308 0.324604 0.348221 0.372012 0.395827 0.419511 0.442913 0.465881 0.48827 0.509941 0.530762 0.550612 0.56938 0.586965 0.603277 0.618238 0.631781 0.643847 0.65439 0.663371 0.670757 0.676525 0.680658 0.683142 0.683971 0.683142 0.680658 0.676525 0.670757 0.663371 0.65439 0.643847 0.631781 0.618238 0.603277 0.586965 0.56938 0.550612 0.530762 0.509941 0.48827 0.465881 0.442913 0.419511 0.395827 0.372012 0.348221 0.324604 0.301308 0.278474 0.256233 0.234705 0.213999 0.194207 0.175408 0.157667 0.14103 0.125529 0.111179 0.0979847 0.0859336 0.0750038 0.0651632 0.0563716 0.048583 0.0417471 0.0358117 0.0307243 0.0264342 0.0228938 0.0200602 0.0178965 0.016373 0.0154679 
0.0161202 0.0164376 0.0173945 0.0190048 0.0212911 0.0242844 0.0280228 0.0325507 0.0379173 0.0441748 0.0513771 0.0595778 0.0688278 0.0791738 0.0906559 0.103306 0.117144 0.13218 0.148409 0.16581 0.184348 0.203972 0.224611 0.246182 0.268584 0.291703 0.315412 0.339572 0.364037 0.388653 0.413263 0.437709 0.461833 0.485482 0.508505 0.530762 0.552121 0.572458 0.591664 0.609639 0.626295 0.641555 0.655354 0.667639 0.678363 0.687492 0.694995 0.700852 0.705046 0.707566 0.708407 0.707566 0.705046 0.700852 0.694995 0.687492 0.678363 0.667639 0.655354 0.641555 0.626295 0.609639 0.591664 0.572458 0.552121 0.530762 0.508505 0.485482 0.461833 0.437709 0.413263 0.388653 0.364037 0.339572 0.315412 0.291703 0.268584 0.246182 0.224611 0.203972 0.184348 0.16581 0.148409 0.13218 0.117144 0.103306 0.0906559 0.0791738 0.0688278 0.0595778 0.0513771 0.0441748 0.0379173 0.0325507 0.0280228 0.0242844 0.0212911 0.0190048 0.0173945 0.0164376 
0.0170583 0.0173925 0.0184 0.0200951 0.0225013 0.0256506 0.0295824 0.0343423 0.0399811 0.0465524 0.0541114 0.0627127 0.0724081 0.0832445 0.0952619 0.108491 0.122952 0.138651 0.15558 0.173716 0.19302 0.213434 0.234884 0.25728 0.280515 0.304468 0.329005 0.353981 0.379244 0.404634 0.429989 0.455144 0.479938 0.504214 0.52782 0.550612 0.572458 0.593236 0.612834 0.631155 0.648113 0.663635 0.677657 0.690128 0.701007 0.71026 0.717861 0.723791 0.728035 0.730586 0.731437 0.730586 0.728035 0.723791 0.717861 0.71026 0.701007 0.690128 0.677657 0.663635 0.648113 0.631155 0.612834 0.593236 0.572458 0.550612 0.52782 0.504214 0.479938 0.455144 0.429989 0.404634 0.379244 0.353981 0.329005 0.304468 0.280515 0.25728 0.234884 0.213434 0.19302 0.173716 0.15558 0.138651 0.122952 0.108491 0.0952619 0.0832445 0.0724081 0.0627127 0.0541114 0.0465524 0.0399811 0.0343423 0.0295824 0.0256506 0.0225013 0.0200951 0.0184 0.0173925 
0.0179732 0.0183237 0.0193802 0.0211575 0.0236798 0.0269801 0.0310989 0.0360832 0.041985 0.0488593 0.0567624 0.0657498 0.0758739 0.087182 0.0997135 0.113499 0.128555 0.144888 0.162487 0.181325 0.201357 0.222522 0.244742 0.267918 0.291939 0.316677 0.341992 0.367734 0.393742 0.419853 0.445897 0.471707 0.497118 0.521967 0.546103 0.56938 0.591664 0.612834 0.63278 0.651405 0.668627 0.684373 0.698585 0.711213 0.72222 0.731576 0.739256 0.745245 0.749531 0.752105 0.752964 0.752105 0.749531 0.745245 0.739256 0.731576 0.72222 0.711213 0.698585 0.684373 0.668627 0.651405 0.63278 0.612834 0.591664 0.56938 0.546103 0.521967 0.497118 0.471707 0.445897 0.419853 0.393742 0.367734 0.341992 0.316677 0.291939 0.267918 0.244742 0.222522 0.201357 0.181325 0.162487 0.144888 0.128555 0.113499 0.0997135 0.087182 0.0758739 0.0657498 0.0567624 0.0488593 0.041985 0.0360832 0.0310989 0.0269801 0.0236798 0.0211575 0.0193802 0.0183237 
0.0188562 0.0192223 0.0203257 0.0221818 0.0248154 0.0282604 0.0325583 0.0377574 0.0439108 0.0510747 0.0593064 0.0686623 0.0791952 0.0909523 0.103973 0.118286 0.133909 0.150842 0.169075 0.188575 0.209294 0.231167 0.254109 0.278017 0.302774 0.328245 0.354285 0.380737 0.407435 0.43421 0.460888 0.487298 0.51327 0.53864 0.563254 0.586965 0.609639 0.631155 0.651405 0.670295 0.687742 0.703679 0.718049 0.730808 0.74192 0.751358 0.759101 0.765137 0.769453 0.772046 0.77291 0.772046 0.769453 0.765137 0.759101 0.751358 0.74192 0.730808 0.718049 0.703679 0.687742 0.670295 0.651405 0.631155 0.609639 0.586965 0.563254 0.53864 0.51327 0.487298 0.460888 0.43421 0.407435 0.380737 0.354285 0.328245 0.302774 0.278017 0.254109 0.231167 0.209294 0.188575 0.169075 0.150842 0.133909 0.118286 0.103973 0.0909523 0.0791952 0.0686623 0.0593064 0.0510747 0.0439108 0.0377574 0.0325583 0.0282604 0.0248154 0.0221818 0.0203257 0.0192223 
