0.00263485 0.00266343 0.00274937 0.00289321 0.00309587 0.00335858 0.00368287 0.00407053 0.00452357 0.00504414 0.00563448 0.00629687 0.00703352 0.00784651 0.00873771 0.0097087 0.0107607 0.0118944 0.01311 0.0144072 0.0157847 0.0172409 0.0187729 0.0203773 0.0220498 0.0237851 0.0255769 0.0274182 0.0293011 0.0312167 0.0331555 0.0351071 0.0370606 0.0390045 0.0409268 0.0428153 0.0446575 0.0464408 0.0481527 0.0497809 0.0513134 0.0527387 0.0540461 0.0552253 0.0562671 0.0571633 0.0579067 0.0584912 0.0589122 0.0591662 0.0592511 0.0591662 0.0589122 0.0584912 0.0579067 0.0571633 0.0562671 0.0552253 0.0540461 0.0527387 0.0513134 0.0497809 0.0481527 0.0464408 0.0446575 0.0428153 0.0409268 0.0390045 0.0370606 0.0351071 0.0331555 0.0312167 0.0293011 0.0274182 0.0255769 0.0237851 0.0220498 0.0203773 0.0187729 0.0172409 0.0157847 0.0144072 0.01311 0.0118944 0.0107607 0.0097087 0.00873771 0.00784651 0.00703352 0.00629687 0.00563448 0.00504414 0.00452357 0.00407053 0.00368287 0.00335858 0.00309587 0.00289321 0.00274937 0.00266343 
0.00266343 0.0026923 0.00277909 0.00292435 0.00312901 0.0033943 0.00372176 0.00411321 0.00457066 0.00509626 0.00569229 0.00636101 0.00710467 0.00792534 0.0088249 0.00980495 0.0108667 0.0120108 0.0132375 0.0145464 0.0159364 0.0174055 0.0189511 0.0205697 0.0222567 0.024007 0.0258143 0.0276713 0.0295701 0.0315019 0.0334569 0.0354247 0.0373944 0.0393542 0.0412922 0.0431961 0.0450531 0.0468507 0.0485762 0.0502173 0.051762 0.0531986 0.0545162 0.0557046 0.0567546 0.0576578 0.0584069 0.058996 0.0594202 0.0596762 0.0597617 0.0596762 0.0594202 0.058996 0.0584069 0.0576578 0.0567546 0.0557046 0.0545162 0.0531986 0.051762 0.0502173 0.0485762 0.0468507 0.0450531 0.0431961 0.0412922 0.0393542 0.0373944 0.0354247 0.0334569 0.0315019 0.0295701 0.0276713 0.0258143 0.024007 0.0222567 0.0205697 0.0189511 0.0174055 0.0159364 0.0145464 0.0132375 0.0120108 0.0108667 0.00980495 0.0088249 0.00792534 0.00710467 0.00636101 0.00569229 0.00509626 0.00457066 0.00411321 0.00372176 0.0033943 0.00312901 0.00292435 0.00277909 0.0026923 
0.00274937 0.00277909 0.00286843 0.00301797 0.00322863 0.00350168 0.00383869 0.00424151 0.00471218 0.00525292 0.005866 0.00655377 0.00731846 0.0081622 0.00908689 0.0100941 0.0111851 0.0123605 0.0136206 0.0149647 0.0163919 0.0179 0.0194864 0.0211473 0.0228782 0.0246736 0.0265271 0.0284313 0.0303781 0.0323582 0.0343619 0.0363784 0.0383964 0.0404041 0.0423892 0.044339 0.0462406 0.0480811 0.0498476 0.0515275 0.0531085 0.0545788 0.0559272 0.0571434 0.0582177 0.0591418 0.0599083 0.0605109 0.060945 0.0612068 0.0612943 0.0612068 0.060945 0.0605109 0.0599083 0.0591418 0.0582177 0.0571434 0.0559272 0.0545788 0.0531085 0.0515275 0.0498476 0.0480811 0.0462406 0.044339 0.0423892 0.0404041 0.0383964 0.0363784 0.0343619 0.0323582 0.0303781 0.0284313 0.0265271 0.0246736 0.0228782 0.0211473 0.0194864 0.0179 0.0163919 0.0149647 0.0136206 0.0123605 0.0111851 0.0100941 0.00908689 0.0081622 0.00731846 0.00655377 0.005866 0.00525292 0.00471218 0.00424151 0.00383869 0.00350168 0.00322863 0.00301797 0.00286843 0.00277909 
0.00289321 0.00292435 0.00301797 0.00317464 0.00339533 0.00368136 0.00403433 0.00445615 0.00494893 0.00551494 0.00615654 0.0068761 0.00767594 0.00855823 0.00952488 0.0105775 0.0117173 0.012945 0.0142607 0.0156637 0.0171529 0.0187262 0.0203805 0.0221121 0.0239161 0.0257868 0.0277175 0.0297004 0.0317271 0.033788 0.0358728 0.0379704 0.0400691 0.0421566 0.04422 0.0462464 0.0482222 0.0501342 0.0519691 0.0537137 0.0553553 0.0568817 0.0582814 0.0595436 0.0606586 0.0616175 0.0624129 0.0630382 0.0634885 0.0637601 0.0638509 0.0637601 0.0634885 0.0630382 0.0624129 0.0616175 0.0606586 0.0595436 0.0582814 0.0568817 0.0553553 0.0537137 0.0519691 0.0501342 0.0482222 0.0462464 0.04422 0.0421566 0.0400691 0.0379704 0.0358728 0.033788 0.0317271 0.0297004 0.0277175 0.0257868 0.0239161 0.0221121 0.0203805 0.0187262 0.0171529 0.0156637 0.0142607 0.012945 0.0117173 0.0105775 0.00952488 0.00855823 0.00767594 0.0068761 0.00615654 0.00551494 0.00494893 0.00445615 0.00403433 0.00368136 0.00339533 0.00317464 0.00301797 0.00292435 
0.00309587 0.00312901 0.00322863 0.00339533 0.00363013 0.00393439 0.0043098 0.00475833 0.00528218 0.00588371 0.00656537 0.00732961 0.00817882 0.00911524 0.0101408 0.0112572 0.0124656 0.0137666 0.0151603 0.016646 0.0182223 0.0198869 0.0216366 0.0234673 0.0253738 0.0273501 0.0293889 0.0314821 0.0336208 0.0357947 0.0379932 0.0402044 0.0424161 0.0446152 0.0467884 0.0489219 0.0510018 0.0530138 0.0549443 0.0567793 0.0585057 0.0601106 0.061582 0.0629088 0.0640805 0.0650882 0.0659239 0.0665808 0.0670539 0.0673393 0.0674347 0.0673393 0.0670539 0.0665808 0.0659239 0.0650882 0.0640805 0.0629088 0.061582 0.0601106 0.0585057 0.0567793 0.0549443 0.0530138 0.0510018 0.0489219 0.0467884 0.0446152 0.0424161 0.0402044 0.0379932 0.0357947 0.0336208 0.0314821 0.0293889 0.0273501 0.0253738 0.0234673 0.0216366 0.0198869 0.0182223 0.016646 0.0151603 0.0137666 0.0124656 0.0112572 0.0101408 0.00911524 0.00817882 0.00732961 0.00656537 0.00588371 0.00528218 0.00475833 0.0043098 0.00393439 0.00363013 0.00339533 0.00322863 0.00312901 
0.00335858 0.0033943 0.00350168 0.00368136 0.00393439 0.00426222 0.00466662 0.00514967 0.00571367 0.00636109 0.00709449 0.00791644 0.00882941 0.00983572 0.0109374 0.012136 0.0134329 0.0148285 0.0163229 0.0179152 0.0196038 0.0213861 0.0232587 0.0252171 0.0272556 0.0293678 0.0315458 0.0337811 0.0360638 0.0383833 0.0407279 0.0430853 0.0454422 0.047785 0.0500993 0.0523705 0.0545839 0.0567246 0.0587777 0.060729 0.0625642 0.0642699 0.0658335 0.067243 0.0684877 0.0695579 0.0704453 0.071143 0.0716453 0.0719483 0.0720495 0.0719483 0.0716453 0.071143 0.0704453 0.0695579 0.0684877 0.067243 0.0658335 0.0642699 0.0625642 0.060729 0.0587777 0.0567246 0.0545839 0.0523705 0.0500993 0.047785 0.0454422 0.0430853 0.0407279 0.0383833 0.0360638 0.0337811 0.0315458 0.0293678 0.0272556 0.0252171 0.0232587 0.0213861 0.0196038 0.0179152 0.0163229 0.0148285 0.0134329 0.012136 0.0109374 0.00983572 0.00882941 0.00791644 0.00709449 0.00636109 0.00571367 0.00514967 0.00466662 0.00426222 0.00393439 0.00368136 0.00350168 0.0033943 
0.00368287 0.00372176 0.00383869 0.00403433 0.0043098 0.00466662 0.00510669 0.00563218 0.00624554 0.00694937 0.00774637 0.00863924 0.00963055 0.0107227 0.0119178 0.0132175 0.0146229 0.0161346 0.0177525 0.0194755 0.0213018 0.0232285 0.0252517 0.0273664 0.0295667 0.0318452 0.0341938 0.0366028 0.0390619 0.0415593 0.0440828 0.0466188 0.0491533 0.0516715 0.0541581 0.0565976 0.0589741 0.0612718 0.0634748 0.0655678 0.0675359 0.0693646 0.0710405 0.072551 0.0738847 0.0750312 0.0759818 0.0767289 0.0772669 0.0775914 0.0776998 0.0775914 0.0772669 0.0767289 0.0759818 0.0750312 0.0738847 0.072551 0.0710405 0.0693646 0.0675359 0.0655678 0.0634748 0.0612718 0.0589741 0.0565976 0.0541581 0.0516715 0.0491533 0.0466188 0.0440828 0.0415593 0.0390619 0.0366028 0.0341938 0.0318452 0.0295667 0.0273664 0.0252517 0.0232285 0.0213018 0.0194755 0.0177525 0.0161346 0.0146229 0.0132175 0.0119178 0.0107227 0.00963055 0.00863924 0.00774637 0.00694937 0.00624554 0.00563218 0.00510669 0.00466662 0.0043098 0.00403433 0.00383869 0.00372176 
0.00407053 0.00411321 0.00424151 0.00445615 0.00475833 0.00514967 0.00563218 0.00620819 0.00688028 0.00765123 0.00852388 0.00950107 0.0105855 0.0117797 0.0130858 0.0145054 0.0160398 0.0176894 0.0194539 0.0213319 0.0233215 0.0254193 0.027621 0.0299211 0.0323129 0.0347885 0.0373388 0.0399535 0.0426211 0.0453291 0.048064 0.0508111 0.0535554 0.0562809 0.0589711 0.0616092 0.0641782 0.0666611 0.069041 0.0713013 0.073426 0.0753998 0.0772081 0.0788377 0.0802761 0.0815125 0.0825375 0.0833431 0.083923 0.0842728 0.0843897 0.0842728 0.083923 0.0833431 0.0825375 0.0815125 0.0802761 0.0788377 0.0772081 0.0753998 0.073426 0.0713013 0.069041 0.0666611 0.0641782 0.0616092 0.0589711 0.0562809 0.0535554 0.0508111 0.048064 0.0453291 0.0426211 0.0399535 0.0373388 0.0347885 0.0323129 0.0299211 0.027621 0.0254193 0.0233215 0.0213319 0.0194539 0.0176894 0.0160398 0.0145054 0.0130858 0.0117797 0.0105855 0.00950107 0.00852388 0.00765123 0.00688028 0.00620819 0.00563218 0.00514967 0.00475833 0.00445615 0.00424151 0.00411321 
0.00452357 0.00457066 0.00471218 0.00494893 0.00528218 0.00571367 0.00624554 0.00688028 0.00762066 0.00846962 0.00943017 0.0105053 0.0116979 0.0130105 0.0144454 0.0160043 0.0176883 0.0194977 0.021432 0.0234897 0.0256684 0.0279643 0.0303726 0.0328871 0.0355005 0.0382039 0.0409874 0.0438396 0.0467481 0.0496991 0.0526779 0.0556686 0.0586549 0.0616193 0.0645441 0.067411 0.0702018 0.072898 0.0754814 0.0779342 0.0802391 0.0823798 0.0843405 0.0861069 0.0876659 0.0890057 0.0901161 0.0909888 0.091617 0.0919958 0.0921225 0.0919958 0.091617 0.0909888 0.0901161 0.0890057 0.0876659 0.0861069 0.0843405 0.0823798 0.0802391 0.0779342 0.0754814 0.072898 0.0702018 0.067411 0.0645441 0.0616193 0.0586549 0.0556686 0.0526779 0.0496991 0.0467481 0.0438396 0.0409874 0.0382039 0.0355005 0.0328871 0.0303726 0.0279643 0.0256684 0.0234897 0.021432 0.0194977 0.0176883 0.0160043 0.0144454 0.0130105 0.0116979 0.0105053 0.00943017 0.00846962 0.00762066 0.00688028 0.00624554 0.00571367 0.00528218 0.00494893 0.00471218 0.00457066 
0.00504414 0.00509626 0.00525292 0.00551494 0.00588371 0.00636109 0.00694937 0.00765123 0.00846962 0.00940766 0.0104686 0.0116555 0.0129715 0.0144193 0.0160011 0.0177186 0.019573 0.0215644 0.0236921 0.0259544 0.0283482 0.0308694 0.0335125 0.0362706 0.0391355 0.0420976 0.0451457 0.0482675 0.051449 0.0546755 0.0579306 0.0611972 0.0644574 0.0676922 0.0708823 0.0740081 0.0770496 0.0799868 0.0828002 0.0854705 0.087979 0.090308 0.0924407 0.0943616 0.0960565 0.0975129 0.0987199 0.0996682 0.100351 0.100762 0.1009 0.100762 0.100351 0.0996682 0.0987199 0.0975129 0.0960565 0.0943616 0.0924407 0.090308 0.087979 0.0854705 0.0828002 0.0799868 0.0770496 0.0740081 0.0708823 0.0676922 0.0644574 0.0611972 0.0579306 0.0546755 0.051449 0.0482675 0.0451457 0.0420976 0.0391355 0.0362706 0.0335125 0.0308694 0.0283482 0.0259544 0.0236921 0.0215644 0.019573 0.0177186 0.0160011 0.0144193 0.0129715 0.0116555 0.0104686 0.00940766 0.00846962 0.00765123 0.00694937 0.00636109 0.00588371 0.00551494 0.00525292 0.00509626 
0.00563448 0.00569229 0.005866 0.00615654 0.00656537 0.00709449 0.00774637 0.00852388 0.00943017 0.0104686 0.0116425 0.0129553 0.0144102 0.01601 0.017757 0.0196529 0.0216988 0.0238947 0.0262395 0.0287312 0.0313663 0.0341401 0.0370463 0.0400774 0.043224 0.0464755 0.0498197 0.0532427 0.0567295 0.0602636 0.0638273 0.0674019 0.0709677 0.0745041 0.0779901 0.0814043 0.084725 0.0879307 0.0910001 0.0939124 0.0966474 0.0991859 0.10151 0.103602 0.105449 0.107035 0.108349 0.109381 0.110124 0.110572 0.110722 0.110572 0.110124 0.109381 0.108349 0.107035 0.105449 0.103602 0.10151 0.0991859 0.0966474 0.0939124 0.0910001 0.0879307 0.084725 0.0814043 0.0779901 0.0745041 0.0709677 0.0674019 0.0638273 0.0602636 0.0567295 0.0532427 0.0498197 0.0464755 0.043224 0.0400774 0.0370463 0.0341401 0.0313663 0.0287312 0.0262395 0.0238947 0.0216988 0.0196529 0.017757 0.01601 0.0144102 0.0129553 0.0116425 0.0104686 0.00943017 0.00852388 0.00774637 0.00709449 0.00656537 0.00615654 0.005866 0.00569229 
0.00629687 0.00636101 0.00655377 0.0068761 0.00732961 0.00791644 0.00863924 0.00950107 0.0105053 0.0116555 0.0129553 0.0144083 0.0160177 0.0177866 0.0197173 0.0218115 0.0240701 0.026493 0.0290789 0.0318251 0.0347278 0.0377815 0.0409793 0.0443126 0.047771 0.0513426 0.055014 0.05877 0.062594 0.0664678 0.070372 0.0742863 0.0781889 0.0820576 0.0858695 0.0896013 0.0932294 0.0967305 0.100081 0.10326 0.106244 0.109012 0.111546 0.113828 0.11584 0.117568 0.119 0.120124 0.120934 0.121422 0.121585 0.121422 0.120934 0.120124 0.119 0.117568 0.11584 0.113828 0.111546 0.109012 0.106244 0.10326 0.100081 0.0967305 0.0932294 0.0896013 0.0858695 0.0820576 0.0781889 0.0742863 0.070372 0.0664678 0.062594 0.05877 0.055014 0.0513426 0.047771 0.0443126 0.0409793 0.0377815 0.0347278 0.0318251 0.0290789 0.026493 0.0240701 0.0218115 0.0197173 0.0177866 0.0160177 0.0144083 0.0129553 0.0116555 0.0105053 0.00950107 0.00863924 0.00791644 0.00732961 0.0068761 0.00655377 0.00636101 
0.00703352 0.00710467 0.00731846 0.00767594 0.00817882 0.00882941 0.00963055 0.0105855 0.0116979 0.0129715 0.0144102 0.0160177 0.0177976 0.0197528 0.0218858 0.0241983 0.0266911 0.0293637 0.0322145 0.0352405 0.0384371 0.0417981 0.0453157 0.0489803 0.0527803 0.0567027 0.0607324 0.0648527 0.0690453 0.0732904 0.0775667 0.0818517 0.0861221 0.0903533 0.0945206 0.0985984 0.102561 0.106384 0.110042 0.113509 0.116764 0.119783 0.122545 0.125032 0.127224 0.129107 0.130666 0.131891 0.132773 0.133304 0.133482 0.133304 0.132773 0.131891 0.130666 0.129107 0.127224 0.125032 0.122545 0.119783 0.116764 0.113509 0.110042 0.106384 0.102561 0.0985984 0.0945206 0.0903533 0.0861221 0.0818517 0.0775667 0.0732904 0.0690453 0.0648527 0.0607324 0.0567027 0.0527803 0.0489803 0.0453157 0.0417981 0.0384371 0.0352405 0.0322145 0.0293637 0.0266911 0.0241983 0.0218858 0.0197528 0.0177976 0.0160177 0.0144102 0.0129715 0.0116979 0.0105855 0.00963055 0.00882941 0.00817882 0.00767594 0.00731846 0.00710467 
0.00784651 0.00792534 0.0081622 0.00855823 0.00911524 0.00983572 0.0107227 0.0117797 0.0130105 0.0144193 0.01601 0.0177866 0.0197528 0.0219117 0.0242658 0.0268167 0.029565 0.03251 0.0356497 0.0389805 0.0424972 0.0461928 0.0500583 0.0540831 0.0582545 0.0625577 0.0669763 0.0714918 0.0760842 0.0807316 0.0854108 0.0900973 0.0947654 0.0993887 0.10394 0.108392 0.112716 0.116886 0.120874 0.124654 0.128201 0.131489 0.134498 0.137205 0.139591 0.14164 0.143337 0.14467 0.145629 0.146207 0.146401 0.146207 0.145629 0.14467 0.143337 0.14164 0.139591 0.137205 0.134498 0.131489 0.128201 0.124654 0.120874 0.116886 0.112716 0.108392 0.10394 0.0993887 0.0947654 0.0900973 0.0854108 0.0807316 0.0760842 0.0714918 0.0669763 0.0625577 0.0582545 0.0540831 0.0500583 0.0461928 0.0424972 0.0389805 0.0356497 0.03251 0.029565 0.0268167 0.0242658 0.0219117 0.0197528 0.0177866 0.01601 0.0144193 0.0130105 0.0117797 0.0107227 0.00983572 0.00911524 0.00855823 0.0081622 0.00792534 
0.00873771 0.0088249 0.00908689 0.00952488 0.0101408 0.0109374 0.0119178 0.0130858 0.0144454 0.0160011 0.017757 0.0197173 0.0218858 0.0242658 0.0268597 0.0296691 0.0326943 0.0359344 0.0393868 0.0430474 0.0469102 0.0509672 0.0552085 0.0596221 0.0641939 0.0689077 0.0737452 0.0786863 0.0837088 0.0887888 0.0939011 0.0990187 0.104114 0.109158 0.114121 0.118973 0.123685 0.128227 0.132569 0.136683 0.140541 0.144118 0.147389 0.150332 0.152926 0.155153 0.156997 0.158445 0.159486 0.160114 0.160324 0.160114 0.159486 0.158445 0.156997 0.155153 0.152926 0.150332 0.147389 0.144118 0.140541 0.136683 0.132569 0.128227 0.123685 0.118973 0.114121 0.109158 0.104114 0.0990187 0.0939011 0.0887888 0.0837088 0.0786863 0.0737452 0.0689077 0.0641939 0.0596221 0.0552085 0.0509672 0.0469102 0.0430474 0.0393868 0.0359344 0.0326943 0.0296691 0.0268597 0.0242658 0.0218858 0.0197173 0.017757 0.0160011 0.0144454 0.0130858 0.0119178 0.0109374 0.0101408 0.00952488 0.00908689 0.0088249 
0.0097087 0.00980495 0.0100941 0.0105775 0.0112572 0.012136 0.0132175 0.0145054 0.0160043 0.0177186 0.0196529 0.0218115 0.0241983 0.0268167 0.0296691 0.0327569 0.0360803 0.0396378 0.0434265 0.0474415 0.051676 0.056121 0.0607654 0.0655958 0.0705966 0.07575 0.0810358 0.0864319 0.091914 0.0974562 0.103031 0.108608 0.114159 0.119651 0.125052 0.130331 0.135455 0.140391 0.145109 0.149578 0.153768 0.157651 0.161201 0.164394 0.167208 0.169623 0.171622 0.173192 0.174321 0.175002 0.17523 0.175002 0.174321 0.173192 0.171622 0.169623 0.167208 0.164394 0.161201 0.157651 0.153768 0.149578 0.145109 0.140391 0.135455 0.130331 0.125052 0.119651 0.114159 0.108608 0.103031 0.0974562 0.091914 0.0864319 0.0810358 0.07575 0.0705966 0.0655958 0.0607654 0.056121 0.051676 0.0474415 0.0434265 0.0396378 0.0360803 0.0327569 0.0296691 0.0268167 0.0241983 0.0218115 0.0196529 0.0177186 0.0160043 0.0145054 0.0132175 0.012136 0.0112572 0.0105775 0.0100941 0.00980495 
0.0107607 0.0108667 0.0111851 0.0117173 0.0124656 0.0134329 0.0146229 0.0160398 0.0176883 0.019573 0.0216988 0.0240701 0.0266911 0.029565 0.0326943 0.0360803 0.0397227 0.0436198 0.0477679 0.0521615 0.0567928 0.0616517 0.0667258 0.0720004 0.0774581 0.0830792 0.0888417 0.0947212 0.100691 0.106724 0.112789 0.118854 0.124886 0.130852 0.136718 0.142448 0.148007 0.153361 0.158476 0.163319 0.167858 0.172064 0.175908 0.179364 0.182409 0.185022 0.187186 0.188884 0.190105 0.190842 0.191088 0.190842 0.190105 0.188884 0.187186 0.185022 0.182409 0.179364 0.175908 0.172064 0.167858 0.163319 0.158476 0.153361 0.148007 0.142448 0.136718 0.130852 0.124886 0.118854 0.112789 0.106724 0.100691 0.0947212 0.0888417 0.0830792 0.0774581 0.0720004 0.0667258 0.0616517 0.0567928 0.0521615 0.0477679 0.0436198 0.0397227 0.0360803 0.0326943 0.029565 0.0266911 0.0240701 0.0216988 0.019573 0.0176883 0.0160398 0.0146229 0.0134329 0.0124656 0.0117173 0.0111851 0.0108667 
0.0118944 0.0120108 0.0123605 0.012945 0.0137666 0.0148285 0.0161346 0.0176894 0.0194977 0.0215644 0.0238947 0.026493 0.0293637 0.03251 0.0359344 0.0396378 0.0436198 0.047878 0.0524082 0.0572039 0.0622564 0.0675544 0.0730841 0.0788291 0.0847704 0.0908864 0.0971528 0.103543 0.110029 0.116578 0.12316 0.129738 0.136279 0.142744 0.149097 0.155301 0.161317 0.167109 0.172641 0.177876 0.182782 0.187325 0.191477 0.195209 0.198496 0.201317 0.203651 0.205484 0.206802 0.207596 0.207862 0.207596 0.206802 0.205484 0.203651 0.201317 0.198496 0.195209 0.191477 0.187325 0.182782 0.177876 0.172641 0.167109 0.161317 0.155301 0.149097 0.142744 0.136279 0.129738 0.12316 0.116578 0.110029 0.103543 0.0971528 0.0908864 0.0847704 0.0788291 0.0730841 0.0675544 0.0622564 0.0572039 0.0524082 0.047878 0.0436198 0.0396378 0.0359344 0.03251 0.0293637 0.026493 0.0238947 0.0215644 0.0194977 0.0176894 0.0161346 0.0148285 0.0137666 0.012945 0.0123605 0.0120108 
0.01311 0.0132375 0.0136206 0.0142607 0.0151603 0.0163229 0.0177525 0.0194539 0.021432 0.0236921 0.0262395 0.0290789 0.0322145 0.0356497 0.0393868 0.0434265 0.0477679 0.0524082 0.0573423 0.0625629 0.0680602 0.0738215 0.0798315 0.0860722 0.0925227 0.0991592 0.105955 0.112882 0.119909 0.127002 0.134125 0.141241 0.148313 0.1553 0.162164 0.168862 0.175356 0.181605 0.187571 0.193215 0.198503 0.203398 0.20787 0.211889 0.215429 0.218465 0.220977 0.222949 0.224367 0.225222 0.225508 0.225222 0.224367 0.222949 0.220977 0.218465 0.215429 0.211889 0.20787 0.203398 0.198503 0.193215 0.187571 0.181605 0.175356 0.168862 0.162164 0.1553 0.148313 0.141241 0.134125 0.127002 0.119909 0.112882 0.105955 0.0991592 0.0925227 0.0860722 0.0798315 0.0738215 0.0680602 0.0625629 0.0573423 0.0524082 0.0477679 0.0434265 0.0393868 0.0356497 0.0322145 0.0290789 0.0262395 0.0236921 0.021432 0.0194539 0.0177525 0.0163229 0.0151603 0.0142607 0.0136206 0.0132375 
0.0144072 0.0145464 0.0149647 0.0156637 0.016646 0.0179152 0.0194755 0.0213319 0.0234897 0.0259544 0.0287312 0.0318251 0.0352405 0.0389805 0.0430474 0.0474415 0.0521615 0.0572039 0.0625629 0.0682302 0.0741946 0.0804422 0.0869561 0.0937164 0.1007 0.107882 0.115232 0.12272 0.130311 0.13797 0.145658 0.153335 0.16096 0.168491 0.175885 0.183098 0.190087 0.196811 0.203227 0.209296 0.214978 0.220238 0.225042 0.229357 0.233157 0.236417 0.239113 0.241229 0.242751 0.243668 0.243974 0.243668 0.242751 0.241229 0.239113 0.236417 0.233157 0.229357 0.225042 0.220238 0.214978 0.209296 0.203227 0.196811 0.190087 0.183098 0.175885 0.168491 0.16096 0.153335 0.145658 0.13797 0.130311 0.12272 0.115232 0.107882 0.1007 0.0937164 0.0869561 0.0804422 0.0741946 0.0682302 0.0625629 0.0572039 0.0521615 0.0474415 0.0430474 0.0389805 0.0352405 0.0318251 0.0287312 0.0259544 0.0234897 0.0213319 0.0194755 0.0179152 0.016646 0.0156637 0.0149647 0.0145464 
0.0157847 0.0159364 0.0163919 0.0171529 0.0182223 0.0196038 0.0213018 0.0233215 0.0256684 0.0283482 0.0313663 0.0347278 0.0384371 0.0424972 0.0469102 0.051676 0.0567928 0.0622564 0.0680602 0.0741946 0.0806473 0.0874029 0.0944427 0.101745 0.109284 0.117033 0.12496 0.133031 0.14121 0.149456 0.15773 0.165989 0.174187 0.18228 0.190222 0.197967 0.205469 0.212682 0.219563 0.226068 0.232158 0.237793 0.242938 0.24756 0.251628 0.255116 0.258002 0.260266 0.261894 0.262875 0.263203 0.262875 0.261894 0.260266 0.258002 0.255116 0.251628 0.24756 0.242938 0.237793 0.232158 0.226068 0.219563 0.212682 0.205469 0.197967 0.190222 0.18228 0.174187 0.165989 0.15773 0.149456 0.14121 0.133031 0.12496 0.117033 0.109284 0.101745 0.0944427 0.0874029 0.0806473 0.0741946 0.0680602 0.0622564 0.0567928 0.051676 0.0469102 0.0424972 0.0384371 0.0347278 0.0313663 0.0283482 0.0256684 0.0233215 0.0213018 0.0196038 0.0182223 0.0171529 0.0163919 0.0159364 
0.0172409 0.0174055 0.0179 0.0187262 0.0198869 0.0213861 0.0232285 0.0254193 0.0279643 0.0308694 0.0341401 0.0377815 0.0417981 0.0461928 0.0509672 0.056121 0.0616517 0.0675544 0.0738215 0.0804422 0.0874029 0.0946865 0.102272 0.110137 0.118253 0.12659 0.135114 0.143788 0.152573 0.161427 0.170306 0.179164 0.187953 0.196625 0.205132 0.213423 0.221451 0.229167 0.236524 0.243479 0.249986 0.256006 0.2615 0.266434 0.270776 0.274499 0.277578 0.279994 0.28173 0.282777 0.283127 0.282777 0.28173 0.279994 0.277578 0.274499 0.270776 0.266434 0.2615 0.256006 0.249986 0.243479 0.236524 0.229167 0.221451 0.213423 0.205132 0.196625 0.187953 0.179164 0.170306 0.161427 0.152573 0.143788 0.135114 0.12659 0.118253 0.110137 0.102272 0.0946865 0.0874029 0.0804422 0.0738215 0.0675544 0.0616517 0.056121 0.0509672 0.0461928 0.0417981 0.0377815 0.0341401 0.0308694 0.0279643 0.0254193 0.0232285 0.0213861 0.0198869 0.0187262 0.0179 0.0174055 
0.0187729 0.0189511 0.0194864 0.0203805 0.0216366 0.0232587 0.0252517 0.027621 0.0303726 0.0335125 0.0370463 0.0409793 0.0453157 0.0500583 0.0552085 0.0607654 0.0667258 0.0730841 0.0798315 0.0869561 0.0944427 0.102272 0.110423 0.118869 0.127579 0.136523 0.145662 0.154957 0.164367 0.173845 0.183345 0.192818 0.202213 0.211478 0.220562 0.229413 0.237979 0.246209 0.254053 0.261465 0.268398 0.274809 0.280659 0.285912 0.290533 0.294494 0.29777 0.30034 0.302187 0.3033 0.303672 0.3033 0.302187 0.30034 0.29777 0.294494 0.290533 0.285912 0.280659 0.274809 0.268398 0.261465 0.254053 0.246209 0.237979 0.229413 0.220562 0.211478 0.202213 0.192818 0.183345 0.173845 0.164367 0.154957 0.145662 0.136523 0.127579 0.118869 0.110423 0.102272 0.0944427 0.0869561 0.0798315 0.0730841 0.0667258 0.0607654 0.0552085 0.0500583 0.0453157 0.0409793 0.0370463 0.0335125 0.0303726 0.027621 0.0252517 0.0232587 0.0216366 0.0203805 0.0194864 0.0189511 
0.0203773 0.0205697 0.0211473 0.0221121 0.0234673 0.0252171 0.0273664 0.0299211 0.0328871 0.0362706 0.0400774 0.0443126 0.0489803 0.0540831 0.0596221 0.0655958 0.0720004 0.0788291 0.0860722 0.0937164 0.101745 0.110137 0.118869 0.127911 0.137233 0.146799 0.156569 0.166501 0.176549 0.186666 0.196801 0.206902 0.216915 0.226786 0.236459 0.245879 0.254992 0.263744 0.272083 0.279958 0.287323 0.294132 0.300343 0.305917 0.310821 0.315024 0.318498 0.321224 0.323183 0.324363 0.324757 0.324363 0.323183 0.321224 0.318498 0.315024 0.310821 0.305917 0.300343 0.294132 0.287323 0.279958 0.272083 0.263744 0.254992 0.245879 0.236459 0.226786 0.216915 0.206902 0.196801 0.186666 0.176549 0.166501 0.156569 0.146799 0.137233 0.127911 0.118869 0.110137 0.101745 0.0937164 0.0860722 0.0788291 0.0720004 0.0655958 0.0596221 0.0540831 0.0489803 0.0443126 0.0400774 0.0362706 0.0328871 0.0299211 0.0273664 0.0252171 0.0234673 0.0221121 0.0211473 0.0205697 
0.0220498 0.0222567 0.0228782 0.0239161 0.0253738 0.0272556 0.0295667 0.0323129 0.0355005 0.0391355 0.043224 0.047771 0.0527803 0.0582545 0.0641939 0.0705966 0.0774581 0.0847704 0.0925227 0.1007 0.109284 0.118253 0.127579 0.137233 0.14718 0.157381 0.167795 0.178376 0.189076 0.199843 0.210624 0.221363 0.232004 0.242488 0.252758 0.262755 0.272422 0.281702 0.290541 0.298885 0.306686 0.313896 0.32047 0.32637 0.331558 0.336003 0.339678 0.34256 0.344632 0.34588 0.346296 0.34588 0.344632 0.34256 0.339678 0.336003 0.331558 0.32637 0.32047 0.313896 0.306686 0.298885 0.290541 0.281702 0.272422 0.262755 0.252758 0.242488 0.232004 0.221363 0.210624 0.199843 0.189076 0.178376 0.167795 0.157381 0.14718 0.137233 0.127579 0.118253 0.109284 0.1007 0.0925227 0.0847704 0.0774581 0.0705966 0.0641939 0.0582545 0.0527803 0.047771 0.043224 0.0391355 0.0355005 0.0323129 0.0295667 0.0272556 0.0253738 0.0239161 0.0228782 0.0222567 
0.0237851 0.024007 0.0246736 0.0257868 0.0273501 0.0293678 0.0318452 0.0347885 0.0382039 0.0420976 0.0464755 0.0513426 0.0567027 0.0625577 0.0689077 0.07575 0.0830792 0.0908864 0.0991592 0.107882 0.117033 0.12659 0.136523 0.146799 0.157381 0.168229 0.179297 0.190537 0.201897 0.213323 0.224758 0.236143 0.247418 0.258522 0.269394 0.279972 0.290197 0.300008 0.30935 0.318166 0.326404 0.334016 0.340955 0.34718 0.352654 0.357342 0.361218 0.364257 0.366441 0.367756 0.368196 0.367756 0.366441 0.364257 0.361218 0.357342 0.352654 0.34718 0.340955 0.334016 0.326404 0.318166 0.30935 0.300008 0.290197 0.279972 0.269394 0.258522 0.247418 0.236143 0.224758 0.213323 0.201897 0.190537 0.179297 0.168229 0.157381 0.146799 0.136523 0.12659 0.117033 0.107882 0.0991592 0.0908864 0.0830792 0.07575 0.0689077 0.0625577 0.0567027 0.0513426 0.0464755 0.0420976 0.0382039 0.0347885 0.0318452 0.0293678 0.0273501 0.0257868 0.0246736 0.024007 
0.0255769 0.0258143 0.0265271 0.0277175 0.0293889 0.0315458 0.0341938 0.0373388 0.0409874 0.0451457 0.0498197 0.055014 0.0607324 0.0669763 0.0737452 0.0810358 0.0888417 0.0971528 0.105955 0.115232 0.12496 0.135114 0.145662 0.156569 0.167795 0.179297 0.191026 0.202932 0.214958 0.227048 0.239142 0.251177 0.26309 0.274817 0.286294 0.297455 0.308239 0.318583 0.328427 0.337715 0.346391 0.354404 0.361707 0.368257 0.374015 0.378946 0.383021 0.386216 0.388512 0.389895 0.390357 0.389895 0.388512 0.386216 0.383021 0.378946 0.374015 0.368257 0.361707 0.354404 0.346391 0.337715 0.328427 0.318583 0.308239 0.297455 0.286294 0.274817 0.26309 0.251177 0.239142 0.227048 0.214958 0.202932 0.191026 0.179297 0.167795 0.156569 0.145662 0.135114 0.12496 0.115232 0.105955 0.0971528 0.0888417 0.0810358 0.0737452 0.0669763 0.0607324 0.055014 0.0498197 0.0451457 0.0409874 0.0373388 0.0341938 0.0315458 0.0293889 0.0277175 0.0265271 0.0258143 
0.0274182 0.0276713 0.0284313 0.0297004 0.0314821 0.0337811 0.0366028 0.0399535 0.0438396 0.0482675 0.0532427 0.05877 0.0648527 0.0714918 0.0786863 0.0864319 0.0947212 0.103543 0.112882 0.12272 0.133031 0.143788 0.154957 0.166501 0.178376 0.190537 0.202932 0.215506 0.228202 0.240959 0.253714 0.2664 0.278951 0.291301 0.303382 0.315125 0.326467 0.337341 0.347687 0.357443 0.366554 0.374966 0.382631 0.389503 0.395542 0.400714 0.404987 0.408337 0.410744 0.412193 0.412678 0.412193 0.410744 0.408337 0.404987 0.400714 0.395542 0.389503 0.382631 0.374966 0.366554 0.357443 0.347687 0.337341 0.326467 0.315125 0.303382 0.291301 0.278951 0.2664 0.253714 0.240959 0.228202 0.215506 0.202932 0.190537 0.178376 0.166501 0.154957 0.143788 0.133031 0.12272 0.112882 0.103543 0.0947212 0.0864319 0.0786863 0.0714918 0.0648527 0.05877 0.0532427 0.0482675 0.0438396 0.0399535 0.0366028 0.0337811 0.0314821 0.0297004 0.0284313 0.0276713 
0.0293011 0.0295701 0.0303781 0.0317271 0.0336208 0.0360638 0.0390619 0.0426211 0.0467481 0.051449 0.0567295 0.062594 0.0690453 0.0760842 0.0837088 0.091914 0.100691 0.110029 0.119909 0.130311 0.14121 0.152573 0.164367 0.176549 0.189076 0.201897 0.214958 0.228202 0.241568 0.254991 0.268404 0.28174 0.294927 0.307897 0.320578 0.3329 0.344795 0.356195 0.367037 0.377257 0.386798 0.395605 0.403627 0.410817 0.417135 0.422544 0.427012 0.430514 0.43303 0.434546 0.435052 0.434546 0.43303 0.430514 0.427012 0.422544 0.417135 0.410817 0.403627 0.395605 0.386798 0.377257 0.367037 0.356195 0.344795 0.3329 0.320578 0.307897 0.294927 0.28174 0.268404 0.254991 0.241568 0.228202 0.214958 0.201897 0.189076 0.176549 0.164367 0.152573 0.14121 0.130311 0.119909 0.110029 0.100691 0.091914 0.0837088 0.0760842 0.0690453 0.062594 0.0567295 0.051449 0.0467481 0.0426211 0.0390619 0.0360638 0.0336208 0.0317271 0.0303781 0.0295701 
0.0312167 0.0315019 0.0323582 0.033788 0.0357947 0.0383833 0.0415593 0.0453291 0.0496991 0.0546755 0.0602636 0.0664678 0.0732904 0.0807316 0.0887888 0.0974562 0.106724 0.116578 0.127002 0.13797 0.149456 0.161427 0.173845 0.186666 0.199843 0.213323 0.227048 0.240959 0.254991 0.269075 0.283143 0.297123 0.310941 0.324524 0.337799 0.350693 0.363134 0.375054 0.386384 0.397062 0.407027 0.416222 0.424594 0.432097 0.438688 0.44433 0.448989 0.452641 0.455265 0.456844 0.457372 0.456844 0.455265 0.452641 0.448989 0.44433 0.438688 0.432097 0.424594 0.416222 0.407027 0.397062 0.386384 0.375054 0.363134 0.350693 0.337799 0.324524 0.310941 0.297123 0.283143 0.269075 0.254991 0.240959 0.227048 0.213323 0.199843 0.186666 0.173845 0.161427 0.149456 0.13797 0.127002 0.116578 0.106724 0.0974562 0.0887888 0.0807316 0.0732904 0.0664678 0.0602636 0.0546755 0.0496991 0.0453291 0.0415593 0.0383833 0.0357947 0.033788 0.0323582 0.0315019 
0.0331555 0.0334569 0.0343619 0.0358728 0.0379932 0.0407279 0.0440828 0.048064 0.0526779 0.0579306 0.0638273 0.070372 0.0775667 0.0854108 0.0939011 0.103031 0.112789 0.12316 0.134125 0.145658 0.15773 0.170306 0.183345 0.196801 0.210624 0.224758 0.239142 0.253714 0.268404 0.283143 0.297858 0.312473 0.326913 0.341101 0.35496 0.368416 0.381395 0.393824 0.405634 0.41676 0.42714 0.436714 0.44543 0.453238 0.460096 0.465965 0.470811 0.474609 0.477337 0.478979 0.479528 0.478979 0.477337 0.474609 0.470811 0.465965 0.460096 0.453238 0.44543 0.436714 0.42714 0.41676 0.405634 0.393824 0.381395 0.368416 0.35496 0.341101 0.326913 0.312473 0.297858 0.283143 0.268404 0.253714 0.239142 0.224758 0.210624 0.196801 0.183345 0.170306 0.15773 0.145658 0.134125 0.12316 0.112789 0.103031 0.0939011 0.0854108 0.0775667 0.070372 0.0638273 0.0579306 0.0526779 0.048064 0.0440828 0.0407279 0.0379932 0.0358728 0.0343619 0.0334569 
0.0351071 0.0354247 0.0363784 0.0379704 0.0402044 0.0430853 0.0466188 0.0508111 0.0556686 0.0611972 0.0674019 0.0742863 0.0818517 0.0900973 0.0990187 0.108608 0.118854 0.129738 0.141241 0.153335 0.165989 0.179164 0.192818 0.206902 0.221363 0.236143 0.251177 0.2664 0.28174 0.297123 0.312473 0.327713 0.342762 0.357543 0.371975 0.385981 0.399484 0.412411 0.42469 0.436253 0.447036 0.45698 0.46603 0.474135 0.481252 0.487341 0.492369 0.496308 0.499137 0.500841 0.50141 0.500841 0.499137 0.496308 0.492369 0.487341 0.481252 0.474135 0.46603 0.45698 0.447036 0.436253 0.42469 0.412411 0.399484 0.385981 0.371975 0.357543 0.342762 0.327713 0.312473 0.297123 0.28174 0.2664 0.251177 0.236143 0.221363 0.206902 0.192818 0.179164 0.165989 0.153335 0.141241 0.129738 0.118854 0.108608 0.0990187 0.0900973 0.0818517 0.0742863 0.0674019 0.0611972 0.0556686 0.0508111 0.0466188 0.0430853 0.0402044 0.0379704 0.0363784 0.0354247 
0.0370606 0.0373944 0.0383964 0.0400691 0.0424161 0.0454422 0.0491533 0.0535554 0.0586549 0.0644574 0.0709677 0.0781889 0.0861221 0.0947654 0.104114 0.114159 0.124886 0.136279 0.148313 0.16096 0.174187 0.187953 0.202213 0.216915 0.232004 0.247418 0.26309 0.278951 0.294927 0.310941 0.326913 0.342762 0.358407 0.373766 0.388756 0.403297 0.417311 0.430721 0.443454 0.45544 0.466615 0.476917 0.48629 0.494682 0.50205 0.508352 0.513554 0.51763 0.520557 0.52232 0.522908 0.52232 0.520557 0.51763 0.513554 0.508352 0.50205 0.494682 0.48629 0.476917 0.466615 0.45544 0.443454 0.430721 0.417311 0.403297 0.388756 0.373766 0.358407 0.342762 0.326913 0.310941 0.294927 0.278951 0.26309 0.247418 0.232004 0.216915 0.202213 0.187953 0.174187 0.16096 0.148313 0.136279 0.124886 0.114159 0.104114 0.0947654 0.0861221 0.0781889 0.0709677 0.0644574 0.0586549 0.0535554 0.0491533 0.0454422 0.0424161 0.0400691 0.0383964 0.0373944 
0.0390045 0.0393542 0.0404041 0.0421566 0.0446152 0.047785 0.0516715 0.0562809 0.0616193 0.0676922 0.0745041 0.0820576 0.0903533 0.0993887 0.109158 0.119651 0.130852 0.142744 0.1553 0.168491 0.18228 0.196625 0.211478 0.226786 0.242488 0.258522 0.274817 0.291301 0.307897 0.324524 0.341101 0.357543 0.373766 0.389684 0.405215 0.420274 0.434782 0.448659 0.46183 0.474226 0.485778 0.496424 0.506107 0.514776 0.522384 0.528891 0.534262 0.538468 0.541489 0.543308 0.543915 0.543308 0.541489 0.538468 0.534262 0.528891 0.522384 0.514776 0.506107 0.496424 0.485778 0.474226 0.46183 0.448659 0.434782 0.420274 0.405215 0.389684 0.373766 0.357543 0.341101 0.324524 0.307897 0.291301 0.274817 0.258522 0.242488 0.226786 0.211478 0.196625 0.18228 0.168491 0.1553 0.142744 0.130852 0.119651 0.109158 0.0993887 0.0903533 0.0820576 0.0745041 0.0676922 0.0616193 0.0562809 0.0516715 0.047785 0.0446152 0.0421566 0.0404041 0.0393542 
0.0409268 0.0412922 0.0423892 0.04422 0.0467884 0.0500993 0.0541581 0.0589711 0.0645441 0.0708823 0.0779901 0.0858695 0.0945206 0.10394 0.114121 0.125052 0.136718 0.149097 0.162164 0.175885 0.190222 0.205132 0.220562 0.236459 0.252758 0.269394 0.286294 0.303382 0.320578 0.337799 0.35496 0.371975 0.388756 0.405215 0.421266 0.436824 0.451806 0.466132 0.479725 0.492512 0.504425 0.515401 0.525382 0.534315 0.542153 0.548855 0.554386 0.558718 0.561828 0.563701 0.564326 0.563701 0.561828 0.558718 0.554386 0.548855 0.542153 0.534315 0.525382 0.515401 0.504425 0.492512 0.479725 0.466132 0.451806 0.436824 0.421266 0.405215 0.388756 0.371975 0.35496 0.337799 0.320578 0.303382 0.286294 0.269394 0.252758 0.236459 0.220562 0.205132 0.190222 0.175885 0.162164 0.149097 0.136718 0.125052 0.114121 0.10394 0.0945206 0.0858695 0.0779901 0.0708823 0.0645441 0.0589711 0.0541581 0.0500993 0.0467884 0.04422 0.0423892 0.0412922 
0.0428153 0.0431961 0.044339 0.0462464 0.0489219 0.0523705 0.0565976 0.0616092 0.067411 0.0740081 0.0814043 0.0896013 0.0985984 0.108392 0.118973 0.130331 0.142448 0.155301 0.168862 0.183098 0.197967 0.213423 0.229413 0.245879 0.262755 0.279972 0.297455 0.315125 0.3329 0.350693 0.368416 0.385981 0.403297 0.420274 0.436824 0.45286 0.468295 0.483049 0.497044 0.510205 0.522462 0.533752 0.544016 0.553199 0.561255 0.568143 0.573826 0.578277 0.581472 0.583395 0.584038 0.583395 0.581472 0.578277 0.573826 0.568143 0.561255 0.553199 0.544016 0.533752 0.522462 0.510205 0.497044 0.483049 0.468295 0.45286 0.436824 0.420274 0.403297 0.385981 0.368416 0.350693 0.3329 0.315125 0.297455 0.279972 0.262755 0.245879 0.229413 0.213423 0.197967 0.183098 0.168862 0.155301 0.142448 0.130331 0.118973 0.108392 0.0985984 0.0896013 0.0814043 0.0740081 0.067411 0.0616092 0.0565976 0.0523705 0.0489219 0.0462464 0.044339 0.0431961 
0.0446575 0.0450531 0.0462406 0.0482222 0.0510018 0.0545839 0.0589741 0.0641782 0.0702018 0.0770496 0.084725 0.0932294 0.102561 0.112716 0.123685 0.135455 0.148007 0.161317 0.175356 0.190087 0.205469 0.221451 0.237979 0.254992 0.272422 0.290197 0.308239 0.326467 0.344795 0.363134 0.381395 0.399484 0.417311 0.434782 0.451806 0.468295 0.484162 0.499323 0.513698 0.527213 0.539796 0.551383 0.561914 0.571334 0.579597 0.586659 0.592486 0.597048 0.600323 0.602295 0.602953 0.602295 0.600323 0.597048 0.592486 0.586659 0.579597 0.571334 0.561914 0.551383 0.539796 0.527213 0.513698 0.499323 0.484162 0.468295 0.451806 0.434782 0.417311 0.399484 0.381395 0.363134 0.344795 0.326467 0.308239 0.290197 0.272422 0.254992 0.237979 0.221451 0.205469 0.190087 0.175356 0.161317 0.148007 0.135455 0.123685 0.112716 0.102561 0.0932294 0.084725 0.0770496 0.0702018 0.0641782 0.0589741 0.0545839 0.0510018 0.0482222 0.0462406 0.0450531 
0.0464408 0.0468507 0.0480811 0.0501342 0.0530138 0.0567246 0.0612718 0.0666611 0.072898 0.0799868 0.0879307 0.0967305 0.106384 0.116886 0.128227 0.140391 0.153361 0.167109 0.181605 0.196811 0.212682 0.229167 0.246209 0.263744 0.281702 0.300008 0.318583 0.337341 0.356195 0.375054 0.393824 0.412411 0.430721 0.448659 0.466132 0.483049 0.499323 0.514867 0.529601 0.543449 0.556338 0.568204 0.578986 0.588629 0.597084 0.60431 0.610272 0.614939 0.618289 0.620305 0.620978 0.620305 0.618289 0.614939 0.610272 0.60431 0.597084 0.588629 0.578986 0.568204 0.556338 0.543449 0.529601 0.514867 0.499323 0.483049 0.466132 0.448659 0.430721 0.412411 0.393824 0.375054 0.356195 0.337341 0.318583 0.300008 0.281702 0.263744 0.246209 0.229167 0.212682 0.196811 0.181605 0.167109 0.153361 0.140391 0.128227 0.116886 0.106384 0.0967305 0.0879307 0.0799868 0.072898 0.0666611 0.0612718 0.0567246 0.0530138 0.0501342 0.0480811 0.0468507 
0.0481527 0.0485762 0.0498476 0.0519691 0.0549443 0.0587777 0.0634748 0.069041 0.0754814 0.0828002 0.0910001 0.100081 0.110042 0.120874 0.132569 0.145109 0.158476 0.172641 0.187571 0.203227 0.219563 0.236524 0.254053 0.272083 0.290541 0.30935 0.328427 0.347687 0.367037 0.386384 0.405634 0.42469 0.443454 0.46183 0.479725 0.497044 0.513698 0.529601 0.544671 0.558829 0.572005 0.584131 0.595147 0.604996 0.613632 0.621011 0.627097 0.631861 0.63528 0.637339 0.638026 0.637339 0.63528 0.631861 0.627097 0.621011 0.613632 0.604996 0.595147 0.584131 0.572005 0.558829 0.544671 0.529601 0.513698 0.497044 0.479725 0.46183 0.443454 0.42469 0.405634 0.386384 0.367037 0.347687 0.328427 0.30935 0.290541 0.272083 0.254053 0.236524 0.219563 0.203227 0.187571 0.172641 0.158476 0.145109 0.132569 0.120874 0.110042 0.100081 0.0910001 0.0828002 0.0754814 0.069041 0.0634748 0.0587777 0.0549443 0.0519691 0.0498476 0.0485762 
0.0497809 0.0502173 0.0515275 0.0537137 0.0567793 0.060729 0.0655678 0.0713013 0.0779342 0.0854705 0.0939124 0.10326 0.113509 0.124654 0.136683 0.149578 0.163319 0.177876 0.193215 0.209296 0.226068 0.243479 0.261465 0.279958 0.298885 0.318166 0.337715 0.357443 0.377257 0.397062 0.41676 0.436253 0.45544 0.474226 0.492512 0.510205 0.527213 0.543449 0.558829 0.573277 0.586717 0.599084 0.610316 0.620357 0.629158 0.636678 0.642879 0.647733 0.651217 0.653313 0.654013 0.653313 0.651217 0.647733 0.642879 0.636678 0.629158 0.620357 0.610316 0.599084 0.586717 0.573277 0.558829 0.543449 0.527213 0.510205 0.492512 0.474226 0.45544 0.436253 0.41676 0.397062 0.377257 0.357443 0.337715 0.318166 0.298885 0.279958 0.261465 0.243479 0.226068 0.209296 0.193215 0.177876 0.163319 0.149578 0.136683 0.124654 0.113509 0.10326 0.0939124 0.0854705 0.0779342 0.0713013 0.0655678 0.060729 0.0567793 0.0537137 0.0515275 0.0502173 
0.0513134 0.051762 0.0531085 0.0553553 0.0585057 0.0625642 0.0675359 0.073426 0.0802391 0.087979 0.0966474 0.106244 0.116764 0.128201 0.140541 0.153768 0.167858 0.182782 0.198503 0.214978 0.232158 0.249986 0.268398 0.287323 0.306686 0.326404 0.346391 0.366554 0.386798 0.407027 0.42714 0.447036 0.466615 0.485778 0.504425 0.522462 0.539796 0.556338 0.572005 0.586717 0.600401 0.612989 0.624418 0.634635 0.643588 0.651236 0.657543 0.662479 0.666021 0.668153 0.668865 0.668153 0.666021 0.662479 0.657543 0.651236 0.643588 0.634635 0.624418 0.612989 0.600401 0.586717 0.572005 0.556338 0.539796 0.522462 0.504425 0.485778 0.466615 0.447036 0.42714 0.407027 0.386798 0.366554 0.346391 0.326404 0.306686 0.287323 0.268398 0.249986 0.232158 0.214978 0.198503 0.182782 0.167858 0.153768 0.140541 0.128201 0.116764 0.106244 0.0966474 0.087979 0.0802391 0.073426 0.0675359 0.0625642 0.0585057 0.0553553 0.0531085 0.051762 
