0.00224263 0.00226853 0.00234642 0.00247687 0.00266082 0.00289956 0.0031947 0.00354809 0.00396186 0.00443827 0.00497971 0.00558862 0.00626741 0.00701836 0.0078436 0.00874496 0.00972393 0.0107816 0.0119184 0.0131344 0.0144288 0.0158001 0.0172461 0.0187638 0.020349 0.0219971 0.0237022 0.0254575 0.0272557 0.0290881 0.0309457 0.0328184 0.0346956 0.0365661 0.0384181 0.0402397 0.0420186 0.0437424 0.0453987 0.0469754 0.0484606 0.049843 0.0511117 0.0522568 0.0532689 0.0541399 0.0548627 0.0554312 0.0558407 0.0560877 0.0561703 0.0560877 0.0558407 0.0554312 0.0548627 0.0541399 0.0532689 0.0522568 0.0511117 0.049843 0.0484606 0.0469754 0.0453987 0.0437424 0.0420186 0.0402397 0.0384181 0.0365661 0.0346956 0.0328184 0.0309457 0.0290881 0.0272557 0.0254575 0.0237022 0.0219971 0.020349 0.0187638 0.0172461 0.0158001 0.0144288 0.0131344 0.0119184 0.0107816 0.00972393 0.00874496 0.0078436 0.00701836 0.00626741 0.00558862 0.00497971 0.00443827 0.00396186 0.00354809 0.0031947 0.00289956 0.00266082 0.00247687 0.00234642 0.00226853 
0.00226853 0.0022947 0.00237341 0.00250523 0.00269112 0.00293237 0.00323058 0.00358765 0.0040057 0.00448702 0.00503401 0.00564913 0.00633478 0.00709328 0.00792676 0.00883706 0.00982567 0.0108936 0.0120415 0.0132692 0.0145759 0.0159603 0.0174199 0.0189517 0.0205517 0.0222149 0.0239355 0.0257068 0.0275211 0.02937 0.031244 0.0331332 0.0350268 0.0369136 0.0387816 0.0406189 0.042413 0.0441514 0.0458217 0.0474117 0.0489093 0.0503033 0.0515825 0.0527371 0.0537576 0.0546358 0.0553645 0.0559376 0.0563505 0.0565996 0.0566828 0.0565996 0.0563505 0.0559376 0.0553645 0.0546358 0.0537576 0.0527371 0.0515825 0.0503033 0.0489093 0.0474117 0.0458217 0.0441514 0.042413 0.0406189 0.0387816 0.0369136 0.0350268 0.0331332 0.031244 0.02937 0.0275211 0.0257068 0.0239355 0.0222149 0.0205517 0.0189517 0.0174199 0.0159603 0.0145759 0.0132692 0.0120415 0.0108936 0.00982567 0.00883706 0.00792676 0.00709328 0.00633478 0.00564913 0.00503401 0.00448702 0.0040057 0.00358765 0.00323058 0.00293237 0.00269112 0.00250523 0.00237341 0.0022947 
0.00234642 0.00237341 0.00245459 0.00259054 0.00278224 0.003031 0.00333848 0.0037066 0.00413752 0.00463359 0.00519725 0.00583099 0.00653728 0.00731847 0.0081767 0.00911385 0.0101314 0.0112304 0.0124114 0.0136742 0.0150181 0.0164415 0.017942 0.0195164 0.0211604 0.0228691 0.0246365 0.0264555 0.0283184 0.0302163 0.0321398 0.0340786 0.0360215 0.037957 0.0398731 0.0417573 0.043597 0.0453794 0.0470917 0.0487215 0.0502565 0.051685 0.0529959 0.0541789 0.0552245 0.0561242 0.0568707 0.0574579 0.0578808 0.058136 0.0582213 0.058136 0.0578808 0.0574579 0.0568707 0.0561242 0.0552245 0.0541789 0.0529959 0.051685 0.0502565 0.0487215 0.0470917 0.0453794 0.043597 0.0417573 0.0398731 0.037957 0.0360215 0.0340786 0.0321398 0.0302163 0.0283184 0.0264555 0.0246365 0.0228691 0.0211604 0.0195164 0.017942 0.0164415 0.0150181 0.0136742 0.0124114 0.0112304 0.0101314 0.00911385 0.0081767 0.00731847 0.00653728 0.00583099 0.00519725 0.00463359 0.00413752 0.0037066 0.00333848 0.003031 0.00278224 0.00259054 0.00245459 0.00237341 
0.00247687 0.00250523 0.00259054 0.0027334 0.00293481 0.00319615 0.00351912 0.00390571 0.00435816 0.00487888 0.0054704 0.00613528 0.00687607 0.00769517 0.00859476 0.00957677 0.0106427 0.0117936 0.0130299 0.0143514 0.0157573 0.0172459 0.0188145 0.0204599 0.0221776 0.0239622 0.0258075 0.0277062 0.0296501 0.03163 0.033636 0.0356573 0.0376824 0.0396993 0.0416955 0.043658 0.0455737 0.0474293 0.0492116 0.0509077 0.0525049 0.0539911 0.0553547 0.0565851 0.0576725 0.0586081 0.0593843 0.0599947 0.0604344 0.0606997 0.0607884 0.0606997 0.0604344 0.0599947 0.0593843 0.0586081 0.0576725 0.0565851 0.0553547 0.0539911 0.0525049 0.0509077 0.0492116 0.0474293 0.0455737 0.043658 0.0416955 0.0396993 0.0376824 0.0356573 0.033636 0.03163 0.0296501 0.0277062 0.0258075 0.0239622 0.0221776 0.0204599 0.0188145 0.0172459 0.0157573 0.0143514 0.0130299 0.0117936 0.0106427 0.00957677 0.00859476 0.00769517 0.00687607 0.00613528 0.0054704 0.00487888 0.00435816 0.00390571 0.00351912 0.00319615 0.00293481 0.0027334 0.00259054 0.00250523 
0.00266082 0.00269112 0.00278224 0.00293481 0.0031499 0.00342893 0.00377368 0.00418626 0.00466898 0.00522437 0.00585506 0.00656374 0.00735302 0.00822539 0.00918312 0.0102282 0.011362 0.0125857 0.0138997 0.0153037 0.0167966 0.0183767 0.0200411 0.0217861 0.023607 0.0254981 0.0274528 0.0294632 0.0315206 0.0336153 0.0357369 0.0378739 0.0400142 0.0421451 0.0442534 0.0463255 0.0483476 0.0503058 0.0521861 0.0539751 0.0556593 0.0572261 0.0586635 0.0599602 0.061106 0.0620918 0.0629095 0.0635526 0.0640157 0.0642952 0.0643886 0.0642952 0.0640157 0.0635526 0.0629095 0.0620918 0.061106 0.0599602 0.0586635 0.0572261 0.0556593 0.0539751 0.0521861 0.0503058 0.0483476 0.0463255 0.0442534 0.0421451 0.0400142 0.0378739 0.0357369 0.0336153 0.0315206 0.0294632 0.0274528 0.0254981 0.023607 0.0217861 0.0200411 0.0183767 0.0167966 0.0153037 0.0138997 0.0125857 0.011362 0.0102282 0.00918312 0.00822539 0.00735302 0.00656374 0.00585506 0.00522437 0.00466898 0.00418626 0.00377368 0.00342893 0.0031499 0.00293481 0.00278224 0.00269112 
0.00289956 0.00293237 0.003031 0.00319615 0.00342893 0.00373085 0.00410379 0.00454997 0.00507185 0.00567208 0.00635344 0.00711872 0.00797067 0.0089119 0.00994474 0.0110712 0.0122928 0.0136105 0.0150248 0.0165351 0.0181404 0.0198385 0.0216263 0.0234998 0.0254538 0.0274822 0.0295777 0.0317319 0.0339356 0.0361782 0.0384485 0.0407344 0.0430229 0.0453004 0.047553 0.0497661 0.051925 0.0540149 0.0560212 0.0579295 0.0597255 0.061396 0.0629281 0.06431 0.0655309 0.066581 0.0674521 0.068137 0.0686303 0.0689279 0.0690273 0.0689279 0.0686303 0.068137 0.0674521 0.066581 0.0655309 0.06431 0.0629281 0.061396 0.0597255 0.0579295 0.0560212 0.0540149 0.051925 0.0497661 0.047553 0.0453004 0.0430229 0.0407344 0.0384485 0.0361782 0.0339356 0.0317319 0.0295777 0.0274822 0.0254538 0.0234998 0.0216263 0.0198385 0.0181404 0.0165351 0.0150248 0.0136105 0.0122928 0.0110712 0.00994474 0.0089119 0.00797067 0.00711872 0.00635344 0.00567208 0.00507185 0.00454997 0.00410379 0.00373085 0.00342893 0.00319615 0.003031 0.00293237 
0.0031947 0.00323058 0.00333848 0.00351912 0.00377368 0.00410379 0.00451146 0.00499902 0.0055691 0.00622452 0.00696821 0.00780314 0.00873219 0.00975808 0.0108833 0.0121098 0.0134392 0.0148724 0.0164098 0.0180508 0.0197939 0.0216368 0.023576 0.025607 0.0277242 0.0299208 0.0321888 0.0345193 0.036902 0.0393256 0.041778 0.044246 0.0467158 0.0491726 0.0516015 0.0539869 0.0563129 0.0585639 0.0607241 0.062778 0.0647106 0.0665075 0.0681553 0.0696411 0.0709536 0.0720823 0.0730184 0.0737545 0.0742845 0.0746042 0.074711 0.0746042 0.0742845 0.0737545 0.0730184 0.0720823 0.0709536 0.0696411 0.0681553 0.0665075 0.0647106 0.062778 0.0607241 0.0585639 0.0563129 0.0539869 0.0516015 0.0491726 0.0467158 0.044246 0.041778 0.0393256 0.036902 0.0345193 0.0321888 0.0299208 0.0277242 0.025607 0.023576 0.0216368 0.0197939 0.0180508 0.0164098 0.0148724 0.0134392 0.0121098 0.0108833 0.00975808 0.00873219 0.00780314 0.00696821 0.00622452 0.0055691 0.00499902 0.00451146 0.00410379 0.00377368 0.00351912 0.00333848 0.00323058 
0.00354809 0.00358765 0.0037066 0.00390571 0.00418626 0.00454997 0.00499902 0.0055359 0.00616342 0.00688459 0.00770253 0.00862038 0.0096412 0.0107679 0.0120029 0.0133484 0.014806 0.0163766 0.0180603 0.0198563 0.0217631 0.0237778 0.0258967 0.0281145 0.0304252 0.0328211 0.0352937 0.0378328 0.0404275 0.0430654 0.0457332 0.0484167 0.0511008 0.0537696 0.0564069 0.0589958 0.0615193 0.0639604 0.0663022 0.068528 0.0706217 0.072568 0.0743521 0.0759605 0.077381 0.0786024 0.0796152 0.0804114 0.0809847 0.0813306 0.0814462 0.0813306 0.0809847 0.0804114 0.0796152 0.0786024 0.077381 0.0759605 0.0743521 0.072568 0.0706217 0.068528 0.0663022 0.0639604 0.0615193 0.0589958 0.0564069 0.0537696 0.0511008 0.0484167 0.0457332 0.0430654 0.0404275 0.0378328 0.0352937 0.0328211 0.0304252 0.0281145 0.0258967 0.0237778 0.0217631 0.0198563 0.0180603 0.0163766 0.014806 0.0133484 0.0120029 0.0107679 0.0096412 0.00862038 0.00770253 0.00688459 0.00616342 0.0055359 0.00499902 0.00454997 0.00418626 0.00390571 0.0037066 0.00358765 
0.00396186 0.0040057 0.00413752 0.00435816 0.00466898 0.00507185 0.0055691 0.00616342 0.00685782 0.00765552 0.00855986 0.00957419 0.0107017 0.0119455 0.0133083 0.014792 0.0163985 0.0181285 0.0199819 0.021958 0.0240545 0.0262685 0.0285954 0.0310297 0.0335643 0.036191 0.0389001 0.0416806 0.0445203 0.0474057 0.0503224 0.0532547 0.0561861 0.0590996 0.0619772 0.0648007 0.0675519 0.0702121 0.0727631 0.0751869 0.0774662 0.0795842 0.0815253 0.0832748 0.0848195 0.0861475 0.0872486 0.088114 0.0887371 0.089113 0.0892386 0.089113 0.0887371 0.088114 0.0872486 0.0861475 0.0848195 0.0832748 0.0815253 0.0795842 0.0774662 0.0751869 0.0727631 0.0702121 0.0675519 0.0648007 0.0619772 0.0590996 0.0561861 0.0532547 0.0503224 0.0474057 0.0445203 0.0416806 0.0389001 0.036191 0.0335643 0.0310297 0.0285954 0.0262685 0.0240545 0.021958 0.0199819 0.0181285 0.0163985 0.014792 0.0133083 0.0119455 0.0107017 0.00957419 0.00855986 0.00765552 0.00685782 0.00616342 0.0055691 0.00507185 0.00466898 0.00435816 0.00413752 0.0040057 
0.00443827 0.00448702 0.00463359 0.00487888 0.00522437 0.00567208 0.00622452 0.00688459 0.00765552 0.00854078 0.00954394 0.0106686 0.0119181 0.0132957 0.0148043 0.0164459 0.0182222 0.020134 0.0221811 0.0243622 0.026675 0.0291157 0.0316795 0.03436 0.0371493 0.0400382 0.043016 0.0460706 0.0491885 0.0523548 0.0555537 0.058768 0.0619798 0.0651702 0.06832 0.0714092 0.0744178 0.0773259 0.0801135 0.0827611 0.08525 0.0875621 0.0896805 0.0915894 0.0932744 0.0947227 0.0959233 0.0968669 0.0975462 0.0979559 0.0980929 0.0979559 0.0975462 0.0968669 0.0959233 0.0947227 0.0932744 0.0915894 0.0896805 0.0875621 0.08525 0.0827611 0.0801135 0.0773259 0.0744178 0.0714092 0.06832 0.0651702 0.0619798 0.058768 0.0555537 0.0523548 0.0491885 0.0460706 0.043016 0.0400382 0.0371493 0.03436 0.0316795 0.0291157 0.026675 0.0243622 0.0221811 0.020134 0.0182222 0.0164459 0.0148043 0.0132957 0.0119181 0.0106686 0.00954394 0.00854078 0.00765552 0.00688459 0.00622452 0.00567208 0.00522437 0.00487888 0.00463359 0.00448702 
0.00497971 0.00503401 0.00519725 0.0054704 0.00585506 0.00635344 0.00696821 0.00770253 0.00855986 0.00954394 0.0106586 0.0119076 0.0132947 0.0148231 0.0164959 0.0183153 0.0202828 0.0223991 0.0246638 0.0270754 0.0296311 0.0323265 0.0351561 0.0381128 0.0411876 0.0443703 0.0476491 0.0510105 0.0544396 0.05792 0.0614344 0.0649638 0.0684886 0.0719884 0.0754418 0.0788273 0.0821231 0.0853074 0.0883585 0.0912555 0.0939778 0.096506 0.0988216 0.100908 0.102749 0.104331 0.105642 0.106673 0.107415 0.107862 0.108011 0.107862 0.107415 0.106673 0.105642 0.104331 0.102749 0.100908 0.0988216 0.096506 0.0939778 0.0912555 0.0883585 0.0853074 0.0821231 0.0788273 0.0754418 0.0719884 0.0684886 0.0649638 0.0614344 0.05792 0.0544396 0.0510105 0.0476491 0.0443703 0.0411876 0.0381128 0.0351561 0.0323265 0.0296311 0.0270754 0.0246638 0.0223991 0.0202828 0.0183153 0.0164959 0.0148231 0.0132947 0.0119076 0.0106586 0.00954394 0.00855986 0.00770253 0.00696821 0.00635344 0.00585506 0.0054704 0.00519725 0.00503401 
0.00558862 0.00564913 0.00583099 0.00613528 0.00656374 0.00711872 0.00780314 0.00862038 0.00957419 0.0106686 0.0119076 0.0132954 0.0148358 0.0165323 0.0183881 0.0204053 0.0225856 0.0249294 0.0274361 0.0301038 0.0329292 0.0359073 0.0390318 0.0422946 0.0456859 0.0491941 0.0528061 0.0565069 0.0602801 0.0641078 0.0679706 0.0718479 0.0757183 0.0795592 0.0833474 0.0870594 0.0906715 0.0941599 0.0975012 0.100672 0.103651 0.106417 0.10895 0.111231 0.113243 0.114972 0.116405 0.117531 0.118341 0.11883 0.118993 0.11883 0.118341 0.117531 0.116405 0.114972 0.113243 0.111231 0.10895 0.106417 0.103651 0.100672 0.0975012 0.0941599 0.0906715 0.0870594 0.0833474 0.0795592 0.0757183 0.0718479 0.0679706 0.0641078 0.0602801 0.0565069 0.0528061 0.0491941 0.0456859 0.0422946 0.0390318 0.0359073 0.0329292 0.0301038 0.0274361 0.0249294 0.0225856 0.0204053 0.0183881 0.0165323 0.0148358 0.0132954 0.0119076 0.0106686 0.00957419 0.00862038 0.00780314 0.00711872 0.00656374 0.00613528 0.00583099 0.00564913 
0.00626741 0.00633478 0.00653728 0.00687607 0.00735302 0.00797067 0.00873219 0.0096412 0.0107017 0.0119181 0.0132947 0.0148358 0.0165455 0.0184277 0.0204853 0.0227208 0.0251356 0.0277301 0.0305033 0.0334529 0.0365749 0.0398638 0.0433123 0.0469114 0.0506499 0.0545151 0.0584922 0.0625649 0.066715 0.0709226 0.0751665 0.0794242 0.083672 0.0878854 0.0920391 0.0961073 0.100064 0.103884 0.107541 0.111011 0.11427 0.117294 0.120063 0.122555 0.124754 0.126643 0.128208 0.129438 0.130323 0.130856 0.131035 0.130856 0.130323 0.129438 0.128208 0.126643 0.124754 0.122555 0.120063 0.117294 0.11427 0.111011 0.107541 0.103884 0.100064 0.0961073 0.0920391 0.0878854 0.083672 0.0794242 0.0751665 0.0709226 0.066715 0.0625649 0.0584922 0.0545151 0.0506499 0.0469114 0.0433123 0.0398638 0.0365749 0.0334529 0.0305033 0.0277301 0.0251356 0.0227208 0.0204853 0.0184277 0.0165455 0.0148358 0.0132947 0.0119181 0.0107017 0.0096412 0.00873219 0.00797067 0.00735302 0.00687607 0.00653728 0.00633478 
0.00701836 0.00709328 0.00731847 0.00769517 0.00822539 0.0089119 0.00975808 0.0107679 0.0119455 0.0132957 0.0148231 0.0165323 0.0184277 0.020513 0.0227917 0.025266 0.0279373 0.0308057 0.0338699 0.0371271 0.0405728 0.0442006 0.0480021 0.0519672 0.0560836 0.0603371 0.0647112 0.0691878 0.0737469 0.0783667 0.0830239 0.0876938 0.0923504 0.096967 0.101516 0.105969 0.110299 0.114477 0.118475 0.122268 0.125828 0.129131 0.132153 0.134874 0.137274 0.139335 0.141043 0.142384 0.143349 0.143931 0.144125 0.143931 0.143349 0.142384 0.141043 0.139335 0.137274 0.134874 0.132153 0.129131 0.125828 0.122268 0.118475 0.114477 0.110299 0.105969 0.101516 0.096967 0.0923504 0.0876938 0.0830239 0.0783667 0.0737469 0.0691878 0.0647112 0.0603371 0.0560836 0.0519672 0.0480021 0.0442006 0.0405728 0.0371271 0.0338699 0.0308057 0.0279373 0.025266 0.0227917 0.020513 0.0184277 0.0165323 0.0148231 0.0132957 0.0119455 0.0107679 0.00975808 0.0089119 0.00822539 0.00769517 0.00731847 0.00709328 
0.0078436 0.00792676 0.0081767 0.00859476 0.00918312 0.00994474 0.0108833 0.0120029 0.0133083 0.0148043 0.0164959 0.0183881 0.0204853 0.0227917 0.0253105 0.0280442 0.0309939 0.0341595 0.0375393 0.04113 0.0449261 0.0489206 0.0531039 0.0574648 0.0619893 0.0666618 0.0714641 0.0763763 0.0813761 0.0864397 0.0915415 0.0966545 0.10175 0.1068 0.111773 0.11664 0.121369 0.125931 0.130295 0.134432 0.138315 0.141916 0.145211 0.148176 0.15079 0.153035 0.154894 0.156355 0.157405 0.158039 0.158251 0.158039 0.157405 0.156355 0.154894 0.153035 0.15079 0.148176 0.145211 0.141916 0.138315 0.134432 0.130295 0.125931 0.121369 0.11664 0.111773 0.1068 0.10175 0.0966545 0.0915415 0.0864397 0.0813761 0.0763763 0.0714641 0.0666618 0.0619893 0.0574648 0.0531039 0.0489206 0.0449261 0.04113 0.0375393 0.0341595 0.0309939 0.0280442 0.0253105 0.0227917 0.0204853 0.0183881 0.0164959 0.0148043 0.0133083 0.0120029 0.0108833 0.00994474 0.00918312 0.00859476 0.0081767 0.00792676 
0.00874496 0.00883706 0.00911385 0.00957677 0.0102282 0.0110712 0.0121098 0.0133484 0.014792 0.0164459 0.0183153 0.0204053 0.0227208 0.025266 0.0280442 0.0310578 0.0343078 0.0377937 0.0415135 0.045463 0.0496363 0.0540249 0.0586185 0.0634042 0.0683667 0.0734884 0.0787495 0.0841279 0.0895992 0.0951373 0.100714 0.1063 0.111865 0.117377 0.122802 0.128109 0.133263 0.138233 0.142986 0.14749 0.151715 0.155633 0.159217 0.162441 0.165283 0.167722 0.169743 0.17133 0.172471 0.17316 0.17339 0.17316 0.172471 0.17133 0.169743 0.167722 0.165283 0.162441 0.159217 0.155633 0.151715 0.14749 0.142986 0.138233 0.133263 0.128109 0.122802 0.117377 0.111865 0.1063 0.100714 0.0951373 0.0895992 0.0841279 0.0787495 0.0734884 0.0683667 0.0634042 0.0586185 0.0540249 0.0496363 0.045463 0.0415135 0.0377937 0.0343078 0.0310578 0.0280442 0.025266 0.0227208 0.0204053 0.0183153 0.0164459 0.014792 0.0133484 0.0121098 0.0110712 0.0102282 0.00957677 0.00911385 0.00883706 
0.00972393 0.00982567 0.0101314 0.0106427 0.011362 0.0122928 0.0134392 0.014806 0.0163985 0.0182222 0.0202828 0.0225856 0.0251356 0.0279373 0.0309939 0.0343078 0.0378797 0.0417089 0.0457927 0.0501262 0.0547026 0.0595125 0.0645441 0.0697831 0.0752125 0.080813 0.0865626 0.092437 0.0984096 0.104452 0.110533 0.116621 0.122683 0.128684 0.134588 0.14036 0.145965 0.151366 0.15653 0.161421 0.166008 0.17026 0.174148 0.177644 0.180726 0.183371 0.185562 0.187281 0.188519 0.189264 0.189514 0.189264 0.188519 0.187281 0.185562 0.183371 0.180726 0.177644 0.174148 0.17026 0.166008 0.161421 0.15653 0.151366 0.145965 0.14036 0.134588 0.128684 0.122683 0.116621 0.110533 0.104452 0.0984096 0.092437 0.0865626 0.080813 0.0752125 0.0697831 0.0645441 0.0595125 0.0547026 0.0501262 0.0457927 0.0417089 0.0378797 0.0343078 0.0309939 0.0279373 0.0251356 0.0225856 0.0202828 0.0182222 0.0163985 0.014806 0.0134392 0.0122928 0.011362 0.0106427 0.0101314 0.00982567 
0.0107816 0.0108936 0.0112304 0.0117936 0.0125857 0.0136105 0.0148724 0.0163766 0.0181285 0.020134 0.0223991 0.0249294 0.0277301 0.0308057 0.0341595 0.0377937 0.0417089 0.0459038 0.0503751 0.0551172 0.0601223 0.0653797 0.0708763 0.0765961 0.0825206 0.0886281 0.0948948 0.101294 0.107796 0.114371 0.120985 0.127602 0.134188 0.140704 0.147112 0.153374 0.159451 0.165306 0.1709 0.176198 0.181164 0.185766 0.189972 0.193755 0.197088 0.199948 0.202316 0.204175 0.205512 0.206318 0.206587 0.206318 0.205512 0.204175 0.202316 0.199948 0.197088 0.193755 0.189972 0.185766 0.181164 0.176198 0.1709 0.165306 0.159451 0.153374 0.147112 0.140704 0.134188 0.127602 0.120985 0.114371 0.107796 0.101294 0.0948948 0.0886281 0.0825206 0.0765961 0.0708763 0.0653797 0.0601223 0.0551172 0.0503751 0.0459038 0.0417089 0.0377937 0.0341595 0.0308057 0.0277301 0.0249294 0.0223991 0.020134 0.0181285 0.0163766 0.0148724 0.0136105 0.0125857 0.0117936 0.0112304 0.0108936 
0.0119184 0.0120415 0.0124114 0.0130299 0.0138997 0.0150248 0.0164098 0.0180603 0.0199819 0.0221811 0.0246638 0.0274361 0.0305033 0.0338699 0.0375393 0.0415135 0.0457927 0.0503751 0.0552567 0.0604313 0.0658896 0.0716199 0.0776075 0.0838348 0.090281 0.0969228 0.103734 0.110685 0.117744 0.124878 0.13205 0.139223 0.146357 0.153412 0.160348 0.167122 0.173693 0.180021 0.186065 0.191786 0.197148 0.202114 0.206653 0.210733 0.214327 0.217411 0.219963 0.221967 0.223408 0.224276 0.224566 0.224276 0.223408 0.221967 0.219963 0.217411 0.214327 0.210733 0.206653 0.202114 0.197148 0.191786 0.186065 0.180021 0.173693 0.167122 0.160348 0.153412 0.146357 0.139223 0.13205 0.124878 0.117744 0.110685 0.103734 0.0969228 0.090281 0.0838348 0.0776075 0.0716199 0.0658896 0.0604313 0.0552567 0.0503751 0.0457927 0.0415135 0.0375393 0.0338699 0.0305033 0.0274361 0.0246638 0.0221811 0.0199819 0.0180603 0.0164098 0.0150248 0.0138997 0.0130299 0.0124114 0.0120415 
0.0131344 0.0132692 0.0136742 0.0143514 0.0153037 0.0165351 0.0180508 0.0198563 0.021958 0.0243622 0.0270754 0.0301038 0.0334529 0.0371271 0.04113 0.045463 0.0501262 0.0551172 0.0604313 0.066061 0.0719962 0.0782236 0.084727 0.0914867 0.0984803 0.105682 0.113063 0.120591 0.128232 0.13595 0.143705 0.151457 0.159163 0.16678 0.174264 0.181571 0.188655 0.195474 0.201985 0.208146 0.213917 0.219261 0.224143 0.228531 0.232395 0.23571 0.238453 0.240606 0.242155 0.243088 0.2434 0.243088 0.242155 0.240606 0.238453 0.23571 0.232395 0.228531 0.224143 0.219261 0.213917 0.208146 0.201985 0.195474 0.188655 0.181571 0.174264 0.16678 0.159163 0.151457 0.143705 0.13595 0.128232 0.120591 0.113063 0.105682 0.0984803 0.0914867 0.084727 0.0782236 0.0719962 0.066061 0.0604313 0.0551172 0.0501262 0.045463 0.04113 0.0371271 0.0334529 0.0301038 0.0270754 0.0243622 0.021958 0.0198563 0.0180508 0.0165351 0.0153037 0.0143514 0.0136742 0.0132692 
0.0144288 0.0145759 0.0150181 0.0157573 0.0167966 0.0181404 0.0197939 0.0217631 0.0240545 0.026675 0.0296311 0.0329292 0.0365749 0.0405728 0.0449261 0.0496363 0.0547026 0.0601223 0.0658896 0.0719962 0.0784306 0.0851779 0.0922203 0.0995361 0.107101 0.114886 0.12286 0.130989 0.139236 0.147561 0.155921 0.164274 0.172573 0.180771 0.188823 0.19668 0.204295 0.211621 0.218613 0.225227 0.231421 0.237154 0.24239 0.247094 0.251237 0.254789 0.257728 0.260035 0.261694 0.262693 0.263027 0.262693 0.261694 0.260035 0.257728 0.254789 0.251237 0.247094 0.24239 0.237154 0.231421 0.225227 0.218613 0.211621 0.204295 0.19668 0.188823 0.180771 0.172573 0.164274 0.155921 0.147561 0.139236 0.130989 0.12286 0.114886 0.107101 0.0995361 0.0922203 0.0851779 0.0784306 0.0719962 0.0658896 0.0601223 0.0547026 0.0496363 0.0449261 0.0405728 0.0365749 0.0329292 0.0296311 0.026675 0.0240545 0.0217631 0.0197939 0.0181404 0.0167966 0.0157573 0.0150181 0.0145759 
0.0158001 0.0159603 0.0164415 0.0172459 0.0183767 0.0198385 0.0216368 0.0237778 0.0262685 0.0291157 0.0323265 0.0359073 0.0398638 0.0442006 0.0489206 0.0540249 0.0595125 0.0653797 0.0716199 0.0782236 0.0851779 0.0924665 0.100069 0.107963 0.11612 0.124511 0.133101 0.141852 0.150725 0.159677 0.168663 0.177635 0.186545 0.195344 0.20398 0.212403 0.220563 0.22841 0.235896 0.242975 0.249601 0.255733 0.261331 0.26636 0.270787 0.274582 0.277722 0.280186 0.281957 0.283024 0.283381 0.283024 0.281957 0.280186 0.277722 0.274582 0.270787 0.26636 0.261331 0.255733 0.249601 0.242975 0.235896 0.22841 0.220563 0.212403 0.20398 0.195344 0.186545 0.177635 0.168663 0.159677 0.150725 0.141852 0.133101 0.124511 0.11612 0.107963 0.100069 0.0924665 0.0851779 0.0782236 0.0716199 0.0653797 0.0595125 0.0540249 0.0489206 0.0442006 0.0398638 0.0359073 0.0323265 0.0291157 0.0262685 0.0237778 0.0216368 0.0198385 0.0183767 0.0172459 0.0164415 0.0159603 
0.0172461 0.0174199 0.017942 0.0188145 0.0200411 0.0216263 0.023576 0.0258967 0.0285954 0.0316795 0.0351561 0.0390318 0.0433123 0.0480021 0.0531039 0.0586185 0.0645441 0.0708763 0.0776075 0.084727 0.0922203 0.100069 0.108252 0.116744 0.125513 0.134529 0.143753 0.153146 0.162664 0.172261 0.181889 0.191498 0.201035 0.210448 0.219683 0.228685 0.237403 0.245783 0.253773 0.261326 0.268394 0.274932 0.280899 0.286258 0.290973 0.295016 0.298359 0.300983 0.302869 0.304005 0.304385 0.304005 0.302869 0.300983 0.298359 0.295016 0.290973 0.286258 0.280899 0.274932 0.268394 0.261326 0.253773 0.245783 0.237403 0.228685 0.219683 0.210448 0.201035 0.191498 0.181889 0.172261 0.162664 0.153146 0.143753 0.134529 0.125513 0.116744 0.108252 0.100069 0.0922203 0.084727 0.0776075 0.0708763 0.0645441 0.0586185 0.0531039 0.0480021 0.0433123 0.0390318 0.0351561 0.0316795 0.0285954 0.0258967 0.023576 0.0216263 0.0200411 0.0188145 0.017942 0.0174199 
0.0187638 0.0189517 0.0195164 0.0204599 0.0217861 0.0234998 0.025607 0.0281145 0.0310297 0.03436 0.0381128 0.0422946 0.0469114 0.0519672 0.0574648 0.0634042 0.0697831 0.0765961 0.0838348 0.0914867 0.0995361 0.107963 0.116744 0.12585 0.135249 0.144907 0.154782 0.164832 0.175011 0.185269 0.195554 0.205813 0.215991 0.22603 0.235875 0.245468 0.254752 0.263673 0.272177 0.280211 0.287726 0.294675 0.301016 0.306709 0.311717 0.31601 0.31956 0.322344 0.324346 0.325552 0.325955 0.325552 0.324346 0.322344 0.31956 0.31601 0.311717 0.306709 0.301016 0.294675 0.287726 0.280211 0.272177 0.263673 0.254752 0.245468 0.235875 0.22603 0.215991 0.205813 0.195554 0.185269 0.175011 0.164832 0.154782 0.144907 0.135249 0.12585 0.116744 0.107963 0.0995361 0.0914867 0.0838348 0.0765961 0.0697831 0.0634042 0.0574648 0.0519672 0.0469114 0.0422946 0.0381128 0.03436 0.0310297 0.0281145 0.025607 0.0234998 0.0217861 0.0204599 0.0195164 0.0189517 
0.020349 0.0205517 0.0211604 0.0221776 0.023607 0.0254538 0.0277242 0.0304252 0.0335643 0.0371493 0.0411876 0.0456859 0.0506499 0.0560836 0.0619893 0.0683667 0.0752125 0.0825206 0.090281 0.0984803 0.107101 0.11612 0.125513 0.135249 0.145294 0.155607 0.166148 0.176869 0.187722 0.198652 0.209607 0.220527 0.231354 0.24203 0.252493 0.262684 0.272542 0.28201 0.291032 0.299552 0.307518 0.314883 0.321601 0.32763 0.332933 0.337477 0.341234 0.344181 0.346299 0.347575 0.348001 0.347575 0.346299 0.344181 0.341234 0.337477 0.332933 0.32763 0.321601 0.314883 0.307518 0.299552 0.291032 0.28201 0.272542 0.262684 0.252493 0.24203 0.231354 0.220527 0.209607 0.198652 0.187722 0.176869 0.166148 0.155607 0.145294 0.135249 0.125513 0.11612 0.107101 0.0984803 0.090281 0.0825206 0.0752125 0.0683667 0.0619893 0.0560836 0.0506499 0.0456859 0.0411876 0.0371493 0.0335643 0.0304252 0.0277242 0.0254538 0.023607 0.0221776 0.0211604 0.0205517 
0.0219971 0.0222149 0.0228691 0.0239622 0.0254981 0.0274822 0.0299208 0.0328211 0.036191 0.0400382 0.0443703 0.0491941 0.0545151 0.0603371 0.0666618 0.0734884 0.080813 0.0886281 0.0969228 0.105682 0.114886 0.124511 0.134529 0.144907 0.155607 0.166589 0.177806 0.189209 0.200745 0.212357 0.223989 0.235578 0.247063 0.258381 0.269468 0.280261 0.290697 0.300716 0.310258 0.319267 0.327687 0.335468 0.342563 0.348929 0.354527 0.359323 0.363287 0.366396 0.36863 0.369976 0.370426 0.369976 0.36863 0.366396 0.363287 0.359323 0.354527 0.348929 0.342563 0.335468 0.327687 0.319267 0.310258 0.300716 0.290697 0.280261 0.269468 0.258381 0.247063 0.235578 0.223989 0.212357 0.200745 0.189209 0.177806 0.166589 0.155607 0.144907 0.134529 0.124511 0.114886 0.105682 0.0969228 0.0886281 0.080813 0.0734884 0.0666618 0.0603371 0.0545151 0.0491941 0.0443703 0.0400382 0.036191 0.0328211 0.0299208 0.0274822 0.0254981 0.0239622 0.0228691 0.0222149 
0.0237022 0.0239355 0.0246365 0.0258075 0.0274528 0.0295777 0.0321888 0.0352937 0.0389001 0.043016 0.0476491 0.0528061 0.0584922 0.0647112 0.0714641 0.0787495 0.0865626 0.0948948 0.103734 0.113063 0.12286 0.133101 0.143753 0.154782 0.166148 0.177806 0.189707 0.201799 0.214025 0.226326 0.238639 0.250902 0.263048 0.275011 0.286725 0.298122 0.309138 0.319708 0.329771 0.339267 0.34814 0.356337 0.363808 0.37051 0.376402 0.381449 0.38562 0.38889 0.39124 0.392655 0.393128 0.392655 0.39124 0.38889 0.38562 0.381449 0.376402 0.37051 0.363808 0.356337 0.34814 0.339267 0.329771 0.319708 0.309138 0.298122 0.286725 0.275011 0.263048 0.250902 0.238639 0.226326 0.214025 0.201799 0.189707 0.177806 0.166148 0.154782 0.143753 0.133101 0.12286 0.113063 0.103734 0.0948948 0.0865626 0.0787495 0.0714641 0.0647112 0.0584922 0.0528061 0.0476491 0.043016 0.0389001 0.0352937 0.0321888 0.0295777 0.0274528 0.0258075 0.0246365 0.0239355 
0.0254575 0.0257068 0.0264555 0.0277062 0.0294632 0.0317319 0.0345193 0.0378328 0.0416806 0.0460706 0.0510105 0.0565069 0.0625649 0.0691878 0.0763763 0.0841279 0.092437 0.101294 0.110685 0.120591 0.130989 0.141852 0.153146 0.164832 0.176869 0.189209 0.201799 0.214583 0.227503 0.240494 0.253492 0.26643 0.279238 0.291846 0.304185 0.316186 0.327779 0.338899 0.34948 0.359461 0.368784 0.377393 0.385238 0.392273 0.398456 0.403751 0.408126 0.411556 0.41402 0.415505 0.416001 0.415505 0.41402 0.411556 0.408126 0.403751 0.398456 0.392273 0.385238 0.377393 0.368784 0.359461 0.34948 0.338899 0.327779 0.316186 0.304185 0.291846 0.279238 0.26643 0.253492 0.240494 0.227503 0.214583 0.201799 0.189209 0.176869 0.164832 0.153146 0.141852 0.130989 0.120591 0.110685 0.101294 0.092437 0.0841279 0.0763763 0.0691878 0.0625649 0.0565069 0.0510105 0.0460706 0.0416806 0.0378328 0.0345193 0.0317319 0.0294632 0.0277062 0.0264555 0.0257068 
0.0272557 0.0275211 0.0283184 0.0296501 0.0315206 0.0339356 0.036902 0.0404275 0.0445203 0.0491885 0.0544396 0.0602801 0.066715 0.0737469 0.0813761 0.0895992 0.0984096 0.107796 0.117744 0.128232 0.139236 0.150725 0.162664 0.175011 0.187722 0.200745 0.214025 0.227503 0.241116 0.254797 0.268478 0.282088 0.295555 0.308805 0.321767 0.334366 0.346532 0.358196 0.36929 0.379751 0.389519 0.398535 0.406749 0.414113 0.420583 0.426122 0.430698 0.434285 0.436863 0.438415 0.438933 0.438415 0.436863 0.434285 0.430698 0.426122 0.420583 0.414113 0.406749 0.398535 0.389519 0.379751 0.36929 0.358196 0.346532 0.334366 0.321767 0.308805 0.295555 0.282088 0.268478 0.254797 0.241116 0.227503 0.214025 0.200745 0.187722 0.175011 0.162664 0.150725 0.139236 0.128232 0.117744 0.107796 0.0984096 0.0895992 0.0813761 0.0737469 0.066715 0.0602801 0.0544396 0.0491885 0.0445203 0.0404275 0.036902 0.0339356 0.0315206 0.0296501 0.0283184 0.0275211 
0.0290881 0.02937 0.0302163 0.03163 0.0336153 0.0361782 0.0393256 0.0430654 0.0474057 0.0523548 0.05792 0.0641078 0.0709226 0.0783667 0.0864397 0.0951373 0.104452 0.114371 0.124878 0.13595 0.147561 0.159677 0.172261 0.185269 0.198652 0.212357 0.226326 0.240494 0.254797 0.269164 0.283524 0.297801 0.311921 0.325807 0.339383 0.352573 0.365305 0.377505 0.389105 0.400039 0.410243 0.41966 0.428236 0.435922 0.442673 0.448452 0.453225 0.456966 0.459654 0.461272 0.461813 0.461272 0.459654 0.456966 0.453225 0.448452 0.442673 0.435922 0.428236 0.41966 0.410243 0.400039 0.389105 0.377505 0.365305 0.352573 0.339383 0.325807 0.311921 0.297801 0.283524 0.269164 0.254797 0.240494 0.226326 0.212357 0.198652 0.185269 0.172261 0.159677 0.147561 0.13595 0.124878 0.114371 0.104452 0.0951373 0.0864397 0.0783667 0.0709226 0.0641078 0.05792 0.0523548 0.0474057 0.0430654 0.0393256 0.0361782 0.0336153 0.03163 0.0302163 0.02937 
0.0309457 0.031244 0.0321398 0.033636 0.0357369 0.0384485 0.041778 0.0457332 0.0503224 0.0555537 0.0614344 0.0679706 0.0751665 0.0830239 0.0915415 0.100714 0.110533 0.120985 0.13205 0.143705 0.155921 0.168663 0.181889 0.195554 0.209607 0.223989 0.238639 0.253492 0.268478 0.283524 0.298553 0.313489 0.328252 0.342764 0.356945 0.370717 0.384004 0.396731 0.408826 0.420222 0.430854 0.440662 0.449591 0.457591 0.464617 0.470629 0.475595 0.479486 0.48228 0.483963 0.484525 0.483963 0.48228 0.479486 0.475595 0.470629 0.464617 0.457591 0.449591 0.440662 0.430854 0.420222 0.408826 0.396731 0.384004 0.370717 0.356945 0.342764 0.328252 0.313489 0.298553 0.283524 0.268478 0.253492 0.238639 0.223989 0.209607 0.195554 0.181889 0.168663 0.155921 0.143705 0.13205 0.120985 0.110533 0.100714 0.0915415 0.0830239 0.0751665 0.0679706 0.0614344 0.0555537 0.0503224 0.0457332 0.041778 0.0384485 0.0357369 0.033636 0.0321398 0.031244 
0.0328184 0.0331332 0.0340786 0.0356573 0.0378739 0.0407344 0.044246 0.0484167 0.0532547 0.058768 0.0649638 0.0718479 0.0794242 0.0876938 0.0966545 0.1063 0.116621 0.127602 0.139223 0.151457 0.164274 0.177635 0.191498 0.205813 0.220527 0.235578 0.250902 0.26643 0.282088 0.297801 0.313489 0.329071 0.344466 0.359591 0.374364 0.388704 0.402533 0.415773 0.428352 0.440198 0.451246 0.461434 0.470706 0.479012 0.486304 0.492542 0.497694 0.50173 0.504628 0.506374 0.506957 0.506374 0.504628 0.50173 0.497694 0.492542 0.486304 0.479012 0.470706 0.461434 0.451246 0.440198 0.428352 0.415773 0.402533 0.388704 0.374364 0.359591 0.344466 0.329071 0.313489 0.297801 0.282088 0.26643 0.250902 0.235578 0.220527 0.205813 0.191498 0.177635 0.164274 0.151457 0.139223 0.127602 0.116621 0.1063 0.0966545 0.0876938 0.0794242 0.0718479 0.0649638 0.058768 0.0532547 0.0484167 0.044246 0.0407344 0.0378739 0.0356573 0.0340786 0.0331332 
0.0346956 0.0350268 0.0360215 0.0376824 0.0400142 0.0430229 0.0467158 0.0511008 0.0561861 0.0619798 0.0684886 0.0757183 0.083672 0.0923504 0.10175 0.111865 0.122683 0.134188 0.146357 0.159163 0.172573 0.186545 0.201035 0.215991 0.231354 0.247063 0.263048 0.279238 0.295555 0.311921 0.328252 0.344466 0.360477 0.376199 0.391549 0.406442 0.420797 0.434535 0.447582 0.459864 0.471314 0.48187 0.491474 0.500074 0.507623 0.51408 0.51941 0.523586 0.526585 0.52839 0.528993 0.52839 0.526585 0.523586 0.51941 0.51408 0.507623 0.500074 0.491474 0.48187 0.471314 0.459864 0.447582 0.434535 0.420797 0.406442 0.391549 0.376199 0.360477 0.344466 0.328252 0.311921 0.295555 0.279238 0.263048 0.247063 0.231354 0.215991 0.201035 0.186545 0.172573 0.159163 0.146357 0.134188 0.122683 0.111865 0.10175 0.0923504 0.083672 0.0757183 0.0684886 0.0619798 0.0561861 0.0511008 0.0467158 0.0430229 0.0400142 0.0376824 0.0360215 0.0350268 
0.0365661 0.0369136 0.037957 0.0396993 0.0421451 0.0453004 0.0491726 0.0537696 0.0590996 0.0651702 0.0719884 0.0795592 0.0878854 0.096967 0.1068 0.117377 0.128684 0.140704 0.153412 0.16678 0.180771 0.195344 0.210448 0.22603 0.24203 0.258381 0.275011 0.291846 0.308805 0.325807 0.342764 0.359591 0.376199 0.3925 0.408408 0.423836 0.4387 0.452919 0.466416 0.479118 0.490956 0.501866 0.511788 0.52067 0.528465 0.535131 0.540633 0.544943 0.548037 0.549901 0.550523 0.549901 0.548037 0.544943 0.540633 0.535131 0.528465 0.52067 0.511788 0.501866 0.490956 0.479118 0.466416 0.452919 0.4387 0.423836 0.408408 0.3925 0.376199 0.359591 0.342764 0.325807 0.308805 0.291846 0.275011 0.258381 0.24203 0.22603 0.210448 0.195344 0.180771 0.16678 0.153412 0.140704 0.128684 0.117377 0.1068 0.096967 0.0878854 0.0795592 0.0719884 0.0651702 0.0590996 0.0537696 0.0491726 0.0453004 0.0421451 0.0396993 0.037957 0.0369136 
0.0384181 0.0387816 0.0398731 0.0416955 0.0442534 0.047553 0.0516015 0.0564069 0.0619772 0.06832 0.0754418 0.0833474 0.0920391 0.101516 0.111773 0.122802 0.134588 0.147112 0.160348 0.174264 0.188823 0.20398 0.219683 0.235875 0.252493 0.269468 0.286725 0.304185 0.321767 0.339383 0.356945 0.374364 0.391549 0.408408 0.424853 0.440794 0.456147 0.470827 0.484757 0.497862 0.51007 0.521317 0.531543 0.540695 0.548725 0.55559 0.561256 0.565693 0.568878 0.570796 0.571437 0.570796 0.568878 0.565693 0.561256 0.55559 0.548725 0.540695 0.531543 0.521317 0.51007 0.497862 0.484757 0.470827 0.456147 0.440794 0.424853 0.408408 0.391549 0.374364 0.356945 0.339383 0.321767 0.304185 0.286725 0.269468 0.252493 0.235875 0.219683 0.20398 0.188823 0.174264 0.160348 0.147112 0.134588 0.122802 0.111773 0.101516 0.0920391 0.0833474 0.0754418 0.06832 0.0619772 0.0564069 0.0516015 0.047553 0.0442534 0.0416955 0.0398731 0.0387816 
0.0402397 0.0406189 0.0417573 0.043658 0.0463255 0.0497661 0.0539869 0.0589958 0.0648007 0.0714092 0.0788273 0.0870594 0.0961073 0.105969 0.11664 0.128109 0.14036 0.153374 0.167122 0.181571 0.19668 0.212403 0.228685 0.245468 0.262684 0.280261 0.298122 0.316186 0.334366 0.352573 0.370717 0.388704 0.406442 0.423836 0.440794 0.457227 0.473046 0.488167 0.502509 0.515995 0.528556 0.540124 0.550639 0.560047 0.568299 0.575353 0.581173 0.585731 0.589002 0.590972 0.591629 0.590972 0.589002 0.585731 0.581173 0.575353 0.568299 0.560047 0.550639 0.540124 0.528556 0.515995 0.502509 0.488167 0.473046 0.457227 0.440794 0.423836 0.406442 0.388704 0.370717 0.352573 0.334366 0.316186 0.298122 0.280261 0.262684 0.245468 0.228685 0.212403 0.19668 0.181571 0.167122 0.153374 0.14036 0.128109 0.11664 0.105969 0.0961073 0.0870594 0.0788273 0.0714092 0.0648007 0.0589958 0.0539869 0.0497661 0.0463255 0.043658 0.0417573 0.0406189 
0.0420186 0.042413 0.043597 0.0455737 0.0483476 0.051925 0.0563129 0.0615193 0.0675519 0.0744178 0.0821231 0.0906715 0.100064 0.110299 0.121369 0.133263 0.145965 0.159451 0.173693 0.188655 0.204295 0.220563 0.237403 0.254752 0.272542 0.290697 0.309138 0.327779 0.346532 0.365305 0.384004 0.402533 0.420797 0.4387 0.456147 0.473046 0.489307 0.504845 0.519577 0.533426 0.546319 0.55819 0.568977 0.578626 0.587087 0.594319 0.600285 0.604956 0.608309 0.610327 0.611001 0.610327 0.608309 0.604956 0.600285 0.594319 0.587087 0.578626 0.568977 0.55819 0.546319 0.533426 0.519577 0.504845 0.489307 0.473046 0.456147 0.4387 0.420797 0.402533 0.384004 0.365305 0.346532 0.327779 0.309138 0.290697 0.272542 0.254752 0.237403 0.220563 0.204295 0.188655 0.173693 0.159451 0.145965 0.133263 0.121369 0.110299 0.100064 0.0906715 0.0821231 0.0744178 0.0675519 0.0615193 0.0563129 0.051925 0.0483476 0.0455737 0.043597 0.042413 
0.0437424 0.0441514 0.0453794 0.0474293 0.0503058 0.0540149 0.0585639 0.0639604 0.0702121 0.0773259 0.0853074 0.0941599 0.103884 0.114477 0.125931 0.138233 0.151366 0.165306 0.180021 0.195474 0.211621 0.22841 0.245783 0.263673 0.28201 0.300716 0.319708 0.338899 0.358196 0.377505 0.396731 0.415773 0.434535 0.452919 0.470827 0.488167 0.504845 0.520776 0.535874 0.550063 0.563269 0.575423 0.586466 0.59634 0.604997 0.612395 0.618497 0.623274 0.626702 0.628765 0.629454 0.628765 0.626702 0.623274 0.618497 0.612395 0.604997 0.59634 0.586466 0.575423 0.563269 0.550063 0.535874 0.520776 0.504845 0.488167 0.470827 0.452919 0.434535 0.415773 0.396731 0.377505 0.358196 0.338899 0.319708 0.300716 0.28201 0.263673 0.245783 0.22841 0.211621 0.195474 0.180021 0.165306 0.151366 0.138233 0.125931 0.114477 0.103884 0.0941599 0.0853074 0.0773259 0.0702121 0.0639604 0.0585639 0.0540149 0.0503058 0.0474293 0.0453794 0.0441514 
0.0453987 0.0458217 0.0470917 0.0492116 0.0521861 0.0560212 0.0607241 0.0663022 0.0727631 0.0801135 0.0883585 0.0975012 0.107541 0.118475 0.130295 0.142986 0.15653 0.1709 0.186065 0.201985 0.218613 0.235896 0.253773 0.272177 0.291032 0.310258 0.329771 0.34948 0.36929 0.389105 0.408826 0.428352 0.447582 0.466416 0.484757 0.502509 0.519577 0.535874 0.551316 0.565821 0.579318 0.591737 0.603016 0.6131 0.62194 0.629491 0.635719 0.640594 0.644092 0.646198 0.646901 0.646198 0.644092 0.640594 0.635719 0.629491 0.62194 0.6131 0.603016 0.591737 0.579318 0.565821 0.551316 0.535874 0.519577 0.502509 0.484757 0.466416 0.447582 0.428352 0.408826 0.389105 0.36929 0.34948 0.329771 0.310258 0.291032 0.272177 0.253773 0.235896 0.218613 0.201985 0.186065 0.1709 0.15653 0.142986 0.130295 0.118475 0.107541 0.0975012 0.0883585 0.0801135 0.0727631 0.0663022 0.0607241 0.0560212 0.0521861 0.0492116 0.0470917 0.0458217 
0.0469754 0.0474117 0.0487215 0.0509077 0.0539751 0.0579295 0.062778 0.068528 0.0751869 0.0827611 0.0912555 0.100672 0.111011 0.122268 0.134432 0.14749 0.161421 0.176198 0.191786 0.208146 0.225227 0.242975 0.261326 0.280211 0.299552 0.319267 0.339267 0.359461 0.379751 0.400039 0.420222 0.440198 0.459864 0.479118 0.497862 0.515995 0.533426 0.550063 0.565821 0.580621 0.594386 0.607049 0.618547 0.628825 0.637831 0.645525 0.651869 0.656834 0.660397 0.662541 0.663257 0.662541 0.660397 0.656834 0.651869 0.645525 0.637831 0.628825 0.618547 0.607049 0.594386 0.580621 0.565821 0.550063 0.533426 0.515995 0.497862 0.479118 0.459864 0.440198 0.420222 0.400039 0.379751 0.359461 0.339267 0.319267 0.299552 0.280211 0.261326 0.242975 0.225227 0.208146 0.191786 0.176198 0.161421 0.14749 0.134432 0.122268 0.111011 0.100672 0.0912555 0.0827611 0.0751869 0.068528 0.062778 0.0579295 0.0539751 0.0509077 0.0487215 0.0474117 
0.0484606 0.0489093 0.0502565 0.0525049 0.0556593 0.0597255 0.0647106 0.0706217 0.0774662 0.08525 0.0939778 0.103651 0.11427 0.125828 0.138315 0.151715 0.166008 0.181164 0.197148 0.213917 0.231421 0.249601 0.268394 0.287726 0.307518 0.327687 0.34814 0.368784 0.389519 0.410243 0.430854 0.451246 0.471314 0.490956 0.51007 0.528556 0.546319 0.563269 0.579318 0.594386 0.608398 0.621284 0.632983 0.643436 0.652596 0.660419 0.666869 0.671916 0.675537 0.677717 0.678444 0.677717 0.675537 0.671916 0.666869 0.660419 0.652596 0.643436 0.632983 0.621284 0.608398 0.594386 0.579318 0.563269 0.546319 0.528556 0.51007 0.490956 0.471314 0.451246 0.430854 0.410243 0.389519 0.368784 0.34814 0.327687 0.307518 0.287726 0.268394 0.249601 0.231421 0.213917 0.197148 0.181164 0.166008 0.151715 0.138315 0.125828 0.11427 0.103651 0.0939778 0.08525 0.0774662 0.0706217 0.0647106 0.0597255 0.0556593 0.0525049 0.0502565 0.0489093 
