0.00195647 0.00198026 0.00205182 0.00217174 0.00234097 0.00256084 0.00283299 0.00315934 0.00354206 0.00398351 0.00448617 0.0050526 0.00568533 0.00638681 0.00715933 0.00800492 0.0089253 0.00992175 0.0109951 0.0121455 0.0133725 0.014675 0.0160511 0.017498 0.019012 0.0205887 0.0222225 0.0239073 0.0256356 0.0273994 0.0291898 0.0309971 0.032811 0.0346203 0.0364138 0.0381796 0.0399056 0.0415795 0.0431892 0.0447227 0.0461682 0.0475144 0.0487506 0.0498669 0.050854 0.0517037 0.052409 0.0529639 0.0533637 0.053605 0.0536856 0.053605 0.0533637 0.0529639 0.052409 0.0517037 0.050854 0.0498669 0.0487506 0.0475144 0.0461682 0.0447227 0.0431892 0.0415795 0.0399056 0.0381796 0.0364138 0.0346203 0.032811 0.0309971 0.0291898 0.0273994 0.0256356 0.0239073 0.0222225 0.0205887 0.019012 0.017498 0.0160511 0.014675 0.0133725 0.0121455 0.0109951 0.00992175 0.0089253 0.00800492 0.00715933 0.00638681 0.00568533 0.0050526 0.00448617 0.00398351 0.00354206 0.00315934 0.00283299 0.00256084 0.00234097 0.00217174 0.00205182 0.00198026 
0.00198026 0.00200431 0.00207667 0.00219792 0.00236903 0.00259133 0.00286647 0.00319639 0.00358328 0.00402952 0.00453761 0.00511011 0.00574958 0.00645849 0.00723913 0.00809354 0.00902346 0.0100301 0.0111144 0.0122764 0.0135158 0.0148313 0.016221 0.0176821 0.0192108 0.0208027 0.0224523 0.024153 0.0258977 0.027678 0.0294851 0.0313091 0.0331396 0.0349655 0.0367753 0.038557 0.0402984 0.0419872 0.0436113 0.0451583 0.0466165 0.0479744 0.0492214 0.0503474 0.051343 0.0522001 0.0529115 0.0534712 0.0538744 0.0541177 0.054199 0.0541177 0.0538744 0.0534712 0.0529115 0.0522001 0.051343 0.0503474 0.0492214 0.0479744 0.0466165 0.0451583 0.0436113 0.0419872 0.0402984 0.038557 0.0367753 0.0349655 0.0331396 0.0313091 0.0294851 0.027678 0.0258977 0.024153 0.0224523 0.0208027 0.0192108 0.0176821 0.016221 0.0148313 0.0135158 0.0122764 0.0111144 0.0100301 0.00902346 0.00809354 0.00723913 0.00645849 0.00574958 0.00511011 0.00453761 0.00402952 0.00358328 0.00319639 0.00286647 0.00259133 0.00236903 0.00219792 0.00207667 0.00200431 
0.00205182 0.00207667 0.00215142 0.00227667 0.00245341 0.00268301 0.00296715 0.00330783 0.00370727 0.0041679 0.00469229 0.00528304 0.00594277 0.00667398 0.00747901 0.00835993 0.00931848 0.0103559 0.0114731 0.0126701 0.0139465 0.015301 0.0167315 0.0182352 0.0198082 0.0214459 0.0231424 0.0248913 0.0266849 0.028515 0.0303721 0.0322463 0.0341267 0.0360022 0.0378607 0.0396902 0.041478 0.0432116 0.0448785 0.0464661 0.0479624 0.0493557 0.050635 0.05179 0.0528112 0.0536903 0.05442 0.054994 0.0554075 0.055657 0.0557404 0.055657 0.0554075 0.054994 0.05442 0.0536903 0.0528112 0.05179 0.050635 0.0493557 0.0479624 0.0464661 0.0448785 0.0432116 0.041478 0.0396902 0.0378607 0.0360022 0.0341267 0.0322463 0.0303721 0.028515 0.0266849 0.0248913 0.0231424 0.0214459 0.0198082 0.0182352 0.0167315 0.015301 0.0139465 0.0126701 0.0114731 0.0103559 0.00931848 0.00835993 0.00747901 0.00667398 0.00594277 0.00528304 0.00469229 0.0041679 0.00370727 0.00330783 0.00296715 0.00268301 0.00245341 0.00227667 0.00215142 0.00207667 
0.00217174 0.00219792 0.00227667 0.00240861 0.00259478 0.00283659 0.0031358 0.00349446 0.00391488 0.0043996 0.00495124 0.00557251 0.00626611 0.00703461 0.00788042 0.00880564 0.00981205 0.0109009 0.012073 0.0133285 0.0146667 0.0160862 0.017585 0.0191599 0.0208068 0.0225208 0.0242958 0.026125 0.0280005 0.0299133 0.0318539 0.0338118 0.0357756 0.0377337 0.0396736 0.0415827 0.0434479 0.0452562 0.0469944 0.0486496 0.0502094 0.0516616 0.0529947 0.0541982 0.0552622 0.0561779 0.0569379 0.0575358 0.0579665 0.0582264 0.0583132 0.0582264 0.0579665 0.0575358 0.0569379 0.0561779 0.0552622 0.0541982 0.0529947 0.0516616 0.0502094 0.0486496 0.0469944 0.0452562 0.0434479 0.0415827 0.0396736 0.0377337 0.0357756 0.0338118 0.0318539 0.0299133 0.0280005 0.026125 0.0242958 0.0225208 0.0208068 0.0191599 0.017585 0.0160862 0.0146667 0.0133285 0.012073 0.0109009 0.00981205 0.00880564 0.00788042 0.00703461 0.00626611 0.00557251 0.00495124 0.0043996 0.00391488 0.00349446 0.0031358 0.00283659 0.00259478 0.00240861 0.00227667 0.00219792 
0.00234097 0.00236903 0.00245341 0.00259478 0.00279423 0.00305324 0.00337364 0.00375761 0.00420758 0.00472617 0.00531617 0.00598039 0.00672163 0.00754258 0.00844572 0.00943323 0.0105069 0.011668 0.0129173 0.0142549 0.0156799 0.0171909 0.0187855 0.0204603 0.0222109 0.024032 0.0259172 0.0278591 0.0298492 0.0318782 0.0339358 0.0360109 0.0380917 0.0401655 0.0422195 0.0442401 0.0462137 0.0481264 0.0499645 0.0517145 0.0533631 0.0548977 0.0563062 0.0575775 0.0587012 0.0596683 0.0604708 0.0611021 0.0615568 0.0618311 0.0619228 0.0618311 0.0615568 0.0611021 0.0604708 0.0596683 0.0587012 0.0575775 0.0563062 0.0548977 0.0533631 0.0517145 0.0499645 0.0481264 0.0462137 0.0442401 0.0422195 0.0401655 0.0380917 0.0360109 0.0339358 0.0318782 0.0298492 0.0278591 0.0259172 0.024032 0.0222109 0.0204603 0.0187855 0.0171909 0.0156799 0.0142549 0.0129173 0.011668 0.0105069 0.00943323 0.00844572 0.00754258 0.00672163 0.00598039 0.00531617 0.00472617 0.00420758 0.00375761 0.00337364 0.00305324 0.00279423 0.00259478 0.00245341 0.00236903 
0.00256084 0.00259133 0.00268301 0.00283659 0.00305324 0.00333451 0.00368237 0.00409911 0.00458732 0.00514977 0.0057894 0.00650918 0.00731205 0.00820083 0.00917811 0.0102461 0.0114068 0.0126613 0.0140103 0.0154538 0.016991 0.01862 0.0203383 0.0221419 0.0240263 0.0259856 0.0280127 0.0300998 0.0322377 0.0344163 0.0366247 0.0388508 0.041082 0.0433048 0.0455055 0.0476696 0.0497825 0.0518297 0.0537963 0.0556681 0.0574309 0.0590714 0.0605767 0.0619351 0.0631357 0.0641687 0.0650257 0.0656998 0.0661854 0.0664783 0.0665762 0.0664783 0.0661854 0.0656998 0.0650257 0.0641687 0.0631357 0.0619351 0.0605767 0.0590714 0.0574309 0.0556681 0.0537963 0.0518297 0.0497825 0.0476696 0.0455055 0.0433048 0.041082 0.0388508 0.0366247 0.0344163 0.0322377 0.0300998 0.0280127 0.0259856 0.0240263 0.0221419 0.0203383 0.01862 0.016991 0.0154538 0.0140103 0.0126613 0.0114068 0.0102461 0.00917811 0.00820083 0.00731205 0.00650918 0.0057894 0.00514977 0.00458732 0.00409911 0.00368237 0.00333451 0.00305324 0.00283659 0.00268301 0.00259133 
0.00283299 0.00286647 0.00296715 0.0031358 0.00337364 0.00368237 0.00406407 0.00452122 0.00505655 0.00567304 0.00637381 0.00716201 0.00804077 0.00901305 0.0100816 0.0112486 0.0125162 0.0138855 0.0153571 0.0169309 0.0186058 0.0203798 0.0222497 0.0242116 0.0262601 0.0283888 0.03059 0.032855 0.035174 0.0375359 0.0399288 0.0423398 0.0447551 0.0471603 0.0495404 0.05188 0.0541633 0.0563747 0.0584984 0.0605189 0.0624212 0.064191 0.0658147 0.0672794 0.0685737 0.0696872 0.0706109 0.0713373 0.0718604 0.072176 0.0722815 0.072176 0.0718604 0.0713373 0.0706109 0.0696872 0.0685737 0.0672794 0.0658147 0.064191 0.0624212 0.0605189 0.0584984 0.0563747 0.0541633 0.05188 0.0495404 0.0471603 0.0447551 0.0423398 0.0399288 0.0375359 0.035174 0.032855 0.03059 0.0283888 0.0262601 0.0242116 0.0222497 0.0203798 0.0186058 0.0169309 0.0153571 0.0138855 0.0125162 0.0112486 0.0100816 0.00901305 0.00804077 0.00716201 0.00637381 0.00567304 0.00505655 0.00452122 0.00406407 0.00368237 0.00337364 0.0031358 0.00296715 0.00286647 
0.00315934 0.00319639 0.00330783 0.00349446 0.00375761 0.00409911 0.00452122 0.00502657 0.00561813 0.00629908 0.00707275 0.00794253 0.00891172 0.00998348 0.0111607 0.0124457 0.0138405 0.0153463 0.0169638 0.0186924 0.020531 0.0224772 0.0245274 0.0266771 0.0289203 0.0312499 0.0336576 0.0361336 0.0386671 0.0412461 0.0438576 0.0464873 0.0491205 0.0517414 0.0543337 0.0568807 0.0593655 0.0617709 0.0640801 0.0662763 0.0683434 0.0702659 0.072029 0.0736193 0.0750242 0.0762326 0.0772349 0.0780229 0.0785905 0.0789329 0.0790473 0.0789329 0.0785905 0.0780229 0.0772349 0.0762326 0.0750242 0.0736193 0.072029 0.0702659 0.0683434 0.0662763 0.0640801 0.0617709 0.0593655 0.0568807 0.0543337 0.0517414 0.0491205 0.0464873 0.0438576 0.0412461 0.0386671 0.0361336 0.0336576 0.0312499 0.0289203 0.0266771 0.0245274 0.0224772 0.020531 0.0186924 0.0169638 0.0153463 0.0138405 0.0124457 0.0111607 0.00998348 0.00891172 0.00794253 0.00707275 0.00629908 0.00561813 0.00502657 0.00452122 0.00409911 0.00375761 0.00349446 0.00330783 0.00319639 
0.00354206 0.00358328 0.00370727 0.00391488 0.00420758 0.00458732 0.00505655 0.00561813 0.00627524 0.00703132 0.00788996 0.00885476 0.00992928 0.0111168 0.0124205 0.0138427 0.0153855 0.0170501 0.0188369 0.0207454 0.022774 0.02492 0.0271793 0.0295467 0.0320156 0.034578 0.0372246 0.0399448 0.0427266 0.0455567 0.0484208 0.0513034 0.0541882 0.0570582 0.0598954 0.0626818 0.0653989 0.0680281 0.070551 0.0729497 0.0752066 0.0773049 0.0792288 0.0809636 0.0824958 0.0838134 0.0849061 0.0857652 0.0863838 0.0867569 0.0868817 0.0867569 0.0863838 0.0857652 0.0849061 0.0838134 0.0824958 0.0809636 0.0792288 0.0773049 0.0752066 0.0729497 0.070551 0.0680281 0.0653989 0.0626818 0.0598954 0.0570582 0.0541882 0.0513034 0.0484208 0.0455567 0.0427266 0.0399448 0.0372246 0.034578 0.0320156 0.0295467 0.0271793 0.02492 0.022774 0.0207454 0.0188369 0.0170501 0.0153855 0.0138427 0.0124205 0.0111168 0.00992928 0.00885476 0.00788996 0.00703132 0.00627524 0.00561813 0.00505655 0.00458732 0.00420758 0.00391488 0.00370727 0.00358328 
0.00398351 0.00402952 0.0041679 0.0043996 0.00472617 0.00514977 0.00567304 0.00629908 0.00703132 0.00787349 0.00882944 0.00990305 0.0110981 0.0124182 0.0138664 0.0154454 0.0171573 0.0190032 0.0209834 0.0230972 0.0253425 0.0277162 0.0302137 0.0328291 0.0355549 0.0383822 0.0413006 0.0442984 0.0473622 0.0504774 0.0536282 0.0567978 0.059968 0.0631203 0.0662351 0.0692926 0.0722727 0.0751552 0.0779201 0.0805478 0.0830193 0.0853164 0.087422 0.08932 0.090996 0.092437 0.0936319 0.0945711 0.0952474 0.0956553 0.0957916 0.0956553 0.0952474 0.0945711 0.0936319 0.092437 0.090996 0.08932 0.087422 0.0853164 0.0830193 0.0805478 0.0779201 0.0751552 0.0722727 0.0692926 0.0662351 0.0631203 0.059968 0.0567978 0.0536282 0.0504774 0.0473622 0.0442984 0.0413006 0.0383822 0.0355549 0.0328291 0.0302137 0.0277162 0.0253425 0.0230972 0.0209834 0.0190032 0.0171573 0.0154454 0.0138664 0.0124182 0.0110981 0.00990305 0.00882944 0.00787349 0.00703132 0.00629908 0.00567304 0.00514977 0.00472617 0.0043996 0.0041679 0.00402952 
0.00448617 0.00453761 0.00469229 0.00495124 0.00531617 0.0057894 0.00637381 0.00707275 0.00788996 0.00882944 0.00989535 0.0110919 0.012423 0.0138926 0.015504 0.0172599 0.0191623 0.0212125 0.0234104 0.0257551 0.0282441 0.0308739 0.033639 0.0365329 0.039547 0.0426714 0.0458946 0.0492034 0.0525831 0.0560175 0.0594892 0.0629796 0.0664689 0.0699366 0.0733614 0.0767216 0.0799952 0.0831602 0.0861948 0.0890778 0.0917884 0.0943069 0.0966147 0.0986945 0.100531 0.102109 0.103417 0.104446 0.105186 0.105633 0.105782 0.105633 0.105186 0.104446 0.103417 0.102109 0.100531 0.0986945 0.0966147 0.0943069 0.0917884 0.0890778 0.0861948 0.0831602 0.0799952 0.0767216 0.0733614 0.0699366 0.0664689 0.0629796 0.0594892 0.0560175 0.0525831 0.0492034 0.0458946 0.0426714 0.039547 0.0365329 0.033639 0.0308739 0.0282441 0.0257551 0.0234104 0.0212125 0.0191623 0.0172599 0.015504 0.0138926 0.012423 0.0110919 0.00989535 0.00882944 0.00788996 0.00707275 0.00637381 0.0057894 0.00531617 0.00495124 0.00469229 0.00453761 
0.0050526 0.00511011 0.00528304 0.00557251 0.00598039 0.00650918 0.00716201 0.00794253 0.00885476 0.00990305 0.0110919 0.0124257 0.0139088 0.0155453 0.0173387 0.0192918 0.0214066 0.0236842 0.0261246 0.0287262 0.0314864 0.0344007 0.0374631 0.0406661 0.0440001 0.047454 0.051015 0.0546682 0.0583976 0.0621852 0.0660117 0.0698567 0.0736984 0.0775143 0.0812812 0.0849752 0.0885723 0.0920487 0.0953805 0.0985445 0.101518 0.10428 0.106811 0.10909 0.111102 0.112832 0.114265 0.115391 0.116202 0.116691 0.116855 0.116691 0.116202 0.115391 0.114265 0.112832 0.111102 0.10909 0.106811 0.10428 0.101518 0.0985445 0.0953805 0.0920487 0.0885723 0.0849752 0.0812812 0.0775143 0.0736984 0.0698567 0.0660117 0.0621852 0.0583976 0.0546682 0.051015 0.047454 0.0440001 0.0406661 0.0374631 0.0344007 0.0314864 0.0287262 0.0261246 0.0236842 0.0214066 0.0192918 0.0173387 0.0155453 0.0139088 0.0124257 0.0110919 0.00990305 0.00885476 0.00794253 0.00716201 0.00650918 0.00598039 0.00557251 0.00528304 0.00511011 
0.00568533 0.00574958 0.00594277 0.00626611 0.00672163 0.00731205 0.00804077 0.00891172 0.00992928 0.0110981 0.012423 0.0139088 0.0155602 0.0173812 0.0193757 0.0215466 0.023896 0.0264246 0.0291323 0.0320172 0.0350759 0.0383034 0.0416929 0.0452358 0.0489213 0.0527371 0.0566686 0.0606998 0.0648124 0.0689868 0.0732018 0.0774347 0.0816619 0.0858584 0.0899989 0.0940573 0.0980076 0.101823 0.105479 0.108949 0.11221 0.115237 0.11801 0.120507 0.12271 0.124604 0.126173 0.127406 0.128293 0.128828 0.129007 0.128828 0.128293 0.127406 0.126173 0.124604 0.12271 0.120507 0.11801 0.115237 0.11221 0.108949 0.105479 0.101823 0.0980076 0.0940573 0.0899989 0.0858584 0.0816619 0.0774347 0.0732018 0.0689868 0.0648124 0.0606998 0.0566686 0.0527371 0.0489213 0.0452358 0.0416929 0.0383034 0.0350759 0.0320172 0.0291323 0.0264246 0.023896 0.0215466 0.0193757 0.0173812 0.0155602 0.0139088 0.012423 0.0110981 0.00992928 0.00891172 0.00804077 0.00731205 0.00672163 0.00626611 0.00594277 0.00574958 
0.00638681 0.00645849 0.00667398 0.00703461 0.00754258 0.00820083 0.00901305 0.00998348 0.0111168 0.0124182 0.0138926 0.0155453 0.0173812 0.0194048 0.0216198 0.0240294 0.0266356 0.029439 0.032439 0.0356335 0.0390184 0.0425879 0.0463343 0.0502477 0.0543162 0.058526 0.0628609 0.0673029 0.071832 0.0764266 0.0810632 0.0857169 0.0903618 0.0949707 0.0995157 0.103969 0.108301 0.112484 0.116489 0.12029 0.12386 0.127174 0.130207 0.132939 0.135349 0.137419 0.139135 0.140482 0.141452 0.142037 0.142233 0.142037 0.141452 0.140482 0.139135 0.137419 0.135349 0.132939 0.130207 0.127174 0.12386 0.12029 0.116489 0.112484 0.108301 0.103969 0.0995157 0.0949707 0.0903618 0.0857169 0.0810632 0.0764266 0.071832 0.0673029 0.0628609 0.058526 0.0543162 0.0502477 0.0463343 0.0425879 0.0390184 0.0356335 0.032439 0.029439 0.0266356 0.0240294 0.0216198 0.0194048 0.0173812 0.0155453 0.0138926 0.0124182 0.0111168 0.00998348 0.00901305 0.00820083 0.00754258 0.00703461 0.00667398 0.00645849 
0.00715933 0.00723913 0.00747901 0.00788042 0.00844572 0.00917811 0.0100816 0.0111607 0.0124205 0.0138664 0.015504 0.0173387 0.0193757 0.0216198 0.024075 0.0267443 0.0296297 0.0327316 0.0360492 0.0395796 0.0433183 0.0472584 0.0513912 0.0557057 0.0601884 0.064824 0.0695944 0.0744799 0.0794582 0.0845056 0.0895963 0.094703 0.0997972 0.104849 0.109829 0.114705 0.119447 0.124024 0.128404 0.13256 0.136461 0.140081 0.143394 0.146377 0.149007 0.151267 0.153138 0.154609 0.155667 0.156305 0.156518 0.156305 0.155667 0.154609 0.153138 0.151267 0.149007 0.146377 0.143394 0.140081 0.136461 0.13256 0.128404 0.124024 0.119447 0.114705 0.109829 0.104849 0.0997972 0.094703 0.0895963 0.0845056 0.0794582 0.0744799 0.0695944 0.064824 0.0601884 0.0557057 0.0513912 0.0472584 0.0433183 0.0395796 0.0360492 0.0327316 0.0296297 0.0267443 0.024075 0.0216198 0.0193757 0.0173387 0.015504 0.0138664 0.0124205 0.0111607 0.0100816 0.00917811 0.00844572 0.00788042 0.00747901 0.00723913 
0.00800492 0.00809354 0.00835993 0.00880564 0.00943323 0.0102461 0.0112486 0.0124457 0.0138427 0.0154454 0.0172599 0.0192918 0.0215466 0.0240294 0.0267443 0.0296943 0.0328813 0.0363056 0.0399657 0.0438584 0.0479781 0.0523172 0.0568658 0.0616113 0.0665391 0.0716316 0.0768693 0.08223 0.0876896 0.0932216 0.0987979 0.104389 0.109963 0.115488 0.120931 0.126259 0.131437 0.136433 0.141213 0.145745 0.149999 0.153944 0.157554 0.160803 0.163667 0.166127 0.168165 0.169765 0.170917 0.171611 0.171843 0.171611 0.170917 0.169765 0.168165 0.166127 0.163667 0.160803 0.157554 0.153944 0.149999 0.145745 0.141213 0.136433 0.131437 0.126259 0.120931 0.115488 0.109963 0.104389 0.0987979 0.0932216 0.0876896 0.08223 0.0768693 0.0716316 0.0665391 0.0616113 0.0568658 0.0523172 0.0479781 0.0438584 0.0399657 0.0363056 0.0328813 0.0296943 0.0267443 0.0240294 0.0215466 0.0192918 0.0172599 0.0154454 0.0138427 0.0124457 0.0112486 0.0102461 0.00943323 0.00880564 0.00835993 0.00809354 
0.0089253 0.00902346 0.00931848 0.00981205 0.0105069 0.0114068 0.0125162 0.0138405 0.0153855 0.0171573 0.0191623 0.0214066 0.023896 0.0266356 0.0296297 0.0328813 0.0363922 0.0401623 0.0441898 0.0484705 0.0529983 0.0577643 0.0627574 0.0679636 0.0733663 0.0789464 0.0846821 0.0905491 0.0965207 0.102568 0.108661 0.114765 0.120849 0.126876 0.13281 0.138616 0.144256 0.149695 0.154897 0.159827 0.164452 0.168741 0.172664 0.176194 0.179305 0.181977 0.184189 0.185926 0.187176 0.187929 0.188181 0.187929 0.187176 0.185926 0.184189 0.181977 0.179305 0.176194 0.172664 0.168741 0.164452 0.159827 0.154897 0.149695 0.144256 0.138616 0.13281 0.126876 0.120849 0.114765 0.108661 0.102568 0.0965207 0.0905491 0.0846821 0.0789464 0.0733663 0.0679636 0.0627574 0.0577643 0.0529983 0.0484705 0.0441898 0.0401623 0.0363922 0.0328813 0.0296297 0.0266356 0.023896 0.0214066 0.0191623 0.0171573 0.0153855 0.0138405 0.0125162 0.0114068 0.0105069 0.00981205 0.00931848 0.00902346 
0.00992175 0.0100301 0.0103559 0.0109009 0.011668 0.0126613 0.0138855 0.0153463 0.0170501 0.0190032 0.0212125 0.0236842 0.0264246 0.029439 0.0327316 0.0363056 0.0401623 0.0443015 0.0487206 0.0534148 0.058377 0.0635972 0.0690628 0.0747582 0.0806651 0.0867622 0.0930256 0.0994286 0.105942 0.112534 0.119172 0.125819 0.13244 0.138995 0.145447 0.151756 0.157882 0.163786 0.169431 0.174779 0.179795 0.184444 0.188695 0.192519 0.195889 0.198781 0.201176 0.203057 0.204409 0.205225 0.205497 0.205225 0.204409 0.203057 0.201176 0.198781 0.195889 0.192519 0.188695 0.184444 0.179795 0.174779 0.169431 0.163786 0.157882 0.151756 0.145447 0.138995 0.13244 0.125819 0.119172 0.112534 0.105942 0.0994286 0.0930256 0.0867622 0.0806651 0.0747582 0.0690628 0.0635972 0.058377 0.0534148 0.0487206 0.0443015 0.0401623 0.0363056 0.0327316 0.029439 0.0264246 0.0236842 0.0212125 0.0190032 0.0170501 0.0153463 0.0138855 0.0126613 0.011668 0.0109009 0.0103559 0.0100301 
0.0109951 0.0111144 0.0114731 0.012073 0.0129173 0.0140103 0.0153571 0.0169638 0.0188369 0.0209834 0.0234104 0.0261246 0.0291323 0.032439 0.0360492 0.0399657 0.0441898 0.0487206 0.053555 0.0586875 0.0641097 0.0698104 0.0757755 0.0819877 0.0884267 0.0950691 0.101889 0.108856 0.115939 0.123104 0.130314 0.137531 0.144715 0.151824 0.158818 0.165652 0.172286 0.178677 0.184785 0.190569 0.195991 0.201016 0.205609 0.209739 0.213377 0.2165 0.219085 0.221115 0.222574 0.223454 0.223748 0.223454 0.222574 0.221115 0.219085 0.2165 0.213377 0.209739 0.205609 0.201016 0.195991 0.190569 0.184785 0.178677 0.172286 0.165652 0.158818 0.151824 0.144715 0.137531 0.130314 0.123104 0.115939 0.108856 0.101889 0.0950691 0.0884267 0.0819877 0.0757755 0.0698104 0.0641097 0.0586875 0.053555 0.0487206 0.0441898 0.0399657 0.0360492 0.032439 0.0291323 0.0261246 0.0234104 0.0209834 0.0188369 0.0169638 0.0153571 0.0140103 0.0129173 0.012073 0.0114731 0.0111144 
0.0121455 0.0122764 0.0126701 0.0133285 0.0142549 0.0154538 0.0169309 0.0186924 0.0207454 0.0230972 0.0257551 0.0287262 0.0320172 0.0356335 0.0395796 0.0438584 0.0484705 0.0534148 0.0586875 0.0642819 0.0701887 0.0763952 0.0828856 0.0896408 0.0966385 0.103853 0.111255 0.118813 0.126493 0.134257 0.142065 0.149876 0.157647 0.165333 0.17289 0.180273 0.187434 0.194331 0.200919 0.207155 0.212999 0.218412 0.223359 0.227806 0.231723 0.235084 0.237865 0.240049 0.241619 0.242566 0.242882 0.242566 0.241619 0.240049 0.237865 0.235084 0.231723 0.227806 0.223359 0.218412 0.212999 0.207155 0.200919 0.194331 0.187434 0.180273 0.17289 0.165333 0.157647 0.149876 0.142065 0.134257 0.126493 0.118813 0.111255 0.103853 0.0966385 0.0896408 0.0828856 0.0763952 0.0701887 0.0642819 0.0586875 0.0534148 0.0484705 0.0438584 0.0395796 0.0356335 0.0320172 0.0287262 0.0257551 0.0230972 0.0207454 0.0186924 0.0169309 0.0154538 0.0142549 0.0133285 0.0126701 0.0122764 
0.0133725 0.0135158 0.0139465 0.0146667 0.0156799 0.016991 0.0186058 0.020531 0.022774 0.0253425 0.0282441 0.0314864 0.0350759 0.0390184 0.0433183 0.0479781 0.0529983 0.058377 0.0641097 0.0701887 0.0766033 0.0833394 0.0903794 0.0977024 0.105284 0.113095 0.121105 0.129279 0.137579 0.145965 0.154395 0.162823 0.171203 0.179487 0.187628 0.195576 0.203284 0.210702 0.217786 0.224488 0.230767 0.236581 0.241892 0.246665 0.250869 0.254474 0.257458 0.259799 0.261483 0.262498 0.262837 0.262498 0.261483 0.259799 0.257458 0.254474 0.250869 0.246665 0.241892 0.236581 0.230767 0.224488 0.217786 0.210702 0.203284 0.195576 0.187628 0.179487 0.171203 0.162823 0.154395 0.145965 0.137579 0.129279 0.121105 0.113095 0.105284 0.0977024 0.0903794 0.0833394 0.0766033 0.0701887 0.0641097 0.058377 0.0529983 0.0479781 0.0433183 0.0390184 0.0350759 0.0314864 0.0282441 0.0253425 0.022774 0.020531 0.0186058 0.016991 0.0156799 0.0146667 0.0139465 0.0135158 
0.014675 0.0148313 0.015301 0.0160862 0.0171909 0.01862 0.0203798 0.0224772 0.02492 0.0277162 0.0308739 0.0344007 0.0383034 0.0425879 0.0472584 0.0523172 0.0577643 0.0635972 0.0698104 0.0763952 0.0833394 0.0906274 0.0982396 0.106153 0.114341 0.122772 0.131412 0.140224 0.149167 0.158197 0.167269 0.176334 0.185342 0.194243 0.202985 0.211516 0.219785 0.22774 0.235332 0.242513 0.249237 0.255462 0.261146 0.266253 0.270749 0.274604 0.277794 0.280298 0.282098 0.283182 0.283545 0.283182 0.282098 0.280298 0.277794 0.274604 0.270749 0.266253 0.261146 0.255462 0.249237 0.242513 0.235332 0.22774 0.219785 0.211516 0.202985 0.194243 0.185342 0.176334 0.167269 0.158197 0.149167 0.140224 0.131412 0.122772 0.114341 0.106153 0.0982396 0.0906274 0.0833394 0.0763952 0.0698104 0.0635972 0.0577643 0.0523172 0.0472584 0.0425879 0.0383034 0.0344007 0.0308739 0.0277162 0.02492 0.0224772 0.0203798 0.01862 0.0171909 0.0160862 0.015301 0.0148313 
0.0160511 0.016221 0.0167315 0.017585 0.0187855 0.0203383 0.0222497 0.0245274 0.0271793 0.0302137 0.033639 0.0374631 0.0416929 0.0463343 0.0513912 0.0568658 0.0627574 0.0690628 0.0757755 0.0828856 0.0903794 0.0982396 0.106445 0.114969 0.123784 0.132855 0.142146 0.151616 0.161221 0.170915 0.180647 0.190366 0.200019 0.209552 0.21891 0.228038 0.23688 0.245383 0.253495 0.261164 0.268343 0.274986 0.28105 0.286496 0.29129 0.2954 0.2988 0.301467 0.303385 0.304541 0.304927 0.304541 0.303385 0.301467 0.2988 0.2954 0.29129 0.286496 0.28105 0.274986 0.268343 0.261164 0.253495 0.245383 0.23688 0.228038 0.21891 0.209552 0.200019 0.190366 0.180647 0.170915 0.161221 0.151616 0.142146 0.132855 0.123784 0.114969 0.106445 0.0982396 0.0903794 0.0828856 0.0757755 0.0690628 0.0627574 0.0568658 0.0513912 0.0463343 0.0416929 0.0374631 0.033639 0.0302137 0.0271793 0.0245274 0.0222497 0.0203383 0.0187855 0.017585 0.0167315 0.016221 
0.017498 0.0176821 0.0182352 0.0191599 0.0204603 0.0221419 0.0242116 0.0266771 0.0295467 0.0328291 0.0365329 0.0406661 0.0452358 0.0502477 0.0557057 0.0616113 0.0679636 0.0747582 0.0819877 0.0896408 0.0977024 0.106153 0.114969 0.124124 0.133584 0.143313 0.153273 0.163418 0.173701 0.184073 0.194481 0.204869 0.215181 0.22536 0.235345 0.24508 0.254506 0.263567 0.272206 0.280371 0.28801 0.295077 0.301525 0.307315 0.31241 0.316778 0.32039 0.323223 0.32526 0.326488 0.326898 0.326488 0.32526 0.323223 0.32039 0.316778 0.31241 0.307315 0.301525 0.295077 0.28801 0.280371 0.272206 0.263567 0.254506 0.24508 0.235345 0.22536 0.215181 0.204869 0.194481 0.184073 0.173701 0.163418 0.153273 0.143313 0.133584 0.124124 0.114969 0.106153 0.0977024 0.0896408 0.0819877 0.0747582 0.0679636 0.0616113 0.0557057 0.0502477 0.0452358 0.0406661 0.0365329 0.0328291 0.0295467 0.0266771 0.0242116 0.0221419 0.0204603 0.0191599 0.0182352 0.0176821 
0.019012 0.0192108 0.0198082 0.0208068 0.0222109 0.0240263 0.0262601 0.0289203 0.0320156 0.0355549 0.039547 0.0440001 0.0489213 0.0543162 0.0601884 0.0665391 0.0733663 0.0806651 0.0884267 0.0966385 0.105284 0.114341 0.123784 0.133584 0.143704 0.154108 0.16475 0.175585 0.186561 0.197625 0.20872 0.219789 0.23077 0.241603 0.252225 0.262576 0.272593 0.282216 0.291389 0.300054 0.308158 0.315652 0.322488 0.328624 0.334022 0.338648 0.342473 0.345473 0.34763 0.348929 0.349363 0.348929 0.34763 0.345473 0.342473 0.338648 0.334022 0.328624 0.322488 0.315652 0.308158 0.300054 0.291389 0.282216 0.272593 0.262576 0.252225 0.241603 0.23077 0.219789 0.20872 0.197625 0.186561 0.175585 0.16475 0.154108 0.143704 0.133584 0.123784 0.114341 0.105284 0.0966385 0.0884267 0.0806651 0.0733663 0.0665391 0.0601884 0.0543162 0.0489213 0.0440001 0.039547 0.0355549 0.0320156 0.0289203 0.0262601 0.0240263 0.0222109 0.0208068 0.0198082 0.0192108 
0.0205887 0.0208027 0.0214459 0.0225208 0.024032 0.0259856 0.0283888 0.0312499 0.034578 0.0383822 0.0426714 0.047454 0.0527371 0.058526 0.064824 0.0716316 0.0789464 0.0867622 0.0950691 0.103853 0.113095 0.122772 0.132855 0.143313 0.154108 0.165197 0.176534 0.188069 0.199748 0.211513 0.223306 0.235063 0.246721 0.258214 0.269479 0.28045 0.291062 0.301253 0.310961 0.320128 0.328699 0.336621 0.343845 0.350328 0.356029 0.360914 0.364952 0.368119 0.370395 0.371766 0.372224 0.371766 0.370395 0.368119 0.364952 0.360914 0.356029 0.350328 0.343845 0.336621 0.328699 0.320128 0.310961 0.301253 0.291062 0.28045 0.269479 0.258214 0.246721 0.235063 0.223306 0.211513 0.199748 0.188069 0.176534 0.165197 0.154108 0.143313 0.132855 0.122772 0.113095 0.103853 0.0950691 0.0867622 0.0789464 0.0716316 0.064824 0.058526 0.0527371 0.047454 0.0426714 0.0383822 0.034578 0.0312499 0.0283888 0.0259856 0.024032 0.0225208 0.0214459 0.0208027 
0.0222225 0.0224523 0.0231424 0.0242958 0.0259172 0.0280127 0.03059 0.0336576 0.0372246 0.0413006 0.0458946 0.051015 0.0566686 0.0628609 0.0695944 0.0768693 0.0846821 0.0930256 0.101889 0.111255 0.121105 0.131412 0.142146 0.153273 0.16475 0.176534 0.188574 0.200818 0.213207 0.22568 0.238175 0.250625 0.262963 0.275122 0.287031 0.298624 0.309832 0.32059 0.330834 0.340503 0.349539 0.357888 0.365499 0.372327 0.37833 0.383473 0.387723 0.391055 0.39345 0.394893 0.395375 0.394893 0.39345 0.391055 0.387723 0.383473 0.37833 0.372327 0.365499 0.357888 0.349539 0.340503 0.330834 0.32059 0.309832 0.298624 0.287031 0.275122 0.262963 0.250625 0.238175 0.22568 0.213207 0.200818 0.188574 0.176534 0.16475 0.153273 0.142146 0.131412 0.121105 0.111255 0.101889 0.0930256 0.0846821 0.0768693 0.0695944 0.0628609 0.0566686 0.051015 0.0458946 0.0413006 0.0372246 0.0336576 0.03059 0.0280127 0.0259172 0.0242958 0.0231424 0.0224523 
0.0239073 0.024153 0.0248913 0.026125 0.0278591 0.0300998 0.032855 0.0361336 0.0399448 0.0442984 0.0492034 0.0546682 0.0606998 0.0673029 0.0744799 0.08223 0.0905491 0.0994286 0.108856 0.118813 0.129279 0.140224 0.151616 0.163418 0.175585 0.188069 0.200818 0.213774 0.226876 0.240061 0.25326 0.266405 0.279424 0.292247 0.3048 0.317013 0.328815 0.340138 0.350915 0.361083 0.370581 0.379354 0.387349 0.394518 0.40082 0.406217 0.410677 0.414173 0.416686 0.418199 0.418704 0.418199 0.416686 0.414173 0.410677 0.406217 0.40082 0.394518 0.387349 0.379354 0.370581 0.361083 0.350915 0.340138 0.328815 0.317013 0.3048 0.292247 0.279424 0.266405 0.25326 0.240061 0.226876 0.213774 0.200818 0.188069 0.175585 0.163418 0.151616 0.140224 0.129279 0.118813 0.108856 0.0994286 0.0905491 0.08223 0.0744799 0.0673029 0.0606998 0.0546682 0.0492034 0.0442984 0.0399448 0.0361336 0.032855 0.0300998 0.0278591 0.026125 0.0248913 0.024153 
0.0256356 0.0258977 0.0266849 0.0280005 0.0298492 0.0322377 0.035174 0.0386671 0.0427266 0.0473622 0.0525831 0.0583976 0.0648124 0.071832 0.0794582 0.0876896 0.0965207 0.105942 0.115939 0.126493 0.137579 0.149167 0.161221 0.173701 0.186561 0.199748 0.213207 0.226876 0.240692 0.254587 0.268489 0.282326 0.296024 0.309507 0.3227 0.335529 0.347921 0.359803 0.371107 0.381768 0.391723 0.400914 0.409287 0.416793 0.423389 0.429037 0.433703 0.43736 0.439988 0.44157 0.442099 0.44157 0.439988 0.43736 0.433703 0.429037 0.423389 0.416793 0.409287 0.400914 0.391723 0.381768 0.371107 0.359803 0.347921 0.335529 0.3227 0.309507 0.296024 0.282326 0.268489 0.254587 0.240692 0.226876 0.213207 0.199748 0.186561 0.173701 0.161221 0.149167 0.137579 0.126493 0.115939 0.105942 0.0965207 0.0876896 0.0794582 0.071832 0.0648124 0.0583976 0.0525831 0.0473622 0.0427266 0.0386671 0.035174 0.0322377 0.0298492 0.0280005 0.0266849 0.0258977 
0.0273994 0.027678 0.028515 0.0299133 0.0318782 0.0344163 0.0375359 0.0412461 0.0455567 0.0504774 0.0560175 0.0621852 0.0689868 0.0764266 0.0845056 0.0932216 0.102568 0.112534 0.123104 0.134257 0.145965 0.158197 0.170915 0.184073 0.197625 0.211513 0.22568 0.240061 0.254587 0.269187 0.283788 0.298312 0.312681 0.326818 0.340644 0.354081 0.367053 0.379486 0.39131 0.402455 0.412859 0.42246 0.431204 0.43904 0.445925 0.451817 0.456685 0.4605 0.46324 0.46489 0.465442 0.46489 0.46324 0.4605 0.456685 0.451817 0.445925 0.43904 0.431204 0.42246 0.412859 0.402455 0.39131 0.379486 0.367053 0.354081 0.340644 0.326818 0.312681 0.298312 0.283788 0.269187 0.254587 0.240061 0.22568 0.211513 0.197625 0.184073 0.170915 0.158197 0.145965 0.134257 0.123104 0.112534 0.102568 0.0932216 0.0845056 0.0764266 0.0689868 0.0621852 0.0560175 0.0504774 0.0455567 0.0412461 0.0375359 0.0344163 0.0318782 0.0299133 0.028515 0.027678 
0.0291898 0.0294851 0.0303721 0.0318539 0.0339358 0.0366247 0.0399288 0.0438576 0.0484208 0.0536282 0.0594892 0.0660117 0.0732018 0.0810632 0.0895963 0.0987979 0.108661 0.119172 0.130314 0.142065 0.154395 0.167269 0.180647 0.194481 0.20872 0.223306 0.238175 0.25326 0.268489 0.283788 0.299078 0.314279 0.329311 0.344091 0.358539 0.372573 0.386115 0.399089 0.411421 0.42304 0.433882 0.443883 0.452989 0.461147 0.468312 0.474444 0.479507 0.483475 0.486325 0.488041 0.488614 0.488041 0.486325 0.483475 0.479507 0.474444 0.468312 0.461147 0.452989 0.443883 0.433882 0.42304 0.411421 0.399089 0.386115 0.372573 0.358539 0.344091 0.329311 0.314279 0.299078 0.283788 0.268489 0.25326 0.238175 0.223306 0.20872 0.194481 0.180647 0.167269 0.154395 0.142065 0.130314 0.119172 0.108661 0.0987979 0.0895963 0.0810632 0.0732018 0.0660117 0.0594892 0.0536282 0.0484208 0.0438576 0.0399288 0.0366247 0.0339358 0.0318539 0.0303721 0.0294851 
0.0309971 0.0313091 0.0322463 0.0338118 0.0360109 0.0388508 0.0423398 0.0464873 0.0513034 0.0567978 0.0629796 0.0698567 0.0774347 0.0857169 0.094703 0.104389 0.114765 0.125819 0.137531 0.149876 0.162823 0.176334 0.190366 0.204869 0.219789 0.235063 0.250625 0.266405 0.282326 0.298312 0.314279 0.330145 0.345826 0.361237 0.376293 0.390911 0.405009 0.41851 0.431336 0.443417 0.454684 0.465075 0.474531 0.483001 0.490437 0.4968 0.502053 0.506169 0.509125 0.510905 0.511499 0.510905 0.509125 0.506169 0.502053 0.4968 0.490437 0.483001 0.474531 0.465075 0.454684 0.443417 0.431336 0.41851 0.405009 0.390911 0.376293 0.361237 0.345826 0.330145 0.314279 0.298312 0.282326 0.266405 0.250625 0.235063 0.219789 0.204869 0.190366 0.176334 0.162823 0.149876 0.137531 0.125819 0.114765 0.104389 0.094703 0.0857169 0.0774347 0.0698567 0.0629796 0.0567978 0.0513034 0.0464873 0.0423398 0.0388508 0.0360109 0.0338118 0.0322463 0.0313091 
0.032811 0.0331396 0.0341267 0.0357756 0.0380917 0.041082 0.0447551 0.0491205 0.0541882 0.059968 0.0664689 0.0736984 0.0816619 0.0903618 0.0997972 0.109963 0.120849 0.13244 0.144715 0.157647 0.171203 0.185342 0.200019 0.215181 0.23077 0.246721 0.262963 0.279424 0.296024 0.312681 0.329311 0.345826 0.36214 0.378165 0.393812 0.408997 0.423636 0.437647 0.450952 0.463479 0.475157 0.485923 0.495718 0.504489 0.512187 0.518771 0.524207 0.528465 0.531523 0.533364 0.533979 0.533364 0.531523 0.528465 0.524207 0.518771 0.512187 0.504489 0.495718 0.485923 0.475157 0.463479 0.450952 0.437647 0.423636 0.408997 0.393812 0.378165 0.36214 0.345826 0.329311 0.312681 0.296024 0.279424 0.262963 0.246721 0.23077 0.215181 0.200019 0.185342 0.171203 0.157647 0.144715 0.13244 0.120849 0.109963 0.0997972 0.0903618 0.0816619 0.0736984 0.0664689 0.059968 0.0541882 0.0491205 0.0447551 0.041082 0.0380917 0.0357756 0.0341267 0.0331396 
0.0346203 0.0349655 0.0360022 0.0377337 0.0401655 0.0433048 0.0471603 0.0517414 0.0570582 0.0631203 0.0699366 0.0775143 0.0858584 0.0949707 0.104849 0.115488 0.126876 0.138995 0.151824 0.165333 0.179487 0.194243 0.209552 0.22536 0.241603 0.258214 0.275122 0.292247 0.309507 0.326818 0.344091 0.361237 0.378165 0.394784 0.411004 0.426737 0.441896 0.456399 0.470166 0.483122 0.495195 0.506322 0.516441 0.525499 0.533448 0.540245 0.545855 0.550249 0.553404 0.555304 0.555938 0.555304 0.553404 0.550249 0.545855 0.540245 0.533448 0.525499 0.516441 0.506322 0.495195 0.483122 0.470166 0.456399 0.441896 0.426737 0.411004 0.394784 0.378165 0.361237 0.344091 0.326818 0.309507 0.292247 0.275122 0.258214 0.241603 0.22536 0.209552 0.194243 0.179487 0.165333 0.151824 0.138995 0.126876 0.115488 0.104849 0.0949707 0.0858584 0.0775143 0.0699366 0.0631203 0.0570582 0.0517414 0.0471603 0.0433048 0.0401655 0.0377337 0.0360022 0.0349655 
0.0364138 0.0367753 0.0378607 0.0396736 0.0422195 0.0455055 0.0495404 0.0543337 0.0598954 0.0662351 0.0733614 0.0812812 0.0899989 0.0995157 0.109829 0.120931 0.13281 0.145447 0.158818 0.17289 0.187628 0.202985 0.21891 0.235345 0.252225 0.269479 0.287031 0.3048 0.3227 0.340644 0.358539 0.376293 0.393812 0.411004 0.427775 0.444034 0.459693 0.474668 0.488876 0.502242 0.514693 0.526164 0.536592 0.545924 0.554111 0.561111 0.566887 0.57141 0.574657 0.576612 0.577264 0.576612 0.574657 0.57141 0.566887 0.561111 0.554111 0.545924 0.536592 0.526164 0.514693 0.502242 0.488876 0.474668 0.459693 0.444034 0.427775 0.411004 0.393812 0.376293 0.358539 0.340644 0.3227 0.3048 0.287031 0.269479 0.252225 0.235345 0.21891 0.202985 0.187628 0.17289 0.158818 0.145447 0.13281 0.120931 0.109829 0.0995157 0.0899989 0.0812812 0.0733614 0.0662351 0.0598954 0.0543337 0.0495404 0.0455055 0.0422195 0.0396736 0.0378607 0.0367753 
0.0381796 0.038557 0.0396902 0.0415827 0.0442401 0.0476696 0.05188 0.0568807 0.0626818 0.0692926 0.0767216 0.0849752 0.0940573 0.103969 0.114705 0.126259 0.138616 0.151756 0.165652 0.180273 0.195576 0.211516 0.228038 0.24508 0.262576 0.28045 0.298624 0.317013 0.335529 0.354081 0.372573 0.390911 0.408997 0.426737 0.444034 0.460795 0.476932 0.492355 0.506984 0.52074 0.533549 0.545346 0.556067 0.565659 0.574071 0.581262 0.587194 0.591839 0.595174 0.597181 0.597851 0.597181 0.595174 0.591839 0.587194 0.581262 0.574071 0.565659 0.556067 0.545346 0.533549 0.52074 0.506984 0.492355 0.476932 0.460795 0.444034 0.426737 0.408997 0.390911 0.372573 0.354081 0.335529 0.317013 0.298624 0.28045 0.262576 0.24508 0.228038 0.211516 0.195576 0.180273 0.165652 0.151756 0.138616 0.126259 0.114705 0.103969 0.0940573 0.0849752 0.0767216 0.0692926 0.0626818 0.0568807 0.05188 0.0476696 0.0442401 0.0415827 0.0396902 0.038557 
0.0399056 0.0402984 0.041478 0.0434479 0.0462137 0.0497825 0.0541633 0.0593655 0.0653989 0.0722727 0.0799952 0.0885723 0.0980076 0.108301 0.119447 0.131437 0.144256 0.157882 0.172286 0.187434 0.203284 0.219785 0.23688 0.254506 0.272593 0.291062 0.309832 0.328815 0.347921 0.367053 0.386115 0.405009 0.423636 0.441896 0.459693 0.476932 0.493519 0.509368 0.524394 0.538518 0.551666 0.56377 0.574767 0.584603 0.593227 0.600597 0.606676 0.611435 0.614851 0.616907 0.617594 0.616907 0.614851 0.611435 0.606676 0.600597 0.593227 0.584603 0.574767 0.56377 0.551666 0.538518 0.524394 0.509368 0.493519 0.476932 0.459693 0.441896 0.423636 0.405009 0.386115 0.367053 0.347921 0.328815 0.309832 0.291062 0.272593 0.254506 0.23688 0.219785 0.203284 0.187434 0.172286 0.157882 0.144256 0.131437 0.119447 0.108301 0.0980076 0.0885723 0.0799952 0.0722727 0.0653989 0.0593655 0.0541633 0.0497825 0.0462137 0.0434479 0.041478 0.0402984 
0.0415795 0.0419872 0.0432116 0.0452562 0.0481264 0.0518297 0.0563747 0.0617709 0.0680281 0.0751552 0.0831602 0.0920487 0.101823 0.112484 0.124024 0.136433 0.149695 0.163786 0.178677 0.194331 0.210702 0.22774 0.245383 0.263567 0.282216 0.301253 0.32059 0.340138 0.359803 0.379486 0.399089 0.41851 0.437647 0.456399 0.474668 0.492355 0.509368 0.525617 0.541016 0.555485 0.56895 0.581341 0.592596 0.602659 0.611481 0.619019 0.625235 0.6301 0.633592 0.635694 0.636396 0.635694 0.633592 0.6301 0.625235 0.619019 0.611481 0.602659 0.592596 0.581341 0.56895 0.555485 0.541016 0.525617 0.509368 0.492355 0.474668 0.456399 0.437647 0.41851 0.399089 0.379486 0.359803 0.340138 0.32059 0.301253 0.282216 0.263567 0.245383 0.22774 0.210702 0.194331 0.178677 0.163786 0.149695 0.136433 0.124024 0.112484 0.101823 0.0920487 0.0831602 0.0751552 0.0680281 0.0617709 0.0563747 0.0518297 0.0481264 0.0452562 0.0432116 0.0419872 
0.0431892 0.0436113 0.0448785 0.0469944 0.0499645 0.0537963 0.0584984 0.0640801 0.070551 0.0779201 0.0861948 0.0953805 0.105479 0.116489 0.128404 0.141213 0.154897 0.169431 0.184785 0.200919 0.217786 0.235332 0.253495 0.272206 0.291389 0.310961 0.330834 0.350915 0.371107 0.39131 0.411421 0.431336 0.450952 0.470166 0.488876 0.506984 0.524394 0.541016 0.556763 0.571553 0.585312 0.59797 0.609465 0.61974 0.628745 0.636437 0.64278 0.647744 0.651306 0.65345 0.654165 0.65345 0.651306 0.647744 0.64278 0.636437 0.628745 0.61974 0.609465 0.59797 0.585312 0.571553 0.556763 0.541016 0.524394 0.506984 0.488876 0.470166 0.450952 0.431336 0.411421 0.39131 0.371107 0.350915 0.330834 0.310961 0.291389 0.272206 0.253495 0.235332 0.217786 0.200919 0.184785 0.169431 0.154897 0.141213 0.128404 0.116489 0.105479 0.0953805 0.0861948 0.0779201 0.070551 0.0640801 0.0584984 0.0537963 0.0499645 0.0469944 0.0448785 0.0436113 
0.0447227 0.0451583 0.0464661 0.0486496 0.0517145 0.0556681 0.0605189 0.0662763 0.0729497 0.0805478 0.0890778 0.0985445 0.108949 0.12029 0.13256 0.145745 0.159827 0.174779 0.190569 0.207155 0.224488 0.242513 0.261164 0.280371 0.300054 0.320128 0.340503 0.361083 0.381768 0.402455 0.42304 0.443417 0.463479 0.483122 0.502242 0.52074 0.538518 0.555485 0.571553 0.58664 0.600671 0.613576 0.625291 0.63576 0.644933 0.652767 0.659226 0.664281 0.667907 0.67009 0.670818 0.67009 0.667907 0.664281 0.659226 0.652767 0.644933 0.63576 0.625291 0.613576 0.600671 0.58664 0.571553 0.555485 0.538518 0.52074 0.502242 0.483122 0.463479 0.443417 0.42304 0.402455 0.381768 0.361083 0.340503 0.320128 0.300054 0.280371 0.261164 0.242513 0.224488 0.207155 0.190569 0.174779 0.159827 0.145745 0.13256 0.12029 0.108949 0.0985445 0.0890778 0.0805478 0.0729497 0.0662763 0.0605189 0.0556681 0.0517145 0.0486496 0.0464661 0.0451583 
0.0461682 0.0466165 0.0479624 0.0502094 0.0533631 0.0574309 0.0624212 0.0683434 0.0752066 0.0830193 0.0917884 0.101518 0.11221 0.12386 0.136461 0.149999 0.164452 0.179795 0.195991 0.212999 0.230767 0.249237 0.268343 0.28801 0.308158 0.328699 0.349539 0.370581 0.391723 0.412859 0.433882 0.454684 0.475157 0.495195 0.514693 0.533549 0.551666 0.56895 0.585312 0.600671 0.61495 0.62808 0.639996 0.650642 0.659969 0.667932 0.674497 0.679634 0.683319 0.685536 0.686277 0.685536 0.683319 0.679634 0.674497 0.667932 0.659969 0.650642 0.639996 0.62808 0.61495 0.600671 0.585312 0.56895 0.551666 0.533549 0.514693 0.495195 0.475157 0.454684 0.433882 0.412859 0.391723 0.370581 0.349539 0.328699 0.308158 0.28801 0.268343 0.249237 0.230767 0.212999 0.195991 0.179795 0.164452 0.149999 0.136461 0.12386 0.11221 0.101518 0.0917884 0.0830193 0.0752066 0.0683434 0.0624212 0.0574309 0.0533631 0.0502094 0.0479624 0.0466165 
