0.00191114 0.00193458 0.00200509 0.00212327 0.00229008 0.00250684 0.00277519 0.00309707 0.00347465 0.00391032 0.00440656 0.00496594 0.00559103 0.00628429 0.00704804 0.00788435 0.00879496 0.0097812 0.0108439 0.0119833 0.0131991 0.0144901 0.0158544 0.0172894 0.0187914 0.020356 0.0219779 0.0236507 0.0253672 0.0271194 0.0288984 0.0306946 0.0324977 0.0342967 0.0360802 0.0378365 0.0395535 0.0412189 0.0428207 0.0443468 0.0457855 0.0471255 0.0483562 0.0494675 0.0504503 0.0512964 0.0519987 0.0525513 0.0529494 0.0531897 0.05327 0.0531897 0.0529494 0.0525513 0.0519987 0.0512964 0.0504503 0.0494675 0.0483562 0.0471255 0.0457855 0.0443468 0.0428207 0.0412189 0.0395535 0.0378365 0.0360802 0.0342967 0.0324977 0.0306946 0.0288984 0.0271194 0.0253672 0.0236507 0.0219779 0.020356 0.0187914 0.0172894 0.0158544 0.0144901 0.0131991 0.0119833 0.0108439 0.0097812 0.00879496 0.00788435 0.00704804 0.00628429 0.00559103 0.00496594 0.00440656 0.00391032 0.00347465 0.00309707 0.00277519 0.00250684 0.00229008 0.00212327 0.00200509 0.00193458 
0.00193458 0.00195828 0.00202959 0.00214909 0.00231776 0.00253693 0.00280826 0.0031337 0.00351544 0.00395588 0.00445752 0.00502296 0.00565476 0.00635542 0.00712727 0.00797238 0.0088925 0.00988896 0.0109626 0.0121136 0.0133417 0.0146457 0.0160236 0.0174728 0.0189896 0.0205694 0.022207 0.0238958 0.0256287 0.0273974 0.0291932 0.0310061 0.0328259 0.0346414 0.0364413 0.0382135 0.039946 0.0416264 0.0432425 0.0447821 0.0462336 0.0475854 0.0488269 0.0499479 0.0509393 0.0517928 0.0525012 0.0530586 0.0534601 0.0537025 0.0537835 0.0537025 0.0534601 0.0530586 0.0525012 0.0517928 0.0509393 0.0499479 0.0488269 0.0475854 0.0462336 0.0447821 0.0432425 0.0416264 0.039946 0.0382135 0.0364413 0.0346414 0.0328259 0.0310061 0.0291932 0.0273974 0.0256287 0.0238958 0.022207 0.0205694 0.0189896 0.0174728 0.0160236 0.0146457 0.0133417 0.0121136 0.0109626 0.00988896 0.0088925 0.00797238 0.00712727 0.00635542 0.00565476 0.00502296 0.00445752 0.00395588 0.00351544 0.0031337 0.00280826 0.00253693 0.00231776 0.00214909 0.00202959 0.00195828 
0.00200509 0.00202959 0.00210327 0.00222676 0.00240103 0.00262746 0.00290775 0.00324388 0.00363812 0.00409288 0.00461076 0.00519438 0.00584637 0.00656926 0.00736544 0.00823699 0.00918569 0.0102129 0.0113193 0.0125053 0.0137704 0.0151133 0.0165321 0.0180239 0.0195849 0.0212106 0.0228952 0.0246322 0.0264142 0.0282327 0.0300785 0.0319417 0.0338116 0.0356768 0.0375256 0.0393457 0.0411247 0.04285 0.0445091 0.0460895 0.0475791 0.0489664 0.0502403 0.0513905 0.0524076 0.0532832 0.0540099 0.0545816 0.0549936 0.0552421 0.0553252 0.0552421 0.0549936 0.0545816 0.0540099 0.0532832 0.0524076 0.0513905 0.0502403 0.0489664 0.0475791 0.0460895 0.0445091 0.04285 0.0411247 0.0393457 0.0375256 0.0356768 0.0338116 0.0319417 0.0300785 0.0282327 0.0264142 0.0246322 0.0228952 0.0212106 0.0195849 0.0180239 0.0165321 0.0151133 0.0137704 0.0125053 0.0113193 0.0102129 0.00918569 0.00823699 0.00736544 0.00656926 0.00584637 0.00519438 0.00461076 0.00409288 0.00363812 0.00324388 0.00290775 0.00262746 0.00240103 0.00222676 0.00210327 0.00202959 
0.00212327 0.00214909 0.00222676 0.0023569 0.00254055 0.00277913 0.0030744 0.00342843 0.00384356 0.0043223 0.00486732 0.00548135 0.0061671 0.00692717 0.00776401 0.00867976 0.00967622 0.0107547 0.0119161 0.0131604 0.0144873 0.0158953 0.0173823 0.0189453 0.0205803 0.0222823 0.0240455 0.0258629 0.0277268 0.0296283 0.0315577 0.0335048 0.0354583 0.0374063 0.0393367 0.0412366 0.0430932 0.0448934 0.046624 0.0482723 0.0498257 0.051272 0.0525999 0.0537988 0.0548588 0.0557711 0.0565283 0.057124 0.0575532 0.0578121 0.0578987 0.0578121 0.0575532 0.057124 0.0565283 0.0557711 0.0548588 0.0537988 0.0525999 0.051272 0.0498257 0.0482723 0.046624 0.0448934 0.0430932 0.0412366 0.0393367 0.0374063 0.0354583 0.0335048 0.0315577 0.0296283 0.0277268 0.0258629 0.0240455 0.0222823 0.0205803 0.0189453 0.0173823 0.0158953 0.0144873 0.0131604 0.0119161 0.0107547 0.00967622 0.00867976 0.00776401 0.00692717 0.0061671 0.00548135 0.00486732 0.0043223 0.00384356 0.00342843 0.0030744 0.00277913 0.00254055 0.0023569 0.00222676 0.00214909 
0.00229008 0.00231776 0.00240103 0.00254055 0.00273741 0.00299309 0.00330946 0.00368869 0.00413322 0.0046457 0.00522893 0.00588574 0.00661898 0.00743136 0.00832538 0.00930328 0.0103669 0.0115175 0.012756 0.0140824 0.015496 0.0169954 0.0185782 0.0202412 0.0219799 0.0237892 0.0256626 0.0275928 0.0295716 0.0315894 0.0336362 0.0357007 0.0377713 0.0398355 0.0418801 0.043892 0.0458572 0.0477622 0.0495931 0.0513364 0.052979 0.054508 0.0559116 0.0571784 0.0582984 0.0592623 0.0600622 0.0606914 0.0611446 0.0614181 0.0615095 0.0614181 0.0611446 0.0606914 0.0600622 0.0592623 0.0582984 0.0571784 0.0559116 0.054508 0.052979 0.0513364 0.0495931 0.0477622 0.0458572 0.043892 0.0418801 0.0398355 0.0377713 0.0357007 0.0336362 0.0315894 0.0295716 0.0275928 0.0256626 0.0237892 0.0219799 0.0202412 0.0185782 0.0169954 0.015496 0.0140824 0.012756 0.0115175 0.0103669 0.00930328 0.00832538 0.00743136 0.00661898 0.00588574 0.00522893 0.0046457 0.00413322 0.00368869 0.00330946 0.00299309 0.00273741 0.00254055 0.00240103 0.00231776 
0.00250684 0.00253693 0.00262746 0.00277913 0.00299309 0.00327094 0.00361463 0.00402648 0.00450909 0.00506525 0.00569793 0.00641011 0.00720479 0.00808481 0.0090528 0.0101111 0.0112614 0.0125053 0.0138434 0.0152757 0.0168014 0.0184188 0.0201253 0.0219172 0.0237898 0.0257373 0.0277529 0.0298286 0.0319553 0.034123 0.0363208 0.0385367 0.0407582 0.0429717 0.0451635 0.0473192 0.0494243 0.0514641 0.0534239 0.0552894 0.0570465 0.0586818 0.0601826 0.0615369 0.062734 0.063764 0.0646187 0.0652909 0.0657751 0.0660673 0.0661649 0.0660673 0.0657751 0.0652909 0.0646187 0.063764 0.062734 0.0615369 0.0601826 0.0586818 0.0570465 0.0552894 0.0534239 0.0514641 0.0494243 0.0473192 0.0451635 0.0429717 0.0407582 0.0385367 0.0363208 0.034123 0.0319553 0.0298286 0.0277529 0.0257373 0.0237898 0.0219172 0.0201253 0.0184188 0.0168014 0.0152757 0.0138434 0.0125053 0.0112614 0.0101111 0.0090528 0.00808481 0.00720479 0.00641011 0.00569793 0.00506525 0.00450909 0.00402648 0.00361463 0.00327094 0.00299309 0.00277913 0.00262746 0.00253693 
0.00277519 0.00280826 0.00290775 0.0030744 0.00330946 0.00361463 0.00399201 0.00444409 0.00497363 0.00558362 0.00627722 0.00705761 0.00792796 0.00889126 0.00995027 0.0111074 0.0123645 0.0137231 0.0151836 0.0167461 0.0184095 0.0201718 0.0220301 0.0239803 0.0260171 0.0281342 0.0303241 0.032578 0.0348861 0.0372375 0.0396203 0.0420215 0.0444275 0.0468239 0.0491956 0.0515273 0.0538034 0.0560079 0.0581253 0.0601401 0.0620373 0.0638024 0.0654218 0.0668829 0.0681741 0.0692849 0.0702065 0.0709312 0.0714532 0.0717681 0.0718733 0.0717681 0.0714532 0.0709312 0.0702065 0.0692849 0.0681741 0.0668829 0.0654218 0.0638024 0.0620373 0.0601401 0.0581253 0.0560079 0.0538034 0.0515273 0.0491956 0.0468239 0.0444275 0.0420215 0.0396203 0.0372375 0.0348861 0.032578 0.0303241 0.0281342 0.0260171 0.0239803 0.0220301 0.0201718 0.0184095 0.0167461 0.0151836 0.0137231 0.0123645 0.0111074 0.00995027 0.00889126 0.00792796 0.00705761 0.00627722 0.00558362 0.00497363 0.00444409 0.00399201 0.00361463 0.00330946 0.0030744 0.00290775 0.00280826 
0.00309707 0.0031337 0.00324388 0.00342843 0.00368869 0.00402648 0.00444409 0.00494417 0.00552972 0.00620394 0.0069702 0.00783192 0.00879246 0.009855 0.0110225 0.0122973 0.0136815 0.0151765 0.0167827 0.0185 0.0203271 0.0222616 0.0243002 0.0264383 0.0286701 0.0309884 0.033385 0.0358502 0.0383733 0.0409423 0.0435441 0.0461647 0.0487891 0.0514018 0.0539864 0.0565262 0.0590043 0.0614036 0.0637071 0.0658982 0.0679607 0.0698791 0.0716386 0.0732257 0.0746279 0.075834 0.0768344 0.0776211 0.0781877 0.0785294 0.0786437 0.0785294 0.0781877 0.0776211 0.0768344 0.075834 0.0746279 0.0732257 0.0716386 0.0698791 0.0679607 0.0658982 0.0637071 0.0614036 0.0590043 0.0565262 0.0539864 0.0514018 0.0487891 0.0461647 0.0435441 0.0409423 0.0383733 0.0358502 0.033385 0.0309884 0.0286701 0.0264383 0.0243002 0.0222616 0.0203271 0.0185 0.0167827 0.0151765 0.0136815 0.0122973 0.0110225 0.009855 0.00879246 0.00783192 0.0069702 0.00620394 0.00552972 0.00494417 0.00444409 0.00402648 0.00368869 0.00342843 0.00324388 0.0031337 
0.00347465 0.00351544 0.00363812 0.00384356 0.00413322 0.00450909 0.00497363 0.00552972 0.00618058 0.00692968 0.00778064 0.00873713 0.00980272 0.0109808 0.0122745 0.0136863 0.0152184 0.0168719 0.0186475 0.0205446 0.0225616 0.024696 0.0269438 0.0292999 0.0317576 0.034309 0.036945 0.0396549 0.0424267 0.0452473 0.0481024 0.0509765 0.0538533 0.0567158 0.0595461 0.062326 0.0650372 0.067661 0.0701791 0.0725735 0.0748265 0.0769213 0.0788422 0.0805744 0.0821044 0.0834202 0.0845115 0.0853694 0.0859872 0.0863599 0.0864845 0.0863599 0.0859872 0.0853694 0.0845115 0.0834202 0.0821044 0.0805744 0.0788422 0.0769213 0.0748265 0.0725735 0.0701791 0.067661 0.0650372 0.062326 0.0595461 0.0567158 0.0538533 0.0509765 0.0481024 0.0452473 0.0424267 0.0396549 0.036945 0.034309 0.0317576 0.0292999 0.0269438 0.024696 0.0225616 0.0205446 0.0186475 0.0168719 0.0152184 0.0136863 0.0122745 0.0109808 0.00980272 0.00873713 0.00778064 0.00692968 0.00618058 0.00552972 0.00497363 0.00450909 0.00413322 0.00384356 0.00363812 0.00351544 
0.00391032 0.00395588 0.00409288 0.0043223 0.0046457 0.00506525 0.00558362 0.00620394 0.00692968 0.0077646 0.0087126 0.00977761 0.0109635 0.0122738 0.0137119 0.0152803 0.0169813 0.018816 0.0207849 0.0228872 0.0251211 0.0274833 0.0299695 0.0325738 0.0352887 0.0381055 0.0410138 0.0440018 0.0470563 0.0501627 0.0533053 0.0564671 0.0596302 0.0627758 0.0658846 0.0689366 0.0719117 0.0747898 0.0775507 0.080175 0.0826434 0.0849378 0.0870411 0.0889372 0.0906117 0.0920514 0.0932452 0.0941836 0.0948594 0.0952669 0.0954032 0.0952669 0.0948594 0.0941836 0.0932452 0.0920514 0.0906117 0.0889372 0.0870411 0.0849378 0.0826434 0.080175 0.0775507 0.0747898 0.0719117 0.0689366 0.0658846 0.0627758 0.0596302 0.0564671 0.0533053 0.0501627 0.0470563 0.0440018 0.0410138 0.0381055 0.0352887 0.0325738 0.0299695 0.0274833 0.0251211 0.0228872 0.0207849 0.018816 0.0169813 0.0152803 0.0137119 0.0122738 0.0109635 0.00977761 0.0087126 0.0077646 0.00692968 0.00620394 0.00558362 0.00506525 0.0046457 0.0043223 0.00409288 0.00395588 
0.00440656 0.00445752 0.00461076 0.00486732 0.00522893 0.00569793 0.00627722 0.0069702 0.00778064 0.0087126 0.00977028 0.0109579 0.0122796 0.0137392 0.0153402 0.0170853 0.0189767 0.0210156 0.0232022 0.0255355 0.0280132 0.0306317 0.0333858 0.0362689 0.0392726 0.0423871 0.0456007 0.0489004 0.0522715 0.055698 0.0591624 0.062646 0.0661291 0.0695912 0.073011 0.0763667 0.0796364 0.0827981 0.0858298 0.0887103 0.0914188 0.0939355 0.0962419 0.0983206 0.100156 0.101733 0.103041 0.104069 0.104809 0.105256 0.105405 0.105256 0.104809 0.104069 0.103041 0.101733 0.100156 0.0983206 0.0962419 0.0939355 0.0914188 0.0887103 0.0858298 0.0827981 0.0796364 0.0763667 0.073011 0.0695912 0.0661291 0.062646 0.0591624 0.055698 0.0522715 0.0489004 0.0456007 0.0423871 0.0392726 0.0362689 0.0333858 0.0306317 0.0280132 0.0255355 0.0232022 0.0210156 0.0189767 0.0170853 0.0153402 0.0137392 0.0122796 0.0109579 0.00977028 0.0087126 0.00778064 0.0069702 0.00627722 0.00569793 0.00522893 0.00486732 0.00461076 0.00445752 
0.00496594 0.00502296 0.00519438 0.00548135 0.00588574 0.00641011 0.00705761 0.00783192 0.00873713 0.00977761 0.0109579 0.0122826 0.013756 0.0153823 0.0171651 0.0191072 0.0212109 0.0234773 0.0259063 0.0284967 0.0312456 0.034149 0.0372008 0.0403934 0.0437176 0.0471622 0.0507143 0.0543594 0.0580811 0.0618617 0.0656819 0.0695212 0.0733579 0.0771695 0.0809325 0.0846233 0.0882178 0.0916919 0.095022 0.0981846 0.101157 0.103919 0.106449 0.108728 0.11074 0.112469 0.113902 0.115029 0.11584 0.116329 0.116492 0.116329 0.11584 0.115029 0.113902 0.112469 0.11074 0.108728 0.106449 0.103919 0.101157 0.0981846 0.095022 0.0916919 0.0882178 0.0846233 0.0809325 0.0771695 0.0733579 0.0695212 0.0656819 0.0618617 0.0580811 0.0543594 0.0507143 0.0471622 0.0437176 0.0403934 0.0372008 0.034149 0.0312456 0.0284967 0.0259063 0.0234773 0.0212109 0.0191072 0.0171651 0.0153823 0.013756 0.0122826 0.0109579 0.00977761 0.00873713 0.00783192 0.00705761 0.00641011 0.00588574 0.00548135 0.00519438 0.00502296 
0.00559103 0.00565476 0.00584637 0.0061671 0.00661898 0.00720479 0.00792796 0.00879246 0.00980272 0.0109635 0.0122796 0.013756 0.0153974 0.0172081 0.0191918 0.0213517 0.0236898 0.0262073 0.0289037 0.0317775 0.0348253 0.0380423 0.0414216 0.0449548 0.0486311 0.0524383 0.056362 0.0603858 0.0644919 0.0686605 0.0728704 0.077099 0.0813224 0.0855159 0.089654 0.0937106 0.0976595 0.101475 0.10513 0.1086 0.111861 0.114889 0.117662 0.120159 0.122364 0.124258 0.125827 0.127061 0.127949 0.128484 0.128663 0.128484 0.127949 0.127061 0.125827 0.124258 0.122364 0.120159 0.117662 0.114889 0.111861 0.1086 0.10513 0.101475 0.0976595 0.0937106 0.089654 0.0855159 0.0813224 0.077099 0.0728704 0.0686605 0.0644919 0.0603858 0.056362 0.0524383 0.0486311 0.0449548 0.0414216 0.0380423 0.0348253 0.0317775 0.0289037 0.0262073 0.0236898 0.0213517 0.0191918 0.0172081 0.0153974 0.013756 0.0122796 0.0109635 0.00980272 0.00879246 0.00792796 0.00720479 0.00661898 0.0061671 0.00584637 0.00565476 
0.00628429 0.00635542 0.00656926 0.00692717 0.00743136 0.00808481 0.00889126 0.009855 0.0109808 0.0122738 0.0137392 0.0153823 0.0172081 0.0192211 0.0214253 0.0238238 0.0264187 0.029211 0.0322 0.0353837 0.0387581 0.0423175 0.0460543 0.0499588 0.054019 0.0582211 0.0625491 0.066985 0.0715089 0.0760989 0.0807318 0.0853826 0.0900253 0.0946327 0.0991769 0.103629 0.107962 0.112145 0.116152 0.119955 0.123526 0.126841 0.129877 0.13261 0.135022 0.137093 0.13881 0.140159 0.14113 0.141715 0.141911 0.141715 0.14113 0.140159 0.13881 0.137093 0.135022 0.13261 0.129877 0.126841 0.123526 0.119955 0.116152 0.112145 0.107962 0.103629 0.0991769 0.0946327 0.0900253 0.0853826 0.0807318 0.0760989 0.0715089 0.066985 0.0625491 0.0582211 0.054019 0.0499588 0.0460543 0.0423175 0.0387581 0.0353837 0.0322 0.029211 0.0264187 0.0238238 0.0214253 0.0192211 0.0172081 0.0153823 0.0137392 0.0122738 0.0109808 0.009855 0.00889126 0.00808481 0.00743136 0.00692717 0.00656926 0.00635542 
0.00704804 0.00712727 0.00736544 0.00776401 0.00832538 0.0090528 0.00995027 0.0110225 0.0122745 0.0137119 0.0153402 0.0171651 0.0191918 0.0214253 0.0238695 0.0265277 0.029402 0.032493 0.0357999 0.0393199 0.0430485 0.0469792 0.0511033 0.0554096 0.059885 0.064514 0.0692788 0.0741595 0.079134 0.0841784 0.0892669 0.0943724 0.0994661 0.104518 0.109499 0.114377 0.119121 0.123699 0.128083 0.132241 0.136146 0.139769 0.143085 0.14607 0.148703 0.150965 0.152839 0.154311 0.15537 0.156009 0.156222 0.156009 0.15537 0.154311 0.152839 0.150965 0.148703 0.14607 0.143085 0.139769 0.136146 0.132241 0.128083 0.123699 0.119121 0.114377 0.109499 0.104518 0.0994661 0.0943724 0.0892669 0.0841784 0.079134 0.0741595 0.0692788 0.064514 0.059885 0.0554096 0.0511033 0.0469792 0.0430485 0.0393199 0.0357999 0.032493 0.029402 0.0265277 0.0238695 0.0214253 0.0191918 0.0171651 0.0153402 0.0137119 0.0122745 0.0110225 0.00995027 0.0090528 0.00832538 0.00776401 0.00736544 0.00712727 
0.00788435 0.00797238 0.00823699 0.00867976 0.00930328 0.0101111 0.0111074 0.0122973 0.0136863 0.0152803 0.0170853 0.0191072 0.0213517 0.0238238 0.0265277 0.0294668 0.0326429 0.0360565 0.0397063 0.043589 0.0476994 0.0520299 0.0565705 0.061309 0.0662306 0.0713179 0.0765514 0.0819089 0.0873661 0.0928969 0.0984728 0.104064 0.10964 0.115167 0.120613 0.125944 0.131126 0.136126 0.140911 0.145447 0.149706 0.153656 0.15727 0.160523 0.163392 0.165855 0.167895 0.169498 0.170651 0.171346 0.171578 0.171346 0.170651 0.169498 0.167895 0.165855 0.163392 0.160523 0.15727 0.153656 0.149706 0.145447 0.140911 0.136126 0.131126 0.125944 0.120613 0.115167 0.10964 0.104064 0.0984728 0.0928969 0.0873661 0.0819089 0.0765514 0.0713179 0.0662306 0.061309 0.0565705 0.0520299 0.0476994 0.043589 0.0397063 0.0360565 0.0326429 0.0294668 0.0265277 0.0238238 0.0213517 0.0191072 0.0170853 0.0152803 0.0136863 0.0122973 0.0111074 0.0101111 0.00930328 0.00867976 0.00823699 0.00797238 
0.00879496 0.0088925 0.00918569 0.00967622 0.0103669 0.0112614 0.0123645 0.0136815 0.0152184 0.0169813 0.0189767 0.0212109 0.0236898 0.0264187 0.029402 0.0326429 0.0361432 0.0399031 0.0439207 0.0481922 0.0527114 0.0574697 0.0624559 0.0676563 0.0730542 0.0786305 0.0843636 0.090229 0.0962002 0.102248 0.108342 0.11445 0.120537 0.126568 0.132507 0.138318 0.143964 0.149409 0.154618 0.159554 0.164186 0.168481 0.17241 0.175945 0.179062 0.181737 0.183953 0.185693 0.186945 0.1877 0.187952 0.1877 0.186945 0.185693 0.183953 0.181737 0.179062 0.175945 0.17241 0.168481 0.164186 0.159554 0.154618 0.149409 0.143964 0.138318 0.132507 0.126568 0.120537 0.11445 0.108342 0.102248 0.0962002 0.090229 0.0843636 0.0786305 0.0730542 0.0676563 0.0624559 0.0574697 0.0527114 0.0481922 0.0439207 0.0399031 0.0361432 0.0326429 0.029402 0.0264187 0.0236898 0.0212109 0.0189767 0.0169813 0.0152184 0.0136815 0.0123645 0.0112614 0.0103669 0.00967622 0.00918569 0.0088925 
0.0097812 0.00988896 0.0102129 0.0107547 0.0115175 0.0125053 0.0137231 0.0151765 0.0168719 0.018816 0.0210156 0.0234773 0.0262073 0.029211 0.032493 0.0360565 0.0399031 0.0440325 0.0484424 0.0531282 0.0580828 0.0632964 0.0687564 0.0744473 0.0803509 0.0864459 0.0927085 0.0991118 0.105627 0.112222 0.118863 0.125515 0.132142 0.138704 0.145163 0.151479 0.157613 0.163526 0.169179 0.174536 0.17956 0.184217 0.188476 0.192306 0.195682 0.19858 0.20098 0.202864 0.204219 0.205036 0.205309 0.205036 0.204219 0.202864 0.20098 0.19858 0.195682 0.192306 0.188476 0.184217 0.17956 0.174536 0.169179 0.163526 0.157613 0.151479 0.145163 0.138704 0.132142 0.125515 0.118863 0.112222 0.105627 0.0991118 0.0927085 0.0864459 0.0803509 0.0744473 0.0687564 0.0632964 0.0580828 0.0531282 0.0484424 0.0440325 0.0399031 0.0360565 0.032493 0.029211 0.0262073 0.0234773 0.0210156 0.018816 0.0168719 0.0151765 0.0137231 0.0125053 0.0115175 0.0107547 0.0102129 0.00988896 
0.0108439 0.0109626 0.0113193 0.0119161 0.012756 0.0138434 0.0151836 0.0167827 0.0186475 0.0207849 0.0232022 0.0259063 0.0289037 0.0322 0.0357999 0.0397063 0.0439207 0.0484424 0.0532685 0.0583935 0.0638092 0.0695045 0.0754655 0.0816748 0.0881122 0.0947544 0.101575 0.108545 0.115632 0.122802 0.130018 0.137242 0.144434 0.151553 0.158555 0.1654 0.172045 0.178447 0.184565 0.190359 0.195792 0.200826 0.205428 0.209567 0.213213 0.216342 0.218933 0.220967 0.22243 0.223311 0.223606 0.223311 0.22243 0.220967 0.218933 0.216342 0.213213 0.209567 0.205428 0.200826 0.195792 0.190359 0.184565 0.178447 0.172045 0.1654 0.158555 0.151553 0.144434 0.137242 0.130018 0.122802 0.115632 0.108545 0.101575 0.0947544 0.0881122 0.0816748 0.0754655 0.0695045 0.0638092 0.0583935 0.0532685 0.0484424 0.0439207 0.0397063 0.0357999 0.0322 0.0289037 0.0259063 0.0232022 0.0207849 0.0186475 0.0167827 0.0151836 0.0138434 0.012756 0.0119161 0.0113193 0.0109626 
0.0119833 0.0121136 0.0125053 0.0131604 0.0140824 0.0152757 0.0167461 0.0185 0.0205446 0.0228872 0.0255355 0.0284967 0.0317775 0.0353837 0.0393199 0.043589 0.0481922 0.0531282 0.0583935 0.0639816 0.0698831 0.0760857 0.0825735 0.0893276 0.0963256 0.103542 0.110947 0.118511 0.126196 0.133967 0.141784 0.149605 0.157387 0.165085 0.172654 0.180049 0.187224 0.194134 0.200734 0.206983 0.21284 0.218265 0.223222 0.227679 0.231605 0.234974 0.237762 0.23995 0.241524 0.242473 0.24279 0.242473 0.241524 0.23995 0.237762 0.234974 0.231605 0.227679 0.223222 0.218265 0.21284 0.206983 0.200734 0.194134 0.187224 0.180049 0.172654 0.165085 0.157387 0.149605 0.141784 0.133967 0.126196 0.118511 0.110947 0.103542 0.0963256 0.0893276 0.0825735 0.0760857 0.0698831 0.0639816 0.0583935 0.0531282 0.0481922 0.043589 0.0393199 0.0353837 0.0317775 0.0284967 0.0255355 0.0228872 0.0205446 0.0185 0.0167461 0.0152757 0.0140824 0.0131604 0.0125053 0.0121136 
0.0131991 0.0133417 0.0137704 0.0144873 0.015496 0.0168014 0.0184095 0.0203271 0.0225616 0.0251211 0.0280132 0.0312456 0.0348253 0.0387581 0.0430485 0.0476994 0.0527114 0.0580828 0.0638092 0.0698831 0.0762939 0.0830277 0.090067 0.0973908 0.104974 0.11279 0.120805 0.128987 0.137296 0.145692 0.154133 0.162574 0.170967 0.179266 0.187422 0.195386 0.203109 0.210543 0.217642 0.224359 0.230653 0.23648 0.241804 0.246589 0.250802 0.254417 0.257408 0.259755 0.261443 0.262461 0.262801 0.262461 0.261443 0.259755 0.257408 0.254417 0.250802 0.246589 0.241804 0.23648 0.230653 0.224359 0.217642 0.210543 0.203109 0.195386 0.187422 0.179266 0.170967 0.162574 0.154133 0.145692 0.137296 0.128987 0.120805 0.11279 0.104974 0.0973908 0.090067 0.0830277 0.0762939 0.0698831 0.0638092 0.0580828 0.0527114 0.0476994 0.0430485 0.0387581 0.0348253 0.0312456 0.0280132 0.0251211 0.0225616 0.0203271 0.0184095 0.0168014 0.015496 0.0144873 0.0137704 0.0133417 
0.0144901 0.0146457 0.0151133 0.0158953 0.0169954 0.0184188 0.0201718 0.0222616 0.024696 0.0274833 0.0306317 0.034149 0.0380423 0.0423175 0.0469792 0.0520299 0.0574697 0.0632964 0.0695045 0.0760857 0.0830277 0.0903152 0.0979287 0.105845 0.114037 0.122475 0.131124 0.139945 0.1489 0.157943 0.167029 0.17611 0.185135 0.194053 0.202813 0.211362 0.219649 0.227622 0.235232 0.242431 0.249172 0.255412 0.26111 0.26623 0.270738 0.274604 0.277803 0.280313 0.282117 0.283205 0.283569 0.283205 0.282117 0.280313 0.277803 0.274604 0.270738 0.26623 0.26111 0.255412 0.249172 0.242431 0.235232 0.227622 0.219649 0.211362 0.202813 0.194053 0.185135 0.17611 0.167029 0.157943 0.1489 0.139945 0.131124 0.122475 0.114037 0.105845 0.0979287 0.0903152 0.0830277 0.0760857 0.0695045 0.0632964 0.0574697 0.0520299 0.0469792 0.0423175 0.0380423 0.034149 0.0306317 0.0274833 0.024696 0.0222616 0.0201718 0.0184188 0.0169954 0.0158953 0.0151133 0.0146457 
0.0158544 0.0160236 0.0165321 0.0173823 0.0185782 0.0201253 0.0220301 0.0243002 0.0269438 0.0299695 0.0333858 0.0372008 0.0414216 0.0460543 0.0511033 0.0565705 0.0624559 0.0687564 0.0754655 0.0825735 0.090067 0.0979287 0.106137 0.114667 0.123489 0.132569 0.141871 0.151354 0.160974 0.170683 0.180432 0.19017 0.199843 0.209397 0.218775 0.227924 0.236787 0.245312 0.253444 0.261133 0.26833 0.274991 0.281071 0.286532 0.291339 0.295461 0.29887 0.301545 0.303469 0.304628 0.305015 0.304628 0.303469 0.301545 0.29887 0.295461 0.291339 0.286532 0.281071 0.274991 0.26833 0.261133 0.253444 0.245312 0.236787 0.227924 0.218775 0.209397 0.199843 0.19017 0.180432 0.170683 0.160974 0.151354 0.141871 0.132569 0.123489 0.114667 0.106137 0.0979287 0.090067 0.0825735 0.0754655 0.0687564 0.0624559 0.0565705 0.0511033 0.0460543 0.0414216 0.0372008 0.0333858 0.0299695 0.0269438 0.0243002 0.0220301 0.0201253 0.0185782 0.0173823 0.0165321 0.0160236 
0.0172894 0.0174728 0.0180239 0.0189453 0.0202412 0.0219172 0.0239803 0.0264383 0.0292999 0.0325738 0.0362689 0.0403934 0.0449548 0.0499588 0.0554096 0.061309 0.0676563 0.0744473 0.0816748 0.0893276 0.0973908 0.105845 0.114667 0.123829 0.133299 0.14304 0.153014 0.163175 0.173476 0.183867 0.194295 0.204705 0.21504 0.225242 0.235251 0.24501 0.25446 0.263544 0.272207 0.280394 0.288054 0.29514 0.301607 0.307414 0.312524 0.316904 0.320526 0.323368 0.325411 0.326642 0.327053 0.326642 0.325411 0.323368 0.320526 0.316904 0.312524 0.307414 0.301607 0.29514 0.288054 0.280394 0.272207 0.263544 0.25446 0.24501 0.235251 0.225242 0.21504 0.204705 0.194295 0.183867 0.173476 0.163175 0.153014 0.14304 0.133299 0.123829 0.114667 0.105845 0.0973908 0.0893276 0.0816748 0.0744473 0.0676563 0.061309 0.0554096 0.0499588 0.0449548 0.0403934 0.0362689 0.0325738 0.0292999 0.0264383 0.0239803 0.0219172 0.0202412 0.0189453 0.0180239 0.0174728 
0.0187914 0.0189896 0.0195849 0.0205803 0.0219799 0.0237898 0.0260171 0.0286701 0.0317576 0.0352887 0.0392726 0.0437176 0.0486311 0.054019 0.059885 0.0662306 0.0730542 0.0803509 0.0881122 0.0963256 0.104974 0.114037 0.123489 0.133299 0.143432 0.15385 0.16451 0.175363 0.18636 0.197447 0.208566 0.219659 0.230667 0.241526 0.252175 0.262553 0.272597 0.282247 0.291445 0.300135 0.308262 0.315778 0.322634 0.328788 0.334202 0.338842 0.342679 0.345688 0.347852 0.349155 0.34959 0.349155 0.347852 0.345688 0.342679 0.338842 0.334202 0.328788 0.322634 0.315778 0.308262 0.300135 0.291445 0.282247 0.272597 0.262553 0.252175 0.241526 0.230667 0.219659 0.208566 0.197447 0.18636 0.175363 0.16451 0.15385 0.143432 0.133299 0.123489 0.114037 0.104974 0.0963256 0.0881122 0.0803509 0.0730542 0.0662306 0.059885 0.054019 0.0486311 0.0437176 0.0392726 0.0352887 0.0317576 0.0286701 0.0260171 0.0237898 0.0219799 0.0205803 0.0195849 0.0189896 
0.020356 0.0205694 0.0212106 0.0222823 0.0237892 0.0257373 0.0281342 0.0309884 0.034309 0.0381055 0.0423871 0.0471622 0.0524383 0.0582211 0.064514 0.0713179 0.0786305 0.0864459 0.0947544 0.103542 0.11279 0.122475 0.132569 0.14304 0.15385 0.164957 0.176315 0.187872 0.199575 0.211366 0.223186 0.234971 0.246658 0.258182 0.269477 0.280477 0.291119 0.301339 0.311076 0.32027 0.328866 0.336812 0.344058 0.350561 0.35628 0.361179 0.36523 0.368407 0.37069 0.372066 0.372525 0.372066 0.37069 0.368407 0.36523 0.361179 0.35628 0.350561 0.344058 0.336812 0.328866 0.32027 0.311076 0.301339 0.291119 0.280477 0.269477 0.258182 0.246658 0.234971 0.223186 0.211366 0.199575 0.187872 0.176315 0.164957 0.15385 0.14304 0.132569 0.122475 0.11279 0.103542 0.0947544 0.0864459 0.0786305 0.0713179 0.064514 0.0582211 0.0524383 0.0471622 0.0423871 0.0381055 0.034309 0.0309884 0.0281342 0.0257373 0.0237892 0.0222823 0.0212106 0.0205694 
0.0219779 0.022207 0.0228952 0.0240455 0.0256626 0.0277529 0.0303241 0.033385 0.036945 0.0410138 0.0456007 0.0507143 0.056362 0.0625491 0.0692788 0.0765514 0.0843636 0.0927085 0.101575 0.110947 0.120805 0.131124 0.141871 0.153014 0.16451 0.176315 0.188378 0.200647 0.213064 0.225566 0.238092 0.250574 0.262945 0.275136 0.287079 0.298704 0.309945 0.320735 0.33101 0.340708 0.349772 0.358147 0.365782 0.372631 0.378653 0.383812 0.388076 0.391419 0.393821 0.395268 0.395752 0.395268 0.393821 0.391419 0.388076 0.383812 0.378653 0.372631 0.365782 0.358147 0.349772 0.340708 0.33101 0.320735 0.309945 0.298704 0.287079 0.275136 0.262945 0.250574 0.238092 0.225566 0.213064 0.200647 0.188378 0.176315 0.16451 0.153014 0.141871 0.131124 0.120805 0.110947 0.101575 0.0927085 0.0843636 0.0765514 0.0692788 0.0625491 0.056362 0.0507143 0.0456007 0.0410138 0.036945 0.033385 0.0303241 0.0277529 0.0256626 0.0240455 0.0228952 0.022207 
0.0236507 0.0238958 0.0246322 0.0258629 0.0275928 0.0298286 0.032578 0.0358502 0.0396549 0.0440018 0.0489004 0.0543594 0.0603858 0.066985 0.0741595 0.0819089 0.090229 0.0991118 0.108545 0.118511 0.128987 0.139945 0.151354 0.163175 0.175363 0.187872 0.200647 0.213632 0.226766 0.239983 0.253216 0.266396 0.279451 0.29231 0.3049 0.317149 0.328987 0.340344 0.351154 0.361354 0.370882 0.379682 0.387703 0.394895 0.401218 0.406632 0.411106 0.414613 0.417134 0.418652 0.419159 0.418652 0.417134 0.414613 0.411106 0.406632 0.401218 0.394895 0.387703 0.379682 0.370882 0.361354 0.351154 0.340344 0.328987 0.317149 0.3049 0.29231 0.279451 0.266396 0.253216 0.239983 0.226766 0.213632 0.200647 0.187872 0.175363 0.163175 0.151354 0.139945 0.128987 0.118511 0.108545 0.0991118 0.090229 0.0819089 0.0741595 0.066985 0.0603858 0.0543594 0.0489004 0.0440018 0.0396549 0.0358502 0.032578 0.0298286 0.0275928 0.0258629 0.0246322 0.0238958 
0.0253672 0.0256287 0.0264142 0.0277268 0.0295716 0.0319553 0.0348861 0.0383733 0.0424267 0.0470563 0.0522715 0.0580811 0.0644919 0.0715089 0.079134 0.0873661 0.0962002 0.105627 0.115632 0.126196 0.137296 0.1489 0.160974 0.173476 0.18636 0.199575 0.213064 0.226766 0.240616 0.254547 0.268487 0.282362 0.296099 0.309622 0.322854 0.335722 0.348152 0.360071 0.371411 0.382106 0.392093 0.401313 0.409713 0.417244 0.423861 0.429527 0.434208 0.437878 0.440514 0.442102 0.442632 0.442102 0.440514 0.437878 0.434208 0.429527 0.423861 0.417244 0.409713 0.401313 0.392093 0.382106 0.371411 0.360071 0.348152 0.335722 0.322854 0.309622 0.296099 0.282362 0.268487 0.254547 0.240616 0.226766 0.213064 0.199575 0.18636 0.173476 0.160974 0.1489 0.137296 0.126196 0.115632 0.105627 0.0962002 0.0873661 0.079134 0.0715089 0.0644919 0.0580811 0.0522715 0.0470563 0.0424267 0.0383733 0.0348861 0.0319553 0.0295716 0.0277268 0.0264142 0.0256287 
0.0271194 0.0273974 0.0282327 0.0296283 0.0315894 0.034123 0.0372375 0.0409423 0.0452473 0.0501627 0.055698 0.0618617 0.0686605 0.0760989 0.0841784 0.0928969 0.102248 0.112222 0.122802 0.133967 0.145692 0.157943 0.170683 0.183867 0.197447 0.211366 0.225566 0.239983 0.254547 0.269187 0.283828 0.298394 0.312806 0.326985 0.340853 0.354332 0.367345 0.379818 0.39168 0.402861 0.413298 0.422931 0.431703 0.439565 0.446472 0.452384 0.457268 0.461095 0.463844 0.4655 0.466053 0.4655 0.463844 0.461095 0.457268 0.452384 0.446472 0.439565 0.431703 0.422931 0.413298 0.402861 0.39168 0.379818 0.367345 0.354332 0.340853 0.326985 0.312806 0.298394 0.283828 0.269187 0.254547 0.239983 0.225566 0.211366 0.197447 0.183867 0.170683 0.157943 0.145692 0.133967 0.122802 0.112222 0.102248 0.0928969 0.0841784 0.0760989 0.0686605 0.0618617 0.055698 0.0501627 0.0452473 0.0409423 0.0372375 0.034123 0.0315894 0.0296283 0.0282327 0.0273974 
0.0288984 0.0291932 0.0300785 0.0315577 0.0336362 0.0363208 0.0396203 0.0435441 0.0481024 0.0533053 0.0591624 0.0656819 0.0728704 0.0807318 0.0892669 0.0984728 0.108342 0.118863 0.130018 0.141784 0.154133 0.167029 0.180432 0.194295 0.208566 0.223186 0.238092 0.253216 0.268487 0.283828 0.299162 0.314409 0.329486 0.344312 0.358805 0.372884 0.38647 0.399485 0.411857 0.423514 0.434391 0.444426 0.453562 0.461747 0.468935 0.475087 0.480167 0.484148 0.487007 0.488729 0.489304 0.488729 0.487007 0.484148 0.480167 0.475087 0.468935 0.461747 0.453562 0.444426 0.434391 0.423514 0.411857 0.399485 0.38647 0.372884 0.358805 0.344312 0.329486 0.314409 0.299162 0.283828 0.268487 0.253216 0.238092 0.223186 0.208566 0.194295 0.180432 0.167029 0.154133 0.141784 0.130018 0.118863 0.108342 0.0984728 0.0892669 0.0807318 0.0728704 0.0656819 0.0591624 0.0533053 0.0481024 0.0435441 0.0396203 0.0363208 0.0336362 0.0315577 0.0300785 0.0291932 
0.0306946 0.0310061 0.0319417 0.0335048 0.0357007 0.0385367 0.0420215 0.0461647 0.0509765 0.0564671 0.062646 0.0695212 0.077099 0.0853826 0.0943724 0.104064 0.11445 0.125515 0.137242 0.149605 0.162574 0.17611 0.19017 0.204705 0.219659 0.234971 0.250574 0.266396 0.282362 0.298394 0.314409 0.330323 0.346053 0.361512 0.376616 0.391281 0.405426 0.41897 0.431838 0.443959 0.455263 0.465688 0.475176 0.483674 0.491135 0.497518 0.502789 0.506918 0.509884 0.511669 0.512266 0.511669 0.509884 0.506918 0.502789 0.497518 0.491135 0.483674 0.475176 0.465688 0.455263 0.443959 0.431838 0.41897 0.405426 0.391281 0.376616 0.361512 0.346053 0.330323 0.314409 0.298394 0.282362 0.266396 0.250574 0.234971 0.219659 0.204705 0.19017 0.17611 0.162574 0.149605 0.137242 0.125515 0.11445 0.104064 0.0943724 0.0853826 0.077099 0.0695212 0.062646 0.0564671 0.0509765 0.0461647 0.0420215 0.0385367 0.0357007 0.0335048 0.0319417 0.0310061 
0.0324977 0.0328259 0.0338116 0.0354583 0.0377713 0.0407582 0.0444275 0.0487891 0.0538533 0.0596302 0.0661291 0.0733579 0.0813224 0.0900253 0.0994661 0.10964 0.120537 0.132142 0.144434 0.157387 0.170967 0.185135 0.199843 0.21504 0.230667 0.246658 0.262945 0.279451 0.296099 0.312806 0.329486 0.346053 0.362418 0.378494 0.394192 0.409427 0.424114 0.438171 0.45152 0.464088 0.475805 0.486607 0.496434 0.505234 0.512957 0.519563 0.525017 0.529289 0.532356 0.534203 0.53482 0.534203 0.532356 0.529289 0.525017 0.519563 0.512957 0.505234 0.496434 0.486607 0.475805 0.464088 0.45152 0.438171 0.424114 0.409427 0.394192 0.378494 0.362418 0.346053 0.329486 0.312806 0.296099 0.279451 0.262945 0.246658 0.230667 0.21504 0.199843 0.185135 0.170967 0.157387 0.144434 0.132142 0.120537 0.10964 0.0994661 0.0900253 0.0813224 0.0733579 0.0661291 0.0596302 0.0538533 0.0487891 0.0444275 0.0407582 0.0377713 0.0354583 0.0338116 0.0328259 
0.0342967 0.0346414 0.0356768 0.0374063 0.0398355 0.0429717 0.0468239 0.0514018 0.0567158 0.0627758 0.0695912 0.0771695 0.0855159 0.0946327 0.104518 0.115167 0.126568 0.138704 0.151553 0.165085 0.179266 0.194053 0.209397 0.225242 0.241526 0.258182 0.275136 0.29231 0.309622 0.326985 0.344312 0.361512 0.378494 0.395167 0.41144 0.427225 0.442435 0.456986 0.470798 0.483797 0.495911 0.507074 0.517227 0.526314 0.534289 0.541108 0.546737 0.551145 0.55431 0.556216 0.556852 0.556216 0.55431 0.551145 0.546737 0.541108 0.534289 0.526314 0.517227 0.507074 0.495911 0.483797 0.470798 0.456986 0.442435 0.427225 0.41144 0.395167 0.378494 0.361512 0.344312 0.326985 0.309622 0.29231 0.275136 0.258182 0.241526 0.225242 0.209397 0.194053 0.179266 0.165085 0.151553 0.138704 0.126568 0.115167 0.104518 0.0946327 0.0855159 0.0771695 0.0695912 0.0627758 0.0567158 0.0514018 0.0468239 0.0429717 0.0398355 0.0374063 0.0356768 0.0346414 
0.0360802 0.0364413 0.0375256 0.0393367 0.0418801 0.0451635 0.0491956 0.0539864 0.0595461 0.0658846 0.073011 0.0809325 0.089654 0.0991769 0.109499 0.120613 0.132507 0.145163 0.158555 0.172654 0.187422 0.202813 0.218775 0.235251 0.252175 0.269477 0.287079 0.3049 0.322854 0.340853 0.358805 0.376616 0.394192 0.41144 0.428266 0.444579 0.460291 0.475315 0.489571 0.502981 0.515474 0.526982 0.537445 0.546807 0.555021 0.562043 0.567837 0.572375 0.575632 0.577593 0.578248 0.577593 0.575632 0.572375 0.567837 0.562043 0.555021 0.546807 0.537445 0.526982 0.515474 0.502981 0.489571 0.475315 0.460291 0.444579 0.428266 0.41144 0.394192 0.376616 0.358805 0.340853 0.322854 0.3049 0.287079 0.269477 0.252175 0.235251 0.218775 0.202813 0.187422 0.172654 0.158555 0.145163 0.132507 0.120613 0.109499 0.0991769 0.089654 0.0809325 0.073011 0.0658846 0.0595461 0.0539864 0.0491956 0.0451635 0.0418801 0.0393367 0.0375256 0.0364413 
0.0378365 0.0382135 0.0393457 0.0412366 0.043892 0.0473192 0.0515273 0.0565262 0.062326 0.0689366 0.0763667 0.0846233 0.0937106 0.103629 0.114377 0.125944 0.138318 0.151479 0.1654 0.180049 0.195386 0.211362 0.227924 0.24501 0.262553 0.280477 0.298704 0.317149 0.335722 0.354332 0.372884 0.391281 0.409427 0.427225 0.444579 0.461397 0.477587 0.493062 0.507739 0.52154 0.534392 0.546227 0.556984 0.566607 0.575046 0.582259 0.588211 0.59287 0.596215 0.598229 0.598901 0.598229 0.596215 0.59287 0.588211 0.582259 0.575046 0.566607 0.556984 0.546227 0.534392 0.52154 0.507739 0.493062 0.477587 0.461397 0.444579 0.427225 0.409427 0.391281 0.372884 0.354332 0.335722 0.317149 0.298704 0.280477 0.262553 0.24501 0.227924 0.211362 0.195386 0.180049 0.1654 0.151479 0.138318 0.125944 0.114377 0.103629 0.0937106 0.0846233 0.0763667 0.0689366 0.062326 0.0565262 0.0515273 0.0473192 0.043892 0.0412366 0.0393457 0.0382135 
0.0395535 0.039946 0.0411247 0.0430932 0.0458572 0.0494243 0.0538034 0.0590043 0.0650372 0.0719117 0.0796364 0.0882178 0.0976595 0.107962 0.119121 0.131126 0.143964 0.157613 0.172045 0.187224 0.203109 0.219649 0.236787 0.25446 0.272597 0.291119 0.309945 0.328987 0.348152 0.367345 0.38647 0.405426 0.424114 0.442435 0.460291 0.477587 0.49423 0.510132 0.525207 0.539378 0.552569 0.564712 0.575744 0.585612 0.594263 0.601656 0.607755 0.612529 0.615955 0.618018 0.618706 0.618018 0.615955 0.612529 0.607755 0.601656 0.594263 0.585612 0.575744 0.564712 0.552569 0.539378 0.525207 0.510132 0.49423 0.477587 0.460291 0.442435 0.424114 0.405426 0.38647 0.367345 0.348152 0.328987 0.309945 0.291119 0.272597 0.25446 0.236787 0.219649 0.203109 0.187224 0.172045 0.157613 0.143964 0.131126 0.119121 0.107962 0.0976595 0.0882178 0.0796364 0.0719117 0.0650372 0.0590043 0.0538034 0.0494243 0.0458572 0.0430932 0.0411247 0.039946 
0.0412189 0.0416264 0.04285 0.0448934 0.0477622 0.0514641 0.0560079 0.0614036 0.067661 0.0747898 0.0827981 0.0916919 0.101475 0.112145 0.123699 0.136126 0.149409 0.163526 0.178447 0.194134 0.210543 0.227622 0.245312 0.263544 0.282247 0.301339 0.320735 0.340344 0.360071 0.379818 0.399485 0.41897 0.438171 0.456986 0.475315 0.493062 0.510132 0.526434 0.541884 0.5564 0.569909 0.58234 0.593631 0.603726 0.612576 0.620136 0.626372 0.631252 0.634755 0.636863 0.637567 0.636863 0.634755 0.631252 0.626372 0.620136 0.612576 0.603726 0.593631 0.58234 0.569909 0.5564 0.541884 0.526434 0.510132 0.493062 0.475315 0.456986 0.438171 0.41897 0.399485 0.379818 0.360071 0.340344 0.320735 0.301339 0.282247 0.263544 0.245312 0.227622 0.210543 0.194134 0.178447 0.163526 0.149409 0.136126 0.123699 0.112145 0.101475 0.0916919 0.0827981 0.0747898 0.067661 0.0614036 0.0560079 0.0514641 0.0477622 0.0448934 0.04285 0.0416264 
0.0428207 0.0432425 0.0445091 0.046624 0.0495931 0.0534239 0.0581253 0.0637071 0.0701791 0.0775507 0.0858298 0.095022 0.10513 0.116152 0.128083 0.140911 0.154618 0.169179 0.184565 0.200734 0.217642 0.235232 0.253444 0.272207 0.291445 0.311076 0.33101 0.351154 0.371411 0.39168 0.411857 0.431838 0.45152 0.470798 0.489571 0.507739 0.525207 0.541884 0.557682 0.572521 0.586324 0.599023 0.610554 0.62086 0.629893 0.637609 0.643971 0.64895 0.652523 0.654673 0.655391 0.654673 0.652523 0.64895 0.643971 0.637609 0.629893 0.62086 0.610554 0.599023 0.586324 0.572521 0.557682 0.541884 0.525207 0.507739 0.489571 0.470798 0.45152 0.431838 0.411857 0.39168 0.371411 0.351154 0.33101 0.311076 0.291445 0.272207 0.253444 0.235232 0.217642 0.200734 0.184565 0.169179 0.154618 0.140911 0.128083 0.116152 0.10513 0.095022 0.0858298 0.0775507 0.0701791 0.0637071 0.0581253 0.0534239 0.0495931 0.046624 0.0445091 0.0432425 
0.0443468 0.0447821 0.0460895 0.0482723 0.0513364 0.0552894 0.0601401 0.0658982 0.0725735 0.080175 0.0887103 0.0981846 0.1086 0.119955 0.132241 0.145447 0.159554 0.174536 0.190359 0.206983 0.224359 0.242431 0.261133 0.280394 0.300135 0.32027 0.340708 0.361354 0.382106 0.402861 0.423514 0.443959 0.464088 0.483797 0.502981 0.52154 0.539378 0.5564 0.572521 0.587657 0.601732 0.614677 0.626429 0.63693 0.646131 0.653989 0.660467 0.665537 0.669174 0.671363 0.672093 0.671363 0.669174 0.665537 0.660467 0.653989 0.646131 0.63693 0.626429 0.614677 0.601732 0.587657 0.572521 0.5564 0.539378 0.52154 0.502981 0.483797 0.464088 0.443959 0.423514 0.402861 0.382106 0.361354 0.340708 0.32027 0.300135 0.280394 0.261133 0.242431 0.224359 0.206983 0.190359 0.174536 0.159554 0.145447 0.132241 0.119955 0.1086 0.0981846 0.0887103 0.080175 0.0725735 0.0658982 0.0601401 0.0552894 0.0513364 0.0482723 0.0460895 0.0447821 
0.0457855 0.0462336 0.0475791 0.0498257 0.052979 0.0570465 0.0620373 0.0679607 0.0748265 0.0826434 0.0914188 0.101157 0.111861 0.123526 0.136146 0.149706 0.164186 0.17956 0.195792 0.21284 0.230653 0.249172 0.26833 0.288054 0.308262 0.328866 0.349772 0.370882 0.392093 0.413298 0.434391 0.455263 0.475805 0.495911 0.515474 0.534392 0.552569 0.569909 0.586324 0.601732 0.616056 0.629226 0.641179 0.651858 0.661212 0.669199 0.675783 0.680935 0.68463 0.686854 0.687597 0.686854 0.68463 0.680935 0.675783 0.669199 0.661212 0.651858 0.641179 0.629226 0.616056 0.601732 0.586324 0.569909 0.552569 0.534392 0.515474 0.495911 0.475805 0.455263 0.434391 0.413298 0.392093 0.370882 0.349772 0.328866 0.308262 0.288054 0.26833 0.249172 0.230653 0.21284 0.195792 0.17956 0.164186 0.149706 0.136146 0.123526 0.111861 0.101157 0.0914188 0.0826434 0.0748265 0.0679607 0.0620373 0.0570465 0.052979 0.0498257 0.0475791 0.0462336 
