6.3183e-10 7.43687e-10 1.11211e-09 1.84319e-09 3.13993e-09 5.34569e-09 9.01354e-09 1.50105e-08 2.4669e-08 4.0001e-08 6.39945e-08 1.01014e-07 1.57329e-07 2.41801e-07 3.66742e-07 5.48971e-07 8.11077e-07 1.18287e-06 1.703e-06 2.42067e-06 3.39734e-06 4.70835e-06 6.44416e-06 8.71109e-06 1.16313e-05 1.53417e-05 1.99918e-05 2.57393e-05 3.27454e-05 4.11672e-05 5.1149e-05 6.28126e-05 7.62466e-05 9.14955e-05 0.000108549 0.000127335 0.00014771 0.000169457 0.00019229 0.000215849 0.000239719 0.000263434 0.000286496 0.000308391 0.00032861 0.000346665 0.000362109 0.000374554 0.00038368 0.000389252 0.000391125 0.000389252 0.00038368 0.000374554 0.000362109 0.000346665 0.00032861 0.000308391 0.000286496 0.000263434 0.000239719 0.000215849 0.00019229 0.000169457 0.00014771 0.000127335 0.000108549 9.14955e-05 7.62466e-05 6.28126e-05 5.1149e-05 4.11672e-05 3.27454e-05 2.57393e-05 1.99918e-05 1.53417e-05 1.16313e-05 8.71109e-06 6.44416e-06 4.70835e-06 3.39734e-06 2.42067e-06 1.703e-06 1.18287e-06 8.11077e-07 5.48971e-07 3.66742e-07 2.41801e-07 1.57329e-07 1.01014e-07 6.39945e-08 4.0001e-08 2.4669e-08 1.50105e-08 9.01354e-09 5.34569e-09 3.13993e-09 1.84319e-09 1.11211e-09 7.43687e-10 
7.43687e-10 8.748e-10 1.30646e-09 2.16231e-09 3.67876e-09 6.25521e-09 1.05341e-08 1.7521e-08 2.8759e-08 4.65743e-08 7.44161e-08 1.17314e-07 1.82481e-07 2.80093e-07 4.24263e-07 6.34239e-07 9.35821e-07 1.36299e-06 1.95973e-06 2.78191e-06 3.8992e-06 5.39681e-06 7.37686e-06 9.95911e-06 1.32809e-05 1.74958e-05 2.27709e-05 2.92825e-05 3.72099e-05 4.67272e-05 5.7994e-05 7.11438e-05 8.62729e-05 0.000103427 0.000122593 0.000143685 0.00016654 0.000190914 0.000216483 0.000242848 0.000269541 0.000296044 0.000321802 0.000346245 0.000368807 0.000388946 0.000406167 0.00042004 0.000430211 0.000436421 0.000438509 0.000436421 0.000430211 0.00042004 0.000406167 0.000388946 0.000368807 0.000346245 0.000321802 0.000296044 0.000269541 0.000242848 0.000216483 0.000190914 0.00016654 0.000143685 0.000122593 0.000103427 8.62729e-05 7.11438e-05 5.7994e-05 4.67272e-05 3.72099e-05 2.92825e-05 2.27709e-05 1.74958e-05 1.32809e-05 9.95911e-06 7.37686e-06 5.39681e-06 3.8992e-06 2.78191e-06 1.95973e-06 1.36299e-06 9.35821e-07 6.34239e-07 4.24263e-07 2.80093e-07 1.82481e-07 1.17314e-07 7.44161e-08 4.65743e-08 2.8759e-08 1.7521e-08 1.05341e-08 6.25521e-09 3.67876e-09 2.16231e-09 1.30646e-09 8.748e-10 
1.11211e-09 1.30646e-09 1.94567e-09 3.21083e-09 5.44749e-09 9.23794e-09 1.5516e-08 2.57389e-08 4.21348e-08 6.80517e-08 1.08435e-07 1.70471e-07 2.64426e-07 4.04727e-07 6.11305e-07 9.11234e-07 1.34065e-06 1.94696e-06 2.79124e-06 3.95075e-06 5.5214e-06 7.61997e-06 1.03857e-05 1.39812e-05 1.8592e-05 2.44244e-05 3.17017e-05 4.06581e-05 5.15302e-05 6.45459e-05 7.99118e-05 9.77984e-05 0.000118325 0.000141542 0.000167421 0.000195837 0.000226563 0.000259268 0.000293512 0.00032876 0.000364391 0.000399716 0.000434002 0.000466499 0.000496463 0.000523186 0.000546019 0.000564402 0.000577873 0.000586095 0.000588859 0.000586095 0.000577873 0.000564402 0.000546019 0.000523186 0.000496463 0.000466499 0.000434002 0.000399716 0.000364391 0.00032876 0.000293512 0.000259268 0.000226563 0.000195837 0.000167421 0.000141542 0.000118325 9.77984e-05 7.99118e-05 6.45459e-05 5.15302e-05 4.06581e-05 3.17017e-05 2.44244e-05 1.8592e-05 1.39812e-05 1.03857e-05 7.61997e-06 5.5214e-06 3.95075e-06 2.79124e-06 1.94696e-06 1.34065e-06 9.11234e-07 6.11305e-07 4.04727e-07 2.64426e-07 1.70471e-07 1.08435e-07 6.80517e-08 4.21348e-08 2.57389e-08 1.5516e-08 9.23794e-09 5.44749e-09 3.21083e-09 1.94567e-09 1.30646e-09 
1.84319e-09 2.16231e-09 3.21083e-09 5.28231e-09 8.93574e-09 1.51106e-08 2.53087e-08 4.18654e-08 6.83395e-08 1.10057e-07 1.74857e-07 2.7408e-07 4.23869e-07 6.46806e-07 9.73959e-07 1.44734e-06 2.12276e-06 3.07312e-06 4.39185e-06 6.19662e-06 8.63271e-06 1.18761e-05 1.61356e-05 2.16536e-05 2.87051e-05 3.75941e-05 4.86476e-05 6.22061e-05 7.86106e-05 9.81868e-05 0.000121226 0.000147964 0.000178559 0.000213068 0.00025143 0.000293446 0.000338768 0.000386898 0.000437186 0.000488844 0.000540966 0.000592554 0.000642548 0.000689866 0.000733443 0.000772264 0.000805407 0.00083207 0.000851599 0.000863514 0.000867519 0.000863514 0.000851599 0.00083207 0.000805407 0.000772264 0.000733443 0.000689866 0.000642548 0.000592554 0.000540966 0.000488844 0.000437186 0.000386898 0.000338768 0.000293446 0.00025143 0.000213068 0.000178559 0.000147964 0.000121226 9.81868e-05 7.86106e-05 6.22061e-05 4.86476e-05 3.75941e-05 2.87051e-05 2.16536e-05 1.61356e-05 1.18761e-05 8.63271e-06 6.19662e-06 4.39185e-06 3.07312e-06 2.12276e-06 1.44734e-06 9.73959e-07 6.46806e-07 4.23869e-07 2.7408e-07 1.74857e-07 1.10057e-07 6.83395e-08 4.18654e-08 2.53087e-08 1.51106e-08 8.93574e-09 5.28231e-09 3.21083e-09 2.16231e-09 
3.13993e-09 3.67876e-09 5.44749e-09 8.93574e-09 1.50741e-08 2.54224e-08 4.24669e-08 7.00612e-08 1.14057e-07 1.83181e-07 2.90228e-07 4.53643e-07 6.99569e-07 1.06444e-06 1.59816e-06 2.36792e-06 3.46263e-06 4.99781e-06 7.12091e-06 1.00167e-05 1.39121e-05 1.90808e-05 2.58456e-05 3.45792e-05 4.57022e-05 5.96766e-05 7.69961e-05 9.81711e-05 0.000123709 0.000154088 0.000189732 0.000230976 0.000278033 0.000330964 0.000389649 0.00045376 0.000522751 0.000595848 0.000672061 0.000750194 0.000828882 0.000906632 0.000981863 0.00105297 0.00111837 0.00117658 0.00122622 0.00126613 0.00129535 0.00131317 0.00131916 0.00131317 0.00129535 0.00126613 0.00122622 0.00117658 0.00111837 0.00105297 0.000981863 0.000906632 0.000828882 0.000750194 0.000672061 0.000595848 0.000522751 0.00045376 0.000389649 0.000330964 0.000278033 0.000230976 0.000189732 0.000154088 0.000123709 9.81711e-05 7.69961e-05 5.96766e-05 4.57022e-05 3.45792e-05 2.58456e-05 1.90808e-05 1.39121e-05 1.00167e-05 7.12091e-06 4.99781e-06 3.46263e-06 2.36792e-06 1.59816e-06 1.06444e-06 6.99569e-07 4.53643e-07 2.90228e-07 1.83181e-07 1.14057e-07 7.00612e-08 4.24669e-08 2.54224e-08 1.50741e-08 8.93574e-09 5.44749e-09 3.67876e-09 
5.34569e-09 6.25521e-09 9.23794e-09 1.51106e-08 2.54224e-08 4.27639e-08 7.12522e-08 1.17248e-07 1.90379e-07 3.04953e-07 4.81872e-07 7.51155e-07 1.15519e-06 1.75281e-06 2.6243e-06 3.87726e-06 5.65347e-06 8.13636e-06 1.1559e-05 1.62118e-05 2.24503e-05 3.07004e-05 4.14623e-05 5.53104e-05 7.28886e-05 9.49007e-05 0.000122093 0.000155233 0.000195074 0.000242323 0.000297594 0.00036136 0.000433908 0.000515291 0.000605282 0.00070335 0.000808631 0.000919929 0.00103572 0.0011542 0.0012733 0.00139078 0.00150429 0.00161142 0.00170984 0.00179733 0.0018719 0.0019318 0.00197563 0.00200234 0.00201132 0.00200234 0.00197563 0.0019318 0.0018719 0.00179733 0.00170984 0.00161142 0.00150429 0.00139078 0.0012733 0.0011542 0.00103572 0.000919929 0.000808631 0.00070335 0.000605282 0.000515291 0.000433908 0.00036136 0.000297594 0.000242323 0.000195074 0.000155233 0.000122093 9.49007e-05 7.28886e-05 5.53104e-05 4.14623e-05 3.07004e-05 2.24503e-05 1.62118e-05 1.1559e-05 8.13636e-06 5.65347e-06 3.87726e-06 2.6243e-06 1.75281e-06 1.15519e-06 7.51155e-07 4.81872e-07 3.04953e-07 1.90379e-07 1.17248e-07 7.12522e-08 4.27639e-08 2.54224e-08 1.51106e-08 9.23794e-09 6.25521e-09 
9.01354e-09 1.05341e-08 1.5516e-08 2.53087e-08 4.24669e-08 7.12522e-08 1.18418e-07 1.94365e-07 3.14784e-07 5.02914e-07 7.92583e-07 1.2322e-06 1.88984e-06 2.85965e-06 4.26955e-06 6.29031e-06 9.14593e-06 1.31249e-05 1.85922e-05 2.60005e-05 3.59008e-05 4.89504e-05 6.59167e-05 8.76762e-05 0.000115206 0.000149567 0.000191876 0.000243273 0.000304869 0.000377692 0.00046262 0.000560315 0.000671148 0.000795135 0.000931877 0.00108051 0.0012397 0.0014076 0.00158191 0.00175991 0.00193851 0.00211438 0.00228403 0.00244394 0.00259066 0.00272095 0.00283189 0.00292095 0.00298608 0.00302576 0.0030391 0.00302576 0.00298608 0.00292095 0.00283189 0.00272095 0.00259066 0.00244394 0.00228403 0.00211438 0.00193851 0.00175991 0.00158191 0.0014076 0.0012397 0.00108051 0.000931877 0.000795135 0.000671148 0.000560315 0.00046262 0.000377692 0.000304869 0.000243273 0.000191876 0.000149567 0.000115206 8.76762e-05 6.59167e-05 4.89504e-05 3.59008e-05 2.60005e-05 1.85922e-05 1.31249e-05 9.14593e-06 6.29031e-06 4.26955e-06 2.85965e-06 1.88984e-06 1.2322e-06 7.92583e-07 5.02914e-07 3.14784e-07 1.94365e-07 1.18418e-07 7.12522e-08 4.24669e-08 2.53087e-08 1.5516e-08 1.05341e-08 
1.50105e-08 1.7521e-08 2.57389e-08 4.18654e-08 7.00612e-08 1.17248e-07 1.94365e-07 3.18207e-07 5.14022e-07 8.1908e-07 1.28744e-06 1.99615e-06 3.0532e-06 4.60729e-06 6.85964e-06 1.00778e-05 1.4611e-05 2.09074e-05 2.95306e-05 4.11769e-05 5.66893e-05 7.70681e-05 0.000103475 0.000137228 0.00017979 0.000232736 0.000297715 0.000376393 0.00047038 0.000581147 0.000709928 0.000857622 0.00102469 0.00121106 0.00141605 0.00163829 0.00187572 0.00212556 0.00238437 0.00264811 0.00291224 0.00317188 0.00342193 0.00365728 0.00387295 0.00406427 0.00422702 0.00435756 0.00445297 0.0045111 0.00453062 0.0045111 0.00445297 0.00435756 0.00422702 0.00406427 0.00387295 0.00365728 0.00342193 0.00317188 0.00291224 0.00264811 0.00238437 0.00212556 0.00187572 0.00163829 0.00141605 0.00121106 0.00102469 0.000857622 0.000709928 0.000581147 0.00047038 0.000376393 0.000297715 0.000232736 0.00017979 0.000137228 0.000103475 7.70681e-05 5.66893e-05 4.11769e-05 2.95306e-05 2.09074e-05 1.4611e-05 1.00778e-05 6.85964e-06 4.60729e-06 3.0532e-06 1.99615e-06 1.28744e-06 8.1908e-07 5.14022e-07 3.18207e-07 1.94365e-07 1.17248e-07 7.00612e-08 4.18654e-08 2.57389e-08 1.7521e-08 
2.4669e-08 2.8759e-08 4.21348e-08 6.83395e-08 1.14057e-07 1.90379e-07 3.14784e-07 5.14022e-07 8.28173e-07 1.31619e-06 2.06326e-06 3.19037e-06 4.86641e-06 7.32299e-06 1.08722e-05 1.59273e-05 2.30253e-05 3.28518e-05 4.62653e-05 6.43208e-05 8.82892e-05 0.00011967 0.000160194 0.000211816 0.000276687 0.00035711 0.000455478 0.000574186 0.000715523 0.000881553 0.00107397 0.00129397 0.00154207 0.00181803 0.00212071 0.00244799 0.00279674 0.00316284 0.00354121 0.00392596 0.00431052 0.00468785 0.00505065 0.0053916 0.00570364 0.00598012 0.00621508 0.00640341 0.00654098 0.00662475 0.00665288 0.00662475 0.00654098 0.00640341 0.00621508 0.00598012 0.00570364 0.0053916 0.00505065 0.00468785 0.00431052 0.00392596 0.00354121 0.00316284 0.00279674 0.00244799 0.00212071 0.00181803 0.00154207 0.00129397 0.00107397 0.000881553 0.000715523 0.000574186 0.000455478 0.00035711 0.000276687 0.000211816 0.000160194 0.00011967 8.82892e-05 6.43208e-05 4.62653e-05 3.28518e-05 2.30253e-05 1.59273e-05 1.08722e-05 7.32299e-06 4.86641e-06 3.19037e-06 2.06326e-06 1.31619e-06 8.28173e-07 5.14022e-07 3.14784e-07 1.90379e-07 1.14057e-07 6.83395e-08 4.21348e-08 2.8759e-08 
4.0001e-08 4.65743e-08 6.80517e-08 1.10057e-07 1.83181e-07 3.04953e-07 5.02914e-07 8.1908e-07 1.31619e-06 2.08618e-06 3.26144e-06 5.02925e-06 7.64998e-06 1.14793e-05 1.69943e-05 2.48239e-05 3.57818e-05 5.09016e-05 7.14715e-05 9.90659e-05 0.000135571 0.0001832 0.000244494 0.0003223 0.000419733 0.000540103 0.00068682 0.000863263 0.00107263 0.00131775 0.00160089 0.00192358 0.00228636 0.00268866 0.00312863 0.00360303 0.0041072 0.00463512 0.00517944 0.00573171 0.00628257 0.00682203 0.00733982 0.00782567 0.0082697 0.00866266 0.00899628 0.00926347 0.00945852 0.00957725 0.00961711 0.00957725 0.00945852 0.00926347 0.00899628 0.00866266 0.0082697 0.00782567 0.00733982 0.00682203 0.00628257 0.00573171 0.00517944 0.00463512 0.0041072 0.00360303 0.00312863 0.00268866 0.00228636 0.00192358 0.00160089 0.00131775 0.00107263 0.000863263 0.00068682 0.000540103 0.000419733 0.0003223 0.000244494 0.0001832 0.000135571 9.90659e-05 7.14715e-05 5.09016e-05 3.57818e-05 2.48239e-05 1.69943e-05 1.14793e-05 7.64998e-06 5.02925e-06 3.26144e-06 2.08618e-06 1.31619e-06 8.1908e-07 5.02914e-07 3.04953e-07 1.83181e-07 1.10057e-07 6.80517e-08 4.65743e-08 
6.39945e-08 7.44161e-08 1.08435e-07 1.74857e-07 2.90228e-07 4.81872e-07 7.92583e-07 1.28744e-06 2.06326e-06 3.26144e-06 5.08479e-06 7.81909e-06 1.186e-05 1.77458e-05 2.61954e-05 3.81519e-05 5.48302e-05 7.77654e-05 0.000108861 0.000150431 0.000205232 0.00027648 0.000367841 0.0004834 0.000627589 0.000805085 0.00102066 0.00127899 0.00158444 0.00194082 0.00235109 0.0028171 0.00333932 0.00391662 0.00454604 0.00522276 0.00593996 0.00668896 0.00745932 0.0082391 0.0090152 0.00977373 0.0105005 0.0111813 0.0118025 0.0123517 0.0128174 0.0131901 0.013462 0.0136274 0.0136829 0.0136274 0.013462 0.0131901 0.0128174 0.0123517 0.0118025 0.0111813 0.0105005 0.00977373 0.0090152 0.0082391 0.00745932 0.00668896 0.00593996 0.00522276 0.00454604 0.00391662 0.00333932 0.0028171 0.00235109 0.00194082 0.00158444 0.00127899 0.00102066 0.000805085 0.000627589 0.0004834 0.000367841 0.00027648 0.000205232 0.000150431 0.000108861 7.77654e-05 5.48302e-05 3.81519e-05 2.61954e-05 1.77458e-05 1.186e-05 7.81909e-06 5.08479e-06 3.26144e-06 2.06326e-06 1.28744e-06 7.92583e-07 4.81872e-07 2.90228e-07 1.74857e-07 1.08435e-07 7.44161e-08 
1.01014e-07 1.17314e-07 1.70471e-07 2.7408e-07 4.53643e-07 7.51155e-07 1.2322e-06 1.99615e-06 3.19037e-06 5.02925e-06 7.81909e-06 1.19898e-05 1.81341e-05 2.70549e-05 3.98196e-05 5.78223e-05 8.28494e-05 0.000117147 0.000163486 0.000225216 0.000306302 0.000411342 0.000545544 0.000714668 0.000924917 0.00118278 0.0014948 0.00186735 0.00230626 0.00281652 0.00340186 0.00406444 0.00480445 0.00561983 0.00650605 0.00745596 0.00845978 0.00950523 0.0105777 0.0116606 0.012736 0.0137849 0.0147878 0.0157257 0.0165804 0.0173348 0.0179739 0.0184849 0.0188574 0.0190839 0.0191599 0.0190839 0.0188574 0.0184849 0.0179739 0.0173348 0.0165804 0.0157257 0.0147878 0.0137849 0.012736 0.0116606 0.0105777 0.00950523 0.00845978 0.00745596 0.00650605 0.00561983 0.00480445 0.00406444 0.00340186 0.00281652 0.00230626 0.00186735 0.0014948 0.00118278 0.000924917 0.000714668 0.000545544 0.000411342 0.000306302 0.000225216 0.000163486 0.000117147 8.28494e-05 5.78223e-05 3.98196e-05 2.70549e-05 1.81341e-05 1.19898e-05 7.81909e-06 5.02925e-06 3.19037e-06 1.99615e-06 1.2322e-06 7.51155e-07 4.53643e-07 2.7408e-07 1.70471e-07 1.17314e-07 
1.57329e-07 1.82481e-07 2.64426e-07 4.23869e-07 6.99569e-07 1.15519e-06 1.88984e-06 3.0532e-06 4.86641e-06 7.64998e-06 1.186e-05 1.81341e-05 2.73477e-05 4.06808e-05 5.9696e-05 8.64232e-05 0.000123451 0.000174018 0.000242096 0.000332457 0.000450719 0.000603351 0.000797631 0.00104155 0.00134363 0.00171271 0.00215764 0.00268687 0.00330804 0.0040275 0.00484984 0.00577735 0.00680963 0.0079432 0.0091712 0.0104833 0.0118657 0.0133013 0.0147699 0.0162491 0.0177145 0.0191406 0.0205015 0.021772 0.0229278 0.0239466 0.0248087 0.0254972 0.0259989 0.0263038 0.0264061 0.0263038 0.0259989 0.0254972 0.0248087 0.0239466 0.0229278 0.021772 0.0205015 0.0191406 0.0177145 0.0162491 0.0147699 0.0133013 0.0118657 0.0104833 0.0091712 0.0079432 0.00680963 0.00577735 0.00484984 0.0040275 0.00330804 0.00268687 0.00215764 0.00171271 0.00134363 0.00104155 0.000797631 0.000603351 0.000450719 0.000332457 0.000242096 0.000174018 0.000123451 8.64232e-05 5.9696e-05 4.06808e-05 2.73477e-05 1.81341e-05 1.186e-05 7.64998e-06 4.86641e-06 3.0532e-06 1.88984e-06 1.15519e-06 6.99569e-07 4.23869e-07 2.64426e-07 1.82481e-07 
2.41801e-07 2.80093e-07 4.04727e-07 6.46806e-07 1.06444e-06 1.75281e-06 2.85965e-06 4.60729e-06 7.32299e-06 1.14793e-05 1.77458e-05 2.70549e-05 4.06808e-05 6.0334e-05 8.82679e-05 0.000127396 0.000181415 0.000254923 0.000353528 0.000483927 0.000653954 0.000872568 0.00114977 0.00149646 0.00192415 0.00244469 0.00306974 0.00381034 0.00467624 0.00567533 0.00681297 0.00809135 0.00950898 0.0110602 0.0127349 0.0145184 0.0163915 0.0183308 0.0203092 0.0222964 0.0242602 0.0261668 0.0279826 0.0296744 0.0312108 0.0325633 0.0337062 0.0346183 0.0352822 0.0356856 0.0358209 0.0356856 0.0352822 0.0346183 0.0337062 0.0325633 0.0312108 0.0296744 0.0279826 0.0261668 0.0242602 0.0222964 0.0203092 0.0183308 0.0163915 0.0145184 0.0127349 0.0110602 0.00950898 0.00809135 0.00681297 0.00567533 0.00467624 0.00381034 0.00306974 0.00244469 0.00192415 0.00149646 0.00114977 0.000872568 0.000653954 0.000483927 0.000353528 0.000254923 0.000181415 0.000127396 8.82679e-05 6.0334e-05 4.06808e-05 2.70549e-05 1.77458e-05 1.14793e-05 7.32299e-06 4.60729e-06 2.85965e-06 1.75281e-06 1.06444e-06 6.46806e-07 4.04727e-07 2.80093e-07 
3.66742e-07 4.24263e-07 6.11305e-07 9.73959e-07 1.59816e-06 2.6243e-06 4.26955e-06 6.85964e-06 1.08722e-05 1.69943e-05 2.61954e-05 3.98196e-05 5.9696e-05 8.82679e-05 0.000128739 0.000185231 0.000262944 0.000368312 0.000509132 0.000694663 0.000935656 0.00124432 0.00163418 0.00211985 0.00271662 0.00344003 0.00430522 0.00532625 0.00651527 0.00788177 0.00943169 0.0111667 0.0130834 0.015173 0.017421 0.0198067 0.022304 0.0248815 0.0275029 0.0301288 0.0327168 0.0352235 0.0376053 0.0398201 0.041828 0.0435927 0.0450821 0.0462694 0.0471329 0.0476574 0.0478332 0.0476574 0.0471329 0.0462694 0.0450821 0.0435927 0.041828 0.0398201 0.0376053 0.0352235 0.0327168 0.0301288 0.0275029 0.0248815 0.022304 0.0198067 0.017421 0.015173 0.0130834 0.0111667 0.00943169 0.00788177 0.00651527 0.00532625 0.00430522 0.00344003 0.00271662 0.00211985 0.00163418 0.00124432 0.000935656 0.000694663 0.000509132 0.000368312 0.000262944 0.000185231 0.000128739 8.82679e-05 5.9696e-05 3.98196e-05 2.61954e-05 1.69943e-05 1.08722e-05 6.85964e-06 4.26955e-06 2.6243e-06 1.59816e-06 9.73959e-07 6.11305e-07 4.24263e-07 
5.48971e-07 6.34239e-07 9.11234e-07 1.44734e-06 2.36792e-06 3.87726e-06 6.29031e-06 1.00778e-05 1.59273e-05 2.48239e-05 3.81519e-05 5.78223e-05 8.64232e-05 0.000127396 0.000185231 0.000265674 0.000375935 0.000524881 0.000723196 0.00098348 0.00132026 0.00174992 0.00229044 0.00296107 0.00378177 0.00477255 0.00595265 0.00733957 0.00894807 0.0107891 0.0128688 0.0151876 0.0177392 0.0205104 0.0234805 0.0266213 0.0298976 0.0332679 0.0366851 0.0400978 0.0434521 0.0466927 0.0497648 0.0526153 0.0551948 0.0574581 0.0593657 0.0608846 0.0619886 0.0626586 0.0628832 0.0626586 0.0619886 0.0608846 0.0593657 0.0574581 0.0551948 0.0526153 0.0497648 0.0466927 0.0434521 0.0400978 0.0366851 0.0332679 0.0298976 0.0266213 0.0234805 0.0205104 0.0177392 0.0151876 0.0128688 0.0107891 0.00894807 0.00733957 0.00595265 0.00477255 0.00378177 0.00296107 0.00229044 0.00174992 0.00132026 0.00098348 0.000723196 0.000524881 0.000375935 0.000265674 0.000185231 0.000127396 8.64232e-05 5.78223e-05 3.81519e-05 2.48239e-05 1.59273e-05 1.00778e-05 6.29031e-06 3.87726e-06 2.36792e-06 1.44734e-06 9.11234e-07 6.34239e-07 
8.11077e-07 9.35821e-07 1.34065e-06 2.12276e-06 3.46263e-06 5.65347e-06 9.14593e-06 1.4611e-05 2.30253e-05 3.57818e-05 5.48302e-05 8.28494e-05 0.000123451 0.000181415 0.000262944 0.000375935 0.000530238 0.000737899 0.00101334 0.00137343 0.00183753 0.00242723 0.00316606 0.00407897 0.00519152 0.006529 0.0081153 0.00997173 0.0121156 0.0145591 0.0173079 0.0203599 0.0237048 0.0273232 0.0311861 0.0352558 0.0394859 0.0438221 0.0482043 0.0525672 0.056843 0.0609627 0.0648586 0.0684655 0.0717229 0.0745762 0.0769777 0.0788875 0.0802744 0.0811156 0.0813975 0.0811156 0.0802744 0.0788875 0.0769777 0.0745762 0.0717229 0.0684655 0.0648586 0.0609627 0.056843 0.0525672 0.0482043 0.0438221 0.0394859 0.0352558 0.0311861 0.0273232 0.0237048 0.0203599 0.0173079 0.0145591 0.0121156 0.00997173 0.0081153 0.006529 0.00519152 0.00407897 0.00316606 0.00242723 0.00183753 0.00137343 0.00101334 0.000737899 0.000530238 0.000375935 0.000262944 0.000181415 0.000123451 8.28494e-05 5.48302e-05 3.57818e-05 2.30253e-05 1.4611e-05 9.14593e-06 5.65347e-06 3.46263e-06 2.12276e-06 1.34065e-06 9.35821e-07 
1.18287e-06 1.36299e-06 1.94696e-06 3.07312e-06 4.99781e-06 8.13636e-06 1.31249e-05 2.09074e-05 3.28518e-05 5.09016e-05 7.77654e-05 0.000117147 0.000174018 0.000254923 0.000368312 0.000524881 0.000737899 0.00102349 0.00140081 0.00189217 0.00252288 0.00332101 0.00431684 0.00554211 0.00702895 0.00880872 0.0109104 0.0133594 0.0161752 0.0193705 0.0229495 0.0269064 0.0312247 0.0358767 0.0408232 0.046014 0.0513889 0.0568789 0.0624078 0.0678946 0.0732554 0.0784059 0.0832639 0.0877511 0.091795 0.0953308 0.0983021 0.100662 0.102374 0.103412 0.10376 0.103412 0.102374 0.100662 0.0983021 0.0953308 0.091795 0.0877511 0.0832639 0.0784059 0.0732554 0.0678946 0.0624078 0.0568789 0.0513889 0.046014 0.0408232 0.0358767 0.0312247 0.0269064 0.0229495 0.0193705 0.0161752 0.0133594 0.0109104 0.00880872 0.00702895 0.00554211 0.00431684 0.00332101 0.00252288 0.00189217 0.00140081 0.00102349 0.000737899 0.000524881 0.000368312 0.000254923 0.000174018 0.000117147 7.77654e-05 5.09016e-05 3.28518e-05 2.09074e-05 1.31249e-05 8.13636e-06 4.99781e-06 3.07312e-06 1.94696e-06 1.36299e-06 
1.703e-06 1.95973e-06 2.79124e-06 4.39185e-06 7.12091e-06 1.1559e-05 1.85922e-05 2.95306e-05 4.62653e-05 7.14715e-05 0.000108861 0.000163486 0.000242096 0.000353528 0.000509132 0.000723196 0.00101334 0.00140081 0.00191074 0.0025721 0.00341755 0.00448296 0.00580665 0.00742829 0.00938758 0.0117225 0.0144676 0.0176518 0.0212967 0.0254143 0.0300056 0.0350593 0.0405505 0.0464405 0.0526771 0.059195 0.0659175 0.0727578 0.0796218 0.08641 0.0930212 0.0993541 0.105311 0.110799 0.115735 0.120042 0.123655 0.126522 0.128599 0.129858 0.130279 0.129858 0.128599 0.126522 0.123655 0.120042 0.115735 0.110799 0.105311 0.0993541 0.0930212 0.08641 0.0796218 0.0727578 0.0659175 0.059195 0.0526771 0.0464405 0.0405505 0.0350593 0.0300056 0.0254143 0.0212967 0.0176518 0.0144676 0.0117225 0.00938758 0.00742829 0.00580665 0.00448296 0.00341755 0.0025721 0.00191074 0.00140081 0.00101334 0.000723196 0.000509132 0.000353528 0.000242096 0.000163486 0.000108861 7.14715e-05 4.62653e-05 2.95306e-05 1.85922e-05 1.1559e-05 7.12091e-06 4.39185e-06 2.79124e-06 1.95973e-06 
2.42067e-06 2.78191e-06 3.95075e-06 6.19662e-06 1.00167e-05 1.62118e-05 2.60005e-05 4.11769e-05 6.43208e-05 9.90659e-05 0.000150431 0.000225216 0.000332457 0.000483927 0.000694663 0.00098348 0.00137343 0.00189217 0.0025721 0.00345034 0.00456836 0.00597128 0.00770677 0.00982358 0.0123697 0.0153903 0.0189254 0.0230071 0.0276577 0.0328873 0.0386916 0.0450511 0.0519298 0.0592751 0.0670187 0.075077 0.0833539 0.0917425 0.100128 0.108391 0.116412 0.12407 0.131254 0.137855 0.143777 0.148934 0.153253 0.156675 0.159153 0.160652 0.161154 0.160652 0.159153 0.156675 0.153253 0.148934 0.143777 0.137855 0.131254 0.12407 0.116412 0.108391 0.100128 0.0917425 0.0833539 0.075077 0.0670187 0.0592751 0.0519298 0.0450511 0.0386916 0.0328873 0.0276577 0.0230071 0.0189254 0.0153903 0.0123697 0.00982358 0.00770677 0.00597128 0.00456836 0.00345034 0.0025721 0.00189217 0.00137343 0.00098348 0.000694663 0.000483927 0.000332457 0.000225216 0.000150431 9.90659e-05 6.43208e-05 4.11769e-05 2.60005e-05 1.62118e-05 1.00167e-05 6.19662e-06 3.95075e-06 2.78191e-06 
3.39734e-06 3.8992e-06 5.5214e-06 8.63271e-06 1.39121e-05 2.24503e-05 3.59008e-05 5.66893e-05 8.82892e-05 0.000135571 0.000205232 0.000306302 0.000450719 0.000653954 0.000935656 0.00132026 0.00183753 0.00252288 0.00341755 0.00456836 0.00602718 0.00784982 0.0100946 0.0128203 0.016084 0.019938 0.0244273 0.0295864 0.0354367 0.0419839 0.0492161 0.0571025 0.0655927 0.0746168 0.0840867 0.0938977 0.103931 0.114058 0.124141 0.134039 0.143612 0.152722 0.161241 0.169048 0.176035 0.182106 0.187182 0.191197 0.1941 0.195856 0.196444 0.195856 0.1941 0.191197 0.187182 0.182106 0.176035 0.169048 0.161241 0.152722 0.143612 0.134039 0.124141 0.114058 0.103931 0.0938977 0.0840867 0.0746168 0.0655927 0.0571025 0.0492161 0.0419839 0.0354367 0.0295864 0.0244273 0.019938 0.016084 0.0128203 0.0100946 0.00784982 0.00602718 0.00456836 0.00341755 0.00252288 0.00183753 0.00132026 0.000935656 0.000653954 0.000450719 0.000306302 0.000205232 0.000135571 8.82892e-05 5.66893e-05 3.59008e-05 2.24503e-05 1.39121e-05 8.63271e-06 5.5214e-06 3.8992e-06 
4.70835e-06 5.39681e-06 7.61997e-06 1.18761e-05 1.90808e-05 3.07004e-05 4.89504e-05 7.70681e-05 0.00011967 0.0001832 0.00027648 0.000411342 0.000603351 0.000872568 0.00124432 0.00174992 0.00242723 0.00332101 0.00448296 0.00597128 0.00784982 0.0101866 0.0130516 0.0165146 0.0206419 0.0254926 0.031116 0.0375471 0.0448044 0.0528863 0.0617701 0.0714099 0.0817371 0.0926608 0.10407 0.115835 0.127813 0.139849 0.151783 0.163451 0.174694 0.185357 0.195294 0.204375 0.212479 0.219506 0.22537 0.23 0.233345 0.235366 0.236043 0.235366 0.233345 0.23 0.22537 0.219506 0.212479 0.204375 0.195294 0.185357 0.174694 0.163451 0.151783 0.139849 0.127813 0.115835 0.10407 0.0926608 0.0817371 0.0714099 0.0617701 0.0528863 0.0448044 0.0375471 0.031116 0.0254926 0.0206419 0.0165146 0.0130516 0.0101866 0.00784982 0.00597128 0.00448296 0.00332101 0.00242723 0.00174992 0.00124432 0.000872568 0.000603351 0.000411342 0.00027648 0.0001832 0.00011967 7.70681e-05 4.89504e-05 3.07004e-05 1.90808e-05 1.18761e-05 7.61997e-06 5.39681e-06 
6.44416e-06 7.37686e-06 1.03857e-05 1.61356e-05 2.58456e-05 4.14623e-05 6.59167e-05 0.000103475 0.000160194 0.000244494 0.000367841 0.000545544 0.000797631 0.00114977 0.00163418 0.00229044 0.00316606 0.00431684 0.00580665 0.00770677 0.0100946 0.0130516 0.0166606 0.0210027 0.026153 0.0321772 0.0391266 0.047035 0.0559146 0.0657535 0.0765138 0.0881306 0.100513 0.113545 0.12709 0.140989 0.155073 0.16916 0.183066 0.196606 0.209601 0.221879 0.233284 0.243672 0.252918 0.260915 0.267574 0.272824 0.276611 0.278898 0.279663 0.278898 0.276611 0.272824 0.267574 0.260915 0.252918 0.243672 0.233284 0.221879 0.209601 0.196606 0.183066 0.16916 0.155073 0.140989 0.12709 0.113545 0.100513 0.0881306 0.0765138 0.0657535 0.0559146 0.047035 0.0391266 0.0321772 0.026153 0.0210027 0.0166606 0.0130516 0.0100946 0.00770677 0.00580665 0.00431684 0.00316606 0.00229044 0.00163418 0.00114977 0.000797631 0.000545544 0.000367841 0.000244494 0.000160194 0.000103475 6.59167e-05 4.14623e-05 2.58456e-05 1.61356e-05 1.03857e-05 7.37686e-06 
8.71109e-06 9.95911e-06 1.39812e-05 2.16536e-05 3.45792e-05 5.53104e-05 8.76762e-05 0.000137228 0.000211816 0.0003223 0.0004834 0.000714668 0.00104155 0.00149646 0.00211985 0.00296107 0.00407897 0.00554211 0.00742829 0.00982358 0.0128203 0.0165146 0.0210027 0.0263768 0.0327206 0.0401042 0.0485795 0.0581754 0.0688945 0.0807101 0.0935649 0.107371 0.122009 0.137336 0.153184 0.169364 0.185679 0.20192 0.217878 0.233347 0.248131 0.262045 0.274922 0.286612 0.296987 0.305937 0.313373 0.319225 0.323441 0.325985 0.326835 0.325985 0.323441 0.319225 0.313373 0.305937 0.296987 0.286612 0.274922 0.262045 0.248131 0.233347 0.217878 0.20192 0.185679 0.169364 0.153184 0.137336 0.122009 0.107371 0.0935649 0.0807101 0.0688945 0.0581754 0.0485795 0.0401042 0.0327206 0.0263768 0.0210027 0.0165146 0.0128203 0.00982358 0.00742829 0.00554211 0.00407897 0.00296107 0.00211985 0.00149646 0.00104155 0.000714668 0.0004834 0.0003223 0.000211816 0.000137228 8.76762e-05 5.53104e-05 3.45792e-05 2.16536e-05 1.39812e-05 9.95911e-06 
1.16313e-05 1.32809e-05 1.8592e-05 2.87051e-05 4.57022e-05 7.28886e-05 0.000115206 0.00017979 0.000276687 0.000419733 0.000627589 0.000924917 0.00134363 0.00192415 0.00271662 0.00378177 0.00519152 0.00702895 0.00938758 0.0123697 0.016084 0.0206419 0.026153 0.0327206 0.0404352 0.0493694 0.0595723 0.0710645 0.0838345 0.0978359 0.112987 0.129171 0.14624 0.164015 0.182295 0.200862 0.219486 0.237933 0.25597 0.273374 0.289933 0.305454 0.319762 0.332707 0.344158 0.354009 0.362175 0.36859 0.373204 0.375985 0.376915 0.375985 0.373204 0.36859 0.362175 0.354009 0.344158 0.332707 0.319762 0.305454 0.289933 0.273374 0.25597 0.237933 0.219486 0.200862 0.182295 0.164015 0.14624 0.129171 0.112987 0.0978359 0.0838345 0.0710645 0.0595723 0.0493694 0.0404352 0.0327206 0.026153 0.0206419 0.016084 0.0123697 0.00938758 0.00702895 0.00519152 0.00378177 0.00271662 0.00192415 0.00134363 0.000924917 0.000627589 0.000419733 0.000276687 0.00017979 0.000115206 7.28886e-05 4.57022e-05 2.87051e-05 1.8592e-05 1.32809e-05 
1.53417e-05 1.74958e-05 2.44244e-05 3.75941e-05 5.96766e-05 9.49007e-05 0.000149567 0.000232736 0.00035711 0.000540103 0.000805085 0.00118278 0.00171271 0.00244469 0.00344003 0.00477255 0.006529 0.00880872 0.0117225 0.0153903 0.019938 0.0254926 0.0321772 0.0401042 0.0493694 0.0600448 0.0721729 0.0857614 0.10078 0.117157 0.134781 0.153502 0.173136 0.19347 0.214265 0.235271 0.256228 0.276877 0.296965 0.316252 0.334518 0.351563 0.367213 0.381318 0.393754 0.404421 0.413241 0.420155 0.425121 0.428112 0.42911 0.428112 0.425121 0.420155 0.413241 0.404421 0.393754 0.381318 0.367213 0.351563 0.334518 0.316252 0.296965 0.276877 0.256228 0.235271 0.214265 0.19347 0.173136 0.153502 0.134781 0.117157 0.10078 0.0857614 0.0721729 0.0600448 0.0493694 0.0401042 0.0321772 0.0254926 0.019938 0.0153903 0.0117225 0.00880872 0.006529 0.00477255 0.00344003 0.00244469 0.00171271 0.00118278 0.000805085 0.000540103 0.00035711 0.000232736 0.000149567 9.49007e-05 5.96766e-05 3.75941e-05 2.44244e-05 1.74958e-05 
1.99918e-05 2.27709e-05 3.17017e-05 4.86476e-05 7.69961e-05 0.000122093 0.000191876 0.000297715 0.000455478 0.00068682 0.00102066 0.0014948 0.00215764 0.00306974 0.00430522 0.00595265 0.0081153 0.0109104 0.0144676 0.0189254 0.0244273 0.031116 0.0391266 0.0485795 0.0595723 0.0721729 0.0864126 0.102281 0.119723 0.138637 0.158876 0.180253 0.202543 0.225494 0.248833 0.272273 0.295527 0.318313 0.340362 0.361423 0.381271 0.399706 0.416559 0.431688 0.444979 0.456344 0.465715 0.473046 0.478302 0.481463 0.482518 0.481463 0.478302 0.473046 0.465715 0.456344 0.444979 0.431688 0.416559 0.399706 0.381271 0.361423 0.340362 0.318313 0.295527 0.272273 0.248833 0.225494 0.202543 0.180253 0.158876 0.138637 0.119723 0.102281 0.0864126 0.0721729 0.0595723 0.0485795 0.0391266 0.031116 0.0244273 0.0189254 0.0144676 0.0109104 0.0081153 0.00595265 0.00430522 0.00306974 0.00215764 0.0014948 0.00102066 0.00068682 0.000455478 0.000297715 0.000191876 0.000122093 7.69961e-05 4.86476e-05 3.17017e-05 2.27709e-05 
2.57393e-05 2.92825e-05 4.06581e-05 6.22061e-05 9.81711e-05 0.000155233 0.000243273 0.000376393 0.000574186 0.000863263 0.00127899 0.00186735 0.00268687 0.00381034 0.00532625 0.00733957 0.00997173 0.0133594 0.0176518 0.0230071 0.0295864 0.0375471 0.047035 0.0581754 0.0710645 0.0857614 0.102281 0.120589 0.140601 0.162177 0.185132 0.209235 0.234219 0.259791 0.28564 0.311449 0.336902 0.3617 0.385561 0.408229 0.42948 0.449123 0.466996 0.482973 0.496956 0.508872 0.51867 0.526316 0.531789 0.535076 0.536173 0.535076 0.531789 0.526316 0.51867 0.508872 0.496956 0.482973 0.466996 0.449123 0.42948 0.408229 0.385561 0.3617 0.336902 0.311449 0.28564 0.259791 0.234219 0.209235 0.185132 0.162177 0.140601 0.120589 0.102281 0.0857614 0.0710645 0.0581754 0.047035 0.0375471 0.0295864 0.0230071 0.0176518 0.0133594 0.00997173 0.00733957 0.00532625 0.00381034 0.00268687 0.00186735 0.00127899 0.000863263 0.000574186 0.000376393 0.000243273 0.000155233 9.81711e-05 6.22061e-05 4.06581e-05 2.92825e-05 
3.27454e-05 3.72099e-05 5.15302e-05 7.86106e-05 0.000123709 0.000195074 0.000304869 0.00047038 0.000715523 0.00107263 0.00158444 0.00230626 0.00330804 0.00467624 0.00651527 0.00894807 0.0121156 0.0161752 0.0212967 0.0276577 0.0354367 0.0448044 0.0559146 0.0688945 0.0838345 0.10078 0.119723 0.140601 0.16329 0.187612 0.213335 0.240183 0.267843 0.29598 0.324246 0.352295 0.379791 0.406416 0.431885 0.455943 0.478373 0.498997 0.517673 0.534292 0.548777 0.561076 0.571158 0.579005 0.584612 0.587975 0.589096 0.587975 0.584612 0.579005 0.571158 0.561076 0.548777 0.534292 0.517673 0.498997 0.478373 0.455943 0.431885 0.406416 0.379791 0.352295 0.324246 0.29598 0.267843 0.240183 0.213335 0.187612 0.16329 0.140601 0.119723 0.10078 0.0838345 0.0688945 0.0559146 0.0448044 0.0354367 0.0276577 0.0212967 0.0161752 0.0121156 0.00894807 0.00651527 0.00467624 0.00330804 0.00230626 0.00158444 0.00107263 0.000715523 0.00047038 0.000304869 0.000195074 0.000123709 7.86106e-05 5.15302e-05 3.72099e-05 
4.11672e-05 4.67272e-05 6.45459e-05 9.81868e-05 0.000154088 0.000242323 0.000377692 0.000581147 0.000881553 0.00131775 0.00194082 0.00281652 0.0040275 0.00567533 0.00788177 0.0107891 0.0145591 0.0193705 0.0254143 0.0328873 0.0419839 0.0528863 0.0657535 0.0807101 0.0978359 0.117157 0.138637 0.162177 0.187612 0.214716 0.243209 0.272764 0.303023 0.333611 0.364144 0.394249 0.423573 0.451791 0.478617 0.503805 0.527152 0.548501 0.567733 0.584765 0.599545 0.612046 0.622259 0.630188 0.63584 0.639226 0.640354 0.639226 0.63584 0.630188 0.622259 0.612046 0.599545 0.584765 0.567733 0.548501 0.527152 0.503805 0.478617 0.451791 0.423573 0.394249 0.364144 0.333611 0.303023 0.272764 0.243209 0.214716 0.187612 0.162177 0.138637 0.117157 0.0978359 0.0807101 0.0657535 0.0528863 0.0419839 0.0328873 0.0254143 0.0193705 0.0145591 0.0107891 0.00788177 0.00567533 0.0040275 0.00281652 0.00194082 0.00131775 0.000881553 0.000581147 0.000377692 0.000242323 0.000154088 9.81868e-05 6.45459e-05 4.67272e-05 
5.1149e-05 5.7994e-05 7.99118e-05 0.000121226 0.000189732 0.000297594 0.00046262 0.000709928 0.00107397 0.00160089 0.00235109 0.00340186 0.00484984 0.00681297 0.00943169 0.0128688 0.0173079 0.0229495 0.0300056 0.0386916 0.0492161 0.0617701 0.0765138 0.0935649 0.112987 0.134781 0.158876 0.185132 0.213335 0.243209 0.274419 0.306591 0.339319 0.372187 0.404782 0.436709 0.467602 0.497136 0.525031 0.551059 0.575037 0.596835 0.616362 0.633567 0.648428 0.660945 0.671135 0.679022 0.684632 0.687988 0.689105 0.687988 0.684632 0.679022 0.671135 0.660945 0.648428 0.633567 0.616362 0.596835 0.575037 0.551059 0.525031 0.497136 0.467602 0.436709 0.404782 0.372187 0.339319 0.306591 0.274419 0.243209 0.213335 0.185132 0.158876 0.134781 0.112987 0.0935649 0.0765138 0.0617701 0.0492161 0.0386916 0.0300056 0.0229495 0.0173079 0.0128688 0.00943169 0.00681297 0.00484984 0.00340186 0.00235109 0.00160089 0.00107397 0.000709928 0.00046262 0.000297594 0.000189732 0.000121226 7.99118e-05 5.7994e-05 
6.28126e-05 7.11438e-05 9.77984e-05 0.000147964 0.000230976 0.00036136 0.000560315 0.000857622 0.00129397 0.00192358 0.0028171 0.00406444 0.00577735 0.00809135 0.0111667 0.0151876 0.0203599 0.0269064 0.0350593 0.0450511 0.0571025 0.0714099 0.0881306 0.107371 0.129171 0.153502 0.180253 0.209235 0.240183 0.272764 0.306591 0.341236 0.376252 0.411183 0.445591 0.479064 0.511233 0.541777 0.570432 0.596991 0.621302 0.643265 0.662826 0.679965 0.694695 0.707047 0.717064 0.724792 0.730277 0.733552 0.734641 0.733552 0.730277 0.724792 0.717064 0.707047 0.694695 0.679965 0.662826 0.643265 0.621302 0.596991 0.570432 0.541777 0.511233 0.479064 0.445591 0.411183 0.376252 0.341236 0.306591 0.272764 0.240183 0.209235 0.180253 0.153502 0.129171 0.107371 0.0881306 0.0714099 0.0571025 0.0450511 0.0350593 0.0269064 0.0203599 0.0151876 0.0111667 0.00809135 0.00577735 0.00406444 0.0028171 0.00192358 0.00129397 0.000857622 0.000560315 0.00036136 0.000230976 0.000147964 9.77984e-05 7.11438e-05 
7.62466e-05 8.62729e-05 0.000118325 0.000178559 0.000278033 0.000433908 0.000671148 0.00102469 0.00154207 0.00228636 0.00333932 0.00480445 0.00680963 0.00950898 0.0130834 0.0177392 0.0237048 0.0312247 0.0405505 0.0519298 0.0655927 0.0817371 0.100513 0.122009 0.14624 0.173136 0.202543 0.234219 0.267843 0.303023 0.339319 0.376252 0.41333 0.450069 0.486007 0.520725 0.553854 0.585087 0.614183 0.640963 0.66531 0.687162 0.706502 0.72335 0.737751 0.74977 0.759475 0.766938 0.77222 0.775368 0.776415 0.775368 0.77222 0.766938 0.759475 0.74977 0.737751 0.72335 0.706502 0.687162 0.66531 0.640963 0.614183 0.585087 0.553854 0.520725 0.486007 0.450069 0.41333 0.376252 0.339319 0.303023 0.267843 0.234219 0.202543 0.173136 0.14624 0.122009 0.100513 0.0817371 0.0655927 0.0519298 0.0405505 0.0312247 0.0237048 0.0177392 0.0130834 0.00950898 0.00680963 0.00480445 0.00333932 0.00228636 0.00154207 0.00102469 0.000671148 0.000433908 0.000278033 0.000178559 0.000118325 8.62729e-05 
9.14955e-05 0.000103427 0.000141542 0.000213068 0.000330964 0.000515291 0.000795135 0.00121106 0.00181803 0.00268866 0.00391662 0.00561983 0.0079432 0.0110602 0.015173 0.0205104 0.0273232 0.0358767 0.0464405 0.0592751 0.0746168 0.0926608 0.113545 0.137336 0.164015 0.19347 0.225494 0.259791 0.29598 0.333611 0.372187 0.411183 0.450069 0.488333 0.525498 0.561142 0.594908 0.626509 0.655732 0.682433 0.706536 0.728019 0.746907 0.763257 0.777154 0.788691 0.797966 0.805072 0.810086 0.813069 0.814059 0.813069 0.810086 0.805072 0.797966 0.788691 0.777154 0.763257 0.746907 0.728019 0.706536 0.682433 0.655732 0.626509 0.594908 0.561142 0.525498 0.488333 0.450069 0.411183 0.372187 0.333611 0.29598 0.259791 0.225494 0.19347 0.164015 0.137336 0.113545 0.0926608 0.0746168 0.0592751 0.0464405 0.0358767 0.0273232 0.0205104 0.015173 0.0110602 0.0079432 0.00561983 0.00391662 0.00268866 0.00181803 0.00121106 0.000795135 0.000515291 0.000330964 0.000213068 0.000141542 0.000103427 
0.000108549 0.000122593 0.000167421 0.00025143 0.000389649 0.000605282 0.000931877 0.00141605 0.00212071 0.00312863 0.00454604 0.00650605 0.0091712 0.0127349 0.017421 0.0234805 0.0311861 0.0408232 0.0526771 0.0670187 0.0840867 0.10407 0.12709 0.153184 0.182295 0.214265 0.248833 0.28564 0.324246 0.364144 0.404782 0.445591 0.486007 0.525498 0.563579 0.599833 0.633919 0.665579 0.694633 0.720979 0.744584 0.765469 0.783702 0.799381 0.812625 0.823559 0.832307 0.838981 0.843676 0.846463 0.847387 0.846463 0.843676 0.838981 0.832307 0.823559 0.812625 0.799381 0.783702 0.765469 0.744584 0.720979 0.694633 0.665579 0.633919 0.599833 0.563579 0.525498 0.486007 0.445591 0.404782 0.364144 0.324246 0.28564 0.248833 0.214265 0.182295 0.153184 0.12709 0.10407 0.0840867 0.0670187 0.0526771 0.0408232 0.0311861 0.0234805 0.017421 0.0127349 0.0091712 0.00650605 0.00454604 0.00312863 0.00212071 0.00141605 0.000931877 0.000605282 0.000389649 0.00025143 0.000167421 0.000122593 
0.000127335 0.000143685 0.000195837 0.000293446 0.00045376 0.00070335 0.00108051 0.00163829 0.00244799 0.00360303 0.00522276 0.00745596 0.0104833 0.0145184 0.0198067 0.0266213 0.0352558 0.046014 0.059195 0.075077 0.0938977 0.115835 0.140989 0.169364 0.200862 0.235271 0.272273 0.311449 0.352295 0.394249 0.436709 0.479064 0.520725 0.561142 0.599833 0.636391 0.670501 0.701935 0.730555 0.756303 0.779192 0.799287 0.816701 0.831569 0.844044 0.854283 0.862431 0.86862 0.872959 0.875529 0.87638 0.875529 0.872959 0.86862 0.862431 0.854283 0.844044 0.831569 0.816701 0.799287 0.779192 0.756303 0.730555 0.701935 0.670501 0.636391 0.599833 0.561142 0.520725 0.479064 0.436709 0.394249 0.352295 0.311449 0.272273 0.235271 0.200862 0.169364 0.140989 0.115835 0.0938977 0.075077 0.059195 0.046014 0.0352558 0.0266213 0.0198067 0.0145184 0.0104833 0.00745596 0.00522276 0.00360303 0.00244799 0.00163829 0.00108051 0.00070335 0.00045376 0.000293446 0.000195837 0.000143685 
0.00014771 0.00016654 0.000226563 0.000338768 0.000522751 0.000808631 0.0012397 0.00187572 0.00279674 0.0041072 0.00593996 0.00845978 0.0118657 0.0163915 0.022304 0.0298976 0.0394859 0.0513889 0.0659175 0.0833539 0.103931 0.127813 0.155073 0.185679 0.219486 0.256228 0.295527 0.336902 0.379791 0.423573 0.467602 0.511233 0.553854 0.594908 0.633919 0.670501 0.704365 0.735324 0.763284 0.788233 0.810229 0.829385 0.845854 0.85981 0.871438 0.880918 0.88842 0.894091 0.898053 0.900393 0.901167 0.900393 0.898053 0.894091 0.88842 0.880918 0.871438 0.85981 0.845854 0.829385 0.810229 0.788233 0.763284 0.735324 0.704365 0.670501 0.633919 0.594908 0.553854 0.511233 0.467602 0.423573 0.379791 0.336902 0.295527 0.256228 0.219486 0.185679 0.155073 0.127813 0.103931 0.0833539 0.0659175 0.0513889 0.0394859 0.0298976 0.022304 0.0163915 0.0118657 0.00845978 0.00593996 0.0041072 0.00279674 0.00187572 0.0012397 0.000808631 0.000522751 0.000338768 0.000226563 0.00016654 
