8.43363e-08 9.29162e-08 1.2001e-07 1.69822e-07 2.4985e-07 3.71637e-07 5.51866e-07 8.13833e-07 1.18934e-06 1.72104e-06 2.46523e-06 3.49519e-06 4.90492e-06 6.8133e-06 9.36852e-06 1.27526e-05 1.71859e-05 2.29307e-05 3.02949e-05 3.96333e-05 5.13477e-05 6.58849e-05 8.37314e-05 0.000105405 0.000131445 0.000162392 0.000198774 0.000241082 0.000289746 0.000345103 0.000407378 0.000476647 0.000552821 0.000635618 0.000724551 0.000818917 0.000917794 0.00102006 0.00112438 0.00122927 0.00133311 0.00143417 0.00153071 0.00162094 0.00170318 0.0017758 0.00183737 0.00188664 0.00192258 0.00194445 0.00195179 0.00194445 0.00192258 0.00188664 0.00183737 0.0017758 0.00170318 0.00162094 0.00153071 0.00143417 0.00133311 0.00122927 0.00112438 0.00102006 0.000917794 0.000818917 0.000724551 0.000635618 0.000552821 0.000476647 0.000407378 0.000345103 0.000289746 0.000241082 0.000198774 0.000162392 0.000131445 0.000105405 8.37314e-05 6.58849e-05 5.13477e-05 3.96333e-05 3.02949e-05 2.29307e-05 1.71859e-05 1.27526e-05 9.36852e-06 6.8133e-06 4.90492e-06 3.49519e-06 2.46523e-06 1.72104e-06 1.18934e-06 8.13833e-07 5.51866e-07 3.71637e-07 2.4985e-07 1.69822e-07 1.2001e-07 9.29162e-08 
9.29162e-08 1.02337e-07 1.32079e-07 1.86738e-07 2.74503e-07 4.07973e-07 6.05344e-07 8.92006e-07 1.30258e-06 1.88345e-06 2.69579e-06 3.81912e-06 5.35535e-06 7.4332e-06 1.0213e-05 1.38913e-05 1.87058e-05 2.49395e-05 3.29234e-05 4.3039e-05 5.57175e-05 7.1438e-05 9.07211e-05 0.00011412 0.00014221 0.000175566 0.000214751 0.000260283 0.000312615 0.000372103 0.000438976 0.00051331 0.000594999 0.000683735 0.000778989 0.000880004 0.000985791 0.00109514 0.00120664 0.0013187 0.00142959 0.00153747 0.00164048 0.00173674 0.00182444 0.00190188 0.00196751 0.00202002 0.00205832 0.00208163 0.00208945 0.00208163 0.00205832 0.00202002 0.00196751 0.00190188 0.00182444 0.00173674 0.00164048 0.00153747 0.00142959 0.0013187 0.00120664 0.00109514 0.000985791 0.000880004 0.000778989 0.000683735 0.000594999 0.00051331 0.000438976 0.000372103 0.000312615 0.000260283 0.000214751 0.000175566 0.00014221 0.00011412 9.07211e-05 7.1438e-05 5.57175e-05 4.3039e-05 3.29234e-05 2.49395e-05 1.87058e-05 1.38913e-05 1.0213e-05 7.4332e-06 5.35535e-06 3.81912e-06 2.69579e-06 1.88345e-06 1.30258e-06 8.92006e-07 6.05344e-07 4.07973e-07 2.74503e-07 1.86738e-07 1.32079e-07 1.02337e-07 
1.2001e-07 1.32079e-07 1.70162e-07 2.4008e-07 3.52191e-07 5.2241e-07 7.73676e-07 1.13793e-06 1.65861e-06 2.39379e-06 3.41985e-06 4.83584e-06 6.7683e-06 9.37665e-06 1.28588e-05 1.74569e-05 2.34628e-05 3.12224e-05 4.11399e-05 5.36788e-05 6.93618e-05 8.87669e-05 0.00011252 0.000141285 0.000175746 0.000216587 0.00026447 0.000320002 0.000383708 0.000455991 0.000537105 0.000627112 0.000725861 0.000832957 0.000947743 0.00106929 0.00119641 0.00132763 0.00146127 0.00159542 0.00172803 0.00185693 0.00197989 0.0020947 0.00219923 0.00229147 0.00236961 0.00243209 0.00247766 0.00250538 0.00251469 0.00250538 0.00247766 0.00243209 0.00236961 0.00229147 0.00219923 0.0020947 0.00197989 0.00185693 0.00172803 0.00159542 0.00146127 0.00132763 0.00119641 0.00106929 0.000947743 0.000832957 0.000725861 0.000627112 0.000537105 0.000455991 0.000383708 0.000320002 0.00026447 0.000216587 0.000175746 0.000141285 0.00011252 8.87669e-05 6.93618e-05 5.36788e-05 4.11399e-05 3.12224e-05 2.34628e-05 1.74569e-05 1.28588e-05 9.37665e-06 6.7683e-06 4.83584e-06 3.41985e-06 2.39379e-06 1.65861e-06 1.13793e-06 7.73676e-07 5.2241e-07 3.52191e-07 2.4008e-07 1.70162e-07 1.32079e-07 
1.69822e-07 1.86738e-07 2.4008e-07 3.37893e-07 4.94481e-07 7.31772e-07 1.0813e-06 1.58686e-06 2.30786e-06 3.32345e-06 4.73744e-06 6.68397e-06 9.33388e-06 1.29017e-05 1.76526e-05 2.39102e-05 3.20625e-05 4.25684e-05 5.59612e-05 7.28504e-05 9.392e-05 0.000119923 0.000151672 0.000190022 0.000235849 0.000290026 0.000353389 0.000426698 0.000510599 0.000605577 0.000711918 0.000829662 0.000958569 0.00109809 0.00124733 0.00140508 0.00156976 0.00173947 0.00191203 0.00208501 0.00225575 0.00242151 0.00257945 0.00272678 0.00286078 0.00297894 0.00307898 0.00315893 0.00321721 0.00325266 0.00326455 0.00325266 0.00321721 0.00315893 0.00307898 0.00297894 0.00286078 0.00272678 0.00257945 0.00242151 0.00225575 0.00208501 0.00191203 0.00173947 0.00156976 0.00140508 0.00124733 0.00109809 0.000958569 0.000829662 0.000711918 0.000605577 0.000510599 0.000426698 0.000353389 0.000290026 0.000235849 0.000190022 0.000151672 0.000119923 9.392e-05 7.28504e-05 5.59612e-05 4.25684e-05 3.20625e-05 2.39102e-05 1.76526e-05 1.29017e-05 9.33388e-06 6.68397e-06 4.73744e-06 3.32345e-06 2.30786e-06 1.58686e-06 1.0813e-06 7.31772e-07 4.94481e-07 3.37893e-07 2.4008e-07 1.86738e-07 
2.4985e-07 2.74503e-07 3.52191e-07 4.94481e-07 7.21905e-07 1.06588e-06 1.5715e-06 2.30118e-06 3.33941e-06 4.79836e-06 6.82473e-06 9.60741e-06 1.33862e-05 1.84611e-05 2.52017e-05 3.40571e-05 4.55642e-05 6.03547e-05 7.91603e-05 0.000102813 0.000132243 0.00016847 0.000212585 0.000265733 0.000329081 0.000403781 0.000490925 0.000591497 0.000706318 0.00083599 0.000980836 0.00114085 0.00131565 0.00150444 0.00170598 0.00191857 0.0021401 0.002368 0.00259934 0.00283087 0.00305908 0.00328034 0.0034909 0.0036871 0.00386539 0.00402247 0.00415535 0.00426151 0.00433885 0.00438588 0.00440166 0.00438588 0.00433885 0.00426151 0.00415535 0.00402247 0.00386539 0.0036871 0.0034909 0.00328034 0.00305908 0.00283087 0.00259934 0.002368 0.0021401 0.00191857 0.00170598 0.00150444 0.00131565 0.00114085 0.000980836 0.00083599 0.000706318 0.000591497 0.000490925 0.000403781 0.000329081 0.000265733 0.000212585 0.00016847 0.000132243 0.000102813 7.91603e-05 6.03547e-05 4.55642e-05 3.40571e-05 2.52017e-05 1.84611e-05 1.33862e-05 9.60741e-06 6.82473e-06 4.79836e-06 3.33941e-06 2.30118e-06 1.5715e-06 1.06588e-06 7.21905e-07 4.94481e-07 3.52191e-07 2.74503e-07 
3.71637e-07 4.07973e-07 5.2241e-07 7.31772e-07 1.06588e-06 1.5703e-06 2.31025e-06 3.37583e-06 4.88861e-06 7.00956e-06 9.94852e-06 1.39749e-05 1.94294e-05 2.67369e-05 3.64192e-05 4.91076e-05 6.55541e-05 8.66402e-05 0.000113382 0.000146932 0.00018857 0.000239691 0.000301787 0.000376407 0.000465123 0.000569474 0.000690907 0.00083071 0.000989936 0.00116933 0.00136926 0.00158962 0.00182983 0.00208871 0.00236451 0.00265488 0.00295688 0.00326703 0.00358133 0.0038954 0.00420454 0.00450383 0.00478833 0.00505313 0.00529352 0.00550513 0.00568403 0.00582686 0.00593089 0.00599412 0.00601533 0.00599412 0.00593089 0.00582686 0.00568403 0.00550513 0.00529352 0.00505313 0.00478833 0.00450383 0.00420454 0.0038954 0.00358133 0.00326703 0.00295688 0.00265488 0.00236451 0.00208871 0.00182983 0.00158962 0.00136926 0.00116933 0.000989936 0.00083071 0.000690907 0.000569474 0.000465123 0.000376407 0.000301787 0.000239691 0.00018857 0.000146932 0.000113382 8.66402e-05 6.55541e-05 4.91076e-05 3.64192e-05 2.67369e-05 1.94294e-05 1.39749e-05 9.94852e-06 7.00956e-06 4.88861e-06 3.37583e-06 2.31025e-06 1.5703e-06 1.06588e-06 7.31772e-07 5.2241e-07 4.07973e-07 
5.51866e-07 6.05344e-07 7.73676e-07 1.0813e-06 1.5715e-06 2.31025e-06 3.39183e-06 4.94616e-06 7.148e-06 1.02282e-05 1.44867e-05 2.03074e-05 2.81742e-05 3.86886e-05 5.25867e-05 7.07557e-05 9.42486e-05 0.000124295 0.000162306 0.000209874 0.000268763 0.000340884 0.000428268 0.000533014 0.000657238 0.000802995 0.000972198 0.00116653 0.00138733 0.00163552 0.00191148 0.00221499 0.0025451 0.00290013 0.0032776 0.00367425 0.00408602 0.00450815 0.00493524 0.00536134 0.00578014 0.00618508 0.00656952 0.00692696 0.00725113 0.00753626 0.00777714 0.00796935 0.00810928 0.00819431 0.00822283 0.00819431 0.00810928 0.00796935 0.00777714 0.00753626 0.00725113 0.00692696 0.00656952 0.00618508 0.00578014 0.00536134 0.00493524 0.00450815 0.00408602 0.00367425 0.0032776 0.00290013 0.0025451 0.00221499 0.00191148 0.00163552 0.00138733 0.00116653 0.000972198 0.000802995 0.000657238 0.000533014 0.000428268 0.000340884 0.000268763 0.000209874 0.000162306 0.000124295 9.42486e-05 7.07557e-05 5.25867e-05 3.86886e-05 2.81742e-05 2.03074e-05 1.44867e-05 1.02282e-05 7.148e-06 4.94616e-06 3.39183e-06 2.31025e-06 1.5715e-06 1.0813e-06 7.73676e-07 6.05344e-07 
8.13833e-07 8.92006e-07 1.13793e-06 1.58686e-06 2.30118e-06 3.37583e-06 4.94616e-06 7.19821e-06 1.03816e-05 1.48252e-05 2.09549e-05 2.93142e-05 4.05859e-05 5.56158e-05 7.54354e-05 0.000101284 0.000134625 0.000177163 0.000230845 0.000297859 0.000380614 0.000481713 0.000603902 0.000750006 0.000922848 0.00112515 0.00135942 0.00162784 0.00193209 0.00227329 0.00265179 0.00306715 0.00351793 0.00400172 0.00451505 0.00505341 0.00561125 0.00618212 0.00675871 0.00733308 0.00789678 0.00844109 0.00895722 0.00943655 0.00987086 0.0102525 0.0105748 0.0108317 0.0110187 0.0111323 0.0111704 0.0111323 0.0110187 0.0108317 0.0105748 0.0102525 0.00987086 0.00943655 0.00895722 0.00844109 0.00789678 0.00733308 0.00675871 0.00618212 0.00561125 0.00505341 0.00451505 0.00400172 0.00351793 0.00306715 0.00265179 0.00227329 0.00193209 0.00162784 0.00135942 0.00112515 0.000922848 0.000750006 0.000603902 0.000481713 0.000380614 0.000297859 0.000230845 0.000177163 0.000134625 0.000101284 7.54354e-05 5.56158e-05 4.05859e-05 2.93142e-05 2.09549e-05 1.48252e-05 1.03816e-05 7.19821e-06 4.94616e-06 3.37583e-06 2.30118e-06 1.58686e-06 1.13793e-06 8.92006e-07 
1.18934e-06 1.30258e-06 1.65861e-06 2.30786e-06 3.33941e-06 4.88861e-06 7.148e-06 1.03816e-05 1.49429e-05 2.12958e-05 3.00396e-05 4.19366e-05 5.79417e-05 7.92332e-05 0.000107243 0.000143686 0.000190579 0.000250259 0.00032539 0.000418946 0.00053419 0.000674626 0.000843933 0.00104587 0.00128417 0.00156239 0.00188378 0.00225112 0.0026665 0.00313121 0.00364555 0.00420867 0.00481848 0.00547154 0.00616305 0.00688682 0.00763537 0.00840001 0.009171 0.00993779 0.0106892 0.0114138 0.0121 0.0127365 0.0133127 0.0138186 0.0142454 0.0145856 0.014833 0.0149833 0.0150337 0.0149833 0.014833 0.0145856 0.0142454 0.0138186 0.0133127 0.0127365 0.0121 0.0114138 0.0106892 0.00993779 0.009171 0.00840001 0.00763537 0.00688682 0.00616305 0.00547154 0.00481848 0.00420867 0.00364555 0.00313121 0.0026665 0.00225112 0.00188378 0.00156239 0.00128417 0.00104587 0.000843933 0.000674626 0.00053419 0.000418946 0.00032539 0.000250259 0.000190579 0.000143686 0.000107243 7.92332e-05 5.79417e-05 4.19366e-05 3.00396e-05 2.12958e-05 1.49429e-05 1.03816e-05 7.148e-06 4.88861e-06 3.33941e-06 2.30786e-06 1.65861e-06 1.30258e-06 
1.72104e-06 1.88345e-06 2.39379e-06 3.32345e-06 4.79836e-06 7.00956e-06 1.02282e-05 1.48252e-05 2.12958e-05 3.0288e-05 4.26367e-05 5.94e-05 8.18994e-05 0.00011176 0.000150948 0.000201811 0.0002671 0.000349988 0.000454072 0.000583358 0.000742213 0.000935303 0.0011675 0.00144373 0.00176888 0.00214755 0.00258388 0.00308133 0.00364248 0.00426874 0.00496024 0.00571557 0.00653167 0.00740373 0.00832517 0.00928764 0.0102811 0.011294 0.0123136 0.0133259 0.0143164 0.0152701 0.0161722 0.017008 0.0177638 0.0184268 0.0189857 0.0194309 0.0197545 0.0199511 0.0200169 0.0199511 0.0197545 0.0194309 0.0189857 0.0184268 0.0177638 0.017008 0.0161722 0.0152701 0.0143164 0.0133259 0.0123136 0.011294 0.0102811 0.00928764 0.00832517 0.00740373 0.00653167 0.00571557 0.00496024 0.00426874 0.00364248 0.00308133 0.00258388 0.00214755 0.00176888 0.00144373 0.0011675 0.000935303 0.000742213 0.000583358 0.000454072 0.000349988 0.0002671 0.000201811 0.000150948 0.00011176 8.18994e-05 5.94e-05 4.26367e-05 3.0288e-05 2.12958e-05 1.48252e-05 1.02282e-05 7.00956e-06 4.79836e-06 3.32345e-06 2.39379e-06 1.88345e-06 
2.46523e-06 2.69579e-06 3.41985e-06 4.73744e-06 6.82473e-06 9.94852e-06 1.44867e-05 2.09549e-05 3.00396e-05 4.26367e-05 5.98964e-05 8.32724e-05 0.000114573 0.000156015 0.000210273 0.000280521 0.000370469 0.000484377 0.000627054 0.000803823 0.00102046 0.00128312 0.00159814 0.00197195 0.00241081 0.00292058 0.00350647 0.00417274 0.00492241 0.00575702 0.00667631 0.00767806 0.00875788 0.00990914 0.0111229 0.0123881 0.0136913 0.0150176 0.01635 0.0176708 0.018961 0.0202015 0.0213732 0.0224575 0.0234369 0.0242954 0.0250184 0.025594 0.0260122 0.0262661 0.0263512 0.0262661 0.0260122 0.025594 0.0250184 0.0242954 0.0234369 0.0224575 0.0213732 0.0202015 0.018961 0.0176708 0.01635 0.0150176 0.0136913 0.0123881 0.0111229 0.00990914 0.00875788 0.00767806 0.00667631 0.00575702 0.00492241 0.00417274 0.00350647 0.00292058 0.00241081 0.00197195 0.00159814 0.00128312 0.00102046 0.000803823 0.000627054 0.000484377 0.000370469 0.000280521 0.000210273 0.000156015 0.000114573 8.32724e-05 5.98964e-05 4.26367e-05 3.00396e-05 2.09549e-05 1.44867e-05 9.94852e-06 6.82473e-06 4.73744e-06 3.41985e-06 2.69579e-06 
3.49519e-06 3.81912e-06 4.83584e-06 6.68397e-06 9.60741e-06 1.39749e-05 2.03074e-05 2.93142e-05 4.19366e-05 5.94e-05 8.32724e-05 0.000115529 0.000158618 0.000215529 0.000289857 0.000385851 0.000508457 0.000663327 0.000856813 0.00109591 0.00138817 0.00174157 0.00216432 0.00266463 0.00325045 0.00392913 0.00470709 0.00558947 0.00657975 0.0076794 0.00888759 0.0102009 0.0116132 0.0131153 0.0146955 0.0163389 0.0180283 0.0197441 0.0214646 0.0231669 0.0248272 0.026421 0.0279243 0.0293138 0.0305674 0.031665 0.0325889 0.0333238 0.0338575 0.0341814 0.0342899 0.0341814 0.0338575 0.0333238 0.0325889 0.031665 0.0305674 0.0293138 0.0279243 0.026421 0.0248272 0.0231669 0.0214646 0.0197441 0.0180283 0.0163389 0.0146955 0.0131153 0.0116132 0.0102009 0.00888759 0.0076794 0.00657975 0.00558947 0.00470709 0.00392913 0.00325045 0.00266463 0.00216432 0.00174157 0.00138817 0.00109591 0.000856813 0.000663327 0.000508457 0.000385851 0.000289857 0.000215529 0.000158618 0.000115529 8.32724e-05 5.94e-05 4.19366e-05 2.93142e-05 2.03074e-05 1.39749e-05 9.60741e-06 6.68397e-06 4.83584e-06 3.81912e-06 
4.90492e-06 5.35535e-06 6.7683e-06 9.33388e-06 1.33862e-05 1.94294e-05 2.81742e-05 4.05859e-05 5.79417e-05 8.18994e-05 0.000114573 0.000158618 0.000217312 0.000294644 0.000395392 0.000525179 0.000690523 0.000898838 0.00115841 0.00147833 0.00186835 0.00233869 0.00289981 0.00356208 0.00433543 0.00522895 0.00625042 0.00740589 0.00869919 0.0101316 0.0117012 0.0134031 0.0152287 0.0171658 0.0191987 0.0213082 0.023472 0.0256649 0.0278597 0.0300272 0.0321374 0.0341599 0.0360648 0.0378231 0.0394077 0.0407937 0.0419592 0.0428856 0.0435582 0.0439662 0.0441029 0.0439662 0.0435582 0.0428856 0.0419592 0.0407937 0.0394077 0.0378231 0.0360648 0.0341599 0.0321374 0.0300272 0.0278597 0.0256649 0.023472 0.0213082 0.0191987 0.0171658 0.0152287 0.0134031 0.0117012 0.0101316 0.00869919 0.00740589 0.00625042 0.00522895 0.00433543 0.00356208 0.00289981 0.00233869 0.00186835 0.00147833 0.00115841 0.000898838 0.000690523 0.000525179 0.000395392 0.000294644 0.000217312 0.000158618 0.000114573 8.18994e-05 5.79417e-05 4.05859e-05 2.81742e-05 1.94294e-05 1.33862e-05 9.33388e-06 6.7683e-06 5.35535e-06 
6.8133e-06 7.4332e-06 9.37665e-06 1.29017e-05 1.84611e-05 2.67369e-05 3.86886e-05 5.56158e-05 7.92332e-05 0.00011176 0.000156015 0.000215529 0.000294644 0.000398625 0.000533747 0.000707373 0.00092799 0.00120522 0.00154974 0.00197322 0.00248808 0.00310727 0.00384394 0.00471101 0.00572071 0.00688405 0.00821031 0.00970641 0.0113764 0.0132209 0.0152369 0.017417 0.0197494 0.0222182 0.0248027 0.0274783 0.0302164 0.0329855 0.0357512 0.0384773 0.0411265 0.0436614 0.0460452 0.0482425 0.0502202 0.0519482 0.0534001 0.0545533 0.0553901 0.0558974 0.0560674 0.0558974 0.0553901 0.0545533 0.0534001 0.0519482 0.0502202 0.0482425 0.0460452 0.0436614 0.0411265 0.0384773 0.0357512 0.0329855 0.0302164 0.0274783 0.0248027 0.0222182 0.0197494 0.017417 0.0152369 0.0132209 0.0113764 0.00970641 0.00821031 0.00688405 0.00572071 0.00471101 0.00384394 0.00310727 0.00248808 0.00197322 0.00154974 0.00120522 0.00092799 0.000707373 0.000533747 0.000398625 0.000294644 0.000215529 0.000156015 0.00011176 7.92332e-05 5.56158e-05 3.86886e-05 2.67369e-05 1.84611e-05 1.29017e-05 9.37665e-06 7.4332e-06 
9.36852e-06 1.0213e-05 1.28588e-05 1.76526e-05 2.52017e-05 3.64192e-05 5.25867e-05 7.54354e-05 0.000107243 0.000150948 0.000210273 0.000289857 0.000395392 0.000533747 0.00071308 0.000942917 0.00123419 0.00159923 0.00205165 0.00260623 0.00327863 0.00408502 0.00504172 0.00616457 0.00746842 0.00896641 0.0106693 0.0125849 0.014717 0.0170655 0.0196252 0.0223856 0.0253312 0.0284409 0.031688 0.0350414 0.0384652 0.0419198 0.0453628 0.0487496 0.0520347 0.0551725 0.0581185 0.0608301 0.0632675 0.0653949 0.0671806 0.0685979 0.0696257 0.0702486 0.0704573 0.0702486 0.0696257 0.0685979 0.0671806 0.0653949 0.0632675 0.0608301 0.0581185 0.0551725 0.0520347 0.0487496 0.0453628 0.0419198 0.0384652 0.0350414 0.031688 0.0284409 0.0253312 0.0223856 0.0196252 0.0170655 0.014717 0.0125849 0.0106693 0.00896641 0.00746842 0.00616457 0.00504172 0.00408502 0.00327863 0.00260623 0.00205165 0.00159923 0.00123419 0.000942917 0.00071308 0.000533747 0.000395392 0.000289857 0.000210273 0.000150948 0.000107243 7.54354e-05 5.25867e-05 3.64192e-05 2.52017e-05 1.76526e-05 1.28588e-05 1.0213e-05 
1.27526e-05 1.38913e-05 1.74569e-05 2.39102e-05 3.40571e-05 4.91076e-05 7.07557e-05 0.000101284 0.000143686 0.000201811 0.000280521 0.000385851 0.000525179 0.000707373 0.000942917 0.001244 0.00162455 0.00210018 0.00268805 0.00340665 0.00427547 0.00531446 0.00654358 0.007982 0.00964743 0.0115553 0.0137178 0.0161433 0.0188352 0.0217917 0.0250049 0.0284604 0.0321376 0.0360091 0.0400412 0.0441946 0.0484248 0.0526831 0.0569175 0.0610741 0.0650979 0.0689342 0.0725298 0.0758344 0.0788009 0.081387 0.0835555 0.0852753 0.0865217 0.0872768 0.0875297 0.0872768 0.0865217 0.0852753 0.0835555 0.081387 0.0788009 0.0758344 0.0725298 0.0689342 0.0650979 0.0610741 0.0569175 0.0526831 0.0484248 0.0441946 0.0400412 0.0360091 0.0321376 0.0284604 0.0250049 0.0217917 0.0188352 0.0161433 0.0137178 0.0115553 0.00964743 0.007982 0.00654358 0.00531446 0.00427547 0.00340665 0.00268805 0.00210018 0.00162455 0.001244 0.000942917 0.000707373 0.000525179 0.000385851 0.000280521 0.000201811 0.000143686 0.000101284 7.07557e-05 4.91076e-05 3.40571e-05 2.39102e-05 1.74569e-05 1.38913e-05 
1.71859e-05 1.87058e-05 2.34628e-05 3.20625e-05 4.55642e-05 6.55541e-05 9.42486e-05 0.000134625 0.000190579 0.0002671 0.000370469 0.000508457 0.000690523 0.00092799 0.00123419 0.00162455 0.0021166 0.00272989 0.00348581 0.00440721 0.00551803 0.00684258 0.00840492 0.0102279 0.0123324 0.0147359 0.0174522 0.0204897 0.0238508 0.0275313 0.0315196 0.0357964 0.0403345 0.045099 0.0500477 0.0551318 0.0602968 0.0654833 0.0706287 0.0756684 0.0805368 0.0851696 0.0895042 0.0934814 0.0970466 0.100151 0.102751 0.104812 0.106304 0.107208 0.10751 0.107208 0.106304 0.104812 0.102751 0.100151 0.0970466 0.0934814 0.0895042 0.0851696 0.0805368 0.0756684 0.0706287 0.0654833 0.0602968 0.0551318 0.0500477 0.045099 0.0403345 0.0357964 0.0315196 0.0275313 0.0238508 0.0204897 0.0174522 0.0147359 0.0123324 0.0102279 0.00840492 0.00684258 0.00551803 0.00440721 0.00348581 0.00272989 0.0021166 0.00162455 0.00123419 0.00092799 0.000690523 0.000508457 0.000370469 0.0002671 0.000190579 0.000134625 9.42486e-05 6.55541e-05 4.55642e-05 3.20625e-05 2.34628e-05 1.87058e-05 
2.29307e-05 2.49395e-05 3.12224e-05 4.25684e-05 6.03547e-05 8.66402e-05 0.000124295 0.000177163 0.000250259 0.000349988 0.000484377 0.000663327 0.000898838 0.00120522 0.00159923 0.00210018 0.00272989 0.00351259 0.00447457 0.00564379 0.00704925 0.00872021 0.0106853 0.0129713 0.0156022 0.0185979 0.021973 0.0257356 0.0298864 0.0344178 0.0393132 0.0445471 0.0500844 0.0558812 0.061885 0.0680363 0.0742686 0.0805111 0.086689 0.0927259 0.0985452 0.104072 0.109233 0.11396 0.118192 0.121871 0.12495 0.127388 0.129152 0.13022 0.130578 0.13022 0.129152 0.127388 0.12495 0.121871 0.118192 0.11396 0.109233 0.104072 0.0985452 0.0927259 0.086689 0.0805111 0.0742686 0.0680363 0.061885 0.0558812 0.0500844 0.0445471 0.0393132 0.0344178 0.0298864 0.0257356 0.021973 0.0185979 0.0156022 0.0129713 0.0106853 0.00872021 0.00704925 0.00564379 0.00447457 0.00351259 0.00272989 0.00210018 0.00159923 0.00120522 0.000898838 0.000663327 0.000484377 0.000349988 0.000250259 0.000177163 0.000124295 8.66402e-05 6.03547e-05 4.25684e-05 3.12224e-05 2.49395e-05 
3.02949e-05 3.29234e-05 4.11399e-05 5.59612e-05 7.91603e-05 0.000113382 0.000162306 0.000230845 0.00032539 0.000454072 0.000627054 0.000856813 0.00115841 0.00154974 0.00205165 0.00268805 0.00348581 0.00447457 0.00568632 0.00715484 0.00891484 0.011001 0.013447 0.0162836 0.0195382 0.0232325 0.0273816 0.0319925 0.0370631 0.0425813 0.0485244 0.0548586 0.0615396 0.0685126 0.0757137 0.0830704 0.0905037 0.0979291 0.105259 0.112404 0.119277 0.125789 0.131859 0.13741 0.14237 0.146677 0.150277 0.153125 0.155184 0.15643 0.156847 0.15643 0.155184 0.153125 0.150277 0.146677 0.14237 0.13741 0.131859 0.125789 0.119277 0.112404 0.105259 0.0979291 0.0905037 0.0830704 0.0757137 0.0685126 0.0615396 0.0548586 0.0485244 0.0425813 0.0370631 0.0319925 0.0273816 0.0232325 0.0195382 0.0162836 0.013447 0.011001 0.00891484 0.00715484 0.00568632 0.00447457 0.00348581 0.00268805 0.00205165 0.00154974 0.00115841 0.000856813 0.000627054 0.000454072 0.00032539 0.000230845 0.000162306 0.000113382 7.91603e-05 5.59612e-05 4.11399e-05 3.29234e-05 
3.96333e-05 4.3039e-05 5.36788e-05 7.28504e-05 0.000102813 0.000146932 0.000209874 0.000297859 0.000418946 0.000583358 0.000803823 0.00109591 0.00147833 0.00197322 0.00260623 0.00340665 0.00440721 0.00564379 0.00715484 0.00898065 0.0111623 0.0137404 0.0167537 0.0202375 0.0242218 0.0287301 0.033777 0.0393678 0.045496 0.0521438 0.0592803 0.0668623 0.0748341 0.0831287 0.0916685 0.100367 0.109131 0.117861 0.126456 0.134813 0.142832 0.150414 0.157467 0.163904 0.169647 0.174627 0.178784 0.182069 0.184443 0.185878 0.186359 0.185878 0.184443 0.182069 0.178784 0.174627 0.169647 0.163904 0.157467 0.150414 0.142832 0.134813 0.126456 0.117861 0.109131 0.100367 0.0916685 0.0831287 0.0748341 0.0668623 0.0592803 0.0521438 0.045496 0.0393678 0.033777 0.0287301 0.0242218 0.0202375 0.0167537 0.0137404 0.0111623 0.00898065 0.00715484 0.00564379 0.00440721 0.00340665 0.00260623 0.00197322 0.00147833 0.00109591 0.000803823 0.000583358 0.000418946 0.000297859 0.000209874 0.000146932 0.000102813 7.28504e-05 5.36788e-05 4.3039e-05 
5.13477e-05 5.57175e-05 6.93618e-05 9.392e-05 0.000132243 0.00018857 0.000268763 0.000380614 0.00053419 0.000742213 0.00102046 0.00138817 0.00186835 0.00248808 0.00327863 0.00427547 0.00551803 0.00704925 0.00891484 0.0111623 0.0138396 0.0169936 0.0206684 0.0249035 0.0297314 0.0351765 0.0412522 0.0479602 0.0552889 0.0632125 0.0716905 0.0806682 0.0900767 0.0998348 0.10985 0.120019 0.130234 0.14038 0.150342 0.160003 0.169249 0.177971 0.186067 0.193441 0.20001 0.205696 0.210437 0.214179 0.216882 0.218515 0.219062 0.218515 0.216882 0.214179 0.210437 0.205696 0.20001 0.193441 0.186067 0.177971 0.169249 0.160003 0.150342 0.14038 0.130234 0.120019 0.10985 0.0998348 0.0900767 0.0806682 0.0716905 0.0632125 0.0552889 0.0479602 0.0412522 0.0351765 0.0297314 0.0249035 0.0206684 0.0169936 0.0138396 0.0111623 0.00891484 0.00704925 0.00551803 0.00427547 0.00327863 0.00248808 0.00186835 0.00138817 0.00102046 0.000742213 0.00053419 0.000380614 0.000268763 0.00018857 0.000132243 9.392e-05 6.93618e-05 5.57175e-05 
6.58849e-05 7.1438e-05 8.87669e-05 0.000119923 0.00016847 0.000239691 0.000340884 0.000481713 0.000674626 0.000935303 0.00128312 0.00174157 0.00233869 0.00310727 0.00408502 0.00531446 0.00684258 0.00872021 0.011001 0.0137404 0.0169936 0.020814 0.0252511 0.030348 0.0361395 0.0426495 0.0498891 0.0578552 0.0665289 0.0758746 0.0858404 0.0963576 0.107343 0.118698 0.130314 0.142071 0.153844 0.165503 0.176917 0.187955 0.198491 0.208407 0.217589 0.225937 0.233357 0.239772 0.245112 0.249323 0.252362 0.254197 0.254811 0.254197 0.252362 0.249323 0.245112 0.239772 0.233357 0.225937 0.217589 0.208407 0.198491 0.187955 0.176917 0.165503 0.153844 0.142071 0.130314 0.118698 0.107343 0.0963576 0.0858404 0.0758746 0.0665289 0.0578552 0.0498891 0.0426495 0.0361395 0.030348 0.0252511 0.020814 0.0169936 0.0137404 0.011001 0.00872021 0.00684258 0.00531446 0.00408502 0.00310727 0.00233869 0.00174157 0.00128312 0.000935303 0.000674626 0.000481713 0.000340884 0.000239691 0.00016847 0.000119923 8.87669e-05 7.1438e-05 
8.37314e-05 9.07211e-05 0.00011252 0.000151672 0.000212585 0.000301787 0.000428268 0.000603902 0.000843933 0.0011675 0.00159814 0.00216432 0.00289981 0.00384394 0.00504172 0.00654358 0.00840492 0.0106853 0.013447 0.0167537 0.0206684 0.0252511 0.0305562 0.0366303 0.0435089 0.0512148 0.0597551 0.0691199 0.079281 0.0901913 0.101785 0.113977 0.126667 0.13974 0.153067 0.166513 0.179932 0.19318 0.206109 0.218576 0.230445 0.241586 0.251878 0.261214 0.269497 0.276645 0.282588 0.287268 0.290642 0.292679 0.29336 0.292679 0.290642 0.287268 0.282588 0.276645 0.269497 0.261214 0.251878 0.241586 0.230445 0.218576 0.206109 0.19318 0.179932 0.166513 0.153067 0.13974 0.126667 0.113977 0.101785 0.0901913 0.079281 0.0691199 0.0597551 0.0512148 0.0435089 0.0366303 0.0305562 0.0252511 0.0206684 0.0167537 0.013447 0.0106853 0.00840492 0.00654358 0.00504172 0.00384394 0.00289981 0.00216432 0.00159814 0.0011675 0.000843933 0.000603902 0.000428268 0.000301787 0.000212585 0.000151672 0.00011252 9.07211e-05 
0.000105405 0.00011412 0.000141285 0.000190022 0.000265733 0.000376407 0.000533014 0.000750006 0.00104587 0.00144373 0.00197195 0.00266463 0.00356208 0.00471101 0.00616457 0.007982 0.0102279 0.0129713 0.0162836 0.0202375 0.0249035 0.030348 0.0366303 0.043799 0.0518899 0.0609225 0.0708982 0.0817985 0.0935835 0.106192 0.119542 0.133531 0.14804 0.162932 0.178062 0.193272 0.208402 0.223289 0.237773 0.251697 0.264914 0.277287 0.288689 0.299007 0.308144 0.316015 0.322548 0.327687 0.331388 0.333621 0.334367 0.333621 0.331388 0.327687 0.322548 0.316015 0.308144 0.299007 0.288689 0.277287 0.264914 0.251697 0.237773 0.223289 0.208402 0.193272 0.178062 0.162932 0.14804 0.133531 0.119542 0.106192 0.0935835 0.0817985 0.0708982 0.0609225 0.0518899 0.043799 0.0366303 0.030348 0.0249035 0.0202375 0.0162836 0.0129713 0.0102279 0.007982 0.00616457 0.00471101 0.00356208 0.00266463 0.00197195 0.00144373 0.00104587 0.000750006 0.000533014 0.000376407 0.000265733 0.000190022 0.000141285 0.00011412 
0.000131445 0.00014221 0.000175746 0.000235849 0.000329081 0.000465123 0.000657238 0.000922848 0.00128417 0.00176888 0.00241081 0.00325045 0.00433543 0.00572071 0.00746842 0.00964743 0.0123324 0.0156022 0.0195382 0.0242218 0.0297314 0.0361395 0.0435089 0.0518899 0.0613162 0.071803 0.0833435 0.0959083 0.109444 0.123872 0.139092 0.154981 0.1714 0.188192 0.205189 0.222216 0.239093 0.255642 0.27169 0.287068 0.301622 0.315207 0.327693 0.338966 0.348926 0.357489 0.364586 0.370161 0.374172 0.37659 0.377398 0.37659 0.374172 0.370161 0.364586 0.357489 0.348926 0.338966 0.327693 0.315207 0.301622 0.287068 0.27169 0.255642 0.239093 0.222216 0.205189 0.188192 0.1714 0.154981 0.139092 0.123872 0.109444 0.0959083 0.0833435 0.071803 0.0613162 0.0518899 0.0435089 0.0361395 0.0297314 0.0242218 0.0195382 0.0156022 0.0123324 0.00964743 0.00746842 0.00572071 0.00433543 0.00325045 0.00241081 0.00176888 0.00128417 0.000922848 0.000657238 0.000465123 0.000329081 0.000235849 0.000175746 0.00014221 
0.000162392 0.000175566 0.000216587 0.000290026 0.000403781 0.000569474 0.000802995 0.00112515 0.00156239 0.00214755 0.00292058 0.00392913 0.00522895 0.00688405 0.00896641 0.0115553 0.0147359 0.0185979 0.0232325 0.0287301 0.0351765 0.0426495 0.0512148 0.0609225 0.071803 0.0838644 0.09709 0.111437 0.126834 0.143185 0.160369 0.178241 0.196638 0.215381 0.234283 0.253146 0.271776 0.289979 0.307569 0.32437 0.340219 0.354969 0.368489 0.380663 0.391395 0.400603 0.408221 0.414198 0.418493 0.421081 0.421945 0.421081 0.418493 0.414198 0.408221 0.400603 0.391395 0.380663 0.368489 0.354969 0.340219 0.32437 0.307569 0.289979 0.271776 0.253146 0.234283 0.215381 0.196638 0.178241 0.160369 0.143185 0.126834 0.111437 0.09709 0.0838644 0.071803 0.0609225 0.0512148 0.0426495 0.0351765 0.0287301 0.0232325 0.0185979 0.0147359 0.0115553 0.00896641 0.00688405 0.00522895 0.00392913 0.00292058 0.00214755 0.00156239 0.00112515 0.000802995 0.000569474 0.000403781 0.000290026 0.000216587 0.000175566 
0.000198774 0.000214751 0.00026447 0.000353389 0.000490925 0.000690907 0.000972198 0.00135942 0.00188378 0.00258388 0.00350647 0.00470709 0.00625042 0.00821031 0.0106693 0.0137178 0.0174522 0.021973 0.0273816 0.033777 0.0412522 0.0498891 0.0597551 0.0708982 0.0833435 0.09709 0.112108 0.128338 0.145691 0.164049 0.183266 0.203176 0.22359 0.244308 0.265119 0.285808 0.306164 0.325979 0.345058 0.363218 0.380292 0.396132 0.410608 0.423609 0.435041 0.444829 0.452913 0.459244 0.46379 0.466527 0.46744 0.466527 0.46379 0.459244 0.452913 0.444829 0.435041 0.423609 0.410608 0.396132 0.380292 0.363218 0.345058 0.325979 0.306164 0.285808 0.265119 0.244308 0.22359 0.203176 0.183266 0.164049 0.145691 0.128338 0.112108 0.09709 0.0833435 0.0708982 0.0597551 0.0498891 0.0412522 0.033777 0.0273816 0.021973 0.0174522 0.0137178 0.0106693 0.00821031 0.00625042 0.00470709 0.00350647 0.00258388 0.00188378 0.00135942 0.000972198 0.000690907 0.000490925 0.000353389 0.00026447 0.000214751 
0.000241082 0.000260283 0.000320002 0.000426698 0.000591497 0.00083071 0.00116653 0.00162784 0.00225112 0.00308133 0.00417274 0.00558947 0.00740589 0.00970641 0.0125849 0.0161433 0.0204897 0.0257356 0.0319925 0.0393678 0.0479602 0.0578552 0.0691199 0.0817985 0.0959083 0.111437 0.128338 0.146535 0.165916 0.186338 0.207634 0.229607 0.252048 0.27473 0.297423 0.319894 0.341916 0.36327 0.383753 0.403178 0.421378 0.438206 0.453539 0.467269 0.479312 0.4896 0.498079 0.50471 0.509466 0.512326 0.51328 0.512326 0.509466 0.50471 0.498079 0.4896 0.479312 0.467269 0.453539 0.438206 0.421378 0.403178 0.383753 0.36327 0.341916 0.319894 0.297423 0.27473 0.252048 0.229607 0.207634 0.186338 0.165916 0.146535 0.128338 0.111437 0.0959083 0.0817985 0.0691199 0.0578552 0.0479602 0.0393678 0.0319925 0.0257356 0.0204897 0.0161433 0.0125849 0.00970641 0.00740589 0.00558947 0.00417274 0.00308133 0.00225112 0.00162784 0.00116653 0.00083071 0.000591497 0.000426698 0.000320002 0.000260283 
0.000289746 0.000312615 0.000383708 0.000510599 0.000706318 0.000989936 0.00138733 0.00193209 0.0026665 0.00364248 0.00492241 0.00657975 0.00869919 0.0113764 0.014717 0.0188352 0.0238508 0.0298864 0.0370631 0.045496 0.0552889 0.0665289 0.079281 0.0935835 0.109444 0.126834 0.145691 0.165916 0.187372 0.209892 0.23328 0.257314 0.281758 0.306364 0.330879 0.355054 0.378649 0.401437 0.42321 0.443779 0.462981 0.480674 0.496742 0.511087 0.523635 0.534329 0.543124 0.549991 0.554909 0.557864 0.55885 0.557864 0.554909 0.549991 0.543124 0.534329 0.523635 0.511087 0.496742 0.480674 0.462981 0.443779 0.42321 0.401437 0.378649 0.355054 0.330879 0.306364 0.281758 0.257314 0.23328 0.209892 0.187372 0.165916 0.145691 0.126834 0.109444 0.0935835 0.079281 0.0665289 0.0552889 0.045496 0.0370631 0.0298864 0.0238508 0.0188352 0.014717 0.0113764 0.00869919 0.00657975 0.00492241 0.00364248 0.0026665 0.00193209 0.00138733 0.000989936 0.000706318 0.000510599 0.000383708 0.000312615 
0.000345103 0.000372103 0.000455991 0.000605577 0.00083599 0.00116933 0.00163552 0.00227329 0.00313121 0.00426874 0.00575702 0.0076794 0.0101316 0.0132209 0.0170655 0.0217917 0.0275313 0.0344178 0.0425813 0.0521438 0.0632125 0.0758746 0.0901913 0.106192 0.123872 0.143185 0.164049 0.186338 0.209892 0.234514 0.259979 0.28604 0.312434 0.338889 0.365135 0.390907 0.415954 0.440044 0.462966 0.484535 0.504593 0.523007 0.539672 0.554503 0.567439 0.578434 0.587458 0.594491 0.59952 0.60254 0.603547 0.60254 0.59952 0.594491 0.587458 0.578434 0.567439 0.554503 0.539672 0.523007 0.504593 0.484535 0.462966 0.440044 0.415954 0.390907 0.365135 0.338889 0.312434 0.28604 0.259979 0.234514 0.209892 0.186338 0.164049 0.143185 0.123872 0.106192 0.0901913 0.0758746 0.0632125 0.0521438 0.0425813 0.0344178 0.0275313 0.0217917 0.0170655 0.0132209 0.0101316 0.0076794 0.00575702 0.00426874 0.00313121 0.00227329 0.00163552 0.00116933 0.00083599 0.000605577 0.000455991 0.000372103 
0.000407378 0.000438976 0.000537105 0.000711918 0.000980836 0.00136926 0.00191148 0.00265179 0.00364555 0.00496024 0.00667631 0.00888759 0.0117012 0.0152369 0.0196252 0.0250049 0.0315196 0.0393132 0.0485244 0.0592803 0.0716905 0.0858404 0.101785 0.119542 0.139092 0.160369 0.183266 0.207634 0.23328 0.259979 0.287479 0.315502 0.343761 0.371963 0.39982 0.427054 0.453407 0.478642 0.502552 0.524957 0.545708 0.564686 0.581799 0.596978 0.610176 0.621363 0.630524 0.637649 0.642737 0.645789 0.646807 0.645789 0.642737 0.637649 0.630524 0.621363 0.610176 0.596978 0.581799 0.564686 0.545708 0.524957 0.502552 0.478642 0.453407 0.427054 0.39982 0.371963 0.343761 0.315502 0.287479 0.259979 0.23328 0.207634 0.183266 0.160369 0.139092 0.119542 0.101785 0.0858404 0.0716905 0.0592803 0.0485244 0.0393132 0.0315196 0.0250049 0.0196252 0.0152369 0.0117012 0.00888759 0.00667631 0.00496024 0.00364555 0.00265179 0.00191148 0.00136926 0.000980836 0.000711918 0.000537105 0.000438976 
0.000476647 0.00051331 0.000627112 0.000829662 0.00114085 0.00158962 0.00221499 0.00306715 0.00420867 0.00571557 0.00767806 0.0102009 0.0134031 0.017417 0.0223856 0.0284604 0.0357964 0.0445471 0.0548586 0.0668623 0.0806682 0.0963576 0.113977 0.133531 0.154981 0.178241 0.203176 0.229607 0.257314 0.28604 0.315502 0.345396 0.37541 0.40523 0.434554 0.463093 0.490583 0.51679 0.541511 0.564576 0.585848 0.605224 0.622628 0.638011 0.651343 0.662611 0.671815 0.678959 0.684053 0.687105 0.688121 0.687105 0.684053 0.678959 0.671815 0.662611 0.651343 0.638011 0.622628 0.605224 0.585848 0.564576 0.541511 0.51679 0.490583 0.463093 0.434554 0.40523 0.37541 0.345396 0.315502 0.28604 0.257314 0.229607 0.203176 0.178241 0.154981 0.133531 0.113977 0.0963576 0.0806682 0.0668623 0.0548586 0.0445471 0.0357964 0.0284604 0.0223856 0.017417 0.0134031 0.0102009 0.00767806 0.00571557 0.00420867 0.00306715 0.00221499 0.00158962 0.00114085 0.000829662 0.000627112 0.00051331 
0.000552821 0.000594999 0.000725861 0.000958569 0.00131565 0.00182983 0.0025451 0.00351793 0.00481848 0.00653167 0.00875788 0.0116132 0.0152287 0.0197494 0.0253312 0.0321376 0.0403345 0.0500844 0.0615396 0.0748341 0.0900767 0.107343 0.126667 0.14804 0.1714 0.196638 0.22359 0.252048 0.281758 0.312434 0.343761 0.37541 0.407044 0.438333 0.46896 0.498629 0.527076 0.554069 0.579415 0.602956 0.624572 0.644178 0.661717 0.677161 0.6905 0.70174 0.710895 0.717987 0.723034 0.726055 0.727061 0.726055 0.723034 0.717987 0.710895 0.70174 0.6905 0.677161 0.661717 0.644178 0.624572 0.602956 0.579415 0.554069 0.527076 0.498629 0.46896 0.438333 0.407044 0.37541 0.343761 0.312434 0.281758 0.252048 0.22359 0.196638 0.1714 0.14804 0.126667 0.107343 0.0900767 0.0748341 0.0615396 0.0500844 0.0403345 0.0321376 0.0253312 0.0197494 0.0152287 0.0116132 0.00875788 0.00653167 0.00481848 0.00351793 0.0025451 0.00182983 0.00131565 0.000958569 0.000725861 0.000594999 
0.000635618 0.000683735 0.000832957 0.00109809 0.00150444 0.00208871 0.00290013 0.00400172 0.00547154 0.00740373 0.00990914 0.0131153 0.0171658 0.0222182 0.0284409 0.0360091 0.045099 0.0558812 0.0685126 0.0831287 0.0998348 0.118698 0.13974 0.162932 0.188192 0.215381 0.244308 0.27473 0.306364 0.338889 0.371963 0.40523 0.438333 0.470924 0.502677 0.533292 0.562506 0.590095 0.615876 0.63971 0.661495 0.681165 0.698689 0.714057 0.727282 0.738389 0.747411 0.754383 0.759336 0.762297 0.763282 0.762297 0.759336 0.754383 0.747411 0.738389 0.727282 0.714057 0.698689 0.681165 0.661495 0.63971 0.615876 0.590095 0.562506 0.533292 0.502677 0.470924 0.438333 0.40523 0.371963 0.338889 0.306364 0.27473 0.244308 0.215381 0.188192 0.162932 0.13974 0.118698 0.0998348 0.0831287 0.0685126 0.0558812 0.045099 0.0360091 0.0284409 0.0222182 0.0171658 0.0131153 0.00990914 0.00740373 0.00547154 0.00400172 0.00290013 0.00208871 0.00150444 0.00109809 0.000832957 0.000683735 
0.000724551 0.000778989 0.000947743 0.00124733 0.00170598 0.00236451 0.0032776 0.00451505 0.00616305 0.00832517 0.0111229 0.0146955 0.0191987 0.0248027 0.031688 0.0400412 0.0500477 0.061885 0.0757137 0.0916685 0.10985 0.130314 0.153067 0.178062 0.205189 0.234283 0.265119 0.297423 0.330879 0.365135 0.39982 0.434554 0.46896 0.502677 0.535371 0.566742 0.596532 0.624527 0.65056 0.67451 0.696295 0.715876 0.733241 0.748408 0.761408 0.772288 0.781099 0.78789 0.792706 0.795581 0.796537 0.795581 0.792706 0.78789 0.781099 0.772288 0.761408 0.748408 0.733241 0.715876 0.696295 0.67451 0.65056 0.624527 0.596532 0.566742 0.535371 0.502677 0.46896 0.434554 0.39982 0.365135 0.330879 0.297423 0.265119 0.234283 0.205189 0.178062 0.153067 0.130314 0.10985 0.0916685 0.0757137 0.061885 0.0500477 0.0400412 0.031688 0.0248027 0.0191987 0.0146955 0.0111229 0.00832517 0.00616305 0.00451505 0.0032776 0.00236451 0.00170598 0.00124733 0.000947743 0.000778989 
0.000818917 0.000880004 0.00106929 0.00140508 0.00191857 0.00265488 0.00367425 0.00505341 0.00688682 0.00928764 0.0123881 0.0163389 0.0213082 0.0274783 0.0350414 0.0441946 0.0551318 0.0680363 0.0830704 0.100367 0.120019 0.142071 0.166513 0.193272 0.222216 0.253146 0.285808 0.319894 0.355054 0.390907 0.427054 0.463093 0.498629 0.533292 0.566742 0.598682 0.628863 0.657082 0.683192 0.707092 0.728725 0.748074 0.765154 0.780005 0.792684 0.803255 0.811788 0.818348 0.82299 0.825757 0.826676 0.825757 0.82299 0.818348 0.811788 0.803255 0.792684 0.780005 0.765154 0.748074 0.728725 0.707092 0.683192 0.657082 0.628863 0.598682 0.566742 0.533292 0.498629 0.463093 0.427054 0.390907 0.355054 0.319894 0.285808 0.253146 0.222216 0.193272 0.166513 0.142071 0.120019 0.100367 0.0830704 0.0680363 0.0551318 0.0441946 0.0350414 0.0274783 0.0213082 0.0163389 0.0123881 0.00928764 0.00688682 0.00505341 0.00367425 0.00265488 0.00191857 0.00140508 0.00106929 0.000880004 
0.000917794 0.000985791 0.00119641 0.00156976 0.0021401 0.00295688 0.00408602 0.00561125 0.00763537 0.0102811 0.0136913 0.0180283 0.023472 0.0302164 0.0384652 0.0484248 0.0602968 0.0742686 0.0905037 0.109131 0.130234 0.153844 0.179932 0.208402 0.239093 0.271776 0.306164 0.341916 0.378649 0.415954 0.453407 0.490583 0.527076 0.562506 0.596532 0.628863 0.659258 0.687534 0.713562 0.737263 0.758607 0.777601 0.794287 0.808728 0.821002 0.831197 0.839398 0.845684 0.850122 0.852764 0.853641 0.852764 0.850122 0.845684 0.839398 0.831197 0.821002 0.808728 0.794287 0.777601 0.758607 0.737263 0.713562 0.687534 0.659258 0.628863 0.596532 0.562506 0.527076 0.490583 0.453407 0.415954 0.378649 0.341916 0.306164 0.271776 0.239093 0.208402 0.179932 0.153844 0.130234 0.109131 0.0905037 0.0742686 0.0602968 0.0484248 0.0384652 0.0302164 0.023472 0.0180283 0.0136913 0.0102811 0.00763537 0.00561125 0.00408602 0.00295688 0.0021401 0.00156976 0.00119641 0.000985791 
0.00102006 0.00109514 0.00132763 0.00173947 0.002368 0.00326703 0.00450815 0.00618212 0.00840001 0.011294 0.0150176 0.0197441 0.0256649 0.0329855 0.0419198 0.0526831 0.0654833 0.0805111 0.0979291 0.117861 0.14038 0.165503 0.19318 0.223289 0.255642 0.289979 0.325979 0.36327 0.401437 0.440044 0.478642 0.51679 0.554069 0.590095 0.624527 0.657082 0.687534 0.715717 0.741522 0.764897 0.785836 0.804374 0.820576 0.834531 0.846338 0.856104 0.863932 0.869913 0.874126 0.87663 0.87746 0.87663 0.874126 0.869913 0.863932 0.856104 0.846338 0.834531 0.820576 0.804374 0.785836 0.764897 0.741522 0.715717 0.687534 0.657082 0.624527 0.590095 0.554069 0.51679 0.478642 0.440044 0.401437 0.36327 0.325979 0.289979 0.255642 0.223289 0.19318 0.165503 0.14038 0.117861 0.0979291 0.0805111 0.0654833 0.0526831 0.0419198 0.0329855 0.0256649 0.0197441 0.0150176 0.011294 0.00840001 0.00618212 0.00450815 0.00326703 0.002368 0.00173947 0.00132763 0.00109514 
