1.42588e-05 1.49004e-05 1.68634e-05 2.02631e-05 2.52947e-05 3.22374e-05 4.14592e-05 5.34243e-05 6.86991e-05 8.79601e-05 0.000112 0.000141733 0.000178198 0.000222561 0.000276111 0.000340251 0.000416489 0.000506421 0.000611702 0.000734019 0.000875056 0.00103645 0.00121973 0.00142628 0.0016573 0.00191368 0.00219601 0.0025045 0.00283892 0.00319856 0.00358218 0.00398801 0.00441371 0.0048564 0.00531262 0.00577844 0.00624943 0.00672079 0.00718737 0.0076438 0.00808455 0.00850409 0.00889694 0.00925784 0.00958182 0.00986433 0.0101013 0.0102894 0.0104257 0.0105083 0.010536 0.0105083 0.0104257 0.0102894 0.0101013 0.00986433 0.00958182 0.00925784 0.00889694 0.00850409 0.00808455 0.0076438 0.00718737 0.00672079 0.00624943 0.00577844 0.00531262 0.0048564 0.00441371 0.00398801 0.00358218 0.00319856 0.00283892 0.0025045 0.00219601 0.00191368 0.0016573 0.00142628 0.00121973 0.00103645 0.000875056 0.000734019 0.000611702 0.000506421 0.000416489 0.000340251 0.000276111 0.000222561 0.000178198 0.000141733 0.000112 8.79601e-05 6.86991e-05 5.34243e-05 4.14592e-05 3.22374e-05 2.52947e-05 2.02631e-05 1.68634e-05 1.49004e-05 
1.49004e-05 1.55693e-05 1.76157e-05 2.11595e-05 2.64033e-05 3.36369e-05 4.32426e-05 5.57019e-05 7.16023e-05 9.16451e-05 0.000116652 0.000147569 0.000185474 0.00023157 0.000287191 0.000353787 0.000432916 0.000526222 0.000635412 0.000762226 0.000908393 0.00107559 0.0012654 0.00147924 0.00171832 0.00198356 0.00227555 0.00259448 0.00294011 0.00331169 0.00370792 0.00412697 0.00456642 0.00502327 0.00549396 0.00597444 0.00646014 0.0069461 0.00742704 0.00789741 0.00835155 0.00878375 0.0091884 0.00956009 0.00989371 0.0101846 0.0104286 0.0106222 0.0107626 0.0108476 0.0108761 0.0108476 0.0107626 0.0106222 0.0104286 0.0101846 0.00989371 0.00956009 0.0091884 0.00878375 0.00835155 0.00789741 0.00742704 0.0069461 0.00646014 0.00597444 0.00549396 0.00502327 0.00456642 0.00412697 0.00370792 0.00331169 0.00294011 0.00259448 0.00227555 0.00198356 0.00171832 0.00147924 0.0012654 0.00107559 0.000908393 0.000762226 0.000635412 0.000526222 0.000432916 0.000353787 0.000287191 0.00023157 0.000185474 0.000147569 0.000116652 9.16451e-05 7.16023e-05 5.57019e-05 4.32426e-05 3.36369e-05 2.64033e-05 2.11595e-05 1.76157e-05 1.55693e-05 
1.68634e-05 1.76157e-05 1.9917e-05 2.39007e-05 2.97923e-05 3.79143e-05 4.86916e-05 6.26587e-05 8.04676e-05 0.000102895 0.00013085 0.000165379 0.000207668 0.000259045 0.000320975 0.00039505 0.000482976 0.00058655 0.000707635 0.000848121 0.00100989 0.00119475 0.0014044 0.00164037 0.00190393 0.00219605 0.00251735 0.00286798 0.00324761 0.0036554 0.00408988 0.004549 0.00503009 0.00552985 0.00604439 0.00656925 0.00709946 0.00762963 0.00815401 0.00866658 0.00916121 0.00963173 0.0100721 0.0104764 0.0108392 0.0111554 0.0114206 0.0116309 0.0117834 0.0118758 0.0119068 0.0118758 0.0117834 0.0116309 0.0114206 0.0111554 0.0108392 0.0104764 0.0100721 0.00963173 0.00916121 0.00866658 0.00815401 0.00762963 0.00709946 0.00656925 0.00604439 0.00552985 0.00503009 0.004549 0.00408988 0.0036554 0.00324761 0.00286798 0.00251735 0.00219605 0.00190393 0.00164037 0.0014044 0.00119475 0.00100989 0.000848121 0.000707635 0.00058655 0.000482976 0.00039505 0.000320975 0.000259045 0.000207668 0.000165379 0.00013085 0.000102895 8.04676e-05 6.26587e-05 4.86916e-05 3.79143e-05 2.97923e-05 2.39007e-05 1.9917e-05 1.76157e-05 
2.02631e-05 2.11595e-05 2.39007e-05 2.86434e-05 3.56528e-05 4.53069e-05 5.81039e-05 7.46694e-05 9.57653e-05 0.000122298 0.000155326 0.000196064 0.000245889 0.000306337 0.000379099 0.000466006 0.000569018 0.00069019 0.000831648 0.00099554 0.00118399 0.00139905 0.00164261 0.00191637 0.00222173 0.00255973 0.00293099 0.00333563 0.0037732 0.00424262 0.00474218 0.00526946 0.00582134 0.00639401 0.006983 0.0075832 0.00818895 0.0087941 0.00939212 0.00997622 0.0105395 0.0110749 0.0115756 0.0120352 0.0124473 0.0128064 0.0131074 0.0133462 0.0135192 0.013624 0.0136591 0.013624 0.0135192 0.0133462 0.0131074 0.0128064 0.0124473 0.0120352 0.0115756 0.0110749 0.0105395 0.00997622 0.00939212 0.0087941 0.00818895 0.0075832 0.006983 0.00639401 0.00582134 0.00526946 0.00474218 0.00424262 0.0037732 0.00333563 0.00293099 0.00255973 0.00222173 0.00191637 0.00164261 0.00139905 0.00118399 0.00099554 0.000831648 0.00069019 0.000569018 0.000466006 0.000379099 0.000306337 0.000245889 0.000196064 0.000155326 0.000122298 9.57653e-05 7.46694e-05 5.81039e-05 4.53069e-05 3.56528e-05 2.86434e-05 2.39007e-05 2.11595e-05 
2.52947e-05 2.64033e-05 2.97923e-05 3.56528e-05 4.43071e-05 5.62151e-05 7.19814e-05 9.23647e-05 0.000118287 0.000150842 0.000191307 0.000241142 0.000301999 0.000375714 0.000464305 0.000569951 0.000694973 0.000841801 0.00101294 0.00121089 0.00143815 0.00169709 0.00198988 0.00231846 0.0026844 0.00308885 0.00353242 0.00401516 0.00453642 0.00509484 0.00568828 0.0063138 0.00696766 0.00764529 0.00834139 0.0090499 0.00976417 0.010477 0.0111807 0.0118674 0.012529 0.0131574 0.0137447 0.0142834 0.0147661 0.0151866 0.0155389 0.0158182 0.0160205 0.0161431 0.0161842 0.0161431 0.0160205 0.0158182 0.0155389 0.0151866 0.0147661 0.0142834 0.0137447 0.0131574 0.012529 0.0118674 0.0111807 0.010477 0.00976417 0.0090499 0.00834139 0.00764529 0.00696766 0.0063138 0.00568828 0.00509484 0.00453642 0.00401516 0.00353242 0.00308885 0.0026844 0.00231846 0.00198988 0.00169709 0.00143815 0.00121089 0.00101294 0.000841801 0.000694973 0.000569951 0.000464305 0.000375714 0.000301999 0.000241142 0.000191307 0.000150842 0.000118287 9.23647e-05 7.19814e-05 5.62151e-05 4.43071e-05 3.56528e-05 2.97923e-05 2.64033e-05 
3.22374e-05 3.36369e-05 3.79143e-05 4.53069e-05 5.62151e-05 7.12093e-05 9.10385e-05 0.000116641 0.000149156 0.000189931 0.000240536 0.000302762 0.00037863 0.000470381 0.000580468 0.000711534 0.000866383 0.00104794 0.00125921 0.00150319 0.00178282 0.0021009 0.00245999 0.00286231 0.00330966 0.0038033 0.00434384 0.0049312 0.00556447 0.00624187 0.00696072 0.00771734 0.00850715 0.0093246 0.0101632 0.0110158 0.0118742 0.01273 0.0135739 0.0143967 0.0151886 0.0159401 0.016642 0.0172852 0.0178614 0.0183629 0.018783 0.0191159 0.019357 0.0195031 0.019552 0.0195031 0.019357 0.0191159 0.018783 0.0183629 0.0178614 0.0172852 0.016642 0.0159401 0.0151886 0.0143967 0.0135739 0.01273 0.0118742 0.0110158 0.0101632 0.0093246 0.00850715 0.00771734 0.00696072 0.00624187 0.00556447 0.0049312 0.00434384 0.0038033 0.00330966 0.00286231 0.00245999 0.0021009 0.00178282 0.00150319 0.00125921 0.00104794 0.000866383 0.000711534 0.000580468 0.000470381 0.00037863 0.000302762 0.000240536 0.000189931 0.000149156 0.000116641 9.10385e-05 7.12093e-05 5.62151e-05 4.53069e-05 3.79143e-05 3.36369e-05 
4.14592e-05 4.32426e-05 4.86916e-05 5.81039e-05 7.19814e-05 9.10385e-05 0.000116212 0.000148674 0.000189844 0.000241399 0.000305286 0.000383725 0.000479211 0.000594505 0.000732617 0.000896784 0.00109043 0.0013171 0.00158043 0.00188404 0.00223144 0.00262597 0.00307063 0.00356803 0.00412021 0.00472855 0.00539365 0.00611523 0.00689202 0.0077217 0.00860085 0.00952488 0.0104881 0.0114837 0.0125037 0.0135394 0.014581 0.0156182 0.0166399 0.017635 0.0185919 0.0194992 0.0203459 0.0211213 0.0218155 0.0224193 0.0229249 0.0233254 0.0236154 0.023791 0.0238498 0.023791 0.0236154 0.0233254 0.0229249 0.0224193 0.0218155 0.0211213 0.0203459 0.0194992 0.0185919 0.017635 0.0166399 0.0156182 0.014581 0.0135394 0.0125037 0.0114837 0.0104881 0.00952488 0.00860085 0.0077217 0.00689202 0.00611523 0.00539365 0.00472855 0.00412021 0.00356803 0.00307063 0.00262597 0.00223144 0.00188404 0.00158043 0.0013171 0.00109043 0.000896784 0.000732617 0.000594505 0.000479211 0.000383725 0.000305286 0.000241399 0.000189844 0.000148674 0.000116212 9.10385e-05 7.19814e-05 5.81039e-05 4.86916e-05 4.32426e-05 
5.34243e-05 5.57019e-05 6.26587e-05 7.46694e-05 9.23647e-05 0.000116641 0.000148674 0.000189931 0.000242184 0.000307527 0.000388383 0.000487508 0.000607991 0.000753242 0.000926969 0.00113314 0.00137594 0.00165971 0.00198883 0.00236768 0.00280049 0.00329121 0.0038434 0.0044601 0.00514362 0.00589547 0.00671619 0.00760524 0.00856086 0.00958003 0.0106584 0.0117902 0.0129683 0.0141844 0.0154287 0.0166906 0.0179582 0.0192188 0.0204595 0.0216665 0.0228261 0.0239247 0.024949 0.0258865 0.0267251 0.0274543 0.0280645 0.0285477 0.0288976 0.0291093 0.0291803 0.0291093 0.0288976 0.0285477 0.0280645 0.0274543 0.0267251 0.0258865 0.024949 0.0239247 0.0228261 0.0216665 0.0204595 0.0192188 0.0179582 0.0166906 0.0154287 0.0141844 0.0129683 0.0117902 0.0106584 0.00958003 0.00856086 0.00760524 0.00671619 0.00589547 0.00514362 0.0044601 0.0038434 0.00329121 0.00280049 0.00236768 0.00198883 0.00165971 0.00137594 0.00113314 0.000926969 0.000753242 0.000607991 0.000487508 0.000388383 0.000307527 0.000242184 0.000189931 0.000148674 0.000116641 9.23647e-05 7.46694e-05 6.26587e-05 5.57019e-05 
6.86991e-05 7.16023e-05 8.04676e-05 9.57653e-05 0.000118287 0.000149156 0.000189844 0.000242184 0.000308389 0.000391067 0.000493226 0.000618285 0.000770062 0.000952762 0.00117094 0.00142947 0.00173345 0.00208815 0.0024989 0.00297096 0.00350939 0.00411889 0.00480367 0.00556721 0.00641216 0.00734012 0.00835152 0.00944544 0.0106195 0.0118698 0.0131907 0.0145751 0.0160143 0.0174978 0.0190137 0.0205491 0.0220896 0.02362 0.0251244 0.0265865 0.0279898 0.0293182 0.0305559 0.0316876 0.0326995 0.0335789 0.0343144 0.0348966 0.035318 0.035573 0.0356584 0.035573 0.035318 0.0348966 0.0343144 0.0335789 0.0326995 0.0316876 0.0305559 0.0293182 0.0279898 0.0265865 0.0251244 0.02362 0.0220896 0.0205491 0.0190137 0.0174978 0.0160143 0.0145751 0.0131907 0.0118698 0.0106195 0.00944544 0.00835152 0.00734012 0.00641216 0.00556721 0.00480367 0.00411889 0.00350939 0.00297096 0.0024989 0.00208815 0.00173345 0.00142947 0.00117094 0.000952762 0.000770062 0.000618285 0.000493226 0.000391067 0.000308389 0.000242184 0.000189844 0.000149156 0.000118287 9.57653e-05 8.04676e-05 7.16023e-05 
8.79601e-05 9.16451e-05 0.000102895 0.000122298 0.000150842 0.000189931 0.000241399 0.000307527 0.000391067 0.00049525 0.000623802 0.000780942 0.000971373 0.00120026 0.00147317 0.00179606 0.00217513 0.00261676 0.00312736 0.00371325 0.00438045 0.00513454 0.00598041 0.00692209 0.00796253 0.00910341 0.0103449 0.0116857 0.0131225 0.0146503 0.0162621 0.017949 0.0197001 0.0215027 0.0233423 0.0252032 0.027068 0.0289184 0.0307354 0.0324995 0.0341911 0.035791 0.0372802 0.0386412 0.0398572 0.0409133 0.0417962 0.0424949 0.0430004 0.0433064 0.0434088 0.0433064 0.0430004 0.0424949 0.0417962 0.0409133 0.0398572 0.0386412 0.0372802 0.035791 0.0341911 0.0324995 0.0307354 0.0289184 0.027068 0.0252032 0.0233423 0.0215027 0.0197001 0.017949 0.0162621 0.0146503 0.0131225 0.0116857 0.0103449 0.00910341 0.00796253 0.00692209 0.00598041 0.00513454 0.00438045 0.00371325 0.00312736 0.00261676 0.00217513 0.00179606 0.00147317 0.00120026 0.000971373 0.000780942 0.000623802 0.00049525 0.000391067 0.000307527 0.000241399 0.000189931 0.000150842 0.000122298 0.000102895 9.16451e-05 
0.000112 0.000116652 0.00013085 0.000155326 0.000191307 0.000240536 0.000305286 0.000388383 0.000493226 0.000623802 0.000784696 0.000981086 0.00121873 0.00150394 0.0018435 0.00224462 0.0027148 0.00326171 0.00389306 0.00461635 0.00543872 0.00636671 0.00740599 0.00856116 0.00983547 0.0112306 0.0127464 0.0143809 0.0161298 0.0179867 0.0199428 0.021987 0.024106 0.0262844 0.0285046 0.0307475 0.0329924 0.0352174 0.0373998 0.0395164 0.0415441 0.0434601 0.0452422 0.0468695 0.0483225 0.0495837 0.0506377 0.0514713 0.0520744 0.0524392 0.0525613 0.0524392 0.0520744 0.0514713 0.0506377 0.0495837 0.0483225 0.0468695 0.0452422 0.0434601 0.0415441 0.0395164 0.0373998 0.0352174 0.0329924 0.0307475 0.0285046 0.0262844 0.024106 0.021987 0.0199428 0.0179867 0.0161298 0.0143809 0.0127464 0.0112306 0.00983547 0.00856116 0.00740599 0.00636671 0.00543872 0.00461635 0.00389306 0.00326171 0.0027148 0.00224462 0.0018435 0.00150394 0.00121873 0.000981086 0.000784696 0.000623802 0.000493226 0.000388383 0.000305286 0.000240536 0.000191307 0.000155326 0.00013085 0.000116652 
0.000141733 0.000147569 0.000165379 0.000196064 0.000241142 0.000302762 0.000383725 0.000487508 0.000618285 0.000780942 0.000981086 0.00122504 0.0015198 0.00187303 0.00229293 0.00278819 0.00336782 0.004041 0.00481687 0.00570432 0.00671174 0.00784671 0.00911578 0.0105241 0.0120752 0.0137707 0.0156099 0.0175901 0.0197056 0.0219482 0.0243071 0.0267687 0.0293168 0.0319325 0.0345949 0.037281 0.0399661 0.0426242 0.0452284 0.0477515 0.0501662 0.0524457 0.0545641 0.056497 0.0582218 0.059718 0.0609677 0.0619559 0.0626704 0.0631027 0.0632473 0.0631027 0.0626704 0.0619559 0.0609677 0.059718 0.0582218 0.056497 0.0545641 0.0524457 0.0501662 0.0477515 0.0452284 0.0426242 0.0399661 0.037281 0.0345949 0.0319325 0.0293168 0.0267687 0.0243071 0.0219482 0.0197056 0.0175901 0.0156099 0.0137707 0.0120752 0.0105241 0.00911578 0.00784671 0.00671174 0.00570432 0.00481687 0.004041 0.00336782 0.00278819 0.00229293 0.00187303 0.0015198 0.00122504 0.000981086 0.000780942 0.000618285 0.000487508 0.000383725 0.000302762 0.000241142 0.000196064 0.000165379 0.000147569 
0.000178198 0.000185474 0.000207668 0.000245889 0.000301999 0.00037863 0.000479211 0.000607991 0.000770062 0.000971373 0.00121873 0.0015198 0.00188305 0.00231768 0.00283357 0.0034411 0.00415101 0.0049742 0.00592145 0.0070032 0.00822921 0.00960822 0.0111477 0.0128533 0.0147288 0.0167755 0.0189924 0.0213752 0.0239168 0.0266071 0.0294326 0.0323766 0.0354196 0.0385389 0.0417095 0.044904 0.0480933 0.0512466 0.0543324 0.0573188 0.0601739 0.0628666 0.0653669 0.0676464 0.0696791 0.0714413 0.0729125 0.0740752 0.0749158 0.0754241 0.0755943 0.0754241 0.0749158 0.0740752 0.0729125 0.0714413 0.0696791 0.0676464 0.0653669 0.0628666 0.0601739 0.0573188 0.0543324 0.0512466 0.0480933 0.044904 0.0417095 0.0385389 0.0354196 0.0323766 0.0294326 0.0266071 0.0239168 0.0213752 0.0189924 0.0167755 0.0147288 0.0128533 0.0111477 0.00960822 0.00822921 0.0070032 0.00592145 0.0049742 0.00415101 0.0034411 0.00283357 0.00231768 0.00188305 0.0015198 0.00121873 0.000971373 0.000770062 0.000607991 0.000479211 0.00037863 0.000301999 0.000245889 0.000207668 0.000185474 
0.000222561 0.00023157 0.000259045 0.000306337 0.000375714 0.000470381 0.000594505 0.000753242 0.000952762 0.00120026 0.00150394 0.00187303 0.00231768 0.00284891 0.0034785 0.00421876 0.00508241 0.00608227 0.00723098 0.00854067 0.0100226 0.0116868 0.0135415 0.015593 0.0178452 0.020299 0.0229524 0.0257998 0.0288323 0.032037 0.0353974 0.0388935 0.0425017 0.046195 0.0499437 0.0537155 0.0574761 0.0611896 0.0648193 0.068328 0.071679 0.0748362 0.0777652 0.0804334 0.082811 0.0848709 0.0865897 0.0879476 0.0889289 0.0895223 0.0897208 0.0895223 0.0889289 0.0879476 0.0865897 0.0848709 0.082811 0.0804334 0.0777652 0.0748362 0.071679 0.068328 0.0648193 0.0611896 0.0574761 0.0537155 0.0499437 0.046195 0.0425017 0.0388935 0.0353974 0.032037 0.0288323 0.0257998 0.0229524 0.020299 0.0178452 0.015593 0.0135415 0.0116868 0.0100226 0.00854067 0.00723098 0.00608227 0.00508241 0.00421876 0.0034785 0.00284891 0.00231768 0.00187303 0.00150394 0.00120026 0.000952762 0.000753242 0.000594505 0.000470381 0.000375714 0.000306337 0.000259045 0.00023157 
0.000276111 0.000287191 0.000320975 0.000379099 0.000464305 0.000580468 0.000732617 0.000926969 0.00117094 0.00147317 0.0018435 0.00229293 0.00283357 0.0034785 0.00424163 0.00513753 0.00618108 0.00738728 0.00877079 0.0103456 0.0121246 0.014119 0.0163381 0.0187887 0.0214744 0.0243957 0.0275493 0.030928 0.0345203 0.0383105 0.0422787 0.0464005 0.0506479 0.054989 0.0593888 0.0638094 0.0682109 0.0725517 0.0767892 0.0808807 0.084784 0.0884578 0.0918629 0.0949623 0.0977219 0.100111 0.102104 0.103677 0.104814 0.105501 0.105731 0.105501 0.104814 0.103677 0.102104 0.100111 0.0977219 0.0949623 0.0918629 0.0884578 0.084784 0.0808807 0.0767892 0.0725517 0.0682109 0.0638094 0.0593888 0.054989 0.0506479 0.0464005 0.0422787 0.0383105 0.0345203 0.030928 0.0275493 0.0243957 0.0214744 0.0187887 0.0163381 0.014119 0.0121246 0.0103456 0.00877079 0.00738728 0.00618108 0.00513753 0.00424163 0.0034785 0.00283357 0.00229293 0.0018435 0.00147317 0.00117094 0.000926969 0.000732617 0.000580468 0.000464305 0.000379099 0.000320975 0.000287191 
0.000340251 0.000353787 0.00039505 0.000466006 0.000569951 0.000711534 0.000896784 0.00113314 0.00142947 0.00179606 0.00224462 0.00278819 0.0034411 0.00421876 0.00513753 0.00621441 0.00746678 0.00891197 0.0105669 0.0124475 0.0145684 0.0169422 0.0195789 0.0224857 0.025666 0.0291194 0.0328412 0.0368219 0.0410472 0.0454979 0.0501498 0.0549742 0.0599377 0.0650029 0.0701288 0.0752716 0.0803849 0.0854208 0.0903306 0.0950656 0.0995776 0.10382 0.107748 0.11132 0.114499 0.117249 0.119541 0.12135 0.122657 0.123446 0.12371 0.123446 0.122657 0.12135 0.119541 0.117249 0.114499 0.11132 0.107748 0.10382 0.0995776 0.0950656 0.0903306 0.0854208 0.0803849 0.0752716 0.0701288 0.0650029 0.0599377 0.0549742 0.0501498 0.0454979 0.0410472 0.0368219 0.0328412 0.0291194 0.025666 0.0224857 0.0195789 0.0169422 0.0145684 0.0124475 0.0105669 0.00891197 0.00746678 0.00621441 0.00513753 0.00421876 0.0034411 0.00278819 0.00224462 0.00179606 0.00142947 0.00113314 0.000896784 0.000711534 0.000569951 0.000466006 0.00039505 0.000353787 
0.000416489 0.000432916 0.000482976 0.000569018 0.000694973 0.000866383 0.00109043 0.00137594 0.00173345 0.00217513 0.0027148 0.00336782 0.00415101 0.00508241 0.00618108 0.00746678 0.00895956 0.0106794 0.0126455 0.014876 0.0173872 0.020193 0.0233043 0.0267283 0.0304681 0.034522 0.0388835 0.0435403 0.0484748 0.0536637 0.0590782 0.0646841 0.0704423 0.0763091 0.0822371 0.0881757 0.0940716 0.0998703 0.105516 0.110954 0.11613 0.120991 0.125488 0.129574 0.133206 0.136346 0.138962 0.141026 0.142516 0.143416 0.143718 0.143416 0.142516 0.141026 0.138962 0.136346 0.133206 0.129574 0.125488 0.120991 0.11613 0.110954 0.105516 0.0998703 0.0940716 0.0881757 0.0822371 0.0763091 0.0704423 0.0646841 0.0590782 0.0536637 0.0484748 0.0435403 0.0388835 0.034522 0.0304681 0.0267283 0.0233043 0.020193 0.0173872 0.014876 0.0126455 0.0106794 0.00895956 0.00746678 0.00618108 0.00508241 0.00415101 0.00336782 0.0027148 0.00217513 0.00173345 0.00137594 0.00109043 0.000866383 0.000694973 0.000569018 0.000482976 0.000432916 
0.000506421 0.000526222 0.00058655 0.00069019 0.000841801 0.00104794 0.0013171 0.00165971 0.00208815 0.00261676 0.00326171 0.004041 0.0049742 0.00608227 0.00738728 0.00891197 0.0106794 0.0127121 0.0150321 0.0176597 0.0206128 0.0239067 0.0275528 0.0315584 0.0359257 0.0406516 0.0457269 0.0511365 0.0568586 0.0628653 0.0691224 0.0755896 0.0822215 0.0889675 0.0957729 0.10258 0.109328 0.115955 0.122399 0.128597 0.13449 0.140017 0.145125 0.149762 0.153881 0.157439 0.160401 0.162737 0.164423 0.165441 0.165782 0.165441 0.164423 0.162737 0.160401 0.157439 0.153881 0.149762 0.145125 0.140017 0.13449 0.128597 0.122399 0.115955 0.109328 0.10258 0.0957729 0.0889675 0.0822215 0.0755896 0.0691224 0.0628653 0.0568586 0.0511365 0.0457269 0.0406516 0.0359257 0.0315584 0.0275528 0.0239067 0.0206128 0.0176597 0.0150321 0.0127121 0.0106794 0.00891197 0.00738728 0.00608227 0.0049742 0.004041 0.00326171 0.00261676 0.00208815 0.00165971 0.0013171 0.00104794 0.000841801 0.00069019 0.00058655 0.000526222 
0.000611702 0.000635412 0.000707635 0.000831648 0.00101294 0.00125921 0.00158043 0.00198883 0.0024989 0.00312736 0.00389306 0.00481687 0.00592145 0.00723098 0.00877079 0.0105669 0.0126455 0.0150321 0.0177514 0.0208259 0.0242753 0.0281161 0.03236 0.037014 0.0420793 0.0475506 0.0534159 0.0596562 0.0662454 0.0731499 0.0803296 0.0877375 0.0953209 0.103022 0.110778 0.118523 0.12619 0.133708 0.141007 0.148019 0.154677 0.160915 0.166673 0.171895 0.176529 0.18053 0.183858 0.186482 0.188374 0.189517 0.189899 0.189517 0.188374 0.186482 0.183858 0.18053 0.176529 0.171895 0.166673 0.160915 0.154677 0.148019 0.141007 0.133708 0.12619 0.118523 0.110778 0.103022 0.0953209 0.0877375 0.0803296 0.0731499 0.0662454 0.0596562 0.0534159 0.0475506 0.0420793 0.037014 0.03236 0.0281161 0.0242753 0.0208259 0.0177514 0.0150321 0.0126455 0.0105669 0.00877079 0.00723098 0.00592145 0.00481687 0.00389306 0.00312736 0.0024989 0.00198883 0.00158043 0.00125921 0.00101294 0.000831648 0.000707635 0.000635412 
0.000734019 0.000762226 0.000848121 0.00099554 0.00121089 0.00150319 0.00188404 0.00236768 0.00297096 0.00371325 0.00461635 0.00570432 0.0070032 0.00854067 0.0103456 0.0124475 0.014876 0.0176597 0.0208259 0.0243994 0.0284018 0.0328503 0.0377569 0.043128 0.0489631 0.0552543 0.0619864 0.0691357 0.0766709 0.0845524 0.0927332 0.101159 0.109769 0.118498 0.127274 0.136023 0.14467 0.153136 0.161344 0.169217 0.176683 0.18367 0.190112 0.195948 0.201122 0.205586 0.209297 0.21222 0.214328 0.2156 0.216026 0.2156 0.214328 0.21222 0.209297 0.205586 0.201122 0.195948 0.190112 0.18367 0.176683 0.169217 0.161344 0.153136 0.14467 0.136023 0.127274 0.118498 0.109769 0.101159 0.0927332 0.0845524 0.0766709 0.0691357 0.0619864 0.0552543 0.0489631 0.043128 0.0377569 0.0328503 0.0284018 0.0243994 0.0208259 0.0176597 0.014876 0.0124475 0.0103456 0.00854067 0.0070032 0.00570432 0.00461635 0.00371325 0.00297096 0.00236768 0.00188404 0.00150319 0.00121089 0.00099554 0.000848121 0.000762226 
0.000875056 0.000908393 0.00100989 0.00118399 0.00143815 0.00178282 0.00223144 0.00280049 0.00350939 0.00438045 0.00543872 0.00671174 0.00822921 0.0100226 0.0121246 0.0145684 0.0173872 0.0206128 0.0242753 0.0284018 0.0330153 0.0381337 0.0437691 0.0499266 0.0566036 0.0637893 0.0714642 0.0795996 0.0881581 0.0970933 0.106351 0.115868 0.125575 0.135399 0.145259 0.155072 0.164754 0.174219 0.183381 0.192157 0.200467 0.208234 0.215387 0.22186 0.227594 0.232536 0.236642 0.239875 0.242204 0.243611 0.244081 0.243611 0.242204 0.239875 0.236642 0.232536 0.227594 0.22186 0.215387 0.208234 0.200467 0.192157 0.183381 0.174219 0.164754 0.155072 0.145259 0.135399 0.125575 0.115868 0.106351 0.0970933 0.0881581 0.0795996 0.0714642 0.0637893 0.0566036 0.0499266 0.0437691 0.0381337 0.0330153 0.0284018 0.0242753 0.0206128 0.0173872 0.0145684 0.0121246 0.0100226 0.00822921 0.00671174 0.00543872 0.00438045 0.00350939 0.00280049 0.00223144 0.00178282 0.00143815 0.00118399 0.00100989 0.000908393 
0.00103645 0.00107559 0.00119475 0.00139905 0.00169709 0.0021009 0.00262597 0.00329121 0.00411889 0.00513454 0.00636671 0.00784671 0.00960822 0.0116868 0.014119 0.0169422 0.020193 0.0239067 0.0281161 0.0328503 0.0381337 0.0439847 0.050415 0.0574279 0.0650183 0.0731716 0.0818634 0.0910593 0.100715 0.110776 0.121181 0.131857 0.142727 0.153707 0.164707 0.175636 0.186401 0.196906 0.20706 0.216771 0.225953 0.234524 0.242408 0.249534 0.255841 0.261272 0.26578 0.269328 0.271883 0.273425 0.273941 0.273425 0.271883 0.269328 0.26578 0.261272 0.255841 0.249534 0.242408 0.234524 0.225953 0.216771 0.20706 0.196906 0.186401 0.175636 0.164707 0.153707 0.142727 0.131857 0.121181 0.110776 0.100715 0.0910593 0.0818634 0.0731716 0.0650183 0.0574279 0.050415 0.0439847 0.0381337 0.0328503 0.0281161 0.0239067 0.020193 0.0169422 0.014119 0.0116868 0.00960822 0.00784671 0.00636671 0.00513454 0.00411889 0.00329121 0.00262597 0.0021009 0.00169709 0.00139905 0.00119475 0.00107559 
0.00121973 0.0012654 0.0014044 0.00164261 0.00198988 0.00245999 0.00307063 0.0038434 0.00480367 0.00598041 0.00740599 0.00911578 0.0111477 0.0135415 0.0163381 0.0195789 0.0233043 0.0275528 0.03236 0.0377569 0.0437691 0.050415 0.0577051 0.065641 0.0742141 0.0834053 0.0931847 0.103511 0.114333 0.125588 0.137204 0.1491 0.161189 0.173377 0.185566 0.197654 0.209538 0.221117 0.23229 0.242959 0.253032 0.262422 0.271048 0.278836 0.28572 0.291644 0.296558 0.300422 0.303204 0.304882 0.305443 0.304882 0.303204 0.300422 0.296558 0.291644 0.28572 0.278836 0.271048 0.262422 0.253032 0.242959 0.23229 0.221117 0.209538 0.197654 0.185566 0.173377 0.161189 0.1491 0.137204 0.125588 0.114333 0.103511 0.0931847 0.0834053 0.0742141 0.065641 0.0577051 0.050415 0.0437691 0.0377569 0.03236 0.0275528 0.0233043 0.0195789 0.0163381 0.0135415 0.0111477 0.00911578 0.00740599 0.00598041 0.00480367 0.0038434 0.00307063 0.00245999 0.00198988 0.00164261 0.0014044 0.0012654 
0.00142628 0.00147924 0.00164037 0.00191637 0.00231846 0.00286231 0.00356803 0.0044601 0.00556721 0.00692209 0.00856116 0.0105241 0.0128533 0.015593 0.0187887 0.0224857 0.0267283 0.0315584 0.037014 0.043128 0.0499266 0.0574279 0.065641 0.0745646 0.0841862 0.0944816 0.105414 0.116936 0.128986 0.141494 0.154378 0.167547 0.180903 0.194342 0.207756 0.221035 0.234066 0.24674 0.258948 0.270588 0.28156 0.291774 0.301144 0.309593 0.317054 0.323468 0.328784 0.332962 0.335968 0.337781 0.338387 0.337781 0.335968 0.332962 0.328784 0.323468 0.317054 0.309593 0.301144 0.291774 0.28156 0.270588 0.258948 0.24674 0.234066 0.221035 0.207756 0.194342 0.180903 0.167547 0.154378 0.141494 0.128986 0.116936 0.105414 0.0944816 0.0841862 0.0745646 0.065641 0.0574279 0.0499266 0.043128 0.037014 0.0315584 0.0267283 0.0224857 0.0187887 0.015593 0.0128533 0.0105241 0.00856116 0.00692209 0.00556721 0.0044601 0.00356803 0.00286231 0.00231846 0.00191637 0.00164037 0.00147924 
0.0016573 0.00171832 0.00190393 0.00222173 0.0026844 0.00330966 0.00412021 0.00514362 0.00641216 0.00796253 0.00983547 0.0120752 0.0147288 0.0178452 0.0214744 0.025666 0.0304681 0.0359257 0.0420793 0.0489631 0.0566036 0.0650183 0.0742141 0.0841862 0.0949175 0.106378 0.118523 0.131298 0.144631 0.158443 0.172641 0.187125 0.201784 0.216506 0.231172 0.245661 0.259854 0.273633 0.286882 0.299493 0.311362 0.322394 0.3325 0.341602 0.349631 0.356525 0.362235 0.366718 0.369944 0.371888 0.372537 0.371888 0.369944 0.366718 0.362235 0.356525 0.349631 0.341602 0.3325 0.322394 0.311362 0.299493 0.286882 0.273633 0.259854 0.245661 0.231172 0.216506 0.201784 0.187125 0.172641 0.158443 0.144631 0.131298 0.118523 0.106378 0.0949175 0.0841862 0.0742141 0.0650183 0.0566036 0.0489631 0.0420793 0.0359257 0.0304681 0.025666 0.0214744 0.0178452 0.0147288 0.0120752 0.00983547 0.00796253 0.00641216 0.00514362 0.00412021 0.00330966 0.0026844 0.00222173 0.00190393 0.00171832 
0.00191368 0.00198356 0.00219605 0.00255973 0.00308885 0.0038033 0.00472855 0.00589547 0.00734012 0.00910341 0.0112306 0.0137707 0.0167755 0.020299 0.0243957 0.0291194 0.034522 0.0406516 0.0475506 0.0552543 0.0637893 0.0731716 0.0834053 0.0944816 0.106378 0.119057 0.132467 0.146543 0.161205 0.176362 0.191911 0.20774 0.223729 0.239752 0.255683 0.271391 0.286748 0.301629 0.315912 0.329483 0.342234 0.354068 0.364893 0.37463 0.383208 0.390567 0.396655 0.401433 0.404868 0.406938 0.40763 0.406938 0.404868 0.401433 0.396655 0.390567 0.383208 0.37463 0.364893 0.354068 0.342234 0.329483 0.315912 0.301629 0.286748 0.271391 0.255683 0.239752 0.223729 0.20774 0.191911 0.176362 0.161205 0.146543 0.132467 0.119057 0.106378 0.0944816 0.0834053 0.0731716 0.0637893 0.0552543 0.0475506 0.0406516 0.034522 0.0291194 0.0243957 0.020299 0.0167755 0.0137707 0.0112306 0.00910341 0.00734012 0.00589547 0.00472855 0.0038033 0.00308885 0.00255973 0.00219605 0.00198356 
0.00219601 0.00227555 0.00251735 0.00293099 0.00353242 0.00434384 0.00539365 0.00671619 0.00835152 0.0103449 0.0127464 0.0156099 0.0189924 0.0229524 0.0275493 0.0328412 0.0388835 0.0457269 0.0534159 0.0619864 0.0714642 0.0818634 0.0931847 0.105414 0.118523 0.132467 0.147185 0.162602 0.178628 0.19516 0.212085 0.229277 0.246607 0.26394 0.281135 0.298057 0.314567 0.330534 0.345831 0.360339 0.373948 0.386556 0.398073 0.408418 0.41752 0.425321 0.431769 0.436825 0.440458 0.442646 0.443377 0.442646 0.440458 0.436825 0.431769 0.425321 0.41752 0.408418 0.398073 0.386556 0.373948 0.360339 0.345831 0.330534 0.314567 0.298057 0.281135 0.26394 0.246607 0.229277 0.212085 0.19516 0.178628 0.162602 0.147185 0.132467 0.118523 0.105414 0.0931847 0.0818634 0.0714642 0.0619864 0.0534159 0.0457269 0.0388835 0.0328412 0.0275493 0.0229524 0.0189924 0.0156099 0.0127464 0.0103449 0.00835152 0.00671619 0.00539365 0.00434384 0.00353242 0.00293099 0.00251735 0.00227555 
0.0025045 0.00259448 0.00286798 0.00333563 0.00401516 0.0049312 0.00611523 0.00760524 0.00944544 0.0116857 0.0143809 0.0175901 0.0213752 0.0257998 0.030928 0.0368219 0.0435403 0.0511365 0.0596562 0.0691357 0.0795996 0.0910593 0.103511 0.116936 0.131298 0.146543 0.162602 0.179389 0.196803 0.214728 0.23304 0.251602 0.270274 0.288907 0.307355 0.325471 0.34311 0.360135 0.376414 0.391825 0.406255 0.419601 0.431774 0.442691 0.452285 0.460498 0.46728 0.472594 0.476409 0.478707 0.479474 0.478707 0.476409 0.472594 0.46728 0.460498 0.452285 0.442691 0.431774 0.419601 0.406255 0.391825 0.376414 0.360135 0.34311 0.325471 0.307355 0.288907 0.270274 0.251602 0.23304 0.214728 0.196803 0.179389 0.162602 0.146543 0.131298 0.116936 0.103511 0.0910593 0.0795996 0.0691357 0.0596562 0.0511365 0.0435403 0.0368219 0.030928 0.0257998 0.0213752 0.0175901 0.0143809 0.0116857 0.00944544 0.00760524 0.00611523 0.0049312 0.00401516 0.00333563 0.00286798 0.00259448 
0.00283892 0.00294011 0.00324761 0.0037732 0.00453642 0.00556447 0.00689202 0.00856086 0.0106195 0.0131225 0.0161298 0.0197056 0.0239168 0.0288323 0.0345203 0.0410472 0.0484748 0.0568586 0.0662454 0.0766709 0.0881581 0.100715 0.114333 0.128986 0.144631 0.161205 0.178628 0.196803 0.215616 0.234941 0.254639 0.274564 0.294563 0.314478 0.334152 0.35343 0.372163 0.390205 0.407423 0.42369 0.438895 0.452933 0.465715 0.477163 0.48721 0.495799 0.502886 0.508433 0.512414 0.51481 0.51561 0.51481 0.512414 0.508433 0.502886 0.495799 0.48721 0.477163 0.465715 0.452933 0.438895 0.42369 0.407423 0.390205 0.372163 0.35343 0.334152 0.314478 0.294563 0.274564 0.254639 0.234941 0.215616 0.196803 0.178628 0.161205 0.144631 0.128986 0.114333 0.100715 0.0881581 0.0766709 0.0662454 0.0568586 0.0484748 0.0410472 0.0345203 0.0288323 0.0239168 0.0197056 0.0161298 0.0131225 0.0106195 0.00856086 0.00689202 0.00556447 0.00453642 0.0037732 0.00324761 0.00294011 
0.00319856 0.00331169 0.0036554 0.00424262 0.00509484 0.00624187 0.0077217 0.00958003 0.0118698 0.0146503 0.0179867 0.0219482 0.0266071 0.032037 0.0383105 0.0454979 0.0536637 0.0628653 0.0731499 0.0845524 0.0970933 0.110776 0.125588 0.141494 0.158443 0.176362 0.19516 0.214728 0.234941 0.255658 0.27673 0.297998 0.319297 0.340461 0.361322 0.381719 0.401496 0.420504 0.438606 0.455676 0.471599 0.486274 0.499614 0.511543 0.521997 0.530923 0.53828 0.544034 0.548161 0.550644 0.551473 0.550644 0.548161 0.544034 0.53828 0.530923 0.521997 0.511543 0.499614 0.486274 0.471599 0.455676 0.438606 0.420504 0.401496 0.381719 0.361322 0.340461 0.319297 0.297998 0.27673 0.255658 0.234941 0.214728 0.19516 0.176362 0.158443 0.141494 0.125588 0.110776 0.0970933 0.0845524 0.0731499 0.0628653 0.0536637 0.0454979 0.0383105 0.032037 0.0266071 0.0219482 0.0179867 0.0146503 0.0118698 0.00958003 0.0077217 0.00624187 0.00509484 0.00424262 0.0036554 0.00331169 
0.00358218 0.00370792 0.00408988 0.00474218 0.00568828 0.00696072 0.00860085 0.0106584 0.0131907 0.0162621 0.0199428 0.0243071 0.0294326 0.0353974 0.0422787 0.0501498 0.0590782 0.0691224 0.0803296 0.0927332 0.106351 0.121181 0.137204 0.154378 0.172641 0.191911 0.212085 0.23304 0.254639 0.27673 0.29915 0.321728 0.344289 0.366656 0.388654 0.410115 0.430877 0.45079 0.469712 0.487519 0.504098 0.519349 0.533188 0.545542 0.556354 0.565574 0.573164 0.579096 0.583347 0.585903 0.586756 0.585903 0.583347 0.579096 0.573164 0.565574 0.556354 0.545542 0.533188 0.519349 0.504098 0.487519 0.469712 0.45079 0.430877 0.410115 0.388654 0.366656 0.344289 0.321728 0.29915 0.27673 0.254639 0.23304 0.212085 0.191911 0.172641 0.154378 0.137204 0.121181 0.106351 0.0927332 0.0803296 0.0691224 0.0590782 0.0501498 0.0422787 0.0353974 0.0294326 0.0243071 0.0199428 0.0162621 0.0131907 0.0106584 0.00860085 0.00696072 0.00568828 0.00474218 0.00408988 0.00370792 
0.00398801 0.00412697 0.004549 0.00526946 0.0063138 0.00771734 0.00952488 0.0117902 0.0145751 0.017949 0.021987 0.0267687 0.0323766 0.0388935 0.0464005 0.0549742 0.0646841 0.0755896 0.0877375 0.101159 0.115868 0.131857 0.1491 0.167547 0.187125 0.20774 0.229277 0.251602 0.274564 0.297998 0.321728 0.345572 0.369344 0.392858 0.415933 0.438392 0.460072 0.480818 0.500491 0.518964 0.536128 0.551888 0.566162 0.578884 0.590001 0.599468 0.607252 0.61333 0.617683 0.620299 0.621172 0.620299 0.617683 0.61333 0.607252 0.599468 0.590001 0.578884 0.566162 0.551888 0.536128 0.518964 0.500491 0.480818 0.460072 0.438392 0.415933 0.392858 0.369344 0.345572 0.321728 0.297998 0.274564 0.251602 0.229277 0.20774 0.187125 0.167547 0.1491 0.131857 0.115868 0.101159 0.0877375 0.0755896 0.0646841 0.0549742 0.0464005 0.0388935 0.0323766 0.0267687 0.021987 0.017949 0.0145751 0.0117902 0.00952488 0.00771734 0.0063138 0.00526946 0.004549 0.00412697 
0.00441371 0.00456642 0.00503009 0.00582134 0.00696766 0.00850715 0.0104881 0.0129683 0.0160143 0.0197001 0.024106 0.0293168 0.0354196 0.0425017 0.0506479 0.0599377 0.0704423 0.0822215 0.0953209 0.109769 0.125575 0.142727 0.161189 0.180903 0.201784 0.223729 0.246607 0.270274 0.294563 0.319297 0.344289 0.369344 0.394267 0.418863 0.442944 0.466329 0.488851 0.510354 0.5307 0.549763 0.567439 0.583636 0.59828 0.611308 0.622674 0.63234 0.640279 0.646471 0.650902 0.653564 0.654452 0.653564 0.650902 0.646471 0.640279 0.63234 0.622674 0.611308 0.59828 0.583636 0.567439 0.549763 0.5307 0.510354 0.488851 0.466329 0.442944 0.418863 0.394267 0.369344 0.344289 0.319297 0.294563 0.270274 0.246607 0.223729 0.201784 0.180903 0.161189 0.142727 0.125575 0.109769 0.0953209 0.0822215 0.0704423 0.0599377 0.0506479 0.0425017 0.0354196 0.0293168 0.024106 0.0197001 0.0160143 0.0129683 0.0104881 0.00850715 0.00696766 0.00582134 0.00503009 0.00456642 
0.0048564 0.00502327 0.00552985 0.00639401 0.00764529 0.0093246 0.0114837 0.0141844 0.0174978 0.0215027 0.0262844 0.0319325 0.0385389 0.046195 0.054989 0.0650029 0.0763091 0.0889675 0.103022 0.118498 0.135399 0.153707 0.173377 0.194342 0.216506 0.239752 0.26394 0.288907 0.314478 0.340461 0.366656 0.392858 0.418863 0.444468 0.469478 0.49371 0.516993 0.539172 0.560109 0.579684 0.597795 0.614357 0.629302 0.642574 0.654134 0.663951 0.672004 0.678278 0.682765 0.685459 0.686357 0.685459 0.682765 0.678278 0.672004 0.663951 0.654134 0.642574 0.629302 0.614357 0.597795 0.579684 0.560109 0.539172 0.516993 0.49371 0.469478 0.444468 0.418863 0.392858 0.366656 0.340461 0.314478 0.288907 0.26394 0.239752 0.216506 0.194342 0.173377 0.153707 0.135399 0.118498 0.103022 0.0889675 0.0763091 0.0650029 0.054989 0.046195 0.0385389 0.0319325 0.0262844 0.0215027 0.0174978 0.0141844 0.0114837 0.0093246 0.00764529 0.00639401 0.00552985 0.00502327 
0.00531262 0.00549396 0.00604439 0.006983 0.00834139 0.0101632 0.0125037 0.0154287 0.0190137 0.0233423 0.0285046 0.0345949 0.0417095 0.0499437 0.0593888 0.0701288 0.0822371 0.0957729 0.110778 0.127274 0.145259 0.164707 0.185566 0.207756 0.231172 0.255683 0.281135 0.307355 0.334152 0.361322 0.388654 0.415933 0.442944 0.469478 0.495336 0.520331 0.54429 0.567061 0.588507 0.608514 0.626983 0.643838 0.659016 0.672472 0.684171 0.694092 0.702219 0.708545 0.713064 0.715777 0.716681 0.715777 0.713064 0.708545 0.702219 0.694092 0.684171 0.672472 0.659016 0.643838 0.626983 0.608514 0.588507 0.567061 0.54429 0.520331 0.495336 0.469478 0.442944 0.415933 0.388654 0.361322 0.334152 0.307355 0.281135 0.255683 0.231172 0.207756 0.185566 0.164707 0.145259 0.127274 0.110778 0.0957729 0.0822371 0.0701288 0.0593888 0.0499437 0.0417095 0.0345949 0.0285046 0.0233423 0.0190137 0.0154287 0.0125037 0.0101632 0.00834139 0.006983 0.00604439 0.00549396 
0.00577844 0.00597444 0.00656925 0.0075832 0.0090499 0.0110158 0.0135394 0.0166906 0.0205491 0.0252032 0.0307475 0.037281 0.044904 0.0537155 0.0638094 0.0752716 0.0881757 0.10258 0.118523 0.136023 0.155072 0.175636 0.197654 0.221035 0.245661 0.271391 0.298057 0.325471 0.35343 0.381719 0.410115 0.438392 0.466329 0.49371 0.520331 0.546003 0.570553 0.593831 0.615704 0.636062 0.654815 0.671891 0.687238 0.700818 0.712604 0.722584 0.730748 0.737095 0.741627 0.744345 0.745251 0.744345 0.741627 0.737095 0.730748 0.722584 0.712604 0.700818 0.687238 0.671891 0.654815 0.636062 0.615704 0.593831 0.570553 0.546003 0.520331 0.49371 0.466329 0.438392 0.410115 0.381719 0.35343 0.325471 0.298057 0.271391 0.245661 0.221035 0.197654 0.175636 0.155072 0.136023 0.118523 0.10258 0.0881757 0.0752716 0.0638094 0.0537155 0.044904 0.037281 0.0307475 0.0252032 0.0205491 0.0166906 0.0135394 0.0110158 0.0090499 0.0075832 0.00656925 0.00597444 
0.00624943 0.00646014 0.00709946 0.00818895 0.00976417 0.0118742 0.014581 0.0179582 0.0220896 0.027068 0.0329924 0.0399661 0.0480933 0.0574761 0.0682109 0.0803849 0.0940716 0.109328 0.12619 0.14467 0.164754 0.186401 0.209538 0.234066 0.259854 0.286748 0.314567 0.34311 0.372163 0.401496 0.430877 0.460072 0.488851 0.516993 0.54429 0.570553 0.595611 0.619313 0.641533 0.662166 0.68113 0.698361 0.713815 0.727463 0.739288 0.749284 0.757451 0.763793 0.768317 0.771029 0.771932 0.771029 0.768317 0.763793 0.757451 0.749284 0.739288 0.727463 0.713815 0.698361 0.68113 0.662166 0.641533 0.619313 0.595611 0.570553 0.54429 0.516993 0.488851 0.460072 0.430877 0.401496 0.372163 0.34311 0.314567 0.286748 0.259854 0.234066 0.209538 0.186401 0.164754 0.14467 0.12619 0.109328 0.0940716 0.0803849 0.0682109 0.0574761 0.0480933 0.0399661 0.0329924 0.027068 0.0220896 0.0179582 0.014581 0.0118742 0.00976417 0.00818895 0.00709946 0.00646014 
0.00672079 0.0069461 0.00762963 0.0087941 0.010477 0.01273 0.0156182 0.0192188 0.02362 0.0289184 0.0352174 0.0426242 0.0512466 0.0611896 0.0725517 0.0854208 0.0998703 0.115955 0.133708 0.153136 0.174219 0.196906 0.221117 0.24674 0.273633 0.301629 0.330534 0.360135 0.390205 0.420504 0.45079 0.480818 0.510354 0.539172 0.567061 0.593831 0.619313 0.64336 0.665851 0.686688 0.705796 0.72312 0.738625 0.752291 0.764111 0.774086 0.782224 0.788537 0.793036 0.795731 0.796629 0.795731 0.793036 0.788537 0.782224 0.774086 0.764111 0.752291 0.738625 0.72312 0.705796 0.686688 0.665851 0.64336 0.619313 0.593831 0.567061 0.539172 0.510354 0.480818 0.45079 0.420504 0.390205 0.360135 0.330534 0.301629 0.273633 0.24674 0.221117 0.196906 0.174219 0.153136 0.133708 0.115955 0.0998703 0.0854208 0.0725517 0.0611896 0.0512466 0.0426242 0.0352174 0.0289184 0.02362 0.0192188 0.0156182 0.01273 0.010477 0.0087941 0.00762963 0.0069461 
0.00718737 0.00742704 0.00815401 0.00939212 0.0111807 0.0135739 0.0166399 0.0204595 0.0251244 0.0307354 0.0373998 0.0452284 0.0543324 0.0648193 0.0767892 0.0903306 0.105516 0.122399 0.141007 0.161344 0.183381 0.20706 0.23229 0.258948 0.286882 0.315912 0.345831 0.376414 0.407423 0.438606 0.469712 0.500491 0.5307 0.560109 0.588507 0.615704 0.641533 0.665851 0.688543 0.709518 0.728709 0.746071 0.761577 0.775217 0.786992 0.796914 0.804997 0.81126 0.81572 0.818389 0.819278 0.818389 0.81572 0.81126 0.804997 0.796914 0.786992 0.775217 0.761577 0.746071 0.728709 0.709518 0.688543 0.665851 0.641533 0.615704 0.588507 0.560109 0.5307 0.500491 0.469712 0.438606 0.407423 0.376414 0.345831 0.315912 0.286882 0.258948 0.23229 0.20706 0.183381 0.161344 0.141007 0.122399 0.105516 0.0903306 0.0767892 0.0648193 0.0543324 0.0452284 0.0373998 0.0307354 0.0251244 0.0204595 0.0166399 0.0135739 0.0111807 0.00939212 0.00815401 0.00742704 
