7.09944e-15 1.01732e-14 2.17611e-14 5.05477e-14 1.17184e-13 2.67078e-13 5.96931e-13 1.30777e-12 2.80818e-12 5.91003e-12 1.21907e-11 2.46462e-11 4.88394e-11 9.48668e-11 1.8064e-10 3.37212e-10 6.17203e-10 1.10774e-09 1.94976e-09 3.366e-09 5.70027e-09 9.47062e-09 1.5439e-08 2.46986e-08 3.87778e-08 5.97583e-08 9.03974e-08 1.34243e-07 1.95717e-07 2.80153e-07 3.93739e-07 5.43353e-07 7.3626e-07 9.79649e-07 1.28002e-06 1.64246e-06 2.06985e-06 2.56208e-06 3.11543e-06 3.72219e-06 4.37052e-06 5.04484e-06 5.72649e-06 6.39473e-06 7.02796e-06 7.60499e-06 8.10624e-06 8.51466e-06 8.81647e-06 9.00163e-06 9.06403e-06 9.00163e-06 8.81647e-06 8.51466e-06 8.10624e-06 7.60499e-06 7.02796e-06 6.39473e-06 5.72649e-06 5.04484e-06 4.37052e-06 3.72219e-06 3.11543e-06 2.56208e-06 2.06985e-06 1.64246e-06 1.28002e-06 9.79649e-07 7.3626e-07 5.43353e-07 3.93739e-07 2.80153e-07 1.95717e-07 1.34243e-07 9.03974e-08 5.97583e-08 3.87778e-08 2.46986e-08 1.5439e-08 9.47062e-09 5.70027e-09 3.366e-09 1.94976e-09 1.10774e-09 6.17203e-10 3.37212e-10 1.8064e-10 9.48668e-11 4.88394e-11 2.46462e-11 1.21907e-11 5.91003e-12 2.80818e-12 1.30777e-12 5.96931e-13 2.67078e-13 1.17184e-13 5.05477e-14 2.17611e-14 1.01732e-14 
1.01732e-14 1.4554e-14 3.10487e-14 7.19428e-14 1.66388e-13 3.78323e-13 8.43545e-13 1.84358e-12 3.94896e-12 8.2901e-12 1.70566e-11 3.43945e-11 6.79778e-11 1.31689e-10 2.50074e-10 4.65544e-10 8.49713e-10 1.52073e-09 2.66905e-09 4.59454e-09 7.75833e-09 1.28527e-08 2.08921e-08 3.33264e-08 5.21752e-08 8.01789e-08 1.20954e-07 1.79136e-07 2.60484e-07 3.71912e-07 5.21417e-07 7.1785e-07 9.70519e-07 1.28858e-06 1.68027e-06 2.15194e-06 2.70707e-06 3.3453e-06 4.06162e-06 4.84588e-06 5.68273e-06 6.55204e-06 7.42981e-06 8.28945e-06 9.10335e-06 9.84446e-06 1.04878e-05 1.10118e-05 1.13988e-05 1.16362e-05 1.17162e-05 1.16362e-05 1.13988e-05 1.10118e-05 1.04878e-05 9.84446e-06 9.10335e-06 8.28945e-06 7.42981e-06 6.55204e-06 5.68273e-06 4.84588e-06 4.06162e-06 3.3453e-06 2.70707e-06 2.15194e-06 1.68027e-06 1.28858e-06 9.70519e-07 7.1785e-07 5.21417e-07 3.71912e-07 2.60484e-07 1.79136e-07 1.20954e-07 8.01789e-08 5.21752e-08 3.33264e-08 2.08921e-08 1.28527e-08 7.75833e-09 4.59454e-09 2.66905e-09 1.52073e-09 8.49713e-10 4.65544e-10 2.50074e-10 1.31689e-10 6.79778e-11 3.43945e-11 1.70566e-11 8.2901e-12 3.94896e-12 1.84358e-12 8.43545e-13 3.78323e-13 1.66388e-13 7.19428e-14 3.10487e-14 1.4554e-14 
2.17611e-14 3.10487e-14 6.59464e-14 1.52182e-13 3.50584e-13 7.94016e-13 1.76339e-12 3.83838e-12 8.18812e-12 1.71176e-11 3.50688e-11 7.0409e-11 1.38541e-10 2.67175e-10 5.05025e-10 9.35764e-10 1.69982e-09 3.02746e-09 5.28748e-09 9.05683e-09 1.52169e-08 2.50822e-08 4.05657e-08 6.43834e-08 1.00293e-07 1.53359e-07 2.30218e-07 3.39321e-07 4.91093e-07 6.97965e-07 9.74209e-07 1.3355e-06 1.79819e-06 2.37819e-06 3.08962e-06 3.94311e-06 4.9441e-06 6.09116e-06 7.37465e-06 8.77592e-06 1.02673e-05 1.18129e-05 1.33703e-05 1.48927e-05 1.63316e-05 1.764e-05 1.87745e-05 1.96975e-05 2.03788e-05 2.07965e-05 2.09372e-05 2.07965e-05 2.03788e-05 1.96975e-05 1.87745e-05 1.764e-05 1.63316e-05 1.48927e-05 1.33703e-05 1.18129e-05 1.02673e-05 8.77592e-06 7.37465e-06 6.09116e-06 4.9441e-06 3.94311e-06 3.08962e-06 2.37819e-06 1.79819e-06 1.3355e-06 9.74209e-07 6.97965e-07 4.91093e-07 3.39321e-07 2.30218e-07 1.53359e-07 1.00293e-07 6.43834e-08 4.05657e-08 2.50822e-08 1.52169e-08 9.05683e-09 5.28748e-09 3.02746e-09 1.69982e-09 9.35764e-10 5.05025e-10 2.67175e-10 1.38541e-10 7.0409e-11 3.50688e-11 1.71176e-11 8.18812e-12 3.83838e-12 1.76339e-12 7.94016e-13 3.50584e-13 1.52182e-13 6.59464e-14 3.10487e-14 
5.05477e-14 7.19428e-14 1.52182e-13 3.49855e-13 8.03037e-13 1.81214e-12 4.00966e-12 8.69517e-12 1.8478e-11 3.84788e-11 7.85191e-11 1.57008e-10 3.07663e-10 5.90823e-10 1.11199e-09 2.05138e-09 3.70969e-09 6.57707e-09 1.14338e-08 1.94931e-08 3.25964e-08 5.34727e-08 8.60675e-08 1.35945e-07 2.10754e-07 3.20732e-07 4.79209e-07 7.03037e-07 1.01287e-06 1.43316e-06 1.99177e-06 2.71909e-06 3.6465e-06 4.80428e-06 6.21884e-06 7.90959e-06 9.88564e-06 1.21427e-05 1.46605e-05 1.74017e-05 2.03117e-05 2.33205e-05 2.63458e-05 2.92975e-05 3.20828e-05 3.46119e-05 3.68021e-05 3.85824e-05 3.98955e-05 4.07001e-05 4.09711e-05 4.07001e-05 3.98955e-05 3.85824e-05 3.68021e-05 3.46119e-05 3.20828e-05 2.92975e-05 2.63458e-05 2.33205e-05 2.03117e-05 1.74017e-05 1.46605e-05 1.21427e-05 9.88564e-06 7.90959e-06 6.21884e-06 4.80428e-06 3.6465e-06 2.71909e-06 1.99177e-06 1.43316e-06 1.01287e-06 7.03037e-07 4.79209e-07 3.20732e-07 2.10754e-07 1.35945e-07 8.60675e-08 5.34727e-08 3.25964e-08 1.94931e-08 1.14338e-08 6.57707e-09 3.70969e-09 2.05138e-09 1.11199e-09 5.90823e-10 3.07663e-10 1.57008e-10 7.85191e-11 3.84788e-11 1.8478e-11 8.69517e-12 4.00966e-12 1.81214e-12 8.03037e-13 3.49855e-13 1.52182e-13 7.19428e-14 
1.17184e-13 1.66388e-13 3.50584e-13 8.03037e-13 1.83681e-12 4.13049e-12 9.10715e-12 1.96785e-11 4.16658e-11 8.64428e-11 1.75725e-10 3.50022e-10 6.83173e-10 1.30665e-09 2.44913e-09 4.49915e-09 8.10141e-09 1.43008e-08 2.4751e-08 4.20075e-08 6.99258e-08 1.14183e-07 1.82936e-07 2.87614e-07 4.43823e-07 6.72316e-07 9.99935e-07 1.46039e-06 2.09471e-06 2.95114e-06 4.08425e-06 5.55308e-06 7.4181e-06 9.73696e-06 1.25592e-05 1.59203e-05 1.98351e-05 2.42922e-05 2.92495e-05 3.46318e-05 4.03311e-05 4.62104e-05 5.21095e-05 5.78544e-05 6.32668e-05 6.81742e-05 7.24191e-05 7.58662e-05 7.8407e-05 7.99631e-05 8.04871e-05 7.99631e-05 7.8407e-05 7.58662e-05 7.24191e-05 6.81742e-05 6.32668e-05 5.78544e-05 5.21095e-05 4.62104e-05 4.03311e-05 3.46318e-05 2.92495e-05 2.42922e-05 1.98351e-05 1.59203e-05 1.25592e-05 9.73696e-06 7.4181e-06 5.55308e-06 4.08425e-06 2.95114e-06 2.09471e-06 1.46039e-06 9.99935e-07 6.72316e-07 4.43823e-07 2.87614e-07 1.82936e-07 1.14183e-07 6.99258e-08 4.20075e-08 2.4751e-08 1.43008e-08 8.10141e-09 4.49915e-09 2.44913e-09 1.30665e-09 6.83173e-10 3.50022e-10 1.75725e-10 8.64428e-11 4.16658e-11 1.96785e-11 9.10715e-12 4.13049e-12 1.83681e-12 8.03037e-13 3.50584e-13 1.66388e-13 
2.67078e-13 3.78323e-13 7.94016e-13 1.81214e-12 4.13049e-12 9.25602e-12 2.03363e-11 4.3785e-11 9.23697e-11 1.90926e-10 3.86657e-10 7.67208e-10 1.49155e-09 2.84132e-09 5.30384e-09 9.70262e-09 1.73966e-08 3.05755e-08 5.26846e-08 8.90156e-08 1.47502e-07 2.39753e-07 3.82339e-07 5.98324e-07 9.18997e-07 1.38568e-06 2.05145e-06 2.98253e-06 4.25892e-06 5.97403e-06 8.23272e-06 1.11475e-05 1.48325e-05 1.93953e-05 2.4927e-05 3.14901e-05 3.91077e-05 4.77522e-05 5.73375e-05 6.77152e-05 7.86757e-05 8.99555e-05 0.000101249 0.000112227 0.000122552 0.0001319 0.000139976 0.000146528 0.000151354 0.000154308 0.000155302 0.000154308 0.000151354 0.000146528 0.000139976 0.0001319 0.000122552 0.000112227 0.000101249 8.99555e-05 7.86757e-05 6.77152e-05 5.73375e-05 4.77522e-05 3.91077e-05 3.14901e-05 2.4927e-05 1.93953e-05 1.48325e-05 1.11475e-05 8.23272e-06 5.97403e-06 4.25892e-06 2.98253e-06 2.05145e-06 1.38568e-06 9.18997e-07 5.98324e-07 3.82339e-07 2.39753e-07 1.47502e-07 8.90156e-08 5.26846e-08 3.05755e-08 1.73966e-08 9.70262e-09 5.30384e-09 2.84132e-09 1.49155e-09 7.67208e-10 3.86657e-10 1.90926e-10 9.23697e-11 4.3785e-11 2.03363e-11 9.25602e-12 4.13049e-12 1.81214e-12 7.94016e-13 3.78323e-13 
5.96931e-13 8.43545e-13 1.76339e-12 4.00966e-12 9.10715e-12 2.03363e-11 4.45216e-11 9.55103e-11 2.0075e-10 4.13392e-10 8.33995e-10 1.64838e-09 3.19195e-09 6.05585e-09 1.12576e-08 2.05073e-08 3.66108e-08 6.40631e-08 1.09894e-07 1.84832e-07 3.04862e-07 4.9322e-07 7.82847e-07 1.21929e-06 1.86389e-06 2.79711e-06 4.12158e-06 5.96435e-06 8.47784e-06 1.18386e-05 1.62434e-05 2.19011e-05 2.9022e-05 3.78014e-05 4.84013e-05 6.09292e-05 7.54168e-05 9.18013e-05 0.000109911 0.00012946 0.000150052 0.00017119 0.000192308 0.000212794 0.000232028 0.000249415 0.000264418 0.000276577 0.000285526 0.000291001 0.000292843 0.000291001 0.000285526 0.000276577 0.000264418 0.000249415 0.000232028 0.000212794 0.000192308 0.00017119 0.000150052 0.00012946 0.000109911 9.18013e-05 7.54168e-05 6.09292e-05 4.84013e-05 3.78014e-05 2.9022e-05 2.19011e-05 1.62434e-05 1.18386e-05 8.47784e-06 5.96435e-06 4.12158e-06 2.79711e-06 1.86389e-06 1.21929e-06 7.82847e-07 4.9322e-07 3.04862e-07 1.84832e-07 1.09894e-07 6.40631e-08 3.66108e-08 2.05073e-08 1.12576e-08 6.05585e-09 3.19195e-09 1.64838e-09 8.33995e-10 4.13392e-10 2.0075e-10 9.55103e-11 4.45216e-11 2.03363e-11 9.10715e-12 4.00966e-12 1.76339e-12 8.43545e-13 
1.30777e-12 1.84358e-12 3.83838e-12 8.69517e-12 1.96785e-11 4.3785e-11 9.55103e-11 2.04143e-10 4.2748e-10 8.76943e-10 1.76234e-09 3.46952e-09 6.6914e-09 1.2643e-08 2.34044e-08 4.24519e-08 7.54565e-08 1.31449e-07 2.24463e-07 3.75785e-07 6.16914e-07 9.93328e-07 1.56906e-06 2.432e-06 3.69969e-06 5.52515e-06 8.10207e-06 1.16685e-05 1.65075e-05 2.29448e-05 3.13395e-05 4.20701e-05 5.55125e-05 7.20116e-05 9.18468e-05 0.000115195 0.000142092 0.000172402 0.000205791 0.000241723 0.000279462 0.000318104 0.000356618 0.0003939 0.000428839 0.000460374 0.000487548 0.000509546 0.000525723 0.000535615 0.000538943 0.000535615 0.000525723 0.000509546 0.000487548 0.000460374 0.000428839 0.0003939 0.000356618 0.000318104 0.000279462 0.000241723 0.000205791 0.000172402 0.000142092 0.000115195 9.18468e-05 7.20116e-05 5.55125e-05 4.20701e-05 3.13395e-05 2.29448e-05 1.65075e-05 1.16685e-05 8.10207e-06 5.52515e-06 3.69969e-06 2.432e-06 1.56906e-06 9.93328e-07 6.16914e-07 3.75785e-07 2.24463e-07 1.31449e-07 7.54565e-08 4.24519e-08 2.34044e-08 1.2643e-08 6.6914e-09 3.46952e-09 1.76234e-09 8.76943e-10 4.2748e-10 2.04143e-10 9.55103e-11 4.3785e-11 1.96785e-11 8.69517e-12 3.83838e-12 1.84358e-12 
2.80818e-12 3.94896e-12 8.18812e-12 1.8478e-11 4.16658e-11 9.23697e-11 2.0075e-10 4.2748e-10 8.91761e-10 1.82233e-09 3.64785e-09 7.15278e-09 1.37387e-08 2.58504e-08 4.765e-08 8.60541e-08 1.52279e-07 2.64077e-07 4.4886e-07 7.47929e-07 1.22199e-06 1.95806e-06 3.07778e-06 4.74689e-06 7.18535e-06 1.06773e-05 1.55794e-05 2.23267e-05 3.14322e-05 4.34805e-05 5.91107e-05 7.89894e-05 0.00010377 0.000134043 0.000170275 0.000212741 0.000261466 0.000316166 0.000376213 0.00044062 0.000508065 0.000576934 0.000645404 0.000711538 0.000773395 0.000829131 0.000877091 0.000915872 0.000944366 0.00096178 0.000967637 0.00096178 0.000944366 0.000915872 0.000877091 0.000829131 0.000773395 0.000711538 0.000645404 0.000576934 0.000508065 0.00044062 0.000376213 0.000316166 0.000261466 0.000212741 0.000170275 0.000134043 0.00010377 7.89894e-05 5.91107e-05 4.34805e-05 3.14322e-05 2.23267e-05 1.55794e-05 1.06773e-05 7.18535e-06 4.74689e-06 3.07778e-06 1.95806e-06 1.22199e-06 7.47929e-07 4.4886e-07 2.64077e-07 1.52279e-07 8.60541e-08 4.765e-08 2.58504e-08 1.37387e-08 7.15278e-09 3.64785e-09 1.82233e-09 8.91761e-10 4.2748e-10 2.0075e-10 9.23697e-11 4.16658e-11 1.8478e-11 8.18812e-12 3.94896e-12 
5.91003e-12 8.2901e-12 1.71176e-11 3.84788e-11 8.64428e-11 1.90926e-10 4.13392e-10 8.76943e-10 1.82233e-09 3.70936e-09 7.39558e-09 1.44425e-08 2.76253e-08 5.17591e-08 9.49954e-08 1.70801e-07 3.00885e-07 5.19384e-07 8.7867e-07 1.45711e-06 2.36909e-06 3.77737e-06 5.90777e-06 9.06556e-06 1.36527e-05 2.0184e-05 2.93008e-05 4.17776e-05 5.85208e-05 8.05523e-05 0.000108979 0.000144942 0.000189544 0.000243764 0.000308351 0.000383714 0.000469819 0.000566099 0.000671397 0.000783955 0.000901448 0.00102108 0.0011397 0.00125401 0.0013607 0.00145667 0.00153912 0.00160571 0.00165459 0.00168445 0.00169449 0.00168445 0.00165459 0.00160571 0.00153912 0.00145667 0.0013607 0.00125401 0.0011397 0.00102108 0.000901448 0.000783955 0.000671397 0.000566099 0.000469819 0.000383714 0.000308351 0.000243764 0.000189544 0.000144942 0.000108979 8.05523e-05 5.85208e-05 4.17776e-05 2.93008e-05 2.0184e-05 1.36527e-05 9.06556e-06 5.90777e-06 3.77737e-06 2.36909e-06 1.45711e-06 8.7867e-07 5.19384e-07 3.00885e-07 1.70801e-07 9.49954e-08 5.17591e-08 2.76253e-08 1.44425e-08 7.39558e-09 3.70936e-09 1.82233e-09 8.76943e-10 4.13392e-10 1.90926e-10 8.64428e-11 3.84788e-11 1.71176e-11 8.2901e-12 
1.21907e-11 1.70566e-11 3.50688e-11 7.85191e-11 1.75725e-10 3.86657e-10 8.33995e-10 1.76234e-09 3.64785e-09 7.39558e-09 1.46852e-08 2.85593e-08 5.43975e-08 1.01481e-07 1.85435e-07 3.31916e-07 5.82028e-07 9.99993e-07 1.68367e-06 2.77848e-06 4.49509e-06 7.13107e-06 1.1096e-05 1.6939e-05 2.53771e-05 3.7321e-05 5.38945e-05 7.64432e-05 0.000106525 0.000145881 0.000196374 0.000259901 0.000338269 0.000433046 0.000545386 0.000675855 0.000824257 0.000989503 0.00116952 0.00136125 0.00156072 0.00176319 0.00196341 0.00215586 0.0023351 0.00249602 0.00263406 0.0027454 0.00282705 0.00287688 0.00289364 0.00287688 0.00282705 0.0027454 0.00263406 0.00249602 0.0023351 0.00215586 0.00196341 0.00176319 0.00156072 0.00136125 0.00116952 0.000989503 0.000824257 0.000675855 0.000545386 0.000433046 0.000338269 0.000259901 0.000196374 0.000145881 0.000106525 7.64432e-05 5.38945e-05 3.7321e-05 2.53771e-05 1.6939e-05 1.1096e-05 7.13107e-06 4.49509e-06 2.77848e-06 1.68367e-06 9.99993e-07 5.82028e-07 3.31916e-07 1.85435e-07 1.01481e-07 5.43975e-08 2.85593e-08 1.46852e-08 7.39558e-09 3.64785e-09 1.76234e-09 8.33995e-10 3.86657e-10 1.75725e-10 7.85191e-11 3.50688e-11 1.70566e-11 
2.46462e-11 3.43945e-11 7.0409e-11 1.57008e-10 3.50022e-10 7.67208e-10 1.64838e-09 3.46952e-09 7.15278e-09 1.44425e-08 2.85593e-08 5.53073e-08 1.04893e-07 1.94827e-07 3.54414e-07 6.31486e-07 1.10218e-06 1.88468e-06 3.1578e-06 5.18536e-06 8.34669e-06 1.31733e-05 2.0391e-05 3.09644e-05 4.61421e-05 6.74954e-05 9.69451e-05 0.000136768 0.000189574 0.000258246 0.000345833 0.000455394 0.000589796 0.00075146 0.000942092 0.00116239 0.0014118 0.0016883 0.00198827 0.00230653 0.00263646 0.00297029 0.00329942 0.00361497 0.00390817 0.00417087 0.00439584 0.00457705 0.0047098 0.00479077 0.00481798 0.00479077 0.0047098 0.00457705 0.00439584 0.00417087 0.00390817 0.00361497 0.00329942 0.00297029 0.00263646 0.00230653 0.00198827 0.0016883 0.0014118 0.00116239 0.000942092 0.00075146 0.000589796 0.000455394 0.000345833 0.000258246 0.000189574 0.000136768 9.69451e-05 6.74954e-05 4.61421e-05 3.09644e-05 2.0391e-05 1.31733e-05 8.34669e-06 5.18536e-06 3.1578e-06 1.88468e-06 1.10218e-06 6.31486e-07 3.54414e-07 1.94827e-07 1.04893e-07 5.53073e-08 2.85593e-08 1.44425e-08 7.15278e-09 3.46952e-09 1.64838e-09 7.67208e-10 3.50022e-10 1.57008e-10 7.0409e-11 3.43945e-11 
4.88394e-11 6.79778e-11 1.38541e-10 3.07663e-10 6.83173e-10 1.49155e-09 3.19195e-09 6.6914e-09 1.37387e-08 2.76253e-08 5.43975e-08 1.04893e-07 1.98065e-07 3.66245e-07 6.63216e-07 1.17622e-06 2.04323e-06 3.47693e-06 5.79687e-06 9.47098e-06 1.51668e-05 2.38122e-05 3.66629e-05 5.5374e-05 8.20671e-05 0.000119387 0.000170533 0.000239259 0.000329819 0.000446856 0.000595213 0.000779676 0.00100464 0.0012737 0.00158925 0.00195202 0.0023607 0.00281164 0.00329875 0.00381347 0.00434507 0.00488109 0.00540794 0.00591164 0.00637853 0.00679595 0.00715278 0.00743979 0.00764982 0.00777783 0.00782083 0.00777783 0.00764982 0.00743979 0.00715278 0.00679595 0.00637853 0.00591164 0.00540794 0.00488109 0.00434507 0.00381347 0.00329875 0.00281164 0.0023607 0.00195202 0.00158925 0.0012737 0.00100464 0.000779676 0.000595213 0.000446856 0.000329819 0.000239259 0.000170533 0.000119387 8.20671e-05 5.5374e-05 3.66629e-05 2.38122e-05 1.51668e-05 9.47098e-06 5.79687e-06 3.47693e-06 2.04323e-06 1.17622e-06 6.63216e-07 3.66245e-07 1.98065e-07 1.04893e-07 5.43975e-08 2.76253e-08 1.37387e-08 6.6914e-09 3.19195e-09 1.49155e-09 6.83173e-10 3.07663e-10 1.38541e-10 6.79778e-11 
9.48668e-11 1.31689e-10 2.67175e-10 5.90823e-10 1.30665e-09 2.84132e-09 6.05585e-09 1.2643e-08 2.58504e-08 5.17591e-08 1.01481e-07 1.94827e-07 3.66245e-07 6.74154e-07 1.21514e-06 2.14489e-06 3.70796e-06 6.27872e-06 1.04155e-05 1.69297e-05 2.69695e-05 4.21171e-05 6.44953e-05 9.68753e-05 0.000142775 0.000206536 0.000293352 0.000409248 0.00056097 0.000755782 0.00100115 0.00130432 0.00167179 0.00210869 0.00261815 0.00320064 0.00385343 0.00457021 0.0053409 0.0061518 0.00698597 0.00782403 0.00864505 0.00942767 0.0101512 0.0107966 0.0113473 0.0117895 0.0121128 0.0123097 0.0123758 0.0123097 0.0121128 0.0117895 0.0113473 0.0107966 0.0101512 0.00942767 0.00864505 0.00782403 0.00698597 0.0061518 0.0053409 0.00457021 0.00385343 0.00320064 0.00261815 0.00210869 0.00167179 0.00130432 0.00100115 0.000755782 0.00056097 0.000409248 0.000293352 0.000206536 0.000142775 9.68753e-05 6.44953e-05 4.21171e-05 2.69695e-05 1.69297e-05 1.04155e-05 6.27872e-06 3.70796e-06 2.14489e-06 1.21514e-06 6.74154e-07 3.66245e-07 1.94827e-07 1.01481e-07 5.17591e-08 2.58504e-08 1.2643e-08 6.05585e-09 2.84132e-09 1.30665e-09 5.90823e-10 2.67175e-10 1.31689e-10 
1.8064e-10 2.50074e-10 5.05025e-10 1.11199e-09 2.44913e-09 5.30384e-09 1.12576e-08 2.34044e-08 4.765e-08 9.49954e-08 1.85435e-07 3.54414e-07 6.63216e-07 1.21514e-06 2.17993e-06 3.82935e-06 6.58746e-06 1.10987e-05 1.83171e-05 2.96177e-05 4.69306e-05 7.2892e-05 0.000111006 0.000165802 0.000242971 0.000349459 0.000493484 0.000684457 0.000932778 0.00124948 0.00164572 0.0021321 0.00271786 0.00340996 0.00421216 0.00512407 0.00614046 0.00725068 0.0084386 0.00968282 0.0109574 0.012233 0.0134783 0.0146616 0.0157526 0.0167234 0.0175501 0.0182129 0.0186968 0.0189912 0.01909 0.0189912 0.0186968 0.0182129 0.0175501 0.0167234 0.0157526 0.0146616 0.0134783 0.012233 0.0109574 0.00968282 0.0084386 0.00725068 0.00614046 0.00512407 0.00421216 0.00340996 0.00271786 0.0021321 0.00164572 0.00124948 0.000932778 0.000684457 0.000493484 0.000349459 0.000242971 0.000165802 0.000111006 7.2892e-05 4.69306e-05 2.96177e-05 1.83171e-05 1.10987e-05 6.58746e-06 3.82935e-06 2.17993e-06 1.21514e-06 6.63216e-07 3.54414e-07 1.85435e-07 9.49954e-08 4.765e-08 2.34044e-08 1.12576e-08 5.30384e-09 2.44913e-09 1.11199e-09 5.05025e-10 2.50074e-10 
3.37212e-10 4.65544e-10 9.35764e-10 2.05138e-09 4.49915e-09 9.70262e-09 2.05073e-08 4.24519e-08 8.60541e-08 1.70801e-07 3.31916e-07 6.31486e-07 1.17622e-06 2.14489e-06 3.82935e-06 6.69381e-06 1.14574e-05 1.92052e-05 3.15309e-05 5.07128e-05 7.99212e-05 0.000123447 0.000186937 0.000277619 0.000404473 0.000578333 0.000811857 0.00111935 0.00151639 0.00201924 0.00264402 0.00340568 0.00431684 0.0053864 0.00661828 0.00801015 0.00955252 0.0112281 0.0130117 0.0148708 0.0167669 0.0186567 0.0204947 0.0222356 0.0238358 0.0252561 0.0264629 0.0274289 0.0281331 0.0285612 0.0287049 0.0285612 0.0281331 0.0274289 0.0264629 0.0252561 0.0238358 0.0222356 0.0204947 0.0186567 0.0167669 0.0148708 0.0130117 0.0112281 0.00955252 0.00801015 0.00661828 0.0053864 0.00431684 0.00340568 0.00264402 0.00201924 0.00151639 0.00111935 0.000811857 0.000578333 0.000404473 0.000277619 0.000186937 0.000123447 7.99212e-05 5.07128e-05 3.15309e-05 1.92052e-05 1.14574e-05 6.69381e-06 3.82935e-06 2.14489e-06 1.17622e-06 6.31486e-07 3.31916e-07 1.70801e-07 8.60541e-08 4.24519e-08 2.05073e-08 9.70262e-09 4.49915e-09 2.05138e-09 9.35764e-10 4.65544e-10 
6.17203e-10 8.49713e-10 1.69982e-09 3.70969e-09 8.10141e-09 1.73966e-08 3.66108e-08 7.54565e-08 1.52279e-07 3.00885e-07 5.82028e-07 1.10218e-06 2.04323e-06 3.70796e-06 6.58746e-06 1.14574e-05 1.95111e-05 3.25348e-05 5.31318e-05 8.49922e-05 0.000133205 0.000204591 0.00030804 0.000454803 0.000658703 0.000936204 0.00130629 0.00179011 0.00241032 0.00319012 0.00415203 0.00531636 0.00669944 0.00831188 0.0101567 0.0122279 0.014509 0.0169728 0.0195811 0.0222861 0.0250318 0.0277566 0.0303963 0.0328875 0.0351703 0.0371911 0.0389041 0.0402726 0.041269 0.0418741 0.0420771 0.0418741 0.041269 0.0402726 0.0389041 0.0371911 0.0351703 0.0328875 0.0303963 0.0277566 0.0250318 0.0222861 0.0195811 0.0169728 0.014509 0.0122279 0.0101567 0.00831188 0.00669944 0.00531636 0.00415203 0.00319012 0.00241032 0.00179011 0.00130629 0.000936204 0.000658703 0.000454803 0.00030804 0.000204591 0.000133205 8.49922e-05 5.31318e-05 3.25348e-05 1.95111e-05 1.14574e-05 6.58746e-06 3.70796e-06 2.04323e-06 1.10218e-06 5.82028e-07 3.00885e-07 1.52279e-07 7.54565e-08 3.66108e-08 1.73966e-08 8.10141e-09 3.70969e-09 1.69982e-09 8.49713e-10 
1.10774e-09 1.52073e-09 3.02746e-09 6.57707e-09 1.43008e-08 3.05755e-08 6.40631e-08 1.31449e-07 2.64077e-07 5.19384e-07 9.99993e-07 1.88468e-06 3.47693e-06 6.27872e-06 1.10987e-05 1.92052e-05 3.25348e-05 5.39644e-05 8.76513e-05 0.000139438 0.000217307 0.000331852 0.000496734 0.000729047 0.00104953 0.00148258 0.0020559 0.00279986 0.00374642 0.00492763 0.0063738 0.00811129 0.0101601 0.0125317 0.0152261 0.0182308 0.0215187 0.0250483 0.0287634 0.0325954 0.0364656 0.0402886 0.0439768 0.0474443 0.0506112 0.0534063 0.05577 0.0576546 0.0590247 0.059856 0.0601346 0.059856 0.0590247 0.0576546 0.05577 0.0534063 0.0506112 0.0474443 0.0439768 0.0402886 0.0364656 0.0325954 0.0287634 0.0250483 0.0215187 0.0182308 0.0152261 0.0125317 0.0101601 0.00811129 0.0063738 0.00492763 0.00374642 0.00279986 0.0020559 0.00148258 0.00104953 0.000729047 0.000496734 0.000331852 0.000217307 0.000139438 8.76513e-05 5.39644e-05 3.25348e-05 1.92052e-05 1.10987e-05 6.27872e-06 3.47693e-06 1.88468e-06 9.99993e-07 5.19384e-07 2.64077e-07 1.31449e-07 6.40631e-08 3.05755e-08 1.43008e-08 6.57707e-09 3.02746e-09 1.52073e-09 
1.94976e-09 2.66905e-09 5.28748e-09 1.14338e-08 2.4751e-08 5.26846e-08 1.09894e-07 2.24463e-07 4.4886e-07 8.7867e-07 1.68367e-06 3.1578e-06 5.79687e-06 1.04155e-05 1.83171e-05 3.15309e-05 5.31318e-05 8.76513e-05 0.000141582 0.000223968 0.000347043 0.000526883 0.000783981 0.00114368 0.00163633 0.00229711 0.00316537 0.00428348 0.0056951 0.007443 0.00956636 0.0120977 0.0150599 0.0184629 0.0223011 0.0265509 0.0311699 0.0360962 0.0412499 0.0465353 0.0518449 0.0570642 0.0620768 0.0667707 0.0710422 0.0748008 0.0779709 0.0804931 0.0823237 0.0834333 0.083805 0.0834333 0.0823237 0.0804931 0.0779709 0.0748008 0.0710422 0.0667707 0.0620768 0.0570642 0.0518449 0.0465353 0.0412499 0.0360962 0.0311699 0.0265509 0.0223011 0.0184629 0.0150599 0.0120977 0.00956636 0.007443 0.0056951 0.00428348 0.00316537 0.00229711 0.00163633 0.00114368 0.000783981 0.000526883 0.000347043 0.000223968 0.000141582 8.76513e-05 5.31318e-05 3.15309e-05 1.83171e-05 1.04155e-05 5.79687e-06 3.1578e-06 1.68367e-06 8.7867e-07 4.4886e-07 2.24463e-07 1.09894e-07 5.26846e-08 2.4751e-08 1.14338e-08 5.28748e-09 2.66905e-09 
3.366e-09 4.59454e-09 9.05683e-09 1.94931e-08 4.20075e-08 8.90156e-08 1.84832e-07 3.75785e-07 7.47929e-07 1.45711e-06 2.77848e-06 5.18536e-06 9.47098e-06 1.69297e-05 2.96177e-05 5.07128e-05 8.49922e-05 0.000139438 0.000223968 0.000352265 0.000542659 0.000818972 0.00121123 0.00175608 0.00249683 0.00348288 0.00476856 0.00641121 0.0084686 0.0109957 0.0140408 0.0176419 0.0218224 0.0265872 0.0319202 0.0377812 0.0441058 0.0508051 0.0577683 0.064866 0.071956 0.0788889 0.0855158 0.0916946 0.0972961 0.102209 0.10634 0.10962 0.111997 0.113436 0.113917 0.113436 0.111997 0.10962 0.10634 0.102209 0.0972961 0.0916946 0.0855158 0.0788889 0.071956 0.064866 0.0577683 0.0508051 0.0441058 0.0377812 0.0319202 0.0265872 0.0218224 0.0176419 0.0140408 0.0109957 0.0084686 0.00641121 0.00476856 0.00348288 0.00249683 0.00175608 0.00121123 0.000818972 0.000542659 0.000352265 0.000223968 0.000139438 8.49922e-05 5.07128e-05 2.96177e-05 1.69297e-05 9.47098e-06 5.18536e-06 2.77848e-06 1.45711e-06 7.47929e-07 3.75785e-07 1.84832e-07 8.90156e-08 4.20075e-08 1.94931e-08 9.05683e-09 4.59454e-09 
5.70027e-09 7.75833e-09 1.52169e-08 3.25964e-08 6.99258e-08 1.47502e-07 3.04862e-07 6.16914e-07 1.22199e-06 2.36909e-06 4.49509e-06 8.34669e-06 1.51668e-05 2.69695e-05 4.69306e-05 7.99212e-05 0.000133205 0.000217307 0.000347043 0.000542659 0.00083099 0.00124653 0.00183222 0.00263978 0.00372942 0.00516869 0.00703048 0.00939002 0.0123211 0.0158914 0.0201578 0.025161 0.0309209 0.037432 0.0446609 0.0525435 0.0609853 0.0698627 0.0790265 0.0883072 0.0975219 0.106483 0.115004 0.122913 0.130054 0.136295 0.141528 0.145672 0.148669 0.150481 0.151088 0.150481 0.148669 0.145672 0.141528 0.136295 0.130054 0.122913 0.115004 0.106483 0.0975219 0.0883072 0.0790265 0.0698627 0.0609853 0.0525435 0.0446609 0.037432 0.0309209 0.025161 0.0201578 0.0158914 0.0123211 0.00939002 0.00703048 0.00516869 0.00372942 0.00263978 0.00183222 0.00124653 0.00083099 0.000542659 0.000347043 0.000217307 0.000133205 7.99212e-05 4.69306e-05 2.69695e-05 1.51668e-05 8.34669e-06 4.49509e-06 2.36909e-06 1.22199e-06 6.16914e-07 3.04862e-07 1.47502e-07 6.99258e-08 3.25964e-08 1.52169e-08 7.75833e-09 
9.47062e-09 1.28527e-08 2.50822e-08 5.34727e-08 1.14183e-07 2.39753e-07 4.9322e-07 9.93328e-07 1.95806e-06 3.77737e-06 7.13107e-06 1.31733e-05 2.38122e-05 4.21171e-05 7.2892e-05 0.000123447 0.000204591 0.000331852 0.000526883 0.000818972 0.00124653 0.00185835 0.00271439 0.00388587 0.00545435 0.00750972 0.0101469 0.0134615 0.0175442 0.0224748 0.0283158 0.035106 0.0428556 0.051541 0.0611025 0.0714429 0.0824288 0.0938933 0.105642 0.117458 0.129116 0.140385 0.151044 0.160889 0.169739 0.177443 0.183883 0.18897 0.192642 0.194859 0.1956 0.194859 0.192642 0.18897 0.183883 0.177443 0.169739 0.160889 0.151044 0.140385 0.129116 0.117458 0.105642 0.0938933 0.0824288 0.0714429 0.0611025 0.051541 0.0428556 0.035106 0.0283158 0.0224748 0.0175442 0.0134615 0.0101469 0.00750972 0.00545435 0.00388587 0.00271439 0.00185835 0.00124653 0.000818972 0.000526883 0.000331852 0.000204591 0.000123447 7.2892e-05 4.21171e-05 2.38122e-05 1.31733e-05 7.13107e-06 3.77737e-06 1.95806e-06 9.93328e-07 4.9322e-07 2.39753e-07 1.14183e-07 5.34727e-08 2.50822e-08 1.28527e-08 
1.5439e-08 2.08921e-08 4.05657e-08 8.60675e-08 1.82936e-07 3.82339e-07 7.82847e-07 1.56906e-06 3.07778e-06 5.90777e-06 1.1096e-05 2.0391e-05 3.66629e-05 6.44953e-05 0.000111006 0.000186937 0.00030804 0.000496734 0.000783981 0.00121123 0.00183222 0.00271439 0.00393951 0.0056032 0.00781314 0.0106857 0.0143407 0.0188955 0.0244573 0.0311148 0.0389311 0.0479361 0.0581208 0.0694333 0.081777 0.095011 0.108953 0.123385 0.138061 0.152715 0.167072 0.180864 0.193834 0.205749 0.216411 0.225656 0.233357 0.239423 0.243792 0.246427 0.247307 0.246427 0.243792 0.239423 0.233357 0.225656 0.216411 0.205749 0.193834 0.180864 0.167072 0.152715 0.138061 0.123385 0.108953 0.095011 0.081777 0.0694333 0.0581208 0.0479361 0.0389311 0.0311148 0.0244573 0.0188955 0.0143407 0.0106857 0.00781314 0.0056032 0.00393951 0.00271439 0.00183222 0.00121123 0.000783981 0.000496734 0.00030804 0.000186937 0.000111006 6.44953e-05 3.66629e-05 2.0391e-05 1.1096e-05 5.90777e-06 3.07778e-06 1.56906e-06 7.82847e-07 3.82339e-07 1.82936e-07 8.60675e-08 4.05657e-08 2.08921e-08 
2.46986e-08 3.33264e-08 6.43834e-08 1.35945e-07 2.87614e-07 5.98324e-07 1.21929e-06 2.432e-06 4.74689e-06 9.06556e-06 1.6939e-05 3.09644e-05 5.5374e-05 9.68753e-05 0.000165802 0.000277619 0.000454803 0.000729047 0.00114368 0.00175608 0.00263978 0.00388587 0.0056032 0.00791705 0.0109659 0.014896 0.0198542 0.0259792 0.0333915 0.0421836 0.052411 0.0640841 0.0771629 0.0915547 0.107113 0.123643 0.140903 0.158618 0.176484 0.194186 0.211404 0.227832 0.243185 0.257212 0.269701 0.280482 0.28943 0.296457 0.301507 0.304547 0.305562 0.304547 0.301507 0.296457 0.28943 0.280482 0.269701 0.257212 0.243185 0.227832 0.211404 0.194186 0.176484 0.158618 0.140903 0.123643 0.107113 0.0915547 0.0771629 0.0640841 0.052411 0.0421836 0.0333915 0.0259792 0.0198542 0.014896 0.0109659 0.00791705 0.0056032 0.00388587 0.00263978 0.00175608 0.00114368 0.000729047 0.000454803 0.000277619 0.000165802 9.68753e-05 5.5374e-05 3.09644e-05 1.6939e-05 9.06556e-06 4.74689e-06 2.432e-06 1.21929e-06 5.98324e-07 2.87614e-07 1.35945e-07 6.43834e-08 3.33264e-08 
3.87778e-08 5.21752e-08 1.00293e-07 2.10754e-07 4.43823e-07 9.18997e-07 1.86389e-06 3.69969e-06 7.18535e-06 1.36527e-05 2.53771e-05 4.61421e-05 8.20671e-05 0.000142775 0.000242971 0.000404473 0.000658703 0.00104953 0.00163633 0.00249683 0.00372942 0.00545435 0.00781314 0.0109659 0.0150859 0.0203519 0.0269377 0.0350006 0.044669 0.0560301 0.0691202 0.0839168 0.100335 0.118225 0.13738 0.157537 0.178389 0.199597 0.220802 0.241638 0.261749 0.280799 0.298485 0.314546 0.328768 0.34099 0.351093 0.359001 0.36467 0.368078 0.369215 0.368078 0.36467 0.359001 0.351093 0.34099 0.328768 0.314546 0.298485 0.280799 0.261749 0.241638 0.220802 0.199597 0.178389 0.157537 0.13738 0.118225 0.100335 0.0839168 0.0691202 0.0560301 0.044669 0.0350006 0.0269377 0.0203519 0.0150859 0.0109659 0.00781314 0.00545435 0.00372942 0.00249683 0.00163633 0.00104953 0.000658703 0.000404473 0.000242971 0.000142775 8.20671e-05 4.61421e-05 2.53771e-05 1.36527e-05 7.18535e-06 3.69969e-06 1.86389e-06 9.18997e-07 4.43823e-07 2.10754e-07 1.00293e-07 5.21752e-08 
5.97583e-08 8.01789e-08 1.53359e-07 3.20732e-07 6.72316e-07 1.38568e-06 2.79711e-06 5.52515e-06 1.06773e-05 2.0184e-05 3.7321e-05 6.74954e-05 0.000119387 0.000206536 0.000349459 0.000578333 0.000936204 0.00148258 0.00229711 0.00348288 0.00516869 0.00750972 0.0106857 0.014896 0.0203519 0.027265 0.035834 0.0462292 0.0585773 0.0729483 0.0893443 0.107694 0.127849 0.149591 0.172635 0.196643 0.221236 0.246012 0.270556 0.294464 0.317349 0.33886 0.358689 0.37658 0.392333 0.405801 0.416887 0.425535 0.431718 0.435427 0.436664 0.435427 0.431718 0.425535 0.416887 0.405801 0.392333 0.37658 0.358689 0.33886 0.317349 0.294464 0.270556 0.246012 0.221236 0.196643 0.172635 0.149591 0.127849 0.107694 0.0893443 0.0729483 0.0585773 0.0462292 0.035834 0.027265 0.0203519 0.014896 0.0106857 0.00750972 0.00516869 0.00348288 0.00229711 0.00148258 0.000936204 0.000578333 0.000349459 0.000206536 0.000119387 6.74954e-05 3.7321e-05 2.0184e-05 1.06773e-05 5.52515e-06 2.79711e-06 1.38568e-06 6.72316e-07 3.20732e-07 1.53359e-07 8.01789e-08 
9.03974e-08 1.20954e-07 2.30218e-07 4.79209e-07 9.99935e-07 2.05145e-06 4.12158e-06 8.10207e-06 1.55794e-05 2.93008e-05 5.38945e-05 9.69451e-05 0.000170533 0.000293352 0.000493484 0.000811857 0.00130629 0.0020559 0.00316537 0.00476856 0.00703048 0.0101469 0.0143407 0.0198542 0.0269377 0.035834 0.0467612 0.0598934 0.0753432 0.093147 0.113255 0.135529 0.159741 0.185586 0.21269 0.240635 0.268967 0.297222 0.324943 0.351694 0.377076 0.400737 0.422383 0.441779 0.45875 0.473182 0.485006 0.494195 0.500747 0.50467 0.505976 0.50467 0.500747 0.494195 0.485006 0.473182 0.45875 0.441779 0.422383 0.400737 0.377076 0.351694 0.324943 0.297222 0.268967 0.240635 0.21269 0.185586 0.159741 0.135529 0.113255 0.093147 0.0753432 0.0598934 0.0467612 0.035834 0.0269377 0.0198542 0.0143407 0.0101469 0.00703048 0.00476856 0.00316537 0.0020559 0.00130629 0.000811857 0.000493484 0.000293352 0.000170533 9.69451e-05 5.38945e-05 2.93008e-05 1.55794e-05 8.10207e-06 4.12158e-06 2.05145e-06 9.99935e-07 4.79209e-07 2.30218e-07 1.20954e-07 
1.34243e-07 1.79136e-07 3.39321e-07 7.03037e-07 1.46039e-06 2.98253e-06 5.96435e-06 1.16685e-05 2.23267e-05 4.17776e-05 7.64432e-05 0.000136768 0.000239259 0.000409248 0.000684457 0.00111935 0.00179011 0.00279986 0.00428348 0.00641121 0.00939002 0.0134615 0.0188955 0.0259792 0.0350006 0.0462292 0.0598934 0.0761584 0.0951062 0.116721 0.140883 0.167363 0.19584 0.225907 0.257097 0.288902 0.320802 0.352279 0.382844 0.412049 0.4395 0.464865 0.487881 0.50835 0.526142 0.541183 0.553445 0.562935 0.56968 0.573711 0.575052 0.573711 0.56968 0.562935 0.553445 0.541183 0.526142 0.50835 0.487881 0.464865 0.4395 0.412049 0.382844 0.352279 0.320802 0.288902 0.257097 0.225907 0.19584 0.167363 0.140883 0.116721 0.0951062 0.0761584 0.0598934 0.0462292 0.0350006 0.0259792 0.0188955 0.0134615 0.00939002 0.00641121 0.00428348 0.00279986 0.00179011 0.00111935 0.000684457 0.000409248 0.000239259 0.000136768 7.64432e-05 4.17776e-05 2.23267e-05 1.16685e-05 5.96435e-06 2.98253e-06 1.46039e-06 7.03037e-07 3.39321e-07 1.79136e-07 
1.95717e-07 2.60484e-07 4.91093e-07 1.01287e-06 2.09471e-06 4.25892e-06 8.47784e-06 1.65075e-05 3.14322e-05 5.85208e-05 0.000106525 0.000189574 0.000329819 0.00056097 0.000932778 0.00151639 0.00241032 0.00374642 0.0056951 0.0084686 0.0123211 0.0175442 0.0244573 0.0333915 0.044669 0.0585773 0.0753432 0.0951062 0.117899 0.143632 0.172093 0.202948 0.235763 0.270021 0.305157 0.34058 0.375707 0.409984 0.442907 0.474035 0.503002 0.529516 0.553363 0.574403 0.592559 0.607811 0.620177 0.629707 0.636457 0.640482 0.641819 0.640482 0.636457 0.629707 0.620177 0.607811 0.592559 0.574403 0.553363 0.529516 0.503002 0.474035 0.442907 0.409984 0.375707 0.34058 0.305157 0.270021 0.235763 0.202948 0.172093 0.143632 0.117899 0.0951062 0.0753432 0.0585773 0.044669 0.0333915 0.0244573 0.0175442 0.0123211 0.0084686 0.0056951 0.00374642 0.00241032 0.00151639 0.000932778 0.00056097 0.000329819 0.000189574 0.000106525 5.85208e-05 3.14322e-05 1.65075e-05 8.47784e-06 4.25892e-06 2.09471e-06 1.01287e-06 4.91093e-07 2.60484e-07 
2.80153e-07 3.71912e-07 6.97965e-07 1.43316e-06 2.95114e-06 5.97403e-06 1.18386e-05 2.29448e-05 4.34805e-05 8.05523e-05 0.000145881 0.000258246 0.000446856 0.000755782 0.00124948 0.00201924 0.00319012 0.00492763 0.007443 0.0109957 0.0158914 0.0224748 0.0311148 0.0421836 0.0560301 0.0729483 0.093147 0.116721 0.143632 0.173696 0.206587 0.241849 0.278925 0.317184 0.355963 0.394598 0.432459 0.468971 0.50364 0.536056 0.5659 0.592941 0.617035 0.638108 0.656152 0.671205 0.68334 0.692646 0.699214 0.70312 0.704416 0.70312 0.699214 0.692646 0.68334 0.671205 0.656152 0.638108 0.617035 0.592941 0.5659 0.536056 0.50364 0.468971 0.432459 0.394598 0.355963 0.317184 0.278925 0.241849 0.206587 0.173696 0.143632 0.116721 0.093147 0.0729483 0.0560301 0.0421836 0.0311148 0.0224748 0.0158914 0.0109957 0.007443 0.00492763 0.00319012 0.00201924 0.00124948 0.000755782 0.000446856 0.000258246 0.000145881 8.05523e-05 4.34805e-05 2.29448e-05 1.18386e-05 5.97403e-06 2.95114e-06 1.43316e-06 6.97965e-07 3.71912e-07 
3.93739e-07 5.21417e-07 9.74209e-07 1.99177e-06 4.08425e-06 8.23272e-06 1.62434e-05 3.13395e-05 5.91107e-05 0.000108979 0.000196374 0.000345833 0.000595213 0.00100115 0.00164572 0.00264402 0.00415203 0.0063738 0.00956636 0.0140408 0.0201578 0.0283158 0.0389311 0.052411 0.0691202 0.0893443 0.113255 0.140883 0.172093 0.206587 0.243907 0.283465 0.324573 0.366488 0.408458 0.449759 0.489735 0.527816 0.563538 0.596545 0.626589 0.653519 0.677271 0.697852 0.715326 0.729795 0.741385 0.750227 0.756442 0.760129 0.76135 0.760129 0.756442 0.750227 0.741385 0.729795 0.715326 0.697852 0.677271 0.653519 0.626589 0.596545 0.563538 0.527816 0.489735 0.449759 0.408458 0.366488 0.324573 0.283465 0.243907 0.206587 0.172093 0.140883 0.113255 0.0893443 0.0691202 0.052411 0.0389311 0.0283158 0.0201578 0.0140408 0.00956636 0.0063738 0.00415203 0.00264402 0.00164572 0.00100115 0.000595213 0.000345833 0.000196374 0.000108979 5.91107e-05 3.13395e-05 1.62434e-05 8.23272e-06 4.08425e-06 1.99177e-06 9.74209e-07 5.21417e-07 
5.43353e-07 7.1785e-07 1.3355e-06 2.71909e-06 5.55308e-06 1.11475e-05 2.19011e-05 4.20701e-05 7.89894e-05 0.000144942 0.000259901 0.000455394 0.000779676 0.00130432 0.0021321 0.00340568 0.00531636 0.00811129 0.0120977 0.0176419 0.025161 0.035106 0.0479361 0.0640841 0.0839168 0.107694 0.135529 0.167363 0.202948 0.241849 0.283465 0.327065 0.371833 0.416922 0.461506 0.504825 0.546216 0.58514 0.621189 0.654085 0.683666 0.709875 0.732741 0.752355 0.768856 0.782409 0.79319 0.801367 0.807091 0.810475 0.811595 0.810475 0.807091 0.801367 0.79319 0.782409 0.768856 0.752355 0.732741 0.709875 0.683666 0.654085 0.621189 0.58514 0.546216 0.504825 0.461506 0.416922 0.371833 0.327065 0.283465 0.241849 0.202948 0.167363 0.135529 0.107694 0.0839168 0.0640841 0.0479361 0.035106 0.025161 0.0176419 0.0120977 0.00811129 0.00531636 0.00340568 0.0021321 0.00130432 0.000779676 0.000455394 0.000259901 0.000144942 7.89894e-05 4.20701e-05 2.19011e-05 1.11475e-05 5.55308e-06 2.71909e-06 1.3355e-06 7.1785e-07 
7.3626e-07 9.70519e-07 1.79819e-06 3.6465e-06 7.4181e-06 1.48325e-05 2.9022e-05 5.55125e-05 0.00010377 0.000189544 0.000338269 0.000589796 0.00100464 0.00167179 0.00271786 0.00431684 0.00669944 0.0101601 0.0150599 0.0218224 0.0309209 0.0428556 0.0581208 0.0771629 0.100335 0.127849 0.159741 0.19584 0.235763 0.278925 0.324573 0.371833 0.419769 0.467445 0.513982 0.558605 0.600677 0.639712 0.675383 0.707505 0.736021 0.760975 0.782491 0.800748 0.815954 0.828334 0.838107 0.845474 0.850605 0.85363 0.854629 0.85363 0.850605 0.845474 0.838107 0.828334 0.815954 0.800748 0.782491 0.760975 0.736021 0.707505 0.675383 0.639712 0.600677 0.558605 0.513982 0.467445 0.419769 0.371833 0.324573 0.278925 0.235763 0.19584 0.159741 0.127849 0.100335 0.0771629 0.0581208 0.0428556 0.0309209 0.0218224 0.0150599 0.0101601 0.00669944 0.00431684 0.00271786 0.00167179 0.00100464 0.000589796 0.000338269 0.000189544 0.00010377 5.55125e-05 2.9022e-05 1.48325e-05 7.4181e-06 3.6465e-06 1.79819e-06 9.70519e-07 
9.79649e-07 1.28858e-06 2.37819e-06 4.80428e-06 9.73696e-06 1.93953e-05 3.78014e-05 7.20116e-05 0.000134043 0.000243764 0.000433046 0.00075146 0.0012737 0.00210869 0.00340996 0.0053864 0.00831188 0.0125317 0.0184629 0.0265872 0.037432 0.051541 0.0694333 0.0915547 0.118225 0.149591 0.185586 0.225907 0.270021 0.317184 0.366488 0.416922 0.467445 0.517051 0.564836 0.610038 0.652069 0.690526 0.725177 0.755949 0.782895 0.806165 0.825977 0.842591 0.85628 0.867318 0.875958 0.882427 0.886908 0.88954 0.890408 0.88954 0.886908 0.882427 0.875958 0.867318 0.85628 0.842591 0.825977 0.806165 0.782895 0.755949 0.725177 0.690526 0.652069 0.610038 0.564836 0.517051 0.467445 0.416922 0.366488 0.317184 0.270021 0.225907 0.185586 0.149591 0.118225 0.0915547 0.0694333 0.051541 0.037432 0.0265872 0.0184629 0.0125317 0.00831188 0.0053864 0.00340996 0.00210869 0.0012737 0.00075146 0.000433046 0.000243764 0.000134043 7.20116e-05 3.78014e-05 1.93953e-05 9.73696e-06 4.80428e-06 2.37819e-06 1.28858e-06 
1.28002e-06 1.68027e-06 3.08962e-06 6.21884e-06 1.25592e-05 2.4927e-05 4.84013e-05 9.18468e-05 0.000170275 0.000308351 0.000545386 0.000942092 0.00158925 0.00261815 0.00421216 0.00661828 0.0101567 0.0152261 0.0223011 0.0319202 0.0446609 0.0611025 0.081777 0.107113 0.13738 0.172635 0.21269 0.257097 0.305157 0.355963 0.408458 0.461506 0.513982 0.564836 0.613164 0.658249 0.699578 0.736847 0.769939 0.798898 0.823891 0.845173 0.863048 0.877847 0.889898 0.899513 0.906971 0.912511 0.916328 0.91856 0.919295 0.91856 0.916328 0.912511 0.906971 0.899513 0.889898 0.877847 0.863048 0.845173 0.823891 0.798898 0.769939 0.736847 0.699578 0.658249 0.613164 0.564836 0.513982 0.461506 0.408458 0.355963 0.305157 0.257097 0.21269 0.172635 0.13738 0.107113 0.081777 0.0611025 0.0446609 0.0319202 0.0223011 0.0152261 0.0101567 0.00661828 0.00421216 0.00261815 0.00158925 0.000942092 0.000545386 0.000308351 0.000170275 9.18468e-05 4.84013e-05 2.4927e-05 1.25592e-05 6.21884e-06 3.08962e-06 1.68027e-06 
1.64246e-06 2.15194e-06 3.94311e-06 7.90959e-06 1.59203e-05 3.14901e-05 6.09292e-05 0.000115195 0.000212741 0.000383714 0.000675855 0.00116239 0.00195202 0.00320064 0.00512407 0.00801015 0.0122279 0.0182308 0.0265509 0.0377812 0.0525435 0.0714429 0.095011 0.123643 0.157537 0.196643 0.240635 0.288902 0.34058 0.394598 0.449759 0.504825 0.558605 0.610038 0.658249 0.702589 0.742645 0.778228 0.809345 0.83616 0.858952 0.878069 0.893895 0.906818 0.917206 0.925399 0.93169 0.936324 0.939496 0.941343 0.941949 0.941343 0.939496 0.936324 0.93169 0.925399 0.917206 0.906818 0.893895 0.878069 0.858952 0.83616 0.809345 0.778228 0.742645 0.702589 0.658249 0.610038 0.558605 0.504825 0.449759 0.394598 0.34058 0.288902 0.240635 0.196643 0.157537 0.123643 0.095011 0.0714429 0.0525435 0.0377812 0.0265509 0.0182308 0.0122279 0.00801015 0.00512407 0.00320064 0.00195202 0.00116239 0.000675855 0.000383714 0.000212741 0.000115195 6.09292e-05 3.14901e-05 1.59203e-05 7.90959e-06 3.94311e-06 2.15194e-06 
