4.12407e-08 4.58373e-08 6.04318e-08 8.7537e-08 1.31674e-07 1.99889e-07 3.02524e-07 4.54252e-07 6.75447e-07 9.93905e-07 1.44696e-06 2.08403e-06 2.96957e-06 4.18646e-06 5.83968e-06 8.06025e-06 1.10092e-05 1.48814e-05 1.99087e-05 2.63625e-05 3.45551e-05 4.48385e-05 5.76024e-05 7.3268e-05 9.22802e-05 0.000115096 0.000142168 0.000173928 0.000210768 0.00025301 0.00030089 0.000354528 0.000413908 0.000478857 0.000549028 0.00062389 0.000702725 0.000784633 0.000868543 0.000953233 0.00103736 0.00111949 0.00119815 0.00127185 0.00133915 0.00139868 0.00144922 0.00148971 0.00151927 0.00153727 0.00154331 0.00153727 0.00151927 0.00148971 0.00144922 0.00139868 0.00133915 0.00127185 0.00119815 0.00111949 0.00103736 0.000953233 0.000868543 0.000784633 0.000702725 0.00062389 0.000549028 0.000478857 0.000413908 0.000354528 0.00030089 0.00025301 0.000210768 0.000173928 0.000142168 0.000115096 9.22802e-05 7.3268e-05 5.76024e-05 4.48385e-05 3.45551e-05 2.63625e-05 1.99087e-05 1.48814e-05 1.10092e-05 8.06025e-06 5.83968e-06 4.18646e-06 2.96957e-06 2.08403e-06 1.44696e-06 9.93905e-07 6.75447e-07 4.54252e-07 3.02524e-07 1.99889e-07 1.31674e-07 8.7537e-08 6.04318e-08 4.58373e-08 
4.58373e-08 5.09283e-08 6.70885e-08 9.70871e-08 1.45904e-07 2.21298e-07 3.3464e-07 5.02054e-07 7.45902e-07 1.09666e-06 1.59521e-06 2.29562e-06 3.2683e-06 4.60369e-06 6.41622e-06 8.84849e-06 1.20756e-05 1.63089e-05 2.18001e-05 2.88428e-05 3.77746e-05 4.89756e-05 6.28657e-05 7.98981e-05 0.000100551 0.000125313 0.00015467 0.000189083 0.000228965 0.00027466 0.000326414 0.000384348 0.000448439 0.000518491 0.000594125 0.000674765 0.000759635 0.000847762 0.000937996 0.00102902 0.00111941 0.00120761 0.00129205 0.00137114 0.00144333 0.00150719 0.00156138 0.00160479 0.00163648 0.00165577 0.00166225 0.00165577 0.00163648 0.00160479 0.00156138 0.00150719 0.00144333 0.00137114 0.00129205 0.00120761 0.00111941 0.00102902 0.000937996 0.000847762 0.000759635 0.000674765 0.000594125 0.000518491 0.000448439 0.000384348 0.000326414 0.00027466 0.000228965 0.000189083 0.00015467 0.000125313 0.000100551 7.98981e-05 6.28657e-05 4.89756e-05 3.77746e-05 2.88428e-05 2.18001e-05 1.63089e-05 1.20756e-05 8.84849e-06 6.41622e-06 4.60369e-06 3.2683e-06 2.29562e-06 1.59521e-06 1.09666e-06 7.45902e-07 5.02054e-07 3.3464e-07 2.21298e-07 1.45904e-07 9.70871e-08 6.70885e-08 5.09283e-08 
6.04318e-08 6.70885e-08 8.82057e-08 1.27363e-07 1.90987e-07 2.89077e-07 4.36254e-07 6.53204e-07 9.68543e-07 1.42117e-06 2.06312e-06 2.963e-06 4.20995e-06 5.91808e-06 8.23131e-06 1.13285e-05 1.54285e-05 2.07947e-05 2.77396e-05 3.66266e-05 4.78719e-05 6.19424e-05 7.9352e-05 0.000100653 0.000126425 0.000157259 0.000193737 0.000236408 0.000285761 0.000342195 0.000405989 0.000477269 0.000555982 0.000641869 0.000734446 0.000832994 0.000936556 0.00104394 0.00115375 0.00126438 0.00137411 0.00148107 0.00158338 0.00167912 0.00176645 0.00184364 0.00190912 0.00196154 0.00199979 0.00202308 0.00203089 0.00202308 0.00199979 0.00196154 0.00190912 0.00184364 0.00176645 0.00167912 0.00158338 0.00148107 0.00137411 0.00126438 0.00115375 0.00104394 0.000936556 0.000832994 0.000734446 0.000641869 0.000555982 0.000477269 0.000405989 0.000342195 0.000285761 0.000236408 0.000193737 0.000157259 0.000126425 0.000100653 7.9352e-05 6.19424e-05 4.78719e-05 3.66266e-05 2.77396e-05 2.07947e-05 1.54285e-05 1.13285e-05 8.23131e-06 5.91808e-06 4.20995e-06 2.963e-06 2.06312e-06 1.42117e-06 9.68543e-07 6.53204e-07 4.36254e-07 2.89077e-07 1.90987e-07 1.27363e-07 8.82057e-08 6.70885e-08 
8.7537e-08 9.70871e-08 1.27363e-07 1.83429e-07 2.7437e-07 4.14285e-07 6.23746e-07 9.31774e-07 1.3784e-06 2.01786e-06 2.92248e-06 4.1873e-06 5.93536e-06 8.32359e-06 1.15492e-05 1.58565e-05 2.15428e-05 2.89653e-05 3.85449e-05 5.07702e-05 6.61973e-05 8.54478e-05 0.000109202 0.000138188 0.000173164 0.000214899 0.000264146 0.000321606 0.000387899 0.000463517 0.000548794 0.000643858 0.0007486 0.000862642 0.000985314 0.00111564 0.00125234 0.00139383 0.00153828 0.00168358 0.00182748 0.00196758 0.00210141 0.00222651 0.00234052 0.00244121 0.00252656 0.00259485 0.00264467 0.00267498 0.00268515 0.00267498 0.00264467 0.00259485 0.00252656 0.00244121 0.00234052 0.00222651 0.00210141 0.00196758 0.00182748 0.00168358 0.00153828 0.00139383 0.00125234 0.00111564 0.000985314 0.000862642 0.0007486 0.000643858 0.000548794 0.000463517 0.000387899 0.000321606 0.000264146 0.000214899 0.000173164 0.000138188 0.000109202 8.54478e-05 6.61973e-05 5.07702e-05 3.85449e-05 2.89653e-05 2.15428e-05 1.58565e-05 1.15492e-05 8.32359e-06 5.93536e-06 4.1873e-06 2.92248e-06 2.01786e-06 1.3784e-06 9.31774e-07 6.23746e-07 4.14285e-07 2.7437e-07 1.83429e-07 1.27363e-07 9.70871e-08 
1.31674e-07 1.45904e-07 1.90987e-07 2.7437e-07 4.09387e-07 6.16697e-07 9.26366e-07 1.3807e-06 2.03786e-06 2.97643e-06 4.30085e-06 6.14789e-06 8.69399e-06 1.21634e-05 1.68369e-05 2.30608e-05 3.12553e-05 4.19227e-05 5.56526e-05 7.31264e-05 9.51161e-05 0.00012248 0.000156154 0.000197132 0.000246444 0.00030513 0.000374193 0.000454565 0.000547053 0.000652288 0.000770674 0.000902332 0.00104706 0.00120429 0.00137305 0.00155197 0.00173928 0.00193281 0.00213001 0.00232808 0.00252393 0.00271434 0.002896 0.00306563 0.00322005 0.00335631 0.00347174 0.00356403 0.00363133 0.00367226 0.003686 0.00367226 0.00363133 0.00356403 0.00347174 0.00335631 0.00322005 0.00306563 0.002896 0.00271434 0.00252393 0.00232808 0.00213001 0.00193281 0.00173928 0.00155197 0.00137305 0.00120429 0.00104706 0.000902332 0.000770674 0.000652288 0.000547053 0.000454565 0.000374193 0.00030513 0.000246444 0.000197132 0.000156154 0.00012248 9.51161e-05 7.31264e-05 5.56526e-05 4.19227e-05 3.12553e-05 2.30608e-05 1.68369e-05 1.21634e-05 8.69399e-06 6.14789e-06 4.30085e-06 2.97643e-06 2.03786e-06 1.3807e-06 9.26366e-07 6.16697e-07 4.09387e-07 2.7437e-07 1.90987e-07 1.45904e-07 
1.99889e-07 2.21298e-07 2.89077e-07 4.14285e-07 6.16697e-07 9.26887e-07 1.38925e-06 2.0661e-06 3.04284e-06 4.43453e-06 6.3936e-06 9.119e-06 1.28665e-05 1.79601e-05 2.4804e-05 3.38947e-05 4.58325e-05 6.13319e-05 8.12284e-05 0.000106483 0.000138179 0.000177518 0.000225797 0.000284393 0.000354721 0.000438195 0.000536177 0.000649911 0.000780462 0.000928639 0.00109493 0.00127943 0.00148179 0.00170113 0.00193607 0.00218465 0.00244438 0.00271222 0.0029847 0.00325792 0.00352767 0.00378956 0.00403911 0.00427186 0.00448354 0.00467015 0.00482812 0.00495435 0.00504636 0.00510231 0.00512109 0.00510231 0.00504636 0.00495435 0.00482812 0.00467015 0.00448354 0.00427186 0.00403911 0.00378956 0.00352767 0.00325792 0.0029847 0.00271222 0.00244438 0.00218465 0.00193607 0.00170113 0.00148179 0.00127943 0.00109493 0.000928639 0.000780462 0.000649911 0.000536177 0.000438195 0.000354721 0.000284393 0.000225797 0.000177518 0.000138179 0.000106483 8.12284e-05 6.13319e-05 4.58325e-05 3.38947e-05 2.4804e-05 1.79601e-05 1.28665e-05 9.119e-06 6.3936e-06 4.43453e-06 3.04284e-06 2.0661e-06 1.38925e-06 9.26887e-07 6.16697e-07 4.14285e-07 2.89077e-07 2.21298e-07 
3.02524e-07 3.3464e-07 4.36254e-07 6.23746e-07 9.26366e-07 1.38925e-06 2.07781e-06 3.08357e-06 4.5317e-06 6.59025e-06 9.48123e-06 1.34934e-05 1.89969e-05 2.64588e-05 3.64598e-05 4.97104e-05 6.70668e-05 8.95433e-05 0.000118322 0.000154755 0.000200362 0.000256817 0.000325922 0.000409573 0.000509712 0.000628264 0.000767063 0.000927769 0.00111178 0.00132012 0.00155338 0.00181157 0.00209411 0.0023997 0.00272632 0.00307122 0.00343088 0.0038011 0.00417708 0.00455346 0.00492451 0.00528425 0.00562659 0.00594554 0.00623531 0.00649056 0.00670646 0.00687888 0.00700451 0.00708088 0.0071065 0.00708088 0.00700451 0.00687888 0.00670646 0.00649056 0.00623531 0.00594554 0.00562659 0.00528425 0.00492451 0.00455346 0.00417708 0.0038011 0.00343088 0.00307122 0.00272632 0.0023997 0.00209411 0.00181157 0.00155338 0.00132012 0.00111178 0.000927769 0.000767063 0.000628264 0.000509712 0.000409573 0.000325922 0.000256817 0.000200362 0.000154755 0.000118322 8.95433e-05 6.70668e-05 4.97104e-05 3.64598e-05 2.64588e-05 1.89969e-05 1.34934e-05 9.48123e-06 6.59025e-06 4.5317e-06 3.08357e-06 2.07781e-06 1.38925e-06 9.26366e-07 6.23746e-07 4.36254e-07 3.3464e-07 
4.54252e-07 5.02054e-07 6.53204e-07 9.31774e-07 1.3807e-06 2.0661e-06 3.08357e-06 4.56657e-06 6.69707e-06 9.7187e-06 1.39523e-05 1.98139e-05 2.78347e-05 3.86832e-05 5.31871e-05 7.23558e-05 9.74003e-05 0.00012975 0.000171064 0.000223231 0.000288364 0.000368777 0.000466953 0.000585484 0.000727009 0.000894123 0.00108928 0.00131466 0.00157208 0.00186283 0.00218756 0.00254617 0.00293769 0.00336023 0.00381089 0.00428578 0.00478004 0.00528788 0.00580269 0.00631722 0.0068237 0.00731403 0.00778006 0.00821373 0.00860734 0.00895374 0.00924652 0.00948022 0.0096504 0.00975382 0.00978852 0.00975382 0.0096504 0.00948022 0.00924652 0.00895374 0.00860734 0.00821373 0.00778006 0.00731403 0.0068237 0.00631722 0.00580269 0.00528788 0.00478004 0.00428578 0.00381089 0.00336023 0.00293769 0.00254617 0.00218756 0.00186283 0.00157208 0.00131466 0.00108928 0.000894123 0.000727009 0.000585484 0.000466953 0.000368777 0.000288364 0.000223231 0.000171064 0.00012975 9.74003e-05 7.23558e-05 5.31871e-05 3.86832e-05 2.78347e-05 1.98139e-05 1.39523e-05 9.7187e-06 6.69707e-06 4.56657e-06 3.08357e-06 2.0661e-06 1.3807e-06 9.31774e-07 6.53204e-07 5.02054e-07 
6.75447e-07 7.45902e-07 9.68543e-07 1.3784e-06 2.03786e-06 3.04284e-06 4.5317e-06 6.69707e-06 9.80094e-06 1.4193e-05 2.03322e-05 2.8812e-05 4.03875e-05 5.60054e-05 7.68339e-05 0.000104292 0.000140076 0.000186179 0.000244905 0.000318864 0.000410964 0.000524372 0.000662465 0.00082875 0.00102677 0.00125998 0.00153162 0.00184453 0.00220101 0.00260264 0.00305012 0.0035431 0.00408007 0.00465828 0.00527363 0.00592071 0.00659284 0.00728211 0.00797962 0.00867556 0.00935953 0.0100207 0.0106484 0.0112317 0.0117606 0.0122256 0.0126184 0.0129317 0.0131598 0.0132983 0.0133448 0.0132983 0.0131598 0.0129317 0.0126184 0.0122256 0.0117606 0.0112317 0.0106484 0.0100207 0.00935953 0.00867556 0.00797962 0.00728211 0.00659284 0.00592071 0.00527363 0.00465828 0.00408007 0.0035431 0.00305012 0.00260264 0.00220101 0.00184453 0.00153162 0.00125998 0.00102677 0.00082875 0.000662465 0.000524372 0.000410964 0.000318864 0.000244905 0.000186179 0.000140076 0.000104292 7.68339e-05 5.60054e-05 4.03875e-05 2.8812e-05 2.03322e-05 1.4193e-05 9.80094e-06 6.69707e-06 4.5317e-06 3.04284e-06 2.03786e-06 1.3784e-06 9.68543e-07 7.45902e-07 
9.93905e-07 1.09666e-06 1.42117e-06 2.01786e-06 2.97643e-06 4.43453e-06 6.59025e-06 9.7187e-06 1.4193e-05 2.05095e-05 2.9318e-05 4.14554e-05 5.79836e-05 8.02284e-05 0.00010982 0.000148733 0.000199313 0.000264311 0.000346886 0.000450608 0.000579428 0.000737627 0.000929743 0.00116046 0.00143448 0.00175633 0.00213022 0.00255979 0.0030479 0.00359643 0.00420605 0.00487601 0.00560402 0.00638612 0.00721659 0.00808801 0.0089913 0.00991582 0.0108496 0.0117797 0.0126924 0.0135733 0.0144084 0.0151835 0.0158856 0.0165023 0.0170228 0.0174377 0.0177396 0.0179229 0.0179844 0.0179229 0.0177396 0.0174377 0.0170228 0.0165023 0.0158856 0.0151835 0.0144084 0.0135733 0.0126924 0.0117797 0.0108496 0.00991582 0.0089913 0.00808801 0.00721659 0.00638612 0.00560402 0.00487601 0.00420605 0.00359643 0.0030479 0.00255979 0.00213022 0.00175633 0.00143448 0.00116046 0.000929743 0.000737627 0.000579428 0.000450608 0.000346886 0.000264311 0.000199313 0.000148733 0.00010982 8.02284e-05 5.79836e-05 4.14554e-05 2.9318e-05 2.05095e-05 1.4193e-05 9.7187e-06 6.59025e-06 4.43453e-06 2.97643e-06 2.01786e-06 1.42117e-06 1.09666e-06 
1.44696e-06 1.59521e-06 2.06312e-06 2.92248e-06 4.30085e-06 6.3936e-06 9.48123e-06 1.39523e-05 2.03322e-05 2.9318e-05 4.18189e-05 5.90025e-05 8.23444e-05 0.000113681 0.000155262 0.000209798 0.000280503 0.000371122 0.000485942 0.000629778 0.000807933 0.00102613 0.00129037 0.00160685 0.00198169 0.00242077 0.00292946 0.00351232 0.00417286 0.00491321 0.00573389 0.00663353 0.00760871 0.00865384 0.00976105 0.0109203 0.0121193 0.013344 0.0145787 0.0158063 0.0170087 0.0181676 0.0192646 0.0202816 0.0212017 0.0220091 0.0226899 0.0232323 0.0236267 0.0238661 0.0239464 0.0238661 0.0236267 0.0232323 0.0226899 0.0220091 0.0212017 0.0202816 0.0192646 0.0181676 0.0170087 0.0158063 0.0145787 0.013344 0.0121193 0.0109203 0.00976105 0.00865384 0.00760871 0.00663353 0.00573389 0.00491321 0.00417286 0.00351232 0.00292946 0.00242077 0.00198169 0.00160685 0.00129037 0.00102613 0.000807933 0.000629778 0.000485942 0.000371122 0.000280503 0.000209798 0.000155262 0.000113681 8.23444e-05 5.90025e-05 4.18189e-05 2.9318e-05 2.03322e-05 1.39523e-05 9.48123e-06 6.3936e-06 4.30085e-06 2.92248e-06 2.06312e-06 1.59521e-06 
2.08403e-06 2.29562e-06 2.963e-06 4.1873e-06 6.14789e-06 9.119e-06 1.34934e-05 1.98139e-05 2.8812e-05 4.14554e-05 5.90025e-05 8.30631e-05 0.000115665 0.000159322 0.000217102 0.000292687 0.000390421 0.000515347 0.000673206 0.000870418 0.00111401 0.00141152 0.00177082 0.00219994 0.00270677 0.0032988 0.00398277 0.00476432 0.0056476 0.00663493 0.00772647 0.00891993 0.0102103 0.0115898 0.0130478 0.0145707 0.0161424 0.0177444 0.0193562 0.0209557 0.0225197 0.0240247 0.0254471 0.0267641 0.0279541 0.0289973 0.0298763 0.030576 0.0310845 0.0313932 0.0314966 0.0313932 0.0310845 0.030576 0.0298763 0.0289973 0.0279541 0.0267641 0.0254471 0.0240247 0.0225197 0.0209557 0.0193562 0.0177444 0.0161424 0.0145707 0.0130478 0.0115898 0.0102103 0.00891993 0.00772647 0.00663493 0.0056476 0.00476432 0.00398277 0.0032988 0.00270677 0.00219994 0.00177082 0.00141152 0.00111401 0.000870418 0.000673206 0.000515347 0.000390421 0.000292687 0.000217102 0.000159322 0.000115665 8.30631e-05 5.90025e-05 4.14554e-05 2.8812e-05 1.98139e-05 1.34934e-05 9.119e-06 6.14789e-06 4.1873e-06 2.963e-06 2.29562e-06 
2.96957e-06 3.2683e-06 4.20995e-06 5.93536e-06 8.69399e-06 1.28665e-05 1.89969e-05 2.78347e-05 4.03875e-05 5.79836e-05 8.23444e-05 0.000115665 0.0001607 0.000220851 0.000300252 0.000403845 0.000537436 0.000707729 0.000922323 0.00118967 0.00151896 0.00192 0.00240295 0.00297809 0.00365545 0.00444441 0.00535328 0.00638887 0.00755597 0.00885692 0.0102912 0.0118553 0.0135418 0.0153403 0.0172363 0.019212 0.0212463 0.0233154 0.0253927 0.0274501 0.0294582 0.0313872 0.0332075 0.0348906 0.0364095 0.0377397 0.0388593 0.03975 0.040397 0.0407895 0.0409211 0.0407895 0.040397 0.03975 0.0388593 0.0377397 0.0364095 0.0348906 0.0332075 0.0313872 0.0294582 0.0274501 0.0253927 0.0233154 0.0212463 0.019212 0.0172363 0.0153403 0.0135418 0.0118553 0.0102912 0.00885692 0.00755597 0.00638887 0.00535328 0.00444441 0.00365545 0.00297809 0.00240295 0.00192 0.00151896 0.00118967 0.000922323 0.000707729 0.000537436 0.000403845 0.000300252 0.000220851 0.0001607 0.000115665 8.23444e-05 5.79836e-05 4.03875e-05 2.78347e-05 1.89969e-05 1.28665e-05 8.69399e-06 5.93536e-06 4.20995e-06 3.2683e-06 
4.18646e-06 4.60369e-06 5.91808e-06 8.32359e-06 1.21634e-05 1.79601e-05 2.64588e-05 3.86832e-05 5.60054e-05 8.02284e-05 0.000113681 0.000159322 0.000220851 0.000302818 0.00041073 0.000551141 0.000731718 0.000961268 0.00124972 0.00160807 0.00204818 0.00258264 0.00322439 0.00398641 0.00488122 0.00592041 0.00711404 0.0084701 0.00999394 0.0116877 0.0135498 0.0155746 0.0177521 0.0200679 0.022503 0.0250342 0.0276342 0.0302726 0.0329157 0.0355281 0.0380731 0.0405134 0.0428126 0.0449353 0.0468484 0.048522 0.0499293 0.051048 0.0518601 0.0523527 0.0525178 0.0523527 0.0518601 0.051048 0.0499293 0.048522 0.0468484 0.0449353 0.0428126 0.0405134 0.0380731 0.0355281 0.0329157 0.0302726 0.0276342 0.0250342 0.022503 0.0200679 0.0177521 0.0155746 0.0135498 0.0116877 0.00999394 0.0084701 0.00711404 0.00592041 0.00488122 0.00398641 0.00322439 0.00258264 0.00204818 0.00160807 0.00124972 0.000961268 0.000731718 0.000551141 0.00041073 0.000302818 0.000220851 0.000159322 0.000113681 8.02284e-05 5.60054e-05 3.86832e-05 2.64588e-05 1.79601e-05 1.21634e-05 8.32359e-06 5.91808e-06 4.60369e-06 
5.83968e-06 6.41622e-06 8.23131e-06 1.15492e-05 1.68369e-05 2.4804e-05 3.64598e-05 5.31871e-05 7.68339e-05 0.00010982 0.000155262 0.000217102 0.000300252 0.00041073 0.000555787 0.000744014 0.000985413 0.00129142 0.00167485 0.00214981 0.00273145 0.00343569 0.0042788 0.00527691 0.00644544 0.00779842 0.0093478 0.0111028 0.0130689 0.0152479 0.0176364 0.0202262 0.0230035 0.0259489 0.0290378 0.0322403 0.0355217 0.0388435 0.0421638 0.0454384 0.0486221 0.0516693 0.0545353 0.0571773 0.0595553 0.0616329 0.0633783 0.0647647 0.0657705 0.0663802 0.0665845 0.0663802 0.0657705 0.0647647 0.0633783 0.0616329 0.0595553 0.0571773 0.0545353 0.0516693 0.0486221 0.0454384 0.0421638 0.0388435 0.0355217 0.0322403 0.0290378 0.0259489 0.0230035 0.0202262 0.0176364 0.0152479 0.0130689 0.0111028 0.0093478 0.00779842 0.00644544 0.00527691 0.0042788 0.00343569 0.00273145 0.00214981 0.00167485 0.00129142 0.000985413 0.000744014 0.000555787 0.00041073 0.000300252 0.000217102 0.000155262 0.00010982 7.68339e-05 5.31871e-05 3.64598e-05 2.4804e-05 1.68369e-05 1.15492e-05 8.23131e-06 6.41622e-06 
8.06025e-06 8.84849e-06 1.13285e-05 1.58565e-05 2.30608e-05 3.38947e-05 4.97104e-05 7.23558e-05 0.000104292 0.000148733 0.000209798 0.000292687 0.000403845 0.000551141 0.000744014 0.000993594 0.00131278 0.00171623 0.00222031 0.00284287 0.003603 0.00452058 0.00561577 0.00690835 0.00841698 0.0101584 0.0121464 0.0143912 0.0168985 0.0196686 0.0226961 0.0259688 0.0294682 0.033169 0.0370392 0.0410408 0.0451305 0.0492602 0.0533782 0.0574305 0.0613621 0.0651178 0.0686438 0.071889 0.0748057 0.0773509 0.0794869 0.081182 0.082411 0.0831558 0.0834053 0.0831558 0.082411 0.081182 0.0794869 0.0773509 0.0748057 0.071889 0.0686438 0.0651178 0.0613621 0.0574305 0.0533782 0.0492602 0.0451305 0.0410408 0.0370392 0.033169 0.0294682 0.0259688 0.0226961 0.0196686 0.0168985 0.0143912 0.0121464 0.0101584 0.00841698 0.00690835 0.00561577 0.00452058 0.003603 0.00284287 0.00222031 0.00171623 0.00131278 0.000993594 0.000744014 0.000551141 0.000403845 0.000292687 0.000209798 0.000148733 0.000104292 7.23558e-05 4.97104e-05 3.38947e-05 2.30608e-05 1.58565e-05 1.13285e-05 8.84849e-06 
1.10092e-05 1.20756e-05 1.54285e-05 2.15428e-05 3.12553e-05 4.58325e-05 6.70668e-05 9.74003e-05 0.000140076 0.000199313 0.000280503 0.000390421 0.000537436 0.000731718 0.000985413 0.00131278 0.00173025 0.0022564 0.00291184 0.00371894 0.00470139 0.00588372 0.00729054 0.00894574 0.0108715 0.0130874 0.015609 0.0184475 0.0216078 0.0250884 0.0288804 0.0329672 0.0373238 0.0419173 0.0467074 0.0516462 0.05668 0.0617499 0.0667929 0.071744 0.0765369 0.081106 0.0853878 0.0893218 0.0928524 0.0959292 0.0985085 0.100554 0.102035 0.102933 0.103233 0.102933 0.102035 0.100554 0.0985085 0.0959292 0.0928524 0.0893218 0.0853878 0.081106 0.0765369 0.071744 0.0667929 0.0617499 0.05668 0.0516462 0.0467074 0.0419173 0.0373238 0.0329672 0.0288804 0.0250884 0.0216078 0.0184475 0.015609 0.0130874 0.0108715 0.00894574 0.00729054 0.00588372 0.00470139 0.00371894 0.00291184 0.0022564 0.00173025 0.00131278 0.000985413 0.000731718 0.000537436 0.000390421 0.000280503 0.000199313 0.000140076 9.74003e-05 6.70668e-05 4.58325e-05 3.12553e-05 2.15428e-05 1.54285e-05 1.20756e-05 
1.48814e-05 1.63089e-05 2.07947e-05 2.89653e-05 4.19227e-05 6.13319e-05 8.95433e-05 0.00012975 0.000186179 0.000264311 0.000371122 0.000515347 0.000707729 0.000961268 0.00129142 0.00171623 0.0022564 0.0029352 0.00377827 0.00481325 0.00606923 0.00757602 0.00936325 0.0114593 0.0138902 0.0166782 0.0198407 0.0233888 0.0273265 0.0316493 0.0363437 0.0413869 0.0467463 0.0523798 0.0582367 0.0642579 0.0703776 0.0765244 0.0826229 0.0885955 0.0943641 0.0998516 0.104984 0.109691 0.113909 0.117579 0.120652 0.123087 0.12485 0.125917 0.126274 0.125917 0.12485 0.123087 0.120652 0.117579 0.113909 0.109691 0.104984 0.0998516 0.0943641 0.0885955 0.0826229 0.0765244 0.0703776 0.0642579 0.0582367 0.0523798 0.0467463 0.0413869 0.0363437 0.0316493 0.0273265 0.0233888 0.0198407 0.0166782 0.0138902 0.0114593 0.00936325 0.00757602 0.00606923 0.00481325 0.00377827 0.0029352 0.0022564 0.00171623 0.00129142 0.000961268 0.000707729 0.000515347 0.000371122 0.000264311 0.000186179 0.00012975 8.95433e-05 6.13319e-05 4.19227e-05 2.89653e-05 2.07947e-05 1.63089e-05 
1.99087e-05 2.18001e-05 2.77396e-05 3.85449e-05 5.56526e-05 8.12284e-05 0.000118322 0.000171064 0.000244905 0.000346886 0.000485942 0.000673206 0.000922323 0.00124972 0.00167485 0.00222031 0.00291184 0.00377827 0.00485111 0.0061641 0.00775248 0.009652 0.0118978 0.0145231 0.0175578 0.0210268 0.0249487 0.0293342 0.0341849 0.0394922 0.0452368 0.0513879 0.0579034 0.0647305 0.0718061 0.0790583 0.0864073 0.0937681 0.101051 0.108166 0.115021 0.121527 0.1276 0.133159 0.138132 0.142453 0.146067 0.148927 0.150996 0.152248 0.152667 0.152248 0.150996 0.148927 0.146067 0.142453 0.138132 0.133159 0.1276 0.121527 0.115021 0.108166 0.101051 0.0937681 0.0864073 0.0790583 0.0718061 0.0647305 0.0579034 0.0513879 0.0452368 0.0394922 0.0341849 0.0293342 0.0249487 0.0210268 0.0175578 0.0145231 0.0118978 0.009652 0.00775248 0.0061641 0.00485111 0.00377827 0.00291184 0.00222031 0.00167485 0.00124972 0.000922323 0.000673206 0.000485942 0.000346886 0.000244905 0.000171064 0.000118322 8.12284e-05 5.56526e-05 3.85449e-05 2.77396e-05 2.18001e-05 
2.63625e-05 2.88428e-05 3.66266e-05 5.07702e-05 7.31264e-05 0.000106483 0.000154755 0.000223231 0.000318864 0.000450608 0.000629778 0.000870418 0.00118967 0.00160807 0.00214981 0.00284287 0.00371894 0.00481325 0.0061641 0.00781218 0.00979958 0.0121686 0.0149604 0.0182131 0.0219604 0.0262296 0.0310396 0.0363999 0.0423084 0.048751 0.0557006 0.0631168 0.0709461 0.0791227 0.0875695 0.0961998 0.104919 0.113626 0.122217 0.130586 0.13863 0.146247 0.15334 0.159821 0.165608 0.170629 0.174823 0.178139 0.180535 0.181985 0.18247 0.181985 0.180535 0.178139 0.174823 0.170629 0.165608 0.159821 0.15334 0.146247 0.13863 0.130586 0.122217 0.113626 0.104919 0.0961998 0.0875695 0.0791227 0.0709461 0.0631168 0.0557006 0.048751 0.0423084 0.0363999 0.0310396 0.0262296 0.0219604 0.0182131 0.0149604 0.0121686 0.00979958 0.00781218 0.0061641 0.00481325 0.00371894 0.00284287 0.00214981 0.00160807 0.00118967 0.000870418 0.000629778 0.000450608 0.000318864 0.000223231 0.000154755 0.000106483 7.31264e-05 5.07702e-05 3.66266e-05 2.88428e-05 
3.45551e-05 3.77746e-05 4.78719e-05 6.61973e-05 9.51161e-05 0.000138179 0.000200362 0.000288364 0.000410964 0.000579428 0.000807933 0.00111401 0.00151896 0.00204818 0.00273145 0.003603 0.00470139 0.00606923 0.00775248 0.00979958 0.0122602 0.0151837 0.0186175 0.0226046 0.0271824 0.0323796 0.0382149 0.0446949 0.0518126 0.0595464 0.0678594 0.0766994 0.0859997 0.0956793 0.105645 0.115794 0.126015 0.13619 0.1462 0.155924 0.165246 0.17405 0.182231 0.18969 0.196338 0.202097 0.206901 0.210694 0.213434 0.21509 0.215644 0.21509 0.213434 0.210694 0.206901 0.202097 0.196338 0.18969 0.182231 0.17405 0.165246 0.155924 0.1462 0.13619 0.126015 0.115794 0.105645 0.0956793 0.0859997 0.0766994 0.0678594 0.0595464 0.0518126 0.0446949 0.0382149 0.0323796 0.0271824 0.0226046 0.0186175 0.0151837 0.0122602 0.00979958 0.00775248 0.00606923 0.00470139 0.003603 0.00273145 0.00204818 0.00151896 0.00111401 0.000807933 0.000579428 0.000410964 0.000288364 0.000200362 0.000138179 9.51161e-05 6.61973e-05 4.78719e-05 3.77746e-05 
4.48385e-05 4.89756e-05 6.19424e-05 8.54478e-05 0.00012248 0.000177518 0.000256817 0.000368777 0.000524372 0.000737627 0.00102613 0.00141152 0.00192 0.00258264 0.00343569 0.00452058 0.00588372 0.00757602 0.009652 0.0121686 0.0151837 0.0187541 0.0229334 0.0277697 0.033303 0.039563 0.0465665 0.0543158 0.062797 0.071979 0.0818129 0.0922327 0.103156 0.114484 0.126107 0.137903 0.149742 0.161491 0.173014 0.184175 0.194844 0.204895 0.214212 0.222688 0.230227 0.236748 0.242178 0.246462 0.249553 0.25142 0.252044 0.25142 0.249553 0.246462 0.242178 0.236748 0.230227 0.222688 0.214212 0.204895 0.194844 0.184175 0.173014 0.161491 0.149742 0.137903 0.126107 0.114484 0.103156 0.0922327 0.0818129 0.071979 0.062797 0.0543158 0.0465665 0.039563 0.033303 0.0277697 0.0229334 0.0187541 0.0151837 0.0121686 0.009652 0.00757602 0.00588372 0.00452058 0.00343569 0.00258264 0.00192 0.00141152 0.00102613 0.000737627 0.000524372 0.000368777 0.000256817 0.000177518 0.00012248 8.54478e-05 6.19424e-05 4.89756e-05 
5.76024e-05 6.28657e-05 7.9352e-05 0.000109202 0.000156154 0.000225797 0.000325922 0.000466953 0.000662465 0.000929743 0.00129037 0.00177082 0.00240295 0.00322439 0.0042788 0.00561577 0.00729054 0.00936325 0.0118978 0.0149604 0.0186175 0.0229334 0.0279682 0.033774 0.0403931 0.0478544 0.0561717 0.065341 0.0753392 0.0861232 0.09763 0.109777 0.122463 0.135573 0.148974 0.162527 0.176083 0.18949 0.202597 0.215253 0.227315 0.238648 0.249126 0.258637 0.267079 0.274368 0.280428 0.285202 0.288644 0.290723 0.291417 0.290723 0.288644 0.285202 0.280428 0.274368 0.267079 0.258637 0.249126 0.238648 0.227315 0.215253 0.202597 0.18949 0.176083 0.162527 0.148974 0.135573 0.122463 0.109777 0.09763 0.0861232 0.0753392 0.065341 0.0561717 0.0478544 0.0403931 0.033774 0.0279682 0.0229334 0.0186175 0.0149604 0.0118978 0.00936325 0.00729054 0.00561577 0.0042788 0.00322439 0.00240295 0.00177082 0.00129037 0.000929743 0.000662465 0.000466953 0.000325922 0.000225797 0.000156154 0.000109202 7.9352e-05 6.28657e-05 
7.3268e-05 7.98981e-05 0.000100653 0.000138188 0.000197132 0.000284393 0.000409573 0.000585484 0.00082875 0.00116046 0.00160685 0.00219994 0.00297809 0.00398641 0.00527691 0.00690835 0.00894574 0.0114593 0.0145231 0.0182131 0.0226046 0.0277697 0.033774 0.0406734 0.0485108 0.0573133 0.0670892 0.077826 0.0894891 0.102021 0.115342 0.12935 0.143924 0.158927 0.174207 0.189603 0.204947 0.220069 0.234803 0.248984 0.262458 0.275081 0.286721 0.29726 0.306596 0.314639 0.321317 0.32657 0.330354 0.332637 0.3334 0.332637 0.330354 0.32657 0.321317 0.314639 0.306596 0.29726 0.286721 0.275081 0.262458 0.248984 0.234803 0.220069 0.204947 0.189603 0.174207 0.158927 0.143924 0.12935 0.115342 0.102021 0.0894891 0.077826 0.0670892 0.0573133 0.0485108 0.0406734 0.033774 0.0277697 0.0226046 0.0182131 0.0145231 0.0114593 0.00894574 0.00690835 0.00527691 0.00398641 0.00297809 0.00219994 0.00160685 0.00116046 0.00082875 0.000585484 0.000409573 0.000284393 0.000197132 0.000138188 0.000100653 7.98981e-05 
9.22802e-05 0.000100551 0.000126425 0.000173164 0.000246444 0.000354721 0.000509712 0.000727009 0.00102677 0.00143448 0.00198169 0.00270677 0.00365545 0.00488122 0.00644544 0.00841698 0.0108715 0.0138902 0.0175578 0.0219604 0.0271824 0.033303 0.0403931 0.0485108 0.0576985 0.0679792 0.0793537 0.0917984 0.105264 0.119677 0.134937 0.150921 0.167486 0.184471 0.201703 0.218998 0.236172 0.253035 0.269407 0.285111 0.299985 0.313876 0.32665 0.338187 0.348382 0.357147 0.364413 0.37012 0.374227 0.376702 0.37753 0.376702 0.374227 0.37012 0.364413 0.357147 0.348382 0.338187 0.32665 0.313876 0.299985 0.285111 0.269407 0.253035 0.236172 0.218998 0.201703 0.184471 0.167486 0.150921 0.134937 0.119677 0.105264 0.0917984 0.0793537 0.0679792 0.0576985 0.0485108 0.0403931 0.033303 0.0271824 0.0219604 0.0175578 0.0138902 0.0108715 0.00841698 0.00644544 0.00488122 0.00365545 0.00270677 0.00198169 0.00143448 0.00102677 0.000727009 0.000509712 0.000354721 0.000246444 0.000173164 0.000126425 0.000100551 
0.000115096 0.000125313 0.000157259 0.000214899 0.00030513 0.000438195 0.000628264 0.000894123 0.00125998 0.00175633 0.00242077 0.0032988 0.00444441 0.00592041 0.00779842 0.0101584 0.0130874 0.0166782 0.0210268 0.0262296 0.0323796 0.039563 0.0478544 0.0573133 0.0679792 0.0798689 0.092973 0.107254 0.122647 0.139055 0.156358 0.174409 0.19304 0.212066 0.231292 0.250512 0.269522 0.288118 0.306104 0.323297 0.339524 0.354633 0.368484 0.380959 0.391957 0.401392 0.409198 0.415322 0.419722 0.422373 0.423259 0.422373 0.419722 0.415322 0.409198 0.401392 0.391957 0.380959 0.368484 0.354633 0.339524 0.323297 0.306104 0.288118 0.269522 0.250512 0.231292 0.212066 0.19304 0.174409 0.156358 0.139055 0.122647 0.107254 0.092973 0.0798689 0.0679792 0.0573133 0.0478544 0.039563 0.0323796 0.0262296 0.0210268 0.0166782 0.0130874 0.0101584 0.00779842 0.00592041 0.00444441 0.0032988 0.00242077 0.00175633 0.00125998 0.000894123 0.000628264 0.000438195 0.00030513 0.000214899 0.000157259 0.000125313 
0.000142168 0.00015467 0.000193737 0.000264146 0.000374193 0.000536177 0.000767063 0.00108928 0.00153162 0.00213022 0.00292946 0.00398277 0.00535328 0.00711404 0.0093478 0.0121464 0.015609 0.0198407 0.0249487 0.0310396 0.0382149 0.0465665 0.0561717 0.0670892 0.0793537 0.092973 0.107925 0.124155 0.141578 0.160075 0.1795 0.199681 0.220423 0.241518 0.262744 0.283877 0.304694 0.324978 0.344521 0.363132 0.380636 0.396877 0.411721 0.425052 0.436773 0.446806 0.455091 0.461579 0.466236 0.469039 0.469975 0.469039 0.466236 0.461579 0.455091 0.446806 0.436773 0.425052 0.411721 0.396877 0.380636 0.363132 0.344521 0.324978 0.304694 0.283877 0.262744 0.241518 0.220423 0.199681 0.1795 0.160075 0.141578 0.124155 0.107925 0.092973 0.0793537 0.0670892 0.0561717 0.0465665 0.0382149 0.0310396 0.0249487 0.0198407 0.015609 0.0121464 0.0093478 0.00711404 0.00535328 0.00398277 0.00292946 0.00213022 0.00153162 0.00108928 0.000767063 0.000536177 0.000374193 0.000264146 0.000193737 0.00015467 
0.000173928 0.000189083 0.000236408 0.000321606 0.000454565 0.000649911 0.000927769 0.00131466 0.00184453 0.00255979 0.00351232 0.00476432 0.00638887 0.0084701 0.0111028 0.0143912 0.0184475 0.0233888 0.0293342 0.0363999 0.0446949 0.0543158 0.065341 0.077826 0.0917984 0.107254 0.124155 0.142428 0.161962 0.182615 0.204212 0.226554 0.249419 0.272573 0.295771 0.31877 0.341329 0.363219 0.384225 0.404151 0.422822 0.440085 0.45581 0.469889 0.482234 0.492776 0.501462 0.508253 0.513122 0.51605 0.517027 0.51605 0.513122 0.508253 0.501462 0.492776 0.482234 0.469889 0.45581 0.440085 0.422822 0.404151 0.384225 0.363219 0.341329 0.31877 0.295771 0.272573 0.249419 0.226554 0.204212 0.182615 0.161962 0.142428 0.124155 0.107254 0.0917984 0.077826 0.065341 0.0543158 0.0446949 0.0363999 0.0293342 0.0233888 0.0184475 0.0143912 0.0111028 0.0084701 0.00638887 0.00476432 0.00351232 0.00255979 0.00184453 0.00131466 0.000927769 0.000649911 0.000454565 0.000321606 0.000236408 0.000189083 
0.000210768 0.000228965 0.000285761 0.000387899 0.000547053 0.000780462 0.00111178 0.00157208 0.00220101 0.0030479 0.00417286 0.0056476 0.00755597 0.00999394 0.0130689 0.0168985 0.0216078 0.0273265 0.0341849 0.0423084 0.0518126 0.062797 0.0753392 0.0894891 0.105264 0.122647 0.141578 0.161962 0.183663 0.206509 0.230297 0.254799 0.279764 0.304933 0.330038 0.354818 0.379019 0.4024 0.424742 0.44585 0.46555 0.483697 0.50017 0.51487 0.527722 0.538669 0.547669 0.554693 0.559721 0.562742 0.56375 0.562742 0.559721 0.554693 0.547669 0.538669 0.527722 0.51487 0.50017 0.483697 0.46555 0.44585 0.424742 0.4024 0.379019 0.354818 0.330038 0.304933 0.279764 0.254799 0.230297 0.206509 0.183663 0.161962 0.141578 0.122647 0.105264 0.0894891 0.0753392 0.062797 0.0518126 0.0423084 0.0341849 0.0273265 0.0216078 0.0168985 0.0130689 0.00999394 0.00755597 0.0056476 0.00417286 0.0030479 0.00220101 0.00157208 0.00111178 0.000780462 0.000547053 0.000387899 0.000285761 0.000228965 
0.00025301 0.00027466 0.000342195 0.000463517 0.000652288 0.000928639 0.00132012 0.00186283 0.00260264 0.00359643 0.00491321 0.00663493 0.00885692 0.0116877 0.0152479 0.0196686 0.0250884 0.0316493 0.0394922 0.048751 0.0595464 0.071979 0.0861232 0.102021 0.119677 0.139055 0.160075 0.182615 0.206509 0.231556 0.257522 0.284148 0.311156 0.33826 0.365173 0.391616 0.417324 0.44205 0.465575 0.487704 0.508272 0.527145 0.544213 0.559393 0.572623 0.583861 0.593078 0.600257 0.605389 0.60847 0.609497 0.60847 0.605389 0.600257 0.593078 0.583861 0.572623 0.559393 0.544213 0.527145 0.508272 0.487704 0.465575 0.44205 0.417324 0.391616 0.365173 0.33826 0.311156 0.284148 0.257522 0.231556 0.206509 0.182615 0.160075 0.139055 0.119677 0.102021 0.0861232 0.071979 0.0595464 0.048751 0.0394922 0.0316493 0.0250884 0.0196686 0.0152479 0.0116877 0.00885692 0.00663493 0.00491321 0.00359643 0.00260264 0.00186283 0.00132012 0.000928639 0.000652288 0.000463517 0.000342195 0.00027466 
0.00030089 0.000326414 0.000405989 0.000548794 0.000770674 0.00109493 0.00155338 0.00218756 0.00305012 0.00420605 0.00573389 0.00772647 0.0102912 0.0135498 0.0176364 0.0226961 0.0288804 0.0363437 0.0452368 0.0557006 0.0678594 0.0818129 0.09763 0.115342 0.134937 0.156358 0.1795 0.204212 0.230297 0.257522 0.285621 0.314302 0.343261 0.372189 0.400779 0.428737 0.45579 0.48169 0.506218 0.529189 0.550447 0.569872 0.587371 0.602878 0.616349 0.627757 0.637091 0.644346 0.649524 0.652628 0.653663 0.652628 0.649524 0.644346 0.637091 0.627757 0.616349 0.602878 0.587371 0.569872 0.550447 0.529189 0.506218 0.48169 0.45579 0.428737 0.400779 0.372189 0.343261 0.314302 0.285621 0.257522 0.230297 0.204212 0.1795 0.156358 0.134937 0.115342 0.09763 0.0818129 0.0678594 0.0557006 0.0452368 0.0363437 0.0288804 0.0226961 0.0176364 0.0135498 0.0102912 0.00772647 0.00573389 0.00420605 0.00305012 0.00218756 0.00155338 0.00109493 0.000770674 0.000548794 0.000405989 0.000326414 
0.000354528 0.000384348 0.000477269 0.000643858 0.000902332 0.00127943 0.00181157 0.00254617 0.0035431 0.00487601 0.00663353 0.00891993 0.0118553 0.0155746 0.0202262 0.0259688 0.0329672 0.0413869 0.0513879 0.0631168 0.0766994 0.0922327 0.109777 0.12935 0.150921 0.174409 0.199681 0.226554 0.254799 0.284148 0.314302 0.34494 0.375731 0.406341 0.436449 0.46575 0.493965 0.520847 0.546185 0.569802 0.591561 0.611357 0.629116 0.644793 0.658364 0.669822 0.67917 0.68642 0.691587 0.69468 0.695711 0.69468 0.691587 0.68642 0.67917 0.669822 0.658364 0.644793 0.629116 0.611357 0.591561 0.569802 0.546185 0.520847 0.493965 0.46575 0.436449 0.406341 0.375731 0.34494 0.314302 0.284148 0.254799 0.226554 0.199681 0.174409 0.150921 0.12935 0.109777 0.0922327 0.0766994 0.0631168 0.0513879 0.0413869 0.0329672 0.0259688 0.0202262 0.0155746 0.0118553 0.00891993 0.00663353 0.00487601 0.0035431 0.00254617 0.00181157 0.00127943 0.000902332 0.000643858 0.000477269 0.000384348 
0.000413908 0.000448439 0.000555982 0.0007486 0.00104706 0.00148179 0.00209411 0.00293769 0.00408007 0.00560402 0.00760871 0.0102103 0.0135418 0.0177521 0.0230035 0.0294682 0.0373238 0.0467463 0.0579034 0.0709461 0.0859997 0.103156 0.122463 0.143924 0.167486 0.19304 0.220423 0.249419 0.279764 0.311156 0.343261 0.375731 0.408206 0.440336 0.471782 0.502234 0.531412 0.559073 0.585016 0.60908 0.631146 0.651129 0.668978 0.684671 0.698204 0.709592 0.718857 0.726026 0.731125 0.734174 0.735189 0.734174 0.731125 0.726026 0.718857 0.709592 0.698204 0.684671 0.668978 0.651129 0.631146 0.60908 0.585016 0.559073 0.531412 0.502234 0.471782 0.440336 0.408206 0.375731 0.343261 0.311156 0.279764 0.249419 0.220423 0.19304 0.167486 0.143924 0.122463 0.103156 0.0859997 0.0709461 0.0579034 0.0467463 0.0373238 0.0294682 0.0230035 0.0177521 0.0135418 0.0102103 0.00760871 0.00560402 0.00408007 0.00293769 0.00209411 0.00148179 0.00104706 0.0007486 0.000555982 0.000448439 
0.000478857 0.000518491 0.000641869 0.000862642 0.00120429 0.00170113 0.0023997 0.00336023 0.00465828 0.00638612 0.00865384 0.0115898 0.0153403 0.0200679 0.0259489 0.033169 0.0419173 0.0523798 0.0647305 0.0791227 0.0956793 0.114484 0.135573 0.158927 0.184471 0.212066 0.241518 0.272573 0.304933 0.33826 0.372189 0.406341 0.440336 0.473803 0.506394 0.537795 0.567728 0.59596 0.622302 0.646613 0.668795 0.688787 0.706562 0.722123 0.73549 0.746697 0.755788 0.762803 0.767783 0.770758 0.771747 0.770758 0.767783 0.762803 0.755788 0.746697 0.73549 0.722123 0.706562 0.688787 0.668795 0.646613 0.622302 0.59596 0.567728 0.537795 0.506394 0.473803 0.440336 0.406341 0.372189 0.33826 0.304933 0.272573 0.241518 0.212066 0.184471 0.158927 0.135573 0.114484 0.0956793 0.0791227 0.0647305 0.0523798 0.0419173 0.033169 0.0259489 0.0200679 0.0153403 0.0115898 0.00865384 0.00638612 0.00465828 0.00336023 0.0023997 0.00170113 0.00120429 0.000862642 0.000641869 0.000518491 
0.000549028 0.000594125 0.000734446 0.000985314 0.00137305 0.00193607 0.00272632 0.00381089 0.00527363 0.00721659 0.00976105 0.0130478 0.0172363 0.022503 0.0290378 0.0370392 0.0467074 0.0582367 0.0718061 0.0875695 0.105645 0.126107 0.148974 0.174207 0.201703 0.231292 0.262744 0.295771 0.330038 0.365173 0.400779 0.436449 0.471782 0.506394 0.53993 0.572074 0.602554 0.631149 0.657691 0.682057 0.704175 0.724008 0.741559 0.756853 0.769935 0.780862 0.789696 0.796495 0.801311 0.804184 0.805138 0.804184 0.801311 0.796495 0.789696 0.780862 0.769935 0.756853 0.741559 0.724008 0.704175 0.682057 0.657691 0.631149 0.602554 0.572074 0.53993 0.506394 0.471782 0.436449 0.400779 0.365173 0.330038 0.295771 0.262744 0.231292 0.201703 0.174207 0.148974 0.126107 0.105645 0.0875695 0.0718061 0.0582367 0.0467074 0.0370392 0.0290378 0.022503 0.0172363 0.0130478 0.00976105 0.00721659 0.00527363 0.00381089 0.00272632 0.00193607 0.00137305 0.000985314 0.000734446 0.000594125 
0.00062389 0.000674765 0.000832994 0.00111564 0.00155197 0.00218465 0.00307122 0.00428578 0.00592071 0.00808801 0.0109203 0.0145707 0.019212 0.0250342 0.0322403 0.0410408 0.0516462 0.0642579 0.0790583 0.0961998 0.115794 0.137903 0.162527 0.189603 0.218998 0.250512 0.283877 0.31877 0.354818 0.391616 0.428737 0.46575 0.502234 0.537795 0.572074 0.604756 0.635582 0.664345 0.690898 0.715142 0.737031 0.756556 0.773747 0.788655 0.801351 0.811913 0.820421 0.82695 0.831564 0.834313 0.835225 0.834313 0.831564 0.82695 0.820421 0.811913 0.801351 0.788655 0.773747 0.756556 0.737031 0.715142 0.690898 0.664345 0.635582 0.604756 0.572074 0.537795 0.502234 0.46575 0.428737 0.391616 0.354818 0.31877 0.283877 0.250512 0.218998 0.189603 0.162527 0.137903 0.115794 0.0961998 0.0790583 0.0642579 0.0516462 0.0410408 0.0322403 0.0250342 0.019212 0.0145707 0.0109203 0.00808801 0.00592071 0.00428578 0.00307122 0.00218465 0.00155197 0.00111564 0.000832994 0.000674765 
0.000702725 0.000759635 0.000936556 0.00125234 0.00173928 0.00244438 0.00343088 0.00478004 0.00659284 0.0089913 0.0121193 0.0161424 0.0212463 0.0276342 0.0355217 0.0451305 0.05668 0.0703776 0.0864073 0.104919 0.126015 0.149742 0.176083 0.204947 0.236172 0.269522 0.304694 0.341329 0.379019 0.417324 0.45579 0.493965 0.531412 0.567728 0.602554 0.635582 0.666565 0.695316 0.721709 0.745674 0.767189 0.786278 0.802994 0.817419 0.829644 0.839772 0.847899 0.854117 0.8585 0.861106 0.861971 0.861106 0.8585 0.854117 0.847899 0.839772 0.829644 0.817419 0.802994 0.786278 0.767189 0.745674 0.721709 0.695316 0.666565 0.635582 0.602554 0.567728 0.531412 0.493965 0.45579 0.417324 0.379019 0.341329 0.304694 0.269522 0.236172 0.204947 0.176083 0.149742 0.126015 0.104919 0.0864073 0.0703776 0.05668 0.0451305 0.0355217 0.0276342 0.0212463 0.0161424 0.0121193 0.0089913 0.00659284 0.00478004 0.00343088 0.00244438 0.00173928 0.00125234 0.000936556 0.000759635 
0.000784633 0.000847762 0.00104394 0.00139383 0.00193281 0.00271222 0.0038011 0.00528788 0.00728211 0.00991582 0.013344 0.0177444 0.0233154 0.0302726 0.0388435 0.0492602 0.0617499 0.0765244 0.0937681 0.113626 0.13619 0.161491 0.18949 0.220069 0.253035 0.288118 0.324978 0.363219 0.4024 0.44205 0.48169 0.520847 0.559073 0.59596 0.631149 0.664345 0.695316 0.723895 0.749982 0.773533 0.794556 0.813102 0.829254 0.843118 0.85481 0.864451 0.872158 0.878033 0.882165 0.884617 0.885429 0.884617 0.882165 0.878033 0.872158 0.864451 0.85481 0.843118 0.829254 0.813102 0.794556 0.773533 0.749982 0.723895 0.695316 0.664345 0.631149 0.59596 0.559073 0.520847 0.48169 0.44205 0.4024 0.363219 0.324978 0.288118 0.253035 0.220069 0.18949 0.161491 0.13619 0.113626 0.0937681 0.0765244 0.0617499 0.0492602 0.0388435 0.0302726 0.0233154 0.0177444 0.013344 0.00991582 0.00728211 0.00528788 0.0038011 0.00271222 0.00193281 0.00139383 0.00104394 0.000847762 
