5.18539e-13 6.86066e-13 1.28314e-12 2.63836e-12 5.46715e-12 1.11889e-11 2.25205e-11 4.45403e-11 8.65442e-11 1.65205e-10 3.09827e-10 5.70875e-10 1.03351e-09 1.83851e-09 3.2139e-09 5.52142e-09 9.32317e-09 1.54745e-08 2.52499e-08 4.05082e-08 6.39026e-08 9.91372e-08 1.51269e-07 2.27041e-07 3.35235e-07 4.86999e-07 6.96115e-07 9.7914e-07 1.35536e-06 1.84646e-06 2.4759e-06 3.26783e-06 4.24568e-06 5.43035e-06 6.83808e-06 8.47822e-06 1.03511e-05 1.2446e-05 1.47403e-05 1.71985e-05 1.9773e-05 2.24053e-05 2.50287e-05 2.75713e-05 2.99593e-05 3.21209e-05 3.39897e-05 3.55074e-05 3.66267e-05 3.73126e-05 3.75436e-05 3.73126e-05 3.66267e-05 3.55074e-05 3.39897e-05 3.21209e-05 2.99593e-05 2.75713e-05 2.50287e-05 2.24053e-05 1.9773e-05 1.71985e-05 1.47403e-05 1.2446e-05 1.03511e-05 8.47822e-06 6.83808e-06 5.43035e-06 4.24568e-06 3.26783e-06 2.4759e-06 1.84646e-06 1.35536e-06 9.7914e-07 6.96115e-07 4.86999e-07 3.35235e-07 2.27041e-07 1.51269e-07 9.91372e-08 6.39026e-08 4.05082e-08 2.52499e-08 1.54745e-08 9.32317e-09 5.52142e-09 3.2139e-09 1.83851e-09 1.03351e-09 5.70875e-10 3.09827e-10 1.65205e-10 8.65442e-11 4.45403e-11 2.25205e-11 1.11889e-11 5.46715e-12 2.63836e-12 1.28314e-12 6.86066e-13 
6.86066e-13 9.06622e-13 1.69197e-12 3.47183e-12 7.18021e-12 1.46665e-11 2.94628e-11 5.8156e-11 1.12775e-10 2.14842e-10 4.0209e-10 7.39335e-10 1.33566e-09 2.37093e-09 4.13563e-09 7.08934e-09 1.19441e-08 1.97805e-08 3.22033e-08 5.15468e-08 8.1132e-08 1.25582e-07 1.91188e-07 2.86314e-07 4.21819e-07 6.11445e-07 8.72127e-07 1.22415e-06 1.69106e-06 2.29925e-06 3.07715e-06 4.05395e-06 5.25781e-06 6.71367e-06 8.44071e-06 1.04497e-05 1.27402e-05 1.52988e-05 1.80971e-05 2.10917e-05 2.42245e-05 2.74244e-05 3.06106e-05 3.36961e-05 3.65919e-05 3.92115e-05 4.1475e-05 4.33126e-05 4.46674e-05 4.54974e-05 4.5777e-05 4.54974e-05 4.46674e-05 4.33126e-05 4.1475e-05 3.92115e-05 3.65919e-05 3.36961e-05 3.06106e-05 2.74244e-05 2.42245e-05 2.10917e-05 1.80971e-05 1.52988e-05 1.27402e-05 1.04497e-05 8.44071e-06 6.71367e-06 5.25781e-06 4.05395e-06 3.07715e-06 2.29925e-06 1.69106e-06 1.22415e-06 8.72127e-07 6.11445e-07 4.21819e-07 2.86314e-07 1.91188e-07 1.25582e-07 8.1132e-08 5.15468e-08 3.22033e-08 1.97805e-08 1.19441e-08 7.08934e-09 4.13563e-09 2.37093e-09 1.33566e-09 7.39335e-10 4.0209e-10 2.14842e-10 1.12775e-10 5.8156e-11 2.94628e-11 1.46665e-11 7.18021e-12 3.47183e-12 1.69197e-12 9.06622e-13 
1.28314e-12 1.69197e-12 3.14536e-12 6.43016e-12 1.32516e-11 2.69737e-11 5.39954e-11 1.062e-10 2.05194e-10 3.89462e-10 7.26163e-10 1.33011e-09 2.3936e-09 4.23208e-09 7.35242e-09 1.25522e-08 2.10607e-08 3.47323e-08 5.63068e-08 8.97448e-08 1.40649e-07 2.16773e-07 3.28604e-07 4.90001e-07 7.18845e-07 1.03763e-06 1.47389e-06 2.06042e-06 2.83503e-06 3.83979e-06 5.11973e-06 6.72066e-06 8.68633e-06 1.1055e-05 1.38553e-05 1.71022e-05 2.0793e-05 2.49041e-05 2.93885e-05 3.41757e-05 3.91724e-05 4.42657e-05 4.93277e-05 5.42216e-05 5.88078e-05 6.29514e-05 6.65279e-05 6.94289e-05 7.15663e-05 7.28752e-05 7.3316e-05 7.28752e-05 7.15663e-05 6.94289e-05 6.65279e-05 6.29514e-05 5.88078e-05 5.42216e-05 4.93277e-05 4.42657e-05 3.91724e-05 3.41757e-05 2.93885e-05 2.49041e-05 2.0793e-05 1.71022e-05 1.38553e-05 1.1055e-05 8.68633e-06 6.72066e-06 5.11973e-06 3.83979e-06 2.83503e-06 2.06042e-06 1.47389e-06 1.03763e-06 7.18845e-07 4.90001e-07 3.28604e-07 2.16773e-07 1.40649e-07 8.97448e-08 5.63068e-08 3.47323e-08 2.10607e-08 1.25522e-08 7.35242e-09 4.23208e-09 2.3936e-09 1.33011e-09 7.26163e-10 3.89462e-10 2.05194e-10 1.062e-10 5.39954e-11 2.69737e-11 1.32516e-11 6.43016e-12 3.14536e-12 1.69197e-12 
2.63836e-12 3.47183e-12 6.43016e-12 1.30988e-11 2.69038e-11 5.458e-11 1.08889e-10 2.13434e-10 4.10951e-10 7.77228e-10 1.44393e-09 2.63512e-09 4.72426e-09 8.32098e-09 1.43999e-08 2.44868e-08 4.09201e-08 6.72091e-08 1.08508e-07 1.72226e-07 2.68783e-07 4.1251e-07 6.22675e-07 9.24587e-07 1.35069e-06 1.94154e-06 2.74649e-06 3.82388e-06 5.24055e-06 7.07036e-06 9.39169e-06 1.22836e-05 1.58208e-05 2.00676e-05 2.50707e-05 3.08526e-05 3.74045e-05 4.46809e-05 5.25965e-05 6.1025e-05 6.98018e-05 7.87292e-05 8.75846e-05 9.61307e-05 0.000104128 0.000111343 0.000117564 0.000122605 0.000126317 0.000128589 0.000129354 0.000128589 0.000126317 0.000122605 0.000117564 0.000111343 0.000104128 9.61307e-05 8.75846e-05 7.87292e-05 6.98018e-05 6.1025e-05 5.25965e-05 4.46809e-05 3.74045e-05 3.08526e-05 2.50707e-05 2.00676e-05 1.58208e-05 1.22836e-05 9.39169e-06 7.07036e-06 5.24055e-06 3.82388e-06 2.74649e-06 1.94154e-06 1.35069e-06 9.24587e-07 6.22675e-07 4.1251e-07 2.68783e-07 1.72226e-07 1.08508e-07 6.72091e-08 4.09201e-08 2.44868e-08 1.43999e-08 8.32098e-09 4.72426e-09 2.63512e-09 1.44393e-09 7.77228e-10 4.10951e-10 2.13434e-10 1.08889e-10 5.458e-11 2.69038e-11 1.30988e-11 6.43016e-12 3.47183e-12 
5.46715e-12 7.18021e-12 1.32516e-11 2.69038e-11 5.50812e-11 1.1139e-10 2.21518e-10 4.32792e-10 8.3056e-10 1.56556e-09 2.89855e-09 5.27133e-09 9.41693e-09 1.65264e-08 2.84947e-08 4.82733e-08 8.03633e-08 1.31483e-07 2.11447e-07 3.34286e-07 5.19618e-07 7.94271e-07 1.1941e-06 1.76593e-06 2.5694e-06 3.67862e-06 5.18319e-06 7.18835e-06 9.81383e-06 1.31911e-05 1.74583e-05 2.2754e-05 2.92072e-05 3.69273e-05 4.59914e-05 5.64326e-05 6.82282e-05 8.12908e-05 9.54628e-05 0.000110516 0.000126155 0.000142029 0.000157744 0.000172886 0.000187033 0.000199781 0.00021076 0.000219649 0.00022619 0.000230192 0.000231539 0.000230192 0.00022619 0.000219649 0.00021076 0.000199781 0.000187033 0.000172886 0.000157744 0.000142029 0.000126155 0.000110516 9.54628e-05 8.12908e-05 6.82282e-05 5.64326e-05 4.59914e-05 3.69273e-05 2.92072e-05 2.2754e-05 1.74583e-05 1.31911e-05 9.81383e-06 7.18835e-06 5.18319e-06 3.67862e-06 2.5694e-06 1.76593e-06 1.1941e-06 7.94271e-07 5.19618e-07 3.34286e-07 2.11447e-07 1.31483e-07 8.03633e-08 4.82733e-08 2.84947e-08 1.65264e-08 9.41693e-09 5.27133e-09 2.89855e-09 1.56556e-09 8.3056e-10 4.32792e-10 2.21518e-10 1.1139e-10 5.50812e-11 2.69038e-11 1.32516e-11 7.18021e-12 
1.11889e-11 1.46665e-11 2.69737e-11 5.458e-11 1.1139e-10 2.24558e-10 4.45162e-10 8.66953e-10 1.65833e-09 3.11551e-09 5.74874e-09 1.04188e-08 1.85475e-08 3.24343e-08 5.57201e-08 9.40481e-08 1.5598e-07 2.54228e-07 4.07263e-07 6.41343e-07 9.92977e-07 1.5118e-06 2.26375e-06 3.33442e-06 4.83217e-06 6.89077e-06 9.67093e-06 1.33601e-05 1.81703e-05 2.43322e-05 3.20868e-05 4.16727e-05 5.33102e-05 6.71823e-05 8.34137e-05 0.00010205 0.000123039 0.000146215 0.000171292 0.000197861 0.0002254 0.000253293 0.000280856 0.000307365 0.000332096 0.000354351 0.000373497 0.000388986 0.000400375 0.00040734 0.000409684 0.00040734 0.000400375 0.000388986 0.000373497 0.000354351 0.000332096 0.000307365 0.000280856 0.000253293 0.0002254 0.000197861 0.000171292 0.000146215 0.000123039 0.00010205 8.34137e-05 6.71823e-05 5.33102e-05 4.16727e-05 3.20868e-05 2.43322e-05 1.81703e-05 1.33601e-05 9.67093e-06 6.89077e-06 4.83217e-06 3.33442e-06 2.26375e-06 1.5118e-06 9.92977e-07 6.41343e-07 4.07263e-07 2.54228e-07 1.5598e-07 9.40481e-08 5.57201e-08 3.24343e-08 1.85475e-08 1.04188e-08 5.74874e-09 3.11551e-09 1.65833e-09 8.66953e-10 4.45162e-10 2.24558e-10 1.1139e-10 5.458e-11 2.69737e-11 1.46665e-11 
2.25205e-11 2.94628e-11 5.39954e-11 1.08889e-10 2.21518e-10 4.45162e-10 8.79679e-10 1.70765e-09 3.25573e-09 6.09616e-09 1.12105e-08 2.02473e-08 3.59172e-08 6.2584e-08 1.07123e-07 1.80138e-07 2.97634e-07 4.83246e-07 7.71129e-07 1.20956e-06 1.86528e-06 2.82846e-06 4.21821e-06 6.1881e-06 8.93136e-06 1.2685e-05 1.77317e-05 2.43992e-05 3.30549e-05 4.4096e-05 5.79338e-05 7.4971e-05 9.55747e-05 0.000120044 0.000148573 0.000181219 0.000217869 0.000258218 0.000301753 0.000347758 0.000395329 0.000443407 0.000490819 0.000536339 0.000578737 0.00061684 0.000649582 0.000676045 0.000695489 0.000707375 0.000711373 0.000707375 0.000695489 0.000676045 0.000649582 0.00061684 0.000578737 0.000536339 0.000490819 0.000443407 0.000395329 0.000347758 0.000301753 0.000258218 0.000217869 0.000181219 0.000148573 0.000120044 9.55747e-05 7.4971e-05 5.79338e-05 4.4096e-05 3.30549e-05 2.43992e-05 1.77317e-05 1.2685e-05 8.93136e-06 6.1881e-06 4.21821e-06 2.82846e-06 1.86528e-06 1.20956e-06 7.71129e-07 4.83246e-07 2.97634e-07 1.80138e-07 1.07123e-07 6.2584e-08 3.59172e-08 2.02473e-08 1.12105e-08 6.09616e-09 3.25573e-09 1.70765e-09 8.79679e-10 4.45162e-10 2.21518e-10 1.08889e-10 5.39954e-11 2.94628e-11 
4.45403e-11 5.8156e-11 1.062e-10 2.13434e-10 4.32792e-10 8.66953e-10 1.70765e-09 3.30409e-09 6.27851e-09 1.17164e-08 2.14718e-08 3.86445e-08 6.83084e-08 1.18592e-07 2.02241e-07 3.38809e-07 5.57656e-07 9.01904e-07 1.43351e-06 2.23956e-06 3.43967e-06 5.19452e-06 7.71496e-06 1.12711e-05 1.62005e-05 2.29143e-05 3.18997e-05 4.37168e-05 5.89893e-05 7.83854e-05 0.00010259 0.000132268 0.000168015 0.000210303 0.000259427 0.000315443 0.000378121 0.000446908 0.00052091 0.000598898 0.000679339 0.000760449 0.000840271 0.000916763 0.00098789 0.00105172 0.00110651 0.00115074 0.00118322 0.00120306 0.00120974 0.00120306 0.00118322 0.00115074 0.00110651 0.00105172 0.00098789 0.000916763 0.000840271 0.000760449 0.000679339 0.000598898 0.00052091 0.000446908 0.000378121 0.000315443 0.000259427 0.000210303 0.000168015 0.000132268 0.00010259 7.83854e-05 5.89893e-05 4.37168e-05 3.18997e-05 2.29143e-05 1.62005e-05 1.12711e-05 7.71496e-06 5.19452e-06 3.43967e-06 2.23956e-06 1.43351e-06 9.01904e-07 5.57656e-07 3.38809e-07 2.02241e-07 1.18592e-07 6.83084e-08 3.86445e-08 2.14718e-08 1.17164e-08 6.27851e-09 3.30409e-09 1.70765e-09 8.66953e-10 4.32792e-10 2.13434e-10 1.062e-10 5.8156e-11 
8.65442e-11 1.12775e-10 2.05194e-10 4.10951e-10 8.3056e-10 1.65833e-09 3.25573e-09 6.27851e-09 1.18904e-08 2.21126e-08 4.03827e-08 7.24219e-08 1.27551e-07 2.20629e-07 3.74838e-07 6.25561e-07 1.02563e-06 1.65221e-06 2.61554e-06 4.06958e-06 6.2246e-06 9.36114e-06 1.38449e-05 2.01413e-05 2.88277e-05 4.06024e-05 5.62864e-05 7.68167e-05 0.000103227 0.000136616 0.000178098 0.000228739 0.000289481 0.00036105 0.000443867 0.000537957 0.000642871 0.000757633 0.000880718 0.00101006 0.00114312 0.00127697 0.0014084 0.00153409 0.00165077 0.00175533 0.00184495 0.00191724 0.00197028 0.00200267 0.00201356 0.00200267 0.00197028 0.00191724 0.00184495 0.00175533 0.00165077 0.00153409 0.0014084 0.00127697 0.00114312 0.00101006 0.000880718 0.000757633 0.000642871 0.000537957 0.000443867 0.00036105 0.000289481 0.000228739 0.000178098 0.000136616 0.000103227 7.68167e-05 5.62864e-05 4.06024e-05 2.88277e-05 2.01413e-05 1.38449e-05 9.36114e-06 6.2246e-06 4.06958e-06 2.61554e-06 1.65221e-06 1.02563e-06 6.25561e-07 3.74838e-07 2.20629e-07 1.27551e-07 7.24219e-08 4.03827e-08 2.21126e-08 1.18904e-08 6.27851e-09 3.25573e-09 1.65833e-09 8.3056e-10 4.10951e-10 2.05194e-10 1.12775e-10 
1.65205e-10 2.14842e-10 3.89462e-10 7.77228e-10 1.56556e-09 3.11551e-09 6.09616e-09 1.17164e-08 2.21126e-08 4.09798e-08 7.45731e-08 1.33256e-07 2.33831e-07 4.02953e-07 6.81989e-07 1.13374e-06 1.85147e-06 2.97061e-06 4.68345e-06 7.25692e-06 1.10532e-05 1.65523e-05 2.43756e-05 3.53082e-05 5.03172e-05 7.05629e-05 9.73988e-05 0.000132356 0.000177111 0.000233424 0.000303063 0.000387696 0.000488766 0.000607351 0.000744021 0.000898696 0.00107054 0.00125786 0.00145812 0.00166794 0.00188319 0.00209915 0.00231073 0.00251266 0.00269976 0.00286715 0.00301044 0.0031259 0.00321054 0.0032622 0.00327956 0.0032622 0.00321054 0.0031259 0.00301044 0.00286715 0.00269976 0.00251266 0.00231073 0.00209915 0.00188319 0.00166794 0.00145812 0.00125786 0.00107054 0.000898696 0.000744021 0.000607351 0.000488766 0.000387696 0.000303063 0.000233424 0.000177111 0.000132356 9.73988e-05 7.05629e-05 5.03172e-05 3.53082e-05 2.43756e-05 1.65523e-05 1.10532e-05 7.25692e-06 4.68345e-06 2.97061e-06 1.85147e-06 1.13374e-06 6.81989e-07 4.02953e-07 2.33831e-07 1.33256e-07 7.45731e-08 4.09798e-08 2.21126e-08 1.17164e-08 6.09616e-09 3.11551e-09 1.56556e-09 7.77228e-10 3.89462e-10 2.14842e-10 
3.09827e-10 4.0209e-10 7.26163e-10 1.44393e-09 2.89855e-09 5.74874e-09 1.12105e-08 2.14718e-08 4.03827e-08 7.45731e-08 1.35215e-07 2.40732e-07 4.20847e-07 7.22473e-07 1.21804e-06 2.01689e-06 3.2805e-06 5.24192e-06 8.23009e-06 1.26986e-05 1.92589e-05 2.87157e-05 4.21032e-05 6.07183e-05 8.61461e-05 0.000120273 0.000165281 0.000223616 0.000297928 0.000390975 0.000505487 0.000644001 0.000808665 0.00100102 0.00122176 0.00147059 0.00174597 0.00204508 0.00236376 0.0026966 0.00303705 0.00337771 0.00371065 0.00402771 0.00432092 0.00458281 0.00480668 0.00498685 0.00511882 0.00519932 0.00522637 0.00519932 0.00511882 0.00498685 0.00480668 0.00458281 0.00432092 0.00402771 0.00371065 0.00337771 0.00303705 0.0026966 0.00236376 0.00204508 0.00174597 0.00147059 0.00122176 0.00100102 0.000808665 0.000644001 0.000505487 0.000390975 0.000297928 0.000223616 0.000165281 0.000120273 8.61461e-05 6.07183e-05 4.21032e-05 2.87157e-05 1.92589e-05 1.26986e-05 8.23009e-06 5.24192e-06 3.2805e-06 2.01689e-06 1.21804e-06 7.22473e-07 4.20847e-07 2.40732e-07 1.35215e-07 7.45731e-08 4.03827e-08 2.14718e-08 1.12105e-08 5.74874e-09 2.89855e-09 1.44393e-09 7.26163e-10 4.0209e-10 
5.70875e-10 7.39335e-10 1.33011e-09 2.63512e-09 5.27133e-09 1.04188e-08 2.02473e-08 3.86445e-08 7.24219e-08 1.33256e-07 2.40732e-07 4.2699e-07 7.43628e-07 1.27166e-06 2.13549e-06 3.52189e-06 5.70502e-06 9.07824e-06 1.41931e-05 2.18054e-05 3.29265e-05 4.88781e-05 7.13461e-05 0.000102428 0.000144666 0.00020106 0.000275048 0.000370449 0.000491352 0.000641965 0.000826397 0.0010484 0.00131105 0.00161646 0.00196541 0.00235708 0.0027888 0.00325595 0.0037519 0.00426814 0.00479457 0.00531985 0.00583189 0.00631839 0.00676738 0.00716768 0.00750937 0.00778404 0.00798504 0.00810757 0.00814873 0.00810757 0.00798504 0.00778404 0.00750937 0.00716768 0.00676738 0.00631839 0.00583189 0.00531985 0.00479457 0.00426814 0.0037519 0.00325595 0.0027888 0.00235708 0.00196541 0.00161646 0.00131105 0.0010484 0.000826397 0.000641965 0.000491352 0.000370449 0.000275048 0.00020106 0.000144666 0.000102428 7.13461e-05 4.88781e-05 3.29265e-05 2.18054e-05 1.41931e-05 9.07824e-06 5.70502e-06 3.52189e-06 2.13549e-06 1.27166e-06 7.43628e-07 4.2699e-07 2.40732e-07 1.33256e-07 7.24219e-08 3.86445e-08 2.02473e-08 1.04188e-08 5.27133e-09 2.63512e-09 1.33011e-09 7.39335e-10 
1.03351e-09 1.33566e-09 2.3936e-09 4.72426e-09 9.41693e-09 1.85475e-08 3.59172e-08 6.83084e-08 1.27551e-07 2.33831e-07 4.20847e-07 7.43628e-07 1.29007e-06 2.19744e-06 3.67537e-06 6.03678e-06 9.73826e-06 1.54308e-05 2.40213e-05 3.67437e-05 5.52377e-05 8.16301e-05 0.000118612 0.000169504 0.000238297 0.000329655 0.000448874 0.00060177 0.000794507 0.00103334 0.00132428 0.0016727 0.00208288 0.00255753 0.00309734 0.00370054 0.00436264 0.0050762 0.0058309 0.00661374 0.00740944 0.00820103 0.00897057 0.00969995 0.0103716 0.0109694 0.0114788 0.0118877 0.0121867 0.0123689 0.01243 0.0123689 0.0121867 0.0118877 0.0114788 0.0109694 0.0103716 0.00969995 0.00897057 0.00820103 0.00740944 0.00661374 0.0058309 0.0050762 0.00436264 0.00370054 0.00309734 0.00255753 0.00208288 0.0016727 0.00132428 0.00103334 0.000794507 0.00060177 0.000448874 0.000329655 0.000238297 0.000169504 0.000118612 8.16301e-05 5.52377e-05 3.67437e-05 2.40213e-05 1.54308e-05 9.73826e-06 6.03678e-06 3.67537e-06 2.19744e-06 1.29007e-06 7.43628e-07 4.20847e-07 2.33831e-07 1.27551e-07 6.83084e-08 3.59172e-08 1.85475e-08 9.41693e-09 4.72426e-09 2.3936e-09 1.33566e-09 
1.83851e-09 2.37093e-09 4.23208e-09 8.32098e-09 1.65264e-08 3.24343e-08 6.2584e-08 1.18592e-07 2.20629e-07 4.02953e-07 7.22473e-07 1.27166e-06 2.19744e-06 3.72803e-06 6.21e-06 1.01576e-05 1.63167e-05 2.57436e-05 3.99003e-05 6.07618e-05 9.09328e-05 0.000133766 0.000193467 0.000275184 0.000385042 0.000530136 0.000718431 0.000958581 0.00125964 0.00163065 0.00208017 0.00261565 0.00324278 0.00396483 0.00478202 0.00569093 0.00668415 0.00775007 0.008873 0.0100335 0.011209 0.0123748 0.0135048 0.0145731 0.0155546 0.0164264 0.0171681 0.0177627 0.0181971 0.0184614 0.0185502 0.0184614 0.0181971 0.0177627 0.0171681 0.0164264 0.0155546 0.0145731 0.0135048 0.0123748 0.011209 0.0100335 0.008873 0.00775007 0.00668415 0.00569093 0.00478202 0.00396483 0.00324278 0.00261565 0.00208017 0.00163065 0.00125964 0.000958581 0.000718431 0.000530136 0.000385042 0.000275184 0.000193467 0.000133766 9.09328e-05 6.07618e-05 3.99003e-05 2.57436e-05 1.63167e-05 1.01576e-05 6.21e-06 3.72803e-06 2.19744e-06 1.27166e-06 7.22473e-07 4.02953e-07 2.20629e-07 1.18592e-07 6.2584e-08 3.24343e-08 1.65264e-08 8.32098e-09 4.23208e-09 2.37093e-09 
3.2139e-09 4.13563e-09 7.35242e-09 1.43999e-08 2.84947e-08 5.57201e-08 1.07123e-07 2.02241e-07 3.74838e-07 6.81989e-07 1.21804e-06 2.13549e-06 3.67537e-06 6.21e-06 1.03015e-05 1.67789e-05 2.68371e-05 4.21574e-05 6.50498e-05 9.86128e-05 0.000146901 0.000215092 0.000309623 0.000438301 0.000610329 0.000836249 0.00112777 0.00149745 0.00195824 0.00252289 0.00320317 0.00400906 0.00494779 0.00602292 0.00723352 0.00857342 0.0100308 0.0115879 0.0132215 0.0149031 0.0166004 0.0182779 0.0198991 0.0214275 0.0228285 0.0240701 0.0251246 0.0259689 0.0265848 0.0269595 0.0270853 0.0269595 0.0265848 0.0259689 0.0251246 0.0240701 0.0228285 0.0214275 0.0198991 0.0182779 0.0166004 0.0149031 0.0132215 0.0115879 0.0100308 0.00857342 0.00723352 0.00602292 0.00494779 0.00400906 0.00320317 0.00252289 0.00195824 0.00149745 0.00112777 0.000836249 0.000610329 0.000438301 0.000309623 0.000215092 0.000146901 9.86128e-05 6.50498e-05 4.21574e-05 2.68371e-05 1.67789e-05 1.03015e-05 6.21e-06 3.67537e-06 2.13549e-06 1.21804e-06 6.81989e-07 3.74838e-07 2.02241e-07 1.07123e-07 5.57201e-08 2.84947e-08 1.43999e-08 7.35242e-09 4.13563e-09 
5.52142e-09 7.08934e-09 1.25522e-08 2.44868e-08 4.82733e-08 9.40481e-08 1.80138e-07 3.38809e-07 6.25561e-07 1.13374e-06 2.01689e-06 3.52189e-06 6.03678e-06 1.01576e-05 1.67789e-05 2.72121e-05 4.33344e-05 6.77697e-05 0.000104098 0.000157083 0.00023291 0.000339408 0.00048623 0.000684961 0.00094912 0.00129402 0.00173647 0.00229423 0.00298537 0.0038273 0.00483573 0.00602349 0.00739922 0.00896621 0.0107212 0.0126538 0.0147454 0.0169698 0.0192932 0.0216751 0.0240698 0.0264285 0.0287006 0.0308365 0.0327892 0.034516 0.0359799 0.0371501 0.0380028 0.0385212 0.0386951 0.0385212 0.0380028 0.0371501 0.0359799 0.034516 0.0327892 0.0308365 0.0287006 0.0264285 0.0240698 0.0216751 0.0192932 0.0169698 0.0147454 0.0126538 0.0107212 0.00896621 0.00739922 0.00602349 0.00483573 0.0038273 0.00298537 0.00229423 0.00173647 0.00129402 0.00094912 0.000684961 0.00048623 0.000339408 0.00023291 0.000157083 0.000104098 6.77697e-05 4.33344e-05 2.72121e-05 1.67789e-05 1.01576e-05 6.03678e-06 3.52189e-06 2.01689e-06 1.13374e-06 6.25561e-07 3.38809e-07 1.80138e-07 9.40481e-08 4.82733e-08 2.44868e-08 1.25522e-08 7.08934e-09 
9.32317e-09 1.19441e-08 2.10607e-08 4.09201e-08 8.03633e-08 1.5598e-07 2.97634e-07 5.57656e-07 1.02563e-06 1.85147e-06 3.2805e-06 5.70502e-06 9.73826e-06 1.63167e-05 2.68371e-05 4.33344e-05 6.8702e-05 0.000106956 0.000163534 0.000245618 0.000362454 0.00052564 0.000749341 0.00105039 0.0014482 0.00196451 0.00262286 0.00344776 0.00446368 0.00569371 0.0071581 0.00887256 0.0108467 0.0130823 0.0155723 0.0182993 0.0212357 0.0243431 0.0275737 0.0308713 0.0341733 0.0374133 0.0405239 0.0434391 0.046097 0.0484418 0.0504256 0.052009 0.0531613 0.0538612 0.054096 0.0538612 0.0531613 0.052009 0.0504256 0.0484418 0.046097 0.0434391 0.0405239 0.0374133 0.0341733 0.0308713 0.0275737 0.0243431 0.0212357 0.0182993 0.0155723 0.0130823 0.0108467 0.00887256 0.0071581 0.00569371 0.00446368 0.00344776 0.00262286 0.00196451 0.0014482 0.00105039 0.000749341 0.00052564 0.000362454 0.000245618 0.000163534 0.000106956 6.8702e-05 4.33344e-05 2.68371e-05 1.63167e-05 9.73826e-06 5.70502e-06 3.2805e-06 1.85147e-06 1.02563e-06 5.57656e-07 2.97634e-07 1.5598e-07 8.03633e-08 4.09201e-08 2.10607e-08 1.19441e-08 
1.54745e-08 1.97805e-08 3.47323e-08 6.72091e-08 1.31483e-07 2.54228e-07 4.83246e-07 9.01904e-07 1.65221e-06 2.97061e-06 5.24192e-06 9.07824e-06 1.54308e-05 2.57436e-05 4.21574e-05 6.77697e-05 0.000106956 0.000165744 0.000252235 0.000377041 0.000553704 0.000799057 0.00113345 0.00158081 0.00216841 0.00292639 0.0038869 0.00508288 0.00654655 0.00830754 0.0103909 0.0128148 0.0155888 0.0187113 0.0221688 0.0259341 0.0299664 0.0342116 0.0386034 0.0430657 0.0475148 0.0518632 0.0560228 0.0599084 0.0634408 0.0665494 0.0691738 0.0712648 0.0727847 0.0737071 0.0740162 0.0737071 0.0727847 0.0712648 0.0691738 0.0665494 0.0634408 0.0599084 0.0560228 0.0518632 0.0475148 0.0430657 0.0386034 0.0342116 0.0299664 0.0259341 0.0221688 0.0187113 0.0155888 0.0128148 0.0103909 0.00830754 0.00654655 0.00508288 0.0038869 0.00292639 0.00216841 0.00158081 0.00113345 0.000799057 0.000553704 0.000377041 0.000252235 0.000165744 0.000106956 6.77697e-05 4.21574e-05 2.57436e-05 1.54308e-05 9.07824e-06 5.24192e-06 2.97061e-06 1.65221e-06 9.01904e-07 4.83246e-07 2.54228e-07 1.31483e-07 6.72091e-08 3.47323e-08 1.97805e-08 
2.52499e-08 3.22033e-08 5.63068e-08 1.08508e-07 2.11447e-07 4.07263e-07 7.71129e-07 1.43351e-06 2.61554e-06 4.68345e-06 8.23009e-06 1.41931e-05 2.40213e-05 3.99003e-05 6.50498e-05 0.000104098 0.000163534 0.000252235 0.000382035 0.000568304 0.000830485 0.0011925 0.00168299 0.00233522 0.00318664 0.00427807 0.00565231 0.00735245 0.00941961 0.0118905 0.0147946 0.0181518 0.0219691 0.0262392 0.0309385 0.0360257 0.0414427 0.0471145 0.052952 0.0588542 0.0647125 0.0704141 0.0758472 0.0809049 0.0854888 0.089512 0.0929009 0.0955961 0.0975524 0.0987385 0.0991359 0.0987385 0.0975524 0.0955961 0.0929009 0.089512 0.0854888 0.0809049 0.0758472 0.0704141 0.0647125 0.0588542 0.052952 0.0471145 0.0414427 0.0360257 0.0309385 0.0262392 0.0219691 0.0181518 0.0147946 0.0118905 0.00941961 0.00735245 0.00565231 0.00427807 0.00318664 0.00233522 0.00168299 0.0011925 0.000830485 0.000568304 0.000382035 0.000252235 0.000163534 0.000104098 6.50498e-05 3.99003e-05 2.40213e-05 1.41931e-05 8.23009e-06 4.68345e-06 2.61554e-06 1.43351e-06 7.71129e-07 4.07263e-07 2.11447e-07 1.08508e-07 5.63068e-08 3.22033e-08 
4.05082e-08 5.15468e-08 8.97448e-08 1.72226e-07 3.34286e-07 6.41343e-07 1.20956e-06 2.23956e-06 4.06958e-06 7.25692e-06 1.26986e-05 2.18054e-05 3.67437e-05 6.07618e-05 9.86128e-05 0.000157083 0.000245618 0.000377041 0.000568304 0.000841238 0.00122319 0.0017475 0.00245358 0.0033867 0.00459713 0.00613881 0.00806731 0.0104374 0.0132998 0.0166982 0.0206656 0.0252211 0.0303666 0.0360848 0.0423373 0.0490641 0.0561838 0.0635957 0.0711824 0.0788139 0.0863521 0.0936562 0.100588 0.107017 0.112825 0.117908 0.122179 0.125569 0.128027 0.129515 0.130013 0.129515 0.128027 0.125569 0.122179 0.117908 0.112825 0.107017 0.100588 0.0936562 0.0863521 0.0788139 0.0711824 0.0635957 0.0561838 0.0490641 0.0423373 0.0360848 0.0303666 0.0252211 0.0206656 0.0166982 0.0132998 0.0104374 0.00806731 0.00613881 0.00459713 0.0033867 0.00245358 0.0017475 0.00122319 0.000841238 0.000568304 0.000377041 0.000245618 0.000157083 9.86128e-05 6.07618e-05 3.67437e-05 2.18054e-05 1.26986e-05 7.25692e-06 4.06958e-06 2.23956e-06 1.20956e-06 6.41343e-07 3.34286e-07 1.72226e-07 8.97448e-08 5.15468e-08 
6.39026e-08 8.1132e-08 1.40649e-07 2.68783e-07 5.19618e-07 9.92977e-07 1.86528e-06 3.43967e-06 6.2246e-06 1.10532e-05 1.92589e-05 3.29265e-05 5.52377e-05 9.09328e-05 0.000146901 0.00023291 0.000362454 0.000553704 0.000830485 0.00122319 0.00176955 0.00251502 0.00351278 0.00482305 0.00651178 0.0086485 0.0113035 0.0145441 0.018431 0.0230138 0.0283265 0.0343842 0.0411792 0.048679 0.0568246 0.0655308 0.0746875 0.0841624 0.0938049 0.103451 0.112932 0.122074 0.130713 0.138694 0.145878 0.152147 0.157402 0.161564 0.164575 0.166398 0.167008 0.166398 0.164575 0.161564 0.157402 0.152147 0.145878 0.138694 0.130713 0.122074 0.112932 0.103451 0.0938049 0.0841624 0.0746875 0.0655308 0.0568246 0.048679 0.0411792 0.0343842 0.0283265 0.0230138 0.018431 0.0145441 0.0113035 0.0086485 0.00651178 0.00482305 0.00351278 0.00251502 0.00176955 0.00122319 0.000830485 0.000553704 0.000362454 0.00023291 0.000146901 9.09328e-05 5.52377e-05 3.29265e-05 1.92589e-05 1.10532e-05 6.2246e-06 3.43967e-06 1.86528e-06 9.92977e-07 5.19618e-07 2.68783e-07 1.40649e-07 8.1132e-08 
9.91372e-08 1.25582e-07 2.16773e-07 4.1251e-07 7.94271e-07 1.5118e-06 2.82846e-06 5.19452e-06 9.36114e-06 1.65523e-05 2.87157e-05 4.88781e-05 8.16301e-05 0.000133766 0.000215092 0.000339408 0.00052564 0.000799057 0.0011925 0.0017475 0.00251502 0.00355585 0.00494017 0.00674641 0.00905904 0.0119655 0.0155521 0.0198993 0.0250766 0.031137 0.0381121 0.0460079 0.0548011 0.0644372 0.0748298 0.0858618 0.0973876 0.109238 0.121224 0.133147 0.1448 0.155982 0.166499 0.176175 0.184854 0.192401 0.19871 0.203696 0.207299 0.209476 0.210204 0.209476 0.207299 0.203696 0.19871 0.192401 0.184854 0.176175 0.166499 0.155982 0.1448 0.133147 0.121224 0.109238 0.0973876 0.0858618 0.0748298 0.0644372 0.0548011 0.0460079 0.0381121 0.031137 0.0250766 0.0198993 0.0155521 0.0119655 0.00905904 0.00674641 0.00494017 0.00355585 0.00251502 0.0017475 0.0011925 0.000799057 0.00052564 0.000339408 0.000215092 0.000133766 8.16301e-05 4.88781e-05 2.87157e-05 1.65523e-05 9.36114e-06 5.19452e-06 2.82846e-06 1.5118e-06 7.94271e-07 4.1251e-07 2.16773e-07 1.25582e-07 
1.51269e-07 1.91188e-07 3.28604e-07 6.22675e-07 1.1941e-06 2.26375e-06 4.21821e-06 7.71496e-06 1.38449e-05 2.43756e-05 4.21032e-05 7.13461e-05 0.000118612 0.000193467 0.000309623 0.00048623 0.000749341 0.00113345 0.00168299 0.00245358 0.00351278 0.00494017 0.0068265 0.00927159 0.0123811 0.0162623 0.021018 0.026741 0.0335071 0.0413689 0.0503501 0.0604408 0.0715944 0.0837265 0.0967155 0.110405 0.124607 0.139111 0.153688 0.168098 0.182102 0.195468 0.207978 0.219436 0.229672 0.238543 0.245937 0.251767 0.255971 0.258509 0.259357 0.258509 0.255971 0.251767 0.245937 0.238543 0.229672 0.219436 0.207978 0.195468 0.182102 0.168098 0.153688 0.139111 0.124607 0.110405 0.0967155 0.0837265 0.0715944 0.0604408 0.0503501 0.0413689 0.0335071 0.026741 0.021018 0.0162623 0.0123811 0.00927159 0.0068265 0.00494017 0.00351278 0.00245358 0.00168299 0.00113345 0.000749341 0.00048623 0.000309623 0.000193467 0.000118612 7.13461e-05 4.21032e-05 2.43756e-05 1.38449e-05 7.71496e-06 4.21821e-06 2.26375e-06 1.1941e-06 6.22675e-07 3.28604e-07 1.91188e-07 
2.27041e-07 2.86314e-07 4.90001e-07 9.24587e-07 1.76593e-06 3.33442e-06 6.1881e-06 1.12711e-05 2.01413e-05 3.53082e-05 6.07183e-05 0.000102428 0.000169504 0.000275184 0.000438301 0.000684961 0.00105039 0.00158081 0.00233522 0.0033867 0.00482305 0.00674641 0.00927159 0.0125229 0.0166294 0.0217188 0.0279102 0.0353063 0.0439851 0.0539929 0.0653378 0.0779856 0.0918575 0.10683 0.122738 0.139377 0.156514 0.173891 0.191236 0.208272 0.224728 0.240344 0.254884 0.268138 0.279929 0.29011 0.298568 0.305221 0.310009 0.312895 0.313859 0.312895 0.310009 0.305221 0.298568 0.29011 0.279929 0.268138 0.254884 0.240344 0.224728 0.208272 0.191236 0.173891 0.156514 0.139377 0.122738 0.10683 0.0918575 0.0779856 0.0653378 0.0539929 0.0439851 0.0353063 0.0279102 0.0217188 0.0166294 0.0125229 0.00927159 0.00674641 0.00482305 0.0033867 0.00233522 0.00158081 0.00105039 0.000684961 0.000438301 0.000275184 0.000169504 0.000102428 6.07183e-05 3.53082e-05 2.01413e-05 1.12711e-05 6.1881e-06 3.33442e-06 1.76593e-06 9.24587e-07 4.90001e-07 2.86314e-07 
3.35235e-07 4.21819e-07 7.18845e-07 1.35069e-06 2.5694e-06 4.83217e-06 8.93136e-06 1.62005e-05 2.88277e-05 5.03172e-05 8.61461e-05 0.000144666 0.000238297 0.000385042 0.000610329 0.00094912 0.0014482 0.00216841 0.00318664 0.00459713 0.00651178 0.00905904 0.0123811 0.0166294 0.0219575 0.0285136 0.0364307 0.0458172 0.0567472 0.0692526 0.0833168 0.098871 0.115794 0.133913 0.15301 0.172829 0.193084 0.21347 0.233671 0.253377 0.272289 0.290127 0.306644 0.321624 0.334888 0.346297 0.355744 0.363154 0.368475 0.371679 0.372749 0.371679 0.368475 0.363154 0.355744 0.346297 0.334888 0.321624 0.306644 0.290127 0.272289 0.253377 0.233671 0.21347 0.193084 0.172829 0.15301 0.133913 0.115794 0.098871 0.0833168 0.0692526 0.0567472 0.0458172 0.0364307 0.0285136 0.0219575 0.0166294 0.0123811 0.00905904 0.00651178 0.00459713 0.00318664 0.00216841 0.0014482 0.00094912 0.000610329 0.000385042 0.000238297 0.000144666 8.61461e-05 5.03172e-05 2.88277e-05 1.62005e-05 8.93136e-06 4.83217e-06 2.5694e-06 1.35069e-06 7.18845e-07 4.21819e-07 
4.86999e-07 6.11445e-07 1.03763e-06 1.94154e-06 3.67862e-06 6.89077e-06 1.2685e-05 2.29143e-05 4.06024e-05 7.05629e-05 0.000120273 0.00020106 0.000329655 0.000530136 0.000836249 0.00129402 0.00196451 0.00292639 0.00427807 0.00613881 0.0086485 0.0119655 0.0162623 0.0217188 0.0285136 0.0368132 0.0467607 0.0584639 0.0719846 0.0873302 0.104448 0.123224 0.143482 0.164991 0.187474 0.210616 0.234076 0.257501 0.280539 0.302849 0.324112 0.34404 0.362382 0.378926 0.393505 0.405991 0.416293 0.424349 0.430122 0.433592 0.43475 0.433592 0.430122 0.424349 0.416293 0.405991 0.393505 0.378926 0.362382 0.34404 0.324112 0.302849 0.280539 0.257501 0.234076 0.210616 0.187474 0.164991 0.143482 0.123224 0.104448 0.0873302 0.0719846 0.0584639 0.0467607 0.0368132 0.0285136 0.0217188 0.0162623 0.0119655 0.0086485 0.00613881 0.00427807 0.00292639 0.00196451 0.00129402 0.000836249 0.000530136 0.000329655 0.00020106 0.000120273 7.05629e-05 4.06024e-05 2.29143e-05 1.2685e-05 6.89077e-06 3.67862e-06 1.94154e-06 1.03763e-06 6.11445e-07 
6.96115e-07 8.72127e-07 1.47389e-06 2.74649e-06 5.18319e-06 9.67093e-06 1.77317e-05 3.18997e-05 5.62864e-05 9.73988e-05 0.000165281 0.000275048 0.000448874 0.000718431 0.00112777 0.00173647 0.00262286 0.0038869 0.00565231 0.00806731 0.0113035 0.0155521 0.021018 0.0279102 0.0364307 0.0467607 0.0590471 0.0733886 0.0898242 0.108325 0.128791 0.151047 0.174855 0.199916 0.225885 0.252385 0.279023 0.305403 0.331138 0.355869 0.379268 0.401046 0.420963 0.438825 0.454483 0.467831 0.478802 0.487353 0.493467 0.497136 0.498359 0.497136 0.493467 0.487353 0.478802 0.467831 0.454483 0.438825 0.420963 0.401046 0.379268 0.355869 0.331138 0.305403 0.279023 0.252385 0.225885 0.199916 0.174855 0.151047 0.128791 0.108325 0.0898242 0.0733886 0.0590471 0.0467607 0.0364307 0.0279102 0.021018 0.0155521 0.0113035 0.00806731 0.00565231 0.0038869 0.00262286 0.00173647 0.00112777 0.000718431 0.000448874 0.000275048 0.000165281 9.73988e-05 5.62864e-05 3.18997e-05 1.77317e-05 9.67093e-06 5.18319e-06 2.74649e-06 1.47389e-06 8.72127e-07 
9.7914e-07 1.22415e-06 2.06042e-06 3.82388e-06 7.18835e-06 1.33601e-05 2.43992e-05 4.37168e-05 7.68167e-05 0.000132356 0.000223616 0.000370449 0.00060177 0.000958581 0.00149745 0.00229423 0.00344776 0.00508288 0.00735245 0.0104374 0.0145441 0.0198993 0.026741 0.0353063 0.0458172 0.0584639 0.0733886 0.0906703 0.110313 0.132239 0.156284 0.182206 0.20969 0.238361 0.267806 0.297584 0.327253 0.356378 0.384553 0.411407 0.436617 0.459911 0.481069 0.499925 0.516362 0.530305 0.541717 0.550582 0.556903 0.56069 0.561951 0.56069 0.556903 0.550582 0.541717 0.530305 0.516362 0.499925 0.481069 0.459911 0.436617 0.411407 0.384553 0.356378 0.327253 0.297584 0.267806 0.238361 0.20969 0.182206 0.156284 0.132239 0.110313 0.0906703 0.0733886 0.0584639 0.0458172 0.0353063 0.026741 0.0198993 0.0145441 0.0104374 0.00735245 0.00508288 0.00344776 0.00229423 0.00149745 0.000958581 0.00060177 0.000370449 0.000223616 0.000132356 7.68167e-05 4.37168e-05 2.43992e-05 1.33601e-05 7.18835e-06 3.82388e-06 2.06042e-06 1.22415e-06 
1.35536e-06 1.69106e-06 2.83503e-06 5.24055e-06 9.81383e-06 1.81703e-05 3.30549e-05 5.89893e-05 0.000103227 0.000177111 0.000297928 0.000491352 0.000794507 0.00125964 0.00195824 0.00298537 0.00446368 0.00654655 0.00941961 0.0132998 0.018431 0.0250766 0.0335071 0.0439851 0.0567472 0.0719846 0.0898242 0.110313 0.133407 0.158963 0.186744 0.216425 0.247606 0.279836 0.312627 0.345481 0.377912 0.409458 0.439704 0.468284 0.494893 0.519286 0.541283 0.560755 0.577626 0.591863 0.603461 0.612438 0.618821 0.622637 0.623907 0.622637 0.618821 0.612438 0.603461 0.591863 0.577626 0.560755 0.541283 0.519286 0.494893 0.468284 0.439704 0.409458 0.377912 0.345481 0.312627 0.279836 0.247606 0.216425 0.186744 0.158963 0.133407 0.110313 0.0898242 0.0719846 0.0567472 0.0439851 0.0335071 0.0250766 0.018431 0.0132998 0.00941961 0.00654655 0.00446368 0.00298537 0.00195824 0.00125964 0.000794507 0.000491352 0.000297928 0.000177111 0.000103227 5.89893e-05 3.30549e-05 1.81703e-05 9.81383e-06 5.24055e-06 2.83503e-06 1.69106e-06 
1.84646e-06 2.29925e-06 3.83979e-06 7.07036e-06 1.31911e-05 2.43322e-05 4.4096e-05 7.83854e-05 0.000136616 0.000233424 0.000390975 0.000641965 0.00103334 0.00163065 0.00252289 0.0038273 0.00569371 0.00830754 0.0118905 0.0166982 0.0230138 0.031137 0.0413689 0.0539929 0.0692526 0.0873302 0.108325 0.132239 0.158963 0.188278 0.219859 0.25329 0.288083 0.323703 0.359594 0.395208 0.430023 0.463565 0.495423 0.525252 0.55278 0.577807 0.600198 0.619878 0.636818 0.651031 0.662552 0.671434 0.67773 0.681487 0.682736 0.681487 0.67773 0.671434 0.662552 0.651031 0.636818 0.619878 0.600198 0.577807 0.55278 0.525252 0.495423 0.463565 0.430023 0.395208 0.359594 0.323703 0.288083 0.25329 0.219859 0.188278 0.158963 0.132239 0.108325 0.0873302 0.0692526 0.0539929 0.0413689 0.031137 0.0230138 0.0166982 0.0118905 0.00830754 0.00569371 0.0038273 0.00252289 0.00163065 0.00103334 0.000641965 0.000390975 0.000233424 0.000136616 7.83854e-05 4.4096e-05 2.43322e-05 1.31911e-05 7.07036e-06 3.83979e-06 2.29925e-06 
2.4759e-06 3.07715e-06 5.11973e-06 9.39169e-06 1.74583e-05 3.20868e-05 5.79338e-05 0.00010259 0.000178098 0.000303063 0.000505487 0.000826397 0.00132428 0.00208017 0.00320317 0.00483573 0.0071581 0.0103909 0.0147946 0.0206656 0.0283265 0.0381121 0.0503501 0.0653378 0.0833168 0.104448 0.128791 0.156284 0.186744 0.219859 0.255208 0.292276 0.330483 0.369215 0.407855 0.445812 0.482544 0.51758 0.550528 0.581081 0.609015 0.634185 0.656517 0.675992 0.69264 0.70652 0.717712 0.726302 0.732371 0.735984 0.737183 0.735984 0.732371 0.726302 0.717712 0.70652 0.69264 0.675992 0.656517 0.634185 0.609015 0.581081 0.550528 0.51758 0.482544 0.445812 0.407855 0.369215 0.330483 0.292276 0.255208 0.219859 0.186744 0.156284 0.128791 0.104448 0.0833168 0.0653378 0.0503501 0.0381121 0.0283265 0.0206656 0.0147946 0.0103909 0.0071581 0.00483573 0.00320317 0.00208017 0.00132428 0.000826397 0.000505487 0.000303063 0.000178098 0.00010259 5.79338e-05 3.20868e-05 1.74583e-05 9.39169e-06 5.11973e-06 3.07715e-06 
3.26783e-06 4.05395e-06 6.72066e-06 1.22836e-05 2.2754e-05 4.16727e-05 7.4971e-05 0.000132268 0.000228739 0.000387696 0.000644001 0.0010484 0.0016727 0.00261565 0.00400906 0.00602349 0.00887256 0.0128148 0.0181518 0.0252211 0.0343842 0.0460079 0.0604408 0.0779856 0.098871 0.123224 0.151047 0.182206 0.216425 0.25329 0.292276 0.332766 0.374091 0.415561 0.45651 0.496317 0.534438 0.570418 0.603904 0.634639 0.662463 0.687297 0.709133 0.728018 0.744039 0.757306 0.767943 0.776068 0.781787 0.785183 0.786309 0.785183 0.781787 0.776068 0.767943 0.757306 0.744039 0.728018 0.709133 0.687297 0.662463 0.634639 0.603904 0.570418 0.534438 0.496317 0.45651 0.415561 0.374091 0.332766 0.292276 0.25329 0.216425 0.182206 0.151047 0.123224 0.098871 0.0779856 0.0604408 0.0460079 0.0343842 0.0252211 0.0181518 0.0128148 0.00887256 0.00602349 0.00400906 0.00261565 0.0016727 0.0010484 0.000644001 0.000387696 0.000228739 0.000132268 7.4971e-05 4.16727e-05 2.2754e-05 1.22836e-05 6.72066e-06 4.05395e-06 
4.24568e-06 5.25781e-06 8.68633e-06 1.58208e-05 2.92072e-05 5.33102e-05 9.55747e-05 0.000168015 0.000289481 0.000488766 0.000808665 0.00131105 0.00208288 0.00324278 0.00494779 0.00739922 0.0108467 0.0155888 0.0219691 0.0303666 0.0411792 0.0548011 0.0715944 0.0918575 0.115794 0.143482 0.174855 0.20969 0.247606 0.288083 0.330483 0.374091 0.41815 0.461911 0.504665 0.545783 0.584732 0.621094 0.654567 0.684963 0.712191 0.736248 0.757199 0.775156 0.790264 0.802685 0.812579 0.820098 0.82537 0.828492 0.829525 0.828492 0.82537 0.820098 0.812579 0.802685 0.790264 0.775156 0.757199 0.736248 0.712191 0.684963 0.654567 0.621094 0.584732 0.545783 0.504665 0.461911 0.41815 0.374091 0.330483 0.288083 0.247606 0.20969 0.174855 0.143482 0.115794 0.0918575 0.0715944 0.0548011 0.0411792 0.0303666 0.0219691 0.0155888 0.0108467 0.00739922 0.00494779 0.00324278 0.00208288 0.00131105 0.000808665 0.000488766 0.000289481 0.000168015 9.55747e-05 5.33102e-05 2.92072e-05 1.58208e-05 8.68633e-06 5.25781e-06 
5.43035e-06 6.71367e-06 1.1055e-05 2.00676e-05 3.69273e-05 6.71823e-05 0.000120044 0.000210303 0.00036105 0.000607351 0.00100102 0.00161646 0.00255753 0.00396483 0.00602292 0.00896621 0.0130823 0.0187113 0.0262392 0.0360848 0.048679 0.0644372 0.0837265 0.10683 0.133913 0.164991 0.199916 0.238361 0.279836 0.323703 0.369215 0.415561 0.461911 0.507462 0.551486 0.593358 0.632577 0.668777 0.701723 0.731302 0.757506 0.78041 0.800151 0.816909 0.830883 0.84228 0.851296 0.858109 0.862864 0.865672 0.8666 0.865672 0.862864 0.858109 0.851296 0.84228 0.830883 0.816909 0.800151 0.78041 0.757506 0.731302 0.701723 0.668777 0.632577 0.593358 0.551486 0.507462 0.461911 0.415561 0.369215 0.323703 0.279836 0.238361 0.199916 0.164991 0.133913 0.10683 0.0837265 0.0644372 0.048679 0.0360848 0.0262392 0.0187113 0.0130823 0.00896621 0.00602292 0.00396483 0.00255753 0.00161646 0.00100102 0.000607351 0.00036105 0.000210303 0.000120044 6.71823e-05 3.69273e-05 2.00676e-05 1.1055e-05 6.71367e-06 
6.83808e-06 8.44071e-06 1.38553e-05 2.50707e-05 4.59914e-05 8.34137e-05 0.000148573 0.000259427 0.000443867 0.000744021 0.00122176 0.00196541 0.00309734 0.00478202 0.00723352 0.0107212 0.0155723 0.0221688 0.0309385 0.0423373 0.0568246 0.0748298 0.0967155 0.122738 0.15301 0.187474 0.225885 0.267806 0.312627 0.359594 0.407855 0.45651 0.504665 0.551486 0.59624 0.638324 0.677287 0.712828 0.744791 0.77315 0.797978 0.819433 0.837722 0.853085 0.865774 0.876033 0.884088 0.890136 0.894337 0.896809 0.897625 0.896809 0.894337 0.890136 0.884088 0.876033 0.865774 0.853085 0.837722 0.819433 0.797978 0.77315 0.744791 0.712828 0.677287 0.638324 0.59624 0.551486 0.504665 0.45651 0.407855 0.359594 0.312627 0.267806 0.225885 0.187474 0.15301 0.122738 0.0967155 0.0748298 0.0568246 0.0423373 0.0309385 0.0221688 0.0155723 0.0107212 0.00723352 0.00478202 0.00309734 0.00196541 0.00122176 0.000744021 0.000443867 0.000259427 0.000148573 8.34137e-05 4.59914e-05 2.50707e-05 1.38553e-05 8.44071e-06 
8.47822e-06 1.04497e-05 1.71022e-05 3.08526e-05 5.64326e-05 0.00010205 0.000181219 0.000315443 0.000537957 0.000898696 0.00147059 0.00235708 0.00370054 0.00569093 0.00857342 0.0126538 0.0182993 0.0259341 0.0360257 0.0490641 0.0655308 0.0858618 0.110405 0.139377 0.172829 0.210616 0.252385 0.297584 0.345481 0.395208 0.445812 0.496317 0.545783 0.593358 0.638324 0.68012 0.718357 0.752813 0.783421 0.81024 0.833432 0.85323 0.869909 0.883763 0.895087 0.904155 0.911217 0.916482 0.92012 0.922253 0.922955 0.922253 0.92012 0.916482 0.911217 0.904155 0.895087 0.883763 0.869909 0.85323 0.833432 0.81024 0.783421 0.752813 0.718357 0.68012 0.638324 0.593358 0.545783 0.496317 0.445812 0.395208 0.345481 0.297584 0.252385 0.210616 0.172829 0.139377 0.110405 0.0858618 0.0655308 0.0490641 0.0360257 0.0259341 0.0182993 0.0126538 0.00857342 0.00569093 0.00370054 0.00235708 0.00147059 0.000898696 0.000537957 0.000315443 0.000181219 0.00010205 5.64326e-05 3.08526e-05 1.71022e-05 1.04497e-05 
