1.19606e-05 1.25175e-05 1.42228e-05 1.71811e-05 2.15696e-05 2.76422e-05 3.57348e-05 4.62718e-05 5.97735e-05 7.68627e-05 9.82728e-05 0.000124853 0.000157572 0.000197521 0.000245911 0.000304071 0.000373429 0.000455506 0.000551888 0.000664199 0.00079407 0.000943092 0.00111277 0.00130449 0.00151942 0.00175851 0.00202239 0.00231132 0.00262516 0.00296331 0.00332466 0.00370757 0.00410988 0.00452887 0.00496127 0.00540335 0.00585089 0.00629927 0.00674357 0.00717861 0.00759907 0.0079996 0.00837492 0.00871992 0.00902979 0.00930011 0.00952698 0.00970704 0.00983762 0.00991676 0.00994328 0.00991676 0.00983762 0.00970704 0.00952698 0.00930011 0.00902979 0.00871992 0.00837492 0.0079996 0.00759907 0.00717861 0.00674357 0.00629927 0.00585089 0.00540335 0.00496127 0.00452887 0.00410988 0.00370757 0.00332466 0.00296331 0.00262516 0.00231132 0.00202239 0.00175851 0.00151942 0.00130449 0.00111277 0.000943092 0.00079407 0.000664199 0.000551888 0.000455506 0.000373429 0.000304071 0.000245911 0.000197521 0.000157572 0.000124853 9.82728e-05 7.68627e-05 5.97735e-05 4.62718e-05 3.57348e-05 2.76422e-05 2.15696e-05 1.71811e-05 1.42228e-05 1.25175e-05 
1.25175e-05 1.3099e-05 1.48793e-05 1.79674e-05 2.25476e-05 2.88837e-05 3.7325e-05 4.83125e-05 6.23865e-05 8.01939e-05 0.000102495 0.000130171 0.000164226 0.00020579 0.000256118 0.000316582 0.000388661 0.000473924 0.00057401 0.000690593 0.000825351 0.000979923 0.00115586 0.00135457 0.00157726 0.0018249 0.00209811 0.00239715 0.00272188 0.00307164 0.00344527 0.00384109 0.00425683 0.00468967 0.00513627 0.00559272 0.00605471 0.00651745 0.00697588 0.00742467 0.00785833 0.00827136 0.00865834 0.009014 0.0093334 0.00961201 0.00984581 0.0100314 0.0101659 0.0102475 0.0102748 0.0102475 0.0101659 0.0100314 0.00984581 0.00961201 0.0093334 0.009014 0.00865834 0.00827136 0.00785833 0.00742467 0.00697588 0.00651745 0.00605471 0.00559272 0.00513627 0.00468967 0.00425683 0.00384109 0.00344527 0.00307164 0.00272188 0.00239715 0.00209811 0.0018249 0.00157726 0.00135457 0.00115586 0.000979923 0.000825351 0.000690593 0.00057401 0.000473924 0.000388661 0.000316582 0.000256118 0.00020579 0.000164226 0.000130171 0.000102495 8.01939e-05 6.23865e-05 4.83125e-05 3.7325e-05 2.88837e-05 2.25476e-05 1.79674e-05 1.48793e-05 1.3099e-05 
1.42228e-05 1.48793e-05 1.68892e-05 2.03739e-05 2.55396e-05 3.26809e-05 4.21875e-05 5.45508e-05 7.03723e-05 9.03713e-05 0.000115392 0.000146412 0.000184541 0.00023103 0.000287263 0.000354749 0.000435115 0.000530081 0.000641441 0.000771021 0.000920649 0.0010921 0.00128705 0.00150702 0.00175329 0.00202688 0.00232844 0.0026582 0.00301596 0.00340094 0.00381186 0.0042468 0.00470326 0.00517812 0.0056677 0.00616774 0.00667348 0.00717972 0.00768094 0.00817133 0.00864495 0.00909582 0.00951805 0.00990597 0.0102542 0.0105579 0.0108127 0.0110148 0.0111614 0.0112502 0.01128 0.0112502 0.0111614 0.0110148 0.0108127 0.0105579 0.0102542 0.00990597 0.00951805 0.00909582 0.00864495 0.00817133 0.00768094 0.00717972 0.00667348 0.00616774 0.0056677 0.00517812 0.00470326 0.0042468 0.00381186 0.00340094 0.00301596 0.0026582 0.00232844 0.00202688 0.00175329 0.00150702 0.00128705 0.0010921 0.000920649 0.000771021 0.000641441 0.000530081 0.000435115 0.000354749 0.000287263 0.00023103 0.000184541 0.000146412 0.000115392 9.03713e-05 7.03723e-05 5.45508e-05 4.21875e-05 3.26809e-05 2.55396e-05 2.03739e-05 1.68892e-05 1.48793e-05 
1.71811e-05 1.79674e-05 2.03739e-05 2.45444e-05 3.07218e-05 3.92539e-05 5.05996e-05 6.53371e-05 8.41729e-05 0.00010795 0.000137658 0.000174435 0.000219577 0.000274537 0.00034092 0.000420471 0.000515067 0.000626685 0.00075738 0.00090924 0.00108434 0.00128469 0.00151218 0.0017685 0.00205507 0.00237299 0.00272294 0.00310511 0.00351918 0.00396421 0.00443862 0.00494016 0.00546591 0.00601225 0.00657491 0.00714899 0.00772904 0.00830914 0.00888297 0.00944395 0.00998533 0.0105003 0.0109823 0.0114249 0.011822 0.0121682 0.0124584 0.0126887 0.0128556 0.0129568 0.0129906 0.0129568 0.0128556 0.0126887 0.0124584 0.0121682 0.011822 0.0114249 0.0109823 0.0105003 0.00998533 0.00944395 0.00888297 0.00830914 0.00772904 0.00714899 0.00657491 0.00601225 0.00546591 0.00494016 0.00443862 0.00396421 0.00351918 0.00310511 0.00272294 0.00237299 0.00205507 0.0017685 0.00151218 0.00128469 0.00108434 0.00090924 0.00075738 0.000626685 0.000515067 0.000420471 0.00034092 0.000274537 0.000219577 0.000174435 0.000137658 0.00010795 8.41729e-05 6.53371e-05 5.05996e-05 3.92539e-05 3.07218e-05 2.45444e-05 2.03739e-05 1.79674e-05 
2.15696e-05 2.25476e-05 2.55396e-05 3.07218e-05 3.83917e-05 4.89742e-05 6.30296e-05 8.1263e-05 0.000104534 0.000133866 0.000170458 0.000215687 0.000271116 0.00033849 0.000419735 0.000516938 0.000632335 0.000768275 0.000927187 0.00111153 0.00132374 0.00156616 0.00184097 0.00215011 0.00249519 0.00287741 0.0032975 0.00375558 0.00425114 0.00478299 0.00534914 0.00594684 0.00657255 0.00722192 0.00788985 0.00857053 0.00925751 0.0099438 0.010622 0.0112843 0.011923 0.01253 0.0130977 0.0136187 0.0140858 0.0144928 0.0148339 0.0151045 0.0153005 0.0154193 0.0154591 0.0154193 0.0153005 0.0151045 0.0148339 0.0144928 0.0140858 0.0136187 0.0130977 0.01253 0.011923 0.0112843 0.010622 0.0099438 0.00925751 0.00857053 0.00788985 0.00722192 0.00657255 0.00594684 0.00534914 0.00478299 0.00425114 0.00375558 0.0032975 0.00287741 0.00249519 0.00215011 0.00184097 0.00156616 0.00132374 0.00111153 0.000927187 0.000768275 0.000632335 0.000516938 0.000419735 0.00033849 0.000271116 0.000215687 0.000170458 0.000133866 0.000104534 8.1263e-05 6.30296e-05 4.89742e-05 3.83917e-05 3.07218e-05 2.55396e-05 2.25476e-05 
2.76422e-05 2.88837e-05 3.26809e-05 3.92539e-05 4.89742e-05 6.23718e-05 8.0145e-05 0.00010317 0.000132516 0.000169449 0.000215451 0.000272222 0.000341682 0.000425974 0.00052745 0.000648657 0.000792309 0.00096125 0.00115841 0.00138673 0.00164913 0.00194838 0.00228704 0.00266739 0.00309125 0.00355998 0.00407432 0.00463428 0.00523913 0.00588726 0.00657618 0.00730245 0.00806167 0.00884852 0.00965681 0.0104795 0.0113088 0.0121363 0.0129531 0.0137501 0.0145178 0.015247 0.0159283 0.016553 0.0171129 0.0176004 0.0180089 0.0183327 0.0185673 0.0187094 0.018757 0.0187094 0.0185673 0.0183327 0.0180089 0.0176004 0.0171129 0.016553 0.0159283 0.015247 0.0145178 0.0137501 0.0129531 0.0121363 0.0113088 0.0104795 0.00965681 0.00884852 0.00806167 0.00730245 0.00657618 0.00588726 0.00523913 0.00463428 0.00407432 0.00355998 0.00309125 0.00266739 0.00228704 0.00194838 0.00164913 0.00138673 0.00115841 0.00096125 0.000792309 0.000648657 0.00052745 0.000425974 0.000341682 0.000272222 0.000215451 0.000169449 0.000132516 0.00010317 8.0145e-05 6.23718e-05 4.89742e-05 3.92539e-05 3.26809e-05 2.88837e-05 
3.57348e-05 3.7325e-05 4.21875e-05 5.05996e-05 6.30296e-05 8.0145e-05 0.000102823 0.000132166 0.000169509 0.00021644 0.000274805 0.000346721 0.000434572 0.000541009 0.000668936 0.000821485 0.00100198 0.00121391 0.00146081 0.00174627 0.00207378 0.00244666 0.00286797 0.00334033 0.00386589 0.00444613 0.0050818 0.00577277 0.00651796 0.00731527 0.00816147 0.00905224 0.00998211 0.0109445 0.0119318 0.0129354 0.0139458 0.0149529 0.0159459 0.0169138 0.0178452 0.0187291 0.0195543 0.0203104 0.0209877 0.021577 0.0220706 0.0224617 0.022745 0.0229165 0.022974 0.0229165 0.022745 0.0224617 0.0220706 0.021577 0.0209877 0.0203104 0.0195543 0.0187291 0.0178452 0.0169138 0.0159459 0.0149529 0.0139458 0.0129354 0.0119318 0.0109445 0.00998211 0.00905224 0.00816147 0.00731527 0.00651796 0.00577277 0.0050818 0.00444613 0.00386589 0.00334033 0.00286797 0.00244666 0.00207378 0.00174627 0.00146081 0.00121391 0.00100198 0.000821485 0.000668936 0.000541009 0.000434572 0.000346721 0.000274805 0.00021644 0.000169509 0.000132166 0.000102823 8.0145e-05 6.30296e-05 5.05996e-05 4.21875e-05 3.7325e-05 
4.62718e-05 4.83125e-05 5.45508e-05 6.53371e-05 8.1263e-05 0.00010317 0.000132166 0.000169633 0.000217253 0.000277013 0.000351224 0.000442523 0.000553879 0.000688582 0.000850223 0.00104266 0.00127 0.00153647 0.00184642 0.00220418 0.00261397 0.00307976 0.00360518 0.00419332 0.00484663 0.00556675 0.00635441 0.00720925 0.00812974 0.0091131 0.0101552 0.0112506 0.0123925 0.0135727 0.0147818 0.0160093 0.0172436 0.0184725 0.0196828 0.0208613 0.0219943 0.0230685 0.0240706 0.0249882 0.0258095 0.0265238 0.0271217 0.0275953 0.0279383 0.0281459 0.0282155 0.0281459 0.0279383 0.0275953 0.0271217 0.0265238 0.0258095 0.0249882 0.0240706 0.0230685 0.0219943 0.0208613 0.0196828 0.0184725 0.0172436 0.0160093 0.0147818 0.0135727 0.0123925 0.0112506 0.0101552 0.0091131 0.00812974 0.00720925 0.00635441 0.00556675 0.00484663 0.00419332 0.00360518 0.00307976 0.00261397 0.00220418 0.00184642 0.00153647 0.00127 0.00104266 0.000850223 0.000688582 0.000553879 0.000442523 0.000351224 0.000277013 0.000217253 0.000169633 0.000132166 0.00010317 8.1263e-05 6.53371e-05 5.45508e-05 4.83125e-05 
5.97735e-05 6.23865e-05 7.03723e-05 8.41729e-05 0.000104534 0.000132516 0.000169509 0.000217253 0.000277853 0.000353796 0.000447965 0.000563646 0.000704526 0.000874677 0.00107853 0.00132085 0.00160665 0.00194111 0.00232951 0.0027771 0.00328895 0.00386981 0.00452396 0.00525502 0.00606577 0.00695803 0.00793241 0.00898824 0.0101234 0.0113343 0.0126156 0.0139605 0.0153604 0.0168053 0.0182837 0.0197826 0.0212881 0.022785 0.0242579 0.0256904 0.0270664 0.0283697 0.0295847 0.0306963 0.0316905 0.0325548 0.033278 0.0338506 0.0342651 0.034516 0.0346 0.034516 0.0342651 0.0338506 0.033278 0.0325548 0.0316905 0.0306963 0.0295847 0.0283697 0.0270664 0.0256904 0.0242579 0.022785 0.0212881 0.0197826 0.0182837 0.0168053 0.0153604 0.0139605 0.0126156 0.0113343 0.0101234 0.00898824 0.00793241 0.00695803 0.00606577 0.00525502 0.00452396 0.00386981 0.00328895 0.0027771 0.00232951 0.00194111 0.00160665 0.00132085 0.00107853 0.000874677 0.000704526 0.000563646 0.000447965 0.000353796 0.000277853 0.000217253 0.000169509 0.000132516 0.000104534 8.41729e-05 7.03723e-05 6.23865e-05 
7.68627e-05 8.01939e-05 9.03713e-05 0.00010795 0.000133866 0.000169449 0.00021644 0.000277013 0.000353796 0.000449886 0.000568867 0.000714812 0.00089228 0.00110629 0.0013623 0.00166613 0.00202391 0.00244194 0.00292661 0.00348425 0.00412091 0.00484224 0.00565327 0.00655819 0.00756016 0.00866109 0.00986145 0.0111601 0.0125542 0.014039 0.0156079 0.0172522 0.0189613 0.0207229 0.0225229 0.0243456 0.0261739 0.0279898 0.0297745 0.0315085 0.0331724 0.034747 0.0362136 0.0375544 0.038753 0.0397943 0.0406651 0.0413544 0.0418532 0.0421551 0.0422561 0.0421551 0.0418532 0.0413544 0.0406651 0.0397943 0.038753 0.0375544 0.0362136 0.034747 0.0331724 0.0315085 0.0297745 0.0279898 0.0261739 0.0243456 0.0225229 0.0207229 0.0189613 0.0172522 0.0156079 0.014039 0.0125542 0.0111601 0.00986145 0.00866109 0.00756016 0.00655819 0.00565327 0.00484224 0.00412091 0.00348425 0.00292661 0.00244194 0.00202391 0.00166613 0.0013623 0.00110629 0.00089228 0.000714812 0.000568867 0.000449886 0.000353796 0.000277013 0.00021644 0.000169449 0.000133866 0.00010795 9.03713e-05 8.01939e-05 
9.82728e-05 0.000102495 0.000115392 0.000137658 0.000170458 0.000215451 0.000274805 0.000351224 0.000447965 0.000568867 0.000718357 0.000901456 0.00112377 0.00139145 0.00171116 0.00209001 0.0025354 0.00305498 0.00365643 0.0043473 0.0051348 0.00602559 0.00702554 0.00813943 0.0093708 0.0107216 0.0121921 0.0137805 0.015483 0.0172934 0.0192035 0.0212024 0.0232772 0.0254127 0.0275917 0.0297953 0.032003 0.0341931 0.036343 0.0384297 0.04043 0.0423212 0.0440812 0.0456891 0.0471254 0.0483725 0.049415 0.0502397 0.0508364 0.0511974 0.0513183 0.0511974 0.0508364 0.0502397 0.049415 0.0483725 0.0471254 0.0456891 0.0440812 0.0423212 0.04043 0.0384297 0.036343 0.0341931 0.032003 0.0297953 0.0275917 0.0254127 0.0232772 0.0212024 0.0192035 0.0172934 0.015483 0.0137805 0.0121921 0.0107216 0.0093708 0.00813943 0.00702554 0.00602559 0.0051348 0.0043473 0.00365643 0.00305498 0.0025354 0.00209001 0.00171116 0.00139145 0.00112377 0.000901456 0.000718357 0.000568867 0.000447965 0.000351224 0.000274805 0.000215451 0.000170458 0.000137658 0.000115392 0.000102495 
0.000124853 0.000130171 0.000146412 0.000174435 0.000215687 0.000272222 0.000346721 0.000442523 0.000563646 0.000714812 0.000901456 0.00112973 0.00140647 0.00173917 0.00213594 0.00260534 0.00315633 0.00379807 0.00453972 0.00539026 0.00635819 0.00745128 0.00867631 0.0100387 0.0115424 0.0131892 0.014979 0.0169093 0.0189749 0.0211681 0.0234785 0.0258926 0.0283948 0.0309665 0.033587 0.0362336 0.0388816 0.0415052 0.0440778 0.046572 0.0489605 0.0512166 0.0533144 0.0552293 0.0569388 0.0584221 0.0596614 0.0606415 0.0613503 0.0617792 0.0619227 0.0617792 0.0613503 0.0606415 0.0596614 0.0584221 0.0569388 0.0552293 0.0533144 0.0512166 0.0489605 0.046572 0.0440778 0.0415052 0.0388816 0.0362336 0.033587 0.0309665 0.0283948 0.0258926 0.0234785 0.0211681 0.0189749 0.0169093 0.014979 0.0131892 0.0115424 0.0100387 0.00867631 0.00745128 0.00635819 0.00539026 0.00453972 0.00379807 0.00315633 0.00260534 0.00213594 0.00173917 0.00140647 0.00112973 0.000901456 0.000714812 0.000563646 0.000442523 0.000346721 0.000272222 0.000215687 0.000174435 0.000146412 0.000130171 
0.000157572 0.000164226 0.000184541 0.000219577 0.000271116 0.000341682 0.000434572 0.000553879 0.000704526 0.00089228 0.00112377 0.00140647 0.00174868 0.00215946 0.00264857 0.00322632 0.00390339 0.00469071 0.00559913 0.00663921 0.0078209 0.0091532 0.0106438 0.0122989 0.0141225 0.0161165 0.0182801 0.0206097 0.0230986 0.0257371 0.0285122 0.0314075 0.0344039 0.037479 0.0406081 0.0437639 0.0469173 0.0500378 0.0530939 0.0560535 0.0588848 0.0615565 0.0640386 0.0663024 0.0683219 0.0700732 0.0715356 0.0726916 0.0735274 0.074033 0.0742022 0.074033 0.0735274 0.0726916 0.0715356 0.0700732 0.0683219 0.0663024 0.0640386 0.0615565 0.0588848 0.0560535 0.0530939 0.0500378 0.0469173 0.0437639 0.0406081 0.037479 0.0344039 0.0314075 0.0285122 0.0257371 0.0230986 0.0206097 0.0182801 0.0161165 0.0141225 0.0122989 0.0106438 0.0091532 0.0078209 0.00663921 0.00559913 0.00469071 0.00390339 0.00322632 0.00264857 0.00215946 0.00174868 0.00140647 0.00112377 0.00089228 0.000704526 0.000553879 0.000434572 0.000341682 0.000271116 0.000219577 0.000184541 0.000164226 
0.000197521 0.00020579 0.00023103 0.000274537 0.00033849 0.000425974 0.000541009 0.000688582 0.000874677 0.00110629 0.00139145 0.00173917 0.00215946 0.00266319 0.00326203 0.00396825 0.00479457 0.00575385 0.00685888 0.00812197 0.00955465 0.0111672 0.0129684 0.014965 0.0171611 0.0195585 0.0221554 0.0249469 0.0279245 0.0310759 0.0343851 0.0378323 0.0413944 0.0450446 0.0487535 0.0524887 0.0562161 0.0598999 0.0635031 0.0669886 0.0703193 0.0734591 0.0763733 0.0790292 0.0813966 0.0834483 0.0851606 0.0865136 0.0874916 0.088083 0.0882809 0.088083 0.0874916 0.0865136 0.0851606 0.0834483 0.0813966 0.0790292 0.0763733 0.0734591 0.0703193 0.0669886 0.0635031 0.0598999 0.0562161 0.0524887 0.0487535 0.0450446 0.0413944 0.0378323 0.0343851 0.0310759 0.0279245 0.0249469 0.0221554 0.0195585 0.0171611 0.014965 0.0129684 0.0111672 0.00955465 0.00812197 0.00685888 0.00575385 0.00479457 0.00396825 0.00326203 0.00266319 0.00215946 0.00173917 0.00139145 0.00110629 0.000874677 0.000688582 0.000541009 0.000425974 0.00033849 0.000274537 0.00023103 0.00020579 
0.000245911 0.000256118 0.000287263 0.00034092 0.000419735 0.00052745 0.000668936 0.000850223 0.00107853 0.0013623 0.00171116 0.00213594 0.00264857 0.00326203 0.00399015 0.00484746 0.00584893 0.00700964 0.00834447 0.00986768 0.0115925 0.0135306 0.0156917 0.0180831 0.0207092 0.0235709 0.0266655 0.0299865 0.0335229 0.0372595 0.0411768 0.045251 0.0494542 0.0537549 0.058118 0.0625059 0.0668785 0.0711941 0.07541 0.0794832 0.0833712 0.0870325 0.0904275 0.0935189 0.0962724 0.0986571 0.100646 0.102217 0.103352 0.104039 0.104268 0.104039 0.103352 0.102217 0.100646 0.0986571 0.0962724 0.0935189 0.0904275 0.0870325 0.0833712 0.0794832 0.07541 0.0711941 0.0668785 0.0625059 0.058118 0.0537549 0.0494542 0.045251 0.0411768 0.0372595 0.0335229 0.0299865 0.0266655 0.0235709 0.0207092 0.0180831 0.0156917 0.0135306 0.0115925 0.00986768 0.00834447 0.00700964 0.00584893 0.00484746 0.00399015 0.00326203 0.00264857 0.00213594 0.00171116 0.0013623 0.00107853 0.000850223 0.000668936 0.00052745 0.000419735 0.00034092 0.000287263 0.000256118 
0.000304071 0.000316582 0.000354749 0.000420471 0.000516938 0.000648657 0.000821485 0.00104266 0.00132085 0.00166613 0.00209001 0.00260534 0.00322632 0.00396825 0.00484746 0.005881 0.00708633 0.008481 0.0100822 0.0119063 0.0139682 0.0162812 0.0188558 0.0216999 0.0248176 0.0282091 0.0318704 0.0357927 0.0399623 0.0443604 0.0489636 0.0537431 0.0586661 0.0636952 0.0687895 0.0739051 0.0789955 0.0840126 0.0889073 0.0936306 0.0981338 0.10237 0.106294 0.109864 0.113041 0.115791 0.118083 0.119893 0.1212 0.12199 0.122254 0.12199 0.1212 0.119893 0.118083 0.115791 0.113041 0.109864 0.106294 0.10237 0.0981338 0.0936306 0.0889073 0.0840126 0.0789955 0.0739051 0.0687895 0.0636952 0.0586661 0.0537431 0.0489636 0.0443604 0.0399623 0.0357927 0.0318704 0.0282091 0.0248176 0.0216999 0.0188558 0.0162812 0.0139682 0.0119063 0.0100822 0.008481 0.00708633 0.005881 0.00484746 0.00396825 0.00322632 0.00260534 0.00209001 0.00166613 0.00132085 0.00104266 0.000821485 0.000648657 0.000516938 0.000420471 0.000354749 0.000316582 
0.000373429 0.000388661 0.000435115 0.000515067 0.000632335 0.000792309 0.00100198 0.00127 0.00160665 0.00202391 0.0025354 0.00315633 0.00390339 0.00479457 0.00584893 0.00708633 0.00852702 0.0101912 0.0120986 0.0142678 0.0167156 0.0194565 0.0225023 0.0258608 0.0295359 0.0335268 0.0378274 0.0424266 0.0473071 0.0524462 0.0578156 0.0633813 0.0691045 0.0749416 0.080845 0.0867639 0.0926449 0.098433 0.104072 0.109507 0.114682 0.119545 0.124045 0.128135 0.131772 0.134918 0.137538 0.139606 0.141099 0.142001 0.142303 0.142001 0.141099 0.139606 0.137538 0.134918 0.131772 0.128135 0.124045 0.119545 0.114682 0.109507 0.104072 0.098433 0.0926449 0.0867639 0.080845 0.0749416 0.0691045 0.0633813 0.0578156 0.0524462 0.0473071 0.0424266 0.0378274 0.0335268 0.0295359 0.0258608 0.0225023 0.0194565 0.0167156 0.0142678 0.0120986 0.0101912 0.00852702 0.00708633 0.00584893 0.00479457 0.00390339 0.00315633 0.0025354 0.00202391 0.00160665 0.00127 0.00100198 0.000792309 0.000632335 0.000515067 0.000435115 0.000388661 
0.000455506 0.000473924 0.000530081 0.000626685 0.000768275 0.00096125 0.00121391 0.00153647 0.00194111 0.00244194 0.00305498 0.00379807 0.00469071 0.00575385 0.00700964 0.008481 0.0101912 0.0121634 0.0144199 0.0169816 0.0198673 0.023093 0.0266708 0.030609 0.0349108 0.0395736 0.0445894 0.0499436 0.0556153 0.0615768 0.0677944 0.0742283 0.0808328 0.0875574 0.0943474 0.101144 0.107887 0.114514 0.120961 0.127166 0.133068 0.138606 0.143726 0.148375 0.152506 0.156076 0.159048 0.161392 0.163083 0.164105 0.164447 0.164105 0.163083 0.161392 0.159048 0.156076 0.152506 0.148375 0.143726 0.138606 0.133068 0.127166 0.120961 0.114514 0.107887 0.101144 0.0943474 0.0875574 0.0808328 0.0742283 0.0677944 0.0615768 0.0556153 0.0499436 0.0445894 0.0395736 0.0349108 0.030609 0.0266708 0.023093 0.0198673 0.0169816 0.0144199 0.0121634 0.0101912 0.008481 0.00700964 0.00575385 0.00469071 0.00379807 0.00305498 0.00244194 0.00194111 0.00153647 0.00121391 0.00096125 0.000768275 0.000626685 0.000530081 0.000473924 
0.000551888 0.00057401 0.000641441 0.00075738 0.000927187 0.00115841 0.00146081 0.00184642 0.00232951 0.00292661 0.00365643 0.00453972 0.00559913 0.00685888 0.00834447 0.0100822 0.0120986 0.0144199 0.0170712 0.0200759 0.0234545 0.0272244 0.0313983 0.0359843 0.0409844 0.0463943 0.052203 0.0583922 0.0649362 0.0718023 0.0789504 0.0863338 0.0938998 0.10159 0.109342 0.117089 0.124762 0.132292 0.139607 0.146637 0.153315 0.159575 0.165355 0.170598 0.175252 0.179271 0.182615 0.18525 0.187152 0.188301 0.188685 0.188301 0.187152 0.18525 0.182615 0.179271 0.175252 0.170598 0.165355 0.159575 0.153315 0.146637 0.139607 0.132292 0.124762 0.117089 0.109342 0.10159 0.0938998 0.0863338 0.0789504 0.0718023 0.0649362 0.0583922 0.052203 0.0463943 0.0409844 0.0359843 0.0313983 0.0272244 0.0234545 0.0200759 0.0170712 0.0144199 0.0120986 0.0100822 0.00834447 0.00685888 0.00559913 0.00453972 0.00365643 0.00292661 0.00232951 0.00184642 0.00146081 0.00115841 0.000927187 0.00075738 0.000641441 0.00057401 
0.000664199 0.000690593 0.000771021 0.00090924 0.00111153 0.00138673 0.00174627 0.00220418 0.0027771 0.00348425 0.0043473 0.00539026 0.00663921 0.00812197 0.00986768 0.0119063 0.0142678 0.0169816 0.0200759 0.0235763 0.0275053 0.0318812 0.0367174 0.0420211 0.0477929 0.0540262 0.0607063 0.0678107 0.0753084 0.0831603 0.0913196 0.0997321 0.108337 0.117068 0.125853 0.134618 0.143286 0.151777 0.160014 0.167919 0.175418 0.182438 0.188912 0.194779 0.199983 0.204472 0.208205 0.211145 0.213266 0.214546 0.214974 0.214546 0.213266 0.211145 0.208205 0.204472 0.199983 0.194779 0.188912 0.182438 0.175418 0.167919 0.160014 0.151777 0.143286 0.134618 0.125853 0.117068 0.108337 0.0997321 0.0913196 0.0831603 0.0753084 0.0678107 0.0607063 0.0540262 0.0477929 0.0420211 0.0367174 0.0318812 0.0275053 0.0235763 0.0200759 0.0169816 0.0142678 0.0119063 0.00986768 0.00812197 0.00663921 0.00539026 0.0043473 0.00348425 0.0027771 0.00220418 0.00174627 0.00138673 0.00111153 0.00090924 0.000771021 0.000690593 
0.00079407 0.000825351 0.000920649 0.00108434 0.00132374 0.00164913 0.00207378 0.00261397 0.00328895 0.00412091 0.0051348 0.00635819 0.0078209 0.00955465 0.0115925 0.0139682 0.0167156 0.0198673 0.0234545 0.0275053 0.0320437 0.0370892 0.0426549 0.0487472 0.0553648 0.0624977 0.0701275 0.0782263 0.086757 0.0956738 0.104922 0.114439 0.124156 0.133997 0.143882 0.153726 0.163445 0.172951 0.182157 0.190979 0.199336 0.207149 0.214346 0.220861 0.226633 0.231609 0.235743 0.238998 0.241345 0.242761 0.243234 0.242761 0.241345 0.238998 0.235743 0.231609 0.226633 0.220861 0.214346 0.207149 0.199336 0.190979 0.182157 0.172951 0.163445 0.153726 0.143882 0.133997 0.124156 0.114439 0.104922 0.0956738 0.086757 0.0782263 0.0701275 0.0624977 0.0553648 0.0487472 0.0426549 0.0370892 0.0320437 0.0275053 0.0234545 0.0198673 0.0167156 0.0139682 0.0115925 0.00955465 0.0078209 0.00635819 0.0051348 0.00412091 0.00328895 0.00261397 0.00207378 0.00164913 0.00132374 0.00108434 0.000920649 0.000825351 
0.000943092 0.000979923 0.0010921 0.00128469 0.00156616 0.00194838 0.00244666 0.00307976 0.00386981 0.00484224 0.00602559 0.00745128 0.0091532 0.0111672 0.0135306 0.0162812 0.0194565 0.023093 0.0272244 0.0318812 0.0370892 0.0428682 0.0492311 0.0561827 0.0637192 0.071827 0.0804826 0.0896523 0.0992923 0.109349 0.119759 0.130451 0.141347 0.152361 0.163404 0.174382 0.1852 0.195764 0.205978 0.215751 0.224994 0.233625 0.241565 0.248744 0.255098 0.260571 0.265115 0.26869 0.271266 0.27282 0.27334 0.27282 0.271266 0.26869 0.265115 0.260571 0.255098 0.248744 0.241565 0.233625 0.224994 0.215751 0.205978 0.195764 0.1852 0.174382 0.163404 0.152361 0.141347 0.130451 0.119759 0.109349 0.0992923 0.0896523 0.0804826 0.071827 0.0637192 0.0561827 0.0492311 0.0428682 0.0370892 0.0318812 0.0272244 0.023093 0.0194565 0.0162812 0.0135306 0.0111672 0.0091532 0.00745128 0.00602559 0.00484224 0.00386981 0.00307976 0.00244666 0.00194838 0.00156616 0.00128469 0.0010921 0.000979923 
0.00111277 0.00115586 0.00128705 0.00151218 0.00184097 0.00228704 0.00286797 0.00360518 0.00452396 0.00565327 0.00702554 0.00867631 0.0106438 0.0129684 0.0156917 0.0188558 0.0225023 0.0266708 0.0313983 0.0367174 0.0426549 0.0492311 0.0564579 0.0643382 0.0728649 0.0820199 0.0917742 0.102087 0.112908 0.124173 0.135812 0.147742 0.159875 0.172117 0.184367 0.196522 0.20848 0.220135 0.231385 0.242132 0.252282 0.261745 0.27044 0.278292 0.285234 0.291208 0.296164 0.30006 0.302867 0.304559 0.305125 0.304559 0.302867 0.30006 0.296164 0.291208 0.285234 0.278292 0.27044 0.261745 0.252282 0.242132 0.231385 0.220135 0.20848 0.196522 0.184367 0.172117 0.159875 0.147742 0.135812 0.124173 0.112908 0.102087 0.0917742 0.0820199 0.0728649 0.0643382 0.0564579 0.0492311 0.0426549 0.0367174 0.0313983 0.0266708 0.0225023 0.0188558 0.0156917 0.0129684 0.0106438 0.00867631 0.00702554 0.00565327 0.00452396 0.00360518 0.00286797 0.00228704 0.00184097 0.00151218 0.00128705 0.00115586 
0.00130449 0.00135457 0.00150702 0.0017685 0.00215011 0.00266739 0.00334033 0.00419332 0.00525502 0.00655819 0.00813943 0.0100387 0.0122989 0.014965 0.0180831 0.0216999 0.0258608 0.030609 0.0359843 0.0420211 0.0487472 0.0561827 0.0643382 0.0732139 0.0827986 0.0930692 0.10399 0.115513 0.127579 0.140115 0.15304 0.166263 0.179683 0.193196 0.206692 0.220059 0.233182 0.245951 0.258255 0.269989 0.281053 0.291354 0.300806 0.30933 0.316858 0.32333 0.328694 0.33291 0.335944 0.337773 0.338385 0.337773 0.335944 0.33291 0.328694 0.32333 0.316858 0.30933 0.300806 0.291354 0.281053 0.269989 0.258255 0.245951 0.233182 0.220059 0.206692 0.193196 0.179683 0.166263 0.15304 0.140115 0.127579 0.115513 0.10399 0.0930692 0.0827986 0.0732139 0.0643382 0.0561827 0.0487472 0.0420211 0.0359843 0.030609 0.0258608 0.0216999 0.0180831 0.014965 0.0122989 0.0100387 0.00813943 0.00655819 0.00525502 0.00419332 0.00334033 0.00266739 0.00215011 0.0017685 0.00150702 0.00135457 
0.00151942 0.00157726 0.00175329 0.00205507 0.00249519 0.00309125 0.00386589 0.00484663 0.00606577 0.00756016 0.0093708 0.0115424 0.0141225 0.0171611 0.0207092 0.0248176 0.0295359 0.0349108 0.0409844 0.0477929 0.0553648 0.0637192 0.0728649 0.0827986 0.0935045 0.104953 0.117103 0.129896 0.143263 0.157123 0.171383 0.185942 0.200687 0.215505 0.230274 0.244872 0.259177 0.27307 0.286432 0.299154 0.31113 0.322262 0.332462 0.341649 0.349753 0.356713 0.362476 0.367003 0.370258 0.372221 0.372877 0.372221 0.370258 0.367003 0.362476 0.356713 0.349753 0.341649 0.332462 0.322262 0.31113 0.299154 0.286432 0.27307 0.259177 0.244872 0.230274 0.215505 0.200687 0.185942 0.171383 0.157123 0.143263 0.129896 0.117103 0.104953 0.0935045 0.0827986 0.0728649 0.0637192 0.0553648 0.0477929 0.0409844 0.0349108 0.0295359 0.0248176 0.0207092 0.0171611 0.0141225 0.0115424 0.0093708 0.00756016 0.00606577 0.00484663 0.00386589 0.00309125 0.00249519 0.00205507 0.00175329 0.00157726 
0.00175851 0.0018249 0.00202688 0.00237299 0.00287741 0.00355998 0.00444613 0.00556675 0.00695803 0.00866109 0.0107216 0.0131892 0.0161165 0.0195585 0.0235709 0.0282091 0.0335268 0.0395736 0.0463943 0.0540262 0.0624977 0.071827 0.0820199 0.0930692 0.104953 0.117637 0.131068 0.145181 0.159898 0.175124 0.190758 0.206684 0.222781 0.238923 0.254979 0.270816 0.286306 0.301319 0.315732 0.32943 0.342302 0.354248 0.365178 0.375009 0.383671 0.391101 0.397249 0.402074 0.405542 0.407632 0.408331 0.407632 0.405542 0.402074 0.397249 0.391101 0.383671 0.375009 0.365178 0.354248 0.342302 0.32943 0.315732 0.301319 0.286306 0.270816 0.254979 0.238923 0.222781 0.206684 0.190758 0.175124 0.159898 0.145181 0.131068 0.117637 0.104953 0.0930692 0.0820199 0.071827 0.0624977 0.0540262 0.0463943 0.0395736 0.0335268 0.0282091 0.0235709 0.0195585 0.0161165 0.0131892 0.0107216 0.00866109 0.00695803 0.00556675 0.00444613 0.00355998 0.00287741 0.00237299 0.00202688 0.0018249 
0.00202239 0.00209811 0.00232844 0.00272294 0.0032975 0.00407432 0.0050818 0.00635441 0.00793241 0.00986145 0.0121921 0.014979 0.0182801 0.0221554 0.0266655 0.0318704 0.0378274 0.0445894 0.052203 0.0607063 0.0701275 0.0804826 0.0917742 0.10399 0.117103 0.131068 0.145826 0.161301 0.177403 0.194028 0.211059 0.228373 0.245835 0.263308 0.28065 0.297722 0.314384 0.330501 0.345944 0.360594 0.374336 0.387068 0.398699 0.409146 0.418339 0.426216 0.432728 0.437833 0.441502 0.443711 0.444449 0.443711 0.441502 0.437833 0.432728 0.426216 0.418339 0.409146 0.398699 0.387068 0.374336 0.360594 0.345944 0.330501 0.314384 0.297722 0.28065 0.263308 0.245835 0.228373 0.211059 0.194028 0.177403 0.161301 0.145826 0.131068 0.117103 0.10399 0.0917742 0.0804826 0.0701275 0.0607063 0.052203 0.0445894 0.0378274 0.0318704 0.0266655 0.0221554 0.0182801 0.014979 0.0121921 0.00986145 0.00793241 0.00635441 0.0050818 0.00407432 0.0032975 0.00272294 0.00232844 0.00209811 
0.00231132 0.00239715 0.0026582 0.00310511 0.00375558 0.00463428 0.00577277 0.00720925 0.00898824 0.0111601 0.0137805 0.0169093 0.0206097 0.0249469 0.0299865 0.0357927 0.0424266 0.0499436 0.0583922 0.0678107 0.0782263 0.0896523 0.102087 0.115513 0.129896 0.145181 0.161301 0.178168 0.19568 0.213722 0.232165 0.250872 0.269698 0.288495 0.307111 0.325397 0.343206 0.360398 0.376838 0.392403 0.406977 0.420458 0.432751 0.443778 0.453467 0.46176 0.468608 0.473973 0.477826 0.480146 0.480921 0.480146 0.477826 0.473973 0.468608 0.46176 0.453467 0.443778 0.432751 0.420458 0.406977 0.392403 0.376838 0.360398 0.343206 0.325397 0.307111 0.288495 0.269698 0.250872 0.232165 0.213722 0.19568 0.178168 0.161301 0.145181 0.129896 0.115513 0.102087 0.0896523 0.0782263 0.0678107 0.0583922 0.0499436 0.0424266 0.0357927 0.0299865 0.0249469 0.0206097 0.0169093 0.0137805 0.0111601 0.00898824 0.00720925 0.00577277 0.00463428 0.00375558 0.00310511 0.0026582 0.00239715 
0.00262516 0.00272188 0.00301596 0.00351918 0.00425114 0.00523913 0.00651796 0.00812974 0.0101234 0.0125542 0.015483 0.0189749 0.0230986 0.0279245 0.0335229 0.0399623 0.0473071 0.0556153 0.0649362 0.0753084 0.086757 0.0992923 0.112908 0.127579 0.143263 0.159898 0.177403 0.19568 0.214616 0.234081 0.253935 0.274029 0.294205 0.314304 0.334167 0.353634 0.372553 0.390777 0.408168 0.424601 0.439958 0.454137 0.467047 0.478608 0.488752 0.497425 0.504579 0.510179 0.514198 0.516616 0.517424 0.516616 0.514198 0.510179 0.504579 0.497425 0.488752 0.478608 0.467047 0.454137 0.439958 0.424601 0.408168 0.390777 0.372553 0.353634 0.334167 0.314304 0.294205 0.274029 0.253935 0.234081 0.214616 0.19568 0.177403 0.159898 0.143263 0.127579 0.112908 0.0992923 0.086757 0.0753084 0.0649362 0.0556153 0.0473071 0.0399623 0.0335229 0.0279245 0.0230986 0.0189749 0.015483 0.0125542 0.0101234 0.00812974 0.00651796 0.00523913 0.00425114 0.00351918 0.00301596 0.00272188 
0.00296331 0.00307164 0.00340094 0.00396421 0.00478299 0.00588726 0.00731527 0.0091131 0.0113343 0.014039 0.0172934 0.0211681 0.0257371 0.0310759 0.0372595 0.0443604 0.0524462 0.0615768 0.0718023 0.0831603 0.0956738 0.109349 0.124173 0.140115 0.157123 0.175124 0.194028 0.213722 0.234081 0.254963 0.276215 0.297674 0.319172 0.340541 0.361609 0.382212 0.40219 0.421392 0.439678 0.45692 0.473003 0.487824 0.501295 0.513338 0.523891 0.532901 0.540326 0.546132 0.550296 0.552801 0.553637 0.552801 0.550296 0.546132 0.540326 0.532901 0.523891 0.513338 0.501295 0.487824 0.473003 0.45692 0.439678 0.421392 0.40219 0.382212 0.361609 0.340541 0.319172 0.297674 0.276215 0.254963 0.234081 0.213722 0.194028 0.175124 0.157123 0.140115 0.124173 0.109349 0.0956738 0.0831603 0.0718023 0.0615768 0.0524462 0.0443604 0.0372595 0.0310759 0.0257371 0.0211681 0.0172934 0.014039 0.0113343 0.0091131 0.00731527 0.00588726 0.00478299 0.00396421 0.00340094 0.00307164 
0.00332466 0.00344527 0.00381186 0.00443862 0.00534914 0.00657618 0.00816147 0.0101552 0.0126156 0.0156079 0.0192035 0.0234785 0.0285122 0.0343851 0.0411768 0.0489636 0.0578156 0.0677944 0.0789504 0.0913196 0.104922 0.119759 0.135812 0.15304 0.171383 0.190758 0.211059 0.232165 0.253935 0.276215 0.298837 0.321628 0.344409 0.366999 0.389221 0.410902 0.431878 0.451994 0.471109 0.489094 0.505836 0.521234 0.535204 0.547674 0.558583 0.567885 0.575542 0.581524 0.585811 0.588389 0.589249 0.588389 0.585811 0.581524 0.575542 0.567885 0.558583 0.547674 0.535204 0.521234 0.505836 0.489094 0.471109 0.451994 0.431878 0.410902 0.389221 0.366999 0.344409 0.321628 0.298837 0.276215 0.253935 0.232165 0.211059 0.190758 0.171383 0.15304 0.135812 0.119759 0.104922 0.0913196 0.0789504 0.0677944 0.0578156 0.0489636 0.0411768 0.0343851 0.0285122 0.0234785 0.0192035 0.0156079 0.0126156 0.0101552 0.00816147 0.00657618 0.00534914 0.00443862 0.00381186 0.00344527 
0.00370757 0.00384109 0.0042468 0.00494016 0.00594684 0.00730245 0.00905224 0.0112506 0.0139605 0.0172522 0.0212024 0.0258926 0.0314075 0.0378323 0.045251 0.0537431 0.0633813 0.0742283 0.0863338 0.0997321 0.114439 0.130451 0.147742 0.166263 0.185942 0.206684 0.228373 0.250872 0.274029 0.297674 0.321628 0.345706 0.369717 0.393471 0.416783 0.439475 0.461377 0.482334 0.502203 0.520858 0.538186 0.554092 0.568496 0.58133 0.59254 0.602086 0.609933 0.616059 0.620446 0.623082 0.623961 0.623082 0.620446 0.616059 0.609933 0.602086 0.59254 0.58133 0.568496 0.554092 0.538186 0.520858 0.502203 0.482334 0.461377 0.439475 0.416783 0.393471 0.369717 0.345706 0.321628 0.297674 0.274029 0.250872 0.228373 0.206684 0.185942 0.166263 0.147742 0.130451 0.114439 0.0997321 0.0863338 0.0742283 0.0633813 0.0537431 0.045251 0.0378323 0.0314075 0.0258926 0.0212024 0.0172522 0.0139605 0.0112506 0.00905224 0.00730245 0.00594684 0.00494016 0.0042468 0.00384109 
0.00410988 0.00425683 0.00470326 0.00546591 0.00657255 0.00806167 0.00998211 0.0123925 0.0153604 0.0189613 0.0232772 0.0283948 0.0344039 0.0413944 0.0494542 0.0586661 0.0691045 0.0808328 0.0938998 0.108337 0.124156 0.141347 0.159875 0.179683 0.200687 0.222781 0.245835 0.269698 0.294205 0.319172 0.344409 0.369717 0.394895 0.419746 0.444076 0.467702 0.490453 0.512171 0.532714 0.551959 0.569796 0.586136 0.600904 0.614039 0.625494 0.635233 0.64323 0.649466 0.653928 0.656608 0.657502 0.656608 0.653928 0.649466 0.64323 0.635233 0.625494 0.614039 0.600904 0.586136 0.569796 0.551959 0.532714 0.512171 0.490453 0.467702 0.444076 0.419746 0.394895 0.369717 0.344409 0.319172 0.294205 0.269698 0.245835 0.222781 0.200687 0.179683 0.159875 0.141347 0.124156 0.108337 0.0938998 0.0808328 0.0691045 0.0586661 0.0494542 0.0413944 0.0344039 0.0283948 0.0232772 0.0189613 0.0153604 0.0123925 0.00998211 0.00806167 0.00657255 0.00546591 0.00470326 0.00425683 
0.00452887 0.00468967 0.00517812 0.00601225 0.00722192 0.00884852 0.0109445 0.0135727 0.0168053 0.0207229 0.0254127 0.0309665 0.037479 0.0450446 0.0537549 0.0636952 0.0749416 0.0875574 0.10159 0.117068 0.133997 0.152361 0.172117 0.193196 0.215505 0.238923 0.263308 0.288495 0.314304 0.340541 0.366999 0.393471 0.419746 0.445617 0.470885 0.495364 0.518879 0.541273 0.562407 0.582159 0.600427 0.617126 0.632187 0.645559 0.6572 0.667083 0.675187 0.6815 0.686013 0.688723 0.689626 0.688723 0.686013 0.6815 0.675187 0.667083 0.6572 0.645559 0.632187 0.617126 0.600427 0.582159 0.562407 0.541273 0.518879 0.495364 0.470885 0.445617 0.419746 0.393471 0.366999 0.340541 0.314304 0.288495 0.263308 0.238923 0.215505 0.193196 0.172117 0.152361 0.133997 0.117068 0.10159 0.0875574 0.0749416 0.0636952 0.0537549 0.0450446 0.037479 0.0309665 0.0254127 0.0207229 0.0168053 0.0135727 0.0109445 0.00884852 0.00722192 0.00601225 0.00517812 0.00468967 
0.00496127 0.00513627 0.0056677 0.00657491 0.00788985 0.00965681 0.0119318 0.0147818 0.0182837 0.0225229 0.0275917 0.033587 0.0406081 0.0487535 0.058118 0.0687895 0.080845 0.0943474 0.109342 0.125853 0.143882 0.163404 0.184367 0.206692 0.230274 0.254979 0.28065 0.307111 0.334167 0.361609 0.389221 0.416783 0.444076 0.470885 0.497008 0.522252 0.546444 0.569428 0.591066 0.611243 0.629861 0.646843 0.662128 0.675673 0.687444 0.697422 0.705593 0.71195 0.716492 0.719217 0.720125 0.719217 0.716492 0.71195 0.705593 0.697422 0.687444 0.675673 0.662128 0.646843 0.629861 0.611243 0.591066 0.569428 0.546444 0.522252 0.497008 0.470885 0.444076 0.416783 0.389221 0.361609 0.334167 0.307111 0.28065 0.254979 0.230274 0.206692 0.184367 0.163404 0.143882 0.125853 0.109342 0.0943474 0.080845 0.0687895 0.058118 0.0487535 0.0406081 0.033587 0.0275917 0.0225229 0.0182837 0.0147818 0.0119318 0.00965681 0.00788985 0.00657491 0.0056677 0.00513627 
0.00540335 0.00559272 0.00616774 0.00714899 0.00857053 0.0104795 0.0129354 0.0160093 0.0197826 0.0243456 0.0297953 0.0362336 0.0437639 0.0524887 0.0625059 0.0739051 0.0867639 0.101144 0.117089 0.134618 0.153726 0.174382 0.196522 0.220059 0.244872 0.270816 0.297722 0.325397 0.353634 0.382212 0.410902 0.439475 0.467702 0.495364 0.522252 0.548174 0.572954 0.59644 0.618497 0.639016 0.657907 0.675099 0.690541 0.704198 0.716045 0.726071 0.73427 0.740642 0.74519 0.747917 0.748826 0.747917 0.74519 0.740642 0.73427 0.726071 0.716045 0.704198 0.690541 0.675099 0.657907 0.639016 0.618497 0.59644 0.572954 0.548174 0.522252 0.495364 0.467702 0.439475 0.410902 0.382212 0.353634 0.325397 0.297722 0.270816 0.244872 0.220059 0.196522 0.174382 0.153726 0.134618 0.117089 0.101144 0.0867639 0.0739051 0.0625059 0.0524887 0.0437639 0.0362336 0.0297953 0.0243456 0.0197826 0.0160093 0.0129354 0.0104795 0.00857053 0.00714899 0.00616774 0.00559272 
0.00585089 0.00605471 0.00667348 0.00772904 0.00925751 0.0113088 0.0139458 0.0172436 0.0212881 0.0261739 0.032003 0.0388816 0.0469173 0.0562161 0.0668785 0.0789955 0.0926449 0.107887 0.124762 0.143286 0.163445 0.1852 0.20848 0.233182 0.259177 0.286306 0.314384 0.343206 0.372553 0.40219 0.431878 0.461377 0.490453 0.518879 0.546444 0.572954 0.598236 0.622137 0.644532 0.665314 0.684403 0.701736 0.717272 0.730983 0.742856 0.752887 0.761079 0.767438 0.771972 0.77469 0.775595 0.77469 0.771972 0.767438 0.761079 0.752887 0.742856 0.730983 0.717272 0.701736 0.684403 0.665314 0.644532 0.622137 0.598236 0.572954 0.546444 0.518879 0.490453 0.461377 0.431878 0.40219 0.372553 0.343206 0.314384 0.286306 0.259177 0.233182 0.20848 0.1852 0.163445 0.143286 0.124762 0.107887 0.0926449 0.0789955 0.0668785 0.0562161 0.0469173 0.0388816 0.032003 0.0261739 0.0212881 0.0172436 0.0139458 0.0113088 0.00925751 0.00772904 0.00667348 0.00605471 
0.00629927 0.00651745 0.00717972 0.00830914 0.0099438 0.0121363 0.0149529 0.0184725 0.022785 0.0279898 0.0341931 0.0415052 0.0500378 0.0598999 0.0711941 0.0840126 0.098433 0.114514 0.132292 0.151777 0.172951 0.195764 0.220135 0.245951 0.27307 0.301319 0.330501 0.360398 0.390777 0.421392 0.451994 0.482334 0.512171 0.541273 0.569428 0.59644 0.622137 0.646374 0.669027 0.689999 0.709217 0.726628 0.742199 0.755913 0.767767 0.777765 0.785917 0.792238 0.796741 0.799438 0.800336 0.799438 0.796741 0.792238 0.785917 0.777765 0.767767 0.755913 0.742199 0.726628 0.709217 0.689999 0.669027 0.646374 0.622137 0.59644 0.569428 0.541273 0.512171 0.482334 0.451994 0.421392 0.390777 0.360398 0.330501 0.301319 0.27307 0.245951 0.220135 0.195764 0.172951 0.151777 0.132292 0.114514 0.098433 0.0840126 0.0711941 0.0598999 0.0500378 0.0415052 0.0341931 0.0279898 0.022785 0.0184725 0.0149529 0.0121363 0.0099438 0.00830914 0.00717972 0.00651745 
0.00674357 0.00697588 0.00768094 0.00888297 0.010622 0.0129531 0.0159459 0.0196828 0.0242579 0.0297745 0.036343 0.0440778 0.0530939 0.0635031 0.07541 0.0889073 0.104072 0.120961 0.139607 0.160014 0.182157 0.205978 0.231385 0.258255 0.286432 0.315732 0.345944 0.376838 0.408168 0.439678 0.471109 0.502203 0.532714 0.562407 0.591066 0.618497 0.644532 0.669027 0.691867 0.712961 0.732246 0.749678 0.765233 0.778906 0.790701 0.800632 0.808718 0.81498 0.819437 0.822104 0.822992 0.822104 0.819437 0.81498 0.808718 0.800632 0.790701 0.778906 0.765233 0.749678 0.732246 0.712961 0.691867 0.669027 0.644532 0.618497 0.591066 0.562407 0.532714 0.502203 0.471109 0.439678 0.408168 0.376838 0.345944 0.315732 0.286432 0.258255 0.231385 0.205978 0.182157 0.160014 0.139607 0.120961 0.104072 0.0889073 0.07541 0.0635031 0.0530939 0.0440778 0.036343 0.0297745 0.0242579 0.0196828 0.0159459 0.0129531 0.010622 0.00888297 0.00768094 0.00697588 
