0.0012064 0.00122383 0.00127633 0.00136448 0.00148926 0.00165204 0.00185448 0.00209859 0.00238665 0.00272115 0.00310475 0.00354024 0.00403044 0.00457817 0.00518615 0.0058569 0.00659272 0.00739554 0.00826689 0.00920779 0.0102187 0.0112993 0.0124488 0.0136654 0.0149466 0.0162889 0.0176881 0.0191388 0.0206351 0.0221698 0.0237351 0.0253224 0.0269223 0.0285247 0.0301191 0.0316945 0.0332394 0.0347424 0.0361918 0.0375762 0.0388843 0.0401051 0.0412283 0.0422443 0.0431441 0.0439196 0.044564 0.0450714 0.0454372 0.0456581 0.0457319 0.0456581 0.0454372 0.0450714 0.044564 0.0439196 0.0431441 0.0422443 0.0412283 0.0401051 0.0388843 0.0375762 0.0361918 0.0347424 0.0332394 0.0316945 0.0301191 0.0285247 0.0269223 0.0253224 0.0237351 0.0221698 0.0206351 0.0191388 0.0176881 0.0162889 0.0149466 0.0136654 0.0124488 0.0112993 0.0102187 0.00920779 0.00826689 0.00739554 0.00659272 0.0058569 0.00518615 0.00457817 0.00403044 0.00354024 0.00310475 0.00272115 0.00238665 0.00209859 0.00185448 0.00165204 0.00148926 0.00136448 0.00127633 0.00122383 
0.00122383 0.0012415 0.00129469 0.001384 0.00151044 0.00167535 0.00188045 0.00212776 0.00241956 0.00275837 0.00314689 0.00358793 0.00408434 0.00463896 0.00525451 0.00593356 0.00667841 0.007491 0.00837288 0.00932505 0.0103479 0.0114413 0.0126043 0.013835 0.0151309 0.0164885 0.0179034 0.0193705 0.0208834 0.022435 0.0240175 0.0256221 0.0272392 0.0288589 0.0304703 0.0320623 0.0336235 0.0351422 0.0366067 0.0380054 0.0393269 0.0405603 0.041695 0.0427213 0.0436302 0.0444136 0.0450645 0.045577 0.0459465 0.0461696 0.0462442 0.0461696 0.0459465 0.045577 0.0450645 0.0444136 0.0436302 0.0427213 0.041695 0.0405603 0.0393269 0.0380054 0.0366067 0.0351422 0.0336235 0.0320623 0.0304703 0.0288589 0.0272392 0.0256221 0.0240175 0.022435 0.0208834 0.0193705 0.0179034 0.0164885 0.0151309 0.013835 0.0126043 0.0114413 0.0103479 0.00932505 0.00837288 0.007491 0.00667841 0.00593356 0.00525451 0.00463896 0.00408434 0.00358793 0.00314689 0.00275837 0.00241956 0.00212776 0.00188045 0.00167535 0.00151044 0.001384 0.00129469 0.0012415 
0.00127633 0.00129469 0.00134997 0.0014428 0.0015742 0.00174556 0.00195865 0.00221554 0.0025186 0.0028704 0.00327373 0.00373146 0.00424653 0.00482184 0.00546019 0.0061642 0.0069362 0.00777818 0.00869169 0.00967773 0.0107367 0.0118684 0.0130717 0.0143447 0.0156849 0.0170884 0.0185509 0.0200668 0.0216297 0.0232323 0.0248663 0.0265228 0.0281918 0.0298631 0.0315255 0.0331676 0.0347776 0.0363435 0.0378533 0.039295 0.0406569 0.0419279 0.043097 0.0441543 0.0450906 0.0458975 0.046568 0.0470958 0.0474763 0.0477061 0.0477829 0.0477061 0.0474763 0.0470958 0.046568 0.0458975 0.0450906 0.0441543 0.043097 0.0419279 0.0406569 0.039295 0.0378533 0.0363435 0.0347776 0.0331676 0.0315255 0.0298631 0.0281918 0.0265228 0.0248663 0.0232323 0.0216297 0.0200668 0.0185509 0.0170884 0.0156849 0.0143447 0.0130717 0.0118684 0.0107367 0.00967773 0.00869169 0.00777818 0.0069362 0.0061642 0.00546019 0.00482184 0.00424653 0.00373146 0.00327373 0.0028704 0.0025186 0.00221554 0.00195865 0.00174556 0.0015742 0.0014428 0.00134997 0.00129469 
0.00136448 0.001384 0.0014428 0.00154152 0.00168124 0.00186341 0.00208989 0.00236285 0.00268476 0.00305834 0.00348647 0.00397217 0.00451849 0.00512845 0.00580497 0.00655075 0.00736821 0.00825937 0.00922581 0.0102685 0.0113879 0.0125835 0.0138543 0.0151982 0.0166123 0.0180927 0.0196346 0.0212322 0.0228787 0.0245663 0.0262863 0.0280294 0.0297851 0.0315425 0.0332901 0.0350157 0.0367072 0.0383518 0.0399371 0.0414506 0.04288 0.0442136 0.0454401 0.0465492 0.0475311 0.0483773 0.0490803 0.0496337 0.0500326 0.0502734 0.0503539 0.0502734 0.0500326 0.0496337 0.0490803 0.0483773 0.0475311 0.0465492 0.0454401 0.0442136 0.04288 0.0414506 0.0399371 0.0383518 0.0367072 0.0350157 0.0332901 0.0315425 0.0297851 0.0280294 0.0262863 0.0245663 0.0228787 0.0212322 0.0196346 0.0180927 0.0166123 0.0151982 0.0138543 0.0125835 0.0113879 0.0102685 0.00922581 0.00825937 0.00736821 0.00655075 0.00580497 0.00512845 0.00451849 0.00397217 0.00348647 0.00305834 0.00268476 0.00236285 0.00208989 0.00186341 0.00168124 0.00154152 0.0014428 0.001384 
0.00148926 0.00151044 0.0015742 0.00168124 0.00183269 0.00203013 0.00227551 0.00257115 0.00291967 0.00332396 0.00378708 0.00431222 0.00490261 0.00556143 0.00629175 0.0070964 0.00797789 0.00893833 0.00997931 0.0111018 0.0123062 0.0135918 0.0149576 0.0164011 0.0179191 0.0195076 0.0211611 0.0228735 0.0246373 0.0264443 0.0282853 0.0301499 0.0320272 0.0339055 0.0357726 0.0376155 0.0394211 0.0411762 0.0428674 0.0444814 0.0460053 0.0474267 0.0487338 0.0499153 0.0509612 0.0518624 0.0526109 0.0532001 0.0536248 0.0538812 0.0539669 0.0538812 0.0536248 0.0532001 0.0526109 0.0518624 0.0509612 0.0499153 0.0487338 0.0474267 0.0460053 0.0444814 0.0428674 0.0411762 0.0394211 0.0376155 0.0357726 0.0339055 0.0320272 0.0301499 0.0282853 0.0264443 0.0246373 0.0228735 0.0211611 0.0195076 0.0179191 0.0164011 0.0149576 0.0135918 0.0123062 0.0111018 0.00997931 0.00893833 0.00797789 0.0070964 0.00629175 0.00556143 0.00490261 0.00431222 0.00378708 0.00332396 0.00291967 0.00257115 0.00227551 0.00203013 0.00183269 0.00168124 0.0015742 0.00151044 
0.00165204 0.00167535 0.00174556 0.00186341 0.00203013 0.0022474 0.00251734 0.00284244 0.00322554 0.00366971 0.00417827 0.00475461 0.00540218 0.0061244 0.0069245 0.00780548 0.00876998 0.00982018 0.0109577 0.0121836 0.0134979 0.0149002 0.0163887 0.017961 0.0196136 0.0213416 0.0231394 0.025 0.0269155 0.0288767 0.0308735 0.032895 0.0349292 0.0369635 0.0389845 0.0409785 0.0429313 0.0448287 0.0466562 0.0483997 0.0500454 0.0515798 0.0529903 0.0542651 0.0553934 0.0563653 0.0571724 0.0578077 0.0582656 0.0585419 0.0586343 0.0585419 0.0582656 0.0578077 0.0571724 0.0563653 0.0553934 0.0542651 0.0529903 0.0515798 0.0500454 0.0483997 0.0466562 0.0448287 0.0429313 0.0409785 0.0389845 0.0369635 0.0349292 0.032895 0.0308735 0.0288767 0.0269155 0.025 0.0231394 0.0213416 0.0196136 0.017961 0.0163887 0.0149002 0.0134979 0.0121836 0.0109577 0.00982018 0.00876998 0.00780548 0.0069245 0.0061244 0.00540218 0.00475461 0.00417827 0.00366971 0.00322554 0.00284244 0.00251734 0.0022474 0.00203013 0.00186341 0.00174556 0.00167535 
0.00185448 0.00188045 0.00195865 0.00208989 0.00227551 0.00251734 0.00281769 0.00317927 0.00360514 0.00409867 0.00466341 0.00530305 0.00602132 0.00682186 0.00770815 0.00868337 0.00975033 0.0109113 0.0121679 0.0135212 0.0149711 0.0165169 0.0181567 0.0198876 0.0217056 0.0236054 0.0255805 0.0276233 0.029725 0.0318755 0.0340639 0.0362779 0.0385045 0.04073 0.0429398 0.045119 0.0472521 0.0493237 0.0513182 0.0532202 0.0550149 0.0566876 0.0582248 0.0596137 0.0608426 0.061901 0.0627798 0.0634714 0.0639698 0.0642706 0.0643711 0.0642706 0.0639698 0.0634714 0.0627798 0.061901 0.0608426 0.0596137 0.0582248 0.0566876 0.0550149 0.0532202 0.0513182 0.0493237 0.0472521 0.045119 0.0429398 0.04073 0.0385045 0.0362779 0.0340639 0.0318755 0.029725 0.0276233 0.0255805 0.0236054 0.0217056 0.0198876 0.0181567 0.0165169 0.0149711 0.0135212 0.0121679 0.0109113 0.00975033 0.00868337 0.00770815 0.00682186 0.00602132 0.00530305 0.00466341 0.00409867 0.00360514 0.00317927 0.00281769 0.00251734 0.00227551 0.00208989 0.00195865 0.00188045 
0.00209859 0.00212776 0.00221554 0.00236285 0.00257115 0.00284244 0.00317927 0.00358458 0.00406174 0.00461441 0.00524646 0.00596192 0.00676481 0.00765908 0.00864846 0.00973638 0.0109258 0.0122191 0.0136179 0.0151232 0.0167349 0.0184519 0.020272 0.0221918 0.0242068 0.0263109 0.028497 0.0307565 0.0330796 0.0354551 0.0378708 0.0403133 0.0427683 0.0452206 0.0476543 0.0500529 0.0523997 0.0546776 0.0568698 0.0589595 0.0609303 0.0627667 0.0644537 0.0659775 0.0673253 0.068486 0.0694495 0.0702076 0.0707539 0.0710836 0.0711938 0.0710836 0.0707539 0.0702076 0.0694495 0.068486 0.0673253 0.0659775 0.0644537 0.0627667 0.0609303 0.0589595 0.0568698 0.0546776 0.0523997 0.0500529 0.0476543 0.0452206 0.0427683 0.0403133 0.0378708 0.0354551 0.0330796 0.0307565 0.028497 0.0263109 0.0242068 0.0221918 0.020272 0.0184519 0.0167349 0.0151232 0.0136179 0.0122191 0.0109258 0.00973638 0.00864846 0.00765908 0.00676481 0.00596192 0.00524646 0.00461441 0.00406174 0.00358458 0.00317927 0.00284244 0.00257115 0.00236285 0.00221554 0.00212776 
0.00238665 0.00241956 0.0025186 0.00268476 0.00291967 0.00322554 0.00360514 0.00406174 0.00459902 0.00522098 0.00593189 0.00673612 0.00763805 0.00864197 0.0097519 0.0109715 0.012304 0.0137517 0.0153165 0.0169992 0.0187994 0.0207158 0.0227459 0.0248857 0.0271298 0.0294716 0.0319029 0.034414 0.0369941 0.0396306 0.04231 0.0450174 0.0477369 0.0504519 0.0531447 0.0557972 0.0583911 0.0609076 0.0633283 0.0656347 0.0678091 0.0698344 0.0716943 0.0733737 0.0748588 0.0761374 0.0771986 0.0780334 0.0786349 0.0789979 0.0791192 0.0789979 0.0786349 0.0780334 0.0771986 0.0761374 0.0748588 0.0733737 0.0716943 0.0698344 0.0678091 0.0656347 0.0633283 0.0609076 0.0583911 0.0557972 0.0531447 0.0504519 0.0477369 0.0450174 0.04231 0.0396306 0.0369941 0.034414 0.0319029 0.0294716 0.0271298 0.0248857 0.0227459 0.0207158 0.0187994 0.0169992 0.0153165 0.0137517 0.012304 0.0109715 0.0097519 0.00864197 0.00763805 0.00673612 0.00593189 0.00522098 0.00459902 0.00406174 0.00360514 0.00322554 0.00291967 0.00268476 0.0025186 0.00241956 
0.00272115 0.00275837 0.0028704 0.00305834 0.00332396 0.00366971 0.00409867 0.00461441 0.00522098 0.00592281 0.00672454 0.00763097 0.00864687 0.00977691 0.0110254 0.0123964 0.0138931 0.0155181 0.0172733 0.0191592 0.0211755 0.0233204 0.0255907 0.027982 0.030488 0.0331013 0.0358125 0.0386108 0.0414839 0.0444179 0.0473976 0.0504066 0.0534272 0.0564409 0.0594282 0.0623692 0.0652437 0.068031 0.0707109 0.0732632 0.0756683 0.0779077 0.0799635 0.0818192 0.0834598 0.0848718 0.0860436 0.0869653 0.0876292 0.0880299 0.0881638 0.0880299 0.0876292 0.0869653 0.0860436 0.0848718 0.0834598 0.0818192 0.0799635 0.0779077 0.0756683 0.0732632 0.0707109 0.068031 0.0652437 0.0623692 0.0594282 0.0564409 0.0534272 0.0504066 0.0473976 0.0444179 0.0414839 0.0386108 0.0358125 0.0331013 0.030488 0.027982 0.0255907 0.0233204 0.0211755 0.0191592 0.0172733 0.0155181 0.0138931 0.0123964 0.0110254 0.00977691 0.00864687 0.00763097 0.00672454 0.00592281 0.00522098 0.00461441 0.00409867 0.00366971 0.00332396 0.00305834 0.0028704 0.00275837 
0.00310475 0.00314689 0.00327373 0.00348647 0.00378708 0.00417827 0.00466341 0.00524646 0.00593189 0.00672454 0.00762952 0.00865207 0.00979741 0.0110706 0.0124763 0.0140188 0.0157017 0.0175275 0.0194981 0.0216139 0.0238744 0.0262772 0.0288187 0.0314937 0.0342951 0.0372142 0.0402405 0.0433619 0.0465645 0.0498328 0.0531498 0.0564972 0.0598555 0.063204 0.0665214 0.0697855 0.0729739 0.0760642 0.0790339 0.0818609 0.0845239 0.0870023 0.0892768 0.0913293 0.0931433 0.0947042 0.0959993 0.0970178 0.0977514 0.098194 0.098342 0.098194 0.0977514 0.0970178 0.0959993 0.0947042 0.0931433 0.0913293 0.0892768 0.0870023 0.0845239 0.0818609 0.0790339 0.0760642 0.0729739 0.0697855 0.0665214 0.063204 0.0598555 0.0564972 0.0531498 0.0498328 0.0465645 0.0433619 0.0402405 0.0372142 0.0342951 0.0314937 0.0288187 0.0262772 0.0238744 0.0216139 0.0194981 0.0175275 0.0157017 0.0140188 0.0124763 0.0110706 0.00979741 0.00865207 0.00762952 0.00672454 0.00593189 0.00524646 0.00466341 0.00417827 0.00378708 0.00348647 0.00327373 0.00314689 
0.00354024 0.00358793 0.00373146 0.00397217 0.00431222 0.00475461 0.00530305 0.00596192 0.00673612 0.00763097 0.00865207 0.00980516 0.0110959 0.0125298 0.014112 0.0158469 0.0177383 0.019789 0.0220007 0.0243737 0.026907 0.029598 0.0324423 0.0354337 0.0385642 0.0418239 0.045201 0.0486817 0.0522505 0.0558901 0.0595816 0.0633045 0.067037 0.0707565 0.0744392 0.0780608 0.0815965 0.0850216 0.0883115 0.0914419 0.0943894 0.0971315 0.0996471 0.101917 0.103922 0.105647 0.107077 0.108203 0.109013 0.109502 0.109665 0.109502 0.109013 0.108203 0.107077 0.105647 0.103922 0.101917 0.0996471 0.0971315 0.0943894 0.0914419 0.0883115 0.0850216 0.0815965 0.0780608 0.0744392 0.0707565 0.067037 0.0633045 0.0595816 0.0558901 0.0522505 0.0486817 0.045201 0.0418239 0.0385642 0.0354337 0.0324423 0.029598 0.026907 0.0243737 0.0220007 0.019789 0.0177383 0.0158469 0.014112 0.0125298 0.0110959 0.00980516 0.00865207 0.00763097 0.00673612 0.00596192 0.00530305 0.00475461 0.00431222 0.00397217 0.00373146 0.00358793 
0.00403044 0.00408434 0.00424653 0.00451849 0.00490261 0.00540218 0.00602132 0.00676481 0.00763805 0.00864687 0.00979741 0.0110959 0.0125486 0.0141613 0.0159397 0.0178884 0.0200114 0.0223116 0.0247907 0.0274487 0.0302842 0.0332939 0.0364729 0.0398138 0.0433077 0.0469432 0.0507069 0.0545834 0.0585553 0.0626033 0.0667062 0.0708414 0.0749848 0.0791111 0.0831942 0.0872073 0.0911232 0.0949146 0.0985545 0.102016 0.105275 0.108305 0.111084 0.113589 0.115803 0.117707 0.119286 0.120527 0.121421 0.12196 0.12214 0.12196 0.121421 0.120527 0.119286 0.117707 0.115803 0.113589 0.111084 0.108305 0.105275 0.102016 0.0985545 0.0949146 0.0911232 0.0872073 0.0831942 0.0791111 0.0749848 0.0708414 0.0667062 0.0626033 0.0585553 0.0545834 0.0507069 0.0469432 0.0433077 0.0398138 0.0364729 0.0332939 0.0302842 0.0274487 0.0247907 0.0223116 0.0200114 0.0178884 0.0159397 0.0141613 0.0125486 0.0110959 0.00979741 0.00864687 0.00763805 0.00676481 0.00602132 0.00540218 0.00490261 0.00451849 0.00424653 0.00408434 
0.00457817 0.00463896 0.00482184 0.00512845 0.00556143 0.0061244 0.00682186 0.00765908 0.00864197 0.00977691 0.0110706 0.0125298 0.0141613 0.0159715 0.0179662 0.0201506 0.0225288 0.0251037 0.0278768 0.030848 0.0340154 0.037375 0.0409209 0.0446449 0.0485365 0.052583 0.0567694 0.0610782 0.06549 0.0699832 0.0745345 0.0791186 0.0837089 0.0882775 0.0927956 0.0972337 0.101562 0.10575 0.10977 0.113591 0.117185 0.120527 0.12359 0.126352 0.12879 0.130887 0.132626 0.133993 0.134977 0.13557 0.135769 0.13557 0.134977 0.133993 0.132626 0.130887 0.12879 0.126352 0.12359 0.120527 0.117185 0.113591 0.10977 0.10575 0.101562 0.0972337 0.0927956 0.0882775 0.0837089 0.0791186 0.0745345 0.0699832 0.06549 0.0610782 0.0567694 0.052583 0.0485365 0.0446449 0.0409209 0.037375 0.0340154 0.030848 0.0278768 0.0251037 0.0225288 0.0201506 0.0179662 0.0159715 0.0141613 0.0125298 0.0110706 0.00977691 0.00864197 0.00765908 0.00682186 0.0061244 0.00556143 0.00512845 0.00482184 0.00463896 
0.00518615 0.00525451 0.00546019 0.00580497 0.00629175 0.0069245 0.00770815 0.00864846 0.0097519 0.0110254 0.0124763 0.014112 0.0159397 0.0179662 0.020198 0.0226404 0.0252976 0.0281727 0.0312669 0.0345799 0.0381091 0.0418498 0.0457952 0.0499357 0.0542596 0.0587523 0.0633971 0.0681744 0.0730626 0.0780376 0.0830736 0.0881426 0.0932153 0.098261 0.103248 0.108144 0.112916 0.117531 0.121958 0.126165 0.13012 0.133796 0.137165 0.1402 0.14288 0.145184 0.147094 0.148595 0.149676 0.150327 0.150545 0.150327 0.149676 0.148595 0.147094 0.145184 0.14288 0.1402 0.137165 0.133796 0.13012 0.126165 0.121958 0.117531 0.112916 0.108144 0.103248 0.098261 0.0932153 0.0881426 0.0830736 0.0780376 0.0730626 0.0681744 0.0633971 0.0587523 0.0542596 0.0499357 0.0457952 0.0418498 0.0381091 0.0345799 0.0312669 0.0281727 0.0252976 0.0226404 0.020198 0.0179662 0.0159397 0.014112 0.0124763 0.0110254 0.0097519 0.00864846 0.00770815 0.0069245 0.00629175 0.00580497 0.00546019 0.00525451 
0.0058569 0.00593356 0.0061642 0.00655075 0.0070964 0.00780548 0.00868337 0.00973638 0.0109715 0.0123964 0.0140188 0.0158469 0.0178884 0.0201506 0.0226404 0.0253633 0.0283238 0.0315248 0.0349674 0.0386508 0.0425719 0.046725 0.0511022 0.0556927 0.060483 0.065457 0.0705956 0.0758772 0.0812777 0.0867705 0.0923268 0.097916 0.103506 0.109062 0.114551 0.119936 0.125182 0.130254 0.135115 0.139733 0.144073 0.148105 0.151798 0.155125 0.158062 0.160586 0.162677 0.164321 0.165504 0.166217 0.166456 0.166217 0.165504 0.164321 0.162677 0.160586 0.158062 0.155125 0.151798 0.148105 0.144073 0.139733 0.135115 0.130254 0.125182 0.119936 0.114551 0.109062 0.103506 0.097916 0.0923268 0.0867705 0.0812777 0.0758772 0.0705956 0.065457 0.060483 0.0556927 0.0511022 0.046725 0.0425719 0.0386508 0.0349674 0.0315248 0.0283238 0.0253633 0.0226404 0.0201506 0.0178884 0.0158469 0.0140188 0.0123964 0.0109715 0.00973638 0.00868337 0.00780548 0.0070964 0.00655075 0.0061642 0.00593356 
0.00659272 0.00667841 0.0069362 0.00736821 0.00797789 0.00876998 0.00975033 0.0109258 0.012304 0.0138931 0.0157017 0.0177383 0.0200114 0.0225288 0.0252976 0.0283238 0.0316118 0.0351645 0.0389828 0.0430653 0.0474081 0.0520048 0.056846 0.0619195 0.0672101 0.0726996 0.0783669 0.0841879 0.0901357 0.0961812 0.102292 0.108436 0.114576 0.120676 0.126698 0.132602 0.138352 0.143906 0.149229 0.154282 0.159029 0.163437 0.167473 0.171108 0.174316 0.177071 0.179355 0.181149 0.18244 0.183219 0.183479 0.183219 0.18244 0.181149 0.179355 0.177071 0.174316 0.171108 0.167473 0.163437 0.159029 0.154282 0.149229 0.143906 0.138352 0.132602 0.126698 0.120676 0.114576 0.108436 0.102292 0.0961812 0.0901357 0.0841879 0.0783669 0.0726996 0.0672101 0.0619195 0.056846 0.0520048 0.0474081 0.0430653 0.0389828 0.0351645 0.0316118 0.0283238 0.0252976 0.0225288 0.0200114 0.0177383 0.0157017 0.0138931 0.012304 0.0109258 0.00975033 0.00876998 0.00797789 0.00736821 0.0069362 0.00667841 
0.00739554 0.007491 0.00777818 0.00825937 0.00893833 0.00982018 0.0109113 0.0122191 0.0137517 0.0155181 0.0175275 0.019789 0.0223116 0.0251037 0.0281727 0.0315248 0.0351645 0.0390947 0.0433157 0.0478256 0.0526198 0.0576906 0.0630274 0.0686163 0.0744403 0.0804789 0.0867086 0.0931029 0.099632 0.106264 0.112963 0.119694 0.126416 0.13309 0.139675 0.146128 0.152407 0.158471 0.164279 0.169789 0.174964 0.179767 0.184163 0.188122 0.191613 0.194612 0.197096 0.199048 0.200452 0.201299 0.201582 0.201299 0.200452 0.199048 0.197096 0.194612 0.191613 0.188122 0.184163 0.179767 0.174964 0.169789 0.164279 0.158471 0.152407 0.146128 0.139675 0.13309 0.126416 0.119694 0.112963 0.106264 0.099632 0.0931029 0.0867086 0.0804789 0.0744403 0.0686163 0.0630274 0.0576906 0.0526198 0.0478256 0.0433157 0.0390947 0.0351645 0.0315248 0.0281727 0.0251037 0.0223116 0.019789 0.0175275 0.0155181 0.0137517 0.0122191 0.0109113 0.00982018 0.00893833 0.00825937 0.00777818 0.007491 
0.00826689 0.00837288 0.00869169 0.00922581 0.00997931 0.0109577 0.0121679 0.0136179 0.0153165 0.0172733 0.0194981 0.0220007 0.0247907 0.0278768 0.0312669 0.0349674 0.0389828 0.0433157 0.0479661 0.0529313 0.0582058 0.0637807 0.0696438 0.0757796 0.0821689 0.0887889 0.0956138 0.102614 0.109757 0.117007 0.124326 0.131674 0.139009 0.146286 0.153462 0.16049 0.167325 0.173921 0.180236 0.186225 0.191846 0.197061 0.201833 0.206128 0.209916 0.213168 0.215861 0.217977 0.219499 0.220417 0.220724 0.220417 0.219499 0.217977 0.215861 0.213168 0.209916 0.206128 0.201833 0.197061 0.191846 0.186225 0.180236 0.173921 0.167325 0.16049 0.153462 0.146286 0.139009 0.131674 0.124326 0.117007 0.109757 0.102614 0.0956138 0.0887889 0.0821689 0.0757796 0.0696438 0.0637807 0.0582058 0.0529313 0.0479661 0.0433157 0.0389828 0.0349674 0.0312669 0.0278768 0.0247907 0.0220007 0.0194981 0.0172733 0.0153165 0.0136179 0.0121679 0.0109577 0.00997931 0.00922581 0.00869169 0.00837288 
0.00920779 0.00932505 0.00967773 0.0102685 0.0111018 0.0121836 0.0135212 0.0151232 0.0169992 0.0191592 0.0216139 0.0243737 0.0274487 0.030848 0.0345799 0.0386508 0.0430653 0.0478256 0.0529313 0.0583789 0.0641617 0.0702696 0.0766888 0.0834016 0.0903868 0.0976193 0.10507 0.112707 0.120494 0.128392 0.136361 0.144355 0.15233 0.160238 0.168029 0.175657 0.18307 0.190221 0.197063 0.203548 0.209634 0.215276 0.220438 0.225081 0.229175 0.232689 0.235599 0.237884 0.239528 0.240519 0.24085 0.240519 0.239528 0.237884 0.235599 0.232689 0.229175 0.225081 0.220438 0.215276 0.209634 0.203548 0.197063 0.190221 0.18307 0.175657 0.168029 0.160238 0.15233 0.144355 0.136361 0.128392 0.120494 0.112707 0.10507 0.0976193 0.0903868 0.0834016 0.0766888 0.0702696 0.0641617 0.0583789 0.0529313 0.0478256 0.0430653 0.0386508 0.0345799 0.030848 0.0274487 0.0243737 0.0216139 0.0191592 0.0169992 0.0151232 0.0135212 0.0121836 0.0111018 0.0102685 0.00967773 0.00932505 
0.0102187 0.0103479 0.0107367 0.0113879 0.0123062 0.0134979 0.0149711 0.0167349 0.0187994 0.0211755 0.0238744 0.026907 0.0302842 0.0340154 0.0381091 0.0425719 0.0474081 0.0526198 0.0582058 0.0641617 0.0704798 0.0771483 0.0841517 0.0914702 0.0990803 0.106954 0.11506 0.123362 0.131822 0.140396 0.149041 0.157708 0.166348 0.17491 0.183341 0.19159 0.199602 0.207327 0.214713 0.221711 0.228274 0.234358 0.23992 0.244923 0.249331 0.253115 0.256247 0.258706 0.260475 0.261542 0.261898 0.261542 0.260475 0.258706 0.256247 0.253115 0.249331 0.244923 0.23992 0.234358 0.228274 0.221711 0.214713 0.207327 0.199602 0.19159 0.183341 0.17491 0.166348 0.157708 0.149041 0.140396 0.131822 0.123362 0.11506 0.106954 0.0990803 0.0914702 0.0841517 0.0771483 0.0704798 0.0641617 0.0582058 0.0526198 0.0474081 0.0425719 0.0381091 0.0340154 0.0302842 0.026907 0.0238744 0.0211755 0.0187994 0.0167349 0.0149711 0.0134979 0.0123062 0.0113879 0.0107367 0.0103479 
0.0112993 0.0114413 0.0118684 0.0125835 0.0135918 0.0149002 0.0165169 0.0184519 0.0207158 0.0233204 0.0262772 0.029598 0.0332939 0.037375 0.0418498 0.046725 0.0520048 0.0576906 0.0637807 0.0702696 0.0771483 0.0844034 0.0920174 0.0999684 0.10823 0.116772 0.125559 0.134553 0.143711 0.152988 0.162333 0.171697 0.181024 0.190262 0.199352 0.20824 0.216869 0.225184 0.233129 0.240654 0.247707 0.254243 0.260215 0.265585 0.270316 0.274374 0.277734 0.280371 0.282268 0.283411 0.283793 0.283411 0.282268 0.280371 0.277734 0.274374 0.270316 0.265585 0.260215 0.254243 0.247707 0.240654 0.233129 0.225184 0.216869 0.20824 0.199352 0.190262 0.181024 0.171697 0.162333 0.152988 0.143711 0.134553 0.125559 0.116772 0.10823 0.0999684 0.0920174 0.0844034 0.0771483 0.0702696 0.0637807 0.0576906 0.0520048 0.046725 0.0418498 0.037375 0.0332939 0.029598 0.0262772 0.0233204 0.0207158 0.0184519 0.0165169 0.0149002 0.0135918 0.0125835 0.0118684 0.0114413 
0.0124488 0.0126043 0.0130717 0.0138543 0.0149576 0.0163887 0.0181567 0.020272 0.0227459 0.0255907 0.0288187 0.0324423 0.0364729 0.0409209 0.0457952 0.0511022 0.056846 0.0630274 0.0696438 0.0766888 0.0841517 0.0920174 0.100266 0.108874 0.117812 0.127047 0.13654 0.146249 0.156128 0.166128 0.176196 0.186276 0.196311 0.206242 0.216009 0.225552 0.234812 0.243729 0.252246 0.260308 0.267862 0.274857 0.281247 0.286991 0.292048 0.296387 0.299977 0.302794 0.304821 0.306042 0.30645 0.306042 0.304821 0.302794 0.299977 0.296387 0.292048 0.286991 0.281247 0.274857 0.267862 0.260308 0.252246 0.243729 0.234812 0.225552 0.216009 0.206242 0.196311 0.186276 0.176196 0.166128 0.156128 0.146249 0.13654 0.127047 0.117812 0.108874 0.100266 0.0920174 0.0841517 0.0766888 0.0696438 0.0630274 0.056846 0.0511022 0.0457952 0.0409209 0.0364729 0.0324423 0.0288187 0.0255907 0.0227459 0.020272 0.0181567 0.0163887 0.0149576 0.0138543 0.0130717 0.0126043 
0.0136654 0.013835 0.0143447 0.0151982 0.0164011 0.017961 0.0198876 0.0221918 0.0248857 0.027982 0.0314937 0.0354337 0.0398138 0.0446449 0.0499357 0.0556927 0.0619195 0.0686163 0.0757796 0.0834016 0.0914702 0.0999684 0.108874 0.118161 0.127797 0.137746 0.147965 0.15841 0.169031 0.179773 0.190581 0.201395 0.212152 0.222792 0.233249 0.243461 0.253363 0.262893 0.27199 0.280597 0.288657 0.296118 0.302931 0.309052 0.31444 0.319061 0.322884 0.325883 0.32804 0.32934 0.329774 0.32934 0.32804 0.325883 0.322884 0.319061 0.31444 0.309052 0.302931 0.296118 0.288657 0.280597 0.27199 0.262893 0.253363 0.243461 0.233249 0.222792 0.212152 0.201395 0.190581 0.179773 0.169031 0.15841 0.147965 0.137746 0.127797 0.118161 0.108874 0.0999684 0.0914702 0.0834016 0.0757796 0.0686163 0.0619195 0.0556927 0.0499357 0.0446449 0.0398138 0.0354337 0.0314937 0.027982 0.0248857 0.0221918 0.0198876 0.017961 0.0164011 0.0151982 0.0143447 0.013835 
0.0149466 0.0151309 0.0156849 0.0166123 0.0179191 0.0196136 0.0217056 0.0242068 0.0271298 0.030488 0.0342951 0.0385642 0.0433077 0.0485365 0.0542596 0.060483 0.0672101 0.0744403 0.0821689 0.0903868 0.0990803 0.10823 0.117812 0.127797 0.13815 0.148831 0.159795 0.170993 0.182371 0.193872 0.205434 0.216994 0.228488 0.239847 0.251004 0.261892 0.272444 0.282594 0.292277 0.301433 0.310004 0.317933 0.325172 0.331672 0.337393 0.342297 0.346353 0.349535 0.351823 0.353201 0.353662 0.353201 0.351823 0.349535 0.346353 0.342297 0.337393 0.331672 0.325172 0.317933 0.310004 0.301433 0.292277 0.282594 0.272444 0.261892 0.251004 0.239847 0.228488 0.216994 0.205434 0.193872 0.182371 0.170993 0.159795 0.148831 0.13815 0.127797 0.117812 0.10823 0.0990803 0.0903868 0.0821689 0.0744403 0.0672101 0.060483 0.0542596 0.0485365 0.0433077 0.0385642 0.0342951 0.030488 0.0271298 0.0242068 0.0217056 0.0196136 0.0179191 0.0166123 0.0156849 0.0151309 
0.0162889 0.0164885 0.0170884 0.0180927 0.0195076 0.0213416 0.0236054 0.0263109 0.0294716 0.0331013 0.0372142 0.0418239 0.0469432 0.052583 0.0587523 0.065457 0.0726996 0.0804789 0.0887889 0.0976193 0.106954 0.116772 0.127047 0.137746 0.148831 0.16026 0.171983 0.183947 0.196095 0.208365 0.220693 0.23301 0.245247 0.257333 0.269197 0.280767 0.291972 0.302745 0.313017 0.322724 0.331806 0.340205 0.347868 0.354748 0.3608 0.365987 0.370276 0.37364 0.376058 0.377515 0.378001 0.377515 0.376058 0.37364 0.370276 0.365987 0.3608 0.354748 0.347868 0.340205 0.331806 0.322724 0.313017 0.302745 0.291972 0.280767 0.269197 0.257333 0.245247 0.23301 0.220693 0.208365 0.196095 0.183947 0.171983 0.16026 0.148831 0.137746 0.127047 0.116772 0.106954 0.0976193 0.0887889 0.0804789 0.0726996 0.065457 0.0587523 0.052583 0.0469432 0.0418239 0.0372142 0.0331013 0.0294716 0.0263109 0.0236054 0.0213416 0.0195076 0.0180927 0.0170884 0.0164885 
0.0176881 0.0179034 0.0185509 0.0196346 0.0211611 0.0231394 0.0255805 0.028497 0.0319029 0.0358125 0.0402405 0.045201 0.0507069 0.0567694 0.0633971 0.0705956 0.0783669 0.0867086 0.0956138 0.10507 0.11506 0.125559 0.13654 0.147965 0.159795 0.171983 0.184475 0.197216 0.210143 0.223191 0.23629 0.249369 0.262354 0.275171 0.287743 0.299997 0.311857 0.323252 0.334111 0.344368 0.35396 0.362826 0.370912 0.378168 0.384549 0.390016 0.394535 0.39808 0.400627 0.402161 0.402674 0.402161 0.400627 0.39808 0.394535 0.390016 0.384549 0.378168 0.370912 0.362826 0.35396 0.344368 0.334111 0.323252 0.311857 0.299997 0.287743 0.275171 0.262354 0.249369 0.23629 0.223191 0.210143 0.197216 0.184475 0.171983 0.159795 0.147965 0.13654 0.125559 0.11506 0.10507 0.0956138 0.0867086 0.0783669 0.0705956 0.0633971 0.0567694 0.0507069 0.045201 0.0402405 0.0358125 0.0319029 0.028497 0.0255805 0.0231394 0.0211611 0.0196346 0.0185509 0.0179034 
0.0191388 0.0193705 0.0200668 0.0212322 0.0228735 0.025 0.0276233 0.0307565 0.034414 0.0386108 0.0433619 0.0486817 0.0545834 0.0610782 0.0681744 0.0758772 0.0841879 0.0931029 0.102614 0.112707 0.123362 0.134553 0.146249 0.15841 0.170993 0.183947 0.197216 0.210739 0.224449 0.238278 0.252152 0.265995 0.279729 0.293275 0.306555 0.31949 0.332001 0.344015 0.355457 0.366259 0.376355 0.385683 0.394187 0.401814 0.40852 0.414263 0.41901 0.422731 0.425406 0.427016 0.427554 0.427016 0.425406 0.422731 0.41901 0.414263 0.40852 0.401814 0.394187 0.385683 0.376355 0.366259 0.355457 0.344015 0.332001 0.31949 0.306555 0.293275 0.279729 0.265995 0.252152 0.238278 0.224449 0.210739 0.197216 0.183947 0.170993 0.15841 0.146249 0.134553 0.123362 0.112707 0.102614 0.0931029 0.0841879 0.0758772 0.0681744 0.0610782 0.0545834 0.0486817 0.0433619 0.0386108 0.034414 0.0307565 0.0276233 0.025 0.0228735 0.0212322 0.0200668 0.0193705 
0.0206351 0.0208834 0.0216297 0.0228787 0.0246373 0.0269155 0.029725 0.0330796 0.0369941 0.0414839 0.0465645 0.0522505 0.0585553 0.06549 0.0730626 0.0812777 0.0901357 0.099632 0.109757 0.120494 0.131822 0.143711 0.156128 0.169031 0.182371 0.196095 0.210143 0.224449 0.238944 0.253554 0.2682 0.282804 0.297284 0.311556 0.325538 0.339147 0.352304 0.364929 0.376947 0.388286 0.398878 0.40866 0.417574 0.425566 0.43259 0.438604 0.443573 0.447468 0.450267 0.451952 0.452515 0.451952 0.450267 0.447468 0.443573 0.438604 0.43259 0.425566 0.417574 0.40866 0.398878 0.388286 0.376947 0.364929 0.352304 0.339147 0.325538 0.311556 0.297284 0.282804 0.2682 0.253554 0.238944 0.224449 0.210143 0.196095 0.182371 0.169031 0.156128 0.143711 0.131822 0.120494 0.109757 0.099632 0.0901357 0.0812777 0.0730626 0.06549 0.0585553 0.0522505 0.0465645 0.0414839 0.0369941 0.0330796 0.029725 0.0269155 0.0246373 0.0228787 0.0216297 0.0208834 
0.0221698 0.022435 0.0232323 0.0245663 0.0264443 0.0288767 0.0318755 0.0354551 0.0396306 0.0444179 0.0498328 0.0558901 0.0626033 0.0699832 0.0780376 0.0867705 0.0961812 0.106264 0.117007 0.128392 0.140396 0.152988 0.166128 0.179773 0.193872 0.208365 0.223191 0.238278 0.253554 0.268939 0.284354 0.299712 0.314929 0.329918 0.344593 0.358867 0.372658 0.385884 0.398467 0.410333 0.421411 0.431637 0.440951 0.449299 0.456633 0.462911 0.468096 0.47216 0.475079 0.476837 0.477424 0.476837 0.475079 0.47216 0.468096 0.462911 0.456633 0.449299 0.440951 0.431637 0.421411 0.410333 0.398467 0.385884 0.372658 0.358867 0.344593 0.329918 0.314929 0.299712 0.284354 0.268939 0.253554 0.238278 0.223191 0.208365 0.193872 0.179773 0.166128 0.152988 0.140396 0.128392 0.117007 0.106264 0.0961812 0.0867705 0.0780376 0.0699832 0.0626033 0.0558901 0.0498328 0.0444179 0.0396306 0.0354551 0.0318755 0.0288767 0.0264443 0.0245663 0.0232323 0.022435 
0.0237351 0.0240175 0.0248663 0.0262863 0.0282853 0.0308735 0.0340639 0.0378708 0.04231 0.0473976 0.0531498 0.0595816 0.0667062 0.0745345 0.0830736 0.0923268 0.102292 0.112963 0.124326 0.136361 0.149041 0.162333 0.176196 0.190581 0.205434 0.220693 0.23629 0.252152 0.2682 0.284354 0.300525 0.316627 0.332571 0.348264 0.363619 0.378546 0.392957 0.406771 0.419904 0.432283 0.443834 0.454492 0.464194 0.472887 0.480521 0.487054 0.492448 0.496675 0.499711 0.501539 0.502149 0.501539 0.499711 0.496675 0.492448 0.487054 0.480521 0.472887 0.464194 0.454492 0.443834 0.432283 0.419904 0.406771 0.392957 0.378546 0.363619 0.348264 0.332571 0.316627 0.300525 0.284354 0.2682 0.252152 0.23629 0.220693 0.205434 0.190581 0.176196 0.162333 0.149041 0.136361 0.124326 0.112963 0.102292 0.0923268 0.0830736 0.0745345 0.0667062 0.0595816 0.0531498 0.0473976 0.04231 0.0378708 0.0340639 0.0308735 0.0282853 0.0262863 0.0248663 0.0240175 
0.0253224 0.0256221 0.0265228 0.0280294 0.0301499 0.032895 0.0362779 0.0403133 0.0450174 0.0504066 0.0564972 0.0633045 0.0708414 0.0791186 0.0881426 0.097916 0.108436 0.119694 0.131674 0.144355 0.157708 0.171697 0.186276 0.201395 0.216994 0.23301 0.249369 0.265995 0.282804 0.299712 0.316627 0.333459 0.350113 0.366495 0.382514 0.398075 0.413091 0.427475 0.441143 0.454018 0.466027 0.477101 0.487179 0.496204 0.504127 0.510904 0.5165 0.520883 0.52403 0.525926 0.526559 0.525926 0.52403 0.520883 0.5165 0.510904 0.504127 0.496204 0.487179 0.477101 0.466027 0.454018 0.441143 0.427475 0.413091 0.398075 0.382514 0.366495 0.350113 0.333459 0.316627 0.299712 0.282804 0.265995 0.249369 0.23301 0.216994 0.201395 0.186276 0.171697 0.157708 0.144355 0.131674 0.119694 0.108436 0.097916 0.0881426 0.0791186 0.0708414 0.0633045 0.0564972 0.0504066 0.0450174 0.0403133 0.0362779 0.032895 0.0301499 0.0280294 0.0265228 0.0256221 
0.0269223 0.0272392 0.0281918 0.0297851 0.0320272 0.0349292 0.0385045 0.0427683 0.0477369 0.0534272 0.0598555 0.067037 0.0749848 0.0837089 0.0932153 0.103506 0.114576 0.126416 0.139009 0.15233 0.166348 0.181024 0.196311 0.212152 0.228488 0.245247 0.262354 0.279729 0.297284 0.314929 0.332571 0.350113 0.367458 0.384511 0.401172 0.417349 0.432949 0.447884 0.462067 0.475421 0.487869 0.499343 0.50978 0.519123 0.527323 0.534334 0.540121 0.544654 0.547908 0.549867 0.550522 0.549867 0.547908 0.544654 0.540121 0.534334 0.527323 0.519123 0.50978 0.499343 0.487869 0.475421 0.462067 0.447884 0.432949 0.417349 0.401172 0.384511 0.367458 0.350113 0.332571 0.314929 0.297284 0.279729 0.262354 0.245247 0.228488 0.212152 0.196311 0.181024 0.166348 0.15233 0.139009 0.126416 0.114576 0.103506 0.0932153 0.0837089 0.0749848 0.067037 0.0598555 0.0534272 0.0477369 0.0427683 0.0385045 0.0349292 0.0320272 0.0297851 0.0281918 0.0272392 
0.0285247 0.0288589 0.0298631 0.0315425 0.0339055 0.0369635 0.04073 0.0452206 0.0504519 0.0564409 0.063204 0.0707565 0.0791111 0.0882775 0.098261 0.109062 0.120676 0.13309 0.146286 0.160238 0.17491 0.190262 0.206242 0.222792 0.239847 0.257333 0.275171 0.293275 0.311556 0.329918 0.348264 0.366495 0.384511 0.402209 0.419492 0.436261 0.452423 0.467886 0.482563 0.496374 0.509242 0.521098 0.531877 0.541523 0.549985 0.557219 0.563188 0.567862 0.571217 0.573237 0.573911 0.573237 0.571217 0.567862 0.563188 0.557219 0.549985 0.541523 0.531877 0.521098 0.509242 0.496374 0.482563 0.467886 0.452423 0.436261 0.419492 0.402209 0.384511 0.366495 0.348264 0.329918 0.311556 0.293275 0.275171 0.257333 0.239847 0.222792 0.206242 0.190262 0.17491 0.160238 0.146286 0.13309 0.120676 0.109062 0.098261 0.0882775 0.0791111 0.0707565 0.063204 0.0564409 0.0504519 0.0452206 0.04073 0.0369635 0.0339055 0.0315425 0.0298631 0.0288589 
0.0301191 0.0304703 0.0315255 0.0332901 0.0357726 0.0389845 0.0429398 0.0476543 0.0531447 0.0594282 0.0665214 0.0744392 0.0831942 0.0927956 0.103248 0.114551 0.126698 0.139675 0.153462 0.168029 0.183341 0.199352 0.216009 0.233249 0.251004 0.269197 0.287743 0.306555 0.325538 0.344593 0.363619 0.382514 0.401172 0.419492 0.43737 0.454706 0.471405 0.487371 0.502519 0.516765 0.530032 0.542249 0.553352 0.563284 0.571994 0.579437 0.585578 0.590385 0.593835 0.595912 0.596606 0.595912 0.593835 0.590385 0.585578 0.579437 0.571994 0.563284 0.553352 0.542249 0.530032 0.516765 0.502519 0.487371 0.471405 0.454706 0.43737 0.419492 0.401172 0.382514 0.363619 0.344593 0.325538 0.306555 0.287743 0.269197 0.251004 0.233249 0.216009 0.199352 0.183341 0.168029 0.153462 0.139675 0.126698 0.114551 0.103248 0.0927956 0.0831942 0.0744392 0.0665214 0.0594282 0.0531447 0.0476543 0.0429398 0.0389845 0.0357726 0.0332901 0.0315255 0.0304703 
0.0316945 0.0320623 0.0331676 0.0350157 0.0376155 0.0409785 0.045119 0.0500529 0.0557972 0.0623692 0.0697855 0.0780608 0.0872073 0.0972337 0.108144 0.119936 0.132602 0.146128 0.16049 0.175657 0.19159 0.20824 0.225552 0.243461 0.261892 0.280767 0.299997 0.31949 0.339147 0.358867 0.378546 0.398075 0.417349 0.436261 0.454706 0.472582 0.48979 0.506234 0.521827 0.536484 0.550126 0.562684 0.574092 0.584292 0.593234 0.600874 0.607175 0.612107 0.615646 0.617776 0.618487 0.617776 0.615646 0.612107 0.607175 0.600874 0.593234 0.584292 0.574092 0.562684 0.550126 0.536484 0.521827 0.506234 0.48979 0.472582 0.454706 0.436261 0.417349 0.398075 0.378546 0.358867 0.339147 0.31949 0.299997 0.280767 0.261892 0.243461 0.225552 0.20824 0.19159 0.175657 0.16049 0.146128 0.132602 0.119936 0.108144 0.0972337 0.0872073 0.0780608 0.0697855 0.0623692 0.0557972 0.0500529 0.045119 0.0409785 0.0376155 0.0350157 0.0331676 0.0320623 
0.0332394 0.0336235 0.0347776 0.0367072 0.0394211 0.0429313 0.0472521 0.0523997 0.0583911 0.0652437 0.0729739 0.0815965 0.0911232 0.101562 0.112916 0.125182 0.138352 0.152407 0.167325 0.18307 0.199602 0.216869 0.234812 0.253363 0.272444 0.291972 0.311857 0.332001 0.352304 0.372658 0.392957 0.413091 0.432949 0.452423 0.471405 0.48979 0.507477 0.524372 0.540383 0.555425 0.56942 0.582296 0.593988 0.604439 0.613597 0.62142 0.627869 0.632916 0.636538 0.638717 0.639445 0.638717 0.636538 0.632916 0.627869 0.62142 0.613597 0.604439 0.593988 0.582296 0.56942 0.555425 0.540383 0.524372 0.507477 0.48979 0.471405 0.452423 0.432949 0.413091 0.392957 0.372658 0.352304 0.332001 0.311857 0.291972 0.272444 0.253363 0.234812 0.216869 0.199602 0.18307 0.167325 0.152407 0.138352 0.125182 0.112916 0.101562 0.0911232 0.0815965 0.0729739 0.0652437 0.0583911 0.0523997 0.0472521 0.0429313 0.0394211 0.0367072 0.0347776 0.0336235 
0.0347424 0.0351422 0.0363435 0.0383518 0.0411762 0.0448287 0.0493237 0.0546776 0.0609076 0.068031 0.0760642 0.0850216 0.0949146 0.10575 0.117531 0.130254 0.143906 0.158471 0.173921 0.190221 0.207327 0.225184 0.243729 0.262893 0.282594 0.302745 0.323252 0.344015 0.364929 0.385884 0.406771 0.427475 0.447884 0.467886 0.487371 0.506234 0.524372 0.541687 0.558088 0.573489 0.587812 0.600983 0.612939 0.623622 0.63298 0.640971 0.647558 0.652712 0.656409 0.658634 0.659376 0.658634 0.656409 0.652712 0.647558 0.640971 0.63298 0.623622 0.612939 0.600983 0.587812 0.573489 0.558088 0.541687 0.524372 0.506234 0.487371 0.467886 0.447884 0.427475 0.406771 0.385884 0.364929 0.344015 0.323252 0.302745 0.282594 0.262893 0.243729 0.225184 0.207327 0.190221 0.173921 0.158471 0.143906 0.130254 0.117531 0.10575 0.0949146 0.0850216 0.0760642 0.068031 0.0609076 0.0546776 0.0493237 0.0448287 0.0411762 0.0383518 0.0363435 0.0351422 
0.0361918 0.0366067 0.0378533 0.0399371 0.0428674 0.0466562 0.0513182 0.0568698 0.0633283 0.0707109 0.0790339 0.0883115 0.0985545 0.10977 0.121958 0.135115 0.149229 0.164279 0.180236 0.197063 0.214713 0.233129 0.252246 0.27199 0.292277 0.313017 0.334111 0.355457 0.376947 0.398467 0.419904 0.441143 0.462067 0.482563 0.502519 0.521827 0.540383 0.558088 0.57485 0.590584 0.605208 0.618652 0.630851 0.641746 0.651288 0.659433 0.666146 0.671397 0.675163 0.677429 0.678186 0.677429 0.675163 0.671397 0.666146 0.659433 0.651288 0.641746 0.630851 0.618652 0.605208 0.590584 0.57485 0.558088 0.540383 0.521827 0.502519 0.482563 0.462067 0.441143 0.419904 0.398467 0.376947 0.355457 0.334111 0.313017 0.292277 0.27199 0.252246 0.233129 0.214713 0.197063 0.180236 0.164279 0.149229 0.135115 0.121958 0.10977 0.0985545 0.0883115 0.0790339 0.0707109 0.0633283 0.0568698 0.0513182 0.0466562 0.0428674 0.0399371 0.0378533 0.0366067 
0.0375762 0.0380054 0.039295 0.0414506 0.0444814 0.0483997 0.0532202 0.0589595 0.0656347 0.0732632 0.0818609 0.0914419 0.102016 0.113591 0.126165 0.139733 0.154282 0.169789 0.186225 0.203548 0.221711 0.240654 0.260308 0.280597 0.301433 0.322724 0.344368 0.366259 0.388286 0.410333 0.432283 0.454018 0.475421 0.496374 0.516765 0.536484 0.555425 0.573489 0.590584 0.606621 0.621523 0.635215 0.647635 0.658724 0.668433 0.676718 0.683545 0.688884 0.692714 0.695017 0.695786 0.695017 0.692714 0.688884 0.683545 0.676718 0.668433 0.658724 0.647635 0.635215 0.621523 0.606621 0.590584 0.573489 0.555425 0.536484 0.516765 0.496374 0.475421 0.454018 0.432283 0.410333 0.388286 0.366259 0.344368 0.322724 0.301433 0.280597 0.260308 0.240654 0.221711 0.203548 0.186225 0.169789 0.154282 0.139733 0.126165 0.113591 0.102016 0.0914419 0.0818609 0.0732632 0.0656347 0.0589595 0.0532202 0.0483997 0.0444814 0.0414506 0.039295 0.0380054 
0.0388843 0.0393269 0.0406569 0.04288 0.0460053 0.0500454 0.0550149 0.0609303 0.0678091 0.0756683 0.0845239 0.0943894 0.105275 0.117185 0.13012 0.144073 0.159029 0.174964 0.191846 0.209634 0.228274 0.247707 0.267862 0.288657 0.310004 0.331806 0.35396 0.376355 0.398878 0.421411 0.443834 0.466027 0.487869 0.509242 0.530032 0.550126 0.56942 0.587812 0.605208 0.621523 0.636675 0.650593 0.663213 0.674477 0.684336 0.692748 0.699677 0.705096 0.708981 0.711319 0.712099 0.711319 0.708981 0.705096 0.699677 0.692748 0.684336 0.674477 0.663213 0.650593 0.636675 0.621523 0.605208 0.587812 0.56942 0.550126 0.530032 0.509242 0.487869 0.466027 0.443834 0.421411 0.398878 0.376355 0.35396 0.331806 0.310004 0.288657 0.267862 0.247707 0.228274 0.209634 0.191846 0.174964 0.159029 0.144073 0.13012 0.117185 0.105275 0.0943894 0.0845239 0.0756683 0.0678091 0.0609303 0.0550149 0.0500454 0.0460053 0.04288 0.0406569 0.0393269 
