0.000539374 0.000549467 0.000579923 0.000631275 0.000704401 0.000800518 0.000921162 0.00106817 0.00124366 0.00144999 0.00168972 0.00196559 0.00228045 0.00263721 0.00303877 0.003488 0.0039876 0.00454009 0.00514766 0.00581219 0.00653506 0.00731717 0.00815879 0.00905954 0.0100183 0.0110332 0.0121015 0.0132196 0.0143832 0.0155868 0.0168243 0.0180888 0.0193725 0.020667 0.0219631 0.0232514 0.0245218 0.0257641 0.0269678 0.0281224 0.0292177 0.0302436 0.0311906 0.0320495 0.0328121 0.0334708 0.0340191 0.0344514 0.0347634 0.0349519 0.035015 0.0349519 0.0347634 0.0344514 0.0340191 0.0334708 0.0328121 0.0320495 0.0311906 0.0302436 0.0292177 0.0281224 0.0269678 0.0257641 0.0245218 0.0232514 0.0219631 0.020667 0.0193725 0.0180888 0.0168243 0.0155868 0.0143832 0.0132196 0.0121015 0.0110332 0.0100183 0.00905954 0.00815879 0.00731717 0.00653506 0.00581219 0.00514766 0.00454009 0.0039876 0.003488 0.00303877 0.00263721 0.00228045 0.00196559 0.00168972 0.00144999 0.00124366 0.00106817 0.000921162 0.000800518 0.000704401 0.000631275 0.000579923 0.000549467 
0.000549467 0.000559735 0.000590718 0.000642956 0.000717341 0.000815105 0.000937808 0.00108731 0.00126576 0.00147555 0.00171927 0.0019997 0.00231972 0.00268227 0.00309031 0.00354672 0.00405424 0.00461539 0.00523243 0.00590721 0.00664114 0.0074351 0.00828936 0.00920353 0.0101764 0.0112062 0.01229 0.0134242 0.0146043 0.0158249 0.0170798 0.0183619 0.0196633 0.0209755 0.0222893 0.023595 0.0248825 0.0261413 0.0273609 0.0285308 0.0296404 0.0306798 0.031639 0.0325091 0.0332815 0.0339487 0.034504 0.0349418 0.0352578 0.0354487 0.0355126 0.0354487 0.0352578 0.0349418 0.034504 0.0339487 0.0332815 0.0325091 0.031639 0.0306798 0.0296404 0.0285308 0.0273609 0.0261413 0.0248825 0.023595 0.0222893 0.0209755 0.0196633 0.0183619 0.0170798 0.0158249 0.0146043 0.0134242 0.01229 0.0112062 0.0101764 0.00920353 0.00828936 0.0074351 0.00664114 0.00590721 0.00523243 0.00461539 0.00405424 0.00354672 0.00309031 0.00268227 0.00231972 0.0019997 0.00171927 0.00147555 0.00126576 0.00108731 0.000937808 0.000815105 0.000717341 0.000642956 0.000590718 0.000559735 
0.000579923 0.000590718 0.000623289 0.000678199 0.000756378 0.00085911 0.000988018 0.00114504 0.00133241 0.00155262 0.00180836 0.00210252 0.00243807 0.0028181 0.00324563 0.00372366 0.00425501 0.0048423 0.00548781 0.00619345 0.00696065 0.00779029 0.0086826 0.00963711 0.0106526 0.011727 0.0128574 0.01404 0.0152699 0.0165417 0.0178488 0.0191838 0.0205385 0.021904 0.0232708 0.0246288 0.0259675 0.027276 0.0285436 0.0297592 0.030912 0.0319915 0.0329877 0.0338911 0.0346931 0.0353857 0.0359621 0.0364166 0.0367445 0.0369427 0.0370089 0.0369427 0.0367445 0.0364166 0.0359621 0.0353857 0.0346931 0.0338911 0.0329877 0.0319915 0.030912 0.0297592 0.0285436 0.027276 0.0259675 0.0246288 0.0232708 0.021904 0.0205385 0.0191838 0.0178488 0.0165417 0.0152699 0.01404 0.0128574 0.011727 0.0106526 0.00963711 0.0086826 0.00779029 0.00696065 0.00619345 0.00548781 0.0048423 0.00425501 0.00372366 0.00324563 0.0028181 0.00243807 0.00210252 0.00180836 0.00155262 0.00133241 0.00114504 0.000988018 0.00085911 0.000756378 0.000678199 0.000623289 0.000590718 
0.000631275 0.000642956 0.000678199 0.000737606 0.000822167 0.000933255 0.0010726 0.00124227 0.00144465 0.00168237 0.00195832 0.00227554 0.00263722 0.00304658 0.00350686 0.0040212 0.00459258 0.00522372 0.00591701 0.00667444 0.00749746 0.00838692 0.00934302 0.0103652 0.011452 0.0126012 0.0138097 0.0150732 0.0163868 0.0177442 0.0191387 0.0205621 0.022006 0.0234607 0.0249161 0.0263615 0.0277859 0.0291776 0.0305253 0.0318173 0.0330422 0.0341889 0.0352468 0.036206 0.0370573 0.0377923 0.038404 0.0388862 0.0392341 0.0394443 0.0395146 0.0394443 0.0392341 0.0388862 0.038404 0.0377923 0.0370573 0.036206 0.0352468 0.0341889 0.0330422 0.0318173 0.0305253 0.0291776 0.0277859 0.0263615 0.0249161 0.0234607 0.022006 0.0205621 0.0191387 0.0177442 0.0163868 0.0150732 0.0138097 0.0126012 0.011452 0.0103652 0.00934302 0.00838692 0.00749746 0.00667444 0.00591701 0.00522372 0.00459258 0.0040212 0.00350686 0.00304658 0.00263722 0.00227554 0.00195832 0.00168237 0.00144465 0.00124227 0.0010726 0.000933255 0.000822167 0.000737606 0.000678199 0.000642956 
0.000704401 0.000717341 0.000756378 0.000822167 0.000915789 0.00103874 0.00119289 0.00138051 0.00160416 0.00186673 0.00217132 0.00252124 0.00291992 0.00337086 0.00387751 0.00444325 0.00507126 0.00576444 0.00652532 0.00735596 0.00825786 0.00923186 0.0102781 0.0113957 0.0125832 0.0138381 0.0151566 0.0165344 0.0179656 0.0194438 0.0209613 0.0225094 0.0240788 0.025659 0.0272391 0.0288076 0.0303524 0.0318612 0.0333215 0.0347208 0.036047 0.0372881 0.0384327 0.0394702 0.0403907 0.0411854 0.0418466 0.0423678 0.0427438 0.0429709 0.0430468 0.0429709 0.0427438 0.0423678 0.0418466 0.0411854 0.0403907 0.0394702 0.0384327 0.0372881 0.036047 0.0347208 0.0333215 0.0318612 0.0303524 0.0288076 0.0272391 0.025659 0.0240788 0.0225094 0.0209613 0.0194438 0.0179656 0.0165344 0.0151566 0.0138381 0.0125832 0.0113957 0.0102781 0.00923186 0.00825786 0.00735596 0.00652532 0.00576444 0.00507126 0.00444325 0.00387751 0.00337086 0.00291992 0.00252124 0.00217132 0.00186673 0.00160416 0.00138051 0.00119289 0.00103874 0.000915789 0.000822167 0.000756378 0.000717341 
0.000800518 0.000815105 0.00085911 0.000933255 0.00103874 0.0011772 0.00135074 0.00156182 0.00181331 0.00210835 0.00245037 0.00284301 0.00329002 0.00379521 0.00436237 0.00499515 0.005697 0.00647104 0.00731996 0.00824594 0.00925051 0.0103345 0.0114978 0.0127396 0.014058 0.01545 0.0169115 0.0184374 0.0200214 0.0216561 0.023333 0.0250427 0.0267745 0.0285173 0.0302588 0.0319865 0.033687 0.035347 0.0369529 0.038491 0.039948 0.041311 0.0425676 0.0437061 0.0447161 0.0455877 0.0463127 0.0468841 0.0472963 0.0475453 0.0476285 0.0475453 0.0472963 0.0468841 0.0463127 0.0455877 0.0447161 0.0437061 0.0425676 0.041311 0.039948 0.038491 0.0369529 0.035347 0.033687 0.0319865 0.0302588 0.0285173 0.0267745 0.0250427 0.023333 0.0216561 0.0200214 0.0184374 0.0169115 0.01545 0.014058 0.0127396 0.0114978 0.0103345 0.00925051 0.00824594 0.00731996 0.00647104 0.005697 0.00499515 0.00436237 0.00379521 0.00329002 0.00284301 0.00245037 0.00210835 0.00181331 0.00156182 0.00135074 0.0011772 0.00103874 0.000933255 0.00085911 0.000815105 
0.000921162 0.000937808 0.000988018 0.0010726 0.00119289 0.00135074 0.00154846 0.00178884 0.00207503 0.00241057 0.00279926 0.00324511 0.0037523 0.00432504 0.00496747 0.00568362 0.00647725 0.00735173 0.00830996 0.00935424 0.0104861 0.0117064 0.013015 0.0144105 0.0158908 0.0174524 0.0190906 0.0207996 0.0225723 0.0244002 0.0262739 0.0281827 0.0301149 0.0320579 0.0339982 0.0359218 0.0378141 0.0396602 0.041445 0.0431537 0.0447714 0.0462841 0.0476782 0.0489409 0.0500605 0.0510266 0.05183 0.052463 0.0529196 0.0531953 0.0532876 0.0531953 0.0529196 0.052463 0.05183 0.0510266 0.0500605 0.0489409 0.0476782 0.0462841 0.0447714 0.0431537 0.041445 0.0396602 0.0378141 0.0359218 0.0339982 0.0320579 0.0301149 0.0281827 0.0262739 0.0244002 0.0225723 0.0207996 0.0190906 0.0174524 0.0158908 0.0144105 0.013015 0.0117064 0.0104861 0.00935424 0.00830996 0.00735173 0.00647725 0.00568362 0.00496747 0.00432504 0.0037523 0.00324511 0.00279926 0.00241057 0.00207503 0.00178884 0.00154846 0.00135074 0.00119289 0.0010726 0.000988018 0.000937808 
0.00106817 0.00108731 0.00114504 0.00124227 0.00138051 0.00156182 0.00178884 0.00206466 0.00239286 0.00277737 0.00322245 0.0037326 0.00431246 0.0049667 0.00569993 0.00651658 0.00742077 0.00841618 0.00950594 0.0106925 0.0119774 0.0133614 0.0148442 0.0164241 0.0180985 0.0198634 0.0217132 0.0236413 0.0256396 0.0276985 0.0298072 0.0319538 0.034125 0.0363068 0.038484 0.040641 0.0427616 0.044829 0.0468268 0.0487382 0.0505471 0.0522378 0.0537951 0.0552052 0.056455 0.0575332 0.0584296 0.0591358 0.0596451 0.0599526 0.0600554 0.0599526 0.0596451 0.0591358 0.0584296 0.0575332 0.056455 0.0552052 0.0537951 0.0522378 0.0505471 0.0487382 0.0468268 0.044829 0.0427616 0.040641 0.038484 0.0363068 0.034125 0.0319538 0.0298072 0.0276985 0.0256396 0.0236413 0.0217132 0.0198634 0.0180985 0.0164241 0.0148442 0.0133614 0.0119774 0.0106925 0.00950594 0.00841618 0.00742077 0.00651658 0.00569993 0.0049667 0.00431246 0.0037326 0.00322245 0.00277737 0.00239286 0.00206466 0.00178884 0.00156182 0.00138051 0.00124227 0.00114504 0.00108731 
0.00124366 0.00126576 0.00133241 0.00144465 0.00160416 0.00181331 0.00207503 0.00239286 0.00277078 0.00321326 0.00372506 0.00431123 0.00497695 0.00572744 0.00656782 0.00750299 0.00853747 0.00967531 0.0109199 0.0122737 0.0137385 0.0153148 0.0170021 0.0187983 0.0207002 0.022703 0.0248005 0.0269849 0.0292468 0.0315754 0.0339585 0.0363824 0.0388323 0.0412922 0.0437453 0.0461739 0.0485598 0.0508847 0.0531298 0.0552767 0.0573074 0.0592044 0.0609511 0.062532 0.0639329 0.065141 0.0661451 0.066936 0.0675062 0.0678505 0.0679657 0.0678505 0.0675062 0.066936 0.0661451 0.065141 0.0639329 0.062532 0.0609511 0.0592044 0.0573074 0.0552767 0.0531298 0.0508847 0.0485598 0.0461739 0.0437453 0.0412922 0.0388323 0.0363824 0.0339585 0.0315754 0.0292468 0.0269849 0.0248005 0.022703 0.0207002 0.0187983 0.0170021 0.0153148 0.0137385 0.0122737 0.0109199 0.00967531 0.00853747 0.00750299 0.00656782 0.00572744 0.00497695 0.00431123 0.00372506 0.00321326 0.00277078 0.00239286 0.00207503 0.00181331 0.00160416 0.00144465 0.00133241 0.00126576 
0.00144999 0.00147555 0.00155262 0.00168237 0.00186673 0.00210835 0.00241057 0.00277737 0.00321326 0.00372325 0.00431272 0.00498733 0.00575288 0.0066152 0.00757998 0.00865265 0.0098382 0.011141 0.0125648 0.0141122 0.0157849 0.0175833 0.0195064 0.021552 0.0237161 0.0259929 0.0283753 0.0308543 0.033419 0.0360572 0.0387549 0.0414967 0.0442657 0.0470439 0.0498125 0.0525515 0.0552406 0.0578593 0.0603866 0.062802 0.0650855 0.0672176 0.06918 0.0709554 0.0725281 0.0738838 0.0750105 0.0758977 0.0765373 0.0769234 0.0770526 0.0769234 0.0765373 0.0758977 0.0750105 0.0738838 0.0725281 0.0709554 0.06918 0.0672176 0.0650855 0.062802 0.0603866 0.0578593 0.0552406 0.0525515 0.0498125 0.0470439 0.0442657 0.0414967 0.0387549 0.0360572 0.033419 0.0308543 0.0283753 0.0259929 0.0237161 0.021552 0.0195064 0.0175833 0.0157849 0.0141122 0.0125648 0.011141 0.0098382 0.00865265 0.00757998 0.0066152 0.00575288 0.00498733 0.00431272 0.00372325 0.00321326 0.00277737 0.00241057 0.00210835 0.00186673 0.00168237 0.00155262 0.00147555 
0.00168972 0.00171927 0.00180836 0.00195832 0.00217132 0.00245037 0.00279926 0.00322245 0.00372506 0.00431272 0.00499149 0.0057677 0.00664786 0.00763847 0.00874585 0.00997602 0.0113345 0.012826 0.0144545 0.0162228 0.0181326 0.0201841 0.022376 0.0247054 0.0271674 0.0297555 0.0324612 0.0352742 0.038182 0.0411707 0.0442243 0.0473252 0.0504546 0.0535921 0.0567164 0.0598052 0.0628358 0.0657849 0.0686296 0.0713468 0.0739143 0.0763104 0.0785148 0.0805083 0.0822735 0.0837949 0.0850588 0.0860539 0.0867712 0.0872042 0.087349 0.0872042 0.0867712 0.0860539 0.0850588 0.0837949 0.0822735 0.0805083 0.0785148 0.0763104 0.0739143 0.0713468 0.0686296 0.0657849 0.0628358 0.0598052 0.0567164 0.0535921 0.0504546 0.0473252 0.0442243 0.0411707 0.038182 0.0352742 0.0324612 0.0297555 0.0271674 0.0247054 0.022376 0.0201841 0.0181326 0.0162228 0.0144545 0.012826 0.0113345 0.00997602 0.00874585 0.00763847 0.00664786 0.0057677 0.00499149 0.00431272 0.00372506 0.00322245 0.00279926 0.00245037 0.00217132 0.00195832 0.00180836 0.00171927 
0.00196559 0.0019997 0.00210252 0.00227554 0.00252124 0.00284301 0.00324511 0.0037326 0.00431123 0.00498733 0.0057677 0.00665945 0.00766982 0.00880608 0.0100752 0.0114839 0.0130382 0.0147432 0.0166031 0.018621 0.0207984 0.0231353 0.0256299 0.0282785 0.0310756 0.0340133 0.0370819 0.0402693 0.0435615 0.0469424 0.0503939 0.0538962 0.0574279 0.0609661 0.0644868 0.0679651 0.0713755 0.0746923 0.0778895 0.0809419 0.0838244 0.0865133 0.0889859 0.0912211 0.0931997 0.0949044 0.0963203 0.0974348 0.098238 0.0987229 0.098885 0.0987229 0.098238 0.0974348 0.0963203 0.0949044 0.0931997 0.0912211 0.0889859 0.0865133 0.0838244 0.0809419 0.0778895 0.0746923 0.0713755 0.0679651 0.0644868 0.0609661 0.0574279 0.0538962 0.0503939 0.0469424 0.0435615 0.0402693 0.0370819 0.0340133 0.0310756 0.0282785 0.0256299 0.0231353 0.0207984 0.018621 0.0166031 0.0147432 0.0130382 0.0114839 0.0100752 0.00880608 0.00766982 0.00665945 0.0057677 0.00498733 0.00431123 0.0037326 0.00324511 0.00284301 0.00252124 0.00227554 0.00210252 0.0019997 
0.00228045 0.00231972 0.00243807 0.00263722 0.00291992 0.00329002 0.0037523 0.00431246 0.00497695 0.00575288 0.00664786 0.00766982 0.00882686 0.010127 0.0115781 0.0131873 0.0149613 0.0169057 0.0190249 0.0213221 0.0237987 0.0264544 0.0292867 0.0322913 0.0354615 0.0387882 0.0422601 0.0458634 0.049582 0.0533976 0.0572898 0.0612361 0.0652123 0.0691929 0.073151 0.0770586 0.0808874 0.0846087 0.0881937 0.0916143 0.0948429 0.0978531 0.10062 0.10312 0.105332 0.107238 0.10882 0.110065 0.110963 0.111504 0.111685 0.111504 0.110963 0.110065 0.10882 0.107238 0.105332 0.10312 0.10062 0.0978531 0.0948429 0.0916143 0.0881937 0.0846087 0.0808874 0.0770586 0.073151 0.0691929 0.0652123 0.0612361 0.0572898 0.0533976 0.049582 0.0458634 0.0422601 0.0387882 0.0354615 0.0322913 0.0292867 0.0264544 0.0237987 0.0213221 0.0190249 0.0169057 0.0149613 0.0131873 0.0115781 0.010127 0.00882686 0.00766982 0.00664786 0.00575288 0.00497695 0.00431246 0.0037523 0.00329002 0.00291992 0.00263722 0.00243807 0.00231972 
0.00263721 0.00268227 0.0028181 0.00304658 0.00337086 0.00379521 0.00432504 0.0049667 0.00572744 0.0066152 0.00763847 0.00880608 0.010127 0.0116102 0.0132641 0.0150969 0.0171155 0.0193262 0.0217337 0.024341 0.0271494 0.0301582 0.0333644 0.0367626 0.0403449 0.0441009 0.0480173 0.0520785 0.0562661 0.0605593 0.0649351 0.0693683 0.0738316 0.0782964 0.0827326 0.0871093 0.0913947 0.0955571 0.0995647 0.103386 0.106991 0.110351 0.113437 0.116225 0.118691 0.120815 0.122578 0.123964 0.124964 0.125567 0.125768 0.125567 0.124964 0.123964 0.122578 0.120815 0.118691 0.116225 0.113437 0.110351 0.106991 0.103386 0.0995647 0.0955571 0.0913947 0.0871093 0.0827326 0.0782964 0.0738316 0.0693683 0.0649351 0.0605593 0.0562661 0.0520785 0.0480173 0.0441009 0.0403449 0.0367626 0.0333644 0.0301582 0.0271494 0.024341 0.0217337 0.0193262 0.0171155 0.0150969 0.0132641 0.0116102 0.010127 0.00880608 0.00763847 0.0066152 0.00572744 0.0049667 0.00432504 0.00379521 0.00337086 0.00304658 0.0028181 0.00268227 
0.00303877 0.00309031 0.00324563 0.00350686 0.00387751 0.00436237 0.00496747 0.00569993 0.00656782 0.00757998 0.00874585 0.0100752 0.0115781 0.0132641 0.0151428 0.0172229 0.0195121 0.022017 0.0247423 0.0276914 0.0308652 0.0342624 0.0378793 0.0417094 0.0457436 0.0499695 0.0543722 0.0589337 0.0636331 0.0684472 0.0733497 0.0783124 0.0833051 0.0882955 0.0932504 0.0981352 0.102915 0.107554 0.112019 0.116273 0.120284 0.12402 0.127451 0.130549 0.133288 0.135646 0.137603 0.139142 0.140251 0.14092 0.141144 0.14092 0.140251 0.139142 0.137603 0.135646 0.133288 0.130549 0.127451 0.12402 0.120284 0.116273 0.112019 0.107554 0.102915 0.0981352 0.0932504 0.0882955 0.0833051 0.0783124 0.0733497 0.0684472 0.0636331 0.0589337 0.0543722 0.0499695 0.0457436 0.0417094 0.0378793 0.0342624 0.0308652 0.0276914 0.0247423 0.022017 0.0195121 0.0172229 0.0151428 0.0132641 0.0115781 0.0100752 0.00874585 0.00757998 0.00656782 0.00569993 0.00496747 0.00436237 0.00387751 0.00350686 0.00324563 0.00309031 
0.003488 0.00354672 0.00372366 0.0040212 0.00444325 0.00499515 0.00568362 0.00651658 0.00750299 0.00865265 0.00997602 0.0114839 0.0131873 0.0150969 0.0172229 0.0195749 0.0221613 0.0249888 0.0280626 0.0313858 0.0349591 0.0387806 0.0428457 0.0471466 0.0516725 0.0564095 0.0613403 0.0664445 0.0716987 0.0770764 0.0825484 0.0880831 0.0936467 0.0992036 0.104717 0.110148 0.115459 0.12061 0.125564 0.130282 0.134728 0.138867 0.142666 0.146095 0.149125 0.151733 0.153897 0.155598 0.156824 0.157563 0.157811 0.157563 0.156824 0.155598 0.153897 0.151733 0.149125 0.146095 0.142666 0.138867 0.134728 0.130282 0.125564 0.12061 0.115459 0.110148 0.104717 0.0992036 0.0936467 0.0880831 0.0825484 0.0770764 0.0716987 0.0664445 0.0613403 0.0564095 0.0516725 0.0471466 0.0428457 0.0387806 0.0349591 0.0313858 0.0280626 0.0249888 0.0221613 0.0195749 0.0172229 0.0150969 0.0131873 0.0114839 0.00997602 0.00865265 0.00750299 0.00651658 0.00568362 0.00499515 0.00444325 0.0040212 0.00372366 0.00354672 
0.0039876 0.00405424 0.00425501 0.00459258 0.00507126 0.005697 0.00647725 0.00742077 0.00853747 0.0098382 0.0113345 0.0130382 0.0149613 0.0171155 0.0195121 0.0221613 0.0250718 0.0282512 0.0317045 0.0354347 0.0394421 0.0437241 0.048275 0.0530856 0.0581435 0.0634325 0.0689331 0.0746222 0.0804733 0.0864569 0.0925404 0.0986885 0.104864 0.111027 0.117136 0.123151 0.129028 0.134725 0.140199 0.14541 0.150318 0.154885 0.159074 0.162854 0.166193 0.169066 0.171448 0.173322 0.174671 0.175485 0.175757 0.175485 0.174671 0.173322 0.171448 0.169066 0.166193 0.162854 0.159074 0.154885 0.150318 0.14541 0.140199 0.134725 0.129028 0.123151 0.117136 0.111027 0.104864 0.0986885 0.0925404 0.0864569 0.0804733 0.0746222 0.0689331 0.0634325 0.0581435 0.0530856 0.048275 0.0437241 0.0394421 0.0354347 0.0317045 0.0282512 0.0250718 0.0221613 0.0195121 0.0171155 0.0149613 0.0130382 0.0113345 0.0098382 0.00853747 0.00742077 0.00647725 0.005697 0.00507126 0.00459258 0.00425501 0.00405424 
0.00454009 0.00461539 0.0048423 0.00522372 0.00576444 0.00647104 0.00735173 0.00841618 0.00967531 0.011141 0.012826 0.0147432 0.0169057 0.0193262 0.022017 0.0249888 0.0282512 0.0318117 0.0356758 0.0398461 0.0443224 0.0491011 0.0541754 0.0595345 0.065164 0.0710456 0.077157 0.0834723 0.0899619 0.0965926 0.103328 0.11013 0.116956 0.123763 0.130506 0.137139 0.143615 0.149889 0.155914 0.161646 0.167041 0.172058 0.176659 0.180807 0.184471 0.187622 0.190234 0.192288 0.193767 0.194659 0.194957 0.194659 0.193767 0.192288 0.190234 0.187622 0.184471 0.180807 0.176659 0.172058 0.167041 0.161646 0.155914 0.149889 0.143615 0.137139 0.130506 0.123763 0.116956 0.11013 0.103328 0.0965926 0.0899619 0.0834723 0.077157 0.0710456 0.065164 0.0595345 0.0541754 0.0491011 0.0443224 0.0398461 0.0356758 0.0318117 0.0282512 0.0249888 0.022017 0.0193262 0.0169057 0.0147432 0.012826 0.011141 0.00967531 0.00841618 0.00735173 0.00647104 0.00576444 0.00522372 0.0048423 0.00461539 
0.00514766 0.00523243 0.00548781 0.00591701 0.00652532 0.00731996 0.00830996 0.00950594 0.0109199 0.0125648 0.0144545 0.0166031 0.0190249 0.0217337 0.0247423 0.0280626 0.0317045 0.0356758 0.039982 0.0446253 0.049605 0.0549164 0.0605512 0.0664969 0.0727371 0.0792509 0.0860131 0.0929947 0.100163 0.10748 0.114907 0.1224 0.129914 0.137401 0.144812 0.152096 0.159204 0.166084 0.172686 0.178964 0.184869 0.190357 0.195388 0.199922 0.203924 0.207365 0.210218 0.21246 0.214073 0.215047 0.215372 0.215047 0.214073 0.21246 0.210218 0.207365 0.203924 0.199922 0.195388 0.190357 0.184869 0.178964 0.172686 0.166084 0.159204 0.152096 0.144812 0.137401 0.129914 0.1224 0.114907 0.10748 0.100163 0.0929947 0.0860131 0.0792509 0.0727371 0.0664969 0.0605512 0.0549164 0.049605 0.0446253 0.039982 0.0356758 0.0317045 0.0280626 0.0247423 0.0217337 0.0190249 0.0166031 0.0144545 0.0125648 0.0109199 0.00950594 0.00830996 0.00731996 0.00652532 0.00591701 0.00548781 0.00523243 
0.00581219 0.00590721 0.00619345 0.00667444 0.00735596 0.00824594 0.00935424 0.0106925 0.0122737 0.0141122 0.0162228 0.018621 0.0213221 0.024341 0.0276914 0.0313858 0.0354347 0.0398461 0.0446253 0.0497742 0.0552912 0.0611704 0.067402 0.0739717 0.0808603 0.0880444 0.095496 0.103182 0.111067 0.119109 0.127263 0.135484 0.143721 0.151921 0.160031 0.167997 0.175764 0.183276 0.190481 0.197327 0.203763 0.209741 0.215218 0.220151 0.224505 0.228247 0.231348 0.233784 0.235537 0.236595 0.236948 0.236595 0.235537 0.233784 0.231348 0.228247 0.224505 0.220151 0.215218 0.209741 0.203763 0.197327 0.190481 0.183276 0.175764 0.167997 0.160031 0.151921 0.143721 0.135484 0.127263 0.119109 0.111067 0.103182 0.095496 0.0880444 0.0808603 0.0739717 0.067402 0.0611704 0.0552912 0.0497742 0.0446253 0.0398461 0.0354347 0.0313858 0.0276914 0.024341 0.0213221 0.018621 0.0162228 0.0141122 0.0122737 0.0106925 0.00935424 0.00824594 0.00735596 0.00667444 0.00619345 0.00590721 
0.00653506 0.00664114 0.00696065 0.00749746 0.00825786 0.00925051 0.0104861 0.0119774 0.0137385 0.0157849 0.0181326 0.0207984 0.0237987 0.0271494 0.0308652 0.0349591 0.0394421 0.0443224 0.049605 0.0552912 0.0613784 0.0678596 0.074723 0.0819521 0.0895254 0.0974164 0.105594 0.114021 0.122657 0.131459 0.140376 0.149357 0.158348 0.167292 0.17613 0.184805 0.193255 0.201424 0.209253 0.216686 0.22367 0.230154 0.23609 0.241436 0.246152 0.250202 0.253558 0.256194 0.258091 0.259235 0.259617 0.259235 0.258091 0.256194 0.253558 0.250202 0.246152 0.241436 0.23609 0.230154 0.22367 0.216686 0.209253 0.201424 0.193255 0.184805 0.17613 0.167292 0.158348 0.149357 0.140376 0.131459 0.122657 0.114021 0.105594 0.0974164 0.0895254 0.0819521 0.074723 0.0678596 0.0613784 0.0552912 0.049605 0.0443224 0.0394421 0.0349591 0.0308652 0.0271494 0.0237987 0.0207984 0.0181326 0.0157849 0.0137385 0.0119774 0.0104861 0.00925051 0.00825786 0.00749746 0.00696065 0.00664114 
0.00731717 0.0074351 0.00779029 0.00838692 0.00923186 0.0103345 0.0117064 0.0133614 0.0153148 0.0175833 0.0201841 0.0231353 0.0264544 0.0301582 0.0342624 0.0387806 0.0437241 0.0491011 0.0549164 0.0611704 0.0678596 0.0749753 0.0825038 0.0904262 0.0987181 0.10735 0.116287 0.125488 0.13491 0.144503 0.154213 0.163985 0.173758 0.183472 0.193064 0.20247 0.211627 0.220471 0.228941 0.236978 0.244525 0.251527 0.257934 0.263701 0.268786 0.273153 0.276769 0.279609 0.281652 0.282884 0.283296 0.282884 0.281652 0.279609 0.276769 0.273153 0.268786 0.263701 0.257934 0.251527 0.244525 0.236978 0.228941 0.220471 0.211627 0.20247 0.193064 0.183472 0.173758 0.163985 0.154213 0.144503 0.13491 0.125488 0.116287 0.10735 0.0987181 0.0904262 0.0825038 0.0749753 0.0678596 0.0611704 0.0549164 0.0491011 0.0437241 0.0387806 0.0342624 0.0301582 0.0264544 0.0231353 0.0201841 0.0175833 0.0153148 0.0133614 0.0117064 0.0103345 0.00923186 0.00838692 0.00779029 0.0074351 
0.00815879 0.00828936 0.0086826 0.00934302 0.0102781 0.0114978 0.013015 0.0148442 0.0170021 0.0195064 0.022376 0.0256299 0.0292867 0.0333644 0.0378793 0.0428457 0.048275 0.0541754 0.0605512 0.067402 0.074723 0.0825038 0.0907284 0.0993755 0.108418 0.117822 0.127549 0.137555 0.147792 0.158204 0.168735 0.179322 0.189903 0.20041 0.210776 0.220933 0.230813 0.240349 0.249475 0.258128 0.266248 0.273778 0.280664 0.286859 0.292319 0.297006 0.300886 0.303932 0.306124 0.307445 0.307886 0.307445 0.306124 0.303932 0.300886 0.297006 0.292319 0.286859 0.280664 0.273778 0.266248 0.258128 0.249475 0.240349 0.230813 0.220933 0.210776 0.20041 0.189903 0.179322 0.168735 0.158204 0.147792 0.137555 0.127549 0.117822 0.108418 0.0993755 0.0907284 0.0825038 0.074723 0.067402 0.0605512 0.0541754 0.048275 0.0428457 0.0378793 0.0333644 0.0292867 0.0256299 0.022376 0.0195064 0.0170021 0.0148442 0.013015 0.0114978 0.0102781 0.00934302 0.0086826 0.00828936 
0.00905954 0.00920353 0.00963711 0.0103652 0.0113957 0.0127396 0.0144105 0.0164241 0.0187983 0.021552 0.0247054 0.0282785 0.0322913 0.0367626 0.0417094 0.0471466 0.0530856 0.0595345 0.0664969 0.0739717 0.0819521 0.0904262 0.0993755 0.108776 0.118597 0.128801 0.139346 0.150184 0.16126 0.172517 0.183891 0.195317 0.206724 0.218043 0.2292 0.240123 0.25074 0.260979 0.270771 0.280049 0.288749 0.296812 0.304182 0.310809 0.316647 0.321656 0.325802 0.329056 0.331396 0.332807 0.333278 0.332807 0.331396 0.329056 0.325802 0.321656 0.316647 0.310809 0.304182 0.296812 0.288749 0.280049 0.270771 0.260979 0.25074 0.240123 0.2292 0.218043 0.206724 0.195317 0.183891 0.172517 0.16126 0.150184 0.139346 0.128801 0.118597 0.108776 0.0993755 0.0904262 0.0819521 0.0739717 0.0664969 0.0595345 0.0530856 0.0471466 0.0417094 0.0367626 0.0322913 0.0282785 0.0247054 0.021552 0.0187983 0.0164241 0.0144105 0.0127396 0.0113957 0.0103652 0.00963711 0.00920353 
0.0100183 0.0101764 0.0106526 0.011452 0.0125832 0.014058 0.0158908 0.0180985 0.0207002 0.0237161 0.0271674 0.0310756 0.0354615 0.0403449 0.0457436 0.0516725 0.0581435 0.065164 0.0727371 0.0808603 0.0895254 0.0987181 0.108418 0.118597 0.129221 0.14025 0.151637 0.163328 0.175267 0.187388 0.199624 0.211904 0.224155 0.236298 0.248259 0.259959 0.271321 0.28227 0.292733 0.30264 0.311924 0.320523 0.328379 0.335438 0.341654 0.346985 0.351396 0.354858 0.357346 0.358846 0.359347 0.358846 0.357346 0.354858 0.351396 0.346985 0.341654 0.335438 0.328379 0.320523 0.311924 0.30264 0.292733 0.28227 0.271321 0.259959 0.248259 0.236298 0.224155 0.211904 0.199624 0.187388 0.175267 0.163328 0.151637 0.14025 0.129221 0.118597 0.108418 0.0987181 0.0895254 0.0808603 0.0727371 0.065164 0.0581435 0.0516725 0.0457436 0.0403449 0.0354615 0.0310756 0.0271674 0.0237161 0.0207002 0.0180985 0.0158908 0.014058 0.0125832 0.011452 0.0106526 0.0101764 
0.0110332 0.0112062 0.011727 0.0126012 0.0138381 0.01545 0.0174524 0.0198634 0.022703 0.0259929 0.0297555 0.0340133 0.0387882 0.0441009 0.0499695 0.0564095 0.0634325 0.0710456 0.0792509 0.0880444 0.0974164 0.10735 0.117822 0.128801 0.14025 0.152124 0.164372 0.176936 0.189752 0.202753 0.215866 0.229013 0.242117 0.255094 0.267865 0.280347 0.292459 0.304121 0.315257 0.325793 0.335661 0.344794 0.353132 0.360622 0.367214 0.372865 0.377539 0.381206 0.383842 0.38543 0.385961 0.38543 0.383842 0.381206 0.377539 0.372865 0.367214 0.360622 0.353132 0.344794 0.335661 0.325793 0.315257 0.304121 0.292459 0.280347 0.267865 0.255094 0.242117 0.229013 0.215866 0.202753 0.189752 0.176936 0.164372 0.152124 0.14025 0.128801 0.117822 0.10735 0.0974164 0.0880444 0.0792509 0.0710456 0.0634325 0.0564095 0.0499695 0.0441009 0.0387882 0.0340133 0.0297555 0.0259929 0.022703 0.0198634 0.0174524 0.01545 0.0138381 0.0126012 0.011727 0.0112062 
0.0121015 0.01229 0.0128574 0.0138097 0.0151566 0.0169115 0.0190906 0.0217132 0.0248005 0.0283753 0.0324612 0.0370819 0.0422601 0.0480173 0.0543722 0.0613403 0.0689331 0.077157 0.0860131 0.095496 0.105594 0.116287 0.127549 0.139346 0.151637 0.164372 0.177495 0.190945 0.204652 0.218544 0.232541 0.246563 0.260524 0.27434 0.287924 0.301188 0.314048 0.326422 0.338228 0.349389 0.359835 0.369497 0.378314 0.386229 0.393191 0.399158 0.40409 0.407959 0.41074 0.412415 0.412975 0.412415 0.41074 0.407959 0.40409 0.399158 0.393191 0.386229 0.378314 0.369497 0.359835 0.349389 0.338228 0.326422 0.314048 0.301188 0.287924 0.27434 0.260524 0.246563 0.232541 0.218544 0.204652 0.190945 0.177495 0.164372 0.151637 0.139346 0.127549 0.116287 0.105594 0.095496 0.0860131 0.077157 0.0689331 0.0613403 0.0543722 0.0480173 0.0422601 0.0370819 0.0324612 0.0283753 0.0248005 0.0217132 0.0190906 0.0169115 0.0151566 0.0138097 0.0128574 0.01229 
0.0132196 0.0134242 0.01404 0.0150732 0.0165344 0.0184374 0.0207996 0.0236413 0.0269849 0.0308543 0.0352742 0.0402693 0.0458634 0.0520785 0.0589337 0.0664445 0.0746222 0.0834723 0.0929947 0.103182 0.114021 0.125488 0.137555 0.150184 0.163328 0.176936 0.190945 0.205289 0.219894 0.234681 0.249567 0.264465 0.279285 0.293938 0.308331 0.322373 0.335977 0.349054 0.361523 0.373302 0.384317 0.3945 0.403786 0.412117 0.419443 0.425718 0.430904 0.43497 0.437891 0.439651 0.440239 0.439651 0.437891 0.43497 0.430904 0.425718 0.419443 0.412117 0.403786 0.3945 0.384317 0.373302 0.361523 0.349054 0.335977 0.322373 0.308331 0.293938 0.279285 0.264465 0.249567 0.234681 0.219894 0.205289 0.190945 0.176936 0.163328 0.150184 0.137555 0.125488 0.114021 0.103182 0.0929947 0.0834723 0.0746222 0.0664445 0.0589337 0.0520785 0.0458634 0.0402693 0.0352742 0.0308543 0.0269849 0.0236413 0.0207996 0.0184374 0.0165344 0.0150732 0.01404 0.0134242 
0.0143832 0.0146043 0.0152699 0.0163868 0.0179656 0.0200214 0.0225723 0.0256396 0.0292468 0.033419 0.038182 0.0435615 0.049582 0.0562661 0.0636331 0.0716987 0.0804733 0.0899619 0.100163 0.111067 0.122657 0.13491 0.147792 0.16126 0.175267 0.189752 0.204652 0.219894 0.235398 0.251081 0.266853 0.282624 0.298299 0.313781 0.328976 0.343788 0.358124 0.371895 0.385013 0.397398 0.408971 0.419662 0.429406 0.438143 0.445821 0.452395 0.457826 0.462083 0.465142 0.466984 0.467599 0.466984 0.465142 0.462083 0.457826 0.452395 0.445821 0.438143 0.429406 0.419662 0.408971 0.397398 0.385013 0.371895 0.358124 0.343788 0.328976 0.313781 0.298299 0.282624 0.266853 0.251081 0.235398 0.219894 0.204652 0.189752 0.175267 0.16126 0.147792 0.13491 0.122657 0.111067 0.100163 0.0899619 0.0804733 0.0716987 0.0636331 0.0562661 0.049582 0.0435615 0.038182 0.033419 0.0292468 0.0256396 0.0225723 0.0200214 0.0179656 0.0163868 0.0152699 0.0146043 
0.0155868 0.0158249 0.0165417 0.0177442 0.0194438 0.0216561 0.0244002 0.0276985 0.0315754 0.0360572 0.0411707 0.0469424 0.0533976 0.0605593 0.0684472 0.0770764 0.0864569 0.0965926 0.10748 0.119109 0.131459 0.144503 0.158204 0.172517 0.187388 0.202753 0.218544 0.234681 0.251081 0.267654 0.284307 0.300942 0.31746 0.333761 0.349744 0.365311 0.380366 0.394814 0.408567 0.421541 0.433656 0.44484 0.455026 0.464155 0.472174 0.479036 0.484703 0.489144 0.492334 0.494255 0.494896 0.494255 0.492334 0.489144 0.484703 0.479036 0.472174 0.464155 0.455026 0.44484 0.433656 0.421541 0.408567 0.394814 0.380366 0.365311 0.349744 0.333761 0.31746 0.300942 0.284307 0.267654 0.251081 0.234681 0.218544 0.202753 0.187388 0.172517 0.158204 0.144503 0.131459 0.119109 0.10748 0.0965926 0.0864569 0.0770764 0.0684472 0.0605593 0.0533976 0.0469424 0.0411707 0.0360572 0.0315754 0.0276985 0.0244002 0.0216561 0.0194438 0.0177442 0.0165417 0.0158249 
0.0168243 0.0170798 0.0178488 0.0191387 0.0209613 0.023333 0.0262739 0.0298072 0.0339585 0.0387549 0.0442243 0.0503939 0.0572898 0.0649351 0.0733497 0.0825484 0.0925404 0.103328 0.114907 0.127263 0.140376 0.154213 0.168735 0.183891 0.199624 0.215866 0.232541 0.249567 0.266853 0.284307 0.301827 0.319313 0.33666 0.353762 0.370517 0.386821 0.402574 0.417681 0.432049 0.445592 0.458229 0.469888 0.4805 0.490004 0.498349 0.505487 0.511379 0.515995 0.51931 0.521306 0.521972 0.521306 0.51931 0.515995 0.511379 0.505487 0.498349 0.490004 0.4805 0.469888 0.458229 0.445592 0.432049 0.417681 0.402574 0.386821 0.370517 0.353762 0.33666 0.319313 0.301827 0.284307 0.266853 0.249567 0.232541 0.215866 0.199624 0.183891 0.168735 0.154213 0.140376 0.127263 0.114907 0.103328 0.0925404 0.0825484 0.0733497 0.0649351 0.0572898 0.0503939 0.0442243 0.0387549 0.0339585 0.0298072 0.0262739 0.023333 0.0209613 0.0191387 0.0178488 0.0170798 
0.0180888 0.0183619 0.0191838 0.0205621 0.0225094 0.0250427 0.0281827 0.0319538 0.0363824 0.0414967 0.0473252 0.0538962 0.0612361 0.0693683 0.0783124 0.0880831 0.0986885 0.11013 0.1224 0.135484 0.149357 0.163985 0.179322 0.195317 0.211904 0.229013 0.246563 0.264465 0.282624 0.300942 0.319313 0.337631 0.355786 0.373669 0.391173 0.408191 0.42462 0.440361 0.455321 0.46941 0.482549 0.494661 0.505678 0.51554 0.524194 0.531594 0.5377 0.542481 0.545914 0.547981 0.548671 0.547981 0.545914 0.542481 0.5377 0.531594 0.524194 0.51554 0.505678 0.494661 0.482549 0.46941 0.455321 0.440361 0.42462 0.408191 0.391173 0.373669 0.355786 0.337631 0.319313 0.300942 0.282624 0.264465 0.246563 0.229013 0.211904 0.195317 0.179322 0.163985 0.149357 0.135484 0.1224 0.11013 0.0986885 0.0880831 0.0783124 0.0693683 0.0612361 0.0538962 0.0473252 0.0414967 0.0363824 0.0319538 0.0281827 0.0250427 0.0225094 0.0205621 0.0191838 0.0183619 
0.0193725 0.0196633 0.0205385 0.022006 0.0240788 0.0267745 0.0301149 0.034125 0.0388323 0.0442657 0.0504546 0.0574279 0.0652123 0.0738316 0.0833051 0.0936467 0.104864 0.116956 0.129914 0.143721 0.158348 0.173758 0.189903 0.206724 0.224155 0.242117 0.260524 0.279285 0.298299 0.31746 0.33666 0.355786 0.374725 0.393364 0.411591 0.429296 0.446374 0.462723 0.478248 0.492858 0.506473 0.519015 0.530416 0.540616 0.549561 0.557207 0.563513 0.56845 0.571994 0.574127 0.574839 0.574127 0.571994 0.56845 0.563513 0.557207 0.549561 0.540616 0.530416 0.519015 0.506473 0.492858 0.478248 0.462723 0.446374 0.429296 0.411591 0.393364 0.374725 0.355786 0.33666 0.31746 0.298299 0.279285 0.260524 0.242117 0.224155 0.206724 0.189903 0.173758 0.158348 0.143721 0.129914 0.116956 0.104864 0.0936467 0.0833051 0.0738316 0.0652123 0.0574279 0.0504546 0.0442657 0.0388323 0.034125 0.0301149 0.0267745 0.0240788 0.022006 0.0205385 0.0196633 
0.020667 0.0209755 0.021904 0.0234607 0.025659 0.0285173 0.0320579 0.0363068 0.0412922 0.0470439 0.0535921 0.0609661 0.0691929 0.0782964 0.0882955 0.0992036 0.111027 0.123763 0.137401 0.151921 0.167292 0.183472 0.20041 0.218043 0.236298 0.255094 0.27434 0.293938 0.313781 0.333761 0.353762 0.373669 0.393364 0.412729 0.431649 0.450012 0.467708 0.484636 0.500697 0.515801 0.529864 0.54281 0.554572 0.565089 0.574307 0.582181 0.588674 0.593756 0.597402 0.599597 0.600329 0.599597 0.597402 0.593756 0.588674 0.582181 0.574307 0.565089 0.554572 0.54281 0.529864 0.515801 0.500697 0.484636 0.467708 0.450012 0.431649 0.412729 0.393364 0.373669 0.353762 0.333761 0.313781 0.293938 0.27434 0.255094 0.236298 0.218043 0.20041 0.183472 0.167292 0.151921 0.137401 0.123763 0.111027 0.0992036 0.0882955 0.0782964 0.0691929 0.0609661 0.0535921 0.0470439 0.0412922 0.0363068 0.0320579 0.0285173 0.025659 0.0234607 0.021904 0.0209755 
0.0219631 0.0222893 0.0232708 0.0249161 0.0272391 0.0302588 0.0339982 0.038484 0.0437453 0.0498125 0.0567164 0.0644868 0.073151 0.0827326 0.0932504 0.104717 0.117136 0.130506 0.144812 0.160031 0.17613 0.193064 0.210776 0.2292 0.248259 0.267865 0.287924 0.308331 0.328976 0.349744 0.370517 0.391173 0.411591 0.431649 0.451229 0.470216 0.488499 0.505972 0.522539 0.538105 0.552589 0.565914 0.578012 0.588822 0.598292 0.606379 0.613045 0.618259 0.622 0.624251 0.625003 0.624251 0.622 0.618259 0.613045 0.606379 0.598292 0.588822 0.578012 0.565914 0.552589 0.538105 0.522539 0.505972 0.488499 0.470216 0.451229 0.431649 0.411591 0.391173 0.370517 0.349744 0.328976 0.308331 0.287924 0.267865 0.248259 0.2292 0.210776 0.193064 0.17613 0.160031 0.144812 0.130506 0.117136 0.104717 0.0932504 0.0827326 0.073151 0.0644868 0.0567164 0.0498125 0.0437453 0.038484 0.0339982 0.0302588 0.0272391 0.0249161 0.0232708 0.0222893 
0.0232514 0.023595 0.0246288 0.0263615 0.0288076 0.0319865 0.0359218 0.040641 0.0461739 0.0525515 0.0598052 0.0679651 0.0770586 0.0871093 0.0981352 0.110148 0.123151 0.137139 0.152096 0.167997 0.184805 0.20247 0.220933 0.240123 0.259959 0.280347 0.301188 0.322373 0.343788 0.365311 0.386821 0.408191 0.429296 0.450012 0.470216 0.489792 0.508626 0.526611 0.54365 0.559648 0.574523 0.588198 0.600605 0.611686 0.621389 0.62967 0.636494 0.64183 0.645657 0.64796 0.648728 0.64796 0.645657 0.64183 0.636494 0.62967 0.621389 0.611686 0.600605 0.588198 0.574523 0.559648 0.54365 0.526611 0.508626 0.489792 0.470216 0.450012 0.429296 0.408191 0.386821 0.365311 0.343788 0.322373 0.301188 0.280347 0.259959 0.240123 0.220933 0.20247 0.184805 0.167997 0.152096 0.137139 0.123151 0.110148 0.0981352 0.0871093 0.0770586 0.0679651 0.0598052 0.0525515 0.0461739 0.040641 0.0359218 0.0319865 0.0288076 0.0263615 0.0246288 0.023595 
0.0245218 0.0248825 0.0259675 0.0277859 0.0303524 0.033687 0.0378141 0.0427616 0.0485598 0.0552406 0.0628358 0.0713755 0.0808874 0.0913947 0.102915 0.115459 0.129028 0.143615 0.159204 0.175764 0.193255 0.211627 0.230813 0.25074 0.271321 0.292459 0.314048 0.335977 0.358124 0.380366 0.402574 0.42462 0.446374 0.467708 0.488499 0.508626 0.527974 0.546437 0.563913 0.58031 0.595546 0.609542 0.622234 0.633563 0.643477 0.651935 0.658901 0.664347 0.668252 0.670602 0.671386 0.670602 0.668252 0.664347 0.658901 0.651935 0.643477 0.633563 0.622234 0.609542 0.595546 0.58031 0.563913 0.546437 0.527974 0.508626 0.488499 0.467708 0.446374 0.42462 0.402574 0.380366 0.358124 0.335977 0.314048 0.292459 0.271321 0.25074 0.230813 0.211627 0.193255 0.175764 0.159204 0.143615 0.129028 0.115459 0.102915 0.0913947 0.0808874 0.0713755 0.0628358 0.0552406 0.0485598 0.0427616 0.0378141 0.033687 0.0303524 0.0277859 0.0259675 0.0248825 
0.0257641 0.0261413 0.027276 0.0291776 0.0318612 0.035347 0.0396602 0.044829 0.0508847 0.0578593 0.0657849 0.0746923 0.0846087 0.0955571 0.107554 0.12061 0.134725 0.149889 0.166084 0.183276 0.201424 0.220471 0.240349 0.260979 0.28227 0.304121 0.326422 0.349054 0.371895 0.394814 0.417681 0.440361 0.462723 0.484636 0.505972 0.526611 0.546437 0.565339 0.583219 0.599983 0.615547 0.629838 0.642788 0.65434 0.664445 0.673062 0.680156 0.685701 0.689676 0.692067 0.692865 0.692067 0.689676 0.685701 0.680156 0.673062 0.664445 0.65434 0.642788 0.629838 0.615547 0.599983 0.583219 0.565339 0.546437 0.526611 0.505972 0.484636 0.462723 0.440361 0.417681 0.394814 0.371895 0.349054 0.326422 0.304121 0.28227 0.260979 0.240349 0.220471 0.201424 0.183276 0.166084 0.149889 0.134725 0.12061 0.107554 0.0955571 0.0846087 0.0746923 0.0657849 0.0578593 0.0508847 0.044829 0.0396602 0.035347 0.0318612 0.0291776 0.027276 0.0261413 
0.0269678 0.0273609 0.0285436 0.0305253 0.0333215 0.0369529 0.041445 0.0468268 0.0531298 0.0603866 0.0686296 0.0778895 0.0881937 0.0995647 0.112019 0.125564 0.140199 0.155914 0.172686 0.190481 0.209253 0.228941 0.249475 0.270771 0.292733 0.315257 0.338228 0.361523 0.385013 0.408567 0.432049 0.455321 0.478248 0.500697 0.522539 0.54365 0.563913 0.583219 0.601467 0.618564 0.634427 0.648982 0.662164 0.673918 0.684194 0.692952 0.700161 0.705793 0.70983 0.712257 0.713067 0.712257 0.70983 0.705793 0.700161 0.692952 0.684194 0.673918 0.662164 0.648982 0.634427 0.618564 0.601467 0.583219 0.563913 0.54365 0.522539 0.500697 0.478248 0.455321 0.432049 0.408567 0.385013 0.361523 0.338228 0.315257 0.292733 0.270771 0.249475 0.228941 0.209253 0.190481 0.172686 0.155914 0.140199 0.125564 0.112019 0.0995647 0.0881937 0.0778895 0.0686296 0.0603866 0.0531298 0.0468268 0.041445 0.0369529 0.0333215 0.0305253 0.0285436 0.0273609 
0.0281224 0.0285308 0.0297592 0.0318173 0.0347208 0.038491 0.0431537 0.0487382 0.0552767 0.062802 0.0713468 0.0809419 0.0916143 0.103386 0.116273 0.130282 0.14541 0.161646 0.178964 0.197327 0.216686 0.236978 0.258128 0.280049 0.30264 0.325793 0.349389 0.373302 0.397398 0.421541 0.445592 0.46941 0.492858 0.515801 0.538105 0.559648 0.58031 0.599983 0.618564 0.635961 0.652093 0.666885 0.680275 0.692206 0.702633 0.711517 0.718826 0.724535 0.728626 0.731086 0.731907 0.731086 0.728626 0.724535 0.718826 0.711517 0.702633 0.692206 0.680275 0.666885 0.652093 0.635961 0.618564 0.599983 0.58031 0.559648 0.538105 0.515801 0.492858 0.46941 0.445592 0.421541 0.397398 0.373302 0.349389 0.325793 0.30264 0.280049 0.258128 0.236978 0.216686 0.197327 0.178964 0.161646 0.14541 0.130282 0.116273 0.103386 0.0916143 0.0809419 0.0713468 0.062802 0.0552767 0.0487382 0.0431537 0.038491 0.0347208 0.0318173 0.0297592 0.0285308 
0.0292177 0.0296404 0.030912 0.0330422 0.036047 0.039948 0.0447714 0.0505471 0.0573074 0.0650855 0.0739143 0.0838244 0.0948429 0.106991 0.120284 0.134728 0.150318 0.167041 0.184869 0.203763 0.22367 0.244525 0.266248 0.288749 0.311924 0.335661 0.359835 0.384317 0.408971 0.433656 0.458229 0.482549 0.506473 0.529864 0.552589 0.574523 0.595546 0.615547 0.634427 0.652093 0.668463 0.683466 0.697038 0.709127 0.719687 0.72868 0.736076 0.741852 0.74599 0.748477 0.749307 0.748477 0.74599 0.741852 0.736076 0.72868 0.719687 0.709127 0.697038 0.683466 0.668463 0.652093 0.634427 0.615547 0.595546 0.574523 0.552589 0.529864 0.506473 0.482549 0.458229 0.433656 0.408971 0.384317 0.359835 0.335661 0.311924 0.288749 0.266248 0.244525 0.22367 0.203763 0.184869 0.167041 0.150318 0.134728 0.120284 0.106991 0.0948429 0.0838244 0.0739143 0.0650855 0.0573074 0.0505471 0.0447714 0.039948 0.036047 0.0330422 0.030912 0.0296404 
