0.000141369 0.000145193 0.000156784 0.000176489 0.000204889 0.000242795 0.000291247 0.00035151 0.00042507 0.000513621 0.000619059 0.00074346 0.000889062 0.00105824 0.00125346 0.00147726 0.00173219 0.00202076 0.00234538 0.00270831 0.00311156 0.00355686 0.00404556 0.00457855 0.00515622 0.00577837 0.00644417 0.00715208 0.00789985 0.00868445 0.0095021 0.0103483 0.0112177 0.0121043 0.0130015 0.0139022 0.0147986 0.0156826 0.0165459 0.01738 0.0181765 0.018927 0.0196235 0.0202582 0.0208239 0.0213144 0.0217238 0.0220474 0.0222813 0.0224228 0.0224701 0.0224228 0.0222813 0.0220474 0.0217238 0.0213144 0.0208239 0.0202582 0.0196235 0.018927 0.0181765 0.01738 0.0165459 0.0156826 0.0147986 0.0139022 0.0130015 0.0121043 0.0112177 0.0103483 0.0095021 0.00868445 0.00789985 0.00715208 0.00644417 0.00577837 0.00515622 0.00457855 0.00404556 0.00355686 0.00311156 0.00270831 0.00234538 0.00202076 0.00173219 0.00147726 0.00125346 0.00105824 0.000889062 0.00074346 0.000619059 0.000513621 0.00042507 0.00035151 0.000291247 0.000242795 0.000204889 0.000176489 0.000156784 0.000145193 
0.000145193 0.000149115 0.000160998 0.000181199 0.000210311 0.000249164 0.000298819 0.00036057 0.000435931 0.000526635 0.000634614 0.000761989 0.000911041 0.00108419 0.00128395 0.00151291 0.00177367 0.00206876 0.00240065 0.00277163 0.00318375 0.00363874 0.00413797 0.00468234 0.00527222 0.00590741 0.00658702 0.00730948 0.00807248 0.00887291 0.00970693 0.0105699 0.0114564 0.0123603 0.0132749 0.0141929 0.0151063 0.0160071 0.0168866 0.0177364 0.0185477 0.0193121 0.0200213 0.0206676 0.0212438 0.0217431 0.02216 0.0224894 0.0227275 0.0228716 0.0229198 0.0228716 0.0227275 0.0224894 0.02216 0.0217431 0.0212438 0.0206676 0.0200213 0.0193121 0.0185477 0.0177364 0.0168866 0.0160071 0.0151063 0.0141929 0.0132749 0.0123603 0.0114564 0.0105699 0.00970693 0.00887291 0.00807248 0.00730948 0.00658702 0.00590741 0.00527222 0.00468234 0.00413797 0.00363874 0.00318375 0.00277163 0.00240065 0.00206876 0.00177367 0.00151291 0.00128395 0.00108419 0.000911041 0.000761989 0.000634614 0.000526635 0.000435931 0.00036057 0.000298819 0.000249164 0.000210311 0.000181199 0.000160998 0.000149115 
0.000156784 0.000160998 0.000173767 0.00019547 0.000226738 0.000268455 0.00032175 0.000387998 0.000468809 0.000566022 0.000681689 0.000818054 0.000977536 0.00116269 0.00137618 0.00162073 0.00189907 0.00221388 0.00256773 0.00296302 0.00340189 0.00388613 0.00441715 0.00499585 0.00562258 0.00629707 0.00701835 0.00778469 0.0085936 0.00944179 0.0103251 0.0112386 0.0121767 0.0131327 0.0140996 0.0150697 0.0160346 0.0169858 0.0179142 0.0188109 0.0196668 0.020473 0.0212208 0.0219021 0.0225093 0.0230355 0.0234747 0.0238217 0.0240726 0.0242243 0.0242751 0.0242243 0.0240726 0.0238217 0.0234747 0.0230355 0.0225093 0.0219021 0.0212208 0.020473 0.0196668 0.0188109 0.0179142 0.0169858 0.0160346 0.0150697 0.0140996 0.0131327 0.0121767 0.0112386 0.0103251 0.00944179 0.0085936 0.00778469 0.00701835 0.00629707 0.00562258 0.00499585 0.00441715 0.00388613 0.00340189 0.00296302 0.00256773 0.00221388 0.00189907 0.00162073 0.00137618 0.00116269 0.000977536 0.000818054 0.000681689 0.000566022 0.000468809 0.000387998 0.00032175 0.000268455 0.000226738 0.00019547 0.000173767 0.000160998 
0.000176489 0.000181199 0.00019547 0.000219719 0.000254643 0.000301215 0.000360679 0.000434546 0.000524589 0.000632826 0.000761505 0.000913088 0.00109022 0.00129568 0.00153238 0.00180328 0.00211133 0.00245944 0.00285038 0.00328671 0.00377071 0.0043043 0.00488892 0.00552549 0.00621433 0.00695503 0.00774647 0.00858668 0.00947288 0.0104014 0.0113676 0.0123662 0.0133909 0.0144345 0.0154893 0.0165469 0.0175982 0.018634 0.0196446 0.0206201 0.0215507 0.0224269 0.0232394 0.0239794 0.0246387 0.0252099 0.0256866 0.0260631 0.0263353 0.0264999 0.026555 0.0264999 0.0263353 0.0260631 0.0256866 0.0252099 0.0246387 0.0239794 0.0232394 0.0224269 0.0215507 0.0206201 0.0196446 0.018634 0.0175982 0.0165469 0.0154893 0.0144345 0.0133909 0.0123662 0.0113676 0.0104014 0.00947288 0.00858668 0.00774647 0.00695503 0.00621433 0.00552549 0.00488892 0.0043043 0.00377071 0.00328671 0.00285038 0.00245944 0.00211133 0.00180328 0.00153238 0.00129568 0.00109022 0.000913088 0.000761505 0.000632826 0.000524589 0.000434546 0.000360679 0.000301215 0.000254643 0.000219719 0.00019547 0.000181199 
0.000204889 0.000210311 0.000226738 0.000254643 0.000294815 0.000348353 0.000416666 0.000501462 0.00060474 0.000728773 0.000876093 0.00104946 0.00125184 0.00148636 0.00175625 0.0020648 0.00241529 0.00281094 0.0032548 0.00374967 0.00429802 0.00490192 0.00556288 0.00628184 0.00705902 0.00789389 0.00878506 0.00973023 0.0107262 0.0117687 0.0128526 0.0139718 0.0151192 0.0162869 0.0174662 0.0186477 0.0198214 0.0209769 0.0221035 0.0231904 0.0242268 0.025202 0.0261059 0.0269287 0.0276616 0.0282963 0.0288258 0.0292441 0.0295463 0.0297291 0.0297903 0.0297291 0.0295463 0.0292441 0.0288258 0.0282963 0.0276616 0.0269287 0.0261059 0.025202 0.0242268 0.0231904 0.0221035 0.0209769 0.0198214 0.0186477 0.0174662 0.0162869 0.0151192 0.0139718 0.0128526 0.0117687 0.0107262 0.00973023 0.00878506 0.00789389 0.00705902 0.00628184 0.00556288 0.00490192 0.00429802 0.00374967 0.0032548 0.00281094 0.00241529 0.0020648 0.00175625 0.00148636 0.00125184 0.00104946 0.000876093 0.000728773 0.00060474 0.000501462 0.000416666 0.000348353 0.000294815 0.000254643 0.000226738 0.000210311 
0.000242795 0.000249164 0.000268455 0.000301215 0.000348353 0.000411139 0.000491194 0.000590483 0.000711305 0.000856267 0.00102827 0.00123048 0.00146626 0.00173918 0.00205291 0.00241117 0.00281767 0.00327601 0.0037896 0.00436155 0.0049946 0.00569096 0.00645226 0.00727943 0.00817259 0.00913099 0.0101529 0.0112356 0.0123752 0.0135669 0.0148048 0.0160816 0.0173894 0.0187191 0.0200608 0.0214039 0.0227371 0.0240486 0.0253264 0.0265583 0.0277322 0.0288362 0.0298589 0.0307895 0.031618 0.0323353 0.0329335 0.0334059 0.0337472 0.0339536 0.0340226 0.0339536 0.0337472 0.0334059 0.0329335 0.0323353 0.031618 0.0307895 0.0298589 0.0288362 0.0277322 0.0265583 0.0253264 0.0240486 0.0227371 0.0214039 0.0200608 0.0187191 0.0173894 0.0160816 0.0148048 0.0135669 0.0123752 0.0112356 0.0101529 0.00913099 0.00817259 0.00727943 0.00645226 0.00569096 0.0049946 0.00436155 0.0037896 0.00327601 0.00281767 0.00241117 0.00205291 0.00173918 0.00146626 0.00123048 0.00102827 0.000856267 0.000711305 0.000590483 0.000491194 0.000411139 0.000348353 0.000301215 0.000268455 0.000249164 
0.000291247 0.000298819 0.00032175 0.000360679 0.000416666 0.000491194 0.000586151 0.000703826 0.000846889 0.00101837 0.00122163 0.00146032 0.00173834 0.00205978 0.00242886 0.00284984 0.00332694 0.00386425 0.00446562 0.00513453 0.005874 0.00668649 0.0075737 0.00853655 0.00957501 0.0106881 0.0118735 0.0131281 0.0144472 0.0158252 0.0172549 0.0187282 0.0202358 0.0217671 0.0233109 0.0248549 0.0263862 0.0278913 0.0293567 0.0307685 0.0321129 0.0333765 0.0345464 0.0356104 0.0365572 0.0373767 0.0380599 0.0385992 0.0389889 0.0392244 0.0393032 0.0392244 0.0389889 0.0385992 0.0380599 0.0373767 0.0365572 0.0356104 0.0345464 0.0333765 0.0321129 0.0307685 0.0293567 0.0278913 0.0263862 0.0248549 0.0233109 0.0217671 0.0202358 0.0187282 0.0172549 0.0158252 0.0144472 0.0131281 0.0118735 0.0106881 0.00957501 0.00853655 0.0075737 0.00668649 0.005874 0.00513453 0.00446562 0.00386425 0.00332694 0.00284984 0.00242886 0.00205978 0.00173834 0.00146032 0.00122163 0.00101837 0.000846889 0.000703826 0.000586151 0.000491194 0.000416666 0.000360679 0.00032175 0.000298819 
0.00035151 0.00036057 0.000387998 0.000434546 0.000501462 0.000590483 0.000703826 0.00084417 0.00101464 0.00121877 0.00146049 0.00174404 0.00207394 0.00245494 0.00289191 0.00338974 0.00395327 0.00458718 0.00529581 0.0060831 0.00695242 0.00790642 0.00894695 0.0100749 0.0112899 0.0125908 0.0139747 0.0154376 0.0169742 0.0185775 0.0202393 0.02195 0.0236987 0.0254732 0.0272605 0.0290464 0.0308161 0.0325543 0.0342451 0.0358729 0.037422 0.0388771 0.0402236 0.0414475 0.0425362 0.043478 0.0442629 0.0448825 0.04533 0.0456004 0.0456909 0.0456004 0.04533 0.0448825 0.0442629 0.043478 0.0425362 0.0414475 0.0402236 0.0388771 0.037422 0.0358729 0.0342451 0.0325543 0.0308161 0.0290464 0.0272605 0.0254732 0.0236987 0.02195 0.0202393 0.0185775 0.0169742 0.0154376 0.0139747 0.0125908 0.0112899 0.0100749 0.00894695 0.00790642 0.00695242 0.0060831 0.00529581 0.00458718 0.00395327 0.00338974 0.00289191 0.00245494 0.00207394 0.00174404 0.00146049 0.00121877 0.00101464 0.00084417 0.000703826 0.000590483 0.000501462 0.000434546 0.000387998 0.00036057 
0.00042507 0.000435931 0.000468809 0.000524589 0.00060474 0.000711305 0.000846889 0.00101464 0.00121822 0.00146177 0.00174987 0.00208747 0.00247985 0.0029325 0.00345104 0.00404114 0.00470835 0.005458 0.00629504 0.00722389 0.00824832 0.00937123 0.0105945 0.011919 0.0133443 0.0148683 0.0164878 0.018198 0.0199921 0.0218622 0.0237985 0.0257897 0.0278231 0.0298845 0.0319588 0.0340296 0.0360798 0.0380918 0.0400476 0.041929 0.0437183 0.0453979 0.0469512 0.0483624 0.0496171 0.0507022 0.0516062 0.0523195 0.0528346 0.0531459 0.0532501 0.0531459 0.0528346 0.0523195 0.0516062 0.0507022 0.0496171 0.0483624 0.0469512 0.0453979 0.0437183 0.041929 0.0400476 0.0380918 0.0360798 0.0340296 0.0319588 0.0298845 0.0278231 0.0257897 0.0237985 0.0218622 0.0199921 0.018198 0.0164878 0.0148683 0.0133443 0.011919 0.0105945 0.00937123 0.00824832 0.00722389 0.00629504 0.005458 0.00470835 0.00404114 0.00345104 0.0029325 0.00247985 0.00208747 0.00174987 0.00146177 0.00121822 0.00101464 0.000846889 0.000711305 0.00060474 0.000524589 0.000468809 0.000435931 
0.000513621 0.000526635 0.000566022 0.000632826 0.000728773 0.000856267 0.00101837 0.00121877 0.00146177 0.00175221 0.00209543 0.00249722 0.0029637 0.00350124 0.00411636 0.00481556 0.00560523 0.00649145 0.00747984 0.00857537 0.00978222 0.0111035 0.0125413 0.0140963 0.0157675 0.0175526 0.0194474 0.021446 0.0235405 0.0257212 0.0279768 0.0302939 0.0326577 0.0350519 0.0374586 0.0398591 0.0422338 0.0445622 0.0468237 0.0489977 0.0510638 0.053002 0.0547935 0.0564202 0.0578659 0.0591155 0.0601564 0.0609775 0.0615702 0.0619284 0.0620482 0.0619284 0.0615702 0.0609775 0.0601564 0.0591155 0.0578659 0.0564202 0.0547935 0.053002 0.0510638 0.0489977 0.0468237 0.0445622 0.0422338 0.0398591 0.0374586 0.0350519 0.0326577 0.0302939 0.0279768 0.0257212 0.0235405 0.021446 0.0194474 0.0175526 0.0157675 0.0140963 0.0125413 0.0111035 0.00978222 0.00857537 0.00747984 0.00649145 0.00560523 0.00481556 0.00411636 0.00350124 0.0029637 0.00249722 0.00209543 0.00175221 0.00146177 0.00121877 0.00101837 0.000856267 0.000728773 0.000632826 0.000566022 0.000526635 
0.000619059 0.000634614 0.000681689 0.000761505 0.000876093 0.00102827 0.00122163 0.00146049 0.00174987 0.00209543 0.0025034 0.00298051 0.00353384 0.00417079 0.00489886 0.00572554 0.00665812 0.00770353 0.00886813 0.0101575 0.0115762 0.0131277 0.0148141 0.0166357 0.0185913 0.0206778 0.0228901 0.0252208 0.0276608 0.0301985 0.0328205 0.0355113 0.0382535 0.0410282 0.0438148 0.0465917 0.0493362 0.0520251 0.0546347 0.0571415 0.0595221 0.061754 0.0638157 0.0656869 0.0673489 0.0687851 0.0699808 0.0709239 0.0716045 0.0720158 0.0721533 0.0720158 0.0716045 0.0709239 0.0699808 0.0687851 0.0673489 0.0656869 0.0638157 0.061754 0.0595221 0.0571415 0.0546347 0.0520251 0.0493362 0.0465917 0.0438148 0.0410282 0.0382535 0.0355113 0.0328205 0.0301985 0.0276608 0.0252208 0.0228901 0.0206778 0.0185913 0.0166357 0.0148141 0.0131277 0.0115762 0.0101575 0.00886813 0.00770353 0.00665812 0.00572554 0.00489886 0.00417079 0.00353384 0.00298051 0.0025034 0.00209543 0.00174987 0.00146049 0.00122163 0.00102827 0.000876093 0.000761505 0.000681689 0.000634614 
0.00074346 0.000761989 0.000818054 0.000913088 0.00104946 0.00123048 0.00146032 0.00174404 0.00208747 0.00249722 0.00298051 0.00354512 0.00419927 0.00495147 0.00581034 0.00678445 0.00788213 0.00911122 0.0104789 0.0119913 0.0136536 0.0154694 0.0174407 0.0195677 0.0218485 0.0242793 0.0268536 0.0295628 0.0323958 0.0353391 0.038377 0.0414913 0.0446619 0.0478669 0.0510826 0.0542841 0.0574455 0.0605402 0.0635413 0.0664219 0.0691557 0.071717 0.0740816 0.0762265 0.0781308 0.0797757 0.0811447 0.0822241 0.083003 0.0834736 0.083631 0.0834736 0.083003 0.0822241 0.0811447 0.0797757 0.0781308 0.0762265 0.0740816 0.071717 0.0691557 0.0664219 0.0635413 0.0605402 0.0574455 0.0542841 0.0510826 0.0478669 0.0446619 0.0414913 0.038377 0.0353391 0.0323958 0.0295628 0.0268536 0.0242793 0.0218485 0.0195677 0.0174407 0.0154694 0.0136536 0.0119913 0.0104789 0.00911122 0.00788213 0.00678445 0.00581034 0.00495147 0.00419927 0.00354512 0.00298051 0.00249722 0.00208747 0.00174404 0.00146032 0.00123048 0.00104946 0.000913088 0.000818054 0.000761989 
0.000889062 0.000911041 0.000977536 0.00109022 0.00125184 0.00146626 0.00173834 0.00207394 0.00247985 0.0029637 0.00353384 0.00419927 0.00496944 0.0058541 0.00686312 0.00800628 0.00929301 0.0107322 0.0123318 0.0140986 0.0160384 0.0181548 0.0204498 0.0229232 0.0255725 0.0283927 0.0313761 0.0345123 0.0377882 0.041188 0.0446931 0.0482827 0.0519335 0.0556201 0.0593155 0.0629912 0.0666176 0.0701644 0.0736011 0.0768974 0.0800234 0.0829504 0.0856508 0.0880991 0.0902716 0.0921474 0.0937081 0.0949383 0.0958258 0.0963619 0.0965412 0.0963619 0.0958258 0.0949383 0.0937081 0.0921474 0.0902716 0.0880991 0.0856508 0.0829504 0.0800234 0.0768974 0.0736011 0.0701644 0.0666176 0.0629912 0.0593155 0.0556201 0.0519335 0.0482827 0.0446931 0.041188 0.0377882 0.0345123 0.0313761 0.0283927 0.0255725 0.0229232 0.0204498 0.0181548 0.0160384 0.0140986 0.0123318 0.0107322 0.00929301 0.00800628 0.00686312 0.0058541 0.00496944 0.00419927 0.00353384 0.0029637 0.00247985 0.00207394 0.00173834 0.00146626 0.00125184 0.00109022 0.000977536 0.000911041 
0.00105824 0.00108419 0.00116269 0.00129568 0.00148636 0.00173918 0.00205978 0.00245494 0.0029325 0.00350124 0.00417079 0.00495147 0.0058541 0.00688982 0.00806987 0.00940532 0.0109068 0.0125843 0.0144466 0.0165014 0.0187546 0.0212101 0.0238698 0.026733 0.0297963 0.0330533 0.036495 0.0401088 0.0438794 0.0477882 0.0518138 0.055932 0.060116 0.0643369 0.0685637 0.0727639 0.076904 0.0809498 0.0848667 0.0886207 0.0921781 0.0955068 0.098576 0.101357 0.103824 0.105953 0.107723 0.109118 0.110125 0.110732 0.110936 0.110732 0.110125 0.109118 0.107723 0.105953 0.103824 0.101357 0.098576 0.0955068 0.0921781 0.0886207 0.0848667 0.0809498 0.076904 0.0727639 0.0685637 0.0643369 0.060116 0.055932 0.0518138 0.0477882 0.0438794 0.0401088 0.036495 0.0330533 0.0297963 0.026733 0.0238698 0.0212101 0.0187546 0.0165014 0.0144466 0.0125843 0.0109068 0.00940532 0.00806987 0.00688982 0.0058541 0.00495147 0.00417079 0.00350124 0.0029325 0.00245494 0.00205978 0.00173918 0.00148636 0.00129568 0.00116269 0.00108419 
0.00125346 0.00128395 0.00137618 0.00153238 0.00175625 0.00205291 0.00242886 0.00289191 0.00345104 0.00411636 0.00489886 0.00581034 0.00686312 0.00806987 0.00944329 0.0109959 0.0127396 0.0146854 0.0168432 0.0192213 0.0218259 0.0246611 0.0277286 0.0310268 0.0345514 0.0382947 0.0422456 0.0463893 0.0507079 0.0551799 0.0597804 0.0644816 0.0692529 0.0740613 0.0788716 0.083647 0.0883498 0.0929412 0.0973828 0.101636 0.105664 0.10943 0.1129 0.116043 0.118829 0.121232 0.123231 0.124805 0.12594 0.126625 0.126855 0.126625 0.12594 0.124805 0.123231 0.121232 0.118829 0.116043 0.1129 0.10943 0.105664 0.101636 0.0973828 0.0929412 0.0883498 0.083647 0.0788716 0.0740613 0.0692529 0.0644816 0.0597804 0.0551799 0.0507079 0.0463893 0.0422456 0.0382947 0.0345514 0.0310268 0.0277286 0.0246611 0.0218259 0.0192213 0.0168432 0.0146854 0.0127396 0.0109959 0.00944329 0.00806987 0.00686312 0.00581034 0.00489886 0.00411636 0.00345104 0.00289191 0.00242886 0.00205291 0.00175625 0.00153238 0.00137618 0.00128395 
0.00147726 0.00151291 0.00162073 0.00180328 0.0020648 0.00241117 0.00284984 0.00338974 0.00404114 0.00481556 0.00572554 0.00678445 0.00800628 0.00940532 0.0109959 0.0127919 0.0148068 0.0170527 0.0195404 0.0222789 0.0252747 0.0285321 0.032052 0.0358323 0.0398674 0.0441478 0.0486602 0.0533874 0.0583085 0.0633985 0.068629 0.0739682 0.0793811 0.0848303 0.0902761 0.0956772 0.100991 0.106174 0.111184 0.115978 0.120514 0.124752 0.128655 0.132187 0.135317 0.138015 0.140258 0.142025 0.143298 0.144067 0.144324 0.144067 0.143298 0.142025 0.140258 0.138015 0.135317 0.132187 0.128655 0.124752 0.120514 0.115978 0.111184 0.106174 0.100991 0.0956772 0.0902761 0.0848303 0.0793811 0.0739682 0.068629 0.0633985 0.0583085 0.0533874 0.0486602 0.0441478 0.0398674 0.0358323 0.032052 0.0285321 0.0252747 0.0222789 0.0195404 0.0170527 0.0148068 0.0127919 0.0109959 0.00940532 0.00800628 0.00678445 0.00572554 0.00481556 0.00404114 0.00338974 0.00284984 0.00241117 0.0020648 0.00180328 0.00162073 0.00151291 
0.00173219 0.00177367 0.00189907 0.00211133 0.00241529 0.00281767 0.00332694 0.00395327 0.00470835 0.00560523 0.00665812 0.00788213 0.00929301 0.0109068 0.0127396 0.0148068 0.0171233 0.0197024 0.022556 0.0256935 0.0291219 0.0328451 0.0368637 0.0411744 0.0457702 0.0506395 0.0557668 0.0611318 0.0667103 0.0724737 0.0783894 0.0844211 0.0905296 0.0966724 0.102805 0.108881 0.114853 0.120673 0.126293 0.131666 0.136746 0.14149 0.145855 0.149803 0.1533 0.156314 0.158817 0.160788 0.162209 0.163067 0.163353 0.163067 0.162209 0.160788 0.158817 0.156314 0.1533 0.149803 0.145855 0.14149 0.136746 0.131666 0.126293 0.120673 0.114853 0.108881 0.102805 0.0966724 0.0905296 0.0844211 0.0783894 0.0724737 0.0667103 0.0611318 0.0557668 0.0506395 0.0457702 0.0411744 0.0368637 0.0328451 0.0291219 0.0256935 0.022556 0.0197024 0.0171233 0.0148068 0.0127396 0.0109068 0.00929301 0.00788213 0.00665812 0.00560523 0.00470835 0.00395327 0.00332694 0.00281767 0.00241529 0.00211133 0.00189907 0.00177367 
0.00202076 0.00206876 0.00221388 0.00245944 0.00281094 0.00327601 0.00386425 0.00458718 0.005458 0.00649145 0.00770353 0.00911122 0.0107322 0.0125843 0.0146854 0.0170527 0.0197024 0.0226492 0.0259058 0.0294822 0.0333855 0.0376194 0.0421838 0.0470741 0.0522815 0.0577922 0.0635879 0.0696451 0.0759358 0.0824274 0.0890827 0.095861 0.102718 0.109605 0.116474 0.123273 0.129948 0.136448 0.142718 0.148708 0.154366 0.159646 0.164501 0.16889 0.172775 0.176121 0.1789 0.181087 0.182663 0.183614 0.183932 0.183614 0.182663 0.181087 0.1789 0.176121 0.172775 0.16889 0.164501 0.159646 0.154366 0.148708 0.142718 0.136448 0.129948 0.123273 0.116474 0.109605 0.102718 0.095861 0.0890827 0.0824274 0.0759358 0.0696451 0.0635879 0.0577922 0.0522815 0.0470741 0.0421838 0.0376194 0.0333855 0.0294822 0.0259058 0.0226492 0.0197024 0.0170527 0.0146854 0.0125843 0.0107322 0.00911122 0.00770353 0.00649145 0.005458 0.00458718 0.00386425 0.00327601 0.00281094 0.00245944 0.00221388 0.00206876 
0.00234538 0.00240065 0.00256773 0.00285038 0.0032548 0.0037896 0.00446562 0.00529581 0.00629504 0.00747984 0.00886813 0.0104789 0.0123318 0.0144466 0.0168432 0.0195404 0.022556 0.0259058 0.0296033 0.0336592 0.0380807 0.0428708 0.0480285 0.0535479 0.0594178 0.0656222 0.0721394 0.0789425 0.0859994 0.0932728 0.100721 0.108298 0.115953 0.123635 0.131288 0.138854 0.146275 0.153494 0.160451 0.167092 0.17336 0.179204 0.184574 0.189425 0.193717 0.197412 0.200479 0.202892 0.204631 0.20568 0.20603 0.20568 0.204631 0.202892 0.200479 0.197412 0.193717 0.189425 0.184574 0.179204 0.17336 0.167092 0.160451 0.153494 0.146275 0.138854 0.131288 0.123635 0.115953 0.108298 0.100721 0.0932728 0.0859994 0.0789425 0.0721394 0.0656222 0.0594178 0.0535479 0.0480285 0.0428708 0.0380807 0.0336592 0.0296033 0.0259058 0.022556 0.0195404 0.0168432 0.0144466 0.0123318 0.0104789 0.00886813 0.00747984 0.00629504 0.00529581 0.00446562 0.0037896 0.0032548 0.00285038 0.00256773 0.00240065 
0.00270831 0.00277163 0.00296302 0.00328671 0.00374967 0.00436155 0.00513453 0.0060831 0.00722389 0.00857537 0.0101575 0.0119913 0.0140986 0.0165014 0.0192213 0.0222789 0.0256935 0.0294822 0.0336592 0.0382357 0.0432186 0.0486105 0.054409 0.0606065 0.0671895 0.074139 0.0814299 0.0890312 0.0969063 0.105013 0.113305 0.12173 0.130233 0.138754 0.147234 0.155609 0.163815 0.171789 0.179468 0.186789 0.193695 0.200127 0.206034 0.211367 0.216081 0.220139 0.223505 0.226152 0.228059 0.22921 0.229595 0.22921 0.228059 0.226152 0.223505 0.220139 0.216081 0.211367 0.206034 0.200127 0.193695 0.186789 0.179468 0.171789 0.163815 0.155609 0.147234 0.138754 0.130233 0.12173 0.113305 0.105013 0.0969063 0.0890312 0.0814299 0.074139 0.0671895 0.0606065 0.054409 0.0486105 0.0432186 0.0382357 0.0336592 0.0294822 0.0256935 0.0222789 0.0192213 0.0165014 0.0140986 0.0119913 0.0101575 0.00857537 0.00722389 0.0060831 0.00513453 0.00436155 0.00374967 0.00328671 0.00296302 0.00277163 
0.00311156 0.00318375 0.00340189 0.00377071 0.00429802 0.0049946 0.005874 0.00695242 0.00824832 0.00978222 0.0115762 0.0136536 0.0160384 0.0187546 0.0218259 0.0252747 0.0291219 0.0333855 0.0380807 0.0432186 0.048806 0.0548447 0.0613308 0.0682545 0.0755998 0.0833442 0.091459 0.0999086 0.108652 0.117641 0.126824 0.136143 0.145537 0.154941 0.164288 0.173509 0.182535 0.191296 0.199724 0.207753 0.215319 0.222361 0.228822 0.234652 0.239802 0.244233 0.247907 0.250795 0.252875 0.25413 0.254549 0.25413 0.252875 0.250795 0.247907 0.244233 0.239802 0.234652 0.228822 0.222361 0.215319 0.207753 0.199724 0.191296 0.182535 0.173509 0.164288 0.154941 0.145537 0.136143 0.126824 0.117641 0.108652 0.0999086 0.091459 0.0833442 0.0755998 0.0682545 0.0613308 0.0548447 0.048806 0.0432186 0.0380807 0.0333855 0.0291219 0.0252747 0.0218259 0.0187546 0.0160384 0.0136536 0.0115762 0.00978222 0.00824832 0.00695242 0.005874 0.0049946 0.00429802 0.00377071 0.00340189 0.00318375 
0.00355686 0.00363874 0.00388613 0.0043043 0.00490192 0.00569096 0.00668649 0.00790642 0.00937123 0.0111035 0.0131277 0.0154694 0.0181548 0.0212101 0.0246611 0.0285321 0.0328451 0.0376194 0.0428708 0.0486105 0.0548447 0.0615741 0.068793 0.0764894 0.0846442 0.0932312 0.102217 0.111563 0.12122 0.131137 0.141255 0.15151 0.161835 0.172159 0.182408 0.192508 0.202382 0.211957 0.221159 0.229916 0.238161 0.245828 0.252858 0.259196 0.264792 0.269603 0.273591 0.276725 0.278981 0.280342 0.280796 0.280342 0.278981 0.276725 0.273591 0.269603 0.264792 0.259196 0.252858 0.245828 0.238161 0.229916 0.221159 0.211957 0.202382 0.192508 0.182408 0.172159 0.161835 0.15151 0.141255 0.131137 0.12122 0.111563 0.102217 0.0932312 0.0846442 0.0764894 0.068793 0.0615741 0.0548447 0.0486105 0.0428708 0.0376194 0.0328451 0.0285321 0.0246611 0.0212101 0.0181548 0.0154694 0.0131277 0.0111035 0.00937123 0.00790642 0.00668649 0.00569096 0.00490192 0.0043043 0.00388613 0.00363874 
0.00404556 0.00413797 0.00441715 0.00488892 0.00556288 0.00645226 0.0075737 0.00894695 0.0105945 0.0125413 0.0148141 0.0174407 0.0204498 0.0238698 0.0277286 0.032052 0.0368637 0.0421838 0.0480285 0.054409 0.0613308 0.068793 0.0767882 0.0853013 0.09431 0.103784 0.113686 0.12397 0.134584 0.14547 0.156561 0.16779 0.17908 0.190356 0.201536 0.21254 0.223288 0.233697 0.243691 0.253192 0.262128 0.270432 0.27804 0.284893 0.29094 0.296136 0.300441 0.303823 0.306257 0.307724 0.308215 0.307724 0.306257 0.303823 0.300441 0.296136 0.29094 0.284893 0.27804 0.270432 0.262128 0.253192 0.243691 0.233697 0.223288 0.21254 0.201536 0.190356 0.17908 0.16779 0.156561 0.14547 0.134584 0.12397 0.113686 0.103784 0.09431 0.0853013 0.0767882 0.068793 0.0613308 0.054409 0.0480285 0.0421838 0.0368637 0.032052 0.0277286 0.0238698 0.0204498 0.0174407 0.0148141 0.0125413 0.0105945 0.00894695 0.0075737 0.00645226 0.00556288 0.00488892 0.00441715 0.00413797 
0.00457855 0.00468234 0.00499585 0.00552549 0.00628184 0.00727943 0.00853655 0.0100749 0.011919 0.0140963 0.0166357 0.0195677 0.0229232 0.026733 0.0310268 0.0358323 0.0411744 0.0470741 0.0535479 0.0606065 0.0682545 0.0764894 0.0853013 0.0946722 0.104576 0.114978 0.125835 0.137097 0.148705 0.160594 0.172693 0.184926 0.19721 0.209463 0.221598 0.233527 0.245164 0.256423 0.267221 0.277475 0.287112 0.296057 0.304246 0.311618 0.318118 0.323699 0.328322 0.331952 0.334563 0.336137 0.336663 0.336137 0.334563 0.331952 0.328322 0.323699 0.318118 0.311618 0.304246 0.296057 0.287112 0.277475 0.267221 0.256423 0.245164 0.233527 0.221598 0.209463 0.19721 0.184926 0.172693 0.160594 0.148705 0.137097 0.125835 0.114978 0.104576 0.0946722 0.0853013 0.0764894 0.0682545 0.0606065 0.0535479 0.0470741 0.0411744 0.0358323 0.0310268 0.026733 0.0229232 0.0195677 0.0166357 0.0140963 0.011919 0.0100749 0.00853655 0.00727943 0.00628184 0.00552549 0.00499585 0.00468234 
0.00515622 0.00527222 0.00562258 0.00621433 0.00705902 0.00817259 0.00957501 0.0112899 0.0133443 0.0157675 0.0185913 0.0218485 0.0255725 0.0297963 0.0345514 0.0398674 0.0457702 0.0522815 0.0594178 0.0671895 0.0755998 0.0846442 0.09431 0.104576 0.115411 0.126777 0.138625 0.150898 0.163532 0.176455 0.189589 0.20285 0.21615 0.229399 0.242504 0.255372 0.26791 0.280026 0.291632 0.302644 0.312981 0.322569 0.331338 0.339226 0.346176 0.352141 0.357078 0.360953 0.36374 0.36542 0.365981 0.36542 0.36374 0.360953 0.357078 0.352141 0.346176 0.339226 0.331338 0.322569 0.312981 0.302644 0.291632 0.280026 0.26791 0.255372 0.242504 0.229399 0.21615 0.20285 0.189589 0.176455 0.163532 0.150898 0.138625 0.126777 0.115411 0.104576 0.09431 0.0846442 0.0755998 0.0671895 0.0594178 0.0522815 0.0457702 0.0398674 0.0345514 0.0297963 0.0255725 0.0218485 0.0185913 0.0157675 0.0133443 0.0112899 0.00957501 0.00817259 0.00705902 0.00621433 0.00562258 0.00527222 
0.00577837 0.00590741 0.00629707 0.00695503 0.00789389 0.00913099 0.0106881 0.0125908 0.0148683 0.0175526 0.0206778 0.0242793 0.0283927 0.0330533 0.0382947 0.0441478 0.0506395 0.0577922 0.0656222 0.074139 0.0833442 0.0932312 0.103784 0.114978 0.126777 0.139138 0.152005 0.165317 0.179003 0.192982 0.207171 0.221479 0.23581 0.250067 0.264152 0.277964 0.291405 0.30438 0.316794 0.32856 0.339594 0.349818 0.35916 0.367557 0.374951 0.381292 0.386538 0.390654 0.393613 0.395397 0.395992 0.395397 0.393613 0.390654 0.386538 0.381292 0.374951 0.367557 0.35916 0.349818 0.339594 0.32856 0.316794 0.30438 0.291405 0.277964 0.264152 0.250067 0.23581 0.221479 0.207171 0.192982 0.179003 0.165317 0.152005 0.139138 0.126777 0.114978 0.103784 0.0932312 0.0833442 0.074139 0.0656222 0.0577922 0.0506395 0.0441478 0.0382947 0.0330533 0.0283927 0.0242793 0.0206778 0.0175526 0.0148683 0.0125908 0.0106881 0.00913099 0.00789389 0.00695503 0.00629707 0.00590741 
0.00644417 0.00658702 0.00701835 0.00774647 0.00878506 0.0101529 0.0118735 0.0139747 0.0164878 0.0194474 0.0228901 0.0268536 0.0313761 0.036495 0.0422456 0.0486602 0.0557668 0.0635879 0.0721394 0.0814299 0.091459 0.102217 0.113686 0.125835 0.138625 0.152005 0.165917 0.180289 0.195044 0.210097 0.225354 0.240718 0.256088 0.271358 0.286423 0.301178 0.315519 0.329346 0.34256 0.35507 0.36679 0.377638 0.387543 0.396438 0.404264 0.410971 0.416517 0.420867 0.423993 0.425877 0.426506 0.425877 0.423993 0.420867 0.416517 0.410971 0.404264 0.396438 0.387543 0.377638 0.36679 0.35507 0.34256 0.329346 0.315519 0.301178 0.286423 0.271358 0.256088 0.240718 0.225354 0.210097 0.195044 0.180289 0.165917 0.152005 0.138625 0.125835 0.113686 0.102217 0.091459 0.0814299 0.0721394 0.0635879 0.0557668 0.0486602 0.0422456 0.036495 0.0313761 0.0268536 0.0228901 0.0194474 0.0164878 0.0139747 0.0118735 0.0101529 0.00878506 0.00774647 0.00701835 0.00658702 
0.00715208 0.00730948 0.00778469 0.00858668 0.00973023 0.0112356 0.0131281 0.0154376 0.018198 0.021446 0.0252208 0.0295628 0.0345123 0.0401088 0.0463893 0.0533874 0.0611318 0.0696451 0.0789425 0.0890312 0.0999086 0.111563 0.12397 0.137097 0.150898 0.165317 0.180289 0.195736 0.211573 0.227707 0.244039 0.260463 0.27687 0.293149 0.309189 0.324878 0.340108 0.354774 0.368773 0.382012 0.3944 0.405857 0.416306 0.425682 0.433926 0.440987 0.446821 0.451395 0.454681 0.45666 0.457322 0.45666 0.454681 0.451395 0.446821 0.440987 0.433926 0.425682 0.416306 0.405857 0.3944 0.382012 0.368773 0.354774 0.340108 0.324878 0.309189 0.293149 0.27687 0.260463 0.244039 0.227707 0.211573 0.195736 0.180289 0.165317 0.150898 0.137097 0.12397 0.111563 0.0999086 0.0890312 0.0789425 0.0696451 0.0611318 0.0533874 0.0463893 0.0401088 0.0345123 0.0295628 0.0252208 0.021446 0.018198 0.0154376 0.0131281 0.0112356 0.00973023 0.00858668 0.00778469 0.00730948 
0.00789985 0.00807248 0.0085936 0.00947288 0.0107262 0.0123752 0.0144472 0.0169742 0.0199921 0.0235405 0.0276608 0.0323958 0.0377882 0.0438794 0.0507079 0.0583085 0.0667103 0.0759358 0.0859994 0.0969063 0.108652 0.12122 0.134584 0.148705 0.163532 0.179003 0.195044 0.211573 0.228497 0.245714 0.263118 0.280596 0.298033 0.315311 0.332312 0.348919 0.36502 0.380504 0.395268 0.409212 0.422247 0.434289 0.445262 0.455099 0.463742 0.471139 0.477248 0.482034 0.485472 0.487542 0.488233 0.487542 0.485472 0.482034 0.477248 0.471139 0.463742 0.455099 0.445262 0.434289 0.422247 0.409212 0.395268 0.380504 0.36502 0.348919 0.332312 0.315311 0.298033 0.280596 0.263118 0.245714 0.228497 0.211573 0.195044 0.179003 0.163532 0.148705 0.134584 0.12122 0.108652 0.0969063 0.0859994 0.0759358 0.0667103 0.0583085 0.0507079 0.0438794 0.0377882 0.0323958 0.0276608 0.0235405 0.0199921 0.0169742 0.0144472 0.0123752 0.0107262 0.00947288 0.0085936 0.00807248 
0.00868445 0.00887291 0.00944179 0.0104014 0.0117687 0.0135669 0.0158252 0.0185775 0.0218622 0.0257212 0.0301985 0.0353391 0.041188 0.0477882 0.0551799 0.0633985 0.0724737 0.0824274 0.0932728 0.105013 0.117641 0.131137 0.14547 0.160594 0.176455 0.192982 0.210097 0.227707 0.245714 0.264008 0.282475 0.300995 0.319447 0.337704 0.355645 0.373148 0.390094 0.406371 0.421871 0.436494 0.450148 0.462748 0.474219 0.484493 0.493512 0.501225 0.507592 0.512578 0.516158 0.518313 0.519033 0.518313 0.516158 0.512578 0.507592 0.501225 0.493512 0.484493 0.474219 0.462748 0.450148 0.436494 0.421871 0.406371 0.390094 0.373148 0.355645 0.337704 0.319447 0.300995 0.282475 0.264008 0.245714 0.227707 0.210097 0.192982 0.176455 0.160594 0.14547 0.131137 0.117641 0.105013 0.0932728 0.0824274 0.0724737 0.0633985 0.0551799 0.0477882 0.041188 0.0353391 0.0301985 0.0257212 0.0218622 0.0185775 0.0158252 0.0135669 0.0117687 0.0104014 0.00944179 0.00887291 
0.0095021 0.00970693 0.0103251 0.0113676 0.0128526 0.0148048 0.0172549 0.0202393 0.0237985 0.0279768 0.0328205 0.038377 0.0446931 0.0518138 0.0597804 0.068629 0.0783894 0.0890827 0.100721 0.113305 0.126824 0.141255 0.156561 0.172693 0.189589 0.207171 0.225354 0.244039 0.263118 0.282475 0.301988 0.321531 0.340974 0.360186 0.37904 0.397408 0.415168 0.432205 0.448409 0.463678 0.477918 0.491045 0.502984 0.513667 0.523037 0.531045 0.537651 0.542822 0.546533 0.548766 0.549512 0.548766 0.546533 0.542822 0.537651 0.531045 0.523037 0.513667 0.502984 0.491045 0.477918 0.463678 0.448409 0.432205 0.415168 0.397408 0.37904 0.360186 0.340974 0.321531 0.301988 0.282475 0.263118 0.244039 0.225354 0.207171 0.189589 0.172693 0.156561 0.141255 0.126824 0.113305 0.100721 0.0890827 0.0783894 0.068629 0.0597804 0.0518138 0.0446931 0.038377 0.0328205 0.0279768 0.0237985 0.0202393 0.0172549 0.0148048 0.0128526 0.0113676 0.0103251 0.00970693 
0.0103483 0.0105699 0.0112386 0.0123662 0.0139718 0.0160816 0.0187282 0.02195 0.0257897 0.0302939 0.0355113 0.0414913 0.0482827 0.055932 0.0644816 0.0739682 0.0844211 0.095861 0.108298 0.12173 0.136143 0.15151 0.16779 0.184926 0.20285 0.221479 0.240718 0.260463 0.280596 0.300995 0.321531 0.342069 0.362474 0.382609 0.402341 0.421539 0.440077 0.457837 0.474706 0.490583 0.505374 0.518993 0.531366 0.542428 0.552122 0.560401 0.567226 0.572565 0.576396 0.578701 0.57947 0.578701 0.576396 0.572565 0.567226 0.560401 0.552122 0.542428 0.531366 0.518993 0.505374 0.490583 0.474706 0.457837 0.440077 0.421539 0.402341 0.382609 0.362474 0.342069 0.321531 0.300995 0.280596 0.260463 0.240718 0.221479 0.20285 0.184926 0.16779 0.15151 0.136143 0.12173 0.108298 0.095861 0.0844211 0.0739682 0.0644816 0.055932 0.0482827 0.0414913 0.0355113 0.0302939 0.0257897 0.02195 0.0187282 0.0160816 0.0139718 0.0123662 0.0112386 0.0105699 
0.0112177 0.0114564 0.0121767 0.0133909 0.0151192 0.0173894 0.0202358 0.0236987 0.0278231 0.0326577 0.0382535 0.0446619 0.0519335 0.060116 0.0692529 0.0793811 0.0905296 0.102718 0.115953 0.130233 0.145537 0.161835 0.17908 0.19721 0.21615 0.23581 0.256088 0.27687 0.298033 0.319447 0.340974 0.362474 0.383805 0.404825 0.425396 0.445382 0.464657 0.483097 0.500591 0.517035 0.532336 0.546409 0.559182 0.57059 0.580579 0.589103 0.596125 0.601616 0.605554 0.607923 0.608713 0.607923 0.605554 0.601616 0.596125 0.589103 0.580579 0.57059 0.559182 0.546409 0.532336 0.517035 0.500591 0.483097 0.464657 0.445382 0.425396 0.404825 0.383805 0.362474 0.340974 0.319447 0.298033 0.27687 0.256088 0.23581 0.21615 0.19721 0.17908 0.161835 0.145537 0.130233 0.115953 0.102718 0.0905296 0.0793811 0.0692529 0.060116 0.0519335 0.0446619 0.0382535 0.0326577 0.0278231 0.0236987 0.0202358 0.0173894 0.0151192 0.0133909 0.0121767 0.0114564 
0.0121043 0.0123603 0.0131327 0.0144345 0.0162869 0.0187191 0.0217671 0.0254732 0.0298845 0.0350519 0.0410282 0.0478669 0.0556201 0.0643369 0.0740613 0.0848303 0.0966724 0.109605 0.123635 0.138754 0.154941 0.172159 0.190356 0.209463 0.229399 0.250067 0.271358 0.293149 0.315311 0.337704 0.360186 0.382609 0.404825 0.426687 0.448053 0.468783 0.488747 0.507823 0.525896 0.542864 0.558633 0.573121 0.586255 0.597975 0.608229 0.616971 0.624169 0.629795 0.633827 0.636252 0.637061 0.636252 0.633827 0.629795 0.624169 0.616971 0.608229 0.597975 0.586255 0.573121 0.558633 0.542864 0.525896 0.507823 0.488747 0.468783 0.448053 0.426687 0.404825 0.382609 0.360186 0.337704 0.315311 0.293149 0.271358 0.250067 0.229399 0.209463 0.190356 0.172159 0.154941 0.138754 0.123635 0.109605 0.0966724 0.0848303 0.0740613 0.0643369 0.0556201 0.0478669 0.0410282 0.0350519 0.0298845 0.0254732 0.0217671 0.0187191 0.0162869 0.0144345 0.0131327 0.0123603 
0.0130015 0.0132749 0.0140996 0.0154893 0.0174662 0.0200608 0.0233109 0.0272605 0.0319588 0.0374586 0.0438148 0.0510826 0.0593155 0.0685637 0.0788716 0.0902761 0.102805 0.116474 0.131288 0.147234 0.164288 0.182408 0.201536 0.221598 0.242504 0.264152 0.286423 0.309189 0.332312 0.355645 0.37904 0.402341 0.425396 0.448053 0.470164 0.49159 0.512196 0.531858 0.550464 0.567909 0.584103 0.598964 0.612422 0.62442 0.634906 0.643841 0.651192 0.656934 0.661048 0.663521 0.664347 0.663521 0.661048 0.656934 0.651192 0.643841 0.634906 0.62442 0.612422 0.598964 0.584103 0.567909 0.550464 0.531858 0.512196 0.49159 0.470164 0.448053 0.425396 0.402341 0.37904 0.355645 0.332312 0.309189 0.286423 0.264152 0.242504 0.221598 0.201536 0.182408 0.164288 0.147234 0.131288 0.116474 0.102805 0.0902761 0.0788716 0.0685637 0.0593155 0.0510826 0.0438148 0.0374586 0.0319588 0.0272605 0.0233109 0.0200608 0.0174662 0.0154893 0.0140996 0.0132749 
0.0139022 0.0141929 0.0150697 0.0165469 0.0186477 0.0214039 0.0248549 0.0290464 0.0340296 0.0398591 0.0465917 0.0542841 0.0629912 0.0727639 0.083647 0.0956772 0.108881 0.123273 0.138854 0.155609 0.173509 0.192508 0.21254 0.233527 0.255372 0.277964 0.301178 0.324878 0.348919 0.373148 0.397408 0.421539 0.445382 0.468783 0.49159 0.513659 0.534855 0.555055 0.574144 0.592021 0.608595 0.623787 0.637532 0.649772 0.660461 0.669561 0.677043 0.682884 0.687068 0.689582 0.690421 0.689582 0.687068 0.682884 0.677043 0.669561 0.660461 0.649772 0.637532 0.623787 0.608595 0.592021 0.574144 0.555055 0.534855 0.513659 0.49159 0.468783 0.445382 0.421539 0.397408 0.373148 0.348919 0.324878 0.301178 0.277964 0.255372 0.233527 0.21254 0.192508 0.173509 0.155609 0.138854 0.123273 0.108881 0.0956772 0.083647 0.0727639 0.0629912 0.0542841 0.0465917 0.0398591 0.0340296 0.0290464 0.0248549 0.0214039 0.0186477 0.0165469 0.0150697 0.0141929 
0.0147986 0.0151063 0.0160346 0.0175982 0.0198214 0.0227371 0.0263862 0.0308161 0.0360798 0.0422338 0.0493362 0.0574455 0.0666176 0.076904 0.0883498 0.100991 0.114853 0.129948 0.146275 0.163815 0.182535 0.202382 0.223288 0.245164 0.26791 0.291405 0.315519 0.340108 0.36502 0.390094 0.415168 0.440077 0.464657 0.488747 0.512196 0.534855 0.556591 0.577277 0.596801 0.615062 0.631972 0.647456 0.661448 0.673897 0.684758 0.693998 0.70159 0.707513 0.711753 0.714301 0.715151 0.714301 0.711753 0.707513 0.70159 0.693998 0.684758 0.673897 0.661448 0.647456 0.631972 0.615062 0.596801 0.577277 0.556591 0.534855 0.512196 0.488747 0.464657 0.440077 0.415168 0.390094 0.36502 0.340108 0.315519 0.291405 0.26791 0.245164 0.223288 0.202382 0.182535 0.163815 0.146275 0.129948 0.114853 0.100991 0.0883498 0.076904 0.0666176 0.0574455 0.0493362 0.0422338 0.0360798 0.0308161 0.0263862 0.0227371 0.0198214 0.0175982 0.0160346 0.0151063 
0.0156826 0.0160071 0.0169858 0.018634 0.0209769 0.0240486 0.0278913 0.0325543 0.0380918 0.0445622 0.0520251 0.0605402 0.0701644 0.0809498 0.0929412 0.106174 0.120673 0.136448 0.153494 0.171789 0.191296 0.211957 0.233697 0.256423 0.280026 0.30438 0.329346 0.354774 0.380504 0.406371 0.432205 0.457837 0.483097 0.507823 0.531858 0.555055 0.577277 0.598399 0.61831 0.636909 0.654113 0.669847 0.684052 0.696676 0.707681 0.717036 0.724717 0.730706 0.734992 0.737566 0.738425 0.737566 0.734992 0.730706 0.724717 0.717036 0.707681 0.696676 0.684052 0.669847 0.654113 0.636909 0.61831 0.598399 0.577277 0.555055 0.531858 0.507823 0.483097 0.457837 0.432205 0.406371 0.380504 0.354774 0.329346 0.30438 0.280026 0.256423 0.233697 0.211957 0.191296 0.171789 0.153494 0.136448 0.120673 0.106174 0.0929412 0.0809498 0.0701644 0.0605402 0.0520251 0.0445622 0.0380918 0.0325543 0.0278913 0.0240486 0.0209769 0.018634 0.0169858 0.0160071 
0.0165459 0.0168866 0.0179142 0.0196446 0.0221035 0.0253264 0.0293567 0.0342451 0.0400476 0.0468237 0.0546347 0.0635413 0.0736011 0.0848667 0.0973828 0.111184 0.126293 0.142718 0.160451 0.179468 0.199724 0.221159 0.243691 0.267221 0.291632 0.316794 0.34256 0.368773 0.395268 0.421871 0.448409 0.474706 0.500591 0.525896 0.550464 0.574144 0.596801 0.61831 0.63856 0.657454 0.674909 0.690857 0.705238 0.718008 0.72913 0.738576 0.746327 0.752368 0.756689 0.759284 0.760149 0.759284 0.756689 0.752368 0.746327 0.738576 0.72913 0.718008 0.705238 0.690857 0.674909 0.657454 0.63856 0.61831 0.596801 0.574144 0.550464 0.525896 0.500591 0.474706 0.448409 0.421871 0.395268 0.368773 0.34256 0.316794 0.291632 0.267221 0.243691 0.221159 0.199724 0.179468 0.160451 0.142718 0.126293 0.111184 0.0973828 0.0848667 0.0736011 0.0635413 0.0546347 0.0468237 0.0400476 0.0342451 0.0293567 0.0253264 0.0221035 0.0196446 0.0179142 0.0168866 
0.01738 0.0177364 0.0188109 0.0206201 0.0231904 0.0265583 0.0307685 0.0358729 0.041929 0.0489977 0.0571415 0.0664219 0.0768974 0.0886207 0.101636 0.115978 0.131666 0.148708 0.167092 0.186789 0.207753 0.229916 0.253192 0.277475 0.302644 0.32856 0.35507 0.382012 0.409212 0.436494 0.463678 0.490583 0.517035 0.542864 0.567909 0.592021 0.615062 0.636909 0.657454 0.6766 0.694269 0.710394 0.724921 0.737808 0.749022 0.758539 0.766343 0.772422 0.776768 0.779378 0.780248 0.779378 0.776768 0.772422 0.766343 0.758539 0.749022 0.737808 0.724921 0.710394 0.694269 0.6766 0.657454 0.636909 0.615062 0.592021 0.567909 0.542864 0.517035 0.490583 0.463678 0.436494 0.409212 0.382012 0.35507 0.32856 0.302644 0.277475 0.253192 0.229916 0.207753 0.186789 0.167092 0.148708 0.131666 0.115978 0.101636 0.0886207 0.0768974 0.0664219 0.0571415 0.0489977 0.041929 0.0358729 0.0307685 0.0265583 0.0231904 0.0206201 0.0188109 0.0177364 
