0.00110873 0.00112522 0.00117487 0.0012583 0.00137646 0.0015307 0.00172271 0.00195448 0.00222828 0.00254661 0.00291215 0.0033277 0.00379611 0.00432023 0.00490283 0.00554649 0.00625358 0.00702612 0.00786574 0.00877358 0.00975021 0.0107955 0.0119088 0.0130884 0.014332 0.0156364 0.0169973 0.0184099 0.0198681 0.0213651 0.0228933 0.0244441 0.0260084 0.0275764 0.0291375 0.0306809 0.0321953 0.0336695 0.0350918 0.0364509 0.0377356 0.0389351 0.0400391 0.041038 0.0419228 0.0426856 0.0433196 0.0438189 0.0441788 0.0443962 0.0444688 0.0443962 0.0441788 0.0438189 0.0433196 0.0426856 0.0419228 0.041038 0.0400391 0.0389351 0.0377356 0.0364509 0.0350918 0.0336695 0.0321953 0.0306809 0.0291375 0.0275764 0.0260084 0.0244441 0.0228933 0.0213651 0.0198681 0.0184099 0.0169973 0.0156364 0.014332 0.0130884 0.0119088 0.0107955 0.00975021 0.00877358 0.00786574 0.00702612 0.00625358 0.00554649 0.00490283 0.00432023 0.00379611 0.0033277 0.00291215 0.00254661 0.00222828 0.00195448 0.00172271 0.0015307 0.00137646 0.0012583 0.00117487 0.00112522 
0.00112522 0.00114193 0.00119226 0.00127682 0.00139659 0.00155293 0.00174753 0.00198241 0.00225987 0.00258244 0.00295281 0.00337381 0.00384832 0.00437922 0.00496929 0.00562114 0.00633716 0.00711937 0.00796943 0.00888845 0.00987701 0.010935 0.0120616 0.0132553 0.0145136 0.0158332 0.01721 0.0186389 0.0201137 0.0216277 0.0231731 0.0247413 0.026323 0.0279082 0.0294864 0.0310466 0.0325774 0.0340674 0.0355049 0.0368785 0.0381768 0.0393889 0.0405045 0.0415138 0.0424078 0.0431786 0.0438191 0.0443235 0.0446872 0.0449068 0.0449802 0.0449068 0.0446872 0.0443235 0.0438191 0.0431786 0.0424078 0.0415138 0.0405045 0.0393889 0.0381768 0.0368785 0.0355049 0.0340674 0.0325774 0.0310466 0.0294864 0.0279082 0.026323 0.0247413 0.0231731 0.0216277 0.0201137 0.0186389 0.01721 0.0158332 0.0145136 0.0132553 0.0120616 0.010935 0.00987701 0.00888845 0.00796943 0.00711937 0.00633716 0.00562114 0.00496929 0.00437922 0.00384832 0.00337381 0.00295281 0.00258244 0.00225987 0.00198241 0.00174753 0.00155293 0.00139659 0.00127682 0.00119226 0.00114193 
0.00117487 0.00119226 0.00124464 0.00133263 0.00145723 0.00161986 0.00182227 0.00206652 0.002355 0.00269029 0.00307519 0.00351258 0.00400545 0.00455673 0.00516927 0.00584577 0.00658863 0.00739994 0.00828135 0.00923399 0.0102584 0.0113545 0.0125213 0.0137572 0.0150596 0.0164252 0.0178495 0.0193273 0.0208522 0.0224173 0.0240144 0.0256346 0.0272685 0.0289056 0.0305351 0.0321457 0.0337257 0.0352632 0.0367463 0.0381633 0.0395024 0.0407524 0.0419027 0.0429433 0.043865 0.0446595 0.0453198 0.0458397 0.0462146 0.0464409 0.0465165 0.0464409 0.0462146 0.0458397 0.0453198 0.0446595 0.043865 0.0429433 0.0419027 0.0407524 0.0395024 0.0381633 0.0367463 0.0352632 0.0337257 0.0321457 0.0305351 0.0289056 0.0272685 0.0256346 0.0240144 0.0224173 0.0208522 0.0193273 0.0178495 0.0164252 0.0150596 0.0137572 0.0125213 0.0113545 0.0102584 0.00923399 0.00828135 0.00739994 0.00658863 0.00584577 0.00516927 0.00455673 0.00400545 0.00351258 0.00307519 0.00269029 0.002355 0.00206652 0.00182227 0.00161986 0.00145723 0.00133263 0.00124464 0.00119226 
0.0012583 0.00127682 0.00133263 0.00142635 0.00155907 0.00173226 0.00194774 0.00220772 0.00251466 0.00287128 0.00328051 0.00374539 0.004269 0.00485442 0.00550461 0.00622236 0.00701018 0.00787019 0.00880408 0.00981299 0.0108974 0.0120571 0.0132912 0.0145977 0.015974 0.0174163 0.0189201 0.0204796 0.0220883 0.0237386 0.0254221 0.0271293 0.0288502 0.030574 0.0322891 0.0339839 0.0356459 0.0372628 0.0388221 0.0403113 0.0417185 0.0430318 0.04424 0.0453329 0.0463007 0.0471349 0.047828 0.0483738 0.0487672 0.0490047 0.0490841 0.0490047 0.0487672 0.0483738 0.047828 0.0471349 0.0463007 0.0453329 0.04424 0.0430318 0.0417185 0.0403113 0.0388221 0.0372628 0.0356459 0.0339839 0.0322891 0.030574 0.0288502 0.0271293 0.0254221 0.0237386 0.0220883 0.0204796 0.0189201 0.0174163 0.015974 0.0145977 0.0132912 0.0120571 0.0108974 0.00981299 0.00880408 0.00787019 0.00701018 0.00622236 0.00550461 0.00485442 0.004269 0.00374539 0.00328051 0.00287128 0.00251466 0.00220772 0.00194774 0.00173226 0.00155907 0.00142635 0.00133263 0.00127682 
0.00137646 0.00139659 0.00145723 0.00155907 0.00170325 0.00189134 0.00212531 0.00240747 0.00274048 0.00312722 0.0035708 0.00407445 0.00464143 0.005275 0.00597829 0.00675421 0.00760538 0.00853402 0.00954185 0.01063 0.0117989 0.0130483 0.014377 0.0157829 0.017263 0.0188133 0.0204287 0.0221032 0.0238295 0.0255996 0.0274044 0.0292338 0.0310769 0.0329223 0.0347577 0.0365705 0.0383476 0.0400758 0.0417418 0.0433326 0.0448351 0.046237 0.0475265 0.0486926 0.049725 0.0506148 0.0513539 0.0519359 0.0523554 0.0526086 0.0526933 0.0526086 0.0523554 0.0519359 0.0513539 0.0506148 0.049725 0.0486926 0.0475265 0.046237 0.0448351 0.0433326 0.0417418 0.0400758 0.0383476 0.0365705 0.0347577 0.0329223 0.0310769 0.0292338 0.0274044 0.0255996 0.0238295 0.0221032 0.0204287 0.0188133 0.017263 0.0157829 0.014377 0.0130483 0.0117989 0.01063 0.00954185 0.00853402 0.00760538 0.00675421 0.00597829 0.005275 0.00464143 0.00407445 0.0035708 0.00312722 0.00274048 0.00240747 0.00212531 0.00189134 0.00170325 0.00155907 0.00145723 0.00139659 
0.0015307 0.00155293 0.00161986 0.00173226 0.00189134 0.00209882 0.00235681 0.00266782 0.00303471 0.0034606 0.00394881 0.00450281 0.00512612 0.0058222 0.00659438 0.00744577 0.00837912 0.00939674 0.0105004 0.0116912 0.0129696 0.014335 0.0157862 0.0173207 0.0189351 0.0206251 0.0223849 0.0242079 0.0260862 0.028011 0.0299724 0.0319594 0.0339603 0.0359626 0.0379531 0.039918 0.0418435 0.0437151 0.0455187 0.0472401 0.0488655 0.0503816 0.0517757 0.0530359 0.0541515 0.0551128 0.0559112 0.0565397 0.0569928 0.0572662 0.0573576 0.0572662 0.0569928 0.0565397 0.0559112 0.0551128 0.0541515 0.0530359 0.0517757 0.0503816 0.0488655 0.0472401 0.0455187 0.0437151 0.0418435 0.039918 0.0379531 0.0359626 0.0339603 0.0319594 0.0299724 0.028011 0.0260862 0.0242079 0.0223849 0.0206251 0.0189351 0.0173207 0.0157862 0.014335 0.0129696 0.0116912 0.0105004 0.00939674 0.00837912 0.00744577 0.00659438 0.0058222 0.00512612 0.00450281 0.00394881 0.0034606 0.00303471 0.00266782 0.00235681 0.00209882 0.00189134 0.00173226 0.00161986 0.00155293 
0.00172271 0.00174753 0.00182227 0.00194774 0.00212531 0.00235681 0.00264457 0.00299132 0.00340017 0.00387452 0.00441797 0.00503428 0.00572725 0.00650063 0.00735797 0.00830261 0.00933745 0.0104649 0.0116869 0.0130043 0.0144177 0.0159262 0.0175282 0.0192211 0.0210009 0.0228627 0.0248001 0.0268058 0.028871 0.0309859 0.0331396 0.0353202 0.0375147 0.0397095 0.0418901 0.0440417 0.0461489 0.0481963 0.0501684 0.0520498 0.0538256 0.0554814 0.0570035 0.0583791 0.0595964 0.0606451 0.061516 0.0622015 0.0626955 0.0629936 0.0630933 0.0629936 0.0626955 0.0622015 0.061516 0.0606451 0.0595964 0.0583791 0.0570035 0.0554814 0.0538256 0.0520498 0.0501684 0.0481963 0.0461489 0.0440417 0.0418901 0.0397095 0.0375147 0.0353202 0.0331396 0.0309859 0.028871 0.0268058 0.0248001 0.0228627 0.0210009 0.0192211 0.0175282 0.0159262 0.0144177 0.0130043 0.0116869 0.0104649 0.00933745 0.00830261 0.00735797 0.00650063 0.00572725 0.00503428 0.00441797 0.00387452 0.00340017 0.00299132 0.00264457 0.00235681 0.00212531 0.00194774 0.00182227 0.00174753 
0.00195448 0.00198241 0.00206652 0.00220772 0.00240747 0.00266782 0.00299132 0.00338097 0.00384017 0.00437264 0.00498233 0.00567333 0.00644977 0.00731571 0.00827501 0.00933122 0.0104875 0.0117463 0.0131095 0.0145783 0.0161527 0.017832 0.019614 0.0214957 0.0234726 0.025539 0.0276878 0.0299108 0.0321982 0.0345391 0.0369214 0.0393318 0.0417562 0.0441794 0.0465856 0.0489585 0.0512812 0.0535369 0.0557085 0.0577795 0.0597333 0.0615545 0.063228 0.0647399 0.0660776 0.0672297 0.0681863 0.0689391 0.0694815 0.0698089 0.0699184 0.0698089 0.0694815 0.0689391 0.0681863 0.0672297 0.0660776 0.0647399 0.063228 0.0615545 0.0597333 0.0577795 0.0557085 0.0535369 0.0512812 0.0489585 0.0465856 0.0441794 0.0417562 0.0393318 0.0369214 0.0345391 0.0321982 0.0299108 0.0276878 0.025539 0.0234726 0.0214957 0.019614 0.017832 0.0161527 0.0145783 0.0131095 0.0117463 0.0104875 0.00933122 0.00827501 0.00731571 0.00644977 0.00567333 0.00498233 0.00437264 0.00384017 0.00338097 0.00299132 0.00266782 0.00240747 0.00220772 0.00206652 0.00198241 
0.00222828 0.00225987 0.002355 0.00251466 0.00274048 0.00303471 0.00340017 0.00384017 0.00435845 0.00495909 0.00564644 0.00642498 0.00729921 0.00827353 0.00935215 0.0105389 0.011837 0.0132493 0.0147776 0.016423 0.0181854 0.0200637 0.0220555 0.0241571 0.0263634 0.0286679 0.0310626 0.0335382 0.0360837 0.038687 0.0413345 0.0440116 0.0467024 0.0493903 0.0520578 0.0546868 0.0572589 0.0597555 0.0621579 0.0644478 0.0666075 0.0686196 0.0704679 0.0721373 0.0736139 0.0748853 0.0759407 0.0767711 0.0773695 0.0777306 0.0778513 0.0777306 0.0773695 0.0767711 0.0759407 0.0748853 0.0736139 0.0721373 0.0704679 0.0686196 0.0666075 0.0644478 0.0621579 0.0597555 0.0572589 0.0546868 0.0520578 0.0493903 0.0467024 0.0440116 0.0413345 0.038687 0.0360837 0.0335382 0.0310626 0.0286679 0.0263634 0.0241571 0.0220555 0.0200637 0.0181854 0.016423 0.0147776 0.0132493 0.011837 0.0105389 0.00935215 0.00827353 0.00729921 0.00642498 0.00564644 0.00495909 0.00435845 0.00384017 0.00340017 0.00303471 0.00274048 0.00251466 0.002355 0.00225987 
0.00254661 0.00258244 0.00269029 0.00287128 0.00312722 0.0034606 0.00387452 0.00437264 0.00495909 0.00563839 0.00641528 0.0072947 0.00828157 0.00938069 0.0105966 0.0119334 0.0133947 0.0149833 0.0167012 0.0185491 0.0205271 0.0226335 0.0248656 0.0272189 0.0296876 0.0322643 0.0349399 0.0377039 0.040544 0.0434465 0.0463963 0.0493771 0.0523714 0.0553605 0.0583251 0.0612453 0.0641007 0.0668709 0.0695353 0.0720737 0.0744667 0.0766954 0.0787419 0.0805897 0.0822237 0.0836302 0.0847975 0.0857159 0.0863775 0.0867768 0.0869102 0.0867768 0.0863775 0.0857159 0.0847975 0.0836302 0.0822237 0.0805897 0.0787419 0.0766954 0.0744667 0.0720737 0.0695353 0.0668709 0.0641007 0.0612453 0.0583251 0.0553605 0.0523714 0.0493771 0.0463963 0.0434465 0.040544 0.0377039 0.0349399 0.0322643 0.0296876 0.0272189 0.0248656 0.0226335 0.0205271 0.0185491 0.0167012 0.0149833 0.0133947 0.0119334 0.0105966 0.00938069 0.00828157 0.0072947 0.00641528 0.00563839 0.00495909 0.00437264 0.00387452 0.0034606 0.00312722 0.00287128 0.00269029 0.00258244 
0.00291215 0.00295281 0.00307519 0.00328051 0.0035708 0.00394881 0.00441797 0.00498233 0.00564644 0.00641528 0.00729409 0.00828826 0.00940318 0.0106441 0.0120159 0.0135231 0.0151694 0.0169579 0.0188903 0.0209677 0.0231895 0.0255538 0.0280573 0.0306948 0.0334595 0.0363431 0.0393353 0.042424 0.0455955 0.0488345 0.0521241 0.055446 0.0587808 0.0621078 0.0654055 0.068652 0.0718247 0.0749011 0.0778585 0.0806749 0.0833287 0.0857993 0.0880672 0.0901142 0.0919238 0.0934811 0.0947733 0.0957898 0.096522 0.0969637 0.0971114 0.0969637 0.096522 0.0957898 0.0947733 0.0934811 0.0919238 0.0901142 0.0880672 0.0857993 0.0833287 0.0806749 0.0778585 0.0749011 0.0718247 0.068652 0.0654055 0.0621078 0.0587808 0.055446 0.0521241 0.0488345 0.0455955 0.042424 0.0393353 0.0363431 0.0334595 0.0306948 0.0280573 0.0255538 0.0231895 0.0209677 0.0188903 0.0169579 0.0151694 0.0135231 0.0120159 0.0106441 0.00940318 0.00828826 0.00729409 0.00641528 0.00564644 0.00498233 0.00441797 0.00394881 0.0035708 0.00328051 0.00307519 0.00295281 
0.0033277 0.00337381 0.00351258 0.00374539 0.00407445 0.00450281 0.00503428 0.00567333 0.00642498 0.0072947 0.00828826 0.00941156 0.0106705 0.0120708 0.0136178 0.0153162 0.0171701 0.0191826 0.0213556 0.0236897 0.0261843 0.028837 0.0316436 0.0345983 0.0376934 0.0409191 0.0442638 0.047714 0.0512541 0.0548672 0.0585342 0.0622347 0.0659472 0.0696487 0.0733156 0.0769233 0.0804471 0.0838621 0.0871434 0.0902668 0.0932087 0.0959463 0.0984584 0.100725 0.102728 0.104452 0.105882 0.107006 0.107816 0.108305 0.108468 0.108305 0.107816 0.107006 0.105882 0.104452 0.102728 0.100725 0.0984584 0.0959463 0.0932087 0.0902668 0.0871434 0.0838621 0.0804471 0.0769233 0.0733156 0.0696487 0.0659472 0.0622347 0.0585342 0.0548672 0.0512541 0.047714 0.0442638 0.0409191 0.0376934 0.0345983 0.0316436 0.028837 0.0261843 0.0236897 0.0213556 0.0191826 0.0171701 0.0153162 0.0136178 0.0120708 0.0106705 0.00941156 0.00828826 0.0072947 0.00642498 0.00567333 0.00503428 0.00450281 0.00407445 0.00374539 0.00351258 0.00337381 
0.00379611 0.00384832 0.00400545 0.004269 0.00464143 0.00512612 0.00572725 0.00644977 0.00729921 0.00828157 0.00940318 0.0106705 0.01209 0.0136679 0.0154098 0.017321 0.0194056 0.0216669 0.0241069 0.0267258 0.0295228 0.0324947 0.0356369 0.0389424 0.0424024 0.0460058 0.0497394 0.0535881 0.0575343 0.061559 0.0656411 0.0697578 0.0738851 0.0779977 0.0820693 0.0860729 0.0899812 0.0937668 0.0974025 0.100862 0.104118 0.107148 0.109926 0.112433 0.114647 0.116552 0.118132 0.119374 0.120269 0.120808 0.120989 0.120808 0.120269 0.119374 0.118132 0.116552 0.114647 0.112433 0.109926 0.107148 0.104118 0.100862 0.0974025 0.0937668 0.0899812 0.0860729 0.0820693 0.0779977 0.0738851 0.0697578 0.0656411 0.061559 0.0575343 0.0535881 0.0497394 0.0460058 0.0424024 0.0389424 0.0356369 0.0324947 0.0295228 0.0267258 0.0241069 0.0216669 0.0194056 0.017321 0.0154098 0.0136679 0.01209 0.0106705 0.00940318 0.00828157 0.00729921 0.00644977 0.00572725 0.00512612 0.00464143 0.004269 0.00400545 0.00384832 
0.00432023 0.00437922 0.00455673 0.00485442 0.005275 0.0058222 0.00650063 0.00731571 0.00827353 0.00938069 0.0106441 0.0120708 0.0136679 0.0154419 0.0173992 0.0195451 0.0218842 0.0244198 0.0271536 0.030086 0.0332153 0.036538 0.0400484 0.0437386 0.0475984 0.0516153 0.0557744 0.0600586 0.0644483 0.0689222 0.0734569 0.078027 0.0826059 0.0871656 0.0916771 0.0961108 0.100437 0.104624 0.108644 0.112467 0.116064 0.119409 0.122476 0.125242 0.127685 0.129786 0.131528 0.132897 0.133883 0.134478 0.134677 0.134478 0.133883 0.132897 0.131528 0.129786 0.127685 0.125242 0.122476 0.119409 0.116064 0.112467 0.108644 0.104624 0.100437 0.0961108 0.0916771 0.0871656 0.0826059 0.078027 0.0734569 0.0689222 0.0644483 0.0600586 0.0557744 0.0516153 0.0475984 0.0437386 0.0400484 0.036538 0.0332153 0.030086 0.0271536 0.0244198 0.0218842 0.0195451 0.0173992 0.0154419 0.0136679 0.0120708 0.0106441 0.00938069 0.00827353 0.00731571 0.00650063 0.0058222 0.005275 0.00485442 0.00455673 0.00437922 
0.00490283 0.00496929 0.00516927 0.00550461 0.00597829 0.00659438 0.00735797 0.00827501 0.00935215 0.0105966 0.0120159 0.0136178 0.0154098 0.0173992 0.0195926 0.0219958 0.0246135 0.0274491 0.0305042 0.0337788 0.0372709 0.040976 0.0448876 0.0489966 0.0532913 0.0577575 0.0623785 0.0671351 0.0720055 0.0769658 0.0819901 0.0870503 0.092117 0.0971593 0.102145 0.107042 0.111818 0.116438 0.120871 0.125084 0.129048 0.132732 0.136108 0.139152 0.14184 0.14415 0.146066 0.147572 0.148656 0.149309 0.149528 0.149309 0.148656 0.147572 0.146066 0.14415 0.14184 0.139152 0.136108 0.132732 0.129048 0.125084 0.120871 0.116438 0.111818 0.107042 0.102145 0.0971593 0.092117 0.0870503 0.0819901 0.0769658 0.0720055 0.0671351 0.0623785 0.0577575 0.0532913 0.0489966 0.0448876 0.040976 0.0372709 0.0337788 0.0305042 0.0274491 0.0246135 0.0219958 0.0195926 0.0173992 0.0154098 0.0136178 0.0120159 0.0105966 0.00935215 0.00827501 0.00735797 0.00659438 0.00597829 0.00550461 0.00516927 0.00496929 
0.00554649 0.00562114 0.00584577 0.00622236 0.00675421 0.00744577 0.00830261 0.00933122 0.0105389 0.0119334 0.0135231 0.0153162 0.017321 0.0195451 0.0219958 0.0246791 0.0275999 0.0307615 0.0341656 0.0378116 0.0416969 0.0458162 0.050162 0.0547237 0.0594881 0.0644392 0.0695583 0.0748237 0.0802114 0.0856948 0.0912451 0.0968314 0.102421 0.107981 0.113475 0.118867 0.124123 0.129205 0.134079 0.13871 0.143063 0.147108 0.150814 0.154154 0.157101 0.159635 0.161735 0.163386 0.164574 0.165291 0.16553 0.165291 0.164574 0.163386 0.161735 0.159635 0.157101 0.154154 0.150814 0.147108 0.143063 0.13871 0.134079 0.129205 0.124123 0.118867 0.113475 0.107981 0.102421 0.0968314 0.0912451 0.0856948 0.0802114 0.0748237 0.0695583 0.0644392 0.0594881 0.0547237 0.050162 0.0458162 0.0416969 0.0378116 0.0341656 0.0307615 0.0275999 0.0246791 0.0219958 0.0195451 0.017321 0.0153162 0.0135231 0.0119334 0.0105389 0.00933122 0.00830261 0.00744577 0.00675421 0.00622236 0.00584577 0.00562114 
0.00625358 0.00633716 0.00658863 0.00701018 0.00760538 0.00837912 0.00933745 0.0104875 0.011837 0.0133947 0.0151694 0.0171701 0.0194056 0.0218842 0.0246135 0.0275999 0.0308484 0.0343623 0.0381429 0.0421895 0.0464984 0.0510636 0.0558762 0.0609243 0.0661929 0.071664 0.0773166 0.0831267 0.0890675 0.0951096 0.101221 0.107368 0.113515 0.119625 0.125659 0.131579 0.137344 0.142917 0.148258 0.15333 0.158096 0.162523 0.166577 0.170229 0.173452 0.176221 0.178516 0.18032 0.181618 0.1824 0.182662 0.1824 0.181618 0.18032 0.178516 0.176221 0.173452 0.170229 0.166577 0.162523 0.158096 0.15333 0.148258 0.142917 0.137344 0.131579 0.125659 0.119625 0.113515 0.107368 0.101221 0.0951096 0.0890675 0.0831267 0.0773166 0.071664 0.0661929 0.0609243 0.0558762 0.0510636 0.0464984 0.0421895 0.0381429 0.0343623 0.0308484 0.0275999 0.0246135 0.0218842 0.0194056 0.0171701 0.0151694 0.0133947 0.011837 0.0104875 0.00933745 0.00837912 0.00760538 0.00701018 0.00658863 0.00633716 
0.00702612 0.00711937 0.00739994 0.00787019 0.00853402 0.00939674 0.0104649 0.0117463 0.0132493 0.0149833 0.0169579 0.0191826 0.0216669 0.0244198 0.0274491 0.0307615 0.0343623 0.0382545 0.0424394 0.0469152 0.0516779 0.0567203 0.062032 0.0675995 0.073406 0.0794314 0.0856521 0.0920415 0.0985701 0.105205 0.111912 0.118654 0.125391 0.132082 0.138687 0.145162 0.151466 0.157555 0.163388 0.168924 0.174125 0.178953 0.183373 0.187353 0.190864 0.19388 0.196379 0.198342 0.199755 0.200607 0.200892 0.200607 0.199755 0.198342 0.196379 0.19388 0.190864 0.187353 0.183373 0.178953 0.174125 0.168924 0.163388 0.157555 0.151466 0.145162 0.138687 0.132082 0.125391 0.118654 0.111912 0.105205 0.0985701 0.0920415 0.0856521 0.0794314 0.073406 0.0675995 0.062032 0.0567203 0.0516779 0.0469152 0.0424394 0.0382545 0.0343623 0.0307615 0.0274491 0.0244198 0.0216669 0.0191826 0.0169579 0.0149833 0.0132493 0.0117463 0.0104649 0.00939674 0.00853402 0.00787019 0.00739994 0.00711937 
0.00786574 0.00796943 0.00828135 0.00880408 0.00954185 0.0105004 0.0116869 0.0131095 0.0147776 0.0167012 0.0188903 0.0213556 0.0241069 0.0271536 0.0305042 0.0341656 0.0381429 0.0424394 0.0470554 0.051989 0.0572351 0.0627851 0.0686273 0.0747465 0.0811237 0.0877363 0.0945584 0.101561 0.10871 0.115971 0.123306 0.130673 0.138031 0.145334 0.152538 0.159596 0.166463 0.173093 0.179441 0.185463 0.191117 0.196363 0.201165 0.205487 0.209298 0.212572 0.215283 0.217413 0.218945 0.219869 0.220178 0.219869 0.218945 0.217413 0.215283 0.212572 0.209298 0.205487 0.201165 0.196363 0.191117 0.185463 0.179441 0.173093 0.166463 0.159596 0.152538 0.145334 0.138031 0.130673 0.123306 0.115971 0.10871 0.101561 0.0945584 0.0877363 0.0811237 0.0747465 0.0686273 0.0627851 0.0572351 0.051989 0.0470554 0.0424394 0.0381429 0.0341656 0.0305042 0.0271536 0.0241069 0.0213556 0.0188903 0.0167012 0.0147776 0.0131095 0.0116869 0.0105004 0.00954185 0.00880408 0.00828135 0.00796943 
0.00877358 0.00888845 0.00923399 0.00981299 0.01063 0.0116912 0.0130043 0.0145783 0.016423 0.0185491 0.0209677 0.0236897 0.0267258 0.030086 0.0337788 0.0378116 0.0421895 0.0469152 0.051989 0.0574081 0.063166 0.0692533 0.0756564 0.0823581 0.0893373 0.0965689 0.104024 0.11167 0.119472 0.12739 0.135383 0.143405 0.151412 0.159354 0.167183 0.17485 0.182304 0.189497 0.19638 0.202906 0.209031 0.214711 0.219908 0.224584 0.228707 0.232246 0.235178 0.237479 0.239136 0.240134 0.240468 0.240134 0.239136 0.237479 0.235178 0.232246 0.228707 0.224584 0.219908 0.214711 0.209031 0.202906 0.19638 0.189497 0.182304 0.17485 0.167183 0.159354 0.151412 0.143405 0.135383 0.12739 0.119472 0.11167 0.104024 0.0965689 0.0893373 0.0823581 0.0756564 0.0692533 0.063166 0.0574081 0.051989 0.0469152 0.0421895 0.0378116 0.0337788 0.030086 0.0267258 0.0236897 0.0209677 0.0185491 0.016423 0.0145783 0.0130043 0.0116912 0.01063 0.00981299 0.00923399 0.00888845 
0.00975021 0.00987701 0.0102584 0.0108974 0.0117989 0.0129696 0.0144177 0.0161527 0.0181854 0.0205271 0.0231895 0.0261843 0.0295228 0.0332153 0.0372709 0.0416969 0.0464984 0.0516779 0.0572351 0.063166 0.0694635 0.0761163 0.0831092 0.0904228 0.0980336 0.105914 0.114032 0.122352 0.130835 0.139438 0.148117 0.156821 0.165503 0.174109 0.182587 0.190884 0.198946 0.206721 0.214157 0.221204 0.227815 0.233943 0.239547 0.244588 0.24903 0.252843 0.256 0.258479 0.260262 0.261337 0.261696 0.261337 0.260262 0.258479 0.256 0.252843 0.24903 0.244588 0.239547 0.233943 0.227815 0.221204 0.214157 0.206721 0.198946 0.190884 0.182587 0.174109 0.165503 0.156821 0.148117 0.139438 0.130835 0.122352 0.114032 0.105914 0.0980336 0.0904228 0.0831092 0.0761163 0.0694635 0.063166 0.0572351 0.0516779 0.0464984 0.0416969 0.0372709 0.0332153 0.0295228 0.0261843 0.0231895 0.0205271 0.0181854 0.0161527 0.0144177 0.0129696 0.0117989 0.0108974 0.0102584 0.00987701 
0.0107955 0.010935 0.0113545 0.0120571 0.0130483 0.014335 0.0159262 0.017832 0.0200637 0.0226335 0.0255538 0.028837 0.0324947 0.036538 0.040976 0.0458162 0.0510636 0.0567203 0.0627851 0.0692533 0.0761163 0.0833613 0.0909711 0.098924 0.107194 0.115751 0.124559 0.13358 0.142771 0.152085 0.161474 0.170885 0.180264 0.189556 0.198704 0.207651 0.216339 0.224712 0.232717 0.240298 0.247407 0.253994 0.260015 0.265428 0.270198 0.274291 0.277678 0.280338 0.282251 0.283404 0.283789 0.283404 0.282251 0.280338 0.277678 0.274291 0.270198 0.265428 0.260015 0.253994 0.247407 0.240298 0.232717 0.224712 0.216339 0.207651 0.198704 0.189556 0.180264 0.170885 0.161474 0.152085 0.142771 0.13358 0.124559 0.115751 0.107194 0.098924 0.0909711 0.0833613 0.0761163 0.0692533 0.0627851 0.0567203 0.0510636 0.0458162 0.040976 0.036538 0.0324947 0.028837 0.0255538 0.0226335 0.0200637 0.017832 0.0159262 0.014335 0.0130483 0.0120571 0.0113545 0.010935 
0.0119088 0.0120616 0.0125213 0.0132912 0.014377 0.0157862 0.0175282 0.019614 0.0220555 0.0248656 0.0280573 0.0316436 0.0356369 0.0400484 0.0448876 0.050162 0.0558762 0.062032 0.0686273 0.0756564 0.0831092 0.0909711 0.0992227 0.10784 0.116795 0.126052 0.135576 0.145322 0.155244 0.165292 0.175414 0.185552 0.195649 0.205645 0.21548 0.225092 0.234421 0.243407 0.251992 0.260119 0.267735 0.274789 0.281234 0.287028 0.29213 0.296506 0.300128 0.302971 0.305015 0.306247 0.306659 0.306247 0.305015 0.302971 0.300128 0.296506 0.29213 0.287028 0.281234 0.274789 0.267735 0.260119 0.251992 0.243407 0.234421 0.225092 0.21548 0.205645 0.195649 0.185552 0.175414 0.165292 0.155244 0.145322 0.135576 0.126052 0.116795 0.10784 0.0992227 0.0909711 0.0831092 0.0756564 0.0686273 0.062032 0.0558762 0.050162 0.0448876 0.0400484 0.0356369 0.0316436 0.0280573 0.0248656 0.0220555 0.019614 0.0175282 0.0157862 0.014377 0.0132912 0.0125213 0.0120616 
0.0130884 0.0132553 0.0137572 0.0145977 0.0157829 0.0173207 0.0192211 0.0214957 0.0241571 0.0272189 0.0306948 0.0345983 0.0389424 0.0437386 0.0489966 0.0547237 0.0609243 0.0675995 0.0747465 0.0823581 0.0904228 0.098924 0.10784 0.117145 0.126806 0.136787 0.147047 0.157539 0.168213 0.179015 0.189888 0.200771 0.211602 0.222318 0.232853 0.243144 0.253125 0.262733 0.271907 0.280588 0.288718 0.296246 0.30312 0.309296 0.314734 0.319398 0.323256 0.326283 0.32846 0.329772 0.33021 0.329772 0.32846 0.326283 0.323256 0.319398 0.314734 0.309296 0.30312 0.296246 0.288718 0.280588 0.271907 0.262733 0.253125 0.243144 0.232853 0.222318 0.211602 0.200771 0.189888 0.179015 0.168213 0.157539 0.147047 0.136787 0.126806 0.117145 0.10784 0.098924 0.0904228 0.0823581 0.0747465 0.0675995 0.0609243 0.0547237 0.0489966 0.0437386 0.0389424 0.0345983 0.0306948 0.0272189 0.0241571 0.0214957 0.0192211 0.0173207 0.0157829 0.0145977 0.0137572 0.0132553 
0.014332 0.0145136 0.0150596 0.015974 0.017263 0.0189351 0.0210009 0.0234726 0.0263634 0.0296876 0.0334595 0.0376934 0.0424024 0.0475984 0.0532913 0.0594881 0.0661929 0.073406 0.0811237 0.0893373 0.0980336 0.107194 0.116795 0.126806 0.137194 0.147918 0.158932 0.170188 0.181631 0.193202 0.204841 0.216482 0.22806 0.239507 0.250753 0.261731 0.272372 0.28261 0.292379 0.301618 0.310266 0.31827 0.325575 0.332137 0.337912 0.342863 0.346958 0.350171 0.35248 0.353872 0.354337 0.353872 0.35248 0.350171 0.346958 0.342863 0.337912 0.332137 0.325575 0.31827 0.310266 0.301618 0.292379 0.28261 0.272372 0.261731 0.250753 0.239507 0.22806 0.216482 0.204841 0.193202 0.181631 0.170188 0.158932 0.147918 0.137194 0.126806 0.116795 0.107194 0.0980336 0.0893373 0.0811237 0.073406 0.0661929 0.0594881 0.0532913 0.0475984 0.0424024 0.0376934 0.0334595 0.0296876 0.0263634 0.0234726 0.0210009 0.0189351 0.017263 0.015974 0.0150596 0.0145136 
0.0156364 0.0158332 0.0164252 0.0174163 0.0188133 0.0206251 0.0228627 0.025539 0.0286679 0.0322643 0.0363431 0.0409191 0.0460058 0.0516153 0.0577575 0.0644392 0.071664 0.0794314 0.0877363 0.0965689 0.105914 0.115751 0.126052 0.136787 0.147918 0.159399 0.171184 0.183218 0.195442 0.207795 0.22021 0.23262 0.244953 0.257138 0.269102 0.280772 0.292078 0.302948 0.313314 0.323113 0.33228 0.34076 0.348497 0.355444 0.361555 0.366792 0.371123 0.374521 0.376962 0.378434 0.378925 0.378434 0.376962 0.374521 0.371123 0.366792 0.361555 0.355444 0.348497 0.34076 0.33228 0.323113 0.313314 0.302948 0.292078 0.280772 0.269102 0.257138 0.244953 0.23262 0.22021 0.207795 0.195442 0.183218 0.171184 0.159399 0.147918 0.136787 0.126052 0.115751 0.105914 0.0965689 0.0877363 0.0794314 0.071664 0.0644392 0.0577575 0.0516153 0.0460058 0.0409191 0.0363431 0.0322643 0.0286679 0.025539 0.0228627 0.0206251 0.0188133 0.0174163 0.0164252 0.0158332 
0.0169973 0.01721 0.0178495 0.0189201 0.0204287 0.0223849 0.0248001 0.0276878 0.0310626 0.0349399 0.0393353 0.0442638 0.0497394 0.0557744 0.0623785 0.0695583 0.0773166 0.0856521 0.0945584 0.104024 0.114032 0.124559 0.135576 0.147047 0.158932 0.171184 0.183749 0.196571 0.209586 0.222728 0.235928 0.249112 0.262205 0.275132 0.287815 0.30018 0.31215 0.323651 0.334614 0.34497 0.354655 0.363608 0.371774 0.379102 0.385547 0.391069 0.395634 0.399213 0.401786 0.403336 0.403854 0.403336 0.401786 0.399213 0.395634 0.391069 0.385547 0.379102 0.371774 0.363608 0.354655 0.34497 0.334614 0.323651 0.31215 0.30018 0.287815 0.275132 0.262205 0.249112 0.235928 0.222728 0.209586 0.196571 0.183749 0.171184 0.158932 0.147047 0.135576 0.124559 0.114032 0.104024 0.0945584 0.0856521 0.0773166 0.0695583 0.0623785 0.0557744 0.0497394 0.0442638 0.0393353 0.0349399 0.0310626 0.0276878 0.0248001 0.0223849 0.0204287 0.0189201 0.0178495 0.01721 
0.0184099 0.0186389 0.0193273 0.0204796 0.0221032 0.0242079 0.0268058 0.0299108 0.0335382 0.0377039 0.042424 0.047714 0.0535881 0.0600586 0.0671351 0.0748237 0.0831267 0.0920415 0.101561 0.11167 0.122352 0.13358 0.145322 0.157539 0.170188 0.183218 0.196571 0.210186 0.223997 0.237933 0.251919 0.265878 0.279732 0.2934 0.306802 0.319858 0.332489 0.344619 0.356174 0.367082 0.377279 0.3867 0.395289 0.402994 0.409767 0.415569 0.420364 0.424123 0.426824 0.428452 0.428995 0.428452 0.426824 0.424123 0.420364 0.415569 0.409767 0.402994 0.395289 0.3867 0.377279 0.367082 0.356174 0.344619 0.332489 0.319858 0.306802 0.2934 0.279732 0.265878 0.251919 0.237933 0.223997 0.210186 0.196571 0.183218 0.170188 0.157539 0.145322 0.13358 0.122352 0.11167 0.101561 0.0920415 0.0831267 0.0748237 0.0671351 0.0600586 0.0535881 0.047714 0.042424 0.0377039 0.0335382 0.0299108 0.0268058 0.0242079 0.0221032 0.0204796 0.0193273 0.0186389 
0.0198681 0.0201137 0.0208522 0.0220883 0.0238295 0.0260862 0.028871 0.0321982 0.0360837 0.040544 0.0455955 0.0512541 0.0575343 0.0644483 0.0720055 0.0802114 0.0890675 0.0985701 0.10871 0.119472 0.130835 0.142771 0.155244 0.168213 0.181631 0.195442 0.209586 0.223997 0.238605 0.253333 0.268104 0.282837 0.297447 0.311852 0.325966 0.339707 0.352993 0.365743 0.377881 0.389335 0.400034 0.409916 0.418921 0.426995 0.43409 0.440166 0.445186 0.44912 0.451947 0.45365 0.454219 0.45365 0.451947 0.44912 0.445186 0.440166 0.43409 0.426995 0.418921 0.409916 0.400034 0.389335 0.377881 0.365743 0.352993 0.339707 0.325966 0.311852 0.297447 0.282837 0.268104 0.253333 0.238605 0.223997 0.209586 0.195442 0.181631 0.168213 0.155244 0.142771 0.130835 0.119472 0.10871 0.0985701 0.0890675 0.0802114 0.0720055 0.0644483 0.0575343 0.0512541 0.0455955 0.040544 0.0360837 0.0321982 0.028871 0.0260862 0.0238295 0.0220883 0.0208522 0.0201137 
0.0213651 0.0216277 0.0224173 0.0237386 0.0255996 0.028011 0.0309859 0.0345391 0.038687 0.0434465 0.0488345 0.0548672 0.061559 0.0689222 0.0769658 0.0856948 0.0951096 0.105205 0.115971 0.12739 0.139438 0.152085 0.165292 0.179015 0.193202 0.207795 0.222728 0.237933 0.253333 0.26885 0.284401 0.299899 0.315259 0.330391 0.345209 0.359625 0.373554 0.386913 0.399624 0.411611 0.422803 0.433134 0.442544 0.450977 0.458387 0.464729 0.469967 0.474072 0.477021 0.478797 0.479391 0.478797 0.477021 0.474072 0.469967 0.464729 0.458387 0.450977 0.442544 0.433134 0.422803 0.411611 0.399624 0.386913 0.373554 0.359625 0.345209 0.330391 0.315259 0.299899 0.284401 0.26885 0.253333 0.237933 0.222728 0.207795 0.193202 0.179015 0.165292 0.152085 0.139438 0.12739 0.115971 0.105205 0.0951096 0.0856948 0.0769658 0.0689222 0.061559 0.0548672 0.0488345 0.0434465 0.038687 0.0345391 0.0309859 0.028011 0.0255996 0.0237386 0.0224173 0.0216277 
0.0228933 0.0231731 0.0240144 0.0254221 0.0274044 0.0299724 0.0331396 0.0369214 0.0413345 0.0463963 0.0521241 0.0585342 0.0656411 0.0734569 0.0819901 0.0912451 0.101221 0.111912 0.123306 0.135383 0.148117 0.161474 0.175414 0.189888 0.204841 0.22021 0.235928 0.251919 0.268104 0.284401 0.30072 0.316974 0.333071 0.348918 0.364426 0.379503 0.394061 0.408016 0.421285 0.433791 0.445461 0.456229 0.466031 0.474814 0.482526 0.489126 0.494575 0.498845 0.501912 0.503759 0.504375 0.503759 0.501912 0.498845 0.494575 0.489126 0.482526 0.474814 0.466031 0.456229 0.445461 0.433791 0.421285 0.408016 0.394061 0.379503 0.364426 0.348918 0.333071 0.316974 0.30072 0.284401 0.268104 0.251919 0.235928 0.22021 0.204841 0.189888 0.175414 0.161474 0.148117 0.135383 0.123306 0.111912 0.101221 0.0912451 0.0819901 0.0734569 0.0656411 0.0585342 0.0521241 0.0463963 0.0413345 0.0369214 0.0331396 0.0299724 0.0274044 0.0254221 0.0240144 0.0231731 
0.0244441 0.0247413 0.0256346 0.0271293 0.0292338 0.0319594 0.0353202 0.0393318 0.0440116 0.0493771 0.055446 0.0622347 0.0697578 0.078027 0.0870503 0.0968314 0.107368 0.118654 0.130673 0.143405 0.156821 0.170885 0.185552 0.200771 0.216482 0.23262 0.249112 0.265878 0.282837 0.299899 0.316974 0.333968 0.350786 0.367332 0.383513 0.399233 0.414404 0.428936 0.442746 0.455754 0.467887 0.479076 0.489257 0.498375 0.506379 0.513226 0.518878 0.523305 0.526485 0.528399 0.529038 0.528399 0.526485 0.523305 0.518878 0.513226 0.506379 0.498375 0.489257 0.479076 0.467887 0.455754 0.442746 0.428936 0.414404 0.399233 0.383513 0.367332 0.350786 0.333968 0.316974 0.299899 0.282837 0.265878 0.249112 0.23262 0.216482 0.200771 0.185552 0.170885 0.156821 0.143405 0.130673 0.118654 0.107368 0.0968314 0.0870503 0.078027 0.0697578 0.0622347 0.055446 0.0493771 0.0440116 0.0393318 0.0353202 0.0319594 0.0292338 0.0271293 0.0256346 0.0247413 
0.0260084 0.026323 0.0272685 0.0288502 0.0310769 0.0339603 0.0375147 0.0417562 0.0467024 0.0523714 0.0587808 0.0659472 0.0738851 0.0826059 0.092117 0.102421 0.113515 0.125391 0.138031 0.151412 0.165503 0.180264 0.195649 0.211602 0.22806 0.244953 0.262205 0.279732 0.297447 0.315259 0.333071 0.350786 0.368305 0.385531 0.402363 0.418707 0.434469 0.449559 0.46389 0.477381 0.489958 0.501551 0.512095 0.521533 0.529816 0.536898 0.542744 0.547321 0.550608 0.552587 0.553248 0.552587 0.550608 0.547321 0.542744 0.536898 0.529816 0.521533 0.512095 0.501551 0.489958 0.477381 0.46389 0.449559 0.434469 0.418707 0.402363 0.385531 0.368305 0.350786 0.333071 0.315259 0.297447 0.279732 0.262205 0.244953 0.22806 0.211602 0.195649 0.180264 0.165503 0.151412 0.138031 0.125391 0.113515 0.102421 0.092117 0.0826059 0.0738851 0.0659472 0.0587808 0.0523714 0.0467024 0.0417562 0.0375147 0.0339603 0.0310769 0.0288502 0.0272685 0.026323 
0.0275764 0.0279082 0.0289056 0.030574 0.0329223 0.0359626 0.0397095 0.0441794 0.0493903 0.0553605 0.0621078 0.0696487 0.0779977 0.0871656 0.0971593 0.107981 0.119625 0.132082 0.145334 0.159354 0.174109 0.189556 0.205645 0.222318 0.239507 0.257138 0.275132 0.2934 0.311852 0.330391 0.348918 0.367332 0.385531 0.403411 0.420873 0.437817 0.454147 0.46977 0.4846 0.498554 0.511555 0.523532 0.534421 0.544164 0.552711 0.560017 0.566045 0.570765 0.574153 0.576193 0.576874 0.576193 0.574153 0.570765 0.566045 0.560017 0.552711 0.544164 0.534421 0.523532 0.511555 0.498554 0.4846 0.46977 0.454147 0.437817 0.420873 0.403411 0.385531 0.367332 0.348918 0.330391 0.311852 0.2934 0.275132 0.257138 0.239507 0.222318 0.205645 0.189556 0.174109 0.159354 0.145334 0.132082 0.119625 0.107981 0.0971593 0.0871656 0.0779977 0.0696487 0.0621078 0.0553605 0.0493903 0.0441794 0.0397095 0.0359626 0.0329223 0.030574 0.0289056 0.0279082 
0.0291375 0.0294864 0.0305351 0.0322891 0.0347577 0.0379531 0.0418901 0.0465856 0.0520578 0.0583251 0.0654055 0.0733156 0.0820693 0.0916771 0.102145 0.113475 0.125659 0.138687 0.152538 0.167183 0.182587 0.198704 0.21548 0.232853 0.250753 0.269102 0.287815 0.306802 0.325966 0.345209 0.364426 0.383513 0.402363 0.420873 0.438937 0.456455 0.473327 0.48946 0.504765 0.519157 0.532559 0.5449 0.556115 0.566146 0.574942 0.582458 0.588658 0.593512 0.596995 0.599092 0.599792 0.599092 0.596995 0.593512 0.588658 0.582458 0.574942 0.566146 0.556115 0.5449 0.532559 0.519157 0.504765 0.48946 0.473327 0.456455 0.438937 0.420873 0.402363 0.383513 0.364426 0.345209 0.325966 0.306802 0.287815 0.269102 0.250753 0.232853 0.21548 0.198704 0.182587 0.167183 0.152538 0.138687 0.125659 0.113475 0.102145 0.0916771 0.0820693 0.0733156 0.0654055 0.0583251 0.0520578 0.0465856 0.0418901 0.0379531 0.0347577 0.0322891 0.0305351 0.0294864 
0.0306809 0.0310466 0.0321457 0.0339839 0.0365705 0.039918 0.0440417 0.0489585 0.0546868 0.0612453 0.068652 0.0769233 0.0860729 0.0961108 0.107042 0.118867 0.131579 0.145162 0.159596 0.17485 0.190884 0.207651 0.225092 0.243144 0.261731 0.280772 0.30018 0.319858 0.339707 0.359625 0.379503 0.399233 0.418707 0.437817 0.456455 0.474517 0.491904 0.508519 0.524272 0.539079 0.552859 0.565542 0.577063 0.587364 0.596392 0.604105 0.610466 0.615444 0.619017 0.621167 0.621884 0.621167 0.619017 0.615444 0.610466 0.604105 0.596392 0.587364 0.577063 0.565542 0.552859 0.539079 0.524272 0.508519 0.491904 0.474517 0.456455 0.437817 0.418707 0.399233 0.379503 0.359625 0.339707 0.319858 0.30018 0.280772 0.261731 0.243144 0.225092 0.207651 0.190884 0.17485 0.159596 0.145162 0.131579 0.118867 0.107042 0.0961108 0.0860729 0.0769233 0.068652 0.0612453 0.0546868 0.0489585 0.0440417 0.039918 0.0365705 0.0339839 0.0321457 0.0310466 
0.0321953 0.0325774 0.0337257 0.0356459 0.0383476 0.0418435 0.0461489 0.0512812 0.0572589 0.0641007 0.0718247 0.0804471 0.0899812 0.100437 0.111818 0.124123 0.137344 0.151466 0.166463 0.182304 0.198946 0.216339 0.234421 0.253125 0.272372 0.292078 0.31215 0.332489 0.352993 0.373554 0.394061 0.414404 0.434469 0.454147 0.473327 0.491904 0.509776 0.526844 0.543018 0.558212 0.572347 0.58535 0.597156 0.607707 0.616952 0.624848 0.631357 0.636451 0.640105 0.642305 0.643039 0.642305 0.640105 0.636451 0.631357 0.624848 0.616952 0.607707 0.597156 0.58535 0.572347 0.558212 0.543018 0.526844 0.509776 0.491904 0.473327 0.454147 0.434469 0.414404 0.394061 0.373554 0.352993 0.332489 0.31215 0.292078 0.272372 0.253125 0.234421 0.216339 0.198946 0.182304 0.166463 0.151466 0.137344 0.124123 0.111818 0.100437 0.0899812 0.0804471 0.0718247 0.0641007 0.0572589 0.0512812 0.0461489 0.0418435 0.0383476 0.0356459 0.0337257 0.0325774 
0.0336695 0.0340674 0.0352632 0.0372628 0.0400758 0.0437151 0.0481963 0.0535369 0.0597555 0.0668709 0.0749011 0.0838621 0.0937668 0.104624 0.116438 0.129205 0.142917 0.157555 0.173093 0.189497 0.206721 0.224712 0.243407 0.262733 0.28261 0.302948 0.323651 0.344619 0.365743 0.386913 0.408016 0.428936 0.449559 0.46977 0.48946 0.508519 0.526844 0.544336 0.560903 0.576458 0.590921 0.60422 0.61629 0.627073 0.636518 0.644582 0.651228 0.656428 0.660158 0.662402 0.663151 0.662402 0.660158 0.656428 0.651228 0.644582 0.636518 0.627073 0.61629 0.60422 0.590921 0.576458 0.560903 0.544336 0.526844 0.508519 0.48946 0.46977 0.449559 0.428936 0.408016 0.386913 0.365743 0.344619 0.323651 0.302948 0.28261 0.262733 0.243407 0.224712 0.206721 0.189497 0.173093 0.157555 0.142917 0.129205 0.116438 0.104624 0.0937668 0.0838621 0.0749011 0.0668709 0.0597555 0.0535369 0.0481963 0.0437151 0.0400758 0.0372628 0.0352632 0.0340674 
0.0350918 0.0355049 0.0367463 0.0388221 0.0417418 0.0455187 0.0501684 0.0557085 0.0621579 0.0695353 0.0778585 0.0871434 0.0974025 0.108644 0.120871 0.134079 0.148258 0.163388 0.179441 0.19638 0.214157 0.232717 0.251992 0.271907 0.292379 0.313314 0.334614 0.356174 0.377881 0.399624 0.421285 0.442746 0.46389 0.4846 0.504765 0.524272 0.543018 0.560903 0.577833 0.593721 0.608487 0.622058 0.63437 0.645366 0.654993 0.663211 0.669983 0.675279 0.679078 0.681363 0.682126 0.681363 0.679078 0.675279 0.669983 0.663211 0.654993 0.645366 0.63437 0.622058 0.608487 0.593721 0.577833 0.560903 0.543018 0.524272 0.504765 0.4846 0.46389 0.442746 0.421285 0.399624 0.377881 0.356174 0.334614 0.313314 0.292379 0.271907 0.251992 0.232717 0.214157 0.19638 0.179441 0.163388 0.148258 0.134079 0.120871 0.108644 0.0974025 0.0871434 0.0778585 0.0695353 0.0621579 0.0557085 0.0501684 0.0455187 0.0417418 0.0388221 0.0367463 0.0355049 
0.0364509 0.0368785 0.0381633 0.0403113 0.0433326 0.0472401 0.0520498 0.0577795 0.0644478 0.0720737 0.0806749 0.0902668 0.100862 0.112467 0.125084 0.13871 0.15333 0.168924 0.185463 0.202906 0.221204 0.240298 0.260119 0.280588 0.301618 0.323113 0.34497 0.367082 0.389335 0.411611 0.433791 0.455754 0.477381 0.498554 0.519157 0.539079 0.558212 0.576458 0.593721 0.609913 0.624956 0.638776 0.651309 0.662498 0.672291 0.680648 0.687533 0.692917 0.696778 0.699101 0.699876 0.699101 0.696778 0.692917 0.687533 0.680648 0.672291 0.662498 0.651309 0.638776 0.624956 0.609913 0.593721 0.576458 0.558212 0.539079 0.519157 0.498554 0.477381 0.455754 0.433791 0.411611 0.389335 0.367082 0.34497 0.323113 0.301618 0.280588 0.260119 0.240298 0.221204 0.202906 0.185463 0.168924 0.15333 0.13871 0.125084 0.112467 0.100862 0.0902668 0.0806749 0.0720737 0.0644478 0.0577795 0.0520498 0.0472401 0.0433326 0.0403113 0.0381633 0.0368785 
0.0377356 0.0381768 0.0395024 0.0417185 0.0448351 0.0488655 0.0538256 0.0597333 0.0666075 0.0744667 0.0833287 0.0932087 0.104118 0.116064 0.129048 0.143063 0.158096 0.174125 0.191117 0.209031 0.227815 0.247407 0.267735 0.288718 0.310266 0.33228 0.354655 0.377279 0.400034 0.422803 0.445461 0.467887 0.489958 0.511555 0.532559 0.552859 0.572347 0.590921 0.608487 0.624956 0.64025 0.654295 0.667027 0.678389 0.688332 0.696814 0.703801 0.709263 0.71318 0.715536 0.716322 0.715536 0.71318 0.709263 0.703801 0.696814 0.688332 0.678389 0.667027 0.654295 0.64025 0.624956 0.608487 0.590921 0.572347 0.552859 0.532559 0.511555 0.489958 0.467887 0.445461 0.422803 0.400034 0.377279 0.354655 0.33228 0.310266 0.288718 0.267735 0.247407 0.227815 0.209031 0.191117 0.174125 0.158096 0.143063 0.129048 0.116064 0.104118 0.0932087 0.0833287 0.0744667 0.0666075 0.0597333 0.0538256 0.0488655 0.0448351 0.0417185 0.0395024 0.0381768 
