0.000758403 0.000771173 0.000809674 0.000874473 0.000966506 0.00108706 0.00123778 0.00142058 0.00163769 0.00189157 0.00218487 0.0025204 0.00290106 0.00332978 0.00380944 0.00434283 0.00493255 0.00558095 0.00629 0.00706127 0.00789584 0.00879419 0.00975613 0.0107808 0.0118665 0.0130107 0.0142102 0.0154606 0.0167568 0.0180929 0.019462 0.0208564 0.0222677 0.0236867 0.0251038 0.0265087 0.027891 0.0292396 0.0305438 0.0317925 0.0329751 0.0340811 0.0351006 0.0360242 0.0368433 0.0375503 0.0381383 0.0386016 0.0389359 0.0391377 0.0392052 0.0391377 0.0389359 0.0386016 0.0381383 0.0375503 0.0368433 0.0360242 0.0351006 0.0340811 0.0329751 0.0317925 0.0305438 0.0292396 0.027891 0.0265087 0.0251038 0.0236867 0.0222677 0.0208564 0.019462 0.0180929 0.0167568 0.0154606 0.0142102 0.0130107 0.0118665 0.0107808 0.00975613 0.00879419 0.00789584 0.00706127 0.00629 0.00558095 0.00493255 0.00434283 0.00380944 0.00332978 0.00290106 0.0025204 0.00218487 0.00189157 0.00163769 0.00142058 0.00123778 0.00108706 0.000966506 0.000874473 0.000809674 0.000771173 
0.000771173 0.000784142 0.000823241 0.000889043 0.000982498 0.00110491 0.00125794 0.00144353 0.00166393 0.00192163 0.00221932 0.00255984 0.00294611 0.0033811 0.00386772 0.0044088 0.00500694 0.00566451 0.00638351 0.00716552 0.0080116 0.00892222 0.00989721 0.0109356 0.0120358 0.0131951 0.0144103 0.015677 0.0169899 0.0183431 0.0197295 0.0211415 0.0225704 0.024007 0.0254415 0.0268636 0.0282626 0.0296276 0.0309474 0.032211 0.0334076 0.0345267 0.0355582 0.0364927 0.0373214 0.0380365 0.0386314 0.0391001 0.0394382 0.0396424 0.0397107 0.0396424 0.0394382 0.0391001 0.0386314 0.0380365 0.0373214 0.0364927 0.0355582 0.0345267 0.0334076 0.032211 0.0309474 0.0296276 0.0282626 0.0268636 0.0254415 0.024007 0.0225704 0.0211415 0.0197295 0.0183431 0.0169899 0.015677 0.0144103 0.0131951 0.0120358 0.0109356 0.00989721 0.00892222 0.0080116 0.00716552 0.00638351 0.00566451 0.00500694 0.0044088 0.00386772 0.0033811 0.00294611 0.00255984 0.00221932 0.00192163 0.00166393 0.00144353 0.00125794 0.00110491 0.000982498 0.000889043 0.000823241 0.000784142 
0.000809674 0.000823241 0.000864139 0.000932966 0.0010307 0.00115871 0.00131869 0.00151267 0.00174299 0.00201221 0.00232312 0.00267864 0.00308181 0.00353568 0.00404326 0.00460744 0.00523091 0.0059161 0.00666503 0.00747932 0.00836003 0.00930759 0.0103218 0.0114016 0.0125453 0.0137501 0.0150125 0.0163279 0.0176911 0.0190956 0.0205342 0.0219988 0.0234807 0.0249701 0.0264571 0.0279308 0.0293802 0.030794 0.0321609 0.0334693 0.0347081 0.0358664 0.0369339 0.0379009 0.0387583 0.0394982 0.0401136 0.0405984 0.0409482 0.0411594 0.04123 0.0411594 0.0409482 0.0405984 0.0401136 0.0394982 0.0387583 0.0379009 0.0369339 0.0358664 0.0347081 0.0334693 0.0321609 0.030794 0.0293802 0.0279308 0.0264571 0.0249701 0.0234807 0.0219988 0.0205342 0.0190956 0.0176911 0.0163279 0.0150125 0.0137501 0.0125453 0.0114016 0.0103218 0.00930759 0.00836003 0.00747932 0.00666503 0.0059161 0.00523091 0.00460744 0.00404326 0.00353568 0.00308181 0.00267864 0.00232312 0.00201221 0.00174299 0.00151267 0.00131869 0.00115871 0.0010307 0.000932966 0.000864139 0.000823241 
0.000874473 0.000889043 0.000932966 0.00100687 0.0011118 0.0012492 0.00142086 0.00162894 0.0018759 0.00216445 0.00249754 0.00287825 0.00330978 0.00379532 0.00433804 0.00494098 0.00560692 0.0063384 0.00713751 0.00800589 0.0089446 0.00995405 0.0110339 0.0121831 0.0133995 0.0146804 0.0160218 0.017419 0.0188661 0.0203564 0.0218822 0.023435 0.0250053 0.0265831 0.0281576 0.0297175 0.0312512 0.0327467 0.034192 0.0355752 0.0368844 0.0381083 0.039236 0.0402572 0.0411626 0.0419438 0.0425933 0.0431051 0.0434743 0.0436972 0.0437717 0.0436972 0.0434743 0.0431051 0.0425933 0.0419438 0.0411626 0.0402572 0.039236 0.0381083 0.0368844 0.0355752 0.034192 0.0327467 0.0312512 0.0297175 0.0281576 0.0265831 0.0250053 0.023435 0.0218822 0.0203564 0.0188661 0.017419 0.0160218 0.0146804 0.0133995 0.0121831 0.0110339 0.00995405 0.0089446 0.00800589 0.00713751 0.0063384 0.00560692 0.00494098 0.00433804 0.00379532 0.00330978 0.00287825 0.00249754 0.00216445 0.0018759 0.00162894 0.00142086 0.0012492 0.0011118 0.00100687 0.000932966 0.000889043 
0.000966506 0.000982498 0.0010307 0.0011118 0.00122692 0.00137761 0.00156581 0.00179384 0.00206435 0.00238027 0.00274473 0.00316106 0.00363267 0.00416299 0.00475538 0.00541306 0.006139 0.00693583 0.00780577 0.00875048 0.00977103 0.0108677 0.0120402 0.0132871 0.0146061 0.0159941 0.0174468 0.018959 0.0205243 0.0221353 0.0237839 0.0254606 0.0271554 0.0288573 0.0305548 0.0322359 0.0338879 0.0354981 0.0370537 0.0385418 0.0399498 0.0412657 0.0424777 0.0435751 0.0445478 0.0453868 0.0460844 0.0466339 0.0470303 0.0472696 0.0473496 0.0472696 0.0470303 0.0466339 0.0460844 0.0453868 0.0445478 0.0435751 0.0424777 0.0412657 0.0399498 0.0385418 0.0370537 0.0354981 0.0338879 0.0322359 0.0305548 0.0288573 0.0271554 0.0254606 0.0237839 0.0221353 0.0205243 0.018959 0.0174468 0.0159941 0.0146061 0.0132871 0.0120402 0.0108677 0.00977103 0.00875048 0.00780577 0.00693583 0.006139 0.00541306 0.00475538 0.00416299 0.00363267 0.00316106 0.00274473 0.00238027 0.00206435 0.00179384 0.00156581 0.00137761 0.00122692 0.0011118 0.0010307 0.000982498 
0.00108706 0.00110491 0.00115871 0.0012492 0.00137761 0.00154564 0.00175541 0.00200947 0.00231069 0.00266226 0.00306761 0.00353034 0.00405416 0.00464276 0.00529979 0.00602868 0.00683263 0.00771443 0.0086764 0.00972026 0.0108471 0.0120571 0.0133496 0.0147232 0.0161753 0.0177021 0.019299 0.0209601 0.0226784 0.0244457 0.026253 0.0280899 0.0299456 0.031808 0.0336645 0.0355019 0.0373067 0.039065 0.0407628 0.0423862 0.0439218 0.0453562 0.046677 0.0478726 0.048932 0.0498456 0.050605 0.0512032 0.0516346 0.0518951 0.0519821 0.0518951 0.0516346 0.0512032 0.050605 0.0498456 0.048932 0.0478726 0.046677 0.0453562 0.0439218 0.0423862 0.0407628 0.039065 0.0373067 0.0355019 0.0336645 0.031808 0.0299456 0.0280899 0.026253 0.0244457 0.0226784 0.0209601 0.019299 0.0177021 0.0161753 0.0147232 0.0133496 0.0120571 0.0108471 0.00972026 0.0086764 0.00771443 0.00683263 0.00602868 0.00529979 0.00464276 0.00405416 0.00353034 0.00306761 0.00266226 0.00231069 0.00200947 0.00175541 0.00154564 0.00137761 0.0012492 0.00115871 0.00110491 
0.00123778 0.00125794 0.00131869 0.00142086 0.00156581 0.00175541 0.00199202 0.00227843 0.00261782 0.0030137 0.00346984 0.00399019 0.0045788 0.00523972 0.0059769 0.00679408 0.00769469 0.00868172 0.00975761 0.0109242 0.0121824 0.0135324 0.0149734 0.0165035 0.0181198 0.0198179 0.0215926 0.0234373 0.025344 0.0273038 0.0293065 0.0313407 0.0333942 0.0354538 0.0375057 0.0395353 0.0415278 0.0434678 0.0453402 0.0471297 0.0488216 0.0504015 0.0518557 0.0531715 0.0543371 0.0553422 0.0561774 0.0568352 0.0573094 0.0575958 0.0576915 0.0575958 0.0573094 0.0568352 0.0561774 0.0553422 0.0543371 0.0531715 0.0518557 0.0504015 0.0488216 0.0471297 0.0453402 0.0434678 0.0415278 0.0395353 0.0375057 0.0354538 0.0333942 0.0313407 0.0293065 0.0273038 0.025344 0.0234373 0.0215926 0.0198179 0.0181198 0.0165035 0.0149734 0.0135324 0.0121824 0.0109242 0.00975761 0.00868172 0.00769469 0.00679408 0.0059769 0.00523972 0.0045788 0.00399019 0.00346984 0.0030137 0.00261782 0.00227843 0.00199202 0.00175541 0.00156581 0.00142086 0.00131869 0.00125794 
0.00142058 0.00144353 0.00151267 0.00162894 0.00179384 0.00200947 0.00227843 0.00260384 0.00298922 0.00343847 0.00395575 0.00454544 0.00521199 0.00595986 0.00679336 0.00771658 0.00873322 0.0098465 0.011059 0.0123726 0.0137882 0.0153059 0.0169245 0.0186418 0.0204542 0.0223571 0.0243441 0.0264078 0.0285394 0.0307286 0.032964 0.035233 0.037522 0.0398163 0.0421005 0.0443586 0.0465739 0.0487298 0.0508094 0.052796 0.0546733 0.0564257 0.058038 0.0594964 0.0607879 0.0619012 0.0628262 0.0635546 0.0640796 0.0643966 0.0645026 0.0643966 0.0640796 0.0635546 0.0628262 0.0619012 0.0607879 0.0594964 0.058038 0.0564257 0.0546733 0.052796 0.0508094 0.0487298 0.0465739 0.0443586 0.0421005 0.0398163 0.037522 0.035233 0.032964 0.0307286 0.0285394 0.0264078 0.0243441 0.0223571 0.0204542 0.0186418 0.0169245 0.0153059 0.0137882 0.0123726 0.011059 0.0098465 0.00873322 0.00771658 0.00679336 0.00595986 0.00521199 0.00454544 0.00395575 0.00343847 0.00298922 0.00260384 0.00227843 0.00200947 0.00179384 0.00162894 0.00151267 0.00144353 
0.00163769 0.00166393 0.00174299 0.0018759 0.00206435 0.00231069 0.00261782 0.00298922 0.00342882 0.00394096 0.00453026 0.00520158 0.00595984 0.00680995 0.00775666 0.00880444 0.00995729 0.0112187 0.0125914 0.0140773 0.0156772 0.0173911 0.0192174 0.0211535 0.0231952 0.0253369 0.0275716 0.0298907 0.0322842 0.0347406 0.0372469 0.0397891 0.0423519 0.0449188 0.0474728 0.0499959 0.0524698 0.054876 0.0571957 0.0594107 0.0615028 0.0634548 0.0652501 0.0668734 0.0683105 0.069549 0.0705778 0.0713877 0.0719715 0.0723239 0.0724417 0.0723239 0.0719715 0.0713877 0.0705778 0.069549 0.0683105 0.0668734 0.0652501 0.0634548 0.0615028 0.0594107 0.0571957 0.054876 0.0524698 0.0499959 0.0474728 0.0449188 0.0423519 0.0397891 0.0372469 0.0347406 0.0322842 0.0298907 0.0275716 0.0253369 0.0231952 0.0211535 0.0192174 0.0173911 0.0156772 0.0140773 0.0125914 0.0112187 0.00995729 0.00880444 0.00775666 0.00680995 0.00595984 0.00520158 0.00453026 0.00394096 0.00342882 0.00298922 0.00261782 0.00231069 0.00206435 0.0018759 0.00174299 0.00166393 
0.00189157 0.00192163 0.00201221 0.00216445 0.00238027 0.00266226 0.0030137 0.00343847 0.00394096 0.004526 0.00519876 0.00596461 0.00682901 0.00779739 0.00887497 0.0100666 0.0113767 0.012809 0.0143664 0.0160508 0.017863 0.0198026 0.0218677 0.0240551 0.02636 0.0287758 0.0312945 0.0339062 0.0365996 0.0393617 0.0421778 0.0450321 0.0479075 0.0507856 0.0536472 0.0564725 0.059241 0.0619322 0.0645253 0.0669999 0.0693362 0.0715151 0.0735183 0.0753289 0.0769314 0.0783119 0.0794585 0.080361 0.0810114 0.081404 0.0815352 0.081404 0.0810114 0.080361 0.0794585 0.0783119 0.0769314 0.0753289 0.0735183 0.0715151 0.0693362 0.0669999 0.0645253 0.0619322 0.059241 0.0564725 0.0536472 0.0507856 0.0479075 0.0450321 0.0421778 0.0393617 0.0365996 0.0339062 0.0312945 0.0287758 0.02636 0.0240551 0.0218677 0.0198026 0.017863 0.0160508 0.0143664 0.012809 0.0113767 0.0100666 0.00887497 0.00779739 0.00682901 0.00596461 0.00519876 0.004526 0.00394096 0.00343847 0.0030137 0.00266226 0.00238027 0.00216445 0.00201221 0.00192163 
0.00218487 0.00221932 0.00232312 0.00249754 0.00274473 0.00306761 0.00346984 0.00395575 0.00453026 0.00519876 0.00596698 0.00684091 0.00782659 0.00893001 0.0101569 0.0115127 0.013002 0.0146288 0.0163963 0.0183064 0.0203597 0.0225555 0.0248915 0.0273639 0.0299668 0.0326928 0.0355326 0.0384751 0.0415071 0.044614 0.0477794 0.0509854 0.0542128 0.057441 0.0606485 0.0638134 0.0669127 0.0699236 0.0728233 0.0755891 0.0781991 0.080632 0.0828679 0.0848882 0.0866756 0.0882151 0.0894933 0.0904993 0.0912241 0.0916616 0.0918079 0.0916616 0.0912241 0.0904993 0.0894933 0.0882151 0.0866756 0.0848882 0.0828679 0.080632 0.0781991 0.0755891 0.0728233 0.0699236 0.0669127 0.0638134 0.0606485 0.057441 0.0542128 0.0509854 0.0477794 0.044614 0.0415071 0.0384751 0.0355326 0.0326928 0.0299668 0.0273639 0.0248915 0.0225555 0.0203597 0.0183064 0.0163963 0.0146288 0.013002 0.0115127 0.0101569 0.00893001 0.00782659 0.00684091 0.00596698 0.00519876 0.00453026 0.00395575 0.00346984 0.00306761 0.00274473 0.00249754 0.00232312 0.00221932 
0.0025204 0.00255984 0.00267864 0.00287825 0.00316106 0.00353034 0.00399019 0.00454544 0.00520158 0.00596461 0.00684091 0.00783711 0.00895991 0.0102159 0.0116114 0.0131522 0.0148435 0.0166896 0.0186936 0.0208575 0.0231817 0.0256652 0.0283052 0.0310969 0.0340336 0.0371068 0.0403057 0.0436175 0.0470276 0.0505192 0.0540739 0.0576716 0.0612906 0.0649081 0.0685 0.0720419 0.0755083 0.0788739 0.0821133 0.0852016 0.0881145 0.0908286 0.0933219 0.0955738 0.0975657 0.0992807 0.100704 0.101824 0.102632 0.103119 0.103281 0.103119 0.102632 0.101824 0.100704 0.0992807 0.0975657 0.0955738 0.0933219 0.0908286 0.0881145 0.0852016 0.0821133 0.0788739 0.0755083 0.0720419 0.0685 0.0649081 0.0612906 0.0576716 0.0540739 0.0505192 0.0470276 0.0436175 0.0403057 0.0371068 0.0340336 0.0310969 0.0283052 0.0256652 0.0231817 0.0208575 0.0186936 0.0166896 0.0148435 0.0131522 0.0116114 0.0102159 0.00895991 0.00783711 0.00684091 0.00596461 0.00520158 0.00454544 0.00399019 0.00353034 0.00316106 0.00287825 0.00267864 0.00255984 
0.00290106 0.00294611 0.00308181 0.00330978 0.00363267 0.00405416 0.0045788 0.00521199 0.00595984 0.00682901 0.00782659 0.00895991 0.0102364 0.0116632 0.0132474 0.0149951 0.0169121 0.0190028 0.0212705 0.0237172 0.0263431 0.0291467 0.0321244 0.0352707 0.0385778 0.0420358 0.0456323 0.0493529 0.0531809 0.0570974 0.0610818 0.0651113 0.0691618 0.0732078 0.0772227 0.0811789 0.0850485 0.0888034 0.0924155 0.0958573 0.0991019 0.102124 0.104899 0.107404 0.10962 0.111526 0.113109 0.114354 0.115251 0.115792 0.115973 0.115792 0.115251 0.114354 0.113109 0.111526 0.10962 0.107404 0.104899 0.102124 0.0991019 0.0958573 0.0924155 0.0888034 0.0850485 0.0811789 0.0772227 0.0732078 0.0691618 0.0651113 0.0610818 0.0570974 0.0531809 0.0493529 0.0456323 0.0420358 0.0385778 0.0352707 0.0321244 0.0291467 0.0263431 0.0237172 0.0212705 0.0190028 0.0169121 0.0149951 0.0132474 0.0116632 0.0102364 0.00895991 0.00782659 0.00682901 0.00595984 0.00521199 0.0045788 0.00405416 0.00363267 0.00330978 0.00308181 0.00294611 
0.00332978 0.0033811 0.00353568 0.00379532 0.00416299 0.00464276 0.00523972 0.00595986 0.00680995 0.00779739 0.00893001 0.0102159 0.0116632 0.0132799 0.0150734 0.0170508 0.0192178 0.0215794 0.024139 0.0268983 0.0298573 0.0330139 0.036364 0.0399008 0.0436154 0.0474963 0.0515295 0.0556986 0.0599847 0.0643665 0.0688209 0.0733225 0.0778443 0.0823579 0.0868338 0.0912414 0.0955499 0.0997282 0.103745 0.107571 0.111176 0.114532 0.117612 0.120392 0.12285 0.124964 0.126719 0.128099 0.129093 0.129692 0.129893 0.129692 0.129093 0.128099 0.126719 0.124964 0.12285 0.120392 0.117612 0.114532 0.111176 0.107571 0.103745 0.0997282 0.0955499 0.0912414 0.0868338 0.0823579 0.0778443 0.0733225 0.0688209 0.0643665 0.0599847 0.0556986 0.0515295 0.0474963 0.0436154 0.0399008 0.036364 0.0330139 0.0298573 0.0268983 0.024139 0.0215794 0.0192178 0.0170508 0.0150734 0.0132799 0.0116632 0.0102159 0.00893001 0.00779739 0.00680995 0.00595986 0.00523972 0.00464276 0.00416299 0.00379532 0.00353568 0.0033811 
0.00380944 0.00386772 0.00404326 0.00433804 0.00475538 0.00529979 0.0059769 0.00679336 0.00775666 0.00887497 0.0101569 0.0116114 0.0132474 0.0150734 0.0170979 0.019328 0.0217703 0.0244297 0.0273098 0.0304121 0.0337363 0.0372797 0.0410371 0.0450008 0.0491603 0.0535027 0.0580118 0.0626692 0.0674535 0.072341 0.0773056 0.0823191 0.0873516 0.0923714 0.0973459 0.102241 0.107024 0.111659 0.116112 0.120352 0.124344 0.128059 0.131468 0.134543 0.137261 0.139598 0.141537 0.143062 0.14416 0.144823 0.145044 0.144823 0.14416 0.143062 0.141537 0.139598 0.137261 0.134543 0.131468 0.128059 0.124344 0.120352 0.116112 0.111659 0.107024 0.102241 0.0973459 0.0923714 0.0873516 0.0823191 0.0773056 0.072341 0.0674535 0.0626692 0.0580118 0.0535027 0.0491603 0.0450008 0.0410371 0.0372797 0.0337363 0.0304121 0.0273098 0.0244297 0.0217703 0.019328 0.0170979 0.0150734 0.0132474 0.0116114 0.0101569 0.00887497 0.00775666 0.00679336 0.0059769 0.00529979 0.00475538 0.00433804 0.00404326 0.00386772 
0.00434283 0.0044088 0.00460744 0.00494098 0.00541306 0.00602868 0.00679408 0.00771658 0.00880444 0.0100666 0.0115127 0.0131522 0.0149951 0.0170508 0.019328 0.0218348 0.0245779 0.0275626 0.0307924 0.0342687 0.0379906 0.0419547 0.0461548 0.0505819 0.055224 0.0600662 0.0650904 0.0702757 0.0755981 0.0810311 0.0865457 0.0921104 0.0976922 0.103256 0.108766 0.114184 0.119474 0.124598 0.129519 0.134201 0.138607 0.142706 0.146465 0.149855 0.152849 0.155424 0.15756 0.159239 0.160448 0.161177 0.161421 0.161177 0.160448 0.159239 0.15756 0.155424 0.152849 0.149855 0.146465 0.142706 0.138607 0.134201 0.129519 0.124598 0.119474 0.114184 0.108766 0.103256 0.0976922 0.0921104 0.0865457 0.0810311 0.0755981 0.0702757 0.0650904 0.0600662 0.055224 0.0505819 0.0461548 0.0419547 0.0379906 0.0342687 0.0307924 0.0275626 0.0245779 0.0218348 0.019328 0.0170508 0.0149951 0.0131522 0.0115127 0.0100666 0.00880444 0.00771658 0.00679408 0.00602868 0.00541306 0.00494098 0.00460744 0.0044088 
0.00493255 0.00500694 0.00523091 0.00560692 0.006139 0.00683263 0.00769469 0.00873322 0.00995729 0.0113767 0.013002 0.0148435 0.0169121 0.0192178 0.0217703 0.0245779 0.0276479 0.0309857 0.0345947 0.0384761 0.0426283 0.0470471 0.0517253 0.0566523 0.0618145 0.0671947 0.0727728 0.078525 0.0844247 0.0904423 0.0965456 0.1027 0.108868 0.115013 0.121093 0.127069 0.132899 0.138543 0.14396 0.14911 0.153956 0.158461 0.162591 0.166314 0.169601 0.172427 0.174771 0.176613 0.177939 0.178739 0.179006 0.178739 0.177939 0.176613 0.174771 0.172427 0.169601 0.166314 0.162591 0.158461 0.153956 0.14911 0.14396 0.138543 0.132899 0.127069 0.121093 0.115013 0.108868 0.1027 0.0965456 0.0904423 0.0844247 0.078525 0.0727728 0.0671947 0.0618145 0.0566523 0.0517253 0.0470471 0.0426283 0.0384761 0.0345947 0.0309857 0.0276479 0.0245779 0.0217703 0.0192178 0.0169121 0.0148435 0.013002 0.0113767 0.00995729 0.00873322 0.00769469 0.00683263 0.006139 0.00560692 0.00523091 0.00500694 
0.00558095 0.00566451 0.0059161 0.0063384 0.00693583 0.00771443 0.00868172 0.0098465 0.0112187 0.012809 0.0146288 0.0166896 0.0190028 0.0215794 0.0244297 0.0275626 0.0309857 0.0347045 0.0387223 0.0430398 0.047655 0.0525625 0.0577538 0.0632168 0.0689358 0.0748916 0.0810614 0.0874187 0.0939339 0.100574 0.107304 0.114084 0.120875 0.127635 0.13432 0.140885 0.147286 0.153479 0.159419 0.165064 0.170372 0.175305 0.179824 0.183897 0.187492 0.190582 0.193143 0.195156 0.196605 0.197479 0.197771 0.197479 0.196605 0.195156 0.193143 0.190582 0.187492 0.183897 0.179824 0.175305 0.170372 0.165064 0.159419 0.153479 0.147286 0.140885 0.13432 0.127635 0.120875 0.114084 0.107304 0.100574 0.0939339 0.0874187 0.0810614 0.0748916 0.0689358 0.0632168 0.0577538 0.0525625 0.047655 0.0430398 0.0387223 0.0347045 0.0309857 0.0275626 0.0244297 0.0215794 0.0190028 0.0166896 0.0146288 0.012809 0.0112187 0.0098465 0.00868172 0.00771443 0.00693583 0.0063384 0.0059161 0.00566451 
0.00629 0.00638351 0.00666503 0.00713751 0.00780577 0.0086764 0.00975761 0.011059 0.0125914 0.0143664 0.0163963 0.0186936 0.0212705 0.024139 0.0273098 0.0307924 0.0345947 0.0387223 0.0431782 0.0479628 0.053073 0.0585026 0.0642414 0.0702757 0.0765876 0.0831555 0.0899538 0.0969531 0.104121 0.11142 0.118811 0.126253 0.133701 0.141109 0.14843 0.155615 0.162615 0.169384 0.175872 0.182035 0.187827 0.193206 0.198132 0.20257 0.206486 0.209851 0.212639 0.21483 0.216406 0.217357 0.217675 0.217357 0.216406 0.21483 0.212639 0.209851 0.206486 0.20257 0.198132 0.193206 0.187827 0.182035 0.175872 0.169384 0.162615 0.155615 0.14843 0.141109 0.133701 0.126253 0.118811 0.11142 0.104121 0.0969531 0.0899538 0.0831555 0.0765876 0.0702757 0.0642414 0.0585026 0.053073 0.0479628 0.0431782 0.0387223 0.0345947 0.0307924 0.0273098 0.024139 0.0212705 0.0186936 0.0163963 0.0143664 0.0125914 0.011059 0.00975761 0.0086764 0.00780577 0.00713751 0.00666503 0.00638351 
0.00706127 0.00716552 0.00747932 0.00800589 0.00875048 0.00972026 0.0109242 0.0123726 0.0140773 0.0160508 0.0183064 0.0208575 0.0237172 0.0268983 0.0304121 0.0342687 0.0384761 0.0430398 0.0479628 0.0532446 0.0588814 0.0648655 0.0711854 0.0778251 0.0847646 0.0919797 0.0994417 0.107118 0.114972 0.122965 0.131052 0.139188 0.147324 0.155411 0.163397 0.171229 0.178855 0.186223 0.193283 0.199984 0.206278 0.212121 0.21747 0.222286 0.226534 0.230183 0.233207 0.235581 0.23729 0.238321 0.238665 0.238321 0.23729 0.235581 0.233207 0.230183 0.226534 0.222286 0.21747 0.212121 0.206278 0.199984 0.193283 0.186223 0.178855 0.171229 0.163397 0.155411 0.147324 0.139188 0.131052 0.122965 0.114972 0.107118 0.0994417 0.0919797 0.0847646 0.0778251 0.0711854 0.0648655 0.0588814 0.0532446 0.0479628 0.0430398 0.0384761 0.0342687 0.0304121 0.0268983 0.0237172 0.0208575 0.0183064 0.0160508 0.0140773 0.0123726 0.0109242 0.00972026 0.00875048 0.00800589 0.00747932 0.00716552 
0.00789584 0.0080116 0.00836003 0.0089446 0.00977103 0.0108471 0.0121824 0.0137882 0.0156772 0.017863 0.0203597 0.0231817 0.0263431 0.0298573 0.0337363 0.0379906 0.0426283 0.047655 0.053073 0.0588814 0.0650751 0.0716452 0.0785781 0.0858559 0.0934561 0.101351 0.10951 0.117897 0.126471 0.135188 0.144002 0.152862 0.161716 0.170509 0.179185 0.187689 0.195964 0.203954 0.211604 0.218861 0.225674 0.231996 0.23778 0.242986 0.247576 0.251518 0.254782 0.257346 0.259191 0.260303 0.260675 0.260303 0.259191 0.257346 0.254782 0.251518 0.247576 0.242986 0.23778 0.231996 0.225674 0.218861 0.211604 0.203954 0.195964 0.187689 0.179185 0.170509 0.161716 0.152862 0.144002 0.135188 0.126471 0.117897 0.10951 0.101351 0.0934561 0.0858559 0.0785781 0.0716452 0.0650751 0.0588814 0.053073 0.047655 0.0426283 0.0379906 0.0337363 0.0298573 0.0263431 0.0231817 0.0203597 0.017863 0.0156772 0.0137882 0.0121824 0.0108471 0.00977103 0.0089446 0.00836003 0.0080116 
0.00879419 0.00892222 0.00930759 0.00995405 0.0108677 0.0120571 0.0135324 0.0153059 0.0173911 0.0198026 0.0225555 0.0256652 0.0291467 0.0330139 0.0372797 0.0419547 0.0470471 0.0525625 0.0585026 0.0648655 0.0716452 0.0788309 0.0864072 0.0943538 0.102646 0.111252 0.120139 0.129265 0.138589 0.14806 0.157629 0.16724 0.176836 0.18636 0.195751 0.204948 0.213892 0.222521 0.230778 0.238606 0.245952 0.252763 0.258993 0.264598 0.269538 0.273778 0.277289 0.280046 0.282029 0.283225 0.283624 0.283225 0.282029 0.280046 0.277289 0.273778 0.269538 0.264598 0.258993 0.252763 0.245952 0.238606 0.230778 0.222521 0.213892 0.204948 0.195751 0.18636 0.176836 0.16724 0.157629 0.14806 0.138589 0.129265 0.120139 0.111252 0.102646 0.0943538 0.0864072 0.0788309 0.0716452 0.0648655 0.0585026 0.0525625 0.0470471 0.0419547 0.0372797 0.0330139 0.0291467 0.0256652 0.0225555 0.0198026 0.0173911 0.0153059 0.0135324 0.0120571 0.0108677 0.00995405 0.00930759 0.00892222 
0.00975613 0.00989721 0.0103218 0.0110339 0.0120402 0.0133496 0.0149734 0.0169245 0.0192174 0.0218677 0.0248915 0.0283052 0.0321244 0.036364 0.0410371 0.0461548 0.0517253 0.0577538 0.0642414 0.0711854 0.0785781 0.0864072 0.094655 0.103299 0.112311 0.121657 0.131299 0.141193 0.151292 0.161544 0.171891 0.182277 0.192639 0.202914 0.213038 0.222947 0.232574 0.241858 0.250736 0.259147 0.267035 0.274346 0.281029 0.287038 0.292333 0.296877 0.300638 0.30359 0.305714 0.306994 0.307422 0.306994 0.305714 0.30359 0.300638 0.296877 0.292333 0.287038 0.281029 0.274346 0.267035 0.259147 0.250736 0.241858 0.232574 0.222947 0.213038 0.202914 0.192639 0.182277 0.171891 0.161544 0.151292 0.141193 0.131299 0.121657 0.112311 0.103299 0.094655 0.0864072 0.0785781 0.0711854 0.0642414 0.0577538 0.0517253 0.0461548 0.0410371 0.036364 0.0321244 0.0283052 0.0248915 0.0218677 0.0192174 0.0169245 0.0149734 0.0133496 0.0120402 0.0110339 0.0103218 0.00989721 
0.0107808 0.0109356 0.0114016 0.0121831 0.0132871 0.0147232 0.0165035 0.0186418 0.0211535 0.0240551 0.0273639 0.0310969 0.0352707 0.0399008 0.0450008 0.0505819 0.0566523 0.0632168 0.0702757 0.0778251 0.0858559 0.0943538 0.103299 0.112666 0.122423 0.132534 0.142956 0.153642 0.16454 0.175593 0.186741 0.197921 0.209066 0.22011 0.230983 0.241616 0.251941 0.261889 0.271397 0.280399 0.288837 0.296653 0.303794 0.310213 0.315866 0.320715 0.324728 0.327877 0.330142 0.331507 0.331963 0.331507 0.330142 0.327877 0.324728 0.320715 0.315866 0.310213 0.303794 0.296653 0.288837 0.280399 0.271397 0.261889 0.251941 0.241616 0.230983 0.22011 0.209066 0.197921 0.186741 0.175593 0.16454 0.153642 0.142956 0.132534 0.122423 0.112666 0.103299 0.0943538 0.0858559 0.0778251 0.0702757 0.0632168 0.0566523 0.0505819 0.0450008 0.0399008 0.0352707 0.0310969 0.0273639 0.0240551 0.0211535 0.0186418 0.0165035 0.0147232 0.0132871 0.0121831 0.0114016 0.0109356 
0.0118665 0.0120358 0.0125453 0.0133995 0.0146061 0.0161753 0.0181198 0.0204542 0.0231952 0.02636 0.0299668 0.0340336 0.0385778 0.0436154 0.0491603 0.055224 0.0618145 0.0689358 0.0765876 0.0847646 0.0934561 0.102646 0.112311 0.122423 0.132948 0.143845 0.155069 0.166567 0.178283 0.190156 0.202121 0.21411 0.226053 0.237877 0.24951 0.260878 0.271908 0.282529 0.292672 0.30227 0.311261 0.319584 0.327186 0.334015 0.340027 0.345183 0.349448 0.352794 0.3552 0.35665 0.357134 0.35665 0.3552 0.352794 0.349448 0.345183 0.340027 0.334015 0.327186 0.319584 0.311261 0.30227 0.292672 0.282529 0.271908 0.260878 0.24951 0.237877 0.226053 0.21411 0.202121 0.190156 0.178283 0.166567 0.155069 0.143845 0.132948 0.122423 0.112311 0.102646 0.0934561 0.0847646 0.0765876 0.0689358 0.0618145 0.055224 0.0491603 0.0436154 0.0385778 0.0340336 0.0299668 0.02636 0.0231952 0.0204542 0.0181198 0.0161753 0.0146061 0.0133995 0.0125453 0.0120358 
0.0130107 0.0131951 0.0137501 0.0146804 0.0159941 0.0177021 0.0198179 0.0223571 0.0253369 0.0287758 0.0326928 0.0371068 0.0420358 0.0474963 0.0535027 0.0600662 0.0671947 0.0748916 0.0831555 0.0919797 0.101351 0.111252 0.121657 0.132534 0.143845 0.155547 0.167589 0.179915 0.192464 0.205171 0.217966 0.230775 0.243525 0.256139 0.268538 0.280646 0.292385 0.303682 0.314462 0.324657 0.334201 0.343032 0.351092 0.35833 0.3647 0.37016 0.374675 0.378217 0.380763 0.382298 0.38281 0.382298 0.380763 0.378217 0.374675 0.37016 0.3647 0.35833 0.351092 0.343032 0.334201 0.324657 0.314462 0.303682 0.292385 0.280646 0.268538 0.256139 0.243525 0.230775 0.217966 0.205171 0.192464 0.179915 0.167589 0.155547 0.143845 0.132534 0.121657 0.111252 0.101351 0.0919797 0.0831555 0.0748916 0.0671947 0.0600662 0.0535027 0.0474963 0.0420358 0.0371068 0.0326928 0.0287758 0.0253369 0.0223571 0.0198179 0.0177021 0.0159941 0.0146804 0.0137501 0.0131951 
0.0142102 0.0144103 0.0150125 0.0160218 0.0174468 0.019299 0.0215926 0.0243441 0.0275716 0.0312945 0.0355326 0.0403057 0.0456323 0.0515295 0.0580118 0.0650904 0.0727728 0.0810614 0.0899538 0.0994417 0.10951 0.120139 0.131299 0.142956 0.155069 0.167589 0.180462 0.193628 0.207021 0.220571 0.234203 0.24784 0.261402 0.274808 0.287976 0.300825 0.313274 0.325244 0.33666 0.347449 0.357542 0.366876 0.375392 0.383035 0.389758 0.395519 0.400282 0.404017 0.406701 0.408319 0.408859 0.408319 0.406701 0.404017 0.400282 0.395519 0.389758 0.383035 0.375392 0.366876 0.357542 0.347449 0.33666 0.325244 0.313274 0.300825 0.287976 0.274808 0.261402 0.24784 0.234203 0.220571 0.207021 0.193628 0.180462 0.167589 0.155069 0.142956 0.131299 0.120139 0.10951 0.0994417 0.0899538 0.0810614 0.0727728 0.0650904 0.0580118 0.0515295 0.0456323 0.0403057 0.0355326 0.0312945 0.0275716 0.0243441 0.0215926 0.019299 0.0174468 0.0160218 0.0150125 0.0144103 
0.0154606 0.015677 0.0163279 0.017419 0.018959 0.0209601 0.0234373 0.0264078 0.0298907 0.0339062 0.0384751 0.0436175 0.0493529 0.0556986 0.0626692 0.0702757 0.078525 0.0874187 0.0969531 0.107118 0.117897 0.129265 0.141193 0.153642 0.166567 0.179915 0.193628 0.207641 0.221884 0.236281 0.250753 0.265219 0.279594 0.293792 0.307727 0.321313 0.334467 0.347106 0.359151 0.370527 0.381164 0.390994 0.399958 0.407999 0.415069 0.421125 0.426131 0.430055 0.432875 0.434574 0.435141 0.434574 0.432875 0.430055 0.426131 0.421125 0.415069 0.407999 0.399958 0.390994 0.381164 0.370527 0.359151 0.347106 0.334467 0.321313 0.307727 0.293792 0.279594 0.265219 0.250753 0.236281 0.221884 0.207641 0.193628 0.179915 0.166567 0.153642 0.141193 0.129265 0.117897 0.107118 0.0969531 0.0874187 0.078525 0.0702757 0.0626692 0.0556986 0.0493529 0.0436175 0.0384751 0.0339062 0.0298907 0.0264078 0.0234373 0.0209601 0.018959 0.017419 0.0163279 0.015677 
0.0167568 0.0169899 0.0176911 0.0188661 0.0205243 0.0226784 0.025344 0.0285394 0.0322842 0.0365996 0.0415071 0.0470276 0.0531809 0.0599847 0.0674535 0.0755981 0.0844247 0.0939339 0.104121 0.114972 0.126471 0.138589 0.151292 0.16454 0.178283 0.192464 0.207021 0.221884 0.236977 0.252222 0.267533 0.282825 0.298008 0.312992 0.327687 0.342003 0.355853 0.369151 0.381816 0.393769 0.404938 0.415255 0.424657 0.433087 0.440497 0.44684 0.452082 0.45619 0.459142 0.46092 0.461514 0.46092 0.459142 0.45619 0.452082 0.44684 0.440497 0.433087 0.424657 0.415255 0.404938 0.393769 0.381816 0.369151 0.355853 0.342003 0.327687 0.312992 0.298008 0.282825 0.267533 0.252222 0.236977 0.221884 0.207021 0.192464 0.178283 0.16454 0.151292 0.138589 0.126471 0.114972 0.104121 0.0939339 0.0844247 0.0755981 0.0674535 0.0599847 0.0531809 0.0470276 0.0415071 0.0365996 0.0322842 0.0285394 0.025344 0.0226784 0.0205243 0.0188661 0.0176911 0.0169899 
0.0180929 0.0183431 0.0190956 0.0203564 0.0221353 0.0244457 0.0273038 0.0307286 0.0347406 0.0393617 0.044614 0.0505192 0.0570974 0.0643665 0.072341 0.0810311 0.0904423 0.100574 0.11142 0.122965 0.135188 0.14806 0.161544 0.175593 0.190156 0.205171 0.220571 0.236281 0.252222 0.268308 0.284453 0.300563 0.316545 0.332305 0.347749 0.362783 0.377316 0.39126 0.404531 0.417048 0.428736 0.439526 0.449353 0.458162 0.465899 0.472522 0.477992 0.482278 0.485357 0.487211 0.48783 0.487211 0.485357 0.482278 0.477992 0.472522 0.465899 0.458162 0.449353 0.439526 0.428736 0.417048 0.404531 0.39126 0.377316 0.362783 0.347749 0.332305 0.316545 0.300563 0.284453 0.268308 0.252222 0.236281 0.220571 0.205171 0.190156 0.175593 0.161544 0.14806 0.135188 0.122965 0.11142 0.100574 0.0904423 0.0810311 0.072341 0.0643665 0.0570974 0.0505192 0.044614 0.0393617 0.0347406 0.0307286 0.0273038 0.0244457 0.0221353 0.0203564 0.0190956 0.0183431 
0.019462 0.0197295 0.0205342 0.0218822 0.0237839 0.026253 0.0293065 0.032964 0.0372469 0.0421778 0.0477794 0.0540739 0.0610818 0.0688209 0.0773056 0.0865457 0.0965456 0.107304 0.118811 0.131052 0.144002 0.157629 0.171891 0.186741 0.202121 0.217966 0.234203 0.250753 0.267533 0.284453 0.301418 0.318334 0.335102 0.351624 0.367801 0.383536 0.398736 0.413309 0.427169 0.440233 0.452424 0.463671 0.47391 0.483082 0.491135 0.498025 0.503715 0.508172 0.511372 0.5133 0.513943 0.5133 0.511372 0.508172 0.503715 0.498025 0.491135 0.483082 0.47391 0.463671 0.452424 0.440233 0.427169 0.413309 0.398736 0.383536 0.367801 0.351624 0.335102 0.318334 0.301418 0.284453 0.267533 0.250753 0.234203 0.217966 0.202121 0.186741 0.171891 0.157629 0.144002 0.131052 0.118811 0.107304 0.0965456 0.0865457 0.0773056 0.0688209 0.0610818 0.0540739 0.0477794 0.0421778 0.0372469 0.032964 0.0293065 0.026253 0.0237839 0.0218822 0.0205342 0.0197295 
0.0208564 0.0211415 0.0219988 0.023435 0.0254606 0.0280899 0.0313407 0.035233 0.0397891 0.0450321 0.0509854 0.0576716 0.0651113 0.0733225 0.0823191 0.0921104 0.1027 0.114084 0.126253 0.139188 0.152862 0.16724 0.182277 0.197921 0.21411 0.230775 0.24784 0.265219 0.282825 0.300563 0.318334 0.336039 0.353575 0.370839 0.38773 0.404147 0.419993 0.435175 0.449603 0.463194 0.475868 0.487555 0.498188 0.507708 0.516063 0.523209 0.529107 0.533727 0.537044 0.539041 0.539707 0.539041 0.537044 0.533727 0.529107 0.523209 0.516063 0.507708 0.498188 0.487555 0.475868 0.463194 0.449603 0.435175 0.419993 0.404147 0.38773 0.370839 0.353575 0.336039 0.318334 0.300563 0.282825 0.265219 0.24784 0.230775 0.21411 0.197921 0.182277 0.16724 0.152862 0.139188 0.126253 0.114084 0.1027 0.0921104 0.0823191 0.0733225 0.0651113 0.0576716 0.0509854 0.0450321 0.0397891 0.035233 0.0313407 0.0280899 0.0254606 0.023435 0.0219988 0.0211415 
0.0222677 0.0225704 0.0234807 0.0250053 0.0271554 0.0299456 0.0333942 0.037522 0.0423519 0.0479075 0.0542128 0.0612906 0.0691618 0.0778443 0.0873516 0.0976922 0.108868 0.120875 0.133701 0.147324 0.161716 0.176836 0.192639 0.209066 0.226053 0.243525 0.261402 0.279594 0.298008 0.316545 0.335102 0.353575 0.371856 0.38984 0.407422 0.424497 0.440966 0.456733 0.471706 0.485801 0.498938 0.511044 0.522051 0.531902 0.540544 0.547932 0.554028 0.558802 0.562228 0.564291 0.564979 0.564291 0.562228 0.558802 0.554028 0.547932 0.540544 0.531902 0.522051 0.511044 0.498938 0.485801 0.471706 0.456733 0.440966 0.424497 0.407422 0.38984 0.371856 0.353575 0.335102 0.316545 0.298008 0.279594 0.261402 0.243525 0.226053 0.209066 0.192639 0.176836 0.161716 0.147324 0.133701 0.120875 0.108868 0.0976922 0.0873516 0.0778443 0.0691618 0.0612906 0.0542128 0.0479075 0.0423519 0.037522 0.0333942 0.0299456 0.0271554 0.0250053 0.0234807 0.0225704 
0.0236867 0.024007 0.0249701 0.0265831 0.0288573 0.031808 0.0354538 0.0398163 0.0449188 0.0507856 0.057441 0.0649081 0.0732078 0.0823579 0.0923714 0.103256 0.115013 0.127635 0.141109 0.155411 0.170509 0.18636 0.202914 0.22011 0.237877 0.256139 0.274808 0.293792 0.312992 0.332305 0.351624 0.370839 0.38984 0.408518 0.426763 0.444469 0.461534 0.47786 0.493354 0.507929 0.521504 0.534006 0.545368 0.555531 0.564443 0.572059 0.57834 0.583258 0.586787 0.588911 0.58962 0.588911 0.586787 0.583258 0.57834 0.572059 0.564443 0.555531 0.545368 0.534006 0.521504 0.507929 0.493354 0.47786 0.461534 0.444469 0.426763 0.408518 0.38984 0.370839 0.351624 0.332305 0.312992 0.293792 0.274808 0.256139 0.237877 0.22011 0.202914 0.18636 0.170509 0.155411 0.141109 0.127635 0.115013 0.103256 0.0923714 0.0823579 0.0732078 0.0649081 0.057441 0.0507856 0.0449188 0.0398163 0.0354538 0.031808 0.0288573 0.0265831 0.0249701 0.024007 
0.0251038 0.0254415 0.0264571 0.0281576 0.0305548 0.0336645 0.0375057 0.0421005 0.0474728 0.0536472 0.0606485 0.0685 0.0772227 0.0868338 0.0973459 0.108766 0.121093 0.13432 0.14843 0.163397 0.179185 0.195751 0.213038 0.230983 0.24951 0.268538 0.287976 0.307727 0.327687 0.347749 0.367801 0.38773 0.407422 0.426763 0.445642 0.46395 0.481582 0.498438 0.514423 0.529451 0.54344 0.556315 0.56801 0.578465 0.587629 0.595457 0.601912 0.606964 0.610588 0.61277 0.613498 0.61277 0.610588 0.606964 0.601912 0.595457 0.587629 0.578465 0.56801 0.556315 0.54344 0.529451 0.514423 0.498438 0.481582 0.46395 0.445642 0.426763 0.407422 0.38773 0.367801 0.347749 0.327687 0.307727 0.287976 0.268538 0.24951 0.230983 0.213038 0.195751 0.179185 0.163397 0.14843 0.13432 0.121093 0.108766 0.0973459 0.0868338 0.0772227 0.0685 0.0606485 0.0536472 0.0474728 0.0421005 0.0375057 0.0336645 0.0305548 0.0281576 0.0264571 0.0254415 
0.0265087 0.0268636 0.0279308 0.0297175 0.0322359 0.0355019 0.0395353 0.0443586 0.0499959 0.0564725 0.0638134 0.0720419 0.0811789 0.0912414 0.102241 0.114184 0.127069 0.140885 0.155615 0.171229 0.187689 0.204948 0.222947 0.241616 0.260878 0.280646 0.300825 0.321313 0.342003 0.362783 0.383536 0.404147 0.424497 0.444469 0.46395 0.482827 0.500994 0.51835 0.534798 0.550251 0.564626 0.577849 0.589854 0.600581 0.609979 0.618004 0.624619 0.629795 0.633507 0.635742 0.636487 0.635742 0.633507 0.629795 0.624619 0.618004 0.609979 0.600581 0.589854 0.577849 0.564626 0.550251 0.534798 0.51835 0.500994 0.482827 0.46395 0.444469 0.424497 0.404147 0.383536 0.362783 0.342003 0.321313 0.300825 0.280646 0.260878 0.241616 0.222947 0.204948 0.187689 0.171229 0.155615 0.140885 0.127069 0.114184 0.102241 0.0912414 0.0811789 0.0720419 0.0638134 0.0564725 0.0499959 0.0443586 0.0395353 0.0355019 0.0322359 0.0297175 0.0279308 0.0268636 
0.027891 0.0282626 0.0293802 0.0312512 0.0338879 0.0373067 0.0415278 0.0465739 0.0524698 0.059241 0.0669127 0.0755083 0.0850485 0.0955499 0.107024 0.119474 0.132899 0.147286 0.162615 0.178855 0.195964 0.213892 0.232574 0.251941 0.271908 0.292385 0.313274 0.334467 0.355853 0.377316 0.398736 0.419993 0.440966 0.461534 0.481582 0.500994 0.519663 0.537487 0.554367 0.570215 0.584949 0.598495 0.610786 0.621764 0.631378 0.639583 0.646345 0.651634 0.655427 0.65771 0.658472 0.65771 0.655427 0.651634 0.646345 0.639583 0.631378 0.621764 0.610786 0.598495 0.584949 0.570215 0.554367 0.537487 0.519663 0.500994 0.481582 0.461534 0.440966 0.419993 0.398736 0.377316 0.355853 0.334467 0.313274 0.292385 0.271908 0.251941 0.232574 0.213892 0.195964 0.178855 0.162615 0.147286 0.132899 0.119474 0.107024 0.0955499 0.0850485 0.0755083 0.0669127 0.059241 0.0524698 0.0465739 0.0415278 0.0373067 0.0338879 0.0312512 0.0293802 0.0282626 
0.0292396 0.0296276 0.030794 0.0327467 0.0354981 0.039065 0.0434678 0.0487298 0.054876 0.0619322 0.0699236 0.0788739 0.0888034 0.0997282 0.111659 0.124598 0.138543 0.153479 0.169384 0.186223 0.203954 0.222521 0.241858 0.261889 0.282529 0.303682 0.325244 0.347106 0.369151 0.39126 0.413309 0.435175 0.456733 0.47786 0.498438 0.51835 0.537487 0.555744 0.573024 0.589238 0.604303 0.618145 0.630699 0.641906 0.651717 0.660087 0.666982 0.672374 0.676241 0.678567 0.679344 0.678567 0.676241 0.672374 0.666982 0.660087 0.651717 0.641906 0.630699 0.618145 0.604303 0.589238 0.573024 0.555744 0.537487 0.51835 0.498438 0.47786 0.456733 0.435175 0.413309 0.39126 0.369151 0.347106 0.325244 0.303682 0.282529 0.261889 0.241858 0.222521 0.203954 0.186223 0.169384 0.153479 0.138543 0.124598 0.111659 0.0997282 0.0888034 0.0788739 0.0699236 0.0619322 0.054876 0.0487298 0.0434678 0.039065 0.0354981 0.0327467 0.030794 0.0296276 
0.0305438 0.0309474 0.0321609 0.034192 0.0370537 0.0407628 0.0453402 0.0508094 0.0571957 0.0645253 0.0728233 0.0821133 0.0924155 0.103745 0.116112 0.129519 0.14396 0.159419 0.175872 0.193283 0.211604 0.230778 0.250736 0.271397 0.292672 0.314462 0.33666 0.359151 0.381816 0.404531 0.427169 0.449603 0.471706 0.493354 0.514423 0.534798 0.554367 0.573024 0.590672 0.607221 0.622589 0.636702 0.649495 0.66091 0.670898 0.679417 0.686433 0.691918 0.69585 0.698216 0.699005 0.698216 0.69585 0.691918 0.686433 0.679417 0.670898 0.66091 0.649495 0.636702 0.622589 0.607221 0.590672 0.573024 0.554367 0.534798 0.514423 0.493354 0.471706 0.449603 0.427169 0.404531 0.381816 0.359151 0.33666 0.314462 0.292672 0.271397 0.250736 0.230778 0.211604 0.193283 0.175872 0.159419 0.14396 0.129519 0.116112 0.103745 0.0924155 0.0821133 0.0728233 0.0645253 0.0571957 0.0508094 0.0453402 0.0407628 0.0370537 0.034192 0.0321609 0.0309474 
0.0317925 0.032211 0.0334693 0.0355752 0.0385418 0.0423862 0.0471297 0.052796 0.0594107 0.0669999 0.0755891 0.0852016 0.0958573 0.107571 0.120352 0.134201 0.14911 0.165064 0.182035 0.199984 0.218861 0.238606 0.259147 0.280399 0.30227 0.324657 0.347449 0.370527 0.393769 0.417048 0.440233 0.463194 0.485801 0.507929 0.529451 0.550251 0.570215 0.589238 0.607221 0.624074 0.639717 0.654074 0.667082 0.678685 0.688833 0.697485 0.704609 0.710177 0.714168 0.716568 0.717369 0.716568 0.714168 0.710177 0.704609 0.697485 0.688833 0.678685 0.667082 0.654074 0.639717 0.624074 0.607221 0.589238 0.570215 0.550251 0.529451 0.507929 0.485801 0.463194 0.440233 0.417048 0.393769 0.370527 0.347449 0.324657 0.30227 0.280399 0.259147 0.238606 0.218861 0.199984 0.182035 0.165064 0.14911 0.134201 0.120352 0.107571 0.0958573 0.0852016 0.0755891 0.0669999 0.0594107 0.052796 0.0471297 0.0423862 0.0385418 0.0355752 0.0334693 0.032211 
0.0329751 0.0334076 0.0347081 0.0368844 0.0399498 0.0439218 0.0488216 0.0546733 0.0615028 0.0693362 0.0781991 0.0881145 0.0991019 0.111176 0.124344 0.138607 0.153956 0.170372 0.187827 0.206278 0.225674 0.245952 0.267035 0.288837 0.311261 0.334201 0.357542 0.381164 0.404938 0.428736 0.452424 0.475868 0.498938 0.521504 0.54344 0.564626 0.584949 0.604303 0.622589 0.639717 0.655605 0.670182 0.683383 0.695152 0.705442 0.714213 0.721431 0.727072 0.731115 0.733546 0.734358 0.733546 0.731115 0.727072 0.721431 0.714213 0.705442 0.695152 0.683383 0.670182 0.655605 0.639717 0.622589 0.604303 0.584949 0.564626 0.54344 0.521504 0.498938 0.475868 0.452424 0.428736 0.404938 0.381164 0.357542 0.334201 0.311261 0.288837 0.267035 0.245952 0.225674 0.206278 0.187827 0.170372 0.153956 0.138607 0.124344 0.111176 0.0991019 0.0881145 0.0781991 0.0693362 0.0615028 0.0546733 0.0488216 0.0439218 0.0399498 0.0368844 0.0347081 0.0334076 
