3.21067e-07 3.48278e-07 4.33385e-07 5.87098e-07 8.28208e-07 1.18501e-06 1.69732e-06 2.41915e-06 3.42196e-06 4.79859e-06 6.66779e-06 9.17922e-06 1.2519e-05 1.69153e-05 2.26439e-05 3.0034e-05 3.94718e-05 5.14045e-05 6.63416e-05 8.48535e-05 0.000107568 0.000135162 0.000168353 0.000207877 0.000254477 0.000308871 0.000371727 0.000443633 0.000525059 0.000616324 0.000717565 0.0008287 0.000949403 0.00107908 0.00121687 0.0013616 0.00151185 0.00166591 0.00182185 0.00197753 0.00213065 0.00227884 0.00241967 0.00255072 0.0026697 0.00277443 0.00286299 0.0029337 0.00298521 0.00301652 0.00302703 0.00301652 0.00298521 0.0029337 0.00286299 0.00277443 0.0026697 0.00255072 0.00241967 0.00227884 0.00213065 0.00197753 0.00182185 0.00166591 0.00151185 0.0013616 0.00121687 0.00107908 0.000949403 0.0008287 0.000717565 0.000616324 0.000525059 0.000443633 0.000371727 0.000308871 0.000254477 0.000207877 0.000168353 0.000135162 0.000107568 8.48535e-05 6.63416e-05 5.14045e-05 3.94718e-05 3.0034e-05 2.26439e-05 1.69153e-05 1.2519e-05 9.17922e-06 6.66779e-06 4.79859e-06 3.42196e-06 2.41915e-06 1.69732e-06 1.18501e-06 8.28208e-07 5.87098e-07 4.33385e-07 3.48278e-07 
3.48278e-07 3.77701e-07 4.69715e-07 6.35849e-07 8.96322e-07 1.28156e-06 1.83438e-06 2.61278e-06 3.69344e-06 5.17593e-06 7.18745e-06 9.88821e-06 1.34772e-05 1.81981e-05 2.43455e-05 3.227e-05 4.2383e-05 5.51604e-05 7.11433e-05 9.09372e-05 0.000115208 0.000144672 0.000180086 0.00022223 0.000271885 0.000329806 0.000396695 0.000473165 0.000559705 0.000656645 0.000764116 0.000882023 0.00101001 0.00114745 0.0012934 0.00144663 0.00160563 0.0017686 0.00193348 0.00209803 0.00225982 0.00241635 0.00256505 0.0027034 0.00282897 0.00293949 0.00303293 0.00310752 0.00316185 0.00319487 0.00320595 0.00319487 0.00316185 0.00310752 0.00303293 0.00293949 0.00282897 0.0027034 0.00256505 0.00241635 0.00225982 0.00209803 0.00193348 0.0017686 0.00160563 0.00144663 0.0012934 0.00114745 0.00101001 0.000882023 0.000764116 0.000656645 0.000559705 0.000473165 0.000396695 0.000329806 0.000271885 0.00022223 0.000180086 0.000144672 0.000115208 9.09372e-05 7.11433e-05 5.51604e-05 4.2383e-05 3.227e-05 2.43455e-05 1.81981e-05 1.34772e-05 9.88821e-06 7.18745e-06 5.17593e-06 3.69344e-06 2.61278e-06 1.83438e-06 1.28156e-06 8.96322e-07 6.35849e-07 4.69715e-07 3.77701e-07 
4.33385e-07 4.69715e-07 5.8328e-07 7.88157e-07 1.10901e-06 1.58291e-06 2.26193e-06 3.21647e-06 4.53947e-06 6.35129e-06 8.80537e-06 1.20945e-05 1.64576e-05 2.21865e-05 2.96329e-05 3.92146e-05 5.14205e-05 6.68142e-05 8.6035e-05 0.000109796 0.000138878 0.000174121 0.000216406 0.000266638 0.00032572 0.000394521 0.000473841 0.000564373 0.000666663 0.000781066 0.000907705 0.00104644 0.00119681 0.00135807 0.00152909 0.00170843 0.00189429 0.00208457 0.00227688 0.00246861 0.00265696 0.00283903 0.00301186 0.00317255 0.00331831 0.00344654 0.00355489 0.00364136 0.00370432 0.00374259 0.00375543 0.00374259 0.00370432 0.00364136 0.00355489 0.00344654 0.00331831 0.00317255 0.00301186 0.00283903 0.00265696 0.00246861 0.00227688 0.00208457 0.00189429 0.00170843 0.00152909 0.00135807 0.00119681 0.00104644 0.000907705 0.000781066 0.000666663 0.000564373 0.000473841 0.000394521 0.00032572 0.000266638 0.000216406 0.000174121 0.000138878 0.000109796 8.6035e-05 6.68142e-05 5.14205e-05 3.92146e-05 2.96329e-05 2.21865e-05 1.64576e-05 1.20945e-05 8.80537e-06 6.35129e-06 4.53947e-06 3.21647e-06 2.26193e-06 1.58291e-06 1.10901e-06 7.88157e-07 5.8328e-07 4.69715e-07 
5.87098e-07 6.35849e-07 7.88157e-07 1.06265e-06 1.49193e-06 2.12492e-06 3.0302e-06 4.30028e-06 6.05697e-06 8.45757e-06 1.17021e-05 1.6041e-05 2.17839e-05 2.93076e-05 3.90649e-05 5.15915e-05 6.75124e-05 8.75453e-05 0.000112501 0.000143282 0.00018087 0.000226316 0.00028072 0.000345204 0.000420881 0.000508812 0.000609969 0.00072518 0.000855083 0.00100007 0.00116025 0.00133539 0.00152487 0.0017277 0.00194244 0.00216725 0.00239987 0.00263767 0.00287767 0.00311664 0.00335111 0.00357749 0.00379219 0.00399161 0.00417236 0.00433126 0.00446545 0.00457249 0.00465041 0.00469775 0.00471363 0.00469775 0.00465041 0.00457249 0.00446545 0.00433126 0.00417236 0.00399161 0.00379219 0.00357749 0.00335111 0.00311664 0.00287767 0.00263767 0.00239987 0.00216725 0.00194244 0.0017277 0.00152487 0.00133539 0.00116025 0.00100007 0.000855083 0.00072518 0.000609969 0.000508812 0.000420881 0.000345204 0.00028072 0.000226316 0.00018087 0.000143282 0.000112501 8.75453e-05 6.75124e-05 5.15915e-05 3.90649e-05 2.93076e-05 2.17839e-05 1.6041e-05 1.17021e-05 8.45757e-06 6.05697e-06 4.30028e-06 3.0302e-06 2.12492e-06 1.49193e-06 1.06265e-06 7.88157e-07 6.35849e-07 
8.28208e-07 8.96322e-07 1.10901e-06 1.49193e-06 2.08994e-06 2.97025e-06 4.22683e-06 5.98624e-06 8.41457e-06 1.17258e-05 1.61911e-05 2.21493e-05 3.00172e-05 4.03013e-05 5.36072e-05 7.06498e-05 9.22592e-05 0.000119386 0.000153098 0.00019458 0.000245114 0.000306069 0.000378867 0.00046495 0.000565738 0.000682578 0.000816684 0.000969079 0.00114053 0.00133148 0.00154199 0.00177168 0.0020197 0.00228468 0.0025647 0.00285732 0.00315961 0.00346813 0.00377904 0.00408816 0.00439108 0.0046832 0.00495992 0.00521671 0.00544926 0.00565353 0.00582593 0.00596338 0.0060634 0.00612415 0.00614453 0.00612415 0.0060634 0.00596338 0.00582593 0.00565353 0.00544926 0.00521671 0.00495992 0.0046832 0.00439108 0.00408816 0.00377904 0.00346813 0.00315961 0.00285732 0.0025647 0.00228468 0.0020197 0.00177168 0.00154199 0.00133148 0.00114053 0.000969079 0.000816684 0.000682578 0.000565738 0.00046495 0.000378867 0.000306069 0.000245114 0.00019458 0.000153098 0.000119386 9.22592e-05 7.06498e-05 5.36072e-05 4.03013e-05 3.00172e-05 2.21493e-05 1.61911e-05 1.17258e-05 8.41457e-06 5.98624e-06 4.22683e-06 2.97025e-06 2.08994e-06 1.49193e-06 1.10901e-06 8.96322e-07 
1.18501e-06 1.28156e-06 1.58291e-06 2.12492e-06 2.97025e-06 4.21258e-06 5.98271e-06 8.4563e-06 1.18634e-05 1.64995e-05 2.27379e-05 3.10438e-05 4.19877e-05 5.62602e-05 7.46847e-05 9.82293e-05 0.000128015 0.000165317 0.00021157 0.000268347 0.000337356 0.000420399 0.000519345 0.000636077 0.000772435 0.000930148 0.00111076 0.00131554 0.00154543 0.00180091 0.00208197 0.00238802 0.00271782 0.0030695 0.00344045 0.00382741 0.00422647 0.0046331 0.00504226 0.00544849 0.00584603 0.00622893 0.00659125 0.00692714 0.00723104 0.00749779 0.00772278 0.00790207 0.00803247 0.00811166 0.00813822 0.00811166 0.00803247 0.00790207 0.00772278 0.00749779 0.00723104 0.00692714 0.00659125 0.00622893 0.00584603 0.00544849 0.00504226 0.0046331 0.00422647 0.00382741 0.00344045 0.0030695 0.00271782 0.00238802 0.00208197 0.00180091 0.00154543 0.00131554 0.00111076 0.000930148 0.000772435 0.000636077 0.000519345 0.000420399 0.000337356 0.000268347 0.00021157 0.000165317 0.000128015 9.82293e-05 7.46847e-05 5.62602e-05 4.19877e-05 3.10438e-05 2.27379e-05 1.64995e-05 1.18634e-05 8.4563e-06 5.98271e-06 4.21258e-06 2.97025e-06 2.12492e-06 1.58291e-06 1.28156e-06 
1.69732e-06 1.83438e-06 2.26193e-06 3.0302e-06 4.22683e-06 5.98271e-06 8.48015e-06 1.19635e-05 1.67519e-05 2.32543e-05 3.19859e-05 4.35865e-05 5.88386e-05 7.86863e-05 0.000104252 0.000136849 0.000177993 0.000229407 0.000293009 0.000370909 0.000465372 0.000578788 0.000713615 0.000872316 0.00105728 0.00127073 0.00151463 0.00179056 0.00209965 0.00244242 0.00281872 0.00322765 0.00366746 0.00413553 0.00462835 0.00514154 0.00566987 0.00620736 0.00674737 0.00728276 0.00780599 0.00830936 0.00878513 0.00922576 0.00962406 0.00997341 0.0102679 0.0105024 0.0106729 0.0107765 0.0108112 0.0107765 0.0106729 0.0105024 0.0102679 0.00997341 0.00962406 0.00922576 0.00878513 0.00830936 0.00780599 0.00728276 0.00674737 0.00620736 0.00566987 0.00514154 0.00462835 0.00413553 0.00366746 0.00322765 0.00281872 0.00244242 0.00209965 0.00179056 0.00151463 0.00127073 0.00105728 0.000872316 0.000713615 0.000578788 0.000465372 0.000370909 0.000293009 0.000229407 0.000177993 0.000136849 0.000104252 7.86863e-05 5.88386e-05 4.35865e-05 3.19859e-05 2.32543e-05 1.67519e-05 1.19635e-05 8.48015e-06 5.98271e-06 4.22683e-06 3.0302e-06 2.26193e-06 1.83438e-06 
2.41915e-06 2.61278e-06 3.21647e-06 4.30028e-06 5.98624e-06 8.4563e-06 1.19635e-05 1.68462e-05 2.35451e-05 3.26237e-05 4.47897e-05 6.09194e-05 8.20815e-05 0.000109561 0.00014488 0.000189814 0.000246406 0.000316965 0.000404057 0.000510485 0.000639252 0.000793505 0.000976464 0.00119133 0.0014412 0.0017289 0.00205692 0.00242721 0.0028411 0.00329913 0.00380092 0.00434511 0.00492924 0.00554971 0.0062018 0.00687962 0.00757627 0.00828385 0.00899367 0.0096964 0.0103823 0.0110413 0.0116635 0.0122391 0.012759 0.0132146 0.0135985 0.013904 0.014126 0.0142608 0.014306 0.0142608 0.014126 0.013904 0.0135985 0.0132146 0.012759 0.0122391 0.0116635 0.0110413 0.0103823 0.0096964 0.00899367 0.00828385 0.00757627 0.00687962 0.0062018 0.00554971 0.00492924 0.00434511 0.00380092 0.00329913 0.0028411 0.00242721 0.00205692 0.0017289 0.0014412 0.00119133 0.000976464 0.000793505 0.000639252 0.000510485 0.000404057 0.000316965 0.000246406 0.000189814 0.00014488 0.000109561 8.20815e-05 6.09194e-05 4.47897e-05 3.26237e-05 2.35451e-05 1.68462e-05 1.19635e-05 8.4563e-06 5.98624e-06 4.30028e-06 3.21647e-06 2.61278e-06 
3.42196e-06 3.69344e-06 4.53947e-06 6.05697e-06 8.41457e-06 1.18634e-05 1.67519e-05 2.35451e-05 3.28474e-05 4.54289e-05 6.22548e-05 8.45163e-05 0.000113662 0.000151427 0.000199861 0.000261347 0.000338614 0.000434736 0.000553117 0.000697455 0.000871695 0.00107995 0.0013264 0.00161518 0.00195023 0.00233517 0.00277306 0.0032663 0.00381642 0.00442391 0.00508804 0.00580682 0.00657682 0.00739315 0.00824946 0.00913797 0.0100496 0.010974 0.0118999 0.0128152 0.0137073 0.0145635 0.0153708 0.0161171 0.0167904 0.01738 0.0178764 0.0182713 0.0185582 0.0187323 0.0187907 0.0187323 0.0185582 0.0182713 0.0178764 0.01738 0.0167904 0.0161171 0.0153708 0.0145635 0.0137073 0.0128152 0.0118999 0.010974 0.0100496 0.00913797 0.00824946 0.00739315 0.00657682 0.00580682 0.00508804 0.00442391 0.00381642 0.0032663 0.00277306 0.00233517 0.00195023 0.00161518 0.0013264 0.00107995 0.000871695 0.000697455 0.000553117 0.000434736 0.000338614 0.000261347 0.000199861 0.000151427 0.000113662 8.45163e-05 6.22548e-05 4.54289e-05 3.28474e-05 2.35451e-05 1.67519e-05 1.18634e-05 8.41457e-06 6.05697e-06 4.53947e-06 3.69344e-06 
4.79859e-06 5.17593e-06 6.35129e-06 8.45757e-06 1.17258e-05 1.64995e-05 2.32543e-05 3.26237e-05 4.54289e-05 6.27136e-05 8.57823e-05 0.00011624 0.000156031 0.000207481 0.000273322 0.000356723 0.000461297 0.000591099 0.000750598 0.000944632 0.00117833 0.00145701 0.00178604 0.00217071 0.00261601 0.00312643 0.00370577 0.00435688 0.00508148 0.00587988 0.0067509 0.00769161 0.00869729 0.00976139 0.0108755 0.0120293 0.0132111 0.0144074 0.0156038 0.0167847 0.0179342 0.0190358 0.0200735 0.0210315 0.0218952 0.0226509 0.0232866 0.0237921 0.0241592 0.0243819 0.0244565 0.0243819 0.0241592 0.0237921 0.0232866 0.0226509 0.0218952 0.0210315 0.0200735 0.0190358 0.0179342 0.0167847 0.0156038 0.0144074 0.0132111 0.0120293 0.0108755 0.00976139 0.00869729 0.00769161 0.0067509 0.00587988 0.00508148 0.00435688 0.00370577 0.00312643 0.00261601 0.00217071 0.00178604 0.00145701 0.00117833 0.000944632 0.000750598 0.000591099 0.000461297 0.000356723 0.000273322 0.000207481 0.000156031 0.00011624 8.57823e-05 6.27136e-05 4.54289e-05 3.26237e-05 2.32543e-05 1.64995e-05 1.17258e-05 8.45757e-06 6.35129e-06 5.17593e-06 
6.66779e-06 7.18745e-06 8.80537e-06 1.17021e-05 1.61911e-05 2.27379e-05 3.19859e-05 4.47897e-05 6.22548e-05 8.57823e-05 0.000117118 0.000158404 0.000212228 0.00028167 0.000370342 0.000482415 0.000622626 0.000796268 0.00100915 0.00126753 0.00157801 0.00194739 0.00238251 0.00289002 0.00347615 0.00414645 0.0049055 0.00575666 0.00670173 0.00774076 0.00887181 0.0100908 0.0113912 0.0127643 0.0141992 0.0156824 0.0171988 0.0187312 0.0202612 0.021769 0.0232346 0.0246373 0.025957 0.027174 0.0282701 0.0292284 0.030034 0.0306743 0.031139 0.0314208 0.0315152 0.0314208 0.031139 0.0306743 0.030034 0.0292284 0.0282701 0.027174 0.025957 0.0246373 0.0232346 0.021769 0.0202612 0.0187312 0.0171988 0.0156824 0.0141992 0.0127643 0.0113912 0.0100908 0.00887181 0.00774076 0.00670173 0.00575666 0.0049055 0.00414645 0.00347615 0.00289002 0.00238251 0.00194739 0.00157801 0.00126753 0.00100915 0.000796268 0.000622626 0.000482415 0.000370342 0.00028167 0.000212228 0.000158404 0.000117118 8.57823e-05 6.22548e-05 4.47897e-05 3.19859e-05 2.27379e-05 1.61911e-05 1.17021e-05 8.80537e-06 7.18745e-06 
9.17922e-06 9.88821e-06 1.20945e-05 1.6041e-05 2.21493e-05 3.10438e-05 4.35865e-05 6.09194e-05 8.45163e-05 0.00011624 0.000158404 0.000213839 0.000285954 0.000378791 0.000497075 0.000646238 0.000832428 0.00106248 0.00134388 0.00168462 0.0020931 0.00257793 0.0031477 0.00381068 0.00457456 0.00544606 0.00643065 0.00753212 0.00875231 0.0100908 0.0115445 0.0131077 0.0147719 0.0165254 0.018354 0.0202406 0.0221658 0.0241078 0.0260434 0.027948 0.0297964 0.0315631 0.0332231 0.0347523 0.0361282 0.03733 0.0383395 0.0391413 0.0397231 0.0400758 0.040194 0.0400758 0.0397231 0.0391413 0.0383395 0.03733 0.0361282 0.0347523 0.0332231 0.0315631 0.0297964 0.027948 0.0260434 0.0241078 0.0221658 0.0202406 0.018354 0.0165254 0.0147719 0.0131077 0.0115445 0.0100908 0.00875231 0.00753212 0.00643065 0.00544606 0.00457456 0.00381068 0.0031477 0.00257793 0.0020931 0.00168462 0.00134388 0.00106248 0.000832428 0.000646238 0.000497075 0.000378791 0.000285954 0.000213839 0.000158404 0.00011624 8.45163e-05 6.09194e-05 4.35865e-05 3.10438e-05 2.21493e-05 1.6041e-05 1.20945e-05 9.88821e-06 
1.2519e-05 1.34772e-05 1.64576e-05 2.17839e-05 3.00172e-05 4.19877e-05 5.88386e-05 8.20815e-05 0.000113662 0.000156031 0.000212228 0.000285954 0.000381654 0.000504582 0.000660853 0.000857472 0.00110234 0.00140418 0.00177252 0.00221749 0.00274965 0.00337975 0.00411846 0.00497594 0.00596152 0.00708325 0.00834749 0.00975842 0.0113177 0.0130242 0.0148733 0.0168572 0.0189645 0.0211802 0.0234859 0.0258599 0.0282777 0.0307122 0.0331343 0.0355138 0.0378193 0.0400199 0.0420848 0.0439848 0.0456924 0.0471827 0.0484336 0.0494265 0.0501465 0.0505829 0.0507291 0.0505829 0.0501465 0.0494265 0.0484336 0.0471827 0.0456924 0.0439848 0.0420848 0.0400199 0.0378193 0.0355138 0.0331343 0.0307122 0.0282777 0.0258599 0.0234859 0.0211802 0.0189645 0.0168572 0.0148733 0.0130242 0.0113177 0.00975842 0.00834749 0.00708325 0.00596152 0.00497594 0.00411846 0.00337975 0.00274965 0.00221749 0.00177252 0.00140418 0.00110234 0.000857472 0.000660853 0.000504582 0.000381654 0.000285954 0.000212228 0.000156031 0.000113662 8.20815e-05 5.88386e-05 4.19877e-05 3.00172e-05 2.17839e-05 1.64576e-05 1.34772e-05 
1.69153e-05 1.81981e-05 2.21865e-05 2.93076e-05 4.03013e-05 5.62602e-05 7.86863e-05 0.000109561 0.000151427 0.000207481 0.00028167 0.000378791 0.000504582 0.0006658 0.000870282 0.00112697 0.00144589 0.00183811 0.00231558 0.00289099 0.00357748 0.00438833 0.0053366 0.00643462 0.00769355 0.00912286 0.0107298 0.0125187 0.014491 0.0166442 0.0189718 0.0214633 0.0241038 0.0268738 0.0297501 0.0327055 0.0357092 0.0387278 0.0417257 0.0446656 0.0475096 0.05022 0.0527599 0.055094 0.0571894 0.0590164 0.0605487 0.0617642 0.0626453 0.0631791 0.0633579 0.0631791 0.0626453 0.0617642 0.0605487 0.0590164 0.0571894 0.055094 0.0527599 0.05022 0.0475096 0.0446656 0.0417257 0.0387278 0.0357092 0.0327055 0.0297501 0.0268738 0.0241038 0.0214633 0.0189718 0.0166442 0.014491 0.0125187 0.0107298 0.00912286 0.00769355 0.00643462 0.0053366 0.00438833 0.00357748 0.00289099 0.00231558 0.00183811 0.00144589 0.00112697 0.000870282 0.0006658 0.000504582 0.000378791 0.00028167 0.000207481 0.000151427 0.000109561 7.86863e-05 5.62602e-05 4.03013e-05 2.93076e-05 2.21865e-05 1.81981e-05 
2.26439e-05 2.43455e-05 2.96329e-05 3.90649e-05 5.36072e-05 7.46847e-05 0.000104252 0.00014488 0.000199861 0.000273322 0.000370342 0.000497075 0.000660853 0.000870282 0.0011353 0.00146721 0.00187861 0.00238334 0.0029963 0.00373318 0.00461014 0.00564339 0.0068487 0.00824083 0.00983295 0.011636 0.0136579 0.0159032 0.0183724 0.0210614 0.0239612 0.0270576 0.0303313 0.0337579 0.0373079 0.0409474 0.0446389 0.0483412 0.052011 0.0556033 0.0590727 0.0623738 0.0654629 0.068298 0.0708403 0.0730547 0.0749103 0.0763813 0.077447 0.0780925 0.0783086 0.0780925 0.077447 0.0763813 0.0749103 0.0730547 0.0708403 0.068298 0.0654629 0.0623738 0.0590727 0.0556033 0.052011 0.0483412 0.0446389 0.0409474 0.0373079 0.0337579 0.0303313 0.0270576 0.0239612 0.0210614 0.0183724 0.0159032 0.0136579 0.011636 0.00983295 0.00824083 0.0068487 0.00564339 0.00461014 0.00373318 0.0029963 0.00238334 0.00187861 0.00146721 0.0011353 0.000870282 0.000660853 0.000497075 0.000370342 0.000273322 0.000199861 0.00014488 0.000104252 7.46847e-05 5.36072e-05 3.90649e-05 2.96329e-05 2.43455e-05 
3.0034e-05 3.227e-05 3.92146e-05 5.15915e-05 7.06498e-05 9.82293e-05 0.000136849 0.000189814 0.000261347 0.000356723 0.000482415 0.000646238 0.000857472 0.00112697 0.00146721 0.0018923 0.00241796 0.0030613 0.00384066 0.00477525 0.00588469 0.00718855 0.00870563 0.0104534 0.012447 0.0146988 0.0172175 0.0200073 0.0230674 0.0263913 0.0299668 0.0337752 0.0377918 0.0419859 0.046321 0.0507554 0.0552433 0.0597349 0.0641783 0.0685198 0.0727052 0.0766812 0.0803961 0.0838011 0.0868507 0.0895041 0.0917258 0.0934856 0.0947599 0.0955314 0.0957898 0.0955314 0.0947599 0.0934856 0.0917258 0.0895041 0.0868507 0.0838011 0.0803961 0.0766812 0.0727052 0.0685198 0.0641783 0.0597349 0.0552433 0.0507554 0.046321 0.0419859 0.0377918 0.0337752 0.0299668 0.0263913 0.0230674 0.0200073 0.0172175 0.0146988 0.012447 0.0104534 0.00870563 0.00718855 0.00588469 0.00477525 0.00384066 0.0030613 0.00241796 0.0018923 0.00146721 0.00112697 0.000857472 0.000646238 0.000482415 0.000356723 0.000261347 0.000189814 0.000136849 9.82293e-05 7.06498e-05 5.15915e-05 3.92146e-05 3.227e-05 
3.94718e-05 4.2383e-05 5.14205e-05 6.75124e-05 9.22592e-05 0.000128015 0.000177993 0.000246406 0.000338614 0.000461297 0.000622626 0.000832428 0.00110234 0.00144589 0.00187861 0.00241796 0.00308327 0.00389553 0.00487707 0.00605111 0.00744126 0.00907078 0.0109618 0.0131347 0.0156067 0.0183914 0.0214979 0.0249297 0.028684 0.0327512 0.0371149 0.041751 0.0466282 0.0517083 0.0569465 0.0622922 0.06769 0.0730808 0.0784025 0.0835919 0.0885856 0.0933214 0.0977393 0.101783 0.1054 0.108543 0.111173 0.113254 0.114761 0.115672 0.115977 0.115672 0.114761 0.113254 0.111173 0.108543 0.1054 0.101783 0.0977393 0.0933214 0.0885856 0.0835919 0.0784025 0.0730808 0.06769 0.0622922 0.0569465 0.0517083 0.0466282 0.041751 0.0371149 0.0327512 0.028684 0.0249297 0.0214979 0.0183914 0.0156067 0.0131347 0.0109618 0.00907078 0.00744126 0.00605111 0.00487707 0.00389553 0.00308327 0.00241796 0.00187861 0.00144589 0.00110234 0.000832428 0.000622626 0.000461297 0.000338614 0.000246406 0.000177993 0.000128015 9.22592e-05 6.75124e-05 5.14205e-05 4.2383e-05 
5.14045e-05 5.51604e-05 6.68142e-05 8.75453e-05 0.000119386 0.000165317 0.000229407 0.000316965 0.000434736 0.000591099 0.000796268 0.00106248 0.00140418 0.00183811 0.00238334 0.0030613 0.00389553 0.00491147 0.00613603 0.007597 0.00932239 0.0113395 0.0136742 0.0163496 0.0193851 0.0227955 0.0265895 0.0307693 0.0353296 0.0402567 0.0455287 0.051115 0.0569765 0.0630662 0.0693298 0.0757064 0.08213 0.0885306 0.0948357 0.100971 0.106865 0.112443 0.117639 0.122387 0.126629 0.130311 0.133388 0.135822 0.137582 0.138647 0.139004 0.138647 0.137582 0.135822 0.133388 0.130311 0.126629 0.122387 0.117639 0.112443 0.106865 0.100971 0.0948357 0.0885306 0.08213 0.0757064 0.0693298 0.0630662 0.0569765 0.051115 0.0455287 0.0402567 0.0353296 0.0307693 0.0265895 0.0227955 0.0193851 0.0163496 0.0136742 0.0113395 0.00932239 0.007597 0.00613603 0.00491147 0.00389553 0.0030613 0.00238334 0.00183811 0.00140418 0.00106248 0.000796268 0.000591099 0.000434736 0.000316965 0.000229407 0.000165317 0.000119386 8.75453e-05 6.68142e-05 5.51604e-05 
6.63416e-05 7.11433e-05 8.6035e-05 0.000112501 0.000153098 0.00021157 0.000293009 0.000404057 0.000553117 0.000750598 0.00100915 0.00134388 0.00177252 0.00231558 0.0029963 0.00384066 0.00487707 0.00613603 0.00764962 0.00945071 0.0115722 0.0140457 0.0169009 0.0201638 0.0238557 0.027992 0.0325809 0.0376223 0.0431073 0.049017 0.055323 0.0619867 0.0689599 0.0761853 0.0835977 0.0911249 0.098689 0.106208 0.113599 0.120775 0.127654 0.134154 0.140197 0.145711 0.15063 0.154895 0.158455 0.161269 0.163303 0.164533 0.164944 0.164533 0.163303 0.161269 0.158455 0.154895 0.15063 0.145711 0.140197 0.134154 0.127654 0.120775 0.113599 0.106208 0.098689 0.0911249 0.0835977 0.0761853 0.0689599 0.0619867 0.055323 0.049017 0.0431073 0.0376223 0.0325809 0.027992 0.0238557 0.0201638 0.0169009 0.0140457 0.0115722 0.00945071 0.00764962 0.00613603 0.00487707 0.00384066 0.0029963 0.00231558 0.00177252 0.00134388 0.00100915 0.000750598 0.000553117 0.000404057 0.000293009 0.00021157 0.000153098 0.000112501 8.6035e-05 7.11433e-05 
8.48535e-05 9.09372e-05 0.000109796 0.000143282 0.00019458 0.000268347 0.000370909 0.000510485 0.000697455 0.000944632 0.00126753 0.00168462 0.00221749 0.00289099 0.00373318 0.00477525 0.00605111 0.007597 0.00945071 0.0116507 0.0142351 0.0172402 0.0206994 0.0246416 0.0290896 0.0340588 0.0395561 0.0455783 0.0521116 0.0591309 0.0665995 0.0744695 0.0826821 0.0911685 0.0998511 0.108645 0.11746 0.126201 0.134772 0.143076 0.15102 0.15851 0.165462 0.171795 0.177436 0.182321 0.186395 0.189611 0.191934 0.193339 0.193809 0.193339 0.191934 0.189611 0.186395 0.182321 0.177436 0.171795 0.165462 0.15851 0.15102 0.143076 0.134772 0.126201 0.11746 0.108645 0.0998511 0.0911685 0.0826821 0.0744695 0.0665995 0.0591309 0.0521116 0.0455783 0.0395561 0.0340588 0.0290896 0.0246416 0.0206994 0.0172402 0.0142351 0.0116507 0.00945071 0.007597 0.00605111 0.00477525 0.00373318 0.00289099 0.00221749 0.00168462 0.00126753 0.000944632 0.000697455 0.000510485 0.000370909 0.000268347 0.00019458 0.000143282 0.000109796 9.09372e-05 
0.000107568 0.000115208 0.000138878 0.00018087 0.000245114 0.000337356 0.000465372 0.000639252 0.000871695 0.00117833 0.00157801 0.0020931 0.00274965 0.00357748 0.00461014 0.00588469 0.00744126 0.00932239 0.0115722 0.0142351 0.0173547 0.0209722 0.0251248 0.0298437 0.0351529 0.0410672 0.0475908 0.0547165 0.0624243 0.0706812 0.079441 0.0886448 0.0982218 0.10809 0.118158 0.128328 0.138495 0.148551 0.158387 0.167895 0.17697 0.18551 0.193421 0.200614 0.207013 0.212546 0.217155 0.220791 0.223415 0.225001 0.225531 0.225001 0.223415 0.220791 0.217155 0.212546 0.207013 0.200614 0.193421 0.18551 0.17697 0.167895 0.158387 0.148551 0.138495 0.128328 0.118158 0.10809 0.0982218 0.0886448 0.079441 0.0706812 0.0624243 0.0547165 0.0475908 0.0410672 0.0351529 0.0298437 0.0251248 0.0209722 0.0173547 0.0142351 0.0115722 0.00932239 0.00744126 0.00588469 0.00461014 0.00357748 0.00274965 0.0020931 0.00157801 0.00117833 0.000871695 0.000639252 0.000465372 0.000337356 0.000245114 0.00018087 0.000138878 0.000115208 
0.000135162 0.000144672 0.000174121 0.000226316 0.000306069 0.000420399 0.000578788 0.000793505 0.00107995 0.00145701 0.00194739 0.00257793 0.00337975 0.00438833 0.00564339 0.00718855 0.00907078 0.0113395 0.0140457 0.0172402 0.0209722 0.0252878 0.0302277 0.0358251 0.0421043 0.0490786 0.0567487 0.0651016 0.0741097 0.0837305 0.0939068 0.104567 0.115626 0.126989 0.138548 0.150191 0.161799 0.173249 0.184421 0.195194 0.205452 0.215085 0.22399 0.232074 0.239252 0.245451 0.250608 0.254672 0.257604 0.259374 0.259966 0.259374 0.257604 0.254672 0.250608 0.245451 0.239252 0.232074 0.22399 0.215085 0.205452 0.195194 0.184421 0.173249 0.161799 0.150191 0.138548 0.126989 0.115626 0.104567 0.0939068 0.0837305 0.0741097 0.0651016 0.0567487 0.0490786 0.0421043 0.0358251 0.0302277 0.0252878 0.0209722 0.0172402 0.0140457 0.0113395 0.00907078 0.00718855 0.00564339 0.00438833 0.00337975 0.00257793 0.00194739 0.00145701 0.00107995 0.000793505 0.000578788 0.000420399 0.000306069 0.000226316 0.000174121 0.000144672 
0.000168353 0.000180086 0.000216406 0.00028072 0.000378867 0.000519345 0.000713615 0.000976464 0.0013264 0.00178604 0.00238251 0.0031477 0.00411846 0.0053366 0.0068487 0.00870563 0.0109618 0.0136742 0.0169009 0.0206994 0.0251248 0.0302277 0.0360518 0.042632 0.0499919 0.058142 0.067078 0.0767799 0.0872106 0.0983166 0.110027 0.122257 0.134907 0.147863 0.161005 0.174204 0.187324 0.200232 0.212791 0.224872 0.236347 0.247099 0.257017 0.266004 0.27397 0.280839 0.286546 0.29104 0.294278 0.296233 0.296886 0.296233 0.294278 0.29104 0.286546 0.280839 0.27397 0.266004 0.257017 0.247099 0.236347 0.224872 0.212791 0.200232 0.187324 0.174204 0.161005 0.147863 0.134907 0.122257 0.110027 0.0983166 0.0872106 0.0767799 0.067078 0.058142 0.0499919 0.042632 0.0360518 0.0302277 0.0251248 0.0206994 0.0169009 0.0136742 0.0109618 0.00870563 0.0068487 0.0053366 0.00411846 0.0031477 0.00238251 0.00178604 0.0013264 0.000976464 0.000713615 0.000519345 0.000378867 0.00028072 0.000216406 0.000180086 
0.000207877 0.00022223 0.000266638 0.000345204 0.00046495 0.000636077 0.000872316 0.00119133 0.00161518 0.00217071 0.00289002 0.00381068 0.00497594 0.00643462 0.00824083 0.0104534 0.0131347 0.0163496 0.0201638 0.0246416 0.0298437 0.0358251 0.042632 0.0502998 0.0588504 0.0682902 0.0786084 0.0897759 0.101745 0.114448 0.127801 0.141702 0.156034 0.170669 0.185467 0.200284 0.214969 0.229375 0.243354 0.256763 0.269468 0.281344 0.292276 0.302161 0.310907 0.318437 0.324686 0.3296 0.333138 0.335273 0.335986 0.335273 0.333138 0.3296 0.324686 0.318437 0.310907 0.302161 0.292276 0.281344 0.269468 0.256763 0.243354 0.229375 0.214969 0.200284 0.185467 0.170669 0.156034 0.141702 0.127801 0.114448 0.101745 0.0897759 0.0786084 0.0682902 0.0588504 0.0502998 0.042632 0.0358251 0.0298437 0.0246416 0.0201638 0.0163496 0.0131347 0.0104534 0.00824083 0.00643462 0.00497594 0.00381068 0.00289002 0.00217071 0.00161518 0.00119133 0.000872316 0.000636077 0.00046495 0.000345204 0.000266638 0.00022223 
0.000254477 0.000271885 0.00032572 0.000420881 0.000565738 0.000772435 0.00105728 0.0014412 0.00195023 0.00261601 0.00347615 0.00457456 0.00596152 0.00769355 0.00983295 0.012447 0.0156067 0.0193851 0.0238557 0.0290896 0.0351529 0.0421043 0.0499919 0.0588504 0.0686987 0.0795374 0.0913476 0.104089 0.117702 0.132103 0.147191 0.162848 0.178938 0.195314 0.211821 0.228297 0.244576 0.260498 0.275902 0.290639 0.304565 0.317549 0.329474 0.340233 0.349735 0.357903 0.36467 0.369987 0.373811 0.376117 0.376888 0.376117 0.373811 0.369987 0.36467 0.357903 0.349735 0.340233 0.329474 0.317549 0.304565 0.290639 0.275902 0.260498 0.244576 0.228297 0.211821 0.195314 0.178938 0.162848 0.147191 0.132103 0.117702 0.104089 0.0913476 0.0795374 0.0686987 0.0588504 0.0499919 0.0421043 0.0351529 0.0290896 0.0238557 0.0193851 0.0156067 0.012447 0.00983295 0.00769355 0.00596152 0.00457456 0.00347615 0.00261601 0.00195023 0.0014412 0.00105728 0.000772435 0.000565738 0.000420881 0.00032572 0.000271885 
0.000308871 0.000329806 0.000394521 0.000508812 0.000682578 0.000930148 0.00127073 0.0017289 0.00233517 0.00312643 0.00414645 0.00544606 0.00708325 0.00912286 0.011636 0.0146988 0.0183914 0.0227955 0.027992 0.0340588 0.0410672 0.0490786 0.058142 0.0682902 0.0795374 0.091877 0.10528 0.119693 0.135041 0.151224 0.168123 0.185601 0.203502 0.221662 0.239906 0.258056 0.275934 0.293363 0.310176 0.326212 0.341325 0.355379 0.368255 0.379846 0.390063 0.39883 0.406083 0.411773 0.415863 0.418328 0.419151 0.418328 0.415863 0.411773 0.406083 0.39883 0.390063 0.379846 0.368255 0.355379 0.341325 0.326212 0.310176 0.293363 0.275934 0.258056 0.239906 0.221662 0.203502 0.185601 0.168123 0.151224 0.135041 0.119693 0.10528 0.091877 0.0795374 0.0682902 0.058142 0.0490786 0.0410672 0.0340588 0.027992 0.0227955 0.0183914 0.0146988 0.011636 0.00912286 0.00708325 0.00544606 0.00414645 0.00312643 0.00233517 0.0017289 0.00127073 0.000930148 0.000682578 0.000508812 0.000394521 0.000329806 
0.000371727 0.000396695 0.000473841 0.000609969 0.000816684 0.00111076 0.00151463 0.00205692 0.00277306 0.00370577 0.0049055 0.00643065 0.00834749 0.0107298 0.0136579 0.0172175 0.0214979 0.0265895 0.0325809 0.0395561 0.0475908 0.0567487 0.067078 0.0786084 0.0913476 0.10528 0.120363 0.136531 0.153689 0.171721 0.190487 0.209828 0.229571 0.249531 0.269515 0.289329 0.30878 0.327683 0.34586 0.363145 0.379387 0.39445 0.408214 0.420577 0.431451 0.440764 0.448456 0.454484 0.458813 0.461419 0.462289 0.461419 0.458813 0.454484 0.448456 0.440764 0.431451 0.420577 0.408214 0.39445 0.379387 0.363145 0.34586 0.327683 0.30878 0.289329 0.269515 0.249531 0.229571 0.209828 0.190487 0.171721 0.153689 0.136531 0.120363 0.10528 0.0913476 0.0786084 0.067078 0.0567487 0.0475908 0.0395561 0.0325809 0.0265895 0.0214979 0.0172175 0.0136579 0.0107298 0.00834749 0.00643065 0.0049055 0.00370577 0.00277306 0.00205692 0.00151463 0.00111076 0.000816684 0.000609969 0.000473841 0.000396695 
0.000443633 0.000473165 0.000564373 0.00072518 0.000969079 0.00131554 0.00179056 0.00242721 0.0032663 0.00435688 0.00575666 0.00753212 0.00975842 0.0125187 0.0159032 0.0200073 0.0249297 0.0307693 0.0376223 0.0455783 0.0547165 0.0651016 0.0767799 0.0897759 0.104089 0.119693 0.136531 0.154518 0.173544 0.19347 0.214135 0.23536 0.256949 0.278698 0.300397 0.321838 0.342814 0.363129 0.3826 0.401057 0.418348 0.434338 0.44891 0.461967 0.473424 0.483218 0.491294 0.497613 0.502147 0.504874 0.505785 0.504874 0.502147 0.497613 0.491294 0.483218 0.473424 0.461967 0.44891 0.434338 0.418348 0.401057 0.3826 0.363129 0.342814 0.321838 0.300397 0.278698 0.256949 0.23536 0.214135 0.19347 0.173544 0.154518 0.136531 0.119693 0.104089 0.0897759 0.0767799 0.0651016 0.0547165 0.0455783 0.0376223 0.0307693 0.0249297 0.0200073 0.0159032 0.0125187 0.00975842 0.00753212 0.00575666 0.00435688 0.0032663 0.00242721 0.00179056 0.00131554 0.000969079 0.00072518 0.000564373 0.000473165 
0.000525059 0.000559705 0.000666663 0.000855083 0.00114053 0.00154543 0.00209965 0.0028411 0.00381642 0.00508148 0.00670173 0.00875231 0.0113177 0.014491 0.0183724 0.0230674 0.028684 0.0353296 0.0431073 0.0521116 0.0624243 0.0741097 0.0872106 0.101745 0.117702 0.135041 0.153689 0.173544 0.194473 0.216316 0.238889 0.26199 0.285404 0.308907 0.332271 0.355273 0.377698 0.39934 0.420012 0.439543 0.457781 0.474597 0.489878 0.503534 0.51549 0.525687 0.534082 0.540641 0.545341 0.548167 0.54911 0.548167 0.545341 0.540641 0.534082 0.525687 0.51549 0.503534 0.489878 0.474597 0.457781 0.439543 0.420012 0.39934 0.377698 0.355273 0.332271 0.308907 0.285404 0.26199 0.238889 0.216316 0.194473 0.173544 0.153689 0.135041 0.117702 0.101745 0.0872106 0.0741097 0.0624243 0.0521116 0.0431073 0.0353296 0.028684 0.0230674 0.0183724 0.014491 0.0113177 0.00875231 0.00670173 0.00508148 0.00381642 0.0028411 0.00209965 0.00154543 0.00114053 0.000855083 0.000666663 0.000559705 
0.000616324 0.000656645 0.000781066 0.00100007 0.00133148 0.00180091 0.00244242 0.00329913 0.00442391 0.00587988 0.00774076 0.0100908 0.0130242 0.0166442 0.0210614 0.0263913 0.0327512 0.0402567 0.049017 0.0591309 0.0706812 0.0837305 0.0983166 0.114448 0.132103 0.151224 0.171721 0.19347 0.216316 0.240075 0.26454 0.289487 0.314679 0.339872 0.364825 0.3893 0.413073 0.435934 0.457692 0.478178 0.497245 0.514769 0.530647 0.544797 0.557154 0.567671 0.576313 0.583054 0.587879 0.590777 0.591744 0.590777 0.587879 0.583054 0.576313 0.567671 0.557154 0.544797 0.530647 0.514769 0.497245 0.478178 0.457692 0.435934 0.413073 0.3893 0.364825 0.339872 0.314679 0.289487 0.26454 0.240075 0.216316 0.19347 0.171721 0.151224 0.132103 0.114448 0.0983166 0.0837305 0.0706812 0.0591309 0.049017 0.0402567 0.0327512 0.0263913 0.0210614 0.0166442 0.0130242 0.0100908 0.00774076 0.00587988 0.00442391 0.00329913 0.00244242 0.00180091 0.00133148 0.00100007 0.000781066 0.000656645 
0.000717565 0.000764116 0.000907705 0.00116025 0.00154199 0.00208197 0.00281872 0.00380092 0.00508804 0.0067509 0.00887181 0.0115445 0.0148733 0.0189718 0.0239612 0.0299668 0.0371149 0.0455287 0.055323 0.0665995 0.079441 0.0939068 0.110027 0.127801 0.147191 0.168123 0.190487 0.214135 0.238889 0.26454 0.290858 0.317595 0.344493 0.371291 0.397732 0.423569 0.448569 0.472521 0.495233 0.51654 0.536303 0.554406 0.570758 0.585287 0.597943 0.608688 0.6175 0.624363 0.629268 0.632213 0.633194 0.632213 0.629268 0.624363 0.6175 0.608688 0.597943 0.585287 0.570758 0.554406 0.536303 0.51654 0.495233 0.472521 0.448569 0.423569 0.397732 0.371291 0.344493 0.317595 0.290858 0.26454 0.238889 0.214135 0.190487 0.168123 0.147191 0.127801 0.110027 0.0939068 0.079441 0.0665995 0.055323 0.0455287 0.0371149 0.0299668 0.0239612 0.0189718 0.0148733 0.0115445 0.00887181 0.0067509 0.00508804 0.00380092 0.00281872 0.00208197 0.00154199 0.00116025 0.000907705 0.000764116 
0.0008287 0.000882023 0.00104644 0.00133539 0.00177168 0.00238802 0.00322765 0.00434511 0.00580682 0.00769161 0.0100908 0.0131077 0.0168572 0.0214633 0.0270576 0.0337752 0.041751 0.051115 0.0619867 0.0744695 0.0886448 0.104567 0.122257 0.141702 0.162848 0.185601 0.209828 0.23536 0.26199 0.289487 0.317595 0.346043 0.374554 0.402849 0.430659 0.457728 0.483818 0.508716 0.532236 0.554219 0.574535 0.59308 0.609776 0.624566 0.637413 0.648293 0.657197 0.664119 0.66906 0.672023 0.673011 0.672023 0.66906 0.664119 0.657197 0.648293 0.637413 0.624566 0.609776 0.59308 0.574535 0.554219 0.532236 0.508716 0.483818 0.457728 0.430659 0.402849 0.374554 0.346043 0.317595 0.289487 0.26199 0.23536 0.209828 0.185601 0.162848 0.141702 0.122257 0.104567 0.0886448 0.0744695 0.0619867 0.051115 0.041751 0.0337752 0.0270576 0.0214633 0.0168572 0.0131077 0.0100908 0.00769161 0.00580682 0.00434511 0.00322765 0.00238802 0.00177168 0.00133539 0.00104644 0.000882023 
0.000949403 0.00101001 0.00119681 0.00152487 0.0020197 0.00271782 0.00366746 0.00492924 0.00657682 0.00869729 0.0113912 0.0147719 0.0189645 0.0241038 0.0303313 0.0377918 0.0466282 0.0569765 0.0689599 0.0826821 0.0982218 0.115626 0.134907 0.156034 0.178938 0.203502 0.229571 0.256949 0.285404 0.314679 0.344493 0.374554 0.404564 0.434232 0.463275 0.491431 0.51846 0.544152 0.568325 0.590832 0.611553 0.630399 0.647308 0.662238 0.675169 0.686092 0.69501 0.70193 0.706863 0.709818 0.710803 0.709818 0.706863 0.70193 0.69501 0.686092 0.675169 0.662238 0.647308 0.630399 0.611553 0.590832 0.568325 0.544152 0.51846 0.491431 0.463275 0.434232 0.404564 0.374554 0.344493 0.314679 0.285404 0.256949 0.229571 0.203502 0.178938 0.156034 0.134907 0.115626 0.0982218 0.0826821 0.0689599 0.0569765 0.0466282 0.0377918 0.0303313 0.0241038 0.0189645 0.0147719 0.0113912 0.00869729 0.00657682 0.00492924 0.00366746 0.00271782 0.0020197 0.00152487 0.00119681 0.00101001 
0.00107908 0.00114745 0.00135807 0.0017277 0.00228468 0.0030695 0.00413553 0.00554971 0.00739315 0.00976139 0.0127643 0.0165254 0.0211802 0.0268738 0.0337579 0.0419859 0.0517083 0.0630662 0.0761853 0.0911685 0.10809 0.126989 0.147863 0.170669 0.195314 0.221662 0.249531 0.278698 0.308907 0.339872 0.371291 0.402849 0.434232 0.465133 0.495261 0.52435 0.552161 0.578487 0.603156 0.626033 0.647011 0.66602 0.683012 0.697966 0.710877 0.721753 0.730611 0.737471 0.742353 0.745276 0.746248 0.745276 0.742353 0.737471 0.730611 0.721753 0.710877 0.697966 0.683012 0.66602 0.647011 0.626033 0.603156 0.578487 0.552161 0.52435 0.495261 0.465133 0.434232 0.402849 0.371291 0.339872 0.308907 0.278698 0.249531 0.221662 0.195314 0.170669 0.147863 0.126989 0.10809 0.0911685 0.0761853 0.0630662 0.0517083 0.0419859 0.0337579 0.0268738 0.0211802 0.0165254 0.0127643 0.00976139 0.00739315 0.00554971 0.00413553 0.0030695 0.00228468 0.0017277 0.00135807 0.00114745 
0.00121687 0.0012934 0.00152909 0.00194244 0.0025647 0.00344045 0.00462835 0.0062018 0.00824946 0.0108755 0.0141992 0.018354 0.0234859 0.0297501 0.0373079 0.046321 0.0569465 0.0693298 0.0835977 0.0998511 0.118158 0.138548 0.161005 0.185467 0.211821 0.239906 0.269515 0.300397 0.332271 0.364825 0.397732 0.430659 0.463275 0.495261 0.52632 0.556184 0.584616 0.611417 0.636427 0.659522 0.680615 0.699652 0.716606 0.731473 0.744267 0.755013 0.763742 0.770488 0.775282 0.778148 0.779102 0.778148 0.775282 0.770488 0.763742 0.755013 0.744267 0.731473 0.716606 0.699652 0.680615 0.659522 0.636427 0.611417 0.584616 0.556184 0.52632 0.495261 0.463275 0.430659 0.397732 0.364825 0.332271 0.300397 0.269515 0.239906 0.211821 0.185467 0.161005 0.138548 0.118158 0.0998511 0.0835977 0.0693298 0.0569465 0.046321 0.0373079 0.0297501 0.0234859 0.018354 0.0141992 0.0108755 0.00824946 0.0062018 0.00462835 0.00344045 0.0025647 0.00194244 0.00152909 0.0012934 
0.0013616 0.00144663 0.00170843 0.00216725 0.00285732 0.00382741 0.00514154 0.00687962 0.00913797 0.0120293 0.0156824 0.0202406 0.0258599 0.0327055 0.0409474 0.0507554 0.0622922 0.0757064 0.0911249 0.108645 0.128328 0.150191 0.174204 0.200284 0.228297 0.258056 0.289329 0.321838 0.355273 0.3893 0.423569 0.457728 0.491431 0.52435 0.556184 0.586664 0.61556 0.642681 0.667881 0.691053 0.712127 0.731069 0.747872 0.762552 0.775141 0.785682 0.794222 0.800808 0.805479 0.808269 0.809196 0.808269 0.805479 0.800808 0.794222 0.785682 0.775141 0.762552 0.747872 0.731069 0.712127 0.691053 0.667881 0.642681 0.61556 0.586664 0.556184 0.52435 0.491431 0.457728 0.423569 0.3893 0.355273 0.321838 0.289329 0.258056 0.228297 0.200284 0.174204 0.150191 0.128328 0.108645 0.0911249 0.0757064 0.0622922 0.0507554 0.0409474 0.0327055 0.0258599 0.0202406 0.0156824 0.0120293 0.00913797 0.00687962 0.00514154 0.00382741 0.00285732 0.00216725 0.00170843 0.00144663 
0.00151185 0.00160563 0.00189429 0.00239987 0.00315961 0.00422647 0.00566987 0.00757627 0.0100496 0.0132111 0.0171988 0.0221658 0.0282777 0.0357092 0.0446389 0.0552433 0.06769 0.08213 0.098689 0.11746 0.138495 0.161799 0.187324 0.214969 0.244576 0.275934 0.30878 0.342814 0.377698 0.413073 0.448569 0.483818 0.51846 0.552161 0.584616 0.61556 0.644769 0.672066 0.697317 0.720435 0.741369 0.760106 0.776659 0.791064 0.803373 0.813646 0.821945 0.828329 0.83285 0.835545 0.836441 0.835545 0.83285 0.828329 0.821945 0.813646 0.803373 0.791064 0.776659 0.760106 0.741369 0.720435 0.697317 0.672066 0.644769 0.61556 0.584616 0.552161 0.51846 0.483818 0.448569 0.413073 0.377698 0.342814 0.30878 0.275934 0.244576 0.214969 0.187324 0.161799 0.138495 0.11746 0.098689 0.08213 0.06769 0.0552433 0.0446389 0.0357092 0.0282777 0.0221658 0.0171988 0.0132111 0.0100496 0.00757627 0.00566987 0.00422647 0.00315961 0.00239987 0.00189429 0.00160563 
0.00166591 0.0017686 0.00208457 0.00263767 0.00346813 0.0046331 0.00620736 0.00828385 0.010974 0.0144074 0.0187312 0.0241078 0.0307122 0.0387278 0.0483412 0.0597349 0.0730808 0.0885306 0.106208 0.126201 0.148551 0.173249 0.200232 0.229375 0.260498 0.293363 0.327683 0.363129 0.39934 0.435934 0.472521 0.508716 0.544152 0.578487 0.611417 0.642681 0.672066 0.699406 0.724585 0.747534 0.768223 0.78666 0.802879 0.816937 0.828904 0.838857 0.846874 0.853025 0.857372 0.859961 0.860821 0.859961 0.857372 0.853025 0.846874 0.838857 0.828904 0.816937 0.802879 0.78666 0.768223 0.747534 0.724585 0.699406 0.672066 0.642681 0.611417 0.578487 0.544152 0.508716 0.472521 0.435934 0.39934 0.363129 0.327683 0.293363 0.260498 0.229375 0.200232 0.173249 0.148551 0.126201 0.106208 0.0885306 0.0730808 0.0597349 0.0483412 0.0387278 0.0307122 0.0241078 0.0187312 0.0144074 0.010974 0.00828385 0.00620736 0.0046331 0.00346813 0.00263767 0.00208457 0.0017686 
