1.78061e-06 1.89679e-06 2.25622e-06 2.89219e-06 3.86199e-06 5.24975e-06 7.17024e-06 9.77367e-06 1.32514e-05 1.78425e-05 2.38404e-05 3.16006e-05 4.15474e-05 5.41807e-05 7.00814e-05 8.99152e-05 0.000114434 0.000144476 0.000180957 0.000224864 0.000277242 0.00033917 0.000411741 0.000496027 0.000593048 0.000703732 0.000828868 0.000969066 0.00112471 0.00129591 0.00148248 0.00168387 0.00189917 0.00212709 0.00236593 0.0026136 0.00286767 0.00312534 0.00338353 0.00363895 0.00388811 0.00412744 0.00435339 0.00456245 0.00475129 0.00491683 0.00505632 0.00516738 0.00524811 0.00529712 0.00531355 0.00529712 0.00524811 0.00516738 0.00505632 0.00491683 0.00475129 0.00456245 0.00435339 0.00412744 0.00388811 0.00363895 0.00338353 0.00312534 0.00286767 0.0026136 0.00236593 0.00212709 0.00189917 0.00168387 0.00148248 0.00129591 0.00112471 0.000969066 0.000828868 0.000703732 0.000593048 0.000496027 0.000411741 0.00033917 0.000277242 0.000224864 0.000180957 0.000144476 0.000114434 8.99152e-05 7.00814e-05 5.41807e-05 4.15474e-05 3.16006e-05 2.38404e-05 1.78425e-05 1.32514e-05 9.77367e-06 7.17024e-06 5.24975e-06 3.86199e-06 2.89219e-06 2.25622e-06 1.89679e-06 
1.89679e-06 2.0202e-06 2.40198e-06 3.07731e-06 4.10682e-06 5.57943e-06 7.61642e-06 1.03764e-05 1.40615e-05 1.89237e-05 2.52724e-05 3.3482e-05 4.39991e-05 5.73493e-05 7.41431e-05 9.50793e-05 0.000120947 0.000152624 0.000191069 0.000237315 0.000292454 0.000357611 0.000433924 0.000522512 0.000624432 0.000740644 0.000871966 0.00101902 0.0011822 0.00136161 0.00155703 0.00176789 0.00199321 0.00223164 0.0024814 0.00274031 0.00300579 0.00327496 0.00354459 0.00381124 0.00407129 0.00432102 0.00455673 0.00477478 0.00497171 0.00514431 0.00528972 0.00540549 0.00548964 0.00554072 0.00555785 0.00554072 0.00548964 0.00540549 0.00528972 0.00514431 0.00497171 0.00477478 0.00455673 0.00432102 0.00407129 0.00381124 0.00354459 0.00327496 0.00300579 0.00274031 0.0024814 0.00223164 0.00199321 0.00176789 0.00155703 0.00136161 0.0011822 0.00101902 0.000871966 0.000740644 0.000624432 0.000522512 0.000433924 0.000357611 0.000292454 0.000237315 0.000191069 0.000152624 0.000120947 9.50793e-05 7.41431e-05 5.73493e-05 4.39991e-05 3.3482e-05 2.52724e-05 1.89237e-05 1.40615e-05 1.03764e-05 7.61642e-06 5.57943e-06 4.10682e-06 3.07731e-06 2.40198e-06 2.0202e-06 
2.25622e-06 2.40198e-06 2.85272e-06 3.64958e-06 4.86332e-06 6.5977e-06 8.994e-06 1.22368e-05 1.65607e-05 2.2258e-05 2.96869e-05 3.92798e-05 5.15515e-05 6.71066e-05 8.6646e-05 0.00011097 0.00014098 0.000177677 0.000222151 0.000275573 0.000339176 0.00041423 0.000502012 0.000603772 0.000720687 0.000853818 0.00100406 0.00117208 0.0013583 0.00156277 0.00178523 0.00202499 0.0022809 0.00255141 0.00283447 0.00312761 0.00342792 0.00373211 0.00403657 0.00433743 0.00463063 0.00491202 0.00517743 0.00542283 0.00564435 0.00583843 0.00600187 0.00613197 0.00622651 0.00628389 0.00630312 0.00628389 0.00622651 0.00613197 0.00600187 0.00583843 0.00564435 0.00542283 0.00517743 0.00491202 0.00463063 0.00433743 0.00403657 0.00373211 0.00342792 0.00312761 0.00283447 0.00255141 0.0022809 0.00202499 0.00178523 0.00156277 0.0013583 0.00117208 0.00100406 0.000853818 0.000720687 0.000603772 0.000502012 0.00041423 0.000339176 0.000275573 0.000222151 0.000177677 0.00014098 0.00011097 8.6646e-05 6.71066e-05 5.15515e-05 3.92798e-05 2.96869e-05 2.2258e-05 1.65607e-05 1.22368e-05 8.994e-06 6.5977e-06 4.86332e-06 3.64958e-06 2.85272e-06 2.40198e-06 
2.89219e-06 3.07731e-06 3.64958e-06 4.66049e-06 6.19863e-06 8.39363e-06 1.14218e-05 1.5513e-05 2.09588e-05 2.81217e-05 3.74446e-05 4.9461e-05 6.48043e-05 8.42165e-05 0.000108555 0.000138795 0.000176034 0.000221483 0.00027646 0.000342372 0.000420698 0.000512951 0.000620647 0.000745261 0.000888171 0.00105061 0.0012336 0.00143789 0.0016639 0.00191167 0.00218079 0.00247037 0.002779 0.00310474 0.00344511 0.00379712 0.00415727 0.00452163 0.0048859 0.00524547 0.00559552 0.00593116 0.00624749 0.00653974 0.00680338 0.00703423 0.00722855 0.00738315 0.00749547 0.00756363 0.00758648 0.00756363 0.00749547 0.00738315 0.00722855 0.00703423 0.00680338 0.00653974 0.00624749 0.00593116 0.00559552 0.00524547 0.0048859 0.00452163 0.00415727 0.00379712 0.00344511 0.00310474 0.002779 0.00247037 0.00218079 0.00191167 0.0016639 0.00143789 0.0012336 0.00105061 0.000888171 0.000745261 0.000620647 0.000512951 0.000420698 0.000342372 0.00027646 0.000221483 0.000176034 0.000138795 0.000108555 8.42165e-05 6.48043e-05 4.9461e-05 3.74446e-05 2.81217e-05 2.09588e-05 1.5513e-05 1.14218e-05 8.39363e-06 6.19863e-06 4.66049e-06 3.64958e-06 3.07731e-06 
3.86199e-06 4.10682e-06 4.86332e-06 6.19863e-06 8.22802e-06 1.11201e-05 1.51036e-05 2.04763e-05 2.76149e-05 3.69868e-05 4.91615e-05 6.48228e-05 8.47806e-05 0.000109981 0.000141512 0.00018061 0.000228658 0.00028718 0.000357825 0.000442351 0.000542589 0.00066041 0.000797677 0.000956187 0.00113761 0.00134341 0.0015748 0.00183264 0.00211735 0.0024289 0.00276668 0.00312951 0.00351555 0.00392232 0.00434671 0.00478493 0.00523265 0.00568498 0.00613661 0.00658187 0.00701487 0.00742961 0.00782012 0.0081806 0.00850555 0.00878989 0.00902911 0.00921936 0.00935753 0.00944136 0.00946945 0.00944136 0.00935753 0.00921936 0.00902911 0.00878989 0.00850555 0.0081806 0.00782012 0.00742961 0.00701487 0.00658187 0.00613661 0.00568498 0.00523265 0.00478493 0.00434671 0.00392232 0.00351555 0.00312951 0.00276668 0.0024289 0.00211735 0.00183264 0.0015748 0.00134341 0.00113761 0.000956187 0.000797677 0.00066041 0.000542589 0.000442351 0.000357825 0.00028718 0.000228658 0.00018061 0.000141512 0.000109981 8.47806e-05 6.48228e-05 4.91615e-05 3.69868e-05 2.76149e-05 2.04763e-05 1.51036e-05 1.11201e-05 8.22802e-06 6.19863e-06 4.86332e-06 4.10682e-06 
5.24975e-06 5.57943e-06 6.5977e-06 8.39363e-06 1.11201e-05 1.50002e-05 2.03364e-05 2.75215e-05 3.70513e-05 4.95393e-05 6.57312e-05 8.65202e-05 0.000112961 0.00014628 0.000187887 0.000239375 0.000302523 0.000379278 0.000471746 0.000582155 0.000712822 0.000866097 0.00104431 0.00124968 0.00148427 0.00174985 0.00204787 0.00237931 0.0027446 0.00314358 0.00357536 0.00403833 0.00453007 0.00504736 0.00558616 0.00614168 0.0067084 0.00728016 0.00785027 0.00841165 0.00895693 0.00947867 0.00996945 0.0104221 0.0108298 0.0111863 0.0114861 0.0117244 0.0118974 0.0120024 0.0120375 0.0120024 0.0118974 0.0117244 0.0114861 0.0111863 0.0108298 0.0104221 0.00996945 0.00947867 0.00895693 0.00841165 0.00785027 0.00728016 0.0067084 0.00614168 0.00558616 0.00504736 0.00453007 0.00403833 0.00357536 0.00314358 0.0027446 0.00237931 0.00204787 0.00174985 0.00148427 0.00124968 0.00104431 0.000866097 0.000712822 0.000582155 0.000471746 0.000379278 0.000302523 0.000239375 0.000187887 0.00014628 0.000112961 8.65202e-05 6.57312e-05 4.95393e-05 3.70513e-05 2.75215e-05 2.03364e-05 1.50002e-05 1.11201e-05 8.39363e-06 6.5977e-06 5.57943e-06 
7.17024e-06 7.61642e-06 8.994e-06 1.14218e-05 1.51036e-05 2.03364e-05 2.75222e-05 3.7182e-05 4.99721e-05 6.67024e-05 8.83552e-05 0.000116103 0.000151328 0.000195631 0.000250846 0.000319041 0.000402512 0.00050377 0.000625512 0.000770587 0.000941935 0.00114253 0.00137529 0.00164299 0.00194818 0.00229301 0.00267921 0.00310788 0.00357946 0.00409356 0.00464894 0.00524337 0.00587366 0.00653559 0.00722395 0.00793256 0.00865439 0.00938162 0.0101058 0.010818 0.011509 0.0121694 0.01279 0.0133619 0.0138767 0.0143265 0.0147045 0.0150048 0.0152228 0.015355 0.0153993 0.015355 0.0152228 0.0150048 0.0147045 0.0143265 0.0138767 0.0133619 0.01279 0.0121694 0.011509 0.010818 0.0101058 0.00938162 0.00865439 0.00793256 0.00722395 0.00653559 0.00587366 0.00524337 0.00464894 0.00409356 0.00357946 0.00310788 0.00267921 0.00229301 0.00194818 0.00164299 0.00137529 0.00114253 0.000941935 0.000770587 0.000625512 0.00050377 0.000402512 0.000319041 0.000250846 0.000195631 0.000151328 0.000116103 8.83552e-05 6.67024e-05 4.99721e-05 3.7182e-05 2.75222e-05 2.03364e-05 1.51036e-05 1.14218e-05 8.994e-06 7.61642e-06 
9.77367e-06 1.03764e-05 1.22368e-05 1.5513e-05 2.04763e-05 2.75215e-05 3.7182e-05 5.01479e-05 6.72867e-05 8.96664e-05 0.000118579 0.000155562 0.000202423 0.000261251 0.000334428 0.000424634 0.000534834 0.000668255 0.000828354 0.00101876 0.00124321 0.00150545 0.00180914 0.00215774 0.00255437 0.00300166 0.00350165 0.00405557 0.00466379 0.00532565 0.00603935 0.0068019 0.00760906 0.00845534 0.00933399 0.0102371 0.0111557 0.0120799 0.0129989 0.0139016 0.0147765 0.0156117 0.0163959 0.0171178 0.0177671 0.0183341 0.0188103 0.0191885 0.0194629 0.0196293 0.019685 0.0196293 0.0194629 0.0191885 0.0188103 0.0183341 0.0177671 0.0171178 0.0163959 0.0156117 0.0147765 0.0139016 0.0129989 0.0120799 0.0111557 0.0102371 0.00933399 0.00845534 0.00760906 0.0068019 0.00603935 0.00532565 0.00466379 0.00405557 0.00350165 0.00300166 0.00255437 0.00215774 0.00180914 0.00150545 0.00124321 0.00101876 0.000828354 0.000668255 0.000534834 0.000424634 0.000334428 0.000261251 0.000202423 0.000155562 0.000118579 8.96664e-05 6.72867e-05 5.01479e-05 3.7182e-05 2.75215e-05 2.04763e-05 1.5513e-05 1.22368e-05 1.03764e-05 
1.32514e-05 1.40615e-05 1.65607e-05 2.09588e-05 2.76149e-05 3.70513e-05 4.99721e-05 6.72867e-05 9.0136e-05 0.000119921 0.000158332 0.000207378 0.000269408 0.000347133 0.000443636 0.00056237 0.000707141 0.000882081 0.00109159 0.00134028 0.00163285 0.00197402 0.00236834 0.00282009 0.00333307 0.00391048 0.00455465 0.00526697 0.00604766 0.00689562 0.00780835 0.00878184 0.00981051 0.0108872 0.0120033 0.0131487 0.014312 0.0154807 0.0166414 0.01778 0.0188821 0.0199332 0.020919 0.0218259 0.0226408 0.0233519 0.0239489 0.0244228 0.0247664 0.0249748 0.0250446 0.0249748 0.0247664 0.0244228 0.0239489 0.0233519 0.0226408 0.0218259 0.020919 0.0199332 0.0188821 0.01778 0.0166414 0.0154807 0.014312 0.0131487 0.0120033 0.0108872 0.00981051 0.00878184 0.00780835 0.00689562 0.00604766 0.00526697 0.00455465 0.00391048 0.00333307 0.00282009 0.00236834 0.00197402 0.00163285 0.00134028 0.00109159 0.000882081 0.000707141 0.00056237 0.000443636 0.000347133 0.000269408 0.000207378 0.000158332 0.000119921 9.0136e-05 6.72867e-05 4.99721e-05 3.70513e-05 2.76149e-05 2.09588e-05 1.65607e-05 1.40615e-05 
1.78425e-05 1.89237e-05 2.2258e-05 2.81217e-05 3.69868e-05 4.95393e-05 6.67024e-05 8.96664e-05 0.000119921 0.000159292 0.000209976 0.000274575 0.000356126 0.000458123 0.000584523 0.000739745 0.000928644 0.00115647 0.00142878 0.00175138 0.00213017 0.002571 0.00307951 0.00366094 0.00431989 0.00506014 0.00588441 0.00679413 0.00778927 0.00886817 0.0100273 0.0112615 0.0125633 0.0139236 0.0153314 0.0167738 0.0182366 0.019704 0.0211594 0.0225852 0.0239637 0.025277 0.0265075 0.0276383 0.0286537 0.0295392 0.030282 0.0308714 0.0312988 0.0315577 0.0316445 0.0315577 0.0312988 0.0308714 0.030282 0.0295392 0.0286537 0.0276383 0.0265075 0.025277 0.0239637 0.0225852 0.0211594 0.019704 0.0182366 0.0167738 0.0153314 0.0139236 0.0125633 0.0112615 0.0100273 0.00886817 0.00778927 0.00679413 0.00588441 0.00506014 0.00431989 0.00366094 0.00307951 0.002571 0.00213017 0.00175138 0.00142878 0.00115647 0.000928644 0.000739745 0.000584523 0.000458123 0.000356126 0.000274575 0.000209976 0.000159292 0.000119921 8.96664e-05 6.67024e-05 4.95393e-05 3.69868e-05 2.81217e-05 2.2258e-05 1.89237e-05 
2.38404e-05 2.52724e-05 2.96869e-05 3.74446e-05 4.91615e-05 6.57312e-05 8.83552e-05 0.000118579 0.000158332 0.000209976 0.000276341 0.000360775 0.00046717 0.00059999 0.000764278 0.000965642 0.00121022 0.00150462 0.00185583 0.00227107 0.00275767 0.00332285 0.00397351 0.00471599 0.0055558 0.00649737 0.00754374 0.00869635 0.00995478 0.0113165 0.0127769 0.0143289 0.015963 0.0176677 0.0194288 0.0212304 0.0230546 0.0248819 0.0266916 0.0284624 0.0301722 0.0317992 0.0333221 0.0347203 0.0359747 0.0370679 0.0379844 0.0387113 0.0392381 0.0395572 0.0396641 0.0395572 0.0392381 0.0387113 0.0379844 0.0370679 0.0359747 0.0347203 0.0333221 0.0317992 0.0301722 0.0284624 0.0266916 0.0248819 0.0230546 0.0212304 0.0194288 0.0176677 0.015963 0.0143289 0.0127769 0.0113165 0.00995478 0.00869635 0.00754374 0.00649737 0.0055558 0.00471599 0.00397351 0.00332285 0.00275767 0.00227107 0.00185583 0.00150462 0.00121022 0.000965642 0.000764278 0.00059999 0.00046717 0.000360775 0.000276341 0.000209976 0.000158332 0.000118579 8.83552e-05 6.57312e-05 4.91615e-05 3.74446e-05 2.96869e-05 2.52724e-05 
3.16006e-05 3.3482e-05 3.92798e-05 4.9461e-05 6.48228e-05 8.65202e-05 0.000116103 0.000155562 0.000207378 0.000274575 0.000360775 0.000470243 0.00060793 0.000779492 0.000991295 0.0012504 0.00156449 0.00194183 0.00239109 0.0029212 0.00354116 0.00425979 0.00508544 0.0060257 0.00708708 0.00827468 0.00959184 0.0110399 0.0126177 0.0143218 0.0161459 0.0180807 0.0201143 0.0222319 0.0244159 0.0266463 0.0289011 0.0311563 0.0333866 0.0355659 0.0376675 0.039665 0.0415326 0.0432458 0.0447814 0.0461186 0.047239 0.0481272 0.0487706 0.0491603 0.0492908 0.0491603 0.0487706 0.0481272 0.047239 0.0461186 0.0447814 0.0432458 0.0415326 0.039665 0.0376675 0.0355659 0.0333866 0.0311563 0.0289011 0.0266463 0.0244159 0.0222319 0.0201143 0.0180807 0.0161459 0.0143218 0.0126177 0.0110399 0.00959184 0.00827468 0.00708708 0.0060257 0.00508544 0.00425979 0.00354116 0.0029212 0.00239109 0.00194183 0.00156449 0.0012504 0.000991295 0.000779492 0.00060793 0.000470243 0.000360775 0.000274575 0.000207378 0.000155562 0.000116103 8.65202e-05 6.48228e-05 4.9461e-05 3.92798e-05 3.3482e-05 
4.15474e-05 4.39991e-05 5.15515e-05 6.48043e-05 8.47806e-05 0.000112961 0.000151328 0.000202423 0.000269408 0.000356126 0.00046717 0.00060793 0.000784645 0.00100442 0.00127522 0.00160585 0.00200587 0.00248548 0.00305535 0.00372642 0.00450964 0.00541566 0.00645447 0.00763506 0.00896499 0.01045 0.0120937 0.013897 0.0158581 0.017972 0.0202301 0.0226209 0.025129 0.0277359 0.0304197 0.033156 0.0359176 0.0386754 0.0413986 0.0440558 0.0466149 0.0490444 0.0513133 0.0533924 0.0552544 0.0568746 0.0582312 0.0593061 0.0600844 0.0605557 0.0607136 0.0605557 0.0600844 0.0593061 0.0582312 0.0568746 0.0552544 0.0533924 0.0513133 0.0490444 0.0466149 0.0440558 0.0413986 0.0386754 0.0359176 0.033156 0.0304197 0.0277359 0.025129 0.0226209 0.0202301 0.017972 0.0158581 0.013897 0.0120937 0.01045 0.00896499 0.00763506 0.00645447 0.00541566 0.00450964 0.00372642 0.00305535 0.00248548 0.00200587 0.00160585 0.00127522 0.00100442 0.000784645 0.00060793 0.00046717 0.000356126 0.000269408 0.000202423 0.000151328 0.000112961 8.47806e-05 6.48043e-05 5.15515e-05 4.39991e-05 
5.41807e-05 5.73493e-05 6.71066e-05 8.42165e-05 0.000109981 0.00014628 0.000195631 0.000261251 0.000347133 0.000458123 0.00059999 0.000779492 0.00100442 0.00128362 0.00162697 0.00204536 0.00255055 0.00315503 0.0038718 0.00471414 0.00569522 0.00682776 0.00812358 0.00959318 0.0112452 0.0130861 0.0151193 0.0173455 0.0197614 0.0223601 0.0251308 0.0280584 0.0311238 0.0343038 0.0375718 0.0408978 0.0442488 0.0475897 0.0508837 0.054093 0.0571798 0.0601063 0.0628364 0.0653354 0.0675715 0.0695155 0.0711423 0.0724303 0.0733628 0.0739272 0.0741162 0.0739272 0.0733628 0.0724303 0.0711423 0.0695155 0.0675715 0.0653354 0.0628364 0.0601063 0.0571798 0.054093 0.0508837 0.0475897 0.0442488 0.0408978 0.0375718 0.0343038 0.0311238 0.0280584 0.0251308 0.0223601 0.0197614 0.0173455 0.0151193 0.0130861 0.0112452 0.00959318 0.00812358 0.00682776 0.00569522 0.00471414 0.0038718 0.00315503 0.00255055 0.00204536 0.00162697 0.00128362 0.00100442 0.000779492 0.00059999 0.000458123 0.000347133 0.000261251 0.000195631 0.00014628 0.000109981 8.42165e-05 6.71066e-05 5.73493e-05 
7.00814e-05 7.41431e-05 8.6646e-05 0.000108555 0.000141512 0.000187887 0.000250846 0.000334428 0.000443636 0.000584523 0.000764278 0.000991295 0.00127522 0.00162697 0.00205871 0.00258374 0.00321641 0.00397188 0.00486585 0.00591424 0.00713275 0.00853639 0.010139 0.0119526 0.0139871 0.0162492 0.0187424 0.0214663 0.0244163 0.0275829 0.030952 0.0345047 0.0382171 0.0420611 0.0460038 0.0500092 0.0540376 0.058047 0.0619939 0.0658335 0.0695211 0.0730128 0.0762662 0.0792409 0.0819 0.08421 0.0861415 0.0876701 0.0887761 0.0894454 0.0896695 0.0894454 0.0887761 0.0876701 0.0861415 0.08421 0.0819 0.0792409 0.0762662 0.0730128 0.0695211 0.0658335 0.0619939 0.058047 0.0540376 0.0500092 0.0460038 0.0420611 0.0382171 0.0345047 0.030952 0.0275829 0.0244163 0.0214663 0.0187424 0.0162492 0.0139871 0.0119526 0.010139 0.00853639 0.00713275 0.00591424 0.00486585 0.00397188 0.00321641 0.00258374 0.00205871 0.00162697 0.00127522 0.000991295 0.000764278 0.000584523 0.000443636 0.000334428 0.000250846 0.000187887 0.000141512 0.000108555 8.6646e-05 7.41431e-05 
8.99152e-05 9.50793e-05 0.00011097 0.000138795 0.00018061 0.000239375 0.000319041 0.000424634 0.00056237 0.000739745 0.000965642 0.0012504 0.00160585 0.00204536 0.00258374 0.00323714 0.00402288 0.0049592 0.00606486 0.00735875 0.00885938 0.0105843 0.0125495 0.0147686 0.0172524 0.0200081 0.0230389 0.0263428 0.0299131 0.0337375 0.0377978 0.0420704 0.0465261 0.0511302 0.0558435 0.0606226 0.0654204 0.0701873 0.0748719 0.079422 0.0837856 0.0879117 0.0917512 0.095258 0.0983895 0.101107 0.103378 0.105175 0.106474 0.107259 0.107522 0.107259 0.106474 0.105175 0.103378 0.101107 0.0983895 0.095258 0.0917512 0.0879117 0.0837856 0.079422 0.0748719 0.0701873 0.0654204 0.0606226 0.0558435 0.0511302 0.0465261 0.0420704 0.0377978 0.0337375 0.0299131 0.0263428 0.0230389 0.0200081 0.0172524 0.0147686 0.0125495 0.0105843 0.00885938 0.00735875 0.00606486 0.0049592 0.00402288 0.00323714 0.00258374 0.00204536 0.00160585 0.0012504 0.000965642 0.000739745 0.00056237 0.000424634 0.000319041 0.000239375 0.00018061 0.000138795 0.00011097 9.50793e-05 
0.000114434 0.000120947 0.00014098 0.000176034 0.000228658 0.000302523 0.000402512 0.000534834 0.000707141 0.000928644 0.00121022 0.00156449 0.00200587 0.00255055 0.00321641 0.00402288 0.0049907 0.00614157 0.0074977 0.0090813 0.0109139 0.0130159 0.0154053 0.0180975 0.0211042 0.0244326 0.0280849 0.0320577 0.0363412 0.0409193 0.0457694 0.0508621 0.0561617 0.0616266 0.0672099 0.0728599 0.0785213 0.084136 0.0896442 0.0949856 0.1001 0.104929 0.109417 0.113511 0.117163 0.12033 0.122974 0.125064 0.126575 0.127488 0.127794 0.127488 0.126575 0.125064 0.122974 0.12033 0.117163 0.113511 0.109417 0.104929 0.1001 0.0949856 0.0896442 0.084136 0.0785213 0.0728599 0.0672099 0.0616266 0.0561617 0.0508621 0.0457694 0.0409193 0.0363412 0.0320577 0.0280849 0.0244326 0.0211042 0.0180975 0.0154053 0.0130159 0.0109139 0.0090813 0.0074977 0.00614157 0.0049907 0.00402288 0.00321641 0.00255055 0.00200587 0.00156449 0.00121022 0.000928644 0.000707141 0.000534834 0.000402512 0.000302523 0.000228658 0.000176034 0.00014098 0.000120947 
0.000144476 0.000152624 0.000177677 0.000221483 0.00028718 0.000379278 0.00050377 0.000668255 0.000882081 0.00115647 0.00150462 0.00194183 0.00248548 0.00315503 0.00397188 0.0049592 0.00614157 0.00754458 0.00919427 0.0111165 0.0133361 0.0158762 0.0187573 0.0219961 0.025605 0.0295909 0.0339548 0.0386908 0.0437856 0.0492185 0.0549613 0.0609779 0.0672254 0.0736539 0.0802079 0.0868268 0.0934461 0.0999984 0.106415 0.112626 0.118564 0.124163 0.129358 0.134092 0.13831 0.141964 0.145013 0.14742 0.14916 0.150212 0.150564 0.150212 0.14916 0.14742 0.145013 0.141964 0.13831 0.134092 0.129358 0.124163 0.118564 0.112626 0.106415 0.0999984 0.0934461 0.0868268 0.0802079 0.0736539 0.0672254 0.0609779 0.0549613 0.0492185 0.0437856 0.0386908 0.0339548 0.0295909 0.025605 0.0219961 0.0187573 0.0158762 0.0133361 0.0111165 0.00919427 0.00754458 0.00614157 0.0049592 0.00397188 0.00315503 0.00248548 0.00194183 0.00150462 0.00115647 0.000882081 0.000668255 0.00050377 0.000379278 0.00028718 0.000221483 0.000177677 0.000152624 
0.000180957 0.000191069 0.000222151 0.00027646 0.000357825 0.000471746 0.000625512 0.000828354 0.00109159 0.00142878 0.00185583 0.00239109 0.00305535 0.0038718 0.00486585 0.00606486 0.0074977 0.00919427 0.0111848 0.013499 0.0161654 0.0192098 0.022655 0.0265191 0.0308148 0.0355483 0.0407185 0.0463163 0.0523244 0.0587163 0.0654571 0.0725034 0.0798035 0.0872986 0.0949235 0.102608 0.110277 0.117853 0.125259 0.132415 0.139245 0.145674 0.151632 0.157053 0.161878 0.166054 0.169534 0.172281 0.174265 0.175465 0.175866 0.175465 0.174265 0.172281 0.169534 0.166054 0.161878 0.157053 0.151632 0.145674 0.139245 0.132415 0.125259 0.117853 0.110277 0.102608 0.0949235 0.0872986 0.0798035 0.0725034 0.0654571 0.0587163 0.0523244 0.0463163 0.0407185 0.0355483 0.0308148 0.0265191 0.022655 0.0192098 0.0161654 0.013499 0.0111848 0.00919427 0.0074977 0.00606486 0.00486585 0.0038718 0.00305535 0.00239109 0.00185583 0.00142878 0.00109159 0.000828354 0.000625512 0.000471746 0.000357825 0.00027646 0.000222151 0.000191069 
0.000224864 0.000237315 0.000275573 0.000342372 0.000442351 0.000582155 0.000770587 0.00101876 0.00134028 0.00175138 0.00227107 0.0029212 0.00372642 0.00471414 0.00591424 0.00735875 0.0090813 0.0111165 0.013499 0.0162629 0.01944 0.0230594 0.0271457 0.0317181 0.0367893 0.042364 0.0484386 0.0549999 0.0620252 0.0694816 0.0773264 0.0855074 0.0939635 0.102626 0.111418 0.12026 0.129065 0.137747 0.146216 0.154385 0.162167 0.169481 0.176249 0.182399 0.187866 0.192592 0.196528 0.199632 0.201873 0.203226 0.203679 0.203226 0.201873 0.199632 0.196528 0.192592 0.187866 0.182399 0.176249 0.169481 0.162167 0.154385 0.146216 0.137747 0.129065 0.12026 0.111418 0.102626 0.0939635 0.0855074 0.0773264 0.0694816 0.0620252 0.0549999 0.0484386 0.042364 0.0367893 0.0317181 0.0271457 0.0230594 0.01944 0.0162629 0.013499 0.0111165 0.0090813 0.00735875 0.00591424 0.00471414 0.00372642 0.0029212 0.00227107 0.00175138 0.00134028 0.00101876 0.000770587 0.000582155 0.000442351 0.000342372 0.000275573 0.000237315 
0.000277242 0.000292454 0.000339176 0.000420698 0.000542589 0.000712822 0.000941935 0.00124321 0.00163285 0.00213017 0.00275767 0.00354116 0.00450964 0.00569522 0.00713275 0.00885938 0.0109139 0.0133361 0.0161654 0.01944 0.0231957 0.0274642 0.0322721 0.0376392 0.0435773 0.0500894 0.0571681 0.0647953 0.0729419 0.0815673 0.09062 0.100038 0.109749 0.119674 0.129725 0.139809 0.149829 0.159688 0.169286 0.178526 0.187313 0.195557 0.203173 0.210084 0.21622 0.221518 0.225926 0.2294 0.231907 0.23342 0.233926 0.23342 0.231907 0.2294 0.225926 0.221518 0.21622 0.210084 0.203173 0.195557 0.187313 0.178526 0.169286 0.159688 0.149829 0.139809 0.129725 0.119674 0.109749 0.100038 0.09062 0.0815673 0.0729419 0.0647953 0.0571681 0.0500894 0.0435773 0.0376392 0.0322721 0.0274642 0.0231957 0.01944 0.0161654 0.0133361 0.0109139 0.00885938 0.00713275 0.00569522 0.00450964 0.00354116 0.00275767 0.00213017 0.00163285 0.00124321 0.000941935 0.000712822 0.000542589 0.000420698 0.000339176 0.000292454 
0.00033917 0.000357611 0.00041423 0.000512951 0.00066041 0.000866097 0.00114253 0.00150545 0.00197402 0.002571 0.00332285 0.00425979 0.00541566 0.00682776 0.00853639 0.0105843 0.0130159 0.0158762 0.0192098 0.0230594 0.0274642 0.0324588 0.038071 0.0443209 0.0512189 0.0587649 0.0669472 0.0757417 0.0851114 0.0950071 0.105367 0.116118 0.127177 0.138452 0.149842 0.161243 0.172548 0.183645 0.194425 0.204783 0.214614 0.223821 0.232313 0.240007 0.246829 0.252713 0.257604 0.261455 0.264232 0.265908 0.266469 0.265908 0.264232 0.261455 0.257604 0.252713 0.246829 0.240007 0.232313 0.223821 0.214614 0.204783 0.194425 0.183645 0.172548 0.161243 0.149842 0.138452 0.127177 0.116118 0.105367 0.0950071 0.0851114 0.0757417 0.0669472 0.0587649 0.0512189 0.0443209 0.038071 0.0324588 0.0274642 0.0230594 0.0192098 0.0158762 0.0130159 0.0105843 0.00853639 0.00682776 0.00541566 0.00425979 0.00332285 0.002571 0.00197402 0.00150545 0.00114253 0.000866097 0.00066041 0.000512951 0.00041423 0.000357611 
0.000411741 0.000433924 0.000502012 0.000620647 0.000797677 0.00104431 0.00137529 0.00180914 0.00236834 0.00307951 0.00397351 0.00508544 0.00645447 0.00812358 0.010139 0.0125495 0.0154053 0.0187573 0.022655 0.0271457 0.0322721 0.038071 0.0445713 0.0517925 0.0597428 0.0684182 0.0778013 0.0878608 0.098551 0.109812 0.121572 0.133744 0.146233 0.158934 0.171734 0.184515 0.197157 0.20954 0.221543 0.23305 0.243951 0.254142 0.263524 0.272012 0.279527 0.286001 0.291376 0.295606 0.298653 0.300491 0.301106 0.300491 0.298653 0.295606 0.291376 0.286001 0.279527 0.272012 0.263524 0.254142 0.243951 0.23305 0.221543 0.20954 0.197157 0.184515 0.171734 0.158934 0.146233 0.133744 0.121572 0.109812 0.098551 0.0878608 0.0778013 0.0684182 0.0597428 0.0517925 0.0445713 0.038071 0.0322721 0.0271457 0.022655 0.0187573 0.0154053 0.0125495 0.010139 0.00812358 0.00645447 0.00508544 0.00397351 0.00307951 0.00236834 0.00180914 0.00137529 0.00104431 0.000797677 0.000620647 0.000502012 0.000433924 
0.000496027 0.000522512 0.000603772 0.000745261 0.000956187 0.00124968 0.00164299 0.00215774 0.00282009 0.00366094 0.00471599 0.0060257 0.00763506 0.00959318 0.0119526 0.0147686 0.0180975 0.0219961 0.0265191 0.0317181 0.0376392 0.0443209 0.0517925 0.0600721 0.0691648 0.0790616 0.0897382 0.101155 0.113255 0.125969 0.139211 0.152881 0.166871 0.181061 0.195326 0.209534 0.223553 0.237252 0.250501 0.263175 0.275156 0.286334 0.296608 0.305886 0.314089 0.321147 0.327 0.331602 0.334915 0.336913 0.337581 0.336913 0.334915 0.331602 0.327 0.321147 0.314089 0.305886 0.296608 0.286334 0.275156 0.263175 0.250501 0.237252 0.223553 0.209534 0.195326 0.181061 0.166871 0.152881 0.139211 0.125969 0.113255 0.101155 0.0897382 0.0790616 0.0691648 0.0600721 0.0517925 0.0443209 0.0376392 0.0317181 0.0265191 0.0219961 0.0180975 0.0147686 0.0119526 0.00959318 0.00763506 0.0060257 0.00471599 0.00366094 0.00282009 0.00215774 0.00164299 0.00124968 0.000956187 0.000745261 0.000603772 0.000522512 
0.000593048 0.000624432 0.000720687 0.000888171 0.00113761 0.00148427 0.00194818 0.00255437 0.00333307 0.00431989 0.0055558 0.00708708 0.00896499 0.0112452 0.0139871 0.0172524 0.0211042 0.025605 0.0308148 0.0367893 0.0435773 0.0512189 0.0597428 0.0691648 0.0794858 0.0906905 0.102747 0.115604 0.129196 0.143438 0.158232 0.173464 0.18901 0.204737 0.220505 0.23617 0.251588 0.266616 0.281116 0.294955 0.30801 0.320165 0.331315 0.341368 0.350241 0.357865 0.364181 0.369142 0.372711 0.374863 0.375582 0.374863 0.372711 0.369142 0.364181 0.357865 0.350241 0.341368 0.331315 0.320165 0.30801 0.294955 0.281116 0.266616 0.251588 0.23617 0.220505 0.204737 0.18901 0.173464 0.158232 0.143438 0.129196 0.115604 0.102747 0.0906905 0.0794858 0.0691648 0.0597428 0.0512189 0.0435773 0.0367893 0.0308148 0.025605 0.0211042 0.0172524 0.0139871 0.0112452 0.00896499 0.00708708 0.0055558 0.00431989 0.00333307 0.00255437 0.00194818 0.00148427 0.00113761 0.000888171 0.000720687 0.000624432 
0.000703732 0.000740644 0.000853818 0.00105061 0.00134341 0.00174985 0.00229301 0.00300166 0.00391048 0.00506014 0.00649737 0.00827468 0.01045 0.0130861 0.0162492 0.0200081 0.0244326 0.0295909 0.0355483 0.042364 0.0500894 0.0587649 0.0684182 0.0790616 0.0906905 0.103282 0.116795 0.131167 0.146319 0.162153 0.178554 0.195395 0.212537 0.22983 0.247122 0.264254 0.281073 0.297425 0.313163 0.328148 0.342251 0.355355 0.367352 0.378148 0.387662 0.395826 0.40258 0.40788 0.41169 0.413985 0.414752 0.413985 0.41169 0.40788 0.40258 0.395826 0.387662 0.378148 0.367352 0.355355 0.342251 0.328148 0.313163 0.297425 0.281073 0.264254 0.247122 0.22983 0.212537 0.195395 0.178554 0.162153 0.146319 0.131167 0.116795 0.103282 0.0906905 0.0790616 0.0684182 0.0587649 0.0500894 0.042364 0.0355483 0.0295909 0.0244326 0.0200081 0.0162492 0.0130861 0.01045 0.00827468 0.00649737 0.00506014 0.00391048 0.00300166 0.00229301 0.00174985 0.00134341 0.00105061 0.000853818 0.000740644 
0.000828868 0.000871966 0.00100406 0.0012336 0.0015748 0.00204787 0.00267921 0.00350165 0.00455465 0.00588441 0.00754374 0.00959184 0.0120937 0.0151193 0.0187424 0.0230389 0.0280849 0.0339548 0.0407185 0.0484386 0.0571681 0.0669472 0.0778013 0.0897382 0.102747 0.116795 0.13183 0.147778 0.164545 0.182018 0.200067 0.218548 0.237305 0.256175 0.274991 0.293583 0.311784 0.329434 0.346377 0.36247 0.37758 0.391588 0.404387 0.415883 0.425996 0.43466 0.44182 0.447431 0.451463 0.45389 0.454701 0.45389 0.451463 0.447431 0.44182 0.43466 0.425996 0.415883 0.404387 0.391588 0.37758 0.36247 0.346377 0.329434 0.311784 0.293583 0.274991 0.256175 0.237305 0.218548 0.200067 0.182018 0.164545 0.147778 0.13183 0.116795 0.102747 0.0897382 0.0778013 0.0669472 0.0571681 0.0484386 0.0407185 0.0339548 0.0280849 0.0230389 0.0187424 0.0151193 0.0120937 0.00959184 0.00754374 0.00588441 0.00455465 0.00350165 0.00267921 0.00204787 0.0015748 0.0012336 0.00100406 0.000871966 
0.000969066 0.00101902 0.00117208 0.00143789 0.00183264 0.00237931 0.00310788 0.00405557 0.00526697 0.00679413 0.00869635 0.0110399 0.013897 0.0173455 0.0214663 0.0263428 0.0320577 0.0386908 0.0463163 0.0549999 0.0647953 0.0757417 0.0878608 0.101155 0.115604 0.131167 0.147778 0.165349 0.183771 0.202914 0.222632 0.242764 0.263138 0.283577 0.303897 0.323919 0.343466 0.362368 0.380465 0.39761 0.413669 0.428521 0.442062 0.4542 0.464859 0.473976 0.4815 0.487391 0.491619 0.494163 0.495013 0.494163 0.491619 0.487391 0.4815 0.473976 0.464859 0.4542 0.442062 0.428521 0.413669 0.39761 0.380465 0.362368 0.343466 0.323919 0.303897 0.283577 0.263138 0.242764 0.222632 0.202914 0.183771 0.165349 0.147778 0.131167 0.115604 0.101155 0.0878608 0.0757417 0.0647953 0.0549999 0.0463163 0.0386908 0.0320577 0.0263428 0.0214663 0.0173455 0.013897 0.0110399 0.00869635 0.00679413 0.00526697 0.00405557 0.00310788 0.00237931 0.00183264 0.00143789 0.00117208 0.00101902 
0.00112471 0.0011822 0.0013583 0.0016639 0.00211735 0.0027446 0.00357946 0.00466379 0.00604766 0.00778927 0.00995478 0.0126177 0.0158581 0.0197614 0.0244163 0.0299131 0.0363412 0.0437856 0.0523244 0.0620252 0.0729419 0.0851114 0.098551 0.113255 0.129196 0.146319 0.164545 0.183771 0.203871 0.224698 0.246089 0.267864 0.289837 0.311813 0.333599 0.355003 0.375838 0.395929 0.415111 0.433235 0.450168 0.46579 0.48 0.492712 0.503854 0.513368 0.521208 0.527339 0.531736 0.534381 0.535264 0.534381 0.531736 0.527339 0.521208 0.513368 0.503854 0.492712 0.48 0.46579 0.450168 0.433235 0.415111 0.395929 0.375838 0.355003 0.333599 0.311813 0.289837 0.267864 0.246089 0.224698 0.203871 0.183771 0.164545 0.146319 0.129196 0.113255 0.098551 0.0851114 0.0729419 0.0620252 0.0523244 0.0437856 0.0363412 0.0299131 0.0244163 0.0197614 0.0158581 0.0126177 0.00995478 0.00778927 0.00604766 0.00466379 0.00357946 0.0027446 0.00211735 0.0016639 0.0013583 0.0011822 
0.00129591 0.00136161 0.00156277 0.00191167 0.0024289 0.00314358 0.00409356 0.00532565 0.00689562 0.00886817 0.0113165 0.0143218 0.017972 0.0223601 0.0275829 0.0337375 0.0409193 0.0492185 0.0587163 0.0694816 0.0815673 0.0950071 0.109812 0.125969 0.143438 0.162153 0.182018 0.202914 0.224698 0.247205 0.270252 0.293644 0.317177 0.340644 0.363838 0.386555 0.408604 0.429802 0.449984 0.469001 0.486719 0.503025 0.517822 0.531029 0.542582 0.55243 0.560533 0.566862 0.571396 0.574122 0.575031 0.574122 0.571396 0.566862 0.560533 0.55243 0.542582 0.531029 0.517822 0.503025 0.486719 0.469001 0.449984 0.429802 0.408604 0.386555 0.363838 0.340644 0.317177 0.293644 0.270252 0.247205 0.224698 0.202914 0.182018 0.162153 0.143438 0.125969 0.109812 0.0950071 0.0815673 0.0694816 0.0587163 0.0492185 0.0409193 0.0337375 0.0275829 0.0223601 0.017972 0.0143218 0.0113165 0.00886817 0.00689562 0.00532565 0.00409356 0.00314358 0.0024289 0.00191167 0.00156277 0.00136161 
0.00148248 0.00155703 0.00178523 0.00218079 0.00276668 0.00357536 0.00464894 0.00603935 0.00780835 0.0100273 0.0127769 0.0161459 0.0202301 0.0251308 0.030952 0.0377978 0.0457694 0.0549613 0.0654571 0.0773264 0.09062 0.105367 0.121572 0.139211 0.158232 0.178554 0.200067 0.222632 0.246089 0.270252 0.294922 0.319886 0.344924 0.369814 0.394339 0.418286 0.441458 0.463668 0.484752 0.50456 0.522965 0.539858 0.555149 0.568767 0.580654 0.590767 0.599075 0.605556 0.610195 0.612981 0.613911 0.612981 0.610195 0.605556 0.599075 0.590767 0.580654 0.568767 0.555149 0.539858 0.522965 0.50456 0.484752 0.463668 0.441458 0.418286 0.394339 0.369814 0.344924 0.319886 0.294922 0.270252 0.246089 0.222632 0.200067 0.178554 0.158232 0.139211 0.121572 0.105367 0.09062 0.0773264 0.0654571 0.0549613 0.0457694 0.0377978 0.030952 0.0251308 0.0202301 0.0161459 0.0127769 0.0100273 0.00780835 0.00603935 0.00464894 0.00357536 0.00276668 0.00218079 0.00178523 0.00155703 
0.00168387 0.00176789 0.00202499 0.00247037 0.00312951 0.00403833 0.00524337 0.0068019 0.00878184 0.0112615 0.0143289 0.0180807 0.0226209 0.0280584 0.0345047 0.0420704 0.0508621 0.0609779 0.0725034 0.0855074 0.100038 0.116118 0.133744 0.152881 0.173464 0.195395 0.218548 0.242764 0.267864 0.293644 0.319886 0.346359 0.372828 0.39906 0.424825 0.449904 0.474095 0.49721 0.519086 0.539576 0.558561 0.575937 0.591625 0.605563 0.617702 0.62801 0.636464 0.643049 0.647758 0.650584 0.651527 0.650584 0.647758 0.643049 0.636464 0.62801 0.617702 0.605563 0.591625 0.575937 0.558561 0.539576 0.519086 0.49721 0.474095 0.449904 0.424825 0.39906 0.372828 0.346359 0.319886 0.293644 0.267864 0.242764 0.218548 0.195395 0.173464 0.152881 0.133744 0.116118 0.100038 0.0855074 0.0725034 0.0609779 0.0508621 0.0420704 0.0345047 0.0280584 0.0226209 0.0180807 0.0143289 0.0112615 0.00878184 0.0068019 0.00524337 0.00403833 0.00312951 0.00247037 0.00202499 0.00176789 
0.00189917 0.00199321 0.0022809 0.002779 0.00351555 0.00453007 0.00587366 0.00760906 0.00981051 0.0125633 0.015963 0.0201143 0.025129 0.0311238 0.0382171 0.0465261 0.0561617 0.0672254 0.0798035 0.0939635 0.109749 0.127177 0.146233 0.166871 0.18901 0.212537 0.237305 0.263138 0.289837 0.317177 0.344924 0.372828 0.400642 0.428119 0.45502 0.481122 0.506217 0.530121 0.552671 0.573729 0.593181 0.610934 0.626919 0.641083 0.653392 0.663823 0.672362 0.679005 0.683748 0.686594 0.687542 0.686594 0.683748 0.679005 0.672362 0.663823 0.653392 0.641083 0.626919 0.610934 0.593181 0.573729 0.552671 0.530121 0.506217 0.481122 0.45502 0.428119 0.400642 0.372828 0.344924 0.317177 0.289837 0.263138 0.237305 0.212537 0.18901 0.166871 0.146233 0.127177 0.109749 0.0939635 0.0798035 0.0672254 0.0561617 0.0465261 0.0382171 0.0311238 0.025129 0.0201143 0.015963 0.0125633 0.00981051 0.00760906 0.00587366 0.00453007 0.00351555 0.002779 0.0022809 0.00199321 
0.00212709 0.00223164 0.00255141 0.00310474 0.00392232 0.00504736 0.00653559 0.00845534 0.0108872 0.0139236 0.0176677 0.0222319 0.0277359 0.0343038 0.0420611 0.0511302 0.0616266 0.0736539 0.0872986 0.102626 0.119674 0.138452 0.158934 0.181061 0.204737 0.22983 0.256175 0.283577 0.311813 0.340644 0.369814 0.39906 0.428119 0.456733 0.484658 0.511664 0.537544 0.562115 0.585219 0.606726 0.626531 0.644552 0.660733 0.675034 0.687431 0.697913 0.706479 0.713132 0.717878 0.720722 0.72167 0.720722 0.717878 0.713132 0.706479 0.697913 0.687431 0.675034 0.660733 0.644552 0.626531 0.606726 0.585219 0.562115 0.537544 0.511664 0.484658 0.456733 0.428119 0.39906 0.369814 0.340644 0.311813 0.283577 0.256175 0.22983 0.204737 0.181061 0.158934 0.138452 0.119674 0.102626 0.0872986 0.0736539 0.0616266 0.0511302 0.0420611 0.0343038 0.0277359 0.0222319 0.0176677 0.0139236 0.0108872 0.00845534 0.00653559 0.00504736 0.00392232 0.00310474 0.00255141 0.00223164 
0.00236593 0.0024814 0.00283447 0.00344511 0.00434671 0.00558616 0.00722395 0.00933399 0.0120033 0.0153314 0.0194288 0.0244159 0.0304197 0.0375718 0.0460038 0.0558435 0.0672099 0.0802079 0.0949235 0.111418 0.129725 0.149842 0.171734 0.195326 0.220505 0.247122 0.274991 0.303897 0.333599 0.363838 0.394339 0.424825 0.45502 0.484658 0.513486 0.541274 0.567815 0.59293 0.616467 0.638305 0.658351 0.676536 0.692816 0.707164 0.719571 0.730038 0.738575 0.745194 0.74991 0.752735 0.753675 0.752735 0.74991 0.745194 0.738575 0.730038 0.719571 0.707164 0.692816 0.676536 0.658351 0.638305 0.616467 0.59293 0.567815 0.541274 0.513486 0.484658 0.45502 0.424825 0.394339 0.363838 0.333599 0.303897 0.274991 0.247122 0.220505 0.195326 0.171734 0.149842 0.129725 0.111418 0.0949235 0.0802079 0.0672099 0.0558435 0.0460038 0.0375718 0.0304197 0.0244159 0.0194288 0.0153314 0.0120033 0.00933399 0.00722395 0.00558616 0.00434671 0.00344511 0.00283447 0.0024814 
0.0026136 0.00274031 0.00312761 0.00379712 0.00478493 0.00614168 0.00793256 0.0102371 0.0131487 0.0167738 0.0212304 0.0266463 0.033156 0.0408978 0.0500092 0.0606226 0.0728599 0.0868268 0.102608 0.12026 0.139809 0.161243 0.184515 0.209534 0.23617 0.264254 0.293583 0.323919 0.355003 0.386555 0.418286 0.449904 0.481122 0.511664 0.541274 0.569721 0.5968 0.622336 0.646188 0.668245 0.688424 0.706673 0.72296 0.737273 0.749618 0.760007 0.768464 0.77501 0.779667 0.782454 0.783381 0.782454 0.779667 0.77501 0.768464 0.760007 0.749618 0.737273 0.72296 0.706673 0.688424 0.668245 0.646188 0.622336 0.5968 0.569721 0.541274 0.511664 0.481122 0.449904 0.418286 0.386555 0.355003 0.323919 0.293583 0.264254 0.23617 0.209534 0.184515 0.161243 0.139809 0.12026 0.102608 0.0868268 0.0728599 0.0606226 0.0500092 0.0408978 0.033156 0.0266463 0.0212304 0.0167738 0.0131487 0.0102371 0.00793256 0.00614168 0.00478493 0.00379712 0.00312761 0.00274031 
0.00286767 0.00300579 0.00342792 0.00415727 0.00523265 0.0067084 0.00865439 0.0111557 0.014312 0.0182366 0.0230546 0.0289011 0.0359176 0.0442488 0.0540376 0.0654204 0.0785213 0.0934461 0.110277 0.129065 0.149829 0.172548 0.197157 0.223553 0.251588 0.281073 0.311784 0.343466 0.375838 0.408604 0.441458 0.474095 0.506217 0.537544 0.567815 0.5968 0.624296 0.650139 0.674194 0.696362 0.716577 0.734797 0.751008 0.765212 0.777429 0.787686 0.796017 0.802454 0.807027 0.809761 0.810671 0.809761 0.807027 0.802454 0.796017 0.787686 0.777429 0.765212 0.751008 0.734797 0.716577 0.696362 0.674194 0.650139 0.624296 0.5968 0.567815 0.537544 0.506217 0.474095 0.441458 0.408604 0.375838 0.343466 0.311784 0.281073 0.251588 0.223553 0.197157 0.172548 0.149829 0.129065 0.110277 0.0934461 0.0785213 0.0654204 0.0540376 0.0442488 0.0359176 0.0289011 0.0230546 0.0182366 0.014312 0.0111557 0.00865439 0.0067084 0.00523265 0.00415727 0.00342792 0.00300579 
0.00312534 0.00327496 0.00373211 0.00452163 0.00568498 0.00728016 0.00938162 0.0120799 0.0154807 0.019704 0.0248819 0.0311563 0.0386754 0.0475897 0.058047 0.0701873 0.084136 0.0999984 0.117853 0.137747 0.159688 0.183645 0.20954 0.237252 0.266616 0.297425 0.329434 0.362368 0.395929 0.429802 0.463668 0.49721 0.530121 0.562115 0.59293 0.622336 0.650139 0.676179 0.700334 0.722519 0.742679 0.760789 0.776851 0.790882 0.802915 0.812993 0.821159 0.827458 0.831926 0.834595 0.835482 0.834595 0.831926 0.827458 0.821159 0.812993 0.802915 0.790882 0.776851 0.760789 0.742679 0.722519 0.700334 0.676179 0.650139 0.622336 0.59293 0.562115 0.530121 0.49721 0.463668 0.429802 0.395929 0.362368 0.329434 0.297425 0.266616 0.237252 0.20954 0.183645 0.159688 0.137747 0.117853 0.0999984 0.084136 0.0701873 0.058047 0.0475897 0.0386754 0.0311563 0.0248819 0.019704 0.0154807 0.0120799 0.00938162 0.00728016 0.00568498 0.00452163 0.00373211 0.00327496 
0.00338353 0.00354459 0.00403657 0.0048859 0.00613661 0.00785027 0.0101058 0.0129989 0.0166414 0.0211594 0.0266916 0.0333866 0.0413986 0.0508837 0.0619939 0.0748719 0.0896442 0.106415 0.125259 0.146216 0.169286 0.194425 0.221543 0.250501 0.281116 0.313163 0.346377 0.380465 0.415111 0.449984 0.484752 0.519086 0.552671 0.585219 0.616467 0.646188 0.674194 0.700334 0.724499 0.746615 0.766644 0.784577 0.800428 0.814232 0.826036 0.835896 0.843867 0.850003 0.854351 0.856944 0.857806 0.856944 0.854351 0.850003 0.843867 0.835896 0.826036 0.814232 0.800428 0.784577 0.766644 0.746615 0.724499 0.700334 0.674194 0.646188 0.616467 0.585219 0.552671 0.519086 0.484752 0.449984 0.415111 0.380465 0.346377 0.313163 0.281116 0.250501 0.221543 0.194425 0.169286 0.146216 0.125259 0.106415 0.0896442 0.0748719 0.0619939 0.0508837 0.0413986 0.0333866 0.0266916 0.0211594 0.0166414 0.0129989 0.0101058 0.00785027 0.00613661 0.0048859 0.00403657 0.00354459 
