0.000251982 0.000257843 0.000275571 0.000305596 0.000348632 0.000405671 0.000477978 0.000567081 0.000674755 0.000803009 0.000954062 0.00113031 0.00133432 0.00156874 0.00183632 0.00213979 0.00248188 0.00286519 0.00329215 0.00376495 0.00428548 0.00485521 0.00547515 0.00614578 0.00686696 0.00763787 0.00845698 0.00932199 0.0102298 0.0111765 0.0121573 0.0131668 0.0141986 0.0152458 0.0163006 0.0173549 0.0184001 0.0194271 0.0204266 0.0213893 0.022306 0.0231676 0.0239652 0.0246906 0.0253362 0.0258949 0.0263608 0.0267286 0.0269943 0.0271549 0.0272086 0.0271549 0.0269943 0.0267286 0.0263608 0.0258949 0.0253362 0.0246906 0.0239652 0.0231676 0.022306 0.0213893 0.0204266 0.0194271 0.0184001 0.0173549 0.0163006 0.0152458 0.0141986 0.0131668 0.0121573 0.0111765 0.0102298 0.00932199 0.00845698 0.00763787 0.00686696 0.00614578 0.00547515 0.00485521 0.00428548 0.00376495 0.00329215 0.00286519 0.00248188 0.00213979 0.00183632 0.00156874 0.00133432 0.00113031 0.000954062 0.000803009 0.000674755 0.000567081 0.000477978 0.000405671 0.000348632 0.000305596 0.000275571 0.000257843 
0.000257843 0.000263832 0.000281943 0.000312616 0.000356577 0.000414836 0.000488683 0.000579672 0.00068961 0.000820541 0.000974722 0.0011546 0.00136276 0.00160191 0.00187484 0.00218434 0.00253315 0.00292392 0.00335912 0.00384096 0.00437134 0.00495176 0.00558322 0.0062662 0.00700053 0.00778537 0.00861916 0.00949952 0.0104233 0.0113865 0.0123843 0.0134111 0.0144604 0.0155252 0.0165977 0.0176696 0.018732 0.0197758 0.0207916 0.0217699 0.0227014 0.0235767 0.0243871 0.025124 0.0257798 0.0263473 0.0268205 0.0271941 0.0274639 0.0276271 0.0276817 0.0276271 0.0274639 0.0271941 0.0268205 0.0263473 0.0257798 0.025124 0.0243871 0.0235767 0.0227014 0.0217699 0.0207916 0.0197758 0.018732 0.0176696 0.0165977 0.0155252 0.0144604 0.0134111 0.0123843 0.0113865 0.0104233 0.00949952 0.00861916 0.00778537 0.00700053 0.0062662 0.00558322 0.00495176 0.00437134 0.00384096 0.00335912 0.00292392 0.00253315 0.00218434 0.00187484 0.00160191 0.00136276 0.0011546 0.000974722 0.000820541 0.00068961 0.000579672 0.000488683 0.000414836 0.000356577 0.000312616 0.000281943 0.000263832 
0.000275571 0.000281943 0.000301213 0.000333842 0.000380598 0.000442546 0.000521043 0.000617727 0.000734501 0.000873514 0.00103714 0.00122794 0.00144865 0.00170209 0.00199118 0.00231884 0.00268793 0.00310121 0.00356125 0.00407034 0.00463044 0.00524306 0.00590925 0.00662943 0.00740339 0.00823021 0.00910818 0.0100348 0.0110066 0.0120195 0.0130684 0.0141473 0.0152494 0.0163674 0.017493 0.0186176 0.0197319 0.0208263 0.0218911 0.0229163 0.0238922 0.024809 0.0256576 0.0264292 0.0271156 0.0277096 0.0282048 0.0285957 0.0288781 0.0290488 0.0291059 0.0290488 0.0288781 0.0285957 0.0282048 0.0277096 0.0271156 0.0264292 0.0256576 0.024809 0.0238922 0.0229163 0.0218911 0.0208263 0.0197319 0.0186176 0.017493 0.0163674 0.0152494 0.0141473 0.0130684 0.0120195 0.0110066 0.0100348 0.00910818 0.00823021 0.00740339 0.00662943 0.00590925 0.00524306 0.00463044 0.00407034 0.00356125 0.00310121 0.00268793 0.00231884 0.00199118 0.00170209 0.00144865 0.00122794 0.00103714 0.000873514 0.000734501 0.000617727 0.000521043 0.000442546 0.000380598 0.000333842 0.000301213 0.000281943 
0.000305596 0.000312616 0.000333842 0.000369778 0.000421255 0.000489433 0.000575783 0.000682084 0.000810398 0.000963052 0.00114261 0.00135185 0.00159371 0.00187124 0.00218757 0.00254583 0.0029491 0.0034003 0.00390216 0.00445712 0.00506721 0.00573404 0.00645862 0.00724135 0.00808194 0.00897928 0.00993148 0.0109357 0.0119883 0.0130847 0.0142192 0.0153854 0.0165762 0.0177833 0.018998 0.020211 0.0214122 0.0225915 0.0237383 0.024842 0.0258922 0.0268785 0.0277911 0.0286206 0.0293584 0.0299968 0.0305288 0.0309487 0.031252 0.0314354 0.0314967 0.0314354 0.031252 0.0309487 0.0305288 0.0299968 0.0293584 0.0286206 0.0277911 0.0268785 0.0258922 0.024842 0.0237383 0.0225915 0.0214122 0.020211 0.018998 0.0177833 0.0165762 0.0153854 0.0142192 0.0130847 0.0119883 0.0109357 0.00993148 0.00897928 0.00808194 0.00724135 0.00645862 0.00573404 0.00506721 0.00445712 0.00390216 0.0034003 0.0029491 0.00254583 0.00218757 0.00187124 0.00159371 0.00135185 0.00114261 0.000963052 0.000810398 0.000682084 0.000575783 0.000489433 0.000421255 0.000369778 0.000333842 0.000312616 
0.000348632 0.000356577 0.000380598 0.000421255 0.000479475 0.000556547 0.000654108 0.000774132 0.000918908 0.00109102 0.0012933 0.00152881 0.00180081 0.00211264 0.00246774 0.00286955 0.00332141 0.00382652 0.00438782 0.00500793 0.00568902 0.00643276 0.00724019 0.00811163 0.00904665 0.0100439 0.0111013 0.0122154 0.0133823 0.0145967 0.0158523 0.0171421 0.018458 0.0197911 0.0211316 0.0224693 0.0237932 0.0250921 0.0263546 0.027569 0.028724 0.0298082 0.0308109 0.0317221 0.0325323 0.0332331 0.0338169 0.0342778 0.0346105 0.0348116 0.0348789 0.0348116 0.0346105 0.0342778 0.0338169 0.0332331 0.0325323 0.0317221 0.0308109 0.0298082 0.028724 0.027569 0.0263546 0.0250921 0.0237932 0.0224693 0.0211316 0.0197911 0.018458 0.0171421 0.0158523 0.0145967 0.0133823 0.0122154 0.0111013 0.0100439 0.00904665 0.00811163 0.00724019 0.00643276 0.00568902 0.00500793 0.00438782 0.00382652 0.00332141 0.00286955 0.00246774 0.00211264 0.00180081 0.00152881 0.0012933 0.00109102 0.000918908 0.000774132 0.000654108 0.000556547 0.000479475 0.000421255 0.000380598 0.000356577 
0.000405671 0.000414836 0.000442546 0.000489433 0.000556547 0.000645347 0.000757687 0.000895797 0.00106226 0.00125999 0.00149217 0.00176225 0.00207387 0.00243078 0.00283682 0.0032958 0.00381143 0.00438724 0.00502645 0.00573191 0.00650596 0.00735036 0.00826613 0.00925354 0.0103119 0.0114397 0.0126342 0.0138918 0.0152076 0.0165758 0.0179892 0.0194398 0.0209186 0.0224154 0.0239194 0.0254191 0.0269024 0.0283567 0.0297693 0.0311273 0.0324181 0.0336292 0.0347489 0.0357658 0.0366698 0.0374513 0.0381024 0.0386161 0.038987 0.0392112 0.0392862 0.0392112 0.038987 0.0386161 0.0381024 0.0374513 0.0366698 0.0357658 0.0347489 0.0336292 0.0324181 0.0311273 0.0297693 0.0283567 0.0269024 0.0254191 0.0239194 0.0224154 0.0209186 0.0194398 0.0179892 0.0165758 0.0152076 0.0138918 0.0126342 0.0114397 0.0103119 0.00925354 0.00826613 0.00735036 0.00650596 0.00573191 0.00502645 0.00438724 0.00381143 0.0032958 0.00283682 0.00243078 0.00207387 0.00176225 0.00149217 0.00125999 0.00106226 0.000895797 0.000757687 0.000645347 0.000556547 0.000489433 0.000442546 0.000414836 
0.000477978 0.000488683 0.000521043 0.000575783 0.000654108 0.000757687 0.000888642 0.00104952 0.00124328 0.00147322 0.001743 0.00205651 0.00241789 0.00283137 0.00330129 0.00383192 0.00442742 0.00509171 0.00582838 0.00664053 0.0075307 0.00850074 0.00955168 0.0106836 0.0118957 0.013186 0.0145512 0.0159871 0.017488 0.0190471 0.0206563 0.0223064 0.023987 0.0256866 0.0273931 0.0290934 0.0307738 0.0324201 0.0340182 0.0355536 0.0370121 0.0383799 0.0396437 0.0407911 0.0418106 0.0426918 0.0434256 0.0440045 0.0444224 0.044675 0.0447594 0.044675 0.0444224 0.0440045 0.0434256 0.0426918 0.0418106 0.0407911 0.0396437 0.0383799 0.0370121 0.0355536 0.0340182 0.0324201 0.0307738 0.0290934 0.0273931 0.0256866 0.023987 0.0223064 0.0206563 0.0190471 0.017488 0.0159871 0.0145512 0.013186 0.0118957 0.0106836 0.00955168 0.00850074 0.0075307 0.00664053 0.00582838 0.00509171 0.00442742 0.00383192 0.00330129 0.00283137 0.00241789 0.00205651 0.001743 0.00147322 0.00124328 0.00104952 0.000888642 0.000757687 0.000654108 0.000575783 0.000521043 0.000488683 
0.000567081 0.000579672 0.000617727 0.000682084 0.000774132 0.000895797 0.00104952 0.00123824 0.00146535 0.00173464 0.0020503 0.00241679 0.0028388 0.00332119 0.00386885 0.00448662 0.00517919 0.00595094 0.00680585 0.00774737 0.00877823 0.00990038 0.0111148 0.0124215 0.0138192 0.0153056 0.0168766 0.0185274 0.0202511 0.02204 0.0238846 0.0257743 0.0276973 0.0296403 0.0315896 0.0335301 0.0354465 0.0373227 0.0391427 0.0408901 0.042549 0.0441039 0.0455399 0.046843 0.0480004 0.0490004 0.049833 0.0504896 0.0509635 0.0512498 0.0513456 0.0512498 0.0509635 0.0504896 0.049833 0.0490004 0.0480004 0.046843 0.0455399 0.0441039 0.042549 0.0408901 0.0391427 0.0373227 0.0354465 0.0335301 0.0315896 0.0296403 0.0276973 0.0257743 0.0238846 0.02204 0.0202511 0.0185274 0.0168766 0.0153056 0.0138192 0.0124215 0.0111148 0.00990038 0.00877823 0.00774737 0.00680585 0.00595094 0.00517919 0.00448662 0.00386885 0.00332119 0.0028388 0.00241679 0.0020503 0.00173464 0.00146535 0.00123824 0.00104952 0.000895797 0.000774132 0.000682084 0.000617727 0.000579672 
0.000674755 0.00068961 0.000734501 0.000810398 0.000918908 0.00106226 0.00124328 0.00146535 0.00173238 0.00204875 0.00241926 0.00284904 0.00334345 0.00390803 0.00454835 0.0052699 0.00607796 0.00697746 0.00797284 0.00906788 0.0102656 0.0115679 0.0129759 0.0144892 0.0161063 0.0178241 0.019638 0.0215419 0.0235281 0.0255873 0.0277087 0.0298799 0.0320872 0.0343157 0.0365495 0.0387714 0.0409639 0.043109 0.0451882 0.0471833 0.0490762 0.0508493 0.0524861 0.0539707 0.0552887 0.0564272 0.0573747 0.0581218 0.0586609 0.0589866 0.0590956 0.0589866 0.0586609 0.0581218 0.0573747 0.0564272 0.0552887 0.0539707 0.0524861 0.0508493 0.0490762 0.0471833 0.0451882 0.043109 0.0409639 0.0387714 0.0365495 0.0343157 0.0320872 0.0298799 0.0277087 0.0255873 0.0235281 0.0215419 0.019638 0.0178241 0.0161063 0.0144892 0.0129759 0.0115679 0.0102656 0.00906788 0.00797284 0.00697746 0.00607796 0.0052699 0.00454835 0.00390803 0.00334345 0.00284904 0.00241926 0.00204875 0.00173238 0.00146535 0.00124328 0.00106226 0.000918908 0.000810398 0.000734501 0.00068961 
0.000803009 0.000820541 0.000873514 0.000963052 0.00109102 0.00125999 0.00147322 0.00173464 0.00204875 0.0024206 0.0028557 0.00335993 0.00393944 0.00460055 0.0053496 0.00619281 0.00713615 0.00818514 0.00934473 0.0106191 0.0120114 0.0135238 0.0151572 0.016911 0.018783 0.0207695 0.0228651 0.0250625 0.0273525 0.0297244 0.0321656 0.0346618 0.0371973 0.0397548 0.0423161 0.0448619 0.047372 0.0498259 0.0522028 0.054482 0.0566432 0.0586665 0.0605332 0.0622256 0.0637275 0.0650243 0.0661032 0.0669538 0.0675675 0.0679382 0.0680621 0.0679382 0.0675675 0.0669538 0.0661032 0.0650243 0.0637275 0.0622256 0.0605332 0.0586665 0.0566432 0.054482 0.0522028 0.0498259 0.047372 0.0448619 0.0423161 0.0397548 0.0371973 0.0346618 0.0321656 0.0297244 0.0273525 0.0250625 0.0228651 0.0207695 0.018783 0.016911 0.0151572 0.0135238 0.0120114 0.0106191 0.00934473 0.00818514 0.00713615 0.00619281 0.0053496 0.00460055 0.00393944 0.00335993 0.0028557 0.0024206 0.00204875 0.00173464 0.00147322 0.00125999 0.00109102 0.000963052 0.000873514 0.000820541 
0.000954062 0.000974722 0.00103714 0.00114261 0.0012933 0.00149217 0.001743 0.0020503 0.00241926 0.0028557 0.00336593 0.00395669 0.00463503 0.00540813 0.00628321 0.0072673 0.00836713 0.00958888 0.010938 0.0124192 0.0140357 0.0157899 0.0176824 0.0197123 0.0218768 0.0241713 0.0265894 0.0291223 0.0317595 0.0344883 0.0372941 0.0401605 0.0430693 0.0460008 0.0489342 0.0518474 0.0547175 0.0575213 0.0602352 0.0628358 0.0653001 0.067606 0.0697323 0.0716591 0.0733683 0.0748436 0.0760707 0.0770378 0.0777354 0.0781568 0.0782977 0.0781568 0.0777354 0.0770378 0.0760707 0.0748436 0.0733683 0.0716591 0.0697323 0.067606 0.0653001 0.0628358 0.0602352 0.0575213 0.0547175 0.0518474 0.0489342 0.0460008 0.0430693 0.0401605 0.0372941 0.0344883 0.0317595 0.0291223 0.0265894 0.0241713 0.0218768 0.0197123 0.0176824 0.0157899 0.0140357 0.0124192 0.010938 0.00958888 0.00836713 0.0072673 0.00628321 0.00540813 0.00463503 0.00395669 0.00336593 0.0028557 0.00241926 0.0020503 0.001743 0.00149217 0.0012933 0.00114261 0.00103714 0.000974722 
0.00113031 0.0011546 0.00122794 0.00135185 0.00152881 0.00176225 0.00205651 0.00241679 0.00284904 0.00335993 0.00395669 0.00464704 0.00543899 0.00634072 0.0073604 0.00850596 0.00978496 0.0112043 0.01277 0.0144872 0.0163594 0.0183888 0.020576 0.0229196 0.025416 0.0280597 0.0308429 0.0337553 0.0367847 0.0399162 0.043133 0.0464162 0.049745 0.0530968 0.0564479 0.0597731 0.0630466 0.066242 0.0693328 0.0722925 0.0750955 0.0777167 0.0801324 0.0823205 0.0842607 0.0859347 0.0873267 0.0884234 0.0892145 0.0896921 0.0898519 0.0896921 0.0892145 0.0884234 0.0873267 0.0859347 0.0842607 0.0823205 0.0801324 0.0777167 0.0750955 0.0722925 0.0693328 0.066242 0.0630466 0.0597731 0.0564479 0.0530968 0.049745 0.0464162 0.043133 0.0399162 0.0367847 0.0337553 0.0308429 0.0280597 0.025416 0.0229196 0.020576 0.0183888 0.0163594 0.0144872 0.01277 0.0112043 0.00978496 0.00850596 0.0073604 0.00634072 0.00543899 0.00464704 0.00395669 0.00335993 0.00284904 0.00241679 0.00205651 0.00176225 0.00152881 0.00135185 0.00122794 0.0011546 
0.00133432 0.00136276 0.00144865 0.00159371 0.00180081 0.00207387 0.00241789 0.0028388 0.00334345 0.00393944 0.00463503 0.00543899 0.00636044 0.00740862 0.00859275 0.00992177 0.0114041 0.0130474 0.0148584 0.0168424 0.0190034 0.0213435 0.0238628 0.0265594 0.029429 0.0324648 0.0356574 0.0389951 0.0424632 0.0460448 0.0497204 0.0534683 0.0572648 0.0610842 0.0648994 0.068682 0.0724028 0.0760321 0.07954 0.0828969 0.086074 0.0890433 0.0917784 0.0942546 0.0964492 0.0983421 0.0999156 0.101155 0.102049 0.102589 0.102769 0.102589 0.102049 0.101155 0.0999156 0.0983421 0.0964492 0.0942546 0.0917784 0.0890433 0.086074 0.0828969 0.07954 0.0760321 0.0724028 0.068682 0.0648994 0.0610842 0.0572648 0.0534683 0.0497204 0.0460448 0.0424632 0.0389951 0.0356574 0.0324648 0.029429 0.0265594 0.0238628 0.0213435 0.0190034 0.0168424 0.0148584 0.0130474 0.0114041 0.00992177 0.00859275 0.00740862 0.00636044 0.00543899 0.00463503 0.00393944 0.00334345 0.0028388 0.00241789 0.00207387 0.00180081 0.00159371 0.00144865 0.00136276 
0.00156874 0.00160191 0.00170209 0.00187124 0.00211264 0.00243078 0.00283137 0.00332119 0.00390803 0.00460055 0.00540813 0.00634072 0.00740862 0.00862226 0.00999199 0.0115278 0.0132391 0.0151343 0.0172208 0.0195042 0.0219888 0.0246764 0.027567 0.0306577 0.0339433 0.0374157 0.0410637 0.0448735 0.0488284 0.0529086 0.0570918 0.0613533 0.065666 0.0700008 0.0743271 0.0786128 0.0828251 0.0869306 0.0908959 0.0946879 0.0982744 0.101624 0.104709 0.107499 0.109972 0.112103 0.113875 0.11527 0.116275 0.116883 0.117086 0.116883 0.116275 0.11527 0.113875 0.112103 0.109972 0.107499 0.104709 0.101624 0.0982744 0.0946879 0.0908959 0.0869306 0.0828251 0.0786128 0.0743271 0.0700008 0.065666 0.0613533 0.0570918 0.0529086 0.0488284 0.0448735 0.0410637 0.0374157 0.0339433 0.0306577 0.027567 0.0246764 0.0219888 0.0195042 0.0172208 0.0151343 0.0132391 0.0115278 0.00999199 0.00862226 0.00740862 0.00634072 0.00540813 0.00460055 0.00390803 0.00332119 0.00283137 0.00243078 0.00211264 0.00187124 0.00170209 0.00160191 
0.00183632 0.00187484 0.00199118 0.00218757 0.00246774 0.00283682 0.00330129 0.00386885 0.00454835 0.0053496 0.00628321 0.0073604 0.00859275 0.00999199 0.0115697 0.0133369 0.0153041 0.0174806 0.0198742 0.0224911 0.0253355 0.0284093 0.0317116 0.035239 0.0389849 0.0429396 0.0470901 0.0514202 0.0559106 0.0605388 0.0652792 0.0701036 0.0749815 0.0798798 0.0847642 0.0895986 0.0943463 0.09897 0.103432 0.107697 0.111728 0.11549 0.118952 0.122083 0.124856 0.127246 0.129231 0.130794 0.131921 0.132601 0.132828 0.132601 0.131921 0.130794 0.129231 0.127246 0.124856 0.122083 0.118952 0.11549 0.111728 0.107697 0.103432 0.09897 0.0943463 0.0895986 0.0847642 0.0798798 0.0749815 0.0701036 0.0652792 0.0605388 0.0559106 0.0514202 0.0470901 0.0429396 0.0389849 0.035239 0.0317116 0.0284093 0.0253355 0.0224911 0.0198742 0.0174806 0.0153041 0.0133369 0.0115697 0.00999199 0.00859275 0.0073604 0.00628321 0.0053496 0.00454835 0.00386885 0.00330129 0.00283682 0.00246774 0.00218757 0.00199118 0.00187484 
0.00213979 0.00218434 0.00231884 0.00254583 0.00286955 0.0032958 0.00383192 0.00448662 0.0052699 0.00619281 0.0072673 0.00850596 0.00992177 0.0115278 0.0133369 0.0153615 0.0176128 0.020101 0.0228348 0.0258205 0.0290623 0.0325619 0.0363179 0.0403256 0.044577 0.0490607 0.0537616 0.0586609 0.0637363 0.0689622 0.0743094 0.0797462 0.0852379 0.0907476 0.0962365 0.101665 0.106991 0.112174 0.117172 0.121946 0.126454 0.13066 0.134528 0.138025 0.141119 0.143785 0.146 0.147742 0.148998 0.149756 0.15001 0.149756 0.148998 0.147742 0.146 0.143785 0.141119 0.138025 0.134528 0.13066 0.126454 0.121946 0.117172 0.112174 0.106991 0.101665 0.0962365 0.0907476 0.0852379 0.0797462 0.0743094 0.0689622 0.0637363 0.0586609 0.0537616 0.0490607 0.044577 0.0403256 0.0363179 0.0325619 0.0290623 0.0258205 0.0228348 0.020101 0.0176128 0.0153615 0.0133369 0.0115278 0.00992177 0.00850596 0.0072673 0.00619281 0.0052699 0.00448662 0.00383192 0.0032958 0.00286955 0.00254583 0.00231884 0.00218434 
0.00248188 0.00253315 0.00268793 0.0029491 0.00332141 0.00381143 0.00442742 0.00517919 0.00607796 0.00713615 0.00836713 0.00978496 0.0114041 0.0132391 0.0153041 0.0176128 0.0201775 0.0230092 0.0261171 0.029508 0.0331859 0.0371521 0.0414042 0.0459366 0.0507395 0.0557996 0.0610991 0.0666165 0.0723264 0.0781995 0.084203 0.090301 0.0964545 0.102622 0.108761 0.114827 0.120774 0.126556 0.132128 0.137444 0.142463 0.147142 0.151442 0.155327 0.158764 0.161724 0.164182 0.166115 0.167508 0.168349 0.16863 0.168349 0.167508 0.166115 0.164182 0.161724 0.158764 0.155327 0.151442 0.147142 0.142463 0.137444 0.132128 0.126556 0.120774 0.114827 0.108761 0.102622 0.0964545 0.090301 0.084203 0.0781995 0.0723264 0.0666165 0.0610991 0.0557996 0.0507395 0.0459366 0.0414042 0.0371521 0.0331859 0.029508 0.0261171 0.0230092 0.0201775 0.0176128 0.0153041 0.0132391 0.0114041 0.00978496 0.00836713 0.00713615 0.00607796 0.00517919 0.00442742 0.00381143 0.00332141 0.0029491 0.00268793 0.00253315 
0.00286519 0.00292392 0.00310121 0.0034003 0.00382652 0.00438724 0.00509171 0.00595094 0.00697746 0.00818514 0.00958888 0.0112043 0.0130474 0.0151343 0.0174806 0.020101 0.0230092 0.026217 0.0297339 0.033567 0.0377202 0.0421942 0.0469857 0.0520875 0.0574881 0.0631717 0.069118 0.0753023 0.0816955 0.0882647 0.0949728 0.10178 0.108642 0.115513 0.122346 0.129091 0.135698 0.142117 0.148297 0.15419 0.159749 0.164928 0.169685 0.17398 0.177779 0.181048 0.183762 0.185896 0.187434 0.188362 0.188672 0.188362 0.187434 0.185896 0.183762 0.181048 0.177779 0.17398 0.169685 0.164928 0.159749 0.15419 0.148297 0.142117 0.135698 0.129091 0.122346 0.115513 0.108642 0.10178 0.0949728 0.0882647 0.0816955 0.0753023 0.069118 0.0631717 0.0574881 0.0520875 0.0469857 0.0421942 0.0377202 0.033567 0.0297339 0.026217 0.0230092 0.020101 0.0174806 0.0151343 0.0130474 0.0112043 0.00958888 0.00818514 0.00697746 0.00595094 0.00509171 0.00438724 0.00382652 0.0034003 0.00310121 0.00292392 
0.00329215 0.00335912 0.00356125 0.00390216 0.00438782 0.00502645 0.00582838 0.00680585 0.00797284 0.00934473 0.010938 0.01277 0.0148584 0.0172208 0.0198742 0.0228348 0.0261171 0.0297339 0.0336951 0.038008 0.0426761 0.0476993 0.0530733 0.0587892 0.0648332 0.0711872 0.0778276 0.0847264 0.0918508 0.0991634 0.106623 0.114185 0.1218 0.129418 0.136986 0.14445 0.151755 0.158845 0.165667 0.172166 0.178292 0.183996 0.189232 0.193957 0.198134 0.201727 0.204708 0.207053 0.208741 0.20976 0.2101 0.20976 0.208741 0.207053 0.204708 0.201727 0.198134 0.193957 0.189232 0.183996 0.178292 0.172166 0.165667 0.158845 0.151755 0.14445 0.136986 0.129418 0.1218 0.114185 0.106623 0.0991634 0.0918508 0.0847264 0.0778276 0.0711872 0.0648332 0.0587892 0.0530733 0.0476993 0.0426761 0.038008 0.0336951 0.0297339 0.0261171 0.0228348 0.0198742 0.0172208 0.0148584 0.01277 0.010938 0.00934473 0.00797284 0.00680585 0.00582838 0.00502645 0.00438782 0.00390216 0.00356125 0.00335912 
0.00376495 0.00384096 0.00407034 0.00445712 0.00500793 0.00573191 0.00664053 0.00774737 0.00906788 0.0106191 0.0124192 0.0144872 0.0168424 0.0195042 0.0224911 0.0258205 0.029508 0.033567 0.038008 0.042838 0.0480605 0.0536741 0.0596732 0.066047 0.0727795 0.0798494 0.0872301 0.0948896 0.102791 0.110892 0.119148 0.127508 0.135918 0.144324 0.152665 0.160885 0.168921 0.176715 0.184207 0.19134 0.198057 0.204308 0.210042 0.215214 0.219783 0.223712 0.226971 0.229533 0.231377 0.23249 0.232862 0.23249 0.231377 0.229533 0.226971 0.223712 0.219783 0.215214 0.210042 0.204308 0.198057 0.19134 0.184207 0.176715 0.168921 0.160885 0.152665 0.144324 0.135918 0.127508 0.119148 0.110892 0.102791 0.0948896 0.0872301 0.0798494 0.0727795 0.066047 0.0596732 0.0536741 0.0480605 0.042838 0.038008 0.033567 0.029508 0.0258205 0.0224911 0.0195042 0.0168424 0.0144872 0.0124192 0.0106191 0.00906788 0.00774737 0.00664053 0.00573191 0.00500793 0.00445712 0.00407034 0.00384096 
0.00428548 0.00437134 0.00463044 0.00506721 0.00568902 0.00650596 0.0075307 0.00877823 0.0102656 0.0120114 0.0140357 0.0163594 0.0190034 0.0219888 0.0253355 0.0290623 0.0331859 0.0377202 0.0426761 0.0480605 0.0538759 0.0601203 0.0667862 0.0738607 0.081325 0.0891548 0.0973198 0.105784 0.114506 0.123439 0.132532 0.14173 0.150974 0.160203 0.169354 0.17836 0.187159 0.195684 0.203872 0.211661 0.218991 0.225807 0.232055 0.237688 0.242661 0.246936 0.25048 0.253265 0.25527 0.256479 0.256883 0.256479 0.25527 0.253265 0.25048 0.246936 0.242661 0.237688 0.232055 0.225807 0.218991 0.211661 0.203872 0.195684 0.187159 0.17836 0.169354 0.160203 0.150974 0.14173 0.132532 0.123439 0.114506 0.105784 0.0973198 0.0891548 0.081325 0.0738607 0.0667862 0.0601203 0.0538759 0.0480605 0.0426761 0.0377202 0.0331859 0.0290623 0.0253355 0.0219888 0.0190034 0.0163594 0.0140357 0.0120114 0.0102656 0.00877823 0.0075307 0.00650596 0.00568902 0.00506721 0.00463044 0.00437134 
0.00485521 0.00495176 0.00524306 0.00573404 0.00643276 0.00735036 0.00850074 0.00990038 0.0115679 0.0135238 0.0157899 0.0183888 0.0213435 0.0246764 0.0284093 0.0325619 0.0371521 0.0421942 0.0476993 0.0536741 0.0601203 0.0670344 0.0744072 0.0822232 0.0904608 0.099092 0.108083 0.117392 0.126975 0.136779 0.146747 0.15682 0.166933 0.177018 0.187007 0.19683 0.206416 0.215696 0.224601 0.233065 0.241025 0.24842 0.255195 0.261299 0.266685 0.271313 0.275148 0.278161 0.280329 0.281637 0.282074 0.281637 0.280329 0.278161 0.275148 0.271313 0.266685 0.261299 0.255195 0.24842 0.241025 0.233065 0.224601 0.215696 0.206416 0.19683 0.187007 0.177018 0.166933 0.15682 0.146747 0.136779 0.126975 0.117392 0.108083 0.099092 0.0904608 0.0822232 0.0744072 0.0670344 0.0601203 0.0536741 0.0476993 0.0421942 0.0371521 0.0325619 0.0284093 0.0246764 0.0213435 0.0183888 0.0157899 0.0135238 0.0115679 0.00990038 0.00850074 0.00735036 0.00643276 0.00573404 0.00524306 0.00495176 
0.00547515 0.00558322 0.00590925 0.00645862 0.00724019 0.00826613 0.00955168 0.0111148 0.0129759 0.0151572 0.0176824 0.020576 0.0238628 0.027567 0.0317116 0.0363179 0.0414042 0.0469857 0.0530733 0.0596732 0.0667862 0.0744072 0.0825247 0.0911206 0.10017 0.109641 0.119496 0.129689 0.140169 0.150878 0.161756 0.172735 0.183746 0.194715 0.205569 0.216231 0.226626 0.236679 0.246318 0.255471 0.264072 0.272057 0.279367 0.285949 0.291753 0.296739 0.300868 0.304111 0.306445 0.307851 0.308322 0.307851 0.306445 0.304111 0.300868 0.296739 0.291753 0.285949 0.279367 0.272057 0.264072 0.255471 0.246318 0.236679 0.226626 0.216231 0.205569 0.194715 0.183746 0.172735 0.161756 0.150878 0.140169 0.129689 0.119496 0.109641 0.10017 0.0911206 0.0825247 0.0744072 0.0667862 0.0596732 0.0530733 0.0469857 0.0414042 0.0363179 0.0317116 0.027567 0.0238628 0.020576 0.0176824 0.0151572 0.0129759 0.0111148 0.00955168 0.00826613 0.00724019 0.00645862 0.00590925 0.00558322 
0.00614578 0.0062662 0.00662943 0.00724135 0.00811163 0.00925354 0.0106836 0.0124215 0.0144892 0.016911 0.0197123 0.0229196 0.0265594 0.0306577 0.035239 0.0403256 0.0459366 0.0520875 0.0587892 0.066047 0.0738607 0.0822232 0.0911206 0.100532 0.110429 0.120775 0.131528 0.142637 0.154046 0.165692 0.177508 0.18942 0.201353 0.213229 0.224967 0.236486 0.247705 0.258545 0.268929 0.27878 0.28803 0.29661 0.30446 0.311523 0.317749 0.323093 0.327517 0.330991 0.33349 0.334997 0.3355 0.334997 0.33349 0.330991 0.327517 0.323093 0.317749 0.311523 0.30446 0.29661 0.28803 0.27878 0.268929 0.258545 0.247705 0.236486 0.224967 0.213229 0.201353 0.18942 0.177508 0.165692 0.154046 0.142637 0.131528 0.120775 0.110429 0.100532 0.0911206 0.0822232 0.0738607 0.066047 0.0587892 0.0520875 0.0459366 0.0403256 0.035239 0.0306577 0.0265594 0.0229196 0.0197123 0.016911 0.0144892 0.0124215 0.0106836 0.00925354 0.00811163 0.00724135 0.00662943 0.0062662 
0.00686696 0.00700053 0.00740339 0.00808194 0.00904665 0.0103119 0.0118957 0.0138192 0.0161063 0.018783 0.0218768 0.025416 0.029429 0.0339433 0.0389849 0.044577 0.0507395 0.0574881 0.0648332 0.0727795 0.081325 0.0904608 0.10017 0.110429 0.121204 0.132457 0.144137 0.156192 0.168557 0.181165 0.193941 0.206808 0.219683 0.232482 0.245118 0.257506 0.26956 0.281194 0.292327 0.302881 0.312782 0.321959 0.330348 0.337892 0.344537 0.350239 0.354957 0.35866 0.361323 0.362929 0.363465 0.362929 0.361323 0.35866 0.354957 0.350239 0.344537 0.337892 0.330348 0.321959 0.312782 0.302881 0.292327 0.281194 0.26956 0.257506 0.245118 0.232482 0.219683 0.206808 0.193941 0.181165 0.168557 0.156192 0.144137 0.132457 0.121204 0.110429 0.10017 0.0904608 0.081325 0.0727795 0.0648332 0.0574881 0.0507395 0.044577 0.0389849 0.0339433 0.029429 0.025416 0.0218768 0.018783 0.0161063 0.0138192 0.0118957 0.0103119 0.00904665 0.00808194 0.00740339 0.00700053 
0.00763787 0.00778537 0.00823021 0.00897928 0.0100439 0.0114397 0.013186 0.0153056 0.0178241 0.0207695 0.0241713 0.0280597 0.0324648 0.0374157 0.0429396 0.0490607 0.0557996 0.0631717 0.0711872 0.0798494 0.0891548 0.099092 0.109641 0.120775 0.132457 0.144641 0.157275 0.170297 0.18364 0.197229 0.210984 0.22482 0.23865 0.252382 0.265926 0.279188 0.292079 0.304509 0.316393 0.327648 0.338197 0.347967 0.356892 0.364911 0.371971 0.378026 0.383034 0.386963 0.389788 0.39149 0.392059 0.39149 0.389788 0.386963 0.383034 0.378026 0.371971 0.364911 0.356892 0.347967 0.338197 0.327648 0.316393 0.304509 0.292079 0.279188 0.265926 0.252382 0.23865 0.22482 0.210984 0.197229 0.18364 0.170297 0.157275 0.144641 0.132457 0.120775 0.109641 0.099092 0.0891548 0.0798494 0.0711872 0.0631717 0.0557996 0.0490607 0.0429396 0.0374157 0.0324648 0.0280597 0.0241713 0.0207695 0.0178241 0.0153056 0.013186 0.0114397 0.0100439 0.00897928 0.00823021 0.00778537 
0.00845698 0.00861916 0.00910818 0.00993148 0.0111013 0.0126342 0.0145512 0.0168766 0.019638 0.0228651 0.0265894 0.0308429 0.0356574 0.0410637 0.0470901 0.0537616 0.0610991 0.069118 0.0778276 0.0872301 0.0973198 0.108083 0.119496 0.131528 0.144137 0.157275 0.170881 0.184889 0.199225 0.213809 0.228554 0.243369 0.258159 0.272829 0.287281 0.301418 0.315144 0.328366 0.340995 0.352943 0.364132 0.374487 0.383939 0.392425 0.399892 0.406292 0.411583 0.415733 0.418715 0.420512 0.421113 0.420512 0.418715 0.415733 0.411583 0.406292 0.399892 0.392425 0.383939 0.374487 0.364132 0.352943 0.340995 0.328366 0.315144 0.301418 0.287281 0.272829 0.258159 0.243369 0.228554 0.213809 0.199225 0.184889 0.170881 0.157275 0.144137 0.131528 0.119496 0.108083 0.0973198 0.0872301 0.0778276 0.069118 0.0610991 0.0537616 0.0470901 0.0410637 0.0356574 0.0308429 0.0265894 0.0228651 0.019638 0.0168766 0.0145512 0.0126342 0.0111013 0.00993148 0.00910818 0.00861916 
0.00932199 0.00949952 0.0100348 0.0109357 0.0122154 0.0138918 0.0159871 0.0185274 0.0215419 0.0250625 0.0291223 0.0337553 0.0389951 0.0448735 0.0514202 0.0586609 0.0666165 0.0753023 0.0847264 0.0948896 0.105784 0.117392 0.129689 0.142637 0.156192 0.170297 0.184889 0.199895 0.215234 0.23082 0.246559 0.262355 0.278106 0.293711 0.309067 0.324072 0.338625 0.352629 0.36599 0.37862 0.390437 0.401363 0.411328 0.42027 0.428132 0.434866 0.440432 0.444795 0.44793 0.449818 0.450449 0.449818 0.44793 0.444795 0.440432 0.434866 0.428132 0.42027 0.411328 0.401363 0.390437 0.37862 0.36599 0.352629 0.338625 0.324072 0.309067 0.293711 0.278106 0.262355 0.246559 0.23082 0.215234 0.199895 0.184889 0.170297 0.156192 0.142637 0.129689 0.117392 0.105784 0.0948896 0.0847264 0.0753023 0.0666165 0.0586609 0.0514202 0.0448735 0.0389951 0.0337553 0.0291223 0.0250625 0.0215419 0.0185274 0.0159871 0.0138918 0.0122154 0.0109357 0.0100348 0.00949952 
0.0102298 0.0104233 0.0110066 0.0119883 0.0133823 0.0152076 0.017488 0.0202511 0.0235281 0.0273525 0.0317595 0.0367847 0.0424632 0.0488284 0.0559106 0.0637363 0.0723264 0.0816955 0.0918508 0.102791 0.114506 0.126975 0.140169 0.154046 0.168557 0.18364 0.199225 0.215234 0.23158 0.248168 0.2649 0.281672 0.298378 0.314909 0.331158 0.347018 0.362383 0.377152 0.39123 0.404525 0.416951 0.428431 0.438893 0.448273 0.456516 0.463572 0.469401 0.473968 0.477249 0.479225 0.479885 0.479225 0.477249 0.473968 0.469401 0.463572 0.456516 0.448273 0.438893 0.428431 0.416951 0.404525 0.39123 0.377152 0.362383 0.347018 0.331158 0.314909 0.298378 0.281672 0.2649 0.248168 0.23158 0.215234 0.199225 0.18364 0.168557 0.154046 0.140169 0.126975 0.114506 0.102791 0.0918508 0.0816955 0.0723264 0.0637363 0.0559106 0.0488284 0.0424632 0.0367847 0.0317595 0.0273525 0.0235281 0.0202511 0.017488 0.0152076 0.0133823 0.0119883 0.0110066 0.0104233 
0.0111765 0.0113865 0.0120195 0.0130847 0.0145967 0.0165758 0.0190471 0.02204 0.0255873 0.0297244 0.0344883 0.0399162 0.0460448 0.0529086 0.0605388 0.0689622 0.0781995 0.0882647 0.0991634 0.110892 0.123439 0.136779 0.150878 0.165692 0.181165 0.197229 0.213809 0.23082 0.248168 0.265753 0.283469 0.301207 0.318854 0.336297 0.353422 0.370117 0.386274 0.401788 0.41656 0.430497 0.443511 0.455523 0.466461 0.476261 0.484866 0.492229 0.498307 0.503069 0.506488 0.508547 0.509234 0.508547 0.506488 0.503069 0.498307 0.492229 0.484866 0.476261 0.466461 0.455523 0.443511 0.430497 0.41656 0.401788 0.386274 0.370117 0.353422 0.336297 0.318854 0.301207 0.283469 0.265753 0.248168 0.23082 0.213809 0.197229 0.181165 0.165692 0.150878 0.136779 0.123439 0.110892 0.0991634 0.0882647 0.0781995 0.0689622 0.0605388 0.0529086 0.0460448 0.0399162 0.0344883 0.0297244 0.0255873 0.02204 0.0190471 0.0165758 0.0145967 0.0130847 0.0120195 0.0113865 
0.0121573 0.0123843 0.0130684 0.0142192 0.0158523 0.0179892 0.0206563 0.0238846 0.0277087 0.0321656 0.0372941 0.043133 0.0497204 0.0570918 0.0652792 0.0743094 0.084203 0.0949728 0.106623 0.119148 0.132532 0.146747 0.161756 0.177508 0.193941 0.210984 0.228554 0.246559 0.2649 0.283469 0.302156 0.320842 0.339411 0.357744 0.375721 0.393228 0.410151 0.426384 0.441823 0.456375 0.46995 0.48247 0.49386 0.504057 0.513005 0.520656 0.52697 0.531913 0.535462 0.537599 0.538312 0.537599 0.535462 0.531913 0.52697 0.520656 0.513005 0.504057 0.49386 0.48247 0.46995 0.456375 0.441823 0.426384 0.410151 0.393228 0.375721 0.357744 0.339411 0.320842 0.302156 0.283469 0.2649 0.246559 0.228554 0.210984 0.193941 0.177508 0.161756 0.146747 0.132532 0.119148 0.106623 0.0949728 0.084203 0.0743094 0.0652792 0.0570918 0.0497204 0.043133 0.0372941 0.0321656 0.0277087 0.0238846 0.0206563 0.0179892 0.0158523 0.0142192 0.0130684 0.0123843 
0.0131668 0.0134111 0.0141473 0.0153854 0.0171421 0.0194398 0.0223064 0.0257743 0.0298799 0.0346618 0.0401605 0.0464162 0.0534683 0.0613533 0.0701036 0.0797462 0.090301 0.10178 0.114185 0.127508 0.14173 0.15682 0.172735 0.18942 0.206808 0.22482 0.243369 0.262355 0.281672 0.301207 0.320842 0.340455 0.359921 0.379116 0.397918 0.416206 0.433865 0.450785 0.466861 0.481998 0.496105 0.509103 0.520918 0.531488 0.540757 0.548677 0.555209 0.560322 0.563991 0.566199 0.566936 0.566199 0.563991 0.560322 0.555209 0.548677 0.540757 0.531488 0.520918 0.509103 0.496105 0.481998 0.466861 0.450785 0.433865 0.416206 0.397918 0.379116 0.359921 0.340455 0.320842 0.301207 0.281672 0.262355 0.243369 0.22482 0.206808 0.18942 0.172735 0.15682 0.14173 0.127508 0.114185 0.10178 0.090301 0.0797462 0.0701036 0.0613533 0.0534683 0.0464162 0.0401605 0.0346618 0.0298799 0.0257743 0.0223064 0.0194398 0.0171421 0.0153854 0.0141473 0.0134111 
0.0141986 0.0144604 0.0152494 0.0165762 0.018458 0.0209186 0.023987 0.0276973 0.0320872 0.0371973 0.0430693 0.049745 0.0572648 0.065666 0.0749815 0.0852379 0.0964545 0.108642 0.1218 0.135918 0.150974 0.166933 0.183746 0.201353 0.219683 0.23865 0.258159 0.278106 0.298378 0.318854 0.339411 0.359921 0.380253 0.400279 0.419872 0.438908 0.457268 0.47484 0.491519 0.507206 0.521812 0.535257 0.547469 0.558384 0.56795 0.576118 0.582851 0.588119 0.591899 0.594173 0.594932 0.594173 0.591899 0.588119 0.582851 0.576118 0.56795 0.558384 0.547469 0.535257 0.521812 0.507206 0.491519 0.47484 0.457268 0.438908 0.419872 0.400279 0.380253 0.359921 0.339411 0.318854 0.298378 0.278106 0.258159 0.23865 0.219683 0.201353 0.183746 0.166933 0.150974 0.135918 0.1218 0.108642 0.0964545 0.0852379 0.0749815 0.065666 0.0572648 0.049745 0.0430693 0.0371973 0.0320872 0.0276973 0.023987 0.0209186 0.018458 0.0165762 0.0152494 0.0144604 
0.0152458 0.0155252 0.0163674 0.0177833 0.0197911 0.0224154 0.0256866 0.0296403 0.0343157 0.0397548 0.0460008 0.0530968 0.0610842 0.0700008 0.0798798 0.0907476 0.102622 0.115513 0.129418 0.144324 0.160203 0.177018 0.194715 0.213229 0.232482 0.252382 0.272829 0.293711 0.314909 0.336297 0.357744 0.379116 0.400279 0.421099 0.441445 0.46119 0.480213 0.4984 0.515643 0.531844 0.546915 0.560774 0.573351 0.584585 0.594421 0.602816 0.609732 0.615141 0.61902 0.621353 0.622132 0.621353 0.61902 0.615141 0.609732 0.602816 0.594421 0.584585 0.573351 0.560774 0.546915 0.531844 0.515643 0.4984 0.480213 0.46119 0.441445 0.421099 0.400279 0.379116 0.357744 0.336297 0.314909 0.293711 0.272829 0.252382 0.232482 0.213229 0.194715 0.177018 0.160203 0.144324 0.129418 0.115513 0.102622 0.0907476 0.0798798 0.0700008 0.0610842 0.0530968 0.0460008 0.0397548 0.0343157 0.0296403 0.0256866 0.0224154 0.0197911 0.0177833 0.0163674 0.0155252 
0.0163006 0.0165977 0.017493 0.018998 0.0211316 0.0239194 0.0273931 0.0315896 0.0365495 0.0423161 0.0489342 0.0564479 0.0648994 0.0743271 0.0847642 0.0962365 0.108761 0.122346 0.136986 0.152665 0.169354 0.187007 0.205569 0.224967 0.245118 0.265926 0.287281 0.309067 0.331158 0.353422 0.375721 0.397918 0.419872 0.441445 0.462503 0.482916 0.502561 0.521321 0.539088 0.555766 0.571264 0.585503 0.598413 0.609935 0.620017 0.628616 0.635697 0.641232 0.6452 0.647586 0.648383 0.647586 0.6452 0.641232 0.635697 0.628616 0.620017 0.609935 0.598413 0.585503 0.571264 0.555766 0.539088 0.521321 0.502561 0.482916 0.462503 0.441445 0.419872 0.397918 0.375721 0.353422 0.331158 0.309067 0.287281 0.265926 0.245118 0.224967 0.205569 0.187007 0.169354 0.152665 0.136986 0.122346 0.108761 0.0962365 0.0847642 0.0743271 0.0648994 0.0564479 0.0489342 0.0423161 0.0365495 0.0315896 0.0273931 0.0239194 0.0211316 0.018998 0.017493 0.0165977 
0.0173549 0.0176696 0.0186176 0.020211 0.0224693 0.0254191 0.0290934 0.0335301 0.0387714 0.0448619 0.0518474 0.0597731 0.068682 0.0786128 0.0895986 0.101665 0.114827 0.129091 0.14445 0.160885 0.17836 0.19683 0.216231 0.236486 0.257506 0.279188 0.301418 0.324072 0.347018 0.370117 0.393228 0.416206 0.438908 0.46119 0.482916 0.503953 0.524175 0.543466 0.561717 0.578831 0.594719 0.609302 0.622514 0.634295 0.644597 0.653377 0.660604 0.66625 0.670296 0.672729 0.673541 0.672729 0.670296 0.66625 0.660604 0.653377 0.644597 0.634295 0.622514 0.609302 0.594719 0.578831 0.561717 0.543466 0.524175 0.503953 0.482916 0.46119 0.438908 0.416206 0.393228 0.370117 0.347018 0.324072 0.301418 0.279188 0.257506 0.236486 0.216231 0.19683 0.17836 0.160885 0.14445 0.129091 0.114827 0.101665 0.0895986 0.0786128 0.068682 0.0597731 0.0518474 0.0448619 0.0387714 0.0335301 0.0290934 0.0254191 0.0224693 0.020211 0.0186176 0.0176696 
0.0184001 0.018732 0.0197319 0.0214122 0.0237932 0.0269024 0.0307738 0.0354465 0.0409639 0.047372 0.0547175 0.0630466 0.0724028 0.0828251 0.0943463 0.106991 0.120774 0.135698 0.151755 0.168921 0.187159 0.206416 0.226626 0.247705 0.26956 0.292079 0.315144 0.338625 0.362383 0.386274 0.410151 0.433865 0.457268 0.480213 0.502561 0.524175 0.544931 0.564708 0.583401 0.600911 0.61715 0.632044 0.645524 0.657535 0.66803 0.67697 0.684324 0.690067 0.694181 0.696655 0.69748 0.696655 0.694181 0.690067 0.684324 0.67697 0.66803 0.657535 0.645524 0.632044 0.61715 0.600911 0.583401 0.564708 0.544931 0.524175 0.502561 0.480213 0.457268 0.433865 0.410151 0.386274 0.362383 0.338625 0.315144 0.292079 0.26956 0.247705 0.226626 0.206416 0.187159 0.168921 0.151755 0.135698 0.120774 0.106991 0.0943463 0.0828251 0.0724028 0.0630466 0.0547175 0.047372 0.0409639 0.0354465 0.0307738 0.0269024 0.0237932 0.0214122 0.0197319 0.018732 
0.0194271 0.0197758 0.0208263 0.0225915 0.0250921 0.0283567 0.0324201 0.0373227 0.043109 0.0498259 0.0575213 0.066242 0.0760321 0.0869306 0.09897 0.112174 0.126556 0.142117 0.158845 0.176715 0.195684 0.215696 0.236679 0.258545 0.281194 0.304509 0.328366 0.352629 0.377152 0.401788 0.426384 0.450785 0.47484 0.4984 0.521321 0.543466 0.564708 0.584929 0.604021 0.621887 0.638441 0.653609 0.667326 0.679539 0.690203 0.69928 0.706743 0.712569 0.716742 0.71925 0.720086 0.71925 0.716742 0.712569 0.706743 0.69928 0.690203 0.679539 0.667326 0.653609 0.638441 0.621887 0.604021 0.584929 0.564708 0.543466 0.521321 0.4984 0.47484 0.450785 0.426384 0.401788 0.377152 0.352629 0.328366 0.304509 0.281194 0.258545 0.236679 0.215696 0.195684 0.176715 0.158845 0.142117 0.126556 0.112174 0.09897 0.0869306 0.0760321 0.066242 0.0575213 0.0498259 0.043109 0.0373227 0.0324201 0.0283567 0.0250921 0.0225915 0.0208263 0.0197758 
0.0204266 0.0207916 0.0218911 0.0237383 0.0263546 0.0297693 0.0340182 0.0391427 0.0451882 0.0522028 0.0602352 0.0693328 0.07954 0.0908959 0.103432 0.117172 0.132128 0.148297 0.165667 0.184207 0.203872 0.224601 0.246318 0.268929 0.292327 0.316393 0.340995 0.36599 0.39123 0.41656 0.441823 0.466861 0.491519 0.515643 0.539088 0.561717 0.583401 0.604021 0.62347 0.641653 0.658485 0.673894 0.687818 0.700205 0.711013 0.720208 0.727764 0.733659 0.73788 0.740417 0.741263 0.740417 0.73788 0.733659 0.727764 0.720208 0.711013 0.700205 0.687818 0.673894 0.658485 0.641653 0.62347 0.604021 0.583401 0.561717 0.539088 0.515643 0.491519 0.466861 0.441823 0.41656 0.39123 0.36599 0.340995 0.316393 0.292327 0.268929 0.246318 0.224601 0.203872 0.184207 0.165667 0.148297 0.132128 0.117172 0.103432 0.0908959 0.07954 0.0693328 0.0602352 0.0522028 0.0451882 0.0391427 0.0340182 0.0297693 0.0263546 0.0237383 0.0218911 0.0207916 
0.0213893 0.0217699 0.0229163 0.024842 0.027569 0.0311273 0.0355536 0.0408901 0.0471833 0.054482 0.0628358 0.0722925 0.0828969 0.0946879 0.107697 0.121946 0.137444 0.15419 0.172166 0.19134 0.211661 0.233065 0.255471 0.27878 0.302881 0.327648 0.352943 0.37862 0.404525 0.430497 0.456375 0.481998 0.507206 0.531844 0.555766 0.578831 0.600911 0.621887 0.641653 0.660114 0.677189 0.692807 0.706908 0.719444 0.730374 0.739668 0.7473 0.753253 0.757514 0.760074 0.760928 0.760074 0.757514 0.753253 0.7473 0.739668 0.730374 0.719444 0.706908 0.692807 0.677189 0.660114 0.641653 0.621887 0.600911 0.578831 0.555766 0.531844 0.507206 0.481998 0.456375 0.430497 0.404525 0.37862 0.352943 0.327648 0.302881 0.27878 0.255471 0.233065 0.211661 0.19134 0.172166 0.15419 0.137444 0.121946 0.107697 0.0946879 0.0828969 0.0722925 0.0628358 0.054482 0.0471833 0.0408901 0.0355536 0.0311273 0.027569 0.024842 0.0229163 0.0217699 
0.022306 0.0227014 0.0238922 0.0258922 0.028724 0.0324181 0.0370121 0.042549 0.0490762 0.0566432 0.0653001 0.0750955 0.086074 0.0982744 0.111728 0.126454 0.142463 0.159749 0.178292 0.198057 0.218991 0.241025 0.264072 0.28803 0.312782 0.338197 0.364132 0.390437 0.416951 0.443511 0.46995 0.496105 0.521812 0.546915 0.571264 0.594719 0.61715 0.638441 0.658485 0.677189 0.694474 0.710271 0.724522 0.737183 0.748214 0.757589 0.765284 0.771283 0.775576 0.778154 0.779014 0.778154 0.775576 0.771283 0.765284 0.757589 0.748214 0.737183 0.724522 0.710271 0.694474 0.677189 0.658485 0.638441 0.61715 0.594719 0.571264 0.546915 0.521812 0.496105 0.46995 0.443511 0.416951 0.390437 0.364132 0.338197 0.312782 0.28803 0.264072 0.241025 0.218991 0.198057 0.178292 0.159749 0.142463 0.126454 0.111728 0.0982744 0.086074 0.0750955 0.0653001 0.0566432 0.0490762 0.042549 0.0370121 0.0324181 0.028724 0.0258922 0.0238922 0.0227014 
