3.79265e-13 5.0462e-13 9.53133e-13 1.97768e-12 4.13225e-12 8.52412e-12 1.72892e-11 3.4451e-11 6.74314e-11 1.29642e-10 2.44829e-10 4.54182e-10 8.27692e-10 1.48187e-09 2.60666e-09 4.50539e-09 7.6524e-09 1.2774e-08 2.09587e-08 3.38039e-08 5.36024e-08 8.35734e-08 1.28135e-07 1.93214e-07 2.86563e-07 4.18081e-07 6.00065e-07 8.47369e-07 1.17738e-06 1.60975e-06 2.16585e-06 2.86783e-06 3.73734e-06 4.79384e-06 6.05269e-06 7.52308e-06 9.20599e-06 1.10924e-05 1.31623e-05 1.53837e-05 1.77136e-05 2.00988e-05 2.24785e-05 2.47868e-05 2.69562e-05 2.8921e-05 3.06203e-05 3.20007e-05 3.3019e-05 3.36431e-05 3.38533e-05 3.36431e-05 3.3019e-05 3.20007e-05 3.06203e-05 2.8921e-05 2.69562e-05 2.47868e-05 2.24785e-05 2.00988e-05 1.77136e-05 1.53837e-05 1.31623e-05 1.10924e-05 9.20599e-06 7.52308e-06 6.05269e-06 4.79384e-06 3.73734e-06 2.86783e-06 2.16585e-06 1.60975e-06 1.17738e-06 8.47369e-07 6.00065e-07 4.18081e-07 2.86563e-07 1.93214e-07 1.28135e-07 8.35734e-08 5.36024e-08 3.38039e-08 2.09587e-08 1.2774e-08 7.6524e-09 4.50539e-09 2.60666e-09 1.48187e-09 8.27692e-10 4.54182e-10 2.44829e-10 1.29642e-10 6.74314e-11 3.4451e-11 1.72892e-11 8.52412e-12 4.13225e-12 1.97768e-12 9.53133e-13 5.0462e-13 
5.0462e-13 6.70577e-13 1.26381e-12 2.61683e-12 5.45688e-12 1.12346e-11 2.27418e-11 4.52255e-11 8.83412e-11 1.69494e-10 3.19421e-10 5.91302e-10 1.07526e-09 1.92091e-09 3.37149e-09 5.81433e-09 9.85333e-09 1.64105e-08 2.68635e-08 4.32279e-08 6.83875e-08 1.06379e-07 1.62727e-07 2.44814e-07 3.62275e-07 5.27365e-07 7.55267e-07 1.06426e-06 1.47566e-06 2.0135e-06 2.70381e-06 3.57346e-06 4.64858e-06 5.95252e-06 7.50352e-06 9.31219e-06 1.13791e-05 1.36927e-05 1.62278e-05 1.89452e-05 2.1792e-05 2.47035e-05 2.76055e-05 3.04181e-05 3.30595e-05 3.54503e-05 3.75169e-05 3.91951e-05 4.04326e-05 4.11908e-05 4.14462e-05 4.11908e-05 4.04326e-05 3.91951e-05 3.75169e-05 3.54503e-05 3.30595e-05 3.04181e-05 2.76055e-05 2.47035e-05 2.1792e-05 1.89452e-05 1.62278e-05 1.36927e-05 1.13791e-05 9.31219e-06 7.50352e-06 5.95252e-06 4.64858e-06 3.57346e-06 2.70381e-06 2.0135e-06 1.47566e-06 1.06426e-06 7.55267e-07 5.27365e-07 3.62275e-07 2.44814e-07 1.62727e-07 1.06379e-07 6.83875e-08 4.32279e-08 2.68635e-08 1.64105e-08 9.85333e-09 5.81433e-09 3.37149e-09 1.92091e-09 1.07526e-09 5.91302e-10 3.19421e-10 1.69494e-10 8.83412e-11 4.52255e-11 2.27418e-11 1.12346e-11 5.45688e-12 2.61683e-12 1.26381e-12 6.70577e-13 
9.53133e-13 1.26381e-12 2.37249e-12 4.89411e-12 1.01695e-11 2.08631e-11 4.20824e-11 8.33858e-11 1.62285e-10 3.10202e-10 5.82376e-10 1.07391e-09 1.9452e-09 3.46113e-09 6.05015e-09 1.03908e-08 1.75353e-08 2.9081e-08 4.74014e-08 7.5948e-08 1.19631e-07 1.85282e-07 2.82192e-07 4.22705e-07 6.22827e-07 9.02798e-07 1.28753e-06 1.80681e-06 2.49519e-06 3.39133e-06 4.53678e-06 5.97412e-06 7.74431e-06 9.88348e-06 1.24192e-05 1.53666e-05 1.87244e-05 2.24723e-05 2.6568e-05 3.09473e-05 3.55247e-05 4.01963e-05 4.4844e-05 4.93408e-05 5.35578e-05 5.73698e-05 6.06612e-05 6.33317e-05 6.52997e-05 6.65049e-05 6.69107e-05 6.65049e-05 6.52997e-05 6.33317e-05 6.06612e-05 5.73698e-05 5.35578e-05 4.93408e-05 4.4844e-05 4.01963e-05 3.55247e-05 3.09473e-05 2.6568e-05 2.24723e-05 1.87244e-05 1.53666e-05 1.24192e-05 9.88348e-06 7.74431e-06 5.97412e-06 4.53678e-06 3.39133e-06 2.49519e-06 1.80681e-06 1.28753e-06 9.02798e-07 6.22827e-07 4.22705e-07 2.82192e-07 1.85282e-07 1.19631e-07 7.5948e-08 4.74014e-08 2.9081e-08 1.75353e-08 1.03908e-08 6.05015e-09 3.46113e-09 1.9452e-09 1.07391e-09 5.82376e-10 3.10202e-10 1.62285e-10 8.33858e-11 4.20824e-11 2.08631e-11 1.01695e-11 4.89411e-12 2.37249e-12 1.26381e-12 
1.97768e-12 2.61683e-12 4.89411e-12 1.00599e-11 2.08327e-11 4.25956e-11 8.56273e-11 1.69085e-10 3.27918e-10 6.24568e-10 1.1683e-09 2.14639e-09 3.87311e-09 6.865e-09 1.19532e-08 2.04472e-08 3.43667e-08 5.67606e-08 9.21339e-08 1.46999e-07 2.30568e-07 3.55578e-07 5.39248e-07 8.04311e-07 1.18006e-06 1.70331e-06 2.41907e-06 3.38081e-06 4.65013e-06 6.29544e-06 8.38976e-06 1.10072e-05 1.42183e-05 1.80844e-05 2.2651e-05 2.79413e-05 3.39493e-05 4.06353e-05 4.79218e-05 5.56928e-05 6.37963e-05 7.20486e-05 8.02426e-05 8.81569e-05 9.55672e-05 0.000102257 0.000108026 0.000112703 0.000116148 0.000118256 0.000118966 0.000118256 0.000116148 0.000112703 0.000108026 0.000102257 9.55672e-05 8.81569e-05 8.02426e-05 7.20486e-05 6.37963e-05 5.56928e-05 4.79218e-05 4.06353e-05 3.39493e-05 2.79413e-05 2.2651e-05 1.80844e-05 1.42183e-05 1.10072e-05 8.38976e-06 6.29544e-06 4.65013e-06 3.38081e-06 2.41907e-06 1.70331e-06 1.18006e-06 8.04311e-07 5.39248e-07 3.55578e-07 2.30568e-07 1.46999e-07 9.21339e-08 5.67606e-08 3.43667e-08 2.04472e-08 1.19532e-08 6.865e-09 3.87311e-09 2.14639e-09 1.1683e-09 6.24568e-10 3.27918e-10 1.69085e-10 8.56273e-11 4.25956e-11 2.08327e-11 1.00599e-11 4.89411e-12 2.61683e-12 
4.13225e-12 5.45688e-12 1.01695e-11 2.08327e-11 4.30029e-11 8.76457e-11 1.75622e-10 3.45662e-10 6.68138e-10 1.26826e-09 2.36421e-09 4.32825e-09 7.78229e-09 1.37437e-08 2.38414e-08 4.06293e-08 6.80257e-08 1.11915e-07 1.80943e-07 2.87541e-07 4.49189e-07 6.8992e-07 1.04203e-06 1.54789e-06 2.2618e-06 3.25151e-06 4.59939e-06 6.40266e-06 8.77249e-06 1.18316e-05 1.57097e-05 2.05377e-05 2.64384e-05 3.35171e-05 4.18499e-05 5.14716e-05 6.23652e-05 7.44531e-05 8.75909e-05 0.000101568 0.000116108 0.000130885 0.000145529 0.000159649 0.00017285 0.000184751 0.000195005 0.000203309 0.00020942 0.00021316 0.000214418 0.00021316 0.00020942 0.000203309 0.000195005 0.000184751 0.00017285 0.000159649 0.000145529 0.000130885 0.000116108 0.000101568 8.75909e-05 7.44531e-05 6.23652e-05 5.14716e-05 4.18499e-05 3.35171e-05 2.64384e-05 2.05377e-05 1.57097e-05 1.18316e-05 8.77249e-06 6.40266e-06 4.59939e-06 3.25151e-06 2.2618e-06 1.54789e-06 1.04203e-06 6.8992e-07 4.49189e-07 2.87541e-07 1.80943e-07 1.11915e-07 6.80257e-08 4.06293e-08 2.38414e-08 1.37437e-08 7.78229e-09 4.32825e-09 2.36421e-09 1.26826e-09 6.68138e-10 3.45662e-10 1.75622e-10 8.76457e-11 4.30029e-11 2.08327e-11 1.01695e-11 5.45688e-12 
8.52412e-12 1.12346e-11 2.08631e-11 4.25956e-11 8.76457e-11 1.7807e-10 3.55676e-10 6.97786e-10 1.34434e-09 2.54331e-09 4.72494e-09 8.62014e-09 1.54445e-08 2.71772e-08 4.69722e-08 7.97494e-08 1.33019e-07 2.17998e-07 3.51082e-07 5.55709e-07 8.6465e-07 1.3227e-06 1.98968e-06 2.94363e-06 4.28389e-06 6.13369e-06 8.6418e-06 1.19827e-05 1.63545e-05 2.19743e-05 2.90699e-05 3.78685e-05 4.85815e-05 6.13865e-05 7.64077e-05 9.36954e-05 0.000113208 0.000134795 0.000158195 0.000183025 0.000208797 0.000234931 0.00026078 0.000285661 0.000308886 0.000329797 0.000347794 0.000362356 0.000373065 0.000379614 0.000381818 0.000379614 0.000373065 0.000362356 0.000347794 0.000329797 0.000308886 0.000285661 0.00026078 0.000234931 0.000208797 0.000183025 0.000158195 0.000134795 0.000113208 9.36954e-05 7.64077e-05 6.13865e-05 4.85815e-05 3.78685e-05 2.90699e-05 2.19743e-05 1.63545e-05 1.19827e-05 8.6418e-06 6.13369e-06 4.28389e-06 2.94363e-06 1.98968e-06 1.3227e-06 8.6465e-07 5.55709e-07 3.51082e-07 2.17998e-07 1.33019e-07 7.97494e-08 4.69722e-08 2.71772e-08 1.54445e-08 8.62014e-09 4.72494e-09 2.54331e-09 1.34434e-09 6.97786e-10 3.55676e-10 1.7807e-10 8.76457e-11 4.25956e-11 2.08631e-11 1.12346e-11 
1.72892e-11 2.27418e-11 4.20824e-11 8.56273e-11 1.75622e-10 3.55676e-10 7.08146e-10 1.38476e-09 2.65903e-09 5.01361e-09 9.28235e-09 1.68756e-08 3.01282e-08 5.28238e-08 9.09627e-08 1.53857e-07 2.55648e-07 4.17345e-07 6.69484e-07 1.05547e-06 1.63563e-06 2.49194e-06 3.73319e-06 5.50044e-06 7.97203e-06 1.13678e-05 1.59513e-05 2.20296e-05 2.99487e-05 4.00846e-05 5.2829e-05 6.85682e-05 8.7657e-05 0.000110388 0.000136958 0.000167432 0.000201718 0.000239536 0.000280411 0.000323672 0.000368465 0.000413787 0.000458524 0.000501509 0.000541569 0.000577588 0.000608551 0.000633581 0.000651976 0.00066322 0.000667004 0.00066322 0.000651976 0.000633581 0.000608551 0.000577588 0.000541569 0.000501509 0.000458524 0.000413787 0.000368465 0.000323672 0.000280411 0.000239536 0.000201718 0.000167432 0.000136958 0.000110388 8.7657e-05 6.85682e-05 5.2829e-05 4.00846e-05 2.99487e-05 2.20296e-05 1.59513e-05 1.13678e-05 7.97203e-06 5.50044e-06 3.73319e-06 2.49194e-06 1.63563e-06 1.05547e-06 6.69484e-07 4.17345e-07 2.55648e-07 1.53857e-07 9.09627e-08 5.28238e-08 3.01282e-08 1.68756e-08 9.28235e-09 5.01361e-09 2.65903e-09 1.38476e-09 7.08146e-10 3.55676e-10 1.75622e-10 8.56273e-11 4.20824e-11 2.27418e-11 
3.4451e-11 4.52255e-11 8.33858e-11 1.69085e-10 3.45662e-10 6.97786e-10 1.38476e-09 2.69894e-09 5.16516e-09 9.70571e-09 1.79071e-08 3.24407e-08 5.77084e-08 1.00809e-07 1.72946e-07 2.91415e-07 4.82342e-07 7.84328e-07 1.25316e-06 1.96766e-06 3.03674e-06 4.60744e-06 6.87371e-06 1.00853e-05 1.45559e-05 2.06695e-05 2.88832e-05 3.97255e-05 5.37875e-05 7.17063e-05 9.41388e-05 0.000121726 0.000155049 0.000194575 0.000240604 0.00029321 0.000352196 0.000417055 0.000486949 0.00056072 0.00063691 0.00071382 0.000789579 0.000862231 0.000929829 0.00099052 0.00104263 0.00108471 0.00111561 0.0011345 0.00114085 0.0011345 0.00111561 0.00108471 0.00104263 0.00099052 0.000929829 0.000862231 0.000789579 0.00071382 0.00063691 0.00056072 0.000486949 0.000417055 0.000352196 0.00029321 0.000240604 0.000194575 0.000155049 0.000121726 9.41388e-05 7.17063e-05 5.37875e-05 3.97255e-05 2.88832e-05 2.06695e-05 1.45559e-05 1.00853e-05 6.87371e-06 4.60744e-06 3.03674e-06 1.96766e-06 1.25316e-06 7.84328e-07 4.82342e-07 2.91415e-07 1.72946e-07 1.00809e-07 5.77084e-08 3.24407e-08 1.79071e-08 9.70571e-09 5.16516e-09 2.69894e-09 1.38476e-09 6.97786e-10 3.45662e-10 1.69085e-10 8.33858e-11 4.52255e-11 
6.74314e-11 8.83412e-11 1.62285e-10 3.27918e-10 6.68138e-10 1.34434e-09 2.65903e-09 5.16516e-09 9.85129e-09 1.84472e-08 3.39154e-08 6.12211e-08 1.08508e-07 1.88845e-07 3.22751e-07 5.41739e-07 8.9315e-07 1.44654e-06 2.30182e-06 3.59935e-06 5.53182e-06 8.35769e-06 1.24156e-05 1.81387e-05 2.60672e-05 3.68573e-05 5.12846e-05 7.02387e-05 9.47061e-05 0.000125741 0.000164418 0.000211775 0.000268736 0.000336025 0.000414079 0.000502955 0.00060226 0.000711089 0.000828005 0.000951049 0.00107779 0.00120542 0.00133085 0.00145091 0.00156242 0.00166238 0.00174809 0.00181725 0.00186799 0.00189898 0.0019094 0.00189898 0.00186799 0.00181725 0.00174809 0.00166238 0.00156242 0.00145091 0.00133085 0.00120542 0.00107779 0.000951049 0.000828005 0.000711089 0.00060226 0.000502955 0.000414079 0.000336025 0.000268736 0.000211775 0.000164418 0.000125741 9.47061e-05 7.02387e-05 5.12846e-05 3.68573e-05 2.60672e-05 1.81387e-05 1.24156e-05 8.35769e-06 5.53182e-06 3.59935e-06 2.30182e-06 1.44654e-06 8.9315e-07 5.41739e-07 3.22751e-07 1.88845e-07 1.08508e-07 6.12211e-08 3.39154e-08 1.84472e-08 9.85129e-09 5.16516e-09 2.65903e-09 1.34434e-09 6.68138e-10 3.27918e-10 1.62285e-10 8.83412e-11 
1.29642e-10 1.69494e-10 3.10202e-10 6.24568e-10 1.26826e-09 2.54331e-09 5.01361e-09 9.70571e-09 1.84472e-08 3.44221e-08 6.30589e-08 1.13414e-07 2.00268e-07 3.47226e-07 5.91153e-07 9.88364e-07 1.62299e-06 2.6179e-06 4.14858e-06 6.45996e-06 9.8861e-06 1.48722e-05 2.19973e-05 3.19969e-05 4.57813e-05 6.44481e-05 8.9284e-05 0.000121752 0.000163461 0.000216112 0.000281423 0.000361025 0.000456347 0.000568474 0.000698008 0.000844929 0.00100848 0.0011871 0.00137837 0.00157905 0.00178518 0.00199222 0.00219523 0.00238912 0.00256888 0.00272977 0.00286753 0.00297857 0.00305997 0.00310966 0.00312636 0.00310966 0.00305997 0.00297857 0.00286753 0.00272977 0.00256888 0.00238912 0.00219523 0.00199222 0.00178518 0.00157905 0.00137837 0.0011871 0.00100848 0.000844929 0.000698008 0.000568474 0.000456347 0.000361025 0.000281423 0.000216112 0.000163461 0.000121752 8.9284e-05 6.44481e-05 4.57813e-05 3.19969e-05 2.19973e-05 1.48722e-05 9.8861e-06 6.45996e-06 4.14858e-06 2.6179e-06 1.62299e-06 9.88364e-07 5.91153e-07 3.47226e-07 2.00268e-07 1.13414e-07 6.30589e-08 3.44221e-08 1.84472e-08 9.70571e-09 5.01361e-09 2.54331e-09 1.26826e-09 6.24568e-10 3.10202e-10 1.69494e-10 
2.44829e-10 3.19421e-10 5.82376e-10 1.1683e-09 2.36421e-09 4.72494e-09 9.28235e-09 1.79071e-08 3.39154e-08 6.30589e-08 1.15099e-07 2.06242e-07 3.62814e-07 6.26633e-07 1.06267e-06 1.76963e-06 2.89412e-06 4.64899e-06 7.33633e-06 1.1375e-05 1.73327e-05 2.59603e-05 3.82278e-05 5.53575e-05 7.88509e-05 0.000110503 0.000152402 0.000206898 0.000276552 0.000364042 0.00047204 0.000603047 0.000759201 0.000942067 0.00115242 0.00139003 0.00165352 0.00194023 0.00224618 0.00256618 0.00289389 0.00322215 0.00354324 0.00384924 0.00413236 0.00438534 0.00460166 0.00477579 0.00490335 0.00498116 0.00500731 0.00498116 0.00490335 0.00477579 0.00460166 0.00438534 0.00413236 0.00384924 0.00354324 0.00322215 0.00289389 0.00256618 0.00224618 0.00194023 0.00165352 0.00139003 0.00115242 0.000942067 0.000759201 0.000603047 0.00047204 0.000364042 0.000276552 0.000206898 0.000152402 0.000110503 7.88509e-05 5.53575e-05 3.82278e-05 2.59603e-05 1.73327e-05 1.1375e-05 7.33633e-06 4.64899e-06 2.89412e-06 1.76963e-06 1.06267e-06 6.26633e-07 3.62814e-07 2.06242e-07 1.15099e-07 6.30589e-08 3.39154e-08 1.79071e-08 9.28235e-09 4.72494e-09 2.36421e-09 1.1683e-09 5.82376e-10 3.19421e-10 
4.54182e-10 5.91302e-10 1.07391e-09 2.14639e-09 4.32825e-09 8.62014e-09 1.68756e-08 3.24407e-08 6.12211e-08 1.13414e-07 2.06242e-07 3.68168e-07 6.45183e-07 1.10997e-06 1.87486e-06 3.1095e-06 5.06441e-06 8.10112e-06 1.27294e-05 1.96514e-05 2.98119e-05 4.44519e-05 6.51622e-05 9.39317e-05 0.000133183 0.000185788 0.000255055 0.000344676 0.000458627 0.000601022 0.000775902 0.00098699 0.00123739 0.00152925 0.00186348 0.00223941 0.00265458 0.0031046 0.00358311 0.00408188 0.0045911 0.00509972 0.00559593 0.00606771 0.00650333 0.00689187 0.00722361 0.00749033 0.00768553 0.00780453 0.00784451 0.00780453 0.00768553 0.00749033 0.00722361 0.00689187 0.00650333 0.00606771 0.00559593 0.00509972 0.0045911 0.00408188 0.00358311 0.0031046 0.00265458 0.00223941 0.00186348 0.00152925 0.00123739 0.00098699 0.000775902 0.000601022 0.000458627 0.000344676 0.000255055 0.000185788 0.000133183 9.39317e-05 6.51622e-05 4.44519e-05 2.98119e-05 1.96514e-05 1.27294e-05 8.10112e-06 5.06441e-06 3.1095e-06 1.87486e-06 1.10997e-06 6.45183e-07 3.68168e-07 2.06242e-07 1.13414e-07 6.12211e-08 3.24407e-08 1.68756e-08 8.62014e-09 4.32825e-09 2.14639e-09 1.07391e-09 5.91302e-10 
8.27692e-10 1.07526e-09 1.9452e-09 3.87311e-09 7.78229e-09 1.54445e-08 3.01282e-08 5.77084e-08 1.08508e-07 2.00268e-07 3.62814e-07 6.45183e-07 1.12622e-06 1.92985e-06 3.24653e-06 5.36227e-06 8.69686e-06 1.38523e-05 2.16717e-05 3.33087e-05 5.0304e-05 7.46664e-05 0.00010895 0.000156323 0.000220608 0.000306299 0.000418519 0.000562926 0.000745546 0.000972528 0.00124983 0.00158281 0.00197582 0.00243168 0.00295126 0.00353304 0.00417282 0.00486349 0.00559509 0.00635497 0.00712823 0.00789823 0.0086474 0.00935792 0.0100126 0.0105953 0.0110921 0.011491 0.0117827 0.0119604 0.0120201 0.0119604 0.0117827 0.011491 0.0110921 0.0105953 0.0100126 0.00935792 0.0086474 0.00789823 0.00712823 0.00635497 0.00559509 0.00486349 0.00417282 0.00353304 0.00295126 0.00243168 0.00197582 0.00158281 0.00124983 0.000972528 0.000745546 0.000562926 0.000418519 0.000306299 0.000220608 0.000156323 0.00010895 7.46664e-05 5.0304e-05 3.33087e-05 2.16717e-05 1.38523e-05 8.69686e-06 5.36227e-06 3.24653e-06 1.92985e-06 1.12622e-06 6.45183e-07 3.62814e-07 2.00268e-07 1.08508e-07 5.77084e-08 3.01282e-08 1.54445e-08 7.78229e-09 3.87311e-09 1.9452e-09 1.07526e-09 
1.48187e-09 1.92091e-09 3.46113e-09 6.865e-09 1.37437e-08 2.71772e-08 5.28238e-08 1.00809e-07 1.88845e-07 3.47226e-07 6.26633e-07 1.10997e-06 1.92985e-06 3.29356e-06 5.51786e-06 9.07564e-06 1.46567e-05 2.32436e-05 3.62037e-05 5.53939e-05 8.32762e-05 0.000123035 0.000178686 0.000255165 0.000358378 0.000495193 0.000673363 0.00090135 0.00118806 0.00154243 0.001973 0.00248724 0.003091 0.00378775 0.00457799 0.00545867 0.00642278 0.00745916 0.00855256 0.00968399 0.0108313 0.0119702 0.0130751 0.0141202 0.0150809 0.0159345 0.0166608 0.0172433 0.0176687 0.0179278 0.0180147 0.0179278 0.0176687 0.0172433 0.0166608 0.0159345 0.0150809 0.0141202 0.0130751 0.0119702 0.0108313 0.00968399 0.00855256 0.00745916 0.00642278 0.00545867 0.00457799 0.00378775 0.003091 0.00248724 0.001973 0.00154243 0.00118806 0.00090135 0.000673363 0.000495193 0.000358378 0.000255165 0.000178686 0.000123035 8.32762e-05 5.53939e-05 3.62037e-05 2.32436e-05 1.46567e-05 9.07564e-06 5.51786e-06 3.29356e-06 1.92985e-06 1.10997e-06 6.26633e-07 3.47226e-07 1.88845e-07 1.00809e-07 5.28238e-08 2.71772e-08 1.37437e-08 6.865e-09 3.46113e-09 1.92091e-09 
2.60666e-09 3.37149e-09 6.05015e-09 1.19532e-08 2.38414e-08 4.69722e-08 9.09627e-08 1.72946e-07 3.22751e-07 5.91153e-07 1.06267e-06 1.87486e-06 3.24653e-06 5.51786e-06 9.20561e-06 1.50766e-05 2.42423e-05 3.82753e-05 5.93488e-05 9.03925e-05 0.00013526 0.000198896 0.00028748 0.000408541 0.000570997 0.000785111 0.00106234 0.00141503 0.00185599 0.0023979 0.00305256 0.00383009 0.00473794 0.00578006 0.00695591 0.00825986 0.00968059 0.011201 0.0127983 0.0144446 0.0161079 0.0177535 0.0193449 0.0208462 0.0222228 0.0234433 0.0244801 0.0253103 0.025916 0.0262845 0.0264082 0.0262845 0.025916 0.0253103 0.0244801 0.0234433 0.0222228 0.0208462 0.0193449 0.0177535 0.0161079 0.0144446 0.0127983 0.011201 0.00968059 0.00825986 0.00695591 0.00578006 0.00473794 0.00383009 0.00305256 0.0023979 0.00185599 0.00141503 0.00106234 0.000785111 0.000570997 0.000408541 0.00028748 0.000198896 0.00013526 9.03925e-05 5.93488e-05 3.82753e-05 2.42423e-05 1.50766e-05 9.20561e-06 5.51786e-06 3.24653e-06 1.87486e-06 1.06267e-06 5.91153e-07 3.22751e-07 1.72946e-07 9.09627e-08 4.69722e-08 2.38414e-08 1.19532e-08 6.05015e-09 3.37149e-09 
4.50539e-09 5.81433e-09 1.03908e-08 2.04472e-08 4.06293e-08 7.97494e-08 1.53857e-07 2.91415e-07 5.41739e-07 9.88364e-07 1.76963e-06 3.1095e-06 5.36227e-06 9.07564e-06 1.50766e-05 2.45848e-05 3.93563e-05 6.18592e-05 9.54788e-05 0.000144745 0.000215568 0.000315465 0.00045375 0.000641654 0.000892348 0.00122082 0.00164359 0.00217823 0.00284268 0.00365438 0.00462918 0.00578016 0.0071164 0.0086417 0.0103535 0.0122418 0.0142891 0.0164697 0.0187504 0.0210912 0.0234472 0.0257696 0.0280083 0.0301141 0.03204 0.0337436 0.0351881 0.036343 0.0371846 0.0376962 0.0378678 0.0376962 0.0371846 0.036343 0.0351881 0.0337436 0.03204 0.0301141 0.0280083 0.0257696 0.0234472 0.0210912 0.0187504 0.0164697 0.0142891 0.0122418 0.0103535 0.0086417 0.0071164 0.00578016 0.00462918 0.00365438 0.00284268 0.00217823 0.00164359 0.00122082 0.000892348 0.000641654 0.00045375 0.000315465 0.000215568 0.000144745 9.54788e-05 6.18592e-05 3.93563e-05 2.45848e-05 1.50766e-05 9.07564e-06 5.36227e-06 3.1095e-06 1.76963e-06 9.88364e-07 5.41739e-07 2.91415e-07 1.53857e-07 7.97494e-08 4.06293e-08 2.04472e-08 1.03908e-08 5.81433e-09 
7.6524e-09 9.85333e-09 1.75353e-08 3.43667e-08 6.80257e-08 1.33019e-07 2.55648e-07 4.82342e-07 8.9315e-07 1.62299e-06 2.89412e-06 5.06441e-06 8.69686e-06 1.46567e-05 2.42423e-05 3.93563e-05 6.27199e-05 9.81309e-05 0.000150759 0.000227468 0.000337138 0.000490964 0.000702683 0.000988693 0.00136801 0.00186201 0.00249395 0.00328819 0.00426919 0.00546018 0.00688171 0.00854999 0.0104752 0.0126601 0.0150982 0.0177731 0.0206581 0.0237155 0.0268983 0.0301507 0.0334107 0.0366121 0.0396876 0.0425714 0.0452017 0.0475228 0.0494869 0.0510546 0.0521957 0.0528888 0.0531212 0.0528888 0.0521957 0.0510546 0.0494869 0.0475228 0.0452017 0.0425714 0.0396876 0.0366121 0.0334107 0.0301507 0.0268983 0.0237155 0.0206581 0.0177731 0.0150982 0.0126601 0.0104752 0.00854999 0.00688171 0.00546018 0.00426919 0.00328819 0.00249395 0.00186201 0.00136801 0.000988693 0.000702683 0.000490964 0.000337138 0.000227468 0.000150759 9.81309e-05 6.27199e-05 3.93563e-05 2.42423e-05 1.46567e-05 8.69686e-06 5.06441e-06 2.89412e-06 1.62299e-06 8.9315e-07 4.82342e-07 2.55648e-07 1.33019e-07 6.80257e-08 3.43667e-08 1.75353e-08 9.85333e-09 
1.2774e-08 1.64105e-08 2.9081e-08 5.67606e-08 1.11915e-07 2.17998e-07 4.17345e-07 7.84328e-07 1.44654e-06 2.6179e-06 4.64899e-06 8.10112e-06 1.38523e-05 2.32436e-05 3.82753e-05 6.18592e-05 9.81309e-05 0.00015282 0.000233668 0.000350866 0.000517487 0.000749858 0.00106781 0.00149477 0.00205757 0.002786 0.00371199 0.00486842 0.00628766 0.0079997 0.0100301 0.012398 0.0151136 0.0181766 0.0215744 0.0252809 0.0292565 0.0334477 0.0377891 0.0422048 0.0466116 0.0509219 0.0550476 0.0589034 0.0624099 0.0654965 0.0681027 0.0701794 0.0716889 0.0726049 0.072912 0.0726049 0.0716889 0.0701794 0.0681027 0.0654965 0.0624099 0.0589034 0.0550476 0.0509219 0.0466116 0.0422048 0.0377891 0.0334477 0.0292565 0.0252809 0.0215744 0.0181766 0.0151136 0.012398 0.0100301 0.0079997 0.00628766 0.00486842 0.00371199 0.002786 0.00205757 0.00149477 0.00106781 0.000749858 0.000517487 0.000350866 0.000233668 0.00015282 9.81309e-05 6.18592e-05 3.82753e-05 2.32436e-05 1.38523e-05 8.10112e-06 4.64899e-06 2.6179e-06 1.44654e-06 7.84328e-07 4.17345e-07 2.17998e-07 1.11915e-07 5.67606e-08 2.9081e-08 1.64105e-08 
2.09587e-08 2.68635e-08 4.74014e-08 9.21339e-08 1.80943e-07 3.51082e-07 6.69484e-07 1.25316e-06 2.30182e-06 4.14858e-06 7.33633e-06 1.27294e-05 2.16717e-05 3.62037e-05 5.93488e-05 9.54788e-05 0.000150759 0.000233668 0.000355567 0.000531292 0.000779698 0.00112411 0.00159255 0.00221774 0.00303672 0.00408999 0.00542028 0.0070708 0.0090831 0.0114945 0.0143355 0.017627 0.0213773 0.0255805 0.0302143 0.0352387 0.0405966 0.046214 0.0520022 0.0578606 0.0636802 0.0693483 0.0747526 0.0797857 0.0843486 0.0883543 0.0917288 0.0944127 0.0963609 0.0975421 0.0979378 0.0975421 0.0963609 0.0944127 0.0917288 0.0883543 0.0843486 0.0797857 0.0747526 0.0693483 0.0636802 0.0578606 0.0520022 0.046214 0.0405966 0.0352387 0.0302143 0.0255805 0.0213773 0.017627 0.0143355 0.0114945 0.0090831 0.0070708 0.00542028 0.00408999 0.00303672 0.00221774 0.00159255 0.00112411 0.000779698 0.000531292 0.000355567 0.000233668 0.000150759 9.54788e-05 5.93488e-05 3.62037e-05 2.16717e-05 1.27294e-05 7.33633e-06 4.14858e-06 2.30182e-06 1.25316e-06 6.69484e-07 3.51082e-07 1.80943e-07 9.21339e-08 4.74014e-08 2.68635e-08 
3.38039e-08 4.32279e-08 7.5948e-08 1.46999e-07 2.87541e-07 5.55709e-07 1.05547e-06 1.96766e-06 3.59935e-06 6.45996e-06 1.1375e-05 1.96514e-05 3.33087e-05 5.53939e-05 9.03925e-05 0.000144745 0.000227468 0.000350866 0.000531292 0.000789912 0.00115338 0.0016543 0.00233148 0.00322962 0.00439864 0.00589232 0.00776638 0.010076 0.0128727 0.0162013 0.0200961 0.0245776 0.0296496 0.0352963 0.0414809 0.0481447 0.0552076 0.0625695 0.0701132 0.0777086 0.085217 0.0924971 0.0994098 0.105824 0.111619 0.116692 0.120956 0.12434 0.126793 0.128278 0.128776 0.128278 0.126793 0.12434 0.120956 0.116692 0.111619 0.105824 0.0994098 0.0924971 0.085217 0.0777086 0.0701132 0.0625695 0.0552076 0.0481447 0.0414809 0.0352963 0.0296496 0.0245776 0.0200961 0.0162013 0.0128727 0.010076 0.00776638 0.00589232 0.00439864 0.00322962 0.00233148 0.0016543 0.00115338 0.000789912 0.000531292 0.000350866 0.000227468 0.000144745 9.03925e-05 5.53939e-05 3.33087e-05 1.96514e-05 1.1375e-05 6.45996e-06 3.59935e-06 1.96766e-06 1.05547e-06 5.55709e-07 2.87541e-07 1.46999e-07 7.5948e-08 4.32279e-08 
5.36024e-08 6.83875e-08 1.19631e-07 2.30568e-07 4.49189e-07 8.6465e-07 1.63563e-06 3.03674e-06 5.53182e-06 9.8861e-06 1.73327e-05 2.98119e-05 5.0304e-05 8.32762e-05 0.00013526 0.000215568 0.000337138 0.000517487 0.000779698 0.00115338 0.00167543 0.00239055 0.00335127 0.00461736 0.00625454 0.00833248 0.0109219 0.0140911 0.017902 0.0224056 0.0276381 0.0336162 0.0403346 0.0477624 0.0558426 0.0644913 0.0735992 0.0830345 0.0926463 0.102271 0.111736 0.120869 0.129503 0.137483 0.144668 0.150938 0.156193 0.160357 0.163369 0.165192 0.165802 0.165192 0.163369 0.160357 0.156193 0.150938 0.144668 0.137483 0.129503 0.120869 0.111736 0.102271 0.0926463 0.0830345 0.0735992 0.0644913 0.0558426 0.0477624 0.0403346 0.0336162 0.0276381 0.0224056 0.017902 0.0140911 0.0109219 0.00833248 0.00625454 0.00461736 0.00335127 0.00239055 0.00167543 0.00115338 0.000779698 0.000517487 0.000337138 0.000215568 0.00013526 8.32762e-05 5.0304e-05 2.98119e-05 1.73327e-05 9.8861e-06 5.53182e-06 3.03674e-06 1.63563e-06 8.6465e-07 4.49189e-07 2.30568e-07 1.19631e-07 6.83875e-08 
8.35734e-08 1.06379e-07 1.85282e-07 3.55578e-07 6.8992e-07 1.3227e-06 2.49194e-06 4.60744e-06 8.35769e-06 1.48722e-05 2.59603e-05 4.44519e-05 7.46664e-05 0.000123035 0.000198896 0.000315465 0.000490964 0.000749858 0.00112411 0.0016543 0.00239055 0.00339285 0.0047308 0.00648255 0.00873265 0.0115691 0.0150791 0.0193446 0.0244369 0.0304113 0.0373017 0.0451165 0.0538348 0.0634042 0.0737401 0.0847265 0.0962184 0.108046 0.120021 0.131942 0.143601 0.154794 0.165326 0.175019 0.183713 0.191276 0.197597 0.202594 0.206203 0.208384 0.209114 0.208384 0.206203 0.202594 0.197597 0.191276 0.183713 0.175019 0.165326 0.154794 0.143601 0.131942 0.120021 0.108046 0.0962184 0.0847265 0.0737401 0.0634042 0.0538348 0.0451165 0.0373017 0.0304113 0.0244369 0.0193446 0.0150791 0.0115691 0.00873265 0.00648255 0.0047308 0.00339285 0.00239055 0.0016543 0.00112411 0.000749858 0.000490964 0.000315465 0.000198896 0.000123035 7.46664e-05 4.44519e-05 2.59603e-05 1.48722e-05 8.35769e-06 4.60744e-06 2.49194e-06 1.3227e-06 6.8992e-07 3.55578e-07 1.85282e-07 1.06379e-07 
1.28135e-07 1.62727e-07 2.82192e-07 5.39248e-07 1.04203e-06 1.98968e-06 3.73319e-06 6.87371e-06 1.24156e-05 2.19973e-05 3.82278e-05 6.51622e-05 0.00010895 0.000178686 0.00028748 0.00045375 0.000702683 0.00106781 0.00159255 0.00233148 0.00335127 0.0047308 0.0065604 0.00893993 0.0119756 0.0157756 0.0204446 0.0260774 0.0327524 0.0405249 0.0494216 0.0594353 0.0705221 0.0825997 0.0955479 0.109211 0.123402 0.137907 0.152498 0.166932 0.180968 0.194369 0.206918 0.218413 0.228684 0.237586 0.245006 0.250855 0.255074 0.25762 0.258471 0.25762 0.255074 0.250855 0.245006 0.237586 0.228684 0.218413 0.206918 0.194369 0.180968 0.166932 0.152498 0.137907 0.123402 0.109211 0.0955479 0.0825997 0.0705221 0.0594353 0.0494216 0.0405249 0.0327524 0.0260774 0.0204446 0.0157756 0.0119756 0.00893993 0.0065604 0.0047308 0.00335127 0.00233148 0.00159255 0.00106781 0.000702683 0.00045375 0.00028748 0.000178686 0.00010895 6.51622e-05 3.82278e-05 2.19973e-05 1.24156e-05 6.87371e-06 3.73319e-06 1.98968e-06 1.04203e-06 5.39248e-07 2.82192e-07 1.62727e-07 
1.93214e-07 2.44814e-07 4.22705e-07 8.04311e-07 1.54789e-06 2.94363e-06 5.50044e-06 1.00853e-05 1.81387e-05 3.19969e-05 5.53575e-05 9.39317e-05 0.000156323 0.000255165 0.000408541 0.000641654 0.000988693 0.00149477 0.00221774 0.00322962 0.00461736 0.00648255 0.00893993 0.0121143 0.0161358 0.0211341 0.0272306 0.0345309 0.0431164 0.0530366 0.0643032 0.0768849 0.0907055 0.105643 0.121534 0.138174 0.155328 0.172738 0.190128 0.207219 0.223735 0.239415 0.254019 0.267333 0.279178 0.289406 0.297903 0.304586 0.309395 0.312294 0.313262 0.312294 0.309395 0.304586 0.297903 0.289406 0.279178 0.267333 0.254019 0.239415 0.223735 0.207219 0.190128 0.172738 0.155328 0.138174 0.121534 0.105643 0.0907055 0.0768849 0.0643032 0.0530366 0.0431164 0.0345309 0.0272306 0.0211341 0.0161358 0.0121143 0.00893993 0.00648255 0.00461736 0.00322962 0.00221774 0.00149477 0.000988693 0.000641654 0.000408541 0.000255165 0.000156323 9.39317e-05 5.53575e-05 3.19969e-05 1.81387e-05 1.00853e-05 5.50044e-06 2.94363e-06 1.54789e-06 8.04311e-07 4.22705e-07 2.44814e-07 
2.86563e-07 3.62275e-07 6.22827e-07 1.18006e-06 2.2618e-06 4.28389e-06 7.97203e-06 1.45559e-05 2.60672e-05 4.57813e-05 7.88509e-05 0.000133183 0.000220608 0.000358378 0.000570997 0.000892348 0.00136801 0.00205757 0.00303672 0.00439864 0.00625454 0.00873265 0.0119756 0.0161358 0.021369 0.027826 0.035643 0.0449323 0.055772 0.0681979 0.082197 0.0977035 0.114598 0.13271 0.151821 0.171675 0.191982 0.212435 0.232717 0.252511 0.271515 0.289446 0.306051 0.321113 0.334451 0.345921 0.355419 0.362867 0.368216 0.371436 0.372511 0.371436 0.368216 0.362867 0.355419 0.345921 0.334451 0.321113 0.306051 0.289446 0.271515 0.252511 0.232717 0.212435 0.191982 0.171675 0.151821 0.13271 0.114598 0.0977035 0.082197 0.0681979 0.055772 0.0449323 0.035643 0.027826 0.021369 0.0161358 0.0119756 0.00873265 0.00625454 0.00439864 0.00303672 0.00205757 0.00136801 0.000892348 0.000570997 0.000358378 0.000220608 0.000133183 7.88509e-05 4.57813e-05 2.60672e-05 1.45559e-05 7.97203e-06 4.28389e-06 2.2618e-06 1.18006e-06 6.22827e-07 3.62275e-07 
4.18081e-07 5.27365e-07 9.02798e-07 1.70331e-06 3.25151e-06 6.13369e-06 1.13678e-05 2.06695e-05 3.68573e-05 6.44481e-05 0.000110503 0.000185788 0.000306299 0.000495193 0.000785111 0.00122082 0.00186201 0.002786 0.00408999 0.00589232 0.00833248 0.0115691 0.0157756 0.0211341 0.027826 0.0360215 0.045868 0.0574778 0.0709174 0.0861987 0.103273 0.122027 0.142288 0.163825 0.18636 0.209574 0.233125 0.256656 0.27981 0.302242 0.323627 0.343674 0.362126 0.378771 0.393439 0.405999 0.41636 0.424461 0.430266 0.433755 0.434919 0.433755 0.430266 0.424461 0.41636 0.405999 0.393439 0.378771 0.362126 0.343674 0.323627 0.302242 0.27981 0.256656 0.233125 0.209574 0.18636 0.163825 0.142288 0.122027 0.103273 0.0861987 0.0709174 0.0574778 0.045868 0.0360215 0.027826 0.0211341 0.0157756 0.0115691 0.00833248 0.00589232 0.00408999 0.002786 0.00186201 0.00122082 0.000785111 0.000495193 0.000306299 0.000185788 0.000110503 6.44481e-05 3.68573e-05 2.06695e-05 1.13678e-05 6.13369e-06 3.25151e-06 1.70331e-06 9.02798e-07 5.27365e-07 
6.00065e-07 7.55267e-07 1.28753e-06 2.41907e-06 4.59939e-06 8.6418e-06 1.59513e-05 2.88832e-05 5.12846e-05 8.9284e-05 0.000152402 0.000255055 0.000418519 0.000673363 0.00106234 0.00164359 0.00249395 0.00371199 0.00542028 0.00776638 0.0109219 0.0150791 0.0204446 0.0272306 0.035643 0.045868 0.0580574 0.0723156 0.0886866 0.107146 0.127596 0.149865 0.173714 0.198843 0.224905 0.25152 0.27829 0.304812 0.330698 0.35558 0.379127 0.401045 0.421091 0.439066 0.454822 0.468252 0.479287 0.487887 0.494035 0.497724 0.498953 0.497724 0.494035 0.487887 0.479287 0.468252 0.454822 0.439066 0.421091 0.401045 0.379127 0.35558 0.330698 0.304812 0.27829 0.25152 0.224905 0.198843 0.173714 0.149865 0.127596 0.107146 0.0886866 0.0723156 0.0580574 0.045868 0.035643 0.0272306 0.0204446 0.0150791 0.0109219 0.00776638 0.00542028 0.00371199 0.00249395 0.00164359 0.00106234 0.000673363 0.000418519 0.000255055 0.000152402 8.9284e-05 5.12846e-05 2.88832e-05 1.59513e-05 8.6418e-06 4.59939e-06 2.41907e-06 1.28753e-06 7.55267e-07 
8.47369e-07 1.06426e-06 1.80681e-06 3.38081e-06 6.40266e-06 1.19827e-05 2.20296e-05 3.97255e-05 7.02387e-05 0.000121752 0.000206898 0.000344676 0.000562926 0.00090135 0.00141503 0.00217823 0.00328819 0.00486842 0.0070708 0.010076 0.0140911 0.0193446 0.0260774 0.0345309 0.0449323 0.0574778 0.0723156 0.0895308 0.109133 0.131047 0.155113 0.181088 0.208655 0.23744 0.267021 0.296956 0.326794 0.356096 0.38445 0.411479 0.436856 0.460303 0.481598 0.500574 0.517113 0.531139 0.542615 0.551528 0.557883 0.561689 0.562956 0.561689 0.557883 0.551528 0.542615 0.531139 0.517113 0.500574 0.481598 0.460303 0.436856 0.411479 0.38445 0.356096 0.326794 0.296956 0.267021 0.23744 0.208655 0.181088 0.155113 0.131047 0.109133 0.0895308 0.0723156 0.0574778 0.0449323 0.0345309 0.0260774 0.0193446 0.0140911 0.010076 0.0070708 0.00486842 0.00328819 0.00217823 0.00141503 0.00090135 0.000562926 0.000344676 0.000206898 0.000121752 7.02387e-05 3.97255e-05 2.20296e-05 1.19827e-05 6.40266e-06 3.38081e-06 1.80681e-06 1.06426e-06 
1.17738e-06 1.47566e-06 2.49519e-06 4.65013e-06 8.77249e-06 1.63545e-05 2.99487e-05 5.37875e-05 9.47061e-05 0.000163461 0.000276552 0.000458627 0.000745546 0.00118806 0.00185599 0.00284268 0.00426919 0.00628766 0.0090831 0.0128727 0.017902 0.0244369 0.0327524 0.0431164 0.055772 0.0709174 0.0886866 0.109133 0.132216 0.157798 0.185641 0.215419 0.246731 0.279119 0.312089 0.345138 0.377772 0.409523 0.439968 0.468737 0.495521 0.520072 0.542207 0.561796 0.578765 0.593078 0.604736 0.613756 0.620168 0.624001 0.625277 0.624001 0.620168 0.613756 0.604736 0.593078 0.578765 0.561796 0.542207 0.520072 0.495521 0.468737 0.439968 0.409523 0.377772 0.345138 0.312089 0.279119 0.246731 0.215419 0.185641 0.157798 0.132216 0.109133 0.0886866 0.0709174 0.055772 0.0431164 0.0327524 0.0244369 0.017902 0.0128727 0.0090831 0.00628766 0.00426919 0.00284268 0.00185599 0.00118806 0.000745546 0.000458627 0.000276552 0.000163461 9.47061e-05 5.37875e-05 2.99487e-05 1.63545e-05 8.77249e-06 4.65013e-06 2.49519e-06 1.47566e-06 
1.60975e-06 2.0135e-06 3.39133e-06 6.29544e-06 1.18316e-05 2.19743e-05 4.00846e-05 7.17063e-05 0.000125741 0.000216112 0.000364042 0.000601022 0.000972528 0.00154243 0.0023979 0.00365438 0.00546018 0.0079997 0.0114945 0.0162013 0.0224056 0.0304113 0.0405249 0.0530366 0.0681979 0.0861987 0.107146 0.131047 0.157798 0.18718 0.21887 0.252446 0.287415 0.323236 0.359346 0.395186 0.430229 0.463994 0.496061 0.526083 0.553784 0.578962 0.601482 0.621267 0.638292 0.652571 0.664141 0.673058 0.679376 0.683146 0.684398 0.683146 0.679376 0.673058 0.664141 0.652571 0.638292 0.621267 0.601482 0.578962 0.553784 0.526083 0.496061 0.463994 0.430229 0.395186 0.359346 0.323236 0.287415 0.252446 0.21887 0.18718 0.157798 0.131047 0.107146 0.0861987 0.0681979 0.0530366 0.0405249 0.0304113 0.0224056 0.0162013 0.0114945 0.0079997 0.00546018 0.00365438 0.0023979 0.00154243 0.000972528 0.000601022 0.000364042 0.000216112 0.000125741 7.17063e-05 4.00846e-05 2.19743e-05 1.18316e-05 6.29544e-06 3.39133e-06 2.0135e-06 
2.16585e-06 2.70381e-06 4.53678e-06 8.38976e-06 1.57097e-05 2.90699e-05 5.2829e-05 9.41388e-05 0.000164418 0.000281423 0.00047204 0.000775902 0.00124983 0.001973 0.00305256 0.00462918 0.00688171 0.0100301 0.0143355 0.0200961 0.0276381 0.0373017 0.0494216 0.0643032 0.082197 0.103273 0.127596 0.155113 0.185641 0.21887 0.254374 0.291634 0.330062 0.369034 0.407924 0.44613 0.483105 0.518369 0.551525 0.582263 0.610356 0.635661 0.658102 0.677664 0.694377 0.708306 0.719532 0.728144 0.734227 0.737847 0.739049 0.737847 0.734227 0.728144 0.719532 0.708306 0.694377 0.677664 0.658102 0.635661 0.610356 0.582263 0.551525 0.518369 0.483105 0.44613 0.407924 0.369034 0.330062 0.291634 0.254374 0.21887 0.185641 0.155113 0.127596 0.103273 0.082197 0.0643032 0.0494216 0.0373017 0.0276381 0.0200961 0.0143355 0.0100301 0.00688171 0.00462918 0.00305256 0.001973 0.00124983 0.000775902 0.00047204 0.000281423 0.000164418 9.41388e-05 5.2829e-05 2.90699e-05 1.57097e-05 8.38976e-06 4.53678e-06 2.70381e-06 
2.86783e-06 3.57346e-06 5.97412e-06 1.10072e-05 2.05377e-05 3.78685e-05 6.85682e-05 0.000121726 0.000211775 0.000361025 0.000603047 0.00098699 0.00158281 0.00248724 0.00383009 0.00578016 0.00854999 0.012398 0.017627 0.0245776 0.0336162 0.0451165 0.0594353 0.0768849 0.0977035 0.122027 0.149865 0.181088 0.215419 0.252446 0.291634 0.33236 0.373944 0.415685 0.456906 0.496975 0.535341 0.571544 0.605224 0.636125 0.664085 0.689028 0.710947 0.729892 0.745954 0.759248 0.7699 0.778033 0.783756 0.787153 0.788279 0.787153 0.783756 0.778033 0.7699 0.759248 0.745954 0.729892 0.710947 0.689028 0.664085 0.636125 0.605224 0.571544 0.535341 0.496975 0.456906 0.415685 0.373944 0.33236 0.291634 0.252446 0.215419 0.181088 0.149865 0.122027 0.0977035 0.0768849 0.0594353 0.0451165 0.0336162 0.0245776 0.017627 0.012398 0.00854999 0.00578016 0.00383009 0.00248724 0.00158281 0.00098699 0.000603047 0.000361025 0.000211775 0.000121726 6.85682e-05 3.78685e-05 2.05377e-05 1.10072e-05 5.97412e-06 3.57346e-06 
3.73734e-06 4.64858e-06 7.74431e-06 1.42183e-05 2.64384e-05 4.85815e-05 8.7657e-05 0.000155049 0.000268736 0.000456347 0.000759201 0.00123739 0.00197582 0.003091 0.00473794 0.0071164 0.0104752 0.0151136 0.0213773 0.0296496 0.0403346 0.0538348 0.0705221 0.0907055 0.114598 0.142288 0.173714 0.208655 0.246731 0.287415 0.330062 0.373944 0.418293 0.462345 0.505383 0.546764 0.585949 0.622516 0.65616 0.686691 0.714023 0.738156 0.759156 0.777143 0.792266 0.80469 0.814581 0.822092 0.827357 0.830473 0.831505 0.830473 0.827357 0.822092 0.814581 0.80469 0.792266 0.777143 0.759156 0.738156 0.714023 0.686691 0.65616 0.622516 0.585949 0.546764 0.505383 0.462345 0.418293 0.373944 0.330062 0.287415 0.246731 0.208655 0.173714 0.142288 0.114598 0.0907055 0.0705221 0.0538348 0.0403346 0.0296496 0.0213773 0.0151136 0.0104752 0.0071164 0.00473794 0.003091 0.00197582 0.00123739 0.000759201 0.000456347 0.000268736 0.000155049 8.7657e-05 4.85815e-05 2.64384e-05 1.42183e-05 7.74431e-06 4.64858e-06 
4.79384e-06 5.95252e-06 9.88348e-06 1.80844e-05 3.35171e-05 6.13865e-05 0.000110388 0.000194575 0.000336025 0.000568474 0.000942067 0.00152925 0.00243168 0.00378775 0.00578006 0.0086417 0.0126601 0.0181766 0.0255805 0.0352963 0.0477624 0.0634042 0.0825997 0.105643 0.13271 0.163825 0.198843 0.23744 0.279119 0.323236 0.369034 0.415685 0.462345 0.5082 0.552506 0.594631 0.634066 0.670442 0.703524 0.733203 0.759473 0.782414 0.80217 0.818926 0.832886 0.844262 0.853256 0.860047 0.864784 0.867581 0.868505 0.867581 0.864784 0.860047 0.853256 0.844262 0.832886 0.818926 0.80217 0.782414 0.759473 0.733203 0.703524 0.670442 0.634066 0.594631 0.552506 0.5082 0.462345 0.415685 0.369034 0.323236 0.279119 0.23744 0.198843 0.163825 0.13271 0.105643 0.0825997 0.0634042 0.0477624 0.0352963 0.0255805 0.0181766 0.0126601 0.0086417 0.00578006 0.00378775 0.00243168 0.00152925 0.000942067 0.000568474 0.000336025 0.000194575 0.000110388 6.13865e-05 3.35171e-05 1.80844e-05 9.88348e-06 5.95252e-06 
6.05269e-06 7.50352e-06 1.24192e-05 2.2651e-05 4.18499e-05 7.64077e-05 0.000136958 0.000240604 0.000414079 0.000698008 0.00115242 0.00186348 0.00295126 0.00457799 0.00695591 0.0103535 0.0150982 0.0215744 0.0302143 0.0414809 0.0558426 0.0737401 0.0955479 0.121534 0.151821 0.18636 0.224905 0.267021 0.312089 0.359346 0.407924 0.456906 0.505383 0.552506 0.59753 0.639845 0.678993 0.714674 0.746735 0.775151 0.800004 0.821457 0.839725 0.855055 0.867703 0.877919 0.885934 0.891947 0.896122 0.898577 0.899388 0.898577 0.896122 0.891947 0.885934 0.877919 0.867703 0.855055 0.839725 0.821457 0.800004 0.775151 0.746735 0.714674 0.678993 0.639845 0.59753 0.552506 0.505383 0.456906 0.407924 0.359346 0.312089 0.267021 0.224905 0.18636 0.151821 0.121534 0.0955479 0.0737401 0.0558426 0.0414809 0.0302143 0.0215744 0.0150982 0.0103535 0.00695591 0.00457799 0.00295126 0.00186348 0.00115242 0.000698008 0.000414079 0.000240604 0.000136958 7.64077e-05 4.18499e-05 2.2651e-05 1.24192e-05 7.50352e-06 
7.52308e-06 9.31219e-06 1.53666e-05 2.79413e-05 5.14716e-05 9.36954e-05 0.000167432 0.00029321 0.000502955 0.000844929 0.00139003 0.00223941 0.00353304 0.00545867 0.00825986 0.0122418 0.0177731 0.0252809 0.0352387 0.0481447 0.0644913 0.0847265 0.109211 0.138174 0.171675 0.209574 0.25152 0.296956 0.345138 0.395186 0.44613 0.496975 0.546764 0.594631 0.639845 0.68184 0.720225 0.754779 0.78544 0.812273 0.835449 0.855207 0.871832 0.885624 0.896883 0.905891 0.912897 0.918117 0.921721 0.923834 0.924529 0.923834 0.921721 0.918117 0.912897 0.905891 0.896883 0.885624 0.871832 0.855207 0.835449 0.812273 0.78544 0.754779 0.720225 0.68184 0.639845 0.594631 0.546764 0.496975 0.44613 0.395186 0.345138 0.296956 0.25152 0.209574 0.171675 0.138174 0.109211 0.0847265 0.0644913 0.0481447 0.0352387 0.0252809 0.0177731 0.0122418 0.00825986 0.00545867 0.00353304 0.00223941 0.00139003 0.000844929 0.000502955 0.00029321 0.000167432 9.36954e-05 5.14716e-05 2.79413e-05 1.53666e-05 9.31219e-06 
