6.14533e-06 6.46939e-06 7.46508e-06 9.20365e-06 1.18065e-05 1.54488e-05 2.03648e-05 2.68541e-05 3.52884e-05 4.61197e-05 5.98874e-05 7.7226e-05 9.88713e-05 0.000125665 0.000158556 0.000198603 0.000246963 0.000304889 0.000373712 0.000454819 0.000549631 0.000659565 0.000786001 0.000930235 0.00109343 0.00127657 0.0014804 0.00170538 0.00195161 0.00221884 0.00250635 0.002813 0.00313713 0.00347662 0.00382887 0.00419078 0.00455885 0.0049292 0.00529761 0.00565963 0.00601067 0.00634605 0.00666113 0.00695144 0.0072127 0.00744101 0.00763288 0.00778534 0.007896 0.00796311 0.0079856 0.00796311 0.007896 0.00778534 0.00763288 0.00744101 0.0072127 0.00695144 0.00666113 0.00634605 0.00601067 0.00565963 0.00529761 0.0049292 0.00455885 0.00419078 0.00382887 0.00347662 0.00313713 0.002813 0.00250635 0.00221884 0.00195161 0.00170538 0.0014804 0.00127657 0.00109343 0.000930235 0.000786001 0.000659565 0.000549631 0.000454819 0.000373712 0.000304889 0.000246963 0.000198603 0.000158556 0.000125665 9.88713e-05 7.7226e-05 5.98874e-05 4.61197e-05 3.52884e-05 2.68541e-05 2.03648e-05 1.54488e-05 1.18065e-05 9.20365e-06 7.46508e-06 6.46939e-06 
6.46939e-06 6.80969e-06 7.85517e-06 9.68036e-06 1.24122e-05 1.62339e-05 2.13903e-05 2.81942e-05 3.70341e-05 4.83813e-05 6.27987e-05 8.09477e-05 0.000103595 0.000131616 0.000165999 0.000207843 0.000258352 0.000318825 0.000390643 0.000475242 0.000574093 0.000688662 0.000820372 0.00097056 0.00114042 0.00133097 0.00154295 0.00177684 0.00203273 0.00231033 0.00260889 0.00292722 0.00326358 0.00361577 0.00398107 0.00435628 0.00473778 0.00512152 0.00550317 0.00587811 0.0062416 0.00658879 0.00691493 0.00721536 0.0074857 0.00772191 0.00792041 0.00807811 0.00819257 0.00826198 0.00828524 0.00826198 0.00819257 0.00807811 0.00792041 0.00772191 0.0074857 0.00721536 0.00691493 0.00658879 0.0062416 0.00587811 0.00550317 0.00512152 0.00473778 0.00435628 0.00398107 0.00361577 0.00326358 0.00292722 0.00260889 0.00231033 0.00203273 0.00177684 0.00154295 0.00133097 0.00114042 0.00097056 0.000820372 0.000688662 0.000574093 0.000475242 0.000390643 0.000318825 0.000258352 0.000207843 0.000165999 0.000131616 0.000103595 8.09477e-05 6.27987e-05 4.83813e-05 3.70341e-05 2.81942e-05 2.13903e-05 1.62339e-05 1.24122e-05 9.68036e-06 7.85517e-06 6.80969e-06 
7.46508e-06 7.85517e-06 9.05331e-06 1.11441e-05 1.42714e-05 1.8643e-05 2.45358e-05 3.23038e-05 4.23854e-05 5.53123e-05 7.17181e-05 9.23463e-05 0.000118057 0.000149831 0.000188774 0.000236111 0.000293183 0.000361433 0.00044239 0.000537645 0.000648817 0.000777517 0.000925305 0.00109363 0.0012838 0.00149689 0.0017337 0.0019947 0.00227996 0.00258911 0.00292128 0.00327509 0.00364861 0.00403936 0.00444431 0.00485991 0.00528214 0.00570655 0.00612835 0.00654248 0.0069437 0.00732674 0.00768637 0.0080175 0.00831535 0.00857551 0.00879406 0.00896767 0.00909365 0.00917003 0.00919563 0.00917003 0.00909365 0.00896767 0.00879406 0.00857551 0.00831535 0.0080175 0.00768637 0.00732674 0.0069437 0.00654248 0.00612835 0.00570655 0.00528214 0.00485991 0.00444431 0.00403936 0.00364861 0.00327509 0.00292128 0.00258911 0.00227996 0.0019947 0.0017337 0.00149689 0.0012838 0.00109363 0.000925305 0.000777517 0.000648817 0.000537645 0.00044239 0.000361433 0.000293183 0.000236111 0.000188774 0.000149831 0.000118057 9.23463e-05 7.17181e-05 5.53123e-05 4.23854e-05 3.23038e-05 2.45358e-05 1.8643e-05 1.42714e-05 1.11441e-05 9.05331e-06 7.85517e-06 
9.20365e-06 9.68036e-06 1.11441e-05 1.36968e-05 1.75118e-05 2.28389e-05 3.0011e-05 3.94526e-05 5.16887e-05 6.73547e-05 8.72064e-05 0.000112128 0.000143141 0.000181407 0.000228231 0.000285056 0.000353456 0.000435121 0.000531836 0.000645447 0.00077783 0.000930843 0.00110627 0.00130577 0.0015308 0.00178258 0.00206196 0.00236942 0.00270498 0.00306812 0.00345778 0.00387226 0.00430927 0.00476586 0.00523848 0.00572298 0.00621467 0.00670838 0.00719858 0.00767941 0.00814488 0.00858891 0.00900549 0.00938882 0.00973344 0.0100343 0.0102869 0.0104876 0.0106331 0.0107213 0.0107509 0.0107213 0.0106331 0.0104876 0.0102869 0.0100343 0.00973344 0.00938882 0.00900549 0.00858891 0.00814488 0.00767941 0.00719858 0.00670838 0.00621467 0.00572298 0.00523848 0.00476586 0.00430927 0.00387226 0.00345778 0.00306812 0.00270498 0.00236942 0.00206196 0.00178258 0.0015308 0.00130577 0.00110627 0.000930843 0.00077783 0.000645447 0.000531836 0.000435121 0.000353456 0.000285056 0.000228231 0.000181407 0.000143141 0.000112128 8.72064e-05 6.73547e-05 5.16887e-05 3.94526e-05 3.0011e-05 2.28389e-05 1.75118e-05 1.36968e-05 1.11441e-05 9.68036e-06 
1.18065e-05 1.24122e-05 1.42714e-05 1.75118e-05 2.235e-05 2.9098e-05 3.81711e-05 5.00978e-05 6.55305e-05 8.52571e-05 0.000110212 0.000141488 0.00018034 0.000228194 0.000286647 0.000357458 0.000442543 0.000543946 0.000663822 0.000804391 0.000967894 0.00115654 0.00137244 0.00161754 0.00189353 0.00220178 0.00254326 0.00291845 0.00332724 0.00376894 0.00424215 0.00474475 0.00527389 0.00582595 0.00639661 0.00698085 0.00757301 0.00816691 0.00875593 0.00933309 0.00989126 0.0104232 0.0109219 0.0113805 0.0117925 0.0121519 0.0124537 0.0126932 0.0128669 0.0129721 0.0130074 0.0129721 0.0128669 0.0126932 0.0124537 0.0121519 0.0117925 0.0113805 0.0109219 0.0104232 0.00989126 0.00933309 0.00875593 0.00816691 0.00757301 0.00698085 0.00639661 0.00582595 0.00527389 0.00474475 0.00424215 0.00376894 0.00332724 0.00291845 0.00254326 0.00220178 0.00189353 0.00161754 0.00137244 0.00115654 0.000967894 0.000804391 0.000663822 0.000543946 0.000442543 0.000357458 0.000286647 0.000228194 0.00018034 0.000141488 0.000110212 8.52571e-05 6.55305e-05 5.00978e-05 3.81711e-05 2.9098e-05 2.235e-05 1.75118e-05 1.42714e-05 1.24122e-05 
1.54488e-05 1.62339e-05 1.8643e-05 2.28389e-05 2.9098e-05 3.78178e-05 4.95267e-05 6.48956e-05 8.47514e-05 0.000110091 0.000142092 0.00018213 0.00023178 0.000292827 0.000367261 0.000457272 0.00056523 0.000693663 0.000845215 0.00102261 0.00122857 0.00146577 0.00173676 0.00204384 0.00238901 0.00277386 0.00319946 0.00366625 0.00417402 0.00472175 0.00530761 0.00592889 0.00658197 0.00726234 0.00796463 0.00868265 0.00940946 0.0101375 0.0108587 0.0115647 0.0122467 0.012896 0.0135043 0.0140631 0.0145649 0.0150024 0.0153695 0.0156608 0.0158719 0.0159999 0.0160428 0.0159999 0.0158719 0.0156608 0.0153695 0.0150024 0.0145649 0.0140631 0.0135043 0.012896 0.0122467 0.0115647 0.0108587 0.0101375 0.00940946 0.00868265 0.00796463 0.00726234 0.00658197 0.00592889 0.00530761 0.00472175 0.00417402 0.00366625 0.00319946 0.00277386 0.00238901 0.00204384 0.00173676 0.00146577 0.00122857 0.00102261 0.000845215 0.000693663 0.00056523 0.000457272 0.000367261 0.000292827 0.00023178 0.00018213 0.000142092 0.000110091 8.47514e-05 6.48956e-05 4.95267e-05 3.78178e-05 2.9098e-05 2.28389e-05 1.8643e-05 1.62339e-05 
2.03648e-05 2.13903e-05 2.45358e-05 3.0011e-05 3.81711e-05 4.95267e-05 6.47551e-05 8.47155e-05 0.000110464 0.000143272 0.000184637 0.000236303 0.000300265 0.000378772 0.000474329 0.000589679 0.000727785 0.000891789 0.00108497 0.00131069 0.00157229 0.00187303 0.002216 0.00260396 0.00303928 0.00352378 0.00405866 0.00464433 0.00528033 0.00596526 0.00669669 0.00747112 0.00828394 0.00912949 0.010001 0.0108909 0.0117904 0.0126904 0.0135808 0.0144514 0.0152917 0.016091 0.016839 0.0175257 0.0181419 0.0186788 0.0191291 0.0194862 0.0197451 0.0199019 0.0199544 0.0199019 0.0197451 0.0194862 0.0191291 0.0186788 0.0181419 0.0175257 0.016839 0.016091 0.0152917 0.0144514 0.0135808 0.0126904 0.0117904 0.0108909 0.010001 0.00912949 0.00828394 0.00747112 0.00669669 0.00596526 0.00528033 0.00464433 0.00405866 0.00352378 0.00303928 0.00260396 0.002216 0.00187303 0.00157229 0.00131069 0.00108497 0.000891789 0.000727785 0.000589679 0.000474329 0.000378772 0.000300265 0.000236303 0.000184637 0.000143272 0.000110464 8.47155e-05 6.47551e-05 4.95267e-05 3.81711e-05 3.0011e-05 2.45358e-05 2.13903e-05 
2.68541e-05 2.81942e-05 3.23038e-05 3.94526e-05 5.00978e-05 6.48956e-05 8.47155e-05 0.000110658 0.000144075 0.000186586 0.000240102 0.000306835 0.000389311 0.000490373 0.000613172 0.000761152 0.000938017 0.00114768 0.00139422 0.00168177 0.00201444 0.00239623 0.00283085 0.00332163 0.00387136 0.00448215 0.0051553 0.00589111 0.00668884 0.00754654 0.008461 0.00942771 0.0104408 0.0114931 0.0125762 0.0136806 0.0147955 0.0159096 0.0170105 0.0180858 0.0191225 0.0201077 0.0210289 0.021874 0.0226316 0.0232915 0.0238446 0.0242831 0.0246008 0.0247933 0.0248578 0.0247933 0.0246008 0.0242831 0.0238446 0.0232915 0.0226316 0.021874 0.0210289 0.0201077 0.0191225 0.0180858 0.0170105 0.0159096 0.0147955 0.0136806 0.0125762 0.0114931 0.0104408 0.00942771 0.008461 0.00754654 0.00668884 0.00589111 0.0051553 0.00448215 0.00387136 0.00332163 0.00283085 0.00239623 0.00201444 0.00168177 0.00139422 0.00114768 0.000938017 0.000761152 0.000613172 0.000490373 0.000389311 0.000306835 0.000240102 0.000186586 0.000144075 0.000110658 8.47155e-05 6.48956e-05 5.00978e-05 3.94526e-05 3.23038e-05 2.81942e-05 
3.52884e-05 3.70341e-05 4.23854e-05 5.16887e-05 6.55305e-05 8.47514e-05 0.000110464 0.000144075 0.000187306 0.00024222 0.00031124 0.000397168 0.000503194 0.000632897 0.000790233 0.00097951 0.00120535 0.00147261 0.00178632 0.00215158 0.00257344 0.00305672 0.00360593 0.00422503 0.0049173 0.00568515 0.00652994 0.00745184 0.00844965 0.00952072 0.0106609 0.0118642 0.0131234 0.0144295 0.0157718 0.0171386 0.0185166 0.0198918 0.0212493 0.0225736 0.023849 0.02506 0.0261913 0.0272282 0.0281573 0.028966 0.0296435 0.0301803 0.0305692 0.0308048 0.0308836 0.0308048 0.0305692 0.0301803 0.0296435 0.028966 0.0281573 0.0272282 0.0261913 0.02506 0.023849 0.0225736 0.0212493 0.0198918 0.0185166 0.0171386 0.0157718 0.0144295 0.0131234 0.0118642 0.0106609 0.00952072 0.00844965 0.00745184 0.00652994 0.00568515 0.0049173 0.00422503 0.00360593 0.00305672 0.00257344 0.00215158 0.00178632 0.00147261 0.00120535 0.00097951 0.000790233 0.000632897 0.000503194 0.000397168 0.00031124 0.00024222 0.000187306 0.000144075 0.000110464 8.47514e-05 6.55305e-05 5.16887e-05 4.23854e-05 3.70341e-05 
4.61197e-05 4.83813e-05 5.53123e-05 6.73547e-05 8.52571e-05 0.000110091 0.000143272 0.000186586 0.00024222 0.000312782 0.000401332 0.0005114 0.000646991 0.000812587 0.00101313 0.00125397 0.00154085 0.00187977 0.00227691 0.00273851 0.00327069 0.00387932 0.00456977 0.00534673 0.00621402 0.00717435 0.00822911 0.0093782 0.0106198 0.0119505 0.0133646 0.0148549 0.0164118 0.0180243 0.0196792 0.0213619 0.0230562 0.0247449 0.0264097 0.0280321 0.0295929 0.0310734 0.0324553 0.0337209 0.0348541 0.0358398 0.0366651 0.0373189 0.0377923 0.038079 0.038175 0.038079 0.0377923 0.0373189 0.0366651 0.0358398 0.0348541 0.0337209 0.0324553 0.0310734 0.0295929 0.0280321 0.0264097 0.0247449 0.0230562 0.0213619 0.0196792 0.0180243 0.0164118 0.0148549 0.0133646 0.0119505 0.0106198 0.0093782 0.00822911 0.00717435 0.00621402 0.00534673 0.00456977 0.00387932 0.00327069 0.00273851 0.00227691 0.00187977 0.00154085 0.00125397 0.00101313 0.000812587 0.000646991 0.0005114 0.000401332 0.000312782 0.00024222 0.000186586 0.000143272 0.000110091 8.52571e-05 6.73547e-05 5.53123e-05 4.83813e-05 
5.98874e-05 6.27987e-05 7.17181e-05 8.72064e-05 0.000110212 0.000142092 0.000184637 0.000240102 0.00031124 0.000401332 0.000514217 0.000654309 0.000826607 0.00103669 0.00129067 0.0015952 0.0019573 0.00238435 0.00288391 0.00346353 0.00413063 0.00489222 0.00575468 0.00672352 0.00780311 0.00899645 0.0103049 0.0117279 0.0132629 0.0149053 0.0166478 0.0184812 0.0203938 0.0223715 0.0243982 0.0264561 0.0285253 0.030585 0.0326132 0.0345873 0.0364846 0.0382823 0.0399588 0.041493 0.0428656 0.0440588 0.0450574 0.045848 0.0464204 0.0467669 0.0468829 0.0467669 0.0464204 0.045848 0.0450574 0.0440588 0.0428656 0.041493 0.0399588 0.0382823 0.0364846 0.0345873 0.0326132 0.030585 0.0285253 0.0264561 0.0243982 0.0223715 0.0203938 0.0184812 0.0166478 0.0149053 0.0132629 0.0117279 0.0103049 0.00899645 0.00780311 0.00672352 0.00575468 0.00489222 0.00413063 0.00346353 0.00288391 0.00238435 0.0019573 0.0015952 0.00129067 0.00103669 0.000826607 0.000654309 0.000514217 0.000401332 0.00031124 0.000240102 0.000184637 0.000142092 0.000110212 8.72064e-05 7.17181e-05 6.27987e-05 
7.7226e-05 8.09477e-05 9.23463e-05 0.000112128 0.000141488 0.00018213 0.000236303 0.000306835 0.000397168 0.0005114 0.000654309 0.00083138 0.0010488 0.00131347 0.00163291 0.00201526 0.00246913 0.00300349 0.00362747 0.00435021 0.00518055 0.00612684 0.00719656 0.00839611 0.00973044 0.0112028 0.0128142 0.0145638 0.016448 0.0184604 0.020592 0.0228312 0.0251633 0.0275711 0.0300349 0.0325329 0.0350413 0.0375348 0.039987 0.042371 0.0446596 0.0468261 0.0488444 0.0506899 0.0523397 0.0537732 0.054972 0.0559208 0.0566075 0.057023 0.0571622 0.057023 0.0566075 0.0559208 0.054972 0.0537732 0.0523397 0.0506899 0.0488444 0.0468261 0.0446596 0.042371 0.039987 0.0375348 0.0350413 0.0325329 0.0300349 0.0275711 0.0251633 0.0228312 0.020592 0.0184604 0.016448 0.0145638 0.0128142 0.0112028 0.00973044 0.00839611 0.00719656 0.00612684 0.00518055 0.00435021 0.00362747 0.00300349 0.00246913 0.00201526 0.00163291 0.00131347 0.0010488 0.00083138 0.000654309 0.0005114 0.000397168 0.000306835 0.000236303 0.00018213 0.000141488 0.000112128 9.23463e-05 8.09477e-05 
9.88713e-05 0.000103595 0.000118057 0.000143141 0.00018034 0.00023178 0.000300265 0.000389311 0.000503194 0.000646991 0.000826607 0.0010488 0.00132119 0.00165221 0.00205107 0.00252766 0.00309241 0.00375616 0.00452988 0.00542446 0.00645041 0.00761752 0.00893451 0.0104087 0.0120456 0.0138485 0.0158184 0.0179533 0.0202484 0.0226955 0.0252832 0.0279969 0.0308186 0.0337273 0.0366991 0.0397077 0.0427244 0.0457191 0.0486605 0.0515165 0.0542551 0.0568448 0.059255 0.061457 0.063424 0.0651318 0.0665593 0.0676886 0.0685056 0.0689999 0.0691654 0.0689999 0.0685056 0.0676886 0.0665593 0.0651318 0.063424 0.061457 0.059255 0.0568448 0.0542551 0.0515165 0.0486605 0.0457191 0.0427244 0.0397077 0.0366991 0.0337273 0.0308186 0.0279969 0.0252832 0.0226955 0.0202484 0.0179533 0.0158184 0.0138485 0.0120456 0.0104087 0.00893451 0.00761752 0.00645041 0.00542446 0.00452988 0.00375616 0.00309241 0.00252766 0.00205107 0.00165221 0.00132119 0.0010488 0.000826607 0.000646991 0.000503194 0.000389311 0.000300265 0.00023178 0.00018034 0.000143141 0.000118057 0.000103595 
0.000125665 0.000131616 0.000149831 0.000181407 0.000228194 0.000292827 0.000378772 0.000490373 0.000632897 0.000812587 0.00103669 0.00131347 0.00165221 0.00206318 0.00255752 0.00314719 0.00384473 0.00466308 0.00561533 0.00671435 0.00797249 0.00940114 0.0110103 0.0128083 0.0148011 0.016992 0.0193815 0.0219665 0.0247405 0.027693 0.0308098 0.0340727 0.0374599 0.0409457 0.0445016 0.0480959 0.0516946 0.0552621 0.0587613 0.0621547 0.0654047 0.0684746 0.0713289 0.0739343 0.0762597 0.0782773 0.0799628 0.0812955 0.0822593 0.0828424 0.0830375 0.0828424 0.0822593 0.0812955 0.0799628 0.0782773 0.0762597 0.0739343 0.0713289 0.0684746 0.0654047 0.0621547 0.0587613 0.0552621 0.0516946 0.0480959 0.0445016 0.0409457 0.0374599 0.0340727 0.0308098 0.027693 0.0247405 0.0219665 0.0193815 0.016992 0.0148011 0.0128083 0.0110103 0.00940114 0.00797249 0.00671435 0.00561533 0.00466308 0.00384473 0.00314719 0.00255752 0.00206318 0.00165221 0.00131347 0.00103669 0.000812587 0.000632897 0.000490373 0.000378772 0.000292827 0.000228194 0.000181407 0.000149831 0.000131616 
0.000158556 0.000165999 0.000188774 0.000228231 0.000286647 0.000367261 0.000474329 0.000613172 0.000790233 0.00101313 0.00129067 0.00163291 0.00205107 0.00255752 0.00316569 0.00388985 0.00474498 0.00574644 0.00690964 0.0082497 0.00978096 0.0115165 0.0134678 0.015644 0.0180515 0.0206935 0.0235696 0.0266753 0.0300019 0.0335363 0.0372606 0.0411528 0.0451862 0.0493301 0.0535504 0.0578096 0.0620675 0.0662823 0.0704107 0.074409 0.0782337 0.0818423 0.085194 0.0882505 0.0909763 0.0933395 0.0953125 0.0968718 0.0979991 0.0986809 0.098909 0.0986809 0.0979991 0.0968718 0.0953125 0.0933395 0.0909763 0.0882505 0.085194 0.0818423 0.0782337 0.074409 0.0704107 0.0662823 0.0620675 0.0578096 0.0535504 0.0493301 0.0451862 0.0411528 0.0372606 0.0335363 0.0300019 0.0266753 0.0235696 0.0206935 0.0180515 0.015644 0.0134678 0.0115165 0.00978096 0.0082497 0.00690964 0.00574644 0.00474498 0.00388985 0.00316569 0.00255752 0.00205107 0.00163291 0.00129067 0.00101313 0.000790233 0.000613172 0.000474329 0.000367261 0.000286647 0.000228231 0.000188774 0.000165999 
0.000198603 0.000207843 0.000236111 0.000285056 0.000357458 0.000457272 0.000589679 0.000761152 0.00097951 0.00125397 0.0015952 0.00201526 0.00252766 0.00314719 0.00388985 0.00477262 0.00581317 0.00702957 0.00843986 0.0100616 0.0119113 0.0140038 0.016352 0.0189659 0.0218522 0.0250136 0.0284486 0.032151 0.0361092 0.0403069 0.0447221 0.0493279 0.0540924 0.0589791 0.0639474 0.0689533 0.0739499 0.0788883 0.0837186 0.0883903 0.0928535 0.0970596 0.100962 0.104517 0.107685 0.110429 0.112719 0.114528 0.115835 0.116625 0.116889 0.116625 0.115835 0.114528 0.112719 0.110429 0.107685 0.104517 0.100962 0.0970596 0.0928535 0.0883903 0.0837186 0.0788883 0.0739499 0.0689533 0.0639474 0.0589791 0.0540924 0.0493279 0.0447221 0.0403069 0.0361092 0.032151 0.0284486 0.0250136 0.0218522 0.0189659 0.016352 0.0140038 0.0119113 0.0100616 0.00843986 0.00702957 0.00581317 0.00477262 0.00388985 0.00314719 0.00252766 0.00201526 0.0015952 0.00125397 0.00097951 0.000761152 0.000589679 0.000457272 0.000357458 0.000285056 0.000236111 0.000207843 
0.000246963 0.000258352 0.000293183 0.000353456 0.000442543 0.00056523 0.000727785 0.000938017 0.00120535 0.00154085 0.0019573 0.00246913 0.00309241 0.00384473 0.00474498 0.00581317 0.00707001 0.00853658 0.0102338 0.0121818 0.0143994 0.0169034 0.019708 0.022824 0.0262579 0.030012 0.0340831 0.0384626 0.0431359 0.0480824 0.0532755 0.0586827 0.0642661 0.0699824 0.0757841 0.0816198 0.0874353 0.0931741 0.0987788 0.104192 0.109356 0.114218 0.118723 0.122823 0.126473 0.129632 0.132266 0.134346 0.135849 0.136757 0.137061 0.136757 0.135849 0.134346 0.132266 0.129632 0.126473 0.122823 0.118723 0.114218 0.109356 0.104192 0.0987788 0.0931741 0.0874353 0.0816198 0.0757841 0.0699824 0.0642661 0.0586827 0.0532755 0.0480824 0.0431359 0.0384626 0.0340831 0.030012 0.0262579 0.022824 0.019708 0.0169034 0.0143994 0.0121818 0.0102338 0.00853658 0.00707001 0.00581317 0.00474498 0.00384473 0.00309241 0.00246913 0.0019573 0.00154085 0.00120535 0.000938017 0.000727785 0.00056523 0.000442543 0.000353456 0.000293183 0.000258352 
0.000304889 0.000318825 0.000361433 0.000435121 0.000543946 0.000693663 0.000891789 0.00114768 0.00147261 0.00187977 0.00238435 0.00300349 0.00375616 0.00466308 0.00574644 0.00702957 0.00853658 0.0102918 0.0123193 0.0146419 0.017281 0.0202552 0.0235799 0.0272665 0.0313213 0.0357455 0.0405337 0.0456746 0.0511495 0.0569333 0.0629938 0.0692921 0.0757834 0.082417 0.0891377 0.095886 0.102599 0.109214 0.115664 0.121884 0.12781 0.133381 0.138538 0.143226 0.147396 0.151002 0.154007 0.156378 0.15809 0.159125 0.159471 0.159125 0.15809 0.156378 0.154007 0.151002 0.147396 0.143226 0.138538 0.133381 0.12781 0.121884 0.115664 0.109214 0.102599 0.095886 0.0891377 0.082417 0.0757834 0.0692921 0.0629938 0.0569333 0.0511495 0.0456746 0.0405337 0.0357455 0.0313213 0.0272665 0.0235799 0.0202552 0.017281 0.0146419 0.0123193 0.0102918 0.00853658 0.00702957 0.00574644 0.00466308 0.00375616 0.00300349 0.00238435 0.00187977 0.00147261 0.00114768 0.000891789 0.000693663 0.000543946 0.000435121 0.000361433 0.000318825 
0.000373712 0.000390643 0.00044239 0.000531836 0.000663822 0.000845215 0.00108497 0.00139422 0.00178632 0.00227691 0.00288391 0.00362747 0.00452988 0.00561533 0.00690964 0.00843986 0.0102338 0.0123193 0.0147236 0.0174728 0.0205904 0.0240971 0.0280094 0.0323388 0.0370911 0.0422659 0.0478553 0.0538442 0.0602096 0.0669206 0.0739387 0.081218 0.0887058 0.0963434 0.104067 0.111808 0.119496 0.127057 0.134419 0.141508 0.148252 0.154584 0.160437 0.165753 0.170476 0.174557 0.177956 0.180635 0.182569 0.183738 0.184129 0.183738 0.182569 0.180635 0.177956 0.174557 0.170476 0.165753 0.160437 0.154584 0.148252 0.141508 0.134419 0.127057 0.119496 0.111808 0.104067 0.0963434 0.0887058 0.081218 0.0739387 0.0669206 0.0602096 0.0538442 0.0478553 0.0422659 0.0370911 0.0323388 0.0280094 0.0240971 0.0205904 0.0174728 0.0147236 0.0123193 0.0102338 0.00843986 0.00690964 0.00561533 0.00452988 0.00362747 0.00288391 0.00227691 0.00178632 0.00139422 0.00108497 0.000845215 0.000663822 0.000531836 0.00044239 0.000390643 
0.000454819 0.000475242 0.000537645 0.000645447 0.000804391 0.00102261 0.00131069 0.00168177 0.00215158 0.00273851 0.00346353 0.00435021 0.00542446 0.00671435 0.0082497 0.0100616 0.0121818 0.0146419 0.0174728 0.0207034 0.0243598 0.0284643 0.0330344 0.0380815 0.0436105 0.0496185 0.0560947 0.0630195 0.0703645 0.0780925 0.0861577 0.0945062 0.103077 0.111802 0.120608 0.129418 0.138152 0.146727 0.155061 0.163074 0.170686 0.177823 0.184412 0.190388 0.195693 0.200274 0.204084 0.207087 0.209254 0.210562 0.210999 0.210562 0.209254 0.207087 0.204084 0.200274 0.195693 0.190388 0.184412 0.177823 0.170686 0.163074 0.155061 0.146727 0.138152 0.129418 0.120608 0.111802 0.103077 0.0945062 0.0861577 0.0780925 0.0703645 0.0630195 0.0560947 0.0496185 0.0436105 0.0380815 0.0330344 0.0284643 0.0243598 0.0207034 0.0174728 0.0146419 0.0121818 0.0100616 0.0082497 0.00671435 0.00542446 0.00435021 0.00346353 0.00273851 0.00215158 0.00168177 0.00131069 0.00102261 0.000804391 0.000645447 0.000537645 0.000475242 
0.000549631 0.000574093 0.000648817 0.00077783 0.000967894 0.00122857 0.00157229 0.00201444 0.00257344 0.00327069 0.00413063 0.00518055 0.00645041 0.00797249 0.00978096 0.0119113 0.0143994 0.017281 0.0205904 0.0243598 0.0286176 0.0333875 0.0386877 0.0445291 0.050915 0.0578398 0.0652885 0.0732365 0.0816491 0.0904818 0.0996807 0.109183 0.118919 0.128809 0.138772 0.148721 0.158564 0.168212 0.177572 0.186557 0.195079 0.203056 0.210413 0.217077 0.222986 0.228083 0.23232 0.235657 0.238063 0.239515 0.240001 0.239515 0.238063 0.235657 0.23232 0.228083 0.222986 0.217077 0.210413 0.203056 0.195079 0.186557 0.177572 0.168212 0.158564 0.148721 0.138772 0.128809 0.118919 0.109183 0.0996807 0.0904818 0.0816491 0.0732365 0.0652885 0.0578398 0.050915 0.0445291 0.0386877 0.0333875 0.0286176 0.0243598 0.0205904 0.017281 0.0143994 0.0119113 0.00978096 0.00797249 0.00645041 0.00518055 0.00413063 0.00327069 0.00257344 0.00201444 0.00157229 0.00122857 0.000967894 0.00077783 0.000648817 0.000574093 
0.000659565 0.000688662 0.000777517 0.000930843 0.00115654 0.00146577 0.00187303 0.00239623 0.00305672 0.00387932 0.00489222 0.00612684 0.00761752 0.00940114 0.0115165 0.0140038 0.0169034 0.0202552 0.0240971 0.0284643 0.0333875 0.0388917 0.0449952 0.051708 0.059031 0.0669552 0.0754608 0.0845171 0.0940823 0.104104 0.114518 0.125254 0.136229 0.147357 0.158543 0.16969 0.180698 0.191468 0.201898 0.211892 0.221356 0.230202 0.238348 0.245718 0.252246 0.257871 0.262543 0.26622 0.26887 0.270469 0.271003 0.270469 0.26887 0.26622 0.262543 0.257871 0.252246 0.245718 0.238348 0.230202 0.221356 0.211892 0.201898 0.191468 0.180698 0.16969 0.158543 0.147357 0.136229 0.125254 0.114518 0.104104 0.0940823 0.0845171 0.0754608 0.0669552 0.059031 0.051708 0.0449952 0.0388917 0.0333875 0.0284643 0.0240971 0.0202552 0.0169034 0.0140038 0.0115165 0.00940114 0.00761752 0.00612684 0.00489222 0.00387932 0.00305672 0.00239623 0.00187303 0.00146577 0.00115654 0.000930843 0.000777517 0.000688662 
0.000786001 0.000820372 0.000925305 0.00110627 0.00137244 0.00173676 0.002216 0.00283085 0.00360593 0.00456977 0.00575468 0.00719656 0.00893451 0.0110103 0.0134678 0.016352 0.019708 0.0235799 0.0280094 0.0330344 0.0386877 0.0449952 0.0519749 0.0596352 0.067974 0.0769781 0.0866218 0.0968675 0.107665 0.118953 0.130658 0.142698 0.15498 0.167406 0.179871 0.192268 0.204485 0.216414 0.227946 0.238976 0.249403 0.259135 0.268083 0.276168 0.28332 0.289477 0.294586 0.298605 0.301499 0.303245 0.303829 0.303245 0.301499 0.298605 0.294586 0.289477 0.28332 0.276168 0.268083 0.259135 0.249403 0.238976 0.227946 0.216414 0.204485 0.192268 0.179871 0.167406 0.15498 0.142698 0.130658 0.118953 0.107665 0.0968675 0.0866218 0.0769781 0.067974 0.0596352 0.0519749 0.0449952 0.0386877 0.0330344 0.0280094 0.0235799 0.019708 0.016352 0.0134678 0.0110103 0.00893451 0.00719656 0.00575468 0.00456977 0.00360593 0.00283085 0.002216 0.00173676 0.00137244 0.00110627 0.000925305 0.000820372 
0.000930235 0.00097056 0.00109363 0.00130577 0.00161754 0.00204384 0.00260396 0.00332163 0.00422503 0.00534673 0.00672352 0.00839611 0.0104087 0.0128083 0.015644 0.0189659 0.022824 0.0272665 0.0323388 0.0380815 0.0445291 0.051708 0.0596352 0.0683168 0.0777472 0.0879075 0.0987657 0.110276 0.12238 0.135004 0.148067 0.161472 0.175117 0.188892 0.20268 0.216363 0.229821 0.242934 0.255587 0.267666 0.279066 0.289688 0.299439 0.308238 0.316012 0.322697 0.328239 0.332595 0.33573 0.337621 0.338253 0.337621 0.33573 0.332595 0.328239 0.322697 0.316012 0.308238 0.299439 0.289688 0.279066 0.267666 0.255587 0.242934 0.229821 0.216363 0.20268 0.188892 0.175117 0.161472 0.148067 0.135004 0.12238 0.110276 0.0987657 0.0879075 0.0777472 0.0683168 0.0596352 0.051708 0.0445291 0.0380815 0.0323388 0.0272665 0.022824 0.0189659 0.015644 0.0128083 0.0104087 0.00839611 0.00672352 0.00534673 0.00422503 0.00332163 0.00260396 0.00204384 0.00161754 0.00130577 0.00109363 0.00097056 
0.00109343 0.00114042 0.0012838 0.0015308 0.00189353 0.00238901 0.00303928 0.00387136 0.0049173 0.00621402 0.00780311 0.00973044 0.0120456 0.0148011 0.0180515 0.0218522 0.0262579 0.0313213 0.0370911 0.0436105 0.050915 0.059031 0.067974 0.0777472 0.0883399 0.0997273 0.11187 0.124713 0.138186 0.152208 0.166683 0.181505 0.196557 0.211717 0.226859 0.241853 0.256568 0.270877 0.284655 0.297784 0.310152 0.321656 0.3322 0.341701 0.350084 0.357284 0.363248 0.367932 0.371301 0.373332 0.374011 0.373332 0.371301 0.367932 0.363248 0.357284 0.350084 0.341701 0.3322 0.321656 0.310152 0.297784 0.284655 0.270877 0.256568 0.241853 0.226859 0.211717 0.196557 0.181505 0.166683 0.152208 0.138186 0.124713 0.11187 0.0997273 0.0883399 0.0777472 0.067974 0.059031 0.050915 0.0436105 0.0370911 0.0313213 0.0262579 0.0218522 0.0180515 0.0148011 0.0120456 0.00973044 0.00780311 0.00621402 0.0049173 0.00387136 0.00303928 0.00238901 0.00189353 0.0015308 0.0012838 0.00114042 
0.00127657 0.00133097 0.00149689 0.00178258 0.00220178 0.00277386 0.00352378 0.00448215 0.00568515 0.00717435 0.00899645 0.0112028 0.0138485 0.016992 0.0206935 0.0250136 0.030012 0.0357455 0.0422659 0.0496185 0.0578398 0.0669552 0.0769781 0.0879075 0.0997273 0.112406 0.125894 0.140127 0.155026 0.170495 0.186425 0.2027 0.219189 0.235759 0.25227 0.268583 0.284558 0.300058 0.314952 0.329117 0.342434 0.354799 0.366115 0.376295 0.385264 0.39296 0.399327 0.404323 0.407915 0.41008 0.410803 0.41008 0.407915 0.404323 0.399327 0.39296 0.385264 0.376295 0.366115 0.354799 0.342434 0.329117 0.314952 0.300058 0.284558 0.268583 0.25227 0.235759 0.219189 0.2027 0.186425 0.170495 0.155026 0.140127 0.125894 0.112406 0.0997273 0.0879075 0.0769781 0.0669552 0.0578398 0.0496185 0.0422659 0.0357455 0.030012 0.0250136 0.0206935 0.016992 0.0138485 0.0112028 0.00899645 0.00717435 0.00568515 0.00448215 0.00352378 0.00277386 0.00220178 0.00178258 0.00149689 0.00133097 
0.0014804 0.00154295 0.0017337 0.00206196 0.00254326 0.00319946 0.00405866 0.0051553 0.00652994 0.00822911 0.0103049 0.0128142 0.0158184 0.0193815 0.0235696 0.0284486 0.0340831 0.0405337 0.0478553 0.0560947 0.0652885 0.0754608 0.0866218 0.0987657 0.11187 0.125894 0.14078 0.156452 0.172817 0.189769 0.207186 0.224936 0.242878 0.260864 0.278746 0.296371 0.313592 0.330263 0.346249 0.36142 0.375656 0.388849 0.400901 0.411726 0.421251 0.429413 0.436159 0.441447 0.445247 0.447536 0.4483 0.447536 0.445247 0.441447 0.436159 0.429413 0.421251 0.411726 0.400901 0.388849 0.375656 0.36142 0.346249 0.330263 0.313592 0.296371 0.278746 0.260864 0.242878 0.224936 0.207186 0.189769 0.172817 0.156452 0.14078 0.125894 0.11187 0.0987657 0.0866218 0.0754608 0.0652885 0.0560947 0.0478553 0.0405337 0.0340831 0.0284486 0.0235696 0.0193815 0.0158184 0.0128142 0.0103049 0.00822911 0.00652994 0.0051553 0.00405866 0.00319946 0.00254326 0.00206196 0.0017337 0.00154295 
0.00170538 0.00177684 0.0019947 0.00236942 0.00291845 0.00366625 0.00464433 0.00589111 0.00745184 0.0093782 0.0117279 0.0145638 0.0179533 0.0219665 0.0266753 0.032151 0.0384626 0.0456746 0.0538442 0.0630195 0.0732365 0.0845171 0.0968675 0.110276 0.124713 0.140127 0.156452 0.173598 0.19146 0.209918 0.228837 0.24807 0.267464 0.28686 0.306095 0.32501 0.343447 0.361256 0.378294 0.394428 0.409538 0.423513 0.436256 0.447684 0.457724 0.466315 0.473408 0.478964 0.482953 0.485354 0.486156 0.485354 0.482953 0.478964 0.473408 0.466315 0.457724 0.447684 0.436256 0.423513 0.409538 0.394428 0.378294 0.361256 0.343447 0.32501 0.306095 0.28686 0.267464 0.24807 0.228837 0.209918 0.19146 0.173598 0.156452 0.140127 0.124713 0.110276 0.0968675 0.0845171 0.0732365 0.0630195 0.0538442 0.0456746 0.0384626 0.032151 0.0266753 0.0219665 0.0179533 0.0145638 0.0117279 0.0093782 0.00745184 0.00589111 0.00464433 0.00366625 0.00291845 0.00236942 0.0019947 0.00177684 
0.00195161 0.00203273 0.00227996 0.00270498 0.00332724 0.00417402 0.00528033 0.00668884 0.00844965 0.0106198 0.0132629 0.016448 0.0202484 0.0247405 0.0300019 0.0361092 0.0431359 0.0511495 0.0602096 0.0703645 0.0816491 0.0940823 0.107665 0.12238 0.138186 0.155026 0.172817 0.19146 0.210836 0.230808 0.251229 0.271939 0.292769 0.31355 0.334108 0.354274 0.373884 0.39278 0.410817 0.427859 0.443784 0.458484 0.471864 0.483841 0.494347 0.503325 0.510729 0.516523 0.520679 0.52318 0.524015 0.52318 0.520679 0.516523 0.510729 0.503325 0.494347 0.483841 0.471864 0.458484 0.443784 0.427859 0.410817 0.39278 0.373884 0.354274 0.334108 0.31355 0.292769 0.271939 0.251229 0.230808 0.210836 0.19146 0.172817 0.155026 0.138186 0.12238 0.107665 0.0940823 0.0816491 0.0703645 0.0602096 0.0511495 0.0431359 0.0361092 0.0300019 0.0247405 0.0202484 0.016448 0.0132629 0.0106198 0.00844965 0.00668884 0.00528033 0.00417402 0.00332724 0.00270498 0.00227996 0.00203273 
0.00221884 0.00231033 0.00258911 0.00306812 0.00376894 0.00472175 0.00596526 0.00754654 0.00952072 0.0119505 0.0149053 0.0184604 0.0226955 0.027693 0.0335363 0.0403069 0.0480824 0.0569333 0.0669206 0.0780925 0.0904818 0.104104 0.118953 0.135004 0.152208 0.170495 0.189769 0.209918 0.230808 0.252289 0.274198 0.296361 0.318597 0.340724 0.362558 0.383923 0.404646 0.424567 0.443536 0.461418 0.478092 0.49345 0.507402 0.519868 0.530786 0.540102 0.547775 0.553773 0.558073 0.560659 0.561522 0.560659 0.558073 0.553773 0.547775 0.540102 0.530786 0.519868 0.507402 0.49345 0.478092 0.461418 0.443536 0.424567 0.404646 0.383923 0.362558 0.340724 0.318597 0.296361 0.274198 0.252289 0.230808 0.209918 0.189769 0.170495 0.152208 0.135004 0.118953 0.104104 0.0904818 0.0780925 0.0669206 0.0569333 0.0480824 0.0403069 0.0335363 0.027693 0.0226955 0.0184604 0.0149053 0.0119505 0.00952072 0.00754654 0.00596526 0.00472175 0.00376894 0.00306812 0.00258911 0.00231033 
0.00250635 0.00260889 0.00292128 0.00345778 0.00424215 0.00530761 0.00669669 0.008461 0.0106609 0.0133646 0.0166478 0.020592 0.0252832 0.0308098 0.0372606 0.0447221 0.0532755 0.0629938 0.0739387 0.0861577 0.0996807 0.114518 0.130658 0.148067 0.166683 0.186425 0.207186 0.228837 0.251229 0.274198 0.297566 0.321144 0.34474 0.368159 0.39121 0.413707 0.435473 0.456343 0.476169 0.494813 0.512158 0.528099 0.542551 0.555441 0.566709 0.576309 0.584207 0.590374 0.594791 0.597446 0.598332 0.597446 0.594791 0.590374 0.584207 0.576309 0.566709 0.555441 0.542551 0.528099 0.512158 0.494813 0.476169 0.456343 0.435473 0.413707 0.39121 0.368159 0.34474 0.321144 0.297566 0.274198 0.251229 0.228837 0.207186 0.186425 0.166683 0.148067 0.130658 0.114518 0.0996807 0.0861577 0.0739387 0.0629938 0.0532755 0.0447221 0.0372606 0.0308098 0.0252832 0.020592 0.0166478 0.0133646 0.0106609 0.008461 0.00669669 0.00530761 0.00424215 0.00345778 0.00292128 0.00260889 
0.002813 0.00292722 0.00327509 0.00387226 0.00474475 0.00592889 0.00747112 0.00942771 0.0118642 0.0148549 0.0184812 0.0228312 0.0279969 0.0340727 0.0411528 0.0493279 0.0586827 0.0692921 0.081218 0.0945062 0.109183 0.125254 0.142698 0.161472 0.181505 0.2027 0.224936 0.24807 0.271939 0.296361 0.321144 0.346087 0.370983 0.395629 0.419824 0.443375 0.466102 0.487838 0.508433 0.527754 0.545686 0.56213 0.577005 0.590246 0.601801 0.611631 0.619705 0.626003 0.630511 0.633219 0.634122 0.633219 0.630511 0.626003 0.619705 0.611631 0.601801 0.590246 0.577005 0.56213 0.545686 0.527754 0.508433 0.487838 0.466102 0.443375 0.419824 0.395629 0.370983 0.346087 0.321144 0.296361 0.271939 0.24807 0.224936 0.2027 0.181505 0.161472 0.142698 0.125254 0.109183 0.0945062 0.081218 0.0692921 0.0586827 0.0493279 0.0411528 0.0340727 0.0279969 0.0228312 0.0184812 0.0148549 0.0118642 0.00942771 0.00747112 0.00592889 0.00474475 0.00387226 0.00327509 0.00292722 
0.00313713 0.00326358 0.00364861 0.00430927 0.00527389 0.00658197 0.00828394 0.0104408 0.0131234 0.0164118 0.0203938 0.0251633 0.0308186 0.0374599 0.0451862 0.0540924 0.0642661 0.0757834 0.0887058 0.103077 0.118919 0.136229 0.15498 0.175117 0.196557 0.219189 0.242878 0.267464 0.292769 0.318597 0.34474 0.370983 0.39711 0.422905 0.448161 0.472679 0.496277 0.518786 0.540059 0.559966 0.578395 0.595257 0.610476 0.623996 0.635772 0.645773 0.653976 0.660368 0.664938 0.667682 0.668597 0.667682 0.664938 0.660368 0.653976 0.645773 0.635772 0.623996 0.610476 0.595257 0.578395 0.559966 0.540059 0.518786 0.496277 0.472679 0.448161 0.422905 0.39711 0.370983 0.34474 0.318597 0.292769 0.267464 0.242878 0.219189 0.196557 0.175117 0.15498 0.136229 0.118919 0.103077 0.0887058 0.0757834 0.0642661 0.0540924 0.0451862 0.0374599 0.0308186 0.0251633 0.0203938 0.0164118 0.0131234 0.0104408 0.00828394 0.00658197 0.00527389 0.00430927 0.00364861 0.00326358 
0.00347662 0.00361577 0.00403936 0.00476586 0.00582595 0.00726234 0.00912949 0.0114931 0.0144295 0.0180243 0.0223715 0.0275711 0.0337273 0.0409457 0.0493301 0.0589791 0.0699824 0.082417 0.0963434 0.111802 0.128809 0.147357 0.167406 0.188892 0.211717 0.235759 0.260864 0.28686 0.31355 0.340724 0.368159 0.395629 0.422905 0.449763 0.475989 0.501381 0.525753 0.548939 0.570793 0.591191 0.610028 0.62722 0.642703 0.656427 0.668359 0.678474 0.686759 0.693206 0.697812 0.700575 0.701496 0.700575 0.697812 0.693206 0.686759 0.678474 0.668359 0.656427 0.642703 0.62722 0.610028 0.591191 0.570793 0.548939 0.525753 0.501381 0.475989 0.449763 0.422905 0.395629 0.368159 0.340724 0.31355 0.28686 0.260864 0.235759 0.211717 0.188892 0.167406 0.147357 0.128809 0.111802 0.0963434 0.082417 0.0699824 0.0589791 0.0493301 0.0409457 0.0337273 0.0275711 0.0223715 0.0180243 0.0144295 0.0114931 0.00912949 0.00726234 0.00582595 0.00476586 0.00403936 0.00361577 
0.00382887 0.00398107 0.00444431 0.00523848 0.00639661 0.00796463 0.010001 0.0125762 0.0157718 0.0196792 0.0243982 0.0300349 0.0366991 0.0445016 0.0535504 0.0639474 0.0757841 0.0891377 0.104067 0.120608 0.138772 0.158543 0.179871 0.20268 0.226859 0.25227 0.278746 0.306095 0.334108 0.362558 0.39121 0.419824 0.448161 0.475989 0.503089 0.529255 0.554302 0.578066 0.600404 0.621198 0.640351 0.657789 0.673456 0.687313 0.699335 0.709509 0.71783 0.724296 0.728911 0.731678 0.7326 0.731678 0.728911 0.724296 0.71783 0.709509 0.699335 0.687313 0.673456 0.657789 0.640351 0.621198 0.600404 0.578066 0.554302 0.529255 0.503089 0.475989 0.448161 0.419824 0.39121 0.362558 0.334108 0.306095 0.278746 0.25227 0.226859 0.20268 0.179871 0.158543 0.138772 0.120608 0.104067 0.0891377 0.0757841 0.0639474 0.0535504 0.0445016 0.0366991 0.0300349 0.0243982 0.0196792 0.0157718 0.0125762 0.010001 0.00796463 0.00639661 0.00523848 0.00444431 0.00398107 
0.00419078 0.00435628 0.00485991 0.00572298 0.00698085 0.00868265 0.0108909 0.0136806 0.0171386 0.0213619 0.0264561 0.0325329 0.0397077 0.0480959 0.0578096 0.0689533 0.0816198 0.095886 0.111808 0.129418 0.148721 0.16969 0.192268 0.216363 0.241853 0.268583 0.296371 0.32501 0.354274 0.383923 0.413707 0.443375 0.472679 0.501381 0.529255 0.556096 0.581718 0.60596 0.628686 0.649783 0.669165 0.686766 0.702541 0.716462 0.728515 0.738696 0.747008 0.75346 0.75806 0.760816 0.761734 0.760816 0.75806 0.75346 0.747008 0.738696 0.728515 0.716462 0.702541 0.686766 0.669165 0.649783 0.628686 0.60596 0.581718 0.556096 0.529255 0.501381 0.472679 0.443375 0.413707 0.383923 0.354274 0.32501 0.296371 0.268583 0.241853 0.216363 0.192268 0.16969 0.148721 0.129418 0.111808 0.095886 0.0816198 0.0689533 0.0578096 0.0480959 0.0397077 0.0325329 0.0264561 0.0213619 0.0171386 0.0136806 0.0108909 0.00868265 0.00698085 0.00572298 0.00485991 0.00435628 
0.00455885 0.00473778 0.00528214 0.00621467 0.00757301 0.00940946 0.0117904 0.0147955 0.0185166 0.0230562 0.0285253 0.0350413 0.0427244 0.0516946 0.0620675 0.0739499 0.0874353 0.102599 0.119496 0.138152 0.158564 0.180698 0.204485 0.229821 0.256568 0.284558 0.313592 0.343447 0.373884 0.404646 0.435473 0.466102 0.496277 0.525753 0.554302 0.581718 0.607816 0.632441 0.655461 0.676774 0.696301 0.713988 0.729801 0.743723 0.755751 0.765891 0.774157 0.780563 0.785126 0.787857 0.788767 0.787857 0.785126 0.780563 0.774157 0.765891 0.755751 0.743723 0.729801 0.713988 0.696301 0.676774 0.655461 0.632441 0.607816 0.581718 0.554302 0.525753 0.496277 0.466102 0.435473 0.404646 0.373884 0.343447 0.313592 0.284558 0.256568 0.229821 0.204485 0.180698 0.158564 0.138152 0.119496 0.102599 0.0874353 0.0739499 0.0620675 0.0516946 0.0427244 0.0350413 0.0285253 0.0230562 0.0185166 0.0147955 0.0117904 0.00940946 0.00757301 0.00621467 0.00528214 0.00473778 
0.0049292 0.00512152 0.00570655 0.00670838 0.00816691 0.0101375 0.0126904 0.0159096 0.0198918 0.0247449 0.030585 0.0375348 0.0457191 0.0552621 0.0662823 0.0788883 0.0931741 0.109214 0.127057 0.146727 0.168212 0.191468 0.216414 0.242934 0.270877 0.300058 0.330263 0.361256 0.39278 0.424567 0.456343 0.487838 0.518786 0.548939 0.578066 0.60596 0.632441 0.657357 0.680586 0.702032 0.721628 0.739331 0.755119 0.768985 0.780939 0.790996 0.79918 0.805514 0.810021 0.812717 0.813614 0.812717 0.810021 0.805514 0.79918 0.790996 0.780939 0.768985 0.755119 0.739331 0.721628 0.702032 0.680586 0.657357 0.632441 0.60596 0.578066 0.548939 0.518786 0.487838 0.456343 0.424567 0.39278 0.361256 0.330263 0.300058 0.270877 0.242934 0.216414 0.191468 0.168212 0.146727 0.127057 0.109214 0.0931741 0.0788883 0.0662823 0.0552621 0.0457191 0.0375348 0.030585 0.0247449 0.0198918 0.0159096 0.0126904 0.0101375 0.00816691 0.00670838 0.00570655 0.00512152 
0.00529761 0.00550317 0.00612835 0.00719858 0.00875593 0.0108587 0.0135808 0.0170105 0.0212493 0.0264097 0.0326132 0.039987 0.0486605 0.0587613 0.0704107 0.0837186 0.0987788 0.115664 0.134419 0.155061 0.177572 0.201898 0.227946 0.255587 0.284655 0.314952 0.346249 0.378294 0.410817 0.443536 0.476169 0.508433 0.540059 0.570793 0.600404 0.628686 0.655461 0.680586 0.703943 0.72545 0.745048 0.762706 0.778412 0.792175 0.804012 0.813952 0.822026 0.828265 0.832699 0.83535 0.836232 0.83535 0.832699 0.828265 0.822026 0.813952 0.804012 0.792175 0.778412 0.762706 0.745048 0.72545 0.703943 0.680586 0.655461 0.628686 0.600404 0.570793 0.540059 0.508433 0.476169 0.443536 0.410817 0.378294 0.346249 0.314952 0.284655 0.255587 0.227946 0.201898 0.177572 0.155061 0.134419 0.115664 0.0987788 0.0837186 0.0704107 0.0587613 0.0486605 0.039987 0.0326132 0.0264097 0.0212493 0.0170105 0.0135808 0.0108587 0.00875593 0.00719858 0.00612835 0.00550317 
