0.00127457 0.00129264 0.00134705 0.0014384 0.00156767 0.00173622 0.00194572 0.00219817 0.00249586 0.00284126 0.00323703 0.00368595 0.00419081 0.00475441 0.00537942 0.00606834 0.0068234 0.00764647 0.00853903 0.009502 0.0105357 0.0116399 0.0128135 0.0140547 0.0153608 0.0167283 0.0181528 0.0196288 0.0211502 0.0227099 0.0242997 0.0259111 0.0275344 0.0291596 0.0307759 0.0323723 0.0339372 0.0354592 0.0369264 0.0383274 0.0396507 0.0408856 0.0420214 0.0430486 0.0439581 0.044742 0.0453933 0.045906 0.0462756 0.0464988 0.0465734 0.0464988 0.0462756 0.045906 0.0453933 0.044742 0.0439581 0.0430486 0.0420214 0.0408856 0.0396507 0.0383274 0.0369264 0.0354592 0.0339372 0.0323723 0.0307759 0.0291596 0.0275344 0.0259111 0.0242997 0.0227099 0.0211502 0.0196288 0.0181528 0.0167283 0.0153608 0.0140547 0.0128135 0.0116399 0.0105357 0.009502 0.00853903 0.00764647 0.0068234 0.00606834 0.00537942 0.00475441 0.00419081 0.00368595 0.00323703 0.00284126 0.00249586 0.00219817 0.00194572 0.00173622 0.00156767 0.0014384 0.00134705 0.00129264 
0.00129264 0.00131094 0.00136606 0.0014586 0.00158955 0.00176027 0.00197247 0.00222816 0.00252964 0.00287941 0.00328017 0.0037347 0.00424583 0.00481638 0.00544904 0.00614632 0.00691048 0.00774339 0.00864653 0.00962082 0.0106666 0.0117836 0.0129706 0.014226 0.0155468 0.0169296 0.0183699 0.0198622 0.0214002 0.0229768 0.0245838 0.0262123 0.0278529 0.0294952 0.0311284 0.0327414 0.0343226 0.0358601 0.0373424 0.0387576 0.0400943 0.0413416 0.0424889 0.0435263 0.0444449 0.0452366 0.0458943 0.0464121 0.0467854 0.0470107 0.047086 0.0470107 0.0467854 0.0464121 0.0458943 0.0452366 0.0444449 0.0435263 0.0424889 0.0413416 0.0400943 0.0387576 0.0373424 0.0358601 0.0343226 0.0327414 0.0311284 0.0294952 0.0278529 0.0262123 0.0245838 0.0229768 0.0214002 0.0198622 0.0183699 0.0169296 0.0155468 0.014226 0.0129706 0.0117836 0.0106666 0.00962082 0.00864653 0.00774339 0.00691048 0.00614632 0.00544904 0.00481638 0.00424583 0.0037347 0.00328017 0.00287941 0.00252964 0.00222816 0.00197247 0.00176027 0.00158955 0.0014586 0.00136606 0.00131094 
0.00134705 0.00136606 0.00142332 0.00151943 0.00165542 0.00183268 0.00205299 0.00231841 0.00263129 0.00299423 0.00340997 0.00388139 0.00441138 0.00500282 0.00565848 0.00638092 0.00717242 0.0080349 0.00896984 0.00997817 0.0110602 0.0122155 0.0134431 0.0147408 0.0161059 0.0175347 0.0190225 0.0205637 0.0221516 0.023779 0.0254374 0.0271177 0.02881 0.0305037 0.0321877 0.0338505 0.0354802 0.0370648 0.038592 0.04005 0.041427 0.0427116 0.043893 0.0449613 0.0459071 0.0467222 0.0473992 0.0479323 0.0483165 0.0485485 0.048626 0.0485485 0.0483165 0.0479323 0.0473992 0.0467222 0.0459071 0.0449613 0.043893 0.0427116 0.041427 0.04005 0.038592 0.0370648 0.0354802 0.0338505 0.0321877 0.0305037 0.02881 0.0271177 0.0254374 0.023779 0.0221516 0.0205637 0.0190225 0.0175347 0.0161059 0.0147408 0.0134431 0.0122155 0.0110602 0.00997817 0.00896984 0.0080349 0.00717242 0.00638092 0.00565848 0.00500282 0.00441138 0.00388139 0.00340997 0.00299423 0.00263129 0.00231841 0.00205299 0.00183268 0.00165542 0.00151943 0.00142332 0.00136606 
0.0014384 0.0014586 0.00151943 0.00162152 0.00176596 0.0019542 0.0021881 0.00246981 0.00280181 0.00318679 0.00362764 0.00412733 0.0046889 0.00531532 0.00600948 0.00677402 0.00761128 0.00852325 0.0095114 0.0105767 0.0117193 0.0129388 0.014234 0.0156026 0.0170418 0.0185474 0.0201146 0.0217373 0.0234087 0.025121 0.0268652 0.0286318 0.0304104 0.03219 0.0339588 0.0357048 0.0374156 0.0390784 0.0406808 0.0422101 0.0436541 0.045001 0.0462395 0.0473592 0.0483503 0.0492044 0.0499137 0.0504722 0.0508747 0.0511177 0.0511989 0.0511177 0.0508747 0.0504722 0.0499137 0.0492044 0.0483503 0.0473592 0.0462395 0.045001 0.0436541 0.0422101 0.0406808 0.0390784 0.0374156 0.0357048 0.0339588 0.03219 0.0304104 0.0286318 0.0268652 0.025121 0.0234087 0.0217373 0.0201146 0.0185474 0.0170418 0.0156026 0.014234 0.0129388 0.0117193 0.0105767 0.0095114 0.00852325 0.00761128 0.00677402 0.00600948 0.00531532 0.0046889 0.00412733 0.00362764 0.00318679 0.00280181 0.00246981 0.0021881 0.0019542 0.00176596 0.00162152 0.00151943 0.0014586 
0.00156767 0.00158955 0.00165542 0.00176596 0.00192232 0.00212605 0.00237912 0.00268383 0.00304279 0.00345887 0.00393511 0.00447467 0.00508075 0.00575649 0.00650489 0.00732874 0.00823047 0.00921211 0.0102752 0.0114206 0.0126484 0.0139583 0.0153486 0.016817 0.0183602 0.0199738 0.0216525 0.0233899 0.0251785 0.0270099 0.0288746 0.0307624 0.0326622 0.0345622 0.03645 0.0383127 0.040137 0.0419097 0.0436174 0.0452466 0.0467846 0.0482187 0.0495372 0.0507288 0.0517835 0.0526921 0.0534468 0.0540408 0.0544689 0.0547273 0.0548137 0.0547273 0.0544689 0.0540408 0.0534468 0.0526921 0.0517835 0.0507288 0.0495372 0.0482187 0.0467846 0.0452466 0.0436174 0.0419097 0.040137 0.0383127 0.03645 0.0345622 0.0326622 0.0307624 0.0288746 0.0270099 0.0251785 0.0233899 0.0216525 0.0199738 0.0183602 0.016817 0.0153486 0.0139583 0.0126484 0.0114206 0.0102752 0.00921211 0.00823047 0.00732874 0.00650489 0.00575649 0.00508075 0.00447467 0.00393511 0.00345887 0.00304279 0.00268383 0.00237912 0.00212605 0.00192232 0.00176596 0.00165542 0.00158955 
0.00173622 0.00176027 0.00183268 0.0019542 0.00212605 0.00234991 0.00262789 0.00296246 0.00335643 0.00381288 0.00433506 0.00492636 0.00559018 0.00632987 0.00714861 0.00804933 0.00903459 0.0101065 0.0112666 0.0125157 0.0138539 0.0152806 0.0167939 0.0183913 0.020069 0.0218222 0.023645 0.0255304 0.0274703 0.0294555 0.0314757 0.0335198 0.0355759 0.0376311 0.0396722 0.0416852 0.043656 0.0455701 0.0474133 0.0491713 0.0508302 0.0523766 0.0537979 0.0550821 0.0562186 0.0571974 0.0580102 0.05865 0.059111 0.0593892 0.0594822 0.0593892 0.059111 0.05865 0.0580102 0.0571974 0.0562186 0.0550821 0.0537979 0.0523766 0.0508302 0.0491713 0.0474133 0.0455701 0.043656 0.0416852 0.0396722 0.0376311 0.0355759 0.0335198 0.0314757 0.0294555 0.0274703 0.0255304 0.023645 0.0218222 0.020069 0.0183913 0.0167939 0.0152806 0.0138539 0.0125157 0.0112666 0.0101065 0.00903459 0.00804933 0.00714861 0.00632987 0.00559018 0.00492636 0.00433506 0.00381288 0.00335643 0.00296246 0.00262789 0.00234991 0.00212605 0.0019542 0.00183268 0.00176027 
0.00194572 0.00197247 0.00205299 0.0021881 0.00237912 0.00262789 0.00293668 0.0033082 0.00374548 0.00425184 0.00483083 0.00548606 0.00622122 0.00703989 0.00794547 0.00894106 0.0100294 0.0112126 0.0124923 0.0138692 0.0153434 0.0169139 0.0185787 0.0203348 0.0221779 0.0241027 0.0261027 0.02817 0.0302956 0.0324696 0.0346806 0.0369166 0.0391643 0.0414099 0.0436388 0.045836 0.0479861 0.0500734 0.0520825 0.053998 0.0558049 0.0574887 0.0590357 0.0604333 0.0616696 0.0627343 0.0636183 0.0643139 0.0648151 0.0651176 0.0652188 0.0651176 0.0648151 0.0643139 0.0636183 0.0627343 0.0616696 0.0604333 0.0590357 0.0574887 0.0558049 0.053998 0.0520825 0.0500734 0.0479861 0.045836 0.0436388 0.0414099 0.0391643 0.0369166 0.0346806 0.0324696 0.0302956 0.02817 0.0261027 0.0241027 0.0221779 0.0203348 0.0185787 0.0169139 0.0153434 0.0138692 0.0124923 0.0112126 0.0100294 0.00894106 0.00794547 0.00703989 0.00622122 0.00548606 0.00483083 0.00425184 0.00374548 0.0033082 0.00293668 0.00262789 0.00237912 0.0021881 0.00205299 0.00197247 
0.00219817 0.00222816 0.00231841 0.00246981 0.00268383 0.00296246 0.0033082 0.00372399 0.00421316 0.00477931 0.0054263 0.00615807 0.00697858 0.00789171 0.00890111 0.0100101 0.0112215 0.0125377 0.0139601 0.0154895 0.0171258 0.0188678 0.020713 0.022658 0.0246981 0.0268271 0.0290376 0.0313211 0.0336676 0.0360658 0.0385033 0.0409668 0.0434419 0.0459132 0.0483648 0.0507802 0.0531427 0.0554351 0.0576407 0.0597425 0.0617244 0.0635707 0.0652665 0.0667979 0.0681524 0.0693185 0.0702865 0.0710481 0.0715969 0.071928 0.0720387 0.071928 0.0715969 0.0710481 0.0702865 0.0693185 0.0681524 0.0667979 0.0652665 0.0635707 0.0617244 0.0597425 0.0576407 0.0554351 0.0531427 0.0507802 0.0483648 0.0459132 0.0434419 0.0409668 0.0385033 0.0360658 0.0336676 0.0313211 0.0290376 0.0268271 0.0246981 0.022658 0.020713 0.0188678 0.0171258 0.0154895 0.0139601 0.0125377 0.0112215 0.0100101 0.00890111 0.00789171 0.00697858 0.00615807 0.0054263 0.00477931 0.00421316 0.00372399 0.0033082 0.00296246 0.00268383 0.00246981 0.00231841 0.00222816 
0.00249586 0.00252964 0.00263129 0.00280181 0.00304279 0.00335643 0.00374548 0.00421316 0.0047631 0.00539928 0.00612588 0.0069472 0.00786755 0.00889112 0.0100218 0.0112633 0.0126184 0.0140897 0.0156786 0.0173858 0.019211 0.0211526 0.0232079 0.0253727 0.0276418 0.030008 0.0324633 0.0349978 0.0376004 0.0402586 0.0429588 0.045686 0.0484244 0.0511569 0.0538662 0.0565341 0.0591421 0.0616716 0.064104 0.0664211 0.0686051 0.0706389 0.0725063 0.0741922 0.0756829 0.076966 0.0780309 0.0788686 0.0794721 0.0798363 0.079958 0.0798363 0.0794721 0.0788686 0.0780309 0.076966 0.0756829 0.0741922 0.0725063 0.0706389 0.0686051 0.0664211 0.064104 0.0616716 0.0591421 0.0565341 0.0538662 0.0511569 0.0484244 0.045686 0.0429588 0.0402586 0.0376004 0.0349978 0.0324633 0.030008 0.0276418 0.0253727 0.0232079 0.0211526 0.019211 0.0173858 0.0156786 0.0140897 0.0126184 0.0112633 0.0100218 0.00889112 0.00786755 0.0069472 0.00612588 0.00539928 0.0047631 0.00421316 0.00374548 0.00335643 0.00304279 0.00280181 0.00263129 0.00252964 
0.00284126 0.00287941 0.00299423 0.00318679 0.00345887 0.00381288 0.00425184 0.00477931 0.00539928 0.00611609 0.00693432 0.00785868 0.00889385 0.0100444 0.0113145 0.012708 0.0142281 0.0158773 0.017657 0.019568 0.0216094 0.0237796 0.0260751 0.0284912 0.0310218 0.033659 0.0363935 0.0392142 0.0421089 0.0450634 0.0480626 0.0510899 0.0541277 0.0571573 0.0601593 0.0631139 0.0660006 0.0687991 0.0714889 0.0740501 0.0764631 0.0787093 0.0807711 0.0826319 0.0842768 0.0856923 0.0868668 0.0877907 0.0884562 0.0888577 0.0889919 0.0888577 0.0884562 0.0877907 0.0868668 0.0856923 0.0842768 0.0826319 0.0807711 0.0787093 0.0764631 0.0740501 0.0714889 0.0687991 0.0660006 0.0631139 0.0601593 0.0571573 0.0541277 0.0510899 0.0480626 0.0450634 0.0421089 0.0392142 0.0363935 0.033659 0.0310218 0.0284912 0.0260751 0.0237796 0.0216094 0.019568 0.017657 0.0158773 0.0142281 0.012708 0.0113145 0.0100444 0.00889385 0.00785868 0.00693432 0.00611609 0.00539928 0.00477931 0.00425184 0.00381288 0.00345887 0.00318679 0.00299423 0.00287941 
0.00323703 0.00328017 0.00340997 0.00362764 0.00393511 0.00433506 0.00483083 0.0054263 0.00612588 0.00693432 0.00785665 0.008898 0.0100635 0.011358 0.0127861 0.0143519 0.0160588 0.0179093 0.019905 0.0220461 0.0243319 0.02676 0.0293265 0.032026 0.0348513 0.0377936 0.0408422 0.0439849 0.0472077 0.0504951 0.0538299 0.0571939 0.0605674 0.0639298 0.0672598 0.0705352 0.0737338 0.076833 0.0798106 0.0826444 0.0853132 0.0877966 0.0900753 0.0921312 0.093948 0.0955112 0.096808 0.0978278 0.0985623 0.0990055 0.0991536 0.0990055 0.0985623 0.0978278 0.096808 0.0955112 0.093948 0.0921312 0.0900753 0.0877966 0.0853132 0.0826444 0.0798106 0.076833 0.0737338 0.0705352 0.0672598 0.0639298 0.0605674 0.0571939 0.0538299 0.0504951 0.0472077 0.0439849 0.0408422 0.0377936 0.0348513 0.032026 0.0293265 0.02676 0.0243319 0.0220461 0.019905 0.0179093 0.0160588 0.0143519 0.0127861 0.011358 0.0100635 0.008898 0.00785665 0.00693432 0.00612588 0.0054263 0.00483083 0.00433506 0.00393511 0.00362764 0.00340997 0.00328017 
0.00368595 0.0037347 0.00388139 0.00412733 0.00447467 0.00492636 0.00548606 0.00615807 0.0069472 0.00785868 0.008898 0.0100708 0.0113825 0.0128386 0.014444 0.0162029 0.018119 0.0201948 0.0224319 0.0248304 0.0273891 0.0301051 0.032974 0.0359893 0.0391429 0.0424248 0.0458229 0.0493235 0.0529109 0.0565677 0.0602749 0.0640122 0.0677577 0.0714887 0.0751816 0.078812 0.0823553 0.0857868 0.089082 0.0922168 0.0951679 0.0979128 0.100431 0.102702 0.104708 0.106434 0.107865 0.108991 0.109801 0.11029 0.110453 0.11029 0.109801 0.108991 0.107865 0.106434 0.104708 0.102702 0.100431 0.0979128 0.0951679 0.0922168 0.089082 0.0857868 0.0823553 0.078812 0.0751816 0.0714887 0.0677577 0.0640122 0.0602749 0.0565677 0.0529109 0.0493235 0.0458229 0.0424248 0.0391429 0.0359893 0.032974 0.0301051 0.0273891 0.0248304 0.0224319 0.0201948 0.018119 0.0162029 0.014444 0.0128386 0.0113825 0.0100708 0.008898 0.00785868 0.0069472 0.00615807 0.00548606 0.00492636 0.00447467 0.00412733 0.00388139 0.0037347 
0.00419081 0.00424583 0.00441138 0.0046889 0.00508075 0.00559018 0.00622122 0.00697858 0.00786755 0.00889385 0.0100635 0.0113825 0.012857 0.0144928 0.016295 0.0182684 0.0204166 0.0227423 0.025247 0.0279305 0.0307912 0.0338256 0.0370285 0.0403926 0.0439084 0.0475647 0.0513479 0.0552425 0.0592309 0.0632939 0.0674102 0.0715572 0.0757108 0.0798459 0.0839363 0.0879553 0.0918758 0.0956708 0.0993132 0.102777 0.106036 0.109066 0.111845 0.11435 0.116563 0.118466 0.120044 0.121285 0.122178 0.122717 0.122897 0.122717 0.122178 0.121285 0.120044 0.118466 0.116563 0.11435 0.111845 0.109066 0.106036 0.102777 0.0993132 0.0956708 0.0918758 0.0879553 0.0839363 0.0798459 0.0757108 0.0715572 0.0674102 0.0632939 0.0592309 0.0552425 0.0513479 0.0475647 0.0439084 0.0403926 0.0370285 0.0338256 0.0307912 0.0279305 0.025247 0.0227423 0.0204166 0.0182684 0.016295 0.0144928 0.012857 0.0113825 0.0100635 0.00889385 0.00786755 0.00697858 0.00622122 0.00559018 0.00508075 0.0046889 0.00441138 0.00424583 
0.00475441 0.00481638 0.00500282 0.00531532 0.00575649 0.00632987 0.00703989 0.00789171 0.00889112 0.0100444 0.011358 0.0128386 0.0144928 0.0163267 0.0183459 0.0205555 0.0229593 0.0255599 0.0283587 0.0313552 0.0345474 0.037931 0.0415 0.0452459 0.0491581 0.0532237 0.0574275 0.0617522 0.0661781 0.0706837 0.0752456 0.0798385 0.0844359 0.0890101 0.0935322 0.0979729 0.102302 0.106491 0.11051 0.114329 0.117922 0.121261 0.124321 0.12708 0.129516 0.131611 0.133347 0.134712 0.135695 0.136287 0.136485 0.136287 0.135695 0.134712 0.133347 0.131611 0.129516 0.12708 0.124321 0.121261 0.117922 0.114329 0.11051 0.106491 0.102302 0.0979729 0.0935322 0.0890101 0.0844359 0.0798385 0.0752456 0.0706837 0.0661781 0.0617522 0.0574275 0.0532237 0.0491581 0.0452459 0.0415 0.037931 0.0345474 0.0313552 0.0283587 0.0255599 0.0229593 0.0205555 0.0183459 0.0163267 0.0144928 0.0128386 0.011358 0.0100444 0.00889112 0.00789171 0.00703989 0.00632987 0.00575649 0.00531532 0.00500282 0.00481638 
0.00537942 0.00544904 0.00565848 0.00600948 0.00650489 0.00714861 0.00794547 0.00890111 0.0100218 0.0113145 0.0127861 0.014444 0.016295 0.0183459 0.0206028 0.0230708 0.0257538 0.0286547 0.0317744 0.0351123 0.0386656 0.0424294 0.0463966 0.0505575 0.0549002 0.05941 0.0640699 0.0688604 0.0737599 0.0787442 0.0837875 0.088862 0.0939382 0.0989858 0.103973 0.108868 0.113637 0.11825 0.122672 0.126874 0.130824 0.134494 0.137857 0.140888 0.143562 0.145862 0.147768 0.149265 0.150344 0.150994 0.151211 0.150994 0.150344 0.149265 0.147768 0.145862 0.143562 0.140888 0.137857 0.134494 0.130824 0.126874 0.122672 0.11825 0.113637 0.108868 0.103973 0.0989858 0.0939382 0.088862 0.0837875 0.0787442 0.0737599 0.0688604 0.0640699 0.05941 0.0549002 0.0505575 0.0463966 0.0424294 0.0386656 0.0351123 0.0317744 0.0286547 0.0257538 0.0230708 0.0206028 0.0183459 0.016295 0.014444 0.0127861 0.0113145 0.0100218 0.00890111 0.00794547 0.00714861 0.00650489 0.00600948 0.00565848 0.00544904 
0.00606834 0.00614632 0.00638092 0.00677402 0.00732874 0.00804933 0.00894106 0.0100101 0.0112633 0.012708 0.0143519 0.0162029 0.0182684 0.0205555 0.0230708 0.0258195 0.0288058 0.0320325 0.0355002 0.0392078 0.043152 0.0473269 0.0517244 0.0563334 0.0611404 0.0661289 0.0712798 0.0765717 0.0819801 0.0874786 0.0930385 0.0986292 0.104218 0.109773 0.115257 0.120637 0.125877 0.130941 0.135794 0.140403 0.144735 0.148757 0.152442 0.155761 0.15869 0.161207 0.163293 0.164932 0.166112 0.166823 0.167061 0.166823 0.166112 0.164932 0.163293 0.161207 0.15869 0.155761 0.152442 0.148757 0.144735 0.140403 0.135794 0.130941 0.125877 0.120637 0.115257 0.109773 0.104218 0.0986292 0.0930385 0.0874786 0.0819801 0.0765717 0.0712798 0.0661289 0.0611404 0.0563334 0.0517244 0.0473269 0.043152 0.0392078 0.0355002 0.0320325 0.0288058 0.0258195 0.0230708 0.0205555 0.0182684 0.0162029 0.0143519 0.012708 0.0112633 0.0100101 0.00894106 0.00804933 0.00732874 0.00677402 0.00638092 0.00614632 
0.0068234 0.00691048 0.00717242 0.00761128 0.00823047 0.00903459 0.0100294 0.0112215 0.0126184 0.0142281 0.0160588 0.018119 0.0204166 0.0229593 0.0257538 0.0288058 0.0321196 0.0356975 0.0395401 0.0436459 0.0480105 0.0526274 0.0574869 0.0625766 0.0678812 0.0733823 0.0790587 0.0848864 0.0908384 0.0968855 0.102996 0.109137 0.115272 0.121365 0.127378 0.133273 0.139011 0.144554 0.149864 0.154904 0.159638 0.164034 0.168058 0.171682 0.174879 0.177626 0.179902 0.18169 0.182976 0.183752 0.184012 0.183752 0.182976 0.18169 0.179902 0.177626 0.174879 0.171682 0.168058 0.164034 0.159638 0.154904 0.149864 0.144554 0.139011 0.133273 0.127378 0.121365 0.115272 0.109137 0.102996 0.0968855 0.0908384 0.0848864 0.0790587 0.0733823 0.0678812 0.0625766 0.0574869 0.0526274 0.0480105 0.0436459 0.0395401 0.0356975 0.0321196 0.0288058 0.0257538 0.0229593 0.0204166 0.018119 0.0160588 0.0142281 0.0126184 0.0112215 0.0100294 0.00903459 0.00823047 0.00761128 0.00717242 0.00691048 
0.00764647 0.00774339 0.0080349 0.00852325 0.00921211 0.0101065 0.0112126 0.0125377 0.0140897 0.0158773 0.0179093 0.0201948 0.0227423 0.0255599 0.0286547 0.0320325 0.0356975 0.0396521 0.0438965 0.0484284 0.0532427 0.0583317 0.0636844 0.0692868 0.0751217 0.0811685 0.0874037 0.0938006 0.10033 0.106959 0.113653 0.120375 0.127088 0.13375 0.140321 0.146759 0.153023 0.15907 0.16486 0.170353 0.175511 0.180298 0.184678 0.188622 0.192101 0.195088 0.197563 0.199507 0.200905 0.201749 0.202031 0.201749 0.200905 0.199507 0.197563 0.195088 0.192101 0.188622 0.184678 0.180298 0.175511 0.170353 0.16486 0.15907 0.153023 0.146759 0.140321 0.13375 0.127088 0.120375 0.113653 0.106959 0.10033 0.0938006 0.0874037 0.0811685 0.0751217 0.0692868 0.0636844 0.0583317 0.0532427 0.0484284 0.0438965 0.0396521 0.0356975 0.0320325 0.0286547 0.0255599 0.0227423 0.0201948 0.0179093 0.0158773 0.0140897 0.0125377 0.0112126 0.0101065 0.00921211 0.00852325 0.0080349 0.00774339 
0.00853903 0.00864653 0.00896984 0.0095114 0.0102752 0.0112666 0.0124923 0.0139601 0.0156786 0.017657 0.019905 0.0224319 0.025247 0.0283587 0.0317744 0.0355002 0.0395401 0.0438965 0.0485689 0.0535544 0.058847 0.0644377 0.0703139 0.0764601 0.0828567 0.0894811 0.0963071 0.103305 0.110443 0.117686 0.124994 0.132329 0.139648 0.146908 0.154065 0.161072 0.167886 0.174461 0.180753 0.18672 0.19232 0.197515 0.202268 0.206545 0.210316 0.213554 0.216236 0.218342 0.219857 0.220771 0.221076 0.220771 0.219857 0.218342 0.216236 0.213554 0.210316 0.206545 0.202268 0.197515 0.19232 0.18672 0.180753 0.174461 0.167886 0.161072 0.154065 0.146908 0.139648 0.132329 0.124994 0.117686 0.110443 0.103305 0.0963071 0.0894811 0.0828567 0.0764601 0.0703139 0.0644377 0.058847 0.0535544 0.0485689 0.0438965 0.0395401 0.0355002 0.0317744 0.0283587 0.025247 0.0224319 0.019905 0.017657 0.0156786 0.0139601 0.0124923 0.0112666 0.0102752 0.0095114 0.00896984 0.00864653 
0.009502 0.00962082 0.00997817 0.0105767 0.0114206 0.0125157 0.0138692 0.0154895 0.0173858 0.019568 0.0220461 0.0248304 0.0279305 0.0313552 0.0351123 0.0392078 0.0436459 0.0484284 0.0535544 0.0590202 0.0648187 0.0709395 0.0773686 0.0840881 0.0910767 0.098309 0.105756 0.113386 0.121163 0.129048 0.137001 0.144976 0.15293 0.160814 0.168581 0.176182 0.183568 0.190692 0.197506 0.203965 0.210024 0.215642 0.22078 0.225402 0.229476 0.232973 0.235869 0.238143 0.239779 0.240765 0.241095 0.240765 0.239779 0.238143 0.235869 0.232973 0.229476 0.225402 0.22078 0.215642 0.210024 0.203965 0.197506 0.190692 0.183568 0.176182 0.168581 0.160814 0.15293 0.144976 0.137001 0.129048 0.121163 0.113386 0.105756 0.098309 0.0910767 0.0840881 0.0773686 0.0709395 0.0648187 0.0590202 0.0535544 0.0484284 0.0436459 0.0392078 0.0351123 0.0313552 0.0279305 0.0248304 0.0220461 0.019568 0.0173858 0.0154895 0.0138692 0.0125157 0.0114206 0.0105767 0.00997817 0.00962082 
0.0105357 0.0106666 0.0110602 0.0117193 0.0126484 0.0138539 0.0153434 0.0171258 0.019211 0.0216094 0.0243319 0.0273891 0.0307912 0.0345474 0.0386656 0.043152 0.0480105 0.0532427 0.058847 0.0648187 0.0711496 0.0778277 0.0848373 0.0921585 0.0997674 0.107636 0.115733 0.124023 0.132467 0.141022 0.149645 0.158287 0.166899 0.175432 0.183832 0.192048 0.200027 0.207719 0.215072 0.222038 0.22857 0.234624 0.240159 0.245137 0.249522 0.253286 0.256402 0.258849 0.260608 0.261669 0.262023 0.261669 0.260608 0.258849 0.256402 0.253286 0.249522 0.245137 0.240159 0.234624 0.22857 0.222038 0.215072 0.207719 0.200027 0.192048 0.183832 0.175432 0.166899 0.158287 0.149645 0.141022 0.132467 0.124023 0.115733 0.107636 0.0997674 0.0921585 0.0848373 0.0778277 0.0711496 0.0648187 0.058847 0.0532427 0.0480105 0.043152 0.0386656 0.0345474 0.0307912 0.0273891 0.0243319 0.0216094 0.019211 0.0171258 0.0153434 0.0138539 0.0126484 0.0117193 0.0110602 0.0106666 
0.0116399 0.0117836 0.0122155 0.0129388 0.0139583 0.0152806 0.0169139 0.0188678 0.0211526 0.0237796 0.02676 0.0301051 0.0338256 0.037931 0.0424294 0.0473269 0.0526274 0.0583317 0.0644377 0.0709395 0.0778277 0.0850888 0.0927048 0.100654 0.10891 0.117441 0.126214 0.13519 0.144326 0.153576 0.162893 0.172225 0.181518 0.19072 0.199773 0.208622 0.217211 0.225487 0.233394 0.240881 0.247898 0.254399 0.26034 0.265681 0.270386 0.274423 0.277763 0.280386 0.282272 0.283408 0.283788 0.283408 0.282272 0.280386 0.277763 0.274423 0.270386 0.265681 0.26034 0.254399 0.247898 0.240881 0.233394 0.225487 0.217211 0.208622 0.199773 0.19072 0.181518 0.172225 0.162893 0.153576 0.144326 0.13519 0.126214 0.117441 0.10891 0.100654 0.0927048 0.0850888 0.0778277 0.0709395 0.0644377 0.0583317 0.0526274 0.0473269 0.0424294 0.037931 0.0338256 0.0301051 0.02676 0.0237796 0.0211526 0.0188678 0.0169139 0.0152806 0.0139583 0.0129388 0.0122155 0.0117836 
0.0128135 0.0129706 0.0134431 0.014234 0.0153486 0.0167939 0.0185787 0.020713 0.0232079 0.0260751 0.0293265 0.032974 0.0370285 0.0415 0.0463966 0.0517244 0.0574869 0.0636844 0.0703139 0.0773686 0.0848373 0.0927048 0.100951 0.109552 0.118479 0.127697 0.13717 0.146854 0.156705 0.166673 0.176704 0.186746 0.196739 0.206627 0.21635 0.225848 0.235062 0.243934 0.252407 0.260425 0.267938 0.274894 0.281249 0.286959 0.291988 0.296301 0.29987 0.302671 0.304686 0.305899 0.306305 0.305899 0.304686 0.302671 0.29987 0.296301 0.291988 0.286959 0.281249 0.274894 0.267938 0.260425 0.252407 0.243934 0.235062 0.225848 0.21635 0.206627 0.196739 0.186746 0.176704 0.166673 0.156705 0.146854 0.13717 0.127697 0.118479 0.109552 0.100951 0.0927048 0.0848373 0.0773686 0.0703139 0.0636844 0.0574869 0.0517244 0.0463966 0.0415 0.0370285 0.032974 0.0293265 0.0260751 0.0232079 0.020713 0.0185787 0.0167939 0.0153486 0.014234 0.0134431 0.0129706 
0.0140547 0.014226 0.0147408 0.0156026 0.016817 0.0183913 0.0203348 0.022658 0.0253727 0.0284912 0.032026 0.0359893 0.0403926 0.0452459 0.0505575 0.0563334 0.0625766 0.0692868 0.0764601 0.0840881 0.0921585 0.100654 0.109552 0.118827 0.128446 0.138372 0.148565 0.158978 0.169563 0.180266 0.191031 0.201798 0.212508 0.223097 0.233503 0.243662 0.253512 0.26299 0.272037 0.280595 0.288609 0.296026 0.302799 0.308884 0.31424 0.318833 0.322632 0.325613 0.327757 0.329049 0.32948 0.329049 0.327757 0.325613 0.322632 0.318833 0.31424 0.308884 0.302799 0.296026 0.288609 0.280595 0.272037 0.26299 0.253512 0.243662 0.233503 0.223097 0.212508 0.201798 0.191031 0.180266 0.169563 0.158978 0.148565 0.138372 0.128446 0.118827 0.109552 0.100654 0.0921585 0.0840881 0.0764601 0.0692868 0.0625766 0.0563334 0.0505575 0.0452459 0.0403926 0.0359893 0.032026 0.0284912 0.0253727 0.022658 0.0203348 0.0183913 0.016817 0.0156026 0.0147408 0.014226 
0.0153608 0.0155468 0.0161059 0.0170418 0.0183602 0.020069 0.0221779 0.0246981 0.0276418 0.0310218 0.0348513 0.0391429 0.0439084 0.0491581 0.0549002 0.0611404 0.0678812 0.0751217 0.0828567 0.0910767 0.0997674 0.10891 0.118479 0.128446 0.138775 0.149427 0.160358 0.171517 0.182852 0.194306 0.205817 0.217324 0.228762 0.240063 0.251162 0.261991 0.272484 0.282576 0.292203 0.301305 0.309824 0.317705 0.324899 0.33136 0.337045 0.341918 0.345949 0.349111 0.351384 0.352754 0.353211 0.352754 0.351384 0.349111 0.345949 0.341918 0.337045 0.33136 0.324899 0.317705 0.309824 0.301305 0.292203 0.282576 0.272484 0.261991 0.251162 0.240063 0.228762 0.217324 0.205817 0.194306 0.182852 0.171517 0.160358 0.149427 0.138775 0.128446 0.118479 0.10891 0.0997674 0.0910767 0.0828567 0.0751217 0.0678812 0.0611404 0.0549002 0.0491581 0.0439084 0.0391429 0.0348513 0.0310218 0.0276418 0.0246981 0.0221779 0.020069 0.0183602 0.0170418 0.0161059 0.0155468 
0.0167283 0.0169296 0.0175347 0.0185474 0.0199738 0.0218222 0.0241027 0.0268271 0.030008 0.033659 0.0377936 0.0424248 0.0475647 0.0532237 0.05941 0.0661289 0.0733823 0.0811685 0.0894811 0.098309 0.107636 0.117441 0.127697 0.138372 0.149427 0.16082 0.172502 0.184421 0.196518 0.208734 0.221003 0.233259 0.245432 0.257454 0.269251 0.280756 0.291896 0.302604 0.312814 0.322461 0.331487 0.339833 0.347448 0.354284 0.360297 0.365451 0.369712 0.373054 0.375456 0.376904 0.377387 0.376904 0.375456 0.373054 0.369712 0.365451 0.360297 0.354284 0.347448 0.339833 0.331487 0.322461 0.312814 0.302604 0.291896 0.280756 0.269251 0.257454 0.245432 0.233259 0.221003 0.208734 0.196518 0.184421 0.172502 0.16082 0.149427 0.138372 0.127697 0.117441 0.107636 0.098309 0.0894811 0.0811685 0.0733823 0.0661289 0.05941 0.0532237 0.0475647 0.0424248 0.0377936 0.033659 0.030008 0.0268271 0.0241027 0.0218222 0.0199738 0.0185474 0.0175347 0.0169296 
0.0181528 0.0183699 0.0190225 0.0201146 0.0216525 0.023645 0.0261027 0.0290376 0.0324633 0.0363935 0.0408422 0.0458229 0.0513479 0.0574275 0.0640699 0.0712798 0.0790587 0.0874037 0.0963071 0.105756 0.115733 0.126214 0.13717 0.148565 0.160358 0.172502 0.184947 0.197634 0.210502 0.223487 0.236521 0.249531 0.262445 0.275189 0.287689 0.299869 0.311658 0.322982 0.333774 0.343966 0.353495 0.362304 0.370338 0.377546 0.383886 0.389317 0.393807 0.397328 0.399858 0.401382 0.401891 0.401382 0.399858 0.397328 0.393807 0.389317 0.383886 0.377546 0.370338 0.362304 0.353495 0.343966 0.333774 0.322982 0.311658 0.299869 0.287689 0.275189 0.262445 0.249531 0.236521 0.223487 0.210502 0.197634 0.184947 0.172502 0.160358 0.148565 0.13717 0.126214 0.115733 0.105756 0.0963071 0.0874037 0.0790587 0.0712798 0.0640699 0.0574275 0.0513479 0.0458229 0.0408422 0.0363935 0.0324633 0.0290376 0.0261027 0.023645 0.0216525 0.0201146 0.0190225 0.0183699 
0.0196288 0.0198622 0.0205637 0.0217373 0.0233899 0.0255304 0.02817 0.0313211 0.0349978 0.0392142 0.0439849 0.0493235 0.0552425 0.0617522 0.0688604 0.0765717 0.0848864 0.0938006 0.103305 0.113386 0.124023 0.13519 0.146854 0.158978 0.171517 0.184421 0.197634 0.211095 0.224739 0.238498 0.252298 0.266064 0.279719 0.293186 0.306386 0.31924 0.331674 0.343611 0.35498 0.365712 0.375741 0.385008 0.393455 0.401032 0.407693 0.413398 0.418113 0.42181 0.424466 0.426066 0.426601 0.426066 0.424466 0.42181 0.418113 0.413398 0.407693 0.401032 0.393455 0.385008 0.375741 0.365712 0.35498 0.343611 0.331674 0.31924 0.306386 0.293186 0.279719 0.266064 0.252298 0.238498 0.224739 0.211095 0.197634 0.184421 0.171517 0.158978 0.146854 0.13519 0.124023 0.113386 0.103305 0.0938006 0.0848864 0.0765717 0.0688604 0.0617522 0.0552425 0.0493235 0.0439849 0.0392142 0.0349978 0.0313211 0.02817 0.0255304 0.0233899 0.0217373 0.0205637 0.0198622 
0.0211502 0.0214002 0.0221516 0.0234087 0.0251785 0.0274703 0.0302956 0.0336676 0.0376004 0.0421089 0.0472077 0.0529109 0.0592309 0.0661781 0.0737599 0.0819801 0.0908384 0.10033 0.110443 0.121163 0.132467 0.144326 0.156705 0.169563 0.182852 0.196518 0.210502 0.224739 0.23916 0.253691 0.268256 0.282776 0.297169 0.311354 0.325249 0.338772 0.351844 0.364387 0.376326 0.38759 0.398112 0.407828 0.416682 0.424621 0.431598 0.437571 0.442507 0.446376 0.449155 0.450829 0.451388 0.450829 0.449155 0.446376 0.442507 0.437571 0.431598 0.424621 0.416682 0.407828 0.398112 0.38759 0.376326 0.364387 0.351844 0.338772 0.325249 0.311354 0.297169 0.282776 0.268256 0.253691 0.23916 0.224739 0.210502 0.196518 0.182852 0.169563 0.156705 0.144326 0.132467 0.121163 0.110443 0.10033 0.0908384 0.0819801 0.0737599 0.0661781 0.0592309 0.0529109 0.0472077 0.0421089 0.0376004 0.0336676 0.0302956 0.0274703 0.0251785 0.0234087 0.0221516 0.0214002 
0.0227099 0.0229768 0.023779 0.025121 0.0270099 0.0294555 0.0324696 0.0360658 0.0402586 0.0450634 0.0504951 0.0565677 0.0632939 0.0706837 0.0787442 0.0874786 0.0968855 0.106959 0.117686 0.129048 0.141022 0.153576 0.166673 0.180266 0.194306 0.208734 0.223487 0.238498 0.253691 0.268991 0.284315 0.299582 0.314705 0.3296 0.344181 0.358363 0.372063 0.385201 0.3977 0.409486 0.42049 0.430647 0.439898 0.44819 0.455474 0.46171 0.46686 0.470896 0.473796 0.475542 0.476125 0.475542 0.473796 0.470896 0.46686 0.46171 0.455474 0.44819 0.439898 0.430647 0.42049 0.409486 0.3977 0.385201 0.372063 0.358363 0.344181 0.3296 0.314705 0.299582 0.284315 0.268991 0.253691 0.238498 0.223487 0.208734 0.194306 0.180266 0.166673 0.153576 0.141022 0.129048 0.117686 0.106959 0.0968855 0.0874786 0.0787442 0.0706837 0.0632939 0.0565677 0.0504951 0.0450634 0.0402586 0.0360658 0.0324696 0.0294555 0.0270099 0.025121 0.023779 0.0229768 
0.0242997 0.0245838 0.0254374 0.0268652 0.0288746 0.0314757 0.0346806 0.0385033 0.0429588 0.0480626 0.0538299 0.0602749 0.0674102 0.0752456 0.0837875 0.0930385 0.102996 0.113653 0.124994 0.137001 0.149645 0.162893 0.176704 0.191031 0.205817 0.221003 0.236521 0.252298 0.268256 0.284315 0.30039 0.316392 0.332235 0.347828 0.363082 0.37791 0.392225 0.405946 0.418991 0.431286 0.442758 0.453344 0.462981 0.471615 0.479197 0.485686 0.491044 0.495242 0.498257 0.500073 0.500679 0.500073 0.498257 0.495242 0.491044 0.485686 0.479197 0.471615 0.462981 0.453344 0.442758 0.431286 0.418991 0.405946 0.392225 0.37791 0.363082 0.347828 0.332235 0.316392 0.30039 0.284315 0.268256 0.252298 0.236521 0.221003 0.205817 0.191031 0.176704 0.162893 0.149645 0.137001 0.124994 0.113653 0.102996 0.0930385 0.0837875 0.0752456 0.0674102 0.0602749 0.0538299 0.0480626 0.0429588 0.0385033 0.0346806 0.0314757 0.0288746 0.0268652 0.0254374 0.0245838 
0.0259111 0.0262123 0.0271177 0.0286318 0.0307624 0.0335198 0.0369166 0.0409668 0.045686 0.0510899 0.0571939 0.0640122 0.0715572 0.0798385 0.088862 0.0986292 0.109137 0.120375 0.132329 0.144976 0.158287 0.172225 0.186746 0.201798 0.217324 0.233259 0.249531 0.266064 0.282776 0.299582 0.316392 0.333117 0.349663 0.365939 0.38185 0.397308 0.412222 0.426508 0.440083 0.452871 0.464798 0.475797 0.485806 0.49477 0.50264 0.509372 0.51493 0.519284 0.52241 0.524293 0.524922 0.524293 0.52241 0.519284 0.51493 0.509372 0.50264 0.49477 0.485806 0.475797 0.464798 0.452871 0.440083 0.426508 0.412222 0.397308 0.38185 0.365939 0.349663 0.333117 0.316392 0.299582 0.282776 0.266064 0.249531 0.233259 0.217324 0.201798 0.186746 0.172225 0.158287 0.144976 0.132329 0.120375 0.109137 0.0986292 0.088862 0.0798385 0.0715572 0.0640122 0.0571939 0.0510899 0.045686 0.0409668 0.0369166 0.0335198 0.0307624 0.0286318 0.0271177 0.0262123 
0.0275344 0.0278529 0.02881 0.0304104 0.0326622 0.0355759 0.0391643 0.0434419 0.0484244 0.0541277 0.0605674 0.0677577 0.0757108 0.0844359 0.0939382 0.104218 0.115272 0.127088 0.139648 0.15293 0.166899 0.181518 0.196739 0.212508 0.228762 0.245432 0.262445 0.279719 0.297169 0.314705 0.332235 0.349663 0.366895 0.383833 0.400383 0.41645 0.431944 0.446776 0.460863 0.474125 0.486489 0.497885 0.508252 0.517532 0.525677 0.532642 0.538391 0.542893 0.546126 0.548073 0.548722 0.548073 0.546126 0.542893 0.538391 0.532642 0.525677 0.517532 0.508252 0.497885 0.486489 0.474125 0.460863 0.446776 0.431944 0.41645 0.400383 0.383833 0.366895 0.349663 0.332235 0.314705 0.297169 0.279719 0.262445 0.245432 0.228762 0.212508 0.196739 0.181518 0.166899 0.15293 0.139648 0.127088 0.115272 0.104218 0.0939382 0.0844359 0.0757108 0.0677577 0.0605674 0.0541277 0.0484244 0.0434419 0.0391643 0.0355759 0.0326622 0.0304104 0.02881 0.0278529 
0.0291596 0.0294952 0.0305037 0.03219 0.0345622 0.0376311 0.0414099 0.0459132 0.0511569 0.0571573 0.0639298 0.0714887 0.0798459 0.0890101 0.0989858 0.109773 0.121365 0.13375 0.146908 0.160814 0.175432 0.19072 0.206627 0.223097 0.240063 0.257454 0.275189 0.293186 0.311354 0.3296 0.347828 0.365939 0.383833 0.401413 0.418578 0.435233 0.451284 0.466641 0.481218 0.494935 0.507716 0.519491 0.530198 0.53978 0.548186 0.555373 0.561303 0.565946 0.56928 0.571286 0.571956 0.571286 0.56928 0.565946 0.561303 0.555373 0.548186 0.53978 0.530198 0.519491 0.507716 0.494935 0.481218 0.466641 0.451284 0.435233 0.418578 0.401413 0.383833 0.365939 0.347828 0.3296 0.311354 0.293186 0.275189 0.257454 0.240063 0.223097 0.206627 0.19072 0.175432 0.160814 0.146908 0.13375 0.121365 0.109773 0.0989858 0.0890101 0.0798459 0.0714887 0.0639298 0.0571573 0.0511569 0.0459132 0.0414099 0.0376311 0.0345622 0.03219 0.0305037 0.0294952 
0.0307759 0.0311284 0.0321877 0.0339588 0.03645 0.0396722 0.0436388 0.0483648 0.0538662 0.0601593 0.0672598 0.0751816 0.0839363 0.0935322 0.103973 0.115257 0.127378 0.140321 0.154065 0.168581 0.183832 0.199773 0.21635 0.233503 0.251162 0.269251 0.287689 0.306386 0.325249 0.344181 0.363082 0.38185 0.400383 0.418578 0.436334 0.453551 0.470135 0.485992 0.501037 0.515186 0.528364 0.540499 0.551529 0.561396 0.570048 0.577444 0.583545 0.588321 0.59175 0.593813 0.594502 0.593813 0.59175 0.588321 0.583545 0.577444 0.570048 0.561396 0.551529 0.540499 0.528364 0.515186 0.501037 0.485992 0.470135 0.453551 0.436334 0.418578 0.400383 0.38185 0.363082 0.344181 0.325249 0.306386 0.287689 0.269251 0.251162 0.233503 0.21635 0.199773 0.183832 0.168581 0.154065 0.140321 0.127378 0.115257 0.103973 0.0935322 0.0839363 0.0751816 0.0672598 0.0601593 0.0538662 0.0483648 0.0436388 0.0396722 0.03645 0.0339588 0.0321877 0.0311284 
0.0323723 0.0327414 0.0338505 0.0357048 0.0383127 0.0416852 0.045836 0.0507802 0.0565341 0.0631139 0.0705352 0.078812 0.0879553 0.0979729 0.108868 0.120637 0.133273 0.146759 0.161072 0.176182 0.192048 0.208622 0.225848 0.243662 0.261991 0.280756 0.299869 0.31924 0.338772 0.358363 0.37791 0.397308 0.41645 0.435233 0.453551 0.471304 0.488393 0.504726 0.520213 0.534771 0.548323 0.560798 0.572131 0.582265 0.59115 0.598741 0.605002 0.609903 0.61342 0.615537 0.616244 0.615537 0.61342 0.609903 0.605002 0.598741 0.59115 0.582265 0.572131 0.560798 0.548323 0.534771 0.520213 0.504726 0.488393 0.471304 0.453551 0.435233 0.41645 0.397308 0.37791 0.358363 0.338772 0.31924 0.299869 0.280756 0.261991 0.243662 0.225848 0.208622 0.192048 0.176182 0.161072 0.146759 0.133273 0.120637 0.108868 0.0979729 0.0879553 0.078812 0.0705352 0.0631139 0.0565341 0.0507802 0.045836 0.0416852 0.0383127 0.0357048 0.0338505 0.0327414 
0.0339372 0.0343226 0.0354802 0.0374156 0.040137 0.043656 0.0479861 0.0531427 0.0591421 0.0660006 0.0737338 0.0823553 0.0918758 0.102302 0.113637 0.125877 0.139011 0.153023 0.167886 0.183568 0.200027 0.217211 0.235062 0.253512 0.272484 0.291896 0.311658 0.331674 0.351844 0.372063 0.392225 0.412222 0.431944 0.451284 0.470135 0.488393 0.50596 0.52274 0.538643 0.553585 0.567488 0.58028 0.591897 0.602282 0.611382 0.619156 0.625566 0.630583 0.634182 0.636348 0.637071 0.636348 0.634182 0.630583 0.625566 0.619156 0.611382 0.602282 0.591897 0.58028 0.567488 0.553585 0.538643 0.52274 0.50596 0.488393 0.470135 0.451284 0.431944 0.412222 0.392225 0.372063 0.351844 0.331674 0.311658 0.291896 0.272484 0.253512 0.235062 0.217211 0.200027 0.183568 0.167886 0.153023 0.139011 0.125877 0.113637 0.102302 0.0918758 0.0823553 0.0737338 0.0660006 0.0591421 0.0531427 0.0479861 0.043656 0.040137 0.0374156 0.0354802 0.0343226 
0.0354592 0.0358601 0.0370648 0.0390784 0.0419097 0.0455701 0.0500734 0.0554351 0.0616716 0.0687991 0.076833 0.0857868 0.0956708 0.106491 0.11825 0.130941 0.144554 0.15907 0.174461 0.190692 0.207719 0.225487 0.243934 0.26299 0.282576 0.302604 0.322982 0.343611 0.364387 0.385201 0.405946 0.426508 0.446776 0.466641 0.485992 0.504726 0.52274 0.539939 0.556231 0.57153 0.58576 0.598847 0.610727 0.621343 0.630644 0.638587 0.645134 0.650257 0.653932 0.656144 0.656882 0.656144 0.653932 0.650257 0.645134 0.638587 0.630644 0.621343 0.610727 0.598847 0.58576 0.57153 0.556231 0.539939 0.52274 0.504726 0.485992 0.466641 0.446776 0.426508 0.405946 0.385201 0.364387 0.343611 0.322982 0.302604 0.282576 0.26299 0.243934 0.225487 0.207719 0.190692 0.174461 0.15907 0.144554 0.130941 0.11825 0.106491 0.0956708 0.0857868 0.076833 0.0687991 0.0616716 0.0554351 0.0500734 0.0455701 0.0419097 0.0390784 0.0370648 0.0358601 
0.0369264 0.0373424 0.038592 0.0406808 0.0436174 0.0474133 0.0520825 0.0576407 0.064104 0.0714889 0.0798106 0.089082 0.0993132 0.11051 0.122672 0.135794 0.149864 0.16486 0.180753 0.197506 0.215072 0.233394 0.252407 0.272037 0.292203 0.312814 0.333774 0.35498 0.376326 0.3977 0.418991 0.440083 0.460863 0.481218 0.501037 0.520213 0.538643 0.556231 0.572882 0.588513 0.603044 0.616404 0.628527 0.639356 0.64884 0.656937 0.663611 0.668831 0.672576 0.67483 0.675582 0.67483 0.672576 0.668831 0.663611 0.656937 0.64884 0.639356 0.628527 0.616404 0.603044 0.588513 0.572882 0.556231 0.538643 0.520213 0.501037 0.481218 0.460863 0.440083 0.418991 0.3977 0.376326 0.35498 0.333774 0.312814 0.292203 0.272037 0.252407 0.233394 0.215072 0.197506 0.180753 0.16486 0.149864 0.135794 0.122672 0.11051 0.0993132 0.089082 0.0798106 0.0714889 0.064104 0.0576407 0.0520825 0.0474133 0.0436174 0.0406808 0.038592 0.0373424 
0.0383274 0.0387576 0.04005 0.0422101 0.0452466 0.0491713 0.053998 0.0597425 0.0664211 0.0740501 0.0826444 0.0922168 0.102777 0.114329 0.126874 0.140403 0.154904 0.170353 0.18672 0.203965 0.222038 0.240881 0.260425 0.280595 0.301305 0.322461 0.343966 0.365712 0.38759 0.409486 0.431286 0.452871 0.474125 0.494935 0.515186 0.534771 0.553585 0.57153 0.588513 0.604448 0.619256 0.632864 0.645209 0.656232 0.665884 0.674122 0.68091 0.686219 0.690027 0.692318 0.693083 0.692318 0.690027 0.686219 0.68091 0.674122 0.665884 0.656232 0.645209 0.632864 0.619256 0.604448 0.588513 0.57153 0.553585 0.534771 0.515186 0.494935 0.474125 0.452871 0.431286 0.409486 0.38759 0.365712 0.343966 0.322461 0.301305 0.280595 0.260425 0.240881 0.222038 0.203965 0.18672 0.170353 0.154904 0.140403 0.126874 0.114329 0.102777 0.0922168 0.0826444 0.0740501 0.0664211 0.0597425 0.053998 0.0491713 0.0452466 0.0422101 0.04005 0.0387576 
0.0396507 0.0400943 0.041427 0.0436541 0.0467846 0.0508302 0.0558049 0.0617244 0.0686051 0.0764631 0.0853132 0.0951679 0.106036 0.117922 0.130824 0.144735 0.159638 0.175511 0.19232 0.210024 0.22857 0.247898 0.267938 0.288609 0.309824 0.331487 0.353495 0.375741 0.398112 0.42049 0.442758 0.464798 0.486489 0.507716 0.528364 0.548323 0.567488 0.58576 0.603044 0.619256 0.634315 0.648149 0.660694 0.671892 0.681695 0.69006 0.696951 0.70234 0.706205 0.70853 0.709306 0.70853 0.706205 0.70234 0.696951 0.69006 0.681695 0.671892 0.660694 0.648149 0.634315 0.619256 0.603044 0.58576 0.567488 0.548323 0.528364 0.507716 0.486489 0.464798 0.442758 0.42049 0.398112 0.375741 0.353495 0.331487 0.309824 0.288609 0.267938 0.247898 0.22857 0.210024 0.19232 0.175511 0.159638 0.144735 0.130824 0.117922 0.106036 0.0951679 0.0853132 0.0764631 0.0686051 0.0617244 0.0558049 0.0508302 0.0467846 0.0436541 0.041427 0.0400943 
