0.00266238 0.00269114 0.00277762 0.00292236 0.00312628 0.00339059 0.00371684 0.0041068 0.00456247 0.00508599 0.00567961 0.00634557 0.00708608 0.00790321 0.0087988 0.00977443 0.0108313 0.01197 0.0131909 0.0144934 0.0158765 0.0173382 0.0188759 0.0204861 0.0221643 0.0239052 0.0257028 0.0275497 0.0294381 0.0313592 0.0333032 0.03526 0.0372185 0.0391672 0.0410941 0.042987 0.0448332 0.0466204 0.0483359 0.0499674 0.051503 0.0529311 0.0542409 0.0554224 0.0564661 0.0573639 0.0581086 0.0586942 0.0591159 0.0593703 0.0594553 0.0593703 0.0591159 0.0586942 0.0581086 0.0573639 0.0564661 0.0554224 0.0542409 0.0529311 0.051503 0.0499674 0.0483359 0.0466204 0.0448332 0.042987 0.0410941 0.0391672 0.0372185 0.03526 0.0333032 0.0313592 0.0294381 0.0275497 0.0257028 0.0239052 0.0221643 0.0204861 0.0188759 0.0173382 0.0158765 0.0144934 0.0131909 0.01197 0.0108313 0.00977443 0.0087988 0.00790321 0.00708608 0.00634557 0.00567961 0.00508599 0.00456247 0.0041068 0.00371684 0.00339059 0.00312628 0.00292236 0.00277762 0.00269114 
0.00269114 0.00272019 0.00280752 0.00295369 0.0031596 0.00342651 0.00375594 0.00414969 0.00460977 0.00513834 0.00573765 0.00640995 0.00715748 0.00798229 0.00888626 0.00987094 0.0109375 0.0120867 0.0133187 0.0146329 0.0160284 0.0175031 0.0190544 0.0206786 0.0223715 0.0241275 0.0259404 0.027803 0.0297074 0.0316446 0.0336048 0.0355778 0.0375524 0.039517 0.0414596 0.0433677 0.0452289 0.0470303 0.0487594 0.0504038 0.0519515 0.0533909 0.054711 0.0559016 0.0569535 0.0578582 0.0586087 0.0591988 0.0596238 0.0598801 0.0599658 0.0598801 0.0596238 0.0591988 0.0586087 0.0578582 0.0569535 0.0559016 0.054711 0.0533909 0.0519515 0.0504038 0.0487594 0.0470303 0.0452289 0.0433677 0.0414596 0.039517 0.0375524 0.0355778 0.0336048 0.0316446 0.0297074 0.027803 0.0259404 0.0241275 0.0223715 0.0206786 0.0190544 0.0175031 0.0160284 0.0146329 0.0133187 0.0120867 0.0109375 0.00987094 0.00888626 0.00798229 0.00715748 0.00640995 0.00573765 0.00513834 0.00460977 0.00414969 0.00375594 0.00342651 0.0031596 0.00295369 0.00280752 0.00272019 
0.00277762 0.00280752 0.00289741 0.00304786 0.00325979 0.00353447 0.00387346 0.00427861 0.00475194 0.00529566 0.00591205 0.00660342 0.00737201 0.00821992 0.00914903 0.0101609 0.0112568 0.0124373 0.0137025 0.0150521 0.0164847 0.0179985 0.0195905 0.0212571 0.0229937 0.0247948 0.0266539 0.0285637 0.030516 0.0325015 0.0345104 0.036532 0.0385549 0.0405673 0.0425568 0.0445109 0.0464165 0.0482608 0.0500308 0.051714 0.053298 0.054771 0.0561218 0.0573401 0.0584163 0.0593419 0.0601097 0.0607133 0.0611481 0.0614103 0.061498 0.0614103 0.0611481 0.0607133 0.0601097 0.0593419 0.0584163 0.0573401 0.0561218 0.054771 0.053298 0.051714 0.0500308 0.0482608 0.0464165 0.0445109 0.0425568 0.0405673 0.0385549 0.036532 0.0345104 0.0325015 0.030516 0.0285637 0.0266539 0.0247948 0.0229937 0.0212571 0.0195905 0.0179985 0.0164847 0.0150521 0.0137025 0.0124373 0.0112568 0.0101609 0.00914903 0.00821992 0.00737201 0.00660342 0.00591205 0.00529566 0.00475194 0.00427861 0.00387346 0.00353447 0.00325979 0.00304786 0.00289741 0.00280752 
0.00292236 0.00295369 0.00304786 0.00320546 0.00342744 0.00371512 0.0040701 0.00449428 0.00498976 0.00555879 0.00620373 0.00692694 0.00773071 0.0086172 0.00958831 0.0106456 0.0117903 0.0130231 0.014344 0.0157525 0.0172472 0.018826 0.020486 0.0222232 0.0240329 0.0259093 0.0278455 0.029834 0.0318661 0.0339322 0.0360221 0.0381247 0.0402282 0.0423203 0.0443881 0.0464186 0.0483984 0.050314 0.0521523 0.0539 0.0555445 0.0570735 0.0584755 0.0597398 0.0608565 0.061817 0.0626135 0.0632398 0.0636908 0.0639628 0.0640538 0.0639628 0.0636908 0.0632398 0.0626135 0.061817 0.0608565 0.0597398 0.0584755 0.0570735 0.0555445 0.0539 0.0521523 0.050314 0.0483984 0.0464186 0.0443881 0.0423203 0.0402282 0.0381247 0.0360221 0.0339322 0.0318661 0.029834 0.0278455 0.0259093 0.0240329 0.0222232 0.020486 0.018826 0.0172472 0.0157525 0.014344 0.0130231 0.0117903 0.0106456 0.00958831 0.0086172 0.00773071 0.00692694 0.00620373 0.00555879 0.00498976 0.00449428 0.0040701 0.00371512 0.00342744 0.00320546 0.00304786 0.00295369 
0.00312628 0.0031596 0.00325979 0.00342744 0.00366356 0.00396951 0.00434696 0.0047979 0.00532449 0.00592909 0.00661415 0.00738209 0.00823529 0.00917596 0.010206 0.0113272 0.0125405 0.0138466 0.0152456 0.0167367 0.0183185 0.0199887 0.021744 0.0235803 0.0254924 0.0274742 0.0295185 0.0316172 0.0337611 0.0359403 0.0381437 0.0403598 0.0425761 0.0447797 0.0469571 0.0490945 0.0511781 0.0531937 0.0551273 0.0569653 0.0586944 0.0603018 0.0617754 0.0631041 0.0642775 0.0652866 0.0661234 0.0667813 0.067255 0.0675407 0.0676363 0.0675407 0.067255 0.0667813 0.0661234 0.0652866 0.0642775 0.0631041 0.0617754 0.0603018 0.0586944 0.0569653 0.0551273 0.0531937 0.0511781 0.0490945 0.0469571 0.0447797 0.0425761 0.0403598 0.0381437 0.0359403 0.0337611 0.0316172 0.0295185 0.0274742 0.0254924 0.0235803 0.021744 0.0199887 0.0183185 0.0167367 0.0152456 0.0138466 0.0125405 0.0113272 0.010206 0.00917596 0.00823529 0.00738209 0.00661415 0.00592909 0.00532449 0.0047979 0.00434696 0.00396951 0.00366356 0.00342744 0.00325979 0.0031596 
0.00339059 0.00342651 0.00353447 0.00371512 0.00396951 0.00429907 0.00470556 0.00519107 0.00575787 0.00640843 0.00714529 0.007971 0.00888803 0.00989865 0.0110049 0.0122083 0.0135101 0.0149109 0.0164106 0.0180082 0.0197023 0.0214902 0.0233684 0.0253323 0.0273763 0.029494 0.0316774 0.033918 0.0362058 0.0385303 0.0408798 0.0432418 0.0456032 0.0479501 0.0502684 0.0525434 0.0547603 0.0569043 0.0589605 0.0609145 0.0627522 0.0644602 0.0660258 0.0674371 0.0686833 0.0697548 0.0706433 0.0713417 0.0718446 0.0721479 0.0722493 0.0721479 0.0718446 0.0713417 0.0706433 0.0697548 0.0686833 0.0674371 0.0660258 0.0644602 0.0627522 0.0609145 0.0589605 0.0569043 0.0547603 0.0525434 0.0502684 0.0479501 0.0456032 0.0432418 0.0408798 0.0385303 0.0362058 0.033918 0.0316774 0.029494 0.0273763 0.0253323 0.0233684 0.0214902 0.0197023 0.0180082 0.0164106 0.0149109 0.0135101 0.0122083 0.0110049 0.00989865 0.00888803 0.007971 0.00714529 0.00640843 0.00575787 0.00519107 0.00470556 0.00429907 0.00396951 0.00371512 0.00353447 0.00342651 
0.00371684 0.00375594 0.00387346 0.0040701 0.00434696 0.00470556 0.00514778 0.00567579 0.00629203 0.00699908 0.00779961 0.00869632 0.00969175 0.0107883 0.011988 0.0132925 0.0147029 0.0162199 0.017843 0.0195714 0.0214031 0.0233353 0.025364 0.0274842 0.0296899 0.0319738 0.0343276 0.0367418 0.0392058 0.0417081 0.0442361 0.0467765 0.0493152 0.0518374 0.0543278 0.0567707 0.0591505 0.0614511 0.0636569 0.0657525 0.0677228 0.0695536 0.0712313 0.0727433 0.0740783 0.075226 0.0761775 0.0769254 0.0774638 0.0777886 0.0778971 0.0777886 0.0774638 0.0769254 0.0761775 0.075226 0.0740783 0.0727433 0.0712313 0.0695536 0.0677228 0.0657525 0.0636569 0.0614511 0.0591505 0.0567707 0.0543278 0.0518374 0.0493152 0.0467765 0.0442361 0.0417081 0.0392058 0.0367418 0.0343276 0.0319738 0.0296899 0.0274842 0.025364 0.0233353 0.0214031 0.0195714 0.017843 0.0162199 0.0147029 0.0132925 0.011988 0.0107883 0.00969175 0.00869632 0.00779961 0.00699908 0.00629203 0.00567579 0.00514778 0.00470556 0.00434696 0.0040701 0.00387346 0.00375594 
0.0041068 0.00414969 0.00427861 0.00449428 0.0047979 0.00519107 0.00567579 0.00625439 0.00692945 0.00770369 0.00857996 0.00956107 0.0106497 0.0118483 0.0131591 0.0145837 0.0161231 0.0177779 0.0195476 0.0214311 0.023426 0.0255293 0.0277364 0.0300418 0.0324389 0.0349198 0.0374751 0.0400947 0.0427671 0.0454796 0.0482187 0.05097 0.0537182 0.0564473 0.0591409 0.0617822 0.0643541 0.0668397 0.069222 0.0714845 0.0736112 0.0755867 0.0773966 0.0790275 0.0804671 0.0817045 0.0827302 0.0835364 0.0841167 0.0844667 0.0845837 0.0844667 0.0841167 0.0835364 0.0827302 0.0817045 0.0804671 0.0790275 0.0773966 0.0755867 0.0736112 0.0714845 0.069222 0.0668397 0.0643541 0.0617822 0.0591409 0.0564473 0.0537182 0.05097 0.0482187 0.0454796 0.0427671 0.0400947 0.0374751 0.0349198 0.0324389 0.0300418 0.0277364 0.0255293 0.023426 0.0214311 0.0195476 0.0177779 0.0161231 0.0145837 0.0131591 0.0118483 0.0106497 0.00956107 0.00857996 0.00770369 0.00692945 0.00625439 0.00567579 0.00519107 0.0047979 0.00449428 0.00427861 0.00414969 
0.00456247 0.00460977 0.00475194 0.00498976 0.00532449 0.00575787 0.00629203 0.00692945 0.00767286 0.0085252 0.00948946 0.0105686 0.0117655 0.0130826 0.0145223 0.0160861 0.0177752 0.0195898 0.0215293 0.0235924 0.0257764 0.0280777 0.0304913 0.033011 0.0356295 0.0383379 0.0411262 0.0439831 0.046896 0.0498513 0.052834 0.0558285 0.0588183 0.061786 0.0647138 0.0675835 0.0703768 0.0730753 0.0756607 0.0781154 0.080422 0.082564 0.084526 0.0862935 0.0878533 0.0891939 0.0903049 0.0911781 0.0918066 0.0921856 0.0923123 0.0921856 0.0918066 0.0911781 0.0903049 0.0891939 0.0878533 0.0862935 0.084526 0.082564 0.080422 0.0781154 0.0756607 0.0730753 0.0703768 0.0675835 0.0647138 0.061786 0.0588183 0.0558285 0.052834 0.0498513 0.046896 0.0439831 0.0411262 0.0383379 0.0356295 0.033011 0.0304913 0.0280777 0.0257764 0.0235924 0.0215293 0.0195898 0.0177752 0.0160861 0.0145223 0.0130826 0.0117655 0.0105686 0.00948946 0.0085252 0.00767286 0.00692945 0.00629203 0.00575787 0.00532449 0.00498976 0.00475194 0.00460977 
0.00508599 0.00513834 0.00529566 0.00555879 0.00592909 0.00640843 0.00699908 0.00770369 0.0085252 0.00946672 0.0105314 0.0117225 0.0130428 0.0144952 0.0160818 0.0178043 0.0196638 0.0216604 0.0237934 0.0260609 0.02846 0.0309864 0.0336346 0.0363978 0.0392676 0.0422344 0.0452871 0.0484132 0.0515988 0.0548291 0.0580878 0.0613578 0.0646211 0.0678587 0.0710514 0.0741795 0.0772231 0.0801622 0.0829772 0.0856489 0.0881586 0.0904886 0.0926222 0.0945439 0.0962395 0.0976963 0.0989037 0.0998523 0.100535 0.100947 0.101085 0.100947 0.100535 0.0998523 0.0989037 0.0976963 0.0962395 0.0945439 0.0926222 0.0904886 0.0881586 0.0856489 0.0829772 0.0801622 0.0772231 0.0741795 0.0710514 0.0678587 0.0646211 0.0613578 0.0580878 0.0548291 0.0515988 0.0484132 0.0452871 0.0422344 0.0392676 0.0363978 0.0336346 0.0309864 0.02846 0.0260609 0.0237934 0.0216604 0.0196638 0.0178043 0.0160818 0.0144952 0.0130428 0.0117225 0.0105314 0.00946672 0.0085252 0.00770369 0.00699908 0.00640843 0.00592909 0.00555879 0.00529566 0.00513834 
0.00567961 0.00573765 0.00591205 0.00620373 0.00661415 0.00714529 0.00779961 0.00857996 0.00948946 0.0105314 0.0117092 0.0130262 0.0144856 0.01609 0.0178418 0.0197428 0.0217938 0.0239948 0.0263448 0.0288417 0.031482 0.0342608 0.037172 0.0402079 0.0433592 0.0466151 0.0499634 0.0533904 0.0568809 0.0604185 0.0639853 0.0675628 0.0711311 0.0746699 0.0781579 0.0815739 0.0848962 0.0881033 0.0911738 0.094087 0.0968227 0.0993619 0.101686 0.103779 0.105626 0.107212 0.108526 0.109559 0.110302 0.11075 0.1109 0.11075 0.110302 0.109559 0.108526 0.107212 0.105626 0.103779 0.101686 0.0993619 0.0968227 0.094087 0.0911738 0.0881033 0.0848962 0.0815739 0.0781579 0.0746699 0.0711311 0.0675628 0.0639853 0.0604185 0.0568809 0.0533904 0.0499634 0.0466151 0.0433592 0.0402079 0.037172 0.0342608 0.031482 0.0288417 0.0263448 0.0239948 0.0217938 0.0197428 0.0178418 0.01609 0.0144856 0.0130262 0.0117092 0.0105314 0.00948946 0.00857996 0.00779961 0.00714529 0.00661415 0.00620373 0.00591205 0.00573765 
0.00634557 0.00640995 0.00660342 0.00692694 0.00738209 0.007971 0.00869632 0.00956107 0.0105686 0.0117225 0.0130262 0.0144835 0.0160974 0.017871 0.0198065 0.0219058 0.0241695 0.0265975 0.0291885 0.0319398 0.0348475 0.0379061 0.0411086 0.0444464 0.0479091 0.0514848 0.05516 0.0589195 0.0627467 0.0666234 0.0705303 0.0744468 0.0783515 0.082222 0.0860353 0.0897683 0.0933974 0.0968992 0.100251 0.103429 0.106414 0.109182 0.111717 0.113998 0.11601 0.117738 0.11917 0.120294 0.121104 0.121592 0.121755 0.121592 0.121104 0.120294 0.11917 0.117738 0.11601 0.113998 0.111717 0.109182 0.106414 0.103429 0.100251 0.0968992 0.0933974 0.0897683 0.0860353 0.082222 0.0783515 0.0744468 0.0705303 0.0666234 0.0627467 0.0589195 0.05516 0.0514848 0.0479091 0.0444464 0.0411086 0.0379061 0.0348475 0.0319398 0.0291885 0.0265975 0.0241695 0.0219058 0.0198065 0.017871 0.0160974 0.0144835 0.0130262 0.0117225 0.0105686 0.00956107 0.00869632 0.007971 0.00738209 0.00692694 0.00660342 0.00640995 
0.00708608 0.00715748 0.00737201 0.00773071 0.00823529 0.00888803 0.00969175 0.0106497 0.0117655 0.0130428 0.0144856 0.0160974 0.0178818 0.0198417 0.0219797 0.0242972 0.026795 0.0294726 0.0323284 0.0353593 0.0385607 0.0419264 0.0454484 0.0491172 0.0529211 0.0568472 0.0608802 0.0650035 0.0691988 0.0734462 0.0777245 0.0820113 0.086283 0.0905153 0.0946833 0.0987617 0.102725 0.106548 0.110205 0.113673 0.116927 0.119946 0.122708 0.125193 0.127385 0.129268 0.130827 0.132052 0.132933 0.133464 0.133642 0.133464 0.132933 0.132052 0.130827 0.129268 0.127385 0.125193 0.122708 0.119946 0.116927 0.113673 0.110205 0.106548 0.102725 0.0987617 0.0946833 0.0905153 0.086283 0.0820113 0.0777245 0.0734462 0.0691988 0.0650035 0.0608802 0.0568472 0.0529211 0.0491172 0.0454484 0.0419264 0.0385607 0.0353593 0.0323284 0.0294726 0.026795 0.0242972 0.0219797 0.0198417 0.0178818 0.0160974 0.0144856 0.0130428 0.0117655 0.0106497 0.00969175 0.00888803 0.00823529 0.00773071 0.00737201 0.00715748 
0.00790321 0.00798229 0.00821992 0.0086172 0.00917596 0.00989865 0.0107883 0.0118483 0.0130826 0.0144952 0.01609 0.017871 0.0198417 0.0220054 0.0243644 0.0269203 0.0296735 0.0326235 0.035768 0.0391035 0.0426248 0.0463247 0.0501943 0.0542229 0.0583977 0.0627041 0.0671255 0.0716434 0.0762378 0.0808869 0.0855675 0.090255 0.0949237 0.0995473 0.104099 0.10855 0.112874 0.117043 0.121031 0.12481 0.128355 0.131643 0.134651 0.137357 0.139742 0.141791 0.143487 0.144819 0.145778 0.146356 0.146549 0.146356 0.145778 0.144819 0.143487 0.141791 0.139742 0.137357 0.134651 0.131643 0.128355 0.12481 0.121031 0.117043 0.112874 0.10855 0.104099 0.0995473 0.0949237 0.090255 0.0855675 0.0808869 0.0762378 0.0716434 0.0671255 0.0627041 0.0583977 0.0542229 0.0501943 0.0463247 0.0426248 0.0391035 0.035768 0.0326235 0.0296735 0.0269203 0.0243644 0.0220054 0.0198417 0.017871 0.01609 0.0144952 0.0130826 0.0118483 0.0107883 0.00989865 0.00917596 0.0086172 0.00821992 0.00798229 
0.0087988 0.00888626 0.00914903 0.00958831 0.010206 0.0110049 0.011988 0.0131591 0.0145223 0.0160818 0.0178418 0.0198065 0.0219797 0.0243644 0.0269631 0.0297774 0.0328075 0.0360523 0.0395094 0.0431744 0.0470414 0.0511024 0.0553474 0.0597643 0.0643391 0.0690554 0.0738952 0.078838 0.0838618 0.0889428 0.0940556 0.0991735 0.104269 0.109312 0.114274 0.119126 0.123836 0.128376 0.132717 0.136829 0.140686 0.144262 0.147531 0.150472 0.153065 0.15529 0.157133 0.15858 0.159622 0.160249 0.160459 0.160249 0.159622 0.15858 0.157133 0.15529 0.153065 0.150472 0.147531 0.144262 0.140686 0.136829 0.132717 0.128376 0.123836 0.119126 0.114274 0.109312 0.104269 0.0991735 0.0940556 0.0889428 0.0838618 0.078838 0.0738952 0.0690554 0.0643391 0.0597643 0.0553474 0.0511024 0.0470414 0.0431744 0.0395094 0.0360523 0.0328075 0.0297774 0.0269631 0.0243644 0.0219797 0.0198065 0.0178418 0.0160818 0.0145223 0.0131591 0.011988 0.0110049 0.010206 0.00958831 0.00914903 0.00888626 
0.00977443 0.00987094 0.0101609 0.0106456 0.0113272 0.0122083 0.0132925 0.0145837 0.0160861 0.0178043 0.0197428 0.0219058 0.0242972 0.0269203 0.0297774 0.03287 0.036198 0.0397601 0.0435532 0.0475723 0.0518107 0.0562592 0.0609068 0.06574 0.0707432 0.0758985 0.0811858 0.0865829 0.0920656 0.0976078 0.103182 0.108759 0.114308 0.119799 0.125199 0.130476 0.135597 0.140532 0.145247 0.149714 0.153901 0.157782 0.16133 0.164521 0.167333 0.169746 0.171744 0.173313 0.174441 0.175122 0.175349 0.175122 0.174441 0.173313 0.171744 0.169746 0.167333 0.164521 0.16133 0.157782 0.153901 0.149714 0.145247 0.140532 0.135597 0.130476 0.125199 0.119799 0.114308 0.108759 0.103182 0.0976078 0.0920656 0.0865829 0.0811858 0.0758985 0.0707432 0.06574 0.0609068 0.0562592 0.0518107 0.0475723 0.0435532 0.0397601 0.036198 0.03287 0.0297774 0.0269203 0.0242972 0.0219058 0.0197428 0.0178043 0.0160861 0.0145837 0.0132925 0.0122083 0.0113272 0.0106456 0.0101609 0.00987094 
0.0108313 0.0109375 0.0112568 0.0117903 0.0125405 0.0135101 0.0147029 0.0161231 0.0177752 0.0196638 0.0217938 0.0241695 0.026795 0.0296735 0.0328075 0.036198 0.0398449 0.0437463 0.0478985 0.0522958 0.0569306 0.0617925 0.0668693 0.072146 0.0776054 0.0832277 0.0889909 0.0948706 0.100841 0.106872 0.112936 0.118999 0.12503 0.130994 0.136856 0.142583 0.148139 0.15349 0.158602 0.163442 0.167978 0.17218 0.176021 0.179475 0.182518 0.185129 0.18729 0.188987 0.190208 0.190943 0.191189 0.190943 0.190208 0.188987 0.18729 0.185129 0.182518 0.179475 0.176021 0.17218 0.167978 0.163442 0.158602 0.15349 0.148139 0.142583 0.136856 0.130994 0.12503 0.118999 0.112936 0.106872 0.100841 0.0948706 0.0889909 0.0832277 0.0776054 0.072146 0.0668693 0.0617925 0.0569306 0.0522958 0.0478985 0.0437463 0.0398449 0.036198 0.0328075 0.0296735 0.026795 0.0241695 0.0217938 0.0196638 0.0177752 0.0161231 0.0147029 0.0135101 0.0125405 0.0117903 0.0112568 0.0109375 
0.01197 0.0120867 0.0124373 0.0130231 0.0138466 0.0149109 0.0162199 0.0177779 0.0195898 0.0216604 0.0239948 0.0265975 0.0294726 0.0326235 0.0360523 0.0397601 0.0437463 0.0480085 0.0525424 0.0573414 0.0623969 0.0676973 0.073229 0.0789755 0.0849178 0.0910341 0.0973003 0.10369 0.110174 0.116722 0.123301 0.129877 0.136415 0.142876 0.149226 0.155426 0.161438 0.167226 0.172753 0.177984 0.182886 0.187426 0.191574 0.195302 0.198587 0.201405 0.203737 0.205568 0.206885 0.207678 0.207943 0.207678 0.206885 0.205568 0.203737 0.201405 0.198587 0.195302 0.191574 0.187426 0.182886 0.177984 0.172753 0.167226 0.161438 0.155426 0.149226 0.142876 0.136415 0.129877 0.123301 0.116722 0.110174 0.10369 0.0973003 0.0910341 0.0849178 0.0789755 0.073229 0.0676973 0.0623969 0.0573414 0.0525424 0.0480085 0.0437463 0.0397601 0.0360523 0.0326235 0.0294726 0.0265975 0.0239948 0.0216604 0.0195898 0.0177779 0.0162199 0.0149109 0.0138466 0.0130231 0.0124373 0.0120867 
0.0131909 0.0133187 0.0137025 0.014344 0.0152456 0.0164106 0.017843 0.0195476 0.0215293 0.0237934 0.0263448 0.0291885 0.0323284 0.035768 0.0395094 0.0435532 0.0478985 0.0525424 0.0574797 0.0627032 0.0682028 0.0739659 0.0799773 0.0862187 0.0926692 0.0993053 0.1061 0.113026 0.12005 0.12714 0.134259 0.141372 0.14844 0.155423 0.162281 0.168975 0.175463 0.181707 0.187668 0.193307 0.198589 0.20348 0.207948 0.211963 0.215499 0.218532 0.221042 0.223012 0.224428 0.225282 0.225567 0.225282 0.224428 0.223012 0.221042 0.218532 0.215499 0.211963 0.207948 0.20348 0.198589 0.193307 0.187668 0.181707 0.175463 0.168975 0.162281 0.155423 0.14844 0.141372 0.134259 0.12714 0.12005 0.113026 0.1061 0.0993053 0.0926692 0.0862187 0.0799773 0.0739659 0.0682028 0.0627032 0.0574797 0.0525424 0.0478985 0.0435532 0.0395094 0.035768 0.0323284 0.0291885 0.0263448 0.0237934 0.0215293 0.0195476 0.017843 0.0164106 0.0152456 0.014344 0.0137025 0.0133187 
0.0144934 0.0146329 0.0150521 0.0157525 0.0167367 0.0180082 0.0195714 0.0214311 0.0235924 0.0260609 0.0288417 0.0319398 0.0353593 0.0391035 0.0431744 0.0475723 0.0522958 0.0573414 0.0627032 0.0683727 0.0743388 0.0805876 0.087102 0.0938621 0.100845 0.108025 0.115373 0.122858 0.130446 0.138101 0.145785 0.153457 0.161077 0.168602 0.175989 0.183196 0.190179 0.196897 0.203306 0.209369 0.215045 0.2203 0.225098 0.22941 0.233205 0.236461 0.239154 0.241268 0.242788 0.243704 0.24401 0.243704 0.242788 0.241268 0.239154 0.236461 0.233205 0.22941 0.225098 0.2203 0.215045 0.209369 0.203306 0.196897 0.190179 0.183196 0.175989 0.168602 0.161077 0.153457 0.145785 0.138101 0.130446 0.122858 0.115373 0.108025 0.100845 0.0938621 0.087102 0.0805876 0.0743388 0.0683727 0.0627032 0.0573414 0.0522958 0.0475723 0.0431744 0.0391035 0.0353593 0.0319398 0.0288417 0.0260609 0.0235924 0.0214311 0.0195714 0.0180082 0.0167367 0.0157525 0.0150521 0.0146329 
0.0158765 0.0160284 0.0164847 0.0172472 0.0183185 0.0197023 0.0214031 0.023426 0.0257764 0.02846 0.031482 0.0348475 0.0385607 0.0426248 0.0470414 0.0518107 0.0569306 0.0623969 0.0682028 0.0743388 0.0807925 0.0875484 0.0945878 0.101889 0.109427 0.117173 0.125097 0.133164 0.141337 0.149579 0.157847 0.166099 0.174291 0.182377 0.190312 0.198049 0.205543 0.212749 0.219623 0.226121 0.232204 0.237833 0.242972 0.247588 0.251651 0.255135 0.258017 0.260279 0.261905 0.262885 0.263212 0.262885 0.261905 0.260279 0.258017 0.255135 0.251651 0.247588 0.242972 0.237833 0.232204 0.226121 0.219623 0.212749 0.205543 0.198049 0.190312 0.182377 0.174291 0.166099 0.157847 0.149579 0.141337 0.133164 0.125097 0.117173 0.109427 0.101889 0.0945878 0.0875484 0.0807925 0.0743388 0.0682028 0.0623969 0.0569306 0.0518107 0.0470414 0.0426248 0.0385607 0.0348475 0.031482 0.02846 0.0257764 0.023426 0.0214031 0.0197023 0.0183185 0.0172472 0.0164847 0.0160284 
0.0173382 0.0175031 0.0179985 0.018826 0.0199887 0.0214902 0.0233353 0.0255293 0.0280777 0.0309864 0.0342608 0.0379061 0.0419264 0.0463247 0.0511024 0.0562592 0.0617925 0.0676973 0.0739659 0.0805876 0.0875484 0.0948314 0.102416 0.110279 0.118392 0.126725 0.135244 0.143913 0.152693 0.16154 0.170412 0.179262 0.188043 0.196707 0.205205 0.213488 0.221507 0.229214 0.236563 0.243509 0.250009 0.256021 0.261509 0.266437 0.270773 0.274491 0.277566 0.279979 0.281713 0.282759 0.283108 0.282759 0.281713 0.279979 0.277566 0.274491 0.270773 0.266437 0.261509 0.256021 0.250009 0.243509 0.236563 0.229214 0.221507 0.213488 0.205205 0.196707 0.188043 0.179262 0.170412 0.16154 0.152693 0.143913 0.135244 0.126725 0.118392 0.110279 0.102416 0.0948314 0.0875484 0.0805876 0.0739659 0.0676973 0.0617925 0.0562592 0.0511024 0.0463247 0.0419264 0.0379061 0.0342608 0.0309864 0.0280777 0.0255293 0.0233353 0.0214902 0.0199887 0.018826 0.0179985 0.0175031 
0.0188759 0.0190544 0.0195905 0.020486 0.021744 0.0233684 0.025364 0.0277364 0.0304913 0.0336346 0.037172 0.0411086 0.0454484 0.0501943 0.0553474 0.0609068 0.0668693 0.073229 0.0799773 0.087102 0.0945878 0.102416 0.110564 0.119007 0.127714 0.136652 0.145785 0.155074 0.164476 0.173947 0.183438 0.192902 0.202288 0.211544 0.220618 0.229459 0.238014 0.246234 0.254069 0.261471 0.268396 0.274799 0.280642 0.285887 0.290502 0.294458 0.297729 0.300295 0.30214 0.303252 0.303623 0.303252 0.30214 0.300295 0.297729 0.294458 0.290502 0.285887 0.280642 0.274799 0.268396 0.261471 0.254069 0.246234 0.238014 0.229459 0.220618 0.211544 0.202288 0.192902 0.183438 0.173947 0.164476 0.155074 0.145785 0.136652 0.127714 0.119007 0.110564 0.102416 0.0945878 0.087102 0.0799773 0.073229 0.0668693 0.0609068 0.0553474 0.0501943 0.0454484 0.0411086 0.037172 0.0336346 0.0304913 0.0277364 0.025364 0.0233684 0.021744 0.020486 0.0195905 0.0190544 
0.0204861 0.0206786 0.0212571 0.0222232 0.0235803 0.0253323 0.0274842 0.0300418 0.033011 0.0363978 0.0402079 0.0444464 0.0491172 0.0542229 0.0597643 0.06574 0.072146 0.0789755 0.0862187 0.0938621 0.101889 0.110279 0.119007 0.128045 0.137362 0.146921 0.156684 0.166608 0.176648 0.186756 0.196881 0.206971 0.216973 0.226833 0.236495 0.245903 0.255005 0.263746 0.272074 0.27994 0.287295 0.294094 0.300297 0.305863 0.31076 0.314957 0.318427 0.321148 0.323105 0.324283 0.324677 0.324283 0.323105 0.321148 0.318427 0.314957 0.31076 0.305863 0.300297 0.294094 0.287295 0.27994 0.272074 0.263746 0.255005 0.245903 0.236495 0.226833 0.216973 0.206971 0.196881 0.186756 0.176648 0.166608 0.156684 0.146921 0.137362 0.128045 0.119007 0.110279 0.101889 0.0938621 0.0862187 0.0789755 0.072146 0.06574 0.0597643 0.0542229 0.0491172 0.0444464 0.0402079 0.0363978 0.033011 0.0300418 0.0274842 0.0253323 0.0235803 0.0222232 0.0212571 0.0206786 
0.0221643 0.0223715 0.0229937 0.0240329 0.0254924 0.0273763 0.0296899 0.0324389 0.0356295 0.0392676 0.0433592 0.0479091 0.0529211 0.0583977 0.0643391 0.0707432 0.0776054 0.0849178 0.0926692 0.100845 0.109427 0.118392 0.127714 0.137362 0.147302 0.157496 0.167901 0.178473 0.189162 0.199919 0.210688 0.221416 0.232044 0.242516 0.252773 0.262757 0.272412 0.281679 0.290506 0.29884 0.306629 0.313829 0.320394 0.326285 0.331466 0.335905 0.339574 0.342452 0.34452 0.345767 0.346183 0.345767 0.34452 0.342452 0.339574 0.335905 0.331466 0.326285 0.320394 0.313829 0.306629 0.29884 0.290506 0.281679 0.272412 0.262757 0.252773 0.242516 0.232044 0.221416 0.210688 0.199919 0.189162 0.178473 0.167901 0.157496 0.147302 0.137362 0.127714 0.118392 0.109427 0.100845 0.0926692 0.0849178 0.0776054 0.0707432 0.0643391 0.0583977 0.0529211 0.0479091 0.0433592 0.0392676 0.0356295 0.0324389 0.0296899 0.0273763 0.0254924 0.0240329 0.0229937 0.0223715 
0.0239052 0.0241275 0.0247948 0.0259093 0.0274742 0.029494 0.0319738 0.0349198 0.0383379 0.0422344 0.0466151 0.0514848 0.0568472 0.0627041 0.0690554 0.0758985 0.0832277 0.0910341 0.0993053 0.108025 0.117173 0.126725 0.136652 0.146921 0.157496 0.168334 0.179392 0.190622 0.20197 0.213384 0.224806 0.236177 0.247439 0.258529 0.269387 0.279951 0.290162 0.29996 0.309288 0.318092 0.326318 0.333919 0.340848 0.347064 0.352529 0.357211 0.36108 0.364115 0.366295 0.367609 0.368048 0.367609 0.366295 0.364115 0.36108 0.357211 0.352529 0.347064 0.340848 0.333919 0.326318 0.318092 0.309288 0.29996 0.290162 0.279951 0.269387 0.258529 0.247439 0.236177 0.224806 0.213384 0.20197 0.190622 0.179392 0.168334 0.157496 0.146921 0.136652 0.126725 0.117173 0.108025 0.0993053 0.0910341 0.0832277 0.0758985 0.0690554 0.0627041 0.0568472 0.0514848 0.0466151 0.0422344 0.0383379 0.0349198 0.0319738 0.029494 0.0274742 0.0259093 0.0247948 0.0241275 
0.0257028 0.0259404 0.0266539 0.0278455 0.0295185 0.0316774 0.0343276 0.0374751 0.0411262 0.0452871 0.0499634 0.05516 0.0608802 0.0671255 0.0738952 0.0811858 0.0889909 0.0973003 0.1061 0.115373 0.125097 0.135244 0.145785 0.156684 0.167901 0.179392 0.19111 0.203004 0.215017 0.227094 0.239173 0.251193 0.263091 0.274802 0.286263 0.297409 0.308178 0.318507 0.328337 0.337611 0.346274 0.354275 0.361567 0.368107 0.373856 0.37878 0.382849 0.386039 0.388331 0.389712 0.390174 0.389712 0.388331 0.386039 0.382849 0.37878 0.373856 0.368107 0.361567 0.354275 0.346274 0.337611 0.328337 0.318507 0.308178 0.297409 0.286263 0.274802 0.263091 0.251193 0.239173 0.227094 0.215017 0.203004 0.19111 0.179392 0.167901 0.156684 0.145785 0.135244 0.125097 0.115373 0.1061 0.0973003 0.0889909 0.0811858 0.0738952 0.0671255 0.0608802 0.05516 0.0499634 0.0452871 0.0411262 0.0374751 0.0343276 0.0316774 0.0295185 0.0278455 0.0266539 0.0259404 
0.0275497 0.027803 0.0285637 0.029834 0.0316172 0.033918 0.0367418 0.0400947 0.0439831 0.0484132 0.0533904 0.0589195 0.0650035 0.0716434 0.078838 0.0865829 0.0948706 0.10369 0.113026 0.122858 0.133164 0.143913 0.155074 0.166608 0.178473 0.190622 0.203004 0.215564 0.228246 0.240987 0.253726 0.266395 0.27893 0.291263 0.303327 0.315054 0.326379 0.337237 0.347567 0.357309 0.366406 0.374805 0.382458 0.38932 0.39535 0.400513 0.40478 0.408124 0.410527 0.411975 0.412458 0.411975 0.410527 0.408124 0.40478 0.400513 0.39535 0.38932 0.382458 0.374805 0.366406 0.357309 0.347567 0.337237 0.326379 0.315054 0.303327 0.291263 0.27893 0.266395 0.253726 0.240987 0.228246 0.215564 0.203004 0.190622 0.178473 0.166608 0.155074 0.143913 0.133164 0.122858 0.113026 0.10369 0.0948706 0.0865829 0.078838 0.0716434 0.0650035 0.0589195 0.0533904 0.0484132 0.0439831 0.0400947 0.0367418 0.033918 0.0316172 0.029834 0.0285637 0.027803 
0.0294381 0.0297074 0.030516 0.0318661 0.0337611 0.0362058 0.0392058 0.0427671 0.046896 0.0515988 0.0568809 0.0627467 0.0691988 0.0762378 0.0838618 0.0920656 0.100841 0.110174 0.12005 0.130446 0.141337 0.152693 0.164476 0.176648 0.189162 0.20197 0.215017 0.228246 0.241595 0.255001 0.268397 0.281714 0.294884 0.307835 0.320498 0.332802 0.344679 0.356062 0.366887 0.377092 0.386618 0.395411 0.40342 0.4106 0.416908 0.422308 0.426769 0.430266 0.432778 0.434291 0.434796 0.434291 0.432778 0.430266 0.426769 0.422308 0.416908 0.4106 0.40342 0.395411 0.386618 0.377092 0.366887 0.356062 0.344679 0.332802 0.320498 0.307835 0.294884 0.281714 0.268397 0.255001 0.241595 0.228246 0.215017 0.20197 0.189162 0.176648 0.164476 0.152693 0.141337 0.130446 0.12005 0.110174 0.100841 0.0920656 0.0838618 0.0762378 0.0691988 0.0627467 0.0568809 0.0515988 0.046896 0.0427671 0.0392058 0.0362058 0.0337611 0.0318661 0.030516 0.0297074 
0.0313592 0.0316446 0.0325015 0.0339322 0.0359403 0.0385303 0.0417081 0.0454796 0.0498513 0.0548291 0.0604185 0.0666234 0.0734462 0.0808869 0.0889428 0.0976078 0.106872 0.116722 0.12714 0.138101 0.149579 0.16154 0.173947 0.186756 0.199919 0.213384 0.227094 0.240987 0.255001 0.269067 0.283116 0.297076 0.310874 0.324438 0.337693 0.350567 0.36299 0.374891 0.386204 0.396865 0.406814 0.415995 0.424354 0.431845 0.438426 0.444058 0.44871 0.452356 0.454975 0.456553 0.45708 0.456553 0.454975 0.452356 0.44871 0.444058 0.438426 0.431845 0.424354 0.415995 0.406814 0.396865 0.386204 0.374891 0.36299 0.350567 0.337693 0.324438 0.310874 0.297076 0.283116 0.269067 0.255001 0.240987 0.227094 0.213384 0.199919 0.186756 0.173947 0.16154 0.149579 0.138101 0.12714 0.116722 0.106872 0.0976078 0.0889428 0.0808869 0.0734462 0.0666234 0.0604185 0.0548291 0.0498513 0.0454796 0.0417081 0.0385303 0.0359403 0.0339322 0.0325015 0.0316446 
0.0333032 0.0336048 0.0345104 0.0360221 0.0381437 0.0408798 0.0442361 0.0482187 0.052834 0.0580878 0.0639853 0.0705303 0.0777245 0.0855675 0.0940556 0.103182 0.112936 0.123301 0.134259 0.145785 0.157847 0.170412 0.183438 0.196881 0.210688 0.224806 0.239173 0.253726 0.268397 0.283116 0.29781 0.312404 0.326823 0.34099 0.354828 0.368264 0.381222 0.393631 0.405423 0.416532 0.426895 0.436454 0.445156 0.452952 0.459798 0.465657 0.470496 0.474288 0.477011 0.478651 0.479199 0.478651 0.477011 0.474288 0.470496 0.465657 0.459798 0.452952 0.445156 0.436454 0.426895 0.416532 0.405423 0.393631 0.381222 0.368264 0.354828 0.34099 0.326823 0.312404 0.29781 0.283116 0.268397 0.253726 0.239173 0.224806 0.210688 0.196881 0.183438 0.170412 0.157847 0.145785 0.134259 0.123301 0.112936 0.103182 0.0940556 0.0855675 0.0777245 0.0705303 0.0639853 0.0580878 0.052834 0.0482187 0.0442361 0.0408798 0.0381437 0.0360221 0.0345104 0.0336048 
0.03526 0.0355778 0.036532 0.0381247 0.0403598 0.0432418 0.0467765 0.05097 0.0558285 0.0613578 0.0675628 0.0744468 0.0820113 0.090255 0.0991735 0.108759 0.118999 0.129877 0.141372 0.153457 0.166099 0.179262 0.192902 0.206971 0.221416 0.236177 0.251193 0.266395 0.281714 0.297076 0.312404 0.327621 0.342649 0.357407 0.371817 0.385801 0.399283 0.412189 0.424448 0.435993 0.446759 0.456686 0.465722 0.473814 0.48092 0.486999 0.492019 0.495951 0.498776 0.500477 0.501045 0.500477 0.498776 0.495951 0.492019 0.486999 0.48092 0.473814 0.465722 0.456686 0.446759 0.435993 0.424448 0.412189 0.399283 0.385801 0.371817 0.357407 0.342649 0.327621 0.312404 0.297076 0.281714 0.266395 0.251193 0.236177 0.221416 0.206971 0.192902 0.179262 0.166099 0.153457 0.141372 0.129877 0.118999 0.108759 0.0991735 0.090255 0.0820113 0.0744468 0.0675628 0.0613578 0.0558285 0.05097 0.0467765 0.0432418 0.0403598 0.0381247 0.036532 0.0355778 
0.0372185 0.0375524 0.0385549 0.0402282 0.0425761 0.0456032 0.0493152 0.0537182 0.0588183 0.0646211 0.0711311 0.0783515 0.086283 0.0949237 0.104269 0.114308 0.12503 0.136415 0.14844 0.161077 0.174291 0.188043 0.202288 0.216973 0.232044 0.247439 0.263091 0.27893 0.294884 0.310874 0.326823 0.342649 0.35827 0.373604 0.388571 0.403089 0.417081 0.430469 0.443182 0.455149 0.466306 0.476591 0.485949 0.494328 0.501683 0.507975 0.513169 0.517239 0.520161 0.521921 0.522508 0.521921 0.520161 0.517239 0.513169 0.507975 0.501683 0.494328 0.485949 0.476591 0.466306 0.455149 0.443182 0.430469 0.417081 0.403089 0.388571 0.373604 0.35827 0.342649 0.326823 0.310874 0.294884 0.27893 0.263091 0.247439 0.232044 0.216973 0.202288 0.188043 0.174291 0.161077 0.14844 0.136415 0.12503 0.114308 0.104269 0.0949237 0.086283 0.0783515 0.0711311 0.0646211 0.0588183 0.0537182 0.0493152 0.0456032 0.0425761 0.0402282 0.0385549 0.0375524 
0.0391672 0.039517 0.0405673 0.0423203 0.0447797 0.0479501 0.0518374 0.0564473 0.061786 0.0678587 0.0746699 0.082222 0.0905153 0.0995473 0.109312 0.119799 0.130994 0.142876 0.155423 0.168602 0.182377 0.196707 0.211544 0.226833 0.242516 0.258529 0.274802 0.291263 0.307835 0.324438 0.34099 0.357407 0.373604 0.389498 0.405004 0.420039 0.434523 0.448378 0.461529 0.473904 0.485437 0.496066 0.505734 0.514389 0.521984 0.52848 0.533843 0.538043 0.541059 0.542875 0.543481 0.542875 0.541059 0.538043 0.533843 0.52848 0.521984 0.514389 0.505734 0.496066 0.485437 0.473904 0.461529 0.448378 0.434523 0.420039 0.405004 0.389498 0.373604 0.357407 0.34099 0.324438 0.307835 0.291263 0.274802 0.258529 0.242516 0.226833 0.211544 0.196707 0.182377 0.168602 0.155423 0.142876 0.130994 0.119799 0.109312 0.0995473 0.0905153 0.082222 0.0746699 0.0678587 0.061786 0.0564473 0.0518374 0.0479501 0.0447797 0.0423203 0.0405673 0.039517 
0.0410941 0.0414596 0.0425568 0.0443881 0.0469571 0.0502684 0.0543278 0.0591409 0.0647138 0.0710514 0.0781579 0.0860353 0.0946833 0.104099 0.114274 0.125199 0.136856 0.149226 0.162281 0.175989 0.190312 0.205205 0.220618 0.236495 0.252773 0.269387 0.286263 0.303327 0.320498 0.337693 0.354828 0.371817 0.388571 0.405004 0.42103 0.436563 0.45152 0.465823 0.479394 0.49216 0.504054 0.515012 0.524977 0.533895 0.541721 0.548412 0.553934 0.558259 0.561365 0.563234 0.563858 0.563234 0.561365 0.558259 0.553934 0.548412 0.541721 0.533895 0.524977 0.515012 0.504054 0.49216 0.479394 0.465823 0.45152 0.436563 0.42103 0.405004 0.388571 0.371817 0.354828 0.337693 0.320498 0.303327 0.286263 0.269387 0.252773 0.236495 0.220618 0.205205 0.190312 0.175989 0.162281 0.149226 0.136856 0.125199 0.114274 0.104099 0.0946833 0.0860353 0.0781579 0.0710514 0.0647138 0.0591409 0.0543278 0.0502684 0.0469571 0.0443881 0.0425568 0.0414596 
0.042987 0.0433677 0.0445109 0.0464186 0.0490945 0.0525434 0.0567707 0.0617822 0.0675835 0.0741795 0.0815739 0.0897683 0.0987617 0.10855 0.119126 0.130476 0.142583 0.155426 0.168975 0.183196 0.198049 0.213488 0.229459 0.245903 0.262757 0.279951 0.297409 0.315054 0.332802 0.350567 0.368264 0.385801 0.403089 0.420039 0.436563 0.452572 0.467983 0.482713 0.496684 0.509824 0.522062 0.533333 0.54358 0.552749 0.560793 0.567669 0.573343 0.577787 0.580977 0.582897 0.583539 0.582897 0.580977 0.577787 0.573343 0.567669 0.560793 0.552749 0.54358 0.533333 0.522062 0.509824 0.496684 0.482713 0.467983 0.452572 0.436563 0.420039 0.403089 0.385801 0.368264 0.350567 0.332802 0.315054 0.297409 0.279951 0.262757 0.245903 0.229459 0.213488 0.198049 0.183196 0.168975 0.155426 0.142583 0.130476 0.119126 0.10855 0.0987617 0.0897683 0.0815739 0.0741795 0.0675835 0.0617822 0.0567707 0.0525434 0.0490945 0.0464186 0.0445109 0.0433677 
0.0448332 0.0452289 0.0464165 0.0483984 0.0511781 0.0547603 0.0591505 0.0643541 0.0703768 0.0772231 0.0848962 0.0933974 0.102725 0.112874 0.123836 0.135597 0.148139 0.161438 0.175463 0.190179 0.205543 0.221507 0.238014 0.255005 0.272412 0.290162 0.308178 0.326379 0.344679 0.36299 0.381222 0.399283 0.417081 0.434523 0.45152 0.467983 0.483823 0.498959 0.513311 0.526804 0.539367 0.550936 0.56145 0.570855 0.579104 0.586155 0.591973 0.596528 0.599798 0.601767 0.602424 0.601767 0.599798 0.596528 0.591973 0.586155 0.579104 0.570855 0.56145 0.550936 0.539367 0.526804 0.513311 0.498959 0.483823 0.467983 0.45152 0.434523 0.417081 0.399283 0.381222 0.36299 0.344679 0.326379 0.308178 0.290162 0.272412 0.255005 0.238014 0.221507 0.205543 0.190179 0.175463 0.161438 0.148139 0.135597 0.123836 0.112874 0.102725 0.0933974 0.0848962 0.0772231 0.0703768 0.0643541 0.0591505 0.0547603 0.0511781 0.0483984 0.0464165 0.0452289 
0.0466204 0.0470303 0.0482608 0.050314 0.0531937 0.0569043 0.0614511 0.0668397 0.0730753 0.0801622 0.0881033 0.0968992 0.106548 0.117043 0.128376 0.140532 0.15349 0.167226 0.181707 0.196897 0.212749 0.229214 0.246234 0.263746 0.281679 0.29996 0.318507 0.337237 0.356062 0.374891 0.393631 0.412189 0.430469 0.448378 0.465823 0.482713 0.498959 0.514478 0.529189 0.543014 0.555883 0.56773 0.578494 0.588122 0.596564 0.603779 0.609731 0.614391 0.617735 0.619749 0.620421 0.619749 0.617735 0.614391 0.609731 0.603779 0.596564 0.588122 0.578494 0.56773 0.555883 0.543014 0.529189 0.514478 0.498959 0.482713 0.465823 0.448378 0.430469 0.412189 0.393631 0.374891 0.356062 0.337237 0.318507 0.29996 0.281679 0.263746 0.246234 0.229214 0.212749 0.196897 0.181707 0.167226 0.15349 0.140532 0.128376 0.117043 0.106548 0.0968992 0.0881033 0.0801622 0.0730753 0.0668397 0.0614511 0.0569043 0.0531937 0.050314 0.0482608 0.0470303 
0.0483359 0.0487594 0.0500308 0.0521523 0.0551273 0.0589605 0.0636569 0.069222 0.0756607 0.0829772 0.0911738 0.100251 0.110205 0.121031 0.132717 0.145247 0.158602 0.172753 0.187668 0.203306 0.219623 0.236563 0.254069 0.272074 0.290506 0.309288 0.328337 0.347567 0.366887 0.386204 0.405423 0.424448 0.443182 0.461529 0.479394 0.496684 0.513311 0.529189 0.544234 0.55837 0.571525 0.583631 0.594629 0.604464 0.613086 0.620453 0.62653 0.631287 0.634701 0.636756 0.637442 0.636756 0.634701 0.631287 0.62653 0.620453 0.613086 0.604464 0.594629 0.583631 0.571525 0.55837 0.544234 0.529189 0.513311 0.496684 0.479394 0.461529 0.443182 0.424448 0.405423 0.386204 0.366887 0.347567 0.328337 0.309288 0.290506 0.272074 0.254069 0.236563 0.219623 0.203306 0.187668 0.172753 0.158602 0.145247 0.132717 0.121031 0.110205 0.100251 0.0911738 0.0829772 0.0756607 0.069222 0.0636569 0.0589605 0.0551273 0.0521523 0.0500308 0.0487594 
0.0499674 0.0504038 0.051714 0.0539 0.0569653 0.0609145 0.0657525 0.0714845 0.0781154 0.0856489 0.094087 0.103429 0.113673 0.12481 0.136829 0.149714 0.163442 0.177984 0.193307 0.209369 0.226121 0.243509 0.261471 0.27994 0.29884 0.318092 0.337611 0.357309 0.377092 0.396865 0.416532 0.435993 0.455149 0.473904 0.49216 0.509824 0.526804 0.543014 0.55837 0.572794 0.586213 0.598561 0.609775 0.6198 0.628588 0.636096 0.642288 0.647134 0.650613 0.652706 0.653405 0.652706 0.650613 0.647134 0.642288 0.636096 0.628588 0.6198 0.609775 0.598561 0.586213 0.572794 0.55837 0.543014 0.526804 0.509824 0.49216 0.473904 0.455149 0.435993 0.416532 0.396865 0.377092 0.357309 0.337611 0.318092 0.29884 0.27994 0.261471 0.243509 0.226121 0.209369 0.193307 0.177984 0.163442 0.149714 0.136829 0.12481 0.113673 0.103429 0.094087 0.0856489 0.0781154 0.0714845 0.0657525 0.0609145 0.0569653 0.0539 0.051714 0.0504038 
0.051503 0.0519515 0.053298 0.0555445 0.0586944 0.0627522 0.0677228 0.0736112 0.080422 0.0881586 0.0968227 0.106414 0.116927 0.128355 0.140686 0.153901 0.167978 0.182886 0.198589 0.215045 0.232204 0.250009 0.268396 0.287295 0.306629 0.326318 0.346274 0.366406 0.386618 0.406814 0.426895 0.446759 0.466306 0.485437 0.504054 0.522062 0.539367 0.555883 0.571525 0.586213 0.599875 0.612443 0.623855 0.634056 0.642996 0.650632 0.65693 0.661858 0.665395 0.667524 0.668234 0.667524 0.665395 0.661858 0.65693 0.650632 0.642996 0.634056 0.623855 0.612443 0.599875 0.586213 0.571525 0.555883 0.539367 0.522062 0.504054 0.485437 0.466306 0.446759 0.426895 0.406814 0.386618 0.366406 0.346274 0.326318 0.306629 0.287295 0.268396 0.250009 0.232204 0.215045 0.198589 0.182886 0.167978 0.153901 0.140686 0.128355 0.116927 0.106414 0.0968227 0.0881586 0.080422 0.0736112 0.0677228 0.0627522 0.0586944 0.0555445 0.053298 0.0519515 
0.0529311 0.0533909 0.054771 0.0570735 0.0603018 0.0644602 0.0695536 0.0755867 0.082564 0.0904886 0.0993619 0.109182 0.119946 0.131643 0.144262 0.157782 0.17218 0.187426 0.20348 0.2203 0.237833 0.256021 0.274799 0.294094 0.313829 0.333919 0.354275 0.374805 0.395411 0.415995 0.436454 0.456686 0.476591 0.496066 0.515012 0.533333 0.550936 0.56773 0.583631 0.598561 0.612443 0.625212 0.636803 0.647162 0.65624 0.663993 0.670386 0.675388 0.678978 0.681138 0.68186 0.681138 0.678978 0.675388 0.670386 0.663993 0.65624 0.647162 0.636803 0.625212 0.612443 0.598561 0.583631 0.56773 0.550936 0.533333 0.515012 0.496066 0.476591 0.456686 0.436454 0.415995 0.395411 0.374805 0.354275 0.333919 0.313829 0.294094 0.274799 0.256021 0.237833 0.2203 0.20348 0.187426 0.17218 0.157782 0.144262 0.131643 0.119946 0.109182 0.0993619 0.0904886 0.082564 0.0755867 0.0695536 0.0644602 0.0603018 0.0570735 0.054771 0.0533909 
