4.81043e-16 7.26725e-16 1.68887e-15 4.22445e-15 1.04931e-14 2.55656e-14 6.09889e-14 1.42414e-13 3.25479e-13 7.28025e-13 1.59374e-12 3.41457e-12 7.16003e-12 1.46951e-11 2.95213e-11 5.80553e-11 1.11772e-10 2.10696e-10 3.88925e-10 7.03103e-10 1.24501e-09 2.15969e-09 3.67051e-09 6.11271e-09 9.97619e-09 1.59574e-08 2.50187e-08 3.84506e-08 5.79297e-08 8.5561e-08 1.23891e-07 1.75872e-07 2.44767e-07 3.33971e-07 4.46757e-07 5.85936e-07 7.5347e-07 9.50067e-07 1.17481e-06 1.42491e-06 1.69557e-06 1.98012e-06 2.27029e-06 2.55671e-06 2.82951e-06 3.079e-06 3.29622e-06 3.47344e-06 3.60449e-06 3.68491e-06 3.71202e-06 3.68491e-06 3.60449e-06 3.47344e-06 3.29622e-06 3.079e-06 2.82951e-06 2.55671e-06 2.27029e-06 1.98012e-06 1.69557e-06 1.42491e-06 1.17481e-06 9.50067e-07 7.5347e-07 5.85936e-07 4.46757e-07 3.33971e-07 2.44767e-07 1.75872e-07 1.23891e-07 8.5561e-08 5.79297e-08 3.84506e-08 2.50187e-08 1.59574e-08 9.97619e-09 6.11271e-09 3.67051e-09 2.15969e-09 1.24501e-09 7.03103e-10 3.88925e-10 2.10696e-10 1.11772e-10 5.80553e-11 2.95213e-11 1.46951e-11 7.16003e-12 3.41457e-12 1.59374e-12 7.28025e-13 3.25479e-13 1.42414e-13 6.09889e-14 2.55656e-14 1.04931e-14 4.22445e-15 1.68887e-15 7.26725e-16 
7.26725e-16 1.09576e-15 2.53882e-15 6.33298e-15 1.56885e-14 3.81221e-14 9.06983e-14 2.11209e-13 4.81368e-13 1.07368e-12 2.3437e-12 5.00673e-12 1.04675e-11 2.14186e-11 4.28964e-11 8.40954e-11 1.61394e-10 3.03262e-10 5.57982e-10 1.00543e-09 1.77452e-09 3.06806e-09 5.19717e-09 8.6268e-09 1.40335e-08 2.23753e-08 3.49703e-08 5.35791e-08 8.04795e-08 1.1852e-07 1.71132e-07 2.42279e-07 3.36317e-07 4.57762e-07 6.10936e-07 7.9952e-07 1.02604e-06 1.29132e-06 1.59403e-06 1.93032e-06 2.2937e-06 2.67519e-06 3.06373e-06 3.44682e-06 3.81135e-06 4.14445e-06 4.43426e-06 4.67059e-06 4.84527e-06 4.95243e-06 4.98854e-06 4.95243e-06 4.84527e-06 4.67059e-06 4.43426e-06 4.14445e-06 3.81135e-06 3.44682e-06 3.06373e-06 2.67519e-06 2.2937e-06 1.93032e-06 1.59403e-06 1.29132e-06 1.02604e-06 7.9952e-07 6.10936e-07 4.57762e-07 3.36317e-07 2.42279e-07 1.71132e-07 1.1852e-07 8.04795e-08 5.35791e-08 3.49703e-08 2.23753e-08 1.40335e-08 8.6268e-09 5.19717e-09 3.06806e-09 1.77452e-09 1.00543e-09 5.57982e-10 3.03262e-10 1.61394e-10 8.40954e-11 4.28964e-11 2.14186e-11 1.04675e-11 5.00673e-12 2.3437e-12 1.07368e-12 4.81368e-13 2.11209e-13 9.06983e-14 3.81221e-14 1.56885e-14 6.33298e-15 2.53882e-15 1.09576e-15 
1.68887e-15 2.53882e-15 5.85474e-15 1.45414e-14 3.58728e-14 8.68035e-14 2.05643e-13 4.76815e-13 1.08195e-12 2.40249e-12 5.2204e-12 1.11003e-11 2.30972e-11 4.70326e-11 9.37304e-11 1.82827e-10 3.49079e-10 6.52505e-10 1.19421e-09 2.14032e-09 3.75705e-09 6.46035e-09 1.08837e-08 1.7967e-08 2.90683e-08 4.60966e-08 7.166e-08 1.09217e-07 1.6321e-07 2.39155e-07 3.43648e-07 4.8425e-07 6.69206e-07 9.06982e-07 1.20559e-06 1.57174e-06 2.00987e-06 2.52117e-06 3.10269e-06 3.74678e-06 4.44084e-06 5.16769e-06 5.9063e-06 6.63312e-06 7.32351e-06 7.95344e-06 8.50082e-06 8.94673e-06 9.27607e-06 9.47801e-06 9.54604e-06 9.47801e-06 9.27607e-06 8.94673e-06 8.50082e-06 7.95344e-06 7.32351e-06 6.63312e-06 5.9063e-06 5.16769e-06 4.44084e-06 3.74678e-06 3.10269e-06 2.52117e-06 2.00987e-06 1.57174e-06 1.20559e-06 9.06982e-07 6.69206e-07 4.8425e-07 3.43648e-07 2.39155e-07 1.6321e-07 1.09217e-07 7.166e-08 4.60966e-08 2.90683e-08 1.7967e-08 1.08837e-08 6.46035e-09 3.75705e-09 2.14032e-09 1.19421e-09 6.52505e-10 3.49079e-10 1.82827e-10 9.37304e-11 4.70326e-11 2.30972e-11 1.11003e-11 5.2204e-12 2.40249e-12 1.08195e-12 4.76815e-13 2.05643e-13 8.68035e-14 3.58728e-14 1.45414e-14 5.85474e-15 2.53882e-15 
4.22445e-15 6.33298e-15 1.45414e-14 3.59736e-14 8.84042e-14 2.13094e-13 5.02866e-13 1.16136e-12 2.62463e-12 5.80409e-12 1.2559e-11 2.65902e-11 5.50867e-11 1.11672e-10 2.21534e-10 4.30105e-10 8.17316e-10 1.52035e-09 2.76883e-09 4.93764e-09 8.62354e-09 1.47527e-08 2.4726e-08 4.06079e-08 6.53605e-08 1.03119e-07 1.59493e-07 2.4187e-07 3.59676e-07 5.24527e-07 7.50216e-07 1.05243e-06 1.44816e-06 1.95466e-06 2.58808e-06 3.36172e-06 4.28402e-06 5.35662e-06 6.57265e-06 7.91554e-06 9.35874e-06 1.08664e-05 1.23951e-05 1.38965e-05 1.53202e-05 1.66172e-05 1.7743e-05 1.86591e-05 1.93352e-05 1.97496e-05 1.98891e-05 1.97496e-05 1.93352e-05 1.86591e-05 1.7743e-05 1.66172e-05 1.53202e-05 1.38965e-05 1.23951e-05 1.08664e-05 9.35874e-06 7.91554e-06 6.57265e-06 5.35662e-06 4.28402e-06 3.36172e-06 2.58808e-06 1.95466e-06 1.44816e-06 1.05243e-06 7.50216e-07 5.24527e-07 3.59676e-07 2.4187e-07 1.59493e-07 1.03119e-07 6.53605e-08 4.06079e-08 2.4726e-08 1.47527e-08 8.62354e-09 4.93764e-09 2.76883e-09 1.52035e-09 8.17316e-10 4.30105e-10 2.21534e-10 1.11672e-10 5.50867e-11 2.65902e-11 1.2559e-11 5.80409e-12 2.62463e-12 1.16136e-12 5.02866e-13 2.13094e-13 8.84042e-14 3.59736e-14 1.45414e-14 6.33298e-15 
1.04931e-14 1.56885e-14 3.58728e-14 8.84042e-14 2.16446e-13 5.19794e-13 1.22201e-12 2.81142e-12 6.32902e-12 1.39406e-11 3.0043e-11 6.33461e-11 1.30682e-10 2.6378e-10 5.20988e-10 1.00695e-09 1.90473e-09 3.52659e-09 6.39205e-09 1.13439e-08 1.9715e-08 3.35604e-08 5.59681e-08 9.14573e-08 1.46469e-07 2.29931e-07 3.53877e-07 5.34038e-07 7.90347e-07 1.1472e-06 1.63336e-06 2.28129e-06 3.12582e-06 4.20207e-06 5.54247e-06 7.17318e-06 9.11015e-06 1.13551e-05 1.38922e-05 1.66857e-05 1.96799e-05 2.28003e-05 2.59574e-05 2.90519e-05 3.19813e-05 3.46463e-05 3.69565e-05 3.88346e-05 4.02197e-05 4.10681e-05 4.13538e-05 4.10681e-05 4.02197e-05 3.88346e-05 3.69565e-05 3.46463e-05 3.19813e-05 2.90519e-05 2.59574e-05 2.28003e-05 1.96799e-05 1.66857e-05 1.38922e-05 1.13551e-05 9.11015e-06 7.17318e-06 5.54247e-06 4.20207e-06 3.12582e-06 2.28129e-06 1.63336e-06 1.1472e-06 7.90347e-07 5.34038e-07 3.53877e-07 2.29931e-07 1.46469e-07 9.14573e-08 5.59681e-08 3.35604e-08 1.9715e-08 1.13439e-08 6.39205e-09 3.52659e-09 1.90473e-09 1.00695e-09 5.20988e-10 2.6378e-10 1.30682e-10 6.33461e-11 3.0043e-11 1.39406e-11 6.32902e-12 2.81142e-12 1.22201e-12 5.19794e-13 2.16446e-13 8.84042e-14 3.58728e-14 1.56885e-14 
2.55656e-14 3.81221e-14 8.68035e-14 2.13094e-13 5.19794e-13 1.24364e-12 2.91272e-12 6.67554e-12 1.49694e-11 3.28418e-11 7.04912e-11 1.4802e-10 3.04078e-10 6.11144e-10 1.20177e-09 2.31233e-09 4.35393e-09 8.0236e-09 1.44738e-08 2.5562e-08 4.42068e-08 7.4878e-08 1.24246e-07 2.02005e-07 3.21875e-07 5.02742e-07 7.69873e-07 1.15607e-06 1.7026e-06 2.4596e-06 3.4857e-06 4.8466e-06 6.61218e-06 8.85213e-06 1.163e-05 1.4996e-05 1.8979e-05 2.35791e-05 2.87608e-05 3.44492e-05 4.05293e-05 4.68498e-05 5.32301e-05 5.94716e-05 6.53697e-05 7.07272e-05 7.53653e-05 7.91323e-05 8.19082e-05 8.36077e-05 8.41798e-05 8.36077e-05 8.19082e-05 7.91323e-05 7.53653e-05 7.07272e-05 6.53697e-05 5.94716e-05 5.32301e-05 4.68498e-05 4.05293e-05 3.44492e-05 2.87608e-05 2.35791e-05 1.8979e-05 1.4996e-05 1.163e-05 8.85213e-06 6.61218e-06 4.8466e-06 3.4857e-06 2.4596e-06 1.7026e-06 1.15607e-06 7.69873e-07 5.02742e-07 3.21875e-07 2.02005e-07 1.24246e-07 7.4878e-08 4.42068e-08 2.5562e-08 1.44738e-08 8.0236e-09 4.35393e-09 2.31233e-09 1.20177e-09 6.11144e-10 3.04078e-10 1.4802e-10 7.04912e-11 3.28418e-11 1.49694e-11 6.67554e-12 2.91272e-12 1.24364e-12 5.19794e-13 2.13094e-13 8.68035e-14 3.81221e-14 
6.09889e-14 9.06983e-14 2.05643e-13 5.02866e-13 1.22201e-12 2.91272e-12 6.79588e-12 1.5515e-11 3.46545e-11 7.57254e-11 1.61873e-10 3.38495e-10 6.9242e-10 1.38561e-09 2.71262e-09 5.19573e-09 9.73781e-09 1.78604e-08 3.2063e-08 5.63479e-08 9.69615e-08 1.63404e-07 2.6975e-07 4.36314e-07 6.91631e-07 1.07469e-06 1.63728e-06 2.44611e-06 3.58445e-06 5.15273e-06 7.26744e-06 1.0058e-05 1.36608e-05 1.82102e-05 2.38272e-05 3.0605e-05 3.85936e-05 4.77859e-05 5.81049e-05 6.93972e-05 8.14323e-05 9.39103e-05 0.000106477 0.000118743 0.000130314 0.000140807 0.00014988 0.00015724 0.000162659 0.000165975 0.000167091 0.000165975 0.000162659 0.00015724 0.00014988 0.000140807 0.000130314 0.000118743 0.000106477 9.39103e-05 8.14323e-05 6.93972e-05 5.81049e-05 4.77859e-05 3.85936e-05 3.0605e-05 2.38272e-05 1.82102e-05 1.36608e-05 1.0058e-05 7.26744e-06 5.15273e-06 3.58445e-06 2.44611e-06 1.63728e-06 1.07469e-06 6.91631e-07 4.36314e-07 2.6975e-07 1.63404e-07 9.69615e-08 5.63479e-08 3.2063e-08 1.78604e-08 9.73781e-09 5.19573e-09 2.71262e-09 1.38561e-09 6.9242e-10 3.38495e-10 1.61873e-10 7.57254e-11 3.46545e-11 1.5515e-11 6.79588e-12 2.91272e-12 1.22201e-12 5.02866e-13 2.05643e-13 9.06983e-14 
1.42414e-13 2.11209e-13 4.76815e-13 1.16136e-12 2.81142e-12 6.67554e-12 1.5515e-11 3.52817e-11 7.84919e-11 1.70821e-10 3.63646e-10 7.5722e-10 1.5423e-09 3.07276e-09 5.98854e-09 1.14177e-08 2.12986e-08 3.8877e-08 6.94502e-08 1.21443e-07 2.07914e-07 3.48577e-07 5.72435e-07 9.21021e-07 1.45224e-06 2.24461e-06 3.40156e-06 5.05534e-06 7.36966e-06 1.05403e-05 1.47925e-05 2.0374e-05 2.75435e-05 3.65529e-05 4.76248e-05 6.09258e-05 7.65384e-05 9.44337e-05 0.00011445 0.000136282 0.000159479 0.000183462 0.000207556 0.000231023 0.000253114 0.000273115 0.000290383 0.000304376 0.000314671 0.000320966 0.000323084 0.000320966 0.000314671 0.000304376 0.000290383 0.000273115 0.000253114 0.000231023 0.000207556 0.000183462 0.000159479 0.000136282 0.00011445 9.44337e-05 7.65384e-05 6.09258e-05 4.76248e-05 3.65529e-05 2.75435e-05 2.0374e-05 1.47925e-05 1.05403e-05 7.36966e-06 5.05534e-06 3.40156e-06 2.24461e-06 1.45224e-06 9.21021e-07 5.72435e-07 3.48577e-07 2.07914e-07 1.21443e-07 6.94502e-08 3.8877e-08 2.12986e-08 1.14177e-08 5.98854e-09 3.07276e-09 1.5423e-09 7.5722e-10 3.63646e-10 1.70821e-10 7.84919e-11 3.52817e-11 1.5515e-11 6.67554e-12 2.81142e-12 1.16136e-12 4.76815e-13 2.11209e-13 
3.25479e-13 4.81368e-13 1.08195e-12 2.62463e-12 6.32902e-12 1.49694e-11 3.46545e-11 7.84919e-11 1.73916e-10 3.76934e-10 7.99057e-10 1.65677e-09 3.35977e-09 6.66392e-09 1.29283e-08 2.45342e-08 4.5548e-08 8.27352e-08 1.47063e-07 2.55855e-07 4.35763e-07 7.26735e-07 1.18708e-06 1.89967e-06 2.9791e-06 4.57949e-06 6.90222e-06 1.02026e-05 1.47939e-05 2.10475e-05 2.93869e-05 4.02731e-05 5.41823e-05 7.15717e-05 9.28379e-05 0.000118268 0.000147987 0.000181913 0.000219716 0.000260803 0.000304318 0.000349179 0.000394125 0.000437799 0.000478828 0.000515909 0.000547874 0.000573747 0.000592763 0.000604385 0.000608294 0.000604385 0.000592763 0.000573747 0.000547874 0.000515909 0.000478828 0.000437799 0.000394125 0.000349179 0.000304318 0.000260803 0.000219716 0.000181913 0.000147987 0.000118268 9.28379e-05 7.15717e-05 5.41823e-05 4.02731e-05 2.93869e-05 2.10475e-05 1.47939e-05 1.02026e-05 6.90222e-06 4.57949e-06 2.9791e-06 1.89967e-06 1.18708e-06 7.26735e-07 4.35763e-07 2.55855e-07 1.47063e-07 8.27352e-08 4.5548e-08 2.45342e-08 1.29283e-08 6.66392e-09 3.35977e-09 1.65677e-09 7.99057e-10 3.76934e-10 1.73916e-10 7.84919e-11 3.46545e-11 1.49694e-11 6.32902e-12 2.62463e-12 1.08195e-12 4.81368e-13 
7.28025e-13 1.07368e-12 2.40249e-12 5.80409e-12 1.39406e-11 3.28418e-11 7.57254e-11 1.70821e-10 3.76934e-10 8.13524e-10 1.71723e-09 3.54506e-09 7.15722e-09 1.41317e-08 2.72894e-08 5.15427e-08 9.52268e-08 1.72118e-07 3.04396e-07 5.2684e-07 8.92568e-07 1.48058e-06 2.40529e-06 3.82794e-06 5.96967e-06 9.12537e-06 1.36769e-05 2.01042e-05 2.89908e-05 4.10218e-05 5.69706e-05 7.76705e-05 0.000103971 0.000136677 0.000176469 0.000223821 0.000278907 0.000341519 0.000411008 0.000486253 0.000565676 0.000647298 0.000728849 0.000807894 0.00088199 0.000948827 0.00100635 0.00105285 0.001087 0.00110785 0.00111487 0.00110785 0.001087 0.00105285 0.00100635 0.000948827 0.00088199 0.000807894 0.000728849 0.000647298 0.000565676 0.000486253 0.000411008 0.000341519 0.000278907 0.000223821 0.000176469 0.000136677 0.000103971 7.76705e-05 5.69706e-05 4.10218e-05 2.89908e-05 2.01042e-05 1.36769e-05 9.12537e-06 5.96967e-06 3.82794e-06 2.40529e-06 1.48058e-06 8.92568e-07 5.2684e-07 3.04396e-07 1.72118e-07 9.52268e-08 5.15427e-08 2.72894e-08 1.41317e-08 7.15722e-09 3.54506e-09 1.71723e-09 8.13524e-10 3.76934e-10 1.70821e-10 7.57254e-11 3.28418e-11 1.39406e-11 5.80409e-12 2.40249e-12 1.07368e-12 
1.59374e-12 2.3437e-12 5.2204e-12 1.2559e-11 3.0043e-11 7.04912e-11 1.61873e-10 3.63646e-10 7.99057e-10 1.71723e-09 3.60913e-09 7.41779e-09 1.49086e-08 2.93013e-08 5.6317e-08 1.05858e-07 1.94615e-07 3.49989e-07 6.15783e-07 1.06018e-06 1.78652e-06 2.94727e-06 4.7614e-06 7.53494e-06 1.16839e-05 1.77579e-05 2.64625e-05 3.86753e-05 5.54537e-05 7.80263e-05 0.000107765 0.00014613 0.000194592 0.000254517 0.000327036 0.000412891 0.000512285 0.000624747 0.000749034 0.000883088 0.00102408 0.00116849 0.00131236 0.00145143 0.0015815 0.00169859 0.00179919 0.0018804 0.00193998 0.00197634 0.00198856 0.00197634 0.00193998 0.0018804 0.00179919 0.00169859 0.0015815 0.00145143 0.00131236 0.00116849 0.00102408 0.000883088 0.000749034 0.000624747 0.000512285 0.000412891 0.000327036 0.000254517 0.000194592 0.00014613 0.000107765 7.80263e-05 5.54537e-05 3.86753e-05 2.64625e-05 1.77579e-05 1.16839e-05 7.53494e-06 4.7614e-06 2.94727e-06 1.78652e-06 1.06018e-06 6.15783e-07 3.49989e-07 1.94615e-07 1.05858e-07 5.6317e-08 2.93013e-08 1.49086e-08 7.41779e-09 3.60913e-09 1.71723e-09 7.99057e-10 3.63646e-10 1.61873e-10 7.04912e-11 3.0043e-11 1.2559e-11 5.2204e-12 2.3437e-12 
3.41457e-12 5.00673e-12 1.11003e-11 2.65902e-11 6.33461e-11 1.4802e-10 3.38495e-10 7.5722e-10 1.65677e-09 3.54506e-09 7.41779e-09 1.51772e-08 3.03639e-08 5.93981e-08 1.13618e-07 2.12522e-07 3.88761e-07 6.95562e-07 1.2174e-06 2.08477e-06 3.49389e-06 5.73186e-06 9.20752e-06 1.44871e-05 2.23333e-05 3.37443e-05 4.99885e-05 7.26285e-05 0.000103526 0.000144822 0.000198878 0.000268177 0.000355178 0.000462125 0.000590815 0.000742352 0.000916893 0.00111344 0.00132967 0.00156194 0.00180529 0.00205369 0.00230037 0.00253816 0.00276 0.00295927 0.00313019 0.00326796 0.00336892 0.00343048 0.00345117 0.00343048 0.00336892 0.00326796 0.00313019 0.00295927 0.00276 0.00253816 0.00230037 0.00205369 0.00180529 0.00156194 0.00132967 0.00111344 0.000916893 0.000742352 0.000590815 0.000462125 0.000355178 0.000268177 0.000198878 0.000144822 0.000103526 7.26285e-05 4.99885e-05 3.37443e-05 2.23333e-05 1.44871e-05 9.20752e-06 5.73186e-06 3.49389e-06 2.08477e-06 1.2174e-06 6.95562e-07 3.88761e-07 2.12522e-07 1.13618e-07 5.93981e-08 3.03639e-08 1.51772e-08 7.41779e-09 3.54506e-09 1.65677e-09 7.5722e-10 3.38495e-10 1.4802e-10 6.33461e-11 2.65902e-11 1.11003e-11 5.00673e-12 
7.16003e-12 1.04675e-11 2.30972e-11 5.50867e-11 1.30682e-10 3.04078e-10 6.9242e-10 1.5423e-09 3.35977e-09 7.15722e-09 1.49086e-08 3.03639e-08 6.04633e-08 1.17716e-07 2.24074e-07 4.17047e-07 7.59018e-07 1.35096e-06 2.35193e-06 4.00573e-06 6.67593e-06 1.089e-05 1.73923e-05 2.72043e-05 4.16884e-05 6.261e-05 9.21888e-05 0.00013313 0.000188621 0.000262281 0.000358054 0.000480026 0.000632177 0.000818051 0.00104039 0.00130071 0.00159894 0.00193307 0.00229894 0.00269021 0.00309849 0.00351372 0.00392468 0.00431966 0.00468717 0.00501657 0.00529854 0.00552548 0.00569157 0.00579279 0.00582679 0.00579279 0.00569157 0.00552548 0.00529854 0.00501657 0.00468717 0.00431966 0.00392468 0.00351372 0.00309849 0.00269021 0.00229894 0.00193307 0.00159894 0.00130071 0.00104039 0.000818051 0.000632177 0.000480026 0.000358054 0.000262281 0.000188621 0.00013313 9.21888e-05 6.261e-05 4.16884e-05 2.72043e-05 1.73923e-05 1.089e-05 6.67593e-06 4.00573e-06 2.35193e-06 1.35096e-06 7.59018e-07 4.17047e-07 2.24074e-07 1.17716e-07 6.04633e-08 3.03639e-08 1.49086e-08 7.15722e-09 3.35977e-09 1.5423e-09 6.9242e-10 3.04078e-10 1.30682e-10 5.50867e-11 2.30972e-11 1.04675e-11 
1.46951e-11 2.14186e-11 4.70326e-11 1.11672e-10 2.6378e-10 6.11144e-10 1.38561e-09 3.07276e-09 6.66392e-09 1.41317e-08 2.93013e-08 5.93981e-08 1.17716e-07 2.28067e-07 4.3198e-07 7.99934e-07 1.44834e-06 2.56423e-06 4.44e-06 7.52019e-06 1.24622e-05 2.02113e-05 3.20891e-05 4.98914e-05 7.59893e-05 0.000113423 0.000165971 0.000238187 0.00033537 0.000463461 0.000628838 0.000838008 0.00109718 0.00141174 0.00178566 0.00222084 0.00271657 0.00326899 0.00387088 0.00451155 0.00517722 0.00585156 0.0065166 0.00715377 0.00774497 0.00827356 0.00872514 0.00908799 0.00935322 0.00951471 0.00956893 0.00951471 0.00935322 0.00908799 0.00872514 0.00827356 0.00774497 0.00715377 0.0065166 0.00585156 0.00517722 0.00451155 0.00387088 0.00326899 0.00271657 0.00222084 0.00178566 0.00141174 0.00109718 0.000838008 0.000628838 0.000463461 0.00033537 0.000238187 0.000165971 0.000113423 7.59893e-05 4.98914e-05 3.20891e-05 2.02113e-05 1.24622e-05 7.52019e-06 4.44e-06 2.56423e-06 1.44834e-06 7.99934e-07 4.3198e-07 2.28067e-07 1.17716e-07 5.93981e-08 2.93013e-08 1.41317e-08 6.66392e-09 3.07276e-09 1.38561e-09 6.11144e-10 2.6378e-10 1.11672e-10 4.70326e-11 2.14186e-11 
2.95213e-11 4.28964e-11 9.37304e-11 2.21534e-10 5.20988e-10 1.20177e-09 2.71262e-09 5.98854e-09 1.29283e-08 2.72894e-08 5.6317e-08 1.13618e-07 2.24074e-07 4.3198e-07 8.14075e-07 1.49972e-06 2.70103e-06 4.75632e-06 8.19026e-06 1.3794e-05 2.27272e-05 3.66423e-05 5.78268e-05 8.93579e-05 0.000135255 0.000200612 0.00029169 0.000415935 0.000581899 0.000799035 0.00107733 0.0014268 0.00185676 0.00237505 0.00298708 0.00369492 0.00449639 0.00538449 0.00634697 0.00736643 0.00842085 0.00948457 0.0105297 0.0115276 0.0124507 0.013274 0.0139758 0.0145388 0.0149497 0.0151997 0.0152836 0.0151997 0.0149497 0.0145388 0.0139758 0.013274 0.0124507 0.0115276 0.0105297 0.00948457 0.00842085 0.00736643 0.00634697 0.00538449 0.00449639 0.00369492 0.00298708 0.00237505 0.00185676 0.0014268 0.00107733 0.000799035 0.000581899 0.000415935 0.00029169 0.000200612 0.000135255 8.93579e-05 5.78268e-05 3.66423e-05 2.27272e-05 1.3794e-05 8.19026e-06 4.75632e-06 2.70103e-06 1.49972e-06 8.14075e-07 4.3198e-07 2.24074e-07 1.13618e-07 5.6317e-08 2.72894e-08 1.29283e-08 5.98854e-09 2.71262e-09 1.20177e-09 5.20988e-10 2.21534e-10 9.37304e-11 4.28964e-11 
5.80553e-11 8.40954e-11 1.82827e-10 4.30105e-10 1.00695e-09 2.31233e-09 5.19573e-09 1.14177e-08 2.45342e-08 5.15427e-08 1.05858e-07 2.12522e-07 4.17047e-07 7.99934e-07 1.49972e-06 2.7483e-06 4.92316e-06 8.62172e-06 1.4763e-05 2.47211e-05 4.0492e-05 6.48923e-05 0.000101783 0.0001563 0.00023508 0.000346432 0.000500436 0.000708925 0.000985289 0.0013441 0.00180048 0.00236926 0.00306391 0.00389527 0.00487021 0.00599025 0.00725045 0.0086385 0.0101344 0.0117105 0.0133328 0.0149622 0.0165566 0.0180736 0.0194725 0.0207166 0.0217747 0.0226218 0.0232393 0.0236146 0.0237405 0.0236146 0.0232393 0.0226218 0.0217747 0.0207166 0.0194725 0.0180736 0.0165566 0.0149622 0.0133328 0.0117105 0.0101344 0.0086385 0.00725045 0.00599025 0.00487021 0.00389527 0.00306391 0.00236926 0.00180048 0.0013441 0.000985289 0.000708925 0.000500436 0.000346432 0.00023508 0.0001563 0.000101783 6.48923e-05 4.0492e-05 2.47211e-05 1.4763e-05 8.62172e-06 4.92316e-06 2.7483e-06 1.49972e-06 7.99934e-07 4.17047e-07 2.12522e-07 1.05858e-07 5.15427e-08 2.45342e-08 1.14177e-08 5.19573e-09 2.31233e-09 1.00695e-09 4.30105e-10 1.82827e-10 8.40954e-11 
1.11772e-10 1.61394e-10 3.49079e-10 8.17316e-10 1.90473e-09 4.35393e-09 9.73781e-09 2.12986e-08 4.5548e-08 9.52268e-08 1.94615e-07 3.88761e-07 7.59018e-07 1.44834e-06 2.70103e-06 4.92316e-06 8.77073e-06 1.52738e-05 2.60038e-05 4.32895e-05 7.04821e-05 0.000112264 0.000174987 0.000267006 0.000398986 0.000584113 0.000838168 0.0011794 0.00162814 0.00220612 0.00293545 0.00383728 0.0049302 0.00622838 0.00773966 0.00946372 0.0113906 0.0134994 0.0157586 0.0181257 0.0205497 0.0229728 0.0253338 0.0275716 0.0296281 0.0314518 0.0329989 0.0342351 0.0351348 0.0356811 0.0358643 0.0356811 0.0351348 0.0342351 0.0329989 0.0314518 0.0296281 0.0275716 0.0253338 0.0229728 0.0205497 0.0181257 0.0157586 0.0134994 0.0113906 0.00946372 0.00773966 0.00622838 0.0049302 0.00383728 0.00293545 0.00220612 0.00162814 0.0011794 0.000838168 0.000584113 0.000398986 0.000267006 0.000174987 0.000112264 7.04821e-05 4.32895e-05 2.60038e-05 1.52738e-05 8.77073e-06 4.92316e-06 2.70103e-06 1.44834e-06 7.59018e-07 3.88761e-07 1.94615e-07 9.52268e-08 4.5548e-08 2.12986e-08 9.73781e-09 4.35393e-09 1.90473e-09 8.17316e-10 3.49079e-10 1.61394e-10 
2.10696e-10 3.03262e-10 6.52505e-10 1.52035e-09 3.52659e-09 8.0236e-09 1.78604e-08 3.8877e-08 8.27352e-08 1.72118e-07 3.49989e-07 6.95562e-07 1.35096e-06 2.56423e-06 4.75632e-06 8.62172e-06 1.52738e-05 2.64466e-05 4.47628e-05 7.40738e-05 0.000119869 0.00018974 0.000293869 0.000445499 0.000661315 0.000961669 0.00137057 0.00191532 0.00262584 0.00353344 0.00466927 0.00606228 0.00773685 0.00971021 0.0119899 0.0145714 0.017436 0.0205503 0.0238655 0.0273186 0.0308354 0.0343332 0.037726 0.0409284 0.043861 0.0464532 0.0486466 0.0503954 0.0516662 0.052437 0.0526952 0.052437 0.0516662 0.0503954 0.0486466 0.0464532 0.043861 0.0409284 0.037726 0.0343332 0.0308354 0.0273186 0.0238655 0.0205503 0.017436 0.0145714 0.0119899 0.00971021 0.00773685 0.00606228 0.00466927 0.00353344 0.00262584 0.00191532 0.00137057 0.000961669 0.000661315 0.000445499 0.000293869 0.00018974 0.000119869 7.40738e-05 4.47628e-05 2.64466e-05 1.52738e-05 8.62172e-06 4.75632e-06 2.56423e-06 1.35096e-06 6.95562e-07 3.49989e-07 1.72118e-07 8.27352e-08 3.8877e-08 1.78604e-08 8.0236e-09 3.52659e-09 1.52035e-09 6.52505e-10 3.03262e-10 
3.88925e-10 5.57982e-10 1.19421e-09 2.76883e-09 6.39205e-09 1.44738e-08 3.2063e-08 6.94502e-08 1.47063e-07 3.04396e-07 6.15783e-07 1.2174e-06 2.35193e-06 4.44e-06 8.19026e-06 1.4763e-05 2.60038e-05 4.47628e-05 7.5313e-05 0.00012387 0.000199207 0.000313323 0.000482133 0.000726077 0.00107057 0.00154615 0.00218829 0.00303664 0.00413376 0.00552323 0.00724722 0.00934354 0.0118423 0.0147626 0.018109 0.0218689 0.0260101 0.0304802 0.0352067 0.0400991 0.0450527 0.0499534 0.0546837 0.0591292 0.0631843 0.0667568 0.0697712 0.072169 0.0739084 0.0749621 0.075315 0.0749621 0.0739084 0.072169 0.0697712 0.0667568 0.0631843 0.0591292 0.0546837 0.0499534 0.0450527 0.0400991 0.0352067 0.0304802 0.0260101 0.0218689 0.018109 0.0147626 0.0118423 0.00934354 0.00724722 0.00552323 0.00413376 0.00303664 0.00218829 0.00154615 0.00107057 0.000726077 0.000482133 0.000313323 0.000199207 0.00012387 7.5313e-05 4.47628e-05 2.60038e-05 1.4763e-05 8.19026e-06 4.44e-06 2.35193e-06 1.2174e-06 6.15783e-07 3.04396e-07 1.47063e-07 6.94502e-08 3.2063e-08 1.44738e-08 6.39205e-09 2.76883e-09 1.19421e-09 5.57982e-10 
7.03103e-10 1.00543e-09 2.14032e-09 4.93764e-09 1.13439e-08 2.5562e-08 5.63479e-08 1.21443e-07 2.55855e-07 5.2684e-07 1.06018e-06 2.08477e-06 4.00573e-06 7.52019e-06 1.3794e-05 2.47211e-05 4.32895e-05 7.40738e-05 0.00012387 0.000202471 0.000323548 0.000505604 0.000772878 0.0011561 0.00169293 0.00242796 0.00341205 0.00470096 0.00635326 0.00842736 0.0109779 0.0140518 0.0176836 0.0218911 0.0266718 0.0319991 0.0378203 0.0440566 0.0506037 0.0573355 0.0641093 0.0707725 0.0771707 0.0831557 0.0885925 0.0933653 0.0973801 0.100566 0.102873 0.104268 0.104735 0.104268 0.102873 0.100566 0.0973801 0.0933653 0.0885925 0.0831557 0.0771707 0.0707725 0.0641093 0.0573355 0.0506037 0.0440566 0.0378203 0.0319991 0.0266718 0.0218911 0.0176836 0.0140518 0.0109779 0.00842736 0.00635326 0.00470096 0.00341205 0.00242796 0.00169293 0.0011561 0.000772878 0.000505604 0.000323548 0.000202471 0.00012387 7.40738e-05 4.32895e-05 2.47211e-05 1.3794e-05 7.52019e-06 4.00573e-06 2.08477e-06 1.06018e-06 5.2684e-07 2.55855e-07 1.21443e-07 5.63479e-08 2.5562e-08 1.13439e-08 4.93764e-09 2.14032e-09 1.00543e-09 
1.24501e-09 1.77452e-09 3.75705e-09 8.62354e-09 1.9715e-08 4.42068e-08 9.69615e-08 2.07914e-07 4.35763e-07 8.92568e-07 1.78652e-06 3.49389e-06 6.67593e-06 1.24622e-05 2.27272e-05 4.0492e-05 7.04821e-05 0.000119869 0.000199207 0.000323548 0.00051369 0.000797445 0.0012108 0.00179875 0.00261562 0.00372464 0.00519658 0.00710743 0.00953491 0.0125542 0.016233 0.0206255 0.0257675 0.0316707 0.0383183 0.0456618 0.0536194 0.0620764 0.0708878 0.0798836 0.0888758 0.0976674 0.106063 0.113877 0.120943 0.127123 0.132305 0.136406 0.139369 0.14116 0.141758 0.14116 0.139369 0.136406 0.132305 0.127123 0.120943 0.113877 0.106063 0.0976674 0.0888758 0.0798836 0.0708878 0.0620764 0.0536194 0.0456618 0.0383183 0.0316707 0.0257675 0.0206255 0.016233 0.0125542 0.00953491 0.00710743 0.00519658 0.00372464 0.00261562 0.00179875 0.0012108 0.000797445 0.00051369 0.000323548 0.000199207 0.000119869 7.04821e-05 4.0492e-05 2.27272e-05 1.24622e-05 6.67593e-06 3.49389e-06 1.78652e-06 8.92568e-07 4.35763e-07 2.07914e-07 9.69615e-08 4.42068e-08 1.9715e-08 8.62354e-09 3.75705e-09 1.77452e-09 
2.15969e-09 3.06806e-09 6.46035e-09 1.47527e-08 3.35604e-08 7.4878e-08 1.63404e-07 3.48577e-07 7.26735e-07 1.48058e-06 2.94727e-06 5.73186e-06 1.089e-05 2.02113e-05 3.66423e-05 6.48923e-05 0.000112264 0.00018974 0.000313323 0.000505604 0.000797445 0.00122963 0.00185421 0.00273537 0.00394935 0.00558324 0.0077326 0.0104975 0.0139773 0.0182646 0.0234384 0.0295569 0.0366506 0.0447171 0.0537159 0.0635662 0.0741463 0.0852954 0.0968186 0.108494 0.120083 0.13134 0.142026 0.151918 0.160823 0.168577 0.175057 0.18017 0.183857 0.186082 0.186825 0.186082 0.183857 0.18017 0.175057 0.168577 0.160823 0.151918 0.142026 0.13134 0.120083 0.108494 0.0968186 0.0852954 0.0741463 0.0635662 0.0537159 0.0447171 0.0366506 0.0295569 0.0234384 0.0182646 0.0139773 0.0104975 0.0077326 0.00558324 0.00394935 0.00273537 0.00185421 0.00122963 0.000797445 0.000505604 0.000313323 0.00018974 0.000112264 6.48923e-05 3.66423e-05 2.02113e-05 1.089e-05 5.73186e-06 2.94727e-06 1.48058e-06 7.26735e-07 3.48577e-07 1.63404e-07 7.4878e-08 3.35604e-08 1.47527e-08 6.46035e-09 3.06806e-09 
3.67051e-09 5.19717e-09 1.08837e-08 2.4726e-08 5.59681e-08 1.24246e-07 2.6975e-07 5.72435e-07 1.18708e-06 2.40529e-06 4.7614e-06 9.20752e-06 1.73923e-05 3.20891e-05 5.78268e-05 0.000101783 0.000174987 0.000293869 0.000482133 0.000772878 0.0012108 0.00185421 0.00277655 0.00406693 0.00582942 0.00818058 0.0112454 0.015151 0.0200196 0.0259597 0.0330571 0.0413668 0.0509049 0.0616433 0.0735055 0.0863657 0.10005 0.114342 0.128987 0.143707 0.158208 0.172196 0.18539 0.197535 0.208411 0.217841 0.225691 0.231867 0.236311 0.238987 0.239881 0.238987 0.236311 0.231867 0.225691 0.217841 0.208411 0.197535 0.18539 0.172196 0.158208 0.143707 0.128987 0.114342 0.10005 0.0863657 0.0735055 0.0616433 0.0509049 0.0413668 0.0330571 0.0259597 0.0200196 0.015151 0.0112454 0.00818058 0.00582942 0.00406693 0.00277655 0.00185421 0.0012108 0.000772878 0.000482133 0.000293869 0.000174987 0.000101783 5.78268e-05 3.20891e-05 1.73923e-05 9.20752e-06 4.7614e-06 2.40529e-06 1.18708e-06 5.72435e-07 2.6975e-07 1.24246e-07 5.59681e-08 2.4726e-08 1.08837e-08 5.19717e-09 
6.11271e-09 8.6268e-09 1.7967e-08 4.06079e-08 9.14573e-08 2.02005e-07 4.36314e-07 9.21021e-07 1.89967e-06 3.82794e-06 7.53494e-06 1.44871e-05 2.72043e-05 4.98914e-05 8.93579e-05 0.0001563 0.000267006 0.000445499 0.000726077 0.0011561 0.00179875 0.00273537 0.00406693 0.00591395 0.00841456 0.0117202 0.015989 0.021377 0.0280275 0.0360602 0.0455601 0.0565679 0.0690719 0.0830035 0.0982352 0.114582 0.131806 0.149624 0.167718 0.185748 0.203368 0.220239 0.236045 0.250504 0.263382 0.274495 0.283708 0.290934 0.296119 0.299237 0.300277 0.299237 0.296119 0.290934 0.283708 0.274495 0.263382 0.250504 0.236045 0.220239 0.203368 0.185748 0.167718 0.149624 0.131806 0.114582 0.0982352 0.0830035 0.0690719 0.0565679 0.0455601 0.0360602 0.0280275 0.021377 0.015989 0.0117202 0.00841456 0.00591395 0.00406693 0.00273537 0.00179875 0.0011561 0.000726077 0.000445499 0.000267006 0.0001563 8.93579e-05 4.98914e-05 2.72043e-05 1.44871e-05 7.53494e-06 3.82794e-06 1.89967e-06 9.21021e-07 4.36314e-07 2.02005e-07 9.14573e-08 4.06079e-08 1.7967e-08 8.6268e-09 
9.97619e-09 1.40335e-08 2.90683e-08 6.53605e-08 1.46469e-07 3.21875e-07 6.91631e-07 1.45224e-06 2.9791e-06 5.96967e-06 1.16839e-05 2.23333e-05 4.16884e-05 7.59893e-05 0.000135255 0.00023508 0.000398986 0.000661315 0.00107057 0.00169293 0.00261562 0.00394935 0.00582942 0.00841456 0.0118831 0.0164258 0.0222362 0.0294979 0.038371 0.0489777 0.0613899 0.0756185 0.091607 0.109229 0.128288 0.148526 0.16963 0.191243 0.21298 0.234444 0.25524 0.274995 0.293366 0.310063 0.324846 0.337538 0.348015 0.356202 0.362061 0.365579 0.366751 0.365579 0.362061 0.356202 0.348015 0.337538 0.324846 0.310063 0.293366 0.274995 0.25524 0.234444 0.21298 0.191243 0.16963 0.148526 0.128288 0.109229 0.091607 0.0756185 0.0613899 0.0489777 0.038371 0.0294979 0.0222362 0.0164258 0.0118831 0.00841456 0.00582942 0.00394935 0.00261562 0.00169293 0.00107057 0.000661315 0.000398986 0.00023508 0.000135255 7.59893e-05 4.16884e-05 2.23333e-05 1.16839e-05 5.96967e-06 2.9791e-06 1.45224e-06 6.91631e-07 3.21875e-07 1.46469e-07 6.53605e-08 2.90683e-08 1.40335e-08 
1.59574e-08 2.23753e-08 4.60966e-08 1.03119e-07 2.29931e-07 5.02742e-07 1.07469e-06 2.24461e-06 4.57949e-06 9.12537e-06 1.77579e-05 3.37443e-05 6.261e-05 0.000113423 0.000200612 0.000346432 0.000584113 0.000961669 0.00154615 0.00242796 0.00372464 0.00558324 0.00818058 0.0117202 0.0164258 0.0225304 0.0302624 0.0398288 0.0513971 0.0650792 0.0809167 0.0988718 0.118823 0.140564 0.163816 0.188232 0.213415 0.238932 0.264336 0.289177 0.313025 0.335487 0.356213 0.374916 0.391372 0.405422 0.416965 0.425952 0.432364 0.436206 0.437486 0.436206 0.432364 0.425952 0.416965 0.405422 0.391372 0.374916 0.356213 0.335487 0.313025 0.289177 0.264336 0.238932 0.213415 0.188232 0.163816 0.140564 0.118823 0.0988718 0.0809167 0.0650792 0.0513971 0.0398288 0.0302624 0.0225304 0.0164258 0.0117202 0.00818058 0.00558324 0.00372464 0.00242796 0.00154615 0.000961669 0.000584113 0.000346432 0.000200612 0.000113423 6.261e-05 3.37443e-05 1.77579e-05 9.12537e-06 4.57949e-06 2.24461e-06 1.07469e-06 5.02742e-07 2.29931e-07 1.03119e-07 4.60966e-08 2.23753e-08 
2.50187e-08 3.49703e-08 7.166e-08 1.59493e-07 3.53877e-07 7.69873e-07 1.63728e-06 3.40156e-06 6.90222e-06 1.36769e-05 2.64625e-05 4.99885e-05 9.21888e-05 0.000165971 0.00029169 0.000500436 0.000838168 0.00137057 0.00218829 0.00341205 0.00519658 0.0077326 0.0112454 0.015989 0.0222362 0.0302624 0.0403271 0.0526516 0.0673977 0.0846486 0.104395 0.126527 0.150834 0.177015 0.204687 0.233407 0.26269 0.29203 0.320924 0.348887 0.375471 0.400281 0.422984 0.443314 0.46108 0.476158 0.488483 0.498039 0.504836 0.5089 0.510252 0.5089 0.504836 0.498039 0.488483 0.476158 0.46108 0.443314 0.422984 0.400281 0.375471 0.348887 0.320924 0.29203 0.26269 0.233407 0.204687 0.177015 0.150834 0.126527 0.104395 0.0846486 0.0673977 0.0526516 0.0403271 0.0302624 0.0222362 0.015989 0.0112454 0.0077326 0.00519658 0.00341205 0.00218829 0.00137057 0.000838168 0.000500436 0.00029169 0.000165971 9.21888e-05 4.99885e-05 2.64625e-05 1.36769e-05 6.90222e-06 3.40156e-06 1.63728e-06 7.69873e-07 3.53877e-07 1.59493e-07 7.166e-08 3.49703e-08 
3.84506e-08 5.35791e-08 1.09217e-07 2.4187e-07 5.34038e-07 1.15607e-06 2.44611e-06 5.05534e-06 1.02026e-05 2.01042e-05 3.86753e-05 7.26285e-05 0.00013313 0.000238187 0.000415935 0.000708925 0.0011794 0.00191532 0.00303664 0.00470096 0.00710743 0.0104975 0.015151 0.021377 0.0294979 0.0398288 0.0526516 0.0681887 0.0865777 0.107851 0.131923 0.158587 0.187524 0.218314 0.250462 0.283421 0.316622 0.349497 0.381501 0.412134 0.440954 0.467589 0.491742 0.513193 0.531802 0.547493 0.56025 0.570096 0.577077 0.58124 0.582624 0.58124 0.577077 0.570096 0.56025 0.547493 0.531802 0.513193 0.491742 0.467589 0.440954 0.412134 0.381501 0.349497 0.316622 0.283421 0.250462 0.218314 0.187524 0.158587 0.131923 0.107851 0.0865777 0.0681887 0.0526516 0.0398288 0.0294979 0.021377 0.015151 0.0104975 0.00710743 0.00470096 0.00303664 0.00191532 0.0011794 0.000708925 0.000415935 0.000238187 0.00013313 7.26285e-05 3.86753e-05 2.01042e-05 1.02026e-05 5.05534e-06 2.44611e-06 1.15607e-06 5.34038e-07 2.4187e-07 1.09217e-07 5.35791e-08 
5.79297e-08 8.04795e-08 1.6321e-07 3.59676e-07 7.90347e-07 1.7026e-06 3.58445e-06 7.36966e-06 1.47939e-05 2.89908e-05 5.54537e-05 0.000103526 0.000188621 0.00033537 0.000581899 0.000985289 0.00162814 0.00262584 0.00413376 0.00635326 0.00953491 0.0139773 0.0200196 0.0280275 0.038371 0.0513971 0.0673977 0.0865777 0.109028 0.134703 0.163416 0.194838 0.22852 0.263911 0.300395 0.337327 0.37406 0.409981 0.444527 0.477207 0.507613 0.535419 0.56039 0.582372 0.60129 0.617131 0.629934 0.639767 0.646713 0.650845 0.652217 0.650845 0.646713 0.639767 0.629934 0.617131 0.60129 0.582372 0.56039 0.535419 0.507613 0.477207 0.444527 0.409981 0.37406 0.337327 0.300395 0.263911 0.22852 0.194838 0.163416 0.134703 0.109028 0.0865777 0.0673977 0.0513971 0.038371 0.0280275 0.0200196 0.0139773 0.00953491 0.00635326 0.00413376 0.00262584 0.00162814 0.000985289 0.000581899 0.00033537 0.000188621 0.000103526 5.54537e-05 2.89908e-05 1.47939e-05 7.36966e-06 3.58445e-06 1.7026e-06 7.90347e-07 3.59676e-07 1.6321e-07 8.04795e-08 
8.5561e-08 1.1852e-07 2.39155e-07 5.24527e-07 1.1472e-06 2.4596e-06 5.15273e-06 1.05403e-05 2.10475e-05 4.10218e-05 7.80263e-05 0.000144822 0.000262281 0.000463461 0.000799035 0.0013441 0.00220612 0.00353344 0.00552323 0.00842736 0.0125542 0.0182646 0.0259597 0.0360602 0.0489777 0.0650792 0.0846486 0.107851 0.134703 0.165056 0.198593 0.234843 0.273207 0.312999 0.353484 0.393924 0.433616 0.471923 0.508293 0.542273 0.573512 0.601762 0.626866 0.648756 0.667432 0.682953 0.695415 0.704938 0.711636 0.715611 0.716928 0.715611 0.711636 0.704938 0.695415 0.682953 0.667432 0.648756 0.626866 0.601762 0.573512 0.542273 0.508293 0.471923 0.433616 0.393924 0.353484 0.312999 0.273207 0.234843 0.198593 0.165056 0.134703 0.107851 0.0846486 0.0650792 0.0489777 0.0360602 0.0259597 0.0182646 0.0125542 0.00842736 0.00552323 0.00353344 0.00220612 0.0013441 0.000799035 0.000463461 0.000262281 0.000144822 7.80263e-05 4.10218e-05 2.10475e-05 1.05403e-05 5.15273e-06 2.4596e-06 1.1472e-06 5.24527e-07 2.39155e-07 1.1852e-07 
1.23891e-07 1.71132e-07 3.43648e-07 7.50216e-07 1.63336e-06 3.4857e-06 7.26744e-06 1.47925e-05 2.93869e-05 5.69706e-05 0.000107765 0.000198878 0.000358054 0.000628838 0.00107733 0.00180048 0.00293545 0.00466927 0.00724722 0.0109779 0.016233 0.0234384 0.0330571 0.0455601 0.0613899 0.0809167 0.104395 0.131923 0.163416 0.198593 0.236984 0.277959 0.320762 0.364567 0.408532 0.451847 0.493775 0.533686 0.571068 0.605533 0.636818 0.66477 0.689331 0.710526 0.728442 0.743208 0.754983 0.763927 0.770191 0.773897 0.775123 0.773897 0.770191 0.763927 0.754983 0.743208 0.728442 0.710526 0.689331 0.66477 0.636818 0.605533 0.571068 0.533686 0.493775 0.451847 0.408532 0.364567 0.320762 0.277959 0.236984 0.198593 0.163416 0.131923 0.104395 0.0809167 0.0613899 0.0455601 0.0330571 0.0234384 0.016233 0.0109779 0.00724722 0.00466927 0.00293545 0.00180048 0.00107733 0.000628838 0.000358054 0.000198878 0.000107765 5.69706e-05 2.93869e-05 1.47925e-05 7.26744e-06 3.4857e-06 1.63336e-06 7.50216e-07 3.43648e-07 1.71132e-07 
1.75872e-07 2.42279e-07 4.8425e-07 1.05243e-06 2.28129e-06 4.8466e-06 1.0058e-05 2.0374e-05 4.02731e-05 7.76705e-05 0.00014613 0.000268177 0.000480026 0.000838008 0.0014268 0.00236926 0.00383728 0.00606228 0.00934354 0.0140518 0.0206255 0.0295569 0.0413668 0.0565679 0.0756185 0.0988718 0.126527 0.158587 0.194838 0.234843 0.277959 0.323383 0.370205 0.41747 0.464246 0.509677 0.553024 0.593692 0.631241 0.665379 0.695949 0.722911 0.746317 0.76629 0.783001 0.796653 0.807455 0.815609 0.821292 0.824643 0.82575 0.824643 0.821292 0.815609 0.807455 0.796653 0.783001 0.76629 0.746317 0.722911 0.695949 0.665379 0.631241 0.593692 0.553024 0.509677 0.464246 0.41747 0.370205 0.323383 0.277959 0.234843 0.194838 0.158587 0.126527 0.0988718 0.0756185 0.0565679 0.0413668 0.0295569 0.0206255 0.0140518 0.00934354 0.00606228 0.00383728 0.00236926 0.0014268 0.000838008 0.000480026 0.000268177 0.00014613 7.76705e-05 4.02731e-05 2.0374e-05 1.0058e-05 4.8466e-06 2.28129e-06 1.05243e-06 4.8425e-07 2.42279e-07 
2.44767e-07 3.36317e-07 6.69206e-07 1.44816e-06 3.12582e-06 6.61218e-06 1.36608e-05 2.75435e-05 5.41823e-05 0.000103971 0.000194592 0.000355178 0.000632177 0.00109718 0.00185676 0.00306391 0.0049302 0.00773685 0.0118423 0.0176836 0.0257675 0.0366506 0.0509049 0.0690719 0.091607 0.118823 0.150834 0.187524 0.22852 0.273207 0.320762 0.370205 0.42048 0.470522 0.519337 0.566053 0.609963 0.650543 0.687451 0.720511 0.749692 0.775074 0.796822 0.815157 0.830329 0.842602 0.852232 0.859451 0.864456 0.867397 0.868366 0.867397 0.864456 0.859451 0.852232 0.842602 0.830329 0.815157 0.796822 0.775074 0.749692 0.720511 0.687451 0.650543 0.609963 0.566053 0.519337 0.470522 0.42048 0.370205 0.320762 0.273207 0.22852 0.187524 0.150834 0.118823 0.091607 0.0690719 0.0509049 0.0366506 0.0257675 0.0176836 0.0118423 0.00773685 0.0049302 0.00306391 0.00185676 0.00109718 0.000632177 0.000355178 0.000194592 0.000103971 5.41823e-05 2.75435e-05 1.36608e-05 6.61218e-06 3.12582e-06 1.44816e-06 6.69206e-07 3.36317e-07 
3.33971e-07 4.57762e-07 9.06982e-07 1.95466e-06 4.20207e-06 8.85213e-06 1.82102e-05 3.65529e-05 7.15717e-05 0.000136677 0.000254517 0.000462125 0.000818051 0.00141174 0.00237505 0.00389527 0.00622838 0.00971021 0.0147626 0.0218911 0.0316707 0.0447171 0.0616433 0.0830035 0.109229 0.140564 0.177015 0.218314 0.263911 0.312999 0.364567 0.41747 0.470522 0.522577 0.572609 0.619768 0.663413 0.703119 0.738666 0.770013 0.797261 0.820612 0.84034 0.856754 0.870174 0.880915 0.889264 0.895476 0.899758 0.902263 0.903088 0.902263 0.899758 0.895476 0.889264 0.880915 0.870174 0.856754 0.84034 0.820612 0.797261 0.770013 0.738666 0.703119 0.663413 0.619768 0.572609 0.522577 0.470522 0.41747 0.364567 0.312999 0.263911 0.218314 0.177015 0.140564 0.109229 0.0830035 0.0616433 0.0447171 0.0316707 0.0218911 0.0147626 0.00971021 0.00622838 0.00389527 0.00237505 0.00141174 0.000818051 0.000462125 0.000254517 0.000136677 7.15717e-05 3.65529e-05 1.82102e-05 8.85213e-06 4.20207e-06 1.95466e-06 9.06982e-07 4.57762e-07 
4.46757e-07 6.10936e-07 1.20559e-06 2.58808e-06 5.54247e-06 1.163e-05 2.38272e-05 4.76248e-05 9.28379e-05 0.000176469 0.000327036 0.000590815 0.00104039 0.00178566 0.00298708 0.00487021 0.00773966 0.0119899 0.018109 0.0266718 0.0383183 0.0537159 0.0735055 0.0982352 0.128288 0.163816 0.204687 0.250462 0.300395 0.353484 0.408532 0.464246 0.519337 0.572609 0.623043 0.669847 0.712476 0.750631 0.784232 0.813379 0.838304 0.85933 0.876825 0.891175 0.902756 0.911915 0.918963 0.924163 0.927724 0.929798 0.930479 0.929798 0.927724 0.924163 0.918963 0.911915 0.902756 0.891175 0.876825 0.85933 0.838304 0.813379 0.784232 0.750631 0.712476 0.669847 0.623043 0.572609 0.519337 0.464246 0.408532 0.353484 0.300395 0.250462 0.204687 0.163816 0.128288 0.0982352 0.0735055 0.0537159 0.0383183 0.0266718 0.018109 0.0119899 0.00773966 0.00487021 0.00298708 0.00178566 0.00104039 0.000590815 0.000327036 0.000176469 9.28379e-05 4.76248e-05 2.38272e-05 1.163e-05 5.54247e-06 2.58808e-06 1.20559e-06 6.10936e-07 
5.85936e-07 7.9952e-07 1.57174e-06 3.36172e-06 7.17318e-06 1.4996e-05 3.0605e-05 6.09258e-05 0.000118268 0.000223821 0.000412891 0.000742352 0.00130071 0.00222084 0.00369492 0.00599025 0.00946372 0.0145714 0.0218689 0.0319991 0.0456618 0.0635662 0.0863657 0.114582 0.148526 0.188232 0.233407 0.283421 0.337327 0.393924 0.451847 0.509677 0.566053 0.619768 0.669847 0.715588 0.756571 0.792641 0.823865 0.850487 0.872864 0.891424 0.906618 0.91889 0.928652 0.936274 0.942073 0.946312 0.949194 0.950864 0.951411 0.950864 0.949194 0.946312 0.942073 0.936274 0.928652 0.91889 0.906618 0.891424 0.872864 0.850487 0.823865 0.792641 0.756571 0.715588 0.669847 0.619768 0.566053 0.509677 0.451847 0.393924 0.337327 0.283421 0.233407 0.188232 0.148526 0.114582 0.0863657 0.0635662 0.0456618 0.0319991 0.0218689 0.0145714 0.00946372 0.00599025 0.00369492 0.00222084 0.00130071 0.000742352 0.000412891 0.000223821 0.000118268 6.09258e-05 3.0605e-05 1.4996e-05 7.17318e-06 3.36172e-06 1.57174e-06 7.9952e-07 
