0.000698783 0.000710857 0.000747268 0.000808575 0.000895702 0.00100992 0.00115285 0.0013264 0.00153277 0.00177439 0.00205391 0.00237413 0.00273793 0.00314824 0.00360798 0.00411994 0.00468677 0.00531084 0.00599422 0.00673854 0.00754497 0.00841408 0.00934582 0.0103394 0.0113934 0.0125054 0.0136721 0.0148896 0.0161529 0.0174562 0.0187927 0.020155 0.0215348 0.0229231 0.0243104 0.0256866 0.0270414 0.0283639 0.0296434 0.0308691 0.0320303 0.0331168 0.0341185 0.0350264 0.0358317 0.0365269 0.0371052 0.037561 0.0378898 0.0380884 0.0381548 0.0380884 0.0378898 0.037561 0.0371052 0.0365269 0.0358317 0.0350264 0.0341185 0.0331168 0.0320303 0.0308691 0.0296434 0.0283639 0.0270414 0.0256866 0.0243104 0.0229231 0.0215348 0.020155 0.0187927 0.0174562 0.0161529 0.0148896 0.0136721 0.0125054 0.0113934 0.0103394 0.00934582 0.00841408 0.00754497 0.00673854 0.00599422 0.00531084 0.00468677 0.00411994 0.00360798 0.00314824 0.00273793 0.00237413 0.00205391 0.00177439 0.00153277 0.0013264 0.00115285 0.00100992 0.000895702 0.000808575 0.000747268 0.000710857 
0.000710857 0.000723124 0.000760115 0.000822398 0.000910907 0.00102694 0.00117211 0.00134838 0.00155796 0.00180332 0.00208713 0.00241223 0.00278153 0.00319801 0.00366459 0.00418412 0.00475924 0.00539238 0.00608559 0.00684054 0.00765837 0.00853967 0.00948437 0.0104917 0.01156 0.012687 0.0138695 0.0151032 0.0163832 0.0177035 0.0190574 0.0204372 0.0218347 0.0232406 0.0246454 0.0260389 0.0274105 0.0287494 0.0300447 0.0312854 0.0324607 0.0335603 0.0345741 0.0354929 0.0363078 0.0370113 0.0375965 0.0380577 0.0383904 0.0385914 0.0386586 0.0385914 0.0383904 0.0380577 0.0375965 0.0370113 0.0363078 0.0354929 0.0345741 0.0335603 0.0324607 0.0312854 0.0300447 0.0287494 0.0274105 0.0260389 0.0246454 0.0232406 0.0218347 0.0204372 0.0190574 0.0177035 0.0163832 0.0151032 0.0138695 0.012687 0.01156 0.0104917 0.00948437 0.00853967 0.00765837 0.00684054 0.00608559 0.00539238 0.00475924 0.00418412 0.00366459 0.00319801 0.00278153 0.00241223 0.00208713 0.00180332 0.00155796 0.00134838 0.00117211 0.00102694 0.000910907 0.000822398 0.000760115 0.000723124 
0.000747268 0.000760115 0.000798855 0.000864076 0.000956749 0.00107822 0.00123017 0.00141462 0.00163387 0.00189048 0.00218723 0.00252703 0.0029129 0.00334792 0.00383512 0.0043774 0.00497751 0.00563791 0.00636072 0.00714763 0.00799978 0.00891773 0.00990139 0.0109499 0.0120615 0.0132338 0.0144634 0.0157458 0.017076 0.0184476 0.0198537 0.0212863 0.0227368 0.0241957 0.0256531 0.0270984 0.0285207 0.0299087 0.0312512 0.0325369 0.0337547 0.0348938 0.0359439 0.0368954 0.0377393 0.0384677 0.0390735 0.039551 0.0398954 0.0401034 0.040173 0.0401034 0.0398954 0.039551 0.0390735 0.0384677 0.0377393 0.0368954 0.0359439 0.0348938 0.0337547 0.0325369 0.0312512 0.0299087 0.0285207 0.0270984 0.0256531 0.0241957 0.0227368 0.0212863 0.0198537 0.0184476 0.017076 0.0157458 0.0144634 0.0132338 0.0120615 0.0109499 0.00990139 0.00891773 0.00799978 0.00714763 0.00636072 0.00563791 0.00497751 0.0043774 0.00383512 0.00334792 0.0029129 0.00252703 0.00218723 0.00189048 0.00163387 0.00141462 0.00123017 0.00107822 0.000956749 0.000864076 0.000798855 0.000760115 
0.000808575 0.000822398 0.000864076 0.000934234 0.0010339 0.00116451 0.00132784 0.00152604 0.00176153 0.00203705 0.0023555 0.00271998 0.00313368 0.00359982 0.00412159 0.00470205 0.00534406 0.00605019 0.00682263 0.00766309 0.00857276 0.00955214 0.010601 0.0117185 0.0129026 0.0141508 0.0154591 0.0168232 0.0182372 0.0196947 0.0211881 0.022709 0.0242482 0.0257957 0.027341 0.0288728 0.0303797 0.0318498 0.0332713 0.0346322 0.0359208 0.0371259 0.0382365 0.0392426 0.0401349 0.0409048 0.0415452 0.0420498 0.0424138 0.0426336 0.0427071 0.0426336 0.0424138 0.0420498 0.0415452 0.0409048 0.0401349 0.0392426 0.0382365 0.0371259 0.0359208 0.0346322 0.0332713 0.0318498 0.0303797 0.0288728 0.027341 0.0257957 0.0242482 0.022709 0.0211881 0.0196947 0.0182372 0.0168232 0.0154591 0.0141508 0.0129026 0.0117185 0.010601 0.00955214 0.00857276 0.00766309 0.00682263 0.00605019 0.00534406 0.00470205 0.00412159 0.00359982 0.00313368 0.00271998 0.0023555 0.00203705 0.00176153 0.00152604 0.00132784 0.00116451 0.0010339 0.000934234 0.000864076 0.000822398 
0.000895702 0.000910907 0.000956749 0.0010339 0.00114349 0.00128704 0.00146649 0.00168415 0.00194266 0.00224492 0.00259409 0.0029935 0.00344655 0.00395671 0.00452737 0.00516179 0.00586301 0.00663373 0.00747624 0.00839233 0.00938316 0.0104492 0.0115901 0.0128048 0.0140912 0.0154461 0.0168656 0.0183445 0.0198767 0.021455 0.0230712 0.0247163 0.0263803 0.0280524 0.0297212 0.0313747 0.0330005 0.0345859 0.0361182 0.0375847 0.0389728 0.0402704 0.0414661 0.0425489 0.0435089 0.0443372 0.045026 0.0455686 0.04596 0.0461964 0.0462754 0.0461964 0.04596 0.0455686 0.045026 0.0443372 0.0435089 0.0425489 0.0414661 0.0402704 0.0389728 0.0375847 0.0361182 0.0345859 0.0330005 0.0313747 0.0297212 0.0280524 0.0263803 0.0247163 0.0230712 0.021455 0.0198767 0.0183445 0.0168656 0.0154461 0.0140912 0.0128048 0.0115901 0.0104492 0.00938316 0.00839233 0.00747624 0.00663373 0.00586301 0.00516179 0.00452737 0.00395671 0.00344655 0.0029935 0.00259409 0.00224492 0.00194266 0.00168415 0.00146649 0.00128704 0.00114349 0.0010339 0.000956749 0.000910907 
0.00100992 0.00102694 0.00107822 0.00116451 0.00128704 0.00144749 0.00164799 0.00189106 0.00217957 0.00251673 0.00290596 0.00335089 0.00385523 0.00442272 0.00505704 0.0057617 0.00653996 0.0073947 0.00832833 0.0093427 0.010439 0.0116176 0.012878 0.0142189 0.0156378 0.0171312 0.0186947 0.0203224 0.0220076 0.0237423 0.0255176 0.0273233 0.0291487 0.0309818 0.0328102 0.0346208 0.0364002 0.0381346 0.03981 0.0414127 0.0429292 0.0443463 0.0456515 0.0468333 0.0478807 0.0487841 0.0495353 0.050127 0.0505537 0.0508114 0.0508975 0.0508114 0.0505537 0.050127 0.0495353 0.0487841 0.0478807 0.0468333 0.0456515 0.0443463 0.0429292 0.0414127 0.03981 0.0381346 0.0364002 0.0346208 0.0328102 0.0309818 0.0291487 0.0273233 0.0255176 0.0237423 0.0220076 0.0203224 0.0186947 0.0171312 0.0156378 0.0142189 0.012878 0.0116176 0.010439 0.0093427 0.00832833 0.0073947 0.00653996 0.0057617 0.00505704 0.00442272 0.00385523 0.00335089 0.00290596 0.00251673 0.00217957 0.00189106 0.00164799 0.00144749 0.00128704 0.00116451 0.00107822 0.00102694 
0.00115285 0.00117211 0.00123017 0.00132784 0.00146649 0.00164799 0.00187468 0.00214936 0.00247522 0.00285577 0.00329481 0.00379631 0.00436434 0.00500302 0.00571635 0.00650815 0.00738194 0.0083408 0.0093873 0.0105234 0.0117501 0.0130679 0.0144761 0.0159729 0.0175556 0.01922 0.0209612 0.0227725 0.0246463 0.0265738 0.0285448 0.0305484 0.0325723 0.0346035 0.0366282 0.038632 0.0406001 0.0425174 0.0443685 0.0461385 0.0478124 0.049376 0.0508157 0.0521187 0.0532733 0.0542689 0.0550965 0.0557483 0.0562183 0.0565021 0.056597 0.0565021 0.0562183 0.0557483 0.0550965 0.0542689 0.0532733 0.0521187 0.0508157 0.049376 0.0478124 0.0461385 0.0443685 0.0425174 0.0406001 0.038632 0.0366282 0.0346035 0.0325723 0.0305484 0.0285448 0.0265738 0.0246463 0.0227725 0.0209612 0.01922 0.0175556 0.0159729 0.0144761 0.0130679 0.0117501 0.0105234 0.0093873 0.0083408 0.00738194 0.00650815 0.00571635 0.00500302 0.00436434 0.00379631 0.00329481 0.00285577 0.00247522 0.00214936 0.00187468 0.00164799 0.00146649 0.00132784 0.00123017 0.00117211 
0.0013264 0.00134838 0.00141462 0.00152604 0.00168415 0.00189106 0.00214936 0.00246219 0.00283309 0.00326596 0.00376501 0.00433464 0.00497938 0.00570372 0.00651208 0.00740862 0.00839717 0.00948107 0.010663 0.0119451 0.0133283 0.0148129 0.0163979 0.0180813 0.0198598 0.0217287 0.0236821 0.0257126 0.0278115 0.0299689 0.0321735 0.0344127 0.036673 0.03894 0.0411983 0.0434318 0.0456242 0.0477588 0.0498186 0.0517871 0.053648 0.0553854 0.0569846 0.0584313 0.0597129 0.0608177 0.0617359 0.0624589 0.0629802 0.0632949 0.0634002 0.0632949 0.0629802 0.0624589 0.0617359 0.0608177 0.0597129 0.0584313 0.0569846 0.0553854 0.053648 0.0517871 0.0498186 0.0477588 0.0456242 0.0434318 0.0411983 0.03894 0.036673 0.0344127 0.0321735 0.0299689 0.0278115 0.0257126 0.0236821 0.0217287 0.0198598 0.0180813 0.0163979 0.0148129 0.0133283 0.0119451 0.010663 0.00948107 0.00839717 0.00740862 0.00651208 0.00570372 0.00497938 0.00433464 0.00376501 0.00326596 0.00283309 0.00246219 0.00214936 0.00189106 0.00168415 0.00152604 0.00141462 0.00134838 
0.00153277 0.00155796 0.00163387 0.00176153 0.00194266 0.00217957 0.00247522 0.00283309 0.00325713 0.00375171 0.00432152 0.00497146 0.00570652 0.0065317 0.00745186 0.00847155 0.00959496 0.0108257 0.0121666 0.0136198 0.0151864 0.0168663 0.0186584 0.0205601 0.0225676 0.0246753 0.0268765 0.0291627 0.0315242 0.0339495 0.0364259 0.0389394 0.0414748 0.0440159 0.0465455 0.0490459 0.0514986 0.0538852 0.0561871 0.0583857 0.0604631 0.062402 0.0641857 0.0657988 0.0672274 0.0684586 0.0694815 0.0702869 0.0708675 0.071218 0.0713351 0.071218 0.0708675 0.0702869 0.0694815 0.0684586 0.0672274 0.0657988 0.0641857 0.062402 0.0604631 0.0583857 0.0561871 0.0538852 0.0514986 0.0490459 0.0465455 0.0440159 0.0414748 0.0389394 0.0364259 0.0339495 0.0315242 0.0291627 0.0268765 0.0246753 0.0225676 0.0205601 0.0186584 0.0168663 0.0151864 0.0136198 0.0121666 0.0108257 0.00959496 0.00847155 0.00745186 0.0065317 0.00570652 0.00497146 0.00432152 0.00375171 0.00325713 0.00283309 0.00247522 0.00217957 0.00194266 0.00176153 0.00163387 0.00155796 
0.00177439 0.00180332 0.00189048 0.00203705 0.00224492 0.00251673 0.00285577 0.00326596 0.00375171 0.00431792 0.00496981 0.00571284 0.00655256 0.00749451 0.00854403 0.00970614 0.0109854 0.0123856 0.01391 0.0155606 0.0173385 0.0192434 0.0212738 0.0234265 0.025697 0.028079 0.0305645 0.033144 0.0358062 0.0385382 0.0413258 0.0441529 0.0470027 0.0498568 0.0526961 0.0555007 0.0582503 0.0609241 0.0635015 0.0659621 0.0682859 0.0704536 0.0724472 0.0742495 0.0758449 0.0772197 0.0783615 0.0792604 0.0799083 0.0802993 0.0804301 0.0802993 0.0799083 0.0792604 0.0783615 0.0772197 0.0758449 0.0742495 0.0724472 0.0704536 0.0682859 0.0659621 0.0635015 0.0609241 0.0582503 0.0555007 0.0526961 0.0498568 0.0470027 0.0441529 0.0413258 0.0385382 0.0358062 0.033144 0.0305645 0.028079 0.025697 0.0234265 0.0212738 0.0192434 0.0173385 0.0155606 0.01391 0.0123856 0.0109854 0.00970614 0.00854403 0.00749451 0.00655256 0.00571284 0.00496981 0.00431792 0.00375171 0.00326596 0.00285577 0.00251673 0.00224492 0.00203705 0.00189048 0.00180332 
0.00205391 0.00208713 0.00218723 0.0023555 0.00259409 0.00290596 0.00329481 0.00376501 0.00432152 0.00496981 0.00571571 0.0065653 0.00752473 0.00860015 0.00979744 0.0111221 0.0125791 0.0141726 0.0159059 0.0177812 0.0197994 0.0219599 0.0242608 0.0266983 0.029267 0.0319595 0.0347669 0.037678 0.0406801 0.0437585 0.0468971 0.0500779 0.0532818 0.0564884 0.0596761 0.0628229 0.0659059 0.0689023 0.071789 0.0745433 0.0771433 0.0795677 0.0817962 0.0838103 0.0855926 0.0871279 0.0884028 0.0894062 0.0901294 0.0905658 0.0907118 0.0905658 0.0901294 0.0894062 0.0884028 0.0871279 0.0855926 0.0838103 0.0817962 0.0795677 0.0771433 0.0745433 0.071789 0.0689023 0.0659059 0.0628229 0.0596761 0.0564884 0.0532818 0.0500779 0.0468971 0.0437585 0.0406801 0.037678 0.0347669 0.0319595 0.029267 0.0266983 0.0242608 0.0219599 0.0197994 0.0177812 0.0159059 0.0141726 0.0125791 0.0111221 0.00979744 0.00860015 0.00752473 0.0065653 0.00571571 0.00496981 0.00432152 0.00376501 0.00329481 0.00290596 0.00259409 0.0023555 0.00218723 0.00208713 
0.00237413 0.00241223 0.00252703 0.00271998 0.0029935 0.00335089 0.00379631 0.00433464 0.00497146 0.00571284 0.0065653 0.00753557 0.00863052 0.00985691 0.0112212 0.0127295 0.0143871 0.0161985 0.0181672 0.0202954 0.0225839 0.0250317 0.0276363 0.0303933 0.0332963 0.0363368 0.0395043 0.0427862 0.046168 0.0496331 0.0531632 0.0567382 0.0603365 0.0639352 0.0675104 0.0710373 0.0744906 0.0778449 0.0810745 0.0841546 0.0870605 0.0897688 0.0922575 0.0945057 0.0964946 0.0982073 0.0996293 0.100748 0.101555 0.102041 0.102204 0.102041 0.101555 0.100748 0.0996293 0.0982073 0.0964946 0.0945057 0.0922575 0.0897688 0.0870605 0.0841546 0.0810745 0.0778449 0.0744906 0.0710373 0.0675104 0.0639352 0.0603365 0.0567382 0.0531632 0.0496331 0.046168 0.0427862 0.0395043 0.0363368 0.0332963 0.0303933 0.0276363 0.0250317 0.0225839 0.0202954 0.0181672 0.0161985 0.0143871 0.0127295 0.0112212 0.00985691 0.00863052 0.00753557 0.0065653 0.00571284 0.00497146 0.00433464 0.00379631 0.00335089 0.0029935 0.00271998 0.00252703 0.00241223 
0.00273793 0.00278153 0.0029129 0.00313368 0.00344655 0.00385523 0.00436434 0.00497938 0.00570652 0.00655256 0.00752473 0.00863052 0.00987751 0.0112731 0.0128246 0.0145383 0.0164203 0.0184752 0.0207067 0.023117 0.0257067 0.0284744 0.0314169 0.034529 0.0378032 0.0412297 0.0447963 0.0484889 0.0522909 0.0561835 0.060146 0.0641559 0.068189 0.0722198 0.0762214 0.0801665 0.0840268 0.0877741 0.0913801 0.0948173 0.0980585 0.101078 0.103851 0.106356 0.108571 0.110478 0.11206 0.113306 0.114203 0.114744 0.114925 0.114744 0.114203 0.113306 0.11206 0.110478 0.108571 0.106356 0.103851 0.101078 0.0980585 0.0948173 0.0913801 0.0877741 0.0840268 0.0801665 0.0762214 0.0722198 0.068189 0.0641559 0.060146 0.0561835 0.0522909 0.0484889 0.0447963 0.0412297 0.0378032 0.034529 0.0314169 0.0284744 0.0257067 0.023117 0.0207067 0.0184752 0.0164203 0.0145383 0.0128246 0.0112731 0.00987751 0.00863052 0.00752473 0.00655256 0.00570652 0.00497938 0.00436434 0.00385523 0.00344655 0.00313368 0.0029129 0.00278153 
0.00314824 0.00319801 0.00334792 0.00359982 0.00395671 0.00442272 0.00500302 0.00570372 0.0065317 0.00749451 0.00860015 0.00985691 0.0112731 0.012857 0.0146164 0.0165584 0.0186892 0.0210141 0.0235367 0.0262591 0.0291817 0.0323027 0.0356181 0.0391217 0.0428046 0.0466557 0.0506612 0.0548047 0.0590675 0.0634285 0.0678645 0.0723502 0.0768586 0.0813611 0.0858281 0.0902289 0.0945325 0.0987075 0.102723 0.106548 0.110154 0.113511 0.116593 0.119376 0.121835 0.123952 0.125709 0.127091 0.128086 0.128687 0.128888 0.128687 0.128086 0.127091 0.125709 0.123952 0.121835 0.119376 0.116593 0.113511 0.110154 0.106548 0.102723 0.0987075 0.0945325 0.0902289 0.0858281 0.0813611 0.0768586 0.0723502 0.0678645 0.0634285 0.0590675 0.0548047 0.0506612 0.0466557 0.0428046 0.0391217 0.0356181 0.0323027 0.0291817 0.0262591 0.0235367 0.0210141 0.0186892 0.0165584 0.0146164 0.012857 0.0112731 0.00985691 0.00860015 0.00749451 0.0065317 0.00570372 0.00500302 0.00442272 0.00395671 0.00359982 0.00334792 0.00319801 
0.00360798 0.00366459 0.00383512 0.00412159 0.00452737 0.00505704 0.00571635 0.00651208 0.00745186 0.00854403 0.00979744 0.0112212 0.0128246 0.0146164 0.0166053 0.0187989 0.0212039 0.0238259 0.0266685 0.0297339 0.0330218 0.0365301 0.0402539 0.0441857 0.0483155 0.0526302 0.0571142 0.0617491 0.0665136 0.0713841 0.0763345 0.0813366 0.0863602 0.0913737 0.0963442 0.101238 0.10602 0.110657 0.115114 0.119358 0.123355 0.127076 0.130491 0.133572 0.136295 0.138638 0.140581 0.14211 0.143211 0.143875 0.144097 0.143875 0.143211 0.14211 0.140581 0.138638 0.136295 0.133572 0.130491 0.127076 0.123355 0.119358 0.115114 0.110657 0.10602 0.101238 0.0963442 0.0913737 0.0863602 0.0813366 0.0763345 0.0713841 0.0665136 0.0617491 0.0571142 0.0526302 0.0483155 0.0441857 0.0402539 0.0365301 0.0330218 0.0297339 0.0266685 0.0238259 0.0212039 0.0187989 0.0166053 0.0146164 0.0128246 0.0112212 0.00979744 0.00854403 0.00745186 0.00651208 0.00571635 0.00505704 0.00452737 0.00412159 0.00383512 0.00366459 
0.00411994 0.00418412 0.0043774 0.00470205 0.00516179 0.0057617 0.00650815 0.00740862 0.00847155 0.00970614 0.0111221 0.0127295 0.0145383 0.0165584 0.0187989 0.0212681 0.0239733 0.02692 0.0301122 0.0335517 0.037238 0.0411681 0.045336 0.0497332 0.0543479 0.0591655 0.0641679 0.0693344 0.0746412 0.0800617 0.0855669 0.0911253 0.0967036 0.102267 0.107778 0.113201 0.118496 0.123628 0.128557 0.133248 0.137665 0.141774 0.145543 0.148943 0.151946 0.15453 0.156672 0.158357 0.15957 0.160302 0.160547 0.160302 0.15957 0.158357 0.156672 0.15453 0.151946 0.148943 0.145543 0.141774 0.137665 0.133248 0.128557 0.123628 0.118496 0.113201 0.107778 0.102267 0.0967036 0.0911253 0.0855669 0.0800617 0.0746412 0.0693344 0.0641679 0.0591655 0.0543479 0.0497332 0.045336 0.0411681 0.037238 0.0335517 0.0301122 0.02692 0.0239733 0.0212681 0.0187989 0.0165584 0.0145383 0.0127295 0.0111221 0.00970614 0.00847155 0.00740862 0.00650815 0.0057617 0.00516179 0.00470205 0.0043774 0.00418412 
0.00468677 0.00475924 0.00497751 0.00534406 0.00586301 0.00653996 0.00738194 0.00839717 0.00959496 0.0109854 0.0125791 0.0143871 0.0164203 0.0186892 0.0212039 0.0239733 0.0270048 0.0303045 0.0338762 0.0377214 0.0418391 0.0462255 0.0508736 0.0557732 0.060911 0.0662701 0.0718304 0.0775683 0.0834573 0.0894678 0.0955673 0.101721 0.107892 0.114042 0.12013 0.126117 0.131959 0.137617 0.143048 0.148214 0.153076 0.157596 0.16174 0.165477 0.168778 0.171616 0.173969 0.175819 0.177151 0.177954 0.178222 0.177954 0.177151 0.175819 0.173969 0.171616 0.168778 0.165477 0.16174 0.157596 0.153076 0.148214 0.143048 0.137617 0.131959 0.126117 0.12013 0.114042 0.107892 0.101721 0.0955673 0.0894678 0.0834573 0.0775683 0.0718304 0.0662701 0.060911 0.0557732 0.0508736 0.0462255 0.0418391 0.0377214 0.0338762 0.0303045 0.0270048 0.0239733 0.0212039 0.0186892 0.0164203 0.0143871 0.0125791 0.0109854 0.00959496 0.00839717 0.00738194 0.00653996 0.00586301 0.00534406 0.00497751 0.00475924 
0.00531084 0.00539238 0.00563791 0.00605019 0.00663373 0.0073947 0.0083408 0.00948107 0.0108257 0.0123856 0.0141726 0.0161985 0.0184752 0.0210141 0.0238259 0.02692 0.0303045 0.0339854 0.0379665 0.042249 0.0468313 0.0517085 0.0568723 0.0623112 0.0680096 0.0739485 0.0801053 0.0864536 0.0929637 0.0996028 0.106335 0.113122 0.119922 0.126695 0.133394 0.139977 0.146398 0.152611 0.158572 0.164239 0.169569 0.174522 0.179062 0.183153 0.186765 0.18987 0.192444 0.194467 0.195924 0.196802 0.197096 0.196802 0.195924 0.194467 0.192444 0.18987 0.186765 0.183153 0.179062 0.174522 0.169569 0.164239 0.158572 0.152611 0.146398 0.139977 0.133394 0.126695 0.119922 0.113122 0.106335 0.0996028 0.0929637 0.0864536 0.0801053 0.0739485 0.0680096 0.0623112 0.0568723 0.0517085 0.0468313 0.042249 0.0379665 0.0339854 0.0303045 0.02692 0.0238259 0.0210141 0.0184752 0.0161985 0.0141726 0.0123856 0.0108257 0.00948107 0.0083408 0.0073947 0.00663373 0.00605019 0.00563791 0.00539238 
0.00599422 0.00608559 0.00636072 0.00682263 0.00747624 0.00832833 0.0093873 0.010663 0.0121666 0.01391 0.0159059 0.0181672 0.0207067 0.0235367 0.0266685 0.0301122 0.0338762 0.0379665 0.0423869 0.0471381 0.0522176 0.0576196 0.0633343 0.0693483 0.0756441 0.0822001 0.0889909 0.0959872 0.103156 0.110461 0.117862 0.125318 0.132783 0.140211 0.147554 0.154764 0.161792 0.168588 0.175105 0.181296 0.187116 0.192522 0.197474 0.201936 0.205873 0.209257 0.212061 0.214264 0.21585 0.216806 0.217126 0.216806 0.21585 0.214264 0.212061 0.209257 0.205873 0.201936 0.197474 0.192522 0.187116 0.181296 0.175105 0.168588 0.161792 0.154764 0.147554 0.140211 0.132783 0.125318 0.117862 0.110461 0.103156 0.0959872 0.0889909 0.0822001 0.0756441 0.0693483 0.0633343 0.0576196 0.0522176 0.0471381 0.0423869 0.0379665 0.0338762 0.0301122 0.0266685 0.0235367 0.0207067 0.0181672 0.0159059 0.01391 0.0121666 0.010663 0.0093873 0.00832833 0.00747624 0.00682263 0.00636072 0.00608559 
0.00673854 0.00684054 0.00714763 0.00766309 0.00839233 0.0093427 0.0105234 0.0119451 0.0136198 0.0155606 0.0177812 0.0202954 0.023117 0.0262591 0.0297339 0.0335517 0.0377214 0.042249 0.0471381 0.0523887 0.0579976 0.0639575 0.0702572 0.0768813 0.0838098 0.0910187 0.0984795 0.10616 0.114023 0.122028 0.130133 0.138291 0.146453 0.154568 0.162585 0.17045 0.178112 0.185516 0.192611 0.199348 0.205677 0.211553 0.216934 0.221779 0.226053 0.229725 0.232767 0.235157 0.236877 0.237914 0.23826 0.237914 0.236877 0.235157 0.232767 0.229725 0.226053 0.221779 0.216934 0.211553 0.205677 0.199348 0.192611 0.185516 0.178112 0.17045 0.162585 0.154568 0.146453 0.138291 0.130133 0.122028 0.114023 0.10616 0.0984795 0.0910187 0.0838098 0.0768813 0.0702572 0.0639575 0.0579976 0.0523887 0.0471381 0.042249 0.0377214 0.0335517 0.0297339 0.0262591 0.023117 0.0202954 0.0177812 0.0155606 0.0136198 0.0119451 0.0105234 0.0093427 0.00839233 0.00766309 0.00714763 0.00684054 
0.00754497 0.00765837 0.00799978 0.00857276 0.00938316 0.010439 0.0117501 0.0133283 0.0151864 0.0173385 0.0197994 0.0225839 0.0257067 0.0291817 0.0330218 0.037238 0.0418391 0.0468313 0.0522176 0.0579976 0.0641668 0.0707166 0.0776341 0.0849016 0.0924967 0.100392 0.108557 0.116955 0.125545 0.134285 0.143125 0.152015 0.160904 0.169734 0.178451 0.186997 0.195316 0.20335 0.211044 0.218344 0.225199 0.23156 0.237382 0.242622 0.247243 0.251212 0.254499 0.25708 0.258938 0.260058 0.260432 0.260058 0.258938 0.25708 0.254499 0.251212 0.247243 0.242622 0.237382 0.23156 0.225199 0.218344 0.211044 0.20335 0.195316 0.186997 0.178451 0.169734 0.160904 0.152015 0.143125 0.134285 0.125545 0.116955 0.108557 0.100392 0.0924967 0.0849016 0.0776341 0.0707166 0.0641668 0.0579976 0.0522176 0.0468313 0.0418391 0.037238 0.0330218 0.0291817 0.0257067 0.0225839 0.0197994 0.0173385 0.0151864 0.0133283 0.0117501 0.010439 0.00938316 0.00857276 0.00799978 0.00765837 
0.00841408 0.00853967 0.00891773 0.00955214 0.0104492 0.0116176 0.0130679 0.0148129 0.0168663 0.0192434 0.0219599 0.0250317 0.0284744 0.0323027 0.0365301 0.0411681 0.0462255 0.0517085 0.0576196 0.0639575 0.0707166 0.0778868 0.0854531 0.0933954 0.101689 0.110303 0.119203 0.12835 0.137698 0.1472 0.156805 0.166456 0.176097 0.185667 0.195108 0.204357 0.213353 0.222035 0.230344 0.238224 0.245619 0.252477 0.25875 0.264394 0.26937 0.273641 0.277178 0.279955 0.281953 0.283157 0.28356 0.283157 0.281953 0.279955 0.277178 0.273641 0.26937 0.264394 0.25875 0.252477 0.245619 0.238224 0.230344 0.222035 0.213353 0.204357 0.195108 0.185667 0.176097 0.166456 0.156805 0.1472 0.137698 0.12835 0.119203 0.110303 0.101689 0.0933954 0.0854531 0.0778868 0.0707166 0.0639575 0.0576196 0.0517085 0.0462255 0.0411681 0.0365301 0.0323027 0.0284744 0.0250317 0.0219599 0.0192434 0.0168663 0.0148129 0.0130679 0.0116176 0.0104492 0.00955214 0.00891773 0.00853967 
0.00934582 0.00948437 0.00990139 0.010601 0.0115901 0.012878 0.0144761 0.0163979 0.0186584 0.0212738 0.0242608 0.0276363 0.0314169 0.0356181 0.0402539 0.045336 0.0508736 0.0568723 0.0633343 0.0702572 0.0776341 0.0854531 0.093697 0.102343 0.111364 0.120726 0.13039 0.140313 0.150447 0.160739 0.171132 0.181568 0.191984 0.202316 0.2125 0.22247 0.232159 0.241505 0.250443 0.258914 0.266858 0.274223 0.280956 0.287011 0.292346 0.296924 0.300714 0.30369 0.30583 0.30712 0.307551 0.30712 0.30583 0.30369 0.300714 0.296924 0.292346 0.287011 0.280956 0.274223 0.266858 0.258914 0.250443 0.241505 0.232159 0.22247 0.2125 0.202316 0.191984 0.181568 0.171132 0.160739 0.150447 0.140313 0.13039 0.120726 0.111364 0.102343 0.093697 0.0854531 0.0776341 0.0702572 0.0633343 0.0568723 0.0508736 0.045336 0.0402539 0.0356181 0.0314169 0.0276363 0.0242608 0.0212738 0.0186584 0.0163979 0.0144761 0.012878 0.0115901 0.010601 0.00990139 0.00948437 
0.0103394 0.0104917 0.0109499 0.0117185 0.0128048 0.0142189 0.0159729 0.0180813 0.0205601 0.0234265 0.0266983 0.0303933 0.034529 0.0391217 0.0441857 0.0497332 0.0557732 0.0623112 0.0693483 0.0768813 0.0849016 0.0933954 0.102343 0.11172 0.121494 0.13163 0.142083 0.152808 0.16375 0.174854 0.186058 0.197299 0.208509 0.21962 0.230562 0.241267 0.251663 0.261683 0.27126 0.28033 0.288831 0.296707 0.303905 0.310374 0.316072 0.320961 0.325006 0.328181 0.330464 0.33184 0.3323 0.33184 0.330464 0.328181 0.325006 0.320961 0.316072 0.310374 0.303905 0.296707 0.288831 0.28033 0.27126 0.261683 0.251663 0.241267 0.230562 0.21962 0.208509 0.197299 0.186058 0.174854 0.16375 0.152808 0.142083 0.13163 0.121494 0.11172 0.102343 0.0933954 0.0849016 0.0768813 0.0693483 0.0623112 0.0557732 0.0497332 0.0441857 0.0391217 0.034529 0.0303933 0.0266983 0.0234265 0.0205601 0.0180813 0.0159729 0.0142189 0.0128048 0.0117185 0.0109499 0.0104917 
0.0113934 0.01156 0.0120615 0.0129026 0.0140912 0.0156378 0.0175556 0.0198598 0.0225676 0.025697 0.029267 0.0332963 0.0378032 0.0428046 0.0483155 0.0543479 0.060911 0.0680096 0.0756441 0.0838098 0.0924967 0.101689 0.111364 0.121494 0.132045 0.142976 0.154241 0.165787 0.177559 0.189493 0.201525 0.213586 0.225605 0.237507 0.24922 0.260669 0.27178 0.282482 0.292703 0.302376 0.311439 0.319829 0.327493 0.334378 0.34044 0.345638 0.349939 0.353313 0.355739 0.357201 0.35769 0.357201 0.355739 0.353313 0.349939 0.345638 0.34044 0.334378 0.327493 0.319829 0.311439 0.302376 0.292703 0.282482 0.27178 0.260669 0.24922 0.237507 0.225605 0.213586 0.201525 0.189493 0.177559 0.165787 0.154241 0.142976 0.132045 0.121494 0.111364 0.101689 0.0924967 0.0838098 0.0756441 0.0680096 0.060911 0.0543479 0.0483155 0.0428046 0.0378032 0.0332963 0.029267 0.025697 0.0225676 0.0198598 0.0175556 0.0156378 0.0140912 0.0129026 0.0120615 0.01156 
0.0125054 0.012687 0.0132338 0.0141508 0.0154461 0.0171312 0.01922 0.0217287 0.0246753 0.028079 0.0319595 0.0363368 0.0412297 0.0466557 0.0526302 0.0591655 0.0662701 0.0739485 0.0822001 0.0910187 0.100392 0.110303 0.120726 0.13163 0.142976 0.154721 0.166815 0.1792 0.191815 0.204595 0.217468 0.23036 0.243197 0.2559 0.26839 0.280589 0.292419 0.303805 0.314672 0.32495 0.334573 0.343477 0.351605 0.358905 0.365329 0.370835 0.375389 0.378962 0.38153 0.383077 0.383594 0.383077 0.38153 0.378962 0.375389 0.370835 0.365329 0.358905 0.351605 0.343477 0.334573 0.32495 0.314672 0.303805 0.292419 0.280589 0.26839 0.2559 0.243197 0.23036 0.217468 0.204595 0.191815 0.1792 0.166815 0.154721 0.142976 0.13163 0.120726 0.110303 0.100392 0.0910187 0.0822001 0.0739485 0.0662701 0.0591655 0.0526302 0.0466557 0.0412297 0.0363368 0.0319595 0.028079 0.0246753 0.0217287 0.01922 0.0171312 0.0154461 0.0141508 0.0132338 0.012687 
0.0136721 0.0138695 0.0144634 0.0154591 0.0168656 0.0186947 0.0209612 0.0236821 0.0268765 0.0305645 0.0347669 0.0395043 0.0447963 0.0506612 0.0571142 0.0641679 0.0718304 0.0801053 0.0889909 0.0984795 0.108557 0.119203 0.13039 0.142083 0.154241 0.166815 0.17975 0.192986 0.206457 0.22009 0.233812 0.247543 0.261203 0.27471 0.287979 0.300929 0.313478 0.325547 0.337058 0.347938 0.358117 0.367531 0.37612 0.383829 0.390611 0.396422 0.401226 0.404994 0.407702 0.409333 0.409878 0.409333 0.407702 0.404994 0.401226 0.396422 0.390611 0.383829 0.37612 0.367531 0.358117 0.347938 0.337058 0.325547 0.313478 0.300929 0.287979 0.27471 0.261203 0.247543 0.233812 0.22009 0.206457 0.192986 0.17975 0.166815 0.154241 0.142083 0.13039 0.119203 0.108557 0.0984795 0.0889909 0.0801053 0.0718304 0.0641679 0.0571142 0.0506612 0.0447963 0.0395043 0.0347669 0.0305645 0.0268765 0.0236821 0.0209612 0.0186947 0.0168656 0.0154591 0.0144634 0.0138695 
0.0148896 0.0151032 0.0157458 0.0168232 0.0183445 0.0203224 0.0227725 0.0257126 0.0291627 0.033144 0.037678 0.0427862 0.0484889 0.0548047 0.0617491 0.0693344 0.0775683 0.0864536 0.0959872 0.10616 0.116955 0.12835 0.140313 0.152808 0.165787 0.1792 0.192986 0.207081 0.221413 0.235905 0.250479 0.265051 0.279534 0.293843 0.30789 0.321588 0.334851 0.347597 0.359745 0.371219 0.381948 0.391864 0.400906 0.409019 0.416151 0.422261 0.42731 0.431269 0.434114 0.435827 0.4364 0.435827 0.434114 0.431269 0.42731 0.422261 0.416151 0.409019 0.400906 0.391864 0.381948 0.371219 0.359745 0.347597 0.334851 0.321588 0.30789 0.293843 0.279534 0.265051 0.250479 0.235905 0.221413 0.207081 0.192986 0.1792 0.165787 0.152808 0.140313 0.12835 0.116955 0.10616 0.0959872 0.0864536 0.0775683 0.0693344 0.0617491 0.0548047 0.0484889 0.0427862 0.037678 0.033144 0.0291627 0.0257126 0.0227725 0.0203224 0.0183445 0.0168232 0.0157458 0.0151032 
0.0161529 0.0163832 0.017076 0.0182372 0.0198767 0.0220076 0.0246463 0.0278115 0.0315242 0.0358062 0.0406801 0.046168 0.0522909 0.0590675 0.0665136 0.0746412 0.0834573 0.0929637 0.103156 0.114023 0.125545 0.137698 0.150447 0.16375 0.177559 0.191815 0.206457 0.221413 0.236607 0.251959 0.267383 0.282792 0.298095 0.3132 0.328017 0.342454 0.356422 0.369836 0.382611 0.394669 0.405937 0.416345 0.42583 0.434335 0.44181 0.44821 0.453498 0.457643 0.46062 0.462414 0.463013 0.462414 0.46062 0.457643 0.453498 0.44821 0.44181 0.434335 0.42583 0.416345 0.405937 0.394669 0.382611 0.369836 0.356422 0.342454 0.328017 0.3132 0.298095 0.282792 0.267383 0.251959 0.236607 0.221413 0.206457 0.191815 0.177559 0.16375 0.150447 0.137698 0.125545 0.114023 0.103156 0.0929637 0.0834573 0.0746412 0.0665136 0.0590675 0.0522909 0.046168 0.0406801 0.0358062 0.0315242 0.0278115 0.0246463 0.0220076 0.0198767 0.0182372 0.017076 0.0163832 
0.0174562 0.0177035 0.0184476 0.0196947 0.021455 0.0237423 0.0265738 0.0299689 0.0339495 0.0385382 0.0437585 0.0496331 0.0561835 0.0634285 0.0713841 0.0800617 0.0894678 0.0996028 0.110461 0.122028 0.134285 0.1472 0.160739 0.174854 0.189493 0.204595 0.22009 0.235905 0.251959 0.268164 0.284433 0.300671 0.316784 0.332676 0.348251 0.363415 0.378075 0.392142 0.40553 0.418158 0.429951 0.440836 0.450752 0.459638 0.467444 0.474126 0.479644 0.483968 0.487074 0.488944 0.489569 0.488944 0.487074 0.483968 0.479644 0.474126 0.467444 0.459638 0.450752 0.440836 0.429951 0.418158 0.40553 0.392142 0.378075 0.363415 0.348251 0.332676 0.316784 0.300671 0.284433 0.268164 0.251959 0.235905 0.22009 0.204595 0.189493 0.174854 0.160739 0.1472 0.134285 0.122028 0.110461 0.0996028 0.0894678 0.0800617 0.0713841 0.0634285 0.0561835 0.0496331 0.0437585 0.0385382 0.0339495 0.0299689 0.0265738 0.0237423 0.021455 0.0196947 0.0184476 0.0177035 
0.0187927 0.0190574 0.0198537 0.0211881 0.0230712 0.0255176 0.0285448 0.0321735 0.0364259 0.0413258 0.0468971 0.0531632 0.060146 0.0678645 0.0763345 0.0855669 0.0955673 0.106335 0.117862 0.130133 0.143125 0.156805 0.171132 0.186058 0.201525 0.217468 0.233812 0.250479 0.267383 0.284433 0.301534 0.318589 0.335498 0.352161 0.368478 0.384352 0.399687 0.41439 0.428374 0.441554 0.453854 0.465202 0.475532 0.484785 0.49291 0.499861 0.5056 0.510096 0.513324 0.515268 0.515918 0.515268 0.513324 0.510096 0.5056 0.499861 0.49291 0.484785 0.475532 0.465202 0.453854 0.441554 0.428374 0.41439 0.399687 0.384352 0.368478 0.352161 0.335498 0.318589 0.301534 0.284433 0.267383 0.250479 0.233812 0.217468 0.201525 0.186058 0.171132 0.156805 0.143125 0.130133 0.117862 0.106335 0.0955673 0.0855669 0.0763345 0.0678645 0.060146 0.0531632 0.0468971 0.0413258 0.0364259 0.0321735 0.0285448 0.0255176 0.0230712 0.0211881 0.0198537 0.0190574 
0.020155 0.0204372 0.0212863 0.022709 0.0247163 0.0273233 0.0305484 0.0344127 0.0389394 0.0441529 0.0500779 0.0567382 0.0641559 0.0723502 0.0813366 0.0911253 0.101721 0.113122 0.125318 0.138291 0.152015 0.166456 0.181568 0.197299 0.213586 0.23036 0.247543 0.265051 0.282792 0.300671 0.318589 0.336443 0.354129 0.371544 0.388584 0.405148 0.421136 0.436454 0.451012 0.464724 0.477512 0.489303 0.50003 0.509634 0.518062 0.52527 0.531219 0.535879 0.539224 0.541238 0.541911 0.541238 0.539224 0.535879 0.531219 0.52527 0.518062 0.509634 0.50003 0.489303 0.477512 0.464724 0.451012 0.436454 0.421136 0.405148 0.388584 0.371544 0.354129 0.336443 0.318589 0.300671 0.282792 0.265051 0.247543 0.23036 0.213586 0.197299 0.181568 0.166456 0.152015 0.138291 0.125318 0.113122 0.101721 0.0911253 0.0813366 0.0723502 0.0641559 0.0567382 0.0500779 0.0441529 0.0389394 0.0344127 0.0305484 0.0273233 0.0247163 0.022709 0.0212863 0.0204372 
0.0215348 0.0218347 0.0227368 0.0242482 0.0263803 0.0291487 0.0325723 0.036673 0.0414748 0.0470027 0.0532818 0.0603365 0.068189 0.0768586 0.0863602 0.0967036 0.107892 0.119922 0.132783 0.146453 0.160904 0.176097 0.191984 0.208509 0.225605 0.243197 0.261203 0.279534 0.298095 0.316784 0.335498 0.354129 0.372571 0.390715 0.408453 0.425682 0.442299 0.458208 0.473316 0.487537 0.500791 0.513003 0.524107 0.534044 0.54276 0.550212 0.556359 0.561173 0.564628 0.566708 0.567402 0.566708 0.564628 0.561173 0.556359 0.550212 0.54276 0.534044 0.524107 0.513003 0.500791 0.487537 0.473316 0.458208 0.442299 0.425682 0.408453 0.390715 0.372571 0.354129 0.335498 0.316784 0.298095 0.279534 0.261203 0.243197 0.225605 0.208509 0.191984 0.176097 0.160904 0.146453 0.132783 0.119922 0.107892 0.0967036 0.0863602 0.0768586 0.068189 0.0603365 0.0532818 0.0470027 0.0414748 0.036673 0.0325723 0.0291487 0.0263803 0.0242482 0.0227368 0.0218347 
0.0229231 0.0232406 0.0241957 0.0257957 0.0280524 0.0309818 0.0346035 0.03894 0.0440159 0.0498568 0.0564884 0.0639352 0.0722198 0.0813611 0.0913737 0.102267 0.114042 0.126695 0.140211 0.154568 0.169734 0.185667 0.202316 0.21962 0.237507 0.2559 0.27471 0.293843 0.3132 0.332676 0.352161 0.371544 0.390715 0.40956 0.427969 0.445835 0.463054 0.479527 0.495159 0.509864 0.523558 0.536169 0.54763 0.55788 0.566867 0.574546 0.58088 0.585838 0.589396 0.591538 0.592253 0.591538 0.589396 0.585838 0.58088 0.574546 0.566867 0.55788 0.54763 0.536169 0.523558 0.509864 0.495159 0.479527 0.463054 0.445835 0.427969 0.40956 0.390715 0.371544 0.352161 0.332676 0.3132 0.293843 0.27471 0.2559 0.237507 0.21962 0.202316 0.185667 0.169734 0.154568 0.140211 0.126695 0.114042 0.102267 0.0913737 0.0813611 0.0722198 0.0639352 0.0564884 0.0498568 0.0440159 0.03894 0.0346035 0.0309818 0.0280524 0.0257957 0.0241957 0.0232406 
0.0243104 0.0246454 0.0256531 0.027341 0.0297212 0.0328102 0.0366282 0.0411983 0.0465455 0.0526961 0.0596761 0.0675104 0.0762214 0.0858281 0.0963442 0.107778 0.12013 0.133394 0.147554 0.162585 0.178451 0.195108 0.2125 0.230562 0.24922 0.26839 0.287979 0.30789 0.328017 0.348251 0.368478 0.388584 0.408453 0.427969 0.447019 0.465492 0.483283 0.50029 0.516418 0.531578 0.545688 0.558673 0.570467 0.58101 0.59025 0.598142 0.604649 0.609741 0.613394 0.615593 0.616327 0.615593 0.613394 0.609741 0.604649 0.598142 0.59025 0.58101 0.570467 0.558673 0.545688 0.531578 0.516418 0.50029 0.483283 0.465492 0.447019 0.427969 0.408453 0.388584 0.368478 0.348251 0.328017 0.30789 0.287979 0.26839 0.24922 0.230562 0.2125 0.195108 0.178451 0.162585 0.147554 0.133394 0.12013 0.107778 0.0963442 0.0858281 0.0762214 0.0675104 0.0596761 0.0526961 0.0465455 0.0411983 0.0366282 0.0328102 0.0297212 0.027341 0.0256531 0.0246454 
0.0256866 0.0260389 0.0270984 0.0288728 0.0313747 0.0346208 0.038632 0.0434318 0.0490459 0.0555007 0.0628229 0.0710373 0.0801665 0.0902289 0.101238 0.113201 0.126117 0.139977 0.154764 0.17045 0.186997 0.204357 0.22247 0.241267 0.260669 0.280589 0.300929 0.321588 0.342454 0.363415 0.384352 0.405148 0.425682 0.445835 0.465492 0.48454 0.50287 0.52038 0.536973 0.55256 0.567058 0.580392 0.592496 0.603311 0.612785 0.620873 0.62754 0.632755 0.636496 0.638748 0.639499 0.638748 0.636496 0.632755 0.62754 0.620873 0.612785 0.603311 0.592496 0.580392 0.567058 0.55256 0.536973 0.52038 0.50287 0.48454 0.465492 0.445835 0.425682 0.405148 0.384352 0.363415 0.342454 0.321588 0.300929 0.280589 0.260669 0.241267 0.22247 0.204357 0.186997 0.17045 0.154764 0.139977 0.126117 0.113201 0.101238 0.0902289 0.0801665 0.0710373 0.0628229 0.0555007 0.0490459 0.0434318 0.038632 0.0346208 0.0313747 0.0288728 0.0270984 0.0260389 
0.0270414 0.0274105 0.0285207 0.0303797 0.0330005 0.0364002 0.0406001 0.0456242 0.0514986 0.0582503 0.0659059 0.0744906 0.0840268 0.0945325 0.10602 0.118496 0.131959 0.146398 0.161792 0.178112 0.195316 0.213353 0.232159 0.251663 0.27178 0.292419 0.313478 0.334851 0.356422 0.378075 0.399687 0.421136 0.442299 0.463054 0.483283 0.50287 0.521706 0.539686 0.556712 0.572696 0.587553 0.60121 0.613601 0.624665 0.634354 0.642622 0.649435 0.654763 0.658585 0.660884 0.661651 0.660884 0.658585 0.654763 0.649435 0.642622 0.634354 0.624665 0.613601 0.60121 0.587553 0.572696 0.556712 0.539686 0.521706 0.50287 0.483283 0.463054 0.442299 0.421136 0.399687 0.378075 0.356422 0.334851 0.313478 0.292419 0.27178 0.251663 0.232159 0.213353 0.195316 0.178112 0.161792 0.146398 0.131959 0.118496 0.10602 0.0945325 0.0840268 0.0744906 0.0659059 0.0582503 0.0514986 0.0456242 0.0406001 0.0364002 0.0330005 0.0303797 0.0285207 0.0274105 
0.0283639 0.0287494 0.0299087 0.0318498 0.0345859 0.0381346 0.0425174 0.0477588 0.0538852 0.0609241 0.0689023 0.0778449 0.0877741 0.0987075 0.110657 0.123628 0.137617 0.152611 0.168588 0.185516 0.20335 0.222035 0.241505 0.261683 0.282482 0.303805 0.325547 0.347597 0.369836 0.392142 0.41439 0.436454 0.458208 0.479527 0.50029 0.52038 0.539686 0.558101 0.575529 0.591878 0.607067 0.62102 0.633672 0.644965 0.654849 0.663281 0.670227 0.675657 0.679551 0.681893 0.682675 0.681893 0.679551 0.675657 0.670227 0.663281 0.654849 0.644965 0.633672 0.62102 0.607067 0.591878 0.575529 0.558101 0.539686 0.52038 0.50029 0.479527 0.458208 0.436454 0.41439 0.392142 0.369836 0.347597 0.325547 0.303805 0.282482 0.261683 0.241505 0.222035 0.20335 0.185516 0.168588 0.152611 0.137617 0.123628 0.110657 0.0987075 0.0877741 0.0778449 0.0689023 0.0609241 0.0538852 0.0477588 0.0425174 0.0381346 0.0345859 0.0318498 0.0299087 0.0287494 
0.0296434 0.0300447 0.0312512 0.0332713 0.0361182 0.03981 0.0443685 0.0498186 0.0561871 0.0635015 0.071789 0.0810745 0.0913801 0.102723 0.115114 0.128557 0.143048 0.158572 0.175105 0.192611 0.211044 0.230344 0.250443 0.27126 0.292703 0.314672 0.337058 0.359745 0.382611 0.40553 0.428374 0.451012 0.473316 0.495159 0.516418 0.536973 0.556712 0.575529 0.593325 0.610009 0.6255 0.639723 0.652612 0.664112 0.674172 0.682752 0.689816 0.695338 0.699297 0.701678 0.702473 0.701678 0.699297 0.695338 0.689816 0.682752 0.674172 0.664112 0.652612 0.639723 0.6255 0.610009 0.593325 0.575529 0.556712 0.536973 0.516418 0.495159 0.473316 0.451012 0.428374 0.40553 0.382611 0.359745 0.337058 0.314672 0.292703 0.27126 0.250443 0.230344 0.211044 0.192611 0.175105 0.158572 0.143048 0.128557 0.115114 0.102723 0.0913801 0.0810745 0.071789 0.0635015 0.0561871 0.0498186 0.0443685 0.03981 0.0361182 0.0332713 0.0312512 0.0300447 
0.0308691 0.0312854 0.0325369 0.0346322 0.0375847 0.0414127 0.0461385 0.0517871 0.0583857 0.0659621 0.0745433 0.0841546 0.0948173 0.106548 0.119358 0.133248 0.148214 0.164239 0.181296 0.199348 0.218344 0.238224 0.258914 0.28033 0.302376 0.32495 0.347938 0.371219 0.394669 0.418158 0.441554 0.464724 0.487537 0.509864 0.531578 0.55256 0.572696 0.591878 0.610009 0.626997 0.642761 0.657227 0.670331 0.682016 0.692234 0.700945 0.708116 0.713719 0.717736 0.720151 0.720957 0.720151 0.717736 0.713719 0.708116 0.700945 0.692234 0.682016 0.670331 0.657227 0.642761 0.626997 0.610009 0.591878 0.572696 0.55256 0.531578 0.509864 0.487537 0.464724 0.441554 0.418158 0.394669 0.371219 0.347938 0.32495 0.302376 0.28033 0.258914 0.238224 0.218344 0.199348 0.181296 0.164239 0.148214 0.133248 0.119358 0.106548 0.0948173 0.0841546 0.0745433 0.0659621 0.0583857 0.0517871 0.0461385 0.0414127 0.0375847 0.0346322 0.0325369 0.0312854 
0.0320303 0.0324607 0.0337547 0.0359208 0.0389728 0.0429292 0.0478124 0.053648 0.0604631 0.0682859 0.0771433 0.0870605 0.0980585 0.110154 0.123355 0.137665 0.153076 0.169569 0.187116 0.205677 0.225199 0.245619 0.266858 0.288831 0.311439 0.334573 0.358117 0.381948 0.405937 0.429951 0.453854 0.477512 0.500791 0.523558 0.545688 0.567058 0.587553 0.607067 0.6255 0.642761 0.65877 0.673453 0.686747 0.698597 0.708955 0.717783 0.725047 0.730722 0.734789 0.737235 0.738051 0.737235 0.734789 0.730722 0.725047 0.717783 0.708955 0.698597 0.686747 0.673453 0.65877 0.642761 0.6255 0.607067 0.587553 0.567058 0.545688 0.523558 0.500791 0.477512 0.453854 0.429951 0.405937 0.381948 0.358117 0.334573 0.311439 0.288831 0.266858 0.245619 0.225199 0.205677 0.187116 0.169569 0.153076 0.137665 0.123355 0.110154 0.0980585 0.0870605 0.0771433 0.0682859 0.0604631 0.053648 0.0478124 0.0429292 0.0389728 0.0359208 0.0337547 0.0324607 
