7.44436e-07 8.00162e-07 9.73495e-07 1.28331e-06 1.76241e-06 2.45957e-06 3.44233e-06 4.80072e-06 6.65161e-06 9.14388e-06 1.24642e-05 1.68433e-05 2.25622e-05 2.99591e-05 3.94348e-05 5.14583e-05 6.65699e-05 8.53836e-05 0.000108585 0.000136929 0.000171228 0.000212345 0.00026117 0.000318602 0.000385521 0.000462758 0.000551056 0.000651034 0.00076315 0.000887657 0.00102457 0.00117362 0.00133426 0.00150559 0.0016864 0.00187512 0.0020699 0.00226854 0.00246861 0.00266745 0.00286224 0.00305007 0.00322798 0.00339309 0.00354261 0.00367397 0.00378485 0.00387326 0.00393759 0.00397668 0.00398979 0.00397668 0.00393759 0.00387326 0.00378485 0.00367397 0.00354261 0.00339309 0.00322798 0.00305007 0.00286224 0.00266745 0.00246861 0.00226854 0.0020699 0.00187512 0.0016864 0.00150559 0.00133426 0.00117362 0.00102457 0.000887657 0.00076315 0.000651034 0.000551056 0.000462758 0.000385521 0.000318602 0.00026117 0.000212345 0.000171228 0.000136929 0.000108585 8.53836e-05 6.65699e-05 5.14583e-05 3.94348e-05 2.99591e-05 2.25622e-05 1.68433e-05 1.24642e-05 9.14388e-06 6.65161e-06 4.80072e-06 3.44233e-06 2.45957e-06 1.76241e-06 1.28331e-06 9.73495e-07 8.00162e-07 
8.00162e-07 8.59881e-07 1.04561e-06 1.37749e-06 1.89051e-06 2.63666e-06 3.68795e-06 5.14022e-06 7.11787e-06 9.77921e-06 1.33226e-05 1.79929e-05 2.40884e-05 3.19674e-05 4.20542e-05 5.4845e-05 7.09109e-05 9.08999e-05 0.000115536 0.000145612 0.000181986 0.000225562 0.000277276 0.00033807 0.000408865 0.000490526 0.000583828 0.000689414 0.000807753 0.000939101 0.00108346 0.00124054 0.00140975 0.00159014 0.00178041 0.00197894 0.00218375 0.00239254 0.00260276 0.00281162 0.00301616 0.00321333 0.00340005 0.00357328 0.00373014 0.00386791 0.00398418 0.00407689 0.00414434 0.00418532 0.00419906 0.00418532 0.00414434 0.00407689 0.00398418 0.00386791 0.00373014 0.00357328 0.00340005 0.00321333 0.00301616 0.00281162 0.00260276 0.00239254 0.00218375 0.00197894 0.00178041 0.00159014 0.00140975 0.00124054 0.00108346 0.000939101 0.000807753 0.000689414 0.000583828 0.000490526 0.000408865 0.00033807 0.000277276 0.000225562 0.000181986 0.000145612 0.000115536 9.08999e-05 7.09109e-05 5.4845e-05 4.20542e-05 3.19674e-05 2.40884e-05 1.79929e-05 1.33226e-05 9.77921e-06 7.11787e-06 5.14022e-06 3.68795e-06 2.63666e-06 1.89051e-06 1.37749e-06 1.04561e-06 8.59881e-07 
9.73495e-07 1.04561e-06 1.2698e-06 1.67013e-06 2.28835e-06 3.18645e-06 4.45012e-06 6.19329e-06 8.56349e-06 1.17482e-05 1.59817e-05 2.15528e-05 2.88122e-05 3.81805e-05 5.01547e-05 6.5314e-05 8.43239e-05 0.000107937 0.000136993 0.000172408 0.000215169 0.000266316 0.000326918 0.000398049 0.000480753 0.000576006 0.000684674 0.000807469 0.000944897 0.00109722 0.0012644 0.00144608 0.00164153 0.00184964 0.0020689 0.00229741 0.00253289 0.00277272 0.00301395 0.00325341 0.00348773 0.00371343 0.00392703 0.00412507 0.00430429 0.00446163 0.00459438 0.00470017 0.00477714 0.00482388 0.00483956 0.00482388 0.00477714 0.00470017 0.00459438 0.00446163 0.00430429 0.00412507 0.00392703 0.00371343 0.00348773 0.00325341 0.00301395 0.00277272 0.00253289 0.00229741 0.0020689 0.00184964 0.00164153 0.00144608 0.0012644 0.00109722 0.000944897 0.000807469 0.000684674 0.000576006 0.000480753 0.000398049 0.000326918 0.000266316 0.000215169 0.000172408 0.000136993 0.000107937 8.43239e-05 6.5314e-05 5.01547e-05 3.81805e-05 2.88122e-05 2.15528e-05 1.59817e-05 1.17482e-05 8.56349e-06 6.19329e-06 4.45012e-06 3.18645e-06 2.28835e-06 1.67013e-06 1.2698e-06 1.04561e-06 
1.28331e-06 1.37749e-06 1.67013e-06 2.19222e-06 2.99748e-06 4.16554e-06 5.80628e-06 8.06548e-06 1.11315e-05 1.5243e-05 2.06977e-05 2.78612e-05 3.71764e-05 4.91729e-05 6.44743e-05 8.38055e-05 0.000107996 0.000137982 0.0001748 0.000219583 0.000273543 0.000337949 0.000414104 0.000503306 0.00060681 0.000725781 0.00086124 0.00101401 0.00118466 0.00137346 0.00158029 0.00180467 0.00204564 0.0023018 0.00257126 0.00285167 0.00314021 0.00343368 0.00372849 0.00402078 0.00430648 0.00458139 0.0048413 0.0050821 0.00529985 0.0054909 0.00565199 0.00578033 0.00587366 0.00593033 0.00594933 0.00593033 0.00587366 0.00578033 0.00565199 0.0054909 0.00529985 0.0050821 0.0048413 0.00458139 0.00430648 0.00402078 0.00372849 0.00343368 0.00314021 0.00285167 0.00257126 0.0023018 0.00204564 0.00180467 0.00158029 0.00137346 0.00118466 0.00101401 0.00086124 0.000725781 0.00060681 0.000503306 0.000414104 0.000337949 0.000273543 0.000219583 0.0001748 0.000137982 0.000107996 8.38055e-05 6.44743e-05 4.91729e-05 3.71764e-05 2.78612e-05 2.06977e-05 1.5243e-05 1.11315e-05 8.06548e-06 5.80628e-06 4.16554e-06 2.99748e-06 2.19222e-06 1.67013e-06 1.37749e-06 
1.76241e-06 1.89051e-06 2.28835e-06 2.99748e-06 4.08984e-06 5.67188e-06 7.89029e-06 1.09392e-05 1.50687e-05 2.05952e-05 2.79117e-05 3.75001e-05 4.9942e-05 6.59304e-05 8.62792e-05 0.000111931 0.000143959 0.000183573 0.000232106 0.000291006 0.000361818 0.000446153 0.000545652 0.000661943 0.000796587 0.000951019 0.00112648 0.00132395 0.00154409 0.00178714 0.00205289 0.00234064 0.00264909 0.0029764 0.00332011 0.0036772 0.00404407 0.00441664 0.0047904 0.00516048 0.00552176 0.00586902 0.00619699 0.00650057 0.00677486 0.00701535 0.00721801 0.00737939 0.00749671 0.00756793 0.00759181 0.00756793 0.00749671 0.00737939 0.00721801 0.00701535 0.00677486 0.00650057 0.00619699 0.00586902 0.00552176 0.00516048 0.0047904 0.00441664 0.00404407 0.0036772 0.00332011 0.0029764 0.00264909 0.00234064 0.00205289 0.00178714 0.00154409 0.00132395 0.00112648 0.000951019 0.000796587 0.000661943 0.000545652 0.000446153 0.000361818 0.000291006 0.000232106 0.000183573 0.000143959 0.000111931 8.62792e-05 6.59304e-05 4.9942e-05 3.75001e-05 2.79117e-05 2.05952e-05 1.50687e-05 1.09392e-05 7.89029e-06 5.67188e-06 4.08984e-06 2.99748e-06 2.28835e-06 1.89051e-06 
2.45957e-06 2.63666e-06 3.18645e-06 4.16554e-06 5.67188e-06 7.85024e-06 1.08997e-05 1.5083e-05 2.07382e-05 2.82915e-05 3.82711e-05 5.13224e-05 6.82224e-05 8.98937e-05 0.000117416 0.000152036 0.00019517 0.000248401 0.000313476 0.000392278 0.000486809 0.000599146 0.000731392 0.000885621 0.0010638 0.00126774 0.00149895 0.00175862 0.00204751 0.00236582 0.00271318 0.00308856 0.00349021 0.00391565 0.00436162 0.00482418 0.00529866 0.00577978 0.00626175 0.00673832 0.007203 0.00764912 0.00807004 0.00845927 0.00881066 0.00911853 0.00937782 0.00958419 0.00973416 0.00982518 0.00985569 0.00982518 0.00973416 0.00958419 0.00937782 0.00911853 0.00881066 0.00845927 0.00807004 0.00764912 0.007203 0.00673832 0.00626175 0.00577978 0.00529866 0.00482418 0.00436162 0.00391565 0.00349021 0.00308856 0.00271318 0.00236582 0.00204751 0.00175862 0.00149895 0.00126774 0.0010638 0.000885621 0.000731392 0.000599146 0.000486809 0.000392278 0.000313476 0.000248401 0.00019517 0.000152036 0.000117416 8.98937e-05 6.82224e-05 5.13224e-05 3.82711e-05 2.82915e-05 2.07382e-05 1.5083e-05 1.08997e-05 7.85024e-06 5.67188e-06 4.16554e-06 3.18645e-06 2.63666e-06 
3.44233e-06 3.68795e-06 4.45012e-06 5.80628e-06 7.89029e-06 1.08997e-05 1.51055e-05 2.08651e-05 2.86368e-05 3.89969e-05 5.26581e-05 7.04884e-05 9.35298e-05 0.000123016 0.000160385 0.000207292 0.000265611 0.00033743 0.00042504 0.000530906 0.000657629 0.000807897 0.000984419 0.00118984 0.00142667 0.00169715 0.00200318 0.00234617 0.00272696 0.0031457 0.00360178 0.00409371 0.0046191 0.00517459 0.0057559 0.00635782 0.00697428 0.00759842 0.00822277 0.00883931 0.00943971 0.0100155 0.0105581 0.0110595 0.0115117 0.0119076 0.0122409 0.012506 0.0126986 0.0128154 0.0128546 0.0128154 0.0126986 0.012506 0.0122409 0.0119076 0.0115117 0.0110595 0.0105581 0.0100155 0.00943971 0.00883931 0.00822277 0.00759842 0.00697428 0.00635782 0.0057559 0.00517459 0.0046191 0.00409371 0.00360178 0.0031457 0.00272696 0.00234617 0.00200318 0.00169715 0.00142667 0.00118984 0.000984419 0.000807897 0.000657629 0.000530906 0.00042504 0.00033743 0.000265611 0.000207292 0.000160385 0.000123016 9.35298e-05 7.04884e-05 5.26581e-05 3.89969e-05 2.86368e-05 2.08651e-05 1.51055e-05 1.08997e-05 7.89029e-06 5.80628e-06 4.45012e-06 3.68795e-06 
4.80072e-06 5.14022e-06 6.19329e-06 8.06548e-06 1.09392e-05 1.5083e-05 2.08651e-05 2.87696e-05 3.94162e-05 5.35821e-05 7.22258e-05 9.65114e-05 0.000127832 0.000167832 0.000218423 0.000281796 0.000360424 0.000457051 0.000574675 0.000716508 0.000885926 0.0010864 0.00132139 0.00159429 0.00190825 0.00226607 0.00267007 0.00312194 0.00362261 0.0041721 0.00476941 0.00541246 0.00609796 0.00682146 0.00757728 0.00835859 0.0091575 0.00996516 0.0107719 0.0115675 0.0123413 0.0130825 0.0137804 0.0144245 0.015005 0.0155129 0.0159401 0.0162798 0.0165265 0.0166761 0.0167263 0.0166761 0.0165265 0.0162798 0.0159401 0.0155129 0.015005 0.0144245 0.0137804 0.0130825 0.0123413 0.0115675 0.0107719 0.00996516 0.0091575 0.00835859 0.00757728 0.00682146 0.00609796 0.00541246 0.00476941 0.0041721 0.00362261 0.00312194 0.00267007 0.00226607 0.00190825 0.00159429 0.00132139 0.0010864 0.000885926 0.000716508 0.000574675 0.000457051 0.000360424 0.000281796 0.000218423 0.000167832 0.000127832 9.65114e-05 7.22258e-05 5.35821e-05 3.94162e-05 2.87696e-05 2.08651e-05 1.5083e-05 1.09392e-05 8.06548e-06 6.19329e-06 5.14022e-06 
6.65161e-06 7.11787e-06 8.56349e-06 1.11315e-05 1.50687e-05 2.07382e-05 2.86368e-05 3.94162e-05 5.39089e-05 7.31565e-05 9.84399e-05 0.00013131 0.000173619 0.000227544 0.000295609 0.000380696 0.000486047 0.000615246 0.00077219 0.000961038 0.00118614 0.00145194 0.00176286 0.00212316 0.00253679 0.00300724 0.0035373 0.00412895 0.00478318 0.00549976 0.00627719 0.00711254 0.00800141 0.00893784 0.00991439 0.0109222 0.011951 0.0129896 0.0140254 0.0150456 0.0160365 0.0169846 0.0178763 0.0186985 0.0194389 0.0200863 0.0206304 0.0210629 0.0213768 0.0215672 0.021631 0.0215672 0.0213768 0.0210629 0.0206304 0.0200863 0.0194389 0.0186985 0.0178763 0.0169846 0.0160365 0.0150456 0.0140254 0.0129896 0.011951 0.0109222 0.00991439 0.00893784 0.00800141 0.00711254 0.00627719 0.00549976 0.00478318 0.00412895 0.0035373 0.00300724 0.00253679 0.00212316 0.00176286 0.00145194 0.00118614 0.000961038 0.00077219 0.000615246 0.000486047 0.000380696 0.000295609 0.000227544 0.000173619 0.00013131 9.84399e-05 7.31565e-05 5.39089e-05 3.94162e-05 2.86368e-05 2.07382e-05 1.50687e-05 1.11315e-05 8.56349e-06 7.11787e-06 
9.14388e-06 9.77921e-06 1.17482e-05 1.5243e-05 2.05952e-05 2.82915e-05 3.89969e-05 5.35821e-05 7.31565e-05 9.91048e-05 0.000133125 0.000177268 0.000233975 0.000306105 0.000396964 0.000510314 0.000650367 0.000821765 0.00102953 0.00127901 0.00157575 0.00192539 0.00233351 0.00280545 0.0033461 0.00395971 0.00464963 0.00541812 0.00626614 0.00719311 0.00819681 0.0092732 0.0104164 0.0116185 0.0128699 0.0141592 0.0154732 0.0167975 0.0181165 0.0194137 0.020672 0.0218745 0.0230043 0.024045 0.0249813 0.0257993 0.0264865 0.0270323 0.0274284 0.0276686 0.027749 0.0276686 0.0274284 0.0270323 0.0264865 0.0257993 0.0249813 0.024045 0.0230043 0.0218745 0.020672 0.0194137 0.0181165 0.0167975 0.0154732 0.0141592 0.0128699 0.0116185 0.0104164 0.0092732 0.00819681 0.00719311 0.00626614 0.00541812 0.00464963 0.00395971 0.0033461 0.00280545 0.00233351 0.00192539 0.00157575 0.00127901 0.00102953 0.000821765 0.000650367 0.000510314 0.000396964 0.000306105 0.000233975 0.000177268 0.000133125 9.91048e-05 7.31565e-05 5.35821e-05 3.89969e-05 2.82915e-05 2.05952e-05 1.5243e-05 1.17482e-05 9.77921e-06 
1.24642e-05 1.33226e-05 1.59817e-05 2.06977e-05 2.79117e-05 3.82711e-05 5.26581e-05 7.22258e-05 9.84399e-05 0.000133125 0.000178513 0.000237292 0.000312648 0.000408308 0.000528561 0.000678271 0.000862863 0.00108829 0.00136098 0.00168771 0.0020755 0.00253144 0.0030625 0.00367527 0.00437574 0.00516903 0.00605909 0.00704841 0.00813784 0.00932624 0.0106104 0.0119849 0.0134418 0.0149709 0.0165599 0.018194 0.0198567 0.0215297 0.0231935 0.0248274 0.0264103 0.0279211 0.0293388 0.0306435 0.0318163 0.03284 0.0336995 0.0343819 0.0348768 0.0351768 0.0352773 0.0351768 0.0348768 0.0343819 0.0336995 0.03284 0.0318163 0.0306435 0.0293388 0.0279211 0.0264103 0.0248274 0.0231935 0.0215297 0.0198567 0.018194 0.0165599 0.0149709 0.0134418 0.0119849 0.0106104 0.00932624 0.00813784 0.00704841 0.00605909 0.00516903 0.00437574 0.00367527 0.0030625 0.00253144 0.0020755 0.00168771 0.00136098 0.00108829 0.000862863 0.000678271 0.000528561 0.000408308 0.000312648 0.000237292 0.000178513 0.000133125 9.84399e-05 7.22258e-05 5.26581e-05 3.82711e-05 2.79117e-05 2.06977e-05 1.59817e-05 1.33226e-05 
1.68433e-05 1.79929e-05 2.15528e-05 2.78612e-05 3.75001e-05 5.13224e-05 7.04884e-05 9.65114e-05 0.00013131 0.000177268 0.000237292 0.00031487 0.000414129 0.000539876 0.000697624 0.000893604 0.00113474 0.00142859 0.00178328 0.00220734 0.00270956 0.00329875 0.0039835 0.00477188 0.00567113 0.0066873 0.00782493 0.00908674 0.0104732 0.0119825 0.01361 0.0153484 0.0171874 0.0191139 0.021112 0.0231632 0.0252466 0.0273394 0.0294174 0.0314551 0.0334265 0.0353056 0.0370669 0.0386861 0.0401402 0.0414085 0.0424726 0.0433169 0.043929 0.0443 0.0444243 0.0443 0.043929 0.0433169 0.0424726 0.0414085 0.0401402 0.0386861 0.0370669 0.0353056 0.0334265 0.0314551 0.0294174 0.0273394 0.0252466 0.0231632 0.021112 0.0191139 0.0171874 0.0153484 0.01361 0.0119825 0.0104732 0.00908674 0.00782493 0.0066873 0.00567113 0.00477188 0.0039835 0.00329875 0.00270956 0.00220734 0.00178328 0.00142859 0.00113474 0.000893604 0.000697624 0.000539876 0.000414129 0.00031487 0.000237292 0.000177268 0.00013131 9.65114e-05 7.04884e-05 5.13224e-05 3.75001e-05 2.78612e-05 2.15528e-05 1.79929e-05 
2.25622e-05 2.40884e-05 2.88122e-05 3.71764e-05 4.9942e-05 6.82224e-05 9.35298e-05 0.000127832 0.000173619 0.000233975 0.000312648 0.000414129 0.000543709 0.000707529 0.000912612 0.00116686 0.00147902 0.0018586 0.00231577 0.00286116 0.00350563 0.00426002 0.00513482 0.00613974 0.00728342 0.00857292 0.0100134 0.0116075 0.0133553 0.0152538 0.0172966 0.019474 0.0217728 0.0241761 0.0266639 0.029213 0.0317975 0.0343893 0.0369585 0.0394739 0.0419041 0.0442174 0.0463831 0.0483718 0.0501561 0.051711 0.0530146 0.0540484 0.0547976 0.0552514 0.0554035 0.0552514 0.0547976 0.0540484 0.0530146 0.051711 0.0501561 0.0483718 0.0463831 0.0442174 0.0419041 0.0394739 0.0369585 0.0343893 0.0317975 0.029213 0.0266639 0.0241761 0.0217728 0.019474 0.0172966 0.0152538 0.0133553 0.0116075 0.0100134 0.00857292 0.00728342 0.00613974 0.00513482 0.00426002 0.00350563 0.00286116 0.00231577 0.0018586 0.00147902 0.00116686 0.000912612 0.000707529 0.000543709 0.000414129 0.000312648 0.000233975 0.000173619 0.000127832 9.35298e-05 6.82224e-05 4.9942e-05 3.71764e-05 2.88122e-05 2.40884e-05 
2.99591e-05 3.19674e-05 3.81805e-05 4.91729e-05 6.59304e-05 8.98937e-05 0.000123016 0.000167832 0.000227544 0.000306105 0.000408308 0.000539876 0.000707529 0.000919043 0.00118327 0.00151015 0.0019106 0.00239649 0.0029804 0.00367542 0.00449486 0.0054519 0.00655915 0.00782822 0.0092692 0.0108902 0.0126968 0.0146916 0.0168739 0.019239 0.0217783 0.0244792 0.0273245 0.0302931 0.0333599 0.0364961 0.0396701 0.0428473 0.0459914 0.0490649 0.0520297 0.0548481 0.0574833 0.0599003 0.0620667 0.0639529 0.0655331 0.0667855 0.0676927 0.0682422 0.0684262 0.0682422 0.0676927 0.0667855 0.0655331 0.0639529 0.0620667 0.0599003 0.0574833 0.0548481 0.0520297 0.0490649 0.0459914 0.0428473 0.0396701 0.0364961 0.0333599 0.0302931 0.0273245 0.0244792 0.0217783 0.019239 0.0168739 0.0146916 0.0126968 0.0108902 0.0092692 0.00782822 0.00655915 0.0054519 0.00449486 0.00367542 0.0029804 0.00239649 0.0019106 0.00151015 0.00118327 0.000919043 0.000707529 0.000539876 0.000408308 0.000306105 0.000227544 0.000167832 0.000123016 8.98937e-05 6.59304e-05 4.91729e-05 3.81805e-05 3.19674e-05 
3.94348e-05 4.20542e-05 5.01547e-05 6.44743e-05 8.62792e-05 0.000117416 0.000160385 0.000218423 0.000295609 0.000396964 0.000528561 0.000697624 0.000912612 0.00118327 0.00152067 0.00193715 0.00244627 0.00306263 0.00380166 0.00467932 0.00571174 0.00691473 0.00830331 0.0098911 0.0116898 0.0137084 0.015953 0.0184256 0.0211243 0.0240425 0.0271686 0.030486 0.0339734 0.0376041 0.0413471 0.0451672 0.0490258 0.0528812 0.0566897 0.0604065 0.0639863 0.0673844 0.0705573 0.0734642 0.0760668 0.0783308 0.080226 0.0817271 0.0828139 0.0834719 0.0836923 0.0834719 0.0828139 0.0817271 0.080226 0.0783308 0.0760668 0.0734642 0.0705573 0.0673844 0.0639863 0.0604065 0.0566897 0.0528812 0.0490258 0.0451672 0.0413471 0.0376041 0.0339734 0.030486 0.0271686 0.0240425 0.0211243 0.0184256 0.015953 0.0137084 0.0116898 0.0098911 0.00830331 0.00691473 0.00571174 0.00467932 0.00380166 0.00306263 0.00244627 0.00193715 0.00152067 0.00118327 0.000912612 0.000697624 0.000528561 0.000396964 0.000295609 0.000218423 0.000160385 0.000117416 8.62792e-05 6.44743e-05 5.01547e-05 4.20542e-05 
5.14583e-05 5.4845e-05 6.5314e-05 8.38055e-05 0.000111931 0.000152036 0.000207292 0.000281796 0.000380696 0.000510314 0.000678271 0.000893604 0.00116686 0.00151015 0.00193715 0.00246309 0.00310458 0.00387944 0.0048064 0.00590472 0.00719368 0.00869208 0.0104175 0.0123858 0.0146103 0.0171008 0.0198633 0.0228994 0.0262052 0.0297714 0.0335828 0.0376183 0.0418509 0.0462478 0.050771 0.0553778 0.0600217 0.0646528 0.0692192 0.073668 0.0779458 0.0820003 0.085781 0.0892403 0.0923341 0.0950227 0.0972716 0.0990516 0.10034 0.101119 0.10138 0.101119 0.10034 0.0990516 0.0972716 0.0950227 0.0923341 0.0892403 0.085781 0.0820003 0.0779458 0.073668 0.0692192 0.0646528 0.0600217 0.0553778 0.050771 0.0462478 0.0418509 0.0376183 0.0335828 0.0297714 0.0262052 0.0228994 0.0198633 0.0171008 0.0146103 0.0123858 0.0104175 0.00869208 0.00719368 0.00590472 0.0048064 0.00387944 0.00310458 0.00246309 0.00193715 0.00151015 0.00116686 0.000893604 0.000678271 0.000510314 0.000380696 0.000281796 0.000207292 0.000152036 0.000111931 8.38055e-05 6.5314e-05 5.4845e-05 
6.65699e-05 7.09109e-05 8.43239e-05 0.000107996 0.000143959 0.00019517 0.000265611 0.000360424 0.000486047 0.000650367 0.000862863 0.00113474 0.00147902 0.0019106 0.00244627 0.00310458 0.00390572 0.00487121 0.00602354 0.0073857 0.00898051 0.01083 0.0129547 0.0153725 0.0180982 0.0211426 0.0245112 0.0282043 0.0322157 0.0365326 0.0411354 0.0459973 0.0510848 0.0563577 0.0617701 0.0672707 0.0728039 0.0783109 0.0837307 0.0890013 0.0940608 0.0988486 0.103307 0.10738 0.111019 0.114179 0.116819 0.118907 0.120418 0.121332 0.121638 0.121332 0.120418 0.118907 0.116819 0.114179 0.111019 0.10738 0.103307 0.0988486 0.0940608 0.0890013 0.0837307 0.0783109 0.0728039 0.0672707 0.0617701 0.0563577 0.0510848 0.0459973 0.0411354 0.0365326 0.0322157 0.0282043 0.0245112 0.0211426 0.0180982 0.0153725 0.0129547 0.01083 0.00898051 0.0073857 0.00602354 0.00487121 0.00390572 0.00310458 0.00244627 0.0019106 0.00147902 0.00113474 0.000862863 0.000650367 0.000486047 0.000360424 0.000265611 0.00019517 0.000143959 0.000107996 8.43239e-05 7.09109e-05 
8.53836e-05 9.08999e-05 0.000107937 0.000137982 0.000183573 0.000248401 0.00033743 0.000457051 0.000615246 0.000821765 0.00108829 0.00142859 0.0018586 0.00239649 0.00306263 0.00387944 0.00487121 0.00606367 0.00748357 0.00915801 0.0111137 0.0133763 0.015969 0.0189122 0.022222 0.0259095 0.0299795 0.0344303 0.0392528 0.0444296 0.0499357 0.0557375 0.061794 0.0680565 0.0744698 0.0809731 0.0875009 0.0939842 0.100352 0.106533 0.112456 0.118052 0.123254 0.128002 0.132238 0.135911 0.138978 0.141403 0.143155 0.144215 0.14457 0.144215 0.143155 0.141403 0.138978 0.135911 0.132238 0.128002 0.123254 0.118052 0.112456 0.106533 0.100352 0.0939842 0.0875009 0.0809731 0.0744698 0.0680565 0.061794 0.0557375 0.0499357 0.0444296 0.0392528 0.0344303 0.0299795 0.0259095 0.022222 0.0189122 0.015969 0.0133763 0.0111137 0.00915801 0.00748357 0.00606367 0.00487121 0.00387944 0.00306263 0.00239649 0.0018586 0.00142859 0.00108829 0.000821765 0.000615246 0.000457051 0.00033743 0.000248401 0.000183573 0.000137982 0.000107937 9.08999e-05 
0.000108585 0.000115536 0.000136993 0.0001748 0.000232106 0.000313476 0.00042504 0.000574675 0.00077219 0.00102953 0.00136098 0.00178328 0.00231577 0.0029804 0.00380166 0.0048064 0.00602354 0.00748357 0.00921792 0.0112583 0.0136355 0.016379 0.019515 0.0230659 0.0270489 0.0314751 0.036348 0.0416632 0.0474074 0.053558 0.0600832 0.0669416 0.0740834 0.0814501 0.0889764 0.0965905 0.104216 0.111774 0.119181 0.126357 0.133221 0.139694 0.145703 0.151179 0.156058 0.160284 0.16381 0.166595 0.168607 0.169823 0.17023 0.169823 0.168607 0.166595 0.16381 0.160284 0.156058 0.151179 0.145703 0.139694 0.133221 0.126357 0.119181 0.111774 0.104216 0.0965905 0.0889764 0.0814501 0.0740834 0.0669416 0.0600832 0.053558 0.0474074 0.0416632 0.036348 0.0314751 0.0270489 0.0230659 0.019515 0.016379 0.0136355 0.0112583 0.00921792 0.00748357 0.00602354 0.0048064 0.00380166 0.0029804 0.00231577 0.00178328 0.00136098 0.00102953 0.00077219 0.000574675 0.00042504 0.000313476 0.000232106 0.0001748 0.000136993 0.000115536 
0.000136929 0.000145612 0.000172408 0.000219583 0.000291006 0.000392278 0.000530906 0.000716508 0.000961038 0.00127901 0.00168771 0.00220734 0.00286116 0.00367542 0.00467932 0.00590472 0.0073857 0.00915801 0.0112583 0.013723 0.0165877 0.0198854 0.0236453 0.0278917 0.0326427 0.0379084 0.0436904 0.0499807 0.0567609 0.0640017 0.0716635 0.0796958 0.0880386 0.0966225 0.105371 0.1142 0.123022 0.131745 0.140277 0.148525 0.156399 0.163813 0.170682 0.176933 0.182495 0.187308 0.191318 0.194484 0.196769 0.19815 0.198612 0.19815 0.196769 0.194484 0.191318 0.187308 0.182495 0.176933 0.170682 0.163813 0.156399 0.148525 0.140277 0.131745 0.123022 0.1142 0.105371 0.0966225 0.0880386 0.0796958 0.0716635 0.0640017 0.0567609 0.0499807 0.0436904 0.0379084 0.0326427 0.0278917 0.0236453 0.0198854 0.0165877 0.013723 0.0112583 0.00915801 0.0073857 0.00590472 0.00467932 0.00367542 0.00286116 0.00220734 0.00168771 0.00127901 0.000961038 0.000716508 0.000530906 0.000392278 0.000291006 0.000219583 0.000172408 0.000145612 
0.000171228 0.000181986 0.000215169 0.000273543 0.000361818 0.000486809 0.000657629 0.000885926 0.00118614 0.00157575 0.0020755 0.00270956 0.00350563 0.00449486 0.00571174 0.00719368 0.00898051 0.0111137 0.0136355 0.0165877 0.0200103 0.0239401 0.0284093 0.0334436 0.0390612 0.0452709 0.0520713 0.0594496 0.0673811 0.0758288 0.0847436 0.0940647 0.10372 0.11363 0.123703 0.133844 0.143952 0.153924 0.163655 0.173043 0.181986 0.19039 0.198165 0.205228 0.211504 0.216928 0.221443 0.225003 0.227572 0.229124 0.229643 0.229124 0.227572 0.225003 0.221443 0.216928 0.211504 0.205228 0.198165 0.19039 0.181986 0.173043 0.163655 0.153924 0.143952 0.133844 0.123703 0.11363 0.10372 0.0940647 0.0847436 0.0758288 0.0673811 0.0594496 0.0520713 0.0452709 0.0390612 0.0334436 0.0284093 0.0239401 0.0200103 0.0165877 0.0136355 0.0111137 0.00898051 0.00719368 0.00571174 0.00449486 0.00350563 0.00270956 0.0020755 0.00157575 0.00118614 0.000885926 0.000657629 0.000486809 0.000361818 0.000273543 0.000215169 0.000181986 
0.000212345 0.000225562 0.000266316 0.000337949 0.000446153 0.000599146 0.000807897 0.0010864 0.00145194 0.00192539 0.00253144 0.00329875 0.00426002 0.0054519 0.00691473 0.00869208 0.01083 0.0133763 0.016379 0.0198854 0.0239401 0.0285838 0.033851 0.0397686 0.0463541 0.053614 0.0615428 0.0701218 0.0793187 0.0890871 0.0993672 0.110087 0.121161 0.132495 0.143986 0.155525 0.166998 0.178288 0.18928 0.199861 0.20992 0.219353 0.228065 0.235965 0.242975 0.249025 0.254056 0.25802 0.260878 0.262603 0.26318 0.262603 0.260878 0.25802 0.254056 0.249025 0.242975 0.235965 0.228065 0.219353 0.20992 0.199861 0.18928 0.178288 0.166998 0.155525 0.143986 0.132495 0.121161 0.110087 0.0993672 0.0890871 0.0793187 0.0701218 0.0615428 0.053614 0.0463541 0.0397686 0.033851 0.0285838 0.0239401 0.0198854 0.016379 0.0133763 0.01083 0.00869208 0.00691473 0.0054519 0.00426002 0.00329875 0.00253144 0.00192539 0.00145194 0.0010864 0.000807897 0.000599146 0.000446153 0.000337949 0.000266316 0.000225562 
0.00026117 0.000277276 0.000326918 0.000414104 0.000545652 0.000731392 0.000984419 0.00132139 0.00176286 0.00233351 0.0030625 0.0039835 0.00513482 0.00655915 0.00830331 0.0104175 0.0129547 0.015969 0.019515 0.0236453 0.0284093 0.033851 0.040007 0.0469046 0.0545598 0.0629758 0.0721417 0.0820314 0.0926034 0.103801 0.115551 0.12777 0.140357 0.153204 0.166194 0.179203 0.192103 0.204767 0.217066 0.228877 0.240081 0.250566 0.26023 0.26898 0.276731 0.283412 0.288961 0.293328 0.296476 0.298375 0.29901 0.298375 0.296476 0.293328 0.288961 0.283412 0.276731 0.26898 0.26023 0.250566 0.240081 0.228877 0.217066 0.204767 0.192103 0.179203 0.166194 0.153204 0.140357 0.12777 0.115551 0.103801 0.0926034 0.0820314 0.0721417 0.0629758 0.0545598 0.0469046 0.040007 0.033851 0.0284093 0.0236453 0.019515 0.015969 0.0129547 0.0104175 0.00830331 0.00655915 0.00513482 0.0039835 0.0030625 0.00233351 0.00176286 0.00132139 0.000984419 0.000731392 0.000545652 0.000414104 0.000326918 0.000277276 
0.000318602 0.00033807 0.000398049 0.000503306 0.000661943 0.000885621 0.00118984 0.00159429 0.00212316 0.00280545 0.00367527 0.00477188 0.00613974 0.00782822 0.0098911 0.0123858 0.0153725 0.0189122 0.0230659 0.0278917 0.0334436 0.0397686 0.0469046 0.0548785 0.0637038 0.073379 0.0838864 0.0951912 0.107241 0.119967 0.133283 0.147089 0.161271 0.175705 0.190257 0.204791 0.219164 0.233237 0.246869 0.259929 0.27229 0.283832 0.29445 0.304044 0.31253 0.319834 0.325893 0.330658 0.334088 0.336157 0.336849 0.336157 0.334088 0.330658 0.325893 0.319834 0.31253 0.304044 0.29445 0.283832 0.27229 0.259929 0.246869 0.233237 0.219164 0.204791 0.190257 0.175705 0.161271 0.147089 0.133283 0.119967 0.107241 0.0951912 0.0838864 0.073379 0.0637038 0.0548785 0.0469046 0.0397686 0.0334436 0.0278917 0.0230659 0.0189122 0.0153725 0.0123858 0.0098911 0.00782822 0.00613974 0.00477188 0.00367527 0.00280545 0.00212316 0.00159429 0.00118984 0.000885621 0.000661943 0.000503306 0.000398049 0.00033807 
0.000385521 0.000408865 0.000480753 0.00060681 0.000796587 0.0010638 0.00142667 0.00190825 0.00253679 0.0033461 0.00437574 0.00567113 0.00728342 0.0092692 0.0116898 0.0146103 0.0180982 0.022222 0.0270489 0.0326427 0.0390612 0.0463541 0.0545598 0.0637038 0.0737957 0.0848281 0.096775 0.109591 0.123212 0.137554 0.152517 0.167985 0.183826 0.199902 0.216062 0.232156 0.248027 0.263524 0.278496 0.292804 0.306312 0.318898 0.330451 0.340871 0.350071 0.357977 0.364528 0.369673 0.373375 0.375607 0.376353 0.375607 0.373375 0.369673 0.364528 0.357977 0.350071 0.340871 0.330451 0.318898 0.306312 0.292804 0.278496 0.263524 0.248027 0.232156 0.216062 0.199902 0.183826 0.167985 0.152517 0.137554 0.123212 0.109591 0.096775 0.0848281 0.0737957 0.0637038 0.0545598 0.0463541 0.0390612 0.0326427 0.0270489 0.022222 0.0180982 0.0146103 0.0116898 0.0092692 0.00728342 0.00567113 0.00437574 0.0033461 0.00253679 0.00190825 0.00142667 0.0010638 0.000796587 0.00060681 0.000480753 0.000408865 
0.000462758 0.000490526 0.000576006 0.000725781 0.000951019 0.00126774 0.00169715 0.00226607 0.00300724 0.00395971 0.00516903 0.0066873 0.00857292 0.0108902 0.0137084 0.0171008 0.0211426 0.0259095 0.0314751 0.0379084 0.0452709 0.053614 0.0629758 0.073379 0.0848281 0.0973082 0.110783 0.125196 0.140468 0.1565 0.173176 0.190361 0.207908 0.22566 0.243453 0.261119 0.278491 0.295405 0.311702 0.327233 0.341861 0.355457 0.36791 0.379119 0.388997 0.397473 0.404486 0.409989 0.413944 0.416327 0.417124 0.416327 0.413944 0.409989 0.404486 0.397473 0.388997 0.379119 0.36791 0.355457 0.341861 0.327233 0.311702 0.295405 0.278491 0.261119 0.243453 0.22566 0.207908 0.190361 0.173176 0.1565 0.140468 0.125196 0.110783 0.0973082 0.0848281 0.073379 0.0629758 0.053614 0.0452709 0.0379084 0.0314751 0.0259095 0.0211426 0.0171008 0.0137084 0.0108902 0.00857292 0.0066873 0.00516903 0.00395971 0.00300724 0.00226607 0.00169715 0.00126774 0.000951019 0.000725781 0.000576006 0.000490526 
0.000551056 0.000583828 0.000684674 0.00086124 0.00112648 0.00149895 0.00200318 0.00267007 0.0035373 0.00464963 0.00605909 0.00782493 0.0100134 0.0126968 0.015953 0.0198633 0.0245112 0.0299795 0.036348 0.0436904 0.0520713 0.0615428 0.0721417 0.0838864 0.096775 0.110783 0.125864 0.141945 0.158933 0.176712 0.195147 0.214086 0.233364 0.252806 0.272233 0.291462 0.310314 0.328615 0.346198 0.362908 0.378605 0.393159 0.406458 0.418403 0.428911 0.437911 0.445347 0.451174 0.45536 0.45788 0.458722 0.45788 0.45536 0.451174 0.445347 0.437911 0.428911 0.418403 0.406458 0.393159 0.378605 0.362908 0.346198 0.328615 0.310314 0.291462 0.272233 0.252806 0.233364 0.214086 0.195147 0.176712 0.158933 0.141945 0.125864 0.110783 0.096775 0.0838864 0.0721417 0.0615428 0.0520713 0.0436904 0.036348 0.0299795 0.0245112 0.0198633 0.015953 0.0126968 0.0100134 0.00782493 0.00605909 0.00464963 0.0035373 0.00267007 0.00200318 0.00149895 0.00112648 0.00086124 0.000684674 0.000583828 
0.000651034 0.000689414 0.000807469 0.00101401 0.00132395 0.00175862 0.00234617 0.00312194 0.00412895 0.00541812 0.00704841 0.00908674 0.0116075 0.0146916 0.0184256 0.0228994 0.0282043 0.0344303 0.0416632 0.0499807 0.0594496 0.0701218 0.0820314 0.0951912 0.109591 0.125196 0.141945 0.159751 0.178503 0.198066 0.218288 0.238996 0.260007 0.28113 0.302169 0.322928 0.343216 0.36285 0.381659 0.399483 0.41618 0.431621 0.445695 0.458309 0.469382 0.47885 0.486661 0.492775 0.497161 0.499801 0.500682 0.499801 0.497161 0.492775 0.486661 0.47885 0.469382 0.458309 0.445695 0.431621 0.41618 0.399483 0.381659 0.36285 0.343216 0.322928 0.302169 0.28113 0.260007 0.238996 0.218288 0.198066 0.178503 0.159751 0.141945 0.125196 0.109591 0.0951912 0.0820314 0.0701218 0.0594496 0.0499807 0.0416632 0.0344303 0.0282043 0.0228994 0.0184256 0.0146916 0.0116075 0.00908674 0.00704841 0.00541812 0.00412895 0.00312194 0.00234617 0.00175862 0.00132395 0.00101401 0.000807469 0.000689414 
0.00076315 0.000807753 0.000944897 0.00118466 0.00154409 0.00204751 0.00272696 0.00362261 0.00478318 0.00626614 0.00813784 0.0104732 0.0133553 0.0168739 0.0211243 0.0262052 0.0322157 0.0392528 0.0474074 0.0567609 0.0673811 0.0793187 0.0926034 0.107241 0.123212 0.140468 0.158933 0.178503 0.199048 0.220414 0.242428 0.264898 0.287623 0.310393 0.332998 0.35523 0.376888 0.397782 0.417735 0.436587 0.454196 0.470436 0.485202 0.498403 0.509968 0.519837 0.527966 0.53432 0.538875 0.541615 0.542529 0.541615 0.538875 0.53432 0.527966 0.519837 0.509968 0.498403 0.485202 0.470436 0.454196 0.436587 0.417735 0.397782 0.376888 0.35523 0.332998 0.310393 0.287623 0.264898 0.242428 0.220414 0.199048 0.178503 0.158933 0.140468 0.123212 0.107241 0.0926034 0.0793187 0.0673811 0.0567609 0.0474074 0.0392528 0.0322157 0.0262052 0.0211243 0.0168739 0.0133553 0.0104732 0.00813784 0.00626614 0.00478318 0.00362261 0.00272696 0.00204751 0.00154409 0.00118466 0.000944897 0.000807753 
0.000887657 0.000939101 0.00109722 0.00137346 0.00178714 0.00236582 0.0031457 0.0041721 0.00549976 0.00719311 0.00932624 0.0119825 0.0152538 0.019239 0.0240425 0.0297714 0.0365326 0.0444296 0.053558 0.0640017 0.0758288 0.0890871 0.103801 0.119967 0.137554 0.1565 0.176712 0.198066 0.220414 0.24358 0.26737 0.291573 0.315969 0.340331 0.364436 0.388063 0.411004 0.433062 0.45406 0.473837 0.492255 0.509192 0.524551 0.538249 0.550221 0.560418 0.568803 0.575347 0.580034 0.58285 0.58379 0.58285 0.580034 0.575347 0.568803 0.560418 0.550221 0.538249 0.524551 0.509192 0.492255 0.473837 0.45406 0.433062 0.411004 0.388063 0.364436 0.340331 0.315969 0.291573 0.26737 0.24358 0.220414 0.198066 0.176712 0.1565 0.137554 0.119967 0.103801 0.0890871 0.0758288 0.0640017 0.053558 0.0444296 0.0365326 0.0297714 0.0240425 0.019239 0.0152538 0.0119825 0.00932624 0.00719311 0.00549976 0.0041721 0.0031457 0.00236582 0.00178714 0.00137346 0.00109722 0.000939101 
0.00102457 0.00108346 0.0012644 0.00158029 0.00205289 0.00271318 0.00360178 0.00476941 0.00627719 0.00819681 0.0106104 0.01361 0.0172966 0.0217783 0.0271686 0.0335828 0.0411354 0.0499357 0.0600832 0.0716635 0.0847436 0.0993672 0.115551 0.133283 0.152517 0.173176 0.195147 0.218288 0.242428 0.26737 0.2929 0.318785 0.344787 0.370666 0.396182 0.421107 0.445224 0.468335 0.490262 0.510848 0.529959 0.547481 0.563326 0.57742 0.589709 0.600155 0.608728 0.61541 0.620189 0.623059 0.624016 0.623059 0.620189 0.61541 0.608728 0.600155 0.589709 0.57742 0.563326 0.547481 0.529959 0.510848 0.490262 0.468335 0.445224 0.421107 0.396182 0.370666 0.344787 0.318785 0.2929 0.26737 0.242428 0.218288 0.195147 0.173176 0.152517 0.133283 0.115551 0.0993672 0.0847436 0.0716635 0.0600832 0.0499357 0.0411354 0.0335828 0.0271686 0.0217783 0.0172966 0.01361 0.0106104 0.00819681 0.00627719 0.00476941 0.00360178 0.00271318 0.00205289 0.00158029 0.0012644 0.00108346 
0.00117362 0.00124054 0.00144608 0.00180467 0.00234064 0.00308856 0.00409371 0.00541246 0.00711254 0.0092732 0.0119849 0.0153484 0.019474 0.0244792 0.030486 0.0376183 0.0459973 0.0557375 0.0669416 0.0796958 0.0940647 0.110087 0.12777 0.147089 0.167985 0.190361 0.214086 0.238996 0.264898 0.291573 0.318785 0.346282 0.373808 0.401108 0.42793 0.454038 0.479212 0.503251 0.52598 0.547247 0.566926 0.584913 0.601129 0.615515 0.628028 0.638639 0.647332 0.654096 0.658929 0.661829 0.662795 0.661829 0.658929 0.654096 0.647332 0.638639 0.628028 0.615515 0.601129 0.584913 0.566926 0.547247 0.52598 0.503251 0.479212 0.454038 0.42793 0.401108 0.373808 0.346282 0.318785 0.291573 0.264898 0.238996 0.214086 0.190361 0.167985 0.147089 0.12777 0.110087 0.0940647 0.0796958 0.0669416 0.0557375 0.0459973 0.0376183 0.030486 0.0244792 0.019474 0.0153484 0.0119849 0.0092732 0.00711254 0.00541246 0.00409371 0.00308856 0.00234064 0.00180467 0.00144608 0.00124054 
0.00133426 0.00140975 0.00164153 0.00204564 0.00264909 0.00349021 0.0046191 0.00609796 0.00800141 0.0104164 0.0134418 0.0171874 0.0217728 0.0273245 0.0339734 0.0418509 0.0510848 0.061794 0.0740834 0.0880386 0.10372 0.121161 0.140357 0.161271 0.183826 0.207908 0.233364 0.260007 0.287623 0.315969 0.344787 0.373808 0.402759 0.431368 0.459377 0.486542 0.51264 0.537472 0.560868 0.582682 0.602799 0.621127 0.637599 0.652171 0.664811 0.675506 0.684249 0.691042 0.695889 0.698794 0.699762 0.698794 0.695889 0.691042 0.684249 0.675506 0.664811 0.652171 0.637599 0.621127 0.602799 0.582682 0.560868 0.537472 0.51264 0.486542 0.459377 0.431368 0.402759 0.373808 0.344787 0.315969 0.287623 0.260007 0.233364 0.207908 0.183826 0.161271 0.140357 0.121161 0.10372 0.0880386 0.0740834 0.061794 0.0510848 0.0418509 0.0339734 0.0273245 0.0217728 0.0171874 0.0134418 0.0104164 0.00800141 0.00609796 0.0046191 0.00349021 0.00264909 0.00204564 0.00164153 0.00140975 
0.00150559 0.00159014 0.00184964 0.0023018 0.0029764 0.00391565 0.00517459 0.00682146 0.00893784 0.0116185 0.0149709 0.0191139 0.0241761 0.0302931 0.0376041 0.0462478 0.0563577 0.0680565 0.0814501 0.0966225 0.11363 0.132495 0.153204 0.175705 0.199902 0.22566 0.252806 0.28113 0.310393 0.340331 0.370666 0.401108 0.431368 0.461165 0.49023 0.518316 0.545199 0.570685 0.594608 0.616833 0.637257 0.655802 0.672416 0.687068 0.699744 0.710442 0.719169 0.725938 0.73076 0.733649 0.734611 0.733649 0.73076 0.725938 0.719169 0.710442 0.699744 0.687068 0.672416 0.655802 0.637257 0.616833 0.594608 0.570685 0.545199 0.518316 0.49023 0.461165 0.431368 0.401108 0.370666 0.340331 0.310393 0.28113 0.252806 0.22566 0.199902 0.175705 0.153204 0.132495 0.11363 0.0966225 0.0814501 0.0680565 0.0563577 0.0462478 0.0376041 0.0302931 0.0241761 0.0191139 0.0149709 0.0116185 0.00893784 0.00682146 0.00517459 0.00391565 0.0029764 0.0023018 0.00184964 0.00159014 
0.0016864 0.00178041 0.0020689 0.00257126 0.00332011 0.00436162 0.0057559 0.00757728 0.00991439 0.0128699 0.0165599 0.021112 0.0266639 0.0333599 0.0413471 0.050771 0.0617701 0.0744698 0.0889764 0.105371 0.123703 0.143986 0.166194 0.190257 0.216062 0.243453 0.272233 0.302169 0.332998 0.364436 0.396182 0.42793 0.459377 0.49023 0.520216 0.549082 0.576609 0.602606 0.626917 0.64942 0.670024 0.688666 0.705312 0.719945 0.732568 0.743193 0.751842 0.758537 0.7633 0.766151 0.767099 0.766151 0.7633 0.758537 0.751842 0.743193 0.732568 0.719945 0.705312 0.688666 0.670024 0.64942 0.626917 0.602606 0.576609 0.549082 0.520216 0.49023 0.459377 0.42793 0.396182 0.364436 0.332998 0.302169 0.272233 0.243453 0.216062 0.190257 0.166194 0.143986 0.123703 0.105371 0.0889764 0.0744698 0.0617701 0.050771 0.0413471 0.0333599 0.0266639 0.021112 0.0165599 0.0128699 0.00991439 0.00757728 0.0057559 0.00436162 0.00332011 0.00257126 0.0020689 0.00178041 
0.00187512 0.00197894 0.00229741 0.00285167 0.0036772 0.00482418 0.00635782 0.00835859 0.0109222 0.0141592 0.018194 0.0231632 0.029213 0.0364961 0.0451672 0.0553778 0.0672707 0.0809731 0.0965905 0.1142 0.133844 0.155525 0.179203 0.204791 0.232156 0.261119 0.291462 0.322928 0.35523 0.388063 0.421107 0.454038 0.486542 0.518316 0.549082 0.578589 0.606618 0.632989 0.657555 0.680207 0.70087 0.719498 0.736072 0.750595 0.763084 0.773569 0.782082 0.78866 0.793333 0.796126 0.797055 0.796126 0.793333 0.78866 0.782082 0.773569 0.763084 0.750595 0.736072 0.719498 0.70087 0.680207 0.657555 0.632989 0.606618 0.578589 0.549082 0.518316 0.486542 0.454038 0.421107 0.388063 0.35523 0.322928 0.291462 0.261119 0.232156 0.204791 0.179203 0.155525 0.133844 0.1142 0.0965905 0.0809731 0.0672707 0.0553778 0.0451672 0.0364961 0.029213 0.0231632 0.018194 0.0141592 0.0109222 0.00835859 0.00635782 0.00482418 0.0036772 0.00285167 0.00229741 0.00197894 
0.0020699 0.00218375 0.00253289 0.00314021 0.00404407 0.00529866 0.00697428 0.0091575 0.011951 0.0154732 0.0198567 0.0252466 0.0317975 0.0396701 0.0490258 0.0600217 0.0728039 0.0875009 0.104216 0.123022 0.143952 0.166998 0.192103 0.219164 0.248027 0.278491 0.310314 0.343216 0.376888 0.411004 0.445224 0.479212 0.51264 0.545199 0.576609 0.606618 0.635016 0.661629 0.686324 0.709007 0.729618 0.74813 0.764541 0.778873 0.791158 0.801442 0.809771 0.816193 0.820748 0.823468 0.824372 0.823468 0.820748 0.816193 0.809771 0.801442 0.791158 0.778873 0.764541 0.74813 0.729618 0.709007 0.686324 0.661629 0.635016 0.606618 0.576609 0.545199 0.51264 0.479212 0.445224 0.411004 0.376888 0.343216 0.310314 0.278491 0.248027 0.219164 0.192103 0.166998 0.143952 0.123022 0.104216 0.0875009 0.0728039 0.0600217 0.0490258 0.0396701 0.0317975 0.0252466 0.0198567 0.0154732 0.011951 0.0091575 0.00697428 0.00529866 0.00404407 0.00314021 0.00253289 0.00218375 
0.00226854 0.00239254 0.00277272 0.00343368 0.00441664 0.00577978 0.00759842 0.00996516 0.0129896 0.0167975 0.0215297 0.0273394 0.0343893 0.0428473 0.0528812 0.0646528 0.0783109 0.0939842 0.111774 0.131745 0.153924 0.178288 0.204767 0.233237 0.263524 0.295405 0.328615 0.36285 0.397782 0.433062 0.468335 0.503251 0.537472 0.570685 0.602606 0.632989 0.661629 0.688365 0.713075 0.735683 0.756145 0.774452 0.790622 0.804692 0.816714 0.826747 0.834852 0.841088 0.845503 0.848136 0.849011 0.848136 0.845503 0.841088 0.834852 0.826747 0.816714 0.804692 0.790622 0.774452 0.756145 0.735683 0.713075 0.688365 0.661629 0.632989 0.602606 0.570685 0.537472 0.503251 0.468335 0.433062 0.397782 0.36285 0.328615 0.295405 0.263524 0.233237 0.204767 0.178288 0.153924 0.131745 0.111774 0.0939842 0.0783109 0.0646528 0.0528812 0.0428473 0.0343893 0.0273394 0.0215297 0.0167975 0.0129896 0.00996516 0.00759842 0.00577978 0.00441664 0.00343368 0.00277272 0.00239254 
0.00246861 0.00260276 0.00301395 0.00372849 0.0047904 0.00626175 0.00822277 0.0107719 0.0140254 0.0181165 0.0231935 0.0294174 0.0369585 0.0459914 0.0566897 0.0692192 0.0837307 0.100352 0.119181 0.140277 0.163655 0.18928 0.217066 0.246869 0.278496 0.311702 0.346198 0.381659 0.417735 0.45406 0.490262 0.52598 0.560868 0.594608 0.626917 0.657555 0.686324 0.713075 0.737702 0.760143 0.780374 0.798403 0.814267 0.828021 0.839732 0.849476 0.857326 0.863351 0.86761 0.870147 0.870989 0.870147 0.86761 0.863351 0.857326 0.849476 0.839732 0.828021 0.814267 0.798403 0.780374 0.760143 0.737702 0.713075 0.686324 0.657555 0.626917 0.594608 0.560868 0.52598 0.490262 0.45406 0.417735 0.381659 0.346198 0.311702 0.278496 0.246869 0.217066 0.18928 0.163655 0.140277 0.119181 0.100352 0.0837307 0.0692192 0.0566897 0.0459914 0.0369585 0.0294174 0.0231935 0.0181165 0.0140254 0.0107719 0.00822277 0.00626175 0.0047904 0.00372849 0.00301395 0.00260276 
