7.49719e-06 7.87842e-06 9.04854e-06 1.10876e-05 1.41318e-05 1.83773e-05 2.40854e-05 3.15891e-05 4.13001e-05 5.37167e-05 6.9431e-05 8.91364e-05 0.000113633 0.000143832 0.000180756 0.000225538 0.000279415 0.000343716 0.000419846 0.000509263 0.00061345 0.000733878 0.000871969 0.00102905 0.00120629 0.00140466 0.0016249 0.0018674 0.00213222 0.00241899 0.00272691 0.00305468 0.00340052 0.00376213 0.00413673 0.00452104 0.00491135 0.00530357 0.00569329 0.00607585 0.00644643 0.00680017 0.00713225 0.007438 0.00771301 0.0079532 0.00815498 0.00831525 0.00843155 0.00850207 0.0085257 0.00850207 0.00843155 0.00831525 0.00815498 0.0079532 0.00771301 0.007438 0.00713225 0.00680017 0.00644643 0.00607585 0.00569329 0.00530357 0.00491135 0.00452104 0.00413673 0.00376213 0.00340052 0.00305468 0.00272691 0.00241899 0.00213222 0.0018674 0.0016249 0.00140466 0.00120629 0.00102905 0.000871969 0.000733878 0.00061345 0.000509263 0.000419846 0.000343716 0.000279415 0.000225538 0.000180756 0.000143832 0.000113633 8.91364e-05 6.9431e-05 5.37167e-05 4.13001e-05 3.15891e-05 2.40854e-05 1.83773e-05 1.41318e-05 1.10876e-05 9.04854e-06 7.87842e-06 
7.87842e-06 8.27805e-06 9.50454e-06 1.16415e-05 1.48311e-05 1.92781e-05 2.52552e-05 3.31096e-05 4.32706e-05 5.62574e-05 7.26866e-05 9.32798e-05 0.000118869 0.000150402 0.000188941 0.000235662 0.000291847 0.000358874 0.000438198 0.000531328 0.000639795 0.00076512 0.000908766 0.0010721 0.00125632 0.00146243 0.00169117 0.00194294 0.00221777 0.00251528 0.00283462 0.00317444 0.00353287 0.00390752 0.00429552 0.00469346 0.0050975 0.00550342 0.00590665 0.00630238 0.00668564 0.00705142 0.00739473 0.00771078 0.007995 0.00824322 0.00845172 0.00861732 0.00873748 0.00881033 0.00883474 0.00881033 0.00873748 0.00861732 0.00845172 0.00824322 0.007995 0.00771078 0.00739473 0.00705142 0.00668564 0.00630238 0.00590665 0.00550342 0.0050975 0.00469346 0.00429552 0.00390752 0.00353287 0.00317444 0.00283462 0.00251528 0.00221777 0.00194294 0.00169117 0.00146243 0.00125632 0.0010721 0.000908766 0.00076512 0.000639795 0.000531328 0.000438198 0.000358874 0.000291847 0.000235662 0.000188941 0.000150402 0.000118869 9.32798e-05 7.26866e-05 5.62574e-05 4.32706e-05 3.31096e-05 2.52552e-05 1.92781e-05 1.48311e-05 1.16415e-05 9.50454e-06 8.27805e-06 
9.04854e-06 9.50454e-06 1.09037e-05 1.33406e-05 1.69755e-05 2.20395e-05 2.884e-05 3.77678e-05 4.93056e-05 6.40364e-05 8.26515e-05 0.000105959 0.000134888 0.000170496 0.000213965 0.000266604 0.000329833 0.000405177 0.000494244 0.000598692 0.000720206 0.000860449 0.00102102 0.00120339 0.00140887 0.00163852 0.00189311 0.00217305 0.00247833 0.00280848 0.00316252 0.00353891 0.00393557 0.00434983 0.00477848 0.00521778 0.00566348 0.00611093 0.00655513 0.00699079 0.00741248 0.00781472 0.00819208 0.00853931 0.00885146 0.00912398 0.00935283 0.00953455 0.00966639 0.00974631 0.00977309 0.00974631 0.00966639 0.00953455 0.00935283 0.00912398 0.00885146 0.00853931 0.00819208 0.00781472 0.00741248 0.00699079 0.00655513 0.00611093 0.00566348 0.00521778 0.00477848 0.00434983 0.00393557 0.00353891 0.00316252 0.00280848 0.00247833 0.00217305 0.00189311 0.00163852 0.00140887 0.00120339 0.00102102 0.000860449 0.000720206 0.000598692 0.000494244 0.000405177 0.000329833 0.000266604 0.000213965 0.000170496 0.000134888 0.000105959 8.26515e-05 6.40364e-05 4.93056e-05 3.77678e-05 2.884e-05 2.20395e-05 1.69755e-05 1.33406e-05 1.09037e-05 9.50454e-06 
1.10876e-05 1.16415e-05 1.33406e-05 1.62979e-05 2.07056e-05 2.684e-05 3.5068e-05 4.58559e-05 5.97784e-05 7.7528e-05 9.99246e-05 0.000127924 0.000162624 0.000205268 0.000257246 0.000320089 0.000395458 0.000485127 0.000590961 0.000714879 0.00085882 0.00102469 0.00121431 0.00142935 0.00167127 0.00194125 0.00224012 0.00256827 0.00292563 0.00331158 0.00372489 0.00416373 0.00462562 0.00510742 0.00560539 0.00611514 0.00663179 0.00714994 0.00766383 0.00816741 0.00865443 0.00911864 0.00955384 0.00995405 0.0103136 0.0106274 0.0108908 0.0110999 0.0112515 0.0113435 0.0113743 0.0113435 0.0112515 0.0110999 0.0108908 0.0106274 0.0103136 0.00995405 0.00955384 0.00911864 0.00865443 0.00816741 0.00766383 0.00714994 0.00663179 0.00611514 0.00560539 0.00510742 0.00462562 0.00416373 0.00372489 0.00331158 0.00292563 0.00256827 0.00224012 0.00194125 0.00167127 0.00142935 0.00121431 0.00102469 0.00085882 0.000714879 0.000590961 0.000485127 0.000395458 0.000320089 0.000257246 0.000205268 0.000162624 0.000127924 9.99246e-05 7.7528e-05 5.97784e-05 4.58559e-05 3.5068e-05 2.684e-05 2.07056e-05 1.62979e-05 1.33406e-05 1.16415e-05 
1.41318e-05 1.48311e-05 1.69755e-05 2.07056e-05 2.62602e-05 3.3982e-05 4.43259e-05 5.78687e-05 7.53202e-05 9.75336e-05 0.000125517 0.000160442 0.000203652 0.000256664 0.000321168 0.00039902 0.000492227 0.000602926 0.000733352 0.0008858 0.00106257 0.00126592 0.00149799 0.00176072 0.0020558 0.00238455 0.00274788 0.00314617 0.00357922 0.00404617 0.00454548 0.00507486 0.00563123 0.0062108 0.006809 0.0074206 0.0080397 0.00865989 0.00927431 0.00987579 0.0104569 0.0110104 0.0115288 0.0120053 0.0124331 0.0128062 0.0131192 0.0133676 0.0135477 0.0136569 0.0136935 0.0136569 0.0135477 0.0133676 0.0131192 0.0128062 0.0124331 0.0120053 0.0115288 0.0110104 0.0104569 0.00987579 0.00927431 0.00865989 0.0080397 0.0074206 0.006809 0.0062108 0.00563123 0.00507486 0.00454548 0.00404617 0.00357922 0.00314617 0.00274788 0.00238455 0.0020558 0.00176072 0.00149799 0.00126592 0.00106257 0.0008858 0.000733352 0.000602926 0.000492227 0.00039902 0.000321168 0.000256664 0.000203652 0.000160442 0.000125517 9.75336e-05 7.53202e-05 5.78687e-05 4.43259e-05 3.3982e-05 2.62602e-05 2.07056e-05 1.69755e-05 1.48311e-05 
1.83773e-05 1.92781e-05 2.20395e-05 2.684e-05 3.3982e-05 4.38995e-05 5.71676e-05 7.45144e-05 9.68337e-05 0.000125198 0.000160872 0.00020532 0.000260218 0.000327454 0.000409122 0.000507516 0.00062511 0.000764525 0.000928493 0.00111981 0.00134125 0.00159554 0.00188523 0.00221263 0.0025797 0.00298795 0.00343838 0.00393132 0.00446641 0.00504246 0.00565746 0.00630848 0.0069917 0.00770236 0.00843487 0.00918276 0.00993888 0.0106954 0.0114441 0.0121761 0.0128828 0.0135551 0.0141844 0.0147623 0.0152808 0.0157327 0.0161118 0.0164124 0.0166304 0.0167624 0.0168067 0.0167624 0.0166304 0.0164124 0.0161118 0.0157327 0.0152808 0.0147623 0.0141844 0.0135551 0.0128828 0.0121761 0.0114441 0.0106954 0.00993888 0.00918276 0.00843487 0.00770236 0.0069917 0.00630848 0.00565746 0.00504246 0.00446641 0.00393132 0.00343838 0.00298795 0.0025797 0.00221263 0.00188523 0.00159554 0.00134125 0.00111981 0.000928493 0.000764525 0.00062511 0.000507516 0.000409122 0.000327454 0.000260218 0.00020532 0.000160872 0.000125198 9.68337e-05 7.45144e-05 5.71676e-05 4.38995e-05 3.3982e-05 2.684e-05 2.20395e-05 1.92781e-05 
2.40854e-05 2.52552e-05 2.884e-05 3.5068e-05 4.43259e-05 5.71676e-05 7.43264e-05 9.6729e-05 0.000125511 0.000162031 0.000207888 0.000264932 0.000335268 0.000421266 0.000525544 0.000650964 0.000800595 0.000977683 0.0011856 0.00142776 0.00170757 0.00202832 0.00239308 0.00280461 0.00326521 0.00377661 0.00433989 0.0049553 0.00562224 0.00633908 0.00710318 0.00791079 0.00875707 0.00963608 0.0105408 0.0114633 0.0123948 0.0133257 0.0142457 0.0151444 0.0160111 0.0168349 0.0176053 0.0183122 0.018946 0.0194982 0.0199611 0.0203281 0.020594 0.0207552 0.0208091 0.0207552 0.020594 0.0203281 0.0199611 0.0194982 0.018946 0.0183122 0.0176053 0.0168349 0.0160111 0.0151444 0.0142457 0.0133257 0.0123948 0.0114633 0.0105408 0.00963608 0.00875707 0.00791079 0.00710318 0.00633908 0.00562224 0.0049553 0.00433989 0.00377661 0.00326521 0.00280461 0.00239308 0.00202832 0.00170757 0.00142776 0.0011856 0.000977683 0.000800595 0.000650964 0.000525544 0.000421266 0.000335268 0.000264932 0.000207888 0.000162031 0.000125511 9.6729e-05 7.43264e-05 5.71676e-05 4.43259e-05 3.5068e-05 2.884e-05 2.52552e-05 
3.15891e-05 3.31096e-05 3.77678e-05 4.58559e-05 5.78687e-05 7.45144e-05 9.6729e-05 0.000125693 0.000162851 0.000209929 0.000268952 0.000342253 0.00043249 0.000542635 0.000675971 0.000836068 0.00102675 0.00125203 0.00151607 0.00182307 0.0021772 0.00258243 0.00304249 0.00356063 0.00413956 0.00478128 0.00548689 0.00625656 0.00708929 0.0079829 0.00893394 0.00993759 0.0109877 0.0120769 0.0131964 0.0143364 0.0154859 0.0166333 0.017766 0.0188713 0.0199361 0.0209472 0.0218921 0.0227583 0.0235346 0.0242104 0.0247766 0.0252254 0.0255505 0.0257475 0.0258134 0.0257475 0.0255505 0.0252254 0.0247766 0.0242104 0.0235346 0.0227583 0.0218921 0.0209472 0.0199361 0.0188713 0.017766 0.0166333 0.0154859 0.0143364 0.0131964 0.0120769 0.0109877 0.00993759 0.00893394 0.0079829 0.00708929 0.00625656 0.00548689 0.00478128 0.00413956 0.00356063 0.00304249 0.00258243 0.0021772 0.00182307 0.00151607 0.00125203 0.00102675 0.000836068 0.000675971 0.000542635 0.00043249 0.000342253 0.000268952 0.000209929 0.000162851 0.000125693 9.6729e-05 7.45144e-05 5.78687e-05 4.58559e-05 3.77678e-05 3.31096e-05 
4.13001e-05 4.32706e-05 4.93056e-05 5.97784e-05 7.53202e-05 9.68337e-05 0.000125511 0.000162851 0.000210689 0.000271206 0.000346962 0.000440898 0.00055635 0.000697044 0.000867081 0.0010709 0.00131326 0.0015991 0.00193356 0.00232178 0.00276882 0.00327951 0.0038583 0.00450906 0.00523494 0.00603819 0.00691996 0.00788018 0.0089174 0.0100287 0.0112095 0.0124538 0.0137537 0.0151 0.0164819 0.0178872 0.0193024 0.0207131 0.0221044 0.0234604 0.0247653 0.0260034 0.0271592 0.0282182 0.0291664 0.0299915 0.0306825 0.0312299 0.0316263 0.0318664 0.0319468 0.0318664 0.0316263 0.0312299 0.0306825 0.0299915 0.0291664 0.0282182 0.0271592 0.0260034 0.0247653 0.0234604 0.0221044 0.0207131 0.0193024 0.0178872 0.0164819 0.0151 0.0137537 0.0124538 0.0112095 0.0100287 0.0089174 0.00788018 0.00691996 0.00603819 0.00523494 0.00450906 0.0038583 0.00327951 0.00276882 0.00232178 0.00193356 0.0015991 0.00131326 0.0010709 0.000867081 0.000697044 0.00055635 0.000440898 0.000346962 0.000271206 0.000210689 0.000162851 0.000125511 9.68337e-05 7.53202e-05 5.97784e-05 4.93056e-05 4.32706e-05 
5.37167e-05 5.62574e-05 6.40364e-05 7.7528e-05 9.75336e-05 0.000125198 0.000162031 0.000209929 0.000271206 0.000348614 0.000445364 0.000565146 0.000712131 0.000890962 0.00110674 0.00136496 0.00167148 0.00203241 0.002454 0.00294254 0.00350413 0.0041446 0.00486924 0.0056826 0.00658832 0.00758889 0.00868544 0.00987758 0.0111632 0.0125385 0.0139975 0.0155325 0.0171338 0.0187898 0.0204871 0.0222108 0.0239445 0.0256705 0.0273707 0.029026 0.0306172 0.0321256 0.0335325 0.0348204 0.035973 0.0369752 0.037814 0.0384784 0.0389593 0.0392505 0.039348 0.0392505 0.0389593 0.0384784 0.037814 0.0369752 0.035973 0.0348204 0.0335325 0.0321256 0.0306172 0.029026 0.0273707 0.0256705 0.0239445 0.0222108 0.0204871 0.0187898 0.0171338 0.0155325 0.0139975 0.0125385 0.0111632 0.00987758 0.00868544 0.00758889 0.00658832 0.0056826 0.00486924 0.0041446 0.00350413 0.00294254 0.002454 0.00203241 0.00167148 0.00136496 0.00110674 0.000890962 0.000712131 0.000565146 0.000445364 0.000348614 0.000271206 0.000209929 0.000162031 0.000125198 9.75336e-05 7.7528e-05 6.40364e-05 5.62574e-05 
6.9431e-05 7.26866e-05 8.26515e-05 9.99246e-05 0.000125517 0.000160872 0.000207888 0.000268952 0.000346962 0.000445364 0.000568169 0.000719973 0.000905956 0.00113187 0.00140401 0.00172915 0.00211446 0.0025674 0.00309558 0.00370658 0.00440776 0.00520605 0.0061077 0.00711803 0.00824117 0.00947983 0.010835 0.0123059 0.0138895 0.0155808 0.0173722 0.019254 0.0212141 0.0232381 0.0253097 0.0274105 0.0295207 0.031619 0.0336833 0.0356908 0.0376187 0.0394443 0.0411456 0.0427018 0.0440935 0.0453029 0.0463145 0.0471154 0.0476951 0.048046 0.0481634 0.048046 0.0476951 0.0471154 0.0463145 0.0453029 0.0440935 0.0427018 0.0411456 0.0394443 0.0376187 0.0356908 0.0336833 0.031619 0.0295207 0.0274105 0.0253097 0.0232381 0.0212141 0.019254 0.0173722 0.0155808 0.0138895 0.0123059 0.010835 0.00947983 0.00824117 0.00711803 0.0061077 0.00520605 0.00440776 0.00370658 0.00309558 0.0025674 0.00211446 0.00172915 0.00140401 0.00113187 0.000905956 0.000719973 0.000568169 0.000445364 0.000346962 0.000268952 0.000207888 0.000160872 0.000125517 9.99246e-05 8.26515e-05 7.26866e-05 
8.91364e-05 9.32798e-05 0.000105959 0.000127924 0.000160442 0.00020532 0.000264932 0.000342253 0.000440898 0.000565146 0.000719973 0.000911063 0.00114481 0.00142828 0.00176919 0.00217582 0.00265689 0.00322145 0.00387866 0.00463762 0.00550712 0.00649533 0.00760955 0.00885593 0.0102391 0.0117619 0.0134251 0.0152273 0.0171644 0.0192297 0.0214138 0.0237044 0.0260866 0.0285429 0.0310531 0.0335952 0.0361451 0.0386774 0.0411655 0.0435825 0.045901 0.0480944 0.0501366 0.052003 0.0536709 0.0551194 0.0563304 0.0572887 0.0579821 0.0584017 0.0585422 0.0584017 0.0579821 0.0572887 0.0563304 0.0551194 0.0536709 0.052003 0.0501366 0.0480944 0.045901 0.0435825 0.0411655 0.0386774 0.0361451 0.0335952 0.0310531 0.0285429 0.0260866 0.0237044 0.0214138 0.0192297 0.0171644 0.0152273 0.0134251 0.0117619 0.0102391 0.00885593 0.00760955 0.00649533 0.00550712 0.00463762 0.00387866 0.00322145 0.00265689 0.00217582 0.00176919 0.00142828 0.00114481 0.000911063 0.000719973 0.000565146 0.000440898 0.000342253 0.000264932 0.00020532 0.000160442 0.000127924 0.000105959 9.32798e-05 
0.000113633 0.000118869 0.000134888 0.000162624 0.000203652 0.000260218 0.000335268 0.00043249 0.00055635 0.000712131 0.000905956 0.00114481 0.0014365 0.00178968 0.00221372 0.00271866 0.00331504 0.00401372 0.00482566 0.0057617 0.00683218 0.0080467 0.0094137 0.0109402 0.0126312 0.0144897 0.016516 0.0187079 0.0210599 0.0235633 0.0262063 0.0289737 0.0318472 0.0348054 0.0378241 0.0408766 0.0439343 0.0469668 0.0499427 0.05283 0.0555966 0.0582111 0.0606432 0.062864 0.064847 0.0665682 0.0680063 0.0691438 0.0699666 0.0704644 0.070631 0.0704644 0.0699666 0.0691438 0.0680063 0.0665682 0.064847 0.062864 0.0606432 0.0582111 0.0555966 0.05283 0.0499427 0.0469668 0.0439343 0.0408766 0.0378241 0.0348054 0.0318472 0.0289737 0.0262063 0.0235633 0.0210599 0.0187079 0.016516 0.0144897 0.0126312 0.0109402 0.0094137 0.0080467 0.00683218 0.0057617 0.00482566 0.00401372 0.00331504 0.00271866 0.00221372 0.00178968 0.0014365 0.00114481 0.000905956 0.000712131 0.00055635 0.00043249 0.000335268 0.000260218 0.000203652 0.000162624 0.000134888 0.000118869 
0.000143832 0.000150402 0.000170496 0.000205268 0.000256664 0.000327454 0.000421266 0.000542635 0.000697044 0.000890962 0.00113187 0.00142828 0.00178968 0.00222654 0.00275019 0.00337268 0.00410665 0.00496503 0.00596084 0.00710683 0.00841512 0.00989681 0.0115616 0.0134172 0.0154692 0.0177205 0.0201708 0.0228165 0.0256506 0.0286619 0.0318358 0.0351536 0.0385929 0.042128 0.0457298 0.0493665 0.0530041 0.0566069 0.0601377 0.0635591 0.0668339 0.0699253 0.0727981 0.0754191 0.0777575 0.0797858 0.0814796 0.0828188 0.083787 0.0843727 0.0845687 0.0843727 0.083787 0.0828188 0.0814796 0.0797858 0.0777575 0.0754191 0.0727981 0.0699253 0.0668339 0.0635591 0.0601377 0.0566069 0.0530041 0.0493665 0.0457298 0.042128 0.0385929 0.0351536 0.0318358 0.0286619 0.0256506 0.0228165 0.0201708 0.0177205 0.0154692 0.0134172 0.0115616 0.00989681 0.00841512 0.00710683 0.00596084 0.00496503 0.00410665 0.00337268 0.00275019 0.00222654 0.00178968 0.00142828 0.00113187 0.000890962 0.000697044 0.000542635 0.000421266 0.000327454 0.000256664 0.000205268 0.000170496 0.000150402 
0.000180756 0.000188941 0.000213965 0.000257246 0.000321168 0.000409122 0.000525544 0.000675971 0.000867081 0.00110674 0.00140401 0.00176919 0.00221372 0.00275019 0.00339215 0.00415399 0.0050507 0.0060976 0.00730996 0.00870269 0.0102898 0.0120841 0.0140964 0.0163354 0.0188068 0.0215134 0.0244538 0.0276232 0.031012 0.0346066 0.0383885 0.0423352 0.0464196 0.0506109 0.0548744 0.0591727 0.0634657 0.0677114 0.0718668 0.0758883 0.0797327 0.0833579 0.0867234 0.089791 0.0925258 0.094896 0.0968743 0.0984375 0.0995674 0.100251 0.100479 0.100251 0.0995674 0.0984375 0.0968743 0.094896 0.0925258 0.089791 0.0867234 0.0833579 0.0797327 0.0758883 0.0718668 0.0677114 0.0634657 0.0591727 0.0548744 0.0506109 0.0464196 0.0423352 0.0383885 0.0346066 0.031012 0.0276232 0.0244538 0.0215134 0.0188068 0.0163354 0.0140964 0.0120841 0.0102898 0.00870269 0.00730996 0.0060976 0.0050507 0.00415399 0.00339215 0.00275019 0.00221372 0.00176919 0.00140401 0.00110674 0.000867081 0.000675971 0.000525544 0.000409122 0.000321168 0.000257246 0.000213965 0.000188941 
0.000225538 0.000235662 0.000266604 0.000320089 0.00039902 0.000507516 0.000650964 0.000836068 0.0010709 0.00136496 0.00172915 0.00217582 0.00271866 0.00337268 0.00415399 0.0050796 0.00616719 0.00743468 0.0088999 0.0105801 0.0124913 0.014648 0.0170624 0.0197437 0.0226981 0.0259274 0.0294295 0.0331972 0.0372185 0.0414762 0.0459479 0.0506061 0.0554187 0.0603487 0.0653556 0.0703953 0.075421 0.0803841 0.0852348 0.089923 0.0943992 0.0986153 0.102525 0.106086 0.109257 0.112004 0.114295 0.116104 0.117412 0.118202 0.118467 0.118202 0.117412 0.116104 0.114295 0.112004 0.109257 0.106086 0.102525 0.0986153 0.0943992 0.089923 0.0852348 0.0803841 0.075421 0.0703953 0.0653556 0.0603487 0.0554187 0.0506061 0.0459479 0.0414762 0.0372185 0.0331972 0.0294295 0.0259274 0.0226981 0.0197437 0.0170624 0.014648 0.0124913 0.0105801 0.0088999 0.00743468 0.00616719 0.0050796 0.00415399 0.00337268 0.00271866 0.00217582 0.00172915 0.00136496 0.0010709 0.000836068 0.000650964 0.000507516 0.00039902 0.000320089 0.000266604 0.000235662 
0.000279415 0.000291847 0.000329833 0.000395458 0.000492227 0.00062511 0.000800595 0.00102675 0.00131326 0.00167148 0.00211446 0.00265689 0.00331504 0.00410665 0.0050507 0.00616719 0.00747673 0.00900018 0.0107581 0.0127703 0.0150549 0.0176282 0.0205036 0.023691 0.0271962 0.0310206 0.03516 0.0396052 0.0443407 0.0493453 0.0545918 0.0600473 0.0656735 0.0714272 0.0772606 0.0831225 0.0889589 0.0947139 0.10033 0.105751 0.11092 0.115783 0.120288 0.124386 0.128033 0.131189 0.13382 0.135897 0.137397 0.138303 0.138607 0.138303 0.137397 0.135897 0.13382 0.131189 0.128033 0.124386 0.120288 0.115783 0.11092 0.105751 0.10033 0.0947139 0.0889589 0.0831225 0.0772606 0.0714272 0.0656735 0.0600473 0.0545918 0.0493453 0.0443407 0.0396052 0.03516 0.0310206 0.0271962 0.023691 0.0205036 0.0176282 0.0150549 0.0127703 0.0107581 0.00900018 0.00747673 0.00616719 0.0050507 0.00410665 0.00331504 0.00265689 0.00211446 0.00167148 0.00131326 0.00102675 0.000800595 0.00062511 0.000492227 0.000395458 0.000329833 0.000291847 
0.000343716 0.000358874 0.000405177 0.000485127 0.000602926 0.000764525 0.000977683 0.00125203 0.0015991 0.00203241 0.0025674 0.00322145 0.00401372 0.00496503 0.0060976 0.00743468 0.00900018 0.0108181 0.012912 0.0153043 0.0180155 0.0210636 0.0244629 0.028224 0.0323522 0.0368475 0.0417039 0.046909 0.0524434 0.0582813 0.0643899 0.07073 0.0772566 0.083919 0.090662 0.0974266 0.104151 0.11077 0.117221 0.123438 0.129359 0.134921 0.140068 0.144746 0.148905 0.152501 0.155497 0.157861 0.159567 0.160598 0.160943 0.160598 0.159567 0.157861 0.155497 0.152501 0.148905 0.144746 0.140068 0.134921 0.129359 0.123438 0.117221 0.11077 0.104151 0.0974266 0.090662 0.083919 0.0772566 0.07073 0.0643899 0.0582813 0.0524434 0.046909 0.0417039 0.0368475 0.0323522 0.028224 0.0244629 0.0210636 0.0180155 0.0153043 0.012912 0.0108181 0.00900018 0.00743468 0.0060976 0.00496503 0.00401372 0.00322145 0.0025674 0.00203241 0.0015991 0.00125203 0.000977683 0.000764525 0.000602926 0.000485127 0.000405177 0.000358874 
0.000419846 0.000438198 0.000494244 0.000590961 0.000733352 0.000928493 0.0011856 0.00151607 0.00193356 0.002454 0.00309558 0.00387866 0.00482566 0.00596084 0.00730996 0.0088999 0.0107581 0.012912 0.0153884 0.0182123 0.0214066 0.0249909 0.0289807 0.0333864 0.0382127 0.043458 0.0491136 0.0551632 0.0615832 0.0683419 0.0754004 0.0827126 0.0902256 0.0978808 0.105615 0.11336 0.121045 0.128599 0.135949 0.143022 0.149748 0.156059 0.161892 0.167187 0.171891 0.175955 0.179338 0.182005 0.18393 0.185092 0.185481 0.185092 0.18393 0.182005 0.179338 0.175955 0.171891 0.167187 0.161892 0.156059 0.149748 0.143022 0.135949 0.128599 0.121045 0.11336 0.105615 0.0978808 0.0902256 0.0827126 0.0754004 0.0683419 0.0615832 0.0551632 0.0491136 0.043458 0.0382127 0.0333864 0.0289807 0.0249909 0.0214066 0.0182123 0.0153884 0.012912 0.0107581 0.0088999 0.00730996 0.00596084 0.00482566 0.00387866 0.00309558 0.002454 0.00193356 0.00151607 0.0011856 0.000928493 0.000733352 0.000590961 0.000494244 0.000438198 
0.000509263 0.000531328 0.000598692 0.000714879 0.0008858 0.00111981 0.00142776 0.00182307 0.00232178 0.00294254 0.00370658 0.00463762 0.0057617 0.00710683 0.00870269 0.0105801 0.0127703 0.0153043 0.0182123 0.0215221 0.025259 0.0294439 0.0340932 0.039217 0.0448189 0.050895 0.0574332 0.064413 0.0718052 0.0795721 0.0876674 0.0960371 0.10462 0.113349 0.122151 0.13095 0.139666 0.148218 0.156526 0.164508 0.172088 0.179191 0.185748 0.191693 0.196969 0.201523 0.205311 0.208296 0.210449 0.21175 0.212184 0.21175 0.210449 0.208296 0.205311 0.201523 0.196969 0.191693 0.185748 0.179191 0.172088 0.164508 0.156526 0.148218 0.139666 0.13095 0.122151 0.113349 0.10462 0.0960371 0.0876674 0.0795721 0.0718052 0.064413 0.0574332 0.050895 0.0448189 0.039217 0.0340932 0.0294439 0.025259 0.0215221 0.0182123 0.0153043 0.0127703 0.0105801 0.00870269 0.00710683 0.0057617 0.00463762 0.00370658 0.00294254 0.00232178 0.00182307 0.00142776 0.00111981 0.0008858 0.000714879 0.000598692 0.000531328 
0.00061345 0.000639795 0.000720206 0.00085882 0.00106257 0.00134125 0.00170757 0.0021772 0.00276882 0.00350413 0.00440776 0.00550712 0.00683218 0.00841512 0.0102898 0.0124913 0.0150549 0.0180155 0.0214066 0.025259 0.0295999 0.0344519 0.0398315 0.0457483 0.0522043 0.0591925 0.0666968 0.0746917 0.0831416 0.0920016 0.101218 0.110727 0.120459 0.130338 0.14028 0.1502 0.160008 0.169616 0.178932 0.18787 0.196345 0.204275 0.211585 0.218206 0.224075 0.229137 0.233344 0.236657 0.239046 0.240488 0.24097 0.240488 0.239046 0.236657 0.233344 0.229137 0.224075 0.218206 0.211585 0.204275 0.196345 0.18787 0.178932 0.169616 0.160008 0.1502 0.14028 0.130338 0.120459 0.110727 0.101218 0.0920016 0.0831416 0.0746917 0.0666968 0.0591925 0.0522043 0.0457483 0.0398315 0.0344519 0.0295999 0.025259 0.0214066 0.0180155 0.0150549 0.0124913 0.0102898 0.00841512 0.00683218 0.00550712 0.00440776 0.00350413 0.00276882 0.0021772 0.00170757 0.00134125 0.00106257 0.00085882 0.000720206 0.000639795 
0.000733878 0.00076512 0.000860449 0.00102469 0.00126592 0.00159554 0.00202832 0.00258243 0.00327951 0.0041446 0.00520605 0.00649533 0.0080467 0.00989681 0.0120841 0.014648 0.0176282 0.0210636 0.0249909 0.0294439 0.0344519 0.0400383 0.0462198 0.0530049 0.060393 0.0683737 0.0769261 0.0860186 0.0956085 0.105643 0.116059 0.126784 0.137739 0.148835 0.159981 0.17108 0.182034 0.192744 0.203112 0.213042 0.222442 0.231226 0.239312 0.246627 0.253103 0.258684 0.263318 0.266966 0.269594 0.27118 0.27171 0.27118 0.269594 0.266966 0.263318 0.258684 0.253103 0.246627 0.239312 0.231226 0.222442 0.213042 0.203112 0.192744 0.182034 0.17108 0.159981 0.148835 0.137739 0.126784 0.116059 0.105643 0.0956085 0.0860186 0.0769261 0.0683737 0.060393 0.0530049 0.0462198 0.0400383 0.0344519 0.0294439 0.0249909 0.0210636 0.0176282 0.014648 0.0120841 0.00989681 0.0080467 0.00649533 0.00520605 0.0041446 0.00327951 0.00258243 0.00202832 0.00159554 0.00126592 0.00102469 0.000860449 0.00076512 
0.000871969 0.000908766 0.00102102 0.00121431 0.00149799 0.00188523 0.00239308 0.00304249 0.0038583 0.00486924 0.0061077 0.00760955 0.0094137 0.0115616 0.0140964 0.0170624 0.0205036 0.0244629 0.0289807 0.0340932 0.0398315 0.0462198 0.0532743 0.0610017 0.0693985 0.0784498 0.0881289 0.0983974 0.109205 0.120489 0.132177 0.144187 0.156428 0.168802 0.181205 0.193532 0.205675 0.217524 0.228974 0.239922 0.250268 0.259921 0.268795 0.276812 0.283903 0.290006 0.29507 0.299053 0.301921 0.303652 0.30423 0.303652 0.301921 0.299053 0.29507 0.290006 0.283903 0.276812 0.268795 0.259921 0.250268 0.239922 0.228974 0.217524 0.205675 0.193532 0.181205 0.168802 0.156428 0.144187 0.132177 0.120489 0.109205 0.0983974 0.0881289 0.0784498 0.0693985 0.0610017 0.0532743 0.0462198 0.0398315 0.0340932 0.0289807 0.0244629 0.0205036 0.0170624 0.0140964 0.0115616 0.0094137 0.00760955 0.0061077 0.00486924 0.0038583 0.00304249 0.00239308 0.00188523 0.00149799 0.00121431 0.00102102 0.000908766 
0.00102905 0.0010721 0.00120339 0.00142935 0.00176072 0.00221263 0.00280461 0.00356063 0.00450906 0.0056826 0.00711803 0.00885593 0.0109402 0.0134172 0.0163354 0.0197437 0.023691 0.028224 0.0333864 0.039217 0.0457483 0.0530049 0.0610017 0.0697432 0.0792219 0.0894177 0.100297 0.111815 0.12391 0.136512 0.149536 0.16289 0.176471 0.190171 0.203875 0.217466 0.230826 0.243839 0.25639 0.268368 0.27967 0.290197 0.29986 0.308579 0.31628 0.322903 0.328392 0.332707 0.335813 0.337685 0.338311 0.337685 0.335813 0.332707 0.328392 0.322903 0.31628 0.308579 0.29986 0.290197 0.27967 0.268368 0.25639 0.243839 0.230826 0.217466 0.203875 0.190171 0.176471 0.16289 0.149536 0.136512 0.12391 0.111815 0.100297 0.0894177 0.0792219 0.0697432 0.0610017 0.0530049 0.0457483 0.039217 0.0333864 0.028224 0.023691 0.0197437 0.0163354 0.0134172 0.0109402 0.00885593 0.00711803 0.0056826 0.00450906 0.00356063 0.00280461 0.00221263 0.00176072 0.00142935 0.00120339 0.0010721 
0.00120629 0.00125632 0.00140887 0.00167127 0.0020558 0.0025797 0.00326521 0.00413956 0.00523494 0.00658832 0.00824117 0.0102391 0.0126312 0.0154692 0.0188068 0.0226981 0.0271962 0.0323522 0.0382127 0.0448189 0.0522043 0.060393 0.0693985 0.0792219 0.0898511 0.10126 0.113408 0.126239 0.139684 0.153661 0.168076 0.182822 0.197785 0.212847 0.22788 0.242758 0.257354 0.271541 0.285197 0.298206 0.310459 0.321853 0.332296 0.341705 0.350006 0.357135 0.36304 0.367677 0.371013 0.373024 0.373696 0.373024 0.371013 0.367677 0.36304 0.357135 0.350006 0.341705 0.332296 0.321853 0.310459 0.298206 0.285197 0.271541 0.257354 0.242758 0.22788 0.212847 0.197785 0.182822 0.168076 0.153661 0.139684 0.126239 0.113408 0.10126 0.0898511 0.0792219 0.0693985 0.060393 0.0522043 0.0448189 0.0382127 0.0323522 0.0271962 0.0226981 0.0188068 0.0154692 0.0126312 0.0102391 0.00824117 0.00658832 0.00523494 0.00413956 0.00326521 0.0025797 0.0020558 0.00167127 0.00140887 0.00125632 
0.00140466 0.00146243 0.00163852 0.00194125 0.00238455 0.00298795 0.00377661 0.00478128 0.00603819 0.00758889 0.00947983 0.0117619 0.0144897 0.0177205 0.0215134 0.0259274 0.0310206 0.0368475 0.043458 0.050895 0.0591925 0.0683737 0.0784498 0.0894177 0.10126 0.113943 0.127418 0.141619 0.156467 0.171867 0.187712 0.203886 0.220261 0.236706 0.253085 0.269258 0.285091 0.300448 0.315201 0.329227 0.342414 0.354656 0.365857 0.375935 0.384814 0.392431 0.398734 0.403679 0.407235 0.409377 0.410093 0.409377 0.407235 0.403679 0.398734 0.392431 0.384814 0.375935 0.365857 0.354656 0.342414 0.329227 0.315201 0.300448 0.285091 0.269258 0.253085 0.236706 0.220261 0.203886 0.187712 0.171867 0.156467 0.141619 0.127418 0.113943 0.10126 0.0894177 0.0784498 0.0683737 0.0591925 0.050895 0.043458 0.0368475 0.0310206 0.0259274 0.0215134 0.0177205 0.0144897 0.0117619 0.00947983 0.00758889 0.00603819 0.00478128 0.00377661 0.00298795 0.00238455 0.00194125 0.00163852 0.00146243 
0.0016249 0.00169117 0.00189311 0.00224012 0.00274788 0.00343838 0.00433989 0.00548689 0.00691996 0.00868544 0.010835 0.0134251 0.016516 0.0201708 0.0244538 0.0294295 0.03516 0.0417039 0.0491136 0.0574332 0.0666968 0.0769261 0.0881289 0.100297 0.113408 0.127418 0.142269 0.157886 0.174177 0.191035 0.20834 0.225963 0.243765 0.261601 0.279324 0.296787 0.313843 0.330352 0.346178 0.361195 0.375285 0.388342 0.40027 0.410984 0.420411 0.428489 0.435166 0.440401 0.444162 0.446427 0.447184 0.446427 0.444162 0.440401 0.435166 0.428489 0.420411 0.410984 0.40027 0.388342 0.375285 0.361195 0.346178 0.330352 0.313843 0.296787 0.279324 0.261601 0.243765 0.225963 0.20834 0.191035 0.174177 0.157886 0.142269 0.127418 0.113408 0.100297 0.0881289 0.0769261 0.0666968 0.0574332 0.0491136 0.0417039 0.03516 0.0294295 0.0244538 0.0201708 0.016516 0.0134251 0.010835 0.00868544 0.00691996 0.00548689 0.00433989 0.00343838 0.00274788 0.00224012 0.00189311 0.00169117 
0.0018674 0.00194294 0.00217305 0.00256827 0.00314617 0.00393132 0.0049553 0.00625656 0.00788018 0.00987758 0.0123059 0.0152273 0.0187079 0.0228165 0.0276232 0.0331972 0.0396052 0.046909 0.0551632 0.064413 0.0746917 0.0860186 0.0983974 0.111815 0.126239 0.141619 0.157886 0.174953 0.192715 0.211052 0.229832 0.248912 0.26814 0.287359 0.306413 0.325142 0.343395 0.361021 0.377883 0.393849 0.408801 0.42263 0.435241 0.446551 0.456487 0.46499 0.472012 0.477511 0.48146 0.483838 0.484632 0.483838 0.48146 0.477511 0.472012 0.46499 0.456487 0.446551 0.435241 0.42263 0.408801 0.393849 0.377883 0.361021 0.343395 0.325142 0.306413 0.287359 0.26814 0.248912 0.229832 0.211052 0.192715 0.174953 0.157886 0.141619 0.126239 0.111815 0.0983974 0.0860186 0.0746917 0.064413 0.0551632 0.046909 0.0396052 0.0331972 0.0276232 0.0228165 0.0187079 0.0152273 0.0123059 0.00987758 0.00788018 0.00625656 0.0049553 0.00393132 0.00314617 0.00256827 0.00217305 0.00194294 
0.00213222 0.00221777 0.00247833 0.00292563 0.00357922 0.00446641 0.00562224 0.00708929 0.0089174 0.0111632 0.0138895 0.0171644 0.0210599 0.0256506 0.031012 0.0372185 0.0443407 0.0524434 0.0615832 0.0718052 0.0831416 0.0956085 0.109205 0.12391 0.139684 0.156467 0.174177 0.192715 0.211963 0.231788 0.252043 0.272572 0.29321 0.31379 0.334144 0.354104 0.373509 0.392207 0.410054 0.426916 0.442674 0.45722 0.470462 0.482316 0.492716 0.501604 0.508935 0.514671 0.518787 0.521264 0.522091 0.521264 0.518787 0.514671 0.508935 0.501604 0.492716 0.482316 0.470462 0.45722 0.442674 0.426916 0.410054 0.392207 0.373509 0.354104 0.334144 0.31379 0.29321 0.272572 0.252043 0.231788 0.211963 0.192715 0.174177 0.156467 0.139684 0.12391 0.109205 0.0956085 0.0831416 0.0718052 0.0615832 0.0524434 0.0443407 0.0372185 0.031012 0.0256506 0.0210599 0.0171644 0.0138895 0.0111632 0.0089174 0.00708929 0.00562224 0.00446641 0.00357922 0.00292563 0.00247833 0.00221777 
0.00241899 0.00251528 0.00280848 0.00331158 0.00404617 0.00504246 0.00633908 0.0079829 0.0100287 0.0125385 0.0155808 0.0192297 0.0235633 0.0286619 0.0346066 0.0414762 0.0493453 0.0582813 0.0683419 0.0795721 0.0920016 0.105643 0.120489 0.136512 0.153661 0.171867 0.191035 0.211052 0.231788 0.253094 0.27481 0.296765 0.318785 0.340688 0.362296 0.383436 0.403939 0.423648 0.442416 0.46011 0.476609 0.491809 0.505619 0.517962 0.528772 0.537998 0.545598 0.55154 0.5558 0.558363 0.559218 0.558363 0.5558 0.55154 0.545598 0.537998 0.528772 0.517962 0.505619 0.491809 0.476609 0.46011 0.442416 0.423648 0.403939 0.383436 0.362296 0.340688 0.318785 0.296765 0.27481 0.253094 0.231788 0.211052 0.191035 0.171867 0.153661 0.136512 0.120489 0.105643 0.0920016 0.0795721 0.0683419 0.0582813 0.0493453 0.0414762 0.0346066 0.0286619 0.0235633 0.0192297 0.0155808 0.0125385 0.0100287 0.0079829 0.00633908 0.00504246 0.00404617 0.00331158 0.00280848 0.00251528 
0.00272691 0.00283462 0.00316252 0.00372489 0.00454548 0.00565746 0.00710318 0.00893394 0.0112095 0.0139975 0.0173722 0.0214138 0.0262063 0.0318358 0.0383885 0.0459479 0.0545918 0.0643899 0.0754004 0.0876674 0.101218 0.116059 0.132177 0.149536 0.168076 0.187712 0.20834 0.229832 0.252043 0.27481 0.297958 0.321305 0.34466 0.367835 0.390641 0.412897 0.43443 0.455078 0.474694 0.493144 0.510312 0.526094 0.540404 0.55317 0.564333 0.573847 0.581674 0.587787 0.592166 0.594799 0.595677 0.594799 0.592166 0.587787 0.581674 0.573847 0.564333 0.55317 0.540404 0.526094 0.510312 0.493144 0.474694 0.455078 0.43443 0.412897 0.390641 0.367835 0.34466 0.321305 0.297958 0.27481 0.252043 0.229832 0.20834 0.187712 0.168076 0.149536 0.132177 0.116059 0.101218 0.0876674 0.0754004 0.0643899 0.0545918 0.0459479 0.0383885 0.0318358 0.0262063 0.0214138 0.0173722 0.0139975 0.0112095 0.00893394 0.00710318 0.00565746 0.00454548 0.00372489 0.00316252 0.00283462 
0.00305468 0.00317444 0.00353891 0.00416373 0.00507486 0.00630848 0.00791079 0.00993759 0.0124538 0.0155325 0.019254 0.0237044 0.0289737 0.0351536 0.0423352 0.0506061 0.0600473 0.07073 0.0827126 0.0960371 0.110727 0.126784 0.144187 0.16289 0.182822 0.203886 0.225963 0.248912 0.272572 0.296765 0.321305 0.345992 0.370628 0.395011 0.418945 0.442242 0.464726 0.486232 0.506614 0.525739 0.543493 0.559779 0.574517 0.587639 0.599094 0.60884 0.616849 0.623097 0.62757 0.630257 0.631153 0.630257 0.62757 0.623097 0.616849 0.60884 0.599094 0.587639 0.574517 0.559779 0.543493 0.525739 0.506614 0.486232 0.464726 0.442242 0.418945 0.395011 0.370628 0.345992 0.321305 0.296765 0.272572 0.248912 0.225963 0.203886 0.182822 0.16289 0.144187 0.126784 0.110727 0.0960371 0.0827126 0.07073 0.0600473 0.0506061 0.0423352 0.0351536 0.0289737 0.0237044 0.019254 0.0155325 0.0124538 0.00993759 0.00791079 0.00630848 0.00507486 0.00416373 0.00353891 0.00317444 
0.00340052 0.00353287 0.00393557 0.00462562 0.00563123 0.0069917 0.00875707 0.0109877 0.0137537 0.0171338 0.0212141 0.0260866 0.0318472 0.0385929 0.0464196 0.0554187 0.0656735 0.0772566 0.0902256 0.10462 0.120459 0.137739 0.156428 0.176471 0.197785 0.220261 0.243765 0.26814 0.29321 0.318785 0.34466 0.370628 0.396475 0.421991 0.446973 0.471229 0.494577 0.516853 0.537912 0.557624 0.57588 0.592589 0.607677 0.621085 0.632768 0.642693 0.650837 0.657183 0.661723 0.664448 0.665357 0.664448 0.661723 0.657183 0.650837 0.642693 0.632768 0.621085 0.607677 0.592589 0.57588 0.557624 0.537912 0.516853 0.494577 0.471229 0.446973 0.421991 0.396475 0.370628 0.34466 0.318785 0.29321 0.26814 0.243765 0.220261 0.197785 0.176471 0.156428 0.137739 0.120459 0.10462 0.0902256 0.0772566 0.0656735 0.0554187 0.0464196 0.0385929 0.0318472 0.0260866 0.0212141 0.0171338 0.0137537 0.0109877 0.00875707 0.0069917 0.00563123 0.00462562 0.00393557 0.00353287 
0.00376213 0.00390752 0.00434983 0.00510742 0.0062108 0.00770236 0.00963608 0.0120769 0.0151 0.0187898 0.0232381 0.0285429 0.0348054 0.042128 0.0506109 0.0603487 0.0714272 0.083919 0.0978808 0.113349 0.130338 0.148835 0.168802 0.190171 0.212847 0.236706 0.261601 0.287359 0.31379 0.340688 0.367835 0.395011 0.421991 0.448558 0.474501 0.499624 0.523744 0.546697 0.56834 0.588549 0.60722 0.624269 0.639629 0.653251 0.665099 0.675148 0.683381 0.68979 0.69437 0.697118 0.698034 0.697118 0.69437 0.68979 0.683381 0.675148 0.665099 0.653251 0.639629 0.624269 0.60722 0.588549 0.56834 0.546697 0.523744 0.499624 0.474501 0.448558 0.421991 0.395011 0.367835 0.340688 0.31379 0.287359 0.261601 0.236706 0.212847 0.190171 0.168802 0.148835 0.130338 0.113349 0.0978808 0.083919 0.0714272 0.0603487 0.0506109 0.042128 0.0348054 0.0285429 0.0232381 0.0187898 0.0151 0.0120769 0.00963608 0.00770236 0.0062108 0.00510742 0.00434983 0.00390752 
0.00413673 0.00429552 0.00477848 0.00560539 0.006809 0.00843487 0.0105408 0.0131964 0.0164819 0.0204871 0.0253097 0.0310531 0.0378241 0.0457298 0.0548744 0.0653556 0.0772606 0.090662 0.105615 0.122151 0.14028 0.159981 0.181205 0.203875 0.22788 0.253085 0.279324 0.306413 0.334144 0.362296 0.390641 0.418945 0.446973 0.474501 0.501313 0.527208 0.552004 0.575539 0.597672 0.618286 0.637284 0.65459 0.670147 0.683915 0.695866 0.705984 0.714263 0.720699 0.725293 0.728049 0.728967 0.728049 0.725293 0.720699 0.714263 0.705984 0.695866 0.683915 0.670147 0.65459 0.637284 0.618286 0.597672 0.575539 0.552004 0.527208 0.501313 0.474501 0.446973 0.418945 0.390641 0.362296 0.334144 0.306413 0.279324 0.253085 0.22788 0.203875 0.181205 0.159981 0.14028 0.122151 0.105615 0.090662 0.0772606 0.0653556 0.0548744 0.0457298 0.0378241 0.0310531 0.0253097 0.0204871 0.0164819 0.0131964 0.0105408 0.00843487 0.006809 0.00560539 0.00477848 0.00429552 
0.00452104 0.00469346 0.00521778 0.00611514 0.0074206 0.00918276 0.0114633 0.0143364 0.0178872 0.0222108 0.0274105 0.0335952 0.0408766 0.0493665 0.0591727 0.0703953 0.0831225 0.0974266 0.11336 0.13095 0.1502 0.17108 0.193532 0.217466 0.242758 0.269258 0.296787 0.325142 0.354104 0.383436 0.412897 0.442242 0.471229 0.499624 0.527208 0.553779 0.579154 0.603175 0.625706 0.646636 0.665876 0.68336 0.69904 0.712886 0.724882 0.73502 0.743301 0.749731 0.754317 0.757066 0.757981 0.757066 0.754317 0.749731 0.743301 0.73502 0.724882 0.712886 0.69904 0.68336 0.665876 0.646636 0.625706 0.603175 0.579154 0.553779 0.527208 0.499624 0.471229 0.442242 0.412897 0.383436 0.354104 0.325142 0.296787 0.269258 0.242758 0.217466 0.193532 0.17108 0.1502 0.13095 0.11336 0.0974266 0.0831225 0.0703953 0.0591727 0.0493665 0.0408766 0.0335952 0.0274105 0.0222108 0.0178872 0.0143364 0.0114633 0.00918276 0.0074206 0.00611514 0.00521778 0.00469346 
0.00491135 0.0050975 0.00566348 0.00663179 0.0080397 0.00993888 0.0123948 0.0154859 0.0193024 0.0239445 0.0295207 0.0361451 0.0439343 0.0530041 0.0634657 0.075421 0.0889589 0.104151 0.121045 0.139666 0.160008 0.182034 0.205675 0.230826 0.257354 0.285091 0.313843 0.343395 0.373509 0.403939 0.43443 0.464726 0.494577 0.523744 0.552004 0.579154 0.605014 0.629428 0.652267 0.673427 0.692828 0.710415 0.72615 0.740014 0.752 0.762111 0.770358 0.776752 0.781308 0.784037 0.784946 0.784037 0.781308 0.776752 0.770358 0.762111 0.752 0.740014 0.72615 0.710415 0.692828 0.673427 0.652267 0.629428 0.605014 0.579154 0.552004 0.523744 0.494577 0.464726 0.43443 0.403939 0.373509 0.343395 0.313843 0.285091 0.257354 0.230826 0.205675 0.182034 0.160008 0.139666 0.121045 0.104151 0.0889589 0.075421 0.0634657 0.0530041 0.0439343 0.0361451 0.0295207 0.0239445 0.0193024 0.0154859 0.0123948 0.00993888 0.0080397 0.00663179 0.00566348 0.0050975 
0.00530357 0.00550342 0.00611093 0.00714994 0.00865989 0.0106954 0.0133257 0.0166333 0.0207131 0.0256705 0.031619 0.0386774 0.0469668 0.0566069 0.0677114 0.0803841 0.0947139 0.11077 0.128599 0.148218 0.169616 0.192744 0.217524 0.243839 0.271541 0.300448 0.330352 0.361021 0.392207 0.423648 0.455078 0.486232 0.516853 0.546697 0.575539 0.603175 0.629428 0.654147 0.67721 0.69852 0.71801 0.735631 0.75136 0.765186 0.777114 0.787158 0.795336 0.801669 0.806176 0.808873 0.809771 0.808873 0.806176 0.801669 0.795336 0.787158 0.777114 0.765186 0.75136 0.735631 0.71801 0.69852 0.67721 0.654147 0.629428 0.603175 0.575539 0.546697 0.516853 0.486232 0.455078 0.423648 0.392207 0.361021 0.330352 0.300448 0.271541 0.243839 0.217524 0.192744 0.169616 0.148218 0.128599 0.11077 0.0947139 0.0803841 0.0677114 0.0566069 0.0469668 0.0386774 0.031619 0.0256705 0.0207131 0.0166333 0.0133257 0.0106954 0.00865989 0.00714994 0.00611093 0.00550342 
0.00569329 0.00590665 0.00655513 0.00766383 0.00927431 0.0114441 0.0142457 0.017766 0.0221044 0.0273707 0.0336833 0.0411655 0.0499427 0.0601377 0.0718668 0.0852348 0.10033 0.117221 0.135949 0.156526 0.178932 0.203112 0.228974 0.25639 0.285197 0.315201 0.346178 0.377883 0.410054 0.442416 0.474694 0.506614 0.537912 0.56834 0.597672 0.625706 0.652267 0.67721 0.700419 0.721809 0.741321 0.758917 0.774585 0.788326 0.800155 0.810097 0.818178 0.824427 0.82887 0.831527 0.832411 0.831527 0.82887 0.824427 0.818178 0.810097 0.800155 0.788326 0.774585 0.758917 0.741321 0.721809 0.700419 0.67721 0.652267 0.625706 0.597672 0.56834 0.537912 0.506614 0.474694 0.442416 0.410054 0.377883 0.346178 0.315201 0.285197 0.25639 0.228974 0.203112 0.178932 0.156526 0.135949 0.117221 0.10033 0.0852348 0.0718668 0.0601377 0.0499427 0.0411655 0.0336833 0.0273707 0.0221044 0.017766 0.0142457 0.0114441 0.00927431 0.00766383 0.00655513 0.00590665 
