0.000642461 0.000653857 0.000688229 0.000746129 0.000828467 0.0009365 0.00107182 0.00123631 0.00143215 0.00166176 0.00192775 0.00223291 0.00258011 0.00297229 0.00341236 0.00390314 0.0044473 0.00504727 0.00570516 0.0064227 0.00720111 0.00804109 0.00894271 0.00990531 0.0109275 0.0120072 0.0131412 0.0143256 0.0155558 0.016826 0.0181298 0.0194597 0.0208077 0.022165 0.0235222 0.0248695 0.0261964 0.0274925 0.0287471 0.0299494 0.0310889 0.0321555 0.0331393 0.034031 0.0348223 0.0355055 0.036074 0.0365221 0.0368454 0.0370407 0.037106 0.0370407 0.0368454 0.0365221 0.036074 0.0355055 0.0348223 0.034031 0.0331393 0.0321555 0.0310889 0.0299494 0.0287471 0.0274925 0.0261964 0.0248695 0.0235222 0.022165 0.0208077 0.0194597 0.0181298 0.016826 0.0155558 0.0143256 0.0131412 0.0120072 0.0109275 0.00990531 0.00894271 0.00804109 0.00720111 0.0064227 0.00570516 0.00504727 0.0044473 0.00390314 0.00341236 0.00297229 0.00258011 0.00223291 0.00192775 0.00166176 0.00143215 0.00123631 0.00107182 0.0009365 0.000828467 0.000746129 0.000688229 0.000653857 
0.000653857 0.000665439 0.000700374 0.000759221 0.0008429 0.000952688 0.00109019 0.00125733 0.0014563 0.00168956 0.00195974 0.00226968 0.00262227 0.0030205 0.00346729 0.00396551 0.00451785 0.00512676 0.00579437 0.00652241 0.00731212 0.00816418 0.00907865 0.0100549 0.0110914 0.012186 0.0133356 0.0145363 0.0157831 0.0170704 0.0183915 0.019739 0.0211047 0.0224797 0.0238545 0.025219 0.0265629 0.0278754 0.0291458 0.0303632 0.0315169 0.0325967 0.0335926 0.0344954 0.0352964 0.035988 0.0365634 0.0370169 0.0373442 0.0375418 0.0376079 0.0375418 0.0373442 0.0370169 0.0365634 0.035988 0.0352964 0.0344954 0.0335926 0.0325967 0.0315169 0.0303632 0.0291458 0.0278754 0.0265629 0.025219 0.0238545 0.0224797 0.0211047 0.019739 0.0183915 0.0170704 0.0157831 0.0145363 0.0133356 0.012186 0.0110914 0.0100549 0.00907865 0.00816418 0.00731212 0.00652241 0.00579437 0.00512676 0.00451785 0.00396551 0.00346729 0.0030205 0.00262227 0.00226968 0.00195974 0.00168956 0.0014563 0.00125733 0.00109019 0.000952688 0.0008429 0.000759221 0.000700374 0.000665439 
0.000688229 0.000700374 0.000737005 0.000798703 0.000886425 0.0010015 0.00114559 0.00132069 0.00152909 0.00177333 0.00205615 0.00238047 0.00274931 0.00316573 0.00363277 0.00415339 0.00473034 0.00536616 0.00606301 0.00682266 0.00764636 0.00853478 0.00948792 0.0105051 0.0115847 0.0127244 0.013921 0.0151703 0.0164672 0.0178058 0.0191791 0.0205794 0.0219983 0.0234264 0.0248539 0.0262704 0.0276651 0.029027 0.0303449 0.0316075 0.032804 0.0339235 0.0349559 0.0358916 0.0367218 0.0374385 0.0380347 0.0385046 0.0388436 0.0390484 0.0391169 0.0390484 0.0388436 0.0385046 0.0380347 0.0374385 0.0367218 0.0358916 0.0349559 0.0339235 0.032804 0.0316075 0.0303449 0.029027 0.0276651 0.0262704 0.0248539 0.0234264 0.0219983 0.0205794 0.0191791 0.0178058 0.0164672 0.0151703 0.013921 0.0127244 0.0115847 0.0105051 0.00948792 0.00853478 0.00764636 0.00682266 0.00606301 0.00536616 0.00473034 0.00415339 0.00363277 0.00316573 0.00274931 0.00238047 0.00205615 0.00177333 0.00152909 0.00132069 0.00114559 0.0010015 0.000886425 0.000798703 0.000737005 0.000700374 
0.000746129 0.000759221 0.000798703 0.000865193 0.000959711 0.00108367 0.00123883 0.00142732 0.00165156 0.00191425 0.00221829 0.00256677 0.00296287 0.00340984 0.00391088 0.00446907 0.00508733 0.00576827 0.00651417 0.00732683 0.00820751 0.00915686 0.0101748 0.0112605 0.0124123 0.0136275 0.0149027 0.0162334 0.0176142 0.0190386 0.0204992 0.021988 0.0234957 0.0250126 0.0265283 0.0280317 0.0295114 0.0309558 0.032353 0.0336913 0.034959 0.0361449 0.0372383 0.038229 0.0391078 0.0398664 0.0404973 0.0409946 0.0413533 0.04157 0.0416425 0.04157 0.0413533 0.0409946 0.0404973 0.0398664 0.0391078 0.038229 0.0372383 0.0361449 0.034959 0.0336913 0.032353 0.0309558 0.0295114 0.0280317 0.0265283 0.0250126 0.0234957 0.021988 0.0204992 0.0190386 0.0176142 0.0162334 0.0149027 0.0136275 0.0124123 0.0112605 0.0101748 0.00915686 0.00820751 0.00732683 0.00651417 0.00576827 0.00508733 0.00446907 0.00391088 0.00340984 0.00296287 0.00256677 0.00221829 0.00191425 0.00165156 0.00142732 0.00123883 0.00108367 0.000959711 0.000865193 0.000798703 0.000759221 
0.000828467 0.0008429 0.000886425 0.000959711 0.00106386 0.00120041 0.00137127 0.00157873 0.00182541 0.00211423 0.00244832 0.002831 0.0032657 0.0037559 0.00430501 0.00491635 0.00559299 0.00633772 0.00715291 0.00804043 0.00900157 0.0100369 0.0111463 0.0123287 0.0135822 0.014904 0.01629 0.0177354 0.0192342 0.0207794 0.0223631 0.0239762 0.025609 0.0272508 0.0288904 0.030516 0.0321152 0.0336755 0.0351842 0.0366286 0.0379964 0.0392756 0.0404545 0.0415225 0.0424696 0.0432869 0.0439667 0.0445023 0.0448887 0.045122 0.0452 0.045122 0.0448887 0.0445023 0.0439667 0.0432869 0.0424696 0.0415225 0.0404545 0.0392756 0.0379964 0.0366286 0.0351842 0.0336755 0.0321152 0.030516 0.0288904 0.0272508 0.025609 0.0239762 0.0223631 0.0207794 0.0192342 0.0177354 0.01629 0.014904 0.0135822 0.0123287 0.0111463 0.0100369 0.00900157 0.00804043 0.00715291 0.00633772 0.00559299 0.00491635 0.00430501 0.0037559 0.0032657 0.002831 0.00244832 0.00211423 0.00182541 0.00157873 0.00137127 0.00120041 0.00106386 0.000959711 0.000886425 0.0008429 
0.0009365 0.000952688 0.0010015 0.00108367 0.00120041 0.0013534 0.00154476 0.001777 0.00205299 0.00237591 0.00274921 0.00317651 0.00366154 0.00420808 0.00481985 0.0055004 0.00625307 0.00708081 0.00798614 0.00897102 0.0100367 0.0111838 0.012412 0.01372 0.0151056 0.0165654 0.0180951 0.0196892 0.021341 0.0230428 0.0247856 0.0265597 0.0283543 0.0301577 0.0319576 0.0337411 0.0354946 0.0372046 0.0388573 0.0404388 0.0419359 0.0433353 0.0446246 0.0457922 0.0468274 0.0477205 0.0484631 0.0490482 0.0494702 0.049725 0.0498102 0.049725 0.0494702 0.0490482 0.0484631 0.0477205 0.0468274 0.0457922 0.0446246 0.0433353 0.0419359 0.0404388 0.0388573 0.0372046 0.0354946 0.0337411 0.0319576 0.0301577 0.0283543 0.0265597 0.0247856 0.0230428 0.021341 0.0196892 0.0180951 0.0165654 0.0151056 0.01372 0.012412 0.0111838 0.0100367 0.00897102 0.00798614 0.00708081 0.00625307 0.0055004 0.00481985 0.00420808 0.00366154 0.00317651 0.00274921 0.00237591 0.00205299 0.001777 0.00154476 0.0013534 0.00120041 0.00108367 0.0010015 0.000952688 
0.00107182 0.00109019 0.00114559 0.00123883 0.00137127 0.00154476 0.00176166 0.00202476 0.00233723 0.00270261 0.0031247 0.00360748 0.00415508 0.00477164 0.00546122 0.00622771 0.00707471 0.00800541 0.00902249 0.010128 0.0113233 0.0126087 0.0139838 0.0154471 0.0169959 0.0186263 0.0203335 0.0221111 0.0239516 0.0258463 0.0277854 0.0297578 0.0317516 0.0337539 0.035751 0.0377285 0.0396718 0.0415658 0.0433953 0.0451452 0.0468009 0.0483479 0.0497727 0.0510626 0.0522058 0.0531918 0.0540115 0.0546572 0.0551228 0.055404 0.055498 0.055404 0.0551228 0.0546572 0.0540115 0.0531918 0.0522058 0.0510626 0.0497727 0.0483479 0.0468009 0.0451452 0.0433953 0.0415658 0.0396718 0.0377285 0.035751 0.0337539 0.0317516 0.0297578 0.0277854 0.0258463 0.0239516 0.0221111 0.0203335 0.0186263 0.0169959 0.0154471 0.0139838 0.0126087 0.0113233 0.010128 0.00902249 0.00800541 0.00707471 0.00622771 0.00546122 0.00477164 0.00415508 0.00360748 0.0031247 0.00270261 0.00233723 0.00202476 0.00176166 0.00154476 0.00137127 0.00123883 0.00114559 0.00109019 
0.00123631 0.00125733 0.00132069 0.00142732 0.00157873 0.001777 0.00202476 0.00232512 0.00268165 0.00309826 0.00357919 0.00412888 0.00475188 0.00545277 0.00623602 0.0071059 0.00806634 0.00912078 0.0102721 0.0115224 0.012873 0.0143243 0.0158755 0.0175248 0.0192689 0.0211035 0.0230228 0.0250196 0.0270855 0.0292105 0.0313837 0.0335926 0.0358238 0.0380629 0.0402947 0.0425032 0.0446722 0.0467849 0.0488245 0.0507744 0.0526184 0.0543406 0.0559262 0.057361 0.0586323 0.0597285 0.0606396 0.0613572 0.0618746 0.062187 0.0622914 0.062187 0.0618746 0.0613572 0.0606396 0.0597285 0.0586323 0.057361 0.0559262 0.0543406 0.0526184 0.0507744 0.0488245 0.0467849 0.0446722 0.0425032 0.0402947 0.0380629 0.0358238 0.0335926 0.0313837 0.0292105 0.0270855 0.0250196 0.0230228 0.0211035 0.0192689 0.0175248 0.0158755 0.0143243 0.012873 0.0115224 0.0102721 0.00912078 0.00806634 0.0071059 0.00623602 0.00545277 0.00475188 0.00412888 0.00357919 0.00309826 0.00268165 0.00232512 0.00202476 0.001777 0.00157873 0.00142732 0.00132069 0.00125733 
0.00143215 0.0014563 0.00152909 0.00165156 0.00182541 0.00205299 0.00233723 0.00268165 0.00309021 0.00356733 0.00411771 0.00474632 0.00545822 0.00625848 0.00715204 0.00814361 0.00923745 0.0104373 0.0117463 0.0131666 0.0146995 0.0163453 0.0181028 0.0199697 0.0219424 0.0240157 0.0261828 0.0284356 0.0307645 0.0331581 0.035604 0.0380883 0.0405958 0.0431104 0.0456151 0.0480921 0.0505232 0.0528897 0.0551732 0.057355 0.0594173 0.0613426 0.0631144 0.0647171 0.0661367 0.0673604 0.0683773 0.069178 0.0697553 0.0701038 0.0702203 0.0701038 0.0697553 0.069178 0.0683773 0.0673604 0.0661367 0.0647171 0.0631144 0.0613426 0.0594173 0.057355 0.0551732 0.0528897 0.0505232 0.0480921 0.0456151 0.0431104 0.0405958 0.0380883 0.035604 0.0331581 0.0307645 0.0284356 0.0261828 0.0240157 0.0219424 0.0199697 0.0181028 0.0163453 0.0146995 0.0131666 0.0117463 0.0104373 0.00923745 0.00814361 0.00715204 0.00625848 0.00545822 0.00474632 0.00411771 0.00356733 0.00309021 0.00268165 0.00233723 0.00205299 0.00182541 0.00165156 0.00152909 0.0014563 
0.00166176 0.00168956 0.00177333 0.00191425 0.00211423 0.00237591 0.00270261 0.00309826 0.00356733 0.00411474 0.00474579 0.00546599 0.006281 0.00719645 0.0082178 0.00935022 0.0105984 0.0119664 0.0134575 0.015074 0.0168172 0.0186871 0.0206822 0.0227997 0.0250352 0.0273827 0.0298345 0.0323811 0.0350115 0.0377129 0.0404712 0.0432706 0.0460941 0.0489235 0.0517399 0.0545233 0.0572533 0.0599093 0.0624705 0.0649165 0.0672273 0.0693836 0.0713671 0.0731608 0.0747489 0.0761176 0.0772546 0.0781497 0.078795 0.0791845 0.0793147 0.0791845 0.078795 0.0781497 0.0772546 0.0761176 0.0747489 0.0731608 0.0713671 0.0693836 0.0672273 0.0649165 0.0624705 0.0599093 0.0572533 0.0545233 0.0517399 0.0489235 0.0460941 0.0432706 0.0404712 0.0377129 0.0350115 0.0323811 0.0298345 0.0273827 0.0250352 0.0227997 0.0206822 0.0186871 0.0168172 0.015074 0.0134575 0.0119664 0.0105984 0.00935022 0.0082178 0.00719645 0.006281 0.00546599 0.00474579 0.00411474 0.00356733 0.00309826 0.00270261 0.00237591 0.00211423 0.00191425 0.00177333 0.00168956 
0.00192775 0.00195974 0.00205615 0.00221829 0.00244832 0.00274921 0.0031247 0.00357919 0.00411771 0.00474579 0.00546933 0.0062945 0.00722759 0.00827486 0.00944235 0.0107357 0.0121601 0.01372 0.0154187 0.0172588 0.0192413 0.021366 0.0236312 0.0260332 0.028567 0.0312254 0.0339996 0.0368787 0.0398502 0.0428994 0.0460104 0.0491653 0.0523451 0.0555294 0.0586966 0.0618247 0.0648909 0.0678721 0.0707453 0.0734878 0.0760774 0.0784927 0.0807136 0.0827211 0.084498 0.0860289 0.0873003 0.0883011 0.0890224 0.0894578 0.0896034 0.0894578 0.0890224 0.0883011 0.0873003 0.0860289 0.084498 0.0827211 0.0807136 0.0784927 0.0760774 0.0734878 0.0707453 0.0678721 0.0648909 0.0618247 0.0586966 0.0555294 0.0523451 0.0491653 0.0460104 0.0428994 0.0398502 0.0368787 0.0339996 0.0312254 0.028567 0.0260332 0.0236312 0.021366 0.0192413 0.0172588 0.0154187 0.01372 0.0121601 0.0107357 0.00944235 0.00827486 0.00722759 0.0062945 0.00546933 0.00474579 0.00411771 0.00357919 0.0031247 0.00274921 0.00244832 0.00221829 0.00205615 0.00195974 
0.00223291 0.00226968 0.00238047 0.00256677 0.002831 0.00317651 0.00360748 0.00412888 0.00474632 0.00546599 0.0062945 0.00723872 0.00830564 0.00950218 0.010835 0.0123104 0.0139339 0.0157103 0.0176433 0.0197352 0.0219873 0.0243987 0.0269674 0.029689 0.0325574 0.0355644 0.0386997 0.041951 0.0453038 0.0487416 0.0522463 0.0557979 0.0593747 0.062954 0.0665117 0.0700231 0.0734627 0.076805 0.0800244 0.0830957 0.0859943 0.0886965 0.0911802 0.0934244 0.0954101 0.0971204 0.0985405 0.0996581 0.100463 0.100949 0.101112 0.100949 0.100463 0.0996581 0.0985405 0.0971204 0.0954101 0.0934244 0.0911802 0.0886965 0.0859943 0.0830957 0.0800244 0.076805 0.0734627 0.0700231 0.0665117 0.062954 0.0593747 0.0557979 0.0522463 0.0487416 0.0453038 0.041951 0.0386997 0.0355644 0.0325574 0.029689 0.0269674 0.0243987 0.0219873 0.0197352 0.0176433 0.0157103 0.0139339 0.0123104 0.010835 0.00950218 0.00830564 0.00723872 0.0062945 0.00546599 0.00474632 0.00412888 0.00360748 0.00317651 0.002831 0.00256677 0.00238047 0.00226968 
0.00258011 0.00262227 0.00274931 0.00296287 0.0032657 0.00366154 0.00415508 0.00475188 0.00545822 0.006281 0.00722759 0.00830564 0.00952288 0.010887 0.0124053 0.0140846 0.0159311 0.0179497 0.0201444 0.0225177 0.0250703 0.0278014 0.0307081 0.0337852 0.0370255 0.0404196 0.0439556 0.0476193 0.0513944 0.0552622 0.0592021 0.0631916 0.0672066 0.0712213 0.0752092 0.0791424 0.0829928 0.086732 0.0903316 0.0937637 0.0970011 0.100018 0.102789 0.105293 0.107507 0.109414 0.110996 0.112242 0.113139 0.11368 0.113861 0.11368 0.113139 0.112242 0.110996 0.109414 0.107507 0.105293 0.102789 0.100018 0.0970011 0.0937637 0.0903316 0.086732 0.0829928 0.0791424 0.0752092 0.0712213 0.0672066 0.0631916 0.0592021 0.0552622 0.0513944 0.0476193 0.0439556 0.0404196 0.0370255 0.0337852 0.0307081 0.0278014 0.0250703 0.0225177 0.0201444 0.0179497 0.0159311 0.0140846 0.0124053 0.010887 0.00952288 0.00830564 0.00722759 0.006281 0.00545822 0.00475188 0.00415508 0.00366154 0.0032657 0.00296287 0.00274931 0.00262227 
0.00297229 0.0030205 0.00316573 0.00340984 0.0037559 0.00420808 0.00477164 0.00545277 0.00625848 0.00719645 0.00827486 0.00950218 0.010887 0.0124377 0.0141624 0.0160685 0.0181625 0.02045 0.0229349 0.0256198 0.0285051 0.0315896 0.0348695 0.0383389 0.0419893 0.0458096 0.0497863 0.0539034 0.058142 0.0624814 0.0668982 0.0713672 0.0758614 0.080352 0.0848094 0.0892029 0.093501 0.0976723 0.101686 0.10551 0.109116 0.112474 0.115558 0.118343 0.120805 0.122924 0.124683 0.126066 0.127063 0.127665 0.127866 0.127665 0.127063 0.126066 0.124683 0.122924 0.120805 0.118343 0.115558 0.112474 0.109116 0.10551 0.101686 0.0976723 0.093501 0.0892029 0.0848094 0.080352 0.0758614 0.0713672 0.0668982 0.0624814 0.058142 0.0539034 0.0497863 0.0458096 0.0419893 0.0383389 0.0348695 0.0315896 0.0285051 0.0256198 0.0229349 0.02045 0.0181625 0.0160685 0.0141624 0.0124377 0.010887 0.00950218 0.00827486 0.00719645 0.00625848 0.00545277 0.00477164 0.00420808 0.0037559 0.00340984 0.00316573 0.0030205 
0.00341236 0.00346729 0.00363277 0.00391088 0.00430501 0.00481985 0.00546122 0.00623602 0.00715204 0.0082178 0.00944235 0.010835 0.0124053 0.0141624 0.0161151 0.0182715 0.0206387 0.0232223 0.0260267 0.0290542 0.0323051 0.0357773 0.0394665 0.0433654 0.0474644 0.0517505 0.0562085 0.0608199 0.0655637 0.0704163 0.0753516 0.0803414 0.0853555 0.090362 0.095328 0.100219 0.105001 0.10964 0.114099 0.118347 0.122349 0.126075 0.129496 0.132582 0.135311 0.137659 0.139607 0.141139 0.142243 0.142909 0.143131 0.142909 0.142243 0.141139 0.139607 0.137659 0.135311 0.132582 0.129496 0.126075 0.122349 0.118347 0.114099 0.10964 0.105001 0.100219 0.095328 0.090362 0.0853555 0.0803414 0.0753516 0.0704163 0.0655637 0.0608199 0.0562085 0.0517505 0.0474644 0.0433654 0.0394665 0.0357773 0.0323051 0.0290542 0.0260267 0.0232223 0.0206387 0.0182715 0.0161151 0.0141624 0.0124053 0.010835 0.00944235 0.0082178 0.00715204 0.00623602 0.00546122 0.00481985 0.00430501 0.00391088 0.00363277 0.00346729 
0.00390314 0.00396551 0.00415339 0.00446907 0.00491635 0.0055004 0.00622771 0.0071059 0.00814361 0.00935022 0.0107357 0.0123104 0.0140846 0.0160685 0.0182715 0.0207024 0.0233688 0.0262767 0.0294304 0.0328322 0.0364819 0.0403768 0.0445116 0.0488778 0.053464 0.0582558 0.0632354 0.0683822 0.0736724 0.0790796 0.0845746 0.0901259 0.0957 0.101262 0.106774 0.1122 0.117502 0.12264 0.127578 0.132278 0.136705 0.140824 0.144603 0.148013 0.151025 0.153617 0.155767 0.157457 0.158674 0.159409 0.159654 0.159409 0.158674 0.157457 0.155767 0.153617 0.151025 0.148013 0.144603 0.140824 0.136705 0.132278 0.127578 0.12264 0.117502 0.1122 0.106774 0.101262 0.0957 0.0901259 0.0845746 0.0790796 0.0736724 0.0683822 0.0632354 0.0582558 0.053464 0.0488778 0.0445116 0.0403768 0.0364819 0.0328322 0.0294304 0.0262767 0.0233688 0.0207024 0.0182715 0.0160685 0.0140846 0.0123104 0.0107357 0.00935022 0.00814361 0.0071059 0.00622771 0.0055004 0.00491635 0.00446907 0.00415339 0.00396551 
0.0044473 0.00451785 0.00473034 0.00508733 0.00559299 0.00625307 0.00707471 0.00806634 0.00923745 0.0105984 0.0121601 0.0139339 0.0159311 0.0181625 0.0206387 0.0233688 0.026361 0.0296216 0.0331549 0.0369629 0.041045 0.0453977 0.0500146 0.0548858 0.0599981 0.0653349 0.0708764 0.0765991 0.0824765 0.0884789 0.0945739 0.100726 0.1069 0.113054 0.11915 0.125146 0.131001 0.136672 0.142118 0.147299 0.152176 0.156712 0.160871 0.164623 0.167936 0.170785 0.173148 0.175006 0.176344 0.17715 0.17742 0.17715 0.176344 0.175006 0.173148 0.170785 0.167936 0.164623 0.160871 0.156712 0.152176 0.147299 0.142118 0.136672 0.131001 0.125146 0.11915 0.113054 0.1069 0.100726 0.0945739 0.0884789 0.0824765 0.0765991 0.0708764 0.0653349 0.0599981 0.0548858 0.0500146 0.0453977 0.041045 0.0369629 0.0331549 0.0296216 0.026361 0.0233688 0.0206387 0.0181625 0.0159311 0.0139339 0.0121601 0.0105984 0.00923745 0.00806634 0.00707471 0.00625307 0.00559299 0.00508733 0.00473034 0.00451785 
0.00504727 0.00512676 0.00536616 0.00576827 0.00633772 0.00708081 0.00800541 0.00912078 0.0104373 0.0119664 0.01372 0.0157103 0.0179497 0.02045 0.0232223 0.0262767 0.0296216 0.0332635 0.0372068 0.0414531 0.0460013 0.0508469 0.0559822 0.0613956 0.0670723 0.0729933 0.079136 0.0854743 0.0919785 0.0986157 0.10535 0.112142 0.118952 0.125736 0.132451 0.13905 0.14549 0.151723 0.157706 0.163394 0.168746 0.173721 0.17828 0.182391 0.18602 0.18914 0.191727 0.19376 0.195224 0.196107 0.196402 0.196107 0.195224 0.19376 0.191727 0.18914 0.18602 0.182391 0.17828 0.173721 0.168746 0.163394 0.157706 0.151723 0.14549 0.13905 0.132451 0.125736 0.118952 0.112142 0.10535 0.0986157 0.0919785 0.0854743 0.079136 0.0729933 0.0670723 0.0613956 0.0559822 0.0508469 0.0460013 0.0414531 0.0372068 0.0332635 0.0296216 0.0262767 0.0232223 0.02045 0.0179497 0.0157103 0.01372 0.0119664 0.0104373 0.00912078 0.00800541 0.00708081 0.00633772 0.00576827 0.00536616 0.00512676 
0.00570516 0.00579437 0.00606301 0.00651417 0.00715291 0.00798614 0.00902249 0.0102721 0.0117463 0.0134575 0.0154187 0.0176433 0.0201444 0.0229349 0.0260267 0.0294304 0.0331549 0.0372068 0.0415904 0.0463069 0.0513545 0.0567276 0.062417 0.0684095 0.0746879 0.081231 0.0880133 0.0950057 0.102175 0.109485 0.116895 0.124364 0.131846 0.139294 0.14666 0.153895 0.160949 0.167773 0.174319 0.180538 0.186387 0.19182 0.196798 0.201284 0.205243 0.208645 0.211465 0.213681 0.215276 0.216238 0.21656 0.216238 0.215276 0.213681 0.211465 0.208645 0.205243 0.201284 0.196798 0.19182 0.186387 0.180538 0.174319 0.167773 0.160949 0.153895 0.14666 0.139294 0.131846 0.124364 0.116895 0.109485 0.102175 0.0950057 0.0880133 0.081231 0.0746879 0.0684095 0.062417 0.0567276 0.0513545 0.0463069 0.0415904 0.0372068 0.0331549 0.0294304 0.0260267 0.0229349 0.0201444 0.0176433 0.0154187 0.0134575 0.0117463 0.0102721 0.00902249 0.00798614 0.00715291 0.00651417 0.00606301 0.00579437 
0.0064227 0.00652241 0.00682266 0.00732683 0.00804043 0.00897102 0.010128 0.0115224 0.0131666 0.015074 0.0172588 0.0197352 0.0225177 0.0256198 0.0290542 0.0328322 0.0369629 0.0414531 0.0463069 0.051525 0.0571046 0.063039 0.0693174 0.0759245 0.082841 0.0900427 0.0975014 0.105185 0.113055 0.121074 0.129196 0.137375 0.145562 0.153706 0.161754 0.169653 0.177349 0.184789 0.191921 0.198693 0.205058 0.210968 0.21638 0.221254 0.225555 0.22925 0.232311 0.234716 0.236447 0.237491 0.23784 0.237491 0.236447 0.234716 0.232311 0.22925 0.225555 0.221254 0.21638 0.210968 0.205058 0.198693 0.191921 0.184789 0.177349 0.169653 0.161754 0.153706 0.145562 0.137375 0.129196 0.121074 0.113055 0.105185 0.0975014 0.0900427 0.082841 0.0759245 0.0693174 0.063039 0.0571046 0.051525 0.0463069 0.0414531 0.0369629 0.0328322 0.0290542 0.0256198 0.0225177 0.0197352 0.0172588 0.015074 0.0131666 0.0115224 0.010128 0.00897102 0.00804043 0.00732683 0.00682266 0.00652241 
0.00720111 0.00731212 0.00764636 0.00820751 0.00900157 0.0100367 0.0113233 0.012873 0.0146995 0.0168172 0.0192413 0.0219873 0.0250703 0.0285051 0.0323051 0.0364819 0.041045 0.0460013 0.0513545 0.0571046 0.0632479 0.0697763 0.0766771 0.083933 0.091522 0.0994172 0.107587 0.115995 0.124602 0.133362 0.142228 0.151149 0.160072 0.16894 0.177698 0.186286 0.194649 0.202727 0.210466 0.21781 0.224707 0.231109 0.236968 0.242243 0.246895 0.250891 0.2542 0.2568 0.25867 0.259798 0.260175 0.259798 0.25867 0.2568 0.2542 0.250891 0.246895 0.242243 0.236968 0.231109 0.224707 0.21781 0.210466 0.202727 0.194649 0.186286 0.177698 0.16894 0.160072 0.151149 0.142228 0.133362 0.124602 0.115995 0.107587 0.0994172 0.091522 0.083933 0.0766771 0.0697763 0.0632479 0.0571046 0.0513545 0.0460013 0.041045 0.0364819 0.0323051 0.0285051 0.0250703 0.0219873 0.0192413 0.0168172 0.0146995 0.012873 0.0113233 0.0100367 0.00900157 0.00820751 0.00764636 0.00731212 
0.00804109 0.00816418 0.00853478 0.00915686 0.0100369 0.0111838 0.0126087 0.0143243 0.0163453 0.0186871 0.021366 0.0243987 0.0278014 0.0315896 0.0357773 0.0403768 0.0453977 0.0508469 0.0567276 0.063039 0.0697763 0.0769297 0.0844847 0.0924216 0.100716 0.109337 0.11825 0.127415 0.136789 0.146321 0.155961 0.165652 0.175337 0.184956 0.194446 0.203747 0.212796 0.221531 0.229894 0.237825 0.24527 0.252175 0.258493 0.264178 0.269189 0.273491 0.277054 0.279852 0.281865 0.283078 0.283484 0.283078 0.281865 0.279852 0.277054 0.273491 0.269189 0.264178 0.258493 0.252175 0.24527 0.237825 0.229894 0.221531 0.212796 0.203747 0.194446 0.184956 0.175337 0.165652 0.155961 0.146321 0.136789 0.127415 0.11825 0.109337 0.100716 0.0924216 0.0844847 0.0769297 0.0697763 0.063039 0.0567276 0.0508469 0.0453977 0.0403768 0.0357773 0.0315896 0.0278014 0.0243987 0.021366 0.0186871 0.0163453 0.0143243 0.0126087 0.0111838 0.0100369 0.00915686 0.00853478 0.00816418 
0.00894271 0.00907865 0.00948792 0.0101748 0.0111463 0.012412 0.0139838 0.0158755 0.0181028 0.0206822 0.0236312 0.0269674 0.0307081 0.0348695 0.0394665 0.0445116 0.0500146 0.0559822 0.062417 0.0693174 0.0766771 0.0844847 0.0927234 0.101371 0.1104 0.119777 0.129463 0.139414 0.149582 0.159914 0.170353 0.180839 0.19131 0.2017 0.211944 0.221975 0.231728 0.241136 0.250136 0.258667 0.266669 0.274087 0.280871 0.286972 0.292348 0.296962 0.300781 0.30378 0.305937 0.307237 0.307672 0.307237 0.305937 0.30378 0.300781 0.296962 0.292348 0.286972 0.280871 0.274087 0.266669 0.258667 0.250136 0.241136 0.231728 0.221975 0.211944 0.2017 0.19131 0.180839 0.170353 0.159914 0.149582 0.139414 0.129463 0.119777 0.1104 0.101371 0.0927234 0.0844847 0.0766771 0.0693174 0.062417 0.0559822 0.0500146 0.0445116 0.0394665 0.0348695 0.0307081 0.0269674 0.0236312 0.0206822 0.0181028 0.0158755 0.0139838 0.012412 0.0111463 0.0101748 0.00948792 0.00907865 
0.00990531 0.0100549 0.0105051 0.0112605 0.0123287 0.01372 0.0154471 0.0175248 0.0199697 0.0227997 0.0260332 0.029689 0.0337852 0.0383389 0.0433654 0.0488778 0.0548858 0.0613956 0.0684095 0.0759245 0.083933 0.0924216 0.101371 0.110757 0.120547 0.130706 0.141191 0.151953 0.162941 0.174095 0.185356 0.196658 0.207933 0.219112 0.230126 0.240902 0.251371 0.261463 0.27111 0.280248 0.288815 0.296752 0.304006 0.310528 0.316272 0.321199 0.325278 0.328478 0.33078 0.332168 0.332631 0.332168 0.33078 0.328478 0.325278 0.321199 0.316272 0.310528 0.304006 0.296752 0.288815 0.280248 0.27111 0.261463 0.251371 0.240902 0.230126 0.219112 0.207933 0.196658 0.185356 0.174095 0.162941 0.151953 0.141191 0.130706 0.120547 0.110757 0.101371 0.0924216 0.083933 0.0759245 0.0684095 0.0613956 0.0548858 0.0488778 0.0433654 0.0383389 0.0337852 0.029689 0.0260332 0.0227997 0.0199697 0.0175248 0.0154471 0.01372 0.0123287 0.0112605 0.0105051 0.0100549 
0.0109275 0.0110914 0.0115847 0.0124123 0.0135822 0.0151056 0.0169959 0.0192689 0.0219424 0.0250352 0.028567 0.0325574 0.0370255 0.0419893 0.0474644 0.053464 0.0599981 0.0670723 0.0746879 0.082841 0.091522 0.100716 0.1104 0.120547 0.131123 0.142088 0.153393 0.164988 0.176815 0.188811 0.200911 0.213044 0.225139 0.237121 0.248915 0.260447 0.27164 0.282423 0.292724 0.302474 0.311609 0.320068 0.327794 0.334736 0.340849 0.346091 0.350427 0.35383 0.356277 0.357751 0.358244 0.357751 0.356277 0.35383 0.350427 0.346091 0.340849 0.334736 0.327794 0.320068 0.311609 0.302474 0.292724 0.282423 0.27164 0.260447 0.248915 0.237121 0.225139 0.213044 0.200911 0.188811 0.176815 0.164988 0.153393 0.142088 0.131123 0.120547 0.1104 0.100716 0.091522 0.082841 0.0746879 0.0670723 0.0599981 0.053464 0.0474644 0.0419893 0.0370255 0.0325574 0.028567 0.0250352 0.0219424 0.0192689 0.0169959 0.0151056 0.0135822 0.0124123 0.0115847 0.0110914 
0.0120072 0.012186 0.0127244 0.0136275 0.014904 0.0165654 0.0186263 0.0211035 0.0240157 0.0273827 0.0312254 0.0355644 0.0404196 0.0458096 0.0517505 0.0582558 0.0653349 0.0729933 0.081231 0.0900427 0.0994172 0.109337 0.119777 0.130706 0.142088 0.153876 0.166021 0.178465 0.191148 0.204 0.216952 0.229929 0.242853 0.255646 0.268228 0.28052 0.292443 0.303919 0.314874 0.325237 0.33494 0.343919 0.352117 0.359479 0.365957 0.371511 0.376105 0.379708 0.382298 0.383859 0.384381 0.383859 0.382298 0.379708 0.376105 0.371511 0.365957 0.359479 0.352117 0.343919 0.33494 0.325237 0.314874 0.303919 0.292443 0.28052 0.268228 0.255646 0.242853 0.229929 0.216952 0.204 0.191148 0.178465 0.166021 0.153876 0.142088 0.130706 0.119777 0.109337 0.0994172 0.0900427 0.081231 0.0729933 0.0653349 0.0582558 0.0517505 0.0458096 0.0404196 0.0355644 0.0312254 0.0273827 0.0240157 0.0211035 0.0186263 0.0165654 0.014904 0.0136275 0.0127244 0.012186 
0.0131412 0.0133356 0.013921 0.0149027 0.01629 0.0180951 0.0203335 0.0230228 0.0261828 0.0298345 0.0339996 0.0386997 0.0439556 0.0497863 0.0562085 0.0632354 0.0708764 0.079136 0.0880133 0.0975014 0.107587 0.11825 0.129463 0.141191 0.153393 0.166021 0.179019 0.192326 0.205874 0.219593 0.233405 0.247232 0.260991 0.274599 0.287972 0.301025 0.313676 0.325844 0.337452 0.348424 0.358691 0.368186 0.37685 0.384626 0.391467 0.397329 0.402175 0.405976 0.408708 0.410354 0.410904 0.410354 0.408708 0.405976 0.402175 0.397329 0.391467 0.384626 0.37685 0.368186 0.358691 0.348424 0.337452 0.325844 0.313676 0.301025 0.287972 0.274599 0.260991 0.247232 0.233405 0.219593 0.205874 0.192326 0.179019 0.166021 0.153393 0.141191 0.129463 0.11825 0.107587 0.0975014 0.0880133 0.079136 0.0708764 0.0632354 0.0562085 0.0497863 0.0439556 0.0386997 0.0339996 0.0298345 0.0261828 0.0230228 0.0203335 0.0180951 0.01629 0.0149027 0.013921 0.0133356 
0.0143256 0.0145363 0.0151703 0.0162334 0.0177354 0.0196892 0.0221111 0.0250196 0.0284356 0.0323811 0.0368787 0.041951 0.0476193 0.0539034 0.0608199 0.0683822 0.0765991 0.0854743 0.0950057 0.105185 0.115995 0.127415 0.139414 0.151953 0.164988 0.178465 0.192326 0.206503 0.220924 0.235514 0.25019 0.264869 0.279463 0.293885 0.308045 0.321856 0.335231 0.348085 0.360338 0.371912 0.382735 0.392739 0.401861 0.410045 0.417241 0.423404 0.428498 0.432492 0.435362 0.437091 0.437669 0.437091 0.435362 0.432492 0.428498 0.423404 0.417241 0.410045 0.401861 0.392739 0.382735 0.371912 0.360338 0.348085 0.335231 0.321856 0.308045 0.293885 0.279463 0.264869 0.25019 0.235514 0.220924 0.206503 0.192326 0.178465 0.164988 0.151953 0.139414 0.127415 0.115995 0.105185 0.0950057 0.0854743 0.0765991 0.0683822 0.0608199 0.0539034 0.0476193 0.041951 0.0368787 0.0323811 0.0284356 0.0250196 0.0221111 0.0196892 0.0177354 0.0162334 0.0151703 0.0145363 
0.0155558 0.0157831 0.0164672 0.0176142 0.0192342 0.021341 0.0239516 0.0270855 0.0307645 0.0350115 0.0398502 0.0453038 0.0513944 0.058142 0.0655637 0.0736724 0.0824765 0.0919785 0.102175 0.113055 0.124602 0.136789 0.149582 0.162941 0.176815 0.191148 0.205874 0.220924 0.236221 0.251681 0.26722 0.282748 0.298172 0.313402 0.328342 0.342902 0.356991 0.370521 0.383409 0.395574 0.406942 0.417442 0.427012 0.435593 0.443135 0.449592 0.454927 0.459109 0.462113 0.463922 0.464527 0.463922 0.462113 0.459109 0.454927 0.449592 0.443135 0.435593 0.427012 0.417442 0.406942 0.395574 0.383409 0.370521 0.356991 0.342902 0.328342 0.313402 0.298172 0.282748 0.26722 0.251681 0.236221 0.220924 0.205874 0.191148 0.176815 0.162941 0.149582 0.136789 0.124602 0.113055 0.102175 0.0919785 0.0824765 0.0736724 0.0655637 0.058142 0.0513944 0.0453038 0.0398502 0.0350115 0.0307645 0.0270855 0.0239516 0.021341 0.0192342 0.0176142 0.0164672 0.0157831 
0.016826 0.0170704 0.0178058 0.0190386 0.0207794 0.0230428 0.0258463 0.0292105 0.0331581 0.0377129 0.0428994 0.0487416 0.0552622 0.0624814 0.0704163 0.0790796 0.0884789 0.0986157 0.109485 0.121074 0.133362 0.146321 0.159914 0.174095 0.188811 0.204 0.219593 0.235514 0.251681 0.268008 0.284402 0.300771 0.317016 0.333042 0.348751 0.364047 0.378836 0.393028 0.406536 0.419277 0.431175 0.442159 0.452163 0.461129 0.469005 0.475746 0.481313 0.485675 0.488809 0.490696 0.491326 0.490696 0.488809 0.485675 0.481313 0.475746 0.469005 0.461129 0.452163 0.442159 0.431175 0.419277 0.406536 0.393028 0.378836 0.364047 0.348751 0.333042 0.317016 0.300771 0.284402 0.268008 0.251681 0.235514 0.219593 0.204 0.188811 0.174095 0.159914 0.146321 0.133362 0.121074 0.109485 0.0986157 0.0884789 0.0790796 0.0704163 0.0624814 0.0552622 0.0487416 0.0428994 0.0377129 0.0331581 0.0292105 0.0258463 0.0230428 0.0207794 0.0190386 0.0178058 0.0170704 
0.0181298 0.0183915 0.0191791 0.0204992 0.0223631 0.0247856 0.0277854 0.0313837 0.035604 0.0404712 0.0460104 0.0522463 0.0592021 0.0668982 0.0753516 0.0845746 0.0945739 0.10535 0.116895 0.129196 0.142228 0.155961 0.170353 0.185356 0.200911 0.216952 0.233405 0.25019 0.26722 0.284402 0.301641 0.318837 0.335889 0.352696 0.369157 0.385172 0.400644 0.415479 0.429588 0.442888 0.455298 0.466748 0.47717 0.486506 0.494703 0.501715 0.507505 0.51204 0.515297 0.517258 0.517913 0.517258 0.515297 0.51204 0.507505 0.501715 0.494703 0.486506 0.47717 0.466748 0.455298 0.442888 0.429588 0.415479 0.400644 0.385172 0.369157 0.352696 0.335889 0.318837 0.301641 0.284402 0.26722 0.25019 0.233405 0.216952 0.200911 0.185356 0.170353 0.155961 0.142228 0.129196 0.116895 0.10535 0.0945739 0.0845746 0.0753516 0.0668982 0.0592021 0.0522463 0.0460104 0.0404712 0.035604 0.0313837 0.0277854 0.0247856 0.0223631 0.0204992 0.0191791 0.0183915 
0.0194597 0.019739 0.0205794 0.021988 0.0239762 0.0265597 0.0297578 0.0335926 0.0380883 0.0432706 0.0491653 0.0557979 0.0631916 0.0713672 0.0803414 0.0901259 0.100726 0.112142 0.124364 0.137375 0.151149 0.165652 0.180839 0.196658 0.213044 0.229929 0.247232 0.264869 0.282748 0.300771 0.318837 0.336843 0.354683 0.372251 0.389443 0.406155 0.422288 0.437745 0.452434 0.46627 0.479173 0.491069 0.501892 0.51158 0.520083 0.527354 0.533355 0.538055 0.541429 0.54346 0.544138 0.54346 0.541429 0.538055 0.533355 0.527354 0.520083 0.51158 0.501892 0.491069 0.479173 0.46627 0.452434 0.437745 0.422288 0.406155 0.389443 0.372251 0.354683 0.336843 0.318837 0.300771 0.282748 0.264869 0.247232 0.229929 0.213044 0.196658 0.180839 0.165652 0.151149 0.137375 0.124364 0.112142 0.100726 0.0901259 0.0803414 0.0713672 0.0631916 0.0557979 0.0491653 0.0432706 0.0380883 0.0335926 0.0297578 0.0265597 0.0239762 0.021988 0.0205794 0.019739 
0.0208077 0.0211047 0.0219983 0.0234957 0.025609 0.0283543 0.0317516 0.0358238 0.0405958 0.0460941 0.0523451 0.0593747 0.0672066 0.0758614 0.0853555 0.0957 0.1069 0.118952 0.131846 0.145562 0.160072 0.175337 0.19131 0.207933 0.225139 0.242853 0.260991 0.279463 0.298172 0.317016 0.335889 0.354683 0.373287 0.391593 0.409492 0.426876 0.443645 0.459698 0.474943 0.489292 0.502664 0.514984 0.526186 0.536209 0.545001 0.552517 0.558717 0.563571 0.567055 0.569153 0.569853 0.569153 0.567055 0.563571 0.558717 0.552517 0.545001 0.536209 0.526186 0.514984 0.502664 0.489292 0.474943 0.459698 0.443645 0.426876 0.409492 0.391593 0.373287 0.354683 0.335889 0.317016 0.298172 0.279463 0.260991 0.242853 0.225139 0.207933 0.19131 0.175337 0.160072 0.145562 0.131846 0.118952 0.1069 0.0957 0.0853555 0.0758614 0.0672066 0.0593747 0.0523451 0.0460941 0.0405958 0.0358238 0.0317516 0.0283543 0.025609 0.0234957 0.0219983 0.0211047 
0.022165 0.0224797 0.0234264 0.0250126 0.0272508 0.0301577 0.0337539 0.0380629 0.0431104 0.0489235 0.0555294 0.062954 0.0712213 0.080352 0.090362 0.101262 0.113054 0.125736 0.139294 0.153706 0.16894 0.184956 0.2017 0.219112 0.237121 0.255646 0.274599 0.293885 0.313402 0.333042 0.352696 0.372251 0.391593 0.410609 0.429185 0.447214 0.46459 0.481212 0.496985 0.51182 0.525636 0.538358 0.549917 0.560255 0.569318 0.577062 0.583449 0.588447 0.592035 0.594194 0.594914 0.594194 0.592035 0.588447 0.583449 0.577062 0.569318 0.560255 0.549917 0.538358 0.525636 0.51182 0.496985 0.481212 0.46459 0.447214 0.429185 0.410609 0.391593 0.372251 0.352696 0.333042 0.313402 0.293885 0.274599 0.255646 0.237121 0.219112 0.2017 0.184956 0.16894 0.153706 0.139294 0.125736 0.113054 0.101262 0.090362 0.080352 0.0712213 0.062954 0.0555294 0.0489235 0.0431104 0.0380629 0.0337539 0.0301577 0.0272508 0.0250126 0.0234264 0.0224797 
0.0235222 0.0238545 0.0248539 0.0265283 0.0288904 0.0319576 0.035751 0.0402947 0.0456151 0.0517399 0.0586966 0.0665117 0.0752092 0.0848094 0.095328 0.106774 0.11915 0.132451 0.14666 0.161754 0.177698 0.194446 0.211944 0.230126 0.248915 0.268228 0.287972 0.308045 0.328342 0.348751 0.369157 0.389443 0.409492 0.429185 0.448409 0.467051 0.485003 0.502163 0.518435 0.533729 0.547962 0.561059 0.572953 0.583584 0.5929 0.600857 0.607416 0.612549 0.616231 0.618447 0.619187 0.618447 0.616231 0.612549 0.607416 0.600857 0.5929 0.583584 0.572953 0.561059 0.547962 0.533729 0.518435 0.502163 0.485003 0.467051 0.448409 0.429185 0.409492 0.389443 0.369157 0.348751 0.328342 0.308045 0.287972 0.268228 0.248915 0.230126 0.211944 0.194446 0.177698 0.161754 0.14666 0.132451 0.11915 0.106774 0.095328 0.0848094 0.0752092 0.0665117 0.0586966 0.0517399 0.0456151 0.0402947 0.035751 0.0319576 0.0288904 0.0265283 0.0248539 0.0238545 
0.0248695 0.025219 0.0262704 0.0280317 0.030516 0.0337411 0.0377285 0.0425032 0.0480921 0.0545233 0.0618247 0.0700231 0.0791424 0.0892029 0.100219 0.1122 0.125146 0.13905 0.153895 0.169653 0.186286 0.203747 0.221975 0.240902 0.260447 0.28052 0.301025 0.321856 0.342902 0.364047 0.385172 0.406155 0.426876 0.447214 0.467051 0.486272 0.504767 0.522433 0.539173 0.554895 0.569517 0.582964 0.595169 0.606071 0.615621 0.623773 0.630492 0.635747 0.639517 0.641785 0.642543 0.641785 0.639517 0.635747 0.630492 0.623773 0.615621 0.606071 0.595169 0.582964 0.569517 0.554895 0.539173 0.522433 0.504767 0.486272 0.467051 0.447214 0.426876 0.406155 0.385172 0.364047 0.342902 0.321856 0.301025 0.28052 0.260447 0.240902 0.221975 0.203747 0.186286 0.169653 0.153895 0.13905 0.125146 0.1122 0.100219 0.0892029 0.0791424 0.0700231 0.0618247 0.0545233 0.0480921 0.0425032 0.0377285 0.0337411 0.030516 0.0280317 0.0262704 0.025219 
0.0261964 0.0265629 0.0276651 0.0295114 0.0321152 0.0354946 0.0396718 0.0446722 0.0505232 0.0572533 0.0648909 0.0734627 0.0829928 0.093501 0.105001 0.117502 0.131001 0.14549 0.160949 0.177349 0.194649 0.212796 0.231728 0.251371 0.27164 0.292443 0.313676 0.335231 0.356991 0.378836 0.400644 0.422288 0.443645 0.46459 0.485003 0.504767 0.523771 0.54191 0.559084 0.575204 0.590187 0.603956 0.616446 0.627598 0.637362 0.645693 0.652557 0.657925 0.661774 0.66409 0.664863 0.66409 0.661774 0.657925 0.652557 0.645693 0.637362 0.627598 0.616446 0.603956 0.590187 0.575204 0.559084 0.54191 0.523771 0.504767 0.485003 0.46459 0.443645 0.422288 0.400644 0.378836 0.356991 0.335231 0.313676 0.292443 0.27164 0.251371 0.231728 0.212796 0.194649 0.177349 0.160949 0.14549 0.131001 0.117502 0.105001 0.093501 0.0829928 0.0734627 0.0648909 0.0572533 0.0505232 0.0446722 0.0396718 0.0354946 0.0321152 0.0295114 0.0276651 0.0265629 
0.0274925 0.0278754 0.029027 0.0309558 0.0336755 0.0372046 0.0415658 0.0467849 0.0528897 0.0599093 0.0678721 0.076805 0.086732 0.0976723 0.10964 0.12264 0.136672 0.151723 0.167773 0.184789 0.202727 0.221531 0.241136 0.261463 0.282423 0.303919 0.325844 0.348085 0.370521 0.393028 0.415479 0.437745 0.459698 0.481212 0.502163 0.522433 0.54191 0.560486 0.578062 0.594549 0.609862 0.623927 0.636678 0.648057 0.658014 0.666508 0.673503 0.678972 0.682893 0.685251 0.686039 0.685251 0.682893 0.678972 0.673503 0.666508 0.658014 0.648057 0.636678 0.623927 0.609862 0.594549 0.578062 0.560486 0.54191 0.522433 0.502163 0.481212 0.459698 0.437745 0.415479 0.393028 0.370521 0.348085 0.325844 0.303919 0.282423 0.261463 0.241136 0.221531 0.202727 0.184789 0.167773 0.151723 0.136672 0.12264 0.10964 0.0976723 0.086732 0.076805 0.0678721 0.0599093 0.0528897 0.0467849 0.0415658 0.0372046 0.0336755 0.0309558 0.029027 0.0278754 
0.0287471 0.0291458 0.0303449 0.032353 0.0351842 0.0388573 0.0433953 0.0488245 0.0551732 0.0624705 0.0707453 0.0800244 0.0903316 0.101686 0.114099 0.127578 0.142118 0.157706 0.174319 0.191921 0.210466 0.229894 0.250136 0.27111 0.292724 0.314874 0.337452 0.360338 0.383409 0.406536 0.429588 0.452434 0.474943 0.496985 0.518435 0.539173 0.559084 0.578062 0.596008 0.612828 0.628442 0.642776 0.655763 0.667347 0.677479 0.686119 0.693232 0.698791 0.702776 0.705172 0.705972 0.705172 0.702776 0.698791 0.693232 0.686119 0.677479 0.667347 0.655763 0.642776 0.628442 0.612828 0.596008 0.578062 0.559084 0.539173 0.518435 0.496985 0.474943 0.452434 0.429588 0.406536 0.383409 0.360338 0.337452 0.314874 0.292724 0.27111 0.250136 0.229894 0.210466 0.191921 0.174319 0.157706 0.142118 0.127578 0.114099 0.101686 0.0903316 0.0800244 0.0707453 0.0624705 0.0551732 0.0488245 0.0433953 0.0388573 0.0351842 0.032353 0.0303449 0.0291458 
0.0299494 0.0303632 0.0316075 0.0336913 0.0366286 0.0404388 0.0451452 0.0507744 0.057355 0.0649165 0.0734878 0.0830957 0.0937637 0.10551 0.118347 0.132278 0.147299 0.163394 0.180538 0.198693 0.21781 0.237825 0.258667 0.280248 0.302474 0.325237 0.348424 0.371912 0.395574 0.419277 0.442888 0.46627 0.489292 0.51182 0.533729 0.554895 0.575204 0.594549 0.612828 0.629952 0.645838 0.660413 0.673612 0.68538 0.695668 0.704437 0.711654 0.717293 0.721335 0.723765 0.724576 0.723765 0.721335 0.717293 0.711654 0.704437 0.695668 0.68538 0.673612 0.660413 0.645838 0.629952 0.612828 0.594549 0.575204 0.554895 0.533729 0.51182 0.489292 0.46627 0.442888 0.419277 0.395574 0.371912 0.348424 0.325237 0.302474 0.280248 0.258667 0.237825 0.21781 0.198693 0.180538 0.163394 0.147299 0.132278 0.118347 0.10551 0.0937637 0.0830957 0.0734878 0.0649165 0.057355 0.0507744 0.0451452 0.0404388 0.0366286 0.0336913 0.0316075 0.0303632 
0.0310889 0.0315169 0.032804 0.034959 0.0379964 0.0419359 0.0468009 0.0526184 0.0594173 0.0672273 0.0760774 0.0859943 0.0970011 0.109116 0.122349 0.136705 0.152176 0.168746 0.186387 0.205058 0.224707 0.24527 0.266669 0.288815 0.311609 0.33494 0.358691 0.382735 0.406942 0.431175 0.455298 0.479173 0.502664 0.525636 0.547962 0.569517 0.590187 0.609862 0.628442 0.645838 0.661967 0.676757 0.690145 0.702075 0.7125 0.721384 0.728693 0.734402 0.738493 0.740953 0.741774 0.740953 0.738493 0.734402 0.728693 0.721384 0.7125 0.702075 0.690145 0.676757 0.661967 0.645838 0.628442 0.609862 0.590187 0.569517 0.547962 0.525636 0.502664 0.479173 0.455298 0.431175 0.406942 0.382735 0.358691 0.33494 0.311609 0.288815 0.266669 0.24527 0.224707 0.205058 0.186387 0.168746 0.152176 0.136705 0.122349 0.109116 0.0970011 0.0859943 0.0760774 0.0672273 0.0594173 0.0526184 0.0468009 0.0419359 0.0379964 0.034959 0.032804 0.0315169 
