0.00141834 0.00143771 0.00149603 0.0015939 0.0017323 0.00191257 0.0021364 0.00240579 0.002723 0.00309049 0.00351091 0.00398697 0.00452144 0.00511704 0.00577637 0.00650184 0.00729556 0.00815929 0.00909433 0.0101015 0.0111809 0.0123321 0.0135538 0.0148439 0.0161997 0.0176172 0.0190919 0.0206181 0.0221893 0.0237982 0.0254366 0.0270954 0.028765 0.030435 0.0320945 0.0337322 0.0353365 0.0368957 0.0383978 0.0398313 0.0411847 0.042447 0.0436076 0.0446567 0.0455854 0.0463855 0.0470501 0.0475733 0.0479504 0.048178 0.0482541 0.048178 0.0479504 0.0475733 0.0470501 0.0463855 0.0455854 0.0446567 0.0436076 0.042447 0.0411847 0.0398313 0.0383978 0.0368957 0.0353365 0.0337322 0.0320945 0.030435 0.028765 0.0270954 0.0254366 0.0237982 0.0221893 0.0206181 0.0190919 0.0176172 0.0161997 0.0148439 0.0135538 0.0123321 0.0111809 0.0101015 0.00909433 0.00815929 0.00729556 0.00650184 0.00577637 0.00511704 0.00452144 0.00398697 0.00351091 0.00309049 0.002723 0.00240579 0.0021364 0.00191257 0.0017323 0.0015939 0.00149603 0.00143771 
0.00143771 0.00145733 0.00151638 0.00161547 0.00175559 0.00193811 0.00216472 0.00243743 0.00275853 0.00313051 0.00355602 0.00403781 0.00457868 0.00518136 0.00584847 0.00658242 0.00738536 0.00825904 0.00920478 0.0102233 0.0113149 0.0124789 0.0137141 0.0150184 0.0163889 0.0178218 0.0193123 0.0208547 0.0224425 0.0240683 0.0257237 0.0273996 0.0290863 0.0307733 0.0324496 0.0341037 0.0357241 0.0372987 0.0388157 0.0402633 0.0416299 0.0429044 0.0440763 0.0451355 0.0460732 0.046881 0.047552 0.0480802 0.0484608 0.0486906 0.0487675 0.0486906 0.0484608 0.0480802 0.047552 0.046881 0.0460732 0.0451355 0.0440763 0.0429044 0.0416299 0.0402633 0.0388157 0.0372987 0.0357241 0.0341037 0.0324496 0.0307733 0.0290863 0.0273996 0.0257237 0.0240683 0.0224425 0.0208547 0.0193123 0.0178218 0.0163889 0.0150184 0.0137141 0.0124789 0.0113149 0.0102233 0.00920478 0.00825904 0.00738536 0.00658242 0.00584847 0.00518136 0.00457868 0.00403781 0.00355602 0.00313051 0.00275853 0.00243743 0.00216472 0.00193811 0.00175559 0.00161547 0.00151638 0.00145733 
0.00149603 0.00151638 0.00157763 0.0016804 0.00182572 0.00201498 0.00224992 0.00253263 0.00286543 0.0032509 0.00369174 0.00419078 0.00475088 0.00537483 0.00606531 0.00682479 0.00765544 0.00855903 0.00953689 0.0105898 0.0117178 0.0129204 0.0141962 0.0155431 0.0169579 0.0184368 0.0199747 0.0215658 0.0232034 0.0248798 0.0265863 0.0283136 0.0300517 0.0317897 0.0335163 0.0352199 0.0368883 0.0385094 0.0400709 0.0415607 0.0429671 0.0442785 0.0454841 0.0465738 0.0475382 0.0483691 0.0490592 0.0496024 0.0499939 0.0502302 0.0503092 0.0502302 0.0499939 0.0496024 0.0490592 0.0483691 0.0475382 0.0465738 0.0454841 0.0442785 0.0429671 0.0415607 0.0400709 0.0385094 0.0368883 0.0352199 0.0335163 0.0317897 0.0300517 0.0283136 0.0265863 0.0248798 0.0232034 0.0215658 0.0199747 0.0184368 0.0169579 0.0155431 0.0141962 0.0129204 0.0117178 0.0105898 0.00953689 0.00855903 0.00765544 0.00682479 0.00606531 0.00537483 0.00475088 0.00419078 0.00369174 0.0032509 0.00286543 0.00253263 0.00224992 0.00201498 0.00182572 0.0016804 0.00157763 0.00151638 
0.0015939 0.00161547 0.0016804 0.00178934 0.00194336 0.00214391 0.00239283 0.00269227 0.00304468 0.00345271 0.00391922 0.00444714 0.00503942 0.00569898 0.00642858 0.00723077 0.00810777 0.00906139 0.010093 0.0112032 0.0123922 0.0136594 0.0150031 0.016421 0.0179099 0.0194656 0.0210828 0.0227553 0.024476 0.0262369 0.0280287 0.0298419 0.0316656 0.0334887 0.0352994 0.0370854 0.038834 0.0405326 0.0421683 0.0437287 0.0452012 0.0465741 0.047836 0.0489764 0.0499856 0.050855 0.0515769 0.0521451 0.0525546 0.0528018 0.0528844 0.0528018 0.0525546 0.0521451 0.0515769 0.050855 0.0499856 0.0489764 0.047836 0.0465741 0.0452012 0.0437287 0.0421683 0.0405326 0.038834 0.0370854 0.0352994 0.0334887 0.0316656 0.0298419 0.0280287 0.0262369 0.024476 0.0227553 0.0210828 0.0194656 0.0179099 0.016421 0.0150031 0.0136594 0.0123922 0.0112032 0.010093 0.00906139 0.00810777 0.00723077 0.00642858 0.00569898 0.00503942 0.00444714 0.00391922 0.00345271 0.00304468 0.00269227 0.00239283 0.00214391 0.00194336 0.00178934 0.0016804 0.00161547 
0.0017323 0.00175559 0.00182572 0.00194336 0.00210965 0.00232613 0.00259475 0.00291778 0.00329782 0.00373769 0.00424038 0.00480898 0.00544661 0.00615632 0.00694102 0.00780334 0.00874559 0.00976963 0.0108768 0.0120678 0.0133426 0.0147004 0.0161395 0.0176574 0.0192504 0.020914 0.0226426 0.0244294 0.0262668 0.0281462 0.0300579 0.0319913 0.0339353 0.0358779 0.0378064 0.0397078 0.0415689 0.0433761 0.0451159 0.046775 0.0483404 0.0497994 0.0511401 0.0523516 0.0534234 0.0543466 0.0551131 0.0557164 0.0561511 0.0564135 0.0565012 0.0564135 0.0561511 0.0557164 0.0551131 0.0543466 0.0534234 0.0523516 0.0511401 0.0497994 0.0483404 0.046775 0.0451159 0.0433761 0.0415689 0.0397078 0.0378064 0.0358779 0.0339353 0.0319913 0.0300579 0.0281462 0.0262668 0.0244294 0.0226426 0.020914 0.0192504 0.0176574 0.0161395 0.0147004 0.0133426 0.0120678 0.0108768 0.00976963 0.00874559 0.00780334 0.00694102 0.00615632 0.00544661 0.00480898 0.00424038 0.00373769 0.00329782 0.00291778 0.00259475 0.00232613 0.00210965 0.00194336 0.00182572 0.00175559 
0.00191257 0.00193811 0.00201498 0.00214391 0.00232613 0.00256329 0.00285748 0.00321114 0.00362703 0.00410819 0.00465779 0.00527915 0.00597556 0.00675028 0.00760635 0.00854656 0.0095733 0.0106885 0.0118935 0.0131889 0.0145747 0.0160498 0.0176123 0.0192593 0.0209868 0.0227898 0.0246621 0.0265964 0.0285845 0.0306168 0.0326829 0.0347716 0.0368706 0.038967 0.0410473 0.0430975 0.0451034 0.0470504 0.0489242 0.0507103 0.052395 0.0539649 0.0554071 0.0567098 0.0578622 0.0588546 0.0596785 0.0603268 0.0607939 0.0610758 0.0611701 0.0610758 0.0607939 0.0603268 0.0596785 0.0588546 0.0578622 0.0567098 0.0554071 0.0539649 0.052395 0.0507103 0.0489242 0.0470504 0.0451034 0.0430975 0.0410473 0.038967 0.0368706 0.0347716 0.0326829 0.0306168 0.0285845 0.0265964 0.0246621 0.0227898 0.0209868 0.0192593 0.0176123 0.0160498 0.0145747 0.0131889 0.0118935 0.0106885 0.0095733 0.00854656 0.00760635 0.00675028 0.00597556 0.00527915 0.00465779 0.00410819 0.00362703 0.00321114 0.00285748 0.00256329 0.00232613 0.00214391 0.00201498 0.00193811 
0.0021364 0.00216472 0.00224992 0.00239283 0.00259475 0.00285748 0.00318327 0.00357478 0.00403498 0.00456714 0.00517469 0.00586119 0.00663017 0.00748509 0.00842921 0.00946547 0.0105964 0.0118239 0.0131494 0.0145735 0.0160958 0.0177152 0.0194294 0.0212352 0.023128 0.0251023 0.0271512 0.0292667 0.0314395 0.0336595 0.0359151 0.038194 0.040483 0.042768 0.0450342 0.0472667 0.0494498 0.051568 0.0536056 0.0555473 0.0573779 0.0590832 0.0606495 0.0620638 0.0633147 0.0643917 0.0652856 0.065989 0.0664957 0.0668015 0.0669037 0.0668015 0.0664957 0.065989 0.0652856 0.0643917 0.0633147 0.0620638 0.0606495 0.0590832 0.0573779 0.0555473 0.0536056 0.051568 0.0494498 0.0472667 0.0450342 0.042768 0.040483 0.038194 0.0359151 0.0336595 0.0314395 0.0292667 0.0271512 0.0251023 0.023128 0.0212352 0.0194294 0.0177152 0.0160958 0.0145735 0.0131494 0.0118239 0.0105964 0.00946547 0.00842921 0.00748509 0.00663017 0.00586119 0.00517469 0.00456714 0.00403498 0.00357478 0.00318327 0.00285748 0.00259475 0.00239283 0.00224992 0.00216472 
0.00240579 0.00243743 0.00253263 0.00269227 0.00291778 0.00321114 0.00357478 0.00401159 0.00452483 0.00511801 0.00579487 0.00655925 0.00741497 0.00836573 0.00941501 0.0105659 0.0118212 0.0131827 0.0146519 0.0162292 0.0179143 0.0197056 0.0216004 0.0235951 0.0256846 0.0278625 0.0301212 0.0324518 0.0348441 0.0372868 0.0397672 0.0422718 0.0447859 0.0472943 0.0497809 0.0522291 0.0546221 0.0569428 0.0591742 0.0612998 0.0633031 0.0651685 0.0668813 0.0684276 0.0697948 0.0709716 0.0719483 0.0727167 0.0732702 0.0736042 0.0737158 0.0736042 0.0732702 0.0727167 0.0719483 0.0709716 0.0697948 0.0684276 0.0668813 0.0651685 0.0633031 0.0612998 0.0591742 0.0569428 0.0546221 0.0522291 0.0497809 0.0472943 0.0447859 0.0422718 0.0397672 0.0372868 0.0348441 0.0324518 0.0301212 0.0278625 0.0256846 0.0235951 0.0216004 0.0197056 0.0179143 0.0162292 0.0146519 0.0131827 0.0118212 0.0105659 0.00941501 0.00836573 0.00741497 0.00655925 0.00579487 0.00511801 0.00452483 0.00401159 0.00357478 0.00321114 0.00291778 0.00269227 0.00253263 0.00243743 
0.002723 0.00275853 0.00286543 0.00304468 0.00329782 0.00362703 0.00403498 0.00452483 0.0051001 0.00576467 0.00652258 0.00737799 0.00833503 0.00939772 0.0105698 0.0118545 0.0132547 0.0147725 0.0164091 0.018165 0.0200394 0.0220307 0.0241356 0.0263499 0.0286677 0.0310821 0.0335843 0.0361645 0.0388114 0.0415121 0.0442529 0.0470188 0.0497936 0.0525604 0.0553017 0.0579993 0.0606347 0.0631894 0.0656447 0.0679825 0.0701849 0.0722351 0.0741169 0.0758153 0.0773166 0.0786086 0.0796806 0.0805238 0.0811312 0.0814977 0.0816202 0.0814977 0.0811312 0.0805238 0.0796806 0.0786086 0.0773166 0.0758153 0.0741169 0.0722351 0.0701849 0.0679825 0.0656447 0.0631894 0.0606347 0.0579993 0.0553017 0.0525604 0.0497936 0.0470188 0.0442529 0.0415121 0.0388114 0.0361645 0.0335843 0.0310821 0.0286677 0.0263499 0.0241356 0.0220307 0.0200394 0.018165 0.0164091 0.0147725 0.0132547 0.0118545 0.0105698 0.00939772 0.00833503 0.00737799 0.00652258 0.00576467 0.0051001 0.00452483 0.00403498 0.00362703 0.00329782 0.00304468 0.00286543 0.00275853 
0.00309049 0.00313051 0.0032509 0.00345271 0.00373769 0.00410819 0.00456714 0.00511801 0.00576467 0.00651132 0.0073624 0.00832242 0.00939586 0.010587 0.0119 0.0133382 0.0149046 0.0166013 0.0184297 0.0203899 0.022481 0.0247009 0.0270458 0.0295108 0.0320894 0.0347735 0.0375534 0.0404181 0.0433547 0.0463493 0.0493863 0.0524493 0.0555203 0.0585808 0.0616113 0.0645919 0.0675024 0.0703223 0.0730313 0.0756096 0.0780377 0.0802971 0.0823702 0.0842407 0.0858937 0.0873159 0.0884958 0.0894237 0.090092 0.0904952 0.09063 0.0904952 0.090092 0.0894237 0.0884958 0.0873159 0.0858937 0.0842407 0.0823702 0.0802971 0.0780377 0.0756096 0.0730313 0.0703223 0.0675024 0.0645919 0.0616113 0.0585808 0.0555203 0.0524493 0.0493863 0.0463493 0.0433547 0.0404181 0.0375534 0.0347735 0.0320894 0.0295108 0.0270458 0.0247009 0.022481 0.0203899 0.0184297 0.0166013 0.0149046 0.0133382 0.0119 0.010587 0.00939586 0.00832242 0.0073624 0.00651132 0.00576467 0.00511801 0.00456714 0.00410819 0.00373769 0.00345271 0.0032509 0.00313051 
0.00351091 0.00355602 0.00369174 0.00391922 0.00424038 0.00465779 0.00517469 0.00579487 0.00652258 0.0073624 0.00831917 0.0093978 0.0106032 0.0119399 0.0134123 0.0150242 0.0167785 0.0186776 0.0207226 0.0229135 0.0252491 0.0277267 0.0303422 0.0330896 0.0359617 0.0389492 0.0420413 0.0452254 0.0484875 0.0518118 0.0551811 0.058577 0.0619799 0.0653692 0.0687234 0.0720207 0.0752386 0.078355 0.0813474 0.0841942 0.0868741 0.0893669 0.0916533 0.0937158 0.0955379 0.0971052 0.0984053 0.0994275 0.100164 0.100608 0.100756 0.100608 0.100164 0.0994275 0.0984053 0.0971052 0.0955379 0.0937158 0.0916533 0.0893669 0.0868741 0.0841942 0.0813474 0.078355 0.0752386 0.0720207 0.0687234 0.0653692 0.0619799 0.058577 0.0551811 0.0518118 0.0484875 0.0452254 0.0420413 0.0389492 0.0359617 0.0330896 0.0303422 0.0277267 0.0252491 0.0229135 0.0207226 0.0186776 0.0167785 0.0150242 0.0134123 0.0119399 0.0106032 0.0093978 0.00831917 0.0073624 0.00652258 0.00579487 0.00517469 0.00465779 0.00424038 0.00391922 0.00369174 0.00355602 
0.00398697 0.00403781 0.00419078 0.00444714 0.00480898 0.00527915 0.00586119 0.00655925 0.00737799 0.00832242 0.0093978 0.0106095 0.0119627 0.0134626 0.0151136 0.0169199 0.0188845 0.0210097 0.0232967 0.0257451 0.0283535 0.0311186 0.0340354 0.0370974 0.040296 0.0436209 0.0470599 0.050599 0.0542223 0.0579123 0.0616499 0.0654148 0.0691851 0.0729382 0.0766503 0.0802975 0.0838552 0.0872988 0.090604 0.0937469 0.0967045 0.0994545 0.101976 0.10425 0.106258 0.107985 0.109418 0.110544 0.111354 0.111844 0.112007 0.111844 0.111354 0.110544 0.109418 0.107985 0.106258 0.10425 0.101976 0.0994545 0.0967045 0.0937469 0.090604 0.0872988 0.0838552 0.0802975 0.0766503 0.0729382 0.0691851 0.0654148 0.0616499 0.0579123 0.0542223 0.050599 0.0470599 0.0436209 0.040296 0.0370974 0.0340354 0.0311186 0.0283535 0.0257451 0.0232967 0.0210097 0.0188845 0.0169199 0.0151136 0.0134626 0.0119627 0.0106095 0.0093978 0.00832242 0.00737799 0.00655925 0.00586119 0.00527915 0.00480898 0.00444714 0.00419078 0.00403781 
0.00452144 0.00457868 0.00475088 0.00503942 0.00544661 0.00597556 0.00663017 0.00741497 0.00833503 0.00939586 0.0106032 0.0119627 0.0134803 0.0151613 0.0170105 0.0190323 0.0212299 0.0236056 0.0261604 0.0288938 0.0318036 0.0348861 0.0381357 0.0415445 0.0451031 0.0487996 0.0526204 0.0565498 0.06057 0.0646617 0.0688036 0.0729731 0.0771462 0.0812977 0.0854018 0.0894318 0.0933608 0.0971621 0.100809 0.104275 0.107536 0.110566 0.113344 0.115848 0.11806 0.119961 0.121537 0.122776 0.123668 0.124206 0.124386 0.124206 0.123668 0.122776 0.121537 0.119961 0.11806 0.115848 0.113344 0.110566 0.107536 0.104275 0.100809 0.0971621 0.0933608 0.0894318 0.0854018 0.0812977 0.0771462 0.0729731 0.0688036 0.0646617 0.06057 0.0565498 0.0526204 0.0487996 0.0451031 0.0415445 0.0381357 0.0348861 0.0318036 0.0288938 0.0261604 0.0236056 0.0212299 0.0190323 0.0170105 0.0151613 0.0134803 0.0119627 0.0106032 0.00939586 0.00833503 0.00741497 0.00663017 0.00597556 0.00544661 0.00503942 0.00475088 0.00457868 
0.00511704 0.00518136 0.00537483 0.00569898 0.00615632 0.00675028 0.00748509 0.00836573 0.00939772 0.010587 0.0119399 0.0134626 0.0151613 0.0170417 0.0191092 0.021368 0.0238218 0.0264727 0.0293215 0.0323674 0.0356077 0.039038 0.0426517 0.04644 0.0503919 0.0544943 0.0587318 0.0630868 0.0675397 0.0720687 0.0766505 0.08126 0.0858706 0.0904548 0.0949841 0.0994292 0.103761 0.107949 0.111966 0.115782 0.11937 0.122704 0.125759 0.128512 0.130942 0.133031 0.134763 0.136124 0.137103 0.137694 0.137892 0.137694 0.137103 0.136124 0.134763 0.133031 0.130942 0.128512 0.125759 0.122704 0.11937 0.115782 0.111966 0.107949 0.103761 0.0994292 0.0949841 0.0904548 0.0858706 0.08126 0.0766505 0.0720687 0.0675397 0.0630868 0.0587318 0.0544943 0.0503919 0.04644 0.0426517 0.039038 0.0356077 0.0323674 0.0293215 0.0264727 0.0238218 0.021368 0.0191092 0.0170417 0.0151613 0.0134626 0.0119399 0.010587 0.00939772 0.00836573 0.00748509 0.00675028 0.00615632 0.00569898 0.00537483 0.00518136 
0.00577637 0.00584847 0.00606531 0.00642858 0.00694102 0.00760635 0.00842921 0.00941501 0.0105698 0.0119 0.0134123 0.0151136 0.0170105 0.0191092 0.0214151 0.023933 0.0266664 0.0296174 0.0327867 0.0361729 0.0397729 0.0435814 0.0475907 0.0517909 0.0561696 0.060712 0.0654008 0.0702165 0.0751371 0.0801388 0.0851955 0.0902797 0.0953621 0.100412 0.105399 0.110291 0.115055 0.11966 0.124074 0.128265 0.132205 0.135864 0.139215 0.142235 0.144899 0.147189 0.149087 0.150579 0.151652 0.1523 0.152516 0.1523 0.151652 0.150579 0.149087 0.147189 0.144899 0.142235 0.139215 0.135864 0.132205 0.128265 0.124074 0.11966 0.115055 0.110291 0.105399 0.100412 0.0953621 0.0902797 0.0851955 0.0801388 0.0751371 0.0702165 0.0654008 0.060712 0.0561696 0.0517909 0.0475907 0.0435814 0.0397729 0.0361729 0.0327867 0.0296174 0.0266664 0.023933 0.0214151 0.0191092 0.0170105 0.0151136 0.0134123 0.0119 0.0105698 0.00941501 0.00842921 0.00760635 0.00694102 0.00642858 0.00606531 0.00584847 
0.00650184 0.00658242 0.00682479 0.00723077 0.00780334 0.00854656 0.00946547 0.0105659 0.0118545 0.0133382 0.0150242 0.0169199 0.0190323 0.021368 0.023933 0.026732 0.0297686 0.0330449 0.0365611 0.0403156 0.0443045 0.0485214 0.0529578 0.0576022 0.0624408 0.0674568 0.0726311 0.0779419 0.0833649 0.0888737 0.0944396 0.100032 0.10562 0.111169 0.116645 0.122014 0.12724 0.132288 0.137125 0.141716 0.14603 0.150035 0.153702 0.157004 0.159918 0.162422 0.164496 0.166126 0.167299 0.168007 0.168243 0.168007 0.167299 0.166126 0.164496 0.162422 0.159918 0.157004 0.153702 0.150035 0.14603 0.141716 0.137125 0.132288 0.12724 0.122014 0.116645 0.111169 0.10562 0.100032 0.0944396 0.0888737 0.0833649 0.0779419 0.0726311 0.0674568 0.0624408 0.0576022 0.0529578 0.0485214 0.0443045 0.0403156 0.0365611 0.0330449 0.0297686 0.026732 0.023933 0.021368 0.0190323 0.0169199 0.0150242 0.0133382 0.0118545 0.0105659 0.00946547 0.00854656 0.00780334 0.00723077 0.00682479 0.00658242 
0.00729556 0.00738536 0.00765544 0.00810777 0.00874559 0.0095733 0.0105964 0.0118212 0.0132547 0.0149046 0.0167785 0.0188845 0.0212299 0.0238218 0.0266664 0.0297686 0.0331321 0.0367587 0.0406484 0.0447988 0.0492055 0.0538609 0.0587553 0.0638758 0.0692068 0.0747296 0.0804228 0.0862624 0.0922214 0.0982709 0.104379 0.110513 0.116637 0.122716 0.128712 0.134586 0.140302 0.145821 0.151106 0.15612 0.160829 0.165199 0.169199 0.172801 0.175978 0.178706 0.180967 0.182743 0.184021 0.184792 0.185049 0.184792 0.184021 0.182743 0.180967 0.178706 0.175978 0.172801 0.169199 0.165199 0.160829 0.15612 0.151106 0.145821 0.140302 0.134586 0.128712 0.122716 0.116637 0.110513 0.104379 0.0982709 0.0922214 0.0862624 0.0804228 0.0747296 0.0692068 0.0638758 0.0587553 0.0538609 0.0492055 0.0447988 0.0406484 0.0367587 0.0331321 0.0297686 0.0266664 0.0238218 0.0212299 0.0188845 0.0167785 0.0149046 0.0132547 0.0118212 0.0105964 0.0095733 0.00874559 0.00810777 0.00765544 0.00738536 
0.00815929 0.00825904 0.00855903 0.00906139 0.00976963 0.0106885 0.0118239 0.0131827 0.0147725 0.0166013 0.0186776 0.0210097 0.0236056 0.0264727 0.0296174 0.0330449 0.0367587 0.0407605 0.0450497 0.0496236 0.0544765 0.0596 0.0649828 0.0706105 0.0764656 0.0825273 0.0887719 0.0951727 0.1017 0.108323 0.115005 0.121711 0.128403 0.135041 0.141585 0.147993 0.154224 0.160238 0.165994 0.171453 0.176577 0.181331 0.18568 0.189595 0.193048 0.196012 0.198468 0.200397 0.201784 0.202621 0.202901 0.202621 0.201784 0.200397 0.198468 0.196012 0.193048 0.189595 0.18568 0.181331 0.176577 0.171453 0.165994 0.160238 0.154224 0.147993 0.141585 0.135041 0.128403 0.121711 0.115005 0.108323 0.1017 0.0951727 0.0887719 0.0825273 0.0764656 0.0706105 0.0649828 0.0596 0.0544765 0.0496236 0.0450497 0.0407605 0.0367587 0.0330449 0.0296174 0.0264727 0.0236056 0.0210097 0.0186776 0.0166013 0.0147725 0.0131827 0.0118239 0.0106885 0.00976963 0.00906139 0.00855903 0.00825904 
0.00909433 0.00920478 0.00953689 0.010093 0.0108768 0.0118935 0.0131494 0.0146519 0.0164091 0.0184297 0.0207226 0.0232967 0.0261604 0.0293215 0.0327867 0.0365611 0.0406484 0.0450497 0.0497642 0.0547883 0.0601152 0.0657356 0.0716363 0.0778014 0.0842112 0.0908427 0.0976698 0.104663 0.11179 0.119016 0.126303 0.133611 0.140899 0.148124 0.155242 0.162209 0.16898 0.175512 0.18176 0.187683 0.19324 0.198394 0.203108 0.20735 0.211089 0.2143 0.216958 0.219046 0.220548 0.221453 0.221756 0.221453 0.220548 0.219046 0.216958 0.2143 0.211089 0.20735 0.203108 0.198394 0.19324 0.187683 0.18176 0.175512 0.16898 0.162209 0.155242 0.148124 0.140899 0.133611 0.126303 0.119016 0.11179 0.104663 0.0976698 0.0908427 0.0842112 0.0778014 0.0716363 0.0657356 0.0601152 0.0547883 0.0497642 0.0450497 0.0406484 0.0365611 0.0327867 0.0293215 0.0261604 0.0232967 0.0207226 0.0184297 0.0164091 0.0146519 0.0131494 0.0118935 0.0108768 0.010093 0.00953689 0.00920478 
0.0101015 0.0102233 0.0105898 0.0112032 0.0120678 0.0131889 0.0145735 0.0162292 0.018165 0.0203899 0.0229135 0.0257451 0.0288938 0.0323674 0.0361729 0.0403156 0.0447988 0.0496236 0.0547883 0.0602884 0.0661164 0.0722611 0.0787082 0.0854395 0.0924332 0.0996641 0.107103 0.114718 0.122474 0.130332 0.138251 0.146189 0.154099 0.161937 0.169654 0.177203 0.184536 0.191605 0.198365 0.20477 0.210778 0.216346 0.221438 0.226018 0.230054 0.233518 0.236386 0.238638 0.240258 0.241235 0.241561 0.241235 0.240258 0.238638 0.236386 0.233518 0.230054 0.226018 0.221438 0.216346 0.210778 0.20477 0.198365 0.191605 0.184536 0.177203 0.169654 0.161937 0.154099 0.146189 0.138251 0.130332 0.122474 0.114718 0.107103 0.0996641 0.0924332 0.0854395 0.0787082 0.0722611 0.0661164 0.0602884 0.0547883 0.0496236 0.0447988 0.0403156 0.0361729 0.0323674 0.0288938 0.0257451 0.0229135 0.0203899 0.018165 0.0162292 0.0145735 0.0131889 0.0120678 0.0112032 0.0105898 0.0102233 
0.0111809 0.0113149 0.0117178 0.0123922 0.0133426 0.0145747 0.0160958 0.0179143 0.0200394 0.022481 0.0252491 0.0283535 0.0318036 0.0356077 0.0397729 0.0443045 0.0492055 0.0544765 0.0601152 0.0661164 0.0724709 0.0791665 0.0861867 0.0935115 0.101117 0.108975 0.117053 0.125317 0.133729 0.142245 0.150823 0.159414 0.167972 0.176445 0.184783 0.192935 0.200849 0.208475 0.215763 0.222666 0.229137 0.235133 0.240613 0.245541 0.249883 0.253608 0.256692 0.259113 0.260854 0.261904 0.262255 0.261904 0.260854 0.259113 0.256692 0.253608 0.249883 0.245541 0.240613 0.235133 0.229137 0.222666 0.215763 0.208475 0.200849 0.192935 0.184783 0.176445 0.167972 0.159414 0.150823 0.142245 0.133729 0.125317 0.117053 0.108975 0.101117 0.0935115 0.0861867 0.0791665 0.0724709 0.0661164 0.0601152 0.0544765 0.0492055 0.0443045 0.0397729 0.0356077 0.0318036 0.0283535 0.0252491 0.022481 0.0200394 0.0179143 0.0160958 0.0145747 0.0133426 0.0123922 0.0117178 0.0113149 
0.0123321 0.0124789 0.0129204 0.0136594 0.0147004 0.0160498 0.0177152 0.0197056 0.0220307 0.0247009 0.0277267 0.0311186 0.0348861 0.039038 0.0435814 0.0485214 0.0538609 0.0596 0.0657356 0.0722611 0.0791665 0.0864375 0.0940561 0.102 0.110242 0.118752 0.127496 0.136434 0.145525 0.154724 0.163983 0.173252 0.182477 0.191607 0.200585 0.209358 0.21787 0.226068 0.233898 0.241311 0.248258 0.254692 0.26057 0.265854 0.270508 0.274501 0.277805 0.280398 0.282263 0.283388 0.283763 0.283388 0.282263 0.280398 0.277805 0.274501 0.270508 0.265854 0.26057 0.254692 0.248258 0.241311 0.233898 0.226068 0.21787 0.209358 0.200585 0.191607 0.182477 0.173252 0.163983 0.154724 0.145525 0.136434 0.127496 0.118752 0.110242 0.102 0.0940561 0.0864375 0.0791665 0.0722611 0.0657356 0.0596 0.0538609 0.0485214 0.0435814 0.039038 0.0348861 0.0311186 0.0277267 0.0247009 0.0220307 0.0197056 0.0177152 0.0160498 0.0147004 0.0136594 0.0129204 0.0124789 
0.0135538 0.0137141 0.0141962 0.0150031 0.0161395 0.0176123 0.0194294 0.0216004 0.0241356 0.0270458 0.0303422 0.0340354 0.0381357 0.0426517 0.0475907 0.0529578 0.0587553 0.0649828 0.0716363 0.0787082 0.0861867 0.0940561 0.102296 0.110882 0.119784 0.12897 0.138401 0.148036 0.157829 0.167731 0.177692 0.187656 0.197568 0.207371 0.217006 0.226414 0.235538 0.244321 0.252706 0.26064 0.268071 0.274951 0.281235 0.286881 0.291853 0.296116 0.299644 0.302413 0.304403 0.305603 0.306004 0.305603 0.304403 0.302413 0.299644 0.296116 0.291853 0.286881 0.281235 0.274951 0.268071 0.26064 0.252706 0.244321 0.235538 0.226414 0.217006 0.207371 0.197568 0.187656 0.177692 0.167731 0.157829 0.148036 0.138401 0.12897 0.119784 0.110882 0.102296 0.0940561 0.0861867 0.0787082 0.0716363 0.0649828 0.0587553 0.0529578 0.0475907 0.0426517 0.0381357 0.0340354 0.0303422 0.0270458 0.0241356 0.0216004 0.0194294 0.0176123 0.0161395 0.0150031 0.0141962 0.0137141 
0.0148439 0.0150184 0.0155431 0.016421 0.0176574 0.0192593 0.0212352 0.0235951 0.0263499 0.0295108 0.0330896 0.0370974 0.0415445 0.04644 0.0517909 0.0576022 0.0638758 0.0706105 0.0778014 0.0854395 0.0935115 0.102 0.110882 0.12013 0.129713 0.139595 0.149733 0.160084 0.170598 0.181222 0.191901 0.202577 0.213191 0.223681 0.233985 0.244042 0.253789 0.263165 0.272113 0.280576 0.288498 0.29583 0.302524 0.308537 0.313829 0.318367 0.322121 0.325066 0.327183 0.328459 0.328886 0.328459 0.327183 0.325066 0.322121 0.318367 0.313829 0.308537 0.302524 0.29583 0.288498 0.280576 0.272113 0.263165 0.253789 0.244042 0.233985 0.223681 0.213191 0.202577 0.191901 0.181222 0.170598 0.160084 0.149733 0.139595 0.129713 0.12013 0.110882 0.102 0.0935115 0.0854395 0.0778014 0.0706105 0.0638758 0.0576022 0.0517909 0.04644 0.0415445 0.0370974 0.0330896 0.0295108 0.0263499 0.0235951 0.0212352 0.0192593 0.0176574 0.016421 0.0155431 0.0150184 
0.0161997 0.0163889 0.0169579 0.0179099 0.0192504 0.0209868 0.023128 0.0256846 0.0286677 0.0320894 0.0359617 0.040296 0.0451031 0.0503919 0.0561696 0.0624408 0.0692068 0.0764656 0.0842112 0.0924332 0.101117 0.110242 0.119784 0.129713 0.139995 0.15059 0.161452 0.172535 0.183784 0.195145 0.206556 0.217957 0.229285 0.240473 0.251456 0.262169 0.272546 0.282524 0.29204 0.301035 0.309453 0.31724 0.324347 0.330728 0.336343 0.341156 0.345137 0.348259 0.350504 0.351856 0.352308 0.351856 0.350504 0.348259 0.345137 0.341156 0.336343 0.330728 0.324347 0.31724 0.309453 0.301035 0.29204 0.282524 0.272546 0.262169 0.251456 0.240473 0.229285 0.217957 0.206556 0.195145 0.183784 0.172535 0.161452 0.15059 0.139995 0.129713 0.119784 0.110242 0.101117 0.0924332 0.0842112 0.0764656 0.0692068 0.0624408 0.0561696 0.0503919 0.0451031 0.040296 0.0359617 0.0320894 0.0286677 0.0256846 0.023128 0.0209868 0.0192504 0.0179099 0.0169579 0.0163889 
0.0176172 0.0178218 0.0184368 0.0194656 0.020914 0.0227898 0.0251023 0.0278625 0.0310821 0.0347735 0.0389492 0.0436209 0.0487996 0.0544943 0.060712 0.0674568 0.0747296 0.0825273 0.0908427 0.0996641 0.108975 0.118752 0.12897 0.139595 0.15059 0.161911 0.173512 0.185339 0.197336 0.209443 0.221597 0.233733 0.245781 0.257674 0.269343 0.280717 0.291728 0.30231 0.312398 0.321928 0.330843 0.339085 0.346605 0.353354 0.359292 0.36438 0.368586 0.371886 0.374257 0.375686 0.376163 0.375686 0.374257 0.371886 0.368586 0.36438 0.359292 0.353354 0.346605 0.339085 0.330843 0.321928 0.312398 0.30231 0.291728 0.280717 0.269343 0.257674 0.245781 0.233733 0.221597 0.209443 0.197336 0.185339 0.173512 0.161911 0.15059 0.139595 0.12897 0.118752 0.108975 0.0996641 0.0908427 0.0825273 0.0747296 0.0674568 0.060712 0.0544943 0.0487996 0.0436209 0.0389492 0.0347735 0.0310821 0.0278625 0.0251023 0.0227898 0.020914 0.0194656 0.0184368 0.0178218 
0.0190919 0.0193123 0.0199747 0.0210828 0.0226426 0.0246621 0.0271512 0.0301212 0.0335843 0.0375534 0.0420413 0.0470599 0.0526204 0.0587318 0.0654008 0.0726311 0.0804228 0.0887719 0.0976698 0.107103 0.117053 0.127496 0.138401 0.149733 0.161452 0.173512 0.18586 0.19844 0.211194 0.224055 0.236958 0.249833 0.262607 0.275209 0.287564 0.299602 0.311248 0.322435 0.333092 0.343157 0.352566 0.361263 0.369193 0.376309 0.382566 0.387927 0.392358 0.395833 0.39833 0.399835 0.400337 0.399835 0.39833 0.395833 0.392358 0.387927 0.382566 0.376309 0.369193 0.361263 0.352566 0.343157 0.333092 0.322435 0.311248 0.299602 0.287564 0.275209 0.262607 0.249833 0.236958 0.224055 0.211194 0.19844 0.18586 0.173512 0.161452 0.149733 0.138401 0.127496 0.117053 0.107103 0.0976698 0.0887719 0.0804228 0.0726311 0.0654008 0.0587318 0.0526204 0.0470599 0.0420413 0.0375534 0.0335843 0.0301212 0.0271512 0.0246621 0.0226426 0.0210828 0.0199747 0.0193123 
0.0206181 0.0208547 0.0215658 0.0227553 0.0244294 0.0265964 0.0292667 0.0324518 0.0361645 0.0404181 0.0452254 0.050599 0.0565498 0.0630868 0.0702165 0.0779419 0.0862624 0.0951727 0.104663 0.114718 0.125317 0.136434 0.148036 0.160084 0.172535 0.185339 0.19844 0.21178 0.225294 0.238913 0.252568 0.266183 0.279683 0.292993 0.306035 0.318733 0.331013 0.3428 0.354024 0.364618 0.374518 0.383664 0.392001 0.399478 0.406052 0.411682 0.416335 0.419982 0.422603 0.424182 0.42471 0.424182 0.422603 0.419982 0.416335 0.411682 0.406052 0.399478 0.392001 0.383664 0.374518 0.364618 0.354024 0.3428 0.331013 0.318733 0.306035 0.292993 0.279683 0.266183 0.252568 0.238913 0.225294 0.21178 0.19844 0.185339 0.172535 0.160084 0.148036 0.136434 0.125317 0.114718 0.104663 0.0951727 0.0862624 0.0779419 0.0702165 0.0630868 0.0565498 0.050599 0.0452254 0.0404181 0.0361645 0.0324518 0.0292667 0.0265964 0.0244294 0.0227553 0.0215658 0.0208547 
0.0221893 0.0224425 0.0232034 0.024476 0.0262668 0.0285845 0.0314395 0.0348441 0.0388114 0.0433547 0.0484875 0.0542223 0.06057 0.0675397 0.0751371 0.0833649 0.0922214 0.1017 0.11179 0.122474 0.133729 0.145525 0.157829 0.170598 0.183784 0.197336 0.211194 0.225294 0.239568 0.253945 0.268349 0.282702 0.296926 0.31094 0.324663 0.338017 0.350923 0.363304 0.375088 0.386205 0.396588 0.406176 0.414913 0.422746 0.42963 0.435524 0.440394 0.444212 0.446954 0.448606 0.449158 0.448606 0.446954 0.444212 0.440394 0.435524 0.42963 0.422746 0.414913 0.406176 0.396588 0.386205 0.375088 0.363304 0.350923 0.338017 0.324663 0.31094 0.296926 0.282702 0.268349 0.253945 0.239568 0.225294 0.211194 0.197336 0.183784 0.170598 0.157829 0.145525 0.133729 0.122474 0.11179 0.1017 0.0922214 0.0833649 0.0751371 0.0675397 0.06057 0.0542223 0.0484875 0.0433547 0.0388114 0.0348441 0.0314395 0.0285845 0.0262668 0.024476 0.0232034 0.0224425 
0.0237982 0.0240683 0.0248798 0.0262369 0.0281462 0.0306168 0.0336595 0.0372868 0.0415121 0.0463493 0.0518118 0.0579123 0.0646617 0.0720687 0.0801388 0.0888737 0.0982709 0.108323 0.119016 0.130332 0.142245 0.154724 0.167731 0.181222 0.195145 0.209443 0.224055 0.238913 0.253945 0.269075 0.284223 0.299308 0.314248 0.328958 0.343354 0.357354 0.370876 0.383843 0.396176 0.407806 0.418663 0.428685 0.437812 0.445993 0.45318 0.459332 0.464413 0.468396 0.471256 0.472979 0.473555 0.472979 0.471256 0.468396 0.464413 0.459332 0.45318 0.445993 0.437812 0.428685 0.418663 0.407806 0.396176 0.383843 0.370876 0.357354 0.343354 0.328958 0.314248 0.299308 0.284223 0.269075 0.253945 0.238913 0.224055 0.209443 0.195145 0.181222 0.167731 0.154724 0.142245 0.130332 0.119016 0.108323 0.0982709 0.0888737 0.0801388 0.0720687 0.0646617 0.0579123 0.0518118 0.0463493 0.0415121 0.0372868 0.0336595 0.0306168 0.0281462 0.0262369 0.0248798 0.0240683 
0.0254366 0.0257237 0.0265863 0.0280287 0.0300579 0.0326829 0.0359151 0.0397672 0.0442529 0.0493863 0.0551811 0.0616499 0.0688036 0.0766505 0.0851955 0.0944396 0.104379 0.115005 0.126303 0.138251 0.150823 0.163983 0.177692 0.191901 0.206556 0.221597 0.236958 0.252568 0.268349 0.284223 0.300106 0.315913 0.331558 0.346952 0.362009 0.376643 0.39077 0.404308 0.417179 0.429309 0.440628 0.451071 0.460578 0.469097 0.476577 0.482979 0.488266 0.492408 0.495383 0.497175 0.497773 0.497175 0.495383 0.492408 0.488266 0.482979 0.476577 0.469097 0.460578 0.451071 0.440628 0.429309 0.417179 0.404308 0.39077 0.376643 0.362009 0.346952 0.331558 0.315913 0.300106 0.284223 0.268349 0.252568 0.236958 0.221597 0.206556 0.191901 0.177692 0.163983 0.150823 0.138251 0.126303 0.115005 0.104379 0.0944396 0.0851955 0.0766505 0.0688036 0.0616499 0.0551811 0.0493863 0.0442529 0.0397672 0.0359151 0.0326829 0.0300579 0.0280287 0.0265863 0.0257237 
0.0270954 0.0273996 0.0283136 0.0298419 0.0319913 0.0347716 0.038194 0.0422718 0.0470188 0.0524493 0.058577 0.0654148 0.0729731 0.08126 0.0902797 0.100032 0.110513 0.121711 0.133611 0.146189 0.159414 0.173252 0.187656 0.202577 0.217957 0.233733 0.249833 0.266183 0.282702 0.299308 0.315913 0.332428 0.348763 0.364827 0.38053 0.395782 0.410497 0.424591 0.437984 0.450599 0.462365 0.473216 0.483091 0.491935 0.4997 0.506342 0.511826 0.516122 0.519208 0.521065 0.521686 0.521065 0.519208 0.516122 0.511826 0.506342 0.4997 0.491935 0.483091 0.473216 0.462365 0.450599 0.437984 0.424591 0.410497 0.395782 0.38053 0.364827 0.348763 0.332428 0.315913 0.299308 0.282702 0.266183 0.249833 0.233733 0.217957 0.202577 0.187656 0.173252 0.159414 0.146189 0.133611 0.121711 0.110513 0.100032 0.0902797 0.08126 0.0729731 0.0654148 0.058577 0.0524493 0.0470188 0.0422718 0.038194 0.0347716 0.0319913 0.0298419 0.0283136 0.0273996 
0.028765 0.0290863 0.0300517 0.0316656 0.0339353 0.0368706 0.040483 0.0447859 0.0497936 0.0555203 0.0619799 0.0691851 0.0771462 0.0858706 0.0953621 0.10562 0.116637 0.128403 0.140899 0.154099 0.167972 0.182477 0.197568 0.213191 0.229285 0.245781 0.262607 0.279683 0.296926 0.314248 0.331558 0.348763 0.365771 0.382486 0.398815 0.414667 0.429952 0.444584 0.45848 0.471563 0.48376 0.495003 0.505231 0.514388 0.522424 0.529297 0.53497 0.539414 0.542604 0.544525 0.545167 0.544525 0.542604 0.539414 0.53497 0.529297 0.522424 0.514388 0.505231 0.495003 0.48376 0.471563 0.45848 0.444584 0.429952 0.414667 0.398815 0.382486 0.365771 0.348763 0.331558 0.314248 0.296926 0.279683 0.262607 0.245781 0.229285 0.213191 0.197568 0.182477 0.167972 0.154099 0.140899 0.128403 0.116637 0.10562 0.0953621 0.0858706 0.0771462 0.0691851 0.0619799 0.0555203 0.0497936 0.0447859 0.040483 0.0368706 0.0339353 0.0316656 0.0300517 0.0290863 
0.030435 0.0307733 0.0317897 0.0334887 0.0358779 0.038967 0.042768 0.0472943 0.0525604 0.0585808 0.0653692 0.0729382 0.0812977 0.0904548 0.100412 0.111169 0.122716 0.135041 0.148124 0.161937 0.176445 0.191607 0.207371 0.223681 0.240473 0.257674 0.275209 0.292993 0.31094 0.328958 0.346952 0.364827 0.382486 0.39983 0.416765 0.433195 0.449028 0.464177 0.478557 0.492089 0.504698 0.516316 0.526881 0.536336 0.544631 0.551724 0.557577 0.56216 0.56545 0.567431 0.568093 0.567431 0.56545 0.56216 0.557577 0.551724 0.544631 0.536336 0.526881 0.516316 0.504698 0.492089 0.478557 0.464177 0.449028 0.433195 0.416765 0.39983 0.382486 0.364827 0.346952 0.328958 0.31094 0.292993 0.275209 0.257674 0.240473 0.223681 0.207371 0.191607 0.176445 0.161937 0.148124 0.135041 0.122716 0.111169 0.100412 0.0904548 0.0812977 0.0729382 0.0653692 0.0585808 0.0525604 0.0472943 0.042768 0.038967 0.0358779 0.0334887 0.0317897 0.0307733 
0.0320945 0.0324496 0.0335163 0.0352994 0.0378064 0.0410473 0.0450342 0.0497809 0.0553017 0.0616113 0.0687234 0.0766503 0.0854018 0.0949841 0.105399 0.116645 0.128712 0.141585 0.155242 0.169654 0.184783 0.200585 0.217006 0.233985 0.251456 0.269343 0.287564 0.306035 0.324663 0.343354 0.362009 0.38053 0.398815 0.416765 0.43428 0.451264 0.467622 0.483265 0.498106 0.512065 0.525067 0.537041 0.547926 0.557663 0.566204 0.573504 0.579527 0.584242 0.587627 0.589665 0.590345 0.589665 0.587627 0.584242 0.579527 0.573504 0.566204 0.557663 0.547926 0.537041 0.525067 0.512065 0.498106 0.483265 0.467622 0.451264 0.43428 0.416765 0.398815 0.38053 0.362009 0.343354 0.324663 0.306035 0.287564 0.269343 0.251456 0.233985 0.217006 0.200585 0.184783 0.169654 0.155242 0.141585 0.128712 0.116645 0.105399 0.0949841 0.0854018 0.0766503 0.0687234 0.0616113 0.0553017 0.0497809 0.0450342 0.0410473 0.0378064 0.0352994 0.0335163 0.0324496 
0.0337322 0.0341037 0.0352199 0.0370854 0.0397078 0.0430975 0.0472667 0.0522291 0.0579993 0.0645919 0.0720207 0.0802975 0.0894318 0.0994292 0.110291 0.122014 0.134586 0.147993 0.162209 0.177203 0.192935 0.209358 0.226414 0.244042 0.262169 0.280717 0.299602 0.318733 0.338017 0.357354 0.376643 0.395782 0.414667 0.433195 0.451264 0.468775 0.485633 0.501744 0.517023 0.531386 0.544759 0.55707 0.568256 0.578259 0.587031 0.594526 0.600708 0.605548 0.609021 0.611111 0.611809 0.611111 0.609021 0.605548 0.600708 0.594526 0.587031 0.578259 0.568256 0.55707 0.544759 0.531386 0.517023 0.501744 0.485633 0.468775 0.451264 0.433195 0.414667 0.395782 0.376643 0.357354 0.338017 0.318733 0.299602 0.280717 0.262169 0.244042 0.226414 0.209358 0.192935 0.177203 0.162209 0.147993 0.134586 0.122014 0.110291 0.0994292 0.0894318 0.0802975 0.0720207 0.0645919 0.0579993 0.0522291 0.0472667 0.0430975 0.0397078 0.0370854 0.0352199 0.0341037 
0.0353365 0.0357241 0.0368883 0.038834 0.0415689 0.0451034 0.0494498 0.0546221 0.0606347 0.0675024 0.0752386 0.0838552 0.0933608 0.103761 0.115055 0.12724 0.140302 0.154224 0.16898 0.184536 0.200849 0.21787 0.235538 0.253789 0.272546 0.291728 0.311248 0.331013 0.350923 0.370876 0.39077 0.410497 0.429952 0.449028 0.467622 0.485633 0.502962 0.519516 0.535206 0.54995 0.563671 0.576297 0.587765 0.598018 0.607005 0.614682 0.621013 0.625968 0.629524 0.631664 0.632378 0.631664 0.629524 0.625968 0.621013 0.614682 0.607005 0.598018 0.587765 0.576297 0.563671 0.54995 0.535206 0.519516 0.502962 0.485633 0.467622 0.449028 0.429952 0.410497 0.39077 0.370876 0.350923 0.331013 0.311248 0.291728 0.272546 0.253789 0.235538 0.21787 0.200849 0.184536 0.16898 0.154224 0.140302 0.12724 0.115055 0.103761 0.0933608 0.0838552 0.0752386 0.0675024 0.0606347 0.0546221 0.0494498 0.0451034 0.0415689 0.038834 0.0368883 0.0357241 
0.0368957 0.0372987 0.0385094 0.0405326 0.0433761 0.0470504 0.051568 0.0569428 0.0631894 0.0703223 0.078355 0.0872988 0.0971621 0.107949 0.11966 0.132288 0.145821 0.160238 0.175512 0.191605 0.208475 0.226068 0.244321 0.263165 0.282524 0.30231 0.322435 0.3428 0.363304 0.383843 0.404308 0.424591 0.444584 0.464177 0.483265 0.501744 0.519516 0.536484 0.55256 0.567659 0.581704 0.594624 0.606355 0.616839 0.626025 0.633871 0.64034 0.645402 0.649034 0.651219 0.651949 0.651219 0.649034 0.645402 0.64034 0.633871 0.626025 0.616839 0.606355 0.594624 0.581704 0.567659 0.55256 0.536484 0.519516 0.501744 0.483265 0.464177 0.444584 0.424591 0.404308 0.383843 0.363304 0.3428 0.322435 0.30231 0.282524 0.263165 0.244321 0.226068 0.208475 0.191605 0.175512 0.160238 0.145821 0.132288 0.11966 0.107949 0.0971621 0.0872988 0.078355 0.0703223 0.0631894 0.0569428 0.051568 0.0470504 0.0433761 0.0405326 0.0385094 0.0372987 
0.0383978 0.0388157 0.0400709 0.0421683 0.0451159 0.0489242 0.0536056 0.0591742 0.0656447 0.0730313 0.0813474 0.090604 0.100809 0.111966 0.124074 0.137125 0.151106 0.165994 0.18176 0.198365 0.215763 0.233898 0.252706 0.272113 0.29204 0.312398 0.333092 0.354024 0.375088 0.396176 0.417179 0.437984 0.45848 0.478557 0.498106 0.517023 0.535206 0.55256 0.568993 0.584422 0.598768 0.611959 0.623932 0.634629 0.643999 0.652 0.658596 0.663755 0.667457 0.669685 0.670428 0.669685 0.667457 0.663755 0.658596 0.652 0.643999 0.634629 0.623932 0.611959 0.598768 0.584422 0.568993 0.55256 0.535206 0.517023 0.498106 0.478557 0.45848 0.437984 0.417179 0.396176 0.375088 0.354024 0.333092 0.312398 0.29204 0.272113 0.252706 0.233898 0.215763 0.198365 0.18176 0.165994 0.151106 0.137125 0.124074 0.111966 0.100809 0.090604 0.0813474 0.0730313 0.0656447 0.0591742 0.0536056 0.0489242 0.0451159 0.0421683 0.0400709 0.0388157 
0.0398313 0.0402633 0.0415607 0.0437287 0.046775 0.0507103 0.0555473 0.0612998 0.0679825 0.0756096 0.0841942 0.0937469 0.104275 0.115782 0.128265 0.141716 0.15612 0.171453 0.187683 0.20477 0.222666 0.241311 0.26064 0.280576 0.301035 0.321928 0.343157 0.364618 0.386205 0.407806 0.429309 0.450599 0.471563 0.492089 0.512065 0.531386 0.54995 0.567659 0.584422 0.600153 0.614775 0.628215 0.64041 0.651301 0.66084 0.668982 0.675693 0.680942 0.684708 0.686973 0.68773 0.686973 0.684708 0.680942 0.675693 0.668982 0.66084 0.651301 0.64041 0.628215 0.614775 0.600153 0.584422 0.567659 0.54995 0.531386 0.512065 0.492089 0.471563 0.450599 0.429309 0.407806 0.386205 0.364618 0.343157 0.321928 0.301035 0.280576 0.26064 0.241311 0.222666 0.20477 0.187683 0.171453 0.15612 0.141716 0.128265 0.115782 0.104275 0.0937469 0.0841942 0.0756096 0.0679825 0.0612998 0.0555473 0.0507103 0.046775 0.0437287 0.0415607 0.0402633 
0.0411847 0.0416299 0.0429671 0.0452012 0.0483404 0.052395 0.0573779 0.0633031 0.0701849 0.0780377 0.0868741 0.0967045 0.107536 0.11937 0.132205 0.14603 0.160829 0.176577 0.19324 0.210778 0.229137 0.248258 0.268071 0.288498 0.309453 0.330843 0.352566 0.374518 0.396588 0.418663 0.440628 0.462365 0.48376 0.504698 0.525067 0.544759 0.563671 0.581704 0.598768 0.614775 0.629647 0.643314 0.65571 0.666778 0.676468 0.684739 0.691554 0.696883 0.700706 0.703006 0.703774 0.703006 0.700706 0.696883 0.691554 0.684739 0.676468 0.666778 0.65571 0.643314 0.629647 0.614775 0.598768 0.581704 0.563671 0.544759 0.525067 0.504698 0.48376 0.462365 0.440628 0.418663 0.396588 0.374518 0.352566 0.330843 0.309453 0.288498 0.268071 0.248258 0.229137 0.210778 0.19324 0.176577 0.160829 0.14603 0.132205 0.11937 0.107536 0.0967045 0.0868741 0.0780377 0.0701849 0.0633031 0.0573779 0.052395 0.0483404 0.0452012 0.0429671 0.0416299 
