0.00202574 0.00205005 0.00212318 0.00224571 0.0024186 0.00264316 0.00292102 0.00325409 0.00364454 0.00409469 0.00460701 0.00518402 0.00582823 0.00654206 0.00732775 0.00818728 0.00912231 0.0101341 0.0112233 0.0123901 0.0136341 0.0149539 0.0163475 0.0178122 0.0193441 0.0209388 0.0225906 0.0242931 0.0260391 0.0278202 0.0296276 0.0314515 0.0332813 0.0351062 0.0369145 0.0386944 0.0404338 0.0421204 0.043742 0.0452864 0.046742 0.0480974 0.0493419 0.0504654 0.0514589 0.0523141 0.0530238 0.0535822 0.0539845 0.0542272 0.0543083 0.0542272 0.0539845 0.0535822 0.0530238 0.0523141 0.0514589 0.0504654 0.0493419 0.0480974 0.046742 0.0452864 0.043742 0.0421204 0.0404338 0.0386944 0.0369145 0.0351062 0.0332813 0.0314515 0.0296276 0.0278202 0.0260391 0.0242931 0.0225906 0.0209388 0.0193441 0.0178122 0.0163475 0.0149539 0.0136341 0.0123901 0.0112233 0.0101341 0.00912231 0.00818728 0.00732775 0.00654206 0.00582823 0.00518402 0.00460701 0.00409469 0.00364454 0.00325409 0.00292102 0.00264316 0.0024186 0.00224571 0.00212318 0.00205005 
0.00205005 0.00207463 0.00214856 0.00227243 0.00244722 0.00267422 0.0029551 0.00329177 0.00368642 0.00414139 0.00465917 0.00524229 0.00589328 0.00661456 0.0074084 0.00827678 0.00922138 0.0102434 0.0113436 0.0125221 0.0137784 0.0151112 0.0165184 0.0179973 0.019544 0.0211538 0.0228213 0.0245398 0.0263021 0.0280997 0.0299237 0.0317642 0.0336107 0.035452 0.0372765 0.0390723 0.0408271 0.0425285 0.0441643 0.0457222 0.0471904 0.0485575 0.0498127 0.0509459 0.0519479 0.0528104 0.0535262 0.0540893 0.0544949 0.0547397 0.0548216 0.0547397 0.0544949 0.0540893 0.0535262 0.0528104 0.0519479 0.0509459 0.0498127 0.0485575 0.0471904 0.0457222 0.0441643 0.0425285 0.0408271 0.0390723 0.0372765 0.035452 0.0336107 0.0317642 0.0299237 0.0280997 0.0263021 0.0245398 0.0228213 0.0211538 0.019544 0.0179973 0.0165184 0.0151112 0.0137784 0.0125221 0.0113436 0.0102434 0.00922138 0.00827678 0.0074084 0.00661456 0.00589328 0.00524229 0.00465917 0.00414139 0.00368642 0.00329177 0.0029551 0.00267422 0.00244722 0.00227243 0.00214856 0.00207463 
0.00212318 0.00214856 0.0022249 0.00235281 0.00253328 0.00276764 0.00305758 0.00340509 0.00381237 0.00428183 0.004816 0.00541747 0.00608882 0.00683251 0.00765083 0.00854581 0.00951913 0.010572 0.0117051 0.0129187 0.014212 0.0155838 0.0170319 0.0185534 0.0201443 0.0217998 0.0235142 0.0252808 0.0270919 0.0289391 0.030813 0.0327035 0.0345998 0.0364905 0.0383636 0.040207 0.0420079 0.0437539 0.0454323 0.0470306 0.0485368 0.049939 0.0512264 0.0523885 0.053416 0.0543003 0.0550342 0.0556116 0.0560275 0.0562785 0.0563624 0.0562785 0.0560275 0.0556116 0.0550342 0.0543003 0.053416 0.0523885 0.0512264 0.049939 0.0485368 0.0470306 0.0454323 0.0437539 0.0420079 0.040207 0.0383636 0.0364905 0.0345998 0.0327035 0.030813 0.0289391 0.0270919 0.0252808 0.0235142 0.0217998 0.0201443 0.0185534 0.0170319 0.0155838 0.014212 0.0129187 0.0117051 0.010572 0.00951913 0.00854581 0.00765083 0.00683251 0.00608882 0.00541747 0.004816 0.00428183 0.00381237 0.00340509 0.00305758 0.00276764 0.00253328 0.00235281 0.0022249 0.00214856 
0.00224571 0.00227243 0.00235281 0.00248747 0.00267744 0.00292411 0.00322923 0.00359484 0.00402325 0.00451693 0.00507852 0.00571068 0.00641606 0.0071972 0.00805646 0.00899589 0.0100172 0.0111216 0.0123098 0.0135818 0.014937 0.016374 0.0178903 0.0194829 0.0211477 0.0228795 0.0246723 0.026519 0.0284117 0.0303415 0.0322987 0.0342726 0.0362519 0.0382249 0.0401791 0.0421018 0.0439798 0.0458001 0.0475495 0.0492151 0.0507844 0.0522452 0.0535862 0.0547965 0.0558664 0.0567872 0.0575514 0.0581524 0.0585854 0.0588467 0.058934 0.0588467 0.0585854 0.0581524 0.0575514 0.0567872 0.0558664 0.0547965 0.0535862 0.0522452 0.0507844 0.0492151 0.0475495 0.0458001 0.0439798 0.0421018 0.0401791 0.0382249 0.0362519 0.0342726 0.0322987 0.0303415 0.0284117 0.026519 0.0246723 0.0228795 0.0211477 0.0194829 0.0178903 0.016374 0.014937 0.0135818 0.0123098 0.0111216 0.0100172 0.00899589 0.00805646 0.0071972 0.00641606 0.00571068 0.00507852 0.00451693 0.00402325 0.00359484 0.00322923 0.00292411 0.00267744 0.00248747 0.00235281 0.00227243 
0.0024186 0.00244722 0.00253328 0.00267744 0.00288078 0.00314477 0.00347125 0.00386235 0.00432048 0.00484826 0.00544842 0.00612374 0.00687699 0.0077108 0.00862761 0.00962953 0.0107183 0.0118951 0.0131606 0.0145149 0.015957 0.0174854 0.0190975 0.02079 0.0225584 0.0243971 0.0262998 0.028259 0.0302662 0.0323118 0.0343856 0.0364764 0.0385722 0.0406606 0.0427283 0.044762 0.0467479 0.0486722 0.0505211 0.052281 0.0539386 0.0554814 0.0568973 0.0581751 0.0593044 0.0602763 0.0610827 0.0617169 0.0621738 0.0624494 0.0625416 0.0624494 0.0621738 0.0617169 0.0610827 0.0602763 0.0593044 0.0581751 0.0568973 0.0554814 0.0539386 0.052281 0.0505211 0.0486722 0.0467479 0.044762 0.0427283 0.0406606 0.0385722 0.0364764 0.0343856 0.0323118 0.0302662 0.028259 0.0262998 0.0243971 0.0225584 0.02079 0.0190975 0.0174854 0.015957 0.0145149 0.0131606 0.0118951 0.0107183 0.00962953 0.00862761 0.0077108 0.00687699 0.00612374 0.00544842 0.00484826 0.00432048 0.00386235 0.00347125 0.00314477 0.00288078 0.00267744 0.00253328 0.00244722 
0.00264316 0.00267422 0.00276764 0.00292411 0.00314477 0.00343119 0.00378531 0.00420941 0.00470602 0.00527792 0.00592797 0.00665913 0.00747429 0.00837621 0.00936741 0.0104501 0.011626 0.0128964 0.0142618 0.0157222 0.0172765 0.0189229 0.0206586 0.0224799 0.0243819 0.0263586 0.028403 0.0305071 0.0326616 0.0348565 0.0370805 0.0393218 0.0415675 0.0438043 0.0460181 0.0481947 0.0503193 0.0523773 0.0543541 0.0562351 0.0580064 0.0596546 0.0611667 0.0625311 0.0637369 0.0647743 0.0656349 0.0663118 0.0667993 0.0670934 0.0671917 0.0670934 0.0667993 0.0663118 0.0656349 0.0647743 0.0637369 0.0625311 0.0611667 0.0596546 0.0580064 0.0562351 0.0543541 0.0523773 0.0503193 0.0481947 0.0460181 0.0438043 0.0415675 0.0393218 0.0370805 0.0348565 0.0326616 0.0305071 0.028403 0.0263586 0.0243819 0.0224799 0.0206586 0.0189229 0.0172765 0.0157222 0.0142618 0.0128964 0.011626 0.0104501 0.00936741 0.00837621 0.00747429 0.00665913 0.00592797 0.00527792 0.00470602 0.00420941 0.00378531 0.00343119 0.00314477 0.00292411 0.00276764 0.00267422 
0.00292102 0.0029551 0.00305758 0.00322923 0.00347125 0.00378531 0.00417351 0.00463826 0.00518228 0.00580851 0.00652003 0.00731993 0.0082113 0.00919702 0.0102798 0.0114618 0.0127449 0.0141302 0.0156184 0.0172091 0.0189012 0.0206925 0.02258 0.0245593 0.0266252 0.028771 0.0309892 0.0332708 0.0356059 0.0379834 0.0403914 0.0428169 0.045246 0.0476644 0.0500569 0.0524081 0.0547024 0.0569238 0.0590568 0.0610858 0.0629959 0.0647727 0.0664025 0.0678726 0.0691715 0.0702889 0.0712158 0.0719446 0.0724696 0.0727862 0.0728921 0.0727862 0.0724696 0.0719446 0.0712158 0.0702889 0.0691715 0.0678726 0.0664025 0.0647727 0.0629959 0.0610858 0.0590568 0.0569238 0.0547024 0.0524081 0.0500569 0.0476644 0.045246 0.0428169 0.0403914 0.0379834 0.0356059 0.0332708 0.0309892 0.028771 0.0266252 0.0245593 0.02258 0.0206925 0.0189012 0.0172091 0.0156184 0.0141302 0.0127449 0.0114618 0.0102798 0.00919702 0.0082113 0.00731993 0.00652003 0.00580851 0.00518228 0.00463826 0.00417351 0.00378531 0.00347125 0.00322923 0.00305758 0.0029551 
0.00325409 0.00329177 0.00340509 0.00359484 0.00386235 0.00420941 0.00463826 0.00515151 0.00575207 0.0064431 0.00722788 0.00810972 0.00909187 0.0101774 0.0113691 0.0126694 0.01408 0.0156021 0.0172363 0.0189819 0.0208377 0.0228012 0.0248688 0.0270357 0.029296 0.0316424 0.0340665 0.0365585 0.0391076 0.0417015 0.0443273 0.0469708 0.0496169 0.05225 0.0548538 0.0574115 0.0599061 0.0623207 0.0646382 0.066842 0.0689159 0.0708444 0.072613 0.0742079 0.0756168 0.0768285 0.0778335 0.0786237 0.0791927 0.0795359 0.0796507 0.0795359 0.0791927 0.0786237 0.0778335 0.0768285 0.0756168 0.0742079 0.072613 0.0708444 0.0689159 0.066842 0.0646382 0.0623207 0.0599061 0.0574115 0.0548538 0.05225 0.0496169 0.0469708 0.0443273 0.0417015 0.0391076 0.0365585 0.0340665 0.0316424 0.029296 0.0270357 0.0248688 0.0228012 0.0208377 0.0189819 0.0172363 0.0156021 0.01408 0.0126694 0.0113691 0.0101774 0.00909187 0.00810972 0.00722788 0.0064431 0.00575207 0.00515151 0.00463826 0.00420941 0.00386235 0.00359484 0.00340509 0.00329177 
0.00364454 0.00368642 0.00381237 0.00402325 0.00432048 0.00470602 0.00518228 0.00575207 0.00641854 0.00718508 0.00805519 0.00903245 0.0101203 0.011322 0.0126405 0.0140782 0.0156371 0.0173182 0.0191218 0.0210474 0.0230932 0.0252563 0.0275328 0.0299171 0.0324027 0.0349814 0.0376439 0.0403794 0.0431759 0.0460201 0.0488976 0.0517928 0.0546896 0.0575706 0.0604182 0.0632141 0.0659399 0.068577 0.0711072 0.0735123 0.0757749 0.0778783 0.0798066 0.0815452 0.0830806 0.0844009 0.0854958 0.0863565 0.0869763 0.0873501 0.0874751 0.0873501 0.0869763 0.0863565 0.0854958 0.0844009 0.0830806 0.0815452 0.0798066 0.0778783 0.0757749 0.0735123 0.0711072 0.068577 0.0659399 0.0632141 0.0604182 0.0575706 0.0546896 0.0517928 0.0488976 0.0460201 0.0431759 0.0403794 0.0376439 0.0349814 0.0324027 0.0299171 0.0275328 0.0252563 0.0230932 0.0210474 0.0191218 0.0173182 0.0156371 0.0140782 0.0126405 0.011322 0.0101203 0.00903245 0.00805519 0.00718508 0.00641854 0.00575207 0.00518228 0.00470602 0.00432048 0.00402325 0.00381237 0.00368642 
0.00409469 0.00414139 0.00428183 0.00451693 0.00484826 0.00527792 0.00580851 0.0064431 0.00718508 0.00803808 0.00900591 0.0100924 0.0113012 0.0126357 0.0140992 0.015694 0.0174222 0.0192847 0.0212818 0.0234126 0.025675 0.0280657 0.0305801 0.0332119 0.0359539 0.0387968 0.0417304 0.0447426 0.0478202 0.0509484 0.0541116 0.0572925 0.0604734 0.0636355 0.0667592 0.0698249 0.0728123 0.0757014 0.0784722 0.081105 0.083581 0.085882 0.0879909 0.0898917 0.0915701 0.093013 0.0942093 0.0951497 0.0958267 0.0962351 0.0963716 0.0962351 0.0958267 0.0951497 0.0942093 0.093013 0.0915701 0.0898917 0.0879909 0.085882 0.083581 0.081105 0.0784722 0.0757014 0.0728123 0.0698249 0.0667592 0.0636355 0.0604734 0.0572925 0.0541116 0.0509484 0.0478202 0.0447426 0.0417304 0.0387968 0.0359539 0.0332119 0.0305801 0.0280657 0.025675 0.0234126 0.0212818 0.0192847 0.0174222 0.015694 0.0140992 0.0126357 0.0113012 0.0100924 0.00900591 0.00803808 0.00718508 0.0064431 0.00580851 0.00527792 0.00484826 0.00451693 0.00428183 0.00414139 
0.00460701 0.00465917 0.004816 0.00507852 0.00544842 0.00592797 0.00652003 0.00722788 0.00805519 0.00900591 0.0100841 0.0112939 0.0126391 0.0141236 0.0157505 0.0175224 0.0194413 0.0215082 0.0237231 0.0260847 0.0285907 0.0312371 0.0340187 0.0369285 0.039958 0.0430974 0.0463347 0.0496569 0.0530492 0.0564954 0.0599781 0.0634785 0.0669769 0.0704528 0.073885 0.0772517 0.0805311 0.0837011 0.08674 0.0896266 0.0923403 0.0948614 0.0971712 0.0992527 0.10109 0.102669 0.103979 0.105008 0.105748 0.106195 0.106345 0.106195 0.105748 0.105008 0.103979 0.102669 0.10109 0.0992527 0.0971712 0.0948614 0.0923403 0.0896266 0.08674 0.0837011 0.0805311 0.0772517 0.073885 0.0704528 0.0669769 0.0634785 0.0599781 0.0564954 0.0530492 0.0496569 0.0463347 0.0430974 0.039958 0.0369285 0.0340187 0.0312371 0.0285907 0.0260847 0.0237231 0.0215082 0.0194413 0.0175224 0.0157505 0.0141236 0.0126391 0.0112939 0.0100841 0.00900591 0.00805519 0.00722788 0.00652003 0.00592797 0.00544842 0.00507852 0.004816 0.00465917 
0.00518402 0.00524229 0.00541747 0.00571068 0.00612374 0.00665913 0.00731993 0.00810972 0.00903245 0.0100924 0.0112939 0.0126413 0.014139 0.0157906 0.0175998 0.0195691 0.0217006 0.023995 0.0264522 0.0290706 0.0318473 0.0347779 0.0378561 0.0410743 0.044423 0.0478908 0.0514648 0.0551302 0.0588708 0.0626687 0.0665046 0.0703579 0.074207 0.0780294 0.0818018 0.0855006 0.0891016 0.0925812 0.0959155 0.0990814 0.102057 0.10482 0.107351 0.109631 0.111643 0.113372 0.114806 0.115932 0.116743 0.117232 0.117395 0.117232 0.116743 0.115932 0.114806 0.113372 0.111643 0.109631 0.107351 0.10482 0.102057 0.0990814 0.0959155 0.0925812 0.0891016 0.0855006 0.0818018 0.0780294 0.074207 0.0703579 0.0665046 0.0626687 0.0588708 0.0551302 0.0514648 0.0478908 0.044423 0.0410743 0.0378561 0.0347779 0.0318473 0.0290706 0.0264522 0.023995 0.0217006 0.0195691 0.0175998 0.0157906 0.014139 0.0126413 0.0112939 0.0100924 0.00903245 0.00810972 0.00731993 0.00665913 0.00612374 0.00571068 0.00541747 0.00524229 
0.00582823 0.00589328 0.00608882 0.00641606 0.00687699 0.00747429 0.0082113 0.00909187 0.0101203 0.0113012 0.0126391 0.014139 0.0158051 0.0176416 0.0196522 0.0218395 0.0242054 0.0267508 0.0294752 0.0323765 0.0354514 0.0386946 0.0420992 0.0456564 0.0493555 0.0531839 0.0571272 0.061169 0.0652913 0.0694743 0.0736968 0.0779361 0.0821687 0.0863696 0.0905136 0.0945747 0.0985268 0.102344 0.106 0.10947 0.11273 0.115757 0.118529 0.121025 0.123227 0.12512 0.126688 0.12792 0.128807 0.129341 0.12952 0.129341 0.128807 0.12792 0.126688 0.12512 0.123227 0.121025 0.118529 0.115757 0.11273 0.10947 0.106 0.102344 0.0985268 0.0945747 0.0905136 0.0863696 0.0821687 0.0779361 0.0736968 0.0694743 0.0652913 0.061169 0.0571272 0.0531839 0.0493555 0.0456564 0.0420992 0.0386946 0.0354514 0.0323765 0.0294752 0.0267508 0.0242054 0.0218395 0.0196522 0.0176416 0.0158051 0.014139 0.0126391 0.0113012 0.0101203 0.00909187 0.0082113 0.00747429 0.00687699 0.00641606 0.00608882 0.00589328 
0.00654206 0.00661456 0.00683251 0.0071972 0.0077108 0.00837621 0.00919702 0.0101774 0.011322 0.0126357 0.0141236 0.0157906 0.0176416 0.0196809 0.0219121 0.0243382 0.0269609 0.0297809 0.0327973 0.0360078 0.0394082 0.0429926 0.0467532 0.0506798 0.0547607 0.0589817 0.0633267 0.0677776 0.0723146 0.0769157 0.0815577 0.0862158 0.0908638 0.0954748 0.100021 0.104474 0.108806 0.112988 0.116992 0.120791 0.124358 0.127669 0.1307 0.133429 0.135836 0.137904 0.139618 0.140964 0.141933 0.142517 0.142712 0.142517 0.141933 0.140964 0.139618 0.137904 0.135836 0.133429 0.1307 0.127669 0.124358 0.120791 0.116992 0.112988 0.108806 0.104474 0.100021 0.0954748 0.0908638 0.0862158 0.0815577 0.0769157 0.0723146 0.0677776 0.0633267 0.0589817 0.0547607 0.0506798 0.0467532 0.0429926 0.0394082 0.0360078 0.0327973 0.0297809 0.0269609 0.0243382 0.0219121 0.0196809 0.0176416 0.0157906 0.0141236 0.0126357 0.011322 0.0101774 0.00919702 0.00837621 0.0077108 0.0071972 0.00683251 0.00661456 
0.00732775 0.0074084 0.00765083 0.00805646 0.00862761 0.00936741 0.0102798 0.0113691 0.0126405 0.0140992 0.0157505 0.0175998 0.0196522 0.0219121 0.0243835 0.0270692 0.029971 0.0330892 0.0364227 0.0399686 0.0437219 0.047676 0.0518219 0.0561483 0.0606418 0.0652869 0.0700657 0.0749581 0.0799421 0.0849938 0.0900875 0.095196 0.100291 0.105343 0.110321 0.115195 0.119934 0.124506 0.128883 0.133034 0.136931 0.140546 0.143855 0.146833 0.149459 0.151715 0.153584 0.155051 0.156108 0.156745 0.156957 0.156745 0.156108 0.155051 0.153584 0.151715 0.149459 0.146833 0.143855 0.140546 0.136931 0.133034 0.128883 0.124506 0.119934 0.115195 0.110321 0.105343 0.100291 0.095196 0.0900875 0.0849938 0.0799421 0.0749581 0.0700657 0.0652869 0.0606418 0.0561483 0.0518219 0.047676 0.0437219 0.0399686 0.0364227 0.0330892 0.029971 0.0270692 0.0243835 0.0219121 0.0196522 0.0175998 0.0157505 0.0140992 0.0126405 0.0113691 0.0102798 0.00936741 0.00862761 0.00805646 0.00765083 0.0074084 
0.00818728 0.00827678 0.00854581 0.00899589 0.00962953 0.0104501 0.0114618 0.0126694 0.0140782 0.015694 0.0175224 0.0195691 0.0218395 0.0243382 0.0270692 0.0300355 0.0332386 0.0366787 0.0403541 0.0442613 0.0483948 0.0527467 0.0573069 0.0620629 0.0669997 0.0720999 0.0773437 0.0827092 0.0881719 0.0937057 0.0992824 0.104872 0.110444 0.115966 0.121405 0.126728 0.1319 0.136889 0.141663 0.146188 0.150434 0.154373 0.157976 0.161219 0.164078 0.166533 0.168566 0.170163 0.171312 0.172005 0.172236 0.172005 0.171312 0.170163 0.168566 0.166533 0.164078 0.161219 0.157976 0.154373 0.150434 0.146188 0.141663 0.136889 0.1319 0.126728 0.121405 0.115966 0.110444 0.104872 0.0992824 0.0937057 0.0881719 0.0827092 0.0773437 0.0720999 0.0669997 0.0620629 0.0573069 0.0527467 0.0483948 0.0442613 0.0403541 0.0366787 0.0332386 0.0300355 0.0270692 0.0243382 0.0218395 0.0195691 0.0175224 0.015694 0.0140782 0.0126694 0.0114618 0.0104501 0.00962953 0.00899589 0.00854581 0.00827678 
0.00912231 0.00922138 0.00951913 0.0100172 0.0107183 0.011626 0.0127449 0.01408 0.0156371 0.0174222 0.0194413 0.0217006 0.0242054 0.0269609 0.029971 0.0332386 0.0367652 0.0405505 0.0445924 0.0488868 0.0534271 0.0582045 0.0632076 0.0684223 0.0738321 0.0794176 0.0851571 0.0910262 0.0969984 0.103045 0.109135 0.115235 0.121314 0.127334 0.133261 0.139058 0.14469 0.150119 0.155311 0.160232 0.164848 0.169128 0.173042 0.176563 0.179667 0.182332 0.184538 0.186271 0.187518 0.18827 0.188521 0.18827 0.187518 0.186271 0.184538 0.182332 0.179667 0.176563 0.173042 0.169128 0.164848 0.160232 0.155311 0.150119 0.14469 0.139058 0.133261 0.127334 0.121314 0.115235 0.109135 0.103045 0.0969984 0.0910262 0.0851571 0.0794176 0.0738321 0.0684223 0.0632076 0.0582045 0.0534271 0.0488868 0.0445924 0.0405505 0.0367652 0.0332386 0.029971 0.0269609 0.0242054 0.0217006 0.0194413 0.0174222 0.0156371 0.01408 0.0127449 0.011626 0.0107183 0.0100172 0.00951913 0.00922138 
0.0101341 0.0102434 0.010572 0.0111216 0.0118951 0.0128964 0.0141302 0.0156021 0.0173182 0.0192847 0.0215082 0.023995 0.0267508 0.0297809 0.0330892 0.0366787 0.0405505 0.044704 0.0491365 0.0538432 0.0588165 0.0640465 0.0695202 0.0752221 0.0811337 0.0872338 0.0934983 0.0999006 0.106411 0.113 0.119631 0.126271 0.132883 0.139429 0.14587 0.152167 0.158281 0.164173 0.169805 0.17514 0.180144 0.184781 0.189021 0.192834 0.196195 0.199079 0.201467 0.203342 0.204691 0.205504 0.205776 0.205504 0.204691 0.203342 0.201467 0.199079 0.196195 0.192834 0.189021 0.184781 0.180144 0.17514 0.169805 0.164173 0.158281 0.152167 0.14587 0.139429 0.132883 0.126271 0.119631 0.113 0.106411 0.0999006 0.0934983 0.0872338 0.0811337 0.0752221 0.0695202 0.0640465 0.0588165 0.0538432 0.0491365 0.044704 0.0405505 0.0366787 0.0330892 0.0297809 0.0267508 0.023995 0.0215082 0.0192847 0.0173182 0.0156021 0.0141302 0.0128964 0.0118951 0.0111216 0.010572 0.0102434 
0.0112233 0.0113436 0.0117051 0.0123098 0.0131606 0.0142618 0.0156184 0.0172363 0.0191218 0.0212818 0.0237231 0.0264522 0.0294752 0.0327973 0.0364227 0.0403541 0.0445924 0.0491365 0.0539833 0.0591267 0.0645584 0.0702669 0.076238 0.0824543 0.0888955 0.0955381 0.102356 0.109319 0.116397 0.123554 0.130755 0.137961 0.145132 0.152228 0.159207 0.166026 0.172645 0.17902 0.185111 0.19088 0.196287 0.201297 0.205876 0.209993 0.213621 0.216734 0.21931 0.221333 0.222788 0.223666 0.223959 0.223666 0.222788 0.221333 0.21931 0.216734 0.213621 0.209993 0.205876 0.201297 0.196287 0.19088 0.185111 0.17902 0.172645 0.166026 0.159207 0.152228 0.145132 0.137961 0.130755 0.123554 0.116397 0.109319 0.102356 0.0955381 0.0888955 0.0824543 0.076238 0.0702669 0.0645584 0.0591267 0.0539833 0.0491365 0.0445924 0.0403541 0.0364227 0.0327973 0.0294752 0.0264522 0.0237231 0.0212818 0.0191218 0.0172363 0.0156184 0.0142618 0.0131606 0.0123098 0.0117051 0.0113436 
0.0123901 0.0125221 0.0129187 0.0135818 0.0145149 0.0157222 0.0172091 0.0189819 0.0210474 0.0234126 0.0260847 0.0290706 0.0323765 0.0360078 0.0399686 0.0442613 0.0488868 0.0538432 0.0591267 0.0647304 0.0706447 0.0768569 0.0833509 0.0901076 0.0971046 0.104316 0.111713 0.119264 0.126934 0.134687 0.142482 0.150278 0.158033 0.165702 0.173241 0.180604 0.187746 0.194623 0.201192 0.207409 0.213234 0.21863 0.223561 0.227993 0.231897 0.235246 0.238018 0.240193 0.241758 0.242701 0.243016 0.242701 0.241758 0.240193 0.238018 0.235246 0.231897 0.227993 0.223561 0.21863 0.213234 0.207409 0.201192 0.194623 0.187746 0.180604 0.173241 0.165702 0.158033 0.150278 0.142482 0.134687 0.126934 0.119264 0.111713 0.104316 0.0971046 0.0901076 0.0833509 0.0768569 0.0706447 0.0647304 0.0591267 0.0538432 0.0488868 0.0442613 0.0399686 0.0360078 0.0323765 0.0290706 0.0260847 0.0234126 0.0210474 0.0189819 0.0172091 0.0157222 0.0145149 0.0135818 0.0129187 0.0125221 
0.0136341 0.0137784 0.014212 0.014937 0.015957 0.0172765 0.0189012 0.0208377 0.0230932 0.025675 0.0285907 0.0318473 0.0354514 0.0394082 0.0437219 0.0483948 0.0534271 0.0588165 0.0645584 0.0706447 0.0770647 0.083804 0.090845 0.0981665 0.105744 0.113549 0.12155 0.129713 0.138 0.146371 0.154783 0.163192 0.171552 0.179815 0.187933 0.195859 0.203543 0.210938 0.217999 0.224679 0.230936 0.23673 0.242022 0.246778 0.250965 0.254557 0.25753 0.259863 0.26154 0.262551 0.262889 0.262551 0.26154 0.259863 0.25753 0.254557 0.250965 0.246778 0.242022 0.23673 0.230936 0.224679 0.217999 0.210938 0.203543 0.195859 0.187933 0.179815 0.171552 0.163192 0.154783 0.146371 0.138 0.129713 0.12155 0.113549 0.105744 0.0981665 0.090845 0.083804 0.0770647 0.0706447 0.0645584 0.0588165 0.0534271 0.0483948 0.0437219 0.0394082 0.0354514 0.0318473 0.0285907 0.025675 0.0230932 0.0208377 0.0189012 0.0172765 0.015957 0.014937 0.014212 0.0137784 
0.0149539 0.0151112 0.0155838 0.016374 0.0174854 0.0189229 0.0206925 0.0228012 0.0252563 0.0280657 0.0312371 0.0347779 0.0386946 0.0429926 0.047676 0.0527467 0.0582045 0.0640465 0.0702669 0.0768569 0.083804 0.0910926 0.0987028 0.106612 0.114792 0.123213 0.131841 0.140638 0.149563 0.158574 0.167624 0.176666 0.18565 0.194525 0.20324 0.211744 0.219985 0.227913 0.235478 0.242634 0.249333 0.255534 0.261197 0.266284 0.270762 0.274603 0.27778 0.280273 0.282066 0.283146 0.283507 0.283146 0.282066 0.280273 0.27778 0.274603 0.270762 0.266284 0.261197 0.255534 0.249333 0.242634 0.235478 0.227913 0.219985 0.211744 0.20324 0.194525 0.18565 0.176666 0.167624 0.158574 0.149563 0.140638 0.131841 0.123213 0.114792 0.106612 0.0987028 0.0910926 0.083804 0.0768569 0.0702669 0.0640465 0.0582045 0.0527467 0.047676 0.0429926 0.0386946 0.0347779 0.0312371 0.0280657 0.0252563 0.0228012 0.0206925 0.0189229 0.0174854 0.016374 0.0155838 0.0151112 
0.0163475 0.0165184 0.0170319 0.0178903 0.0190975 0.0206586 0.02258 0.0248688 0.0275328 0.0305801 0.0340187 0.0378561 0.0420992 0.0467532 0.0518219 0.0573069 0.0632076 0.0695202 0.076238 0.0833509 0.090845 0.0987028 0.106903 0.115419 0.124223 0.133281 0.142555 0.152006 0.161589 0.171258 0.180964 0.190656 0.20028 0.209783 0.219109 0.228205 0.237016 0.245488 0.253569 0.261209 0.26836 0.274976 0.281016 0.28644 0.291214 0.295307 0.298692 0.301349 0.303259 0.304409 0.304794 0.304409 0.303259 0.301349 0.298692 0.295307 0.291214 0.28644 0.281016 0.274976 0.26836 0.261209 0.253569 0.245488 0.237016 0.228205 0.219109 0.209783 0.20028 0.190656 0.180964 0.171258 0.161589 0.152006 0.142555 0.133281 0.124223 0.115419 0.106903 0.0987028 0.090845 0.0833509 0.076238 0.0695202 0.0632076 0.0573069 0.0518219 0.0467532 0.0420992 0.0378561 0.0340187 0.0305801 0.0275328 0.0248688 0.02258 0.0206586 0.0190975 0.0178903 0.0170319 0.0165184 
0.0178122 0.0179973 0.0185534 0.0194829 0.02079 0.0224799 0.0245593 0.0270357 0.0299171 0.0332119 0.0369285 0.0410743 0.0456564 0.0506798 0.0561483 0.0620629 0.0684223 0.0752221 0.0824543 0.0901076 0.0981665 0.106612 0.115419 0.124562 0.134007 0.143719 0.153657 0.163778 0.174036 0.184379 0.194756 0.205112 0.21539 0.225533 0.235483 0.245182 0.254573 0.263598 0.272203 0.280334 0.287943 0.294979 0.301401 0.307166 0.312239 0.316588 0.320184 0.323005 0.325033 0.326255 0.326663 0.326255 0.325033 0.323005 0.320184 0.316588 0.312239 0.307166 0.301401 0.294979 0.287943 0.280334 0.272203 0.263598 0.254573 0.245182 0.235483 0.225533 0.21539 0.205112 0.194756 0.184379 0.174036 0.163778 0.153657 0.143719 0.134007 0.124562 0.115419 0.106612 0.0981665 0.0901076 0.0824543 0.0752221 0.0684223 0.0620629 0.0561483 0.0506798 0.0456564 0.0410743 0.0369285 0.0332119 0.0299171 0.0270357 0.0245593 0.0224799 0.02079 0.0194829 0.0185534 0.0179973 
0.0193441 0.019544 0.0201443 0.0211477 0.0225584 0.0243819 0.0266252 0.029296 0.0324027 0.0359539 0.039958 0.044423 0.0493555 0.0547607 0.0606418 0.0669997 0.0738321 0.0811337 0.0888955 0.0971046 0.105744 0.114792 0.124223 0.134007 0.144109 0.15449 0.165106 0.175913 0.186858 0.197888 0.208948 0.219979 0.230922 0.241715 0.252297 0.262607 0.272584 0.282168 0.291303 0.299931 0.308 0.315461 0.322267 0.328377 0.333751 0.338356 0.342164 0.34515 0.347297 0.348591 0.349023 0.348591 0.347297 0.34515 0.342164 0.338356 0.333751 0.328377 0.322267 0.315461 0.308 0.299931 0.291303 0.282168 0.272584 0.262607 0.252297 0.241715 0.230922 0.219979 0.208948 0.197888 0.186858 0.175913 0.165106 0.15449 0.144109 0.134007 0.124223 0.114792 0.105744 0.0971046 0.0888955 0.0811337 0.0738321 0.0669997 0.0606418 0.0547607 0.0493555 0.044423 0.039958 0.0359539 0.0324027 0.029296 0.0266252 0.0243819 0.0225584 0.0211477 0.0201443 0.019544 
0.0209388 0.0211538 0.0217998 0.0228795 0.0243971 0.0263586 0.028771 0.0316424 0.0349814 0.0387968 0.0430974 0.0478908 0.0531839 0.0589817 0.0652869 0.0720999 0.0794176 0.0872338 0.0955381 0.104316 0.113549 0.123213 0.133281 0.143719 0.15449 0.165552 0.176859 0.188361 0.200004 0.211731 0.223482 0.235197 0.246811 0.258261 0.269481 0.280406 0.290974 0.301121 0.310787 0.319914 0.328447 0.336333 0.343525 0.349978 0.355653 0.360515 0.364535 0.367687 0.369953 0.371318 0.371774 0.371318 0.369953 0.367687 0.364535 0.360515 0.355653 0.349978 0.343525 0.336333 0.328447 0.319914 0.310787 0.301121 0.290974 0.280406 0.269481 0.258261 0.246811 0.235197 0.223482 0.211731 0.200004 0.188361 0.176859 0.165552 0.15449 0.143719 0.133281 0.123213 0.113549 0.104316 0.0955381 0.0872338 0.0794176 0.0720999 0.0652869 0.0589817 0.0531839 0.0478908 0.0430974 0.0387968 0.0349814 0.0316424 0.028771 0.0263586 0.0243971 0.0228795 0.0217998 0.0211538 
0.0225906 0.0228213 0.0235142 0.0246723 0.0262998 0.028403 0.0309892 0.0340665 0.0376439 0.0417304 0.0463347 0.0514648 0.0571272 0.0633267 0.0700657 0.0773437 0.0851571 0.0934983 0.102356 0.111713 0.12155 0.131841 0.142555 0.153657 0.165106 0.176859 0.188864 0.201069 0.213417 0.225847 0.238296 0.250699 0.262989 0.275098 0.286958 0.298501 0.309661 0.320371 0.330569 0.340195 0.349189 0.3575 0.365076 0.371872 0.377847 0.382965 0.387195 0.390512 0.392895 0.394331 0.394811 0.394331 0.392895 0.390512 0.387195 0.382965 0.377847 0.371872 0.365076 0.3575 0.349189 0.340195 0.330569 0.320371 0.309661 0.298501 0.286958 0.275098 0.262989 0.250699 0.238296 0.225847 0.213417 0.201069 0.188864 0.176859 0.165106 0.153657 0.142555 0.131841 0.12155 0.111713 0.102356 0.0934983 0.0851571 0.0773437 0.0700657 0.0633267 0.0571272 0.0514648 0.0463347 0.0417304 0.0376439 0.0340665 0.0309892 0.028403 0.0262998 0.0246723 0.0235142 0.0228213 
0.0242931 0.0245398 0.0252808 0.026519 0.028259 0.0305071 0.0332708 0.0365585 0.0403794 0.0447426 0.0496569 0.0551302 0.061169 0.0677776 0.0749581 0.0827092 0.0910262 0.0999006 0.109319 0.119264 0.129713 0.140638 0.152006 0.163778 0.175913 0.188361 0.201069 0.213982 0.227039 0.240174 0.253323 0.266415 0.279381 0.29215 0.304649 0.316808 0.328557 0.339829 0.350556 0.360677 0.370131 0.378862 0.386819 0.393955 0.400227 0.405598 0.410036 0.413515 0.416016 0.417522 0.418025 0.417522 0.416016 0.413515 0.410036 0.405598 0.400227 0.393955 0.386819 0.378862 0.370131 0.360677 0.350556 0.339829 0.328557 0.316808 0.304649 0.29215 0.279381 0.266415 0.253323 0.240174 0.227039 0.213982 0.201069 0.188361 0.175913 0.163778 0.152006 0.140638 0.129713 0.119264 0.109319 0.0999006 0.0910262 0.0827092 0.0749581 0.0677776 0.061169 0.0551302 0.0496569 0.0447426 0.0403794 0.0365585 0.0332708 0.0305071 0.028259 0.026519 0.0252808 0.0245398 
0.0260391 0.0263021 0.0270919 0.0284117 0.0302662 0.0326616 0.0356059 0.0391076 0.0431759 0.0478202 0.0530492 0.0588708 0.0652913 0.0723146 0.0799421 0.0881719 0.0969984 0.106411 0.116397 0.126934 0.138 0.149563 0.161589 0.174036 0.186858 0.200004 0.213417 0.227039 0.240804 0.254644 0.268491 0.28227 0.29591 0.309334 0.322468 0.335239 0.347574 0.359401 0.370652 0.381262 0.391169 0.400316 0.408649 0.416119 0.422683 0.428304 0.432947 0.436586 0.439201 0.440776 0.441302 0.440776 0.439201 0.436586 0.432947 0.428304 0.422683 0.416119 0.408649 0.400316 0.391169 0.381262 0.370652 0.359401 0.347574 0.335239 0.322468 0.309334 0.29591 0.28227 0.268491 0.254644 0.240804 0.227039 0.213417 0.200004 0.186858 0.174036 0.161589 0.149563 0.138 0.126934 0.116397 0.106411 0.0969984 0.0881719 0.0799421 0.0723146 0.0652913 0.0588708 0.0530492 0.0478202 0.0431759 0.0391076 0.0356059 0.0326616 0.0302662 0.0284117 0.0270919 0.0263021 
0.0278202 0.0280997 0.0289391 0.0303415 0.0323118 0.0348565 0.0379834 0.0417015 0.0460201 0.0509484 0.0564954 0.0626687 0.0694743 0.0769157 0.0849938 0.0937057 0.103045 0.113 0.123554 0.134687 0.146371 0.158574 0.171258 0.184379 0.197888 0.211731 0.225847 0.240174 0.254644 0.269186 0.283725 0.298187 0.312493 0.326566 0.340329 0.353704 0.366615 0.37899 0.390756 0.401848 0.412201 0.421756 0.430457 0.438255 0.445106 0.45097 0.455814 0.45961 0.462337 0.463979 0.464528 0.463979 0.462337 0.45961 0.455814 0.45097 0.445106 0.438255 0.430457 0.421756 0.412201 0.401848 0.390756 0.37899 0.366615 0.353704 0.340329 0.326566 0.312493 0.298187 0.283725 0.269186 0.254644 0.240174 0.225847 0.211731 0.197888 0.184379 0.171258 0.158574 0.146371 0.134687 0.123554 0.113 0.103045 0.0937057 0.0849938 0.0769157 0.0694743 0.0626687 0.0564954 0.0509484 0.0460201 0.0417015 0.0379834 0.0348565 0.0323118 0.0303415 0.0289391 0.0280997 
0.0296276 0.0299237 0.030813 0.0322987 0.0343856 0.0370805 0.0403914 0.0443273 0.0488976 0.0541116 0.0599781 0.0665046 0.0736968 0.0815577 0.0900875 0.0992824 0.109135 0.119631 0.130755 0.142482 0.154783 0.167624 0.180964 0.194756 0.208948 0.223482 0.238296 0.253323 0.268491 0.283725 0.298949 0.314083 0.329047 0.34376 0.35814 0.372108 0.385585 0.398497 0.410768 0.422331 0.43312 0.443073 0.452134 0.460252 0.467382 0.473483 0.478522 0.48247 0.485306 0.487014 0.487584 0.487014 0.485306 0.48247 0.478522 0.473483 0.467382 0.460252 0.452134 0.443073 0.43312 0.422331 0.410768 0.398497 0.385585 0.372108 0.35814 0.34376 0.329047 0.314083 0.298949 0.283725 0.268491 0.253323 0.238296 0.223482 0.208948 0.194756 0.180964 0.167624 0.154783 0.142482 0.130755 0.119631 0.109135 0.0992824 0.0900875 0.0815577 0.0736968 0.0665046 0.0599781 0.0541116 0.0488976 0.0443273 0.0403914 0.0370805 0.0343856 0.0322987 0.030813 0.0299237 
0.0314515 0.0317642 0.0327035 0.0342726 0.0364764 0.0393218 0.0428169 0.0469708 0.0517928 0.0572925 0.0634785 0.0703579 0.0779361 0.0862158 0.095196 0.104872 0.115235 0.126271 0.137961 0.150278 0.163192 0.176666 0.190656 0.205112 0.219979 0.235197 0.250699 0.266415 0.28227 0.298187 0.314083 0.329878 0.345486 0.360825 0.375809 0.390357 0.404387 0.417822 0.430585 0.442606 0.453818 0.464158 0.473568 0.481996 0.489396 0.495727 0.500955 0.50505 0.507992 0.509763 0.510355 0.509763 0.507992 0.50505 0.500955 0.495727 0.489396 0.481996 0.473568 0.464158 0.453818 0.442606 0.430585 0.417822 0.404387 0.390357 0.375809 0.360825 0.345486 0.329878 0.314083 0.298187 0.28227 0.266415 0.250699 0.235197 0.219979 0.205112 0.190656 0.176666 0.163192 0.150278 0.137961 0.126271 0.115235 0.104872 0.095196 0.0862158 0.0779361 0.0703579 0.0634785 0.0572925 0.0517928 0.0469708 0.0428169 0.0393218 0.0364764 0.0342726 0.0327035 0.0317642 
0.0332813 0.0336107 0.0345998 0.0362519 0.0385722 0.0415675 0.045246 0.0496169 0.0546896 0.0604734 0.0669769 0.074207 0.0821687 0.0908638 0.100291 0.110444 0.121314 0.132883 0.145132 0.158033 0.171552 0.18565 0.20028 0.21539 0.230922 0.246811 0.262989 0.279381 0.29591 0.312493 0.329047 0.345486 0.361724 0.377672 0.393244 0.408355 0.422922 0.436864 0.450104 0.462568 0.474189 0.484902 0.494649 0.503376 0.511037 0.517589 0.522998 0.527236 0.530278 0.53211 0.532722 0.53211 0.530278 0.527236 0.522998 0.517589 0.511037 0.503376 0.494649 0.484902 0.474189 0.462568 0.450104 0.436864 0.422922 0.408355 0.393244 0.377672 0.361724 0.345486 0.329047 0.312493 0.29591 0.279381 0.262989 0.246811 0.230922 0.21539 0.20028 0.18565 0.171552 0.158033 0.145132 0.132883 0.121314 0.110444 0.100291 0.0908638 0.0821687 0.074207 0.0669769 0.0604734 0.0546896 0.0496169 0.045246 0.0415675 0.0385722 0.0362519 0.0345998 0.0336107 
0.0351062 0.035452 0.0364905 0.0382249 0.0406606 0.0438043 0.0476644 0.05225 0.0575706 0.0636355 0.0704528 0.0780294 0.0863696 0.0954748 0.105343 0.115966 0.127334 0.139429 0.152228 0.165702 0.179815 0.194525 0.209783 0.225533 0.241715 0.258261 0.275098 0.29215 0.309334 0.326566 0.34376 0.360825 0.377672 0.39421 0.410351 0.426007 0.441092 0.455523 0.469222 0.482113 0.494127 0.505199 0.515269 0.524282 0.532192 0.538956 0.544539 0.548912 0.552051 0.553942 0.554573 0.553942 0.552051 0.548912 0.544539 0.538956 0.532192 0.524282 0.515269 0.505199 0.494127 0.482113 0.469222 0.455523 0.441092 0.426007 0.410351 0.39421 0.377672 0.360825 0.34376 0.326566 0.309334 0.29215 0.275098 0.258261 0.241715 0.225533 0.209783 0.194525 0.179815 0.165702 0.152228 0.139429 0.127334 0.115966 0.105343 0.0954748 0.0863696 0.0780294 0.0704528 0.0636355 0.0575706 0.05225 0.0476644 0.0438043 0.0406606 0.0382249 0.0364905 0.035452 
0.0369145 0.0372765 0.0383636 0.0401791 0.0427283 0.0460181 0.0500569 0.0548538 0.0604182 0.0667592 0.073885 0.0818018 0.0905136 0.100021 0.110321 0.121405 0.133261 0.14587 0.159207 0.173241 0.187933 0.20324 0.219109 0.235483 0.252297 0.269481 0.286958 0.304649 0.322468 0.340329 0.35814 0.375809 0.393244 0.410351 0.42704 0.443218 0.4588 0.4737 0.487838 0.501138 0.513528 0.524942 0.53532 0.544606 0.552754 0.559719 0.565467 0.569969 0.5732 0.575146 0.575796 0.575146 0.5732 0.569969 0.565467 0.559719 0.552754 0.544606 0.53532 0.524942 0.513528 0.501138 0.487838 0.4737 0.4588 0.443218 0.42704 0.410351 0.393244 0.375809 0.35814 0.340329 0.322468 0.304649 0.286958 0.269481 0.252297 0.235483 0.219109 0.20324 0.187933 0.173241 0.159207 0.14587 0.133261 0.121405 0.110321 0.100021 0.0905136 0.0818018 0.073885 0.0667592 0.0604182 0.0548538 0.0500569 0.0460181 0.0427283 0.0401791 0.0383636 0.0372765 
0.0386944 0.0390723 0.040207 0.0421018 0.044762 0.0481947 0.0524081 0.0574115 0.0632141 0.0698249 0.0772517 0.0855006 0.0945747 0.104474 0.115195 0.126728 0.139058 0.152167 0.166026 0.180604 0.195859 0.211744 0.228205 0.245182 0.262607 0.280406 0.298501 0.316808 0.335239 0.353704 0.372108 0.390357 0.408355 0.426007 0.443218 0.459897 0.475953 0.4913 0.505856 0.519544 0.532291 0.54403 0.554699 0.564244 0.572616 0.579772 0.585677 0.5903 0.593618 0.595616 0.596283 0.595616 0.593618 0.5903 0.585677 0.579772 0.572616 0.564244 0.554699 0.54403 0.532291 0.519544 0.505856 0.4913 0.475953 0.459897 0.443218 0.426007 0.408355 0.390357 0.372108 0.353704 0.335239 0.316808 0.298501 0.280406 0.262607 0.245182 0.228205 0.211744 0.195859 0.180604 0.166026 0.152167 0.139058 0.126728 0.115195 0.104474 0.0945747 0.0855006 0.0772517 0.0698249 0.0632141 0.0574115 0.0524081 0.0481947 0.044762 0.0421018 0.040207 0.0390723 
0.0404338 0.0408271 0.0420079 0.0439798 0.0467479 0.0503193 0.0547024 0.0599061 0.0659399 0.0728123 0.0805311 0.0891016 0.0985268 0.108806 0.119934 0.1319 0.14469 0.158281 0.172645 0.187746 0.203543 0.219985 0.237016 0.254573 0.272584 0.290974 0.309661 0.328557 0.347574 0.366615 0.385585 0.404387 0.422922 0.441092 0.4588 0.475953 0.492458 0.508229 0.52318 0.537235 0.550318 0.562363 0.573308 0.583096 0.591679 0.599015 0.605065 0.609802 0.613202 0.615249 0.615932 0.615249 0.613202 0.609802 0.605065 0.599015 0.591679 0.583096 0.573308 0.562363 0.550318 0.537235 0.52318 0.508229 0.492458 0.475953 0.4588 0.441092 0.422922 0.404387 0.385585 0.366615 0.347574 0.328557 0.309661 0.290974 0.272584 0.254573 0.237016 0.219985 0.203543 0.187746 0.172645 0.158281 0.14469 0.1319 0.119934 0.108806 0.0985268 0.0891016 0.0805311 0.0728123 0.0659399 0.0599061 0.0547024 0.0503193 0.0467479 0.0439798 0.0420079 0.0408271 
0.0421204 0.0425285 0.0437539 0.0458001 0.0486722 0.0523773 0.0569238 0.0623207 0.068577 0.0757014 0.0837011 0.0925812 0.102344 0.112988 0.124506 0.136889 0.150119 0.164173 0.17902 0.194623 0.210938 0.227913 0.245488 0.263598 0.282168 0.301121 0.320371 0.339829 0.359401 0.37899 0.398497 0.417822 0.436864 0.455523 0.4737 0.4913 0.508229 0.524397 0.53972 0.554118 0.567518 0.579849 0.591051 0.601067 0.609847 0.617349 0.623537 0.62838 0.631856 0.633948 0.634647 0.633948 0.631856 0.62838 0.623537 0.617349 0.609847 0.601067 0.591051 0.579849 0.567518 0.554118 0.53972 0.524397 0.508229 0.4913 0.4737 0.455523 0.436864 0.417822 0.398497 0.37899 0.359401 0.339829 0.320371 0.301121 0.282168 0.263598 0.245488 0.227913 0.210938 0.194623 0.17902 0.164173 0.150119 0.136889 0.124506 0.112988 0.102344 0.0925812 0.0837011 0.0757014 0.068577 0.0623207 0.0569238 0.0523773 0.0486722 0.0458001 0.0437539 0.0425285 
0.043742 0.0441643 0.0454323 0.0475495 0.0505211 0.0543541 0.0590568 0.0646382 0.0711072 0.0784722 0.08674 0.0959155 0.106 0.116992 0.128883 0.141663 0.155311 0.169805 0.185111 0.201192 0.217999 0.235478 0.253569 0.272203 0.291303 0.310787 0.330569 0.350556 0.370652 0.390756 0.410768 0.430585 0.450104 0.469222 0.487838 0.505856 0.52318 0.53972 0.55539 0.570108 0.583801 0.596399 0.60784 0.618067 0.62703 0.634687 0.641001 0.645942 0.649489 0.651623 0.652335 0.651623 0.649489 0.645942 0.641001 0.634687 0.62703 0.618067 0.60784 0.596399 0.583801 0.570108 0.55539 0.53972 0.52318 0.505856 0.487838 0.469222 0.450104 0.430585 0.410768 0.390756 0.370652 0.350556 0.330569 0.310787 0.291303 0.272203 0.253569 0.235478 0.217999 0.201192 0.185111 0.169805 0.155311 0.141663 0.128883 0.116992 0.106 0.0959155 0.08674 0.0784722 0.0711072 0.0646382 0.0590568 0.0543541 0.0505211 0.0475495 0.0454323 0.0441643 
0.0452864 0.0457222 0.0470306 0.0492151 0.052281 0.0562351 0.0610858 0.066842 0.0735123 0.081105 0.0896266 0.0990814 0.10947 0.120791 0.133034 0.146188 0.160232 0.17514 0.19088 0.207409 0.224679 0.242634 0.261209 0.280334 0.299931 0.319914 0.340195 0.360677 0.381262 0.401848 0.422331 0.442606 0.462568 0.482113 0.501138 0.519544 0.537235 0.554118 0.570108 0.585123 0.599087 0.611931 0.623591 0.634012 0.643144 0.650943 0.657373 0.662405 0.666016 0.668188 0.668914 0.668188 0.666016 0.662405 0.657373 0.650943 0.643144 0.634012 0.623591 0.611931 0.599087 0.585123 0.570108 0.554118 0.537235 0.519544 0.501138 0.482113 0.462568 0.442606 0.422331 0.401848 0.381262 0.360677 0.340195 0.319914 0.299931 0.280334 0.261209 0.242634 0.224679 0.207409 0.19088 0.17514 0.160232 0.146188 0.133034 0.120791 0.10947 0.0990814 0.0896266 0.081105 0.0735123 0.066842 0.0610858 0.0562351 0.052281 0.0492151 0.0470306 0.0457222 
0.046742 0.0471904 0.0485368 0.0507844 0.0539386 0.0580064 0.0629959 0.0689159 0.0757749 0.083581 0.0923403 0.102057 0.11273 0.124358 0.136931 0.150434 0.164848 0.180144 0.196287 0.213234 0.230936 0.249333 0.26836 0.287943 0.308 0.328447 0.349189 0.370131 0.391169 0.412201 0.43312 0.453818 0.474189 0.494127 0.513528 0.532291 0.550318 0.567518 0.583801 0.599087 0.613299 0.626367 0.638229 0.648827 0.658111 0.66604 0.672576 0.67769 0.681359 0.683567 0.684304 0.683567 0.681359 0.67769 0.672576 0.66604 0.658111 0.648827 0.638229 0.626367 0.613299 0.599087 0.583801 0.567518 0.550318 0.532291 0.513528 0.494127 0.474189 0.453818 0.43312 0.412201 0.391169 0.370131 0.349189 0.328447 0.308 0.287943 0.26836 0.249333 0.230936 0.213234 0.196287 0.180144 0.164848 0.150434 0.136931 0.124358 0.11273 0.102057 0.0923403 0.083581 0.0757749 0.0689159 0.0629959 0.0580064 0.0539386 0.0507844 0.0485368 0.0471904 
