1.3788e-06 1.47255e-06 1.76305e-06 2.27854e-06 3.06779e-06 4.20265e-06 5.78158e-06 7.93411e-06 1.08262e-05 1.46662e-05 1.97117e-05 2.62764e-05 3.47371e-05 4.55403e-05 5.9208e-05 7.63421e-05 9.76267e-05 0.000123828 0.000155789 0.000194425 0.000240708 0.000295652 0.000360288 0.000435639 0.000522685 0.000622327 0.000735347 0.000862363 0.00100379 0.00115979 0.00133024 0.00151469 0.00171235 0.00192205 0.00214225 0.00237103 0.00260614 0.00284497 0.00308465 0.00332207 0.00355397 0.00377697 0.00398771 0.00418286 0.00435928 0.00451403 0.00464448 0.0047484 0.00482396 0.00486984 0.00488523 0.00486984 0.00482396 0.0047484 0.00464448 0.00451403 0.00435928 0.00418286 0.00398771 0.00377697 0.00355397 0.00332207 0.00308465 0.00284497 0.00260614 0.00237103 0.00214225 0.00192205 0.00171235 0.00151469 0.00133024 0.00115979 0.00100379 0.000862363 0.000735347 0.000622327 0.000522685 0.000435639 0.000360288 0.000295652 0.000240708 0.000194425 0.000155789 0.000123828 9.76267e-05 7.63421e-05 5.9208e-05 4.55403e-05 3.47371e-05 2.62764e-05 1.97117e-05 1.46662e-05 1.08262e-05 7.93411e-06 5.78158e-06 4.20265e-06 3.06779e-06 2.27854e-06 1.76305e-06 1.47255e-06 
1.47255e-06 1.57239e-06 1.88172e-06 2.4305e-06 3.27042e-06 4.47764e-06 6.15644e-06 8.44396e-06 1.15158e-05 1.55922e-05 2.09453e-05 2.79063e-05 3.68727e-05 4.83149e-05 6.27828e-05 8.09097e-05 0.000103415 0.000131102 0.000164857 0.000205638 0.000254464 0.000312393 0.000380503 0.000459861 0.000551486 0.000656315 0.000775155 0.000908645 0.00105721 0.001221 0.00139987 0.00159335 0.0018006 0.00202038 0.00225106 0.00249065 0.00273677 0.0029867 0.00323744 0.00348574 0.00372819 0.00396128 0.0041815 0.00438539 0.00456967 0.00473129 0.00486753 0.00497603 0.00505493 0.00510283 0.00511889 0.00510283 0.00505493 0.00497603 0.00486753 0.00473129 0.00456967 0.00438539 0.0041815 0.00396128 0.00372819 0.00348574 0.00323744 0.0029867 0.00273677 0.00249065 0.00225106 0.00202038 0.0018006 0.00159335 0.00139987 0.001221 0.00105721 0.000908645 0.000775155 0.000656315 0.000551486 0.000459861 0.000380503 0.000312393 0.000254464 0.000205638 0.000164857 0.000131102 0.000103415 8.09097e-05 6.27828e-05 4.83149e-05 3.68727e-05 2.79063e-05 2.09453e-05 1.55922e-05 1.15158e-05 8.44396e-06 6.15644e-06 4.47764e-06 3.27042e-06 2.4305e-06 1.88172e-06 1.57239e-06 
1.76305e-06 1.88172e-06 2.24928e-06 2.90094e-06 3.89746e-06 5.32822e-06 7.31549e-06 1.00198e-05 1.36462e-05 1.84519e-05 2.47536e-05 3.29362e-05 4.34603e-05 5.68706e-05 7.38018e-05 9.49832e-05 0.000121241 0.000153497 0.000192764 0.000240134 0.000296764 0.000363855 0.000442622 0.000534265 0.000639924 0.000760641 0.000897305 0.00105061 0.001221 0.00140861 0.00161325 0.00183433 0.00207086 0.00232141 0.00258411 0.00285667 0.00313638 0.00342016 0.0037046 0.00398606 0.00426067 0.00452451 0.00477361 0.00500411 0.00521234 0.00539489 0.0055487 0.00567118 0.00576021 0.00581426 0.00583238 0.00581426 0.00576021 0.00567118 0.0055487 0.00539489 0.00521234 0.00500411 0.00477361 0.00452451 0.00426067 0.00398606 0.0037046 0.00342016 0.00313638 0.00285667 0.00258411 0.00232141 0.00207086 0.00183433 0.00161325 0.00140861 0.001221 0.00105061 0.000897305 0.000760641 0.000639924 0.000534265 0.000442622 0.000363855 0.000296764 0.000240134 0.000192764 0.000153497 0.000121241 9.49832e-05 7.38018e-05 5.68706e-05 4.34603e-05 3.29362e-05 2.47536e-05 1.84519e-05 1.36462e-05 1.00198e-05 7.31549e-06 5.32822e-06 3.89746e-06 2.90094e-06 2.24928e-06 1.88172e-06 
2.27854e-06 2.4305e-06 2.90094e-06 3.73434e-06 5.00734e-06 6.83256e-06 9.36375e-06 1.28024e-05 1.74055e-05 2.34943e-05 3.14636e-05 4.17917e-05 5.505e-05 7.19116e-05 9.31588e-05 0.000119688 0.00015251 0.000192751 0.000241643 0.000300508 0.000370743 0.00045379 0.000551103 0.000664107 0.000794148 0.000942443 0.00111002 0.00129766 0.00150585 0.00173468 0.00198386 0.00225262 0.0025397 0.00284334 0.00316124 0.0034906 0.00382815 0.00417018 0.0045126 0.00485104 0.00518092 0.00549754 0.00579622 0.0060724 0.00632171 0.00654014 0.0067241 0.00687052 0.00697693 0.00704151 0.00706316 0.00704151 0.00697693 0.00687052 0.0067241 0.00654014 0.00632171 0.0060724 0.00579622 0.00549754 0.00518092 0.00485104 0.0045126 0.00417018 0.00382815 0.0034906 0.00316124 0.00284334 0.0025397 0.00225262 0.00198386 0.00173468 0.00150585 0.00129766 0.00111002 0.000942443 0.000794148 0.000664107 0.000551103 0.00045379 0.000370743 0.000300508 0.000241643 0.000192751 0.00015251 0.000119688 9.31588e-05 7.19116e-05 5.505e-05 4.17917e-05 3.14636e-05 2.34943e-05 1.74055e-05 1.28024e-05 9.36375e-06 6.83256e-06 5.00734e-06 3.73434e-06 2.90094e-06 2.4305e-06 
3.06779e-06 3.27042e-06 3.89746e-06 5.00734e-06 6.70068e-06 9.12509e-06 1.24818e-05 1.70339e-05 2.31161e-05 3.11459e-05 4.16351e-05 5.52017e-05 7.25819e-05 9.46405e-05 0.000122379 0.000156941 0.000199613 0.00025182 0.000315117 0.000391167 0.000481715 0.000588558 0.000713495 0.000858276 0.00102455 0.00121377 0.00142718 0.00166566 0.00192974 0.00221947 0.00253438 0.00287342 0.00323495 0.00361668 0.00401569 0.00442845 0.00485085 0.00527825 0.00570557 0.0061274 0.00653809 0.00693185 0.00730295 0.00764578 0.00795504 0.0082258 0.00845371 0.00863503 0.00876676 0.00884669 0.00887348 0.00884669 0.00876676 0.00863503 0.00845371 0.0082258 0.00795504 0.00764578 0.00730295 0.00693185 0.00653809 0.0061274 0.00570557 0.00527825 0.00485085 0.00442845 0.00401569 0.00361668 0.00323495 0.00287342 0.00253438 0.00221947 0.00192974 0.00166566 0.00142718 0.00121377 0.00102455 0.000858276 0.000713495 0.000588558 0.000481715 0.000391167 0.000315117 0.00025182 0.000199613 0.000156941 0.000122379 9.46405e-05 7.25819e-05 5.52017e-05 4.16351e-05 3.11459e-05 2.31161e-05 1.70339e-05 1.24818e-05 9.12509e-06 6.70068e-06 5.00734e-06 3.89746e-06 3.27042e-06 
4.20265e-06 4.47764e-06 5.32822e-06 6.83256e-06 9.12509e-06 1.24028e-05 1.69337e-05 2.30676e-05 3.12484e-05 4.20284e-05 5.60829e-05 7.42251e-05 9.74208e-05 0.000126801 0.00016367 0.000209515 0.000266001 0.000334966 0.000418406 0.000518447 0.000637313 0.000777277 0.000940604 0.00112948 0.00134595 0.0015918 0.00186851 0.00217714 0.00251821 0.0028917 0.00329689 0.00373234 0.00419585 0.00468442 0.00519427 0.00572085 0.00625891 0.00680256 0.00734538 0.00788054 0.00840094 0.00889936 0.00936863 0.00980176 0.0101922 0.0105337 0.0108211 0.0110496 0.0112156 0.0113162 0.01135 0.0113162 0.0112156 0.0110496 0.0108211 0.0105337 0.0101922 0.00980176 0.00936863 0.00889936 0.00840094 0.00788054 0.00734538 0.00680256 0.00625891 0.00572085 0.00519427 0.00468442 0.00419585 0.00373234 0.00329689 0.0028917 0.00251821 0.00217714 0.00186851 0.0015918 0.00134595 0.00112948 0.000940604 0.000777277 0.000637313 0.000518447 0.000418406 0.000334966 0.000266001 0.000209515 0.00016367 0.000126801 9.74208e-05 7.42251e-05 5.60829e-05 4.20284e-05 3.12484e-05 2.30676e-05 1.69337e-05 1.24028e-05 9.12509e-06 6.83256e-06 5.32822e-06 4.47764e-06 
5.78158e-06 6.15644e-06 7.31549e-06 9.36375e-06 1.24818e-05 1.69337e-05 2.30783e-05 3.1383e-05 4.24395e-05 5.69823e-05 7.59069e-05 0.000100289 0.000131402 0.000170733 0.000219993 0.000281121 0.000356287 0.000447872 0.000558454 0.000690767 0.000847656 0.00103202 0.00124671 0.00149449 0.00177788 0.00209911 0.00245993 0.00286158 0.00330461 0.00378883 0.00431316 0.00487565 0.00547332 0.00610223 0.00675746 0.00743312 0.00812247 0.00881798 0.00951149 0.0101943 0.0108576 0.0114921 0.0120889 0.0126393 0.013135 0.0135684 0.0139328 0.0142224 0.0144327 0.0145602 0.0146029 0.0145602 0.0144327 0.0142224 0.0139328 0.0135684 0.013135 0.0126393 0.0120889 0.0114921 0.0108576 0.0101943 0.00951149 0.00881798 0.00812247 0.00743312 0.00675746 0.00610223 0.00547332 0.00487565 0.00431316 0.00378883 0.00330461 0.00286158 0.00245993 0.00209911 0.00177788 0.00149449 0.00124671 0.00103202 0.000847656 0.000690767 0.000558454 0.000447872 0.000356287 0.000281121 0.000219993 0.000170733 0.000131402 0.000100289 7.59069e-05 5.69823e-05 4.24395e-05 3.1383e-05 2.30783e-05 1.69337e-05 1.24818e-05 9.36375e-06 7.31549e-06 6.15644e-06 
7.93411e-06 8.44396e-06 1.00198e-05 1.28024e-05 1.70339e-05 2.30676e-05 3.1383e-05 4.26032e-05 5.75158e-05 7.70955e-05 0.000102528 0.000135234 0.000176889 0.000229445 0.000295141 0.000376505 0.000476356 0.000597776 0.000744088 0.000918803 0.00112555 0.00136801 0.0016498 0.00197436 0.00234483 0.00276392 0.00323375 0.00375573 0.00433039 0.00495729 0.00563488 0.00636046 0.00713008 0.00793855 0.00877948 0.00964526 0.0105272 0.0114158 0.0123007 0.0131708 0.0140149 0.0148216 0.0155796 0.016278 0.0169065 0.0174556 0.017917 0.0182836 0.0185496 0.018711 0.018765 0.018711 0.0185496 0.0182836 0.017917 0.0174556 0.0169065 0.016278 0.0155796 0.0148216 0.0140149 0.0131708 0.0123007 0.0114158 0.0105272 0.00964526 0.00877948 0.00793855 0.00713008 0.00636046 0.00563488 0.00495729 0.00433039 0.00375573 0.00323375 0.00276392 0.00234483 0.00197436 0.0016498 0.00136801 0.00112555 0.000918803 0.000744088 0.000597776 0.000476356 0.000376505 0.000295141 0.000229445 0.000176889 0.000135234 0.000102528 7.70955e-05 5.75158e-05 4.26032e-05 3.1383e-05 2.30676e-05 1.70339e-05 1.28024e-05 1.00198e-05 8.44396e-06 
1.08262e-05 1.15158e-05 1.36462e-05 1.74055e-05 2.31161e-05 3.12484e-05 4.24395e-05 5.75158e-05 7.75195e-05 0.000103737 0.000137731 0.000181364 0.000236834 0.000306687 0.000393834 0.000501558 0.000633497 0.000793621 0.000986188 0.00121568 0.0014867 0.0018039 0.00217181 0.00259472 0.00307649 0.00362041 0.00422899 0.00490381 0.0056453 0.00645268 0.00732374 0.00825479 0.00924062 0.0102745 0.011348 0.0124515 0.013574 0.0147032 0.0158261 0.016929 0.0179976 0.0190176 0.0199752 0.0208566 0.0216491 0.0223411 0.0229223 0.0233837 0.0237185 0.0239215 0.0239895 0.0239215 0.0237185 0.0233837 0.0229223 0.0223411 0.0216491 0.0208566 0.0199752 0.0190176 0.0179976 0.016929 0.0158261 0.0147032 0.013574 0.0124515 0.011348 0.0102745 0.00924062 0.00825479 0.00732374 0.00645268 0.0056453 0.00490381 0.00422899 0.00362041 0.00307649 0.00259472 0.00217181 0.0018039 0.0014867 0.00121568 0.000986188 0.000793621 0.000633497 0.000501558 0.000393834 0.000306687 0.000236834 0.000181364 0.000137731 0.000103737 7.75195e-05 5.75158e-05 4.24395e-05 3.12484e-05 2.31161e-05 1.74055e-05 1.36462e-05 1.15158e-05 
1.46662e-05 1.55922e-05 1.84519e-05 2.34943e-05 3.11459e-05 4.20284e-05 5.69823e-05 7.70955e-05 0.000103737 0.000138594 0.000183707 0.000241507 0.000314848 0.000407031 0.000521815 0.000663426 0.000836528 0.00104619 0.00129784 0.00159713 0.00194989 0.00236191 0.00283884 0.00338597 0.004008 0.00470887 0.00549151 0.00635762 0.00730748 0.00833975 0.00945137 0.0106374 0.0118909 0.0132032 0.0145636 0.0159598 0.0173777 0.018802 0.0202164 0.0216037 0.0229463 0.0242264 0.0254268 0.0265308 0.0275226 0.028388 0.0291143 0.0296908 0.0301088 0.0303622 0.0304471 0.0303622 0.0301088 0.0296908 0.0291143 0.028388 0.0275226 0.0265308 0.0254268 0.0242264 0.0229463 0.0216037 0.0202164 0.018802 0.0173777 0.0159598 0.0145636 0.0132032 0.0118909 0.0106374 0.00945137 0.00833975 0.00730748 0.00635762 0.00549151 0.00470887 0.004008 0.00338597 0.00283884 0.00236191 0.00194989 0.00159713 0.00129784 0.00104619 0.000836528 0.000663426 0.000521815 0.000407031 0.000314848 0.000241507 0.000183707 0.000138594 0.000103737 7.70955e-05 5.69823e-05 4.20284e-05 3.11459e-05 2.34943e-05 1.84519e-05 1.55922e-05 
1.97117e-05 2.09453e-05 2.47536e-05 3.14636e-05 4.16351e-05 5.60829e-05 7.59069e-05 0.000102528 0.000137731 0.000183707 0.000243104 0.000319064 0.000415266 0.000535952 0.000685939 0.000870616 0.00109592 0.00136826 0.00169449 0.00208169 0.00253714 0.00306803 0.0036813 0.00438339 0.00517999 0.00607574 0.00707398 0.00817649 0.00938323 0.0106921 0.0120989 0.0135971 0.0151777 0.0168294 0.0185388 0.0202901 0.0220659 0.0238471 0.0256133 0.0273433 0.0290154 0.030608 0.0320997 0.0334702 0.0347005 0.0357732 0.0366729 0.0373867 0.0379041 0.0382176 0.0383226 0.0382176 0.0379041 0.0373867 0.0366729 0.0357732 0.0347005 0.0334702 0.0320997 0.030608 0.0290154 0.0273433 0.0256133 0.0238471 0.0220659 0.0202901 0.0185388 0.0168294 0.0151777 0.0135971 0.0120989 0.0106921 0.00938323 0.00817649 0.00707398 0.00607574 0.00517999 0.00438339 0.0036813 0.00306803 0.00253714 0.00208169 0.00169449 0.00136826 0.00109592 0.000870616 0.000685939 0.000535952 0.000415266 0.000319064 0.000243104 0.000183707 0.000137731 0.000102528 7.59069e-05 5.60829e-05 4.16351e-05 3.14636e-05 2.47536e-05 2.09453e-05 
2.62764e-05 2.79063e-05 3.29362e-05 4.17917e-05 5.52017e-05 7.42251e-05 0.000100289 0.000135234 0.000181364 0.000241507 0.000319064 0.000418064 0.000543208 0.000699899 0.000894253 0.00113309 0.00142388 0.00177468 0.00219402 0.00269075 0.00327381 0.00395204 0.00473391 0.00562717 0.00663857 0.00777352 0.00903574 0.010427 0.0119467 0.0135918 0.0153564 0.0172321 0.0192073 0.0212676 0.023396 0.0255731 0.0277769 0.0299839 0.0321691 0.0343065 0.0363698 0.0383324 0.0401688 0.0418544 0.0433661 0.0446832 0.0457872 0.0466625 0.0472968 0.047681 0.0478097 0.047681 0.0472968 0.0466625 0.0457872 0.0446832 0.0433661 0.0418544 0.0401688 0.0383324 0.0363698 0.0343065 0.0321691 0.0299839 0.0277769 0.0255731 0.023396 0.0212676 0.0192073 0.0172321 0.0153564 0.0135918 0.0119467 0.010427 0.00903574 0.00777352 0.00663857 0.00562717 0.00473391 0.00395204 0.00327381 0.00269075 0.00219402 0.00177468 0.00142388 0.00113309 0.000894253 0.000699899 0.000543208 0.000418064 0.000319064 0.000241507 0.000181364 0.000135234 0.000100289 7.42251e-05 5.52017e-05 4.17917e-05 3.29362e-05 2.79063e-05 
3.47371e-05 3.68727e-05 4.34603e-05 5.505e-05 7.25819e-05 9.74208e-05 0.000131402 0.000176889 0.000236834 0.000314848 0.000415266 0.000543208 0.000704628 0.000906346 0.00115606 0.00146231 0.00183442 0.00228242 0.00281685 0.00344858 0.00418857 0.00504754 0.00603569 0.00716223 0.00843508 0.00986041 0.0114423 0.0131822 0.0150788 0.0171278 0.0193214 0.0216483 0.0240939 0.0266402 0.0292659 0.0319468 0.0346561 0.037365 0.040043 0.0426586 0.04518 0.0475756 0.0498145 0.0518673 0.0537067 0.055308 0.0566494 0.0577123 0.0584823 0.0589486 0.0591047 0.0589486 0.0584823 0.0577123 0.0566494 0.055308 0.0537067 0.0518673 0.0498145 0.0475756 0.04518 0.0426586 0.040043 0.037365 0.0346561 0.0319468 0.0292659 0.0266402 0.0240939 0.0216483 0.0193214 0.0171278 0.0150788 0.0131822 0.0114423 0.00986041 0.00843508 0.00716223 0.00603569 0.00504754 0.00418857 0.00344858 0.00281685 0.00228242 0.00183442 0.00146231 0.00115606 0.000906346 0.000704628 0.000543208 0.000415266 0.000314848 0.000236834 0.000176889 0.000131402 9.74208e-05 7.25819e-05 5.505e-05 4.34603e-05 3.68727e-05 
4.55403e-05 4.83149e-05 5.68706e-05 7.19116e-05 9.46405e-05 0.000126801 0.000170733 0.000229445 0.000306687 0.000407031 0.000535952 0.000699899 0.000906346 0.00116383 0.00148193 0.00187127 0.00234338 0.00291059 0.00358582 0.0043823 0.0053133 0.0063917 0.00762959 0.00903784 0.0106256 0.0123997 0.0143644 0.0165208 0.0188666 0.0213954 0.0240971 0.0269572 0.0299574 0.0330749 0.0362836 0.0395539 0.042853 0.0461461 0.0493965 0.0525664 0.0556178 0.0585132 0.0612159 0.0636914 0.0659075 0.0678351 0.0694486 0.0707265 0.0716517 0.0722119 0.0723995 0.0722119 0.0716517 0.0707265 0.0694486 0.0678351 0.0659075 0.0636914 0.0612159 0.0585132 0.0556178 0.0525664 0.0493965 0.0461461 0.042853 0.0395539 0.0362836 0.0330749 0.0299574 0.0269572 0.0240971 0.0213954 0.0188666 0.0165208 0.0143644 0.0123997 0.0106256 0.00903784 0.00762959 0.0063917 0.0053133 0.0043823 0.00358582 0.00291059 0.00234338 0.00187127 0.00148193 0.00116383 0.000906346 0.000699899 0.000535952 0.000407031 0.000306687 0.000229445 0.000170733 0.000126801 9.46405e-05 7.19116e-05 5.68706e-05 4.83149e-05 
5.9208e-05 6.27828e-05 7.38018e-05 9.31588e-05 0.000122379 0.00016367 0.000219993 0.000295141 0.000393834 0.000521815 0.000685939 0.000894253 0.00115606 0.00148193 0.00188372 0.00237448 0.00296835 0.00368034 0.00452612 0.00552166 0.00668282 0.00802489 0.00956211 0.011307 0.01327 0.0154586 0.0178771 0.0205258 0.0234007 0.0264934 0.0297905 0.0332737 0.0369199 0.0407012 0.0445856 0.048537 0.0525161 0.0564811 0.0603881 0.0641925 0.0678493 0.0713144 0.074545 0.0775006 0.0801438 0.082441 0.0843624 0.0858833 0.086984 0.0876502 0.0878733 0.0876502 0.086984 0.0858833 0.0843624 0.082441 0.0801438 0.0775006 0.074545 0.0713144 0.0678493 0.0641925 0.0603881 0.0564811 0.0525161 0.048537 0.0445856 0.0407012 0.0369199 0.0332737 0.0297905 0.0264934 0.0234007 0.0205258 0.0178771 0.0154586 0.01327 0.011307 0.00956211 0.00802489 0.00668282 0.00552166 0.00452612 0.00368034 0.00296835 0.00237448 0.00188372 0.00148193 0.00115606 0.000894253 0.000685939 0.000521815 0.000393834 0.000295141 0.000219993 0.00016367 0.000122379 9.31588e-05 7.38018e-05 6.27828e-05 
7.63421e-05 8.09097e-05 9.49832e-05 0.000119688 0.000156941 0.000209515 0.000281121 0.000376505 0.000501558 0.000663426 0.000870616 0.00113309 0.00146231 0.00187127 0.00237448 0.00298785 0.00372852 0.00461464 0.00566501 0.00689868 0.00833443 0.00999021 0.0118825 0.0140257 0.0164314 0.0191075 0.0220581 0.0252822 0.0287741 0.0325221 0.0365092 0.0407123 0.0451028 0.0496466 0.0543049 0.0590343 0.0637879 0.0685161 0.0731672 0.0776888 0.0820284 0.0861347 0.0899581 0.093452 0.0965733 0.0992835 0.101549 0.103341 0.104637 0.105421 0.105684 0.105421 0.104637 0.103341 0.101549 0.0992835 0.0965733 0.093452 0.0899581 0.0861347 0.0820284 0.0776888 0.0731672 0.0685161 0.0637879 0.0590343 0.0543049 0.0496466 0.0451028 0.0407123 0.0365092 0.0325221 0.0287741 0.0252822 0.0220581 0.0191075 0.0164314 0.0140257 0.0118825 0.00999021 0.00833443 0.00689868 0.00566501 0.00461464 0.00372852 0.00298785 0.00237448 0.00187127 0.00146231 0.00113309 0.000870616 0.000663426 0.000501558 0.000376505 0.000281121 0.000209515 0.000156941 0.000119688 9.49832e-05 8.09097e-05 
9.76267e-05 0.000103415 0.000121241 0.00015251 0.000199613 0.000266001 0.000356287 0.000476356 0.000633497 0.000836528 0.00109592 0.00142388 0.00183442 0.00234338 0.00296835 0.00372852 0.00464453 0.00573806 0.00703145 0.00854721 0.0103073 0.0123326 0.014642 0.0172516 0.0201741 0.0234177 0.0269857 0.0308757 0.035079 0.0395805 0.0443583 0.0493839 0.0546221 0.0600318 0.0655661 0.0711736 0.0767989 0.0823836 0.0878675 0.0931896 0.0982895 0.103108 0.107588 0.111678 0.115327 0.118493 0.121137 0.123227 0.124738 0.125652 0.125958 0.125652 0.124738 0.123227 0.121137 0.118493 0.115327 0.111678 0.107588 0.103108 0.0982895 0.0931896 0.0878675 0.0823836 0.0767989 0.0711736 0.0655661 0.0600318 0.0546221 0.0493839 0.0443583 0.0395805 0.035079 0.0308757 0.0269857 0.0234177 0.0201741 0.0172516 0.014642 0.0123326 0.0103073 0.00854721 0.00703145 0.00573806 0.00464453 0.00372852 0.00296835 0.00234338 0.00183442 0.00142388 0.00109592 0.000836528 0.000633497 0.000476356 0.000356287 0.000266001 0.000199613 0.00015251 0.000121241 0.000103415 
0.000123828 0.000131102 0.000153497 0.000192751 0.00025182 0.000334966 0.000447872 0.000597776 0.000793621 0.00104619 0.00136826 0.00177468 0.00228242 0.00291059 0.00368034 0.00461464 0.00573806 0.00707626 0.00865557 0.0105023 0.0126418 0.0150981 0.0178924 0.0210428 0.0245625 0.0284599 0.0327369 0.037389 0.0424041 0.0477625 0.0534366 0.0593914 0.0655843 0.0719657 0.0784803 0.0850671 0.0916615 0.0981955 0.1046 0.110804 0.11674 0.122339 0.127538 0.132277 0.136502 0.140163 0.143218 0.145631 0.147375 0.14843 0.148783 0.14843 0.147375 0.145631 0.143218 0.140163 0.136502 0.132277 0.127538 0.122339 0.11674 0.110804 0.1046 0.0981955 0.0916615 0.0850671 0.0784803 0.0719657 0.0655843 0.0593914 0.0534366 0.0477625 0.0424041 0.037389 0.0327369 0.0284599 0.0245625 0.0210428 0.0178924 0.0150981 0.0126418 0.0105023 0.00865557 0.00707626 0.00573806 0.00461464 0.00368034 0.00291059 0.00228242 0.00177468 0.00136826 0.00104619 0.000793621 0.000597776 0.000447872 0.000334966 0.00025182 0.000192751 0.000153497 0.000131102 
0.000155789 0.000164857 0.000192764 0.000241643 0.000315117 0.000418406 0.000558454 0.000744088 0.000986188 0.00129784 0.00169449 0.00219402 0.00281685 0.00358582 0.00452612 0.00566501 0.00703145 0.00865557 0.010568 0.0127992 0.0153782 0.0183322 0.0216849 0.0254558 0.0296588 0.0343016 0.0393846 0.0448999 0.0508313 0.0571536 0.0638326 0.0708255 0.0780812 0.0855408 0.0931391 0.100805 0.108464 0.116037 0.123445 0.130609 0.137451 0.143895 0.14987 0.155309 0.160151 0.164343 0.167838 0.170597 0.172589 0.173794 0.174197 0.173794 0.172589 0.170597 0.167838 0.164343 0.160151 0.155309 0.14987 0.143895 0.137451 0.130609 0.123445 0.116037 0.108464 0.100805 0.0931391 0.0855408 0.0780812 0.0708255 0.0638326 0.0571536 0.0508313 0.0448999 0.0393846 0.0343016 0.0296588 0.0254558 0.0216849 0.0183322 0.0153782 0.0127992 0.010568 0.00865557 0.00703145 0.00566501 0.00452612 0.00358582 0.00281685 0.00219402 0.00169449 0.00129784 0.000986188 0.000744088 0.000558454 0.000418406 0.000315117 0.000241643 0.000192764 0.000164857 
0.000194425 0.000205638 0.000240134 0.000300508 0.000391167 0.000518447 0.000690767 0.000918803 0.00121568 0.00159713 0.00208169 0.00269075 0.00344858 0.0043823 0.00552166 0.00689868 0.00854721 0.0105023 0.0127992 0.0154727 0.018556 0.0220792 0.0260683 0.0305443 0.0355211 0.0410052 0.0469945 0.0534774 0.0604322 0.0678271 0.0756203 0.0837601 0.0921854 0.100827 0.10961 0.11845 0.127263 0.13596 0.14445 0.152644 0.160456 0.167801 0.174601 0.180782 0.186278 0.191031 0.19499 0.198113 0.200367 0.201729 0.202185 0.201729 0.200367 0.198113 0.19499 0.191031 0.186278 0.180782 0.174601 0.167801 0.160456 0.152644 0.14445 0.13596 0.127263 0.11845 0.10961 0.100827 0.0921854 0.0837601 0.0756203 0.0678271 0.0604322 0.0534774 0.0469945 0.0410052 0.0355211 0.0305443 0.0260683 0.0220792 0.018556 0.0154727 0.0127992 0.0105023 0.00854721 0.00689868 0.00552166 0.0043823 0.00344858 0.00269075 0.00208169 0.00159713 0.00121568 0.000918803 0.000690767 0.000518447 0.000391167 0.000300508 0.000240134 0.000205638 
0.000240708 0.000254464 0.000296764 0.000370743 0.000481715 0.000637313 0.000847656 0.00112555 0.0014867 0.00194989 0.00253714 0.00327381 0.00418857 0.0053133 0.00668282 0.00833443 0.0103073 0.0126418 0.0153782 0.018556 0.0222121 0.0263799 0.0310875 0.0363566 0.0422009 0.048625 0.0556232 0.0631791 0.0712647 0.0798404 0.0888553 0.0982477 0.107946 0.117869 0.127929 0.138033 0.148082 0.157977 0.167617 0.176903 0.185738 0.194031 0.201696 0.208653 0.214831 0.220168 0.224609 0.228109 0.230634 0.232159 0.232669 0.232159 0.230634 0.228109 0.224609 0.220168 0.214831 0.208653 0.201696 0.194031 0.185738 0.176903 0.167617 0.157977 0.148082 0.138033 0.127929 0.117869 0.107946 0.0982477 0.0888553 0.0798404 0.0712647 0.0631791 0.0556232 0.048625 0.0422009 0.0363566 0.0310875 0.0263799 0.0222121 0.018556 0.0153782 0.0126418 0.0103073 0.00833443 0.00668282 0.0053133 0.00418857 0.00327381 0.00253714 0.00194989 0.0014867 0.00112555 0.000847656 0.000637313 0.000481715 0.000370743 0.000296764 0.000254464 
0.000295652 0.000312393 0.000363855 0.00045379 0.000588558 0.000777277 0.00103202 0.00136801 0.0018039 0.00236191 0.00306803 0.00395204 0.00504754 0.0063917 0.00802489 0.00999021 0.0123326 0.0150981 0.0183322 0.0220792 0.0263799 0.0312706 0.0367813 0.0429339 0.0497411 0.0572046 0.0653144 0.074048 0.0833697 0.0932311 0.103571 0.114316 0.125383 0.136678 0.148102 0.159547 0.170903 0.18206 0.192906 0.203331 0.213232 0.222507 0.231066 0.238822 0.245701 0.251635 0.256568 0.260453 0.263254 0.264945 0.265511 0.264945 0.263254 0.260453 0.256568 0.251635 0.245701 0.238822 0.231066 0.222507 0.213232 0.203331 0.192906 0.18206 0.170903 0.159547 0.148102 0.136678 0.125383 0.114316 0.103571 0.0932311 0.0833697 0.074048 0.0653144 0.0572046 0.0497411 0.0429339 0.0367813 0.0312706 0.0263799 0.0220792 0.0183322 0.0150981 0.0123326 0.00999021 0.00802489 0.0063917 0.00504754 0.00395204 0.00306803 0.00236191 0.0018039 0.00136801 0.00103202 0.000777277 0.000588558 0.00045379 0.000363855 0.000312393 
0.000360288 0.000380503 0.000442622 0.000551103 0.000713495 0.000940604 0.00124671 0.0016498 0.00217181 0.00283884 0.0036813 0.00473391 0.00603569 0.00762959 0.00956211 0.0118825 0.014642 0.0178924 0.0216849 0.0260683 0.0310875 0.0367813 0.0431809 0.050308 0.0581732 0.0667746 0.0760965 0.0861092 0.096768 0.108014 0.119775 0.131964 0.144486 0.157234 0.170093 0.182944 0.195665 0.208133 0.220226 0.231825 0.242818 0.253096 0.262564 0.27113 0.278716 0.285251 0.290679 0.29495 0.298027 0.299884 0.300504 0.299884 0.298027 0.29495 0.290679 0.285251 0.278716 0.27113 0.262564 0.253096 0.242818 0.231825 0.220226 0.208133 0.195665 0.182944 0.170093 0.157234 0.144486 0.131964 0.119775 0.108014 0.096768 0.0861092 0.0760965 0.0667746 0.0581732 0.050308 0.0431809 0.0367813 0.0310875 0.0260683 0.0216849 0.0178924 0.014642 0.0118825 0.00956211 0.00762959 0.00603569 0.00473391 0.0036813 0.00283884 0.00217181 0.0016498 0.00124671 0.000940604 0.000713495 0.000551103 0.000442622 0.000380503 
0.000435639 0.000459861 0.000534265 0.000664107 0.000858276 0.00112948 0.00149449 0.00197436 0.00259472 0.00338597 0.00438339 0.00562717 0.00716223 0.00903784 0.011307 0.0140257 0.0172516 0.0210428 0.0254558 0.0305443 0.0363566 0.0429339 0.050308 0.0584995 0.0675159 0.0773504 0.0879806 0.0993679 0.111458 0.124179 0.137446 0.151161 0.165211 0.179477 0.193829 0.208136 0.222263 0.236074 0.249439 0.262228 0.274323 0.28561 0.295987 0.30536 0.313647 0.320778 0.326693 0.331343 0.334691 0.336711 0.337386 0.336711 0.334691 0.331343 0.326693 0.320778 0.313647 0.30536 0.295987 0.28561 0.274323 0.262228 0.249439 0.236074 0.222263 0.208136 0.193829 0.179477 0.165211 0.151161 0.137446 0.124179 0.111458 0.0993679 0.0879806 0.0773504 0.0675159 0.0584995 0.050308 0.0429339 0.0363566 0.0305443 0.0254558 0.0210428 0.0172516 0.0140257 0.011307 0.00903784 0.00716223 0.00562717 0.00438339 0.00338597 0.00259472 0.00197436 0.00149449 0.00112948 0.000858276 0.000664107 0.000534265 0.000459861 
0.000522685 0.000551486 0.000639924 0.000794148 0.00102455 0.00134595 0.00177788 0.00234483 0.00307649 0.004008 0.00517999 0.00663857 0.00843508 0.0106256 0.01327 0.0164314 0.0201741 0.0245625 0.0296588 0.0355211 0.0422009 0.0497411 0.0581732 0.0675159 0.0777726 0.0889301 0.100958 0.113807 0.127412 0.141688 0.156536 0.171841 0.187478 0.203312 0.219198 0.234992 0.250547 0.265715 0.280357 0.294336 0.307526 0.319809 0.331079 0.341242 0.350212 0.357921 0.364307 0.369322 0.372931 0.375106 0.375833 0.375106 0.372931 0.369322 0.364307 0.357921 0.350212 0.341242 0.331079 0.319809 0.307526 0.294336 0.280357 0.265715 0.250547 0.234992 0.219198 0.203312 0.187478 0.171841 0.156536 0.141688 0.127412 0.113807 0.100958 0.0889301 0.0777726 0.0675159 0.0581732 0.0497411 0.0422009 0.0355211 0.0296588 0.0245625 0.0201741 0.0164314 0.01327 0.0106256 0.00843508 0.00663857 0.00517999 0.004008 0.00307649 0.00234483 0.00177788 0.00134595 0.00102455 0.000794148 0.000639924 0.000551486 
0.000622327 0.000656315 0.000760641 0.000942443 0.00121377 0.0015918 0.00209911 0.00276392 0.00362041 0.00470887 0.00607574 0.00777352 0.00986041 0.0123997 0.0154586 0.0191075 0.0234177 0.0284599 0.0343016 0.0410052 0.048625 0.0572046 0.0667746 0.0773504 0.0889301 0.101493 0.114999 0.129387 0.144579 0.160476 0.176962 0.193909 0.211174 0.228606 0.246048 0.263341 0.280325 0.296844 0.312749 0.327897 0.342156 0.355406 0.367539 0.378458 0.388081 0.396337 0.403168 0.408528 0.412382 0.414703 0.415479 0.414703 0.412382 0.408528 0.403168 0.396337 0.388081 0.378458 0.367539 0.355406 0.342156 0.327897 0.312749 0.296844 0.280325 0.263341 0.246048 0.228606 0.211174 0.193909 0.176962 0.160476 0.144579 0.129387 0.114999 0.101493 0.0889301 0.0773504 0.0667746 0.0572046 0.048625 0.0410052 0.0343016 0.0284599 0.0234177 0.0191075 0.0154586 0.0123997 0.00986041 0.00777352 0.00607574 0.00470887 0.00362041 0.00276392 0.00209911 0.0015918 0.00121377 0.000942443 0.000760641 0.000656315 
0.000735347 0.000775155 0.000897305 0.00111002 0.00142718 0.00186851 0.00245993 0.00323375 0.00422899 0.00549151 0.00707398 0.00903574 0.0114423 0.0143644 0.0178771 0.0220581 0.0269857 0.0327369 0.0393846 0.0469945 0.0556232 0.0653144 0.0760965 0.0879806 0.100958 0.114999 0.130052 0.146044 0.162881 0.180448 0.198615 0.217235 0.236149 0.255191 0.27419 0.292972 0.311368 0.329211 0.346345 0.362621 0.377906 0.392076 0.405023 0.416653 0.426883 0.435647 0.442889 0.448565 0.452642 0.455097 0.455917 0.455097 0.452642 0.448565 0.442889 0.435647 0.426883 0.416653 0.405023 0.392076 0.377906 0.362621 0.346345 0.329211 0.311368 0.292972 0.27419 0.255191 0.236149 0.217235 0.198615 0.180448 0.162881 0.146044 0.130052 0.114999 0.100958 0.0879806 0.0760965 0.0653144 0.0556232 0.0469945 0.0393846 0.0327369 0.0269857 0.0220581 0.0178771 0.0143644 0.0114423 0.00903574 0.00707398 0.00549151 0.00422899 0.00323375 0.00245993 0.00186851 0.00142718 0.00111002 0.000897305 0.000775155 
0.000862363 0.000908645 0.00105061 0.00129766 0.00166566 0.00217714 0.00286158 0.00375573 0.00490381 0.00635762 0.00817649 0.010427 0.0131822 0.0165208 0.0205258 0.0252822 0.0308757 0.037389 0.0448999 0.0534774 0.0631791 0.074048 0.0861092 0.0993679 0.113807 0.129387 0.146044 0.163689 0.182213 0.201485 0.221355 0.24166 0.262226 0.282869 0.303403 0.323645 0.343412 0.362532 0.380841 0.398188 0.414436 0.429463 0.443162 0.455442 0.466224 0.475445 0.483055 0.489012 0.493287 0.49586 0.496719 0.49586 0.493287 0.489012 0.483055 0.475445 0.466224 0.455442 0.443162 0.429463 0.414436 0.398188 0.380841 0.362532 0.343412 0.323645 0.303403 0.282869 0.262226 0.24166 0.221355 0.201485 0.182213 0.163689 0.146044 0.129387 0.113807 0.0993679 0.0861092 0.074048 0.0631791 0.0534774 0.0448999 0.037389 0.0308757 0.0252822 0.0205258 0.0165208 0.0131822 0.010427 0.00817649 0.00635762 0.00490381 0.00375573 0.00286158 0.00217714 0.00166566 0.00129766 0.00105061 0.000908645 
0.00100379 0.00105721 0.001221 0.00150585 0.00192974 0.00251821 0.00330461 0.00433039 0.0056453 0.00730748 0.00938323 0.0119467 0.0150788 0.0188666 0.0234007 0.0287741 0.035079 0.0424041 0.0508313 0.0604322 0.0712647 0.0833697 0.096768 0.111458 0.127412 0.144579 0.162881 0.182213 0.202449 0.223439 0.245017 0.267001 0.289198 0.311411 0.333441 0.355091 0.376171 0.3965 0.415911 0.434252 0.451385 0.467191 0.481566 0.494424 0.505692 0.515312 0.523238 0.529436 0.53388 0.536553 0.537445 0.536553 0.53388 0.529436 0.523238 0.515312 0.505692 0.494424 0.481566 0.467191 0.451385 0.434252 0.415911 0.3965 0.376171 0.355091 0.333441 0.311411 0.289198 0.267001 0.245017 0.223439 0.202449 0.182213 0.162881 0.144579 0.127412 0.111458 0.096768 0.0833697 0.0712647 0.0604322 0.0508313 0.0424041 0.035079 0.0287741 0.0234007 0.0188666 0.0150788 0.0119467 0.00938323 0.00730748 0.0056453 0.00433039 0.00330461 0.00251821 0.00192974 0.00150585 0.001221 0.00105721 
0.00115979 0.001221 0.00140861 0.00173468 0.00221947 0.0028917 0.00378883 0.00495729 0.00645268 0.00833975 0.0106921 0.0135918 0.0171278 0.0213954 0.0264934 0.0325221 0.0395805 0.0477625 0.0571536 0.0678271 0.0798404 0.0932311 0.108014 0.124179 0.141688 0.160476 0.180448 0.201485 0.223439 0.246144 0.269414 0.293048 0.316839 0.340572 0.364036 0.387024 0.409337 0.430791 0.451215 0.470458 0.488384 0.504878 0.519842 0.533195 0.544874 0.554826 0.563013 0.569407 0.573987 0.57674 0.577658 0.57674 0.573987 0.569407 0.563013 0.554826 0.544874 0.533195 0.519842 0.504878 0.488384 0.470458 0.451215 0.430791 0.409337 0.387024 0.364036 0.340572 0.316839 0.293048 0.269414 0.246144 0.223439 0.201485 0.180448 0.160476 0.141688 0.124179 0.108014 0.0932311 0.0798404 0.0678271 0.0571536 0.0477625 0.0395805 0.0325221 0.0264934 0.0213954 0.0171278 0.0135918 0.0106921 0.00833975 0.00645268 0.00495729 0.00378883 0.0028917 0.00221947 0.00173468 0.00140861 0.001221 
0.00133024 0.00139987 0.00161325 0.00198386 0.00253438 0.00329689 0.00431316 0.00563488 0.00732374 0.00945137 0.0120989 0.0153564 0.0193214 0.0240971 0.0297905 0.0365092 0.0443583 0.0534366 0.0638326 0.0756203 0.0888553 0.103571 0.119775 0.137446 0.156536 0.176962 0.198615 0.221355 0.245017 0.269414 0.29434 0.319579 0.344904 0.370088 0.394907 0.419144 0.442596 0.465075 0.486409 0.506449 0.525064 0.542145 0.557601 0.571361 0.583368 0.593582 0.60197 0.608511 0.613192 0.616004 0.616942 0.616004 0.613192 0.608511 0.60197 0.593582 0.583368 0.571361 0.557601 0.542145 0.525064 0.506449 0.486409 0.465075 0.442596 0.419144 0.394907 0.370088 0.344904 0.319579 0.29434 0.269414 0.245017 0.221355 0.198615 0.176962 0.156536 0.137446 0.119775 0.103571 0.0888553 0.0756203 0.0638326 0.0534366 0.0443583 0.0365092 0.0297905 0.0240971 0.0193214 0.0153564 0.0120989 0.00945137 0.00732374 0.00563488 0.00431316 0.00329689 0.00253438 0.00198386 0.00161325 0.00139987 
0.00151469 0.00159335 0.00183433 0.00225262 0.00287342 0.00373234 0.00487565 0.00636046 0.00825479 0.0106374 0.0135971 0.0172321 0.0216483 0.0269572 0.0332737 0.0407123 0.0493839 0.0593914 0.0708255 0.0837601 0.0982477 0.114316 0.131964 0.151161 0.171841 0.193909 0.217235 0.24166 0.267001 0.293048 0.319579 0.346357 0.37314 0.399689 0.425767 0.451152 0.475635 0.499025 0.521154 0.541877 0.561068 0.578627 0.594474 0.608546 0.620798 0.631197 0.639724 0.646364 0.65111 0.653959 0.654908 0.653959 0.65111 0.646364 0.639724 0.631197 0.620798 0.608546 0.594474 0.578627 0.561068 0.541877 0.521154 0.499025 0.475635 0.451152 0.425767 0.399689 0.37314 0.346357 0.319579 0.293048 0.267001 0.24166 0.217235 0.193909 0.171841 0.151161 0.131964 0.114316 0.0982477 0.0837601 0.0708255 0.0593914 0.0493839 0.0407123 0.0332737 0.0269572 0.0216483 0.0172321 0.0135971 0.0106374 0.00825479 0.00636046 0.00487565 0.00373234 0.00287342 0.00225262 0.00183433 0.00159335 
0.00171235 0.0018006 0.00207086 0.0025397 0.00323495 0.00419585 0.00547332 0.00713008 0.00924062 0.0118909 0.0151777 0.0192073 0.0240939 0.0299574 0.0369199 0.0451028 0.0546221 0.0655843 0.0780812 0.0921854 0.107946 0.125383 0.144486 0.165211 0.187478 0.211174 0.236149 0.262226 0.289198 0.316839 0.344904 0.37314 0.401291 0.429104 0.456334 0.482752 0.508145 0.532326 0.555128 0.576412 0.596063 0.613989 0.630121 0.644408 0.656818 0.667329 0.675931 0.68262 0.687395 0.690259 0.691214 0.690259 0.687395 0.68262 0.675931 0.667329 0.656818 0.644408 0.630121 0.613989 0.596063 0.576412 0.555128 0.532326 0.508145 0.482752 0.456334 0.429104 0.401291 0.37314 0.344904 0.316839 0.289198 0.262226 0.236149 0.211174 0.187478 0.165211 0.144486 0.125383 0.107946 0.0921854 0.0780812 0.0655843 0.0546221 0.0451028 0.0369199 0.0299574 0.0240939 0.0192073 0.0151777 0.0118909 0.00924062 0.00713008 0.00547332 0.00419585 0.00323495 0.0025397 0.00207086 0.0018006 
0.00192205 0.00202038 0.00232141 0.00284334 0.00361668 0.00468442 0.00610223 0.00793855 0.0102745 0.0132032 0.0168294 0.0212676 0.0266402 0.0330749 0.0407012 0.0496466 0.0600318 0.0719657 0.0855408 0.100827 0.117869 0.136678 0.157234 0.179477 0.203312 0.228606 0.255191 0.282869 0.311411 0.340572 0.370088 0.399689 0.429104 0.45807 0.486333 0.51366 0.539839 0.564683 0.588032 0.609755 0.629746 0.647926 0.664238 0.678646 0.691129 0.701678 0.710294 0.716984 0.721753 0.724612 0.725564 0.724612 0.721753 0.716984 0.710294 0.701678 0.691129 0.678646 0.664238 0.647926 0.629746 0.609755 0.588032 0.564683 0.539839 0.51366 0.486333 0.45807 0.429104 0.399689 0.370088 0.340572 0.311411 0.282869 0.255191 0.228606 0.203312 0.179477 0.157234 0.136678 0.117869 0.100827 0.0855408 0.0719657 0.0600318 0.0496466 0.0407012 0.0330749 0.0266402 0.0212676 0.0168294 0.0132032 0.0102745 0.00793855 0.00610223 0.00468442 0.00361668 0.00284334 0.00232141 0.00202038 
0.00214225 0.00225106 0.00258411 0.00316124 0.00401569 0.00519427 0.00675746 0.00877948 0.011348 0.0145636 0.0185388 0.023396 0.0292659 0.0362836 0.0445856 0.0543049 0.0655661 0.0784803 0.0931391 0.10961 0.127929 0.148102 0.170093 0.193829 0.219198 0.246048 0.27419 0.303403 0.333441 0.364036 0.394907 0.425767 0.456334 0.486333 0.515505 0.543615 0.57045 0.595829 0.619599 0.641638 0.661853 0.680177 0.696569 0.711006 0.72348 0.733998 0.742571 0.749215 0.753947 0.75678 0.757723 0.75678 0.753947 0.749215 0.742571 0.733998 0.72348 0.711006 0.696569 0.680177 0.661853 0.641638 0.619599 0.595829 0.57045 0.543615 0.515505 0.486333 0.456334 0.425767 0.394907 0.364036 0.333441 0.303403 0.27419 0.246048 0.219198 0.193829 0.170093 0.148102 0.127929 0.10961 0.0931391 0.0784803 0.0655661 0.0543049 0.0445856 0.0362836 0.0292659 0.023396 0.0185388 0.0145636 0.011348 0.00877948 0.00675746 0.00519427 0.00401569 0.00316124 0.00258411 0.00225106 
0.00237103 0.00249065 0.00285667 0.0034906 0.00442845 0.00572085 0.00743312 0.00964526 0.0124515 0.0159598 0.0202901 0.0255731 0.0319468 0.0395539 0.048537 0.0590343 0.0711736 0.0850671 0.100805 0.11845 0.138033 0.159547 0.182944 0.208136 0.234992 0.263341 0.292972 0.323645 0.355091 0.387024 0.419144 0.451152 0.482752 0.51366 0.543615 0.572378 0.599741 0.625529 0.649596 0.671834 0.692162 0.710528 0.726904 0.741284 0.753676 0.764098 0.772574 0.779132 0.783796 0.786586 0.787514 0.786586 0.783796 0.779132 0.772574 0.764098 0.753676 0.741284 0.726904 0.710528 0.692162 0.671834 0.649596 0.625529 0.599741 0.572378 0.543615 0.51366 0.482752 0.451152 0.419144 0.387024 0.355091 0.323645 0.292972 0.263341 0.234992 0.208136 0.182944 0.159547 0.138033 0.11845 0.100805 0.0850671 0.0711736 0.0590343 0.048537 0.0395539 0.0319468 0.0255731 0.0202901 0.0159598 0.0124515 0.00964526 0.00743312 0.00572085 0.00442845 0.0034906 0.00285667 0.00249065 
0.00260614 0.00273677 0.00313638 0.00382815 0.00485085 0.00625891 0.00812247 0.0105272 0.013574 0.0173777 0.0220659 0.0277769 0.0346561 0.042853 0.0525161 0.0637879 0.0767989 0.0916615 0.108464 0.127263 0.148082 0.170903 0.195665 0.222263 0.250547 0.280325 0.311368 0.343412 0.376171 0.409337 0.442596 0.475635 0.508145 0.539839 0.57045 0.599741 0.627509 0.653584 0.677834 0.700161 0.720498 0.738811 0.755086 0.769334 0.781576 0.791845 0.800179 0.806614 0.811185 0.813916 0.814824 0.813916 0.811185 0.806614 0.800179 0.791845 0.781576 0.769334 0.755086 0.738811 0.720498 0.700161 0.677834 0.653584 0.627509 0.599741 0.57045 0.539839 0.508145 0.475635 0.442596 0.409337 0.376171 0.343412 0.311368 0.280325 0.250547 0.222263 0.195665 0.170903 0.148082 0.127263 0.108464 0.0916615 0.0767989 0.0637879 0.0525161 0.042853 0.0346561 0.0277769 0.0220659 0.0173777 0.013574 0.0105272 0.00812247 0.00625891 0.00485085 0.00382815 0.00313638 0.00273677 
0.00284497 0.0029867 0.00342016 0.00417018 0.00527825 0.00680256 0.00881798 0.0114158 0.0147032 0.018802 0.0238471 0.0299839 0.037365 0.0461461 0.0564811 0.0685161 0.0823836 0.0981955 0.116037 0.13596 0.157977 0.18206 0.208133 0.236074 0.265715 0.296844 0.329211 0.362532 0.3965 0.430791 0.465075 0.499025 0.532326 0.564683 0.595829 0.625529 0.653584 0.679836 0.704162 0.726478 0.746734 0.76491 0.78101 0.795058 0.807093 0.817162 0.825315 0.831597 0.836052 0.838712 0.839596 0.838712 0.836052 0.831597 0.825315 0.817162 0.807093 0.795058 0.78101 0.76491 0.746734 0.726478 0.704162 0.679836 0.653584 0.625529 0.595829 0.564683 0.532326 0.499025 0.465075 0.430791 0.3965 0.362532 0.329211 0.296844 0.265715 0.236074 0.208133 0.18206 0.157977 0.13596 0.116037 0.0981955 0.0823836 0.0685161 0.0564811 0.0461461 0.037365 0.0299839 0.0238471 0.018802 0.0147032 0.0114158 0.00881798 0.00680256 0.00527825 0.00417018 0.00342016 0.0029867 
0.00308465 0.00323744 0.0037046 0.0045126 0.00570557 0.00734538 0.00951149 0.0123007 0.0158261 0.0202164 0.0256133 0.0321691 0.040043 0.0493965 0.0603881 0.0731672 0.0878675 0.1046 0.123445 0.14445 0.167617 0.192906 0.220226 0.249439 0.280357 0.312749 0.346345 0.380841 0.415911 0.451215 0.486409 0.521154 0.555128 0.588032 0.619599 0.649596 0.677834 0.704162 0.728471 0.750691 0.770787 0.788755 0.804617 0.818412 0.830195 0.840025 0.847964 0.854071 0.858394 0.860972 0.861829 0.860972 0.858394 0.854071 0.847964 0.840025 0.830195 0.818412 0.804617 0.788755 0.770787 0.750691 0.728471 0.704162 0.677834 0.649596 0.619599 0.588032 0.555128 0.521154 0.486409 0.451215 0.415911 0.380841 0.346345 0.312749 0.280357 0.249439 0.220226 0.192906 0.167617 0.14445 0.123445 0.1046 0.0878675 0.0731672 0.0603881 0.0493965 0.040043 0.0321691 0.0256133 0.0202164 0.0158261 0.0123007 0.00951149 0.00734538 0.00570557 0.0045126 0.0037046 0.00323744 
