0.000130671 0.000134276 0.000145206 0.000163798 0.000190615 0.000226445 0.000272296 0.0003294 0.000399201 0.000483352 0.000583704 0.000702286 0.000841293 0.00100305 0.00119 0.00140463 0.00164946 0.00192699 0.00223961 0.00258958 0.00297892 0.00340939 0.00388235 0.00439876 0.00495906 0.00556312 0.00621018 0.00689881 0.00762686 0.00839141 0.0091888 0.0100146 0.0108637 0.0117302 0.0126076 0.0134889 0.0143664 0.0152323 0.0160783 0.0168961 0.0176772 0.0184136 0.019097 0.0197201 0.0202756 0.0207573 0.0211594 0.0214773 0.0217071 0.0218461 0.0218927 0.0218461 0.0217071 0.0214773 0.0211594 0.0207573 0.0202756 0.0197201 0.019097 0.0184136 0.0176772 0.0168961 0.0160783 0.0152323 0.0143664 0.0134889 0.0126076 0.0117302 0.0108637 0.0100146 0.0091888 0.00839141 0.00762686 0.00689881 0.00621018 0.00556312 0.00495906 0.00439876 0.00388235 0.00340939 0.00297892 0.00258958 0.00223961 0.00192699 0.00164946 0.00140463 0.00119 0.00100305 0.000841293 0.000702286 0.000583704 0.000483352 0.000399201 0.0003294 0.000272296 0.000226445 0.000190615 0.000163798 0.000145206 0.000134276 
0.000134276 0.000137975 0.000149187 0.000168257 0.00019576 0.000232502 0.000279515 0.000338056 0.000409601 0.000495839 0.000598658 0.000720132 0.000862499 0.00102813 0.00121951 0.00143919 0.00168972 0.00197365 0.00229342 0.0026513 0.00304937 0.00348938 0.00397274 0.00450039 0.00507277 0.00568972 0.00635048 0.00705354 0.0077967 0.00857698 0.00939064 0.0102332 0.0110993 0.011983 0.0128777 0.0137762 0.0146708 0.0155534 0.0164156 0.017249 0.018045 0.0187951 0.0194914 0.0201261 0.020692 0.0211826 0.0215921 0.0219159 0.02215 0.0222915 0.0223389 0.0222915 0.02215 0.0219159 0.0215921 0.0211826 0.020692 0.0201261 0.0194914 0.0187951 0.018045 0.017249 0.0164156 0.0155534 0.0146708 0.0137762 0.0128777 0.011983 0.0110993 0.0102332 0.00939064 0.00857698 0.0077967 0.00705354 0.00635048 0.00568972 0.00507277 0.00450039 0.00397274 0.00348938 0.00304937 0.0026513 0.00229342 0.00197365 0.00168972 0.00143919 0.00121951 0.00102813 0.000862499 0.000720132 0.000598658 0.000495839 0.000409601 0.000338056 0.000279515 0.000232502 0.00019576 0.000168257 0.000149187 0.000137975 
0.000145206 0.000149187 0.000161251 0.000181767 0.000211348 0.000250853 0.000301381 0.000364271 0.000441093 0.000533643 0.000643927 0.000774145 0.000926669 0.00110402 0.00130881 0.00154373 0.00181149 0.00211476 0.00245609 0.00283789 0.0032623 0.00373115 0.00424588 0.00480745 0.00541627 0.00607214 0.00677418 0.00752076 0.00830951 0.00913722 0.0099999 0.0108927 0.0118102 0.0127458 0.0136927 0.0146432 0.0155891 0.016522 0.0174331 0.0183134 0.0191539 0.0199458 0.0206807 0.0213504 0.0219473 0.0224648 0.0228968 0.0232381 0.0234849 0.0236342 0.0236841 0.0236342 0.0234849 0.0232381 0.0228968 0.0224648 0.0219473 0.0213504 0.0206807 0.0199458 0.0191539 0.0183134 0.0174331 0.016522 0.0155891 0.0146432 0.0136927 0.0127458 0.0118102 0.0108927 0.0099999 0.00913722 0.00830951 0.00752076 0.00677418 0.00607214 0.00541627 0.00480745 0.00424588 0.00373115 0.0032623 0.00283789 0.00245609 0.00211476 0.00181149 0.00154373 0.00130881 0.00110402 0.000926669 0.000774145 0.000643927 0.000533643 0.000441093 0.000364271 0.000301381 0.000250853 0.000211348 0.000181767 0.000161251 0.000149187 
0.000163798 0.000168257 0.000181767 0.000204736 0.000237843 0.000282033 0.000338522 0.000408783 0.000494548 0.000597792 0.000720718 0.000865742 0.00103546 0.00123263 0.0014601 0.00172081 0.00201769 0.00235364 0.00273141 0.00315359 0.00362246 0.00413998 0.00470763 0.00532641 0.00599667 0.00671812 0.00748971 0.00830959 0.00917507 0.0100826 0.0110278 0.0120053 0.0130089 0.0140319 0.0150664 0.0161042 0.0171364 0.0181538 0.0191469 0.0201059 0.0210212 0.0218832 0.0226828 0.0234112 0.0240603 0.0246228 0.0250923 0.0254632 0.0257313 0.0258935 0.0259478 0.0258935 0.0257313 0.0254632 0.0250923 0.0246228 0.0240603 0.0234112 0.0226828 0.0218832 0.0210212 0.0201059 0.0191469 0.0181538 0.0171364 0.0161042 0.0150664 0.0140319 0.0130089 0.0120053 0.0110278 0.0100826 0.00917507 0.00830959 0.00748971 0.00671812 0.00599667 0.00532641 0.00470763 0.00413998 0.00362246 0.00315359 0.00273141 0.00235364 0.00201769 0.00172081 0.0014601 0.00123263 0.00103546 0.000865742 0.000720718 0.000597792 0.000494548 0.000408783 0.000338522 0.000282033 0.000237843 0.000204736 0.000181767 0.000168257 
0.000190615 0.00019576 0.000211348 0.000237843 0.000276012 0.000326932 0.000391977 0.000472819 0.000571413 0.000689992 0.000831041 0.000997277 0.00119162 0.00141715 0.00167708 0.00197466 0.00231317 0.0026958 0.00312561 0.00360541 0.00413771 0.0047246 0.00536768 0.00606792 0.00682565 0.0076404 0.0085109 0.00943497 0.0104095 0.0114304 0.0124926 0.0135902 0.0147162 0.0158629 0.0170215 0.018183 0.0193374 0.0204744 0.0215835 0.0226539 0.0236749 0.024636 0.025527 0.0263384 0.0270612 0.0276873 0.0282097 0.0286224 0.0289207 0.029101 0.0291614 0.029101 0.0289207 0.0286224 0.0282097 0.0276873 0.0270612 0.0263384 0.025527 0.024636 0.0236749 0.0226539 0.0215835 0.0204744 0.0193374 0.018183 0.0170215 0.0158629 0.0147162 0.0135902 0.0124926 0.0114304 0.0104095 0.00943497 0.0085109 0.0076404 0.00682565 0.00606792 0.00536768 0.0047246 0.00413771 0.00360541 0.00312561 0.0026958 0.00231317 0.00197466 0.00167708 0.00141715 0.00119162 0.000997277 0.000831041 0.000689992 0.000571413 0.000472819 0.000391977 0.000326932 0.000276012 0.000237843 0.000211348 0.00019576 
0.000226445 0.000232502 0.000250853 0.000282033 0.000326932 0.000386792 0.0004632 0.000558086 0.000673703 0.000812618 0.000977685 0.00117202 0.00139896 0.00166203 0.00196486 0.00231116 0.00270463 0.00314887 0.00364729 0.00420304 0.00481888 0.00549708 0.00623935 0.00704668 0.0079193 0.00885654 0.0098568 0.0109175 0.0120348 0.0132042 0.0144196 0.0156743 0.0169602 0.0182684 0.0195893 0.0209121 0.0222258 0.0235188 0.0247791 0.0259945 0.0271532 0.0282432 0.0292532 0.0301725 0.030991 0.0316999 0.0322911 0.0327581 0.0330955 0.0332995 0.0333678 0.0332995 0.0330955 0.0327581 0.0322911 0.0316999 0.030991 0.0301725 0.0292532 0.0282432 0.0271532 0.0259945 0.0247791 0.0235188 0.0222258 0.0209121 0.0195893 0.0182684 0.0169602 0.0156743 0.0144196 0.0132042 0.0120348 0.0109175 0.0098568 0.00885654 0.0079193 0.00704668 0.00623935 0.00549708 0.00481888 0.00420304 0.00364729 0.00314887 0.00270463 0.00231116 0.00196486 0.00166203 0.00139896 0.00117202 0.000977685 0.000812618 0.000673703 0.000558086 0.0004632 0.000386792 0.000326932 0.000282033 0.000250853 0.000232502 
0.000272296 0.000279515 0.000301381 0.000338522 0.000391977 0.0004632 0.000554047 0.000666767 0.000803988 0.000968695 0.00116421 0.00139413 0.00166233 0.00197286 0.00232992 0.00273775 0.00320058 0.00372249 0.00430736 0.00495871 0.00567962 0.0064726 0.00733944 0.00828116 0.00929783 0.0103885 0.0115512 0.0127828 0.0140787 0.0154335 0.0168402 0.0182907 0.0197759 0.0212854 0.0228081 0.0243317 0.0258434 0.0273301 0.0287781 0.0301736 0.031503 0.0327528 0.0339103 0.0349633 0.0359005 0.0367117 0.0373882 0.0379223 0.0383082 0.0385414 0.0386195 0.0385414 0.0383082 0.0379223 0.0373882 0.0367117 0.0359005 0.0349633 0.0339103 0.0327528 0.031503 0.0301736 0.0287781 0.0273301 0.0258434 0.0243317 0.0228081 0.0212854 0.0197759 0.0182907 0.0168402 0.0154335 0.0140787 0.0127828 0.0115512 0.0103885 0.00929783 0.00828116 0.00733944 0.0064726 0.00567962 0.00495871 0.00430736 0.00372249 0.00320058 0.00273775 0.00232992 0.00197286 0.00166233 0.00139413 0.00116421 0.000968695 0.000803988 0.000666767 0.000554047 0.0004632 0.000391977 0.000338522 0.000301381 0.000279515 
0.0003294 0.000338056 0.000364271 0.000408783 0.000472819 0.000558086 0.000666767 0.000801503 0.000965375 0.00116188 0.00139489 0.00166862 0.00198756 0.00235642 0.00278006 0.00326336 0.00381118 0.0044282 0.00511882 0.00588702 0.00673624 0.00766923 0.00868791 0.00979326 0.0109852 0.0122624 0.0136224 0.0150612 0.0165737 0.018153 0.0197911 0.0214785 0.0232044 0.0249569 0.026723 0.0284885 0.0302389 0.0319587 0.0336325 0.0352444 0.0367788 0.0382206 0.0395551 0.0407684 0.0418479 0.0427819 0.0435604 0.044175 0.0446189 0.0448872 0.044977 0.0448872 0.0446189 0.044175 0.0435604 0.0427819 0.0418479 0.0407684 0.0395551 0.0382206 0.0367788 0.0352444 0.0336325 0.0319587 0.0302389 0.0284885 0.026723 0.0249569 0.0232044 0.0214785 0.0197911 0.018153 0.0165737 0.0150612 0.0136224 0.0122624 0.0109852 0.00979326 0.00868791 0.00766923 0.00673624 0.00588702 0.00511882 0.0044282 0.00381118 0.00326336 0.00278006 0.00235642 0.00198756 0.00166862 0.00139489 0.00116188 0.000965375 0.000801503 0.000666767 0.000558086 0.000472819 0.000408783 0.000364271 0.000338056 
0.000399201 0.000409601 0.000441093 0.000494548 0.000571413 0.000673703 0.000803988 0.000965375 0.00116149 0.00139642 0.00167472 0.00200131 0.00238141 0.00282053 0.00332426 0.00389828 0.00454816 0.00527928 0.00609663 0.00700472 0.00800738 0.00910763 0.0103075 0.011608 0.0130086 0.0145078 0.0161022 0.0177872 0.0195564 0.0214018 0.0233138 0.0252814 0.0272918 0.0293311 0.0313842 0.0334349 0.0354661 0.0374603 0.0393995 0.0412657 0.0430409 0.0447079 0.0462499 0.0476512 0.0488973 0.0499751 0.0508732 0.0515819 0.0520937 0.0524031 0.0525065 0.0524031 0.0520937 0.0515819 0.0508732 0.0499751 0.0488973 0.0476512 0.0462499 0.0447079 0.0430409 0.0412657 0.0393995 0.0374603 0.0354661 0.0334349 0.0313842 0.0293311 0.0272918 0.0252814 0.0233138 0.0214018 0.0195564 0.0177872 0.0161022 0.0145078 0.0130086 0.011608 0.0103075 0.00910763 0.00800738 0.00700472 0.00609663 0.00527928 0.00454816 0.00389828 0.00332426 0.00282053 0.00238141 0.00200131 0.00167472 0.00139642 0.00116149 0.000965375 0.000803988 0.000673703 0.000571413 0.000494548 0.000441093 0.000409601 
0.000483352 0.000495839 0.000533643 0.000597792 0.000689992 0.000812618 0.000968695 0.00116188 0.00139642 0.00167713 0.00200933 0.00239875 0.0028515 0.00337396 0.00397263 0.00465405 0.00542464 0.00629054 0.00725743 0.0083304 0.00951372 0.0108107 0.0122234 0.0137528 0.0153981 0.017157 0.0190257 0.0209982 0.023067 0.0252225 0.0274535 0.0297468 0.0320877 0.03446 0.0368459 0.0392269 0.0415832 0.0438946 0.0461404 0.0483001 0.0503531 0.0522797 0.0540608 0.0556785 0.0571164 0.0583596 0.0593951 0.0602121 0.060802 0.0611584 0.0612776 0.0611584 0.060802 0.0602121 0.0593951 0.0583596 0.0571164 0.0556785 0.0540608 0.0522797 0.0503531 0.0483001 0.0461404 0.0438946 0.0415832 0.0392269 0.0368459 0.03446 0.0320877 0.0297468 0.0274535 0.0252225 0.023067 0.0209982 0.0190257 0.017157 0.0153981 0.0137528 0.0122234 0.0108107 0.00951372 0.0083304 0.00725743 0.00629054 0.00542464 0.00465405 0.00397263 0.00337396 0.0028515 0.00239875 0.00200933 0.00167713 0.00139642 0.00116188 0.000968695 0.000812618 0.000689992 0.000597792 0.000533643 0.000495839 
0.000583704 0.000598658 0.000643927 0.000720718 0.000831041 0.000977685 0.00116421 0.00139489 0.00167472 0.00200933 0.0024049 0.00286816 0.00340618 0.00402635 0.0047362 0.00554326 0.00645489 0.00747808 0.0086193 0.00988423 0.0112776 0.0128031 0.0144628 0.0162573 0.0181857 0.0202449 0.0224301 0.0247341 0.0271478 0.0296601 0.0322574 0.0349246 0.0376443 0.0403977 0.0431644 0.0459226 0.0486499 0.051323 0.0539182 0.0564119 0.0587808 0.0610024 0.063055 0.0649183 0.0665737 0.0680043 0.0691956 0.0701353 0.0708135 0.0712233 0.0713604 0.0712233 0.0708135 0.0701353 0.0691956 0.0680043 0.0665737 0.0649183 0.063055 0.0610024 0.0587808 0.0564119 0.0539182 0.051323 0.0486499 0.0459226 0.0431644 0.0403977 0.0376443 0.0349246 0.0322574 0.0296601 0.0271478 0.0247341 0.0224301 0.0202449 0.0181857 0.0162573 0.0144628 0.0128031 0.0112776 0.00988423 0.0086193 0.00747808 0.00645489 0.00554326 0.0047362 0.00402635 0.00340618 0.00286816 0.0024049 0.00200933 0.00167472 0.00139489 0.00116421 0.000977685 0.000831041 0.000720718 0.000643927 0.000598658 
0.000702286 0.000720132 0.000774145 0.000865742 0.000997277 0.00117202 0.00139413 0.00166862 0.00200131 0.00239875 0.00286816 0.00341731 0.00405443 0.00478804 0.00562681 0.00657937 0.00765413 0.00885904 0.0102014 0.0116875 0.0133227 0.0151107 0.0170538 0.0191524 0.0214049 0.0238074 0.0263539 0.029036 0.0318426 0.0347606 0.0377741 0.0408654 0.0440144 0.0471991 0.0503961 0.0535805 0.0567262 0.0598068 0.0627951 0.0656645 0.0683884 0.0709411 0.0732983 0.0754369 0.077336 0.0789765 0.0803421 0.081419 0.0821961 0.0826655 0.0828226 0.0826655 0.0821961 0.081419 0.0803421 0.0789765 0.077336 0.0754369 0.0732983 0.0709411 0.0683884 0.0656645 0.0627951 0.0598068 0.0567262 0.0535805 0.0503961 0.0471991 0.0440144 0.0408654 0.0377741 0.0347606 0.0318426 0.029036 0.0263539 0.0238074 0.0214049 0.0191524 0.0170538 0.0151107 0.0133227 0.0116875 0.0102014 0.00885904 0.00765413 0.00657937 0.00562681 0.00478804 0.00405443 0.00341731 0.00286816 0.00239875 0.00200131 0.00166862 0.00139413 0.00117202 0.000997277 0.000865742 0.000774145 0.000720132 
0.000841293 0.000862499 0.000926669 0.00103546 0.00119162 0.00139896 0.00166233 0.00198756 0.00238141 0.0028515 0.00340618 0.00405443 0.00480574 0.0056699 0.00665686 0.00777646 0.00903826 0.0104512 0.0120236 0.0137623 0.0156732 0.0177603 0.0200258 0.0224696 0.0250897 0.027881 0.0308363 0.0339452 0.037195 0.0405699 0.0440516 0.0476193 0.0512498 0.0549179 0.0585964 0.0622569 0.0658697 0.0694046 0.072831 0.0761183 0.0792367 0.0821572 0.0848523 0.0872962 0.0894653 0.0913383 0.0928968 0.0941255 0.0950119 0.0955474 0.0957265 0.0955474 0.0950119 0.0941255 0.0928968 0.0913383 0.0894653 0.0872962 0.0848523 0.0821572 0.0792367 0.0761183 0.072831 0.0694046 0.0658697 0.0622569 0.0585964 0.0549179 0.0512498 0.0476193 0.0440516 0.0405699 0.037195 0.0339452 0.0308363 0.027881 0.0250897 0.0224696 0.0200258 0.0177603 0.0156732 0.0137623 0.0120236 0.0104512 0.00903826 0.00777646 0.00665686 0.0056699 0.00480574 0.00405443 0.00340618 0.0028515 0.00238141 0.00198756 0.00166233 0.00139896 0.00119162 0.00103546 0.000926669 0.000862499 
0.00100305 0.00102813 0.00110402 0.00123263 0.00141715 0.00166203 0.00197286 0.00235642 0.00282053 0.00337396 0.00402635 0.00478804 0.0056699 0.00668315 0.0078391 0.00914895 0.0106235 0.0122728 0.014106 0.0161309 0.0183537 0.0207786 0.0234076 0.0262403 0.0292737 0.0325017 0.0359152 0.0395022 0.0432474 0.0471325 0.0511361 0.0552341 0.0593999 0.0636044 0.0678168 0.0720044 0.0761338 0.0801705 0.0840799 0.0878278 0.0913804 0.0947054 0.0977718 0.100551 0.103016 0.105144 0.106914 0.108309 0.109315 0.109923 0.110126 0.109923 0.109315 0.108309 0.106914 0.105144 0.103016 0.100551 0.0977718 0.0947054 0.0913804 0.0878278 0.0840799 0.0801705 0.0761338 0.0720044 0.0678168 0.0636044 0.0593999 0.0552341 0.0511361 0.0471325 0.0432474 0.0395022 0.0359152 0.0325017 0.0292737 0.0262403 0.0234076 0.0207786 0.0183537 0.0161309 0.014106 0.0122728 0.0106235 0.00914895 0.0078391 0.00668315 0.0056699 0.00478804 0.00402635 0.00337396 0.00282053 0.00235642 0.00197286 0.00166203 0.00141715 0.00123263 0.00110402 0.00102813 
0.00119 0.00121951 0.00130881 0.0014601 0.00167708 0.00196486 0.00232992 0.00278006 0.00332426 0.00397263 0.0047362 0.00562681 0.00665686 0.0078391 0.00918637 0.0107113 0.012426 0.0143418 0.0164688 0.0188153 0.0213882 0.0241916 0.0272276 0.0304949 0.0339894 0.0377038 0.0416272 0.0457451 0.0500397 0.0544896 0.0590701 0.0637536 0.0685094 0.0733044 0.0781034 0.0828696 0.0875651 0.092151 0.0965886 0.100839 0.104866 0.108631 0.112102 0.115245 0.118032 0.120437 0.122436 0.124012 0.125148 0.125834 0.126063 0.125834 0.125148 0.124012 0.122436 0.120437 0.118032 0.115245 0.112102 0.108631 0.104866 0.100839 0.0965886 0.092151 0.0875651 0.0828696 0.0781034 0.0733044 0.0685094 0.0637536 0.0590701 0.0544896 0.0500397 0.0457451 0.0416272 0.0377038 0.0339894 0.0304949 0.0272276 0.0241916 0.0213882 0.0188153 0.0164688 0.0143418 0.012426 0.0107113 0.00918637 0.0078391 0.00665686 0.00562681 0.0047362 0.00397263 0.00332426 0.00278006 0.00232992 0.00196486 0.00167708 0.0014601 0.00130881 0.00121951 
0.00140463 0.00143919 0.00154373 0.00172081 0.00197466 0.00231116 0.00273775 0.00326336 0.00389828 0.00465405 0.00554326 0.00657937 0.00777646 0.00914895 0.0107113 0.0124777 0.0144617 0.0166758 0.019131 0.0218367 0.0247996 0.0280244 0.0315123 0.0352617 0.039267 0.0435192 0.0480053 0.0527084 0.0576075 0.0626779 0.0678913 0.0732158 0.0786166 0.0840562 0.0894947 0.0948907 0.100201 0.105383 0.110393 0.115188 0.119727 0.123968 0.127875 0.131411 0.134545 0.137247 0.139493 0.141263 0.142538 0.143308 0.143566 0.143308 0.142538 0.141263 0.139493 0.137247 0.134545 0.131411 0.127875 0.123968 0.119727 0.115188 0.110393 0.105383 0.100201 0.0948907 0.0894947 0.0840562 0.0786166 0.0732158 0.0678913 0.0626779 0.0576075 0.0527084 0.0480053 0.0435192 0.039267 0.0352617 0.0315123 0.0280244 0.0247996 0.0218367 0.019131 0.0166758 0.0144617 0.0124777 0.0107113 0.00914895 0.00777646 0.00657937 0.00554326 0.00465405 0.00389828 0.00326336 0.00273775 0.00231116 0.00197466 0.00172081 0.00154373 0.00143919 
0.00164946 0.00168972 0.00181149 0.00201769 0.00231317 0.00270463 0.00320058 0.00381118 0.00454816 0.00542464 0.00645489 0.00765413 0.00903826 0.0106235 0.012426 0.0144617 0.0167456 0.0192913 0.022111 0.0252146 0.0286093 0.0322995 0.0362862 0.0405664 0.0451333 0.0499759 0.0550787 0.0604218 0.0659811 0.0717281 0.0776303 0.0836515 0.0897521 0.0958898 0.10202 0.108096 0.114069 0.119893 0.125518 0.130897 0.135985 0.140736 0.145109 0.149065 0.152568 0.155588 0.158098 0.160073 0.161497 0.162357 0.162645 0.162357 0.161497 0.160073 0.158098 0.155588 0.152568 0.149065 0.145109 0.140736 0.135985 0.130897 0.125518 0.119893 0.114069 0.108096 0.10202 0.0958898 0.0897521 0.0836515 0.0776303 0.0717281 0.0659811 0.0604218 0.0550787 0.0499759 0.0451333 0.0405664 0.0362862 0.0322995 0.0286093 0.0252146 0.022111 0.0192913 0.0167456 0.0144617 0.012426 0.0106235 0.00903826 0.00765413 0.00645489 0.00542464 0.00454816 0.00381118 0.00320058 0.00270463 0.00231317 0.00201769 0.00181149 0.00168972 
0.00192699 0.00197365 0.00211476 0.00235364 0.0026958 0.00314887 0.00372249 0.0044282 0.00527928 0.00629054 0.00747808 0.00885904 0.0104512 0.0122728 0.0143418 0.0166758 0.0192913 0.0222033 0.0254249 0.0289666 0.032836 0.037037 0.0415699 0.0464307 0.0516108 0.0570969 0.0628707 0.0689091 0.0751842 0.0816634 0.0883097 0.0950822 0.101936 0.108824 0.115696 0.1225 0.129183 0.135692 0.141973 0.147974 0.153645 0.158937 0.163804 0.168204 0.1721 0.175456 0.178243 0.180437 0.182018 0.182972 0.183291 0.182972 0.182018 0.180437 0.178243 0.175456 0.1721 0.168204 0.163804 0.158937 0.153645 0.147974 0.141973 0.135692 0.129183 0.1225 0.115696 0.108824 0.101936 0.0950822 0.0883097 0.0816634 0.0751842 0.0689091 0.0628707 0.0570969 0.0516108 0.0464307 0.0415699 0.037037 0.032836 0.0289666 0.0254249 0.0222033 0.0192913 0.0166758 0.0143418 0.0122728 0.0104512 0.00885904 0.00747808 0.00629054 0.00527928 0.0044282 0.00372249 0.00314887 0.0026958 0.00235364 0.00211476 0.00197365 
0.00223961 0.00229342 0.00245609 0.00273141 0.00312561 0.00364729 0.00430736 0.00511882 0.00609663 0.00725743 0.0086193 0.0102014 0.0120236 0.014106 0.0164688 0.019131 0.022111 0.0254249 0.0290868 0.0331077 0.0374952 0.0422531 0.0473805 0.052872 0.058717 0.0648995 0.0713982 0.0781864 0.0852321 0.0924981 0.0999425 0.107519 0.115178 0.122867 0.130528 0.138106 0.145541 0.152776 0.15975 0.166408 0.172694 0.178555 0.183942 0.18881 0.193116 0.196824 0.199902 0.202324 0.204069 0.205122 0.205474 0.205122 0.204069 0.202324 0.199902 0.196824 0.193116 0.18881 0.183942 0.178555 0.172694 0.166408 0.15975 0.152776 0.145541 0.138106 0.130528 0.122867 0.115178 0.107519 0.0999425 0.0924981 0.0852321 0.0781864 0.0713982 0.0648995 0.058717 0.052872 0.0473805 0.0422531 0.0374952 0.0331077 0.0290868 0.0254249 0.022111 0.019131 0.0164688 0.014106 0.0120236 0.0102014 0.0086193 0.00725743 0.00609663 0.00511882 0.00430736 0.00364729 0.00312561 0.00273141 0.00245609 0.00229342 
0.00258958 0.0026513 0.00283789 0.00315359 0.00360541 0.00420304 0.00495871 0.00588702 0.00700472 0.0083304 0.00988423 0.0116875 0.0137623 0.0161309 0.0188153 0.0218367 0.0252146 0.0289666 0.0331077 0.0376493 0.0425989 0.0479597 0.0537297 0.0599017 0.0664627 0.0733939 0.0806706 0.0882618 0.0961311 0.104236 0.112531 0.120962 0.129475 0.13801 0.146507 0.154901 0.163128 0.171124 0.178826 0.186172 0.193101 0.199557 0.205486 0.210839 0.215573 0.219646 0.223026 0.225685 0.2276 0.228756 0.229142 0.228756 0.2276 0.225685 0.223026 0.219646 0.215573 0.210839 0.205486 0.199557 0.193101 0.186172 0.178826 0.171124 0.163128 0.154901 0.146507 0.13801 0.129475 0.120962 0.112531 0.104236 0.0961311 0.0882618 0.0806706 0.0733939 0.0664627 0.0599017 0.0537297 0.0479597 0.0425989 0.0376493 0.0331077 0.0289666 0.0252146 0.0218367 0.0188153 0.0161309 0.0137623 0.0116875 0.00988423 0.0083304 0.00700472 0.00588702 0.00495871 0.00420304 0.00360541 0.00315359 0.00283789 0.0026513 
0.00297892 0.00304937 0.0032623 0.00362246 0.00413771 0.00481888 0.00567962 0.00673624 0.00800738 0.00951372 0.0112776 0.0133227 0.0156732 0.0183537 0.0213882 0.0247996 0.0286093 0.032836 0.0374952 0.0425989 0.0481543 0.0541636 0.0606237 0.067525 0.0748521 0.0825828 0.0906883 0.0991336 0.107877 0.116872 0.126064 0.135397 0.144809 0.154234 0.163606 0.172854 0.181908 0.190699 0.199158 0.207218 0.214814 0.221885 0.228374 0.234229 0.239403 0.243853 0.247544 0.250446 0.252536 0.253797 0.254218 0.253797 0.252536 0.250446 0.247544 0.243853 0.239403 0.234229 0.228374 0.221885 0.214814 0.207218 0.199158 0.190699 0.181908 0.172854 0.163606 0.154234 0.144809 0.135397 0.126064 0.116872 0.107877 0.0991336 0.0906883 0.0825828 0.0748521 0.067525 0.0606237 0.0541636 0.0481543 0.0425989 0.0374952 0.032836 0.0286093 0.0247996 0.0213882 0.0183537 0.0156732 0.0133227 0.0112776 0.00951372 0.00800738 0.00673624 0.00567962 0.00481888 0.00413771 0.00362246 0.0032623 0.00304937 
0.00340939 0.00348938 0.00373115 0.00413998 0.0047246 0.00549708 0.0064726 0.00766923 0.00910763 0.0108107 0.0128031 0.0151107 0.0177603 0.0207786 0.0241916 0.0280244 0.0322995 0.037037 0.0422531 0.0479597 0.0541636 0.0608662 0.0680623 0.0757403 0.0838814 0.0924599 0.101443 0.11079 0.120455 0.130385 0.14052 0.150798 0.161149 0.171502 0.181784 0.191919 0.201831 0.211444 0.220684 0.229479 0.23776 0.245463 0.252527 0.258895 0.264519 0.269353 0.273361 0.276511 0.278779 0.280147 0.280604 0.280147 0.278779 0.276511 0.273361 0.269353 0.264519 0.258895 0.252527 0.245463 0.23776 0.229479 0.220684 0.211444 0.201831 0.191919 0.181784 0.171502 0.161149 0.150798 0.14052 0.130385 0.120455 0.11079 0.101443 0.0924599 0.0838814 0.0757403 0.0680623 0.0608662 0.0541636 0.0479597 0.0422531 0.037037 0.0322995 0.0280244 0.0241916 0.0207786 0.0177603 0.0151107 0.0128031 0.0108107 0.00910763 0.00766923 0.0064726 0.00549708 0.0047246 0.00413998 0.00373115 0.00348938 
0.00388235 0.00397274 0.00424588 0.00470763 0.00536768 0.00623935 0.00733944 0.00868791 0.0103075 0.0122234 0.0144628 0.0170538 0.0200258 0.0234076 0.0272276 0.0315123 0.0362862 0.0415699 0.0473805 0.0537297 0.0606237 0.0680623 0.0760386 0.084538 0.0935384 0.10301 0.112915 0.123209 0.133838 0.144745 0.155863 0.167122 0.178448 0.189762 0.200985 0.212033 0.222826 0.233282 0.243322 0.252868 0.261849 0.270194 0.277841 0.28473 0.290809 0.296032 0.30036 0.303761 0.306208 0.307683 0.308176 0.307683 0.306208 0.303761 0.30036 0.296032 0.290809 0.28473 0.277841 0.270194 0.261849 0.252868 0.243322 0.233282 0.222826 0.212033 0.200985 0.189762 0.178448 0.167122 0.155863 0.144745 0.133838 0.123209 0.112915 0.10301 0.0935384 0.084538 0.0760386 0.0680623 0.0606237 0.0537297 0.0473805 0.0415699 0.0362862 0.0315123 0.0272276 0.0234076 0.0200258 0.0170538 0.0144628 0.0122234 0.0103075 0.00868791 0.00733944 0.00623935 0.00536768 0.00470763 0.00424588 0.00397274 
0.00439876 0.00450039 0.00480745 0.00532641 0.00606792 0.00704668 0.00828116 0.00979326 0.011608 0.0137528 0.0162573 0.0191524 0.0224696 0.0262403 0.0304949 0.0352617 0.0405664 0.0464307 0.052872 0.0599017 0.067525 0.0757403 0.084538 0.0939006 0.103802 0.114208 0.125077 0.136356 0.147988 0.159908 0.172042 0.184315 0.196645 0.208946 0.221132 0.233115 0.244807 0.25612 0.266972 0.27728 0.286967 0.29596 0.304194 0.311606 0.318142 0.323755 0.328404 0.332054 0.33468 0.336264 0.336793 0.336264 0.33468 0.332054 0.328404 0.323755 0.318142 0.311606 0.304194 0.29596 0.286967 0.27728 0.266972 0.25612 0.244807 0.233115 0.221132 0.208946 0.196645 0.184315 0.172042 0.159908 0.147988 0.136356 0.125077 0.114208 0.103802 0.0939006 0.084538 0.0757403 0.067525 0.0599017 0.052872 0.0464307 0.0405664 0.0352617 0.0304949 0.0262403 0.0224696 0.0191524 0.0162573 0.0137528 0.011608 0.00979326 0.00828116 0.00704668 0.00606792 0.00532641 0.00480745 0.00450039 
0.00495906 0.00507277 0.00541627 0.00599667 0.00682565 0.0079193 0.00929783 0.0109852 0.0130086 0.0153981 0.0181857 0.0214049 0.0250897 0.0292737 0.0339894 0.039267 0.0451333 0.0516108 0.058717 0.0664627 0.0748521 0.0838814 0.0935384 0.103802 0.114643 0.12602 0.137888 0.150187 0.162854 0.175817 0.188996 0.202308 0.215663 0.228971 0.242137 0.255068 0.267669 0.279848 0.291517 0.302589 0.312984 0.322626 0.331445 0.339378 0.346369 0.352368 0.357334 0.361232 0.364036 0.365726 0.36629 0.365726 0.364036 0.361232 0.357334 0.352368 0.346369 0.339378 0.331445 0.322626 0.312984 0.302589 0.291517 0.279848 0.267669 0.255068 0.242137 0.228971 0.215663 0.202308 0.188996 0.175817 0.162854 0.150187 0.137888 0.12602 0.114643 0.103802 0.0935384 0.0838814 0.0748521 0.0664627 0.058717 0.0516108 0.0451333 0.039267 0.0339894 0.0292737 0.0250897 0.0214049 0.0181857 0.0153981 0.0130086 0.0109852 0.00929783 0.0079193 0.00682565 0.00599667 0.00541627 0.00507277 
0.00556312 0.00568972 0.00607214 0.00671812 0.0076404 0.00885654 0.0103885 0.0122624 0.0145078 0.017157 0.0202449 0.0238074 0.027881 0.0325017 0.0377038 0.0435192 0.0499759 0.0570969 0.0648995 0.0733939 0.0825828 0.0924599 0.10301 0.114208 0.12602 0.138401 0.151298 0.164646 0.178374 0.192404 0.206648 0.221017 0.235413 0.249739 0.263895 0.277779 0.291293 0.304339 0.316824 0.328657 0.339755 0.350039 0.359437 0.367883 0.375321 0.3817 0.386978 0.391119 0.394096 0.39589 0.396489 0.39589 0.394096 0.391119 0.386978 0.3817 0.375321 0.367883 0.359437 0.350039 0.339755 0.328657 0.316824 0.304339 0.291293 0.277779 0.263895 0.249739 0.235413 0.221017 0.206648 0.192404 0.178374 0.164646 0.151298 0.138401 0.12602 0.114208 0.10301 0.0924599 0.0825828 0.0733939 0.0648995 0.0570969 0.0499759 0.0435192 0.0377038 0.0325017 0.027881 0.0238074 0.0202449 0.017157 0.0145078 0.0122624 0.0103885 0.00885654 0.0076404 0.00671812 0.00607214 0.00568972 
0.00621018 0.00635048 0.00677418 0.00748971 0.0085109 0.0098568 0.0115512 0.0136224 0.0161022 0.0190257 0.0224301 0.0263539 0.0308363 0.0359152 0.0416272 0.0480053 0.0550787 0.0628707 0.0713982 0.0806706 0.0906883 0.101443 0.112915 0.125077 0.137888 0.151298 0.165247 0.179665 0.194474 0.209587 0.224911 0.240346 0.255791 0.27114 0.286286 0.301123 0.315545 0.329452 0.342744 0.355328 0.367118 0.378032 0.387996 0.396945 0.404819 0.411567 0.417147 0.421523 0.424668 0.426563 0.427196 0.426563 0.424668 0.421523 0.417147 0.411567 0.404819 0.396945 0.387996 0.378032 0.367118 0.355328 0.342744 0.329452 0.315545 0.301123 0.286286 0.27114 0.255791 0.240346 0.224911 0.209587 0.194474 0.179665 0.165247 0.151298 0.137888 0.125077 0.112915 0.101443 0.0906883 0.0806706 0.0713982 0.0628707 0.0550787 0.0480053 0.0416272 0.0359152 0.0308363 0.0263539 0.0224301 0.0190257 0.0161022 0.0136224 0.0115512 0.0098568 0.0085109 0.00748971 0.00677418 0.00635048 
0.00689881 0.00705354 0.00752076 0.00830959 0.00943497 0.0109175 0.0127828 0.0150612 0.0177872 0.0209982 0.0247341 0.029036 0.0339452 0.0395022 0.0457451 0.0527084 0.0604218 0.0689091 0.0781864 0.0882618 0.0991336 0.11079 0.123209 0.136356 0.150187 0.164646 0.179665 0.195168 0.21107 0.227275 0.243684 0.26019 0.276683 0.293051 0.309182 0.324962 0.340281 0.355034 0.369118 0.382437 0.394902 0.406428 0.416942 0.426376 0.43467 0.441773 0.447643 0.452245 0.455551 0.457542 0.458207 0.457542 0.455551 0.452245 0.447643 0.441773 0.43467 0.426376 0.416942 0.406428 0.394902 0.382437 0.369118 0.355034 0.340281 0.324962 0.309182 0.293051 0.276683 0.26019 0.243684 0.227275 0.21107 0.195168 0.179665 0.164646 0.150187 0.136356 0.123209 0.11079 0.0991336 0.0882618 0.0781864 0.0689091 0.0604218 0.0527084 0.0457451 0.0395022 0.0339452 0.029036 0.0247341 0.0209982 0.0177872 0.0150612 0.0127828 0.0109175 0.00943497 0.00830959 0.00752076 0.00705354 
0.00762686 0.0077967 0.00830951 0.00917507 0.0104095 0.0120348 0.0140787 0.0165737 0.0195564 0.023067 0.0271478 0.0318426 0.037195 0.0432474 0.0500397 0.0576075 0.0659811 0.0751842 0.0852321 0.0961311 0.107877 0.120455 0.133838 0.147988 0.162854 0.178374 0.194474 0.21107 0.228068 0.245368 0.26286 0.280431 0.297964 0.315341 0.332441 0.349148 0.365346 0.380925 0.395779 0.40981 0.422926 0.435042 0.446082 0.45598 0.464675 0.472117 0.478263 0.483078 0.486536 0.488619 0.489314 0.488619 0.486536 0.483078 0.478263 0.472117 0.464675 0.45598 0.446082 0.435042 0.422926 0.40981 0.395779 0.380925 0.365346 0.349148 0.332441 0.315341 0.297964 0.280431 0.26286 0.245368 0.228068 0.21107 0.194474 0.178374 0.162854 0.147988 0.133838 0.120455 0.107877 0.0961311 0.0852321 0.0751842 0.0659811 0.0576075 0.0500397 0.0432474 0.037195 0.0318426 0.0271478 0.023067 0.0195564 0.0165737 0.0140787 0.0120348 0.0104095 0.00917507 0.00830951 0.0077967 
0.00839141 0.00857698 0.00913722 0.0100826 0.0114304 0.0132042 0.0154335 0.018153 0.0214018 0.0252225 0.0296601 0.0347606 0.0405699 0.0471325 0.0544896 0.0626779 0.0717281 0.0816634 0.0924981 0.104236 0.116872 0.130385 0.144745 0.159908 0.175817 0.192404 0.209587 0.227275 0.245368 0.263755 0.282321 0.300944 0.319502 0.337868 0.355917 0.373527 0.390577 0.406955 0.422552 0.437266 0.451004 0.463682 0.475223 0.485559 0.494633 0.502392 0.508797 0.513812 0.517413 0.519581 0.520305 0.519581 0.517413 0.513812 0.508797 0.502392 0.494633 0.485559 0.475223 0.463682 0.451004 0.437266 0.422552 0.406955 0.390577 0.373527 0.355917 0.337868 0.319502 0.300944 0.282321 0.263755 0.245368 0.227275 0.209587 0.192404 0.175817 0.159908 0.144745 0.130385 0.116872 0.104236 0.0924981 0.0816634 0.0717281 0.0626779 0.0544896 0.0471325 0.0405699 0.0347606 0.0296601 0.0252225 0.0214018 0.018153 0.0154335 0.0132042 0.0114304 0.0100826 0.00913722 0.00857698 
0.0091888 0.00939064 0.0099999 0.0110278 0.0124926 0.0144196 0.0168402 0.0197911 0.0233138 0.0274535 0.0322574 0.0377741 0.0440516 0.0511361 0.0590701 0.0678913 0.0776303 0.0883097 0.0999425 0.112531 0.126064 0.14052 0.155863 0.172042 0.188996 0.206648 0.224911 0.243684 0.26286 0.282321 0.301943 0.321599 0.341157 0.360487 0.379456 0.397939 0.41581 0.432954 0.449259 0.464622 0.47895 0.492157 0.504168 0.514915 0.52434 0.532395 0.539039 0.54424 0.547972 0.550218 0.550968 0.550218 0.547972 0.54424 0.539039 0.532395 0.52434 0.514915 0.504168 0.492157 0.47895 0.464622 0.449259 0.432954 0.41581 0.397939 0.379456 0.360487 0.341157 0.321599 0.301943 0.282321 0.26286 0.243684 0.224911 0.206648 0.188996 0.172042 0.155863 0.14052 0.126064 0.112531 0.0999425 0.0883097 0.0776303 0.0678913 0.0590701 0.0511361 0.0440516 0.0377741 0.0322574 0.0274535 0.0233138 0.0197911 0.0168402 0.0144196 0.0124926 0.0110278 0.0099999 0.00939064 
0.0100146 0.0102332 0.0108927 0.0120053 0.0135902 0.0156743 0.0182907 0.0214785 0.0252814 0.0297468 0.0349246 0.0408654 0.0476193 0.0552341 0.0637536 0.0732158 0.0836515 0.0950822 0.107519 0.120962 0.135397 0.150798 0.167122 0.184315 0.202308 0.221017 0.240346 0.26019 0.280431 0.300944 0.321599 0.34226 0.362789 0.383049 0.402904 0.422223 0.440877 0.458748 0.475723 0.491697 0.506577 0.520278 0.532724 0.543851 0.5536 0.561926 0.568789 0.574158 0.578009 0.580326 0.5811 0.580326 0.578009 0.574158 0.568789 0.561926 0.5536 0.543851 0.532724 0.520278 0.506577 0.491697 0.475723 0.458748 0.440877 0.422223 0.402904 0.383049 0.362789 0.34226 0.321599 0.300944 0.280431 0.26019 0.240346 0.221017 0.202308 0.184315 0.167122 0.150798 0.135397 0.120962 0.107519 0.0950822 0.0836515 0.0732158 0.0637536 0.0552341 0.0476193 0.0408654 0.0349246 0.0297468 0.0252814 0.0214785 0.0182907 0.0156743 0.0135902 0.0120053 0.0108927 0.0102332 
0.0108637 0.0110993 0.0118102 0.0130089 0.0147162 0.0169602 0.0197759 0.0232044 0.0272918 0.0320877 0.0376443 0.0440144 0.0512498 0.0593999 0.0685094 0.0786166 0.0897521 0.101936 0.115178 0.129475 0.144809 0.161149 0.178448 0.196645 0.215663 0.235413 0.255791 0.276683 0.297964 0.319502 0.341157 0.362789 0.384252 0.405404 0.426105 0.446218 0.465613 0.484168 0.501769 0.518313 0.533705 0.54786 0.560706 0.572178 0.582222 0.590792 0.597851 0.603371 0.607329 0.60971 0.610505 0.60971 0.607329 0.603371 0.597851 0.590792 0.582222 0.572178 0.560706 0.54786 0.533705 0.518313 0.501769 0.484168 0.465613 0.446218 0.426105 0.405404 0.384252 0.362789 0.341157 0.319502 0.297964 0.276683 0.255791 0.235413 0.215663 0.196645 0.178448 0.161149 0.144809 0.129475 0.115178 0.101936 0.0897521 0.0786166 0.0685094 0.0593999 0.0512498 0.0440144 0.0376443 0.0320877 0.0272918 0.0232044 0.0197759 0.0169602 0.0147162 0.0130089 0.0118102 0.0110993 
0.0117302 0.011983 0.0127458 0.0140319 0.0158629 0.0182684 0.0212854 0.0249569 0.0293311 0.03446 0.0403977 0.0471991 0.0549179 0.0636044 0.0733044 0.0840562 0.0958898 0.108824 0.122867 0.13801 0.154234 0.171502 0.189762 0.208946 0.228971 0.249739 0.27114 0.293051 0.315341 0.337868 0.360487 0.383049 0.405404 0.427405 0.448905 0.469766 0.489855 0.509048 0.52723 0.544298 0.560158 0.574728 0.587934 0.599717 0.610024 0.618811 0.626045 0.631698 0.63575 0.638186 0.638999 0.638186 0.63575 0.631698 0.626045 0.618811 0.610024 0.599717 0.587934 0.574728 0.560158 0.544298 0.52723 0.509048 0.489855 0.469766 0.448905 0.427405 0.405404 0.383049 0.360487 0.337868 0.315341 0.293051 0.27114 0.249739 0.228971 0.208946 0.189762 0.171502 0.154234 0.13801 0.122867 0.108824 0.0958898 0.0840562 0.0733044 0.0636044 0.0549179 0.0471991 0.0403977 0.03446 0.0293311 0.0249569 0.0212854 0.0182684 0.0158629 0.0140319 0.0127458 0.011983 
0.0126076 0.0128777 0.0136927 0.0150664 0.0170215 0.0195893 0.0228081 0.026723 0.0313842 0.0368459 0.0431644 0.0503961 0.0585964 0.0678168 0.0781034 0.0894947 0.10202 0.115696 0.130528 0.146507 0.163606 0.181784 0.200985 0.221132 0.242137 0.263895 0.286286 0.309182 0.332441 0.355917 0.379456 0.402904 0.426105 0.448905 0.471156 0.492716 0.513448 0.533229 0.551945 0.56949 0.585774 0.600715 0.614244 0.626302 0.63684 0.645818 0.653203 0.658971 0.663103 0.665587 0.666416 0.665587 0.663103 0.658971 0.653203 0.645818 0.63684 0.626302 0.614244 0.600715 0.585774 0.56949 0.551945 0.533229 0.513448 0.492716 0.471156 0.448905 0.426105 0.402904 0.379456 0.355917 0.332441 0.309182 0.286286 0.263895 0.242137 0.221132 0.200985 0.181784 0.163606 0.146507 0.130528 0.115696 0.10202 0.0894947 0.0781034 0.0678168 0.0585964 0.0503961 0.0431644 0.0368459 0.0313842 0.026723 0.0228081 0.0195893 0.0170215 0.0150664 0.0136927 0.0128777 
0.0134889 0.0137762 0.0146432 0.0161042 0.018183 0.0209121 0.0243317 0.0284885 0.0334349 0.0392269 0.0459226 0.0535805 0.0622569 0.0720044 0.0828696 0.0948907 0.108096 0.1225 0.138106 0.154901 0.172854 0.191919 0.212033 0.233115 0.255068 0.277779 0.301123 0.324962 0.349148 0.373527 0.397939 0.422223 0.446218 0.469766 0.492716 0.514921 0.536245 0.556564 0.575762 0.593738 0.6104 0.625671 0.639483 0.651781 0.662519 0.671659 0.679173 0.685038 0.689238 0.691762 0.692605 0.691762 0.689238 0.685038 0.679173 0.671659 0.662519 0.651781 0.639483 0.625671 0.6104 0.593738 0.575762 0.556564 0.536245 0.514921 0.492716 0.469766 0.446218 0.422223 0.397939 0.373527 0.349148 0.324962 0.301123 0.277779 0.255068 0.233115 0.212033 0.191919 0.172854 0.154901 0.138106 0.1225 0.108096 0.0948907 0.0828696 0.0720044 0.0622569 0.0535805 0.0459226 0.0392269 0.0334349 0.0284885 0.0243317 0.0209121 0.018183 0.0161042 0.0146432 0.0137762 
0.0143664 0.0146708 0.0155891 0.0171364 0.0193374 0.0222258 0.0258434 0.0302389 0.0354661 0.0415832 0.0486499 0.0567262 0.0658697 0.0761338 0.0875651 0.100201 0.114069 0.129183 0.145541 0.163128 0.181908 0.201831 0.222826 0.244807 0.267669 0.291293 0.315545 0.340281 0.365346 0.390577 0.41581 0.440877 0.465613 0.489855 0.513448 0.536245 0.558109 0.578914 0.598545 0.616903 0.633899 0.649457 0.663514 0.676018 0.686924 0.696201 0.703822 0.709767 0.714022 0.716579 0.717432 0.716579 0.714022 0.709767 0.703822 0.696201 0.686924 0.676018 0.663514 0.649457 0.633899 0.616903 0.598545 0.578914 0.558109 0.536245 0.513448 0.489855 0.465613 0.440877 0.41581 0.390577 0.365346 0.340281 0.315545 0.291293 0.267669 0.244807 0.222826 0.201831 0.181908 0.163128 0.145541 0.129183 0.114069 0.100201 0.0875651 0.0761338 0.0658697 0.0567262 0.0486499 0.0415832 0.0354661 0.0302389 0.0258434 0.0222258 0.0193374 0.0171364 0.0155891 0.0146708 
0.0152323 0.0155534 0.016522 0.0181538 0.0204744 0.0235188 0.0273301 0.0319587 0.0374603 0.0438946 0.051323 0.0598068 0.0694046 0.0801705 0.092151 0.105383 0.119893 0.135692 0.152776 0.171124 0.190699 0.211444 0.233282 0.25612 0.279848 0.304339 0.329452 0.355034 0.380925 0.406955 0.432954 0.458748 0.484168 0.509048 0.533229 0.556564 0.578914 0.600152 0.620168 0.638862 0.656148 0.671953 0.686218 0.698893 0.70994 0.719327 0.727034 0.733043 0.737342 0.739924 0.740786 0.739924 0.737342 0.733043 0.727034 0.719327 0.70994 0.698893 0.686218 0.671953 0.656148 0.638862 0.620168 0.600152 0.578914 0.556564 0.533229 0.509048 0.484168 0.458748 0.432954 0.406955 0.380925 0.355034 0.329452 0.304339 0.279848 0.25612 0.233282 0.211444 0.190699 0.171124 0.152776 0.135692 0.119893 0.105383 0.092151 0.0801705 0.0694046 0.0598068 0.051323 0.0438946 0.0374603 0.0319587 0.0273301 0.0235188 0.0204744 0.0181538 0.016522 0.0155534 
0.0160783 0.0164156 0.0174331 0.0191469 0.0215835 0.0247791 0.0287781 0.0336325 0.0393995 0.0461404 0.0539182 0.0627951 0.072831 0.0840799 0.0965886 0.110393 0.125518 0.141973 0.15975 0.178826 0.199158 0.220684 0.243322 0.266972 0.291517 0.316824 0.342744 0.369118 0.395779 0.422552 0.449259 0.475723 0.501769 0.52723 0.551945 0.575762 0.598545 0.620168 0.64052 0.659505 0.677038 0.693052 0.70749 0.720306 0.731465 0.740941 0.748714 0.754772 0.759104 0.761705 0.762573 0.761705 0.759104 0.754772 0.748714 0.740941 0.731465 0.720306 0.70749 0.693052 0.677038 0.659505 0.64052 0.620168 0.598545 0.575762 0.551945 0.52723 0.501769 0.475723 0.449259 0.422552 0.395779 0.369118 0.342744 0.316824 0.291517 0.266972 0.243322 0.220684 0.199158 0.178826 0.15975 0.141973 0.125518 0.110393 0.0965886 0.0840799 0.072831 0.0627951 0.0539182 0.0461404 0.0393995 0.0336325 0.0287781 0.0247791 0.0215835 0.0191469 0.0174331 0.0164156 
0.0168961 0.017249 0.0183134 0.0201059 0.0226539 0.0259945 0.0301736 0.0352444 0.0412657 0.0483001 0.0564119 0.0656645 0.0761183 0.0878278 0.100839 0.115188 0.130897 0.147974 0.166408 0.186172 0.207218 0.229479 0.252868 0.27728 0.302589 0.328657 0.355328 0.382437 0.40981 0.437266 0.464622 0.491697 0.518313 0.544298 0.56949 0.593738 0.616903 0.638862 0.659505 0.678737 0.69648 0.712666 0.727244 0.740172 0.751419 0.760961 0.768784 0.774877 0.779232 0.781847 0.782719 0.781847 0.779232 0.774877 0.768784 0.760961 0.751419 0.740172 0.727244 0.712666 0.69648 0.678737 0.659505 0.638862 0.616903 0.593738 0.56949 0.544298 0.518313 0.491697 0.464622 0.437266 0.40981 0.382437 0.355328 0.328657 0.302589 0.27728 0.252868 0.229479 0.207218 0.186172 0.166408 0.147974 0.130897 0.115188 0.100839 0.0878278 0.0761183 0.0656645 0.0564119 0.0483001 0.0412657 0.0352444 0.0301736 0.0259945 0.0226539 0.0201059 0.0183134 0.017249 
