2.11185e-07 2.30172e-07 2.8973e-07 3.97884e-07 5.6878e-07 8.23862e-07 1.19356e-06 1.71952e-06 2.45738e-06 3.48015e-06 4.8821e-06 6.78331e-06 9.33452e-06 1.27224e-05 1.71747e-05 2.29657e-05 3.04206e-05 3.99192e-05 5.1898e-05 6.68506e-05 8.5325e-05 0.000107918 0.000135268 0.000168038 0.000206902 0.000252523 0.000305525 0.00036647 0.000435821 0.000513914 0.000600921 0.000696828 0.000801396 0.000914151 0.00103436 0.00116103 0.00129292 0.00142851 0.00156609 0.00170375 0.00183943 0.00197097 0.00209617 0.00221285 0.0023189 0.00241236 0.00249144 0.00255463 0.00260068 0.00262869 0.00263808 0.00262869 0.00260068 0.00255463 0.00249144 0.00241236 0.0023189 0.00221285 0.00209617 0.00197097 0.00183943 0.00170375 0.00156609 0.00142851 0.00129292 0.00116103 0.00103436 0.000914151 0.000801396 0.000696828 0.000600921 0.000513914 0.000435821 0.00036647 0.000305525 0.000252523 0.000206902 0.000168038 0.000135268 0.000107918 8.5325e-05 6.68506e-05 5.1898e-05 3.99192e-05 3.04206e-05 2.29657e-05 1.71747e-05 1.27224e-05 9.33452e-06 6.78331e-06 4.8821e-06 3.48015e-06 2.45738e-06 1.71952e-06 1.19356e-06 8.23862e-07 5.6878e-07 3.97884e-07 2.8973e-07 2.30172e-07 
2.30172e-07 2.50799e-07 3.15491e-07 4.32925e-07 6.18393e-07 8.95064e-07 1.2958e-06 1.86551e-06 2.66418e-06 3.77042e-06 5.28569e-06 7.33903e-06 1.00923e-05 1.37457e-05 1.85434e-05 2.47789e-05 3.27998e-05 4.30119e-05 5.58808e-05 7.19322e-05 9.17495e-05 0.000115967 0.000145261 0.000180336 0.000221903 0.000270662 0.000327272 0.000392321 0.000466292 0.000549534 0.000642221 0.000744326 0.000855588 0.000975493 0.00110326 0.00123782 0.00137785 0.00152175 0.00166771 0.00181368 0.0019575 0.00209689 0.00222952 0.00235309 0.00246537 0.0025643 0.00264801 0.00271487 0.0027636 0.00279323 0.00280317 0.00279323 0.0027636 0.00271487 0.00264801 0.0025643 0.00246537 0.00235309 0.00222952 0.00209689 0.0019575 0.00181368 0.00166771 0.00152175 0.00137785 0.00123782 0.00110326 0.000975493 0.000855588 0.000744326 0.000642221 0.000549534 0.000466292 0.000392321 0.000327272 0.000270662 0.000221903 0.000180336 0.000145261 0.000115967 9.17495e-05 7.19322e-05 5.58808e-05 4.30119e-05 3.27998e-05 2.47789e-05 1.85434e-05 1.37457e-05 1.00923e-05 7.33903e-06 5.28569e-06 3.77042e-06 2.66418e-06 1.86551e-06 1.2958e-06 8.95064e-07 6.18393e-07 4.32925e-07 3.15491e-07 2.50799e-07 
2.8973e-07 3.15491e-07 3.96245e-07 5.42708e-07 7.73744e-07 1.1179e-06 1.61557e-06 2.32191e-06 3.31036e-06 4.677e-06 6.54551e-06 9.07284e-06 1.24553e-05 1.69352e-05 2.28072e-05 3.04243e-05 4.0204e-05 5.26315e-05 6.82624e-05 8.7722e-05 0.000111702 0.000140951 0.000176265 0.00021847 0.000268397 0.000326856 0.000394609 0.000472327 0.000560556 0.000659679 0.000769873 0.000891074 0.00102295 0.00116486 0.00131587 0.0014747 0.00163977 0.00180921 0.00198088 0.00215239 0.00232121 0.00248467 0.00264009 0.00278479 0.00291619 0.0030319 0.00312975 0.00320789 0.00326482 0.00329943 0.00331104 0.00329943 0.00326482 0.00320789 0.00312975 0.0030319 0.00291619 0.00278479 0.00264009 0.00248467 0.00232121 0.00215239 0.00198088 0.00180921 0.00163977 0.0014747 0.00131587 0.00116486 0.00102295 0.000891074 0.000769873 0.000659679 0.000560556 0.000472327 0.000394609 0.000326856 0.000268397 0.00021847 0.000176265 0.000140951 0.000111702 8.7722e-05 6.82624e-05 5.26315e-05 4.0204e-05 3.04243e-05 2.28072e-05 1.69352e-05 1.24553e-05 9.07284e-06 6.54551e-06 4.677e-06 3.31036e-06 2.32191e-06 1.61557e-06 1.1179e-06 7.73744e-07 5.42708e-07 3.96245e-07 3.15491e-07 
3.97884e-07 4.32925e-07 5.42708e-07 7.41609e-07 1.0549e-06 1.52077e-06 2.19314e-06 3.14544e-06 4.47523e-06 6.30972e-06 8.81225e-06 1.21894e-05 1.66989e-05 2.26574e-05 3.04491e-05 4.05328e-05 5.34486e-05 6.98222e-05 9.03673e-05 0.000115884 0.000147253 0.000185424 0.000231403 0.000286224 0.000350925 0.000426511 0.000513915 0.000613953 0.000727276 0.00085432 0.000995261 0.00114997 0.00131798 0.00149843 0.00169011 0.00189137 0.00210021 0.00231423 0.00253074 0.00274677 0.00295914 0.00316454 0.00335961 0.00354106 0.0037057 0.00385057 0.00397301 0.00407074 0.00414191 0.00418517 0.00419968 0.00418517 0.00414191 0.00407074 0.00397301 0.00385057 0.0037057 0.00354106 0.00335961 0.00316454 0.00295914 0.00274677 0.00253074 0.00231423 0.00210021 0.00189137 0.00169011 0.00149843 0.00131798 0.00114997 0.000995261 0.00085432 0.000727276 0.000613953 0.000513915 0.000426511 0.000350925 0.000286224 0.000231403 0.000185424 0.000147253 0.000115884 9.03673e-05 6.98222e-05 5.34486e-05 4.05328e-05 3.04491e-05 2.26574e-05 1.66989e-05 1.21894e-05 8.81225e-06 6.30972e-06 4.47523e-06 3.14544e-06 2.19314e-06 1.52077e-06 1.0549e-06 7.41609e-07 5.42708e-07 4.32925e-07 
5.6878e-07 6.18393e-07 7.73744e-07 1.0549e-06 1.49711e-06 2.15352e-06 3.09904e-06 4.43541e-06 6.29743e-06 8.86041e-06 1.23487e-05 1.70453e-05 2.33018e-05 3.15491e-05 4.23079e-05 5.6198e-05 7.39458e-05 9.63902e-05 0.000124484 0.00015929 0.000201973 0.000253786 0.000316043 0.000390092 0.000477277 0.000578886 0.000696104 0.000829955 0.000981234 0.00115045 0.00133777 0.00154296 0.00176532 0.00200368 0.00225638 0.00252123 0.00279557 0.00307626 0.00335977 0.00364224 0.00391954 0.0041874 0.00444152 0.00467764 0.00489169 0.0050799 0.00523887 0.00536568 0.005458 0.00551409 0.00553291 0.00551409 0.005458 0.00536568 0.00523887 0.0050799 0.00489169 0.00467764 0.00444152 0.0041874 0.00391954 0.00364224 0.00335977 0.00307626 0.00279557 0.00252123 0.00225638 0.00200368 0.00176532 0.00154296 0.00133777 0.00115045 0.000981234 0.000829955 0.000696104 0.000578886 0.000477277 0.000390092 0.000316043 0.000253786 0.000201973 0.00015929 0.000124484 9.63902e-05 7.39458e-05 5.6198e-05 4.23079e-05 3.15491e-05 2.33018e-05 1.70453e-05 1.23487e-05 8.86041e-06 6.29743e-06 4.43541e-06 3.09904e-06 2.15352e-06 1.49711e-06 1.0549e-06 7.73744e-07 6.18393e-07 
8.23862e-07 8.95064e-07 1.1179e-06 1.52077e-06 2.15352e-06 3.09117e-06 4.43926e-06 6.34077e-06 8.98466e-06 1.2616e-05 1.75474e-05 2.4172e-05 3.29769e-05 4.45568e-05 5.96279e-05 7.90395e-05 0.000103784 0.000135002 0.000173983 0.000222163 0.000281105 0.000352482 0.000438041 0.000539562 0.000658808 0.000797455 0.00095703 0.00113883 0.00134383 0.00157264 0.00182538 0.00210163 0.00240039 0.00272003 0.00305824 0.00341206 0.00377791 0.00415162 0.00452849 0.00490342 0.00527099 0.00562561 0.00596164 0.00627356 0.00655606 0.00680426 0.00701375 0.00718079 0.00730234 0.00737618 0.00740094 0.00737618 0.00730234 0.00718079 0.00701375 0.00680426 0.00655606 0.00627356 0.00596164 0.00562561 0.00527099 0.00490342 0.00452849 0.00415162 0.00377791 0.00341206 0.00305824 0.00272003 0.00240039 0.00210163 0.00182538 0.00157264 0.00134383 0.00113883 0.00095703 0.000797455 0.000658808 0.000539562 0.000438041 0.000352482 0.000281105 0.000222163 0.000173983 0.000135002 0.000103784 7.90395e-05 5.96279e-05 4.45568e-05 3.29769e-05 2.4172e-05 1.75474e-05 1.2616e-05 8.98466e-06 6.34077e-06 4.43926e-06 3.09117e-06 2.15352e-06 1.52077e-06 1.1179e-06 8.95064e-07 
1.19356e-06 1.2958e-06 1.61557e-06 2.19314e-06 3.09904e-06 4.43926e-06 6.36263e-06 9.07029e-06 1.28274e-05 1.79768e-05 2.4955e-05 3.43086e-05 4.67131e-05 6.29906e-05 8.41277e-05 0.00011129 0.000145835 0.000189316 0.000243484 0.000310276 0.000391796 0.000490281 0.000608057 0.00074748 0.000910861 0.00110039 0.00131802 0.0015654 0.00184373 0.00215371 0.00249536 0.00286803 0.00327024 0.00369971 0.00415327 0.00462691 0.0051158 0.00561436 0.00611635 0.00661503 0.00710325 0.00757368 0.00801895 0.00843183 0.00880544 0.00913342 0.00941007 0.00963054 0.00979091 0.0098883 0.00992096 0.0098883 0.00979091 0.00963054 0.00941007 0.00913342 0.00880544 0.00843183 0.00801895 0.00757368 0.00710325 0.00661503 0.00611635 0.00561436 0.0051158 0.00462691 0.00415327 0.00369971 0.00327024 0.00286803 0.00249536 0.00215371 0.00184373 0.0015654 0.00131802 0.00110039 0.000910861 0.00074748 0.000608057 0.000490281 0.000391796 0.000310276 0.000243484 0.000189316 0.000145835 0.00011129 8.41277e-05 6.29906e-05 4.67131e-05 3.43086e-05 2.4955e-05 1.79768e-05 1.28274e-05 9.07029e-06 6.36263e-06 4.43926e-06 3.09904e-06 2.19314e-06 1.61557e-06 1.2958e-06 
1.71952e-06 1.86551e-06 2.32191e-06 3.14544e-06 4.43541e-06 6.34077e-06 9.07029e-06 1.29054e-05 1.82164e-05 2.54805e-05 3.53035e-05 4.84422e-05 6.58284e-05 8.85928e-05 0.000118087 0.000155904 0.00020389 0.00026415 0.000339048 0.000431187 0.000543382 0.000678609 0.000839948 0.0010305 0.00125327 0.00151109 0.00180648 0.00214149 0.00251758 0.0029355 0.00339515 0.00389548 0.00443438 0.00500866 0.005614 0.00624498 0.00689514 0.00755706 0.0082225 0.00888256 0.0095279 0.0101489 0.0107361 0.0112799 0.0117716 0.0122029 0.0125665 0.012856 0.0130666 0.0131944 0.0132372 0.0131944 0.0130666 0.012856 0.0125665 0.0122029 0.0117716 0.0112799 0.0107361 0.0101489 0.0095279 0.00888256 0.0082225 0.00755706 0.00689514 0.00624498 0.005614 0.00500866 0.00443438 0.00389548 0.00339515 0.0029355 0.00251758 0.00214149 0.00180648 0.00151109 0.00125327 0.0010305 0.000839948 0.000678609 0.000543382 0.000431187 0.000339048 0.00026415 0.00020389 0.000155904 0.000118087 8.85928e-05 6.58284e-05 4.84422e-05 3.53035e-05 2.54805e-05 1.82164e-05 1.29054e-05 9.07029e-06 6.34077e-06 4.43541e-06 3.14544e-06 2.32191e-06 1.86551e-06 
2.45738e-06 2.66418e-06 3.31036e-06 4.47523e-06 6.29743e-06 8.98466e-06 1.28274e-05 1.82164e-05 2.56642e-05 3.58302e-05 4.95484e-05 6.78578e-05 9.20338e-05 0.000123619 0.00016445 0.000216686 0.000282815 0.000365671 0.000468416 0.000594519 0.000747712 0.000931923 0.00115119 0.00140955 0.00171089 0.00205885 0.00245658 0.00290663 0.00341074 0.00396969 0.00458312 0.00524942 0.0059656 0.00672728 0.00752861 0.00836234 0.00921987 0.0100914 0.0109662 0.0118327 0.0126786 0.0134916 0.0142593 0.0149697 0.0156114 0.0161737 0.0166474 0.0170245 0.0172986 0.017465 0.0175207 0.017465 0.0172986 0.0170245 0.0166474 0.0161737 0.0156114 0.0149697 0.0142593 0.0134916 0.0126786 0.0118327 0.0109662 0.0100914 0.00921987 0.00836234 0.00752861 0.00672728 0.0059656 0.00524942 0.00458312 0.00396969 0.00341074 0.00290663 0.00245658 0.00205885 0.00171089 0.00140955 0.00115119 0.000931923 0.000747712 0.000594519 0.000468416 0.000365671 0.000282815 0.000216686 0.00016445 0.000123619 9.20338e-05 6.78578e-05 4.95484e-05 3.58302e-05 2.56642e-05 1.82164e-05 1.28274e-05 8.98466e-06 6.29743e-06 4.47523e-06 3.31036e-06 2.66418e-06 
3.48015e-06 3.77042e-06 4.677e-06 6.30972e-06 8.86041e-06 1.2616e-05 1.79768e-05 2.54805e-05 3.58302e-05 4.9928e-05 6.89118e-05 9.41947e-05 0.000127506 0.000170929 0.000226939 0.00029843 0.00038873 0.000501608 0.000641256 0.00081225 0.00101949 0.0012681 0.00156332 0.00191035 0.00231417 0.00277935 0.00330984 0.00390872 0.00457801 0.00531844 0.00612924 0.00700802 0.00795061 0.00895102 0.0100014 0.0110922 0.0122121 0.0133484 0.014487 0.015613 0.0167107 0.0177643 0.018758 0.0196766 0.0205054 0.0212312 0.0218421 0.0223282 0.0226814 0.0228956 0.0229675 0.0228956 0.0226814 0.0223282 0.0218421 0.0212312 0.0205054 0.0196766 0.018758 0.0177643 0.0167107 0.015613 0.014487 0.0133484 0.0122121 0.0110922 0.0100014 0.00895102 0.00795061 0.00700802 0.00612924 0.00531844 0.00457801 0.00390872 0.00330984 0.00277935 0.00231417 0.00191035 0.00156332 0.0012681 0.00101949 0.00081225 0.000641256 0.000501608 0.00038873 0.00029843 0.000226939 0.000170929 0.000127506 9.41947e-05 6.89118e-05 4.9928e-05 3.58302e-05 2.54805e-05 1.79768e-05 1.2616e-05 8.86041e-06 6.30972e-06 4.677e-06 3.77042e-06 
4.8821e-06 5.28569e-06 6.54551e-06 8.81225e-06 1.23487e-05 1.75474e-05 2.4955e-05 3.53035e-05 4.95484e-05 6.89118e-05 9.49306e-05 0.000129508 0.000174965 0.000234088 0.000310177 0.000407074 0.000529182 0.000681463 0.000869416 0.00109901 0.00137661 0.00170882 0.00210237 0.00256387 0.00309961 0.00371527 0.00441569 0.00520454 0.00608408 0.00705487 0.00811552 0.00926254 0.0104902 0.0117904 0.0131529 0.0145649 0.0160119 0.0174774 0.0189434 0.0203909 0.0217999 0.0231505 0.0244227 0.0255972 0.026656 0.0275825 0.0283617 0.0289813 0.0294313 0.0297042 0.0297957 0.0297042 0.0294313 0.0289813 0.0283617 0.0275825 0.026656 0.0255972 0.0244227 0.0231505 0.0217999 0.0203909 0.0189434 0.0174774 0.0160119 0.0145649 0.0131529 0.0117904 0.0104902 0.00926254 0.00811552 0.00705487 0.00608408 0.00520454 0.00441569 0.00371527 0.00309961 0.00256387 0.00210237 0.00170882 0.00137661 0.00109901 0.000869416 0.000681463 0.000529182 0.000407074 0.000310177 0.000234088 0.000174965 0.000129508 9.49306e-05 6.89118e-05 4.95484e-05 3.53035e-05 2.4955e-05 1.75474e-05 1.23487e-05 8.81225e-06 6.54551e-06 5.28569e-06 
6.78331e-06 7.33903e-06 9.07284e-06 1.21894e-05 1.70453e-05 2.4172e-05 3.43086e-05 4.84422e-05 6.78578e-05 9.41947e-05 0.000129508 0.000176335 0.000237757 0.000317468 0.000419815 0.000549849 0.000713332 0.00091673 0.00116717 0.00147236 0.00184046 0.00227991 0.00279922 0.00340669 0.00411015 0.00491658 0.00583179 0.00686007 0.00800381 0.00926321 0.010636 0.0121172 0.013699 0.0153706 0.0171186 0.0189265 0.0207756 0.0226449 0.0245115 0.0263514 0.0281397 0.0298514 0.0314616 0.0329466 0.0342837 0.0354526 0.0364351 0.0372159 0.0377825 0.0381261 0.0382413 0.0381261 0.0377825 0.0372159 0.0364351 0.0354526 0.0342837 0.0329466 0.0314616 0.0298514 0.0281397 0.0263514 0.0245115 0.0226449 0.0207756 0.0189265 0.0171186 0.0153706 0.013699 0.0121172 0.010636 0.00926321 0.00800381 0.00686007 0.00583179 0.00491658 0.00411015 0.00340669 0.00279922 0.00227991 0.00184046 0.00147236 0.00116717 0.00091673 0.000713332 0.000549849 0.000419815 0.000317468 0.000237757 0.000176335 0.000129508 9.41947e-05 6.78578e-05 4.84422e-05 3.43086e-05 2.4172e-05 1.70453e-05 1.21894e-05 9.07284e-06 7.33903e-06 
9.33452e-06 1.00923e-05 1.24553e-05 1.66989e-05 2.33018e-05 3.29769e-05 4.67131e-05 6.58284e-05 9.20338e-05 0.000127506 0.000174965 0.000237757 0.000319938 0.000426343 0.000562649 0.000735421 0.000952118 0.00122107 0.00155143 0.00195302 0.00243619 0.00301158 0.00368983 0.00448124 0.0053954 0.00644075 0.00762414 0.00895043 0.010422 0.0120385 0.0137963 0.0156884 0.0177044 0.0198301 0.022048 0.0243372 0.0266738 0.0290314 0.0313813 0.0336936 0.0359374 0.0380819 0.0400965 0.0419521 0.0436212 0.0450789 0.0463031 0.0472754 0.0479807 0.0484082 0.0485515 0.0484082 0.0479807 0.0472754 0.0463031 0.0450789 0.0436212 0.0419521 0.0400965 0.0380819 0.0359374 0.0336936 0.0313813 0.0290314 0.0266738 0.0243372 0.022048 0.0198301 0.0177044 0.0156884 0.0137963 0.0120385 0.010422 0.00895043 0.00762414 0.00644075 0.0053954 0.00448124 0.00368983 0.00301158 0.00243619 0.00195302 0.00155143 0.00122107 0.000952118 0.000735421 0.000562649 0.000426343 0.000319938 0.000237757 0.000174965 0.000127506 9.20338e-05 6.58284e-05 4.67131e-05 3.29769e-05 2.33018e-05 1.66989e-05 1.24553e-05 1.00923e-05 
1.27224e-05 1.37457e-05 1.69352e-05 2.26574e-05 3.15491e-05 4.45568e-05 6.29906e-05 8.85928e-05 0.000123619 0.000170929 0.000234088 0.000317468 0.000426343 0.000566984 0.000746725 0.000974009 0.00125839 0.00161049 0.0020419 0.00256502 0.00319283 0.00393856 0.00481537 0.00583585 0.00701157 0.00835257 0.00986677 0.0115595 0.0134329 0.0154856 0.0177122 0.0201032 0.0226446 0.0253183 0.0281015 0.030968 0.0338877 0.0368276 0.0397524 0.0426253 0.0454085 0.0480642 0.0505556 0.0528474 0.0549065 0.056703 0.0582106 0.059407 0.0602744 0.0608001 0.0609763 0.0608001 0.0602744 0.059407 0.0582106 0.056703 0.0549065 0.0528474 0.0505556 0.0480642 0.0454085 0.0426253 0.0397524 0.0368276 0.0338877 0.030968 0.0281015 0.0253183 0.0226446 0.0201032 0.0177122 0.0154856 0.0134329 0.0115595 0.00986677 0.00835257 0.00701157 0.00583585 0.00481537 0.00393856 0.00319283 0.00256502 0.0020419 0.00161049 0.00125839 0.000974009 0.000746725 0.000566984 0.000426343 0.000317468 0.000234088 0.000170929 0.000123619 8.85928e-05 6.29906e-05 4.45568e-05 3.15491e-05 2.26574e-05 1.69352e-05 1.37457e-05 
1.71747e-05 1.85434e-05 2.28072e-05 3.04491e-05 4.23079e-05 5.96279e-05 8.41277e-05 0.000118087 0.00016445 0.000226939 0.000310177 0.000419815 0.000562649 0.000746725 0.000981417 0.00127747 0.00164699 0.00210336 0.00266113 0.00333575 0.00414331 0.00510007 0.00622207 0.00752449 0.00902111 0.0107236 0.012641 0.0147788 0.0171387 0.0197177 0.0225082 0.0254971 0.0286663 0.0319923 0.0354466 0.0389962 0.0426038 0.0462288 0.0498281 0.0533569 0.0567694 0.0600205 0.0630658 0.0658633 0.0683738 0.0705619 0.0723964 0.0738513 0.0749056 0.0755443 0.0757583 0.0755443 0.0749056 0.0738513 0.0723964 0.0705619 0.0683738 0.0658633 0.0630658 0.0600205 0.0567694 0.0533569 0.0498281 0.0462288 0.0426038 0.0389962 0.0354466 0.0319923 0.0286663 0.0254971 0.0225082 0.0197177 0.0171387 0.0147788 0.012641 0.0107236 0.00902111 0.00752449 0.00622207 0.00510007 0.00414331 0.00333575 0.00266113 0.00210336 0.00164699 0.00127747 0.000981417 0.000746725 0.000562649 0.000419815 0.000310177 0.000226939 0.00016445 0.000118087 8.41277e-05 5.96279e-05 4.23079e-05 3.04491e-05 2.28072e-05 1.85434e-05 
2.29657e-05 2.47789e-05 3.04243e-05 4.05328e-05 5.6198e-05 7.90395e-05 0.00011129 0.000155904 0.000216686 0.00029843 0.000407074 0.000549849 0.000735421 0.000974009 0.00127747 0.00165933 0.00213477 0.00272048 0.0034345 0.00429589 0.0053243 0.00653953 0.00796083 0.00960629 0.011492 0.0136314 0.0160343 0.0187062 0.0216478 0.0248541 0.0283141 0.0320106 0.0359201 0.0400129 0.0442533 0.0486003 0.0530084 0.0574282 0.0618076 0.0660928 0.0702293 0.0741633 0.0778426 0.0812178 0.0842429 0.0868766 0.0890828 0.0908311 0.0920973 0.0928641 0.0931209 0.0928641 0.0920973 0.0908311 0.0890828 0.0868766 0.0842429 0.0812178 0.0778426 0.0741633 0.0702293 0.0660928 0.0618076 0.0574282 0.0530084 0.0486003 0.0442533 0.0400129 0.0359201 0.0320106 0.0283141 0.0248541 0.0216478 0.0187062 0.0160343 0.0136314 0.011492 0.00960629 0.00796083 0.00653953 0.0053243 0.00429589 0.0034345 0.00272048 0.00213477 0.00165933 0.00127747 0.000974009 0.000735421 0.000549849 0.000407074 0.00029843 0.000216686 0.000155904 0.00011129 7.90395e-05 5.6198e-05 4.05328e-05 3.04243e-05 2.47789e-05 
3.04206e-05 3.27998e-05 4.0204e-05 5.34486e-05 7.39458e-05 0.000103784 0.000145835 0.00020389 0.000282815 0.00038873 0.000529182 0.000713332 0.000952118 0.00125839 0.00164699 0.00213477 0.00274056 0.00348495 0.00439005 0.00547909 0.00677586 0.00830407 0.0100866 0.0121446 0.0144967 0.0171578 0.0201384 0.0234436 0.0270724 0.0310169 0.035262 0.0397852 0.0445565 0.0495386 0.0546874 0.0599529 0.0652798 0.0706088 0.0758777 0.0810227 0.0859797 0.0906856 0.0950798 0.0991047 0.102707 0.105841 0.108462 0.110539 0.112041 0.112951 0.113256 0.112951 0.112041 0.110539 0.108462 0.105841 0.102707 0.0991047 0.0950798 0.0906856 0.0859797 0.0810227 0.0758777 0.0706088 0.0652798 0.0599529 0.0546874 0.0495386 0.0445565 0.0397852 0.035262 0.0310169 0.0270724 0.0234436 0.0201384 0.0171578 0.0144967 0.0121446 0.0100866 0.00830407 0.00677586 0.00547909 0.00439005 0.00348495 0.00274056 0.00213477 0.00164699 0.00125839 0.000952118 0.000713332 0.000529182 0.00038873 0.000282815 0.00020389 0.000145835 0.000103784 7.39458e-05 5.34486e-05 4.0204e-05 3.27998e-05 
3.99192e-05 4.30119e-05 5.26315e-05 6.98222e-05 9.63902e-05 0.000135002 0.000189316 0.00026415 0.000365671 0.000501608 0.000681463 0.00091673 0.00122107 0.00161049 0.00210336 0.00272048 0.00348495 0.00442189 0.00555812 0.00692162 0.00854081 0.0104438 0.0126573 0.0152058 0.0181103 0.0213871 0.0250471 0.0290941 0.0335248 0.0383274 0.0434817 0.0489585 0.05472 0.0607199 0.0669046 0.0732134 0.0795802 0.0859345 0.092203 0.0983111 0.104184 0.10975 0.114937 0.119682 0.123923 0.127606 0.130686 0.133122 0.134885 0.135951 0.136308 0.135951 0.134885 0.133122 0.130686 0.127606 0.123923 0.119682 0.114937 0.10975 0.104184 0.0983111 0.092203 0.0859345 0.0795802 0.0732134 0.0669046 0.0607199 0.05472 0.0489585 0.0434817 0.0383274 0.0335248 0.0290941 0.0250471 0.0213871 0.0181103 0.0152058 0.0126573 0.0104438 0.00854081 0.00692162 0.00555812 0.00442189 0.00348495 0.00272048 0.00210336 0.00161049 0.00122107 0.00091673 0.000681463 0.000501608 0.000365671 0.00026415 0.000189316 0.000135002 9.63902e-05 6.98222e-05 5.26315e-05 4.30119e-05 
5.1898e-05 5.58808e-05 6.82624e-05 9.03673e-05 0.000124484 0.000173983 0.000243484 0.000339048 0.000468416 0.000641256 0.000869416 0.00116717 0.00155143 0.0020419 0.00266113 0.0034345 0.00439005 0.00555812 0.00697088 0.00866162 0.0106639 0.0130106 0.0157326 0.0188576 0.022409 0.0264041 0.0308533 0.0357588 0.0411139 0.0469017 0.0530955 0.0596582 0.0665426 0.0736922 0.081042 0.0885197 0.0960469 0.103541 0.110916 0.118087 0.124968 0.131475 0.13753 0.143058 0.147993 0.152274 0.155849 0.158675 0.160718 0.161953 0.162367 0.161953 0.160718 0.158675 0.155849 0.152274 0.147993 0.143058 0.13753 0.131475 0.124968 0.118087 0.110916 0.103541 0.0960469 0.0885197 0.081042 0.0736922 0.0665426 0.0596582 0.0530955 0.0469017 0.0411139 0.0357588 0.0308533 0.0264041 0.022409 0.0188576 0.0157326 0.0130106 0.0106639 0.00866162 0.00697088 0.00555812 0.00439005 0.0034345 0.00266113 0.0020419 0.00155143 0.00116717 0.000869416 0.000641256 0.000468416 0.000339048 0.000243484 0.000173983 0.000124484 9.03673e-05 6.82624e-05 5.58808e-05 
6.68506e-05 7.19322e-05 8.7722e-05 0.000115884 0.00015929 0.000222163 0.000310276 0.000431187 0.000594519 0.00081225 0.00109901 0.00147236 0.00195302 0.00256502 0.00333575 0.00429589 0.00547909 0.00692162 0.00866162 0.0107383 0.0131908 0.016057 0.0193721 0.0231671 0.0274672 0.0322903 0.0376458 0.0435331 0.0499407 0.0568457 0.0642131 0.0719964 0.0801376 0.0885684 0.097211 0.10598 0.114784 0.123526 0.132109 0.140435 0.148406 0.15593 0.162917 0.169285 0.174961 0.179879 0.183981 0.18722 0.189561 0.190975 0.191449 0.190975 0.189561 0.18722 0.183981 0.179879 0.174961 0.169285 0.162917 0.15593 0.148406 0.140435 0.132109 0.123526 0.114784 0.10598 0.097211 0.0885684 0.0801376 0.0719964 0.0642131 0.0568457 0.0499407 0.0435331 0.0376458 0.0322903 0.0274672 0.0231671 0.0193721 0.016057 0.0131908 0.0107383 0.00866162 0.00692162 0.00547909 0.00429589 0.00333575 0.00256502 0.00195302 0.00147236 0.00109901 0.00081225 0.000594519 0.000431187 0.000310276 0.000222163 0.00015929 0.000115884 8.7722e-05 7.19322e-05 
8.5325e-05 9.17495e-05 0.000111702 0.000147253 0.000201973 0.000281105 0.000391796 0.000543382 0.000747712 0.00101949 0.00137661 0.00184046 0.00243619 0.00319283 0.00414331 0.0053243 0.00677586 0.00854081 0.0106639 0.0131908 0.0161666 0.0196343 0.0236336 0.0281983 0.0333551 0.0391219 0.0455059 0.0525024 0.060094 0.0682499 0.0769257 0.0860635 0.0955929 0.105432 0.115489 0.125665 0.135852 0.145942 0.155823 0.165384 0.174517 0.183118 0.191091 0.198345 0.204799 0.210383 0.215036 0.218706 0.221357 0.222958 0.223493 0.222958 0.221357 0.218706 0.215036 0.210383 0.204799 0.198345 0.191091 0.183118 0.174517 0.165384 0.155823 0.145942 0.135852 0.125665 0.115489 0.105432 0.0955929 0.0860635 0.0769257 0.0682499 0.060094 0.0525024 0.0455059 0.0391219 0.0333551 0.0281983 0.0236336 0.0196343 0.0161666 0.0131908 0.0106639 0.00854081 0.00677586 0.0053243 0.00414331 0.00319283 0.00243619 0.00184046 0.00137661 0.00101949 0.000747712 0.000543382 0.000391796 0.000281105 0.000201973 0.000147253 0.000111702 9.17495e-05 
0.000107918 0.000115967 0.000140951 0.000185424 0.000253786 0.000352482 0.000490281 0.000678609 0.000931923 0.0012681 0.00170882 0.00227991 0.00301158 0.00393856 0.00510007 0.00653953 0.00830407 0.0104438 0.0130106 0.016057 0.0196343 0.0237911 0.0285707 0.0340098 0.0401359 0.0469656 0.0545029 0.0627377 0.0716451 0.0811846 0.0913004 0.101922 0.112964 0.124331 0.135914 0.147599 0.159265 0.170787 0.18204 0.192901 0.203251 0.212977 0.221973 0.230143 0.2374 0.243669 0.248886 0.252998 0.255964 0.257755 0.258354 0.257755 0.255964 0.252998 0.248886 0.243669 0.2374 0.230143 0.221973 0.212977 0.203251 0.192901 0.18204 0.170787 0.159265 0.147599 0.135914 0.124331 0.112964 0.101922 0.0913004 0.0811846 0.0716451 0.0627377 0.0545029 0.0469656 0.0401359 0.0340098 0.0285707 0.0237911 0.0196343 0.016057 0.0130106 0.0104438 0.00830407 0.00653953 0.00510007 0.00393856 0.00301158 0.00227991 0.00170882 0.0012681 0.000931923 0.000678609 0.000490281 0.000352482 0.000253786 0.000185424 0.000140951 0.000115967 
0.000135268 0.000145261 0.000176265 0.000231403 0.000316043 0.000438041 0.000608057 0.000839948 0.00115119 0.00156332 0.00210237 0.00279922 0.00368983 0.00481537 0.00622207 0.00796083 0.0100866 0.0126573 0.0157326 0.0193721 0.0236336 0.0285707 0.0342307 0.0406521 0.0478623 0.0558755 0.064691 0.0742918 0.0846435 0.0956943 0.107375 0.1196 0.13227 0.14527 0.158477 0.171759 0.18498 0.198 0.210682 0.222889 0.234492 0.24537 0.255409 0.264508 0.272577 0.279536 0.285319 0.289873 0.293155 0.295136 0.295799 0.295136 0.293155 0.289873 0.285319 0.279536 0.272577 0.264508 0.255409 0.24537 0.234492 0.222889 0.210682 0.198 0.18498 0.171759 0.158477 0.14527 0.13227 0.1196 0.107375 0.0956943 0.0846435 0.0742918 0.064691 0.0558755 0.0478623 0.0406521 0.0342307 0.0285707 0.0236336 0.0193721 0.0157326 0.0126573 0.0100866 0.00796083 0.00622207 0.00481537 0.00368983 0.00279922 0.00210237 0.00156332 0.00115119 0.000839948 0.000608057 0.000438041 0.000316043 0.000231403 0.000176265 0.000145261 
0.000168038 0.000180336 0.00021847 0.000286224 0.000390092 0.000539562 0.00074748 0.0010305 0.00140955 0.00191035 0.00256387 0.00340669 0.00448124 0.00583585 0.00752449 0.00960629 0.0121446 0.0152058 0.0188576 0.0231671 0.0281983 0.0340098 0.0406521 0.0481647 0.0565737 0.0658897 0.0761056 0.0871953 0.0991133 0.111794 0.125154 0.139091 0.153486 0.168209 0.183119 0.198066 0.212897 0.22746 0.241602 0.255178 0.268048 0.280084 0.291167 0.301191 0.310063 0.317702 0.324042 0.329028 0.332618 0.334785 0.335509 0.334785 0.332618 0.329028 0.324042 0.317702 0.310063 0.301191 0.291167 0.280084 0.268048 0.255178 0.241602 0.22746 0.212897 0.198066 0.183119 0.168209 0.153486 0.139091 0.125154 0.111794 0.0991133 0.0871953 0.0761056 0.0658897 0.0565737 0.0481647 0.0406521 0.0340098 0.0281983 0.0231671 0.0188576 0.0152058 0.0121446 0.00960629 0.00752449 0.00583585 0.00448124 0.00340669 0.00256387 0.00191035 0.00140955 0.0010305 0.00074748 0.000539562 0.000390092 0.000286224 0.00021847 0.000180336 
0.000206902 0.000221903 0.000268397 0.000350925 0.000477277 0.000658808 0.000910861 0.00125327 0.00171089 0.00231417 0.00309961 0.00411015 0.0053954 0.00701157 0.00902111 0.011492 0.0144967 0.0181103 0.022409 0.0274672 0.0333551 0.0401359 0.0478623 0.0565737 0.0662938 0.0770275 0.0887595 0.101453 0.115049 0.129467 0.144605 0.160343 0.176545 0.193059 0.209728 0.226383 0.242856 0.258981 0.274592 0.289535 0.303662 0.316838 0.328943 0.339866 0.349515 0.357809 0.364681 0.37008 0.373965 0.376307 0.377089 0.376307 0.373965 0.37008 0.364681 0.357809 0.349515 0.339866 0.328943 0.316838 0.303662 0.289535 0.274592 0.258981 0.242856 0.226383 0.209728 0.193059 0.176545 0.160343 0.144605 0.129467 0.115049 0.101453 0.0887595 0.0770275 0.0662938 0.0565737 0.0478623 0.0401359 0.0333551 0.0274672 0.022409 0.0181103 0.0144967 0.011492 0.00902111 0.00701157 0.0053954 0.00411015 0.00309961 0.00231417 0.00171089 0.00125327 0.000910861 0.000658808 0.000477277 0.000350925 0.000268397 0.000221903 
0.000252523 0.000270662 0.000326856 0.000426511 0.000578886 0.000797455 0.00110039 0.00151109 0.00205885 0.00277935 0.00371527 0.00491658 0.00644075 0.00835257 0.0107236 0.0136314 0.0171578 0.0213871 0.0264041 0.0322903 0.0391219 0.0469656 0.0558755 0.0658897 0.0770275 0.0892866 0.102641 0.117042 0.132414 0.148659 0.165657 0.183267 0.201332 0.219683 0.238141 0.256521 0.274641 0.292318 0.30938 0.325661 0.341009 0.355285 0.368366 0.380143 0.390525 0.399432 0.406801 0.412583 0.416739 0.419243 0.420079 0.419243 0.416739 0.412583 0.406801 0.399432 0.390525 0.380143 0.368366 0.355285 0.341009 0.325661 0.30938 0.292318 0.274641 0.256521 0.238141 0.219683 0.201332 0.183267 0.165657 0.148659 0.132414 0.117042 0.102641 0.0892866 0.0770275 0.0658897 0.0558755 0.0469656 0.0391219 0.0322903 0.0264041 0.0213871 0.0171578 0.0136314 0.0107236 0.00835257 0.00644075 0.00491658 0.00371527 0.00277935 0.00205885 0.00151109 0.00110039 0.000797455 0.000578886 0.000426511 0.000326856 0.000270662 
0.000305525 0.000327272 0.000394609 0.000513915 0.000696104 0.00095703 0.00131802 0.00180648 0.00245658 0.00330984 0.00441569 0.00583179 0.00762414 0.00986677 0.012641 0.0160343 0.0201384 0.0250471 0.0308533 0.0376458 0.0455059 0.0545029 0.064691 0.0761056 0.0887595 0.102641 0.117713 0.13391 0.151139 0.169282 0.188199 0.207728 0.22769 0.247895 0.268145 0.28824 0.307981 0.327176 0.34564 0.363204 0.379711 0.395022 0.409013 0.421579 0.432631 0.442095 0.449912 0.456037 0.460435 0.463083 0.463967 0.463083 0.460435 0.456037 0.449912 0.442095 0.432631 0.421579 0.409013 0.395022 0.379711 0.363204 0.34564 0.327176 0.307981 0.28824 0.268145 0.247895 0.22769 0.207728 0.188199 0.169282 0.151139 0.13391 0.117713 0.102641 0.0887595 0.0761056 0.064691 0.0545029 0.0455059 0.0376458 0.0308533 0.0250471 0.0201384 0.0160343 0.012641 0.00986677 0.00762414 0.00583179 0.00441569 0.00330984 0.00245658 0.00180648 0.00131802 0.00095703 0.000696104 0.000513915 0.000394609 0.000327272 
0.00036647 0.000392321 0.000472327 0.000613953 0.000829955 0.00113883 0.0015654 0.00214149 0.00290663 0.00390872 0.00520454 0.00686007 0.00895043 0.0115595 0.0147788 0.0187062 0.0234436 0.0290941 0.0357588 0.0435331 0.0525024 0.0627377 0.0742918 0.0871953 0.101453 0.117042 0.13391 0.151973 0.17112 0.191212 0.212084 0.233552 0.255416 0.277466 0.299484 0.321254 0.342563 0.36321 0.383003 0.401768 0.419349 0.435605 0.45042 0.463691 0.475335 0.485286 0.493491 0.49991 0.504515 0.507285 0.508209 0.507285 0.504515 0.49991 0.493491 0.485286 0.475335 0.463691 0.45042 0.435605 0.419349 0.401768 0.383003 0.36321 0.342563 0.321254 0.299484 0.277466 0.255416 0.233552 0.212084 0.191212 0.17112 0.151973 0.13391 0.117042 0.101453 0.0871953 0.0742918 0.0627377 0.0525024 0.0435331 0.0357588 0.0290941 0.0234436 0.0187062 0.0147788 0.0115595 0.00895043 0.00686007 0.00520454 0.00390872 0.00290663 0.00214149 0.0015654 0.00113883 0.000829955 0.000613953 0.000472327 0.000392321 
0.000435821 0.000466292 0.000560556 0.000727276 0.000981234 0.00134383 0.00184373 0.00251758 0.00341074 0.00457801 0.00608408 0.00800381 0.010422 0.0134329 0.0171387 0.0216478 0.0270724 0.0335248 0.0411139 0.0499407 0.060094 0.0716451 0.0846435 0.0991133 0.115049 0.132414 0.151139 0.17112 0.192225 0.21429 0.237128 0.26053 0.284275 0.308131 0.331863 0.355239 0.378036 0.400043 0.421065 0.440927 0.459472 0.476567 0.492099 0.505975 0.51812 0.528476 0.536999 0.543657 0.548427 0.551294 0.552251 0.551294 0.548427 0.543657 0.536999 0.528476 0.51812 0.505975 0.492099 0.476567 0.459472 0.440927 0.421065 0.400043 0.378036 0.355239 0.331863 0.308131 0.284275 0.26053 0.237128 0.21429 0.192225 0.17112 0.151139 0.132414 0.115049 0.0991133 0.0846435 0.0716451 0.060094 0.0499407 0.0411139 0.0335248 0.0270724 0.0216478 0.0171387 0.0134329 0.010422 0.00800381 0.00608408 0.00457801 0.00341074 0.00251758 0.00184373 0.00134383 0.000981234 0.000727276 0.000560556 0.000466292 
0.000513914 0.000549534 0.000659679 0.00085432 0.00115045 0.00157264 0.00215371 0.0029355 0.00396969 0.00531844 0.00705487 0.00926321 0.0120385 0.0154856 0.0197177 0.0248541 0.0310169 0.0383274 0.0469017 0.0568457 0.0682499 0.0811846 0.0956943 0.111794 0.129467 0.148659 0.169282 0.191212 0.21429 0.238329 0.263117 0.288422 0.313998 0.339594 0.364959 0.389847 0.414026 0.437277 0.459406 0.480237 0.49962 0.517428 0.533557 0.547925 0.560468 0.571139 0.579903 0.586738 0.591629 0.594567 0.595547 0.594567 0.591629 0.586738 0.579903 0.571139 0.560468 0.547925 0.533557 0.517428 0.49962 0.480237 0.459406 0.437277 0.414026 0.389847 0.364959 0.339594 0.313998 0.288422 0.263117 0.238329 0.21429 0.191212 0.169282 0.148659 0.129467 0.111794 0.0956943 0.0811846 0.0682499 0.0568457 0.0469017 0.0383274 0.0310169 0.0248541 0.0197177 0.0154856 0.0120385 0.00926321 0.00705487 0.00531844 0.00396969 0.0029355 0.00215371 0.00157264 0.00115045 0.00085432 0.000659679 0.000549534 
0.000600921 0.000642221 0.000769873 0.000995261 0.00133777 0.00182538 0.00249536 0.00339515 0.00458312 0.00612924 0.00811552 0.010636 0.0137963 0.0177122 0.0225082 0.0283141 0.035262 0.0434817 0.0530955 0.0642131 0.0769257 0.0913004 0.107375 0.125154 0.144605 0.165657 0.188199 0.212084 0.237128 0.263117 0.289814 0.316963 0.344295 0.371541 0.398432 0.424714 0.450144 0.474504 0.497598 0.519255 0.539334 0.557717 0.574313 0.589051 0.601882 0.61277 0.621695 0.628643 0.633608 0.636588 0.637581 0.636588 0.633608 0.628643 0.621695 0.61277 0.601882 0.589051 0.574313 0.557717 0.539334 0.519255 0.497598 0.474504 0.450144 0.424714 0.398432 0.371541 0.344295 0.316963 0.289814 0.263117 0.237128 0.212084 0.188199 0.165657 0.144605 0.125154 0.107375 0.0913004 0.0769257 0.0642131 0.0530955 0.0434817 0.035262 0.0283141 0.0225082 0.0177122 0.0137963 0.010636 0.00811552 0.00612924 0.00458312 0.00339515 0.00249536 0.00182538 0.00133777 0.000995261 0.000769873 0.000642221 
0.000696828 0.000744326 0.000891074 0.00114997 0.00154296 0.00210163 0.00286803 0.00389548 0.00524942 0.00700802 0.00926254 0.0121172 0.0156884 0.0201032 0.0254971 0.0320106 0.0397852 0.0489585 0.0596582 0.0719964 0.0860635 0.101922 0.1196 0.139091 0.160343 0.183267 0.207728 0.233552 0.26053 0.288422 0.316963 0.345872 0.374862 0.403642 0.431934 0.45947 0.486006 0.511321 0.535225 0.557554 0.578177 0.596989 0.613914 0.628896 0.6419 0.652908 0.661909 0.668904 0.673896 0.676889 0.677886 0.676889 0.673896 0.668904 0.661909 0.652908 0.6419 0.628896 0.613914 0.596989 0.578177 0.557554 0.535225 0.511321 0.486006 0.45947 0.431934 0.403642 0.374862 0.345872 0.316963 0.288422 0.26053 0.233552 0.207728 0.183267 0.160343 0.139091 0.1196 0.101922 0.0860635 0.0719964 0.0596582 0.0489585 0.0397852 0.0320106 0.0254971 0.0201032 0.0156884 0.0121172 0.00926254 0.00700802 0.00524942 0.00389548 0.00286803 0.00210163 0.00154296 0.00114997 0.000891074 0.000744326 
0.000801396 0.000855588 0.00102295 0.00131798 0.00176532 0.00240039 0.00327024 0.00443438 0.0059656 0.00795061 0.0104902 0.013699 0.0177044 0.0226446 0.0286663 0.0359201 0.0445565 0.05472 0.0665426 0.0801376 0.0955929 0.112964 0.13227 0.153486 0.176545 0.201332 0.22769 0.255416 0.284275 0.313998 0.344295 0.374862 0.405389 0.435572 0.465119 0.493757 0.521238 0.547346 0.571895 0.594734 0.615744 0.634836 0.65195 0.667049 0.680114 0.691142 0.700139 0.707117 0.712089 0.715067 0.716058 0.715067 0.712089 0.707117 0.700139 0.691142 0.680114 0.667049 0.65195 0.634836 0.615744 0.594734 0.571895 0.547346 0.521238 0.493757 0.465119 0.435572 0.405389 0.374862 0.344295 0.313998 0.284275 0.255416 0.22769 0.201332 0.176545 0.153486 0.13227 0.112964 0.0955929 0.0801376 0.0665426 0.05472 0.0445565 0.0359201 0.0286663 0.0226446 0.0177044 0.013699 0.0104902 0.00795061 0.0059656 0.00443438 0.00327024 0.00240039 0.00176532 0.00131798 0.00102295 0.000855588 
0.000914151 0.000975493 0.00116486 0.00149843 0.00200368 0.00272003 0.00369971 0.00500866 0.00672728 0.00895102 0.0117904 0.0153706 0.0198301 0.0253183 0.0319923 0.0400129 0.0495386 0.0607199 0.0736922 0.0885684 0.105432 0.124331 0.14527 0.168209 0.193059 0.219683 0.247895 0.277466 0.308131 0.339594 0.371541 0.403642 0.435572 0.467011 0.497656 0.527232 0.555491 0.582222 0.60725 0.630436 0.651677 0.670902 0.68807 0.703162 0.716178 0.727133 0.736048 0.742947 0.747855 0.750791 0.751769 0.750791 0.747855 0.742947 0.736048 0.727133 0.716178 0.703162 0.68807 0.670902 0.651677 0.630436 0.60725 0.582222 0.555491 0.527232 0.497656 0.467011 0.435572 0.403642 0.371541 0.339594 0.308131 0.277466 0.247895 0.219683 0.193059 0.168209 0.14527 0.124331 0.105432 0.0885684 0.0736922 0.0607199 0.0495386 0.0400129 0.0319923 0.0253183 0.0198301 0.0153706 0.0117904 0.00895102 0.00672728 0.00500866 0.00369971 0.00272003 0.00200368 0.00149843 0.00116486 0.000975493 
0.00103436 0.00110326 0.00131587 0.00169011 0.00225638 0.00305824 0.00415327 0.005614 0.00752861 0.0100014 0.0131529 0.0171186 0.022048 0.0281015 0.0354466 0.0442533 0.0546874 0.0669046 0.081042 0.097211 0.115489 0.135914 0.158477 0.183119 0.209728 0.238141 0.268145 0.299484 0.331863 0.364959 0.398432 0.431934 0.465119 0.497656 0.529237 0.559583 0.58845 0.615636 0.640978 0.664351 0.685673 0.70489 0.721983 0.736953 0.74982 0.760614 0.769375 0.77614 0.780944 0.783815 0.78477 0.783815 0.780944 0.77614 0.769375 0.760614 0.74982 0.736953 0.721983 0.70489 0.685673 0.664351 0.640978 0.615636 0.58845 0.559583 0.529237 0.497656 0.465119 0.431934 0.398432 0.364959 0.331863 0.299484 0.268145 0.238141 0.209728 0.183119 0.158477 0.135914 0.115489 0.097211 0.081042 0.0669046 0.0546874 0.0442533 0.0354466 0.0281015 0.022048 0.0171186 0.0131529 0.0100014 0.00752861 0.005614 0.00415327 0.00305824 0.00225638 0.00169011 0.00131587 0.00110326 
0.00116103 0.00123782 0.0014747 0.00189137 0.00252123 0.00341206 0.00462691 0.00624498 0.00836234 0.0110922 0.0145649 0.0189265 0.0243372 0.030968 0.0389962 0.0486003 0.0599529 0.0732134 0.0885197 0.10598 0.125665 0.147599 0.171759 0.198066 0.226383 0.256521 0.28824 0.321254 0.355239 0.389847 0.424714 0.45947 0.493757 0.527232 0.559583 0.590531 0.619841 0.647319 0.672817 0.696229 0.71749 0.736571 0.753472 0.768215 0.780841 0.791399 0.799942 0.806524 0.81119 0.813974 0.8149 0.813974 0.81119 0.806524 0.799942 0.791399 0.780841 0.768215 0.753472 0.736571 0.71749 0.696229 0.672817 0.647319 0.619841 0.590531 0.559583 0.527232 0.493757 0.45947 0.424714 0.389847 0.355239 0.321254 0.28824 0.256521 0.226383 0.198066 0.171759 0.147599 0.125665 0.10598 0.0885197 0.0732134 0.0599529 0.0486003 0.0389962 0.030968 0.0243372 0.0189265 0.0145649 0.0110922 0.00836234 0.00624498 0.00462691 0.00341206 0.00252123 0.00189137 0.0014747 0.00123782 
0.00129292 0.00137785 0.00163977 0.00210021 0.00279557 0.00377791 0.0051158 0.00689514 0.00921987 0.0122121 0.0160119 0.0207756 0.0266738 0.0338877 0.0426038 0.0530084 0.0652798 0.0795802 0.0960469 0.114784 0.135852 0.159265 0.18498 0.212897 0.242856 0.274641 0.307981 0.342563 0.378036 0.414026 0.450144 0.486006 0.521238 0.555491 0.58845 0.619841 0.649435 0.677052 0.702561 0.725875 0.746951 0.76578 0.782386 0.796813 0.80912 0.819376 0.82765 0.834008 0.838506 0.841187 0.842078 0.841187 0.838506 0.834008 0.82765 0.819376 0.80912 0.796813 0.782386 0.76578 0.746951 0.725875 0.702561 0.677052 0.649435 0.619841 0.58845 0.555491 0.521238 0.486006 0.450144 0.414026 0.378036 0.342563 0.307981 0.274641 0.242856 0.212897 0.18498 0.159265 0.135852 0.114784 0.0960469 0.0795802 0.0652798 0.0530084 0.0426038 0.0338877 0.0266738 0.0207756 0.0160119 0.0122121 0.00921987 0.00689514 0.0051158 0.00377791 0.00279557 0.00210021 0.00163977 0.00137785 
0.00142851 0.00152175 0.00180921 0.00231423 0.00307626 0.00415162 0.00561436 0.00755706 0.0100914 0.0133484 0.0174774 0.0226449 0.0290314 0.0368276 0.0462288 0.0574282 0.0706088 0.0859345 0.103541 0.123526 0.145942 0.170787 0.198 0.22746 0.258981 0.292318 0.327176 0.36321 0.400043 0.437277 0.474504 0.511321 0.547346 0.582222 0.615636 0.647319 0.677052 0.704671 0.730062 0.753159 0.773941 0.792422 0.808647 0.822683 0.834609 0.844511 0.852474 0.858576 0.862884 0.865448 0.8663 0.865448 0.862884 0.858576 0.852474 0.844511 0.834609 0.822683 0.808647 0.792422 0.773941 0.753159 0.730062 0.704671 0.677052 0.647319 0.615636 0.582222 0.547346 0.511321 0.474504 0.437277 0.400043 0.36321 0.327176 0.292318 0.258981 0.22746 0.198 0.170787 0.145942 0.123526 0.103541 0.0859345 0.0706088 0.0574282 0.0462288 0.0368276 0.0290314 0.0226449 0.0174774 0.0133484 0.0100914 0.00755706 0.00561436 0.00415162 0.00307626 0.00231423 0.00180921 0.00152175 
