1.67015e-08 1.87787e-08 2.54221e-08 3.79257e-08 5.86463e-08 9.13193e-08 1.41532e-07 2.17381e-07 3.30355e-07 4.96472e-07 7.37722e-07 1.08384e-06 1.57444e-06 2.26151e-06 3.21225e-06 4.51222e-06 6.26863e-06 8.61371e-06 1.17078e-05 1.57423e-05 2.09411e-05 2.75618e-05 3.58945e-05 4.62593e-05 5.90005e-05 7.44795e-05 9.30632e-05 0.000115111 0.000140958 0.000170898 0.000205159 0.000243889 0.000287131 0.000334806 0.000386696 0.000442437 0.00050151 0.000563243 0.000626822 0.000691299 0.000755625 0.000818665 0.000879243 0.000936168 0.000988279 0.00103448 0.00107376 0.00110527 0.0011283 0.00114234 0.00114705 0.00114234 0.0011283 0.00110527 0.00107376 0.00103448 0.000988279 0.000936168 0.000879243 0.000818665 0.000755625 0.000691299 0.000626822 0.000563243 0.00050151 0.000442437 0.000386696 0.000334806 0.000287131 0.000243889 0.000205159 0.000170898 0.000140958 0.000115111 9.30632e-05 7.44795e-05 5.90005e-05 4.62593e-05 3.58945e-05 2.75618e-05 2.09411e-05 1.57423e-05 1.17078e-05 8.61371e-06 6.26863e-06 4.51222e-06 3.21225e-06 2.26151e-06 1.57444e-06 1.08384e-06 7.37722e-07 4.96472e-07 3.30355e-07 2.17381e-07 1.41532e-07 9.13193e-08 5.86463e-08 3.79257e-08 2.54221e-08 1.87787e-08 
1.87787e-08 2.11057e-08 2.85459e-08 4.25414e-08 6.57177e-08 1.02232e-07 1.58298e-07 2.42908e-07 3.68808e-07 5.53749e-07 8.22068e-07 1.20663e-06 1.75117e-06 2.51299e-06 3.56608e-06 5.00451e-06 6.94597e-06 9.53543e-06 1.29484e-05 1.73941e-05 2.31168e-05 3.03972e-05 3.9551e-05 5.09256e-05 6.48943e-05 8.1848e-05 0.000102183 0.000126285 0.000154516 0.000187187 0.000224542 0.000266734 0.000313804 0.000365659 0.000422057 0.000482599 0.000546718 0.000613682 0.000682607 0.00075247 0.000822132 0.000890371 0.000955917 0.00101749 0.00107383 0.00112377 0.00116623 0.00120027 0.00122515 0.00124031 0.0012454 0.00124031 0.00122515 0.00120027 0.00116623 0.00112377 0.00107383 0.00101749 0.000955917 0.000890371 0.000822132 0.00075247 0.000682607 0.000613682 0.000546718 0.000482599 0.000422057 0.000365659 0.000313804 0.000266734 0.000224542 0.000187187 0.000154516 0.000126285 0.000102183 8.1848e-05 6.48943e-05 5.09256e-05 3.9551e-05 3.03972e-05 2.31168e-05 1.73941e-05 1.29484e-05 9.53543e-06 6.94597e-06 5.00451e-06 3.56608e-06 2.51299e-06 1.75117e-06 1.20663e-06 8.22068e-07 5.53749e-07 3.68808e-07 2.42908e-07 1.58298e-07 1.02232e-07 6.57177e-08 4.25414e-08 2.85459e-08 2.11057e-08 
2.54221e-08 2.85459e-08 3.85267e-08 5.72779e-08 8.82777e-08 1.37024e-07 2.11712e-07 3.24178e-07 4.91149e-07 7.35854e-07 1.09005e-06 1.59649e-06 2.31188e-06 3.31032e-06 4.68714e-06 6.56315e-06 9.08898e-06 1.24495e-05 1.68679e-05 2.26089e-05 2.99809e-05 3.93365e-05 5.10706e-05 6.56164e-05 8.34369e-05 0.000105015 0.000130835 0.000161371 0.000197057 0.000238268 0.000285287 0.000338288 0.0003973 0.000462188 0.000532635 0.000608128 0.00068795 0.000771187 0.000856737 0.000943334 0.00102957 0.00111396 0.00119493 0.00127091 0.00134039 0.00140193 0.00145422 0.00149613 0.00152674 0.00154539 0.00155165 0.00154539 0.00152674 0.00149613 0.00145422 0.00140193 0.00134039 0.00127091 0.00119493 0.00111396 0.00102957 0.000943334 0.000856737 0.000771187 0.00068795 0.000608128 0.000532635 0.000462188 0.0003973 0.000338288 0.000285287 0.000238268 0.000197057 0.000161371 0.000130835 0.000105015 8.34369e-05 6.56164e-05 5.10706e-05 3.93365e-05 2.99809e-05 2.26089e-05 1.68679e-05 1.24495e-05 9.08898e-06 6.56315e-06 4.68714e-06 3.31032e-06 2.31188e-06 1.59649e-06 1.09005e-06 7.35854e-07 4.91149e-07 3.24178e-07 2.11712e-07 1.37024e-07 8.82777e-08 5.72779e-08 3.85267e-08 2.85459e-08 
3.79257e-08 4.25414e-08 5.72779e-08 8.49246e-08 1.30544e-07 2.0212e-07 3.11526e-07 4.75854e-07 7.19187e-07 1.07486e-06 1.58828e-06 2.32038e-06 3.35168e-06 4.78699e-06 6.76064e-06 9.44218e-06 1.30422e-05 1.78181e-05 2.40791e-05 3.21906e-05 4.25761e-05 5.57178e-05 7.21529e-05 9.24674e-05 0.000117284 0.000147249 0.000183006 0.000225177 0.000274328 0.00033094 0.000395367 0.000467811 0.000548277 0.000636553 0.00073218 0.00083444 0.000942347 0.00105466 0.00116988 0.00128633 0.00140211 0.00151524 0.00162365 0.00172527 0.0018181 0.00190024 0.00196998 0.00202585 0.00206664 0.00209148 0.00209982 0.00209148 0.00206664 0.00202585 0.00196998 0.00190024 0.0018181 0.00172527 0.00162365 0.00151524 0.00140211 0.00128633 0.00116988 0.00105466 0.000942347 0.00083444 0.00073218 0.000636553 0.000548277 0.000467811 0.000395367 0.00033094 0.000274328 0.000225177 0.000183006 0.000147249 0.000117284 9.24674e-05 7.21529e-05 5.57178e-05 4.25761e-05 3.21906e-05 2.40791e-05 1.78181e-05 1.30422e-05 9.44218e-06 6.76064e-06 4.78699e-06 3.35168e-06 2.32038e-06 1.58828e-06 1.07486e-06 7.19187e-07 4.75854e-07 3.11526e-07 2.0212e-07 1.30544e-07 8.49246e-08 5.72779e-08 4.25414e-08 
5.86463e-08 6.57177e-08 8.82777e-08 1.30544e-07 2.00159e-07 3.0915e-07 4.75356e-07 7.24386e-07 1.09221e-06 1.62846e-06 2.40051e-06 3.49844e-06 5.04089e-06 7.18168e-06 1.01172e-05 1.40945e-05 1.94189e-05 2.64622e-05 3.56691e-05 4.75627e-05 6.27467e-05 8.19045e-05 0.000105794 0.000135238 0.000171104 0.000214287 0.000265673 0.00032611 0.00039636 0.000477058 0.00056866 0.000671399 0.000785238 0.000909833 0.0010445 0.00118819 0.00133951 0.0014967 0.00165767 0.00182005 0.00198127 0.00213856 0.00228908 0.00243001 0.00255861 0.0026723 0.00276875 0.00284597 0.00290233 0.00293663 0.00294815 0.00293663 0.00290233 0.00284597 0.00276875 0.0026723 0.00255861 0.00243001 0.00228908 0.00213856 0.00198127 0.00182005 0.00165767 0.0014967 0.00133951 0.00118819 0.0010445 0.000909833 0.000785238 0.000671399 0.00056866 0.000477058 0.00039636 0.00032611 0.000265673 0.000214287 0.000171104 0.000135238 0.000105794 8.19045e-05 6.27467e-05 4.75627e-05 3.56691e-05 2.64622e-05 1.94189e-05 1.40945e-05 1.01172e-05 7.18168e-06 5.04089e-06 3.49844e-06 2.40051e-06 1.62846e-06 1.09221e-06 7.24386e-07 4.75356e-07 3.0915e-07 2.00159e-07 1.30544e-07 8.82777e-08 6.57177e-08 
9.13193e-08 1.02232e-07 1.37024e-07 2.0212e-07 3.0915e-07 4.76376e-07 7.30817e-07 1.11116e-06 1.67156e-06 2.48655e-06 3.65693e-06 5.31706e-06 7.64323e-06 1.08632e-05 1.52668e-05 2.12169e-05 2.91605e-05 3.96397e-05 5.32998e-05 7.08968e-05 9.32989e-05 0.000121485 0.000156533 0.000199608 0.000251934 0.00031476 0.000389316 0.000476767 0.000578147 0.000694301 0.000825815 0.000972954 0.0011356 0.0013132 0.00150472 0.00170865 0.00192296 0.00214516 0.00237228 0.00260102 0.00282775 0.00304863 0.00325973 0.00345715 0.00363709 0.00379603 0.00393078 0.00403858 0.00411722 0.00416508 0.00418114 0.00416508 0.00411722 0.00403858 0.00393078 0.00379603 0.00363709 0.00345715 0.00325973 0.00304863 0.00282775 0.00260102 0.00237228 0.00214516 0.00192296 0.00170865 0.00150472 0.0013132 0.0011356 0.000972954 0.000825815 0.000694301 0.000578147 0.000476767 0.000389316 0.00031476 0.000251934 0.000199608 0.000156533 0.000121485 9.32989e-05 7.08968e-05 5.32998e-05 3.96397e-05 2.91605e-05 2.12169e-05 1.52668e-05 1.08632e-05 7.64323e-06 5.31706e-06 3.65693e-06 2.48655e-06 1.67156e-06 1.11116e-06 7.30817e-07 4.76376e-07 3.0915e-07 2.0212e-07 1.37024e-07 1.02232e-07 
1.41532e-07 1.58298e-07 2.11712e-07 3.11526e-07 4.75356e-07 7.30817e-07 1.11866e-06 1.69709e-06 2.54734e-06 3.78084e-06 5.54786e-06 8.04801e-06 1.15423e-05 1.63666e-05 2.29471e-05 3.18149e-05 4.36222e-05 5.9156e-05 7.935e-05 0.000105292 0.000138228 0.000179551 0.000230795 0.0002936 0.000369682 0.000460782 0.0005686 0.000694726 0.000840558 0.00100721 0.00119542 0.00140548 0.00163712 0.00188947 0.002161 0.0024495 0.00275208 0.00306517 0.00338464 0.00370582 0.00402367 0.00433288 0.00462801 0.00490367 0.00515467 0.00537617 0.00556381 0.00571383 0.00582323 0.00588977 0.00591211 0.00588977 0.00582323 0.00571383 0.00556381 0.00537617 0.00515467 0.00490367 0.00462801 0.00433288 0.00402367 0.00370582 0.00338464 0.00306517 0.00275208 0.0024495 0.002161 0.00188947 0.00163712 0.00140548 0.00119542 0.00100721 0.000840558 0.000694726 0.0005686 0.000460782 0.000369682 0.0002936 0.000230795 0.000179551 0.000138228 0.000105292 7.935e-05 5.9156e-05 4.36222e-05 3.18149e-05 2.29471e-05 1.63666e-05 1.15423e-05 8.04801e-06 5.54786e-06 3.78084e-06 2.54734e-06 1.69709e-06 1.11866e-06 7.30817e-07 4.75356e-07 3.11526e-07 2.11712e-07 1.58298e-07 
2.17381e-07 2.42908e-07 3.24178e-07 4.75854e-07 7.24386e-07 1.11116e-06 1.69709e-06 2.56894e-06 3.8475e-06 5.69788e-06 8.3421e-06 1.2074e-05 1.72766e-05 2.44411e-05 3.4188e-05 4.72883e-05 6.46843e-05 8.7509e-05 0.000117101 0.000155011 0.000203009 0.000263064 0.000337329 0.000428098 0.000537753 0.000668691 0.000823238 0.00100354 0.00121146 0.00144845 0.00171542 0.00201262 0.00233958 0.00269493 0.00307644 0.00348091 0.00390424 0.00434142 0.00478668 0.00523356 0.00567509 0.00610397 0.00651277 0.00689415 0.00724103 0.00754685 0.00780572 0.00801257 0.00816333 0.008255 0.00828576 0.008255 0.00816333 0.00801257 0.00780572 0.00754685 0.00724103 0.00689415 0.00651277 0.00610397 0.00567509 0.00523356 0.00478668 0.00434142 0.00390424 0.00348091 0.00307644 0.00269493 0.00233958 0.00201262 0.00171542 0.00144845 0.00121146 0.00100354 0.000823238 0.000668691 0.000537753 0.000428098 0.000337329 0.000263064 0.000203009 0.000155011 0.000117101 8.7509e-05 6.46843e-05 4.72883e-05 3.4188e-05 2.44411e-05 1.72766e-05 1.2074e-05 8.3421e-06 5.69788e-06 3.8475e-06 2.56894e-06 1.69709e-06 1.11116e-06 7.24386e-07 4.75854e-07 3.24178e-07 2.42908e-07 
3.30355e-07 3.68808e-07 4.91149e-07 7.19187e-07 1.09221e-06 1.67156e-06 2.54734e-06 3.8475e-06 5.74966e-06 8.49587e-06 1.24106e-05 1.79217e-05 2.5585e-05 3.61109e-05 5.03932e-05 6.95381e-05 9.48926e-05 0.000128069 0.000170963 0.000225764 0.000294952 0.00038128 0.000487735 0.000617483 0.000773789 0.000959913 0.00117899 0.00143388 0.00172701 0.00206024 0.00243464 0.0028504 0.00330664 0.00380133 0.00433119 0.00489171 0.00547711 0.00608045 0.00669378 0.00730824 0.00791433 0.00850217 0.0090617 0.00958303 0.0100567 0.0104739 0.0108267 0.0111085 0.0113138 0.0114385 0.0114804 0.0114385 0.0113138 0.0111085 0.0108267 0.0104739 0.0100567 0.00958303 0.0090617 0.00850217 0.00791433 0.00730824 0.00669378 0.00608045 0.00547711 0.00489171 0.00433119 0.00380133 0.00330664 0.0028504 0.00243464 0.00206024 0.00172701 0.00143388 0.00117899 0.000959913 0.000773789 0.000617483 0.000487735 0.00038128 0.000294952 0.000225764 0.000170963 0.000128069 9.48926e-05 6.95381e-05 5.03932e-05 3.61109e-05 2.5585e-05 1.79217e-05 1.24106e-05 8.49587e-06 5.74966e-06 3.8475e-06 2.54734e-06 1.67156e-06 1.09221e-06 7.19187e-07 4.91149e-07 3.68808e-07 
4.96472e-07 5.53749e-07 7.35854e-07 1.07486e-06 1.62846e-06 2.48655e-06 3.78084e-06 5.69788e-06 8.49587e-06 1.25255e-05 1.82555e-05 2.63016e-05 3.74611e-05 5.27491e-05 7.34378e-05 0.000101096 0.000137625 0.000185291 0.000246748 0.000325045 0.000423617 0.000546258 0.000697062 0.000880338 0.0011005 0.00136191 0.00166874 0.00202472 0.00243299 0.00289583 0.00341448 0.00398892 0.00461768 0.00529773 0.00602442 0.00679138 0.00759064 0.00841269 0.00924669 0.0100807 0.0109019 0.0116971 0.012453 0.0131563 0.0137946 0.0143562 0.0148308 0.0152096 0.0154853 0.0156529 0.0157091 0.0156529 0.0154853 0.0152096 0.0148308 0.0143562 0.0137946 0.0131563 0.012453 0.0116971 0.0109019 0.0100807 0.00924669 0.00841269 0.00759064 0.00679138 0.00602442 0.00529773 0.00461768 0.00398892 0.00341448 0.00289583 0.00243299 0.00202472 0.00166874 0.00136191 0.0011005 0.000880338 0.000697062 0.000546258 0.000423617 0.000325045 0.000246748 0.000185291 0.000137625 0.000101096 7.34378e-05 5.27491e-05 3.74611e-05 2.63016e-05 1.82555e-05 1.25255e-05 8.49587e-06 5.69788e-06 3.78084e-06 2.48655e-06 1.62846e-06 1.07486e-06 7.35854e-07 5.53749e-07 
7.37722e-07 8.22068e-07 1.09005e-06 1.58828e-06 2.40051e-06 3.65693e-06 5.54786e-06 8.3421e-06 1.24106e-05 1.82555e-05 2.65455e-05 3.81569e-05 5.42191e-05 7.61651e-05 0.000105784 0.000145273 0.000197282 0.000264959 0.00035197 0.000462505 0.000601263 0.000773403 0.000984455 0.0012402 0.00154653 0.00190919 0.00233362 0.00282463 0.00338616 0.00402097 0.00473036 0.00551393 0.00636935 0.0072922 0.0082759 0.00931165 0.0103886 0.0114938 0.0126128 0.0137296 0.0148274 0.0158887 0.0168959 0.0178318 0.0186802 0.0194258 0.0200554 0.0205575 0.0209229 0.0211448 0.0212193 0.0211448 0.0209229 0.0205575 0.0200554 0.0194258 0.0186802 0.0178318 0.0168959 0.0158887 0.0148274 0.0137296 0.0126128 0.0114938 0.0103886 0.00931165 0.0082759 0.0072922 0.00636935 0.00551393 0.00473036 0.00402097 0.00338616 0.00282463 0.00233362 0.00190919 0.00154653 0.0012402 0.000984455 0.000773403 0.000601263 0.000462505 0.00035197 0.000264959 0.000197282 0.000145273 0.000105784 7.61651e-05 5.42191e-05 3.81569e-05 2.65455e-05 1.82555e-05 1.24106e-05 8.3421e-06 5.54786e-06 3.65693e-06 2.40051e-06 1.58828e-06 1.09005e-06 8.22068e-07 
1.08384e-06 1.20663e-06 1.59649e-06 2.32038e-06 3.49844e-06 5.31706e-06 8.04801e-06 1.2074e-05 1.79217e-05 2.63016e-05 3.81569e-05 5.47186e-05 7.7568e-05 0.000108704 0.00015061 0.000206326 0.000279503 0.000374452 0.000496174 0.000650355 0.000843336 0.00108203 0.00137382 0.00172635 0.00214732 0.00264423 0.00322405 0.00389284 0.00465545 0.00551508 0.00647298 0.00752809 0.00867682 0.00991283 0.011227 0.0126072 0.0140389 0.015505 0.0169862 0.0184615 0.019909 0.0213059 0.0226295 0.0238577 0.0249696 0.0259459 0.0267694 0.0274257 0.027903 0.0281928 0.02829 0.0281928 0.027903 0.0274257 0.0267694 0.0259459 0.0249696 0.0238577 0.0226295 0.0213059 0.019909 0.0184615 0.0169862 0.015505 0.0140389 0.0126072 0.011227 0.00991283 0.00867682 0.00752809 0.00647298 0.00551508 0.00465545 0.00389284 0.00322405 0.00264423 0.00214732 0.00172635 0.00137382 0.00108203 0.000843336 0.000650355 0.000496174 0.000374452 0.000279503 0.000206326 0.00015061 0.000108704 7.7568e-05 5.47186e-05 3.81569e-05 2.63016e-05 1.79217e-05 1.2074e-05 8.04801e-06 5.31706e-06 3.49844e-06 2.32038e-06 1.59649e-06 1.20663e-06 
1.57444e-06 1.75117e-06 2.31188e-06 3.35168e-06 5.04089e-06 7.64323e-06 1.15423e-05 1.72766e-05 2.5585e-05 3.74611e-05 5.42191e-05 7.7568e-05 0.000109695 0.000153353 0.000211952 0.000289641 0.000391385 0.00052302 0.000691277 0.000903771 0.00116894 0.00149594 0.00189446 0.00237446 0.0029459 0.00361836 0.00440061 0.00530016 0.0063228 0.00747212 0.00874906 0.0101515 0.0116742 0.013308 0.0150404 0.0168554 0.0187334 0.020652 0.022586 0.0245083 0.0263907 0.028204 0.0299194 0.0315088 0.0329457 0.0342059 0.035268 0.0361136 0.0367283 0.0371014 0.0372265 0.0371014 0.0367283 0.0361136 0.035268 0.0342059 0.0329457 0.0315088 0.0299194 0.028204 0.0263907 0.0245083 0.022586 0.020652 0.0187334 0.0168554 0.0150404 0.013308 0.0116742 0.0101515 0.00874906 0.00747212 0.0063228 0.00530016 0.00440061 0.00361836 0.0029459 0.00237446 0.00189446 0.00149594 0.00116894 0.000903771 0.000691277 0.00052302 0.000391385 0.000289641 0.000211952 0.000153353 0.000109695 7.7568e-05 5.42191e-05 3.74611e-05 2.5585e-05 1.72766e-05 1.15423e-05 7.64323e-06 5.04089e-06 3.35168e-06 2.31188e-06 1.75117e-06 
2.26151e-06 2.51299e-06 3.31032e-06 4.78699e-06 7.18168e-06 1.08632e-05 1.63666e-05 2.44411e-05 3.61109e-05 5.27491e-05 7.61651e-05 0.000108704 0.000153353 0.000213861 0.000294847 0.00040191 0.000541717 0.000722063 0.000951897 0.00124128 0.0016013 0.0020439 0.00258161 0.00322724 0.00399347 0.00489231 0.00593462 0.00712948 0.00848363 0.0100008 0.0116814 0.0135217 0.0155138 0.0176453 0.0198992 0.0222542 0.0246848 0.0271618 0.0296529 0.0321236 0.0345379 0.0368593 0.0390515 0.0410795 0.0429105 0.0445144 0.0458647 0.0469389 0.0477193 0.0481928 0.0483515 0.0481928 0.0477193 0.0469389 0.0458647 0.0445144 0.0429105 0.0410795 0.0390515 0.0368593 0.0345379 0.0321236 0.0296529 0.0271618 0.0246848 0.0222542 0.0198992 0.0176453 0.0155138 0.0135217 0.0116814 0.0100008 0.00848363 0.00712948 0.00593462 0.00489231 0.00399347 0.00322724 0.00258161 0.0020439 0.0016013 0.00124128 0.000951897 0.000722063 0.000541717 0.00040191 0.000294847 0.000213861 0.000153353 0.000108704 7.61651e-05 5.27491e-05 3.61109e-05 2.44411e-05 1.63666e-05 1.08632e-05 7.18168e-06 4.78699e-06 3.31032e-06 2.51299e-06 
3.21225e-06 3.56608e-06 4.68714e-06 6.76064e-06 1.01172e-05 1.52668e-05 2.29471e-05 3.4188e-05 5.03932e-05 7.34378e-05 0.000105784 0.00015061 0.000211952 0.000294847 0.000405481 0.000551313 0.000741185 0.000985382 0.00129564 0.00168509 0.00216809 0.00276 0.00347684 0.00433481 0.00534975 0.00653652 0.00790828 0.00947577 0.0112465 0.0132242 0.015408 0.0177919 0.0203647 0.0231094 0.0260035 0.0290189 0.0321227 0.0352778 0.0384431 0.0415754 0.0446296 0.0475605 0.0503232 0.0528748 0.0551752 0.0571877 0.0588802 0.0602255 0.0612022 0.0617946 0.0619931 0.0617946 0.0612022 0.0602255 0.0588802 0.0571877 0.0551752 0.0528748 0.0503232 0.0475605 0.0446296 0.0415754 0.0384431 0.0352778 0.0321227 0.0290189 0.0260035 0.0231094 0.0203647 0.0177919 0.015408 0.0132242 0.0112465 0.00947577 0.00790828 0.00653652 0.00534975 0.00433481 0.00347684 0.00276 0.00216809 0.00168509 0.00129564 0.000985382 0.000741185 0.000551313 0.000405481 0.000294847 0.000211952 0.00015061 0.000105784 7.34378e-05 5.03932e-05 3.4188e-05 2.29471e-05 1.52668e-05 1.01172e-05 6.76064e-06 4.68714e-06 3.56608e-06 
4.51222e-06 5.00451e-06 6.56315e-06 9.44218e-06 1.40945e-05 2.12169e-05 3.18149e-05 4.72883e-05 6.95381e-05 0.000101096 0.000145273 0.000206326 0.000289641 0.00040191 0.000551313 0.00074767 0.00100256 0.00132938 0.00174333 0.00226131 0.00290169 0.00368395 0.00462823 0.00575473 0.00708295 0.00863092 0.0104143 0.0124453 0.0147322 0.017278 0.0200799 0.023129 0.0264092 0.029898 0.0335656 0.0373759 0.0412871 0.0452522 0.0492202 0.0531373 0.0569483 0.0605977 0.0640312 0.0671969 0.0700465 0.0725363 0.0746277 0.0762888 0.0774938 0.0782243 0.078469 0.0782243 0.0774938 0.0762888 0.0746277 0.0725363 0.0700465 0.0671969 0.0640312 0.0605977 0.0569483 0.0531373 0.0492202 0.0452522 0.0412871 0.0373759 0.0335656 0.029898 0.0264092 0.023129 0.0200799 0.017278 0.0147322 0.0124453 0.0104143 0.00863092 0.00708295 0.00575473 0.00462823 0.00368395 0.00290169 0.00226131 0.00174333 0.00132938 0.00100256 0.00074767 0.000551313 0.00040191 0.000289641 0.000206326 0.000145273 0.000101096 6.95381e-05 4.72883e-05 3.18149e-05 2.12169e-05 1.40945e-05 9.44218e-06 6.56315e-06 5.00451e-06 
6.26863e-06 6.94597e-06 9.08898e-06 1.30422e-05 1.94189e-05 2.91605e-05 4.36222e-05 6.46843e-05 9.48926e-05 0.000137625 0.000197282 0.000279503 0.000391385 0.000541717 0.000741185 0.00100256 0.00134082 0.0017732 0.00231913 0.00300009 0.00383923 0.00486094 0.0060902 0.00755176 0.00926925 0.0112641 0.0135545 0.0161542 0.0190714 0.0223079 0.0258582 0.0297089 0.0338381 0.0382158 0.0428036 0.0475557 0.0524194 0.0573364 0.062244 0.0670765 0.0717671 0.0762489 0.0804572 0.0843303 0.087811 0.0908478 0.0933959 0.0954177 0.0968833 0.0977714 0.0980688 0.0977714 0.0968833 0.0954177 0.0933959 0.0908478 0.087811 0.0843303 0.0804572 0.0762489 0.0717671 0.0670765 0.062244 0.0573364 0.0524194 0.0475557 0.0428036 0.0382158 0.0338381 0.0297089 0.0258582 0.0223079 0.0190714 0.0161542 0.0135545 0.0112641 0.00926925 0.00755176 0.0060902 0.00486094 0.00383923 0.00300009 0.00231913 0.0017732 0.00134082 0.00100256 0.000741185 0.000541717 0.000391385 0.000279503 0.000197282 0.000137625 9.48926e-05 6.46843e-05 4.36222e-05 2.91605e-05 1.94189e-05 1.30422e-05 9.08898e-06 6.94597e-06 
8.61371e-06 9.53543e-06 1.24495e-05 1.78181e-05 2.64622e-05 3.96397e-05 5.9156e-05 8.7509e-05 0.000128069 0.000185291 0.000264959 0.000374452 0.00052302 0.000722063 0.000985382 0.00132938 0.0017732 0.00233873 0.00305051 0.00393545 0.00502239 0.0063414 0.00792299 0.00979707 0.0119917 0.014532 0.0174384 0.0207258 0.0244019 0.0284662 0.0329092 0.0377116 0.0428441 0.0482675 0.0539329 0.0597828 0.0657521 0.0717691 0.077758 0.0836398 0.0893348 0.094764 0.099851 0.104524 0.108716 0.112369 0.115429 0.117855 0.119613 0.120677 0.121034 0.120677 0.119613 0.117855 0.115429 0.112369 0.108716 0.104524 0.099851 0.094764 0.0893348 0.0836398 0.077758 0.0717691 0.0657521 0.0597828 0.0539329 0.0482675 0.0428441 0.0377116 0.0329092 0.0284662 0.0244019 0.0207258 0.0174384 0.014532 0.0119917 0.00979707 0.00792299 0.0063414 0.00502239 0.00393545 0.00305051 0.00233873 0.0017732 0.00132938 0.000985382 0.000722063 0.00052302 0.000374452 0.000264959 0.000185291 0.000128069 8.7509e-05 5.9156e-05 3.96397e-05 2.64622e-05 1.78181e-05 1.24495e-05 9.53543e-06 
1.17078e-05 1.29484e-05 1.68679e-05 2.40791e-05 3.56691e-05 5.32998e-05 7.935e-05 0.000117101 0.000170963 0.000246748 0.00035197 0.000496174 0.000691277 0.000951897 0.00129564 0.00174333 0.00231913 0.00305051 0.00396805 0.00510506 0.00649693 0.00818026 0.0101918 0.012567 0.0153387 0.0185355 0.0221801 0.0262877 0.0308644 0.0359064 0.0413986 0.0473141 0.0536143 0.0602487 0.067156 0.074265 0.0814961 0.088763 0.0959749 0.103038 0.10986 0.116347 0.122413 0.127973 0.132952 0.137284 0.140909 0.143779 0.145857 0.147114 0.147535 0.147114 0.145857 0.143779 0.140909 0.137284 0.132952 0.127973 0.122413 0.116347 0.10986 0.103038 0.0959749 0.088763 0.0814961 0.074265 0.067156 0.0602487 0.0536143 0.0473141 0.0413986 0.0359064 0.0308644 0.0262877 0.0221801 0.0185355 0.0153387 0.012567 0.0101918 0.00818026 0.00649693 0.00510506 0.00396805 0.00305051 0.00231913 0.00174333 0.00129564 0.000951897 0.000691277 0.000496174 0.00035197 0.000246748 0.000170963 0.000117101 7.935e-05 5.32998e-05 3.56691e-05 2.40791e-05 1.68679e-05 1.29484e-05 
1.57423e-05 1.73941e-05 2.26089e-05 3.21906e-05 4.75627e-05 7.08968e-05 0.000105292 0.000155011 0.000225764 0.000325045 0.000462505 0.000650355 0.000903771 0.00124128 0.00168509 0.00226131 0.00300009 0.00393545 0.00510506 0.0065496 0.00831192 0.0104359 0.0129651 0.015941 0.0194013 0.0233778 0.0278947 0.0329667 0.0385972 0.0447773 0.0514845 0.0586823 0.0663206 0.0743355 0.0826511 0.0911805 0.0998279 0.108491 0.117062 0.125432 0.133494 0.141142 0.148275 0.1548 0.160633 0.165699 0.169932 0.17328 0.175702 0.177167 0.177657 0.177167 0.175702 0.17328 0.169932 0.165699 0.160633 0.1548 0.148275 0.141142 0.133494 0.125432 0.117062 0.108491 0.0998279 0.0911805 0.0826511 0.0743355 0.0663206 0.0586823 0.0514845 0.0447773 0.0385972 0.0329667 0.0278947 0.0233778 0.0194013 0.015941 0.0129651 0.0104359 0.00831192 0.0065496 0.00510506 0.00393545 0.00300009 0.00226131 0.00168509 0.00124128 0.000903771 0.000650355 0.000462505 0.000325045 0.000225764 0.000155011 0.000105292 7.08968e-05 4.75627e-05 3.21906e-05 2.26089e-05 1.73941e-05 
2.09411e-05 2.31168e-05 2.99809e-05 4.25761e-05 6.27467e-05 9.32989e-05 0.000138228 0.000203009 0.000294952 0.000423617 0.000601263 0.000843336 0.00116894 0.0016013 0.00216809 0.00290169 0.00383923 0.00502239 0.00649693 0.00831192 0.0105186 0.0131688 0.0163133 0.0199998 0.0242707 0.0291605 0.0346942 0.0408844 0.0477304 0.0552161 0.0633095 0.0719624 0.0811104 0.0906743 0.100561 0.110666 0.120876 0.13107 0.141125 0.150914 0.160315 0.16921 0.177486 0.18504 0.191779 0.197621 0.202497 0.206348 0.209131 0.210813 0.211376 0.210813 0.209131 0.206348 0.202497 0.197621 0.191779 0.18504 0.177486 0.16921 0.160315 0.150914 0.141125 0.13107 0.120876 0.110666 0.100561 0.0906743 0.0811104 0.0719624 0.0633095 0.0552161 0.0477304 0.0408844 0.0346942 0.0291605 0.0242707 0.0199998 0.0163133 0.0131688 0.0105186 0.00831192 0.00649693 0.00502239 0.00383923 0.00290169 0.00216809 0.0016013 0.00116894 0.000843336 0.000601263 0.000423617 0.000294952 0.000203009 0.000138228 9.32989e-05 6.27467e-05 4.25761e-05 2.99809e-05 2.31168e-05 
2.75618e-05 3.03972e-05 3.93365e-05 5.57178e-05 8.19045e-05 0.000121485 0.000179551 0.000263064 0.00038128 0.000546258 0.000773403 0.00108203 0.00149594 0.0020439 0.00276 0.00368395 0.00486094 0.0063414 0.00818026 0.0104359 0.0131688 0.0164392 0.0203057 0.0248219 0.0300344 0.0359798 0.0426823 0.0501512 0.0583792 0.067341 0.0769927 0.0872715 0.0980966 0.109371 0.120982 0.132806 0.14471 0.156554 0.168197 0.179497 0.190317 0.200525 0.209999 0.218625 0.226305 0.232951 0.238488 0.242857 0.24601 0.247915 0.248553 0.247915 0.24601 0.242857 0.238488 0.232951 0.226305 0.218625 0.209999 0.200525 0.190317 0.179497 0.168197 0.156554 0.14471 0.132806 0.120982 0.109371 0.0980966 0.0872715 0.0769927 0.067341 0.0583792 0.0501512 0.0426823 0.0359798 0.0300344 0.0248219 0.0203057 0.0164392 0.0131688 0.0104359 0.00818026 0.0063414 0.00486094 0.00368395 0.00276 0.0020439 0.00149594 0.00108203 0.000773403 0.000546258 0.00038128 0.000263064 0.000179551 0.000121485 8.19045e-05 5.57178e-05 3.93365e-05 3.03972e-05 
3.58945e-05 3.9551e-05 5.10706e-05 7.21529e-05 0.000105794 0.000156533 0.000230795 0.000337329 0.000487735 0.000697062 0.000984455 0.00137382 0.00189446 0.00258161 0.00347684 0.00462823 0.0060902 0.00792299 0.0101918 0.0129651 0.0163133 0.0203057 0.0250083 0.0304806 0.0367726 0.0439217 0.0519496 0.0608602 0.0706374 0.081244 0.0926213 0.104689 0.117348 0.13048 0.143952 0.157618 0.171326 0.184915 0.198227 0.211104 0.223396 0.234958 0.245658 0.255378 0.264012 0.271469 0.277672 0.282559 0.286083 0.288211 0.288922 0.288211 0.286083 0.282559 0.277672 0.271469 0.264012 0.255378 0.245658 0.234958 0.223396 0.211104 0.198227 0.184915 0.171326 0.157618 0.143952 0.13048 0.117348 0.104689 0.0926213 0.081244 0.0706374 0.0608602 0.0519496 0.0439217 0.0367726 0.0304806 0.0250083 0.0203057 0.0163133 0.0129651 0.0101918 0.00792299 0.0060902 0.00462823 0.00347684 0.00258161 0.00189446 0.00137382 0.000984455 0.000697062 0.000487735 0.000337329 0.000230795 0.000156533 0.000105794 7.21529e-05 5.10706e-05 3.9551e-05 
4.62593e-05 5.09256e-05 6.56164e-05 9.24674e-05 0.000135238 0.000199608 0.0002936 0.000428098 0.000617483 0.000880338 0.0012402 0.00172635 0.00237446 0.00322724 0.00433481 0.00575473 0.00755176 0.00979707 0.012567 0.015941 0.0199998 0.0248219 0.0304806 0.0370405 0.0445539 0.0530571 0.0625677 0.0730814 0.0845706 0.0969834 0.110243 0.12425 0.138882 0.153999 0.169445 0.185052 0.200644 0.216044 0.231075 0.245564 0.259348 0.272273 0.284202 0.295009 0.304586 0.31284 0.319694 0.325086 0.328971 0.331314 0.332098 0.331314 0.328971 0.325086 0.319694 0.31284 0.304586 0.295009 0.284202 0.272273 0.259348 0.245564 0.231075 0.216044 0.200644 0.185052 0.169445 0.153999 0.138882 0.12425 0.110243 0.0969834 0.0845706 0.0730814 0.0625677 0.0530571 0.0445539 0.0370405 0.0304806 0.0248219 0.0199998 0.015941 0.012567 0.00979707 0.00755176 0.00575473 0.00433481 0.00322724 0.00237446 0.00172635 0.0012402 0.000880338 0.000617483 0.000428098 0.0002936 0.000199608 0.000135238 9.24674e-05 6.56164e-05 5.09256e-05 
5.90005e-05 6.48943e-05 8.34369e-05 0.000117284 0.000171104 0.000251934 0.000369682 0.000537753 0.000773789 0.0011005 0.00154653 0.00214732 0.0029459 0.00399347 0.00534975 0.00708295 0.00926925 0.0119917 0.0153387 0.0194013 0.0242707 0.0300344 0.0367726 0.0445539 0.0534312 0.0634379 0.0745845 0.0868562 0.100211 0.114578 0.129861 0.145936 0.162658 0.179861 0.197364 0.214976 0.232502 0.249743 0.266506 0.282606 0.297869 0.312136 0.325262 0.33712 0.347602 0.356617 0.364089 0.369958 0.374182 0.376728 0.377578 0.376728 0.374182 0.369958 0.364089 0.356617 0.347602 0.33712 0.325262 0.312136 0.297869 0.282606 0.266506 0.249743 0.232502 0.214976 0.197364 0.179861 0.162658 0.145936 0.129861 0.114578 0.100211 0.0868562 0.0745845 0.0634379 0.0534312 0.0445539 0.0367726 0.0300344 0.0242707 0.0194013 0.0153387 0.0119917 0.00926925 0.00708295 0.00534975 0.00399347 0.0029459 0.00214732 0.00154653 0.0011005 0.000773789 0.000537753 0.000369682 0.000251934 0.000171104 0.000117284 8.34369e-05 6.48943e-05 
7.44795e-05 8.1848e-05 0.000105015 0.000147249 0.000214287 0.00031476 0.000460782 0.000668691 0.000959913 0.00136191 0.00190919 0.00264423 0.00361836 0.00489231 0.00653652 0.00863092 0.0112641 0.014532 0.0185355 0.0233778 0.0291605 0.0359798 0.0439217 0.0530571 0.0634379 0.0750918 0.0880198 0.102193 0.117551 0.134003 0.151427 0.169674 0.188572 0.20793 0.227539 0.247187 0.266655 0.285729 0.304199 0.321872 0.338564 0.354112 0.368372 0.381216 0.39254 0.402256 0.410293 0.416596 0.421126 0.423855 0.424766 0.423855 0.421126 0.416596 0.410293 0.402256 0.39254 0.381216 0.368372 0.354112 0.338564 0.321872 0.304199 0.285729 0.266655 0.247187 0.227539 0.20793 0.188572 0.169674 0.151427 0.134003 0.117551 0.102193 0.0880198 0.0750918 0.0634379 0.0530571 0.0439217 0.0359798 0.0291605 0.0233778 0.0185355 0.014532 0.0112641 0.00863092 0.00653652 0.00489231 0.00361836 0.00264423 0.00190919 0.00136191 0.000959913 0.000668691 0.000460782 0.00031476 0.000214287 0.000147249 0.000105015 8.1848e-05 
9.30632e-05 0.000102183 0.000130835 0.000183006 0.000265673 0.000389316 0.0005686 0.000823238 0.00117899 0.00166874 0.00233362 0.00322405 0.00440061 0.00593462 0.00790828 0.0104143 0.0135545 0.0174384 0.0221801 0.0278947 0.0346942 0.0426823 0.0519496 0.0625677 0.0745845 0.0880198 0.102861 0.119063 0.136542 0.155184 0.174841 0.195333 0.216462 0.238005 0.259732 0.281404 0.302784 0.323641 0.343754 0.36292 0.380954 0.39769 0.412987 0.426724 0.4388 0.449136 0.457667 0.464347 0.469142 0.472027 0.47299 0.472027 0.469142 0.464347 0.457667 0.449136 0.4388 0.426724 0.412987 0.39769 0.380954 0.36292 0.343754 0.323641 0.302784 0.281404 0.259732 0.238005 0.216462 0.195333 0.174841 0.155184 0.136542 0.119063 0.102861 0.0880198 0.0745845 0.0625677 0.0519496 0.0426823 0.0346942 0.0278947 0.0221801 0.0174384 0.0135545 0.0104143 0.00790828 0.00593462 0.00440061 0.00322405 0.00233362 0.00166874 0.00117899 0.000823238 0.0005686 0.000389316 0.000265673 0.000183006 0.000130835 0.000102183 
0.000115111 0.000126285 0.000161371 0.000225177 0.00032611 0.000476767 0.000694726 0.00100354 0.00143388 0.00202472 0.00282463 0.00389284 0.00530016 0.00712948 0.00947577 0.0124453 0.0161542 0.0207258 0.0262877 0.0329667 0.0408844 0.0501512 0.0608602 0.0730814 0.0868562 0.102193 0.119063 0.137398 0.157093 0.178004 0.199951 0.222728 0.246102 0.269825 0.293638 0.317283 0.340502 0.363051 0.384702 0.405246 0.424498 0.442297 0.458506 0.473014 0.485731 0.496585 0.505525 0.512512 0.51752 0.52053 0.521535 0.52053 0.51752 0.512512 0.505525 0.496585 0.485731 0.473014 0.458506 0.442297 0.424498 0.405246 0.384702 0.363051 0.340502 0.317283 0.293638 0.269825 0.246102 0.222728 0.199951 0.178004 0.157093 0.137398 0.119063 0.102193 0.0868562 0.0730814 0.0608602 0.0501512 0.0408844 0.0329667 0.0262877 0.0207258 0.0161542 0.0124453 0.00947577 0.00712948 0.00530016 0.00389284 0.00282463 0.00202472 0.00143388 0.00100354 0.000694726 0.000476767 0.00032611 0.000225177 0.000161371 0.000126285 
0.000140958 0.000154516 0.000197057 0.000274328 0.00039636 0.000578147 0.000840558 0.00121146 0.00172701 0.00243299 0.00338616 0.00465545 0.0063228 0.00848363 0.0112465 0.0147322 0.0190714 0.0244019 0.0308644 0.0385972 0.0477304 0.0583792 0.0706374 0.0845706 0.100211 0.117551 0.136542 0.157093 0.179068 0.202293 0.226557 0.251618 0.277215 0.30307 0.3289 0.354423 0.379368 0.403481 0.426528 0.448299 0.468615 0.487321 0.504292 0.519429 0.532654 0.543911 0.55316 0.560375 0.565538 0.568639 0.569673 0.568639 0.565538 0.560375 0.55316 0.543911 0.532654 0.519429 0.504292 0.487321 0.468615 0.448299 0.426528 0.403481 0.379368 0.354423 0.3289 0.30307 0.277215 0.251618 0.226557 0.202293 0.179068 0.157093 0.136542 0.117551 0.100211 0.0845706 0.0706374 0.0583792 0.0477304 0.0385972 0.0308644 0.0244019 0.0190714 0.0147322 0.0112465 0.00848363 0.0063228 0.00465545 0.00338616 0.00243299 0.00172701 0.00121146 0.000840558 0.000578147 0.00039636 0.000274328 0.000197057 0.000154516 
0.000170898 0.000187187 0.000238268 0.00033094 0.000477058 0.000694301 0.00100721 0.00144845 0.00206024 0.00289583 0.00402097 0.00551508 0.00747212 0.0100008 0.0132242 0.017278 0.0223079 0.0284662 0.0359064 0.0447773 0.0552161 0.067341 0.081244 0.0969834 0.114578 0.134003 0.155184 0.178004 0.202293 0.227845 0.254413 0.281723 0.309481 0.33738 0.365115 0.392385 0.418908 0.44442 0.468689 0.491508 0.512706 0.532142 0.549704 0.565309 0.578898 0.59043 0.599881 0.607237 0.612493 0.615646 0.616697 0.615646 0.612493 0.607237 0.599881 0.59043 0.578898 0.565309 0.549704 0.532142 0.512706 0.491508 0.468689 0.44442 0.418908 0.392385 0.365115 0.33738 0.309481 0.281723 0.254413 0.227845 0.202293 0.178004 0.155184 0.134003 0.114578 0.0969834 0.081244 0.067341 0.0552161 0.0447773 0.0359064 0.0284662 0.0223079 0.017278 0.0132242 0.0100008 0.00747212 0.00551508 0.00402097 0.00289583 0.00206024 0.00144845 0.00100721 0.000694301 0.000477058 0.00033094 0.000238268 0.000187187 
0.000205159 0.000224542 0.000285287 0.000395367 0.00056866 0.000825815 0.00119542 0.00171542 0.00243464 0.00341448 0.00473036 0.00647298 0.00874906 0.0116814 0.015408 0.0200799 0.0258582 0.0329092 0.0413986 0.0514845 0.0633095 0.0769927 0.0926213 0.110243 0.129861 0.151427 0.174841 0.199951 0.226557 0.254413 0.283238 0.312723 0.342542 0.372362 0.401856 0.430708 0.458627 0.485346 0.510637 0.534302 0.556182 0.576153 0.594122 0.610026 0.623825 0.635498 0.645038 0.652447 0.657731 0.660898 0.661953 0.660898 0.657731 0.652447 0.645038 0.635498 0.623825 0.610026 0.594122 0.576153 0.556182 0.534302 0.510637 0.485346 0.458627 0.430708 0.401856 0.372362 0.342542 0.312723 0.283238 0.254413 0.226557 0.199951 0.174841 0.151427 0.129861 0.110243 0.0926213 0.0769927 0.0633095 0.0514845 0.0413986 0.0329092 0.0258582 0.0200799 0.015408 0.0116814 0.00874906 0.00647298 0.00473036 0.00341448 0.00243464 0.00171542 0.00119542 0.000825815 0.00056866 0.000395367 0.000285287 0.000224542 
0.000243889 0.000266734 0.000338288 0.000467811 0.000671399 0.000972954 0.00140548 0.00201262 0.0028504 0.00398892 0.00551393 0.00752809 0.0101515 0.0135217 0.0177919 0.023129 0.0297089 0.0377116 0.0473141 0.0586823 0.0719624 0.0872715 0.104689 0.12425 0.145936 0.169674 0.195333 0.222728 0.251618 0.281723 0.312723 0.344274 0.376021 0.407607 0.438683 0.468924 0.498033 0.525746 0.55184 0.576134 0.598484 0.618788 0.636974 0.653003 0.666857 0.678537 0.688054 0.695428 0.700677 0.703819 0.704865 0.703819 0.700677 0.695428 0.688054 0.678537 0.666857 0.653003 0.636974 0.618788 0.598484 0.576134 0.55184 0.525746 0.498033 0.468924 0.438683 0.407607 0.376021 0.344274 0.312723 0.281723 0.251618 0.222728 0.195333 0.169674 0.145936 0.12425 0.104689 0.0872715 0.0719624 0.0586823 0.0473141 0.0377116 0.0297089 0.023129 0.0177919 0.0135217 0.0101515 0.00752809 0.00551393 0.00398892 0.0028504 0.00201262 0.00140548 0.000972954 0.000671399 0.000467811 0.000338288 0.000266734 
0.000287131 0.000313804 0.0003973 0.000548277 0.000785238 0.0011356 0.00163712 0.00233958 0.00330664 0.00461768 0.00636935 0.00867682 0.0116742 0.0155138 0.0203647 0.0264092 0.0338381 0.0428441 0.0536143 0.0663206 0.0811104 0.0980966 0.117348 0.138882 0.162658 0.188572 0.216462 0.246102 0.277215 0.309481 0.342542 0.376021 0.409535 0.442703 0.475162 0.506578 0.536654 0.565133 0.591804 0.616503 0.639109 0.659542 0.677758 0.693741 0.7075 0.719057 0.728444 0.735698 0.740852 0.743933 0.744957 0.743933 0.740852 0.735698 0.728444 0.719057 0.7075 0.693741 0.677758 0.659542 0.639109 0.616503 0.591804 0.565133 0.536654 0.506578 0.475162 0.442703 0.409535 0.376021 0.342542 0.309481 0.277215 0.246102 0.216462 0.188572 0.162658 0.138882 0.117348 0.0980966 0.0811104 0.0663206 0.0536143 0.0428441 0.0338381 0.0264092 0.0203647 0.0155138 0.0116742 0.00867682 0.00636935 0.00461768 0.00330664 0.00233958 0.00163712 0.0011356 0.000785238 0.000548277 0.0003973 0.000313804 
0.000334806 0.000365659 0.000462188 0.000636553 0.000909833 0.0013132 0.00188947 0.00269493 0.00380133 0.00529773 0.0072922 0.00991283 0.013308 0.0176453 0.0231094 0.029898 0.0382158 0.0482675 0.0602487 0.0743355 0.0906743 0.109371 0.13048 0.153999 0.179861 0.20793 0.238005 0.269825 0.30307 0.33738 0.372362 0.407607 0.442703 0.477251 0.510877 0.543243 0.574056 0.603069 0.630089 0.654972 0.677624 0.697991 0.716057 0.731835 0.745357 0.756671 0.76583 0.772888 0.777891 0.780878 0.78187 0.780878 0.777891 0.772888 0.76583 0.756671 0.745357 0.731835 0.716057 0.697991 0.677624 0.654972 0.630089 0.603069 0.574056 0.543243 0.510877 0.477251 0.442703 0.407607 0.372362 0.33738 0.30307 0.269825 0.238005 0.20793 0.179861 0.153999 0.13048 0.109371 0.0906743 0.0743355 0.0602487 0.0482675 0.0382158 0.029898 0.0231094 0.0176453 0.013308 0.00991283 0.0072922 0.00529773 0.00380133 0.00269493 0.00188947 0.0013132 0.000909833 0.000636553 0.000462188 0.000365659 
0.000386696 0.000422057 0.000532635 0.00073218 0.0010445 0.00150472 0.002161 0.00307644 0.00433119 0.00602442 0.0082759 0.011227 0.0150404 0.0198992 0.0260035 0.0335656 0.0428036 0.0539329 0.067156 0.0826511 0.100561 0.120982 0.143952 0.169445 0.197364 0.227539 0.259732 0.293638 0.3289 0.365115 0.401856 0.438683 0.475162 0.510877 0.545447 0.578534 0.609853 0.639173 0.666321 0.691179 0.71368 0.7338 0.751552 0.766978 0.780138 0.791104 0.799948 0.806743 0.811549 0.814413 0.815364 0.814413 0.811549 0.806743 0.799948 0.791104 0.780138 0.766978 0.751552 0.7338 0.71368 0.691179 0.666321 0.639173 0.609853 0.578534 0.545447 0.510877 0.475162 0.438683 0.401856 0.365115 0.3289 0.293638 0.259732 0.227539 0.197364 0.169445 0.143952 0.120982 0.100561 0.0826511 0.067156 0.0539329 0.0428036 0.0335656 0.0260035 0.0198992 0.0150404 0.011227 0.0082759 0.00602442 0.00433119 0.00307644 0.002161 0.00150472 0.0010445 0.00073218 0.000532635 0.000422057 
0.000442437 0.000482599 0.000608128 0.00083444 0.00118819 0.00170865 0.0024495 0.00348091 0.00489171 0.00679138 0.00931165 0.0126072 0.0168554 0.0222542 0.0290189 0.0373759 0.0475557 0.0597828 0.074265 0.0911805 0.110666 0.132806 0.157618 0.185052 0.214976 0.247187 0.281404 0.317283 0.354423 0.392385 0.430708 0.468924 0.506578 0.543243 0.578534 0.612118 0.643722 0.673133 0.700204 0.724844 0.747016 0.766729 0.784024 0.798974 0.811666 0.822193 0.830652 0.837129 0.841699 0.844418 0.84532 0.844418 0.841699 0.837129 0.830652 0.822193 0.811666 0.798974 0.784024 0.766729 0.747016 0.724844 0.700204 0.673133 0.643722 0.612118 0.578534 0.543243 0.506578 0.468924 0.430708 0.392385 0.354423 0.317283 0.281404 0.247187 0.214976 0.185052 0.157618 0.132806 0.110666 0.0911805 0.074265 0.0597828 0.0475557 0.0373759 0.0290189 0.0222542 0.0168554 0.0126072 0.00931165 0.00679138 0.00489171 0.00348091 0.0024495 0.00170865 0.00118819 0.00083444 0.000608128 0.000482599 
0.00050151 0.000546718 0.00068795 0.000942347 0.00133951 0.00192296 0.00275208 0.00390424 0.00547711 0.00759064 0.0103886 0.0140389 0.0187334 0.0246848 0.0321227 0.0412871 0.0524194 0.0657521 0.0814961 0.0998279 0.120876 0.14471 0.171326 0.200644 0.232502 0.266655 0.302784 0.340502 0.379368 0.418908 0.458627 0.498033 0.536654 0.574056 0.609853 0.643722 0.675404 0.704711 0.731522 0.755775 0.777466 0.796635 0.813356 0.827728 0.839865 0.849886 0.857903 0.864022 0.868326 0.870882 0.87173 0.870882 0.868326 0.864022 0.857903 0.849886 0.839865 0.827728 0.813356 0.796635 0.777466 0.755775 0.731522 0.704711 0.675404 0.643722 0.609853 0.574056 0.536654 0.498033 0.458627 0.418908 0.379368 0.340502 0.302784 0.266655 0.232502 0.200644 0.171326 0.14471 0.120876 0.0998279 0.0814961 0.0657521 0.0524194 0.0412871 0.0321227 0.0246848 0.0187334 0.0140389 0.0103886 0.00759064 0.00547711 0.00390424 0.00275208 0.00192296 0.00133951 0.000942347 0.00068795 0.000546718 
0.000563243 0.000613682 0.000771187 0.00105466 0.0014967 0.00214516 0.00306517 0.00434142 0.00608045 0.00841269 0.0114938 0.015505 0.020652 0.0271618 0.0352778 0.0452522 0.0573364 0.0717691 0.088763 0.108491 0.13107 0.156554 0.184915 0.216044 0.249743 0.285729 0.323641 0.363051 0.403481 0.44442 0.485346 0.525746 0.565133 0.603069 0.639173 0.673133 0.704711 0.733744 0.760137 0.783863 0.804948 0.823466 0.83952 0.853238 0.86476 0.874224 0.881762 0.887493 0.891514 0.893896 0.894685 0.893896 0.891514 0.887493 0.881762 0.874224 0.86476 0.853238 0.83952 0.823466 0.804948 0.783863 0.760137 0.733744 0.704711 0.673133 0.639173 0.603069 0.565133 0.525746 0.485346 0.44442 0.403481 0.363051 0.323641 0.285729 0.249743 0.216044 0.184915 0.156554 0.13107 0.108491 0.088763 0.0717691 0.0573364 0.0452522 0.0352778 0.0271618 0.020652 0.015505 0.0114938 0.00841269 0.00608045 0.00434142 0.00306517 0.00214516 0.0014967 0.00105466 0.000771187 0.000613682 
