1.0678e-14 1.51818e-14 3.20659e-14 7.36415e-14 1.68931e-13 3.81124e-13 8.43423e-13 1.82997e-12 3.89243e-12 8.11644e-12 1.65913e-11 3.32488e-11 6.53235e-11 1.2583e-10 2.37659e-10 4.40164e-10 7.99483e-10 1.42425e-09 2.48885e-09 4.26678e-09 7.17705e-09 1.18466e-08 1.91909e-08 3.05144e-08 4.76291e-08 7.29861e-08 1.09811e-07 1.62229e-07 2.3535e-07 3.35294e-07 4.69119e-07 6.4462e-07 8.69968e-07 1.15318e-06 1.50143e-06 1.92023e-06 2.41254e-06 2.97796e-06 3.612e-06 4.30567e-06 5.04546e-06 5.81366e-06 6.58917e-06 7.34862e-06 8.0677e-06 8.72259e-06 9.29123e-06 9.75445e-06 1.00967e-05 1.03067e-05 1.03774e-05 1.03067e-05 1.00967e-05 9.75445e-06 9.29123e-06 8.72259e-06 8.0677e-06 7.34862e-06 6.58917e-06 5.81366e-06 5.04546e-06 4.30567e-06 3.612e-06 2.97796e-06 2.41254e-06 1.92023e-06 1.50143e-06 1.15318e-06 8.69968e-07 6.4462e-07 4.69119e-07 3.35294e-07 2.3535e-07 1.62229e-07 1.09811e-07 7.29861e-08 4.76291e-08 3.05144e-08 1.91909e-08 1.18466e-08 7.17705e-09 4.26678e-09 2.48885e-09 1.42425e-09 7.99483e-10 4.40164e-10 2.37659e-10 1.2583e-10 6.53235e-11 3.32488e-11 1.65913e-11 8.11644e-12 3.89243e-12 1.82997e-12 8.43423e-13 3.81124e-13 1.68931e-13 7.36415e-14 3.20659e-14 1.51818e-14 
1.51818e-14 2.15508e-14 4.53986e-14 1.04007e-13 2.38033e-13 5.35775e-13 1.18288e-12 2.56038e-12 5.43288e-12 1.13007e-11 2.30429e-11 4.60606e-11 9.02613e-11 1.73411e-10 3.26655e-10 6.03359e-10 1.0929e-09 1.94158e-09 3.3834e-09 5.78404e-09 9.70172e-09 1.59686e-08 2.57953e-08 4.09007e-08 6.36633e-08 9.72891e-08 1.45982e-07 2.15098e-07 3.11246e-07 4.42317e-07 6.17372e-07 8.46379e-07 1.13974e-06 1.50761e-06 1.959e-06 2.50077e-06 3.13645e-06 3.86526e-06 4.68121e-06 5.5726e-06 6.52196e-06 7.50657e-06 8.49946e-06 9.47082e-06 1.03898e-05 1.1226e-05 1.19518e-05 1.25426e-05 1.2979e-05 1.32467e-05 1.33368e-05 1.32467e-05 1.2979e-05 1.25426e-05 1.19518e-05 1.1226e-05 1.03898e-05 9.47082e-06 8.49946e-06 7.50657e-06 6.52196e-06 5.5726e-06 4.68121e-06 3.86526e-06 3.13645e-06 2.50077e-06 1.959e-06 1.50761e-06 1.13974e-06 8.46379e-07 6.17372e-07 4.42317e-07 3.11246e-07 2.15098e-07 1.45982e-07 9.72891e-08 6.36633e-08 4.09007e-08 2.57953e-08 1.59686e-08 9.70172e-09 5.78404e-09 3.3834e-09 1.94158e-09 1.0929e-09 6.03359e-10 3.26655e-10 1.73411e-10 9.02613e-11 4.60606e-11 2.30429e-11 1.13007e-11 5.43288e-12 2.56038e-12 1.18288e-12 5.35775e-13 2.38033e-13 1.04007e-13 4.53986e-14 2.15508e-14 
3.20659e-14 4.53986e-14 9.52203e-14 2.17267e-13 4.95312e-13 1.11055e-12 2.44224e-12 5.26521e-12 1.11269e-11 2.30491e-11 4.68004e-11 9.31479e-11 1.81735e-10 3.47594e-10 6.51785e-10 1.19833e-09 2.16039e-09 3.81968e-09 6.62395e-09 1.12685e-08 1.88077e-08 3.0803e-08 4.95113e-08 7.8115e-08 1.20989e-07 1.83989e-07 2.74744e-07 4.02905e-07 5.80304e-07 8.20963e-07 1.14087e-06 1.55749e-06 2.08888e-06 2.75247e-06 3.56356e-06 4.53342e-06 5.66748e-06 6.96347e-06 8.41004e-06 9.98596e-06 1.16601e-05 1.33924e-05 1.51356e-05 1.68379e-05 1.84456e-05 1.99067e-05 2.1173e-05 2.22031e-05 2.29634e-05 2.34294e-05 2.35864e-05 2.34294e-05 2.29634e-05 2.22031e-05 2.1173e-05 1.99067e-05 1.84456e-05 1.68379e-05 1.51356e-05 1.33924e-05 1.16601e-05 9.98596e-06 8.41004e-06 6.96347e-06 5.66748e-06 4.53342e-06 3.56356e-06 2.75247e-06 2.08888e-06 1.55749e-06 1.14087e-06 8.20963e-07 5.80304e-07 4.02905e-07 2.74744e-07 1.83989e-07 1.20989e-07 7.8115e-08 4.95113e-08 3.0803e-08 1.88077e-08 1.12685e-08 6.62395e-09 3.81968e-09 2.16039e-09 1.19833e-09 6.51785e-10 3.47594e-10 1.81735e-10 9.31479e-11 4.68004e-11 2.30491e-11 1.11269e-11 5.26521e-12 2.44224e-12 1.11055e-12 4.95312e-13 2.17267e-13 9.52203e-14 4.53986e-14 
7.36415e-14 1.04007e-13 2.17267e-13 4.9388e-13 1.12186e-12 2.50627e-12 5.49147e-12 1.17951e-11 2.48322e-11 5.12407e-11 1.03634e-10 2.05437e-10 3.99175e-10 7.60288e-10 1.41956e-09 2.59857e-09 4.66406e-09 8.20914e-09 1.41709e-08 2.39954e-08 3.9862e-08 6.49774e-08 1.03947e-07 1.6322e-07 2.51607e-07 3.80822e-07 5.66022e-07 8.26254e-07 1.18471e-06 1.66868e-06 2.30907e-06 3.13934e-06 4.1938e-06 5.50525e-06 7.10196e-06 9.00425e-06 1.12209e-05 1.37459e-05 1.65559e-05 1.96086e-05 2.28434e-05 2.61828e-05 2.95361e-05 3.28045e-05 3.58864e-05 3.86832e-05 4.11044e-05 4.30719e-05 4.4523e-05 4.54121e-05 4.57116e-05 4.54121e-05 4.4523e-05 4.30719e-05 4.11044e-05 3.86832e-05 3.58864e-05 3.28045e-05 2.95361e-05 2.61828e-05 2.28434e-05 1.96086e-05 1.65559e-05 1.37459e-05 1.12209e-05 9.00425e-06 7.10196e-06 5.50525e-06 4.1938e-06 3.13934e-06 2.30907e-06 1.66868e-06 1.18471e-06 8.26254e-07 5.66022e-07 3.80822e-07 2.51607e-07 1.6322e-07 1.03947e-07 6.49774e-08 3.9862e-08 2.39954e-08 1.41709e-08 8.20914e-09 4.66406e-09 2.59857e-09 1.41956e-09 7.60288e-10 3.99175e-10 2.05437e-10 1.03634e-10 5.12407e-11 2.48322e-11 1.17951e-11 5.49147e-12 2.50627e-12 1.12186e-12 4.9388e-13 2.17267e-13 1.04007e-13 
1.68931e-13 2.38033e-13 4.95312e-13 1.12186e-12 2.53949e-12 5.65371e-12 1.23445e-11 2.64204e-11 5.54217e-11 1.13941e-10 2.29578e-10 4.53357e-10 8.77451e-10 1.66457e-09 3.09532e-09 5.64257e-09 1.00847e-08 1.76735e-08 3.03751e-08 5.12054e-08 8.4682e-08 1.37411e-07 2.18818e-07 3.42024e-07 5.24829e-07 7.90752e-07 1.17002e-06 1.70037e-06 2.42742e-06 3.40452e-06 4.69159e-06 6.35303e-06 8.45429e-06 1.10572e-05 1.42143e-05 1.7962e-05 2.23144e-05 2.72564e-05 3.27399e-05 3.8681e-05 4.49606e-05 5.14284e-05 5.79098e-05 6.42156e-05 7.01518e-05 7.55313e-05 8.01829e-05 8.39593e-05 8.67426e-05 8.84471e-05 8.9021e-05 8.84471e-05 8.67426e-05 8.39593e-05 8.01829e-05 7.55313e-05 7.01518e-05 6.42156e-05 5.79098e-05 5.14284e-05 4.49606e-05 3.8681e-05 3.27399e-05 2.72564e-05 2.23144e-05 1.7962e-05 1.42143e-05 1.10572e-05 8.45429e-06 6.35303e-06 4.69159e-06 3.40452e-06 2.42742e-06 1.70037e-06 1.17002e-06 7.90752e-07 5.24829e-07 3.42024e-07 2.18818e-07 1.37411e-07 8.4682e-08 5.12054e-08 3.03751e-08 1.76735e-08 1.00847e-08 5.64257e-09 3.09532e-09 1.66457e-09 8.77451e-10 4.53357e-10 2.29578e-10 1.13941e-10 5.54217e-11 2.64204e-11 1.23445e-11 5.65371e-12 2.53949e-12 1.12186e-12 4.95312e-13 2.38033e-13 
3.81124e-13 5.35775e-13 1.11055e-12 2.50627e-12 5.65371e-12 1.25435e-11 2.72925e-11 5.82061e-11 1.21658e-10 2.49197e-10 5.00229e-10 9.84056e-10 1.89719e-09 3.58476e-09 6.63899e-09 1.20524e-08 2.145e-08 3.74299e-08 6.40492e-08 1.07494e-07 1.76972e-07 2.85866e-07 4.53144e-07 7.05042e-07 1.07691e-06 1.61516e-06 2.37901e-06 3.4419e-06 4.89201e-06 6.83166e-06 9.37495e-06 1.26435e-05 1.67597e-05 2.18378e-05 2.79732e-05 3.52297e-05 4.36276e-05 5.31325e-05 6.36471e-05 7.50071e-05 8.69836e-05 9.92903e-05 0.000111597 0.000123547 0.000134779 0.000144942 0.00015372 0.000160839 0.000166082 0.000169291 0.000170372 0.000169291 0.000166082 0.000160839 0.00015372 0.000144942 0.000134779 0.000123547 0.000111597 9.92903e-05 8.69836e-05 7.50071e-05 6.36471e-05 5.31325e-05 4.36276e-05 3.52297e-05 2.79732e-05 2.18378e-05 1.67597e-05 1.26435e-05 9.37495e-06 6.83166e-06 4.89201e-06 3.4419e-06 2.37901e-06 1.61516e-06 1.07691e-06 7.05042e-07 4.53144e-07 2.85866e-07 1.76972e-07 1.07494e-07 6.40492e-08 3.74299e-08 2.145e-08 1.20524e-08 6.63899e-09 3.58476e-09 1.89719e-09 9.84056e-10 5.00229e-10 2.49197e-10 1.21658e-10 5.82061e-11 2.72925e-11 1.25435e-11 5.65371e-12 2.50627e-12 1.11055e-12 5.35775e-13 
8.43423e-13 1.18288e-12 2.44224e-12 5.49147e-12 1.23445e-11 2.72925e-11 5.91742e-11 1.25748e-10 2.61873e-10 5.34418e-10 1.06872e-09 2.09431e-09 4.02181e-09 7.56883e-09 1.39602e-08 2.52375e-08 4.47247e-08 7.77053e-08 1.3238e-07 2.21177e-07 3.62478e-07 5.82821e-07 9.19581e-07 1.42409e-06 2.16505e-06 3.23201e-06 4.73847e-06 6.82409e-06 9.65541e-06 1.34241e-05 1.83423e-05 2.46341e-05 3.25225e-05 4.22133e-05 5.38743e-05 6.76134e-05 8.34565e-05 0.000101327 0.000121034 0.000142264 0.000164586 0.000187467 0.000210297 0.000232423 0.000253182 0.000271938 0.000288116 0.000301225 0.000310872 0.000316773 0.00031876 0.000316773 0.000310872 0.000301225 0.000288116 0.000271938 0.000253182 0.000232423 0.000210297 0.000187467 0.000164586 0.000142264 0.000121034 0.000101327 8.34565e-05 6.76134e-05 5.38743e-05 4.22133e-05 3.25225e-05 2.46341e-05 1.83423e-05 1.34241e-05 9.65541e-06 6.82409e-06 4.73847e-06 3.23201e-06 2.16505e-06 1.42409e-06 9.19581e-07 5.82821e-07 3.62478e-07 2.21177e-07 1.3238e-07 7.77053e-08 4.47247e-08 2.52375e-08 1.39602e-08 7.56883e-09 4.02181e-09 2.09431e-09 1.06872e-09 5.34418e-10 2.61873e-10 1.25748e-10 5.91742e-11 2.72925e-11 1.23445e-11 5.49147e-12 2.44224e-12 1.18288e-12 
1.82997e-12 2.56038e-12 5.26521e-12 1.17951e-11 2.64204e-11 5.82061e-11 1.25748e-10 2.6625e-10 5.52425e-10 1.12313e-09 2.23742e-09 4.36743e-09 8.35365e-09 1.56573e-08 2.8759e-08 5.17713e-08 9.13504e-08 1.58015e-07 2.6799e-07 4.45707e-07 7.2707e-07 1.16356e-06 1.82718e-06 2.81613e-06 4.2609e-06 6.33031e-06 9.23673e-06 1.32396e-05 1.86456e-05 2.58051e-05 3.51024e-05 4.69394e-05 6.17119e-05 7.97795e-05 0.000101429 0.000126834 0.000156019 0.000188823 0.000224878 0.0002636 0.000304199 0.000345709 0.00038703 0.000426993 0.000464418 0.00049818 0.000527263 0.000550802 0.00056811 0.000578693 0.000582254 0.000578693 0.00056811 0.000550802 0.000527263 0.00049818 0.000464418 0.000426993 0.00038703 0.000345709 0.000304199 0.0002636 0.000224878 0.000188823 0.000156019 0.000126834 0.000101429 7.97795e-05 6.17119e-05 4.69394e-05 3.51024e-05 2.58051e-05 1.86456e-05 1.32396e-05 9.23673e-06 6.33031e-06 4.2609e-06 2.81613e-06 1.82718e-06 1.16356e-06 7.2707e-07 4.45707e-07 2.6799e-07 1.58015e-07 9.13504e-08 5.17713e-08 2.8759e-08 1.56573e-08 8.35365e-09 4.36743e-09 2.23742e-09 1.12313e-09 5.52425e-10 2.6625e-10 1.25748e-10 5.82061e-11 2.64204e-11 1.17951e-11 5.26521e-12 2.56038e-12 
3.89243e-12 5.43288e-12 1.11269e-11 2.48322e-11 5.54217e-11 1.21658e-10 2.61873e-10 5.52425e-10 1.14189e-09 2.3127e-09 4.58931e-09 8.92285e-09 1.69979e-08 3.1728e-08 5.80323e-08 1.0402e-07 1.82738e-07 3.1468e-07 5.31258e-07 8.79462e-07 1.42788e-06 2.27417e-06 3.55394e-06 5.45078e-06 8.2068e-06 1.21328e-05 1.76168e-05 2.51286e-05 3.52196e-05 4.85136e-05 6.56885e-05 8.7446e-05 0.000114469 0.000147366 0.00018661 0.00023247 0.000284944 0.000343705 0.000408065 0.000476962 0.000548986 0.000622426 0.000695354 0.000765729 0.000831507 0.000890748 0.000941707 0.000982906 0.00101317 0.00103167 0.00103789 0.00103167 0.00101317 0.000982906 0.000941707 0.000890748 0.000831507 0.000765729 0.000695354 0.000622426 0.000548986 0.000476962 0.000408065 0.000343705 0.000284944 0.00023247 0.00018661 0.000147366 0.000114469 8.7446e-05 6.56885e-05 4.85136e-05 3.52196e-05 2.51286e-05 1.76168e-05 1.21328e-05 8.2068e-06 5.45078e-06 3.55394e-06 2.27417e-06 1.42788e-06 8.79462e-07 5.31258e-07 3.1468e-07 1.82738e-07 1.0402e-07 5.80323e-08 3.1728e-08 1.69979e-08 8.92285e-09 4.58931e-09 2.3127e-09 1.14189e-09 5.52425e-10 2.61873e-10 1.21658e-10 5.54217e-11 2.48322e-11 1.11269e-11 5.43288e-12 
8.11644e-12 1.13007e-11 2.30491e-11 5.12407e-11 1.13941e-10 2.49197e-10 5.34418e-10 1.12313e-09 2.3127e-09 4.66581e-09 9.22222e-09 1.78583e-08 3.38803e-08 6.29756e-08 1.14694e-07 2.04685e-07 3.57982e-07 6.13654e-07 1.0312e-06 1.69902e-06 2.74525e-06 4.35101e-06 6.76595e-06 1.03254e-05 1.54681e-05 2.27529e-05 3.2871e-05 4.66531e-05 6.50646e-05 8.91876e-05 0.000120187 0.000159252 0.000207527 0.000266012 0.000335457 0.000416252 0.000508313 0.000611 0.00072306 0.000842614 0.000967201 0.00109387 0.00121934 0.00134013 0.0014528 0.0015541 0.0016411 0.00171136 0.00176293 0.00179442 0.00180501 0.00179442 0.00176293 0.00171136 0.0016411 0.0015541 0.0014528 0.00134013 0.00121934 0.00109387 0.000967201 0.000842614 0.00072306 0.000611 0.000508313 0.000416252 0.000335457 0.000266012 0.000207527 0.000159252 0.000120187 8.91876e-05 6.50646e-05 4.66531e-05 3.2871e-05 2.27529e-05 1.54681e-05 1.03254e-05 6.76595e-06 4.35101e-06 2.74525e-06 1.69902e-06 1.0312e-06 6.13654e-07 3.57982e-07 2.04685e-07 1.14694e-07 6.29756e-08 3.38803e-08 1.78583e-08 9.22222e-09 4.66581e-09 2.3127e-09 1.12313e-09 5.34418e-10 2.49197e-10 1.13941e-10 5.12407e-11 2.30491e-11 1.13007e-11 
1.65913e-11 2.30429e-11 4.68004e-11 1.03634e-10 2.29578e-10 5.00229e-10 1.06872e-09 2.23742e-09 4.58931e-09 9.22222e-09 1.81549e-08 3.50121e-08 6.6147e-08 1.22428e-07 2.22003e-07 3.94436e-07 6.86723e-07 1.17174e-06 1.95974e-06 3.21339e-06 5.16675e-06 8.14822e-06 1.26069e-05 1.91412e-05 2.85275e-05 4.17461e-05 5.99994e-05 8.47184e-05 0.00011755 0.000160323 0.000214982 0.00028349 0.000367702 0.000469206 0.000589148 0.000728043 0.000885613 0.00106065 0.00125092 0.00145319 0.00166327 0.00187623 0.00208659 0.00228861 0.00247664 0.00264537 0.00279007 0.00290676 0.00299234 0.00304457 0.00306212 0.00304457 0.00299234 0.00290676 0.00279007 0.00264537 0.00247664 0.00228861 0.00208659 0.00187623 0.00166327 0.00145319 0.00125092 0.00106065 0.000885613 0.000728043 0.000589148 0.000469206 0.000367702 0.00028349 0.000214982 0.000160323 0.00011755 8.47184e-05 5.99994e-05 4.17461e-05 2.85275e-05 1.91412e-05 1.26069e-05 8.14822e-06 5.16675e-06 3.21339e-06 1.95974e-06 1.17174e-06 6.86723e-07 3.94436e-07 2.22003e-07 1.22428e-07 6.6147e-08 3.50121e-08 1.81549e-08 9.22222e-09 4.58931e-09 2.23742e-09 1.06872e-09 5.00229e-10 2.29578e-10 1.03634e-10 4.68004e-11 2.30429e-11 
3.32488e-11 4.60606e-11 9.31479e-11 2.05437e-10 4.53357e-10 9.84056e-10 2.09431e-09 4.36743e-09 8.92285e-09 1.78583e-08 3.50121e-08 6.72402e-08 1.26495e-07 2.3311e-07 4.20838e-07 7.44338e-07 1.28995e-06 2.19067e-06 3.64633e-06 5.94966e-06 9.51872e-06 1.49355e-05 2.29893e-05 3.47233e-05 5.14789e-05 7.49344e-05 0.000107129 0.000150466 0.000207683 0.000281784 0.000375927 0.000493255 0.000636683 0.000808644 0.0010108 0.00124376 0.00150683 0.00179778 0.00211277 0.00244636 0.00279163 0.0031405 0.0034841 0.00381324 0.00411889 0.00439262 0.00462697 0.00481571 0.00495397 0.0050383 0.00506664 0.0050383 0.00495397 0.00481571 0.00462697 0.00439262 0.00411889 0.00381324 0.0034841 0.0031405 0.00279163 0.00244636 0.00211277 0.00179778 0.00150683 0.00124376 0.0010108 0.000808644 0.000636683 0.000493255 0.000375927 0.000281784 0.000207683 0.000150466 0.000107129 7.49344e-05 5.14789e-05 3.47233e-05 2.29893e-05 1.49355e-05 9.51872e-06 5.94966e-06 3.64633e-06 2.19067e-06 1.28995e-06 7.44338e-07 4.20838e-07 2.3311e-07 1.26495e-07 6.72402e-08 3.50121e-08 1.78583e-08 8.92285e-09 4.36743e-09 2.09431e-09 9.84056e-10 4.53357e-10 2.05437e-10 9.31479e-11 4.60606e-11 
6.53235e-11 9.02613e-11 1.81735e-10 3.99175e-10 8.77451e-10 1.89719e-09 4.02181e-09 8.35365e-09 1.69979e-08 3.38803e-08 6.6147e-08 1.26495e-07 2.36938e-07 4.34714e-07 7.81271e-07 1.3755e-06 2.37259e-06 4.01003e-06 6.64207e-06 1.07838e-05 1.71653e-05 2.67945e-05 4.10271e-05 6.16386e-05 9.08916e-05 0.000131589 0.000187104 0.000261368 0.000358809 0.000484232 0.000642613 0.000838831 0.00107732 0.00136165 0.00169412 0.00207529 0.00250362 0.00297518 0.00348351 0.0040197 0.00457262 0.00512942 0.00567612 0.00619838 0.00668218 0.00711454 0.00748405 0.00778122 0.00799868 0.00813121 0.00817573 0.00813121 0.00799868 0.00778122 0.00748405 0.00711454 0.00668218 0.00619838 0.00567612 0.00512942 0.00457262 0.0040197 0.00348351 0.00297518 0.00250362 0.00207529 0.00169412 0.00136165 0.00107732 0.000838831 0.000642613 0.000484232 0.000358809 0.000261368 0.000187104 0.000131589 9.08916e-05 6.16386e-05 4.10271e-05 2.67945e-05 1.71653e-05 1.07838e-05 6.64207e-06 4.01003e-06 2.37259e-06 1.3755e-06 7.81271e-07 4.34714e-07 2.36938e-07 1.26495e-07 6.6147e-08 3.38803e-08 1.69979e-08 8.35365e-09 4.02181e-09 1.89719e-09 8.77451e-10 3.99175e-10 1.81735e-10 9.02613e-11 
1.2583e-10 1.73411e-10 3.47594e-10 7.60288e-10 1.66457e-09 3.58476e-09 7.56883e-09 1.56573e-08 3.1728e-08 6.29756e-08 1.22428e-07 2.3311e-07 4.34714e-07 7.93997e-07 1.42044e-06 2.48914e-06 4.27305e-06 7.18696e-06 1.18451e-05 1.9134e-05 3.02995e-05 4.7048e-05 7.16538e-05 0.000107068 0.000157016 0.000226064 0.000319648 0.000444035 0.000606196 0.000813592 0.00107384 0.00139427 0.00178137 0.00224019 0.00277367 0.00338199 0.00406208 0.00480718 0.00560674 0.00644655 0.00730918 0.00817475 0.00902187 0.00982874 0.0105743 0.011239 0.0118061 0.0122615 0.0125943 0.012797 0.0128651 0.012797 0.0125943 0.0122615 0.0118061 0.011239 0.0105743 0.00982874 0.00902187 0.00817475 0.00730918 0.00644655 0.00560674 0.00480718 0.00406208 0.00338199 0.00277367 0.00224019 0.00178137 0.00139427 0.00107384 0.000813592 0.000606196 0.000444035 0.000319648 0.000226064 0.000157016 0.000107068 7.16538e-05 4.7048e-05 3.02995e-05 1.9134e-05 1.18451e-05 7.18696e-06 4.27305e-06 2.48914e-06 1.42044e-06 7.93997e-07 4.34714e-07 2.3311e-07 1.22428e-07 6.29756e-08 3.1728e-08 1.56573e-08 7.56883e-09 3.58476e-09 1.66457e-09 7.60288e-10 3.47594e-10 1.73411e-10 
2.37659e-10 3.26655e-10 6.51785e-10 1.41956e-09 3.09532e-09 6.63899e-09 1.39602e-08 2.8759e-08 5.80323e-08 1.14694e-07 2.22003e-07 4.20838e-07 7.81271e-07 1.42044e-06 2.52929e-06 4.41116e-06 7.53579e-06 1.26119e-05 2.06812e-05 3.3235e-05 5.23526e-05 8.08559e-05 0.000122473 0.000181992 0.000265398 0.000379946 0.000534176 0.000737808 0.00100152 0.00133655 0.00175422 0.00226514 0.00287849 0.00360101 0.00443614 0.00538303 0.00643591 0.00758354 0.00880914 0.0100907 0.0114016 0.012712 0.01399 0.0152036 0.0163218 0.0173165 0.0181634 0.0188423 0.0193379 0.0196395 0.0197407 0.0196395 0.0193379 0.0188423 0.0181634 0.0173165 0.0163218 0.0152036 0.01399 0.012712 0.0114016 0.0100907 0.00880914 0.00758354 0.00643591 0.00538303 0.00443614 0.00360101 0.00287849 0.00226514 0.00175422 0.00133655 0.00100152 0.000737808 0.000534176 0.000379946 0.000265398 0.000181992 0.000122473 8.08559e-05 5.23526e-05 3.3235e-05 2.06812e-05 1.26119e-05 7.53579e-06 4.41116e-06 2.52929e-06 1.42044e-06 7.81271e-07 4.20838e-07 2.22003e-07 1.14694e-07 5.80323e-08 2.8759e-08 1.39602e-08 6.63899e-09 3.09532e-09 1.41956e-09 6.51785e-10 3.26655e-10 
4.40164e-10 6.03359e-10 1.19833e-09 2.59857e-09 5.64257e-09 1.20524e-08 2.52375e-08 5.17713e-08 1.0402e-07 2.04685e-07 3.94436e-07 7.44338e-07 1.3755e-06 2.48914e-06 4.41116e-06 7.65591e-06 1.30143e-05 2.16708e-05 3.53533e-05 5.65152e-05 8.85477e-05 0.000136012 0.000204875 0.000302724 0.000438938 0.000624759 0.000873252 0.00119909 0.00161816 0.00214693 0.00280159 0.00359706 0.00454569 0.00565601 0.00693139 0.00836883 0.00995805 0.011681 0.0135116 0.0154167 0.0173569 0.0192885 0.0211656 0.022942 0.0245742 0.0260225 0.0272528 0.0282374 0.0289553 0.0293918 0.0295382 0.0293918 0.0289553 0.0282374 0.0272528 0.0260225 0.0245742 0.022942 0.0211656 0.0192885 0.0173569 0.0154167 0.0135116 0.011681 0.00995805 0.00836883 0.00693139 0.00565601 0.00454569 0.00359706 0.00280159 0.00214693 0.00161816 0.00119909 0.000873252 0.000624759 0.000438938 0.000302724 0.000204875 0.000136012 8.85477e-05 5.65152e-05 3.53533e-05 2.16708e-05 1.30143e-05 7.65591e-06 4.41116e-06 2.48914e-06 1.3755e-06 7.44338e-07 3.94436e-07 2.04685e-07 1.0402e-07 5.17713e-08 2.52375e-08 1.20524e-08 5.64257e-09 2.59857e-09 1.19833e-09 6.03359e-10 
7.99483e-10 1.0929e-09 2.16039e-09 4.66406e-09 1.00847e-08 2.145e-08 4.47247e-08 9.13504e-08 1.82738e-07 3.57982e-07 6.86723e-07 1.28995e-06 2.37259e-06 4.27305e-06 7.53579e-06 1.30143e-05 2.20115e-05 3.64642e-05 5.91751e-05 9.40908e-05 0.000146618 0.000223959 0.000335442 0.000492806 0.000710386 0.00100516 0.0013966 0.00190625 0.00255706 0.00337237 0.00437466 0.00558397 0.00701619 0.00868125 0.0105813 0.0127094 0.0150481 0.0175691 0.0202332 0.0229919 0.0257884 0.0285605 0.0312438 0.0337745 0.0360924 0.0381436 0.0398822 0.0412711 0.0422823 0.0428965 0.0431024 0.0428965 0.0422823 0.0412711 0.0398822 0.0381436 0.0360924 0.0337745 0.0312438 0.0285605 0.0257884 0.0229919 0.0202332 0.0175691 0.0150481 0.0127094 0.0105813 0.00868125 0.00701619 0.00558397 0.00437466 0.00337237 0.00255706 0.00190625 0.0013966 0.00100516 0.000710386 0.000492806 0.000335442 0.000223959 0.000146618 9.40908e-05 5.91751e-05 3.64642e-05 2.20115e-05 1.30143e-05 7.53579e-06 4.27305e-06 2.37259e-06 1.28995e-06 6.86723e-07 3.57982e-07 1.82738e-07 9.13504e-08 4.47247e-08 2.145e-08 1.00847e-08 4.66406e-09 2.16039e-09 1.0929e-09 
1.42425e-09 1.94158e-09 3.81968e-09 8.20914e-09 1.76735e-08 3.74299e-08 7.77053e-08 1.58015e-07 3.1468e-07 6.13654e-07 1.17174e-06 2.19067e-06 4.01003e-06 7.18696e-06 1.26119e-05 2.16708e-05 3.64642e-05 6.00902e-05 9.69953e-05 0.000153387 0.00023769 0.000361019 0.000537618 0.000785207 0.00112516 0.00158248 0.00218539 0.00296465 0.00395243 0.00518076 0.00667967 0.00847495 0.0105858 0.0130226 0.0157843 0.0188569 0.0222122 0.0258072 0.0295849 0.0334757 0.0374004 0.0412733 0.0450066 0.0485143 0.0517166 0.0545423 0.0569316 0.0588365 0.0602214 0.0610617 0.0613434 0.0610617 0.0602214 0.0588365 0.0569316 0.0545423 0.0517166 0.0485143 0.0450066 0.0412733 0.0374004 0.0334757 0.0295849 0.0258072 0.0222122 0.0188569 0.0157843 0.0130226 0.0105858 0.00847495 0.00667967 0.00518076 0.00395243 0.00296465 0.00218539 0.00158248 0.00112516 0.000785207 0.000537618 0.000361019 0.00023769 0.000153387 9.69953e-05 6.00902e-05 3.64642e-05 2.16708e-05 1.26119e-05 7.18696e-06 4.01003e-06 2.19067e-06 1.17174e-06 6.13654e-07 3.1468e-07 1.58015e-07 7.77053e-08 3.74299e-08 1.76735e-08 8.20914e-09 3.81968e-09 1.94158e-09 
2.48885e-09 3.3834e-09 6.62395e-09 1.41709e-08 3.03751e-08 6.40492e-08 1.3238e-07 2.6799e-07 5.31258e-07 1.0312e-06 1.95974e-06 3.64633e-06 6.64207e-06 1.18451e-05 2.06812e-05 3.53533e-05 5.91751e-05 9.69953e-05 0.000155714 0.000244878 0.000377322 0.000569803 0.000843561 0.0012247 0.00174433 0.00243826 0.00334636 0.00451127 0.00597668 0.00778504 0.00997486 0.0125777 0.0156152 0.0190957 0.0230119 0.0273387 0.032032 0.0370286 0.0422475 0.0475925 0.0529556 0.0582224 0.063277 0.0680074 0.0723107 0.0760963 0.079289 0.0818292 0.0836729 0.0847905 0.0851649 0.0847905 0.0836729 0.0818292 0.079289 0.0760963 0.0723107 0.0680074 0.063277 0.0582224 0.0529556 0.0475925 0.0422475 0.0370286 0.032032 0.0273387 0.0230119 0.0190957 0.0156152 0.0125777 0.00997486 0.00778504 0.00597668 0.00451127 0.00334636 0.00243826 0.00174433 0.0012247 0.000843561 0.000569803 0.000377322 0.000244878 0.000155714 9.69953e-05 5.91751e-05 3.53533e-05 2.06812e-05 1.18451e-05 6.64207e-06 3.64633e-06 1.95974e-06 1.0312e-06 5.31258e-07 2.6799e-07 1.3238e-07 6.40492e-08 3.03751e-08 1.41709e-08 6.62395e-09 3.3834e-09 
4.26678e-09 5.78404e-09 1.12685e-08 2.39954e-08 5.12054e-08 1.07494e-07 2.21177e-07 4.45707e-07 8.79462e-07 1.69902e-06 3.21339e-06 5.94966e-06 1.07838e-05 1.9134e-05 3.3235e-05 5.65152e-05 9.40908e-05 0.000153387 0.000244878 0.000382923 0.000586634 0.000880698 0.00129605 0.00187022 0.00264733 0.00367741 0.00501515 0.00671795 0.00884323 0.0114452 0.014571 0.018257 0.0225248 0.0273772 0.0327959 0.038739 0.0451401 0.051909 0.058934 0.0660855 0.0732214 0.0801931 0.0868525 0.0930585 0.0986828 0.103615 0.107762 0.111055 0.113441 0.114886 0.115369 0.114886 0.113441 0.111055 0.107762 0.103615 0.0986828 0.0930585 0.0868525 0.0801931 0.0732214 0.0660855 0.058934 0.051909 0.0451401 0.038739 0.0327959 0.0273772 0.0225248 0.018257 0.014571 0.0114452 0.00884323 0.00671795 0.00501515 0.00367741 0.00264733 0.00187022 0.00129605 0.000880698 0.000586634 0.000382923 0.000244878 0.000153387 9.40908e-05 5.65152e-05 3.3235e-05 1.9134e-05 1.07838e-05 5.94966e-06 3.21339e-06 1.69902e-06 8.79462e-07 4.45707e-07 2.21177e-07 1.07494e-07 5.12054e-08 2.39954e-08 1.12685e-08 5.78404e-09 
7.17705e-09 9.70172e-09 1.88077e-08 3.9862e-08 8.4682e-08 1.76972e-07 3.62478e-07 7.2707e-07 1.42788e-06 2.74525e-06 5.16675e-06 9.51872e-06 1.71653e-05 3.02995e-05 5.23526e-05 8.85477e-05 0.000146618 0.00023769 0.000377322 0.000586634 0.000893448 0.00133331 0.00195021 0.00279683 0.00393414 0.0054302 0.00735798 0.00979233 0.0128062 0.0164658 0.0208262 0.0259258 0.0317819 0.0383866 0.0457037 0.0536671 0.0621805 0.071119 0.0803332 0.0896538 0.0988988 0.107882 0.116419 0.12434 0.131489 0.137736 0.142974 0.147123 0.150124 0.151939 0.152546 0.151939 0.150124 0.147123 0.142974 0.137736 0.131489 0.12434 0.116419 0.107882 0.0988988 0.0896538 0.0803332 0.071119 0.0621805 0.0536671 0.0457037 0.0383866 0.0317819 0.0259258 0.0208262 0.0164658 0.0128062 0.00979233 0.00735798 0.0054302 0.00393414 0.00279683 0.00195021 0.00133331 0.000893448 0.000586634 0.000377322 0.00023769 0.000146618 8.85477e-05 5.23526e-05 3.02995e-05 1.71653e-05 9.51872e-06 5.16675e-06 2.74525e-06 1.42788e-06 7.2707e-07 3.62478e-07 1.76972e-07 8.4682e-08 3.9862e-08 1.88077e-08 9.70172e-09 
1.18466e-08 1.59686e-08 3.0803e-08 6.49774e-08 1.37411e-07 2.85866e-07 5.82821e-07 1.16356e-06 2.27417e-06 4.35101e-06 8.14822e-06 1.49355e-05 2.67945e-05 4.7048e-05 8.08559e-05 0.000136012 0.000223959 0.000361019 0.000569803 0.000880698 0.00133331 0.00197764 0.0028748 0.00409693 0.00572621 0.00785268 0.0105709 0.0139754 0.0181553 0.0231882 0.0291338 0.036028 0.0438775 0.0526559 0.0623005 0.0727121 0.0837555 0.0952634 0.107041 0.118875 0.130538 0.141805 0.152456 0.16229 0.171128 0.178822 0.185253 0.190334 0.194001 0.196216 0.196957 0.196216 0.194001 0.190334 0.185253 0.178822 0.171128 0.16229 0.152456 0.141805 0.130538 0.118875 0.107041 0.0952634 0.0837555 0.0727121 0.0623005 0.0526559 0.0438775 0.036028 0.0291338 0.0231882 0.0181553 0.0139754 0.0105709 0.00785268 0.00572621 0.00409693 0.0028748 0.00197764 0.00133331 0.000880698 0.000569803 0.000361019 0.000223959 0.000136012 8.08559e-05 4.7048e-05 2.67945e-05 1.49355e-05 8.14822e-06 4.35101e-06 2.27417e-06 1.16356e-06 5.82821e-07 2.85866e-07 1.37411e-07 6.49774e-08 3.0803e-08 1.59686e-08 
1.91909e-08 2.57953e-08 4.95113e-08 1.03947e-07 2.18818e-07 4.53144e-07 9.19581e-07 1.82718e-06 3.55394e-06 6.76595e-06 1.26069e-05 2.29893e-05 4.10271e-05 7.16538e-05 0.000122473 0.000204875 0.000335442 0.000537618 0.000843561 0.00129605 0.00195021 0.0028748 0.00415271 0.00588035 0.00816565 0.0111245 0.0148759 0.019535 0.0252064 0.0319758 0.0399025 0.0490127 0.0592935 0.0706898 0.083102 0.0963873 0.110363 0.12481 0.139485 0.154123 0.168454 0.182211 0.195142 0.20702 0.217646 0.226859 0.234535 0.240582 0.244938 0.247565 0.248442 0.247565 0.244938 0.240582 0.234535 0.226859 0.217646 0.20702 0.195142 0.182211 0.168454 0.154123 0.139485 0.12481 0.110363 0.0963873 0.083102 0.0706898 0.0592935 0.0490127 0.0399025 0.0319758 0.0252064 0.019535 0.0148759 0.0111245 0.00816565 0.00588035 0.00415271 0.0028748 0.00195021 0.00129605 0.000843561 0.000537618 0.000335442 0.000204875 0.000122473 7.16538e-05 4.10271e-05 2.29893e-05 1.26069e-05 6.76595e-06 3.55394e-06 1.82718e-06 9.19581e-07 4.53144e-07 2.18818e-07 1.03947e-07 4.95113e-08 2.57953e-08 
3.05144e-08 4.09007e-08 7.8115e-08 1.6322e-07 3.42024e-07 7.05042e-07 1.42409e-06 2.81613e-06 5.45078e-06 1.03254e-05 1.91412e-05 3.47233e-05 6.16386e-05 0.000107068 0.000181992 0.000302724 0.000492806 0.000785207 0.0012247 0.00187022 0.00279683 0.00409693 0.00588035 0.00827278 0.0114123 0.0154441 0.0205127 0.026754 0.0342846 0.0431928 0.0535295 0.0653006 0.0784622 0.0929179 0.10852 0.12507 0.142328 0.16002 0.177846 0.195492 0.212644 0.229001 0.244282 0.25824 0.270666 0.281394 0.290299 0.297294 0.302321 0.305348 0.306359 0.305348 0.302321 0.297294 0.290299 0.281394 0.270666 0.25824 0.244282 0.229001 0.212644 0.195492 0.177846 0.16002 0.142328 0.12507 0.10852 0.0929179 0.0784622 0.0653006 0.0535295 0.0431928 0.0342846 0.026754 0.0205127 0.0154441 0.0114123 0.00827278 0.00588035 0.00409693 0.00279683 0.00187022 0.0012247 0.000785207 0.000492806 0.000302724 0.000181992 0.000107068 6.16386e-05 3.47233e-05 1.91412e-05 1.03254e-05 5.45078e-06 2.81613e-06 1.42409e-06 7.05042e-07 3.42024e-07 1.6322e-07 7.8115e-08 4.09007e-08 
4.76291e-08 6.36633e-08 1.20989e-07 2.51607e-07 5.24829e-07 1.07691e-06 2.16505e-06 4.2609e-06 8.2068e-06 1.54681e-05 2.85275e-05 5.14789e-05 9.08916e-05 0.000157016 0.000265398 0.000438938 0.000710386 0.00112516 0.00174433 0.00264733 0.00393414 0.00572621 0.00816565 0.0114123 0.0156383 0.02102 0.0277279 0.0359149 0.0457044 0.0571782 0.0703674 0.0852448 0.101721 0.119645 0.138806 0.158942 0.179747 0.200887 0.222005 0.242741 0.262744 0.281683 0.299262 0.315224 0.329359 0.341506 0.35155 0.359414 0.365053 0.368442 0.369573 0.368442 0.365053 0.359414 0.35155 0.341506 0.329359 0.315224 0.299262 0.281683 0.262744 0.242741 0.222005 0.200887 0.179747 0.158942 0.138806 0.119645 0.101721 0.0852448 0.0703674 0.0571782 0.0457044 0.0359149 0.0277279 0.02102 0.0156383 0.0114123 0.00816565 0.00572621 0.00393414 0.00264733 0.00174433 0.00112516 0.000710386 0.000438938 0.000265398 0.000157016 9.08916e-05 5.14789e-05 2.85275e-05 1.54681e-05 8.2068e-06 4.2609e-06 2.16505e-06 1.07691e-06 5.24829e-07 2.51607e-07 1.20989e-07 6.36633e-08 
7.29861e-08 9.72891e-08 1.83989e-07 3.80822e-07 7.90752e-07 1.61516e-06 3.23201e-06 6.33031e-06 1.21328e-05 2.27529e-05 4.17461e-05 7.49344e-05 0.000131589 0.000226064 0.000379946 0.000624759 0.00100516 0.00158248 0.00243826 0.00367741 0.0054302 0.00785268 0.0111245 0.0154441 0.02102 0.0280604 0.0367589 0.0472799 0.0597442 0.0742153 0.0906897 0.109091 0.129269 0.151002 0.174005 0.197942 0.222438 0.247094 0.271503 0.295265 0.318 0.339365 0.359055 0.376822 0.392466 0.405843 0.416858 0.425452 0.431598 0.435287 0.436516 0.435287 0.431598 0.425452 0.416858 0.405843 0.392466 0.376822 0.359055 0.339365 0.318 0.295265 0.271503 0.247094 0.222438 0.197942 0.174005 0.151002 0.129269 0.109091 0.0906897 0.0742153 0.0597442 0.0472799 0.0367589 0.0280604 0.02102 0.0154441 0.0111245 0.00785268 0.0054302 0.00367741 0.00243826 0.00158248 0.00100516 0.000624759 0.000379946 0.000226064 0.000131589 7.49344e-05 4.17461e-05 2.27529e-05 1.21328e-05 6.33031e-06 3.23201e-06 1.61516e-06 7.90752e-07 3.80822e-07 1.83989e-07 9.72891e-08 
1.09811e-07 1.45982e-07 2.74744e-07 5.66022e-07 1.17002e-06 2.37901e-06 4.73847e-06 9.23673e-06 1.76168e-05 3.2871e-05 5.99994e-05 0.000107129 0.000187104 0.000319648 0.000534176 0.000873252 0.0013966 0.00218539 0.00334636 0.00501515 0.00735798 0.0105709 0.0148759 0.0205127 0.0277279 0.0367589 0.047817 0.0610693 0.0766209 0.0945016 0.114657 0.136942 0.16113 0.186913 0.213923 0.241741 0.269921 0.298006 0.325545 0.352108 0.377305 0.400791 0.422275 0.441527 0.458377 0.472708 0.484454 0.493585 0.500097 0.503998 0.505297 0.503998 0.500097 0.493585 0.484454 0.472708 0.458377 0.441527 0.422275 0.400791 0.377305 0.352108 0.325545 0.298006 0.269921 0.241741 0.213923 0.186913 0.16113 0.136942 0.114657 0.0945016 0.0766209 0.0610693 0.047817 0.0367589 0.0277279 0.0205127 0.0148759 0.0105709 0.00735798 0.00501515 0.00334636 0.00218539 0.0013966 0.000873252 0.000534176 0.000319648 0.000187104 0.000107129 5.99994e-05 3.2871e-05 1.76168e-05 9.23673e-06 4.73847e-06 2.37901e-06 1.17002e-06 5.66022e-07 2.74744e-07 1.45982e-07 
1.62229e-07 2.15098e-07 4.02905e-07 8.26254e-07 1.70037e-06 3.4419e-06 6.82409e-06 1.32396e-05 2.51286e-05 4.66531e-05 8.47184e-05 0.000150466 0.000261368 0.000444035 0.000737808 0.00119909 0.00190625 0.00296465 0.00451127 0.00671795 0.00979233 0.0139754 0.019535 0.026754 0.0359149 0.0472799 0.0610693 0.0774395 0.0964647 0.118123 0.142287 0.168729 0.197126 0.227073 0.258109 0.289732 0.321428 0.352688 0.383032 0.412017 0.439258 0.464429 0.487271 0.507589 0.525255 0.540195 0.552379 0.561814 0.568521 0.572531 0.573864 0.572531 0.568521 0.561814 0.552379 0.540195 0.525255 0.507589 0.487271 0.464429 0.439258 0.412017 0.383032 0.352688 0.321428 0.289732 0.258109 0.227073 0.197126 0.168729 0.142287 0.118123 0.0964647 0.0774395 0.0610693 0.0472799 0.0359149 0.026754 0.019535 0.0139754 0.00979233 0.00671795 0.00451127 0.00296465 0.00190625 0.00119909 0.000737808 0.000444035 0.000261368 0.000150466 8.47184e-05 4.66531e-05 2.51286e-05 1.32396e-05 6.82409e-06 3.4419e-06 1.70037e-06 8.26254e-07 4.02905e-07 2.15098e-07 
2.3535e-07 3.11246e-07 5.80304e-07 1.18471e-06 2.42742e-06 4.89201e-06 9.65541e-06 1.86456e-05 3.52196e-05 6.50646e-05 0.00011755 0.000207683 0.000358809 0.000606196 0.00100152 0.00161816 0.00255706 0.00395243 0.00597668 0.00884323 0.0128062 0.0181553 0.0252064 0.0342846 0.0457044 0.0597442 0.0766209 0.0964647 0.1193 0.145031 0.173443 0.204201 0.236874 0.270952 0.305875 0.341063 0.375941 0.409964 0.442637 0.473528 0.502274 0.52859 0.552264 0.573159 0.591197 0.606355 0.618653 0.628134 0.634852 0.638859 0.64019 0.638859 0.634852 0.628134 0.618653 0.606355 0.591197 0.573159 0.552264 0.52859 0.502274 0.473528 0.442637 0.409964 0.375941 0.341063 0.305875 0.270952 0.236874 0.204201 0.173443 0.145031 0.1193 0.0964647 0.0766209 0.0597442 0.0457044 0.0342846 0.0252064 0.0181553 0.0128062 0.00884323 0.00597668 0.00395243 0.00255706 0.00161816 0.00100152 0.000606196 0.000358809 0.000207683 0.00011755 6.50646e-05 3.52196e-05 1.86456e-05 9.65541e-06 4.89201e-06 2.42742e-06 1.18471e-06 5.80304e-07 3.11246e-07 
3.35294e-07 4.42317e-07 8.20963e-07 1.66868e-06 3.40452e-06 6.83166e-06 1.34241e-05 2.58051e-05 4.85136e-05 8.91876e-05 0.000160323 0.000281784 0.000484232 0.000813592 0.00133655 0.00214693 0.00337237 0.00518076 0.00778504 0.0114452 0.0164658 0.0231882 0.0319758 0.0431928 0.0571782 0.0742153 0.0945016 0.118123 0.145031 0.17504 0.207821 0.242923 0.279794 0.317814 0.356327 0.394683 0.43226 0.468497 0.502904 0.535079 0.564707 0.591562 0.615499 0.636445 0.654389 0.669368 0.681449 0.690719 0.697265 0.701159 0.702451 0.701159 0.697265 0.690719 0.681449 0.669368 0.654389 0.636445 0.615499 0.591562 0.564707 0.535079 0.502904 0.468497 0.43226 0.394683 0.356327 0.317814 0.279794 0.242923 0.207821 0.17504 0.145031 0.118123 0.0945016 0.0742153 0.0571782 0.0431928 0.0319758 0.0231882 0.0164658 0.0114452 0.00778504 0.00518076 0.00337237 0.00214693 0.00133655 0.000813592 0.000484232 0.000281784 0.000160323 8.91876e-05 4.85136e-05 2.58051e-05 1.34241e-05 6.83166e-06 3.40452e-06 1.66868e-06 8.20963e-07 4.42317e-07 
4.69119e-07 6.17372e-07 1.14087e-06 2.30907e-06 4.69159e-06 9.37495e-06 1.83423e-05 3.51024e-05 6.56885e-05 0.000120187 0.000214982 0.000375927 0.000642613 0.00107384 0.00175422 0.00280159 0.00437466 0.00667967 0.00997486 0.014571 0.0208262 0.0291338 0.0399025 0.0535295 0.0703674 0.0906897 0.114657 0.142287 0.173443 0.207821 0.244969 0.284302 0.325145 0.366767 0.408428 0.449419 0.489094 0.526892 0.562357 0.595138 0.624988 0.651758 0.675382 0.695865 0.713267 0.727687 0.739245 0.748068 0.754273 0.757955 0.759175 0.757955 0.754273 0.748068 0.739245 0.727687 0.713267 0.695865 0.675382 0.651758 0.624988 0.595138 0.562357 0.526892 0.489094 0.449419 0.408428 0.366767 0.325145 0.284302 0.244969 0.207821 0.173443 0.142287 0.114657 0.0906897 0.0703674 0.0535295 0.0399025 0.0291338 0.0208262 0.014571 0.00997486 0.00667967 0.00437466 0.00280159 0.00175422 0.00107384 0.000642613 0.000375927 0.000214982 0.000120187 6.56885e-05 3.51024e-05 1.83423e-05 9.37495e-06 4.69159e-06 2.30907e-06 1.14087e-06 6.17372e-07 
6.4462e-07 8.46379e-07 1.55749e-06 3.13934e-06 6.35303e-06 1.26435e-05 2.46341e-05 4.69394e-05 8.7446e-05 0.000159252 0.00028349 0.000493255 0.000838831 0.00139427 0.00226514 0.00359706 0.00558397 0.00847495 0.0125777 0.018257 0.0259258 0.036028 0.0490127 0.0653006 0.0852448 0.109091 0.136942 0.168729 0.204201 0.242923 0.284302 0.327618 0.372067 0.416821 0.461067 0.504059 0.545148 0.583801 0.619616 0.652316 0.68174 0.707828 0.730605 0.750158 0.766621 0.780155 0.790928 0.799106 0.804832 0.80822 0.809341 0.80822 0.804832 0.799106 0.790928 0.780155 0.766621 0.750158 0.730605 0.707828 0.68174 0.652316 0.619616 0.583801 0.545148 0.504059 0.461067 0.416821 0.372067 0.327618 0.284302 0.242923 0.204201 0.168729 0.136942 0.109091 0.0852448 0.0653006 0.0490127 0.036028 0.0259258 0.018257 0.0125777 0.00847495 0.00558397 0.00359706 0.00226514 0.00139427 0.000838831 0.000493255 0.00028349 0.000159252 8.7446e-05 4.69394e-05 2.46341e-05 1.26435e-05 6.35303e-06 3.13934e-06 1.55749e-06 8.46379e-07 
8.69968e-07 1.13974e-06 2.08888e-06 4.1938e-06 8.45429e-06 1.67597e-05 3.25225e-05 6.17119e-05 0.000114469 0.000207527 0.000367702 0.000636683 0.00107732 0.00178137 0.00287849 0.00454569 0.00701619 0.0105858 0.0156152 0.0225248 0.0317819 0.0438775 0.0592935 0.0784622 0.101721 0.129269 0.16113 0.197126 0.236874 0.279794 0.325145 0.372067 0.419643 0.466955 0.51314 0.557439 0.599224 0.638017 0.673492 0.705462 0.733867 0.758748 0.780222 0.798459 0.813665 0.826056 0.835847 0.843233 0.84838 0.851416 0.852419 0.851416 0.84838 0.843233 0.835847 0.826056 0.813665 0.798459 0.780222 0.758748 0.733867 0.705462 0.673492 0.638017 0.599224 0.557439 0.51314 0.466955 0.419643 0.372067 0.325145 0.279794 0.236874 0.197126 0.16113 0.129269 0.101721 0.0784622 0.0592935 0.0438775 0.0317819 0.0225248 0.0156152 0.0105858 0.00701619 0.00454569 0.00287849 0.00178137 0.00107732 0.000636683 0.000367702 0.000207527 0.000114469 6.17119e-05 3.25225e-05 1.67597e-05 8.45429e-06 4.1938e-06 2.08888e-06 1.13974e-06 
1.15318e-06 1.50761e-06 2.75247e-06 5.50525e-06 1.10572e-05 2.18378e-05 4.22133e-05 7.97795e-05 0.000147366 0.000266012 0.000469206 0.000808644 0.00136165 0.00224019 0.00360101 0.00565601 0.00868125 0.0130226 0.0190957 0.0273772 0.0383866 0.0526559 0.0706898 0.0929179 0.119645 0.151002 0.186913 0.227073 0.270952 0.317814 0.366767 0.416821 0.466955 0.516184 0.563621 0.608517 0.650295 0.688551 0.723055 0.753729 0.780618 0.803866 0.823684 0.840321 0.854045 0.865123 0.873805 0.88031 0.88482 0.88747 0.888344 0.88747 0.88482 0.88031 0.873805 0.865123 0.854045 0.840321 0.823684 0.803866 0.780618 0.753729 0.723055 0.688551 0.650295 0.608517 0.563621 0.516184 0.466955 0.416821 0.366767 0.317814 0.270952 0.227073 0.186913 0.151002 0.119645 0.0929179 0.0706898 0.0526559 0.0383866 0.0273772 0.0190957 0.0130226 0.00868125 0.00565601 0.00360101 0.00224019 0.00136165 0.000808644 0.000469206 0.000266012 0.000147366 7.97795e-05 4.22133e-05 2.18378e-05 1.10572e-05 5.50525e-06 2.75247e-06 1.50761e-06 
1.50143e-06 1.959e-06 3.56356e-06 7.10196e-06 1.42143e-05 2.79732e-05 5.38743e-05 0.000101429 0.00018661 0.000335457 0.000589148 0.0010108 0.00169412 0.00277367 0.00443614 0.00693139 0.0105813 0.0157843 0.0230119 0.0327959 0.0457037 0.0623005 0.083102 0.10852 0.138806 0.174005 0.213923 0.258109 0.305875 0.356327 0.408428 0.461067 0.51314 0.563621 0.611621 0.656434 0.697554 0.734676 0.767678 0.796597 0.82159 0.842901 0.860827 0.875688 0.887807 0.897487 0.905005 0.910596 0.914451 0.916707 0.917449 0.916707 0.914451 0.910596 0.905005 0.897487 0.887807 0.875688 0.860827 0.842901 0.82159 0.796597 0.767678 0.734676 0.697554 0.656434 0.611621 0.563621 0.51314 0.461067 0.408428 0.356327 0.305875 0.258109 0.213923 0.174005 0.138806 0.10852 0.083102 0.0623005 0.0457037 0.0327959 0.0230119 0.0157843 0.0105813 0.00693139 0.00443614 0.00277367 0.00169412 0.0010108 0.000589148 0.000335457 0.00018661 0.000101429 5.38743e-05 2.79732e-05 1.42143e-05 7.10196e-06 3.56356e-06 1.959e-06 
1.92023e-06 2.50077e-06 4.53342e-06 9.00425e-06 1.7962e-05 3.52297e-05 6.76134e-05 0.000126834 0.00023247 0.000416252 0.000728043 0.00124376 0.00207529 0.00338199 0.00538303 0.00836883 0.0127094 0.0188569 0.0273387 0.038739 0.0536671 0.0727121 0.0963873 0.12507 0.158942 0.197942 0.241741 0.289732 0.341063 0.394683 0.449419 0.504059 0.557439 0.608517 0.656434 0.70055 0.740451 0.775946 0.807033 0.833866 0.856711 0.875905 0.891821 0.904838 0.91532 0.923598 0.929964 0.934659 0.937874 0.939748 0.940364 0.939748 0.937874 0.934659 0.929964 0.923598 0.91532 0.904838 0.891821 0.875905 0.856711 0.833866 0.807033 0.775946 0.740451 0.70055 0.656434 0.608517 0.557439 0.504059 0.449419 0.394683 0.341063 0.289732 0.241741 0.197942 0.158942 0.12507 0.0963873 0.0727121 0.0536671 0.038739 0.0273387 0.0188569 0.0127094 0.00836883 0.00538303 0.00338199 0.00207529 0.00124376 0.000728043 0.000416252 0.00023247 0.000126834 6.76134e-05 3.52297e-05 1.7962e-05 9.00425e-06 4.53342e-06 2.50077e-06 
