0.000783193 0.000796247 0.000835597 0.000901816 0.000995843 0.00111898 0.00127285 0.00145941 0.00168088 0.00193972 0.0022386 0.00258033 0.0029678 0.00340395 0.00389165 0.00443368 0.00503262 0.0056908 0.00641016 0.00719227 0.00803813 0.00894818 0.00992222 0.0109593 0.0120577 0.0132148 0.0144273 0.0156908 0.0170002 0.0183494 0.0197314 0.0211386 0.0225624 0.0239936 0.0254226 0.0268389 0.028232 0.029591 0.0309049 0.0321628 0.0333538 0.0344676 0.0354941 0.0364239 0.0372485 0.0379601 0.0385519 0.0390183 0.0393547 0.0395578 0.0396258 0.0395578 0.0393547 0.0390183 0.0385519 0.0379601 0.0372485 0.0364239 0.0354941 0.0344676 0.0333538 0.0321628 0.0309049 0.029591 0.028232 0.0268389 0.0254226 0.0239936 0.0225624 0.0211386 0.0197314 0.0183494 0.0170002 0.0156908 0.0144273 0.0132148 0.0120577 0.0109593 0.00992222 0.00894818 0.00803813 0.00719227 0.00641016 0.0056908 0.00503262 0.00443368 0.00389165 0.00340395 0.0029678 0.00258033 0.0022386 0.00193972 0.00168088 0.00145941 0.00127285 0.00111898 0.000995843 0.000901816 0.000835597 0.000796247 
0.000796247 0.000809501 0.000849456 0.00091669 0.00101215 0.00113716 0.00129337 0.00148274 0.00170754 0.00197024 0.00227355 0.0026203 0.00301343 0.00345589 0.0039506 0.00450035 0.00510776 0.00577516 0.00650452 0.0072974 0.00815481 0.00907719 0.0100643 0.0111152 0.012228 0.0134003 0.0146285 0.0159083 0.0172344 0.0186007 0.0200001 0.0214248 0.0228662 0.024315 0.0257613 0.0271948 0.0286046 0.0299799 0.0313094 0.0325822 0.0337872 0.034914 0.0359525 0.0368931 0.0377273 0.0384471 0.0390457 0.0395174 0.0398577 0.0400632 0.0401319 0.0400632 0.0398577 0.0395174 0.0390457 0.0384471 0.0377273 0.0368931 0.0359525 0.034914 0.0337872 0.0325822 0.0313094 0.0299799 0.0286046 0.0271948 0.0257613 0.024315 0.0228662 0.0214248 0.0200001 0.0186007 0.0172344 0.0159083 0.0146285 0.0134003 0.012228 0.0111152 0.0100643 0.00907719 0.00815481 0.0072974 0.00650452 0.00577516 0.00510776 0.00450035 0.0039506 0.00345589 0.00301343 0.0026203 0.00227355 0.00197024 0.00170754 0.00148274 0.00129337 0.00113716 0.00101215 0.00091669 0.000849456 0.000809501 
0.000835597 0.000849456 0.000891232 0.000961524 0.00106132 0.00119198 0.00135521 0.00155306 0.00178786 0.00206219 0.00237882 0.00274071 0.00315086 0.00361233 0.00412813 0.00470113 0.005334 0.00602915 0.00678858 0.00761386 0.00850601 0.00946543 0.0104919 0.0115842 0.0127406 0.0139584 0.0152339 0.0165625 0.0179388 0.0193564 0.0208079 0.0222853 0.0237796 0.0252812 0.0267799 0.0282648 0.0297251 0.0311491 0.0325256 0.0338429 0.0350901 0.036256 0.0373304 0.0383035 0.0391663 0.0399108 0.0405298 0.0410176 0.0413695 0.0415819 0.041653 0.0415819 0.0413695 0.0410176 0.0405298 0.0399108 0.0391663 0.0383035 0.0373304 0.036256 0.0350901 0.0338429 0.0325256 0.0311491 0.0297251 0.0282648 0.0267799 0.0252812 0.0237796 0.0222853 0.0208079 0.0193564 0.0179388 0.0165625 0.0152339 0.0139584 0.0127406 0.0115842 0.0104919 0.00946543 0.00850601 0.00761386 0.00678858 0.00602915 0.005334 0.00470113 0.00412813 0.00361233 0.00315086 0.00274071 0.00237882 0.00206219 0.00178786 0.00155306 0.00135521 0.00119198 0.00106132 0.000961524 0.000891232 0.000849456 
0.000901816 0.00091669 0.000961524 0.00103695 0.00114402 0.00128416 0.0014592 0.00167129 0.00192288 0.00221671 0.00255571 0.00294298 0.0033817 0.00387506 0.00442622 0.0050382 0.00571377 0.00645542 0.00726524 0.00814481 0.00909516 0.0101166 0.0112089 0.0123707 0.0136001 0.014894 0.0162486 0.0176589 0.0191192 0.0206226 0.0221613 0.0237267 0.0253094 0.0268992 0.0284853 0.0300564 0.0316006 0.0331062 0.034561 0.0359529 0.0372703 0.0385016 0.039636 0.0406632 0.0415738 0.0423594 0.0430126 0.0435273 0.0438984 0.0441226 0.0441975 0.0441226 0.0438984 0.0435273 0.0430126 0.0423594 0.0415738 0.0406632 0.039636 0.0385016 0.0372703 0.0359529 0.034561 0.0331062 0.0316006 0.0300564 0.0284853 0.0268992 0.0253094 0.0237267 0.0221613 0.0206226 0.0191192 0.0176589 0.0162486 0.014894 0.0136001 0.0123707 0.0112089 0.0101166 0.00909516 0.00814481 0.00726524 0.00645542 0.00571377 0.0050382 0.00442622 0.00387506 0.0033817 0.00294298 0.00255571 0.00221671 0.00192288 0.00167129 0.0014592 0.00128416 0.00114402 0.00103695 0.000961524 0.00091669 
0.000995843 0.00101215 0.00106132 0.00114402 0.00126138 0.00141495 0.0016067 0.00183892 0.00211429 0.00243571 0.00280635 0.00322951 0.00370859 0.00424703 0.00484816 0.00551518 0.00625105 0.00705836 0.00793928 0.00889546 0.00992789 0.0110369 0.0122219 0.0134816 0.0148137 0.0162149 0.0176808 0.0192062 0.0207847 0.0224088 0.0240701 0.0257594 0.0274664 0.0291801 0.0308891 0.032581 0.0342434 0.0358634 0.0374282 0.0389248 0.0403407 0.0416638 0.0428823 0.0439854 0.0449631 0.0458064 0.0465075 0.0470597 0.047458 0.0476985 0.0477789 0.0476985 0.047458 0.0470597 0.0465075 0.0458064 0.0449631 0.0439854 0.0428823 0.0416638 0.0403407 0.0389248 0.0374282 0.0358634 0.0342434 0.032581 0.0308891 0.0291801 0.0274664 0.0257594 0.0240701 0.0224088 0.0207847 0.0192062 0.0176808 0.0162149 0.0148137 0.0134816 0.0122219 0.0110369 0.00992789 0.00889546 0.00793928 0.00705836 0.00625105 0.00551518 0.00484816 0.00424703 0.00370859 0.00322951 0.00280635 0.00243571 0.00211429 0.00183892 0.0016067 0.00141495 0.00126138 0.00114402 0.00106132 0.00101215 
0.00111898 0.00113716 0.00119198 0.00128416 0.00141495 0.00158604 0.00179957 0.00205806 0.0023644 0.00272178 0.00313363 0.00360354 0.00413519 0.00473228 0.00539842 0.00613705 0.0069513 0.00784394 0.00881725 0.0098729 0.0110119 0.0122344 0.0135398 0.0149265 0.0163917 0.0179319 0.0195421 0.0212164 0.0229478 0.0247281 0.026548 0.0283974 0.030265 0.032139 0.0340066 0.0358547 0.0376695 0.0394372 0.0411438 0.0427755 0.0443185 0.0457598 0.0470868 0.0482877 0.0493519 0.0502695 0.0510322 0.051633 0.0520662 0.0523277 0.0524152 0.0523277 0.0520662 0.051633 0.0510322 0.0502695 0.0493519 0.0482877 0.0470868 0.0457598 0.0443185 0.0427755 0.0411438 0.0394372 0.0376695 0.0358547 0.0340066 0.032139 0.030265 0.0283974 0.026548 0.0247281 0.0229478 0.0212164 0.0195421 0.0179319 0.0163917 0.0149265 0.0135398 0.0122344 0.0110119 0.0098729 0.00881725 0.00784394 0.0069513 0.00613705 0.00539842 0.00473228 0.00413519 0.00360354 0.00313363 0.00272178 0.0023644 0.00205806 0.00179957 0.00158604 0.00141495 0.00128416 0.00119198 0.00113716 
0.00127285 0.00129337 0.00135521 0.0014592 0.0016067 0.00179957 0.00204018 0.00233131 0.00267615 0.0030782 0.00354122 0.00406915 0.00466602 0.00533587 0.00608261 0.00690996 0.00782131 0.0088196 0.00990724 0.011086 0.0123567 0.0137196 0.0151737 0.016717 0.0183466 0.0200582 0.0218463 0.0237042 0.025624 0.0275966 0.0296117 0.031658 0.0337233 0.0357941 0.0378568 0.0398966 0.0418986 0.0438476 0.0457283 0.0475256 0.0492245 0.0508108 0.0522707 0.0535916 0.0547616 0.0557703 0.0566086 0.0572687 0.0577446 0.058032 0.0581281 0.058032 0.0577446 0.0572687 0.0566086 0.0557703 0.0547616 0.0535916 0.0522707 0.0508108 0.0492245 0.0475256 0.0457283 0.0438476 0.0418986 0.0398966 0.0378568 0.0357941 0.0337233 0.031658 0.0296117 0.0275966 0.025624 0.0237042 0.0218463 0.0200582 0.0183466 0.016717 0.0151737 0.0137196 0.0123567 0.011086 0.00990724 0.0088196 0.00782131 0.00690996 0.00608261 0.00533587 0.00466602 0.00406915 0.00354122 0.0030782 0.00267615 0.00233131 0.00204018 0.00179957 0.0016067 0.0014592 0.00135521 0.00129337 
0.00145941 0.00148274 0.00155306 0.00167129 0.00183892 0.00205806 0.00233131 0.00266178 0.00305299 0.00350882 0.00403342 0.00463116 0.00530646 0.00606375 0.00690732 0.0078412 0.00886907 0.00999409 0.0112188 0.0125449 0.0139735 0.0155043 0.0171362 0.018867 0.020693 0.0226092 0.0246096 0.0266865 0.0288309 0.0310327 0.0332804 0.0355612 0.0378615 0.0401666 0.042461 0.0447287 0.0469531 0.0491173 0.0512047 0.0531985 0.0550823 0.0568404 0.058458 0.0599209 0.0612164 0.062333 0.0632607 0.0639911 0.0645177 0.0648355 0.0649418 0.0648355 0.0645177 0.0639911 0.0632607 0.062333 0.0612164 0.0599209 0.058458 0.0568404 0.0550823 0.0531985 0.0512047 0.0491173 0.0469531 0.0447287 0.042461 0.0401666 0.0378615 0.0355612 0.0332804 0.0310327 0.0288309 0.0266865 0.0246096 0.0226092 0.020693 0.018867 0.0171362 0.0155043 0.0139735 0.0125449 0.0112188 0.00999409 0.00886907 0.0078412 0.00690732 0.00606375 0.00530646 0.00463116 0.00403342 0.00350882 0.00305299 0.00266178 0.00233131 0.00205806 0.00183892 0.00167129 0.00155306 0.00148274 
0.00168088 0.00170754 0.00178786 0.00192288 0.00211429 0.0023644 0.00267615 0.00305299 0.00349883 0.00401801 0.00461513 0.00529501 0.00606256 0.00692264 0.00787997 0.00893894 0.0101036 0.0113772 0.0127625 0.0142614 0.0158746 0.017602 0.0194419 0.0213916 0.0234468 0.025602 0.02785 0.0301821 0.0325883 0.0350569 0.0375751 0.0401286 0.0427021 0.0452792 0.0478428 0.0503748 0.0528571 0.0552709 0.0575977 0.059819 0.0619169 0.063874 0.0656739 0.0673011 0.0687417 0.069983 0.0710141 0.0718258 0.0724108 0.072764 0.0728821 0.072764 0.0724108 0.0718258 0.0710141 0.069983 0.0687417 0.0673011 0.0656739 0.063874 0.0619169 0.059819 0.0575977 0.0552709 0.0528571 0.0503748 0.0478428 0.0452792 0.0427021 0.0401286 0.0375751 0.0350569 0.0325883 0.0301821 0.02785 0.025602 0.0234468 0.0213916 0.0194419 0.017602 0.0158746 0.0142614 0.0127625 0.0113772 0.0101036 0.00893894 0.00787997 0.00692264 0.00606256 0.00529501 0.00461513 0.00401801 0.00349883 0.00305299 0.00267615 0.0023644 0.00211429 0.00192288 0.00178786 0.00170754 
0.00193972 0.00197024 0.00206219 0.00221671 0.00243571 0.00272178 0.0030782 0.00350882 0.00401801 0.00461059 0.0052917 0.00606667 0.00694094 0.00791987 0.00900865 0.0102121 0.0115345 0.0129795 0.01455 0.0162478 0.0180736 0.0200269 0.0221059 0.024307 0.0266255 0.0290547 0.0315865 0.0342109 0.0369166 0.0396905 0.0425179 0.0453829 0.0482683 0.0511559 0.0540263 0.0568596 0.0596356 0.0623335 0.0649327 0.0674129 0.0697541 0.0719373 0.0739442 0.0757581 0.0773633 0.0787462 0.0798945 0.0807984 0.0814498 0.081843 0.0819744 0.081843 0.0814498 0.0807984 0.0798945 0.0787462 0.0773633 0.0757581 0.0739442 0.0719373 0.0697541 0.0674129 0.0649327 0.0623335 0.0596356 0.0568596 0.0540263 0.0511559 0.0482683 0.0453829 0.0425179 0.0396905 0.0369166 0.0342109 0.0315865 0.0290547 0.0266255 0.024307 0.0221059 0.0200269 0.0180736 0.0162478 0.01455 0.0129795 0.0115345 0.0102121 0.00900865 0.00791987 0.00694094 0.00606667 0.0052917 0.00461059 0.00401801 0.00350882 0.0030782 0.00272178 0.00243571 0.00221671 0.00206219 0.00197024 
0.0022386 0.00227355 0.00237882 0.00255571 0.00280635 0.00313363 0.00354122 0.00403342 0.00461513 0.0052917 0.00606884 0.00695248 0.00794863 0.00906321 0.0103019 0.01167 0.0131721 0.0148123 0.0165933 0.0185172 0.0205844 0.0227942 0.0251441 0.0276302 0.0302467 0.0329859 0.0358385 0.0387932 0.0418371 0.0449552 0.0481311 0.051347 0.0545835 0.0578202 0.0610355 0.0642074 0.0673131 0.0703298 0.0732345 0.0760047 0.0786185 0.0810548 0.0832936 0.0853162 0.0871057 0.0886467 0.0899262 0.0909331 0.0916587 0.0920965 0.0922429 0.0920965 0.0916587 0.0909331 0.0899262 0.0886467 0.0871057 0.0853162 0.0832936 0.0810548 0.0786185 0.0760047 0.0732345 0.0703298 0.0673131 0.0642074 0.0610355 0.0578202 0.0545835 0.051347 0.0481311 0.0449552 0.0418371 0.0387932 0.0358385 0.0329859 0.0302467 0.0276302 0.0251441 0.0227942 0.0205844 0.0185172 0.0165933 0.0148123 0.0131721 0.01167 0.0103019 0.00906321 0.00794863 0.00695248 0.00606884 0.0052917 0.00461513 0.00403342 0.00354122 0.00313363 0.00280635 0.00255571 0.00237882 0.00227355 
0.00258033 0.0026203 0.00274071 0.00294298 0.00322951 0.00360354 0.00406915 0.00463116 0.00529501 0.00606667 0.00695248 0.00795901 0.0090929 0.0103607 0.0117686 0.0133223 0.015027 0.0168868 0.0189048 0.0210827 0.0234212 0.0259188 0.0285727 0.031378 0.0343281 0.0374141 0.0406254 0.043949 0.0473701 0.0508721 0.0544365 0.058043 0.0616701 0.0652949 0.0688934 0.072441 0.0759125 0.0792825 0.0825257 0.0856172 0.0885327 0.091249 0.0937441 0.0959974 0.0979904 0.0997062 0.101131 0.102251 0.103059 0.103546 0.103709 0.103546 0.103059 0.102251 0.101131 0.0997062 0.0979904 0.0959974 0.0937441 0.091249 0.0885327 0.0856172 0.0825257 0.0792825 0.0759125 0.072441 0.0688934 0.0652949 0.0616701 0.058043 0.0544365 0.0508721 0.0473701 0.043949 0.0406254 0.0374141 0.0343281 0.031378 0.0285727 0.0259188 0.0234212 0.0210827 0.0189048 0.0168868 0.015027 0.0133223 0.0117686 0.0103607 0.0090929 0.00795901 0.00695248 0.00606667 0.00529501 0.00463116 0.00406915 0.00360354 0.00322951 0.00294298 0.00274071 0.0026203 
0.0029678 0.00301343 0.00315086 0.0033817 0.00370859 0.00413519 0.00466602 0.00530646 0.00606256 0.00694094 0.00794863 0.0090929 0.0103811 0.0118203 0.0134174 0.0151787 0.0171095 0.0192144 0.0214965 0.0239575 0.0265977 0.0294154 0.032407 0.0355667 0.0388868 0.0423571 0.0459654 0.0496969 0.0535351 0.057461 0.0614538 0.065491 0.0695483 0.0736002 0.0776201 0.0815807 0.0854538 0.0892116 0.092826 0.0962695 0.0995154 0.102538 0.105314 0.107819 0.110035 0.111942 0.113524 0.114769 0.115666 0.116207 0.116388 0.116207 0.115666 0.114769 0.113524 0.111942 0.110035 0.107819 0.105314 0.102538 0.0995154 0.0962695 0.092826 0.0892116 0.0854538 0.0815807 0.0776201 0.0736002 0.0695483 0.065491 0.0614538 0.057461 0.0535351 0.0496969 0.0459654 0.0423571 0.0388868 0.0355667 0.032407 0.0294154 0.0265977 0.0239575 0.0214965 0.0192144 0.0171095 0.0151787 0.0134174 0.0118203 0.0103811 0.0090929 0.00794863 0.00694094 0.00606256 0.00530646 0.00466602 0.00413519 0.00370859 0.0033817 0.00315086 0.00301343 
0.00340395 0.00345589 0.00361233 0.00387506 0.00424703 0.00473228 0.00533587 0.00606375 0.00692264 0.00791987 0.00906321 0.0103607 0.0118203 0.01345 0.0152571 0.0172484 0.0194298 0.0218059 0.02438 0.0271538 0.0301272 0.0332979 0.0366615 0.0402114 0.0439384 0.047831 0.051875 0.0560541 0.0603492 0.0647392 0.0692006 0.0737084 0.0782354 0.0827533 0.0872325 0.0916427 0.095953 0.100132 0.10415 0.107976 0.11158 0.114936 0.118015 0.120794 0.123251 0.125364 0.127118 0.128497 0.129491 0.13009 0.13029 0.13009 0.129491 0.128497 0.127118 0.125364 0.123251 0.120794 0.118015 0.114936 0.11158 0.107976 0.10415 0.100132 0.095953 0.0916427 0.0872325 0.0827533 0.0782354 0.0737084 0.0692006 0.0647392 0.0603492 0.0560541 0.051875 0.047831 0.0439384 0.0402114 0.0366615 0.0332979 0.0301272 0.0271538 0.02438 0.0218059 0.0194298 0.0172484 0.0152571 0.01345 0.0118203 0.0103607 0.00906321 0.00791987 0.00692264 0.00606375 0.00533587 0.00473228 0.00424703 0.00387506 0.00361233 0.00345589 
0.00389165 0.0039506 0.00412813 0.00442622 0.00484816 0.00539842 0.00608261 0.00690732 0.00787997 0.00900865 0.0103019 0.0117686 0.0134174 0.0152571 0.0172955 0.0195401 0.0219971 0.0246713 0.0275661 0.030683 0.0340214 0.0375786 0.0413491 0.0453253 0.0494965 0.0538496 0.0583685 0.0630346 0.0678266 0.0727206 0.0776907 0.0827086 0.0877445 0.0927666 0.0977425 0.102639 0.107421 0.112055 0.116507 0.120745 0.124735 0.128448 0.131854 0.134927 0.137642 0.139978 0.141915 0.143438 0.144535 0.145197 0.145418 0.145197 0.144535 0.143438 0.141915 0.139978 0.137642 0.134927 0.131854 0.128448 0.124735 0.120745 0.116507 0.112055 0.107421 0.102639 0.0977425 0.0927666 0.0877445 0.0827086 0.0776907 0.0727206 0.0678266 0.0630346 0.0583685 0.0538496 0.0494965 0.0453253 0.0413491 0.0375786 0.0340214 0.030683 0.0275661 0.0246713 0.0219971 0.0195401 0.0172955 0.0152571 0.0134174 0.0117686 0.0103019 0.00900865 0.00787997 0.00690732 0.00608261 0.00539842 0.00484816 0.00442622 0.00412813 0.0039506 
0.00443368 0.00450035 0.00470113 0.0050382 0.00551518 0.00613705 0.00690996 0.0078412 0.00893894 0.0102121 0.01167 0.0133223 0.0151787 0.0172484 0.0195401 0.0220617 0.0248198 0.0278195 0.031064 0.0345547 0.0382906 0.042268 0.0464806 0.0509194 0.0555723 0.0604241 0.0654567 0.0706492 0.0759776 0.0814154 0.0869334 0.0925005 0.0980835 0.103647 0.109156 0.114573 0.119861 0.124982 0.129899 0.134577 0.138979 0.143074 0.146828 0.150214 0.153205 0.155777 0.15791 0.159586 0.160794 0.161522 0.161766 0.161522 0.160794 0.159586 0.15791 0.155777 0.153205 0.150214 0.146828 0.143074 0.138979 0.134577 0.129899 0.124982 0.119861 0.114573 0.109156 0.103647 0.0980835 0.0925005 0.0869334 0.0814154 0.0759776 0.0706492 0.0654567 0.0604241 0.0555723 0.0509194 0.0464806 0.042268 0.0382906 0.0345547 0.031064 0.0278195 0.0248198 0.0220617 0.0195401 0.0172484 0.0151787 0.0133223 0.01167 0.0102121 0.00893894 0.0078412 0.00690996 0.00613705 0.00551518 0.0050382 0.00470113 0.00450035 
0.00503262 0.00510776 0.005334 0.00571377 0.00625105 0.0069513 0.00782131 0.00886907 0.0101036 0.0115345 0.0131721 0.015027 0.0171095 0.0194298 0.0219971 0.0248198 0.0279049 0.0312577 0.0348813 0.0387768 0.0429426 0.0473741 0.052064 0.0570016 0.0621732 0.0675617 0.0731465 0.0789041 0.0848079 0.0908282 0.0969328 0.103087 0.109254 0.115396 0.121473 0.127445 0.13327 0.138909 0.14432 0.149464 0.154303 0.158802 0.162926 0.166643 0.169925 0.172747 0.175086 0.176925 0.178249 0.179047 0.179314 0.179047 0.178249 0.176925 0.175086 0.172747 0.169925 0.166643 0.162926 0.158802 0.154303 0.149464 0.14432 0.138909 0.13327 0.127445 0.121473 0.115396 0.109254 0.103087 0.0969328 0.0908282 0.0848079 0.0789041 0.0731465 0.0675617 0.0621732 0.0570016 0.052064 0.0473741 0.0429426 0.0387768 0.0348813 0.0312577 0.0279049 0.0248198 0.0219971 0.0194298 0.0171095 0.015027 0.0131721 0.0115345 0.0101036 0.00886907 0.00782131 0.0069513 0.00625105 0.00571377 0.005334 0.00510776 
0.0056908 0.00577516 0.00602915 0.00645542 0.00705836 0.00784394 0.0088196 0.00999409 0.0113772 0.0129795 0.0148123 0.0168868 0.0192144 0.0218059 0.0246713 0.0278195 0.0312577 0.0349913 0.0390234 0.0433547 0.0479827 0.052902 0.0581039 0.0635762 0.0693032 0.0752655 0.0814402 0.0878009 0.0943179 0.100958 0.107687 0.114465 0.121252 0.128006 0.134685 0.141243 0.147637 0.153821 0.159753 0.165389 0.170689 0.175613 0.180124 0.184189 0.187777 0.190861 0.193418 0.195426 0.196872 0.197744 0.198036 0.197744 0.196872 0.195426 0.193418 0.190861 0.187777 0.184189 0.180124 0.175613 0.170689 0.165389 0.159753 0.153821 0.147637 0.141243 0.134685 0.128006 0.121252 0.114465 0.107687 0.100958 0.0943179 0.0878009 0.0814402 0.0752655 0.0693032 0.0635762 0.0581039 0.052902 0.0479827 0.0433547 0.0390234 0.0349913 0.0312577 0.0278195 0.0246713 0.0218059 0.0192144 0.0168868 0.0148123 0.0129795 0.0113772 0.00999409 0.0088196 0.00784394 0.00705836 0.00645542 0.00602915 0.00577516 
0.00641016 0.00650452 0.00678858 0.00726524 0.00793928 0.00881725 0.00990724 0.0112188 0.0127625 0.01455 0.0165933 0.0189048 0.0214965 0.02438 0.0275661 0.031064 0.0348813 0.0390234 0.0434933 0.0482908 0.053413 0.0588533 0.0646014 0.0706435 0.0769616 0.083534 0.090335 0.0973352 0.104502 0.111798 0.119186 0.126622 0.134063 0.141463 0.148774 0.155949 0.16294 0.169697 0.176174 0.182325 0.188106 0.193474 0.19839 0.202819 0.206726 0.210083 0.212865 0.215051 0.216624 0.217573 0.21789 0.217573 0.216624 0.215051 0.212865 0.210083 0.206726 0.202819 0.19839 0.193474 0.188106 0.182325 0.176174 0.169697 0.16294 0.155949 0.148774 0.141463 0.134063 0.126622 0.119186 0.111798 0.104502 0.0973352 0.090335 0.083534 0.0769616 0.0706435 0.0646014 0.0588533 0.053413 0.0482908 0.0434933 0.0390234 0.0348813 0.031064 0.0275661 0.02438 0.0214965 0.0189048 0.0165933 0.01455 0.0127625 0.0112188 0.00990724 0.00881725 0.00793928 0.00726524 0.00678858 0.00650452 
0.00719227 0.0072974 0.00761386 0.00814481 0.00889546 0.0098729 0.011086 0.0125449 0.0142614 0.0162478 0.0185172 0.0210827 0.0239575 0.0271538 0.030683 0.0345547 0.0387768 0.0433547 0.0482908 0.0535848 0.0592324 0.0652259 0.0715534 0.0781991 0.0851427 0.0923599 0.0998221 0.107497 0.115347 0.123334 0.131414 0.139541 0.147668 0.155743 0.163716 0.171535 0.179147 0.186501 0.193546 0.200233 0.206513 0.212343 0.21768 0.222484 0.226722 0.230362 0.233378 0.235747 0.237451 0.238479 0.238823 0.238479 0.237451 0.235747 0.233378 0.230362 0.226722 0.222484 0.21768 0.212343 0.206513 0.200233 0.193546 0.186501 0.179147 0.171535 0.163716 0.155743 0.147668 0.139541 0.131414 0.123334 0.115347 0.107497 0.0998221 0.0923599 0.0851427 0.0781991 0.0715534 0.0652259 0.0592324 0.0535848 0.0482908 0.0433547 0.0387768 0.0345547 0.030683 0.0271538 0.0239575 0.0210827 0.0185172 0.0162478 0.0142614 0.0125449 0.011086 0.0098729 0.00889546 0.00814481 0.00761386 0.0072974 
0.00803813 0.00815481 0.00850601 0.00909516 0.00992789 0.0110119 0.0123567 0.0139735 0.0158746 0.0180736 0.0205844 0.0234212 0.0265977 0.0301272 0.0340214 0.0382906 0.0429426 0.0479827 0.053413 0.0592324 0.0654356 0.0720133 0.0789521 0.0862337 0.0938356 0.101731 0.109887 0.118269 0.126836 0.135544 0.144347 0.153195 0.162035 0.170813 0.179474 0.187961 0.196219 0.204191 0.211823 0.219063 0.22586 0.232165 0.237935 0.243127 0.247705 0.251636 0.254892 0.257449 0.259288 0.260397 0.260768 0.260397 0.259288 0.257449 0.254892 0.251636 0.247705 0.243127 0.237935 0.232165 0.22586 0.219063 0.211823 0.204191 0.196219 0.187961 0.179474 0.170813 0.162035 0.153195 0.144347 0.135544 0.126836 0.118269 0.109887 0.101731 0.0938356 0.0862337 0.0789521 0.0720133 0.0654356 0.0592324 0.053413 0.0479827 0.0429426 0.0382906 0.0340214 0.0301272 0.0265977 0.0234212 0.0205844 0.0180736 0.0158746 0.0139735 0.0123567 0.0110119 0.00992789 0.00909516 0.00850601 0.00815481 
0.00894818 0.00907719 0.00946543 0.0101166 0.0110369 0.0122344 0.0137196 0.0155043 0.017602 0.0200269 0.0227942 0.0259188 0.0294154 0.0332979 0.0375786 0.042268 0.0473741 0.052902 0.0588533 0.0652259 0.0720133 0.0792048 0.0867848 0.0947329 0.103024 0.111627 0.120508 0.129627 0.138939 0.148399 0.157953 0.167548 0.177127 0.186632 0.196003 0.20518 0.214102 0.222711 0.230947 0.238755 0.246081 0.252874 0.259087 0.264676 0.269601 0.27383 0.27733 0.280079 0.282056 0.283248 0.283647 0.283248 0.282056 0.280079 0.27733 0.27383 0.269601 0.264676 0.259087 0.252874 0.246081 0.238755 0.230947 0.222711 0.214102 0.20518 0.196003 0.186632 0.177127 0.167548 0.157953 0.148399 0.138939 0.129627 0.120508 0.111627 0.103024 0.0947329 0.0867848 0.0792048 0.0720133 0.0652259 0.0588533 0.052902 0.0473741 0.042268 0.0375786 0.0332979 0.0294154 0.0259188 0.0227942 0.0200269 0.017602 0.0155043 0.0137196 0.0122344 0.0110369 0.0101166 0.00946543 0.00907719 
0.00992222 0.0100643 0.0104919 0.0112089 0.0122219 0.0135398 0.0151737 0.0171362 0.0194419 0.0221059 0.0251441 0.0285727 0.032407 0.0366615 0.0413491 0.0464806 0.052064 0.0581039 0.0646014 0.0715534 0.0789521 0.0867848 0.095034 0.103677 0.112684 0.122024 0.131657 0.14154 0.151625 0.16186 0.17219 0.182555 0.192896 0.203148 0.213249 0.223133 0.232736 0.241995 0.250848 0.259236 0.267102 0.274391 0.281055 0.287047 0.292326 0.296855 0.300605 0.303548 0.305665 0.306941 0.307368 0.306941 0.305665 0.303548 0.300605 0.296855 0.292326 0.287047 0.281055 0.274391 0.267102 0.259236 0.250848 0.241995 0.232736 0.223133 0.213249 0.203148 0.192896 0.182555 0.17219 0.16186 0.151625 0.14154 0.131657 0.122024 0.112684 0.103677 0.095034 0.0867848 0.0789521 0.0715534 0.0646014 0.0581039 0.052064 0.0464806 0.0413491 0.0366615 0.032407 0.0285727 0.0251441 0.0221059 0.0194419 0.0171362 0.0151737 0.0135398 0.0122219 0.0112089 0.0104919 0.0100643 
0.0109593 0.0111152 0.0115842 0.0123707 0.0134816 0.0149265 0.016717 0.018867 0.0213916 0.024307 0.0276302 0.031378 0.0355667 0.0402114 0.0453253 0.0509194 0.0570016 0.0635762 0.0706435 0.0781991 0.0862337 0.0947329 0.103677 0.113039 0.122789 0.13289 0.1433 0.153971 0.164851 0.175884 0.187009 0.198165 0.209285 0.220301 0.231146 0.241751 0.252048 0.261968 0.271448 0.280424 0.288836 0.296628 0.303747 0.310146 0.315781 0.320615 0.324615 0.327755 0.330012 0.331373 0.331827 0.331373 0.330012 0.327755 0.324615 0.320615 0.315781 0.310146 0.303747 0.296628 0.288836 0.280424 0.271448 0.261968 0.252048 0.241751 0.231146 0.220301 0.209285 0.198165 0.187009 0.175884 0.164851 0.153971 0.1433 0.13289 0.122789 0.113039 0.103677 0.0947329 0.0862337 0.0781991 0.0706435 0.0635762 0.0570016 0.0509194 0.0453253 0.0402114 0.0355667 0.031378 0.0276302 0.024307 0.0213916 0.018867 0.016717 0.0149265 0.0134816 0.0123707 0.0115842 0.0111152 
0.0120577 0.012228 0.0127406 0.0136001 0.0148137 0.0163917 0.0183466 0.020693 0.0234468 0.0266255 0.0302467 0.0343281 0.0388868 0.0439384 0.0494965 0.0555723 0.0621732 0.0693032 0.0769616 0.0851427 0.0938356 0.103024 0.112684 0.122789 0.133304 0.144188 0.155395 0.166873 0.178567 0.190416 0.202354 0.214315 0.226228 0.238021 0.249622 0.260958 0.271955 0.282545 0.292657 0.302226 0.311188 0.319485 0.327062 0.333869 0.339861 0.345 0.34925 0.352586 0.354984 0.356429 0.356911 0.356429 0.354984 0.352586 0.34925 0.345 0.339861 0.333869 0.327062 0.319485 0.311188 0.302226 0.292657 0.282545 0.271955 0.260958 0.249622 0.238021 0.226228 0.214315 0.202354 0.190416 0.178567 0.166873 0.155395 0.144188 0.133304 0.122789 0.112684 0.103024 0.0938356 0.0851427 0.0769616 0.0693032 0.0621732 0.0555723 0.0494965 0.0439384 0.0388868 0.0343281 0.0302467 0.0266255 0.0234468 0.020693 0.0183466 0.0163917 0.0148137 0.0136001 0.0127406 0.012228 
0.0132148 0.0134003 0.0139584 0.014894 0.0162149 0.0179319 0.0200582 0.0226092 0.025602 0.0290547 0.0329859 0.0374141 0.0423571 0.047831 0.0538496 0.0604241 0.0675617 0.0752655 0.083534 0.0923599 0.101731 0.111627 0.122024 0.13289 0.144188 0.155872 0.167893 0.180196 0.192719 0.205396 0.21816 0.230937 0.243653 0.256231 0.268594 0.280665 0.292369 0.30363 0.314376 0.324538 0.334051 0.342852 0.350886 0.3581 0.364448 0.36989 0.37439 0.37792 0.380457 0.381986 0.382497 0.381986 0.380457 0.37792 0.37439 0.36989 0.364448 0.3581 0.350886 0.342852 0.334051 0.324538 0.314376 0.30363 0.292369 0.280665 0.268594 0.256231 0.243653 0.230937 0.21816 0.205396 0.192719 0.180196 0.167893 0.155872 0.144188 0.13289 0.122024 0.111627 0.101731 0.0923599 0.083534 0.0752655 0.0675617 0.0604241 0.0538496 0.047831 0.0423571 0.0374141 0.0329859 0.0290547 0.025602 0.0226092 0.0200582 0.0179319 0.0162149 0.014894 0.0139584 0.0134003 
0.0144273 0.0146285 0.0152339 0.0162486 0.0176808 0.0195421 0.0218463 0.0246096 0.02785 0.0315865 0.0358385 0.0406254 0.0459654 0.051875 0.0583685 0.0654567 0.0731465 0.0814402 0.090335 0.0998221 0.109887 0.120508 0.131657 0.1433 0.155395 0.167893 0.180742 0.19388 0.207242 0.220758 0.234354 0.247954 0.261477 0.274844 0.287972 0.300781 0.31319 0.325121 0.336499 0.347252 0.357312 0.366614 0.375101 0.382718 0.389418 0.395159 0.399905 0.403628 0.406303 0.407914 0.408453 0.407914 0.406303 0.403628 0.399905 0.395159 0.389418 0.382718 0.375101 0.366614 0.357312 0.347252 0.336499 0.325121 0.31319 0.300781 0.287972 0.274844 0.261477 0.247954 0.234354 0.220758 0.207242 0.19388 0.180742 0.167893 0.155395 0.1433 0.131657 0.120508 0.109887 0.0998221 0.090335 0.0814402 0.0731465 0.0654567 0.0583685 0.051875 0.0459654 0.0406254 0.0358385 0.0315865 0.02785 0.0246096 0.0218463 0.0195421 0.0176808 0.0162486 0.0152339 0.0146285 
0.0156908 0.0159083 0.0165625 0.0176589 0.0192062 0.0212164 0.0237042 0.0266865 0.0301821 0.0342109 0.0387932 0.043949 0.0496969 0.0560541 0.0630346 0.0706492 0.0789041 0.0878009 0.0973352 0.107497 0.118269 0.129627 0.14154 0.153971 0.166873 0.180196 0.19388 0.20786 0.222067 0.236426 0.250859 0.265283 0.279615 0.293769 0.307659 0.321202 0.334312 0.346909 0.358913 0.370251 0.38085 0.390647 0.399579 0.407593 0.414639 0.420674 0.425662 0.429572 0.432382 0.434075 0.434641 0.434075 0.432382 0.429572 0.425662 0.420674 0.414639 0.407593 0.399579 0.390647 0.38085 0.370251 0.358913 0.346909 0.334312 0.321202 0.307659 0.293769 0.279615 0.265283 0.250859 0.236426 0.222067 0.20786 0.19388 0.180196 0.166873 0.153971 0.14154 0.129627 0.118269 0.107497 0.0973352 0.0878009 0.0789041 0.0706492 0.0630346 0.0560541 0.0496969 0.043949 0.0387932 0.0342109 0.0301821 0.0266865 0.0237042 0.0212164 0.0192062 0.0176589 0.0165625 0.0159083 
0.0170002 0.0172344 0.0179388 0.0191192 0.0207847 0.0229478 0.025624 0.0288309 0.0325883 0.0369166 0.0418371 0.0473701 0.0535351 0.0603492 0.0678266 0.0759776 0.0848079 0.0943179 0.104502 0.115347 0.126836 0.138939 0.151625 0.164851 0.178567 0.192719 0.207242 0.222067 0.237121 0.252323 0.26759 0.282835 0.297971 0.312907 0.327554 0.341822 0.355625 0.368878 0.381499 0.39341 0.404541 0.414821 0.42419 0.432591 0.439974 0.446296 0.451519 0.455613 0.458555 0.460326 0.460918 0.460326 0.458555 0.455613 0.451519 0.446296 0.439974 0.432591 0.42419 0.414821 0.404541 0.39341 0.381499 0.368878 0.355625 0.341822 0.327554 0.312907 0.297971 0.282835 0.26759 0.252323 0.237121 0.222067 0.207242 0.192719 0.178567 0.164851 0.151625 0.138939 0.126836 0.115347 0.104502 0.0943179 0.0848079 0.0759776 0.0678266 0.0603492 0.0535351 0.0473701 0.0418371 0.0369166 0.0325883 0.0288309 0.025624 0.0229478 0.0207847 0.0191192 0.0179388 0.0172344 
0.0183494 0.0186007 0.0193564 0.0206226 0.0224088 0.0247281 0.0275966 0.0310327 0.0350569 0.0396905 0.0449552 0.0508721 0.057461 0.0647392 0.0727206 0.0814154 0.0908282 0.100958 0.111798 0.123334 0.135544 0.148399 0.16186 0.175884 0.190416 0.205396 0.220758 0.236426 0.252323 0.268363 0.284458 0.300517 0.316448 0.332156 0.347547 0.36253 0.377013 0.390908 0.404133 0.416606 0.428253 0.439004 0.448798 0.457575 0.465285 0.471884 0.477335 0.481607 0.484675 0.486522 0.48714 0.486522 0.484675 0.481607 0.477335 0.471884 0.465285 0.457575 0.448798 0.439004 0.428253 0.416606 0.404133 0.390908 0.377013 0.36253 0.347547 0.332156 0.316448 0.300517 0.284458 0.268363 0.252323 0.236426 0.220758 0.205396 0.190416 0.175884 0.16186 0.148399 0.135544 0.123334 0.111798 0.100958 0.0908282 0.0814154 0.0727206 0.0647392 0.057461 0.0508721 0.0449552 0.0396905 0.0350569 0.0310327 0.0275966 0.0247281 0.0224088 0.0206226 0.0193564 0.0186007 
0.0197314 0.0200001 0.0208079 0.0221613 0.0240701 0.026548 0.0296117 0.0332804 0.0375751 0.0425179 0.0481311 0.0544365 0.0614538 0.0692006 0.0776907 0.0869334 0.0969328 0.107687 0.119186 0.131414 0.144347 0.157953 0.17219 0.187009 0.202354 0.21816 0.234354 0.250859 0.26759 0.284458 0.30137 0.318231 0.334943 0.351409 0.36753 0.383211 0.398357 0.412879 0.42669 0.439707 0.451855 0.463063 0.473265 0.482405 0.49043 0.497297 0.502966 0.507408 0.510598 0.512518 0.51316 0.512518 0.510598 0.507408 0.502966 0.497297 0.49043 0.482405 0.473265 0.463063 0.451855 0.439707 0.42669 0.412879 0.398357 0.383211 0.36753 0.351409 0.334943 0.318231 0.30137 0.284458 0.26759 0.250859 0.234354 0.21816 0.202354 0.187009 0.17219 0.157953 0.144347 0.131414 0.119186 0.107687 0.0969328 0.0869334 0.0776907 0.0692006 0.0614538 0.0544365 0.0481311 0.0425179 0.0375751 0.0332804 0.0296117 0.026548 0.0240701 0.0221613 0.0208079 0.0200001 
0.0211386 0.0214248 0.0222853 0.0237267 0.0257594 0.0283974 0.031658 0.0355612 0.0401286 0.0453829 0.051347 0.058043 0.065491 0.0737084 0.0827086 0.0925005 0.103087 0.114465 0.126622 0.139541 0.153195 0.167548 0.182555 0.198165 0.214315 0.230937 0.247954 0.265283 0.282835 0.300517 0.318231 0.335877 0.353353 0.370557 0.387389 0.403748 0.419538 0.434666 0.449043 0.462586 0.475215 0.486861 0.497456 0.506943 0.51527 0.522391 0.528269 0.532873 0.536178 0.538168 0.538833 0.538168 0.536178 0.532873 0.528269 0.522391 0.51527 0.506943 0.497456 0.486861 0.475215 0.462586 0.449043 0.434666 0.419538 0.403748 0.387389 0.370557 0.353353 0.335877 0.318231 0.300517 0.282835 0.265283 0.247954 0.230937 0.214315 0.198165 0.182555 0.167548 0.153195 0.139541 0.126622 0.114465 0.103087 0.0925005 0.0827086 0.0737084 0.065491 0.058043 0.051347 0.0453829 0.0401286 0.0355612 0.031658 0.0283974 0.0257594 0.0237267 0.0222853 0.0214248 
0.0225624 0.0228662 0.0237796 0.0253094 0.0274664 0.030265 0.0337233 0.0378615 0.0427021 0.0482683 0.0545835 0.0616701 0.0695483 0.0782354 0.0877445 0.0980835 0.109254 0.121252 0.134063 0.147668 0.162035 0.177127 0.192896 0.209285 0.226228 0.243653 0.261477 0.279615 0.297971 0.316448 0.334943 0.353353 0.371571 0.389492 0.407011 0.424025 0.440436 0.456147 0.471067 0.485112 0.498203 0.510266 0.521235 0.531052 0.539665 0.547028 0.553103 0.55786 0.561275 0.563331 0.564017 0.563331 0.561275 0.55786 0.553103 0.547028 0.539665 0.531052 0.521235 0.510266 0.498203 0.485112 0.471067 0.456147 0.440436 0.424025 0.407011 0.389492 0.371571 0.353353 0.334943 0.316448 0.297971 0.279615 0.261477 0.243653 0.226228 0.209285 0.192896 0.177127 0.162035 0.147668 0.134063 0.121252 0.109254 0.0980835 0.0877445 0.0782354 0.0695483 0.0616701 0.0545835 0.0482683 0.0427021 0.0378615 0.0337233 0.030265 0.0274664 0.0253094 0.0237796 0.0228662 
0.0239936 0.024315 0.0252812 0.0268992 0.0291801 0.032139 0.0357941 0.0401666 0.0452792 0.0511559 0.0578202 0.0652949 0.0736002 0.0827533 0.0927666 0.103647 0.115396 0.128006 0.141463 0.155743 0.170813 0.186632 0.203148 0.220301 0.238021 0.256231 0.274844 0.293769 0.312907 0.332156 0.351409 0.370557 0.389492 0.408103 0.426283 0.443926 0.46093 0.477198 0.492637 0.50716 0.520688 0.533147 0.54447 0.554599 0.563481 0.571071 0.577332 0.582234 0.585751 0.587869 0.588575 0.587869 0.585751 0.582234 0.577332 0.571071 0.563481 0.554599 0.54447 0.533147 0.520688 0.50716 0.492637 0.477198 0.46093 0.443926 0.426283 0.408103 0.389492 0.370557 0.351409 0.332156 0.312907 0.293769 0.274844 0.256231 0.238021 0.220301 0.203148 0.186632 0.170813 0.155743 0.141463 0.128006 0.115396 0.103647 0.0927666 0.0827533 0.0736002 0.0652949 0.0578202 0.0511559 0.0452792 0.0401666 0.0357941 0.032139 0.0291801 0.0268992 0.0252812 0.024315 
0.0254226 0.0257613 0.0267799 0.0284853 0.0308891 0.0340066 0.0378568 0.042461 0.0478428 0.0540263 0.0610355 0.0688934 0.0776201 0.0872325 0.0977425 0.109156 0.121473 0.134685 0.148774 0.163716 0.179474 0.196003 0.213249 0.231146 0.249622 0.268594 0.287972 0.307659 0.327554 0.347547 0.36753 0.387389 0.407011 0.426283 0.445095 0.463337 0.480906 0.497702 0.513632 0.528607 0.542547 0.555379 0.567034 0.577455 0.586589 0.594392 0.600826 0.605861 0.609474 0.611649 0.612375 0.611649 0.609474 0.605861 0.600826 0.594392 0.586589 0.577455 0.567034 0.555379 0.542547 0.528607 0.513632 0.497702 0.480906 0.463337 0.445095 0.426283 0.407011 0.387389 0.36753 0.347547 0.327554 0.307659 0.287972 0.268594 0.249622 0.231146 0.213249 0.196003 0.179474 0.163716 0.148774 0.134685 0.121473 0.109156 0.0977425 0.0872325 0.0776201 0.0688934 0.0610355 0.0540263 0.0478428 0.042461 0.0378568 0.0340066 0.0308891 0.0284853 0.0267799 0.0257613 
0.0268389 0.0271948 0.0282648 0.0300564 0.032581 0.0358547 0.0398966 0.0447287 0.0503748 0.0568596 0.0642074 0.072441 0.0815807 0.0916427 0.102639 0.114573 0.127445 0.141243 0.155949 0.171535 0.187961 0.20518 0.223133 0.241751 0.260958 0.280665 0.300781 0.321202 0.341822 0.36253 0.383211 0.403748 0.424025 0.443926 0.463337 0.482147 0.500249 0.517544 0.533935 0.549335 0.563661 0.57684 0.588805 0.599498 0.608866 0.616865 0.62346 0.628619 0.632321 0.634548 0.635291 0.634548 0.632321 0.628619 0.62346 0.616865 0.608866 0.599498 0.588805 0.57684 0.563661 0.549335 0.533935 0.517544 0.500249 0.482147 0.463337 0.443926 0.424025 0.403748 0.383211 0.36253 0.341822 0.321202 0.300781 0.280665 0.260958 0.241751 0.223133 0.20518 0.187961 0.171535 0.155949 0.141243 0.127445 0.114573 0.102639 0.0916427 0.0815807 0.072441 0.0642074 0.0568596 0.0503748 0.0447287 0.0398966 0.0358547 0.032581 0.0300564 0.0282648 0.0271948 
0.028232 0.0286046 0.0297251 0.0316006 0.0342434 0.0376695 0.0418986 0.0469531 0.0528571 0.0596356 0.0673131 0.0759125 0.0854538 0.095953 0.107421 0.119861 0.13327 0.147637 0.16294 0.179147 0.196219 0.214102 0.232736 0.252048 0.271955 0.292369 0.31319 0.334312 0.355625 0.377013 0.398357 0.419538 0.440436 0.46093 0.480906 0.500249 0.518853 0.536614 0.553436 0.569231 0.583916 0.597417 0.609669 0.620612 0.630196 0.638377 0.645118 0.650391 0.654174 0.656449 0.657209 0.656449 0.654174 0.650391 0.645118 0.638377 0.630196 0.620612 0.609669 0.597417 0.583916 0.569231 0.553436 0.536614 0.518853 0.500249 0.480906 0.46093 0.440436 0.419538 0.398357 0.377013 0.355625 0.334312 0.31319 0.292369 0.271955 0.252048 0.232736 0.214102 0.196219 0.179147 0.16294 0.147637 0.13327 0.119861 0.107421 0.095953 0.0854538 0.0759125 0.0673131 0.0596356 0.0528571 0.0469531 0.0418986 0.0376695 0.0342434 0.0316006 0.0297251 0.0286046 
0.029591 0.0299799 0.0311491 0.0331062 0.0358634 0.0394372 0.0438476 0.0491173 0.0552709 0.0623335 0.0703298 0.0792825 0.0892116 0.100132 0.112055 0.124982 0.138909 0.153821 0.169697 0.186501 0.204191 0.222711 0.241995 0.261968 0.282545 0.30363 0.325121 0.346909 0.368878 0.390908 0.412879 0.434666 0.456147 0.477198 0.497702 0.517544 0.536614 0.554808 0.57203 0.58819 0.603206 0.617004 0.629519 0.640692 0.650472 0.658818 0.665694 0.67107 0.674926 0.677246 0.67802 0.677246 0.674926 0.67107 0.665694 0.658818 0.650472 0.640692 0.629519 0.617004 0.603206 0.58819 0.57203 0.554808 0.536614 0.517544 0.497702 0.477198 0.456147 0.434666 0.412879 0.390908 0.368878 0.346909 0.325121 0.30363 0.282545 0.261968 0.241995 0.222711 0.204191 0.186501 0.169697 0.153821 0.138909 0.124982 0.112055 0.100132 0.0892116 0.0792825 0.0703298 0.0623335 0.0552709 0.0491173 0.0438476 0.0394372 0.0358634 0.0331062 0.0311491 0.0299799 
0.0309049 0.0313094 0.0325256 0.034561 0.0374282 0.0411438 0.0457283 0.0512047 0.0575977 0.0649327 0.0732345 0.0825257 0.092826 0.10415 0.116507 0.129899 0.14432 0.159753 0.176174 0.193546 0.211823 0.230947 0.250848 0.271448 0.292657 0.314376 0.336499 0.358913 0.381499 0.404133 0.42669 0.449043 0.471067 0.492637 0.513632 0.533935 0.553436 0.57203 0.589619 0.606114 0.621433 0.635502 0.648256 0.659638 0.669597 0.678092 0.685089 0.690559 0.694481 0.69684 0.697627 0.69684 0.694481 0.690559 0.685089 0.678092 0.669597 0.659638 0.648256 0.635502 0.621433 0.606114 0.589619 0.57203 0.553436 0.533935 0.513632 0.492637 0.471067 0.449043 0.42669 0.404133 0.381499 0.358913 0.336499 0.314376 0.292657 0.271448 0.250848 0.230947 0.211823 0.193546 0.176174 0.159753 0.14432 0.129899 0.116507 0.10415 0.092826 0.0825257 0.0732345 0.0649327 0.0575977 0.0512047 0.0457283 0.0411438 0.0374282 0.034561 0.0325256 0.0313094 
0.0321628 0.0325822 0.0338429 0.0359529 0.0389248 0.0427755 0.0475256 0.0531985 0.059819 0.0674129 0.0760047 0.0856172 0.0962695 0.107976 0.120745 0.134577 0.149464 0.165389 0.182325 0.200233 0.219063 0.238755 0.259236 0.280424 0.302226 0.324538 0.347252 0.370251 0.39341 0.416606 0.439707 0.462586 0.485112 0.50716 0.528607 0.549335 0.569231 0.58819 0.606114 0.622914 0.638508 0.652822 0.665792 0.677361 0.687481 0.69611 0.703215 0.708768 0.712749 0.715143 0.715942 0.715143 0.712749 0.708768 0.703215 0.69611 0.687481 0.677361 0.665792 0.652822 0.638508 0.622914 0.606114 0.58819 0.569231 0.549335 0.528607 0.50716 0.485112 0.462586 0.439707 0.416606 0.39341 0.370251 0.347252 0.324538 0.302226 0.280424 0.259236 0.238755 0.219063 0.200233 0.182325 0.165389 0.149464 0.134577 0.120745 0.107976 0.0962695 0.0856172 0.0760047 0.0674129 0.059819 0.0531985 0.0475256 0.0427755 0.0389248 0.0359529 0.0338429 0.0325822 
0.0333538 0.0337872 0.0350901 0.0372703 0.0403407 0.0443185 0.0492245 0.0550823 0.0619169 0.0697541 0.0786185 0.0885327 0.0995154 0.11158 0.124735 0.138979 0.154303 0.170689 0.188106 0.206513 0.22586 0.246081 0.267102 0.288836 0.311188 0.334051 0.357312 0.38085 0.404541 0.428253 0.451855 0.475215 0.498203 0.520688 0.542547 0.563661 0.583916 0.603206 0.621433 0.638508 0.654348 0.668882 0.682046 0.693783 0.704045 0.712793 0.719994 0.725621 0.729654 0.732079 0.732888 0.732079 0.729654 0.725621 0.719994 0.712793 0.704045 0.693783 0.682046 0.668882 0.654348 0.638508 0.621433 0.603206 0.583916 0.563661 0.542547 0.520688 0.498203 0.475215 0.451855 0.428253 0.404541 0.38085 0.357312 0.334051 0.311188 0.288836 0.267102 0.246081 0.22586 0.206513 0.188106 0.170689 0.154303 0.138979 0.124735 0.11158 0.0995154 0.0885327 0.0786185 0.0697541 0.0619169 0.0550823 0.0492245 0.0443185 0.0403407 0.0372703 0.0350901 0.0337872 
