0.00193372 0.00195734 0.00202837 0.00214742 0.00231544 0.00253375 0.002804 0.00312811 0.00350826 0.00394682 0.00444627 0.00500917 0.00563808 0.00633545 0.00710358 0.00794454 0.00886003 0.00985138 0.0109194 0.0120643 0.0132857 0.0145824 0.0159527 0.0173936 0.0189016 0.0204723 0.0221001 0.0237789 0.0255013 0.0272594 0.0290441 0.0308458 0.0326543 0.0344585 0.036247 0.038008 0.0397295 0.0413992 0.043005 0.0445348 0.0459769 0.04732 0.0485534 0.0496672 0.0506521 0.0515001 0.0522039 0.0527577 0.0531566 0.0533974 0.0534779 0.0533974 0.0531566 0.0527577 0.0522039 0.0515001 0.0506521 0.0496672 0.0485534 0.04732 0.0459769 0.0445348 0.043005 0.0413992 0.0397295 0.038008 0.036247 0.0344585 0.0326543 0.0308458 0.0290441 0.0272594 0.0255013 0.0237789 0.0221001 0.0204723 0.0189016 0.0173936 0.0159527 0.0145824 0.0132857 0.0120643 0.0109194 0.00985138 0.00886003 0.00794454 0.00710358 0.00633545 0.00563808 0.00500917 0.00444627 0.00394682 0.00350826 0.00312811 0.002804 0.00253375 0.00231544 0.00214742 0.00202837 0.00195734 
0.00195734 0.00198121 0.00205304 0.00217342 0.00234331 0.00256404 0.00283728 0.00316496 0.00354927 0.00399261 0.00449747 0.00506644 0.00570207 0.00640685 0.0071831 0.00803286 0.00895788 0.00995946 0.0110384 0.0121949 0.0134287 0.0147384 0.0161222 0.0175773 0.0191001 0.020686 0.0223295 0.0240243 0.0257631 0.0275377 0.0293391 0.0311576 0.0329827 0.0348035 0.0366083 0.0383852 0.0401222 0.0418068 0.0434269 0.0449702 0.046425 0.04778 0.0490242 0.0501477 0.0511412 0.0519965 0.0527064 0.0532649 0.0536673 0.0539101 0.0539913 0.0539101 0.0536673 0.0532649 0.0527064 0.0519965 0.0511412 0.0501477 0.0490242 0.04778 0.046425 0.0449702 0.0434269 0.0418068 0.0401222 0.0383852 0.0366083 0.0348035 0.0329827 0.0311576 0.0293391 0.0275377 0.0257631 0.0240243 0.0223295 0.020686 0.0191001 0.0175773 0.0161222 0.0147384 0.0134287 0.0121949 0.0110384 0.00995946 0.00895788 0.00803286 0.0071831 0.00640685 0.00570207 0.00506644 0.00449747 0.00399261 0.00354927 0.00316496 0.00283728 0.00256404 0.00234331 0.00217342 0.00205304 0.00198121 
0.00202837 0.00205304 0.00212726 0.00225163 0.00242713 0.00265515 0.00293736 0.00327577 0.0036726 0.0041303 0.00465143 0.00523861 0.00589447 0.00662152 0.00742212 0.00829836 0.00925198 0.0102843 0.0113961 0.0125876 0.0138583 0.015207 0.0166317 0.0181295 0.0196965 0.0213281 0.0230187 0.0247617 0.0265495 0.0283738 0.0302253 0.032094 0.0339691 0.0358395 0.0376932 0.0395179 0.0413014 0.0430308 0.0446938 0.0462778 0.0477708 0.0491611 0.0504377 0.0515903 0.0526095 0.0534868 0.054215 0.0547879 0.0552006 0.0554496 0.0555329 0.0554496 0.0552006 0.0547879 0.054215 0.0534868 0.0526095 0.0515903 0.0504377 0.0491611 0.0477708 0.0462778 0.0446938 0.0430308 0.0413014 0.0395179 0.0376932 0.0358395 0.0339691 0.032094 0.0302253 0.0283738 0.0265495 0.0247617 0.0230187 0.0213281 0.0196965 0.0181295 0.0166317 0.015207 0.0138583 0.0125876 0.0113961 0.0102843 0.00925198 0.00829836 0.00742212 0.00662152 0.00589447 0.00523861 0.00465143 0.0041303 0.0036726 0.00327577 0.00293736 0.00265515 0.00242713 0.00225163 0.00212726 0.00205304 
0.00214742 0.00217342 0.00225163 0.00238267 0.00256758 0.00280778 0.00310501 0.00346135 0.00387913 0.00436085 0.00490919 0.00552684 0.00621651 0.0069808 0.00782212 0.00874261 0.00974404 0.0108277 0.0119944 0.0132443 0.0145769 0.0159907 0.0174836 0.0190525 0.0206935 0.0224015 0.0241706 0.0259939 0.0278636 0.0297708 0.0317058 0.0336583 0.0356169 0.03757 0.0395052 0.0414097 0.0432706 0.0450748 0.0468092 0.048461 0.0500176 0.0514668 0.0527974 0.0539985 0.0550605 0.0559746 0.0567332 0.05733 0.0577599 0.0580193 0.058106 0.0580193 0.0577599 0.05733 0.0567332 0.0559746 0.0550605 0.0539985 0.0527974 0.0514668 0.0500176 0.048461 0.0468092 0.0450748 0.0432706 0.0414097 0.0395052 0.03757 0.0356169 0.0336583 0.0317058 0.0297708 0.0278636 0.0259939 0.0241706 0.0224015 0.0206935 0.0190525 0.0174836 0.0159907 0.0145769 0.0132443 0.0119944 0.0108277 0.00974404 0.00874261 0.00782212 0.0069808 0.00621651 0.00552684 0.00490919 0.00436085 0.00387913 0.00346135 0.00310501 0.00280778 0.00256758 0.00238267 0.00225163 0.00217342 
0.00231544 0.00234331 0.00242713 0.00256758 0.00276573 0.00302308 0.00334146 0.00372306 0.00417031 0.00468585 0.00527246 0.00593297 0.00667021 0.00748687 0.00838546 0.00936816 0.0104368 0.0115927 0.0128366 0.0141685 0.0155879 0.0170931 0.0186818 0.0203507 0.0220953 0.0239105 0.0257898 0.0277259 0.0297103 0.0317338 0.033786 0.0358558 0.0379315 0.0400005 0.0420498 0.044066 0.0460355 0.0479443 0.0497789 0.0515255 0.0531711 0.0547029 0.056109 0.057378 0.0584999 0.0594654 0.0602666 0.0608968 0.0613508 0.0616247 0.0617162 0.0616247 0.0613508 0.0608968 0.0602666 0.0594654 0.0584999 0.057378 0.056109 0.0547029 0.0531711 0.0515255 0.0497789 0.0479443 0.0460355 0.044066 0.0420498 0.0400005 0.0379315 0.0358558 0.033786 0.0317338 0.0297103 0.0277259 0.0257898 0.0239105 0.0220953 0.0203507 0.0186818 0.0170931 0.0155879 0.0141685 0.0128366 0.0115927 0.0104368 0.00936816 0.00838546 0.00748687 0.00667021 0.00593297 0.00527246 0.00468585 0.00417031 0.00372306 0.00334146 0.00302308 0.00276573 0.00256758 0.00242713 0.00234331 
0.00253375 0.00256404 0.00265515 0.00280778 0.00302308 0.00330263 0.00364841 0.00406271 0.00454811 0.00510742 0.00574357 0.00645955 0.00725833 0.00814273 0.00911537 0.0101785 0.011334 0.0125832 0.0139268 0.0153647 0.0168961 0.0185194 0.0202317 0.0220295 0.023908 0.0258614 0.0278828 0.0299641 0.0320965 0.0342697 0.0364727 0.0386938 0.0409201 0.0431383 0.0453345 0.0474944 0.0496035 0.0516469 0.0536102 0.0554788 0.0572388 0.0588767 0.0603797 0.0617361 0.0629349 0.0639664 0.0648223 0.0654955 0.0659803 0.0662729 0.0663707 0.0662729 0.0659803 0.0654955 0.0648223 0.0639664 0.0629349 0.0617361 0.0603797 0.0588767 0.0572388 0.0554788 0.0536102 0.0516469 0.0496035 0.0474944 0.0453345 0.0431383 0.0409201 0.0386938 0.0364727 0.0342697 0.0320965 0.0299641 0.0278828 0.0258614 0.023908 0.0220295 0.0202317 0.0185194 0.0168961 0.0153647 0.0139268 0.0125832 0.011334 0.0101785 0.00911537 0.00814273 0.00725833 0.00645955 0.00574357 0.00510742 0.00454811 0.00406271 0.00364841 0.00330263 0.00302308 0.00280778 0.00265515 0.00256404 
0.002804 0.00283728 0.00293736 0.00310501 0.00334146 0.00364841 0.00402795 0.00448256 0.005015 0.00562824 0.00632543 0.00710973 0.00798428 0.00895207 0.0100158 0.0111779 0.0124403 0.0138042 0.0152703 0.0168384 0.0185076 0.0202757 0.0221399 0.0240959 0.0261386 0.0282615 0.030457 0.0327165 0.0350301 0.0373867 0.0397746 0.0421807 0.0445913 0.0469921 0.049368 0.0517037 0.0539834 0.0561914 0.0583119 0.0603296 0.0622293 0.0639968 0.0656183 0.0670813 0.068374 0.0694861 0.0704088 0.0711343 0.0716569 0.0719722 0.0720776 0.0719722 0.0716569 0.0711343 0.0704088 0.0694861 0.068374 0.0670813 0.0656183 0.0639968 0.0622293 0.0603296 0.0583119 0.0561914 0.0539834 0.0517037 0.049368 0.0469921 0.0445913 0.0421807 0.0397746 0.0373867 0.0350301 0.0327165 0.030457 0.0282615 0.0261386 0.0240959 0.0221399 0.0202757 0.0185076 0.0168384 0.0152703 0.0138042 0.0124403 0.0111779 0.0100158 0.00895207 0.00798428 0.00710973 0.00632543 0.00562824 0.005015 0.00448256 0.00402795 0.00364841 0.00334146 0.00310501 0.00293736 0.00283728 
0.00312811 0.00316496 0.00327577 0.00346135 0.00372306 0.00406271 0.00448256 0.00498528 0.00557383 0.00625142 0.00702139 0.00788714 0.00885201 0.00991916 0.0110915 0.0123714 0.0137609 0.0152614 0.0168732 0.0185962 0.020429 0.0223693 0.0244138 0.0265577 0.0287952 0.0311192 0.0335213 0.0359919 0.0385202 0.0410942 0.0437009 0.0463261 0.0489549 0.0515717 0.0541601 0.0567035 0.059185 0.0615873 0.0638937 0.0660874 0.0681522 0.0700726 0.0718339 0.0734226 0.0748262 0.0760334 0.0770348 0.0778222 0.0783892 0.0787313 0.0788456 0.0787313 0.0783892 0.0778222 0.0770348 0.0760334 0.0748262 0.0734226 0.0718339 0.0700726 0.0681522 0.0660874 0.0638937 0.0615873 0.059185 0.0567035 0.0541601 0.0515717 0.0489549 0.0463261 0.0437009 0.0410942 0.0385202 0.0359919 0.0335213 0.0311192 0.0287952 0.0265577 0.0244138 0.0223693 0.020429 0.0185962 0.0168732 0.0152614 0.0137609 0.0123714 0.0110915 0.00991916 0.00885201 0.00788714 0.00702139 0.00625142 0.00557383 0.00498528 0.00448256 0.00406271 0.00372306 0.00346135 0.00327577 0.00316496 
0.00350826 0.00354927 0.0036726 0.00387913 0.00417031 0.00454811 0.005015 0.00557383 0.00622782 0.00698041 0.00783522 0.00879586 0.00986592 0.0110488 0.0123474 0.0137644 0.0153019 0.0169609 0.0187421 0.0206449 0.0226678 0.024808 0.0270615 0.0294233 0.0318866 0.0344435 0.0370848 0.0397999 0.0425767 0.0454021 0.0482616 0.05114 0.0540209 0.056887 0.0597208 0.062504 0.0652181 0.0678447 0.0703652 0.0727617 0.0750167 0.0771133 0.0790357 0.0807691 0.0823002 0.083617 0.0847089 0.0855675 0.0861857 0.0865586 0.0866832 0.0865586 0.0861857 0.0855675 0.0847089 0.083617 0.0823002 0.0807691 0.0790357 0.0771133 0.0750167 0.0727617 0.0703652 0.0678447 0.0652181 0.062504 0.0597208 0.056887 0.0540209 0.05114 0.0482616 0.0454021 0.0425767 0.0397999 0.0370848 0.0344435 0.0318866 0.0294233 0.0270615 0.024808 0.0226678 0.0206449 0.0187421 0.0169609 0.0153019 0.0137644 0.0123474 0.0110488 0.00986592 0.00879586 0.00783522 0.00698041 0.00622782 0.00557383 0.005015 0.00454811 0.00417031 0.00387913 0.0036726 0.00354927 
0.00394682 0.00399261 0.0041303 0.00436085 0.00468585 0.00510742 0.00562824 0.00625142 0.00698041 0.00781896 0.00877094 0.00984025 0.0110307 0.0123459 0.0137891 0.0153628 0.0170693 0.0189096 0.0208841 0.0229922 0.0252318 0.0275997 0.0300916 0.0327014 0.0354218 0.0382439 0.0411572 0.0441501 0.0472093 0.0503201 0.0534668 0.0566325 0.0597992 0.0629482 0.06606 0.0691147 0.0720924 0.0749726 0.0777356 0.0803615 0.0828315 0.0851273 0.0872317 0.0891288 0.090804 0.0922444 0.0934387 0.0943775 0.0950535 0.0954613 0.0955976 0.0954613 0.0950535 0.0943775 0.0934387 0.0922444 0.090804 0.0891288 0.0872317 0.0851273 0.0828315 0.0803615 0.0777356 0.0749726 0.0720924 0.0691147 0.06606 0.0629482 0.0597992 0.0566325 0.0534668 0.0503201 0.0472093 0.0441501 0.0411572 0.0382439 0.0354218 0.0327014 0.0300916 0.0275997 0.0252318 0.0229922 0.0208841 0.0189096 0.0170693 0.0153628 0.0137891 0.0123459 0.0110307 0.00984025 0.00877094 0.00781896 0.00698041 0.00625142 0.00562824 0.00510742 0.00468585 0.00436085 0.0041303 0.00399261 
0.00444627 0.00449747 0.00465143 0.00490919 0.00527246 0.00574357 0.00632543 0.00702139 0.00783522 0.00877094 0.00983274 0.0110248 0.0123513 0.0138159 0.015422 0.0171725 0.0190695 0.021114 0.0233063 0.0256453 0.0281287 0.0307528 0.0335124 0.0364009 0.0394098 0.0425293 0.0457477 0.049052 0.0524274 0.0558578 0.0593259 0.0628129 0.0662991 0.069764 0.0731863 0.0765443 0.0798159 0.0829793 0.0860125 0.0888942 0.0916038 0.0941214 0.0964285 0.0985077 0.100343 0.101921 0.10323 0.104258 0.104998 0.105444 0.105594 0.105444 0.104998 0.104258 0.10323 0.101921 0.100343 0.0985077 0.0964285 0.0941214 0.0916038 0.0888942 0.0860125 0.0829793 0.0798159 0.0765443 0.0731863 0.069764 0.0662991 0.0628129 0.0593259 0.0558578 0.0524274 0.049052 0.0457477 0.0425293 0.0394098 0.0364009 0.0335124 0.0307528 0.0281287 0.0256453 0.0233063 0.021114 0.0190695 0.0171725 0.015422 0.0138159 0.0123513 0.0110248 0.00983274 0.00877094 0.00783522 0.00702139 0.00632543 0.00574357 0.00527246 0.00490919 0.00465143 0.00449747 
0.00500917 0.00506644 0.00523861 0.00552684 0.00593297 0.00645955 0.00710973 0.00788714 0.00879586 0.00984025 0.0110248 0.0123541 0.0138324 0.0154638 0.0172518 0.0191995 0.0213087 0.0235807 0.0260154 0.0286114 0.031366 0.0342748 0.037332 0.0405298 0.0438589 0.0473082 0.0508647 0.0545139 0.0582394 0.0620235 0.0658469 0.0696891 0.0735283 0.077342 0.081107 0.0847994 0.0883952 0.0918705 0.0952014 0.0983647 0.101338 0.1041 0.10663 0.108909 0.110921 0.112651 0.114084 0.11521 0.116021 0.11651 0.116674 0.11651 0.116021 0.11521 0.114084 0.112651 0.110921 0.108909 0.10663 0.1041 0.101338 0.0983647 0.0952014 0.0918705 0.0883952 0.0847994 0.081107 0.077342 0.0735283 0.0696891 0.0658469 0.0620235 0.0582394 0.0545139 0.0508647 0.0473082 0.0438589 0.0405298 0.037332 0.0342748 0.031366 0.0286114 0.0260154 0.0235807 0.0213087 0.0191995 0.0172518 0.0154638 0.0138324 0.0123541 0.0110248 0.00984025 0.00879586 0.00788714 0.00710973 0.00645955 0.00593297 0.00552684 0.00523861 0.00506644 
0.00563808 0.00570207 0.00589447 0.00621651 0.00667021 0.00725833 0.00798428 0.00885201 0.00986592 0.0110307 0.0123513 0.0138324 0.0154787 0.0172946 0.0192837 0.0214491 0.0237929 0.0263159 0.029018 0.0318973 0.0349506 0.0381729 0.0415573 0.0450953 0.0487763 0.0525878 0.0565154 0.0605429 0.0646523 0.0688238 0.0730362 0.077267 0.0814923 0.0856873 0.0898266 0.0938841 0.0978338 0.101649 0.105305 0.108775 0.112036 0.115063 0.117836 0.120333 0.122537 0.124431 0.126 0.127234 0.128121 0.128656 0.128835 0.128656 0.128121 0.127234 0.126 0.124431 0.122537 0.120333 0.117836 0.115063 0.112036 0.108775 0.105305 0.101649 0.0978338 0.0938841 0.0898266 0.0856873 0.0814923 0.077267 0.0730362 0.0688238 0.0646523 0.0605429 0.0565154 0.0525878 0.0487763 0.0450953 0.0415573 0.0381729 0.0349506 0.0318973 0.029018 0.0263159 0.0237929 0.0214491 0.0192837 0.0172946 0.0154787 0.0138324 0.0123513 0.0110307 0.00986592 0.00885201 0.00798428 0.00725833 0.00667021 0.00621651 0.00589447 0.00570207 
0.00633545 0.00640685 0.00662152 0.0069808 0.00748687 0.00814273 0.00895207 0.00991916 0.0110488 0.0123459 0.0138159 0.0154638 0.0172946 0.0193129 0.0215225 0.0239266 0.0265272 0.029325 0.0323196 0.0355086 0.0388883 0.0424528 0.0461944 0.0501033 0.0541677 0.0583736 0.0627051 0.0671441 0.0716706 0.0762629 0.0808976 0.08555 0.0901937 0.0948019 0.0993465 0.103799 0.108131 0.112315 0.116321 0.120123 0.123693 0.127008 0.130042 0.132775 0.135186 0.137257 0.138973 0.140321 0.141291 0.141876 0.142072 0.141876 0.141291 0.140321 0.138973 0.137257 0.135186 0.132775 0.130042 0.127008 0.123693 0.120123 0.116321 0.112315 0.108131 0.103799 0.0993465 0.0948019 0.0901937 0.08555 0.0808976 0.0762629 0.0716706 0.0671441 0.0627051 0.0583736 0.0541677 0.0501033 0.0461944 0.0424528 0.0388883 0.0355086 0.0323196 0.029325 0.0265272 0.0239266 0.0215225 0.0193129 0.0172946 0.0154638 0.0138159 0.0123459 0.0110488 0.00991916 0.00895207 0.00814273 0.00748687 0.0069808 0.00662152 0.00640685 
0.00710358 0.0071831 0.00742212 0.00782212 0.00838546 0.00911537 0.0100158 0.0110915 0.0123474 0.0137891 0.015422 0.0172518 0.0192837 0.0215225 0.0239722 0.026636 0.0295159 0.0326124 0.0359246 0.0394498 0.0431835 0.0471189 0.0512473 0.0555577 0.0600369 0.0646691 0.0694368 0.0743198 0.0792963 0.0843422 0.0894318 0.0945379 0.0996318 0.104684 0.109664 0.114541 0.119284 0.123862 0.128244 0.132401 0.136304 0.139925 0.14324 0.146224 0.148856 0.151116 0.152989 0.15446 0.155519 0.156157 0.15637 0.156157 0.155519 0.15446 0.152989 0.151116 0.148856 0.146224 0.14324 0.139925 0.136304 0.132401 0.128244 0.123862 0.119284 0.114541 0.109664 0.104684 0.0996318 0.0945379 0.0894318 0.0843422 0.0792963 0.0743198 0.0694368 0.0646691 0.0600369 0.0555577 0.0512473 0.0471189 0.0431835 0.0394498 0.0359246 0.0326124 0.0295159 0.026636 0.0239722 0.0215225 0.0192837 0.0172518 0.015422 0.0137891 0.0123474 0.0110915 0.0100158 0.00911537 0.00838546 0.00782212 0.00742212 0.0071831 
0.00794454 0.00803286 0.00829836 0.00874261 0.00936816 0.0101785 0.0111779 0.0123714 0.0137644 0.0153628 0.0171725 0.0191995 0.0214491 0.0239266 0.026636 0.0295806 0.0327621 0.0361811 0.0398361 0.0437238 0.0478388 0.0521736 0.0567183 0.0614603 0.066385 0.0714749 0.0767105 0.0820696 0.087528 0.0930594 0.0986356 0.104227 0.109802 0.115328 0.120772 0.126102 0.131282 0.13628 0.141062 0.145597 0.149852 0.1538 0.157412 0.160663 0.16353 0.165991 0.16803 0.169632 0.170784 0.171479 0.171711 0.171479 0.170784 0.169632 0.16803 0.165991 0.16353 0.160663 0.157412 0.1538 0.149852 0.145597 0.141062 0.13628 0.131282 0.126102 0.120772 0.115328 0.109802 0.104227 0.0986356 0.0930594 0.087528 0.0820696 0.0767105 0.0714749 0.066385 0.0614603 0.0567183 0.0521736 0.0478388 0.0437238 0.0398361 0.0361811 0.0327621 0.0295806 0.026636 0.0239266 0.0214491 0.0191995 0.0171725 0.0153628 0.0137644 0.0123714 0.0111779 0.0101785 0.00936816 0.00874261 0.00829836 0.00803286 
0.00886003 0.00895788 0.00925198 0.00974404 0.0104368 0.011334 0.0124403 0.0137609 0.0153019 0.0170693 0.0190695 0.0213087 0.0237929 0.0265272 0.0295159 0.0327621 0.0362678 0.0400328 0.0440553 0.0483315 0.052855 0.0576171 0.0626068 0.0678101 0.0732104 0.0787886 0.084523 0.0903892 0.0963606 0.102408 0.108502 0.114608 0.120693 0.126722 0.132659 0.138467 0.14411 0.149552 0.154757 0.159691 0.16432 0.168612 0.172538 0.17607 0.179184 0.181857 0.184071 0.18581 0.187061 0.187815 0.188067 0.187815 0.187061 0.18581 0.184071 0.181857 0.179184 0.17607 0.172538 0.168612 0.16432 0.159691 0.154757 0.149552 0.14411 0.138467 0.132659 0.126722 0.120693 0.114608 0.108502 0.102408 0.0963606 0.0903892 0.084523 0.0787886 0.0732104 0.0678101 0.0626068 0.0576171 0.052855 0.0483315 0.0440553 0.0400328 0.0362678 0.0327621 0.0295159 0.0265272 0.0237929 0.0213087 0.0190695 0.0170693 0.0153019 0.0137609 0.0124403 0.011334 0.0104368 0.00974404 0.00925198 0.00895788 
0.00985138 0.00995946 0.0102843 0.0108277 0.0115927 0.0125832 0.0138042 0.0152614 0.0169609 0.0189096 0.021114 0.0235807 0.0263159 0.029325 0.0326124 0.0361811 0.0400328 0.0441671 0.0485816 0.0532716 0.05823 0.0634469 0.0689097 0.0746029 0.0805082 0.0866043 0.0928673 0.0992704 0.105785 0.112378 0.119018 0.125668 0.132291 0.13885 0.145305 0.151617 0.157748 0.163656 0.169306 0.174658 0.179678 0.184331 0.188586 0.192413 0.195786 0.198681 0.201078 0.202961 0.204315 0.205131 0.205404 0.205131 0.204315 0.202961 0.201078 0.198681 0.195786 0.192413 0.188586 0.184331 0.179678 0.174658 0.169306 0.163656 0.157748 0.151617 0.145305 0.13885 0.132291 0.125668 0.119018 0.112378 0.105785 0.0992704 0.0928673 0.0866043 0.0805082 0.0746029 0.0689097 0.0634469 0.05823 0.0532716 0.0485816 0.0441671 0.0400328 0.0361811 0.0326124 0.029325 0.0263159 0.0235807 0.021114 0.0189096 0.0169609 0.0152614 0.0138042 0.0125832 0.0115927 0.0108277 0.0102843 0.00995946 
0.0109194 0.0110384 0.0113961 0.0119944 0.0128366 0.0139268 0.0152703 0.0168732 0.0187421 0.0208841 0.0233063 0.0260154 0.029018 0.0323196 0.0359246 0.0398361 0.0440553 0.0485816 0.0534119 0.0585406 0.0639596 0.0696576 0.0756206 0.0818314 0.0882696 0.0949119 0.101732 0.108701 0.115786 0.122953 0.130166 0.137387 0.144575 0.151689 0.158687 0.165526 0.172166 0.178562 0.184675 0.190464 0.195892 0.200921 0.205519 0.209653 0.213295 0.216421 0.219009 0.221041 0.222502 0.223383 0.223677 0.223383 0.222502 0.221041 0.219009 0.216421 0.213295 0.209653 0.205519 0.200921 0.195892 0.190464 0.184675 0.178562 0.172166 0.165526 0.158687 0.151689 0.144575 0.137387 0.130166 0.122953 0.115786 0.108701 0.101732 0.0949119 0.0882696 0.0818314 0.0756206 0.0696576 0.0639596 0.0585406 0.0534119 0.0485816 0.0440553 0.0398361 0.0359246 0.0323196 0.029018 0.0260154 0.0233063 0.0208841 0.0187421 0.0168732 0.0152703 0.0139268 0.0128366 0.0119944 0.0113961 0.0110384 
0.0120643 0.0121949 0.0125876 0.0132443 0.0141685 0.0153647 0.0168384 0.0185962 0.0206449 0.0229922 0.0256453 0.0286114 0.0318973 0.0355086 0.0394498 0.0437238 0.0483315 0.0532716 0.0585406 0.0641319 0.0700361 0.0762406 0.0827297 0.0894844 0.0964822 0.103698 0.111102 0.118662 0.126345 0.134112 0.141925 0.149741 0.157517 0.16521 0.172773 0.180161 0.187329 0.194233 0.200827 0.207069 0.21292 0.218339 0.223291 0.227743 0.231664 0.235029 0.237814 0.24 0.241572 0.24252 0.242836 0.24252 0.241572 0.24 0.237814 0.235029 0.231664 0.227743 0.223291 0.218339 0.21292 0.207069 0.200827 0.194233 0.187329 0.180161 0.172773 0.16521 0.157517 0.149741 0.141925 0.134112 0.126345 0.118662 0.111102 0.103698 0.0964822 0.0894844 0.0827297 0.0762406 0.0700361 0.0641319 0.0585406 0.0532716 0.0483315 0.0437238 0.0394498 0.0355086 0.0318973 0.0286114 0.0256453 0.0229922 0.0206449 0.0185962 0.0168384 0.0153647 0.0141685 0.0132443 0.0125876 0.0121949 
0.0132857 0.0134287 0.0138583 0.0145769 0.0155879 0.0168961 0.0185076 0.020429 0.0226678 0.0252318 0.0281287 0.031366 0.0349506 0.0388883 0.0431835 0.0478388 0.052855 0.05823 0.0639596 0.0700361 0.0764488 0.0831838 0.0902234 0.0975468 0.105129 0.112943 0.120955 0.129133 0.137438 0.145829 0.154264 0.162698 0.171085 0.179377 0.187525 0.195481 0.203196 0.210623 0.217714 0.224424 0.23071 0.236531 0.241848 0.246627 0.250836 0.254445 0.257433 0.259777 0.261464 0.26248 0.262819 0.26248 0.261464 0.259777 0.257433 0.254445 0.250836 0.246627 0.241848 0.236531 0.23071 0.224424 0.217714 0.210623 0.203196 0.195481 0.187525 0.179377 0.171085 0.162698 0.154264 0.145829 0.137438 0.129133 0.120955 0.112943 0.105129 0.0975468 0.0902234 0.0831838 0.0764488 0.0700361 0.0639596 0.05823 0.052855 0.0478388 0.0431835 0.0388883 0.0349506 0.031366 0.0281287 0.0252318 0.0226678 0.020429 0.0185076 0.0168961 0.0155879 0.0145769 0.0138583 0.0134287 
0.0145824 0.0147384 0.015207 0.0159907 0.0170931 0.0185194 0.0202757 0.0223693 0.024808 0.0275997 0.0307528 0.0342748 0.0381729 0.0424528 0.0471189 0.0521736 0.0576171 0.0634469 0.0696576 0.0762406 0.0831838 0.0904715 0.0980844 0.105999 0.114189 0.122624 0.131268 0.140085 0.149034 0.15807 0.167149 0.176222 0.185239 0.194148 0.202899 0.211439 0.219717 0.227681 0.235282 0.242472 0.249205 0.255437 0.261128 0.266242 0.270744 0.274604 0.277799 0.280305 0.282108 0.283194 0.283557 0.283194 0.282108 0.280305 0.277799 0.274604 0.270744 0.266242 0.261128 0.255437 0.249205 0.242472 0.235282 0.227681 0.219717 0.211439 0.202899 0.194148 0.185239 0.176222 0.167149 0.15807 0.149034 0.140085 0.131268 0.122624 0.114189 0.105999 0.0980844 0.0904715 0.0831838 0.0762406 0.0696576 0.0634469 0.0576171 0.0521736 0.0471189 0.0424528 0.0381729 0.0342748 0.0307528 0.0275997 0.024808 0.0223693 0.0202757 0.0185194 0.0170931 0.0159907 0.015207 0.0147384 
0.0159527 0.0161222 0.0166317 0.0174836 0.0186818 0.0202317 0.0221399 0.0244138 0.0270615 0.0300916 0.0335124 0.037332 0.0415573 0.0461944 0.0512473 0.0567183 0.0626068 0.0689097 0.0756206 0.0827297 0.0902234 0.0980844 0.106291 0.114818 0.123637 0.132713 0.142009 0.151486 0.161098 0.170799 0.18054 0.190268 0.199931 0.209475 0.218843 0.227981 0.236834 0.245348 0.25347 0.261149 0.268337 0.274988 0.28106 0.286514 0.291315 0.29543 0.298835 0.301506 0.303427 0.304584 0.304971 0.304584 0.303427 0.301506 0.298835 0.29543 0.291315 0.286514 0.28106 0.274988 0.268337 0.261149 0.25347 0.245348 0.236834 0.227981 0.218843 0.209475 0.199931 0.190268 0.18054 0.170799 0.161098 0.151486 0.142009 0.132713 0.123637 0.114818 0.106291 0.0980844 0.0902234 0.0827297 0.0756206 0.0689097 0.0626068 0.0567183 0.0512473 0.0461944 0.0415573 0.037332 0.0335124 0.0300916 0.0270615 0.0244138 0.0221399 0.0202317 0.0186818 0.0174836 0.0166317 0.0161222 
0.0173936 0.0175773 0.0181295 0.0190525 0.0203507 0.0220295 0.0240959 0.0265577 0.0294233 0.0327014 0.0364009 0.0405298 0.0450953 0.0501033 0.0555577 0.0614603 0.0678101 0.0746029 0.0818314 0.0894844 0.0975468 0.105999 0.114818 0.123976 0.133441 0.143177 0.153143 0.163296 0.173589 0.183971 0.194389 0.204788 0.215111 0.225301 0.235299 0.245045 0.254484 0.263556 0.272207 0.280382 0.288032 0.295109 0.301566 0.307365 0.312467 0.316841 0.320458 0.323296 0.325336 0.326565 0.326975 0.326565 0.325336 0.323296 0.320458 0.316841 0.312467 0.307365 0.301566 0.295109 0.288032 0.280382 0.272207 0.263556 0.254484 0.245045 0.235299 0.225301 0.215111 0.204788 0.194389 0.183971 0.173589 0.163296 0.153143 0.143177 0.133441 0.123976 0.114818 0.105999 0.0975468 0.0894844 0.0818314 0.0746029 0.0678101 0.0614603 0.0555577 0.0501033 0.0450953 0.0405298 0.0364009 0.0327014 0.0294233 0.0265577 0.0240959 0.0220295 0.0203507 0.0190525 0.0181295 0.0175773 
0.0189016 0.0191001 0.0196965 0.0206935 0.0220953 0.023908 0.0261386 0.0287952 0.0318866 0.0354218 0.0394098 0.0438589 0.0487763 0.0541677 0.0600369 0.066385 0.0732104 0.0805082 0.0882696 0.0964822 0.105129 0.114189 0.123637 0.133441 0.143569 0.153979 0.16463 0.175474 0.186461 0.197536 0.208643 0.219724 0.230719 0.241565 0.252201 0.262564 0.272595 0.282232 0.291417 0.300094 0.30821 0.315715 0.322561 0.328706 0.334112 0.338745 0.342576 0.345581 0.347741 0.349042 0.349477 0.349042 0.347741 0.345581 0.342576 0.338745 0.334112 0.328706 0.322561 0.315715 0.30821 0.300094 0.291417 0.282232 0.272595 0.262564 0.252201 0.241565 0.230719 0.219724 0.208643 0.197536 0.186461 0.175474 0.16463 0.153979 0.143569 0.133441 0.123637 0.114189 0.105129 0.0964822 0.0882696 0.0805082 0.0732104 0.066385 0.0600369 0.0541677 0.0487763 0.0438589 0.0394098 0.0354218 0.0318866 0.0287952 0.0261386 0.023908 0.0220953 0.0206935 0.0196965 0.0191001 
0.0204723 0.020686 0.0213281 0.0224015 0.0239105 0.0258614 0.0282615 0.0311192 0.0344435 0.0382439 0.0425293 0.0473082 0.0525878 0.0583736 0.0646691 0.0714749 0.0787886 0.0866043 0.0949119 0.103698 0.112943 0.122624 0.132713 0.143177 0.153979 0.165077 0.176424 0.187971 0.199662 0.21144 0.223246 0.235017 0.24669 0.258198 0.269478 0.280464 0.291091 0.301296 0.311018 0.320199 0.328783 0.336716 0.343952 0.350444 0.356154 0.361047 0.365091 0.368263 0.370543 0.371916 0.372375 0.371916 0.370543 0.368263 0.365091 0.361047 0.356154 0.350444 0.343952 0.336716 0.328783 0.320199 0.311018 0.301296 0.291091 0.280464 0.269478 0.258198 0.24669 0.235017 0.223246 0.21144 0.199662 0.187971 0.176424 0.165077 0.153979 0.143177 0.132713 0.122624 0.112943 0.103698 0.0949119 0.0866043 0.0787886 0.0714749 0.0646691 0.0583736 0.0525878 0.0473082 0.0425293 0.0382439 0.0344435 0.0311192 0.0282615 0.0258614 0.0239105 0.0224015 0.0213281 0.020686 
0.0221001 0.0223295 0.0230187 0.0241706 0.0257898 0.0278828 0.030457 0.0335213 0.0370848 0.0411572 0.0457477 0.0508647 0.0565154 0.0627051 0.0694368 0.0767105 0.084523 0.0928673 0.101732 0.111102 0.120955 0.131268 0.142009 0.153143 0.16463 0.176424 0.188477 0.200733 0.213135 0.225624 0.238134 0.2506 0.262954 0.275129 0.287055 0.298664 0.309889 0.320663 0.330922 0.340606 0.349656 0.358018 0.365641 0.372479 0.378492 0.383642 0.387899 0.391237 0.393636 0.395081 0.395563 0.395081 0.393636 0.391237 0.387899 0.383642 0.378492 0.372479 0.365641 0.358018 0.349656 0.340606 0.330922 0.320663 0.309889 0.298664 0.287055 0.275129 0.262954 0.2506 0.238134 0.225624 0.213135 0.200733 0.188477 0.176424 0.16463 0.153143 0.142009 0.131268 0.120955 0.111102 0.101732 0.0928673 0.084523 0.0767105 0.0694368 0.0627051 0.0565154 0.0508647 0.0457477 0.0411572 0.0370848 0.0335213 0.030457 0.0278828 0.0257898 0.0241706 0.0230187 0.0223295 
0.0237789 0.0240243 0.0247617 0.0259939 0.0277259 0.0299641 0.0327165 0.0359919 0.0397999 0.0441501 0.049052 0.0545139 0.0605429 0.0671441 0.0743198 0.0820696 0.0903892 0.0992704 0.108701 0.118662 0.129133 0.140085 0.151486 0.163296 0.175474 0.187971 0.200733 0.213703 0.226821 0.240022 0.253238 0.2664 0.279438 0.292278 0.30485 0.317081 0.328901 0.340241 0.351035 0.361218 0.370732 0.379518 0.387526 0.394707 0.401019 0.406424 0.410891 0.414393 0.41691 0.418425 0.418932 0.418425 0.41691 0.414393 0.410891 0.406424 0.401019 0.394707 0.387526 0.379518 0.370732 0.361218 0.351035 0.340241 0.328901 0.317081 0.30485 0.292278 0.279438 0.2664 0.253238 0.240022 0.226821 0.213703 0.200733 0.187971 0.175474 0.163296 0.151486 0.140085 0.129133 0.118662 0.108701 0.0992704 0.0903892 0.0820696 0.0743198 0.0671441 0.0605429 0.0545139 0.049052 0.0441501 0.0397999 0.0359919 0.0327165 0.0299641 0.0277259 0.0259939 0.0247617 0.0240243 
0.0255013 0.0257631 0.0265495 0.0278636 0.0297103 0.0320965 0.0350301 0.0385202 0.0425767 0.0472093 0.0524274 0.0582394 0.0646523 0.0716706 0.0792963 0.087528 0.0963606 0.105785 0.115786 0.126345 0.137438 0.149034 0.161098 0.173589 0.186461 0.199662 0.213135 0.226821 0.240655 0.254567 0.268488 0.282344 0.296062 0.309564 0.322777 0.335626 0.348036 0.359937 0.371259 0.381937 0.391908 0.401113 0.4095 0.417018 0.423625 0.429282 0.433955 0.437619 0.440251 0.441836 0.442365 0.441836 0.440251 0.437619 0.433955 0.429282 0.423625 0.417018 0.4095 0.401113 0.391908 0.381937 0.371259 0.359937 0.348036 0.335626 0.322777 0.309564 0.296062 0.282344 0.268488 0.254567 0.240655 0.226821 0.213135 0.199662 0.186461 0.173589 0.161098 0.149034 0.137438 0.126345 0.115786 0.105785 0.0963606 0.087528 0.0792963 0.0716706 0.0646523 0.0582394 0.0524274 0.0472093 0.0425767 0.0385202 0.0350301 0.0320965 0.0297103 0.0278636 0.0265495 0.0257631 
0.0272594 0.0275377 0.0283738 0.0297708 0.0317338 0.0342697 0.0373867 0.0410942 0.0454021 0.0503201 0.0558578 0.0620235 0.0688238 0.0762629 0.0843422 0.0930594 0.102408 0.112378 0.122953 0.134112 0.145829 0.15807 0.170799 0.183971 0.197536 0.21144 0.225624 0.240022 0.254567 0.269187 0.283808 0.298353 0.312743 0.326902 0.340748 0.354206 0.367199 0.379652 0.391495 0.402658 0.413078 0.422695 0.431453 0.439303 0.446198 0.452101 0.456976 0.460797 0.463542 0.465195 0.465747 0.465195 0.463542 0.460797 0.456976 0.452101 0.446198 0.439303 0.431453 0.422695 0.413078 0.402658 0.391495 0.379652 0.367199 0.354206 0.340748 0.326902 0.312743 0.298353 0.283808 0.269187 0.254567 0.240022 0.225624 0.21144 0.197536 0.183971 0.170799 0.15807 0.145829 0.134112 0.122953 0.112378 0.102408 0.0930594 0.0843422 0.0762629 0.0688238 0.0620235 0.0558578 0.0503201 0.0454021 0.0410942 0.0373867 0.0342697 0.0317338 0.0297708 0.0283738 0.0275377 
0.0290441 0.0293391 0.0302253 0.0317058 0.033786 0.0364727 0.0397746 0.0437009 0.0482616 0.0534668 0.0593259 0.0658469 0.0730362 0.0808976 0.0894318 0.0986356 0.108502 0.119018 0.130166 0.141925 0.154264 0.167149 0.18054 0.194389 0.208643 0.223246 0.238134 0.253238 0.268488 0.283808 0.29912 0.314344 0.329398 0.344202 0.358672 0.372728 0.386292 0.399287 0.411639 0.423277 0.434136 0.444154 0.453275 0.461447 0.468623 0.474765 0.479837 0.483811 0.486666 0.488385 0.488959 0.488385 0.486666 0.483811 0.479837 0.474765 0.468623 0.461447 0.453275 0.444154 0.434136 0.423277 0.411639 0.399287 0.386292 0.372728 0.358672 0.344202 0.329398 0.314344 0.29912 0.283808 0.268488 0.253238 0.238134 0.223246 0.208643 0.194389 0.18054 0.167149 0.154264 0.141925 0.130166 0.119018 0.108502 0.0986356 0.0894318 0.0808976 0.0730362 0.0658469 0.0593259 0.0534668 0.0482616 0.0437009 0.0397746 0.0364727 0.033786 0.0317058 0.0302253 0.0293391 
0.0308458 0.0311576 0.032094 0.0336583 0.0358558 0.0386938 0.0421807 0.0463261 0.05114 0.0566325 0.0628129 0.0696891 0.077267 0.08555 0.0945379 0.104227 0.114608 0.125668 0.137387 0.149741 0.162698 0.176222 0.190268 0.204788 0.219724 0.235017 0.2506 0.2664 0.282344 0.298353 0.314344 0.330234 0.34594 0.361374 0.376454 0.391096 0.405217 0.41874 0.431587 0.443688 0.454973 0.465381 0.474853 0.483337 0.490786 0.497159 0.502421 0.506543 0.509504 0.511287 0.511882 0.511287 0.509504 0.506543 0.502421 0.497159 0.490786 0.483337 0.474853 0.465381 0.454973 0.443688 0.431587 0.41874 0.405217 0.391096 0.376454 0.361374 0.34594 0.330234 0.314344 0.298353 0.282344 0.2664 0.2506 0.235017 0.219724 0.204788 0.190268 0.176222 0.162698 0.149741 0.137387 0.125668 0.114608 0.104227 0.0945379 0.08555 0.077267 0.0696891 0.0628129 0.0566325 0.05114 0.0463261 0.0421807 0.0386938 0.0358558 0.0336583 0.032094 0.0311576 
0.0326543 0.0329827 0.0339691 0.0356169 0.0379315 0.0409201 0.0445913 0.0489549 0.0540209 0.0597992 0.0662991 0.0735283 0.0814923 0.0901937 0.0996318 0.109802 0.120693 0.132291 0.144575 0.157517 0.171085 0.185239 0.199931 0.215111 0.230719 0.24669 0.262954 0.279438 0.296062 0.312743 0.329398 0.34594 0.362279 0.378329 0.394002 0.409212 0.423875 0.437908 0.451236 0.463783 0.475481 0.486265 0.496076 0.504861 0.512572 0.519167 0.524612 0.528877 0.531939 0.533783 0.534399 0.533783 0.531939 0.528877 0.524612 0.519167 0.512572 0.504861 0.496076 0.486265 0.475481 0.463783 0.451236 0.437908 0.423875 0.409212 0.394002 0.378329 0.362279 0.34594 0.329398 0.312743 0.296062 0.279438 0.262954 0.24669 0.230719 0.215111 0.199931 0.185239 0.171085 0.157517 0.144575 0.132291 0.120693 0.109802 0.0996318 0.0901937 0.0814923 0.0735283 0.0662991 0.0597992 0.0540209 0.0489549 0.0445913 0.0409201 0.0379315 0.0356169 0.0339691 0.0329827 
0.0344585 0.0348035 0.0358395 0.03757 0.0400005 0.0431383 0.0469921 0.0515717 0.056887 0.0629482 0.069764 0.077342 0.0856873 0.0948019 0.104684 0.115328 0.126722 0.13885 0.151689 0.16521 0.179377 0.194148 0.209475 0.225301 0.241565 0.258198 0.275129 0.292278 0.309564 0.326902 0.344202 0.361374 0.378329 0.394975 0.411222 0.426981 0.442165 0.456692 0.470482 0.483459 0.495553 0.506697 0.516834 0.525906 0.533868 0.540676 0.546296 0.550697 0.553857 0.555759 0.556394 0.555759 0.553857 0.550697 0.546296 0.540676 0.533868 0.525906 0.516834 0.506697 0.495553 0.483459 0.470482 0.456692 0.442165 0.426981 0.411222 0.394975 0.378329 0.361374 0.344202 0.326902 0.309564 0.292278 0.275129 0.258198 0.241565 0.225301 0.209475 0.194148 0.179377 0.16521 0.151689 0.13885 0.126722 0.115328 0.104684 0.0948019 0.0856873 0.077342 0.069764 0.0629482 0.056887 0.0515717 0.0469921 0.0431383 0.0400005 0.03757 0.0358395 0.0348035 
0.036247 0.0366083 0.0376932 0.0395052 0.0420498 0.0453345 0.049368 0.0541601 0.0597208 0.06606 0.0731863 0.081107 0.0898266 0.0993465 0.109664 0.120772 0.132659 0.145305 0.158687 0.172773 0.187525 0.202899 0.218843 0.235299 0.252201 0.269478 0.287055 0.30485 0.322777 0.340748 0.358672 0.376454 0.394002 0.411222 0.42802 0.444306 0.459992 0.474991 0.489223 0.502611 0.515083 0.526572 0.537018 0.546365 0.554566 0.561576 0.567362 0.571892 0.575144 0.577102 0.577756 0.577102 0.575144 0.571892 0.567362 0.561576 0.554566 0.546365 0.537018 0.526572 0.515083 0.502611 0.489223 0.474991 0.459992 0.444306 0.42802 0.411222 0.394002 0.376454 0.358672 0.340748 0.322777 0.30485 0.287055 0.269478 0.252201 0.235299 0.218843 0.202899 0.187525 0.172773 0.158687 0.145305 0.132659 0.120772 0.109664 0.0993465 0.0898266 0.081107 0.0731863 0.06606 0.0597208 0.0541601 0.049368 0.0453345 0.0420498 0.0395052 0.0376932 0.0366083 
0.038008 0.0383852 0.0395179 0.0414097 0.044066 0.0474944 0.0517037 0.0567035 0.062504 0.0691147 0.0765443 0.0847994 0.0938841 0.103799 0.114541 0.126102 0.138467 0.151617 0.165526 0.180161 0.195481 0.211439 0.227981 0.245045 0.262564 0.280464 0.298664 0.317081 0.335626 0.354206 0.372728 0.391096 0.409212 0.426981 0.444306 0.461096 0.477259 0.492708 0.507361 0.52114 0.53397 0.545786 0.556525 0.566132 0.574558 0.58176 0.587702 0.592354 0.595694 0.597704 0.598375 0.597704 0.595694 0.592354 0.587702 0.58176 0.574558 0.566132 0.556525 0.545786 0.53397 0.52114 0.507361 0.492708 0.477259 0.461096 0.444306 0.426981 0.409212 0.391096 0.372728 0.354206 0.335626 0.317081 0.298664 0.280464 0.262564 0.245045 0.227981 0.211439 0.195481 0.180161 0.165526 0.151617 0.138467 0.126102 0.114541 0.103799 0.0938841 0.0847994 0.0765443 0.0691147 0.062504 0.0567035 0.0517037 0.0474944 0.044066 0.0414097 0.0395179 0.0383852 
0.0397295 0.0401222 0.0413014 0.0432706 0.0460355 0.0496035 0.0539834 0.059185 0.0652181 0.0720924 0.0798159 0.0883952 0.0978338 0.108131 0.119284 0.131282 0.14411 0.157748 0.172166 0.187329 0.203196 0.219717 0.236834 0.254484 0.272595 0.291091 0.309889 0.328901 0.348036 0.367199 0.386292 0.405217 0.423875 0.442165 0.459992 0.477259 0.493874 0.50975 0.524801 0.538948 0.552117 0.56424 0.575255 0.585107 0.593744 0.601126 0.607215 0.611982 0.615403 0.617462 0.61815 0.617462 0.615403 0.611982 0.607215 0.601126 0.593744 0.585107 0.575255 0.56424 0.552117 0.538948 0.524801 0.50975 0.493874 0.477259 0.459992 0.442165 0.423875 0.405217 0.386292 0.367199 0.348036 0.328901 0.309889 0.291091 0.272595 0.254484 0.236834 0.219717 0.203196 0.187329 0.172166 0.157748 0.14411 0.131282 0.119284 0.108131 0.0978338 0.0883952 0.0798159 0.0720924 0.0652181 0.059185 0.0539834 0.0496035 0.0460355 0.0432706 0.0413014 0.0401222 
0.0413992 0.0418068 0.0430308 0.0450748 0.0479443 0.0516469 0.0561914 0.0615873 0.0678447 0.0749726 0.0829793 0.0918705 0.101649 0.112315 0.123862 0.13628 0.149552 0.163656 0.178562 0.194233 0.210623 0.227681 0.245348 0.263556 0.282232 0.301296 0.320663 0.340241 0.359937 0.379652 0.399287 0.41874 0.437908 0.456692 0.474991 0.492708 0.50975 0.526025 0.54145 0.555942 0.569429 0.58184 0.593113 0.603192 0.612028 0.619577 0.625803 0.630676 0.634173 0.636278 0.636981 0.636278 0.634173 0.630676 0.625803 0.619577 0.612028 0.603192 0.593113 0.58184 0.569429 0.555942 0.54145 0.526025 0.50975 0.492708 0.474991 0.456692 0.437908 0.41874 0.399287 0.379652 0.359937 0.340241 0.320663 0.301296 0.282232 0.263556 0.245348 0.227681 0.210623 0.194233 0.178562 0.163656 0.149552 0.13628 0.123862 0.112315 0.101649 0.0918705 0.0829793 0.0749726 0.0678447 0.0615873 0.0561914 0.0516469 0.0479443 0.0450748 0.0430308 0.0418068 
0.043005 0.0434269 0.0446938 0.0468092 0.0497789 0.0536102 0.0583119 0.0638937 0.0703652 0.0777356 0.0860125 0.0952014 0.105305 0.116321 0.128244 0.141062 0.154757 0.169306 0.184675 0.200827 0.217714 0.235282 0.25347 0.272207 0.291417 0.311018 0.330922 0.351035 0.371259 0.391495 0.411639 0.431587 0.451236 0.470482 0.489223 0.507361 0.524801 0.54145 0.557222 0.572036 0.585818 0.598496 0.610009 0.6203 0.629318 0.637022 0.643375 0.648346 0.651914 0.654061 0.654778 0.654061 0.651914 0.648346 0.643375 0.637022 0.629318 0.6203 0.610009 0.598496 0.585818 0.572036 0.557222 0.54145 0.524801 0.507361 0.489223 0.470482 0.451236 0.431587 0.411639 0.391495 0.371259 0.351035 0.330922 0.311018 0.291417 0.272207 0.25347 0.235282 0.217714 0.200827 0.184675 0.169306 0.154757 0.141062 0.128244 0.116321 0.105305 0.0952014 0.0860125 0.0777356 0.0703652 0.0638937 0.0583119 0.0536102 0.0497789 0.0468092 0.0446938 0.0434269 
0.0445348 0.0449702 0.0462778 0.048461 0.0515255 0.0554788 0.0603296 0.0660874 0.0727617 0.0803615 0.0888942 0.0983647 0.108775 0.120123 0.132401 0.145597 0.159691 0.174658 0.190464 0.207069 0.224424 0.242472 0.261149 0.280382 0.300094 0.320199 0.340606 0.361218 0.381937 0.402658 0.423277 0.443688 0.463783 0.483459 0.502611 0.52114 0.538948 0.555942 0.572036 0.587148 0.601201 0.614126 0.625859 0.636344 0.645531 0.653378 0.659846 0.664908 0.66854 0.670726 0.671455 0.670726 0.66854 0.664908 0.659846 0.653378 0.645531 0.636344 0.625859 0.614126 0.601201 0.587148 0.572036 0.555942 0.538948 0.52114 0.502611 0.483459 0.463783 0.443688 0.423277 0.402658 0.381937 0.361218 0.340606 0.320199 0.300094 0.280382 0.261149 0.242472 0.224424 0.207069 0.190464 0.174658 0.159691 0.145597 0.132401 0.120123 0.108775 0.0983647 0.0888942 0.0803615 0.0727617 0.0660874 0.0603296 0.0554788 0.0515255 0.048461 0.0462778 0.0449702 
0.0459769 0.046425 0.0477708 0.0500176 0.0531711 0.0572388 0.0622293 0.0681522 0.0750167 0.0828315 0.0916038 0.101338 0.112036 0.123693 0.136304 0.149852 0.16432 0.179678 0.195892 0.21292 0.23071 0.249205 0.268337 0.288032 0.30821 0.328783 0.349656 0.370732 0.391908 0.413078 0.434136 0.454973 0.475481 0.495553 0.515083 0.53397 0.552117 0.569429 0.585818 0.601201 0.615503 0.628653 0.640587 0.651249 0.66059 0.668565 0.67514 0.680284 0.683974 0.686195 0.686936 0.686195 0.683974 0.680284 0.67514 0.668565 0.66059 0.651249 0.640587 0.628653 0.615503 0.601201 0.585818 0.569429 0.552117 0.53397 0.515083 0.495553 0.475481 0.454973 0.434136 0.413078 0.391908 0.370732 0.349656 0.328783 0.30821 0.288032 0.268337 0.249205 0.23071 0.21292 0.195892 0.179678 0.16432 0.149852 0.136304 0.123693 0.112036 0.101338 0.0916038 0.0828315 0.0750167 0.0681522 0.0622293 0.0572388 0.0531711 0.0500176 0.0477708 0.046425 
