0.00214454 0.00216973 0.0022455 0.00237241 0.00255143 0.00278385 0.00307128 0.00341562 0.003819 0.00428371 0.00481218 0.0054069 0.0060703 0.00680473 0.00761238 0.00849515 0.0094546 0.0104919 0.0116076 0.0128017 0.0140737 0.0154222 0.0168451 0.0183392 0.0199009 0.0215253 0.0232068 0.0249388 0.0267139 0.0285237 0.0303591 0.0322102 0.0340665 0.0359168 0.0377496 0.0395528 0.0413143 0.0430217 0.0446627 0.0462252 0.0476973 0.0490678 0.0503259 0.0514615 0.0524654 0.0533295 0.0540465 0.0546105 0.0550168 0.055262 0.0553439 0.055262 0.0550168 0.0546105 0.0540465 0.0533295 0.0524654 0.0514615 0.0503259 0.0490678 0.0476973 0.0462252 0.0446627 0.0430217 0.0413143 0.0395528 0.0377496 0.0359168 0.0340665 0.0322102 0.0303591 0.0285237 0.0267139 0.0249388 0.0232068 0.0215253 0.0199009 0.0183392 0.0168451 0.0154222 0.0140737 0.0128017 0.0116076 0.0104919 0.0094546 0.00849515 0.00761238 0.00680473 0.0060703 0.0054069 0.00481218 0.00428371 0.003819 0.00341562 0.00307128 0.00278385 0.00255143 0.00237241 0.0022455 0.00216973 
0.00216973 0.00219519 0.00227177 0.00240005 0.00258098 0.00281588 0.00310637 0.00345435 0.00386197 0.00433156 0.00486554 0.00546641 0.00613664 0.00687859 0.00769444 0.00858611 0.00955517 0.0106027 0.0117294 0.0129353 0.0142197 0.0155811 0.0170176 0.0185259 0.0201023 0.0217419 0.023439 0.025187 0.0269783 0.0288045 0.0306564 0.0325241 0.0343969 0.0362636 0.0381125 0.0399314 0.0417082 0.0434303 0.0450854 0.0466612 0.048146 0.0495281 0.0507968 0.0519419 0.0529542 0.0538255 0.0545485 0.0551173 0.055527 0.0557742 0.0558568 0.0557742 0.055527 0.0551173 0.0545485 0.0538255 0.0529542 0.0519419 0.0507968 0.0495281 0.048146 0.0466612 0.0450854 0.0434303 0.0417082 0.0399314 0.0381125 0.0362636 0.0343969 0.0325241 0.0306564 0.0288045 0.0269783 0.025187 0.023439 0.0217419 0.0201023 0.0185259 0.0170176 0.0155811 0.0142197 0.0129353 0.0117294 0.0106027 0.00955517 0.00858611 0.00769444 0.00687859 0.00613664 0.00546641 0.00486554 0.00433156 0.00386197 0.00345435 0.00310637 0.00281588 0.00258098 0.00240005 0.00227177 0.00219519 
0.0022455 0.00227177 0.00235079 0.00248316 0.00266985 0.00291219 0.00321186 0.00357079 0.00399119 0.0044754 0.00502594 0.00564532 0.00633607 0.00710058 0.00794107 0.00885948 0.00985739 0.0109359 0.0120957 0.0133366 0.0146581 0.0160586 0.0175359 0.0190868 0.0207074 0.0223926 0.0241365 0.0259323 0.0277723 0.0296479 0.0315495 0.0334669 0.0353892 0.037305 0.0392021 0.0410683 0.0428909 0.0446573 0.0463547 0.0479706 0.0494929 0.0509098 0.0522104 0.0533842 0.0544218 0.0553147 0.0560557 0.0566386 0.0570584 0.0573117 0.0573964 0.0573117 0.0570584 0.0566386 0.0560557 0.0553147 0.0544218 0.0533842 0.0522104 0.0509098 0.0494929 0.0479706 0.0463547 0.0446573 0.0428909 0.0410683 0.0392021 0.037305 0.0353892 0.0334669 0.0315495 0.0296479 0.0277723 0.0259323 0.0241365 0.0223926 0.0207074 0.0190868 0.0175359 0.0160586 0.0146581 0.0133366 0.0120957 0.0109359 0.00985739 0.00885948 0.00794107 0.00710058 0.00633607 0.00564532 0.00502594 0.0044754 0.00399119 0.00357079 0.00321186 0.00291219 0.00266985 0.00248316 0.00235079 0.00227177 
0.00237241 0.00240005 0.00248316 0.00262237 0.00281868 0.00307348 0.0033885 0.00376575 0.00420749 0.00471618 0.00529438 0.00594471 0.00666975 0.00747198 0.00835365 0.00931675 0.0103629 0.0114931 0.0127081 0.0140077 0.0153911 0.0168568 0.0184023 0.0200243 0.0217185 0.0234798 0.0253019 0.0271776 0.0290989 0.0310567 0.0330411 0.0350414 0.0370464 0.039044 0.0410216 0.0429665 0.0448656 0.0467057 0.0484735 0.0501562 0.0517411 0.0532162 0.0545698 0.0557914 0.0568711 0.0578001 0.058571 0.0591774 0.0596141 0.0598776 0.0599657 0.0598776 0.0596141 0.0591774 0.058571 0.0578001 0.0568711 0.0557914 0.0545698 0.0532162 0.0517411 0.0501562 0.0484735 0.0467057 0.0448656 0.0429665 0.0410216 0.039044 0.0370464 0.0350414 0.0330411 0.0310567 0.0290989 0.0271776 0.0253019 0.0234798 0.0217185 0.0200243 0.0184023 0.0168568 0.0153911 0.0140077 0.0127081 0.0114931 0.0103629 0.00931675 0.00835365 0.00747198 0.00666975 0.00594471 0.00529438 0.00471618 0.00420749 0.00376575 0.0033885 0.00307348 0.00281868 0.00262237 0.00248316 0.00240005 
0.00255143 0.00258098 0.00266985 0.00281868 0.00302853 0.00330087 0.00363749 0.0040405 0.00451228 0.00505539 0.00567251 0.00636635 0.00713962 0.00799486 0.00893442 0.00996031 0.0110742 0.0122771 0.0135696 0.0149515 0.0164219 0.0179791 0.0196204 0.0213421 0.0231398 0.0250078 0.0269395 0.0289272 0.0309624 0.0330355 0.035136 0.0372526 0.0393733 0.0414854 0.0435759 0.0456311 0.0476372 0.0495805 0.051447 0.0532231 0.0548957 0.0564519 0.0578799 0.0591682 0.0603068 0.0612865 0.0620992 0.0627384 0.0631988 0.0634766 0.0635694 0.0634766 0.0631988 0.0627384 0.0620992 0.0612865 0.0603068 0.0591682 0.0578799 0.0564519 0.0548957 0.0532231 0.051447 0.0495805 0.0476372 0.0456311 0.0435759 0.0414854 0.0393733 0.0372526 0.035136 0.0330355 0.0309624 0.0289272 0.0269395 0.0250078 0.0231398 0.0213421 0.0196204 0.0179791 0.0164219 0.0149515 0.0135696 0.0122771 0.0110742 0.00996031 0.00893442 0.00799486 0.00713962 0.00636635 0.00567251 0.00505539 0.00451228 0.0040405 0.00363749 0.00330087 0.00302853 0.00281868 0.00266985 0.00258098 
0.00278385 0.00281588 0.00291219 0.00307348 0.00330087 0.00359589 0.00396046 0.00439682 0.00490747 0.0054951 0.00616255 0.00691267 0.00774828 0.00867206 0.00968642 0.0107935 0.0119948 0.0132915 0.0146842 0.0161724 0.0177551 0.0194303 0.0211951 0.0230455 0.0249765 0.026982 0.029055 0.0311871 0.033369 0.0355906 0.0378405 0.0401067 0.0423763 0.0446359 0.0468714 0.0490684 0.0512122 0.0532881 0.0552815 0.0571777 0.0589629 0.0606235 0.0621469 0.0635211 0.0647353 0.0657799 0.0666464 0.0673278 0.0678185 0.0681146 0.0682135 0.0681146 0.0678185 0.0673278 0.0666464 0.0657799 0.0647353 0.0635211 0.0621469 0.0606235 0.0589629 0.0571777 0.0552815 0.0532881 0.0512122 0.0490684 0.0468714 0.0446359 0.0423763 0.0401067 0.0378405 0.0355906 0.033369 0.0311871 0.029055 0.026982 0.0249765 0.0230455 0.0211951 0.0194303 0.0177551 0.0161724 0.0146842 0.0132915 0.0119948 0.0107935 0.00968642 0.00867206 0.00774828 0.00691267 0.00616255 0.0054951 0.00490747 0.00439682 0.00396046 0.00359589 0.00330087 0.00307348 0.00291219 0.00281588 
0.00307128 0.00310637 0.00321186 0.0033885 0.00363749 0.00396046 0.00435947 0.0048369 0.0053954 0.00603786 0.00676726 0.00758664 0.00849897 0.00950704 0.0106134 0.0118202 0.0131291 0.0145411 0.0160567 0.0176754 0.019396 0.021216 0.0231324 0.0251405 0.0272351 0.0294092 0.0316553 0.0339642 0.0363259 0.0387292 0.041162 0.0436113 0.0460632 0.0485031 0.0509159 0.0532863 0.0555984 0.0578364 0.0599846 0.0620275 0.0639503 0.0657384 0.0673782 0.0688572 0.0701637 0.0712875 0.0722195 0.0729524 0.0734802 0.0737986 0.073905 0.0737986 0.0734802 0.0729524 0.0722195 0.0712875 0.0701637 0.0688572 0.0673782 0.0657384 0.0639503 0.0620275 0.0599846 0.0578364 0.0555984 0.0532863 0.0509159 0.0485031 0.0460632 0.0436113 0.041162 0.0387292 0.0363259 0.0339642 0.0316553 0.0294092 0.0272351 0.0251405 0.0231324 0.021216 0.019396 0.0176754 0.0160567 0.0145411 0.0131291 0.0118202 0.0106134 0.00950704 0.00849897 0.00758664 0.00676726 0.00603786 0.0053954 0.0048369 0.00435947 0.00396046 0.00363749 0.0033885 0.00321186 0.00310637 
0.00341562 0.00345435 0.00357079 0.00376575 0.0040405 0.00439682 0.0048369 0.00536329 0.00597885 0.00668664 0.00748986 0.00839174 0.00939542 0.0105039 0.0117197 0.0130452 0.014482 0.0160311 0.0176929 0.0194666 0.0213509 0.023343 0.0254391 0.0276345 0.0299229 0.032297 0.0347482 0.0372666 0.0398411 0.0424597 0.045109 0.0477749 0.0504423 0.0530954 0.0557179 0.0582931 0.060804 0.0632334 0.0655645 0.0677807 0.0698657 0.0718042 0.0735815 0.075184 0.0765994 0.0778166 0.078826 0.0796195 0.080191 0.0805357 0.0806509 0.0805357 0.080191 0.0796195 0.078826 0.0778166 0.0765994 0.075184 0.0735815 0.0718042 0.0698657 0.0677807 0.0655645 0.0632334 0.060804 0.0582931 0.0557179 0.0530954 0.0504423 0.0477749 0.045109 0.0424597 0.0398411 0.0372666 0.0347482 0.032297 0.0299229 0.0276345 0.0254391 0.023343 0.0213509 0.0194666 0.0176929 0.0160311 0.014482 0.0130452 0.0117197 0.0105039 0.00939542 0.00839174 0.00748986 0.00668664 0.00597885 0.00536329 0.0048369 0.00439682 0.0040405 0.00376575 0.00357079 0.00345435 
0.003819 0.00386197 0.00399119 0.00420749 0.00451228 0.00490747 0.0053954 0.00597885 0.00666086 0.00744475 0.00833392 0.00933182 0.0104418 0.011667 0.0130101 0.0144735 0.0160589 0.0177672 0.0195987 0.0215524 0.0236266 0.0258181 0.0281227 0.030535 0.033048 0.0356535 0.0383421 0.0411028 0.0439234 0.0467907 0.0496902 0.0526062 0.0555224 0.0584216 0.061286 0.0640974 0.0668375 0.0694876 0.0720294 0.0744451 0.076717 0.0788287 0.0807642 0.0825089 0.0840496 0.0853742 0.0864726 0.087336 0.0879576 0.0883326 0.0884579 0.0883326 0.0879576 0.087336 0.0864726 0.0853742 0.0840496 0.0825089 0.0807642 0.0788287 0.076717 0.0744451 0.0720294 0.0694876 0.0668375 0.0640974 0.061286 0.0584216 0.0555224 0.0526062 0.0496902 0.0467907 0.0439234 0.0411028 0.0383421 0.0356535 0.033048 0.030535 0.0281227 0.0258181 0.0236266 0.0215524 0.0195987 0.0177672 0.0160589 0.0144735 0.0130101 0.011667 0.0104418 0.00933182 0.00833392 0.00744475 0.00666086 0.00597885 0.0053954 0.00490747 0.00451228 0.00420749 0.00399119 0.00386197 
0.00428371 0.00433156 0.0044754 0.00471618 0.00505539 0.0054951 0.00603786 0.00668664 0.00744475 0.00831572 0.00930323 0.010411 0.0116425 0.0130011 0.0144896 0.0161106 0.0178656 0.0197557 0.0217807 0.0239396 0.0262301 0.0286488 0.0311908 0.0338499 0.0366183 0.039487 0.0424453 0.0454813 0.0485814 0.051731 0.0549142 0.0581139 0.0613121 0.0644901 0.0676285 0.0707074 0.0737067 0.0766065 0.0793867 0.0820279 0.0845112 0.0868184 0.0889327 0.0908381 0.0925202 0.0939662 0.0951649 0.0961071 0.0967855 0.0971946 0.0973313 0.0971946 0.0967855 0.0961071 0.0951649 0.0939662 0.0925202 0.0908381 0.0889327 0.0868184 0.0845112 0.0820279 0.0793867 0.0766065 0.0737067 0.0707074 0.0676285 0.0644901 0.0613121 0.0581139 0.0549142 0.051731 0.0485814 0.0454813 0.0424453 0.039487 0.0366183 0.0338499 0.0311908 0.0286488 0.0262301 0.0239396 0.0217807 0.0197557 0.0178656 0.0161106 0.0144896 0.0130011 0.0116425 0.010411 0.00930323 0.00831572 0.00744475 0.00668664 0.00603786 0.0054951 0.00505539 0.00471618 0.0044754 0.00433156 
0.00481218 0.00486554 0.00502594 0.00529438 0.00567251 0.00616255 0.00676726 0.00748986 0.00833392 0.00930323 0.0104018 0.0116334 0.013002 0.014511 0.0161635 0.0179619 0.019908 0.0220025 0.0242452 0.0266348 0.0291686 0.0318424 0.0346509 0.0375869 0.0406418 0.0438055 0.047066 0.0504102 0.0538231 0.0572886 0.060789 0.0643057 0.067819 0.0713083 0.0747525 0.0781298 0.0814184 0.0845965 0.0876423 0.0905348 0.0932534 0.0957785 0.0980916 0.100176 0.102015 0.103596 0.104907 0.105936 0.106678 0.107125 0.107274 0.107125 0.106678 0.105936 0.104907 0.103596 0.102015 0.100176 0.0980916 0.0957785 0.0932534 0.0905348 0.0876423 0.0845965 0.0814184 0.0781298 0.0747525 0.0713083 0.067819 0.0643057 0.060789 0.0572886 0.0538231 0.0504102 0.047066 0.0438055 0.0406418 0.0375869 0.0346509 0.0318424 0.0291686 0.0266348 0.0242452 0.0220025 0.019908 0.0179619 0.0161635 0.014511 0.013002 0.0116334 0.0104018 0.00930323 0.00833392 0.00748986 0.00676726 0.00616255 0.00567251 0.00529438 0.00502594 0.00486554 
0.0054069 0.00546641 0.00564532 0.00594471 0.00636635 0.00691267 0.00758664 0.00839174 0.00933182 0.010411 0.0116334 0.0130034 0.0145249 0.0162016 0.0180368 0.0200329 0.0221917 0.0245137 0.0269986 0.0296446 0.0324486 0.0354058 0.0385099 0.0417531 0.0451257 0.0486162 0.0522115 0.0558968 0.0596557 0.0634703 0.0673214 0.0711882 0.0750493 0.0788822 0.0826635 0.0863698 0.0899771 0.0934617 0.0968 0.099969 0.102946 0.105711 0.108243 0.110524 0.112536 0.114265 0.115698 0.116824 0.117635 0.118124 0.118287 0.118124 0.117635 0.116824 0.115698 0.114265 0.112536 0.110524 0.108243 0.105711 0.102946 0.099969 0.0968 0.0934617 0.0899771 0.0863698 0.0826635 0.0788822 0.0750493 0.0711882 0.0673214 0.0634703 0.0596557 0.0558968 0.0522115 0.0486162 0.0451257 0.0417531 0.0385099 0.0354058 0.0324486 0.0296446 0.0269986 0.0245137 0.0221917 0.0200329 0.0180368 0.0162016 0.0145249 0.0130034 0.0116334 0.010411 0.00933182 0.00839174 0.00758664 0.00691267 0.00636635 0.00594471 0.00564532 0.00546641 
0.0060703 0.00613664 0.00633607 0.00666975 0.00713962 0.00774828 0.00849897 0.00939542 0.0104418 0.0116425 0.013002 0.0145249 0.0162154 0.0180774 0.0201143 0.0223286 0.0247219 0.0272948 0.0300464 0.0329748 0.0360761 0.0393449 0.0427742 0.0463548 0.0500761 0.0539252 0.0578875 0.0619467 0.0660846 0.0702815 0.0745161 0.0787658 0.083007 0.087215 0.0913645 0.0954297 0.0993846 0.103203 0.10686 0.110331 0.11359 0.116615 0.119385 0.121879 0.12408 0.12597 0.127537 0.128767 0.129653 0.130187 0.130366 0.130187 0.129653 0.128767 0.127537 0.12597 0.12408 0.121879 0.119385 0.116615 0.11359 0.110331 0.10686 0.103203 0.0993846 0.0954297 0.0913645 0.087215 0.083007 0.0787658 0.0745161 0.0702815 0.0660846 0.0619467 0.0578875 0.0539252 0.0500761 0.0463548 0.0427742 0.0393449 0.0360761 0.0329748 0.0300464 0.0272948 0.0247219 0.0223286 0.0201143 0.0180774 0.0162154 0.0145249 0.013002 0.0116425 0.0104418 0.00939542 0.00849897 0.00774828 0.00713962 0.00666975 0.00633607 0.00613664 
0.00680473 0.00687859 0.00710058 0.00747198 0.00799486 0.00867206 0.00950704 0.0105039 0.011667 0.0130011 0.014511 0.0162016 0.0180774 0.0201425 0.0224003 0.0248533 0.0275033 0.0303504 0.0333936 0.0366303 0.0400561 0.0436649 0.0474484 0.0513967 0.0554976 0.0597368 0.0640982 0.0685637 0.0731131 0.0777249 0.0823755 0.0870403 0.0916932 0.0963075 0.100855 0.105309 0.109639 0.113819 0.11782 0.121616 0.125179 0.128486 0.131512 0.134237 0.13664 0.138704 0.140414 0.141757 0.142724 0.143307 0.143502 0.143307 0.142724 0.141757 0.140414 0.138704 0.13664 0.134237 0.131512 0.128486 0.125179 0.121616 0.11782 0.113819 0.109639 0.105309 0.100855 0.0963075 0.0916932 0.0870403 0.0823755 0.0777249 0.0731131 0.0685637 0.0640982 0.0597368 0.0554976 0.0513967 0.0474484 0.0436649 0.0400561 0.0366303 0.0333936 0.0303504 0.0275033 0.0248533 0.0224003 0.0201425 0.0180774 0.0162016 0.014511 0.0130011 0.011667 0.0105039 0.00950704 0.00867206 0.00799486 0.00747198 0.00710058 0.00687859 
0.00761238 0.00769444 0.00794107 0.00835365 0.00893442 0.00968642 0.0106134 0.0117197 0.0130101 0.0144896 0.0161635 0.0180368 0.0201143 0.0224003 0.0248982 0.0276108 0.0305395 0.0336843 0.0370438 0.0406148 0.0443922 0.048369 0.0525359 0.0568817 0.0613928 0.0660533 0.0708454 0.075749 0.080742 0.0858005 0.0908989 0.0960101 0.101106 0.106156 0.111132 0.116002 0.120735 0.125302 0.129672 0.133815 0.137704 0.141312 0.144613 0.147584 0.150203 0.152453 0.154316 0.15578 0.156833 0.157468 0.157681 0.157468 0.156833 0.15578 0.154316 0.152453 0.150203 0.147584 0.144613 0.141312 0.137704 0.133815 0.129672 0.125302 0.120735 0.116002 0.111132 0.106156 0.101106 0.0960101 0.0908989 0.0858005 0.080742 0.075749 0.0708454 0.0660533 0.0613928 0.0568817 0.0525359 0.048369 0.0443922 0.0406148 0.0370438 0.0336843 0.0305395 0.0276108 0.0248982 0.0224003 0.0201143 0.0180368 0.0161635 0.0144896 0.0130101 0.0117197 0.0106134 0.00968642 0.00893442 0.00835365 0.00794107 0.00769444 
0.00849515 0.00858611 0.00885948 0.00931675 0.00996031 0.0107935 0.0118202 0.0130452 0.0144735 0.0161106 0.0179619 0.0200329 0.0223286 0.0248533 0.0276108 0.0306036 0.0338331 0.0372989 0.0409993 0.0449303 0.0490861 0.0534588 0.0580378 0.0628105 0.0677618 0.0728743 0.0781279 0.0835008 0.0889685 0.0945049 0.100082 0.10567 0.111238 0.116754 0.122186 0.127499 0.132662 0.137641 0.142402 0.146916 0.151151 0.155078 0.15867 0.161902 0.164752 0.167198 0.169225 0.170816 0.171961 0.172651 0.172882 0.172651 0.171961 0.170816 0.169225 0.167198 0.164752 0.161902 0.15867 0.155078 0.151151 0.146916 0.142402 0.137641 0.132662 0.127499 0.122186 0.116754 0.111238 0.10567 0.100082 0.0945049 0.0889685 0.0835008 0.0781279 0.0728743 0.0677618 0.0628105 0.0580378 0.0534588 0.0490861 0.0449303 0.0409993 0.0372989 0.0338331 0.0306036 0.0276108 0.0248533 0.0223286 0.0200329 0.0179619 0.0161106 0.0144735 0.0130452 0.0118202 0.0107935 0.00996031 0.00931675 0.00885948 0.00858611 
0.0094546 0.00955517 0.00985739 0.0103629 0.0110742 0.0119948 0.0131291 0.014482 0.0160589 0.0178656 0.019908 0.0221917 0.0247219 0.0275033 0.0305395 0.0338331 0.0373851 0.0411951 0.0452606 0.049577 0.0541377 0.0589335 0.0639527 0.0691811 0.0746021 0.0801962 0.0859415 0.0918138 0.0977864 0.103831 0.109916 0.11601 0.122079 0.128089 0.134003 0.139786 0.145403 0.150817 0.155993 0.160897 0.165497 0.169761 0.173661 0.177168 0.18026 0.182914 0.185112 0.186837 0.188078 0.188827 0.189077 0.188827 0.188078 0.186837 0.185112 0.182914 0.18026 0.177168 0.173661 0.169761 0.165497 0.160897 0.155993 0.150817 0.145403 0.139786 0.134003 0.128089 0.122079 0.11601 0.109916 0.103831 0.0977864 0.0918138 0.0859415 0.0801962 0.0746021 0.0691811 0.0639527 0.0589335 0.0541377 0.049577 0.0452606 0.0411951 0.0373851 0.0338331 0.0305395 0.0275033 0.0247219 0.0221917 0.019908 0.0178656 0.0160589 0.014482 0.0131291 0.0119948 0.0110742 0.0103629 0.00985739 0.00955517 
0.0104919 0.0106027 0.0109359 0.0114931 0.0122771 0.0132915 0.0145411 0.0160311 0.0177672 0.0197557 0.0220025 0.0245137 0.0272948 0.0303504 0.0336843 0.0372989 0.0411951 0.0453719 0.0498263 0.054553 0.0595443 0.0647898 0.0702765 0.0759887 0.0819077 0.0880121 0.094278 0.100679 0.107185 0.113766 0.120388 0.127016 0.133613 0.140142 0.146565 0.152842 0.158936 0.164807 0.170418 0.175733 0.180715 0.185333 0.189554 0.19335 0.196695 0.199566 0.201943 0.203809 0.205151 0.205961 0.206231 0.205961 0.205151 0.203809 0.201943 0.199566 0.196695 0.19335 0.189554 0.185333 0.180715 0.175733 0.170418 0.164807 0.158936 0.152842 0.146565 0.140142 0.133613 0.127016 0.120388 0.113766 0.107185 0.100679 0.094278 0.0880121 0.0819077 0.0759887 0.0702765 0.0647898 0.0595443 0.054553 0.0498263 0.0453719 0.0411951 0.0372989 0.0336843 0.0303504 0.0272948 0.0245137 0.0220025 0.0197557 0.0177672 0.0160311 0.0145411 0.0132915 0.0122771 0.0114931 0.0109359 0.0106027 
0.0116076 0.0117294 0.0120957 0.0127081 0.0135696 0.0146842 0.0160567 0.0176929 0.0195987 0.0217807 0.0242452 0.0269986 0.0300464 0.0333936 0.0370438 0.0409993 0.0452606 0.0498263 0.0546928 0.0598539 0.0653007 0.0710216 0.0770022 0.0832248 0.0896691 0.0963114 0.103125 0.110082 0.11715 0.124294 0.131479 0.138667 0.145818 0.152891 0.159846 0.16664 0.173232 0.179581 0.185646 0.191388 0.19677 0.201756 0.206312 0.210409 0.214017 0.217114 0.219677 0.221689 0.223137 0.224009 0.2243 0.224009 0.223137 0.221689 0.219677 0.217114 0.214017 0.210409 0.206312 0.201756 0.19677 0.191388 0.185646 0.179581 0.173232 0.16664 0.159846 0.152891 0.145818 0.138667 0.131479 0.124294 0.11715 0.110082 0.103125 0.0963114 0.0896691 0.0832248 0.0770022 0.0710216 0.0653007 0.0598539 0.0546928 0.0498263 0.0452606 0.0409993 0.0370438 0.0333936 0.0300464 0.0269986 0.0242452 0.0217807 0.0195987 0.0176929 0.0160567 0.0146842 0.0135696 0.0127081 0.0120957 0.0117294 
0.0128017 0.0129353 0.0133366 0.0140077 0.0149515 0.0161724 0.0176754 0.0194666 0.0215524 0.0239396 0.0266348 0.0296446 0.0329748 0.0366303 0.0406148 0.0449303 0.049577 0.054553 0.0598539 0.0654724 0.0713986 0.0776195 0.084119 0.0908777 0.097873 0.105079 0.112467 0.120006 0.12766 0.135393 0.143166 0.150938 0.158666 0.166306 0.173814 0.181146 0.188256 0.195101 0.201637 0.207823 0.213618 0.218985 0.223889 0.228296 0.232178 0.235508 0.238263 0.240427 0.241982 0.24292 0.243233 0.24292 0.241982 0.240427 0.238263 0.235508 0.232178 0.228296 0.223889 0.218985 0.213618 0.207823 0.201637 0.195101 0.188256 0.181146 0.173814 0.166306 0.158666 0.150938 0.143166 0.135393 0.12766 0.120006 0.112467 0.105079 0.097873 0.0908777 0.084119 0.0776195 0.0713986 0.0654724 0.0598539 0.054553 0.049577 0.0449303 0.0406148 0.0366303 0.0329748 0.0296446 0.0266348 0.0239396 0.0215524 0.0194666 0.0176754 0.0161724 0.0149515 0.0140077 0.0133366 0.0129353 
0.0140737 0.0142197 0.0146581 0.0153911 0.0164219 0.0177551 0.019396 0.0213509 0.0236266 0.0262301 0.0291686 0.0324486 0.0360761 0.0400561 0.0443922 0.0490861 0.0541377 0.0595443 0.0653007 0.0713986 0.0778269 0.084571 0.091613 0.0989316 0.106502 0.114296 0.122283 0.130427 0.138692 0.147037 0.15542 0.163798 0.172124 0.180351 0.188432 0.19632 0.203965 0.211322 0.218344 0.224988 0.231209 0.236969 0.24223 0.246957 0.25112 0.25469 0.257644 0.259962 0.261629 0.262633 0.262969 0.262633 0.261629 0.259962 0.257644 0.25469 0.25112 0.246957 0.24223 0.236969 0.231209 0.224988 0.218344 0.211322 0.203965 0.19632 0.188432 0.180351 0.172124 0.163798 0.15542 0.147037 0.138692 0.130427 0.122283 0.114296 0.106502 0.0989316 0.091613 0.084571 0.0778269 0.0713986 0.0653007 0.0595443 0.0541377 0.0490861 0.0443922 0.0400561 0.0360761 0.0324486 0.0291686 0.0262301 0.0236266 0.0213509 0.019396 0.0177551 0.0164219 0.0153911 0.0146581 0.0142197 
0.0154222 0.0155811 0.0160586 0.0168568 0.0179791 0.0194303 0.021216 0.023343 0.0258181 0.0286488 0.0318424 0.0354058 0.0393449 0.0436649 0.048369 0.0534588 0.0589335 0.0647898 0.0710216 0.0776195 0.084571 0.0918598 0.0994662 0.107367 0.115535 0.123939 0.132546 0.141317 0.150214 0.159192 0.168206 0.177209 0.186152 0.194984 0.203656 0.212114 0.22031 0.228193 0.235715 0.242827 0.249486 0.255648 0.261275 0.266329 0.270779 0.274594 0.27775 0.280227 0.282008 0.283081 0.28344 0.283081 0.282008 0.280227 0.27775 0.274594 0.270779 0.266329 0.261275 0.255648 0.249486 0.242827 0.235715 0.228193 0.22031 0.212114 0.203656 0.194984 0.186152 0.177209 0.168206 0.159192 0.150214 0.141317 0.132546 0.123939 0.115535 0.107367 0.0994662 0.0918598 0.084571 0.0776195 0.0710216 0.0647898 0.0589335 0.0534588 0.048369 0.0436649 0.0393449 0.0354058 0.0318424 0.0286488 0.0258181 0.023343 0.021216 0.0194303 0.0179791 0.0168568 0.0160586 0.0155811 
0.0168451 0.0170176 0.0175359 0.0184023 0.0196204 0.0211951 0.0231324 0.0254391 0.0281227 0.0311908 0.0346509 0.0385099 0.0427742 0.0474484 0.0525359 0.0580378 0.0639527 0.0702765 0.0770022 0.084119 0.091613 0.0994662 0.107657 0.11616 0.124945 0.133979 0.143226 0.152644 0.162191 0.17182 0.181483 0.191128 0.200704 0.210157 0.219432 0.228476 0.237235 0.245656 0.253686 0.261278 0.268382 0.274954 0.280953 0.286341 0.291082 0.295147 0.298509 0.301147 0.303044 0.304187 0.304568 0.304187 0.303044 0.301147 0.298509 0.295147 0.291082 0.286341 0.280953 0.274954 0.268382 0.261278 0.253686 0.245656 0.237235 0.228476 0.219432 0.210157 0.200704 0.191128 0.181483 0.17182 0.162191 0.152644 0.143226 0.133979 0.124945 0.11616 0.107657 0.0994662 0.091613 0.084119 0.0770022 0.0702765 0.0639527 0.0580378 0.0525359 0.0474484 0.0427742 0.0385099 0.0346509 0.0311908 0.0281227 0.0254391 0.0231324 0.0211951 0.0196204 0.0184023 0.0175359 0.0170176 
0.0183392 0.0185259 0.0190868 0.0200243 0.0213421 0.0230455 0.0251405 0.0276345 0.030535 0.0338499 0.0375869 0.0417531 0.0463548 0.0513967 0.0568817 0.0628105 0.0691811 0.0759887 0.0832248 0.0908777 0.0989316 0.107367 0.11616 0.125282 0.134702 0.144384 0.154287 0.164369 0.174583 0.184879 0.195204 0.205506 0.215728 0.225814 0.235705 0.245345 0.254676 0.263643 0.272191 0.280268 0.287824 0.294813 0.301189 0.306914 0.311951 0.316268 0.319838 0.322639 0.324652 0.325865 0.326271 0.325865 0.324652 0.322639 0.319838 0.316268 0.311951 0.306914 0.301189 0.294813 0.287824 0.280268 0.272191 0.263643 0.254676 0.245345 0.235705 0.225814 0.215728 0.205506 0.195204 0.184879 0.174583 0.164369 0.154287 0.144384 0.134702 0.125282 0.11616 0.107367 0.0989316 0.0908777 0.0832248 0.0759887 0.0691811 0.0628105 0.0568817 0.0513967 0.0463548 0.0417531 0.0375869 0.0338499 0.030535 0.0276345 0.0251405 0.0230455 0.0213421 0.0200243 0.0190868 0.0185259 
0.0199009 0.0201023 0.0207074 0.0217185 0.0231398 0.0249765 0.0272351 0.0299229 0.033048 0.0366183 0.0406418 0.0451257 0.0500761 0.0554976 0.0613928 0.0677618 0.0746021 0.0819077 0.0896691 0.097873 0.106502 0.115535 0.124945 0.134702 0.144772 0.155116 0.16569 0.176449 0.187343 0.198318 0.209319 0.220288 0.231166 0.241894 0.252409 0.262653 0.272564 0.282083 0.291154 0.299722 0.307734 0.315142 0.321898 0.327963 0.333297 0.337868 0.341647 0.344612 0.346743 0.348026 0.348455 0.348026 0.346743 0.344612 0.341647 0.337868 0.333297 0.327963 0.321898 0.315142 0.307734 0.299722 0.291154 0.282083 0.272564 0.262653 0.252409 0.241894 0.231166 0.220288 0.209319 0.198318 0.187343 0.176449 0.16569 0.155116 0.144772 0.134702 0.124945 0.115535 0.106502 0.097873 0.0896691 0.0819077 0.0746021 0.0677618 0.0613928 0.0554976 0.0500761 0.0451257 0.0406418 0.0366183 0.033048 0.0299229 0.0272351 0.0249765 0.0231398 0.0217185 0.0207074 0.0201023 
0.0215253 0.0217419 0.0223926 0.0234798 0.0250078 0.026982 0.0294092 0.032297 0.0356535 0.039487 0.0438055 0.0486162 0.0539252 0.0597368 0.0660533 0.0728743 0.0801962 0.0880121 0.0963114 0.105079 0.114296 0.123939 0.133979 0.144384 0.155116 0.166133 0.17739 0.188837 0.20042 0.212083 0.223768 0.235413 0.246955 0.258331 0.269476 0.280328 0.290823 0.300898 0.310495 0.319556 0.328025 0.335853 0.342991 0.349395 0.355027 0.359852 0.363841 0.366969 0.369217 0.370572 0.371024 0.370572 0.369217 0.366969 0.363841 0.359852 0.355027 0.349395 0.342991 0.335853 0.328025 0.319556 0.310495 0.300898 0.290823 0.280328 0.269476 0.258331 0.246955 0.235413 0.223768 0.212083 0.20042 0.188837 0.17739 0.166133 0.155116 0.144384 0.133979 0.123939 0.114296 0.105079 0.0963114 0.0880121 0.0801962 0.0728743 0.0660533 0.0597368 0.0539252 0.0486162 0.0438055 0.039487 0.0356535 0.032297 0.0294092 0.026982 0.0250078 0.0234798 0.0223926 0.0217419 
0.0232068 0.023439 0.0241365 0.0253019 0.0269395 0.029055 0.0316553 0.0347482 0.0383421 0.0424453 0.047066 0.0522115 0.0578875 0.0640982 0.0708454 0.0781279 0.0859415 0.094278 0.103125 0.112467 0.122283 0.132546 0.143226 0.154287 0.16569 0.17739 0.189337 0.201479 0.213759 0.226117 0.238491 0.250816 0.263025 0.275053 0.286831 0.298293 0.309372 0.320004 0.330127 0.33968 0.348607 0.356853 0.364371 0.371115 0.377043 0.382121 0.386318 0.389609 0.391974 0.393398 0.393874 0.393398 0.391974 0.389609 0.386318 0.382121 0.377043 0.371115 0.364371 0.356853 0.348607 0.33968 0.330127 0.320004 0.309372 0.298293 0.286831 0.275053 0.263025 0.250816 0.238491 0.226117 0.213759 0.201479 0.189337 0.17739 0.16569 0.154287 0.143226 0.132546 0.122283 0.112467 0.103125 0.094278 0.0859415 0.0781279 0.0708454 0.0640982 0.0578875 0.0522115 0.047066 0.0424453 0.0383421 0.0347482 0.0316553 0.029055 0.0269395 0.0253019 0.0241365 0.023439 
0.0249388 0.025187 0.0259323 0.0271776 0.0289272 0.0311871 0.0339642 0.0372666 0.0411028 0.0454813 0.0504102 0.0558968 0.0619467 0.0685637 0.075749 0.0835008 0.0918138 0.100679 0.110082 0.120006 0.130427 0.141317 0.152644 0.164369 0.176449 0.188837 0.201479 0.214321 0.227301 0.240356 0.253421 0.266427 0.279304 0.291983 0.304393 0.316464 0.328126 0.339312 0.349958 0.360001 0.369382 0.378045 0.385939 0.393019 0.399241 0.404569 0.408972 0.412424 0.414904 0.416398 0.416897 0.416398 0.414904 0.412424 0.408972 0.404569 0.399241 0.393019 0.385939 0.378045 0.369382 0.360001 0.349958 0.339312 0.328126 0.316464 0.304393 0.291983 0.279304 0.266427 0.253421 0.240356 0.227301 0.214321 0.201479 0.188837 0.176449 0.164369 0.152644 0.141317 0.130427 0.120006 0.110082 0.100679 0.0918138 0.0835008 0.075749 0.0685637 0.0619467 0.0558968 0.0504102 0.0454813 0.0411028 0.0372666 0.0339642 0.0311871 0.0289272 0.0271776 0.0259323 0.025187 
0.0267139 0.0269783 0.0277723 0.0290989 0.0309624 0.033369 0.0363259 0.0398411 0.0439234 0.0485814 0.0538231 0.0596557 0.0660846 0.0731131 0.080742 0.0889685 0.0977864 0.107185 0.11715 0.12766 0.138692 0.150214 0.162191 0.174583 0.187343 0.20042 0.213759 0.227301 0.240981 0.254733 0.268487 0.282172 0.295715 0.309042 0.32208 0.334755 0.346995 0.358731 0.369895 0.380421 0.390251 0.399325 0.407591 0.415002 0.421513 0.427088 0.431694 0.435304 0.437898 0.439461 0.439982 0.439461 0.437898 0.435304 0.431694 0.427088 0.421513 0.415002 0.407591 0.399325 0.390251 0.380421 0.369895 0.358731 0.346995 0.334755 0.32208 0.309042 0.295715 0.282172 0.268487 0.254733 0.240981 0.227301 0.213759 0.20042 0.187343 0.174583 0.162191 0.150214 0.138692 0.12766 0.11715 0.107185 0.0977864 0.0889685 0.080742 0.0731131 0.0660846 0.0596557 0.0538231 0.0485814 0.0439234 0.0398411 0.0363259 0.033369 0.0309624 0.0290989 0.0277723 0.0269783 
0.0285237 0.0288045 0.0296479 0.0310567 0.0330355 0.0355906 0.0387292 0.0424597 0.0467907 0.051731 0.0572886 0.0634703 0.0702815 0.0777249 0.0858005 0.0945049 0.103831 0.113766 0.124294 0.135393 0.147037 0.159192 0.17182 0.184879 0.198318 0.212083 0.226117 0.240356 0.254733 0.269177 0.283616 0.297974 0.312177 0.326145 0.339804 0.353076 0.365886 0.378164 0.389837 0.400841 0.411111 0.420589 0.42922 0.436955 0.44375 0.449567 0.454371 0.458137 0.460842 0.462471 0.463015 0.462471 0.460842 0.458137 0.454371 0.449567 0.44375 0.436955 0.42922 0.420589 0.411111 0.400841 0.389837 0.378164 0.365886 0.353076 0.339804 0.326145 0.312177 0.297974 0.283616 0.269177 0.254733 0.240356 0.226117 0.212083 0.198318 0.184879 0.17182 0.159192 0.147037 0.135393 0.124294 0.113766 0.103831 0.0945049 0.0858005 0.0777249 0.0702815 0.0634703 0.0572886 0.051731 0.0467907 0.0424597 0.0387292 0.0355906 0.0330355 0.0310567 0.0296479 0.0288045 
0.0303591 0.0306564 0.0315495 0.0330411 0.035136 0.0378405 0.041162 0.045109 0.0496902 0.0549142 0.060789 0.0673214 0.0745161 0.0823755 0.0908989 0.100082 0.109916 0.120388 0.131479 0.143166 0.15542 0.168206 0.181483 0.195204 0.209319 0.223768 0.238491 0.253421 0.268487 0.283616 0.298731 0.313755 0.328606 0.343207 0.357476 0.371334 0.384705 0.397513 0.409687 0.421156 0.431857 0.441729 0.450717 0.458769 0.465841 0.471892 0.47689 0.480807 0.483619 0.485313 0.485879 0.485313 0.483619 0.480807 0.47689 0.471892 0.465841 0.458769 0.450717 0.441729 0.431857 0.421156 0.409687 0.397513 0.384705 0.371334 0.357476 0.343207 0.328606 0.313755 0.298731 0.283616 0.268487 0.253421 0.238491 0.223768 0.209319 0.195204 0.181483 0.168206 0.15542 0.143166 0.131479 0.120388 0.109916 0.100082 0.0908989 0.0823755 0.0745161 0.0673214 0.060789 0.0549142 0.0496902 0.045109 0.041162 0.0378405 0.035136 0.0330411 0.0315495 0.0306564 
0.0322102 0.0325241 0.0334669 0.0350414 0.0372526 0.0401067 0.0436113 0.0477749 0.0526062 0.0581139 0.0643057 0.0711882 0.0787658 0.0870403 0.0960101 0.10567 0.11601 0.127016 0.138667 0.150938 0.163798 0.177209 0.191128 0.205506 0.220288 0.235413 0.250816 0.266427 0.282172 0.297974 0.313755 0.329431 0.34492 0.360139 0.375005 0.389437 0.403355 0.416681 0.429341 0.441264 0.452385 0.46264 0.471973 0.480332 0.487672 0.493952 0.499137 0.503199 0.506117 0.507874 0.50846 0.507874 0.506117 0.503199 0.499137 0.493952 0.487672 0.480332 0.471973 0.46264 0.452385 0.441264 0.429341 0.416681 0.403355 0.389437 0.375005 0.360139 0.34492 0.329431 0.313755 0.297974 0.282172 0.266427 0.250816 0.235413 0.220288 0.205506 0.191128 0.177209 0.163798 0.150938 0.138667 0.127016 0.11601 0.10567 0.0960101 0.0870403 0.0787658 0.0711882 0.0643057 0.0581139 0.0526062 0.0477749 0.0436113 0.0401067 0.0372526 0.0350414 0.0334669 0.0325241 
0.0340665 0.0343969 0.0353892 0.0370464 0.0393733 0.0423763 0.0460632 0.0504423 0.0555224 0.0613121 0.067819 0.0750493 0.083007 0.0916932 0.101106 0.111238 0.122079 0.133613 0.145818 0.158666 0.172124 0.186152 0.200704 0.215728 0.231166 0.246955 0.263025 0.279304 0.295715 0.312177 0.328606 0.34492 0.36103 0.376852 0.3923 0.40729 0.421738 0.435567 0.448698 0.461061 0.472587 0.483212 0.492879 0.501535 0.509133 0.515632 0.520998 0.525201 0.528219 0.530036 0.530643 0.530036 0.528219 0.525201 0.520998 0.515632 0.509133 0.501535 0.492879 0.483212 0.472587 0.461061 0.448698 0.435567 0.421738 0.40729 0.3923 0.376852 0.36103 0.34492 0.328606 0.312177 0.295715 0.279304 0.263025 0.246955 0.231166 0.215728 0.200704 0.186152 0.172124 0.158666 0.145818 0.133613 0.122079 0.111238 0.101106 0.0916932 0.083007 0.0750493 0.067819 0.0613121 0.0555224 0.0504423 0.0460632 0.0423763 0.0393733 0.0370464 0.0353892 0.0343969 
0.0359168 0.0362636 0.037305 0.039044 0.0414854 0.0446359 0.0485031 0.0530954 0.0584216 0.0644901 0.0713083 0.0788822 0.087215 0.0963075 0.106156 0.116754 0.128089 0.140142 0.152891 0.166306 0.180351 0.194984 0.210157 0.225814 0.241894 0.258331 0.275053 0.291983 0.309042 0.326145 0.343207 0.360139 0.376852 0.393258 0.409269 0.424797 0.439759 0.454072 0.467658 0.480444 0.492359 0.503341 0.513328 0.522268 0.530114 0.536824 0.542362 0.546699 0.549813 0.551689 0.552315 0.551689 0.549813 0.546699 0.542362 0.536824 0.530114 0.522268 0.513328 0.503341 0.492359 0.480444 0.467658 0.454072 0.439759 0.424797 0.409269 0.393258 0.376852 0.360139 0.343207 0.326145 0.309042 0.291983 0.275053 0.258331 0.241894 0.225814 0.210157 0.194984 0.180351 0.166306 0.152891 0.140142 0.128089 0.116754 0.106156 0.0963075 0.087215 0.0788822 0.0713083 0.0644901 0.0584216 0.0530954 0.0485031 0.0446359 0.0414854 0.039044 0.037305 0.0362636 
0.0377496 0.0381125 0.0392021 0.0410216 0.0435759 0.0468714 0.0509159 0.0557179 0.061286 0.0676285 0.0747525 0.0826635 0.0913645 0.100855 0.111132 0.122186 0.134003 0.146565 0.159846 0.173814 0.188432 0.203656 0.219432 0.235705 0.252409 0.269476 0.286831 0.304393 0.32208 0.339804 0.357476 0.375005 0.3923 0.409269 0.425821 0.441868 0.457321 0.472099 0.486121 0.499311 0.5116 0.522921 0.533214 0.542426 0.550507 0.557417 0.563119 0.567585 0.570791 0.572721 0.573365 0.572721 0.570791 0.567585 0.563119 0.557417 0.550507 0.542426 0.533214 0.522921 0.5116 0.499311 0.486121 0.472099 0.457321 0.441868 0.425821 0.409269 0.3923 0.375005 0.357476 0.339804 0.32208 0.304393 0.286831 0.269476 0.252409 0.235705 0.219432 0.203656 0.188432 0.173814 0.159846 0.146565 0.134003 0.122186 0.111132 0.100855 0.0913645 0.0826635 0.0747525 0.0676285 0.061286 0.0557179 0.0509159 0.0468714 0.0435759 0.0410216 0.0392021 0.0381125 
0.0395528 0.0399314 0.0410683 0.0429665 0.0456311 0.0490684 0.0532863 0.0582931 0.0640974 0.0707074 0.0781298 0.0863698 0.0954297 0.105309 0.116002 0.127499 0.139786 0.152842 0.16664 0.181146 0.19632 0.212114 0.228476 0.245345 0.262653 0.280328 0.298293 0.316464 0.334755 0.353076 0.371334 0.389437 0.40729 0.424797 0.441868 0.458409 0.474332 0.489553 0.50399 0.517566 0.530208 0.541852 0.552435 0.561904 0.570209 0.577308 0.583166 0.587752 0.591045 0.593027 0.593688 0.593027 0.591045 0.587752 0.583166 0.577308 0.570209 0.561904 0.552435 0.541852 0.530208 0.517566 0.50399 0.489553 0.474332 0.458409 0.441868 0.424797 0.40729 0.389437 0.371334 0.353076 0.334755 0.316464 0.298293 0.280328 0.262653 0.245345 0.228476 0.212114 0.19632 0.181146 0.16664 0.152842 0.139786 0.127499 0.116002 0.105309 0.0954297 0.0863698 0.0781298 0.0707074 0.0640974 0.0582931 0.0532863 0.0490684 0.0456311 0.0429665 0.0410683 0.0399314 
0.0413143 0.0417082 0.0428909 0.0448656 0.0476372 0.0512122 0.0555984 0.060804 0.0668375 0.0737067 0.0814184 0.0899771 0.0993846 0.109639 0.120735 0.132662 0.145403 0.158936 0.173232 0.188256 0.203965 0.22031 0.237235 0.254676 0.272564 0.290823 0.309372 0.328126 0.346995 0.365886 0.384705 0.403355 0.421738 0.439759 0.457321 0.474332 0.490702 0.506342 0.521171 0.535111 0.548088 0.560036 0.570893 0.580604 0.589119 0.596397 0.6024 0.6071 0.610474 0.612505 0.613183 0.612505 0.610474 0.6071 0.6024 0.596397 0.589119 0.580604 0.570893 0.560036 0.548088 0.535111 0.521171 0.506342 0.490702 0.474332 0.457321 0.439759 0.421738 0.403355 0.384705 0.365886 0.346995 0.328126 0.309372 0.290823 0.272564 0.254676 0.237235 0.22031 0.203965 0.188256 0.173232 0.158936 0.145403 0.132662 0.120735 0.109639 0.0993846 0.0899771 0.0814184 0.0737067 0.0668375 0.060804 0.0555984 0.0512122 0.0476372 0.0448656 0.0428909 0.0417082 
0.0430217 0.0434303 0.0446573 0.0467057 0.0495805 0.0532881 0.0578364 0.0632334 0.0694876 0.0766065 0.0845965 0.0934617 0.103203 0.113819 0.125302 0.137641 0.150817 0.164807 0.179581 0.195101 0.211322 0.228193 0.245656 0.263643 0.282083 0.300898 0.320004 0.339312 0.358731 0.378164 0.397513 0.416681 0.435567 0.454072 0.472099 0.489553 0.506342 0.522378 0.537576 0.551857 0.565149 0.577381 0.588494 0.598431 0.607143 0.614587 0.620727 0.625533 0.628983 0.631059 0.631752 0.631059 0.628983 0.625533 0.620727 0.614587 0.607143 0.598431 0.588494 0.577381 0.565149 0.551857 0.537576 0.522378 0.506342 0.489553 0.472099 0.454072 0.435567 0.416681 0.397513 0.378164 0.358731 0.339312 0.320004 0.300898 0.282083 0.263643 0.245656 0.228193 0.211322 0.195101 0.179581 0.164807 0.150817 0.137641 0.125302 0.113819 0.103203 0.0934617 0.0845965 0.0766065 0.0694876 0.0632334 0.0578364 0.0532881 0.0495805 0.0467057 0.0446573 0.0434303 
0.0446627 0.0450854 0.0463547 0.0484735 0.051447 0.0552815 0.0599846 0.0655645 0.0720294 0.0793867 0.0876423 0.0968 0.10686 0.11782 0.129672 0.142402 0.155993 0.170418 0.185646 0.201637 0.218344 0.235715 0.253686 0.272191 0.291154 0.310495 0.330127 0.349958 0.369895 0.389837 0.409687 0.429341 0.448698 0.467658 0.486121 0.50399 0.521171 0.537576 0.553118 0.567718 0.581302 0.5938 0.605151 0.615298 0.624192 0.63179 0.638057 0.642961 0.64648 0.648599 0.649306 0.648599 0.64648 0.642961 0.638057 0.63179 0.624192 0.615298 0.605151 0.5938 0.581302 0.567718 0.553118 0.537576 0.521171 0.50399 0.486121 0.467658 0.448698 0.429341 0.409687 0.389837 0.369895 0.349958 0.330127 0.310495 0.291154 0.272191 0.253686 0.235715 0.218344 0.201637 0.185646 0.170418 0.155993 0.142402 0.129672 0.11782 0.10686 0.0968 0.0876423 0.0793867 0.0720294 0.0655645 0.0599846 0.0552815 0.051447 0.0484735 0.0463547 0.0450854 
0.0462252 0.0466612 0.0479706 0.0501562 0.0532231 0.0571777 0.0620275 0.0677807 0.0744451 0.0820279 0.0905348 0.099969 0.110331 0.121616 0.133815 0.146916 0.160897 0.175733 0.191388 0.207823 0.224988 0.242827 0.261278 0.280268 0.299722 0.319556 0.33968 0.360001 0.380421 0.400841 0.421156 0.441264 0.461061 0.480444 0.499311 0.517566 0.535111 0.551857 0.567718 0.582613 0.596466 0.609209 0.620779 0.63112 0.640182 0.647923 0.654305 0.6593 0.662883 0.66504 0.66576 0.66504 0.662883 0.6593 0.654305 0.647923 0.640182 0.63112 0.620779 0.609209 0.596466 0.582613 0.567718 0.551857 0.535111 0.517566 0.499311 0.480444 0.461061 0.441264 0.421156 0.400841 0.380421 0.360001 0.33968 0.319556 0.299722 0.280268 0.261278 0.242827 0.224988 0.207823 0.191388 0.175733 0.160897 0.146916 0.133815 0.121616 0.110331 0.099969 0.0905348 0.0820279 0.0744451 0.0677807 0.0620275 0.0571777 0.0532231 0.0501562 0.0479706 0.0466612 
0.0476973 0.048146 0.0494929 0.0517411 0.0548957 0.0589629 0.0639503 0.0698657 0.076717 0.0845112 0.0932534 0.102946 0.11359 0.125179 0.137704 0.151151 0.165497 0.180715 0.19677 0.213618 0.231209 0.249486 0.268382 0.287824 0.307734 0.328025 0.348607 0.369382 0.390251 0.411111 0.431857 0.452385 0.472587 0.492359 0.5116 0.530208 0.548088 0.565149 0.581302 0.596466 0.610567 0.623534 0.635304 0.645822 0.655037 0.662907 0.669395 0.674472 0.678114 0.680306 0.681038 0.680306 0.678114 0.674472 0.669395 0.662907 0.655037 0.645822 0.635304 0.623534 0.610567 0.596466 0.581302 0.565149 0.548088 0.530208 0.5116 0.492359 0.472587 0.452385 0.431857 0.411111 0.390251 0.369382 0.348607 0.328025 0.307734 0.287824 0.268382 0.249486 0.231209 0.213618 0.19677 0.180715 0.165497 0.151151 0.137704 0.125179 0.11359 0.102946 0.0932534 0.0845112 0.076717 0.0698657 0.0639503 0.0589629 0.0548957 0.0517411 0.0494929 0.048146 
