1.31101e-08 1.47876e-08 2.01633e-08 3.03181e-08 4.72273e-08 7.4036e-08 1.15473e-07 1.78431e-07 2.72745e-07 4.12211e-07 6.15879e-07 9.09654e-07 1.32824e-06 1.91745e-06 2.7368e-06 3.86247e-06 5.39043e-06 7.43963e-06 1.01551e-05 1.37106e-05 1.83107e-05 2.41917e-05 3.16212e-05 4.08956e-05 5.23359e-05 6.62802e-05 8.30743e-05 0.000103059 0.000126555 0.000153844 0.000185154 0.000220633 0.000260336 0.000304202 0.000352042 0.000403528 0.000458183 0.00051539 0.00057439 0.000634301 0.000694139 0.000752842 0.000809302 0.0008624 0.000911038 0.000954182 0.000990888 0.00102034 0.00104187 0.00105499 0.0010594 0.00105499 0.00104187 0.00102034 0.000990888 0.000954182 0.000911038 0.0008624 0.000809302 0.000752842 0.000694139 0.000634301 0.00057439 0.00051539 0.000458183 0.000403528 0.000352042 0.000304202 0.000260336 0.000220633 0.000185154 0.000153844 0.000126555 0.000103059 8.30743e-05 6.62802e-05 5.23359e-05 4.08956e-05 3.16212e-05 2.41917e-05 1.83107e-05 1.37106e-05 1.01551e-05 7.43963e-06 5.39043e-06 3.86247e-06 2.7368e-06 1.91745e-06 1.32824e-06 9.09654e-07 6.15879e-07 4.12211e-07 2.72745e-07 1.78431e-07 1.15473e-07 7.4036e-08 4.72273e-08 3.03181e-08 2.01633e-08 1.47876e-08 
1.47876e-08 1.66727e-08 2.2712e-08 3.41139e-08 5.30855e-08 8.31382e-08 1.29546e-07 1.99987e-07 3.05407e-07 4.61137e-07 6.88322e-07 1.01568e-06 1.48163e-06 2.1368e-06 3.04693e-06 4.29598e-06 5.98961e-06 8.25856e-06 1.1262e-05 1.51904e-05 2.02676e-05 2.67516e-05 3.49344e-05 4.51385e-05 5.77129e-05 7.30241e-05 9.14463e-05 0.000113347 0.000139072 0.000168923 0.000203141 0.000241884 0.000285202 0.000333026 0.000385142 0.00044119 0.000500648 0.000562842 0.000626946 0.000692005 0.000756951 0.000820635 0.000881859 0.000939414 0.000992119 0.00103886 0.00107861 0.0011105 0.00113381 0.00114801 0.00115278 0.00114801 0.00113381 0.0011105 0.00107861 0.00103886 0.000992119 0.000939414 0.000881859 0.000820635 0.000756951 0.000692005 0.000626946 0.000562842 0.000500648 0.00044119 0.000385142 0.000333026 0.000285202 0.000241884 0.000203141 0.000168923 0.000139072 0.000113347 9.14463e-05 7.30241e-05 5.77129e-05 4.51385e-05 3.49344e-05 2.67516e-05 2.02676e-05 1.51904e-05 1.1262e-05 8.25856e-06 5.98961e-06 4.29598e-06 3.04693e-06 2.1368e-06 1.48163e-06 1.01568e-06 6.88322e-07 4.61137e-07 3.05407e-07 1.99987e-07 1.29546e-07 8.31382e-08 5.30855e-08 3.41139e-08 2.2712e-08 1.66727e-08 
2.01633e-08 2.2712e-08 3.08714e-08 4.62562e-08 7.18113e-08 1.12212e-07 1.74466e-07 2.68746e-07 4.09517e-07 6.16979e-07 9.18908e-07 1.35291e-06 1.96916e-06 2.83352e-06 4.03126e-06 5.67092e-06 7.88859e-06 1.08521e-05 1.47651e-05 1.98701e-05 2.64514e-05 3.48353e-05 4.53891e-05 5.85177e-05 7.4656e-05 9.42597e-05 0.000117791 0.0001457 0.000178408 0.000216279 0.000259597 0.00030854 0.000363154 0.000423332 0.000488792 0.000559066 0.000633492 0.000711219 0.000791216 0.000872293 0.000953126 0.0010323 0.00110833 0.00117973 0.00124507 0.00130296 0.00135218 0.00139164 0.00142047 0.00143803 0.00144393 0.00143803 0.00142047 0.00139164 0.00135218 0.00130296 0.00124507 0.00117973 0.00110833 0.0010323 0.000953126 0.000872293 0.000791216 0.000711219 0.000633492 0.000559066 0.000488792 0.000423332 0.000363154 0.00030854 0.000259597 0.000216279 0.000178408 0.0001457 0.000117791 9.42597e-05 7.4656e-05 5.85177e-05 4.53891e-05 3.48353e-05 2.64514e-05 1.98701e-05 1.47651e-05 1.08521e-05 7.88859e-06 5.67092e-06 4.03126e-06 2.83352e-06 1.96916e-06 1.35291e-06 9.18908e-07 6.16979e-07 4.09517e-07 2.68746e-07 1.74466e-07 1.12212e-07 7.18113e-08 4.62562e-08 3.08714e-08 2.2712e-08 
3.03181e-08 3.41139e-08 4.62562e-08 6.91178e-08 1.07019e-07 1.66803e-07 2.587e-07 3.97518e-07 6.04241e-07 9.08082e-07 1.34907e-06 1.9812e-06 2.87624e-06 4.12809e-06 5.85778e-06 8.2188e-06 1.14028e-05 1.56452e-05 2.12301e-05 2.8495e-05 3.78329e-05 4.96933e-05 6.45794e-05 8.3043e-05 0.000105674 0.000133085 0.000165894 0.0002047 0.000250054 0.000302427 0.000362178 0.000429519 0.00050448 0.000586884 0.000676319 0.000772125 0.000873386 0.000978935 0.00108737 0.00119708 0.00130629 0.0014131 0.00151554 0.00161163 0.00169947 0.00177723 0.00184328 0.00189621 0.00193487 0.00195841 0.00196631 0.00195841 0.00193487 0.00189621 0.00184328 0.00177723 0.00169947 0.00161163 0.00151554 0.0014131 0.00130629 0.00119708 0.00108737 0.000978935 0.000873386 0.000772125 0.000676319 0.000586884 0.00050448 0.000429519 0.000362178 0.000302427 0.000250054 0.0002047 0.000165894 0.000133085 0.000105674 8.3043e-05 6.45794e-05 4.96933e-05 3.78329e-05 2.8495e-05 2.12301e-05 1.56452e-05 1.14028e-05 8.2188e-06 5.85778e-06 4.12809e-06 2.87624e-06 1.9812e-06 1.34907e-06 9.08082e-07 6.04241e-07 3.97518e-07 2.587e-07 1.66803e-07 1.07019e-07 6.91178e-08 4.62562e-08 3.41139e-08 
4.72273e-08 5.30855e-08 7.18113e-08 1.07019e-07 1.65279e-07 2.56977e-07 3.97595e-07 6.09485e-07 9.24216e-07 1.3856e-06 2.05345e-06 3.00819e-06 4.3563e-06 6.2366e-06 8.82729e-06 1.23535e-05 1.70953e-05 2.33948e-05 3.16639e-05 4.23888e-05 5.61335e-05 7.35399e-05 9.53228e-05 0.000122262 0.000155184 0.000194947 0.000242406 0.000298381 0.000363622 0.000438756 0.000524251 0.000620358 0.000727078 0.000844114 0.000970846 0.00110631 0.00124918 0.00139781 0.00155023 0.00170416 0.00185715 0.00200655 0.00214965 0.00228372 0.00240613 0.00251441 0.00260631 0.0026799 0.00273363 0.00276633 0.00277731 0.00276633 0.00273363 0.0026799 0.00260631 0.00251441 0.00240613 0.00228372 0.00214965 0.00200655 0.00185715 0.00170416 0.00155023 0.00139781 0.00124918 0.00110631 0.000970846 0.000844114 0.000727078 0.000620358 0.000524251 0.000438756 0.000363622 0.000298381 0.000242406 0.000194947 0.000155184 0.000122262 9.53228e-05 7.35399e-05 5.61335e-05 4.23888e-05 3.16639e-05 2.33948e-05 1.70953e-05 1.23535e-05 8.82729e-06 6.2366e-06 4.3563e-06 3.00819e-06 2.05345e-06 1.3856e-06 9.24216e-07 6.09485e-07 3.97595e-07 2.56977e-07 1.65279e-07 1.07019e-07 7.18113e-08 5.30855e-08 
7.4036e-08 8.31382e-08 1.12212e-07 1.66803e-07 2.56977e-07 3.9861e-07 6.15312e-07 9.41071e-07 1.42375e-06 2.12956e-06 3.1486e-06 4.60161e-06 6.64787e-06 9.4943e-06 1.34055e-05 1.87145e-05 2.58338e-05 3.52656e-05 4.76113e-05 6.35781e-05 8.39826e-05 0.000109749 0.000141903 0.000181554 0.000229876 0.000288073 0.000357342 0.000438817 0.000533523 0.000642304 0.000765765 0.000904204 0.00105756 0.00122534 0.0014066 0.00159994 0.00180344 0.00201472 0.00223097 0.00244902 0.00266537 0.00287633 0.00307813 0.00326697 0.0034392 0.0035914 0.00372048 0.00382379 0.00389917 0.00394505 0.00396045 0.00394505 0.00389917 0.00382379 0.00372048 0.0035914 0.0034392 0.00326697 0.00307813 0.00287633 0.00266537 0.00244902 0.00223097 0.00201472 0.00180344 0.00159994 0.0014066 0.00122534 0.00105756 0.000904204 0.000765765 0.000642304 0.000533523 0.000438817 0.000357342 0.000288073 0.000229876 0.000181554 0.000141903 0.000109749 8.39826e-05 6.35781e-05 4.76113e-05 3.52656e-05 2.58338e-05 1.87145e-05 1.34055e-05 9.4943e-06 6.64787e-06 4.60161e-06 3.1486e-06 2.12956e-06 1.42375e-06 9.41071e-07 6.15312e-07 3.9861e-07 2.56977e-07 1.66803e-07 1.12212e-07 8.31382e-08 
1.15473e-07 1.29546e-07 1.74466e-07 2.587e-07 3.97595e-07 6.15312e-07 9.47686e-07 1.44617e-06 2.183e-06 3.25781e-06 4.80572e-06 7.00721e-06 1.00995e-05 1.43898e-05 2.02694e-05 2.82287e-05 3.8873e-05 5.29363e-05 7.12933e-05 9.49687e-05 0.00012514 0.000163132 0.000210409 0.000268547 0.0003392 0.000424057 0.000524779 0.00064293 0.0007799 0.000936815 0.00111445 0.00131313 0.00153269 0.00177234 0.00203067 0.00230561 0.0025944 0.00289365 0.00319937 0.0035071 0.00381194 0.00410876 0.00439229 0.00465731 0.00489875 0.00511192 0.00529256 0.00543705 0.00554243 0.00560654 0.00562806 0.00560654 0.00554243 0.00543705 0.00529256 0.00511192 0.00489875 0.00465731 0.00439229 0.00410876 0.00381194 0.0035071 0.00319937 0.00289365 0.0025944 0.00230561 0.00203067 0.00177234 0.00153269 0.00131313 0.00111445 0.000936815 0.0007799 0.00064293 0.000524779 0.000424057 0.0003392 0.000268547 0.000210409 0.000163132 0.00012514 9.49687e-05 7.12933e-05 5.29363e-05 3.8873e-05 2.82287e-05 2.02694e-05 1.43898e-05 1.00995e-05 7.00721e-06 4.80572e-06 3.25781e-06 2.183e-06 1.44617e-06 9.47686e-07 6.15312e-07 3.97595e-07 2.587e-07 1.74466e-07 1.29546e-07 
1.78431e-07 1.99987e-07 2.68746e-07 3.97518e-07 6.09485e-07 9.41071e-07 1.44617e-06 2.20195e-06 3.31643e-06 4.93814e-06 7.26787e-06 1.05729e-05 1.52034e-05 2.1611e-05 3.03689e-05 4.2193e-05 5.79631e-05 7.87413e-05 0.000105789 0.000140575 0.000184782 0.000240293 0.000309175 0.000393642 0.000496006 0.000618606 0.000763726 0.000933493 0.00112977 0.00135403 0.00160725 0.00188976 0.00220119 0.00254031 0.00290503 0.00329234 0.00369831 0.00411815 0.00454627 0.00497644 0.00540188 0.00581551 0.00621007 0.0065784 0.00691362 0.00720929 0.00745966 0.00765978 0.00780567 0.00789439 0.00792417 0.00789439 0.00780567 0.00765978 0.00745966 0.00720929 0.00691362 0.0065784 0.00621007 0.00581551 0.00540188 0.00497644 0.00454627 0.00411815 0.00369831 0.00329234 0.00290503 0.00254031 0.00220119 0.00188976 0.00160725 0.00135403 0.00112977 0.000933493 0.000763726 0.000618606 0.000496006 0.000393642 0.000309175 0.000240293 0.000184782 0.000140575 0.000105789 7.87413e-05 5.79631e-05 4.2193e-05 3.03689e-05 2.1611e-05 1.52034e-05 1.05729e-05 7.26787e-06 4.93814e-06 3.31643e-06 2.20195e-06 1.44617e-06 9.41071e-07 6.09485e-07 3.97518e-07 2.68746e-07 1.99987e-07 
2.72745e-07 3.05407e-07 4.09517e-07 6.04241e-07 9.24216e-07 1.42375e-06 2.183e-06 3.31643e-06 4.98381e-06 7.40407e-06 1.08723e-05 1.57799e-05 2.26379e-05 3.2103e-05 4.50054e-05 6.23782e-05 8.54853e-05 0.000115847 0.000155259 0.000205805 0.000269858 0.000350061 0.0004493 0.000570647 0.000717286 0.000892417 0.00109913 0.00134029 0.00161834 0.00193517 0.00229197 0.00268902 0.0031256 0.00359985 0.00410871 0.00464786 0.00521178 0.00579378 0.00638612 0.0069802 0.00756677 0.00813616 0.00867854 0.00918423 0.00964392 0.010049 0.0103917 0.0106655 0.010865 0.0109862 0.0110269 0.0109862 0.010865 0.0106655 0.0103917 0.010049 0.00964392 0.00918423 0.00867854 0.00813616 0.00756677 0.0069802 0.00638612 0.00579378 0.00521178 0.00464786 0.00410871 0.00359985 0.0031256 0.00268902 0.00229197 0.00193517 0.00161834 0.00134029 0.00109913 0.000892417 0.000717286 0.000570647 0.0004493 0.000350061 0.000269858 0.000205805 0.000155259 0.000115847 8.54853e-05 6.23782e-05 4.50054e-05 3.2103e-05 2.26379e-05 1.57799e-05 1.08723e-05 7.40407e-06 4.98381e-06 3.31643e-06 2.183e-06 1.42375e-06 9.24216e-07 6.04241e-07 4.09517e-07 3.05407e-07 
4.12211e-07 4.61137e-07 6.16979e-07 9.08082e-07 1.3856e-06 2.12956e-06 3.25781e-06 4.93814e-06 7.40407e-06 1.09746e-05 1.60782e-05 2.32814e-05 3.33209e-05 4.71401e-05 6.59273e-05 9.11548e-05 0.000124616 0.00016846 0.000225212 0.000297791 0.000389498 0.000503997 0.000645261 0.000817493 0.00102502 0.00127215 0.00156302 0.00190138 0.0022904 0.00273247 0.00322893 0.00377995 0.00438425 0.00503906 0.00573994 0.00648083 0.00725402 0.00805031 0.00885914 0.00966882 0.0104669 0.0112403 0.011976 0.0126609 0.0132829 0.0138304 0.0142932 0.0146627 0.0149317 0.0150953 0.0151501 0.0150953 0.0149317 0.0146627 0.0142932 0.0138304 0.0132829 0.0126609 0.011976 0.0112403 0.0104669 0.00966882 0.00885914 0.00805031 0.00725402 0.00648083 0.00573994 0.00503906 0.00438425 0.00377995 0.00322893 0.00273247 0.0022904 0.00190138 0.00156302 0.00127215 0.00102502 0.000817493 0.000645261 0.000503997 0.000389498 0.000297791 0.000225212 0.00016846 0.000124616 9.11548e-05 6.59273e-05 4.71401e-05 3.33209e-05 2.32814e-05 1.60782e-05 1.09746e-05 7.40407e-06 4.93814e-06 3.25781e-06 2.12956e-06 1.3856e-06 9.08082e-07 6.16979e-07 4.61137e-07 
6.15879e-07 6.88322e-07 9.18908e-07 1.34907e-06 2.05345e-06 3.1486e-06 4.80572e-06 7.26787e-06 1.08723e-05 1.60782e-05 2.35004e-05 3.39487e-05 4.84725e-05 6.84106e-05 9.54422e-05 0.00013164 0.000179517 0.000242071 0.00032281 0.000425765 0.000555473 0.000716941 0.000915563 0.00115701 0.00144707 0.00179147 0.00219561 0.00266437 0.00320176 0.00381069 0.00449263 0.00524743 0.00607301 0.00696526 0.0079179 0.00892249 0.00996847 0.0110433 0.0121328 0.0132213 0.0142923 0.0153284 0.0163125 0.0172275 0.0180573 0.0187869 0.0194032 0.0198948 0.0202527 0.02047 0.020543 0.02047 0.0202527 0.0198948 0.0194032 0.0187869 0.0180573 0.0172275 0.0163125 0.0153284 0.0142923 0.0132213 0.0121328 0.0110433 0.00996847 0.00892249 0.0079179 0.00696526 0.00607301 0.00524743 0.00449263 0.00381069 0.00320176 0.00266437 0.00219561 0.00179147 0.00144707 0.00115701 0.000915563 0.000716941 0.000555473 0.000425765 0.00032281 0.000242071 0.000179517 0.00013164 9.54422e-05 6.84106e-05 4.84725e-05 3.39487e-05 2.35004e-05 1.60782e-05 1.08723e-05 7.26787e-06 4.80572e-06 3.1486e-06 2.05345e-06 1.34907e-06 9.18908e-07 6.88322e-07 
9.09654e-07 1.01568e-06 1.35291e-06 1.9812e-06 3.00819e-06 4.60161e-06 7.00721e-06 1.05729e-05 1.57799e-05 2.32814e-05 3.39487e-05 4.89254e-05 6.96882e-05 9.81133e-05 0.000136545 0.000187863 0.000255546 0.000343721 0.000457197 0.000601468 0.000782687 0.0010076 0.00128343 0.00161771 0.00201808 0.002492 0.00304646 0.00368764 0.0044205 0.00524847 0.00617305 0.0071935 0.00830656 0.00950626 0.0107838 0.0121277 0.0135236 0.0149547 0.0164022 0.0178454 0.0192626 0.0206314 0.0219293 0.0231343 0.0242258 0.0251845 0.0259935 0.0266383 0.0271074 0.0273922 0.0274878 0.0273922 0.0271074 0.0266383 0.0259935 0.0251845 0.0242258 0.0231343 0.0219293 0.0206314 0.0192626 0.0178454 0.0164022 0.0149547 0.0135236 0.0121277 0.0107838 0.00950626 0.00830656 0.0071935 0.00617305 0.00524847 0.0044205 0.00368764 0.00304646 0.002492 0.00201808 0.00161771 0.00128343 0.0010076 0.000782687 0.000601468 0.000457197 0.000343721 0.000255546 0.000187863 0.000136545 9.81133e-05 6.96882e-05 4.89254e-05 3.39487e-05 2.32814e-05 1.57799e-05 1.05729e-05 7.00721e-06 4.60161e-06 3.00819e-06 1.9812e-06 1.35291e-06 1.01568e-06 
1.32824e-06 1.48163e-06 1.96916e-06 2.87624e-06 4.3563e-06 6.64787e-06 1.00995e-05 1.52034e-05 2.26379e-05 3.33209e-05 4.84725e-05 6.96882e-05 9.90204e-05 0.000139066 0.000193056 0.000264944 0.000359482 0.000482282 0.000639845 0.000839564 0.00108967 0.00139912 0.00177746 0.00223455 0.0027803 0.00342429 0.00417539 0.00504127 0.00602793 0.00713925 0.00837654 0.00973812 0.011219 0.0128107 0.0145012 0.0162747 0.0181122 0.0199917 0.0218883 0.0237754 0.0256248 0.0274077 0.0290954 0.03066 0.0320752 0.0333169 0.0343636 0.0351973 0.0358033 0.0361712 0.0362946 0.0361712 0.0358033 0.0351973 0.0343636 0.0333169 0.0320752 0.03066 0.0290954 0.0274077 0.0256248 0.0237754 0.0218883 0.0199917 0.0181122 0.0162747 0.0145012 0.0128107 0.011219 0.00973812 0.00837654 0.00713925 0.00602793 0.00504127 0.00417539 0.00342429 0.0027803 0.00223455 0.00177746 0.00139912 0.00108967 0.000839564 0.000639845 0.000482282 0.000359482 0.000264944 0.000193056 0.000139066 9.90204e-05 6.96882e-05 4.84725e-05 3.33209e-05 2.26379e-05 1.52034e-05 1.00995e-05 6.64787e-06 4.3563e-06 2.87624e-06 1.96916e-06 1.48163e-06 
1.91745e-06 2.1368e-06 2.83352e-06 4.12809e-06 6.2366e-06 9.4943e-06 1.43898e-05 2.1611e-05 3.2103e-05 4.71401e-05 6.84106e-05 9.81133e-05 0.000139066 0.000194819 0.000269773 0.000369283 0.000499761 0.000668738 0.000884894 0.00115804 0.00149904 0.00191963 0.00243222 0.00304954 0.00378424 0.00464844 0.00565314 0.00680768 0.00811913 0.00959165 0.011226 0.0130191 0.0149635 0.0170474 0.0192543 0.0215634 0.0239496 0.0263842 0.0288352 0.0312685 0.0336482 0.0359379 0.0381015 0.0401042 0.0419131 0.0434983 0.0448332 0.0458954 0.0466672 0.0471356 0.0472926 0.0471356 0.0466672 0.0458954 0.0448332 0.0434983 0.0419131 0.0401042 0.0381015 0.0359379 0.0336482 0.0312685 0.0288352 0.0263842 0.0239496 0.0215634 0.0192543 0.0170474 0.0149635 0.0130191 0.011226 0.00959165 0.00811913 0.00680768 0.00565314 0.00464844 0.00378424 0.00304954 0.00243222 0.00191963 0.00149904 0.00115804 0.000884894 0.000668738 0.000499761 0.000369283 0.000269773 0.000194819 0.000139066 9.81133e-05 6.84106e-05 4.71401e-05 3.2103e-05 2.1611e-05 1.43898e-05 9.4943e-06 6.2366e-06 4.12809e-06 2.83352e-06 2.1368e-06 
2.7368e-06 3.04693e-06 4.03126e-06 5.85778e-06 8.82729e-06 1.34055e-05 2.02694e-05 3.03689e-05 4.50054e-05 6.59273e-05 9.54422e-05 0.000136545 0.000193056 0.000269773 0.000372609 0.000508736 0.000686692 0.000916454 0.00120946 0.00157856 0.00203789 0.00260263 0.00328867 0.00411219 0.0050891 0.00623443 0.00756161 0.00908173 0.0108028 0.012729 0.0148602 0.0171909 0.0197106 0.0224029 0.0252458 0.028212 0.0312688 0.0343796 0.0375036 0.0405977 0.0436172 0.0465166 0.0492514 0.0517785 0.0540577 0.0560524 0.0577304 0.0590645 0.0600332 0.0606207 0.0608176 0.0606207 0.0600332 0.0590645 0.0577304 0.0560524 0.0540577 0.0517785 0.0492514 0.0465166 0.0436172 0.0405977 0.0375036 0.0343796 0.0312688 0.028212 0.0252458 0.0224029 0.0197106 0.0171909 0.0148602 0.012729 0.0108028 0.00908173 0.00756161 0.00623443 0.0050891 0.00411219 0.00328867 0.00260263 0.00203789 0.00157856 0.00120946 0.000916454 0.000686692 0.000508736 0.000372609 0.000269773 0.000193056 0.000136545 9.54422e-05 6.59273e-05 4.50054e-05 3.03689e-05 2.02694e-05 1.34055e-05 8.82729e-06 5.85778e-06 4.03126e-06 3.04693e-06 
3.86247e-06 4.29598e-06 5.67092e-06 8.2188e-06 1.23535e-05 1.87145e-05 2.82287e-05 4.2193e-05 6.23782e-05 9.11548e-05 0.00013164 0.000187863 0.000264944 0.000369283 0.000508736 0.000692782 0.00093265 0.00124139 0.00163388 0.00212673 0.00273808 0.00348727 0.00439438 0.00547966 0.00676278 0.00826205 0.00999351 0.01197 0.0142003 0.0166882 0.0194316 0.0224222 0.025645 0.0290778 0.0326916 0.036451 0.0403144 0.0442352 0.0481626 0.052043 0.0558211 0.0594414 0.0628494 0.0659931 0.068824 0.0712982 0.0733772 0.0750287 0.0762269 0.0769534 0.0771968 0.0769534 0.0762269 0.0750287 0.0733772 0.0712982 0.068824 0.0659931 0.0628494 0.0594414 0.0558211 0.052043 0.0481626 0.0442352 0.0403144 0.036451 0.0326916 0.0290778 0.025645 0.0224222 0.0194316 0.0166882 0.0142003 0.01197 0.00999351 0.00826205 0.00676278 0.00547966 0.00439438 0.00348727 0.00273808 0.00212673 0.00163388 0.00124139 0.00093265 0.000692782 0.000508736 0.000369283 0.000264944 0.000187863 0.00013164 9.11548e-05 6.23782e-05 4.2193e-05 2.82287e-05 1.87145e-05 1.23535e-05 8.2188e-06 5.67092e-06 4.29598e-06 
5.39043e-06 5.98961e-06 7.88859e-06 1.14028e-05 1.70953e-05 2.58338e-05 3.8873e-05 5.79631e-05 8.54853e-05 0.000124616 0.000179517 0.000255546 0.000359482 0.000499761 0.000686692 0.00093265 0.00125222 0.00166225 0.00218185 0.00283221 0.00363628 0.00461837 0.00580347 0.00721652 0.00888145 0.0108202 0.0130514 0.0155895 0.0184438 0.0216166 0.0251036 0.0288919 0.0329608 0.0372809 0.0418144 0.0465161 0.0513336 0.0562089 0.0610792 0.0658789 0.0705409 0.0749983 0.0791858 0.0830414 0.0865077 0.0895329 0.0920719 0.0940867 0.0955476 0.0964328 0.0967293 0.0964328 0.0955476 0.0940867 0.0920719 0.0895329 0.0865077 0.0830414 0.0791858 0.0749983 0.0705409 0.0658789 0.0610792 0.0562089 0.0513336 0.0465161 0.0418144 0.0372809 0.0329608 0.0288919 0.0251036 0.0216166 0.0184438 0.0155895 0.0130514 0.0108202 0.00888145 0.00721652 0.00580347 0.00461837 0.00363628 0.00283221 0.00218185 0.00166225 0.00125222 0.00093265 0.000686692 0.000499761 0.000359482 0.000255546 0.000179517 0.000124616 8.54853e-05 5.79631e-05 3.8873e-05 2.58338e-05 1.70953e-05 1.14028e-05 7.88859e-06 5.98961e-06 
7.43963e-06 8.25856e-06 1.08521e-05 1.56452e-05 2.33948e-05 3.52656e-05 5.29363e-05 7.87413e-05 0.000115847 0.00016846 0.000242071 0.000343721 0.000482282 0.000668738 0.000916454 0.00124139 0.00166225 0.00220054 0.00288045 0.00372866 0.00477385 0.00604611 0.0075761 0.00939405 0.0115286 0.0140053 0.0168456 0.0200652 0.0236728 0.0276691 0.0320454 0.0367836 0.0418552 0.0472218 0.0528351 0.058638 0.0645656 0.0705465 0.0765044 0.0823603 0.088034 0.0934459 0.0985193 0.103182 0.107366 0.111012 0.114069 0.116492 0.118247 0.11931 0.119666 0.11931 0.118247 0.116492 0.114069 0.111012 0.107366 0.103182 0.0985193 0.0934459 0.088034 0.0823603 0.0765044 0.0705465 0.0645656 0.058638 0.0528351 0.0472218 0.0418552 0.0367836 0.0320454 0.0276691 0.0236728 0.0200652 0.0168456 0.0140053 0.0115286 0.00939405 0.0075761 0.00604611 0.00477385 0.00372866 0.00288045 0.00220054 0.00166225 0.00124139 0.000916454 0.000668738 0.000482282 0.000343721 0.000242071 0.00016846 0.000115847 7.87413e-05 5.29363e-05 3.52656e-05 2.33948e-05 1.56452e-05 1.08521e-05 8.25856e-06 
1.01551e-05 1.1262e-05 1.47651e-05 2.12301e-05 3.16639e-05 4.76113e-05 7.12933e-05 0.000105789 0.000155259 0.000225212 0.00032281 0.000457197 0.000639845 0.000884894 0.00120946 0.00163388 0.00218185 0.00288045 0.00375996 0.0048535 0.00619641 0.00782543 0.00977762 0.012089 0.0147932 0.0179195 0.0214919 0.0255265 0.0300309 0.0350023 0.0404268 0.0462787 0.0525202 0.0591016 0.0659623 0.0730311 0.0802286 0.0874684 0.0946591 0.101707 0.108517 0.114998 0.121059 0.126618 0.131598 0.135931 0.139557 0.14243 0.144509 0.145767 0.146189 0.145767 0.144509 0.14243 0.139557 0.135931 0.131598 0.126618 0.121059 0.114998 0.108517 0.101707 0.0946591 0.0874684 0.0802286 0.0730311 0.0659623 0.0591016 0.0525202 0.0462787 0.0404268 0.0350023 0.0300309 0.0255265 0.0214919 0.0179195 0.0147932 0.012089 0.00977762 0.00782543 0.00619641 0.0048535 0.00375996 0.00288045 0.00218185 0.00163388 0.00120946 0.000884894 0.000639845 0.000457197 0.00032281 0.000225212 0.000155259 0.000105789 7.12933e-05 4.76113e-05 3.16639e-05 2.12301e-05 1.47651e-05 1.1262e-05 
1.37106e-05 1.51904e-05 1.98701e-05 2.8495e-05 4.23888e-05 6.35781e-05 9.49687e-05 0.000140575 0.000205805 0.000297791 0.000425765 0.000601468 0.000839564 0.00115804 0.00157856 0.00212673 0.00283221 0.00372866 0.0048535 0.00624731 0.00795307 0.010015 0.0124772 0.0153818 0.0187677 0.0226677 0.0271075 0.0321031 0.0376594 0.0437688 0.0504102 0.0575482 0.0651335 0.073103 0.0813811 0.0898811 0.0985067 0.107155 0.115718 0.124086 0.13215 0.139804 0.146946 0.153481 0.159325 0.164401 0.168644 0.172 0.174427 0.175895 0.176387 0.175895 0.174427 0.172 0.168644 0.164401 0.159325 0.153481 0.146946 0.139804 0.13215 0.124086 0.115718 0.107155 0.0985067 0.0898811 0.0813811 0.073103 0.0651335 0.0575482 0.0504102 0.0437688 0.0376594 0.0321031 0.0271075 0.0226677 0.0187677 0.0153818 0.0124772 0.010015 0.00795307 0.00624731 0.0048535 0.00372866 0.00283221 0.00212673 0.00157856 0.00115804 0.000839564 0.000601468 0.000425765 0.000297791 0.000205805 0.000140575 9.49687e-05 6.35781e-05 4.23888e-05 2.8495e-05 1.98701e-05 1.51904e-05 
1.83107e-05 2.02676e-05 2.64514e-05 3.78329e-05 5.61335e-05 8.39826e-05 0.00012514 0.000184782 0.000269858 0.000389498 0.000555473 0.000782687 0.00108967 0.00149904 0.00203789 0.00273808 0.00363628 0.00477385 0.00619641 0.00795307 0.0100954 0.0126757 0.0157458 0.0193543 0.0235449 0.0283537 0.0338072 0.0399199 0.0466925 0.0541105 0.0621433 0.0707438 0.0798485 0.0893785 0.0992412 0.109332 0.119536 0.129732 0.139795 0.149599 0.159019 0.167935 0.176234 0.183812 0.190574 0.196436 0.20133 0.205196 0.207989 0.209678 0.210243 0.209678 0.207989 0.205196 0.20133 0.196436 0.190574 0.183812 0.176234 0.167935 0.159019 0.149599 0.139795 0.129732 0.119536 0.109332 0.0992412 0.0893785 0.0798485 0.0707438 0.0621433 0.0541105 0.0466925 0.0399199 0.0338072 0.0283537 0.0235449 0.0193543 0.0157458 0.0126757 0.0100954 0.00795307 0.00619641 0.00477385 0.00363628 0.00273808 0.00203789 0.00149904 0.00108967 0.000782687 0.000555473 0.000389498 0.000269858 0.000184782 0.00012514 8.39826e-05 5.61335e-05 3.78329e-05 2.64514e-05 2.02676e-05 
2.41917e-05 2.67516e-05 3.48353e-05 4.96933e-05 7.35399e-05 0.000109749 0.000163132 0.000240293 0.000350061 0.000503997 0.000716941 0.0010076 0.00139912 0.00191963 0.00260263 0.00348727 0.00461837 0.00604611 0.00782543 0.010015 0.0126757 0.0158689 0.0196542 0.0240866 0.0292145 0.0350762 0.0416979 0.0490908 0.0572494 0.0661502 0.0757504 0.0859883 0.0967839 0.10804 0.119644 0.131472 0.14339 0.155256 0.166928 0.178262 0.18912 0.199368 0.208881 0.217546 0.225262 0.231939 0.237504 0.241894 0.245064 0.246979 0.247619 0.246979 0.245064 0.241894 0.237504 0.231939 0.225262 0.217546 0.208881 0.199368 0.18912 0.178262 0.166928 0.155256 0.14339 0.131472 0.119644 0.10804 0.0967839 0.0859883 0.0757504 0.0661502 0.0572494 0.0490908 0.0416979 0.0350762 0.0292145 0.0240866 0.0196542 0.0158689 0.0126757 0.010015 0.00782543 0.00604611 0.00461837 0.00348727 0.00260263 0.00191963 0.00139912 0.0010076 0.000716941 0.000503997 0.000350061 0.000240293 0.000163132 0.000109749 7.35399e-05 4.96933e-05 3.48353e-05 2.67516e-05 
3.16212e-05 3.49344e-05 4.53891e-05 6.45794e-05 9.53228e-05 0.000141903 0.000210409 0.000309175 0.0004493 0.000645261 0.000915563 0.00128343 0.00177746 0.00243222 0.00328867 0.00439438 0.00580347 0.0075761 0.00977762 0.0124772 0.0157458 0.0196542 0.0242698 0.0296541 0.035859 0.0429241 0.0508734 0.0597129 0.0694285 0.0799846 0.0913237 0.103367 0.116014 0.129148 0.142635 0.156328 0.170072 0.183706 0.19707 0.210004 0.222353 0.233974 0.244732 0.254506 0.26319 0.27069 0.276929 0.281846 0.285391 0.287532 0.288248 0.287532 0.285391 0.281846 0.276929 0.27069 0.26319 0.254506 0.244732 0.233974 0.222353 0.210004 0.19707 0.183706 0.170072 0.156328 0.142635 0.129148 0.116014 0.103367 0.0913237 0.0799846 0.0694285 0.0597129 0.0508734 0.0429241 0.035859 0.0296541 0.0242698 0.0196542 0.0157458 0.0124772 0.00977762 0.0075761 0.00580347 0.00439438 0.00328867 0.00243222 0.00177746 0.00128343 0.000915563 0.000645261 0.0004493 0.000309175 0.000210409 0.000141903 9.53228e-05 6.45794e-05 4.53891e-05 3.49344e-05 
4.08956e-05 4.51385e-05 5.85177e-05 8.3043e-05 0.000122262 0.000181554 0.000268547 0.000393642 0.000570647 0.000817493 0.00115701 0.00161771 0.00223455 0.00304954 0.00411219 0.00547966 0.00721652 0.00939405 0.012089 0.0153818 0.0193543 0.0240866 0.0296541 0.0361236 0.0435498 0.0519717 0.0614091 0.0718603 0.0832996 0.0956766 0.108916 0.122918 0.137561 0.152704 0.16819 0.183849 0.199504 0.214975 0.230082 0.24465 0.258514 0.271519 0.283523 0.2944 0.304039 0.312348 0.319248 0.324677 0.328588 0.330947 0.331736 0.330947 0.328588 0.324677 0.319248 0.312348 0.304039 0.2944 0.283523 0.271519 0.258514 0.24465 0.230082 0.214975 0.199504 0.183849 0.16819 0.152704 0.137561 0.122918 0.108916 0.0956766 0.0832996 0.0718603 0.0614091 0.0519717 0.0435498 0.0361236 0.0296541 0.0240866 0.0193543 0.0153818 0.012089 0.00939405 0.00721652 0.00547966 0.00411219 0.00304954 0.00223455 0.00161771 0.00115701 0.000817493 0.000570647 0.000393642 0.000268547 0.000181554 0.000122262 8.3043e-05 5.85177e-05 4.51385e-05 
5.23359e-05 5.77129e-05 7.4656e-05 0.000105674 0.000155184 0.000229876 0.0003392 0.000496006 0.000717286 0.00102502 0.00144707 0.00201808 0.0027803 0.00378424 0.0050891 0.00676278 0.00888145 0.0115286 0.0147932 0.0187677 0.0235449 0.0292145 0.035859 0.0435498 0.0523426 0.0622738 0.0733565 0.0855782 0.0988986 0.113249 0.128533 0.144628 0.161387 0.178643 0.196215 0.213908 0.231524 0.248862 0.265727 0.28193 0.297295 0.31166 0.324878 0.336821 0.347379 0.356458 0.363984 0.369896 0.37415 0.376715 0.377571 0.376715 0.37415 0.369896 0.363984 0.356458 0.347379 0.336821 0.324878 0.31166 0.297295 0.28193 0.265727 0.248862 0.231524 0.213908 0.196215 0.178643 0.161387 0.144628 0.128533 0.113249 0.0988986 0.0855782 0.0733565 0.0622738 0.0523426 0.0435498 0.035859 0.0292145 0.0235449 0.0187677 0.0147932 0.0115286 0.00888145 0.00676278 0.0050891 0.00378424 0.0027803 0.00201808 0.00144707 0.00102502 0.000717286 0.000496006 0.0003392 0.000229876 0.000155184 0.000105674 7.4656e-05 5.77129e-05 
6.62802e-05 7.30241e-05 9.42597e-05 0.000133085 0.000194947 0.000288073 0.000424057 0.000618606 0.000892417 0.00127215 0.00179147 0.002492 0.00342429 0.00464844 0.00623443 0.00826205 0.0108202 0.0140053 0.0179195 0.0226677 0.0283537 0.0350762 0.0429241 0.0519717 0.0622738 0.0738615 0.0867384 0.100878 0.116222 0.13268 0.150131 0.168426 0.187391 0.206832 0.22654 0.246298 0.265885 0.285083 0.303681 0.321479 0.338293 0.353957 0.368323 0.381265 0.392675 0.402464 0.410562 0.416913 0.421477 0.424226 0.425144 0.424226 0.421477 0.416913 0.410562 0.402464 0.392675 0.381265 0.368323 0.353957 0.338293 0.321479 0.303681 0.285083 0.265885 0.246298 0.22654 0.206832 0.187391 0.168426 0.150131 0.13268 0.116222 0.100878 0.0867384 0.0738615 0.0622738 0.0519717 0.0429241 0.0350762 0.0283537 0.0226677 0.0179195 0.0140053 0.0108202 0.00826205 0.00623443 0.00464844 0.00342429 0.002492 0.00179147 0.00127215 0.000892417 0.000618606 0.000424057 0.000288073 0.000194947 0.000133085 9.42597e-05 7.30241e-05 
8.30743e-05 9.14463e-05 0.000117791 0.000165894 0.000242406 0.000357342 0.000524779 0.000763726 0.00109913 0.00156302 0.00219561 0.00304646 0.00417539 0.00565314 0.00756161 0.00999351 0.0130514 0.0168456 0.0214919 0.0271075 0.0338072 0.0416979 0.0508734 0.0614091 0.0733565 0.0867384 0.101546 0.117734 0.135224 0.153899 0.173611 0.194182 0.215409 0.237068 0.258925 0.280737 0.302264 0.323271 0.343534 0.362846 0.381019 0.397886 0.413303 0.427146 0.439316 0.449731 0.458328 0.465058 0.469888 0.472795 0.473765 0.472795 0.469888 0.465058 0.458328 0.449731 0.439316 0.427146 0.413303 0.397886 0.381019 0.362846 0.343534 0.323271 0.302264 0.280737 0.258925 0.237068 0.215409 0.194182 0.173611 0.153899 0.135224 0.117734 0.101546 0.0867384 0.0733565 0.0614091 0.0508734 0.0416979 0.0338072 0.0271075 0.0214919 0.0168456 0.0130514 0.00999351 0.00756161 0.00565314 0.00417539 0.00304646 0.00219561 0.00156302 0.00109913 0.000763726 0.000524779 0.000357342 0.000242406 0.000165894 0.000117791 9.14463e-05 
0.000103059 0.000113347 0.0001457 0.0002047 0.000298381 0.000438817 0.00064293 0.000933493 0.00134029 0.00190138 0.00266437 0.00368764 0.00504127 0.00680768 0.00908173 0.01197 0.0155895 0.0200652 0.0255265 0.0321031 0.0399199 0.0490908 0.0597129 0.0718603 0.0855782 0.100878 0.117734 0.136081 0.155813 0.176786 0.198822 0.22171 0.245215 0.269086 0.29306 0.316873 0.340266 0.362988 0.384809 0.405516 0.424921 0.442861 0.459199 0.47382 0.486634 0.497571 0.506577 0.513615 0.518659 0.521691 0.522703 0.521691 0.518659 0.513615 0.506577 0.497571 0.486634 0.47382 0.459199 0.442861 0.424921 0.405516 0.384809 0.362988 0.340266 0.316873 0.29306 0.269086 0.245215 0.22171 0.198822 0.176786 0.155813 0.136081 0.117734 0.100878 0.0855782 0.0718603 0.0597129 0.0490908 0.0399199 0.0321031 0.0255265 0.0200652 0.0155895 0.01197 0.00908173 0.00680768 0.00504127 0.00368764 0.00266437 0.00190138 0.00134029 0.000933493 0.00064293 0.000438817 0.000298381 0.0002047 0.0001457 0.000113347 
0.000126555 0.000139072 0.000178408 0.000250054 0.000363622 0.000533523 0.0007799 0.00112977 0.00161834 0.0022904 0.00320176 0.0044205 0.00602793 0.00811913 0.0108028 0.0142003 0.0184438 0.0236728 0.0300309 0.0376594 0.0466925 0.0572494 0.0694285 0.0832996 0.0988986 0.116222 0.135224 0.155813 0.177856 0.201176 0.225561 0.250767 0.276528 0.302562 0.328582 0.3543 0.379442 0.403748 0.42698 0.448927 0.469405 0.488258 0.505361 0.520612 0.533935 0.545273 0.554588 0.561852 0.56705 0.570171 0.571213 0.570171 0.56705 0.561852 0.554588 0.545273 0.533935 0.520612 0.505361 0.488258 0.469405 0.448927 0.42698 0.403748 0.379442 0.3543 0.328582 0.302562 0.276528 0.250767 0.225561 0.201176 0.177856 0.155813 0.135224 0.116222 0.0988986 0.0832996 0.0694285 0.0572494 0.0466925 0.0376594 0.0300309 0.0236728 0.0184438 0.0142003 0.0108028 0.00811913 0.00602793 0.0044205 0.00320176 0.0022904 0.00161834 0.00112977 0.0007799 0.000533523 0.000363622 0.000250054 0.000178408 0.000139072 
0.000153844 0.000168923 0.000216279 0.000302427 0.000438756 0.000642304 0.000936815 0.00135403 0.00193517 0.00273247 0.00381069 0.00524847 0.00713925 0.00959165 0.012729 0.0166882 0.0216166 0.0276691 0.0350023 0.0437688 0.0541105 0.0661502 0.0799846 0.0956766 0.113249 0.13268 0.153899 0.176786 0.201176 0.226856 0.25358 0.281068 0.309022 0.33713 0.365081 0.39257 0.419307 0.445027 0.469492 0.492493 0.513857 0.53344 0.551132 0.566849 0.580531 0.59214 0.601651 0.609053 0.614341 0.617513 0.61857 0.617513 0.614341 0.609053 0.601651 0.59214 0.580531 0.566849 0.551132 0.53344 0.513857 0.492493 0.469492 0.445027 0.419307 0.39257 0.365081 0.33713 0.309022 0.281068 0.25358 0.226856 0.201176 0.176786 0.153899 0.13268 0.113249 0.0956766 0.0799846 0.0661502 0.0541105 0.0437688 0.0350023 0.0276691 0.0216166 0.0166882 0.012729 0.00959165 0.00713925 0.00524847 0.00381069 0.00273247 0.00193517 0.00135403 0.000936815 0.000642304 0.000438756 0.000302427 0.000216279 0.000168923 
0.000185154 0.000203141 0.000259597 0.000362178 0.000524251 0.000765765 0.00111445 0.00160725 0.00229197 0.00322893 0.00449263 0.00617305 0.00837654 0.011226 0.0148602 0.0194316 0.0251036 0.0320454 0.0404268 0.0504102 0.0621433 0.0757504 0.0913237 0.108916 0.128533 0.150131 0.173611 0.198822 0.225561 0.25358 0.282594 0.312289 0.342334 0.372389 0.402121 0.43121 0.459356 0.486292 0.511783 0.535631 0.557674 0.577787 0.595879 0.611887 0.625771 0.637512 0.647105 0.654554 0.659865 0.663048 0.664108 0.663048 0.659865 0.654554 0.647105 0.637512 0.625771 0.611887 0.595879 0.577787 0.557674 0.535631 0.511783 0.486292 0.459356 0.43121 0.402121 0.372389 0.342334 0.312289 0.282594 0.25358 0.225561 0.198822 0.173611 0.150131 0.128533 0.108916 0.0913237 0.0757504 0.0621433 0.0504102 0.0404268 0.0320454 0.0251036 0.0194316 0.0148602 0.011226 0.00837654 0.00617305 0.00449263 0.00322893 0.00229197 0.00160725 0.00111445 0.000765765 0.000524251 0.000362178 0.000259597 0.000203141 
0.000220633 0.000241884 0.00030854 0.000429519 0.000620358 0.000904204 0.00131313 0.00188976 0.00268902 0.00377995 0.00524743 0.0071935 0.00973812 0.0130191 0.0171909 0.0224222 0.0288919 0.0367836 0.0462787 0.0575482 0.0707438 0.0859883 0.103367 0.122918 0.144628 0.168426 0.194182 0.22171 0.250767 0.281068 0.312289 0.344081 0.37608 0.407922 0.439254 0.469743 0.499087 0.527018 0.553311 0.577782 0.600287 0.620722 0.639019 0.655139 0.669066 0.680802 0.690362 0.697767 0.703037 0.70619 0.70724 0.70619 0.703037 0.697767 0.690362 0.680802 0.669066 0.655139 0.639019 0.620722 0.600287 0.577782 0.553311 0.527018 0.499087 0.469743 0.439254 0.407922 0.37608 0.344081 0.312289 0.281068 0.250767 0.22171 0.194182 0.168426 0.144628 0.122918 0.103367 0.0859883 0.0707438 0.0575482 0.0462787 0.0367836 0.0288919 0.0224222 0.0171909 0.0130191 0.00973812 0.0071935 0.00524743 0.00377995 0.00268902 0.00188976 0.00131313 0.000904204 0.000620358 0.000429519 0.00030854 0.000241884 
0.000260336 0.000285202 0.000363154 0.00050448 0.000727078 0.00105756 0.00153269 0.00220119 0.0031256 0.00438425 0.00607301 0.00830656 0.011219 0.0149635 0.0197106 0.025645 0.0329608 0.0418552 0.0525202 0.0651335 0.0798485 0.0967839 0.116014 0.137561 0.161387 0.187391 0.215409 0.245215 0.276528 0.309022 0.342334 0.37608 0.409867 0.443308 0.476035 0.507705 0.538017 0.56671 0.593572 0.618436 0.641182 0.661731 0.68004 0.696097 0.709912 0.721511 0.730929 0.738203 0.74337 0.746458 0.747485 0.746458 0.74337 0.738203 0.730929 0.721511 0.709912 0.696097 0.68004 0.661731 0.641182 0.618436 0.593572 0.56671 0.538017 0.507705 0.476035 0.443308 0.409867 0.37608 0.342334 0.309022 0.276528 0.245215 0.215409 0.187391 0.161387 0.137561 0.116014 0.0967839 0.0798485 0.0651335 0.0525202 0.0418552 0.0329608 0.025645 0.0197106 0.0149635 0.011219 0.00830656 0.00607301 0.00438425 0.0031256 0.00220119 0.00153269 0.00105756 0.000727078 0.00050448 0.000363154 0.000285202 
0.000304202 0.000333026 0.000423332 0.000586884 0.000844114 0.00122534 0.00177234 0.00254031 0.00359985 0.00503906 0.00696526 0.00950626 0.0128107 0.0170474 0.0224029 0.0290778 0.0372809 0.0472218 0.0591016 0.073103 0.0893785 0.10804 0.129148 0.152704 0.178643 0.206832 0.237068 0.269086 0.302562 0.33713 0.372389 0.407922 0.443308 0.478142 0.51204 0.544661 0.575703 0.60492 0.632116 0.657147 0.67992 0.700382 0.718521 0.734351 0.747911 0.759249 0.768424 0.775491 0.780499 0.783488 0.784481 0.783488 0.780499 0.775491 0.768424 0.759249 0.747911 0.734351 0.718521 0.700382 0.67992 0.657147 0.632116 0.60492 0.575703 0.544661 0.51204 0.478142 0.443308 0.407922 0.372389 0.33713 0.302562 0.269086 0.237068 0.206832 0.178643 0.152704 0.129148 0.10804 0.0893785 0.073103 0.0591016 0.0472218 0.0372809 0.0290778 0.0224029 0.0170474 0.0128107 0.00950626 0.00696526 0.00503906 0.00359985 0.00254031 0.00177234 0.00122534 0.000844114 0.000586884 0.000423332 0.000333026 
0.000352042 0.000385142 0.000488792 0.000676319 0.000970846 0.0014066 0.00203067 0.00290503 0.00410871 0.00573994 0.0079179 0.0107838 0.0145012 0.0192543 0.0252458 0.0326916 0.0418144 0.0528351 0.0659623 0.0813811 0.0992412 0.119644 0.142635 0.16819 0.196215 0.22654 0.258925 0.29306 0.328582 0.365081 0.402121 0.439254 0.476035 0.51204 0.546882 0.580217 0.611754 0.641262 0.668566 0.693549 0.716146 0.736337 0.754138 0.769594 0.782771 0.793742 0.802587 0.809378 0.81418 0.81704 0.81799 0.81704 0.81418 0.809378 0.802587 0.793742 0.782771 0.769594 0.754138 0.736337 0.716146 0.693549 0.668566 0.641262 0.611754 0.580217 0.546882 0.51204 0.476035 0.439254 0.402121 0.365081 0.328582 0.29306 0.258925 0.22654 0.196215 0.16819 0.142635 0.119644 0.0992412 0.0813811 0.0659623 0.0528351 0.0418144 0.0326916 0.0252458 0.0192543 0.0145012 0.0107838 0.0079179 0.00573994 0.00410871 0.00290503 0.00203067 0.0014066 0.000970846 0.000676319 0.000488792 0.000385142 
0.000403528 0.00044119 0.000559066 0.000772125 0.00110631 0.00159994 0.00230561 0.00329234 0.00464786 0.00648083 0.00892249 0.0121277 0.0162747 0.0215634 0.028212 0.036451 0.0465161 0.058638 0.0730311 0.0898811 0.109332 0.131472 0.156328 0.183849 0.213908 0.246298 0.280737 0.316873 0.3543 0.39257 0.43121 0.469743 0.507705 0.544661 0.580217 0.614036 0.645841 0.675418 0.702621 0.72736 0.749601 0.769357 0.786675 0.801631 0.814316 0.824831 0.833273 0.839734 0.844291 0.847 0.847899 0.847 0.844291 0.839734 0.833273 0.824831 0.814316 0.801631 0.786675 0.769357 0.749601 0.72736 0.702621 0.675418 0.645841 0.614036 0.580217 0.544661 0.507705 0.469743 0.43121 0.39257 0.3543 0.316873 0.280737 0.246298 0.213908 0.183849 0.156328 0.131472 0.109332 0.0898811 0.0730311 0.058638 0.0465161 0.036451 0.028212 0.0215634 0.0162747 0.0121277 0.00892249 0.00648083 0.00464786 0.00329234 0.00230561 0.00159994 0.00110631 0.000772125 0.000559066 0.00044119 
0.000458183 0.000500648 0.000633492 0.000873386 0.00124918 0.00180344 0.0025944 0.00369831 0.00521178 0.00725402 0.00996847 0.0135236 0.0181122 0.0239496 0.0312688 0.0403144 0.0513336 0.0645656 0.0802286 0.0985067 0.119536 0.14339 0.170072 0.199504 0.231524 0.265885 0.302264 0.340266 0.379442 0.419307 0.459356 0.499087 0.538017 0.575703 0.611754 0.645841 0.677703 0.707151 0.734065 0.758388 0.780119 0.799302 0.816018 0.830371 0.84248 0.852468 0.860453 0.866543 0.870825 0.873367 0.874209 0.873367 0.870825 0.866543 0.860453 0.852468 0.84248 0.830371 0.816018 0.799302 0.780119 0.758388 0.734065 0.707151 0.677703 0.645841 0.611754 0.575703 0.538017 0.499087 0.459356 0.419307 0.379442 0.340266 0.302264 0.265885 0.231524 0.199504 0.170072 0.14339 0.119536 0.0985067 0.0802286 0.0645656 0.0513336 0.0403144 0.0312688 0.0239496 0.0181122 0.0135236 0.00996847 0.00725402 0.00521178 0.00369831 0.0025944 0.00180344 0.00124918 0.000873386 0.000633492 0.000500648 
0.00051539 0.000562842 0.000711219 0.000978935 0.00139781 0.00201472 0.00289365 0.00411815 0.00579378 0.00805031 0.0110433 0.0149547 0.0199917 0.0263842 0.0343796 0.0442352 0.0562089 0.0705465 0.0874684 0.107155 0.129732 0.155256 0.183706 0.214975 0.248862 0.285083 0.323271 0.362988 0.403748 0.445027 0.486292 0.527018 0.56671 0.60492 0.641262 0.675418 0.707151 0.736296 0.762763 0.786527 0.807622 0.826124 0.842146 0.855821 0.867292 0.876705 0.884196 0.889887 0.893877 0.89624 0.897022 0.89624 0.893877 0.889887 0.884196 0.876705 0.867292 0.855821 0.842146 0.826124 0.807622 0.786527 0.762763 0.736296 0.707151 0.675418 0.641262 0.60492 0.56671 0.527018 0.486292 0.445027 0.403748 0.362988 0.323271 0.285083 0.248862 0.214975 0.183706 0.155256 0.129732 0.107155 0.0874684 0.0705465 0.0562089 0.0442352 0.0343796 0.0263842 0.0199917 0.0149547 0.0110433 0.00805031 0.00579378 0.00411815 0.00289365 0.00201472 0.00139781 0.000978935 0.000711219 0.000562842 
