0.00122321 0.0012408 0.00129378 0.00138272 0.00150863 0.00167283 0.00187703 0.00212323 0.00241368 0.00275089 0.00313753 0.00357636 0.00407022 0.00462191 0.00523414 0.00590943 0.00665004 0.00745792 0.00833457 0.00928099 0.0102976 0.0113841 0.0125397 0.0137624 0.0150498 0.0163985 0.0178039 0.019261 0.0207636 0.0223045 0.023876 0.0254693 0.0270751 0.0286833 0.0302832 0.0318638 0.0334137 0.0349215 0.0363754 0.0377639 0.0390758 0.0403002 0.0414266 0.0424454 0.0433476 0.0441252 0.0447714 0.0452801 0.0456469 0.0458683 0.0459423 0.0458683 0.0456469 0.0452801 0.0447714 0.0441252 0.0433476 0.0424454 0.0414266 0.0403002 0.0390758 0.0377639 0.0363754 0.0349215 0.0334137 0.0318638 0.0302832 0.0286833 0.0270751 0.0254693 0.023876 0.0223045 0.0207636 0.019261 0.0178039 0.0163985 0.0150498 0.0137624 0.0125397 0.0113841 0.0102976 0.00928099 0.00833457 0.00745792 0.00665004 0.00590943 0.00523414 0.00462191 0.00407022 0.00357636 0.00313753 0.00275089 0.00241368 0.00212323 0.00187703 0.00167283 0.00150863 0.00138272 0.00129378 0.0012408 
0.0012408 0.00125863 0.0013123 0.00140242 0.00152998 0.00169634 0.0019032 0.00215259 0.0024468 0.00278835 0.00317992 0.00362432 0.0041244 0.00468299 0.00530282 0.00598642 0.00673609 0.00755376 0.00844094 0.00939864 0.0104273 0.0115265 0.0126955 0.0139324 0.0152345 0.0165984 0.0180197 0.0194931 0.0210123 0.0225702 0.0241588 0.0257694 0.0273925 0.0290178 0.0306347 0.0322319 0.0337981 0.0353216 0.0367905 0.0381934 0.0395188 0.0407556 0.0418935 0.0429226 0.0438339 0.0446194 0.045272 0.0457859 0.0461563 0.0463799 0.0464547 0.0463799 0.0461563 0.0457859 0.045272 0.0446194 0.0438339 0.0429226 0.0418935 0.0407556 0.0395188 0.0381934 0.0367905 0.0353216 0.0337981 0.0322319 0.0306347 0.0290178 0.0273925 0.0257694 0.0241588 0.0225702 0.0210123 0.0194931 0.0180197 0.0165984 0.0152345 0.0139324 0.0126955 0.0115265 0.0104273 0.00939864 0.00844094 0.00755376 0.00673609 0.00598642 0.00530282 0.00468299 0.0041244 0.00362432 0.00317992 0.00278835 0.0024468 0.00215259 0.0019032 0.00169634 0.00152998 0.00140242 0.0013123 0.00125863 
0.00129378 0.0013123 0.00136807 0.00146172 0.00159426 0.00176709 0.00198198 0.002241 0.0025465 0.00290108 0.0033075 0.00376865 0.00428744 0.00486677 0.00550944 0.00621805 0.00699492 0.00784202 0.00876089 0.0097525 0.0108172 0.0119548 0.0131642 0.0144434 0.0157898 0.0171997 0.0186685 0.0201908 0.02176 0.0233687 0.0250089 0.0266713 0.0283462 0.0300231 0.0316909 0.0333382 0.0349531 0.0365237 0.0380379 0.0394837 0.0408494 0.0421238 0.043296 0.0443561 0.0452948 0.0461037 0.0467758 0.047305 0.0476865 0.0479167 0.0479937 0.0479167 0.0476865 0.047305 0.0467758 0.0461037 0.0452948 0.0443561 0.043296 0.0421238 0.0408494 0.0394837 0.0380379 0.0365237 0.0349531 0.0333382 0.0316909 0.0300231 0.0283462 0.0266713 0.0250089 0.0233687 0.02176 0.0201908 0.0186685 0.0171997 0.0157898 0.0144434 0.0131642 0.0119548 0.0108172 0.0097525 0.00876089 0.00784202 0.00699492 0.00621805 0.00550944 0.00486677 0.00428744 0.00376865 0.0033075 0.00290108 0.0025465 0.002241 0.00198198 0.00176709 0.00159426 0.00146172 0.00136807 0.0013123 
0.00138272 0.00140242 0.00146172 0.00156128 0.00170217 0.00188586 0.00211418 0.00238932 0.00271375 0.00309017 0.00352147 0.00401066 0.00456078 0.00517486 0.00585578 0.00660624 0.00742865 0.00832501 0.00929688 0.0103452 0.0114704 0.012672 0.0139489 0.015299 0.0167194 0.0182061 0.0197543 0.0213582 0.0230109 0.0247047 0.0264308 0.0281798 0.0299413 0.0317042 0.0334571 0.0351879 0.0368842 0.0385334 0.040123 0.0416405 0.0430735 0.0444105 0.04564 0.0467517 0.047736 0.0485842 0.0492887 0.0498434 0.0502433 0.0504846 0.0505653 0.0504846 0.0502433 0.0498434 0.0492887 0.0485842 0.047736 0.0467517 0.04564 0.0444105 0.0430735 0.0416405 0.040123 0.0385334 0.0368842 0.0351879 0.0334571 0.0317042 0.0299413 0.0281798 0.0264308 0.0247047 0.0230109 0.0213582 0.0197543 0.0182061 0.0167194 0.015299 0.0139489 0.012672 0.0114704 0.0103452 0.00929688 0.00832501 0.00742865 0.00660624 0.00585578 0.00517486 0.00456078 0.00401066 0.00352147 0.00309017 0.00271375 0.00238932 0.00211418 0.00188586 0.00170217 0.00156128 0.00146172 0.00140242 
0.00150863 0.00152998 0.00159426 0.00170217 0.00185485 0.00205385 0.00230115 0.00259905 0.00295017 0.0033574 0.0038238 0.00435254 0.00494684 0.00560989 0.00634473 0.00715417 0.00804072 0.00900646 0.010053 0.0111812 0.0123914 0.0136832 0.015055 0.0165048 0.0180291 0.0196239 0.0212837 0.0230024 0.0247724 0.0265855 0.0284324 0.0303029 0.0321859 0.0340696 0.0359419 0.0377897 0.0396001 0.0413596 0.0430549 0.0446728 0.0462002 0.0476248 0.0489347 0.0501188 0.0511669 0.05207 0.05282 0.0534105 0.053836 0.0540929 0.0541788 0.0540929 0.053836 0.0534105 0.05282 0.05207 0.0511669 0.0501188 0.0489347 0.0476248 0.0462002 0.0446728 0.0430549 0.0413596 0.0396001 0.0377897 0.0359419 0.0340696 0.0321859 0.0303029 0.0284324 0.0265855 0.0247724 0.0230024 0.0212837 0.0196239 0.0180291 0.0165048 0.015055 0.0136832 0.0123914 0.0111812 0.010053 0.00900646 0.00804072 0.00715417 0.00634473 0.00560989 0.00494684 0.00435254 0.0038238 0.0033574 0.00295017 0.00259905 0.00230115 0.00205385 0.00185485 0.00170217 0.00159426 0.00152998 
0.00167283 0.00169634 0.00176709 0.00188586 0.00205385 0.00227277 0.00254471 0.00287218 0.00325799 0.00370522 0.00421718 0.00479725 0.00544889 0.00617547 0.00698023 0.00786614 0.00883583 0.00989146 0.0110346 0.0122663 0.0135866 0.014995 0.0164898 0.0180684 0.0197272 0.0214616 0.0232656 0.0251325 0.027054 0.0290212 0.031024 0.0330511 0.0350908 0.0371304 0.0391564 0.0411552 0.0431125 0.0450141 0.0468456 0.0485927 0.0502417 0.0517792 0.0531924 0.0544696 0.0555999 0.0565735 0.0573821 0.0580185 0.0584772 0.058754 0.0588465 0.058754 0.0584772 0.0580185 0.0573821 0.0565735 0.0555999 0.0544696 0.0531924 0.0517792 0.0502417 0.0485927 0.0468456 0.0450141 0.0431125 0.0411552 0.0391564 0.0371304 0.0350908 0.0330511 0.031024 0.0290212 0.027054 0.0251325 0.0232656 0.0214616 0.0197272 0.0180684 0.0164898 0.014995 0.0135866 0.0122663 0.0110346 0.00989146 0.00883583 0.00786614 0.00698023 0.00617547 0.00544889 0.00479725 0.00421718 0.00370522 0.00325799 0.00287218 0.00254471 0.00227277 0.00205385 0.00188586 0.00176709 0.00169634 
0.00187703 0.0019032 0.00198198 0.00211418 0.00230115 0.00254471 0.00284717 0.00321123 0.00363995 0.00413668 0.00470498 0.00534852 0.00607101 0.00687608 0.00776719 0.00874751 0.00981981 0.0109863 0.0122487 0.0136079 0.0150639 0.0166159 0.018262 0.0199992 0.0218235 0.0237296 0.0257109 0.0277599 0.0298676 0.032024 0.034218 0.0364375 0.0386695 0.0409 0.0431146 0.0452983 0.0474357 0.0495113 0.0515095 0.0534149 0.0552126 0.0568881 0.0584278 0.0598189 0.0610496 0.0621096 0.0629897 0.0636823 0.0641814 0.0644826 0.0645833 0.0644826 0.0641814 0.0636823 0.0629897 0.0621096 0.0610496 0.0598189 0.0584278 0.0568881 0.0552126 0.0534149 0.0515095 0.0495113 0.0474357 0.0452983 0.0431146 0.0409 0.0386695 0.0364375 0.034218 0.032024 0.0298676 0.0277599 0.0257109 0.0237296 0.0218235 0.0199992 0.018262 0.0166159 0.0150639 0.0136079 0.0122487 0.0109863 0.00981981 0.00874751 0.00776719 0.00687608 0.00607101 0.00534852 0.00470498 0.00413668 0.00363995 0.00321123 0.00284717 0.00254471 0.00230115 0.00211418 0.00198198 0.0019032 
0.00212323 0.00215259 0.002241 0.00238932 0.00259905 0.00287218 0.00321123 0.00361916 0.00409932 0.00465535 0.00529114 0.00601068 0.00681797 0.00771696 0.00871135 0.00980454 0.0109995 0.0122985 0.0137032 0.0152145 0.0168324 0.0185556 0.0203821 0.0223082 0.0243295 0.0264399 0.0286321 0.0308976 0.0332266 0.0356078 0.038029 0.0404767 0.0429368 0.0453938 0.047832 0.0502349 0.0525856 0.0548672 0.0570628 0.0591555 0.0611291 0.062968 0.0646572 0.0661829 0.0675325 0.0686945 0.0696591 0.0704181 0.070965 0.0712951 0.0714054 0.0712951 0.070965 0.0704181 0.0696591 0.0686945 0.0675325 0.0661829 0.0646572 0.062968 0.0611291 0.0591555 0.0570628 0.0548672 0.0525856 0.0502349 0.047832 0.0453938 0.0429368 0.0404767 0.038029 0.0356078 0.0332266 0.0308976 0.0286321 0.0264399 0.0243295 0.0223082 0.0203821 0.0185556 0.0168324 0.0152145 0.0137032 0.0122985 0.0109995 0.00980454 0.00871135 0.00771696 0.00681797 0.00601068 0.00529114 0.00465535 0.00409932 0.00361916 0.00321123 0.00287218 0.00259905 0.00238932 0.002241 0.00215259 
0.00241368 0.0024468 0.0025465 0.00271375 0.00295017 0.00325799 0.00363995 0.00409932 0.00463976 0.00526528 0.00598011 0.00678861 0.00769515 0.00870399 0.00981913 0.0110442 0.0123823 0.013836 0.0154068 0.0170956 0.0189021 0.0208249 0.0228613 0.0250073 0.0272577 0.0296057 0.032043 0.03456 0.0371457 0.0397877 0.0424723 0.0451847 0.047909 0.0506283 0.0533253 0.0559817 0.0585791 0.0610989 0.0635225 0.0658317 0.0680085 0.0700359 0.0718977 0.0735788 0.0750653 0.076345 0.0774071 0.0782427 0.0788447 0.079208 0.0793294 0.079208 0.0788447 0.0782427 0.0774071 0.076345 0.0750653 0.0735788 0.0718977 0.0700359 0.0680085 0.0658317 0.0635225 0.0610989 0.0585791 0.0559817 0.0533253 0.0506283 0.047909 0.0451847 0.0424723 0.0397877 0.0371457 0.03456 0.032043 0.0296057 0.0272577 0.0250073 0.0228613 0.0208249 0.0189021 0.0170956 0.0154068 0.013836 0.0123823 0.0110442 0.00981913 0.00870399 0.00769515 0.00678861 0.00598011 0.00526528 0.00463976 0.00409932 0.00363995 0.00325799 0.00295017 0.00271375 0.0025465 0.0024468 
0.00275089 0.00278835 0.00290108 0.00309017 0.0033574 0.00370522 0.00413668 0.00465535 0.00526528 0.00597086 0.00677672 0.00768763 0.00870836 0.00984353 0.0110975 0.0124741 0.0139766 0.0156077 0.0173691 0.0192613 0.0212839 0.0234351 0.0257117 0.0281092 0.0306215 0.0332408 0.0359578 0.0387618 0.0416402 0.0445794 0.0475641 0.0505777 0.0536026 0.0566203 0.0596113 0.0625558 0.0654333 0.0682234 0.0709058 0.0734603 0.0758675 0.0781086 0.0801659 0.0820229 0.0836646 0.0850775 0.0862499 0.0871722 0.0878365 0.0882374 0.0883714 0.0882374 0.0878365 0.0871722 0.0862499 0.0850775 0.0836646 0.0820229 0.0801659 0.0781086 0.0758675 0.0734603 0.0709058 0.0682234 0.0654333 0.0625558 0.0596113 0.0566203 0.0536026 0.0505777 0.0475641 0.0445794 0.0416402 0.0387618 0.0359578 0.0332408 0.0306215 0.0281092 0.0257117 0.0234351 0.0212839 0.0192613 0.0173691 0.0156077 0.0139766 0.0124741 0.0110975 0.00984353 0.00870836 0.00768763 0.00677672 0.00597086 0.00526528 0.00465535 0.00413668 0.00370522 0.0033574 0.00309017 0.00290108 0.00278835 
0.00313753 0.00317992 0.0033075 0.00352147 0.0038238 0.00421718 0.00470498 0.00529114 0.00598011 0.00677672 0.00768604 0.0087133 0.00986369 0.0111422 0.0125536 0.0141019 0.0157908 0.0176228 0.0195997 0.0217219 0.0239887 0.0263979 0.0289457 0.0316268 0.0344342 0.0373591 0.0403911 0.0435178 0.0467255 0.0499986 0.0533201 0.0566717 0.0600338 0.0633859 0.0667064 0.0699733 0.0731644 0.0762569 0.0792286 0.0820573 0.0847218 0.0872015 0.089477 0.0915304 0.0933451 0.0949066 0.0962021 0.097221 0.0979548 0.0983976 0.0985455 0.0983976 0.0979548 0.097221 0.0962021 0.0949066 0.0933451 0.0915304 0.089477 0.0872015 0.0847218 0.0820573 0.0792286 0.0762569 0.0731644 0.0699733 0.0667064 0.0633859 0.0600338 0.0566717 0.0533201 0.0499986 0.0467255 0.0435178 0.0403911 0.0373591 0.0344342 0.0316268 0.0289457 0.0263979 0.0239887 0.0217219 0.0195997 0.0176228 0.0157908 0.0141019 0.0125536 0.0111422 0.00986369 0.0087133 0.00768604 0.00677672 0.00598011 0.00529114 0.00470498 0.00421718 0.0038238 0.00352147 0.0033075 0.00317992 
0.00357636 0.00362432 0.00376865 0.00401066 0.00435254 0.00479725 0.00534852 0.00601068 0.00678861 0.00768763 0.0087133 0.00987132 0.0111673 0.0126068 0.0141948 0.0159357 0.0178333 0.0198903 0.0221084 0.0244878 0.0270275 0.0297248 0.0325753 0.0355727 0.038709 0.0419743 0.0453567 0.0488424 0.0524159 0.0560599 0.0597553 0.0634818 0.0672176 0.07094 0.0746253 0.0782491 0.0817868 0.0852135 0.0885047 0.0916362 0.0945846 0.0973275 0.0998437 0.102113 0.104119 0.105844 0.107275 0.1084 0.109211 0.1097 0.109863 0.1097 0.109211 0.1084 0.107275 0.105844 0.104119 0.102113 0.0998437 0.0973275 0.0945846 0.0916362 0.0885047 0.0852135 0.0817868 0.0782491 0.0746253 0.07094 0.0672176 0.0634818 0.0597553 0.0560599 0.0524159 0.0488424 0.0453567 0.0419743 0.038709 0.0355727 0.0325753 0.0297248 0.0270275 0.0244878 0.0221084 0.0198903 0.0178333 0.0159357 0.0141948 0.0126068 0.0111673 0.00987132 0.0087133 0.00768763 0.00678861 0.00601068 0.00534852 0.00479725 0.00435254 0.00401066 0.00376865 0.00362432 
0.00407022 0.0041244 0.00428744 0.00456078 0.00494684 0.00544889 0.00607101 0.00681797 0.00769515 0.00870836 0.00986369 0.0111673 0.0126255 0.014244 0.0160283 0.0179832 0.0201126 0.0224192 0.0249047 0.0275691 0.030411 0.0334269 0.0366119 0.0399587 0.0434581 0.0470988 0.0508674 0.0547485 0.0587246 0.0627764 0.0668827 0.0710209 0.0751668 0.0792954 0.0833804 0.0873949 0.091312 0.0951043 0.0987449 0.102207 0.105466 0.108496 0.111275 0.11378 0.115994 0.117897 0.119476 0.120717 0.121611 0.12215 0.12233 0.12215 0.121611 0.120717 0.119476 0.117897 0.115994 0.11378 0.111275 0.108496 0.105466 0.102207 0.0987449 0.0951043 0.091312 0.0873949 0.0833804 0.0792954 0.0751668 0.0710209 0.0668827 0.0627764 0.0587246 0.0547485 0.0508674 0.0470988 0.0434581 0.0399587 0.0366119 0.0334269 0.030411 0.0275691 0.0249047 0.0224192 0.0201126 0.0179832 0.0160283 0.014244 0.0126255 0.0111673 0.00986369 0.00870836 0.00769515 0.00681797 0.00607101 0.00544889 0.00494684 0.00456078 0.00428744 0.0041244 
0.00462191 0.00468299 0.00486677 0.00517486 0.00560989 0.00617547 0.00687608 0.00771696 0.00870399 0.00984353 0.0111422 0.0126068 0.014244 0.0160601 0.018061 0.0202518 0.0226364 0.0252177 0.0279973 0.0309749 0.0341485 0.0375142 0.0410659 0.0447954 0.0486922 0.0527435 0.0569343 0.0612471 0.0656625 0.0701588 0.0747128 0.0792991 0.0838912 0.0884613 0.0929804 0.0974192 0.101748 0.105936 0.109955 0.113776 0.11737 0.120711 0.123774 0.126535 0.128973 0.131069 0.132807 0.134173 0.135157 0.13575 0.135949 0.13575 0.135157 0.134173 0.132807 0.131069 0.128973 0.126535 0.123774 0.120711 0.11737 0.113776 0.109955 0.105936 0.101748 0.0974192 0.0929804 0.0884613 0.0838912 0.0792991 0.0747128 0.0701588 0.0656625 0.0612471 0.0569343 0.0527435 0.0486922 0.0447954 0.0410659 0.0375142 0.0341485 0.0309749 0.0279973 0.0252177 0.0226364 0.0202518 0.018061 0.0160601 0.014244 0.0126068 0.0111422 0.00984353 0.00870399 0.00771696 0.00687608 0.00617547 0.00560989 0.00517486 0.00486677 0.00468299 
0.00523414 0.00530282 0.00550944 0.00585578 0.00634473 0.00698023 0.00776719 0.00871135 0.00981913 0.0110975 0.0125536 0.0141948 0.0160283 0.018061 0.0202991 0.0227479 0.0254117 0.0282932 0.0313939 0.0347131 0.0382484 0.0419949 0.0459458 0.0500915 0.0544201 0.0589172 0.0635657 0.0683464 0.0732374 0.0782149 0.0832527 0.0883231 0.0933968 0.0984429 0.10343 0.108326 0.113097 0.117712 0.122138 0.126343 0.130297 0.133972 0.137339 0.140373 0.143052 0.145354 0.147263 0.148763 0.149843 0.150495 0.150713 0.150495 0.149843 0.148763 0.147263 0.145354 0.143052 0.140373 0.137339 0.133972 0.130297 0.126343 0.122138 0.117712 0.113097 0.108326 0.10343 0.0984429 0.0933968 0.0883231 0.0832527 0.0782149 0.0732374 0.0683464 0.0635657 0.0589172 0.0544201 0.0500915 0.0459458 0.0419949 0.0382484 0.0347131 0.0313939 0.0282932 0.0254117 0.0227479 0.0202991 0.018061 0.0160283 0.0141948 0.0125536 0.0110975 0.00981913 0.00871135 0.00776719 0.00698023 0.00634473 0.00585578 0.00550944 0.00530282 
0.00590943 0.00598642 0.00621805 0.00660624 0.00715417 0.00786614 0.00874751 0.00980454 0.0110442 0.0124741 0.0141019 0.0159357 0.0179832 0.0202518 0.0227479 0.0254773 0.0284443 0.0316518 0.0351007 0.0387902 0.0427171 0.0468758 0.0512581 0.0558533 0.0606478 0.0656255 0.0707672 0.0760514 0.0814539 0.0869482 0.0925055 0.0980951 0.103685 0.109241 0.114728 0.120112 0.125357 0.130426 0.135286 0.139901 0.14424 0.148269 0.15196 0.155285 0.15822 0.160742 0.162832 0.164475 0.165657 0.16637 0.166608 0.16637 0.165657 0.164475 0.162832 0.160742 0.15822 0.155285 0.15196 0.148269 0.14424 0.139901 0.135286 0.130426 0.125357 0.120112 0.114728 0.109241 0.103685 0.0980951 0.0925055 0.0869482 0.0814539 0.0760514 0.0707672 0.0656255 0.0606478 0.0558533 0.0512581 0.0468758 0.0427171 0.0387902 0.0351007 0.0316518 0.0284443 0.0254773 0.0227479 0.0202518 0.0179832 0.0159357 0.0141019 0.0124741 0.0110442 0.00980454 0.00874751 0.00786614 0.00715417 0.00660624 0.00621805 0.00598642 
0.00665004 0.00673609 0.00699492 0.00742865 0.00804072 0.00883583 0.00981981 0.0109995 0.0123823 0.0139766 0.0157908 0.0178333 0.0201126 0.0226364 0.0254117 0.0284443 0.0317388 0.0352979 0.0391224 0.0432107 0.0475591 0.0521608 0.0570066 0.0620843 0.0673784 0.0728709 0.0785405 0.0843631 0.0903121 0.096358 0.102469 0.108612 0.114751 0.120849 0.126869 0.132771 0.138517 0.144069 0.149389 0.154438 0.159182 0.163587 0.16762 0.171253 0.174457 0.177211 0.179492 0.181285 0.182575 0.183353 0.183613 0.183353 0.182575 0.181285 0.179492 0.177211 0.174457 0.171253 0.16762 0.163587 0.159182 0.154438 0.149389 0.144069 0.138517 0.132771 0.126869 0.120849 0.114751 0.108612 0.102469 0.096358 0.0903121 0.0843631 0.0785405 0.0728709 0.0673784 0.0620843 0.0570066 0.0521608 0.0475591 0.0432107 0.0391224 0.0352979 0.0317388 0.0284443 0.0254117 0.0226364 0.0201126 0.0178333 0.0157908 0.0139766 0.0123823 0.0109995 0.00981981 0.00883583 0.00804072 0.00742865 0.00699492 0.00673609 
0.00745792 0.00755376 0.00784202 0.00832501 0.00900646 0.00989146 0.0109863 0.0122985 0.013836 0.0156077 0.0176228 0.0198903 0.0224192 0.0252177 0.0282932 0.0316518 0.0352979 0.0392342 0.0434612 0.0479766 0.0527759 0.0578513 0.0631922 0.0687845 0.0746112 0.0806519 0.0868831 0.093278 0.0998072 0.106438 0.113136 0.119865 0.126585 0.133256 0.139837 0.146287 0.152562 0.158622 0.164425 0.169931 0.175102 0.179901 0.184293 0.188248 0.191736 0.194732 0.197214 0.199163 0.200567 0.201413 0.201695 0.201413 0.200567 0.199163 0.197214 0.194732 0.191736 0.188248 0.184293 0.179901 0.175102 0.169931 0.164425 0.158622 0.152562 0.146287 0.139837 0.133256 0.126585 0.119865 0.113136 0.106438 0.0998072 0.093278 0.0868831 0.0806519 0.0746112 0.0687845 0.0631922 0.0578513 0.0527759 0.0479766 0.0434612 0.0392342 0.0352979 0.0316518 0.0282932 0.0252177 0.0224192 0.0198903 0.0176228 0.0156077 0.013836 0.0122985 0.0109863 0.00989146 0.00900646 0.00832501 0.00784202 0.00755376 
0.00833457 0.00844094 0.00876089 0.00929688 0.010053 0.0110346 0.0122487 0.0137032 0.0154068 0.0173691 0.0195997 0.0221084 0.0249047 0.0279973 0.0313939 0.0351007 0.0391224 0.0434612 0.0481171 0.0530875 0.0583665 0.0639454 0.0698119 0.0759503 0.0823415 0.0889627 0.0957879 0.102788 0.109929 0.117177 0.124494 0.131839 0.13917 0.146443 0.153613 0.160636 0.167466 0.174057 0.180366 0.186349 0.191966 0.197176 0.201943 0.206233 0.210016 0.213265 0.215956 0.218069 0.219589 0.220506 0.220812 0.220506 0.219589 0.218069 0.215956 0.213265 0.210016 0.206233 0.201943 0.197176 0.191966 0.186349 0.180366 0.174057 0.167466 0.160636 0.153613 0.146443 0.13917 0.131839 0.124494 0.117177 0.109929 0.102788 0.0957879 0.0889627 0.0823415 0.0759503 0.0698119 0.0639454 0.0583665 0.0530875 0.0481171 0.0434612 0.0391224 0.0351007 0.0313939 0.0279973 0.0249047 0.0221084 0.0195997 0.0173691 0.0154068 0.0137032 0.0122487 0.0110346 0.010053 0.00929688 0.00876089 0.00844094 
0.00928099 0.00939864 0.0097525 0.0103452 0.0111812 0.0122663 0.0136079 0.0152145 0.0170956 0.0192613 0.0217219 0.0244878 0.0275691 0.0309749 0.0347131 0.0387902 0.0432107 0.0479766 0.0530875 0.0585397 0.0643265 0.0704377 0.0768594 0.0835739 0.09056 0.0977925 0.105242 0.112878 0.120662 0.128557 0.136522 0.144512 0.152481 0.160383 0.168168 0.175789 0.183196 0.19034 0.197175 0.203653 0.209732 0.215369 0.220524 0.225162 0.229251 0.232761 0.235667 0.237949 0.239591 0.240581 0.240912 0.240581 0.239591 0.237949 0.235667 0.232761 0.229251 0.225162 0.220524 0.215369 0.209732 0.203653 0.197175 0.19034 0.183196 0.175789 0.168168 0.160383 0.152481 0.144512 0.136522 0.128557 0.120662 0.112878 0.105242 0.0977925 0.09056 0.0835739 0.0768594 0.0704377 0.0643265 0.0585397 0.0530875 0.0479766 0.0432107 0.0387902 0.0347131 0.0309749 0.0275691 0.0244878 0.0217219 0.0192613 0.0170956 0.0152145 0.0136079 0.0122663 0.0111812 0.0103452 0.0097525 0.00939864 
0.0102976 0.0104273 0.0108172 0.0114704 0.0123914 0.0135866 0.0150639 0.0168324 0.0189021 0.0212839 0.0239887 0.0270275 0.030411 0.0341485 0.0382484 0.0427171 0.0475591 0.0527759 0.0583665 0.0643265 0.0706478 0.0773188 0.0843238 0.091643 0.0992529 0.107125 0.115229 0.123528 0.131984 0.140554 0.149193 0.157854 0.166487 0.175041 0.183465 0.191705 0.199709 0.207426 0.214803 0.221794 0.228349 0.234425 0.239981 0.244977 0.24938 0.253158 0.256287 0.258743 0.260509 0.261574 0.26193 0.261574 0.260509 0.258743 0.256287 0.253158 0.24938 0.244977 0.239981 0.234425 0.228349 0.221794 0.214803 0.207426 0.199709 0.191705 0.183465 0.175041 0.166487 0.157854 0.149193 0.140554 0.131984 0.123528 0.115229 0.107125 0.0992529 0.091643 0.0843238 0.0773188 0.0706478 0.0643265 0.0583665 0.0527759 0.0475591 0.0427171 0.0382484 0.0341485 0.030411 0.0270275 0.0239887 0.0212839 0.0189021 0.0168324 0.0150639 0.0135866 0.0123914 0.0114704 0.0108172 0.0104273 
0.0113841 0.0115265 0.0119548 0.012672 0.0136832 0.014995 0.0166159 0.0185556 0.0208249 0.0234351 0.0263979 0.0297248 0.0334269 0.0375142 0.0419949 0.0468758 0.0521608 0.0578513 0.0639454 0.0704377 0.0773188 0.0845754 0.09219 0.100141 0.108401 0.11694 0.125724 0.134713 0.143866 0.153136 0.162474 0.17183 0.181149 0.190377 0.199458 0.208337 0.216956 0.22526 0.233196 0.240711 0.247756 0.254282 0.260247 0.26561 0.270334 0.274387 0.277742 0.280375 0.282269 0.283411 0.283792 0.283411 0.282269 0.280375 0.277742 0.274387 0.270334 0.26561 0.260247 0.254282 0.247756 0.240711 0.233196 0.22526 0.216956 0.208337 0.199458 0.190377 0.181149 0.17183 0.162474 0.153136 0.143866 0.134713 0.125724 0.11694 0.108401 0.100141 0.09219 0.0845754 0.0773188 0.0704377 0.0639454 0.0578513 0.0521608 0.0468758 0.0419949 0.0375142 0.0334269 0.0297248 0.0263979 0.0234351 0.0208249 0.0185556 0.0166159 0.014995 0.0136832 0.012672 0.0119548 0.0115265 
0.0125397 0.0126955 0.0131642 0.0139489 0.015055 0.0164898 0.018262 0.0203821 0.0228613 0.0257117 0.0289457 0.0325753 0.0366119 0.0410659 0.0459458 0.0512581 0.0570066 0.0631922 0.0698119 0.0768594 0.0843238 0.09219 0.100438 0.109045 0.11798 0.12721 0.136698 0.146401 0.156274 0.166265 0.176324 0.186394 0.196419 0.206339 0.216095 0.225627 0.234875 0.243781 0.252287 0.260338 0.267881 0.274867 0.281248 0.286983 0.292034 0.296366 0.299951 0.302764 0.304787 0.306007 0.306414 0.306007 0.304787 0.302764 0.299951 0.296366 0.292034 0.286983 0.281248 0.274867 0.267881 0.260338 0.252287 0.243781 0.234875 0.225627 0.216095 0.206339 0.196419 0.186394 0.176324 0.166265 0.156274 0.146401 0.136698 0.12721 0.11798 0.109045 0.100438 0.09219 0.0843238 0.0768594 0.0698119 0.0631922 0.0570066 0.0512581 0.0459458 0.0410659 0.0366119 0.0325753 0.0289457 0.0257117 0.0228613 0.0203821 0.018262 0.0164898 0.015055 0.0139489 0.0131642 0.0126955 
0.0137624 0.0139324 0.0144434 0.015299 0.0165048 0.0180684 0.0199992 0.0223082 0.0250073 0.0281092 0.0316268 0.0355727 0.0399587 0.0447954 0.0500915 0.0558533 0.0620843 0.0687845 0.0759503 0.0835739 0.091643 0.100141 0.109045 0.118329 0.12796 0.137903 0.148116 0.158553 0.169165 0.179897 0.190694 0.201496 0.212242 0.222869 0.233313 0.243512 0.2534 0.262918 0.272002 0.280597 0.288645 0.296095 0.302898 0.30901 0.314391 0.319004 0.322821 0.325816 0.32797 0.329267 0.329701 0.329267 0.32797 0.325816 0.322821 0.319004 0.314391 0.30901 0.302898 0.296095 0.288645 0.280597 0.272002 0.262918 0.2534 0.243512 0.233313 0.222869 0.212242 0.201496 0.190694 0.179897 0.169165 0.158553 0.148116 0.137903 0.12796 0.118329 0.109045 0.100141 0.091643 0.0835739 0.0759503 0.0687845 0.0620843 0.0558533 0.0500915 0.0447954 0.0399587 0.0355727 0.0316268 0.0281092 0.0250073 0.0223082 0.0199992 0.0180684 0.0165048 0.015299 0.0144434 0.0139324 
0.0150498 0.0152345 0.0157898 0.0167194 0.0180291 0.0197272 0.0218235 0.0243295 0.0272577 0.0306215 0.0344342 0.038709 0.0434581 0.0486922 0.0544201 0.0606478 0.0673784 0.0746112 0.0823415 0.09056 0.0992529 0.108401 0.11798 0.12796 0.138307 0.148981 0.159937 0.171125 0.182492 0.193981 0.205531 0.217078 0.228557 0.239902 0.251044 0.261918 0.272455 0.28259 0.292259 0.301402 0.309959 0.317877 0.325104 0.331594 0.337306 0.342202 0.346252 0.349429 0.351713 0.353089 0.353549 0.353089 0.351713 0.349429 0.346252 0.342202 0.337306 0.331594 0.325104 0.317877 0.309959 0.301402 0.292259 0.28259 0.272455 0.261918 0.251044 0.239902 0.228557 0.217078 0.205531 0.193981 0.182492 0.171125 0.159937 0.148981 0.138307 0.12796 0.11798 0.108401 0.0992529 0.09056 0.0823415 0.0746112 0.0673784 0.0606478 0.0544201 0.0486922 0.0434581 0.038709 0.0344342 0.0306215 0.0272577 0.0243295 0.0218235 0.0197272 0.0180291 0.0167194 0.0157898 0.0152345 
0.0163985 0.0165984 0.0171997 0.0182061 0.0196239 0.0214616 0.0237296 0.0264399 0.0296057 0.0332408 0.0373591 0.0419743 0.0470988 0.0527435 0.0589172 0.0656255 0.0728709 0.0806519 0.0889627 0.0977925 0.107125 0.11694 0.12721 0.137903 0.148981 0.160401 0.172114 0.184067 0.196202 0.208458 0.220771 0.233073 0.245294 0.257364 0.269211 0.280764 0.291954 0.30271 0.312966 0.322659 0.331726 0.340112 0.347763 0.354632 0.360674 0.365853 0.370135 0.373493 0.375907 0.377362 0.377848 0.377362 0.375907 0.373493 0.370135 0.365853 0.360674 0.354632 0.347763 0.340112 0.331726 0.322659 0.312966 0.30271 0.291954 0.280764 0.269211 0.257364 0.245294 0.233073 0.220771 0.208458 0.196202 0.184067 0.172114 0.160401 0.148981 0.137903 0.12721 0.11694 0.107125 0.0977925 0.0889627 0.0806519 0.0728709 0.0656255 0.0589172 0.0527435 0.0470988 0.0419743 0.0373591 0.0332408 0.0296057 0.0264399 0.0237296 0.0214616 0.0196239 0.0182061 0.0171997 0.0165984 
0.0178039 0.0180197 0.0186685 0.0197543 0.0212837 0.0232656 0.0257109 0.0286321 0.032043 0.0359578 0.0403911 0.0453567 0.0508674 0.0569343 0.0635657 0.0707672 0.0785405 0.0868831 0.0957879 0.105242 0.115229 0.125724 0.136698 0.148116 0.159937 0.172114 0.184594 0.197321 0.210234 0.223266 0.236348 0.24941 0.262378 0.275176 0.28773 0.299965 0.311808 0.323185 0.334027 0.344268 0.353844 0.362695 0.370768 0.378012 0.384383 0.389841 0.394353 0.397891 0.400434 0.401966 0.402478 0.401966 0.400434 0.397891 0.394353 0.389841 0.384383 0.378012 0.370768 0.362695 0.353844 0.344268 0.334027 0.323185 0.311808 0.299965 0.28773 0.275176 0.262378 0.24941 0.236348 0.223266 0.210234 0.197321 0.184594 0.172114 0.159937 0.148116 0.136698 0.125724 0.115229 0.105242 0.0957879 0.0868831 0.0785405 0.0707672 0.0635657 0.0569343 0.0508674 0.0453567 0.0403911 0.0359578 0.032043 0.0286321 0.0257109 0.0232656 0.0212837 0.0197543 0.0186685 0.0180197 
0.019261 0.0194931 0.0201908 0.0213582 0.0230024 0.0251325 0.0277599 0.0308976 0.03456 0.0387618 0.0435178 0.0488424 0.0547485 0.0612471 0.0683464 0.0760514 0.0843631 0.093278 0.102788 0.112878 0.123528 0.134713 0.146401 0.158553 0.171125 0.184067 0.197321 0.210829 0.224523 0.238334 0.252189 0.266012 0.279727 0.293253 0.306513 0.319428 0.33192 0.343914 0.355338 0.366122 0.376201 0.385514 0.394003 0.401618 0.408313 0.414047 0.418785 0.422501 0.42517 0.426778 0.427315 0.426778 0.42517 0.422501 0.418785 0.414047 0.408313 0.401618 0.394003 0.385514 0.376201 0.366122 0.355338 0.343914 0.33192 0.319428 0.306513 0.293253 0.279727 0.266012 0.252189 0.238334 0.224523 0.210829 0.197321 0.184067 0.171125 0.158553 0.146401 0.134713 0.123528 0.112878 0.102788 0.093278 0.0843631 0.0760514 0.0683464 0.0612471 0.0547485 0.0488424 0.0435178 0.0387618 0.03456 0.0308976 0.0277599 0.0251325 0.0230024 0.0213582 0.0201908 0.0194931 
0.0207636 0.0210123 0.02176 0.0230109 0.0247724 0.027054 0.0298676 0.0332266 0.0371457 0.0416402 0.0467255 0.0524159 0.0587246 0.0656625 0.0732374 0.0814539 0.0903121 0.0998072 0.109929 0.120662 0.131984 0.143866 0.156274 0.169165 0.182492 0.196202 0.210234 0.224523 0.238999 0.253589 0.268215 0.282798 0.297255 0.311506 0.325466 0.339053 0.352189 0.364793 0.376791 0.388112 0.398686 0.408452 0.417351 0.425329 0.432341 0.438345 0.443306 0.447194 0.449988 0.451671 0.452233 0.451671 0.449988 0.447194 0.443306 0.438345 0.432341 0.425329 0.417351 0.408452 0.398686 0.388112 0.376791 0.364793 0.352189 0.339053 0.325466 0.311506 0.297255 0.282798 0.268215 0.253589 0.238999 0.224523 0.210234 0.196202 0.182492 0.169165 0.156274 0.143866 0.131984 0.120662 0.109929 0.0998072 0.0903121 0.0814539 0.0732374 0.0656625 0.0587246 0.0524159 0.0467255 0.0416402 0.0371457 0.0332266 0.0298676 0.027054 0.0247724 0.0230109 0.02176 0.0210123 
0.0223045 0.0225702 0.0233687 0.0247047 0.0265855 0.0290212 0.032024 0.0356078 0.0397877 0.0445794 0.0499986 0.0560599 0.0627764 0.0701588 0.0782149 0.0869482 0.096358 0.106438 0.117177 0.128557 0.140554 0.153136 0.166265 0.179897 0.193981 0.208458 0.223266 0.238334 0.253589 0.268953 0.284344 0.29968 0.314873 0.329839 0.34449 0.358741 0.372509 0.385713 0.398275 0.410121 0.42118 0.431389 0.440687 0.449021 0.456343 0.46261 0.467786 0.471843 0.474757 0.476512 0.477098 0.476512 0.474757 0.471843 0.467786 0.46261 0.456343 0.449021 0.440687 0.431389 0.42118 0.410121 0.398275 0.385713 0.372509 0.358741 0.34449 0.329839 0.314873 0.29968 0.284344 0.268953 0.253589 0.238334 0.223266 0.208458 0.193981 0.179897 0.166265 0.153136 0.140554 0.128557 0.117177 0.106438 0.096358 0.0869482 0.0782149 0.0701588 0.0627764 0.0560599 0.0499986 0.0445794 0.0397877 0.0356078 0.032024 0.0290212 0.0265855 0.0247047 0.0233687 0.0225702 
0.023876 0.0241588 0.0250089 0.0264308 0.0284324 0.031024 0.034218 0.038029 0.0424723 0.0475641 0.0533201 0.0597553 0.0668827 0.0747128 0.0832527 0.0925055 0.102469 0.113136 0.124494 0.136522 0.149193 0.162474 0.176324 0.190694 0.205531 0.220771 0.236348 0.252189 0.268215 0.284344 0.300492 0.316569 0.332487 0.348155 0.363485 0.378386 0.392774 0.406564 0.419676 0.432033 0.443565 0.454204 0.46389 0.472568 0.480189 0.486711 0.492096 0.496316 0.499346 0.501171 0.501781 0.501171 0.499346 0.496316 0.492096 0.486711 0.480189 0.472568 0.46389 0.454204 0.443565 0.432033 0.419676 0.406564 0.392774 0.378386 0.363485 0.348155 0.332487 0.316569 0.300492 0.284344 0.268215 0.252189 0.236348 0.220771 0.205531 0.190694 0.176324 0.162474 0.149193 0.136522 0.124494 0.113136 0.102469 0.0925055 0.0832527 0.0747128 0.0668827 0.0597553 0.0533201 0.0475641 0.0424723 0.038029 0.034218 0.031024 0.0284324 0.0264308 0.0250089 0.0241588 
0.0254693 0.0257694 0.0266713 0.0281798 0.0303029 0.0330511 0.0364375 0.0404767 0.0451847 0.0505777 0.0566717 0.0634818 0.0710209 0.0792991 0.0883231 0.0980951 0.108612 0.119865 0.131839 0.144512 0.157854 0.17183 0.186394 0.201496 0.217078 0.233073 0.24941 0.266012 0.282798 0.29968 0.316569 0.333374 0.35 0.366356 0.382348 0.397883 0.412873 0.427232 0.440877 0.45373 0.465719 0.476774 0.486834 0.495844 0.503754 0.51052 0.516106 0.520482 0.523624 0.525516 0.526148 0.525516 0.523624 0.520482 0.516106 0.51052 0.503754 0.495844 0.486834 0.476774 0.465719 0.45373 0.440877 0.427232 0.412873 0.397883 0.382348 0.366356 0.35 0.333374 0.316569 0.29968 0.282798 0.266012 0.24941 0.233073 0.217078 0.201496 0.186394 0.17183 0.157854 0.144512 0.131839 0.119865 0.108612 0.0980951 0.0883231 0.0792991 0.0710209 0.0634818 0.0566717 0.0505777 0.0451847 0.0404767 0.0364375 0.0330511 0.0303029 0.0281798 0.0266713 0.0257694 
0.0270751 0.0273925 0.0283462 0.0299413 0.0321859 0.0350908 0.0386695 0.0429368 0.047909 0.0536026 0.0600338 0.0672176 0.0751668 0.0838912 0.0933968 0.103685 0.114751 0.126585 0.13917 0.152481 0.166487 0.181149 0.196419 0.212242 0.228557 0.245294 0.262378 0.279727 0.297255 0.314873 0.332487 0.35 0.367318 0.384341 0.400975 0.417124 0.432697 0.447606 0.461765 0.475096 0.487523 0.498977 0.509397 0.518724 0.52691 0.53391 0.539687 0.544212 0.547461 0.549417 0.55007 0.549417 0.547461 0.544212 0.539687 0.53391 0.52691 0.518724 0.509397 0.498977 0.487523 0.475096 0.461765 0.447606 0.432697 0.417124 0.400975 0.384341 0.367318 0.35 0.332487 0.314873 0.297255 0.279727 0.262378 0.245294 0.228557 0.212242 0.196419 0.181149 0.166487 0.152481 0.13917 0.126585 0.114751 0.103685 0.0933968 0.0838912 0.0751668 0.0672176 0.0600338 0.0536026 0.047909 0.0429368 0.0386695 0.0350908 0.0321859 0.0299413 0.0283462 0.0273925 
0.0286833 0.0290178 0.0300231 0.0317042 0.0340696 0.0371304 0.0409 0.0453938 0.0506283 0.0566203 0.0633859 0.07094 0.0792954 0.0884613 0.0984429 0.109241 0.120849 0.133256 0.146443 0.160383 0.175041 0.190377 0.206339 0.222869 0.239902 0.257364 0.275176 0.293253 0.311506 0.329839 0.348155 0.366356 0.384341 0.40201 0.419263 0.436004 0.452137 0.467574 0.482226 0.496013 0.508859 0.520695 0.531456 0.541086 0.549534 0.556756 0.562715 0.567382 0.570731 0.572748 0.573421 0.572748 0.570731 0.567382 0.562715 0.556756 0.549534 0.541086 0.531456 0.520695 0.508859 0.496013 0.482226 0.467574 0.452137 0.436004 0.419263 0.40201 0.384341 0.366356 0.348155 0.329839 0.311506 0.293253 0.275176 0.257364 0.239902 0.222869 0.206339 0.190377 0.175041 0.160383 0.146443 0.133256 0.120849 0.109241 0.0984429 0.0884613 0.0792954 0.07094 0.0633859 0.0566203 0.0506283 0.0453938 0.0409 0.0371304 0.0340696 0.0317042 0.0300231 0.0290178 
0.0302832 0.0306347 0.0316909 0.0334571 0.0359419 0.0391564 0.0431146 0.047832 0.0533253 0.0596113 0.0667064 0.0746253 0.0833804 0.0929804 0.10343 0.114728 0.126869 0.139837 0.153613 0.168168 0.183465 0.199458 0.216095 0.233313 0.251044 0.269211 0.28773 0.306513 0.325466 0.34449 0.363485 0.382348 0.400975 0.419263 0.43711 0.454417 0.471086 0.487026 0.502147 0.516369 0.529613 0.54181 0.552895 0.562811 0.571506 0.578938 0.585068 0.589868 0.593312 0.595386 0.596078 0.595386 0.593312 0.589868 0.585068 0.578938 0.571506 0.562811 0.552895 0.54181 0.529613 0.516369 0.502147 0.487026 0.471086 0.454417 0.43711 0.419263 0.400975 0.382348 0.363485 0.34449 0.325466 0.306513 0.28773 0.269211 0.251044 0.233313 0.216095 0.199458 0.183465 0.168168 0.153613 0.139837 0.126869 0.114728 0.10343 0.0929804 0.0833804 0.0746253 0.0667064 0.0596113 0.0533253 0.047832 0.0431146 0.0391564 0.0359419 0.0334571 0.0316909 0.0306347 
0.0318638 0.0322319 0.0333382 0.0351879 0.0377897 0.0411552 0.0452983 0.0502349 0.0559817 0.0625558 0.0699733 0.0782491 0.0873949 0.0974192 0.108326 0.120112 0.132771 0.146287 0.160636 0.175789 0.191705 0.208337 0.225627 0.243512 0.261918 0.280764 0.299965 0.319428 0.339053 0.358741 0.378386 0.397883 0.417124 0.436004 0.454417 0.472262 0.48944 0.505856 0.521422 0.536054 0.549674 0.562211 0.5736 0.583784 0.592712 0.600339 0.60663 0.611554 0.615088 0.617214 0.617924 0.617214 0.615088 0.611554 0.60663 0.600339 0.592712 0.583784 0.5736 0.562211 0.549674 0.536054 0.521422 0.505856 0.48944 0.472262 0.454417 0.436004 0.417124 0.397883 0.378386 0.358741 0.339053 0.319428 0.299965 0.280764 0.261918 0.243512 0.225627 0.208337 0.191705 0.175789 0.160636 0.146287 0.132771 0.120112 0.108326 0.0974192 0.0873949 0.0782491 0.0699733 0.0625558 0.0559817 0.0502349 0.0452983 0.0411552 0.0377897 0.0351879 0.0333382 0.0322319 
0.0334137 0.0337981 0.0349531 0.0368842 0.0396001 0.0431125 0.0474357 0.0525856 0.0585791 0.0654333 0.0731644 0.0817868 0.091312 0.101748 0.113097 0.125357 0.138517 0.152562 0.167466 0.183196 0.199709 0.216956 0.234875 0.2534 0.272455 0.291954 0.311808 0.33192 0.352189 0.372509 0.392774 0.412873 0.432697 0.452137 0.471086 0.48944 0.507097 0.523963 0.539947 0.554964 0.568935 0.58179 0.593464 0.603898 0.613042 0.620852 0.627292 0.632331 0.635947 0.638123 0.63885 0.638123 0.635947 0.632331 0.627292 0.620852 0.613042 0.603898 0.593464 0.58179 0.568935 0.554964 0.539947 0.523963 0.507097 0.48944 0.471086 0.452137 0.432697 0.412873 0.392774 0.372509 0.352189 0.33192 0.311808 0.291954 0.272455 0.2534 0.234875 0.216956 0.199709 0.183196 0.167466 0.152562 0.138517 0.125357 0.113097 0.101748 0.091312 0.0817868 0.0731644 0.0654333 0.0585791 0.0525856 0.0474357 0.0431125 0.0396001 0.0368842 0.0349531 0.0337981 
0.0349215 0.0353216 0.0365237 0.0385334 0.0413596 0.0450141 0.0495113 0.0548672 0.0610989 0.0682234 0.0762569 0.0852135 0.0951043 0.105936 0.117712 0.130426 0.144069 0.158622 0.174057 0.19034 0.207426 0.22526 0.243781 0.262918 0.28259 0.30271 0.323185 0.343914 0.364793 0.385713 0.406564 0.427232 0.447606 0.467574 0.487026 0.505856 0.523963 0.541249 0.557622 0.572998 0.587297 0.600448 0.612385 0.62305 0.632394 0.640373 0.64695 0.652096 0.655788 0.65801 0.658751 0.65801 0.655788 0.652096 0.64695 0.640373 0.632394 0.62305 0.612385 0.600448 0.587297 0.572998 0.557622 0.541249 0.523963 0.505856 0.487026 0.467574 0.447606 0.427232 0.406564 0.385713 0.364793 0.343914 0.323185 0.30271 0.28259 0.262918 0.243781 0.22526 0.207426 0.19034 0.174057 0.158622 0.144069 0.130426 0.117712 0.105936 0.0951043 0.0852135 0.0762569 0.0682234 0.0610989 0.0548672 0.0495113 0.0450141 0.0413596 0.0385334 0.0365237 0.0353216 
0.0363754 0.0367905 0.0380379 0.040123 0.0430549 0.0468456 0.0515095 0.0570628 0.0635225 0.0709058 0.0792286 0.0885047 0.0987449 0.109955 0.122138 0.135286 0.149389 0.164425 0.180366 0.197175 0.214803 0.233196 0.252287 0.272002 0.292259 0.312966 0.334027 0.355338 0.376791 0.398275 0.419676 0.440877 0.461765 0.482226 0.502147 0.521422 0.539947 0.557622 0.574357 0.590064 0.604666 0.618088 0.630268 0.641147 0.650674 0.658807 0.66551 0.670754 0.674515 0.676778 0.677533 0.676778 0.674515 0.670754 0.66551 0.658807 0.650674 0.641147 0.630268 0.618088 0.604666 0.590064 0.574357 0.557622 0.539947 0.521422 0.502147 0.482226 0.461765 0.440877 0.419676 0.398275 0.376791 0.355338 0.334027 0.312966 0.292259 0.272002 0.252287 0.233196 0.214803 0.197175 0.180366 0.164425 0.149389 0.135286 0.122138 0.109955 0.0987449 0.0885047 0.0792286 0.0709058 0.0635225 0.0570628 0.0515095 0.0468456 0.0430549 0.040123 0.0380379 0.0367905 
0.0377639 0.0381934 0.0394837 0.0416405 0.0446728 0.0485927 0.0534149 0.0591555 0.0658317 0.0734603 0.0820573 0.0916362 0.102207 0.113776 0.126343 0.139901 0.154438 0.169931 0.186349 0.203653 0.221794 0.240711 0.260338 0.280597 0.301402 0.322659 0.344268 0.366122 0.388112 0.410121 0.432033 0.45373 0.475096 0.496013 0.516369 0.536054 0.554964 0.572998 0.590064 0.606076 0.620954 0.634626 0.647027 0.658099 0.667794 0.676068 0.682885 0.688216 0.69204 0.694341 0.695109 0.694341 0.69204 0.688216 0.682885 0.676068 0.667794 0.658099 0.647027 0.634626 0.620954 0.606076 0.590064 0.572998 0.554964 0.536054 0.516369 0.496013 0.475096 0.45373 0.432033 0.410121 0.388112 0.366122 0.344268 0.322659 0.301402 0.280597 0.260338 0.240711 0.221794 0.203653 0.186349 0.169931 0.154438 0.139901 0.126343 0.113776 0.102207 0.0916362 0.0820573 0.0734603 0.0658317 0.0591555 0.0534149 0.0485927 0.0446728 0.0416405 0.0394837 0.0381934 
0.0390758 0.0395188 0.0408494 0.0430735 0.0462002 0.0502417 0.0552126 0.0611291 0.0680085 0.0758675 0.0847218 0.0945846 0.105466 0.11737 0.130297 0.14424 0.159182 0.175102 0.191966 0.209732 0.228349 0.247756 0.267881 0.288645 0.309959 0.331726 0.353844 0.376201 0.398686 0.42118 0.443565 0.465719 0.487523 0.508859 0.529613 0.549674 0.568935 0.587297 0.604666 0.620954 0.636083 0.64998 0.662581 0.673829 0.683674 0.692074 0.698994 0.704405 0.708286 0.71062 0.711399 0.71062 0.708286 0.704405 0.698994 0.692074 0.683674 0.673829 0.662581 0.64998 0.636083 0.620954 0.604666 0.587297 0.568935 0.549674 0.529613 0.508859 0.487523 0.465719 0.443565 0.42118 0.398686 0.376201 0.353844 0.331726 0.309959 0.288645 0.267881 0.247756 0.228349 0.209732 0.191966 0.175102 0.159182 0.14424 0.130297 0.11737 0.105466 0.0945846 0.0847218 0.0758675 0.0680085 0.0611291 0.0552126 0.0502417 0.0462002 0.0430735 0.0408494 0.0395188 
