0.00219324 0.00221879 0.00229561 0.0024243 0.00260578 0.00284136 0.00313263 0.0034815 0.00389006 0.00436062 0.00489557 0.00549738 0.00616847 0.00691116 0.0077276 0.00861967 0.00958888 0.0106363 0.0117626 0.0129677 0.0142509 0.0156108 0.0170453 0.0185512 0.0201247 0.0217609 0.0234542 0.0251979 0.0269846 0.0288057 0.0306522 0.0325142 0.034381 0.0362414 0.0380838 0.0398963 0.0416665 0.0433821 0.0450307 0.0466004 0.0480791 0.0494556 0.050719 0.0518593 0.0528674 0.0537349 0.0544548 0.0550211 0.055429 0.0556751 0.0557574 0.0556751 0.055429 0.0550211 0.0544548 0.0537349 0.0528674 0.0518593 0.050719 0.0494556 0.0480791 0.0466004 0.0450307 0.0433821 0.0416665 0.0398963 0.0380838 0.0362414 0.034381 0.0325142 0.0306522 0.0288057 0.0269846 0.0251979 0.0234542 0.0217609 0.0201247 0.0185512 0.0170453 0.0156108 0.0142509 0.0129677 0.0117626 0.0106363 0.00958888 0.00861967 0.0077276 0.00691116 0.00616847 0.00549738 0.00489557 0.00436062 0.00389006 0.0034815 0.00313263 0.00284136 0.00260578 0.0024243 0.00229561 0.00221879 
0.00221879 0.0022446 0.00232225 0.0024523 0.0026357 0.00287377 0.00316812 0.00352064 0.00393347 0.00440892 0.0049494 0.00555739 0.00623533 0.00698555 0.00781021 0.0087112 0.00969003 0.0107478 0.0118851 0.0131019 0.0143975 0.0157704 0.0172184 0.0187385 0.0203267 0.0219781 0.023687 0.0254467 0.0272495 0.029087 0.0309501 0.0328285 0.0347118 0.0365885 0.038447 0.0402752 0.0420606 0.0437909 0.0454536 0.0470366 0.0485278 0.0499158 0.0511898 0.0523397 0.0533561 0.0542309 0.0549567 0.0555277 0.055939 0.0561871 0.0562701 0.0561871 0.055939 0.0555277 0.0549567 0.0542309 0.0533561 0.0523397 0.0511898 0.0499158 0.0485278 0.0470366 0.0454536 0.0437909 0.0420606 0.0402752 0.038447 0.0365885 0.0347118 0.0328285 0.0309501 0.029087 0.0272495 0.0254467 0.023687 0.0219781 0.0203267 0.0187385 0.0172184 0.0157704 0.0143975 0.0131019 0.0118851 0.0107478 0.00969003 0.0087112 0.00781021 0.00698555 0.00623533 0.00555739 0.0049494 0.00440892 0.00393347 0.00352064 0.00316812 0.00287377 0.0026357 0.0024523 0.00232225 0.0022446 
0.00229561 0.00232225 0.00240235 0.00253651 0.0027257 0.00297125 0.00327481 0.00363834 0.00406399 0.00455413 0.00511122 0.00573778 0.0064363 0.00720915 0.00805851 0.00898629 0.00999402 0.0110828 0.0122532 0.0135051 0.0148378 0.0162497 0.0177386 0.0193013 0.0209336 0.0226306 0.0243862 0.0261937 0.0280452 0.0299319 0.0318445 0.0337726 0.0357053 0.037631 0.0395376 0.0414128 0.043244 0.0450184 0.0467233 0.0483461 0.0498748 0.0512976 0.0526033 0.0537817 0.0548234 0.0557197 0.0564635 0.0570485 0.0574699 0.0577241 0.0578091 0.0577241 0.0574699 0.0570485 0.0564635 0.0557197 0.0548234 0.0537817 0.0526033 0.0512976 0.0498748 0.0483461 0.0467233 0.0450184 0.043244 0.0414128 0.0395376 0.037631 0.0357053 0.0337726 0.0318445 0.0299319 0.0280452 0.0261937 0.0243862 0.0226306 0.0209336 0.0193013 0.0177386 0.0162497 0.0148378 0.0135051 0.0122532 0.0110828 0.00999402 0.00898629 0.00805851 0.00720915 0.0064363 0.00573778 0.00511122 0.00455413 0.00406399 0.00363834 0.00327481 0.00297125 0.0027257 0.00253651 0.00240235 0.00232225 
0.0024243 0.0024523 0.00253651 0.00267754 0.0028764 0.00313446 0.00345345 0.00383537 0.00428246 0.00479716 0.00538202 0.00603963 0.00677254 0.0075832 0.00847384 0.00944639 0.0105024 0.011643 0.0128686 0.0141792 0.0155739 0.017051 0.0186081 0.0202418 0.0219478 0.0237208 0.0255545 0.0274417 0.0293743 0.0313432 0.0333384 0.0353493 0.0373644 0.0393716 0.0413586 0.0433123 0.0452197 0.0470676 0.0488427 0.0505321 0.0521232 0.0536038 0.0549625 0.0561885 0.057272 0.0582044 0.0589779 0.0595863 0.0600246 0.060289 0.0603774 0.060289 0.0600246 0.0595863 0.0589779 0.0582044 0.057272 0.0561885 0.0549625 0.0536038 0.0521232 0.0505321 0.0488427 0.0470676 0.0452197 0.0433123 0.0413586 0.0393716 0.0373644 0.0353493 0.0333384 0.0313432 0.0293743 0.0274417 0.0255545 0.0237208 0.0219478 0.0202418 0.0186081 0.017051 0.0155739 0.0141792 0.0128686 0.011643 0.0105024 0.00944639 0.00847384 0.0075832 0.00677254 0.00603963 0.00538202 0.00479716 0.00428246 0.00383537 0.00345345 0.00313446 0.0028764 0.00267754 0.00253651 0.0024523 
0.00260578 0.0026357 0.0027257 0.0028764 0.00308886 0.00336454 0.00370523 0.00411302 0.00459027 0.00513952 0.00576342 0.00646468 0.00724596 0.00810976 0.00905841 0.0100939 0.0112177 0.0124311 0.0137343 0.0151273 0.016609 0.0181776 0.0198304 0.0215638 0.0233732 0.0252528 0.027196 0.0291951 0.0312414 0.0333253 0.0354364 0.0375632 0.0396937 0.0418153 0.0439147 0.0459784 0.0479926 0.0499433 0.0518167 0.0535993 0.0552777 0.0568393 0.058272 0.0595645 0.0607067 0.0616894 0.0625047 0.0631458 0.0636076 0.0638862 0.0639793 0.0638862 0.0636076 0.0631458 0.0625047 0.0616894 0.0607067 0.0595645 0.058272 0.0568393 0.0552777 0.0535993 0.0518167 0.0499433 0.0479926 0.0459784 0.0439147 0.0418153 0.0396937 0.0375632 0.0354364 0.0333253 0.0312414 0.0291951 0.027196 0.0252528 0.0233732 0.0215638 0.0198304 0.0181776 0.016609 0.0151273 0.0137343 0.0124311 0.0112177 0.0100939 0.00905841 0.00810976 0.00724596 0.00646468 0.00576342 0.00513952 0.00459027 0.00411302 0.00370523 0.00336454 0.00308886 0.0028764 0.0027257 0.0026357 
0.00284136 0.00287377 0.00297125 0.00313446 0.00336454 0.00366301 0.00403177 0.00447304 0.0049893 0.00558323 0.00625763 0.00701534 0.00785913 0.00879163 0.00981524 0.010932 0.0121435 0.0134507 0.0148542 0.0163535 0.0179475 0.0196341 0.0214104 0.0232724 0.025215 0.027232 0.0293162 0.0314594 0.0336522 0.0358843 0.0381445 0.0404206 0.0426997 0.0449683 0.0472123 0.0494174 0.0515688 0.0536518 0.0556516 0.0575539 0.0593445 0.0610101 0.0625378 0.0639159 0.0651335 0.0661808 0.0670496 0.0677328 0.0682248 0.0685216 0.0686208 0.0685216 0.0682248 0.0677328 0.0670496 0.0661808 0.0651335 0.0639159 0.0625378 0.0610101 0.0593445 0.0575539 0.0556516 0.0536518 0.0515688 0.0494174 0.0472123 0.0449683 0.0426997 0.0404206 0.0381445 0.0358843 0.0336522 0.0314594 0.0293162 0.027232 0.025215 0.0232724 0.0214104 0.0196341 0.0179475 0.0163535 0.0148542 0.0134507 0.0121435 0.010932 0.00981524 0.00879163 0.00785913 0.00701534 0.00625763 0.00558323 0.0049893 0.00447304 0.00403177 0.00366301 0.00336454 0.00313446 0.00297125 0.00287377 
0.00313263 0.00316812 0.00327481 0.00345345 0.00370523 0.00403177 0.00443511 0.0049176 0.0054819 0.00613084 0.00686739 0.00769454 0.00861524 0.00963223 0.010748 0.0119647 0.0132838 0.0147065 0.016233 0.0178629 0.0195947 0.0214262 0.023354 0.0253736 0.0274795 0.0296649 0.031922 0.0342417 0.0366139 0.0390274 0.0414701 0.0439287 0.0463896 0.048838 0.0512589 0.0536368 0.0559559 0.0582004 0.0603546 0.0624031 0.0643308 0.0661233 0.0677671 0.0692496 0.0705591 0.0716853 0.0726194 0.0733539 0.0738828 0.0742018 0.0743085 0.0742018 0.0738828 0.0733539 0.0726194 0.0716853 0.0705591 0.0692496 0.0677671 0.0661233 0.0643308 0.0624031 0.0603546 0.0582004 0.0559559 0.0536368 0.0512589 0.048838 0.0463896 0.0439287 0.0414701 0.0390274 0.0366139 0.0342417 0.031922 0.0296649 0.0274795 0.0253736 0.023354 0.0214262 0.0195947 0.0178629 0.016233 0.0147065 0.0132838 0.0119647 0.010748 0.00963223 0.00861524 0.00769454 0.00686739 0.00613084 0.0054819 0.0049176 0.00443511 0.00403177 0.00370523 0.00345345 0.00327481 0.00316812 
0.0034815 0.00352064 0.00363834 0.00383537 0.00411302 0.00447304 0.0049176 0.00544924 0.00607079 0.00678527 0.00759586 0.00850573 0.00951799 0.0106355 0.011861 0.0131965 0.0146437 0.0162036 0.0178763 0.0196613 0.0215568 0.0235602 0.0256678 0.0278744 0.030174 0.032559 0.0350209 0.0375497 0.0401344 0.0427626 0.0454212 0.048096 0.0507717 0.0534327 0.0560627 0.0586447 0.061162 0.0635973 0.0659337 0.0681547 0.0702442 0.0721865 0.0739672 0.0755728 0.0769907 0.07821 0.0792211 0.080016 0.0805884 0.0809337 0.0810491 0.0809337 0.0805884 0.080016 0.0792211 0.07821 0.0769907 0.0755728 0.0739672 0.0721865 0.0702442 0.0681547 0.0659337 0.0635973 0.061162 0.0586447 0.0560627 0.0534327 0.0507717 0.048096 0.0454212 0.0427626 0.0401344 0.0375497 0.0350209 0.032559 0.030174 0.0278744 0.0256678 0.0235602 0.0215568 0.0196613 0.0178763 0.0162036 0.0146437 0.0131965 0.011861 0.0106355 0.00951799 0.00850573 0.00759586 0.00678527 0.00607079 0.00544924 0.0049176 0.00447304 0.00411302 0.00383537 0.00363834 0.00352064 
0.00389006 0.00393347 0.00406399 0.00428246 0.00459027 0.0049893 0.0054819 0.00607079 0.006759 0.0075498 0.00844656 0.00945269 0.0105715 0.011806 0.0131589 0.0146325 0.0162285 0.0179476 0.0197901 0.021755 0.0238404 0.0260432 0.028359 0.0307823 0.0333061 0.0359223 0.0386211 0.0413918 0.044222 0.0470984 0.0500065 0.0529307 0.0558545 0.0587609 0.0616319 0.0644495 0.0671951 0.0698503 0.0723967 0.0748165 0.0770921 0.0792069 0.0811453 0.0828924 0.0844351 0.0857615 0.0868612 0.0877256 0.088348 0.0887234 0.0888488 0.0887234 0.088348 0.0877256 0.0868612 0.0857615 0.0844351 0.0828924 0.0811453 0.0792069 0.0770921 0.0748165 0.0723967 0.0698503 0.0671951 0.0644495 0.0616319 0.0587609 0.0558545 0.0529307 0.0500065 0.0470984 0.044222 0.0413918 0.0386211 0.0359223 0.0333061 0.0307823 0.028359 0.0260432 0.0238404 0.021755 0.0197901 0.0179476 0.0162285 0.0146325 0.0131589 0.011806 0.0105715 0.00945269 0.00844656 0.0075498 0.006759 0.00607079 0.0054819 0.0049893 0.00459027 0.00428246 0.00406399 0.00393347 
0.00436062 0.00440892 0.00455413 0.00479716 0.00513952 0.00558323 0.00613084 0.00678527 0.0075498 0.00842793 0.00942327 0.0105395 0.01178 0.0131481 0.0146467 0.016278 0.0180437 0.0199447 0.0219807 0.0241508 0.0264525 0.0288822 0.0314352 0.034105 0.0368839 0.0397627 0.0427308 0.0457761 0.0488851 0.0520432 0.0552342 0.0584413 0.0616463 0.0648305 0.0679746 0.0710587 0.0740628 0.0769667 0.0797506 0.0823951 0.0848812 0.0871909 0.0893072 0.0912144 0.0928979 0.0943451 0.0955448 0.0964877 0.0971665 0.0975759 0.0977128 0.0975759 0.0971665 0.0964877 0.0955448 0.0943451 0.0928979 0.0912144 0.0893072 0.0871909 0.0848812 0.0823951 0.0797506 0.0769667 0.0740628 0.0710587 0.0679746 0.0648305 0.0616463 0.0584413 0.0552342 0.0520432 0.0488851 0.0457761 0.0427308 0.0397627 0.0368839 0.034105 0.0314352 0.0288822 0.0264525 0.0241508 0.0219807 0.0199447 0.0180437 0.016278 0.0146467 0.0131481 0.01178 0.0105395 0.00942327 0.00842793 0.0075498 0.00678527 0.00613084 0.00558323 0.00513952 0.00479716 0.00455413 0.00440892 
0.00489557 0.0049494 0.00511122 0.00538202 0.00576342 0.00625763 0.00686739 0.00759586 0.00844656 0.00942327 0.0105299 0.0117702 0.0131481 0.0146668 0.0163295 0.0181384 0.0200952 0.0222007 0.0244544 0.0268551 0.0293998 0.0320845 0.0349036 0.0378499 0.0409148 0.0440881 0.0473578 0.0507106 0.0541316 0.0576046 0.0611121 0.0646352 0.0681543 0.0716488 0.0750977 0.0784791 0.0817713 0.0849525 0.0880011 0.0908958 0.0936162 0.0961429 0.0984573 0.100542 0.102383 0.103964 0.105275 0.106305 0.107047 0.107494 0.107644 0.107494 0.107047 0.106305 0.105275 0.103964 0.102383 0.100542 0.0984573 0.0961429 0.0936162 0.0908958 0.0880011 0.0849525 0.0817713 0.0784791 0.0750977 0.0716488 0.0681543 0.0646352 0.0611121 0.0576046 0.0541316 0.0507106 0.0473578 0.0440881 0.0409148 0.0378499 0.0349036 0.0320845 0.0293998 0.0268551 0.0244544 0.0222007 0.0200952 0.0181384 0.0163295 0.0146668 0.0131481 0.0117702 0.0105299 0.00942327 0.00844656 0.00759586 0.00686739 0.00625763 0.00576342 0.00538202 0.00511122 0.0049494 
0.00549738 0.00555739 0.00573778 0.00603963 0.00646468 0.00701534 0.00769454 0.00850573 0.00945269 0.0105395 0.0117702 0.0131491 0.0146801 0.0163668 0.0182123 0.020219 0.0223885 0.0247215 0.0272173 0.0298742 0.0326889 0.0356566 0.038771 0.0420241 0.045406 0.0489054 0.0525091 0.0562022 0.0599683 0.0637895 0.0676464 0.0715186 0.0753844 0.0792212 0.0830061 0.0867152 0.090325 0.0938115 0.0971513 0.100321 0.1033 0.106065 0.108597 0.110878 0.11289 0.11462 0.116053 0.117179 0.117989 0.118478 0.118641 0.118478 0.117989 0.117179 0.116053 0.11462 0.11289 0.110878 0.108597 0.106065 0.1033 0.100321 0.0971513 0.0938115 0.090325 0.0867152 0.0830061 0.0792212 0.0753844 0.0715186 0.0676464 0.0637895 0.0599683 0.0562022 0.0525091 0.0489054 0.045406 0.0420241 0.038771 0.0356566 0.0326889 0.0298742 0.0272173 0.0247215 0.0223885 0.020219 0.0182123 0.0163668 0.0146801 0.0131491 0.0117702 0.0105395 0.00945269 0.00850573 0.00769454 0.00701534 0.00646468 0.00603963 0.00573778 0.00555739 
0.00616847 0.00623533 0.0064363 0.00677254 0.00724596 0.00785913 0.00861524 0.00951799 0.0105715 0.01178 0.0131481 0.0146801 0.0163803 0.0182524 0.0202997 0.0225246 0.0249287 0.0275124 0.0302749 0.0332139 0.0363256 0.0396045 0.0430435 0.0466333 0.0503633 0.0542204 0.0581902 0.0622562 0.0664003 0.0706025 0.0748419 0.0790956 0.0833402 0.0875509 0.0917025 0.0957692 0.0997252 0.103545 0.107202 0.110672 0.113931 0.116955 0.119725 0.122218 0.124418 0.126308 0.127873 0.129103 0.129989 0.130523 0.130701 0.130523 0.129989 0.129103 0.127873 0.126308 0.124418 0.122218 0.119725 0.116955 0.113931 0.110672 0.107202 0.103545 0.0997252 0.0957692 0.0917025 0.0875509 0.0833402 0.0790956 0.0748419 0.0706025 0.0664003 0.0622562 0.0581902 0.0542204 0.0503633 0.0466333 0.0430435 0.0396045 0.0363256 0.0332139 0.0302749 0.0275124 0.0249287 0.0225246 0.0202997 0.0182524 0.0163803 0.0146801 0.0131481 0.01178 0.0105715 0.00951799 0.00861524 0.00785913 0.00724596 0.00677254 0.0064363 0.00623533 
0.00691116 0.00698555 0.00720915 0.0075832 0.00810976 0.00879163 0.00963223 0.0106355 0.011806 0.0131481 0.0146668 0.0163668 0.0182524 0.0203276 0.0225959 0.0250596 0.0277202 0.0305781 0.0336318 0.0368789 0.0403146 0.043933 0.0477256 0.0516823 0.055791 0.0600374 0.0644052 0.0688763 0.0734306 0.0780464 0.0827004 0.0873677 0.0920225 0.0966379 0.101186 0.10564 0.10997 0.114149 0.118149 0.121942 0.125504 0.128809 0.131834 0.134556 0.136958 0.13902 0.140729 0.142071 0.143037 0.14362 0.143814 0.14362 0.143037 0.142071 0.140729 0.13902 0.136958 0.134556 0.131834 0.128809 0.125504 0.121942 0.118149 0.114149 0.10997 0.10564 0.101186 0.0966379 0.0920225 0.0873677 0.0827004 0.0780464 0.0734306 0.0688763 0.0644052 0.0600374 0.055791 0.0516823 0.0477256 0.043933 0.0403146 0.0368789 0.0336318 0.0305781 0.0277202 0.0250596 0.0225959 0.0203276 0.0182524 0.0163668 0.0146668 0.0131481 0.011806 0.0106355 0.00963223 0.00879163 0.00810976 0.0075832 0.00720915 0.00698555 
0.0077276 0.00781021 0.00805851 0.00847384 0.00905841 0.00981524 0.010748 0.011861 0.0131589 0.0146467 0.0163295 0.0182123 0.0202997 0.0225959 0.0251043 0.0278275 0.0307667 0.033922 0.0372917 0.0408726 0.0446594 0.0486451 0.0528203 0.0571737 0.0616915 0.0663581 0.0711553 0.0760632 0.0810597 0.0861208 0.0912209 0.096333 0.101429 0.106479 0.111453 0.116322 0.121053 0.125617 0.129984 0.134125 0.13801 0.141615 0.144913 0.147881 0.150498 0.152745 0.154606 0.156068 0.15712 0.157755 0.157967 0.157755 0.15712 0.156068 0.154606 0.152745 0.150498 0.147881 0.144913 0.141615 0.13801 0.134125 0.129984 0.125617 0.121053 0.116322 0.111453 0.106479 0.101429 0.096333 0.0912209 0.0861208 0.0810597 0.0760632 0.0711553 0.0663581 0.0616915 0.0571737 0.0528203 0.0486451 0.0446594 0.0408726 0.0372917 0.033922 0.0307667 0.0278275 0.0251043 0.0225959 0.0202997 0.0182123 0.0163295 0.0146467 0.0131589 0.011861 0.010748 0.00981524 0.00905841 0.00847384 0.00805851 0.00781021 
0.00861967 0.0087112 0.00898629 0.00944639 0.0100939 0.010932 0.0119647 0.0131965 0.0146325 0.016278 0.0181384 0.020219 0.0225246 0.0250596 0.0278275 0.0308308 0.0340705 0.0375465 0.0412566 0.0451969 0.0493615 0.0537422 0.0583286 0.0631078 0.0680648 0.0731819 0.0784394 0.083815 0.0892846 0.0948219 0.100399 0.105986 0.111552 0.117066 0.122495 0.127805 0.132964 0.137938 0.142695 0.147204 0.151434 0.155357 0.158944 0.162172 0.165018 0.167461 0.169485 0.171074 0.172217 0.172906 0.173137 0.172906 0.172217 0.171074 0.169485 0.167461 0.165018 0.162172 0.158944 0.155357 0.151434 0.147204 0.142695 0.137938 0.132964 0.127805 0.122495 0.117066 0.111552 0.105986 0.100399 0.0948219 0.0892846 0.083815 0.0784394 0.0731819 0.0680648 0.0631078 0.0583286 0.0537422 0.0493615 0.0451969 0.0412566 0.0375465 0.0340705 0.0308308 0.0278275 0.0250596 0.0225246 0.020219 0.0181384 0.016278 0.0146325 0.0131965 0.0119647 0.010932 0.0100939 0.00944639 0.00898629 0.0087112 
0.00958888 0.00969003 0.00999402 0.0105024 0.0112177 0.0121435 0.0132838 0.0146437 0.0162285 0.0180437 0.0200952 0.0223885 0.0249287 0.0277202 0.0307667 0.0340705 0.0376326 0.0414522 0.0455269 0.049852 0.0544206 0.0592234 0.0642489 0.0694827 0.0749079 0.0805052 0.0862528 0.0921261 0.0980988 0.104142 0.110225 0.116317 0.122382 0.128387 0.134296 0.140074 0.145685 0.151092 0.156262 0.16116 0.165754 0.170012 0.173905 0.177407 0.180494 0.183144 0.185337 0.18706 0.188299 0.189047 0.189296 0.189047 0.188299 0.18706 0.185337 0.183144 0.180494 0.177407 0.173905 0.170012 0.165754 0.16116 0.156262 0.151092 0.145685 0.140074 0.134296 0.128387 0.122382 0.116317 0.110225 0.104142 0.0980988 0.0921261 0.0862528 0.0805052 0.0749079 0.0694827 0.0642489 0.0592234 0.0544206 0.049852 0.0455269 0.0414522 0.0376326 0.0340705 0.0307667 0.0277202 0.0249287 0.0223885 0.0200952 0.0180437 0.0162285 0.0146437 0.0132838 0.0121435 0.0112177 0.0105024 0.00999402 0.00969003 
0.0106363 0.0107478 0.0110828 0.011643 0.0124311 0.0134507 0.0147065 0.0162036 0.0179476 0.0199447 0.0222007 0.0247215 0.0275124 0.0305781 0.033922 0.0375465 0.0414522 0.0456381 0.0501011 0.0548355 0.0598338 0.0650853 0.070577 0.0762931 0.0822148 0.0883209 0.0945872 0.100987 0.107492 0.114069 0.120687 0.12731 0.133901 0.140424 0.146839 0.153109 0.159195 0.165057 0.17066 0.175966 0.180941 0.18555 0.189764 0.193554 0.196892 0.199758 0.20213 0.203993 0.205332 0.20614 0.20641 0.20614 0.205332 0.203993 0.20213 0.199758 0.196892 0.193554 0.189764 0.18555 0.180941 0.175966 0.17066 0.165057 0.159195 0.153109 0.146839 0.140424 0.133901 0.12731 0.120687 0.114069 0.107492 0.100987 0.0945872 0.0883209 0.0822148 0.0762931 0.070577 0.0650853 0.0598338 0.0548355 0.0501011 0.0456381 0.0414522 0.0375465 0.033922 0.0305781 0.0275124 0.0247215 0.0222007 0.0199447 0.0179476 0.0162036 0.0147065 0.0134507 0.0124311 0.011643 0.0110828 0.0107478 
0.0117626 0.0118851 0.0122532 0.0128686 0.0137343 0.0148542 0.016233 0.0178763 0.0197901 0.0219807 0.0244544 0.0272173 0.0302749 0.0336318 0.0372917 0.0412566 0.0455269 0.0501011 0.0549752 0.060143 0.0655957 0.0713214 0.0773055 0.0835305 0.0899758 0.0966179 0.10343 0.110384 0.117448 0.124587 0.131765 0.138946 0.146088 0.153153 0.160098 0.166882 0.173464 0.179802 0.185856 0.191588 0.19696 0.201936 0.206483 0.210572 0.214173 0.217263 0.219821 0.221829 0.223273 0.224143 0.224434 0.224143 0.223273 0.221829 0.219821 0.217263 0.214173 0.210572 0.206483 0.201936 0.19696 0.191588 0.185856 0.179802 0.173464 0.166882 0.160098 0.153153 0.146088 0.138946 0.131765 0.124587 0.117448 0.110384 0.10343 0.0966179 0.0899758 0.0835305 0.0773055 0.0713214 0.0655957 0.060143 0.0549752 0.0501011 0.0455269 0.0412566 0.0372917 0.0336318 0.0302749 0.0272173 0.0244544 0.0219807 0.0197901 0.0178763 0.016233 0.0148542 0.0137343 0.0128686 0.0122532 0.0118851 
0.0129677 0.0131019 0.0135051 0.0141792 0.0151273 0.0163535 0.0178629 0.0196613 0.021755 0.0241508 0.0268551 0.0298742 0.0332139 0.0368789 0.0408726 0.0451969 0.049852 0.0548355 0.060143 0.0657672 0.071698 0.0779223 0.0844237 0.091183 0.0981774 0.105381 0.112766 0.120299 0.127947 0.135673 0.143437 0.151199 0.158916 0.166544 0.17404 0.181359 0.188457 0.195288 0.201812 0.207985 0.213768 0.219124 0.224017 0.228414 0.232287 0.23561 0.238359 0.240517 0.242069 0.243005 0.243317 0.243005 0.242069 0.240517 0.238359 0.23561 0.232287 0.228414 0.224017 0.219124 0.213768 0.207985 0.201812 0.195288 0.188457 0.181359 0.17404 0.166544 0.158916 0.151199 0.143437 0.135673 0.127947 0.120299 0.112766 0.105381 0.0981774 0.091183 0.0844237 0.0779223 0.071698 0.0657672 0.060143 0.0548355 0.049852 0.0451969 0.0408726 0.0368789 0.0332139 0.0298742 0.0268551 0.0241508 0.021755 0.0196613 0.0178629 0.0163535 0.0151273 0.0141792 0.0135051 0.0131019 
0.0142509 0.0143975 0.0148378 0.0155739 0.016609 0.0179475 0.0195947 0.0215568 0.0238404 0.0264525 0.0293998 0.0326889 0.0363256 0.0403146 0.0446594 0.0493615 0.0544206 0.0598338 0.0655957 0.071698 0.0781294 0.0848752 0.0919174 0.0992347 0.106802 0.114592 0.122572 0.130709 0.138965 0.1473 0.155672 0.164037 0.172349 0.180562 0.188629 0.196501 0.204131 0.211473 0.21848 0.225108 0.231316 0.237062 0.242311 0.247027 0.251179 0.25474 0.257687 0.259999 0.261662 0.262664 0.262999 0.262664 0.261662 0.259999 0.257687 0.25474 0.251179 0.247027 0.242311 0.237062 0.231316 0.225108 0.21848 0.211473 0.204131 0.196501 0.188629 0.180562 0.172349 0.164037 0.155672 0.1473 0.138965 0.130709 0.122572 0.114592 0.106802 0.0992347 0.0919174 0.0848752 0.0781294 0.071698 0.0655957 0.0598338 0.0544206 0.0493615 0.0446594 0.0403146 0.0363256 0.0326889 0.0293998 0.0264525 0.0238404 0.0215568 0.0195947 0.0179475 0.016609 0.0155739 0.0148378 0.0143975 
0.0156108 0.0157704 0.0162497 0.017051 0.0181776 0.0196341 0.0214262 0.0235602 0.0260432 0.0288822 0.0320845 0.0356566 0.0396045 0.043933 0.0486451 0.0537422 0.0592234 0.0650853 0.0713214 0.0779223 0.0848752 0.0921639 0.0997686 0.107666 0.115828 0.124226 0.132824 0.141586 0.15047 0.159436 0.168436 0.177423 0.18635 0.195165 0.203819 0.21226 0.220437 0.228303 0.235806 0.242902 0.249544 0.255691 0.261304 0.266345 0.270783 0.274589 0.277737 0.280207 0.281983 0.283053 0.283411 0.283053 0.281983 0.280207 0.277737 0.274589 0.270783 0.266345 0.261304 0.255691 0.249544 0.242902 0.235806 0.228303 0.220437 0.21226 0.203819 0.195165 0.18635 0.177423 0.168436 0.159436 0.15047 0.141586 0.132824 0.124226 0.115828 0.107666 0.0997686 0.0921639 0.0848752 0.0779223 0.0713214 0.0650853 0.0592234 0.0537422 0.0486451 0.043933 0.0396045 0.0356566 0.0320845 0.0288822 0.0260432 0.0235602 0.0214262 0.0196341 0.0181776 0.017051 0.0162497 0.0157704 
0.0170453 0.0172184 0.0177386 0.0186081 0.0198304 0.0214104 0.023354 0.0256678 0.028359 0.0314352 0.0349036 0.038771 0.0430435 0.0477256 0.0528203 0.0583286 0.0642489 0.070577 0.0773055 0.0844237 0.0919174 0.0997686 0.107956 0.116453 0.12523 0.134255 0.14349 0.152896 0.162428 0.172042 0.181687 0.191314 0.200871 0.210303 0.219558 0.228582 0.23732 0.24572 0.253731 0.261302 0.268388 0.274944 0.280927 0.2863 0.291028 0.295082 0.298435 0.301065 0.302957 0.304096 0.304477 0.304096 0.302957 0.301065 0.298435 0.295082 0.291028 0.2863 0.280927 0.274944 0.268388 0.261302 0.253731 0.24572 0.23732 0.228582 0.219558 0.210303 0.200871 0.191314 0.181687 0.172042 0.162428 0.152896 0.14349 0.134255 0.12523 0.116453 0.107956 0.0997686 0.0919174 0.0844237 0.0773055 0.070577 0.0642489 0.0583286 0.0528203 0.0477256 0.0430435 0.038771 0.0349036 0.0314352 0.028359 0.0256678 0.023354 0.0214104 0.0198304 0.0186081 0.0177386 0.0172184 
0.0185512 0.0187385 0.0193013 0.0202418 0.0215638 0.0232724 0.0253736 0.0278744 0.0307823 0.034105 0.0378499 0.0420241 0.0466333 0.0516823 0.0571737 0.0631078 0.0694827 0.0762931 0.0835305 0.091183 0.0992347 0.107666 0.116453 0.125567 0.134977 0.144646 0.154536 0.164602 0.174798 0.185075 0.19538 0.205661 0.21586 0.225923 0.235791 0.245407 0.254715 0.263659 0.272184 0.28024 0.287776 0.294744 0.301103 0.306812 0.311834 0.316139 0.319699 0.322492 0.324499 0.325709 0.326113 0.325709 0.324499 0.322492 0.319699 0.316139 0.311834 0.306812 0.301103 0.294744 0.287776 0.28024 0.272184 0.263659 0.254715 0.245407 0.235791 0.225923 0.21586 0.205661 0.19538 0.185075 0.174798 0.164602 0.154536 0.144646 0.134977 0.125567 0.116453 0.107666 0.0992347 0.091183 0.0835305 0.0762931 0.0694827 0.0631078 0.0571737 0.0516823 0.0466333 0.0420241 0.0378499 0.034105 0.0307823 0.0278744 0.0253736 0.0232724 0.0215638 0.0202418 0.0193013 0.0187385 
0.0201247 0.0203267 0.0209336 0.0219478 0.0233732 0.025215 0.0274795 0.030174 0.0333061 0.0368839 0.0409148 0.045406 0.0503633 0.055791 0.0616915 0.0680648 0.0749079 0.0822148 0.0899758 0.0981774 0.106802 0.115828 0.12523 0.134977 0.145034 0.155363 0.16592 0.17666 0.187533 0.198486 0.209463 0.220408 0.231261 0.241963 0.252452 0.262669 0.272553 0.282047 0.291093 0.299637 0.307627 0.315013 0.32175 0.327796 0.333115 0.337672 0.341441 0.344396 0.346521 0.3478 0.348228 0.3478 0.346521 0.344396 0.341441 0.337672 0.333115 0.327796 0.32175 0.315013 0.307627 0.299637 0.291093 0.282047 0.272553 0.262669 0.252452 0.241963 0.231261 0.220408 0.209463 0.198486 0.187533 0.17666 0.16592 0.155363 0.145034 0.134977 0.12523 0.115828 0.106802 0.0981774 0.0899758 0.0822148 0.0749079 0.0680648 0.0616915 0.055791 0.0503633 0.045406 0.0409148 0.0368839 0.0333061 0.030174 0.0274795 0.025215 0.0233732 0.0219478 0.0209336 0.0203267 
0.0217609 0.0219781 0.0226306 0.0237208 0.0252528 0.027232 0.0296649 0.032559 0.0359223 0.0397627 0.0440881 0.0489054 0.0542204 0.0600374 0.0663581 0.0731819 0.0805052 0.0883209 0.0966179 0.105381 0.114592 0.124226 0.134255 0.144646 0.155363 0.166362 0.177599 0.189024 0.200583 0.212221 0.223879 0.235496 0.24701 0.258356 0.269473 0.280295 0.29076 0.300808 0.310377 0.319411 0.327856 0.33566 0.342777 0.349162 0.354777 0.359587 0.363564 0.366683 0.368924 0.370274 0.370725 0.370274 0.368924 0.366683 0.363564 0.359587 0.354777 0.349162 0.342777 0.33566 0.327856 0.319411 0.310377 0.300808 0.29076 0.280295 0.269473 0.258356 0.24701 0.235496 0.223879 0.212221 0.200583 0.189024 0.177599 0.166362 0.155363 0.144646 0.134255 0.124226 0.114592 0.105381 0.0966179 0.0883209 0.0805052 0.0731819 0.0663581 0.0600374 0.0542204 0.0489054 0.0440881 0.0397627 0.0359223 0.032559 0.0296649 0.027232 0.0252528 0.0237208 0.0226306 0.0219781 
0.0234542 0.023687 0.0243862 0.0255545 0.027196 0.0293162 0.031922 0.0350209 0.0386211 0.0427308 0.0473578 0.0525091 0.0581902 0.0644052 0.0711553 0.0784394 0.0862528 0.0945872 0.10343 0.112766 0.122572 0.132824 0.14349 0.154536 0.16592 0.177599 0.189523 0.20164 0.213893 0.226222 0.238566 0.25086 0.263037 0.275033 0.286778 0.298208 0.309255 0.319856 0.329949 0.339474 0.348373 0.356595 0.36409 0.370812 0.376722 0.381785 0.385969 0.389249 0.391606 0.393027 0.393501 0.393027 0.391606 0.389249 0.385969 0.381785 0.376722 0.370812 0.36409 0.356595 0.348373 0.339474 0.329949 0.319856 0.309255 0.298208 0.286778 0.275033 0.263037 0.25086 0.238566 0.226222 0.213893 0.20164 0.189523 0.177599 0.16592 0.154536 0.14349 0.132824 0.122572 0.112766 0.10343 0.0945872 0.0862528 0.0784394 0.0711553 0.0644052 0.0581902 0.0525091 0.0473578 0.0427308 0.0386211 0.0350209 0.031922 0.0293162 0.027196 0.0255545 0.0243862 0.023687 
0.0251979 0.0254467 0.0261937 0.0274417 0.0291951 0.0314594 0.0342417 0.0375497 0.0413918 0.0457761 0.0507106 0.0562022 0.0622562 0.0688763 0.0760632 0.083815 0.0921261 0.100987 0.110384 0.120299 0.130709 0.141586 0.152896 0.164602 0.17666 0.189024 0.20164 0.214453 0.227403 0.240426 0.253457 0.266429 0.279271 0.291915 0.304289 0.316325 0.327953 0.339106 0.349719 0.359731 0.369082 0.377719 0.385588 0.392645 0.398848 0.40416 0.408549 0.41199 0.414462 0.415951 0.416449 0.415951 0.414462 0.41199 0.408549 0.40416 0.398848 0.392645 0.385588 0.377719 0.369082 0.359731 0.349719 0.339106 0.327953 0.316325 0.304289 0.291915 0.279271 0.266429 0.253457 0.240426 0.227403 0.214453 0.20164 0.189024 0.17666 0.164602 0.152896 0.141586 0.130709 0.120299 0.110384 0.100987 0.0921261 0.083815 0.0760632 0.0688763 0.0622562 0.0562022 0.0507106 0.0457761 0.0413918 0.0375497 0.0342417 0.0314594 0.0291951 0.0274417 0.0261937 0.0254467 
0.0269846 0.0272495 0.0280452 0.0293743 0.0312414 0.0336522 0.0366139 0.0401344 0.044222 0.0488851 0.0541316 0.0599683 0.0664003 0.0734306 0.0810597 0.0892846 0.0980988 0.107492 0.117448 0.127947 0.138965 0.15047 0.162428 0.174798 0.187533 0.200583 0.213893 0.227403 0.241049 0.254766 0.268483 0.282131 0.295635 0.308924 0.321923 0.33456 0.346764 0.358463 0.369592 0.380086 0.389884 0.39893 0.40717 0.414557 0.421047 0.426604 0.431196 0.434794 0.43738 0.438937 0.439457 0.438937 0.43738 0.434794 0.431196 0.426604 0.421047 0.414557 0.40717 0.39893 0.389884 0.380086 0.369592 0.358463 0.346764 0.33456 0.321923 0.308924 0.295635 0.282131 0.268483 0.254766 0.241049 0.227403 0.213893 0.200583 0.187533 0.174798 0.162428 0.15047 0.138965 0.127947 0.117448 0.107492 0.0980988 0.0892846 0.0810597 0.0734306 0.0664003 0.0599683 0.0541316 0.0488851 0.044222 0.0401344 0.0366139 0.0336522 0.0312414 0.0293743 0.0280452 0.0272495 
0.0288057 0.029087 0.0299319 0.0313432 0.0333253 0.0358843 0.0390274 0.0427626 0.0470984 0.0520432 0.0576046 0.0637895 0.0706025 0.0780464 0.0861208 0.0948219 0.104142 0.114069 0.124587 0.135673 0.1473 0.159436 0.172042 0.185075 0.198486 0.212221 0.226222 0.240426 0.254766 0.269171 0.28357 0.297888 0.312049 0.325976 0.339593 0.352824 0.365596 0.377834 0.389471 0.400439 0.410676 0.420124 0.428727 0.436438 0.443211 0.449008 0.453797 0.457551 0.460247 0.46187 0.462413 0.46187 0.460247 0.457551 0.453797 0.449008 0.443211 0.436438 0.428727 0.420124 0.410676 0.400439 0.389471 0.377834 0.365596 0.352824 0.339593 0.325976 0.312049 0.297888 0.28357 0.269171 0.254766 0.240426 0.226222 0.212221 0.198486 0.185075 0.172042 0.159436 0.1473 0.135673 0.124587 0.114069 0.104142 0.0948219 0.0861208 0.0780464 0.0706025 0.0637895 0.0576046 0.0520432 0.0470984 0.0427626 0.0390274 0.0358843 0.0333253 0.0313432 0.0299319 0.029087 
0.0306522 0.0309501 0.0318445 0.0333384 0.0354364 0.0381445 0.0414701 0.0454212 0.0500065 0.0552342 0.0611121 0.0676464 0.0748419 0.0827004 0.0912209 0.100399 0.110225 0.120687 0.131765 0.143437 0.155672 0.168436 0.181687 0.19538 0.209463 0.223879 0.238566 0.253457 0.268483 0.28357 0.298642 0.313622 0.32843 0.342985 0.35721 0.371026 0.384354 0.397122 0.409256 0.420688 0.431355 0.441195 0.450153 0.458179 0.465228 0.47126 0.476241 0.480145 0.482949 0.484637 0.485201 0.484637 0.482949 0.480145 0.476241 0.47126 0.465228 0.458179 0.450153 0.441195 0.431355 0.420688 0.409256 0.397122 0.384354 0.371026 0.35721 0.342985 0.32843 0.313622 0.298642 0.28357 0.268483 0.253457 0.238566 0.223879 0.209463 0.19538 0.181687 0.168436 0.155672 0.143437 0.131765 0.120687 0.110225 0.100399 0.0912209 0.0827004 0.0748419 0.0676464 0.0611121 0.0552342 0.0500065 0.0454212 0.0414701 0.0381445 0.0354364 0.0333384 0.0318445 0.0309501 
0.0325142 0.0328285 0.0337726 0.0353493 0.0375632 0.0404206 0.0439287 0.048096 0.0529307 0.0584413 0.0646352 0.0715186 0.0790956 0.0873677 0.096333 0.105986 0.116317 0.12731 0.138946 0.151199 0.164037 0.177423 0.191314 0.205661 0.220408 0.235496 0.25086 0.266429 0.282131 0.297888 0.313622 0.329251 0.344693 0.359865 0.374684 0.38907 0.402944 0.416227 0.428846 0.44073 0.451814 0.462036 0.471339 0.479671 0.486987 0.493246 0.498414 0.502463 0.505371 0.507122 0.507707 0.507122 0.505371 0.502463 0.498414 0.493246 0.486987 0.479671 0.471339 0.462036 0.451814 0.44073 0.428846 0.416227 0.402944 0.38907 0.374684 0.359865 0.344693 0.329251 0.313622 0.297888 0.282131 0.266429 0.25086 0.235496 0.220408 0.205661 0.191314 0.177423 0.164037 0.151199 0.138946 0.12731 0.116317 0.105986 0.096333 0.0873677 0.0790956 0.0715186 0.0646352 0.0584413 0.0529307 0.048096 0.0439287 0.0404206 0.0375632 0.0353493 0.0337726 0.0328285 
0.034381 0.0347118 0.0357053 0.0373644 0.0396937 0.0426997 0.0463896 0.0507717 0.0558545 0.0616463 0.0681543 0.0753844 0.0833402 0.0920225 0.101429 0.111552 0.122382 0.133901 0.146088 0.158916 0.172349 0.18635 0.200871 0.21586 0.231261 0.24701 0.263037 0.279271 0.295635 0.312049 0.32843 0.344693 0.360753 0.376525 0.391924 0.406865 0.421267 0.43505 0.448139 0.460462 0.47195 0.48254 0.492176 0.500803 0.508377 0.514855 0.520203 0.524392 0.5274 0.529212 0.529817 0.529212 0.5274 0.524392 0.520203 0.514855 0.508377 0.500803 0.492176 0.48254 0.47195 0.460462 0.448139 0.43505 0.421267 0.406865 0.391924 0.376525 0.360753 0.344693 0.32843 0.312049 0.295635 0.279271 0.263037 0.24701 0.231261 0.21586 0.200871 0.18635 0.172349 0.158916 0.146088 0.133901 0.122382 0.111552 0.101429 0.0920225 0.0833402 0.0753844 0.0681543 0.0616463 0.0558545 0.0507717 0.0463896 0.0426997 0.0396937 0.0373644 0.0357053 0.0347118 
0.0362414 0.0365885 0.037631 0.0393716 0.0418153 0.0449683 0.048838 0.0534327 0.0587609 0.0648305 0.0716488 0.0792212 0.0875509 0.0966379 0.106479 0.117066 0.128387 0.140424 0.153153 0.166544 0.180562 0.195165 0.210303 0.225923 0.241963 0.258356 0.275033 0.291915 0.308924 0.325976 0.342985 0.359865 0.376525 0.392879 0.408838 0.424316 0.439228 0.453494 0.467036 0.47978 0.491657 0.502602 0.512557 0.521468 0.529288 0.535976 0.541496 0.545819 0.548924 0.550793 0.551417 0.550793 0.548924 0.545819 0.541496 0.535976 0.529288 0.521468 0.512557 0.502602 0.491657 0.47978 0.467036 0.453494 0.439228 0.424316 0.408838 0.392879 0.376525 0.359865 0.342985 0.325976 0.308924 0.291915 0.275033 0.258356 0.241963 0.225923 0.210303 0.195165 0.180562 0.166544 0.153153 0.140424 0.128387 0.117066 0.106479 0.0966379 0.0875509 0.0792212 0.0716488 0.0648305 0.0587609 0.0534327 0.048838 0.0449683 0.0418153 0.0393716 0.037631 0.0365885 
0.0380838 0.038447 0.0395376 0.0413586 0.0439147 0.0472123 0.0512589 0.0560627 0.0616319 0.0679746 0.0750977 0.0830061 0.0917025 0.101186 0.111453 0.122495 0.134296 0.146839 0.160098 0.17404 0.188629 0.203819 0.219558 0.235791 0.252452 0.269473 0.286778 0.304289 0.321923 0.339593 0.35721 0.374684 0.391924 0.408838 0.425336 0.44133 0.456733 0.471462 0.485438 0.498585 0.510833 0.522117 0.532377 0.541559 0.549614 0.556502 0.562186 0.566637 0.569833 0.571757 0.572399 0.571757 0.569833 0.566637 0.562186 0.556502 0.549614 0.541559 0.532377 0.522117 0.510833 0.498585 0.485438 0.471462 0.456733 0.44133 0.425336 0.408838 0.391924 0.374684 0.35721 0.339593 0.321923 0.304289 0.286778 0.269473 0.252452 0.235791 0.219558 0.203819 0.188629 0.17404 0.160098 0.146839 0.134296 0.122495 0.111453 0.101186 0.0917025 0.0830061 0.0750977 0.0679746 0.0616319 0.0560627 0.0512589 0.0472123 0.0439147 0.0413586 0.0395376 0.038447 
0.0398963 0.0402752 0.0414128 0.0433123 0.0459784 0.0494174 0.0536368 0.0586447 0.0644495 0.0710587 0.0784791 0.0867152 0.0957692 0.10564 0.116322 0.127805 0.140074 0.153109 0.166882 0.181359 0.196501 0.21226 0.228582 0.245407 0.262669 0.280295 0.298208 0.316325 0.33456 0.352824 0.371026 0.38907 0.406865 0.424316 0.44133 0.457817 0.473688 0.488859 0.503248 0.516779 0.529381 0.540986 0.551535 0.560973 0.569252 0.576329 0.582168 0.58674 0.590022 0.591997 0.592657 0.591997 0.590022 0.58674 0.582168 0.576329 0.569252 0.560973 0.551535 0.540986 0.529381 0.516779 0.503248 0.488859 0.473688 0.457817 0.44133 0.424316 0.406865 0.38907 0.371026 0.352824 0.33456 0.316325 0.298208 0.280295 0.262669 0.245407 0.228582 0.21226 0.196501 0.181359 0.166882 0.153109 0.140074 0.127805 0.116322 0.10564 0.0957692 0.0867152 0.0784791 0.0710587 0.0644495 0.0586447 0.0536368 0.0494174 0.0459784 0.0433123 0.0414128 0.0402752 
0.0416665 0.0420606 0.043244 0.0452197 0.0479926 0.0515688 0.0559559 0.061162 0.0671951 0.0740628 0.0817713 0.090325 0.0997252 0.10997 0.121053 0.132964 0.145685 0.159195 0.173464 0.188457 0.204131 0.220437 0.23732 0.254715 0.272553 0.29076 0.309255 0.327953 0.346764 0.365596 0.384354 0.402944 0.421267 0.439228 0.456733 0.473688 0.490003 0.505592 0.520373 0.534267 0.547202 0.559111 0.569933 0.579613 0.588101 0.595356 0.601341 0.606026 0.609389 0.611414 0.61209 0.611414 0.609389 0.606026 0.601341 0.595356 0.588101 0.579613 0.569933 0.559111 0.547202 0.534267 0.520373 0.505592 0.490003 0.473688 0.456733 0.439228 0.421267 0.402944 0.384354 0.365596 0.346764 0.327953 0.309255 0.29076 0.272553 0.254715 0.23732 0.220437 0.204131 0.188457 0.173464 0.159195 0.145685 0.132964 0.121053 0.10997 0.0997252 0.090325 0.0817713 0.0740628 0.0671951 0.061162 0.0559559 0.0515688 0.0479926 0.0452197 0.043244 0.0420606 
0.0433821 0.0437909 0.0450184 0.0470676 0.0499433 0.0536518 0.0582004 0.0635973 0.0698503 0.0769667 0.0849525 0.0938115 0.103545 0.114149 0.125617 0.137938 0.151092 0.165057 0.179802 0.195288 0.211473 0.228303 0.24572 0.263659 0.282047 0.300808 0.319856 0.339106 0.358463 0.377834 0.397122 0.416227 0.43505 0.453494 0.471462 0.488859 0.505592 0.521575 0.536724 0.550959 0.564207 0.576401 0.587478 0.597384 0.606068 0.613489 0.61961 0.624401 0.62784 0.62991 0.630601 0.62991 0.62784 0.624401 0.61961 0.613489 0.606068 0.597384 0.587478 0.576401 0.564207 0.550959 0.536724 0.521575 0.505592 0.488859 0.471462 0.453494 0.43505 0.416227 0.397122 0.377834 0.358463 0.339106 0.319856 0.300808 0.282047 0.263659 0.24572 0.228303 0.211473 0.195288 0.179802 0.165057 0.151092 0.137938 0.125617 0.114149 0.103545 0.0938115 0.0849525 0.0769667 0.0698503 0.0635973 0.0582004 0.0536518 0.0499433 0.0470676 0.0450184 0.0437909 
0.0450307 0.0454536 0.0467233 0.0488427 0.0518167 0.0556516 0.0603546 0.0659337 0.0723967 0.0797506 0.0880011 0.0971513 0.107202 0.118149 0.129984 0.142695 0.156262 0.17066 0.185856 0.201812 0.21848 0.235806 0.253731 0.272184 0.291093 0.310377 0.329949 0.349719 0.369592 0.389471 0.409256 0.428846 0.448139 0.467036 0.485438 0.503248 0.520373 0.536724 0.552215 0.566768 0.580308 0.592767 0.604082 0.614197 0.623064 0.630639 0.636886 0.641775 0.645284 0.647396 0.648101 0.647396 0.645284 0.641775 0.636886 0.630639 0.623064 0.614197 0.604082 0.592767 0.580308 0.566768 0.552215 0.536724 0.520373 0.503248 0.485438 0.467036 0.448139 0.428846 0.409256 0.389471 0.369592 0.349719 0.329949 0.310377 0.291093 0.272184 0.253731 0.235806 0.21848 0.201812 0.185856 0.17066 0.156262 0.142695 0.129984 0.118149 0.107202 0.0971513 0.0880011 0.0797506 0.0723967 0.0659337 0.0603546 0.0556516 0.0518167 0.0488427 0.0467233 0.0454536 
0.0466004 0.0470366 0.0483461 0.0505321 0.0535993 0.0575539 0.0624031 0.0681547 0.0748165 0.0823951 0.0908958 0.100321 0.110672 0.121942 0.134125 0.147204 0.16116 0.175966 0.191588 0.207985 0.225108 0.242902 0.261302 0.28024 0.299637 0.319411 0.339474 0.359731 0.380086 0.400439 0.420688 0.44073 0.460462 0.47978 0.498585 0.516779 0.534267 0.550959 0.566768 0.581615 0.595424 0.608127 0.619661 0.62997 0.639005 0.646722 0.653085 0.658065 0.661638 0.663789 0.664506 0.663789 0.661638 0.658065 0.653085 0.646722 0.639005 0.62997 0.619661 0.608127 0.595424 0.581615 0.566768 0.550959 0.534267 0.516779 0.498585 0.47978 0.460462 0.44073 0.420688 0.400439 0.380086 0.359731 0.339474 0.319411 0.299637 0.28024 0.261302 0.242902 0.225108 0.207985 0.191588 0.175966 0.16116 0.147204 0.134125 0.121942 0.110672 0.100321 0.0908958 0.0823951 0.0748165 0.0681547 0.0624031 0.0575539 0.0535993 0.0505321 0.0483461 0.0470366 
0.0480791 0.0485278 0.0498748 0.0521232 0.0552777 0.0593445 0.0643308 0.0702442 0.0770921 0.0848812 0.0936162 0.1033 0.113931 0.125504 0.13801 0.151434 0.165754 0.180941 0.19696 0.213768 0.231316 0.249544 0.268388 0.287776 0.307627 0.327856 0.348373 0.369082 0.389884 0.410676 0.431355 0.451814 0.47195 0.491657 0.510833 0.529381 0.547202 0.564207 0.580308 0.595424 0.60948 0.622407 0.634141 0.644627 0.653815 0.661661 0.66813 0.673192 0.676824 0.67901 0.679739 0.67901 0.676824 0.673192 0.66813 0.661661 0.653815 0.644627 0.634141 0.622407 0.60948 0.595424 0.580308 0.564207 0.547202 0.529381 0.510833 0.491657 0.47195 0.451814 0.431355 0.410676 0.389884 0.369082 0.348373 0.327856 0.307627 0.287776 0.268388 0.249544 0.231316 0.213768 0.19696 0.180941 0.165754 0.151434 0.13801 0.125504 0.113931 0.1033 0.0936162 0.0848812 0.0770921 0.0702442 0.0643308 0.0593445 0.0552777 0.0521232 0.0498748 0.0485278 
