1.8359e-05 1.91447e-05 2.15455e-05 2.5694e-05 3.18138e-05 4.02237e-05 5.13431e-05 6.56979e-05 8.39274e-05 0.000106791 0.000135173 0.000170089 0.000212685 0.00026424 0.000326157 0.000399958 0.000487265 0.000589781 0.000709265 0.000847493 0.00100622 0.00118714 0.00139182 0.00162166 0.00187782 0.00216116 0.0024722 0.00281102 0.00317728 0.00357007 0.00398798 0.00442901 0.00489058 0.00536952 0.00586213 0.00636414 0.00687085 0.00737713 0.00787753 0.00836638 0.00883786 0.00928614 0.00970549 0.0100904 0.0104357 0.0107365 0.0109888 0.0111889 0.0113339 0.0114218 0.0114512 0.0114218 0.0113339 0.0111889 0.0109888 0.0107365 0.0104357 0.0100904 0.00970549 0.00928614 0.00883786 0.00836638 0.00787753 0.00737713 0.00687085 0.00636414 0.00586213 0.00536952 0.00489058 0.00442901 0.00398798 0.00357007 0.00317728 0.00281102 0.0024722 0.00216116 0.00187782 0.00162166 0.00139182 0.00118714 0.00100622 0.000847493 0.000709265 0.000589781 0.000487265 0.000399958 0.000326157 0.00026424 0.000212685 0.000170089 0.000135173 0.000106791 8.39274e-05 6.56979e-05 5.13431e-05 4.02237e-05 3.18138e-05 2.5694e-05 2.15455e-05 1.91447e-05 
1.91447e-05 1.99621e-05 2.24599e-05 2.67753e-05 3.31403e-05 4.18852e-05 5.34444e-05 6.83627e-05 8.73019e-05 0.000111048 0.000140515 0.000176754 0.000220948 0.000274418 0.000338613 0.000415102 0.000505557 0.000611732 0.000735436 0.000878497 0.00104272 0.00122983 0.00144145 0.001679 0.00194367 0.00223632 0.00255748 0.00290723 0.00328517 0.00369037 0.00412137 0.00457607 0.00505182 0.00554536 0.00605284 0.00656989 0.00709166 0.00761288 0.00812794 0.00863101 0.00911613 0.0095773 0.0100087 0.0104045 0.0107596 0.0110689 0.0113283 0.011534 0.0116831 0.0117734 0.0118037 0.0117734 0.0116831 0.011534 0.0113283 0.0110689 0.0107596 0.0104045 0.0100087 0.0095773 0.00911613 0.00863101 0.00812794 0.00761288 0.00709166 0.00656989 0.00605284 0.00554536 0.00505182 0.00457607 0.00412137 0.00369037 0.00328517 0.00290723 0.00255748 0.00223632 0.00194367 0.001679 0.00144145 0.00122983 0.00104272 0.000878497 0.000735436 0.000611732 0.000505557 0.000415102 0.000338613 0.000274418 0.000220948 0.000176754 0.000140515 0.000111048 8.73019e-05 6.83627e-05 5.34444e-05 4.18852e-05 3.31403e-05 2.67753e-05 2.24599e-05 1.99621e-05 
2.15455e-05 2.24599e-05 2.52534e-05 3.00782e-05 3.7191e-05 4.69574e-05 5.98576e-05 7.64935e-05 9.75955e-05 0.000124029 0.000156803 0.000197069 0.000246129 0.000305429 0.000376554 0.000461219 0.000561246 0.000678544 0.000815076 0.000972822 0.00115373 0.00135966 0.00159234 0.0018533 0.00214378 0.00246469 0.00281654 0.00319939 0.00361275 0.00405557 0.00452619 0.00502233 0.00554103 0.00607874 0.00663125 0.00719382 0.00776115 0.00832756 0.00888695 0.00943304 0.00995938 0.0104595 0.0109271 0.0113561 0.0117407 0.0120758 0.0123566 0.0125793 0.0127407 0.0128384 0.0128712 0.0128384 0.0127407 0.0125793 0.0123566 0.0120758 0.0117407 0.0113561 0.0109271 0.0104595 0.00995938 0.00943304 0.00888695 0.00832756 0.00776115 0.00719382 0.00663125 0.00607874 0.00554103 0.00502233 0.00452619 0.00405557 0.00361275 0.00319939 0.00281654 0.00246469 0.00214378 0.0018533 0.00159234 0.00135966 0.00115373 0.000972822 0.000815076 0.000678544 0.000561246 0.000461219 0.000376554 0.000305429 0.000246129 0.000197069 0.000156803 0.000124029 9.75955e-05 7.64935e-05 5.98576e-05 4.69574e-05 3.7191e-05 3.00782e-05 2.52534e-05 2.24599e-05 
2.5694e-05 2.67753e-05 3.00782e-05 3.57802e-05 4.41803e-05 5.57044e-05 7.09115e-05 9.05009e-05 0.00011532 0.000146372 0.000184822 0.000232 0.000289406 0.0003587 0.000441702 0.000540368 0.00065678 0.000793106 0.000951571 0.00113441 0.00134381 0.00158187 0.00185049 0.00215135 0.00248582 0.00285486 0.00325898 0.00369815 0.00417175 0.00467851 0.00521647 0.00578295 0.00637456 0.00698721 0.0076161 0.00825582 0.00890038 0.00954331 0.0101778 0.0107967 0.0113928 0.0119588 0.0124878 0.0129727 0.0134074 0.0137858 0.0141029 0.0143543 0.0145364 0.0146468 0.0146837 0.0146468 0.0145364 0.0143543 0.0141029 0.0137858 0.0134074 0.0129727 0.0124878 0.0119588 0.0113928 0.0107967 0.0101778 0.00954331 0.00890038 0.00825582 0.0076161 0.00698721 0.00637456 0.00578295 0.00521647 0.00467851 0.00417175 0.00369815 0.00325898 0.00285486 0.00248582 0.00215135 0.00185049 0.00158187 0.00134381 0.00113441 0.000951571 0.000793106 0.00065678 0.000540368 0.000441702 0.0003587 0.000289406 0.000232 0.000184822 0.000146372 0.00011532 9.05009e-05 7.09115e-05 5.57044e-05 4.41803e-05 3.57802e-05 3.00782e-05 2.67753e-05 
3.18138e-05 3.31403e-05 3.7191e-05 4.41803e-05 5.44691e-05 6.85712e-05 8.71596e-05 0.000111075 0.000141336 0.000179144 0.000225891 0.000283168 0.000352755 0.000436628 0.000536937 0.000655995 0.000796249 0.000960243 0.00115057 0.00136984 0.00162058 0.00190519 0.00222586 0.00258449 0.00298257 0.00342115 0.00390073 0.00442117 0.00498161 0.00558048 0.00621537 0.00688305 0.00757949 0.0082998 0.00903835 0.00978876 0.0105441 0.0112967 0.0120387 0.0127618 0.0134577 0.0141181 0.0147347 0.0152997 0.0158058 0.0162462 0.0166152 0.0169075 0.0171193 0.0172475 0.0172905 0.0172475 0.0171193 0.0169075 0.0166152 0.0162462 0.0158058 0.0152997 0.0147347 0.0141181 0.0134577 0.0127618 0.0120387 0.0112967 0.0105441 0.00978876 0.00903835 0.0082998 0.00757949 0.00688305 0.00621537 0.00558048 0.00498161 0.00442117 0.00390073 0.00342115 0.00298257 0.00258449 0.00222586 0.00190519 0.00162058 0.00136984 0.00115057 0.000960243 0.000796249 0.000655995 0.000536937 0.000436628 0.000352755 0.000283168 0.000225891 0.000179144 0.000141336 0.000111075 8.71596e-05 6.85712e-05 5.44691e-05 4.41803e-05 3.7191e-05 3.31403e-05 
4.02237e-05 4.18852e-05 4.69574e-05 5.57044e-05 6.85712e-05 8.61897e-05 0.000109387 0.000139196 0.000176862 0.000223856 0.000281878 0.000352859 0.000438966 0.000542587 0.00066632 0.000812949 0.000985406 0.00118673 0.00142002 0.00168835 0.00199469 0.00234188 0.00273242 0.00316851 0.00365183 0.0041835 0.00476399 0.00539298 0.00606934 0.00679102 0.00755504 0.00835742 0.00919324 0.0100566 0.0109407 0.011838 0.01274 0.0136379 0.0145223 0.0153833 0.0162112 0.0169961 0.0177285 0.0183991 0.0189995 0.0195217 0.0199589 0.0203053 0.0205561 0.020708 0.0207588 0.020708 0.0205561 0.0203053 0.0199589 0.0195217 0.0189995 0.0183991 0.0177285 0.0169961 0.0162112 0.0153833 0.0145223 0.0136379 0.01274 0.011838 0.0109407 0.0100566 0.00919324 0.00835742 0.00755504 0.00679102 0.00606934 0.00539298 0.00476399 0.0041835 0.00365183 0.00316851 0.00273242 0.00234188 0.00199469 0.00168835 0.00142002 0.00118673 0.000985406 0.000812949 0.00066632 0.000542587 0.000438966 0.000352859 0.000281878 0.000223856 0.000176862 0.000139196 0.000109387 8.61897e-05 6.85712e-05 5.57044e-05 4.69574e-05 4.18852e-05 
5.13431e-05 5.34444e-05 5.98576e-05 7.09115e-05 8.71596e-05 0.000109387 0.000138621 0.000176141 0.000223489 0.00028248 0.000355208 0.000444049 0.000551658 0.000680956 0.000835109 0.0010175 0.00123168 0.00148132 0.00177013 0.00210179 0.00247984 0.0029076 0.00338804 0.00392365 0.00451635 0.00516734 0.00587701 0.00664483 0.00746924 0.00834762 0.0092762 0.0102501 0.0112631 0.0123082 0.0133771 0.0144605 0.0155485 0.0166303 0.0176946 0.0187298 0.0197243 0.0206664 0.0215448 0.0223486 0.0230677 0.0236929 0.024216 0.0246304 0.0249303 0.0251119 0.0251727 0.0251119 0.0249303 0.0246304 0.024216 0.0236929 0.0230677 0.0223486 0.0215448 0.0206664 0.0197243 0.0187298 0.0176946 0.0166303 0.0155485 0.0144605 0.0133771 0.0123082 0.0112631 0.0102501 0.0092762 0.00834762 0.00746924 0.00664483 0.00587701 0.00516734 0.00451635 0.00392365 0.00338804 0.0029076 0.00247984 0.00210179 0.00177013 0.00148132 0.00123168 0.0010175 0.000835109 0.000680956 0.000551658 0.000444049 0.000355208 0.00028248 0.000223489 0.000176141 0.000138621 0.000109387 8.71596e-05 7.09115e-05 5.98576e-05 5.34444e-05 
6.56979e-05 6.83627e-05 7.64935e-05 9.05009e-05 0.000111075 0.000139196 0.000176141 0.000223501 0.000283191 0.000357457 0.000448889 0.000560416 0.000695302 0.000857131 0.00104978 0.00127736 0.00154419 0.00185472 0.0022134 0.00262466 0.00309272 0.00362149 0.00421444 0.00487446 0.0056037 0.00640344 0.00727394 0.00821436 0.00922261 0.0102953 0.0114277 0.0126137 0.0138457 0.015115 0.0164116 0.0177243 0.0190409 0.0203485 0.0216337 0.0228826 0.0240813 0.0252158 0.0262727 0.0272392 0.0281034 0.0288543 0.0294825 0.0299797 0.0303396 0.0305574 0.0306303 0.0305574 0.0303396 0.0299797 0.0294825 0.0288543 0.0281034 0.0272392 0.0262727 0.0252158 0.0240813 0.0228826 0.0216337 0.0203485 0.0190409 0.0177243 0.0164116 0.015115 0.0138457 0.0126137 0.0114277 0.0102953 0.00922261 0.00821436 0.00727394 0.00640344 0.0056037 0.00487446 0.00421444 0.00362149 0.00309272 0.00262466 0.0022134 0.00185472 0.00154419 0.00127736 0.00104978 0.000857131 0.000695302 0.000560416 0.000448889 0.000357457 0.000283191 0.000223501 0.000176141 0.000139196 0.000111075 9.05009e-05 7.64935e-05 6.83627e-05 
8.39274e-05 8.73019e-05 9.75955e-05 0.00011532 0.000141336 0.000176862 0.000223489 0.000283191 0.00035834 0.000451718 0.00056652 0.000706354 0.000875232 0.00107754 0.00131802 0.00160167 0.00193374 0.0023196 0.00276461 0.00327405 0.00385296 0.00450595 0.00523707 0.00604963 0.00694603 0.0079276 0.00899441 0.0101452 0.0113772 0.012686 0.0140657 0.0155087 0.0170058 0.0185461 0.0201175 0.0217064 0.0232983 0.0248776 0.0264282 0.0279335 0.0293768 0.0307418 0.0320125 0.0331737 0.0342112 0.0351123 0.0358657 0.0364619 0.0368933 0.0371544 0.0372418 0.0371544 0.0368933 0.0364619 0.0358657 0.0351123 0.0342112 0.0331737 0.0320125 0.0307418 0.0293768 0.0279335 0.0264282 0.0248776 0.0232983 0.0217064 0.0201175 0.0185461 0.0170058 0.0155087 0.0140657 0.012686 0.0113772 0.0101452 0.00899441 0.0079276 0.00694603 0.00604963 0.00523707 0.00450595 0.00385296 0.00327405 0.00276461 0.0023196 0.00193374 0.00160167 0.00131802 0.00107754 0.000875232 0.000706354 0.00056652 0.000451718 0.00035834 0.000283191 0.000223489 0.000176862 0.000141336 0.00011532 9.75955e-05 8.73019e-05 
0.000106791 0.000111048 0.000124029 0.000146372 0.000179144 0.000223856 0.00028248 0.000357457 0.000451718 0.00056869 0.000712304 0.000886989 0.00109765 0.00134965 0.00164875 0.00200102 0.0024128 0.00289054 0.00344069 0.00406953 0.00478301 0.00558656 0.00648487 0.00748171 0.00857974 0.00978026 0.0110831 0.0124864 0.0139865 0.0155778 0.017253 0.0190026 0.0208152 0.0226778 0.0245756 0.0264922 0.0284101 0.0303108 0.0321748 0.0339827 0.0357145 0.0373509 0.038873 0.040263 0.0415042 0.0425817 0.0434821 0.0441943 0.0447096 0.0450213 0.0451257 0.0450213 0.0447096 0.0441943 0.0434821 0.0425817 0.0415042 0.040263 0.038873 0.0373509 0.0357145 0.0339827 0.0321748 0.0303108 0.0284101 0.0264922 0.0245756 0.0226778 0.0208152 0.0190026 0.017253 0.0155778 0.0139865 0.0124864 0.0110831 0.00978026 0.00857974 0.00748171 0.00648487 0.00558656 0.00478301 0.00406953 0.00344069 0.00289054 0.0024128 0.00200102 0.00164875 0.00134965 0.00109765 0.000886989 0.000712304 0.00056869 0.000451718 0.000357457 0.00028248 0.000223856 0.000179144 0.000146372 0.000124029 0.000111048 
0.000135173 0.000140515 0.000156803 0.000184822 0.000225891 0.000281878 0.000355208 0.000448889 0.00056652 0.000712304 0.000891053 0.00110817 0.00136963 0.00168194 0.00205208 0.00248737 0.00299543 0.00358398 0.0042607 0.00503303 0.00590796 0.00689183 0.00799003 0.00920682 0.0105451 0.012006 0.0135891 0.0152916 0.0171089 0.019034 0.0210576 0.0231681 0.0253518 0.0275926 0.0298728 0.0321728 0.0344715 0.036747 0.0389763 0.0411362 0.0432033 0.0451548 0.0469686 0.0486238 0.0501008 0.0513822 0.0524526 0.053299 0.0539111 0.0542814 0.0544054 0.0542814 0.0539111 0.053299 0.0524526 0.0513822 0.0501008 0.0486238 0.0469686 0.0451548 0.0432033 0.0411362 0.0389763 0.036747 0.0344715 0.0321728 0.0298728 0.0275926 0.0253518 0.0231681 0.0210576 0.019034 0.0171089 0.0152916 0.0135891 0.012006 0.0105451 0.00920682 0.00799003 0.00689183 0.00590796 0.00503303 0.0042607 0.00358398 0.00299543 0.00248737 0.00205208 0.00168194 0.00136963 0.00110817 0.000891053 0.000712304 0.00056652 0.000448889 0.000355208 0.000281878 0.000225891 0.000184822 0.000156803 0.000140515 
0.000170089 0.000176754 0.000197069 0.000232 0.000283168 0.000352859 0.000444049 0.000560416 0.000706354 0.000886989 0.00110817 0.00137645 0.00169907 0.00208388 0.00253926 0.00307401 0.0036972 0.00441804 0.00524558 0.0061886 0.00725526 0.00845285 0.00978755 0.0112641 0.0128855 0.0146529 0.016565 0.0186185 0.020807 0.0231219 0.0255518 0.0280824 0.030697 0.0333765 0.0360995 0.0388427 0.0415811 0.0442887 0.0469384 0.0495029 0.0519549 0.0542677 0.0564155 0.058374 0.0601206 0.0616351 0.0628995 0.063899 0.0646216 0.0650586 0.0652049 0.0650586 0.0646216 0.063899 0.0628995 0.0616351 0.0601206 0.058374 0.0564155 0.0542677 0.0519549 0.0495029 0.0469384 0.0442887 0.0415811 0.0388427 0.0360995 0.0333765 0.030697 0.0280824 0.0255518 0.0231219 0.020807 0.0186185 0.016565 0.0146529 0.0128855 0.0112641 0.00978755 0.00845285 0.00725526 0.0061886 0.00524558 0.00441804 0.0036972 0.00307401 0.00253926 0.00208388 0.00169907 0.00137645 0.00110817 0.000886989 0.000706354 0.000560416 0.000444049 0.000352859 0.000283168 0.000232 0.000197069 0.000176754 
0.000212685 0.000220948 0.000246129 0.000289406 0.000352755 0.000438966 0.000551658 0.000695302 0.000875232 0.00109765 0.00136963 0.00169907 0.00209468 0.00256585 0.0031226 0.00377541 0.00453505 0.00541236 0.00641801 0.00756219 0.00885437 0.0103029 0.0119148 0.0136951 0.0156471 0.0177715 0.0200664 0.022527 0.0251456 0.0279112 0.0308099 0.0338243 0.0369345 0.0401175 0.0433478 0.0465978 0.0498382 0.0530382 0.0561663 0.0591906 0.0620794 0.0648017 0.0673277 0.0696293 0.0716805 0.073458 0.0749414 0.0761134 0.0769605 0.0774728 0.0776442 0.0774728 0.0769605 0.0761134 0.0749414 0.073458 0.0716805 0.0696293 0.0673277 0.0648017 0.0620794 0.0591906 0.0561663 0.0530382 0.0498382 0.0465978 0.0433478 0.0401175 0.0369345 0.0338243 0.0308099 0.0279112 0.0251456 0.022527 0.0200664 0.0177715 0.0156471 0.0136951 0.0119148 0.0103029 0.00885437 0.00756219 0.00641801 0.00541236 0.00453505 0.00377541 0.0031226 0.00256585 0.00209468 0.00169907 0.00136963 0.00109765 0.000875232 0.000695302 0.000551658 0.000438966 0.000352755 0.000289406 0.000246129 0.000220948 
0.00026424 0.000274418 0.000305429 0.0003587 0.000436628 0.000542587 0.000680956 0.000857131 0.00107754 0.00134965 0.00168194 0.00208388 0.00256585 0.00313904 0.00381533 0.00460712 0.00552708 0.0065879 0.007802 0.0091812 0.0107363 0.0124769 0.0144107 0.0165432 0.0188776 0.0214141 0.0241499 0.0270787 0.0301907 0.0334725 0.0369069 0.0404732 0.0441475 0.0479024 0.051708 0.0555317 0.0593392 0.0630947 0.0667616 0.070303 0.0736822 0.0768636 0.079813 0.0824983 0.0848898 0.086961 0.0886885 0.0900529 0.0910387 0.0916348 0.0918342 0.0916348 0.0910387 0.0900529 0.0886885 0.086961 0.0848898 0.0824983 0.079813 0.0768636 0.0736822 0.070303 0.0667616 0.0630947 0.0593392 0.0555317 0.051708 0.0479024 0.0441475 0.0404732 0.0369069 0.0334725 0.0301907 0.0270787 0.0241499 0.0214141 0.0188776 0.0165432 0.0144107 0.0124769 0.0107363 0.0091812 0.007802 0.0065879 0.00552708 0.00460712 0.00381533 0.00313904 0.00256585 0.00208388 0.00168194 0.00134965 0.00107754 0.000857131 0.000680956 0.000542587 0.000436628 0.0003587 0.000305429 0.000274418 
0.000326157 0.000338613 0.000376554 0.000441702 0.000536937 0.00066632 0.000835109 0.00104978 0.00131802 0.00164875 0.00205208 0.00253926 0.0031226 0.00381533 0.00463146 0.0055855 0.00669226 0.00796651 0.00942259 0.0110741 0.0129332 0.0150108 0.0173152 0.0198523 0.0226252 0.0256334 0.0288726 0.0323349 0.0360079 0.0398752 0.0439162 0.0481061 0.0524164 0.0568149 0.0612664 0.0657331 0.070175 0.0745508 0.0788182 0.0829348 0.0868588 0.0905495 0.093968 0.0970779 0.0998456 0.102241 0.104238 0.105814 0.106953 0.107641 0.107872 0.107641 0.106953 0.105814 0.104238 0.102241 0.0998456 0.0970779 0.093968 0.0905495 0.0868588 0.0829348 0.0788182 0.0745508 0.070175 0.0657331 0.0612664 0.0568149 0.0524164 0.0481061 0.0439162 0.0398752 0.0360079 0.0323349 0.0288726 0.0256334 0.0226252 0.0198523 0.0173152 0.0150108 0.0129332 0.0110741 0.00942259 0.00796651 0.00669226 0.0055855 0.00463146 0.00381533 0.0031226 0.00253926 0.00205208 0.00164875 0.00131802 0.00104978 0.000835109 0.00066632 0.000536937 0.000441702 0.000376554 0.000338613 
0.000399958 0.000415102 0.000461219 0.000540368 0.000655995 0.000812949 0.0010175 0.00127736 0.00160167 0.00200102 0.00248737 0.00307401 0.00377541 0.00460712 0.0055855 0.00672746 0.00805017 0.00957065 0.0113053 0.0132697 0.0154775 0.0179406 0.0206681 0.0236664 0.0269378 0.0304809 0.0342901 0.0383548 0.0426601 0.0471858 0.0519073 0.0567952 0.0618159 0.0669317 0.0721017 0.0772821 0.0824267 0.0874882 0.0924182 0.0971684 0.101691 0.105941 0.109874 0.113449 0.116628 0.119377 0.121668 0.123476 0.124781 0.12557 0.125834 0.12557 0.124781 0.123476 0.121668 0.119377 0.116628 0.113449 0.109874 0.105941 0.101691 0.0971684 0.0924182 0.0874882 0.0824267 0.0772821 0.0721017 0.0669317 0.0618159 0.0567952 0.0519073 0.0471858 0.0426601 0.0383548 0.0342901 0.0304809 0.0269378 0.0236664 0.0206681 0.0179406 0.0154775 0.0132697 0.0113053 0.00957065 0.00805017 0.00672746 0.0055855 0.00460712 0.00377541 0.00307401 0.00248737 0.00200102 0.00160167 0.00127736 0.0010175 0.000812949 0.000655995 0.000540368 0.000461219 0.000415102 
0.000487265 0.000505557 0.000561246 0.00065678 0.000796249 0.000985406 0.00123168 0.00154419 0.00193374 0.0024128 0.00299543 0.0036972 0.00453505 0.00552708 0.00669226 0.00805017 0.00962054 0.0114228 0.0134758 0.0157967 0.018401 0.0213017 0.0245085 0.0280277 0.0318611 0.0360061 0.0404548 0.0451941 0.0502056 0.0554651 0.0609433 0.0666055 0.0724124 0.0783203 0.0842819 0.0902467 0.0961622 0.101974 0.107628 0.113069 0.118244 0.123102 0.127592 0.13167 0.135294 0.138426 0.141035 0.143092 0.144577 0.145474 0.145774 0.145474 0.144577 0.143092 0.141035 0.138426 0.135294 0.13167 0.127592 0.123102 0.118244 0.113069 0.107628 0.101974 0.0961622 0.0902467 0.0842819 0.0783203 0.0724124 0.0666055 0.0609433 0.0554651 0.0502056 0.0451941 0.0404548 0.0360061 0.0318611 0.0280277 0.0245085 0.0213017 0.018401 0.0157967 0.0134758 0.0114228 0.00962054 0.00805017 0.00669226 0.00552708 0.00453505 0.0036972 0.00299543 0.0024128 0.00193374 0.00154419 0.00123168 0.000985406 0.000796249 0.00065678 0.000561246 0.000505557 
0.000589781 0.000611732 0.000678544 0.000793106 0.000960243 0.00118673 0.00148132 0.00185472 0.0023196 0.00289054 0.00358398 0.00441804 0.00541236 0.0065879 0.00796651 0.00957065 0.0114228 0.0135452 0.0159587 0.0186829 0.0217346 0.0251279 0.0288731 0.0329761 0.0374379 0.0422541 0.0474145 0.0529027 0.0586962 0.0647664 0.0710784 0.0775918 0.084261 0.0910354 0.0978609 0.10468 0.111433 0.118058 0.124495 0.130682 0.136559 0.14207 0.147159 0.151777 0.155877 0.159418 0.162365 0.164689 0.166365 0.167378 0.167717 0.167378 0.166365 0.164689 0.162365 0.159418 0.155877 0.151777 0.147159 0.14207 0.136559 0.130682 0.124495 0.118058 0.111433 0.10468 0.0978609 0.0910354 0.084261 0.0775918 0.0710784 0.0647664 0.0586962 0.0529027 0.0474145 0.0422541 0.0374379 0.0329761 0.0288731 0.0251279 0.0217346 0.0186829 0.0159587 0.0135452 0.0114228 0.00957065 0.00796651 0.0065879 0.00541236 0.00441804 0.00358398 0.00289054 0.0023196 0.00185472 0.00148132 0.00118673 0.000960243 0.000793106 0.000678544 0.000611732 
0.000709265 0.000735436 0.000815076 0.000951571 0.00115057 0.00142002 0.00177013 0.0022134 0.00276461 0.00344069 0.0042607 0.00524558 0.00641801 0.007802 0.00942259 0.0113053 0.0134758 0.0159587 0.0187778 0.0219543 0.0255068 0.0294504 0.0337954 0.0385473 0.043706 0.0492647 0.0552104 0.0615228 0.068175 0.0751329 0.0823557 0.0897965 0.0974026 0.105116 0.112876 0.120616 0.12827 0.135769 0.143044 0.150027 0.156653 0.162859 0.168584 0.173774 0.178378 0.182351 0.185656 0.188261 0.190139 0.191273 0.191653 0.191273 0.190139 0.188261 0.185656 0.182351 0.178378 0.173774 0.168584 0.162859 0.156653 0.150027 0.143044 0.135769 0.12827 0.120616 0.112876 0.105116 0.0974026 0.0897965 0.0823557 0.0751329 0.068175 0.0615228 0.0552104 0.0492647 0.043706 0.0385473 0.0337954 0.0294504 0.0255068 0.0219543 0.0187778 0.0159587 0.0134758 0.0113053 0.00942259 0.007802 0.00641801 0.00524558 0.0042607 0.00344069 0.00276461 0.0022134 0.00177013 0.00142002 0.00115057 0.000951571 0.000815076 0.000735436 
0.000847493 0.000878497 0.000972822 0.00113441 0.00136984 0.00168835 0.00210179 0.00262466 0.00327405 0.00406953 0.00503303 0.0061886 0.00756219 0.0091812 0.0110741 0.0132697 0.0157967 0.0186829 0.0219543 0.0256344 0.0297431 0.0342963 0.0393043 0.0447719 0.0506969 0.0570703 0.0638752 0.0710873 0.0786741 0.0865957 0.0948046 0.103247 0.111862 0.120584 0.129344 0.138068 0.146682 0.155108 0.163272 0.171098 0.178514 0.185451 0.191844 0.197634 0.202765 0.207191 0.21087 0.213767 0.215855 0.217117 0.217538 0.217117 0.215855 0.213767 0.21087 0.207191 0.202765 0.197634 0.191844 0.185451 0.178514 0.171098 0.163272 0.155108 0.146682 0.138068 0.129344 0.120584 0.111862 0.103247 0.0948046 0.0865957 0.0786741 0.0710873 0.0638752 0.0570703 0.0506969 0.0447719 0.0393043 0.0342963 0.0297431 0.0256344 0.0219543 0.0186829 0.0157967 0.0132697 0.0110741 0.0091812 0.00756219 0.0061886 0.00503303 0.00406953 0.00327405 0.00262466 0.00210179 0.00168835 0.00136984 0.00113441 0.000972822 0.000878497 
0.00100622 0.00104272 0.00115373 0.00134381 0.00162058 0.00199469 0.00247984 0.00309272 0.00385296 0.00478301 0.00590796 0.00725526 0.00885437 0.0107363 0.0129332 0.0154775 0.018401 0.0217346 0.0255068 0.0297431 0.0344648 0.0396881 0.0454231 0.0516734 0.0584345 0.0656943 0.0734318 0.0816174 0.0902129 0.0991716 0.108439 0.117952 0.127644 0.137439 0.14726 0.157026 0.166652 0.176054 0.18515 0.193857 0.202098 0.209797 0.216884 0.223296 0.228973 0.233866 0.23793 0.241129 0.243434 0.244826 0.245291 0.244826 0.243434 0.241129 0.23793 0.233866 0.228973 0.223296 0.216884 0.209797 0.202098 0.193857 0.18515 0.176054 0.166652 0.157026 0.14726 0.137439 0.127644 0.117952 0.108439 0.0991716 0.0902129 0.0816174 0.0734318 0.0656943 0.0584345 0.0516734 0.0454231 0.0396881 0.0344648 0.0297431 0.0255068 0.0217346 0.018401 0.0154775 0.0129332 0.0107363 0.00885437 0.00725526 0.00590796 0.00478301 0.00385296 0.00309272 0.00247984 0.00199469 0.00162058 0.00134381 0.00115373 0.00104272 
0.00118714 0.00122983 0.00135966 0.00158187 0.00190519 0.00234188 0.0029076 0.00362149 0.00450595 0.00558656 0.00689183 0.00845285 0.0103029 0.0124769 0.0150108 0.0179406 0.0213017 0.0251279 0.0294504 0.0342963 0.0396881 0.0456422 0.0521682 0.0592677 0.0669337 0.07515 0.0838911 0.0931215 0.102796 0.112861 0.123254 0.133904 0.144734 0.15566 0.166597 0.177452 0.188136 0.198555 0.208618 0.218238 0.22733 0.235813 0.243614 0.250663 0.256899 0.262269 0.266726 0.270232 0.272758 0.274282 0.274791 0.274282 0.272758 0.270232 0.266726 0.262269 0.256899 0.250663 0.243614 0.235813 0.22733 0.218238 0.208618 0.198555 0.188136 0.177452 0.166597 0.15566 0.144734 0.133904 0.123254 0.112861 0.102796 0.0931215 0.0838911 0.07515 0.0669337 0.0592677 0.0521682 0.0456422 0.0396881 0.0342963 0.0294504 0.0251279 0.0213017 0.0179406 0.0150108 0.0124769 0.0103029 0.00845285 0.00689183 0.00558656 0.00450595 0.00362149 0.0029076 0.00234188 0.00190519 0.00158187 0.00135966 0.00122983 
0.00139182 0.00144145 0.00159234 0.00185049 0.00222586 0.00273242 0.00338804 0.00421444 0.00523707 0.00648487 0.00799003 0.00978755 0.0119148 0.0144107 0.0173152 0.0206681 0.0245085 0.0288731 0.0337954 0.0393043 0.0454231 0.0521682 0.0595479 0.0675615 0.0761988 0.0854391 0.0952512 0.105593 0.116413 0.127649 0.139228 0.151072 0.163095 0.175202 0.187299 0.199286 0.211062 0.222529 0.233587 0.244141 0.254102 0.263384 0.271908 0.279603 0.286404 0.292254 0.297107 0.300922 0.303669 0.305326 0.30588 0.305326 0.303669 0.300922 0.297107 0.292254 0.286404 0.279603 0.271908 0.263384 0.254102 0.244141 0.233587 0.222529 0.211062 0.199286 0.187299 0.175202 0.163095 0.151072 0.139228 0.127649 0.116413 0.105593 0.0952512 0.0854391 0.0761988 0.0675615 0.0595479 0.0521682 0.0454231 0.0393043 0.0337954 0.0288731 0.0245085 0.0206681 0.0173152 0.0144107 0.0119148 0.00978755 0.00799003 0.00648487 0.00523707 0.00421444 0.00338804 0.00273242 0.00222586 0.00185049 0.00159234 0.00144145 
0.00162166 0.001679 0.0018533 0.00215135 0.00258449 0.00316851 0.00392365 0.00487446 0.00604963 0.00748171 0.00920682 0.0112641 0.0136951 0.0165432 0.0198523 0.0236664 0.0280277 0.0329761 0.0385473 0.0447719 0.0516734 0.0592677 0.0675615 0.0765513 0.0862229 0.0965504 0.107496 0.119012 0.131036 0.143499 0.156319 0.169406 0.182666 0.195995 0.209288 0.222437 0.235332 0.247866 0.259935 0.271436 0.282274 0.29236 0.30161 0.309951 0.317315 0.323644 0.328889 0.333011 0.335977 0.337766 0.338364 0.337766 0.335977 0.333011 0.328889 0.323644 0.317315 0.309951 0.30161 0.29236 0.282274 0.271436 0.259935 0.247866 0.235332 0.222437 0.209288 0.195995 0.182666 0.169406 0.156319 0.143499 0.131036 0.119012 0.107496 0.0965504 0.0862229 0.0765513 0.0675615 0.0592677 0.0516734 0.0447719 0.0385473 0.0329761 0.0280277 0.0236664 0.0198523 0.0165432 0.0136951 0.0112641 0.00920682 0.00748171 0.00604963 0.00487446 0.00392365 0.00316851 0.00258449 0.00215135 0.0018533 0.001679 
0.00187782 0.00194367 0.00214378 0.00248582 0.00298257 0.00365183 0.00451635 0.0056037 0.00694603 0.00857974 0.0105451 0.0128855 0.0156471 0.0188776 0.0226252 0.0269378 0.0318611 0.0374379 0.043706 0.0506969 0.0584345 0.0669337 0.0761988 0.0862229 0.096987 0.108459 0.120596 0.133339 0.14662 0.160358 0.174462 0.188834 0.203366 0.217946 0.23246 0.24679 0.260818 0.27443 0.287514 0.299963 0.311676 0.32256 0.33253 0.341508 0.349427 0.356226 0.361857 0.366278 0.369459 0.371376 0.372016 0.371376 0.369459 0.366278 0.361857 0.356226 0.349427 0.341508 0.33253 0.32256 0.311676 0.299963 0.287514 0.27443 0.260818 0.24679 0.23246 0.217946 0.203366 0.188834 0.174462 0.160358 0.14662 0.133339 0.120596 0.108459 0.096987 0.0862229 0.0761988 0.0669337 0.0584345 0.0506969 0.043706 0.0374379 0.0318611 0.0269378 0.0226252 0.0188776 0.0156471 0.0128855 0.0105451 0.00857974 0.00694603 0.0056037 0.00451635 0.00365183 0.00298257 0.00248582 0.00214378 0.00194367 
0.00216116 0.00223632 0.00246469 0.00285486 0.00342115 0.0041835 0.00516734 0.00640344 0.0079276 0.00978026 0.012006 0.0146529 0.0177715 0.0214141 0.0256334 0.0304809 0.0360061 0.0422541 0.0492647 0.0570703 0.0656943 0.07515 0.0854391 0.0965504 0.108459 0.121128 0.134504 0.148521 0.163101 0.178153 0.193577 0.209261 0.225089 0.24094 0.256687 0.272205 0.287368 0.302055 0.316148 0.329535 0.34211 0.353779 0.364452 0.374051 0.382508 0.389762 0.395765 0.400475 0.403861 0.405902 0.406584 0.405902 0.403861 0.400475 0.395765 0.389762 0.382508 0.374051 0.364452 0.353779 0.34211 0.329535 0.316148 0.302055 0.287368 0.272205 0.256687 0.24094 0.225089 0.209261 0.193577 0.178153 0.163101 0.148521 0.134504 0.121128 0.108459 0.0965504 0.0854391 0.07515 0.0656943 0.0570703 0.0492647 0.0422541 0.0360061 0.0304809 0.0256334 0.0214141 0.0177715 0.0146529 0.012006 0.00978026 0.0079276 0.00640344 0.00516734 0.0041835 0.00342115 0.00285486 0.00246469 0.00223632 
0.0024722 0.00255748 0.00281654 0.00325898 0.00390073 0.00476399 0.00587701 0.00727394 0.00899441 0.0110831 0.0135891 0.016565 0.0200664 0.0241499 0.0288726 0.0342901 0.0404548 0.0474145 0.0552104 0.0638752 0.0734318 0.0838911 0.0952512 0.107496 0.120596 0.134504 0.14916 0.164488 0.1804 0.196795 0.21356 0.230575 0.247711 0.264837 0.281819 0.29852 0.314809 0.330557 0.34564 0.359943 0.373357 0.385785 0.397136 0.407332 0.416303 0.423991 0.430347 0.435331 0.438912 0.441069 0.441789 0.441069 0.438912 0.435331 0.430347 0.423991 0.416303 0.407332 0.397136 0.385785 0.373357 0.359943 0.34564 0.330557 0.314809 0.29852 0.281819 0.264837 0.247711 0.230575 0.21356 0.196795 0.1804 0.164488 0.14916 0.134504 0.120596 0.107496 0.0952512 0.0838911 0.0734318 0.0638752 0.0552104 0.0474145 0.0404548 0.0342901 0.0288726 0.0241499 0.0200664 0.016565 0.0135891 0.0110831 0.00899441 0.00727394 0.00587701 0.00476399 0.00390073 0.00325898 0.00281654 0.00255748 
0.00281102 0.00290723 0.00319939 0.00369815 0.00442117 0.00539298 0.00664483 0.00821436 0.0101452 0.0124864 0.0152916 0.0186185 0.022527 0.0270787 0.0323349 0.0383548 0.0451941 0.0529027 0.0615228 0.0710873 0.0816174 0.0931215 0.105593 0.119012 0.133339 0.148521 0.164488 0.181155 0.198422 0.216176 0.234294 0.252644 0.271088 0.289484 0.307686 0.325554 0.342946 0.359728 0.375772 0.390959 0.405178 0.41833 0.430325 0.441085 0.450541 0.458635 0.465321 0.470559 0.474321 0.476586 0.477343 0.476586 0.474321 0.470559 0.465321 0.458635 0.450541 0.441085 0.430325 0.41833 0.405178 0.390959 0.375772 0.359728 0.342946 0.325554 0.307686 0.289484 0.271088 0.252644 0.234294 0.216176 0.198422 0.181155 0.164488 0.148521 0.133339 0.119012 0.105593 0.0931215 0.0816174 0.0710873 0.0615228 0.0529027 0.0451941 0.0383548 0.0323349 0.0270787 0.022527 0.0186185 0.0152916 0.0124864 0.0101452 0.00821436 0.00664483 0.00539298 0.00442117 0.00369815 0.00319939 0.00290723 
0.00317728 0.00328517 0.00361275 0.00417175 0.00498161 0.00606934 0.00746924 0.00922261 0.0113772 0.0139865 0.0171089 0.020807 0.0251456 0.0301907 0.0360079 0.0426601 0.0502056 0.0586962 0.068175 0.0786741 0.0902129 0.102796 0.116413 0.131036 0.14662 0.163101 0.1804 0.198422 0.217053 0.236172 0.255643 0.275322 0.29506 0.314706 0.334106 0.353109 0.37157 0.389348 0.406312 0.422341 0.437322 0.451155 0.463752 0.475035 0.484939 0.493407 0.500394 0.505865 0.509791 0.512155 0.512944 0.512155 0.509791 0.505865 0.500394 0.493407 0.484939 0.475035 0.463752 0.451155 0.437322 0.422341 0.406312 0.389348 0.37157 0.353109 0.334106 0.314706 0.29506 0.275322 0.255643 0.236172 0.217053 0.198422 0.1804 0.163101 0.14662 0.131036 0.116413 0.102796 0.0902129 0.0786741 0.068175 0.0586962 0.0502056 0.0426601 0.0360079 0.0301907 0.0251456 0.020807 0.0171089 0.0139865 0.0113772 0.00922261 0.00746924 0.00606934 0.00498161 0.00417175 0.00361275 0.00328517 
0.00357007 0.00369037 0.00405557 0.00467851 0.00558048 0.00679102 0.00834762 0.0102953 0.012686 0.0155778 0.019034 0.0231219 0.0279112 0.0334725 0.0398752 0.0471858 0.0554651 0.0647664 0.0751329 0.0865957 0.0991716 0.112861 0.127649 0.143499 0.160358 0.178153 0.196795 0.216176 0.236172 0.256649 0.277459 0.298447 0.319455 0.340319 0.36088 0.380978 0.400462 0.419188 0.437022 0.453839 0.46953 0.483993 0.497143 0.508904 0.519213 0.528017 0.535275 0.540952 0.545025 0.547475 0.548293 0.547475 0.545025 0.540952 0.535275 0.528017 0.519213 0.508904 0.497143 0.483993 0.46953 0.453839 0.437022 0.419188 0.400462 0.380978 0.36088 0.340319 0.319455 0.298447 0.277459 0.256649 0.236172 0.216176 0.196795 0.178153 0.160358 0.143499 0.127649 0.112861 0.0991716 0.0865957 0.0751329 0.0647664 0.0554651 0.0471858 0.0398752 0.0334725 0.0279112 0.0231219 0.019034 0.0155778 0.012686 0.0102953 0.00834762 0.00679102 0.00558048 0.00467851 0.00405557 0.00369037 
0.00398798 0.00412137 0.00452619 0.00521647 0.00621537 0.00755504 0.0092762 0.0114277 0.0140657 0.017253 0.0210576 0.0255518 0.0308099 0.0369069 0.0439162 0.0519073 0.0609433 0.0710784 0.0823557 0.0948046 0.108439 0.123254 0.139228 0.156319 0.174462 0.193577 0.21356 0.234294 0.255643 0.277459 0.299583 0.32185 0.34409 0.366131 0.387804 0.408945 0.429397 0.449013 0.467656 0.485203 0.501543 0.516579 0.530226 0.542413 0.553081 0.562181 0.569674 0.575531 0.579729 0.582254 0.583096 0.582254 0.579729 0.575531 0.569674 0.562181 0.553081 0.542413 0.530226 0.516579 0.501543 0.485203 0.467656 0.449013 0.429397 0.408945 0.387804 0.366131 0.34409 0.32185 0.299583 0.277459 0.255643 0.234294 0.21356 0.193577 0.174462 0.156319 0.139228 0.123254 0.108439 0.0948046 0.0823557 0.0710784 0.0609433 0.0519073 0.0439162 0.0369069 0.0308099 0.0255518 0.0210576 0.017253 0.0140657 0.0114277 0.0092762 0.00755504 0.00621537 0.00521647 0.00452619 0.00412137 
0.00442901 0.00457607 0.00502233 0.00578295 0.00688305 0.00835742 0.0102501 0.0126137 0.0155087 0.0190026 0.0231681 0.0280824 0.0338243 0.0404732 0.0481061 0.0567952 0.0666055 0.0775918 0.0897965 0.103247 0.117952 0.133904 0.151072 0.169406 0.188834 0.209261 0.230575 0.252644 0.275322 0.298447 0.32185 0.345354 0.368778 0.391942 0.41467 0.436793 0.458149 0.478588 0.497974 0.516183 0.533108 0.548652 0.562737 0.575296 0.586272 0.595624 0.603316 0.609323 0.613626 0.616212 0.617075 0.616212 0.613626 0.609323 0.603316 0.595624 0.586272 0.575296 0.562737 0.548652 0.533108 0.516183 0.497974 0.478588 0.458149 0.436793 0.41467 0.391942 0.368778 0.345354 0.32185 0.298447 0.275322 0.252644 0.230575 0.209261 0.188834 0.169406 0.151072 0.133904 0.117952 0.103247 0.0897965 0.0775918 0.0666055 0.0567952 0.0481061 0.0404732 0.0338243 0.0280824 0.0231681 0.0190026 0.0155087 0.0126137 0.0102501 0.00835742 0.00688305 0.00578295 0.00502233 0.00457607 
0.00489058 0.00505182 0.00554103 0.00637456 0.00757949 0.00919324 0.0112631 0.0138457 0.0170058 0.0208152 0.0253518 0.030697 0.0369345 0.0441475 0.0524164 0.0618159 0.0724124 0.084261 0.0974026 0.111862 0.127644 0.144734 0.163095 0.182666 0.203366 0.225089 0.247711 0.271088 0.29506 0.319455 0.34409 0.368778 0.393328 0.417554 0.441272 0.464307 0.486495 0.507686 0.527742 0.546542 0.56398 0.579967 0.594428 0.607299 0.618533 0.628091 0.635944 0.642071 0.646456 0.649091 0.64997 0.649091 0.646456 0.642071 0.635944 0.628091 0.618533 0.607299 0.594428 0.579967 0.56398 0.546542 0.527742 0.507686 0.486495 0.464307 0.441272 0.417554 0.393328 0.368778 0.34409 0.319455 0.29506 0.271088 0.247711 0.225089 0.203366 0.182666 0.163095 0.144734 0.127644 0.111862 0.0974026 0.084261 0.0724124 0.0618159 0.0524164 0.0441475 0.0369345 0.030697 0.0253518 0.0208152 0.0170058 0.0138457 0.0112631 0.00919324 0.00757949 0.00637456 0.00554103 0.00505182 
0.00536952 0.00554536 0.00607874 0.00698721 0.0082998 0.0100566 0.0123082 0.015115 0.0185461 0.0226778 0.0275926 0.0333765 0.0401175 0.0479024 0.0568149 0.0669317 0.0783203 0.0910354 0.105116 0.120584 0.137439 0.15566 0.175202 0.195995 0.217946 0.24094 0.264837 0.289484 0.314706 0.340319 0.366131 0.391942 0.417554 0.442772 0.467406 0.491278 0.514223 0.536087 0.556736 0.576052 0.593933 0.610294 0.625066 0.638192 0.64963 0.659349 0.667325 0.673541 0.677988 0.680658 0.681549 0.680658 0.677988 0.673541 0.667325 0.659349 0.64963 0.638192 0.625066 0.610294 0.593933 0.576052 0.556736 0.536087 0.514223 0.491278 0.467406 0.442772 0.417554 0.391942 0.366131 0.340319 0.314706 0.289484 0.264837 0.24094 0.217946 0.195995 0.175202 0.15566 0.137439 0.120584 0.105116 0.0910354 0.0783203 0.0669317 0.0568149 0.0479024 0.0401175 0.0333765 0.0275926 0.0226778 0.0185461 0.015115 0.0123082 0.0100566 0.0082998 0.00698721 0.00607874 0.00554536 
0.00586213 0.00605284 0.00663125 0.0076161 0.00903835 0.0109407 0.0133771 0.0164116 0.0201175 0.0245756 0.0298728 0.0360995 0.0433478 0.051708 0.0612664 0.0721017 0.0842819 0.0978609 0.112876 0.129344 0.14726 0.166597 0.187299 0.209288 0.23246 0.256687 0.281819 0.307686 0.334106 0.36088 0.387804 0.41467 0.441272 0.467406 0.492879 0.51751 0.54113 0.563588 0.584753 0.604509 0.622759 0.639425 0.654444 0.667767 0.679358 0.689193 0.697254 0.70353 0.708017 0.71071 0.711607 0.71071 0.708017 0.70353 0.697254 0.689193 0.679358 0.667767 0.654444 0.639425 0.622759 0.604509 0.584753 0.563588 0.54113 0.51751 0.492879 0.467406 0.441272 0.41467 0.387804 0.36088 0.334106 0.307686 0.281819 0.256687 0.23246 0.209288 0.187299 0.166597 0.14726 0.129344 0.112876 0.0978609 0.0842819 0.0721017 0.0612664 0.051708 0.0433478 0.0360995 0.0298728 0.0245756 0.0201175 0.0164116 0.0133771 0.0109407 0.00903835 0.0076161 0.00663125 0.00605284 
0.00636414 0.00656989 0.00719382 0.00825582 0.00978876 0.011838 0.0144605 0.0177243 0.0217064 0.0264922 0.0321728 0.0388427 0.0465978 0.0555317 0.0657331 0.0772821 0.0902467 0.10468 0.120616 0.138068 0.157026 0.177452 0.199286 0.222437 0.24679 0.272205 0.29852 0.325554 0.353109 0.380978 0.408945 0.436793 0.464307 0.491278 0.51751 0.542816 0.567031 0.590004 0.611606 0.631726 0.650274 0.667178 0.682381 0.695845 0.707539 0.717447 0.725557 0.731866 0.736372 0.739075 0.739976 0.739075 0.736372 0.731866 0.725557 0.717447 0.707539 0.695845 0.682381 0.667178 0.650274 0.631726 0.611606 0.590004 0.567031 0.542816 0.51751 0.491278 0.464307 0.436793 0.408945 0.380978 0.353109 0.325554 0.29852 0.272205 0.24679 0.222437 0.199286 0.177452 0.157026 0.138068 0.120616 0.10468 0.0902467 0.0772821 0.0657331 0.0555317 0.0465978 0.0388427 0.0321728 0.0264922 0.0217064 0.0177243 0.0144605 0.011838 0.00978876 0.00825582 0.00719382 0.00656989 
0.00687085 0.00709166 0.00776115 0.00890038 0.0105441 0.01274 0.0155485 0.0190409 0.0232983 0.0284101 0.0344715 0.0415811 0.0498382 0.0593392 0.070175 0.0824267 0.0961622 0.111433 0.12827 0.146682 0.166652 0.188136 0.211062 0.235332 0.260818 0.287368 0.314809 0.342946 0.37157 0.400462 0.429397 0.458149 0.486495 0.514223 0.54113 0.567031 0.591759 0.615167 0.63713 0.657542 0.676319 0.693396 0.708726 0.722277 0.734028 0.743968 0.752095 0.758411 0.762917 0.765619 0.76652 0.765619 0.762917 0.758411 0.752095 0.743968 0.734028 0.722277 0.708726 0.693396 0.676319 0.657542 0.63713 0.615167 0.591759 0.567031 0.54113 0.514223 0.486495 0.458149 0.429397 0.400462 0.37157 0.342946 0.314809 0.287368 0.260818 0.235332 0.211062 0.188136 0.166652 0.146682 0.12827 0.111433 0.0961622 0.0824267 0.070175 0.0593392 0.0498382 0.0415811 0.0344715 0.0284101 0.0232983 0.0190409 0.0155485 0.01274 0.0105441 0.00890038 0.00776115 0.00709166 
0.00737713 0.00761288 0.00832756 0.00954331 0.0112967 0.0136379 0.0166303 0.0203485 0.0248776 0.0303108 0.036747 0.0442887 0.0530382 0.0630947 0.0745508 0.0874882 0.101974 0.118058 0.135769 0.155108 0.176054 0.198555 0.222529 0.247866 0.27443 0.302055 0.330557 0.359728 0.389348 0.419188 0.449013 0.478588 0.507686 0.536087 0.563588 0.590004 0.615167 0.638935 0.661185 0.68182 0.700762 0.717953 0.733356 0.746946 0.75871 0.768648 0.776762 0.78306 0.78755 0.790241 0.791138 0.790241 0.78755 0.78306 0.776762 0.768648 0.75871 0.746946 0.733356 0.717953 0.700762 0.68182 0.661185 0.638935 0.615167 0.590004 0.563588 0.536087 0.507686 0.478588 0.449013 0.419188 0.389348 0.359728 0.330557 0.302055 0.27443 0.247866 0.222529 0.198555 0.176054 0.155108 0.135769 0.118058 0.101974 0.0874882 0.0745508 0.0630947 0.0530382 0.0442887 0.036747 0.0303108 0.0248776 0.0203485 0.0166303 0.0136379 0.0112967 0.00954331 0.00832756 0.00761288 
0.00787753 0.00812794 0.00888695 0.0101778 0.0120387 0.0145223 0.0176946 0.0216337 0.0264282 0.0321748 0.0389763 0.0469384 0.0561663 0.0667616 0.0788182 0.0924182 0.107628 0.124495 0.143044 0.163272 0.18515 0.208618 0.233587 0.259935 0.287514 0.316148 0.34564 0.375772 0.406312 0.437022 0.467656 0.497974 0.527742 0.556736 0.584753 0.611606 0.63713 0.661185 0.683656 0.704451 0.723498 0.740751 0.756178 0.769763 0.781505 0.791407 0.799482 0.805743 0.810203 0.812874 0.813764 0.812874 0.810203 0.805743 0.799482 0.791407 0.781505 0.769763 0.756178 0.740751 0.723498 0.704451 0.683656 0.661185 0.63713 0.611606 0.584753 0.556736 0.527742 0.497974 0.467656 0.437022 0.406312 0.375772 0.34564 0.316148 0.287514 0.259935 0.233587 0.208618 0.18515 0.163272 0.143044 0.124495 0.107628 0.0924182 0.0788182 0.0667616 0.0561663 0.0469384 0.0389763 0.0321748 0.0264282 0.0216337 0.0176946 0.0145223 0.0120387 0.0101778 0.00888695 0.00812794 
