5.77009e-05 5.96347e-05 6.55148e-05 7.55779e-05 9.02198e-05 0.000109999 0.000135637 0.000168026 0.000208226 0.000257468 0.000317152 0.000388846 0.000474272 0.000575297 0.000693915 0.000832222 0.000992383 0.0011766 0.00138706 0.0016259 0.00189513 0.00219657 0.00253181 0.00290214 0.00330844 0.00375116 0.00423025 0.00474508 0.0052944 0.00587633 0.0064883 0.00712705 0.00778866 0.00846853 0.00916144 0.0098616 0.0105628 0.0112582 0.011941 0.0126039 0.0132396 0.0138411 0.0144012 0.0149132 0.0153709 0.0157686 0.0161012 0.0163645 0.016555 0.0166704 0.016709 0.0166704 0.016555 0.0163645 0.0161012 0.0157686 0.0153709 0.0149132 0.0144012 0.0138411 0.0132396 0.0126039 0.011941 0.0112582 0.0105628 0.0098616 0.00916144 0.00846853 0.00778866 0.00712705 0.0064883 0.00587633 0.0052944 0.00474508 0.00423025 0.00375116 0.00330844 0.00290214 0.00253181 0.00219657 0.00189513 0.0016259 0.00138706 0.0011766 0.000992383 0.000832222 0.000693915 0.000575297 0.000474272 0.000388846 0.000317152 0.000257468 0.000208226 0.000168026 0.000135637 0.000109999 9.02198e-05 7.55779e-05 6.55148e-05 5.96347e-05 
5.96347e-05 6.16294e-05 6.76945e-05 7.8073e-05 9.31721e-05 0.000113565 0.000139995 0.000173377 0.000214799 0.000265526 0.000326995 0.000400814 0.000488748 0.000592712 0.000714747 0.000857 0.00102169 0.00121106 0.00142735 0.00167274 0.00194927 0.00225882 0.00260299 0.00298307 0.00339997 0.00385414 0.00434548 0.00487335 0.00543646 0.00603286 0.00665991 0.00731427 0.00799189 0.00868808 0.00939748 0.0101142 0.0108318 0.0115434 0.012242 0.0129201 0.0135704 0.0141855 0.0147582 0.0152817 0.0157497 0.0161562 0.0164962 0.0167654 0.0169601 0.017078 0.0171175 0.017078 0.0169601 0.0167654 0.0164962 0.0161562 0.0157497 0.0152817 0.0147582 0.0141855 0.0135704 0.0129201 0.012242 0.0115434 0.0108318 0.0101142 0.00939748 0.00868808 0.00799189 0.00731427 0.00665991 0.00603286 0.00543646 0.00487335 0.00434548 0.00385414 0.00339997 0.00298307 0.00260299 0.00225882 0.00194927 0.00167274 0.00142735 0.00121106 0.00102169 0.000857 0.000714747 0.000592712 0.000488748 0.000400814 0.000326995 0.000265526 0.000214799 0.000173377 0.000139995 0.000113565 9.31721e-05 7.8073e-05 6.76945e-05 6.16294e-05 
6.55148e-05 6.76945e-05 7.43208e-05 8.56572e-05 0.000102144 0.000124402 0.000153233 0.000189627 0.000234758 0.000289991 0.000356873 0.000437134 0.000532672 0.000645542 0.000777934 0.000932142 0.00111054 0.00131551 0.00154946 0.00181467 0.00211333 0.00244739 0.00281856 0.00322816 0.00367712 0.00416586 0.00469426 0.00526155 0.00586633 0.00650644 0.00717903 0.00788049 0.00860647 0.00935192 0.0101111 0.0108777 0.0116449 0.0124054 0.0131515 0.0138755 0.0145696 0.0152258 0.0158367 0.016395 0.0168938 0.0173271 0.0176894 0.0179762 0.0181837 0.0183092 0.0183513 0.0183092 0.0181837 0.0179762 0.0176894 0.0173271 0.0168938 0.016395 0.0158367 0.0152258 0.0145696 0.0138755 0.0131515 0.0124054 0.0116449 0.0108777 0.0101111 0.00935192 0.00860647 0.00788049 0.00717903 0.00650644 0.00586633 0.00526155 0.00469426 0.00416586 0.00367712 0.00322816 0.00281856 0.00244739 0.00211333 0.00181467 0.00154946 0.00131551 0.00111054 0.000932142 0.000777934 0.000645542 0.000532672 0.000437134 0.000356873 0.000289991 0.000234758 0.000189627 0.000153233 0.000124402 0.000102144 8.56572e-05 7.43208e-05 6.76945e-05 
7.55779e-05 7.8073e-05 8.56572e-05 9.86279e-05 0.000117482 0.00014292 0.000175846 0.000217374 0.000268825 0.000331731 0.000407829 0.000499055 0.000607531 0.000735548 0.000885544 0.00106007 0.00126174 0.00149322 0.00175712 0.00205597 0.00239214 0.00276776 0.00318465 0.00364424 0.00414746 0.00469472 0.00528579 0.00591975 0.00659493 0.00730889 0.00805839 0.00883937 0.00964695 0.0104755 0.0113186 0.0121694 0.0130201 0.0138628 0.0146891 0.0154905 0.0162582 0.0169837 0.0176588 0.0182754 0.0188262 0.0193045 0.0197043 0.0200207 0.0202496 0.0203881 0.0204345 0.0203881 0.0202496 0.0200207 0.0197043 0.0193045 0.0188262 0.0182754 0.0176588 0.0169837 0.0162582 0.0154905 0.0146891 0.0138628 0.0130201 0.0121694 0.0113186 0.0104755 0.00964695 0.00883937 0.00805839 0.00730889 0.00659493 0.00591975 0.00528579 0.00469472 0.00414746 0.00364424 0.00318465 0.00276776 0.00239214 0.00205597 0.00175712 0.00149322 0.00126174 0.00106007 0.000885544 0.000735548 0.000607531 0.000499055 0.000407829 0.000331731 0.000268825 0.000217374 0.000175846 0.00014292 0.000117482 9.86279e-05 8.56572e-05 7.8073e-05 
9.02198e-05 9.31721e-05 0.000102144 0.000117482 0.000139765 0.000169807 0.000208659 0.000257613 0.000318202 0.000392198 0.000481606 0.00058866 0.0007158 0.000865656 0.00104102 0.0012448 0.00147998 0.00174957 0.00205652 0.00240369 0.00279372 0.00322897 0.00371143 0.00424264 0.00482358 0.00545459 0.0061353 0.00686454 0.00764032 0.00845974 0.009319 0.0102134 0.0111373 0.0120842 0.0130469 0.0140174 0.014987 0.0159467 0.016887 0.0177982 0.0186705 0.0194944 0.0202606 0.0209601 0.0215846 0.0221267 0.0225797 0.0229381 0.0231973 0.0233542 0.0234067 0.0233542 0.0231973 0.0229381 0.0225797 0.0221267 0.0215846 0.0209601 0.0202606 0.0194944 0.0186705 0.0177982 0.016887 0.0159467 0.014987 0.0140174 0.0130469 0.0120842 0.0111373 0.0102134 0.009319 0.00845974 0.00764032 0.00686454 0.0061353 0.00545459 0.00482358 0.00424264 0.00371143 0.00322897 0.00279372 0.00240369 0.00205652 0.00174957 0.00147998 0.0012448 0.00104102 0.000865656 0.0007158 0.00058866 0.000481606 0.000392198 0.000318202 0.000257613 0.000208659 0.000169807 0.000139765 0.000117482 0.000102144 9.31721e-05 
0.000109999 0.000113565 0.000124402 0.00014292 0.000169807 0.000206028 0.00025283 0.000311742 0.000384575 0.00047342 0.000580641 0.000708859 0.000860938 0.00103995 0.00124916 0.00149194 0.00177175 0.00209207 0.00245629 0.00286767 0.00332921 0.00384356 0.00441296 0.00503905 0.00572286 0.00646463 0.0072638 0.00811888 0.00902739 0.00998585 0.0109897 0.0120334 0.0131104 0.014213 0.0153328 0.0164605 0.0175861 0.0186992 0.0197889 0.020844 0.0218534 0.022806 0.0236914 0.0244992 0.0252202 0.0258456 0.0263682 0.0267814 0.0270803 0.0272611 0.0273216 0.0272611 0.0270803 0.0267814 0.0263682 0.0258456 0.0252202 0.0244992 0.0236914 0.022806 0.0218534 0.020844 0.0197889 0.0186992 0.0175861 0.0164605 0.0153328 0.014213 0.0131104 0.0120334 0.0109897 0.00998585 0.00902739 0.00811888 0.0072638 0.00646463 0.00572286 0.00503905 0.00441296 0.00384356 0.00332921 0.00286767 0.00245629 0.00209207 0.00177175 0.00149194 0.00124916 0.00103995 0.000860938 0.000708859 0.000580641 0.00047342 0.000384575 0.000311742 0.00025283 0.000206028 0.000169807 0.00014292 0.000124402 0.000113565 
0.000135637 0.000139995 0.000153233 0.000175846 0.000208659 0.00025283 0.000309853 0.00038156 0.000470114 0.00057801 0.000708062 0.000863387 0.00104738 0.00126367 0.00151611 0.00180865 0.00214537 0.0025303 0.00296739 0.00346039 0.00401275 0.00462748 0.00530707 0.00605332 0.00686726 0.00774904 0.00869781 0.00971164 0.0107875 0.011921 0.0131068 0.0143382 0.0156074 0.0169054 0.0182222 0.0195469 0.0208679 0.0221729 0.0234494 0.0246843 0.0258648 0.0269782 0.0280122 0.0289552 0.0297963 0.0305257 0.0311348 0.0316164 0.0319646 0.0321752 0.0322457 0.0321752 0.0319646 0.0316164 0.0311348 0.0305257 0.0297963 0.0289552 0.0280122 0.0269782 0.0258648 0.0246843 0.0234494 0.0221729 0.0208679 0.0195469 0.0182222 0.0169054 0.0156074 0.0143382 0.0131068 0.011921 0.0107875 0.00971164 0.00869781 0.00774904 0.00686726 0.00605332 0.00530707 0.00462748 0.00401275 0.00346039 0.00296739 0.0025303 0.00214537 0.00180865 0.00151611 0.00126367 0.00104738 0.000863387 0.000708062 0.00057801 0.000470114 0.00038156 0.000309853 0.00025283 0.000208659 0.000175846 0.000153233 0.000139995 
0.000168026 0.000173377 0.000189627 0.000217374 0.000257613 0.000311742 0.00038156 0.000469268 0.000577468 0.000709151 0.000867684 0.00105679 0.00128051 0.00154317 0.0018493 0.00220362 0.00261087 0.00307581 0.00360304 0.0041969 0.00486136 0.00559985 0.00641514 0.00730921 0.00828308 0.00933672 0.0104689 0.0116772 0.0129577 0.0143053 0.0157133 0.0171737 0.0186771 0.0202128 0.0217692 0.0233333 0.0248915 0.0264294 0.0279322 0.029385 0.0307726 0.0320805 0.0332942 0.0344005 0.0353867 0.0362415 0.0369552 0.0375192 0.0379269 0.0381734 0.038256 0.0381734 0.0379269 0.0375192 0.0369552 0.0362415 0.0353867 0.0344005 0.0332942 0.0320805 0.0307726 0.029385 0.0279322 0.0264294 0.0248915 0.0233333 0.0217692 0.0202128 0.0186771 0.0171737 0.0157133 0.0143053 0.0129577 0.0116772 0.0104689 0.00933672 0.00828308 0.00730921 0.00641514 0.00559985 0.00486136 0.0041969 0.00360304 0.00307581 0.00261087 0.00220362 0.0018493 0.00154317 0.00128051 0.00105679 0.000867684 0.000709151 0.000577468 0.000469268 0.00038156 0.000311742 0.000257613 0.000217374 0.000189627 0.000173377 
0.000208226 0.000214799 0.000234758 0.000268825 0.000318202 0.000384575 0.000470114 0.000577468 0.000709766 0.000870596 0.00106399 0.0012944 0.00156665 0.00188587 0.00225745 0.00268695 0.00317996 0.00374206 0.00437861 0.00509465 0.00589474 0.00678277 0.00776185 0.00883409 0.0100005 0.0112608 0.0126133 0.0140548 0.0155806 0.0171843 0.0188578 0.0205916 0.0223743 0.0241935 0.0260349 0.0278837 0.0297235 0.0315377 0.033309 0.0350197 0.0366525 0.0381903 0.0396165 0.0409156 0.0420731 0.043076 0.0439129 0.0445741 0.045052 0.0453409 0.0454376 0.0453409 0.045052 0.0445741 0.0439129 0.043076 0.0420731 0.0409156 0.0396165 0.0381903 0.0366525 0.0350197 0.033309 0.0315377 0.0297235 0.0278837 0.0260349 0.0241935 0.0223743 0.0205916 0.0188578 0.0171843 0.0155806 0.0140548 0.0126133 0.0112608 0.0100005 0.00883409 0.00776185 0.00678277 0.00589474 0.00509465 0.00437861 0.00374206 0.00317996 0.00268695 0.00225745 0.00188587 0.00156665 0.0012944 0.00106399 0.000870596 0.000709766 0.000577468 0.000470114 0.000384575 0.000318202 0.000268825 0.000234758 0.000214799 
0.000257468 0.000265526 0.000289991 0.000331731 0.000392198 0.00047342 0.00057801 0.000709151 0.000870596 0.00106665 0.00130212 0.00158233 0.00191301 0.00230025 0.00275044 0.00327012 0.00386589 0.00454424 0.00531142 0.00617327 0.00713499 0.008201 0.00937475 0.0106585 0.0120531 0.0135581 0.015171 0.0168879 0.0187029 0.0206082 0.022594 0.0246489 0.0267594 0.0289105 0.0310857 0.0332671 0.0354359 0.0375725 0.0396565 0.0416676 0.0435856 0.0453906 0.0470636 0.0485865 0.0499428 0.0511173 0.052097 0.0528708 0.05343 0.053768 0.0538811 0.053768 0.05343 0.0528708 0.052097 0.0511173 0.0499428 0.0485865 0.0470636 0.0453906 0.0435856 0.0416676 0.0396565 0.0375725 0.0354359 0.0332671 0.0310857 0.0289105 0.0267594 0.0246489 0.022594 0.0206082 0.0187029 0.0168879 0.015171 0.0135581 0.0120531 0.0106585 0.00937475 0.008201 0.00713499 0.00617327 0.00531142 0.00454424 0.00386589 0.00327012 0.00275044 0.00230025 0.00191301 0.00158233 0.00130212 0.00106665 0.000870596 0.000709151 0.00057801 0.00047342 0.000392198 0.000331731 0.000289991 0.000265526 
0.000317152 0.000326995 0.000356873 0.000407829 0.000481606 0.000580641 0.000708062 0.000867684 0.00106399 0.00130212 0.00158781 0.00192737 0.00232761 0.00279573 0.00333925 0.00396587 0.0046833 0.00549911 0.00642054 0.0074543 0.00860633 0.00988162 0.0112839 0.0128156 0.0144775 0.0162684 0.0181853 0.0202233 0.0223749 0.0246307 0.0269791 0.0294061 0.031896 0.0344309 0.0369914 0.0395565 0.0421042 0.0446115 0.047055 0.049411 0.0516561 0.0537673 0.0557228 0.0575018 0.0590853 0.060456 0.0615988 0.0625012 0.0631531 0.0635471 0.063679 0.0635471 0.0631531 0.0625012 0.0615988 0.060456 0.0590853 0.0575018 0.0557228 0.0537673 0.0516561 0.049411 0.047055 0.0446115 0.0421042 0.0395565 0.0369914 0.0344309 0.031896 0.0294061 0.0269791 0.0246307 0.0223749 0.0202233 0.0181853 0.0162684 0.0144775 0.0128156 0.0112839 0.00988162 0.00860633 0.0074543 0.00642054 0.00549911 0.0046833 0.00396587 0.00333925 0.00279573 0.00232761 0.00192737 0.00158781 0.00130212 0.00106399 0.000867684 0.000708062 0.000580641 0.000481606 0.000407829 0.000356873 0.000326995 
0.000388846 0.000400814 0.000437134 0.000499055 0.00058866 0.000708859 0.000863387 0.00105679 0.0012944 0.00158233 0.00192737 0.002337 0.00281924 0.00338257 0.00403582 0.00478799 0.00564804 0.00662476 0.0077265 0.00896091 0.0103347 0.0118535 0.0135214 0.0153407 0.017312 0.0194337 0.0217017 0.0241098 0.0266489 0.0293077 0.0320722 0.0349258 0.0378498 0.0408234 0.0438236 0.046826 0.0498049 0.0527338 0.0555855 0.0583326 0.0609483 0.0634062 0.0656812 0.0677496 0.0695896 0.0711816 0.0725084 0.0735557 0.0743121 0.0747693 0.0749223 0.0747693 0.0743121 0.0735557 0.0725084 0.0711816 0.0695896 0.0677496 0.0656812 0.0634062 0.0609483 0.0583326 0.0555855 0.0527338 0.0498049 0.046826 0.0438236 0.0408234 0.0378498 0.0349258 0.0320722 0.0293077 0.0266489 0.0241098 0.0217017 0.0194337 0.017312 0.0153407 0.0135214 0.0118535 0.0103347 0.00896091 0.0077265 0.00662476 0.00564804 0.00478799 0.00403582 0.00338257 0.00281924 0.002337 0.00192737 0.00158233 0.0012944 0.00105679 0.000863387 0.000708859 0.00058866 0.000499055 0.000437134 0.000400814 
0.000474272 0.000488748 0.000532672 0.000607531 0.0007158 0.000860938 0.00104738 0.00128051 0.00156665 0.00191301 0.00232761 0.00281924 0.00339731 0.00407178 0.00485291 0.00575117 0.00677696 0.00794037 0.00925098 0.0107175 0.0123474 0.014147 0.0161205 0.0182704 0.0205968 0.0230974 0.0257669 0.0285976 0.0315785 0.034696 0.0379332 0.0412709 0.0446868 0.0481564 0.0516532 0.0551489 0.0586135 0.0620165 0.0653267 0.0685127 0.0715437 0.0743896 0.077022 0.0794137 0.0815402 0.0833791 0.0849112 0.0861201 0.0869929 0.0875204 0.0876968 0.0875204 0.0869929 0.0861201 0.0849112 0.0833791 0.0815402 0.0794137 0.077022 0.0743896 0.0715437 0.0685127 0.0653267 0.0620165 0.0586135 0.0551489 0.0516532 0.0481564 0.0446868 0.0412709 0.0379332 0.034696 0.0315785 0.0285976 0.0257669 0.0230974 0.0205968 0.0182704 0.0161205 0.014147 0.0123474 0.0107175 0.00925098 0.00794037 0.00677696 0.00575117 0.00485291 0.00407178 0.00339731 0.00281924 0.00232761 0.00191301 0.00156665 0.00128051 0.00104738 0.000860938 0.0007158 0.000607531 0.000532672 0.000488748 
0.000575297 0.000592712 0.000645542 0.000735548 0.000865656 0.00103995 0.00126367 0.00154317 0.00188587 0.00230025 0.00279573 0.00338257 0.00407178 0.0048749 0.00580388 0.00687079 0.00808758 0.00946583 0.0110164 0.0127491 0.0146723 0.0167928 0.0191153 0.0216419 0.0243722 0.027303 0.0304277 0.0337366 0.0372166 0.0408514 0.044621 0.0485027 0.0524706 0.0564961 0.0605485 0.064595 0.0686014 0.0725324 0.0763525 0.0800259 0.0835176 0.0867936 0.0898215 0.0925709 0.0950138 0.0971254 0.0988839 0.100271 0.101272 0.101877 0.102079 0.101877 0.101272 0.100271 0.0988839 0.0971254 0.0950138 0.0925709 0.0898215 0.0867936 0.0835176 0.0800259 0.0763525 0.0725324 0.0686014 0.064595 0.0605485 0.0564961 0.0524706 0.0485027 0.044621 0.0408514 0.0372166 0.0337366 0.0304277 0.027303 0.0243722 0.0216419 0.0191153 0.0167928 0.0146723 0.0127491 0.0110164 0.00946583 0.00808758 0.00687079 0.00580388 0.0048749 0.00407178 0.00338257 0.00279573 0.00230025 0.00188587 0.00154317 0.00126367 0.00103995 0.000865656 0.000735548 0.000645542 0.000592712 
0.000693915 0.000714747 0.000777934 0.000885544 0.00104102 0.00124916 0.00151611 0.0018493 0.00225745 0.00275044 0.00333925 0.00403582 0.00485291 0.00580388 0.00690248 0.00816257 0.00959782 0.0112214 0.0130455 0.0150811 0.0173376 0.0198221 0.0225395 0.0254918 0.0286779 0.0320931 0.0357295 0.0395751 0.0436143 0.0478274 0.0521913 0.0566792 0.061261 0.0659038 0.070572 0.0752282 0.0798331 0.0843468 0.0887286 0.0929383 0.0969362 0.100684 0.104146 0.107286 0.110076 0.112485 0.114491 0.116073 0.117214 0.117903 0.118134 0.117903 0.117214 0.116073 0.114491 0.112485 0.110076 0.107286 0.104146 0.100684 0.0969362 0.0929383 0.0887286 0.0843468 0.0798331 0.0752282 0.070572 0.0659038 0.061261 0.0566792 0.0521913 0.0478274 0.0436143 0.0395751 0.0357295 0.0320931 0.0286779 0.0254918 0.0225395 0.0198221 0.0173376 0.0150811 0.0130455 0.0112214 0.00959782 0.00816257 0.00690248 0.00580388 0.00485291 0.00403582 0.00333925 0.00275044 0.00225745 0.0018493 0.00151611 0.00124916 0.00104102 0.000885544 0.000777934 0.000714747 
0.000832222 0.000857 0.000932142 0.00106007 0.0012448 0.00149194 0.00180865 0.00220362 0.00268695 0.00327012 0.00396587 0.00478799 0.00575117 0.00687079 0.00816257 0.00964233 0.0113256 0.0132271 0.0153607 0.0177385 0.0203707 0.0232649 0.0264261 0.0298557 0.0335519 0.0375085 0.0417155 0.0461585 0.0508188 0.0556733 0.060695 0.0658526 0.0711115 0.0764337 0.0817787 0.0871037 0.0923641 0.0975147 0.10251 0.107304 0.111853 0.116114 0.120046 0.123611 0.126776 0.129508 0.131781 0.133573 0.134866 0.135646 0.135908 0.135646 0.134866 0.133573 0.131781 0.129508 0.126776 0.123611 0.120046 0.116114 0.111853 0.107304 0.10251 0.0975147 0.0923641 0.0871037 0.0817787 0.0764337 0.0711115 0.0658526 0.060695 0.0556733 0.0508188 0.0461585 0.0417155 0.0375085 0.0335519 0.0298557 0.0264261 0.0232649 0.0203707 0.0177385 0.0153607 0.0132271 0.0113256 0.00964233 0.00816257 0.00687079 0.00575117 0.00478799 0.00396587 0.00327012 0.00268695 0.00220362 0.00180865 0.00149194 0.0012448 0.00106007 0.000932142 0.000857 
0.000992383 0.00102169 0.00111054 0.00126174 0.00147998 0.00177175 0.00214537 0.00261087 0.00317996 0.00386589 0.0046833 0.00564804 0.00677696 0.00808758 0.00959782 0.0113256 0.0132883 0.0155027 0.0179839 0.0207453 0.0237979 0.0271498 0.0308057 0.0347667 0.0390294 0.0435862 0.0484246 0.0535273 0.0588722 0.0644324 0.0701761 0.0760676 0.0820669 0.0881309 0.0942132 0.100265 0.106237 0.112078 0.117737 0.123162 0.128305 0.133118 0.137557 0.141578 0.145145 0.148223 0.150783 0.1528 0.154255 0.155133 0.155427 0.155133 0.154255 0.1528 0.150783 0.148223 0.145145 0.141578 0.137557 0.133118 0.128305 0.123162 0.117737 0.112078 0.106237 0.100265 0.0942132 0.0881309 0.0820669 0.0760676 0.0701761 0.0644324 0.0588722 0.0535273 0.0484246 0.0435862 0.0390294 0.0347667 0.0308057 0.0271498 0.0237979 0.0207453 0.0179839 0.0155027 0.0132883 0.0113256 0.00959782 0.00808758 0.00677696 0.00564804 0.0046833 0.00386589 0.00317996 0.00261087 0.00214537 0.00177175 0.00147998 0.00126174 0.00111054 0.00102169 
0.0011766 0.00121106 0.00131551 0.00149322 0.00174957 0.00209207 0.0025303 0.00307581 0.00374206 0.00454424 0.00549911 0.00662476 0.00794037 0.00946583 0.0112214 0.0132271 0.0155027 0.0180665 0.0209353 0.0241237 0.0276434 0.0315029 0.0357064 0.0402543 0.0451416 0.0503588 0.0558905 0.0617161 0.0678097 0.0741399 0.0806701 0.0873592 0.0941616 0.101028 0.107907 0.114744 0.121481 0.128063 0.134433 0.140534 0.146312 0.151715 0.156692 0.161199 0.165194 0.168639 0.171503 0.173759 0.175385 0.176367 0.176695 0.176367 0.175385 0.173759 0.171503 0.168639 0.165194 0.161199 0.156692 0.151715 0.146312 0.140534 0.134433 0.128063 0.121481 0.114744 0.107907 0.101028 0.0941616 0.0873592 0.0806701 0.0741399 0.0678097 0.0617161 0.0558905 0.0503588 0.0451416 0.0402543 0.0357064 0.0315029 0.0276434 0.0241237 0.0209353 0.0180665 0.0155027 0.0132271 0.0112214 0.00946583 0.00794037 0.00662476 0.00549911 0.00454424 0.00374206 0.00307581 0.0025303 0.00209207 0.00174957 0.00149322 0.00131551 0.00121106 
0.00138706 0.00142735 0.00154946 0.00175712 0.00205652 0.00245629 0.00296739 0.00360304 0.00437861 0.00531142 0.00642054 0.0077265 0.00925098 0.0110164 0.0130455 0.0153607 0.0179839 0.0209353 0.0242333 0.0278937 0.0319287 0.0363469 0.0411522 0.0463435 0.0519145 0.0578527 0.0641399 0.0707518 0.0776578 0.0848217 0.0922017 0.0997507 0.107417 0.115146 0.122878 0.130552 0.138107 0.145479 0.152604 0.159422 0.165872 0.171898 0.177445 0.182464 0.186909 0.19074 0.193923 0.196429 0.198236 0.199326 0.199691 0.199326 0.198236 0.196429 0.193923 0.19074 0.186909 0.182464 0.177445 0.171898 0.165872 0.159422 0.152604 0.145479 0.138107 0.130552 0.122878 0.115146 0.107417 0.0997507 0.0922017 0.0848217 0.0776578 0.0707518 0.0641399 0.0578527 0.0519145 0.0463435 0.0411522 0.0363469 0.0319287 0.0278937 0.0242333 0.0209353 0.0179839 0.0153607 0.0130455 0.0110164 0.00925098 0.0077265 0.00642054 0.00531142 0.00437861 0.00360304 0.00296739 0.00245629 0.00205652 0.00175712 0.00154946 0.00142735 
0.0016259 0.00167274 0.00181467 0.00205597 0.00240369 0.00286767 0.00346039 0.0041969 0.00509465 0.00617327 0.0074543 0.00896091 0.0107175 0.0127491 0.0150811 0.0177385 0.0207453 0.0241237 0.0278937 0.0320719 0.0366713 0.0417002 0.0471619 0.0530539 0.0593674 0.0660873 0.0731917 0.0806519 0.0884328 0.0964925 0.104783 0.113252 0.121841 0.130487 0.139125 0.147689 0.156107 0.164312 0.172234 0.179805 0.186961 0.193639 0.199781 0.205334 0.210248 0.214482 0.217997 0.220764 0.222757 0.22396 0.224362 0.22396 0.222757 0.220764 0.217997 0.214482 0.210248 0.205334 0.199781 0.193639 0.186961 0.179805 0.172234 0.164312 0.156107 0.147689 0.139125 0.130487 0.121841 0.113252 0.104783 0.0964925 0.0884328 0.0806519 0.0731917 0.0660873 0.0593674 0.0530539 0.0471619 0.0417002 0.0366713 0.0320719 0.0278937 0.0241237 0.0207453 0.0177385 0.0150811 0.0127491 0.0107175 0.00896091 0.0074543 0.00617327 0.00509465 0.0041969 0.00346039 0.00286767 0.00240369 0.00205597 0.00181467 0.00167274 
0.00189513 0.00194927 0.00211333 0.00239214 0.00279372 0.00332921 0.00401275 0.00486136 0.00589474 0.00713499 0.00860633 0.0103347 0.0123474 0.0146723 0.0173376 0.0203707 0.0237979 0.0276434 0.0319287 0.0366713 0.0418845 0.0475763 0.0537489 0.060398 0.0675123 0.0750733 0.083055 0.091424 0.10014 0.109155 0.118414 0.127859 0.137423 0.147039 0.156632 0.166129 0.175454 0.18453 0.193283 0.201639 0.209528 0.216883 0.223641 0.229746 0.235146 0.239794 0.243651 0.246686 0.248872 0.25019 0.250631 0.25019 0.248872 0.246686 0.243651 0.239794 0.235146 0.229746 0.223641 0.216883 0.209528 0.201639 0.193283 0.18453 0.175454 0.166129 0.156632 0.147039 0.137423 0.127859 0.118414 0.109155 0.10014 0.091424 0.083055 0.0750733 0.0675123 0.060398 0.0537489 0.0475763 0.0418845 0.0366713 0.0319287 0.0276434 0.0237979 0.0203707 0.0173376 0.0146723 0.0123474 0.0103347 0.00860633 0.00713499 0.00589474 0.00486136 0.00401275 0.00332921 0.00279372 0.00239214 0.00211333 0.00194927 
0.00219657 0.00225882 0.00244739 0.00276776 0.00322897 0.00384356 0.00462748 0.00559985 0.00678277 0.008201 0.00988162 0.0118535 0.014147 0.0167928 0.0198221 0.0232649 0.0271498 0.0315029 0.0363469 0.0417002 0.0475763 0.0539826 0.0609197 0.0683812 0.0763527 0.0848121 0.0937287 0.103064 0.112771 0.122796 0.133078 0.14355 0.154139 0.164769 0.17536 0.18583 0.196097 0.206077 0.215689 0.224855 0.233499 0.24155 0.248941 0.255611 0.261506 0.266577 0.270783 0.274091 0.276472 0.277909 0.278389 0.277909 0.276472 0.274091 0.270783 0.266577 0.261506 0.255611 0.248941 0.24155 0.233499 0.224855 0.215689 0.206077 0.196097 0.18583 0.17536 0.164769 0.154139 0.14355 0.133078 0.122796 0.112771 0.103064 0.0937287 0.0848121 0.0763527 0.0683812 0.0609197 0.0539826 0.0475763 0.0417002 0.0363469 0.0315029 0.0271498 0.0232649 0.0198221 0.0167928 0.014147 0.0118535 0.00988162 0.008201 0.00678277 0.00559985 0.00462748 0.00384356 0.00322897 0.00276776 0.00244739 0.00225882 
0.00253181 0.00260299 0.00281856 0.00318465 0.00371143 0.00441296 0.00530707 0.00641514 0.00776185 0.00937475 0.0112839 0.0135214 0.0161205 0.0191153 0.0225395 0.0264261 0.0308057 0.0357064 0.0411522 0.0471619 0.0537489 0.0609197 0.0686731 0.0770001 0.0858829 0.0952948 0.1052 0.115555 0.126306 0.137391 0.148744 0.160288 0.171945 0.183629 0.195253 0.206728 0.217965 0.228873 0.239367 0.249361 0.258775 0.267534 0.275567 0.28281 0.289206 0.294705 0.299263 0.302845 0.305423 0.306978 0.307498 0.306978 0.305423 0.302845 0.299263 0.294705 0.289206 0.28281 0.275567 0.267534 0.258775 0.249361 0.239367 0.228873 0.217965 0.206728 0.195253 0.183629 0.171945 0.160288 0.148744 0.137391 0.126306 0.115555 0.1052 0.0952948 0.0858829 0.0770001 0.0686731 0.0609197 0.0537489 0.0471619 0.0411522 0.0357064 0.0308057 0.0264261 0.0225395 0.0191153 0.0161205 0.0135214 0.0112839 0.00937475 0.00776185 0.00641514 0.00530707 0.00441296 0.00371143 0.00318465 0.00281856 0.00260299 
0.00290214 0.00298307 0.00322816 0.00364424 0.00424264 0.00503905 0.00605332 0.00730921 0.00883409 0.0106585 0.0128156 0.0153407 0.0182704 0.0216419 0.0254918 0.0298557 0.0347667 0.0402543 0.0463435 0.0530539 0.060398 0.0683812 0.0770001 0.0862426 0.0960869 0.106502 0.117445 0.128868 0.140708 0.152899 0.165363 0.178019 0.190778 0.203548 0.216233 0.228738 0.240965 0.25282 0.264208 0.275041 0.285233 0.294705 0.303383 0.311201 0.318098 0.324024 0.328933 0.332788 0.335563 0.337236 0.337795 0.337236 0.335563 0.332788 0.328933 0.324024 0.318098 0.311201 0.303383 0.294705 0.285233 0.275041 0.264208 0.25282 0.240965 0.228738 0.216233 0.203548 0.190778 0.178019 0.165363 0.152899 0.140708 0.128868 0.117445 0.106502 0.0960869 0.0862426 0.0770001 0.0683812 0.060398 0.0530539 0.0463435 0.0402543 0.0347667 0.0298557 0.0254918 0.0216419 0.0182704 0.0153407 0.0128156 0.0106585 0.00883409 0.00730921 0.00605332 0.00503905 0.00424264 0.00364424 0.00322816 0.00298307 
0.00330844 0.00339997 0.00367712 0.00414746 0.00482358 0.00572286 0.00686726 0.00828308 0.0100005 0.0120531 0.0144775 0.017312 0.0205968 0.0243722 0.0286779 0.0335519 0.0390294 0.0451416 0.0519145 0.0593674 0.0675123 0.0763527 0.0858829 0.0960869 0.106939 0.118401 0.130427 0.142959 0.15593 0.169262 0.182873 0.19667 0.210559 0.224438 0.238204 0.251754 0.264984 0.277793 0.290081 0.301755 0.312725 0.322908 0.332228 0.340616 0.34801 0.354357 0.359612 0.363738 0.366705 0.368494 0.369091 0.368494 0.366705 0.363738 0.359612 0.354357 0.34801 0.340616 0.332228 0.322908 0.312725 0.301755 0.290081 0.277793 0.264984 0.251754 0.238204 0.224438 0.210559 0.19667 0.182873 0.169262 0.15593 0.142959 0.130427 0.118401 0.106939 0.0960869 0.0858829 0.0763527 0.0675123 0.0593674 0.0519145 0.0451416 0.0390294 0.0335519 0.0286779 0.0243722 0.0205968 0.017312 0.0144775 0.0120531 0.0100005 0.00828308 0.00686726 0.00572286 0.00482358 0.00414746 0.00367712 0.00339997 
0.00375116 0.00385414 0.00416586 0.00469472 0.00545459 0.00646463 0.00774904 0.00933672 0.0112608 0.0135581 0.0162684 0.0194337 0.0230974 0.027303 0.0320931 0.0375085 0.0435862 0.0503588 0.0578527 0.0660873 0.0750733 0.0848121 0.0952948 0.106502 0.118401 0.130951 0.144097 0.157774 0.171906 0.18641 0.201193 0.216155 0.231191 0.246194 0.261051 0.275653 0.289889 0.303651 0.316836 0.329344 0.341084 0.351969 0.361921 0.370868 0.378748 0.385507 0.391099 0.395487 0.398642 0.400543 0.401178 0.400543 0.398642 0.395487 0.391099 0.385507 0.378748 0.370868 0.361921 0.351969 0.341084 0.329344 0.316836 0.303651 0.289889 0.275653 0.261051 0.246194 0.231191 0.216155 0.201193 0.18641 0.171906 0.157774 0.144097 0.130951 0.118401 0.106502 0.0952948 0.0848121 0.0750733 0.0660873 0.0578527 0.0503588 0.0435862 0.0375085 0.0320931 0.027303 0.0230974 0.0194337 0.0162684 0.0135581 0.0112608 0.00933672 0.00774904 0.00646463 0.00545459 0.00469472 0.00416586 0.00385414 
0.00423025 0.00434548 0.00469426 0.00528579 0.0061353 0.0072638 0.00869781 0.0104689 0.0126133 0.015171 0.0181853 0.0217017 0.0257669 0.0304277 0.0357295 0.0417155 0.0484246 0.0558905 0.0641399 0.0731917 0.083055 0.0937287 0.1052 0.117445 0.130427 0.144097 0.158393 0.173242 0.188562 0.204258 0.22023 0.236369 0.252562 0.268693 0.284642 0.300293 0.315528 0.330234 0.344303 0.357633 0.370127 0.381697 0.392263 0.401752 0.410102 0.417259 0.423175 0.427815 0.43115 0.433159 0.43383 0.433159 0.43115 0.427815 0.423175 0.417259 0.410102 0.401752 0.392263 0.381697 0.370127 0.357633 0.344303 0.330234 0.315528 0.300293 0.284642 0.268693 0.252562 0.236369 0.22023 0.204258 0.188562 0.173242 0.158393 0.144097 0.130427 0.117445 0.1052 0.0937287 0.083055 0.0731917 0.0641399 0.0558905 0.0484246 0.0417155 0.0357295 0.0304277 0.0257669 0.0217017 0.0181853 0.015171 0.0126133 0.0104689 0.00869781 0.0072638 0.0061353 0.00528579 0.00469426 0.00434548 
0.00474508 0.00487335 0.00526155 0.00591975 0.00686454 0.00811888 0.00971164 0.0116772 0.0140548 0.0168879 0.0202233 0.0241098 0.0285976 0.0337366 0.0395751 0.0461585 0.0535273 0.0617161 0.0707518 0.0806519 0.091424 0.103064 0.115555 0.128868 0.142959 0.157774 0.173242 0.189283 0.205806 0.222706 0.239875 0.257196 0.274545 0.291799 0.308832 0.325519 0.341737 0.357369 0.372302 0.38643 0.399654 0.411885 0.423041 0.43305 0.441849 0.449384 0.455609 0.460488 0.463993 0.466103 0.466808 0.466103 0.463993 0.460488 0.455609 0.449384 0.441849 0.43305 0.423041 0.411885 0.399654 0.38643 0.372302 0.357369 0.341737 0.325519 0.308832 0.291799 0.274545 0.257196 0.239875 0.222706 0.205806 0.189283 0.173242 0.157774 0.142959 0.128868 0.115555 0.103064 0.091424 0.0806519 0.0707518 0.0617161 0.0535273 0.0461585 0.0395751 0.0337366 0.0285976 0.0241098 0.0202233 0.0168879 0.0140548 0.0116772 0.00971164 0.00811888 0.00686454 0.00591975 0.00526155 0.00487335 
0.0052944 0.00543646 0.00586633 0.00659493 0.00764032 0.00902739 0.0107875 0.0129577 0.0155806 0.0187029 0.0223749 0.0266489 0.0315785 0.0372166 0.0436143 0.0508188 0.0588722 0.0678097 0.0776578 0.0884328 0.10014 0.112771 0.126306 0.140708 0.15593 0.171906 0.188562 0.205806 0.223537 0.241645 0.260009 0.278505 0.297 0.315363 0.333462 0.351163 0.36834 0.384871 0.400638 0.415533 0.429457 0.442318 0.454035 0.464535 0.473757 0.481647 0.48816 0.493262 0.496926 0.499131 0.499868 0.499131 0.496926 0.493262 0.48816 0.481647 0.473757 0.464535 0.454035 0.442318 0.429457 0.415533 0.400638 0.384871 0.36834 0.351163 0.333462 0.315363 0.297 0.278505 0.260009 0.241645 0.223537 0.205806 0.188562 0.171906 0.15593 0.140708 0.126306 0.112771 0.10014 0.0884328 0.0776578 0.0678097 0.0588722 0.0508188 0.0436143 0.0372166 0.0315785 0.0266489 0.0223749 0.0187029 0.0155806 0.0129577 0.0107875 0.00902739 0.00764032 0.00659493 0.00586633 0.00543646 
0.00587633 0.00603286 0.00650644 0.00730889 0.00845974 0.00998585 0.011921 0.0143053 0.0171843 0.0206082 0.0246307 0.0293077 0.034696 0.0408514 0.0478274 0.0556733 0.0644324 0.0741399 0.0848217 0.0964925 0.109155 0.122796 0.137391 0.152899 0.169262 0.18641 0.204258 0.222706 0.241645 0.260953 0.280502 0.300157 0.319779 0.339228 0.358364 0.377049 0.395152 0.412545 0.42911 0.444736 0.459322 0.472776 0.485018 0.495977 0.505591 0.513809 0.520588 0.525895 0.529704 0.531996 0.532762 0.531996 0.529704 0.525895 0.520588 0.513809 0.505591 0.495977 0.485018 0.472776 0.459322 0.444736 0.42911 0.412545 0.395152 0.377049 0.358364 0.339228 0.319779 0.300157 0.280502 0.260953 0.241645 0.222706 0.204258 0.18641 0.169262 0.152899 0.137391 0.122796 0.109155 0.0964925 0.0848217 0.0741399 0.0644324 0.0556733 0.0478274 0.0408514 0.034696 0.0293077 0.0246307 0.0206082 0.0171843 0.0143053 0.011921 0.00998585 0.00845974 0.00730889 0.00650644 0.00603286 
0.0064883 0.00665991 0.00717903 0.00805839 0.009319 0.0109897 0.0131068 0.0157133 0.0188578 0.022594 0.0269791 0.0320722 0.0379332 0.044621 0.0521913 0.060695 0.0701761 0.0806701 0.0922017 0.104783 0.118414 0.133078 0.148744 0.165363 0.182873 0.201193 0.22023 0.239875 0.260009 0.280502 0.301215 0.322005 0.342725 0.363227 0.383365 0.402996 0.421983 0.440197 0.457515 0.473828 0.489032 0.503037 0.515765 0.527144 0.537117 0.545634 0.552654 0.558146 0.562085 0.564456 0.565247 0.564456 0.562085 0.558146 0.552654 0.545634 0.537117 0.527144 0.515765 0.503037 0.489032 0.473828 0.457515 0.440197 0.421983 0.402996 0.383365 0.363227 0.342725 0.322005 0.301215 0.280502 0.260009 0.239875 0.22023 0.201193 0.182873 0.165363 0.148744 0.133078 0.118414 0.104783 0.0922017 0.0806701 0.0701761 0.060695 0.0521913 0.044621 0.0379332 0.0320722 0.0269791 0.022594 0.0188578 0.0157133 0.0131068 0.0109897 0.009319 0.00805839 0.00717903 0.00665991 
0.00712705 0.00731427 0.00788049 0.00883937 0.0102134 0.0120334 0.0143382 0.0171737 0.0205916 0.0246489 0.0294061 0.0349258 0.0412709 0.0485027 0.0566792 0.0658526 0.0760676 0.0873592 0.0997507 0.113252 0.127859 0.14355 0.160288 0.178019 0.19667 0.216155 0.236369 0.257196 0.278505 0.300157 0.322005 0.343897 0.365677 0.387192 0.408288 0.428819 0.448643 0.467627 0.48565 0.5026 0.518374 0.532885 0.546053 0.557814 0.568109 0.576892 0.584126 0.589781 0.593836 0.596274 0.597088 0.596274 0.593836 0.589781 0.584126 0.576892 0.568109 0.557814 0.546053 0.532885 0.518374 0.5026 0.48565 0.467627 0.448643 0.428819 0.408288 0.387192 0.365677 0.343897 0.322005 0.300157 0.278505 0.257196 0.236369 0.216155 0.19667 0.178019 0.160288 0.14355 0.127859 0.113252 0.0997507 0.0873592 0.0760676 0.0658526 0.0566792 0.0485027 0.0412709 0.0349258 0.0294061 0.0246489 0.0205916 0.0171737 0.0143382 0.0120334 0.0102134 0.00883937 0.00788049 0.00731427 
0.00778866 0.00799189 0.00860647 0.00964695 0.0111373 0.0131104 0.0156074 0.0186771 0.0223743 0.0267594 0.031896 0.0378498 0.0446868 0.0524706 0.061261 0.0711115 0.0820669 0.0941616 0.107417 0.121841 0.137423 0.154139 0.171945 0.190778 0.210559 0.231191 0.252562 0.274545 0.297 0.319779 0.342725 0.365677 0.388474 0.410954 0.432958 0.454336 0.474942 0.494644 0.513317 0.53085 0.547142 0.562108 0.575672 0.58777 0.598348 0.607365 0.614784 0.620581 0.624734 0.627232 0.628065 0.627232 0.624734 0.620581 0.614784 0.607365 0.598348 0.58777 0.575672 0.562108 0.547142 0.53085 0.513317 0.494644 0.474942 0.454336 0.432958 0.410954 0.388474 0.365677 0.342725 0.319779 0.297 0.274545 0.252562 0.231191 0.210559 0.190778 0.171945 0.154139 0.137423 0.121841 0.107417 0.0941616 0.0820669 0.0711115 0.061261 0.0524706 0.0446868 0.0378498 0.031896 0.0267594 0.0223743 0.0186771 0.0156074 0.0131104 0.0111373 0.00964695 0.00860647 0.00799189 
0.00846853 0.00868808 0.00935192 0.0104755 0.0120842 0.014213 0.0169054 0.0202128 0.0241935 0.0289105 0.0344309 0.0408234 0.0481564 0.0564961 0.0659038 0.0764337 0.0881309 0.101028 0.115146 0.130487 0.147039 0.164769 0.183629 0.203548 0.224438 0.246194 0.268693 0.291799 0.315363 0.339228 0.363227 0.387192 0.410954 0.434344 0.457201 0.479368 0.500699 0.521059 0.540324 0.558384 0.575141 0.590511 0.604421 0.616812 0.627635 0.63685 0.644426 0.650341 0.654577 0.657123 0.657972 0.657123 0.654577 0.650341 0.644426 0.63685 0.627635 0.616812 0.604421 0.590511 0.575141 0.558384 0.540324 0.521059 0.500699 0.479368 0.457201 0.434344 0.410954 0.387192 0.363227 0.339228 0.315363 0.291799 0.268693 0.246194 0.224438 0.203548 0.183629 0.164769 0.147039 0.130487 0.115146 0.101028 0.0881309 0.0764337 0.0659038 0.0564961 0.0481564 0.0408234 0.0344309 0.0289105 0.0241935 0.0202128 0.0169054 0.014213 0.0120842 0.0104755 0.00935192 0.00868808 
0.00916144 0.00939748 0.0101111 0.0113186 0.0130469 0.0153328 0.0182222 0.0217692 0.0260349 0.0310857 0.0369914 0.0438236 0.0516532 0.0605485 0.070572 0.0817787 0.0942132 0.107907 0.122878 0.139125 0.156632 0.17536 0.195253 0.216233 0.238204 0.261051 0.284642 0.308832 0.333462 0.358364 0.383365 0.408288 0.432958 0.457201 0.480849 0.503745 0.525739 0.546696 0.566494 0.585023 0.602188 0.617909 0.632117 0.644757 0.655784 0.665163 0.672868 0.678879 0.683181 0.685766 0.686628 0.685766 0.683181 0.678879 0.672868 0.665163 0.655784 0.644757 0.632117 0.617909 0.602188 0.585023 0.566494 0.546696 0.525739 0.503745 0.480849 0.457201 0.432958 0.408288 0.383365 0.358364 0.333462 0.308832 0.284642 0.261051 0.238204 0.216233 0.195253 0.17536 0.156632 0.139125 0.122878 0.107907 0.0942132 0.0817787 0.070572 0.0605485 0.0516532 0.0438236 0.0369914 0.0310857 0.0260349 0.0217692 0.0182222 0.0153328 0.0130469 0.0113186 0.0101111 0.00939748 
0.0098616 0.0101142 0.0108777 0.0121694 0.0140174 0.0164605 0.0195469 0.0233333 0.0278837 0.0332671 0.0395565 0.046826 0.0551489 0.064595 0.0752282 0.0871037 0.100265 0.114744 0.130552 0.147689 0.166129 0.18583 0.206728 0.228738 0.251754 0.275653 0.300293 0.325519 0.351163 0.377049 0.402996 0.428819 0.454336 0.479368 0.503745 0.527305 0.549899 0.571391 0.59166 0.610599 0.628117 0.644137 0.658595 0.67144 0.682633 0.692143 0.699948 0.706032 0.710385 0.712999 0.71387 0.712999 0.710385 0.706032 0.699948 0.692143 0.682633 0.67144 0.658595 0.644137 0.628117 0.610599 0.59166 0.571391 0.549899 0.527305 0.503745 0.479368 0.454336 0.428819 0.402996 0.377049 0.351163 0.325519 0.300293 0.275653 0.251754 0.228738 0.206728 0.18583 0.166129 0.147689 0.130552 0.114744 0.100265 0.0871037 0.0752282 0.064595 0.0551489 0.046826 0.0395565 0.0332671 0.0278837 0.0233333 0.0195469 0.0164605 0.0140174 0.0121694 0.0108777 0.0101142 
0.0105628 0.0108318 0.0116449 0.0130201 0.014987 0.0175861 0.0208679 0.0248915 0.0297235 0.0354359 0.0421042 0.0498049 0.0586135 0.0686014 0.0798331 0.0923641 0.106237 0.121481 0.138107 0.156107 0.175454 0.196097 0.217965 0.240965 0.264984 0.289889 0.315528 0.341737 0.36834 0.395152 0.421983 0.448643 0.474942 0.500699 0.525739 0.549899 0.573029 0.594994 0.615674 0.634966 0.652782 0.66905 0.683711 0.696719 0.70804 0.717649 0.725528 0.731665 0.736053 0.738687 0.739565 0.738687 0.736053 0.731665 0.725528 0.717649 0.70804 0.696719 0.683711 0.66905 0.652782 0.634966 0.615674 0.594994 0.573029 0.549899 0.525739 0.500699 0.474942 0.448643 0.421983 0.395152 0.36834 0.341737 0.315528 0.289889 0.264984 0.240965 0.217965 0.196097 0.175454 0.156107 0.138107 0.121481 0.106237 0.0923641 0.0798331 0.0686014 0.0586135 0.0498049 0.0421042 0.0354359 0.0297235 0.0248915 0.0208679 0.0175861 0.014987 0.0130201 0.0116449 0.0108318 
0.0112582 0.0115434 0.0124054 0.0138628 0.0159467 0.0186992 0.0221729 0.0264294 0.0315377 0.0375725 0.0446115 0.0527338 0.0620165 0.0725324 0.0843468 0.0975147 0.112078 0.128063 0.145479 0.164312 0.18453 0.206077 0.228873 0.25282 0.277793 0.303651 0.330234 0.357369 0.384871 0.412545 0.440197 0.467627 0.494644 0.521059 0.546696 0.571391 0.594994 0.61737 0.638402 0.657992 0.676054 0.692522 0.707341 0.720474 0.731889 0.741567 0.749495 0.755666 0.760075 0.762721 0.763603 0.762721 0.760075 0.755666 0.749495 0.741567 0.731889 0.720474 0.707341 0.692522 0.676054 0.657992 0.638402 0.61737 0.594994 0.571391 0.546696 0.521059 0.494644 0.467627 0.440197 0.412545 0.384871 0.357369 0.330234 0.303651 0.277793 0.25282 0.228873 0.206077 0.18453 0.164312 0.145479 0.128063 0.112078 0.0975147 0.0843468 0.0725324 0.0620165 0.0527338 0.0446115 0.0375725 0.0315377 0.0264294 0.0221729 0.0186992 0.0159467 0.0138628 0.0124054 0.0115434 
0.011941 0.012242 0.0131515 0.0146891 0.016887 0.0197889 0.0234494 0.0279322 0.033309 0.0396565 0.047055 0.0555855 0.0653267 0.0763525 0.0887286 0.10251 0.117737 0.134433 0.152604 0.172234 0.193283 0.215689 0.239367 0.264208 0.290081 0.316836 0.344303 0.372302 0.400638 0.42911 0.457515 0.48565 0.513317 0.540324 0.566494 0.59166 0.615674 0.638402 0.659732 0.679566 0.697826 0.714448 0.729387 0.742606 0.754084 0.763804 0.771759 0.777946 0.782365 0.785015 0.785898 0.785015 0.782365 0.777946 0.771759 0.763804 0.754084 0.742606 0.729387 0.714448 0.697826 0.679566 0.659732 0.638402 0.615674 0.59166 0.566494 0.540324 0.513317 0.48565 0.457515 0.42911 0.400638 0.372302 0.344303 0.316836 0.290081 0.264208 0.239367 0.215689 0.193283 0.172234 0.152604 0.134433 0.117737 0.10251 0.0887286 0.0763525 0.0653267 0.0555855 0.047055 0.0396565 0.033309 0.0279322 0.0234494 0.0197889 0.016887 0.0146891 0.0131515 0.012242 
0.0126039 0.0129201 0.0138755 0.0154905 0.0177982 0.020844 0.0246843 0.029385 0.0350197 0.0416676 0.049411 0.0583326 0.0685127 0.0800259 0.0929383 0.107304 0.123162 0.140534 0.159422 0.179805 0.201639 0.224855 0.249361 0.275041 0.301755 0.329344 0.357633 0.38643 0.415533 0.444736 0.473828 0.5026 0.53085 0.558384 0.585023 0.610599 0.634966 0.657992 0.679566 0.699596 0.718009 0.734746 0.749767 0.763041 0.774553 0.784292 0.792255 0.798444 0.80286 0.805509 0.806391 0.805509 0.80286 0.798444 0.792255 0.784292 0.774553 0.763041 0.749767 0.734746 0.718009 0.699596 0.679566 0.657992 0.634966 0.610599 0.585023 0.558384 0.53085 0.5026 0.473828 0.444736 0.415533 0.38643 0.357633 0.329344 0.301755 0.275041 0.249361 0.224855 0.201639 0.179805 0.159422 0.140534 0.123162 0.107304 0.0929383 0.0800259 0.0685127 0.0583326 0.049411 0.0416676 0.0350197 0.029385 0.0246843 0.020844 0.0177982 0.0154905 0.0138755 0.0129201 
