0 0 0 0 0 0 0 1.14703e-45 1.30434e-43 7.65691e-42 3.05346e-40 9.22718e-39 2.23959e-37 4.52535e-36 7.79766e-35 1.16561e-33 1.53096e-32 1.78437e-31 1.86014e-30 1.7457e-29 1.48309e-28 1.14618e-27 8.09344e-27 5.2425e-26 3.1264e-25 1.72202e-24 8.78375e-24 4.15781e-23 1.82898e-22 7.48331e-22 2.84929e-21 1.00995e-20 3.334e-20 1.02557e-19 2.94135e-19 7.86923e-19 1.96482e-18 4.58064e-18 9.97466e-18 2.02777e-17 3.83847e-17 6.72828e-17 1.08374e-16 1.59306e-16 2.13279e-16 2.6158e-16 2.97969e-16 3.21133e-16 3.33646e-16 3.39261e-16 3.40799e-16 3.39261e-16 3.33646e-16 3.21133e-16 2.97969e-16 2.6158e-16 2.13279e-16 1.59306e-16 1.08374e-16 6.72828e-17 3.83847e-17 2.02777e-17 9.97466e-18 4.58064e-18 1.96482e-18 7.86923e-19 2.94135e-19 1.02557e-19 3.334e-20 1.00995e-20 2.84929e-21 7.48331e-22 1.82898e-22 4.15781e-23 8.78375e-24 1.72202e-24 3.1264e-25 5.2425e-26 8.09344e-27 1.14618e-27 1.48309e-28 1.7457e-29 1.86014e-30 1.78437e-31 1.53096e-32 1.16561e-33 7.79766e-35 4.52535e-36 2.23959e-37 9.22718e-39 3.05346e-40 7.65691e-42 1.30434e-43 1.14703e-45 0 0 0 0 0 0 
0 0 0 0 0 0 6.91827e-46 8.13812e-44 4.94683e-42 2.04472e-40 6.41073e-39 1.61597e-37 3.39442e-36 6.08611e-35 9.47498e-34 1.29717e-32 1.57699e-31 1.71568e-30 1.68096e-29 1.49108e-28 1.20299e-27 8.86407e-27 5.98775e-26 3.72119e-25 2.13454e-24 1.13346e-23 5.58554e-23 2.55933e-22 1.09188e-21 4.34063e-21 1.60859e-20 5.5587e-20 1.79173e-19 5.38942e-19 1.51357e-18 3.97073e-18 9.735e-18 2.23146e-17 4.78369e-17 9.58597e-17 1.79117e-16 3.1044e-16 4.9544e-16 7.23299e-16 9.64038e-16 1.17957e-15 1.34255e-15 1.44697e-15 1.50386e-15 1.52964e-15 1.53675e-15 1.52964e-15 1.50386e-15 1.44697e-15 1.34255e-15 1.17957e-15 9.64038e-16 7.23299e-16 4.9544e-16 3.1044e-16 1.79117e-16 9.58597e-17 4.78369e-17 2.23146e-17 9.735e-18 3.97073e-18 1.51357e-18 5.38942e-19 1.79173e-19 5.5587e-20 1.60859e-20 4.34063e-21 1.09188e-21 2.55933e-22 5.58554e-23 1.13346e-23 2.13454e-24 3.72119e-25 5.98775e-26 8.86407e-27 1.20299e-27 1.49108e-28 1.68096e-29 1.71568e-30 1.57699e-31 1.29717e-32 9.47498e-34 6.08611e-35 3.39442e-36 1.61597e-37 6.41073e-39 2.04472e-40 4.94683e-42 8.13812e-44 6.91827e-46 0 0 0 0 0 
0 0 0 0 0 7.83776e-46 9.52913e-44 5.99127e-42 2.56358e-40 8.32754e-39 2.17685e-37 4.74621e-36 8.84112e-35 1.43129e-33 2.0394e-32 2.58249e-31 2.92854e-30 2.99235e-29 2.76914e-28 2.33102e-27 1.79181e-26 1.26216e-25 8.17415e-25 4.88248e-24 2.6977e-23 1.38255e-22 6.58762e-22 2.92376e-21 1.21028e-20 4.67611e-20 1.68695e-19 5.68361e-19 1.78875e-18 5.26071e-18 1.44649e-17 3.72023e-17 8.95356e-17 2.01731e-16 4.25613e-16 8.40452e-16 1.54973e-15 2.6552e-15 4.1978e-15 6.08553e-15 8.07376e-15 9.85435e-15 1.12054e-14 1.20765e-14 1.25551e-14 1.27739e-14 1.28347e-14 1.27739e-14 1.25551e-14 1.20765e-14 1.12054e-14 9.85435e-15 8.07376e-15 6.08553e-15 4.1978e-15 2.6552e-15 1.54973e-15 8.40452e-16 4.25613e-16 2.01731e-16 8.95356e-17 3.72023e-17 1.44649e-17 5.26071e-18 1.78875e-18 5.68361e-19 1.68695e-19 4.67611e-20 1.21028e-20 2.92376e-21 6.58762e-22 1.38255e-22 2.6977e-23 4.88248e-24 8.17415e-25 1.26216e-25 1.79181e-26 2.33102e-27 2.76914e-28 2.99235e-29 2.92854e-30 2.58249e-31 2.0394e-32 1.43129e-33 8.84112e-35 4.74621e-36 2.17685e-37 8.32754e-39 2.56358e-40 5.99127e-42 9.52913e-44 7.83776e-46 0 0 0 0 
0 0 0 0 8.34174e-46 1.04739e-43 6.80619e-42 3.01247e-40 1.01312e-38 2.74431e-37 6.206e-36 1.20017e-34 2.01902e-33 2.99224e-32 3.94459e-31 4.66056e-30 4.96519e-29 4.7935e-28 4.21118e-27 3.37881e-26 2.48395e-25 1.67825e-24 1.0451e-23 6.01533e-23 3.20881e-22 1.59043e-21 7.34084e-21 3.16101e-20 1.27148e-19 4.781e-19 1.68111e-18 5.52844e-18 1.70062e-17 4.89488e-17 1.31887e-16 3.32803e-16 7.8684e-16 1.7437e-15 3.62281e-15 7.05364e-15 1.2842e-14 2.1761e-14 3.40951e-14 4.90957e-14 6.48469e-14 7.89546e-14 8.96917e-14 9.66525e-14 1.00506e-13 1.02282e-13 1.02779e-13 1.02282e-13 1.00506e-13 9.66525e-14 8.96917e-14 7.89546e-14 6.48469e-14 4.90957e-14 3.40951e-14 2.1761e-14 1.2842e-14 7.05364e-15 3.62281e-15 1.7437e-15 7.8684e-16 3.32803e-16 1.31887e-16 4.89488e-17 1.70062e-17 5.52844e-18 1.68111e-18 4.781e-19 1.27148e-19 3.16101e-20 7.34084e-21 1.59043e-21 3.20881e-22 6.01533e-23 1.0451e-23 1.67825e-24 2.48395e-25 3.37881e-26 4.21118e-27 4.7935e-28 4.96519e-29 4.66056e-30 3.94459e-31 2.99224e-32 2.01902e-33 1.20017e-34 6.206e-36 2.74431e-37 1.01312e-38 3.01247e-40 6.80619e-42 1.04739e-43 8.34174e-46 0 0 0 
0 0 0 8.34174e-46 1.08089e-43 7.2538e-42 3.31824e-40 1.15432e-38 3.23707e-37 7.58529e-36 1.5214e-34 2.65699e-33 4.0917e-32 5.61009e-31 6.90012e-30 7.65891e-29 7.70931e-28 7.06572e-27 5.91675e-26 4.54052e-25 3.20197e-24 2.0804e-23 1.24851e-22 6.93829e-22 3.57937e-21 1.71829e-20 7.69244e-20 3.21726e-19 1.25869e-18 4.60992e-18 1.58104e-17 5.07817e-17 1.52767e-16 4.30545e-16 1.13723e-15 2.81658e-15 6.54375e-15 1.42669e-14 2.91969e-14 5.60617e-14 1.00797e-13 1.68958e-13 2.62389e-13 3.75331e-13 4.93563e-13 5.99451e-13 6.80255e-13 7.32905e-13 7.62255e-13 7.75886e-13 7.79716e-13 7.75886e-13 7.62255e-13 7.32905e-13 6.80255e-13 5.99451e-13 4.93563e-13 3.75331e-13 2.62389e-13 1.68958e-13 1.00797e-13 5.60617e-14 2.91969e-14 1.42669e-14 6.54375e-15 2.81658e-15 1.13723e-15 4.30545e-16 1.52767e-16 5.07817e-17 1.58104e-17 4.60992e-18 1.25869e-18 3.21726e-19 7.69244e-20 1.71829e-20 3.57937e-21 6.93829e-22 1.24851e-22 2.0804e-23 3.20197e-24 4.54052e-25 5.91675e-26 7.06572e-27 7.70931e-28 7.65891e-29 6.90012e-30 5.61009e-31 4.0917e-32 2.65699e-33 1.5214e-34 7.58529e-36 3.23707e-37 1.15432e-38 3.31824e-40 7.2538e-42 1.08089e-43 8.34174e-46 0 0 
0 0 7.83776e-46 1.04739e-43 7.2538e-42 3.42684e-40 1.23206e-38 3.57377e-37 8.66938e-36 1.80171e-34 3.2633e-33 5.21677e-32 7.43204e-31 9.50696e-30 1.09848e-28 1.15198e-27 1.10083e-26 9.61727e-26 7.70313e-25 5.671e-24 3.84625e-23 2.40863e-22 1.39581e-21 7.50225e-21 3.74857e-20 1.74516e-19 7.58613e-19 3.08456e-18 1.1747e-17 4.19333e-17 1.40358e-16 4.40539e-16 1.29664e-15 3.57956e-15 9.272e-15 2.25451e-14 5.14824e-14 1.10449e-13 2.22674e-13 4.21718e-13 7.48897e-13 1.24192e-12 1.91184e-12 2.71685e-12 3.55694e-12 4.30913e-12 4.88448e-12 5.26108e-12 5.47235e-12 5.57115e-12 5.59904e-12 5.57115e-12 5.47235e-12 5.26108e-12 4.88448e-12 4.30913e-12 3.55694e-12 2.71685e-12 1.91184e-12 1.24192e-12 7.48897e-13 4.21718e-13 2.22674e-13 1.10449e-13 5.14824e-14 2.25451e-14 9.272e-15 3.57956e-15 1.29664e-15 4.40539e-16 1.40358e-16 4.19333e-17 1.1747e-17 3.08456e-18 7.58613e-19 1.74516e-19 3.74857e-20 7.50225e-21 1.39581e-21 2.40863e-22 3.84625e-23 5.671e-24 7.70313e-25 9.61727e-26 1.10083e-26 1.15198e-27 1.09848e-28 9.50696e-30 7.43204e-31 5.21677e-32 3.2633e-33 1.80171e-34 8.66938e-36 3.57377e-37 1.23206e-38 3.42684e-40 7.2538e-42 1.04739e-43 7.83776e-46 0 
0 6.91827e-46 9.52913e-44 6.80619e-42 3.31824e-40 1.23206e-38 3.69353e-37 9.26763e-36 1.99388e-34 3.74184e-33 6.20358e-32 9.17418e-31 1.21935e-29 1.46526e-28 1.59957e-27 1.59252e-26 1.45064e-25 1.21227e-24 9.31574e-24 6.59666e-23 4.31288e-22 2.60843e-21 1.46221e-20 7.61288e-20 3.6891e-19 1.66751e-18 7.0451e-18 2.78716e-17 1.03392e-16 3.59937e-16 1.17636e-15 3.6095e-15 1.0398e-14 2.8126e-14 7.14612e-14 1.70623e-13 3.83011e-13 8.08658e-13 1.60624e-12 3.00068e-12 5.26343e-12 8.63585e-12 1.31789e-11 1.86056e-11 2.4251e-11 2.93034e-11 3.31757e-11 3.57209e-11 3.71569e-11 3.78327e-11 3.80244e-11 3.78327e-11 3.71569e-11 3.57209e-11 3.31757e-11 2.93034e-11 2.4251e-11 1.86056e-11 1.31789e-11 8.63585e-12 5.26343e-12 3.00068e-12 1.60624e-12 8.08658e-13 3.83011e-13 1.70623e-13 7.14612e-14 2.8126e-14 1.0398e-14 3.6095e-15 1.17636e-15 3.59937e-16 1.03392e-16 2.78716e-17 7.0451e-18 1.66751e-18 3.6891e-19 7.61288e-20 1.46221e-20 2.60843e-21 4.31288e-22 6.59666e-23 9.31574e-24 1.21227e-24 1.45064e-25 1.59252e-26 1.59957e-27 1.46526e-28 1.21935e-29 9.17418e-31 6.20358e-32 3.74184e-33 1.99388e-34 9.26763e-36 3.69353e-37 1.23206e-38 3.31824e-40 6.80619e-42 9.52913e-44 6.91827e-46 
1.14703e-45 8.13812e-44 5.99127e-42 3.01247e-40 1.15432e-38 3.57377e-37 9.26763e-36 2.06234e-34 4.00659e-33 6.8824e-32 1.05552e-30 1.45626e-29 1.81821e-28 2.06426e-27 2.13934e-26 2.03033e-25 1.76915e-24 1.41851e-23 1.0486e-22 7.15878e-22 4.521e-21 2.64548e-20 1.43679e-19 7.25605e-19 3.41416e-18 1.49984e-17 6.16402e-17 2.37433e-16 8.58421e-16 2.9157e-15 9.30788e-15 2.79287e-14 7.87642e-14 2.08797e-13 5.20445e-13 1.22034e-12 2.69309e-12 5.59595e-12 1.09514e-11 2.01808e-11 3.49656e-11 5.67603e-11 8.58686e-11 1.20431e-10 1.56269e-10 1.88323e-10 2.12932e-10 2.29166e-10 2.38373e-10 2.42731e-10 2.43973e-10 2.42731e-10 2.38373e-10 2.29166e-10 2.12932e-10 1.88323e-10 1.56269e-10 1.20431e-10 8.58686e-11 5.67603e-11 3.49656e-11 2.01808e-11 1.09514e-11 5.59595e-12 2.69309e-12 1.22034e-12 5.20445e-13 2.08797e-13 7.87642e-14 2.79287e-14 9.30788e-15 2.9157e-15 8.58421e-16 2.37433e-16 6.16402e-17 1.49984e-17 3.41416e-18 7.25605e-19 1.43679e-19 2.64548e-20 4.521e-21 7.15878e-22 1.0486e-22 1.41851e-23 1.76915e-24 2.03033e-25 2.13934e-26 2.06426e-27 1.81821e-28 1.45626e-29 1.05552e-30 6.8824e-32 4.00659e-33 2.06234e-34 9.26763e-36 3.57377e-37 1.15432e-38 3.01247e-40 5.99127e-42 8.13812e-44 
1.30434e-43 4.94683e-42 2.56358e-40 1.01312e-38 3.23707e-37 8.66938e-36 1.99388e-34 4.00659e-33 7.12467e-32 1.13213e-30 1.61981e-29 2.0993e-28 2.47633e-27 2.66903e-26 2.63679e-25 2.39385e-24 2.00146e-23 1.54385e-22 1.10041e-21 7.25775e-21 4.43546e-20 2.51515e-19 1.32533e-18 6.50028e-18 2.97294e-17 1.27041e-16 5.08257e-16 1.90728e-15 6.72364e-15 2.22894e-14 6.95208e-14 2.0403e-13 5.63398e-13 1.46386e-12 3.57987e-12 8.24373e-12 1.78851e-11 3.65736e-11 7.05163e-11 1.28173e-10 2.19345e-10 3.52268e-10 5.28263e-10 7.35977e-10 9.50639e-10 1.14247e-09 1.28994e-09 1.38755e-09 1.44316e-09 1.46962e-09 1.47719e-09 1.46962e-09 1.44316e-09 1.38755e-09 1.28994e-09 1.14247e-09 9.50639e-10 7.35977e-10 5.28263e-10 3.52268e-10 2.19345e-10 1.28173e-10 7.05163e-11 3.65736e-11 1.78851e-11 8.24373e-12 3.57987e-12 1.46386e-12 5.63398e-13 2.0403e-13 6.95208e-14 2.22894e-14 6.72364e-15 1.90728e-15 5.08257e-16 1.27041e-16 2.97294e-17 6.50028e-18 1.32533e-18 2.51515e-19 4.43546e-20 7.25775e-21 1.10041e-21 1.54385e-22 2.00146e-23 2.39385e-24 2.63679e-25 2.66903e-26 2.47633e-27 2.0993e-28 1.61981e-29 1.13213e-30 7.12467e-32 4.00659e-33 1.99388e-34 8.66938e-36 3.23707e-37 1.01312e-38 2.56358e-40 4.94683e-42 
7.65691e-42 2.04472e-40 8.32754e-39 2.74431e-37 7.58529e-36 1.80171e-34 3.74184e-33 6.8824e-32 1.13213e-30 1.67829e-29 2.25564e-28 2.76188e-27 3.09288e-26 3.17772e-25 3.00317e-24 2.61618e-23 2.10442e-22 1.56532e-21 1.07801e-20 6.88159e-20 4.07638e-19 2.24326e-18 1.14831e-17 5.47582e-17 2.43659e-16 1.01364e-15 3.95014e-15 1.4448e-14 4.96797e-14 1.60779e-13 4.90027e-13 1.40677e-12 3.80373e-12 9.68698e-12 2.32417e-11 5.25597e-11 1.12093e-10 2.25559e-10 4.28407e-10 7.67974e-10 1.29792e-09 2.06196e-09 3.06473e-09 4.241e-09 5.45234e-09 6.53366e-09 7.36584e-09 7.91818e-09 8.23422e-09 8.3853e-09 8.42864e-09 8.3853e-09 8.23422e-09 7.91818e-09 7.36584e-09 6.53366e-09 5.45234e-09 4.241e-09 3.06473e-09 2.06196e-09 1.29792e-09 7.67974e-10 4.28407e-10 2.25559e-10 1.12093e-10 5.25597e-11 2.32417e-11 9.68698e-12 3.80373e-12 1.40677e-12 4.90027e-13 1.60779e-13 4.96797e-14 1.4448e-14 3.95014e-15 1.01364e-15 2.43659e-16 5.47582e-17 1.14831e-17 2.24326e-18 4.07638e-19 6.88159e-20 1.07801e-20 1.56532e-21 2.10442e-22 2.61618e-23 3.00317e-24 3.17772e-25 3.09288e-26 2.76188e-27 2.25564e-28 1.67829e-29 1.13213e-30 6.8824e-32 3.74184e-33 1.80171e-34 7.58529e-36 2.74431e-37 8.32754e-39 2.04472e-40 
3.05346e-40 6.41073e-39 2.17685e-37 6.206e-36 1.5214e-34 3.2633e-33 6.20358e-32 1.05552e-30 1.61981e-29 2.25564e-28 2.86417e-27 3.32933e-26 3.55405e-25 3.49318e-24 3.16782e-23 2.65509e-22 2.0596e-21 1.48037e-20 9.86893e-20 6.10752e-19 3.51183e-18 1.87794e-17 9.34926e-17 4.33889e-16 1.88001e-15 7.61906e-15 2.89373e-14 1.03202e-13 3.46217e-13 1.09399e-12 3.25839e-12 9.15003e-12 2.42246e-11 6.04642e-11 1.42312e-10 3.16003e-10 6.62369e-10 1.31131e-09 2.45293e-09 4.33577e-09 7.23515e-09 1.13679e-08 1.67437e-08 2.30098e-08 2.9439e-08 3.51706e-08 3.95847e-08 4.25215e-08 4.42082e-08 4.50179e-08 4.52509e-08 4.50179e-08 4.42082e-08 4.25215e-08 3.95847e-08 3.51706e-08 2.9439e-08 2.30098e-08 1.67437e-08 1.13679e-08 7.23515e-09 4.33577e-09 2.45293e-09 1.31131e-09 6.62369e-10 3.16003e-10 1.42312e-10 6.04642e-11 2.42246e-11 9.15003e-12 3.25839e-12 1.09399e-12 3.46217e-13 1.03202e-13 2.89373e-14 7.61906e-15 1.88001e-15 4.33889e-16 9.34926e-17 1.87794e-17 3.51183e-18 6.10752e-19 9.86893e-20 1.48037e-20 2.0596e-21 2.65509e-22 3.16782e-23 3.49318e-24 3.55405e-25 3.32933e-26 2.86417e-27 2.25564e-28 1.61981e-29 1.05552e-30 6.20358e-32 3.2633e-33 1.5214e-34 6.206e-36 2.17685e-37 6.41073e-39 
9.22718e-39 1.61597e-37 4.74621e-36 1.20017e-34 2.65699e-33 5.21677e-32 9.17418e-31 1.45626e-29 2.0993e-28 2.76188e-27 3.32933e-26 3.68912e-25 3.76736e-24 3.55316e-23 3.10025e-22 2.50596e-21 1.87856e-20 1.30718e-19 8.44947e-19 5.07686e-18 2.83739e-17 1.4761e-16 7.15444e-16 3.23429e-15 1.36564e-14 5.39491e-14 1.99787e-13 6.94966e-13 2.27503e-12 7.0191e-12 2.04289e-11 5.61091e-11 1.45428e-10 3.5569e-10 8.21087e-10 1.78979e-09 3.68618e-09 7.17762e-09 1.32196e-08 2.30336e-08 3.79402e-08 5.89407e-08 8.6006e-08 1.17349e-07 1.49381e-07 1.77892e-07 1.99858e-07 2.14502e-07 2.22939e-07 2.27005e-07 2.28178e-07 2.27005e-07 2.22939e-07 2.14502e-07 1.99858e-07 1.77892e-07 1.49381e-07 1.17349e-07 8.6006e-08 5.89407e-08 3.79402e-08 2.30336e-08 1.32196e-08 7.17762e-09 3.68618e-09 1.78979e-09 8.21087e-10 3.5569e-10 1.45428e-10 5.61091e-11 2.04289e-11 7.0191e-12 2.27503e-12 6.94966e-13 1.99787e-13 5.39491e-14 1.36564e-14 3.23429e-15 7.15444e-16 1.4761e-16 2.83739e-17 5.07686e-18 8.44947e-19 1.30718e-19 1.87856e-20 2.50596e-21 3.10025e-22 3.55316e-23 3.76736e-24 3.68912e-25 3.32933e-26 2.76188e-27 2.0993e-28 1.45626e-29 9.17418e-31 5.21677e-32 2.65699e-33 1.20017e-34 4.74621e-36 1.61597e-37 
2.23959e-37 3.39442e-36 8.84112e-35 2.01902e-33 4.0917e-32 7.43204e-31 1.21935e-29 1.81821e-28 2.47633e-27 3.09288e-26 3.55405e-25 3.76736e-24 3.69175e-23 3.3501e-22 2.81909e-21 2.20218e-20 1.5983e-19 1.07848e-18 6.76928e-18 3.95415e-17 2.15053e-16 1.08957e-15 5.14612e-15 2.26796e-14 9.33816e-14 3.59793e-13 1.29966e-12 4.41057e-12 1.40901e-11 4.24438e-11 1.20693e-10 3.24144e-10 8.2227e-10 1.97014e-09 4.45913e-09 9.53843e-09 1.92958e-08 3.69401e-08 6.69616e-08 1.14964e-07 1.86849e-07 2.86898e-07 4.14611e-07 5.61499e-07 7.10991e-07 8.43796e-07 9.46116e-07 1.01444e-06 1.05391e-06 1.07299e-06 1.07851e-06 1.07299e-06 1.05391e-06 1.01444e-06 9.46116e-07 8.43796e-07 7.10991e-07 5.61499e-07 4.14611e-07 2.86898e-07 1.86849e-07 1.14964e-07 6.69616e-08 3.69401e-08 1.92958e-08 9.53843e-09 4.45913e-09 1.97014e-09 8.2227e-10 3.24144e-10 1.20693e-10 4.24438e-11 1.40901e-11 4.41057e-12 1.29966e-12 3.59793e-13 9.33816e-14 2.26796e-14 5.14612e-15 1.08957e-15 2.15053e-16 3.95415e-17 6.76928e-18 1.07848e-18 1.5983e-19 2.20218e-20 2.81909e-21 3.3501e-22 3.69175e-23 3.76736e-24 3.55405e-25 3.09288e-26 2.47633e-27 1.81821e-28 1.21935e-29 7.43204e-31 4.0917e-32 2.01902e-33 8.84112e-35 3.39442e-36 
4.52535e-36 6.08611e-35 1.43129e-33 2.99224e-32 5.61009e-31 9.50696e-30 1.46526e-28 2.06426e-27 2.66903e-26 3.17772e-25 3.49318e-24 3.55316e-23 3.3501e-22 2.93195e-21 2.38442e-20 1.80343e-19 1.26934e-18 8.31792e-18 5.07644e-17 2.88624e-16 1.52917e-15 7.55243e-15 3.47893e-14 1.49578e-13 6.00936e-13 2.25926e-12 7.9631e-12 2.63684e-11 8.22051e-11 2.41735e-10 6.7142e-10 1.76265e-09 4.3746e-09 1.02636e-08 2.27668e-08 4.77692e-08 9.48715e-08 1.78481e-07 3.18268e-07 5.38159e-07 8.62616e-07 1.30851e-06 1.87198e-06 2.5154e-06 3.16725e-06 3.74504e-06 4.19005e-06 4.48754e-06 4.6598e-06 4.7433e-06 4.7675e-06 4.7433e-06 4.6598e-06 4.48754e-06 4.19005e-06 3.74504e-06 3.16725e-06 2.5154e-06 1.87198e-06 1.30851e-06 8.62616e-07 5.38159e-07 3.18268e-07 1.78481e-07 9.48715e-08 4.77692e-08 2.27668e-08 1.02636e-08 4.3746e-09 1.76265e-09 6.7142e-10 2.41735e-10 8.22051e-11 2.63684e-11 7.9631e-12 2.25926e-12 6.00936e-13 1.49578e-13 3.47893e-14 7.55243e-15 1.52917e-15 2.88624e-16 5.07644e-17 8.31792e-18 1.26934e-18 1.80343e-19 2.38442e-20 2.93195e-21 3.3501e-22 3.55316e-23 3.49318e-24 3.17772e-25 2.66903e-26 2.06426e-27 1.46526e-28 9.50696e-30 5.61009e-31 2.99224e-32 1.43129e-33 6.08611e-35 
7.79766e-35 9.47498e-34 2.0394e-32 3.94459e-31 6.90012e-30 1.09848e-28 1.59957e-27 2.13934e-26 2.63679e-25 3.00317e-24 3.16782e-23 3.10025e-22 2.81909e-21 2.38442e-20 1.87754e-19 1.37718e-18 9.41415e-18 5.99896e-17 3.5641e-16 1.97446e-15 1.02004e-14 4.9152e-14 2.20984e-13 9.27543e-13 3.638e-12 1.33515e-11 4.59302e-11 1.48417e-10 4.51504e-10 1.2958e-09 3.51411e-09 9.01366e-09 2.18746e-08 5.02278e-08 1.09134e-07 2.24478e-07 4.37427e-07 8.08193e-07 1.41685e-06 2.35808e-06 3.72551e-06 5.57978e-06 7.89814e-06 1.0525e-05 1.31732e-05 1.55144e-05 1.73162e-05 1.85215e-05 1.92207e-05 1.95604e-05 1.9659e-05 1.95604e-05 1.92207e-05 1.85215e-05 1.73162e-05 1.55144e-05 1.31732e-05 1.0525e-05 7.89814e-06 5.57978e-06 3.72551e-06 2.35808e-06 1.41685e-06 8.08193e-07 4.37427e-07 2.24478e-07 1.09134e-07 5.02278e-08 2.18746e-08 9.01366e-09 3.51411e-09 1.2958e-09 4.51504e-10 1.48417e-10 4.59302e-11 1.33515e-11 3.638e-12 9.27543e-13 2.20984e-13 4.9152e-14 1.02004e-14 1.97446e-15 3.5641e-16 5.99896e-17 9.41415e-18 1.37718e-18 1.87754e-19 2.38442e-20 2.81909e-21 3.10025e-22 3.16782e-23 3.00317e-24 2.63679e-25 2.13934e-26 1.59957e-27 1.09848e-28 6.90012e-30 3.94459e-31 2.0394e-32 9.47498e-34 
1.16561e-33 1.29717e-32 2.58249e-31 4.66056e-30 7.65891e-29 1.15198e-27 1.59252e-26 2.03033e-25 2.39385e-24 2.61618e-23 2.65509e-22 2.50596e-21 2.20218e-20 1.80343e-19 1.37718e-18 9.81108e-18 6.52207e-17 4.0462e-16 2.34265e-15 1.26574e-14 6.38162e-14 3.00246e-13 1.31841e-12 5.40538e-12 2.07077e-11 7.42135e-11 2.49229e-10 7.85938e-10 2.33276e-09 6.53193e-09 1.72874e-08 4.32981e-08 1.02681e-07 2.30591e-07 4.90416e-07 9.8819e-07 1.88799e-06 3.42328e-06 5.89571e-06 9.65086e-06 1.50176e-05 2.2192e-05 3.10603e-05 4.10252e-05 5.10162e-05 5.98219e-05 6.65907e-05 7.11198e-05 7.37506e-05 7.50312e-05 7.54035e-05 7.50312e-05 7.37506e-05 7.11198e-05 6.65907e-05 5.98219e-05 5.10162e-05 4.10252e-05 3.10603e-05 2.2192e-05 1.50176e-05 9.65086e-06 5.89571e-06 3.42328e-06 1.88799e-06 9.8819e-07 4.90416e-07 2.30591e-07 1.02681e-07 4.32981e-08 1.72874e-08 6.53193e-09 2.33276e-09 7.85938e-10 2.49229e-10 7.42135e-11 2.07077e-11 5.40538e-12 1.31841e-12 3.00246e-13 6.38162e-14 1.26574e-14 2.34265e-15 4.0462e-16 6.52207e-17 9.81108e-18 1.37718e-18 1.80343e-19 2.20218e-20 2.50596e-21 2.65509e-22 2.61618e-23 2.39385e-24 2.03033e-25 1.59252e-26 1.15198e-27 7.65891e-29 4.66056e-30 2.58249e-31 1.29717e-32 
1.53096e-32 1.57699e-31 2.92854e-30 4.96519e-29 7.70931e-28 1.10083e-26 1.45064e-25 1.76915e-24 2.00146e-23 2.10442e-22 2.0596e-21 1.87856e-20 1.5983e-19 1.26934e-18 9.41415e-18 6.52207e-17 4.22119e-16 2.55219e-15 1.44133e-14 7.60152e-14 3.7431e-13 1.72065e-12 7.38373e-12 2.95854e-11 1.1075e-10 3.87714e-10 1.2713e-09 3.91239e-09 1.13277e-08 3.09338e-08 7.98504e-08 1.95143e-07 4.51863e-07 9.91608e-07 2.06254e-06 4.06786e-06 7.61331e-06 1.35351e-05 2.28797e-05 3.68038e-05 5.63579e-05 8.21023e-05 0.000113533 0.00014853 0.000183406 0.000214035 0.000237538 0.000253261 0.000262402 0.000266857 0.000268154 0.000266857 0.000262402 0.000253261 0.000237538 0.000214035 0.000183406 0.00014853 0.000113533 8.21023e-05 5.63579e-05 3.68038e-05 2.28797e-05 1.35351e-05 7.61331e-06 4.06786e-06 2.06254e-06 9.91608e-07 4.51863e-07 1.95143e-07 7.98504e-08 3.09338e-08 1.13277e-08 3.91239e-09 1.2713e-09 3.87714e-10 1.1075e-10 2.95854e-11 7.38373e-12 1.72065e-12 3.7431e-13 7.60152e-14 1.44133e-14 2.55219e-15 4.22119e-16 6.52207e-17 9.41415e-18 1.26934e-18 1.5983e-19 1.87856e-20 2.0596e-21 2.10442e-22 2.00146e-23 1.76915e-24 1.45064e-25 1.10083e-26 7.70931e-28 4.96519e-29 2.92854e-30 1.57699e-31 
1.78437e-31 1.71568e-30 2.99235e-29 4.7935e-28 7.06572e-27 9.61727e-26 1.21227e-24 1.41851e-23 1.54385e-22 1.56532e-21 1.48037e-20 1.30718e-19 1.07848e-18 8.31792e-18 5.99896e-17 4.0462e-16 2.55219e-15 1.50523e-14 8.2984e-14 4.27509e-13 2.05732e-12 9.24547e-12 3.87922e-11 1.51971e-10 5.56085e-10 1.90212e-09 6.0905e-09 1.82908e-08 5.16466e-08 1.37483e-07 3.45899e-07 8.24115e-07 1.86146e-06 3.98777e-06 8.10382e-06 1.56277e-05 2.86219e-05 4.98393e-05 8.26037e-05 0.000130437 0.000196356 0.000281717 0.000384532 0.000497863 0.000610033 0.000708126 0.000783234 0.000833439 0.000862634 0.000876878 0.000881027 0.000876878 0.000862634 0.000833439 0.000783234 0.000708126 0.000610033 0.000497863 0.000384532 0.000281717 0.000196356 0.000130437 8.26037e-05 4.98393e-05 2.86219e-05 1.56277e-05 8.10382e-06 3.98777e-06 1.86146e-06 8.24115e-07 3.45899e-07 1.37483e-07 5.16466e-08 1.82908e-08 6.0905e-09 1.90212e-09 5.56085e-10 1.51971e-10 3.87922e-11 9.24547e-12 2.05732e-12 4.27509e-13 8.2984e-14 1.50523e-14 2.55219e-15 4.0462e-16 5.99896e-17 8.31792e-18 1.07848e-18 1.30718e-19 1.48037e-20 1.56532e-21 1.54385e-22 1.41851e-23 1.21227e-24 9.61727e-26 7.06572e-27 4.7935e-28 2.99235e-29 1.71568e-30 
1.86014e-30 1.68096e-29 2.76914e-28 4.21118e-27 5.91675e-26 7.70313e-25 9.31574e-24 1.0486e-22 1.10041e-21 1.07801e-20 9.86893e-20 8.44947e-19 6.76928e-18 5.07644e-17 3.5641e-16 2.34265e-15 1.44133e-14 8.2984e-14 4.46916e-13 2.25039e-12 1.05895e-11 4.65455e-11 1.91033e-10 7.31979e-10 2.61889e-09 8.75453e-09 2.73753e-08 8.02213e-08 2.20844e-07 5.72766e-07 1.40345e-06 3.25661e-06 7.16721e-06 1.49711e-05 2.96882e-05 5.59122e-05 0.000100086 0.000170489 0.00027671 0.000428402 0.000633218 0.000893673 0.00120273 0.00153957 0.00187037 0.00215824 0.00237802 0.00252473 0.00261003 0.00265166 0.00266379 0.00265166 0.00261003 0.00252473 0.00237802 0.00215824 0.00187037 0.00153957 0.00120273 0.000893673 0.000633218 0.000428402 0.00027671 0.000170489 0.000100086 5.59122e-05 2.96882e-05 1.49711e-05 7.16721e-06 3.25661e-06 1.40345e-06 5.72766e-07 2.20844e-07 8.02213e-08 2.73753e-08 8.75453e-09 2.61889e-09 7.31979e-10 1.91033e-10 4.65455e-11 1.05895e-11 2.25039e-12 4.46916e-13 8.2984e-14 1.44133e-14 2.34265e-15 3.5641e-16 5.07644e-17 6.76928e-18 8.44947e-19 9.86893e-20 1.07801e-20 1.10041e-21 1.0486e-22 9.31574e-24 7.70313e-25 5.91675e-26 4.21118e-27 2.76914e-28 1.68096e-29 
1.7457e-29 1.49108e-28 2.33102e-27 3.37881e-26 4.54052e-25 5.671e-24 6.59666e-23 7.15878e-22 7.25775e-21 6.88159e-20 6.10752e-19 5.07686e-18 3.95415e-17 2.88624e-16 1.97446e-15 1.26574e-14 7.60152e-14 4.27509e-13 2.25039e-12 1.10811e-11 5.10093e-11 2.19377e-10 8.81003e-10 3.30262e-09 1.15561e-08 3.77577e-08 1.15308e-07 3.29679e-07 8.84576e-07 2.23388e-06 5.32629e-06 1.20238e-05 2.57503e-05 5.23727e-05 0.000101203 0.000185874 0.000324737 0.00054036 0.000857605 0.00129994 0.00188397 0.00261194 0.0034614 0.00437551 0.00526522 0.00603493 0.00662049 0.00701061 0.00723723 0.00734784 0.00738009 0.00734784 0.00723723 0.00701061 0.00662049 0.00603493 0.00526522 0.00437551 0.0034614 0.00261194 0.00188397 0.00129994 0.000857605 0.00054036 0.000324737 0.000185874 0.000101203 5.23727e-05 2.57503e-05 1.20238e-05 5.32629e-06 2.23388e-06 8.84576e-07 3.29679e-07 1.15308e-07 3.77577e-08 1.15561e-08 3.30262e-09 8.81003e-10 2.19377e-10 5.10093e-11 1.10811e-11 2.25039e-12 4.27509e-13 7.60152e-14 1.26574e-14 1.97446e-15 2.88624e-16 3.95415e-17 5.07686e-18 6.10752e-19 6.88159e-20 7.25775e-21 7.15878e-22 6.59666e-23 5.671e-24 4.54052e-25 3.37881e-26 2.33102e-27 1.49108e-28 
1.48309e-28 1.20299e-27 1.79181e-26 2.48395e-25 3.20197e-24 3.84625e-23 4.31288e-22 4.521e-21 4.43546e-20 4.07638e-19 3.51183e-18 2.83739e-17 2.15053e-16 1.52917e-15 1.02004e-14 6.38162e-14 3.7431e-13 2.05732e-12 1.05895e-11 5.10093e-11 2.29771e-10 9.67137e-10 3.80125e-09 1.39436e-08 4.77219e-08 1.52412e-07 4.54558e-07 1.26782e-06 3.31434e-06 8.14504e-06 1.88802e-05 4.14135e-05 8.61797e-05 0.000170394 0.000320324 0.000572801 0.00097511 0.00158241 0.0024518 0.00363264 0.00515381 0.00700804 0.00913132 0.011383 0.0135519 0.0154153 0.0168266 0.0177643 0.0183083 0.0185736 0.018651 0.0185736 0.0183083 0.0177643 0.0168266 0.0154153 0.0135519 0.011383 0.00913132 0.00700804 0.00515381 0.00363264 0.0024518 0.00158241 0.00097511 0.000572801 0.000320324 0.000170394 8.61797e-05 4.14135e-05 1.88802e-05 8.14504e-06 3.31434e-06 1.26782e-06 4.54558e-07 1.52412e-07 4.77219e-08 1.39436e-08 3.80125e-09 9.67137e-10 2.29771e-10 5.10093e-11 1.05895e-11 2.05732e-12 3.7431e-13 6.38162e-14 1.02004e-14 1.52917e-15 2.15053e-16 2.83739e-17 3.51183e-18 4.07638e-19 4.43546e-20 4.521e-21 4.31288e-22 3.84625e-23 3.20197e-24 2.48395e-25 1.79181e-26 1.20299e-27 
1.14618e-27 8.86407e-27 1.26216e-25 1.67825e-24 2.0804e-23 2.40863e-22 2.60843e-21 2.64548e-20 2.51515e-19 2.24326e-18 1.87794e-17 1.4761e-16 1.08957e-15 7.55243e-15 4.9152e-14 3.00246e-13 1.72065e-12 9.24547e-12 4.65455e-11 2.19377e-10 9.67137e-10 3.9846e-09 1.53289e-08 5.5024e-08 1.84202e-07 5.75032e-07 1.67472e-06 4.55574e-06 1.15993e-05 2.77221e-05 6.24127e-05 0.000132851 0.000268198 0.000514583 0.000939342 0.00163236 0.00270269 0.00426939 0.00644596 0.00931815 0.0129184 0.0171985 0.0219955 0.0269971 0.0317565 0.0358115 0.038866 0.0408885 0.0420593 0.0426298 0.0427961 0.0426298 0.0420593 0.0408885 0.038866 0.0358115 0.0317565 0.0269971 0.0219955 0.0171985 0.0129184 0.00931815 0.00644596 0.00426939 0.00270269 0.00163236 0.000939342 0.000514583 0.000268198 0.000132851 6.24127e-05 2.77221e-05 1.15993e-05 4.55574e-06 1.67472e-06 5.75032e-07 1.84202e-07 5.5024e-08 1.53289e-08 3.9846e-09 9.67137e-10 2.19377e-10 4.65455e-11 9.24547e-12 1.72065e-12 3.00246e-13 4.9152e-14 7.55243e-15 1.08957e-15 1.4761e-16 1.87794e-17 2.24326e-18 2.51515e-19 2.64548e-20 2.60843e-21 2.40863e-22 2.0804e-23 1.67825e-24 1.26216e-25 8.86407e-27 
8.09344e-27 5.98775e-26 8.17415e-25 1.0451e-23 1.24851e-22 1.39581e-21 1.46221e-20 1.43679e-19 1.32533e-18 1.14831e-17 9.34926e-17 7.15444e-16 5.14612e-15 3.47893e-14 2.20984e-13 1.31841e-12 7.38373e-12 3.87922e-11 1.91033e-10 8.81003e-10 3.80125e-09 1.53289e-08 5.77164e-08 2.02718e-07 6.63723e-07 2.02499e-06 5.75801e-06 1.5273e-05 3.78576e-05 8.79359e-05 0.000192102 0.000396275 0.000774777 0.0014397 0.00254664 0.00429167 0.00689652 0.010583 0.015538 0.0218707 0.0295703 0.0384692 0.0482001 0.058148 0.0674775 0.0753473 0.0812358 0.085118 0.0873589 0.0884491 0.0887666 0.0884491 0.0873589 0.085118 0.0812358 0.0753473 0.0674775 0.058148 0.0482001 0.0384692 0.0295703 0.0218707 0.015538 0.010583 0.00689652 0.00429167 0.00254664 0.0014397 0.000774777 0.000396275 0.000192102 8.79359e-05 3.78576e-05 1.5273e-05 5.75801e-06 2.02499e-06 6.63723e-07 2.02718e-07 5.77164e-08 1.53289e-08 3.80125e-09 8.81003e-10 1.91033e-10 3.87922e-11 7.38373e-12 1.31841e-12 2.20984e-13 3.47893e-14 5.14612e-15 7.15444e-16 9.34926e-17 1.14831e-17 1.32533e-18 1.43679e-19 1.46221e-20 1.39581e-21 1.24851e-22 1.0451e-23 8.17415e-25 5.98775e-26 
5.2425e-26 3.72119e-25 4.88248e-24 6.01533e-23 6.93829e-22 7.50225e-21 7.61288e-20 7.25605e-19 6.50028e-18 5.47582e-17 4.33889e-16 3.23429e-15 2.26796e-14 1.49578e-13 9.27543e-13 5.40538e-12 2.95854e-11 1.51971e-10 7.31979e-10 3.30262e-09 1.39436e-08 5.5024e-08 2.02718e-07 6.96509e-07 2.22973e-06 6.64667e-06 1.84468e-05 4.76928e-05 0.000115038 0.000259533 0.000549627 0.0010973 0.00207411 0.00372489 0.00637013 0.0103865 0.0161625 0.0240394 0.0342466 0.0468359 0.0616287 0.0781881 0.0957895 0.113371 0.129577 0.143082 0.153105 0.159677 0.163458 0.165293 0.165826 0.165293 0.163458 0.159677 0.153105 0.143082 0.129577 0.113371 0.0957895 0.0781881 0.0616287 0.0468359 0.0342466 0.0240394 0.0161625 0.0103865 0.00637013 0.00372489 0.00207411 0.0010973 0.000549627 0.000259533 0.000115038 4.76928e-05 1.84468e-05 6.64667e-06 2.22973e-06 6.96509e-07 2.02718e-07 5.5024e-08 1.39436e-08 3.30262e-09 7.31979e-10 1.51971e-10 2.95854e-11 5.40538e-12 9.27543e-13 1.49578e-13 2.26796e-14 3.23429e-15 4.33889e-16 5.47582e-17 6.50028e-18 7.25605e-19 7.61288e-20 7.50225e-21 6.93829e-22 6.01533e-23 4.88248e-24 3.72119e-25 
3.1264e-25 2.13454e-24 2.6977e-23 3.20881e-22 3.57937e-21 3.74857e-20 3.6891e-19 3.41416e-18 2.97294e-17 2.43659e-16 1.88001e-15 1.36564e-14 9.33816e-14 6.00936e-13 3.638e-12 2.07077e-11 1.1075e-10 5.56085e-10 2.61889e-09 1.15561e-08 4.77219e-08 1.84202e-07 6.63723e-07 2.22973e-06 6.97599e-06 2.0308e-05 5.49857e-05 0.000138501 0.000324912 0.000711487 0.00145933 0.00281609 0.00513726 0.00889766 0.0146762 0.0230953 0.0347179 0.0499335 0.0688674 0.0913121 0.116695 0.144099 0.172292 0.199696 0.224436 0.244754 0.259683 0.269407 0.274975 0.277671 0.278454 0.277671 0.274975 0.269407 0.259683 0.244754 0.224436 0.199696 0.172292 0.144099 0.116695 0.0913121 0.0688674 0.0499335 0.0347179 0.0230953 0.0146762 0.00889766 0.00513726 0.00281609 0.00145933 0.000711487 0.000324912 0.000138501 5.49857e-05 2.0308e-05 6.97599e-06 2.22973e-06 6.63723e-07 1.84202e-07 4.77219e-08 1.15561e-08 2.61889e-09 5.56085e-10 1.1075e-10 2.07077e-11 3.638e-12 6.00936e-13 9.33816e-14 1.36564e-14 1.88001e-15 2.43659e-16 2.97294e-17 3.41416e-18 3.6891e-19 3.74857e-20 3.57937e-21 3.20881e-22 2.6977e-23 2.13454e-24 
1.72202e-24 1.13346e-23 1.38255e-22 1.59043e-21 1.71829e-20 1.74516e-19 1.66751e-18 1.49984e-17 1.27041e-16 1.01364e-15 7.61906e-15 5.39491e-14 3.59793e-13 2.25926e-12 1.33515e-11 7.42135e-11 3.87714e-10 1.90212e-09 8.75453e-09 3.77577e-08 1.52412e-07 5.75032e-07 2.02499e-06 6.64667e-06 2.0308e-05 5.76942e-05 0.000152295 0.000373486 0.000851584 0.0018087 0.00358992 0.00668808 0.0117563 0.0195969 0.0311025 0.0471211 0.0682615 0.0947203 0.126201 0.161907 0.200594 0.240693 0.280433 0.317849 0.3508 0.377384 0.396682 0.40915 0.416253 0.419679 0.420673 0.419679 0.416253 0.40915 0.396682 0.377384 0.3508 0.317849 0.280433 0.240693 0.200594 0.161907 0.126201 0.0947203 0.0682615 0.0471211 0.0311025 0.0195969 0.0117563 0.00668808 0.00358992 0.0018087 0.000851584 0.000373486 0.000152295 5.76942e-05 2.0308e-05 6.64667e-06 2.02499e-06 5.75032e-07 1.52412e-07 3.77577e-08 8.75453e-09 1.90212e-09 3.87714e-10 7.42135e-11 1.33515e-11 2.25926e-12 3.59793e-13 5.39491e-14 7.61906e-15 1.01364e-15 1.27041e-16 1.49984e-17 1.66751e-18 1.74516e-19 1.71829e-20 1.59043e-21 1.38255e-22 1.13346e-23 
8.78375e-24 5.58554e-23 6.58762e-22 7.34084e-21 7.69244e-20 7.58613e-19 7.0451e-18 6.16402e-17 5.08257e-16 3.95014e-15 2.89373e-14 1.99787e-13 1.29966e-12 7.9631e-12 4.59302e-11 2.49229e-10 1.2713e-09 6.0905e-09 2.73753e-08 1.15308e-07 4.54558e-07 1.67472e-06 5.75801e-06 1.84468e-05 5.49857e-05 0.000152295 0.000391556 0.000934078 0.00206831 0.00425737 0.00816984 0.0146791 0.0248288 0.0397618 0.0605905 0.0881701 0.12281 0.164075 0.210806 0.261284 0.313435 0.365082 0.414149 0.458679 0.496765 0.526844 0.548362 0.562131 0.569925 0.573671 0.574755 0.573671 0.569925 0.562131 0.548362 0.526844 0.496765 0.458679 0.414149 0.365082 0.313435 0.261284 0.210806 0.164075 0.12281 0.0881701 0.0605905 0.0397618 0.0248288 0.0146791 0.00816984 0.00425737 0.00206831 0.000934078 0.000391556 0.000152295 5.49857e-05 1.84468e-05 5.75801e-06 1.67472e-06 4.54558e-07 1.15308e-07 2.73753e-08 6.0905e-09 1.2713e-09 2.49229e-10 4.59302e-11 7.9631e-12 1.29966e-12 1.99787e-13 2.89373e-14 3.95014e-15 5.08257e-16 6.16402e-17 7.0451e-18 7.58613e-19 7.69244e-20 7.34084e-21 6.58762e-22 5.58554e-23 
4.15781e-23 2.55933e-22 2.92376e-21 3.16101e-20 3.21726e-19 3.08456e-18 2.78716e-17 2.37433e-16 1.90728e-15 1.4448e-14 1.03202e-13 6.94966e-13 4.41057e-12 2.63684e-11 1.48417e-10 7.85938e-10 3.91239e-09 1.82908e-08 8.02213e-08 3.29679e-07 1.26782e-06 4.55574e-06 1.5273e-05 4.76928e-05 0.000138501 0.000373486 0.000934078 0.00216499 0.00465047 0.00926811 0.0171803 0.0297437 0.0483582 0.0742981 0.10852 0.151393 0.20239 0.259951 0.321718 0.384964 0.446987 0.50541 0.558377 0.604495 0.642631 0.672007 0.692663 0.70573 0.713072 0.716584 0.717598 0.716584 0.713072 0.70573 0.692663 0.672007 0.642631 0.604495 0.558377 0.50541 0.446987 0.384964 0.321718 0.259951 0.20239 0.151393 0.10852 0.0742981 0.0483582 0.0297437 0.0171803 0.00926811 0.00465047 0.00216499 0.000934078 0.000373486 0.000138501 4.76928e-05 1.5273e-05 4.55574e-06 1.26782e-06 3.29679e-07 8.02213e-08 1.82908e-08 3.91239e-09 7.85938e-10 1.48417e-10 2.63684e-11 4.41057e-12 6.94966e-13 1.03202e-13 1.4448e-14 1.90728e-15 2.37433e-16 2.78716e-17 3.08456e-18 3.21726e-19 3.16101e-20 2.92376e-21 2.55933e-22 
1.82898e-22 1.09188e-21 1.21028e-20 1.27148e-19 1.25869e-18 1.1747e-17 1.03392e-16 8.58421e-16 6.72364e-15 4.96797e-14 3.46217e-13 2.27503e-12 1.40901e-11 8.22051e-11 4.51504e-10 2.33276e-09 1.13277e-08 5.16466e-08 2.20844e-07 8.84576e-07 3.31434e-06 1.15993e-05 3.78576e-05 0.000115038 0.000324912 0.000851584 0.00206831 0.00465047 0.00967714 0.0186507 0.0333642 0.0556128 0.0868475 0.127914 0.178904 0.23902 0.306389 0.378108 0.450726 0.520929 0.58601 0.644096 0.694156 0.735809 0.768981 0.793814 0.810933 0.821619 0.827571 0.830403 0.831219 0.830403 0.827571 0.821619 0.810933 0.793814 0.768981 0.735809 0.694156 0.644096 0.58601 0.520929 0.450726 0.378108 0.306389 0.23902 0.178904 0.127914 0.0868475 0.0556128 0.0333642 0.0186507 0.00967714 0.00465047 0.00206831 0.000851584 0.000324912 0.000115038 3.78576e-05 1.15993e-05 3.31434e-06 8.84576e-07 2.20844e-07 5.16466e-08 1.13277e-08 2.33276e-09 4.51504e-10 8.22051e-11 1.40901e-11 2.27503e-12 3.46217e-13 4.96797e-14 6.72364e-15 8.58421e-16 1.03392e-16 1.1747e-17 1.25869e-18 1.27148e-19 1.21028e-20 1.09188e-21 
7.48331e-22 4.34063e-21 4.67611e-20 4.781e-19 4.60992e-18 4.19333e-17 3.59937e-16 2.9157e-15 2.22894e-14 1.60779e-13 1.09399e-12 7.0191e-12 4.24438e-11 2.41735e-10 1.2958e-09 6.53193e-09 3.09338e-08 1.37483e-07 5.72766e-07 2.23388e-06 8.14504e-06 2.77221e-05 8.79359e-05 0.000259533 0.000711487 0.0018087 0.00425737 0.00926811 0.0186507 0.0347105 0.0598566 0.0959886 0.143929 0.203193 0.272137 0.348215 0.428117 0.507982 0.584009 0.653174 0.7136 0.764546 0.806164 0.839154 0.864374 0.882668 0.894998 0.902579 0.90676 0.908737 0.909305 0.908737 0.90676 0.902579 0.894998 0.882668 0.864374 0.839154 0.806164 0.764546 0.7136 0.653174 0.584009 0.507982 0.428117 0.348215 0.272137 0.203193 0.143929 0.0959886 0.0598566 0.0347105 0.0186507 0.00926811 0.00425737 0.0018087 0.000711487 0.000259533 8.79359e-05 2.77221e-05 8.14504e-06 2.23388e-06 5.72766e-07 1.37483e-07 3.09338e-08 6.53193e-09 1.2958e-09 2.41735e-10 4.24438e-11 7.0191e-12 1.09399e-12 1.60779e-13 2.22894e-14 2.9157e-15 3.59937e-16 4.19333e-17 4.60992e-18 4.781e-19 4.67611e-20 4.34063e-21 
2.84929e-21 1.60859e-20 1.68695e-19 1.68111e-18 1.58104e-17 1.40358e-16 1.17636e-15 9.30788e-15 6.95208e-14 4.90027e-13 3.25839e-12 2.04289e-11 1.20693e-10 6.7142e-10 3.51411e-09 1.72874e-08 7.98504e-08 3.45899e-07 1.40345e-06 5.32629e-06 1.88802e-05 6.24127e-05 0.000192102 0.000549627 0.00145933 0.00358992 0.00816984 0.0171803 0.0333642 0.0598566 0.0993749 0.153214 0.220572 0.298647 0.383422 0.47056 0.555885 0.635608 0.706723 0.767455 0.817352 0.85701 0.887653 0.910743 0.927641 0.939486 0.947273 0.951981 0.954548 0.955753 0.956098 0.955753 0.954548 0.951981 0.947273 0.939486 0.927641 0.910743 0.887653 0.85701 0.817352 0.767455 0.706723 0.635608 0.555885 0.47056 0.383422 0.298647 0.220572 0.153214 0.0993749 0.0598566 0.0333642 0.0171803 0.00816984 0.00358992 0.00145933 0.000549627 0.000192102 6.24127e-05 1.88802e-05 5.32629e-06 1.40345e-06 3.45899e-07 7.98504e-08 1.72874e-08 3.51411e-09 6.7142e-10 1.20693e-10 2.04289e-11 3.25839e-12 4.90027e-13 6.95208e-14 9.30788e-15 1.17636e-15 1.40358e-16 1.58104e-17 1.68111e-18 1.68695e-19 1.60859e-20 
1.00995e-20 5.5587e-20 5.68361e-19 5.52844e-18 5.07817e-17 4.40539e-16 3.6095e-15 2.79287e-14 2.0403e-13 1.40677e-12 9.15003e-12 5.61091e-11 3.24144e-10 1.76265e-09 9.01366e-09 4.32981e-08 1.95143e-07 8.24115e-07 3.25661e-06 1.20238e-05 4.14135e-05 0.000132851 0.000396275 0.0010973 0.00281609 0.00668808 0.0146791 0.0297437 0.0556128 0.0959886 0.153214 0.226964 0.313793 0.407964 0.503145 0.593924 0.676416 0.748148 0.807913 0.855725 0.892611 0.92021 0.940354 0.954756 0.964825 0.971629 0.975982 0.978564 0.979955 0.980603 0.980787 0.980603 0.979955 0.978564 0.975982 0.971629 0.964825 0.954756 0.940354 0.92021 0.892611 0.855725 0.807913 0.748148 0.676416 0.593924 0.503145 0.407964 0.313793 0.226964 0.153214 0.0959886 0.0556128 0.0297437 0.0146791 0.00668808 0.00281609 0.0010973 0.000396275 0.000132851 4.14135e-05 1.20238e-05 3.25661e-06 8.24115e-07 1.95143e-07 4.32981e-08 9.01366e-09 1.76265e-09 3.24144e-10 5.61091e-11 9.15003e-12 1.40677e-12 2.0403e-13 2.79287e-14 3.6095e-15 4.40539e-16 5.07817e-17 5.52844e-18 5.68361e-19 5.5587e-20 
3.334e-20 1.79173e-19 1.78875e-18 1.70062e-17 1.52767e-16 1.29664e-15 1.0398e-14 7.87642e-14 5.63398e-13 3.80373e-12 2.42246e-11 1.45428e-10 8.2227e-10 4.3746e-09 2.18746e-08 1.02681e-07 4.51863e-07 1.86146e-06 7.16721e-06 2.57503e-05 8.61797e-05 0.000268198 0.000774777 0.00207411 0.00513726 0.0117563 0.0248288 0.0483582 0.0868475 0.143929 0.220572 0.313793 0.416893 0.521376 0.619519 0.706158 0.778945 0.8376 0.883079 0.91708 0.941676 0.958984 0.970903 0.978978 0.984361 0.98786 0.990034 0.991297 0.991968 0.992277 0.992365 0.992277 0.991968 0.991297 0.990034 0.98786 0.984361 0.978978 0.970903 0.958984 0.941676 0.91708 0.883079 0.8376 0.778945 0.706158 0.619519 0.521376 0.416893 0.313793 0.220572 0.143929 0.0868475 0.0483582 0.0248288 0.0117563 0.00513726 0.00207411 0.000774777 0.000268198 8.61797e-05 2.57503e-05 7.16721e-06 1.86146e-06 4.51863e-07 1.02681e-07 2.18746e-08 4.3746e-09 8.2227e-10 1.45428e-10 2.42246e-11 3.80373e-12 5.63398e-13 7.87642e-14 1.0398e-14 1.29664e-15 1.52767e-16 1.70062e-17 1.78875e-18 1.79173e-19 
1.02557e-19 5.38942e-19 5.26071e-18 4.89488e-17 4.30545e-16 3.57956e-15 2.8126e-14 2.08797e-13 1.46386e-12 9.68698e-12 6.04642e-11 3.5569e-10 1.97014e-09 1.02636e-08 5.02278e-08 2.30591e-07 9.91608e-07 3.98777e-06 1.49711e-05 5.23727e-05 0.000170394 0.000514583 0.0014397 0.00372489 0.00889766 0.0195969 0.0397618 0.0742981 0.127914 0.203193 0.298647 0.407964 0.521376 0.628693 0.722339 0.79877 0.857985 0.902031 0.933684 0.955726 0.970646 0.980507 0.986906 0.99101 0.993614 0.995238 0.996216 0.996772 0.997062 0.997195 0.997232 0.997195 0.997062 0.996772 0.996216 0.995238 0.993614 0.99101 0.986906 0.980507 0.970646 0.955726 0.933684 0.902031 0.857985 0.79877 0.722339 0.628693 0.521376 0.407964 0.298647 0.203193 0.127914 0.0742981 0.0397618 0.0195969 0.00889766 0.00372489 0.0014397 0.000514583 0.000170394 5.23727e-05 1.49711e-05 3.98777e-06 9.91608e-07 2.30591e-07 5.02278e-08 1.02636e-08 1.97014e-09 3.5569e-10 6.04642e-11 9.68698e-12 1.46386e-12 2.08797e-13 2.8126e-14 3.57956e-15 4.30545e-16 4.89488e-17 5.26071e-18 5.38942e-19 
2.94135e-19 1.51357e-18 1.44649e-17 1.31887e-16 1.13723e-15 9.272e-15 7.14612e-14 5.20445e-13 3.57987e-12 2.32417e-11 1.42312e-10 8.21087e-10 4.45913e-09 2.27668e-08 1.09134e-07 4.90416e-07 2.06254e-06 8.10382e-06 2.96882e-05 0.000101203 0.000320324 0.000939342 0.00254664 0.00637013 0.0146762 0.0311025 0.0605905 0.10852 0.178904 0.272137 0.383422 0.503145 0.619519 0.722339 0.805737 0.868692 0.913622 0.944376 0.964768 0.977938 0.98625 0.991397 0.994541 0.996445 0.997594 0.99828 0.99868 0.998901 0.999015 0.999066 0.999081 0.999066 0.999015 0.998901 0.99868 0.99828 0.997594 0.996445 0.994541 0.991397 0.98625 0.977938 0.964768 0.944376 0.913622 0.868692 0.805737 0.722339 0.619519 0.503145 0.383422 0.272137 0.178904 0.10852 0.0605905 0.0311025 0.0146762 0.00637013 0.00254664 0.000939342 0.000320324 0.000101203 2.96882e-05 8.10382e-06 2.06254e-06 4.90416e-07 1.09134e-07 2.27668e-08 4.45913e-09 8.21087e-10 1.42312e-10 2.32417e-11 3.57987e-12 5.20445e-13 7.14612e-14 9.272e-15 1.13723e-15 1.31887e-16 1.44649e-17 1.51357e-18 
