0.00277422 0.00280371 0.00289236 0.00304071 0.00324966 0.00352042 0.0038545 0.00425367 0.00471988 0.00525524 0.00586195 0.00654221 0.00729818 0.00813184 0.009045 0.0100391 0.0111153 0.0122743 0.013516 0.0148399 0.0162449 0.017729 0.0192893 0.0209222 0.0226233 0.0243871 0.0262072 0.0280766 0.0299871 0.0319297 0.0338949 0.0358721 0.0378503 0.039818 0.0417631 0.0436732 0.0455358 0.0473382 0.049068 0.0507127 0.0522604 0.0536995 0.0550193 0.0562094 0.0572608 0.058165 0.058915 0.0595046 0.0599293 0.0601854 0.0602711 0.0601854 0.0599293 0.0595046 0.058915 0.058165 0.0572608 0.0562094 0.0550193 0.0536995 0.0522604 0.0507127 0.049068 0.0473382 0.0455358 0.0436732 0.0417631 0.039818 0.0378503 0.0358721 0.0338949 0.0319297 0.0299871 0.0280766 0.0262072 0.0243871 0.0226233 0.0209222 0.0192893 0.017729 0.0162449 0.0148399 0.013516 0.0122743 0.0111153 0.0100391 0.009045 0.00813184 0.00729818 0.00654221 0.00586195 0.00525524 0.00471988 0.00425367 0.0038545 0.00352042 0.00324966 0.00304071 0.00289236 0.00280371 
0.00280371 0.00283348 0.00292299 0.00307278 0.00328374 0.00355711 0.0038944 0.00429739 0.00476804 0.00530847 0.0059209 0.00660754 0.00737055 0.00821194 0.0091335 0.0101367 0.0112227 0.0123921 0.0136449 0.0149806 0.016398 0.017895 0.0194689 0.0211159 0.0228315 0.0246103 0.0264458 0.0283308 0.0302572 0.0322159 0.0341972 0.0361905 0.0381848 0.0401683 0.0421289 0.0440542 0.0459316 0.0477482 0.0494915 0.0511491 0.0527088 0.0541591 0.055489 0.0566883 0.0577477 0.0586588 0.0594145 0.0600087 0.0604365 0.0606946 0.0607809 0.0606946 0.0604365 0.0600087 0.0594145 0.0586588 0.0577477 0.0566883 0.055489 0.0541591 0.0527088 0.0511491 0.0494915 0.0477482 0.0459316 0.0440542 0.0421289 0.0401683 0.0381848 0.0361905 0.0341972 0.0322159 0.0302572 0.0283308 0.0264458 0.0246103 0.0228315 0.0211159 0.0194689 0.017895 0.016398 0.0149806 0.0136449 0.0123921 0.0112227 0.0101367 0.0091335 0.00821194 0.00737055 0.00660754 0.0059209 0.00530847 0.00476804 0.00429739 0.0038944 0.00355711 0.00328374 0.00307278 0.00292299 0.00283348 
0.00289236 0.00292299 0.00301508 0.00316918 0.00338621 0.00366741 0.00401434 0.00442879 0.00491277 0.00546845 0.00609806 0.00680385 0.00758801 0.00845258 0.00939937 0.0104299 0.0115452 0.0127459 0.0140321 0.0154031 0.0168577 0.0183937 0.0200082 0.0216975 0.0234568 0.0252806 0.0271622 0.0290942 0.0310683 0.0330752 0.0351048 0.0371465 0.0391889 0.0412199 0.0432272 0.0451981 0.0471197 0.0489789 0.0507629 0.0524589 0.0540547 0.0555383 0.0568988 0.0581255 0.059209 0.0601409 0.0609137 0.0615214 0.0619589 0.0622229 0.0623111 0.0622229 0.0619589 0.0615214 0.0609137 0.0601409 0.059209 0.0581255 0.0568988 0.0555383 0.0540547 0.0524589 0.0507629 0.0489789 0.0471197 0.0451981 0.0432272 0.0412199 0.0391889 0.0371465 0.0351048 0.0330752 0.0310683 0.0290942 0.0271622 0.0252806 0.0234568 0.0216975 0.0200082 0.0183937 0.0168577 0.0154031 0.0140321 0.0127459 0.0115452 0.0104299 0.00939937 0.00845258 0.00758801 0.00680385 0.00609806 0.00546845 0.00491277 0.00442879 0.00401434 0.00366741 0.00338621 0.00316918 0.00301508 0.00292299 
0.00304071 0.00307278 0.00316918 0.00333048 0.00355764 0.00385194 0.00421497 0.00464858 0.00515484 0.00573598 0.00639429 0.00713207 0.00795157 0.00885486 0.00984378 0.0109198 0.0120841 0.0133372 0.014679 0.016109 0.0176256 0.0192267 0.0209091 0.0226689 0.0245011 0.0263999 0.0283584 0.0303688 0.0324224 0.0345096 0.0366199 0.0387422 0.0408647 0.042975 0.0450601 0.047107 0.0491022 0.0510324 0.0528841 0.0546442 0.0563 0.0578393 0.0592506 0.060523 0.0616468 0.0626132 0.0634146 0.0640446 0.0644983 0.064772 0.0648634 0.064772 0.0644983 0.0640446 0.0634146 0.0626132 0.0616468 0.060523 0.0592506 0.0578393 0.0563 0.0546442 0.0528841 0.0510324 0.0491022 0.047107 0.0450601 0.042975 0.0408647 0.0387422 0.0366199 0.0345096 0.0324224 0.0303688 0.0283584 0.0263999 0.0245011 0.0226689 0.0209091 0.0192267 0.0176256 0.016109 0.014679 0.0133372 0.0120841 0.0109198 0.00984378 0.00885486 0.00795157 0.00713207 0.00639429 0.00573598 0.00515484 0.00464858 0.00421497 0.00385194 0.00355764 0.00333048 0.00316918 0.00307278 
0.00324966 0.00328374 0.00338621 0.00355764 0.00379904 0.00411174 0.00449739 0.00495793 0.0054955 0.00611241 0.00681103 0.00759375 0.00846288 0.00942054 0.0104686 0.0116086 0.0128416 0.0141681 0.0155881 0.0171007 0.0187044 0.0203967 0.0221744 0.024033 0.0259675 0.0279715 0.0300377 0.0321579 0.0343229 0.0365225 0.0387458 0.0409811 0.0432158 0.0454369 0.047631 0.0497842 0.0518826 0.053912 0.0558584 0.0577082 0.059448 0.0610651 0.0625474 0.0638837 0.0650638 0.0660784 0.0669198 0.0675812 0.0680574 0.0683447 0.0684407 0.0683447 0.0680574 0.0675812 0.0669198 0.0660784 0.0650638 0.0638837 0.0625474 0.0610651 0.059448 0.0577082 0.0558584 0.053912 0.0518826 0.0497842 0.047631 0.0454369 0.0432158 0.0409811 0.0387458 0.0365225 0.0343229 0.0321579 0.0300377 0.0279715 0.0259675 0.024033 0.0221744 0.0203967 0.0187044 0.0171007 0.0155881 0.0141681 0.0128416 0.0116086 0.0104686 0.00942054 0.00846288 0.00759375 0.00681103 0.00611241 0.0054955 0.00495793 0.00449739 0.00411174 0.00379904 0.00355764 0.00338621 0.00328374 
0.00352042 0.00355711 0.00366741 0.00385194 0.00411174 0.00444821 0.00486309 0.00535841 0.00593643 0.00659953 0.00735022 0.00819097 0.00912416 0.010152 0.0112764 0.0124989 0.0138206 0.0152418 0.0167625 0.0183817 0.0200976 0.0219075 0.0238078 0.0257939 0.0278599 0.0299993 0.0322042 0.0344657 0.0367741 0.0391184 0.0414871 0.0438675 0.0462465 0.0486101 0.0509443 0.0532342 0.055465 0.0576219 0.05969 0.061655 0.0635027 0.0652196 0.0667932 0.0682115 0.0694637 0.0705403 0.0714329 0.0721346 0.0726398 0.0729445 0.0730463 0.0729445 0.0726398 0.0721346 0.0714329 0.0705403 0.0694637 0.0682115 0.0667932 0.0652196 0.0635027 0.061655 0.05969 0.0576219 0.055465 0.0532342 0.0509443 0.0486101 0.0462465 0.0438675 0.0414871 0.0391184 0.0367741 0.0344657 0.0322042 0.0299993 0.0278599 0.0257939 0.0238078 0.0219075 0.0200976 0.0183817 0.0167625 0.0152418 0.0138206 0.0124989 0.0112764 0.010152 0.00912416 0.00819097 0.00735022 0.00659953 0.00593643 0.00535841 0.00486309 0.00444821 0.00411174 0.00385194 0.00366741 0.00355711 
0.0038545 0.0038944 0.00401434 0.00421497 0.00449739 0.00486309 0.00531392 0.005852 0.00647972 0.0071996 0.00801425 0.00892627 0.00993816 0.0110522 0.0122703 0.0135941 0.0150245 0.016562 0.0182062 0.0199561 0.0218095 0.0237635 0.0258141 0.0279561 0.0301834 0.0324885 0.0348631 0.0372976 0.0397813 0.0423026 0.0448489 0.0474068 0.0499621 0.0524999 0.0550051 0.0574618 0.0598544 0.0621669 0.0643836 0.0664891 0.0684684 0.0703072 0.0719921 0.0735104 0.0748507 0.0760028 0.076958 0.0777086 0.0782491 0.0785751 0.078684 0.0785751 0.0782491 0.0777086 0.076958 0.0760028 0.0748507 0.0735104 0.0719921 0.0703072 0.0684684 0.0664891 0.0643836 0.0621669 0.0598544 0.0574618 0.0550051 0.0524999 0.0499621 0.0474068 0.0448489 0.0423026 0.0397813 0.0372976 0.0348631 0.0324885 0.0301834 0.0279561 0.0258141 0.0237635 0.0218095 0.0199561 0.0182062 0.016562 0.0150245 0.0135941 0.0122703 0.0110522 0.00993816 0.00892627 0.00801425 0.0071996 0.00647972 0.005852 0.00531392 0.00486309 0.00449739 0.00421497 0.00401434 0.0038944 
0.00425367 0.00429739 0.00442879 0.00464858 0.00495793 0.00535841 0.005852 0.00644095 0.00712779 0.00791518 0.00880589 0.00980263 0.010908 0.0121244 0.0134538 0.0148978 0.0164574 0.0181328 0.0199236 0.0218285 0.023845 0.0259698 0.0281984 0.0305252 0.0329433 0.0354447 0.0380201 0.0406592 0.0433502 0.0460808 0.0488371 0.0516047 0.0543682 0.0571118 0.0598188 0.0624726 0.0650561 0.0675522 0.0699441 0.0722153 0.0743498 0.0763323 0.0781483 0.0797844 0.0812285 0.0824697 0.0834984 0.0843069 0.0848889 0.0852399 0.0853572 0.0852399 0.0848889 0.0843069 0.0834984 0.0824697 0.0812285 0.0797844 0.0781483 0.0763323 0.0743498 0.0722153 0.0699441 0.0675522 0.0650561 0.0624726 0.0598188 0.0571118 0.0543682 0.0516047 0.0488371 0.0460808 0.0433502 0.0406592 0.0380201 0.0354447 0.0329433 0.0305252 0.0281984 0.0259698 0.023845 0.0218285 0.0199236 0.0181328 0.0164574 0.0148978 0.0134538 0.0121244 0.010908 0.00980263 0.00880589 0.00791518 0.00712779 0.00644095 0.005852 0.00535841 0.00495793 0.00464858 0.00442879 0.00429739 
0.00471988 0.00476804 0.00491277 0.00515484 0.0054955 0.00593643 0.00647972 0.00712779 0.00788331 0.00874914 0.00972817 0.0108233 0.0120372 0.0133724 0.0148309 0.0164144 0.0181237 0.0199589 0.0219196 0.0240039 0.0262092 0.0285317 0.0309663 0.0335067 0.0361455 0.0388736 0.0416811 0.0445564 0.0474869 0.0504588 0.0534574 0.0564669 0.0594705 0.0624511 0.0653908 0.0682715 0.0710748 0.0737823 0.0763759 0.0788378 0.0811508 0.0832985 0.0852653 0.087037 0.0886004 0.0899438 0.0910572 0.0919321 0.0925618 0.0929416 0.0930686 0.0929416 0.0925618 0.0919321 0.0910572 0.0899438 0.0886004 0.087037 0.0852653 0.0832985 0.0811508 0.0788378 0.0763759 0.0737823 0.0710748 0.0682715 0.0653908 0.0624511 0.0594705 0.0564669 0.0534574 0.0504588 0.0474869 0.0445564 0.0416811 0.0388736 0.0361455 0.0335067 0.0309663 0.0285317 0.0262092 0.0240039 0.0219196 0.0199589 0.0181237 0.0164144 0.0148309 0.0133724 0.0120372 0.0108233 0.00972817 0.00874914 0.00788331 0.00712779 0.00647972 0.00593643 0.0054955 0.00515484 0.00491277 0.00476804 
0.00525524 0.00530847 0.00546845 0.00573598 0.00611241 0.00659953 0.0071996 0.00791518 0.00874914 0.00970448 0.0107843 0.0119916 0.0133294 0.0148 0.0164057 0.018148 0.0200278 0.0220451 0.0241989 0.0264874 0.0289074 0.0314546 0.0341232 0.0369064 0.0397956 0.0427811 0.0458518 0.048995 0.0521969 0.0554424 0.0587154 0.0619986 0.065274 0.0685228 0.0717257 0.0748629 0.0779147 0.080861 0.0836824 0.0863597 0.0888742 0.0912084 0.0933455 0.09527 0.096968 0.0984268 0.0996356 0.100585 0.101269 0.101681 0.101819 0.101681 0.101269 0.100585 0.0996356 0.0984268 0.096968 0.09527 0.0933455 0.0912084 0.0888742 0.0863597 0.0836824 0.080861 0.0779147 0.0748629 0.0717257 0.0685228 0.065274 0.0619986 0.0587154 0.0554424 0.0521969 0.048995 0.0458518 0.0427811 0.0397956 0.0369064 0.0341232 0.0314546 0.0289074 0.0264874 0.0241989 0.0220451 0.0200278 0.018148 0.0164057 0.0148 0.0133294 0.0119916 0.0107843 0.00970448 0.00874914 0.00791518 0.0071996 0.00659953 0.00611241 0.00573598 0.00546845 0.00530847 
0.00586195 0.0059209 0.00609806 0.00639429 0.00681103 0.00735022 0.00801425 0.00880589 0.00972817 0.0107843 0.0119776 0.0133112 0.0147882 0.0164111 0.0181822 0.020103 0.0221743 0.0243958 0.0267665 0.0292841 0.0319448 0.0347437 0.0376746 0.0407295 0.0438991 0.0471725 0.0505374 0.0539801 0.0574852 0.0610362 0.0646155 0.0682043 0.0717828 0.0753307 0.0788268 0.0822498 0.0855783 0.0887905 0.0918655 0.0947823 0.0975211 0.100063 0.102389 0.104483 0.106331 0.107918 0.109233 0.110266 0.111009 0.111458 0.111607 0.111458 0.111009 0.110266 0.109233 0.107918 0.106331 0.104483 0.102389 0.100063 0.0975211 0.0947823 0.0918655 0.0887905 0.0855783 0.0822498 0.0788268 0.0753307 0.0717828 0.0682043 0.0646155 0.0610362 0.0574852 0.0539801 0.0505374 0.0471725 0.0438991 0.0407295 0.0376746 0.0347437 0.0319448 0.0292841 0.0267665 0.0243958 0.0221743 0.020103 0.0181822 0.0164111 0.0147882 0.0133112 0.0119776 0.0107843 0.00972817 0.00880589 0.00801425 0.00735022 0.00681103 0.00639429 0.00609806 0.0059209 
0.00654221 0.00660754 0.00680385 0.00713207 0.00759375 0.00819097 0.00892627 0.00980263 0.0108233 0.0119916 0.0133112 0.0147853 0.0164171 0.0182094 0.0201643 0.0222834 0.0245673 0.0270157 0.0296269 0.0323984 0.0353259 0.0384038 0.041625 0.0449806 0.0484604 0.0520522 0.0557424 0.0595158 0.0633556 0.0672439 0.071161 0.0750867 0.0789993 0.0828765 0.0866956 0.0904333 0.0940661 0.0975709 0.100925 0.104105 0.10709 0.109859 0.112393 0.114675 0.116686 0.118414 0.119845 0.120969 0.121778 0.122266 0.122429 0.122266 0.121778 0.120969 0.119845 0.118414 0.116686 0.114675 0.112393 0.109859 0.10709 0.104105 0.100925 0.0975709 0.0940661 0.0904333 0.0866956 0.0828765 0.0789993 0.0750867 0.071161 0.0672439 0.0633556 0.0595158 0.0557424 0.0520522 0.0484604 0.0449806 0.041625 0.0384038 0.0353259 0.0323984 0.0296269 0.0270157 0.0245673 0.0222834 0.0201643 0.0182094 0.0164171 0.0147853 0.0133112 0.0119916 0.0108233 0.00980263 0.00892627 0.00819097 0.00759375 0.00713207 0.00680385 0.00660754 
0.00729818 0.00737055 0.00758801 0.00795157 0.00846288 0.00912416 0.00993816 0.010908 0.0120372 0.0133294 0.0147882 0.0164171 0.0182196 0.0201984 0.0223557 0.024693 0.0272107 0.0299084 0.032784 0.0358344 0.0390547 0.0424387 0.0459782 0.0496635 0.053483 0.0574233 0.0614695 0.0656046 0.0698105 0.0740671 0.0783533 0.0826466 0.0869237 0.0911602 0.0953313 0.0994117 0.103376 0.107199 0.110856 0.114323 0.117576 0.120593 0.123353 0.125837 0.128027 0.129908 0.131465 0.132689 0.133569 0.1341 0.134277 0.1341 0.133569 0.132689 0.131465 0.129908 0.128027 0.125837 0.123353 0.120593 0.117576 0.114323 0.110856 0.107199 0.103376 0.0994117 0.0953313 0.0911602 0.0869237 0.0826466 0.0783533 0.0740671 0.0698105 0.0656046 0.0614695 0.0574233 0.053483 0.0496635 0.0459782 0.0424387 0.0390547 0.0358344 0.032784 0.0299084 0.0272107 0.024693 0.0223557 0.0201984 0.0182196 0.0164171 0.0147882 0.0133294 0.0120372 0.010908 0.00993816 0.00912416 0.00846288 0.00795157 0.00758801 0.00737055 
0.00813184 0.00821194 0.00845258 0.00885486 0.00942054 0.010152 0.0110522 0.0121244 0.0133724 0.0148 0.0164111 0.0182094 0.0201984 0.0223809 0.0247592 0.0273346 0.0301075 0.0330769 0.0362406 0.0395948 0.043134 0.046851 0.0507367 0.0547802 0.0589687 0.0632875 0.0677198 0.0722473 0.0768497 0.0815054 0.0861911 0.0908823 0.0955536 0.100178 0.10473 0.10918 0.113503 0.11767 0.121654 0.125429 0.128971 0.132255 0.135258 0.13796 0.140342 0.142387 0.144081 0.145411 0.146368 0.146945 0.147138 0.146945 0.146368 0.145411 0.144081 0.142387 0.140342 0.13796 0.135258 0.132255 0.128971 0.125429 0.121654 0.11767 0.113503 0.10918 0.10473 0.100178 0.0955536 0.0908823 0.0861911 0.0815054 0.0768497 0.0722473 0.0677198 0.0632875 0.0589687 0.0547802 0.0507367 0.046851 0.043134 0.0395948 0.0362406 0.0330769 0.0301075 0.0273346 0.0247592 0.0223809 0.0201984 0.0182094 0.0164111 0.0148 0.0133724 0.0121244 0.0110522 0.010152 0.00942054 0.00885486 0.00845258 0.00821194 
0.009045 0.0091335 0.00939937 0.00984378 0.0104686 0.0112764 0.0122703 0.0134538 0.0148309 0.0164057 0.0181822 0.0201643 0.0223557 0.0247592 0.027377 0.0302105 0.0332597 0.0365234 0.0399988 0.0436814 0.0475651 0.0516417 0.0559011 0.0603311 0.0649175 0.0696439 0.0744921 0.0794418 0.0844709 0.0895556 0.0946705 0.0997889 0.104883 0.109925 0.114884 0.119731 0.124437 0.128971 0.133305 0.137411 0.141262 0.144831 0.148094 0.151029 0.153616 0.155837 0.157676 0.159119 0.160158 0.160784 0.160994 0.160784 0.160158 0.159119 0.157676 0.155837 0.153616 0.151029 0.148094 0.144831 0.141262 0.137411 0.133305 0.128971 0.124437 0.119731 0.114884 0.109925 0.104883 0.0997889 0.0946705 0.0895556 0.0844709 0.0794418 0.0744921 0.0696439 0.0649175 0.0603311 0.0559011 0.0516417 0.0475651 0.0436814 0.0399988 0.0365234 0.0332597 0.0302105 0.027377 0.0247592 0.0223557 0.0201643 0.0181822 0.0164057 0.0148309 0.0134538 0.0122703 0.0112764 0.0104686 0.00984378 0.00939937 0.0091335 
0.0100391 0.0101367 0.0104299 0.0109198 0.0116086 0.0124989 0.0135941 0.0148978 0.0164144 0.018148 0.020103 0.0222834 0.024693 0.0273346 0.0302105 0.0333218 0.0366683 0.0402484 0.0440588 0.0480942 0.0523478 0.0568102 0.0614703 0.0663144 0.0713268 0.0764896 0.0817826 0.0871836 0.0926684 0.0982111 0.103784 0.109358 0.114903 0.120388 0.125781 0.13105 0.136164 0.141089 0.145795 0.150252 0.15443 0.158302 0.161841 0.165023 0.167828 0.170234 0.172227 0.173791 0.174916 0.175595 0.175821 0.175595 0.174916 0.173791 0.172227 0.170234 0.167828 0.165023 0.161841 0.158302 0.15443 0.150252 0.145795 0.141089 0.136164 0.13105 0.125781 0.120388 0.114903 0.109358 0.103784 0.0982111 0.0926684 0.0871836 0.0817826 0.0764896 0.0713268 0.0663144 0.0614703 0.0568102 0.0523478 0.0480942 0.0440588 0.0402484 0.0366683 0.0333218 0.0302105 0.0273346 0.024693 0.0222834 0.020103 0.018148 0.0164144 0.0148978 0.0135941 0.0124989 0.0116086 0.0109198 0.0104299 0.0101367 
0.0111153 0.0112227 0.0115452 0.0120841 0.0128416 0.0138206 0.0150245 0.0164574 0.0181237 0.0200278 0.0221743 0.0245673 0.0272107 0.0301075 0.0332597 0.0366683 0.0403328 0.0442512 0.0484193 0.0528315 0.0574797 0.0623536 0.0674406 0.0727258 0.0781917 0.0838185 0.0895843 0.0954647 0.101433 0.107462 0.11352 0.119577 0.125599 0.131554 0.137406 0.143121 0.148665 0.154003 0.159102 0.163929 0.168452 0.172643 0.176472 0.179915 0.182948 0.185551 0.187705 0.189397 0.190613 0.191346 0.191591 0.191346 0.190613 0.189397 0.187705 0.185551 0.182948 0.179915 0.176472 0.172643 0.168452 0.163929 0.159102 0.154003 0.148665 0.143121 0.137406 0.131554 0.125599 0.119577 0.11352 0.107462 0.101433 0.0954647 0.0895843 0.0838185 0.0781917 0.0727258 0.0674406 0.0623536 0.0574797 0.0528315 0.0484193 0.0442512 0.0403328 0.0366683 0.0332597 0.0301075 0.0272107 0.0245673 0.0221743 0.0200278 0.0181237 0.0164574 0.0150245 0.0138206 0.0128416 0.0120841 0.0115452 0.0112227 
0.0122743 0.0123921 0.0127459 0.0133372 0.0141681 0.0152418 0.016562 0.0181328 0.0199589 0.0220451 0.0243958 0.0270157 0.0299084 0.0330769 0.0365234 0.0402484 0.0442512 0.048529 0.0530773 0.0578895 0.0629563 0.0682665 0.0738059 0.0795581 0.0855038 0.0916214 0.0978868 0.104273 0.110753 0.117293 0.123863 0.130429 0.136954 0.143402 0.149737 0.155921 0.161917 0.167688 0.173199 0.178413 0.183299 0.187823 0.191957 0.195672 0.198945 0.201752 0.204076 0.2059 0.207212 0.208002 0.208266 0.208002 0.207212 0.2059 0.204076 0.201752 0.198945 0.195672 0.191957 0.187823 0.183299 0.178413 0.173199 0.167688 0.161917 0.155921 0.149737 0.143402 0.136954 0.130429 0.123863 0.117293 0.110753 0.104273 0.0978868 0.0916214 0.0855038 0.0795581 0.0738059 0.0682665 0.0629563 0.0578895 0.0530773 0.048529 0.0442512 0.0402484 0.0365234 0.0330769 0.0299084 0.0270157 0.0243958 0.0220451 0.0199589 0.0181328 0.016562 0.0152418 0.0141681 0.0133372 0.0127459 0.0123921 
0.013516 0.0136449 0.0140321 0.014679 0.0155881 0.0167625 0.0182062 0.0199236 0.0219196 0.0241989 0.0267665 0.0296269 0.032784 0.0362406 0.0399988 0.0440588 0.0484193 0.0530773 0.0580274 0.0632619 0.0687706 0.0745409 0.0805571 0.0868011 0.0932518 0.0998856 0.106676 0.113594 0.120609 0.127688 0.134794 0.141891 0.148942 0.155907 0.162746 0.16942 0.175888 0.182111 0.188051 0.19367 0.198933 0.203805 0.208255 0.212254 0.215776 0.218796 0.221296 0.223258 0.224668 0.225519 0.225803 0.225519 0.224668 0.223258 0.221296 0.218796 0.215776 0.212254 0.208255 0.203805 0.198933 0.19367 0.188051 0.182111 0.175888 0.16942 0.162746 0.155907 0.148942 0.141891 0.134794 0.127688 0.120609 0.113594 0.106676 0.0998856 0.0932518 0.0868011 0.0805571 0.0745409 0.0687706 0.0632619 0.0580274 0.0530773 0.0484193 0.0440588 0.0399988 0.0362406 0.032784 0.0296269 0.0267665 0.0241989 0.0219196 0.0199236 0.0182062 0.0167625 0.0155881 0.014679 0.0140321 0.0136449 
0.0148399 0.0149806 0.0154031 0.016109 0.0171007 0.0183817 0.0199561 0.0218285 0.0240039 0.0264874 0.0292841 0.0323984 0.0358344 0.0395948 0.0436814 0.0480942 0.0528315 0.0578895 0.0632619 0.0689401 0.0749128 0.0811658 0.0876819 0.0944412 0.101421 0.108594 0.115934 0.123408 0.130982 0.138621 0.146286 0.153938 0.161537 0.169039 0.176402 0.183585 0.190543 0.197235 0.20362 0.209658 0.215312 0.220544 0.225322 0.229614 0.233393 0.236634 0.239316 0.24142 0.242933 0.243845 0.244149 0.243845 0.242933 0.24142 0.239316 0.236634 0.233393 0.229614 0.225322 0.220544 0.215312 0.209658 0.20362 0.197235 0.190543 0.183585 0.176402 0.169039 0.161537 0.153938 0.146286 0.138621 0.130982 0.123408 0.115934 0.108594 0.101421 0.0944412 0.0876819 0.0811658 0.0749128 0.0689401 0.0632619 0.0578895 0.0528315 0.0480942 0.0436814 0.0395948 0.0358344 0.0323984 0.0292841 0.0264874 0.0240039 0.0218285 0.0199561 0.0183817 0.0171007 0.016109 0.0154031 0.0149806 
0.0162449 0.016398 0.0168577 0.0176256 0.0187044 0.0200976 0.0218095 0.023845 0.0262092 0.0289074 0.0319448 0.0353259 0.0390547 0.043134 0.0475651 0.0523478 0.0574797 0.0629563 0.0687706 0.0749128 0.0813702 0.0881271 0.0951648 0.102461 0.109992 0.117728 0.125638 0.133689 0.141844 0.150065 0.15831 0.166537 0.174702 0.182761 0.190666 0.198374 0.205839 0.213015 0.219859 0.22633 0.232385 0.237989 0.243104 0.247698 0.251742 0.255209 0.258078 0.260328 0.261946 0.262921 0.263247 0.262921 0.261946 0.260328 0.258078 0.255209 0.251742 0.247698 0.243104 0.237989 0.232385 0.22633 0.219859 0.213015 0.205839 0.198374 0.190666 0.182761 0.174702 0.166537 0.15831 0.150065 0.141844 0.133689 0.125638 0.117728 0.109992 0.102461 0.0951648 0.0881271 0.0813702 0.0749128 0.0687706 0.0629563 0.0574797 0.0523478 0.0475651 0.043134 0.0390547 0.0353259 0.0319448 0.0289074 0.0262092 0.023845 0.0218095 0.0200976 0.0187044 0.0176256 0.0168577 0.016398 
0.017729 0.017895 0.0183937 0.0192267 0.0203967 0.0219075 0.0237635 0.0259698 0.0285317 0.0314546 0.0347437 0.0384038 0.0424387 0.046851 0.0516417 0.0568102 0.0623536 0.0682665 0.0745409 0.0811658 0.0881271 0.0954077 0.102987 0.110841 0.118942 0.12726 0.135762 0.14441 0.153166 0.161987 0.170831 0.179651 0.1884 0.197031 0.205494 0.213743 0.221727 0.2294 0.236716 0.243629 0.250098 0.256081 0.261541 0.266445 0.270759 0.274458 0.277518 0.279918 0.281643 0.282683 0.28303 0.282683 0.281643 0.279918 0.277518 0.274458 0.270759 0.266445 0.261541 0.256081 0.250098 0.243629 0.236716 0.2294 0.221727 0.213743 0.205494 0.197031 0.1884 0.179651 0.170831 0.161987 0.153166 0.14441 0.135762 0.12726 0.118942 0.110841 0.102987 0.0954077 0.0881271 0.0811658 0.0745409 0.0682665 0.0623536 0.0568102 0.0516417 0.046851 0.0424387 0.0384038 0.0347437 0.0314546 0.0285317 0.0259698 0.0237635 0.0219075 0.0203967 0.0192267 0.0183937 0.017895 
0.0192893 0.0194689 0.0200082 0.0209091 0.0221744 0.0238078 0.0258141 0.0281984 0.0309663 0.0341232 0.0376746 0.041625 0.0459782 0.0507367 0.0559011 0.0614703 0.0674406 0.0738059 0.0805571 0.0876819 0.0951648 0.102987 0.111126 0.119555 0.128245 0.137164 0.146274 0.155537 0.164911 0.17435 0.183807 0.193235 0.202584 0.211801 0.220836 0.229637 0.238153 0.246334 0.254131 0.261496 0.268385 0.274756 0.280568 0.285785 0.290376 0.294311 0.297564 0.300117 0.301951 0.303057 0.303426 0.303057 0.301951 0.300117 0.297564 0.294311 0.290376 0.285785 0.280568 0.274756 0.268385 0.261496 0.254131 0.246334 0.238153 0.229637 0.220836 0.211801 0.202584 0.193235 0.183807 0.17435 0.164911 0.155537 0.146274 0.137164 0.128245 0.119555 0.111126 0.102987 0.0951648 0.0876819 0.0805571 0.0738059 0.0674406 0.0614703 0.0559011 0.0507367 0.0459782 0.041625 0.0376746 0.0341232 0.0309663 0.0281984 0.0258141 0.0238078 0.0221744 0.0209091 0.0200082 0.0194689 
0.0209222 0.0211159 0.0216975 0.0226689 0.024033 0.0257939 0.0279561 0.0305252 0.0335067 0.0369064 0.0407295 0.0449806 0.0496635 0.0547802 0.0603311 0.0663144 0.0727258 0.0795581 0.0868011 0.0944412 0.102461 0.110841 0.119555 0.128576 0.137871 0.147406 0.15714 0.167033 0.177038 0.187109 0.197195 0.207244 0.217203 0.227018 0.236635 0.245999 0.255056 0.263753 0.272038 0.279862 0.287178 0.293941 0.30011 0.305646 0.310516 0.314689 0.318139 0.320846 0.322791 0.323963 0.324354 0.323963 0.322791 0.320846 0.318139 0.314689 0.310516 0.305646 0.30011 0.293941 0.287178 0.279862 0.272038 0.263753 0.255056 0.245999 0.236635 0.227018 0.217203 0.207244 0.197195 0.187109 0.177038 0.167033 0.15714 0.147406 0.137871 0.128576 0.119555 0.110841 0.102461 0.0944412 0.0868011 0.0795581 0.0727258 0.0663144 0.0603311 0.0547802 0.0496635 0.0449806 0.0407295 0.0369064 0.0335067 0.0305252 0.0279561 0.0257939 0.024033 0.0226689 0.0216975 0.0211159 
0.0226233 0.0228315 0.0234568 0.0245011 0.0259675 0.0278599 0.0301834 0.0329433 0.0361455 0.0397956 0.0438991 0.0484604 0.053483 0.0589687 0.0649175 0.0713268 0.0781917 0.0855038 0.0932518 0.101421 0.109992 0.118942 0.128245 0.137871 0.147785 0.157949 0.16832 0.178855 0.189504 0.200218 0.210942 0.221622 0.232202 0.242624 0.25283 0.262764 0.272368 0.281587 0.290367 0.298654 0.306401 0.31356 0.320088 0.325946 0.331097 0.33551 0.339158 0.342019 0.344076 0.345314 0.345728 0.345314 0.344076 0.342019 0.339158 0.33551 0.331097 0.325946 0.320088 0.31356 0.306401 0.298654 0.290367 0.281587 0.272368 0.262764 0.25283 0.242624 0.232202 0.221622 0.210942 0.200218 0.189504 0.178855 0.16832 0.157949 0.147785 0.137871 0.128245 0.118942 0.109992 0.101421 0.0932518 0.0855038 0.0781917 0.0713268 0.0649175 0.0589687 0.053483 0.0484604 0.0438991 0.0397956 0.0361455 0.0329433 0.0301834 0.0278599 0.0259675 0.0245011 0.0234568 0.0228315 
0.0243871 0.0246103 0.0252806 0.0263999 0.0279715 0.0299993 0.0324885 0.0354447 0.0388736 0.0427811 0.0471725 0.0520522 0.0574233 0.0632875 0.0696439 0.0764896 0.0838185 0.0916214 0.0998856 0.108594 0.117728 0.12726 0.137164 0.147406 0.157949 0.168752 0.17977 0.190957 0.202259 0.213624 0.224994 0.236312 0.247519 0.258554 0.269355 0.279864 0.290019 0.299764 0.30904 0.317794 0.325973 0.33353 0.340418 0.346598 0.35203 0.356684 0.360531 0.363547 0.365715 0.36702 0.367456 0.36702 0.365715 0.363547 0.360531 0.356684 0.35203 0.346598 0.340418 0.33353 0.325973 0.317794 0.30904 0.299764 0.290019 0.279864 0.269355 0.258554 0.247519 0.236312 0.224994 0.213624 0.202259 0.190957 0.17977 0.168752 0.157949 0.147406 0.137164 0.12726 0.117728 0.108594 0.0998856 0.0916214 0.0838185 0.0764896 0.0696439 0.0632875 0.0574233 0.0520522 0.0471725 0.0427811 0.0388736 0.0354447 0.0324885 0.0299993 0.0279715 0.0263999 0.0252806 0.0246103 
0.0262072 0.0264458 0.0271622 0.0283584 0.0300377 0.0322042 0.0348631 0.0380201 0.0416811 0.0458518 0.0505374 0.0557424 0.0614695 0.0677198 0.0744921 0.0817826 0.0895843 0.0978868 0.106676 0.115934 0.125638 0.135762 0.146274 0.15714 0.16832 0.17977 0.191443 0.203287 0.215249 0.22727 0.239292 0.251252 0.26309 0.27474 0.286139 0.297224 0.307932 0.318203 0.327976 0.337196 0.345807 0.353761 0.36101 0.36751 0.373224 0.378118 0.382162 0.385333 0.387611 0.388983 0.389442 0.388983 0.387611 0.385333 0.382162 0.378118 0.373224 0.36751 0.36101 0.353761 0.345807 0.337196 0.327976 0.318203 0.307932 0.297224 0.286139 0.27474 0.26309 0.251252 0.239292 0.22727 0.215249 0.203287 0.191443 0.17977 0.16832 0.15714 0.146274 0.135762 0.125638 0.115934 0.106676 0.0978868 0.0895843 0.0817826 0.0744921 0.0677198 0.0614695 0.0557424 0.0505374 0.0458518 0.0416811 0.0380201 0.0348631 0.0322042 0.0300377 0.0283584 0.0271622 0.0264458 
0.0280766 0.0283308 0.0290942 0.0303688 0.0321579 0.0344657 0.0372976 0.0406592 0.0445564 0.048995 0.0539801 0.0595158 0.0656046 0.0722473 0.0794418 0.0871836 0.0954647 0.104273 0.113594 0.123408 0.133689 0.14441 0.155537 0.167033 0.178855 0.190957 0.203287 0.215793 0.228416 0.241096 0.253771 0.266375 0.278844 0.291109 0.303106 0.314766 0.326026 0.336821 0.347089 0.356772 0.365814 0.374163 0.381769 0.388588 0.394581 0.399713 0.403953 0.407276 0.409664 0.411103 0.411583 0.411103 0.409664 0.407276 0.403953 0.399713 0.394581 0.388588 0.381769 0.374163 0.365814 0.356772 0.347089 0.336821 0.326026 0.314766 0.303106 0.291109 0.278844 0.266375 0.253771 0.241096 0.228416 0.215793 0.203287 0.190957 0.178855 0.167033 0.155537 0.14441 0.133689 0.123408 0.113594 0.104273 0.0954647 0.0871836 0.0794418 0.0722473 0.0656046 0.0595158 0.0539801 0.048995 0.0445564 0.0406592 0.0372976 0.0344657 0.0321579 0.0303688 0.0290942 0.0283308 
0.0299871 0.0302572 0.0310683 0.0324224 0.0343229 0.0367741 0.0397813 0.0433502 0.0474869 0.0521969 0.0574852 0.0633556 0.0698105 0.0768497 0.0844709 0.0926684 0.101433 0.110753 0.120609 0.130982 0.141844 0.153166 0.164911 0.177038 0.189504 0.202259 0.215249 0.228416 0.241701 0.255039 0.268365 0.281611 0.294708 0.307587 0.320176 0.332409 0.344215 0.35553 0.36629 0.376432 0.3859 0.394638 0.402598 0.409732 0.416 0.421366 0.4258 0.429274 0.431771 0.433274 0.433776 0.433274 0.431771 0.429274 0.4258 0.421366 0.416 0.409732 0.402598 0.394638 0.3859 0.376432 0.36629 0.35553 0.344215 0.332409 0.320176 0.307587 0.294708 0.281611 0.268365 0.255039 0.241701 0.228416 0.215249 0.202259 0.189504 0.177038 0.164911 0.153166 0.141844 0.130982 0.120609 0.110753 0.101433 0.0926684 0.0844709 0.0768497 0.0698105 0.0633556 0.0574852 0.0521969 0.0474869 0.0433502 0.0397813 0.0367741 0.0343229 0.0324224 0.0310683 0.0302572 
0.0319297 0.0322159 0.0330752 0.0345096 0.0365225 0.0391184 0.0423026 0.0460808 0.0504588 0.0554424 0.0610362 0.0672439 0.0740671 0.0815054 0.0895556 0.0982111 0.107462 0.117293 0.127688 0.138621 0.150065 0.161987 0.17435 0.187109 0.200218 0.213624 0.22727 0.241096 0.255039 0.269032 0.283005 0.296887 0.310607 0.324092 0.337269 0.350067 0.362414 0.374242 0.385486 0.39608 0.405967 0.41509 0.423396 0.43084 0.437379 0.442975 0.447598 0.451221 0.453824 0.455391 0.455914 0.455391 0.453824 0.451221 0.447598 0.442975 0.437379 0.43084 0.423396 0.41509 0.405967 0.39608 0.385486 0.374242 0.362414 0.350067 0.337269 0.324092 0.310607 0.296887 0.283005 0.269032 0.255039 0.241096 0.22727 0.213624 0.200218 0.187109 0.17435 0.161987 0.150065 0.138621 0.127688 0.117293 0.107462 0.0982111 0.0895556 0.0815054 0.0740671 0.0672439 0.0610362 0.0554424 0.0504588 0.0460808 0.0423026 0.0391184 0.0365225 0.0345096 0.0330752 0.0322159 
0.0338949 0.0341972 0.0351048 0.0366199 0.0387458 0.0414871 0.0448489 0.0488371 0.0534574 0.0587154 0.0646155 0.071161 0.0783533 0.0861911 0.0946705 0.103784 0.11352 0.123863 0.134794 0.146286 0.15831 0.170831 0.183807 0.197195 0.210942 0.224994 0.239292 0.253771 0.268365 0.283005 0.297617 0.312128 0.326463 0.340545 0.3543 0.367654 0.380532 0.392865 0.404583 0.415621 0.425918 0.435416 0.444063 0.451809 0.458612 0.464434 0.469242 0.473009 0.475715 0.477345 0.477889 0.477345 0.475715 0.473009 0.469242 0.464434 0.458612 0.451809 0.444063 0.435416 0.425918 0.415621 0.404583 0.392865 0.380532 0.367654 0.3543 0.340545 0.326463 0.312128 0.297617 0.283005 0.268365 0.253771 0.239292 0.224994 0.210942 0.197195 0.183807 0.170831 0.15831 0.146286 0.134794 0.123863 0.11352 0.103784 0.0946705 0.0861911 0.0783533 0.071161 0.0646155 0.0587154 0.0534574 0.0488371 0.0448489 0.0414871 0.0387458 0.0366199 0.0351048 0.0341972 
0.0358721 0.0361905 0.0371465 0.0387422 0.0409811 0.0438675 0.0474068 0.0516047 0.0564669 0.0619986 0.0682043 0.0750867 0.0826466 0.0908823 0.0997889 0.109358 0.119577 0.130429 0.141891 0.153938 0.166537 0.179651 0.193235 0.207244 0.221622 0.236312 0.251252 0.266375 0.281611 0.296887 0.312128 0.327256 0.342194 0.356862 0.371184 0.385081 0.398479 0.411304 0.423485 0.434956 0.445653 0.455518 0.464495 0.472536 0.479595 0.485636 0.490623 0.494531 0.497337 0.499028 0.499592 0.499028 0.497337 0.494531 0.490623 0.485636 0.479595 0.472536 0.464495 0.455518 0.445653 0.434956 0.423485 0.411304 0.398479 0.385081 0.371184 0.356862 0.342194 0.327256 0.312128 0.296887 0.281611 0.266375 0.251252 0.236312 0.221622 0.207244 0.193235 0.179651 0.166537 0.153938 0.141891 0.130429 0.119577 0.109358 0.0997889 0.0908823 0.0826466 0.0750867 0.0682043 0.0619986 0.0564669 0.0516047 0.0474068 0.0438675 0.0409811 0.0387422 0.0371465 0.0361905 
0.0378503 0.0381848 0.0391889 0.0408647 0.0432158 0.0462465 0.0499621 0.0543682 0.0594705 0.065274 0.0717828 0.0789993 0.0869237 0.0955536 0.104883 0.114903 0.125599 0.136954 0.148942 0.161537 0.174702 0.1884 0.202584 0.217203 0.232202 0.247519 0.26309 0.278844 0.294708 0.310607 0.326463 0.342194 0.35772 0.37296 0.387834 0.402261 0.416163 0.429467 0.442098 0.453989 0.465074 0.475292 0.48459 0.492915 0.500223 0.506475 0.511636 0.515679 0.518583 0.520331 0.520915 0.520331 0.518583 0.515679 0.511636 0.506475 0.500223 0.492915 0.48459 0.475292 0.465074 0.453989 0.442098 0.429467 0.416163 0.402261 0.387834 0.37296 0.35772 0.342194 0.326463 0.310607 0.294708 0.278844 0.26309 0.247519 0.232202 0.217203 0.202584 0.1884 0.174702 0.161537 0.148942 0.136954 0.125599 0.114903 0.104883 0.0955536 0.0869237 0.0789993 0.0717828 0.065274 0.0594705 0.0543682 0.0499621 0.0462465 0.0432158 0.0408647 0.0391889 0.0381848 
0.039818 0.0401683 0.0412199 0.042975 0.0454369 0.0486101 0.0524999 0.0571118 0.0624511 0.0685228 0.0753307 0.0828765 0.0911602 0.100178 0.109925 0.120388 0.131554 0.143402 0.155907 0.169039 0.182761 0.197031 0.211801 0.227018 0.242624 0.258554 0.27474 0.291109 0.307587 0.324092 0.340545 0.356862 0.37296 0.388755 0.404163 0.419103 0.433494 0.44726 0.460326 0.472621 0.48408 0.49464 0.504246 0.512845 0.520392 0.526846 0.532174 0.536348 0.539344 0.541149 0.541751 0.541149 0.539344 0.536348 0.532174 0.526846 0.520392 0.512845 0.504246 0.49464 0.48408 0.472621 0.460326 0.44726 0.433494 0.419103 0.404163 0.388755 0.37296 0.356862 0.340545 0.324092 0.307587 0.291109 0.27474 0.258554 0.242624 0.227018 0.211801 0.197031 0.182761 0.169039 0.155907 0.143402 0.131554 0.120388 0.109925 0.100178 0.0911602 0.0828765 0.0753307 0.0685228 0.0624511 0.0571118 0.0524999 0.0486101 0.0454369 0.042975 0.0412199 0.0401683 
0.0417631 0.0421289 0.0432272 0.0450601 0.047631 0.0509443 0.0550051 0.0598188 0.0653908 0.0717257 0.0788268 0.0866956 0.0953313 0.10473 0.114884 0.125781 0.137406 0.149737 0.162746 0.176402 0.190666 0.205494 0.220836 0.236635 0.25283 0.269355 0.286139 0.303106 0.320176 0.337269 0.3543 0.371184 0.387834 0.404163 0.420086 0.43552 0.450381 0.464592 0.478075 0.490758 0.502576 0.513463 0.523364 0.532225 0.54 0.546649 0.552136 0.556433 0.559519 0.561377 0.561997 0.561377 0.559519 0.556433 0.552136 0.546649 0.54 0.532225 0.523364 0.513463 0.502576 0.490758 0.478075 0.464592 0.450381 0.43552 0.420086 0.404163 0.387834 0.371184 0.3543 0.337269 0.320176 0.303106 0.286139 0.269355 0.25283 0.236635 0.220836 0.205494 0.190666 0.176402 0.162746 0.149737 0.137406 0.125781 0.114884 0.10473 0.0953313 0.0866956 0.0788268 0.0717257 0.0653908 0.0598188 0.0550051 0.0509443 0.047631 0.0450601 0.0432272 0.0421289 
0.0436732 0.0440542 0.0451981 0.047107 0.0497842 0.0532342 0.0574618 0.0624726 0.0682715 0.0748629 0.0822498 0.0904333 0.0994117 0.10918 0.119731 0.13105 0.143121 0.155921 0.16942 0.183585 0.198374 0.213743 0.229637 0.245999 0.262764 0.279864 0.297224 0.314766 0.332409 0.350067 0.367654 0.385081 0.402261 0.419103 0.43552 0.451426 0.466737 0.481372 0.495253 0.508307 0.520466 0.531665 0.541847 0.550957 0.558949 0.565782 0.57142 0.575836 0.579006 0.580914 0.581551 0.580914 0.579006 0.575836 0.57142 0.565782 0.558949 0.550957 0.541847 0.531665 0.520466 0.508307 0.495253 0.481372 0.466737 0.451426 0.43552 0.419103 0.402261 0.385081 0.367654 0.350067 0.332409 0.314766 0.297224 0.279864 0.262764 0.245999 0.229637 0.213743 0.198374 0.183585 0.16942 0.155921 0.143121 0.13105 0.119731 0.10918 0.0994117 0.0904333 0.0822498 0.0748629 0.0682715 0.0624726 0.0574618 0.0532342 0.0497842 0.047107 0.0451981 0.0440542 
0.0455358 0.0459316 0.0471197 0.0491022 0.0518826 0.055465 0.0598544 0.0650561 0.0710748 0.0779147 0.0855783 0.0940661 0.103376 0.113503 0.124437 0.136164 0.148665 0.161917 0.175888 0.190543 0.205839 0.221727 0.238153 0.255056 0.272368 0.290019 0.307932 0.326026 0.344215 0.362414 0.380532 0.398479 0.416163 0.433494 0.450381 0.466737 0.482475 0.497513 0.511772 0.525178 0.53766 0.549154 0.559601 0.568946 0.577143 0.58415 0.589931 0.594458 0.597707 0.599663 0.600317 0.599663 0.597707 0.594458 0.589931 0.58415 0.577143 0.568946 0.559601 0.549154 0.53766 0.525178 0.511772 0.497513 0.482475 0.466737 0.450381 0.433494 0.416163 0.398479 0.380532 0.362414 0.344215 0.326026 0.307932 0.290019 0.272368 0.255056 0.238153 0.221727 0.205839 0.190543 0.175888 0.161917 0.148665 0.136164 0.124437 0.113503 0.103376 0.0940661 0.0855783 0.0779147 0.0710748 0.0650561 0.0598544 0.055465 0.0518826 0.0491022 0.0471197 0.0459316 
0.0473382 0.0477482 0.0489789 0.0510324 0.053912 0.0576219 0.0621669 0.0675522 0.0737823 0.080861 0.0887905 0.0975709 0.107199 0.11767 0.128971 0.141089 0.154003 0.167688 0.182111 0.197235 0.213015 0.2294 0.246334 0.263753 0.281587 0.299764 0.318203 0.336821 0.35553 0.374242 0.392865 0.411304 0.429467 0.44726 0.464592 0.481372 0.497513 0.512931 0.527546 0.541282 0.554069 0.56584 0.576536 0.586103 0.594492 0.601662 0.607577 0.612208 0.615532 0.617533 0.618201 0.617533 0.615532 0.612208 0.607577 0.601662 0.594492 0.586103 0.576536 0.56584 0.554069 0.541282 0.527546 0.512931 0.497513 0.481372 0.464592 0.44726 0.429467 0.411304 0.392865 0.374242 0.35553 0.336821 0.318203 0.299764 0.281587 0.263753 0.246334 0.2294 0.213015 0.197235 0.182111 0.167688 0.154003 0.141089 0.128971 0.11767 0.107199 0.0975709 0.0887905 0.080861 0.0737823 0.0675522 0.0621669 0.0576219 0.053912 0.0510324 0.0489789 0.0477482 
0.049068 0.0494915 0.0507629 0.0528841 0.0558584 0.05969 0.0643836 0.0699441 0.0763759 0.0836824 0.0918655 0.100925 0.110856 0.121654 0.133305 0.145795 0.159102 0.173199 0.188051 0.20362 0.219859 0.236716 0.254131 0.272038 0.290367 0.30904 0.327976 0.347089 0.36629 0.385486 0.404583 0.423485 0.442098 0.460326 0.478075 0.495253 0.511772 0.527546 0.542494 0.55654 0.56961 0.58164 0.592569 0.602342 0.61091 0.618232 0.624271 0.628999 0.632392 0.634435 0.635117 0.634435 0.632392 0.628999 0.624271 0.618232 0.61091 0.602342 0.592569 0.58164 0.56961 0.55654 0.542494 0.527546 0.511772 0.495253 0.478075 0.460326 0.442098 0.423485 0.404583 0.385486 0.36629 0.347089 0.327976 0.30904 0.290367 0.272038 0.254131 0.236716 0.219859 0.20362 0.188051 0.173199 0.159102 0.145795 0.133305 0.121654 0.110856 0.100925 0.0918655 0.0836824 0.0763759 0.0699441 0.0643836 0.05969 0.0558584 0.0528841 0.0507629 0.0494915 
0.0507127 0.0511491 0.0524589 0.0546442 0.0577082 0.061655 0.0664891 0.0722153 0.0788378 0.0863597 0.0947823 0.104105 0.114323 0.125429 0.137411 0.150252 0.163929 0.178413 0.19367 0.209658 0.22633 0.243629 0.261496 0.279862 0.298654 0.317794 0.337196 0.356772 0.376432 0.39608 0.415621 0.434956 0.453989 0.472621 0.490758 0.508307 0.525178 0.541282 0.55654 0.570872 0.584206 0.596475 0.607619 0.617582 0.626316 0.633778 0.639932 0.64475 0.648207 0.650288 0.650982 0.650288 0.648207 0.64475 0.639932 0.633778 0.626316 0.617582 0.607619 0.596475 0.584206 0.570872 0.55654 0.541282 0.525178 0.508307 0.490758 0.472621 0.453989 0.434956 0.415621 0.39608 0.376432 0.356772 0.337196 0.317794 0.298654 0.279862 0.261496 0.243629 0.22633 0.209658 0.19367 0.178413 0.163929 0.150252 0.137411 0.125429 0.114323 0.104105 0.0947823 0.0863597 0.0788378 0.0722153 0.0664891 0.061655 0.0577082 0.0546442 0.0524589 0.0511491 
0.0522604 0.0527088 0.0540547 0.0563 0.059448 0.0635027 0.0684684 0.0743498 0.0811508 0.0888742 0.0975211 0.10709 0.117576 0.128971 0.141262 0.15443 0.168452 0.183299 0.198933 0.215312 0.232385 0.250098 0.268385 0.287178 0.306401 0.325973 0.345807 0.365814 0.3859 0.405967 0.425918 0.445653 0.465074 0.48408 0.502576 0.520466 0.53766 0.554069 0.56961 0.584206 0.597782 0.610271 0.621612 0.63175 0.640635 0.648226 0.654485 0.659384 0.6629 0.665016 0.665722 0.665016 0.6629 0.659384 0.654485 0.648226 0.640635 0.63175 0.621612 0.610271 0.597782 0.584206 0.56961 0.554069 0.53766 0.520466 0.502576 0.48408 0.465074 0.445653 0.425918 0.405967 0.3859 0.365814 0.345807 0.325973 0.306401 0.287178 0.268385 0.250098 0.232385 0.215312 0.198933 0.183299 0.168452 0.15443 0.141262 0.128971 0.117576 0.10709 0.0975211 0.0888742 0.0811508 0.0743498 0.0684684 0.0635027 0.059448 0.0563 0.0540547 0.0527088 
0.0536995 0.0541591 0.0555383 0.0578393 0.0610651 0.0652196 0.0703072 0.0763323 0.0832985 0.0912084 0.100063 0.109859 0.120593 0.132255 0.144831 0.158302 0.172643 0.187823 0.203805 0.220544 0.237989 0.256081 0.274756 0.293941 0.31356 0.33353 0.353761 0.374163 0.394638 0.41509 0.435416 0.455518 0.475292 0.49464 0.513463 0.531665 0.549154 0.56584 0.58164 0.596475 0.610271 0.62296 0.63448 0.644776 0.653799 0.661506 0.667861 0.672834 0.676403 0.67855 0.679267 0.67855 0.676403 0.672834 0.667861 0.661506 0.653799 0.644776 0.63448 0.62296 0.610271 0.596475 0.58164 0.56584 0.549154 0.531665 0.513463 0.49464 0.475292 0.455518 0.435416 0.41509 0.394638 0.374163 0.353761 0.33353 0.31356 0.293941 0.274756 0.256081 0.237989 0.220544 0.203805 0.187823 0.172643 0.158302 0.144831 0.132255 0.120593 0.109859 0.100063 0.0912084 0.0832985 0.0763323 0.0703072 0.0652196 0.0610651 0.0578393 0.0555383 0.0541591 
