0.00124018 0.00125793 0.00131138 0.00140112 0.00152815 0.00169379 0.00189976 0.00214803 0.00244089 0.00278083 0.0031705 0.00361269 0.00411021 0.00466587 0.00528235 0.00596217 0.0067076 0.00752054 0.00840249 0.00935442 0.0103767 0.0114692 0.0126307 0.0138596 0.0151533 0.0165082 0.01792 0.0193834 0.0208923 0.0224395 0.0240171 0.0256164 0.0272281 0.0288419 0.0304473 0.0320332 0.0335882 0.0351006 0.036559 0.0379517 0.0392674 0.0404953 0.0416249 0.0426465 0.0435511 0.0443308 0.0449787 0.0454888 0.0458565 0.0460785 0.0461527 0.0460785 0.0458565 0.0454888 0.0449787 0.0443308 0.0435511 0.0426465 0.0416249 0.0404953 0.0392674 0.0379517 0.036559 0.0351006 0.0335882 0.0320332 0.0304473 0.0288419 0.0272281 0.0256164 0.0240171 0.0224395 0.0208923 0.0193834 0.01792 0.0165082 0.0151533 0.0138596 0.0126307 0.0114692 0.0103767 0.00935442 0.00840249 0.00752054 0.0067076 0.00596217 0.00528235 0.00466587 0.00411021 0.00361269 0.0031705 0.00278083 0.00244089 0.00214803 0.00189976 0.00169379 0.00152815 0.00140112 0.00131138 0.00125793 
0.00125793 0.00127591 0.00133006 0.00142099 0.00154967 0.00171748 0.00192612 0.00217761 0.00247423 0.00281851 0.00321314 0.00366091 0.00416467 0.00472724 0.00535134 0.0060395 0.00679399 0.00761674 0.00850924 0.00947247 0.0105068 0.011612 0.012787 0.01403 0.0153384 0.0167086 0.0181363 0.0196159 0.0211414 0.0227055 0.0243003 0.0259169 0.0275458 0.0291768 0.0307991 0.0324017 0.0339729 0.035501 0.0369744 0.0383814 0.0397106 0.0409509 0.0420919 0.0431238 0.0440376 0.0448251 0.0454795 0.0459946 0.046366 0.0465902 0.0466652 0.0465902 0.046366 0.0459946 0.0454795 0.0448251 0.0440376 0.0431238 0.0420919 0.0409509 0.0397106 0.0383814 0.0369744 0.035501 0.0339729 0.0324017 0.0307991 0.0291768 0.0275458 0.0259169 0.0243003 0.0227055 0.0211414 0.0196159 0.0181363 0.0167086 0.0153384 0.01403 0.012787 0.011612 0.0105068 0.00947247 0.00850924 0.00761674 0.00679399 0.0060395 0.00535134 0.00472724 0.00416467 0.00366091 0.00321314 0.00281851 0.00247423 0.00217761 0.00192612 0.00171748 0.00154967 0.00142099 0.00133006 0.00127591 
0.00131138 0.00133006 0.00138633 0.0014808 0.00161448 0.00178879 0.00200548 0.00226662 0.00257458 0.00293194 0.00334146 0.00380603 0.00432855 0.00491191 0.00555891 0.00627212 0.00705386 0.00790609 0.00883031 0.0098275 0.010898 0.0120415 0.0132569 0.0145423 0.015895 0.0173112 0.0187863 0.0203149 0.0218903 0.0235053 0.0251516 0.0268199 0.0285006 0.0301832 0.0318564 0.0335089 0.0351288 0.036704 0.0382226 0.0396724 0.0410419 0.0423197 0.043495 0.0445579 0.0454989 0.0463099 0.0469837 0.0475142 0.0478965 0.0481274 0.0482046 0.0481274 0.0478965 0.0475142 0.0469837 0.0463099 0.0454989 0.0445579 0.043495 0.0423197 0.0410419 0.0396724 0.0382226 0.036704 0.0351288 0.0335089 0.0318564 0.0301832 0.0285006 0.0268199 0.0251516 0.0235053 0.0218903 0.0203149 0.0187863 0.0173112 0.015895 0.0145423 0.0132569 0.0120415 0.010898 0.0098275 0.00883031 0.00790609 0.00705386 0.00627212 0.00555891 0.00491191 0.00432855 0.00380603 0.00334146 0.00293194 0.00257458 0.00226662 0.00200548 0.00178879 0.00161448 0.0014808 0.00138633 0.00133006 
0.00140112 0.00142099 0.0014808 0.0015812 0.00172327 0.00190847 0.00213865 0.00241598 0.00274292 0.00312219 0.00355667 0.00404935 0.00460328 0.00522147 0.0059068 0.00666195 0.00748931 0.00839087 0.00936817 0.0104222 0.0115531 0.0127607 0.0140437 0.0154 0.0168266 0.0183197 0.0198742 0.0214844 0.0231434 0.0248433 0.0265755 0.0283304 0.0300976 0.0318661 0.0336243 0.0353602 0.0370613 0.0387151 0.0403089 0.0418303 0.0432671 0.0446073 0.0458399 0.0469543 0.0479408 0.048791 0.0494971 0.0500531 0.0504538 0.0506957 0.0507766 0.0506957 0.0504538 0.0500531 0.0494971 0.048791 0.0479408 0.0469543 0.0458399 0.0446073 0.0432671 0.0418303 0.0403089 0.0387151 0.0370613 0.0353602 0.0336243 0.0318661 0.0300976 0.0283304 0.0265755 0.0248433 0.0231434 0.0214844 0.0198742 0.0183197 0.0168266 0.0154 0.0140437 0.0127607 0.0115531 0.0104222 0.00936817 0.00839087 0.00748931 0.00666195 0.0059068 0.00522147 0.00460328 0.00404935 0.00355667 0.00312219 0.00274292 0.00241598 0.00213865 0.00190847 0.00172327 0.0015812 0.0014808 0.00142099 
0.00152815 0.00154967 0.00161448 0.00172327 0.00187717 0.00207775 0.00232696 0.00262713 0.00298086 0.00339104 0.00386071 0.00439305 0.00499128 0.00565855 0.00639791 0.00721215 0.00810376 0.0090748 0.0101268 0.0112608 0.0124769 0.0137747 0.0151527 0.0166086 0.0181393 0.0197404 0.0214065 0.0231314 0.0249077 0.0267269 0.0285797 0.030456 0.0323446 0.0342338 0.0361112 0.037964 0.0397791 0.041543 0.0432424 0.0448641 0.0463951 0.0478229 0.0491356 0.0503222 0.0513725 0.0522775 0.053029 0.0536207 0.0540471 0.0543045 0.0543905 0.0543045 0.0540471 0.0536207 0.053029 0.0522775 0.0513725 0.0503222 0.0491356 0.0478229 0.0463951 0.0448641 0.0432424 0.041543 0.0397791 0.037964 0.0361112 0.0342338 0.0323446 0.030456 0.0285797 0.0267269 0.0249077 0.0231314 0.0214065 0.0197404 0.0181393 0.0166086 0.0151527 0.0137747 0.0124769 0.0112608 0.0101268 0.0090748 0.00810376 0.00721215 0.00639791 0.00565855 0.00499128 0.00439305 0.00386071 0.00339104 0.00298086 0.00262713 0.00232696 0.00207775 0.00187717 0.00172327 0.00161448 0.00154967 
0.00169379 0.00171748 0.00178879 0.00190847 0.00207775 0.00229831 0.00257226 0.00290209 0.00329062 0.00374092 0.00425628 0.0048401 0.00549579 0.00622674 0.00703615 0.007927 0.00890188 0.00996294 0.0111118 0.0123492 0.0136756 0.01509 0.016591 0.0181758 0.019841 0.0215816 0.023392 0.025265 0.0271927 0.0291659 0.0311745 0.0332073 0.0352525 0.0372973 0.0393284 0.0413319 0.0432937 0.0451995 0.0470349 0.0487856 0.0504379 0.0519784 0.0533943 0.0546739 0.0558062 0.0567816 0.0575916 0.0582291 0.0586886 0.0589659 0.0590586 0.0589659 0.0586886 0.0582291 0.0575916 0.0567816 0.0558062 0.0546739 0.0533943 0.0519784 0.0504379 0.0487856 0.0470349 0.0451995 0.0432937 0.0413319 0.0393284 0.0372973 0.0352525 0.0332073 0.0311745 0.0291659 0.0271927 0.025265 0.023392 0.0215816 0.019841 0.0181758 0.016591 0.01509 0.0136756 0.0123492 0.0111118 0.00996294 0.00890188 0.007927 0.00703615 0.00622674 0.00549579 0.0048401 0.00425628 0.00374092 0.00329062 0.00290209 0.00257226 0.00229831 0.00207775 0.00190847 0.00178879 0.00171748 
0.00189976 0.00192612 0.00200548 0.00213865 0.00232696 0.00257226 0.00287683 0.00324337 0.00367494 0.00417488 0.00474674 0.00539417 0.00612089 0.00693049 0.00782642 0.00881184 0.00988948 0.0110616 0.0123297 0.0136949 0.0151569 0.0167151 0.0183674 0.0201109 0.0219415 0.0238538 0.0258414 0.0278965 0.0300102 0.0321725 0.0343722 0.0365972 0.0388344 0.04107 0.0432894 0.0454776 0.0476193 0.0496988 0.0517006 0.0536094 0.0554102 0.0570885 0.0586306 0.0600238 0.0612565 0.062318 0.0631994 0.0638931 0.0643929 0.0646945 0.0647954 0.0646945 0.0643929 0.0638931 0.0631994 0.062318 0.0612565 0.0600238 0.0586306 0.0570885 0.0554102 0.0536094 0.0517006 0.0496988 0.0476193 0.0454776 0.0432894 0.04107 0.0388344 0.0365972 0.0343722 0.0321725 0.0300102 0.0278965 0.0258414 0.0238538 0.0219415 0.0201109 0.0183674 0.0167151 0.0151569 0.0136949 0.0123297 0.0110616 0.00988948 0.00881184 0.00782642 0.00693049 0.00612089 0.00539417 0.00474674 0.00417488 0.00367494 0.00324337 0.00287683 0.00257226 0.00232696 0.00213865 0.00200548 0.00192612 
0.00214803 0.00217761 0.00226662 0.00241598 0.00262713 0.00290209 0.00324337 0.00365392 0.00413708 0.00469649 0.00533601 0.00605962 0.00687132 0.00777503 0.00877442 0.00987288 0.0110733 0.012378 0.0137887 0.0153061 0.0169301 0.0186595 0.0204923 0.0224247 0.0244523 0.0265689 0.0287672 0.0310388 0.0333735 0.0357604 0.0381871 0.0406402 0.0431052 0.045567 0.0480097 0.0504168 0.0527714 0.0550567 0.0572556 0.0593514 0.0613278 0.0631691 0.0648605 0.0663881 0.0677393 0.0689027 0.0698685 0.0706284 0.0711759 0.0715063 0.0716168 0.0715063 0.0711759 0.0706284 0.0698685 0.0689027 0.0677393 0.0663881 0.0648605 0.0631691 0.0613278 0.0593514 0.0572556 0.0550567 0.0527714 0.0504168 0.0480097 0.045567 0.0431052 0.0406402 0.0381871 0.0357604 0.0333735 0.0310388 0.0287672 0.0265689 0.0244523 0.0224247 0.0204923 0.0186595 0.0169301 0.0153061 0.0137887 0.012378 0.0110733 0.00987288 0.00877442 0.00777503 0.00687132 0.00605962 0.00533601 0.00469649 0.00413708 0.00365392 0.00324337 0.00290209 0.00262713 0.00241598 0.00226662 0.00217761 
0.00244089 0.00247423 0.00257458 0.00274292 0.00298086 0.00329062 0.00367494 0.00413708 0.00468069 0.00530976 0.00602852 0.00684129 0.00775244 0.00876619 0.00988654 0.0111171 0.0124609 0.0139204 0.0154973 0.0171922 0.019005 0.020934 0.0229767 0.0251291 0.0273857 0.0297398 0.0321831 0.0347059 0.0372973 0.0399447 0.0426345 0.0453519 0.0480809 0.0508047 0.0535057 0.056166 0.058767 0.06129 0.0637166 0.0660284 0.0682076 0.0702372 0.0721008 0.0737835 0.0752715 0.0765523 0.0776153 0.0784517 0.0790542 0.0794177 0.0795393 0.0794177 0.0790542 0.0784517 0.0776153 0.0765523 0.0752715 0.0737835 0.0721008 0.0702372 0.0682076 0.0660284 0.0637166 0.06129 0.058767 0.056166 0.0535057 0.0508047 0.0480809 0.0453519 0.0426345 0.0399447 0.0372973 0.0347059 0.0321831 0.0297398 0.0273857 0.0251291 0.0229767 0.020934 0.019005 0.0171922 0.0154973 0.0139204 0.0124609 0.0111171 0.00988654 0.00876619 0.00775244 0.00684129 0.00602852 0.00530976 0.00468069 0.00413708 0.00367494 0.00329062 0.00298086 0.00274292 0.00257458 0.00247423 
0.00278083 0.00281851 0.00293194 0.00312219 0.00339104 0.00374092 0.00417488 0.00469649 0.00530976 0.00601908 0.00682907 0.00774447 0.00877002 0.00991031 0.0111696 0.0125519 0.0140603 0.0156975 0.0174649 0.0193634 0.0213923 0.0235498 0.0258328 0.0282365 0.0307549 0.0333802 0.0361031 0.0389126 0.0417965 0.0447409 0.0477304 0.0507486 0.0537778 0.0567995 0.0597942 0.062742 0.0656226 0.0684156 0.0711005 0.0736572 0.0760664 0.0783092 0.080368 0.0822262 0.083869 0.0852828 0.0864559 0.0873787 0.0880435 0.0884445 0.0885786 0.0884445 0.0880435 0.0873787 0.0864559 0.0852828 0.083869 0.0822262 0.080368 0.0783092 0.0760664 0.0736572 0.0711005 0.0684156 0.0656226 0.062742 0.0597942 0.0567995 0.0537778 0.0507486 0.0477304 0.0447409 0.0417965 0.0389126 0.0361031 0.0333802 0.0307549 0.0282365 0.0258328 0.0235498 0.0213923 0.0193634 0.0174649 0.0156975 0.0140603 0.0125519 0.0111696 0.00991031 0.00877002 0.00774447 0.00682907 0.00601908 0.00530976 0.00469649 0.00417488 0.00374092 0.00339104 0.00312219 0.00293194 0.00281851 
0.0031705 0.00321314 0.00334146 0.00355667 0.00386071 0.00425628 0.00474674 0.00533601 0.00602852 0.00682907 0.00774274 0.0087747 0.00993012 0.011214 0.0126309 0.0141851 0.01588 0.0177182 0.0197013 0.0218299 0.024103 0.0265185 0.0290726 0.0317599 0.0345733 0.037504 0.0405415 0.0436736 0.0468864 0.0501642 0.0534902 0.056846 0.0602119 0.0635674 0.0668911 0.0701609 0.0733545 0.0764493 0.0794229 0.0822534 0.0849193 0.0874003 0.0896768 0.0917311 0.0935465 0.0951086 0.0964045 0.0974237 0.0981577 0.0986006 0.0987487 0.0986006 0.0981577 0.0974237 0.0964045 0.0951086 0.0935465 0.0917311 0.0896768 0.0874003 0.0849193 0.0822534 0.0794229 0.0764493 0.0733545 0.0701609 0.0668911 0.0635674 0.0602119 0.056846 0.0534902 0.0501642 0.0468864 0.0436736 0.0405415 0.037504 0.0345733 0.0317599 0.0290726 0.0265185 0.024103 0.0218299 0.0197013 0.0177182 0.01588 0.0141851 0.0126309 0.011214 0.00993012 0.0087747 0.00774274 0.00682907 0.00602852 0.00533601 0.00474674 0.00425628 0.00386071 0.00355667 0.00334146 0.00321314 
0.00361269 0.00366091 0.00380603 0.00404935 0.00439305 0.0048401 0.00539417 0.00605962 0.00684129 0.00774447 0.0087747 0.00993764 0.0112389 0.012684 0.0142777 0.0160247 0.0179284 0.0199918 0.0222162 0.024602 0.0271481 0.0298516 0.0327082 0.0357116 0.0388537 0.0421246 0.0455123 0.049003 0.0525811 0.0562294 0.0599288 0.0636589 0.067398 0.0711233 0.0748111 0.0784371 0.0819766 0.085405 0.0886975 0.0918302 0.0947795 0.0975231 0.10004 0.10231 0.104316 0.106041 0.107472 0.108598 0.109408 0.109897 0.11006 0.109897 0.109408 0.108598 0.107472 0.106041 0.104316 0.10231 0.10004 0.0975231 0.0947795 0.0918302 0.0886975 0.085405 0.0819766 0.0784371 0.0748111 0.0711233 0.067398 0.0636589 0.0599288 0.0562294 0.0525811 0.049003 0.0455123 0.0421246 0.0388537 0.0357116 0.0327082 0.0298516 0.0271481 0.024602 0.0222162 0.0199918 0.0179284 0.0160247 0.0142777 0.012684 0.0112389 0.00993764 0.0087747 0.00774447 0.00684129 0.00605962 0.00539417 0.0048401 0.00439305 0.00404935 0.00380603 0.00366091 
0.00411021 0.00416467 0.00432855 0.00460328 0.00499128 0.00549579 0.00612089 0.00687132 0.00775244 0.00877002 0.00993012 0.0112389 0.0127025 0.0143268 0.0161171 0.0180782 0.0202139 0.0225269 0.0250188 0.0276896 0.0305377 0.0335599 0.0367509 0.0401034 0.0436084 0.0472543 0.0510278 0.0549134 0.0588937 0.0629492 0.0670588 0.0712 0.0753485 0.0794793 0.0835661 0.0875821 0.0915004 0.0952936 0.0989348 0.102398 0.105656 0.108687 0.111465 0.113971 0.116184 0.118088 0.119666 0.120907 0.121801 0.12234 0.12252 0.12234 0.121801 0.120907 0.119666 0.118088 0.116184 0.113971 0.111465 0.108687 0.105656 0.102398 0.0989348 0.0952936 0.0915004 0.0875821 0.0835661 0.0794793 0.0753485 0.0712 0.0670588 0.0629492 0.0588937 0.0549134 0.0510278 0.0472543 0.0436084 0.0401034 0.0367509 0.0335599 0.0305377 0.0276896 0.0250188 0.0225269 0.0202139 0.0180782 0.0161171 0.0143268 0.0127025 0.0112389 0.00993012 0.00877002 0.00775244 0.00687132 0.00612089 0.00549579 0.00499128 0.00460328 0.00432855 0.00416467 
0.00466587 0.00472724 0.00491191 0.00522147 0.00565855 0.00622674 0.00693049 0.00777503 0.00876619 0.00991031 0.011214 0.012684 0.0143268 0.0161489 0.0181559 0.020353 0.022744 0.0253318 0.0281178 0.0311017 0.0342815 0.0376532 0.0412107 0.0449457 0.0488477 0.0529038 0.057099 0.0614157 0.0658347 0.0703341 0.0748907 0.0794793 0.0840732 0.0886446 0.0931648 0.0976042 0.101933 0.106122 0.110141 0.113961 0.117555 0.120895 0.123957 0.126717 0.129154 0.13125 0.132988 0.134353 0.135337 0.13593 0.136128 0.13593 0.135337 0.134353 0.132988 0.13125 0.129154 0.126717 0.123957 0.120895 0.117555 0.113961 0.110141 0.106122 0.101933 0.0976042 0.0931648 0.0886446 0.0840732 0.0794793 0.0748907 0.0703341 0.0658347 0.0614157 0.057099 0.0529038 0.0488477 0.0449457 0.0412107 0.0376532 0.0342815 0.0311017 0.0281178 0.0253318 0.022744 0.020353 0.0181559 0.0161489 0.0143268 0.012684 0.011214 0.00991031 0.00876619 0.00777503 0.00693049 0.00622674 0.00565855 0.00522147 0.00491191 0.00472724 
0.00528235 0.00535134 0.00555891 0.0059068 0.00639791 0.00703615 0.00782642 0.00877442 0.00988654 0.0111696 0.0126309 0.0142777 0.0161171 0.0181559 0.0204003 0.0228555 0.0255257 0.0284137 0.0315208 0.0348463 0.0383876 0.0421399 0.0460962 0.050247 0.0545804 0.0590817 0.0637341 0.0685181 0.073412 0.0783917 0.0834314 0.0885032 0.0935777 0.0986243 0.103611 0.108507 0.113278 0.117892 0.122316 0.12652 0.130473 0.134146 0.137512 0.140545 0.143223 0.145524 0.147432 0.148931 0.150011 0.150662 0.150879 0.150662 0.150011 0.148931 0.147432 0.145524 0.143223 0.140545 0.137512 0.134146 0.130473 0.12652 0.122316 0.117892 0.113278 0.108507 0.103611 0.0986243 0.0935777 0.0885032 0.0834314 0.0783917 0.073412 0.0685181 0.0637341 0.0590817 0.0545804 0.050247 0.0460962 0.0421399 0.0383876 0.0348463 0.0315208 0.0284137 0.0255257 0.0228555 0.0204003 0.0181559 0.0161171 0.0142777 0.0126309 0.0111696 0.00988654 0.00877442 0.00782642 0.00703615 0.00639791 0.0059068 0.00555891 0.00535134 
0.00596217 0.0060395 0.00627212 0.00666195 0.00721215 0.007927 0.00881184 0.00987288 0.0111171 0.0125519 0.0141851 0.0160247 0.0180782 0.020353 0.0228555 0.0255914 0.0285649 0.0317787 0.035234 0.0389296 0.0428622 0.0470264 0.0514138 0.0560136 0.0608123 0.0657936 0.0709384 0.0762252 0.0816297 0.0871254 0.0926836 0.0982736 0.103863 0.109419 0.114905 0.120288 0.125531 0.130599 0.135456 0.140069 0.144405 0.148432 0.152121 0.155444 0.158377 0.160897 0.162986 0.164628 0.165809 0.166522 0.16676 0.166522 0.165809 0.164628 0.162986 0.160897 0.158377 0.155444 0.152121 0.148432 0.144405 0.140069 0.135456 0.130599 0.125531 0.120288 0.114905 0.109419 0.103863 0.0982736 0.0926836 0.0871254 0.0816297 0.0762252 0.0709384 0.0657936 0.0608123 0.0560136 0.0514138 0.0470264 0.0428622 0.0389296 0.035234 0.0317787 0.0285649 0.0255914 0.0228555 0.020353 0.0180782 0.0160247 0.0141851 0.0125519 0.0111171 0.00987288 0.00881184 0.007927 0.00721215 0.00666195 0.00627212 0.0060395 
0.0067076 0.00679399 0.00705386 0.00748931 0.00810376 0.00890188 0.00988948 0.0110733 0.0124609 0.0140603 0.01588 0.0179284 0.0202139 0.022744 0.0255257 0.0285649 0.0318658 0.0354312 0.0392618 0.0433559 0.0477098 0.0523166 0.057167 0.0622487 0.0675464 0.0730418 0.0787137 0.084538 0.090488 0.0965343 0.102645 0.108787 0.114925 0.121021 0.127039 0.132939 0.138683 0.144231 0.149548 0.154594 0.159335 0.163736 0.167767 0.171396 0.174599 0.17735 0.179629 0.18142 0.182709 0.183487 0.183746 0.183487 0.182709 0.18142 0.179629 0.17735 0.174599 0.171396 0.167767 0.163736 0.159335 0.154594 0.149548 0.144231 0.138683 0.132939 0.127039 0.121021 0.114925 0.108787 0.102645 0.0965343 0.090488 0.084538 0.0787137 0.0730418 0.0675464 0.0622487 0.057167 0.0523166 0.0477098 0.0433559 0.0392618 0.0354312 0.0318658 0.0285649 0.0255257 0.022744 0.0202139 0.0179284 0.01588 0.0140603 0.0124609 0.0110733 0.00988948 0.00890188 0.00810376 0.00748931 0.00705386 0.00679399 
0.00752054 0.00761674 0.00790609 0.00839087 0.0090748 0.00996294 0.0110616 0.012378 0.0139204 0.0156975 0.0177182 0.0199918 0.0225269 0.0253318 0.0284137 0.0317787 0.0354312 0.0393737 0.0436064 0.0481274 0.0529318 0.0580117 0.0633566 0.0689523 0.0747818 0.0808246 0.0870571 0.0934527 0.0999819 0.106612 0.113309 0.120036 0.126753 0.133421 0.139999 0.146445 0.152716 0.158772 0.164571 0.170072 0.175239 0.180033 0.184422 0.188373 0.191858 0.194851 0.197331 0.199278 0.20068 0.201525 0.201808 0.201525 0.20068 0.199278 0.197331 0.194851 0.191858 0.188373 0.184422 0.180033 0.175239 0.170072 0.164571 0.158772 0.152716 0.146445 0.139999 0.133421 0.126753 0.120036 0.113309 0.106612 0.0999819 0.0934527 0.0870571 0.0808246 0.0747818 0.0689523 0.0633566 0.0580117 0.0529318 0.0481274 0.0436064 0.0393737 0.0354312 0.0317787 0.0284137 0.0253318 0.0225269 0.0199918 0.0177182 0.0156975 0.0139204 0.012378 0.0110616 0.00996294 0.0090748 0.00839087 0.00790609 0.00761674 
0.00840249 0.00850924 0.00883031 0.00936817 0.0101268 0.0111118 0.0123297 0.0137887 0.0154973 0.0174649 0.0197013 0.0222162 0.0250188 0.0281178 0.0315208 0.035234 0.0392618 0.0436064 0.0482679 0.0532434 0.058527 0.0641098 0.0699796 0.0761207 0.0825137 0.089136 0.0959614 0.102961 0.110101 0.117347 0.124661 0.132003 0.13933 0.146599 0.153764 0.160782 0.167607 0.174193 0.180496 0.186474 0.192084 0.197289 0.202052 0.206338 0.210117 0.213362 0.21605 0.21816 0.219679 0.220595 0.220901 0.220595 0.219679 0.21816 0.21605 0.213362 0.210117 0.206338 0.202052 0.197289 0.192084 0.186474 0.180496 0.174193 0.167607 0.160782 0.153764 0.146599 0.13933 0.132003 0.124661 0.117347 0.110101 0.102961 0.0959614 0.089136 0.0825137 0.0761207 0.0699796 0.0641098 0.058527 0.0532434 0.0482679 0.0436064 0.0392618 0.035234 0.0315208 0.0281178 0.0250188 0.0222162 0.0197013 0.0174649 0.0154973 0.0137887 0.0123297 0.0111118 0.0101268 0.00936817 0.00883031 0.00850924 
0.00935442 0.00947247 0.0098275 0.0104222 0.0112608 0.0123492 0.0136949 0.0153061 0.0171922 0.0193634 0.0218299 0.024602 0.0276896 0.0311017 0.0348463 0.0389296 0.0433559 0.0481274 0.0532434 0.0587001 0.0644909 0.0706053 0.0770295 0.0837458 0.0907327 0.0979652 0.105414 0.113048 0.12083 0.128722 0.136682 0.144667 0.152631 0.160527 0.168306 0.17592 0.18332 0.190458 0.197286 0.203758 0.20983 0.21546 0.22061 0.225243 0.229326 0.232832 0.235735 0.238014 0.239654 0.240643 0.240973 0.240643 0.239654 0.238014 0.235735 0.232832 0.229326 0.225243 0.22061 0.21546 0.20983 0.203758 0.197286 0.190458 0.18332 0.17592 0.168306 0.160527 0.152631 0.144667 0.136682 0.128722 0.12083 0.113048 0.105414 0.0979652 0.0907327 0.0837458 0.0770295 0.0706053 0.0644909 0.0587001 0.0532434 0.0481274 0.0433559 0.0389296 0.0348463 0.0311017 0.0276896 0.024602 0.0218299 0.0193634 0.0171922 0.0153061 0.0136949 0.0123492 0.0112608 0.0104222 0.0098275 0.00947247 
0.0103767 0.0105068 0.010898 0.0115531 0.0124769 0.0136756 0.0151569 0.0169301 0.019005 0.0213923 0.024103 0.0271481 0.0305377 0.0342815 0.0383876 0.0428622 0.0477098 0.0529318 0.058527 0.0644909 0.0708155 0.0774889 0.0844954 0.0918153 0.0994249 0.107296 0.115398 0.123694 0.132145 0.140711 0.149344 0.157999 0.166625 0.175172 0.183588 0.19182 0.199816 0.207524 0.214893 0.221876 0.228423 0.234492 0.240041 0.245031 0.249428 0.253201 0.256326 0.258778 0.260543 0.261606 0.261962 0.261606 0.260543 0.258778 0.256326 0.253201 0.249428 0.245031 0.240041 0.234492 0.228423 0.221876 0.214893 0.207524 0.199816 0.19182 0.183588 0.175172 0.166625 0.157999 0.149344 0.140711 0.132145 0.123694 0.115398 0.107296 0.0994249 0.0918153 0.0844954 0.0774889 0.0708155 0.0644909 0.058527 0.0529318 0.0477098 0.0428622 0.0383876 0.0342815 0.0305377 0.0271481 0.024103 0.0213923 0.019005 0.0169301 0.0151569 0.0136756 0.0124769 0.0115531 0.010898 0.0105068 
0.0114692 0.011612 0.0120415 0.0127607 0.0137747 0.01509 0.0167151 0.0186595 0.020934 0.0235498 0.0265185 0.0298516 0.0335599 0.0376532 0.0421399 0.0470264 0.0523166 0.0580117 0.0641098 0.0706053 0.0774889 0.084747 0.0923621 0.100312 0.108571 0.117108 0.125888 0.134873 0.14402 0.153283 0.162614 0.171962 0.181273 0.190492 0.199564 0.208432 0.217041 0.225336 0.233263 0.240768 0.247804 0.254322 0.260279 0.265634 0.270352 0.274399 0.277749 0.280379 0.28227 0.28341 0.283791 0.28341 0.28227 0.280379 0.277749 0.274399 0.270352 0.265634 0.260279 0.254322 0.247804 0.240768 0.233263 0.225336 0.217041 0.208432 0.199564 0.190492 0.181273 0.171962 0.162614 0.153283 0.14402 0.134873 0.125888 0.117108 0.108571 0.100312 0.0923621 0.084747 0.0774889 0.0706053 0.0641098 0.0580117 0.0523166 0.0470264 0.0421399 0.0376532 0.0335599 0.0298516 0.0265185 0.0235498 0.020934 0.0186595 0.0167151 0.01509 0.0137747 0.0127607 0.0120415 0.011612 
0.0126307 0.012787 0.0132569 0.0140437 0.0151527 0.016591 0.0183674 0.0204923 0.0229767 0.0258328 0.0290726 0.0327082 0.0367509 0.0412107 0.0460962 0.0514138 0.057167 0.0633566 0.0699796 0.0770295 0.0844954 0.0923621 0.10061 0.109214 0.118147 0.127373 0.136856 0.146553 0.156418 0.166402 0.176451 0.186512 0.196526 0.206436 0.216181 0.225701 0.234938 0.243833 0.252328 0.260368 0.2679 0.274876 0.281249 0.286976 0.292019 0.296345 0.299924 0.302733 0.304754 0.305971 0.306378 0.305971 0.304754 0.302733 0.299924 0.296345 0.292019 0.286976 0.281249 0.274876 0.2679 0.260368 0.252328 0.243833 0.234938 0.225701 0.216181 0.206436 0.196526 0.186512 0.176451 0.166402 0.156418 0.146553 0.136856 0.127373 0.118147 0.109214 0.10061 0.0923621 0.0844954 0.0770295 0.0699796 0.0633566 0.057167 0.0514138 0.0460962 0.0412107 0.0367509 0.0327082 0.0290726 0.0258328 0.0229767 0.0204923 0.0183674 0.016591 0.0151527 0.0140437 0.0132569 0.012787 
0.0138596 0.01403 0.0145423 0.0154 0.0166086 0.0181758 0.0201109 0.0224247 0.0251291 0.0282365 0.0317599 0.0357116 0.0401034 0.0449457 0.050247 0.0560136 0.0622487 0.0689523 0.0761207 0.0837458 0.0918153 0.100312 0.109214 0.118495 0.128123 0.13806 0.148266 0.158696 0.169298 0.180021 0.190807 0.201598 0.212331 0.222946 0.233377 0.243562 0.253438 0.262942 0.272014 0.280597 0.288633 0.296073 0.302866 0.308968 0.314341 0.318947 0.322758 0.325749 0.327899 0.329195 0.329627 0.329195 0.327899 0.325749 0.322758 0.318947 0.314341 0.308968 0.302866 0.296073 0.288633 0.280597 0.272014 0.262942 0.253438 0.243562 0.233377 0.222946 0.212331 0.201598 0.190807 0.180021 0.169298 0.158696 0.148266 0.13806 0.128123 0.118495 0.109214 0.100312 0.0918153 0.0837458 0.0761207 0.0689523 0.0622487 0.0560136 0.050247 0.0449457 0.0401034 0.0357116 0.0317599 0.0282365 0.0251291 0.0224247 0.0201109 0.0181758 0.0166086 0.0154 0.0145423 0.01403 
0.0151533 0.0153384 0.015895 0.0168266 0.0181393 0.019841 0.0219415 0.0244523 0.0273857 0.0307549 0.0345733 0.0388537 0.0436084 0.0488477 0.0545804 0.0608123 0.0675464 0.0747818 0.0825137 0.0907327 0.0994249 0.108571 0.118147 0.128123 0.138464 0.149131 0.160078 0.171257 0.182613 0.19409 0.205627 0.21716 0.228626 0.239956 0.251084 0.261942 0.272465 0.282585 0.292241 0.30137 0.309914 0.31782 0.325036 0.331516 0.337219 0.342108 0.346151 0.349323 0.351603 0.352978 0.353437 0.352978 0.351603 0.349323 0.346151 0.342108 0.337219 0.331516 0.325036 0.31782 0.309914 0.30137 0.292241 0.282585 0.272465 0.261942 0.251084 0.239956 0.228626 0.21716 0.205627 0.19409 0.182613 0.171257 0.160078 0.149131 0.138464 0.128123 0.118147 0.108571 0.0994249 0.0907327 0.0825137 0.0747818 0.0675464 0.0608123 0.0545804 0.0488477 0.0436084 0.0388537 0.0345733 0.0307549 0.0273857 0.0244523 0.0219415 0.019841 0.0181393 0.0168266 0.015895 0.0153384 
0.0165082 0.0167086 0.0173112 0.0183197 0.0197404 0.0215816 0.0238538 0.0265689 0.0297398 0.0333802 0.037504 0.0421246 0.0472543 0.0529038 0.0590817 0.0657936 0.0730418 0.0808246 0.089136 0.0979652 0.107296 0.117108 0.127373 0.13806 0.149131 0.160541 0.172244 0.184185 0.196308 0.208551 0.220849 0.233135 0.24534 0.257394 0.269225 0.280762 0.291935 0.302675 0.312916 0.322593 0.331647 0.340019 0.347658 0.354516 0.360549 0.365719 0.369994 0.373347 0.375757 0.377209 0.377694 0.377209 0.375757 0.373347 0.369994 0.365719 0.360549 0.354516 0.347658 0.340019 0.331647 0.322593 0.312916 0.302675 0.291935 0.280762 0.269225 0.257394 0.24534 0.233135 0.220849 0.208551 0.196308 0.184185 0.172244 0.160541 0.149131 0.13806 0.127373 0.117108 0.107296 0.0979652 0.089136 0.0808246 0.0730418 0.0657936 0.0590817 0.0529038 0.0472543 0.0421246 0.037504 0.0333802 0.0297398 0.0265689 0.0238538 0.0215816 0.0197404 0.0183197 0.0173112 0.0167086 
0.01792 0.0181363 0.0187863 0.0198742 0.0214065 0.023392 0.0258414 0.0287672 0.0321831 0.0361031 0.0405415 0.0455123 0.0510278 0.057099 0.0637341 0.0709384 0.0787137 0.0870571 0.0959614 0.105414 0.115398 0.125888 0.136856 0.148266 0.160078 0.172244 0.184712 0.197426 0.210324 0.22334 0.236406 0.249451 0.2624 0.275181 0.287717 0.299934 0.311758 0.323117 0.333943 0.344167 0.353727 0.362565 0.370625 0.377857 0.384217 0.389666 0.394171 0.397703 0.400242 0.401771 0.402282 0.401771 0.400242 0.397703 0.394171 0.389666 0.384217 0.377857 0.370625 0.362565 0.353727 0.344167 0.333943 0.323117 0.311758 0.299934 0.287717 0.275181 0.2624 0.249451 0.236406 0.22334 0.210324 0.197426 0.184712 0.172244 0.160078 0.148266 0.136856 0.125888 0.115398 0.105414 0.0959614 0.0870571 0.0787137 0.0709384 0.0637341 0.057099 0.0510278 0.0455123 0.0405415 0.0361031 0.0321831 0.0287672 0.0258414 0.023392 0.0214065 0.0198742 0.0187863 0.0181363 
0.0193834 0.0196159 0.0203149 0.0214844 0.0231314 0.025265 0.0278965 0.0310388 0.0347059 0.0389126 0.0436736 0.049003 0.0549134 0.0614157 0.0685181 0.0762252 0.084538 0.0934527 0.102961 0.113048 0.123694 0.134873 0.146553 0.158696 0.171257 0.184185 0.197426 0.210918 0.224595 0.238389 0.252226 0.26603 0.279725 0.293231 0.306471 0.319365 0.331838 0.343813 0.355219 0.365985 0.376048 0.385345 0.39382 0.401423 0.408106 0.41383 0.418561 0.42227 0.424935 0.426541 0.427077 0.426541 0.424935 0.42227 0.418561 0.41383 0.408106 0.401423 0.39382 0.385345 0.376048 0.365985 0.355219 0.343813 0.331838 0.319365 0.306471 0.293231 0.279725 0.26603 0.252226 0.238389 0.224595 0.210918 0.197426 0.184185 0.171257 0.158696 0.146553 0.134873 0.123694 0.113048 0.102961 0.0934527 0.084538 0.0762252 0.0685181 0.0614157 0.0549134 0.049003 0.0436736 0.0389126 0.0347059 0.0310388 0.0278965 0.025265 0.0231314 0.0214844 0.0203149 0.0196159 
0.0208923 0.0211414 0.0218903 0.0231434 0.0249077 0.0271927 0.0300102 0.0333735 0.0372973 0.0417965 0.0468864 0.0525811 0.0588937 0.0658347 0.073412 0.0816297 0.090488 0.0999819 0.110101 0.12083 0.132145 0.14402 0.156418 0.169298 0.182613 0.196308 0.210324 0.224595 0.239053 0.253623 0.268229 0.282791 0.297227 0.311455 0.325393 0.33896 0.352074 0.364658 0.376636 0.387937 0.398494 0.408244 0.417127 0.425093 0.432093 0.438087 0.443039 0.446921 0.44971 0.45139 0.451951 0.45139 0.44971 0.446921 0.443039 0.438087 0.432093 0.425093 0.417127 0.408244 0.398494 0.387937 0.376636 0.364658 0.352074 0.33896 0.325393 0.311455 0.297227 0.282791 0.268229 0.253623 0.239053 0.224595 0.210324 0.196308 0.182613 0.169298 0.156418 0.14402 0.132145 0.12083 0.110101 0.0999819 0.090488 0.0816297 0.073412 0.0658347 0.0588937 0.0525811 0.0468864 0.0417965 0.0372973 0.0333735 0.0300102 0.0271927 0.0249077 0.0231434 0.0218903 0.0211414 
0.0224395 0.0227055 0.0235053 0.0248433 0.0267269 0.0291659 0.0321725 0.0357604 0.0399447 0.0447409 0.0501642 0.0562294 0.0629492 0.0703341 0.0783917 0.0871254 0.0965343 0.106612 0.117347 0.128722 0.140711 0.153283 0.166402 0.180021 0.19409 0.208551 0.22334 0.238389 0.253623 0.268966 0.284335 0.299647 0.314817 0.329759 0.344387 0.358615 0.372361 0.385543 0.398083 0.409909 0.42095 0.431141 0.440424 0.448744 0.456053 0.462309 0.467477 0.471527 0.474436 0.476188 0.476773 0.476188 0.474436 0.471527 0.467477 0.462309 0.456053 0.448744 0.440424 0.431141 0.42095 0.409909 0.398083 0.385543 0.372361 0.358615 0.344387 0.329759 0.314817 0.299647 0.284335 0.268966 0.253623 0.238389 0.22334 0.208551 0.19409 0.180021 0.166402 0.153283 0.140711 0.128722 0.117347 0.106612 0.0965343 0.0871254 0.0783917 0.0703341 0.0629492 0.0562294 0.0501642 0.0447409 0.0399447 0.0357604 0.0321725 0.0291659 0.0267269 0.0248433 0.0235053 0.0227055 
0.0240171 0.0243003 0.0251516 0.0265755 0.0285797 0.0311745 0.0343722 0.0381871 0.0426345 0.0477304 0.0534902 0.0599288 0.0670588 0.0748907 0.0834314 0.0926836 0.102645 0.113309 0.124661 0.136682 0.149344 0.162614 0.176451 0.190807 0.205627 0.220849 0.236406 0.252226 0.268229 0.284335 0.300458 0.31651 0.332403 0.348046 0.36335 0.378227 0.392591 0.406358 0.419447 0.431783 0.443295 0.453917 0.463586 0.47225 0.479858 0.486368 0.491745 0.495957 0.498983 0.500805 0.501413 0.500805 0.498983 0.495957 0.491745 0.486368 0.479858 0.47225 0.463586 0.453917 0.443295 0.431783 0.419447 0.406358 0.392591 0.378227 0.36335 0.348046 0.332403 0.31651 0.300458 0.284335 0.268229 0.252226 0.236406 0.220849 0.205627 0.190807 0.176451 0.162614 0.149344 0.136682 0.124661 0.113309 0.102645 0.0926836 0.0834314 0.0748907 0.0670588 0.0599288 0.0534902 0.0477304 0.0426345 0.0381871 0.0343722 0.0311745 0.0285797 0.0265755 0.0251516 0.0243003 
0.0256164 0.0259169 0.0268199 0.0283304 0.030456 0.0332073 0.0365972 0.0406402 0.0453519 0.0507486 0.056846 0.0636589 0.0712 0.0794793 0.0885032 0.0982736 0.108787 0.120036 0.132003 0.144667 0.157999 0.171962 0.186512 0.201598 0.21716 0.233135 0.249451 0.26603 0.282791 0.299647 0.31651 0.333288 0.349888 0.366217 0.382182 0.397691 0.412656 0.42699 0.440612 0.453443 0.465411 0.476447 0.486491 0.495486 0.503382 0.510137 0.515713 0.520082 0.523219 0.525108 0.525738 0.525108 0.523219 0.520082 0.515713 0.510137 0.503382 0.495486 0.486491 0.476447 0.465411 0.453443 0.440612 0.42699 0.412656 0.397691 0.382182 0.366217 0.349888 0.333288 0.31651 0.299647 0.282791 0.26603 0.249451 0.233135 0.21716 0.201598 0.186512 0.171962 0.157999 0.144667 0.132003 0.120036 0.108787 0.0982736 0.0885032 0.0794793 0.0712 0.0636589 0.056846 0.0507486 0.0453519 0.0406402 0.0365972 0.0332073 0.030456 0.0283304 0.0268199 0.0259169 
0.0272281 0.0275458 0.0285006 0.0300976 0.0323446 0.0352525 0.0388344 0.0431052 0.0480809 0.0537778 0.0602119 0.067398 0.0753485 0.0840732 0.0935777 0.103863 0.114925 0.126753 0.13933 0.152631 0.166625 0.181273 0.196526 0.212331 0.228626 0.24534 0.2624 0.279725 0.297227 0.314817 0.332403 0.349888 0.367177 0.384172 0.400777 0.416899 0.432446 0.447329 0.461464 0.474772 0.487178 0.498613 0.509014 0.518326 0.526498 0.533486 0.539254 0.543772 0.547015 0.548968 0.54962 0.548968 0.547015 0.543772 0.539254 0.533486 0.526498 0.518326 0.509014 0.498613 0.487178 0.474772 0.461464 0.447329 0.432446 0.416899 0.400777 0.384172 0.367177 0.349888 0.332403 0.314817 0.297227 0.279725 0.2624 0.24534 0.228626 0.212331 0.196526 0.181273 0.166625 0.152631 0.13933 0.126753 0.114925 0.103863 0.0935777 0.0840732 0.0753485 0.067398 0.0602119 0.0537778 0.0480809 0.0431052 0.0388344 0.0352525 0.0323446 0.0300976 0.0285006 0.0275458 
0.0288419 0.0291768 0.0301832 0.0318661 0.0342338 0.0372973 0.04107 0.045567 0.0508047 0.0567995 0.0635674 0.0711233 0.0794793 0.0886446 0.0986243 0.109419 0.121021 0.133421 0.146599 0.160527 0.175172 0.190492 0.206436 0.222946 0.239956 0.257394 0.275181 0.293231 0.311455 0.329759 0.348046 0.366217 0.384172 0.40181 0.419034 0.435746 0.451852 0.467262 0.481889 0.495653 0.508477 0.520293 0.531036 0.54065 0.549084 0.556294 0.562243 0.566902 0.570247 0.57226 0.572932 0.57226 0.570247 0.566902 0.562243 0.556294 0.549084 0.54065 0.531036 0.520293 0.508477 0.495653 0.481889 0.467262 0.451852 0.435746 0.419034 0.40181 0.384172 0.366217 0.348046 0.329759 0.311455 0.293231 0.275181 0.257394 0.239956 0.222946 0.206436 0.190492 0.175172 0.160527 0.146599 0.133421 0.121021 0.109419 0.0986243 0.0886446 0.0794793 0.0711233 0.0635674 0.0567995 0.0508047 0.045567 0.04107 0.0372973 0.0342338 0.0318661 0.0301832 0.0291768 
0.0304473 0.0307991 0.0318564 0.0336243 0.0361112 0.0393284 0.0432894 0.0480097 0.0535057 0.0597942 0.0668911 0.0748111 0.0835661 0.0931648 0.103611 0.114905 0.127039 0.139999 0.153764 0.168306 0.183588 0.199564 0.216181 0.233377 0.251084 0.269225 0.287717 0.306471 0.325393 0.344387 0.36335 0.382182 0.400777 0.419034 0.436851 0.454128 0.470768 0.486681 0.501777 0.515974 0.529196 0.541372 0.552439 0.562338 0.571019 0.578439 0.584559 0.589351 0.59279 0.594861 0.595552 0.594861 0.59279 0.589351 0.584559 0.578439 0.571019 0.562338 0.552439 0.541372 0.529196 0.515974 0.501777 0.486681 0.470768 0.454128 0.436851 0.419034 0.400777 0.382182 0.36335 0.344387 0.325393 0.306471 0.287717 0.269225 0.251084 0.233377 0.216181 0.199564 0.183588 0.168306 0.153764 0.139999 0.127039 0.114905 0.103611 0.0931648 0.0835661 0.0748111 0.0668911 0.0597942 0.0535057 0.0480097 0.0432894 0.0393284 0.0361112 0.0336243 0.0318564 0.0307991 
0.0320332 0.0324017 0.0335089 0.0353602 0.037964 0.0413319 0.0454776 0.0504168 0.056166 0.062742 0.0701609 0.0784371 0.0875821 0.0976042 0.108507 0.120288 0.132939 0.146445 0.160782 0.17592 0.19182 0.208432 0.225701 0.243562 0.261942 0.280762 0.299934 0.319365 0.33896 0.358615 0.378227 0.397691 0.416899 0.435746 0.454128 0.471942 0.48909 0.505479 0.521018 0.535625 0.549223 0.561739 0.573109 0.583277 0.59219 0.599806 0.606087 0.611003 0.614531 0.616654 0.617363 0.616654 0.614531 0.611003 0.606087 0.599806 0.59219 0.583277 0.573109 0.561739 0.549223 0.535625 0.521018 0.505479 0.48909 0.471942 0.454128 0.435746 0.416899 0.397691 0.378227 0.358615 0.33896 0.319365 0.299934 0.280762 0.261942 0.243562 0.225701 0.208432 0.19182 0.17592 0.160782 0.146445 0.132939 0.120288 0.108507 0.0976042 0.0875821 0.0784371 0.0701609 0.062742 0.056166 0.0504168 0.0454776 0.0413319 0.037964 0.0353602 0.0335089 0.0324017 
0.0335882 0.0339729 0.0351288 0.0370613 0.0397791 0.0432937 0.0476193 0.0527714 0.058767 0.0656226 0.0733545 0.0819766 0.0915004 0.101933 0.113278 0.125531 0.138683 0.152716 0.167607 0.18332 0.199816 0.217041 0.234938 0.253438 0.272465 0.291935 0.311758 0.331838 0.352074 0.372361 0.392591 0.412656 0.432446 0.451852 0.470768 0.48909 0.506717 0.523555 0.539511 0.554503 0.568452 0.581286 0.592941 0.603358 0.612488 0.620286 0.626716 0.631747 0.635358 0.637531 0.638256 0.637531 0.635358 0.631747 0.626716 0.620286 0.612488 0.603358 0.592941 0.581286 0.568452 0.554503 0.539511 0.523555 0.506717 0.48909 0.470768 0.451852 0.432446 0.412656 0.392591 0.372361 0.352074 0.331838 0.311758 0.291935 0.272465 0.253438 0.234938 0.217041 0.199816 0.18332 0.167607 0.152716 0.138683 0.125531 0.113278 0.101933 0.0915004 0.0819766 0.0733545 0.0656226 0.058767 0.0527714 0.0476193 0.0432937 0.0397791 0.0370613 0.0351288 0.0339729 
0.0351006 0.035501 0.036704 0.0387151 0.041543 0.0451995 0.0496988 0.0550567 0.06129 0.0684156 0.0764493 0.085405 0.0952936 0.106122 0.117892 0.130599 0.144231 0.158772 0.174193 0.190458 0.207524 0.225336 0.243833 0.262942 0.282585 0.302675 0.323117 0.343813 0.364658 0.385543 0.406358 0.42699 0.447329 0.467262 0.486681 0.505479 0.523555 0.540811 0.557157 0.572508 0.586784 0.599913 0.611831 0.62248 0.63181 0.639776 0.646344 0.651482 0.655168 0.657387 0.658127 0.657387 0.655168 0.651482 0.646344 0.639776 0.63181 0.62248 0.611831 0.599913 0.586784 0.572508 0.557157 0.540811 0.523555 0.505479 0.486681 0.467262 0.447329 0.42699 0.406358 0.385543 0.364658 0.343813 0.323117 0.302675 0.282585 0.262942 0.243833 0.225336 0.207524 0.190458 0.174193 0.158772 0.144231 0.130599 0.117892 0.106122 0.0952936 0.085405 0.0764493 0.0684156 0.06129 0.0550567 0.0496988 0.0451995 0.041543 0.0387151 0.036704 0.035501 
0.036559 0.0369744 0.0382226 0.0403089 0.0432424 0.0470349 0.0517006 0.0572556 0.0637166 0.0711005 0.0794229 0.0886975 0.0989348 0.110141 0.122316 0.135456 0.149548 0.164571 0.180496 0.197286 0.214893 0.233263 0.252328 0.272014 0.292241 0.312916 0.333943 0.355219 0.376636 0.398083 0.419447 0.440612 0.461464 0.481889 0.501777 0.521018 0.539511 0.557157 0.573864 0.589546 0.604124 0.617526 0.629686 0.640548 0.650062 0.658183 0.664876 0.670112 0.673867 0.676127 0.676882 0.676127 0.673867 0.670112 0.664876 0.658183 0.650062 0.640548 0.629686 0.617526 0.604124 0.589546 0.573864 0.557157 0.539511 0.521018 0.501777 0.481889 0.461464 0.440612 0.419447 0.398083 0.376636 0.355219 0.333943 0.312916 0.292241 0.272014 0.252328 0.233263 0.214893 0.197286 0.180496 0.164571 0.149548 0.135456 0.122316 0.110141 0.0989348 0.0886975 0.0794229 0.0711005 0.0637166 0.0572556 0.0517006 0.0470349 0.0432424 0.0403089 0.0382226 0.0369744 
0.0379517 0.0383814 0.0396724 0.0418303 0.0448641 0.0487856 0.0536094 0.0593514 0.0660284 0.0736572 0.0822534 0.0918302 0.102398 0.113961 0.12652 0.140069 0.154594 0.170072 0.186474 0.203758 0.221876 0.240768 0.260368 0.280597 0.30137 0.322593 0.344167 0.365985 0.387937 0.409909 0.431783 0.453443 0.474772 0.495653 0.515974 0.535625 0.554503 0.572508 0.589546 0.605533 0.620387 0.634038 0.64642 0.657476 0.667156 0.675418 0.682225 0.687549 0.691368 0.693665 0.694432 0.693665 0.691368 0.687549 0.682225 0.675418 0.667156 0.657476 0.64642 0.634038 0.620387 0.605533 0.589546 0.572508 0.554503 0.535625 0.515974 0.495653 0.474772 0.453443 0.431783 0.409909 0.387937 0.365985 0.344167 0.322593 0.30137 0.280597 0.260368 0.240768 0.221876 0.203758 0.186474 0.170072 0.154594 0.140069 0.12652 0.113961 0.102398 0.0918302 0.0822534 0.0736572 0.0660284 0.0593514 0.0536094 0.0487856 0.0448641 0.0418303 0.0396724 0.0383814 
0.0392674 0.0397106 0.0410419 0.0432671 0.0463951 0.0504379 0.0554102 0.0613278 0.0682076 0.0760664 0.0849193 0.0947795 0.105656 0.117555 0.130473 0.144405 0.159335 0.175239 0.192084 0.20983 0.228423 0.247804 0.2679 0.288633 0.309914 0.331647 0.353727 0.376048 0.398494 0.42095 0.443295 0.465411 0.487178 0.508477 0.529196 0.549223 0.568452 0.586784 0.604124 0.620387 0.635492 0.649369 0.661951 0.673182 0.683014 0.691402 0.698312 0.703716 0.707591 0.709922 0.7107 0.709922 0.707591 0.703716 0.698312 0.691402 0.683014 0.673182 0.661951 0.649369 0.635492 0.620387 0.604124 0.586784 0.568452 0.549223 0.529196 0.508477 0.487178 0.465411 0.443295 0.42095 0.398494 0.376048 0.353727 0.331647 0.309914 0.288633 0.2679 0.247804 0.228423 0.20983 0.192084 0.175239 0.159335 0.144405 0.130473 0.117555 0.105656 0.0947795 0.0849193 0.0760664 0.0682076 0.0613278 0.0554102 0.0504379 0.0463951 0.0432671 0.0410419 0.0397106 
