7.13844e-06 7.50472e-06 8.62924e-06 1.05898e-05 1.35188e-05 1.76071e-05 2.31089e-05 3.03489e-05 3.97285e-05 5.17342e-05 6.69447e-05 8.60386e-05 0.0001098 0.000139121 0.000175008 0.000218574 0.000271036 0.000333705 0.000407966 0.00049526 0.000597054 0.000714808 0.000849932 0.00100374 0.00117742 0.00137193 0.001588 0.00182607 0.00208618 0.00236801 0.00267077 0.00299321 0.00333358 0.00368961 0.00405858 0.00443724 0.00482196 0.00520868 0.00559304 0.00597043 0.00633611 0.00668524 0.00701305 0.00731492 0.00758648 0.00782369 0.00802298 0.0081813 0.00829619 0.00836585 0.00838919 0.00836585 0.00829619 0.0081813 0.00802298 0.00782369 0.00758648 0.00731492 0.00701305 0.00668524 0.00633611 0.00597043 0.00559304 0.00520868 0.00482196 0.00443724 0.00405858 0.00368961 0.00333358 0.00299321 0.00267077 0.00236801 0.00208618 0.00182607 0.001588 0.00137193 0.00117742 0.00100374 0.000849932 0.000714808 0.000597054 0.00049526 0.000407966 0.000333705 0.000271036 0.000218574 0.000175008 0.000139121 0.0001098 8.60386e-05 6.69447e-05 5.17342e-05 3.97285e-05 3.03489e-05 2.31089e-05 1.76071e-05 1.35188e-05 1.05898e-05 8.62924e-06 7.50472e-06 
7.50472e-06 7.88885e-06 9.06804e-06 1.11236e-05 1.41938e-05 1.84779e-05 2.42414e-05 3.18228e-05 4.16411e-05 5.42031e-05 7.0112e-05 9.0074e-05 0.000114905 0.000145534 0.000183004 0.000228473 0.000283203 0.000348553 0.000425958 0.000516909 0.000622924 0.000745508 0.000886118 0.00104611 0.00122669 0.00142885 0.00165334 0.00190058 0.00217062 0.0024631 0.00277719 0.00311158 0.00346445 0.00383344 0.00421572 0.00460794 0.00500631 0.00540665 0.00580446 0.00619497 0.00657326 0.00693437 0.00727338 0.0075855 0.00786625 0.00811145 0.00831744 0.00848106 0.00859979 0.00867178 0.00869591 0.00867178 0.00859979 0.00848106 0.00831744 0.00811145 0.00786625 0.0075855 0.00727338 0.00693437 0.00657326 0.00619497 0.00580446 0.00540665 0.00500631 0.00460794 0.00421572 0.00383344 0.00346445 0.00311158 0.00277719 0.0024631 0.00217062 0.00190058 0.00165334 0.00142885 0.00122669 0.00104611 0.000886118 0.000745508 0.000622924 0.000516909 0.000425958 0.000348553 0.000283203 0.000228473 0.000183004 0.000145534 0.000114905 9.0074e-05 7.0112e-05 5.42031e-05 4.16411e-05 3.18228e-05 2.42414e-05 1.84779e-05 1.41938e-05 1.11236e-05 9.06804e-06 7.88885e-06 
8.62924e-06 9.06804e-06 1.04148e-05 1.27614e-05 1.62641e-05 2.1148e-05 2.77126e-05 3.63395e-05 4.75001e-05 6.17643e-05 7.98088e-05 0.000102425 0.000130526 0.000165148 0.000207455 0.000258734 0.000320387 0.000393918 0.000480914 0.000583018 0.000701898 0.000839204 0.000996524 0.00117533 0.00137693 0.00160238 0.00185247 0.00212762 0.00242785 0.00275269 0.00310121 0.00347191 0.00386274 0.00427108 0.00469377 0.00512711 0.00556691 0.00600858 0.00644715 0.0068774 0.00729396 0.00769138 0.00806429 0.00840749 0.00871606 0.00898548 0.00921175 0.00939144 0.00952181 0.00960085 0.00962733 0.00960085 0.00952181 0.00939144 0.00921175 0.00898548 0.00871606 0.00840749 0.00806429 0.00769138 0.00729396 0.0068774 0.00644715 0.00600858 0.00556691 0.00512711 0.00469377 0.00427108 0.00386274 0.00347191 0.00310121 0.00275269 0.00242785 0.00212762 0.00185247 0.00160238 0.00137693 0.00117533 0.000996524 0.000839204 0.000701898 0.000583018 0.000480914 0.000393918 0.000320387 0.000258734 0.000207455 0.000165148 0.000130526 0.000102425 7.98088e-05 6.17643e-05 4.75001e-05 3.63395e-05 2.77126e-05 2.1148e-05 1.62641e-05 1.27614e-05 1.04148e-05 9.06804e-06 
1.05898e-05 1.11236e-05 1.27614e-05 1.56135e-05 1.98672e-05 2.57919e-05 3.37462e-05 4.41855e-05 5.7672e-05 7.48837e-05 9.66243e-05 0.000123832 0.000157584 0.000199105 0.000249762 0.000311065 0.000384653 0.00047228 0.00057579 0.000697085 0.000838087 0.00100069 0.00118671 0.00139781 0.00163546 0.00190083 0.00219478 0.00251771 0.00286957 0.00324976 0.00365712 0.00408983 0.00454546 0.00502093 0.00551252 0.00601594 0.00652632 0.00703834 0.00754629 0.00804416 0.00852579 0.00898494 0.00941548 0.00981147 0.0101673 0.0104779 0.0107386 0.0109455 0.0110956 0.0111866 0.0112171 0.0111866 0.0110956 0.0109455 0.0107386 0.0104779 0.0101673 0.00981147 0.00941548 0.00898494 0.00852579 0.00804416 0.00754629 0.00703834 0.00652632 0.00601594 0.00551252 0.00502093 0.00454546 0.00408983 0.00365712 0.00324976 0.00286957 0.00251771 0.00219478 0.00190083 0.00163546 0.00139781 0.00118671 0.00100069 0.000838087 0.000697085 0.00057579 0.00047228 0.000384653 0.000311065 0.000249762 0.000199105 0.000157584 0.000123832 9.66243e-05 7.48837e-05 5.7672e-05 4.41855e-05 3.37462e-05 2.57919e-05 1.98672e-05 1.56135e-05 1.27614e-05 1.11236e-05 
1.35188e-05 1.41938e-05 1.62641e-05 1.98672e-05 2.5236e-05 3.27055e-05 4.27207e-05 5.58461e-05 7.27768e-05 9.43497e-05 0.000121554 0.000155542 0.000197635 0.000249326 0.000312283 0.000388337 0.000479473 0.000587805 0.000715548 0.000864978 0.00103838 0.00123801 0.00146598 0.00172425 0.00201451 0.00233809 0.00269591 0.00308837 0.00351531 0.00397592 0.00446867 0.00499131 0.00554085 0.00611352 0.00670481 0.00730955 0.0079219 0.00853551 0.00914358 0.00973897 0.0103144 0.0108625 0.011376 0.0118479 0.0122718 0.0126415 0.0129517 0.0131979 0.0133764 0.0134846 0.0135208 0.0134846 0.0133764 0.0131979 0.0129517 0.0126415 0.0122718 0.0118479 0.011376 0.0108625 0.0103144 0.00973897 0.00914358 0.00853551 0.0079219 0.00730955 0.00670481 0.00611352 0.00554085 0.00499131 0.00446867 0.00397592 0.00351531 0.00308837 0.00269591 0.00233809 0.00201451 0.00172425 0.00146598 0.00123801 0.00103838 0.000864978 0.000715548 0.000587805 0.000479473 0.000388337 0.000312283 0.000249326 0.000197635 0.000155542 0.000121554 9.43497e-05 7.27768e-05 5.58461e-05 4.27207e-05 3.27055e-05 2.5236e-05 1.98672e-05 1.62641e-05 1.41938e-05 
1.76071e-05 1.84779e-05 2.1148e-05 2.57919e-05 3.27055e-05 4.23136e-05 5.51793e-05 7.20163e-05 9.37016e-05 0.000121289 0.00015602 0.000199338 0.000252894 0.000318548 0.000398371 0.00049463 0.000609772 0.000746396 0.000907214 0.001095 0.00131252 0.00156249 0.00184746 0.00216973 0.00253128 0.00293364 0.00337781 0.00386418 0.0043924 0.00496134 0.00556903 0.0062126 0.00688826 0.00759134 0.00831628 0.00905671 0.0098055 0.0105549 0.0112967 0.0120222 0.0127227 0.0133894 0.0140134 0.0145865 0.0151009 0.0155492 0.0159253 0.0162236 0.0164398 0.0165709 0.0166148 0.0165709 0.0164398 0.0162236 0.0159253 0.0155492 0.0151009 0.0145865 0.0140134 0.0133894 0.0127227 0.0120222 0.0112967 0.0105549 0.0098055 0.00905671 0.00831628 0.00759134 0.00688826 0.0062126 0.00556903 0.00496134 0.0043924 0.00386418 0.00337781 0.00293364 0.00253128 0.00216973 0.00184746 0.00156249 0.00131252 0.001095 0.000907214 0.000746396 0.000609772 0.00049463 0.000398371 0.000318548 0.000252894 0.000199338 0.00015602 0.000121289 9.37016e-05 7.20163e-05 5.51793e-05 4.23136e-05 3.27055e-05 2.57919e-05 2.1148e-05 1.84779e-05 
2.31089e-05 2.42414e-05 2.77126e-05 3.37462e-05 4.27207e-05 5.51793e-05 7.1841e-05 9.36155e-05 0.000121618 0.000157186 0.000201894 0.000257562 0.000326272 0.00041036 0.000512418 0.000635278 0.000781983 0.000955754 0.00115994 0.00139794 0.00167315 0.00198885 0.00234812 0.00275371 0.00320795 0.00371259 0.00426873 0.00487669 0.00553586 0.00624471 0.00700063 0.00779994 0.00863785 0.0095085 0.010405 0.0113193 0.0122428 0.013166 0.0140786 0.0149704 0.0158304 0.0166481 0.0174129 0.0181148 0.0187443 0.0192927 0.0197524 0.0201169 0.0203811 0.0205412 0.0205948 0.0205412 0.0203811 0.0201169 0.0197524 0.0192927 0.0187443 0.0181148 0.0174129 0.0166481 0.0158304 0.0149704 0.0140786 0.013166 0.0122428 0.0113193 0.010405 0.0095085 0.00863785 0.00779994 0.00700063 0.00624471 0.00553586 0.00487669 0.00426873 0.00371259 0.00320795 0.00275371 0.00234812 0.00198885 0.00167315 0.00139794 0.00115994 0.000955754 0.000781983 0.000635278 0.000512418 0.00041036 0.000326272 0.000257562 0.000201894 0.000157186 0.000121618 9.36155e-05 7.1841e-05 5.51793e-05 4.27207e-05 3.37462e-05 2.77126e-05 2.42414e-05 
3.03489e-05 3.18228e-05 3.63395e-05 4.41855e-05 5.58461e-05 7.20163e-05 9.36155e-05 0.000121804 0.000158004 0.000203913 0.000261528 0.000333154 0.000421413 0.000529248 0.000659907 0.000816929 0.00100411 0.00122544 0.00148505 0.00178715 0.00213586 0.00253519 0.00298885 0.00350011 0.00407171 0.00470567 0.00540315 0.00616434 0.00698831 0.00787294 0.00881484 0.00980927 0.0108502 0.0119301 0.0130406 0.0141717 0.0153126 0.0164517 0.0175765 0.0186743 0.0197321 0.0207368 0.0216758 0.0225368 0.0233084 0.0239803 0.0245433 0.0249895 0.0253128 0.0255086 0.0255742 0.0255086 0.0253128 0.0249895 0.0245433 0.0239803 0.0233084 0.0225368 0.0216758 0.0207368 0.0197321 0.0186743 0.0175765 0.0164517 0.0153126 0.0141717 0.0130406 0.0119301 0.0108502 0.00980927 0.00881484 0.00787294 0.00698831 0.00616434 0.00540315 0.00470567 0.00407171 0.00350011 0.00298885 0.00253519 0.00213586 0.00178715 0.00148505 0.00122544 0.00100411 0.000816929 0.000659907 0.000529248 0.000421413 0.000333154 0.000261528 0.000203913 0.000158004 0.000121804 9.36155e-05 7.20163e-05 5.58461e-05 4.41855e-05 3.63395e-05 3.18228e-05 
3.97285e-05 4.16411e-05 4.75001e-05 5.7672e-05 7.27768e-05 9.37016e-05 0.000121618 0.000158004 0.000204663 0.000263749 0.000337787 0.000429684 0.000542739 0.000680642 0.000847458 0.0010476 0.00128577 0.00156693 0.00189615 0.00227859 0.00271929 0.00322309 0.00379445 0.00443727 0.00515473 0.00594911 0.00682163 0.00777227 0.00879965 0.00990089 0.0110716 0.0123056 0.0135955 0.0149317 0.0163038 0.0176994 0.0191054 0.0205074 0.0218902 0.0232383 0.0245359 0.0257673 0.0269171 0.0279706 0.0289141 0.0297351 0.0304227 0.0309675 0.0313621 0.031601 0.0316811 0.031601 0.0313621 0.0309675 0.0304227 0.0297351 0.0289141 0.0279706 0.0269171 0.0257673 0.0245359 0.0232383 0.0218902 0.0205074 0.0191054 0.0176994 0.0163038 0.0149317 0.0135955 0.0123056 0.0110716 0.00990089 0.00879965 0.00777227 0.00682163 0.00594911 0.00515473 0.00443727 0.00379445 0.00322309 0.00271929 0.00227859 0.00189615 0.00156693 0.00128577 0.0010476 0.000847458 0.000680642 0.000542739 0.000429684 0.000337787 0.000263749 0.000204663 0.000158004 0.000121618 9.37016e-05 7.27768e-05 5.7672e-05 4.75001e-05 4.16411e-05 
5.17342e-05 5.42031e-05 6.17643e-05 7.48837e-05 9.43497e-05 0.000121289 0.000157186 0.000203913 0.000263749 0.000339411 0.000434074 0.000551387 0.000695479 0.000870956 0.00108288 0.00133671 0.00163827 0.00199365 0.00240908 0.00289084 0.00344505 0.00407753 0.00479359 0.00559784 0.00649394 0.00748445 0.00857057 0.00975197 0.0110266 0.0123908 0.0138386 0.0153625 0.0169528 0.018598 0.0202848 0.0219983 0.0237222 0.025439 0.0271304 0.0287775 0.0303612 0.0318627 0.0332634 0.0345458 0.0356936 0.0366918 0.0375272 0.0381889 0.0386681 0.0389581 0.0390553 0.0389581 0.0386681 0.0381889 0.0375272 0.0366918 0.0356936 0.0345458 0.0332634 0.0318627 0.0303612 0.0287775 0.0271304 0.025439 0.0237222 0.0219983 0.0202848 0.018598 0.0169528 0.0153625 0.0138386 0.0123908 0.0110266 0.00975197 0.00857057 0.00748445 0.00649394 0.00559784 0.00479359 0.00407753 0.00344505 0.00289084 0.00240908 0.00199365 0.00163827 0.00133671 0.00108288 0.000870956 0.000695479 0.000551387 0.000434074 0.000339411 0.000263749 0.000203913 0.000157186 0.000121289 9.43497e-05 7.48837e-05 6.17643e-05 5.42031e-05 
6.69447e-05 7.0112e-05 7.98088e-05 9.66243e-05 0.000121554 0.00015602 0.000201894 0.000261528 0.000337787 0.000434074 0.000554358 0.00070319 0.000885705 0.00110761 0.00137517 0.0016951 0.00207456 0.00252099 0.00304197 0.00364509 0.00433773 0.00512682 0.00601866 0.00701862 0.00813089 0.00935823 0.0107018 0.0121607 0.0137323 0.0154114 0.0171906 0.0190604 0.0210087 0.0230212 0.0250817 0.0271719 0.0292719 0.0313607 0.033416 0.0354153 0.0373356 0.0391544 0.0408496 0.0424004 0.0437873 0.0449927 0.0460011 0.0467995 0.0473774 0.0477272 0.0478443 0.0477272 0.0473774 0.0467995 0.0460011 0.0449927 0.0437873 0.0424004 0.0408496 0.0391544 0.0373356 0.0354153 0.033416 0.0313607 0.0292719 0.0271719 0.0250817 0.0230212 0.0210087 0.0190604 0.0171906 0.0154114 0.0137323 0.0121607 0.0107018 0.00935823 0.00813089 0.00701862 0.00601866 0.00512682 0.00433773 0.00364509 0.00304197 0.00252099 0.00207456 0.0016951 0.00137517 0.00110761 0.000885705 0.00070319 0.000554358 0.000434074 0.000337787 0.000261528 0.000201894 0.00015602 0.000121554 9.66243e-05 7.98088e-05 7.0112e-05 
8.60386e-05 9.0074e-05 0.000102425 0.000123832 0.000155542 0.000199338 0.000257562 0.000333154 0.000429684 0.000551387 0.00070319 0.000890728 0.00112034 0.00139906 0.00173456 0.00213507 0.0026093 0.00316626 0.00381514 0.00456502 0.00542471 0.00640243 0.00750554 0.00874023 0.0101112 0.0116214 0.0132718 0.0150609 0.0169848 0.019037 0.0212081 0.023486 0.0258558 0.0283 0.0307988 0.0333299 0.0358696 0.0383923 0.0408716 0.0432804 0.0455916 0.0477783 0.0498147 0.051676 0.0533394 0.0547842 0.0559922 0.0569482 0.0576399 0.0580585 0.0581987 0.0580585 0.0576399 0.0569482 0.0559922 0.0547842 0.0533394 0.051676 0.0498147 0.0477783 0.0455916 0.0432804 0.0408716 0.0383923 0.0358696 0.0333299 0.0307988 0.0283 0.0258558 0.023486 0.0212081 0.019037 0.0169848 0.0150609 0.0132718 0.0116214 0.0101112 0.00874023 0.00750554 0.00640243 0.00542471 0.00456502 0.00381514 0.00316626 0.0026093 0.00213507 0.00173456 0.00139906 0.00112034 0.000890728 0.00070319 0.000551387 0.000429684 0.000333154 0.000257562 0.000199338 0.000155542 0.000123832 0.000102425 9.0074e-05 
0.0001098 0.000114905 0.000130526 0.000157584 0.000197635 0.000252894 0.000326272 0.000421413 0.000542739 0.000695479 0.000885705 0.00112034 0.00140716 0.00175475 0.00217245 0.00267026 0.00325869 0.0039486 0.00475097 0.00567662 0.00673597 0.00793865 0.00929318 0.0108066 0.0124841 0.0143288 0.0163412 0.0185189 0.0208567 0.0233462 0.0259755 0.0287296 0.0315903 0.0345363 0.0375434 0.0405851 0.0436327 0.0466559 0.0496233 0.0525029 0.0552626 0.0578711 0.0602978 0.062514 0.0644931 0.0662109 0.0676465 0.068782 0.0696033 0.0701003 0.0702666 0.0701003 0.0696033 0.068782 0.0676465 0.0662109 0.0644931 0.062514 0.0602978 0.0578711 0.0552626 0.0525029 0.0496233 0.0466559 0.0436327 0.0405851 0.0375434 0.0345363 0.0315903 0.0287296 0.0259755 0.0233462 0.0208567 0.0185189 0.0163412 0.0143288 0.0124841 0.0108066 0.00929318 0.00793865 0.00673597 0.00567662 0.00475097 0.0039486 0.00325869 0.00267026 0.00217245 0.00175475 0.00140716 0.00112034 0.000885705 0.000695479 0.000542739 0.000421413 0.000326272 0.000252894 0.000197635 0.000157584 0.000130526 0.000114905 
0.000139121 0.000145534 0.000165148 0.000199105 0.000249326 0.000318548 0.00041036 0.000529248 0.000680642 0.000870956 0.00110761 0.00139906 0.00175475 0.00218509 0.00270137 0.00331561 0.00404044 0.00488879 0.0058737 0.00700795 0.00830372 0.00977218 0.0114231 0.0132644 0.0153017 0.017538 0.0199732 0.0226039 0.025423 0.0284198 0.0315796 0.0348838 0.0383103 0.0418332 0.0454237 0.04905 0.0526781 0.0562721 0.0597952 0.0632098 0.0664785 0.0695646 0.0724329 0.0750501 0.0773854 0.079411 0.0811028 0.0824404 0.0834076 0.0839926 0.0841884 0.0839926 0.0834076 0.0824404 0.0811028 0.079411 0.0773854 0.0750501 0.0724329 0.0695646 0.0664785 0.0632098 0.0597952 0.0562721 0.0526781 0.04905 0.0454237 0.0418332 0.0383103 0.0348838 0.0315796 0.0284198 0.025423 0.0226039 0.0199732 0.017538 0.0153017 0.0132644 0.0114231 0.00977218 0.00830372 0.00700795 0.0058737 0.00488879 0.00404044 0.00331561 0.00270137 0.00218509 0.00175475 0.00139906 0.00110761 0.000870956 0.000680642 0.000529248 0.00041036 0.000318548 0.000249326 0.000199105 0.000165148 0.000145534 
0.000175008 0.000183004 0.000207455 0.000249762 0.000312283 0.000398371 0.000512418 0.000659907 0.000847458 0.00108288 0.00137517 0.00173456 0.00217245 0.00270137 0.00333484 0.00408723 0.00497352 0.00600905 0.00720913 0.00858871 0.0101619 0.0119416 0.0139387 0.0161621 0.0186177 0.0213082 0.0242327 0.0273863 0.0307598 0.0343395 0.0381072 0.0420405 0.0461123 0.0502919 0.0545448 0.0588335 0.0631179 0.0673561 0.0715048 0.0755207 0.0793604 0.0829815 0.0863437 0.0894086 0.0921412 0.0945097 0.0964868 0.0980491 0.0991783 0.0998612 0.10009 0.0998612 0.0991783 0.0980491 0.0964868 0.0945097 0.0921412 0.0894086 0.0863437 0.0829815 0.0793604 0.0755207 0.0715048 0.0673561 0.0631179 0.0588335 0.0545448 0.0502919 0.0461123 0.0420405 0.0381072 0.0343395 0.0307598 0.0273863 0.0242327 0.0213082 0.0186177 0.0161621 0.0139387 0.0119416 0.0101619 0.00858871 0.00720913 0.00600905 0.00497352 0.00408723 0.00333484 0.00270137 0.00217245 0.00173456 0.00137517 0.00108288 0.000847458 0.000659907 0.000512418 0.000398371 0.000312283 0.000249762 0.000207455 0.000183004 
0.000218574 0.000228473 0.000258734 0.000311065 0.000388337 0.00049463 0.000635278 0.000816929 0.0010476 0.00133671 0.0016951 0.00213507 0.00267026 0.00331561 0.00408723 0.00500211 0.00607792 0.00733265 0.00878417 0.0104498 0.0123457 0.0144864 0.0168844 0.019549 0.0224865 0.025699 0.0291845 0.032936 0.0369418 0.0411847 0.0456425 0.0502878 0.0550886 0.060008 0.0650054 0.0700368 0.0750555 0.0800126 0.0848583 0.0895425 0.0940157 0.0982293 0.102137 0.105697 0.108867 0.111613 0.113904 0.115713 0.117021 0.117811 0.118076 0.117811 0.117021 0.115713 0.113904 0.111613 0.108867 0.105697 0.102137 0.0982293 0.0940157 0.0895425 0.0848583 0.0800126 0.0750555 0.0700368 0.0650054 0.060008 0.0550886 0.0502878 0.0456425 0.0411847 0.0369418 0.032936 0.0291845 0.025699 0.0224865 0.019549 0.0168844 0.0144864 0.0123457 0.0104498 0.00878417 0.00733265 0.00607792 0.00500211 0.00408723 0.00331561 0.00267026 0.00213507 0.0016951 0.00133671 0.0010476 0.000816929 0.000635278 0.00049463 0.000388337 0.000311065 0.000258734 0.000228473 
0.000271036 0.000283203 0.000320387 0.000384653 0.000479473 0.000609772 0.000781983 0.00100411 0.00128577 0.00163827 0.00207456 0.0026093 0.00325869 0.00404044 0.00497352 0.00607792 0.0073743 0.00888356 0.0106264 0.0126225 0.0148905 0.0174466 0.0203044 0.0234741 0.0269617 0.0307687 0.0348913 0.0393202 0.0440404 0.0490307 0.0542641 0.0597078 0.0653236 0.0710681 0.0768938 0.0827493 0.0885807 0.0943318 0.0999454 0.105364 0.110533 0.115395 0.1199 0.123999 0.127646 0.130803 0.133435 0.135513 0.137013 0.13792 0.138224 0.13792 0.137013 0.135513 0.133435 0.130803 0.127646 0.123999 0.1199 0.115395 0.110533 0.105364 0.0999454 0.0943318 0.0885807 0.0827493 0.0768938 0.0710681 0.0653236 0.0597078 0.0542641 0.0490307 0.0440404 0.0393202 0.0348913 0.0307687 0.0269617 0.0234741 0.0203044 0.0174466 0.0148905 0.0126225 0.0106264 0.00888356 0.0073743 0.00607792 0.00497352 0.00404044 0.00325869 0.0026093 0.00207456 0.00163827 0.00128577 0.00100411 0.000781983 0.000609772 0.000479473 0.000384653 0.000320387 0.000283203 
0.000333705 0.000348553 0.000393918 0.00047228 0.000587805 0.000746396 0.000955754 0.00122544 0.00156693 0.00199365 0.00252099 0.00316626 0.0039486 0.00488879 0.00600905 0.00733265 0.00888356 0.0106859 0.0127632 0.0151382 0.0178315 0.0208612 0.0242421 0.0279847 0.0320948 0.0365726 0.0414122 0.0466015 0.0521213 0.0579459 0.0640427 0.0703726 0.0768906 0.0835461 0.0902837 0.0970443 0.103766 0.110384 0.116835 0.123053 0.128975 0.13454 0.13969 0.14437 0.148532 0.152131 0.155129 0.157494 0.159202 0.160234 0.160579 0.160234 0.159202 0.157494 0.155129 0.152131 0.148532 0.14437 0.13969 0.13454 0.128975 0.123053 0.116835 0.110384 0.103766 0.0970443 0.0902837 0.0835461 0.0768906 0.0703726 0.0640427 0.0579459 0.0521213 0.0466015 0.0414122 0.0365726 0.0320948 0.0279847 0.0242421 0.0208612 0.0178315 0.0151382 0.0127632 0.0106859 0.00888356 0.00733265 0.00600905 0.00488879 0.0039486 0.00316626 0.00252099 0.00199365 0.00156693 0.00122544 0.000955754 0.000746396 0.000587805 0.00047228 0.000393918 0.000348553 
0.000407966 0.000425958 0.000480914 0.00057579 0.000715548 0.000907214 0.00115994 0.00148505 0.00189615 0.00240908 0.00304197 0.00381514 0.00475097 0.0058737 0.00720913 0.00878417 0.0106264 0.0127632 0.0152217 0.018027 0.0212024 0.0247674 0.028738 0.0331249 0.037933 0.0431609 0.0488002 0.054835 0.0612415 0.0679886 0.0750372 0.0823414 0.0898484 0.0974994 0.105231 0.112975 0.120661 0.128217 0.13557 0.142647 0.149378 0.155694 0.161532 0.166833 0.171541 0.175609 0.178996 0.181666 0.183594 0.184758 0.185147 0.184758 0.183594 0.181666 0.178996 0.175609 0.171541 0.166833 0.161532 0.155694 0.149378 0.142647 0.13557 0.128217 0.120661 0.112975 0.105231 0.0974994 0.0898484 0.0823414 0.0750372 0.0679886 0.0612415 0.054835 0.0488002 0.0431609 0.037933 0.0331249 0.028738 0.0247674 0.0212024 0.018027 0.0152217 0.0127632 0.0106264 0.00878417 0.00720913 0.0058737 0.00475097 0.00381514 0.00304197 0.00240908 0.00189615 0.00148505 0.00115994 0.000907214 0.000715548 0.00057579 0.000480914 0.000425958 
0.00049526 0.000516909 0.000583018 0.000697085 0.000864978 0.001095 0.00139794 0.00178715 0.00227859 0.00289084 0.00364509 0.00456502 0.00567662 0.00700795 0.00858871 0.0104498 0.0126225 0.0151382 0.018027 0.0213172 0.0250342 0.0291992 0.0338289 0.0389338 0.0445178 0.0505772 0.0571002 0.0640665 0.0714472 0.0792046 0.0872926 0.0956573 0.104237 0.112966 0.121769 0.130571 0.139291 0.147849 0.156164 0.164154 0.171742 0.178853 0.185418 0.191371 0.196654 0.201214 0.205008 0.207998 0.210154 0.211456 0.211892 0.211456 0.210154 0.207998 0.205008 0.201214 0.196654 0.191371 0.185418 0.178853 0.171742 0.164154 0.156164 0.147849 0.139291 0.130571 0.121769 0.112966 0.104237 0.0956573 0.0872926 0.0792046 0.0714472 0.0640665 0.0571002 0.0505772 0.0445178 0.0389338 0.0338289 0.0291992 0.0250342 0.0213172 0.018027 0.0151382 0.0126225 0.0104498 0.00858871 0.00700795 0.00567662 0.00456502 0.00364509 0.00289084 0.00227859 0.00178715 0.00139794 0.001095 0.000864978 0.000697085 0.000583018 0.000516909 
0.000597054 0.000622924 0.000701898 0.000838087 0.00103838 0.00131252 0.00167315 0.00213586 0.00271929 0.00344505 0.00433773 0.00542471 0.00673597 0.00830372 0.0101619 0.0123457 0.0148905 0.0178315 0.0212024 0.0250342 0.0293545 0.0341863 0.0395463 0.0454446 0.0518833 0.0588559 0.0663467 0.0743301 0.082771 0.0916245 0.100836 0.110344 0.120078 0.129959 0.139907 0.149834 0.159651 0.169268 0.178596 0.187546 0.196032 0.203974 0.211296 0.217928 0.223807 0.228877 0.233092 0.236411 0.238804 0.240248 0.240731 0.240248 0.238804 0.236411 0.233092 0.228877 0.223807 0.217928 0.211296 0.203974 0.196032 0.187546 0.178596 0.169268 0.159651 0.149834 0.139907 0.129959 0.120078 0.110344 0.100836 0.0916245 0.082771 0.0743301 0.0663467 0.0588559 0.0518833 0.0454446 0.0395463 0.0341863 0.0293545 0.0250342 0.0212024 0.0178315 0.0148905 0.0123457 0.0101619 0.00830372 0.00673597 0.00542471 0.00433773 0.00344505 0.00271929 0.00213586 0.00167315 0.00131252 0.00103838 0.000838087 0.000701898 0.000622924 
0.000714808 0.000745508 0.000839204 0.00100069 0.00123801 0.00156249 0.00198885 0.00253519 0.00322309 0.00407753 0.00512682 0.00640243 0.00793865 0.00977218 0.0119416 0.0144864 0.0174466 0.0208612 0.0247674 0.0291992 0.0341863 0.0397524 0.0459147 0.052682 0.0600542 0.0680211 0.0765621 0.0856458 0.0952298 0.105261 0.115677 0.126405 0.137365 0.148469 0.159625 0.170736 0.181704 0.192429 0.202812 0.212758 0.222174 0.230974 0.239075 0.246403 0.252892 0.258484 0.263127 0.266782 0.269416 0.271005 0.271537 0.271005 0.269416 0.266782 0.263127 0.258484 0.252892 0.246403 0.239075 0.230974 0.222174 0.212758 0.202812 0.192429 0.181704 0.170736 0.159625 0.148469 0.137365 0.126405 0.115677 0.105261 0.0952298 0.0856458 0.0765621 0.0680211 0.0600542 0.052682 0.0459147 0.0397524 0.0341863 0.0291992 0.0247674 0.0208612 0.0174466 0.0144864 0.0119416 0.00977218 0.00793865 0.00640243 0.00512682 0.00407753 0.00322309 0.00253519 0.00198885 0.00156249 0.00123801 0.00100069 0.000839204 0.000745508 
0.000849932 0.000886118 0.000996524 0.00118671 0.00146598 0.00184746 0.00234812 0.00298885 0.00379445 0.00479359 0.00601866 0.00750554 0.00929318 0.0114231 0.0139387 0.0168844 0.0203044 0.0242421 0.028738 0.0338289 0.0395463 0.0459147 0.0529508 0.0606618 0.0690444 0.0780842 0.0877548 0.0980179 0.108823 0.120108 0.131801 0.143819 0.15607 0.168457 0.180876 0.19322 0.205381 0.21725 0.228721 0.239689 0.250055 0.259728 0.26862 0.276654 0.28376 0.289876 0.294951 0.298943 0.301818 0.303552 0.304132 0.303552 0.301818 0.298943 0.294951 0.289876 0.28376 0.276654 0.26862 0.259728 0.250055 0.239689 0.228721 0.21725 0.205381 0.19322 0.180876 0.168457 0.15607 0.143819 0.131801 0.120108 0.108823 0.0980179 0.0877548 0.0780842 0.0690444 0.0606618 0.0529508 0.0459147 0.0395463 0.0338289 0.028738 0.0242421 0.0203044 0.0168844 0.0139387 0.0114231 0.00929318 0.00750554 0.00601866 0.00479359 0.00379445 0.00298885 0.00234812 0.00184746 0.00146598 0.00118671 0.000996524 0.000886118 
0.00100374 0.00104611 0.00117533 0.00139781 0.00172425 0.00216973 0.00275371 0.00350011 0.00443727 0.00559784 0.00701862 0.00874023 0.0108066 0.0132644 0.0161621 0.019549 0.0234741 0.0279847 0.0331249 0.0389338 0.0454446 0.052682 0.0606618 0.0693887 0.0788556 0.0890429 0.0999175 0.111433 0.123531 0.136138 0.149172 0.162539 0.176137 0.189855 0.20358 0.217194 0.230579 0.243616 0.256192 0.268196 0.279522 0.290072 0.299758 0.308496 0.316215 0.322853 0.328356 0.332681 0.335794 0.337671 0.338298 0.337671 0.335794 0.332681 0.328356 0.322853 0.316215 0.308496 0.299758 0.290072 0.279522 0.268196 0.256192 0.243616 0.230579 0.217194 0.20358 0.189855 0.176137 0.162539 0.149172 0.136138 0.123531 0.111433 0.0999175 0.0890429 0.0788556 0.0693887 0.0606618 0.052682 0.0454446 0.0389338 0.0331249 0.0279847 0.0234741 0.019549 0.0161621 0.0132644 0.0108066 0.00874023 0.00701862 0.00559784 0.00443727 0.00350011 0.00275371 0.00216973 0.00172425 0.00139781 0.00117533 0.00104611 
0.00117742 0.00122669 0.00137693 0.00163546 0.00201451 0.00253128 0.00320795 0.00407171 0.00515473 0.00649394 0.00813089 0.0101112 0.0124841 0.0153017 0.0186177 0.0224865 0.0269617 0.0320948 0.037933 0.0445178 0.0518833 0.0600542 0.0690444 0.0788556 0.0894761 0.10088 0.113026 0.125861 0.139313 0.153302 0.167731 0.182496 0.197482 0.212568 0.227628 0.242535 0.257161 0.271378 0.285064 0.298103 0.310384 0.321806 0.332274 0.341705 0.350027 0.357174 0.363093 0.367742 0.371086 0.373102 0.373776 0.373102 0.371086 0.367742 0.363093 0.357174 0.350027 0.341705 0.332274 0.321806 0.310384 0.298103 0.285064 0.271378 0.257161 0.242535 0.227628 0.212568 0.197482 0.182496 0.167731 0.153302 0.139313 0.125861 0.113026 0.10088 0.0894761 0.0788556 0.0690444 0.0600542 0.0518833 0.0445178 0.037933 0.0320948 0.0269617 0.0224865 0.0186177 0.0153017 0.0124841 0.0101112 0.00813089 0.00649394 0.00515473 0.00407171 0.00320795 0.00253128 0.00201451 0.00163546 0.00137693 0.00122669 
0.00137193 0.00142885 0.00160238 0.00190083 0.00233809 0.00293364 0.00371259 0.00470567 0.00594911 0.00748445 0.00935823 0.0116214 0.0143288 0.017538 0.0213082 0.025699 0.0307687 0.0365726 0.0431609 0.0505772 0.0588559 0.0680211 0.0780842 0.0890429 0.10088 0.113562 0.12704 0.14125 0.15611 0.171527 0.187394 0.203593 0.219997 0.236473 0.252884 0.269092 0.28496 0.300353 0.315141 0.329201 0.34242 0.354693 0.365922 0.376025 0.384927 0.392563 0.398882 0.40384 0.407405 0.409553 0.41027 0.409553 0.407405 0.40384 0.398882 0.392563 0.384927 0.376025 0.365922 0.354693 0.34242 0.329201 0.315141 0.300353 0.28496 0.269092 0.252884 0.236473 0.219997 0.203593 0.187394 0.171527 0.15611 0.14125 0.12704 0.113562 0.10088 0.0890429 0.0780842 0.0680211 0.0588559 0.0505772 0.0431609 0.0365726 0.0307687 0.025699 0.0213082 0.017538 0.0143288 0.0116214 0.00935823 0.00748445 0.00594911 0.00470567 0.00371259 0.00293364 0.00233809 0.00190083 0.00160238 0.00142885 
0.001588 0.00165334 0.00185247 0.00219478 0.00269591 0.00337781 0.00426873 0.00540315 0.00682163 0.00857057 0.0107018 0.0132718 0.0163412 0.0199732 0.0242327 0.0291845 0.0348913 0.0414122 0.0488002 0.0571002 0.0663467 0.0765621 0.0877548 0.0999175 0.113026 0.12704 0.1419 0.157531 0.173841 0.190722 0.208055 0.22571 0.243546 0.26142 0.279182 0.296685 0.313782 0.330331 0.346197 0.361252 0.375378 0.388469 0.400428 0.41117 0.420621 0.428719 0.435413 0.440661 0.444432 0.446703 0.447462 0.446703 0.444432 0.440661 0.435413 0.428719 0.420621 0.41117 0.400428 0.388469 0.375378 0.361252 0.346197 0.330331 0.313782 0.296685 0.279182 0.26142 0.243546 0.22571 0.208055 0.190722 0.173841 0.157531 0.1419 0.12704 0.113026 0.0999175 0.0877548 0.0765621 0.0663467 0.0571002 0.0488002 0.0414122 0.0348913 0.0291845 0.0242327 0.0199732 0.0163412 0.0132718 0.0107018 0.00857057 0.00682163 0.00540315 0.00426873 0.00337781 0.00269591 0.00219478 0.00185247 0.00165334 
0.00182607 0.00190058 0.00212762 0.00251771 0.00308837 0.00386418 0.00487669 0.00616434 0.00777227 0.00975197 0.0121607 0.0150609 0.0185189 0.0226039 0.0273863 0.032936 0.0393202 0.0466015 0.054835 0.0640665 0.0743301 0.0856458 0.0980179 0.111433 0.125861 0.14125 0.157531 0.174618 0.192405 0.210772 0.229587 0.248705 0.267974 0.287237 0.306335 0.325111 0.343409 0.361081 0.377986 0.393994 0.408985 0.42285 0.435494 0.446833 0.456795 0.46532 0.472359 0.477872 0.481831 0.484215 0.48501 0.484215 0.481831 0.477872 0.472359 0.46532 0.456795 0.446833 0.435494 0.42285 0.408985 0.393994 0.377986 0.361081 0.343409 0.325111 0.306335 0.287237 0.267974 0.248705 0.229587 0.210772 0.192405 0.174618 0.157531 0.14125 0.125861 0.111433 0.0980179 0.0856458 0.0743301 0.0640665 0.054835 0.0466015 0.0393202 0.032936 0.0273863 0.0226039 0.0185189 0.0150609 0.0121607 0.00975197 0.00777227 0.00616434 0.00487669 0.00386418 0.00308837 0.00251771 0.00212762 0.00190058 
0.00208618 0.00217062 0.00242785 0.00286957 0.00351531 0.0043924 0.00553586 0.00698831 0.00879965 0.0110266 0.0137323 0.0169848 0.0208567 0.025423 0.0307598 0.0369418 0.0440404 0.0521213 0.0612415 0.0714472 0.082771 0.0952298 0.108823 0.123531 0.139313 0.15611 0.173841 0.192405 0.211685 0.231546 0.251843 0.272416 0.293102 0.313732 0.334136 0.354147 0.373603 0.39235 0.410244 0.427151 0.44295 0.457535 0.47081 0.482695 0.493121 0.502032 0.50938 0.515131 0.519257 0.52174 0.522569 0.52174 0.519257 0.515131 0.50938 0.502032 0.493121 0.482695 0.47081 0.457535 0.44295 0.427151 0.410244 0.39235 0.373603 0.354147 0.334136 0.313732 0.293102 0.272416 0.251843 0.231546 0.211685 0.192405 0.173841 0.15611 0.139313 0.123531 0.108823 0.0952298 0.082771 0.0714472 0.0612415 0.0521213 0.0440404 0.0369418 0.0307598 0.025423 0.0208567 0.0169848 0.0137323 0.0110266 0.00879965 0.00698831 0.00553586 0.0043924 0.00351531 0.00286957 0.00242785 0.00217062 
0.00236801 0.0024631 0.00275269 0.00324976 0.00397592 0.00496134 0.00624471 0.00787294 0.00990089 0.0123908 0.0154114 0.019037 0.0233462 0.0284198 0.0343395 0.0411847 0.0490307 0.0579459 0.0679886 0.0792046 0.0916245 0.105261 0.120108 0.136138 0.153302 0.171527 0.190722 0.210772 0.231546 0.252896 0.27466 0.296667 0.31874 0.340698 0.362363 0.383558 0.404116 0.423877 0.442695 0.460435 0.476978 0.492217 0.506062 0.518435 0.529272 0.53852 0.546139 0.552094 0.556365 0.558933 0.55979 0.558933 0.556365 0.552094 0.546139 0.53852 0.529272 0.518435 0.506062 0.492217 0.476978 0.460435 0.442695 0.423877 0.404116 0.383558 0.362363 0.340698 0.31874 0.296667 0.27466 0.252896 0.231546 0.210772 0.190722 0.171527 0.153302 0.136138 0.120108 0.105261 0.0916245 0.0792046 0.0679886 0.0579459 0.0490307 0.0411847 0.0343395 0.0284198 0.0233462 0.019037 0.0154114 0.0123908 0.00990089 0.00787294 0.00624471 0.00496134 0.00397592 0.00324976 0.00275269 0.0024631 
0.00267077 0.00277719 0.00310121 0.00365712 0.00446867 0.00556903 0.00700063 0.00881484 0.0110716 0.0138386 0.0171906 0.0212081 0.0259755 0.0315796 0.0381072 0.0456425 0.0542641 0.0640427 0.0750372 0.0872926 0.100836 0.115677 0.131801 0.149172 0.167731 0.187394 0.208055 0.229587 0.251843 0.27466 0.297862 0.321266 0.344682 0.367917 0.390784 0.413099 0.434689 0.455393 0.47506 0.493559 0.51077 0.526592 0.540937 0.553734 0.564923 0.574458 0.582302 0.588429 0.592818 0.595456 0.596336 0.595456 0.592818 0.588429 0.582302 0.574458 0.564923 0.553734 0.540937 0.526592 0.51077 0.493559 0.47506 0.455393 0.434689 0.413099 0.390784 0.367917 0.344682 0.321266 0.297862 0.27466 0.251843 0.229587 0.208055 0.187394 0.167731 0.149172 0.131801 0.115677 0.100836 0.0872926 0.0750372 0.0640427 0.0542641 0.0456425 0.0381072 0.0315796 0.0259755 0.0212081 0.0171906 0.0138386 0.0110716 0.00881484 0.00700063 0.00556903 0.00446867 0.00365712 0.00310121 0.00277719 
0.00299321 0.00311158 0.00347191 0.00408983 0.00499131 0.0062126 0.00779994 0.00980927 0.0123056 0.0153625 0.0190604 0.023486 0.0287296 0.0348838 0.0420405 0.0502878 0.0597078 0.0703726 0.0823414 0.0956573 0.110344 0.126405 0.143819 0.162539 0.182496 0.203593 0.22571 0.248705 0.272416 0.296667 0.321266 0.346017 0.370717 0.395165 0.419164 0.442524 0.465068 0.486631 0.507066 0.526239 0.544037 0.560363 0.575134 0.588286 0.599766 0.609533 0.617558 0.623818 0.6283 0.630992 0.63189 0.630992 0.6283 0.623818 0.617558 0.609533 0.599766 0.588286 0.575134 0.560363 0.544037 0.526239 0.507066 0.486631 0.465068 0.442524 0.419164 0.395165 0.370717 0.346017 0.321266 0.296667 0.272416 0.248705 0.22571 0.203593 0.182496 0.162539 0.143819 0.126405 0.110344 0.0956573 0.0823414 0.0703726 0.0597078 0.0502878 0.0420405 0.0348838 0.0287296 0.023486 0.0190604 0.0153625 0.0123056 0.00980927 0.00779994 0.0062126 0.00499131 0.00408983 0.00347191 0.00311158 
0.00333358 0.00346445 0.00386274 0.00454546 0.00554085 0.00688826 0.00863785 0.0108502 0.0135955 0.0169528 0.0210087 0.0258558 0.0315903 0.0383103 0.0461123 0.0550886 0.0653236 0.0768906 0.0898484 0.104237 0.120078 0.137365 0.15607 0.176137 0.197482 0.219997 0.243546 0.267974 0.293102 0.31874 0.344682 0.370717 0.396633 0.422219 0.447269 0.471589 0.494999 0.517333 0.538445 0.558205 0.576505 0.593251 0.608372 0.621807 0.633513 0.643457 0.651616 0.657974 0.662521 0.665251 0.666162 0.665251 0.662521 0.657974 0.651616 0.643457 0.633513 0.621807 0.608372 0.593251 0.576505 0.558205 0.538445 0.517333 0.494999 0.471589 0.447269 0.422219 0.396633 0.370717 0.344682 0.31874 0.293102 0.267974 0.243546 0.219997 0.197482 0.176137 0.15607 0.137365 0.120078 0.104237 0.0898484 0.0768906 0.0653236 0.0550886 0.0461123 0.0383103 0.0315903 0.0258558 0.0210087 0.0169528 0.0135955 0.0108502 0.00863785 0.00688826 0.00554085 0.00454546 0.00386274 0.00346445 
0.00368961 0.00383344 0.00427108 0.00502093 0.00611352 0.00759134 0.0095085 0.0119301 0.0149317 0.018598 0.0230212 0.0283 0.0345363 0.0418332 0.0502919 0.060008 0.0710681 0.0835461 0.0974994 0.112966 0.129959 0.148469 0.168457 0.189855 0.212568 0.236473 0.26142 0.287237 0.313732 0.340698 0.367917 0.395165 0.422219 0.448858 0.474871 0.50006 0.524242 0.547254 0.568949 0.589205 0.607917 0.625001 0.640392 0.65404 0.665909 0.675974 0.68422 0.690638 0.695225 0.697977 0.698894 0.697977 0.695225 0.690638 0.68422 0.675974 0.665909 0.65404 0.640392 0.625001 0.607917 0.589205 0.568949 0.547254 0.524242 0.50006 0.474871 0.448858 0.422219 0.395165 0.367917 0.340698 0.313732 0.287237 0.26142 0.236473 0.212568 0.189855 0.168457 0.148469 0.129959 0.112966 0.0974994 0.0835461 0.0710681 0.060008 0.0502919 0.0418332 0.0345363 0.0283 0.0230212 0.018598 0.0149317 0.0119301 0.0095085 0.00759134 0.00611352 0.00502093 0.00427108 0.00383344 
0.00405858 0.00421572 0.00469377 0.00551252 0.00670481 0.00831628 0.010405 0.0130406 0.0163038 0.0202848 0.0250817 0.0307988 0.0375434 0.0454237 0.0545448 0.0650054 0.0768938 0.0902837 0.105231 0.121769 0.139907 0.159625 0.180876 0.20358 0.227628 0.252884 0.279182 0.306335 0.334136 0.362363 0.390784 0.419164 0.447269 0.474871 0.501754 0.527716 0.552574 0.576166 0.59835 0.619009 0.638046 0.655385 0.670969 0.684759 0.696728 0.70686 0.715149 0.721593 0.726192 0.728951 0.72987 0.728951 0.726192 0.721593 0.715149 0.70686 0.696728 0.684759 0.670969 0.655385 0.638046 0.619009 0.59835 0.576166 0.552574 0.527716 0.501754 0.474871 0.447269 0.419164 0.390784 0.362363 0.334136 0.306335 0.279182 0.252884 0.227628 0.20358 0.180876 0.159625 0.139907 0.121769 0.105231 0.0902837 0.0768938 0.0650054 0.0545448 0.0454237 0.0375434 0.0307988 0.0250817 0.0202848 0.0163038 0.0130406 0.010405 0.00831628 0.00670481 0.00551252 0.00469377 0.00421572 
0.00443724 0.00460794 0.00512711 0.00601594 0.00730955 0.00905671 0.0113193 0.0141717 0.0176994 0.0219983 0.0271719 0.0333299 0.0405851 0.04905 0.0588335 0.0700368 0.0827493 0.0970443 0.112975 0.130571 0.149834 0.170736 0.19322 0.217194 0.242535 0.269092 0.296685 0.325111 0.354147 0.383558 0.413099 0.442524 0.471589 0.50006 0.527716 0.554354 0.57979 0.603866 0.626445 0.647417 0.666692 0.684205 0.69991 0.713775 0.725784 0.735933 0.744223 0.750658 0.755248 0.757998 0.758915 0.757998 0.755248 0.750658 0.744223 0.735933 0.725784 0.713775 0.69991 0.684205 0.666692 0.647417 0.626445 0.603866 0.57979 0.554354 0.527716 0.50006 0.471589 0.442524 0.413099 0.383558 0.354147 0.325111 0.296685 0.269092 0.242535 0.217194 0.19322 0.170736 0.149834 0.130571 0.112975 0.0970443 0.0827493 0.0700368 0.0588335 0.04905 0.0405851 0.0333299 0.0271719 0.0219983 0.0176994 0.0141717 0.0113193 0.00905671 0.00730955 0.00601594 0.00512711 0.00460794 
0.00482196 0.00500631 0.00556691 0.00652632 0.0079219 0.0098055 0.0122428 0.0153126 0.0191054 0.0237222 0.0292719 0.0358696 0.0436327 0.0526781 0.0631179 0.0750555 0.0885807 0.103766 0.120661 0.139291 0.159651 0.181704 0.205381 0.230579 0.257161 0.28496 0.313782 0.343409 0.373603 0.404116 0.434689 0.465068 0.494999 0.524242 0.552574 0.57979 0.605709 0.630176 0.65306 0.674258 0.693691 0.711303 0.727058 0.740936 0.752933 0.763051 0.771303 0.7777 0.782258 0.784988 0.785897 0.784988 0.782258 0.7777 0.771303 0.763051 0.752933 0.740936 0.727058 0.711303 0.693691 0.674258 0.65306 0.630176 0.605709 0.57979 0.552574 0.524242 0.494999 0.465068 0.434689 0.404116 0.373603 0.343409 0.313782 0.28496 0.257161 0.230579 0.205381 0.181704 0.159651 0.139291 0.120661 0.103766 0.0885807 0.0750555 0.0631179 0.0526781 0.0436327 0.0358696 0.0292719 0.0237222 0.0191054 0.0153126 0.0122428 0.0098055 0.0079219 0.00652632 0.00556691 0.00500631 
0.00520868 0.00540665 0.00600858 0.00703834 0.00853551 0.0105549 0.013166 0.0164517 0.0205074 0.025439 0.0313607 0.0383923 0.0466559 0.0562721 0.0673561 0.0800126 0.0943318 0.110384 0.128217 0.147849 0.169268 0.192429 0.21725 0.243616 0.271378 0.300353 0.330331 0.361081 0.39235 0.423877 0.455393 0.486631 0.517333 0.547254 0.576166 0.603866 0.630176 0.654944 0.678048 0.699393 0.718909 0.736551 0.752294 0.766131 0.778066 0.788113 0.796293 0.802626 0.807133 0.80983 0.810728 0.80983 0.807133 0.802626 0.796293 0.788113 0.778066 0.766131 0.752294 0.736551 0.718909 0.699393 0.678048 0.654944 0.630176 0.603866 0.576166 0.547254 0.517333 0.486631 0.455393 0.423877 0.39235 0.361081 0.330331 0.300353 0.271378 0.243616 0.21725 0.192429 0.169268 0.147849 0.128217 0.110384 0.0943318 0.0800126 0.0673561 0.0562721 0.0466559 0.0383923 0.0313607 0.025439 0.0205074 0.0164517 0.013166 0.0105549 0.00853551 0.00703834 0.00600858 0.00540665 
0.00559304 0.00580446 0.00644715 0.00754629 0.00914358 0.0112967 0.0140786 0.0175765 0.0218902 0.0271304 0.033416 0.0408716 0.0496233 0.0597952 0.0715048 0.0848583 0.0999454 0.116835 0.13557 0.156164 0.178596 0.202812 0.228721 0.256192 0.285064 0.315141 0.346197 0.377986 0.410244 0.442695 0.47506 0.507066 0.538445 0.568949 0.59835 0.626445 0.65306 0.678048 0.701295 0.722714 0.742247 0.759859 0.775537 0.789284 0.801115 0.811057 0.819136 0.825383 0.829824 0.83248 0.833363 0.83248 0.829824 0.825383 0.819136 0.811057 0.801115 0.789284 0.775537 0.759859 0.742247 0.722714 0.701295 0.678048 0.65306 0.626445 0.59835 0.568949 0.538445 0.507066 0.47506 0.442695 0.410244 0.377986 0.346197 0.315141 0.285064 0.256192 0.228721 0.202812 0.178596 0.156164 0.13557 0.116835 0.0999454 0.0848583 0.0715048 0.0597952 0.0496233 0.0408716 0.033416 0.0271304 0.0218902 0.0175765 0.0140786 0.0112967 0.00914358 0.00754629 0.00644715 0.00580446 
