0.00177911 0.00180152 0.00186893 0.00198193 0.00214151 0.00234898 0.00260602 0.00291457 0.00327684 0.00369524 0.00417229 0.00471063 0.00531285 0.00598152 0.00671901 0.00752749 0.00840881 0.00936439 0.0103952 0.0115016 0.0126835 0.0139397 0.0152686 0.0166678 0.0181336 0.0196619 0.0212475 0.0228842 0.024565 0.0262821 0.0280267 0.0297893 0.0315597 0.0333272 0.0350805 0.0368079 0.0384975 0.0401371 0.0417147 0.0432184 0.0446364 0.0459576 0.0471713 0.0482676 0.0492373 0.0500723 0.0507655 0.051311 0.0517041 0.0519413 0.0520206 0.0519413 0.0517041 0.051311 0.0507655 0.0500723 0.0492373 0.0482676 0.0471713 0.0459576 0.0446364 0.0432184 0.0417147 0.0401371 0.0384975 0.0368079 0.0350805 0.0333272 0.0315597 0.0297893 0.0280267 0.0262821 0.024565 0.0228842 0.0212475 0.0196619 0.0181336 0.0166678 0.0152686 0.0139397 0.0126835 0.0115016 0.0103952 0.00936439 0.00840881 0.00752749 0.00671901 0.00598152 0.00531285 0.00471063 0.00417229 0.00369524 0.00327684 0.00291457 0.00260602 0.00234898 0.00214151 0.00198193 0.00186893 0.00180152 
0.00180152 0.00182418 0.00189237 0.00200667 0.00216808 0.00237793 0.0026379 0.00294995 0.00331632 0.00373942 0.00422181 0.00476612 0.00537499 0.00605098 0.0067965 0.00761371 0.00850447 0.00947023 0.0105119 0.0116299 0.012824 0.0140932 0.0154358 0.0168491 0.0183297 0.0198733 0.0214746 0.0231274 0.0248246 0.0265583 0.0283197 0.0300991 0.0318864 0.0336706 0.0354403 0.0371838 0.038889 0.0405437 0.0421358 0.0436531 0.045084 0.0464171 0.0476418 0.0487479 0.0497263 0.0505687 0.0512681 0.0518185 0.052215 0.0524543 0.0525343 0.0524543 0.052215 0.0518185 0.0512681 0.0505687 0.0497263 0.0487479 0.0476418 0.0464171 0.045084 0.0436531 0.0421358 0.0405437 0.038889 0.0371838 0.0354403 0.0336706 0.0318864 0.0300991 0.0283197 0.0265583 0.0248246 0.0231274 0.0214746 0.0198733 0.0183297 0.0168491 0.0154358 0.0140932 0.012824 0.0116299 0.0105119 0.00947023 0.00850447 0.00761371 0.0067965 0.00605098 0.00537499 0.00476612 0.00422181 0.00373942 0.00331632 0.00294995 0.0026379 0.00237793 0.00216808 0.00200667 0.00189237 0.00182418 
0.00186893 0.00189237 0.00196289 0.00208111 0.00224802 0.00246501 0.00273379 0.00305638 0.00343505 0.00387229 0.0043707 0.00493298 0.00556183 0.00625984 0.00702947 0.00787292 0.00879207 0.00978836 0.0108627 0.0120156 0.0132466 0.0145547 0.015938 0.017394 0.0189189 0.0205084 0.0221568 0.023858 0.0256045 0.0273882 0.0291999 0.0310299 0.0328676 0.0347018 0.0365209 0.0383126 0.0400648 0.0417648 0.0434002 0.0449586 0.0464281 0.0477971 0.0490545 0.0501901 0.0511945 0.0520593 0.0527772 0.053342 0.053749 0.0539946 0.0540767 0.0539946 0.053749 0.053342 0.0527772 0.0520593 0.0511945 0.0501901 0.0490545 0.0477971 0.0464281 0.0449586 0.0434002 0.0417648 0.0400648 0.0383126 0.0365209 0.0347018 0.0328676 0.0310299 0.0291999 0.0273882 0.0256045 0.023858 0.0221568 0.0205084 0.0189189 0.017394 0.015938 0.0145547 0.0132466 0.0120156 0.0108627 0.00978836 0.00879207 0.00787292 0.00702947 0.00625984 0.00556183 0.00493298 0.0043707 0.00387229 0.00343505 0.00305638 0.00273379 0.00246501 0.00224802 0.00208111 0.00196289 0.00189237 
0.00198193 0.00200667 0.00208111 0.00220587 0.002382 0.00261094 0.00289447 0.00323469 0.00363395 0.00409484 0.00462006 0.00521241 0.00587465 0.00660949 0.00741944 0.00830676 0.00927337 0.0103207 0.0114497 0.0126607 0.0139534 0.0153264 0.016778 0.0183052 0.0199041 0.0215701 0.0232974 0.0250793 0.026908 0.0287751 0.0306709 0.0325853 0.0345071 0.0364248 0.038326 0.0401983 0.0420287 0.0438042 0.0455119 0.0471389 0.0486727 0.0501013 0.0514133 0.0525981 0.0536458 0.0545478 0.0552966 0.0558856 0.0563101 0.0565662 0.0566518 0.0565662 0.0563101 0.0558856 0.0552966 0.0545478 0.0536458 0.0525981 0.0514133 0.0501013 0.0486727 0.0471389 0.0455119 0.0438042 0.0420287 0.0401983 0.038326 0.0364248 0.0345071 0.0325853 0.0306709 0.0287751 0.026908 0.0250793 0.0232974 0.0215701 0.0199041 0.0183052 0.016778 0.0153264 0.0139534 0.0126607 0.0114497 0.0103207 0.00927337 0.00830676 0.00741944 0.00660949 0.00587465 0.00521241 0.00462006 0.00409484 0.00363395 0.00323469 0.00289447 0.00261094 0.002382 0.00220587 0.00208111 0.00200667 
0.00214151 0.00216808 0.00224802 0.002382 0.00257112 0.0028169 0.0031212 0.00348624 0.0039145 0.00440869 0.00497166 0.00560631 0.00631556 0.00710221 0.00796888 0.00891791 0.00995125 0.0110704 0.0122762 0.013569 0.0149482 0.0164126 0.0179599 0.0195871 0.02129 0.0230634 0.0249013 0.0267964 0.0287405 0.0307245 0.0327383 0.034771 0.0368107 0.0388453 0.0408618 0.0428469 0.0447869 0.0466682 0.0484771 0.0502001 0.051824 0.0533362 0.0547246 0.0559782 0.0570866 0.0580407 0.0588325 0.0594555 0.0599043 0.0601751 0.0602656 0.0601751 0.0599043 0.0594555 0.0588325 0.0580407 0.0570866 0.0559782 0.0547246 0.0533362 0.051824 0.0502001 0.0484771 0.0466682 0.0447869 0.0428469 0.0408618 0.0388453 0.0368107 0.034771 0.0327383 0.0307245 0.0287405 0.0267964 0.0249013 0.0230634 0.02129 0.0195871 0.0179599 0.0164126 0.0149482 0.013569 0.0122762 0.0110704 0.00995125 0.00891791 0.00796888 0.00710221 0.00631556 0.00560631 0.00497166 0.00440869 0.0039145 0.00348624 0.0031212 0.0028169 0.00257112 0.002382 0.00224802 0.00216808 
0.00234898 0.00237793 0.00246501 0.00261094 0.0028169 0.00308448 0.0034157 0.00381291 0.00427874 0.00481606 0.00542789 0.00611732 0.00688741 0.00774112 0.00868118 0.00971002 0.0108297 0.0120416 0.0133467 0.0147451 0.0162362 0.0178185 0.0194895 0.0212457 0.0230827 0.0249948 0.0269753 0.0290164 0.0311093 0.033244 0.0354097 0.0375947 0.0397864 0.0419715 0.0441363 0.0462666 0.0483477 0.0503651 0.0523042 0.0541506 0.0558903 0.0575098 0.0589965 0.0603385 0.0615248 0.0625459 0.0633932 0.0640597 0.0645398 0.0648295 0.0649263 0.0648295 0.0645398 0.0640597 0.0633932 0.0625459 0.0615248 0.0603385 0.0589965 0.0575098 0.0558903 0.0541506 0.0523042 0.0503651 0.0483477 0.0462666 0.0441363 0.0419715 0.0397864 0.0375947 0.0354097 0.033244 0.0311093 0.0290164 0.0269753 0.0249948 0.0230827 0.0212457 0.0194895 0.0178185 0.0162362 0.0147451 0.0133467 0.0120416 0.0108297 0.00971002 0.00868118 0.00774112 0.00688741 0.00611732 0.00542789 0.00481606 0.00427874 0.00381291 0.0034157 0.00308448 0.0028169 0.00261094 0.00246501 0.00237793 
0.00260602 0.0026379 0.00273379 0.00289447 0.0031212 0.0034157 0.00378013 0.00421701 0.00472917 0.00531968 0.00599176 0.0067487 0.00759376 0.00853006 0.0095605 0.0106876 0.0119134 0.0132395 0.0146667 0.016195 0.0178236 0.0195508 0.0213737 0.0232884 0.02529 0.0273722 0.0295276 0.0317478 0.034023 0.0363424 0.0386943 0.0410659 0.0434436 0.045813 0.0481593 0.0504671 0.0527207 0.0549045 0.0570028 0.059 0.0608812 0.062632 0.0642388 0.0656887 0.0669702 0.068073 0.0689879 0.0697076 0.0702259 0.0705387 0.0706432 0.0705387 0.0702259 0.0697076 0.0689879 0.068073 0.0669702 0.0656887 0.0642388 0.062632 0.0608812 0.059 0.0570028 0.0549045 0.0527207 0.0504671 0.0481593 0.045813 0.0434436 0.0410659 0.0386943 0.0363424 0.034023 0.0317478 0.0295276 0.0273722 0.02529 0.0232884 0.0213737 0.0195508 0.0178236 0.016195 0.0146667 0.0132395 0.0119134 0.0106876 0.0095605 0.00853006 0.00759376 0.0067487 0.00599176 0.00531968 0.00472917 0.00421701 0.00378013 0.0034157 0.0031212 0.00289447 0.00273379 0.0026379 
0.00291457 0.00294995 0.00305638 0.00323469 0.00348624 0.00381291 0.00421701 0.00470128 0.00526876 0.00592277 0.00666675 0.00750424 0.00843872 0.00947351 0.0106117 0.0118558 0.0132082 0.0146702 0.0162427 0.0179255 0.0197177 0.0216171 0.0236205 0.0257235 0.0279206 0.0302047 0.0325677 0.0350002 0.0374916 0.04003 0.0426024 0.045195 0.0477928 0.0503804 0.0529414 0.0554592 0.0579169 0.0602974 0.0625837 0.0647591 0.0668075 0.0687133 0.0704617 0.0720391 0.073433 0.0746322 0.075627 0.0764093 0.0769728 0.0773127 0.0774263 0.0773127 0.0769728 0.0764093 0.075627 0.0746322 0.073433 0.0720391 0.0704617 0.0687133 0.0668075 0.0647591 0.0625837 0.0602974 0.0579169 0.0554592 0.0529414 0.0503804 0.0477928 0.045195 0.0426024 0.04003 0.0374916 0.0350002 0.0325677 0.0302047 0.0279206 0.0257235 0.0236205 0.0216171 0.0197177 0.0179255 0.0162427 0.0146702 0.0132082 0.0118558 0.0106117 0.00947351 0.00843872 0.00750424 0.00666675 0.00592277 0.00526876 0.00470128 0.00421701 0.00381291 0.00348624 0.00323469 0.00305638 0.00294995 
0.00327684 0.00331632 0.00343505 0.00363395 0.0039145 0.00427874 0.00472917 0.00526876 0.00590082 0.00662891 0.00745677 0.00838818 0.0094269 0.0105764 0.0118401 0.0132206 0.0147201 0.0163403 0.0180817 0.0199442 0.0219264 0.0240258 0.0262387 0.0285602 0.0309839 0.0335021 0.0361056 0.0387841 0.0415257 0.0443174 0.047145 0.0499931 0.0528454 0.0556849 0.0584939 0.0612542 0.0639473 0.0665547 0.0690579 0.0714388 0.0736799 0.0757642 0.0776758 0.0794001 0.0809233 0.0822335 0.0833203 0.0841748 0.0847901 0.0851614 0.0852855 0.0851614 0.0847901 0.0841748 0.0833203 0.0822335 0.0809233 0.0794001 0.0776758 0.0757642 0.0736799 0.0714388 0.0690579 0.0665547 0.0639473 0.0612542 0.0584939 0.0556849 0.0528454 0.0499931 0.047145 0.0443174 0.0415257 0.0387841 0.0361056 0.0335021 0.0309839 0.0285602 0.0262387 0.0240258 0.0219264 0.0199442 0.0180817 0.0163403 0.0147201 0.0132206 0.0118401 0.0105764 0.0094269 0.00838818 0.00745677 0.00662891 0.00590082 0.00526876 0.00472917 0.00427874 0.0039145 0.00363395 0.00343505 0.00331632 
0.00369524 0.00373942 0.00387229 0.00409484 0.00440869 0.00481606 0.00531968 0.00592277 0.00662891 0.00744197 0.008366 0.00940507 0.0105632 0.0118442 0.0132514 0.0147879 0.0164558 0.0182568 0.0201913 0.0222589 0.0244579 0.0267855 0.0292374 0.0318079 0.0344898 0.0372745 0.0401518 0.0431101 0.0461362 0.0492158 0.0523331 0.0554713 0.0586124 0.0617377 0.0648279 0.067863 0.0708229 0.0736872 0.0764359 0.0790494 0.0815084 0.0837946 0.0858909 0.0877811 0.0894505 0.0908862 0.0920768 0.0930129 0.0936869 0.0940935 0.0942294 0.0940935 0.0936869 0.0930129 0.0920768 0.0908862 0.0894505 0.0877811 0.0858909 0.0837946 0.0815084 0.0790494 0.0764359 0.0736872 0.0708229 0.067863 0.0648279 0.0617377 0.0586124 0.0554713 0.0523331 0.0492158 0.0461362 0.0431101 0.0401518 0.0372745 0.0344898 0.0318079 0.0292374 0.0267855 0.0244579 0.0222589 0.0201913 0.0182568 0.0164558 0.0147879 0.0132514 0.0118442 0.0105632 0.00940507 0.008366 0.00744197 0.00662891 0.00592277 0.00531968 0.00481606 0.00440869 0.00409484 0.00387229 0.00373942 
0.00417229 0.00422181 0.0043707 0.00462006 0.00497166 0.00542789 0.00599176 0.00666675 0.00745677 0.008366 0.00939882 0.0105596 0.0118527 0.0132822 0.0148517 0.0165642 0.0184221 0.0204268 0.0225789 0.0248776 0.0273208 0.0299051 0.0326257 0.035476 0.038448 0.0415319 0.0447164 0.0479884 0.0513334 0.0547355 0.0581773 0.0616401 0.0651042 0.0685491 0.0719535 0.0752955 0.0785532 0.0817043 0.0847269 0.0875996 0.0903016 0.0928129 0.0951148 0.0971898 0.0990221 0.100597 0.101904 0.10293 0.10367 0.104116 0.104265 0.104116 0.10367 0.10293 0.101904 0.100597 0.0990221 0.0971898 0.0951148 0.0928129 0.0903016 0.0875996 0.0847269 0.0817043 0.0785532 0.0752955 0.0719535 0.0685491 0.0651042 0.0616401 0.0581773 0.0547355 0.0513334 0.0479884 0.0447164 0.0415319 0.038448 0.035476 0.0326257 0.0299051 0.0273208 0.0248776 0.0225789 0.0204268 0.0184221 0.0165642 0.0148517 0.0132822 0.0118527 0.0105596 0.00939882 0.008366 0.00745677 0.00666675 0.00599176 0.00542789 0.00497166 0.00462006 0.0043707 0.00422181 
0.00471063 0.00476612 0.00493298 0.00521241 0.00560631 0.00611732 0.0067487 0.00750424 0.00838818 0.00940507 0.0105596 0.0118566 0.0133006 0.014896 0.0166466 0.0185557 0.0206255 0.0228576 0.0252521 0.0278081 0.0305231 0.0333931 0.0364124 0.0395736 0.0428677 0.0462837 0.0498088 0.0534286 0.057127 0.0608861 0.0646869 0.0685087 0.0723299 0.0761278 0.0798791 0.0835599 0.087146 0.0906132 0.0939377 0.0970961 0.100066 0.102825 0.105353 0.107631 0.109643 0.111371 0.112805 0.113931 0.114742 0.115231 0.115395 0.115231 0.114742 0.113931 0.112805 0.111371 0.109643 0.107631 0.105353 0.102825 0.100066 0.0970961 0.0939377 0.0906132 0.087146 0.0835599 0.0798791 0.0761278 0.0723299 0.0685087 0.0646869 0.0608861 0.057127 0.0534286 0.0498088 0.0462837 0.0428677 0.0395736 0.0364124 0.0333931 0.0305231 0.0278081 0.0252521 0.0228576 0.0206255 0.0185557 0.0166466 0.014896 0.0133006 0.0118566 0.0105596 0.00940507 0.00838818 0.00750424 0.0067487 0.00611732 0.00560631 0.00521241 0.00493298 0.00476612 
0.00531285 0.00537499 0.00556183 0.00587465 0.00631556 0.00688741 0.00759376 0.00843872 0.0094269 0.0105632 0.0118527 0.0133006 0.0149118 0.0166909 0.018642 0.0207683 0.0230724 0.0255555 0.0282178 0.0310577 0.0340723 0.0372571 0.0406053 0.0441087 0.0477571 0.051538 0.0554372 0.0594388 0.0635247 0.0676753 0.0718694 0.0760843 0.0802962 0.0844802 0.0886106 0.0926615 0.0966062 0.100419 0.104072 0.107542 0.110803 0.113832 0.116607 0.119106 0.121313 0.123209 0.12478 0.126015 0.126904 0.12744 0.127619 0.12744 0.126904 0.126015 0.12478 0.123209 0.121313 0.119106 0.116607 0.113832 0.110803 0.107542 0.104072 0.100419 0.0966062 0.0926615 0.0886106 0.0844802 0.0802962 0.0760843 0.0718694 0.0676753 0.0635247 0.0594388 0.0554372 0.051538 0.0477571 0.0441087 0.0406053 0.0372571 0.0340723 0.0310577 0.0282178 0.0255555 0.0230724 0.0207683 0.018642 0.0166909 0.0149118 0.0133006 0.0118527 0.0105632 0.0094269 0.00843872 0.00759376 0.00688741 0.00631556 0.00587465 0.00556183 0.00537499 
0.00598152 0.00605098 0.00625984 0.00660949 0.00710221 0.00774112 0.00853006 0.00947351 0.0105764 0.0118442 0.0132822 0.014896 0.0166909 0.0186718 0.0208429 0.0232076 0.0257685 0.0285268 0.0314821 0.0346327 0.037975 0.0415037 0.0452112 0.049088 0.0531226 0.0573013 0.0616081 0.0660251 0.0705325 0.0751085 0.0797298 0.0843714 0.0890071 0.0936096 0.0981509 0.102602 0.106935 0.111121 0.11513 0.118937 0.122513 0.125833 0.128874 0.131612 0.134028 0.136105 0.137825 0.139177 0.14015 0.140737 0.140933 0.140737 0.14015 0.139177 0.137825 0.136105 0.134028 0.131612 0.128874 0.125833 0.122513 0.118937 0.11513 0.111121 0.106935 0.102602 0.0981509 0.0936096 0.0890071 0.0843714 0.0797298 0.0751085 0.0705325 0.0660251 0.0616081 0.0573013 0.0531226 0.049088 0.0452112 0.0415037 0.037975 0.0346327 0.0314821 0.0285268 0.0257685 0.0232076 0.0208429 0.0186718 0.0166909 0.014896 0.0132822 0.0118442 0.0105764 0.00947351 0.00853006 0.00774112 0.00710221 0.00660949 0.00625984 0.00605098 
0.00671901 0.0067965 0.00702947 0.00741944 0.00796888 0.00868118 0.0095605 0.0106117 0.0118401 0.0132514 0.0148517 0.0166466 0.018642 0.0208429 0.0232538 0.0258783 0.0287187 0.0317762 0.0350501 0.0385382 0.0422363 0.046138 0.0502349 0.0545163 0.0589691 0.0635779 0.0683252 0.073191 0.0781533 0.0831882 0.0882699 0.0933711 0.0984629 0.103516 0.108498 0.11338 0.11813 0.122716 0.127107 0.131274 0.135188 0.13882 0.142145 0.145139 0.14778 0.150049 0.151929 0.153406 0.154469 0.155109 0.155324 0.155109 0.154469 0.153406 0.151929 0.150049 0.14778 0.145139 0.142145 0.13882 0.135188 0.131274 0.127107 0.122716 0.11813 0.11338 0.108498 0.103516 0.0984629 0.0933711 0.0882699 0.0831882 0.0781533 0.073191 0.0683252 0.0635779 0.0589691 0.0545163 0.0502349 0.046138 0.0422363 0.0385382 0.0350501 0.0317762 0.0287187 0.0258783 0.0232538 0.0208429 0.018642 0.0166466 0.0148517 0.0132514 0.0118401 0.0106117 0.0095605 0.00868118 0.00796888 0.00741944 0.00702947 0.0067965 
0.00752749 0.00761371 0.00787292 0.00830676 0.00891791 0.00971002 0.0106876 0.0118558 0.0132206 0.0147879 0.0165642 0.0185557 0.0207683 0.0232076 0.0258783 0.0287838 0.0319266 0.0353074 0.0389255 0.0427778 0.0468595 0.0511633 0.0556795 0.0603961 0.0652985 0.0703695 0.0755896 0.0809368 0.0863868 0.0919132 0.0974877 0.10308 0.10866 0.114193 0.119647 0.124988 0.130182 0.135194 0.139992 0.144543 0.148815 0.152779 0.156406 0.159672 0.162552 0.165025 0.167074 0.168683 0.169841 0.17054 0.170773 0.17054 0.169841 0.168683 0.167074 0.165025 0.162552 0.159672 0.156406 0.152779 0.148815 0.144543 0.139992 0.135194 0.130182 0.124988 0.119647 0.114193 0.10866 0.10308 0.0974877 0.0919132 0.0863868 0.0809368 0.0755896 0.0703695 0.0652985 0.0603961 0.0556795 0.0511633 0.0468595 0.0427778 0.0389255 0.0353074 0.0319266 0.0287838 0.0258783 0.0232076 0.0207683 0.0185557 0.0165642 0.0147879 0.0132206 0.0118558 0.0106876 0.00971002 0.00891791 0.00830676 0.00787292 0.00761371 
0.00840881 0.00850447 0.00879207 0.00927337 0.00995125 0.0108297 0.0119134 0.0132082 0.0147201 0.0164558 0.0184221 0.0206255 0.0230724 0.0257685 0.0287187 0.0319266 0.0353944 0.0391226 0.0431101 0.0473531 0.0518459 0.0565803 0.0615453 0.0667273 0.0721101 0.0776746 0.0833991 0.0892593 0.0952287 0.101278 0.107377 0.113492 0.119589 0.125632 0.131586 0.137413 0.143077 0.148541 0.153768 0.158724 0.163376 0.167689 0.171636 0.175188 0.178319 0.181008 0.183235 0.184984 0.186242 0.187001 0.187255 0.187001 0.186242 0.184984 0.183235 0.181008 0.178319 0.175188 0.171636 0.167689 0.163376 0.158724 0.153768 0.148541 0.143077 0.137413 0.131586 0.125632 0.119589 0.113492 0.107377 0.101278 0.0952287 0.0892593 0.0833991 0.0776746 0.0721101 0.0667273 0.0615453 0.0565803 0.0518459 0.0473531 0.0431101 0.0391226 0.0353944 0.0319266 0.0287187 0.0257685 0.0230724 0.0206255 0.0184221 0.0164558 0.0147201 0.0132082 0.0119134 0.0108297 0.00995125 0.00927337 0.00879207 0.00850447 
0.00936439 0.00947023 0.00978836 0.0103207 0.0110704 0.0120416 0.0132395 0.0146702 0.0163403 0.0182568 0.0204268 0.0228576 0.0255555 0.0285268 0.0317762 0.0353074 0.0391226 0.043222 0.0476037 0.0522634 0.0571944 0.0623873 0.0678297 0.0735066 0.0793996 0.0854878 0.0917472 0.0981512 0.10467 0.111273 0.117926 0.124592 0.131235 0.137817 0.144297 0.150636 0.156795 0.162733 0.168412 0.173794 0.178843 0.183524 0.187805 0.191656 0.195051 0.197966 0.200379 0.202274 0.203638 0.20446 0.204734 0.20446 0.203638 0.202274 0.200379 0.197966 0.195051 0.191656 0.187805 0.183524 0.178843 0.173794 0.168412 0.162733 0.156795 0.150636 0.144297 0.137817 0.131235 0.124592 0.117926 0.111273 0.10467 0.0981512 0.0917472 0.0854878 0.0793996 0.0735066 0.0678297 0.0623873 0.0571944 0.0522634 0.0476037 0.043222 0.0391226 0.0353074 0.0317762 0.0285268 0.0255555 0.0228576 0.0204268 0.0182568 0.0163403 0.0146702 0.0132395 0.0120416 0.0110704 0.0103207 0.00978836 0.00947023 
0.0103952 0.0105119 0.0108627 0.0114497 0.0122762 0.0133467 0.0146667 0.0162427 0.0180817 0.0201913 0.0225789 0.0252521 0.0282178 0.0314821 0.0350501 0.0389255 0.0431101 0.0476037 0.0524039 0.0575056 0.062901 0.0685795 0.0745271 0.080727 0.0871591 0.0938001 0.100624 0.1076 0.114698 0.121883 0.129118 0.136363 0.14358 0.150725 0.157757 0.164632 0.171308 0.177742 0.183892 0.189719 0.195182 0.200246 0.204875 0.209039 0.212708 0.215858 0.218465 0.220512 0.221984 0.222872 0.223169 0.222872 0.221984 0.220512 0.218465 0.215858 0.212708 0.209039 0.204875 0.200246 0.195182 0.189719 0.183892 0.177742 0.171308 0.164632 0.157757 0.150725 0.14358 0.136363 0.129118 0.121883 0.114698 0.1076 0.100624 0.0938001 0.0871591 0.080727 0.0745271 0.0685795 0.062901 0.0575056 0.0524039 0.0476037 0.0431101 0.0389255 0.0350501 0.0314821 0.0282178 0.0252521 0.0225789 0.0201913 0.0180817 0.0162427 0.0146667 0.0133467 0.0122762 0.0114497 0.0108627 0.0105119 
0.0115016 0.0116299 0.0120156 0.0126607 0.013569 0.0147451 0.016195 0.0179255 0.0199442 0.0222589 0.0248776 0.0278081 0.0310577 0.0346327 0.0385382 0.0427778 0.0473531 0.0522634 0.0575056 0.0630737 0.0689588 0.0751488 0.0816282 0.0883782 0.0953766 0.102598 0.110013 0.11759 0.125294 0.133088 0.14093 0.148781 0.156595 0.164328 0.171934 0.179367 0.186581 0.19353 0.20017 0.206457 0.212351 0.217811 0.222802 0.227289 0.231242 0.234634 0.237441 0.239645 0.241231 0.242186 0.242506 0.242186 0.241231 0.239645 0.237441 0.234634 0.231242 0.227289 0.222802 0.217811 0.212351 0.206457 0.20017 0.19353 0.186581 0.179367 0.171934 0.164328 0.156595 0.148781 0.14093 0.133088 0.125294 0.11759 0.110013 0.102598 0.0953766 0.0883782 0.0816282 0.0751488 0.0689588 0.0630737 0.0575056 0.0522634 0.0473531 0.0427778 0.0385382 0.0346327 0.0310577 0.0278081 0.0248776 0.0222589 0.0199442 0.0179255 0.016195 0.0147451 0.013569 0.0126607 0.0120156 0.0116299 
0.0126835 0.012824 0.0132466 0.0139534 0.0149482 0.0162362 0.0178236 0.0197177 0.0219264 0.0244579 0.0273208 0.0305231 0.0340723 0.037975 0.0422363 0.0468595 0.0518459 0.0571944 0.062901 0.0689588 0.0753575 0.0820836 0.0891199 0.0964454 0.104036 0.111863 0.119895 0.128098 0.136433 0.14486 0.153335 0.161814 0.170248 0.17859 0.186791 0.194801 0.202572 0.210053 0.217198 0.223961 0.230298 0.236167 0.241529 0.246349 0.250594 0.254236 0.257249 0.259615 0.261316 0.262341 0.262684 0.262341 0.261316 0.259615 0.257249 0.254236 0.250594 0.246349 0.241529 0.236167 0.230298 0.223961 0.217198 0.210053 0.202572 0.194801 0.186791 0.17859 0.170248 0.161814 0.153335 0.14486 0.136433 0.128098 0.119895 0.111863 0.104036 0.0964454 0.0891199 0.0820836 0.0753575 0.0689588 0.062901 0.0571944 0.0518459 0.0468595 0.0422363 0.037975 0.0340723 0.0305231 0.0273208 0.0244579 0.0219264 0.0197177 0.0178236 0.0162362 0.0149482 0.0139534 0.0132466 0.012824 
0.0139397 0.0140932 0.0145547 0.0153264 0.0164126 0.0178185 0.0195508 0.0216171 0.0240258 0.0267855 0.0299051 0.0333931 0.0372571 0.0415037 0.046138 0.0511633 0.0565803 0.0623873 0.0685795 0.0751488 0.0820836 0.0893688 0.0969852 0.10491 0.113116 0.121573 0.130246 0.139097 0.148086 0.157169 0.166298 0.175425 0.1845 0.19347 0.202284 0.210888 0.21923 0.227259 0.234923 0.242174 0.248965 0.255253 0.260995 0.266155 0.270699 0.274596 0.27782 0.28035 0.28217 0.283267 0.283633 0.283267 0.28217 0.28035 0.27782 0.274596 0.270699 0.266155 0.260995 0.255253 0.248965 0.242174 0.234923 0.227259 0.21923 0.210888 0.202284 0.19347 0.1845 0.175425 0.166298 0.157169 0.148086 0.139097 0.130246 0.121573 0.113116 0.10491 0.0969852 0.0893688 0.0820836 0.0751488 0.0685795 0.0623873 0.0565803 0.0511633 0.046138 0.0415037 0.0372571 0.0333931 0.0299051 0.0267855 0.0240258 0.0216171 0.0195508 0.0178185 0.0164126 0.0153264 0.0145547 0.0140932 
0.0152686 0.0154358 0.015938 0.016778 0.0179599 0.0194895 0.0213737 0.0236205 0.0262387 0.0292374 0.0326257 0.0364124 0.0406053 0.0452112 0.0502349 0.0556795 0.0615453 0.0678297 0.0745271 0.0816282 0.0891199 0.0969852 0.105203 0.113748 0.122591 0.131699 0.141034 0.150555 0.160218 0.169975 0.179777 0.189571 0.199303 0.208918 0.218359 0.227572 0.236499 0.245087 0.253281 0.261029 0.268284 0.274998 0.281128 0.286635 0.291482 0.295638 0.299076 0.301774 0.303714 0.304883 0.305273 0.304883 0.303714 0.301774 0.299076 0.295638 0.291482 0.286635 0.281128 0.274998 0.268284 0.261029 0.253281 0.245087 0.236499 0.227572 0.218359 0.208918 0.199303 0.189571 0.179777 0.169975 0.160218 0.150555 0.141034 0.131699 0.122591 0.113748 0.105203 0.0969852 0.0891199 0.0816282 0.0745271 0.0678297 0.0615453 0.0556795 0.0502349 0.0452112 0.0406053 0.0364124 0.0326257 0.0292374 0.0262387 0.0236205 0.0213737 0.0194895 0.0179599 0.016778 0.015938 0.0154358 
0.0166678 0.0168491 0.017394 0.0183052 0.0195871 0.0212457 0.0232884 0.0257235 0.0285602 0.0318079 0.035476 0.0395736 0.0441087 0.049088 0.0545163 0.0603961 0.0667273 0.0735066 0.080727 0.0883782 0.0964454 0.10491 0.113748 0.122933 0.132432 0.142209 0.152224 0.162432 0.172786 0.183235 0.193726 0.204201 0.214605 0.224877 0.234959 0.244791 0.254314 0.263469 0.272201 0.280456 0.28818 0.295326 0.301848 0.307705 0.31286 0.317278 0.320933 0.3238 0.325861 0.327103 0.327518 0.327103 0.325861 0.3238 0.320933 0.317278 0.31286 0.307705 0.301848 0.295326 0.28818 0.280456 0.272201 0.263469 0.254314 0.244791 0.234959 0.224877 0.214605 0.204201 0.193726 0.183235 0.172786 0.162432 0.152224 0.142209 0.132432 0.122933 0.113748 0.10491 0.0964454 0.0883782 0.080727 0.0735066 0.0667273 0.0603961 0.0545163 0.049088 0.0441087 0.0395736 0.035476 0.0318079 0.0285602 0.0257235 0.0232884 0.0212457 0.0195871 0.0183052 0.017394 0.0168491 
0.0181336 0.0183297 0.0189189 0.0199041 0.02129 0.0230827 0.02529 0.0279206 0.0309839 0.0344898 0.038448 0.0428677 0.0477571 0.0531226 0.0589691 0.0652985 0.0721101 0.0793996 0.0871591 0.0953766 0.104036 0.113116 0.122591 0.132432 0.142603 0.153066 0.163776 0.174686 0.185746 0.1969 0.208091 0.21926 0.230346 0.241286 0.252017 0.262477 0.272602 0.282332 0.291608 0.300372 0.30857 0.316152 0.323069 0.329279 0.334742 0.339424 0.343296 0.346333 0.348516 0.349831 0.350271 0.349831 0.348516 0.346333 0.343296 0.339424 0.334742 0.329279 0.323069 0.316152 0.30857 0.300372 0.291608 0.282332 0.272602 0.262477 0.252017 0.241286 0.230346 0.21926 0.208091 0.1969 0.185746 0.174686 0.163776 0.153066 0.142603 0.132432 0.122591 0.113116 0.104036 0.0953766 0.0871591 0.0793996 0.0721101 0.0652985 0.0589691 0.0531226 0.0477571 0.0428677 0.038448 0.0344898 0.0309839 0.0279206 0.02529 0.0230827 0.02129 0.0199041 0.0189189 0.0183297 
0.0196619 0.0198733 0.0205084 0.0215701 0.0230634 0.0249948 0.0273722 0.0302047 0.0335021 0.0372745 0.0415319 0.0462837 0.051538 0.0573013 0.0635779 0.0703695 0.0776746 0.0854878 0.0938001 0.102598 0.111863 0.121573 0.131699 0.142209 0.153066 0.164226 0.175644 0.187268 0.199044 0.210913 0.222815 0.234686 0.246462 0.258076 0.269462 0.280554 0.291286 0.301594 0.311416 0.320692 0.329366 0.337384 0.344697 0.35126 0.357032 0.361977 0.366066 0.369273 0.371578 0.372966 0.37343 0.372966 0.371578 0.369273 0.366066 0.361977 0.357032 0.35126 0.344697 0.337384 0.329366 0.320692 0.311416 0.301594 0.291286 0.280554 0.269462 0.258076 0.246462 0.234686 0.222815 0.210913 0.199044 0.187268 0.175644 0.164226 0.153066 0.142209 0.131699 0.121573 0.111863 0.102598 0.0938001 0.0854878 0.0776746 0.0703695 0.0635779 0.0573013 0.051538 0.0462837 0.0415319 0.0372745 0.0335021 0.0302047 0.0273722 0.0249948 0.0230634 0.0215701 0.0205084 0.0198733 
0.0212475 0.0214746 0.0221568 0.0232974 0.0249013 0.0269753 0.0295276 0.0325677 0.0361056 0.0401518 0.0447164 0.0498088 0.0554372 0.0616081 0.0683252 0.0755896 0.0833991 0.0917472 0.100624 0.110013 0.119895 0.130246 0.141034 0.152224 0.163776 0.175644 0.187778 0.200124 0.212624 0.225214 0.237832 0.25041 0.26288 0.275172 0.287215 0.298941 0.310281 0.321168 0.331536 0.341323 0.350471 0.358925 0.366632 0.373546 0.379625 0.384833 0.389137 0.392513 0.394938 0.396399 0.396888 0.396399 0.394938 0.392513 0.389137 0.384833 0.379625 0.373546 0.366632 0.358925 0.350471 0.341323 0.331536 0.321168 0.310281 0.298941 0.287215 0.275172 0.26288 0.25041 0.237832 0.225214 0.212624 0.200124 0.187778 0.175644 0.163776 0.152224 0.141034 0.130246 0.119895 0.110013 0.100624 0.0917472 0.0833991 0.0755896 0.0683252 0.0616081 0.0554372 0.0498088 0.0447164 0.0401518 0.0361056 0.0325677 0.0295276 0.0269753 0.0249013 0.0232974 0.0221568 0.0214746 
0.0228842 0.0231274 0.023858 0.0250793 0.0267964 0.0290164 0.0317478 0.0350002 0.0387841 0.0431101 0.0479884 0.0534286 0.0594388 0.0660251 0.073191 0.0809368 0.0892593 0.0981512 0.1076 0.11759 0.128098 0.139097 0.150555 0.162432 0.174686 0.187268 0.200124 0.213197 0.226423 0.239739 0.253075 0.266362 0.279526 0.292495 0.305195 0.317553 0.329499 0.340961 0.351872 0.362168 0.371786 0.380671 0.388768 0.39603 0.402414 0.407881 0.412398 0.41594 0.418485 0.420018 0.42053 0.420018 0.418485 0.41594 0.412398 0.407881 0.402414 0.39603 0.388768 0.380671 0.371786 0.362168 0.351872 0.340961 0.329499 0.317553 0.305195 0.292495 0.279526 0.266362 0.253075 0.239739 0.226423 0.213197 0.200124 0.187268 0.174686 0.162432 0.150555 0.139097 0.128098 0.11759 0.1076 0.0981512 0.0892593 0.0809368 0.073191 0.0660251 0.0594388 0.0534286 0.0479884 0.0431101 0.0387841 0.0350002 0.0317478 0.0290164 0.0267964 0.0250793 0.023858 0.0231274 
0.024565 0.0248246 0.0256045 0.026908 0.0287405 0.0311093 0.034023 0.0374916 0.0415257 0.0461362 0.0513334 0.057127 0.0635247 0.0705325 0.0781533 0.0863868 0.0952287 0.10467 0.114698 0.125294 0.136433 0.148086 0.160218 0.172786 0.185746 0.199044 0.212624 0.226423 0.240378 0.254418 0.268471 0.282463 0.296319 0.309961 0.323314 0.3363 0.348845 0.360877 0.372326 0.383123 0.393206 0.402516 0.410999 0.418603 0.425286 0.431007 0.435734 0.43944 0.442102 0.443705 0.444241 0.443705 0.442102 0.43944 0.435734 0.431007 0.425286 0.418603 0.410999 0.402516 0.393206 0.383123 0.372326 0.360877 0.348845 0.3363 0.323314 0.309961 0.296319 0.282463 0.268471 0.254418 0.240378 0.226423 0.212624 0.199044 0.185746 0.172786 0.160218 0.148086 0.136433 0.125294 0.114698 0.10467 0.0952287 0.0863868 0.0781533 0.0705325 0.0635247 0.057127 0.0513334 0.0461362 0.0415257 0.0374916 0.034023 0.0311093 0.0287405 0.026908 0.0256045 0.0248246 
0.0262821 0.0265583 0.0273882 0.0287751 0.0307245 0.033244 0.0363424 0.04003 0.0443174 0.0492158 0.0547355 0.0608861 0.0676753 0.0751085 0.0831882 0.0919132 0.101278 0.111273 0.121883 0.133088 0.14486 0.157169 0.169975 0.183235 0.1969 0.210913 0.225214 0.239739 0.254418 0.269177 0.283942 0.298635 0.313175 0.327484 0.341481 0.355087 0.368224 0.380817 0.392794 0.404084 0.414624 0.424351 0.43321 0.44115 0.448125 0.454096 0.459028 0.462893 0.46567 0.467342 0.4679 0.467342 0.46567 0.462893 0.459028 0.454096 0.448125 0.44115 0.43321 0.424351 0.414624 0.404084 0.392794 0.380817 0.368224 0.355087 0.341481 0.327484 0.313175 0.298635 0.283942 0.269177 0.254418 0.239739 0.225214 0.210913 0.1969 0.183235 0.169975 0.157169 0.14486 0.133088 0.121883 0.111273 0.101278 0.0919132 0.0831882 0.0751085 0.0676753 0.0608861 0.0547355 0.0492158 0.0443174 0.04003 0.0363424 0.033244 0.0307245 0.0287751 0.0273882 0.0265583 
0.0280267 0.0283197 0.0291999 0.0306709 0.0327383 0.0354097 0.0386943 0.0426024 0.047145 0.0523331 0.0581773 0.0646869 0.0718694 0.0797298 0.0882699 0.0974877 0.107377 0.117926 0.129118 0.14093 0.153335 0.166298 0.179777 0.193726 0.208091 0.222815 0.237832 0.253075 0.268471 0.283942 0.29941 0.314794 0.330009 0.344974 0.359604 0.373818 0.387536 0.400679 0.413172 0.424945 0.435929 0.446064 0.45529 0.463557 0.470816 0.477029 0.48216 0.48618 0.489068 0.490807 0.491388 0.490807 0.489068 0.48618 0.48216 0.477029 0.470816 0.463557 0.45529 0.446064 0.435929 0.424945 0.413172 0.400679 0.387536 0.373818 0.359604 0.344974 0.330009 0.314794 0.29941 0.283942 0.268471 0.253075 0.237832 0.222815 0.208091 0.193726 0.179777 0.166298 0.153335 0.14093 0.129118 0.117926 0.107377 0.0974877 0.0882699 0.0797298 0.0718694 0.0646869 0.0581773 0.0523331 0.047145 0.0426024 0.0386943 0.0354097 0.0327383 0.0306709 0.0291999 0.0283197 
0.0297893 0.0300991 0.0310299 0.0325853 0.034771 0.0375947 0.0410659 0.045195 0.0499931 0.0554713 0.0616401 0.0685087 0.0760843 0.0843714 0.0933711 0.10308 0.113492 0.124592 0.136363 0.148781 0.161814 0.175425 0.189571 0.204201 0.21926 0.234686 0.25041 0.266362 0.282463 0.298635 0.314794 0.330855 0.346732 0.362338 0.377588 0.392396 0.40668 0.420358 0.433354 0.445595 0.457012 0.467541 0.477124 0.485706 0.493242 0.499688 0.505011 0.509181 0.512176 0.51398 0.514582 0.51398 0.512176 0.509181 0.505011 0.499688 0.493242 0.485706 0.477124 0.467541 0.457012 0.445595 0.433354 0.420358 0.40668 0.392396 0.377588 0.362338 0.346732 0.330855 0.314794 0.298635 0.282463 0.266362 0.25041 0.234686 0.21926 0.204201 0.189571 0.175425 0.161814 0.148781 0.136363 0.124592 0.113492 0.10308 0.0933711 0.0843714 0.0760843 0.0685087 0.0616401 0.0554713 0.0499931 0.045195 0.0410659 0.0375947 0.034771 0.0325853 0.0310299 0.0300991 
0.0315597 0.0318864 0.0328676 0.0345071 0.0368107 0.0397864 0.0434436 0.0477928 0.0528454 0.0586124 0.0651042 0.0723299 0.0802962 0.0890071 0.0984629 0.10866 0.119589 0.131235 0.14358 0.156595 0.170248 0.1845 0.199303 0.214605 0.230346 0.246462 0.26288 0.279526 0.296319 0.313175 0.330009 0.346732 0.363254 0.379485 0.395337 0.410722 0.425554 0.439752 0.453235 0.465928 0.477763 0.488672 0.498598 0.507484 0.515285 0.521956 0.527464 0.531778 0.534875 0.53674 0.537363 0.53674 0.534875 0.531778 0.527464 0.521956 0.515285 0.507484 0.498598 0.488672 0.477763 0.465928 0.453235 0.439752 0.425554 0.410722 0.395337 0.379485 0.363254 0.346732 0.330009 0.313175 0.296319 0.279526 0.26288 0.246462 0.230346 0.214605 0.199303 0.1845 0.170248 0.156595 0.14358 0.131235 0.119589 0.10866 0.0984629 0.0890071 0.0802962 0.0723299 0.0651042 0.0586124 0.0528454 0.0477928 0.0434436 0.0397864 0.0368107 0.0345071 0.0328676 0.0318864 
0.0333272 0.0336706 0.0347018 0.0364248 0.0388453 0.0419715 0.045813 0.0503804 0.0556849 0.0617377 0.0685491 0.0761278 0.0844802 0.0936096 0.103516 0.114193 0.125632 0.137817 0.150725 0.164328 0.17859 0.19347 0.208918 0.224877 0.241286 0.258076 0.275172 0.292495 0.309961 0.327484 0.344974 0.362338 0.379485 0.396322 0.412756 0.428698 0.44406 0.458757 0.472708 0.485837 0.498071 0.509346 0.5196 0.528778 0.536831 0.543717 0.549401 0.553852 0.557048 0.558972 0.559615 0.558972 0.557048 0.553852 0.549401 0.543717 0.536831 0.528778 0.5196 0.509346 0.498071 0.485837 0.472708 0.458757 0.44406 0.428698 0.412756 0.396322 0.379485 0.362338 0.344974 0.327484 0.309961 0.292495 0.275172 0.258076 0.241286 0.224877 0.208918 0.19347 0.17859 0.164328 0.150725 0.137817 0.125632 0.114193 0.103516 0.0936096 0.0844802 0.0761278 0.0685491 0.0617377 0.0556849 0.0503804 0.045813 0.0419715 0.0388453 0.0364248 0.0347018 0.0336706 
0.0350805 0.0354403 0.0365209 0.038326 0.0408618 0.0441363 0.0481593 0.0529414 0.0584939 0.0648279 0.0719535 0.0798791 0.0886106 0.0981509 0.108498 0.119647 0.131586 0.144297 0.157757 0.171934 0.186791 0.202284 0.218359 0.234959 0.252017 0.269462 0.287215 0.305195 0.323314 0.341481 0.359604 0.377588 0.395337 0.412756 0.42975 0.446227 0.462096 0.477271 0.49167 0.505215 0.517832 0.529454 0.54002 0.549475 0.557769 0.564859 0.57071 0.575292 0.57858 0.58056 0.581221 0.58056 0.57858 0.575292 0.57071 0.564859 0.557769 0.549475 0.54002 0.529454 0.517832 0.505215 0.49167 0.477271 0.462096 0.446227 0.42975 0.412756 0.395337 0.377588 0.359604 0.341481 0.323314 0.305195 0.287215 0.269462 0.252017 0.234959 0.218359 0.202284 0.186791 0.171934 0.157757 0.144297 0.131586 0.119647 0.108498 0.0981509 0.0886106 0.0798791 0.0719535 0.0648279 0.0584939 0.0529414 0.0481593 0.0441363 0.0408618 0.038326 0.0365209 0.0354403 
0.0368079 0.0371838 0.0383126 0.0401983 0.0428469 0.0462666 0.0504671 0.0554592 0.0612542 0.067863 0.0752955 0.0835599 0.0926615 0.102602 0.11338 0.124988 0.137413 0.150636 0.164632 0.179367 0.194801 0.210888 0.227572 0.244791 0.262477 0.280554 0.298941 0.317553 0.3363 0.355087 0.373818 0.392396 0.410722 0.428698 0.446227 0.463213 0.479566 0.495197 0.510022 0.52396 0.53694 0.548892 0.559754 0.56947 0.577991 0.585274 0.591283 0.595987 0.599363 0.601396 0.602074 0.601396 0.599363 0.595987 0.591283 0.585274 0.577991 0.56947 0.559754 0.548892 0.53694 0.52396 0.510022 0.495197 0.479566 0.463213 0.446227 0.428698 0.410722 0.392396 0.373818 0.355087 0.3363 0.317553 0.298941 0.280554 0.262477 0.244791 0.227572 0.210888 0.194801 0.179367 0.164632 0.150636 0.137413 0.124988 0.11338 0.102602 0.0926615 0.0835599 0.0752955 0.067863 0.0612542 0.0554592 0.0504671 0.0462666 0.0428469 0.0401983 0.0383126 0.0371838 
0.0384975 0.038889 0.0400648 0.0420287 0.0447869 0.0483477 0.0527207 0.0579169 0.0639473 0.0708229 0.0785532 0.087146 0.0966062 0.106935 0.11813 0.130182 0.143077 0.156795 0.171308 0.186581 0.202572 0.21923 0.236499 0.254314 0.272602 0.291286 0.310281 0.329499 0.348845 0.368224 0.387536 0.40668 0.425554 0.44406 0.462096 0.479566 0.496377 0.512439 0.527665 0.541976 0.555297 0.567559 0.578699 0.588661 0.597395 0.604858 0.611014 0.615833 0.619292 0.621373 0.622068 0.621373 0.619292 0.615833 0.611014 0.604858 0.597395 0.588661 0.578699 0.567559 0.555297 0.541976 0.527665 0.512439 0.496377 0.479566 0.462096 0.44406 0.425554 0.40668 0.387536 0.368224 0.348845 0.329499 0.310281 0.291286 0.272602 0.254314 0.236499 0.21923 0.202572 0.186581 0.171308 0.156795 0.143077 0.130182 0.11813 0.106935 0.0966062 0.087146 0.0785532 0.0708229 0.0639473 0.0579169 0.0527207 0.0483477 0.0447869 0.0420287 0.0400648 0.038889 
0.0401371 0.0405437 0.0417648 0.0438042 0.0466682 0.0503651 0.0549045 0.0602974 0.0665547 0.0736872 0.0817043 0.0906132 0.100419 0.111121 0.122716 0.135194 0.148541 0.162733 0.177742 0.19353 0.210053 0.227259 0.245087 0.263469 0.282332 0.301594 0.321168 0.340961 0.360877 0.380817 0.400679 0.420358 0.439752 0.458757 0.477271 0.495197 0.512439 0.528904 0.544507 0.559167 0.572807 0.585359 0.596758 0.60695 0.615883 0.623514 0.629807 0.634733 0.638267 0.640395 0.641105 0.640395 0.638267 0.634733 0.629807 0.623514 0.615883 0.60695 0.596758 0.585359 0.572807 0.559167 0.544507 0.528904 0.512439 0.495197 0.477271 0.458757 0.439752 0.420358 0.400679 0.380817 0.360877 0.340961 0.321168 0.301594 0.282332 0.263469 0.245087 0.227259 0.210053 0.19353 0.177742 0.162733 0.148541 0.135194 0.122716 0.111121 0.100419 0.0906132 0.0817043 0.0736872 0.0665547 0.0602974 0.0549045 0.0503651 0.0466682 0.0438042 0.0417648 0.0405437 
0.0417147 0.0421358 0.0434002 0.0455119 0.0484771 0.0523042 0.0570028 0.0625837 0.0690579 0.0764359 0.0847269 0.0939377 0.104072 0.11513 0.127107 0.139992 0.153768 0.168412 0.183892 0.20017 0.217198 0.234923 0.253281 0.272201 0.291608 0.311416 0.331536 0.351872 0.372326 0.392794 0.413172 0.433354 0.453235 0.472708 0.49167 0.510022 0.527665 0.544507 0.560462 0.575445 0.589382 0.602203 0.613843 0.624246 0.633363 0.641149 0.647569 0.652593 0.656198 0.658368 0.659092 0.658368 0.656198 0.652593 0.647569 0.641149 0.633363 0.624246 0.613843 0.602203 0.589382 0.575445 0.560462 0.544507 0.527665 0.510022 0.49167 0.472708 0.453235 0.433354 0.413172 0.392794 0.372326 0.351872 0.331536 0.311416 0.291608 0.272201 0.253281 0.234923 0.217198 0.20017 0.183892 0.168412 0.153768 0.139992 0.127107 0.11513 0.104072 0.0939377 0.0847269 0.0764359 0.0690579 0.0625837 0.0570028 0.0523042 0.0484771 0.0455119 0.0434002 0.0421358 
0.0432184 0.0436531 0.0449586 0.0471389 0.0502001 0.0541506 0.059 0.0647591 0.0714388 0.0790494 0.0875996 0.0970961 0.107542 0.118937 0.131274 0.144543 0.158724 0.173794 0.189719 0.206457 0.223961 0.242174 0.261029 0.280456 0.300372 0.320692 0.341323 0.362168 0.383123 0.404084 0.424945 0.445595 0.465928 0.485837 0.505215 0.52396 0.541976 0.559167 0.575445 0.590728 0.604938 0.618006 0.629867 0.640465 0.64975 0.657679 0.664215 0.669329 0.672999 0.675207 0.675944 0.675207 0.672999 0.669329 0.664215 0.657679 0.64975 0.640465 0.629867 0.618006 0.604938 0.590728 0.575445 0.559167 0.541976 0.52396 0.505215 0.485837 0.465928 0.445595 0.424945 0.404084 0.383123 0.362168 0.341323 0.320692 0.300372 0.280456 0.261029 0.242174 0.223961 0.206457 0.189719 0.173794 0.158724 0.144543 0.131274 0.118937 0.107542 0.0970961 0.0875996 0.0790494 0.0714388 0.0647591 0.059 0.0541506 0.0502001 0.0471389 0.0449586 0.0436531 
0.0446364 0.045084 0.0464281 0.0486727 0.051824 0.0558903 0.0608812 0.0668075 0.0736799 0.0815084 0.0903016 0.100066 0.110803 0.122513 0.135188 0.148815 0.163376 0.178843 0.195182 0.212351 0.230298 0.248965 0.268284 0.28818 0.30857 0.329366 0.350471 0.371786 0.393206 0.414624 0.435929 0.457012 0.477763 0.498071 0.517832 0.53694 0.555297 0.572807 0.589382 0.604938 0.619398 0.632691 0.644754 0.655529 0.664967 0.673026 0.679667 0.684863 0.688591 0.690834 0.691583 0.690834 0.688591 0.684863 0.679667 0.673026 0.664967 0.655529 0.644754 0.632691 0.619398 0.604938 0.589382 0.572807 0.555297 0.53694 0.517832 0.498071 0.477763 0.457012 0.435929 0.414624 0.393206 0.371786 0.350471 0.329366 0.30857 0.28818 0.268284 0.248965 0.230298 0.212351 0.195182 0.178843 0.163376 0.148815 0.135188 0.122513 0.110803 0.100066 0.0903016 0.0815084 0.0736799 0.0668075 0.0608812 0.0558903 0.051824 0.0486727 0.0464281 0.045084 
