0.00226758 0.00229365 0.00237207 0.00250341 0.0026886 0.00292893 0.00322599 0.00358166 0.00399803 0.00447737 0.00502206 0.00563453 0.00631716 0.00707225 0.00790188 0.00880789 0.00979174 0.0108545 0.0119966 0.013218 0.014518 0.015895 0.0173468 0.0188703 0.0204615 0.0221154 0.0238263 0.0255875 0.0273914 0.0292295 0.0310926 0.0329706 0.034853 0.0367285 0.0385853 0.0404115 0.0421947 0.0439225 0.0455826 0.0471628 0.0486513 0.0500366 0.051308 0.0524554 0.0534696 0.0543423 0.0550665 0.055636 0.0560463 0.0562939 0.0563766 0.0562939 0.0560463 0.055636 0.0550665 0.0543423 0.0534696 0.0524554 0.051308 0.0500366 0.0486513 0.0471628 0.0455826 0.0439225 0.0421947 0.0404115 0.0385853 0.0367285 0.034853 0.0329706 0.0310926 0.0292295 0.0273914 0.0255875 0.0238263 0.0221154 0.0204615 0.0188703 0.0173468 0.015895 0.014518 0.013218 0.0119966 0.0108545 0.00979174 0.00880789 0.00790188 0.00707225 0.00631716 0.00563453 0.00502206 0.00447737 0.00399803 0.00358166 0.00322599 0.00292893 0.0026886 0.00250341 0.00237207 0.00229365 
0.00229365 0.00232 0.00239925 0.00253196 0.00271909 0.00296193 0.00326208 0.00362143 0.00404209 0.00452635 0.0050766 0.00569528 0.00638479 0.00714744 0.00798532 0.00890027 0.00989377 0.0109668 0.01212 0.0133531 0.0146655 0.0160555 0.0175209 0.0190586 0.0206644 0.0223335 0.02406 0.0258371 0.0276571 0.0295115 0.0313911 0.0332856 0.0351844 0.0370761 0.038949 0.0407908 0.0425891 0.0443316 0.0460057 0.0475991 0.0491 0.0504969 0.0517788 0.0529356 0.0539582 0.0548381 0.0555681 0.0561424 0.056556 0.0568056 0.056889 0.0568056 0.056556 0.0561424 0.0555681 0.0548381 0.0539582 0.0529356 0.0517788 0.0504969 0.0491 0.0475991 0.0460057 0.0443316 0.0425891 0.0407908 0.038949 0.0370761 0.0351844 0.0332856 0.0313911 0.0295115 0.0276571 0.0258371 0.02406 0.0223335 0.0206644 0.0190586 0.0175209 0.0160555 0.0146655 0.0133531 0.01212 0.0109668 0.00989377 0.00890027 0.00798532 0.00714744 0.00638479 0.00569528 0.0050766 0.00452635 0.00404209 0.00362143 0.00326208 0.00296193 0.00271909 0.00253196 0.00239925 0.00232 
0.00237207 0.00239925 0.00248097 0.00261782 0.00281077 0.00306115 0.00337058 0.003741 0.00417456 0.0046736 0.00524054 0.00587788 0.00658806 0.00737342 0.00823609 0.00917791 0.0102004 0.0113045 0.0124908 0.0137591 0.0151086 0.0165376 0.0180439 0.0196241 0.021274 0.0229886 0.0247618 0.0265866 0.0284551 0.0303587 0.0322876 0.0342316 0.0361796 0.0381201 0.0400409 0.0419296 0.0437735 0.0455598 0.0472758 0.048909 0.0504472 0.0518786 0.0531921 0.0543773 0.0554249 0.0563263 0.0570742 0.0576624 0.0580861 0.0583417 0.0584271 0.0583417 0.0580861 0.0576624 0.0570742 0.0563263 0.0554249 0.0543773 0.0531921 0.0518786 0.0504472 0.048909 0.0472758 0.0455598 0.0437735 0.0419296 0.0400409 0.0381201 0.0361796 0.0342316 0.0322876 0.0303587 0.0284551 0.0265866 0.0247618 0.0229886 0.021274 0.0196241 0.0180439 0.0165376 0.0151086 0.0137591 0.0124908 0.0113045 0.0102004 0.00917791 0.00823609 0.00737342 0.00658806 0.00587788 0.00524054 0.0046736 0.00417456 0.003741 0.00337058 0.00306115 0.00281077 0.00261782 0.00248097 0.00239925 
0.00250341 0.00253196 0.00261782 0.00276159 0.00296429 0.00322726 0.00355222 0.00394115 0.00439628 0.00492001 0.00551486 0.00618339 0.00692812 0.00775143 0.00865551 0.00964223 0.0107131 0.0118691 0.0131107 0.0144378 0.0158493 0.0173435 0.018918 0.0205692 0.0222927 0.0240831 0.0259342 0.0278386 0.0297881 0.0317735 0.0337848 0.0358113 0.0378414 0.0398632 0.0418639 0.0438308 0.0457506 0.0476101 0.049396 0.0510954 0.0526957 0.0541846 0.0555507 0.0567833 0.0578725 0.0588097 0.0595872 0.0601987 0.0606391 0.0609049 0.0609937 0.0609049 0.0606391 0.0601987 0.0595872 0.0588097 0.0578725 0.0567833 0.0555507 0.0541846 0.0526957 0.0510954 0.049396 0.0476101 0.0457506 0.0438308 0.0418639 0.0398632 0.0378414 0.0358113 0.0337848 0.0317735 0.0297881 0.0278386 0.0259342 0.0240831 0.0222927 0.0205692 0.018918 0.0173435 0.0158493 0.0144378 0.0131107 0.0118691 0.0107131 0.00964223 0.00865551 0.00775143 0.00692812 0.00618339 0.00551486 0.00492001 0.00439628 0.00394115 0.00355222 0.00322726 0.00296429 0.00276159 0.00261782 0.00253196 
0.0026886 0.00271909 0.00281077 0.00296429 0.00318068 0.00346139 0.00380818 0.00422314 0.0047086 0.00526707 0.00590116 0.00661354 0.00740682 0.00828348 0.00924575 0.0102956 0.0114344 0.0126633 0.0139826 0.0153921 0.0168907 0.0184764 0.0201466 0.0218974 0.0237241 0.025621 0.0275813 0.0295973 0.0316602 0.0337604 0.0358872 0.0380292 0.0401744 0.04231 0.0444227 0.046499 0.0485251 0.0504869 0.0523707 0.0541628 0.0558499 0.0574194 0.0588591 0.0601579 0.0613055 0.0622927 0.0631117 0.0637557 0.0642195 0.0644994 0.0645929 0.0644994 0.0642195 0.0637557 0.0631117 0.0622927 0.0613055 0.0601579 0.0588591 0.0574194 0.0558499 0.0541628 0.0523707 0.0504869 0.0485251 0.046499 0.0444227 0.04231 0.0401744 0.0380292 0.0358872 0.0337604 0.0316602 0.0295973 0.0275813 0.025621 0.0237241 0.0218974 0.0201466 0.0184764 0.0168907 0.0153921 0.0139826 0.0126633 0.0114344 0.0102956 0.00924575 0.00828348 0.00740682 0.00661354 0.00590116 0.00526707 0.0047086 0.00422314 0.00380818 0.00346139 0.00318068 0.00296429 0.00281077 0.00271909 
0.00292893 0.00296193 0.00306115 0.00322726 0.00346139 0.00376503 0.00414007 0.00458871 0.0051134 0.00571677 0.0064016 0.00717067 0.00802671 0.00897229 0.0100097 0.011141 0.0123677 0.0136907 0.0151103 0.0166262 0.0182371 0.0199408 0.0217344 0.0236136 0.0255733 0.0276074 0.0297085 0.0318683 0.0340773 0.0363251 0.0386005 0.0408913 0.0431844 0.0454665 0.0477232 0.0499403 0.0521029 0.0541964 0.0562059 0.0581171 0.0599158 0.0615887 0.063123 0.0645068 0.0657293 0.0667808 0.067653 0.0683388 0.0688327 0.0691307 0.0692303 0.0691307 0.0688327 0.0683388 0.067653 0.0667808 0.0657293 0.0645068 0.063123 0.0615887 0.0599158 0.0581171 0.0562059 0.0541964 0.0521029 0.0499403 0.0477232 0.0454665 0.0431844 0.0408913 0.0386005 0.0363251 0.0340773 0.0318683 0.0297085 0.0276074 0.0255733 0.0236136 0.0217344 0.0199408 0.0182371 0.0166262 0.0151103 0.0136907 0.0123677 0.011141 0.0100097 0.00897229 0.00802671 0.00717067 0.0064016 0.00571677 0.0051134 0.00458871 0.00414007 0.00376503 0.00346139 0.00322726 0.00306115 0.00296193 
0.00322599 0.00326208 0.00337058 0.00355222 0.00380818 0.00414007 0.0045499 0.00503999 0.00561297 0.00627162 0.00701888 0.00785769 0.00879091 0.00982125 0.0109511 0.0121826 0.0135171 0.0149556 0.0164984 0.0181449 0.0198937 0.0217422 0.0236871 0.0257238 0.0278466 0.0300488 0.0323223 0.0346581 0.037046 0.0394747 0.0419319 0.0444046 0.0468788 0.0493398 0.0517727 0.0541617 0.0564913 0.0587455 0.0609086 0.0629651 0.0649002 0.0666994 0.068349 0.0698366 0.0711505 0.0722805 0.0732176 0.0739544 0.0744849 0.074805 0.074912 0.074805 0.0744849 0.0739544 0.0732176 0.0722805 0.0711505 0.0698366 0.068349 0.0666994 0.0649002 0.0629651 0.0609086 0.0587455 0.0564913 0.0541617 0.0517727 0.0493398 0.0468788 0.0444046 0.0419319 0.0394747 0.037046 0.0346581 0.0323223 0.0300488 0.0278466 0.0257238 0.0236871 0.0217422 0.0198937 0.0181449 0.0164984 0.0149556 0.0135171 0.0121826 0.0109511 0.00982125 0.00879091 0.00785769 0.00701888 0.00627162 0.00561297 0.00503999 0.0045499 0.00414007 0.00380818 0.00355222 0.00337058 0.00326208 
0.00358166 0.00362143 0.003741 0.00394115 0.00422314 0.00458871 0.00503999 0.0055795 0.00621 0.00693451 0.00775612 0.00867795 0.00970305 0.0108342 0.0120741 0.0134246 0.0148873 0.0164632 0.0181524 0.019954 0.0218664 0.0238868 0.0260112 0.0282346 0.0305508 0.0329522 0.03543 0.0379743 0.040574 0.0432167 0.0458891 0.0485769 0.0512652 0.0539379 0.0565788 0.0591711 0.0616977 0.0641417 0.0664861 0.0687143 0.0708102 0.0727583 0.0745441 0.0761541 0.0775758 0.0787982 0.0798119 0.0806088 0.0811825 0.0815286 0.0816443 0.0815286 0.0811825 0.0806088 0.0798119 0.0787982 0.0775758 0.0761541 0.0745441 0.0727583 0.0708102 0.0687143 0.0664861 0.0641417 0.0616977 0.0591711 0.0565788 0.0539379 0.0512652 0.0485769 0.0458891 0.0432167 0.040574 0.0379743 0.03543 0.0329522 0.0305508 0.0282346 0.0260112 0.0238868 0.0218664 0.019954 0.0181524 0.0164632 0.0148873 0.0134246 0.0120741 0.0108342 0.00970305 0.00867795 0.00775612 0.00693451 0.00621 0.0055795 0.00503999 0.00458871 0.00422314 0.00394115 0.003741 0.00362143 
0.00399803 0.00404209 0.00417456 0.00439628 0.0047086 0.0051134 0.00561297 0.00621 0.00690749 0.00770864 0.00861676 0.00963518 0.0107671 0.0120156 0.0133831 0.014872 0.0164837 0.018219 0.020078 0.0220596 0.0241617 0.0263812 0.0287137 0.0311534 0.0336934 0.0363253 0.0390395 0.0418249 0.0446693 0.0475593 0.0504802 0.0534165 0.0563517 0.0592686 0.0621495 0.0649761 0.06773 0.0703927 0.0729459 0.0753718 0.0776528 0.0797724 0.0817148 0.0834656 0.0850113 0.0863401 0.0874418 0.0883078 0.0889312 0.0893073 0.089433 0.0893073 0.0889312 0.0883078 0.0874418 0.0863401 0.0850113 0.0834656 0.0817148 0.0797724 0.0776528 0.0753718 0.0729459 0.0703927 0.06773 0.0649761 0.0621495 0.0592686 0.0563517 0.0534165 0.0504802 0.0475593 0.0446693 0.0418249 0.0390395 0.0363253 0.0336934 0.0311534 0.0287137 0.0263812 0.0241617 0.0220596 0.020078 0.018219 0.0164837 0.014872 0.0133831 0.0120156 0.0107671 0.00963518 0.00861676 0.00770864 0.00690749 0.00621 0.00561297 0.0051134 0.0047086 0.00439628 0.00417456 0.00404209 
0.00447737 0.00452635 0.0046736 0.00492001 0.00526707 0.00571677 0.00627162 0.00693451 0.00770864 0.00859746 0.00960451 0.0107333 0.0119874 0.0133697 0.0148832 0.01653 0.0183116 0.0202288 0.0222814 0.024468 0.0267863 0.0292325 0.0318017 0.0344875 0.037282 0.0401759 0.0431585 0.0462177 0.0493399 0.0525104 0.0557132 0.0589311 0.0621462 0.0653397 0.0684923 0.0715841 0.074595 0.0775051 0.0802945 0.0829437 0.085434 0.0877473 0.0898667 0.0917764 0.0934621 0.094911 0.0961121 0.097056 0.0977356 0.0981454 0.0982824 0.0981454 0.0977356 0.097056 0.0961121 0.094911 0.0934621 0.0917764 0.0898667 0.0877473 0.085434 0.0829437 0.0802945 0.0775051 0.074595 0.0715841 0.0684923 0.0653397 0.0621462 0.0589311 0.0557132 0.0525104 0.0493399 0.0462177 0.0431585 0.0401759 0.037282 0.0344875 0.0318017 0.0292325 0.0267863 0.024468 0.0222814 0.0202288 0.0183116 0.01653 0.0148832 0.0133697 0.0119874 0.0107333 0.00960451 0.00859746 0.00770864 0.00693451 0.00627162 0.00571677 0.00526707 0.00492001 0.0046736 0.00452635 
0.00502206 0.0050766 0.00524054 0.00551486 0.00590116 0.0064016 0.00701888 0.00775612 0.00861676 0.00960451 0.0107232 0.0119765 0.0133682 0.0149015 0.0165793 0.0184038 0.0203767 0.0224984 0.0247686 0.0271856 0.0297467 0.0324475 0.0352824 0.0382441 0.0413239 0.0445113 0.0477946 0.0511602 0.0545933 0.0580775 0.0615952 0.0651278 0.0686555 0.0721578 0.0756135 0.079001 0.0822985 0.0854843 0.0885368 0.0914348 0.094158 0.096687 0.0990032 0.10109 0.102931 0.104514 0.105825 0.106856 0.107598 0.108045 0.108195 0.108045 0.107598 0.106856 0.105825 0.104514 0.102931 0.10109 0.0990032 0.096687 0.094158 0.0914348 0.0885368 0.0854843 0.0822985 0.079001 0.0756135 0.0721578 0.0686555 0.0651278 0.0615952 0.0580775 0.0545933 0.0511602 0.0477946 0.0445113 0.0413239 0.0382441 0.0352824 0.0324475 0.0297467 0.0271856 0.0247686 0.0224984 0.0203767 0.0184038 0.0165793 0.0149015 0.0133682 0.0119765 0.0107232 0.00960451 0.00861676 0.00775612 0.00701888 0.0064016 0.00590116 0.00551486 0.00524054 0.0050766 
0.00563453 0.00569528 0.00587788 0.00618339 0.00661354 0.00717067 0.00785769 0.00867795 0.00963518 0.0107333 0.0119765 0.0133687 0.0149138 0.0166153 0.0184761 0.0204986 0.0226842 0.0250334 0.0275455 0.0302186 0.0330492 0.0360326 0.0391621 0.0424298 0.0458257 0.0493383 0.0529543 0.056659 0.0604357 0.0642666 0.0681323 0.0720122 0.0758849 0.0797277 0.0835176 0.0872311 0.0908443 0.0943336 0.0976756 0.100847 0.103827 0.106593 0.109126 0.111406 0.113419 0.115148 0.116581 0.117707 0.118517 0.119006 0.119169 0.119006 0.118517 0.117707 0.116581 0.115148 0.113419 0.111406 0.109126 0.106593 0.103827 0.100847 0.0976756 0.0943336 0.0908443 0.0872311 0.0835176 0.0797277 0.0758849 0.0720122 0.0681323 0.0642666 0.0604357 0.056659 0.0529543 0.0493383 0.0458257 0.0424298 0.0391621 0.0360326 0.0330492 0.0302186 0.0275455 0.0250334 0.0226842 0.0204986 0.0184761 0.0166153 0.0149138 0.0133687 0.0119765 0.0107333 0.00963518 0.00867795 0.00785769 0.00717067 0.00661354 0.00618339 0.00587788 0.00569528 
0.00631716 0.00638479 0.00658806 0.00692812 0.00740682 0.00802671 0.00879091 0.00970305 0.0107671 0.0119874 0.0133682 0.0149138 0.0166283 0.0185154 0.0205782 0.022819 0.0252391 0.027839 0.0306175 0.0335723 0.0366994 0.0399933 0.0434466 0.0470502 0.0507929 0.0546621 0.0586429 0.0627189 0.066872 0.0710822 0.0753284 0.0795881 0.0838375 0.0880522 0.0922068 0.0962758 0.100233 0.104053 0.107711 0.111181 0.114439 0.117463 0.120231 0.122723 0.124922 0.12681 0.128375 0.129604 0.130489 0.131022 0.131201 0.131022 0.130489 0.129604 0.128375 0.12681 0.124922 0.122723 0.120231 0.117463 0.114439 0.111181 0.107711 0.104053 0.100233 0.0962758 0.0922068 0.0880522 0.0838375 0.0795881 0.0753284 0.0710822 0.066872 0.0627189 0.0586429 0.0546621 0.0507929 0.0470502 0.0434466 0.0399933 0.0366994 0.0335723 0.0306175 0.027839 0.0252391 0.022819 0.0205782 0.0185154 0.0166283 0.0149138 0.0133682 0.0119874 0.0107671 0.00970305 0.00879091 0.00802671 0.00740682 0.00692812 0.00658806 0.00638479 
0.00707225 0.00714744 0.00737342 0.00775143 0.00828348 0.00897229 0.00982125 0.0108342 0.0120156 0.0133697 0.0149015 0.0166153 0.0185154 0.0206058 0.0228896 0.0253692 0.0280458 0.0309194 0.0339889 0.0372512 0.0407018 0.0443342 0.0481402 0.0521095 0.0562297 0.0604866 0.0648638 0.0693432 0.0739047 0.0785265 0.0831852 0.0878563 0.0925138 0.0971309 0.10168 0.106133 0.110463 0.11464 0.118638 0.12243 0.125989 0.129291 0.132313 0.135033 0.137432 0.139492 0.141199 0.142539 0.143504 0.144086 0.14428 0.144086 0.143504 0.142539 0.141199 0.139492 0.137432 0.135033 0.132313 0.129291 0.125989 0.12243 0.118638 0.11464 0.110463 0.106133 0.10168 0.0971309 0.0925138 0.0878563 0.0831852 0.0785265 0.0739047 0.0693432 0.0648638 0.0604866 0.0562297 0.0521095 0.0481402 0.0443342 0.0407018 0.0372512 0.0339889 0.0309194 0.0280458 0.0253692 0.0228896 0.0206058 0.0185154 0.0166153 0.0149015 0.0133697 0.0120156 0.0108342 0.00982125 0.00897229 0.00828348 0.00775143 0.00737342 0.00714744 
0.00790188 0.00798532 0.00823609 0.00865551 0.00924575 0.0100097 0.0109511 0.0120741 0.0133831 0.0148832 0.0165793 0.0184761 0.0205782 0.0228896 0.0254136 0.0281525 0.0311074 0.0342782 0.037663 0.0412585 0.0450593 0.0490581 0.0532455 0.05761 0.0621379 0.0668133 0.0716181 0.0765323 0.0815338 0.0865986 0.0917012 0.0968147 0.101911 0.10696 0.111933 0.116798 0.121526 0.126087 0.130449 0.134585 0.138466 0.142066 0.145359 0.148323 0.150936 0.153179 0.155038 0.156497 0.157547 0.158181 0.158392 0.158181 0.157547 0.156497 0.155038 0.153179 0.150936 0.148323 0.145359 0.142066 0.138466 0.134585 0.130449 0.126087 0.121526 0.116798 0.111933 0.10696 0.101911 0.0968147 0.0917012 0.0865986 0.0815338 0.0765323 0.0716181 0.0668133 0.0621379 0.05761 0.0532455 0.0490581 0.0450593 0.0412585 0.037663 0.0342782 0.0311074 0.0281525 0.0254136 0.0228896 0.0205782 0.0184761 0.0165793 0.0148832 0.0133831 0.0120741 0.0109511 0.0100097 0.00924575 0.00865551 0.00823609 0.00798532 
0.00880789 0.00890027 0.00917791 0.00964223 0.0102956 0.011141 0.0121826 0.0134246 0.014872 0.01653 0.0184038 0.0204986 0.022819 0.0253692 0.0281525 0.0311712 0.0344263 0.0379172 0.0416418 0.0455959 0.0497734 0.054166 0.0587631 0.063552 0.0685172 0.0736412 0.0789042 0.0842838 0.089756 0.0952945 0.100871 0.106457 0.112021 0.117531 0.122955 0.12826 0.133413 0.13838 0.143131 0.147632 0.151855 0.155771 0.159352 0.162574 0.165414 0.167852 0.169871 0.171457 0.172598 0.173286 0.173515 0.173286 0.172598 0.171457 0.169871 0.167852 0.165414 0.162574 0.159352 0.155771 0.151855 0.147632 0.143131 0.13838 0.133413 0.12826 0.122955 0.117531 0.112021 0.106457 0.100871 0.0952945 0.089756 0.0842838 0.0789042 0.0736412 0.0685172 0.063552 0.0587631 0.054166 0.0497734 0.0455959 0.0416418 0.0379172 0.0344263 0.0311712 0.0281525 0.0253692 0.022819 0.0204986 0.0184038 0.01653 0.014872 0.0134246 0.0121826 0.011141 0.0102956 0.00964223 0.00917791 0.00890027 
0.00979174 0.00989377 0.0102004 0.0107131 0.0114344 0.0123677 0.0135171 0.0148873 0.0164837 0.0183116 0.0203767 0.0226842 0.0252391 0.0280458 0.0311074 0.0344263 0.0380031 0.0418371 0.0459253 0.0502631 0.0548433 0.0596567 0.0646913 0.0699328 0.0753643 0.0809663 0.0867169 0.0925918 0.0985644 0.104606 0.110686 0.116773 0.122833 0.128832 0.134733 0.140503 0.146104 0.151502 0.156662 0.161551 0.166135 0.170383 0.174268 0.177762 0.180841 0.183485 0.185673 0.187391 0.188627 0.189373 0.189622 0.189373 0.188627 0.187391 0.185673 0.183485 0.180841 0.177762 0.174268 0.170383 0.166135 0.161551 0.156662 0.151502 0.146104 0.140503 0.134733 0.128832 0.122833 0.116773 0.110686 0.104606 0.0985644 0.0925918 0.0867169 0.0809663 0.0753643 0.0699328 0.0646913 0.0596567 0.0548433 0.0502631 0.0459253 0.0418371 0.0380031 0.0344263 0.0311074 0.0280458 0.0252391 0.0226842 0.0203767 0.0183116 0.0164837 0.0148873 0.0135171 0.0123677 0.0114344 0.0107131 0.0102004 0.00989377 
0.0108545 0.0109668 0.0113045 0.0118691 0.0126633 0.0136907 0.0149556 0.0164632 0.018219 0.0202288 0.0224984 0.0250334 0.027839 0.0309194 0.0342782 0.0379172 0.0418371 0.0460364 0.0505118 0.0552577 0.0602662 0.0655265 0.0710255 0.0767472 0.0826729 0.0887812 0.095048 0.101447 0.107948 0.114521 0.121133 0.127748 0.13433 0.140843 0.147248 0.153506 0.159579 0.165429 0.171019 0.176313 0.181275 0.185873 0.190076 0.193855 0.197185 0.200042 0.202408 0.204265 0.205601 0.206406 0.206675 0.206406 0.205601 0.204265 0.202408 0.200042 0.197185 0.193855 0.190076 0.185873 0.181275 0.176313 0.171019 0.165429 0.159579 0.153506 0.147248 0.140843 0.13433 0.127748 0.121133 0.114521 0.107948 0.101447 0.095048 0.0887812 0.0826729 0.0767472 0.0710255 0.0655265 0.0602662 0.0552577 0.0505118 0.0460364 0.0418371 0.0379172 0.0342782 0.0309194 0.027839 0.0250334 0.0224984 0.0202288 0.018219 0.0164632 0.0149556 0.0136907 0.0126633 0.0118691 0.0113045 0.0109668 
0.0119966 0.01212 0.0124908 0.0131107 0.0139826 0.0151103 0.0164984 0.0181524 0.020078 0.0222814 0.0247686 0.0275455 0.0306175 0.0339889 0.037663 0.0416418 0.0459253 0.0505118 0.0553972 0.060575 0.0660362 0.0717688 0.077758 0.0839864 0.0904331 0.0970746 0.103885 0.110834 0.117891 0.125022 0.132191 0.139361 0.146491 0.153542 0.160472 0.167241 0.173807 0.18013 0.186168 0.191885 0.197241 0.202203 0.206737 0.210813 0.214403 0.217484 0.220033 0.222035 0.223474 0.224342 0.224632 0.224342 0.223474 0.222035 0.220033 0.217484 0.214403 0.210813 0.206737 0.202203 0.197241 0.191885 0.186168 0.18013 0.173807 0.167241 0.160472 0.153542 0.146491 0.139361 0.132191 0.125022 0.117891 0.110834 0.103885 0.0970746 0.0904331 0.0839864 0.077758 0.0717688 0.0660362 0.060575 0.0553972 0.0505118 0.0459253 0.0416418 0.037663 0.0339889 0.0306175 0.0275455 0.0247686 0.0222814 0.020078 0.0181524 0.0164984 0.0151103 0.0139826 0.0131107 0.0124908 0.01212 
0.013218 0.0133531 0.0137591 0.0144378 0.0153921 0.0166262 0.0181449 0.019954 0.0220596 0.024468 0.0271856 0.0302186 0.0335723 0.0372512 0.0412585 0.0455959 0.0502631 0.0552577 0.060575 0.0662075 0.0721449 0.0783738 0.0848781 0.091638 0.0986311 0.105831 0.11321 0.120736 0.128374 0.136088 0.143839 0.151586 0.159286 0.166898 0.174376 0.181676 0.188754 0.195566 0.202071 0.208225 0.21399 0.219329 0.224206 0.228589 0.232449 0.23576 0.2385 0.24065 0.242197 0.243129 0.243441 0.243129 0.242197 0.24065 0.2385 0.23576 0.232449 0.228589 0.224206 0.219329 0.21399 0.208225 0.202071 0.195566 0.188754 0.181676 0.174376 0.166898 0.159286 0.151586 0.143839 0.136088 0.128374 0.120736 0.11321 0.105831 0.0986311 0.091638 0.0848781 0.0783738 0.0721449 0.0662075 0.060575 0.0552577 0.0502631 0.0455959 0.0412585 0.0372512 0.0335723 0.0302186 0.0271856 0.024468 0.0220596 0.019954 0.0181449 0.0166262 0.0153921 0.0144378 0.0137591 0.0133531 
0.014518 0.0146655 0.0151086 0.0158493 0.0168907 0.0182371 0.0198937 0.0218664 0.0241617 0.0267863 0.0297467 0.0330492 0.0366994 0.0407018 0.0450593 0.0497734 0.0548433 0.0602662 0.0660362 0.0721449 0.0785806 0.0853288 0.0923711 0.0996862 0.107249 0.115032 0.123003 0.131129 0.139371 0.14769 0.156045 0.164391 0.172684 0.180875 0.18892 0.196769 0.204376 0.211695 0.218679 0.225286 0.231472 0.237199 0.242429 0.247128 0.251265 0.254813 0.257749 0.260053 0.261709 0.262708 0.263041 0.262708 0.261709 0.260053 0.257749 0.254813 0.251265 0.247128 0.242429 0.237199 0.231472 0.225286 0.218679 0.211695 0.204376 0.196769 0.18892 0.180875 0.172684 0.164391 0.156045 0.14769 0.139371 0.131129 0.123003 0.115032 0.107249 0.0996862 0.0923711 0.0853288 0.0785806 0.0721449 0.0660362 0.0602662 0.0548433 0.0497734 0.0450593 0.0407018 0.0366994 0.0330492 0.0297467 0.0267863 0.0241617 0.0218664 0.0198937 0.0182371 0.0168907 0.0158493 0.0151086 0.0146655 
0.015895 0.0160555 0.0165376 0.0173435 0.0184764 0.0199408 0.0217422 0.0238868 0.0263812 0.0292325 0.0324475 0.0360326 0.0399933 0.0443342 0.0490581 0.054166 0.0596567 0.0655265 0.0717688 0.0783738 0.0853288 0.0926171 0.100219 0.108111 0.116266 0.124653 0.133238 0.141984 0.150852 0.159797 0.168776 0.17774 0.186642 0.195432 0.204059 0.212474 0.220625 0.228463 0.235941 0.243011 0.249629 0.255754 0.261345 0.266367 0.270788 0.274578 0.277714 0.280174 0.281944 0.28301 0.283366 0.28301 0.281944 0.280174 0.277714 0.274578 0.270788 0.266367 0.261345 0.255754 0.249629 0.243011 0.235941 0.228463 0.220625 0.212474 0.204059 0.195432 0.186642 0.17774 0.168776 0.159797 0.150852 0.141984 0.133238 0.124653 0.116266 0.108111 0.100219 0.0926171 0.0853288 0.0783738 0.0717688 0.0655265 0.0596567 0.054166 0.0490581 0.0443342 0.0399933 0.0360326 0.0324475 0.0292325 0.0263812 0.0238868 0.0217422 0.0199408 0.0184764 0.0173435 0.0165376 0.0160555 
0.0173468 0.0175209 0.0180439 0.018918 0.0201466 0.0217344 0.0236871 0.0260112 0.0287137 0.0318017 0.0352824 0.0391621 0.0434466 0.0481402 0.0532455 0.0587631 0.0646913 0.0710255 0.077758 0.0848781 0.0923711 0.100219 0.1084 0.116888 0.125654 0.134665 0.143884 0.15327 0.162781 0.17237 0.18199 0.191589 0.201117 0.21052 0.219744 0.228737 0.237444 0.245813 0.253794 0.261338 0.268396 0.274925 0.280885 0.286236 0.290945 0.294982 0.298321 0.300941 0.302824 0.303959 0.304338 0.303959 0.302824 0.300941 0.298321 0.294982 0.290945 0.286236 0.280885 0.274925 0.268396 0.261338 0.253794 0.245813 0.237444 0.228737 0.219744 0.21052 0.201117 0.191589 0.18199 0.17237 0.162781 0.15327 0.143884 0.134665 0.125654 0.116888 0.1084 0.100219 0.0923711 0.0848781 0.077758 0.0710255 0.0646913 0.0587631 0.0532455 0.0481402 0.0434466 0.0391621 0.0352824 0.0318017 0.0287137 0.0260112 0.0236871 0.0217344 0.0201466 0.018918 0.0180439 0.0175209 
0.0188703 0.0190586 0.0196241 0.0205692 0.0218974 0.0236136 0.0257238 0.0282346 0.0311534 0.0344875 0.0382441 0.0424298 0.0470502 0.0521095 0.05761 0.063552 0.0699328 0.0767472 0.0839864 0.091638 0.0996862 0.108111 0.116888 0.12599 0.135385 0.145036 0.154905 0.164947 0.175117 0.185366 0.195641 0.205889 0.216056 0.226084 0.235917 0.245498 0.254771 0.26368 0.272172 0.280196 0.2877 0.294641 0.300973 0.306657 0.311659 0.315945 0.31949 0.32227 0.324269 0.325473 0.325876 0.325473 0.324269 0.32227 0.31949 0.315945 0.311659 0.306657 0.300973 0.294641 0.2877 0.280196 0.272172 0.26368 0.254771 0.245498 0.235917 0.226084 0.216056 0.205889 0.195641 0.185366 0.175117 0.164947 0.154905 0.145036 0.135385 0.12599 0.116888 0.108111 0.0996862 0.091638 0.0839864 0.0767472 0.0699328 0.063552 0.05761 0.0521095 0.0470502 0.0424298 0.0382441 0.0344875 0.0311534 0.0282346 0.0257238 0.0236136 0.0218974 0.0205692 0.0196241 0.0190586 
0.0204615 0.0206644 0.021274 0.0222927 0.0237241 0.0255733 0.0278466 0.0305508 0.0336934 0.037282 0.0413239 0.0458257 0.0507929 0.0562297 0.0621379 0.0685172 0.0753643 0.0826729 0.0904331 0.0986311 0.107249 0.116266 0.125654 0.135385 0.145423 0.155729 0.166261 0.176973 0.187815 0.198735 0.209677 0.220585 0.231401 0.242063 0.252513 0.26269 0.272536 0.281991 0.291 0.299508 0.307464 0.314818 0.321526 0.327546 0.332841 0.337379 0.34113 0.344073 0.346187 0.347462 0.347887 0.347462 0.346187 0.344073 0.34113 0.337379 0.332841 0.327546 0.321526 0.314818 0.307464 0.299508 0.291 0.281991 0.272536 0.26269 0.252513 0.242063 0.231401 0.220585 0.209677 0.198735 0.187815 0.176973 0.166261 0.155729 0.145423 0.135385 0.125654 0.116266 0.107249 0.0986311 0.0904331 0.0826729 0.0753643 0.0685172 0.0621379 0.0562297 0.0507929 0.0458257 0.0413239 0.037282 0.0336934 0.0305508 0.0278466 0.0255733 0.0237241 0.0222927 0.021274 0.0206644 
0.0221154 0.0223335 0.0229886 0.0240831 0.025621 0.0276074 0.0300488 0.0329522 0.0363253 0.0401759 0.0445113 0.0493383 0.0546621 0.0604866 0.0668133 0.0736412 0.0809663 0.0887812 0.0970746 0.105831 0.115032 0.124653 0.134665 0.145036 0.155729 0.166702 0.177909 0.189301 0.200825 0.212425 0.224043 0.235618 0.247089 0.258392 0.269465 0.280243 0.290665 0.30067 0.310199 0.319194 0.327602 0.335371 0.342456 0.348812 0.354402 0.35919 0.363149 0.366253 0.368484 0.369828 0.370277 0.369828 0.368484 0.366253 0.363149 0.35919 0.354402 0.348812 0.342456 0.335371 0.327602 0.319194 0.310199 0.30067 0.290665 0.280243 0.269465 0.258392 0.247089 0.235618 0.224043 0.212425 0.200825 0.189301 0.177909 0.166702 0.155729 0.145036 0.134665 0.124653 0.115032 0.105831 0.0970746 0.0887812 0.0809663 0.0736412 0.0668133 0.0604866 0.0546621 0.0493383 0.0445113 0.0401759 0.0363253 0.0329522 0.0300488 0.0276074 0.025621 0.0240831 0.0229886 0.0223335 
0.0238263 0.02406 0.0247618 0.0259342 0.0275813 0.0297085 0.0323223 0.03543 0.0390395 0.0431585 0.0477946 0.0529543 0.0586429 0.0648638 0.0716181 0.0789042 0.0867169 0.095048 0.103885 0.11321 0.123003 0.133238 0.143884 0.154905 0.166261 0.177909 0.189798 0.201877 0.21409 0.226377 0.238675 0.250923 0.263053 0.275 0.286698 0.298079 0.309079 0.319634 0.329682 0.339164 0.348023 0.356208 0.363668 0.370359 0.376242 0.381281 0.385445 0.38871 0.391057 0.39247 0.392942 0.39247 0.391057 0.38871 0.385445 0.381281 0.376242 0.370359 0.363668 0.356208 0.348023 0.339164 0.329682 0.319634 0.309079 0.298079 0.286698 0.275 0.263053 0.250923 0.238675 0.226377 0.21409 0.201877 0.189798 0.177909 0.166261 0.154905 0.143884 0.133238 0.123003 0.11321 0.103885 0.095048 0.0867169 0.0789042 0.0716181 0.0648638 0.0586429 0.0529543 0.0477946 0.0431585 0.0390395 0.03543 0.0323223 0.0297085 0.0275813 0.0259342 0.0247618 0.02406 
0.0255875 0.0258371 0.0265866 0.0278386 0.0295973 0.0318683 0.0346581 0.0379743 0.0418249 0.0462177 0.0511602 0.056659 0.0627189 0.0693432 0.0765323 0.0842838 0.0925918 0.101447 0.110834 0.120736 0.131129 0.141984 0.15327 0.164947 0.176973 0.189301 0.201877 0.214648 0.227552 0.240528 0.25351 0.26643 0.27922 0.291811 0.304133 0.316116 0.327692 0.338795 0.34936 0.359326 0.368634 0.37723 0.385063 0.392087 0.39826 0.403547 0.407915 0.41134 0.4138 0.415282 0.415777 0.415282 0.4138 0.41134 0.407915 0.403547 0.39826 0.392087 0.385063 0.37723 0.368634 0.359326 0.34936 0.338795 0.327692 0.316116 0.304133 0.291811 0.27922 0.26643 0.25351 0.240528 0.227552 0.214648 0.201877 0.189301 0.176973 0.164947 0.15327 0.141984 0.131129 0.120736 0.110834 0.101447 0.0925918 0.0842838 0.0765323 0.0693432 0.0627189 0.056659 0.0511602 0.0462177 0.0418249 0.0379743 0.0346581 0.0318683 0.0295973 0.0278386 0.0265866 0.0258371 
0.0273914 0.0276571 0.0284551 0.0297881 0.0316602 0.0340773 0.037046 0.040574 0.0446693 0.0493399 0.0545933 0.0604357 0.066872 0.0739047 0.0815338 0.089756 0.0985644 0.107948 0.117891 0.128374 0.139371 0.150852 0.162781 0.175117 0.187815 0.200825 0.21409 0.227552 0.241148 0.254812 0.268475 0.282067 0.295515 0.308746 0.321688 0.334268 0.346416 0.358062 0.369139 0.379584 0.389336 0.398339 0.406539 0.413891 0.420351 0.425881 0.43045 0.434032 0.436605 0.438154 0.438672 0.438154 0.436605 0.434032 0.43045 0.425881 0.420351 0.413891 0.406539 0.398339 0.389336 0.379584 0.369139 0.358062 0.346416 0.334268 0.321688 0.308746 0.295515 0.282067 0.268475 0.254812 0.241148 0.227552 0.21409 0.200825 0.187815 0.175117 0.162781 0.150852 0.139371 0.128374 0.117891 0.107948 0.0985644 0.089756 0.0815338 0.0739047 0.066872 0.0604357 0.0545933 0.0493399 0.0446693 0.040574 0.037046 0.0340773 0.0316602 0.0297881 0.0284551 0.0276571 
0.0292295 0.0295115 0.0303587 0.0317735 0.0337604 0.0363251 0.0394747 0.0432167 0.0475593 0.0525104 0.0580775 0.0642666 0.0710822 0.0785265 0.0865986 0.0952945 0.104606 0.114521 0.125022 0.136088 0.14769 0.159797 0.17237 0.185366 0.198735 0.212425 0.226377 0.240528 0.254812 0.26916 0.2835 0.297757 0.311856 0.325722 0.339277 0.352448 0.36516 0.377341 0.388923 0.399839 0.410027 0.419429 0.427991 0.435664 0.442405 0.448174 0.45294 0.456675 0.459358 0.460974 0.461513 0.460974 0.459358 0.456675 0.45294 0.448174 0.442405 0.435664 0.427991 0.419429 0.410027 0.399839 0.388923 0.377341 0.36516 0.352448 0.339277 0.325722 0.311856 0.297757 0.2835 0.26916 0.254812 0.240528 0.226377 0.212425 0.198735 0.185366 0.17237 0.159797 0.14769 0.136088 0.125022 0.114521 0.104606 0.0952945 0.0865986 0.0785265 0.0710822 0.0642666 0.0580775 0.0525104 0.0475593 0.0432167 0.0394747 0.0363251 0.0337604 0.0317735 0.0303587 0.0295115 
0.0310926 0.0313911 0.0322876 0.0337848 0.0358872 0.0386005 0.0419319 0.0458891 0.0504802 0.0557132 0.0615952 0.0681323 0.0753284 0.0831852 0.0917012 0.100871 0.110686 0.121133 0.132191 0.143839 0.156045 0.168776 0.18199 0.195641 0.209677 0.224043 0.238675 0.25351 0.268475 0.2835 0.298508 0.313422 0.328164 0.342653 0.356812 0.370563 0.383829 0.396535 0.408611 0.419989 0.430604 0.440396 0.449311 0.457298 0.464312 0.470315 0.475272 0.479157 0.481947 0.483627 0.484188 0.483627 0.481947 0.479157 0.475272 0.470315 0.464312 0.457298 0.449311 0.440396 0.430604 0.419989 0.408611 0.396535 0.383829 0.370563 0.356812 0.342653 0.328164 0.313422 0.298508 0.2835 0.268475 0.25351 0.238675 0.224043 0.209677 0.195641 0.18199 0.168776 0.156045 0.143839 0.132191 0.121133 0.110686 0.100871 0.0917012 0.0831852 0.0753284 0.0681323 0.0615952 0.0557132 0.0504802 0.0458891 0.0419319 0.0386005 0.0358872 0.0337848 0.0322876 0.0313911 
0.0329706 0.0332856 0.0342316 0.0358113 0.0380292 0.0408913 0.0444046 0.0485769 0.0534165 0.0589311 0.0651278 0.0720122 0.0795881 0.0878563 0.0968147 0.106457 0.116773 0.127748 0.139361 0.151586 0.164391 0.17774 0.191589 0.205889 0.220585 0.235618 0.250923 0.26643 0.282067 0.297757 0.313422 0.328981 0.344352 0.359454 0.374204 0.388522 0.402328 0.415547 0.428105 0.439932 0.450962 0.461134 0.470391 0.478683 0.485963 0.492191 0.497335 0.501364 0.504258 0.506001 0.506582 0.506001 0.504258 0.501364 0.497335 0.492191 0.485963 0.478683 0.470391 0.461134 0.450962 0.439932 0.428105 0.415547 0.402328 0.388522 0.374204 0.359454 0.344352 0.328981 0.313422 0.297757 0.282067 0.26643 0.250923 0.235618 0.220585 0.205889 0.191589 0.17774 0.164391 0.151586 0.139361 0.127748 0.116773 0.106457 0.0968147 0.0878563 0.0795881 0.0720122 0.0651278 0.0589311 0.0534165 0.0485769 0.0444046 0.0408913 0.0380292 0.0358113 0.0342316 0.0332856 
0.034853 0.0351844 0.0361796 0.0378414 0.0401744 0.0431844 0.0468788 0.0512652 0.0563517 0.0621462 0.0686555 0.0758849 0.0838375 0.0925138 0.101911 0.112021 0.122833 0.13433 0.146491 0.159286 0.172684 0.186642 0.201117 0.216056 0.231401 0.247089 0.263053 0.27922 0.295515 0.311856 0.328164 0.344352 0.360338 0.376036 0.391361 0.40623 0.420562 0.434279 0.447304 0.459566 0.470997 0.481536 0.491125 0.49971 0.507247 0.513693 0.519015 0.523184 0.526178 0.52798 0.528582 0.52798 0.526178 0.523184 0.519015 0.513693 0.507247 0.49971 0.491125 0.481536 0.470997 0.459566 0.447304 0.434279 0.420562 0.40623 0.391361 0.376036 0.360338 0.344352 0.328164 0.311856 0.295515 0.27922 0.263053 0.247089 0.231401 0.216056 0.201117 0.186642 0.172684 0.159286 0.146491 0.13433 0.122833 0.112021 0.101911 0.0925138 0.0838375 0.0758849 0.0686555 0.0621462 0.0563517 0.0512652 0.0468788 0.0431844 0.0401744 0.0378414 0.0361796 0.0351844 
0.0367285 0.0370761 0.0381201 0.0398632 0.04231 0.0454665 0.0493398 0.0539379 0.0592686 0.0653397 0.0721578 0.0797277 0.0880522 0.0971309 0.10696 0.117531 0.128832 0.140843 0.153542 0.166898 0.180875 0.195432 0.21052 0.226084 0.242063 0.258392 0.275 0.291811 0.308746 0.325722 0.342653 0.359454 0.376036 0.392311 0.408193 0.423596 0.438436 0.452632 0.466107 0.478789 0.490607 0.501498 0.511405 0.520272 0.528055 0.53471 0.540203 0.544506 0.547595 0.549456 0.550077 0.549456 0.547595 0.544506 0.540203 0.53471 0.528055 0.520272 0.511405 0.501498 0.490607 0.478789 0.466107 0.452632 0.438436 0.423596 0.408193 0.392311 0.376036 0.359454 0.342653 0.325722 0.308746 0.291811 0.275 0.258392 0.242063 0.226084 0.21052 0.195432 0.180875 0.166898 0.153542 0.140843 0.128832 0.117531 0.10696 0.0971309 0.0880522 0.0797277 0.0721578 0.0653397 0.0592686 0.0539379 0.0493398 0.0454665 0.04231 0.0398632 0.0381201 0.0370761 
0.0385853 0.038949 0.0400409 0.0418639 0.0444227 0.0477232 0.0517727 0.0565788 0.0621495 0.0684923 0.0756135 0.0835176 0.0922068 0.10168 0.111933 0.122955 0.134733 0.147248 0.160472 0.174376 0.18892 0.204059 0.219744 0.235917 0.252513 0.269465 0.286698 0.304133 0.321688 0.339277 0.356812 0.374204 0.391361 0.408193 0.424611 0.440527 0.455854 0.470511 0.484418 0.497501 0.509689 0.520918 0.531127 0.540265 0.548281 0.555135 0.560792 0.565222 0.568402 0.570317 0.570957 0.570317 0.568402 0.565222 0.560792 0.555135 0.548281 0.540265 0.531127 0.520918 0.509689 0.497501 0.484418 0.470511 0.455854 0.440527 0.424611 0.408193 0.391361 0.374204 0.356812 0.339277 0.321688 0.304133 0.286698 0.269465 0.252513 0.235917 0.219744 0.204059 0.18892 0.174376 0.160472 0.147248 0.134733 0.122955 0.111933 0.10168 0.0922068 0.0835176 0.0756135 0.0684923 0.0621495 0.0565788 0.0517727 0.0477232 0.0444227 0.0418639 0.0400409 0.038949 
0.0404115 0.0407908 0.0419296 0.0438308 0.046499 0.0499403 0.0541617 0.0591711 0.0649761 0.0715841 0.079001 0.0872311 0.0962758 0.106133 0.116798 0.12826 0.140503 0.153506 0.167241 0.181676 0.196769 0.212474 0.228737 0.245498 0.26269 0.280243 0.298079 0.316116 0.334268 0.352448 0.370563 0.388522 0.40623 0.423596 0.440527 0.456932 0.472725 0.487821 0.50214 0.515605 0.528145 0.539694 0.550192 0.559584 0.567823 0.574866 0.580677 0.585227 0.588494 0.59046 0.591117 0.59046 0.588494 0.585227 0.580677 0.574866 0.567823 0.559584 0.550192 0.539694 0.528145 0.515605 0.50214 0.487821 0.472725 0.456932 0.440527 0.423596 0.40623 0.388522 0.370563 0.352448 0.334268 0.316116 0.298079 0.280243 0.26269 0.245498 0.228737 0.212474 0.196769 0.181676 0.167241 0.153506 0.140503 0.12826 0.116798 0.106133 0.0962758 0.0872311 0.079001 0.0715841 0.0649761 0.0591711 0.0541617 0.0499403 0.046499 0.0438308 0.0419296 0.0407908 
0.0421947 0.0425891 0.0437735 0.0457506 0.0485251 0.0521029 0.0564913 0.0616977 0.06773 0.074595 0.0822985 0.0908443 0.100233 0.110463 0.121526 0.133413 0.146104 0.159579 0.173807 0.188754 0.204376 0.220625 0.237444 0.254771 0.272536 0.290665 0.309079 0.327692 0.346416 0.36516 0.383829 0.402328 0.420562 0.438436 0.455854 0.472725 0.48896 0.504473 0.51918 0.533007 0.545879 0.55773 0.5685 0.578134 0.586582 0.593802 0.599759 0.604422 0.60777 0.609785 0.610457 0.609785 0.60777 0.604422 0.599759 0.593802 0.586582 0.578134 0.5685 0.55773 0.545879 0.533007 0.51918 0.504473 0.48896 0.472725 0.455854 0.438436 0.420562 0.402328 0.383829 0.36516 0.346416 0.327692 0.309079 0.290665 0.272536 0.254771 0.237444 0.220625 0.204376 0.188754 0.173807 0.159579 0.146104 0.133413 0.121526 0.110463 0.100233 0.0908443 0.0822985 0.074595 0.06773 0.0616977 0.0564913 0.0521029 0.0485251 0.0457506 0.0437735 0.0425891 
0.0439225 0.0443316 0.0455598 0.0476101 0.0504869 0.0541964 0.0587455 0.0641417 0.0703927 0.0775051 0.0854843 0.0943336 0.104053 0.11464 0.126087 0.13838 0.151502 0.165429 0.18013 0.195566 0.211695 0.228463 0.245813 0.26368 0.281991 0.30067 0.319634 0.338795 0.358062 0.377341 0.396535 0.415547 0.434279 0.452632 0.470511 0.487821 0.504473 0.520377 0.535451 0.549617 0.562801 0.574936 0.585961 0.59582 0.604463 0.611849 0.617942 0.622711 0.626134 0.628195 0.628882 0.628195 0.626134 0.622711 0.617942 0.611849 0.604463 0.59582 0.585961 0.574936 0.562801 0.549617 0.535451 0.520377 0.504473 0.487821 0.470511 0.452632 0.434279 0.415547 0.396535 0.377341 0.358062 0.338795 0.319634 0.30067 0.281991 0.26368 0.245813 0.228463 0.211695 0.195566 0.18013 0.165429 0.151502 0.13838 0.126087 0.11464 0.104053 0.0943336 0.0854843 0.0775051 0.0703927 0.0641417 0.0587455 0.0541964 0.0504869 0.0476101 0.0455598 0.0443316 
0.0455826 0.0460057 0.0472758 0.049396 0.0523707 0.0562059 0.0609086 0.0664861 0.0729459 0.0802945 0.0885368 0.0976756 0.107711 0.118638 0.130449 0.143131 0.156662 0.171019 0.186168 0.202071 0.218679 0.235941 0.253794 0.272172 0.291 0.310199 0.329682 0.34936 0.369139 0.388923 0.408611 0.428105 0.447304 0.466107 0.484418 0.50214 0.51918 0.535451 0.550867 0.565349 0.578824 0.591224 0.602485 0.612553 0.621379 0.628919 0.635138 0.640005 0.643498 0.6456 0.646302 0.6456 0.643498 0.640005 0.635138 0.628919 0.621379 0.612553 0.602485 0.591224 0.578824 0.565349 0.550867 0.535451 0.51918 0.50214 0.484418 0.466107 0.447304 0.428105 0.408611 0.388923 0.369139 0.34936 0.329682 0.310199 0.291 0.272172 0.253794 0.235941 0.218679 0.202071 0.186168 0.171019 0.156662 0.143131 0.130449 0.118638 0.107711 0.0976756 0.0885368 0.0802945 0.0729459 0.0664861 0.0609086 0.0562059 0.0523707 0.049396 0.0472758 0.0460057 
0.0471628 0.0475991 0.048909 0.0510954 0.0541628 0.0581171 0.0629651 0.0687143 0.0753718 0.0829437 0.0914348 0.100847 0.111181 0.12243 0.134585 0.147632 0.161551 0.176313 0.191885 0.208225 0.225286 0.243011 0.261338 0.280196 0.299508 0.319194 0.339164 0.359326 0.379584 0.399839 0.419989 0.439932 0.459566 0.478789 0.497501 0.515605 0.533007 0.549617 0.565349 0.580125 0.593869 0.606512 0.617992 0.628253 0.637246 0.644928 0.651263 0.65622 0.659777 0.661918 0.662633 0.661918 0.659777 0.65622 0.651263 0.644928 0.637246 0.628253 0.617992 0.606512 0.593869 0.580125 0.565349 0.549617 0.533007 0.515605 0.497501 0.478789 0.459566 0.439932 0.419989 0.399839 0.379584 0.359326 0.339164 0.319194 0.299508 0.280196 0.261338 0.243011 0.225286 0.208225 0.191885 0.176313 0.161551 0.147632 0.134585 0.12243 0.111181 0.100847 0.0914348 0.0829437 0.0753718 0.0687143 0.0629651 0.0581171 0.0541628 0.0510954 0.048909 0.0475991 
0.0486513 0.0491 0.0504472 0.0526957 0.0558499 0.0599158 0.0649002 0.0708102 0.0776528 0.085434 0.094158 0.103827 0.114439 0.125989 0.138466 0.151855 0.166135 0.181275 0.197241 0.21399 0.231472 0.249629 0.268396 0.2877 0.307464 0.327602 0.348023 0.368634 0.389336 0.410027 0.430604 0.450962 0.470997 0.490607 0.509689 0.528145 0.545879 0.562801 0.578824 0.593869 0.607858 0.620725 0.632405 0.642843 0.651989 0.6598 0.66624 0.67128 0.674896 0.677072 0.677798 0.677072 0.674896 0.67128 0.66624 0.6598 0.651989 0.642843 0.632405 0.620725 0.607858 0.593869 0.578824 0.562801 0.545879 0.528145 0.509689 0.490607 0.470997 0.450962 0.430604 0.410027 0.389336 0.368634 0.348023 0.327602 0.307464 0.2877 0.268396 0.249629 0.231472 0.21399 0.197241 0.181275 0.166135 0.151855 0.138466 0.125989 0.114439 0.103827 0.094158 0.085434 0.0776528 0.0708102 0.0649002 0.0599158 0.0558499 0.0526957 0.0504472 0.0491 
0.0500366 0.0504969 0.0518786 0.0541846 0.0574194 0.0615887 0.0666994 0.0727583 0.0797724 0.0877473 0.096687 0.106593 0.117463 0.129291 0.142066 0.155771 0.170383 0.185873 0.202203 0.219329 0.237199 0.255754 0.274925 0.294641 0.314818 0.335371 0.356208 0.37723 0.398339 0.419429 0.440396 0.461134 0.481536 0.501498 0.520918 0.539694 0.55773 0.574936 0.591224 0.606512 0.620725 0.633793 0.645654 0.656252 0.665536 0.673464 0.68 0.685114 0.688783 0.690991 0.691728 0.690991 0.688783 0.685114 0.68 0.673464 0.665536 0.656252 0.645654 0.633793 0.620725 0.606512 0.591224 0.574936 0.55773 0.539694 0.520918 0.501498 0.481536 0.461134 0.440396 0.419429 0.398339 0.37723 0.356208 0.335371 0.314818 0.294641 0.274925 0.255754 0.237199 0.219329 0.202203 0.185873 0.170383 0.155771 0.142066 0.129291 0.117463 0.106593 0.096687 0.0877473 0.0797724 0.0727583 0.0666994 0.0615887 0.0574194 0.0541846 0.0518786 0.0504969 
