0.000347154 0.000354543 0.000376869 0.000414607 0.000468544 0.000539772 0.000629678 0.000739929 0.000872456 0.00102943 0.00121323 0.00142642 0.0016717 0.00195187 0.00226976 0.00262821 0.00302995 0.00347759 0.00397352 0.00451983 0.00511823 0.00577001 0.0064759 0.00723607 0.00805001 0.00891649 0.00983352 0.0107983 0.0118072 0.0128557 0.0139386 0.0150496 0.016182 0.0173282 0.0184798 0.0196282 0.020764 0.0218779 0.0229599 0.0240003 0.0249894 0.0259176 0.0267759 0.0275557 0.0282489 0.0288483 0.0293478 0.0297419 0.0300265 0.0301985 0.030256 0.0301985 0.0300265 0.0297419 0.0293478 0.0288483 0.0282489 0.0275557 0.0267759 0.0259176 0.0249894 0.0240003 0.0229599 0.0218779 0.020764 0.0196282 0.0184798 0.0173282 0.016182 0.0150496 0.0139386 0.0128557 0.0118072 0.0107983 0.00983352 0.00891649 0.00805001 0.00723607 0.0064759 0.00577001 0.00511823 0.00451983 0.00397352 0.00347759 0.00302995 0.00262821 0.00226976 0.00195187 0.0016717 0.00142642 0.00121323 0.00102943 0.000872456 0.000739929 0.000629678 0.000539772 0.000468544 0.000414607 0.000376869 0.000354543 
0.000354543 0.000362078 0.000384845 0.000423326 0.000478322 0.000550943 0.000642598 0.000754981 0.000890055 0.00105002 0.00123731 0.0014545 0.00170436 0.0019897 0.00231342 0.00267837 0.00308735 0.00354298 0.00404767 0.00460354 0.00521233 0.00587531 0.00659323 0.00736623 0.00819378 0.00907463 0.0100067 0.0109872 0.0120124 0.0130777 0.0141777 0.0153063 0.0164564 0.0176203 0.0187896 0.0199555 0.0211086 0.0222392 0.0233374 0.0243933 0.025397 0.026339 0.0272098 0.028001 0.0287042 0.0293124 0.0298191 0.0302189 0.0305076 0.030682 0.0307404 0.030682 0.0305076 0.0302189 0.0298191 0.0293124 0.0287042 0.028001 0.0272098 0.026339 0.025397 0.0243933 0.0233374 0.0222392 0.0211086 0.0199555 0.0187896 0.0176203 0.0164564 0.0153063 0.0141777 0.0130777 0.0120124 0.0109872 0.0100067 0.00907463 0.00819378 0.00736623 0.00659323 0.00587531 0.00521233 0.00460354 0.00404767 0.00354298 0.00308735 0.00267837 0.00231342 0.0019897 0.00170436 0.0014545 0.00123731 0.00105002 0.000890055 0.000754981 0.000642598 0.000550943 0.000478322 0.000423326 0.000384845 0.000362078 
0.000376869 0.000384845 0.000408942 0.000449667 0.000507858 0.000584682 0.000681614 0.000800432 0.00094319 0.00111219 0.00130998 0.00153926 0.0018029 0.00210386 0.00244513 0.00282971 0.00326048 0.00374017 0.00427128 0.00485598 0.00549605 0.00619278 0.00694692 0.00775856 0.0086271 0.00955119 0.0105286 0.0115564 0.0126306 0.0137464 0.0148981 0.0160793 0.0172826 0.0184999 0.0197225 0.0209411 0.022146 0.023327 0.0244739 0.0255764 0.0266241 0.0276071 0.0285158 0.0293412 0.0300747 0.030709 0.0312374 0.0316543 0.0319553 0.0321372 0.0321981 0.0321372 0.0319553 0.0316543 0.0312374 0.030709 0.0300747 0.0293412 0.0285158 0.0276071 0.0266241 0.0255764 0.0244739 0.023327 0.022146 0.0209411 0.0197225 0.0184999 0.0172826 0.0160793 0.0148981 0.0137464 0.0126306 0.0115564 0.0105286 0.00955119 0.0086271 0.00775856 0.00694692 0.00619278 0.00549605 0.00485598 0.00427128 0.00374017 0.00326048 0.00282971 0.00244513 0.00210386 0.0018029 0.00153926 0.00130998 0.00111219 0.00094319 0.000800432 0.000681614 0.000584682 0.000507858 0.000449667 0.000408942 0.000384845 
0.000414607 0.000423326 0.000449667 0.000494175 0.000557756 0.000641665 0.000747496 0.000877159 0.00103287 0.0012171 0.00143257 0.0016822 0.00196905 0.0022963 0.00266713 0.00308473 0.00355216 0.00407232 0.00464783 0.00528098 0.00597362 0.00672706 0.00754202 0.00841855 0.00935591 0.0103526 0.0114061 0.0125132 0.0136696 0.01487 0.0161084 0.0173778 0.0186702 0.019977 0.0212888 0.0225957 0.0238872 0.0251527 0.0263811 0.0275614 0.0286828 0.0297345 0.0307065 0.031589 0.0323733 0.0330512 0.0336159 0.0340614 0.034383 0.0345773 0.0346423 0.0345773 0.034383 0.0340614 0.0336159 0.0330512 0.0323733 0.031589 0.0307065 0.0297345 0.0286828 0.0275614 0.0263811 0.0251527 0.0238872 0.0225957 0.0212888 0.019977 0.0186702 0.0173778 0.0161084 0.01487 0.0136696 0.0125132 0.0114061 0.0103526 0.00935591 0.00841855 0.00754202 0.00672706 0.00597362 0.00528098 0.00464783 0.00407232 0.00355216 0.00308473 0.00266713 0.0022963 0.00196905 0.0016822 0.00143257 0.0012171 0.00103287 0.000877159 0.000747496 0.000641665 0.000557756 0.000494175 0.000449667 0.000423326 
0.000468544 0.000478322 0.000507858 0.000557756 0.000629013 0.000723013 0.000841511 0.000986612 0.00116075 0.00136664 0.00160727 0.00188583 0.00220568 0.00257026 0.00298307 0.00344754 0.003967 0.00454457 0.00518306 0.00588489 0.00665201 0.00748578 0.00838687 0.00935523 0.01039 0.0114893 0.0126504 0.0138695 0.015142 0.016462 0.0178228 0.0192166 0.0206347 0.0220677 0.0235053 0.0249366 0.0263503 0.0277347 0.0290779 0.0303679 0.0315928 0.0327413 0.0338023 0.0347653 0.0356208 0.0363602 0.0369758 0.0374615 0.0378121 0.0380239 0.0380947 0.0380239 0.0378121 0.0374615 0.0369758 0.0363602 0.0356208 0.0347653 0.0338023 0.0327413 0.0315928 0.0303679 0.0290779 0.0277347 0.0263503 0.0249366 0.0235053 0.0220677 0.0206347 0.0192166 0.0178228 0.016462 0.015142 0.0138695 0.0126504 0.0114893 0.01039 0.00935523 0.00838687 0.00748578 0.00665201 0.00588489 0.00518306 0.00454457 0.003967 0.00344754 0.00298307 0.00257026 0.00220568 0.00188583 0.00160727 0.00136664 0.00116075 0.000986612 0.000841511 0.000723013 0.000629013 0.000557756 0.000507858 0.000478322 
0.000539772 0.000550943 0.000584682 0.000641665 0.000723013 0.000830277 0.00096542 0.0011308 0.00132913 0.00156345 0.00183709 0.0021536 0.0025167 0.00293021 0.00339799 0.00392383 0.00451138 0.00516402 0.00588483 0.00667641 0.0075408 0.0084794 0.00949287 0.010581 0.0117426 0.0129756 0.0142768 0.0156418 0.0170653 0.0185408 0.0200606 0.021616 0.0231974 0.0247941 0.0263949 0.0279875 0.0295596 0.0310981 0.0325899 0.0340219 0.035381 0.0366547 0.0378308 0.0388979 0.0398456 0.0406644 0.041346 0.0418836 0.0422716 0.042506 0.0425844 0.042506 0.0422716 0.0418836 0.041346 0.0406644 0.0398456 0.0388979 0.0378308 0.0366547 0.035381 0.0340219 0.0325899 0.0310981 0.0295596 0.0279875 0.0263949 0.0247941 0.0231974 0.021616 0.0200606 0.0185408 0.0170653 0.0156418 0.0142768 0.0129756 0.0117426 0.010581 0.00949287 0.0084794 0.0075408 0.00667641 0.00588483 0.00516402 0.00451138 0.00392383 0.00339799 0.00293021 0.0025167 0.0021536 0.00183709 0.00156345 0.00132913 0.0011308 0.00096542 0.000830277 0.000723013 0.000641665 0.000584682 0.000550943 
0.000629678 0.000642598 0.000681614 0.000747496 0.000841511 0.00096542 0.00112145 0.00131226 0.00154092 0.00181087 0.00212585 0.00248986 0.00290707 0.00338177 0.00391826 0.00452074 0.00519327 0.00593958 0.00676303 0.00766642 0.00865194 0.00972102 0.0108742 0.0121112 0.0134304 0.0148294 0.0163044 0.0178503 0.019461 0.021129 0.0228456 0.024601 0.0263842 0.0281834 0.0299856 0.0317776 0.033545 0.0352736 0.0369488 0.0385557 0.0400801 0.0415079 0.0428258 0.0440211 0.0450822 0.0459987 0.0467615 0.0473629 0.0477969 0.0480591 0.0481468 0.0480591 0.0477969 0.0473629 0.0467615 0.0459987 0.0450822 0.0440211 0.0428258 0.0415079 0.0400801 0.0385557 0.0369488 0.0352736 0.033545 0.0317776 0.0299856 0.0281834 0.0263842 0.024601 0.0228456 0.021129 0.019461 0.0178503 0.0163044 0.0148294 0.0134304 0.0121112 0.0108742 0.00972102 0.00865194 0.00766642 0.00676303 0.00593958 0.00519327 0.00452074 0.00391826 0.00338177 0.00290707 0.00248986 0.00212585 0.00181087 0.00154092 0.00131226 0.00112145 0.00096542 0.000841511 0.000747496 0.000681614 0.000642598 
0.000739929 0.000754981 0.000800432 0.000877159 0.000986612 0.0011308 0.00131226 0.00153402 0.00179959 0.00211287 0.00247809 0.0028998 0.0033827 0.00393162 0.00455139 0.00524674 0.00602215 0.00688178 0.00782931 0.00886779 0.00999954 0.011226 0.0125477 0.013964 0.015473 0.0170717 0.0187555 0.0205188 0.0223542 0.0242532 0.0262058 0.0282007 0.0302256 0.0322669 0.0343102 0.0363402 0.0383411 0.0402967 0.0421905 0.0440062 0.0457276 0.0473392 0.0488259 0.0501737 0.0513699 0.0524027 0.053262 0.0539394 0.0544282 0.0547234 0.0548222 0.0547234 0.0544282 0.0539394 0.053262 0.0524027 0.0513699 0.0501737 0.0488259 0.0473392 0.0457276 0.0440062 0.0421905 0.0402967 0.0383411 0.0363402 0.0343102 0.0322669 0.0302256 0.0282007 0.0262058 0.0242532 0.0223542 0.0205188 0.0187555 0.0170717 0.015473 0.013964 0.0125477 0.011226 0.00999954 0.00886779 0.00782931 0.00688178 0.00602215 0.00524674 0.00455139 0.00393162 0.0033827 0.0028998 0.00247809 0.00211287 0.00179959 0.00153402 0.00131226 0.0011308 0.000986612 0.000877159 0.000800432 0.000754981 
0.000872456 0.000890055 0.00094319 0.00103287 0.00116075 0.00132913 0.00154092 0.00179959 0.00210914 0.002474 0.00289903 0.00338935 0.00395032 0.00458739 0.005306 0.00611146 0.00700879 0.00800259 0.00909691 0.0102951 0.0115996 0.0130118 0.0145322 0.0161598 0.0178922 0.0197258 0.0216552 0.0236737 0.0257728 0.0279427 0.0301718 0.0324473 0.034755 0.0370795 0.0394044 0.0417125 0.0439857 0.046206 0.0483547 0.0504136 0.0523644 0.0541898 0.055873 0.0573983 0.0587513 0.0599193 0.0608908 0.0616565 0.0622088 0.0625425 0.062654 0.0625425 0.0622088 0.0616565 0.0608908 0.0599193 0.0587513 0.0573983 0.055873 0.0541898 0.0523644 0.0504136 0.0483547 0.046206 0.0439857 0.0417125 0.0394044 0.0370795 0.034755 0.0324473 0.0301718 0.0279427 0.0257728 0.0236737 0.0216552 0.0197258 0.0178922 0.0161598 0.0145322 0.0130118 0.0115996 0.0102951 0.00909691 0.00800259 0.00700879 0.00611146 0.005306 0.00458739 0.00395032 0.00338935 0.00289903 0.002474 0.00210914 0.00179959 0.00154092 0.00132913 0.00116075 0.00103287 0.00094319 0.000890055 
0.00102943 0.00105002 0.00111219 0.0012171 0.00136664 0.00156345 0.00181087 0.00211287 0.002474 0.00289936 0.00339444 0.0039651 0.0046174 0.00535752 0.00619158 0.00712555 0.00816504 0.00931516 0.0105804 0.0119643 0.0134695 0.0150974 0.0168482 0.0187206 0.0207118 0.0228171 0.0250304 0.0273436 0.0297471 0.0322292 0.0347768 0.0373752 0.0400081 0.042658 0.0453063 0.0479333 0.0505189 0.0530424 0.055483 0.0578201 0.0600333 0.062103 0.0640106 0.0657385 0.0672708 0.0685929 0.0696924 0.0705587 0.0711836 0.071561 0.0716872 0.071561 0.0711836 0.0705587 0.0696924 0.0685929 0.0672708 0.0657385 0.0640106 0.062103 0.0600333 0.0578201 0.055483 0.0530424 0.0505189 0.0479333 0.0453063 0.042658 0.0400081 0.0373752 0.0347768 0.0322292 0.0297471 0.0273436 0.0250304 0.0228171 0.0207118 0.0187206 0.0168482 0.0150974 0.0134695 0.0119643 0.0105804 0.00931516 0.00816504 0.00712555 0.00619158 0.00535752 0.0046174 0.0039651 0.00339444 0.00289936 0.002474 0.00211287 0.00181087 0.00156345 0.00136664 0.0012171 0.00111219 0.00105002 
0.00121323 0.00123731 0.00130998 0.00143257 0.00160727 0.00183709 0.00212585 0.00247809 0.00289903 0.00339444 0.00397061 0.00463418 0.00539202 0.0062511 0.00721834 0.00830042 0.0095036 0.0108335 0.0122951 0.0138923 0.0156277 0.0175028 0.0195175 0.02167 0.0239568 0.0263723 0.0289093 0.0315584 0.0343082 0.0371454 0.040055 0.0430199 0.0460216 0.0490402 0.0520545 0.0550424 0.057981 0.060847 0.063617 0.0662679 0.0687768 0.0711219 0.0732821 0.0752381 0.0769719 0.0784674 0.0797107 0.0806902 0.0813965 0.081823 0.0819656 0.081823 0.0813965 0.0806902 0.0797107 0.0784674 0.0769719 0.0752381 0.0732821 0.0711219 0.0687768 0.0662679 0.063617 0.060847 0.057981 0.0550424 0.0520545 0.0490402 0.0460216 0.0430199 0.040055 0.0371454 0.0343082 0.0315584 0.0289093 0.0263723 0.0239568 0.02167 0.0195175 0.0175028 0.0156277 0.0138923 0.0122951 0.0108335 0.0095036 0.00830042 0.00721834 0.0062511 0.00539202 0.00463418 0.00397061 0.00339444 0.00289903 0.00247809 0.00212585 0.00183709 0.00160727 0.00143257 0.00130998 0.00123731 
0.00142642 0.0014545 0.00153926 0.0016822 0.00188583 0.0021536 0.00248986 0.0028998 0.00338935 0.0039651 0.00463418 0.00540411 0.00628266 0.00727771 0.008397 0.00964802 0.0110377 0.0125724 0.0142574 0.0160968 0.0180935 0.0202489 0.0225624 0.0250318 0.0276527 0.0304185 0.0333206 0.0363481 0.0394877 0.0427243 0.0460403 0.0494165 0.0528317 0.0562633 0.0596872 0.0630785 0.0664114 0.0696597 0.0727972 0.0757977 0.078636 0.0812874 0.0837287 0.0859382 0.0878958 0.0895839 0.090987 0.092092 0.0928887 0.0933697 0.0935306 0.0933697 0.0928887 0.092092 0.090987 0.0895839 0.0878958 0.0859382 0.0837287 0.0812874 0.078636 0.0757977 0.0727972 0.0696597 0.0664114 0.0630785 0.0596872 0.0562633 0.0528317 0.0494165 0.0460403 0.0427243 0.0394877 0.0363481 0.0333206 0.0304185 0.0276527 0.0250318 0.0225624 0.0202489 0.0180935 0.0160968 0.0142574 0.0125724 0.0110377 0.00964802 0.008397 0.00727771 0.00628266 0.00540411 0.00463418 0.0039651 0.00338935 0.0028998 0.00248986 0.0021536 0.00188583 0.0016822 0.00153926 0.0014545 
0.0016717 0.00170436 0.0018029 0.00196905 0.00220568 0.0025167 0.00290707 0.0033827 0.00395032 0.0046174 0.00539202 0.00628266 0.0072981 0.00844717 0.00973856 0.0111806 0.012781 0.0145466 0.0164833 0.0185955 0.0208862 0.0233564 0.0260053 0.0288298 0.0318248 0.0349824 0.0382924 0.0417421 0.0453164 0.0489976 0.0527658 0.056599 0.0604732 0.0643626 0.0682403 0.0720781 0.0758469 0.0795175 0.0830604 0.0864467 0.0896478 0.0926366 0.0953872 0.0978754 0.100079 0.101979 0.103557 0.1048 0.105696 0.106237 0.106418 0.106237 0.105696 0.1048 0.103557 0.101979 0.100079 0.0978754 0.0953872 0.0926366 0.0896478 0.0864467 0.0830604 0.0795175 0.0758469 0.0720781 0.0682403 0.0643626 0.0604732 0.056599 0.0527658 0.0489976 0.0453164 0.0417421 0.0382924 0.0349824 0.0318248 0.0288298 0.0260053 0.0233564 0.0208862 0.0185955 0.0164833 0.0145466 0.012781 0.0111806 0.00973856 0.00844717 0.0072981 0.00628266 0.00539202 0.0046174 0.00395032 0.0033827 0.00290707 0.0025167 0.00220568 0.00196905 0.0018029 0.00170436 
0.00195187 0.0019897 0.00210386 0.0022963 0.00257026 0.00293021 0.00338177 0.00393162 0.00458739 0.00535752 0.0062511 0.00727771 0.00844717 0.00976938 0.011254 0.0129103 0.0147468 0.016771 0.0189892 0.021406 0.0240245 0.0268455 0.0298677 0.0330871 0.0364975 0.0400896 0.0438515 0.0477684 0.051823 0.0559951 0.0602619 0.0645984 0.0689775 0.0733702 0.077746 0.0820733 0.0863198 0.0904525 0.0944389 0.0982464 0.101844 0.105201 0.108288 0.11108 0.113552 0.115682 0.117451 0.118844 0.119848 0.120454 0.120656 0.120454 0.119848 0.118844 0.117451 0.115682 0.113552 0.11108 0.108288 0.105201 0.101844 0.0982464 0.0944389 0.0904525 0.0863198 0.0820733 0.077746 0.0733702 0.0689775 0.0645984 0.0602619 0.0559951 0.051823 0.0477684 0.0438515 0.0400896 0.0364975 0.0330871 0.0298677 0.0268455 0.0240245 0.021406 0.0189892 0.016771 0.0147468 0.0129103 0.011254 0.00976938 0.00844717 0.00727771 0.0062511 0.00535752 0.00458739 0.00393162 0.00338177 0.00293021 0.00257026 0.0022963 0.00210386 0.0019897 
0.00226976 0.00231342 0.00244513 0.00266713 0.00298307 0.00339799 0.00391826 0.00455139 0.005306 0.00619158 0.00721834 0.008397 0.00973856 0.011254 0.0129541 0.0148491 0.0169482 0.0192597 0.0217903 0.0245449 0.0275265 0.0307355 0.03417 0.0378252 0.0416933 0.0457635 0.0500222 0.0544521 0.0590334 0.063743 0.0685552 0.0734416 0.0783717 0.0833129 0.0882311 0.0930908 0.0978561 0.10249 0.106958 0.111221 0.115247 0.119002 0.122454 0.125574 0.128335 0.130713 0.132688 0.134242 0.135362 0.136038 0.136264 0.136038 0.135362 0.134242 0.132688 0.130713 0.128335 0.125574 0.122454 0.119002 0.115247 0.111221 0.106958 0.10249 0.0978561 0.0930908 0.0882311 0.0833129 0.0783717 0.0734416 0.0685552 0.063743 0.0590334 0.0544521 0.0500222 0.0457635 0.0416933 0.0378252 0.03417 0.0307355 0.0275265 0.0245449 0.0217903 0.0192597 0.0169482 0.0148491 0.0129541 0.011254 0.00973856 0.008397 0.00721834 0.00619158 0.005306 0.00455139 0.00391826 0.00339799 0.00298307 0.00266713 0.00244513 0.00231342 
0.00262821 0.00267837 0.00282971 0.00308473 0.00344754 0.00392383 0.00452074 0.00524674 0.00611146 0.00712555 0.00830042 0.00964802 0.0111806 0.0129103 0.0148491 0.017008 0.0193974 0.0220261 0.0249011 0.0280277 0.0314085 0.0350437 0.0389305 0.043063 0.047432 0.0520249 0.0568256 0.0618147 0.0669693 0.0722633 0.0776676 0.0831503 0.0886771 0.0942116 0.0997156 0.10515 0.110474 0.115649 0.120633 0.125387 0.129873 0.134055 0.137897 0.141368 0.144438 0.147082 0.149277 0.151004 0.152248 0.152999 0.15325 0.152999 0.152248 0.151004 0.149277 0.147082 0.144438 0.141368 0.137897 0.134055 0.129873 0.125387 0.120633 0.115649 0.110474 0.10515 0.0997156 0.0942116 0.0886771 0.0831503 0.0776676 0.0722633 0.0669693 0.0618147 0.0568256 0.0520249 0.047432 0.043063 0.0389305 0.0350437 0.0314085 0.0280277 0.0249011 0.0220261 0.0193974 0.017008 0.0148491 0.0129103 0.0111806 0.00964802 0.00830042 0.00712555 0.00611146 0.00524674 0.00452074 0.00392383 0.00344754 0.00308473 0.00282971 0.00267837 
0.00302995 0.00308735 0.00326048 0.00355216 0.003967 0.00451138 0.00519327 0.00602215 0.00700879 0.00816504 0.0095036 0.0110377 0.012781 0.0147468 0.0169482 0.0193974 0.0221055 0.025082 0.0283343 0.0318678 0.0356849 0.0397851 0.0441648 0.0488168 0.0537302 0.0588903 0.0642786 0.0698729 0.0756472 0.0815721 0.0876147 0.0937394 0.0999078 0.106079 0.112212 0.118261 0.124184 0.129935 0.135471 0.140748 0.145725 0.15036 0.154618 0.158462 0.16186 0.164786 0.167214 0.169124 0.1705 0.17133 0.171607 0.17133 0.1705 0.169124 0.167214 0.164786 0.16186 0.158462 0.154618 0.15036 0.145725 0.140748 0.135471 0.129935 0.124184 0.118261 0.112212 0.106079 0.0999078 0.0937394 0.0876147 0.0815721 0.0756472 0.0698729 0.0642786 0.0588903 0.0537302 0.0488168 0.0441648 0.0397851 0.0356849 0.0318678 0.0283343 0.025082 0.0221055 0.0193974 0.0169482 0.0147468 0.012781 0.0110377 0.0095036 0.00816504 0.00700879 0.00602215 0.00519327 0.00451138 0.003967 0.00355216 0.00326048 0.00308735 
0.00347759 0.00354298 0.00374017 0.00407232 0.00454457 0.00516402 0.00593958 0.00688178 0.00800259 0.00931516 0.0108335 0.0125724 0.0145466 0.016771 0.0192597 0.0220261 0.025082 0.0284375 0.0321006 0.0360764 0.0403671 0.0449716 0.0498851 0.0550988 0.0606 0.0663717 0.0723927 0.0786378 0.0850775 0.0916788 0.0984049 0.105216 0.112069 0.11892 0.125722 0.132426 0.138984 0.145347 0.151468 0.157298 0.162792 0.167907 0.172602 0.17684 0.180584 0.183807 0.18648 0.188582 0.190096 0.19101 0.191315 0.19101 0.190096 0.188582 0.18648 0.183807 0.180584 0.17684 0.172602 0.167907 0.162792 0.157298 0.151468 0.145347 0.138984 0.132426 0.125722 0.11892 0.112069 0.105216 0.0984049 0.0916788 0.0850775 0.0786378 0.0723927 0.0663717 0.0606 0.0550988 0.0498851 0.0449716 0.0403671 0.0360764 0.0321006 0.0284375 0.025082 0.0220261 0.0192597 0.016771 0.0145466 0.0125724 0.0108335 0.00931516 0.00800259 0.00688178 0.00593958 0.00516402 0.00454457 0.00407232 0.00374017 0.00354298 
0.00397352 0.00404767 0.00427128 0.00464783 0.00518306 0.00588483 0.00676303 0.00782931 0.00909691 0.0105804 0.0122951 0.0142574 0.0164833 0.0189892 0.0217903 0.0249011 0.0283343 0.0321006 0.0362081 0.0406618 0.0454637 0.0506116 0.0560994 0.0619167 0.0680487 0.0744757 0.0811737 0.088114 0.0952636 0.102585 0.110038 0.117578 0.125158 0.132728 0.140237 0.147632 0.15486 0.161868 0.168603 0.175015 0.181053 0.186671 0.191824 0.196473 0.200579 0.204111 0.207041 0.209344 0.211002 0.212002 0.212337 0.212002 0.211002 0.209344 0.207041 0.204111 0.200579 0.196473 0.191824 0.186671 0.181053 0.175015 0.168603 0.161868 0.15486 0.147632 0.140237 0.132728 0.125158 0.117578 0.110038 0.102585 0.0952636 0.088114 0.0811737 0.0744757 0.0680487 0.0619167 0.0560994 0.0506116 0.0454637 0.0406618 0.0362081 0.0321006 0.0283343 0.0249011 0.0217903 0.0189892 0.0164833 0.0142574 0.0122951 0.0105804 0.00909691 0.00782931 0.00676303 0.00588483 0.00518306 0.00464783 0.00427128 0.00404767 
0.00451983 0.00460354 0.00485598 0.00528098 0.00588489 0.00667641 0.00766642 0.00886779 0.0102951 0.0119643 0.0138923 0.0160968 0.0185955 0.021406 0.0245449 0.0280277 0.0318678 0.0360764 0.0406618 0.045629 0.0509791 0.056709 0.0628112 0.0692732 0.0760779 0.0832027 0.0906205 0.0982988 0.106201 0.114285 0.122506 0.130815 0.139161 0.147487 0.155739 0.163859 0.171788 0.17947 0.186847 0.193865 0.200469 0.20661 0.21224 0.217316 0.221797 0.225651 0.228845 0.231356 0.233164 0.234254 0.234618 0.234254 0.233164 0.231356 0.228845 0.225651 0.221797 0.217316 0.21224 0.20661 0.200469 0.193865 0.186847 0.17947 0.171788 0.163859 0.155739 0.147487 0.139161 0.130815 0.122506 0.114285 0.106201 0.0982988 0.0906205 0.0832027 0.0760779 0.0692732 0.0628112 0.056709 0.0509791 0.045629 0.0406618 0.0360764 0.0318678 0.0280277 0.0245449 0.021406 0.0185955 0.0160968 0.0138923 0.0119643 0.0102951 0.00886779 0.00766642 0.00667641 0.00588489 0.00528098 0.00485598 0.00460354 
0.00511823 0.00521233 0.00549605 0.00597362 0.00665201 0.0075408 0.00865194 0.00999954 0.0115996 0.0134695 0.0156277 0.0180935 0.0208862 0.0240245 0.0275265 0.0314085 0.0356849 0.0403671 0.0454637 0.0509791 0.0569138 0.0632634 0.0700188 0.0771652 0.0846829 0.0925463 0.100725 0.109182 0.117876 0.126762 0.13579 0.144905 0.154051 0.163168 0.172195 0.18107 0.189729 0.198111 0.206154 0.213799 0.220989 0.22767 0.233791 0.239307 0.244175 0.248359 0.251826 0.25455 0.256511 0.257694 0.258089 0.257694 0.256511 0.25455 0.251826 0.248359 0.244175 0.239307 0.233791 0.22767 0.220989 0.213799 0.206154 0.198111 0.189729 0.18107 0.172195 0.163168 0.154051 0.144905 0.13579 0.126762 0.117876 0.109182 0.100725 0.0925463 0.0846829 0.0771652 0.0700188 0.0632634 0.0569138 0.0509791 0.0454637 0.0403671 0.0356849 0.0314085 0.0275265 0.0240245 0.0208862 0.0180935 0.0156277 0.0134695 0.0115996 0.00999954 0.00865194 0.0075408 0.00665201 0.00597362 0.00549605 0.00521233 
0.00577001 0.00587531 0.00619278 0.00672706 0.00748578 0.0084794 0.00972102 0.011226 0.0130118 0.0150974 0.0175028 0.0202489 0.0233564 0.0268455 0.0307355 0.0350437 0.0397851 0.0449716 0.0506116 0.056709 0.0632634 0.0702691 0.0777147 0.0855835 0.0938524 0.102493 0.11147 0.120743 0.130267 0.139991 0.14986 0.159815 0.169794 0.179731 0.189561 0.199217 0.208629 0.217733 0.226462 0.234752 0.242543 0.249778 0.256403 0.262369 0.267632 0.272153 0.275898 0.27884 0.280958 0.282234 0.282661 0.282234 0.280958 0.27884 0.275898 0.272153 0.267632 0.262369 0.256403 0.249778 0.242543 0.234752 0.226462 0.217733 0.208629 0.199217 0.189561 0.179731 0.169794 0.159815 0.14986 0.139991 0.130267 0.120743 0.11147 0.102493 0.0938524 0.0855835 0.0777147 0.0702691 0.0632634 0.056709 0.0506116 0.0449716 0.0397851 0.0350437 0.0307355 0.0268455 0.0233564 0.0202489 0.0175028 0.0150974 0.0130118 0.011226 0.00972102 0.0084794 0.00748578 0.00672706 0.00619278 0.00587531 
0.0064759 0.00659323 0.00694692 0.00754202 0.00838687 0.00949287 0.0108742 0.0125477 0.0145322 0.0168482 0.0195175 0.0225624 0.0260053 0.0298677 0.03417 0.0389305 0.0441648 0.0498851 0.0560994 0.0628112 0.0700188 0.0777147 0.0858857 0.0945121 0.103568 0.11302 0.122831 0.132956 0.143343 0.153937 0.164678 0.175502 0.186341 0.197124 0.207781 0.218238 0.228424 0.238267 0.247696 0.256645 0.265049 0.272848 0.279985 0.286408 0.292071 0.296934 0.300961 0.304123 0.306399 0.30777 0.308228 0.30777 0.306399 0.304123 0.300961 0.296934 0.292071 0.286408 0.279985 0.272848 0.265049 0.256645 0.247696 0.238267 0.228424 0.218238 0.207781 0.197124 0.186341 0.175502 0.164678 0.153937 0.143343 0.132956 0.122831 0.11302 0.103568 0.0945121 0.0858857 0.0777147 0.0700188 0.0628112 0.0560994 0.0498851 0.0441648 0.0389305 0.03417 0.0298677 0.0260053 0.0225624 0.0195175 0.0168482 0.0145322 0.0125477 0.0108742 0.00949287 0.00838687 0.00754202 0.00694692 0.00659323 
0.00723607 0.00736623 0.00775856 0.00841855 0.00935523 0.010581 0.0121112 0.013964 0.0161598 0.0187206 0.02167 0.0250318 0.0288298 0.0330871 0.0378252 0.043063 0.0488168 0.0550988 0.0619167 0.0692732 0.0771652 0.0855835 0.0945121 0.103929 0.113804 0.124101 0.134777 0.145782 0.157061 0.168554 0.180193 0.191911 0.203632 0.215282 0.226784 0.238061 0.249034 0.259628 0.269769 0.279386 0.28841 0.296778 0.304431 0.311315 0.317381 0.322588 0.326897 0.330281 0.332715 0.334182 0.334672 0.334182 0.332715 0.330281 0.326897 0.322588 0.317381 0.311315 0.304431 0.296778 0.28841 0.279386 0.269769 0.259628 0.249034 0.238061 0.226784 0.215282 0.203632 0.191911 0.180193 0.168554 0.157061 0.145782 0.134777 0.124101 0.113804 0.103929 0.0945121 0.0855835 0.0771652 0.0692732 0.0619167 0.0550988 0.0488168 0.043063 0.0378252 0.0330871 0.0288298 0.0250318 0.02167 0.0187206 0.0161598 0.013964 0.0121112 0.010581 0.00935523 0.00841855 0.00775856 0.00736623 
0.00805001 0.00819378 0.0086271 0.00935591 0.01039 0.0117426 0.0134304 0.015473 0.0178922 0.0207118 0.0239568 0.0276527 0.0318248 0.0364975 0.0416933 0.047432 0.0537302 0.0606 0.0680487 0.0760779 0.0846829 0.0938524 0.103568 0.113804 0.124526 0.135696 0.147264 0.159176 0.171373 0.183786 0.196346 0.208976 0.221597 0.234129 0.24649 0.258597 0.270367 0.28172 0.292579 0.302867 0.312514 0.321453 0.329623 0.336968 0.343436 0.348985 0.353577 0.357181 0.359772 0.361334 0.361856 0.361334 0.359772 0.357181 0.353577 0.348985 0.343436 0.336968 0.329623 0.321453 0.312514 0.302867 0.292579 0.28172 0.270367 0.258597 0.24649 0.234129 0.221597 0.208976 0.196346 0.183786 0.171373 0.159176 0.147264 0.135696 0.124526 0.113804 0.103568 0.0938524 0.0846829 0.0760779 0.0680487 0.0606 0.0537302 0.047432 0.0416933 0.0364975 0.0318248 0.0276527 0.0239568 0.0207118 0.0178922 0.015473 0.0134304 0.0117426 0.01039 0.00935591 0.0086271 0.00819378 
0.00891649 0.00907463 0.00955119 0.0103526 0.0114893 0.0129756 0.0148294 0.0170717 0.0197258 0.0228171 0.0263723 0.0304185 0.0349824 0.0400896 0.0457635 0.0520249 0.0588903 0.0663717 0.0744757 0.0832027 0.0925463 0.102493 0.11302 0.124101 0.135696 0.147761 0.160244 0.173085 0.186217 0.19957 0.213065 0.226621 0.240155 0.253579 0.266806 0.279748 0.292319 0.304434 0.31601 0.326969 0.337238 0.346745 0.355429 0.36323 0.370098 0.375986 0.380857 0.384678 0.387425 0.38908 0.389633 0.38908 0.387425 0.384678 0.380857 0.375986 0.370098 0.36323 0.355429 0.346745 0.337238 0.326969 0.31601 0.304434 0.292319 0.279748 0.266806 0.253579 0.240155 0.226621 0.213065 0.19957 0.186217 0.173085 0.160244 0.147761 0.135696 0.124101 0.11302 0.102493 0.0925463 0.0832027 0.0744757 0.0663717 0.0588903 0.0520249 0.0457635 0.0400896 0.0349824 0.0304185 0.0263723 0.0228171 0.0197258 0.0170717 0.0148294 0.0129756 0.0114893 0.0103526 0.00955119 0.00907463 
0.00983352 0.0100067 0.0105286 0.0114061 0.0126504 0.0142768 0.0163044 0.0187555 0.0216552 0.0250304 0.0289093 0.0333206 0.0382924 0.0438515 0.0500222 0.0568256 0.0642786 0.0723927 0.0811737 0.0906205 0.100725 0.11147 0.122831 0.134777 0.147264 0.160244 0.173659 0.187444 0.201527 0.21583 0.230271 0.244762 0.259214 0.273534 0.287629 0.301408 0.314778 0.32765 0.33994 0.351564 0.362447 0.372517 0.381707 0.389958 0.397217 0.403438 0.408582 0.412616 0.415516 0.417263 0.417846 0.417263 0.415516 0.412616 0.408582 0.403438 0.397217 0.389958 0.381707 0.372517 0.362447 0.351564 0.33994 0.32765 0.314778 0.301408 0.287629 0.273534 0.259214 0.244762 0.230271 0.21583 0.201527 0.187444 0.173659 0.160244 0.147264 0.134777 0.122831 0.11147 0.100725 0.0906205 0.0811737 0.0723927 0.0642786 0.0568256 0.0500222 0.0438515 0.0382924 0.0333206 0.0289093 0.0250304 0.0216552 0.0187555 0.0163044 0.0142768 0.0126504 0.0114061 0.0105286 0.0100067 
0.0107983 0.0109872 0.0115564 0.0125132 0.0138695 0.0156418 0.0178503 0.0205188 0.0236737 0.0273436 0.0315584 0.0363481 0.0417421 0.0477684 0.0544521 0.0618147 0.0698729 0.0786378 0.088114 0.0982988 0.109182 0.120743 0.132956 0.145782 0.159176 0.173085 0.187444 0.202183 0.217225 0.232486 0.247877 0.263305 0.278674 0.293888 0.308848 0.323457 0.337618 0.351241 0.364234 0.376513 0.388 0.39862 0.408305 0.416996 0.424637 0.431182 0.436592 0.440833 0.44388 0.445716 0.446329 0.445716 0.44388 0.440833 0.436592 0.431182 0.424637 0.416996 0.408305 0.39862 0.388 0.376513 0.364234 0.351241 0.337618 0.323457 0.308848 0.293888 0.278674 0.263305 0.247877 0.232486 0.217225 0.202183 0.187444 0.173085 0.159176 0.145782 0.132956 0.120743 0.109182 0.0982988 0.088114 0.0786378 0.0698729 0.0618147 0.0544521 0.0477684 0.0417421 0.0363481 0.0315584 0.0273436 0.0236737 0.0205188 0.0178503 0.0156418 0.0138695 0.0125132 0.0115564 0.0109872 
0.0118072 0.0120124 0.0126306 0.0136696 0.015142 0.0170653 0.019461 0.0223542 0.0257728 0.0297471 0.0343082 0.0394877 0.0453164 0.051823 0.0590334 0.0669693 0.0756472 0.0850775 0.0952636 0.106201 0.117876 0.130267 0.143343 0.157061 0.171373 0.186217 0.201527 0.217225 0.233228 0.249447 0.265786 0.282147 0.298429 0.314529 0.330343 0.345771 0.360712 0.37507 0.388752 0.401672 0.413747 0.424902 0.435068 0.444184 0.452195 0.459053 0.464718 0.469159 0.472348 0.474269 0.474911 0.474269 0.472348 0.469159 0.464718 0.459053 0.452195 0.444184 0.435068 0.424902 0.413747 0.401672 0.388752 0.37507 0.360712 0.345771 0.330343 0.314529 0.298429 0.282147 0.265786 0.249447 0.233228 0.217225 0.201527 0.186217 0.171373 0.157061 0.143343 0.130267 0.117876 0.106201 0.0952636 0.0850775 0.0756472 0.0669693 0.0590334 0.051823 0.0453164 0.0394877 0.0343082 0.0297471 0.0257728 0.0223542 0.019461 0.0170653 0.015142 0.0136696 0.0126306 0.0120124 
0.0128557 0.0130777 0.0137464 0.01487 0.016462 0.0185408 0.021129 0.0242532 0.0279427 0.0322292 0.0371454 0.0427243 0.0489976 0.0559951 0.063743 0.0722633 0.0815721 0.0916788 0.102585 0.114285 0.126762 0.139991 0.153937 0.168554 0.183786 0.19957 0.21583 0.232486 0.249447 0.266617 0.283897 0.301182 0.318364 0.335336 0.35199 0.36822 0.383923 0.398998 0.41335 0.42689 0.439534 0.451205 0.461834 0.471359 0.479724 0.486881 0.492791 0.497422 0.500747 0.502749 0.503418 0.502749 0.500747 0.497422 0.492791 0.486881 0.479724 0.471359 0.461834 0.451205 0.439534 0.42689 0.41335 0.398998 0.383923 0.36822 0.35199 0.335336 0.318364 0.301182 0.283897 0.266617 0.249447 0.232486 0.21583 0.19957 0.183786 0.168554 0.153937 0.139991 0.126762 0.114285 0.102585 0.0916788 0.0815721 0.0722633 0.063743 0.0559951 0.0489976 0.0427243 0.0371454 0.0322292 0.0279427 0.0242532 0.021129 0.0185408 0.016462 0.01487 0.0137464 0.0130777 
0.0139386 0.0141777 0.0148981 0.0161084 0.0178228 0.0200606 0.0228456 0.0262058 0.0301718 0.0347768 0.040055 0.0460403 0.0527658 0.0602619 0.0685552 0.0776676 0.0876147 0.0984049 0.110038 0.122506 0.13579 0.14986 0.164678 0.180193 0.196346 0.213065 0.230271 0.247877 0.265786 0.283897 0.302104 0.320296 0.338361 0.356187 0.37366 0.390671 0.407111 0.42288 0.437878 0.452015 0.465205 0.477371 0.488442 0.498355 0.507056 0.514498 0.520639 0.525449 0.528903 0.530982 0.531676 0.530982 0.528903 0.525449 0.520639 0.514498 0.507056 0.498355 0.488442 0.477371 0.465205 0.452015 0.437878 0.42288 0.407111 0.390671 0.37366 0.356187 0.338361 0.320296 0.302104 0.283897 0.265786 0.247877 0.230271 0.213065 0.196346 0.180193 0.164678 0.14986 0.13579 0.122506 0.110038 0.0984049 0.0876147 0.0776676 0.0685552 0.0602619 0.0527658 0.0460403 0.040055 0.0347768 0.0301718 0.0262058 0.0228456 0.0200606 0.0178228 0.0161084 0.0148981 0.0141777 
0.0150496 0.0153063 0.0160793 0.0173778 0.0192166 0.021616 0.024601 0.0282007 0.0324473 0.0373752 0.0430199 0.0494165 0.056599 0.0645984 0.0734416 0.0831503 0.0937394 0.105216 0.117578 0.130815 0.144905 0.159815 0.175502 0.191911 0.208976 0.226621 0.244762 0.263305 0.282147 0.301182 0.320296 0.339375 0.3583 0.376954 0.395221 0.412985 0.430138 0.446572 0.462189 0.476895 0.490605 0.50324 0.514729 0.52501 0.534028 0.541736 0.548095 0.553073 0.556646 0.558797 0.559515 0.558797 0.556646 0.553073 0.548095 0.541736 0.534028 0.52501 0.514729 0.50324 0.490605 0.476895 0.462189 0.446572 0.430138 0.412985 0.395221 0.376954 0.3583 0.339375 0.320296 0.301182 0.282147 0.263305 0.244762 0.226621 0.208976 0.191911 0.175502 0.159815 0.144905 0.130815 0.117578 0.105216 0.0937394 0.0831503 0.0734416 0.0645984 0.056599 0.0494165 0.0430199 0.0373752 0.0324473 0.0282007 0.024601 0.021616 0.0192166 0.0173778 0.0160793 0.0153063 
0.016182 0.0164564 0.0172826 0.0186702 0.0206347 0.0231974 0.0263842 0.0302256 0.034755 0.0400081 0.0460216 0.0528317 0.0604732 0.0689775 0.0783717 0.0886771 0.0999078 0.112069 0.125158 0.139161 0.154051 0.169794 0.186341 0.203632 0.221597 0.240155 0.259214 0.278674 0.298429 0.318364 0.338361 0.3583 0.378058 0.397512 0.416541 0.435029 0.452861 0.46993 0.486135 0.501381 0.515581 0.528657 0.540538 0.551163 0.560476 0.568432 0.574993 0.580127 0.583811 0.586028 0.586768 0.586028 0.583811 0.580127 0.574993 0.568432 0.560476 0.551163 0.540538 0.528657 0.515581 0.501381 0.486135 0.46993 0.452861 0.435029 0.416541 0.397512 0.378058 0.3583 0.338361 0.318364 0.298429 0.278674 0.259214 0.240155 0.221597 0.203632 0.186341 0.169794 0.154051 0.139161 0.125158 0.112069 0.0999078 0.0886771 0.0783717 0.0689775 0.0604732 0.0528317 0.0460216 0.0400081 0.034755 0.0302256 0.0263842 0.0231974 0.0206347 0.0186702 0.0172826 0.0164564 
0.0173282 0.0176203 0.0184999 0.019977 0.0220677 0.0247941 0.0281834 0.0322669 0.0370795 0.042658 0.0490402 0.0562633 0.0643626 0.0733702 0.0833129 0.0942116 0.106079 0.11892 0.132728 0.147487 0.163168 0.179731 0.197124 0.215282 0.234129 0.253579 0.273534 0.293888 0.314529 0.335336 0.356187 0.376954 0.397512 0.417732 0.43749 0.456666 0.475144 0.492813 0.509572 0.525324 0.539984 0.553471 0.565717 0.57666 0.586247 0.594432 0.601178 0.606455 0.610241 0.612518 0.613279 0.612518 0.610241 0.606455 0.601178 0.594432 0.586247 0.57666 0.565717 0.553471 0.539984 0.525324 0.509572 0.492813 0.475144 0.456666 0.43749 0.417732 0.397512 0.376954 0.356187 0.335336 0.314529 0.293888 0.273534 0.253579 0.234129 0.215282 0.197124 0.179731 0.163168 0.147487 0.132728 0.11892 0.106079 0.0942116 0.0833129 0.0733702 0.0643626 0.0562633 0.0490402 0.042658 0.0370795 0.0322669 0.0281834 0.0247941 0.0220677 0.019977 0.0184999 0.0176203 
0.0184798 0.0187896 0.0197225 0.0212888 0.0235053 0.0263949 0.0299856 0.0343102 0.0394044 0.0453063 0.0520545 0.0596872 0.0682403 0.077746 0.0882311 0.0997156 0.112212 0.125722 0.140237 0.155739 0.172195 0.189561 0.207781 0.226784 0.24649 0.266806 0.287629 0.308848 0.330343 0.35199 0.37366 0.395221 0.416541 0.43749 0.45794 0.477766 0.496852 0.515085 0.532361 0.548586 0.563671 0.577539 0.590121 0.601357 0.611193 0.619586 0.626501 0.631908 0.635786 0.638118 0.638897 0.638118 0.635786 0.631908 0.626501 0.619586 0.611193 0.601357 0.590121 0.577539 0.563671 0.548586 0.532361 0.515085 0.496852 0.477766 0.45794 0.43749 0.416541 0.395221 0.37366 0.35199 0.330343 0.308848 0.287629 0.266806 0.24649 0.226784 0.207781 0.189561 0.172195 0.155739 0.140237 0.125722 0.112212 0.0997156 0.0882311 0.077746 0.0682403 0.0596872 0.0520545 0.0453063 0.0394044 0.0343102 0.0299856 0.0263949 0.0235053 0.0212888 0.0197225 0.0187896 
0.0196282 0.0199555 0.0209411 0.0225957 0.0249366 0.0279875 0.0317776 0.0363402 0.0417125 0.0479333 0.0550424 0.0630785 0.0720781 0.0820733 0.0930908 0.10515 0.118261 0.132426 0.147632 0.163859 0.18107 0.199217 0.218238 0.238061 0.258597 0.279748 0.301408 0.323457 0.345771 0.36822 0.390671 0.412985 0.435029 0.456666 0.477766 0.498203 0.517857 0.536614 0.554371 0.571031 0.586509 0.600726 0.613614 0.625115 0.635177 0.643759 0.650826 0.656349 0.660309 0.662691 0.663486 0.662691 0.660309 0.656349 0.650826 0.643759 0.635177 0.625115 0.613614 0.600726 0.586509 0.571031 0.554371 0.536614 0.517857 0.498203 0.477766 0.456666 0.435029 0.412985 0.390671 0.36822 0.345771 0.323457 0.301408 0.279748 0.258597 0.238061 0.218238 0.199217 0.18107 0.163859 0.147632 0.132426 0.118261 0.10515 0.0930908 0.0820733 0.0720781 0.0630785 0.0550424 0.0479333 0.0417125 0.0363402 0.0317776 0.0279875 0.0249366 0.0225957 0.0209411 0.0199555 
0.020764 0.0211086 0.022146 0.0238872 0.0263503 0.0295596 0.033545 0.0383411 0.0439857 0.0505189 0.057981 0.0664114 0.0758469 0.0863198 0.0978561 0.110474 0.124184 0.138984 0.15486 0.171788 0.189729 0.208629 0.228424 0.249034 0.270367 0.292319 0.314778 0.337618 0.360712 0.383923 0.407111 0.430138 0.452861 0.475144 0.496852 0.517857 0.538037 0.557279 0.575477 0.592537 0.608372 0.622905 0.63607 0.64781 0.658075 0.666825 0.674026 0.679653 0.683686 0.686111 0.68692 0.686111 0.683686 0.679653 0.674026 0.666825 0.658075 0.64781 0.63607 0.622905 0.608372 0.592537 0.575477 0.557279 0.538037 0.517857 0.496852 0.475144 0.452861 0.430138 0.407111 0.383923 0.360712 0.337618 0.314778 0.292319 0.270367 0.249034 0.228424 0.208629 0.189729 0.171788 0.15486 0.138984 0.124184 0.110474 0.0978561 0.0863198 0.0758469 0.0664114 0.057981 0.0505189 0.0439857 0.0383411 0.033545 0.0295596 0.0263503 0.0238872 0.022146 0.0211086 
0.0218779 0.0222392 0.023327 0.0251527 0.0277347 0.0310981 0.0352736 0.0402967 0.046206 0.0530424 0.060847 0.0696597 0.0795175 0.0904525 0.10249 0.115649 0.129935 0.145347 0.161868 0.17947 0.198111 0.217733 0.238267 0.259628 0.28172 0.304434 0.32765 0.351241 0.37507 0.398998 0.42288 0.446572 0.46993 0.492813 0.515085 0.536614 0.557279 0.576964 0.595565 0.612987 0.629145 0.643962 0.657375 0.669328 0.679772 0.68867 0.69599 0.701707 0.705804 0.708267 0.709088 0.708267 0.705804 0.701707 0.69599 0.68867 0.679772 0.669328 0.657375 0.643962 0.629145 0.612987 0.595565 0.576964 0.557279 0.536614 0.515085 0.492813 0.46993 0.446572 0.42288 0.398998 0.37507 0.351241 0.32765 0.304434 0.28172 0.259628 0.238267 0.217733 0.198111 0.17947 0.161868 0.145347 0.129935 0.115649 0.10249 0.0904525 0.0795175 0.0696597 0.060847 0.0530424 0.046206 0.0402967 0.0352736 0.0310981 0.0277347 0.0251527 0.023327 0.0222392 
0.0229599 0.0233374 0.0244739 0.0263811 0.0290779 0.0325899 0.0369488 0.0421905 0.0483547 0.055483 0.063617 0.0727972 0.0830604 0.0944389 0.106958 0.120633 0.135471 0.151468 0.168603 0.186847 0.206154 0.226462 0.247696 0.269769 0.292579 0.31601 0.33994 0.364234 0.388752 0.41335 0.437878 0.462189 0.486135 0.509572 0.532361 0.554371 0.575477 0.595565 0.61453 0.632278 0.648724 0.663795 0.677427 0.689566 0.700168 0.709195 0.716618 0.722413 0.726564 0.72906 0.729892 0.72906 0.726564 0.722413 0.716618 0.709195 0.700168 0.689566 0.677427 0.663795 0.648724 0.632278 0.61453 0.595565 0.575477 0.554371 0.532361 0.509572 0.486135 0.462189 0.437878 0.41335 0.388752 0.364234 0.33994 0.31601 0.292579 0.269769 0.247696 0.226462 0.206154 0.186847 0.168603 0.151468 0.135471 0.120633 0.106958 0.0944389 0.0830604 0.0727972 0.063617 0.055483 0.0483547 0.0421905 0.0369488 0.0325899 0.0290779 0.0263811 0.0244739 0.0233374 
0.0240003 0.0243933 0.0255764 0.0275614 0.0303679 0.0340219 0.0385557 0.0440062 0.0504136 0.0578201 0.0662679 0.0757977 0.0864467 0.0982464 0.111221 0.125387 0.140748 0.157298 0.175015 0.193865 0.213799 0.234752 0.256645 0.279386 0.302867 0.326969 0.351564 0.376513 0.401672 0.42689 0.452015 0.476895 0.501381 0.525324 0.548586 0.571031 0.592537 0.612987 0.632278 0.650316 0.667017 0.682311 0.696135 0.708437 0.719175 0.728313 0.735823 0.741685 0.745883 0.748406 0.749247 0.748406 0.745883 0.741685 0.735823 0.728313 0.719175 0.708437 0.696135 0.682311 0.667017 0.650316 0.632278 0.612987 0.592537 0.571031 0.548586 0.525324 0.501381 0.476895 0.452015 0.42689 0.401672 0.376513 0.351564 0.326969 0.302867 0.279386 0.256645 0.234752 0.213799 0.193865 0.175015 0.157298 0.140748 0.125387 0.111221 0.0982464 0.0864467 0.0757977 0.0662679 0.0578201 0.0504136 0.0440062 0.0385557 0.0340219 0.0303679 0.0275614 0.0255764 0.0243933 
0.0249894 0.025397 0.0266241 0.0286828 0.0315928 0.035381 0.0400801 0.0457276 0.0523644 0.0600333 0.0687768 0.078636 0.0896478 0.101844 0.115247 0.129873 0.145725 0.162792 0.181053 0.200469 0.220989 0.242543 0.265049 0.28841 0.312514 0.337238 0.362447 0.388 0.413747 0.439534 0.465205 0.490605 0.515581 0.539984 0.563671 0.586509 0.608372 0.629145 0.648724 0.667017 0.683943 0.69943 0.71342 0.725862 0.736716 0.745948 0.753533 0.759451 0.763687 0.766233 0.767082 0.766233 0.763687 0.759451 0.753533 0.745948 0.736716 0.725862 0.71342 0.69943 0.683943 0.667017 0.648724 0.629145 0.608372 0.586509 0.563671 0.539984 0.515581 0.490605 0.465205 0.439534 0.413747 0.388 0.362447 0.337238 0.312514 0.28841 0.265049 0.242543 0.220989 0.200469 0.181053 0.162792 0.145725 0.129873 0.115247 0.101844 0.0896478 0.078636 0.0687768 0.0600333 0.0523644 0.0457276 0.0400801 0.035381 0.0315928 0.0286828 0.0266241 0.025397 
