2.88158e-06 3.05512e-06 3.59053e-06 4.53285e-06 5.95928e-06 7.98239e-06 1.07545e-05 1.44732e-05 1.93876e-05 2.58055e-05 3.41006e-05 4.47205e-05 5.81936e-05 7.5135e-05 9.62517e-05 0.000122345 0.000154309 0.000193129 0.000239872 0.000295671 0.00036171 0.000439201 0.000529349 0.00063332 0.000752203 0.000886961 0.00103839 0.00120705 0.00139327 0.00159703 0.00181797 0.00205535 0.00230801 0.00257438 0.00285242 0.00313972 0.00343345 0.00373043 0.00402717 0.00431997 0.00460492 0.00487806 0.00513544 0.0053732 0.00558765 0.00577542 0.00593347 0.00605921 0.00615057 0.006206 0.00622458 0.006206 0.00615057 0.00605921 0.00593347 0.00577542 0.00558765 0.0053732 0.00513544 0.00487806 0.00460492 0.00431997 0.00402717 0.00373043 0.00343345 0.00313972 0.00285242 0.00257438 0.00230801 0.00205535 0.00181797 0.00159703 0.00139327 0.00120705 0.00103839 0.000886961 0.000752203 0.00063332 0.000529349 0.000439201 0.00036171 0.000295671 0.000239872 0.000193129 0.000154309 0.000122345 9.62517e-05 7.5135e-05 5.81936e-05 4.47205e-05 3.41006e-05 2.58055e-05 1.93876e-05 1.44732e-05 1.07545e-05 7.98239e-06 5.95928e-06 4.53285e-06 3.59053e-06 3.05512e-06 
3.05512e-06 3.23862e-06 3.8047e-06 4.80078e-06 6.30814e-06 8.44529e-06 1.13725e-05 1.52975e-05 2.0482e-05 2.72494e-05 3.59921e-05 4.71794e-05 6.1365e-05 7.91935e-05 0.000101405 0.000128836 0.000162423 0.000203193 0.000252258 0.0003108 0.000380053 0.000461273 0.000555713 0.000664584 0.000789008 0.000929982 0.00108832 0.00126461 0.00145915 0.00167193 0.00190256 0.00215024 0.00241378 0.00269149 0.00298128 0.00328062 0.00358655 0.00389577 0.00420467 0.00450936 0.00480582 0.00508993 0.00535759 0.00560479 0.00582773 0.0060229 0.00618716 0.00631784 0.00641276 0.00647036 0.00648967 0.00647036 0.00641276 0.00631784 0.00618716 0.0060229 0.00582773 0.00560479 0.00535759 0.00508993 0.00480582 0.00450936 0.00420467 0.00389577 0.00358655 0.00328062 0.00298128 0.00269149 0.00241378 0.00215024 0.00190256 0.00167193 0.00145915 0.00126461 0.00108832 0.000929982 0.000789008 0.000664584 0.000555713 0.000461273 0.000380053 0.0003108 0.000252258 0.000203193 0.000162423 0.000128836 0.000101405 7.91935e-05 6.1365e-05 4.71794e-05 3.59921e-05 2.72494e-05 2.0482e-05 1.52975e-05 1.13725e-05 8.44529e-06 6.30814e-06 4.80078e-06 3.8047e-06 3.23862e-06 
3.59053e-06 3.8047e-06 4.46519e-06 5.62677e-06 7.38326e-06 9.87129e-06 1.32755e-05 1.78347e-05 2.38498e-05 3.16914e-05 4.18086e-05 5.4738e-05 7.11109e-05 9.16609e-05 0.000117228 0.000148763 0.000187322 0.000234065 0.000290243 0.000357183 0.000436266 0.000528894 0.000636459 0.0007603 0.000901656 0.00106161 0.00124105 0.00144059 0.00166054 0.00190082 0.00216098 0.00244007 0.00273671 0.003049 0.00337456 0.00371052 0.00405359 0.00440006 0.00474589 0.00508676 0.00541821 0.00573565 0.00603454 0.00631045 0.00655916 0.00677681 0.00695993 0.00710557 0.00721135 0.00727553 0.00729704 0.00727553 0.00721135 0.00710557 0.00695993 0.00677681 0.00655916 0.00631045 0.00603454 0.00573565 0.00541821 0.00508676 0.00474589 0.00440006 0.00405359 0.00371052 0.00337456 0.003049 0.00273671 0.00244007 0.00216098 0.00190082 0.00166054 0.00144059 0.00124105 0.00106161 0.000901656 0.0007603 0.000636459 0.000528894 0.000436266 0.000357183 0.000290243 0.000234065 0.000187322 0.000148763 0.000117228 9.16609e-05 7.11109e-05 5.4738e-05 4.18086e-05 3.16914e-05 2.38498e-05 1.78347e-05 1.32755e-05 9.87129e-06 7.38326e-06 5.62677e-06 4.46519e-06 3.8047e-06 
4.53285e-06 4.80078e-06 5.62677e-06 7.07839e-06 9.27128e-06 1.23737e-05 1.66125e-05 2.2281e-05 2.97475e-05 3.9465e-05 5.19812e-05 6.79485e-05 8.8133e-05 0.000113422 0.00014483 0.000183498 0.000230695 0.000287808 0.000356325 0.000437824 0.000533933 0.000646305 0.000776569 0.000926283 0.00109688 0.00128959 0.00150541 0.00174502 0.00200871 0.00229633 0.00260725 0.00294032 0.00329381 0.00366543 0.00405232 0.00445107 0.00485776 0.005268 0.00567704 0.00607982 0.00647108 0.00684549 0.00719773 0.00752266 0.00781539 0.00807141 0.00828672 0.0084579 0.0085822 0.00865759 0.00868286 0.00865759 0.0085822 0.0084579 0.00828672 0.00807141 0.00781539 0.00752266 0.00719773 0.00684549 0.00647108 0.00607982 0.00567704 0.005268 0.00485776 0.00445107 0.00405232 0.00366543 0.00329381 0.00294032 0.00260725 0.00229633 0.00200871 0.00174502 0.00150541 0.00128959 0.00109688 0.000926283 0.000776569 0.000646305 0.000533933 0.000437824 0.000356325 0.000287808 0.000230695 0.000183498 0.00014483 0.000113422 8.8133e-05 6.79485e-05 5.19812e-05 3.9465e-05 2.97475e-05 2.2281e-05 1.66125e-05 1.23737e-05 9.27128e-06 7.07839e-06 5.62677e-06 4.80078e-06 
5.95928e-06 6.30814e-06 7.38326e-06 9.27128e-06 1.21204e-05 1.6146e-05 2.16381e-05 2.89706e-05 3.86124e-05 5.11386e-05 6.7243e-05 8.77496e-05 0.000113623 0.000145979 0.000186085 0.000235368 0.000295404 0.000367911 0.000454729 0.000557793 0.000679098 0.000820656 0.000984437 0.00117231 0.00138598 0.00162691 0.00189623 0.00219469 0.00252255 0.00287955 0.00326481 0.00367683 0.00411341 0.00457167 0.00504804 0.00553832 0.00603767 0.00654073 0.0070417 0.00753444 0.00801257 0.00846967 0.00889932 0.00929534 0.00965185 0.00996348 0.0102254 0.0104336 0.0105847 0.0106763 0.010707 0.0106763 0.0105847 0.0104336 0.0102254 0.00996348 0.00965185 0.00929534 0.00889932 0.00846967 0.00801257 0.00753444 0.0070417 0.00654073 0.00603767 0.00553832 0.00504804 0.00457167 0.00411341 0.00367683 0.00326481 0.00287955 0.00252255 0.00219469 0.00189623 0.00162691 0.00138598 0.00117231 0.000984437 0.000820656 0.000679098 0.000557793 0.000454729 0.000367911 0.000295404 0.000235368 0.000186085 0.000145979 0.000113623 8.77496e-05 6.7243e-05 5.11386e-05 3.86124e-05 2.89706e-05 2.16381e-05 1.6146e-05 1.21204e-05 9.27128e-06 7.38326e-06 6.30814e-06 
7.98239e-06 8.44529e-06 9.87129e-06 1.23737e-05 1.6146e-05 2.14692e-05 2.87209e-05 3.83874e-05 5.10766e-05 6.75329e-05 8.86517e-05 0.000115494 0.000149298 0.000191489 0.000243689 0.000307707 0.000385543 0.000479365 0.000591485 0.000724326 0.000880373 0.00106212 0.00127199 0.00151227 0.00178501 0.00209197 0.00243445 0.00281329 0.00322869 0.00368021 0.00416662 0.00468593 0.00523529 0.00581101 0.00640857 0.00702265 0.00764722 0.00827559 0.00890056 0.00951452 0.0101096 0.010678 0.0112117 0.0117032 0.0121454 0.0125317 0.0128562 0.013114 0.013301 0.0134144 0.0134524 0.0134144 0.013301 0.013114 0.0128562 0.0125317 0.0121454 0.0117032 0.0112117 0.010678 0.0101096 0.00951452 0.00890056 0.00827559 0.00764722 0.00702265 0.00640857 0.00581101 0.00523529 0.00468593 0.00416662 0.00368021 0.00322869 0.00281329 0.00243445 0.00209197 0.00178501 0.00151227 0.00127199 0.00106212 0.000880373 0.000724326 0.000591485 0.000479365 0.000385543 0.000307707 0.000243689 0.000191489 0.000149298 0.000115494 8.86517e-05 6.75329e-05 5.10766e-05 3.83874e-05 2.87209e-05 2.14692e-05 1.6146e-05 1.23737e-05 9.87129e-06 8.44529e-06 
1.07545e-05 1.13725e-05 1.32755e-05 1.66125e-05 2.16381e-05 2.87209e-05 3.83562e-05 5.11801e-05 6.79865e-05 8.97448e-05 0.000117619 0.000152983 0.000197438 0.000252821 0.000321212 0.000404932 0.000506527 0.000628754 0.000774541 0.000946939 0.00114907 0.00138403 0.00165483 0.00196428 0.00231488 0.00270871 0.00314731 0.00363158 0.00416163 0.00473674 0.00535523 0.00601443 0.00671062 0.00743906 0.00819396 0.0089686 0.00975534 0.0105458 0.011331 0.0121015 0.0128474 0.0135591 0.0142268 0.0148412 0.0153935 0.0158757 0.0162805 0.016602 0.0168352 0.0169765 0.0170239 0.0169765 0.0168352 0.016602 0.0162805 0.0158757 0.0153935 0.0148412 0.0142268 0.0135591 0.0128474 0.0121015 0.011331 0.0105458 0.00975534 0.0089686 0.00819396 0.00743906 0.00671062 0.00601443 0.00535523 0.00473674 0.00416163 0.00363158 0.00314731 0.00270871 0.00231488 0.00196428 0.00165483 0.00138403 0.00114907 0.000946939 0.000774541 0.000628754 0.000506527 0.000404932 0.000321212 0.000252821 0.000197438 0.000152983 0.000117619 8.97448e-05 6.79865e-05 5.11801e-05 3.83562e-05 2.87209e-05 2.16381e-05 1.66125e-05 1.32755e-05 1.13725e-05 
1.44732e-05 1.52975e-05 1.78347e-05 2.2281e-05 2.89706e-05 3.83874e-05 5.11801e-05 6.81807e-05 9.04251e-05 0.000119176 0.000155944 0.000202511 0.000260944 0.00033361 0.000423179 0.00053262 0.000665184 0.000824369 0.00101388 0.00123756 0.00149932 0.00180303 0.0021524 0.00255089 0.00300152 0.00350678 0.00406845 0.00468746 0.0053638 0.00609633 0.00688276 0.00771954 0.00860183 0.00952352 0.0104772 0.0114544 0.0124455 0.0134399 0.0144264 0.0153933 0.0163284 0.0172195 0.0180549 0.0188229 0.0195128 0.0201146 0.0206197 0.0210206 0.0213113 0.0214874 0.0215465 0.0214874 0.0213113 0.0210206 0.0206197 0.0201146 0.0195128 0.0188229 0.0180549 0.0172195 0.0163284 0.0153933 0.0144264 0.0134399 0.0124455 0.0114544 0.0104772 0.00952352 0.00860183 0.00771954 0.00688276 0.00609633 0.0053638 0.00468746 0.00406845 0.00350678 0.00300152 0.00255089 0.0021524 0.00180303 0.00149932 0.00123756 0.00101388 0.000824369 0.000665184 0.00053262 0.000423179 0.00033361 0.000260944 0.000202511 0.000155944 0.000119176 9.04251e-05 6.81807e-05 5.11801e-05 3.83874e-05 2.89706e-05 2.2281e-05 1.78347e-05 1.52975e-05 
1.93876e-05 2.0482e-05 2.38498e-05 2.97475e-05 3.86124e-05 5.10766e-05 6.79865e-05 9.04251e-05 0.000119739 0.000157565 0.000205857 0.000266912 0.000343391 0.000438329 0.00055514 0.000697606 0.000869855 0.00107631 0.00132165 0.00161068 0.00194827 0.00233923 0.00278814 0.00329919 0.00387605 0.00452164 0.005238 0.00602606 0.00688556 0.00781483 0.00881076 0.00986867 0.0109823 0.0121438 0.0133437 0.0145715 0.0158148 0.0170607 0.0182951 0.0195034 0.0206707 0.0217821 0.0228228 0.0237789 0.024637 0.0253851 0.0260126 0.0265104 0.0268713 0.02709 0.0271632 0.02709 0.0268713 0.0265104 0.0260126 0.0253851 0.024637 0.0237789 0.0228228 0.0217821 0.0206707 0.0195034 0.0182951 0.0170607 0.0158148 0.0145715 0.0133437 0.0121438 0.0109823 0.00986867 0.00881076 0.00781483 0.00688556 0.00602606 0.005238 0.00452164 0.00387605 0.00329919 0.00278814 0.00233923 0.00194827 0.00161068 0.00132165 0.00107631 0.000869855 0.000697606 0.00055514 0.000438329 0.000343391 0.000266912 0.000205857 0.000157565 0.000119739 9.04251e-05 6.79865e-05 5.10766e-05 3.86124e-05 2.97475e-05 2.38498e-05 2.0482e-05 
2.58055e-05 2.72494e-05 3.16914e-05 3.9465e-05 5.11386e-05 6.75329e-05 8.97448e-05 0.000119176 0.000157565 0.000207019 0.000270053 0.000349608 0.000449086 0.000572354 0.000723749 0.000908061 0.00113049 0.00139661 0.00171225 0.00208341 0.00251613 0.0030163 0.00358954 0.00424091 0.00497478 0.00579457 0.00670253 0.00769957 0.00878502 0.00995652 0.0112099 0.0125389 0.0139357 0.0153901 0.0168903 0.018423 0.0199729 0.0215238 0.0230585 0.0245589 0.0260067 0.0273836 0.0286719 0.0298542 0.0309146 0.0318385 0.032613 0.0332271 0.0336722 0.0339418 0.0340321 0.0339418 0.0336722 0.0332271 0.032613 0.0318385 0.0309146 0.0298542 0.0286719 0.0273836 0.0260067 0.0245589 0.0230585 0.0215238 0.0199729 0.018423 0.0168903 0.0153901 0.0139357 0.0125389 0.0112099 0.00995652 0.00878502 0.00769957 0.00670253 0.00579457 0.00497478 0.00424091 0.00358954 0.0030163 0.00251613 0.00208341 0.00171225 0.00139661 0.00113049 0.000908061 0.000723749 0.000572354 0.000449086 0.000349608 0.000270053 0.000207019 0.000157565 0.000119176 8.97448e-05 6.75329e-05 5.11386e-05 3.9465e-05 3.16914e-05 2.72494e-05 
3.41006e-05 3.59921e-05 4.18086e-05 5.19812e-05 6.7243e-05 8.86517e-05 0.000117619 0.000155944 0.000205857 0.000270053 0.000351736 0.000454654 0.000583118 0.000742022 0.000936832 0.00117357 0.00145874 0.00179928 0.00220244 0.00267563 0.00322625 0.00386152 0.00458819 0.00541235 0.00633915 0.0073725 0.00851488 0.009767 0.0111277 0.0125935 0.0141591 0.0158163 0.017555 0.0193624 0.0212239 0.0231227 0.02504 0.0269559 0.0288491 0.0306977 0.0324795 0.0341722 0.0357543 0.0372051 0.0385052 0.0396372 0.0405855 0.0413372 0.0418817 0.0422115 0.0423219 0.0422115 0.0418817 0.0413372 0.0405855 0.0396372 0.0385052 0.0372051 0.0357543 0.0341722 0.0324795 0.0306977 0.0288491 0.0269559 0.02504 0.0231227 0.0212239 0.0193624 0.017555 0.0158163 0.0141591 0.0125935 0.0111277 0.009767 0.00851488 0.0073725 0.00633915 0.00541235 0.00458819 0.00386152 0.00322625 0.00267563 0.00220244 0.00179928 0.00145874 0.00117357 0.000936832 0.000742022 0.000583118 0.000454654 0.000351736 0.000270053 0.000205857 0.000155944 0.000117619 8.86517e-05 6.7243e-05 5.19812e-05 4.18086e-05 3.59921e-05 
4.47205e-05 4.71794e-05 5.4738e-05 6.79485e-05 8.77496e-05 0.000115494 0.000152983 0.000202511 0.000266912 0.000349608 0.000454654 0.000586778 0.000751408 0.000954681 0.00120343 0.00150516 0.00186796 0.00230038 0.00281135 0.00340994 0.00410516 0.00490571 0.00581969 0.0068543 0.00801553 0.0093078 0.0107337 0.0122936 0.0139856 0.0158052 0.0177448 0.0197945 0.0219411 0.024169 0.0264597 0.0287925 0.0311446 0.0334915 0.0358075 0.0380661 0.0402403 0.0423035 0.0442299 0.0459948 0.0475751 0.0489501 0.0501014 0.0510134 0.0516738 0.0520737 0.0522076 0.0520737 0.0516738 0.0510134 0.0501014 0.0489501 0.0475751 0.0459948 0.0442299 0.0423035 0.0402403 0.0380661 0.0358075 0.0334915 0.0311446 0.0287925 0.0264597 0.024169 0.0219411 0.0197945 0.0177448 0.0158052 0.0139856 0.0122936 0.0107337 0.0093078 0.00801553 0.0068543 0.00581969 0.00490571 0.00410516 0.00340994 0.00281135 0.00230038 0.00186796 0.00150516 0.00120343 0.000954681 0.000751408 0.000586778 0.000454654 0.000349608 0.000266912 0.000202511 0.000152983 0.000115494 8.77496e-05 6.79485e-05 5.4738e-05 4.71794e-05 
5.81936e-05 6.1365e-05 7.11109e-05 8.8133e-05 0.000113623 0.000149298 0.000197438 0.000260944 0.000343391 0.000449086 0.000583118 0.000751408 0.000960728 0.00121872 0.00153385 0.00191538 0.00237327 0.00291801 0.00356047 0.00431164 0.00518238 0.00618311 0.0073234 0.00861168 0.0100548 0.0116576 0.0134228 0.0153502 0.0174368 0.0196764 0.0220595 0.0245732 0.0272011 0.0299237 0.0327185 0.0355599 0.0384204 0.0412704 0.0440788 0.0468138 0.0494435 0.0519361 0.0542609 0.0563887 0.0582924 0.0599475 0.0613325 0.0624291 0.0632229 0.0637035 0.0638644 0.0637035 0.0632229 0.0624291 0.0613325 0.0599475 0.0582924 0.0563887 0.0542609 0.0519361 0.0494435 0.0468138 0.0440788 0.0412704 0.0384204 0.0355599 0.0327185 0.0299237 0.0272011 0.0245732 0.0220595 0.0196764 0.0174368 0.0153502 0.0134228 0.0116576 0.0100548 0.00861168 0.0073234 0.00618311 0.00518238 0.00431164 0.00356047 0.00291801 0.00237327 0.00191538 0.00153385 0.00121872 0.000960728 0.000751408 0.000583118 0.000449086 0.000343391 0.000260944 0.000197438 0.000149298 0.000113623 8.8133e-05 7.11109e-05 6.1365e-05 
7.5135e-05 7.91935e-05 9.16609e-05 0.000113422 0.000145979 0.000191489 0.000252821 0.00033361 0.000438329 0.000572354 0.000742022 0.000954681 0.00121872 0.00154355 0.00193959 0.00241819 0.00299148 0.0036722 0.00447347 0.00540851 0.00649027 0.00773104 0.00914207 0.010733 0.0125117 0.0144833 0.0166503 0.0190118 0.0215633 0.0242967 0.0271998 0.0302561 0.0334455 0.036744 0.0401239 0.0435546 0.0470028 0.0504329 0.053808 0.0570905 0.0602423 0.0632263 0.0660064 0.0685484 0.0708207 0.0727947 0.0744454 0.0757518 0.0766971 0.0772692 0.0774607 0.0772692 0.0766971 0.0757518 0.0744454 0.0727947 0.0708207 0.0685484 0.0660064 0.0632263 0.0602423 0.0570905 0.053808 0.0504329 0.0470028 0.0435546 0.0401239 0.036744 0.0334455 0.0302561 0.0271998 0.0242967 0.0215633 0.0190118 0.0166503 0.0144833 0.0125117 0.010733 0.00914207 0.00773104 0.00649027 0.00540851 0.00447347 0.0036722 0.00299148 0.00241819 0.00193959 0.00154355 0.00121872 0.000954681 0.000742022 0.000572354 0.000438329 0.00033361 0.000252821 0.000191489 0.000145979 0.000113422 9.16609e-05 7.91935e-05 
9.62517e-05 0.000101405 0.000117228 0.00014483 0.000186085 0.000243689 0.000321212 0.000423179 0.00055514 0.000723749 0.000936832 0.00120343 0.00153385 0.00193959 0.00243336 0.00302893 0.00374096 0.00458478 0.00557609 0.0067306 0.0080636 0.00958947 0.0113212 0.0132699 0.015444 0.017849 0.0204871 0.0233562 0.02645 0.0297578 0.0332639 0.0369481 0.0407855 0.0447469 0.0487988 0.0529044 0.0570241 0.0611156 0.0651354 0.0690393 0.0727827 0.0763224 0.0796164 0.0826252 0.0853124 0.0876449 0.0895941 0.0911359 0.092251 0.0929258 0.0931516 0.0929258 0.092251 0.0911359 0.0895941 0.0876449 0.0853124 0.0826252 0.0796164 0.0763224 0.0727827 0.0690393 0.0651354 0.0611156 0.0570241 0.0529044 0.0487988 0.0447469 0.0407855 0.0369481 0.0332639 0.0297578 0.02645 0.0233562 0.0204871 0.017849 0.015444 0.0132699 0.0113212 0.00958947 0.0080636 0.0067306 0.00557609 0.00458478 0.00374096 0.00302893 0.00243336 0.00193959 0.00153385 0.00120343 0.000936832 0.000723749 0.00055514 0.000423179 0.000321212 0.000243689 0.000186085 0.00014483 0.000117228 0.000101405 
0.000122345 0.000128836 0.000148763 0.000183498 0.000235368 0.000307707 0.000404932 0.00053262 0.000697606 0.000908061 0.00117357 0.00150516 0.00191538 0.00241819 0.00302893 0.00376417 0.00464147 0.00567912 0.0068957 0.00830973 0.00993905 0.0118003 0.0139084 0.0162756 0.0189112 0.0218208 0.0250056 0.0284623 0.032182 0.0361509 0.0403494 0.0447525 0.0493297 0.0540458 0.0588608 0.0637309 0.0686092 0.0734462 0.0781909 0.0827918 0.0871975 0.091358 0.0952251 0.0987536 0.101902 0.104632 0.106913 0.108715 0.110018 0.110807 0.11107 0.110807 0.110018 0.108715 0.106913 0.104632 0.101902 0.0987536 0.0952251 0.091358 0.0871975 0.0827918 0.0781909 0.0734462 0.0686092 0.0637309 0.0588608 0.0540458 0.0493297 0.0447525 0.0403494 0.0361509 0.032182 0.0284623 0.0250056 0.0218208 0.0189112 0.0162756 0.0139084 0.0118003 0.00993905 0.00830973 0.0068957 0.00567912 0.00464147 0.00376417 0.00302893 0.00241819 0.00191538 0.00150516 0.00117357 0.000908061 0.000697606 0.00053262 0.000404932 0.000307707 0.000235368 0.000183498 0.000148763 0.000128836 
0.000154309 0.000162423 0.000187322 0.000230695 0.000295404 0.000385543 0.000506527 0.000665184 0.000869855 0.00113049 0.00145874 0.00186796 0.00237327 0.00299148 0.00374096 0.00464147 0.00571388 0.00697975 0.00846093 0.010179 0.0121546 0.0144067 0.0169521 0.0198044 0.0229735 0.0264645 0.0302778 0.0344077 0.0388427 0.0435649 0.0485499 0.0537672 0.0591801 0.0647462 0.0704182 0.0761446 0.0818702 0.0875376 0.0930879 0.0984615 0.1036 0.108445 0.112944 0.117044 0.120698 0.123865 0.126507 0.128595 0.130103 0.131016 0.131321 0.131016 0.130103 0.128595 0.126507 0.123865 0.120698 0.117044 0.112944 0.108445 0.1036 0.0984615 0.0930879 0.0875376 0.0818702 0.0761446 0.0704182 0.0647462 0.0591801 0.0537672 0.0485499 0.0435649 0.0388427 0.0344077 0.0302778 0.0264645 0.0229735 0.0198044 0.0169521 0.0144067 0.0121546 0.010179 0.00846093 0.00697975 0.00571388 0.00464147 0.00374096 0.00299148 0.00237327 0.00186796 0.00145874 0.00113049 0.000869855 0.000665184 0.000506527 0.000385543 0.000295404 0.000230695 0.000187322 0.000162423 
0.000193129 0.000203193 0.000234065 0.000287808 0.000367911 0.000479365 0.000628754 0.000824369 0.00107631 0.00139661 0.00179928 0.00230038 0.00291801 0.0036722 0.00458478 0.00567912 0.00697975 0.00851193 0.0103011 0.012372 0.0147484 0.0174518 0.0205007 0.0239099 0.0276896 0.0318443 0.0363726 0.0412664 0.0465105 0.0520821 0.0579515 0.0640815 0.0704281 0.0769412 0.0835652 0.0902397 0.0969011 0.103483 0.109918 0.116138 0.122076 0.127669 0.132854 0.137574 0.141776 0.145415 0.148449 0.150844 0.152575 0.153621 0.153971 0.153621 0.152575 0.150844 0.148449 0.145415 0.141776 0.137574 0.132854 0.127669 0.122076 0.116138 0.109918 0.103483 0.0969011 0.0902397 0.0835652 0.0769412 0.0704281 0.0640815 0.0579515 0.0520821 0.0465105 0.0412664 0.0363726 0.0318443 0.0276896 0.0239099 0.0205007 0.0174518 0.0147484 0.012372 0.0103011 0.00851193 0.00697975 0.00567912 0.00458478 0.0036722 0.00291801 0.00230038 0.00179928 0.00139661 0.00107631 0.000824369 0.000628754 0.000479365 0.000367911 0.000287808 0.000234065 0.000203193 
0.000239872 0.000252258 0.000290243 0.000356325 0.000454729 0.000591485 0.000774541 0.00101388 0.00132165 0.00171225 0.00220244 0.00281135 0.00356047 0.00447347 0.00557609 0.0068957 0.00846093 0.0103011 0.0124454 0.0149222 0.0177584 0.0209779 0.024601 0.0286435 0.0331154 0.0380202 0.0433543 0.0491062 0.0552562 0.0617761 0.0686293 0.0757715 0.0831503 0.090707 0.0983765 0.106089 0.113772 0.121349 0.128744 0.13588 0.142682 0.149078 0.155 0.160385 0.165174 0.169316 0.172767 0.17549 0.177456 0.178645 0.179042 0.178645 0.177456 0.17549 0.172767 0.169316 0.165174 0.160385 0.155 0.149078 0.142682 0.13588 0.128744 0.121349 0.113772 0.106089 0.0983765 0.090707 0.0831503 0.0757715 0.0686293 0.0617761 0.0552562 0.0491062 0.0433543 0.0380202 0.0331154 0.0286435 0.024601 0.0209779 0.0177584 0.0149222 0.0124454 0.0103011 0.00846093 0.0068957 0.00557609 0.00447347 0.00356047 0.00281135 0.00220244 0.00171225 0.00132165 0.00101388 0.000774541 0.000591485 0.000454729 0.000356325 0.000290243 0.000252258 
0.000295671 0.0003108 0.000357183 0.000437824 0.000557793 0.000724326 0.000946939 0.00123756 0.00161068 0.00208341 0.00267563 0.00340994 0.00431164 0.00540851 0.0067306 0.00830973 0.010179 0.012372 0.0149222 0.0178618 0.0212204 0.0250248 0.0292967 0.0340525 0.0393018 0.0450463 0.0512795 0.0579858 0.06514 0.0727074 0.080644 0.0888968 0.0974046 0.106099 0.114904 0.123741 0.132525 0.141173 0.149596 0.157711 0.165433 0.172683 0.179387 0.185474 0.190882 0.195554 0.199444 0.202511 0.204725 0.206062 0.206509 0.206062 0.204725 0.202511 0.199444 0.195554 0.190882 0.185474 0.179387 0.172683 0.165433 0.157711 0.149596 0.141173 0.132525 0.123741 0.114904 0.106099 0.0974046 0.0888968 0.080644 0.0727074 0.06514 0.0579858 0.0512795 0.0450463 0.0393018 0.0340525 0.0292967 0.0250248 0.0212204 0.0178618 0.0149222 0.012372 0.010179 0.00830973 0.0067306 0.00540851 0.00431164 0.00340994 0.00267563 0.00208341 0.00161068 0.00123756 0.000946939 0.000724326 0.000557793 0.000437824 0.000357183 0.0003108 
0.00036171 0.000380053 0.000436266 0.000533933 0.000679098 0.000880373 0.00114907 0.00149932 0.00194827 0.00251613 0.00322625 0.00410516 0.00518238 0.00649027 0.0080636 0.00993905 0.0121546 0.0147484 0.0177584 0.0212204 0.0251676 0.0296286 0.0346268 0.0401786 0.0462924 0.0529679 0.0601946 0.0679518 0.0762081 0.084921 0.0940382 0.103497 0.113226 0.123146 0.133171 0.14321 0.15317 0.162954 0.172467 0.181614 0.190305 0.198451 0.205971 0.212791 0.218842 0.224066 0.22841 0.231833 0.234302 0.235793 0.236292 0.235793 0.234302 0.231833 0.22841 0.224066 0.218842 0.212791 0.205971 0.198451 0.190305 0.181614 0.172467 0.162954 0.15317 0.14321 0.133171 0.123146 0.113226 0.103497 0.0940382 0.084921 0.0762081 0.0679518 0.0601946 0.0529679 0.0462924 0.0401786 0.0346268 0.0296286 0.0251676 0.0212204 0.0177584 0.0147484 0.0121546 0.00993905 0.0080636 0.00649027 0.00518238 0.00410516 0.00322625 0.00251613 0.00194827 0.00149932 0.00114907 0.000880373 0.000679098 0.000533933 0.000436266 0.000380053 
0.000439201 0.000461273 0.000528894 0.000646305 0.000820656 0.00106212 0.00138403 0.00180303 0.00233923 0.0030163 0.00386152 0.00490571 0.00618311 0.00773104 0.00958947 0.0118003 0.0144067 0.0174518 0.0209779 0.0250248 0.0296286 0.0348202 0.0406238 0.0470555 0.0541221 0.0618198 0.0701337 0.0790368 0.0884902 0.0984432 0.108833 0.119587 0.130623 0.14185 0.15317 0.164481 0.175679 0.186656 0.197308 0.207531 0.217226 0.226299 0.234662 0.242235 0.248946 0.254733 0.259541 0.263327 0.266056 0.267703 0.268254 0.267703 0.266056 0.263327 0.259541 0.254733 0.248946 0.242235 0.234662 0.226299 0.217226 0.207531 0.197308 0.186656 0.175679 0.164481 0.15317 0.14185 0.130623 0.119587 0.108833 0.0984432 0.0884902 0.0790368 0.0701337 0.0618198 0.0541221 0.0470555 0.0406238 0.0348202 0.0296286 0.0250248 0.0209779 0.0174518 0.0144067 0.0118003 0.00958947 0.00773104 0.00618311 0.00490571 0.00386152 0.0030163 0.00233923 0.00180303 0.00138403 0.00106212 0.000820656 0.000646305 0.000528894 0.000461273 
0.000529349 0.000555713 0.000636459 0.000776569 0.000984437 0.00127199 0.00165483 0.0021524 0.00278814 0.00358954 0.00458819 0.00581969 0.0073234 0.00914207 0.0113212 0.0139084 0.0169521 0.0205007 0.024601 0.0292967 0.0346268 0.0406238 0.0473125 0.0547079 0.0628143 0.0716238 0.0811157 0.091256 0.101997 0.113278 0.125027 0.137158 0.149577 0.16218 0.17486 0.1875 0.199986 0.2122 0.224028 0.235357 0.24608 0.256098 0.265317 0.273653 0.281031 0.287385 0.292659 0.296809 0.299798 0.301602 0.302205 0.301602 0.299798 0.296809 0.292659 0.287385 0.281031 0.273653 0.265317 0.256098 0.24608 0.235357 0.224028 0.2122 0.199986 0.1875 0.17486 0.16218 0.149577 0.137158 0.125027 0.113278 0.101997 0.091256 0.0811157 0.0716238 0.0628143 0.0547079 0.0473125 0.0406238 0.0346268 0.0292967 0.024601 0.0205007 0.0169521 0.0139084 0.0113212 0.00914207 0.0073234 0.00581969 0.00458819 0.00358954 0.00278814 0.0021524 0.00165483 0.00127199 0.000984437 0.000776569 0.000636459 0.000555713 
0.00063332 0.000664584 0.0007603 0.000926283 0.00117231 0.00151227 0.00196428 0.00255089 0.00329919 0.00424091 0.00541235 0.0068543 0.00861168 0.010733 0.0132699 0.0162756 0.0198044 0.0239099 0.0286435 0.0340525 0.0401786 0.0470555 0.0547079 0.0631491 0.0723797 0.0823869 0.0931432 0.104606 0.116718 0.129408 0.142591 0.156169 0.170036 0.184075 0.198164 0.212177 0.225987 0.239467 0.252491 0.264941 0.276703 0.28767 0.297746 0.306843 0.314883 0.321799 0.327534 0.332042 0.335288 0.337245 0.3379 0.337245 0.335288 0.332042 0.327534 0.321799 0.314883 0.306843 0.297746 0.28767 0.276703 0.264941 0.252491 0.239467 0.225987 0.212177 0.198164 0.184075 0.170036 0.156169 0.142591 0.129408 0.116718 0.104606 0.0931432 0.0823869 0.0723797 0.0631491 0.0547079 0.0470555 0.0401786 0.0340525 0.0286435 0.0239099 0.0198044 0.0162756 0.0132699 0.010733 0.00861168 0.0068543 0.00541235 0.00424091 0.00329919 0.00255089 0.00196428 0.00151227 0.00117231 0.000926283 0.0007603 0.000664584 
0.000752203 0.000789008 0.000901656 0.00109688 0.00138598 0.00178501 0.00231488 0.00300152 0.00387605 0.00497478 0.00633915 0.00801553 0.0100548 0.0125117 0.015444 0.0189112 0.0229735 0.0276896 0.0331154 0.0393018 0.0462924 0.0541221 0.0628143 0.0723797 0.0828147 0.0940999 0.1062 0.119063 0.13262 0.146789 0.16147 0.176554 0.191919 0.207436 0.222971 0.238384 0.253538 0.268295 0.282521 0.296092 0.308885 0.320793 0.331713 0.341556 0.350242 0.357705 0.363887 0.368743 0.372236 0.374341 0.375045 0.374341 0.372236 0.368743 0.363887 0.357705 0.350242 0.341556 0.331713 0.320793 0.308885 0.296092 0.282521 0.268295 0.253538 0.238384 0.222971 0.207436 0.191919 0.176554 0.16147 0.146789 0.13262 0.119063 0.1062 0.0940999 0.0828147 0.0723797 0.0628143 0.0541221 0.0462924 0.0393018 0.0331154 0.0276896 0.0229735 0.0189112 0.015444 0.0125117 0.0100548 0.00801553 0.00633915 0.00497478 0.00387605 0.00300152 0.00231488 0.00178501 0.00138598 0.00109688 0.000901656 0.000789008 
0.000886961 0.000929982 0.00106161 0.00128959 0.00162691 0.00209197 0.00270871 0.00350678 0.00452164 0.00579457 0.0073725 0.0093078 0.0116576 0.0144833 0.017849 0.0218208 0.0264645 0.0318443 0.0380202 0.0450463 0.0529679 0.0618198 0.0716238 0.0823869 0.0940999 0.106736 0.120251 0.134581 0.149647 0.165351 0.181582 0.198215 0.215114 0.232136 0.249134 0.265958 0.282457 0.298486 0.313903 0.328576 0.34238 0.355202 0.36694 0.377501 0.386808 0.394793 0.4014 0.406584 0.410311 0.412557 0.413307 0.412557 0.410311 0.406584 0.4014 0.394793 0.386808 0.377501 0.36694 0.355202 0.34238 0.328576 0.313903 0.298486 0.282457 0.265958 0.249134 0.232136 0.215114 0.198215 0.181582 0.165351 0.149647 0.134581 0.120251 0.106736 0.0940999 0.0823869 0.0716238 0.0618198 0.0529679 0.0450463 0.0380202 0.0318443 0.0264645 0.0218208 0.017849 0.0144833 0.0116576 0.0093078 0.0073725 0.00579457 0.00452164 0.00350678 0.00270871 0.00209197 0.00162691 0.00128959 0.00106161 0.000929982 
0.00103839 0.00108832 0.00124105 0.00150541 0.00189623 0.00243445 0.00314731 0.00406845 0.005238 0.00670253 0.00851488 0.0107337 0.0134228 0.0166503 0.0204871 0.0250056 0.0302778 0.0363726 0.0433543 0.0512795 0.0601946 0.0701337 0.0811157 0.0931432 0.1062 0.120251 0.135241 0.151094 0.167718 0.185002 0.202817 0.221026 0.239477 0.258015 0.276477 0.294702 0.312531 0.329808 0.346387 0.362128 0.376905 0.390602 0.403116 0.414356 0.424245 0.432718 0.439719 0.445208 0.449151 0.451526 0.452319 0.451526 0.449151 0.445208 0.439719 0.432718 0.424245 0.414356 0.403116 0.390602 0.376905 0.362128 0.346387 0.329808 0.312531 0.294702 0.276477 0.258015 0.239477 0.221026 0.202817 0.185002 0.167718 0.151094 0.135241 0.120251 0.1062 0.0931432 0.0811157 0.0701337 0.0601946 0.0512795 0.0433543 0.0363726 0.0302778 0.0250056 0.0204871 0.0166503 0.0134228 0.0107337 0.00851488 0.00670253 0.005238 0.00406845 0.00314731 0.00243445 0.00189623 0.00150541 0.00124105 0.00108832 
0.00120705 0.00126461 0.00144059 0.00174502 0.00219469 0.00281329 0.00363158 0.00468746 0.00602606 0.00769957 0.009767 0.0122936 0.0153502 0.0190118 0.0233562 0.0284623 0.0344077 0.0412664 0.0491062 0.0579858 0.0679518 0.0790368 0.091256 0.104606 0.119063 0.134581 0.151094 0.168514 0.186732 0.205622 0.225042 0.244836 0.26484 0.284884 0.304792 0.324393 0.343517 0.362002 0.379695 0.396454 0.41215 0.426668 0.439904 0.451772 0.462195 0.471112 0.478472 0.484235 0.488372 0.490862 0.491694 0.490862 0.488372 0.484235 0.478472 0.471112 0.462195 0.451772 0.439904 0.426668 0.41215 0.396454 0.379695 0.362002 0.343517 0.324393 0.304792 0.284884 0.26484 0.244836 0.225042 0.205622 0.186732 0.168514 0.151094 0.134581 0.119063 0.104606 0.091256 0.0790368 0.0679518 0.0579858 0.0491062 0.0412664 0.0344077 0.0284623 0.0233562 0.0190118 0.0153502 0.0122936 0.009767 0.00769957 0.00602606 0.00468746 0.00363158 0.00281329 0.00219469 0.00174502 0.00144059 0.00126461 
0.00139327 0.00145915 0.00166054 0.00200871 0.00252255 0.00322869 0.00416163 0.0053638 0.00688556 0.00878502 0.0111277 0.0139856 0.0174368 0.0215633 0.02645 0.032182 0.0388427 0.0465105 0.0552562 0.06514 0.0762081 0.0884902 0.101997 0.116718 0.13262 0.149647 0.167718 0.186732 0.206564 0.227072 0.248098 0.269471 0.291011 0.312533 0.333851 0.354783 0.37515 0.394784 0.413529 0.43124 0.447789 0.463059 0.476953 0.489385 0.500285 0.509595 0.51727 0.523273 0.527579 0.530169 0.531034 0.530169 0.527579 0.523273 0.51727 0.509595 0.500285 0.489385 0.476953 0.463059 0.447789 0.43124 0.413529 0.394784 0.37515 0.354783 0.333851 0.312533 0.291011 0.269471 0.248098 0.227072 0.206564 0.186732 0.167718 0.149647 0.13262 0.116718 0.101997 0.0884902 0.0762081 0.06514 0.0552562 0.0465105 0.0388427 0.032182 0.02645 0.0215633 0.0174368 0.0139856 0.0111277 0.00878502 0.00688556 0.0053638 0.00416163 0.00322869 0.00252255 0.00200871 0.00166054 0.00145915 
0.00159703 0.00167193 0.00190082 0.00229633 0.00287955 0.00368021 0.00473674 0.00609633 0.00781483 0.00995652 0.0125935 0.0158052 0.0196764 0.0242967 0.0297578 0.0361509 0.0435649 0.0520821 0.0617761 0.0727074 0.084921 0.0984432 0.113278 0.129408 0.146789 0.165351 0.185002 0.205622 0.227072 0.249193 0.27181 0.294736 0.317776 0.340732 0.363407 0.385608 0.40715 0.42786 0.44758 0.466163 0.483483 0.499428 0.513903 0.526829 0.538142 0.547788 0.555728 0.561932 0.566378 0.569051 0.569943 0.569051 0.566378 0.561932 0.555728 0.547788 0.538142 0.526829 0.513903 0.499428 0.483483 0.466163 0.44758 0.42786 0.40715 0.385608 0.363407 0.340732 0.317776 0.294736 0.27181 0.249193 0.227072 0.205622 0.185002 0.165351 0.146789 0.129408 0.113278 0.0984432 0.084921 0.0727074 0.0617761 0.0520821 0.0435649 0.0361509 0.0297578 0.0242967 0.0196764 0.0158052 0.0125935 0.00995652 0.00781483 0.00609633 0.00473674 0.00368021 0.00287955 0.00229633 0.00190082 0.00167193 
0.00181797 0.00190256 0.00216098 0.00260725 0.00326481 0.00416662 0.00535523 0.00688276 0.00881076 0.0112099 0.0141591 0.0177448 0.0220595 0.0271998 0.0332639 0.0403494 0.0485499 0.0579515 0.0686293 0.080644 0.0940382 0.108833 0.125027 0.142591 0.16147 0.181582 0.202817 0.225042 0.248098 0.27181 0.295986 0.320423 0.344911 0.36924 0.393201 0.416595 0.439229 0.460928 0.481532 0.500897 0.518898 0.53543 0.550403 0.563745 0.575398 0.585319 0.593473 0.599836 0.604391 0.607129 0.608042 0.607129 0.604391 0.599836 0.593473 0.585319 0.575398 0.563745 0.550403 0.53543 0.518898 0.500897 0.481532 0.460928 0.439229 0.416595 0.393201 0.36924 0.344911 0.320423 0.295986 0.27181 0.248098 0.225042 0.202817 0.181582 0.16147 0.142591 0.125027 0.108833 0.0940382 0.080644 0.0686293 0.0579515 0.0485499 0.0403494 0.0332639 0.0271998 0.0220595 0.0177448 0.0141591 0.0112099 0.00881076 0.00688276 0.00535523 0.00416662 0.00326481 0.00260725 0.00216098 0.00190256 
0.00205535 0.00215024 0.00244007 0.00294032 0.00367683 0.00468593 0.00601443 0.00771954 0.00986867 0.0125389 0.0158163 0.0197945 0.0245732 0.0302561 0.0369481 0.0447525 0.0537672 0.0640815 0.0757715 0.0888968 0.103497 0.119587 0.137158 0.156169 0.176554 0.198215 0.221026 0.244836 0.269471 0.294736 0.320423 0.346312 0.372181 0.397807 0.422972 0.447467 0.471099 0.493689 0.515076 0.535123 0.553708 0.570732 0.586114 0.599789 0.611709 0.621838 0.630151 0.63663 0.641264 0.644046 0.644974 0.644046 0.641264 0.63663 0.630151 0.621838 0.611709 0.599789 0.586114 0.570732 0.553708 0.535123 0.515076 0.493689 0.471099 0.447467 0.422972 0.397807 0.372181 0.346312 0.320423 0.294736 0.269471 0.244836 0.221026 0.198215 0.176554 0.156169 0.137158 0.119587 0.103497 0.0888968 0.0757715 0.0640815 0.0537672 0.0447525 0.0369481 0.0302561 0.0245732 0.0197945 0.0158163 0.0125389 0.00986867 0.00771954 0.00601443 0.00468593 0.00367683 0.00294032 0.00244007 0.00215024 
0.00230801 0.00241378 0.00273671 0.00329381 0.00411341 0.00523529 0.00671062 0.00860183 0.0109823 0.0139357 0.017555 0.0219411 0.0272011 0.0334455 0.0407855 0.0493297 0.0591801 0.0704281 0.0831503 0.0974046 0.113226 0.130623 0.149577 0.170036 0.191919 0.215114 0.239477 0.26484 0.291011 0.317776 0.344911 0.372181 0.399351 0.426185 0.452457 0.477954 0.502479 0.525852 0.547917 0.568539 0.587605 0.605023 0.620721 0.634645 0.646756 0.657028 0.665443 0.671994 0.676674 0.679483 0.680419 0.679483 0.676674 0.671994 0.665443 0.657028 0.646756 0.634645 0.620721 0.605023 0.587605 0.568539 0.547917 0.525852 0.502479 0.477954 0.452457 0.426185 0.399351 0.372181 0.344911 0.317776 0.291011 0.26484 0.239477 0.215114 0.191919 0.170036 0.149577 0.130623 0.113226 0.0974046 0.0831503 0.0704281 0.0591801 0.0493297 0.0407855 0.0334455 0.0272011 0.0219411 0.017555 0.0139357 0.0109823 0.00860183 0.00671062 0.00523529 0.00411341 0.00329381 0.00273671 0.00241378 
0.00257438 0.00269149 0.003049 0.00366543 0.00457167 0.00581101 0.00743906 0.00952352 0.0121438 0.0153901 0.0193624 0.024169 0.0299237 0.036744 0.0447469 0.0540458 0.0647462 0.0769412 0.090707 0.106099 0.123146 0.14185 0.16218 0.184075 0.207436 0.232136 0.258015 0.284884 0.312533 0.340732 0.36924 0.397807 0.426185 0.454128 0.481404 0.507794 0.533101 0.557146 0.579778 0.600867 0.620309 0.638021 0.653942 0.668031 0.680257 0.690606 0.699071 0.70565 0.710346 0.713161 0.7141 0.713161 0.710346 0.70565 0.699071 0.690606 0.680257 0.668031 0.653942 0.638021 0.620309 0.600867 0.579778 0.557146 0.533101 0.507794 0.481404 0.454128 0.426185 0.397807 0.36924 0.340732 0.312533 0.284884 0.258015 0.232136 0.207436 0.184075 0.16218 0.14185 0.123146 0.106099 0.090707 0.0769412 0.0647462 0.0540458 0.0447469 0.036744 0.0299237 0.024169 0.0193624 0.0153901 0.0121438 0.00952352 0.00743906 0.00581101 0.00457167 0.00366543 0.003049 0.00269149 
0.00285242 0.00298128 0.00337456 0.00405232 0.00504804 0.00640857 0.00819396 0.0104772 0.0133437 0.0168903 0.0212239 0.0264597 0.0327185 0.0401239 0.0487988 0.0588608 0.0704182 0.0835652 0.0983765 0.114904 0.133171 0.15317 0.17486 0.198164 0.222971 0.249134 0.276477 0.304792 0.333851 0.363407 0.393201 0.422972 0.452457 0.481404 0.509573 0.536744 0.562719 0.587323 0.610409 0.631856 0.65157 0.669479 0.685534 0.699705 0.711974 0.722337 0.730799 0.737366 0.742047 0.744852 0.745787 0.744852 0.742047 0.737366 0.730799 0.722337 0.711974 0.699705 0.685534 0.669479 0.65157 0.631856 0.610409 0.587323 0.562719 0.536744 0.509573 0.481404 0.452457 0.422972 0.393201 0.363407 0.333851 0.304792 0.276477 0.249134 0.222971 0.198164 0.17486 0.15317 0.133171 0.114904 0.0983765 0.0835652 0.0704182 0.0588608 0.0487988 0.0401239 0.0327185 0.0264597 0.0212239 0.0168903 0.0133437 0.0104772 0.00819396 0.00640857 0.00504804 0.00405232 0.00337456 0.00298128 
0.00313972 0.00328062 0.00371052 0.00445107 0.00553832 0.00702265 0.0089686 0.0114544 0.0145715 0.018423 0.0231227 0.0287925 0.0355599 0.0435546 0.0529044 0.0637309 0.0761446 0.0902397 0.106089 0.123741 0.14321 0.164481 0.1875 0.212177 0.238384 0.265958 0.294702 0.324393 0.354783 0.385608 0.416595 0.447467 0.477954 0.507794 0.536744 0.564582 0.59111 0.61616 0.639591 0.661292 0.681178 0.699191 0.715294 0.729469 0.741713 0.752033 0.760443 0.76696 0.7716 0.774379 0.775304 0.774379 0.7716 0.76696 0.760443 0.752033 0.741713 0.729469 0.715294 0.699191 0.681178 0.661292 0.639591 0.61616 0.59111 0.564582 0.536744 0.507794 0.477954 0.447467 0.416595 0.385608 0.354783 0.324393 0.294702 0.265958 0.238384 0.212177 0.1875 0.164481 0.14321 0.123741 0.106089 0.0902397 0.0761446 0.0637309 0.0529044 0.0435546 0.0355599 0.0287925 0.0231227 0.018423 0.0145715 0.0114544 0.0089686 0.00702265 0.00553832 0.00445107 0.00371052 0.00328062 
0.00343345 0.00358655 0.00405359 0.00485776 0.00603767 0.00764722 0.00975534 0.0124455 0.0158148 0.0199729 0.02504 0.0311446 0.0384204 0.0470028 0.0570241 0.0686092 0.0818702 0.0969011 0.113772 0.132525 0.15317 0.175679 0.199986 0.225987 0.253538 0.282457 0.312531 0.343517 0.37515 0.40715 0.439229 0.471099 0.502479 0.533101 0.562719 0.59111 0.618081 0.643468 0.66714 0.688995 0.708961 0.726991 0.743064 0.757174 0.769332 0.779556 0.787871 0.794304 0.798879 0.801616 0.802526 0.801616 0.798879 0.794304 0.787871 0.779556 0.769332 0.757174 0.743064 0.726991 0.708961 0.688995 0.66714 0.643468 0.618081 0.59111 0.562719 0.533101 0.502479 0.471099 0.439229 0.40715 0.37515 0.343517 0.312531 0.282457 0.253538 0.225987 0.199986 0.175679 0.15317 0.132525 0.113772 0.0969011 0.0818702 0.0686092 0.0570241 0.0470028 0.0384204 0.0311446 0.02504 0.0199729 0.0158148 0.0124455 0.00975534 0.00764722 0.00603767 0.00485776 0.00405359 0.00358655 
0.00373043 0.00389577 0.00440006 0.005268 0.00654073 0.00827559 0.0105458 0.0134399 0.0170607 0.0215238 0.0269559 0.0334915 0.0412704 0.0504329 0.0611156 0.0734462 0.0875376 0.103483 0.121349 0.141173 0.162954 0.186656 0.2122 0.239467 0.268295 0.298486 0.329808 0.362002 0.394784 0.42786 0.460928 0.493689 0.525852 0.557146 0.587323 0.61616 0.643468 0.669092 0.692908 0.714826 0.734787 0.752759 0.768732 0.782715 0.794732 0.804815 0.812999 0.819319 0.823808 0.826491 0.827384 0.826491 0.823808 0.819319 0.812999 0.804815 0.794732 0.782715 0.768732 0.752759 0.734787 0.714826 0.692908 0.669092 0.643468 0.61616 0.587323 0.557146 0.525852 0.493689 0.460928 0.42786 0.394784 0.362002 0.329808 0.298486 0.268295 0.239467 0.2122 0.186656 0.162954 0.141173 0.121349 0.103483 0.0875376 0.0734462 0.0611156 0.0504329 0.0412704 0.0334915 0.0269559 0.0215238 0.0170607 0.0134399 0.0105458 0.00827559 0.00654073 0.005268 0.00440006 0.00389577 
0.00402717 0.00420467 0.00474589 0.00567704 0.0070417 0.00890056 0.011331 0.0144264 0.0182951 0.0230585 0.0288491 0.0358075 0.0440788 0.053808 0.0651354 0.0781909 0.0930879 0.109918 0.128744 0.149596 0.172467 0.197308 0.224028 0.252491 0.282521 0.313903 0.346387 0.379695 0.413529 0.44758 0.481532 0.515076 0.547917 0.579778 0.610409 0.639591 0.66714 0.692908 0.716781 0.738683 0.758566 0.776412 0.792226 0.806032 0.817864 0.827768 0.83579 0.841975 0.846362 0.848981 0.849852 0.848981 0.846362 0.841975 0.83579 0.827768 0.817864 0.806032 0.792226 0.776412 0.758566 0.738683 0.716781 0.692908 0.66714 0.639591 0.610409 0.579778 0.547917 0.515076 0.481532 0.44758 0.413529 0.379695 0.346387 0.313903 0.282521 0.252491 0.224028 0.197308 0.172467 0.149596 0.128744 0.109918 0.0930879 0.0781909 0.0651354 0.053808 0.0440788 0.0358075 0.0288491 0.0230585 0.0182951 0.0144264 0.011331 0.00890056 0.0070417 0.00567704 0.00474589 0.00420467 
