2.72338e-07 2.95965e-07 3.69949e-07 5.03856e-07 7.14499e-07 1.02726e-06 1.478e-06 2.11548e-06 3.0045e-06 4.22957e-06 5.89918e-06 8.15065e-06 1.11553e-05 1.51242e-05 2.03132e-05 2.70288e-05 3.56322e-05 4.65429e-05 6.02405e-05 7.72643e-05 9.82096e-05 0.000123722 0.000154484 0.000191206 0.000234602 0.000285369 0.000344157 0.000411545 0.000488 0.000573851 0.000669249 0.00077414 0.000888236 0.00101099 0.0011416 0.00127896 0.00142171 0.00156825 0.00171671 0.00186505 0.00201108 0.0021525 0.00228698 0.0024122 0.00252593 0.00262609 0.0027108 0.00277846 0.00282776 0.00285773 0.00286778 0.00285773 0.00282776 0.00277846 0.0027108 0.00262609 0.00252593 0.0024122 0.00228698 0.0021525 0.00201108 0.00186505 0.00171671 0.00156825 0.00142171 0.00127896 0.0011416 0.00101099 0.000888236 0.00077414 0.000669249 0.000573851 0.000488 0.000411545 0.000344157 0.000285369 0.000234602 0.000191206 0.000154484 0.000123722 9.82096e-05 7.72643e-05 6.02405e-05 4.65429e-05 3.56322e-05 2.70288e-05 2.03132e-05 1.51242e-05 1.11553e-05 8.15065e-06 5.89918e-06 4.22957e-06 3.0045e-06 2.11548e-06 1.478e-06 1.02726e-06 7.14499e-07 5.03856e-07 3.69949e-07 2.95965e-07 
2.95965e-07 3.21561e-07 4.01694e-07 5.46682e-07 7.74648e-07 1.11295e-06 1.60017e-06 2.2888e-06 3.24849e-06 4.57002e-06 6.36981e-06 8.79506e-06 1.20293e-05 1.62983e-05 2.18756e-05 2.90884e-05 3.8322e-05 5.00234e-05 6.4703e-05 8.29338e-05 0.000105348 0.000132629 0.000165503 0.000204716 0.000251025 0.000305161 0.000367811 0.000439577 0.000520948 0.000612262 0.00071367 0.000825104 0.000946248 0.00107652 0.00121504 0.00136066 0.00151193 0.00166713 0.00182431 0.00198131 0.0021358 0.00228536 0.00242754 0.00255989 0.00268007 0.00278589 0.00287538 0.00294684 0.0029989 0.00303055 0.00304117 0.00303055 0.0029989 0.00294684 0.00287538 0.00278589 0.00268007 0.00255989 0.00242754 0.00228536 0.0021358 0.00198131 0.00182431 0.00166713 0.00151193 0.00136066 0.00121504 0.00107652 0.000946248 0.000825104 0.00071367 0.000612262 0.000520948 0.000439577 0.000367811 0.000305161 0.000251025 0.000204716 0.000165503 0.000132629 0.000105348 8.29338e-05 6.4703e-05 5.00234e-05 3.8322e-05 2.90884e-05 2.18756e-05 1.62983e-05 1.20293e-05 8.79506e-06 6.36981e-06 4.57002e-06 3.24849e-06 2.2888e-06 1.60017e-06 1.11295e-06 7.74648e-07 5.46682e-07 4.01694e-07 3.21561e-07 
3.69949e-07 4.01694e-07 5.01036e-07 6.80625e-07 9.62669e-07 1.38064e-06 1.98167e-06 2.82977e-06 4.00967e-06 5.63159e-06 7.83655e-06 1.08024e-05 1.47505e-05 1.99521e-05 2.67354e-05 3.54916e-05 4.66804e-05 6.08333e-05 7.85556e-05 0.000100525 0.000127486 0.000160241 0.000199639 0.000246553 0.000301856 0.000366396 0.000440956 0.000526224 0.000622746 0.000730888 0.000850798 0.000982364 0.00112519 0.00127856 0.00144142 0.00161241 0.00178982 0.00197163 0.00215556 0.00233908 0.00251951 0.00269404 0.00285982 0.00301403 0.00315398 0.00327714 0.00338125 0.00346435 0.00352487 0.00356166 0.003574 0.00356166 0.00352487 0.00346435 0.00338125 0.00327714 0.00315398 0.00301403 0.00285982 0.00269404 0.00251951 0.00233908 0.00215556 0.00197163 0.00178982 0.00161241 0.00144142 0.00127856 0.00112519 0.000982364 0.000850798 0.000730888 0.000622746 0.000526224 0.000440956 0.000366396 0.000301856 0.000246553 0.000199639 0.000160241 0.000127486 0.000100525 7.85556e-05 6.08333e-05 4.66804e-05 3.54916e-05 2.67354e-05 1.99521e-05 1.47505e-05 1.08024e-05 7.83655e-06 5.63159e-06 4.00967e-06 2.82977e-06 1.98167e-06 1.38064e-06 9.62669e-07 6.80625e-07 5.01036e-07 4.01694e-07 
5.03856e-07 5.46682e-07 6.80625e-07 9.22518e-07 1.30187e-06 1.86309e-06 2.66858e-06 3.80288e-06 5.37764e-06 7.53765e-06 1.04676e-05 1.44e-05 1.96227e-05 2.6488e-05 3.54204e-05 4.69241e-05 6.15896e-05 8.00972e-05 0.000103219 0.000131814 0.000166825 0.000209263 0.000260189 0.000320692 0.000391854 0.000474715 0.000570232 0.000679229 0.000802352 0.000940012 0.00109234 0.00125916 0.0014399 0.00163364 0.00183901 0.00205426 0.00227724 0.0025054 0.0027359 0.00296558 0.00319112 0.00340902 0.00361579 0.00380796 0.0039822 0.00413544 0.00426489 0.00436818 0.00444338 0.00448907 0.0045044 0.00448907 0.00444338 0.00436818 0.00426489 0.00413544 0.0039822 0.00380796 0.00361579 0.00340902 0.00319112 0.00296558 0.0027359 0.0025054 0.00227724 0.00205426 0.00183901 0.00163364 0.0014399 0.00125916 0.00109234 0.000940012 0.000802352 0.000679229 0.000570232 0.000474715 0.000391854 0.000320692 0.000260189 0.000209263 0.000166825 0.000131814 0.000103219 8.00972e-05 6.15896e-05 4.69241e-05 3.54204e-05 2.6488e-05 1.96227e-05 1.44e-05 1.04676e-05 7.53765e-06 5.37764e-06 3.80288e-06 2.66858e-06 1.86309e-06 1.30187e-06 9.22518e-07 6.80625e-07 5.46682e-07 
7.14499e-07 7.74648e-07 9.62669e-07 1.30187e-06 1.83307e-06 2.61758e-06 3.74141e-06 5.32073e-06 7.50864e-06 1.0503e-05 1.45558e-05 1.99825e-05 2.71734e-05 3.66038e-05 4.88448e-05 6.45722e-05 8.45744e-05 0.000109756 0.00014114 0.00017986 0.000227154 0.000284342 0.000352805 0.000433947 0.000529158 0.000639765 0.00076697 0.000911797 0.00107503 0.00125713 0.00145822 0.00167796 0.00191557 0.00216976 0.00243872 0.00272012 0.00301111 0.00330839 0.00360825 0.00390662 0.00419921 0.00448156 0.00474919 0.00499766 0.00522276 0.00542057 0.00558757 0.00572075 0.00581767 0.00587655 0.0058963 0.00587655 0.00581767 0.00572075 0.00558757 0.00542057 0.00522276 0.00499766 0.00474919 0.00448156 0.00419921 0.00390662 0.00360825 0.00330839 0.00301111 0.00272012 0.00243872 0.00216976 0.00191557 0.00167796 0.00145822 0.00125713 0.00107503 0.000911797 0.00076697 0.000639765 0.000529158 0.000433947 0.000352805 0.000284342 0.000227154 0.00017986 0.00014114 0.000109756 8.45744e-05 6.45722e-05 4.88448e-05 3.66038e-05 2.71734e-05 1.99825e-05 1.45558e-05 1.0503e-05 7.50864e-06 5.32073e-06 3.74141e-06 2.61758e-06 1.83307e-06 1.30187e-06 9.62669e-07 7.74648e-07 
1.02726e-06 1.11295e-06 1.38064e-06 1.86309e-06 2.61758e-06 3.73002e-06 5.32067e-06 7.5516e-06 1.06358e-05 1.4848e-05 2.05364e-05 2.81366e-05 3.81849e-05 5.13329e-05 6.83602e-05 9.01867e-05 0.000117881 0.000152666 0.000195915 0.000249149 0.000314016 0.000392269 0.000485728 0.000596236 0.000725604 0.000875541 0.00104758 0.00124302 0.0014628 0.00170747 0.00197705 0.00227104 0.0025883 0.00292703 0.00328478 0.00365838 0.00404407 0.00443745 0.00483362 0.00522727 0.00561277 0.00598432 0.00633609 0.00666237 0.00695769 0.007217 0.00743578 0.00761016 0.00773702 0.00781407 0.0078399 0.00781407 0.00773702 0.00761016 0.00743578 0.007217 0.00695769 0.00666237 0.00633609 0.00598432 0.00561277 0.00522727 0.00483362 0.00443745 0.00404407 0.00365838 0.00328478 0.00292703 0.0025883 0.00227104 0.00197705 0.00170747 0.0014628 0.00124302 0.00104758 0.000875541 0.000725604 0.000596236 0.000485728 0.000392269 0.000314016 0.000249149 0.000195915 0.000152666 0.000117881 9.01867e-05 6.83602e-05 5.13329e-05 3.81849e-05 2.81366e-05 2.05364e-05 1.4848e-05 1.06358e-05 7.5516e-06 5.32067e-06 3.73002e-06 2.61758e-06 1.86309e-06 1.38064e-06 1.11295e-06 
1.478e-06 1.60017e-06 1.98167e-06 2.66858e-06 3.74141e-06 5.32067e-06 7.57478e-06 1.07302e-05 1.50837e-05 2.10172e-05 2.90133e-05 3.96738e-05 5.37376e-05 7.20991e-05 9.58254e-05 0.000126171 0.000164587 0.000212728 0.000272447 0.000345783 0.000434939 0.000542244 0.000670105 0.000820943 0.000997118 0.00120084 0.00143408 0.00169843 0.00199507 0.00232458 0.0026869 0.0030812 0.00350586 0.00395839 0.00443542 0.00493272 0.00544521 0.00596709 0.00649186 0.00701254 0.00752176 0.00801194 0.00847551 0.00890504 0.00929348 0.00963429 0.00992165 0.0101506 0.010317 0.0104181 0.010452 0.0104181 0.010317 0.0101506 0.00992165 0.00963429 0.00929348 0.00890504 0.00847551 0.00801194 0.00752176 0.00701254 0.00649186 0.00596709 0.00544521 0.00493272 0.00443542 0.00395839 0.00350586 0.0030812 0.0026869 0.00232458 0.00199507 0.00169843 0.00143408 0.00120084 0.000997118 0.000820943 0.000670105 0.000542244 0.000434939 0.000345783 0.000272447 0.000212728 0.000164587 0.000126171 9.58254e-05 7.20991e-05 5.37376e-05 3.96738e-05 2.90133e-05 2.10172e-05 1.50837e-05 1.07302e-05 7.57478e-06 5.32067e-06 3.74141e-06 2.66858e-06 1.98167e-06 1.60017e-06 
2.11548e-06 2.2888e-06 2.82977e-06 3.80288e-06 5.32073e-06 7.5516e-06 1.07302e-05 1.51714e-05 2.12869e-05 2.96047e-05 4.0791e-05 5.56733e-05 7.52645e-05 0.000100787 0.000133694 0.000175689 0.000228734 0.000295057 0.000377144 0.00047772 0.000599712 0.000746201 0.000920354 0.00112533 0.0013642 0.00163979 0.0019546 0.00231064 0.00270927 0.00315113 0.00363595 0.0041625 0.00472846 0.0053304 0.00596374 0.0066228 0.00730084 0.00799016 0.00868224 0.00936793 0.0100376 0.0106815 0.0112897 0.0118527 0.0123613 0.0128073 0.013183 0.0134822 0.0136997 0.0138317 0.0138759 0.0138317 0.0136997 0.0134822 0.013183 0.0128073 0.0123613 0.0118527 0.0112897 0.0106815 0.0100376 0.00936793 0.00868224 0.00799016 0.00730084 0.0066228 0.00596374 0.0053304 0.00472846 0.0041625 0.00363595 0.00315113 0.00270927 0.00231064 0.0019546 0.00163979 0.0013642 0.00112533 0.000920354 0.000746201 0.000599712 0.00047772 0.000377144 0.000295057 0.000228734 0.000175689 0.000133694 0.000100787 7.52645e-05 5.56733e-05 4.0791e-05 2.96047e-05 2.12869e-05 1.51714e-05 1.07302e-05 7.5516e-06 5.32073e-06 3.80288e-06 2.82977e-06 2.2888e-06 
3.0045e-06 3.24849e-06 4.00967e-06 5.37764e-06 7.50864e-06 1.06358e-05 1.50837e-05 2.12869e-05 2.98119e-05 4.13837e-05 5.69139e-05 7.75318e-05 0.000104616 0.000139823 0.000185119 0.000242795 0.000315485 0.000406166 0.000518148 0.000655038 0.000820698 0.00101917 0.00125458 0.00153102 0.00185243 0.00222242 0.0026441 0.00311994 0.00365154 0.00423951 0.00488329 0.00558102 0.00632947 0.00712392 0.00795825 0.00882488 0.00971491 0.0106182 0.0115238 0.0124196 0.0132934 0.0141323 0.014924 0.0156559 0.0163167 0.0168955 0.0173829 0.0177707 0.0180525 0.0182235 0.0182809 0.0182235 0.0180525 0.0177707 0.0173829 0.0168955 0.0163167 0.0156559 0.014924 0.0141323 0.0132934 0.0124196 0.0115238 0.0106182 0.00971491 0.00882488 0.00795825 0.00712392 0.00632947 0.00558102 0.00488329 0.00423951 0.00365154 0.00311994 0.0026441 0.00222242 0.00185243 0.00153102 0.00125458 0.00101917 0.000820698 0.000655038 0.000518148 0.000406166 0.000315485 0.000242795 0.000185119 0.000139823 0.000104616 7.75318e-05 5.69139e-05 4.13837e-05 2.98119e-05 2.12869e-05 1.50837e-05 1.06358e-05 7.50864e-06 5.37764e-06 4.00967e-06 3.24849e-06 
4.22957e-06 4.57002e-06 5.63159e-06 7.53765e-06 1.0503e-05 1.4848e-05 2.10172e-05 2.96047e-05 4.13837e-05 5.73399e-05 7.87102e-05 0.000107022 0.000144132 0.00019227 0.000254063 0.000332572 0.000431296 0.000554176 0.000705573 0.000890222 0.00111316 0.00137964 0.00169498 0.00206443 0.00249298 0.00298516 0.00354484 0.00417495 0.00487735 0.00565251 0.00649941 0.00741535 0.00839583 0.00943452 0.0105232 0.0116519 0.0128091 0.0139815 0.0151549 0.016314 0.017443 0.0185255 0.0195458 0.0204882 0.021338 0.0220819 0.0227078 0.0232056 0.0235672 0.0237866 0.0238601 0.0237866 0.0235672 0.0232056 0.0227078 0.0220819 0.021338 0.0204882 0.0195458 0.0185255 0.017443 0.016314 0.0151549 0.0139815 0.0128091 0.0116519 0.0105232 0.00943452 0.00839583 0.00741535 0.00649941 0.00565251 0.00487735 0.00417495 0.00354484 0.00298516 0.00249298 0.00206443 0.00169498 0.00137964 0.00111316 0.000890222 0.000705573 0.000554176 0.000431296 0.000332572 0.000254063 0.00019227 0.000144132 0.000107022 7.87102e-05 5.73399e-05 4.13837e-05 2.96047e-05 2.10172e-05 1.4848e-05 1.0503e-05 7.53765e-06 5.63159e-06 4.57002e-06 
5.89918e-06 6.36981e-06 7.83655e-06 1.04676e-05 1.45558e-05 2.05364e-05 2.90133e-05 4.0791e-05 5.69139e-05 7.87102e-05 0.000107841 0.000146353 0.000196724 0.000261919 0.000345425 0.00045128 0.00058409 0.000749019 0.000951753 0.00119844 0.00149558 0.00184992 0.00226824 0.00275719 0.00332303 0.00397136 0.00470687 0.00553305 0.00645188 0.00746362 0.00856656 0.00975681 0.0110282 0.0123724 0.0137784 0.0152334 0.0167222 0.0182281 0.0197327 0.0212166 0.0226598 0.0240419 0.0253428 0.0265431 0.0276244 0.0285701 0.0293653 0.0299974 0.0304563 0.0307346 0.0308279 0.0307346 0.0304563 0.0299974 0.0293653 0.0285701 0.0276244 0.0265431 0.0253428 0.0240419 0.0226598 0.0212166 0.0197327 0.0182281 0.0167222 0.0152334 0.0137784 0.0123724 0.0110282 0.00975681 0.00856656 0.00746362 0.00645188 0.00553305 0.00470687 0.00397136 0.00332303 0.00275719 0.00226824 0.00184992 0.00149558 0.00119844 0.000951753 0.000749019 0.00058409 0.00045128 0.000345425 0.000261919 0.000196724 0.000146353 0.000107841 7.87102e-05 5.69139e-05 4.0791e-05 2.90133e-05 2.05364e-05 1.45558e-05 1.04676e-05 7.83655e-06 6.36981e-06 
8.15065e-06 8.79506e-06 1.08024e-05 1.44e-05 1.99825e-05 2.81366e-05 3.96738e-05 5.56733e-05 7.75318e-05 0.000107022 0.000146353 0.000198236 0.000265951 0.000353399 0.000465156 0.000606501 0.000783432 0.00100264 0.00127147 0.0015978 0.00198995 0.00245645 0.00300588 0.00364653 0.00438613 0.00523154 0.00618834 0.00726054 0.00845019 0.00975711 0.0111786 0.0127092 0.0143406 0.0160616 0.0178582 0.0197137 0.0216087 0.0235219 0.0254302 0.0273093 0.029134 0.030879 0.0325194 0.0340311 0.0353917 0.0365806 0.0375795 0.038373 0.0389489 0.039298 0.039415 0.039298 0.0389489 0.038373 0.0375795 0.0365806 0.0353917 0.0340311 0.0325194 0.030879 0.029134 0.0273093 0.0254302 0.0235219 0.0216087 0.0197137 0.0178582 0.0160616 0.0143406 0.0127092 0.0111786 0.00975711 0.00845019 0.00726054 0.00618834 0.00523154 0.00438613 0.00364653 0.00300588 0.00245645 0.00198995 0.0015978 0.00127147 0.00100264 0.000783432 0.000606501 0.000465156 0.000353399 0.000265951 0.000198236 0.000146353 0.000107022 7.75318e-05 5.56733e-05 3.96738e-05 2.81366e-05 1.99825e-05 1.44e-05 1.08024e-05 8.79506e-06 
1.11553e-05 1.20293e-05 1.47505e-05 1.96227e-05 2.71734e-05 3.81849e-05 5.37376e-05 7.52645e-05 0.000104616 0.000144132 0.000196724 0.000265951 0.000356101 0.000472262 0.000620376 0.000807274 0.00104068 0.00132918 0.00168213 0.00210956 0.00262195 0.00323001 0.00394441 0.00477537 0.00573232 0.00682349 0.00805542 0.00943259 0.0109569 0.0126276 0.0144404 0.0163878 0.0184589 0.020639 0.02291 0.0252505 0.0276362 0.0300403 0.032434 0.034787 0.0370683 0.0392468 0.0412919 0.0431745 0.044867 0.0463444 0.0475849 0.0485697 0.049284 0.0497169 0.049862 0.0497169 0.049284 0.0485697 0.0475849 0.0463444 0.044867 0.0431745 0.0412919 0.0392468 0.0370683 0.034787 0.032434 0.0300403 0.0276362 0.0252505 0.02291 0.020639 0.0184589 0.0163878 0.0144404 0.0126276 0.0109569 0.00943259 0.00805542 0.00682349 0.00573232 0.00477537 0.00394441 0.00323001 0.00262195 0.00210956 0.00168213 0.00132918 0.00104068 0.000807274 0.000620376 0.000472262 0.000356101 0.000265951 0.000196724 0.000144132 0.000104616 7.52645e-05 5.37376e-05 3.81849e-05 2.71734e-05 1.96227e-05 1.47505e-05 1.20293e-05 
1.51242e-05 1.62983e-05 1.99521e-05 2.6488e-05 3.66038e-05 5.13329e-05 7.20991e-05 0.000100787 0.000139823 0.00019227 0.000261919 0.000353399 0.000472262 0.000625073 0.00081947 0.0010642 0.0013691 0.00174507 0.00220393 0.00275825 0.00342111 0.0042058 0.00512539 0.00619235 0.00741802 0.00881207 0.010382 0.0121327 0.0140656 0.0161789 0.0184665 0.0209182 0.0235195 0.0262514 0.029091 0.0320113 0.034982 0.0379696 0.0409388 0.0438524 0.0466725 0.0493615 0.0518824 0.0541999 0.0562811 0.0580962 0.0596189 0.0608269 0.0617027 0.0622333 0.0624111 0.0622333 0.0617027 0.0608269 0.0596189 0.0580962 0.0562811 0.0541999 0.0518824 0.0493615 0.0466725 0.0438524 0.0409388 0.0379696 0.034982 0.0320113 0.029091 0.0262514 0.0235195 0.0209182 0.0184665 0.0161789 0.0140656 0.0121327 0.010382 0.00881207 0.00741802 0.00619235 0.00512539 0.0042058 0.00342111 0.00275825 0.00220393 0.00174507 0.0013691 0.0010642 0.00081947 0.000625073 0.000472262 0.000353399 0.000261919 0.00019227 0.000139823 0.000100787 7.20991e-05 5.13329e-05 3.66038e-05 2.6488e-05 1.99521e-05 1.62983e-05 
2.03132e-05 2.18756e-05 2.67354e-05 3.54204e-05 4.88448e-05 6.83602e-05 9.58254e-05 0.000133694 0.000185119 0.000254063 0.000345425 0.000465156 0.000620376 0.00081947 0.00107216 0.00138951 0.00178395 0.00226915 0.00285985 0.00357168 0.00442075 0.00542333 0.00659529 0.00795158 0.0095056 0.0112686 0.0132489 0.0154515 0.0178774 0.0205228 0.0233793 0.0264333 0.0296658 0.0330527 0.0365651 0.0401693 0.0438278 0.0474998 0.0511419 0.0547094 0.0581566 0.0614382 0.0645102 0.0673306 0.0698606 0.0720647 0.0739122 0.0753769 0.0764382 0.0770811 0.0772964 0.0770811 0.0764382 0.0753769 0.0739122 0.0720647 0.0698606 0.0673306 0.0645102 0.0614382 0.0581566 0.0547094 0.0511419 0.0474998 0.0438278 0.0401693 0.0365651 0.0330527 0.0296658 0.0264333 0.0233793 0.0205228 0.0178774 0.0154515 0.0132489 0.0112686 0.0095056 0.00795158 0.00659529 0.00542333 0.00442075 0.00357168 0.00285985 0.00226915 0.00178395 0.00138951 0.00107216 0.00081947 0.000620376 0.000465156 0.000345425 0.000254063 0.000185119 0.000133694 9.58254e-05 6.83602e-05 4.88448e-05 3.54204e-05 2.67354e-05 2.18756e-05 
2.70288e-05 2.90884e-05 3.54916e-05 4.69241e-05 6.45722e-05 9.01867e-05 0.000126171 0.000175689 0.000242795 0.000332572 0.00045128 0.000606501 0.000807274 0.0010642 0.00138951 0.00179711 0.00230247 0.00292258 0.00367565 0.00458083 0.0056578 0.00692619 0.00840502 0.010112 0.0120626 0.0142698 0.0167425 0.0194856 0.0224988 0.0257762 0.0293061 0.0330704 0.0370449 0.0411992 0.0454971 0.0498973 0.054354 0.0588176 0.063236 0.0675555 0.0717219 0.0756817 0.0793828 0.0827762 0.0858164 0.0884623 0.090678 0.0924334 0.0937046 0.0944743 0.0947321 0.0944743 0.0937046 0.0924334 0.090678 0.0884623 0.0858164 0.0827762 0.0793828 0.0756817 0.0717219 0.0675555 0.063236 0.0588176 0.054354 0.0498973 0.0454971 0.0411992 0.0370449 0.0330704 0.0293061 0.0257762 0.0224988 0.0194856 0.0167425 0.0142698 0.0120626 0.010112 0.00840502 0.00692619 0.0056578 0.00458083 0.00367565 0.00292258 0.00230247 0.00179711 0.00138951 0.0010642 0.000807274 0.000606501 0.00045128 0.000332572 0.000242795 0.000175689 0.000126171 9.01867e-05 6.45722e-05 4.69241e-05 3.54916e-05 2.90884e-05 
3.56322e-05 3.8322e-05 4.66804e-05 6.15896e-05 8.45744e-05 0.000117881 0.000164587 0.000228734 0.000315485 0.000431296 0.00058409 0.000783432 0.00104068 0.0013691 0.00178395 0.00230247 0.00294378 0.00372874 0.00467958 0.00581956 0.00717236 0.00876142 0.0106092 0.0127364 0.0151607 0.0178964 0.0209531 0.0243348 0.0280395 0.0320584 0.0363755 0.0409672 0.0458029 0.0508446 0.0560478 0.0613622 0.0667324 0.0720992 0.0774004 0.0825727 0.0875523 0.0922766 0.0966855 0.100722 0.104333 0.107473 0.1101 0.112179 0.113684 0.114595 0.1149 0.114595 0.113684 0.112179 0.1101 0.107473 0.104333 0.100722 0.0966855 0.0922766 0.0875523 0.0825727 0.0774004 0.0720992 0.0667324 0.0613622 0.0560478 0.0508446 0.0458029 0.0409672 0.0363755 0.0320584 0.0280395 0.0243348 0.0209531 0.0178964 0.0151607 0.0127364 0.0106092 0.00876142 0.00717236 0.00581956 0.00467958 0.00372874 0.00294378 0.00230247 0.00178395 0.0013691 0.00104068 0.000783432 0.00058409 0.000431296 0.000315485 0.000228734 0.000164587 0.000117881 8.45744e-05 6.15896e-05 4.66804e-05 3.8322e-05 
4.65429e-05 5.00234e-05 6.08333e-05 8.00972e-05 0.000109756 0.000152666 0.000212728 0.000295057 0.000406166 0.000554176 0.000749019 0.00100264 0.00132918 0.00174507 0.00226915 0.00292258 0.00372874 0.00471296 0.00590213 0.00732411 0.00900711 0.0109788 0.0132653 0.0158903 0.0188738 0.0222313 0.0259724 0.0300998 0.034609 0.0394872 0.044713 0.0502565 0.0560789 0.0621336 0.0683664 0.0747167 0.0811184 0.0875012 0.0937923 0.0999176 0.105803 0.111377 0.11657 0.121317 0.125558 0.129242 0.13232 0.134755 0.136516 0.137582 0.137939 0.137582 0.136516 0.134755 0.13232 0.129242 0.125558 0.121317 0.11657 0.111377 0.105803 0.0999176 0.0937923 0.0875012 0.0811184 0.0747167 0.0683664 0.0621336 0.0560789 0.0502565 0.044713 0.0394872 0.034609 0.0300998 0.0259724 0.0222313 0.0188738 0.0158903 0.0132653 0.0109788 0.00900711 0.00732411 0.00590213 0.00471296 0.00372874 0.00292258 0.00226915 0.00174507 0.00132918 0.00100264 0.000749019 0.000554176 0.000406166 0.000295057 0.000212728 0.000152666 0.000109756 8.00972e-05 6.08333e-05 5.00234e-05 
6.02405e-05 6.4703e-05 7.85556e-05 0.000103219 0.00014114 0.000195915 0.000272447 0.000377144 0.000518148 0.000705573 0.000951753 0.00127147 0.00168213 0.00220393 0.00285985 0.00367565 0.00467958 0.00590213 0.00737539 0.00913243 0.0112064 0.0136295 0.0164318 0.0196401 0.0232764 0.027357 0.0318908 0.0368787 0.0423127 0.0481746 0.0544367 0.061061 0.0679996 0.0751957 0.0825839 0.0900921 0.0976422 0.105152 0.112537 0.119712 0.126592 0.133095 0.139143 0.144663 0.149588 0.15386 0.157426 0.160245 0.162283 0.163515 0.163927 0.163515 0.162283 0.160245 0.157426 0.15386 0.149588 0.144663 0.139143 0.133095 0.126592 0.119712 0.112537 0.105152 0.0976422 0.0900921 0.0825839 0.0751957 0.0679996 0.061061 0.0544367 0.0481746 0.0423127 0.0368787 0.0318908 0.027357 0.0232764 0.0196401 0.0164318 0.0136295 0.0112064 0.00913243 0.00737539 0.00590213 0.00467958 0.00367565 0.00285985 0.00220393 0.00168213 0.00127147 0.000951753 0.000705573 0.000518148 0.000377144 0.000272447 0.000195915 0.00014114 0.000103219 7.85556e-05 6.4703e-05 
7.72643e-05 8.29338e-05 0.000100525 0.000131814 0.00017986 0.000249149 0.000345783 0.00047772 0.000655038 0.000890222 0.00119844 0.0015978 0.00210956 0.00275825 0.00357168 0.00458083 0.00581956 0.00732411 0.00913243 0.0112833 0.0138152 0.0167652 0.0201673 0.0240513 0.0284409 0.0333526 0.0387942 0.0447634 0.0512475 0.0582221 0.0656513 0.0734877 0.0816727 0.0901378 0.0988053 0.10759 0.116401 0.125143 0.133719 0.142033 0.149988 0.157491 0.164457 0.170805 0.17646 0.181358 0.185443 0.188669 0.190999 0.192407 0.192879 0.192407 0.190999 0.188669 0.185443 0.181358 0.17646 0.170805 0.164457 0.157491 0.149988 0.142033 0.133719 0.125143 0.116401 0.10759 0.0988053 0.0901378 0.0816727 0.0734877 0.0656513 0.0582221 0.0512475 0.0447634 0.0387942 0.0333526 0.0284409 0.0240513 0.0201673 0.0167652 0.0138152 0.0112833 0.00913243 0.00732411 0.00581956 0.00458083 0.00357168 0.00275825 0.00210956 0.0015978 0.00119844 0.000890222 0.000655038 0.00047772 0.000345783 0.000249149 0.00017986 0.000131814 0.000100525 8.29338e-05 
9.82096e-05 0.000105348 0.000127486 0.000166825 0.000227154 0.000314016 0.000434939 0.000599712 0.000820698 0.00111316 0.00149558 0.00198995 0.00262195 0.00342111 0.00442075 0.0056578 0.00717236 0.00900711 0.0112064 0.0138152 0.0168778 0.020436 0.0245279 0.029186 0.0344352 0.0402915 0.0467604 0.0538355 0.061498 0.0697156 0.0784429 0.0876214 0.0971802 0.107038 0.117102 0.127275 0.13745 0.14752 0.157375 0.166904 0.176002 0.184567 0.192502 0.19972 0.206141 0.211694 0.216321 0.21997 0.222605 0.224197 0.224729 0.224197 0.222605 0.21997 0.216321 0.211694 0.206141 0.19972 0.192502 0.184567 0.176002 0.166904 0.157375 0.14752 0.13745 0.127275 0.117102 0.107038 0.0971802 0.0876214 0.0784429 0.0697156 0.061498 0.0538355 0.0467604 0.0402915 0.0344352 0.029186 0.0245279 0.020436 0.0168778 0.0138152 0.0112064 0.00900711 0.00717236 0.0056578 0.00442075 0.00342111 0.00262195 0.00198995 0.00149558 0.00111316 0.000820698 0.000599712 0.000434939 0.000314016 0.000227154 0.000166825 0.000127486 0.000105348 
0.000123722 0.000132629 0.000160241 0.000209263 0.000284342 0.000392269 0.000542244 0.000746201 0.00101917 0.00137964 0.00184992 0.00245645 0.00323001 0.0042058 0.00542333 0.00692619 0.00876142 0.0109788 0.0136295 0.0167652 0.020436 0.0246888 0.0295654 0.0351005 0.0413195 0.0482372 0.0558553 0.0641622 0.0731312 0.0827207 0.0928738 0.103519 0.114573 0.125938 0.137507 0.149167 0.160799 0.172278 0.183482 0.194291 0.204585 0.214255 0.223197 0.231314 0.238524 0.24475 0.249931 0.254015 0.25696 0.258738 0.259333 0.258738 0.25696 0.254015 0.249931 0.24475 0.238524 0.231314 0.223197 0.214255 0.204585 0.194291 0.183482 0.172278 0.160799 0.149167 0.137507 0.125938 0.114573 0.103519 0.0928738 0.0827207 0.0731312 0.0641622 0.0558553 0.0482372 0.0413195 0.0351005 0.0295654 0.0246888 0.020436 0.0167652 0.0136295 0.0109788 0.00876142 0.00692619 0.00542333 0.0042058 0.00323001 0.00245645 0.00184992 0.00137964 0.00101917 0.000746201 0.000542244 0.000392269 0.000284342 0.000209263 0.000160241 0.000132629 
0.000154484 0.000165503 0.000199639 0.000260189 0.000352805 0.000485728 0.000670105 0.000920354 0.00125458 0.00169498 0.00226824 0.00300588 0.00394441 0.00512539 0.00659529 0.00840502 0.0106092 0.0132653 0.0164318 0.0201673 0.0245279 0.0295654 0.0353249 0.0418427 0.049144 0.0572406 0.0661297 0.0757924 0.0861927 0.0972777 0.108978 0.121206 0.133864 0.146839 0.160007 0.173239 0.1864 0.199353 0.211961 0.224092 0.235618 0.246419 0.256386 0.265417 0.273424 0.280328 0.286066 0.290583 0.293839 0.295804 0.296461 0.295804 0.293839 0.290583 0.286066 0.280328 0.273424 0.265417 0.256386 0.246419 0.235618 0.224092 0.211961 0.199353 0.1864 0.173239 0.160007 0.146839 0.133864 0.121206 0.108978 0.0972777 0.0861927 0.0757924 0.0661297 0.0572406 0.049144 0.0418427 0.0353249 0.0295654 0.0245279 0.0201673 0.0164318 0.0132653 0.0106092 0.00840502 0.00659529 0.00512539 0.00394441 0.00300588 0.00226824 0.00169498 0.00125458 0.000920354 0.000670105 0.000485728 0.000352805 0.000260189 0.000199639 0.000165503 
0.000191206 0.000204716 0.000246553 0.000320692 0.000433947 0.000596236 0.000820943 0.00112533 0.00153102 0.00206443 0.00275719 0.00364653 0.00477537 0.00619235 0.00795158 0.010112 0.0127364 0.0158903 0.0196401 0.0240513 0.029186 0.0351005 0.0418427 0.0494497 0.057945 0.0673366 0.0776152 0.0887529 0.100703 0.113398 0.126755 0.14067 0.155028 0.169699 0.184541 0.19941 0.214154 0.228622 0.242665 0.256141 0.268911 0.280851 0.291842 0.301782 0.310578 0.318151 0.324436 0.329378 0.332937 0.335085 0.335802 0.335085 0.332937 0.329378 0.324436 0.318151 0.310578 0.301782 0.291842 0.280851 0.268911 0.256141 0.242665 0.228622 0.214154 0.19941 0.184541 0.169699 0.155028 0.14067 0.126755 0.113398 0.100703 0.0887529 0.0776152 0.0673366 0.057945 0.0494497 0.0418427 0.0351005 0.029186 0.0240513 0.0196401 0.0158903 0.0127364 0.010112 0.00795158 0.00619235 0.00477537 0.00364653 0.00275719 0.00206443 0.00153102 0.00112533 0.000820943 0.000596236 0.000433947 0.000320692 0.000246553 0.000204716 
0.000234602 0.000251025 0.000301856 0.000391854 0.000529158 0.000725604 0.000997118 0.0013642 0.00185243 0.00249298 0.00332303 0.00438613 0.00573232 0.00741802 0.0095056 0.0120626 0.0151607 0.0188738 0.0232764 0.0284409 0.0344352 0.0413195 0.049144 0.057945 0.0677434 0.0785415 0.0903217 0.103045 0.116652 0.131061 0.14617 0.161859 0.177994 0.194426 0.210997 0.227544 0.2439 0.259902 0.275389 0.290207 0.304212 0.317273 0.329268 0.340092 0.349652 0.35787 0.364679 0.370028 0.373876 0.376197 0.376972 0.376197 0.373876 0.370028 0.364679 0.35787 0.349652 0.340092 0.329268 0.317273 0.304212 0.290207 0.275389 0.259902 0.2439 0.227544 0.210997 0.194426 0.177994 0.161859 0.14617 0.131061 0.116652 0.103045 0.0903217 0.0785415 0.0677434 0.057945 0.049144 0.0413195 0.0344352 0.0284409 0.0232764 0.0188738 0.0151607 0.0120626 0.0095056 0.00741802 0.00573232 0.00438613 0.00332303 0.00249298 0.00185243 0.0013642 0.000997118 0.000725604 0.000529158 0.000391854 0.000301856 0.000251025 
0.000285369 0.000305161 0.000366396 0.000474715 0.000639765 0.000875541 0.00120084 0.00163979 0.00222242 0.00298516 0.00397136 0.00523154 0.00682349 0.00881207 0.0112686 0.0142698 0.0178964 0.0222313 0.027357 0.0333526 0.0402915 0.0482372 0.0572406 0.0673366 0.0785415 0.0908502 0.104235 0.118644 0.134002 0.150211 0.16715 0.184681 0.202648 0.220883 0.239212 0.257454 0.275427 0.292954 0.309865 0.325999 0.341204 0.355346 0.368303 0.379968 0.39025 0.399072 0.406371 0.412097 0.416213 0.418693 0.419522 0.418693 0.416213 0.412097 0.406371 0.399072 0.39025 0.379968 0.368303 0.355346 0.341204 0.325999 0.309865 0.292954 0.275427 0.257454 0.239212 0.220883 0.202648 0.184681 0.16715 0.150211 0.134002 0.118644 0.104235 0.0908502 0.0785415 0.0673366 0.0572406 0.0482372 0.0402915 0.0333526 0.027357 0.0222313 0.0178964 0.0142698 0.0112686 0.00881207 0.00682349 0.00523154 0.00397136 0.00298516 0.00222242 0.00163979 0.00120084 0.000875541 0.000639765 0.000474715 0.000366396 0.000305161 
0.000344157 0.000367811 0.000440956 0.000570232 0.00076697 0.00104758 0.00143408 0.0019546 0.0026441 0.00354484 0.00470687 0.00618834 0.00805542 0.010382 0.0132489 0.0167425 0.0209531 0.0259724 0.0318908 0.0387942 0.0467604 0.0558553 0.0661297 0.0776152 0.0903217 0.104235 0.119315 0.135495 0.152682 0.170759 0.189585 0.209001 0.228831 0.248888 0.268978 0.288903 0.308469 0.327487 0.345777 0.363172 0.379519 0.39468 0.408534 0.420977 0.431921 0.441294 0.449035 0.455101 0.459457 0.46208 0.462956 0.46208 0.459457 0.455101 0.449035 0.441294 0.431921 0.420977 0.408534 0.39468 0.379519 0.363172 0.345777 0.327487 0.308469 0.288903 0.268978 0.248888 0.228831 0.209001 0.189585 0.170759 0.152682 0.135495 0.119315 0.104235 0.0903217 0.0776152 0.0661297 0.0558553 0.0467604 0.0387942 0.0318908 0.0259724 0.0209531 0.0167425 0.0132489 0.010382 0.00805542 0.00618834 0.00470687 0.00354484 0.0026441 0.0019546 0.00143408 0.00104758 0.00076697 0.000570232 0.000440956 0.000367811 
0.000411545 0.000439577 0.000526224 0.000679229 0.000911797 0.00124302 0.00169843 0.00231064 0.00311994 0.00417495 0.00553305 0.00726054 0.00943259 0.0121327 0.0154515 0.0194856 0.0243348 0.0300998 0.0368787 0.0447634 0.0538355 0.0641622 0.0757924 0.0887529 0.103045 0.118644 0.135495 0.153513 0.172588 0.19258 0.213328 0.234649 0.256347 0.278215 0.300041 0.321611 0.342719 0.363165 0.382763 0.401342 0.418747 0.434843 0.44951 0.462651 0.474183 0.484038 0.492165 0.498524 0.503086 0.50583 0.506746 0.50583 0.503086 0.498524 0.492165 0.484038 0.474183 0.462651 0.44951 0.434843 0.418747 0.401342 0.382763 0.363165 0.342719 0.321611 0.300041 0.278215 0.256347 0.234649 0.213328 0.19258 0.172588 0.153513 0.135495 0.118644 0.103045 0.0887529 0.0757924 0.0641622 0.0538355 0.0447634 0.0368787 0.0300998 0.0243348 0.0194856 0.0154515 0.0121327 0.00943259 0.00726054 0.00553305 0.00417495 0.00311994 0.00231064 0.00169843 0.00124302 0.000911797 0.000679229 0.000526224 0.000439577 
0.000488 0.000520948 0.000622746 0.000802352 0.00107503 0.0014628 0.00199507 0.00270927 0.00365154 0.00487735 0.00645188 0.00845019 0.0109569 0.0140656 0.0178774 0.0224988 0.0280395 0.034609 0.0423127 0.0512475 0.061498 0.0731312 0.0861927 0.100703 0.116652 0.134002 0.152682 0.172588 0.193587 0.215518 0.238197 0.261417 0.284962 0.308604 0.332114 0.355264 0.377835 0.399622 0.420432 0.440093 0.458453 0.475379 0.490759 0.504502 0.516532 0.526792 0.535238 0.541836 0.546564 0.549406 0.550354 0.549406 0.546564 0.541836 0.535238 0.526792 0.516532 0.504502 0.490759 0.475379 0.458453 0.440093 0.420432 0.399622 0.377835 0.355264 0.332114 0.308604 0.284962 0.261417 0.238197 0.215518 0.193587 0.172588 0.152682 0.134002 0.116652 0.100703 0.0861927 0.0731312 0.061498 0.0512475 0.0423127 0.034609 0.0280395 0.0224988 0.0178774 0.0140656 0.0109569 0.00845019 0.00645188 0.00487735 0.00365154 0.00270927 0.00199507 0.0014628 0.00107503 0.000802352 0.000622746 0.000520948 
0.000573851 0.000612262 0.000730888 0.000940012 0.00125713 0.00170747 0.00232458 0.00315113 0.00423951 0.00565251 0.00746362 0.00975711 0.0126276 0.0161789 0.0205228 0.0257762 0.0320584 0.0394872 0.0481746 0.0582221 0.0697156 0.0827207 0.0972777 0.113398 0.131061 0.150211 0.170759 0.19258 0.215518 0.239389 0.263982 0.28907 0.314414 0.339767 0.364882 0.38952 0.413453 0.436468 0.458372 0.478995 0.498187 0.515823 0.5318 0.546036 0.558467 0.569045 0.577735 0.584513 0.589364 0.592278 0.59325 0.592278 0.589364 0.584513 0.577735 0.569045 0.558467 0.546036 0.5318 0.515823 0.498187 0.478995 0.458372 0.436468 0.413453 0.38952 0.364882 0.339767 0.314414 0.28907 0.263982 0.239389 0.215518 0.19258 0.170759 0.150211 0.131061 0.113398 0.0972777 0.0827207 0.0697156 0.0582221 0.0481746 0.0394872 0.0320584 0.0257762 0.0205228 0.0161789 0.0126276 0.00975711 0.00746362 0.00565251 0.00423951 0.00315113 0.00232458 0.00170747 0.00125713 0.000940012 0.000730888 0.000612262 
0.000669249 0.00071367 0.000850798 0.00109234 0.00145822 0.00197705 0.0026869 0.00363595 0.00488329 0.00649941 0.00856656 0.0111786 0.0144404 0.0184665 0.0233793 0.0293061 0.0363755 0.044713 0.0544367 0.0656513 0.0784429 0.0928738 0.108978 0.126755 0.14617 0.16715 0.189585 0.213328 0.238197 0.263982 0.29045 0.317349 0.344419 0.371394 0.398013 0.424025 0.449195 0.473307 0.49617 0.517616 0.537504 0.555717 0.572166 0.586778 0.599503 0.610305 0.619161 0.626058 0.630987 0.633946 0.634932 0.633946 0.630987 0.626058 0.619161 0.610305 0.599503 0.586778 0.572166 0.555717 0.537504 0.517616 0.49617 0.473307 0.449195 0.424025 0.398013 0.371394 0.344419 0.317349 0.29045 0.263982 0.238197 0.213328 0.189585 0.16715 0.14617 0.126755 0.108978 0.0928738 0.0784429 0.0656513 0.0544367 0.044713 0.0363755 0.0293061 0.0233793 0.0184665 0.0144404 0.0111786 0.00856656 0.00649941 0.00488329 0.00363595 0.0026869 0.00197705 0.00145822 0.00109234 0.000850798 0.00071367 
0.00077414 0.000825104 0.000982364 0.00125916 0.00167796 0.00227104 0.0030812 0.0041625 0.00558102 0.00741535 0.00975681 0.0127092 0.0163878 0.0209182 0.0264333 0.0330704 0.0409672 0.0502565 0.061061 0.0734877 0.0876214 0.103519 0.121206 0.14067 0.161859 0.184681 0.209001 0.234649 0.261417 0.28907 0.317349 0.34598 0.374679 0.403166 0.431166 0.458419 0.484685 0.509748 0.53342 0.55554 0.575977 0.594628 0.611414 0.626281 0.63919 0.650121 0.659064 0.666015 0.670976 0.673951 0.674942 0.673951 0.670976 0.666015 0.659064 0.650121 0.63919 0.626281 0.611414 0.594628 0.575977 0.55554 0.53342 0.509748 0.484685 0.458419 0.431166 0.403166 0.374679 0.34598 0.317349 0.28907 0.261417 0.234649 0.209001 0.184681 0.161859 0.14067 0.121206 0.103519 0.0876214 0.0734877 0.061061 0.0502565 0.0409672 0.0330704 0.0264333 0.0209182 0.0163878 0.0127092 0.00975681 0.00741535 0.00558102 0.0041625 0.0030812 0.00227104 0.00167796 0.00125916 0.000982364 0.000825104 
0.000888236 0.000946248 0.00112519 0.0014399 0.00191557 0.0025883 0.00350586 0.00472846 0.00632947 0.00839583 0.0110282 0.0143406 0.0184589 0.0235195 0.0296658 0.0370449 0.0458029 0.0560789 0.0679996 0.0816727 0.0971802 0.114573 0.133864 0.155028 0.177994 0.202648 0.228831 0.256347 0.284962 0.314414 0.344419 0.374679 0.404894 0.434765 0.464007 0.492353 0.51956 0.545417 0.569739 0.592377 0.613212 0.632156 0.649147 0.664144 0.677128 0.688093 0.697043 0.703986 0.708935 0.711899 0.712886 0.711899 0.708935 0.703986 0.697043 0.688093 0.677128 0.664144 0.649147 0.632156 0.613212 0.592377 0.569739 0.545417 0.51956 0.492353 0.464007 0.434765 0.404894 0.374679 0.344419 0.314414 0.284962 0.256347 0.228831 0.202648 0.177994 0.155028 0.133864 0.114573 0.0971802 0.0816727 0.0679996 0.0560789 0.0458029 0.0370449 0.0296658 0.0235195 0.0184589 0.0143406 0.0110282 0.00839583 0.00632947 0.00472846 0.00350586 0.0025883 0.00191557 0.0014399 0.00112519 0.000946248 
0.00101099 0.00107652 0.00127856 0.00163364 0.00216976 0.00292703 0.00395839 0.0053304 0.00712392 0.00943452 0.0123724 0.0160616 0.020639 0.0262514 0.0330527 0.0411992 0.0508446 0.0621336 0.0751957 0.0901378 0.107038 0.125938 0.146839 0.169699 0.194426 0.220883 0.248888 0.278215 0.308604 0.339767 0.371394 0.403166 0.434765 0.465878 0.496211 0.525492 0.55348 0.579966 0.604777 0.627776 0.648859 0.667954 0.685016 0.700025 0.712978 0.723886 0.732767 0.739643 0.744536 0.747464 0.748438 0.747464 0.744536 0.739643 0.732767 0.723886 0.712978 0.700025 0.685016 0.667954 0.648859 0.627776 0.604777 0.579966 0.55348 0.525492 0.496211 0.465878 0.434765 0.403166 0.371394 0.339767 0.308604 0.278215 0.248888 0.220883 0.194426 0.169699 0.146839 0.125938 0.107038 0.0901378 0.0751957 0.0621336 0.0508446 0.0411992 0.0330527 0.0262514 0.020639 0.0160616 0.0123724 0.00943452 0.00712392 0.0053304 0.00395839 0.00292703 0.00216976 0.00163364 0.00127856 0.00107652 
0.0011416 0.00121504 0.00144142 0.00183901 0.00243872 0.00328478 0.00443542 0.00596374 0.00795825 0.0105232 0.0137784 0.0178582 0.02291 0.029091 0.0365651 0.0454971 0.0560478 0.0683664 0.0825839 0.0988053 0.117102 0.137507 0.160007 0.184541 0.210997 0.239212 0.268978 0.300041 0.332114 0.364882 0.398013 0.431166 0.464007 0.496211 0.527476 0.55753 0.586134 0.613088 0.638229 0.661435 0.682619 0.701728 0.718738 0.733646 0.74647 0.757235 0.765978 0.772732 0.77753 0.780398 0.781353 0.780398 0.77753 0.772732 0.765978 0.757235 0.74647 0.733646 0.718738 0.701728 0.682619 0.661435 0.638229 0.613088 0.586134 0.55753 0.527476 0.496211 0.464007 0.431166 0.398013 0.364882 0.332114 0.300041 0.268978 0.239212 0.210997 0.184541 0.160007 0.137507 0.117102 0.0988053 0.0825839 0.0683664 0.0560478 0.0454971 0.0365651 0.029091 0.02291 0.0178582 0.0137784 0.0105232 0.00795825 0.00596374 0.00443542 0.00328478 0.00243872 0.00183901 0.00144142 0.00121504 
0.00127896 0.00136066 0.00161241 0.00205426 0.00272012 0.00365838 0.00493272 0.0066228 0.00882488 0.0116519 0.0152334 0.0197137 0.0252505 0.0320113 0.0401693 0.0498973 0.0613622 0.0747167 0.0900921 0.10759 0.127275 0.149167 0.173239 0.19941 0.227544 0.257454 0.288903 0.321611 0.355264 0.38952 0.424025 0.458419 0.492353 0.525492 0.55753 0.588195 0.617255 0.644518 0.669836 0.693104 0.714253 0.733251 0.750093 0.764799 0.777404 0.787952 0.796495 0.803079 0.807749 0.810536 0.811463 0.810536 0.807749 0.803079 0.796495 0.787952 0.777404 0.764799 0.750093 0.733251 0.714253 0.693104 0.669836 0.644518 0.617255 0.588195 0.55753 0.525492 0.492353 0.458419 0.424025 0.38952 0.355264 0.321611 0.288903 0.257454 0.227544 0.19941 0.173239 0.149167 0.127275 0.10759 0.0900921 0.0747167 0.0613622 0.0498973 0.0401693 0.0320113 0.0252505 0.0197137 0.0152334 0.0116519 0.00882488 0.0066228 0.00493272 0.00365838 0.00272012 0.00205426 0.00161241 0.00136066 
0.00142171 0.00151193 0.00178982 0.00227724 0.00301111 0.00404407 0.00544521 0.00730084 0.00971491 0.0128091 0.0167222 0.0216087 0.0276362 0.034982 0.0438278 0.054354 0.0667324 0.0811184 0.0976422 0.116401 0.13745 0.160799 0.1864 0.214154 0.2439 0.275427 0.308469 0.342719 0.377835 0.413453 0.449195 0.484685 0.51956 0.55348 0.586134 0.617255 0.646617 0.674041 0.699395 0.722592 0.743583 0.762358 0.778933 0.793347 0.805657 0.815924 0.824214 0.830588 0.8351 0.837791 0.838684 0.837791 0.8351 0.830588 0.824214 0.815924 0.805657 0.793347 0.778933 0.762358 0.743583 0.722592 0.699395 0.674041 0.646617 0.617255 0.586134 0.55348 0.51956 0.484685 0.449195 0.413453 0.377835 0.342719 0.308469 0.275427 0.2439 0.214154 0.1864 0.160799 0.13745 0.116401 0.0976422 0.0811184 0.0667324 0.054354 0.0438278 0.034982 0.0276362 0.0216087 0.0167222 0.0128091 0.00971491 0.00730084 0.00544521 0.00404407 0.00301111 0.00227724 0.00178982 0.00151193 
0.00156825 0.00166713 0.00197163 0.0025054 0.00330839 0.00443745 0.00596709 0.00799016 0.0106182 0.0139815 0.0182281 0.0235219 0.0300403 0.0379696 0.0474998 0.0588176 0.0720992 0.0875012 0.105152 0.125143 0.14752 0.172278 0.199353 0.228622 0.259902 0.292954 0.327487 0.363165 0.399622 0.436468 0.473307 0.509748 0.545417 0.579966 0.613088 0.644518 0.674041 0.701492 0.726757 0.749765 0.770492 0.788948 0.805171 0.819221 0.831173 0.841107 0.849103 0.855236 0.859568 0.862148 0.863004 0.862148 0.859568 0.855236 0.849103 0.841107 0.831173 0.819221 0.805171 0.788948 0.770492 0.749765 0.726757 0.701492 0.674041 0.644518 0.613088 0.579966 0.545417 0.509748 0.473307 0.436468 0.399622 0.363165 0.327487 0.292954 0.259902 0.228622 0.199353 0.172278 0.14752 0.125143 0.105152 0.0875012 0.0720992 0.0588176 0.0474998 0.0379696 0.0300403 0.0235219 0.0182281 0.0139815 0.0106182 0.00799016 0.00596709 0.00443745 0.00330839 0.0025054 0.00197163 0.00166713 
