3.037e-15 4.4241e-15 9.71537e-15 2.31047e-14 5.4747e-14 1.27438e-13 2.90757e-13 6.49961e-13 1.42342e-12 3.05388e-12 6.4187e-12 1.32167e-11 2.66622e-11 5.2697e-11 1.02053e-10 1.93665e-10 3.60167e-10 6.565e-10 1.17299e-09 2.05467e-09 3.52882e-09 5.94317e-09 9.81661e-09 1.59043e-08 2.52769e-08 3.94126e-08 6.0296e-08 9.05139e-08 1.33334e-07 1.92749e-07 2.7345e-07 3.80729e-07 5.20253e-07 6.97726e-07 9.18422e-07 1.1866e-06 1.50489e-06 1.87362e-06 2.29033e-06 2.74937e-06 3.24183e-06 3.75577e-06 4.27674e-06 4.78857e-06 5.27439e-06 5.71762e-06 6.10294e-06 6.41705e-06 6.64924e-06 6.79169e-06 6.83971e-06 6.79169e-06 6.64924e-06 6.41705e-06 6.10294e-06 5.71762e-06 5.27439e-06 4.78857e-06 4.27674e-06 3.75577e-06 3.24183e-06 2.74937e-06 2.29033e-06 1.87362e-06 1.50489e-06 1.1866e-06 9.18422e-07 6.97726e-07 5.20253e-07 3.80729e-07 2.7345e-07 1.92749e-07 1.33334e-07 9.05139e-08 6.0296e-08 3.94126e-08 2.52769e-08 1.59043e-08 9.81661e-09 5.94317e-09 3.52882e-09 2.05467e-09 1.17299e-09 6.565e-10 3.60167e-10 1.93665e-10 1.02053e-10 5.2697e-11 2.66622e-11 1.32167e-11 6.4187e-12 3.05388e-12 1.42342e-12 6.49961e-13 2.90757e-13 1.27438e-13 5.4747e-14 2.31047e-14 9.71537e-15 4.4241e-15 
4.4241e-15 6.43363e-15 1.40891e-14 3.34203e-14 7.89949e-14 1.83428e-13 4.17463e-13 9.30849e-13 2.03335e-12 4.35112e-12 9.12109e-12 1.87307e-11 3.76823e-11 7.42711e-11 1.43427e-10 2.714e-10 5.03268e-10 9.14641e-10 1.62937e-09 2.84552e-09 4.87238e-09 8.18122e-09 1.34726e-08 2.17621e-08 3.44842e-08 5.36115e-08 8.17822e-08 1.22422e-07 1.79843e-07 2.5929e-07 3.66907e-07 5.09592e-07 6.947e-07 9.29598e-07 1.22105e-06 1.57446e-06 1.99307e-06 2.47715e-06 3.02327e-06 3.62394e-06 4.26742e-06 4.9381e-06 5.61716e-06 6.28362e-06 6.91564e-06 7.4918e-06 7.99236e-06 8.4002e-06 8.70154e-06 8.88639e-06 8.94867e-06 8.88639e-06 8.70154e-06 8.4002e-06 7.99236e-06 7.4918e-06 6.91564e-06 6.28362e-06 5.61716e-06 4.9381e-06 4.26742e-06 3.62394e-06 3.02327e-06 2.47715e-06 1.99307e-06 1.57446e-06 1.22105e-06 9.29598e-07 6.947e-07 5.09592e-07 3.66907e-07 2.5929e-07 1.79843e-07 1.22422e-07 8.17822e-08 5.36115e-08 3.44842e-08 2.17621e-08 1.34726e-08 8.18122e-09 4.87238e-09 2.84552e-09 1.62937e-09 9.14641e-10 5.03268e-10 2.714e-10 1.43427e-10 7.42711e-11 3.76823e-11 1.87307e-11 9.12109e-12 4.35112e-12 2.03335e-12 9.30849e-13 4.17463e-13 1.83428e-13 7.89949e-14 3.34203e-14 1.40891e-14 6.43363e-15 
9.71537e-15 1.40891e-14 3.07153e-14 7.25568e-14 1.70816e-13 3.95052e-13 8.95451e-13 1.98843e-12 4.32532e-12 9.21616e-12 1.92354e-11 3.93256e-11 7.87569e-11 1.54511e-10 2.96977e-10 5.59259e-10 1.032e-09 1.86625e-09 3.30788e-09 5.74749e-09 9.7909e-09 1.6355e-08 2.67936e-08 4.30554e-08 6.78743e-08 1.04984e-07 1.59342e-07 2.37345e-07 3.46983e-07 4.97911e-07 7.01356e-07 9.69824e-07 1.31655e-06 1.75464e-06 2.29599e-06 2.94991e-06 3.72168e-06 4.61113e-06 5.61148e-06 6.70857e-06 7.88078e-06 9.0996e-06 1.0331e-05 1.15372e-05 1.26792e-05 1.37188e-05 1.46208e-05 1.5355e-05 1.58971e-05 1.62295e-05 1.63415e-05 1.62295e-05 1.58971e-05 1.5355e-05 1.46208e-05 1.37188e-05 1.26792e-05 1.15372e-05 1.0331e-05 9.0996e-06 7.88078e-06 6.70857e-06 5.61148e-06 4.61113e-06 3.72168e-06 2.94991e-06 2.29599e-06 1.75464e-06 1.31655e-06 9.69824e-07 7.01356e-07 4.97911e-07 3.46983e-07 2.37345e-07 1.59342e-07 1.04984e-07 6.78743e-08 4.30554e-08 2.67936e-08 1.6355e-08 9.7909e-09 5.74749e-09 3.30788e-09 1.86625e-09 1.032e-09 5.59259e-10 2.96977e-10 1.54511e-10 7.87569e-11 3.93256e-11 1.92354e-11 9.21616e-12 4.32532e-12 1.98843e-12 8.95451e-13 3.95052e-13 1.70816e-13 7.25568e-14 3.07153e-14 1.40891e-14 
2.31047e-14 3.34203e-14 7.25568e-14 1.70739e-13 4.00474e-13 9.22765e-13 2.08376e-12 4.60954e-12 9.98797e-12 2.11976e-11 4.40639e-11 8.97151e-11 1.78916e-10 3.49504e-10 6.68815e-10 1.25386e-09 2.30319e-09 4.14575e-09 7.31358e-09 1.26467e-08 2.14396e-08 3.56386e-08 5.80986e-08 9.29018e-08 1.45736e-07 2.24318e-07 3.38825e-07 5.02294e-07 7.30905e-07 1.04407e-06 1.46419e-06 2.01604e-06 2.7256e-06 3.61838e-06 4.71718e-06 6.03945e-06 7.59449e-06 9.38071e-06 1.13834e-05 1.35736e-05 1.59076e-05 1.83287e-05 2.07696e-05 2.3156e-05 2.54115e-05 2.74617e-05 2.92386e-05 3.06835e-05 3.17496e-05 3.24029e-05 3.26229e-05 3.24029e-05 3.17496e-05 3.06835e-05 2.92386e-05 2.74617e-05 2.54115e-05 2.3156e-05 2.07696e-05 1.83287e-05 1.59076e-05 1.35736e-05 1.13834e-05 9.38071e-06 7.59449e-06 6.03945e-06 4.71718e-06 3.61838e-06 2.7256e-06 2.01604e-06 1.46419e-06 1.04407e-06 7.30905e-07 5.02294e-07 3.38825e-07 2.24318e-07 1.45736e-07 9.29018e-08 5.80986e-08 3.56386e-08 2.14396e-08 1.26467e-08 7.31358e-09 4.14575e-09 2.30319e-09 1.25386e-09 6.68815e-10 3.49504e-10 1.78916e-10 8.97151e-11 4.40639e-11 2.11976e-11 9.98797e-12 4.60954e-12 2.08376e-12 9.22765e-13 4.00474e-13 1.70739e-13 7.25568e-14 3.34203e-14 
5.4747e-14 7.89949e-14 1.70816e-13 4.00474e-13 9.35988e-13 2.14901e-12 4.83535e-12 1.06573e-11 2.30062e-11 4.86413e-11 1.0072e-10 2.0426e-10 4.05707e-10 7.8927e-10 1.50401e-09 2.80756e-09 5.13461e-09 9.20115e-09 1.61584e-08 2.78127e-08 4.69305e-08 7.7645e-08 1.25979e-07 2.00489e-07 3.13019e-07 4.79525e-07 7.2092e-07 1.0638e-06 1.54097e-06 2.19147e-06 3.06007e-06 4.1959e-06 5.65001e-06 7.47203e-06 9.70567e-06 1.23836e-05 1.55219e-05 1.9115e-05 2.31315e-05 2.75114e-05 3.21671e-05 3.69852e-05 4.18323e-05 4.65624e-05 5.10256e-05 5.50769e-05 5.85838e-05 6.14328e-05 6.35332e-05 6.48197e-05 6.52529e-05 6.48197e-05 6.35332e-05 6.14328e-05 5.85838e-05 5.50769e-05 5.10256e-05 4.65624e-05 4.18323e-05 3.69852e-05 3.21671e-05 2.75114e-05 2.31315e-05 1.9115e-05 1.55219e-05 1.23836e-05 9.70567e-06 7.47203e-06 5.65001e-06 4.1959e-06 3.06007e-06 2.19147e-06 1.54097e-06 1.0638e-06 7.2092e-07 4.79525e-07 3.13019e-07 2.00489e-07 1.25979e-07 7.7645e-08 4.69305e-08 2.78127e-08 1.61584e-08 9.20115e-09 5.13461e-09 2.80756e-09 1.50401e-09 7.8927e-10 4.05707e-10 2.0426e-10 1.0072e-10 4.86413e-11 2.30062e-11 1.06573e-11 4.83535e-12 2.14901e-12 9.35988e-13 4.00474e-13 1.70816e-13 7.89949e-14 
1.27438e-13 1.83428e-13 3.95052e-13 9.22765e-13 2.14901e-12 4.91655e-12 1.10226e-11 2.42054e-11 5.20589e-11 1.0965e-10 2.26173e-10 4.56872e-10 9.03807e-10 1.75107e-09 3.32283e-09 6.17625e-09 1.12462e-08 2.00634e-08 3.50743e-08 6.00943e-08 1.00929e-07 1.66197e-07 2.68373e-07 4.25064e-07 6.60472e-07 1.00699e-06 1.50676e-06 2.21302e-06 3.19096e-06 4.51763e-06 6.2807e-06 8.57555e-06 1.15005e-05 1.51499e-05 1.96059e-05 2.49278e-05 3.11422e-05 3.82334e-05 4.61353e-05 5.47276e-05 6.38366e-05 7.32407e-05 8.26809e-05 9.18754e-05 0.000100536 0.000108386 0.000115173 0.000120681 0.000124739 0.000127223 0.000128059 0.000127223 0.000124739 0.000120681 0.000115173 0.000108386 0.000100536 9.18754e-05 8.26809e-05 7.32407e-05 6.38366e-05 5.47276e-05 4.61353e-05 3.82334e-05 3.11422e-05 2.49278e-05 1.96059e-05 1.51499e-05 1.15005e-05 8.57555e-06 6.2807e-06 4.51763e-06 3.19096e-06 2.21302e-06 1.50676e-06 1.00699e-06 6.60472e-07 4.25064e-07 2.68373e-07 1.66197e-07 1.00929e-07 6.00943e-08 3.50743e-08 2.00634e-08 1.12462e-08 6.17625e-09 3.32283e-09 1.75107e-09 9.03807e-10 4.56872e-10 2.26173e-10 1.0965e-10 5.20589e-11 2.42054e-11 1.10226e-11 4.91655e-12 2.14901e-12 9.22765e-13 3.95052e-13 1.83428e-13 
2.90757e-13 4.17463e-13 8.95451e-13 2.08376e-12 4.83535e-12 1.10226e-11 2.46221e-11 5.38698e-11 1.15423e-10 2.42183e-10 4.97601e-10 1.00116e-09 1.97252e-09 3.80582e-09 7.19136e-09 1.33091e-08 2.41273e-08 4.285e-08 7.4566e-08 1.27162e-07 2.1256e-07 3.4834e-07 5.59778e-07 8.82294e-07 1.36424e-06 2.06986e-06 3.08216e-06 4.5052e-06 6.46544e-06 9.11124e-06 1.261e-05 1.71424e-05 2.28927e-05 3.00357e-05 3.87207e-05 4.90523e-05 6.10717e-05 7.47386e-05 8.99183e-05 0.000106375 0.000123773 0.000141689 0.000159633 0.000177074 0.000193474 0.000208316 0.000221131 0.00023152 0.000239168 0.000243847 0.000245422 0.000243847 0.000239168 0.00023152 0.000221131 0.000208316 0.000193474 0.000177074 0.000159633 0.000141689 0.000123773 0.000106375 8.99183e-05 7.47386e-05 6.10717e-05 4.90523e-05 3.87207e-05 3.00357e-05 2.28927e-05 1.71424e-05 1.261e-05 9.11124e-06 6.46544e-06 4.5052e-06 3.08216e-06 2.06986e-06 1.36424e-06 8.82294e-07 5.59778e-07 3.4834e-07 2.1256e-07 1.27162e-07 7.4566e-08 4.285e-08 2.41273e-08 1.33091e-08 7.19136e-09 3.80582e-09 1.97252e-09 1.00116e-09 4.97601e-10 2.42183e-10 1.15423e-10 5.38698e-11 2.46221e-11 1.10226e-11 4.83535e-12 2.08376e-12 8.95451e-13 4.17463e-13 
6.49961e-13 9.30849e-13 1.98843e-12 4.60954e-12 1.06573e-11 2.42054e-11 5.38698e-11 1.17418e-10 2.50626e-10 5.23828e-10 1.07203e-09 2.14823e-09 4.2151e-09 8.09857e-09 1.52372e-08 2.80761e-08 5.06701e-08 8.9579e-08 1.55157e-07 2.63345e-07 4.3808e-07 7.14415e-07 1.14239e-06 1.79163e-06 2.75646e-06 4.1613e-06 6.16564e-06 8.96793e-06 1.28074e-05 1.79624e-05 2.47443e-05 3.3486e-05 4.45235e-05 5.81712e-05 7.46922e-05 9.42637e-05 0.000116943 0.000142636 0.000171076 0.00020181 0.000234208 0.000267482 0.000300728 0.000332974 0.000363238 0.000390581 0.000414158 0.000433251 0.000447295 0.000455882 0.000458772 0.000455882 0.000447295 0.000433251 0.000414158 0.000390581 0.000363238 0.000332974 0.000300728 0.000267482 0.000234208 0.00020181 0.000171076 0.000142636 0.000116943 9.42637e-05 7.46922e-05 5.81712e-05 4.45235e-05 3.3486e-05 2.47443e-05 1.79624e-05 1.28074e-05 8.96793e-06 6.16564e-06 4.1613e-06 2.75646e-06 1.79163e-06 1.14239e-06 7.14415e-07 4.3808e-07 2.63345e-07 1.55157e-07 8.9579e-08 5.06701e-08 2.80761e-08 1.52372e-08 8.09857e-09 4.2151e-09 2.14823e-09 1.07203e-09 5.23828e-10 2.50626e-10 1.17418e-10 5.38698e-11 2.42054e-11 1.06573e-11 4.60954e-12 1.98843e-12 9.30849e-13 
1.42342e-12 2.03335e-12 4.32532e-12 9.98797e-12 2.30062e-11 5.20589e-11 1.15423e-10 2.50626e-10 5.32883e-10 1.10938e-09 2.26129e-09 4.51282e-09 8.81783e-09 1.68697e-08 3.16019e-08 5.7971e-08 1.04147e-07 1.83268e-07 3.15931e-07 5.33639e-07 8.83367e-07 1.43341e-06 2.28057e-06 3.55845e-06 5.44677e-06 8.1806e-06 1.20589e-05 1.74507e-05 2.47969e-05 3.46062e-05 4.74424e-05 6.39019e-05 8.45797e-05 0.000110025 0.000140684 0.000176847 0.000218579 0.000265674 0.000317615 0.00037356 0.000432351 0.000492564 0.000552574 0.000610648 0.000665043 0.000714104 0.000756346 0.000790516 0.000815626 0.000830972 0.000836134 0.000830972 0.000815626 0.000790516 0.000756346 0.000714104 0.000665043 0.000610648 0.000552574 0.000492564 0.000432351 0.00037356 0.000317615 0.000265674 0.000218579 0.000176847 0.000140684 0.000110025 8.45797e-05 6.39019e-05 4.74424e-05 3.46062e-05 2.47969e-05 1.74507e-05 1.20589e-05 8.1806e-06 5.44677e-06 3.55845e-06 2.28057e-06 1.43341e-06 8.83367e-07 5.33639e-07 3.15931e-07 1.83268e-07 1.04147e-07 5.7971e-08 3.16019e-08 1.68697e-08 8.81783e-09 4.51282e-09 2.26129e-09 1.10938e-09 5.32883e-10 2.50626e-10 1.15423e-10 5.20589e-11 2.30062e-11 9.98797e-12 4.32532e-12 2.03335e-12 
3.05388e-12 4.35112e-12 9.21616e-12 2.11976e-11 4.86413e-11 1.0965e-10 2.42183e-10 5.23828e-10 1.10938e-09 2.30031e-09 4.66969e-09 9.28054e-09 1.80569e-08 3.4396e-08 6.4149e-08 1.17145e-07 2.09486e-07 3.66894e-07 6.29439e-07 1.05797e-06 1.74259e-06 2.8133e-06 4.45294e-06 6.91197e-06 1.05244e-05 1.57237e-05 2.30564e-05 3.3191e-05 4.69193e-05 6.51463e-05 8.88647e-05 0.000119113 0.000156914 0.000203195 0.000258692 0.000323849 0.000398714 0.000482857 0.000575305 0.000674527 0.000778462 0.000884595 0.000990087 0.00109193 0.00118712 0.00127282 0.0013465 0.00140602 0.00144973 0.00147642 0.00148539 0.00147642 0.00144973 0.00140602 0.0013465 0.00127282 0.00118712 0.00109193 0.000990087 0.000884595 0.000778462 0.000674527 0.000575305 0.000482857 0.000398714 0.000323849 0.000258692 0.000203195 0.000156914 0.000119113 8.88647e-05 6.51463e-05 4.69193e-05 3.3191e-05 2.30564e-05 1.57237e-05 1.05244e-05 6.91197e-06 4.45294e-06 2.8133e-06 1.74259e-06 1.05797e-06 6.29439e-07 3.66894e-07 2.09486e-07 1.17145e-07 6.4149e-08 3.4396e-08 1.80569e-08 9.28054e-09 4.66969e-09 2.30031e-09 1.10938e-09 5.23828e-10 2.42183e-10 1.0965e-10 4.86413e-11 2.11976e-11 9.21616e-12 4.35112e-12 
6.4187e-12 9.12109e-12 1.92354e-11 4.40639e-11 1.0072e-10 2.26173e-10 4.97601e-10 1.07203e-09 2.26129e-09 4.66969e-09 9.44026e-09 1.86823e-08 3.6193e-08 6.86399e-08 1.2744e-07 2.31656e-07 4.1232e-07 7.18682e-07 1.22693e-06 2.05196e-06 3.36261e-06 5.40064e-06 8.50336e-06 1.3129e-05 1.98835e-05 2.95464e-05 4.30913e-05 6.16988e-05 8.67532e-05 0.000119821 0.0001626 0.000216849 0.00028427 0.000366379 0.000464338 0.000578793 0.000709702 0.000856202 0.00101652 0.00118794 0.00136689 0.00154905 0.0017296 0.00190347 0.00206561 0.00221131 0.00233636 0.00243726 0.00251127 0.00255644 0.00257162 0.00255644 0.00251127 0.00243726 0.00233636 0.00221131 0.00206561 0.00190347 0.0017296 0.00154905 0.00136689 0.00118794 0.00101652 0.000856202 0.000709702 0.000578793 0.000464338 0.000366379 0.00028427 0.000216849 0.0001626 0.000119821 8.67532e-05 6.16988e-05 4.30913e-05 2.95464e-05 1.98835e-05 1.3129e-05 8.50336e-06 5.40064e-06 3.36261e-06 2.05196e-06 1.22693e-06 7.18682e-07 4.1232e-07 2.31656e-07 1.2744e-07 6.86399e-08 3.6193e-08 1.86823e-08 9.44026e-09 4.66969e-09 2.26129e-09 1.07203e-09 4.97601e-10 2.26173e-10 1.0072e-10 4.40639e-11 1.92354e-11 9.12109e-12 
1.32167e-11 1.87307e-11 3.93256e-11 8.97151e-11 2.0426e-10 4.56872e-10 1.00116e-09 2.14823e-09 4.51282e-09 9.28054e-09 1.86823e-08 3.68133e-08 7.10054e-08 1.34059e-07 2.47764e-07 4.48277e-07 7.94079e-07 1.37736e-06 2.33973e-06 3.89318e-06 6.34683e-06 1.01398e-05 1.58798e-05 2.4385e-05 3.67278e-05 5.42751e-05 7.87181e-05 0.000112086 0.000156736 0.000215302 0.000290611 0.000385544 0.00050285 0.000644916 0.000813506 0.00100948 0.00123256 0.00148107 0.00175186 0.00204028 0.00234027 0.00264464 0.00294541 0.00323427 0.00350302 0.00374402 0.00395051 0.00411688 0.00423878 0.00431313 0.00433811 0.00431313 0.00423878 0.00411688 0.00395051 0.00374402 0.00350302 0.00323427 0.00294541 0.00264464 0.00234027 0.00204028 0.00175186 0.00148107 0.00123256 0.00100948 0.000813506 0.000644916 0.00050285 0.000385544 0.000290611 0.000215302 0.000156736 0.000112086 7.87181e-05 5.42751e-05 3.67278e-05 2.4385e-05 1.58798e-05 1.01398e-05 6.34683e-06 3.89318e-06 2.33973e-06 1.37736e-06 7.94079e-07 4.48277e-07 2.47764e-07 1.34059e-07 7.10054e-08 3.68133e-08 1.86823e-08 9.28054e-09 4.51282e-09 2.14823e-09 1.00116e-09 4.56872e-10 2.0426e-10 8.97151e-11 3.93256e-11 1.87307e-11 
2.66622e-11 3.76823e-11 7.87569e-11 1.78916e-10 4.05707e-10 9.03807e-10 1.97252e-09 4.2151e-09 8.81783e-09 1.80569e-08 3.6193e-08 7.10054e-08 1.36343e-07 2.56246e-07 4.71386e-07 8.48827e-07 1.49633e-06 2.58258e-06 4.36487e-06 7.22537e-06 1.1717e-05 1.86189e-05 2.89994e-05 4.42846e-05 6.6326e-05 9.74599e-05 0.000140548 0.000198989 0.000276682 0.000377937 0.000507318 0.000669403 0.00086848 0.00110817 0.00139102 0.00171807 0.00208844 0.00249908 0.00294454 0.00341701 0.00390656 0.00440152 0.00488906 0.00535597 0.00578928 0.006177 0.0065086 0.00677538 0.00697063 0.00708962 0.00712959 0.00708962 0.00697063 0.00677538 0.0065086 0.006177 0.00578928 0.00535597 0.00488906 0.00440152 0.00390656 0.00341701 0.00294454 0.00249908 0.00208844 0.00171807 0.00139102 0.00110817 0.00086848 0.000669403 0.000507318 0.000377937 0.000276682 0.000198989 0.000140548 9.74599e-05 6.6326e-05 4.42846e-05 2.89994e-05 1.86189e-05 1.1717e-05 7.22537e-06 4.36487e-06 2.58258e-06 1.49633e-06 8.48827e-07 4.71386e-07 2.56246e-07 1.36343e-07 7.10054e-08 3.6193e-08 1.80569e-08 8.81783e-09 4.2151e-09 1.97252e-09 9.03807e-10 4.05707e-10 1.78916e-10 7.87569e-11 3.76823e-11 
5.2697e-11 7.42711e-11 1.54511e-10 3.49504e-10 7.8927e-10 1.75107e-09 3.80582e-09 8.09857e-09 1.68697e-08 3.4396e-08 6.86399e-08 1.34059e-07 2.56246e-07 4.79359e-07 8.77646e-07 1.57275e-06 2.75879e-06 4.73753e-06 7.96577e-06 1.31168e-05 2.11567e-05 3.3435e-05 5.17859e-05 7.86344e-05 0.000117098 0.000171069 0.000245264 0.000345221 0.000477215 0.000648095 0.000865001 0.00113498 0.00146449 0.00185879 0.00232136 0.00285319 0.00345226 0.0041131 0.0048266 0.00558004 0.00635754 0.00714069 0.00790953 0.00864359 0.00932302 0.00992956 0.0104473 0.0108632 0.0111672 0.0113523 0.0114145 0.0113523 0.0111672 0.0108632 0.0104473 0.00992956 0.00932302 0.00864359 0.00790953 0.00714069 0.00635754 0.00558004 0.0048266 0.0041131 0.00345226 0.00285319 0.00232136 0.00185879 0.00146449 0.00113498 0.000865001 0.000648095 0.000477215 0.000345221 0.000245264 0.000171069 0.000117098 7.86344e-05 5.17859e-05 3.3435e-05 2.11567e-05 1.31168e-05 7.96577e-06 4.73753e-06 2.75879e-06 1.57275e-06 8.77646e-07 4.79359e-07 2.56246e-07 1.34059e-07 6.86399e-08 3.4396e-08 1.68697e-08 8.09857e-09 3.80582e-09 1.75107e-09 7.8927e-10 3.49504e-10 1.54511e-10 7.42711e-11 
1.02053e-10 1.43427e-10 2.96977e-10 6.68815e-10 1.50401e-09 3.32283e-09 7.19136e-09 1.52372e-08 3.16019e-08 6.4149e-08 1.2744e-07 2.47764e-07 4.71386e-07 8.77646e-07 1.59911e-06 2.8515e-06 4.97675e-06 8.50247e-06 1.42213e-05 2.3292e-05 3.73636e-05 5.87186e-05 9.04303e-05 0.000136522 0.000202111 0.000293518 0.000418314 0.000585274 0.000804215 0.00108569 0.00144054 0.00187923 0.00241111 0.00304352 0.00378081 0.00462348 0.00556734 0.00660297 0.00771552 0.00888489 0.0100864 0.0112919 0.0124711 0.0135933 0.0146291 0.0155515 0.0163372 0.0169673 0.0174273 0.0177072 0.0178012 0.0177072 0.0174273 0.0169673 0.0163372 0.0155515 0.0146291 0.0135933 0.0124711 0.0112919 0.0100864 0.00888489 0.00771552 0.00660297 0.00556734 0.00462348 0.00378081 0.00304352 0.00241111 0.00187923 0.00144054 0.00108569 0.000804215 0.000585274 0.000418314 0.000293518 0.000202111 0.000136522 9.04303e-05 5.87186e-05 3.73636e-05 2.3292e-05 1.42213e-05 8.50247e-06 4.97675e-06 2.8515e-06 1.59911e-06 8.77646e-07 4.71386e-07 2.47764e-07 1.2744e-07 6.4149e-08 3.16019e-08 1.52372e-08 7.19136e-09 3.32283e-09 1.50401e-09 6.68815e-10 2.96977e-10 1.43427e-10 
1.93665e-10 2.714e-10 5.59259e-10 1.25386e-09 2.80756e-09 6.17625e-09 1.33091e-08 2.80761e-08 5.7971e-08 1.17145e-07 2.31656e-07 4.48277e-07 8.48827e-07 1.57275e-06 2.8515e-06 5.05923e-06 8.7847e-06 1.49296e-05 2.48381e-05 4.04588e-05 6.45405e-05 0.000100853 0.000154421 0.000231757 0.000341052 0.000492304 0.000697339 0.000969683 0.00132425 0.00177682 0.00234328 0.00303865 0.00387592 0.00486473 0.00601005 0.0073109 0.00875928 0.0103395 0.0120282 0.0137943 0.0156007 0.0174054 0.0191641 0.0208322 0.0223671 0.0237303 0.0248891 0.0258166 0.0264929 0.026904 0.0270419 0.026904 0.0264929 0.0258166 0.0248891 0.0237303 0.0223671 0.0208322 0.0191641 0.0174054 0.0156007 0.0137943 0.0120282 0.0103395 0.00875928 0.0073109 0.00601005 0.00486473 0.00387592 0.00303865 0.00234328 0.00177682 0.00132425 0.000969683 0.000697339 0.000492304 0.000341052 0.000231757 0.000154421 0.000100853 6.45405e-05 4.04588e-05 2.48381e-05 1.49296e-05 8.7847e-06 5.05923e-06 2.8515e-06 1.57275e-06 8.48827e-07 4.48277e-07 2.31656e-07 1.17145e-07 5.7971e-08 2.80761e-08 1.33091e-08 6.17625e-09 2.80756e-09 1.25386e-09 5.59259e-10 2.714e-10 
3.60167e-10 5.03268e-10 1.032e-09 2.30319e-09 5.13461e-09 1.12462e-08 2.41273e-08 5.06701e-08 1.04147e-07 2.09486e-07 4.1232e-07 7.94079e-07 1.49633e-06 2.75879e-06 4.97675e-06 8.7847e-06 1.51738e-05 2.56505e-05 4.24421e-05 6.87501e-05 0.00010905 0.000169419 0.000257879 0.000384707 0.000562685 0.000807216 0.00113628 0.00157014 0.00213078 0.00284104 0.00372344 0.00479869 0.00608402 0.00759128 0.00932518 0.0112816 0.0134462 0.0157938 0.0182884 0.0208838 0.0235255 0.026153 0.0287032 0.0311131 0.0333235 0.0352813 0.0369414 0.0382678 0.0392334 0.0398198 0.0400165 0.0398198 0.0392334 0.0382678 0.0369414 0.0352813 0.0333235 0.0311131 0.0287032 0.026153 0.0235255 0.0208838 0.0182884 0.0157938 0.0134462 0.0112816 0.00932518 0.00759128 0.00608402 0.00479869 0.00372344 0.00284104 0.00213078 0.00157014 0.00113628 0.000807216 0.000562685 0.000384707 0.000257879 0.000169419 0.00010905 6.87501e-05 4.24421e-05 2.56505e-05 1.51738e-05 8.7847e-06 4.97675e-06 2.75879e-06 1.49633e-06 7.94079e-07 4.1232e-07 2.09486e-07 1.04147e-07 5.06701e-08 2.41273e-08 1.12462e-08 5.13461e-09 2.30319e-09 1.032e-09 5.03268e-10 
6.565e-10 9.14641e-10 1.86625e-09 4.14575e-09 9.20115e-09 2.00634e-08 4.285e-08 8.9579e-08 1.83268e-07 3.66894e-07 7.18682e-07 1.37736e-06 2.58258e-06 4.73753e-06 8.50247e-06 1.49296e-05 2.56505e-05 4.31253e-05 7.09606e-05 0.000114296 0.000180246 0.000278381 0.000421192 0.000624502 0.000907745 0.00129404 0.00180996 0.002485 0.00335059 0.0044387 0.0057801 0.00740215 0.00932646 0.0115664 0.0141246 0.0169911 0.0201416 0.023537 0.0271235 0.0308342 0.0345917 0.0383113 0.0419059 0.0452896 0.0483826 0.0511139 0.0534241 0.0552662 0.0566052 0.0574175 0.0576898 0.0574175 0.0566052 0.0552662 0.0534241 0.0511139 0.0483826 0.0452896 0.0419059 0.0383113 0.0345917 0.0308342 0.0271235 0.023537 0.0201416 0.0169911 0.0141246 0.0115664 0.00932646 0.00740215 0.0057801 0.0044387 0.00335059 0.002485 0.00180996 0.00129404 0.000907745 0.000624502 0.000421192 0.000278381 0.000180246 0.000114296 7.09606e-05 4.31253e-05 2.56505e-05 1.49296e-05 8.50247e-06 4.73753e-06 2.58258e-06 1.37736e-06 7.18682e-07 3.66894e-07 1.83268e-07 8.9579e-08 4.285e-08 2.00634e-08 9.20115e-09 4.14575e-09 1.86625e-09 9.14641e-10 
1.17299e-09 1.62937e-09 3.30788e-09 7.31358e-09 1.61584e-08 3.50743e-08 7.4566e-08 1.55157e-07 3.15931e-07 6.29439e-07 1.22693e-06 2.33973e-06 4.36487e-06 7.96577e-06 1.42213e-05 2.48381e-05 4.24421e-05 7.09606e-05 0.000116102 0.000185926 0.000291485 0.000447483 0.000672906 0.000991512 0.0014321 0.00202843 0.00281872 0.00384463 0.00514968 0.00677711 0.00876726 0.0111546 0.0139645 0.0172099 0.0208885 0.0249804 0.0294462 0.0342271 0.0392453 0.0444067 0.0496044 0.054724 0.0596486 0.0642653 0.0684698 0.072171 0.0752932 0.0777772 0.0795799 0.0806724 0.0810383 0.0806724 0.0795799 0.0777772 0.0752932 0.072171 0.0684698 0.0642653 0.0596486 0.054724 0.0496044 0.0444067 0.0392453 0.0342271 0.0294462 0.0249804 0.0208885 0.0172099 0.0139645 0.0111546 0.00876726 0.00677711 0.00514968 0.00384463 0.00281872 0.00202843 0.0014321 0.000991512 0.000672906 0.000447483 0.000291485 0.000185926 0.000116102 7.09606e-05 4.24421e-05 2.48381e-05 1.42213e-05 7.96577e-06 4.36487e-06 2.33973e-06 1.22693e-06 6.29439e-07 3.15931e-07 1.55157e-07 7.4566e-08 3.50743e-08 1.61584e-08 7.31358e-09 3.30788e-09 1.62937e-09 
2.05467e-09 2.84552e-09 5.74749e-09 1.26467e-08 2.78127e-08 6.00943e-08 1.27162e-07 2.63345e-07 5.33639e-07 1.05797e-06 2.05196e-06 3.89318e-06 7.22537e-06 1.31168e-05 2.3292e-05 4.04588e-05 6.87501e-05 0.000114296 0.000185926 0.000295993 0.00046126 0.000703794 0.00105175 0.00153991 0.00220986 0.00310958 0.0042925 0.00581569 0.00773742 0.010114 0.0129962 0.0164248 0.020427 0.0250121 0.0301682 0.0358593 0.0420248 0.0485787 0.055412 0.0623962 0.0693888 0.0762391 0.0827965 0.0889167 0.0944688 0.0993396 0.103437 0.106689 0.109045 0.110471 0.110948 0.110471 0.109045 0.106689 0.103437 0.0993396 0.0944688 0.0889167 0.0827965 0.0762391 0.0693888 0.0623962 0.055412 0.0485787 0.0420248 0.0358593 0.0301682 0.0250121 0.020427 0.0164248 0.0129962 0.010114 0.00773742 0.00581569 0.0042925 0.00310958 0.00220986 0.00153991 0.00105175 0.000703794 0.00046126 0.000295993 0.000185926 0.000114296 6.87501e-05 4.04588e-05 2.3292e-05 1.31168e-05 7.22537e-06 3.89318e-06 2.05196e-06 1.05797e-06 5.33639e-07 2.63345e-07 1.27162e-07 6.00943e-08 2.78127e-08 1.26467e-08 5.74749e-09 2.84552e-09 
3.52882e-09 4.87238e-09 9.7909e-09 2.14396e-08 4.69305e-08 1.00929e-07 2.1256e-07 4.3808e-07 8.83367e-07 1.74259e-06 3.36261e-06 6.34683e-06 1.1717e-05 2.11567e-05 3.73636e-05 6.45405e-05 0.00010905 0.000180246 0.000291485 0.00046126 0.000714413 0.00108327 0.00160859 0.00234001 0.00333603 0.00466303 0.00639351 0.00860324 0.0113676 0.014757 0.0188319 0.0236377 0.0291993 0.0355168 0.042562 0.0502755 0.0585667 0.0673145 0.0763708 0.0855655 0.0947141 0.103626 0.112111 0.119994 0.127115 0.13334 0.138559 0.142692 0.145681 0.147487 0.148092 0.147487 0.145681 0.142692 0.138559 0.13334 0.127115 0.119994 0.112111 0.103626 0.0947141 0.0855655 0.0763708 0.0673145 0.0585667 0.0502755 0.042562 0.0355168 0.0291993 0.0236377 0.0188319 0.014757 0.0113676 0.00860324 0.00639351 0.00466303 0.00333603 0.00234001 0.00160859 0.00108327 0.000714413 0.00046126 0.000291485 0.000180246 0.00010905 6.45405e-05 3.73636e-05 2.11567e-05 1.1717e-05 6.34683e-06 3.36261e-06 1.74259e-06 8.83367e-07 4.3808e-07 2.1256e-07 1.00929e-07 4.69305e-08 2.14396e-08 9.7909e-09 4.87238e-09 
5.94317e-09 8.18122e-09 1.6355e-08 3.56386e-08 7.7645e-08 1.66197e-07 3.4834e-07 7.14415e-07 1.43341e-06 2.8133e-06 5.40064e-06 1.01398e-05 1.86189e-05 3.3435e-05 5.87186e-05 0.000100853 0.000169419 0.000278381 0.000447483 0.000703794 0.00108327 0.00163218 0.00240803 0.00347998 0.00492813 0.0068418 0.00931648 0.0124495 0.0163349 0.0210566 0.0266827 0.0332584 0.0408002 0.0492912 0.0586776 0.0688672 0.0797297 0.0911001 0.102783 0.114561 0.126202 0.137473 0.148145 0.158009 0.16688 0.174604 0.18106 0.186158 0.189837 0.192058 0.1928 0.192058 0.189837 0.186158 0.18106 0.174604 0.16688 0.158009 0.148145 0.137473 0.126202 0.114561 0.102783 0.0911001 0.0797297 0.0688672 0.0586776 0.0492912 0.0408002 0.0332584 0.0266827 0.0210566 0.0163349 0.0124495 0.00931648 0.0068418 0.00492813 0.00347998 0.00240803 0.00163218 0.00108327 0.000703794 0.000447483 0.000278381 0.000169419 0.000100853 5.87186e-05 3.3435e-05 1.86189e-05 1.01398e-05 5.40064e-06 2.8133e-06 1.43341e-06 7.14415e-07 3.4834e-07 1.66197e-07 7.7645e-08 3.56386e-08 1.6355e-08 8.18122e-09 
9.81661e-09 1.34726e-08 2.67936e-08 5.80986e-08 1.25979e-07 2.68373e-07 5.59778e-07 1.14239e-06 2.28057e-06 4.45294e-06 8.50336e-06 1.58798e-05 2.89994e-05 5.17859e-05 9.04303e-05 0.000154421 0.000257879 0.000421192 0.000672906 0.00105175 0.00160859 0.00240803 0.00352938 0.00506644 0.00712612 0.00982522 0.0132857 0.0176285 0.0229658 0.029393 0.0369805 0.0457663 0.0557491 0.0668844 0.0790815 0.092204 0.106072 0.120467 0.13514 0.149821 0.164231 0.17809 0.191135 0.203127 0.213861 0.223168 0.23092 0.237023 0.241418 0.244067 0.244952 0.244067 0.241418 0.237023 0.23092 0.223168 0.213861 0.203127 0.191135 0.17809 0.164231 0.149821 0.13514 0.120467 0.106072 0.092204 0.0790815 0.0668844 0.0557491 0.0457663 0.0369805 0.029393 0.0229658 0.0176285 0.0132857 0.00982522 0.00712612 0.00506644 0.00352938 0.00240803 0.00160859 0.00105175 0.000672906 0.000421192 0.000257879 0.000154421 9.04303e-05 5.17859e-05 2.89994e-05 1.58798e-05 8.50336e-06 4.45294e-06 2.28057e-06 1.14239e-06 5.59778e-07 2.68373e-07 1.25979e-07 5.80986e-08 2.67936e-08 1.34726e-08 
1.59043e-08 2.17621e-08 4.30554e-08 9.29018e-08 2.00489e-07 4.25064e-07 8.82294e-07 1.79163e-06 3.55845e-06 6.91197e-06 1.3129e-05 2.4385e-05 4.42846e-05 7.86344e-05 0.000136522 0.000231757 0.000384707 0.000624502 0.000991512 0.00153991 0.00234001 0.00347998 0.00506644 0.00722357 0.0100902 0.0138147 0.0185481 0.0244349 0.0316032 0.0401544 0.0501533 0.0616197 0.0745225 0.0887759 0.104239 0.12072 0.137978 0.155733 0.173679 0.191491 0.208843 0.225415 0.240916 0.255083 0.267698 0.278588 0.287623 0.294715 0.29981 0.302876 0.3039 0.302876 0.29981 0.294715 0.287623 0.278588 0.267698 0.255083 0.240916 0.225415 0.208843 0.191491 0.173679 0.155733 0.137978 0.12072 0.104239 0.0887759 0.0745225 0.0616197 0.0501533 0.0401544 0.0316032 0.0244349 0.0185481 0.0138147 0.0100902 0.00722357 0.00506644 0.00347998 0.00234001 0.00153991 0.000991512 0.000624502 0.000384707 0.000231757 0.000136522 7.86344e-05 4.42846e-05 2.4385e-05 1.3129e-05 6.91197e-06 3.55845e-06 1.79163e-06 8.82294e-07 4.25064e-07 2.00489e-07 9.29018e-08 4.30554e-08 2.17621e-08 
2.52769e-08 3.44842e-08 6.78743e-08 1.45736e-07 3.13019e-07 6.60472e-07 1.36424e-06 2.75646e-06 5.44677e-06 1.05244e-05 1.98835e-05 3.67278e-05 6.6326e-05 0.000117098 0.000202111 0.000341052 0.000562685 0.000907745 0.0014321 0.00220986 0.00333603 0.00492813 0.00712612 0.0100902 0.0139958 0.019026 0.0253615 0.0331683 0.0425849 0.0537098 0.0665902 0.0812142 0.0975048 0.11532 0.134455 0.154647 0.175588 0.196933 0.218313 0.239354 0.259686 0.278963 0.296868 0.313133 0.327536 0.339909 0.350133 0.358132 0.363863 0.367307 0.368455 0.367307 0.363863 0.358132 0.350133 0.339909 0.327536 0.313133 0.296868 0.278963 0.259686 0.239354 0.218313 0.196933 0.175588 0.154647 0.134455 0.11532 0.0975048 0.0812142 0.0665902 0.0537098 0.0425849 0.0331683 0.0253615 0.019026 0.0139958 0.0100902 0.00712612 0.00492813 0.00333603 0.00220986 0.0014321 0.000907745 0.000562685 0.000341052 0.000202111 0.000117098 6.6326e-05 3.67278e-05 1.98835e-05 1.05244e-05 5.44677e-06 2.75646e-06 1.36424e-06 6.60472e-07 3.13019e-07 1.45736e-07 6.78743e-08 3.44842e-08 
3.94126e-08 5.36115e-08 1.04984e-07 2.24318e-07 4.79525e-07 1.00699e-06 2.06986e-06 4.1613e-06 8.1806e-06 1.57237e-05 2.95464e-05 5.42751e-05 9.74599e-05 0.000171069 0.000293518 0.000492304 0.000807216 0.00129404 0.00202843 0.00310958 0.00466303 0.0068418 0.00982522 0.0138147 0.019026 0.0256783 0.0339799 0.044113 0.0562175 0.0703762 0.0866035 0.104838 0.124939 0.146693 0.169813 0.193961 0.218749 0.243767 0.268589 0.292797 0.31599 0.337804 0.357919 0.376069 0.392046 0.4057 0.416933 0.42569 0.431947 0.4357 0.436951 0.4357 0.431947 0.42569 0.416933 0.4057 0.392046 0.376069 0.357919 0.337804 0.31599 0.292797 0.268589 0.243767 0.218749 0.193961 0.169813 0.146693 0.124939 0.104838 0.0866035 0.0703762 0.0562175 0.044113 0.0339799 0.0256783 0.019026 0.0138147 0.00982522 0.0068418 0.00466303 0.00310958 0.00202843 0.00129404 0.000807216 0.000492304 0.000293518 0.000171069 9.74599e-05 5.42751e-05 2.95464e-05 1.57237e-05 8.1806e-06 4.1613e-06 2.06986e-06 1.00699e-06 4.79525e-07 2.24318e-07 1.04984e-07 5.36115e-08 
6.0296e-08 8.17822e-08 1.59342e-07 3.38825e-07 7.2092e-07 1.50676e-06 3.08216e-06 6.16564e-06 1.20589e-05 2.30564e-05 4.30913e-05 7.87181e-05 0.000140548 0.000245264 0.000418314 0.000697339 0.00113628 0.00180996 0.00281872 0.0042925 0.00639351 0.00931648 0.0132857 0.0185481 0.0253615 0.0339799 0.0446345 0.0575145 0.072748 0.0903856 0.11039 0.132631 0.156885 0.182848 0.210143 0.238342 0.266983 0.295587 0.323684 0.350821 0.376586 0.400612 0.422593 0.442285 0.45951 0.474148 0.486133 0.49544 0.502071 0.506041 0.507362 0.506041 0.502071 0.49544 0.486133 0.474148 0.45951 0.442285 0.422593 0.400612 0.376586 0.350821 0.323684 0.295587 0.266983 0.238342 0.210143 0.182848 0.156885 0.132631 0.11039 0.0903856 0.072748 0.0575145 0.0446345 0.0339799 0.0253615 0.0185481 0.0132857 0.00931648 0.00639351 0.0042925 0.00281872 0.00180996 0.00113628 0.000697339 0.000418314 0.000245264 0.000140548 7.87181e-05 4.30913e-05 2.30564e-05 1.20589e-05 6.16564e-06 3.08216e-06 1.50676e-06 7.2092e-07 3.38825e-07 1.59342e-07 8.17822e-08 
9.05139e-08 1.22422e-07 2.37345e-07 5.02294e-07 1.0638e-06 2.21302e-06 4.5052e-06 8.96793e-06 1.74507e-05 3.3191e-05 6.16988e-05 0.000112086 0.000198989 0.000345221 0.000585274 0.000969683 0.00157014 0.002485 0.00384463 0.00581569 0.00860324 0.0124495 0.0176285 0.0244349 0.0331683 0.044113 0.0575145 0.0735559 0.0923363 0.113854 0.138 0.164551 0.193186 0.223493 0.254996 0.287175 0.319492 0.351416 0.38244 0.412099 0.439985 0.465752 0.489128 0.50991 0.527962 0.54321 0.555632 0.565237 0.572059 0.576134 0.577488 0.576134 0.572059 0.565237 0.555632 0.54321 0.527962 0.50991 0.489128 0.465752 0.439985 0.412099 0.38244 0.351416 0.319492 0.287175 0.254996 0.223493 0.193186 0.164551 0.138 0.113854 0.0923363 0.0735559 0.0575145 0.044113 0.0331683 0.0244349 0.0176285 0.0124495 0.00860324 0.00581569 0.00384463 0.002485 0.00157014 0.000969683 0.000585274 0.000345221 0.000198989 0.000112086 6.16988e-05 3.3191e-05 1.74507e-05 8.96793e-06 4.5052e-06 2.21302e-06 1.0638e-06 5.02294e-07 2.37345e-07 1.22422e-07 
1.33334e-07 1.79843e-07 3.46983e-07 7.30905e-07 1.54097e-06 3.19096e-06 6.46544e-06 1.28074e-05 2.47969e-05 4.69193e-05 8.67532e-05 0.000156736 0.000276682 0.000477215 0.000804215 0.00132425 0.00213078 0.00335059 0.00514968 0.00773742 0.0113676 0.0163349 0.0229658 0.0316032 0.0425849 0.0562175 0.072748 0.0923363 0.115032 0.14076 0.169314 0.200361 0.233462 0.268088 0.303659 0.339566 0.375207 0.410007 0.443446 0.475068 0.504491 0.531416 0.55562 0.57696 0.59536 0.610801 0.623309 0.632938 0.639752 0.643813 0.645162 0.643813 0.639752 0.632938 0.623309 0.610801 0.59536 0.57696 0.55562 0.531416 0.504491 0.475068 0.443446 0.410007 0.375207 0.339566 0.303659 0.268088 0.233462 0.200361 0.169314 0.14076 0.115032 0.0923363 0.072748 0.0562175 0.0425849 0.0316032 0.0229658 0.0163349 0.0113676 0.00773742 0.00514968 0.00335059 0.00213078 0.00132425 0.000804215 0.000477215 0.000276682 0.000156736 8.67532e-05 4.69193e-05 2.47969e-05 1.28074e-05 6.46544e-06 3.19096e-06 1.54097e-06 7.30905e-07 3.46983e-07 1.79843e-07 
1.92749e-07 2.5929e-07 4.97911e-07 1.04407e-06 2.19147e-06 4.51763e-06 9.11124e-06 1.79624e-05 3.46062e-05 6.51463e-05 0.000119821 0.000215302 0.000377937 0.000648095 0.00108569 0.00177682 0.00284104 0.0044387 0.00677711 0.010114 0.014757 0.0210566 0.029393 0.0401544 0.0537098 0.0703762 0.0903856 0.113854 0.14076 0.170929 0.204037 0.239624 0.277117 0.31587 0.355195 0.394406 0.432851 0.469935 0.505145 0.538059 0.568347 0.595773 0.62019 0.641526 0.659774 0.674979 0.687222 0.6966 0.703212 0.707142 0.708445 0.707142 0.703212 0.6966 0.687222 0.674979 0.659774 0.641526 0.62019 0.595773 0.568347 0.538059 0.505145 0.469935 0.432851 0.394406 0.355195 0.31587 0.277117 0.239624 0.204037 0.170929 0.14076 0.113854 0.0903856 0.0703762 0.0537098 0.0401544 0.029393 0.0210566 0.014757 0.010114 0.00677711 0.0044387 0.00284104 0.00177682 0.00108569 0.000648095 0.000377937 0.000215302 0.000119821 6.51463e-05 3.46062e-05 1.79624e-05 9.11124e-06 4.51763e-06 2.19147e-06 1.04407e-06 4.97911e-07 2.5929e-07 
2.7345e-07 3.66907e-07 7.01356e-07 1.46419e-06 3.06007e-06 6.2807e-06 1.261e-05 2.47443e-05 4.74424e-05 8.88647e-05 0.0001626 0.000290611 0.000507318 0.000865001 0.00144054 0.00234328 0.00372344 0.0057801 0.00876726 0.0129962 0.0188319 0.0266827 0.0369805 0.0501533 0.0665902 0.0866035 0.11039 0.138 0.169314 0.204037 0.241709 0.281725 0.323377 0.365896 0.408503 0.450446 0.491044 0.529708 0.56596 0.599433 0.629875 0.657134 0.681147 0.701928 0.719547 0.734116 0.745769 0.754648 0.760882 0.764577 0.765801 0.764577 0.760882 0.754648 0.745769 0.734116 0.719547 0.701928 0.681147 0.657134 0.629875 0.599433 0.56596 0.529708 0.491044 0.450446 0.408503 0.365896 0.323377 0.281725 0.241709 0.204037 0.169314 0.138 0.11039 0.0866035 0.0665902 0.0501533 0.0369805 0.0266827 0.0188319 0.0129962 0.00876726 0.0057801 0.00372344 0.00234328 0.00144054 0.000865001 0.000507318 0.000290611 0.0001626 8.88647e-05 4.74424e-05 2.47443e-05 1.261e-05 6.2807e-06 3.06007e-06 1.46419e-06 7.01356e-07 3.66907e-07 
3.80729e-07 5.09592e-07 9.69824e-07 2.01604e-06 4.1959e-06 8.57555e-06 1.71424e-05 3.3486e-05 6.39019e-05 0.000119113 0.000216849 0.000385544 0.000669403 0.00113498 0.00187923 0.00303865 0.00479869 0.00740215 0.0111546 0.0164248 0.0236377 0.0332584 0.0457663 0.0616197 0.0812142 0.104838 0.132631 0.164551 0.200361 0.239624 0.281725 0.32591 0.371334 0.417117 0.462399 0.506391 0.548406 0.587888 0.624419 0.657715 0.687617 0.714073 0.737117 0.756852 0.773426 0.787017 0.797809 0.805984 0.811698 0.815074 0.816191 0.815074 0.811698 0.805984 0.797809 0.787017 0.773426 0.756852 0.737117 0.714073 0.687617 0.657715 0.624419 0.587888 0.548406 0.506391 0.462399 0.417117 0.371334 0.32591 0.281725 0.239624 0.200361 0.164551 0.132631 0.104838 0.0812142 0.0616197 0.0457663 0.0332584 0.0236377 0.0164248 0.0111546 0.00740215 0.00479869 0.00303865 0.00187923 0.00113498 0.000669403 0.000385544 0.000216849 0.000119113 6.39019e-05 3.3486e-05 1.71424e-05 8.57555e-06 4.1959e-06 2.01604e-06 9.69824e-07 5.09592e-07 
5.20253e-07 6.947e-07 1.31655e-06 2.7256e-06 5.65001e-06 1.15005e-05 2.28927e-05 4.45235e-05 8.45797e-05 0.000156914 0.00028427 0.00050285 0.00086848 0.00146449 0.00241111 0.00387592 0.00608402 0.00932646 0.0139645 0.020427 0.0291993 0.0408002 0.0557491 0.0745225 0.0975048 0.124939 0.156885 0.193186 0.233462 0.277117 0.323377 0.371334 0.420015 0.468444 0.515706 0.560998 0.603659 0.643192 0.679265 0.711694 0.74043 0.76553 0.787129 0.805419 0.820622 0.832974 0.842707 0.850031 0.855125 0.858125 0.859115 0.858125 0.855125 0.850031 0.842707 0.832974 0.820622 0.805419 0.787129 0.76553 0.74043 0.711694 0.679265 0.643192 0.603659 0.560998 0.515706 0.468444 0.420015 0.371334 0.323377 0.277117 0.233462 0.193186 0.156885 0.124939 0.0975048 0.0745225 0.0557491 0.0408002 0.0291993 0.020427 0.0139645 0.00932646 0.00608402 0.00387592 0.00241111 0.00146449 0.00086848 0.00050285 0.00028427 0.000156914 8.45797e-05 4.45235e-05 2.28927e-05 1.15005e-05 5.65001e-06 2.7256e-06 1.31655e-06 6.947e-07 
6.97726e-07 9.29598e-07 1.75464e-06 3.61838e-06 7.47203e-06 1.51499e-05 3.00357e-05 5.81712e-05 0.000110025 0.000203195 0.000366379 0.000644916 0.00110817 0.00185879 0.00304352 0.00486473 0.00759128 0.0115664 0.0172099 0.0250121 0.0355168 0.0492912 0.0668844 0.0887759 0.11532 0.146693 0.182848 0.223493 0.268088 0.31587 0.365896 0.417117 0.468444 0.51883 0.567332 0.613161 0.655714 0.694578 0.729525 0.760492 0.787546 0.810853 0.830648 0.847207 0.860818 0.871767 0.88032 0.88671 0.89113 0.893724 0.894578 0.893724 0.89113 0.88671 0.88032 0.871767 0.860818 0.847207 0.830648 0.810853 0.787546 0.760492 0.729525 0.694578 0.655714 0.613161 0.567332 0.51883 0.468444 0.417117 0.365896 0.31587 0.268088 0.223493 0.182848 0.146693 0.11532 0.0887759 0.0668844 0.0492912 0.0355168 0.0250121 0.0172099 0.0115664 0.00759128 0.00486473 0.00304352 0.00185879 0.00110817 0.000644916 0.000366379 0.000203195 0.000110025 5.81712e-05 3.00357e-05 1.51499e-05 7.47203e-06 3.61838e-06 1.75464e-06 9.29598e-07 
9.18422e-07 1.22105e-06 2.29599e-06 4.71718e-06 9.70567e-06 1.96059e-05 3.87207e-05 7.46922e-05 0.000140684 0.000258692 0.000464338 0.000813506 0.00139102 0.00232136 0.00378081 0.00601005 0.00932518 0.0141246 0.0208885 0.0301682 0.042562 0.0586776 0.0790815 0.104239 0.134455 0.169813 0.210143 0.254996 0.303659 0.355195 0.408503 0.462399 0.515706 0.567332 0.616335 0.661975 0.703729 0.741292 0.774561 0.803594 0.828579 0.84979 0.867555 0.882219 0.894126 0.903601 0.910931 0.916366 0.920102 0.922285 0.923003 0.922285 0.920102 0.916366 0.910931 0.903601 0.894126 0.882219 0.867555 0.84979 0.828579 0.803594 0.774561 0.741292 0.703729 0.661975 0.616335 0.567332 0.515706 0.462399 0.408503 0.355195 0.303659 0.254996 0.210143 0.169813 0.134455 0.104239 0.0790815 0.0586776 0.042562 0.0301682 0.0208885 0.0141246 0.00932518 0.00601005 0.00378081 0.00232136 0.00139102 0.000813506 0.000464338 0.000258692 0.000140684 7.46922e-05 3.87207e-05 1.96059e-05 9.70567e-06 4.71718e-06 2.29599e-06 1.22105e-06 
1.1866e-06 1.57446e-06 2.94991e-06 6.03945e-06 1.23836e-05 2.49278e-05 4.90523e-05 9.42637e-05 0.000176847 0.000323849 0.000578793 0.00100948 0.00171807 0.00285319 0.00462348 0.0073109 0.0112816 0.0169911 0.0249804 0.0358593 0.0502755 0.0688672 0.092204 0.12072 0.154647 0.193961 0.238342 0.287175 0.339566 0.394406 0.450446 0.506391 0.560998 0.613161 0.661975 0.706772 0.747138 0.782891 0.814058 0.840827 0.8635 0.882451 0.898084 0.910805 0.920999 0.929012 0.935148 0.939657 0.942736 0.944527 0.945114 0.944527 0.942736 0.939657 0.935148 0.929012 0.920999 0.910805 0.898084 0.882451 0.8635 0.840827 0.814058 0.782891 0.747138 0.706772 0.661975 0.613161 0.560998 0.506391 0.450446 0.394406 0.339566 0.287175 0.238342 0.193961 0.154647 0.12072 0.092204 0.0688672 0.0502755 0.0358593 0.0249804 0.0169911 0.0112816 0.0073109 0.00462348 0.00285319 0.00171807 0.00100948 0.000578793 0.000323849 0.000176847 9.42637e-05 4.90523e-05 2.49278e-05 1.23836e-05 6.03945e-06 2.94991e-06 1.57446e-06 
