0.00151332 0.00153352 0.00159433 0.00169634 0.00184053 0.00202825 0.00226119 0.00254132 0.0028709 0.00325237 0.00368837 0.00418157 0.00473472 0.00535048 0.00603141 0.00677985 0.00759783 0.00848704 0.00944868 0.0104834 0.0115914 0.0127718 0.0140235 0.0153441 0.0167306 0.0181792 0.019685 0.0212422 0.0228442 0.0244836 0.0261519 0.02784 0.029538 0.0312355 0.0329216 0.0345847 0.0362131 0.0377951 0.0393186 0.0407721 0.0421438 0.0434228 0.0445985 0.045661 0.0466014 0.0474115 0.0480842 0.0486137 0.0489954 0.0492257 0.0493027 0.0492257 0.0489954 0.0486137 0.0480842 0.0474115 0.0466014 0.045661 0.0445985 0.0434228 0.0421438 0.0407721 0.0393186 0.0377951 0.0362131 0.0345847 0.0329216 0.0312355 0.029538 0.02784 0.0261519 0.0244836 0.0228442 0.0212422 0.019685 0.0181792 0.0167306 0.0153441 0.0140235 0.0127718 0.0115914 0.0104834 0.00944868 0.00848704 0.00759783 0.00677985 0.00603141 0.00535048 0.00473472 0.00418157 0.00368837 0.00325237 0.0028709 0.00254132 0.00226119 0.00202825 0.00184053 0.00169634 0.00159433 0.00153352 
0.00153352 0.00155397 0.00161552 0.00171878 0.00186473 0.00205473 0.00229048 0.00257399 0.00290752 0.00329355 0.00373471 0.00423372 0.00479334 0.00541625 0.00610503 0.00686203 0.0076893 0.00858853 0.00956092 0.0106071 0.0117273 0.0129206 0.0141858 0.0155206 0.0169219 0.0183858 0.0199073 0.0214807 0.0230993 0.0247555 0.0264407 0.0281458 0.0298609 0.0315754 0.0332781 0.0349575 0.0366019 0.0381992 0.0397375 0.0412049 0.0425898 0.043881 0.0450678 0.0461404 0.0470896 0.0479073 0.0485864 0.0491209 0.0495061 0.0497386 0.0498163 0.0497386 0.0495061 0.0491209 0.0485864 0.0479073 0.0470896 0.0461404 0.0450678 0.043881 0.0425898 0.0412049 0.0397375 0.0381992 0.0366019 0.0349575 0.0332781 0.0315754 0.0298609 0.0281458 0.0264407 0.0247555 0.0230993 0.0214807 0.0199073 0.0183858 0.0169219 0.0155206 0.0141858 0.0129206 0.0117273 0.0106071 0.00956092 0.00858853 0.0076893 0.00686203 0.00610503 0.00541625 0.00479334 0.00423372 0.00373471 0.00329355 0.00290752 0.00257399 0.00229048 0.00205473 0.00186473 0.00171878 0.00161552 0.00155397 
0.00159433 0.00161552 0.00167931 0.00178632 0.00193755 0.00213441 0.00237864 0.0026723 0.00301771 0.00341741 0.00387411 0.00439058 0.00496965 0.00561406 0.00632643 0.00710917 0.00796436 0.00889369 0.00989837 0.0109791 0.0121358 0.0133678 0.0146737 0.0160511 0.0174967 0.0190066 0.0205755 0.0221976 0.0238658 0.0255724 0.0273086 0.0290649 0.0308311 0.0325963 0.0343491 0.0360776 0.0377697 0.0394132 0.0409957 0.0425051 0.0439293 0.0452571 0.0464775 0.0475802 0.048556 0.0493966 0.0500946 0.050644 0.0510399 0.0512788 0.0513587 0.0512788 0.0510399 0.050644 0.0500946 0.0493966 0.048556 0.0475802 0.0464775 0.0452571 0.0439293 0.0425051 0.0409957 0.0394132 0.0377697 0.0360776 0.0343491 0.0325963 0.0308311 0.0290649 0.0273086 0.0255724 0.0238658 0.0221976 0.0205755 0.0190066 0.0174967 0.0160511 0.0146737 0.0133678 0.0121358 0.0109791 0.00989837 0.00889369 0.00796436 0.00710917 0.00632643 0.00561406 0.00496965 0.00439058 0.00387411 0.00341741 0.00301771 0.0026723 0.00237864 0.00213441 0.00193755 0.00178632 0.00167931 0.00161552 
0.00169634 0.00171878 0.00178632 0.0018996 0.00205968 0.00226803 0.00252646 0.00283711 0.00320241 0.00362501 0.00410771 0.0046534 0.00526502 0.0059454 0.00669725 0.00752304 0.00842492 0.00940459 0.0104633 0.0116016 0.0128195 0.0141163 0.0154901 0.0169387 0.0184584 0.020045 0.0216932 0.0233965 0.0251476 0.0269383 0.0287596 0.0306013 0.0324528 0.0343026 0.036139 0.0379494 0.0397212 0.0414416 0.0430978 0.0446771 0.0461671 0.0475559 0.048832 0.0499851 0.0510053 0.0518839 0.0526135 0.0531877 0.0536014 0.0538512 0.0539346 0.0538512 0.0536014 0.0531877 0.0526135 0.0518839 0.0510053 0.0499851 0.048832 0.0475559 0.0461671 0.0446771 0.0430978 0.0414416 0.0397212 0.0379494 0.036139 0.0343026 0.0324528 0.0306013 0.0287596 0.0269383 0.0251476 0.0233965 0.0216932 0.020045 0.0184584 0.0169387 0.0154901 0.0141163 0.0128195 0.0116016 0.0104633 0.00940459 0.00842492 0.00752304 0.00669725 0.0059454 0.00526502 0.0046534 0.00410771 0.00362501 0.00320241 0.00283711 0.00252646 0.00226803 0.00205968 0.0018996 0.00178632 0.00171878 
0.00184053 0.00186473 0.00193755 0.00205968 0.00223225 0.00245679 0.00273523 0.00306984 0.00346318 0.00391803 0.00443737 0.00502423 0.00568168 0.00641271 0.00722015 0.00810655 0.00907413 0.0101246 0.0112593 0.0124787 0.0137827 0.0151703 0.0166397 0.0181883 0.0198121 0.0215066 0.0232659 0.0250832 0.0269507 0.0288596 0.0308001 0.0327617 0.0347328 0.0367014 0.0386549 0.04058 0.0424635 0.0442918 0.0460513 0.0477286 0.0493106 0.0507847 0.0521391 0.0533626 0.0544448 0.0553768 0.0561506 0.0567595 0.0571983 0.057463 0.0575516 0.057463 0.0571983 0.0567595 0.0561506 0.0553768 0.0544448 0.0533626 0.0521391 0.0507847 0.0493106 0.0477286 0.0460513 0.0442918 0.0424635 0.04058 0.0386549 0.0367014 0.0347328 0.0327617 0.0308001 0.0288596 0.0269507 0.0250832 0.0232659 0.0215066 0.0198121 0.0181883 0.0166397 0.0151703 0.0137827 0.0124787 0.0112593 0.0101246 0.00907413 0.00810655 0.00722015 0.00641271 0.00568168 0.00502423 0.00443737 0.00391803 0.00346318 0.00306984 0.00273523 0.00245679 0.00223225 0.00205968 0.00193755 0.00186473 
0.00202825 0.00205473 0.00213441 0.00226803 0.00245679 0.00270234 0.00300675 0.00337243 0.00380212 0.00429881 0.00486563 0.00550585 0.0062227 0.00701935 0.00789876 0.00886364 0.00991626 0.0110584 0.0122914 0.0136156 0.0150308 0.016536 0.0181289 0.0198066 0.0215649 0.0233986 0.0253014 0.0272659 0.0292835 0.0313448 0.0334391 0.035555 0.0376803 0.0398019 0.0419062 0.0439792 0.0460065 0.0479736 0.0498659 0.0516693 0.0533697 0.0549537 0.0564086 0.0577226 0.0588847 0.0598853 0.0607159 0.0613694 0.0618402 0.0621244 0.0622194 0.0621244 0.0618402 0.0613694 0.0607159 0.0598853 0.0588847 0.0577226 0.0564086 0.0549537 0.0533697 0.0516693 0.0498659 0.0479736 0.0460065 0.0439792 0.0419062 0.0398019 0.0376803 0.035555 0.0334391 0.0313448 0.0292835 0.0272659 0.0253014 0.0233986 0.0215649 0.0198066 0.0181289 0.016536 0.0150308 0.0136156 0.0122914 0.0110584 0.00991626 0.00886364 0.00789876 0.00701935 0.0062227 0.00550585 0.00486563 0.00429881 0.00380212 0.00337243 0.00300675 0.00270234 0.00245679 0.00226803 0.00213441 0.00205473 
0.00226119 0.00229048 0.00237864 0.00252646 0.00273523 0.00300675 0.00334323 0.00374729 0.00422189 0.00477022 0.00539568 0.00610173 0.00689186 0.00776943 0.0087376 0.00979919 0.0109566 0.0122117 0.0135656 0.0150189 0.016571 0.0182207 0.0199655 0.0218019 0.0237254 0.0257301 0.0278091 0.0299542 0.032156 0.0344041 0.0366871 0.0389923 0.0413065 0.0436155 0.0459045 0.0481584 0.0503617 0.0524986 0.0545535 0.0565111 0.0583562 0.0600745 0.0616524 0.063077 0.0643366 0.065421 0.066321 0.067029 0.0675391 0.0678469 0.0679498 0.0678469 0.0675391 0.067029 0.066321 0.065421 0.0643366 0.063077 0.0616524 0.0600745 0.0583562 0.0565111 0.0545535 0.0524986 0.0503617 0.0481584 0.0459045 0.0436155 0.0413065 0.0389923 0.0366871 0.0344041 0.032156 0.0299542 0.0278091 0.0257301 0.0237254 0.0218019 0.0199655 0.0182207 0.016571 0.0150189 0.0135656 0.0122117 0.0109566 0.00979919 0.0087376 0.00776943 0.00689186 0.00610173 0.00539568 0.00477022 0.00422189 0.00374729 0.00334323 0.00300675 0.00273523 0.00252646 0.00237864 0.00229048 
0.00254132 0.00257399 0.0026723 0.00283711 0.00306984 0.00337243 0.00374729 0.00419727 0.00472557 0.00533566 0.0060312 0.00681593 0.0076936 0.0086678 0.00974191 0.0109189 0.0122013 0.013591 0.0150892 0.0166961 0.0184113 0.020233 0.0221585 0.0241837 0.0263036 0.0285115 0.0307997 0.0331592 0.0355797 0.0380495 0.0405561 0.0430857 0.0456237 0.0481547 0.0506625 0.0531306 0.0555421 0.0578799 0.0601271 0.0622669 0.0642832 0.0661602 0.0678833 0.0694385 0.0708134 0.0719967 0.0729786 0.073751 0.0743073 0.0746431 0.0747553 0.0746431 0.0743073 0.073751 0.0729786 0.0719967 0.0708134 0.0694385 0.0678833 0.0661602 0.0642832 0.0622669 0.0601271 0.0578799 0.0555421 0.0531306 0.0506625 0.0481547 0.0456237 0.0430857 0.0405561 0.0380495 0.0355797 0.0331592 0.0307997 0.0285115 0.0263036 0.0241837 0.0221585 0.020233 0.0184113 0.0166961 0.0150892 0.013591 0.0122013 0.0109189 0.00974191 0.0086678 0.0076936 0.00681593 0.0060312 0.00533566 0.00472557 0.00419727 0.00374729 0.00337243 0.00306984 0.00283711 0.0026723 0.00257399 
0.0028709 0.00290752 0.00301771 0.00320241 0.00346318 0.00380212 0.00422189 0.00472557 0.00531666 0.00599893 0.00677635 0.00765298 0.00863285 0.00971984 0.0109175 0.0122291 0.0136572 0.0152037 0.0168698 0.0186557 0.0205605 0.0225823 0.0247177 0.0269623 0.0293102 0.031754 0.034285 0.0368931 0.0395669 0.0422936 0.0450591 0.0478484 0.0506454 0.0534331 0.0561938 0.0589093 0.0615613 0.0641311 0.0666002 0.0689504 0.0711641 0.0732241 0.0751145 0.0768204 0.0783281 0.0796253 0.0807016 0.0815481 0.0821578 0.0825257 0.0826487 0.0825257 0.0821578 0.0815481 0.0807016 0.0796253 0.0783281 0.0768204 0.0751145 0.0732241 0.0711641 0.0689504 0.0666002 0.0641311 0.0615613 0.0589093 0.0561938 0.0534331 0.0506454 0.0478484 0.0450591 0.0422936 0.0395669 0.0368931 0.034285 0.031754 0.0293102 0.0269623 0.0247177 0.0225823 0.0205605 0.0186557 0.0168698 0.0152037 0.0136572 0.0122291 0.0109175 0.00971984 0.00863285 0.00765298 0.00677635 0.00599893 0.00531666 0.00472557 0.00422189 0.00380212 0.00346318 0.00320241 0.00301771 0.00290752 
0.00325237 0.00329355 0.00341741 0.00362501 0.00391803 0.00429881 0.00477022 0.00533566 0.00599893 0.00676415 0.00763563 0.00861778 0.00971496 0.0109313 0.0122707 0.0137366 0.0153315 0.0170576 0.0189159 0.0209065 0.0230281 0.0252784 0.0276537 0.0301486 0.0327566 0.0354693 0.0382769 0.0411682 0.0441304 0.0471493 0.0502093 0.0532938 0.056385 0.0594641 0.0625118 0.0655081 0.0684329 0.0712656 0.0739862 0.0765746 0.0790117 0.0812789 0.0833588 0.0852351 0.0868929 0.0883191 0.0895021 0.0904324 0.0911024 0.0915066 0.0916417 0.0915066 0.0911024 0.0904324 0.0895021 0.0883191 0.0868929 0.0852351 0.0833588 0.0812789 0.0790117 0.0765746 0.0739862 0.0712656 0.0684329 0.0655081 0.0625118 0.0594641 0.056385 0.0532938 0.0502093 0.0471493 0.0441304 0.0411682 0.0382769 0.0354693 0.0327566 0.0301486 0.0276537 0.0252784 0.0230281 0.0209065 0.0189159 0.0170576 0.0153315 0.0137366 0.0122707 0.0109313 0.00971496 0.00861778 0.00763563 0.00676415 0.00599893 0.00533566 0.00477022 0.00429881 0.00391803 0.00362501 0.00341741 0.00329355 
0.00368837 0.00373471 0.00387411 0.00410771 0.00443737 0.00486563 0.00539568 0.0060312 0.00677635 0.00763563 0.00861373 0.00971544 0.0109455 0.0123083 0.013808 0.0154483 0.0172318 0.0191608 0.021236 0.0234575 0.0258236 0.0283315 0.0309768 0.0337536 0.0366541 0.0396691 0.0427876 0.0459969 0.0492827 0.0526294 0.0560195 0.0594347 0.0628553 0.0662606 0.0696294 0.0729397 0.0761692 0.0792957 0.082297 0.0851514 0.0878378 0.090336 0.0926271 0.0946933 0.0965185 0.0980882 0.0993901 0.100414 0.101151 0.101596 0.101744 0.101596 0.101151 0.100414 0.0993901 0.0980882 0.0965185 0.0946933 0.0926271 0.090336 0.0878378 0.0851514 0.082297 0.0792957 0.0761692 0.0729397 0.0696294 0.0662606 0.0628553 0.0594347 0.0560195 0.0526294 0.0492827 0.0459969 0.0427876 0.0396691 0.0366541 0.0337536 0.0309768 0.0283315 0.0258236 0.0234575 0.021236 0.0191608 0.0172318 0.0154483 0.013808 0.0123083 0.0109455 0.00971544 0.00861373 0.00763563 0.00677635 0.0060312 0.00539568 0.00486563 0.00443737 0.00410771 0.00387411 0.00373471 
0.00418157 0.00423372 0.00439058 0.0046534 0.00502423 0.00550585 0.00610173 0.00681593 0.00765298 0.00861778 0.00971544 0.0109511 0.01233 0.0138568 0.0155359 0.0173712 0.0193656 0.0215211 0.0238386 0.0263176 0.0289563 0.0317513 0.0346973 0.0377877 0.0410136 0.0443646 0.0478283 0.0513906 0.0550355 0.0587455 0.0625014 0.0662828 0.0700679 0.073834 0.0775577 0.0812147 0.0847808 0.0882314 0.0915425 0.0946901 0.0976513 0.100404 0.102928 0.105203 0.107212 0.10894 0.110373 0.111499 0.11231 0.112799 0.112963 0.112799 0.11231 0.111499 0.110373 0.10894 0.107212 0.105203 0.102928 0.100404 0.0976513 0.0946901 0.0915425 0.0882314 0.0847808 0.0812147 0.0775577 0.073834 0.0700679 0.0662828 0.0625014 0.0587455 0.0550355 0.0513906 0.0478283 0.0443646 0.0410136 0.0377877 0.0346973 0.0317513 0.0289563 0.0263176 0.0238386 0.0215211 0.0193656 0.0173712 0.0155359 0.0138568 0.01233 0.0109511 0.00971544 0.00861778 0.00765298 0.00681593 0.00610173 0.00550585 0.00502423 0.0046534 0.00439058 0.00423372 
0.00473472 0.00479334 0.00496965 0.00526502 0.00568168 0.0062227 0.00689186 0.0076936 0.00863285 0.00971496 0.0109455 0.01233 0.013874 0.0155827 0.0174608 0.0195122 0.0217401 0.0241463 0.0267317 0.0294954 0.0324352 0.0355469 0.0388247 0.0422607 0.045845 0.0495658 0.0534093 0.0573595 0.0613988 0.0655076 0.0696648 0.0738476 0.0780321 0.0821933 0.0863052 0.0903415 0.0942754 0.0980802 0.101729 0.105197 0.108458 0.111488 0.114266 0.116769 0.118979 0.120878 0.122454 0.123692 0.124583 0.12512 0.1253 0.12512 0.124583 0.123692 0.122454 0.120878 0.118979 0.116769 0.114266 0.111488 0.108458 0.105197 0.101729 0.0980802 0.0942754 0.0903415 0.0863052 0.0821933 0.0780321 0.0738476 0.0696648 0.0655076 0.0613988 0.0573595 0.0534093 0.0495658 0.045845 0.0422607 0.0388247 0.0355469 0.0324352 0.0294954 0.0267317 0.0241463 0.0217401 0.0195122 0.0174608 0.0155827 0.013874 0.01233 0.0109455 0.00971496 0.00863285 0.0076936 0.00689186 0.0062227 0.00568168 0.00526502 0.00496965 0.00479334 
0.00535048 0.00541625 0.00561406 0.0059454 0.00641271 0.00701935 0.00776943 0.0086678 0.00971984 0.0109313 0.0123083 0.0138568 0.0155827 0.0174917 0.0195886 0.0218776 0.0243619 0.0270434 0.0299226 0.0329984 0.036268 0.0397265 0.0433671 0.0471809 0.0511567 0.0552812 0.0595388 0.0639119 0.0683807 0.0729236 0.0775171 0.0821362 0.0867544 0.0913443 0.0958774 0.100325 0.104657 0.108845 0.11286 0.116674 0.120259 0.123589 0.12664 0.129389 0.131816 0.133901 0.13563 0.136988 0.137966 0.138556 0.138753 0.138556 0.137966 0.136988 0.13563 0.133901 0.131816 0.129389 0.12664 0.123589 0.120259 0.116674 0.11286 0.108845 0.104657 0.100325 0.0958774 0.0913443 0.0867544 0.0821362 0.0775171 0.0729236 0.0683807 0.0639119 0.0595388 0.0552812 0.0511567 0.0471809 0.0433671 0.0397265 0.036268 0.0329984 0.0299226 0.0270434 0.0243619 0.0218776 0.0195886 0.0174917 0.0155827 0.0138568 0.0123083 0.0109313 0.00971984 0.0086678 0.00776943 0.00701935 0.00641271 0.0059454 0.00561406 0.00541625 
0.00603141 0.00610503 0.00632643 0.00669725 0.00722015 0.00789876 0.0087376 0.00974191 0.0109175 0.0122707 0.013808 0.0155359 0.0174608 0.0195886 0.0219244 0.0244727 0.0272367 0.0302182 0.0334175 0.036833 0.0404612 0.0442965 0.0483311 0.0525549 0.0569551 0.0615169 0.0662228 0.0710533 0.0759863 0.080998 0.0860623 0.0911518 0.0962375 0.101289 0.106275 0.111165 0.115925 0.120525 0.124933 0.129118 0.13305 0.136702 0.140046 0.143058 0.145717 0.148001 0.149894 0.151381 0.152452 0.153098 0.153313 0.153098 0.152452 0.151381 0.149894 0.148001 0.145717 0.143058 0.140046 0.136702 0.13305 0.129118 0.124933 0.120525 0.115925 0.111165 0.106275 0.101289 0.0962375 0.0911518 0.0860623 0.080998 0.0759863 0.0710533 0.0662228 0.0615169 0.0569551 0.0525549 0.0483311 0.0442965 0.0404612 0.036833 0.0334175 0.0302182 0.0272367 0.0244727 0.0219244 0.0195886 0.0174608 0.0155359 0.013808 0.0122707 0.0109175 0.00974191 0.0087376 0.00789876 0.00722015 0.00669725 0.00632643 0.00610503 
0.00677985 0.00686203 0.00710917 0.00752304 0.00810655 0.00886364 0.00979919 0.0109189 0.0122291 0.0137366 0.0154483 0.0173712 0.0195122 0.0218776 0.0244727 0.0273022 0.0303693 0.0336756 0.0372211 0.0410038 0.0450195 0.0492616 0.0537212 0.0583867 0.063244 0.0682762 0.0734642 0.0787859 0.0842172 0.0897316 0.0953006 0.100894 0.10648 0.112025 0.117495 0.122856 0.128074 0.133113 0.137939 0.142519 0.146821 0.150814 0.154471 0.157763 0.160667 0.163162 0.16523 0.166854 0.168023 0.168728 0.168963 0.168728 0.168023 0.166854 0.16523 0.163162 0.160667 0.157763 0.154471 0.150814 0.146821 0.142519 0.137939 0.133113 0.128074 0.122856 0.117495 0.112025 0.10648 0.100894 0.0953006 0.0897316 0.0842172 0.0787859 0.0734642 0.0682762 0.063244 0.0583867 0.0537212 0.0492616 0.0450195 0.0410038 0.0372211 0.0336756 0.0303693 0.0273022 0.0244727 0.0218776 0.0195122 0.0173712 0.0154483 0.0137366 0.0122291 0.0109189 0.00979919 0.00886364 0.00810655 0.00752304 0.00710917 0.00686203 
0.00759783 0.0076893 0.00796436 0.00842492 0.00907413 0.00991626 0.0109566 0.0122013 0.0136572 0.0153315 0.0172318 0.0193656 0.0217401 0.0243619 0.0272367 0.0303693 0.0337628 0.0374187 0.0413366 0.0455139 0.0499456 0.0546241 0.0595392 0.0646778 0.0700241 0.0755594 0.0812623 0.0871084 0.0930711 0.0991212 0.105227 0.111357 0.117474 0.123543 0.129527 0.135389 0.141091 0.146594 0.151863 0.156861 0.161554 0.165909 0.169894 0.173482 0.176646 0.179363 0.181615 0.183383 0.184655 0.185423 0.185679 0.185423 0.184655 0.183383 0.181615 0.179363 0.176646 0.173482 0.169894 0.165909 0.161554 0.156861 0.151863 0.146594 0.141091 0.135389 0.129527 0.123543 0.117474 0.111357 0.105227 0.0991212 0.0930711 0.0871084 0.0812623 0.0755594 0.0700241 0.0646778 0.0595392 0.0546241 0.0499456 0.0455139 0.0413366 0.0374187 0.0337628 0.0303693 0.0272367 0.0243619 0.0217401 0.0193656 0.0172318 0.0153315 0.0136572 0.0122013 0.0109566 0.00991626 0.00907413 0.00842492 0.00796436 0.0076893 
0.00848704 0.00858853 0.00889369 0.00940459 0.0101246 0.0110584 0.0122117 0.013591 0.0152037 0.0170576 0.0191608 0.0215211 0.0241463 0.0270434 0.0302182 0.0336756 0.0374187 0.0414487 0.0457648 0.0503637 0.0552395 0.0603834 0.0657839 0.0714263 0.0772929 0.0833629 0.0896125 0.096015 0.102541 0.109158 0.115833 0.122529 0.129207 0.13583 0.142356 0.148745 0.154956 0.160949 0.166684 0.172121 0.177224 0.181957 0.186288 0.190185 0.193622 0.196572 0.199016 0.200935 0.202316 0.203149 0.203427 0.203149 0.202316 0.200935 0.199016 0.196572 0.193622 0.190185 0.186288 0.181957 0.177224 0.172121 0.166684 0.160949 0.154956 0.148745 0.142356 0.13583 0.129207 0.122529 0.115833 0.109158 0.102541 0.096015 0.0896125 0.0833629 0.0772929 0.0714263 0.0657839 0.0603834 0.0552395 0.0503637 0.0457648 0.0414487 0.0374187 0.0336756 0.0302182 0.0270434 0.0241463 0.0215211 0.0191608 0.0170576 0.0152037 0.013591 0.0122117 0.0110584 0.0101246 0.00940459 0.00889369 0.00858853 
0.00944868 0.00956092 0.00989837 0.0104633 0.0112593 0.0122914 0.0135656 0.0150892 0.0168698 0.0189159 0.021236 0.0238386 0.0267317 0.0299226 0.0334175 0.0372211 0.0413366 0.0457648 0.0505044 0.0555512 0.0608984 0.066536 0.072451 0.0786267 0.0850437 0.0916787 0.0985056 0.105495 0.112615 0.11983 0.127102 0.134393 0.141662 0.148865 0.155959 0.1629 0.169645 0.176149 0.18237 0.188266 0.193797 0.198926 0.203616 0.207836 0.211556 0.214749 0.217393 0.219469 0.220963 0.221863 0.222164 0.221863 0.220963 0.219469 0.217393 0.214749 0.211556 0.207836 0.203616 0.198926 0.193797 0.188266 0.18237 0.176149 0.169645 0.1629 0.155959 0.148865 0.141662 0.134393 0.127102 0.11983 0.112615 0.105495 0.0985056 0.0916787 0.0850437 0.0786267 0.072451 0.066536 0.0608984 0.0555512 0.0505044 0.0457648 0.0413366 0.0372211 0.0334175 0.0299226 0.0267317 0.0238386 0.021236 0.0189159 0.0168698 0.0150892 0.0135656 0.0122914 0.0112593 0.0104633 0.00989837 0.00956092 
0.0104834 0.0106071 0.0109791 0.0116016 0.0124787 0.0136156 0.0150189 0.0166961 0.0186557 0.0209065 0.0234575 0.0263176 0.0294954 0.0329984 0.036833 0.0410038 0.0455139 0.0503637 0.0555512 0.0610715 0.0669166 0.073075 0.0795322 0.0862697 0.0932657 0.100495 0.107928 0.115533 0.123275 0.131115 0.139014 0.146927 0.154811 0.16262 0.170306 0.177822 0.185122 0.192158 0.198884 0.205256 0.211231 0.216769 0.221833 0.226386 0.230399 0.233843 0.236694 0.238933 0.240543 0.241514 0.241838 0.241514 0.240543 0.238933 0.236694 0.233843 0.230399 0.226386 0.221833 0.216769 0.211231 0.205256 0.198884 0.192158 0.185122 0.177822 0.170306 0.16262 0.154811 0.146927 0.139014 0.131115 0.123275 0.115533 0.107928 0.100495 0.0932657 0.0862697 0.0795322 0.073075 0.0669166 0.0610715 0.0555512 0.0503637 0.0455139 0.0410038 0.036833 0.0329984 0.0294954 0.0263176 0.0234575 0.0209065 0.0186557 0.0166961 0.0150189 0.0136156 0.0124787 0.0116016 0.0109791 0.0106071 
0.0115914 0.0117273 0.0121358 0.0128195 0.0137827 0.0150308 0.016571 0.0184113 0.0205605 0.0230281 0.0258236 0.0289563 0.0324352 0.036268 0.0404612 0.0450195 0.0499456 0.0552395 0.0608984 0.0669166 0.0732846 0.0799898 0.0870156 0.0943416 0.101944 0.109794 0.11786 0.126108 0.134498 0.14299 0.151539 0.160099 0.168623 0.177059 0.185359 0.193471 0.201345 0.20893 0.216178 0.223042 0.229475 0.235435 0.240882 0.24578 0.250094 0.253796 0.25686 0.259265 0.260995 0.262038 0.262386 0.262038 0.260995 0.259265 0.25686 0.253796 0.250094 0.24578 0.240882 0.235435 0.229475 0.223042 0.216178 0.20893 0.201345 0.193471 0.185359 0.177059 0.168623 0.160099 0.151539 0.14299 0.134498 0.126108 0.11786 0.109794 0.101944 0.0943416 0.0870156 0.0799898 0.0732846 0.0669166 0.0608984 0.0552395 0.0499456 0.0450195 0.0404612 0.036268 0.0324352 0.0289563 0.0258236 0.0230281 0.0205605 0.0184113 0.016571 0.0150308 0.0137827 0.0128195 0.0121358 0.0117273 
0.0127718 0.0129206 0.0133678 0.0141163 0.0151703 0.016536 0.0182207 0.020233 0.0225823 0.0252784 0.0283315 0.0317513 0.0355469 0.0397265 0.0442965 0.0492616 0.0546241 0.0603834 0.066536 0.073075 0.0799898 0.0872659 0.0948849 0.102824 0.111057 0.119553 0.128278 0.137192 0.146255 0.155422 0.164645 0.173874 0.183057 0.192142 0.201074 0.2098 0.218264 0.226414 0.234198 0.241565 0.248468 0.254861 0.260701 0.26595 0.270573 0.274538 0.27782 0.280395 0.282247 0.283364 0.283737 0.283364 0.282247 0.280395 0.27782 0.274538 0.270573 0.26595 0.260701 0.254861 0.248468 0.241565 0.234198 0.226414 0.218264 0.2098 0.201074 0.192142 0.183057 0.173874 0.164645 0.155422 0.146255 0.137192 0.128278 0.119553 0.111057 0.102824 0.0948849 0.0872659 0.0799898 0.073075 0.066536 0.0603834 0.0546241 0.0492616 0.0442965 0.0397265 0.0355469 0.0317513 0.0283315 0.0252784 0.0225823 0.020233 0.0182207 0.016536 0.0151703 0.0141163 0.0133678 0.0129206 
0.0140235 0.0141858 0.0146737 0.0154901 0.0166397 0.0181289 0.0199655 0.0221585 0.0247177 0.0276537 0.0309768 0.0346973 0.0388247 0.0433671 0.0483311 0.0537212 0.0595392 0.0657839 0.072451 0.0795322 0.0870156 0.0948849 0.10312 0.111695 0.120582 0.129746 0.139151 0.148754 0.158511 0.168373 0.17829 0.188206 0.198068 0.207818 0.217398 0.226752 0.23582 0.244548 0.252879 0.260761 0.268142 0.274975 0.281215 0.286822 0.291759 0.295992 0.299494 0.302243 0.304219 0.30541 0.305808 0.30541 0.304219 0.302243 0.299494 0.295992 0.291759 0.286822 0.281215 0.274975 0.268142 0.260761 0.252879 0.244548 0.23582 0.226752 0.217398 0.207818 0.198068 0.188206 0.17829 0.168373 0.158511 0.148754 0.139151 0.129746 0.120582 0.111695 0.10312 0.0948849 0.0870156 0.0795322 0.072451 0.0657839 0.0595392 0.0537212 0.0483311 0.0433671 0.0388247 0.0346973 0.0309768 0.0276537 0.0247177 0.0221585 0.0199655 0.0181289 0.0166397 0.0154901 0.0146737 0.0141858 
0.0153441 0.0155206 0.0160511 0.0169387 0.0181883 0.0198066 0.0218019 0.0241837 0.0269623 0.0301486 0.0337536 0.0377877 0.0422607 0.0471809 0.0525549 0.0583867 0.0646778 0.0714263 0.0786267 0.0862697 0.0943416 0.102824 0.111695 0.120926 0.130487 0.14034 0.150444 0.160755 0.171224 0.1818 0.192426 0.203046 0.213601 0.224029 0.234271 0.244264 0.253948 0.263262 0.272149 0.280553 0.288419 0.295698 0.302344 0.308313 0.313566 0.31807 0.321796 0.324719 0.32682 0.328087 0.32851 0.328087 0.32682 0.324719 0.321796 0.31807 0.313566 0.308313 0.302344 0.295698 0.288419 0.280553 0.272149 0.263262 0.253948 0.244264 0.234271 0.224029 0.213601 0.203046 0.192426 0.1818 0.171224 0.160755 0.150444 0.14034 0.130487 0.120926 0.111695 0.102824 0.0943416 0.0862697 0.0786267 0.0714263 0.0646778 0.0583867 0.0525549 0.0471809 0.0422607 0.0377877 0.0337536 0.0301486 0.0269623 0.0241837 0.0218019 0.0198066 0.0181883 0.0169387 0.0160511 0.0155206 
0.0167306 0.0169219 0.0174967 0.0184584 0.0198121 0.0215649 0.0237254 0.0263036 0.0293102 0.0327566 0.0366541 0.0410136 0.045845 0.0511567 0.0569551 0.063244 0.0700241 0.0772929 0.0850437 0.0932657 0.101944 0.111057 0.120582 0.130487 0.140738 0.151296 0.162117 0.173151 0.184348 0.19565 0.207 0.218336 0.229595 0.240713 0.251625 0.262267 0.272573 0.28248 0.291929 0.300859 0.309215 0.316944 0.323997 0.330329 0.335901 0.340677 0.344627 0.347725 0.349953 0.351295 0.351743 0.351295 0.349953 0.347725 0.344627 0.340677 0.335901 0.330329 0.323997 0.316944 0.309215 0.300859 0.291929 0.28248 0.272573 0.262267 0.251625 0.240713 0.229595 0.218336 0.207 0.19565 0.184348 0.173151 0.162117 0.151296 0.140738 0.130487 0.120582 0.111057 0.101944 0.0932657 0.0850437 0.0772929 0.0700241 0.063244 0.0569551 0.0511567 0.045845 0.0410136 0.0366541 0.0327566 0.0293102 0.0263036 0.0237254 0.0215649 0.0198121 0.0184584 0.0174967 0.0169219 
0.0181792 0.0183858 0.0190066 0.020045 0.0215066 0.0233986 0.0257301 0.0285115 0.031754 0.0354693 0.0396691 0.0443646 0.0495658 0.0552812 0.0615169 0.0682762 0.0755594 0.0833629 0.0916787 0.100495 0.109794 0.119553 0.129746 0.14034 0.151296 0.162573 0.174123 0.185893 0.197828 0.209869 0.221952 0.234013 0.245984 0.257799 0.269387 0.280682 0.291614 0.302119 0.312131 0.32159 0.330436 0.338615 0.346076 0.352773 0.358663 0.363711 0.367885 0.371158 0.37351 0.374928 0.375401 0.374928 0.37351 0.371158 0.367885 0.363711 0.358663 0.352773 0.346076 0.338615 0.330436 0.32159 0.312131 0.302119 0.291614 0.280682 0.269387 0.257799 0.245984 0.234013 0.221952 0.209869 0.197828 0.185893 0.174123 0.162573 0.151296 0.14034 0.129746 0.119553 0.109794 0.100495 0.0916787 0.0833629 0.0755594 0.0682762 0.0615169 0.0552812 0.0495658 0.0443646 0.0396691 0.0354693 0.031754 0.0285115 0.0257301 0.0233986 0.0215066 0.020045 0.0190066 0.0183858 
0.019685 0.0199073 0.0205755 0.0216932 0.0232659 0.0253014 0.0278091 0.0307997 0.034285 0.0382769 0.0427876 0.0478283 0.0534093 0.0595388 0.0662228 0.0734642 0.0812623 0.0896125 0.0985056 0.107928 0.11786 0.128278 0.139151 0.150444 0.162117 0.174123 0.186411 0.198926 0.211608 0.224394 0.237216 0.250007 0.262695 0.275209 0.287477 0.299426 0.310986 0.322087 0.332663 0.342649 0.351985 0.360612 0.36848 0.375538 0.381745 0.387063 0.391458 0.394905 0.397382 0.398874 0.399372 0.398874 0.397382 0.394905 0.391458 0.387063 0.381745 0.375538 0.36848 0.360612 0.351985 0.342649 0.332663 0.322087 0.310986 0.299426 0.287477 0.275209 0.262695 0.250007 0.237216 0.224394 0.211608 0.198926 0.186411 0.174123 0.162117 0.150444 0.139151 0.128278 0.11786 0.107928 0.0985056 0.0896125 0.0812623 0.0734642 0.0662228 0.0595388 0.0534093 0.0478283 0.0427876 0.0382769 0.034285 0.0307997 0.0278091 0.0253014 0.0232659 0.0216932 0.0205755 0.0199073 
0.0212422 0.0214807 0.0221976 0.0233965 0.0250832 0.0272659 0.0299542 0.0331592 0.0368931 0.0411682 0.0459969 0.0513906 0.0573595 0.0639119 0.0710533 0.0787859 0.0871084 0.096015 0.105495 0.115533 0.126108 0.137192 0.148754 0.160755 0.173151 0.185893 0.198926 0.212191 0.225624 0.239158 0.252722 0.266244 0.27965 0.292863 0.305809 0.318411 0.330596 0.342291 0.353426 0.363936 0.373756 0.382828 0.391097 0.398514 0.405034 0.410618 0.415232 0.41885 0.42145 0.423015 0.423538 0.423015 0.42145 0.41885 0.415232 0.410618 0.405034 0.398514 0.391097 0.382828 0.373756 0.363936 0.353426 0.342291 0.330596 0.318411 0.305809 0.292863 0.27965 0.266244 0.252722 0.239158 0.225624 0.212191 0.198926 0.185893 0.173151 0.160755 0.148754 0.137192 0.126108 0.115533 0.105495 0.096015 0.0871084 0.0787859 0.0710533 0.0639119 0.0573595 0.0513906 0.0459969 0.0411682 0.0368931 0.0331592 0.0299542 0.0272659 0.0250832 0.0233965 0.0221976 0.0214807 
0.0228442 0.0230993 0.0238658 0.0251476 0.0269507 0.0292835 0.032156 0.0355797 0.0395669 0.0441304 0.0492827 0.0550355 0.0613988 0.0683807 0.0759863 0.0842172 0.0930711 0.102541 0.112615 0.123275 0.134498 0.146255 0.158511 0.171224 0.184348 0.197828 0.211608 0.225624 0.239808 0.25409 0.268395 0.282646 0.296766 0.310674 0.324293 0.337542 0.350346 0.362629 0.374318 0.385344 0.395642 0.405152 0.413817 0.421585 0.428412 0.434258 0.439087 0.442873 0.445593 0.447231 0.447778 0.447231 0.445593 0.442873 0.439087 0.434258 0.428412 0.421585 0.413817 0.405152 0.395642 0.385344 0.374318 0.362629 0.350346 0.337542 0.324293 0.310674 0.296766 0.282646 0.268395 0.25409 0.239808 0.225624 0.211608 0.197828 0.184348 0.171224 0.158511 0.146255 0.134498 0.123275 0.112615 0.102541 0.0930711 0.0842172 0.0759863 0.0683807 0.0613988 0.0550355 0.0492827 0.0441304 0.0395669 0.0355797 0.032156 0.0292835 0.0269507 0.0251476 0.0238658 0.0230993 
0.0244836 0.0247555 0.0255724 0.0269383 0.0288596 0.0313448 0.0344041 0.0380495 0.0422936 0.0471493 0.0526294 0.0587455 0.0655076 0.0729236 0.080998 0.0897316 0.0991212 0.109158 0.11983 0.131115 0.14299 0.155422 0.168373 0.1818 0.19565 0.209869 0.224394 0.239158 0.25409 0.269115 0.284155 0.299129 0.313956 0.328552 0.342835 0.356724 0.370137 0.382998 0.395231 0.406764 0.417531 0.42747 0.436521 0.444634 0.451761 0.457862 0.462901 0.46685 0.469687 0.471396 0.471966 0.471396 0.469687 0.46685 0.462901 0.457862 0.451761 0.444634 0.436521 0.42747 0.417531 0.406764 0.395231 0.382998 0.370137 0.356724 0.342835 0.328552 0.313956 0.299129 0.284155 0.269115 0.25409 0.239158 0.224394 0.209869 0.19565 0.1818 0.168373 0.155422 0.14299 0.131115 0.11983 0.109158 0.0991212 0.0897316 0.080998 0.0729236 0.0655076 0.0587455 0.0526294 0.0471493 0.0422936 0.0380495 0.0344041 0.0313448 0.0288596 0.0269383 0.0255724 0.0247555 
0.0261519 0.0264407 0.0273086 0.0287596 0.0308001 0.0334391 0.0366871 0.0405561 0.0450591 0.0502093 0.0560195 0.0625014 0.0696648 0.0775171 0.0860623 0.0953006 0.105227 0.115833 0.127102 0.139014 0.151539 0.164645 0.17829 0.192426 0.207 0.221952 0.237216 0.252722 0.268395 0.284155 0.299921 0.315608 0.331131 0.346404 0.36134 0.375855 0.389866 0.403292 0.416056 0.428085 0.43931 0.449665 0.459093 0.467541 0.474959 0.481307 0.48655 0.490658 0.493608 0.495385 0.495978 0.495385 0.493608 0.490658 0.48655 0.481307 0.474959 0.467541 0.459093 0.449665 0.43931 0.428085 0.416056 0.403292 0.389866 0.375855 0.36134 0.346404 0.331131 0.315608 0.299921 0.284155 0.268395 0.252722 0.237216 0.221952 0.207 0.192426 0.17829 0.164645 0.151539 0.139014 0.127102 0.115833 0.105227 0.0953006 0.0860623 0.0775171 0.0696648 0.0625014 0.0560195 0.0502093 0.0450591 0.0405561 0.0366871 0.0334391 0.0308001 0.0287596 0.0273086 0.0264407 
0.02784 0.0281458 0.0290649 0.0306013 0.0327617 0.035555 0.0389923 0.0430857 0.0478484 0.0532938 0.0594347 0.0662828 0.0738476 0.0821362 0.0911518 0.100894 0.111357 0.122529 0.134393 0.146927 0.160099 0.173874 0.188206 0.203046 0.218336 0.234013 0.250007 0.266244 0.282646 0.299129 0.315608 0.331995 0.3482 0.364134 0.379709 0.394835 0.409428 0.423405 0.436685 0.449195 0.460862 0.471622 0.481414 0.490185 0.497884 0.504472 0.50991 0.514171 0.517231 0.519073 0.519688 0.519073 0.517231 0.514171 0.50991 0.504472 0.497884 0.490185 0.481414 0.471622 0.460862 0.449195 0.436685 0.423405 0.409428 0.394835 0.379709 0.364134 0.3482 0.331995 0.315608 0.299129 0.282646 0.266244 0.250007 0.234013 0.218336 0.203046 0.188206 0.173874 0.160099 0.146927 0.134393 0.122529 0.111357 0.100894 0.0911518 0.0821362 0.0738476 0.0662828 0.0594347 0.0532938 0.0478484 0.0430857 0.0389923 0.035555 0.0327617 0.0306013 0.0290649 0.0281458 
0.029538 0.0298609 0.0308311 0.0324528 0.0347328 0.0376803 0.0413065 0.0456237 0.0506454 0.056385 0.0628553 0.0700679 0.0780321 0.0867544 0.0962375 0.10648 0.117474 0.129207 0.141662 0.154811 0.168623 0.183057 0.198068 0.213601 0.229595 0.245984 0.262695 0.27965 0.296766 0.313956 0.331131 0.3482 0.36507 0.381648 0.397842 0.413562 0.428719 0.443228 0.457007 0.46998 0.482075 0.493224 0.503366 0.512447 0.520417 0.527233 0.532859 0.537266 0.540431 0.542336 0.542972 0.542336 0.540431 0.537266 0.532859 0.527233 0.520417 0.512447 0.503366 0.493224 0.482075 0.46998 0.457007 0.443228 0.428719 0.413562 0.397842 0.381648 0.36507 0.3482 0.331131 0.313956 0.296766 0.27965 0.262695 0.245984 0.229595 0.213601 0.198068 0.183057 0.168623 0.154811 0.141662 0.129207 0.117474 0.10648 0.0962375 0.0867544 0.0780321 0.0700679 0.0628553 0.056385 0.0506454 0.0456237 0.0413065 0.0376803 0.0347328 0.0324528 0.0308311 0.0298609 
0.0312355 0.0315754 0.0325963 0.0343026 0.0367014 0.0398019 0.0436155 0.0481547 0.0534331 0.0594641 0.0662606 0.073834 0.0821933 0.0913443 0.101289 0.112025 0.123543 0.13583 0.148865 0.16262 0.177059 0.192142 0.207818 0.224029 0.240713 0.257799 0.275209 0.292863 0.310674 0.328552 0.346404 0.364134 0.381648 0.398849 0.415642 0.431933 0.447634 0.462655 0.476913 0.490331 0.502835 0.514356 0.524833 0.53421 0.542437 0.549472 0.555277 0.559823 0.563087 0.565052 0.565708 0.565052 0.563087 0.559823 0.555277 0.549472 0.542437 0.53421 0.524833 0.514356 0.502835 0.490331 0.476913 0.462655 0.447634 0.431933 0.415642 0.398849 0.381648 0.364134 0.346404 0.328552 0.310674 0.292863 0.275209 0.257799 0.240713 0.224029 0.207818 0.192142 0.177059 0.16262 0.148865 0.13583 0.123543 0.112025 0.101289 0.0913443 0.0821933 0.073834 0.0662606 0.0594641 0.0534331 0.0481547 0.0436155 0.0398019 0.0367014 0.0343026 0.0325963 0.0315754 
0.0329216 0.0332781 0.0343491 0.036139 0.0386549 0.0419062 0.0459045 0.0506625 0.0561938 0.0625118 0.0696294 0.0775577 0.0863052 0.0958774 0.106275 0.117495 0.129527 0.142356 0.155959 0.170306 0.185359 0.201074 0.217398 0.234271 0.251625 0.269387 0.287477 0.305809 0.324293 0.342835 0.36134 0.379709 0.397842 0.415642 0.433009 0.44985 0.46607 0.481581 0.496297 0.510139 0.523032 0.534907 0.545702 0.55536 0.563832 0.571073 0.577047 0.581725 0.585083 0.587104 0.587779 0.587104 0.585083 0.581725 0.577047 0.571073 0.563832 0.55536 0.545702 0.534907 0.523032 0.510139 0.496297 0.481581 0.46607 0.44985 0.433009 0.415642 0.397842 0.379709 0.36134 0.342835 0.324293 0.305809 0.287477 0.269387 0.251625 0.234271 0.217398 0.201074 0.185359 0.170306 0.155959 0.142356 0.129527 0.117495 0.106275 0.0958774 0.0863052 0.0775577 0.0696294 0.0625118 0.0561938 0.0506625 0.0459045 0.0419062 0.0386549 0.036139 0.0343491 0.0332781 
0.0345847 0.0349575 0.0360776 0.0379494 0.04058 0.0439792 0.0481584 0.0531306 0.0589093 0.0655081 0.0729397 0.0812147 0.0903415 0.100325 0.111165 0.122856 0.135389 0.148745 0.1629 0.177822 0.193471 0.2098 0.226752 0.244264 0.262267 0.280682 0.299426 0.318411 0.337542 0.356724 0.375855 0.394835 0.413562 0.431933 0.44985 0.467213 0.483928 0.499904 0.515054 0.529298 0.54256 0.55477 0.565864 0.575787 0.584488 0.591924 0.598058 0.602859 0.606305 0.60838 0.609072 0.60838 0.606305 0.602859 0.598058 0.591924 0.584488 0.575787 0.565864 0.55477 0.54256 0.529298 0.515054 0.499904 0.483928 0.467213 0.44985 0.431933 0.413562 0.394835 0.375855 0.356724 0.337542 0.318411 0.299426 0.280682 0.262267 0.244264 0.226752 0.2098 0.193471 0.177822 0.1629 0.148745 0.135389 0.122856 0.111165 0.100325 0.0903415 0.0812147 0.0729397 0.0655081 0.0589093 0.0531306 0.0481584 0.0439792 0.04058 0.0379494 0.0360776 0.0349575 
0.0362131 0.0366019 0.0377697 0.0397212 0.0424635 0.0460065 0.0503617 0.0555421 0.0615613 0.0684329 0.0761692 0.0847808 0.0942754 0.104657 0.115925 0.128074 0.141091 0.154956 0.169645 0.185122 0.201345 0.218264 0.23582 0.253948 0.272573 0.291614 0.310986 0.330596 0.350346 0.370137 0.389866 0.409428 0.428719 0.447634 0.46607 0.483928 0.50111 0.517525 0.533085 0.547707 0.561315 0.573839 0.585215 0.595386 0.604302 0.61192 0.618202 0.623119 0.626647 0.628771 0.62948 0.628771 0.626647 0.623119 0.618202 0.61192 0.604302 0.595386 0.585215 0.573839 0.561315 0.547707 0.533085 0.517525 0.50111 0.483928 0.46607 0.447634 0.428719 0.409428 0.389866 0.370137 0.350346 0.330596 0.310986 0.291614 0.272573 0.253948 0.23582 0.218264 0.201345 0.185122 0.169645 0.154956 0.141091 0.128074 0.115925 0.104657 0.0942754 0.0847808 0.0761692 0.0684329 0.0615613 0.0555421 0.0503617 0.0460065 0.0424635 0.0397212 0.0377697 0.0366019 
0.0377951 0.0381992 0.0394132 0.0414416 0.0442918 0.0479736 0.0524986 0.0578799 0.0641311 0.0712656 0.0792957 0.0882314 0.0980802 0.108845 0.120525 0.133113 0.146594 0.160949 0.176149 0.192158 0.20893 0.226414 0.244548 0.263262 0.28248 0.302119 0.322087 0.342291 0.362629 0.382998 0.403292 0.423405 0.443228 0.462655 0.481581 0.499904 0.517525 0.534352 0.550295 0.56527 0.579202 0.592018 0.603656 0.614058 0.623174 0.63096 0.637379 0.642403 0.646008 0.648177 0.648902 0.648177 0.646008 0.642403 0.637379 0.63096 0.623174 0.614058 0.603656 0.592018 0.579202 0.56527 0.550295 0.534352 0.517525 0.499904 0.481581 0.462655 0.443228 0.423405 0.403292 0.382998 0.362629 0.342291 0.322087 0.302119 0.28248 0.263262 0.244548 0.226414 0.20893 0.192158 0.176149 0.160949 0.146594 0.133113 0.120525 0.108845 0.0980802 0.0882314 0.0792957 0.0712656 0.0641311 0.0578799 0.0524986 0.0479736 0.0442918 0.0414416 0.0394132 0.0381992 
0.0393186 0.0397375 0.0409957 0.0430978 0.0460513 0.0498659 0.0545535 0.0601271 0.0666002 0.0739862 0.082297 0.0915425 0.101729 0.11286 0.124933 0.137939 0.151863 0.166684 0.18237 0.198884 0.216178 0.234198 0.252879 0.272149 0.291929 0.312131 0.332663 0.353426 0.374318 0.395231 0.416056 0.436685 0.457007 0.476913 0.496297 0.515054 0.533085 0.550295 0.566593 0.581897 0.596128 0.609215 0.621095 0.63171 0.64101 0.648951 0.655497 0.660619 0.664294 0.666506 0.667244 0.666506 0.664294 0.660619 0.655497 0.648951 0.64101 0.63171 0.621095 0.609215 0.596128 0.581897 0.566593 0.550295 0.533085 0.515054 0.496297 0.476913 0.457007 0.436685 0.416056 0.395231 0.374318 0.353426 0.332663 0.312131 0.291929 0.272149 0.252879 0.234198 0.216178 0.198884 0.18237 0.166684 0.151863 0.137939 0.124933 0.11286 0.101729 0.0915425 0.082297 0.0739862 0.0666002 0.0601271 0.0545535 0.0498659 0.0460513 0.0430978 0.0409957 0.0397375 
0.0407721 0.0412049 0.0425051 0.0446771 0.0477286 0.0516693 0.0565111 0.0622669 0.0689504 0.0765746 0.0851514 0.0946901 0.105197 0.116674 0.129118 0.142519 0.156861 0.172121 0.188266 0.205256 0.223042 0.241565 0.260761 0.280553 0.300859 0.32159 0.342649 0.363936 0.385344 0.406764 0.428085 0.449195 0.46998 0.490331 0.510139 0.529298 0.547707 0.56527 0.581897 0.597503 0.612009 0.625345 0.637446 0.648256 0.657724 0.665807 0.672469 0.677681 0.68142 0.683669 0.68442 0.683669 0.68142 0.677681 0.672469 0.665807 0.657724 0.648256 0.637446 0.625345 0.612009 0.597503 0.581897 0.56527 0.547707 0.529298 0.510139 0.490331 0.46998 0.449195 0.428085 0.406764 0.385344 0.363936 0.342649 0.32159 0.300859 0.280553 0.260761 0.241565 0.223042 0.205256 0.188266 0.172121 0.156861 0.142519 0.129118 0.116674 0.105197 0.0946901 0.0851514 0.0765746 0.0689504 0.0622669 0.0565111 0.0516693 0.0477286 0.0446771 0.0425051 0.0412049 
0.0421438 0.0425898 0.0439293 0.0461671 0.0493106 0.0533697 0.0583562 0.0642832 0.0711641 0.0790117 0.0878378 0.0976513 0.108458 0.120259 0.13305 0.146821 0.161554 0.177224 0.193797 0.211231 0.229475 0.248468 0.268142 0.288419 0.309215 0.330436 0.351985 0.373756 0.395642 0.417531 0.43931 0.460862 0.482075 0.502835 0.523032 0.54256 0.561315 0.579202 0.596128 0.612009 0.626766 0.640328 0.652631 0.663617 0.673238 0.681449 0.688216 0.693509 0.697305 0.69959 0.700352 0.69959 0.697305 0.693509 0.688216 0.681449 0.673238 0.663617 0.652631 0.640328 0.626766 0.612009 0.596128 0.579202 0.561315 0.54256 0.523032 0.502835 0.482075 0.460862 0.43931 0.417531 0.395642 0.373756 0.351985 0.330436 0.309215 0.288419 0.268142 0.248468 0.229475 0.211231 0.193797 0.177224 0.161554 0.146821 0.13305 0.120259 0.108458 0.0976513 0.0878378 0.0790117 0.0711641 0.0642832 0.0583562 0.0533697 0.0493106 0.0461671 0.0439293 0.0425898 
