9.61795e-20 1.73778e-19 5.21058e-19 1.63419e-18 5.03057e-18 1.51074e-17 4.42306e-17 1.26221e-16 3.51045e-16 9.51409e-16 2.51253e-15 6.46501e-15 1.6208e-14 3.95905e-14 9.42254e-14 2.18516e-13 4.93824e-13 1.08763e-12 2.3349e-12 4.88641e-12 9.97042e-12 1.98382e-11 3.84965e-11 7.28667e-11 1.34548e-10 2.42386e-10 4.26043e-10 7.30697e-10 1.22284e-09 1.99688e-09 3.18178e-09 4.94658e-09 7.50284e-09 1.11018e-08 1.60239e-08 2.25583e-08 3.0972e-08 4.14699e-08 5.41501e-08 6.89608e-08 8.56698e-08 1.03853e-07 1.22912e-07 1.42114e-07 1.60664e-07 1.7777e-07 1.92717e-07 2.04914e-07 2.13919e-07 2.19433e-07 2.21288e-07 2.19433e-07 2.13919e-07 2.04914e-07 1.92717e-07 1.7777e-07 1.60664e-07 1.42114e-07 1.22912e-07 1.03853e-07 8.56698e-08 6.89608e-08 5.41501e-08 4.14699e-08 3.0972e-08 2.25583e-08 1.60239e-08 1.11018e-08 7.50284e-09 4.94658e-09 3.18178e-09 1.99688e-09 1.22284e-09 7.30697e-10 4.26043e-10 2.42386e-10 1.34548e-10 7.28667e-11 3.84965e-11 1.98382e-11 9.97042e-12 4.88641e-12 2.3349e-12 1.08763e-12 4.93824e-13 2.18516e-13 9.42254e-14 3.95905e-14 1.6208e-14 6.46501e-15 2.51253e-15 9.51409e-16 3.51045e-16 1.26221e-16 4.42306e-17 1.51074e-17 5.03057e-18 1.63419e-18 5.21058e-19 1.73778e-19 
1.73778e-19 3.12994e-19 9.34493e-19 2.9195e-18 8.95305e-18 2.67849e-17 7.81191e-17 2.22069e-16 6.15206e-16 1.66077e-15 4.3683e-15 1.11945e-14 2.79494e-14 6.79848e-14 1.61114e-13 3.72018e-13 8.37024e-13 1.83528e-12 3.9221e-12 8.17049e-12 1.65944e-11 3.28648e-11 6.34787e-11 1.19596e-10 2.19818e-10 3.94197e-10 6.8978e-10 1.17784e-09 1.96271e-09 3.19177e-09 5.06532e-09 7.84452e-09 1.18546e-08 1.74798e-08 2.51465e-08 3.52917e-08 4.83155e-08 6.45206e-08 8.40447e-08 1.06797e-07 1.32413e-07 1.60238e-07 1.89355e-07 2.18652e-07 2.46917e-07 2.72957e-07 2.95691e-07 3.14231e-07 3.27911e-07 3.36284e-07 3.39102e-07 3.36284e-07 3.27911e-07 3.14231e-07 2.95691e-07 2.72957e-07 2.46917e-07 2.18652e-07 1.89355e-07 1.60238e-07 1.32413e-07 1.06797e-07 8.40447e-08 6.45206e-08 4.83155e-08 3.52917e-08 2.51465e-08 1.74798e-08 1.18546e-08 7.84452e-09 5.06532e-09 3.19177e-09 1.96271e-09 1.17784e-09 6.8978e-10 3.94197e-10 2.19818e-10 1.19596e-10 6.34787e-11 3.28648e-11 1.65944e-11 8.17049e-12 3.9221e-12 1.83528e-12 8.37024e-13 3.72018e-13 1.61114e-13 6.79848e-14 2.79494e-14 1.11945e-14 4.3683e-15 1.66077e-15 6.15206e-16 2.22069e-16 7.81191e-17 2.67849e-17 8.95305e-18 2.9195e-18 9.34493e-19 3.12994e-19 
5.21058e-19 9.34493e-19 2.77395e-18 8.62057e-18 2.62994e-17 7.82709e-17 2.27083e-16 6.42105e-16 1.7693e-15 4.75025e-15 1.24254e-14 3.16627e-14 7.85983e-14 1.90065e-13 4.47734e-13 1.02753e-12 2.2975e-12 5.00561e-12 1.06282e-11 2.19953e-11 4.43762e-11 8.72964e-11 1.67476e-10 3.13396e-10 5.72132e-10 1.01912e-09 1.77147e-09 3.00514e-09 4.97568e-09 8.0411e-09 1.26842e-08 1.95293e-08 2.93479e-08 4.30439e-08 6.16113e-08 8.60586e-08 1.17297e-07 1.55998e-07 2.02442e-07 2.56372e-07 3.16893e-07 3.82444e-07 4.50865e-07 5.19555e-07 5.85702e-07 6.4654e-07 6.99586e-07 7.428e-07 7.7466e-07 7.94152e-07 8.00709e-07 7.94152e-07 7.7466e-07 7.428e-07 6.99586e-07 6.4654e-07 5.85702e-07 5.19555e-07 4.50865e-07 3.82444e-07 3.16893e-07 2.56372e-07 2.02442e-07 1.55998e-07 1.17297e-07 8.60586e-08 6.16113e-08 4.30439e-08 2.93479e-08 1.95293e-08 1.26842e-08 8.0411e-09 4.97568e-09 3.00514e-09 1.77147e-09 1.01912e-09 5.72132e-10 3.13396e-10 1.67476e-10 8.72964e-11 4.43762e-11 2.19953e-11 1.06282e-11 5.00561e-12 2.2975e-12 1.02753e-12 4.47734e-13 1.90065e-13 7.85983e-14 3.16627e-14 1.24254e-14 4.75025e-15 1.7693e-15 6.42105e-16 2.27083e-16 7.82709e-17 2.62994e-17 8.62057e-18 2.77395e-18 9.34493e-19 
1.63419e-18 2.9195e-18 8.62057e-18 2.66615e-17 8.09548e-17 2.39794e-16 6.92381e-16 1.94835e-15 5.3424e-15 1.42723e-14 3.71445e-14 9.41675e-14 2.32537e-13 5.59316e-13 1.3104e-12 2.99056e-12 6.64872e-12 1.44016e-11 3.03973e-11 6.25292e-11 1.25383e-10 2.45126e-10 4.67331e-10 8.69032e-10 1.57654e-09 2.79071e-09 4.82089e-09 8.12835e-09 1.33778e-08 2.14933e-08 3.37115e-08 5.16201e-08 7.71649e-08 1.12608e-07 1.60416e-07 2.23065e-07 3.02762e-07 4.01096e-07 5.1866e-07 6.54705e-07 8.06905e-07 9.71302e-07 1.14248e-06 1.31396e-06 1.47879e-06 1.63016e-06 1.76197e-06 1.86924e-06 1.94827e-06 1.99659e-06 2.01284e-06 1.99659e-06 1.94827e-06 1.86924e-06 1.76197e-06 1.63016e-06 1.47879e-06 1.31396e-06 1.14248e-06 9.71302e-07 8.06905e-07 6.54705e-07 5.1866e-07 4.01096e-07 3.02762e-07 2.23065e-07 1.60416e-07 1.12608e-07 7.71649e-08 5.16201e-08 3.37115e-08 2.14933e-08 1.33778e-08 8.12835e-09 4.82089e-09 2.79071e-09 1.57654e-09 8.69032e-10 4.67331e-10 2.45126e-10 1.25383e-10 6.25292e-11 3.03973e-11 1.44016e-11 6.64872e-12 2.99056e-12 1.3104e-12 5.59316e-13 2.32537e-13 9.41675e-14 3.71445e-14 1.42723e-14 5.3424e-15 1.94835e-15 6.92381e-16 2.39794e-16 8.09548e-17 2.66615e-17 8.62057e-18 2.9195e-18 
5.03057e-18 8.95305e-18 2.62994e-17 8.09548e-17 2.44674e-16 7.21379e-16 2.07317e-15 5.8063e-15 1.58448e-14 4.21242e-14 1.0909e-13 2.75173e-13 6.76036e-13 1.61756e-12 3.76951e-12 8.55574e-12 1.89154e-11 4.07386e-11 8.54861e-11 1.74808e-10 3.48409e-10 6.76981e-10 1.28269e-09 2.37041e-09 4.27347e-09 7.51765e-09 1.29065e-08 2.16288e-08 3.5384e-08 5.65171e-08 8.81416e-08 1.34224e-07 1.99587e-07 2.89792e-07 4.10848e-07 5.68726e-07 7.68669e-07 1.01435e-06 1.30695e-06 1.64438e-06 2.02069e-06 2.42603e-06 2.84703e-06 3.26788e-06 3.67164e-06 4.04184e-06 4.36378e-06 4.62551e-06 4.81818e-06 4.93593e-06 4.97552e-06 4.93593e-06 4.81818e-06 4.62551e-06 4.36378e-06 4.04184e-06 3.67164e-06 3.26788e-06 2.84703e-06 2.42603e-06 2.02069e-06 1.64438e-06 1.30695e-06 1.01435e-06 7.68669e-07 5.68726e-07 4.10848e-07 2.89792e-07 1.99587e-07 1.34224e-07 8.81416e-08 5.65171e-08 3.5384e-08 2.16288e-08 1.29065e-08 7.51765e-09 4.27347e-09 2.37041e-09 1.28269e-09 6.76981e-10 3.48409e-10 1.74808e-10 8.54861e-11 4.07386e-11 1.89154e-11 8.55574e-12 3.76951e-12 1.61756e-12 6.76036e-13 2.75173e-13 1.0909e-13 4.21242e-14 1.58448e-14 5.8063e-15 2.07317e-15 7.21379e-16 2.44674e-16 8.09548e-17 2.62994e-17 8.95305e-18 
1.51074e-17 2.67849e-17 7.82709e-17 2.39794e-16 7.21379e-16 2.11696e-15 6.0554e-15 1.68789e-14 4.58399e-14 1.21275e-13 3.12518e-13 7.84346e-13 1.91707e-12 4.563e-12 1.05765e-11 2.38744e-11 5.24866e-11 1.12394e-10 2.34465e-10 4.76582e-10 9.44085e-10 1.82306e-09 3.43253e-09 6.30321e-09 1.12915e-08 1.97373e-08 3.36717e-08 5.60747e-08 9.11727e-08 1.44749e-07 2.24423e-07 3.39818e-07 5.02543e-07 7.25865e-07 1.02398e-06 1.41085e-06 1.89851e-06 2.49514e-06 3.2029e-06 4.01612e-06 4.92009e-06 5.89092e-06 6.89666e-06 7.89974e-06 8.86021e-06 9.73936e-06 1.05029e-05 1.11229e-05 1.15789e-05 1.18575e-05 1.19511e-05 1.18575e-05 1.15789e-05 1.11229e-05 1.05029e-05 9.73936e-06 8.86021e-06 7.89974e-06 6.89666e-06 5.89092e-06 4.92009e-06 4.01612e-06 3.2029e-06 2.49514e-06 1.89851e-06 1.41085e-06 1.02398e-06 7.25865e-07 5.02543e-07 3.39818e-07 2.24423e-07 1.44749e-07 9.11727e-08 5.60747e-08 3.36717e-08 1.97373e-08 1.12915e-08 6.30321e-09 3.43253e-09 1.82306e-09 9.44085e-10 4.76582e-10 2.34465e-10 1.12394e-10 5.24866e-11 2.38744e-11 1.05765e-11 4.563e-12 1.91707e-12 7.84346e-13 3.12518e-13 1.21275e-13 4.58399e-14 1.68789e-14 6.0554e-15 2.11696e-15 7.21379e-16 2.39794e-16 7.82709e-17 2.67849e-17 
4.42306e-17 7.81191e-17 2.27083e-16 6.92381e-16 2.07317e-15 6.0554e-15 1.72391e-14 4.78233e-14 1.29251e-13 3.40276e-13 8.72506e-13 2.17869e-12 5.29759e-12 1.25428e-11 2.8916e-11 6.49116e-11 1.41898e-10 3.02097e-10 6.2647e-10 1.26566e-09 2.4917e-09 4.78124e-09 8.94477e-09 1.63193e-08 2.90441e-08 5.04376e-08 8.54873e-08 1.41448e-07 2.28522e-07 3.60551e-07 5.55612e-07 8.36347e-07 1.22982e-06 1.76669e-06 2.47941e-06 3.39947e-06 4.55359e-06 5.95916e-06 7.61959e-06 9.52015e-06 1.16255e-05 1.38796e-05 1.62083e-05 1.85252e-05 2.07391e-05 2.2762e-05 2.45162e-05 2.5939e-05 2.69846e-05 2.76229e-05 2.78374e-05 2.76229e-05 2.69846e-05 2.5939e-05 2.45162e-05 2.2762e-05 2.07391e-05 1.85252e-05 1.62083e-05 1.38796e-05 1.16255e-05 9.52015e-06 7.61959e-06 5.95916e-06 4.55359e-06 3.39947e-06 2.47941e-06 1.76669e-06 1.22982e-06 8.36347e-07 5.55612e-07 3.60551e-07 2.28522e-07 1.41448e-07 8.54873e-08 5.04376e-08 2.90441e-08 1.63193e-08 8.94477e-09 4.78124e-09 2.4917e-09 1.26566e-09 6.2647e-10 3.02097e-10 1.41898e-10 6.49116e-11 2.8916e-11 1.25428e-11 5.29759e-12 2.17869e-12 8.72506e-13 3.40276e-13 1.29251e-13 4.78233e-14 1.72391e-14 6.0554e-15 2.07317e-15 6.92381e-16 2.27083e-16 7.81191e-17 
1.26221e-16 2.22069e-16 6.42105e-16 1.94835e-15 5.8063e-15 1.68789e-14 4.78233e-14 1.32028e-13 3.5509e-13 9.30216e-13 2.3732e-12 5.89574e-12 1.42611e-11 3.35854e-11 7.70061e-11 1.71902e-10 3.73634e-10 7.90797e-10 1.63006e-09 3.27297e-09 6.40296e-09 1.22077e-08 2.26892e-08 4.11219e-08 7.26984e-08 1.25402e-07 2.11124e-07 3.47007e-07 5.56938e-07 8.73038e-07 1.33688e-06 2.00004e-06 2.92362e-06 4.17608e-06 5.82916e-06 7.95146e-06 1.06e-05 1.38101e-05 1.75856e-05 2.18896e-05 2.66399e-05 3.17091e-05 3.6931e-05 4.21132e-05 4.70539e-05 5.15598e-05 5.54611e-05 5.86215e-05 6.09417e-05 6.23573e-05 6.28328e-05 6.23573e-05 6.09417e-05 5.86215e-05 5.54611e-05 5.15598e-05 4.70539e-05 4.21132e-05 3.6931e-05 3.17091e-05 2.66399e-05 2.18896e-05 1.75856e-05 1.38101e-05 1.06e-05 7.95146e-06 5.82916e-06 4.17608e-06 2.92362e-06 2.00004e-06 1.33688e-06 8.73038e-07 5.56938e-07 3.47007e-07 2.11124e-07 1.25402e-07 7.26984e-08 4.11219e-08 2.26892e-08 1.22077e-08 6.40296e-09 3.27297e-09 1.63006e-09 7.90797e-10 3.73634e-10 1.71902e-10 7.70061e-11 3.35854e-11 1.42611e-11 5.89574e-12 2.3732e-12 9.30216e-13 3.5509e-13 1.32028e-13 4.78233e-14 1.68789e-14 5.8063e-15 1.94835e-15 6.42105e-16 2.22069e-16 
3.51045e-16 6.15206e-16 1.7693e-15 5.3424e-15 1.58448e-14 4.58399e-14 1.29251e-13 3.5509e-13 9.5031e-13 2.47705e-12 6.28748e-12 1.55393e-11 3.73899e-11 8.75816e-11 1.99706e-10 4.43297e-10 9.5795e-10 2.01549e-09 4.12922e-09 8.2393e-09 1.60157e-08 3.03357e-08 5.60072e-08 1.00822e-07 1.77023e-07 3.03259e-07 5.07044e-07 8.27667e-07 1.31936e-06 2.05435e-06 3.12521e-06 4.64569e-06 6.74913e-06 9.58339e-06 1.33014e-05 1.80473e-05 2.39377e-05 3.10413e-05 3.93568e-05 4.8796e-05 5.91738e-05 7.02096e-05 8.15425e-05 9.27587e-05 0.000103427 0.000113137 0.00012153 0.00012832 0.0001333 0.000136336 0.000137355 0.000136336 0.0001333 0.00012832 0.00012153 0.000113137 0.000103427 9.27587e-05 8.15425e-05 7.02096e-05 5.91738e-05 4.8796e-05 3.93568e-05 3.10413e-05 2.39377e-05 1.80473e-05 1.33014e-05 9.58339e-06 6.74913e-06 4.64569e-06 3.12521e-06 2.05435e-06 1.31936e-06 8.27667e-07 5.07044e-07 3.03259e-07 1.77023e-07 1.00822e-07 5.60072e-08 3.03357e-08 1.60157e-08 8.2393e-09 4.12922e-09 2.01549e-09 9.5795e-10 4.43297e-10 1.99706e-10 8.75816e-11 3.73899e-11 1.55393e-11 6.28748e-12 2.47705e-12 9.5031e-13 3.5509e-13 1.29251e-13 4.58399e-14 1.58448e-14 5.3424e-15 1.7693e-15 6.15206e-16 
9.51409e-16 1.66077e-15 4.75025e-15 1.42723e-14 4.21242e-14 1.21275e-13 3.40276e-13 9.30216e-13 2.47705e-12 6.42392e-12 1.6222e-11 3.98827e-11 9.54527e-11 2.22371e-10 5.04238e-10 1.1129e-09 2.39088e-09 5.00012e-09 1.01808e-08 2.01859e-08 3.89833e-08 7.33487e-08 1.34502e-07 2.40453e-07 4.19234e-07 7.1312e-07 1.18387e-06 1.9188e-06 3.03721e-06 4.69637e-06 7.0958e-06 1.04781e-05 1.51245e-05 2.13432e-05 2.94488e-05 3.97321e-05 5.24227e-05 6.76451e-05 8.53767e-05 0.000105413 0.000127352 0.000150595 0.000174385 0.000197863 0.000220137 0.000240367 0.000257821 0.000271921 0.000282252 0.000288546 0.000290658 0.000288546 0.000282252 0.000271921 0.000257821 0.000240367 0.000220137 0.000197863 0.000174385 0.000150595 0.000127352 0.000105413 8.53767e-05 6.76451e-05 5.24227e-05 3.97321e-05 2.94488e-05 2.13432e-05 1.51245e-05 1.04781e-05 7.0958e-06 4.69637e-06 3.03721e-06 1.9188e-06 1.18387e-06 7.1312e-07 4.19234e-07 2.40453e-07 1.34502e-07 7.33487e-08 3.89833e-08 2.01859e-08 1.01808e-08 5.00012e-09 2.39088e-09 1.1129e-09 5.04238e-10 2.22371e-10 9.54527e-11 3.98827e-11 1.6222e-11 6.42392e-12 2.47705e-12 9.30216e-13 3.40276e-13 1.21275e-13 4.21242e-14 1.42723e-14 4.75025e-15 1.66077e-15 
2.51253e-15 4.3683e-15 1.24254e-14 3.71445e-14 1.0909e-13 3.12518e-13 8.72506e-13 2.3732e-12 6.28748e-12 1.6222e-11 4.07511e-11 9.96581e-11 2.37228e-10 5.49612e-10 1.23925e-09 2.71935e-09 5.80748e-09 1.20715e-08 2.44254e-08 4.81183e-08 9.23141e-08 1.72519e-07 3.14166e-07 5.57685e-07 9.65368e-07 1.6302e-06 2.6866e-06 4.3226e-06 6.79239e-06 1.04274e-05 1.56435e-05 2.29407e-05 3.28916e-05 4.61159e-05 6.32361e-05 8.4817e-05 0.000111289 0.000142863 0.000179449 0.000220593 0.000265445 0.000312777 0.000361054 0.000408549 0.000453488 0.000494209 0.000529276 0.000557561 0.00057826 0.00059086 0.000595089 0.00059086 0.00057826 0.000557561 0.000529276 0.000494209 0.000453488 0.000408549 0.000361054 0.000312777 0.000265445 0.000220593 0.000179449 0.000142863 0.000111289 8.4817e-05 6.32361e-05 4.61159e-05 3.28916e-05 2.29407e-05 1.56435e-05 1.04274e-05 6.79239e-06 4.3226e-06 2.6866e-06 1.6302e-06 9.65368e-07 5.57685e-07 3.14166e-07 1.72519e-07 9.23141e-08 4.81183e-08 2.44254e-08 1.20715e-08 5.80748e-09 2.71935e-09 1.23925e-09 5.49612e-10 2.37228e-10 9.96581e-11 4.07511e-11 1.6222e-11 6.28748e-12 2.3732e-12 8.72506e-13 3.12518e-13 1.0909e-13 3.71445e-14 1.24254e-14 4.3683e-15 
6.46501e-15 1.11945e-14 3.16627e-14 9.41675e-14 2.75173e-13 7.84346e-13 2.17869e-12 5.89574e-12 1.55393e-11 3.98827e-11 9.96581e-11 2.42404e-10 5.7386e-10 1.32209e-09 2.96397e-09 6.46593e-09 1.37258e-08 2.83547e-08 5.70091e-08 1.11576e-07 2.12623e-07 3.94624e-07 7.13567e-07 1.25756e-06 2.1609e-06 3.62195e-06 5.92428e-06 9.46009e-06 1.47536e-05 2.24804e-05 3.34781e-05 4.87417e-05 6.93959e-05 9.66403e-05 0.00013166 0.000175505 0.000228944 0.000292301 0.000365308 0.000446991 0.000535623 0.000628764 0.000723408 0.00081621 0.000903769 0.000982911 0.00105093 0.0011057 0.00114573 0.00117008 0.00117824 0.00117008 0.00114573 0.0011057 0.00105093 0.000982911 0.000903769 0.00081621 0.000723408 0.000628764 0.000535623 0.000446991 0.000365308 0.000292301 0.000228944 0.000175505 0.00013166 9.66403e-05 6.93959e-05 4.87417e-05 3.34781e-05 2.24804e-05 1.47536e-05 9.46009e-06 5.92428e-06 3.62195e-06 2.1609e-06 1.25756e-06 7.13567e-07 3.94624e-07 2.12623e-07 1.11576e-07 5.70091e-08 2.83547e-08 1.37258e-08 6.46593e-09 2.96397e-09 1.32209e-09 5.7386e-10 2.42404e-10 9.96581e-11 3.98827e-11 1.55393e-11 5.89574e-12 2.17869e-12 7.84346e-13 2.75173e-13 9.41675e-14 3.16627e-14 1.11945e-14 
1.6208e-14 2.79494e-14 7.85983e-14 2.32537e-13 6.76036e-13 1.91707e-12 5.29759e-12 1.42611e-11 3.73899e-11 9.54527e-11 2.37228e-10 5.7386e-10 1.35096e-09 3.09472e-09 6.89769e-09 1.49579e-08 3.15588e-08 6.47858e-08 1.29418e-07 2.51616e-07 4.76224e-07 8.77676e-07 1.57564e-06 2.75642e-06 4.70095e-06 7.81936e-06 1.26912e-05 2.01085e-05 3.11171e-05 4.7048e-05 6.95306e-05 0.000100474 0.000142008 0.000196365 0.00026571 0.00035191 0.000456261 0.000579194 0.000720018 0.000876721 0.00104591 0.00122292 0.00140206 0.0015771 0.00174173 0.00189015 0.00201743 0.00211974 0.00219441 0.00223979 0.002255 0.00223979 0.00219441 0.00211974 0.00201743 0.00189015 0.00174173 0.0015771 0.00140206 0.00122292 0.00104591 0.000876721 0.000720018 0.000579194 0.000456261 0.00035191 0.00026571 0.000196365 0.000142008 0.000100474 6.95306e-05 4.7048e-05 3.11171e-05 2.01085e-05 1.26912e-05 7.81936e-06 4.70095e-06 2.75642e-06 1.57564e-06 8.77676e-07 4.76224e-07 2.51616e-07 1.29418e-07 6.47858e-08 3.15588e-08 1.49579e-08 6.89769e-09 3.09472e-09 1.35096e-09 5.7386e-10 2.37228e-10 9.54527e-11 3.73899e-11 1.42611e-11 5.29759e-12 1.91707e-12 6.76036e-13 2.32537e-13 7.85983e-14 2.79494e-14 
3.95905e-14 6.79848e-14 1.90065e-13 5.59316e-13 1.61756e-12 4.563e-12 1.25428e-11 3.35854e-11 8.75816e-11 2.22371e-10 5.49612e-10 1.32209e-09 3.09472e-09 7.04817e-09 1.56164e-08 3.36599e-08 7.05769e-08 1.43962e-07 2.85702e-07 5.51729e-07 1.03701e-06 1.89759e-06 3.38171e-06 5.87161e-06 9.93699e-06 1.63997e-05 2.64068e-05 4.15061e-05 6.37144e-05 9.55649e-05 0.000140115 0.000200897 0.000281786 0.000386777 0.000519656 0.000683582 0.000880602 0.00111115 0.00137359 0.00166393 0.00197576 0.00230043 0.00262762 0.0029461 0.00324467 0.00351307 0.00374269 0.00392691 0.00406118 0.0041427 0.00417002 0.0041427 0.00406118 0.00392691 0.00374269 0.00351307 0.00324467 0.0029461 0.00262762 0.00230043 0.00197576 0.00166393 0.00137359 0.00111115 0.000880602 0.000683582 0.000519656 0.000386777 0.000281786 0.000200897 0.000140115 9.55649e-05 6.37144e-05 4.15061e-05 2.64068e-05 1.63997e-05 9.93699e-06 5.87161e-06 3.38171e-06 1.89759e-06 1.03701e-06 5.51729e-07 2.85702e-07 1.43962e-07 7.05769e-08 3.36599e-08 1.56164e-08 7.04817e-09 3.09472e-09 1.32209e-09 5.49612e-10 2.22371e-10 8.75816e-11 3.35854e-11 1.25428e-11 4.563e-12 1.61756e-12 5.59316e-13 1.90065e-13 6.79848e-14 
9.42254e-14 1.61114e-13 4.47734e-13 1.3104e-12 3.76951e-12 1.05765e-11 2.8916e-11 7.70061e-11 1.99706e-10 5.04238e-10 1.23925e-09 2.96397e-09 6.89769e-09 1.56164e-08 3.43922e-08 7.36722e-08 1.53498e-07 3.11075e-07 6.1324e-07 1.17614e-06 2.19506e-06 3.98756e-06 7.05333e-06 1.21529e-05 2.04063e-05 3.34088e-05 5.3358e-05 8.3179e-05 0.00012663 0.000188364 0.000273913 0.000389562 0.000542091 0.000738348 0.000984655 0.00128608 0.0016456 0.0020633 0.0025356 0.00305492 0.00360951 0.00418399 0.00476028 0.00531895 0.00584084 0.00630858 0.00670771 0.00702728 0.00725984 0.00740088 0.00744812 0.00740088 0.00725984 0.00702728 0.00670771 0.00630858 0.00584084 0.00531895 0.00476028 0.00418399 0.00360951 0.00305492 0.0025356 0.0020633 0.0016456 0.00128608 0.000984655 0.000738348 0.000542091 0.000389562 0.000273913 0.000188364 0.00012663 8.3179e-05 5.3358e-05 3.34088e-05 2.04063e-05 1.21529e-05 7.05333e-06 3.98756e-06 2.19506e-06 1.17614e-06 6.1324e-07 3.11075e-07 1.53498e-07 7.36722e-08 3.43922e-08 1.56164e-08 6.89769e-09 2.96397e-09 1.23925e-09 5.04238e-10 1.99706e-10 7.70061e-11 2.8916e-11 1.05765e-11 3.76951e-12 1.3104e-12 4.47734e-13 1.61114e-13 
2.18516e-13 3.72018e-13 1.02753e-12 2.99056e-12 8.55574e-12 2.38744e-11 6.49116e-11 1.71902e-10 4.43297e-10 1.1129e-09 2.71935e-09 6.46593e-09 1.49579e-08 3.36599e-08 7.36722e-08 1.56821e-07 3.24634e-07 6.53552e-07 1.27965e-06 2.43715e-06 4.51588e-06 8.14306e-06 1.42944e-05 2.44372e-05 4.0705e-05 6.60968e-05 0.000104686 0.000161816 0.000244251 0.00036023 0.000519388 0.000732484 0.00101089 0.00136583 0.00180734 0.00234308 0.00297692 0.00370771 0.0045282 0.00542441 0.00637573 0.0073558 0.00833411 0.0092784 0.0101572 0.0109422 0.0116102 0.0121439 0.0125316 0.0127665 0.0128452 0.0127665 0.0125316 0.0121439 0.0116102 0.0109422 0.0101572 0.0092784 0.00833411 0.0073558 0.00637573 0.00542441 0.0045282 0.00370771 0.00297692 0.00234308 0.00180734 0.00136583 0.00101089 0.000732484 0.000519388 0.00036023 0.000244251 0.000161816 0.000104686 6.60968e-05 4.0705e-05 2.44372e-05 1.42944e-05 8.14306e-06 4.51588e-06 2.43715e-06 1.27965e-06 6.53552e-07 3.24634e-07 1.56821e-07 7.36722e-08 3.36599e-08 1.49579e-08 6.46593e-09 2.71935e-09 1.1129e-09 4.43297e-10 1.71902e-10 6.49116e-11 2.38744e-11 8.55574e-12 2.99056e-12 1.02753e-12 3.72018e-13 
4.93824e-13 8.37024e-13 2.2975e-12 6.64872e-12 1.89154e-11 5.24866e-11 1.41898e-10 3.73634e-10 9.5795e-10 2.39088e-09 5.80748e-09 1.37258e-08 3.15588e-08 7.05769e-08 1.53498e-07 3.24634e-07 6.67598e-07 1.33494e-06 2.59572e-06 4.90853e-06 9.02873e-06 1.61582e-05 2.81449e-05 4.77329e-05 7.88597e-05 0.000126982 0.000199404 0.000305556 0.000457181 0.00066834 0.000955176 0.00133536 0.00182714 0.00244805 0.00321319 0.00413327 0.00521253 0.00644681 0.00782208 0.00931374 0.0108869 0.0124982 0.0140981 0.0156351 0.0170596 0.0183277 0.0194036 0.0202612 0.020883 0.0212593 0.0213852 0.0212593 0.020883 0.0202612 0.0194036 0.0183277 0.0170596 0.0156351 0.0140981 0.0124982 0.0108869 0.00931374 0.00782208 0.00644681 0.00521253 0.00413327 0.00321319 0.00244805 0.00182714 0.00133536 0.000955176 0.00066834 0.000457181 0.000305556 0.000199404 0.000126982 7.88597e-05 4.77329e-05 2.81449e-05 1.61582e-05 9.02873e-06 4.90853e-06 2.59572e-06 1.33494e-06 6.67598e-07 3.24634e-07 1.53498e-07 7.05769e-08 3.15588e-08 1.37258e-08 5.80748e-09 2.39088e-09 9.5795e-10 3.73634e-10 1.41898e-10 5.24866e-11 1.89154e-11 6.64872e-12 2.2975e-12 8.37024e-13 
1.08763e-12 1.83528e-12 5.00561e-12 1.44016e-11 4.07386e-11 1.12394e-10 3.02097e-10 7.90797e-10 2.01549e-09 5.00012e-09 1.20715e-08 2.83547e-08 6.47858e-08 1.43962e-07 3.11075e-07 6.53552e-07 1.33494e-06 2.65095e-06 5.11818e-06 9.60833e-06 1.75417e-05 3.11529e-05 5.38349e-05 9.05622e-05 0.000148372 0.000236874 0.000368726 0.000560003 0.000830362 0.0012029 0.00170358 0.00236021 0.00320076 0.00425122 0.00553288 0.00705939 0.00883371 0.0108454 0.0130689 0.0154624 0.0179694 0.0205208 0.02304 0.0254481 0.0276701 0.0296405 0.0313071 0.0326319 0.0335909 0.0341703 0.034364 0.0341703 0.0335909 0.0326319 0.0313071 0.0296405 0.0276701 0.0254481 0.02304 0.0205208 0.0179694 0.0154624 0.0130689 0.0108454 0.00883371 0.00705939 0.00553288 0.00425122 0.00320076 0.00236021 0.00170358 0.0012029 0.000830362 0.000560003 0.000368726 0.000236874 0.000148372 9.05622e-05 5.38349e-05 3.11529e-05 1.75417e-05 9.60833e-06 5.11818e-06 2.65095e-06 1.33494e-06 6.53552e-07 3.11075e-07 1.43962e-07 6.47858e-08 2.83547e-08 1.20715e-08 5.00012e-09 2.01549e-09 7.90797e-10 3.02097e-10 1.12394e-10 4.07386e-11 1.44016e-11 5.00561e-12 1.83528e-12 
2.3349e-12 3.9221e-12 1.06282e-11 3.03973e-11 8.54861e-11 2.34465e-10 6.2647e-10 1.63006e-09 4.12922e-09 1.01808e-08 2.44254e-08 5.70091e-08 1.29418e-07 2.85702e-07 6.1324e-07 1.27965e-06 2.59572e-06 5.11818e-06 9.81014e-06 1.82799e-05 3.31191e-05 5.8357e-05 0.000100035 0.000166889 0.000271099 0.000429035 0.000661897 0.000996125 0.00146342 0.00210025 0.0029467 0.00404452 0.0054345 0.00715293 0.00922769 0.0116739 0.0144897 0.0176531 0.0211193 0.0248208 0.028669 0.0325591 0.0363768 0.0400062 0.0433394 0.0462832 0.0487644 0.0507315 0.0521522 0.0530095 0.0532959 0.0530095 0.0521522 0.0507315 0.0487644 0.0462832 0.0433394 0.0400062 0.0363768 0.0325591 0.028669 0.0248208 0.0211193 0.0176531 0.0144897 0.0116739 0.00922769 0.00715293 0.0054345 0.00404452 0.0029467 0.00210025 0.00146342 0.000996125 0.000661897 0.000429035 0.000271099 0.000166889 0.000100035 5.8357e-05 3.31191e-05 1.82799e-05 9.81014e-06 5.11818e-06 2.59572e-06 1.27965e-06 6.1324e-07 2.85702e-07 1.29418e-07 5.70091e-08 2.44254e-08 1.01808e-08 4.12922e-09 1.63006e-09 6.2647e-10 2.34465e-10 8.54861e-11 3.03973e-11 1.06282e-11 3.9221e-12 
4.88641e-12 8.17049e-12 2.19953e-11 6.25292e-11 1.74808e-10 4.76582e-10 1.26566e-09 3.27297e-09 8.2393e-09 2.01859e-08 4.81183e-08 1.11576e-07 2.51616e-07 5.51729e-07 1.17614e-06 2.43715e-06 4.90853e-06 9.60833e-06 1.82799e-05 3.38034e-05 6.07674e-05 0.000106218 0.000180583 0.000298725 0.000481051 0.000754533 0.00115347 0.0017198 0.00250273 0.00355755 0.00494343 0.00672015 0.00894389 0.011662 0.0149076 0.0186932 0.0230063 0.0278044 0.0330136 0.0385286 0.0442169 0.0499256 0.0554913 0.060752 0.0655585 0.0697848 0.0733338 0.0761389 0.0781604 0.0793783 0.0797849 0.0793783 0.0781604 0.0761389 0.0733338 0.0697848 0.0655585 0.060752 0.0554913 0.0499256 0.0442169 0.0385286 0.0330136 0.0278044 0.0230063 0.0186932 0.0149076 0.011662 0.00894389 0.00672015 0.00494343 0.00355755 0.00250273 0.0017198 0.00115347 0.000754533 0.000481051 0.000298725 0.000180583 0.000106218 6.07674e-05 3.38034e-05 1.82799e-05 9.60833e-06 4.90853e-06 2.43715e-06 1.17614e-06 5.51729e-07 2.51616e-07 1.11576e-07 4.81183e-08 2.01859e-08 8.2393e-09 3.27297e-09 1.26566e-09 4.76582e-10 1.74808e-10 6.25292e-11 2.19953e-11 8.17049e-12 
9.97042e-12 1.65944e-11 4.43762e-11 1.25383e-10 3.48409e-10 9.44085e-10 2.4917e-09 6.40296e-09 1.60157e-08 3.89833e-08 9.23141e-08 2.12623e-07 4.76224e-07 1.03701e-06 2.19506e-06 4.51588e-06 9.02873e-06 1.75417e-05 3.31191e-05 6.07674e-05 0.000108368 0.000187873 0.000316726 0.000519424 0.000829058 0.00128859 0.0019516 0.0028822 0.00415384 0.00584684 0.00804455 0.0108281 0.0142701 0.0184273 0.0233333 0.028991 0.0353666 0.0423856 0.0499312 0.0578466 0.0659416 0.0740025 0.0818063 0.0891362 0.0957964 0.101625 0.106499 0.11034 0.113101 0.114761 0.115315 0.114761 0.113101 0.11034 0.106499 0.101625 0.0957964 0.0891362 0.0818063 0.0740025 0.0659416 0.0578466 0.0499312 0.0423856 0.0353666 0.028991 0.0233333 0.0184273 0.0142701 0.0108281 0.00804455 0.00584684 0.00415384 0.0028822 0.0019516 0.00128859 0.000829058 0.000519424 0.000316726 0.000187873 0.000108368 6.07674e-05 3.31191e-05 1.75417e-05 9.02873e-06 4.51588e-06 2.19506e-06 1.03701e-06 4.76224e-07 2.12623e-07 9.23141e-08 3.89833e-08 1.60157e-08 6.40296e-09 2.4917e-09 9.44085e-10 3.48409e-10 1.25383e-10 4.43762e-11 1.65944e-11 
1.98382e-11 3.28648e-11 8.72964e-11 2.45126e-10 6.76981e-10 1.82306e-09 4.78124e-09 1.22077e-08 3.03357e-08 7.33487e-08 1.72519e-07 3.94624e-07 8.77676e-07 1.89759e-06 3.98756e-06 8.14306e-06 1.61582e-05 3.11529e-05 5.8357e-05 0.000106218 0.000187873 0.00032298 0.000539824 0.000877513 0.00138797 0.00213735 0.00320641 0.00468954 0.006692 0.00932539 0.0127013 0.0169234 0.0220784 0.0282269 0.0353936 0.0435594 0.052655 0.0625577 0.073092 0.0840342 0.0951228 0.106073 0.116594 0.126409 0.135274 0.142992 0.149419 0.154465 0.158082 0.160254 0.160978 0.160254 0.158082 0.154465 0.149419 0.142992 0.135274 0.126409 0.116594 0.106073 0.0951228 0.0840342 0.073092 0.0625577 0.052655 0.0435594 0.0353936 0.0282269 0.0220784 0.0169234 0.0127013 0.00932539 0.006692 0.00468954 0.00320641 0.00213735 0.00138797 0.000877513 0.000539824 0.00032298 0.000187873 0.000106218 5.8357e-05 3.11529e-05 1.61582e-05 8.14306e-06 3.98756e-06 1.89759e-06 8.77676e-07 3.94624e-07 1.72519e-07 7.33487e-08 3.03357e-08 1.22077e-08 4.78124e-09 1.82306e-09 6.76981e-10 2.45126e-10 8.72964e-11 3.28648e-11 
3.84965e-11 6.34787e-11 1.67476e-10 4.67331e-10 1.28269e-09 3.43253e-09 8.94477e-09 2.26892e-08 5.60072e-08 1.34502e-07 3.14166e-07 7.13567e-07 1.57564e-06 3.38171e-06 7.05333e-06 1.42944e-05 2.81449e-05 5.38349e-05 0.000100035 0.000180583 0.000316726 0.000539824 0.000894331 0.00144071 0.0022578 0.003444 0.00511677 0.00740976 0.0104676 0.0144381 0.0194624 0.0256639 0.0331361 0.0419315 0.0520505 0.0634341 0.0759585 0.0894338 0.103608 0.118177 0.132797 0.147105 0.160741 0.173369 0.184701 0.194512 0.202644 0.209005 0.213551 0.216276 0.217183 0.216276 0.213551 0.209005 0.202644 0.194512 0.184701 0.173369 0.160741 0.147105 0.132797 0.118177 0.103608 0.0894338 0.0759585 0.0634341 0.0520505 0.0419315 0.0331361 0.0256639 0.0194624 0.0144381 0.0104676 0.00740976 0.00511677 0.003444 0.0022578 0.00144071 0.000894331 0.000539824 0.000316726 0.000180583 0.000100035 5.38349e-05 2.81449e-05 1.42944e-05 7.05333e-06 3.38171e-06 1.57564e-06 7.13567e-07 3.14166e-07 1.34502e-07 5.60072e-08 2.26892e-08 8.94477e-09 3.43253e-09 1.28269e-09 4.67331e-10 1.67476e-10 6.34787e-11 
7.28667e-11 1.19596e-10 3.13396e-10 8.69032e-10 2.37041e-09 6.30321e-09 1.63193e-08 4.11219e-08 1.00822e-07 2.40453e-07 5.57685e-07 1.25756e-06 2.75642e-06 5.87161e-06 1.21529e-05 2.44372e-05 4.77329e-05 9.05622e-05 0.000166889 0.000298725 0.000519424 0.000877513 0.00144071 0.00229955 0.00356983 0.00539297 0.00793357 0.0113736 0.0159029 0.0217075 0.0289545 0.037778 0.0482636 0.0604362 0.0742499 0.089582 0.106231 0.12392 0.142305 0.16099 0.179544 0.197528 0.214516 0.230125 0.244036 0.256007 0.265879 0.273567 0.279047 0.282323 0.283413 0.282323 0.279047 0.273567 0.265879 0.256007 0.244036 0.230125 0.214516 0.197528 0.179544 0.16099 0.142305 0.12392 0.106231 0.089582 0.0742499 0.0604362 0.0482636 0.037778 0.0289545 0.0217075 0.0159029 0.0113736 0.00793357 0.00539297 0.00356983 0.00229955 0.00144071 0.000877513 0.000519424 0.000298725 0.000166889 9.05622e-05 4.77329e-05 2.44372e-05 1.21529e-05 5.87161e-06 2.75642e-06 1.25756e-06 5.57685e-07 2.40453e-07 1.00822e-07 4.11219e-08 1.63193e-08 6.30321e-09 2.37041e-09 8.69032e-10 3.13396e-10 1.19596e-10 
1.34548e-10 2.19818e-10 5.72132e-10 1.57654e-09 4.27347e-09 1.12915e-08 2.90441e-08 7.26984e-08 1.77023e-07 4.19234e-07 9.65368e-07 2.1609e-06 4.70095e-06 9.93699e-06 2.04063e-05 4.0705e-05 7.88597e-05 0.000148372 0.000271099 0.000481051 0.000829058 0.00138797 0.0022578 0.00356983 0.00548858 0.00821029 0.0119572 0.0169667 0.023477 0.0317081 0.041843 0.0540086 0.0682592 0.0845649 0.102804 0.122762 0.144136 0.166543 0.189537 0.212624 0.235293 0.257037 0.277384 0.295921 0.312317 0.326335 0.337831 0.346745 0.353075 0.356852 0.358107 0.356852 0.353075 0.346745 0.337831 0.326335 0.312317 0.295921 0.277384 0.257037 0.235293 0.212624 0.189537 0.166543 0.144136 0.122762 0.102804 0.0845649 0.0682592 0.0540086 0.041843 0.0317081 0.023477 0.0169667 0.0119572 0.00821029 0.00548858 0.00356983 0.0022578 0.00138797 0.000829058 0.000481051 0.000271099 0.000148372 7.88597e-05 4.0705e-05 2.04063e-05 9.93699e-06 4.70095e-06 2.1609e-06 9.65368e-07 4.19234e-07 1.77023e-07 7.26984e-08 2.90441e-08 1.12915e-08 4.27347e-09 1.57654e-09 5.72132e-10 2.19818e-10 
2.42386e-10 3.94197e-10 1.01912e-09 2.79071e-09 7.51765e-09 1.97373e-08 5.04376e-08 1.25402e-07 3.03259e-07 7.1312e-07 1.6302e-06 3.62195e-06 7.81936e-06 1.63997e-05 3.34088e-05 6.60968e-05 0.000126982 0.000236874 0.000429035 0.000754533 0.00128859 0.00213735 0.003444 0.00539297 0.00821029 0.0121588 0.0175271 0.0246121 0.0336966 0.045024 0.0587728 0.0750358 0.0938033 0.114955 0.13826 0.163383 0.189896 0.217297 0.245034 0.272528 0.299199 0.324497 0.347929 0.369082 0.387639 0.403393 0.416236 0.426146 0.433158 0.43733 0.438715 0.43733 0.433158 0.426146 0.416236 0.403393 0.387639 0.369082 0.347929 0.324497 0.299199 0.272528 0.245034 0.217297 0.189896 0.163383 0.13826 0.114955 0.0938033 0.0750358 0.0587728 0.045024 0.0336966 0.0246121 0.0175271 0.0121588 0.00821029 0.00539297 0.003444 0.00213735 0.00128859 0.000754533 0.000429035 0.000236874 0.000126982 6.60968e-05 3.34088e-05 1.63997e-05 7.81936e-06 3.62195e-06 1.6302e-06 7.1312e-07 3.03259e-07 1.25402e-07 5.04376e-08 1.97373e-08 7.51765e-09 2.79071e-09 1.01912e-09 3.94197e-10 
4.26043e-10 6.8978e-10 1.77147e-09 4.82089e-09 1.29065e-08 3.36717e-08 8.54873e-08 2.11124e-07 5.07044e-07 1.18387e-06 2.6866e-06 5.92428e-06 1.26912e-05 2.64068e-05 5.3358e-05 0.000104686 0.000199404 0.000368726 0.000661897 0.00115347 0.0019516 0.00320641 0.00511677 0.00793357 0.0119572 0.0175271 0.0250036 0.0347407 0.0470549 0.0621916 0.0802953 0.101387 0.125353 0.151942 0.180777 0.211376 0.243172 0.27554 0.307833 0.339403 0.369634 0.397967 0.423921 0.447119 0.467293 0.484287 0.498052 0.508617 0.516063 0.520481 0.521945 0.520481 0.516063 0.508617 0.498052 0.484287 0.467293 0.447119 0.423921 0.397967 0.369634 0.339403 0.307833 0.27554 0.243172 0.211376 0.180777 0.151942 0.125353 0.101387 0.0802953 0.0621916 0.0470549 0.0347407 0.0250036 0.0175271 0.0119572 0.00793357 0.00511677 0.00320641 0.0019516 0.00115347 0.000661897 0.000368726 0.000199404 0.000104686 5.3358e-05 2.64068e-05 1.26912e-05 5.92428e-06 2.6866e-06 1.18387e-06 5.07044e-07 2.11124e-07 8.54873e-08 3.36717e-08 1.29065e-08 4.82089e-09 1.77147e-09 6.8978e-10 
7.30697e-10 1.17784e-09 3.00514e-09 8.12835e-09 2.16288e-08 5.60747e-08 1.41448e-07 3.47007e-07 8.27667e-07 1.9188e-06 4.3226e-06 9.46009e-06 2.01085e-05 4.15061e-05 8.3179e-05 0.000161816 0.000305556 0.000560003 0.000996125 0.0017198 0.0028822 0.00468954 0.00740976 0.0113736 0.0169667 0.0246121 0.0347407 0.0477535 0.0639797 0.0836352 0.10679 0.133348 0.163045 0.195459 0.230036 0.266127 0.303021 0.339983 0.376294 0.411272 0.444303 0.474862 0.502525 0.526987 0.548057 0.565659 0.579816 0.59062 0.598201 0.602686 0.60417 0.602686 0.598201 0.59062 0.579816 0.565659 0.548057 0.526987 0.502525 0.474862 0.444303 0.411272 0.376294 0.339983 0.303021 0.266127 0.230036 0.195459 0.163045 0.133348 0.10679 0.0836352 0.0639797 0.0477535 0.0347407 0.0246121 0.0169667 0.0113736 0.00740976 0.00468954 0.0028822 0.0017198 0.000996125 0.000560003 0.000305556 0.000161816 8.3179e-05 4.15061e-05 2.01085e-05 9.46009e-06 4.3226e-06 1.9188e-06 8.27667e-07 3.47007e-07 1.41448e-07 5.60747e-08 2.16288e-08 8.12835e-09 3.00514e-09 1.17784e-09 
1.22284e-09 1.96271e-09 4.97568e-09 1.33778e-08 3.5384e-08 9.11727e-08 2.28522e-07 5.56938e-07 1.31936e-06 3.03721e-06 6.79239e-06 1.47536e-05 3.11171e-05 6.37144e-05 0.00012663 0.000244251 0.000457181 0.000830362 0.00146342 0.00250273 0.00415384 0.006692 0.0104676 0.0159029 0.023477 0.0336966 0.0470549 0.0639797 0.084781 0.109604 0.138394 0.170891 0.206632 0.244989 0.285209 0.32647 0.36793 0.408771 0.448237 0.48566 0.520477 0.552242 0.580631 0.605445 0.626598 0.64411 0.658088 0.668688 0.67609 0.680455 0.681897 0.680455 0.67609 0.668688 0.658088 0.64411 0.626598 0.605445 0.580631 0.552242 0.520477 0.48566 0.448237 0.408771 0.36793 0.32647 0.285209 0.244989 0.206632 0.170891 0.138394 0.109604 0.084781 0.0639797 0.0470549 0.0336966 0.023477 0.0159029 0.0104676 0.006692 0.00415384 0.00250273 0.00146342 0.000830362 0.000457181 0.000244251 0.00012663 6.37144e-05 3.11171e-05 1.47536e-05 6.79239e-06 3.03721e-06 1.31936e-06 5.56938e-07 2.28522e-07 9.11727e-08 3.5384e-08 1.33778e-08 4.97568e-09 1.96271e-09 
1.99688e-09 3.19177e-09 8.0411e-09 2.14933e-08 5.65171e-08 1.44749e-07 3.60551e-07 8.73038e-07 2.05435e-06 4.69637e-06 1.04274e-05 2.24804e-05 4.7048e-05 9.55649e-05 0.000188364 0.00036023 0.00066834 0.0012029 0.00210025 0.00355755 0.00584684 0.00932539 0.0144381 0.0217075 0.0317081 0.045024 0.0621916 0.0836352 0.109604 0.14012 0.174957 0.213635 0.255458 0.299563 0.344995 0.39077 0.435942 0.479653 0.521162 0.559866 0.595303 0.627153 0.655227 0.679458 0.699883 0.716629 0.729882 0.739865 0.746799 0.750875 0.752218 0.750875 0.746799 0.739865 0.729882 0.716629 0.699883 0.679458 0.655227 0.627153 0.595303 0.559866 0.521162 0.479653 0.435942 0.39077 0.344995 0.299563 0.255458 0.213635 0.174957 0.14012 0.109604 0.0836352 0.0621916 0.045024 0.0317081 0.0217075 0.0144381 0.00932539 0.00584684 0.00355755 0.00210025 0.0012029 0.00066834 0.00036023 0.000188364 9.55649e-05 4.7048e-05 2.24804e-05 1.04274e-05 4.69637e-06 2.05435e-06 8.73038e-07 3.60551e-07 1.44749e-07 5.65171e-08 2.14933e-08 8.0411e-09 3.19177e-09 
3.18178e-09 5.06532e-09 1.26842e-08 3.37115e-08 8.81416e-08 2.24423e-07 5.55612e-07 1.33688e-06 3.12521e-06 7.0958e-06 1.56435e-05 3.34781e-05 6.95306e-05 0.000140115 0.000273913 0.000519388 0.000955176 0.00170358 0.0029467 0.00494343 0.00804455 0.0127013 0.0194624 0.0289545 0.041843 0.0587728 0.0802953 0.10679 0.138394 0.174957 0.216022 0.260853 0.30849 0.357832 0.40773 0.45707 0.504851 0.550226 0.592525 0.631265 0.666134 0.696971 0.723748 0.746547 0.765532 0.780931 0.793008 0.802037 0.808273 0.811924 0.813125 0.811924 0.808273 0.802037 0.793008 0.780931 0.765532 0.746547 0.723748 0.696971 0.666134 0.631265 0.592525 0.550226 0.504851 0.45707 0.40773 0.357832 0.30849 0.260853 0.216022 0.174957 0.138394 0.10679 0.0802953 0.0587728 0.041843 0.0289545 0.0194624 0.0127013 0.00804455 0.00494343 0.0029467 0.00170358 0.000955176 0.000519388 0.000273913 0.000140115 6.95306e-05 3.34781e-05 1.56435e-05 7.0958e-06 3.12521e-06 1.33688e-06 5.55612e-07 2.24423e-07 8.81416e-08 3.37115e-08 1.26842e-08 5.06532e-09 
4.94658e-09 7.84452e-09 1.95293e-08 5.16201e-08 1.34224e-07 3.39818e-07 8.36347e-07 2.00004e-06 4.64569e-06 1.04781e-05 2.29407e-05 4.87417e-05 0.000100474 0.000200897 0.000389562 0.000732484 0.00133536 0.00236021 0.00404452 0.00672015 0.0108281 0.0169234 0.0256639 0.037778 0.0540086 0.0750358 0.101387 0.133348 0.170891 0.213635 0.260853 0.311521 0.364407 0.418185 0.471544 0.523294 0.572431 0.618181 0.660007 0.69759 0.730802 0.759668 0.784333 0.805024 0.822026 0.835657 0.84624 0.854089 0.859476 0.862616 0.863647 0.862616 0.859476 0.854089 0.84624 0.835657 0.822026 0.805024 0.784333 0.759668 0.730802 0.69759 0.660007 0.618181 0.572431 0.523294 0.471544 0.418185 0.364407 0.311521 0.260853 0.213635 0.170891 0.133348 0.101387 0.0750358 0.0540086 0.037778 0.0256639 0.0169234 0.0108281 0.00672015 0.00404452 0.00236021 0.00133536 0.000732484 0.000389562 0.000200897 0.000100474 4.87417e-05 2.29407e-05 1.04781e-05 4.64569e-06 2.00004e-06 8.36347e-07 3.39818e-07 1.34224e-07 5.16201e-08 1.95293e-08 7.84452e-09 
7.50284e-09 1.18546e-08 2.93479e-08 7.71649e-08 1.99587e-07 5.02543e-07 1.22982e-06 2.92362e-06 6.74913e-06 1.51245e-05 3.28916e-05 6.93959e-05 0.000142008 0.000281786 0.000542091 0.00101089 0.00182714 0.00320076 0.0054345 0.00894389 0.0142701 0.0220784 0.0331361 0.0482636 0.0682592 0.0938033 0.125353 0.163045 0.206632 0.255458 0.30849 0.364407 0.421719 0.478906 0.534552 0.587449 0.636659 0.681542 0.721739 0.757135 0.787808 0.813974 0.835943 0.854079 0.868767 0.880393 0.889322 0.895884 0.900357 0.902953 0.903803 0.902953 0.900357 0.895884 0.889322 0.880393 0.868767 0.854079 0.835943 0.813974 0.787808 0.757135 0.721739 0.681542 0.636659 0.587449 0.534552 0.478906 0.421719 0.364407 0.30849 0.255458 0.206632 0.163045 0.125353 0.0938033 0.0682592 0.0482636 0.0331361 0.0220784 0.0142701 0.00894389 0.0054345 0.00320076 0.00182714 0.00101089 0.000542091 0.000281786 0.000142008 6.93959e-05 3.28916e-05 1.51245e-05 6.74913e-06 2.92362e-06 1.22982e-06 5.02543e-07 1.99587e-07 7.71649e-08 2.93479e-08 1.18546e-08 
1.11018e-08 1.74798e-08 4.30439e-08 1.12608e-07 2.89792e-07 7.25865e-07 1.76669e-06 4.17608e-06 9.58339e-06 2.13432e-05 4.61159e-05 9.66403e-05 0.000196365 0.000386777 0.000738348 0.00136583 0.00244805 0.00425122 0.00715293 0.011662 0.0184273 0.0282269 0.0419315 0.0604362 0.0845649 0.114955 0.151942 0.195459 0.244989 0.299563 0.357832 0.418185 0.478906 0.53834 0.595028 0.647816 0.695899 0.738822 0.776442 0.808868 0.836385 0.859393 0.878348 0.893725 0.905982 0.915548 0.922808 0.92809 0.931664 0.933727 0.934401 0.933727 0.931664 0.92809 0.922808 0.915548 0.905982 0.893725 0.878348 0.859393 0.836385 0.808868 0.776442 0.738822 0.695899 0.647816 0.595028 0.53834 0.478906 0.418185 0.357832 0.299563 0.244989 0.195459 0.151942 0.114955 0.0845649 0.0604362 0.0419315 0.0282269 0.0184273 0.011662 0.00715293 0.00425122 0.00244805 0.00136583 0.000738348 0.000386777 0.000196365 9.66403e-05 4.61159e-05 2.13432e-05 9.58339e-06 4.17608e-06 1.76669e-06 7.25865e-07 2.89792e-07 1.12608e-07 4.30439e-08 1.74798e-08 
1.60239e-08 2.51465e-08 6.16113e-08 1.60416e-07 4.10848e-07 1.02398e-06 2.47941e-06 5.82916e-06 1.33014e-05 2.94488e-05 6.32361e-05 0.00013166 0.00026571 0.000519656 0.000984655 0.00180734 0.00321319 0.00553288 0.00922769 0.0149076 0.0233333 0.0353936 0.0520505 0.0742499 0.102804 0.13826 0.180777 0.230036 0.285209 0.344995 0.40773 0.471544 0.534552 0.595028 0.651549 0.703082 0.749011 0.789109 0.82347 0.852425 0.876456 0.896121 0.911995 0.924628 0.934524 0.94213 0.947826 0.951926 0.954676 0.956254 0.956768 0.956254 0.954676 0.951926 0.947826 0.94213 0.934524 0.924628 0.911995 0.896121 0.876456 0.852425 0.82347 0.789109 0.749011 0.703082 0.651549 0.595028 0.534552 0.471544 0.40773 0.344995 0.285209 0.230036 0.180777 0.13826 0.102804 0.0742499 0.0520505 0.0353936 0.0233333 0.0149076 0.00922769 0.00553288 0.00321319 0.00180734 0.000984655 0.000519656 0.00026571 0.00013166 6.32361e-05 2.94488e-05 1.33014e-05 5.82916e-06 2.47941e-06 1.02398e-06 4.10848e-07 1.60416e-07 6.16113e-08 2.51465e-08 
2.25583e-08 3.52917e-08 8.60586e-08 2.23065e-07 5.68726e-07 1.41085e-06 3.39947e-06 7.95146e-06 1.80473e-05 3.97321e-05 8.4817e-05 0.000175505 0.00035191 0.000683582 0.00128608 0.00234308 0.00413327 0.00705939 0.0116739 0.0186932 0.028991 0.0435594 0.0634341 0.089582 0.122762 0.163383 0.211376 0.266127 0.32647 0.39077 0.45707 0.523294 0.587449 0.647816 0.703082 0.752399 0.795385 0.832061 0.862761 0.888025 0.908506 0.924883 0.937813 0.947892 0.955639 0.961492 0.965811 0.968882 0.970923 0.972086 0.972464 0.972086 0.970923 0.968882 0.965811 0.961492 0.955639 0.947892 0.937813 0.924883 0.908506 0.888025 0.862761 0.832061 0.795385 0.752399 0.703082 0.647816 0.587449 0.523294 0.45707 0.39077 0.32647 0.266127 0.211376 0.163383 0.122762 0.089582 0.0634341 0.0435594 0.028991 0.0186932 0.0116739 0.00705939 0.00413327 0.00234308 0.00128608 0.000683582 0.00035191 0.000175505 8.4817e-05 3.97321e-05 1.80473e-05 7.95146e-06 3.39947e-06 1.41085e-06 5.68726e-07 2.23065e-07 8.60586e-08 3.52917e-08 
