0.00104661 0.00106248 0.00111028 0.0011906 0.00130442 0.00145306 0.00163822 0.00186187 0.0021263 0.00243399 0.00278764 0.00319004 0.00364406 0.00415258 0.00471838 0.0053441 0.00603214 0.00678458 0.00760312 0.00848896 0.00944276 0.0104645 0.0115536 0.0127085 0.013927 0.0152059 0.0165413 0.0179282 0.0193608 0.0208325 0.0223357 0.023862 0.0254023 0.026947 0.0284856 0.0300074 0.0315013 0.032956 0.0343599 0.0357019 0.0369708 0.0381559 0.0392468 0.040234 0.0411087 0.0418629 0.0424898 0.0429836 0.0433396 0.0435545 0.0436264 0.0435545 0.0433396 0.0429836 0.0424898 0.0418629 0.0411087 0.040234 0.0392468 0.0381559 0.0369708 0.0357019 0.0343599 0.032956 0.0315013 0.0300074 0.0284856 0.026947 0.0254023 0.023862 0.0223357 0.0208325 0.0193608 0.0179282 0.0165413 0.0152059 0.013927 0.0127085 0.0115536 0.0104645 0.00944276 0.00848896 0.00760312 0.00678458 0.00603214 0.0053441 0.00471838 0.00415258 0.00364406 0.00319004 0.00278764 0.00243399 0.0021263 0.00186187 0.00163822 0.00145306 0.00130442 0.0011906 0.00111028 0.00106248 
0.00106248 0.00107857 0.00112704 0.00120847 0.00132387 0.00147457 0.00166227 0.001889 0.00215703 0.00246889 0.0028273 0.00323508 0.00369514 0.00421036 0.00478356 0.00541739 0.00611429 0.00687634 0.00770524 0.0086022 0.00956787 0.0106023 0.0117046 0.0128736 0.0141067 0.0154009 0.0167521 0.0181553 0.0196046 0.0210933 0.0226137 0.0241574 0.0257152 0.0272772 0.0288329 0.0303716 0.031882 0.0333525 0.0347718 0.0361283 0.0374109 0.0386086 0.0397112 0.0407089 0.0415929 0.0423551 0.0429886 0.0434875 0.0438473 0.0440645 0.0441371 0.0440645 0.0438473 0.0434875 0.0429886 0.0423551 0.0415929 0.0407089 0.0397112 0.0386086 0.0374109 0.0361283 0.0347718 0.0333525 0.031882 0.0303716 0.0288329 0.0272772 0.0257152 0.0241574 0.0226137 0.0210933 0.0196046 0.0181553 0.0167521 0.0154009 0.0141067 0.0128736 0.0117046 0.0106023 0.00956787 0.0086022 0.00770524 0.00687634 0.00611429 0.00541739 0.00478356 0.00421036 0.00369514 0.00323508 0.0028273 0.00246889 0.00215703 0.001889 0.00166227 0.00147457 0.00132387 0.00120847 0.00112704 0.00107857 
0.00111028 0.00112704 0.00117751 0.00126231 0.00138246 0.00153935 0.00173473 0.00197068 0.00224956 0.00257397 0.0029467 0.00337068 0.00384887 0.00438425 0.00497971 0.00563796 0.00636148 0.00715242 0.00801247 0.00894287 0.00994424 0.0110165 0.012159 0.0133701 0.0146473 0.0159873 0.017386 0.0188382 0.0203377 0.0218775 0.0234497 0.0250456 0.0266556 0.0282697 0.029877 0.0314663 0.033026 0.0345443 0.0360094 0.0374096 0.0387332 0.039969 0.0411066 0.0421358 0.0430476 0.0438337 0.0444871 0.0450016 0.0453726 0.0455966 0.0456715 0.0455966 0.0453726 0.0450016 0.0444871 0.0438337 0.0430476 0.0421358 0.0411066 0.039969 0.0387332 0.0374096 0.0360094 0.0345443 0.033026 0.0314663 0.029877 0.0282697 0.0266556 0.0250456 0.0234497 0.0218775 0.0203377 0.0188382 0.017386 0.0159873 0.0146473 0.0133701 0.012159 0.0110165 0.00994424 0.00894287 0.00801247 0.00715242 0.00636148 0.00563796 0.00497971 0.00438425 0.00384887 0.00337068 0.0029467 0.00257397 0.00224956 0.00197068 0.00173473 0.00153935 0.00138246 0.00126231 0.00117751 0.00112704 
0.0011906 0.00120847 0.00126231 0.00135275 0.00148087 0.00164814 0.00185639 0.00210782 0.00240489 0.00275034 0.00314709 0.0035982 0.00410678 0.00467594 0.00530868 0.00600784 0.00677596 0.00761525 0.00852747 0.00951383 0.0105749 0.0117107 0.0129202 0.0142017 0.0155526 0.0169694 0.0184475 0.0199815 0.0215648 0.02319 0.0248488 0.0265318 0.0282292 0.0299303 0.0316236 0.0332973 0.0349395 0.0365376 0.0380792 0.0395521 0.0409441 0.0422436 0.0434395 0.0445213 0.0454795 0.0463056 0.046992 0.0475325 0.0479223 0.0481575 0.0482362 0.0481575 0.0479223 0.0475325 0.046992 0.0463056 0.0454795 0.0445213 0.0434395 0.0422436 0.0409441 0.0395521 0.0380792 0.0365376 0.0349395 0.0332973 0.0316236 0.0299303 0.0282292 0.0265318 0.0248488 0.02319 0.0215648 0.0199815 0.0184475 0.0169694 0.0155526 0.0142017 0.0129202 0.0117107 0.0105749 0.00951383 0.00852747 0.00761525 0.00677596 0.00600784 0.00530868 0.00467594 0.00410678 0.0035982 0.00314709 0.00275034 0.00240489 0.00210782 0.00185639 0.00164814 0.00148087 0.00135275 0.00126231 0.00120847 
0.00130442 0.00132387 0.00138246 0.00148087 0.00162026 0.00180219 0.00202863 0.00230191 0.00262467 0.00299982 0.00343048 0.0039199 0.00447137 0.00508819 0.00577353 0.00653036 0.00736136 0.00826882 0.00925454 0.0103198 0.011465 0.0126901 0.0139939 0.0153746 0.0168293 0.018354 0.0199438 0.0215928 0.0232939 0.0250391 0.0268194 0.028625 0.0304451 0.0322682 0.0340822 0.0358746 0.0376323 0.0393423 0.0409913 0.0425662 0.0440542 0.0454429 0.0467205 0.047876 0.0488993 0.0497813 0.0505141 0.0510911 0.051507 0.0517581 0.0518421 0.0517581 0.051507 0.0510911 0.0505141 0.0497813 0.0488993 0.047876 0.0467205 0.0454429 0.0440542 0.0425662 0.0409913 0.0393423 0.0376323 0.0358746 0.0340822 0.0322682 0.0304451 0.028625 0.0268194 0.0250391 0.0232939 0.0215928 0.0199438 0.018354 0.0168293 0.0153746 0.0139939 0.0126901 0.011465 0.0103198 0.00925454 0.00826882 0.00736136 0.00653036 0.00577353 0.00508819 0.00447137 0.0039199 0.00343048 0.00299982 0.00262467 0.00230191 0.00202863 0.00180219 0.00162026 0.00148087 0.00138246 0.00132387 
0.00145306 0.00147457 0.00153935 0.00164814 0.00180219 0.0020032 0.0022533 0.002555 0.00291117 0.00332494 0.00379968 0.00433887 0.00494606 0.00562478 0.0063784 0.00721008 0.00812267 0.00911854 0.0101996 0.011367 0.0126212 0.013962 0.0153881 0.0168972 0.0184861 0.0201504 0.0218846 0.0236823 0.0255356 0.0274359 0.0293732 0.0313369 0.0333153 0.0352959 0.0372657 0.0392109 0.0411178 0.042972 0.0447593 0.0464657 0.0480773 0.0495809 0.0509637 0.0522141 0.0533211 0.0542751 0.0550676 0.0556915 0.0561412 0.0564127 0.0565034 0.0564127 0.0561412 0.0556915 0.0550676 0.0542751 0.0533211 0.0522141 0.0509637 0.0495809 0.0480773 0.0464657 0.0447593 0.042972 0.0411178 0.0392109 0.0372657 0.0352959 0.0333153 0.0313369 0.0293732 0.0274359 0.0255356 0.0236823 0.0218846 0.0201504 0.0184861 0.0168972 0.0153881 0.013962 0.0126212 0.011367 0.0101996 0.00911854 0.00812267 0.00721008 0.0063784 0.00562478 0.00494606 0.00433887 0.00379968 0.00332494 0.00291117 0.002555 0.0022533 0.0020032 0.00180219 0.00164814 0.00153935 0.00147457 
0.00163822 0.00166227 0.00173473 0.00185639 0.00202863 0.0022533 0.00253272 0.00286966 0.00326722 0.00372884 0.00425816 0.00485897 0.00553512 0.0062904 0.00712846 0.00805268 0.00906608 0.0101712 0.0113699 0.0126634 0.0140522 0.0155356 0.0171123 0.0187796 0.0205338 0.0223699 0.0242819 0.0262625 0.028303 0.0303938 0.0325241 0.034682 0.0368548 0.0390287 0.0411895 0.0433223 0.045412 0.0474429 0.0493997 0.0512671 0.0530301 0.0546743 0.0561861 0.0575525 0.0587621 0.0598041 0.0606696 0.0613509 0.0618419 0.0621383 0.0622373 0.0621383 0.0618419 0.0613509 0.0606696 0.0598041 0.0587621 0.0575525 0.0561861 0.0546743 0.0530301 0.0512671 0.0493997 0.0474429 0.045412 0.0433223 0.0411895 0.0390287 0.0368548 0.034682 0.0325241 0.0303938 0.028303 0.0262625 0.0242819 0.0223699 0.0205338 0.0187796 0.0171123 0.0155356 0.0140522 0.0126634 0.0113699 0.0101712 0.00906608 0.00805268 0.00712846 0.0062904 0.00553512 0.00485897 0.00425816 0.00372884 0.00326722 0.00286966 0.00253272 0.0022533 0.00202863 0.00185639 0.00173473 0.00166227 
0.00186187 0.001889 0.00197068 0.00210782 0.00230191 0.002555 0.00286966 0.00324891 0.00369617 0.00421521 0.00481001 0.00548473 0.00624354 0.00709058 0.00802978 0.00906479 0.0101988 0.0114345 0.0127739 0.0142182 0.0157676 0.0174214 0.0191778 0.0210338 0.022985 0.0250259 0.0271496 0.0293478 0.0316111 0.0339286 0.0362882 0.0386769 0.0410804 0.0434839 0.0458714 0.0482267 0.050533 0.0527735 0.0549311 0.0569892 0.0589315 0.0607422 0.0624064 0.0639103 0.065241 0.0663873 0.0673391 0.0680882 0.068628 0.0689539 0.0690628 0.0689539 0.068628 0.0680882 0.0673391 0.0663873 0.065241 0.0639103 0.0624064 0.0607422 0.0589315 0.0569892 0.0549311 0.0527735 0.050533 0.0482267 0.0458714 0.0434839 0.0410804 0.0386769 0.0362882 0.0339286 0.0316111 0.0293478 0.0271496 0.0250259 0.022985 0.0210338 0.0191778 0.0174214 0.0157676 0.0142182 0.0127739 0.0114345 0.0101988 0.00906479 0.00802978 0.00709058 0.00624354 0.00548473 0.00481001 0.00421521 0.00369617 0.00324891 0.00286966 0.002555 0.00230191 0.00210782 0.00197068 0.001889 
0.0021263 0.00215703 0.00224956 0.00240489 0.00262467 0.00291117 0.00326722 0.00369617 0.0042018 0.00478823 0.00545987 0.00622125 0.00707697 0.00803151 0.00908916 0.0102539 0.011529 0.0129175 0.0144213 0.0160416 0.0177785 0.0196311 0.0215971 0.0236729 0.0258536 0.0281328 0.0305028 0.0329542 0.0354763 0.038057 0.0406829 0.0433393 0.0460106 0.04868 0.0513302 0.0539431 0.0565004 0.0589832 0.0613732 0.0636518 0.0658013 0.0678044 0.0696447 0.0713072 0.0727779 0.0740444 0.0750959 0.0759232 0.0765194 0.0768792 0.0769995 0.0768792 0.0765194 0.0759232 0.0750959 0.0740444 0.0727779 0.0713072 0.0696447 0.0678044 0.0658013 0.0636518 0.0613732 0.0589832 0.0565004 0.0539431 0.0513302 0.04868 0.0460106 0.0433393 0.0406829 0.038057 0.0354763 0.0329542 0.0305028 0.0281328 0.0258536 0.0236729 0.0215971 0.0196311 0.0177785 0.0160416 0.0144213 0.0129175 0.011529 0.0102539 0.00908916 0.00803151 0.00707697 0.00622125 0.00545987 0.00478823 0.0042018 0.00369617 0.00326722 0.00291117 0.00262467 0.00240489 0.00224956 0.00215703 
0.00243399 0.00246889 0.00257397 0.00275034 0.00299982 0.00332494 0.00372884 0.00421521 0.00478823 0.00545247 0.00621276 0.00707411 0.00804152 0.00911993 0.010314 0.0116279 0.0130654 0.0146294 0.0163221 0.0181445 0.0200966 0.0221771 0.0243832 0.0267108 0.0291542 0.0317061 0.0343576 0.0370982 0.0399158 0.0427968 0.0457263 0.0486879 0.0516641 0.0546364 0.0575855 0.0604914 0.0633338 0.0660921 0.0687458 0.0712747 0.0736593 0.0758806 0.0779207 0.079763 0.0813923 0.082795 0.0839594 0.0848754 0.0855354 0.0859336 0.0860668 0.0859336 0.0855354 0.0848754 0.0839594 0.082795 0.0813923 0.079763 0.0779207 0.0758806 0.0736593 0.0712747 0.0687458 0.0660921 0.0633338 0.0604914 0.0575855 0.0546364 0.0516641 0.0486879 0.0457263 0.0427968 0.0399158 0.0370982 0.0343576 0.0317061 0.0291542 0.0267108 0.0243832 0.0221771 0.0200966 0.0181445 0.0163221 0.0146294 0.0130654 0.0116279 0.010314 0.00911993 0.00804152 0.00707411 0.00621276 0.00545247 0.00478823 0.00421521 0.00372884 0.00332494 0.00299982 0.00275034 0.00257397 0.00246889 
0.00278764 0.0028273 0.0029467 0.00314709 0.00343048 0.00379968 0.00425816 0.00481001 0.00545987 0.00621276 0.00707403 0.00804916 0.00914366 0.0103629 0.0117119 0.0131953 0.0148171 0.0165802 0.018487 0.0205383 0.022734 0.0250722 0.0275498 0.0301619 0.0329018 0.0357613 0.0387301 0.0417965 0.0449468 0.0481658 0.0514366 0.054741 0.0580596 0.0613718 0.0646561 0.0678904 0.0710523 0.074119 0.0770679 0.0798769 0.0825243 0.0849895 0.0872527 0.0892959 0.0911023 0.0926571 0.0939474 0.0949623 0.0956935 0.0961346 0.0962821 0.0961346 0.0956935 0.0949623 0.0939474 0.0926571 0.0911023 0.0892959 0.0872527 0.0849895 0.0825243 0.0798769 0.0770679 0.074119 0.0710523 0.0678904 0.0646561 0.0613718 0.0580596 0.054741 0.0514366 0.0481658 0.0449468 0.0417965 0.0387301 0.0357613 0.0329018 0.0301619 0.0275498 0.0250722 0.022734 0.0205383 0.018487 0.0165802 0.0148171 0.0131953 0.0117119 0.0103629 0.00914366 0.00804916 0.00707403 0.00621276 0.00545987 0.00481001 0.00425816 0.00379968 0.00343048 0.00314709 0.0029467 0.0028273 
0.00319004 0.00323508 0.00337068 0.0035982 0.0039199 0.00433887 0.00485897 0.00548473 0.00622125 0.00707411 0.00804916 0.00915245 0.01039 0.0117677 0.0132909 0.0149648 0.0167933 0.0187799 0.0209267 0.0232345 0.0257028 0.0283294 0.0311105 0.0340402 0.0371111 0.0403136 0.0436362 0.0470654 0.050586 0.0541808 0.0578309 0.0615162 0.0652148 0.0689039 0.0725597 0.0761578 0.0796733 0.0830811 0.0863565 0.0894749 0.0924127 0.0951471 0.0976567 0.0999214 0.101923 0.103646 0.105075 0.106199 0.107008 0.107497 0.10766 0.107497 0.107008 0.106199 0.105075 0.103646 0.101923 0.0999214 0.0976567 0.0951471 0.0924127 0.0894749 0.0863565 0.0830811 0.0796733 0.0761578 0.0725597 0.0689039 0.0652148 0.0615162 0.0578309 0.0541808 0.050586 0.0470654 0.0436362 0.0403136 0.0371111 0.0340402 0.0311105 0.0283294 0.0257028 0.0232345 0.0209267 0.0187799 0.0167933 0.0149648 0.0132909 0.0117677 0.01039 0.00915245 0.00804916 0.00707411 0.00622125 0.00548473 0.00485897 0.00433887 0.0039199 0.0035982 0.00337068 0.00323508 
0.00364406 0.00369514 0.00384887 0.00410678 0.00447137 0.00494606 0.00553512 0.00624354 0.00707697 0.00804152 0.00914366 0.01039 0.0117871 0.0133414 0.0150588 0.0169446 0.0190032 0.0212381 0.0236515 0.026244 0.0290147 0.0319609 0.035078 0.0383593 0.0417961 0.0453775 0.0490905 0.05292 0.0568486 0.0608572 0.0649248 0.0690287 0.0731448 0.0772478 0.0813112 0.0853082 0.0892111 0.0929926 0.0966252 0.100082 0.103337 0.106366 0.109144 0.111651 0.113866 0.115771 0.117352 0.118595 0.11949 0.12003 0.12021 0.12003 0.11949 0.118595 0.117352 0.115771 0.113866 0.111651 0.109144 0.106366 0.103337 0.100082 0.0966252 0.0929926 0.0892111 0.0853082 0.0813112 0.0772478 0.0731448 0.0690287 0.0649248 0.0608572 0.0568486 0.05292 0.0490905 0.0453775 0.0417961 0.0383593 0.035078 0.0319609 0.0290147 0.026244 0.0236515 0.0212381 0.0190032 0.0169446 0.0150588 0.0133414 0.0117871 0.01039 0.00914366 0.00804152 0.00707697 0.00624354 0.00553512 0.00494606 0.00447137 0.00410678 0.00384887 0.00369514 
0.00415258 0.00421036 0.00438425 0.00467594 0.00508819 0.00562478 0.0062904 0.00709058 0.00803151 0.00911993 0.0103629 0.0117677 0.0133414 0.015091 0.0170229 0.0191428 0.0214554 0.0239642 0.0266713 0.0295772 0.0326805 0.035978 0.0394641 0.0431312 0.0469692 0.0509657 0.0551061 0.0593731 0.0637476 0.0682081 0.0727311 0.0772914 0.0818622 0.0864156 0.0909223 0.0953526 0.0996764 0.103863 0.107883 0.111707 0.115306 0.118653 0.121723 0.124491 0.126936 0.12904 0.130784 0.132155 0.133143 0.133738 0.133937 0.133738 0.133143 0.132155 0.130784 0.12904 0.126936 0.124491 0.121723 0.118653 0.115306 0.111707 0.107883 0.103863 0.0996764 0.0953526 0.0909223 0.0864156 0.0818622 0.0772914 0.0727311 0.0682081 0.0637476 0.0593731 0.0551061 0.0509657 0.0469692 0.0431312 0.0394641 0.035978 0.0326805 0.0295772 0.0266713 0.0239642 0.0214554 0.0191428 0.0170229 0.015091 0.0133414 0.0117677 0.0103629 0.00911993 0.00803151 0.00709058 0.0062904 0.00562478 0.00508819 0.00467594 0.00438425 0.00421036 
0.00471838 0.00478356 0.00497971 0.00530868 0.00577353 0.0063784 0.00712846 0.00802978 0.00908916 0.010314 0.0117119 0.0132909 0.0150588 0.0170229 0.0191903 0.0215669 0.0241577 0.0269663 0.0299948 0.0332432 0.0367098 0.0403906 0.044279 0.0483662 0.0526408 0.0570886 0.0616932 0.0664353 0.0712933 0.0762432 0.0812592 0.086313 0.0913753 0.0964149 0.1014 0.106298 0.111075 0.115698 0.120135 0.124353 0.128321 0.13201 0.135392 0.138441 0.141134 0.143449 0.145368 0.146877 0.147963 0.148619 0.148838 0.148619 0.147963 0.146877 0.145368 0.143449 0.141134 0.138441 0.135392 0.13201 0.128321 0.124353 0.120135 0.115698 0.111075 0.106298 0.1014 0.0964149 0.0913753 0.086313 0.0812592 0.0762432 0.0712933 0.0664353 0.0616932 0.0570886 0.0526408 0.0483662 0.044279 0.0403906 0.0367098 0.0332432 0.0299948 0.0269663 0.0241577 0.0215669 0.0191903 0.0170229 0.0150588 0.0132909 0.0117119 0.010314 0.00908916 0.00802978 0.00712846 0.0063784 0.00577353 0.00530868 0.00497971 0.00478356 
0.0053441 0.00541739 0.00563796 0.00600784 0.00653036 0.00721008 0.00805268 0.00906479 0.0102539 0.0116279 0.0131953 0.0149648 0.0169446 0.0191428 0.0215669 0.0242232 0.0271169 0.0302516 0.0336293 0.0372497 0.0411104 0.0452065 0.0495305 0.0540723 0.0588187 0.063754 0.0688593 0.0741134 0.079492 0.0849685 0.0905142 0.0960982 0.101688 0.107249 0.112746 0.118143 0.123405 0.128495 0.133376 0.138015 0.142378 0.146431 0.150146 0.153493 0.156449 0.158989 0.161095 0.16275 0.163942 0.16466 0.1649 0.16466 0.163942 0.16275 0.161095 0.158989 0.156449 0.153493 0.150146 0.146431 0.142378 0.138015 0.133376 0.128495 0.123405 0.118143 0.112746 0.107249 0.101688 0.0960982 0.0905142 0.0849685 0.079492 0.0741134 0.0688593 0.063754 0.0588187 0.0540723 0.0495305 0.0452065 0.0411104 0.0372497 0.0336293 0.0302516 0.0271169 0.0242232 0.0215669 0.0191428 0.0169446 0.0149648 0.0131953 0.0116279 0.0102539 0.00906479 0.00805268 0.00721008 0.00653036 0.00600784 0.00563796 0.00541739 
0.00603214 0.00611429 0.00636148 0.00677596 0.00736136 0.00812267 0.00906608 0.0101988 0.011529 0.0130654 0.0148171 0.0167933 0.0190032 0.0214554 0.0241577 0.0271169 0.0303383 0.0338256 0.0375804 0.0416022 0.0458877 0.0504313 0.0552241 0.0602544 0.0655076 0.0709658 0.0766079 0.0824102 0.0883457 0.0943851 0.100496 0.106646 0.112797 0.118913 0.124955 0.130884 0.13666 0.142245 0.147598 0.152683 0.157462 0.161901 0.165968 0.169631 0.172864 0.175642 0.177945 0.179754 0.181057 0.181842 0.182105 0.181842 0.181057 0.179754 0.177945 0.175642 0.172864 0.169631 0.165968 0.161901 0.157462 0.152683 0.147598 0.142245 0.13666 0.130884 0.124955 0.118913 0.112797 0.106646 0.100496 0.0943851 0.0883457 0.0824102 0.0766079 0.0709658 0.0655076 0.0602544 0.0552241 0.0504313 0.0458877 0.0416022 0.0375804 0.0338256 0.0303383 0.0271169 0.0241577 0.0214554 0.0190032 0.0167933 0.0148171 0.0130654 0.011529 0.0101988 0.00906608 0.00812267 0.00736136 0.00677596 0.00636148 0.00611429 
0.00678458 0.00687634 0.00715242 0.00761525 0.00826882 0.00911854 0.0101712 0.0114345 0.0129175 0.0146294 0.0165802 0.0187799 0.0212381 0.0239642 0.0269663 0.0302516 0.0338256 0.0376918 0.0418517 0.046304 0.0510449 0.0560675 0.0613617 0.0669142 0.0727084 0.0787242 0.0849382 0.0913239 0.0978516 0.104489 0.1112 0.117949 0.124695 0.131398 0.138016 0.144506 0.150825 0.156931 0.162781 0.168335 0.173553 0.178397 0.182833 0.186828 0.190352 0.19338 0.195889 0.19786 0.199278 0.200134 0.200419 0.200134 0.199278 0.19786 0.195889 0.19338 0.190352 0.186828 0.182833 0.178397 0.173553 0.168335 0.162781 0.156931 0.150825 0.144506 0.138016 0.131398 0.124695 0.117949 0.1112 0.104489 0.0978516 0.0913239 0.0849382 0.0787242 0.0727084 0.0669142 0.0613617 0.0560675 0.0510449 0.046304 0.0418517 0.0376918 0.0338256 0.0302516 0.0269663 0.0239642 0.0212381 0.0187799 0.0165802 0.0146294 0.0129175 0.0114345 0.0101712 0.00911854 0.00826882 0.00761525 0.00715242 0.00687634 
0.00760312 0.00770524 0.00801247 0.00852747 0.00925454 0.0101996 0.0113699 0.0127739 0.0144213 0.0163221 0.018487 0.0209267 0.0236515 0.0266713 0.0299948 0.0336293 0.0375804 0.0418517 0.046444 0.0513557 0.0565819 0.0621145 0.067942 0.0740494 0.0804177 0.0870247 0.0938444 0.100847 0.108001 0.115269 0.122614 0.129994 0.137366 0.144686 0.151909 0.158988 0.165876 0.172528 0.178898 0.184943 0.190618 0.195886 0.200707 0.205047 0.208875 0.212163 0.214886 0.217025 0.218565 0.219493 0.219803 0.219493 0.218565 0.217025 0.214886 0.212163 0.208875 0.205047 0.200707 0.195886 0.190618 0.184943 0.178898 0.172528 0.165876 0.158988 0.151909 0.144686 0.137366 0.129994 0.122614 0.115269 0.108001 0.100847 0.0938444 0.0870247 0.0804177 0.0740494 0.067942 0.0621145 0.0565819 0.0513557 0.046444 0.0418517 0.0375804 0.0336293 0.0299948 0.0266713 0.0236515 0.0209267 0.018487 0.0163221 0.0144213 0.0127739 0.0113699 0.0101996 0.00925454 0.00852747 0.00801247 0.00770524 
0.00848896 0.0086022 0.00894287 0.00951383 0.0103198 0.011367 0.0126634 0.0142182 0.0160416 0.0181445 0.0205383 0.0232345 0.026244 0.0295772 0.0332432 0.0372497 0.0416022 0.046304 0.0513557 0.0567548 0.0624953 0.068568 0.0749596 0.0816531 0.0886275 0.0958579 0.103316 0.110968 0.118779 0.12671 0.134718 0.142759 0.150787 0.158752 0.166606 0.174299 0.181781 0.189001 0.195912 0.202466 0.208617 0.214323 0.219544 0.224242 0.228384 0.231941 0.234886 0.237199 0.238864 0.239867 0.240203 0.239867 0.238864 0.237199 0.234886 0.231941 0.228384 0.224242 0.219544 0.214323 0.208617 0.202466 0.195912 0.189001 0.181781 0.174299 0.166606 0.158752 0.150787 0.142759 0.134718 0.12671 0.118779 0.110968 0.103316 0.0958579 0.0886275 0.0816531 0.0749596 0.068568 0.0624953 0.0567548 0.0513557 0.046304 0.0416022 0.0372497 0.0332432 0.0295772 0.026244 0.0232345 0.0205383 0.0181445 0.0160416 0.0142182 0.0126634 0.011367 0.0103198 0.00951383 0.00894287 0.0086022 
0.00944276 0.00956787 0.00994424 0.0105749 0.011465 0.0126212 0.0140522 0.0157676 0.0177785 0.0200966 0.022734 0.0257028 0.0290147 0.0326805 0.0367098 0.0411104 0.0458877 0.0510449 0.0565819 0.0624953 0.0687782 0.0754197 0.0824048 0.0897143 0.0973249 0.105209 0.113335 0.121666 0.130165 0.138787 0.147487 0.156217 0.164926 0.173562 0.182072 0.190401 0.198497 0.206306 0.213775 0.220855 0.227497 0.233656 0.239288 0.244354 0.24882 0.252653 0.255827 0.258319 0.260111 0.261192 0.261553 0.261192 0.260111 0.258319 0.255827 0.252653 0.24882 0.244354 0.239288 0.233656 0.227497 0.220855 0.213775 0.206306 0.198497 0.190401 0.182072 0.173562 0.164926 0.156217 0.147487 0.138787 0.130165 0.121666 0.113335 0.105209 0.0973249 0.0897143 0.0824048 0.0754197 0.0687782 0.0624953 0.0565819 0.0510449 0.0458877 0.0411104 0.0367098 0.0326805 0.0290147 0.0257028 0.022734 0.0200966 0.0177785 0.0157676 0.0140522 0.0126212 0.011465 0.0105749 0.00994424 0.00956787 
0.0104645 0.0106023 0.0110165 0.0117107 0.0126901 0.013962 0.0155356 0.0174214 0.0196311 0.0221771 0.0250722 0.0283294 0.0319609 0.035978 0.0403906 0.0452065 0.0504313 0.0560675 0.0621145 0.068568 0.0754197 0.0826571 0.0902632 0.0982168 0.106492 0.115057 0.123879 0.132918 0.14213 0.15147 0.160888 0.170331 0.179745 0.189073 0.198259 0.207245 0.215973 0.224387 0.232431 0.240051 0.247196 0.253818 0.259872 0.265315 0.270111 0.274227 0.277634 0.280308 0.282232 0.283392 0.283779 0.283392 0.282232 0.280308 0.277634 0.274227 0.270111 0.265315 0.259872 0.253818 0.247196 0.240051 0.232431 0.224387 0.215973 0.207245 0.198259 0.189073 0.179745 0.170331 0.160888 0.15147 0.14213 0.132918 0.123879 0.115057 0.106492 0.0982168 0.0902632 0.0826571 0.0754197 0.068568 0.0621145 0.0560675 0.0504313 0.0452065 0.0403906 0.035978 0.0319609 0.0283294 0.0250722 0.0221771 0.0196311 0.0174214 0.0155356 0.013962 0.0126901 0.0117107 0.0110165 0.0106023 
0.0115536 0.0117046 0.012159 0.0129202 0.0139939 0.0153881 0.0171123 0.0191778 0.0215971 0.0243832 0.0275498 0.0311105 0.035078 0.0394641 0.044279 0.0495305 0.0552241 0.0613617 0.067942 0.0749596 0.0824048 0.0902632 0.098516 0.107139 0.116104 0.125377 0.13492 0.14469 0.154641 0.164722 0.174879 0.185057 0.195196 0.205236 0.215116 0.224774 0.23415 0.243182 0.251813 0.259984 0.267642 0.274736 0.281218 0.287045 0.292177 0.29658 0.300223 0.303083 0.305139 0.306379 0.306793 0.306379 0.305139 0.303083 0.300223 0.29658 0.292177 0.287045 0.281218 0.274736 0.267642 0.259984 0.251813 0.243182 0.23415 0.224774 0.215116 0.205236 0.195196 0.185057 0.174879 0.164722 0.154641 0.14469 0.13492 0.125377 0.116104 0.107139 0.098516 0.0902632 0.0824048 0.0749596 0.067942 0.0613617 0.0552241 0.0495305 0.044279 0.0394641 0.035078 0.0311105 0.0275498 0.0243832 0.0215971 0.0191778 0.0171123 0.0153881 0.0139939 0.0129202 0.012159 0.0117046 
0.0127085 0.0128736 0.0133701 0.0142017 0.0153746 0.0168972 0.0187796 0.0210338 0.0236729 0.0267108 0.0301619 0.0340402 0.0383593 0.0431312 0.0483662 0.0540723 0.0602544 0.0669142 0.0740494 0.0816531 0.0897143 0.0982168 0.107139 0.116455 0.126133 0.136136 0.146422 0.156945 0.167655 0.178497 0.189413 0.200343 0.211223 0.22199 0.232578 0.242922 0.252957 0.262618 0.271844 0.280575 0.288753 0.296325 0.30324 0.309454 0.314926 0.319618 0.3235 0.326546 0.328737 0.330057 0.330498 0.330057 0.328737 0.326546 0.3235 0.319618 0.314926 0.309454 0.30324 0.296325 0.288753 0.280575 0.271844 0.262618 0.252957 0.242922 0.232578 0.22199 0.211223 0.200343 0.189413 0.178497 0.167655 0.156945 0.146422 0.136136 0.126133 0.116455 0.107139 0.0982168 0.0897143 0.0816531 0.0740494 0.0669142 0.0602544 0.0540723 0.0483662 0.0431312 0.0383593 0.0340402 0.0301619 0.0267108 0.0236729 0.0210338 0.0187796 0.0168972 0.0153746 0.0142017 0.0133701 0.0128736 
0.013927 0.0141067 0.0146473 0.0155526 0.0168293 0.0184861 0.0205338 0.022985 0.0258536 0.0291542 0.0329018 0.0371111 0.0417961 0.0469692 0.0526408 0.0588187 0.0655076 0.0727084 0.0804177 0.0886275 0.0973249 0.106492 0.116104 0.126133 0.136543 0.147295 0.158344 0.169638 0.181124 0.192743 0.204433 0.216129 0.227764 0.239269 0.250576 0.261615 0.272316 0.282613 0.292441 0.301735 0.310437 0.318489 0.325841 0.332444 0.338256 0.343238 0.34736 0.350593 0.352918 0.354318 0.354786 0.354318 0.352918 0.350593 0.34736 0.343238 0.338256 0.332444 0.325841 0.318489 0.310437 0.301735 0.292441 0.282613 0.272316 0.261615 0.250576 0.239269 0.227764 0.216129 0.204433 0.192743 0.181124 0.169638 0.158344 0.147295 0.136543 0.126133 0.116104 0.106492 0.0973249 0.0886275 0.0804177 0.0727084 0.0655076 0.0588187 0.0526408 0.0469692 0.0417961 0.0371111 0.0329018 0.0291542 0.0258536 0.022985 0.0205338 0.0184861 0.0168293 0.0155526 0.0146473 0.0141067 
0.0152059 0.0154009 0.0159873 0.0169694 0.018354 0.0201504 0.0223699 0.0250259 0.0281328 0.0317061 0.0357613 0.0403136 0.0453775 0.0509657 0.0570886 0.063754 0.0709658 0.0787242 0.0870247 0.0958579 0.105209 0.115057 0.125377 0.136136 0.147295 0.158813 0.170638 0.182718 0.194994 0.207402 0.219877 0.232349 0.244748 0.256999 0.269031 0.280769 0.292142 0.303078 0.313508 0.323368 0.332594 0.341128 0.348915 0.355907 0.362058 0.36733 0.37169 0.375109 0.377567 0.379048 0.379543 0.379048 0.377567 0.375109 0.37169 0.36733 0.362058 0.355907 0.348915 0.341128 0.332594 0.323368 0.313508 0.303078 0.292142 0.280769 0.269031 0.256999 0.244748 0.232349 0.219877 0.207402 0.194994 0.182718 0.170638 0.158813 0.147295 0.136136 0.125377 0.115057 0.105209 0.0958579 0.0870247 0.0787242 0.0709658 0.063754 0.0570886 0.0509657 0.0453775 0.0403136 0.0357613 0.0317061 0.0281328 0.0250259 0.0223699 0.0201504 0.018354 0.0169694 0.0159873 0.0154009 
0.0165413 0.0167521 0.017386 0.0184475 0.0199438 0.0218846 0.0242819 0.0271496 0.0305028 0.0343576 0.0387301 0.0436362 0.0490905 0.0551061 0.0616932 0.0688593 0.0766079 0.0849382 0.0938444 0.103316 0.113335 0.123879 0.13492 0.146422 0.158344 0.170638 0.183252 0.196128 0.209203 0.222409 0.235676 0.24893 0.262096 0.275097 0.287856 0.300296 0.31234 0.323914 0.334947 0.34537 0.355118 0.36413 0.37235 0.379727 0.386215 0.391774 0.396369 0.399973 0.402563 0.404123 0.404645 0.404123 0.402563 0.399973 0.396369 0.391774 0.386215 0.379727 0.37235 0.36413 0.355118 0.34537 0.334947 0.323914 0.31234 0.300296 0.287856 0.275097 0.262096 0.24893 0.235676 0.222409 0.209203 0.196128 0.183252 0.170638 0.158344 0.146422 0.13492 0.123879 0.113335 0.103316 0.0938444 0.0849382 0.0766079 0.0688593 0.0616932 0.0551061 0.0490905 0.0436362 0.0387301 0.0343576 0.0305028 0.0271496 0.0242819 0.0218846 0.0199438 0.0184475 0.017386 0.0167521 
0.0179282 0.0181553 0.0188382 0.0199815 0.0215928 0.0236823 0.0262625 0.0293478 0.0329542 0.0370982 0.0417965 0.0470654 0.05292 0.0593731 0.0664353 0.0741134 0.0824102 0.0913239 0.100847 0.110968 0.121666 0.132918 0.14469 0.156945 0.169638 0.182718 0.196128 0.209806 0.223685 0.237692 0.251754 0.265792 0.279727 0.293477 0.306961 0.320099 0.332811 0.34502 0.356651 0.367632 0.377896 0.387381 0.396028 0.403785 0.410604 0.416445 0.421273 0.425058 0.427777 0.429416 0.429963 0.429416 0.427777 0.425058 0.421273 0.416445 0.410604 0.403785 0.396028 0.387381 0.377896 0.367632 0.356651 0.34502 0.332811 0.320099 0.306961 0.293477 0.279727 0.265792 0.251754 0.237692 0.223685 0.209806 0.196128 0.182718 0.169638 0.156945 0.14469 0.132918 0.121666 0.110968 0.100847 0.0913239 0.0824102 0.0741134 0.0664353 0.0593731 0.05292 0.0470654 0.0417965 0.0370982 0.0329542 0.0293478 0.0262625 0.0236823 0.0215928 0.0199815 0.0188382 0.0181553 
0.0193608 0.0196046 0.0203377 0.0215648 0.0232939 0.0255356 0.028303 0.0316111 0.0354763 0.0399158 0.0449468 0.050586 0.0568486 0.0637476 0.0712933 0.079492 0.0883457 0.0978516 0.108001 0.118779 0.130165 0.14213 0.154641 0.167655 0.181124 0.194994 0.209203 0.223685 0.238368 0.253177 0.268032 0.282851 0.29755 0.312045 0.326249 0.340079 0.353452 0.366287 0.378506 0.390037 0.400809 0.410758 0.419825 0.427954 0.435098 0.441215 0.446269 0.450231 0.453078 0.454792 0.455364 0.454792 0.453078 0.450231 0.446269 0.441215 0.435098 0.427954 0.419825 0.410758 0.400809 0.390037 0.378506 0.366287 0.353452 0.340079 0.326249 0.312045 0.29755 0.282851 0.268032 0.253177 0.238368 0.223685 0.209203 0.194994 0.181124 0.167655 0.154641 0.14213 0.130165 0.118779 0.108001 0.0978516 0.0883457 0.079492 0.0712933 0.0637476 0.0568486 0.050586 0.0449468 0.0399158 0.0354763 0.0316111 0.028303 0.0255356 0.0232939 0.0215648 0.0203377 0.0196046 
0.0208325 0.0210933 0.0218775 0.02319 0.0250391 0.0274359 0.0303938 0.0339286 0.038057 0.0427968 0.0481658 0.0541808 0.0608572 0.0682081 0.0762432 0.0849685 0.0943851 0.104489 0.115269 0.12671 0.138787 0.15147 0.164722 0.178497 0.192743 0.207402 0.222409 0.237692 0.253177 0.268782 0.284425 0.300018 0.315474 0.330704 0.345618 0.36013 0.374152 0.387602 0.400399 0.412468 0.423737 0.434139 0.443614 0.452106 0.459566 0.465951 0.471226 0.475359 0.478328 0.480117 0.480714 0.480117 0.478328 0.475359 0.471226 0.465951 0.459566 0.452106 0.443614 0.434139 0.423737 0.412468 0.400399 0.387602 0.374152 0.36013 0.345618 0.330704 0.315474 0.300018 0.284425 0.268782 0.253177 0.237692 0.222409 0.207402 0.192743 0.178497 0.164722 0.15147 0.138787 0.12671 0.115269 0.104489 0.0943851 0.0849685 0.0762432 0.0682081 0.0608572 0.0541808 0.0481658 0.0427968 0.038057 0.0339286 0.0303938 0.0274359 0.0250391 0.02319 0.0218775 0.0210933 
0.0223357 0.0226137 0.0234497 0.0248488 0.0268194 0.0293732 0.0325241 0.0362882 0.0406829 0.0457263 0.0514366 0.0578309 0.0649248 0.0727311 0.0812592 0.0905142 0.100496 0.1112 0.122614 0.134718 0.147487 0.160888 0.174879 0.189413 0.204433 0.219877 0.235676 0.251754 0.268032 0.284425 0.300845 0.317201 0.333401 0.349353 0.364964 0.380143 0.394801 0.408851 0.422211 0.434804 0.446555 0.457397 0.467267 0.47611 0.483876 0.49052 0.496007 0.500306 0.503394 0.505253 0.505874 0.505253 0.503394 0.500306 0.496007 0.49052 0.483876 0.47611 0.467267 0.457397 0.446555 0.434804 0.422211 0.408851 0.394801 0.380143 0.364964 0.349353 0.333401 0.317201 0.300845 0.284425 0.268032 0.251754 0.235676 0.219877 0.204433 0.189413 0.174879 0.160888 0.147487 0.134718 0.122614 0.1112 0.100496 0.0905142 0.0812592 0.0727311 0.0649248 0.0578309 0.0514366 0.0457263 0.0406829 0.0362882 0.0325241 0.0293732 0.0268194 0.0248488 0.0234497 0.0226137 
0.023862 0.0241574 0.0250456 0.0265318 0.028625 0.0313369 0.034682 0.0386769 0.0433393 0.0486879 0.054741 0.0615162 0.0690287 0.0772914 0.086313 0.0960982 0.106646 0.117949 0.129994 0.142759 0.156217 0.170331 0.185057 0.200343 0.216129 0.232349 0.24893 0.265792 0.282851 0.300018 0.317201 0.334305 0.351234 0.367891 0.384181 0.40001 0.415285 0.429917 0.443823 0.456922 0.469139 0.480404 0.490656 0.499837 0.507895 0.514789 0.520479 0.524937 0.528138 0.530065 0.530708 0.530065 0.528138 0.524937 0.520479 0.514789 0.507895 0.499837 0.490656 0.480404 0.469139 0.456922 0.443823 0.429917 0.415285 0.40001 0.384181 0.367891 0.351234 0.334305 0.317201 0.300018 0.282851 0.265792 0.24893 0.232349 0.216129 0.200343 0.185057 0.170331 0.156217 0.142759 0.129994 0.117949 0.106646 0.0960982 0.086313 0.0772914 0.0690287 0.0615162 0.054741 0.0486879 0.0433393 0.0386769 0.034682 0.0313369 0.028625 0.0265318 0.0250456 0.0241574 
0.0254023 0.0257152 0.0266556 0.0282292 0.0304451 0.0333153 0.0368548 0.0410804 0.0460106 0.0516641 0.0580596 0.0652148 0.0731448 0.0818622 0.0913753 0.101688 0.112797 0.124695 0.137366 0.150787 0.164926 0.179745 0.195196 0.211223 0.227764 0.244748 0.262096 0.279727 0.29755 0.315474 0.333401 0.351234 0.368871 0.386214 0.403162 0.419619 0.435491 0.450685 0.465116 0.478701 0.491365 0.503037 0.513653 0.523156 0.531495 0.538625 0.54451 0.549118 0.552427 0.554418 0.555084 0.554418 0.552427 0.549118 0.54451 0.538625 0.531495 0.523156 0.513653 0.503037 0.491365 0.478701 0.465116 0.450685 0.435491 0.419619 0.403162 0.386214 0.368871 0.351234 0.333401 0.315474 0.29755 0.279727 0.262096 0.244748 0.227764 0.211223 0.195196 0.179745 0.164926 0.150787 0.137366 0.124695 0.112797 0.101688 0.0913753 0.0818622 0.0731448 0.0652148 0.0580596 0.0516641 0.0460106 0.0410804 0.0368548 0.0333153 0.0304451 0.0282292 0.0266556 0.0257152 
0.026947 0.0272772 0.0282697 0.0299303 0.0322682 0.0352959 0.0390287 0.0434839 0.04868 0.0546364 0.0613718 0.0689039 0.0772478 0.0864156 0.0964149 0.107249 0.118913 0.131398 0.144686 0.158752 0.173562 0.189073 0.205236 0.22199 0.239269 0.256999 0.275097 0.293477 0.312045 0.330704 0.349353 0.367891 0.386214 0.404218 0.4218 0.438862 0.455306 0.471039 0.485972 0.500022 0.513112 0.525171 0.536134 0.545942 0.554546 0.561901 0.567969 0.57272 0.57613 0.578183 0.578869 0.578183 0.57613 0.57272 0.567969 0.561901 0.554546 0.545942 0.536134 0.525171 0.513112 0.500022 0.485972 0.471039 0.455306 0.438862 0.4218 0.404218 0.386214 0.367891 0.349353 0.330704 0.312045 0.293477 0.275097 0.256999 0.239269 0.22199 0.205236 0.189073 0.173562 0.158752 0.144686 0.131398 0.118913 0.107249 0.0964149 0.0864156 0.0772478 0.0689039 0.0613718 0.0546364 0.04868 0.0434839 0.0390287 0.0352959 0.0322682 0.0299303 0.0282697 0.0272772 
0.0284856 0.0288329 0.029877 0.0316236 0.0340822 0.0372657 0.0411895 0.0458714 0.0513302 0.0575855 0.0646561 0.0725597 0.0813112 0.0909223 0.1014 0.112746 0.124955 0.138016 0.151909 0.166606 0.182072 0.198259 0.215116 0.232578 0.250576 0.269031 0.287856 0.306961 0.326249 0.345618 0.364964 0.384181 0.403162 0.4218 0.439991 0.457631 0.474621 0.490866 0.506277 0.520768 0.534262 0.546686 0.557976 0.568073 0.576927 0.584492 0.590733 0.595617 0.599123 0.601233 0.601938 0.601233 0.599123 0.595617 0.590733 0.584492 0.576927 0.568073 0.557976 0.546686 0.534262 0.520768 0.506277 0.490866 0.474621 0.457631 0.439991 0.4218 0.403162 0.384181 0.364964 0.345618 0.326249 0.306961 0.287856 0.269031 0.250576 0.232578 0.215116 0.198259 0.182072 0.166606 0.151909 0.138016 0.124955 0.112746 0.1014 0.0909223 0.0813112 0.0725597 0.0646561 0.0575855 0.0513302 0.0458714 0.0411895 0.0372657 0.0340822 0.0316236 0.029877 0.0288329 
0.0300074 0.0303716 0.0314663 0.0332973 0.0358746 0.0392109 0.0433223 0.0482267 0.0539431 0.0604914 0.0678904 0.0761578 0.0853082 0.0953526 0.106298 0.118143 0.130884 0.144506 0.158988 0.174299 0.190401 0.207245 0.224774 0.242922 0.261615 0.280769 0.300296 0.320099 0.340079 0.36013 0.380143 0.40001 0.419619 0.438862 0.457631 0.47582 0.493328 0.510058 0.525919 0.540826 0.5547 0.567468 0.579065 0.589432 0.598519 0.606281 0.612682 0.617692 0.621286 0.623449 0.624172 0.623449 0.621286 0.617692 0.612682 0.606281 0.598519 0.589432 0.579065 0.567468 0.5547 0.540826 0.525919 0.510058 0.493328 0.47582 0.457631 0.438862 0.419619 0.40001 0.380143 0.36013 0.340079 0.320099 0.300296 0.280769 0.261615 0.242922 0.224774 0.207245 0.190401 0.174299 0.158988 0.144506 0.130884 0.118143 0.106298 0.0953526 0.0853082 0.0761578 0.0678904 0.0604914 0.0539431 0.0482267 0.0433223 0.0392109 0.0358746 0.0332973 0.0314663 0.0303716 
0.0315013 0.031882 0.033026 0.0349395 0.0376323 0.0411178 0.045412 0.050533 0.0565004 0.0633338 0.0710523 0.0796733 0.0892111 0.0996764 0.111075 0.123405 0.13666 0.150825 0.165876 0.181781 0.198497 0.215973 0.23415 0.252957 0.272316 0.292142 0.31234 0.332811 0.353452 0.374152 0.394801 0.415285 0.435491 0.455306 0.474621 0.493328 0.511323 0.528509 0.544794 0.56009 0.574319 0.587407 0.599289 0.609908 0.619211 0.627156 0.633706 0.63883 0.642507 0.644719 0.645458 0.644719 0.642507 0.63883 0.633706 0.627156 0.619211 0.609908 0.599289 0.587407 0.574319 0.56009 0.544794 0.528509 0.511323 0.493328 0.474621 0.455306 0.435491 0.415285 0.394801 0.374152 0.353452 0.332811 0.31234 0.292142 0.272316 0.252957 0.23415 0.215973 0.198497 0.181781 0.165876 0.150825 0.13666 0.123405 0.111075 0.0996764 0.0892111 0.0796733 0.0710523 0.0633338 0.0565004 0.050533 0.045412 0.0411178 0.0376323 0.0349395 0.033026 0.031882 
0.032956 0.0333525 0.0345443 0.0365376 0.0393423 0.042972 0.0474429 0.0527735 0.0589832 0.0660921 0.074119 0.0830811 0.0929926 0.103863 0.115698 0.128495 0.142245 0.156931 0.172528 0.189001 0.206306 0.224387 0.243182 0.262618 0.282613 0.303078 0.323914 0.34502 0.366287 0.387602 0.408851 0.429917 0.450685 0.471039 0.490866 0.510058 0.528509 0.546121 0.562799 0.578457 0.593015 0.6064 0.618546 0.629396 0.638899 0.647012 0.653698 0.658929 0.662681 0.664938 0.665692 0.664938 0.662681 0.658929 0.653698 0.647012 0.638899 0.629396 0.618546 0.6064 0.593015 0.578457 0.562799 0.546121 0.528509 0.510058 0.490866 0.471039 0.450685 0.429917 0.408851 0.387602 0.366287 0.34502 0.323914 0.303078 0.282613 0.262618 0.243182 0.224387 0.206306 0.189001 0.172528 0.156931 0.142245 0.128495 0.115698 0.103863 0.0929926 0.0830811 0.074119 0.0660921 0.0589832 0.0527735 0.0474429 0.042972 0.0393423 0.0365376 0.0345443 0.0333525 
0.0343599 0.0347718 0.0360094 0.0380792 0.0409913 0.0447593 0.0493997 0.0549311 0.0613732 0.0687458 0.0770679 0.0863565 0.0966252 0.107883 0.120135 0.133376 0.147598 0.162781 0.178898 0.195912 0.213775 0.232431 0.251813 0.271844 0.292441 0.313508 0.334947 0.356651 0.378506 0.400399 0.422211 0.443823 0.465116 0.485972 0.506277 0.525919 0.544794 0.562799 0.579842 0.595833 0.610694 0.624351 0.63674 0.647802 0.657487 0.665753 0.672564 0.677891 0.681711 0.68401 0.684777 0.68401 0.681711 0.677891 0.672564 0.665753 0.657487 0.647802 0.63674 0.624351 0.610694 0.595833 0.579842 0.562799 0.544794 0.525919 0.506277 0.485972 0.465116 0.443823 0.422211 0.400399 0.378506 0.356651 0.334947 0.313508 0.292441 0.271844 0.251813 0.232431 0.213775 0.195912 0.178898 0.162781 0.147598 0.133376 0.120135 0.107883 0.0966252 0.0863565 0.0770679 0.0687458 0.0613732 0.0549311 0.0493997 0.0447593 0.0409913 0.0380792 0.0360094 0.0347718 
0.0357019 0.0361283 0.0374096 0.0395521 0.0425662 0.0464657 0.0512671 0.0569892 0.0636518 0.0712747 0.0798769 0.0894749 0.100082 0.111707 0.124353 0.138015 0.152683 0.168335 0.184943 0.202466 0.220855 0.240051 0.259984 0.280575 0.301735 0.323368 0.34537 0.367632 0.390037 0.412468 0.434804 0.456922 0.478701 0.500022 0.520768 0.540826 0.56009 0.578457 0.595833 0.61213 0.627268 0.641173 0.653782 0.665037 0.674887 0.683292 0.690215 0.695629 0.699511 0.701846 0.702626 0.701846 0.699511 0.695629 0.690215 0.683292 0.674887 0.665037 0.653782 0.641173 0.627268 0.61213 0.595833 0.578457 0.56009 0.540826 0.520768 0.500022 0.478701 0.456922 0.434804 0.412468 0.390037 0.367632 0.34537 0.323368 0.301735 0.280575 0.259984 0.240051 0.220855 0.202466 0.184943 0.168335 0.152683 0.138015 0.124353 0.111707 0.100082 0.0894749 0.0798769 0.0712747 0.0636518 0.0569892 0.0512671 0.0464657 0.0425662 0.0395521 0.0374096 0.0361283 
0.0369708 0.0374109 0.0387332 0.0409441 0.0440542 0.0480773 0.0530301 0.0589315 0.0658013 0.0736593 0.0825243 0.0924127 0.103337 0.115306 0.128321 0.142378 0.157462 0.173553 0.190618 0.208617 0.227497 0.247196 0.267642 0.288753 0.310437 0.332594 0.355118 0.377896 0.400809 0.423737 0.446555 0.469139 0.491365 0.513112 0.534262 0.5547 0.574319 0.593015 0.610694 0.627268 0.642656 0.656786 0.669593 0.68102 0.691019 0.699548 0.706572 0.712064 0.716001 0.718369 0.71916 0.718369 0.716001 0.712064 0.706572 0.699548 0.691019 0.68102 0.669593 0.656786 0.642656 0.627268 0.610694 0.593015 0.574319 0.5547 0.534262 0.513112 0.491365 0.469139 0.446555 0.423737 0.400809 0.377896 0.355118 0.332594 0.310437 0.288753 0.267642 0.247196 0.227497 0.208617 0.190618 0.173553 0.157462 0.142378 0.128321 0.115306 0.103337 0.0924127 0.0825243 0.0736593 0.0658013 0.0589315 0.0530301 0.0480773 0.0440542 0.0409441 0.0387332 0.0374109 
