2.74341e-11 3.39115e-11 5.59504e-11 1.02225e-10 1.90253e-10 3.51751e-10 6.41784e-10 1.15361e-09 2.04208e-09 3.55954e-09 6.10985e-09 1.03277e-08 1.71925e-08 2.81881e-08 4.55219e-08 7.24166e-08 1.13491e-07 1.75238e-07 2.66617e-07 3.99745e-07 5.90691e-07 8.60333e-07 1.23523e-06 1.74843e-06 2.44012e-06 3.35801e-06 4.55721e-06 6.09961e-06 8.05247e-06 1.04862e-05 1.34711e-05 1.70734e-05 2.13505e-05 2.63454e-05 3.20813e-05 3.85563e-05 4.57386e-05 5.35638e-05 6.19327e-05 7.07124e-05 7.97391e-05 8.88228e-05 9.77543e-05 0.000106314 0.00011428 0.000121439 0.000127594 0.000132573 0.000136234 0.000138474 0.000139228 0.000138474 0.000136234 0.000132573 0.000127594 0.000121439 0.00011428 0.000106314 9.77543e-05 8.88228e-05 7.97391e-05 7.07124e-05 6.19327e-05 5.35638e-05 4.57386e-05 3.85563e-05 3.20813e-05 2.63454e-05 2.13505e-05 1.70734e-05 1.34711e-05 1.04862e-05 8.05247e-06 6.09961e-06 4.55721e-06 3.35801e-06 2.44012e-06 1.74843e-06 1.23523e-06 8.60333e-07 5.90691e-07 3.99745e-07 2.66617e-07 1.75238e-07 1.13491e-07 7.24166e-08 4.55219e-08 2.81881e-08 1.71925e-08 1.03277e-08 6.10985e-09 3.55954e-09 2.04208e-09 1.15361e-09 6.41784e-10 3.51751e-10 1.90253e-10 1.02225e-10 5.59504e-11 3.39115e-11 
3.39115e-11 4.18822e-11 6.89842e-11 1.25827e-10 2.33807e-10 4.31608e-10 7.86273e-10 1.41114e-09 2.49401e-09 4.3404e-09 7.43819e-09 1.25526e-08 2.08618e-08 3.41473e-08 5.5053e-08 8.74305e-08 1.36787e-07 2.10847e-07 3.20244e-07 4.79323e-07 7.07064e-07 1.02806e-06 1.47354e-06 2.08224e-06 2.90115e-06 3.98592e-06 5.40067e-06 7.21719e-06 9.5133e-06 1.23701e-05 1.58685e-05 2.00842e-05 2.50824e-05 3.09114e-05 3.75964e-05 4.51334e-05 5.34841e-05 6.25722e-05 7.2282e-05 8.24587e-05 9.29126e-05 0.000103424 0.000113752 0.000123643 0.000132844 0.000141108 0.000148211 0.000153954 0.000158176 0.000160758 0.000161627 0.000160758 0.000158176 0.000153954 0.000148211 0.000141108 0.000132844 0.000123643 0.000113752 0.000103424 9.29126e-05 8.24587e-05 7.2282e-05 6.25722e-05 5.34841e-05 4.51334e-05 3.75964e-05 3.09114e-05 2.50824e-05 2.00842e-05 1.58685e-05 1.23701e-05 9.5133e-06 7.21719e-06 5.40067e-06 3.98592e-06 2.90115e-06 2.08224e-06 1.47354e-06 1.02806e-06 7.07064e-07 4.79323e-07 3.20244e-07 2.10847e-07 1.36787e-07 8.74305e-08 5.5053e-08 3.41473e-08 2.08618e-08 1.25526e-08 7.43819e-09 4.3404e-09 2.49401e-09 1.41114e-09 7.86273e-10 4.31608e-10 2.33807e-10 1.25827e-10 6.89842e-11 4.18822e-11 
5.59504e-11 6.89842e-11 1.13246e-10 2.05873e-10 3.8135e-10 7.01821e-10 1.27462e-09 2.28051e-09 4.01791e-09 6.97026e-09 1.19065e-08 2.00276e-08 3.31748e-08 5.41193e-08 8.69558e-08 1.37622e-07 2.14565e-07 3.29582e-07 4.98822e-07 7.43972e-07 1.09357e-06 1.58443e-06 2.26298e-06 3.18659e-06 4.42444e-06 6.05797e-06 8.18052e-06 1.0896e-05 1.43161e-05 1.85569e-05 2.37326e-05 2.99495e-05 3.72975e-05 4.58415e-05 5.56125e-05 6.65993e-05 7.87413e-05 9.19242e-05 0.000105977 0.000120676 0.000135746 0.000150873 0.000165712 0.000179903 0.000193087 0.000204917 0.000215074 0.000223281 0.000229311 0.000232998 0.000234238 0.000232998 0.000229311 0.000223281 0.000215074 0.000204917 0.000193087 0.000179903 0.000165712 0.000150873 0.000135746 0.000120676 0.000105977 9.19242e-05 7.87413e-05 6.65993e-05 5.56125e-05 4.58415e-05 3.72975e-05 2.99495e-05 2.37326e-05 1.85569e-05 1.43161e-05 1.0896e-05 8.18052e-06 6.05797e-06 4.42444e-06 3.18659e-06 2.26298e-06 1.58443e-06 1.09357e-06 7.43972e-07 4.98822e-07 3.29582e-07 2.14565e-07 1.37622e-07 8.69558e-08 5.41193e-08 3.31748e-08 2.00276e-08 1.19065e-08 6.97026e-09 4.01791e-09 2.28051e-09 1.27462e-09 7.01821e-10 3.8135e-10 2.05873e-10 1.13246e-10 6.89842e-11 
1.02225e-10 1.25827e-10 2.05873e-10 3.73021e-10 6.88799e-10 1.26375e-09 2.28813e-09 4.08114e-09 7.1677e-09 1.23947e-08 2.11037e-08 3.53806e-08 5.84094e-08 9.4961e-08 1.52051e-07 2.39803e-07 3.72551e-07 5.70205e-07 8.59889e-07 1.27783e-06 1.87144e-06 2.70151e-06 3.84437e-06 5.39367e-06 7.46177e-06 1.01801e-05 1.36983e-05 1.81819e-05 2.38078e-05 3.07577e-05 3.92096e-05 4.93264e-05 6.12439e-05 7.50568e-05 9.0805e-05 0.000108461 0.00012792 0.000148993 0.000171401 0.000194786 0.000218712 0.000242682 0.000266154 0.000288568 0.000309361 0.000327996 0.00034398 0.000356885 0.000366362 0.000372154 0.000374102 0.000372154 0.000366362 0.000356885 0.00034398 0.000327996 0.000309361 0.000288568 0.000266154 0.000242682 0.000218712 0.000194786 0.000171401 0.000148993 0.00012792 0.000108461 9.0805e-05 7.50568e-05 6.12439e-05 4.93264e-05 3.92096e-05 3.07577e-05 2.38078e-05 1.81819e-05 1.36983e-05 1.01801e-05 7.46177e-06 5.39367e-06 3.84437e-06 2.70151e-06 1.87144e-06 1.27783e-06 8.59889e-07 5.70205e-07 3.72551e-07 2.39803e-07 1.52051e-07 9.4961e-08 5.84094e-08 3.53806e-08 2.11037e-08 1.23947e-08 7.1677e-09 4.08114e-09 2.28813e-09 1.26375e-09 6.88799e-10 3.73021e-10 2.05873e-10 1.25827e-10 
1.90253e-10 2.33807e-10 3.8135e-10 6.88799e-10 1.26813e-09 2.31994e-09 4.18828e-09 7.44842e-09 1.30428e-08 2.24861e-08 3.81682e-08 6.37899e-08 1.04977e-07 1.7012e-07 2.71506e-07 4.2678e-07 6.60812e-07 1.00797e-06 1.51486e-06 2.24337e-06 3.27411e-06 4.7099e-06 6.67903e-06 9.33814e-06 1.2874e-05 1.75037e-05 2.34731e-05 3.10522e-05 4.05273e-05 5.21905e-05 6.63249e-05 8.31866e-05 0.000102985 0.00012586 0.000151863 0.000180932 0.000212884 0.000247396 0.00028401 0.000322134 0.000361059 0.000399982 0.000438033 0.000474311 0.000507921 0.000538007 0.000563787 0.000584585 0.000599849 0.000609173 0.000612309 0.000609173 0.000599849 0.000584585 0.000563787 0.000538007 0.000507921 0.000474311 0.000438033 0.000399982 0.000361059 0.000322134 0.00028401 0.000247396 0.000212884 0.000180932 0.000151863 0.00012586 0.000102985 8.31866e-05 6.63249e-05 5.21905e-05 4.05273e-05 3.10522e-05 2.34731e-05 1.75037e-05 1.2874e-05 9.33814e-06 6.67903e-06 4.7099e-06 3.27411e-06 2.24337e-06 1.51486e-06 1.00797e-06 6.60812e-07 4.2678e-07 2.71506e-07 1.7012e-07 1.04977e-07 6.37899e-08 3.81682e-08 2.24861e-08 1.30428e-08 7.44842e-09 4.18828e-09 2.31994e-09 1.26813e-09 6.88799e-10 3.8135e-10 2.33807e-10 
3.51751e-10 4.31608e-10 7.01821e-10 1.26375e-09 2.31994e-09 4.23214e-09 7.61887e-09 1.35107e-08 2.35898e-08 4.05499e-08 6.86242e-08 1.14342e-07 1.87588e-07 3.03045e-07 4.82111e-07 7.55389e-07 1.1658e-06 1.77238e-06 2.65478e-06 3.91826e-06 5.69919e-06 8.17054e-06 1.1547e-05 1.60893e-05 2.21063e-05 2.99551e-05 4.00372e-05 5.27907e-05 6.86771e-05 8.8163e-05 0.000111696 0.000139676 0.000172422 0.000210141 0.000252888 0.000300542 0.000352779 0.00040906 0.000468626 0.000530511 0.000593567 0.0006565 0.000717919 0.000776386 0.000830478 0.000878842 0.000920245 0.000953619 0.000978099 0.000993046 0.000998072 0.000993046 0.000978099 0.000953619 0.000920245 0.000878842 0.000830478 0.000776386 0.000717919 0.0006565 0.000593567 0.000530511 0.000468626 0.00040906 0.000352779 0.000300542 0.000252888 0.000210141 0.000172422 0.000139676 0.000111696 8.8163e-05 6.86771e-05 5.27907e-05 4.00372e-05 2.99551e-05 2.21063e-05 1.60893e-05 1.1547e-05 8.17054e-06 5.69919e-06 3.91826e-06 2.65478e-06 1.77238e-06 1.1658e-06 7.55389e-07 4.82111e-07 3.03045e-07 1.87588e-07 1.14342e-07 6.86242e-08 4.05499e-08 2.35898e-08 1.35107e-08 7.61887e-09 4.23214e-09 2.31994e-09 1.26375e-09 7.01821e-10 4.31608e-10 
6.41784e-10 7.86273e-10 1.27462e-09 2.28813e-09 4.18828e-09 7.61887e-09 1.36771e-08 2.41846e-08 4.21044e-08 7.21631e-08 1.2176e-07 2.02263e-07 3.30808e-07 5.32742e-07 8.44846e-07 1.31947e-06 2.02972e-06 3.07563e-06 4.59149e-06 6.7539e-06 9.79039e-06 1.3988e-05 1.97011e-05 2.73573e-05 3.74603e-05 5.05888e-05 6.73893e-05 8.8562e-05 0.000114839 0.000146954 0.000185603 0.000231399 0.00028482 0.000346157 0.000415461 0.000492496 0.000576708 0.000667204 0.000762749 0.00086179 0.000962492 0.0010628 0.00116053 0.00125341 0.00133923 0.00141586 0.0014814 0.00153418 0.00157288 0.00159649 0.00160443 0.00159649 0.00157288 0.00153418 0.0014814 0.00141586 0.00133923 0.00125341 0.00116053 0.0010628 0.000962492 0.00086179 0.000762749 0.000667204 0.000576708 0.000492496 0.000415461 0.000346157 0.00028482 0.000231399 0.000185603 0.000146954 0.000114839 8.8562e-05 6.73893e-05 5.05888e-05 3.74603e-05 2.73573e-05 1.97011e-05 1.3988e-05 9.79039e-06 6.7539e-06 4.59149e-06 3.07563e-06 2.02972e-06 1.31947e-06 8.44846e-07 5.32742e-07 3.30808e-07 2.02263e-07 1.2176e-07 7.21631e-08 4.21044e-08 2.41846e-08 1.36771e-08 7.61887e-09 4.18828e-09 2.28813e-09 1.27462e-09 7.86273e-10 
1.15361e-09 1.41114e-09 2.28051e-09 4.08114e-09 7.44842e-09 1.35107e-08 2.41846e-08 4.26416e-08 7.40204e-08 1.26488e-07 2.12779e-07 3.52379e-07 5.74537e-07 9.2233e-07 1.45799e-06 2.26967e-06 3.47989e-06 5.2555e-06 7.81928e-06 1.14627e-05 1.65592e-05 2.35774e-05 3.30921e-05 4.57929e-05 6.24875e-05 8.4097e-05 0.000111644 0.000146227 0.000188985 0.00024105 0.000303481 0.000377198 0.000462897 0.000560971 0.000671436 0.000793857 0.000927303 0.00107032 0.00122094 0.0013767 0.00153472 0.00169182 0.00184459 0.00198955 0.00212329 0.00224257 0.00234447 0.00242648 0.00248655 0.0025232 0.00253552 0.0025232 0.00248655 0.00242648 0.00234447 0.00224257 0.00212329 0.00198955 0.00184459 0.00169182 0.00153472 0.0013767 0.00122094 0.00107032 0.000927303 0.000793857 0.000671436 0.000560971 0.000462897 0.000377198 0.000303481 0.00024105 0.000188985 0.000146227 0.000111644 8.4097e-05 6.24875e-05 4.57929e-05 3.30921e-05 2.35774e-05 1.65592e-05 1.14627e-05 7.81928e-06 5.2555e-06 3.47989e-06 2.26967e-06 1.45799e-06 9.2233e-07 5.74537e-07 3.52379e-07 2.12779e-07 1.26488e-07 7.40204e-08 4.26416e-08 2.41846e-08 1.35107e-08 7.44842e-09 4.08114e-09 2.28051e-09 1.41114e-09 
2.04208e-09 2.49401e-09 4.01791e-09 7.1677e-09 1.30428e-08 2.35898e-08 4.21044e-08 7.40204e-08 1.2811e-07 2.18259e-07 3.66037e-07 6.04306e-07 9.82189e-07 1.57171e-06 2.47644e-06 3.84242e-06 5.87157e-06 8.83753e-06 1.31037e-05 1.9143e-05 2.7558e-05 3.90999e-05 5.46854e-05 7.54067e-05 0.000102534 0.000137508 0.000181914 0.000237443 0.000305832 0.000388787 0.000487889 0.000604478 0.00073954 0.000893581 0.00106652 0.00125757 0.00146521 0.00168712 0.00192021 0.00216066 0.00240406 0.00264552 0.00287988 0.00310188 0.00330639 0.00348854 0.00364399 0.00376897 0.00386047 0.00391626 0.00393501 0.00391626 0.00386047 0.00376897 0.00364399 0.00348854 0.00330639 0.00310188 0.00287988 0.00264552 0.00240406 0.00216066 0.00192021 0.00168712 0.00146521 0.00125757 0.00106652 0.000893581 0.00073954 0.000604478 0.000487889 0.000388787 0.000305832 0.000237443 0.000181914 0.000137508 0.000102534 7.54067e-05 5.46854e-05 3.90999e-05 2.7558e-05 1.9143e-05 1.31037e-05 8.83753e-06 5.87157e-06 3.84242e-06 2.47644e-06 1.57171e-06 9.82189e-07 6.04306e-07 3.66037e-07 2.18259e-07 1.2811e-07 7.40204e-08 4.21044e-08 2.35898e-08 1.30428e-08 7.1677e-09 4.01791e-09 2.49401e-09 
3.55954e-09 4.3404e-09 6.97026e-09 1.23947e-08 2.24861e-08 4.05499e-08 7.21631e-08 1.26488e-07 2.18259e-07 3.70712e-07 6.19786e-07 1.02001e-06 1.65254e-06 2.63584e-06 4.13943e-06 6.40122e-06 9.74848e-06 1.46224e-05 2.16057e-05 3.14525e-05 4.51178e-05 6.37854e-05 8.88901e-05 0.000122131 0.000165469 0.000221113 0.000291473 0.0003791 0.000486587 0.000616452 0.000770993 0.000952118 0.00116117 0.00139875 0.00166457 0.00195728 0.00227442 0.00261236 0.00296634 0.00333056 0.00369837 0.00406245 0.00441511 0.00474858 0.00505527 0.00532807 0.00556061 0.00574739 0.00588404 0.00596733 0.00599531 0.00596733 0.00588404 0.00574739 0.00556061 0.00532807 0.00505527 0.00474858 0.00441511 0.00406245 0.00369837 0.00333056 0.00296634 0.00261236 0.00227442 0.00195728 0.00166457 0.00139875 0.00116117 0.000952118 0.000770993 0.000616452 0.000486587 0.0003791 0.000291473 0.000221113 0.000165469 0.000122131 8.88901e-05 6.37854e-05 4.51178e-05 3.14525e-05 2.16057e-05 1.46224e-05 9.74848e-06 6.40122e-06 4.13943e-06 2.63584e-06 1.65254e-06 1.02001e-06 6.19786e-07 3.70712e-07 2.18259e-07 1.26488e-07 7.21631e-08 4.05499e-08 2.24861e-08 1.23947e-08 6.97026e-09 4.3404e-09 
6.10985e-09 7.43819e-09 1.19065e-08 2.11037e-08 3.81682e-08 6.86242e-08 1.2176e-07 2.12779e-07 3.66037e-07 6.19786e-07 1.03295e-06 1.69454e-06 2.73646e-06 4.35031e-06 6.80905e-06 1.04938e-05 1.5926e-05 2.3805e-05 3.50494e-05 5.08406e-05 7.26661e-05 0.000102358 0.000142121 0.00019455 0.000262617 0.00034964 0.000459214 0.000595104 0.000761102 0.000960838 0.00119757 0.00147393 0.00179169 0.00215149 0.0025526 0.0029928 0.00346819 0.0039732 0.00450065 0.0050419 0.0055871 0.00612553 0.00664598 0.00713718 0.00758817 0.00798876 0.0083298 0.00860347 0.00880353 0.00892542 0.00896635 0.00892542 0.00880353 0.00860347 0.0083298 0.00798876 0.00758817 0.00713718 0.00664598 0.00612553 0.0055871 0.0050419 0.00450065 0.0039732 0.00346819 0.0029928 0.0025526 0.00215149 0.00179169 0.00147393 0.00119757 0.000960838 0.000761102 0.000595104 0.000459214 0.00034964 0.000262617 0.00019455 0.000142121 0.000102358 7.26661e-05 5.08406e-05 3.50494e-05 2.3805e-05 1.5926e-05 1.04938e-05 6.80905e-06 4.35031e-06 2.73646e-06 1.69454e-06 1.03295e-06 6.19786e-07 3.66037e-07 2.12779e-07 1.2176e-07 6.86242e-08 3.81682e-08 2.11037e-08 1.19065e-08 7.43819e-09 
1.03277e-08 1.25526e-08 2.00276e-08 3.53806e-08 6.37899e-08 1.14342e-07 2.02263e-07 3.52379e-07 6.04306e-07 1.02001e-06 1.69454e-06 2.77086e-06 4.45982e-06 7.06631e-06 1.10225e-05 1.69287e-05 2.56021e-05 3.81324e-05 5.59424e-05 8.08516e-05 0.000115136 0.000161579 0.000223511 0.000304817 0.000409916 0.0005437 0.00071142 0.000918519 0.00117042 0.00147222 0.00182844 0.0022426 0.00271689 0.00325186 0.00384606 0.00449582 0.00519515 0.00593567 0.00670674 0.00749574 0.00828841 0.00906933 0.00982251 0.0105319 0.0111822 0.0117588 0.0122491 0.0126422 0.0129293 0.0131041 0.0131628 0.0131041 0.0129293 0.0126422 0.0122491 0.0117588 0.0111822 0.0105319 0.00982251 0.00906933 0.00828841 0.00749574 0.00670674 0.00593567 0.00519515 0.00449582 0.00384606 0.00325186 0.00271689 0.0022426 0.00182844 0.00147222 0.00117042 0.000918519 0.00071142 0.0005437 0.000409916 0.000304817 0.000223511 0.000161579 0.000115136 8.08516e-05 5.59424e-05 3.81324e-05 2.56021e-05 1.69287e-05 1.10225e-05 7.06631e-06 4.45982e-06 2.77086e-06 1.69454e-06 1.02001e-06 6.04306e-07 3.52379e-07 2.02263e-07 1.14342e-07 6.37899e-08 3.53806e-08 2.00276e-08 1.25526e-08 
1.71925e-08 2.08618e-08 3.31748e-08 5.84094e-08 1.04977e-07 1.87588e-07 3.30808e-07 5.74537e-07 9.82189e-07 1.65254e-06 2.73646e-06 4.45982e-06 7.15424e-06 1.12969e-05 1.75608e-05 2.6876e-05 4.05013e-05 6.01059e-05 8.78566e-05 0.000126506 0.000179476 0.000250922 0.000345777 0.000469755 0.000629301 0.000831482 0.00108381 0.001394 0.0017696 0.00221765 0.00274418 0.00335376 0.00404896 0.00482995 0.00569403 0.00663541 0.00764499 0.00871042 0.00981628 0.0109445 0.0120748 0.0131855 0.0142543 0.0152588 0.0161778 0.0169916 0.0176825 0.0182358 0.0186396 0.0188854 0.0189679 0.0188854 0.0186396 0.0182358 0.0176825 0.0169916 0.0161778 0.0152588 0.0142543 0.0131855 0.0120748 0.0109445 0.00981628 0.00871042 0.00764499 0.00663541 0.00569403 0.00482995 0.00404896 0.00335376 0.00274418 0.00221765 0.0017696 0.001394 0.00108381 0.000831482 0.000629301 0.000469755 0.000345777 0.000250922 0.000179476 0.000126506 8.78566e-05 6.01059e-05 4.05013e-05 2.6876e-05 1.75608e-05 1.12969e-05 7.15424e-06 4.45982e-06 2.73646e-06 1.65254e-06 9.82189e-07 5.74537e-07 3.30808e-07 1.87588e-07 1.04977e-07 5.84094e-08 3.31748e-08 2.08618e-08 
2.81881e-08 3.41473e-08 5.41193e-08 9.4961e-08 1.7012e-07 3.03045e-07 5.32742e-07 9.2233e-07 1.57171e-06 2.63584e-06 4.35031e-06 7.06631e-06 1.12969e-05 1.77768e-05 2.75368e-05 4.19936e-05 6.30544e-05 9.32329e-05 0.000135772 0.000194765 0.000275263 0.000383362 0.000526237 0.000712131 0.000950262 0.00125064 0.0016238 0.0020804 0.00263075 0.00328428 0.00404883 0.00493006 0.00593075 0.0070502 0.00828375 0.0096224 0.0110527 0.0125568 0.0141127 0.0156951 0.0172758 0.0188249 0.0203119 0.0217064 0.0229797 0.0241053 0.0250596 0.0258229 0.0263795 0.0267181 0.0268317 0.0267181 0.0263795 0.0258229 0.0250596 0.0241053 0.0229797 0.0217064 0.0203119 0.0188249 0.0172758 0.0156951 0.0141127 0.0125568 0.0110527 0.0096224 0.00828375 0.0070502 0.00593075 0.00493006 0.00404883 0.00328428 0.00263075 0.0020804 0.0016238 0.00125064 0.000950262 0.000712131 0.000526237 0.000383362 0.000275263 0.000194765 0.000135772 9.32329e-05 6.30544e-05 4.19936e-05 2.75368e-05 1.77768e-05 1.12969e-05 7.06631e-06 4.35031e-06 2.63584e-06 1.57171e-06 9.2233e-07 5.32742e-07 3.03045e-07 1.7012e-07 9.4961e-08 5.41193e-08 3.41473e-08 
4.55219e-08 5.5053e-08 8.69558e-08 1.52051e-07 2.71506e-07 4.82111e-07 8.44846e-07 1.45799e-06 2.47644e-06 4.13943e-06 6.80905e-06 1.10225e-05 1.75608e-05 2.75368e-05 4.25034e-05 6.45832e-05 9.66173e-05 0.000142327 0.000206484 0.000295068 0.00041541 0.000576284 0.000787938 0.00106204 0.00141153 0.00185029 0.00239276 0.00305338 0.00384589 0.00478251 0.00587316 0.0071245 0.00853909 0.0101147 0.0118435 0.0137119 0.0157005 0.0177838 0.0199315 0.0221084 0.0242763 0.026395 0.0284233 0.0303212 0.0320504 0.0335763 0.0348681 0.0359 0.0366519 0.0371089 0.0372622 0.0371089 0.0366519 0.0359 0.0348681 0.0335763 0.0320504 0.0303212 0.0284233 0.026395 0.0242763 0.0221084 0.0199315 0.0177838 0.0157005 0.0137119 0.0118435 0.0101147 0.00853909 0.0071245 0.00587316 0.00478251 0.00384589 0.00305338 0.00239276 0.00185029 0.00141153 0.00106204 0.000787938 0.000576284 0.00041541 0.000295068 0.000206484 0.000142327 9.66173e-05 6.45832e-05 4.25034e-05 2.75368e-05 1.75608e-05 1.10225e-05 6.80905e-06 4.13943e-06 2.47644e-06 1.45799e-06 8.44846e-07 4.82111e-07 2.71506e-07 1.52051e-07 8.69558e-08 5.5053e-08 
7.24166e-08 8.74305e-08 1.37622e-07 2.39803e-07 4.2678e-07 7.55389e-07 1.31947e-06 2.26967e-06 3.84242e-06 6.40122e-06 1.04938e-05 1.69287e-05 2.6876e-05 4.19936e-05 6.45832e-05 9.77728e-05 0.000145724 0.000213855 0.000309064 0.000439941 0.000616932 0.000852444 0.00116085 0.00155836 0.00206274 0.00269289 0.0034682 0.00440775 0.00552933 0.00684844 0.00837705 0.0101225 0.0120865 0.014264 0.0166428 0.0192027 0.021916 0.0247476 0.0276558 0.0305934 0.0335094 0.0363505 0.0390632 0.041595 0.043897 0.0459243 0.0476379 0.049005 0.0500001 0.0506045 0.0508072 0.0506045 0.0500001 0.049005 0.0476379 0.0459243 0.043897 0.041595 0.0390632 0.0363505 0.0335094 0.0305934 0.0276558 0.0247476 0.021916 0.0192027 0.0166428 0.014264 0.0120865 0.0101225 0.00837705 0.00684844 0.00552933 0.00440775 0.0034682 0.00269289 0.00206274 0.00155836 0.00116085 0.000852444 0.000616932 0.000439941 0.000309064 0.000213855 0.000145724 9.77728e-05 6.45832e-05 4.19936e-05 2.6876e-05 1.69287e-05 1.04938e-05 6.40122e-06 3.84242e-06 2.26967e-06 1.31947e-06 7.55389e-07 4.2678e-07 2.39803e-07 1.37622e-07 8.74305e-08 
1.13491e-07 1.36787e-07 2.14565e-07 3.72551e-07 6.60812e-07 1.1658e-06 2.02972e-06 3.47989e-06 5.87157e-06 9.74848e-06 1.5926e-05 2.56021e-05 4.05013e-05 6.30544e-05 9.66173e-05 0.000145724 0.000216371 0.000316312 0.000455355 0.000645621 0.00090174 0.00124094 0.00168301 0.00225002 0.00296594 0.00385593 0.00494543 0.00625906 0.0078193 0.00964506 0.0117502 0.0141422 0.0168205 0.0197759 0.0229896 0.0264325 0.0300661 0.0338425 0.037706 0.0415943 0.0454409 0.0491769 0.0527337 0.0560448 0.0590482 0.061688 0.0639155 0.0656902 0.0669806 0.0677639 0.0680265 0.0677639 0.0669806 0.0656902 0.0639155 0.061688 0.0590482 0.0560448 0.0527337 0.0491769 0.0454409 0.0415943 0.037706 0.0338425 0.0300661 0.0264325 0.0229896 0.0197759 0.0168205 0.0141422 0.0117502 0.00964506 0.0078193 0.00625906 0.00494543 0.00385593 0.00296594 0.00225002 0.00168301 0.00124094 0.00090174 0.000645621 0.000455355 0.000316312 0.000216371 0.000145724 9.66173e-05 6.30544e-05 4.05013e-05 2.56021e-05 1.5926e-05 9.74848e-06 5.87157e-06 3.47989e-06 2.02972e-06 1.1658e-06 6.60812e-07 3.72551e-07 2.14565e-07 1.36787e-07 
1.75238e-07 2.10847e-07 3.29582e-07 5.70205e-07 1.00797e-06 1.77238e-06 3.07563e-06 5.2555e-06 8.83753e-06 1.46224e-05 2.3805e-05 3.81324e-05 6.01059e-05 9.32329e-05 0.000142327 0.000213855 0.000316312 0.000460613 0.000660466 0.000932683 0.00129739 0.0017781 0.00240151 0.00319716 0.0041967 0.00543291 0.00693846 0.0087443 0.010878 0.0133618 0.0162109 0.0194316 0.0230196 0.0269592 0.0312223 0.0357683 0.0405444 0.045487 0.0505228 0.0555715 0.060548 0.0653653 0.0699375 0.0741822 0.0780231 0.0813917 0.0842291 0.0864866 0.0881261 0.0891205 0.0894538 0.0891205 0.0881261 0.0864866 0.0842291 0.0813917 0.0780231 0.0741822 0.0699375 0.0653653 0.060548 0.0555715 0.0505228 0.045487 0.0405444 0.0357683 0.0312223 0.0269592 0.0230196 0.0194316 0.0162109 0.0133618 0.010878 0.0087443 0.00693846 0.00543291 0.0041967 0.00319716 0.00240151 0.0017781 0.00129739 0.000932683 0.000660466 0.000460613 0.000316312 0.000213855 0.000142327 9.32329e-05 6.01059e-05 3.81324e-05 2.3805e-05 1.46224e-05 8.83753e-06 5.2555e-06 3.07563e-06 1.77238e-06 1.00797e-06 5.70205e-07 3.29582e-07 2.10847e-07 
2.66617e-07 3.20244e-07 4.98822e-07 8.59889e-07 1.51486e-06 2.65478e-06 4.59149e-06 7.81928e-06 1.31037e-05 2.16057e-05 3.50494e-05 5.59424e-05 8.78566e-05 0.000135772 0.000206484 0.000309064 0.000455355 0.000660466 0.000943233 0.00132658 0.00183772 0.00250812 0.00337321 0.00447171 0.00584458 0.00753365 0.00957983 0.012021 0.01489 0.0182117 0.0220016 0.0262629 0.0309854 0.0361439 0.0416979 0.0475914 0.0537542 0.0601028 0.0665433 0.0729742 0.0792889 0.0853802 0.0911429 0.0964772 0.101291 0.105504 0.109046 0.111859 0.1139 0.115137 0.115552 0.115137 0.1139 0.111859 0.109046 0.105504 0.101291 0.0964772 0.0911429 0.0853802 0.0792889 0.0729742 0.0665433 0.0601028 0.0537542 0.0475914 0.0416979 0.0361439 0.0309854 0.0262629 0.0220016 0.0182117 0.01489 0.012021 0.00957983 0.00753365 0.00584458 0.00447171 0.00337321 0.00250812 0.00183772 0.00132658 0.000943233 0.000660466 0.000455355 0.000309064 0.000206484 0.000135772 8.78566e-05 5.59424e-05 3.50494e-05 2.16057e-05 1.31037e-05 7.81928e-06 4.59149e-06 2.65478e-06 1.51486e-06 8.59889e-07 4.98822e-07 3.20244e-07 
3.99745e-07 4.79323e-07 7.43972e-07 1.27783e-06 2.24337e-06 3.91826e-06 6.7539e-06 1.14627e-05 1.9143e-05 3.14525e-05 5.08406e-05 8.08516e-05 0.000126506 0.000194765 0.000295068 0.000439941 0.000645621 0.000932683 0.00132658 0.00185803 0.00256319 0.00348345 0.00466492 0.00615738 0.00801277 0.0102833 0.0130189 0.0162647 0.0200581 0.024426 0.0293818 0.0349233 0.0410311 0.047667 0.054774 0.062277 0.0700839 0.078088 0.0861714 0.0942079 0.102068 0.109621 0.116743 0.123314 0.129229 0.134393 0.138725 0.14216 0.144649 0.146157 0.146662 0.146157 0.144649 0.14216 0.138725 0.134393 0.129229 0.123314 0.116743 0.109621 0.102068 0.0942079 0.0861714 0.078088 0.0700839 0.062277 0.054774 0.047667 0.0410311 0.0349233 0.0293818 0.024426 0.0200581 0.0162647 0.0130189 0.0102833 0.00801277 0.00615738 0.00466492 0.00348345 0.00256319 0.00185803 0.00132658 0.000932683 0.000645621 0.000439941 0.000295068 0.000194765 0.000126506 8.08516e-05 5.08406e-05 3.14525e-05 1.9143e-05 1.14627e-05 6.7539e-06 3.91826e-06 2.24337e-06 1.27783e-06 7.43972e-07 4.79323e-07 
5.90691e-07 7.07064e-07 1.09357e-06 1.87144e-06 3.27411e-06 5.69919e-06 9.79039e-06 1.65592e-05 2.7558e-05 4.51178e-05 7.26661e-05 0.000115136 0.000179476 0.000275263 0.00041541 0.000616932 0.00090174 0.00129739 0.00183772 0.00256319 0.00352099 0.00476462 0.00635296 0.00834876 0.0108165 0.0138198 0.0174182 0.0216637 0.0265973 0.0322455 0.0386172 0.0457015 0.0534653 0.0618533 0.0707876 0.0801692 0.08988 0.0997866 0.109744 0.119598 0.129195 0.138382 0.147012 0.154949 0.162072 0.168274 0.173467 0.177578 0.180552 0.182352 0.182955 0.182352 0.180552 0.177578 0.173467 0.168274 0.162072 0.154949 0.147012 0.138382 0.129195 0.119598 0.109744 0.0997866 0.08988 0.0801692 0.0707876 0.0618533 0.0534653 0.0457015 0.0386172 0.0322455 0.0265973 0.0216637 0.0174182 0.0138198 0.0108165 0.00834876 0.00635296 0.00476462 0.00352099 0.00256319 0.00183772 0.00129739 0.00090174 0.000616932 0.00041541 0.000275263 0.000179476 0.000115136 7.26661e-05 4.51178e-05 2.7558e-05 1.65592e-05 9.79039e-06 5.69919e-06 3.27411e-06 1.87144e-06 1.09357e-06 7.07064e-07 
8.60333e-07 1.02806e-06 1.58443e-06 2.70151e-06 4.7099e-06 8.17054e-06 1.3988e-05 2.35774e-05 3.90999e-05 6.37854e-05 0.000102358 0.000161579 0.000250922 0.000383362 0.000576284 0.000852444 0.00124094 0.0017781 0.00250812 0.00348345 0.00476462 0.00641952 0.00852194 0.0111494 0.0143804 0.0182905 0.0229486 0.0284127 0.0347253 0.0419096 0.0499665 0.0588713 0.068573 0.0789938 0.0900296 0.101553 0.113416 0.125455 0.137494 0.149353 0.16085 0.171809 0.182065 0.191465 0.199874 0.207177 0.213276 0.218096 0.221579 0.223684 0.224388 0.223684 0.221579 0.218096 0.213276 0.207177 0.199874 0.191465 0.182065 0.171809 0.16085 0.149353 0.137494 0.125455 0.113416 0.101553 0.0900296 0.0789938 0.068573 0.0588713 0.0499665 0.0419096 0.0347253 0.0284127 0.0229486 0.0182905 0.0143804 0.0111494 0.00852194 0.00641952 0.00476462 0.00348345 0.00250812 0.0017781 0.00124094 0.000852444 0.000576284 0.000383362 0.000250922 0.000161579 0.000102358 6.37854e-05 3.90999e-05 2.35774e-05 1.3988e-05 8.17054e-06 4.7099e-06 2.70151e-06 1.58443e-06 1.02806e-06 
1.23523e-06 1.47354e-06 2.26298e-06 3.84437e-06 6.67903e-06 1.1547e-05 1.97011e-05 3.30921e-05 5.46854e-05 8.88901e-05 0.000142121 0.000223511 0.000345777 0.000526237 0.000787938 0.00116085 0.00168301 0.00240151 0.00337321 0.00466492 0.00635296 0.00852194 0.0112627 0.014669 0.0188342 0.0238459 0.0297817 0.0367032 0.0446516 0.0536428 0.0636645 0.0746733 0.0865942 0.0993212 0.112719 0.126627 0.140864 0.155231 0.169523 0.18353 0.197046 0.209872 0.221826 0.232742 0.242475 0.250902 0.257924 0.263462 0.267457 0.26987 0.270677 0.26987 0.267457 0.263462 0.257924 0.250902 0.242475 0.232742 0.221826 0.209872 0.197046 0.18353 0.169523 0.155231 0.140864 0.126627 0.112719 0.0993212 0.0865942 0.0746733 0.0636645 0.0536428 0.0446516 0.0367032 0.0297817 0.0238459 0.0188342 0.014669 0.0112627 0.00852194 0.00635296 0.00466492 0.00337321 0.00240151 0.00168301 0.00116085 0.000787938 0.000526237 0.000345777 0.000223511 0.000142121 8.88901e-05 5.46854e-05 3.30921e-05 1.97011e-05 1.1547e-05 6.67903e-06 3.84437e-06 2.26298e-06 1.47354e-06 
1.74843e-06 2.08224e-06 3.18659e-06 5.39367e-06 9.33814e-06 1.60893e-05 2.73573e-05 4.57929e-05 7.54067e-05 0.000122131 0.00019455 0.000304817 0.000469755 0.000712131 0.00106204 0.00155836 0.00225002 0.00319716 0.00447171 0.00615738 0.00834876 0.0111494 0.014669 0.0190189 0.0243073 0.0306334 0.0380811 0.046713 0.0565645 0.0676392 0.0799055 0.093295 0.107702 0.122987 0.138978 0.155476 0.172263 0.189107 0.205769 0.222012 0.237606 0.252335 0.266003 0.278435 0.289481 0.299015 0.306939 0.313175 0.317666 0.320376 0.321281 0.320376 0.317666 0.313175 0.306939 0.299015 0.289481 0.278435 0.266003 0.252335 0.237606 0.222012 0.205769 0.189107 0.172263 0.155476 0.138978 0.122987 0.107702 0.093295 0.0799055 0.0676392 0.0565645 0.046713 0.0380811 0.0306334 0.0243073 0.0190189 0.014669 0.0111494 0.00834876 0.00615738 0.00447171 0.00319716 0.00225002 0.00155836 0.00106204 0.000712131 0.000469755 0.000304817 0.00019455 0.000122131 7.54067e-05 4.57929e-05 2.73573e-05 1.60893e-05 9.33814e-06 5.39367e-06 3.18659e-06 2.08224e-06 
2.44012e-06 2.90115e-06 4.42444e-06 7.46177e-06 1.2874e-05 2.21063e-05 3.74603e-05 6.24875e-05 0.000102534 0.000165469 0.000262617 0.000409916 0.000629301 0.000950262 0.00141153 0.00206274 0.00296594 0.0041967 0.00584458 0.00801277 0.0108165 0.0143804 0.0188342 0.0243073 0.0309224 0.0387885 0.0479929 0.0585946 0.0706178 0.0840473 0.0988257 0.114852 0.131985 0.150042 0.168811 0.188052 0.207508 0.226911 0.245991 0.264488 0.282151 0.298752 0.314086 0.327974 0.340267 0.350844 0.359609 0.366491 0.371439 0.374421 0.375417 0.374421 0.371439 0.366491 0.359609 0.350844 0.340267 0.327974 0.314086 0.298752 0.282151 0.264488 0.245991 0.226911 0.207508 0.188052 0.168811 0.150042 0.131985 0.114852 0.0988257 0.0840473 0.0706178 0.0585946 0.0479929 0.0387885 0.0309224 0.0243073 0.0188342 0.0143804 0.0108165 0.00801277 0.00584458 0.0041967 0.00296594 0.00206274 0.00141153 0.000950262 0.000629301 0.000409916 0.000262617 0.000165469 0.000102534 6.24875e-05 3.74603e-05 2.21063e-05 1.2874e-05 7.46177e-06 4.42444e-06 2.90115e-06 
3.35801e-06 3.98592e-06 6.05797e-06 1.01801e-05 1.75037e-05 2.99551e-05 5.05888e-05 8.4097e-05 0.000137508 0.000221113 0.00034964 0.0005437 0.000831482 0.00125064 0.00185029 0.00269289 0.00385593 0.00543291 0.00753365 0.0102833 0.0138198 0.0182905 0.0238459 0.0306334 0.0387885 0.0484269 0.0596351 0.0724629 0.0869169 0.102956 0.120488 0.139373 0.159425 0.180417 0.20209 0.22416 0.24633 0.268299 0.28977 0.31046 0.330107 0.348474 0.365357 0.380579 0.393999 0.405504 0.41501 0.422455 0.427799 0.431015 0.432088 0.431015 0.427799 0.422455 0.41501 0.405504 0.393999 0.380579 0.365357 0.348474 0.330107 0.31046 0.28977 0.268299 0.24633 0.22416 0.20209 0.180417 0.159425 0.139373 0.120488 0.102956 0.0869169 0.0724629 0.0596351 0.0484269 0.0387885 0.0306334 0.0238459 0.0182905 0.0138198 0.0102833 0.00753365 0.00543291 0.00385593 0.00269289 0.00185029 0.00125064 0.000831482 0.0005437 0.00034964 0.000221113 0.000137508 8.4097e-05 5.05888e-05 2.99551e-05 1.75037e-05 1.01801e-05 6.05797e-06 3.98592e-06 
4.55721e-06 5.40067e-06 8.18052e-06 1.36983e-05 2.34731e-05 4.00372e-05 6.73893e-05 0.000111644 0.000181914 0.000291473 0.000459214 0.00071142 0.00108381 0.0016238 0.00239276 0.0034682 0.00494543 0.00693846 0.00957983 0.0130189 0.0174182 0.0229486 0.0297817 0.0380811 0.0479929 0.0596351 0.0730879 0.0883852 0.105508 0.12438 0.144869 0.166786 0.189896 0.213919 0.238548 0.263455 0.288304 0.312763 0.336512 0.359254 0.38072 0.400677 0.418923 0.435297 0.44967 0.461945 0.472055 0.479953 0.48561 0.489009 0.490143 0.489009 0.48561 0.479953 0.472055 0.461945 0.44967 0.435297 0.418923 0.400677 0.38072 0.359254 0.336512 0.312763 0.288304 0.263455 0.238548 0.213919 0.189896 0.166786 0.144869 0.12438 0.105508 0.0883852 0.0730879 0.0596351 0.0479929 0.0380811 0.0297817 0.0229486 0.0174182 0.0130189 0.00957983 0.00693846 0.00494543 0.0034682 0.00239276 0.0016238 0.00108381 0.00071142 0.000459214 0.000291473 0.000181914 0.000111644 6.73893e-05 4.00372e-05 2.34731e-05 1.36983e-05 8.18052e-06 5.40067e-06 
6.09961e-06 7.21719e-06 1.0896e-05 1.81819e-05 3.10522e-05 5.27907e-05 8.8562e-05 0.000146227 0.000237443 0.0003791 0.000595104 0.000918519 0.001394 0.0020804 0.00305338 0.00440775 0.00625906 0.0087443 0.012021 0.0162647 0.0216637 0.0284127 0.0367032 0.046713 0.0585946 0.0724629 0.0883852 0.106371 0.126368 0.148256 0.171853 0.196916 0.223152 0.250229 0.277787 0.305455 0.332862 0.359649 0.38548 0.410054 0.433102 0.454402 0.473768 0.491057 0.506164 0.519013 0.52956 0.537775 0.543647 0.54717 0.548345 0.54717 0.543647 0.537775 0.52956 0.519013 0.506164 0.491057 0.473768 0.454402 0.433102 0.410054 0.38548 0.359649 0.332862 0.305455 0.277787 0.250229 0.223152 0.196916 0.171853 0.148256 0.126368 0.106371 0.0883852 0.0724629 0.0585946 0.046713 0.0367032 0.0284127 0.0216637 0.0162647 0.012021 0.0087443 0.00625906 0.00440775 0.00305338 0.0020804 0.001394 0.000918519 0.000595104 0.0003791 0.000237443 0.000146227 8.8562e-05 5.27907e-05 3.10522e-05 1.81819e-05 1.0896e-05 7.21719e-06 
8.05247e-06 9.5133e-06 1.43161e-05 2.38078e-05 4.05273e-05 6.86771e-05 0.000114839 0.000188985 0.000305832 0.000486587 0.000761102 0.00117042 0.0017696 0.00263075 0.00384589 0.00552933 0.0078193 0.010878 0.01489 0.0200581 0.0265973 0.0347253 0.0446516 0.0565645 0.0706178 0.0869169 0.105508 0.126368 0.149401 0.174435 0.201231 0.229484 0.258841 0.288912 0.319288 0.349557 0.379316 0.408188 0.435831 0.461944 0.486274 0.508614 0.528805 0.546733 0.56232 0.575521 0.586314 0.594697 0.600675 0.604256 0.605449 0.604256 0.600675 0.594697 0.586314 0.575521 0.56232 0.546733 0.528805 0.508614 0.486274 0.461944 0.435831 0.408188 0.379316 0.349557 0.319288 0.288912 0.258841 0.229484 0.201231 0.174435 0.149401 0.126368 0.105508 0.0869169 0.0706178 0.0565645 0.0446516 0.0347253 0.0265973 0.0200581 0.01489 0.010878 0.0078193 0.00552933 0.00384589 0.00263075 0.0017696 0.00117042 0.000761102 0.000486587 0.000305832 0.000188985 0.000114839 6.86771e-05 4.05273e-05 2.38078e-05 1.43161e-05 9.5133e-06 
1.04862e-05 1.23701e-05 1.85569e-05 3.07577e-05 5.21905e-05 8.8163e-05 0.000146954 0.00024105 0.000388787 0.000616452 0.000960838 0.00147222 0.00221765 0.00328428 0.00478251 0.00684844 0.00964506 0.0133618 0.0182117 0.024426 0.0322455 0.0419096 0.0536428 0.0676392 0.0840473 0.102956 0.12438 0.148256 0.174435 0.202687 0.232704 0.264117 0.29651 0.329436 0.362438 0.395066 0.426896 0.457541 0.486659 0.513964 0.539223 0.562261 0.582951 0.601214 0.617009 0.630322 0.641164 0.649557 0.655526 0.659096 0.660284 0.659096 0.655526 0.649557 0.641164 0.630322 0.617009 0.601214 0.582951 0.562261 0.539223 0.513964 0.486659 0.457541 0.426896 0.395066 0.362438 0.329436 0.29651 0.264117 0.232704 0.202687 0.174435 0.148256 0.12438 0.102956 0.0840473 0.0676392 0.0536428 0.0419096 0.0322455 0.024426 0.0182117 0.0133618 0.00964506 0.00684844 0.00478251 0.00328428 0.00221765 0.00147222 0.000960838 0.000616452 0.000388787 0.00024105 0.000146954 8.8163e-05 5.21905e-05 3.07577e-05 1.85569e-05 1.23701e-05 
1.34711e-05 1.58685e-05 2.37326e-05 3.92096e-05 6.63249e-05 0.000111696 0.000185603 0.000303481 0.000487889 0.000770993 0.00119757 0.00182844 0.00274418 0.00404883 0.00587316 0.00837705 0.0117502 0.0162109 0.0220016 0.0293818 0.0386172 0.0499665 0.0636645 0.0799055 0.0988257 0.120488 0.144869 0.171853 0.201231 0.232704 0.265894 0.300364 0.335632 0.371196 0.406557 0.441235 0.474793 0.50684 0.537051 0.56516 0.590969 0.614339 0.635187 0.653473 0.669197 0.682385 0.693077 0.701324 0.707174 0.710667 0.711828 0.710667 0.707174 0.701324 0.693077 0.682385 0.669197 0.653473 0.635187 0.614339 0.590969 0.56516 0.537051 0.50684 0.474793 0.441235 0.406557 0.371196 0.335632 0.300364 0.265894 0.232704 0.201231 0.171853 0.144869 0.120488 0.0988257 0.0799055 0.0636645 0.0499665 0.0386172 0.0293818 0.0220016 0.0162109 0.0117502 0.00837705 0.00587316 0.00404883 0.00274418 0.00182844 0.00119757 0.000770993 0.000487889 0.000303481 0.000185603 0.000111696 6.63249e-05 3.92096e-05 2.37326e-05 1.58685e-05 
1.70734e-05 2.00842e-05 2.99495e-05 4.93264e-05 8.31866e-05 0.000139676 0.000231399 0.000377198 0.000604478 0.000952118 0.00147393 0.0022426 0.00335376 0.00493006 0.0071245 0.0101225 0.0141422 0.0194316 0.0262629 0.0349233 0.0457015 0.0588713 0.0746733 0.093295 0.114852 0.139373 0.166786 0.196916 0.229484 0.264117 0.300364 0.337715 0.375626 0.413546 0.450938 0.487303 0.522197 0.555242 0.586134 0.614643 0.640612 0.663949 0.684616 0.702622 0.71801 0.730845 0.741203 0.749161 0.754789 0.758142 0.759256 0.758142 0.754789 0.749161 0.741203 0.730845 0.71801 0.702622 0.684616 0.663949 0.640612 0.614643 0.586134 0.555242 0.522197 0.487303 0.450938 0.413546 0.375626 0.337715 0.300364 0.264117 0.229484 0.196916 0.166786 0.139373 0.114852 0.093295 0.0746733 0.0588713 0.0457015 0.0349233 0.0262629 0.0194316 0.0141422 0.0101225 0.0071245 0.00493006 0.00335376 0.0022426 0.00147393 0.000952118 0.000604478 0.000377198 0.000231399 0.000139676 8.31866e-05 4.93264e-05 2.99495e-05 2.00842e-05 
2.13505e-05 2.50824e-05 3.72975e-05 6.12439e-05 0.000102985 0.000172422 0.00028482 0.000462897 0.00073954 0.00116117 0.00179169 0.00271689 0.00404896 0.00593075 0.00853909 0.0120865 0.0168205 0.0230196 0.0309854 0.0410311 0.0534653 0.068573 0.0865942 0.107702 0.131985 0.159425 0.189896 0.223152 0.258841 0.29651 0.335632 0.375626 0.415892 0.455832 0.494882 0.532533 0.568347 0.601968 0.633126 0.661634 0.687385 0.710338 0.730509 0.747957 0.762769 0.775051 0.784911 0.792455 0.797773 0.800935 0.801984 0.800935 0.797773 0.792455 0.784911 0.775051 0.762769 0.747957 0.730509 0.710338 0.687385 0.661634 0.633126 0.601968 0.568347 0.532533 0.494882 0.455832 0.415892 0.375626 0.335632 0.29651 0.258841 0.223152 0.189896 0.159425 0.131985 0.107702 0.0865942 0.068573 0.0534653 0.0410311 0.0309854 0.0230196 0.0168205 0.0120865 0.00853909 0.00593075 0.00404896 0.00271689 0.00179169 0.00116117 0.00073954 0.000462897 0.00028482 0.000172422 0.000102985 6.12439e-05 3.72975e-05 2.50824e-05 
2.63454e-05 3.09114e-05 4.58415e-05 7.50568e-05 0.00012586 0.000210141 0.000346157 0.000560971 0.000893581 0.00139875 0.00215149 0.00325186 0.00482995 0.0070502 0.0101147 0.014264 0.0197759 0.0269592 0.0361439 0.047667 0.0618533 0.0789938 0.0993212 0.122987 0.150042 0.180417 0.213919 0.250229 0.288912 0.329436 0.371196 0.413546 0.455832 0.49742 0.537729 0.576251 0.612564 0.646345 0.677367 0.705497 0.730681 0.752936 0.772334 0.788983 0.803017 0.814579 0.82381 0.83084 0.835778 0.838707 0.839677 0.838707 0.835778 0.83084 0.82381 0.814579 0.803017 0.788983 0.772334 0.752936 0.730681 0.705497 0.677367 0.646345 0.612564 0.576251 0.537729 0.49742 0.455832 0.413546 0.371196 0.329436 0.288912 0.250229 0.213919 0.180417 0.150042 0.122987 0.0993212 0.0789938 0.0618533 0.047667 0.0361439 0.0269592 0.0197759 0.014264 0.0101147 0.0070502 0.00482995 0.00325186 0.00215149 0.00139875 0.000893581 0.000560971 0.000346157 0.000210141 0.00012586 7.50568e-05 4.58415e-05 3.09114e-05 
3.20813e-05 3.75964e-05 5.56125e-05 9.0805e-05 0.000151863 0.000252888 0.000415461 0.000671436 0.00106652 0.00166457 0.0025526 0.00384606 0.00569403 0.00828375 0.0118435 0.0166428 0.0229896 0.0312223 0.0416979 0.054774 0.0707876 0.0900296 0.112719 0.138978 0.168811 0.20209 0.238548 0.277787 0.319288 0.362438 0.406557 0.450938 0.494882 0.537729 0.578892 0.617871 0.654277 0.687828 0.718348 0.745761 0.770077 0.791369 0.809765 0.825424 0.838522 0.849238 0.857742 0.864186 0.868694 0.871361 0.872244 0.871361 0.868694 0.864186 0.857742 0.849238 0.838522 0.825424 0.809765 0.791369 0.770077 0.745761 0.718348 0.687828 0.654277 0.617871 0.578892 0.537729 0.494882 0.450938 0.406557 0.362438 0.319288 0.277787 0.238548 0.20209 0.168811 0.138978 0.112719 0.0900296 0.0707876 0.054774 0.0416979 0.0312223 0.0229896 0.0166428 0.0118435 0.00828375 0.00569403 0.00384606 0.0025526 0.00166457 0.00106652 0.000671436 0.000415461 0.000252888 0.000151863 9.0805e-05 5.56125e-05 3.75964e-05 
3.85563e-05 4.51334e-05 6.65993e-05 0.000108461 0.000180932 0.000300542 0.000492496 0.000793857 0.00125757 0.00195728 0.0029928 0.00449582 0.00663541 0.0096224 0.0137119 0.0192027 0.0264325 0.0357683 0.0475914 0.062277 0.0801692 0.101553 0.126627 0.155476 0.188052 0.22416 0.263455 0.305455 0.349557 0.395066 0.441235 0.487303 0.532533 0.576251 0.617871 0.656921 0.693047 0.726017 0.755717 0.782132 0.805332 0.825454 0.842676 0.857206 0.86926 0.879047 0.886762 0.892577 0.896627 0.899016 0.899806 0.899016 0.896627 0.892577 0.886762 0.879047 0.86926 0.857206 0.842676 0.825454 0.805332 0.782132 0.755717 0.726017 0.693047 0.656921 0.617871 0.576251 0.532533 0.487303 0.441235 0.395066 0.349557 0.305455 0.263455 0.22416 0.188052 0.155476 0.126627 0.101553 0.0801692 0.062277 0.0475914 0.0357683 0.0264325 0.0192027 0.0137119 0.0096224 0.00663541 0.00449582 0.0029928 0.00195728 0.00125757 0.000793857 0.000492496 0.000300542 0.000180932 0.000108461 6.65993e-05 4.51334e-05 
4.57386e-05 5.34841e-05 7.87413e-05 0.00012792 0.000212884 0.000352779 0.000576708 0.000927303 0.00146521 0.00227442 0.00346819 0.00519515 0.00764499 0.0110527 0.0157005 0.021916 0.0300661 0.0405444 0.0537542 0.0700839 0.08988 0.113416 0.140864 0.172263 0.207508 0.24633 0.288304 0.332862 0.379316 0.426896 0.474793 0.522197 0.568347 0.612564 0.654277 0.693047 0.728566 0.760662 0.789282 0.814477 0.83638 0.855184 0.87112 0.884437 0.895386 0.904204 0.911105 0.916275 0.919859 0.921966 0.922661 0.921966 0.919859 0.916275 0.911105 0.904204 0.895386 0.884437 0.87112 0.855184 0.83638 0.814477 0.789282 0.760662 0.728566 0.693047 0.654277 0.612564 0.568347 0.522197 0.474793 0.426896 0.379316 0.332862 0.288304 0.24633 0.207508 0.172263 0.140864 0.113416 0.08988 0.0700839 0.0537542 0.0405444 0.0300661 0.021916 0.0157005 0.0110527 0.00764499 0.00519515 0.00346819 0.00227442 0.00146521 0.000927303 0.000576708 0.000352779 0.000212884 0.00012792 7.87413e-05 5.34841e-05 
