3.77085e-07 4.08312e-07 5.05874e-07 6.81725e-07 9.56795e-07 1.36252e-06 1.94302e-06 2.7579e-06 3.88576e-06 5.42835e-06 7.51526e-06 1.03093e-05 1.40119e-05 1.88696e-05 2.51788e-05 3.3292e-05 4.36218e-05 5.66438e-05 7.28979e-05 9.29865e-05 0.00011757 0.00014736 0.000183102 0.000225566 0.000275518 0.0003337 0.000400794 0.000477397 0.00056398 0.000660855 0.000768137 0.000885718 0.00101323 0.00115004 0.00129521 0.00144751 0.00160544 0.00176721 0.0019308 0.00209397 0.00225435 0.00240945 0.00255674 0.00269375 0.00281807 0.00292747 0.00301994 0.00309376 0.00314751 0.00318019 0.00319115 0.00318019 0.00314751 0.00309376 0.00301994 0.00292747 0.00281807 0.00269375 0.00255674 0.00240945 0.00225435 0.00209397 0.0019308 0.00176721 0.00160544 0.00144751 0.00129521 0.00115004 0.00101323 0.000885718 0.000768137 0.000660855 0.00056398 0.000477397 0.000400794 0.0003337 0.000275518 0.000225566 0.000183102 0.00014736 0.00011757 9.29865e-05 7.28979e-05 5.66438e-05 4.36218e-05 3.3292e-05 2.51788e-05 1.88696e-05 1.40119e-05 1.03093e-05 7.51526e-06 5.42835e-06 3.88576e-06 2.7579e-06 1.94302e-06 1.36252e-06 9.56795e-07 6.81725e-07 5.05874e-07 4.08312e-07 
4.08312e-07 4.42019e-07 5.47315e-07 7.37044e-07 1.03369e-06 1.47101e-06 2.09634e-06 2.97359e-06 4.187e-06 5.84546e-06 8.08761e-06 1.10874e-05 1.506e-05 2.02681e-05 2.70278e-05 3.57142e-05 4.6766e-05 6.06885e-05 7.80544e-05 9.95023e-05 0.000125731 0.000157493 0.000195575 0.000240789 0.000293941 0.000355809 0.00042711 0.000508464 0.000600362 0.000703121 0.000816856 0.000941438 0.00107647 0.00122127 0.00137485 0.0015359 0.00170282 0.00187373 0.00204649 0.00221874 0.00238799 0.00255162 0.00270697 0.00285143 0.00298248 0.00309779 0.00319524 0.00327301 0.00332965 0.00336407 0.00337562 0.00336407 0.00332965 0.00327301 0.00319524 0.00309779 0.00298248 0.00285143 0.00270697 0.00255162 0.00238799 0.00221874 0.00204649 0.00187373 0.00170282 0.0015359 0.00137485 0.00122127 0.00107647 0.000941438 0.000816856 0.000703121 0.000600362 0.000508464 0.00042711 0.000355809 0.000293941 0.000240789 0.000195575 0.000157493 0.000125731 9.95023e-05 7.80544e-05 6.06885e-05 4.6766e-05 3.57142e-05 2.70278e-05 2.02681e-05 1.506e-05 1.10874e-05 8.08761e-06 5.84546e-06 4.187e-06 2.97359e-06 2.09634e-06 1.47101e-06 1.03369e-06 7.37044e-07 5.47315e-07 4.42019e-07 
5.05874e-07 5.47315e-07 6.76714e-07 9.09688e-07 1.27355e-06 1.80924e-06 2.57411e-06 3.64543e-06 5.12483e-06 7.14343e-06 9.8678e-06 1.35064e-05 1.83166e-05 2.46117e-05 3.27679e-05 4.32302e-05 5.65179e-05 7.32273e-05 9.40324e-05 0.000119683 0.000150996 0.000188847 0.000234153 0.00028785 0.000350868 0.000424098 0.000508354 0.000604337 0.000712587 0.000833447 0.000967015 0.00111311 0.00127125 0.00144059 0.00161996 0.00180783 0.00200232 0.00220124 0.0024021 0.00260219 0.0027986 0.00298833 0.00316834 0.00333561 0.00348727 0.00362063 0.00373329 0.00382318 0.00388862 0.00392839 0.00394173 0.00392839 0.00388862 0.00382318 0.00373329 0.00362063 0.00348727 0.00333561 0.00316834 0.00298833 0.0027986 0.00260219 0.0024021 0.00220124 0.00200232 0.00180783 0.00161996 0.00144059 0.00127125 0.00111311 0.000967015 0.000833447 0.000712587 0.000604337 0.000508354 0.000424098 0.000350868 0.00028785 0.000234153 0.000188847 0.000150996 0.000119683 9.40324e-05 7.32273e-05 5.65179e-05 4.32302e-05 3.27679e-05 2.46117e-05 1.83166e-05 1.35064e-05 9.8678e-06 7.14343e-06 5.12483e-06 3.64543e-06 2.57411e-06 1.80924e-06 1.27355e-06 9.09688e-07 6.76714e-07 5.47315e-07 
6.81725e-07 7.37044e-07 9.09688e-07 1.22021e-06 1.70454e-06 2.41642e-06 3.43098e-06 4.84926e-06 6.80378e-06 9.46507e-06 1.30491e-05 1.78256e-05 2.41261e-05 3.23534e-05 4.29891e-05 5.66017e-05 7.38515e-05 9.54943e-05 0.000122382 0.000155455 0.00019574 0.000244328 0.000302355 0.000370978 0.000451336 0.000544515 0.000651496 0.000773111 0.00090999 0.00106251 0.00123073 0.00141439 0.00161281 0.00182493 0.00204922 0.00228376 0.00252619 0.00277378 0.00302344 0.00327182 0.00351535 0.00375033 0.00397304 0.00417982 0.00436714 0.00453176 0.00467074 0.00478158 0.00486224 0.00491125 0.00492768 0.00491125 0.00486224 0.00478158 0.00467074 0.00453176 0.00436714 0.00417982 0.00397304 0.00375033 0.00351535 0.00327182 0.00302344 0.00277378 0.00252619 0.00228376 0.00204922 0.00182493 0.00161281 0.00141439 0.00123073 0.00106251 0.00090999 0.000773111 0.000651496 0.000544515 0.000451336 0.000370978 0.000302355 0.000244328 0.00019574 0.000155455 0.000122382 9.54943e-05 7.38515e-05 5.66017e-05 4.29891e-05 3.23534e-05 2.41261e-05 1.78256e-05 1.30491e-05 9.46507e-06 6.80378e-06 4.84926e-06 3.43098e-06 2.41642e-06 1.70454e-06 1.22021e-06 9.09688e-07 7.37044e-07 
9.56795e-07 1.03369e-06 1.27355e-06 1.70454e-06 2.37582e-06 3.36086e-06 4.76211e-06 6.71704e-06 9.40549e-06 1.30583e-05 1.79668e-05 2.44937e-05 3.30839e-05 4.42755e-05 5.87102e-05 7.71421e-05 0.000100445 0.000129613 0.000165765 0.00021013 0.000264042 0.000328912 0.000406204 0.000497398 0.000603942 0.000727201 0.000868401 0.00102856 0.00120843 0.00140842 0.00162855 0.00186839 0.00212701 0.00240294 0.00269418 0.0029982 0.00331193 0.00363182 0.00395391 0.00427389 0.00458722 0.0048892 0.0051751 0.00544027 0.0056803 0.00589108 0.00606892 0.00621067 0.0063138 0.00637644 0.00639744 0.00637644 0.0063138 0.00621067 0.00606892 0.00589108 0.0056803 0.00544027 0.0051751 0.0048892 0.00458722 0.00427389 0.00395391 0.00363182 0.00331193 0.0029982 0.00269418 0.00240294 0.00212701 0.00186839 0.00162855 0.00140842 0.00120843 0.00102856 0.000868401 0.000727201 0.000603942 0.000497398 0.000406204 0.000328912 0.000264042 0.00021013 0.000165765 0.000129613 0.000100445 7.71421e-05 5.87102e-05 4.42755e-05 3.30839e-05 2.44937e-05 1.79668e-05 1.30583e-05 9.40549e-06 6.71704e-06 4.76211e-06 3.36086e-06 2.37582e-06 1.70454e-06 1.27355e-06 1.03369e-06 
1.36252e-06 1.47101e-06 1.80924e-06 2.41642e-06 3.36086e-06 4.74451e-06 6.70926e-06 9.44506e-06 1.31998e-05 1.82906e-05 2.51171e-05 3.41747e-05 4.60694e-05 6.15318e-05 8.14302e-05 0.000106781 0.000138759 0.000178694 0.000228077 0.000288539 0.000361842 0.000449841 0.00055445 0.000677591 0.000821131 0.000986818 0.0011762 0.00139053 0.00163072 0.00189721 0.00218993 0.00250821 0.00285074 0.0032155 0.0035998 0.00400025 0.0044128 0.00483278 0.00525501 0.00567389 0.00608352 0.00647784 0.00685074 0.00719628 0.00750878 0.00778299 0.0080142 0.0081984 0.00833235 0.00841369 0.00844097 0.00841369 0.00833235 0.0081984 0.0080142 0.00778299 0.00750878 0.00719628 0.00685074 0.00647784 0.00608352 0.00567389 0.00525501 0.00483278 0.0044128 0.00400025 0.0035998 0.0032155 0.00285074 0.00250821 0.00218993 0.00189721 0.00163072 0.00139053 0.0011762 0.000986818 0.000821131 0.000677591 0.00055445 0.000449841 0.000361842 0.000288539 0.000228077 0.000178694 0.000138759 0.000106781 8.14302e-05 6.15318e-05 4.60694e-05 3.41747e-05 2.51171e-05 1.82906e-05 1.31998e-05 9.44506e-06 6.70926e-06 4.74451e-06 3.36086e-06 2.41642e-06 1.80924e-06 1.47101e-06 
1.94302e-06 2.09634e-06 2.57411e-06 3.43098e-06 4.76211e-06 6.70926e-06 9.46937e-06 1.33055e-05 1.856e-05 2.567e-05 3.51844e-05 4.77819e-05 6.429e-05 8.57034e-05 0.0001132 0.000148155 0.000192148 0.000246967 0.000314601 0.000397225 0.000497168 0.000616879 0.000758864 0.000925627 0.00111958 0.00134296 0.00159772 0.00188543 0.00220716 0.00256337 0.00295383 0.00337754 0.00383263 0.00431636 0.00482508 0.00535424 0.00589847 0.00645163 0.00700693 0.00755705 0.00809431 0.00861086 0.00909882 0.00955053 0.00995869 0.0103166 0.0106181 0.0108583 0.0110328 0.0111388 0.0111743 0.0111388 0.0110328 0.0108583 0.0106181 0.0103166 0.00995869 0.00955053 0.00909882 0.00861086 0.00809431 0.00755705 0.00700693 0.00645163 0.00589847 0.00535424 0.00482508 0.00431636 0.00383263 0.00337754 0.00295383 0.00256337 0.00220716 0.00188543 0.00159772 0.00134296 0.00111958 0.000925627 0.000758864 0.000616879 0.000497168 0.000397225 0.000314601 0.000246967 0.000192148 0.000148155 0.0001132 8.57034e-05 6.429e-05 4.77819e-05 3.51844e-05 2.567e-05 1.856e-05 1.33055e-05 9.46937e-06 6.70926e-06 4.76211e-06 3.43098e-06 2.57411e-06 2.09634e-06 
2.7579e-06 2.97359e-06 3.64543e-06 4.84926e-06 6.71704e-06 9.44506e-06 1.33055e-05 1.8661e-05 2.59828e-05 3.58704e-05 4.90747e-05 6.6522e-05 8.93376e-05 0.00011887 0.000156711 0.000204711 0.000264991 0.00033994 0.000432206 0.000544669 0.000680403 0.000842621 0.00103459 0.00125956 0.00152064 0.00182066 0.00216208 0.00254682 0.00297614 0.00345048 0.00396937 0.00453132 0.00513371 0.0057728 0.00644367 0.00714029 0.00785555 0.00858138 0.00930892 0.0100287 0.0107306 0.0114048 0.0120409 0.0126291 0.0131602 0.0136255 0.0140173 0.0143291 0.0145557 0.0146932 0.0147394 0.0146932 0.0145557 0.0143291 0.0140173 0.0136255 0.0131602 0.0126291 0.0120409 0.0114048 0.0107306 0.0100287 0.00930892 0.00858138 0.00785555 0.00714029 0.00644367 0.0057728 0.00513371 0.00453132 0.00396937 0.00345048 0.00297614 0.00254682 0.00216208 0.00182066 0.00152064 0.00125956 0.00103459 0.000842621 0.000680403 0.000544669 0.000432206 0.00033994 0.000264991 0.000204711 0.000156711 0.00011887 8.93376e-05 6.6522e-05 4.90747e-05 3.58704e-05 2.59828e-05 1.8661e-05 1.33055e-05 9.44506e-06 6.71704e-06 4.84926e-06 3.64543e-06 2.97359e-06 
3.88576e-06 4.187e-06 5.12483e-06 6.80378e-06 9.40549e-06 1.31998e-05 1.856e-05 2.59828e-05 3.61113e-05 4.97625e-05 6.79562e-05 9.19468e-05 0.000123254 0.000163692 0.000215396 0.00028084 0.000362847 0.000464588 0.000589558 0.000741547 0.000924577 0.00114283 0.00140054 0.00170187 0.00205078 0.00245085 0.00290514 0.00341596 0.00398473 0.00461184 0.00529642 0.00603631 0.00682789 0.00766609 0.00854436 0.00945471 0.0103878 0.0113332 0.0122794 0.013214 0.0141244 0.0149976 0.0158206 0.0165809 0.0172667 0.0178671 0.0183724 0.0187743 0.0190662 0.0192433 0.0193027 0.0192433 0.0190662 0.0187743 0.0183724 0.0178671 0.0172667 0.0165809 0.0158206 0.0149976 0.0141244 0.013214 0.0122794 0.0113332 0.0103878 0.00945471 0.00854436 0.00766609 0.00682789 0.00603631 0.00529642 0.00461184 0.00398473 0.00341596 0.00290514 0.00245085 0.00205078 0.00170187 0.00140054 0.00114283 0.000924577 0.000741547 0.000589558 0.000464588 0.000362847 0.00028084 0.000215396 0.000163692 0.000123254 9.19468e-05 6.79562e-05 4.97625e-05 3.61113e-05 2.59828e-05 1.856e-05 1.31998e-05 9.40549e-06 6.80378e-06 5.12483e-06 4.187e-06 
5.42835e-06 5.84546e-06 7.14343e-06 9.46507e-06 1.30583e-05 1.82906e-05 2.567e-05 3.58704e-05 4.97625e-05 6.84493e-05 9.33043e-05 0.000126011 0.000168603 0.000223502 0.000293544 0.000382008 0.00049262 0.000629544 0.000797358 0.001001 0.00124567 0.00153678 0.00187973 0.00227984 0.00274208 0.00327091 0.00387007 0.0045423 0.00528918 0.00611089 0.00700603 0.00797149 0.00900234 0.0100918 0.0112311 0.01241 0.0136162 0.0148362 0.0160554 0.0172579 0.0184276 0.0195481 0.020603 0.0215765 0.0224537 0.0232211 0.0238665 0.0243796 0.0247522 0.0249781 0.0250539 0.0249781 0.0247522 0.0243796 0.0238665 0.0232211 0.0224537 0.0215765 0.020603 0.0195481 0.0184276 0.0172579 0.0160554 0.0148362 0.0136162 0.01241 0.0112311 0.0100918 0.00900234 0.00797149 0.00700603 0.00611089 0.00528918 0.0045423 0.00387007 0.00327091 0.00274208 0.00227984 0.00187973 0.00153678 0.00124567 0.001001 0.000797358 0.000629544 0.00049262 0.000382008 0.000293544 0.000223502 0.000168603 0.000126011 9.33043e-05 6.84493e-05 4.97625e-05 3.58704e-05 2.567e-05 1.82906e-05 1.30583e-05 9.46507e-06 7.14343e-06 5.84546e-06 
7.51526e-06 8.08761e-06 9.8678e-06 1.30491e-05 1.79668e-05 2.51171e-05 3.51844e-05 4.90747e-05 6.79562e-05 9.33043e-05 0.000126951 0.000171135 0.000228552 0.000302401 0.000396418 0.000514903 0.000662724 0.000845301 0.00106856 0.00133887 0.00166292 0.00204757 0.0024997 0.00302596 0.00363255 0.00432496 0.00510766 0.00598385 0.00695518 0.00802148 0.00918058 0.0104281 0.0117574 0.0131593 0.0146228 0.016134 0.0176777 0.0192363 0.0207913 0.0223228 0.0238104 0.0252334 0.0265716 0.0278052 0.0289158 0.0298865 0.0307022 0.0313504 0.0318209 0.0321062 0.0322018 0.0321062 0.0318209 0.0313504 0.0307022 0.0298865 0.0289158 0.0278052 0.0265716 0.0252334 0.0238104 0.0223228 0.0207913 0.0192363 0.0176777 0.016134 0.0146228 0.0131593 0.0117574 0.0104281 0.00918058 0.00802148 0.00695518 0.00598385 0.00510766 0.00432496 0.00363255 0.00302596 0.0024997 0.00204757 0.00166292 0.00133887 0.00106856 0.000845301 0.000662724 0.000514903 0.000396418 0.000302401 0.000228552 0.000171135 0.000126951 9.33043e-05 6.79562e-05 4.90747e-05 3.51844e-05 2.51171e-05 1.79668e-05 1.30491e-05 9.8678e-06 8.08761e-06 
1.03093e-05 1.10874e-05 1.35064e-05 1.78256e-05 2.44937e-05 3.41747e-05 4.77819e-05 6.6522e-05 9.19468e-05 0.000126011 0.000171135 0.000230266 0.000306946 0.000405356 0.000530369 0.000687567 0.000883248 0.00112439 0.0014186 0.00177398 0.00219903 0.00270241 0.0032927 0.00397818 0.00476645 0.00566414 0.00667654 0.00780727 0.00905792 0.0104278 0.0119135 0.0135092 0.0152058 0.0169915 0.0188518 0.0207692 0.022724 0.0246944 0.0266568 0.0285866 0.0304582 0.0322463 0.0339255 0.0354719 0.0368626 0.0380771 0.0390971 0.039907 0.0404946 0.0408508 0.0409702 0.0408508 0.0404946 0.039907 0.0390971 0.0380771 0.0368626 0.0354719 0.0339255 0.0322463 0.0304582 0.0285866 0.0266568 0.0246944 0.022724 0.0207692 0.0188518 0.0169915 0.0152058 0.0135092 0.0119135 0.0104278 0.00905792 0.00780727 0.00667654 0.00566414 0.00476645 0.00397818 0.0032927 0.00270241 0.00219903 0.00177398 0.0014186 0.00112439 0.000883248 0.000687567 0.000530369 0.000405356 0.000306946 0.000230266 0.000171135 0.000126011 9.19468e-05 6.6522e-05 4.77819e-05 3.41747e-05 2.44937e-05 1.78256e-05 1.35064e-05 1.10874e-05 
1.40119e-05 1.506e-05 1.83166e-05 2.41261e-05 3.30839e-05 4.60694e-05 6.429e-05 8.93376e-05 0.000123254 0.000168603 0.000228552 0.000306946 0.000408384 0.000538287 0.000702941 0.000909522 0.00116609 0.00148154 0.00186552 0.00232826 0.0028804 0.00353274 0.0042959 0.00518001 0.00619427 0.00734658 0.00864305 0.0100876 0.0116817 0.0134237 0.0153087 0.0173287 0.0194718 0.0217227 0.0240626 0.0264697 0.028919 0.0313832 0.0338333 0.0362386 0.038568 0.0407901 0.0428743 0.0447914 0.0465137 0.0480164 0.0492775 0.0502783 0.051004 0.0514438 0.0515911 0.0514438 0.051004 0.0502783 0.0492775 0.0480164 0.0465137 0.0447914 0.0428743 0.0407901 0.038568 0.0362386 0.0338333 0.0313832 0.028919 0.0264697 0.0240626 0.0217227 0.0194718 0.0173287 0.0153087 0.0134237 0.0116817 0.0100876 0.00864305 0.00734658 0.00619427 0.00518001 0.0042959 0.00353274 0.0028804 0.00232826 0.00186552 0.00148154 0.00116609 0.000909522 0.000702941 0.000538287 0.000408384 0.000306946 0.000228552 0.000168603 0.000123254 8.93376e-05 6.429e-05 4.60694e-05 3.30839e-05 2.41261e-05 1.83166e-05 1.506e-05 
1.88696e-05 2.02681e-05 2.46117e-05 3.23534e-05 4.42755e-05 6.15318e-05 8.57034e-05 0.00011887 0.000163692 0.000223502 0.000302401 0.000405356 0.000538287 0.000708144 0.000922957 0.00119186 0.00152506 0.00193378 0.00243011 0.00302682 0.00373713 0.0045743 0.00555133 0.00668044 0.00797262 0.00943708 0.0110808 0.0129078 0.014919 0.0171117 0.0194789 0.0220097 0.0246887 0.0274962 0.0304086 0.0333983 0.0364345 0.0394834 0.0425093 0.0454748 0.0483421 0.0510733 0.0536317 0.0559819 0.0580911 0.0599297 0.0614713 0.062694 0.0635802 0.0641171 0.0642969 0.0641171 0.0635802 0.062694 0.0614713 0.0599297 0.0580911 0.0559819 0.0536317 0.0510733 0.0483421 0.0454748 0.0425093 0.0394834 0.0364345 0.0333983 0.0304086 0.0274962 0.0246887 0.0220097 0.0194789 0.0171117 0.014919 0.0129078 0.0110808 0.00943708 0.00797262 0.00668044 0.00555133 0.0045743 0.00373713 0.00302682 0.00243011 0.00193378 0.00152506 0.00119186 0.000922957 0.000708144 0.000538287 0.000405356 0.000302401 0.000223502 0.000163692 0.00011887 8.57034e-05 6.15318e-05 4.42755e-05 3.23534e-05 2.46117e-05 2.02681e-05 
2.51788e-05 2.70278e-05 3.27679e-05 4.29891e-05 5.87102e-05 8.14302e-05 0.0001132 0.000156711 0.000215396 0.000293544 0.000396418 0.000530369 0.000702941 0.000922957 0.00120058 0.00154729 0.00197592 0.00250045 0.00313589 0.00389801 0.00480299 0.00586698 0.00710566 0.00853358 0.0101637 0.0120065 0.0140696 0.0163573 0.0188693 0.0216013 0.0245437 0.0276818 0.030996 0.0344614 0.0380482 0.0417224 0.0454459 0.0491778 0.0528744 0.0564909 0.0599818 0.0633019 0.0664074 0.0692567 0.0718109 0.0740351 0.0758986 0.0773756 0.0784455 0.0790935 0.0793105 0.0790935 0.0784455 0.0773756 0.0758986 0.0740351 0.0718109 0.0692567 0.0664074 0.0633019 0.0599818 0.0564909 0.0528744 0.0491778 0.0454459 0.0417224 0.0380482 0.0344614 0.030996 0.0276818 0.0245437 0.0216013 0.0188693 0.0163573 0.0140696 0.0120065 0.0101637 0.00853358 0.00710566 0.00586698 0.00480299 0.00389801 0.00313589 0.00250045 0.00197592 0.00154729 0.00120058 0.000922957 0.000702941 0.000530369 0.000396418 0.000293544 0.000215396 0.000156711 0.0001132 8.14302e-05 5.87102e-05 4.29891e-05 3.27679e-05 2.70278e-05 
3.3292e-05 3.57142e-05 4.32302e-05 5.66017e-05 7.71421e-05 0.000106781 0.000148155 0.000204711 0.00028084 0.000382008 0.000514903 0.000687567 0.000909522 0.00119186 0.00154729 0.00199017 0.00253637 0.00320317 0.00400901 0.00497313 0.00611513 0.00745445 0.00900969 0.010798 0.0128343 0.0151305 0.0176946 0.0205305 0.0236368 0.0270065 0.0306266 0.0344782 0.0385361 0.0427691 0.0471404 0.0516082 0.0561263 0.0606452 0.0651127 0.0694752 0.073679 0.0776706 0.0813988 0.0848147 0.0878733 0.0905339 0.0927612 0.0945252 0.0958024 0.0965756 0.0968345 0.0965756 0.0958024 0.0945252 0.0927612 0.0905339 0.0878733 0.0848147 0.0813988 0.0776706 0.073679 0.0694752 0.0651127 0.0606452 0.0561263 0.0516082 0.0471404 0.0427691 0.0385361 0.0344782 0.0306266 0.0270065 0.0236368 0.0205305 0.0176946 0.0151305 0.0128343 0.010798 0.00900969 0.00745445 0.00611513 0.00497313 0.00400901 0.00320317 0.00253637 0.00199017 0.00154729 0.00119186 0.000909522 0.000687567 0.000514903 0.000382008 0.00028084 0.000204711 0.000148155 0.000106781 7.71421e-05 5.66017e-05 4.32302e-05 3.57142e-05 
4.36218e-05 4.6766e-05 5.65179e-05 7.38515e-05 0.000100445 0.000138759 0.000192148 0.000264991 0.000362847 0.00049262 0.000662724 0.000883248 0.00116609 0.00152506 0.00197592 0.00253637 0.00322591 0.00406567 0.00507803 0.00628621 0.00771369 0.00938354 0.0113176 0.0135358 0.016055 0.0188883 0.022044 0.0255249 0.0293279 0.0334426 0.0378519 0.0425313 0.047449 0.0525664 0.0578385 0.0632146 0.0686391 0.0740528 0.0793942 0.0846 0.0896071 0.0943537 0.0987801 0.10283 0.106452 0.109599 0.112231 0.114314 0.115822 0.116734 0.117039 0.116734 0.115822 0.114314 0.112231 0.109599 0.106452 0.10283 0.0987801 0.0943537 0.0896071 0.0846 0.0793942 0.0740528 0.0686391 0.0632146 0.0578385 0.0525664 0.047449 0.0425313 0.0378519 0.0334426 0.0293279 0.0255249 0.022044 0.0188883 0.016055 0.0135358 0.0113176 0.00938354 0.00771369 0.00628621 0.00507803 0.00406567 0.00322591 0.00253637 0.00197592 0.00152506 0.00116609 0.000883248 0.000662724 0.00049262 0.000362847 0.000264991 0.000192148 0.000138759 0.000100445 7.38515e-05 5.65179e-05 4.6766e-05 
5.66438e-05 6.06885e-05 7.32273e-05 9.54943e-05 0.000129613 0.000178694 0.000246967 0.00033994 0.000464588 0.000629544 0.000845301 0.00112439 0.00148154 0.00193378 0.00250045 0.00320317 0.00406567 0.00511348 0.00637349 0.00787342 0.00964106 0.0117035 0.014086 0.0168112 0.019898 0.0233605 0.0272066 0.0314378 0.036048 0.041023 0.04634 0.051968 0.0578675 0.0639911 0.0702842 0.076686 0.0831306 0.0895482 0.0958664 0.102012 0.107912 0.113495 0.118693 0.123442 0.127683 0.131364 0.13444 0.136873 0.138632 0.139696 0.140052 0.139696 0.138632 0.136873 0.13444 0.131364 0.127683 0.123442 0.118693 0.113495 0.107912 0.102012 0.0958664 0.0895482 0.0831306 0.076686 0.0702842 0.0639911 0.0578675 0.051968 0.04634 0.041023 0.036048 0.0314378 0.0272066 0.0233605 0.019898 0.0168112 0.014086 0.0117035 0.00964106 0.00787342 0.00637349 0.00511348 0.00406567 0.00320317 0.00250045 0.00193378 0.00148154 0.00112439 0.000845301 0.000629544 0.000464588 0.00033994 0.000246967 0.000178694 0.000129613 9.54943e-05 7.32273e-05 6.06885e-05 
7.28979e-05 7.80544e-05 9.40324e-05 0.000122382 0.000165765 0.000228077 0.000314601 0.000432206 0.000589558 0.000797358 0.00106856 0.0014186 0.00186552 0.00243011 0.00313589 0.00400901 0.00507803 0.00637349 0.00792737 0.00977237 0.011941 0.0144646 0.0173721 0.0206889 0.0244357 0.0286268 0.0332696 0.0383634 0.0438981 0.0498544 0.0562029 0.0629047 0.0699112 0.0771648 0.0846003 0.0921454 0.0997226 0.107251 0.114646 0.121823 0.128701 0.135196 0.141234 0.146742 0.151654 0.155912 0.159467 0.162276 0.164305 0.165533 0.165944 0.165533 0.164305 0.162276 0.159467 0.155912 0.151654 0.146742 0.141234 0.135196 0.128701 0.121823 0.114646 0.107251 0.0997226 0.0921454 0.0846003 0.0771648 0.0699112 0.0629047 0.0562029 0.0498544 0.0438981 0.0383634 0.0332696 0.0286268 0.0244357 0.0206889 0.0173721 0.0144646 0.011941 0.00977237 0.00792737 0.00637349 0.00507803 0.00400901 0.00313589 0.00243011 0.00186552 0.0014186 0.00106856 0.000797358 0.000589558 0.000432206 0.000314601 0.000228077 0.000165765 0.000122382 9.40324e-05 7.80544e-05 
9.29865e-05 9.95023e-05 0.000119683 0.000155455 0.00021013 0.000288539 0.000397225 0.000544669 0.000741547 0.001001 0.00133887 0.00177398 0.00232826 0.00302682 0.00389801 0.00497313 0.00628621 0.00787342 0.00977237 0.0120212 0.0146576 0.0177172 0.0212328 0.0252323 0.0297376 0.0347633 0.0403151 0.0463889 0.05297 0.0600325 0.0675391 0.0754415 0.0836804 0.0921869 0.100884 0.109686 0.118504 0.127243 0.135808 0.144103 0.152035 0.159512 0.166449 0.172767 0.178394 0.183266 0.187328 0.190535 0.192852 0.194252 0.194721 0.194252 0.192852 0.190535 0.187328 0.183266 0.178394 0.172767 0.166449 0.159512 0.152035 0.144103 0.135808 0.127243 0.118504 0.109686 0.100884 0.0921869 0.0836804 0.0754415 0.0675391 0.0600325 0.05297 0.0463889 0.0403151 0.0347633 0.0297376 0.0252323 0.0212328 0.0177172 0.0146576 0.0120212 0.00977237 0.00787342 0.00628621 0.00497313 0.00389801 0.00302682 0.00232826 0.00177398 0.00133887 0.001001 0.000741547 0.000544669 0.000397225 0.000288539 0.00021013 0.000155455 0.000119683 9.95023e-05 
0.00011757 0.000125731 0.000150996 0.00019574 0.000264042 0.000361842 0.000497168 0.000680403 0.000924577 0.00124567 0.00166292 0.00219903 0.0028804 0.00373713 0.00480299 0.00611513 0.00771369 0.00964106 0.011941 0.0146576 0.0178337 0.0215097 0.025722 0.0305006 0.0358686 0.0418395 0.0484165 0.0555913 0.0633429 0.0716375 0.0804285 0.0896564 0.0992502 0.109128 0.119199 0.129365 0.139522 0.149564 0.159382 0.168869 0.17792 0.186435 0.194321 0.201491 0.207867 0.21338 0.217972 0.221593 0.224208 0.225787 0.226315 0.225787 0.224208 0.221593 0.217972 0.21338 0.207867 0.201491 0.194321 0.186435 0.17792 0.168869 0.159382 0.149564 0.139522 0.129365 0.119199 0.109128 0.0992502 0.0896564 0.0804285 0.0716375 0.0633429 0.0555913 0.0484165 0.0418395 0.0358686 0.0305006 0.025722 0.0215097 0.0178337 0.0146576 0.011941 0.00964106 0.00771369 0.00611513 0.00480299 0.00373713 0.0028804 0.00219903 0.00166292 0.00124567 0.000924577 0.000680403 0.000497168 0.000361842 0.000264042 0.00019574 0.000150996 0.000125731 
0.00014736 0.000157493 0.000188847 0.000244328 0.000328912 0.000449841 0.000616879 0.000842621 0.00114283 0.00153678 0.00204757 0.00270241 0.00353274 0.0045743 0.00586698 0.00745445 0.00938354 0.0117035 0.0144646 0.0177172 0.0215097 0.0258872 0.0308891 0.0365475 0.0428855 0.049915 0.0576354 0.0660327 0.0750784 0.0847291 0.0949271 0.105601 0.116665 0.128024 0.139572 0.151197 0.162781 0.174203 0.185342 0.19608 0.206302 0.215898 0.224767 0.232817 0.239963 0.246135 0.251268 0.255314 0.258232 0.259994 0.260583 0.259994 0.258232 0.255314 0.251268 0.246135 0.239963 0.232817 0.224767 0.215898 0.206302 0.19608 0.185342 0.174203 0.162781 0.151197 0.139572 0.128024 0.116665 0.105601 0.0949271 0.0847291 0.0750784 0.0660327 0.0576354 0.049915 0.0428855 0.0365475 0.0308891 0.0258872 0.0215097 0.0177172 0.0144646 0.0117035 0.00938354 0.00745445 0.00586698 0.0045743 0.00353274 0.00270241 0.00204757 0.00153678 0.00114283 0.000842621 0.000616879 0.000449841 0.000328912 0.000244328 0.000188847 0.000157493 
0.000183102 0.000195575 0.000234153 0.000302355 0.000406204 0.00055445 0.000758864 0.00103459 0.00140054 0.00187973 0.0024997 0.0032927 0.0042959 0.00555133 0.00710566 0.00900969 0.0113176 0.014086 0.0173721 0.0212328 0.025722 0.0308891 0.0367765 0.0434176 0.0508346 0.0590365 0.0680178 0.0777572 0.0882168 0.0993423 0.111063 0.123293 0.135933 0.148871 0.161986 0.17515 0.188231 0.201093 0.213605 0.225636 0.23706 0.247762 0.257634 0.266576 0.274502 0.281335 0.287013 0.291483 0.294705 0.296649 0.297299 0.296649 0.294705 0.291483 0.287013 0.281335 0.274502 0.266576 0.257634 0.247762 0.23706 0.225636 0.213605 0.201093 0.188231 0.17515 0.161986 0.148871 0.135933 0.123293 0.111063 0.0993423 0.0882168 0.0777572 0.0680178 0.0590365 0.0508346 0.0434176 0.0367765 0.0308891 0.025722 0.0212328 0.0173721 0.014086 0.0113176 0.00900969 0.00710566 0.00555133 0.0042959 0.0032927 0.0024997 0.00187973 0.00140054 0.00103459 0.000758864 0.00055445 0.000406204 0.000302355 0.000234153 0.000195575 
0.000225566 0.000240789 0.00028785 0.000370978 0.000497398 0.000677591 0.000925627 0.00125956 0.00170187 0.00227984 0.00302596 0.00397818 0.00518001 0.00668044 0.00853358 0.010798 0.0135358 0.0168112 0.0206889 0.0252323 0.0305006 0.0365475 0.0434176 0.0511446 0.0597488 0.069235 0.0795911 0.0907869 0.102774 0.115484 0.128832 0.142717 0.157023 0.171622 0.186376 0.20114 0.215768 0.230112 0.244026 0.25737 0.270011 0.281825 0.292698 0.302528 0.311225 0.318713 0.324926 0.329812 0.33333 0.335452 0.336162 0.335452 0.33333 0.329812 0.324926 0.318713 0.311225 0.302528 0.292698 0.281825 0.270011 0.25737 0.244026 0.230112 0.215768 0.20114 0.186376 0.171622 0.157023 0.142717 0.128832 0.115484 0.102774 0.0907869 0.0795911 0.069235 0.0597488 0.0511446 0.0434176 0.0365475 0.0305006 0.0252323 0.0206889 0.0168112 0.0135358 0.010798 0.00853358 0.00668044 0.00518001 0.00397818 0.00302596 0.00227984 0.00170187 0.00125956 0.000925627 0.000677591 0.000497398 0.000370978 0.00028785 0.000240789 
0.000275518 0.000293941 0.000350868 0.000451336 0.000603942 0.000821131 0.00111958 0.00152064 0.00205078 0.00274208 0.00363255 0.00476645 0.00619427 0.00797262 0.0101637 0.0128343 0.016055 0.019898 0.0244357 0.0297376 0.0358686 0.0428855 0.0508346 0.0597488 0.0696451 0.0805227 0.0923612 0.10512 0.118736 0.133129 0.148196 0.163819 0.179864 0.196185 0.212629 0.229033 0.245237 0.261079 0.276403 0.291058 0.304906 0.317815 0.32967 0.340365 0.349811 0.357929 0.364656 0.36994 0.373742 0.376034 0.3768 0.376034 0.373742 0.36994 0.364656 0.357929 0.349811 0.340365 0.32967 0.317815 0.304906 0.291058 0.276403 0.261079 0.245237 0.229033 0.212629 0.196185 0.179864 0.163819 0.148196 0.133129 0.118736 0.10512 0.0923612 0.0805227 0.0696451 0.0597488 0.0508346 0.0428855 0.0358686 0.0297376 0.0244357 0.019898 0.016055 0.0128343 0.0101637 0.00797262 0.00619427 0.00476645 0.00363255 0.00274208 0.00205078 0.00152064 0.00111958 0.000821131 0.000603942 0.000451336 0.000350868 0.000293941 
0.0003337 0.000355809 0.000424098 0.000544515 0.000727201 0.000986818 0.00134296 0.00182066 0.00245085 0.00327091 0.00432496 0.00566414 0.00734658 0.00943708 0.0120065 0.0151305 0.0188883 0.0233605 0.0286268 0.0347633 0.0418395 0.049915 0.0590365 0.069235 0.0805227 0.0928914 0.10631 0.120726 0.136062 0.15222 0.169079 0.186504 0.20434 0.222424 0.240585 0.258644 0.276427 0.293759 0.310475 0.326417 0.341438 0.355406 0.368202 0.379721 0.389874 0.398586 0.405794 0.411449 0.415514 0.417963 0.418781 0.417963 0.415514 0.411449 0.405794 0.398586 0.389874 0.379721 0.368202 0.355406 0.341438 0.326417 0.310475 0.293759 0.276427 0.258644 0.240585 0.222424 0.20434 0.186504 0.169079 0.15222 0.136062 0.120726 0.10631 0.0928914 0.0805227 0.069235 0.0590365 0.049915 0.0418395 0.0347633 0.0286268 0.0233605 0.0188883 0.0151305 0.0120065 0.00943708 0.00734658 0.00566414 0.00432496 0.00327091 0.00245085 0.00182066 0.00134296 0.000986818 0.000727201 0.000544515 0.000424098 0.000355809 
0.000400794 0.00042711 0.000508354 0.000651496 0.000868401 0.0011762 0.00159772 0.00216208 0.00290514 0.00387007 0.00510766 0.00667654 0.00864305 0.0110808 0.0140696 0.0176946 0.022044 0.0272066 0.0332696 0.0403151 0.0484165 0.0576354 0.0680178 0.0795911 0.0923612 0.10631 0.121396 0.13755 0.154679 0.172666 0.191371 0.210639 0.230295 0.250158 0.270038 0.289742 0.309081 0.327871 0.345935 0.363112 0.379251 0.394218 0.407895 0.420179 0.430984 0.440237 0.447882 0.453872 0.458173 0.460763 0.461628 0.460763 0.458173 0.453872 0.447882 0.440237 0.430984 0.420179 0.407895 0.394218 0.379251 0.363112 0.345935 0.327871 0.309081 0.289742 0.270038 0.250158 0.230295 0.210639 0.191371 0.172666 0.154679 0.13755 0.121396 0.10631 0.0923612 0.0795911 0.0680178 0.0576354 0.0484165 0.0403151 0.0332696 0.0272066 0.022044 0.0176946 0.0140696 0.0110808 0.00864305 0.00667654 0.00510766 0.00387007 0.00290514 0.00216208 0.00159772 0.0011762 0.000868401 0.000651496 0.000508354 0.00042711 
0.000477397 0.000508464 0.000604337 0.000773111 0.00102856 0.00139053 0.00188543 0.00254682 0.00341596 0.0045423 0.00598385 0.00780727 0.0100876 0.0129078 0.0163573 0.0205305 0.0255249 0.0314378 0.0383634 0.0463889 0.0555913 0.0660327 0.0777572 0.0907869 0.10512 0.120726 0.13755 0.155506 0.174483 0.194343 0.214926 0.236055 0.257536 0.279168 0.300743 0.322055 0.342901 0.363089 0.382435 0.400772 0.417951 0.433837 0.448315 0.461288 0.472673 0.482405 0.490432 0.496712 0.501218 0.503929 0.504834 0.503929 0.501218 0.496712 0.490432 0.482405 0.472673 0.461288 0.448315 0.433837 0.417951 0.400772 0.382435 0.363089 0.342901 0.322055 0.300743 0.279168 0.257536 0.236055 0.214926 0.194343 0.174483 0.155506 0.13755 0.120726 0.10512 0.0907869 0.0777572 0.0660327 0.0555913 0.0463889 0.0383634 0.0314378 0.0255249 0.0205305 0.0163573 0.0129078 0.0100876 0.00780727 0.00598385 0.0045423 0.00341596 0.00254682 0.00188543 0.00139053 0.00102856 0.000773111 0.000604337 0.000508464 
0.00056398 0.000600362 0.000712587 0.00090999 0.00120843 0.00163072 0.00220716 0.00297614 0.00398473 0.00528918 0.00695518 0.00905792 0.0116817 0.014919 0.0188693 0.0236368 0.0293279 0.036048 0.0438981 0.05297 0.0633429 0.0750784 0.0882168 0.102774 0.118736 0.136062 0.154679 0.174483 0.195342 0.217096 0.239566 0.262549 0.285834 0.309198 0.33242 0.355277 0.377557 0.399058 0.419594 0.438997 0.457116 0.473823 0.489007 0.502577 0.51446 0.524595 0.53294 0.539461 0.544134 0.546943 0.547881 0.546943 0.544134 0.539461 0.53294 0.524595 0.51446 0.502577 0.489007 0.473823 0.457116 0.438997 0.419594 0.399058 0.377557 0.355277 0.33242 0.309198 0.285834 0.262549 0.239566 0.217096 0.195342 0.174483 0.154679 0.136062 0.118736 0.102774 0.0882168 0.0750784 0.0633429 0.05297 0.0438981 0.036048 0.0293279 0.0236368 0.0188693 0.014919 0.0116817 0.00905792 0.00695518 0.00528918 0.00398473 0.00297614 0.00220716 0.00163072 0.00120843 0.00090999 0.000712587 0.000600362 
0.000660855 0.000703121 0.000833447 0.00106251 0.00140842 0.00189721 0.00256337 0.00345048 0.00461184 0.00611089 0.00802148 0.0104278 0.0134237 0.0171117 0.0216013 0.0270065 0.0334426 0.041023 0.0498544 0.0600325 0.0716375 0.0847291 0.0993423 0.115484 0.133129 0.15222 0.172666 0.194343 0.217096 0.240745 0.265084 0.289892 0.314934 0.339971 0.364763 0.389078 0.412694 0.435403 0.457018 0.47737 0.496315 0.513728 0.529509 0.543573 0.555859 0.566316 0.574909 0.581613 0.586412 0.589296 0.590257 0.589296 0.586412 0.581613 0.574909 0.566316 0.555859 0.543573 0.529509 0.513728 0.496315 0.47737 0.457018 0.435403 0.412694 0.389078 0.364763 0.339971 0.314934 0.289892 0.265084 0.240745 0.217096 0.194343 0.172666 0.15222 0.133129 0.115484 0.0993423 0.0847291 0.0716375 0.0600325 0.0498544 0.041023 0.0334426 0.0270065 0.0216013 0.0171117 0.0134237 0.0104278 0.00802148 0.00611089 0.00461184 0.00345048 0.00256337 0.00189721 0.00140842 0.00106251 0.000833447 0.000703121 
0.000768137 0.000816856 0.000967015 0.00123073 0.00162855 0.00218993 0.00295383 0.00396937 0.00529642 0.00700603 0.00918058 0.0119135 0.0153087 0.0194789 0.0245437 0.0306266 0.0378519 0.04634 0.0562029 0.0675391 0.0804285 0.0949271 0.111063 0.128832 0.148196 0.169079 0.191371 0.214926 0.239566 0.265084 0.291254 0.317831 0.34456 0.371185 0.397451 0.423116 0.447949 0.471742 0.494306 0.515477 0.535117 0.553111 0.569368 0.583816 0.596403 0.607093 0.61586 0.622689 0.627571 0.630502 0.631479 0.630502 0.627571 0.622689 0.61586 0.607093 0.596403 0.583816 0.569368 0.553111 0.535117 0.515477 0.494306 0.471742 0.447949 0.423116 0.397451 0.371185 0.34456 0.317831 0.291254 0.265084 0.239566 0.214926 0.191371 0.169079 0.148196 0.128832 0.111063 0.0949271 0.0804285 0.0675391 0.0562029 0.04634 0.0378519 0.0306266 0.0245437 0.0194789 0.0153087 0.0119135 0.00918058 0.00700603 0.00529642 0.00396937 0.00295383 0.00218993 0.00162855 0.00123073 0.000967015 0.000816856 
0.000885718 0.000941438 0.00111311 0.00141439 0.00186839 0.00250821 0.00337754 0.00453132 0.00603631 0.00797149 0.0104281 0.0135092 0.0173287 0.0220097 0.0276818 0.0344782 0.0425313 0.051968 0.0629047 0.0754415 0.0896564 0.105601 0.123293 0.142717 0.163819 0.186504 0.210639 0.236055 0.262549 0.289892 0.317831 0.3461 0.374425 0.402532 0.430156 0.457043 0.48296 0.507696 0.531067 0.552915 0.573112 0.591552 0.608158 0.622873 0.635658 0.646489 0.655353 0.662246 0.667168 0.670119 0.671103 0.670119 0.667168 0.662246 0.655353 0.646489 0.635658 0.622873 0.608158 0.591552 0.573112 0.552915 0.531067 0.507696 0.48296 0.457043 0.430156 0.402532 0.374425 0.3461 0.317831 0.289892 0.262549 0.236055 0.210639 0.186504 0.163819 0.142717 0.123293 0.105601 0.0896564 0.0754415 0.0629047 0.051968 0.0425313 0.0344782 0.0276818 0.0220097 0.0173287 0.0135092 0.0104281 0.00797149 0.00603631 0.00453132 0.00337754 0.00250821 0.00186839 0.00141439 0.00111311 0.000941438 
0.00101323 0.00107647 0.00127125 0.00161281 0.00212701 0.00285074 0.00383263 0.00513371 0.00682789 0.00900234 0.0117574 0.0152058 0.0194718 0.0246887 0.030996 0.0385361 0.047449 0.0578675 0.0699112 0.0836804 0.0992502 0.116665 0.135933 0.157023 0.179864 0.20434 0.230295 0.257536 0.285834 0.314934 0.34456 0.374425 0.404235 0.433703 0.46255 0.490519 0.517373 0.542903 0.56693 0.589307 0.609915 0.628665 0.645493 0.660357 0.673234 0.684115 0.693001 0.699898 0.704816 0.707762 0.708744 0.707762 0.704816 0.699898 0.693001 0.684115 0.673234 0.660357 0.645493 0.628665 0.609915 0.589307 0.56693 0.542903 0.517373 0.490519 0.46255 0.433703 0.404235 0.374425 0.34456 0.314934 0.285834 0.257536 0.230295 0.20434 0.179864 0.157023 0.135933 0.116665 0.0992502 0.0836804 0.0699112 0.0578675 0.047449 0.0385361 0.030996 0.0246887 0.0194718 0.0152058 0.0117574 0.00900234 0.00682789 0.00513371 0.00383263 0.00285074 0.00212701 0.00161281 0.00127125 0.00107647 
0.00115004 0.00122127 0.00144059 0.00182493 0.00240294 0.0032155 0.00431636 0.0057728 0.00766609 0.0100918 0.0131593 0.0169915 0.0217227 0.0274962 0.0344614 0.0427691 0.0525664 0.0639911 0.0771648 0.0921869 0.109128 0.128024 0.148871 0.171622 0.196185 0.222424 0.250158 0.279168 0.309198 0.339971 0.371185 0.402532 0.433703 0.464395 0.494323 0.523223 0.550859 0.577027 0.601557 0.624312 0.645187 0.66411 0.681033 0.695932 0.7088 0.719644 0.728478 0.735322 0.740195 0.743111 0.744082 0.743111 0.740195 0.735322 0.728478 0.719644 0.7088 0.695932 0.681033 0.66411 0.645187 0.624312 0.601557 0.577027 0.550859 0.523223 0.494323 0.464395 0.433703 0.402532 0.371185 0.339971 0.309198 0.279168 0.250158 0.222424 0.196185 0.171622 0.148871 0.128024 0.109128 0.0921869 0.0771648 0.0639911 0.0525664 0.0427691 0.0344614 0.0274962 0.0217227 0.0169915 0.0131593 0.0100918 0.00766609 0.0057728 0.00431636 0.0032155 0.00240294 0.00182493 0.00144059 0.00122127 
0.00129521 0.00137485 0.00161996 0.00204922 0.00269418 0.0035998 0.00482508 0.00644367 0.00854436 0.0112311 0.0146228 0.0188518 0.0240626 0.0304086 0.0380482 0.0471404 0.0578385 0.0702842 0.0846003 0.100884 0.119199 0.139572 0.161986 0.186376 0.212629 0.240585 0.270038 0.300743 0.33242 0.364763 0.397451 0.430156 0.46255 0.494323 0.52518 0.554856 0.583118 0.609768 0.634648 0.657633 0.678636 0.697601 0.714499 0.729325 0.742088 0.752813 0.761529 0.768267 0.773056 0.77592 0.776873 0.77592 0.773056 0.768267 0.761529 0.752813 0.742088 0.729325 0.714499 0.697601 0.678636 0.657633 0.634648 0.609768 0.583118 0.554856 0.52518 0.494323 0.46255 0.430156 0.397451 0.364763 0.33242 0.300743 0.270038 0.240585 0.212629 0.186376 0.161986 0.139572 0.119199 0.100884 0.0846003 0.0702842 0.0578385 0.0471404 0.0380482 0.0304086 0.0240626 0.0188518 0.0146228 0.0112311 0.00854436 0.00644367 0.00482508 0.0035998 0.00269418 0.00204922 0.00161996 0.00137485 
0.00144751 0.0015359 0.00180783 0.00228376 0.0029982 0.00400025 0.00535424 0.00714029 0.00945471 0.01241 0.016134 0.0207692 0.0264697 0.0333983 0.0417224 0.0516082 0.0632146 0.076686 0.0921454 0.109686 0.129365 0.151197 0.17515 0.20114 0.229033 0.258644 0.289742 0.322055 0.355277 0.389078 0.423116 0.457043 0.490519 0.523223 0.554856 0.585153 0.613887 0.640868 0.665951 0.689027 0.710027 0.728912 0.745675 0.760328 0.772901 0.783433 0.791971 0.798556 0.803229 0.80602 0.806948 0.80602 0.803229 0.798556 0.791971 0.783433 0.772901 0.760328 0.745675 0.728912 0.710027 0.689027 0.665951 0.640868 0.613887 0.585153 0.554856 0.523223 0.490519 0.457043 0.423116 0.389078 0.355277 0.322055 0.289742 0.258644 0.229033 0.20114 0.17515 0.151197 0.129365 0.109686 0.0921454 0.076686 0.0632146 0.0516082 0.0417224 0.0333983 0.0264697 0.0207692 0.016134 0.01241 0.00945471 0.00714029 0.00535424 0.00400025 0.0029982 0.00228376 0.00180783 0.0015359 
0.00160544 0.00170282 0.00200232 0.00252619 0.00331193 0.0044128 0.00589847 0.00785555 0.0103878 0.0136162 0.0176777 0.022724 0.028919 0.0364345 0.0454459 0.0561263 0.0686391 0.0831306 0.0997226 0.118504 0.139522 0.162781 0.188231 0.215768 0.245237 0.276427 0.309081 0.342901 0.377557 0.412694 0.447949 0.48296 0.517373 0.550859 0.583118 0.613887 0.642945 0.670115 0.695265 0.718304 0.73918 0.757878 0.774407 0.788801 0.801109 0.811386 0.819693 0.826087 0.830615 0.833316 0.834213 0.833316 0.830615 0.826087 0.819693 0.811386 0.801109 0.788801 0.774407 0.757878 0.73918 0.718304 0.695265 0.670115 0.642945 0.613887 0.583118 0.550859 0.517373 0.48296 0.447949 0.412694 0.377557 0.342901 0.309081 0.276427 0.245237 0.215768 0.188231 0.162781 0.139522 0.118504 0.0997226 0.0831306 0.0686391 0.0561263 0.0454459 0.0364345 0.028919 0.022724 0.0176777 0.0136162 0.0103878 0.00785555 0.00589847 0.0044128 0.00331193 0.00252619 0.00200232 0.00170282 
0.00176721 0.00187373 0.00220124 0.00277378 0.00363182 0.00483278 0.00645163 0.00858138 0.0113332 0.0148362 0.0192363 0.0246944 0.0313832 0.0394834 0.0491778 0.0606452 0.0740528 0.0895482 0.107251 0.127243 0.149564 0.174203 0.201093 0.230112 0.261079 0.293759 0.327871 0.363089 0.399058 0.435403 0.471742 0.507696 0.542903 0.577027 0.609768 0.640868 0.670115 0.697344 0.722439 0.745327 0.765977 0.784393 0.800607 0.81467 0.826651 0.836622 0.844658 0.850827 0.855188 0.857786 0.858649 0.857786 0.855188 0.850827 0.844658 0.836622 0.826651 0.81467 0.800607 0.784393 0.765977 0.745327 0.722439 0.697344 0.670115 0.640868 0.609768 0.577027 0.542903 0.507696 0.471742 0.435403 0.399058 0.363089 0.327871 0.293759 0.261079 0.230112 0.201093 0.174203 0.149564 0.127243 0.107251 0.0895482 0.0740528 0.0606452 0.0491778 0.0394834 0.0313832 0.0246944 0.0192363 0.0148362 0.0113332 0.00858138 0.00645163 0.00483278 0.00363182 0.00277378 0.00220124 0.00187373 
