6.34815e-05 6.55632e-05 7.18907e-05 8.27113e-05 9.84387e-05 0.000119655 0.000147115 0.000181744 0.000224646 0.000277098 0.000340551 0.000416622 0.000507089 0.000613872 0.000739018 0.00088467 0.00105304 0.00124637 0.00146687 0.00171671 0.00199789 0.00231226 0.00266139 0.00304653 0.00346852 0.00392778 0.00442417 0.00495697 0.00552487 0.00612587 0.00675727 0.00741572 0.00809713 0.00879678 0.00950931 0.0102288 0.0109488 0.0116626 0.0123629 0.0130425 0.0136939 0.01431 0.0148834 0.0154075 0.0158759 0.0162827 0.0166229 0.0168921 0.0170869 0.0172049 0.0172443 0.0172049 0.0170869 0.0168921 0.0166229 0.0162827 0.0158759 0.0154075 0.0148834 0.01431 0.0136939 0.0130425 0.0123629 0.0116626 0.0109488 0.0102288 0.00950931 0.00879678 0.00809713 0.00741572 0.00675727 0.00612587 0.00552487 0.00495697 0.00442417 0.00392778 0.00346852 0.00304653 0.00266139 0.00231226 0.00199789 0.00171671 0.00146687 0.00124637 0.00105304 0.00088467 0.000739018 0.000613872 0.000507089 0.000416622 0.000340551 0.000277098 0.000224646 0.000181744 0.000147115 0.000119655 9.84387e-05 8.27113e-05 7.18907e-05 6.55632e-05 
6.55632e-05 6.77091e-05 7.42312e-05 8.53835e-05 0.000101591 0.000123452 0.000151741 0.000187409 0.000231587 0.000285587 0.000350896 0.000429173 0.000522238 0.000632061 0.000760734 0.000910453 0.00108348 0.0012821 0.00150858 0.00176512 0.00205378 0.00237642 0.00273464 0.00312971 0.00356249 0.00403336 0.00454217 0.0050882 0.00567005 0.00628568 0.00693232 0.0076065 0.00830407 0.00902016 0.0097493 0.0104854 0.011222 0.011952 0.0126681 0.013363 0.0140291 0.0146588 0.0152449 0.0157806 0.0162592 0.0166749 0.0170225 0.0172976 0.0174966 0.0176171 0.0176575 0.0176171 0.0174966 0.0172976 0.0170225 0.0166749 0.0162592 0.0157806 0.0152449 0.0146588 0.0140291 0.013363 0.0126681 0.011952 0.011222 0.0104854 0.0097493 0.00902016 0.00830407 0.0076065 0.00693232 0.00628568 0.00567005 0.0050882 0.00454217 0.00403336 0.00356249 0.00312971 0.00273464 0.00237642 0.00205378 0.00176512 0.00150858 0.0012821 0.00108348 0.000910453 0.000760734 0.000632061 0.000522238 0.000429173 0.000350896 0.000285587 0.000231587 0.000187409 0.000151741 0.000123452 0.000101591 8.53835e-05 7.42312e-05 6.77091e-05 
7.18907e-05 7.42312e-05 8.13437e-05 9.3503e-05 0.000111168 0.000134985 0.000165788 0.000204605 0.000252655 0.000311348 0.000382284 0.000467247 0.00056819 0.000687221 0.000826581 0.000988616 0.00117574 0.00139038 0.00163496 0.00191179 0.00222305 0.00257071 0.00295644 0.00338155 0.0038469 0.00435288 0.00489926 0.00548522 0.00610923 0.00676904 0.00746167 0.00818338 0.00892969 0.0096954 0.0104747 0.011261 0.0120474 0.0128264 0.0135904 0.0143314 0.0150413 0.0157123 0.0163367 0.0169071 0.0174167 0.0178592 0.0182291 0.0185218 0.0187337 0.0188618 0.0189047 0.0188618 0.0187337 0.0185218 0.0182291 0.0178592 0.0174167 0.0169071 0.0163367 0.0157123 0.0150413 0.0143314 0.0135904 0.0128264 0.0120474 0.011261 0.0104747 0.0096954 0.00892969 0.00818338 0.00746167 0.00676904 0.00610923 0.00548522 0.00489926 0.00435288 0.0038469 0.00338155 0.00295644 0.00257071 0.00222305 0.00191179 0.00163496 0.00139038 0.00117574 0.000988616 0.000826581 0.000687221 0.00056819 0.000467247 0.000382284 0.000311348 0.000252655 0.000204605 0.000165788 0.000134985 0.000111168 9.3503e-05 8.13437e-05 7.42312e-05 
8.27113e-05 8.53835e-05 9.3503e-05 0.000107379 0.000127528 0.000154678 0.000189767 0.000233948 0.000288589 0.00035527 0.000435783 0.000532118 0.000646453 0.000781135 0.000938652 0.0011216 0.00133265 0.00157448 0.00184975 0.00216098 0.00251056 0.0029006 0.0033329 0.00380885 0.00432933 0.00489468 0.00550458 0.00615802 0.00685323 0.00758765 0.00835791 0.00915982 0.00998835 0.0108377 0.0117015 0.0125724 0.0134428 0.0143044 0.0151489 0.0159674 0.0167512 0.0174917 0.0181804 0.0188093 0.0193709 0.0198584 0.0202659 0.0205883 0.0208215 0.0209626 0.0210099 0.0209626 0.0208215 0.0205883 0.0202659 0.0198584 0.0193709 0.0188093 0.0181804 0.0174917 0.0167512 0.0159674 0.0151489 0.0143044 0.0134428 0.0125724 0.0117015 0.0108377 0.00998835 0.00915982 0.00835791 0.00758765 0.00685323 0.00615802 0.00550458 0.00489468 0.00432933 0.00380885 0.0033329 0.0029006 0.00251056 0.00216098 0.00184975 0.00157448 0.00133265 0.0011216 0.000938652 0.000781135 0.000646453 0.000532118 0.000435783 0.00035527 0.000288589 0.000233948 0.000189767 0.000154678 0.000127528 0.000107379 9.3503e-05 8.53835e-05 
9.84387e-05 0.000101591 0.000111168 0.000127528 0.000151272 0.000183242 0.000224527 0.000276459 0.000340621 0.000418836 0.000513167 0.000625902 0.00075954 0.000916768 0.00110042 0.00131347 0.00155893 0.00183983 0.00215917 0.00251978 0.00292432 0.00337513 0.00387416 0.0044229 0.00502227 0.00567253 0.00637321 0.00712305 0.00791992 0.00876081 0.00964179 0.010558 0.0115037 0.0124722 0.0134561 0.0144474 0.0154371 0.0164162 0.017375 0.0183036 0.0191924 0.0200314 0.0208113 0.0215232 0.0221586 0.02271 0.0231707 0.0235351 0.0237986 0.0239581 0.0240115 0.0239581 0.0237986 0.0235351 0.0231707 0.02271 0.0221586 0.0215232 0.0208113 0.0200314 0.0191924 0.0183036 0.017375 0.0164162 0.0154371 0.0144474 0.0134561 0.0124722 0.0115037 0.010558 0.00964179 0.00876081 0.00791992 0.00712305 0.00637321 0.00567253 0.00502227 0.0044229 0.00387416 0.00337513 0.00292432 0.00251978 0.00215917 0.00183983 0.00155893 0.00131347 0.00110042 0.000916768 0.00075954 0.000625902 0.000513167 0.000418836 0.000340621 0.000276459 0.000224527 0.000183242 0.000151272 0.000127528 0.000111168 0.000101591 
0.000119655 0.000123452 0.000134985 0.000154678 0.000183242 0.000221674 0.00027126 0.000333573 0.000410478 0.000504119 0.000616919 0.000751559 0.000910961 0.00109826 0.00131675 0.00156987 0.00186111 0.00219397 0.00257186 0.00299803 0.00347547 0.00400682 0.00459423 0.00523931 0.005943 0.00670545 0.007526 0.00840302 0.00933392 0.0103151 0.0113418 0.0124084 0.013508 0.0146331 0.0157749 0.016924 0.0180703 0.0192033 0.0203118 0.0213846 0.0224106 0.0233786 0.0242778 0.025098 0.0258299 0.0264647 0.0269949 0.0274142 0.0277173 0.0279007 0.0279621 0.0279007 0.0277173 0.0274142 0.0269949 0.0264647 0.0258299 0.025098 0.0242778 0.0233786 0.0224106 0.0213846 0.0203118 0.0192033 0.0180703 0.016924 0.0157749 0.0146331 0.013508 0.0124084 0.0113418 0.0103151 0.00933392 0.00840302 0.007526 0.00670545 0.005943 0.00523931 0.00459423 0.00400682 0.00347547 0.00299803 0.00257186 0.00219397 0.00186111 0.00156987 0.00131675 0.00109826 0.000910961 0.000751559 0.000616919 0.000504119 0.000410478 0.000333573 0.00027126 0.000221674 0.000183242 0.000154678 0.000134985 0.000123452 
0.000147115 0.000151741 0.000165788 0.000189767 0.000224527 0.00027126 0.000331503 0.000407136 0.000500377 0.000613781 0.000750223 0.000912879 0.0011052 0.00133089 0.00159382 0.00189802 0.00224756 0.00264651 0.00309881 0.00360822 0.00417815 0.00481156 0.00551087 0.00627782 0.00711334 0.00801746 0.00898921 0.0100265 0.0111262 0.0122838 0.0134937 0.0147491 0.016042 0.0173633 0.0187028 0.0200496 0.0213918 0.0227171 0.0240127 0.0252656 0.0264628 0.0275915 0.0286394 0.0295948 0.0304467 0.0311854 0.0318021 0.0322896 0.0326421 0.0328553 0.0329266 0.0328553 0.0326421 0.0322896 0.0318021 0.0311854 0.0304467 0.0295948 0.0286394 0.0275915 0.0264628 0.0252656 0.0240127 0.0227171 0.0213918 0.0200496 0.0187028 0.0173633 0.016042 0.0147491 0.0134937 0.0122838 0.0111262 0.0100265 0.00898921 0.00801746 0.00711334 0.00627782 0.00551087 0.00481156 0.00417815 0.00360822 0.00309881 0.00264651 0.00224756 0.00189802 0.00159382 0.00133089 0.0011052 0.000912879 0.000750223 0.000613781 0.000500377 0.000407136 0.000331503 0.00027126 0.000224527 0.000189767 0.000165788 0.000151741 
0.000181744 0.000187409 0.000204605 0.000233948 0.000276459 0.000333573 0.000407136 0.000499401 0.000613027 0.000751068 0.000916956 0.00111447 0.00134773 0.00162109 0.00193915 0.00230664 0.00272835 0.00320903 0.00375327 0.00436539 0.00504931 0.00580841 0.00664536 0.00756204 0.00855937 0.00963717 0.0107941 0.0120275 0.0133334 0.0147065 0.0161398 0.0176254 0.0191535 0.0207134 0.0222932 0.0238799 0.0254597 0.0270181 0.0285402 0.030011 0.0314153 0.0327383 0.0339658 0.0350843 0.0360811 0.036945 0.0376661 0.0382359 0.0386477 0.0388968 0.0389802 0.0388968 0.0386477 0.0382359 0.0376661 0.036945 0.0360811 0.0350843 0.0339658 0.0327383 0.0314153 0.030011 0.0285402 0.0270181 0.0254597 0.0238799 0.0222932 0.0207134 0.0191535 0.0176254 0.0161398 0.0147065 0.0133334 0.0120275 0.0107941 0.00963717 0.00855937 0.00756204 0.00664536 0.00580841 0.00504931 0.00436539 0.00375327 0.00320903 0.00272835 0.00230664 0.00193915 0.00162109 0.00134773 0.00111447 0.000916956 0.000751068 0.000613027 0.000499401 0.000407136 0.000333573 0.000276459 0.000233948 0.000204605 0.000187409 
0.000224646 0.000231587 0.000252655 0.000288589 0.000340621 0.000410478 0.000500377 0.000613027 0.000751615 0.000919797 0.00112167 0.00136175 0.00164491 0.00197635 0.00236149 0.0028059 0.00331523 0.003895 0.00455058 0.00528695 0.0061086 0.00701935 0.00802219 0.00911913 0.010311 0.0115974 0.0129764 0.0144448 0.0159975 0.0176281 0.0193282 0.0210881 0.0228964 0.0247404 0.0266058 0.0284774 0.030339 0.0321738 0.0339642 0.0356927 0.0373419 0.0388945 0.0403341 0.041645 0.0428128 0.0438244 0.0446683 0.0453351 0.0458169 0.0461082 0.0462057 0.0461082 0.0458169 0.0453351 0.0446683 0.0438244 0.0428128 0.041645 0.0403341 0.0388945 0.0373419 0.0356927 0.0339642 0.0321738 0.030339 0.0284774 0.0266058 0.0247404 0.0228964 0.0210881 0.0193282 0.0176281 0.0159975 0.0144448 0.0129764 0.0115974 0.010311 0.00911913 0.00802219 0.00701935 0.0061086 0.00528695 0.00455058 0.003895 0.00331523 0.0028059 0.00236149 0.00197635 0.00164491 0.00136175 0.00112167 0.000919797 0.000751615 0.000613027 0.000500377 0.000410478 0.000340621 0.000288589 0.000252655 0.000231587 
0.000277098 0.000285587 0.000311348 0.00035527 0.000418836 0.000504119 0.000613781 0.000751068 0.000919797 0.00112433 0.00136957 0.00166087 0.00200403 0.0024052 0.00287077 0.00340733 0.00402145 0.00471962 0.00550803 0.00639245 0.007378 0.008469 0.00966874 0.0109793 0.0124015 0.0139345 0.0155758 0.0173212 0.0191645 0.0210979 0.0231114 0.0251933 0.0273299 0.0295062 0.0317056 0.0339099 0.0361003 0.038257 0.0403598 0.0423882 0.0443219 0.0461411 0.0478267 0.0493608 0.0507266 0.0519092 0.0528955 0.0536744 0.0542372 0.0545774 0.0546913 0.0545774 0.0542372 0.0536744 0.0528955 0.0519092 0.0507266 0.0493608 0.0478267 0.0461411 0.0443219 0.0423882 0.0403598 0.038257 0.0361003 0.0339099 0.0317056 0.0295062 0.0273299 0.0251933 0.0231114 0.0210979 0.0191645 0.0173212 0.0155758 0.0139345 0.0124015 0.0109793 0.00966874 0.008469 0.007378 0.00639245 0.00550803 0.00471962 0.00402145 0.00340733 0.00287077 0.0024052 0.00200403 0.00166087 0.00136957 0.00112433 0.000919797 0.000751068 0.000613781 0.000504119 0.000418836 0.00035527 0.000311348 0.000285587 
0.000340551 0.000350896 0.000382284 0.000435783 0.000513167 0.000616919 0.000750223 0.000916956 0.00112167 0.00136957 0.00166646 0.00201871 0.00243317 0.0029171 0.00347803 0.00412365 0.00486166 0.0056996 0.00664462 0.00770334 0.00888159 0.0101842 0.0116148 0.0131755 0.0148669 0.0166877 0.0186347 0.0207026 0.0228839 0.0251688 0.0275456 0.0300001 0.0325164 0.0350765 0.0376609 0.0402485 0.0428172 0.0453439 0.0478053 0.0501775 0.0524372 0.0545616 0.0565287 0.0583178 0.0599098 0.0612877 0.0624364 0.0633433 0.0639983 0.0643943 0.0645268 0.0643943 0.0639983 0.0633433 0.0624364 0.0612877 0.0599098 0.0583178 0.0565287 0.0545616 0.0524372 0.0501775 0.0478053 0.0453439 0.0428172 0.0402485 0.0376609 0.0350765 0.0325164 0.0300001 0.0275456 0.0251688 0.0228839 0.0207026 0.0186347 0.0166877 0.0148669 0.0131755 0.0116148 0.0101842 0.00888159 0.00770334 0.00664462 0.0056996 0.00486166 0.00412365 0.00347803 0.0029171 0.00243317 0.00201871 0.00166646 0.00136957 0.00112167 0.000916956 0.000750223 0.000616919 0.000513167 0.000435783 0.000382284 0.000350896 
0.000416622 0.000429173 0.000467247 0.000532118 0.000625902 0.000751559 0.000912879 0.00111447 0.00136175 0.00166087 0.00201871 0.00244278 0.00294116 0.00352236 0.00419521 0.00496867 0.00585169 0.00685298 0.00798078 0.00924263 0.0106451 0.0121936 0.0138919 0.0157424 0.0177452 0.0198985 0.0221981 0.0246373 0.027207 0.0298956 0.0326888 0.0355699 0.0385202 0.0415184 0.0445417 0.0475656 0.0505644 0.0535114 0.0563794 0.0591412 0.06177 0.0642394 0.0665244 0.0686015 0.0704488 0.0720468 0.0733784 0.0744294 0.0751884 0.0756471 0.0758006 0.0756471 0.0751884 0.0744294 0.0733784 0.0720468 0.0704488 0.0686015 0.0665244 0.0642394 0.06177 0.0591412 0.0563794 0.0535114 0.0505644 0.0475656 0.0445417 0.0415184 0.0385202 0.0355699 0.0326888 0.0298956 0.027207 0.0246373 0.0221981 0.0198985 0.0177452 0.0157424 0.0138919 0.0121936 0.0106451 0.00924263 0.00798078 0.00685298 0.00585169 0.00496867 0.00419521 0.00352236 0.00294116 0.00244278 0.00201871 0.00166087 0.00136175 0.00111447 0.000912879 0.000751559 0.000625902 0.000532118 0.000467247 0.000429173 
0.000507089 0.000522238 0.00056819 0.000646453 0.00075954 0.000910961 0.0011052 0.00134773 0.00164491 0.00200403 0.00243317 0.00294116 0.00353745 0.00423199 0.00503505 0.00595705 0.0070083 0.00819883 0.00953803 0.0110345 0.0126955 0.014527 0.0165332 0.0187162 0.0210758 0.0236095 0.0263117 0.0291743 0.0321863 0.0353337 0.0385995 0.0419642 0.0454054 0.0488986 0.0524172 0.0559326 0.0594152 0.0628343 0.0661587 0.0693573 0.0723992 0.0752545 0.0778948 0.0802933 0.0824253 0.0842687 0.0858042 0.0870157 0.0878904 0.0884189 0.0885957 0.0884189 0.0878904 0.0870157 0.0858042 0.0842687 0.0824253 0.0802933 0.0778948 0.0752545 0.0723992 0.0693573 0.0661587 0.0628343 0.0594152 0.0559326 0.0524172 0.0488986 0.0454054 0.0419642 0.0385995 0.0353337 0.0321863 0.0291743 0.0263117 0.0236095 0.0210758 0.0187162 0.0165332 0.014527 0.0126955 0.0110345 0.00953803 0.00819883 0.0070083 0.00595705 0.00503505 0.00423199 0.00353745 0.00294116 0.00243317 0.00200403 0.00164491 0.00134773 0.0011052 0.000910961 0.00075954 0.000646453 0.00056819 0.000522238 
0.000613872 0.000632061 0.000687221 0.000781135 0.000916768 0.00109826 0.00133089 0.00162109 0.00197635 0.0024052 0.0029171 0.00352236 0.00423199 0.00505754 0.0060109 0.00710408 0.00834892 0.00975686 0.0113386 0.0131037 0.0150603 0.017215 0.019572 0.0221334 0.0248983 0.0278633 0.0310213 0.0343626 0.0378736 0.0415378 0.0453352 0.0492427 0.0532343 0.0572815 0.0613534 0.0654173 0.069439 0.0733834 0.0772149 0.080898 0.0843977 0.0876803 0.0907135 0.0934671 0.0959134 0.0980275 0.0997878 0.101176 0.102178 0.102784 0.102986 0.102784 0.102178 0.101176 0.0997878 0.0980275 0.0959134 0.0934671 0.0907135 0.0876803 0.0843977 0.080898 0.0772149 0.0733834 0.069439 0.0654173 0.0613534 0.0572815 0.0532343 0.0492427 0.0453352 0.0415378 0.0378736 0.0343626 0.0310213 0.0278633 0.0248983 0.0221334 0.019572 0.017215 0.0150603 0.0131037 0.0113386 0.00975686 0.00834892 0.00710408 0.0060109 0.00505754 0.00423199 0.00352236 0.0029171 0.0024052 0.00197635 0.00162109 0.00133089 0.00109826 0.000916768 0.000781135 0.000687221 0.000632061 
0.000739018 0.000760734 0.000826581 0.000938652 0.00110042 0.00131675 0.00159382 0.00193915 0.00236149 0.00287077 0.00347803 0.00419521 0.00503505 0.0060109 0.00713643 0.00842538 0.00989129 0.0115471 0.0134049 0.0154753 0.0177673 0.020288 0.0230417 0.0260301 0.0292517 0.0327017 0.0363716 0.0402492 0.0443186 0.04856 0.05295 0.0574616 0.0620648 0.0667265 0.0714112 0.0760815 0.0806982 0.0852216 0.0896112 0.0938269 0.0978293 0.10158 0.105044 0.108186 0.110976 0.113385 0.115391 0.116972 0.118113 0.118803 0.119033 0.118803 0.118113 0.116972 0.115391 0.113385 0.110976 0.108186 0.105044 0.10158 0.0978293 0.0938269 0.0896112 0.0852216 0.0806982 0.0760815 0.0714112 0.0667265 0.0620648 0.0574616 0.05295 0.04856 0.0443186 0.0402492 0.0363716 0.0327017 0.0292517 0.0260301 0.0230417 0.020288 0.0177673 0.0154753 0.0134049 0.0115471 0.00989129 0.00842538 0.00713643 0.0060109 0.00503505 0.00419521 0.00347803 0.00287077 0.00236149 0.00193915 0.00159382 0.00131675 0.00110042 0.000938652 0.000826581 0.000760734 
0.00088467 0.000910453 0.000988616 0.0011216 0.00131347 0.00156987 0.00189802 0.00230664 0.0028059 0.00340733 0.00412365 0.00496867 0.00595705 0.00710408 0.00842538 0.00993663 0.0116531 0.0135895 0.0157591 0.0181738 0.0208435 0.0237755 0.0269742 0.0304409 0.034173 0.0381643 0.0424043 0.0468783 0.0515674 0.0564481 0.0614933 0.0666717 0.0719486 0.077286 0.0826435 0.0879783 0.0932461 0.0984019 0.1034 0.108196 0.112745 0.117005 0.120935 0.124498 0.12766 0.130389 0.13266 0.13445 0.135741 0.136521 0.136782 0.136521 0.135741 0.13445 0.13266 0.130389 0.12766 0.124498 0.120935 0.117005 0.112745 0.108196 0.1034 0.0984019 0.0932461 0.0879783 0.0826435 0.077286 0.0719486 0.0666717 0.0614933 0.0564481 0.0515674 0.0468783 0.0424043 0.0381643 0.034173 0.0304409 0.0269742 0.0237755 0.0208435 0.0181738 0.0157591 0.0135895 0.0116531 0.00993663 0.00842538 0.00710408 0.00595705 0.00496867 0.00412365 0.00340733 0.0028059 0.00230664 0.00189802 0.00156987 0.00131347 0.0011216 0.000988616 0.000910453 
0.00105304 0.00108348 0.00117574 0.00133265 0.00155893 0.00186111 0.00224756 0.00272835 0.00331523 0.00402145 0.00486166 0.00585169 0.0070083 0.00834892 0.00989129 0.0116531 0.0136516 0.0159032 0.0184226 0.0212228 0.0243146 0.0277055 0.0313998 0.0353981 0.0396966 0.0442873 0.0491574 0.0542893 0.0596605 0.0652438 0.0710076 0.0769159 0.0829289 0.0890032 0.0950929 0.10115 0.107124 0.112964 0.118621 0.124042 0.12918 0.133988 0.13842 0.142435 0.145995 0.149068 0.151622 0.153635 0.155086 0.155963 0.156256 0.155963 0.155086 0.153635 0.151622 0.149068 0.145995 0.142435 0.13842 0.133988 0.12918 0.124042 0.118621 0.112964 0.107124 0.10115 0.0950929 0.0890032 0.0829289 0.0769159 0.0710076 0.0652438 0.0596605 0.0542893 0.0491574 0.0442873 0.0396966 0.0353981 0.0313998 0.0277055 0.0243146 0.0212228 0.0184226 0.0159032 0.0136516 0.0116531 0.00989129 0.00834892 0.0070083 0.00585169 0.00486166 0.00402145 0.00331523 0.00272835 0.00224756 0.00186111 0.00155893 0.00133265 0.00117574 0.00108348 
0.00124637 0.0012821 0.00139038 0.00157448 0.00183983 0.00219397 0.00264651 0.00320903 0.003895 0.00471962 0.0056996 0.00685298 0.00819883 0.00975686 0.0115471 0.0135895 0.0159032 0.0185063 0.0214152 0.0246441 0.0282042 0.0321033 0.0363455 0.0409303 0.0458526 0.0511021 0.0566633 0.0625153 0.0686317 0.0749811 0.0815268 0.0882276 0.0950382 0.10191 0.10879 0.115624 0.122358 0.128933 0.135295 0.141386 0.147153 0.152544 0.15751 0.162006 0.16599 0.169426 0.172282 0.174531 0.176152 0.177131 0.177459 0.177131 0.176152 0.174531 0.172282 0.169426 0.16599 0.162006 0.15751 0.152544 0.147153 0.141386 0.135295 0.128933 0.122358 0.115624 0.10879 0.10191 0.0950382 0.0882276 0.0815268 0.0749811 0.0686317 0.0625153 0.0566633 0.0511021 0.0458526 0.0409303 0.0363455 0.0321033 0.0282042 0.0246441 0.0214152 0.0185063 0.0159032 0.0135895 0.0115471 0.00975686 0.00819883 0.00685298 0.0056996 0.00471962 0.003895 0.00320903 0.00264651 0.00219397 0.00183983 0.00157448 0.00139038 0.0012821 
0.00146687 0.00150858 0.00163496 0.00184975 0.00215917 0.00257186 0.00309881 0.00375327 0.00455058 0.00550803 0.00664462 0.00798078 0.00953803 0.0113386 0.0134049 0.0157591 0.0184226 0.0214152 0.024755 0.028457 0.032533 0.0369911 0.0418345 0.0470618 0.0526659 0.058634 0.0649476 0.0715819 0.0785063 0.0856843 0.0930741 0.100629 0.108297 0.116023 0.123749 0.131415 0.138958 0.146315 0.153425 0.160227 0.16666 0.172668 0.178197 0.1832 0.18763 0.191448 0.194619 0.197116 0.198916 0.200002 0.200366 0.200002 0.198916 0.197116 0.194619 0.191448 0.18763 0.1832 0.178197 0.172668 0.16666 0.160227 0.153425 0.146315 0.138958 0.131415 0.123749 0.116023 0.108297 0.100629 0.0930741 0.0856843 0.0785063 0.0715819 0.0649476 0.058634 0.0526659 0.0470618 0.0418345 0.0369911 0.032533 0.028457 0.024755 0.0214152 0.0184226 0.0157591 0.0134049 0.0113386 0.00953803 0.00798078 0.00664462 0.00550803 0.00455058 0.00375327 0.00309881 0.00257186 0.00215917 0.00184975 0.00163496 0.00150858 
0.00171671 0.00176512 0.00191179 0.00216098 0.00251978 0.00299803 0.00360822 0.00436539 0.00528695 0.00639245 0.00770334 0.00924263 0.0110345 0.0131037 0.0154753 0.0181738 0.0212228 0.0246441 0.028457 0.0326775 0.0373181 0.0423864 0.047885 0.0538109 0.0601549 0.0669013 0.0740279 0.0815057 0.0892994 0.097367 0.105661 0.114128 0.12271 0.131346 0.139971 0.148516 0.156915 0.165098 0.172996 0.180543 0.187674 0.194328 0.200447 0.205978 0.210873 0.215088 0.218589 0.221343 0.223328 0.224526 0.224926 0.224526 0.223328 0.221343 0.218589 0.215088 0.210873 0.205978 0.200447 0.194328 0.187674 0.180543 0.172996 0.165098 0.156915 0.148516 0.139971 0.131346 0.12271 0.114128 0.105661 0.097367 0.0892994 0.0815057 0.0740279 0.0669013 0.0601549 0.0538109 0.047885 0.0423864 0.0373181 0.0326775 0.028457 0.0246441 0.0212228 0.0181738 0.0154753 0.0131037 0.0110345 0.00924263 0.00770334 0.00639245 0.00528695 0.00436539 0.00360822 0.00299803 0.00251978 0.00216098 0.00191179 0.00176512 
0.00199789 0.00205378 0.00222305 0.00251056 0.00292432 0.00347547 0.00417815 0.00504931 0.0061086 0.007378 0.00888159 0.0106451 0.0126955 0.0150603 0.0177673 0.0208435 0.0243146 0.0282042 0.032533 0.0373181 0.0425719 0.0483019 0.0545094 0.0611896 0.0683308 0.0759138 0.0839124 0.092293 0.101015 0.11003 0.119285 0.128719 0.138269 0.147865 0.157435 0.166905 0.176201 0.185246 0.193967 0.202291 0.210147 0.217471 0.2242 0.230277 0.235652 0.240278 0.244116 0.247136 0.249311 0.250623 0.251062 0.250623 0.249311 0.247136 0.244116 0.240278 0.235652 0.230277 0.2242 0.217471 0.210147 0.202291 0.193967 0.185246 0.176201 0.166905 0.157435 0.147865 0.138269 0.128719 0.119285 0.11003 0.101015 0.092293 0.0839124 0.0759138 0.0683308 0.0611896 0.0545094 0.0483019 0.0425719 0.0373181 0.032533 0.0282042 0.0243146 0.0208435 0.0177673 0.0150603 0.0126955 0.0106451 0.00888159 0.007378 0.0061086 0.00504931 0.00417815 0.00347547 0.00292432 0.00251056 0.00222305 0.00205378 
0.00231226 0.00237642 0.00257071 0.0029006 0.00337513 0.00400682 0.00481156 0.00580841 0.00701935 0.008469 0.0101842 0.0121936 0.014527 0.017215 0.020288 0.0237755 0.0277055 0.0321033 0.0369911 0.0423864 0.0483019 0.0547442 0.0617133 0.0692022 0.077196 0.0856719 0.0945991 0.103939 0.113644 0.123661 0.133929 0.144381 0.154946 0.165547 0.176104 0.186538 0.196766 0.206705 0.216276 0.225401 0.234005 0.242017 0.249371 0.256008 0.261872 0.266917 0.271101 0.27439 0.276759 0.278188 0.278665 0.278188 0.276759 0.27439 0.271101 0.266917 0.261872 0.256008 0.249371 0.242017 0.234005 0.225401 0.216276 0.206705 0.196766 0.186538 0.176104 0.165547 0.154946 0.144381 0.133929 0.123661 0.113644 0.103939 0.0945991 0.0856719 0.077196 0.0692022 0.0617133 0.0547442 0.0483019 0.0423864 0.0369911 0.0321033 0.0277055 0.0237755 0.020288 0.017215 0.014527 0.0121936 0.0101842 0.008469 0.00701935 0.00580841 0.00481156 0.00400682 0.00337513 0.0029006 0.00257071 0.00237642 
0.00266139 0.00273464 0.00295644 0.0033329 0.00387416 0.00459423 0.00551087 0.00664536 0.00802219 0.00966874 0.0116148 0.0138919 0.0165332 0.019572 0.0230417 0.0269742 0.0313998 0.0363455 0.0418345 0.047885 0.0545094 0.0617133 0.069495 0.0778447 0.086744 0.0961659 0.106075 0.116425 0.127165 0.138233 0.149562 0.161076 0.172697 0.184341 0.195922 0.20735 0.218537 0.229396 0.239838 0.249783 0.259148 0.26786 0.27585 0.283053 0.289413 0.294881 0.299413 0.302974 0.305538 0.307084 0.307601 0.307084 0.305538 0.302974 0.299413 0.294881 0.289413 0.283053 0.27585 0.26786 0.259148 0.249783 0.239838 0.229396 0.218537 0.20735 0.195922 0.184341 0.172697 0.161076 0.149562 0.138233 0.127165 0.116425 0.106075 0.0961659 0.086744 0.0778447 0.069495 0.0617133 0.0545094 0.047885 0.0418345 0.0363455 0.0313998 0.0269742 0.0230417 0.019572 0.0165332 0.0138919 0.0116148 0.00966874 0.00802219 0.00664536 0.00551087 0.00459423 0.00387416 0.0033329 0.00295644 0.00273464 
0.00304653 0.00312971 0.00338155 0.00380885 0.0044229 0.00523931 0.00627782 0.00756204 0.00911913 0.0109793 0.0131755 0.0157424 0.0187162 0.0221334 0.0260301 0.0304409 0.0353981 0.0409303 0.0470618 0.0538109 0.0611896 0.0692022 0.0778447 0.0871041 0.0969583 0.107375 0.118314 0.129723 0.141543 0.153705 0.166135 0.178749 0.191461 0.204179 0.21681 0.229256 0.241424 0.253218 0.264546 0.275319 0.285455 0.294872 0.3035 0.311272 0.318129 0.324019 0.328898 0.332731 0.335489 0.337151 0.337707 0.337151 0.335489 0.332731 0.328898 0.324019 0.318129 0.311272 0.3035 0.294872 0.285455 0.275319 0.264546 0.253218 0.241424 0.229256 0.21681 0.204179 0.191461 0.178749 0.166135 0.153705 0.141543 0.129723 0.118314 0.107375 0.0969583 0.0871041 0.0778447 0.0692022 0.0611896 0.0538109 0.0470618 0.0409303 0.0353981 0.0304409 0.0260301 0.0221334 0.0187162 0.0157424 0.0131755 0.0109793 0.00911913 0.00756204 0.00627782 0.00523931 0.0044229 0.00380885 0.00338155 0.00312971 
0.00346852 0.00356249 0.0038469 0.00432933 0.00502227 0.005943 0.00711334 0.00855937 0.010311 0.0124015 0.0148669 0.0177452 0.0210758 0.0248983 0.0292517 0.034173 0.0396966 0.0458526 0.0526659 0.0601549 0.0683308 0.077196 0.086744 0.0969583 0.107812 0.119269 0.13128 0.143788 0.156727 0.17002 0.183584 0.197329 0.211158 0.224974 0.238673 0.252153 0.265313 0.27805 0.290269 0.301875 0.312779 0.322901 0.332165 0.340501 0.347849 0.354157 0.359379 0.363479 0.366428 0.368205 0.368799 0.368205 0.366428 0.363479 0.359379 0.354157 0.347849 0.340501 0.332165 0.322901 0.312779 0.301875 0.290269 0.27805 0.265313 0.252153 0.238673 0.224974 0.211158 0.197329 0.183584 0.17002 0.156727 0.143788 0.13128 0.119269 0.107812 0.0969583 0.086744 0.077196 0.0683308 0.0601549 0.0526659 0.0458526 0.0396966 0.034173 0.0292517 0.0248983 0.0210758 0.0177452 0.0148669 0.0124015 0.010311 0.00855937 0.00711334 0.005943 0.00502227 0.00432933 0.0038469 0.00356249 
0.00392778 0.00403336 0.00435288 0.00489468 0.00567253 0.00670545 0.00801746 0.00963717 0.0115974 0.0139345 0.0166877 0.0198985 0.0236095 0.0278633 0.0327017 0.0381643 0.0442873 0.0511021 0.058634 0.0669013 0.0759138 0.0856719 0.0961659 0.107375 0.119269 0.131802 0.144923 0.158566 0.172655 0.187107 0.201831 0.216727 0.231692 0.246619 0.261397 0.275918 0.290072 0.303754 0.316859 0.329291 0.340958 0.351775 0.361664 0.370554 0.378384 0.3851 0.390656 0.395016 0.398151 0.40004 0.400671 0.40004 0.398151 0.395016 0.390656 0.3851 0.378384 0.370554 0.361664 0.351775 0.340958 0.329291 0.316859 0.303754 0.290072 0.275918 0.261397 0.246619 0.231692 0.216727 0.201831 0.187107 0.172655 0.158566 0.144923 0.131802 0.119269 0.107375 0.0961659 0.0856719 0.0759138 0.0669013 0.058634 0.0511021 0.0442873 0.0381643 0.0327017 0.0278633 0.0236095 0.0198985 0.0166877 0.0139345 0.0115974 0.00963717 0.00801746 0.00670545 0.00567253 0.00489468 0.00435288 0.00403336 
0.00442417 0.00454217 0.00489926 0.00550458 0.00637321 0.007526 0.00898921 0.0107941 0.0129764 0.0155758 0.0186347 0.0221981 0.0263117 0.0310213 0.0363716 0.0424043 0.0491574 0.0566633 0.0649476 0.0740279 0.0839124 0.0945991 0.106075 0.118314 0.13128 0.144923 0.159183 0.173986 0.18925 0.204882 0.220782 0.236843 0.252952 0.268994 0.284853 0.300412 0.315554 0.33017 0.344151 0.357396 0.36981 0.381305 0.391803 0.401231 0.409527 0.416637 0.422515 0.427125 0.430439 0.432435 0.433101 0.432435 0.430439 0.427125 0.422515 0.416637 0.409527 0.401231 0.391803 0.381305 0.36981 0.357396 0.344151 0.33017 0.315554 0.300412 0.284853 0.268994 0.252952 0.236843 0.220782 0.204882 0.18925 0.173986 0.159183 0.144923 0.13128 0.118314 0.106075 0.0945991 0.0839124 0.0740279 0.0649476 0.0566633 0.0491574 0.0424043 0.0363716 0.0310213 0.0263117 0.0221981 0.0186347 0.0155758 0.0129764 0.0107941 0.00898921 0.007526 0.00637321 0.00550458 0.00489926 0.00454217 
0.00495697 0.0050882 0.00548522 0.00615802 0.00712305 0.00840302 0.0100265 0.0120275 0.0144448 0.0173212 0.0207026 0.0246373 0.0291743 0.0343626 0.0402492 0.0468783 0.0542893 0.0625153 0.0715819 0.0815057 0.092293 0.103939 0.116425 0.129723 0.143788 0.158566 0.173986 0.189969 0.206422 0.223246 0.24033 0.257559 0.274812 0.291966 0.308896 0.32548 0.341596 0.357128 0.371965 0.386 0.399138 0.411289 0.422372 0.432316 0.441058 0.448543 0.454728 0.459576 0.463058 0.465155 0.465856 0.465155 0.463058 0.459576 0.454728 0.448543 0.441058 0.432316 0.422372 0.411289 0.399138 0.386 0.371965 0.357128 0.341596 0.32548 0.308896 0.291966 0.274812 0.257559 0.24033 0.223246 0.206422 0.189969 0.173986 0.158566 0.143788 0.129723 0.116425 0.103939 0.092293 0.0815057 0.0715819 0.0625153 0.0542893 0.0468783 0.0402492 0.0343626 0.0291743 0.0246373 0.0207026 0.0173212 0.0144448 0.0120275 0.0100265 0.00840302 0.00712305 0.00615802 0.00548522 0.0050882 
0.00552487 0.00567005 0.00610923 0.00685323 0.00791992 0.00933392 0.0111262 0.0133334 0.0159975 0.0191645 0.0228839 0.027207 0.0321863 0.0378736 0.0443186 0.0515674 0.0596605 0.0686317 0.0785063 0.0892994 0.101015 0.113644 0.127165 0.141543 0.156727 0.172655 0.18925 0.206422 0.224072 0.24209 0.260356 0.278747 0.297134 0.315385 0.33337 0.350958 0.368024 0.384446 0.40011 0.414907 0.428739 0.441515 0.453155 0.463587 0.472749 0.480588 0.48706 0.49213 0.49577 0.497962 0.498694 0.497962 0.49577 0.49213 0.48706 0.480588 0.472749 0.463587 0.453155 0.441515 0.428739 0.414907 0.40011 0.384446 0.368024 0.350958 0.33337 0.315385 0.297134 0.278747 0.260356 0.24209 0.224072 0.206422 0.18925 0.172655 0.156727 0.141543 0.127165 0.113644 0.101015 0.0892994 0.0785063 0.0686317 0.0596605 0.0515674 0.0443186 0.0378736 0.0321863 0.027207 0.0228839 0.0191645 0.0159975 0.0133334 0.0111262 0.00933392 0.00791992 0.00685323 0.00610923 0.00567005 
0.00612587 0.00628568 0.00676904 0.00758765 0.00876081 0.0103151 0.0122838 0.0147065 0.0176281 0.0210979 0.0251688 0.0298956 0.0353337 0.0415378 0.04856 0.0564481 0.0652438 0.0749811 0.0856843 0.097367 0.11003 0.123661 0.138233 0.153705 0.17002 0.187107 0.204882 0.223246 0.24209 0.261294 0.280732 0.30027 0.319772 0.339097 0.35811 0.376673 0.394656 0.411934 0.428388 0.44391 0.4584 0.471766 0.483929 0.494817 0.50437 0.512537 0.519274 0.524548 0.528333 0.530612 0.531372 0.530612 0.528333 0.524548 0.519274 0.512537 0.50437 0.494817 0.483929 0.471766 0.4584 0.44391 0.428388 0.411934 0.394656 0.376673 0.35811 0.339097 0.319772 0.30027 0.280732 0.261294 0.24209 0.223246 0.204882 0.187107 0.17002 0.153705 0.138233 0.123661 0.11003 0.097367 0.0856843 0.0749811 0.0652438 0.0564481 0.04856 0.0415378 0.0353337 0.0298956 0.0251688 0.0210979 0.0176281 0.0147065 0.0122838 0.0103151 0.00876081 0.00758765 0.00676904 0.00628568 
0.00675727 0.00693232 0.00746167 0.00835791 0.00964179 0.0113418 0.0134937 0.0161398 0.0193282 0.0231114 0.0275456 0.0326888 0.0385995 0.0453352 0.05295 0.0614933 0.0710076 0.0815268 0.0930741 0.105661 0.119285 0.133929 0.149562 0.166135 0.183584 0.201831 0.220782 0.24033 0.260356 0.280732 0.301322 0.321983 0.342571 0.362939 0.382944 0.402445 0.421305 0.439397 0.4566 0.472805 0.48791 0.501825 0.514471 0.52578 0.535691 0.544156 0.551134 0.556593 0.56051 0.562866 0.563653 0.562866 0.56051 0.556593 0.551134 0.544156 0.535691 0.52578 0.514471 0.501825 0.48791 0.472805 0.4566 0.439397 0.421305 0.402445 0.382944 0.362939 0.342571 0.321983 0.301322 0.280732 0.260356 0.24033 0.220782 0.201831 0.183584 0.166135 0.149562 0.133929 0.119285 0.105661 0.0930741 0.0815268 0.0710076 0.0614933 0.05295 0.0453352 0.0385995 0.0326888 0.0275456 0.0231114 0.0193282 0.0161398 0.0134937 0.0113418 0.00964179 0.00835791 0.00746167 0.00693232 
0.00741572 0.0076065 0.00818338 0.00915982 0.010558 0.0124084 0.0147491 0.0176254 0.0210881 0.0251933 0.0300001 0.0355699 0.0419642 0.0492427 0.0574616 0.0666717 0.0769159 0.0882276 0.100629 0.114128 0.128719 0.144381 0.161076 0.178749 0.197329 0.216727 0.236843 0.257559 0.278747 0.30027 0.321983 0.343735 0.365373 0.386745 0.4077 0.428092 0.447783 0.466641 0.484545 0.501384 0.517058 0.531477 0.544565 0.556254 0.566488 0.57522 0.582413 0.588036 0.592068 0.594494 0.595303 0.594494 0.592068 0.588036 0.582413 0.57522 0.566488 0.556254 0.544565 0.531477 0.517058 0.501384 0.484545 0.466641 0.447783 0.428092 0.4077 0.386745 0.365373 0.343735 0.321983 0.30027 0.278747 0.257559 0.236843 0.216727 0.197329 0.178749 0.161076 0.144381 0.128719 0.114128 0.100629 0.0882276 0.0769159 0.0666717 0.0574616 0.0492427 0.0419642 0.0355699 0.0300001 0.0251933 0.0210881 0.0176254 0.0147491 0.0124084 0.010558 0.00915982 0.00818338 0.0076065 
0.00809713 0.00830407 0.00892969 0.00998835 0.0115037 0.013508 0.016042 0.0191535 0.0228964 0.0273299 0.0325164 0.0385202 0.0454054 0.0532343 0.0620648 0.0719486 0.0829289 0.0950382 0.108297 0.12271 0.138269 0.154946 0.172697 0.191461 0.211158 0.231692 0.252952 0.274812 0.297134 0.319772 0.342571 0.365373 0.388018 0.410346 0.432202 0.453436 0.473905 0.493476 0.512028 0.529449 0.545641 0.560516 0.573999 0.586027 0.596547 0.605514 0.612894 0.61866 0.622792 0.625276 0.626105 0.625276 0.622792 0.61866 0.612894 0.605514 0.596547 0.586027 0.573999 0.560516 0.545641 0.529449 0.512028 0.493476 0.473905 0.453436 0.432202 0.410346 0.388018 0.365373 0.342571 0.319772 0.297134 0.274812 0.252952 0.231692 0.211158 0.191461 0.172697 0.154946 0.138269 0.12271 0.108297 0.0950382 0.0829289 0.0719486 0.0620648 0.0532343 0.0454054 0.0385202 0.0325164 0.0273299 0.0228964 0.0191535 0.016042 0.013508 0.0115037 0.00998835 0.00892969 0.00830407 
0.00879678 0.00902016 0.0096954 0.0108377 0.0124722 0.0146331 0.0173633 0.0207134 0.0247404 0.0295062 0.0350765 0.0415184 0.0488986 0.0572815 0.0667265 0.077286 0.0890032 0.10191 0.116023 0.131346 0.147865 0.165547 0.184341 0.204179 0.224974 0.246619 0.268994 0.291966 0.315385 0.339097 0.362939 0.386745 0.410346 0.433578 0.456281 0.478299 0.49949 0.519718 0.538861 0.556809 0.573466 0.588746 0.602579 0.614903 0.625669 0.634837 0.642376 0.648262 0.652479 0.655013 0.655858 0.655013 0.652479 0.648262 0.642376 0.634837 0.625669 0.614903 0.602579 0.588746 0.573466 0.556809 0.538861 0.519718 0.49949 0.478299 0.456281 0.433578 0.410346 0.386745 0.362939 0.339097 0.315385 0.291966 0.268994 0.246619 0.224974 0.204179 0.184341 0.165547 0.147865 0.131346 0.116023 0.10191 0.0890032 0.077286 0.0667265 0.0572815 0.0488986 0.0415184 0.0350765 0.0295062 0.0247404 0.0207134 0.0173633 0.0146331 0.0124722 0.0108377 0.0096954 0.00902016 
0.00950931 0.0097493 0.0104747 0.0117015 0.0134561 0.0157749 0.0187028 0.0222932 0.0266058 0.0317056 0.0376609 0.0445417 0.0524172 0.0613534 0.0714112 0.0826435 0.0950929 0.10879 0.123749 0.139971 0.157435 0.176104 0.195922 0.21681 0.238673 0.261397 0.284853 0.308896 0.33337 0.35811 0.382944 0.4077 0.432202 0.456281 0.47977 0.502514 0.524366 0.545191 0.564867 0.583286 0.600353 0.615988 0.630121 0.642698 0.653672 0.663008 0.670678 0.676663 0.680947 0.683521 0.68438 0.683521 0.680947 0.676663 0.670678 0.663008 0.653672 0.642698 0.630121 0.615988 0.600353 0.583286 0.564867 0.545191 0.524366 0.502514 0.47977 0.456281 0.432202 0.4077 0.382944 0.35811 0.33337 0.308896 0.284853 0.261397 0.238673 0.21681 0.195922 0.176104 0.157435 0.139971 0.123749 0.10879 0.0950929 0.0826435 0.0714112 0.0613534 0.0524172 0.0445417 0.0376609 0.0317056 0.0266058 0.0222932 0.0187028 0.0157749 0.0134561 0.0117015 0.0104747 0.0097493 
0.0102288 0.0104854 0.011261 0.0125724 0.0144474 0.016924 0.0200496 0.0238799 0.0284774 0.0339099 0.0402485 0.0475656 0.0559326 0.0654173 0.0760815 0.0879783 0.10115 0.115624 0.131415 0.148516 0.166905 0.186538 0.20735 0.229256 0.252153 0.275918 0.300412 0.32548 0.350958 0.376673 0.402445 0.428092 0.453436 0.478299 0.502514 0.525921 0.548372 0.569733 0.589882 0.608715 0.626138 0.642076 0.656464 0.66925 0.680394 0.689865 0.69764 0.703701 0.708038 0.710642 0.711511 0.710642 0.708038 0.703701 0.69764 0.689865 0.680394 0.66925 0.656464 0.642076 0.626138 0.608715 0.589882 0.569733 0.548372 0.525921 0.502514 0.478299 0.453436 0.428092 0.402445 0.376673 0.350958 0.32548 0.300412 0.275918 0.252153 0.229256 0.20735 0.186538 0.166905 0.148516 0.131415 0.115624 0.10115 0.0879783 0.0760815 0.0654173 0.0559326 0.0475656 0.0402485 0.0339099 0.0284774 0.0238799 0.0200496 0.016924 0.0144474 0.0125724 0.011261 0.0104854 
0.0109488 0.011222 0.0120474 0.0134428 0.0154371 0.0180703 0.0213918 0.0254597 0.030339 0.0361003 0.0428172 0.0505644 0.0594152 0.069439 0.0806982 0.0932461 0.107124 0.122358 0.138958 0.156915 0.176201 0.196766 0.218537 0.241424 0.265313 0.290072 0.315554 0.341596 0.368024 0.394656 0.421305 0.447783 0.473905 0.49949 0.524366 0.548372 0.57136 0.593195 0.613759 0.632949 0.650675 0.666866 0.681462 0.694417 0.705695 0.71527 0.723123 0.72924 0.733615 0.736241 0.737117 0.736241 0.733615 0.72924 0.723123 0.71527 0.705695 0.694417 0.681462 0.666866 0.650675 0.632949 0.613759 0.593195 0.57136 0.548372 0.524366 0.49949 0.473905 0.447783 0.421305 0.394656 0.368024 0.341596 0.315554 0.290072 0.265313 0.241424 0.218537 0.196766 0.176201 0.156915 0.138958 0.122358 0.107124 0.0932461 0.0806982 0.069439 0.0594152 0.0505644 0.0428172 0.0361003 0.030339 0.0254597 0.0213918 0.0180703 0.0154371 0.0134428 0.0120474 0.011222 
0.0116626 0.011952 0.0128264 0.0143044 0.0164162 0.0192033 0.0227171 0.0270181 0.0321738 0.038257 0.0453439 0.0535114 0.0628343 0.0733834 0.0852216 0.0984019 0.112964 0.128933 0.146315 0.165098 0.185246 0.206705 0.229396 0.253218 0.27805 0.303754 0.33017 0.357128 0.384446 0.411934 0.439397 0.466641 0.493476 0.519718 0.545191 0.569733 0.593195 0.615445 0.636366 0.655858 0.673836 0.690233 0.704995 0.71808 0.729458 0.739107 0.747013 0.753168 0.757567 0.760207 0.761087 0.760207 0.757567 0.753168 0.747013 0.739107 0.729458 0.71808 0.704995 0.690233 0.673836 0.655858 0.636366 0.615445 0.593195 0.569733 0.545191 0.519718 0.493476 0.466641 0.439397 0.411934 0.384446 0.357128 0.33017 0.303754 0.27805 0.253218 0.229396 0.206705 0.185246 0.165098 0.146315 0.128933 0.112964 0.0984019 0.0852216 0.0733834 0.0628343 0.0535114 0.0453439 0.038257 0.0321738 0.0270181 0.0227171 0.0192033 0.0164162 0.0143044 0.0128264 0.011952 
0.0123629 0.0126681 0.0135904 0.0151489 0.017375 0.0203118 0.0240127 0.0285402 0.0339642 0.0403598 0.0478053 0.0563794 0.0661587 0.0772149 0.0896112 0.1034 0.118621 0.135295 0.153425 0.172996 0.193967 0.216276 0.239838 0.264546 0.290269 0.316859 0.344151 0.371965 0.40011 0.428388 0.4566 0.484545 0.512028 0.538861 0.564867 0.589882 0.613759 0.636366 0.657589 0.677332 0.695514 0.712073 0.72696 0.740139 0.751586 0.761283 0.769221 0.775397 0.779808 0.782454 0.783336 0.782454 0.779808 0.775397 0.769221 0.761283 0.751586 0.740139 0.72696 0.712073 0.695514 0.677332 0.657589 0.636366 0.613759 0.589882 0.564867 0.538861 0.512028 0.484545 0.4566 0.428388 0.40011 0.371965 0.344151 0.316859 0.290269 0.264546 0.239838 0.216276 0.193967 0.172996 0.153425 0.135295 0.118621 0.1034 0.0896112 0.0772149 0.0661587 0.0563794 0.0478053 0.0403598 0.0339642 0.0285402 0.0240127 0.0203118 0.017375 0.0151489 0.0135904 0.0126681 
0.0130425 0.013363 0.0143314 0.0159674 0.0183036 0.0213846 0.0252656 0.030011 0.0356927 0.0423882 0.0501775 0.0591412 0.0693573 0.080898 0.0938269 0.108196 0.124042 0.141386 0.160227 0.180543 0.202291 0.225401 0.249783 0.275319 0.301875 0.329291 0.357396 0.386 0.414907 0.44391 0.472805 0.501384 0.529449 0.556809 0.583286 0.608715 0.632949 0.655858 0.677332 0.697277 0.71562 0.732301 0.747277 0.760519 0.772006 0.781728 0.78968 0.795861 0.800274 0.80292 0.803802 0.80292 0.800274 0.795861 0.78968 0.781728 0.772006 0.760519 0.747277 0.732301 0.71562 0.697277 0.677332 0.655858 0.632949 0.608715 0.583286 0.556809 0.529449 0.501384 0.472805 0.44391 0.414907 0.386 0.357396 0.329291 0.301875 0.275319 0.249783 0.225401 0.202291 0.180543 0.160227 0.141386 0.124042 0.108196 0.0938269 0.080898 0.0693573 0.0591412 0.0501775 0.0423882 0.0356927 0.030011 0.0252656 0.0213846 0.0183036 0.0159674 0.0143314 0.013363 
