1.69382e-12 2.19466e-12 3.95411e-12 7.85344e-12 1.57674e-11 3.13137e-11 6.12172e-11 1.17683e-10 2.22414e-10 4.13244e-10 7.54839e-10 1.35558e-09 2.39356e-09 4.15568e-09 7.09499e-09 1.19127e-08 1.96727e-08 3.19561e-08 5.10658e-08 8.02861e-08 1.24204e-07 1.89088e-07 2.83321e-07 4.17853e-07 6.06662e-07 8.67145e-07 1.22039e-06 1.69124e-06 2.30807e-06 3.10214e-06 4.10652e-06 5.35449e-06 6.87741e-06 8.70217e-06 1.08483e-05 1.33252e-05 1.61289e-05 1.92404e-05 2.26237e-05 2.6226e-05 2.99779e-05 3.3796e-05 3.75861e-05 4.12474e-05 4.4677e-05 4.77752e-05 5.04495e-05 5.2619e-05 5.42178e-05 5.51971e-05 5.55269e-05 5.51971e-05 5.42178e-05 5.2619e-05 5.04495e-05 4.77752e-05 4.4677e-05 4.12474e-05 3.75861e-05 3.3796e-05 2.99779e-05 2.6226e-05 2.26237e-05 1.92404e-05 1.61289e-05 1.33252e-05 1.08483e-05 8.70217e-06 6.87741e-06 5.35449e-06 4.10652e-06 3.10214e-06 2.30807e-06 1.69124e-06 1.22039e-06 8.67145e-07 6.06662e-07 4.17853e-07 2.83321e-07 1.89088e-07 1.24204e-07 8.02861e-08 5.10658e-08 3.19561e-08 1.96727e-08 1.19127e-08 7.09499e-09 4.15568e-09 2.39356e-09 1.35558e-09 7.54839e-10 4.13244e-10 2.22414e-10 1.17683e-10 6.12172e-11 3.13137e-11 1.57674e-11 7.85344e-12 3.95411e-12 2.19466e-12 
2.19466e-12 2.84047e-12 5.1073e-12 1.01241e-11 2.02888e-11 4.02202e-11 7.84859e-11 1.50603e-10 2.841e-10 5.26856e-10 9.60519e-10 1.7216e-09 3.03385e-09 5.25682e-09 8.95683e-09 1.50081e-08 2.47333e-08 4.00931e-08 6.39348e-08 1.00308e-07 1.54853e-07 2.35254e-07 3.51759e-07 5.17716e-07 7.50112e-07 1.07003e-06 1.50295e-06 2.07879e-06 2.83163e-06 3.79888e-06 5.01998e-06 6.53446e-06 8.37938e-06 1.05863e-05 1.31778e-05 1.61642e-05 1.95399e-05 2.32812e-05 2.73446e-05 3.16659e-05 3.6162e-05 4.07332e-05 4.52669e-05 4.96432e-05 5.37398e-05 5.74383e-05 6.06292e-05 6.32169e-05 6.51232e-05 6.62906e-05 6.66837e-05 6.62906e-05 6.51232e-05 6.32169e-05 6.06292e-05 5.74383e-05 5.37398e-05 4.96432e-05 4.52669e-05 4.07332e-05 3.6162e-05 3.16659e-05 2.73446e-05 2.32812e-05 1.95399e-05 1.61642e-05 1.31778e-05 1.05863e-05 8.37938e-06 6.53446e-06 5.01998e-06 3.79888e-06 2.83163e-06 2.07879e-06 1.50295e-06 1.07003e-06 7.50112e-07 5.17716e-07 3.51759e-07 2.35254e-07 1.54853e-07 1.00308e-07 6.39348e-08 4.00931e-08 2.47333e-08 1.50081e-08 8.95683e-09 5.25682e-09 3.03385e-09 1.7216e-09 9.60519e-10 5.26856e-10 2.841e-10 1.50603e-10 7.84859e-11 4.02202e-11 2.02888e-11 1.01241e-11 5.1073e-12 2.84047e-12 
3.95411e-12 5.1073e-12 9.14891e-12 1.80704e-11 3.60898e-11 7.1303e-11 1.3867e-10 2.65173e-10 4.98482e-10 9.21146e-10 1.6733e-09 2.98817e-09 5.24622e-09 9.05586e-09 1.53706e-08 2.56547e-08 4.21123e-08 6.79926e-08 1.07989e-07 1.6874e-07 2.59436e-07 3.92535e-07 5.84542e-07 8.56842e-07 1.23648e-06 1.75683e-06 2.45797e-06 3.38669e-06 4.59589e-06 6.14332e-06 8.08936e-06 1.0494e-05 1.34129e-05 1.68926e-05 2.09656e-05 2.56447e-05 3.09187e-05 3.67481e-05 4.30632e-05 4.97635e-05 5.67198e-05 6.37782e-05 7.07663e-05 7.75009e-05 8.37963e-05 8.94729e-05 9.43655e-05 9.83299e-05 0.000101249 0.000103035 0.000103637 0.000103035 0.000101249 9.83299e-05 9.43655e-05 8.94729e-05 8.37963e-05 7.75009e-05 7.07663e-05 6.37782e-05 5.67198e-05 4.97635e-05 4.30632e-05 3.67481e-05 3.09187e-05 2.56447e-05 2.09656e-05 1.68926e-05 1.34129e-05 1.0494e-05 8.08936e-06 6.14332e-06 4.59589e-06 3.38669e-06 2.45797e-06 1.75683e-06 1.23648e-06 8.56842e-07 5.84542e-07 3.92535e-07 2.59436e-07 1.6874e-07 1.07989e-07 6.79926e-08 4.21123e-08 2.56547e-08 1.53706e-08 9.05586e-09 5.24622e-09 2.98817e-09 1.6733e-09 9.21146e-10 4.98482e-10 2.65173e-10 1.3867e-10 7.1303e-11 3.60898e-11 1.80704e-11 9.14891e-12 5.1073e-12 
7.85344e-12 1.01241e-11 1.80704e-11 3.55673e-11 7.07998e-11 1.39425e-10 2.70262e-10 5.15092e-10 9.6501e-10 1.77709e-09 3.21684e-09 5.72408e-09 1.0013e-08 1.72202e-08 2.9118e-08 4.84145e-08 7.91642e-08 1.27313e-07 2.014e-07 3.13438e-07 4.79963e-07 7.23252e-07 1.07265e-06 1.56595e-06 2.25066e-06 3.18501e-06 4.43851e-06 6.09179e-06 8.23537e-06 1.09673e-05 1.43894e-05 1.86017e-05 2.36959e-05 2.97476e-05 3.68071e-05 4.48913e-05 5.39757e-05 6.39884e-05 7.48066e-05 8.62564e-05 9.81166e-05 0.000110126 0.000121993 0.000133411 0.000144068 0.000153665 0.000161927 0.000168617 0.000173538 0.00017655 0.000177563 0.00017655 0.000173538 0.000168617 0.000161927 0.000153665 0.000144068 0.000133411 0.000121993 0.000110126 9.81166e-05 8.62564e-05 7.48066e-05 6.39884e-05 5.39757e-05 4.48913e-05 3.68071e-05 2.97476e-05 2.36959e-05 1.86017e-05 1.43894e-05 1.09673e-05 8.23537e-06 6.09179e-06 4.43851e-06 3.18501e-06 2.25066e-06 1.56595e-06 1.07265e-06 7.23252e-07 4.79963e-07 3.13438e-07 2.014e-07 1.27313e-07 7.91642e-08 4.84145e-08 2.9118e-08 1.72202e-08 1.0013e-08 5.72408e-09 3.21684e-09 1.77709e-09 9.6501e-10 5.15092e-10 2.70262e-10 1.39425e-10 7.07998e-11 3.55673e-11 1.80704e-11 1.01241e-11 
1.57674e-11 2.02888e-11 3.60898e-11 7.07998e-11 1.40493e-10 2.75817e-10 5.32989e-10 1.01262e-09 1.89105e-09 3.47108e-09 6.26241e-09 1.11058e-08 1.93604e-08 3.31792e-08 5.59038e-08 9.26154e-08 1.50883e-07 2.41749e-07 3.8099e-07 5.90676e-07 9.01022e-07 1.3525e-06 1.99813e-06 2.90577e-06 4.16021e-06 5.86477e-06 8.14201e-06 1.11331e-05 1.49956e-05 1.98988e-05 2.60169e-05 3.35199e-05 4.25614e-05 5.32652e-05 6.57106e-05 7.99182e-05 9.58366e-05 0.000113333 0.000132188 0.000152096 0.000172671 0.000193463 0.000213971 0.000233669 0.000252028 0.00026854 0.000282741 0.000294228 0.000302674 0.00030784 0.000309578 0.00030784 0.000302674 0.000294228 0.000282741 0.00026854 0.000252028 0.000233669 0.000213971 0.000193463 0.000172671 0.000152096 0.000132188 0.000113333 9.58366e-05 7.99182e-05 6.57106e-05 5.32652e-05 4.25614e-05 3.35199e-05 2.60169e-05 1.98988e-05 1.49956e-05 1.11331e-05 8.14201e-06 5.86477e-06 4.16021e-06 2.90577e-06 1.99813e-06 1.3525e-06 9.01022e-07 5.90676e-07 3.8099e-07 2.41749e-07 1.50883e-07 9.26154e-08 5.59038e-08 3.31792e-08 1.93604e-08 1.11058e-08 6.26241e-09 3.47108e-09 1.89105e-09 1.01262e-09 5.32989e-10 2.75817e-10 1.40493e-10 7.07998e-11 3.60898e-11 2.02888e-11 
3.13137e-11 4.02202e-11 7.1303e-11 1.39425e-10 2.75817e-10 5.39842e-10 1.04e-09 1.96977e-09 3.66691e-09 6.70918e-09 1.2065e-08 2.13252e-08 3.70501e-08 6.3277e-08 1.06243e-07 1.75387e-07 2.84698e-07 4.54481e-07 7.13597e-07 1.10219e-06 1.67494e-06 2.50465e-06 3.68614e-06 5.34006e-06 7.61625e-06 1.06962e-05 1.47937e-05 2.01536e-05 2.70469e-05 3.57629e-05 4.6597e-05 5.98339e-05 7.57276e-05 9.44785e-05 0.000116209 0.000140938 0.000168563 0.000198842 0.000231386 0.000265665 0.000301015 0.000336662 0.000371758 0.00040541 0.000436729 0.000464862 0.000489032 0.000508565 0.000522918 0.000531692 0.000534644 0.000531692 0.000522918 0.000508565 0.000489032 0.000464862 0.000436729 0.00040541 0.000371758 0.000336662 0.000301015 0.000265665 0.000231386 0.000198842 0.000168563 0.000140938 0.000116209 9.44785e-05 7.57276e-05 5.98339e-05 4.6597e-05 3.57629e-05 2.70469e-05 2.01536e-05 1.47937e-05 1.06962e-05 7.61625e-06 5.34006e-06 3.68614e-06 2.50465e-06 1.67494e-06 1.10219e-06 7.13597e-07 4.54481e-07 2.84698e-07 1.75387e-07 1.06243e-07 6.3277e-08 3.70501e-08 2.13252e-08 1.2065e-08 6.70918e-09 3.66691e-09 1.96977e-09 1.04e-09 5.39842e-10 2.75817e-10 1.39425e-10 7.1303e-11 4.02202e-11 
6.12172e-11 7.84859e-11 1.3867e-10 2.70262e-10 5.32989e-10 1.04e-09 1.99739e-09 3.77129e-09 6.99839e-09 1.27634e-08 2.28771e-08 4.03012e-08 6.97813e-08 1.18767e-07 1.98712e-07 3.26864e-07 5.28661e-07 8.40832e-07 1.3153e-06 2.0239e-06 3.0639e-06 4.56408e-06 6.69115e-06 9.65596e-06 1.37187e-05 1.91925e-05 2.64439e-05 3.58893e-05 4.7987e-05 6.32218e-05 8.20839e-05 0.000105041 0.000132505 0.00016479 0.000202079 0.000244377 0.000291484 0.000342969 0.000398157 0.00045614 0.000515796 0.000575827 0.000634816 0.000691282 0.000743752 0.000790822 0.000831216 0.000863832 0.000887783 0.000902418 0.00090734 0.000902418 0.000887783 0.000863832 0.000831216 0.000790822 0.000743752 0.000691282 0.000634816 0.000575827 0.000515796 0.00045614 0.000398157 0.000342969 0.000291484 0.000244377 0.000202079 0.00016479 0.000132505 0.000105041 8.20839e-05 6.32218e-05 4.7987e-05 3.58893e-05 2.64439e-05 1.91925e-05 1.37187e-05 9.65596e-06 6.69115e-06 4.56408e-06 3.0639e-06 2.0239e-06 1.3153e-06 8.40832e-07 5.28661e-07 3.26864e-07 1.98712e-07 1.18767e-07 6.97813e-08 4.03012e-08 2.28771e-08 1.27634e-08 6.99839e-09 3.77129e-09 1.99739e-09 1.04e-09 5.32989e-10 2.70262e-10 1.3867e-10 7.84859e-11 
1.17683e-10 1.50603e-10 2.65173e-10 5.15092e-10 1.01262e-09 1.96977e-09 3.77129e-09 7.09812e-09 1.31298e-08 2.38677e-08 4.26386e-08 7.48605e-08 1.29176e-07 2.19088e-07 3.65259e-07 5.98652e-07 9.64689e-07 1.52861e-06 2.38215e-06 3.65149e-06 5.50647e-06 8.17063e-06 1.19316e-05 1.71507e-05 2.42711e-05 3.38223e-05 4.64198e-05 6.27583e-05 8.35952e-05 0.000109726 0.000141946 0.000181007 0.000227555 0.000282076 0.000344823 0.00041576 0.000494512 0.000580323 0.00067205 0.000768171 0.000866826 0.000965882 0.00106302 0.00115584 0.00124195 0.0013191 0.00138522 0.00143857 0.00147771 0.00150162 0.00150965 0.00150162 0.00147771 0.00143857 0.00138522 0.0013191 0.00124195 0.00115584 0.00106302 0.000965882 0.000866826 0.000768171 0.00067205 0.000580323 0.000494512 0.00041576 0.000344823 0.000282076 0.000227555 0.000181007 0.000141946 0.000109726 8.35952e-05 6.27583e-05 4.64198e-05 3.38223e-05 2.42711e-05 1.71507e-05 1.19316e-05 8.17063e-06 5.50647e-06 3.65149e-06 2.38215e-06 1.52861e-06 9.64689e-07 5.98652e-07 3.65259e-07 2.19088e-07 1.29176e-07 7.48605e-08 4.26386e-08 2.38677e-08 1.31298e-08 7.09812e-09 3.77129e-09 1.96977e-09 1.01262e-09 5.15092e-10 2.65173e-10 1.50603e-10 
2.22414e-10 2.841e-10 4.98482e-10 9.6501e-10 1.89105e-09 3.66691e-09 6.99839e-09 1.31298e-08 2.42079e-08 4.38602e-08 7.8091e-08 1.36635e-07 2.3495e-07 3.97074e-07 6.5961e-07 1.07712e-06 1.72925e-06 2.72974e-06 4.23761e-06 6.47037e-06 9.71898e-06 1.4364e-05 2.08919e-05 2.99099e-05 4.21574e-05 5.85116e-05 7.99849e-05 0.00010771 0.000142914 0.000186869 0.00024084 0.000305998 0.000383338 0.000473575 0.000577046 0.000693613 0.00082259 0.000962689 0.00111201 0.00126805 0.0014278 0.00158782 0.00174442 0.00189377 0.0020321 0.00215584 0.00226178 0.00234716 0.00240976 0.00244798 0.00246082 0.00244798 0.00240976 0.00234716 0.00226178 0.00215584 0.0020321 0.00189377 0.00174442 0.00158782 0.0014278 0.00126805 0.00111201 0.000962689 0.00082259 0.000693613 0.000577046 0.000473575 0.000383338 0.000305998 0.00024084 0.000186869 0.000142914 0.00010771 7.99849e-05 5.85116e-05 4.21574e-05 2.99099e-05 2.08919e-05 1.4364e-05 9.71898e-06 6.47037e-06 4.23761e-06 2.72974e-06 1.72925e-06 1.07712e-06 6.5961e-07 3.97074e-07 2.3495e-07 1.36635e-07 7.8091e-08 4.38602e-08 2.42079e-08 1.31298e-08 6.99839e-09 3.66691e-09 1.89105e-09 9.6501e-10 4.98482e-10 2.841e-10 
4.13244e-10 5.26856e-10 9.21146e-10 1.77709e-09 3.47108e-09 6.70918e-09 1.27634e-08 2.38677e-08 4.38602e-08 7.91994e-08 1.40529e-07 2.45028e-07 4.19847e-07 7.07003e-07 1.17016e-06 1.90371e-06 3.04471e-06 4.7878e-06 7.40351e-06 1.12596e-05 1.6845e-05 2.4795e-05 3.59164e-05 5.12088e-05 7.18811e-05 9.93564e-05 0.000135264 0.000181413 0.000239741 0.000312244 0.000400873 0.000507416 0.000633353 0.000779703 0.000946869 0.0011345 0.00134139 0.00156538 0.00180337 0.00205136 0.00230457 0.0025576 0.00280466 0.00303981 0.00325723 0.00345142 0.00361746 0.00375114 0.00384908 0.00390883 0.00392892 0.00390883 0.00384908 0.00375114 0.00361746 0.00345142 0.00325723 0.00303981 0.00280466 0.0025576 0.00230457 0.00205136 0.00180337 0.00156538 0.00134139 0.0011345 0.000946869 0.000779703 0.000633353 0.000507416 0.000400873 0.000312244 0.000239741 0.000181413 0.000135264 9.93564e-05 7.18811e-05 5.12088e-05 3.59164e-05 2.4795e-05 1.6845e-05 1.12596e-05 7.40351e-06 4.7878e-06 3.04471e-06 1.90371e-06 1.17016e-06 7.07003e-07 4.19847e-07 2.45028e-07 1.40529e-07 7.91994e-08 4.38602e-08 2.38677e-08 1.27634e-08 6.70918e-09 3.47108e-09 1.77709e-09 9.21146e-10 5.26856e-10 
7.54839e-10 9.60519e-10 1.6733e-09 3.21684e-09 6.26241e-09 1.2065e-08 2.28771e-08 4.26386e-08 7.8091e-08 1.40529e-07 2.48484e-07 4.31729e-07 7.37095e-07 1.2367e-06 2.03923e-06 3.30505e-06 5.2656e-06 8.24777e-06 1.27031e-05 1.92417e-05 2.86692e-05 4.20256e-05 6.06221e-05 8.60717e-05 0.00012031 0.000165597 0.0002245 0.000299841 0.000394615 0.000511871 0.000654553 0.000825309 0.00102627 0.00125883 0.0015234 0.00181922 0.0021442 0.00249483 0.00286617 0.00325195 0.00364474 0.00403625 0.00441762 0.00477985 0.00511414 0.00541224 0.00566678 0.00587148 0.00602134 0.00611272 0.00614342 0.00611272 0.00602134 0.00587148 0.00566678 0.00541224 0.00511414 0.00477985 0.00441762 0.00403625 0.00364474 0.00325195 0.00286617 0.00249483 0.0021442 0.00181922 0.0015234 0.00125883 0.00102627 0.000825309 0.000654553 0.000511871 0.000394615 0.000299841 0.0002245 0.000165597 0.00012031 8.60717e-05 6.06221e-05 4.20256e-05 2.86692e-05 1.92417e-05 1.27031e-05 8.24777e-06 5.2656e-06 3.30505e-06 2.03923e-06 1.2367e-06 7.37095e-07 4.31729e-07 2.48484e-07 1.40529e-07 7.8091e-08 4.26386e-08 2.28771e-08 1.2065e-08 6.26241e-09 3.21684e-09 1.6733e-09 9.60519e-10 
1.35558e-09 1.7216e-09 2.98817e-09 5.72408e-09 1.11058e-08 2.13252e-08 4.03012e-08 7.48605e-08 1.36635e-07 2.45028e-07 4.31729e-07 7.47413e-07 1.2714e-06 2.12523e-06 3.49112e-06 5.63641e-06 8.94479e-06 1.39549e-05 2.14064e-05 3.22918e-05 4.79135e-05 6.99403e-05 0.000100461 0.000142026 0.000197669 0.000270906 0.00036569 0.000486327 0.000637339 0.000823271 0.00104844 0.00131667 0.00163092 0.00199298 0.00240315 0.00285991 0.00335978 0.00389715 0.00446432 0.00505166 0.00564792 0.00624062 0.00681655 0.00736237 0.00786509 0.00831263 0.00869423 0.00900076 0.00922496 0.0093616 0.0094075 0.0093616 0.00922496 0.00900076 0.00869423 0.00831263 0.00786509 0.00736237 0.00681655 0.00624062 0.00564792 0.00505166 0.00446432 0.00389715 0.00335978 0.00285991 0.00240315 0.00199298 0.00163092 0.00131667 0.00104844 0.000823271 0.000637339 0.000486327 0.00036569 0.000270906 0.000197669 0.000142026 0.000100461 6.99403e-05 4.79135e-05 3.22918e-05 2.14064e-05 1.39549e-05 8.94479e-06 5.63641e-06 3.49112e-06 2.12523e-06 1.2714e-06 7.47413e-07 4.31729e-07 2.45028e-07 1.36635e-07 7.48605e-08 4.03012e-08 2.13252e-08 1.11058e-08 5.72408e-09 2.98817e-09 1.7216e-09 
2.39356e-09 3.03385e-09 5.24622e-09 1.0013e-08 1.93604e-08 3.70501e-08 6.97813e-08 1.29176e-07 2.3495e-07 4.19847e-07 7.37095e-07 1.2714e-06 2.15471e-06 3.58813e-06 5.87157e-06 9.44256e-06 1.49254e-05 2.31913e-05 3.54285e-05 5.32215e-05 7.86343e-05 0.000114293 0.000163458 0.000230079 0.000318816 0.000435017 0.000584638 0.0007741 0.00101006 0.00129914 0.00164749 0.00206044 0.00254196 0.00309421 0.00371707 0.00440777 0.00516061 0.00596684 0.00681473 0.00768984 0.00857547 0.00945329 0.0103041 0.0111085 0.0118478 0.0125049 0.0130642 0.013513 0.013841 0.0140407 0.0141078 0.0140407 0.013841 0.013513 0.0130642 0.0125049 0.0118478 0.0111085 0.0103041 0.00945329 0.00857547 0.00768984 0.00681473 0.00596684 0.00516061 0.00440777 0.00371707 0.00309421 0.00254196 0.00206044 0.00164749 0.00129914 0.00101006 0.0007741 0.000584638 0.000435017 0.000318816 0.000230079 0.000163458 0.000114293 7.86343e-05 5.32215e-05 3.54285e-05 2.31913e-05 1.49254e-05 9.44256e-06 5.87157e-06 3.58813e-06 2.15471e-06 1.2714e-06 7.37095e-07 4.19847e-07 2.3495e-07 1.29176e-07 6.97813e-08 3.70501e-08 1.93604e-08 1.0013e-08 5.24622e-09 3.03385e-09 
4.15568e-09 5.25682e-09 9.05586e-09 1.72202e-08 3.31792e-08 6.3277e-08 1.18767e-07 2.19088e-07 3.97074e-07 7.07003e-07 1.2367e-06 2.12523e-06 3.58813e-06 5.95216e-06 9.70196e-06 1.55405e-05 2.44648e-05 3.78574e-05 5.75918e-05 8.61487e-05 0.000126736 0.000183405 0.000261144 0.000365945 0.000504812 0.000685707 0.000917406 0.00120926 0.00157084 0.0020115 0.0025398 0.00316292 0.00388592 0.00471117 0.00563764 0.00666047 0.00777061 0.00895472 0.0101953 0.0114712 0.0127582 0.01403 0.0152593 0.0164187 0.017482 0.0184251 0.0192267 0.019869 0.0203379 0.0206234 0.0207192 0.0206234 0.0203379 0.019869 0.0192267 0.0184251 0.017482 0.0164187 0.0152593 0.01403 0.0127582 0.0114712 0.0101953 0.00895472 0.00777061 0.00666047 0.00563764 0.00471117 0.00388592 0.00316292 0.0025398 0.0020115 0.00157084 0.00120926 0.000917406 0.000685707 0.000504812 0.000365945 0.000261144 0.000183405 0.000126736 8.61487e-05 5.75918e-05 3.78574e-05 2.44648e-05 1.55405e-05 9.70196e-06 5.95216e-06 3.58813e-06 2.12523e-06 1.2367e-06 7.07003e-07 3.97074e-07 2.19088e-07 1.18767e-07 6.3277e-08 3.31792e-08 1.72202e-08 9.05586e-09 5.25682e-09 
7.09499e-09 8.95683e-09 1.53706e-08 2.9118e-08 5.59038e-08 1.06243e-07 1.98712e-07 3.65259e-07 6.5961e-07 1.17016e-06 2.03923e-06 3.49112e-06 5.87157e-06 9.70196e-06 1.57512e-05 2.51281e-05 3.93956e-05 6.07067e-05 9.19596e-05 0.000136964 0.00020061 0.000289023 0.000409683 0.000571492 0.000784759 0.00106108 0.00141309 0.00185408 0.00239747 0.00305614 0.0038416 0.00476317 0.00582699 0.00703518 0.00838502 0.00986834 0.0114711 0.0131735 0.01495 0.0167703 0.0186 0.0204024 0.0221394 0.0237734 0.0252686 0.026592 0.027715 0.0286136 0.029269 0.0296676 0.0298014 0.0296676 0.029269 0.0286136 0.027715 0.026592 0.0252686 0.0237734 0.0221394 0.0204024 0.0186 0.0167703 0.01495 0.0131735 0.0114711 0.00986834 0.00838502 0.00703518 0.00582699 0.00476317 0.0038416 0.00305614 0.00239747 0.00185408 0.00141309 0.00106108 0.000784759 0.000571492 0.000409683 0.000289023 0.00020061 0.000136964 9.19596e-05 6.07067e-05 3.93956e-05 2.51281e-05 1.57512e-05 9.70196e-06 5.87157e-06 3.49112e-06 2.03923e-06 1.17016e-06 6.5961e-07 3.65259e-07 1.98712e-07 1.06243e-07 5.59038e-08 2.9118e-08 1.53706e-08 8.95683e-09 
1.19127e-08 1.50081e-08 2.56547e-08 4.84145e-08 9.26154e-08 1.75387e-07 3.26864e-07 5.98652e-07 1.07712e-06 1.90371e-06 3.30505e-06 5.63641e-06 9.44256e-06 1.55405e-05 2.51281e-05 3.99223e-05 6.2328e-05 9.56363e-05 0.000144246 0.000213896 0.000311897 0.000447327 0.000631176 0.000876401 0.00119785 0.00161203 0.00213674 0.0027904 0.00359134 0.00455678 0.00570169 0.00703767 0.00857162 0.0103047 0.0122311 0.0143377 0.0166034 0.0189992 0.0214889 0.0240298 0.0265747 0.0290732 0.0314735 0.0337253 0.0357807 0.0375961 0.0391339 0.0403626 0.0412577 0.0418017 0.0419842 0.0418017 0.0412577 0.0403626 0.0391339 0.0375961 0.0357807 0.0337253 0.0314735 0.0290732 0.0265747 0.0240298 0.0214889 0.0189992 0.0166034 0.0143377 0.0122311 0.0103047 0.00857162 0.00703767 0.00570169 0.00455678 0.00359134 0.0027904 0.00213674 0.00161203 0.00119785 0.000876401 0.000631176 0.000447327 0.000311897 0.000213896 0.000144246 9.56363e-05 6.2328e-05 3.99223e-05 2.51281e-05 1.55405e-05 9.44256e-06 5.63641e-06 3.30505e-06 1.90371e-06 1.07712e-06 5.98652e-07 3.26864e-07 1.75387e-07 9.26154e-08 4.84145e-08 2.56547e-08 1.50081e-08 
1.96727e-08 2.47333e-08 4.21123e-08 7.91642e-08 1.50883e-07 2.84698e-07 5.28661e-07 9.64689e-07 1.72925e-06 3.04471e-06 5.2656e-06 8.94479e-06 1.49254e-05 2.44648e-05 3.93956e-05 6.2328e-05 9.68948e-05 0.000148033 0.000222293 0.000328159 0.000476344 0.000680042 0.000955075 0.00131991 0.00179546 0.00240475 0.0031722 0.00412276 0.00528075 0.0066685 0.00830481 0.0102034 0.0123711 0.0148069 0.0175001 0.0204302 0.0235661 0.0268667 0.0302814 0.033752 0.0372146 0.0406018 0.0438456 0.0468797 0.0496418 0.0520761 0.0541341 0.055776 0.0569707 0.0576962 0.0579395 0.0576962 0.0569707 0.055776 0.0541341 0.0520761 0.0496418 0.0468797 0.0438456 0.0406018 0.0372146 0.033752 0.0302814 0.0268667 0.0235661 0.0204302 0.0175001 0.0148069 0.0123711 0.0102034 0.00830481 0.0066685 0.00528075 0.00412276 0.0031722 0.00240475 0.00179546 0.00131991 0.000955075 0.000680042 0.000476344 0.000328159 0.000222293 0.000148033 9.68948e-05 6.2328e-05 3.93956e-05 2.44648e-05 1.49254e-05 8.94479e-06 5.2656e-06 3.04471e-06 1.72925e-06 9.64689e-07 5.28661e-07 2.84698e-07 1.50883e-07 7.91642e-08 4.21123e-08 2.47333e-08 
3.19561e-08 4.00931e-08 6.79926e-08 1.27313e-07 2.41749e-07 4.54481e-07 8.40832e-07 1.52861e-06 2.72974e-06 4.7878e-06 8.24777e-06 1.39549e-05 2.31913e-05 3.78574e-05 6.07067e-05 9.56363e-05 0.000148033 0.000225166 0.000336611 0.000494665 0.000714732 0.00101561 0.00141961 0.0019525 0.00264315 0.00352287 0.00462443 0.00598073 0.00762314 0.00957968 0.0118729 0.014518 0.0175206 0.0208753 0.024564 0.0285557 0.0328058 0.037257 0.0418407 0.0464791 0.0510879 0.0555795 0.059866 0.0638628 0.0674915 0.0706818 0.0733735 0.0755174 0.0770754 0.0780208 0.0783377 0.0780208 0.0770754 0.0755174 0.0733735 0.0706818 0.0674915 0.0638628 0.059866 0.0555795 0.0510879 0.0464791 0.0418407 0.037257 0.0328058 0.0285557 0.024564 0.0208753 0.0175206 0.014518 0.0118729 0.00957968 0.00762314 0.00598073 0.00462443 0.00352287 0.00264315 0.0019525 0.00141961 0.00101561 0.000714732 0.000494665 0.000336611 0.000225166 0.000148033 9.56363e-05 6.07067e-05 3.78574e-05 2.31913e-05 1.39549e-05 8.24777e-06 4.7878e-06 2.72974e-06 1.52861e-06 8.40832e-07 4.54481e-07 2.41749e-07 1.27313e-07 6.79926e-08 4.00931e-08 
5.10658e-08 6.39348e-08 1.07989e-07 2.014e-07 3.8099e-07 7.13597e-07 1.3153e-06 2.38215e-06 4.23761e-06 7.40351e-06 1.27031e-05 2.14064e-05 3.54285e-05 5.75918e-05 9.19596e-05 0.000144246 0.000222293 0.000336611 0.00050093 0.000732746 0.00105378 0.00149027 0.00207307 0.00283738 0.00382216 0.00506906 0.00662096 0.00852005 0.0108056 0.0135115 0.0166636 0.020277 0.024354 0.028882 0.0338321 0.0391586 0.0447993 0.0506763 0.0566986 0.0627647 0.068766 0.0745912 0.0801302 0.0852779 0.0899378 0.0940242 0.0974646 0.1002 0.102185 0.103389 0.103792 0.103389 0.102185 0.1002 0.0974646 0.0940242 0.0899378 0.0852779 0.0801302 0.0745912 0.068766 0.0627647 0.0566986 0.0506763 0.0447993 0.0391586 0.0338321 0.028882 0.024354 0.020277 0.0166636 0.0135115 0.0108056 0.00852005 0.00662096 0.00506906 0.00382216 0.00283738 0.00207307 0.00149027 0.00105378 0.000732746 0.00050093 0.000336611 0.000222293 0.000144246 9.19596e-05 5.75918e-05 3.54285e-05 2.14064e-05 1.27031e-05 7.40351e-06 4.23761e-06 2.38215e-06 1.3153e-06 7.13597e-07 3.8099e-07 2.014e-07 1.07989e-07 6.39348e-08 
8.02861e-08 1.00308e-07 1.6874e-07 3.13438e-07 5.90676e-07 1.10219e-06 2.0239e-06 3.65149e-06 6.47037e-06 1.12596e-05 1.92417e-05 3.22918e-05 5.32215e-05 8.61487e-05 0.000136964 0.000213896 0.000328159 0.000494665 0.000732746 0.00106682 0.00152692 0.00214899 0.00297479 0.00405142 0.00543029 0.00716551 0.00931179 0.0119218 0.015043 0.0187146 0.0229644 0.0278052 0.0332328 0.0392234 0.0457329 0.0526961 0.060028 0.0676256 0.0753708 0.083134 0.0907794 0.098169 0.105168 0.11165 0.1175 0.122615 0.126913 0.130323 0.132795 0.134292 0.134793 0.134292 0.132795 0.130323 0.126913 0.122615 0.1175 0.11165 0.105168 0.098169 0.0907794 0.083134 0.0753708 0.0676256 0.060028 0.0526961 0.0457329 0.0392234 0.0332328 0.0278052 0.0229644 0.0187146 0.015043 0.0119218 0.00931179 0.00716551 0.00543029 0.00405142 0.00297479 0.00214899 0.00152692 0.00106682 0.000732746 0.000494665 0.000328159 0.000213896 0.000136964 8.61487e-05 5.32215e-05 3.22918e-05 1.92417e-05 1.12596e-05 6.47037e-06 3.65149e-06 2.0239e-06 1.10219e-06 5.90676e-07 3.13438e-07 1.6874e-07 1.00308e-07 
1.24204e-07 1.54853e-07 2.59436e-07 4.79963e-07 9.01022e-07 1.67494e-06 3.0639e-06 5.50647e-06 9.71898e-06 1.6845e-05 2.86692e-05 4.79135e-05 7.86343e-05 0.000126736 0.00020061 0.000311897 0.000476344 0.000714732 0.00105378 0.00152692 0.00217492 0.00304598 0.00419555 0.0056853 0.00758157 0.009953 0.0128675 0.0163889 0.0205725 0.0254616 0.0310831 0.0374443 0.04453 0.0523002 0.0606899 0.069609 0.0789444 0.0885626 0.098314 0.108038 0.117567 0.126737 0.135386 0.143367 0.150545 0.156804 0.162049 0.166203 0.169209 0.171028 0.171637 0.171028 0.169209 0.166203 0.162049 0.156804 0.150545 0.143367 0.135386 0.126737 0.117567 0.108038 0.098314 0.0885626 0.0789444 0.069609 0.0606899 0.0523002 0.04453 0.0374443 0.0310831 0.0254616 0.0205725 0.0163889 0.0128675 0.009953 0.00758157 0.0056853 0.00419555 0.00304598 0.00217492 0.00152692 0.00105378 0.000714732 0.000476344 0.000311897 0.00020061 0.000126736 7.86343e-05 4.79135e-05 2.86692e-05 1.6845e-05 9.71898e-06 5.50647e-06 3.0639e-06 1.67494e-06 9.01022e-07 4.79963e-07 2.59436e-07 1.54853e-07 
1.89088e-07 2.35254e-07 3.92535e-07 7.23252e-07 1.3525e-06 2.50465e-06 4.56408e-06 8.17063e-06 1.4364e-05 2.4795e-05 4.20256e-05 6.99403e-05 0.000114293 0.000183405 0.000289023 0.000447327 0.000680042 0.00101561 0.00149027 0.00214899 0.00304598 0.00424473 0.00581728 0.0078427 0.0104047 0.0135881 0.0174751 0.0221403 0.0276457 0.0340359 0.0413333 0.0495346 0.0586078 0.0684907 0.0790909 0.0902872 0.101933 0.113858 0.125879 0.137801 0.149425 0.160556 0.17101 0.180617 0.189227 0.196712 0.202968 0.207913 0.211485 0.213645 0.214367 0.213645 0.211485 0.207913 0.202968 0.196712 0.189227 0.180617 0.17101 0.160556 0.149425 0.137801 0.125879 0.113858 0.101933 0.0902872 0.0790909 0.0684907 0.0586078 0.0495346 0.0413333 0.0340359 0.0276457 0.0221403 0.0174751 0.0135881 0.0104047 0.0078427 0.00581728 0.00424473 0.00304598 0.00214899 0.00149027 0.00101561 0.000680042 0.000447327 0.000289023 0.000183405 0.000114293 6.99403e-05 4.20256e-05 2.4795e-05 1.4364e-05 8.17063e-06 4.56408e-06 2.50465e-06 1.3525e-06 7.23252e-07 3.92535e-07 2.35254e-07 
2.83321e-07 3.51759e-07 5.84542e-07 1.07265e-06 1.99813e-06 3.68614e-06 6.69115e-06 1.19316e-05 2.08919e-05 3.59164e-05 6.06221e-05 0.000100461 0.000163458 0.000261144 0.000409683 0.000631176 0.000955075 0.00141961 0.00207307 0.00297479 0.00419555 0.00581728 0.00793173 0.0106381 0.0140395 0.0182384 0.0233311 0.0294018 0.0365165 0.0447169 0.0540157 0.0643925 0.0757915 0.0881208 0.101254 0.115031 0.129267 0.143753 0.158266 0.172575 0.186451 0.199672 0.212031 0.22334 0.233438 0.242188 0.24948 0.255231 0.259378 0.261883 0.26272 0.261883 0.259378 0.255231 0.24948 0.242188 0.233438 0.22334 0.212031 0.199672 0.186451 0.172575 0.158266 0.143753 0.129267 0.115031 0.101254 0.0881208 0.0757915 0.0643925 0.0540157 0.0447169 0.0365165 0.0294018 0.0233311 0.0182384 0.0140395 0.0106381 0.00793173 0.00581728 0.00419555 0.00297479 0.00207307 0.00141961 0.000955075 0.000631176 0.000409683 0.000261144 0.000163458 0.000100461 6.06221e-05 3.59164e-05 2.08919e-05 1.19316e-05 6.69115e-06 3.68614e-06 1.99813e-06 1.07265e-06 5.84542e-07 3.51759e-07 
4.17853e-07 5.17716e-07 8.56842e-07 1.56595e-06 2.90577e-06 5.34006e-06 9.65596e-06 1.71507e-05 2.99099e-05 5.12088e-05 8.60717e-05 0.000142026 0.000230079 0.000365945 0.000571492 0.000876401 0.00131991 0.0019525 0.00283738 0.00405142 0.0056853 0.0078427 0.0106381 0.0141932 0.0186323 0.0240755 0.0306323 0.038394 0.047426 0.0577616 0.0693966 0.0822855 0.0963407 0.111432 0.127392 0.144016 0.161075 0.178317 0.19548 0.212299 0.228514 0.243881 0.258174 0.271195 0.282774 0.292772 0.30108 0.307616 0.312321 0.315158 0.316106 0.315158 0.312321 0.307616 0.30108 0.292772 0.282774 0.271195 0.258174 0.243881 0.228514 0.212299 0.19548 0.178317 0.161075 0.144016 0.127392 0.111432 0.0963407 0.0822855 0.0693966 0.0577616 0.047426 0.038394 0.0306323 0.0240755 0.0186323 0.0141932 0.0106381 0.0078427 0.0056853 0.00405142 0.00283738 0.0019525 0.00131991 0.000876401 0.000571492 0.000365945 0.000230079 0.000142026 8.60717e-05 5.12088e-05 2.99099e-05 1.71507e-05 9.65596e-06 5.34006e-06 2.90577e-06 1.56595e-06 8.56842e-07 5.17716e-07 
6.06662e-07 7.50112e-07 1.23648e-06 2.25066e-06 4.16021e-06 7.61625e-06 1.37187e-05 2.42711e-05 4.21574e-05 7.18811e-05 0.00012031 0.000197669 0.000318816 0.000504812 0.000784759 0.00119785 0.00179546 0.00264315 0.00382216 0.00543029 0.00758157 0.0104047 0.0140395 0.0186323 0.0243287 0.0312663 0.039565 0.0493186 0.0605862 0.0733849 0.087685 0.103407 0.120421 0.138552 0.157582 0.177258 0.197301 0.217418 0.237306 0.256669 0.275224 0.292706 0.308881 0.323546 0.33653 0.3477 0.356951 0.36421 0.369426 0.372567 0.373616 0.372567 0.369426 0.36421 0.356951 0.3477 0.33653 0.323546 0.308881 0.292706 0.275224 0.256669 0.237306 0.217418 0.197301 0.177258 0.157582 0.138552 0.120421 0.103407 0.087685 0.0733849 0.0605862 0.0493186 0.039565 0.0312663 0.0243287 0.0186323 0.0140395 0.0104047 0.00758157 0.00543029 0.00382216 0.00264315 0.00179546 0.00119785 0.000784759 0.000504812 0.000318816 0.000197669 0.00012031 7.18811e-05 4.21574e-05 2.42711e-05 1.37187e-05 7.61625e-06 4.16021e-06 2.25066e-06 1.23648e-06 7.50112e-07 
8.67145e-07 1.07003e-06 1.75683e-06 3.18501e-06 5.86477e-06 1.06962e-05 1.91925e-05 3.38223e-05 5.85116e-05 9.93564e-05 0.000165597 0.000270906 0.000435017 0.000685707 0.00106108 0.00161203 0.00240475 0.00352287 0.00506906 0.00716551 0.009953 0.0135881 0.0182384 0.0240755 0.0312663 0.039963 0.0502919 0.0623434 0.076162 0.0917395 0.109011 0.127851 0.148081 0.169469 0.191742 0.214594 0.237695 0.260708 0.283298 0.30514 0.325935 0.345408 0.363324 0.379483 0.393725 0.405926 0.415998 0.423879 0.429529 0.432927 0.434061 0.432927 0.429529 0.423879 0.415998 0.405926 0.393725 0.379483 0.363324 0.345408 0.325935 0.30514 0.283298 0.260708 0.237695 0.214594 0.191742 0.169469 0.148081 0.127851 0.109011 0.0917395 0.076162 0.0623434 0.0502919 0.039963 0.0312663 0.0240755 0.0182384 0.0135881 0.009953 0.00716551 0.00506906 0.00352287 0.00240475 0.00161203 0.00106108 0.000685707 0.000435017 0.000270906 0.000165597 9.93564e-05 5.85116e-05 3.38223e-05 1.91925e-05 1.06962e-05 5.86477e-06 3.18501e-06 1.75683e-06 1.07003e-06 
1.22039e-06 1.50295e-06 2.45797e-06 4.43851e-06 8.14201e-06 1.47937e-05 2.64439e-05 4.64198e-05 7.99849e-05 0.000135264 0.0002245 0.00036569 0.000584638 0.000917406 0.00141309 0.00213674 0.0031722 0.00462443 0.00662096 0.00931179 0.0128675 0.0174751 0.0233311 0.0306323 0.039565 0.0502919 0.0629398 0.0775872 0.0942548 0.112898 0.133405 0.155596 0.179232 0.204017 0.229617 0.25567 0.281799 0.307626 0.332785 0.356937 0.37977 0.401015 0.420443 0.437869 0.453151 0.466188 0.476909 0.485272 0.491255 0.494847 0.496045 0.494847 0.491255 0.485272 0.476909 0.466188 0.453151 0.437869 0.420443 0.401015 0.37977 0.356937 0.332785 0.307626 0.281799 0.25567 0.229617 0.204017 0.179232 0.155596 0.133405 0.112898 0.0942548 0.0775872 0.0629398 0.0502919 0.039565 0.0306323 0.0233311 0.0174751 0.0128675 0.00931179 0.00662096 0.00462443 0.0031722 0.00213674 0.00141309 0.000917406 0.000584638 0.00036569 0.0002245 0.000135264 7.99849e-05 4.64198e-05 2.64439e-05 1.47937e-05 8.14201e-06 4.43851e-06 2.45797e-06 1.50295e-06 
1.69124e-06 2.07879e-06 3.38669e-06 6.09179e-06 1.11331e-05 2.01536e-05 3.58893e-05 6.27583e-05 0.00010771 0.000181413 0.000299841 0.000486327 0.0007741 0.00120926 0.00185408 0.0027904 0.00412276 0.00598073 0.00852005 0.0119218 0.0163889 0.0221403 0.0294018 0.038394 0.0493186 0.0623434 0.0775872 0.0951074 0.114889 0.13684 0.16079 0.186493 0.21364 0.241869 0.27078 0.299954 0.32897 0.357416 0.384907 0.411093 0.435669 0.458378 0.47901 0.497407 0.513456 0.527083 0.538244 0.546923 0.553117 0.556829 0.558065 0.556829 0.553117 0.546923 0.538244 0.527083 0.513456 0.497407 0.47901 0.458378 0.435669 0.411093 0.384907 0.357416 0.32897 0.299954 0.27078 0.241869 0.21364 0.186493 0.16079 0.13684 0.114889 0.0951074 0.0775872 0.0623434 0.0493186 0.038394 0.0294018 0.0221403 0.0163889 0.0119218 0.00852005 0.00598073 0.00412276 0.0027904 0.00185408 0.00120926 0.0007741 0.000486327 0.000299841 0.000181413 0.00010771 6.27583e-05 3.58893e-05 2.01536e-05 1.11331e-05 6.09179e-06 3.38669e-06 2.07879e-06 
2.30807e-06 2.83163e-06 4.59589e-06 8.23537e-06 1.49956e-05 2.70469e-05 4.7987e-05 8.35952e-05 0.000142914 0.000239741 0.000394615 0.000637339 0.00101006 0.00157084 0.00239747 0.00359134 0.00528075 0.00762314 0.0108056 0.015043 0.0205725 0.0276457 0.0365165 0.047426 0.0605862 0.076162 0.0942548 0.114889 0.138003 0.163443 0.190969 0.220261 0.250933 0.282549 0.314646 0.346752 0.378406 0.409172 0.438655 0.466512 0.492453 0.516245 0.537714 0.556736 0.573236 0.587174 0.598542 0.607351 0.61362 0.61737 0.618619 0.61737 0.61362 0.607351 0.598542 0.587174 0.573236 0.556736 0.537714 0.516245 0.492453 0.466512 0.438655 0.409172 0.378406 0.346752 0.314646 0.282549 0.250933 0.220261 0.190969 0.163443 0.138003 0.114889 0.0942548 0.076162 0.0605862 0.047426 0.0365165 0.0276457 0.0205725 0.015043 0.0108056 0.00762314 0.00528075 0.00359134 0.00239747 0.00157084 0.00101006 0.000637339 0.000394615 0.000239741 0.000142914 8.35952e-05 4.7987e-05 2.70469e-05 1.49956e-05 8.23537e-06 4.59589e-06 2.83163e-06 
3.10214e-06 3.79888e-06 6.14332e-06 1.09673e-05 1.98988e-05 3.57629e-05 6.32218e-05 0.000109726 0.000186869 0.000312244 0.000511871 0.000823271 0.00129914 0.0020115 0.00305614 0.00455678 0.0066685 0.00957968 0.0135115 0.0187146 0.0254616 0.0340359 0.0447169 0.0577616 0.0733849 0.0917395 0.112898 0.13684 0.163443 0.192481 0.223635 0.256499 0.290607 0.325451 0.360505 0.395249 0.429193 0.461888 0.492944 0.522035 0.548902 0.57335 0.595248 0.614519 0.631132 0.645089 0.656421 0.665167 0.671374 0.67508 0.676312 0.67508 0.671374 0.665167 0.656421 0.645089 0.631132 0.614519 0.595248 0.57335 0.548902 0.522035 0.492944 0.461888 0.429193 0.395249 0.360505 0.325451 0.290607 0.256499 0.223635 0.192481 0.163443 0.13684 0.112898 0.0917395 0.0733849 0.0577616 0.0447169 0.0340359 0.0254616 0.0187146 0.0135115 0.00957968 0.0066685 0.00455678 0.00305614 0.0020115 0.00129914 0.000823271 0.000511871 0.000312244 0.000186869 0.000109726 6.32218e-05 3.57629e-05 1.98988e-05 1.09673e-05 6.14332e-06 3.79888e-06 
4.10652e-06 5.01998e-06 8.08936e-06 1.43894e-05 2.60169e-05 4.6597e-05 8.20839e-05 0.000141946 0.00024084 0.000400873 0.000654553 0.00104844 0.00164749 0.0025398 0.0038416 0.00570169 0.00830481 0.0118729 0.0166636 0.0229644 0.0310831 0.0413333 0.0540157 0.0693966 0.087685 0.109011 0.133405 0.16079 0.190969 0.223635 0.258376 0.294701 0.33206 0.369872 0.407556 0.444556 0.480361 0.514525 0.546675 0.576518 0.603838 0.628491 0.650399 0.669538 0.685927 0.699617 0.710674 0.719174 0.725187 0.72877 0.729959 0.72877 0.725187 0.719174 0.710674 0.699617 0.685927 0.669538 0.650399 0.628491 0.603838 0.576518 0.546675 0.514525 0.480361 0.444556 0.407556 0.369872 0.33206 0.294701 0.258376 0.223635 0.190969 0.16079 0.133405 0.109011 0.087685 0.0693966 0.0540157 0.0413333 0.0310831 0.0229644 0.0166636 0.0118729 0.00830481 0.00570169 0.0038416 0.0025398 0.00164749 0.00104844 0.000654553 0.000400873 0.00024084 0.000141946 8.20839e-05 4.6597e-05 2.60169e-05 1.43894e-05 8.08936e-06 5.01998e-06 
5.35449e-06 6.53446e-06 1.0494e-05 1.86017e-05 3.35199e-05 5.98339e-05 0.000105041 0.000181007 0.000305998 0.000507416 0.000825309 0.00131667 0.00206044 0.00316292 0.00476317 0.00703767 0.0102034 0.014518 0.020277 0.0278052 0.0374443 0.0495346 0.0643925 0.0822855 0.103407 0.127851 0.155596 0.186493 0.220261 0.256499 0.294701 0.334284 0.374616 0.415051 0.454961 0.493763 0.530943 0.566072 0.598808 0.628905 0.656201 0.680613 0.702124 0.720769 0.736622 0.749779 0.760348 0.768436 0.774138 0.777527 0.778652 0.777527 0.774138 0.768436 0.760348 0.749779 0.736622 0.720769 0.702124 0.680613 0.656201 0.628905 0.598808 0.566072 0.530943 0.493763 0.454961 0.415051 0.374616 0.334284 0.294701 0.256499 0.220261 0.186493 0.155596 0.127851 0.103407 0.0822855 0.0643925 0.0495346 0.0374443 0.0278052 0.020277 0.014518 0.0102034 0.00703767 0.00476317 0.00316292 0.00206044 0.00131667 0.000825309 0.000507416 0.000305998 0.000181007 0.000105041 5.98339e-05 3.35199e-05 1.86017e-05 1.0494e-05 6.53446e-06 
6.87741e-06 8.37938e-06 1.34129e-05 2.36959e-05 4.25614e-05 7.57276e-05 0.000132505 0.000227555 0.000383338 0.000633353 0.00102627 0.00163092 0.00254196 0.00388592 0.00582699 0.00857162 0.0123711 0.0175206 0.024354 0.0332328 0.04453 0.0586078 0.0757915 0.0963407 0.120421 0.148081 0.179232 0.21364 0.250933 0.290607 0.33206 0.374616 0.417568 0.460211 0.501884 0.541993 0.580034 0.615608 0.648421 0.678285 0.705104 0.728862 0.749608 0.767439 0.782482 0.794881 0.804782 0.812321 0.817616 0.820756 0.821796 0.820756 0.817616 0.812321 0.804782 0.794881 0.782482 0.767439 0.749608 0.728862 0.705104 0.678285 0.648421 0.615608 0.580034 0.541993 0.501884 0.460211 0.417568 0.374616 0.33206 0.290607 0.250933 0.21364 0.179232 0.148081 0.120421 0.0963407 0.0757915 0.0586078 0.04453 0.0332328 0.024354 0.0175206 0.0123711 0.00857162 0.00582699 0.00388592 0.00254196 0.00163092 0.00102627 0.000633353 0.000383338 0.000227555 0.000132505 7.57276e-05 4.25614e-05 2.36959e-05 1.34129e-05 8.37938e-06 
8.70217e-06 1.05863e-05 1.68926e-05 2.97476e-05 5.32652e-05 9.44785e-05 0.00016479 0.000282076 0.000473575 0.000779703 0.00125883 0.00199298 0.00309421 0.00471117 0.00703518 0.0103047 0.0148069 0.0208753 0.028882 0.0392234 0.0523002 0.0684907 0.0881208 0.111432 0.138552 0.169469 0.204017 0.241869 0.282549 0.325451 0.369872 0.415051 0.460211 0.504605 0.547548 0.58845 0.626836 0.66235 0.694759 0.723944 0.74988 0.772624 0.792294 0.809047 0.823062 0.834528 0.843624 0.850513 0.855331 0.85818 0.859122 0.85818 0.855331 0.850513 0.843624 0.834528 0.823062 0.809047 0.792294 0.772624 0.74988 0.723944 0.694759 0.66235 0.626836 0.58845 0.547548 0.504605 0.460211 0.415051 0.369872 0.325451 0.282549 0.241869 0.204017 0.169469 0.138552 0.111432 0.0881208 0.0684907 0.0523002 0.0392234 0.028882 0.0208753 0.0148069 0.0103047 0.00703518 0.00471117 0.00309421 0.00199298 0.00125883 0.000779703 0.000473575 0.000282076 0.00016479 9.44785e-05 5.32652e-05 2.97476e-05 1.68926e-05 1.05863e-05 
1.08483e-05 1.31778e-05 2.09656e-05 3.68071e-05 6.57106e-05 0.000116209 0.000202079 0.000344823 0.000577046 0.000946869 0.0015234 0.00240315 0.00371707 0.00563764 0.00838502 0.0122311 0.0175001 0.024564 0.0338321 0.0457329 0.0606899 0.0790909 0.101254 0.127392 0.157582 0.191742 0.229617 0.27078 0.314646 0.360505 0.407556 0.454961 0.501884 0.547548 0.591261 0.632456 0.670696 0.705685 0.737262 0.765381 0.790097 0.811539 0.829891 0.845369 0.858201 0.868614 0.876815 0.882991 0.88729 0.889824 0.890661 0.889824 0.88729 0.882991 0.876815 0.868614 0.858201 0.845369 0.829891 0.811539 0.790097 0.765381 0.737262 0.705685 0.670696 0.632456 0.591261 0.547548 0.501884 0.454961 0.407556 0.360505 0.314646 0.27078 0.229617 0.191742 0.157582 0.127392 0.101254 0.0790909 0.0606899 0.0457329 0.0338321 0.024564 0.0175001 0.0122311 0.00838502 0.00563764 0.00371707 0.00240315 0.0015234 0.000946869 0.000577046 0.000344823 0.000202079 0.000116209 6.57106e-05 3.68071e-05 2.09656e-05 1.31778e-05 
1.33252e-05 1.61642e-05 2.56447e-05 4.48913e-05 7.99182e-05 0.000140938 0.000244377 0.00041576 0.000693613 0.0011345 0.00181922 0.00285991 0.00440777 0.00666047 0.00986834 0.0143377 0.0204302 0.0285557 0.0391586 0.0526961 0.069609 0.0902872 0.115031 0.144016 0.177258 0.214594 0.25567 0.299954 0.346752 0.395249 0.444556 0.493763 0.541993 0.58845 0.632456 0.673475 0.711129 0.74519 0.775575 0.802319 0.825555 0.845484 0.862354 0.876433 0.887992 0.897287 0.904552 0.909987 0.913751 0.915962 0.916691 0.915962 0.913751 0.909987 0.904552 0.897287 0.887992 0.876433 0.862354 0.845484 0.825555 0.802319 0.775575 0.74519 0.711129 0.673475 0.632456 0.58845 0.541993 0.493763 0.444556 0.395249 0.346752 0.299954 0.25567 0.214594 0.177258 0.144016 0.115031 0.0902872 0.069609 0.0526961 0.0391586 0.0285557 0.0204302 0.0143377 0.00986834 0.00666047 0.00440777 0.00285991 0.00181922 0.0011345 0.000693613 0.00041576 0.000244377 0.000140938 7.99182e-05 4.48913e-05 2.56447e-05 1.61642e-05 
1.61289e-05 1.95399e-05 3.09187e-05 5.39757e-05 9.58366e-05 0.000168563 0.000291484 0.000494512 0.00082259 0.00134139 0.0021442 0.00335978 0.00516061 0.00777061 0.0114711 0.0166034 0.0235661 0.0328058 0.0447993 0.060028 0.0789444 0.101933 0.129267 0.161075 0.197301 0.237695 0.281799 0.32897 0.378406 0.429193 0.480361 0.530943 0.580034 0.626836 0.670696 0.711129 0.747822 0.780627 0.809542 0.834685 0.856265 0.874554 0.889853 0.902477 0.912732 0.920899 0.927228 0.931929 0.935166 0.937061 0.937684 0.937061 0.935166 0.931929 0.927228 0.920899 0.912732 0.902477 0.889853 0.874554 0.856265 0.834685 0.809542 0.780627 0.747822 0.711129 0.670696 0.626836 0.580034 0.530943 0.480361 0.429193 0.378406 0.32897 0.281799 0.237695 0.197301 0.161075 0.129267 0.101933 0.0789444 0.060028 0.0447993 0.0328058 0.0235661 0.0166034 0.0114711 0.00777061 0.00516061 0.00335978 0.0021442 0.00134139 0.00082259 0.000494512 0.000291484 0.000168563 9.58366e-05 5.39757e-05 3.09187e-05 1.95399e-05 
