1.35361e-07 1.48294e-07 1.88993e-07 2.63337e-07 3.81747e-07 5.60141e-07 8.21304e-07 1.19672e-06 1.7289e-06 2.47419e-06 3.50618e-06 4.91955e-06 6.8344e-06 9.401e-06 1.28046e-05 1.72706e-05 2.30686e-05 3.05168e-05 3.99845e-05 5.1893e-05 6.6715e-05 8.49704e-05 0.00010722 0.000134053 0.000166077 0.000203894 0.000248082 0.00029917 0.000357607 0.000423734 0.000497755 0.000579706 0.000669428 0.00076655 0.000870469 0.000980342 0.00109509 0.0012134 0.00133376 0.00145448 0.00157371 0.00168953 0.00179995 0.00190301 0.0019968 0.00207954 0.00214962 0.00220566 0.00224651 0.00227137 0.00227971 0.00227137 0.00224651 0.00220566 0.00214962 0.00207954 0.0019968 0.00190301 0.00179995 0.00168953 0.00157371 0.00145448 0.00133376 0.0012134 0.00109509 0.000980342 0.000870469 0.00076655 0.000669428 0.000579706 0.000497755 0.000423734 0.000357607 0.00029917 0.000248082 0.000203894 0.000166077 0.000134053 0.00010722 8.49704e-05 6.6715e-05 5.1893e-05 3.99845e-05 3.05168e-05 2.30686e-05 1.72706e-05 1.28046e-05 9.401e-06 6.8344e-06 4.91955e-06 3.50618e-06 2.47419e-06 1.7289e-06 1.19672e-06 8.21304e-07 5.60141e-07 3.81747e-07 2.63337e-07 1.88993e-07 1.48294e-07 
1.48294e-07 1.62417e-07 2.06847e-07 2.87978e-07 4.17129e-07 6.11582e-07 8.96058e-07 1.30469e-06 1.8835e-06 2.69349e-06 3.81418e-06 5.3478e-06 7.42393e-06 1.02045e-05 1.38888e-05 1.87193e-05 2.49854e-05 3.30285e-05 4.3244e-05 5.6083e-05 7.20503e-05 9.17008e-05 0.000115632 0.000144471 0.000178862 0.000219444 0.000266828 0.000321572 0.000384146 0.000454907 0.000534062 0.000621641 0.000717465 0.000821131 0.000931988 0.00104913 0.00117141 0.00129743 0.00142557 0.00155404 0.00168087 0.00180403 0.00192141 0.00203093 0.00213058 0.00221847 0.0022929 0.00235239 0.00239577 0.00242216 0.00243101 0.00242216 0.00239577 0.00235239 0.0022929 0.00221847 0.00213058 0.00203093 0.00192141 0.00180403 0.00168087 0.00155404 0.00142557 0.00129743 0.00117141 0.00104913 0.000931988 0.000821131 0.000717465 0.000621641 0.000534062 0.000454907 0.000384146 0.000321572 0.000266828 0.000219444 0.000178862 0.000144471 0.000115632 9.17008e-05 7.20503e-05 5.6083e-05 4.3244e-05 3.30285e-05 2.49854e-05 1.87193e-05 1.38888e-05 1.02045e-05 7.42393e-06 5.3478e-06 3.81418e-06 2.69349e-06 1.8835e-06 1.30469e-06 8.96058e-07 6.11582e-07 4.17129e-07 2.87978e-07 2.06847e-07 1.62417e-07 
1.88993e-07 2.06847e-07 2.62992e-07 3.65416e-07 5.28255e-07 7.73055e-07 1.13058e-06 1.64322e-06 2.36803e-06 3.38038e-06 4.77837e-06 6.68775e-06 9.26748e-06 1.27157e-05 1.72756e-05 2.32421e-05 3.09664e-05 4.08613e-05 5.34038e-05 6.91357e-05 8.86621e-05 0.000112645 0.000141795 0.000176855 0.000218584 0.000267733 0.000325013 0.000391068 0.000466438 0.000551521 0.000646536 0.00075149 0.000866145 0.000989994 0.00112224 0.0012618 0.00140727 0.00155701 0.0017091 0.0018614 0.00201162 0.00215734 0.00229612 0.0024255 0.00254315 0.00264684 0.00273462 0.00280476 0.00285588 0.00288697 0.0028974 0.00288697 0.00285588 0.00280476 0.00273462 0.00264684 0.00254315 0.0024255 0.00229612 0.00215734 0.00201162 0.0018614 0.0017091 0.00155701 0.00140727 0.0012618 0.00112224 0.000989994 0.000866145 0.00075149 0.000646536 0.000551521 0.000466438 0.000391068 0.000325013 0.000267733 0.000218584 0.000176855 0.000141795 0.000112645 8.86621e-05 6.91357e-05 5.34038e-05 4.08613e-05 3.09664e-05 2.32421e-05 1.72756e-05 1.27157e-05 9.26748e-06 6.68775e-06 4.77837e-06 3.38038e-06 2.36803e-06 1.64322e-06 1.13058e-06 7.73055e-07 5.28255e-07 3.65416e-07 2.62992e-07 2.06847e-07 
2.63337e-07 2.87978e-07 3.65416e-07 5.06526e-07 7.30524e-07 1.06665e-06 1.55655e-06 2.25749e-06 3.2463e-06 4.62422e-06 6.52259e-06 9.10924e-06 1.25956e-05 1.72444e-05 2.33772e-05 3.13819e-05 4.17194e-05 5.49291e-05 7.16317e-05 9.25299e-05 0.000118404 0.000150106 0.000188542 0.000234659 0.000289417 0.000353756 0.000428564 0.000514634 0.000612618 0.000722985 0.000845971 0.000981538 0.00112934 0.00128867 0.0014585 0.00163739 0.00182355 0.00201486 0.00220887 0.00240287 0.00259398 0.00277914 0.00295528 0.00311934 0.00326838 0.00339966 0.0035107 0.00359939 0.00366401 0.0037033 0.00371648 0.0037033 0.00366401 0.00359939 0.0035107 0.00339966 0.00326838 0.00311934 0.00295528 0.00277914 0.00259398 0.00240287 0.00220887 0.00201486 0.00182355 0.00163739 0.0014585 0.00128867 0.00112934 0.000981538 0.000845971 0.000722985 0.000612618 0.000514634 0.000428564 0.000353756 0.000289417 0.000234659 0.000188542 0.000150106 0.000118404 9.25299e-05 7.16317e-05 5.49291e-05 4.17194e-05 3.13819e-05 2.33772e-05 1.72444e-05 1.25956e-05 9.10924e-06 6.52259e-06 4.62422e-06 3.2463e-06 2.25749e-06 1.55655e-06 1.06665e-06 7.30524e-07 5.06526e-07 3.65416e-07 2.87978e-07 
3.81747e-07 4.17129e-07 5.28255e-07 7.30524e-07 1.05111e-06 1.5313e-06 2.22976e-06 3.22692e-06 4.63045e-06 6.58178e-06 9.26381e-06 1.29095e-05 1.78115e-05 2.43319e-05 3.29124e-05 4.40841e-05 5.84755e-05 7.6819e-05 9.99544e-05 0.000128828 0.000164485 0.000208063 0.000260765 0.000323839 0.000398544 0.000486105 0.000587664 0.000704232 0.000836624 0.000985401 0.00115082 0.00133275 0.00153068 0.00174363 0.00197014 0.00220829 0.00245567 0.00270946 0.00296642 0.00322299 0.00347537 0.00371958 0.00395163 0.00416752 0.00436347 0.00453593 0.00468171 0.00479808 0.00488283 0.00493435 0.00495163 0.00493435 0.00488283 0.00479808 0.00468171 0.00453593 0.00436347 0.00416752 0.00395163 0.00371958 0.00347537 0.00322299 0.00296642 0.00270946 0.00245567 0.00220829 0.00197014 0.00174363 0.00153068 0.00133275 0.00115082 0.000985401 0.000836624 0.000704232 0.000587664 0.000486105 0.000398544 0.000323839 0.000260765 0.000208063 0.000164485 0.000128828 9.99544e-05 7.6819e-05 5.84755e-05 4.40841e-05 3.29124e-05 2.43319e-05 1.78115e-05 1.29095e-05 9.26381e-06 6.58178e-06 4.63045e-06 3.22692e-06 2.22976e-06 1.5313e-06 1.05111e-06 7.30524e-07 5.28255e-07 4.17129e-07 
5.60141e-07 6.11582e-07 7.73055e-07 1.06665e-06 1.5313e-06 2.22604e-06 3.2346e-06 4.67151e-06 6.6896e-06 9.48913e-06 1.33282e-05 1.85348e-05 2.5519e-05 3.47871e-05 4.69544e-05 6.27578e-05 8.30662e-05 0.000108888 0.000141376 0.00018182 0.000231644 0.000292383 0.000365658 0.00045314 0.000556498 0.000677348 0.000817184 0.000977303 0.00115873 0.00136216 0.00158782 0.00183548 0.00210434 0.00239301 0.00269947 0.00302106 0.00335453 0.00369603 0.00404125 0.00438543 0.0047235 0.00505022 0.00536029 0.00564847 0.00590979 0.00613959 0.00633371 0.00648858 0.00660133 0.00666984 0.00669282 0.00666984 0.00660133 0.00648858 0.00633371 0.00613959 0.00590979 0.00564847 0.00536029 0.00505022 0.0047235 0.00438543 0.00404125 0.00369603 0.00335453 0.00302106 0.00269947 0.00239301 0.00210434 0.00183548 0.00158782 0.00136216 0.00115873 0.000977303 0.000817184 0.000677348 0.000556498 0.00045314 0.000365658 0.000292383 0.000231644 0.00018182 0.000141376 0.000108888 8.30662e-05 6.27578e-05 4.69544e-05 3.47871e-05 2.5519e-05 1.85348e-05 1.33282e-05 9.48913e-06 6.6896e-06 4.67151e-06 3.2346e-06 2.22604e-06 1.5313e-06 1.06665e-06 7.73055e-07 6.11582e-07 
8.21304e-07 8.96058e-07 1.13058e-06 1.55655e-06 2.22976e-06 3.2346e-06 4.6906e-06 6.76079e-06 9.66221e-06 1.36784e-05 1.91739e-05 2.661e-05 3.65625e-05 4.97391e-05 6.69973e-05 8.93601e-05 0.00011803 0.000154396 0.000200039 0.000256725 0.000326387 0.000411104 0.000513059 0.000634486 0.000777606 0.000944546 0.00113726 0.0013574 0.00160628 0.00188469 0.00219286 0.00253034 0.00289595 0.00328769 0.00370276 0.00413751 0.00458751 0.00504757 0.00551188 0.00597409 0.00642747 0.00686506 0.00727986 0.00766498 0.00801386 0.00832041 0.00857919 0.00878554 0.0089357 0.00902692 0.00905752 0.00902692 0.0089357 0.00878554 0.00857919 0.00832041 0.00801386 0.00766498 0.00727986 0.00686506 0.00642747 0.00597409 0.00551188 0.00504757 0.00458751 0.00413751 0.00370276 0.00328769 0.00289595 0.00253034 0.00219286 0.00188469 0.00160628 0.0013574 0.00113726 0.000944546 0.000777606 0.000634486 0.000513059 0.000411104 0.000326387 0.000256725 0.000200039 0.000154396 0.00011803 8.93601e-05 6.69973e-05 4.97391e-05 3.65625e-05 2.661e-05 1.91739e-05 1.36784e-05 9.66221e-06 6.76079e-06 4.6906e-06 3.2346e-06 2.22976e-06 1.55655e-06 1.13058e-06 8.96058e-07 
1.19672e-06 1.30469e-06 1.64322e-06 2.25749e-06 3.22692e-06 4.67151e-06 6.76079e-06 9.72551e-06 1.38721e-05 1.95996e-05 2.74196e-05 3.79779e-05 5.20774e-05 7.0702e-05 9.50397e-05 0.000126503 0.000166745 0.000217669 0.000281432 0.000360432 0.000457283 0.000574782 0.000715848 0.000883452 0.00108053 0.00130985 0.00157396 0.00187496 0.00221446 0.0025934 0.0030119 0.00346923 0.00396363 0.0044923 0.00505134 0.00563578 0.00623963 0.00685593 0.00747692 0.00809415 0.00869874 0.00928151 0.00983326 0.010345 0.0108081 0.0112148 0.0115578 0.0118311 0.01203 0.0121507 0.0121912 0.0121507 0.01203 0.0118311 0.0115578 0.0112148 0.0108081 0.010345 0.00983326 0.00928151 0.00869874 0.00809415 0.00747692 0.00685593 0.00623963 0.00563578 0.00505134 0.0044923 0.00396363 0.00346923 0.0030119 0.0025934 0.00221446 0.00187496 0.00157396 0.00130985 0.00108053 0.000883452 0.000715848 0.000574782 0.000457283 0.000360432 0.000281432 0.000217669 0.000166745 0.000126503 9.50397e-05 7.0702e-05 5.20774e-05 3.79779e-05 2.74196e-05 1.95996e-05 1.38721e-05 9.72551e-06 6.76079e-06 4.67151e-06 3.22692e-06 2.25749e-06 1.64322e-06 1.30469e-06 
1.7289e-06 1.8835e-06 2.36803e-06 3.2463e-06 4.63045e-06 6.6896e-06 9.66221e-06 1.38721e-05 1.97479e-05 2.78469e-05 3.88809e-05 5.37456e-05 7.35515e-05 9.96545e-05 0.000133686 0.00017758 0.000233588 0.000304297 0.000392621 0.000501788 0.000635301 0.000796886 0.000990412 0.00121979 0.00148884 0.00180119 0.00216004 0.00256806 0.00302721 0.00353851 0.00410194 0.00471629 0.00537903 0.00608623 0.00683257 0.00761133 0.00841447 0.00923273 0.0100559 0.0108727 0.0116717 0.0124409 0.0131682 0.013842 0.0144512 0.0149857 0.0154362 0.015795 0.016056 0.0162144 0.0162675 0.0162144 0.016056 0.015795 0.0154362 0.0149857 0.0144512 0.013842 0.0131682 0.0124409 0.0116717 0.0108727 0.0100559 0.00923273 0.00841447 0.00761133 0.00683257 0.00608623 0.00537903 0.00471629 0.00410194 0.00353851 0.00302721 0.00256806 0.00216004 0.00180119 0.00148884 0.00121979 0.000990412 0.000796886 0.000635301 0.000501788 0.000392621 0.000304297 0.000233588 0.00017758 0.000133686 9.96545e-05 7.35515e-05 5.37456e-05 3.88809e-05 2.78469e-05 1.97479e-05 1.38721e-05 9.66221e-06 6.6896e-06 4.63045e-06 3.2463e-06 2.36803e-06 1.8835e-06 
2.47419e-06 2.69349e-06 3.38038e-06 4.62422e-06 6.58178e-06 9.48913e-06 1.36784e-05 1.95996e-05 2.78469e-05 3.91904e-05 5.4611e-05 7.53393e-05 0.000102895 0.00013913 0.000186262 0.000246909 0.000324112 0.000421347 0.000542511 0.000691905 0.000874173 0.00109422 0.00135712 0.00166796 0.00203168 0.00245289 0.00293565 0.00348324 0.00409799 0.00478096 0.00553186 0.00634878 0.00722811 0.00816446 0.00915061 0.0101776 0.0112347 0.0123097 0.0133894 0.0144591 0.0155038 0.0165082 0.0174567 0.0183344 0.0191273 0.0198222 0.0204076 0.0208735 0.0212122 0.0214177 0.0214866 0.0214177 0.0212122 0.0208735 0.0204076 0.0198222 0.0191273 0.0183344 0.0174567 0.0165082 0.0155038 0.0144591 0.0133894 0.0123097 0.0112347 0.0101776 0.00915061 0.00816446 0.00722811 0.00634878 0.00553186 0.00478096 0.00409799 0.00348324 0.00293565 0.00245289 0.00203168 0.00166796 0.00135712 0.00109422 0.000874173 0.000691905 0.000542511 0.000421347 0.000324112 0.000246909 0.000186262 0.00013913 0.000102895 7.53393e-05 5.4611e-05 3.91904e-05 2.78469e-05 1.95996e-05 1.36784e-05 9.48913e-06 6.58178e-06 4.62422e-06 3.38038e-06 2.69349e-06 
3.50618e-06 3.81418e-06 4.77837e-06 6.52259e-06 9.26381e-06 1.33282e-05 1.91739e-05 2.74196e-05 3.88809e-05 5.4611e-05 7.5948e-05 0.000104565 0.000142521 0.000192317 0.000256937 0.000339889 0.000445235 0.000577592 0.000742121 0.000944484 0.00119076 0.00148736 0.00184083 0.0022577 0.00274428 0.00330636 0.00394899 0.00467614 0.00549048 0.00639305 0.00738304 0.0084576 0.00961167 0.0108379 0.0121266 0.0134659 0.0148418 0.0162386 0.0176387 0.0190238 0.0203744 0.0216709 0.0228938 0.0240241 0.025044 0.0259371 0.0266889 0.027287 0.0277214 0.027985 0.0280734 0.027985 0.0277214 0.027287 0.0266889 0.0259371 0.025044 0.0240241 0.0228938 0.0216709 0.0203744 0.0190238 0.0176387 0.0162386 0.0148418 0.0134659 0.0121266 0.0108379 0.00961167 0.0084576 0.00738304 0.00639305 0.00549048 0.00467614 0.00394899 0.00330636 0.00274428 0.0022577 0.00184083 0.00148736 0.00119076 0.000944484 0.000742121 0.000577592 0.000445235 0.000339889 0.000256937 0.000192317 0.000142521 0.000104565 7.5948e-05 5.4611e-05 3.88809e-05 2.74196e-05 1.91739e-05 1.33282e-05 9.26381e-06 6.52259e-06 4.77837e-06 3.81418e-06 
4.91955e-06 5.3478e-06 6.68775e-06 9.10924e-06 1.29095e-05 1.85348e-05 2.661e-05 3.79779e-05 5.37456e-05 7.53393e-05 0.000104565 0.000143673 0.000195426 0.000263162 0.000350855 0.000463157 0.000605429 0.000783742 0.00100485 0.00127612 0.00160543 0.00200101 0.00247124 0.00302442 0.00366845 0.00441053 0.00525679 0.00621195 0.00727898 0.00845871 0.00974959 0.0111474 0.0126452 0.014233 0.0158981 0.017625 0.0193955 0.0211893 0.0229842 0.0247567 0.0264824 0.0281365 0.0296945 0.0311328 0.0324293 0.0335635 0.0345174 0.0352759 0.0358265 0.0361605 0.0362725 0.0361605 0.0358265 0.0352759 0.0345174 0.0335635 0.0324293 0.0311328 0.0296945 0.0281365 0.0264824 0.0247567 0.0229842 0.0211893 0.0193955 0.017625 0.0158981 0.014233 0.0126452 0.0111474 0.00974959 0.00845871 0.00727898 0.00621195 0.00525679 0.00441053 0.00366845 0.00302442 0.00247124 0.00200101 0.00160543 0.00127612 0.00100485 0.000783742 0.000605429 0.000463157 0.000350855 0.000263162 0.000195426 0.000143673 0.000104565 7.53393e-05 5.37456e-05 3.79779e-05 2.661e-05 1.85348e-05 1.29095e-05 9.10924e-06 6.68775e-06 5.3478e-06 
6.8344e-06 7.42393e-06 9.26748e-06 1.25956e-05 1.78115e-05 2.5519e-05 3.65625e-05 5.20774e-05 7.35515e-05 0.000102895 0.000142521 0.000195426 0.000265273 0.000356475 0.000474264 0.000624741 0.000814907 0.00105265 0.00134671 0.00170656 0.00214229 0.00266435 0.00328333 0.00400959 0.00485292 0.00582211 0.0069245 0.00816555 0.0095484 0.0110734 0.012738 0.0145361 0.0164581 0.018491 0.020618 0.022819 0.025071 0.027348 0.0296221 0.0318638 0.0340426 0.0361278 0.0380891 0.0398975 0.0415256 0.0429486 0.0441444 0.0450945 0.045784 0.0462021 0.0463422 0.0462021 0.045784 0.0450945 0.0441444 0.0429486 0.0415256 0.0398975 0.0380891 0.0361278 0.0340426 0.0318638 0.0296221 0.027348 0.025071 0.022819 0.020618 0.018491 0.0164581 0.0145361 0.012738 0.0110734 0.0095484 0.00816555 0.0069245 0.00582211 0.00485292 0.00400959 0.00328333 0.00266435 0.00214229 0.00170656 0.00134671 0.00105265 0.000814907 0.000624741 0.000474264 0.000356475 0.000265273 0.000195426 0.000142521 0.000102895 7.35515e-05 5.20774e-05 3.65625e-05 2.5519e-05 1.78115e-05 1.25956e-05 9.26748e-06 7.42393e-06 
9.401e-06 1.02045e-05 1.27157e-05 1.72444e-05 2.43319e-05 3.47871e-05 4.97391e-05 7.0702e-05 9.96545e-05 0.00013913 0.000192317 0.000263162 0.000356475 0.000478026 0.00063463 0.000834199 0.00108577 0.0013995 0.00178653 0.00225894 0.00282947 0.00351123 0.00431742 0.00526082 0.00635337 0.00760563 0.0090262 0.0106212 0.0123938 0.0143436 0.0164663 0.0187534 0.0211922 0.0237654 0.0264514 0.0292247 0.0320559 0.0349127 0.0377602 0.0405619 0.0432802 0.0458775 0.0483169 0.0505631 0.0525831 0.0543467 0.0558275 0.0570031 0.0578559 0.0583728 0.058546 0.0583728 0.0578559 0.0570031 0.0558275 0.0543467 0.0525831 0.0505631 0.0483169 0.0458775 0.0432802 0.0405619 0.0377602 0.0349127 0.0320559 0.0292247 0.0264514 0.0237654 0.0211922 0.0187534 0.0164663 0.0143436 0.0123938 0.0106212 0.0090262 0.00760563 0.00635337 0.00526082 0.00431742 0.00351123 0.00282947 0.00225894 0.00178653 0.0013995 0.00108577 0.000834199 0.00063463 0.000478026 0.000356475 0.000263162 0.000192317 0.00013913 9.96545e-05 7.0702e-05 4.97391e-05 3.47871e-05 2.43319e-05 1.72444e-05 1.27157e-05 1.02045e-05 
1.28046e-05 1.38888e-05 1.72756e-05 2.33772e-05 3.29124e-05 4.69544e-05 6.69973e-05 9.50397e-05 0.000133686 0.000186262 0.000256937 0.000350855 0.000474264 0.00063463 0.000840731 0.00110272 0.00143215 0.00184189 0.00234608 0.00295986 0.00369913 0.00458019 0.00561921 0.00683178 0.00823222 0.00983299 0.011644 0.0136718 0.0159192 0.0183848 0.0210618 0.0239388 0.0269987 0.0302191 0.0335725 0.0370268 0.0405452 0.0440878 0.0476116 0.0510719 0.0544232 0.0576199 0.0606176 0.063374 0.0658496 0.0680088 0.0698201 0.0712571 0.0722988 0.0729301 0.0731415 0.0729301 0.0722988 0.0712571 0.0698201 0.0680088 0.0658496 0.063374 0.0606176 0.0576199 0.0544232 0.0510719 0.0476116 0.0440878 0.0405452 0.0370268 0.0335725 0.0302191 0.0269987 0.0239388 0.0210618 0.0183848 0.0159192 0.0136718 0.011644 0.00983299 0.00823222 0.00683178 0.00561921 0.00458019 0.00369913 0.00295986 0.00234608 0.00184189 0.00143215 0.00110272 0.000840731 0.00063463 0.000474264 0.000350855 0.000256937 0.000186262 0.000133686 9.50397e-05 6.69973e-05 4.69544e-05 3.29124e-05 2.33772e-05 1.72756e-05 1.38888e-05 
1.72706e-05 1.87193e-05 2.32421e-05 3.13819e-05 4.40841e-05 6.27578e-05 8.93601e-05 0.000126503 0.00017758 0.000246909 0.000339889 0.000463157 0.000624741 0.000834199 0.00110272 0.0014432 0.0018702 0.00239994 0.00305004 0.00383934 0.00478744 0.00591428 0.0072395 0.00878176 0.010558 0.0125827 0.0148668 0.0174172 0.0202361 0.0233199 0.0266592 0.0302381 0.0340346 0.0380199 0.0421594 0.0464129 0.0507352 0.0550774 0.0593873 0.063611 0.0676937 0.0715812 0.0752209 0.0785627 0.0815603 0.0841716 0.0863602 0.0880951 0.0893522 0.0901135 0.0903685 0.0901135 0.0893522 0.0880951 0.0863602 0.0841716 0.0815603 0.0785627 0.0752209 0.0715812 0.0676937 0.063611 0.0593873 0.0550774 0.0507352 0.0464129 0.0421594 0.0380199 0.0340346 0.0302381 0.0266592 0.0233199 0.0202361 0.0174172 0.0148668 0.0125827 0.010558 0.00878176 0.0072395 0.00591428 0.00478744 0.00383934 0.00305004 0.00239994 0.0018702 0.0014432 0.00110272 0.000834199 0.000624741 0.000463157 0.000339889 0.000246909 0.00017758 0.000126503 8.93601e-05 6.27578e-05 4.40841e-05 3.13819e-05 2.32421e-05 1.87193e-05 
2.30686e-05 2.49854e-05 3.09664e-05 4.17194e-05 5.84755e-05 8.30662e-05 0.00011803 0.000166745 0.000233588 0.000324112 0.000445235 0.000605429 0.000814907 0.00108577 0.00143215 0.0018702 0.00241816 0.00309614 0.00392594 0.00493066 0.00613421 0.00756067 0.00923353 0.0111749 0.0134043 0.0159383 0.0187888 0.0219626 0.0254603 0.029276 0.0333961 0.0377997 0.042458 0.047335 0.0523875 0.057566 0.0628154 0.0680765 0.0732868 0.078382 0.0832974 0.0879692 0.0923357 0.0963386 0.0999243 0.103044 0.105657 0.107726 0.109224 0.110131 0.110435 0.110131 0.109224 0.107726 0.105657 0.103044 0.0999243 0.0963386 0.0923357 0.0879692 0.0832974 0.078382 0.0732868 0.0680765 0.0628154 0.057566 0.0523875 0.047335 0.042458 0.0377997 0.0333961 0.029276 0.0254603 0.0219626 0.0187888 0.0159383 0.0134043 0.0111749 0.00923353 0.00756067 0.00613421 0.00493066 0.00392594 0.00309614 0.00241816 0.0018702 0.00143215 0.00108577 0.000814907 0.000605429 0.000445235 0.000324112 0.000233588 0.000166745 0.00011803 8.30662e-05 5.84755e-05 4.17194e-05 3.09664e-05 2.49854e-05 
3.05168e-05 3.30285e-05 4.08613e-05 5.49291e-05 7.6819e-05 0.000108888 0.000154396 0.000217669 0.000304297 0.000421347 0.000577592 0.000783742 0.00105265 0.0013995 0.00184189 0.00239994 0.00309614 0.00395523 0.00500383 0.00626997 0.00778241 0.00956989 0.0116601 0.0140788 0.0168483 0.019987 0.0235072 0.0274152 0.0317095 0.0363803 0.0414092 0.0467687 0.0524223 0.0583248 0.0644231 0.070657 0.0769602 0.083262 0.0894883 0.0955636 0.101412 0.10696 0.112137 0.116874 0.121112 0.124795 0.127875 0.130313 0.132077 0.133144 0.133502 0.133144 0.132077 0.130313 0.127875 0.124795 0.121112 0.116874 0.112137 0.10696 0.101412 0.0955636 0.0894883 0.083262 0.0769602 0.070657 0.0644231 0.0583248 0.0524223 0.0467687 0.0414092 0.0363803 0.0317095 0.0274152 0.0235072 0.019987 0.0168483 0.0140788 0.0116601 0.00956989 0.00778241 0.00626997 0.00500383 0.00395523 0.00309614 0.00239994 0.00184189 0.0013995 0.00105265 0.000783742 0.000577592 0.000421347 0.000304297 0.000217669 0.000154396 0.000108888 7.6819e-05 5.49291e-05 4.08613e-05 3.30285e-05 
3.99845e-05 4.3244e-05 5.34038e-05 7.16317e-05 9.99544e-05 0.000141376 0.000200039 0.000281432 0.000392621 0.000542511 0.000742121 0.00100485 0.00134671 0.00178653 0.00234608 0.00305004 0.00392594 0.00500383 0.00631587 0.00789564 0.00977735 0.0119948 0.0145803 0.0175633 0.0209688 0.0248166 0.0291192 0.0338814 0.0390985 0.0447559 0.0508289 0.057282 0.0640692 0.071135 0.0784146 0.0858357 0.0933194 0.100782 0.108138 0.115299 0.122177 0.128689 0.134753 0.140293 0.145242 0.149537 0.153125 0.155962 0.158014 0.159255 0.15967 0.159255 0.158014 0.155962 0.153125 0.149537 0.145242 0.140293 0.134753 0.128689 0.122177 0.115299 0.108138 0.100782 0.0933194 0.0858357 0.0784146 0.071135 0.0640692 0.057282 0.0508289 0.0447559 0.0390985 0.0338814 0.0291192 0.0248166 0.0209688 0.0175633 0.0145803 0.0119948 0.00977735 0.00789564 0.00631587 0.00500383 0.00392594 0.00305004 0.00234608 0.00178653 0.00134671 0.00100485 0.000742121 0.000542511 0.000392621 0.000281432 0.000200039 0.000141376 9.99544e-05 7.16317e-05 5.34038e-05 4.3244e-05 
5.1893e-05 5.6083e-05 6.91357e-05 9.25299e-05 0.000128828 0.00018182 0.000256725 0.000360432 0.000501788 0.000691905 0.000944484 0.00127612 0.00170656 0.00225894 0.00295986 0.00383934 0.00493066 0.00626997 0.00789564 0.00984747 0.0121656 0.0148895 0.0180559 0.0216981 0.0258436 0.0305132 0.0357187 0.0414623 0.0477351 0.0545164 0.0617734 0.0694609 0.0775222 0.0858893 0.0944846 0.103222 0.112009 0.120748 0.129339 0.137683 0.145679 0.153233 0.160254 0.166658 0.172368 0.177317 0.181446 0.184709 0.187066 0.188491 0.188968 0.188491 0.187066 0.184709 0.181446 0.177317 0.172368 0.166658 0.160254 0.153233 0.145679 0.137683 0.129339 0.120748 0.112009 0.103222 0.0944846 0.0858893 0.0775222 0.0694609 0.0617734 0.0545164 0.0477351 0.0414623 0.0357187 0.0305132 0.0258436 0.0216981 0.0180559 0.0148895 0.0121656 0.00984747 0.00789564 0.00626997 0.00493066 0.00383934 0.00295986 0.00225894 0.00170656 0.00127612 0.000944484 0.000691905 0.000501788 0.000360432 0.000256725 0.00018182 0.000128828 9.25299e-05 6.91357e-05 5.6083e-05 
6.6715e-05 7.20503e-05 8.86621e-05 0.000118404 0.000164485 0.000231644 0.000326387 0.000457283 0.000635301 0.000874173 0.00119076 0.00160543 0.00214229 0.00282947 0.00369913 0.00478744 0.00613421 0.00778241 0.00977735 0.0121656 0.0149939 0.0183071 0.0221471 0.0265506 0.0315471 0.0371576 0.0433924 0.0502499 0.0577154 0.0657605 0.0743426 0.0834053 0.0928789 0.102682 0.112721 0.122897 0.133101 0.143221 0.153143 0.162755 0.171946 0.180608 0.188642 0.195956 0.202468 0.208103 0.212799 0.216506 0.219182 0.220799 0.22134 0.220799 0.219182 0.216506 0.212799 0.208103 0.202468 0.195956 0.188642 0.180608 0.171946 0.162755 0.153143 0.143221 0.133101 0.122897 0.112721 0.102682 0.0928789 0.0834053 0.0743426 0.0657605 0.0577154 0.0502499 0.0433924 0.0371576 0.0315471 0.0265506 0.0221471 0.0183071 0.0149939 0.0121656 0.00977735 0.00778241 0.00613421 0.00478744 0.00369913 0.00282947 0.00214229 0.00160543 0.00119076 0.000874173 0.000635301 0.000457283 0.000326387 0.000231644 0.000164485 0.000118404 8.86621e-05 7.20503e-05 
8.49704e-05 9.17008e-05 0.000112645 0.000150106 0.000208063 0.000292383 0.000411104 0.000574782 0.000796886 0.00109422 0.00148736 0.00200101 0.00266435 0.00351123 0.00458019 0.00591428 0.00756067 0.00956989 0.0119948 0.0148895 0.0183071 0.0222988 0.0269109 0.0321833 0.0381469 0.044822 0.0522161 0.0603222 0.0691184 0.0785665 0.0886125 0.0991865 0.110204 0.121569 0.133172 0.144895 0.156616 0.168208 0.179541 0.190491 0.200934 0.210754 0.219842 0.2281 0.235438 0.241779 0.247057 0.251218 0.254219 0.256032 0.256639 0.256032 0.254219 0.251218 0.247057 0.241779 0.235438 0.2281 0.219842 0.210754 0.200934 0.190491 0.179541 0.168208 0.156616 0.144895 0.133172 0.121569 0.110204 0.0991865 0.0886125 0.0785665 0.0691184 0.0603222 0.0522161 0.044822 0.0381469 0.0321833 0.0269109 0.0222988 0.0183071 0.0148895 0.0119948 0.00956989 0.00756067 0.00591428 0.00458019 0.00351123 0.00266435 0.00200101 0.00148736 0.00109422 0.000796886 0.000574782 0.000411104 0.000292383 0.000208063 0.000150106 0.000112645 9.17008e-05 
0.00010722 0.000115632 0.000141795 0.000188542 0.000260765 0.000365658 0.000513059 0.000715848 0.000990412 0.00135712 0.00184083 0.00247124 0.00328333 0.00431742 0.00561921 0.0072395 0.00923353 0.0116601 0.0145803 0.0180559 0.0221471 0.0269109 0.032398 0.0386508 0.0457008 0.0535662 0.0622501 0.0717389 0.082001 0.0929869 0.104629 0.116842 0.129525 0.142564 0.155834 0.169198 0.182519 0.195652 0.208457 0.220793 0.232527 0.243535 0.253699 0.262914 0.271089 0.278141 0.284002 0.288618 0.291946 0.293954 0.294626 0.293954 0.291946 0.288618 0.284002 0.278141 0.271089 0.262914 0.253699 0.243535 0.232527 0.220793 0.208457 0.195652 0.182519 0.169198 0.155834 0.142564 0.129525 0.116842 0.104629 0.0929869 0.082001 0.0717389 0.0622501 0.0535662 0.0457008 0.0386508 0.032398 0.0269109 0.0221471 0.0180559 0.0145803 0.0116601 0.00923353 0.0072395 0.00561921 0.00431742 0.00328333 0.00247124 0.00184083 0.00135712 0.000990412 0.000715848 0.000513059 0.000365658 0.000260765 0.000188542 0.000141795 0.000115632 
0.000134053 0.000144471 0.000176855 0.000234659 0.000323839 0.00045314 0.000634486 0.000883452 0.00121979 0.00166796 0.0022577 0.00302442 0.00400959 0.00526082 0.00683178 0.00878176 0.0111749 0.0140788 0.0175633 0.0216981 0.0265506 0.0321833 0.0386508 0.0459972 0.0542533 0.0634339 0.0735359 0.0845369 0.096394 0.109044 0.122403 0.136369 0.150823 0.165633 0.180653 0.195731 0.210711 0.225434 0.239745 0.253492 0.266533 0.278734 0.289973 0.300142 0.309144 0.316896 0.323331 0.328392 0.332037 0.334236 0.33497 0.334236 0.332037 0.328392 0.323331 0.316896 0.309144 0.300142 0.289973 0.278734 0.266533 0.253492 0.239745 0.225434 0.210711 0.195731 0.180653 0.165633 0.150823 0.136369 0.122403 0.109044 0.096394 0.0845369 0.0735359 0.0634339 0.0542533 0.0459972 0.0386508 0.0321833 0.0265506 0.0216981 0.0175633 0.0140788 0.0111749 0.00878176 0.00683178 0.00526082 0.00400959 0.00302442 0.0022577 0.00166796 0.00121979 0.000883452 0.000634486 0.00045314 0.000323839 0.000234659 0.000176855 0.000144471 
0.000166077 0.000178862 0.000218584 0.000289417 0.000398544 0.000556498 0.000777606 0.00108053 0.00148884 0.00203168 0.00274428 0.00366845 0.00485292 0.00635337 0.00823222 0.010558 0.0134043 0.0168483 0.0209688 0.0258436 0.0315471 0.0381469 0.0457008 0.0542533 0.063833 0.0744498 0.0860923 0.0987272 0.112298 0.126725 0.141907 0.157724 0.174035 0.190688 0.20752 0.224359 0.241031 0.257365 0.27319 0.288347 0.302683 0.31606 0.328351 0.339445 0.349247 0.357672 0.364654 0.370139 0.374086 0.376465 0.37726 0.376465 0.374086 0.370139 0.364654 0.357672 0.349247 0.339445 0.328351 0.31606 0.302683 0.288347 0.27319 0.257365 0.241031 0.224359 0.20752 0.190688 0.174035 0.157724 0.141907 0.126725 0.112298 0.0987272 0.0860923 0.0744498 0.063833 0.0542533 0.0457008 0.0381469 0.0315471 0.0258436 0.0209688 0.0168483 0.0134043 0.010558 0.00823222 0.00635337 0.00485292 0.00366845 0.00274428 0.00203168 0.00148884 0.00108053 0.000777606 0.000556498 0.000398544 0.000289417 0.000218584 0.000178862 
0.000203894 0.000219444 0.000267733 0.000353756 0.000486105 0.000677348 0.000944546 0.00130985 0.00180119 0.00245289 0.00330636 0.00441053 0.00582211 0.00760563 0.00983299 0.0125827 0.0159383 0.019987 0.0248166 0.0305132 0.0371576 0.044822 0.0535662 0.0634339 0.0744498 0.0866165 0.0999127 0.114292 0.129681 0.145982 0.163075 0.180816 0.199047 0.217592 0.236269 0.254887 0.273258 0.291193 0.308513 0.325048 0.340642 0.355149 0.368445 0.380416 0.390969 0.400023 0.407515 0.413391 0.417615 0.42016 0.42101 0.42016 0.417615 0.413391 0.407515 0.400023 0.390969 0.380416 0.368445 0.355149 0.340642 0.325048 0.308513 0.291193 0.273258 0.254887 0.236269 0.217592 0.199047 0.180816 0.163075 0.145982 0.129681 0.114292 0.0999127 0.0866165 0.0744498 0.0634339 0.0535662 0.044822 0.0371576 0.0305132 0.0248166 0.019987 0.0159383 0.0125827 0.00983299 0.00760563 0.00582211 0.00441053 0.00330636 0.00245289 0.00180119 0.00130985 0.000944546 0.000677348 0.000486105 0.000353756 0.000267733 0.000219444 
0.000248082 0.000266828 0.000325013 0.000428564 0.000587664 0.000817184 0.00113726 0.00157396 0.00216004 0.00293565 0.00394899 0.00525679 0.0069245 0.0090262 0.011644 0.0148668 0.0187888 0.0235072 0.0291192 0.0357187 0.0433924 0.0522161 0.0622501 0.0735359 0.0860923 0.0999127 0.114963 0.131181 0.148475 0.166727 0.185795 0.205513 0.225699 0.246156 0.266682 0.287069 0.307111 0.32661 0.345375 0.36323 0.380014 0.395583 0.409811 0.422589 0.433827 0.44345 0.451397 0.457623 0.462093 0.464784 0.465683 0.464784 0.462093 0.457623 0.451397 0.44345 0.433827 0.422589 0.409811 0.395583 0.380014 0.36323 0.345375 0.32661 0.307111 0.287069 0.266682 0.246156 0.225699 0.205513 0.185795 0.166727 0.148475 0.131181 0.114963 0.0999127 0.0860923 0.0735359 0.0622501 0.0522161 0.0433924 0.0357187 0.0291192 0.0235072 0.0187888 0.0148668 0.011644 0.0090262 0.0069245 0.00525679 0.00394899 0.00293565 0.00216004 0.00157396 0.00113726 0.000817184 0.000587664 0.000428564 0.000325013 0.000266828 
0.00029917 0.000321572 0.000391068 0.000514634 0.000704232 0.000977303 0.0013574 0.00187496 0.00256806 0.00348324 0.00467614 0.00621195 0.00816555 0.0106212 0.0136718 0.0174172 0.0219626 0.0274152 0.0338814 0.0414623 0.0502499 0.0603222 0.0717389 0.0845369 0.0987272 0.114292 0.131181 0.149314 0.16858 0.188837 0.209919 0.231637 0.253785 0.276146 0.298495 0.320608 0.342266 0.363258 0.383388 0.402475 0.420358 0.436894 0.451962 0.465457 0.477297 0.487412 0.495751 0.502274 0.506952 0.509767 0.510706 0.509767 0.506952 0.502274 0.495751 0.487412 0.477297 0.465457 0.451962 0.436894 0.420358 0.402475 0.383388 0.363258 0.342266 0.320608 0.298495 0.276146 0.253785 0.231637 0.209919 0.188837 0.16858 0.149314 0.131181 0.114292 0.0987272 0.0845369 0.0717389 0.0603222 0.0502499 0.0414623 0.0338814 0.0274152 0.0219626 0.0174172 0.0136718 0.0106212 0.00816555 0.00621195 0.00467614 0.00348324 0.00256806 0.00187496 0.0013574 0.000977303 0.000704232 0.000514634 0.000391068 0.000321572 
0.000357607 0.000384146 0.000466438 0.000612618 0.000836624 0.00115873 0.00160628 0.00221446 0.00302721 0.00409799 0.00549048 0.00727898 0.0095484 0.0123938 0.0159192 0.0202361 0.0254603 0.0317095 0.0390985 0.0477351 0.0577154 0.0691184 0.082001 0.096394 0.112298 0.129681 0.148475 0.16858 0.18986 0.212151 0.235261 0.258974 0.283062 0.307285 0.3314 0.355167 0.378354 0.400743 0.422131 0.442338 0.461204 0.478591 0.494385 0.508491 0.520833 0.531354 0.540011 0.546771 0.551613 0.554524 0.555495 0.554524 0.551613 0.546771 0.540011 0.531354 0.520833 0.508491 0.494385 0.478591 0.461204 0.442338 0.422131 0.400743 0.378354 0.355167 0.3314 0.307285 0.283062 0.258974 0.235261 0.212151 0.18986 0.16858 0.148475 0.129681 0.112298 0.096394 0.082001 0.0691184 0.0577154 0.0477351 0.0390985 0.0317095 0.0254603 0.0202361 0.0159192 0.0123938 0.0095484 0.00727898 0.00549048 0.00409799 0.00302721 0.00221446 0.00160628 0.00115873 0.000836624 0.000612618 0.000466438 0.000384146 
0.000423734 0.000454907 0.000551521 0.000722985 0.000985401 0.00136216 0.00188469 0.0025934 0.00353851 0.00478096 0.00639305 0.00845871 0.0110734 0.0143436 0.0183848 0.0233199 0.029276 0.0363803 0.0447559 0.0545164 0.0657605 0.0785665 0.0929869 0.109044 0.126725 0.145982 0.166727 0.188837 0.212151 0.236478 0.2616 0.287275 0.313252 0.339268 0.365064 0.390383 0.414986 0.438647 0.461163 0.482354 0.502067 0.520171 0.536563 0.551158 0.563893 0.574723 0.583615 0.590547 0.595507 0.598485 0.599478 0.598485 0.595507 0.590547 0.583615 0.574723 0.563893 0.551158 0.536563 0.520171 0.502067 0.482354 0.461163 0.438647 0.414986 0.390383 0.365064 0.339268 0.313252 0.287275 0.2616 0.236478 0.212151 0.188837 0.166727 0.145982 0.126725 0.109044 0.0929869 0.0785665 0.0657605 0.0545164 0.0447559 0.0363803 0.029276 0.0233199 0.0183848 0.0143436 0.0110734 0.00845871 0.00639305 0.00478096 0.00353851 0.0025934 0.00188469 0.00136216 0.000985401 0.000722985 0.000551521 0.000454907 
0.000497755 0.000534062 0.000646536 0.000845971 0.00115082 0.00158782 0.00219286 0.0030119 0.00410194 0.00553186 0.00738304 0.00974959 0.012738 0.0164663 0.0210618 0.0266592 0.0333961 0.0414092 0.0508289 0.0617734 0.0743426 0.0886125 0.104629 0.122403 0.141907 0.163075 0.185795 0.209919 0.235261 0.2616 0.28869 0.316267 0.344053 0.371766 0.399129 0.425875 0.451756 0.476543 0.500035 0.522059 0.542467 0.561141 0.57799 0.592945 0.605956 0.616992 0.626033 0.633068 0.638094 0.64111 0.642115 0.64111 0.638094 0.633068 0.626033 0.616992 0.605956 0.592945 0.57799 0.561141 0.542467 0.522059 0.500035 0.476543 0.451756 0.425875 0.399129 0.371766 0.344053 0.316267 0.28869 0.2616 0.235261 0.209919 0.185795 0.163075 0.141907 0.122403 0.104629 0.0886125 0.0743426 0.0617734 0.0508289 0.0414092 0.0333961 0.0266592 0.0210618 0.0164663 0.012738 0.00974959 0.00738304 0.00553186 0.00410194 0.0030119 0.00219286 0.00158782 0.00115082 0.000845971 0.000646536 0.000534062 
0.000579706 0.000621641 0.00075149 0.000981538 0.00133275 0.00183548 0.00253034 0.00346923 0.00471629 0.00634878 0.0084576 0.0111474 0.0145361 0.0187534 0.0239388 0.0302381 0.0377997 0.0467687 0.057282 0.0694609 0.0834053 0.0991865 0.116842 0.136369 0.157724 0.180816 0.205513 0.231637 0.258974 0.287275 0.316267 0.345658 0.375148 0.404436 0.433232 0.461257 0.48826 0.514011 0.538314 0.561003 0.581945 0.601034 0.618194 0.633374 0.64654 0.657677 0.666778 0.673848 0.67889 0.681912 0.682919 0.681912 0.67889 0.673848 0.666778 0.657677 0.64654 0.633374 0.618194 0.601034 0.581945 0.561003 0.538314 0.514011 0.48826 0.461257 0.433232 0.404436 0.375148 0.345658 0.316267 0.287275 0.258974 0.231637 0.205513 0.180816 0.157724 0.136369 0.116842 0.0991865 0.0834053 0.0694609 0.057282 0.0467687 0.0377997 0.0302381 0.0239388 0.0187534 0.0145361 0.0111474 0.0084576 0.00634878 0.00471629 0.00346923 0.00253034 0.00183548 0.00133275 0.000981538 0.00075149 0.000621641 
0.000669428 0.000717465 0.000866145 0.00112934 0.00153068 0.00210434 0.00289595 0.00396363 0.00537903 0.00722811 0.00961167 0.0126452 0.0164581 0.0211922 0.0269987 0.0340346 0.042458 0.0524223 0.0640692 0.0775222 0.0928789 0.110204 0.129525 0.150823 0.174035 0.199047 0.225699 0.253785 0.283062 0.313252 0.344053 0.375148 0.406216 0.436939 0.467013 0.496154 0.524108 0.550649 0.575588 0.598772 0.62008 0.639425 0.65675 0.67202 0.685221 0.696355 0.705431 0.712466 0.717476 0.720475 0.721474 0.720475 0.717476 0.712466 0.705431 0.696355 0.685221 0.67202 0.65675 0.639425 0.62008 0.598772 0.575588 0.550649 0.524108 0.496154 0.467013 0.436939 0.406216 0.375148 0.344053 0.313252 0.283062 0.253785 0.225699 0.199047 0.174035 0.150823 0.129525 0.110204 0.0928789 0.0775222 0.0640692 0.0524223 0.042458 0.0340346 0.0269987 0.0211922 0.0164581 0.0126452 0.00961167 0.00722811 0.00537903 0.00396363 0.00289595 0.00210434 0.00153068 0.00112934 0.000866145 0.000717465 
0.00076655 0.000821131 0.000989994 0.00128867 0.00174363 0.00239301 0.00328769 0.0044923 0.00608623 0.00816446 0.0108379 0.014233 0.018491 0.0237654 0.0302191 0.0380199 0.047335 0.0583248 0.071135 0.0858893 0.102682 0.121569 0.142564 0.165633 0.190688 0.217592 0.246156 0.276146 0.307285 0.339268 0.371766 0.404436 0.436939 0.46894 0.500126 0.53021 0.558937 0.586088 0.611486 0.634991 0.656501 0.675947 0.693292 0.708522 0.721643 0.732676 0.741645 0.748581 0.753513 0.756462 0.757443 0.756462 0.753513 0.748581 0.741645 0.732676 0.721643 0.708522 0.693292 0.675947 0.656501 0.634991 0.611486 0.586088 0.558937 0.53021 0.500126 0.46894 0.436939 0.404436 0.371766 0.339268 0.307285 0.276146 0.246156 0.217592 0.190688 0.165633 0.142564 0.121569 0.102682 0.0858893 0.071135 0.0583248 0.047335 0.0380199 0.0302191 0.0237654 0.018491 0.014233 0.0108379 0.00816446 0.00608623 0.0044923 0.00328769 0.00239301 0.00174363 0.00128867 0.000989994 0.000821131 
0.000870469 0.000931988 0.00112224 0.0014585 0.00197014 0.00269947 0.00370276 0.00505134 0.00683257 0.00915061 0.0121266 0.0158981 0.020618 0.0264514 0.0335725 0.0421594 0.0523875 0.0644231 0.0784146 0.0944846 0.112721 0.133172 0.155834 0.180653 0.20752 0.236269 0.266682 0.298495 0.3314 0.365064 0.399129 0.433232 0.467013 0.500126 0.532251 0.563099 0.592419 0.620003 0.645685 0.669344 0.690896 0.710295 0.727525 0.742595 0.75553 0.76637 0.775158 0.781939 0.78675 0.789624 0.79058 0.789624 0.78675 0.781939 0.775158 0.76637 0.75553 0.742595 0.727525 0.710295 0.690896 0.669344 0.645685 0.620003 0.592419 0.563099 0.532251 0.500126 0.467013 0.433232 0.399129 0.365064 0.3314 0.298495 0.266682 0.236269 0.20752 0.180653 0.155834 0.133172 0.112721 0.0944846 0.0784146 0.0644231 0.0523875 0.0421594 0.0335725 0.0264514 0.020618 0.0158981 0.0121266 0.00915061 0.00683257 0.00505134 0.00370276 0.00269947 0.00197014 0.0014585 0.00112224 0.000931988 
0.000980342 0.00104913 0.0012618 0.00163739 0.00220829 0.00302106 0.00413751 0.00563578 0.00761133 0.0101776 0.0134659 0.017625 0.022819 0.0292247 0.0370268 0.0464129 0.057566 0.070657 0.0858357 0.103222 0.122897 0.144895 0.169198 0.195731 0.224359 0.254887 0.287069 0.320608 0.355167 0.390383 0.425875 0.461257 0.496154 0.53021 0.563099 0.594534 0.624272 0.652116 0.677917 0.701571 0.723019 0.742236 0.759229 0.77403 0.786686 0.797254 0.805796 0.812369 0.817025 0.819802 0.820725 0.819802 0.817025 0.812369 0.805796 0.797254 0.786686 0.77403 0.759229 0.742236 0.723019 0.701571 0.677917 0.652116 0.624272 0.594534 0.563099 0.53021 0.496154 0.461257 0.425875 0.390383 0.355167 0.320608 0.287069 0.254887 0.224359 0.195731 0.169198 0.144895 0.122897 0.103222 0.0858357 0.070657 0.057566 0.0464129 0.0370268 0.0292247 0.022819 0.017625 0.0134659 0.0101776 0.00761133 0.00563578 0.00413751 0.00302106 0.00220829 0.00163739 0.0012618 0.00104913 
0.00109509 0.00117141 0.00140727 0.00182355 0.00245567 0.00335453 0.00458751 0.00623963 0.00841447 0.0112347 0.0148418 0.0193955 0.025071 0.0320559 0.0405452 0.0507352 0.0628154 0.0769602 0.0933194 0.112009 0.133101 0.156616 0.182519 0.210711 0.241031 0.273258 0.307111 0.342266 0.378354 0.414986 0.451756 0.48826 0.524108 0.558937 0.592419 0.624272 0.654261 0.682205 0.707972 0.731481 0.752694 0.77161 0.78826 0.802699 0.814995 0.825225 0.833467 0.839792 0.844263 0.846926 0.84781 0.846926 0.844263 0.839792 0.833467 0.825225 0.814995 0.802699 0.78826 0.77161 0.752694 0.731481 0.707972 0.682205 0.654261 0.624272 0.592419 0.558937 0.524108 0.48826 0.451756 0.414986 0.378354 0.342266 0.307111 0.273258 0.241031 0.210711 0.182519 0.156616 0.133101 0.112009 0.0933194 0.0769602 0.0628154 0.0507352 0.0405452 0.0320559 0.025071 0.0193955 0.0148418 0.0112347 0.00841447 0.00623963 0.00458751 0.00335453 0.00245567 0.00182355 0.00140727 0.00117141 
0.0012134 0.00129743 0.00155701 0.00201486 0.00270946 0.00369603 0.00504757 0.00685593 0.00923273 0.0123097 0.0162386 0.0211893 0.027348 0.0349127 0.0440878 0.0550774 0.0680765 0.083262 0.100782 0.120748 0.143221 0.168208 0.195652 0.225434 0.257365 0.291193 0.32661 0.363258 0.400743 0.438647 0.476543 0.514011 0.550649 0.586088 0.620003 0.652116 0.682205 0.710105 0.735704 0.758944 0.779809 0.798324 0.814545 0.828546 0.840419 0.850259 0.85816 0.864206 0.868469 0.871005 0.871846 0.871005 0.868469 0.864206 0.85816 0.850259 0.840419 0.828546 0.814545 0.798324 0.779809 0.758944 0.735704 0.710105 0.682205 0.652116 0.620003 0.586088 0.550649 0.514011 0.476543 0.438647 0.400743 0.363258 0.32661 0.291193 0.257365 0.225434 0.195652 0.168208 0.143221 0.120748 0.100782 0.083262 0.0680765 0.0550774 0.0440878 0.0349127 0.027348 0.0211893 0.0162386 0.0123097 0.00923273 0.00685593 0.00504757 0.00369603 0.00270946 0.00201486 0.00155701 0.00129743 
