2.14259e-06 2.27819e-06 2.69729e-06 3.43728e-06 4.56249e-06 6.16709e-06 8.37916e-06 1.13657e-05 1.53387e-05 2.05618e-05 2.73573e-05 3.61138e-05 4.72934e-05 6.14378e-05 7.91739e-05 0.000101217 0.000128372 0.000161531 0.000201666 0.000249819 0.000307088 0.000374601 0.000453495 0.000544879 0.0006498 0.000769202 0.000903877 0.00105442 0.0012212 0.00140428 0.00160341 0.00181797 0.00204697 0.002289 0.00254224 0.0028045 0.00307317 0.00334534 0.00361776 0.00388698 0.00414937 0.00440122 0.0046388 0.00485849 0.00505683 0.00523061 0.00537698 0.00549348 0.00557816 0.00562955 0.00564678 0.00562955 0.00557816 0.00549348 0.00537698 0.00523061 0.00505683 0.00485849 0.0046388 0.00440122 0.00414937 0.00388698 0.00361776 0.00334534 0.00307317 0.0028045 0.00254224 0.002289 0.00204697 0.00181797 0.00160341 0.00140428 0.0012212 0.00105442 0.000903877 0.000769202 0.0006498 0.000544879 0.000453495 0.000374601 0.000307088 0.000249819 0.000201666 0.000161531 0.000128372 0.000101217 7.91739e-05 6.14378e-05 4.72934e-05 3.61138e-05 2.73573e-05 2.05618e-05 1.53387e-05 1.13657e-05 8.37916e-06 6.16709e-06 4.56249e-06 3.43728e-06 2.69729e-06 2.27819e-06 
2.27819e-06 2.42199e-06 2.86633e-06 3.65074e-06 4.84311e-06 6.54284e-06 8.88503e-06 1.20458e-05 1.62485e-05 2.17706e-05 2.89516e-05 3.81999e-05 5.00011e-05 6.49239e-05 8.36262e-05 0.000106858 0.000135462 0.000170371 0.000212602 0.000263244 0.00032344 0.000394368 0.000477209 0.000573118 0.000683178 0.000808366 0.0009495 0.00110719 0.00128181 0.0014734 0.0016817 0.00190605 0.00214539 0.00239825 0.00266273 0.00293652 0.00321692 0.00350087 0.003785 0.00406572 0.00433924 0.0046017 0.00484925 0.0050781 0.00528468 0.00546565 0.00561806 0.00573936 0.00582752 0.00588102 0.00589896 0.00588102 0.00582752 0.00573936 0.00561806 0.00546565 0.00528468 0.0050781 0.00484925 0.0046017 0.00433924 0.00406572 0.003785 0.00350087 0.00321692 0.00293652 0.00266273 0.00239825 0.00214539 0.00190605 0.0016817 0.0014734 0.00128181 0.00110719 0.0009495 0.000808366 0.000683178 0.000573118 0.000477209 0.000394368 0.00032344 0.000263244 0.000212602 0.000170371 0.000135462 0.000106858 8.36262e-05 6.49239e-05 5.00011e-05 3.81999e-05 2.89516e-05 2.17706e-05 1.62485e-05 1.20458e-05 8.88503e-06 6.54284e-06 4.84311e-06 3.65074e-06 2.86633e-06 2.42199e-06 
2.69729e-06 2.86633e-06 3.38855e-06 4.3099e-06 5.7093e-06 7.7022e-06 1.04453e-05 1.41426e-05 1.90523e-05 2.5495e-05 3.38616e-05 4.46223e-05 5.83342e-05 7.56492e-05 9.73191e-05 0.000124199 0.000157249 0.000197528 0.000246187 0.000304456 0.000373622 0.000455008 0.000549935 0.000659687 0.000785467 0.000928348 0.00108922 0.00126875 0.00146729 0.00168487 0.00192116 0.00217536 0.00244625 0.00273214 0.00303087 0.00333981 0.00365592 0.00397575 0.00429553 0.00461121 0.00491859 0.00521336 0.0054912 0.00574793 0.00597956 0.0061824 0.00635317 0.00648905 0.00658777 0.00664768 0.00666776 0.00664768 0.00658777 0.00648905 0.00635317 0.0061824 0.00597956 0.00574793 0.0054912 0.00521336 0.00491859 0.00461121 0.00429553 0.00397575 0.00365592 0.00333981 0.00303087 0.00273214 0.00244625 0.00217536 0.00192116 0.00168487 0.00146729 0.00126875 0.00108922 0.000928348 0.000785467 0.000659687 0.000549935 0.000455008 0.000373622 0.000304456 0.000246187 0.000197528 0.000157249 0.000124199 9.73191e-05 7.56492e-05 5.83342e-05 4.46223e-05 3.38616e-05 2.5495e-05 1.90523e-05 1.41426e-05 1.04453e-05 7.7022e-06 5.7093e-06 4.3099e-06 3.38855e-06 2.86633e-06 
3.43728e-06 3.65074e-06 4.3099e-06 5.47198e-06 7.23519e-06 9.74296e-06 1.31897e-05 1.7828e-05 2.39771e-05 3.20321e-05 4.2474e-05 5.58795e-05 7.29305e-05 9.44225e-05 0.00012127 0.000154512 0.000195306 0.000244932 0.00030477 0.000376294 0.000461037 0.000560568 0.000676447 0.000810181 0.000963171 0.00113666 0.00133165 0.00154887 0.0017887 0.00205112 0.00233562 0.00264122 0.00296641 0.0033091 0.00366668 0.004036 0.0044134 0.0047948 0.00517569 0.00555132 0.00591671 0.00626678 0.00659648 0.00690091 0.0071754 0.00741563 0.00761779 0.00777858 0.00789537 0.00796623 0.00798998 0.00796623 0.00789537 0.00777858 0.00761779 0.00741563 0.0071754 0.00690091 0.00659648 0.00626678 0.00591671 0.00555132 0.00517569 0.0047948 0.0044134 0.004036 0.00366668 0.0033091 0.00296641 0.00264122 0.00233562 0.00205112 0.0017887 0.00154887 0.00133165 0.00113666 0.000963171 0.000810181 0.000676447 0.000560568 0.000461037 0.000376294 0.00030477 0.000244932 0.000195306 0.000154512 0.00012127 9.44225e-05 7.29305e-05 5.58795e-05 4.2474e-05 3.20321e-05 2.39771e-05 1.7828e-05 1.31897e-05 9.74296e-06 7.23519e-06 5.47198e-06 4.3099e-06 3.65074e-06 
4.56249e-06 4.84311e-06 5.7093e-06 7.23519e-06 9.54785e-06 1.28326e-05 1.73404e-05 2.33963e-05 3.14105e-05 4.18895e-05 5.54479e-05 7.28212e-05 9.4876e-05 0.00012262 0.00015721 0.000199951 0.0002523 0.000315853 0.000392332 0.000483561 0.000591437 0.000717883 0.000864806 0.00103403 0.00122725 0.00144592 0.00169124 0.00196401 0.00226462 0.00259294 0.00294826 0.00332929 0.00373406 0.00415993 0.00460362 0.0050612 0.00552814 0.00599937 0.0064694 0.00693237 0.00738223 0.00781279 0.00821794 0.00859171 0.00892848 0.00922303 0.00947076 0.00966772 0.00981074 0.00989749 0.00992657 0.00989749 0.00981074 0.00966772 0.00947076 0.00922303 0.00892848 0.00859171 0.00821794 0.00781279 0.00738223 0.00693237 0.0064694 0.00599937 0.00552814 0.0050612 0.00460362 0.00415993 0.00373406 0.00332929 0.00294826 0.00259294 0.00226462 0.00196401 0.00169124 0.00144592 0.00122725 0.00103403 0.000864806 0.000717883 0.000591437 0.000483561 0.000392332 0.000315853 0.0002523 0.000199951 0.00015721 0.00012262 9.4876e-05 7.28212e-05 5.54479e-05 4.18895e-05 3.14105e-05 2.33963e-05 1.73404e-05 1.28326e-05 9.54785e-06 7.23519e-06 5.7093e-06 4.84311e-06 
6.16709e-06 6.54284e-06 7.7022e-06 9.74296e-06 1.28326e-05 1.72152e-05 2.32204e-05 3.12748e-05 4.19151e-05 5.58026e-05 7.37378e-05 9.66756e-05 0.000125738 0.000162227 0.00020763 0.000263622 0.000332063 0.000414986 0.000514575 0.000633132 0.000773041 0.000936707 0.0011265 0.00134467 0.00159327 0.00187408 0.0021885 0.00253744 0.00292127 0.00333971 0.00379177 0.00427567 0.00478885 0.0053279 0.00588862 0.00646601 0.00705435 0.00764728 0.00823793 0.00881901 0.00938298 0.0099222 0.0104291 0.0108964 0.011317 0.0116847 0.0119938 0.0122394 0.0124177 0.0125259 0.0125621 0.0125259 0.0124177 0.0122394 0.0119938 0.0116847 0.011317 0.0108964 0.0104291 0.0099222 0.00938298 0.00881901 0.00823793 0.00764728 0.00705435 0.00646601 0.00588862 0.0053279 0.00478885 0.00427567 0.00379177 0.00333971 0.00292127 0.00253744 0.0021885 0.00187408 0.00159327 0.00134467 0.0011265 0.000936707 0.000773041 0.000633132 0.000514575 0.000414986 0.000332063 0.000263622 0.00020763 0.000162227 0.000125738 9.66756e-05 7.37378e-05 5.58026e-05 4.19151e-05 3.12748e-05 2.32204e-05 1.72152e-05 1.28326e-05 9.74296e-06 7.7022e-06 6.54284e-06 
8.37916e-06 8.88503e-06 1.04453e-05 1.31897e-05 1.73404e-05 2.32204e-05 3.12657e-05 4.2039e-05 5.62473e-05 7.47588e-05 9.86228e-05 0.000129087 0.000167613 0.000215892 0.000275849 0.000349648 0.00043968 0.000548549 0.000679041 0.000834084 0.00101669 0.00122988 0.00147661 0.00175968 0.00208162 0.00244456 0.00285016 0.00329945 0.00379275 0.00432955 0.00490845 0.00552704 0.00618195 0.00686876 0.00758204 0.00831541 0.00906159 0.00981258 0.0105597 0.0112938 0.0120055 0.0126852 0.0133236 0.0139115 0.0144404 0.0149025 0.0152906 0.0155989 0.0158227 0.0159583 0.0160038 0.0159583 0.0158227 0.0155989 0.0152906 0.0149025 0.0144404 0.0139115 0.0133236 0.0126852 0.0120055 0.0112938 0.0105597 0.00981258 0.00906159 0.00831541 0.00758204 0.00686876 0.00618195 0.00552704 0.00490845 0.00432955 0.00379275 0.00329945 0.00285016 0.00244456 0.00208162 0.00175968 0.00147661 0.00122988 0.00101669 0.000834084 0.000679041 0.000548549 0.00043968 0.000349648 0.000275849 0.000215892 0.000167613 0.000129087 9.86228e-05 7.47588e-05 5.62473e-05 4.2039e-05 3.12657e-05 2.32204e-05 1.73404e-05 1.31897e-05 1.04453e-05 8.88503e-06 
1.13657e-05 1.20458e-05 1.41426e-05 1.7828e-05 2.33963e-05 3.12748e-05 4.2039e-05 5.6431e-05 7.53803e-05 0.000100027 0.000131743 0.000172158 0.000223176 0.000286989 0.000366091 0.000463269 0.000581596 0.000724407 0.000895252 0.00109785 0.00133599 0.00161349 0.00193403 0.00230107 0.0027177 0.0031865 0.00370941 0.00428757 0.00492119 0.00560945 0.00635035 0.00714071 0.00797605 0.00885064 0.00975751 0.0106885 0.0116344 0.0125851 0.0135296 0.0144565 0.0153541 0.0162105 0.0170141 0.0177534 0.0184181 0.0189983 0.0194855 0.0198723 0.0201529 0.0203229 0.0203799 0.0203229 0.0201529 0.0198723 0.0194855 0.0189983 0.0184181 0.0177534 0.0170141 0.0162105 0.0153541 0.0144565 0.0135296 0.0125851 0.0116344 0.0106885 0.00975751 0.00885064 0.00797605 0.00714071 0.00635035 0.00560945 0.00492119 0.00428757 0.00370941 0.0031865 0.0027177 0.00230107 0.00193403 0.00161349 0.00133599 0.00109785 0.000895252 0.000724407 0.000581596 0.000463269 0.000366091 0.000286989 0.000223176 0.000172158 0.000131743 0.000100027 7.53803e-05 5.6431e-05 4.2039e-05 3.12748e-05 2.33963e-05 1.7828e-05 1.41426e-05 1.20458e-05 
1.53387e-05 1.62485e-05 1.90523e-05 2.39771e-05 3.14105e-05 4.19151e-05 5.62473e-05 7.53803e-05 0.000100531 0.000133188 0.00017514 0.000228503 0.000295743 0.000379694 0.000483565 0.000610932 0.000765728 0.000952198 0.00117485 0.00143837 0.00174753 0.00210709 0.00252162 0.00299536 0.00353209 0.00413489 0.00480599 0.00554661 0.0063568 0.00723525 0.00817921 0.00918444 0.0102451 0.0113537 0.0125015 0.013678 0.0148716 0.0160695 0.0172581 0.0184231 0.01955 0.020624 0.0216307 0.0225562 0.0233875 0.0241128 0.0247214 0.0252043 0.0255546 0.0257668 0.0258379 0.0257668 0.0255546 0.0252043 0.0247214 0.0241128 0.0233875 0.0225562 0.0216307 0.020624 0.01955 0.0184231 0.0172581 0.0160695 0.0148716 0.013678 0.0125015 0.0113537 0.0102451 0.00918444 0.00817921 0.00723525 0.0063568 0.00554661 0.00480599 0.00413489 0.00353209 0.00299536 0.00252162 0.00210709 0.00174753 0.00143837 0.00117485 0.000952198 0.000765728 0.000610932 0.000483565 0.000379694 0.000295743 0.000228503 0.00017514 0.000133188 0.000100531 7.53803e-05 5.62473e-05 4.19151e-05 3.14105e-05 2.39771e-05 1.90523e-05 1.62485e-05 
2.05618e-05 2.17706e-05 2.5495e-05 3.20321e-05 4.18895e-05 5.58026e-05 7.47588e-05 0.000100027 0.000133188 0.000176174 0.000231299 0.000301295 0.000389334 0.000499052 0.000634553 0.000800396 0.00100157 0.00124345 0.00153171 0.00187223 0.00227096 0.00273379 0.00326634 0.0038738 0.0045607 0.00533067 0.00618627 0.00712874 0.0081578 0.00927153 0.0104662 0.0117361 0.0130738 0.0144697 0.0159125 0.0173891 0.018885 0.0203842 0.0218697 0.0233239 0.0247288 0.0260663 0.0273188 0.0284693 0.0295019 0.0304021 0.031157 0.0317559 0.03219 0.032453 0.0325411 0.032453 0.03219 0.0317559 0.031157 0.0304021 0.0295019 0.0284693 0.0273188 0.0260663 0.0247288 0.0233239 0.0218697 0.0203842 0.018885 0.0173891 0.0159125 0.0144697 0.0130738 0.0117361 0.0104662 0.00927153 0.0081578 0.00712874 0.00618627 0.00533067 0.0045607 0.0038738 0.00326634 0.00273379 0.00227096 0.00187223 0.00153171 0.00124345 0.00100157 0.000800396 0.000634553 0.000499052 0.000389334 0.000301295 0.000231299 0.000176174 0.000133188 0.000100027 7.47588e-05 5.58026e-05 4.18895e-05 3.20321e-05 2.5495e-05 2.17706e-05 
2.73573e-05 2.89516e-05 3.38616e-05 4.2474e-05 5.54479e-05 7.37378e-05 9.86228e-05 0.000131743 0.00017514 0.000231299 0.000303193 0.000394319 0.000508729 0.000651051 0.000826489 0.00104081 0.0013003 0.0016117 0.00198209 0.00241878 0.00292914 0.00352038 0.00419937 0.00497235 0.00584472 0.00682069 0.00790312 0.00909317 0.0103901 0.0117912 0.0132913 0.0148831 0.0165569 0.0183006 0.0200999 0.0219384 0.0237981 0.0256592 0.0275008 0.0293012 0.0310386 0.0326907 0.0342363 0.0356546 0.0369266 0.0380347 0.0389634 0.0396998 0.0402334 0.0405566 0.0406649 0.0405566 0.0402334 0.0396998 0.0389634 0.0380347 0.0369266 0.0356546 0.0342363 0.0326907 0.0310386 0.0293012 0.0275008 0.0256592 0.0237981 0.0219384 0.0200999 0.0183006 0.0165569 0.0148831 0.0132913 0.0117912 0.0103901 0.00909317 0.00790312 0.00682069 0.00584472 0.00497235 0.00419937 0.00352038 0.00292914 0.00241878 0.00198209 0.0016117 0.0013003 0.00104081 0.000826489 0.000651051 0.000508729 0.000394319 0.000303193 0.000231299 0.00017514 0.000131743 9.86228e-05 7.37378e-05 5.54479e-05 4.2474e-05 3.38616e-05 2.89516e-05 
3.61138e-05 3.81999e-05 4.46223e-05 5.58795e-05 7.28212e-05 9.66756e-05 0.000129087 0.000172158 0.000228503 0.000301295 0.000394319 0.000512017 0.000659521 0.000842672 0.00106802 0.00134279 0.00167483 0.00207252 0.00254464 0.00310018 0.00374815 0.00449734 0.00535601 0.00633162 0.00743049 0.00865745 0.0100156 0.0115058 0.0131269 0.0148747 0.0167426 0.018721 0.0207976 0.0229572 0.0251819 0.0274514 0.0297434 0.0320337 0.0342968 0.0365065 0.038636 0.0406587 0.042549 0.044282 0.0458349 0.0471866 0.048319 0.0492163 0.0498663 0.05026 0.0503918 0.05026 0.0498663 0.0492163 0.048319 0.0471866 0.0458349 0.044282 0.042549 0.0406587 0.038636 0.0365065 0.0342968 0.0320337 0.0297434 0.0274514 0.0251819 0.0229572 0.0207976 0.018721 0.0167426 0.0148747 0.0131269 0.0115058 0.0100156 0.00865745 0.00743049 0.00633162 0.00535601 0.00449734 0.00374815 0.00310018 0.00254464 0.00207252 0.00167483 0.00134279 0.00106802 0.000842672 0.000659521 0.000512017 0.000394319 0.000301295 0.000228503 0.000172158 0.000129087 9.66756e-05 7.28212e-05 5.58795e-05 4.46223e-05 3.81999e-05 
4.72934e-05 5.00011e-05 5.83342e-05 7.29305e-05 9.4876e-05 0.000125738 0.000167613 0.000223176 0.000295743 0.000389334 0.000508729 0.000659521 0.000848154 0.00108194 0.00136904 0.00171844 0.00213985 0.00264359 0.00324043 0.00394134 0.00475724 0.00569869 0.00677556 0.00799661 0.00936915 0.0108986 0.0125882 0.0144385 0.0164472 0.0186088 0.0209145 0.0233521 0.025906 0.0285571 0.0312834 0.03406 0.0368595 0.0396527 0.0424087 0.0450959 0.0476822 0.050136 0.0524265 0.0545245 0.0564026 0.0580364 0.059404 0.0604873 0.0612716 0.0617465 0.0619055 0.0617465 0.0612716 0.0604873 0.059404 0.0580364 0.0564026 0.0545245 0.0524265 0.050136 0.0476822 0.0450959 0.0424087 0.0396527 0.0368595 0.03406 0.0312834 0.0285571 0.025906 0.0233521 0.0209145 0.0186088 0.0164472 0.0144385 0.0125882 0.0108986 0.00936915 0.00799661 0.00677556 0.00569869 0.00475724 0.00394134 0.00324043 0.00264359 0.00213985 0.00171844 0.00136904 0.00108194 0.000848154 0.000659521 0.000508729 0.000389334 0.000295743 0.000223176 0.000167613 0.000125738 9.4876e-05 7.29305e-05 5.83342e-05 5.00011e-05 
6.14378e-05 6.49239e-05 7.56492e-05 9.44225e-05 0.00012262 0.000162227 0.000215892 0.000286989 0.000379694 0.000499052 0.000651051 0.000842672 0.00108194 0.00137791 0.0017407 0.00218135 0.00271179 0.0033446 0.00409287 0.00496984 0.00598861 0.00716176 0.00850091 0.0100162 0.0117161 0.0136064 0.0156904 0.0179679 0.0204354 0.0230855 0.0259067 0.0288835 0.0319963 0.0352218 0.0385328 0.0418991 0.0452875 0.0486628 0.0519882 0.0552258 0.0583378 0.0612867 0.0640362 0.066552 0.0688021 0.0707579 0.072394 0.0736893 0.0746267 0.0751942 0.0753842 0.0751942 0.0746267 0.0736893 0.072394 0.0707579 0.0688021 0.066552 0.0640362 0.0612867 0.0583378 0.0552258 0.0519882 0.0486628 0.0452875 0.0418991 0.0385328 0.0352218 0.0319963 0.0288835 0.0259067 0.0230855 0.0204354 0.0179679 0.0156904 0.0136064 0.0117161 0.0100162 0.00850091 0.00716176 0.00598861 0.00496984 0.00409287 0.0033446 0.00271179 0.00218135 0.0017407 0.00137791 0.00108194 0.000842672 0.000651051 0.000499052 0.000379694 0.000286989 0.000215892 0.000162227 0.00012262 9.44225e-05 7.56492e-05 6.49239e-05 
7.91739e-05 8.36262e-05 9.73191e-05 0.00012127 0.00015721 0.00020763 0.000275849 0.000366091 0.000483565 0.000634553 0.000826489 0.00106802 0.00136904 0.0017407 0.00219537 0.00274656 0.00340874 0.00419714 0.00512749 0.00621563 0.00747712 0.00892676 0.0105781 0.0124427 0.01453 0.0168464 0.0193947 0.0221739 0.0251787 0.0283993 0.0318209 0.035424 0.0391845 0.0430736 0.0470585 0.0511026 0.0551663 0.0592077 0.0631829 0.0670475 0.070757 0.0742675 0.0775368 0.0805249 0.0831951 0.085514 0.0874525 0.0889863 0.090096 0.0907675 0.0909923 0.0907675 0.090096 0.0889863 0.0874525 0.085514 0.0831951 0.0805249 0.0775368 0.0742675 0.070757 0.0670475 0.0631829 0.0592077 0.0551663 0.0511026 0.0470585 0.0430736 0.0391845 0.035424 0.0318209 0.0283993 0.0251787 0.0221739 0.0193947 0.0168464 0.01453 0.0124427 0.0105781 0.00892676 0.00747712 0.00621563 0.00512749 0.00419714 0.00340874 0.00274656 0.00219537 0.0017407 0.00136904 0.00106802 0.000826489 0.000634553 0.000483565 0.000366091 0.000275849 0.00020763 0.00015721 0.00012127 9.73191e-05 8.36262e-05 
0.000101217 0.000106858 0.000124199 0.000154512 0.000199951 0.000263622 0.000349648 0.000463269 0.000610932 0.000800396 0.00104081 0.00134279 0.00171844 0.00218135 0.00274656 0.00343039 0.00425027 0.00522446 0.00637168 0.0077107 0.00925978 0.0110362 0.0130553 0.0153306 0.017872 0.0206863 0.0237758 0.0271381 0.0307656 0.0346454 0.0387588 0.0430817 0.0475842 0.0522317 0.0569844 0.0617989 0.066628 0.0714223 0.0761305 0.0807006 0.0850809 0.0892207 0.0930713 0.0965868 0.0997251 0.102448 0.104723 0.106522 0.107823 0.108609 0.108873 0.108609 0.107823 0.106522 0.104723 0.102448 0.0997251 0.0965868 0.0930713 0.0892207 0.0850809 0.0807006 0.0761305 0.0714223 0.066628 0.0617989 0.0569844 0.0522317 0.0475842 0.0430817 0.0387588 0.0346454 0.0307656 0.0271381 0.0237758 0.0206863 0.017872 0.0153306 0.0130553 0.0110362 0.00925978 0.0077107 0.00637168 0.00522446 0.00425027 0.00343039 0.00274656 0.00218135 0.00171844 0.00134279 0.00104081 0.000800396 0.000610932 0.000463269 0.000349648 0.000263622 0.000199951 0.000154512 0.000124199 0.000106858 
0.000128372 0.000135462 0.000157249 0.000195306 0.0002523 0.000332063 0.00043968 0.000581596 0.000765728 0.00100157 0.0013003 0.00167483 0.00213985 0.00271179 0.00340874 0.00425027 0.00525719 0.00645115 0.00785426 0.0094885 0.0113751 0.0135339 0.0159824 0.0187355 0.021804 0.0251944 0.0289083 0.0329413 0.037283 0.0419166 0.0468187 0.0519596 0.0573032 0.0628074 0.0684253 0.0741052 0.0797919 0.0854275 0.0909525 0.0963069 0.101431 0.106267 0.11076 0.114856 0.11851 0.121677 0.124321 0.12641 0.12792 0.128833 0.129139 0.128833 0.12792 0.12641 0.124321 0.121677 0.11851 0.114856 0.11076 0.106267 0.101431 0.0963069 0.0909525 0.0854275 0.0797919 0.0741052 0.0684253 0.0628074 0.0573032 0.0519596 0.0468187 0.0419166 0.037283 0.0329413 0.0289083 0.0251944 0.021804 0.0187355 0.0159824 0.0135339 0.0113751 0.0094885 0.00785426 0.00645115 0.00525719 0.00425027 0.00340874 0.00271179 0.00213985 0.00167483 0.0013003 0.00100157 0.000765728 0.000581596 0.00043968 0.000332063 0.0002523 0.000195306 0.000157249 0.000135462 
0.000161531 0.000170371 0.000197528 0.000244932 0.000315853 0.000414986 0.000548549 0.000724407 0.000952198 0.00124345 0.0016117 0.00207252 0.00264359 0.0033446 0.00419714 0.00522446 0.00645115 0.00790269 0.00960491 0.0115833 0.0138622 0.0164643 0.0194091 0.0227129 0.026387 0.0304375 0.0348645 0.0396611 0.0448135 0.0503 0.0560918 0.0621526 0.0684387 0.0749005 0.0814821 0.0881231 0.0947593 0.101324 0.107748 0.113963 0.119902 0.125499 0.130691 0.13542 0.139633 0.143282 0.146325 0.148728 0.150464 0.151514 0.151865 0.151514 0.150464 0.148728 0.146325 0.143282 0.139633 0.13542 0.130691 0.125499 0.119902 0.113963 0.107748 0.101324 0.0947593 0.0881231 0.0814821 0.0749005 0.0684387 0.0621526 0.0560918 0.0503 0.0448135 0.0396611 0.0348645 0.0304375 0.026387 0.0227129 0.0194091 0.0164643 0.0138622 0.0115833 0.00960491 0.00790269 0.00645115 0.00522446 0.00419714 0.0033446 0.00264359 0.00207252 0.0016117 0.00124345 0.000952198 0.000724407 0.000548549 0.000414986 0.000315853 0.000244932 0.000197528 0.000170371 
0.000201666 0.000212602 0.000246187 0.00030477 0.000392332 0.000514575 0.000679041 0.000895252 0.00117485 0.00153171 0.00198209 0.00254464 0.00324043 0.00409287 0.00512749 0.00637168 0.00785426 0.00960491 0.0116535 0.0140293 0.0167601 0.0198711 0.0233841 0.0273164 0.0316795 0.0364788 0.0417121 0.0473694 0.0534323 0.059874 0.0666587 0.0737425 0.0810737 0.0885933 0.0962363 0.103932 0.111608 0.119185 0.126587 0.133737 0.140556 0.146974 0.152918 0.158326 0.163138 0.167301 0.170771 0.173509 0.175487 0.176682 0.177081 0.176682 0.175487 0.173509 0.170771 0.167301 0.163138 0.158326 0.152918 0.146974 0.140556 0.133737 0.126587 0.119185 0.111608 0.103932 0.0962363 0.0885933 0.0810737 0.0737425 0.0666587 0.059874 0.0534323 0.0473694 0.0417121 0.0364788 0.0316795 0.0273164 0.0233841 0.0198711 0.0167601 0.0140293 0.0116535 0.00960491 0.00785426 0.00637168 0.00512749 0.00409287 0.00324043 0.00254464 0.00198209 0.00153171 0.00117485 0.000895252 0.000679041 0.000514575 0.000392332 0.00030477 0.000246187 0.000212602 
0.000249819 0.000263244 0.000304456 0.000376294 0.000483561 0.000633132 0.000834084 0.00109785 0.00143837 0.00187223 0.00241878 0.00310018 0.00394134 0.00496984 0.00621563 0.0077107 0.0094885 0.0115833 0.0140293 0.0168598 0.020106 0.0237959 0.0279531 0.0325958 0.0377354 0.0433755 0.0495114 0.0561289 0.0632044 0.0707042 0.0785851 0.0867947 0.0952716 0.103947 0.112746 0.121586 0.130385 0.139054 0.147507 0.155656 0.163416 0.170706 0.17745 0.183576 0.189021 0.193727 0.197646 0.200736 0.202966 0.204314 0.204764 0.204314 0.202966 0.200736 0.197646 0.193727 0.189021 0.183576 0.17745 0.170706 0.163416 0.155656 0.147507 0.139054 0.130385 0.121586 0.112746 0.103947 0.0952716 0.0867947 0.0785851 0.0707042 0.0632044 0.0561289 0.0495114 0.0433755 0.0377354 0.0325958 0.0279531 0.0237959 0.020106 0.0168598 0.0140293 0.0115833 0.0094885 0.0077107 0.00621563 0.00496984 0.00394134 0.00310018 0.00241878 0.00187223 0.00143837 0.00109785 0.000834084 0.000633132 0.000483561 0.000376294 0.000304456 0.000263244 
0.000307088 0.00032344 0.000373622 0.000461037 0.000591437 0.000773041 0.00101669 0.00133599 0.00174753 0.00227096 0.00292914 0.00374815 0.00475724 0.00598861 0.00747712 0.00925978 0.0113751 0.0138622 0.0167601 0.020106 0.0239346 0.0282768 0.0331576 0.0385956 0.0446015 0.0511768 0.0583129 0.0659908 0.0741804 0.0828405 0.091919 0.101354 0.111073 0.120997 0.131039 0.141107 0.151105 0.160937 0.170503 0.179708 0.188459 0.196666 0.204246 0.211123 0.217227 0.222497 0.226881 0.230336 0.232828 0.234333 0.234836 0.234333 0.232828 0.230336 0.226881 0.222497 0.217227 0.211123 0.204246 0.196666 0.188459 0.179708 0.170503 0.160937 0.151105 0.141107 0.131039 0.120997 0.111073 0.101354 0.091919 0.0828405 0.0741804 0.0659908 0.0583129 0.0511768 0.0446015 0.0385956 0.0331576 0.0282768 0.0239346 0.020106 0.0167601 0.0138622 0.0113751 0.00925978 0.00747712 0.00598861 0.00475724 0.00374815 0.00292914 0.00227096 0.00174753 0.00133599 0.00101669 0.000773041 0.000591437 0.000461037 0.000373622 0.00032344 
0.000374601 0.000394368 0.000455008 0.000560568 0.000717883 0.000936707 0.00122988 0.00161349 0.00210709 0.00273379 0.00352038 0.00449734 0.00569869 0.00716176 0.00892676 0.0110362 0.0135339 0.0164643 0.0198711 0.0237959 0.0282768 0.0333468 0.0390326 0.0453526 0.0523159 0.0599208 0.0681545 0.0769916 0.0863947 0.0963135 0.106686 0.11744 0.128491 0.139749 0.151113 0.162481 0.173746 0.184798 0.19553 0.205837 0.215617 0.224773 0.233216 0.240864 0.247644 0.253491 0.258351 0.262177 0.264936 0.266601 0.267158 0.266601 0.264936 0.262177 0.258351 0.253491 0.247644 0.240864 0.233216 0.224773 0.215617 0.205837 0.19553 0.184798 0.173746 0.162481 0.151113 0.139749 0.128491 0.11744 0.106686 0.0963135 0.0863947 0.0769916 0.0681545 0.0599208 0.0523159 0.0453526 0.0390326 0.0333468 0.0282768 0.0237959 0.0198711 0.0164643 0.0135339 0.0110362 0.00892676 0.00716176 0.00569869 0.00449734 0.00352038 0.00273379 0.00210709 0.00161349 0.00122988 0.000936707 0.000717883 0.000560568 0.000455008 0.000394368 
0.000453495 0.000477209 0.000549935 0.000676447 0.000864806 0.0011265 0.00147661 0.00193403 0.00252162 0.00326634 0.00419937 0.00535601 0.00677556 0.00850091 0.0105781 0.0130553 0.0159824 0.0194091 0.0233841 0.0279531 0.0331576 0.0390326 0.0456056 0.0528942 0.0609052 0.069633 0.0790589 0.0891506 0.0998617 0.111132 0.122889 0.135047 0.14751 0.160175 0.17293 0.185658 0.198242 0.210561 0.222497 0.233937 0.244771 0.254895 0.264216 0.272646 0.280109 0.286537 0.291874 0.296073 0.299098 0.300924 0.301534 0.300924 0.299098 0.296073 0.291874 0.286537 0.280109 0.272646 0.264216 0.254895 0.244771 0.233937 0.222497 0.210561 0.198242 0.185658 0.17293 0.160175 0.14751 0.135047 0.122889 0.111132 0.0998617 0.0891506 0.0790589 0.069633 0.0609052 0.0528942 0.0456056 0.0390326 0.0331576 0.0279531 0.0233841 0.0194091 0.0159824 0.0130553 0.0105781 0.00850091 0.00677556 0.00535601 0.00419937 0.00326634 0.00252162 0.00193403 0.00147661 0.0011265 0.000864806 0.000676447 0.000549935 0.000477209 
0.000544879 0.000573118 0.000659687 0.000810181 0.00103403 0.00134467 0.00175968 0.00230107 0.00299536 0.0038738 0.00497235 0.00633162 0.00799661 0.0100162 0.0124427 0.0153306 0.0187355 0.0227129 0.0273164 0.0325958 0.0385956 0.0453526 0.0528942 0.0612366 0.0703832 0.0803236 0.091032 0.102468 0.114574 0.127281 0.140501 0.154138 0.168082 0.182215 0.196414 0.210548 0.224488 0.238104 0.251268 0.263856 0.275754 0.286852 0.29705 0.30626 0.314401 0.321404 0.327213 0.331779 0.335066 0.337049 0.337711 0.337049 0.335066 0.331779 0.327213 0.321404 0.314401 0.30626 0.29705 0.286852 0.275754 0.263856 0.251268 0.238104 0.224488 0.210548 0.196414 0.182215 0.168082 0.154138 0.140501 0.127281 0.114574 0.102468 0.091032 0.0803236 0.0703832 0.0612366 0.0528942 0.0453526 0.0385956 0.0325958 0.0273164 0.0227129 0.0187355 0.0153306 0.0124427 0.0100162 0.00799661 0.00633162 0.00497235 0.0038738 0.00299536 0.00230107 0.00175968 0.00134467 0.00103403 0.000810181 0.000659687 0.000573118 
0.0006498 0.000683178 0.000785467 0.000963171 0.00122725 0.00159327 0.00208162 0.0027177 0.00353209 0.0045607 0.00584472 0.00743049 0.00936915 0.0117161 0.01453 0.017872 0.021804 0.026387 0.0316795 0.0377354 0.0446015 0.0523159 0.0609052 0.0703832 0.0807492 0.0919862 0.104061 0.116922 0.130502 0.144718 0.15947 0.174647 0.190125 0.205773 0.221452 0.237022 0.252339 0.267264 0.28166 0.295397 0.308352 0.320413 0.331475 0.341448 0.35025 0.357813 0.364078 0.368998 0.372538 0.374672 0.375385 0.374672 0.372538 0.368998 0.364078 0.357813 0.35025 0.341448 0.331475 0.320413 0.308352 0.295397 0.28166 0.267264 0.252339 0.237022 0.221452 0.205773 0.190125 0.174647 0.15947 0.144718 0.130502 0.116922 0.104061 0.0919862 0.0807492 0.0703832 0.0609052 0.0523159 0.0446015 0.0377354 0.0316795 0.026387 0.021804 0.017872 0.01453 0.0117161 0.00936915 0.00743049 0.00584472 0.0045607 0.00353209 0.0027177 0.00208162 0.00159327 0.00122725 0.000963171 0.000785467 0.000683178 
0.000769202 0.000808366 0.000928348 0.00113666 0.00144592 0.00187408 0.00244456 0.0031865 0.00413489 0.00533067 0.00682069 0.00865745 0.0108986 0.0136064 0.0168464 0.0206863 0.0251944 0.0304375 0.0364788 0.0433755 0.0511768 0.0599208 0.069633 0.0803236 0.0919862 0.104596 0.118112 0.132469 0.14759 0.163376 0.179713 0.196476 0.213526 0.230717 0.247897 0.264912 0.281609 0.297838 0.313453 0.32832 0.342309 0.355305 0.367203 0.37791 0.387345 0.39544 0.402138 0.407393 0.411172 0.413448 0.414209 0.413448 0.411172 0.407393 0.402138 0.39544 0.387345 0.37791 0.367203 0.355305 0.342309 0.32832 0.313453 0.297838 0.281609 0.264912 0.247897 0.230717 0.213526 0.196476 0.179713 0.163376 0.14759 0.132469 0.118112 0.104596 0.0919862 0.0803236 0.069633 0.0599208 0.0511768 0.0433755 0.0364788 0.0304375 0.0251944 0.0206863 0.0168464 0.0136064 0.0108986 0.00865745 0.00682069 0.00533067 0.00413489 0.0031865 0.00244456 0.00187408 0.00144592 0.00113666 0.000928348 0.000808366 
0.000903877 0.0009495 0.00108922 0.00133165 0.00169124 0.0021885 0.00285016 0.00370941 0.00480599 0.00618627 0.00790312 0.0100156 0.0125882 0.0156904 0.0193947 0.0237758 0.0289083 0.0348645 0.0417121 0.0495114 0.0583129 0.0681545 0.0790589 0.091032 0.104061 0.118112 0.133131 0.149045 0.165759 0.18316 0.201121 0.219499 0.238141 0.256884 0.275566 0.294018 0.312077 0.329585 0.346389 0.362348 0.377331 0.39122 0.40391 0.415308 0.425336 0.433927 0.441026 0.446591 0.450588 0.452996 0.4538 0.452996 0.450588 0.446591 0.441026 0.433927 0.425336 0.415308 0.40391 0.39122 0.377331 0.362348 0.346389 0.329585 0.312077 0.294018 0.275566 0.256884 0.238141 0.219499 0.201121 0.18316 0.165759 0.149045 0.133131 0.118112 0.104061 0.091032 0.0790589 0.0681545 0.0583129 0.0495114 0.0417121 0.0348645 0.0289083 0.0237758 0.0193947 0.0156904 0.0125882 0.0100156 0.00790312 0.00618627 0.00480599 0.00370941 0.00285016 0.0021885 0.00169124 0.00133165 0.00108922 0.0009495 
0.00105442 0.00110719 0.00126875 0.00154887 0.00196401 0.00253744 0.00329945 0.00428757 0.00554661 0.00712874 0.00909317 0.0115058 0.0144385 0.0179679 0.0221739 0.0271381 0.0329413 0.0396611 0.0473694 0.0561289 0.0659908 0.0769916 0.0891506 0.102468 0.116922 0.132469 0.149045 0.16656 0.184905 0.203953 0.223558 0.243562 0.263795 0.284083 0.304247 0.324108 0.343493 0.362236 0.380179 0.397177 0.413097 0.427822 0.441246 0.453281 0.46385 0.472891 0.480352 0.486194 0.490387 0.492911 0.493754 0.492911 0.490387 0.486194 0.480352 0.472891 0.46385 0.453281 0.441246 0.427822 0.413097 0.397177 0.380179 0.362236 0.343493 0.324108 0.304247 0.284083 0.263795 0.243562 0.223558 0.203953 0.184905 0.16656 0.149045 0.132469 0.116922 0.102468 0.0891506 0.0769916 0.0659908 0.0561289 0.0473694 0.0396611 0.0329413 0.0271381 0.0221739 0.0179679 0.0144385 0.0115058 0.00909317 0.00712874 0.00554661 0.00428757 0.00329945 0.00253744 0.00196401 0.00154887 0.00126875 0.00110719 
0.0012212 0.00128181 0.00146729 0.0017887 0.00226462 0.00292127 0.00379275 0.00492119 0.0063568 0.0081578 0.0103901 0.0131269 0.0164472 0.0204354 0.0251787 0.0307656 0.037283 0.0448135 0.0534323 0.0632044 0.0741804 0.0863947 0.0998617 0.114574 0.130502 0.14759 0.165759 0.184905 0.204904 0.22561 0.246862 0.268485 0.290293 0.312096 0.333704 0.354927 0.375583 0.3955 0.414515 0.432482 0.449267 0.464755 0.478845 0.49145 0.5025 0.511936 0.519713 0.525795 0.530157 0.532781 0.533657 0.532781 0.530157 0.525795 0.519713 0.511936 0.5025 0.49145 0.478845 0.464755 0.449267 0.432482 0.414515 0.3955 0.375583 0.354927 0.333704 0.312096 0.290293 0.268485 0.246862 0.22561 0.204904 0.184905 0.165759 0.14759 0.130502 0.114574 0.0998617 0.0863947 0.0741804 0.0632044 0.0534323 0.0448135 0.037283 0.0307656 0.0251787 0.0204354 0.0164472 0.0131269 0.0103901 0.0081578 0.0063568 0.00492119 0.00379275 0.00292127 0.00226462 0.0017887 0.00146729 0.00128181 
0.00140428 0.0014734 0.00168487 0.00205112 0.00259294 0.00333971 0.00432955 0.00560945 0.00723525 0.00927153 0.0117912 0.0148747 0.0186088 0.0230855 0.0283993 0.0346454 0.0419166 0.0503 0.059874 0.0707042 0.0828405 0.0963135 0.111132 0.127281 0.144718 0.163376 0.18316 0.203953 0.22561 0.247971 0.270854 0.294069 0.317414 0.340686 0.363681 0.386201 0.408056 0.429069 0.449074 0.467925 0.485491 0.50166 0.516334 0.529434 0.540895 0.550666 0.558707 0.564989 0.569489 0.572195 0.573098 0.572195 0.569489 0.564989 0.558707 0.550666 0.540895 0.529434 0.516334 0.50166 0.485491 0.467925 0.449074 0.429069 0.408056 0.386201 0.363681 0.340686 0.317414 0.294069 0.270854 0.247971 0.22561 0.203953 0.18316 0.163376 0.144718 0.127281 0.111132 0.0963135 0.0828405 0.0707042 0.059874 0.0503 0.0419166 0.0346454 0.0283993 0.0230855 0.0186088 0.0148747 0.0117912 0.00927153 0.00723525 0.00560945 0.00432955 0.00333971 0.00259294 0.00205112 0.00168487 0.0014734 
0.00160341 0.0016817 0.00192116 0.00233562 0.00294826 0.00379177 0.00490845 0.00635035 0.00817921 0.0104662 0.0132913 0.0167426 0.0209145 0.0259067 0.0318209 0.0387588 0.0468187 0.0560918 0.0666587 0.0785851 0.091919 0.106686 0.122889 0.140501 0.15947 0.179713 0.201121 0.223558 0.246862 0.270854 0.295336 0.320099 0.344927 0.369603 0.393912 0.417648 0.440614 0.46263 0.48353 0.503169 0.52142 0.538176 0.553346 0.566858 0.578656 0.588696 0.596946 0.603382 0.60799 0.610757 0.611681 0.610757 0.60799 0.603382 0.596946 0.588696 0.578656 0.566858 0.553346 0.538176 0.52142 0.503169 0.48353 0.46263 0.440614 0.417648 0.393912 0.369603 0.344927 0.320099 0.295336 0.270854 0.246862 0.223558 0.201121 0.179713 0.15947 0.140501 0.122889 0.106686 0.091919 0.0785851 0.0666587 0.0560918 0.0468187 0.0387588 0.0318209 0.0259067 0.0209145 0.0167426 0.0132913 0.0104662 0.00817921 0.00635035 0.00490845 0.00379177 0.00294826 0.00233562 0.00192116 0.0016817 
0.00181797 0.00190605 0.00217536 0.00264122 0.00332929 0.00427567 0.00552704 0.00714071 0.00918444 0.0117361 0.0148831 0.018721 0.0233521 0.0288835 0.035424 0.0430817 0.0519596 0.0621526 0.0737425 0.0867947 0.101354 0.11744 0.135047 0.154138 0.174647 0.196476 0.219499 0.243562 0.268485 0.294069 0.320099 0.346349 0.372589 0.39859 0.424125 0.448981 0.472958 0.495873 0.517563 0.537884 0.556716 0.573959 0.58953 0.603368 0.615424 0.625665 0.634065 0.64061 0.645291 0.6481 0.649037 0.6481 0.645291 0.64061 0.634065 0.625665 0.615424 0.603368 0.58953 0.573959 0.556716 0.537884 0.517563 0.495873 0.472958 0.448981 0.424125 0.39859 0.372589 0.346349 0.320099 0.294069 0.268485 0.243562 0.219499 0.196476 0.174647 0.154138 0.135047 0.11744 0.101354 0.0867947 0.0737425 0.0621526 0.0519596 0.0430817 0.035424 0.0288835 0.0233521 0.018721 0.0148831 0.0117361 0.00918444 0.00714071 0.00552704 0.00427567 0.00332929 0.00264122 0.00217536 0.00190605 
0.00204697 0.00214539 0.00244625 0.00296641 0.00373406 0.00478885 0.00618195 0.00797605 0.0102451 0.0130738 0.0165569 0.0207976 0.025906 0.0319963 0.0391845 0.0475842 0.0573032 0.0684387 0.0810737 0.0952716 0.111073 0.128491 0.14751 0.168082 0.190125 0.213526 0.238141 0.263795 0.290293 0.317414 0.344927 0.372589 0.400157 0.427388 0.454049 0.47992 0.504797 0.528499 0.550864 0.571756 0.591061 0.608687 0.624563 0.638636 0.650871 0.661241 0.669734 0.676342 0.681062 0.683894 0.684838 0.683894 0.681062 0.676342 0.669734 0.661241 0.650871 0.638636 0.624563 0.608687 0.591061 0.571756 0.550864 0.528499 0.504797 0.47992 0.454049 0.427388 0.400157 0.372589 0.344927 0.317414 0.290293 0.263795 0.238141 0.213526 0.190125 0.168082 0.14751 0.128491 0.111073 0.0952716 0.0810737 0.0684387 0.0573032 0.0475842 0.0391845 0.0319963 0.025906 0.0207976 0.0165569 0.0130738 0.0102451 0.00797605 0.00618195 0.00478885 0.00373406 0.00296641 0.00244625 0.00214539 
0.002289 0.00239825 0.00273214 0.0033091 0.00415993 0.0053279 0.00686876 0.00885064 0.0113537 0.0144697 0.0183006 0.0229572 0.0285571 0.0352218 0.0430736 0.0522317 0.0628074 0.0749005 0.0885933 0.103947 0.120997 0.139749 0.160175 0.182215 0.205773 0.230717 0.256884 0.284083 0.312096 0.340686 0.369603 0.39859 0.427388 0.455746 0.483423 0.510194 0.535855 0.560226 0.583151 0.604499 0.624166 0.64207 0.658153 0.672373 0.684706 0.695139 0.703667 0.710293 0.71502 0.717854 0.718798 0.717854 0.71502 0.710293 0.703667 0.695139 0.684706 0.672373 0.658153 0.64207 0.624166 0.604499 0.583151 0.560226 0.535855 0.510194 0.483423 0.455746 0.427388 0.39859 0.369603 0.340686 0.312096 0.284083 0.256884 0.230717 0.205773 0.182215 0.160175 0.139749 0.120997 0.103947 0.0885933 0.0749005 0.0628074 0.0522317 0.0430736 0.0352218 0.0285571 0.0229572 0.0183006 0.0144697 0.0113537 0.00885064 0.00686876 0.0053279 0.00415993 0.0033091 0.00273214 0.00239825 
0.00254224 0.00266273 0.00303087 0.00366668 0.00460362 0.00588862 0.00758204 0.00975751 0.0125015 0.0159125 0.0200999 0.0251819 0.0312834 0.0385328 0.0470585 0.0569844 0.0684253 0.0814821 0.0962363 0.112746 0.131039 0.151113 0.17293 0.196414 0.221452 0.247897 0.275566 0.304247 0.333704 0.363681 0.393912 0.424125 0.454049 0.483423 0.512 0.539553 0.565878 0.590798 0.614164 0.635854 0.655774 0.673855 0.690051 0.704332 0.716688 0.727117 0.735626 0.742226 0.74693 0.749747 0.750685 0.749747 0.74693 0.742226 0.735626 0.727117 0.716688 0.704332 0.690051 0.673855 0.655774 0.635854 0.614164 0.590798 0.565878 0.539553 0.512 0.483423 0.454049 0.424125 0.393912 0.363681 0.333704 0.304247 0.275566 0.247897 0.221452 0.196414 0.17293 0.151113 0.131039 0.112746 0.0962363 0.0814821 0.0684253 0.0569844 0.0470585 0.0385328 0.0312834 0.0251819 0.0200999 0.0159125 0.0125015 0.00975751 0.00758204 0.00588862 0.00460362 0.00366668 0.00303087 0.00266273 
0.0028045 0.00293652 0.00333981 0.004036 0.0050612 0.00646601 0.00831541 0.0106885 0.013678 0.0173891 0.0219384 0.0274514 0.03406 0.0418991 0.0511026 0.0617989 0.0741052 0.0881231 0.103932 0.121586 0.141107 0.162481 0.185658 0.210548 0.237022 0.264912 0.294018 0.324108 0.354927 0.386201 0.417648 0.448981 0.47992 0.510194 0.539553 0.567767 0.594637 0.619988 0.643681 0.665603 0.685672 0.703833 0.720051 0.734313 0.746621 0.756986 0.765425 0.771961 0.776613 0.779397 0.780323 0.779397 0.776613 0.771961 0.765425 0.756986 0.746621 0.734313 0.720051 0.703833 0.685672 0.665603 0.643681 0.619988 0.594637 0.567767 0.539553 0.510194 0.47992 0.448981 0.417648 0.386201 0.354927 0.324108 0.294018 0.264912 0.237022 0.210548 0.185658 0.162481 0.141107 0.121586 0.103932 0.0881231 0.0741052 0.0617989 0.0511026 0.0418991 0.03406 0.0274514 0.0219384 0.0173891 0.013678 0.0106885 0.00831541 0.00646601 0.0050612 0.004036 0.00333981 0.00293652 
0.00307317 0.00321692 0.00365592 0.0044134 0.00552814 0.00705435 0.00906159 0.0116344 0.0148716 0.018885 0.0237981 0.0297434 0.0368595 0.0452875 0.0551663 0.066628 0.0797919 0.0947593 0.111608 0.130385 0.151105 0.173746 0.198242 0.224488 0.252339 0.281609 0.312077 0.343493 0.375583 0.408056 0.440614 0.472958 0.504797 0.535855 0.565878 0.594637 0.621934 0.647604 0.671514 0.693565 0.713686 0.731836 0.747996 0.762167 0.774362 0.784609 0.792935 0.799371 0.803946 0.806682 0.807592 0.806682 0.803946 0.799371 0.792935 0.784609 0.774362 0.762167 0.747996 0.731836 0.713686 0.693565 0.671514 0.647604 0.621934 0.594637 0.565878 0.535855 0.504797 0.472958 0.440614 0.408056 0.375583 0.343493 0.312077 0.281609 0.252339 0.224488 0.198242 0.173746 0.151105 0.130385 0.111608 0.0947593 0.0797919 0.066628 0.0551663 0.0452875 0.0368595 0.0297434 0.0237981 0.018885 0.0148716 0.0116344 0.00906159 0.00705435 0.00552814 0.0044134 0.00365592 0.00321692 
0.00334534 0.00350087 0.00397575 0.0047948 0.00599937 0.00764728 0.00981258 0.0125851 0.0160695 0.0203842 0.0256592 0.0320337 0.0396527 0.0486628 0.0592077 0.0714223 0.0854275 0.101324 0.119185 0.139054 0.160937 0.184798 0.210561 0.238104 0.267264 0.297838 0.329585 0.362236 0.3955 0.429069 0.46263 0.495873 0.528499 0.560226 0.590798 0.619988 0.647604 0.673486 0.697514 0.719599 0.739686 0.757746 0.773776 0.787791 0.79982 0.809901 0.818076 0.824384 0.828861 0.831536 0.832425 0.831536 0.828861 0.824384 0.818076 0.809901 0.79982 0.787791 0.773776 0.757746 0.739686 0.719599 0.697514 0.673486 0.647604 0.619988 0.590798 0.560226 0.528499 0.495873 0.46263 0.429069 0.3955 0.362236 0.329585 0.297838 0.267264 0.238104 0.210561 0.184798 0.160937 0.139054 0.119185 0.101324 0.0854275 0.0714223 0.0592077 0.0486628 0.0396527 0.0320337 0.0256592 0.0203842 0.0160695 0.0125851 0.00981258 0.00764728 0.00599937 0.0047948 0.00397575 0.00350087 
0.00361776 0.003785 0.00429553 0.00517569 0.0064694 0.00823793 0.0105597 0.0135296 0.0172581 0.0218697 0.0275008 0.0342968 0.0424087 0.0519882 0.0631829 0.0761305 0.0909525 0.107748 0.126587 0.147507 0.170503 0.19553 0.222497 0.251268 0.28166 0.313453 0.346389 0.380179 0.414515 0.449074 0.48353 0.517563 0.550864 0.583151 0.614164 0.643681 0.671514 0.697514 0.72157 0.743607 0.763583 0.781485 0.797325 0.811132 0.822949 0.832828 0.84082 0.846976 0.851339 0.853943 0.854809 0.853943 0.851339 0.846976 0.84082 0.832828 0.822949 0.811132 0.797325 0.781485 0.763583 0.743607 0.72157 0.697514 0.671514 0.643681 0.614164 0.583151 0.550864 0.517563 0.48353 0.449074 0.414515 0.380179 0.346389 0.313453 0.28166 0.251268 0.222497 0.19553 0.170503 0.147507 0.126587 0.107748 0.0909525 0.0761305 0.0631829 0.0519882 0.0424087 0.0342968 0.0275008 0.0218697 0.0172581 0.0135296 0.0105597 0.00823793 0.0064694 0.00517569 0.00429553 0.003785 
