5.23359e-05 5.4129e-05 5.95833e-05 6.89247e-05 8.25317e-05 0.000100938 0.000124836 0.000155079 0.000192687 0.000238844 0.000294901 0.000362372 0.000442926 0.000538375 0.000650661 0.000781828 0.000933998 0.00110933 0.00130998 0.00153806 0.00179555 0.0020843 0.0024059 0.00276164 0.00315246 0.00357887 0.00404085 0.00453788 0.00506879 0.0056318 0.00622447 0.00684366 0.00748556 0.00814572 0.00881907 0.00949997 0.0101823 0.0108595 0.0115247 0.0121709 0.0127909 0.0133778 0.0139244 0.0144244 0.0148714 0.0152599 0.0155849 0.0158423 0.0160285 0.0161413 0.016179 0.0161413 0.0160285 0.0158423 0.0155849 0.0152599 0.0148714 0.0144244 0.0139244 0.0133778 0.0127909 0.0121709 0.0115247 0.0108595 0.0101823 0.00949997 0.00881907 0.00814572 0.00748556 0.00684366 0.00622447 0.0056318 0.00506879 0.00453788 0.00404085 0.00357887 0.00315246 0.00276164 0.0024059 0.0020843 0.00179555 0.00153806 0.00130998 0.00110933 0.000933998 0.000781828 0.000650661 0.000538375 0.000442926 0.000362372 0.000294901 0.000238844 0.000192687 0.000155079 0.000124836 0.000100938 8.25317e-05 6.89247e-05 5.95833e-05 5.4129e-05 
5.4129e-05 5.59798e-05 6.16095e-05 7.12505e-05 8.5292e-05 0.000104283 0.000128935 0.000160126 0.000198903 0.000246484 0.000304255 0.00037377 0.000456742 0.000555029 0.000670622 0.000805615 0.000962179 0.00114252 0.00134886 0.00158332 0.00184797 0.00214465 0.00247499 0.00284032 0.00324156 0.00367922 0.00415329 0.00466318 0.00520771 0.00578503 0.00639262 0.00702725 0.00768503 0.00836138 0.00905111 0.00974844 0.0104471 0.0111404 0.0118213 0.0124827 0.0131172 0.0137176 0.0142769 0.0147883 0.0152456 0.0156429 0.0159753 0.0162385 0.016429 0.0165443 0.0165829 0.0165443 0.016429 0.0162385 0.0159753 0.0156429 0.0152456 0.0147883 0.0142769 0.0137176 0.0131172 0.0124827 0.0118213 0.0111404 0.0104471 0.00974844 0.00905111 0.00836138 0.00768503 0.00702725 0.00639262 0.00578503 0.00520771 0.00466318 0.00415329 0.00367922 0.00324156 0.00284032 0.00247499 0.00214465 0.00184797 0.00158332 0.00134886 0.00114252 0.000962179 0.000805615 0.000670622 0.000555029 0.000456742 0.00037377 0.000304255 0.000246484 0.000198903 0.000160126 0.000128935 0.000104283 8.5292e-05 7.12505e-05 6.16095e-05 5.59798e-05 
5.95833e-05 6.16095e-05 6.7772e-05 7.83227e-05 9.36837e-05 0.00011445 0.000141392 0.00017546 0.000217786 0.000269686 0.000332657 0.000408372 0.000498677 0.00060557 0.000731187 0.000877774 0.00104765 0.00124319 0.00146672 0.00172055 0.00200683 0.00232752 0.00268433 0.00307864 0.0035114 0.00398311 0.00449369 0.00504249 0.00562817 0.00624871 0.00690138 0.00758267 0.00828839 0.00901363 0.00975279 0.0104997 0.0112477 0.0119895 0.0127178 0.0134249 0.014103 0.0147445 0.0153418 0.0158879 0.016376 0.0168 0.0171547 0.0174354 0.0176386 0.0177616 0.0178027 0.0177616 0.0176386 0.0174354 0.0171547 0.0168 0.016376 0.0158879 0.0153418 0.0147445 0.014103 0.0134249 0.0127178 0.0119895 0.0112477 0.0104997 0.00975279 0.00901363 0.00828839 0.00758267 0.00690138 0.00624871 0.00562817 0.00504249 0.00449369 0.00398311 0.0035114 0.00307864 0.00268433 0.00232752 0.00200683 0.00172055 0.00146672 0.00124319 0.00104765 0.000877774 0.000731187 0.00060557 0.000498677 0.000408372 0.000332657 0.000269686 0.000217786 0.00017546 0.000141392 0.00011445 9.36837e-05 7.83227e-05 6.7772e-05 6.16095e-05 
6.89247e-05 7.12505e-05 7.83227e-05 9.04268e-05 0.00010804 0.000131836 0.000162685 0.000201661 0.000250039 0.000309301 0.00038113 0.000467406 0.000570194 0.000691731 0.0008344 0.0010007 0.00119321 0.00141455 0.0016673 0.00195398 0.00227696 0.00263837 0.00304005 0.00348347 0.00396962 0.00449896 0.00507135 0.00568595 0.00634122 0.00703482 0.00776364 0.00852374 0.0093104 0.0101181 0.0109407 0.0117712 0.0126023 0.0134261 0.0142342 0.0150183 0.0157698 0.0164804 0.0171417 0.0177461 0.018286 0.018755 0.0191471 0.0194574 0.019682 0.0198179 0.0198634 0.0198179 0.019682 0.0194574 0.0191471 0.018755 0.018286 0.0177461 0.0171417 0.0164804 0.0157698 0.0150183 0.0142342 0.0134261 0.0126023 0.0117712 0.0109407 0.0101181 0.0093104 0.00852374 0.00776364 0.00703482 0.00634122 0.00568595 0.00507135 0.00449896 0.00396962 0.00348347 0.00304005 0.00263837 0.00227696 0.00195398 0.0016673 0.00141455 0.00119321 0.0010007 0.0008344 0.000691731 0.000570194 0.000467406 0.00038113 0.000309301 0.000250039 0.000201661 0.000162685 0.000131836 0.00010804 9.04268e-05 7.83227e-05 7.12505e-05 
8.25317e-05 8.5292e-05 9.36837e-05 0.00010804 0.000128919 0.000157106 0.000193615 0.000239697 0.000296833 0.000366744 0.00045138 0.000552914 0.00067373 0.0008164 0.000983661 0.00117837 0.00140348 0.00166196 0.00195675 0.00229067 0.00266638 0.00308626 0.00355233 0.00406618 0.00462884 0.00524074 0.00590159 0.00661033 0.00736508 0.00816308 0.00900065 0.00987323 0.0107753 0.0117007 0.0126421 0.0135917 0.0145412 0.0154814 0.0164031 0.0172967 0.0181526 0.0189613 0.0197136 0.0204006 0.0210142 0.0215469 0.0219922 0.0223445 0.0225993 0.0227536 0.0228052 0.0227536 0.0225993 0.0223445 0.0219922 0.0215469 0.0210142 0.0204006 0.0197136 0.0189613 0.0181526 0.0172967 0.0164031 0.0154814 0.0145412 0.0135917 0.0126421 0.0117007 0.0107753 0.00987323 0.00900065 0.00816308 0.00736508 0.00661033 0.00590159 0.00524074 0.00462884 0.00406618 0.00355233 0.00308626 0.00266638 0.00229067 0.00195675 0.00166196 0.00140348 0.00117837 0.000983661 0.0008164 0.00067373 0.000552914 0.00045138 0.000366744 0.000296833 0.000239697 0.000193615 0.000157106 0.000128919 0.00010804 9.36837e-05 8.5292e-05 
0.000100938 0.000104283 0.00011445 0.000131836 0.000157106 0.000191194 0.000235306 0.000290927 0.000359815 0.000444004 0.000545798 0.000667759 0.000812691 0.000983611 0.00118372 0.00141635 0.00168493 0.0019929 0.00234365 0.00274041 0.00318622 0.00368375 0.00423527 0.00484251 0.00550654 0.00622773 0.00700559 0.00783877 0.00872492 0.00966068 0.0106417 0.0116625 0.0127166 0.0137967 0.0148944 0.0160006 0.0171054 0.0181986 0.0192692 0.0203064 0.0212991 0.0222364 0.0231077 0.023903 0.024613 0.025229 0.0257438 0.0261509 0.0264454 0.0266236 0.0266833 0.0266236 0.0264454 0.0261509 0.0257438 0.025229 0.024613 0.023903 0.0231077 0.0222364 0.0212991 0.0203064 0.0192692 0.0181986 0.0171054 0.0160006 0.0148944 0.0137967 0.0127166 0.0116625 0.0106417 0.00966068 0.00872492 0.00783877 0.00700559 0.00622773 0.00550654 0.00484251 0.00423527 0.00368375 0.00318622 0.00274041 0.00234365 0.0019929 0.00168493 0.00141635 0.00118372 0.000983611 0.000812691 0.000667759 0.000545798 0.000444004 0.000359815 0.000290927 0.000235306 0.000191194 0.000157106 0.000131836 0.00011445 0.000104283 
0.000124836 0.000128935 0.000141392 0.000162685 0.000193615 0.000235306 0.000289209 0.000357105 0.000441102 0.000543635 0.000667455 0.000815615 0.000991448 0.00119853 0.00144065 0.00172174 0.00204582 0.0024169 0.00283894 0.0033157 0.00385063 0.00444682 0.00510678 0.00583241 0.00662484 0.00748432 0.00841012 0.00940045 0.0104524 0.0115618 0.0127234 0.0139308 0.0151761 0.0164505 0.0177444 0.0190469 0.0203465 0.0216311 0.0228882 0.024105 0.0252686 0.0263665 0.0273865 0.0283169 0.0291471 0.0298671 0.0304685 0.030944 0.0312879 0.0314959 0.0315656 0.0314959 0.0312879 0.030944 0.0304685 0.0298671 0.0291471 0.0283169 0.0273865 0.0263665 0.0252686 0.024105 0.0228882 0.0216311 0.0203465 0.0190469 0.0177444 0.0164505 0.0151761 0.0139308 0.0127234 0.0115618 0.0104524 0.00940045 0.00841012 0.00748432 0.00662484 0.00583241 0.00510678 0.00444682 0.00385063 0.0033157 0.00283894 0.0024169 0.00204582 0.00172174 0.00144065 0.00119853 0.000991448 0.000815615 0.000667455 0.000543635 0.000441102 0.000357105 0.000289209 0.000235306 0.000193615 0.000162685 0.000141392 0.000128935 
0.000155079 0.000160126 0.00017546 0.000201661 0.000239697 0.000290927 0.000357105 0.000440378 0.000543288 0.000668761 0.0008201 0.00100096 0.00121532 0.00146745 0.00176184 0.00210315 0.00249612 0.00294548 0.00345584 0.00403157 0.00467667 0.00539464 0.00618833 0.0070598 0.00801022 0.00903966 0.0101471 0.0113301 0.0125852 0.0139071 0.0152896 0.0167246 0.0182031 0.0197145 0.0212472 0.0227885 0.0243249 0.025842 0.0273253 0.0287598 0.0301305 0.0314229 0.0326227 0.0337166 0.034692 0.0355377 0.0362438 0.0368019 0.0372054 0.0374494 0.0375311 0.0374494 0.0372054 0.0368019 0.0362438 0.0355377 0.034692 0.0337166 0.0326227 0.0314229 0.0301305 0.0287598 0.0273253 0.025842 0.0243249 0.0227885 0.0212472 0.0197145 0.0182031 0.0167246 0.0152896 0.0139071 0.0125852 0.0113301 0.0101471 0.00903966 0.00801022 0.0070598 0.00618833 0.00539464 0.00467667 0.00403157 0.00345584 0.00294548 0.00249612 0.00210315 0.00176184 0.00146745 0.00121532 0.00100096 0.0008201 0.000668761 0.000543288 0.000440378 0.000357105 0.000290927 0.000239697 0.000201661 0.00017546 0.000160126 
0.000192687 0.000198903 0.000217786 0.000250039 0.000296833 0.000359815 0.000441102 0.000543288 0.000669436 0.000823067 0.00100815 0.00122906 0.00149056 0.00179773 0.00215593 0.00257065 0.00304751 0.00359207 0.0042097 0.00490549 0.00568407 0.00654941 0.00750472 0.00855225 0.00969312 0.0109272 0.012253 0.0136676 0.0151662 0.0167428 0.0183895 0.0200968 0.0218537 0.0236477 0.025465 0.0272905 0.0291083 0.0309017 0.0326534 0.034346 0.0359622 0.0374848 0.0388974 0.0401845 0.0413316 0.0423257 0.0431553 0.0438109 0.0442847 0.0445713 0.0446672 0.0445713 0.0442847 0.0438109 0.0431553 0.0423257 0.0413316 0.0401845 0.0388974 0.0374848 0.0359622 0.034346 0.0326534 0.0309017 0.0291083 0.0272905 0.025465 0.0236477 0.0218537 0.0200968 0.0183895 0.0167428 0.0151662 0.0136676 0.012253 0.0109272 0.00969312 0.00855225 0.00750472 0.00654941 0.00568407 0.00490549 0.0042097 0.00359207 0.00304751 0.00257065 0.00215593 0.00179773 0.00149056 0.00122906 0.00100815 0.000823067 0.000669436 0.000543288 0.000441102 0.000359815 0.000296833 0.000250039 0.000217786 0.000198903 
0.000238844 0.000246484 0.000269686 0.000309301 0.000366744 0.000444004 0.000543635 0.000668761 0.000823067 0.00101078 0.00123666 0.00150594 0.0018243 0.00219778 0.00263274 0.00313568 0.00371321 0.00437184 0.00511786 0.00595716 0.00689505 0.00793606 0.00908375 0.0103405 0.0117075 0.0131842 0.0147686 0.0164568 0.0182431 0.0201199 0.0220778 0.0241053 0.0261893 0.0283148 0.0304654 0.0326236 0.0347705 0.0368864 0.0389513 0.0409448 0.0428468 0.0446373 0.0462973 0.0478089 0.0491553 0.0503216 0.0512946 0.0520632 0.0526186 0.0529544 0.0530668 0.0529544 0.0526186 0.0520632 0.0512946 0.0503216 0.0491553 0.0478089 0.0462973 0.0446373 0.0428468 0.0409448 0.0389513 0.0368864 0.0347705 0.0326236 0.0304654 0.0283148 0.0261893 0.0241053 0.0220778 0.0201199 0.0182431 0.0164568 0.0147686 0.0131842 0.0117075 0.0103405 0.00908375 0.00793606 0.00689505 0.00595716 0.00511786 0.00437184 0.00371321 0.00313568 0.00263274 0.00219778 0.0018243 0.00150594 0.00123666 0.00101078 0.000823067 0.000668761 0.000543635 0.000444004 0.000366744 0.000309301 0.000269686 0.000246484 
0.000294901 0.000304255 0.000332657 0.00038113 0.00045138 0.000545798 0.000667455 0.0008201 0.00100815 0.00123666 0.00151131 0.00183834 0.0022245 0.00267696 0.0032032 0.00381092 0.00450784 0.00530158 0.00619944 0.00720822 0.00833398 0.00958184 0.0109557 0.0124582 0.0140903 0.015851 0.0177376 0.0197452 0.0218668 0.0240931 0.0264126 0.0288118 0.0312747 0.033784 0.0363201 0.0388623 0.0413886 0.043876 0.0463013 0.0486406 0.0508706 0.0529684 0.0549121 0.0566807 0.0582553 0.0596186 0.0607554 0.0616532 0.0623018 0.0626939 0.0628251 0.0626939 0.0623018 0.0616532 0.0607554 0.0596186 0.0582553 0.0566807 0.0549121 0.0529684 0.0508706 0.0486406 0.0463013 0.043876 0.0413886 0.0388623 0.0363201 0.033784 0.0312747 0.0288118 0.0264126 0.0240931 0.0218668 0.0197452 0.0177376 0.015851 0.0140903 0.0124582 0.0109557 0.00958184 0.00833398 0.00720822 0.00619944 0.00530158 0.00450784 0.00381092 0.0032032 0.00267696 0.0022245 0.00183834 0.00151131 0.00123666 0.00100815 0.0008201 0.000667455 0.000545798 0.00045138 0.00038113 0.000332657 0.000304255 
0.000362372 0.00037377 0.000408372 0.000467406 0.000552914 0.000667759 0.000815615 0.00100096 0.00122906 0.00150594 0.00183834 0.00223367 0.0026999 0.00324549 0.00387925 0.00461018 0.0054473 0.00639946 0.00747509 0.00868198 0.010027 0.011516 0.0131531 0.014941 0.0168805 0.0189701 0.0212062 0.0235827 0.0260908 0.0287193 0.0314545 0.03428 0.0371773 0.0401256 0.0431021 0.0460826 0.0490412 0.0519516 0.0547864 0.0575184 0.0601205 0.0625665 0.0648312 0.0668907 0.0687232 0.0703089 0.0716308 0.0726743 0.073428 0.0738836 0.074036 0.0738836 0.073428 0.0726743 0.0716308 0.0703089 0.0687232 0.0668907 0.0648312 0.0625665 0.0601205 0.0575184 0.0547864 0.0519516 0.0490412 0.0460826 0.0431021 0.0401256 0.0371773 0.03428 0.0314545 0.0287193 0.0260908 0.0235827 0.0212062 0.0189701 0.0168805 0.014941 0.0131531 0.011516 0.010027 0.00868198 0.00747509 0.00639946 0.0054473 0.00461018 0.00387925 0.00324549 0.0026999 0.00223367 0.00183834 0.00150594 0.00122906 0.00100096 0.000815615 0.000667759 0.000552914 0.000467406 0.000408372 0.00037377 
0.000442926 0.000456742 0.000498677 0.000570194 0.00067373 0.000812691 0.000991448 0.00121532 0.00149056 0.0018243 0.0022245 0.0026999 0.00325988 0.00391435 0.00467362 0.00554818 0.00654848 0.00768473 0.00896662 0.010403 0.0120017 0.013769 0.0157095 0.017826 0.0201188 0.0225857 0.0252221 0.0280202 0.0309695 0.0340565 0.0372646 0.0405746 0.0439645 0.04741 0.0508845 0.0543597 0.0578059 0.0611923 0.0644877 0.0676607 0.0706804 0.0735166 0.0761406 0.0785254 0.0806461 0.0824804 0.0840087 0.0852149 0.0860858 0.0866122 0.0867882 0.0866122 0.0860858 0.0852149 0.0840087 0.0824804 0.0806461 0.0785254 0.0761406 0.0735166 0.0706804 0.0676607 0.0644877 0.0611923 0.0578059 0.0543597 0.0508845 0.04741 0.0439645 0.0405746 0.0372646 0.0340565 0.0309695 0.0280202 0.0252221 0.0225857 0.0201188 0.017826 0.0157095 0.013769 0.0120017 0.010403 0.00896662 0.00768473 0.00654848 0.00554818 0.00467362 0.00391435 0.00325988 0.0026999 0.0022245 0.0018243 0.00149056 0.00121532 0.000991448 0.000812691 0.00067373 0.000570194 0.000498677 0.000456742 
0.000538375 0.000555029 0.00060557 0.000691731 0.0008164 0.000983611 0.00119853 0.00146745 0.00179773 0.00219778 0.00267696 0.00324549 0.00391435 0.00469511 0.00559972 0.00664033 0.00782901 0.00917744 0.0106967 0.0123967 0.0142862 0.0163722 0.0186596 0.021151 0.0238462 0.0267422 0.0298329 0.0331089 0.0365572 0.0401618 0.0439031 0.0477583 0.0517017 0.0557049 0.0597372 0.0637656 0.0677561 0.0716734 0.0754815 0.0791448 0.0826281 0.0858971 0.0889193 0.0916642 0.0941036 0.0962125 0.0979689 0.0993545 0.100355 0.100959 0.101161 0.100959 0.100355 0.0993545 0.0979689 0.0962125 0.0941036 0.0916642 0.0889193 0.0858971 0.0826281 0.0791448 0.0754815 0.0716734 0.0677561 0.0637656 0.0597372 0.0557049 0.0517017 0.0477583 0.0439031 0.0401618 0.0365572 0.0331089 0.0298329 0.0267422 0.0238462 0.021151 0.0186596 0.0163722 0.0142862 0.0123967 0.0106967 0.00917744 0.00782901 0.00664033 0.00559972 0.00469511 0.00391435 0.00324549 0.00267696 0.00219778 0.00179773 0.00146745 0.00119853 0.000983611 0.0008164 0.000691731 0.00060557 0.000555029 
0.000650661 0.000670622 0.000731187 0.0008344 0.000983661 0.00118372 0.00144065 0.00176184 0.00215593 0.00263274 0.0032032 0.00387925 0.00467362 0.00559972 0.00667136 0.0079025 0.00930694 0.010898 0.0126882 0.0146887 0.0169092 0.0193572 0.0220378 0.0249534 0.0281032 0.0314831 0.0350852 0.0388981 0.0429062 0.0470903 0.0514274 0.0558908 0.0604505 0.0650737 0.0697248 0.0743663 0.0789588 0.0834623 0.0878359 0.0920391 0.0960321 0.0997765 0.103236 0.106375 0.109163 0.111573 0.113578 0.11516 0.116302 0.116991 0.117222 0.116991 0.116302 0.11516 0.113578 0.111573 0.109163 0.106375 0.103236 0.0997765 0.0960321 0.0920391 0.0878359 0.0834623 0.0789588 0.0743663 0.0697248 0.0650737 0.0604505 0.0558908 0.0514274 0.0470903 0.0429062 0.0388981 0.0350852 0.0314831 0.0281032 0.0249534 0.0220378 0.0193572 0.0169092 0.0146887 0.0126882 0.010898 0.00930694 0.0079025 0.00667136 0.00559972 0.00467362 0.00387925 0.0032032 0.00263274 0.00215593 0.00176184 0.00144065 0.00118372 0.000983661 0.0008344 0.000731187 0.000670622 
0.000781828 0.000805615 0.000877774 0.0010007 0.00117837 0.00141635 0.00172174 0.00210315 0.00257065 0.00313568 0.00381092 0.00461018 0.00554818 0.00664033 0.0079025 0.00935061 0.0110004 0.0128669 0.0149641 0.0173045 0.0198986 0.0227545 0.0258775 0.0292695 0.0329288 0.03685 0.0410232 0.0454344 0.0500651 0.0548927 0.0598899 0.065026 0.0702662 0.0755725 0.0809044 0.0862189 0.0914714 0.0966163 0.101608 0.1064 0.110948 0.11521 0.119143 0.122711 0.125878 0.128613 0.130888 0.132682 0.133976 0.134758 0.13502 0.134758 0.133976 0.132682 0.130888 0.128613 0.125878 0.122711 0.119143 0.11521 0.110948 0.1064 0.101608 0.0966163 0.0914714 0.0862189 0.0809044 0.0755725 0.0702662 0.065026 0.0598899 0.0548927 0.0500651 0.0454344 0.0410232 0.03685 0.0329288 0.0292695 0.0258775 0.0227545 0.0198986 0.0173045 0.0149641 0.0128669 0.0110004 0.00935061 0.0079025 0.00664033 0.00554818 0.00461018 0.00381092 0.00313568 0.00257065 0.00210315 0.00172174 0.00141635 0.00117837 0.0010007 0.000877774 0.000805615 
0.000933998 0.000962179 0.00104765 0.00119321 0.00140348 0.00168493 0.00204582 0.00249612 0.00304751 0.00371321 0.00450784 0.0054473 0.00654848 0.00782901 0.00930694 0.0110004 0.0129271 0.0151039 0.0175464 0.0202684 0.0232812 0.0265935 0.0302103 0.0341332 0.0383592 0.0428812 0.047687 0.0527598 0.0580775 0.0636136 0.0693364 0.0752103 0.0811953 0.0872482 0.0933224 0.0993694 0.105339 0.111179 0.11684 0.122269 0.127416 0.132235 0.13668 0.140708 0.144281 0.147364 0.149929 0.15195 0.153408 0.154289 0.154583 0.154289 0.153408 0.15195 0.149929 0.147364 0.144281 0.140708 0.13668 0.132235 0.127416 0.122269 0.11684 0.111179 0.105339 0.0993694 0.0933224 0.0872482 0.0811953 0.0752103 0.0693364 0.0636136 0.0580775 0.0527598 0.047687 0.0428812 0.0383592 0.0341332 0.0302103 0.0265935 0.0232812 0.0202684 0.0175464 0.0151039 0.0129271 0.0110004 0.00930694 0.00782901 0.00654848 0.0054473 0.00450784 0.00371321 0.00304751 0.00249612 0.00204582 0.00168493 0.00140348 0.00119321 0.00104765 0.000962179 
0.00110933 0.00114252 0.00124319 0.00141455 0.00166196 0.0019929 0.0024169 0.00294548 0.00359207 0.00437184 0.00530158 0.00639946 0.00768473 0.00917744 0.010898 0.0128669 0.0151039 0.0176278 0.020456 0.0236033 0.0270819 0.0309009 0.035065 0.039575 0.0444266 0.0496103 0.0551116 0.06091 0.0669799 0.0732899 0.0798038 0.0864804 0.093274 0.100136 0.107012 0.11385 0.120592 0.12718 0.133558 0.139669 0.145457 0.150871 0.15586 0.160378 0.164383 0.167838 0.17071 0.172972 0.174603 0.175588 0.175917 0.175588 0.174603 0.172972 0.17071 0.167838 0.164383 0.160378 0.15586 0.150871 0.145457 0.139669 0.133558 0.12718 0.120592 0.11385 0.107012 0.100136 0.093274 0.0864804 0.0798038 0.0732899 0.0669799 0.06091 0.0551116 0.0496103 0.0444266 0.039575 0.035065 0.0309009 0.0270819 0.0236033 0.020456 0.0176278 0.0151039 0.0128669 0.010898 0.00917744 0.00768473 0.00639946 0.00530158 0.00437184 0.00359207 0.00294548 0.0024169 0.0019929 0.00166196 0.00141455 0.00124319 0.00114252 
0.00130998 0.00134886 0.00146672 0.0016673 0.00195675 0.00234365 0.00283894 0.00345584 0.0042097 0.00511786 0.00619944 0.00747509 0.00896662 0.0106967 0.0126882 0.0149641 0.0175464 0.020456 0.0237116 0.0273295 0.0313227 0.0357001 0.0404664 0.0456209 0.0511577 0.057065 0.0633249 0.0699133 0.0768001 0.083949 0.0913184 0.0988611 0.106525 0.114256 0.121993 0.129676 0.137242 0.144627 0.151768 0.158603 0.165071 0.171114 0.176678 0.181713 0.186173 0.190018 0.193212 0.195728 0.197541 0.198635 0.199001 0.198635 0.197541 0.195728 0.193212 0.190018 0.186173 0.181713 0.176678 0.171114 0.165071 0.158603 0.151768 0.144627 0.137242 0.129676 0.121993 0.114256 0.106525 0.0988611 0.0913184 0.083949 0.0768001 0.0699133 0.0633249 0.057065 0.0511577 0.0456209 0.0404664 0.0357001 0.0313227 0.0273295 0.0237116 0.020456 0.0175464 0.0149641 0.0126882 0.0106967 0.00896662 0.00747509 0.00619944 0.00511786 0.0042097 0.00345584 0.00283894 0.00234365 0.00195675 0.0016673 0.00146672 0.00134886 
0.00153806 0.00158332 0.00172055 0.00195398 0.00229067 0.00274041 0.0033157 0.00403157 0.00490549 0.00595716 0.00720822 0.00868198 0.010403 0.0123967 0.0146887 0.0173045 0.0202684 0.0236033 0.0273295 0.0314646 0.0360219 0.0410105 0.0464343 0.0522912 0.0585732 0.0652655 0.0723468 0.0797885 0.0875558 0.0956068 0.103894 0.112364 0.120958 0.129614 0.138266 0.146846 0.155285 0.163511 0.171456 0.179052 0.186232 0.192935 0.199101 0.204675 0.20961 0.213861 0.217392 0.22017 0.222172 0.223381 0.223785 0.223381 0.222172 0.22017 0.217392 0.213861 0.20961 0.204675 0.199101 0.192935 0.186232 0.179052 0.171456 0.163511 0.155285 0.146846 0.138266 0.129614 0.120958 0.112364 0.103894 0.0956068 0.0875558 0.0797885 0.0723468 0.0652655 0.0585732 0.0522912 0.0464343 0.0410105 0.0360219 0.0314646 0.0273295 0.0236033 0.0202684 0.0173045 0.0146887 0.0123967 0.010403 0.00868198 0.00720822 0.00595716 0.00490549 0.00403157 0.0033157 0.00274041 0.00229067 0.00195398 0.00172055 0.00158332 
0.00179555 0.00184797 0.00200683 0.00227696 0.00266638 0.00318622 0.00385063 0.00467667 0.00568407 0.00689505 0.00833398 0.010027 0.0120017 0.0142862 0.0169092 0.0198986 0.0232812 0.0270819 0.0313227 0.0360219 0.0411935 0.0468462 0.0529828 0.0595996 0.0666859 0.0742238 0.0821876 0.0905442 0.0992531 0.108267 0.117531 0.126985 0.136564 0.146198 0.155815 0.165338 0.174691 0.183799 0.192584 0.200972 0.208894 0.216281 0.223069 0.229202 0.234627 0.239297 0.243174 0.246223 0.24842 0.249745 0.250188 0.249745 0.24842 0.246223 0.243174 0.239297 0.234627 0.229202 0.223069 0.216281 0.208894 0.200972 0.192584 0.183799 0.174691 0.165338 0.155815 0.146198 0.136564 0.126985 0.117531 0.108267 0.0992531 0.0905442 0.0821876 0.0742238 0.0666859 0.0595996 0.0529828 0.0468462 0.0411935 0.0360219 0.0313227 0.0270819 0.0232812 0.0198986 0.0169092 0.0142862 0.0120017 0.010027 0.00833398 0.00689505 0.00568407 0.00467667 0.00385063 0.00318622 0.00266638 0.00227696 0.00200683 0.00184797 
0.0020843 0.00214465 0.00232752 0.00263837 0.00308626 0.00368375 0.00444682 0.00539464 0.00654941 0.00793606 0.00958184 0.011516 0.013769 0.0163722 0.0193572 0.0227545 0.0265935 0.0309009 0.0357001 0.0410105 0.0468462 0.0532152 0.0601192 0.0675521 0.0755004 0.0839422 0.0928472 0.102177 0.111885 0.121918 0.132213 0.142704 0.153318 0.163977 0.174602 0.185108 0.195413 0.205434 0.215088 0.224295 0.23298 0.24107 0.248498 0.255203 0.261128 0.266226 0.270455 0.27378 0.276174 0.277619 0.278102 0.277619 0.276174 0.27378 0.270455 0.266226 0.261128 0.255203 0.248498 0.24107 0.23298 0.224295 0.215088 0.205434 0.195413 0.185108 0.174602 0.163977 0.153318 0.142704 0.132213 0.121918 0.111885 0.102177 0.0928472 0.0839422 0.0755004 0.0675521 0.0601192 0.0532152 0.0468462 0.0410105 0.0357001 0.0309009 0.0265935 0.0227545 0.0193572 0.0163722 0.013769 0.011516 0.00958184 0.00793606 0.00654941 0.00539464 0.00444682 0.00368375 0.00308626 0.00263837 0.00232752 0.00214465 
0.0024059 0.00247499 0.00268433 0.00304005 0.00355233 0.00423527 0.00510678 0.00618833 0.00750472 0.00908375 0.0109557 0.0131531 0.0157095 0.0186596 0.0220378 0.0258775 0.0302103 0.035065 0.0404664 0.0464343 0.0529828 0.0601192 0.0678432 0.0761464 0.0850116 0.0944125 0.104314 0.114672 0.125432 0.136535 0.147911 0.159486 0.171178 0.182902 0.19457 0.206093 0.217379 0.228338 0.238883 0.248928 0.258391 0.267197 0.275274 0.282557 0.28899 0.29452 0.299104 0.302707 0.3053 0.306864 0.307387 0.306864 0.3053 0.302707 0.299104 0.29452 0.28899 0.282557 0.275274 0.267197 0.258391 0.248928 0.238883 0.228338 0.217379 0.206093 0.19457 0.182902 0.171178 0.159486 0.147911 0.136535 0.125432 0.114672 0.104314 0.0944125 0.0850116 0.0761464 0.0678432 0.0601192 0.0529828 0.0464343 0.0404664 0.035065 0.0302103 0.0258775 0.0220378 0.0186596 0.0157095 0.0131531 0.0109557 0.00908375 0.00750472 0.00618833 0.00510678 0.00423527 0.00355233 0.00304005 0.00268433 0.00247499 
0.00276164 0.00284032 0.00307864 0.00348347 0.00406618 0.00484251 0.00583241 0.0070598 0.00855225 0.0103405 0.0124582 0.014941 0.017826 0.021151 0.0249534 0.0292695 0.0341332 0.039575 0.0456209 0.0522912 0.0595996 0.0675521 0.0761464 0.0853708 0.0952043 0.105616 0.116564 0.127999 0.13986 0.152078 0.164577 0.177274 0.19008 0.202902 0.215643 0.228207 0.240494 0.25241 0.263859 0.274752 0.285002 0.294528 0.303258 0.311122 0.318061 0.324022 0.328961 0.33284 0.335632 0.337315 0.337877 0.337315 0.335632 0.33284 0.328961 0.324022 0.318061 0.311122 0.303258 0.294528 0.285002 0.274752 0.263859 0.25241 0.240494 0.228207 0.215643 0.202902 0.19008 0.177274 0.164577 0.152078 0.13986 0.127999 0.116564 0.105616 0.0952043 0.0853708 0.0761464 0.0675521 0.0595996 0.0522912 0.0456209 0.039575 0.0341332 0.0292695 0.0249534 0.021151 0.017826 0.014941 0.0124582 0.0103405 0.00855225 0.0070598 0.00583241 0.00484251 0.00406618 0.00348347 0.00307864 0.00284032 
0.00315246 0.00324156 0.0035114 0.00396962 0.00462884 0.00550654 0.00662484 0.00801022 0.00969312 0.0117075 0.0140903 0.0168805 0.0201188 0.0238462 0.0281032 0.0329288 0.0383592 0.0444266 0.0511577 0.0585732 0.0666859 0.0755004 0.0850116 0.0952043 0.106053 0.117521 0.129561 0.142116 0.155118 0.16849 0.182147 0.195998 0.209946 0.223889 0.237723 0.251343 0.264645 0.277525 0.289884 0.301627 0.312663 0.322909 0.332286 0.340726 0.348167 0.354554 0.359842 0.363994 0.36698 0.36878 0.369382 0.36878 0.36698 0.363994 0.359842 0.354554 0.348167 0.340726 0.332286 0.322909 0.312663 0.301627 0.289884 0.277525 0.264645 0.251343 0.237723 0.223889 0.209946 0.195998 0.182147 0.16849 0.155118 0.142116 0.129561 0.117521 0.106053 0.0952043 0.0850116 0.0755004 0.0666859 0.0585732 0.0511577 0.0444266 0.0383592 0.0329288 0.0281032 0.0238462 0.0201188 0.0168805 0.0140903 0.0117075 0.00969312 0.00801022 0.00662484 0.00550654 0.00462884 0.00396962 0.0035114 0.00324156 
0.00357887 0.00367922 0.00398311 0.00449896 0.00524074 0.00622773 0.00748432 0.00903966 0.0109272 0.0131842 0.015851 0.0189701 0.0225857 0.0267422 0.0314831 0.03685 0.0428812 0.0496103 0.057065 0.0652655 0.0742238 0.0839422 0.0944125 0.105616 0.117521 0.130086 0.143256 0.156967 0.171143 0.185699 0.200541 0.215569 0.230678 0.245756 0.260694 0.275377 0.289696 0.30354 0.316806 0.329392 0.341206 0.35216 0.362175 0.37118 0.379111 0.385914 0.391543 0.395959 0.399134 0.401048 0.401687 0.401048 0.399134 0.395959 0.391543 0.385914 0.379111 0.37118 0.362175 0.35216 0.341206 0.329392 0.316806 0.30354 0.289696 0.275377 0.260694 0.245756 0.230678 0.215569 0.200541 0.185699 0.171143 0.156967 0.143256 0.130086 0.117521 0.105616 0.0944125 0.0839422 0.0742238 0.0652655 0.057065 0.0496103 0.0428812 0.03685 0.0314831 0.0267422 0.0225857 0.0189701 0.015851 0.0131842 0.0109272 0.00903966 0.00748432 0.00622773 0.00524074 0.00449896 0.00398311 0.00367922 
0.00404085 0.00415329 0.00449369 0.00507135 0.00590159 0.00700559 0.00841012 0.0101471 0.012253 0.0147686 0.0177376 0.0212062 0.0252221 0.0298329 0.0350852 0.0410232 0.047687 0.0551116 0.0633249 0.0723468 0.0821876 0.0928472 0.104314 0.116564 0.129561 0.143256 0.157588 0.172484 0.187859 0.20362 0.219665 0.235883 0.252161 0.268381 0.284422 0.300166 0.315495 0.330293 0.344452 0.357868 0.370443 0.382088 0.392723 0.402275 0.41068 0.417884 0.423839 0.42851 0.431866 0.433888 0.434564 0.433888 0.431866 0.42851 0.423839 0.417884 0.41068 0.402275 0.392723 0.382088 0.370443 0.357868 0.344452 0.330293 0.315495 0.300166 0.284422 0.268381 0.252161 0.235883 0.219665 0.20362 0.187859 0.172484 0.157588 0.143256 0.129561 0.116564 0.104314 0.0928472 0.0821876 0.0723468 0.0633249 0.0551116 0.047687 0.0410232 0.0350852 0.0298329 0.0252221 0.0212062 0.0177376 0.0147686 0.012253 0.0101471 0.00841012 0.00700559 0.00590159 0.00507135 0.00449369 0.00415329 
0.00453788 0.00466318 0.00504249 0.00568595 0.00661033 0.00783877 0.00940045 0.0113301 0.0136676 0.0164568 0.0197452 0.0235827 0.0280202 0.0331089 0.0388981 0.0454344 0.0527598 0.06091 0.0699133 0.0797885 0.0905442 0.102177 0.114672 0.127999 0.142116 0.156967 0.172484 0.188584 0.205175 0.222154 0.239409 0.256821 0.274269 0.291624 0.308761 0.325552 0.341874 0.357608 0.372638 0.38686 0.400172 0.412484 0.423714 0.433789 0.442646 0.45023 0.456496 0.461407 0.464935 0.467059 0.467769 0.467059 0.464935 0.461407 0.456496 0.45023 0.442646 0.433789 0.423714 0.412484 0.400172 0.38686 0.372638 0.357608 0.341874 0.325552 0.308761 0.291624 0.274269 0.256821 0.239409 0.222154 0.205175 0.188584 0.172484 0.156967 0.142116 0.127999 0.114672 0.102177 0.0905442 0.0797885 0.0699133 0.06091 0.0527598 0.0454344 0.0388981 0.0331089 0.0280202 0.0235827 0.0197452 0.0164568 0.0136676 0.0113301 0.00940045 0.00783877 0.00661033 0.00568595 0.00504249 0.00466318 
0.00506879 0.00520771 0.00562817 0.00634122 0.00736508 0.00872492 0.0104524 0.0125852 0.0151662 0.0182431 0.0218668 0.0260908 0.0309695 0.0365572 0.0429062 0.0500651 0.0580775 0.0669799 0.0768001 0.0875558 0.0992531 0.111885 0.125432 0.13986 0.155118 0.171143 0.187859 0.205175 0.222989 0.241188 0.259652 0.278252 0.296858 0.315335 0.333548 0.351365 0.368655 0.385295 0.401168 0.416163 0.430181 0.443127 0.454922 0.465492 0.474774 0.482715 0.489271 0.494406 0.498092 0.500312 0.501053 0.500312 0.498092 0.494406 0.489271 0.482715 0.474774 0.465492 0.454922 0.443127 0.430181 0.416163 0.401168 0.385295 0.368655 0.351365 0.333548 0.315335 0.296858 0.278252 0.259652 0.241188 0.222989 0.205175 0.187859 0.171143 0.155118 0.13986 0.125432 0.111885 0.0992531 0.0875558 0.0768001 0.0669799 0.0580775 0.0500651 0.0429062 0.0365572 0.0309695 0.0260908 0.0218668 0.0182431 0.0151662 0.0125852 0.0104524 0.00872492 0.00736508 0.00634122 0.00562817 0.00520771 
0.0056318 0.00578503 0.00624871 0.00703482 0.00816308 0.00966068 0.0115618 0.0139071 0.0167428 0.0201199 0.0240931 0.0287193 0.0340565 0.0401618 0.0470903 0.0548927 0.0636136 0.0732899 0.083949 0.0956068 0.108267 0.121918 0.136535 0.152078 0.16849 0.185699 0.20362 0.222154 0.241188 0.260601 0.280262 0.300035 0.31978 0.339354 0.358615 0.377426 0.39565 0.413161 0.429837 0.445568 0.460251 0.473795 0.486118 0.497148 0.506824 0.515094 0.521916 0.527256 0.531089 0.533395 0.534165 0.533395 0.531089 0.527256 0.521916 0.515094 0.506824 0.497148 0.486118 0.473795 0.460251 0.445568 0.429837 0.413161 0.39565 0.377426 0.358615 0.339354 0.31978 0.300035 0.280262 0.260601 0.241188 0.222154 0.20362 0.185699 0.16849 0.152078 0.136535 0.121918 0.108267 0.0956068 0.083949 0.0732899 0.0636136 0.0548927 0.0470903 0.0401618 0.0340565 0.0287193 0.0240931 0.0201199 0.0167428 0.0139071 0.0115618 0.00966068 0.00816308 0.00703482 0.00624871 0.00578503 
0.00622447 0.00639262 0.00690138 0.00776364 0.00900065 0.0106417 0.0127234 0.0152896 0.0183895 0.0220778 0.0264126 0.0314545 0.0372646 0.0439031 0.0514274 0.0598899 0.0693364 0.0798038 0.0913184 0.103894 0.117531 0.132213 0.147911 0.164577 0.182147 0.200541 0.219665 0.239409 0.259652 0.280262 0.301101 0.322021 0.342875 0.363513 0.383786 0.40355 0.422666 0.441003 0.458439 0.47486 0.490165 0.504262 0.517071 0.528523 0.538558 0.547127 0.55419 0.559715 0.563678 0.566062 0.566858 0.566062 0.563678 0.559715 0.55419 0.547127 0.538558 0.528523 0.517071 0.504262 0.490165 0.47486 0.458439 0.441003 0.422666 0.40355 0.383786 0.363513 0.342875 0.322021 0.301101 0.280262 0.259652 0.239409 0.219665 0.200541 0.182147 0.164577 0.147911 0.132213 0.117531 0.103894 0.0913184 0.0798038 0.0693364 0.0598899 0.0514274 0.0439031 0.0372646 0.0314545 0.0264126 0.0220778 0.0183895 0.0152896 0.0127234 0.0106417 0.00900065 0.00776364 0.00690138 0.00639262 
0.00684366 0.00702725 0.00758267 0.00852374 0.00987323 0.0116625 0.0139308 0.0167246 0.0200968 0.0241053 0.0288118 0.03428 0.0405746 0.0477583 0.0558908 0.065026 0.0752103 0.0864804 0.0988611 0.112364 0.126985 0.142704 0.159486 0.177274 0.195998 0.215569 0.235883 0.256821 0.278252 0.300035 0.322021 0.344055 0.36598 0.38764 0.40888 0.429551 0.44951 0.468623 0.486766 0.503827 0.519704 0.534307 0.547558 0.55939 0.569747 0.578582 0.585857 0.591545 0.595622 0.598074 0.598893 0.598074 0.595622 0.591545 0.585857 0.578582 0.569747 0.55939 0.547558 0.534307 0.519704 0.503827 0.486766 0.468623 0.44951 0.429551 0.40888 0.38764 0.36598 0.344055 0.322021 0.300035 0.278252 0.256821 0.235883 0.215569 0.195998 0.177274 0.159486 0.142704 0.126985 0.112364 0.0988611 0.0864804 0.0752103 0.065026 0.0558908 0.0477583 0.0405746 0.03428 0.0288118 0.0241053 0.0200968 0.0167246 0.0139308 0.0116625 0.00987323 0.00852374 0.00758267 0.00702725 
0.00748556 0.00768503 0.00828839 0.0093104 0.0107753 0.0127166 0.0151761 0.0182031 0.0218537 0.0261893 0.0312747 0.0371773 0.0439645 0.0517017 0.0604505 0.0702662 0.0811953 0.093274 0.106525 0.120958 0.136564 0.153318 0.171178 0.19008 0.209946 0.230678 0.252161 0.274269 0.296858 0.31978 0.342875 0.36598 0.388931 0.411565 0.43372 0.455243 0.47599 0.495823 0.514619 0.532265 0.54866 0.563718 0.577363 0.589531 0.600169 0.609235 0.616695 0.622522 0.626697 0.629207 0.630045 0.629207 0.626697 0.622522 0.616695 0.609235 0.600169 0.589531 0.577363 0.563718 0.54866 0.532265 0.514619 0.495823 0.47599 0.455243 0.43372 0.411565 0.388931 0.36598 0.342875 0.31978 0.296858 0.274269 0.252161 0.230678 0.209946 0.19008 0.171178 0.153318 0.136564 0.120958 0.106525 0.093274 0.0811953 0.0702662 0.0604505 0.0517017 0.0439645 0.0371773 0.0312747 0.0261893 0.0218537 0.0182031 0.0151761 0.0127166 0.0107753 0.0093104 0.00828839 0.00768503 
0.00814572 0.00836138 0.00901363 0.0101181 0.0117007 0.0137967 0.0164505 0.0197145 0.0236477 0.0283148 0.033784 0.0401256 0.04741 0.0557049 0.0650737 0.0755725 0.0872482 0.100136 0.114256 0.129614 0.146198 0.163977 0.182902 0.202902 0.223889 0.245756 0.268381 0.291624 0.315335 0.339354 0.363513 0.38764 0.411565 0.435116 0.458129 0.480447 0.501921 0.522415 0.541804 0.559976 0.576834 0.592294 0.606283 0.618742 0.629622 0.638884 0.646498 0.652441 0.656697 0.659255 0.660108 0.659255 0.656697 0.652441 0.646498 0.638884 0.629622 0.618742 0.606283 0.592294 0.576834 0.559976 0.541804 0.522415 0.501921 0.480447 0.458129 0.435116 0.411565 0.38764 0.363513 0.339354 0.315335 0.291624 0.268381 0.245756 0.223889 0.202902 0.182902 0.163977 0.146198 0.129614 0.114256 0.100136 0.0872482 0.0755725 0.0650737 0.0557049 0.04741 0.0401256 0.033784 0.0283148 0.0236477 0.0197145 0.0164505 0.0137967 0.0117007 0.0101181 0.00901363 0.00836138 
0.00881907 0.00905111 0.00975279 0.0109407 0.0126421 0.0148944 0.0177444 0.0212472 0.025465 0.0304654 0.0363201 0.0431021 0.0508845 0.0597372 0.0697248 0.0809044 0.0933224 0.107012 0.121993 0.138266 0.155815 0.174602 0.19457 0.215643 0.237723 0.260694 0.284422 0.308761 0.333548 0.358615 0.383786 0.40888 0.43372 0.458129 0.481939 0.504988 0.527127 0.548218 0.568139 0.586778 0.604043 0.61985 0.634133 0.646837 0.657918 0.66734 0.675079 0.681116 0.685436 0.688031 0.688897 0.688031 0.685436 0.681116 0.675079 0.66734 0.657918 0.646837 0.634133 0.61985 0.604043 0.586778 0.568139 0.548218 0.527127 0.504988 0.481939 0.458129 0.43372 0.40888 0.383786 0.358615 0.333548 0.308761 0.284422 0.260694 0.237723 0.215643 0.19457 0.174602 0.155815 0.138266 0.121993 0.107012 0.0933224 0.0809044 0.0697248 0.0597372 0.0508845 0.0431021 0.0363201 0.0304654 0.025465 0.0212472 0.0177444 0.0148944 0.0126421 0.0109407 0.00975279 0.00905111 
0.00949997 0.00974844 0.0104997 0.0117712 0.0135917 0.0160006 0.0190469 0.0227885 0.0272905 0.0326236 0.0388623 0.0460826 0.0543597 0.0637656 0.0743663 0.0862189 0.0993694 0.11385 0.129676 0.146846 0.165338 0.185108 0.206093 0.228207 0.251343 0.275377 0.300166 0.325552 0.351365 0.377426 0.40355 0.429551 0.455243 0.480447 0.504988 0.528703 0.551442 0.573068 0.593457 0.612504 0.630117 0.646219 0.660747 0.673652 0.684893 0.694442 0.702278 0.708385 0.712753 0.715376 0.71625 0.715376 0.712753 0.708385 0.702278 0.694442 0.684893 0.673652 0.660747 0.646219 0.630117 0.612504 0.593457 0.573068 0.551442 0.528703 0.504988 0.480447 0.455243 0.429551 0.40355 0.377426 0.351365 0.325552 0.300166 0.275377 0.251343 0.228207 0.206093 0.185108 0.165338 0.146846 0.129676 0.11385 0.0993694 0.0862189 0.0743663 0.0637656 0.0543597 0.0460826 0.0388623 0.0326236 0.0272905 0.0227885 0.0190469 0.0160006 0.0135917 0.0117712 0.0104997 0.00974844 
0.0101823 0.0104471 0.0112477 0.0126023 0.0145412 0.0171054 0.0203465 0.0243249 0.0291083 0.0347705 0.0413886 0.0490412 0.0578059 0.0677561 0.0789588 0.0914714 0.105339 0.120592 0.137242 0.155285 0.174691 0.195413 0.217379 0.240494 0.264645 0.289696 0.315495 0.341874 0.368655 0.39565 0.422666 0.44951 0.47599 0.501921 0.527127 0.551442 0.574716 0.596811 0.617609 0.637004 0.65491 0.671255 0.68598 0.699042 0.710406 0.720049 0.727954 0.73411 0.738511 0.741153 0.742033 0.741153 0.738511 0.73411 0.727954 0.720049 0.710406 0.699042 0.68598 0.671255 0.65491 0.637004 0.617609 0.596811 0.574716 0.551442 0.527127 0.501921 0.47599 0.44951 0.422666 0.39565 0.368655 0.341874 0.315495 0.289696 0.264645 0.240494 0.217379 0.195413 0.174691 0.155285 0.137242 0.120592 0.105339 0.0914714 0.0789588 0.0677561 0.0578059 0.0490412 0.0413886 0.0347705 0.0291083 0.0243249 0.0203465 0.0171054 0.0145412 0.0126023 0.0112477 0.0104471 
0.0108595 0.0111404 0.0119895 0.0134261 0.0154814 0.0181986 0.0216311 0.025842 0.0309017 0.0368864 0.043876 0.0519516 0.0611923 0.0716734 0.0834623 0.0966163 0.111179 0.12718 0.144627 0.163511 0.183799 0.205434 0.228338 0.25241 0.277525 0.30354 0.330293 0.357608 0.385295 0.413161 0.441003 0.468623 0.495823 0.522415 0.548218 0.573068 0.596811 0.619315 0.64046 0.660147 0.678293 0.694831 0.709709 0.722888 0.73434 0.744046 0.751996 0.758182 0.762601 0.765252 0.766136 0.765252 0.762601 0.758182 0.751996 0.744046 0.73434 0.722888 0.709709 0.694831 0.678293 0.660147 0.64046 0.619315 0.596811 0.573068 0.548218 0.522415 0.495823 0.468623 0.441003 0.413161 0.385295 0.357608 0.330293 0.30354 0.277525 0.25241 0.228338 0.205434 0.183799 0.163511 0.144627 0.12718 0.111179 0.0966163 0.0834623 0.0716734 0.0611923 0.0519516 0.043876 0.0368864 0.0309017 0.025842 0.0216311 0.0181986 0.0154814 0.0134261 0.0119895 0.0111404 
0.0115247 0.0118213 0.0127178 0.0142342 0.0164031 0.0192692 0.0228882 0.0273253 0.0326534 0.0389513 0.0463013 0.0547864 0.0644877 0.0754815 0.0878359 0.101608 0.11684 0.133558 0.151768 0.171456 0.192584 0.215088 0.238883 0.263859 0.289884 0.316806 0.344452 0.372638 0.401168 0.429837 0.458439 0.486766 0.514619 0.541804 0.568139 0.593457 0.617609 0.64046 0.661896 0.681822 0.700159 0.716845 0.731834 0.745093 0.7566 0.766343 0.774314 0.780512 0.784937 0.787592 0.788476 0.787592 0.784937 0.780512 0.774314 0.766343 0.7566 0.745093 0.731834 0.716845 0.700159 0.681822 0.661896 0.64046 0.617609 0.593457 0.568139 0.541804 0.514619 0.486766 0.458439 0.429837 0.401168 0.372638 0.344452 0.316806 0.289884 0.263859 0.238883 0.215088 0.192584 0.171456 0.151768 0.133558 0.11684 0.101608 0.0878359 0.0754815 0.0644877 0.0547864 0.0463013 0.0389513 0.0326534 0.0273253 0.0228882 0.0192692 0.0164031 0.0142342 0.0127178 0.0118213 
0.0121709 0.0124827 0.0134249 0.0150183 0.0172967 0.0203064 0.024105 0.0287598 0.034346 0.0409448 0.0486406 0.0575184 0.0676607 0.0791448 0.0920391 0.1064 0.122269 0.139669 0.158603 0.179052 0.200972 0.224295 0.248928 0.274752 0.301627 0.329392 0.357868 0.38686 0.416163 0.445568 0.47486 0.503827 0.532265 0.559976 0.586778 0.612504 0.637004 0.660147 0.681822 0.701937 0.720419 0.737212 0.752275 0.765582 0.777117 0.786872 0.794845 0.80104 0.805461 0.808111 0.808994 0.808111 0.805461 0.80104 0.794845 0.786872 0.777117 0.765582 0.752275 0.737212 0.720419 0.701937 0.681822 0.660147 0.637004 0.612504 0.586778 0.559976 0.532265 0.503827 0.47486 0.445568 0.416163 0.38686 0.357868 0.329392 0.301627 0.274752 0.248928 0.224295 0.200972 0.179052 0.158603 0.139669 0.122269 0.1064 0.0920391 0.0791448 0.0676607 0.0575184 0.0486406 0.0409448 0.034346 0.0287598 0.024105 0.0203064 0.0172967 0.0150183 0.0134249 0.0124827 
