1.76171e-05 1.83773e-05 2.07007e-05 2.47169e-05 3.06446e-05 3.8796e-05 4.95816e-05 6.35168e-05 8.12287e-05 0.000103462 0.000131087 0.0001651 0.000206631 0.000256939 0.000317409 0.000389542 0.000474941 0.000575294 0.000692339 0.000827841 0.000983543 0.00116113 0.00136216 0.00158803 0.00183992 0.00211868 0.00242485 0.00275854 0.00311941 0.00350661 0.00391873 0.00435383 0.00480936 0.0052822 0.00576869 0.00626463 0.00676534 0.00726577 0.0077605 0.00824392 0.00871026 0.00915373 0.00956866 0.00994955 0.0102913 0.0105891 0.0108388 0.0110369 0.0111804 0.0112674 0.0112966 0.0112674 0.0111804 0.0110369 0.0108388 0.0105891 0.0102913 0.00994955 0.00956866 0.00915373 0.00871026 0.00824392 0.0077605 0.00726577 0.00676534 0.00626463 0.00576869 0.0052822 0.00480936 0.00435383 0.00391873 0.00350661 0.00311941 0.00275854 0.00242485 0.00211868 0.00183992 0.00158803 0.00136216 0.00116113 0.000983543 0.000827841 0.000692339 0.000575294 0.000474941 0.000389542 0.000317409 0.000256939 0.000206631 0.0001651 0.000131087 0.000103462 8.12287e-05 6.35168e-05 4.95816e-05 3.8796e-05 3.06446e-05 2.47169e-05 2.07007e-05 1.83773e-05 
1.83773e-05 1.91685e-05 2.15865e-05 2.57657e-05 3.1933e-05 4.04118e-05 5.16276e-05 6.61144e-05 8.45216e-05 0.00010762 0.00013631 0.000171623 0.000214725 0.000266918 0.00032963 0.000404412 0.000492916 0.00059688 0.000718094 0.000858372 0.00101951 0.00120322 0.00141113 0.00164464 0.00190496 0.00219296 0.00250918 0.00285371 0.00322619 0.00362572 0.00405085 0.00449955 0.00496919 0.00545656 0.00595786 0.00646877 0.00698449 0.0074998 0.00800915 0.00850675 0.00898668 0.00944301 0.00986989 0.0102617 0.0106132 0.0109195 0.0111763 0.01138 0.0115276 0.011617 0.011647 0.011617 0.0115276 0.01138 0.0111763 0.0109195 0.0106132 0.0102617 0.00986989 0.00944301 0.00898668 0.00850675 0.00800915 0.0074998 0.00698449 0.00646877 0.00595786 0.00545656 0.00496919 0.00449955 0.00405085 0.00362572 0.00322619 0.00285371 0.00250918 0.00219296 0.00190496 0.00164464 0.00141113 0.00120322 0.00101951 0.000858372 0.000718094 0.00059688 0.000492916 0.000404412 0.00032963 0.000266918 0.000214725 0.000171623 0.00013631 0.00010762 8.45216e-05 6.61144e-05 5.16276e-05 4.04118e-05 3.1933e-05 2.57657e-05 2.15865e-05 1.91685e-05 
2.07007e-05 2.15865e-05 2.42932e-05 2.89698e-05 3.58677e-05 4.53451e-05 5.78729e-05 7.40415e-05 9.4568e-05 0.000120303 0.000152238 0.000191508 0.000239394 0.000297324 0.000366863 0.000449703 0.00054765 0.000662593 0.00079648 0.000951274 0.00112891 0.00133125 0.00156002 0.00181673 0.00210264 0.00241867 0.00276536 0.00314276 0.00355043 0.00398734 0.00445188 0.00494179 0.00545417 0.0059855 0.00653165 0.00708789 0.00764901 0.00820935 0.00876289 0.00930337 0.00982441 0.0103196 0.0107827 0.0112075 0.0115885 0.0119204 0.0121987 0.0124193 0.0125792 0.012676 0.0127085 0.012676 0.0125792 0.0124193 0.0121987 0.0119204 0.0115885 0.0112075 0.0107827 0.0103196 0.00982441 0.00930337 0.00876289 0.00820935 0.00764901 0.00708789 0.00653165 0.0059855 0.00545417 0.00494179 0.00445188 0.00398734 0.00355043 0.00314276 0.00276536 0.00241867 0.00210264 0.00181673 0.00156002 0.00133125 0.00112891 0.000951274 0.00079648 0.000662593 0.00054765 0.000449703 0.000366863 0.000297324 0.000239394 0.000191508 0.000152238 0.000120303 9.4568e-05 7.40415e-05 5.78729e-05 4.53451e-05 3.58677e-05 2.89698e-05 2.42932e-05 2.15865e-05 
2.47169e-05 2.57657e-05 2.89698e-05 3.45032e-05 4.26593e-05 5.38558e-05 6.86413e-05 8.77026e-05 0.000111873 0.000142139 0.000179647 0.000225711 0.000281806 0.000349575 0.000430813 0.000527459 0.000641573 0.000775305 0.000930865 0.00111047 0.00131631 0.00155045 0.00181482 0.00211109 0.00244063 0.00280442 0.003203 0.00363635 0.00410388 0.00460435 0.00513586 0.00569576 0.00628071 0.00688666 0.00750887 0.00814197 0.00878004 0.00941667 0.010045 0.0106581 0.0112488 0.0118097 0.0123339 0.0128147 0.0132456 0.0136208 0.0139352 0.0141845 0.0143651 0.0144745 0.0145112 0.0144745 0.0143651 0.0141845 0.0139352 0.0136208 0.0132456 0.0128147 0.0123339 0.0118097 0.0112488 0.0106581 0.010045 0.00941667 0.00878004 0.00814197 0.00750887 0.00688666 0.00628071 0.00569576 0.00513586 0.00460435 0.00410388 0.00363635 0.003203 0.00280442 0.00244063 0.00211109 0.00181482 0.00155045 0.00131631 0.00111047 0.000930865 0.000775305 0.000641573 0.000527459 0.000430813 0.000349575 0.000281806 0.000225711 0.000179647 0.000142139 0.000111873 8.77026e-05 6.86413e-05 5.38558e-05 4.26593e-05 3.45032e-05 2.89698e-05 2.57657e-05 
3.06446e-05 3.1933e-05 3.58677e-05 4.26593e-05 5.26623e-05 6.63811e-05 8.44774e-05 0.000107778 0.000137285 0.000174182 0.000219843 0.000275834 0.000343917 0.000426043 0.000524341 0.000641102 0.000778751 0.000939815 0.00112688 0.00134252 0.00158927 0.00186953 0.00218548 0.00253903 0.00293168 0.00336451 0.00383803 0.00435212 0.00490599 0.00549807 0.00612601 0.00678664 0.00747595 0.00818913 0.00892058 0.00966401 0.0104125 0.0111584 0.0118941 0.0126111 0.0133014 0.0139564 0.0145681 0.0151288 0.015631 0.0160681 0.0164343 0.0167244 0.0169346 0.017062 0.0171046 0.017062 0.0169346 0.0167244 0.0164343 0.0160681 0.015631 0.0151288 0.0145681 0.0139564 0.0133014 0.0126111 0.0118941 0.0111584 0.0104125 0.00966401 0.00892058 0.00818913 0.00747595 0.00678664 0.00612601 0.00549807 0.00490599 0.00435212 0.00383803 0.00336451 0.00293168 0.00253903 0.00218548 0.00186953 0.00158927 0.00134252 0.00112688 0.000939815 0.000778751 0.000641102 0.000524341 0.000426043 0.000343917 0.000275834 0.000219843 0.000174182 0.000137285 0.000107778 8.44774e-05 6.63811e-05 5.26623e-05 4.26593e-05 3.58677e-05 3.1933e-05 
3.8796e-05 4.04118e-05 4.53451e-05 5.38558e-05 6.63811e-05 8.35427e-05 0.000106155 0.000135234 0.000172008 0.000217927 0.000274669 0.000344144 0.000428492 0.000530078 0.000651476 0.000795447 0.000964903 0.00116287 0.00139241 0.00165661 0.00195844 0.0023007 0.00268594 0.00311633 0.00359359 0.00411887 0.00469266 0.00531467 0.00598381 0.00669809 0.00745455 0.00824929 0.00907744 0.00993314 0.0108097 0.0116995 0.0125943 0.0134852 0.0143628 0.0152175 0.0160394 0.0168188 0.0175461 0.0182122 0.0188086 0.0193274 0.0197618 0.0201059 0.0203551 0.020506 0.0205565 0.020506 0.0203551 0.0201059 0.0197618 0.0193274 0.0188086 0.0182122 0.0175461 0.0168188 0.0160394 0.0152175 0.0143628 0.0134852 0.0125943 0.0116995 0.0108097 0.00993314 0.00907744 0.00824929 0.00745455 0.00669809 0.00598381 0.00531467 0.00469266 0.00411887 0.00359359 0.00311633 0.00268594 0.0023007 0.00195844 0.00165661 0.00139241 0.00116287 0.000964903 0.000795447 0.000651476 0.000530078 0.000428492 0.000344144 0.000274669 0.000217927 0.000172008 0.000135234 0.000106155 8.35427e-05 6.63811e-05 5.38558e-05 4.53451e-05 4.04118e-05 
4.95816e-05 5.16276e-05 5.78729e-05 6.86413e-05 8.44774e-05 0.000106155 0.000134685 0.00017133 0.000217612 0.000275321 0.000346529 0.000433586 0.000539119 0.000666023 0.00081744 0.000996728 0.00120742 0.00145316 0.00173766 0.00206457 0.00243745 0.00285961 0.00333403 0.00386322 0.00444912 0.00509296 0.00579517 0.00655526 0.00737172 0.00824198 0.00916232 0.0101279 0.0111327 0.0121695 0.0132303 0.0143058 0.0153861 0.0164605 0.0175177 0.0185463 0.0195346 0.020471 0.0213441 0.0221432 0.0228581 0.0234798 0.0240001 0.0244121 0.0247104 0.024891 0.0249515 0.024891 0.0247104 0.0244121 0.0240001 0.0234798 0.0228581 0.0221432 0.0213441 0.020471 0.0195346 0.0185463 0.0175177 0.0164605 0.0153861 0.0143058 0.0132303 0.0121695 0.0111327 0.0101279 0.00916232 0.00824198 0.00737172 0.00655526 0.00579517 0.00509296 0.00444912 0.00386322 0.00333403 0.00285961 0.00243745 0.00206457 0.00173766 0.00145316 0.00120742 0.000996728 0.00081744 0.000666023 0.000539119 0.000433586 0.000346529 0.000275321 0.000217612 0.00017133 0.000134685 0.000106155 8.44774e-05 6.86413e-05 5.78729e-05 5.16276e-05 
6.35168e-05 6.61144e-05 7.40415e-05 8.77026e-05 0.000107778 0.000135234 0.00017133 0.000217638 0.000276048 0.000348781 0.0004384 0.000547805 0.000680232 0.000839236 0.00102866 0.00125261 0.00151537 0.00182137 0.00217507 0.00258086 0.00304299 0.00356536 0.00415147 0.00480424 0.00552583 0.00631756 0.00717976 0.00811161 0.0091111 0.0101749 0.0112983 0.0124753 0.0136984 0.0149589 0.0162468 0.017551 0.0188595 0.0201594 0.0214373 0.0226793 0.0238715 0.0250001 0.0260516 0.0270134 0.0278733 0.0286207 0.0292459 0.0297408 0.030099 0.0303159 0.0303885 0.0303159 0.030099 0.0297408 0.0292459 0.0286207 0.0278733 0.0270134 0.0260516 0.0250001 0.0238715 0.0226793 0.0214373 0.0201594 0.0188595 0.017551 0.0162468 0.0149589 0.0136984 0.0124753 0.0112983 0.0101749 0.0091111 0.00811161 0.00717976 0.00631756 0.00552583 0.00480424 0.00415147 0.00356536 0.00304299 0.00258086 0.00217507 0.00182137 0.00151537 0.00125261 0.00102866 0.000839236 0.000680232 0.000547805 0.0004384 0.000348781 0.000276048 0.000217638 0.00017133 0.000135234 0.000107778 8.77026e-05 7.40415e-05 6.61144e-05 
8.12287e-05 8.45216e-05 9.4568e-05 0.000111873 0.000137285 0.000172008 0.000217612 0.000276048 0.000349662 0.000441207 0.000553847 0.000691161 0.000857127 0.0010561 0.0012928 0.0015722 0.00189952 0.00228012 0.00271936 0.00322252 0.00379464 0.00444034 0.0051637 0.00596807 0.00685589 0.00782852 0.00888611 0.0100274 0.0112498 0.0125489 0.0139189 0.0153522 0.0168397 0.0183706 0.0199328 0.021513 0.0230964 0.0246676 0.0262106 0.0277088 0.0291456 0.0305045 0.0317698 0.0329261 0.0339595 0.034857 0.0356075 0.0362014 0.0366311 0.0368912 0.0369783 0.0368912 0.0366311 0.0362014 0.0356075 0.034857 0.0339595 0.0329261 0.0317698 0.0305045 0.0291456 0.0277088 0.0262106 0.0246676 0.0230964 0.021513 0.0199328 0.0183706 0.0168397 0.0153522 0.0139189 0.0125489 0.0112498 0.0100274 0.00888611 0.00782852 0.00685589 0.00596807 0.0051637 0.00444034 0.00379464 0.00322252 0.00271936 0.00228012 0.00189952 0.0015722 0.0012928 0.0010561 0.000857127 0.000691161 0.000553847 0.000441207 0.000349662 0.000276048 0.000217612 0.000172008 0.000137285 0.000111873 9.4568e-05 8.45216e-05 
0.000103462 0.00010762 0.000120303 0.000142139 0.000174182 0.000217927 0.000275321 0.000348781 0.000441207 0.000555994 0.00069704 0.000868739 0.00107597 0.00132405 0.00161871 0.00196603 0.00237229 0.00284396 0.00338747 0.0040091 0.00471484 0.00551012 0.00639967 0.00738733 0.00847577 0.00966638 0.010959 0.0123519 0.0138416 0.0154224 0.0170871 0.0188263 0.0206288 0.0224816 0.0243698 0.0262772 0.0281864 0.0300788 0.0319351 0.0337358 0.035461 0.0370914 0.0386082 0.0399934 0.0412305 0.0423045 0.043202 0.0439121 0.0444257 0.0447365 0.0448406 0.0447365 0.0444257 0.0439121 0.043202 0.0423045 0.0412305 0.0399934 0.0386082 0.0370914 0.035461 0.0337358 0.0319351 0.0300788 0.0281864 0.0262772 0.0243698 0.0224816 0.0206288 0.0188263 0.0170871 0.0154224 0.0138416 0.0123519 0.010959 0.00966638 0.00847577 0.00738733 0.00639967 0.00551012 0.00471484 0.0040091 0.00338747 0.00284396 0.00237229 0.00196603 0.00161871 0.00132405 0.00107597 0.000868739 0.00069704 0.000555994 0.000441207 0.000348781 0.000275321 0.000217927 0.000174182 0.000142139 0.000120303 0.00010762 
0.000131087 0.00013631 0.000152238 0.000179647 0.000219843 0.000274669 0.000346529 0.0004384 0.000553847 0.00069704 0.000872751 0.00108635 0.00134378 0.00165151 0.00201648 0.00244602 0.00294771 0.00352927 0.00419838 0.00496251 0.00582867 0.00680322 0.00789161 0.00909816 0.0104258 0.0118758 0.0134478 0.0151391 0.0169451 0.0188589 0.0208714 0.022971 0.025144 0.0273745 0.0296449 0.0319355 0.0342255 0.0364927 0.0387143 0.0408671 0.0429278 0.0448735 0.0466822 0.0483327 0.0498059 0.051084 0.0521517 0.0529961 0.0536067 0.0539761 0.0540997 0.0539761 0.0536067 0.0529961 0.0521517 0.051084 0.0498059 0.0483327 0.0466822 0.0448735 0.0429278 0.0408671 0.0387143 0.0364927 0.0342255 0.0319355 0.0296449 0.0273745 0.025144 0.022971 0.0208714 0.0188589 0.0169451 0.0151391 0.0134478 0.0118758 0.0104258 0.00909816 0.00789161 0.00680322 0.00582867 0.00496251 0.00419838 0.00352927 0.00294771 0.00244602 0.00201648 0.00165151 0.00134378 0.00108635 0.000872751 0.00069704 0.000553847 0.0004384 0.000346529 0.000274669 0.000219843 0.000179647 0.000152238 0.00013631 
0.0001651 0.000171623 0.000191508 0.000225711 0.000275834 0.000344144 0.000433586 0.000547805 0.000691161 0.000868739 0.00108635 0.00135051 0.00166843 0.00204791 0.00249731 0.00302542 0.00364131 0.00435416 0.00517307 0.00610682 0.0071636 0.00835078 0.00967458 0.0111398 0.0127496 0.0145051 0.0164052 0.0184465 0.020623 0.0229261 0.0253442 0.0278635 0.0304672 0.0331363 0.0358494 0.0385832 0.041313 0.0440124 0.0466547 0.0492125 0.0516584 0.0539658 0.0561089 0.0580632 0.0598063 0.0613178 0.0625799 0.0635775 0.0642988 0.064735 0.064881 0.064735 0.0642988 0.0635775 0.0625799 0.0613178 0.0598063 0.0580632 0.0561089 0.0539658 0.0516584 0.0492125 0.0466547 0.0440124 0.041313 0.0385832 0.0358494 0.0331363 0.0304672 0.0278635 0.0253442 0.0229261 0.020623 0.0184465 0.0164052 0.0145051 0.0127496 0.0111398 0.00967458 0.00835078 0.0071636 0.00610682 0.00517307 0.00435416 0.00364131 0.00302542 0.00249731 0.00204791 0.00166843 0.00135051 0.00108635 0.000868739 0.000691161 0.000547805 0.000433586 0.000344144 0.000275834 0.000225711 0.000191508 0.000171623 
0.000206631 0.000214725 0.000239394 0.000281806 0.000343917 0.000428492 0.000539119 0.000680232 0.000857127 0.00107597 0.00134378 0.00166843 0.00205857 0.00252359 0.00307348 0.0037187 0.00447002 0.00533828 0.00633419 0.00746798 0.00874916 0.0101862 0.011786 0.013554 0.0154934 0.017605 0.019887 0.0223348 0.0249407 0.027694 0.0305806 0.0335836 0.0366828 0.0398553 0.0430759 0.0463169 0.0495489 0.0527414 0.0558626 0.0588808 0.0617642 0.0644817 0.0670035 0.0693016 0.0713498 0.0731249 0.0746062 0.0757768 0.0766228 0.0771345 0.0773057 0.0771345 0.0766228 0.0757768 0.0746062 0.0731249 0.0713498 0.0693016 0.0670035 0.0644817 0.0617642 0.0588808 0.0558626 0.0527414 0.0495489 0.0463169 0.0430759 0.0398553 0.0366828 0.0335836 0.0305806 0.027694 0.0249407 0.0223348 0.019887 0.017605 0.0154934 0.013554 0.011786 0.0101862 0.00874916 0.00746798 0.00633419 0.00533828 0.00447002 0.0037187 0.00307348 0.00252359 0.00205857 0.00166843 0.00134378 0.00107597 0.000857127 0.000680232 0.000539119 0.000428492 0.000343917 0.000281806 0.000239394 0.000214725 
0.000256939 0.000266918 0.000297324 0.000349575 0.000426043 0.000530078 0.000666023 0.000839236 0.0010561 0.00132405 0.00165151 0.00204791 0.00252359 0.00308973 0.0037582 0.00454137 0.00545192 0.00650257 0.00770579 0.00907345 0.0106164 0.0123444 0.014265 0.0163842 0.018705 0.021228 0.0239502 0.0268657 0.0299646 0.0332338 0.0366561 0.040211 0.0438745 0.0476194 0.0514157 0.055231 0.0590309 0.0627797 0.0664405 0.0699766 0.0733513 0.0765288 0.079475 0.0821576 0.0845469 0.0866163 0.0883424 0.0897058 0.0906909 0.0912865 0.0914858 0.0912865 0.0906909 0.0897058 0.0883424 0.0866163 0.0845469 0.0821576 0.079475 0.0765288 0.0733513 0.0699766 0.0664405 0.0627797 0.0590309 0.055231 0.0514157 0.0476194 0.0438745 0.040211 0.0366561 0.0332338 0.0299646 0.0268657 0.0239502 0.021228 0.018705 0.0163842 0.014265 0.0123444 0.0106164 0.00907345 0.00770579 0.00650257 0.00545192 0.00454137 0.0037582 0.00308973 0.00252359 0.00204791 0.00165151 0.00132405 0.0010561 0.000839236 0.000666023 0.000530078 0.000426043 0.000349575 0.000297324 0.000266918 
0.000317409 0.00032963 0.000366863 0.000430813 0.000524341 0.000651476 0.00081744 0.00102866 0.0012928 0.00161871 0.00201648 0.00249731 0.00307348 0.0037582 0.00456546 0.00550979 0.00660602 0.00786894 0.00931297 0.0109517 0.0127976 0.0148614 0.0171518 0.0196747 0.0224332 0.0254271 0.0286523 0.0321009 0.0357607 0.0396155 0.0436446 0.0478234 0.0521235 0.0565127 0.0609559 0.0654151 0.0698506 0.0742207 0.0784833 0.0825959 0.0865166 0.0902047 0.0936211 0.0967293 0.0994958 0.10189 0.103887 0.105463 0.106601 0.107289 0.107519 0.107289 0.106601 0.105463 0.103887 0.10189 0.0994958 0.0967293 0.0936211 0.0902047 0.0865166 0.0825959 0.0784833 0.0742207 0.0698506 0.0654151 0.0609559 0.0565127 0.0521235 0.0478234 0.0436446 0.0396155 0.0357607 0.0321009 0.0286523 0.0254271 0.0224332 0.0196747 0.0171518 0.0148614 0.0127976 0.0109517 0.00931297 0.00786894 0.00660602 0.00550979 0.00456546 0.0037582 0.00307348 0.00249731 0.00201648 0.00161871 0.0012928 0.00102866 0.00081744 0.000651476 0.000524341 0.000430813 0.000366863 0.00032963 
0.000389542 0.000404412 0.000449703 0.000527459 0.000641102 0.000795447 0.000996728 0.00125261 0.0015722 0.00196603 0.00244602 0.00302542 0.0037187 0.00454137 0.00550979 0.00664091 0.00795191 0.00945989 0.0111814 0.0131318 0.0153253 0.0177736 0.0204863 0.0234695 0.0267259 0.0302544 0.0340492 0.0381003 0.0423925 0.046906 0.0516162 0.0564939 0.0615053 0.066613 0.0717759 0.0769502 0.0820899 0.0871473 0.0920741 0.096822 0.101343 0.105592 0.109524 0.113099 0.116278 0.119027 0.121318 0.123126 0.124432 0.125221 0.125485 0.125221 0.124432 0.123126 0.121318 0.119027 0.116278 0.113099 0.109524 0.105592 0.101343 0.096822 0.0920741 0.0871473 0.0820899 0.0769502 0.0717759 0.066613 0.0615053 0.0564939 0.0516162 0.046906 0.0423925 0.0381003 0.0340492 0.0302544 0.0267259 0.0234695 0.0204863 0.0177736 0.0153253 0.0131318 0.0111814 0.00945989 0.00795191 0.00664091 0.00550979 0.00454137 0.0037187 0.00302542 0.00244602 0.00196603 0.0015722 0.00125261 0.000996728 0.000795447 0.000641102 0.000527459 0.000449703 0.000404412 
0.000474941 0.000492916 0.00054765 0.000641573 0.000778751 0.000964903 0.00120742 0.00151537 0.00189952 0.00237229 0.00294771 0.00364131 0.00447002 0.00545192 0.00660602 0.00795191 0.0095094 0.011298 0.0133366 0.0156426 0.0182315 0.0211166 0.0243078 0.0278113 0.0316294 0.0357595 0.040194 0.0449199 0.0499189 0.0551669 0.0606348 0.066288 0.0720871 0.0779884 0.0839447 0.0899054 0.0958178 0.101628 0.107281 0.112721 0.117897 0.122755 0.127246 0.131326 0.134951 0.138085 0.140695 0.142753 0.144239 0.145136 0.145437 0.145136 0.144239 0.142753 0.140695 0.138085 0.134951 0.131326 0.127246 0.122755 0.117897 0.112721 0.107281 0.101628 0.0958178 0.0899054 0.0839447 0.0779884 0.0720871 0.066288 0.0606348 0.0551669 0.0499189 0.0449199 0.040194 0.0357595 0.0316294 0.0278113 0.0243078 0.0211166 0.0182315 0.0156426 0.0133366 0.011298 0.0095094 0.00795191 0.00660602 0.00545192 0.00447002 0.00364131 0.00294771 0.00237229 0.00189952 0.00151537 0.00120742 0.000964903 0.000778751 0.000641573 0.00054765 0.000492916 
0.000575294 0.00059688 0.000662593 0.000775305 0.000939815 0.00116287 0.00145316 0.00182137 0.00228012 0.00284396 0.00352927 0.00435416 0.00533828 0.00650257 0.00786894 0.00945989 0.011298 0.0134056 0.0158037 0.0185119 0.0215474 0.0249244 0.0286533 0.0327404 0.0371868 0.0419882 0.0471348 0.0526102 0.0583922 0.0644522 0.0707554 0.0772614 0.0839246 0.0906946 0.097517 0.104334 0.111087 0.117713 0.124151 0.13034 0.13622 0.141733 0.146826 0.151446 0.15555 0.159094 0.162043 0.164369 0.166047 0.167061 0.1674 0.167061 0.166047 0.164369 0.162043 0.159094 0.15555 0.151446 0.146826 0.141733 0.13622 0.13034 0.124151 0.117713 0.111087 0.104334 0.097517 0.0906946 0.0839246 0.0772614 0.0707554 0.0644522 0.0583922 0.0526102 0.0471348 0.0419882 0.0371868 0.0327404 0.0286533 0.0249244 0.0215474 0.0185119 0.0158037 0.0134056 0.011298 0.00945989 0.00786894 0.00650257 0.00533828 0.00435416 0.00352927 0.00284396 0.00228012 0.00182137 0.00145316 0.00116287 0.000939815 0.000775305 0.000662593 0.00059688 
0.000692339 0.000718094 0.00079648 0.000930865 0.00112688 0.00139241 0.00173766 0.00217507 0.00271936 0.00338747 0.00419838 0.00517307 0.00633419 0.00770579 0.00931297 0.0111814 0.0133366 0.0158037 0.0186063 0.021766 0.0253016 0.0292283 0.0335568 0.0382928 0.0434362 0.0489807 0.0549134 0.0612142 0.0678562 0.0748056 0.0820215 0.0894572 0.0970598 0.104772 0.112531 0.120272 0.127928 0.13543 0.142709 0.149698 0.156329 0.16254 0.168271 0.173466 0.178075 0.182053 0.185362 0.18797 0.18985 0.190986 0.191366 0.190986 0.18985 0.18797 0.185362 0.182053 0.178075 0.173466 0.168271 0.16254 0.156329 0.149698 0.142709 0.13543 0.127928 0.120272 0.112531 0.104772 0.0970598 0.0894572 0.0820215 0.0748056 0.0678562 0.0612142 0.0549134 0.0489807 0.0434362 0.0382928 0.0335568 0.0292283 0.0253016 0.021766 0.0186063 0.0158037 0.0133366 0.0111814 0.00931297 0.00770579 0.00633419 0.00517307 0.00419838 0.00338747 0.00271936 0.00217507 0.00173766 0.00139241 0.00112688 0.000930865 0.00079648 0.000718094 
0.000827841 0.000858372 0.000951274 0.00111047 0.00134252 0.00165661 0.00206457 0.00258086 0.00322252 0.0040091 0.00496251 0.00610682 0.00746798 0.00907345 0.0109517 0.0131318 0.0156426 0.0185119 0.021766 0.0254286 0.0295199 0.0340559 0.0390474 0.0444993 0.0504097 0.0567698 0.063563 0.070765 0.0783436 0.0862588 0.0944634 0.102903 0.111518 0.120241 0.129004 0.137733 0.146352 0.154785 0.162956 0.17079 0.178214 0.18516 0.191561 0.197358 0.202497 0.206929 0.210613 0.213514 0.215606 0.216869 0.217291 0.216869 0.215606 0.213514 0.210613 0.206929 0.202497 0.197358 0.191561 0.18516 0.178214 0.17079 0.162956 0.154785 0.146352 0.137733 0.129004 0.120241 0.111518 0.102903 0.0944634 0.0862588 0.0783436 0.070765 0.063563 0.0567698 0.0504097 0.0444993 0.0390474 0.0340559 0.0295199 0.0254286 0.021766 0.0185119 0.0156426 0.0131318 0.0109517 0.00907345 0.00746798 0.00610682 0.00496251 0.0040091 0.00322252 0.00258086 0.00206457 0.00165661 0.00134252 0.00111047 0.000951274 0.000858372 
0.000983543 0.00101951 0.00112891 0.00131631 0.00158927 0.00195844 0.00243745 0.00304299 0.00379464 0.00471484 0.00582867 0.0071636 0.00874916 0.0106164 0.0127976 0.0153253 0.0182315 0.0215474 0.0253016 0.0295199 0.0342239 0.0394301 0.0451489 0.0513841 0.0581317 0.0653795 0.0731069 0.0812846 0.0898743 0.0988294 0.108095 0.11761 0.127304 0.137104 0.146932 0.156705 0.166341 0.175754 0.18486 0.193579 0.201831 0.209542 0.21664 0.223061 0.228748 0.233649 0.23772 0.240925 0.243234 0.244628 0.245094 0.244628 0.243234 0.240925 0.23772 0.233649 0.228748 0.223061 0.21664 0.209542 0.201831 0.193579 0.18486 0.175754 0.166341 0.156705 0.146932 0.137104 0.127304 0.11761 0.108095 0.0988294 0.0898743 0.0812846 0.0731069 0.0653795 0.0581317 0.0513841 0.0451489 0.0394301 0.0342239 0.0295199 0.0253016 0.0215474 0.0182315 0.0153253 0.0127976 0.0106164 0.00874916 0.0071636 0.00582867 0.00471484 0.00379464 0.00304299 0.00243745 0.00195844 0.00158927 0.00131631 0.00112891 0.00101951 
0.00116113 0.00120322 0.00133125 0.00155045 0.00186953 0.0023007 0.00285961 0.00356536 0.00444034 0.00551012 0.00680322 0.00835078 0.0101862 0.0123444 0.0148614 0.0177736 0.0211166 0.0249244 0.0292283 0.0340559 0.0394301 0.0453675 0.0518779 0.0589634 0.0666172 0.0748235 0.0835567 0.0927817 0.102454 0.112519 0.122914 0.133568 0.144405 0.15534 0.166287 0.177155 0.187852 0.198285 0.208364 0.217999 0.227106 0.235603 0.243418 0.250479 0.256727 0.262107 0.266572 0.270085 0.272616 0.274143 0.274653 0.274143 0.272616 0.270085 0.266572 0.262107 0.256727 0.250479 0.243418 0.235603 0.227106 0.217999 0.208364 0.198285 0.187852 0.177155 0.166287 0.15534 0.144405 0.133568 0.122914 0.112519 0.102454 0.0927817 0.0835567 0.0748235 0.0666172 0.0589634 0.0518779 0.0453675 0.0394301 0.0340559 0.0292283 0.0249244 0.0211166 0.0177736 0.0148614 0.0123444 0.0101862 0.00835078 0.00680322 0.00551012 0.00444034 0.00356536 0.00285961 0.0023007 0.00186953 0.00155045 0.00133125 0.00120322 
0.00136216 0.00141113 0.00156002 0.00181482 0.00218548 0.00268594 0.00333403 0.00415147 0.0051637 0.00639967 0.00789161 0.00967458 0.011786 0.014265 0.0171518 0.0204863 0.0243078 0.0286533 0.0335568 0.0390474 0.0451489 0.0518779 0.0592431 0.0672442 0.0758712 0.0851038 0.0949109 0.105251 0.116071 0.12731 0.138896 0.150749 0.162782 0.174903 0.187015 0.199019 0.210813 0.222298 0.233375 0.243949 0.253928 0.263228 0.271769 0.279479 0.286294 0.292156 0.297019 0.300842 0.303595 0.305255 0.30581 0.305255 0.303595 0.300842 0.297019 0.292156 0.286294 0.279479 0.271769 0.263228 0.253928 0.243949 0.233375 0.222298 0.210813 0.199019 0.187015 0.174903 0.162782 0.150749 0.138896 0.12731 0.116071 0.105251 0.0949109 0.0851038 0.0758712 0.0672442 0.0592431 0.0518779 0.0451489 0.0390474 0.0335568 0.0286533 0.0243078 0.0204863 0.0171518 0.014265 0.011786 0.00967458 0.00789161 0.00639967 0.0051637 0.00415147 0.00333403 0.00268594 0.00218548 0.00181482 0.00156002 0.00141113 
0.00158803 0.00164464 0.00181673 0.00211109 0.00253903 0.00311633 0.00386322 0.00480424 0.00596807 0.00738733 0.00909816 0.0111398 0.013554 0.0163842 0.0196747 0.0234695 0.0278113 0.0327404 0.0382928 0.0444993 0.0513841 0.0589634 0.0672442 0.0762235 0.0858871 0.0962097 0.107154 0.118671 0.1307 0.14317 0.156 0.169102 0.182377 0.195725 0.209038 0.222208 0.235126 0.247683 0.259775 0.271299 0.282159 0.292266 0.301536 0.309894 0.317274 0.323617 0.328874 0.333005 0.335978 0.337771 0.33837 0.337771 0.335978 0.333005 0.328874 0.323617 0.317274 0.309894 0.301536 0.292266 0.282159 0.271299 0.259775 0.247683 0.235126 0.222208 0.209038 0.195725 0.182377 0.169102 0.156 0.14317 0.1307 0.118671 0.107154 0.0962097 0.0858871 0.0762235 0.0672442 0.0589634 0.0513841 0.0444993 0.0382928 0.0327404 0.0278113 0.0234695 0.0196747 0.0163842 0.013554 0.0111398 0.00909816 0.00738733 0.00596807 0.00480424 0.00386322 0.00311633 0.00253903 0.00211109 0.00181673 0.00164464 
0.00183992 0.00190496 0.00210264 0.00244063 0.00293168 0.00359359 0.00444912 0.00552583 0.00685589 0.00847577 0.0104258 0.0127496 0.0154934 0.018705 0.0224332 0.0267259 0.0316294 0.0371868 0.0434362 0.0504097 0.0581317 0.0666172 0.0758712 0.0858871 0.0966462 0.108117 0.120255 0.133004 0.146294 0.160044 0.174164 0.188554 0.203107 0.217711 0.23225 0.246606 0.260662 0.274301 0.287412 0.299888 0.311627 0.322535 0.332527 0.341526 0.349462 0.356277 0.361921 0.366353 0.36954 0.371462 0.372104 0.371462 0.36954 0.366353 0.361921 0.356277 0.349462 0.341526 0.332527 0.322535 0.311627 0.299888 0.287412 0.274301 0.260662 0.246606 0.23225 0.217711 0.203107 0.188554 0.174164 0.160044 0.146294 0.133004 0.120255 0.108117 0.0966462 0.0858871 0.0758712 0.0666172 0.0581317 0.0504097 0.0434362 0.0371868 0.0316294 0.0267259 0.0224332 0.018705 0.0154934 0.0127496 0.0104258 0.00847577 0.00685589 0.00552583 0.00444912 0.00359359 0.00293168 0.00244063 0.00210264 0.00190496 
0.00211868 0.00219296 0.00241867 0.00280442 0.00336451 0.00411887 0.00509296 0.00631756 0.00782852 0.00966638 0.0118758 0.0145051 0.017605 0.021228 0.0254271 0.0302544 0.0357595 0.0419882 0.0489807 0.0567698 0.0653795 0.0748235 0.0851038 0.0962097 0.108117 0.120788 0.134169 0.148197 0.16279 0.17786 0.193304 0.209012 0.224867 0.240746 0.256524 0.272073 0.287269 0.301987 0.316111 0.329528 0.342133 0.353828 0.364526 0.374148 0.382625 0.389897 0.395913 0.400634 0.404029 0.406074 0.406758 0.406074 0.404029 0.400634 0.395913 0.389897 0.382625 0.374148 0.364526 0.353828 0.342133 0.329528 0.316111 0.301987 0.287269 0.272073 0.256524 0.240746 0.224867 0.209012 0.193304 0.17786 0.16279 0.148197 0.134169 0.120788 0.108117 0.0962097 0.0851038 0.0748235 0.0653795 0.0567698 0.0489807 0.0419882 0.0357595 0.0302544 0.0254271 0.021228 0.017605 0.0145051 0.0118758 0.00966638 0.00782852 0.00631756 0.00509296 0.00411887 0.00336451 0.00280442 0.00241867 0.00219296 
0.00242485 0.00250918 0.00276536 0.003203 0.00383803 0.00469266 0.00579517 0.00717976 0.00888611 0.010959 0.0134478 0.0164052 0.019887 0.0239502 0.0286523 0.0340492 0.040194 0.0471348 0.0549134 0.063563 0.0731069 0.0835567 0.0949109 0.107154 0.120255 0.134169 0.148836 0.164179 0.18011 0.196528 0.213319 0.230363 0.247532 0.264692 0.281708 0.298446 0.314771 0.330555 0.345673 0.36001 0.373456 0.385913 0.397292 0.407512 0.416505 0.424212 0.430583 0.435578 0.439168 0.44133 0.442052 0.44133 0.439168 0.435578 0.430583 0.424212 0.416505 0.407512 0.397292 0.385913 0.373456 0.36001 0.345673 0.330555 0.314771 0.298446 0.281708 0.264692 0.247532 0.230363 0.213319 0.196528 0.18011 0.164179 0.148836 0.134169 0.120255 0.107154 0.0949109 0.0835567 0.0731069 0.063563 0.0549134 0.0471348 0.040194 0.0340492 0.0286523 0.0239502 0.019887 0.0164052 0.0134478 0.010959 0.00888611 0.00717976 0.00579517 0.00469266 0.00383803 0.003203 0.00276536 0.00250918 
0.00275854 0.00285371 0.00314276 0.00363635 0.00435212 0.00531467 0.00655526 0.00811161 0.0100274 0.0123519 0.0151391 0.0184465 0.0223348 0.0268657 0.0321009 0.0381003 0.0449199 0.0526102 0.0612142 0.070765 0.0812846 0.0927817 0.105251 0.118671 0.133004 0.148197 0.164179 0.180866 0.198157 0.215939 0.23409 0.252475 0.270956 0.289391 0.307634 0.325542 0.342975 0.359797 0.375879 0.391103 0.405357 0.418541 0.430565 0.441351 0.450829 0.458943 0.465645 0.470895 0.474666 0.476937 0.477695 0.476937 0.474666 0.470895 0.465645 0.458943 0.450829 0.441351 0.430565 0.418541 0.405357 0.391103 0.375879 0.359797 0.342975 0.325542 0.307634 0.289391 0.270956 0.252475 0.23409 0.215939 0.198157 0.180866 0.164179 0.148197 0.133004 0.118671 0.105251 0.0927817 0.0812846 0.070765 0.0612142 0.0526102 0.0449199 0.0381003 0.0321009 0.0268657 0.0223348 0.0184465 0.0151391 0.0123519 0.0100274 0.00811161 0.00655526 0.00531467 0.00435212 0.00363635 0.00314276 0.00285371 
0.00311941 0.00322619 0.00355043 0.00410388 0.00490599 0.00598381 0.00737172 0.0091111 0.0112498 0.0138416 0.0169451 0.020623 0.0249407 0.0299646 0.0357607 0.0423925 0.0499189 0.0583922 0.0678562 0.0783436 0.0898743 0.102454 0.116071 0.1307 0.146294 0.16279 0.18011 0.198157 0.216819 0.235971 0.25548 0.275199 0.294981 0.31467 0.334115 0.353164 0.371669 0.389491 0.406497 0.422564 0.437582 0.451449 0.464076 0.475387 0.485314 0.493802 0.500806 0.506289 0.510224 0.512593 0.513384 0.512593 0.510224 0.506289 0.500806 0.493802 0.485314 0.475387 0.464076 0.451449 0.437582 0.422564 0.406497 0.389491 0.371669 0.353164 0.334115 0.31467 0.294981 0.275199 0.25548 0.235971 0.216819 0.198157 0.18011 0.16279 0.146294 0.1307 0.116071 0.102454 0.0898743 0.0783436 0.0678562 0.0583922 0.0499189 0.0423925 0.0357607 0.0299646 0.0249407 0.020623 0.0169451 0.0138416 0.0112498 0.0091111 0.00737172 0.00598381 0.00490599 0.00410388 0.00355043 0.00322619 
0.00350661 0.00362572 0.00398734 0.00460435 0.00549807 0.00669809 0.00824198 0.0101749 0.0125489 0.0154224 0.0188589 0.0229261 0.027694 0.0332338 0.0396155 0.046906 0.0551669 0.0644522 0.0748056 0.0862588 0.0988294 0.112519 0.12731 0.14317 0.160044 0.17786 0.196528 0.215939 0.235971 0.256488 0.277341 0.298375 0.319431 0.340345 0.360954 0.381102 0.400634 0.419406 0.437284 0.454143 0.469871 0.48437 0.497551 0.509339 0.519672 0.528497 0.535771 0.541461 0.545542 0.547998 0.548817 0.547998 0.545542 0.541461 0.535771 0.528497 0.519672 0.509339 0.497551 0.48437 0.469871 0.454143 0.437284 0.419406 0.400634 0.381102 0.360954 0.340345 0.319431 0.298375 0.277341 0.256488 0.235971 0.215939 0.196528 0.17786 0.160044 0.14317 0.12731 0.112519 0.0988294 0.0862588 0.0748056 0.0644522 0.0551669 0.046906 0.0396155 0.0332338 0.027694 0.0229261 0.0188589 0.0154224 0.0125489 0.0101749 0.00824198 0.00669809 0.00549807 0.00460435 0.00398734 0.00362572 
0.00391873 0.00405085 0.00445188 0.00513586 0.00612601 0.00745455 0.00916232 0.0112983 0.0139189 0.0170871 0.0208714 0.0253442 0.0305806 0.0366561 0.0436446 0.0516162 0.0606348 0.0707554 0.0820215 0.0944634 0.108095 0.122914 0.138896 0.156 0.174164 0.193304 0.213319 0.23409 0.25548 0.277341 0.299514 0.321832 0.344125 0.366219 0.387946 0.409139 0.429642 0.449307 0.467996 0.485585 0.501965 0.517036 0.530714 0.542929 0.553621 0.56274 0.570249 0.576119 0.580326 0.582856 0.5837 0.582856 0.580326 0.576119 0.570249 0.56274 0.553621 0.542929 0.530714 0.517036 0.501965 0.485585 0.467996 0.449307 0.429642 0.409139 0.387946 0.366219 0.344125 0.321832 0.299514 0.277341 0.25548 0.23409 0.213319 0.193304 0.174164 0.156 0.138896 0.122914 0.108095 0.0944634 0.0820215 0.0707554 0.0606348 0.0516162 0.0436446 0.0366561 0.0305806 0.0253442 0.0208714 0.0170871 0.0139189 0.0112983 0.00916232 0.00745455 0.00612601 0.00513586 0.00445188 0.00405085 
0.00435383 0.00449955 0.00494179 0.00569576 0.00678664 0.00824929 0.0101279 0.0124753 0.0153522 0.0188263 0.022971 0.0278635 0.0335836 0.040211 0.0478234 0.0564939 0.066288 0.0772614 0.0894572 0.102903 0.11761 0.133568 0.150749 0.169102 0.188554 0.209012 0.230363 0.252475 0.275199 0.298375 0.321832 0.345392 0.368873 0.392094 0.41488 0.437058 0.458467 0.478956 0.498389 0.516642 0.533606 0.549186 0.563302 0.575887 0.586887 0.596258 0.603965 0.609984 0.614295 0.616886 0.617751 0.616886 0.614295 0.609984 0.603965 0.596258 0.586887 0.575887 0.563302 0.549186 0.533606 0.516642 0.498389 0.478956 0.458467 0.437058 0.41488 0.392094 0.368873 0.345392 0.321832 0.298375 0.275199 0.252475 0.230363 0.209012 0.188554 0.169102 0.150749 0.133568 0.11761 0.102903 0.0894572 0.0772614 0.066288 0.0564939 0.0478234 0.040211 0.0335836 0.0278635 0.022971 0.0188263 0.0153522 0.0124753 0.0101279 0.00824929 0.00678664 0.00569576 0.00494179 0.00449955 
0.00480936 0.00496919 0.00545417 0.00628071 0.00747595 0.00907744 0.0111327 0.0136984 0.0168397 0.0206288 0.025144 0.0304672 0.0366828 0.0438745 0.0521235 0.0615053 0.0720871 0.0839246 0.0970598 0.111518 0.127304 0.144405 0.162782 0.182377 0.203107 0.224867 0.247532 0.270956 0.294981 0.319431 0.344125 0.368873 0.393485 0.417771 0.441548 0.464641 0.486884 0.508126 0.528229 0.547073 0.564551 0.580572 0.595063 0.60796 0.619216 0.628792 0.636659 0.642796 0.64719 0.649829 0.65071 0.649829 0.64719 0.642796 0.636659 0.628792 0.619216 0.60796 0.595063 0.580572 0.564551 0.547073 0.528229 0.508126 0.486884 0.464641 0.441548 0.417771 0.393485 0.368873 0.344125 0.319431 0.294981 0.270956 0.247532 0.224867 0.203107 0.182377 0.162782 0.144405 0.127304 0.111518 0.0970598 0.0839246 0.0720871 0.0615053 0.0521235 0.0438745 0.0366828 0.0304672 0.025144 0.0206288 0.0168397 0.0136984 0.0111327 0.00907744 0.00747595 0.00628071 0.00545417 0.00496919 
0.0052822 0.00545656 0.0059855 0.00688666 0.00818913 0.00993314 0.0121695 0.0149589 0.0183706 0.0224816 0.0273745 0.0331363 0.0398553 0.0476194 0.0565127 0.066613 0.0779884 0.0906946 0.104772 0.120241 0.137104 0.15534 0.174903 0.195725 0.217711 0.240746 0.264692 0.289391 0.31467 0.340345 0.366219 0.392094 0.417771 0.443052 0.467748 0.49168 0.514679 0.536596 0.557292 0.576651 0.59457 0.610964 0.625764 0.638915 0.650373 0.660108 0.668097 0.674323 0.678776 0.681451 0.682342 0.681451 0.678776 0.674323 0.668097 0.660108 0.650373 0.638915 0.625764 0.610964 0.59457 0.576651 0.557292 0.536596 0.514679 0.49168 0.467748 0.443052 0.417771 0.392094 0.366219 0.340345 0.31467 0.289391 0.264692 0.240746 0.217711 0.195725 0.174903 0.15534 0.137104 0.120241 0.104772 0.0906946 0.0779884 0.066613 0.0565127 0.0476194 0.0398553 0.0331363 0.0273745 0.0224816 0.0183706 0.0149589 0.0121695 0.00993314 0.00818913 0.00688666 0.0059855 0.00545656 
0.00576869 0.00595786 0.00653165 0.00750887 0.00892058 0.0108097 0.0132303 0.0162468 0.0199328 0.0243698 0.0296449 0.0358494 0.0430759 0.0514157 0.0609559 0.0717759 0.0839447 0.097517 0.112531 0.129004 0.146932 0.166287 0.187015 0.209038 0.23225 0.256524 0.281708 0.307634 0.334115 0.360954 0.387946 0.41488 0.441548 0.467748 0.493285 0.517975 0.541651 0.564161 0.585372 0.605169 0.623456 0.640153 0.655198 0.668543 0.680152 0.690001 0.698073 0.704358 0.70885 0.711546 0.712445 0.711546 0.70885 0.704358 0.698073 0.690001 0.680152 0.668543 0.655198 0.640153 0.623456 0.605169 0.585372 0.564161 0.541651 0.517975 0.493285 0.467748 0.441548 0.41488 0.387946 0.360954 0.334115 0.307634 0.281708 0.256524 0.23225 0.209038 0.187015 0.166287 0.146932 0.129004 0.112531 0.097517 0.0839447 0.0717759 0.0609559 0.0514157 0.0430759 0.0358494 0.0296449 0.0243698 0.0199328 0.0162468 0.0132303 0.0108097 0.00892058 0.00750887 0.00653165 0.00595786 
0.00626463 0.00646877 0.00708789 0.00814197 0.00966401 0.0116995 0.0143058 0.017551 0.021513 0.0262772 0.0319355 0.0385832 0.0463169 0.055231 0.0654151 0.0769502 0.0899054 0.104334 0.120272 0.137733 0.156705 0.177155 0.199019 0.222208 0.246606 0.272073 0.298446 0.325542 0.353164 0.381102 0.409139 0.437058 0.464641 0.49168 0.517975 0.543342 0.567611 0.590635 0.612281 0.632441 0.651023 0.667955 0.683183 0.696666 0.708375 0.718295 0.726415 0.73273 0.737241 0.739946 0.740848 0.739946 0.737241 0.73273 0.726415 0.718295 0.708375 0.696666 0.683183 0.667955 0.651023 0.632441 0.612281 0.590635 0.567611 0.543342 0.517975 0.49168 0.464641 0.437058 0.409139 0.381102 0.353164 0.325542 0.298446 0.272073 0.246606 0.222208 0.199019 0.177155 0.156705 0.137733 0.120272 0.104334 0.0899054 0.0769502 0.0654151 0.055231 0.0463169 0.0385832 0.0319355 0.0262772 0.021513 0.017551 0.0143058 0.0116995 0.00966401 0.00814197 0.00708789 0.00646877 
0.00676534 0.00698449 0.00764901 0.00878004 0.0104125 0.0125943 0.0153861 0.0188595 0.0230964 0.0281864 0.0342255 0.041313 0.0495489 0.0590309 0.0698506 0.0820899 0.0958178 0.111087 0.127928 0.146352 0.166341 0.187852 0.210813 0.235126 0.260662 0.287269 0.314771 0.342975 0.371669 0.400634 0.429642 0.458467 0.486884 0.514679 0.541651 0.567611 0.592394 0.615851 0.637856 0.658304 0.677113 0.694216 0.709567 0.723134 0.734897 0.744847 0.752981 0.759301 0.763811 0.766514 0.767415 0.766514 0.763811 0.759301 0.752981 0.744847 0.734897 0.723134 0.709567 0.694216 0.677113 0.658304 0.637856 0.615851 0.592394 0.567611 0.541651 0.514679 0.486884 0.458467 0.429642 0.400634 0.371669 0.342975 0.314771 0.287269 0.260662 0.235126 0.210813 0.187852 0.166341 0.146352 0.127928 0.111087 0.0958178 0.0820899 0.0698506 0.0590309 0.0495489 0.041313 0.0342255 0.0281864 0.0230964 0.0188595 0.0153861 0.0125943 0.0104125 0.00878004 0.00764901 0.00698449 
0.00726577 0.0074998 0.00820935 0.00941667 0.0111584 0.0134852 0.0164605 0.0201594 0.0246676 0.0300788 0.0364927 0.0440124 0.0527414 0.0627797 0.0742207 0.0871473 0.101628 0.117713 0.13543 0.154785 0.175754 0.198285 0.222298 0.247683 0.274301 0.301987 0.330555 0.359797 0.389491 0.419406 0.449307 0.478956 0.508126 0.536596 0.564161 0.590635 0.615851 0.639665 0.661955 0.682623 0.701593 0.718807 0.734227 0.747829 0.759603 0.769547 0.777666 0.783966 0.788459 0.79115 0.792047 0.79115 0.788459 0.783966 0.777666 0.769547 0.759603 0.747829 0.734227 0.718807 0.701593 0.682623 0.661955 0.639665 0.615851 0.590635 0.564161 0.536596 0.508126 0.478956 0.449307 0.419406 0.389491 0.359797 0.330555 0.301987 0.274301 0.247683 0.222298 0.198285 0.175754 0.154785 0.13543 0.117713 0.101628 0.0871473 0.0742207 0.0627797 0.0527414 0.0440124 0.0364927 0.0300788 0.0246676 0.0201594 0.0164605 0.0134852 0.0111584 0.00941667 0.00820935 0.0074998 
0.0077605 0.00800915 0.00876289 0.010045 0.0118941 0.0143628 0.0175177 0.0214373 0.0262106 0.0319351 0.0387143 0.0466547 0.0558626 0.0664405 0.0784833 0.0920741 0.107281 0.124151 0.142709 0.162956 0.18486 0.208364 0.233375 0.259775 0.287412 0.316111 0.345673 0.375879 0.406497 0.437284 0.467996 0.498389 0.528229 0.557292 0.585372 0.612281 0.637856 0.661955 0.684463 0.705287 0.724359 0.74163 0.75707 0.770666 0.782413 0.792319 0.800396 0.806657 0.811118 0.813789 0.814678 0.813789 0.811118 0.806657 0.800396 0.792319 0.782413 0.770666 0.75707 0.74163 0.724359 0.705287 0.684463 0.661955 0.637856 0.612281 0.585372 0.557292 0.528229 0.498389 0.467996 0.437284 0.406497 0.375879 0.345673 0.316111 0.287412 0.259775 0.233375 0.208364 0.18486 0.162956 0.142709 0.124151 0.107281 0.0920741 0.0784833 0.0664405 0.0558626 0.0466547 0.0387143 0.0319351 0.0262106 0.0214373 0.0175177 0.0143628 0.0118941 0.010045 0.00876289 0.00800915 
