0.00285993 0.00288996 0.00298024 0.00313131 0.00334404 0.00361965 0.00395962 0.0043657 0.00483983 0.00538408 0.00600062 0.00669161 0.00745916 0.00830523 0.00923155 0.0102395 0.0113303 0.0125043 0.0137616 0.0151016 0.0165229 0.0180236 0.0196008 0.0212507 0.0229688 0.0247496 0.0265866 0.0284727 0.0303996 0.0323583 0.0343391 0.0363315 0.0383244 0.0403062 0.0422647 0.0441876 0.0460622 0.047876 0.0496163 0.0512709 0.0528275 0.0542748 0.0556019 0.0567985 0.0578554 0.0587644 0.0595183 0.060111 0.0605378 0.0607952 0.0608813 0.0607952 0.0605378 0.060111 0.0595183 0.0587644 0.0578554 0.0567985 0.0556019 0.0542748 0.0528275 0.0512709 0.0496163 0.047876 0.0460622 0.0441876 0.0422647 0.0403062 0.0383244 0.0363315 0.0343391 0.0323583 0.0303996 0.0284727 0.0265866 0.0247496 0.0229688 0.0212507 0.0196008 0.0180236 0.0165229 0.0151016 0.0137616 0.0125043 0.0113303 0.0102395 0.00923155 0.00830523 0.00745916 0.00669161 0.00600062 0.00538408 0.00483983 0.0043657 0.00395962 0.00361965 0.00334404 0.00313131 0.00298024 0.00288996 
0.00288996 0.00292028 0.00301142 0.00316393 0.0033787 0.00365693 0.00400012 0.00441004 0.00488863 0.00543798 0.00606026 0.00675765 0.00753226 0.00838607 0.00932081 0.0103379 0.0114384 0.0126229 0.0138913 0.015243 0.0166768 0.0181905 0.0197812 0.0214452 0.0231778 0.0249735 0.0268259 0.0287276 0.0306703 0.032645 0.0346419 0.0366504 0.0386592 0.0406568 0.0426308 0.0445688 0.0464581 0.0482861 0.0500399 0.0517071 0.0532758 0.0547341 0.0560713 0.057277 0.058342 0.0592578 0.0600174 0.0606145 0.0610445 0.0613039 0.0613906 0.0613039 0.0610445 0.0606145 0.0600174 0.0592578 0.058342 0.057277 0.0560713 0.0547341 0.0532758 0.0517071 0.0500399 0.0482861 0.0464581 0.0445688 0.0426308 0.0406568 0.0386592 0.0366504 0.0346419 0.032645 0.0306703 0.0287276 0.0268259 0.0249735 0.0231778 0.0214452 0.0197812 0.0181905 0.0166768 0.015243 0.0138913 0.0126229 0.0114384 0.0103379 0.00932081 0.00838607 0.00753226 0.00675765 0.00606026 0.00543798 0.00488863 0.00441004 0.00400012 0.00365693 0.0033787 0.00316393 0.00301142 0.00292028 
0.00298024 0.00301142 0.00310516 0.00326201 0.00348287 0.00376897 0.00412186 0.0045433 0.00503528 0.00559993 0.00623946 0.00695607 0.0077519 0.00862896 0.00958898 0.0106334 0.0117633 0.0129791 0.0142809 0.015668 0.0171389 0.0186916 0.0203229 0.0220291 0.0238054 0.025646 0.0275444 0.0294929 0.0314832 0.0335059 0.035551 0.0376077 0.0396644 0.0417093 0.0437298 0.0457132 0.0476466 0.0495168 0.0513111 0.0530166 0.0546211 0.0561127 0.0574802 0.0587132 0.0598022 0.0607386 0.0615152 0.0621258 0.0625654 0.0628306 0.0629193 0.0628306 0.0625654 0.0621258 0.0615152 0.0607386 0.0598022 0.0587132 0.0574802 0.0561127 0.0546211 0.0530166 0.0513111 0.0495168 0.0476466 0.0457132 0.0437298 0.0417093 0.0396644 0.0376077 0.035551 0.0335059 0.0314832 0.0294929 0.0275444 0.025646 0.0238054 0.0220291 0.0203229 0.0186916 0.0171389 0.015668 0.0142809 0.0129791 0.0117633 0.0106334 0.00958898 0.00862896 0.0077519 0.00695607 0.00623946 0.00559993 0.00503528 0.0045433 0.00412186 0.00376897 0.00348287 0.00326201 0.00310516 0.00301142 
0.00313131 0.00316393 0.00326201 0.0034261 0.00365715 0.00395641 0.00432548 0.00476617 0.00528053 0.00587075 0.00653908 0.00728779 0.00811907 0.00903494 0.0100372 0.0111273 0.0123061 0.0135744 0.0149319 0.0163779 0.0179108 0.0195285 0.0212277 0.0230043 0.0248534 0.0267689 0.0287439 0.0307706 0.0328402 0.0349429 0.0370684 0.0392054 0.041342 0.0434657 0.0455637 0.0476228 0.0496295 0.0515703 0.053432 0.0552013 0.0568655 0.0584124 0.0598304 0.0611088 0.0622378 0.0632086 0.0640136 0.0646465 0.0651021 0.065377 0.0654689 0.065377 0.0651021 0.0646465 0.0640136 0.0632086 0.0622378 0.0611088 0.0598304 0.0584124 0.0568655 0.0552013 0.053432 0.0515703 0.0496295 0.0476228 0.0455637 0.0434657 0.041342 0.0392054 0.0370684 0.0349429 0.0328402 0.0307706 0.0287439 0.0267689 0.0248534 0.0230043 0.0212277 0.0195285 0.0179108 0.0163779 0.0149319 0.0135744 0.0123061 0.0111273 0.0100372 0.00903494 0.00811907 0.00728779 0.00653908 0.00587075 0.00528053 0.00476617 0.00432548 0.00395641 0.00365715 0.0034261 0.00326201 0.00316393 
0.00334404 0.0033787 0.00348287 0.00365715 0.0039025 0.00422027 0.00461206 0.00507981 0.00562561 0.00625174 0.00696053 0.00775433 0.00863538 0.00960576 0.0106673 0.0118214 0.0130691 0.0144109 0.0158465 0.0173752 0.0189952 0.020704 0.0224983 0.0243736 0.0263247 0.0283452 0.0304276 0.0325639 0.0347445 0.0369594 0.0391974 0.0414469 0.0436952 0.0459294 0.0481358 0.0503007 0.05241 0.0544496 0.0564055 0.0582641 0.0600118 0.0616361 0.0631248 0.0644667 0.0656516 0.0666704 0.0675151 0.0681791 0.0686572 0.0689456 0.069042 0.0689456 0.0686572 0.0681791 0.0675151 0.0666704 0.0656516 0.0644667 0.0631248 0.0616361 0.0600118 0.0582641 0.0564055 0.0544496 0.05241 0.0503007 0.0481358 0.0459294 0.0436952 0.0414469 0.0391974 0.0369594 0.0347445 0.0325639 0.0304276 0.0283452 0.0263247 0.0243736 0.0224983 0.020704 0.0189952 0.0173752 0.0158465 0.0144109 0.0130691 0.0118214 0.0106673 0.00960576 0.00863538 0.00775433 0.00696053 0.00625174 0.00562561 0.00507981 0.00461206 0.00422027 0.0039025 0.00365715 0.00348287 0.0033787 
0.00361965 0.00365693 0.00376897 0.00395641 0.00422027 0.00456192 0.00498309 0.00548577 0.00607218 0.00674468 0.00750572 0.00835772 0.00930301 0.0103437 0.0114817 0.0127185 0.0140549 0.0154915 0.0170279 0.0186631 0.0203953 0.0222216 0.0241384 0.0261409 0.0282233 0.0303789 0.0325997 0.0348768 0.0372003 0.0395594 0.0419423 0.0443363 0.0467283 0.0491044 0.0514503 0.0537512 0.0559923 0.0581587 0.0602357 0.0622088 0.0640638 0.0657874 0.0673668 0.0687903 0.070047 0.0711274 0.072023 0.072727 0.0732339 0.0735396 0.0736418 0.0735396 0.0732339 0.072727 0.072023 0.0711274 0.070047 0.0687903 0.0673668 0.0657874 0.0640638 0.0622088 0.0602357 0.0581587 0.0559923 0.0537512 0.0514503 0.0491044 0.0467283 0.0443363 0.0419423 0.0395594 0.0372003 0.0348768 0.0325997 0.0303789 0.0282233 0.0261409 0.0241384 0.0222216 0.0203953 0.0186631 0.0170279 0.0154915 0.0140549 0.0127185 0.0114817 0.0103437 0.00930301 0.00835772 0.00750572 0.00674468 0.00607218 0.00548577 0.00498309 0.00456192 0.00422027 0.00395641 0.00376897 0.00365693 
0.00395962 0.00400012 0.00412186 0.00432548 0.00461206 0.00498309 0.00544036 0.00598598 0.00662229 0.00735177 0.00817698 0.00910046 0.0101246 0.0112517 0.0124836 0.0138217 0.015267 0.0168199 0.0184799 0.0202457 0.0221153 0.0240856 0.0261524 0.0283106 0.0305539 0.0328748 0.0352649 0.0377144 0.0402127 0.0427481 0.045308 0.0478788 0.0504463 0.0529958 0.0555119 0.0579789 0.0603809 0.0627022 0.0649269 0.0670398 0.0690257 0.0708704 0.0725605 0.0740834 0.0754276 0.0765831 0.0775409 0.0782936 0.0788355 0.0791624 0.0792716 0.0791624 0.0788355 0.0782936 0.0775409 0.0765831 0.0754276 0.0740834 0.0725605 0.0708704 0.0690257 0.0670398 0.0649269 0.0627022 0.0603809 0.0579789 0.0555119 0.0529958 0.0504463 0.0478788 0.045308 0.0427481 0.0402127 0.0377144 0.0352649 0.0328748 0.0305539 0.0283106 0.0261524 0.0240856 0.0221153 0.0202457 0.0184799 0.0168199 0.015267 0.0138217 0.0124836 0.0112517 0.0101246 0.00910046 0.00817698 0.00735177 0.00662229 0.00598598 0.00544036 0.00498309 0.00461206 0.00432548 0.00412186 0.00400012 
0.0043657 0.00441004 0.0045433 0.00476617 0.00507981 0.00548577 0.00598598 0.00658267 0.00727831 0.00807553 0.00897702 0.00998545 0.0111033 0.012333 0.0136763 0.0151348 0.0167094 0.0184002 0.0202067 0.0221274 0.02416 0.0263008 0.0285455 0.0308881 0.0333218 0.0358384 0.0384287 0.0410821 0.0437871 0.046531 0.0493 0.0520796 0.0548545 0.0576087 0.0603257 0.0629887 0.0655807 0.0680846 0.0704836 0.0727613 0.0749015 0.076889 0.0787095 0.0803496 0.081797 0.0830409 0.0840718 0.084882 0.0854652 0.085817 0.0859345 0.085817 0.0854652 0.084882 0.0840718 0.0830409 0.081797 0.0803496 0.0787095 0.076889 0.0749015 0.0727613 0.0704836 0.0680846 0.0655807 0.0629887 0.0603257 0.0576087 0.0548545 0.0520796 0.0493 0.046531 0.0437871 0.0410821 0.0384287 0.0358384 0.0333218 0.0308881 0.0285455 0.0263008 0.02416 0.0221274 0.0202067 0.0184002 0.0167094 0.0151348 0.0136763 0.012333 0.0111033 0.00998545 0.00897702 0.00807553 0.00727831 0.00658267 0.00598598 0.00548577 0.00507981 0.00476617 0.0045433 0.00441004 
0.00483983 0.00488863 0.00503528 0.00528053 0.00562561 0.00607218 0.00662229 0.00727831 0.00804288 0.00891877 0.00990882 0.0110158 0.0122425 0.0135911 0.0150637 0.0166618 0.0183861 0.0202368 0.022213 0.0243131 0.0265343 0.0288725 0.0313227 0.0338785 0.0365323 0.0392751 0.0420967 0.0449856 0.0479292 0.0509135 0.0539238 0.0569442 0.0599581 0.0629483 0.0658968 0.0687855 0.0715961 0.0743103 0.0769099 0.0793771 0.0816948 0.0838466 0.085817 0.0875917 0.0891577 0.0905032 0.0916183 0.0924945 0.0931252 0.0935055 0.0936326 0.0935055 0.0931252 0.0924945 0.0916183 0.0905032 0.0891577 0.0875917 0.085817 0.0838466 0.0816948 0.0793771 0.0769099 0.0743103 0.0715961 0.0687855 0.0658968 0.0629483 0.0599581 0.0569442 0.0539238 0.0509135 0.0479292 0.0449856 0.0420967 0.0392751 0.0365323 0.0338785 0.0313227 0.0288725 0.0265343 0.0243131 0.022213 0.0202368 0.0183861 0.0166618 0.0150637 0.0135911 0.0122425 0.0110158 0.00990882 0.00891877 0.00804288 0.00727831 0.00662229 0.00607218 0.00562561 0.00528053 0.00503528 0.00488863 
0.00538408 0.00543798 0.00559993 0.00587075 0.00625174 0.00674468 0.00735177 0.00807553 0.00891877 0.00988442 0.0109755 0.012195 0.0135456 0.0150299 0.0166498 0.0184068 0.0203017 0.0223343 0.0245037 0.0268077 0.0292432 0.0318058 0.0344896 0.0372875 0.0401911 0.0431905 0.0462744 0.0494303 0.0526441 0.0559009 0.0591845 0.0624774 0.0657618 0.0690188 0.0722292 0.0753731 0.0784308 0.0813825 0.0842085 0.0868899 0.0894079 0.0917451 0.0938847 0.0958114 0.0975111 0.0989713 0.100181 0.101132 0.101816 0.102229 0.102366 0.102229 0.101816 0.101132 0.100181 0.0989713 0.0975111 0.0958114 0.0938847 0.0917451 0.0894079 0.0868899 0.0842085 0.0813825 0.0784308 0.0753731 0.0722292 0.0690188 0.0657618 0.0624774 0.0591845 0.0559009 0.0526441 0.0494303 0.0462744 0.0431905 0.0401911 0.0372875 0.0344896 0.0318058 0.0292432 0.0268077 0.0245037 0.0223343 0.0203017 0.0184068 0.0166498 0.0150299 0.0135456 0.012195 0.0109755 0.00988442 0.00891877 0.00807553 0.00735177 0.00674468 0.00625174 0.00587075 0.00559993 0.00543798 
0.00600062 0.00606026 0.00623946 0.00653908 0.00696053 0.00750572 0.00817698 0.00897702 0.00990882 0.0109755 0.0121803 0.0135263 0.0150163 0.016653 0.0184385 0.020374 0.0224603 0.0246971 0.0270832 0.029616 0.0322918 0.0351057 0.038051 0.04112 0.0443031 0.0475895 0.0509667 0.0544209 0.0579367 0.0614977 0.0650862 0.0686832 0.0722693 0.0758238 0.0793258 0.082754 0.0860869 0.089303 0.0923811 0.0953006 0.0980415 0.100585 0.102912 0.105008 0.106856 0.108444 0.109759 0.110792 0.111536 0.111984 0.112134 0.111984 0.111536 0.110792 0.109759 0.108444 0.106856 0.105008 0.102912 0.100585 0.0980415 0.0953006 0.0923811 0.089303 0.0860869 0.082754 0.0793258 0.0758238 0.0722693 0.0686832 0.0650862 0.0614977 0.0579367 0.0544209 0.0509667 0.0475895 0.0443031 0.04112 0.038051 0.0351057 0.0322918 0.029616 0.0270832 0.0246971 0.0224603 0.020374 0.0184385 0.016653 0.0150163 0.0135263 0.0121803 0.0109755 0.00990882 0.00897702 0.00817698 0.00750572 0.00696053 0.00653908 0.00623946 0.00606026 
0.00669161 0.00675765 0.00695607 0.00728779 0.00775433 0.00835772 0.00910046 0.00998545 0.0110158 0.012195 0.0135263 0.0150129 0.016658 0.0184642 0.0204335 0.0225673 0.0248662 0.0273296 0.0299559 0.0327422 0.0356844 0.0387766 0.0420115 0.0453804 0.0488727 0.0524763 0.0561775 0.0599611 0.0638103 0.067707 0.0716317 0.075564 0.0794824 0.0833646 0.0871878 0.0909289 0.0945644 0.0980713 0.101427 0.104608 0.107593 0.110363 0.112897 0.115178 0.11719 0.118917 0.120348 0.121472 0.122281 0.122768 0.122931 0.122768 0.122281 0.121472 0.120348 0.118917 0.11719 0.115178 0.112897 0.110363 0.107593 0.104608 0.101427 0.0980713 0.0945644 0.0909289 0.0871878 0.0833646 0.0794824 0.075564 0.0716317 0.067707 0.0638103 0.0599611 0.0561775 0.0524763 0.0488727 0.0453804 0.0420115 0.0387766 0.0356844 0.0327422 0.0299559 0.0273296 0.0248662 0.0225673 0.0204335 0.0184642 0.016658 0.0150129 0.0135263 0.012195 0.0110158 0.00998545 0.00910046 0.00835772 0.00775433 0.00728779 0.00695607 0.00675765 
0.00745916 0.00753226 0.0077519 0.00811907 0.00863538 0.00930301 0.0101246 0.0111033 0.0122425 0.0135456 0.0150163 0.016658 0.0184739 0.0204666 0.0226383 0.0249902 0.0275227 0.0302352 0.0331254 0.0361902 0.0394246 0.042822 0.0463744 0.0500719 0.0539028 0.0578537 0.0619094 0.0660533 0.0702668 0.0745301 0.0788221 0.0831202 0.0874011 0.0916406 0.0958138 0.0998957 0.103861 0.107684 0.111341 0.114807 0.118059 0.121075 0.123833 0.126316 0.128504 0.130383 0.13194 0.133162 0.134042 0.134572 0.134749 0.134572 0.134042 0.133162 0.13194 0.130383 0.128504 0.126316 0.123833 0.121075 0.118059 0.114807 0.111341 0.107684 0.103861 0.0998957 0.0958138 0.0916406 0.0874011 0.0831202 0.0788221 0.0745301 0.0702668 0.0660533 0.0619094 0.0578537 0.0539028 0.0500719 0.0463744 0.042822 0.0394246 0.0361902 0.0331254 0.0302352 0.0275227 0.0249902 0.0226383 0.0204666 0.0184739 0.016658 0.0150163 0.0135456 0.0122425 0.0111033 0.0101246 0.00930301 0.00863538 0.00811907 0.0077519 0.00753226 
0.00830523 0.00838607 0.00862896 0.00903494 0.00960576 0.0103437 0.0112517 0.012333 0.0135911 0.0150299 0.016653 0.0184642 0.0204666 0.022663 0.0250556 0.0276455 0.0304329 0.0334168 0.0365946 0.0399625 0.0435149 0.0472444 0.051142 0.0551965 0.059395 0.0637228 0.0681631 0.0726975 0.0773058 0.0819663 0.0866557 0.0913496 0.0960225 0.100648 0.1052 0.109649 0.11397 0.118135 0.122117 0.12589 0.129429 0.132709 0.13571 0.138409 0.140788 0.142831 0.144522 0.14585 0.146806 0.147382 0.147575 0.147382 0.146806 0.14585 0.144522 0.142831 0.140788 0.138409 0.13571 0.132709 0.129429 0.12589 0.122117 0.118135 0.11397 0.109649 0.1052 0.100648 0.0960225 0.0913496 0.0866557 0.0819663 0.0773058 0.0726975 0.0681631 0.0637228 0.059395 0.0551965 0.051142 0.0472444 0.0435149 0.0399625 0.0365946 0.0334168 0.0304329 0.0276455 0.0250556 0.022663 0.0204666 0.0184642 0.016653 0.0150299 0.0135911 0.012333 0.0112517 0.0103437 0.00960576 0.00903494 0.00862896 0.00838607 
0.00923155 0.00932081 0.00958898 0.0100372 0.0106673 0.0114817 0.0124836 0.0136763 0.0150637 0.0166498 0.0184385 0.0204335 0.0226383 0.0250556 0.0276876 0.0305353 0.0335986 0.0368761 0.040365 0.0440606 0.0479565 0.0520446 0.0563146 0.0607541 0.065349 0.0700827 0.0749371 0.0798917 0.0849245 0.0900118 0.0951281 0.100247 0.10534 0.11038 0.115337 0.120181 0.124883 0.129413 0.133743 0.137844 0.141689 0.145253 0.148512 0.151443 0.154026 0.156242 0.158078 0.159519 0.160556 0.161181 0.16139 0.161181 0.160556 0.159519 0.158078 0.156242 0.154026 0.151443 0.148512 0.145253 0.141689 0.137844 0.133743 0.129413 0.124883 0.120181 0.115337 0.11038 0.10534 0.100247 0.0951281 0.0900118 0.0849245 0.0798917 0.0749371 0.0700827 0.065349 0.0607541 0.0563146 0.0520446 0.0479565 0.0440606 0.040365 0.0368761 0.0335986 0.0305353 0.0276876 0.0250556 0.0226383 0.0204335 0.0184385 0.0166498 0.0150637 0.0136763 0.0124836 0.0114817 0.0106673 0.0100372 0.00958898 0.00932081 
0.0102395 0.0103379 0.0106334 0.0111273 0.0118214 0.0127185 0.0138217 0.0151348 0.0166618 0.0184068 0.020374 0.0225673 0.0249902 0.0276455 0.0305353 0.0336604 0.0370205 0.0406138 0.0444368 0.0484843 0.0527489 0.0572216 0.0618907 0.0667428 0.0717619 0.07693 0.0822271 0.0876308 0.093117 0.0986598 0.104232 0.109803 0.115345 0.120826 0.126214 0.131477 0.136584 0.141503 0.146202 0.150652 0.154822 0.158687 0.162219 0.165396 0.168194 0.170596 0.172584 0.174145 0.175268 0.175945 0.176171 0.175945 0.175268 0.174145 0.172584 0.170596 0.168194 0.165396 0.162219 0.158687 0.154822 0.150652 0.146202 0.141503 0.136584 0.131477 0.126214 0.120826 0.115345 0.109803 0.104232 0.0986598 0.093117 0.0876308 0.0822271 0.07693 0.0717619 0.0667428 0.0618907 0.0572216 0.0527489 0.0484843 0.0444368 0.0406138 0.0370205 0.0336604 0.0305353 0.0276455 0.0249902 0.0225673 0.020374 0.0184068 0.0166618 0.0151348 0.0138217 0.0127185 0.0118214 0.0111273 0.0106334 0.0103379 
0.0113303 0.0114384 0.0117633 0.0123061 0.0130691 0.0140549 0.015267 0.0167094 0.0183861 0.0203017 0.0224603 0.0248662 0.0275227 0.0304329 0.0335986 0.0370205 0.0406979 0.0446286 0.0488085 0.0532316 0.0578895 0.0627721 0.0678666 0.0731578 0.0786283 0.0842584 0.0900259 0.0959066 0.101874 0.1079 0.113954 0.120006 0.126022 0.13197 0.137814 0.14352 0.149055 0.154384 0.159473 0.16429 0.168804 0.172985 0.176806 0.180241 0.183267 0.185863 0.188012 0.189699 0.190913 0.191644 0.191888 0.191644 0.190913 0.189699 0.188012 0.185863 0.183267 0.180241 0.176806 0.172985 0.168804 0.16429 0.159473 0.154384 0.149055 0.14352 0.137814 0.13197 0.126022 0.120006 0.113954 0.1079 0.101874 0.0959066 0.0900259 0.0842584 0.0786283 0.0731578 0.0678666 0.0627721 0.0578895 0.0532316 0.0488085 0.0446286 0.0406979 0.0370205 0.0335986 0.0304329 0.0275227 0.0248662 0.0224603 0.0203017 0.0183861 0.0167094 0.015267 0.0140549 0.0130691 0.0123061 0.0117633 0.0114384 
0.0125043 0.0126229 0.0129791 0.0135744 0.0144109 0.0154915 0.0168199 0.0184002 0.0202368 0.0223343 0.0246971 0.0273296 0.0302352 0.0334168 0.0368761 0.0406138 0.0446286 0.0489179 0.0534768 0.0582984 0.0633736 0.0686907 0.0742357 0.0799918 0.0859399 0.0920584 0.0983229 0.104707 0.111182 0.117718 0.124281 0.130838 0.137353 0.143791 0.150115 0.156287 0.162271 0.16803 0.173528 0.178731 0.183604 0.188117 0.19224 0.195946 0.199209 0.202009 0.204326 0.206145 0.207453 0.208241 0.208504 0.208241 0.207453 0.206145 0.204326 0.202009 0.199209 0.195946 0.19224 0.188117 0.183604 0.178731 0.173528 0.16803 0.162271 0.156287 0.150115 0.143791 0.137353 0.130838 0.124281 0.117718 0.111182 0.104707 0.0983229 0.0920584 0.0859399 0.0799918 0.0742357 0.0686907 0.0633736 0.0582984 0.0534768 0.0489179 0.0446286 0.0406138 0.0368761 0.0334168 0.0302352 0.0273296 0.0246971 0.0223343 0.0202368 0.0184002 0.0168199 0.0154915 0.0144109 0.0135744 0.0129791 0.0126229 
0.0137616 0.0138913 0.0142809 0.0149319 0.0158465 0.0170279 0.0184799 0.0202067 0.022213 0.0245037 0.0270832 0.0299559 0.0331254 0.0365946 0.040365 0.0444368 0.0488085 0.0534768 0.0584361 0.0636785 0.0691938 0.0749691 0.0809887 0.0872344 0.093685 0.100317 0.107104 0.114017 0.121024 0.128094 0.13519 0.142276 0.149314 0.156266 0.16309 0.169749 0.176202 0.18241 0.188334 0.193938 0.199186 0.204045 0.208482 0.212469 0.21598 0.218991 0.221483 0.223438 0.224845 0.225692 0.225975 0.225692 0.224845 0.223438 0.221483 0.218991 0.21598 0.212469 0.208482 0.204045 0.199186 0.193938 0.188334 0.18241 0.176202 0.169749 0.16309 0.156266 0.149314 0.142276 0.13519 0.128094 0.121024 0.114017 0.107104 0.100317 0.093685 0.0872344 0.0809887 0.0749691 0.0691938 0.0636785 0.0584361 0.0534768 0.0488085 0.0444368 0.040365 0.0365946 0.0331254 0.0299559 0.0270832 0.0245037 0.022213 0.0202067 0.0184799 0.0170279 0.0158465 0.0149319 0.0142809 0.0138913 
0.0151016 0.015243 0.015668 0.0163779 0.0173752 0.0186631 0.0202457 0.0221274 0.0243131 0.0268077 0.029616 0.0327422 0.0361902 0.0399625 0.0440606 0.0484843 0.0532316 0.0582984 0.0636785 0.069363 0.0753403 0.0815961 0.0881133 0.0948717 0.101848 0.109017 0.11635 0.123815 0.131379 0.139006 0.146658 0.154295 0.161877 0.169362 0.176708 0.183871 0.190811 0.197484 0.203851 0.209871 0.215507 0.220723 0.225486 0.229764 0.233531 0.236761 0.239433 0.24153 0.243038 0.243947 0.24425 0.243947 0.243038 0.24153 0.239433 0.236761 0.233531 0.229764 0.225486 0.220723 0.215507 0.209871 0.203851 0.197484 0.190811 0.183871 0.176708 0.169362 0.161877 0.154295 0.146658 0.139006 0.131379 0.123815 0.11635 0.109017 0.101848 0.0948717 0.0881133 0.0815961 0.0753403 0.069363 0.0636785 0.0582984 0.0532316 0.0484843 0.0440606 0.0399625 0.0361902 0.0327422 0.029616 0.0268077 0.0243131 0.0221274 0.0202457 0.0186631 0.0173752 0.0163779 0.015668 0.015243 
0.0165229 0.0166768 0.0171389 0.0179108 0.0189952 0.0203953 0.0221153 0.02416 0.0265343 0.0292432 0.0322918 0.0356844 0.0394246 0.0435149 0.0479565 0.0527489 0.0578895 0.0633736 0.0691938 0.0753403 0.0818001 0.0885576 0.0955937 0.102887 0.110411 0.118139 0.12604 0.134079 0.14222 0.150425 0.158653 0.166861 0.175006 0.183044 0.190928 0.198614 0.206056 0.21321 0.220033 0.226482 0.232518 0.238102 0.243199 0.247778 0.251807 0.255262 0.25812 0.260362 0.261974 0.262946 0.26327 0.262946 0.261974 0.260362 0.25812 0.255262 0.251807 0.247778 0.243199 0.238102 0.232518 0.226482 0.220033 0.21321 0.206056 0.198614 0.190928 0.183044 0.175006 0.166861 0.158653 0.150425 0.14222 0.134079 0.12604 0.118139 0.110411 0.102887 0.0955937 0.0885576 0.0818001 0.0753403 0.0691938 0.0633736 0.0578895 0.0527489 0.0479565 0.0435149 0.0394246 0.0356844 0.0322918 0.0292432 0.0265343 0.02416 0.0221153 0.0203953 0.0189952 0.0179108 0.0171389 0.0166768 
0.0180236 0.0181905 0.0186916 0.0195285 0.020704 0.0222216 0.0240856 0.0263008 0.0288725 0.0318058 0.0351057 0.0387766 0.042822 0.0472444 0.0520446 0.0572216 0.0627721 0.0686907 0.0749691 0.0815961 0.0885576 0.0958361 0.103411 0.111258 0.119351 0.127657 0.136145 0.144778 0.153516 0.162318 0.17114 0.179937 0.188663 0.197269 0.205707 0.21393 0.221888 0.229536 0.236827 0.243716 0.250161 0.256123 0.261563 0.266448 0.270746 0.274431 0.277479 0.27987 0.281588 0.282624 0.28297 0.282624 0.281588 0.27987 0.277479 0.274431 0.270746 0.266448 0.261563 0.256123 0.250161 0.243716 0.236827 0.229536 0.221888 0.21393 0.205707 0.197269 0.188663 0.179937 0.17114 0.162318 0.153516 0.144778 0.136145 0.127657 0.119351 0.111258 0.103411 0.0958361 0.0885576 0.0815961 0.0749691 0.0686907 0.0627721 0.0572216 0.0520446 0.0472444 0.042822 0.0387766 0.0351057 0.0318058 0.0288725 0.0263008 0.0240856 0.0222216 0.020704 0.0195285 0.0186916 0.0181905 
0.0196008 0.0197812 0.0203229 0.0212277 0.0224983 0.0241384 0.0261524 0.0285455 0.0313227 0.0344896 0.038051 0.0420115 0.0463744 0.051142 0.0563146 0.0618907 0.0678666 0.0742357 0.0809887 0.0881133 0.0955937 0.103411 0.111542 0.119962 0.12864 0.137544 0.146637 0.15588 0.165232 0.174647 0.18408 0.193481 0.202801 0.21199 0.220995 0.229767 0.238253 0.246405 0.254173 0.261511 0.268375 0.27472 0.28051 0.285707 0.29028 0.294198 0.297439 0.299981 0.301808 0.302909 0.303277 0.302909 0.301808 0.299981 0.297439 0.294198 0.29028 0.285707 0.28051 0.27472 0.268375 0.261511 0.254173 0.246405 0.238253 0.229767 0.220995 0.21199 0.202801 0.193481 0.18408 0.174647 0.165232 0.15588 0.146637 0.137544 0.12864 0.119962 0.111542 0.103411 0.0955937 0.0881133 0.0809887 0.0742357 0.0678666 0.0618907 0.0563146 0.051142 0.0463744 0.0420115 0.038051 0.0344896 0.0313227 0.0285455 0.0261524 0.0241384 0.0224983 0.0212277 0.0203229 0.0197812 
0.0212507 0.0214452 0.0220291 0.0230043 0.0243736 0.0261409 0.0283106 0.0308881 0.0338785 0.0372875 0.04112 0.0453804 0.0500719 0.0551965 0.0607541 0.0667428 0.0731578 0.0799918 0.0872344 0.0948717 0.102887 0.111258 0.119962 0.128969 0.138249 0.147765 0.157478 0.167347 0.177327 0.187369 0.197426 0.207444 0.217371 0.227153 0.236737 0.246067 0.25509 0.263755 0.272008 0.279802 0.287089 0.293824 0.299968 0.305482 0.310331 0.314487 0.317923 0.320617 0.322554 0.323721 0.324111 0.323721 0.322554 0.320617 0.317923 0.314487 0.310331 0.305482 0.299968 0.293824 0.287089 0.279802 0.272008 0.263755 0.25509 0.246067 0.236737 0.227153 0.217371 0.207444 0.197426 0.187369 0.177327 0.167347 0.157478 0.147765 0.138249 0.128969 0.119962 0.111258 0.102887 0.0948717 0.0872344 0.0799918 0.0731578 0.0667428 0.0607541 0.0551965 0.0500719 0.0453804 0.04112 0.0372875 0.0338785 0.0308881 0.0283106 0.0261409 0.0243736 0.0230043 0.0220291 0.0214452 
0.0229688 0.0231778 0.0238054 0.0248534 0.0263247 0.0282233 0.0305539 0.0333218 0.0365323 0.0401911 0.0443031 0.0488727 0.0539028 0.059395 0.065349 0.0717619 0.0786283 0.0859399 0.093685 0.101848 0.110411 0.119351 0.12864 0.138249 0.148143 0.158284 0.16863 0.179137 0.189756 0.200438 0.211128 0.221773 0.232316 0.242701 0.25287 0.262766 0.272333 0.281516 0.29026 0.298514 0.306229 0.313358 0.319858 0.32569 0.330819 0.335213 0.338846 0.341695 0.343742 0.344975 0.345387 0.344975 0.343742 0.341695 0.338846 0.335213 0.330819 0.32569 0.319858 0.313358 0.306229 0.298514 0.29026 0.281516 0.272333 0.262766 0.25287 0.242701 0.232316 0.221773 0.211128 0.200438 0.189756 0.179137 0.16863 0.158284 0.148143 0.138249 0.12864 0.119351 0.110411 0.101848 0.093685 0.0859399 0.0786283 0.0717619 0.065349 0.059395 0.0539028 0.0488727 0.0443031 0.0401911 0.0365323 0.0333218 0.0305539 0.0282233 0.0263247 0.0248534 0.0238054 0.0231778 
0.0247496 0.0249735 0.025646 0.0267689 0.0283452 0.0303789 0.0328748 0.0358384 0.0392751 0.0431905 0.0475895 0.0524763 0.0578537 0.0637228 0.0700827 0.07693 0.0842584 0.0920584 0.100317 0.109017 0.118139 0.127657 0.137544 0.147765 0.158284 0.16906 0.180049 0.191203 0.202471 0.213799 0.225131 0.23641 0.247576 0.258569 0.269329 0.279796 0.289911 0.299615 0.308852 0.317569 0.325713 0.333237 0.340096 0.346248 0.351657 0.35629 0.360119 0.363122 0.36528 0.36658 0.367014 0.36658 0.36528 0.363122 0.360119 0.35629 0.351657 0.346248 0.340096 0.333237 0.325713 0.317569 0.308852 0.299615 0.289911 0.279796 0.269329 0.258569 0.247576 0.23641 0.225131 0.213799 0.202471 0.191203 0.180049 0.16906 0.158284 0.147765 0.137544 0.127657 0.118139 0.109017 0.100317 0.0920584 0.0842584 0.07693 0.0700827 0.0637228 0.0578537 0.0524763 0.0475895 0.0431905 0.0392751 0.0358384 0.0328748 0.0303789 0.0283452 0.0267689 0.025646 0.0249735 
0.0265866 0.0268259 0.0275444 0.0287439 0.0304276 0.0325997 0.0352649 0.0384287 0.0420967 0.0462744 0.0509667 0.0561775 0.0619094 0.0681631 0.0749371 0.0822271 0.0900259 0.0983229 0.107104 0.11635 0.12604 0.136145 0.146637 0.157478 0.16863 0.180049 0.191688 0.203496 0.215418 0.227398 0.239377 0.251294 0.263086 0.27469 0.286044 0.297083 0.307746 0.317973 0.327704 0.336884 0.345458 0.353376 0.360592 0.367063 0.372751 0.377623 0.381648 0.384805 0.387073 0.388439 0.388895 0.388439 0.387073 0.384805 0.381648 0.377623 0.372751 0.367063 0.360592 0.353376 0.345458 0.336884 0.327704 0.317973 0.307746 0.297083 0.286044 0.27469 0.263086 0.251294 0.239377 0.227398 0.215418 0.203496 0.191688 0.180049 0.16863 0.157478 0.146637 0.136145 0.12604 0.11635 0.107104 0.0983229 0.0900259 0.0822271 0.0749371 0.0681631 0.0619094 0.0561775 0.0509667 0.0462744 0.0420967 0.0384287 0.0352649 0.0325997 0.0304276 0.0287439 0.0275444 0.0268259 
0.0284727 0.0287276 0.0294929 0.0307706 0.0325639 0.0348768 0.0377144 0.0410821 0.0449856 0.0494303 0.0544209 0.0599611 0.0660533 0.0726975 0.0798917 0.0876308 0.0959066 0.104707 0.114017 0.123815 0.134079 0.144778 0.15588 0.167347 0.179137 0.191203 0.203496 0.21596 0.22854 0.241175 0.253802 0.266358 0.278776 0.290992 0.302938 0.314549 0.32576 0.336508 0.346731 0.356371 0.365372 0.373682 0.381253 0.388041 0.394007 0.399114 0.403335 0.406643 0.40902 0.410452 0.41093 0.410452 0.40902 0.406643 0.403335 0.399114 0.394007 0.388041 0.381253 0.373682 0.365372 0.356371 0.346731 0.336508 0.32576 0.314549 0.302938 0.290992 0.278776 0.266358 0.253802 0.241175 0.22854 0.21596 0.203496 0.191203 0.179137 0.167347 0.15588 0.144778 0.134079 0.123815 0.114017 0.104707 0.0959066 0.0876308 0.0798917 0.0726975 0.0660533 0.0599611 0.0544209 0.0494303 0.0449856 0.0410821 0.0377144 0.0348768 0.0325639 0.0307706 0.0294929 0.0287276 
0.0303996 0.0306703 0.0314832 0.0328402 0.0347445 0.0372003 0.0402127 0.0437871 0.0479292 0.0526441 0.0579367 0.0638103 0.0702668 0.0773058 0.0849245 0.093117 0.101874 0.111182 0.121024 0.131379 0.14222 0.153516 0.165232 0.177327 0.189756 0.202471 0.215418 0.22854 0.241777 0.255065 0.268339 0.281532 0.294575 0.307399 0.319935 0.332113 0.343868 0.355132 0.365843 0.375939 0.385363 0.394061 0.401983 0.409084 0.415323 0.420664 0.425076 0.428534 0.431019 0.432515 0.433015 0.432515 0.431019 0.428534 0.425076 0.420664 0.415323 0.409084 0.401983 0.394061 0.385363 0.375939 0.365843 0.355132 0.343868 0.332113 0.319935 0.307399 0.294575 0.281532 0.268339 0.255065 0.241777 0.22854 0.215418 0.202471 0.189756 0.177327 0.165232 0.153516 0.14222 0.131379 0.121024 0.111182 0.101874 0.093117 0.0849245 0.0773058 0.0702668 0.0638103 0.0579367 0.0526441 0.0479292 0.0437871 0.0402127 0.0372003 0.0347445 0.0328402 0.0314832 0.0306703 
0.0323583 0.032645 0.0335059 0.0349429 0.0369594 0.0395594 0.0427481 0.046531 0.0509135 0.0559009 0.0614977 0.067707 0.0745301 0.0819663 0.0900118 0.0986598 0.1079 0.117718 0.128094 0.139006 0.150425 0.162318 0.174647 0.187369 0.200438 0.213799 0.227398 0.241175 0.255065 0.269003 0.282919 0.296744 0.310406 0.323832 0.336951 0.349691 0.361983 0.373757 0.384948 0.395494 0.405334 0.414414 0.422681 0.43009 0.436598 0.442168 0.446768 0.450374 0.452964 0.454524 0.455045 0.454524 0.452964 0.450374 0.446768 0.442168 0.436598 0.43009 0.422681 0.414414 0.405334 0.395494 0.384948 0.373757 0.361983 0.349691 0.336951 0.323832 0.310406 0.296744 0.282919 0.269003 0.255065 0.241175 0.227398 0.213799 0.200438 0.187369 0.174647 0.162318 0.150425 0.139006 0.128094 0.117718 0.1079 0.0986598 0.0900118 0.0819663 0.0745301 0.067707 0.0614977 0.0559009 0.0509135 0.046531 0.0427481 0.0395594 0.0369594 0.0349429 0.0335059 0.032645 
0.0343391 0.0346419 0.035551 0.0370684 0.0391974 0.0419423 0.045308 0.0493 0.0539238 0.0591845 0.0650862 0.0716317 0.0788221 0.0866557 0.0951281 0.104232 0.113954 0.124281 0.13519 0.146658 0.158653 0.17114 0.18408 0.197426 0.211128 0.225131 0.239377 0.253802 0.268339 0.282919 0.29747 0.311919 0.326192 0.340212 0.353905 0.367197 0.380016 0.392291 0.403954 0.414941 0.425189 0.434642 0.443248 0.450957 0.457728 0.463521 0.468306 0.472055 0.474749 0.47637 0.476912 0.47637 0.474749 0.472055 0.468306 0.463521 0.457728 0.450957 0.443248 0.434642 0.425189 0.414941 0.403954 0.392291 0.380016 0.367197 0.353905 0.340212 0.326192 0.311919 0.29747 0.282919 0.268339 0.253802 0.239377 0.225131 0.211128 0.197426 0.18408 0.17114 0.158653 0.146658 0.13519 0.124281 0.113954 0.104232 0.0951281 0.0866557 0.0788221 0.0716317 0.0650862 0.0591845 0.0539238 0.0493 0.045308 0.0419423 0.0391974 0.0370684 0.035551 0.0346419 
0.0363315 0.0366504 0.0376077 0.0392054 0.0414469 0.0443363 0.0478788 0.0520796 0.0569442 0.0624774 0.0686832 0.075564 0.0831202 0.0913496 0.100247 0.109803 0.120006 0.130838 0.142276 0.154295 0.166861 0.179937 0.193481 0.207444 0.221773 0.23641 0.251294 0.266358 0.281532 0.296744 0.311919 0.326981 0.341852 0.356455 0.370711 0.384543 0.397878 0.410643 0.422766 0.434183 0.444829 0.454646 0.46358 0.471582 0.478608 0.484619 0.489583 0.493472 0.496265 0.497947 0.498508 0.497947 0.496265 0.493472 0.489583 0.484619 0.478608 0.471582 0.46358 0.454646 0.444829 0.434183 0.422766 0.410643 0.397878 0.384543 0.370711 0.356455 0.341852 0.326981 0.311919 0.296744 0.281532 0.266358 0.251294 0.23641 0.221773 0.207444 0.193481 0.179937 0.166861 0.154295 0.142276 0.130838 0.120006 0.109803 0.100247 0.0913496 0.0831202 0.075564 0.0686832 0.0624774 0.0569442 0.0520796 0.0478788 0.0443363 0.0414469 0.0392054 0.0376077 0.0366504 
0.0383244 0.0386592 0.0396644 0.041342 0.0436952 0.0467283 0.0504463 0.0548545 0.0599581 0.0657618 0.0722693 0.0794824 0.0874011 0.0960225 0.10534 0.115345 0.126022 0.137353 0.149314 0.161877 0.175006 0.188663 0.202801 0.217371 0.232316 0.247576 0.263086 0.278776 0.294575 0.310406 0.326192 0.341852 0.357308 0.372478 0.387282 0.401641 0.415478 0.428718 0.441289 0.453123 0.464154 0.474324 0.483577 0.491862 0.499135 0.505356 0.510492 0.514516 0.517406 0.519146 0.519727 0.519146 0.517406 0.514516 0.510492 0.505356 0.499135 0.491862 0.483577 0.474324 0.464154 0.453123 0.441289 0.428718 0.415478 0.401641 0.387282 0.372478 0.357308 0.341852 0.326192 0.310406 0.294575 0.278776 0.263086 0.247576 0.232316 0.217371 0.202801 0.188663 0.175006 0.161877 0.149314 0.137353 0.126022 0.115345 0.10534 0.0960225 0.0874011 0.0794824 0.0722693 0.0657618 0.0599581 0.0548545 0.0504463 0.0467283 0.0436952 0.041342 0.0396644 0.0386592 
0.0403062 0.0406568 0.0417093 0.0434657 0.0459294 0.0491044 0.0529958 0.0576087 0.0629483 0.0690188 0.0758238 0.0833646 0.0916406 0.100648 0.11038 0.120826 0.13197 0.143791 0.156266 0.169362 0.183044 0.197269 0.21199 0.227153 0.242701 0.258569 0.27469 0.290992 0.307399 0.323832 0.340212 0.356455 0.372478 0.388199 0.403535 0.418403 0.432726 0.446425 0.459428 0.471664 0.483068 0.493577 0.503137 0.511694 0.519205 0.525628 0.530931 0.535084 0.538066 0.539862 0.540462 0.539862 0.538066 0.535084 0.530931 0.525628 0.519205 0.511694 0.503137 0.493577 0.483068 0.471664 0.459428 0.446425 0.432726 0.418403 0.403535 0.388199 0.372478 0.356455 0.340212 0.323832 0.307399 0.290992 0.27469 0.258569 0.242701 0.227153 0.21199 0.197269 0.183044 0.169362 0.156266 0.143791 0.13197 0.120826 0.11038 0.100648 0.0916406 0.0833646 0.0758238 0.0690188 0.0629483 0.0576087 0.0529958 0.0491044 0.0459294 0.0434657 0.0417093 0.0406568 
0.0422647 0.0426308 0.0437298 0.0455637 0.0481358 0.0514503 0.0555119 0.0603257 0.0658968 0.0722292 0.0793258 0.0871878 0.0958138 0.1052 0.115337 0.126214 0.137814 0.150115 0.16309 0.176708 0.190928 0.205707 0.220995 0.236737 0.25287 0.269329 0.286044 0.302938 0.319935 0.336951 0.353905 0.370711 0.387282 0.403535 0.419382 0.434742 0.449531 0.463673 0.477091 0.489713 0.501473 0.512308 0.522161 0.53098 0.538718 0.545334 0.550795 0.555072 0.558143 0.559992 0.560609 0.559992 0.558143 0.555072 0.550795 0.545334 0.538718 0.53098 0.522161 0.512308 0.501473 0.489713 0.477091 0.463673 0.449531 0.434742 0.419382 0.403535 0.387282 0.370711 0.353905 0.336951 0.319935 0.302938 0.286044 0.269329 0.25287 0.236737 0.220995 0.205707 0.190928 0.176708 0.16309 0.150115 0.137814 0.126214 0.115337 0.1052 0.0958138 0.0871878 0.0793258 0.0722292 0.0658968 0.0603257 0.0555119 0.0514503 0.0481358 0.0455637 0.0437298 0.0426308 
0.0441876 0.0445688 0.0457132 0.0476228 0.0503007 0.0537512 0.0579789 0.0629887 0.0687855 0.0753731 0.082754 0.0909289 0.0998957 0.109649 0.120181 0.131477 0.14352 0.156287 0.169749 0.183871 0.198614 0.21393 0.229767 0.246067 0.262766 0.279796 0.297083 0.314549 0.332113 0.349691 0.367197 0.384543 0.401641 0.418403 0.434742 0.450571 0.465808 0.480372 0.494185 0.507177 0.519277 0.530422 0.540554 0.549621 0.557575 0.564375 0.569987 0.574381 0.577536 0.579435 0.58007 0.579435 0.577536 0.574381 0.569987 0.564375 0.557575 0.549621 0.540554 0.530422 0.519277 0.507177 0.494185 0.480372 0.465808 0.450571 0.434742 0.418403 0.401641 0.384543 0.367197 0.349691 0.332113 0.314549 0.297083 0.279796 0.262766 0.246067 0.229767 0.21393 0.198614 0.183871 0.169749 0.156287 0.14352 0.131477 0.120181 0.109649 0.0998957 0.0909289 0.082754 0.0753731 0.0687855 0.0629887 0.0579789 0.0537512 0.0503007 0.0476228 0.0457132 0.0445688 
0.0460622 0.0464581 0.0476466 0.0496295 0.05241 0.0559923 0.0603809 0.0655807 0.0715961 0.0784308 0.0860869 0.0945644 0.103861 0.11397 0.124883 0.136584 0.149055 0.162271 0.176202 0.190811 0.206056 0.221888 0.238253 0.25509 0.272333 0.289911 0.307746 0.32576 0.343868 0.361983 0.380016 0.397878 0.415478 0.432726 0.449531 0.465808 0.481469 0.496434 0.510624 0.523965 0.536387 0.547826 0.558222 0.567523 0.575681 0.582655 0.588409 0.592914 0.596149 0.598096 0.598746 0.598096 0.596149 0.592914 0.588409 0.582655 0.575681 0.567523 0.558222 0.547826 0.536387 0.523965 0.510624 0.496434 0.481469 0.465808 0.449531 0.432726 0.415478 0.397878 0.380016 0.361983 0.343868 0.32576 0.307746 0.289911 0.272333 0.25509 0.238253 0.221888 0.206056 0.190811 0.176202 0.162271 0.149055 0.136584 0.124883 0.11397 0.103861 0.0945644 0.0860869 0.0784308 0.0715961 0.0655807 0.0603809 0.0559923 0.05241 0.0496295 0.0476466 0.0464581 
0.047876 0.0482861 0.0495168 0.0515703 0.0544496 0.0581587 0.0627022 0.0680846 0.0743103 0.0813825 0.089303 0.0980713 0.107684 0.118135 0.129413 0.141503 0.154384 0.16803 0.18241 0.197484 0.21321 0.229536 0.246405 0.263755 0.281516 0.299615 0.317973 0.336508 0.355132 0.373757 0.392291 0.410643 0.428718 0.446425 0.463673 0.480372 0.496434 0.511777 0.526322 0.539992 0.552717 0.564432 0.575077 0.584598 0.592948 0.600084 0.605971 0.610581 0.613889 0.615881 0.616546 0.615881 0.613889 0.610581 0.605971 0.600084 0.592948 0.584598 0.575077 0.564432 0.552717 0.539992 0.526322 0.511777 0.496434 0.480372 0.463673 0.446425 0.428718 0.410643 0.392291 0.373757 0.355132 0.336508 0.317973 0.299615 0.281516 0.263755 0.246405 0.229536 0.21321 0.197484 0.18241 0.16803 0.154384 0.141503 0.129413 0.118135 0.107684 0.0980713 0.089303 0.0813825 0.0743103 0.0680846 0.0627022 0.0581587 0.0544496 0.0515703 0.0495168 0.0482861 
0.0496163 0.0500399 0.0513111 0.053432 0.0564055 0.0602357 0.0649269 0.0704836 0.0769099 0.0842085 0.0923811 0.101427 0.111341 0.122117 0.133743 0.146202 0.159473 0.173528 0.188334 0.203851 0.220033 0.236827 0.254173 0.272008 0.29026 0.308852 0.327704 0.346731 0.365843 0.384948 0.403954 0.422766 0.441289 0.459428 0.477091 0.494185 0.510624 0.526322 0.541198 0.555175 0.568184 0.580156 0.591033 0.60076 0.609288 0.616576 0.622587 0.627293 0.630671 0.632704 0.633383 0.632704 0.630671 0.627293 0.622587 0.616576 0.609288 0.60076 0.591033 0.580156 0.568184 0.555175 0.541198 0.526322 0.510624 0.494185 0.477091 0.459428 0.441289 0.422766 0.403954 0.384948 0.365843 0.346731 0.327704 0.308852 0.29026 0.272008 0.254173 0.236827 0.220033 0.203851 0.188334 0.173528 0.159473 0.146202 0.133743 0.122117 0.111341 0.101427 0.0923811 0.0842085 0.0769099 0.0704836 0.0649269 0.0602357 0.0564055 0.053432 0.0513111 0.0500399 
0.0512709 0.0517071 0.0530166 0.0552013 0.0582641 0.0622088 0.0670398 0.0727613 0.0793771 0.0868899 0.0953006 0.104608 0.114807 0.12589 0.137844 0.150652 0.16429 0.178731 0.193938 0.209871 0.226482 0.243716 0.261511 0.279802 0.298514 0.317569 0.336884 0.356371 0.375939 0.395494 0.414941 0.434183 0.453123 0.471664 0.489713 0.507177 0.523965 0.539992 0.555175 0.569439 0.582709 0.594921 0.606012 0.615929 0.624622 0.63205 0.638176 0.642971 0.646413 0.648484 0.649176 0.648484 0.646413 0.642971 0.638176 0.63205 0.624622 0.615929 0.606012 0.594921 0.582709 0.569439 0.555175 0.539992 0.523965 0.507177 0.489713 0.471664 0.453123 0.434183 0.414941 0.395494 0.375939 0.356371 0.336884 0.317569 0.298514 0.279802 0.261511 0.243716 0.226482 0.209871 0.193938 0.178731 0.16429 0.150652 0.137844 0.12589 0.114807 0.104608 0.0953006 0.0868899 0.0793771 0.0727613 0.0670398 0.0622088 0.0582641 0.0552013 0.0530166 0.0517071 
0.0528275 0.0532758 0.0546211 0.0568655 0.0600118 0.0640638 0.0690257 0.0749015 0.0816948 0.0894079 0.0980415 0.107593 0.118059 0.129429 0.141689 0.154822 0.168804 0.183604 0.199186 0.215507 0.232518 0.250161 0.268375 0.287089 0.306229 0.325713 0.345458 0.365372 0.385363 0.405334 0.425189 0.444829 0.464154 0.483068 0.501473 0.519277 0.536387 0.552717 0.568184 0.582709 0.596221 0.608652 0.61994 0.630031 0.638876 0.646431 0.652663 0.65754 0.661039 0.663146 0.663849 0.663146 0.661039 0.65754 0.652663 0.646431 0.638876 0.630031 0.61994 0.608652 0.596221 0.582709 0.568184 0.552717 0.536387 0.519277 0.501473 0.483068 0.464154 0.444829 0.425189 0.405334 0.385363 0.365372 0.345458 0.325713 0.306229 0.287089 0.268375 0.250161 0.232518 0.215507 0.199186 0.183604 0.168804 0.154822 0.141689 0.129429 0.118059 0.107593 0.0980415 0.0894079 0.0816948 0.0749015 0.0690257 0.0640638 0.0600118 0.0568655 0.0546211 0.0532758 
0.0542748 0.0547341 0.0561127 0.0584124 0.0616361 0.0657874 0.0708704 0.076889 0.0838466 0.0917451 0.100585 0.110363 0.121075 0.132709 0.145253 0.158687 0.172985 0.188117 0.204045 0.220723 0.238102 0.256123 0.27472 0.293824 0.313358 0.333237 0.353376 0.373682 0.394061 0.414414 0.434642 0.454646 0.474324 0.493577 0.512308 0.530422 0.547826 0.564432 0.580156 0.594921 0.608652 0.621281 0.632749 0.642997 0.651979 0.659651 0.665978 0.670929 0.674482 0.67662 0.677334 0.67662 0.674482 0.670929 0.665978 0.659651 0.651979 0.642997 0.632749 0.621281 0.608652 0.594921 0.580156 0.564432 0.547826 0.530422 0.512308 0.493577 0.474324 0.454646 0.434642 0.414414 0.394061 0.373682 0.353376 0.333237 0.313358 0.293824 0.27472 0.256123 0.238102 0.220723 0.204045 0.188117 0.172985 0.158687 0.145253 0.132709 0.121075 0.110363 0.100585 0.0917451 0.0838466 0.076889 0.0708704 0.0657874 0.0616361 0.0584124 0.0561127 0.0547341 
