0.00280262 0.00283229 0.00292148 0.00307073 0.00328094 0.00355332 0.00388936 0.00429083 0.00475968 0.00529801 0.00590799 0.00659183 0.00735166 0.00818946 0.009107 0.0101058 0.0111868 0.0123508 0.0135977 0.014927 0.0163374 0.0178271 0.019393 0.0210316 0.0227384 0.0245078 0.0263336 0.0282086 0.0301245 0.0320725 0.0340429 0.0360252 0.0380084 0.0399807 0.0419303 0.0438447 0.0457113 0.0475175 0.0492508 0.0508988 0.0524495 0.0538914 0.0552136 0.0564059 0.0574591 0.0583649 0.0591162 0.0597069 0.0601322 0.0603888 0.0604746 0.0603888 0.0601322 0.0597069 0.0591162 0.0583649 0.0574591 0.0564059 0.0552136 0.0538914 0.0524495 0.0508988 0.0492508 0.0475175 0.0457113 0.0438447 0.0419303 0.0399807 0.0380084 0.0360252 0.0340429 0.0320725 0.0301245 0.0282086 0.0263336 0.0245078 0.0227384 0.0210316 0.019393 0.0178271 0.0163374 0.014927 0.0135977 0.0123508 0.0111868 0.0101058 0.009107 0.00818946 0.00735166 0.00659183 0.00590799 0.00529801 0.00475968 0.00429083 0.00388936 0.00355332 0.00328094 0.00307073 0.00292148 0.00283229 
0.00283229 0.00286224 0.00295229 0.00310299 0.00331522 0.00359021 0.00392947 0.00433476 0.00480805 0.00535146 0.00596717 0.0066574 0.00742427 0.0082698 0.00919576 0.0102036 0.0112944 0.0124688 0.0137268 0.0150679 0.0164908 0.0179934 0.0195728 0.0212255 0.0229468 0.0247313 0.0265724 0.028463 0.0303948 0.0323589 0.0343454 0.0363438 0.0383429 0.0403311 0.0422962 0.0442258 0.0461071 0.0479275 0.0496744 0.0513352 0.0528979 0.0543509 0.0556832 0.0568846 0.0579459 0.0588586 0.0596156 0.0602108 0.0606393 0.0608979 0.0609843 0.0608979 0.0606393 0.0602108 0.0596156 0.0588586 0.0579459 0.0568846 0.0556832 0.0543509 0.0528979 0.0513352 0.0496744 0.0479275 0.0461071 0.0442258 0.0422962 0.0403311 0.0383429 0.0363438 0.0343454 0.0323589 0.0303948 0.028463 0.0265724 0.0247313 0.0229468 0.0212255 0.0195728 0.0179934 0.0164908 0.0150679 0.0137268 0.0124688 0.0112944 0.0102036 0.00919576 0.0082698 0.00742427 0.0066574 0.00596717 0.00535146 0.00480805 0.00433476 0.00392947 0.00359021 0.00331522 0.00310299 0.00295229 0.00286224 
0.00292148 0.00295229 0.00304493 0.00319995 0.00341825 0.00370109 0.00405 0.00446678 0.00495343 0.0055121 0.00614501 0.00685441 0.00764246 0.0085112 0.0094624 0.0104975 0.0116177 0.0128235 0.0141148 0.0154912 0.0169513 0.0184928 0.020113 0.0218079 0.0235729 0.0254023 0.0272895 0.029227 0.0312065 0.0332187 0.0352535 0.0373002 0.0393474 0.041383 0.0433948 0.0453699 0.0472954 0.0491583 0.0509457 0.0526449 0.0542436 0.0557299 0.0570927 0.0583215 0.0594069 0.0603403 0.0611144 0.061723 0.0621613 0.0624256 0.062514 0.0624256 0.0621613 0.061723 0.0611144 0.0603403 0.0594069 0.0583215 0.0570927 0.0557299 0.0542436 0.0526449 0.0509457 0.0491583 0.0472954 0.0453699 0.0433948 0.041383 0.0393474 0.0373002 0.0352535 0.0332187 0.0312065 0.029227 0.0272895 0.0254023 0.0235729 0.0218079 0.020113 0.0184928 0.0169513 0.0154912 0.0141148 0.0128235 0.0116177 0.0104975 0.0094624 0.0085112 0.00764246 0.00685441 0.00614501 0.0055121 0.00495343 0.00446678 0.00405 0.00370109 0.00341825 0.00319995 0.00304493 0.00295229 
0.00307073 0.00310299 0.00319995 0.00336218 0.00359063 0.00388659 0.00425162 0.0046876 0.00519656 0.00578073 0.00644237 0.0071838 0.00800723 0.00891472 0.00990808 0.0109888 0.0121579 0.0134161 0.0147631 0.0161984 0.0177205 0.0193271 0.0210152 0.0227806 0.0246185 0.0265228 0.0284868 0.0305027 0.0325616 0.034654 0.0367694 0.0388966 0.0410238 0.0431386 0.045228 0.047279 0.0492781 0.0512118 0.0530668 0.05483 0.0564886 0.0580305 0.059444 0.0607184 0.0618439 0.0628118 0.0636144 0.0642454 0.0646997 0.0649738 0.0650654 0.0649738 0.0646997 0.0642454 0.0636144 0.0628118 0.0618439 0.0607184 0.059444 0.0580305 0.0564886 0.05483 0.0530668 0.0512118 0.0492781 0.047279 0.045228 0.0431386 0.0410238 0.0388966 0.0367694 0.034654 0.0325616 0.0305027 0.0284868 0.0265228 0.0246185 0.0227806 0.0210152 0.0193271 0.0177205 0.0161984 0.0147631 0.0134161 0.0121579 0.0109888 0.00990808 0.00891472 0.00800723 0.0071838 0.00644237 0.00578073 0.00519656 0.0046876 0.00425162 0.00388659 0.00359063 0.00336218 0.00319995 0.00310299 
0.00328094 0.00331522 0.00341825 0.00359063 0.00383335 0.00414774 0.00453544 0.00499838 0.00553869 0.00615867 0.00686069 0.0076471 0.00852021 0.00948211 0.0105347 0.0116794 0.0129173 0.0142489 0.0156741 0.0171921 0.0188012 0.020499 0.0222822 0.0241465 0.0260865 0.0280959 0.0301676 0.0322932 0.0344634 0.0366681 0.0388964 0.0411363 0.0433756 0.0456011 0.0477993 0.0499565 0.0520585 0.0540913 0.0560409 0.0578936 0.0596361 0.0612556 0.06274 0.0640782 0.0652599 0.0662759 0.0671184 0.0677807 0.0682575 0.0685452 0.0686413 0.0685452 0.0682575 0.0677807 0.0671184 0.0662759 0.0652599 0.0640782 0.06274 0.0612556 0.0596361 0.0578936 0.0560409 0.0540913 0.0520585 0.0499565 0.0477993 0.0456011 0.0433756 0.0411363 0.0388964 0.0366681 0.0344634 0.0322932 0.0301676 0.0280959 0.0260865 0.0241465 0.0222822 0.020499 0.0188012 0.0171921 0.0156741 0.0142489 0.0129173 0.0116794 0.0105347 0.00948211 0.00852021 0.0076471 0.00686069 0.00615867 0.00553869 0.00499838 0.00453544 0.00414774 0.00383335 0.00359063 0.00341825 0.00331522 
0.00355332 0.00359021 0.00370109 0.00388659 0.00414774 0.00448593 0.00490291 0.00540069 0.0059815 0.00664774 0.00740188 0.00824638 0.00918361 0.0102157 0.0113447 0.0125719 0.0138985 0.0153249 0.0168509 0.0184754 0.0201967 0.0220121 0.0239179 0.0259095 0.027981 0.0301258 0.032336 0.0346027 0.0369162 0.0392654 0.0416388 0.0440238 0.0464071 0.048775 0.051113 0.0534066 0.0556409 0.0578009 0.0598721 0.0618397 0.0636899 0.0654091 0.0669846 0.0684046 0.0696584 0.0707362 0.0716298 0.0723323 0.072838 0.0731431 0.073245 0.0731431 0.072838 0.0723323 0.0716298 0.0707362 0.0696584 0.0684046 0.0669846 0.0654091 0.0636899 0.0618397 0.0598721 0.0578009 0.0556409 0.0534066 0.051113 0.048775 0.0464071 0.0440238 0.0416388 0.0392654 0.0369162 0.0346027 0.032336 0.0301258 0.027981 0.0259095 0.0239179 0.0220121 0.0201967 0.0184754 0.0168509 0.0153249 0.0138985 0.0125719 0.0113447 0.0102157 0.00918361 0.00824638 0.00740188 0.00664774 0.0059815 0.00540069 0.00490291 0.00448593 0.00414774 0.00388659 0.00370109 0.00359021 
0.00388936 0.00392947 0.00405 0.00425162 0.00453544 0.00490291 0.00535589 0.00589649 0.00652707 0.00725015 0.00806833 0.00898417 0.0100002 0.0111185 0.0123412 0.0136698 0.0151052 0.0166478 0.0182973 0.0200525 0.0219114 0.0238708 0.0259268 0.0280742 0.0303069 0.0326173 0.034997 0.0374365 0.0399251 0.0424511 0.045002 0.0475642 0.0501236 0.0526653 0.0551741 0.0576343 0.0600301 0.0623455 0.0645649 0.0666728 0.0686544 0.0704952 0.0721818 0.0737016 0.0750432 0.0761965 0.0771525 0.0779039 0.0784448 0.0787711 0.0788801 0.0787711 0.0784448 0.0779039 0.0771525 0.0761965 0.0750432 0.0737016 0.0721818 0.0704952 0.0686544 0.0666728 0.0645649 0.0623455 0.0600301 0.0576343 0.0551741 0.0526653 0.0501236 0.0475642 0.045002 0.0424511 0.0399251 0.0374365 0.034997 0.0326173 0.0303069 0.0280742 0.0259268 0.0238708 0.0219114 0.0200525 0.0182973 0.0166478 0.0151052 0.0136698 0.0123412 0.0111185 0.0100002 0.00898417 0.00806833 0.00725015 0.00652707 0.00589649 0.00535589 0.00490291 0.00453544 0.00425162 0.00405 0.00392947 
0.00429083 0.00433476 0.00446678 0.0046876 0.00499838 0.00540069 0.00589649 0.00648802 0.0071778 0.00796847 0.00886277 0.00986341 0.010973 0.0121938 0.0135279 0.0149767 0.0165413 0.0182218 0.0200179 0.021928 0.0239499 0.0260801 0.0283141 0.0306461 0.0330694 0.0355759 0.0381563 0.0408002 0.0434959 0.0462309 0.0489915 0.0517631 0.0545304 0.0572775 0.0599879 0.0626448 0.0652311 0.0677299 0.0701242 0.0723975 0.0745339 0.0765181 0.0783356 0.0799731 0.0814183 0.0826603 0.0836898 0.0844989 0.0850813 0.0854325 0.0855499 0.0854325 0.0850813 0.0844989 0.0836898 0.0826603 0.0814183 0.0799731 0.0783356 0.0765181 0.0745339 0.0723975 0.0701242 0.0677299 0.0652311 0.0626448 0.0599879 0.0572775 0.0545304 0.0517631 0.0489915 0.0462309 0.0434959 0.0408002 0.0381563 0.0355759 0.0330694 0.0306461 0.0283141 0.0260801 0.0239499 0.021928 0.0200179 0.0182218 0.0165413 0.0149767 0.0135279 0.0121938 0.010973 0.00986341 0.00886277 0.00796847 0.0071778 0.00648802 0.00589649 0.00540069 0.00499838 0.0046876 0.00446678 0.00433476 
0.00475968 0.00480805 0.00495343 0.00519656 0.00553869 0.0059815 0.00652707 0.0071778 0.00793634 0.00880552 0.00978823 0.0108873 0.0121055 0.0134452 0.0149084 0.0164967 0.018211 0.0200515 0.0220173 0.0241069 0.0263175 0.0286452 0.0310851 0.0336307 0.0362744 0.0390075 0.0418197 0.0446995 0.0476344 0.0506105 0.053613 0.0566261 0.0596332 0.062617 0.0655597 0.068443 0.0712488 0.0739585 0.0765541 0.0790178 0.0813324 0.0834814 0.0854495 0.0872222 0.0887864 0.0901306 0.0912445 0.0921199 0.0927499 0.0931299 0.0932569 0.0931299 0.0927499 0.0921199 0.0912445 0.0901306 0.0887864 0.0872222 0.0854495 0.0834814 0.0813324 0.0790178 0.0765541 0.0739585 0.0712488 0.068443 0.0655597 0.062617 0.0596332 0.0566261 0.053613 0.0506105 0.0476344 0.0446995 0.0418197 0.0390075 0.0362744 0.0336307 0.0310851 0.0286452 0.0263175 0.0241069 0.0220173 0.0200515 0.018211 0.0164967 0.0149084 0.0134452 0.0121055 0.0108873 0.00978823 0.00880552 0.00793634 0.0071778 0.00652707 0.0059815 0.00553869 0.00519656 0.00495343 0.00480805 
0.00529801 0.00535146 0.0055121 0.00578073 0.00615867 0.00664774 0.00725015 0.00796847 0.00880552 0.00976431 0.0108479 0.0120593 0.0134013 0.0148765 0.016487 0.0182342 0.020119 0.0221414 0.0243004 0.0265941 0.0290193 0.0315716 0.0342453 0.0370334 0.0399275 0.0429177 0.0459927 0.0491402 0.0523461 0.0555954 0.0588719 0.0621584 0.0654368 0.0686884 0.0718937 0.0750332 0.078087 0.0810351 0.0838581 0.0865367 0.0890524 0.0913876 0.0935255 0.0954508 0.0971493 0.0986086 0.0998178 0.100768 0.101452 0.101864 0.102002 0.101864 0.101452 0.100768 0.0998178 0.0986086 0.0971493 0.0954508 0.0935255 0.0913876 0.0890524 0.0865367 0.0838581 0.0810351 0.078087 0.0750332 0.0718937 0.0686884 0.0654368 0.0621584 0.0588719 0.0555954 0.0523461 0.0491402 0.0459927 0.0429177 0.0399275 0.0370334 0.0342453 0.0315716 0.0290193 0.0265941 0.0243004 0.0221414 0.020119 0.0182342 0.016487 0.0148765 0.0134013 0.0120593 0.0108479 0.00976431 0.00880552 0.00796847 0.00725015 0.00664774 0.00615867 0.00578073 0.0055121 0.00535146 
0.00590799 0.00596717 0.00614501 0.00644237 0.00686069 0.00740188 0.00806833 0.00886277 0.00978823 0.0108479 0.012045 0.0133828 0.0148641 0.0164916 0.0182675 0.0201933 0.0222696 0.0244962 0.0268721 0.0293947 0.0320604 0.0348644 0.0378001 0.0408597 0.0440338 0.0473116 0.0506806 0.0541271 0.0576358 0.0611902 0.0647726 0.0683641 0.0719452 0.0754953 0.0789934 0.0824182 0.0857481 0.0889616 0.0920376 0.0949554 0.0976949 0.100237 0.102564 0.104659 0.106506 0.108094 0.109409 0.110442 0.111185 0.111634 0.111783 0.111634 0.111185 0.110442 0.109409 0.108094 0.106506 0.104659 0.102564 0.100237 0.0976949 0.0949554 0.0920376 0.0889616 0.0857481 0.0824182 0.0789934 0.0754953 0.0719452 0.0683641 0.0647726 0.0611902 0.0576358 0.0541271 0.0506806 0.0473116 0.0440338 0.0408597 0.0378001 0.0348644 0.0320604 0.0293947 0.0268721 0.0244962 0.0222696 0.0201933 0.0182675 0.0164916 0.0148641 0.0133828 0.012045 0.0108479 0.00978823 0.00886277 0.00806833 0.00740188 0.00686069 0.00644237 0.00614501 0.00596717 
0.00659183 0.0066574 0.00685441 0.0071838 0.0076471 0.00824638 0.00898417 0.00986341 0.0108873 0.0120593 0.0133828 0.0148611 0.0164973 0.0182942 0.020254 0.022378 0.0246669 0.0271203 0.0297366 0.032513 0.0354454 0.0385281 0.0417539 0.045114 0.0485979 0.0521937 0.0558876 0.0596644 0.0635074 0.0673984 0.0713182 0.075246 0.0791606 0.0830395 0.08686 0.0905988 0.0942326 0.097738 0.101092 0.104273 0.107258 0.110028 0.112562 0.114843 0.116854 0.118582 0.120013 0.121137 0.121946 0.122434 0.122597 0.122434 0.121946 0.121137 0.120013 0.118582 0.116854 0.114843 0.112562 0.110028 0.107258 0.104273 0.101092 0.097738 0.0942326 0.0905988 0.08686 0.0830395 0.0791606 0.075246 0.0713182 0.0673984 0.0635074 0.0596644 0.0558876 0.0521937 0.0485979 0.045114 0.0417539 0.0385281 0.0354454 0.032513 0.0297366 0.0271203 0.0246669 0.022378 0.020254 0.0182942 0.0164973 0.0148611 0.0133828 0.0120593 0.0108873 0.00986341 0.00898417 0.00824638 0.0076471 0.0071838 0.00685441 0.0066574 
0.00735166 0.00742427 0.00764246 0.00800723 0.00852021 0.00918361 0.0100002 0.010973 0.0121055 0.0134013 0.0148641 0.0164973 0.0183043 0.0202877 0.0224498 0.024792 0.0273147 0.0300173 0.0328978 0.035953 0.0391781 0.0425666 0.0461104 0.0497998 0.0536231 0.0575669 0.0616163 0.0657544 0.0699628 0.0742217 0.0785098 0.0828048 0.0870831 0.0913206 0.0954925 0.0995734 0.103538 0.107361 0.111018 0.114485 0.117737 0.120754 0.123514 0.125997 0.128186 0.130067 0.131624 0.132847 0.133727 0.134257 0.134435 0.134257 0.133727 0.132847 0.131624 0.130067 0.128186 0.125997 0.123514 0.120754 0.117737 0.114485 0.111018 0.107361 0.103538 0.0995734 0.0954925 0.0913206 0.0870831 0.0828048 0.0785098 0.0742217 0.0699628 0.0657544 0.0616163 0.0575669 0.0536231 0.0497998 0.0461104 0.0425666 0.0391781 0.035953 0.0328978 0.0300173 0.0273147 0.024792 0.0224498 0.0202877 0.0183043 0.0164973 0.0148641 0.0134013 0.0121055 0.010973 0.0100002 0.00918361 0.00852021 0.00800723 0.00764246 0.00742427 
0.00818946 0.0082698 0.0085112 0.00891472 0.00948211 0.0102157 0.0111185 0.0121938 0.0134452 0.0148765 0.0164916 0.0182942 0.0202877 0.0224749 0.0248579 0.0274382 0.030216 0.0331902 0.0363587 0.0397175 0.0432611 0.0469822 0.0508719 0.0549191 0.059111 0.0634328 0.0678678 0.0723976 0.077002 0.0816593 0.0863462 0.0910384 0.0957102 0.100335 0.104887 0.109337 0.113659 0.117825 0.121809 0.125583 0.129124 0.132407 0.135409 0.13811 0.140491 0.142536 0.144228 0.145558 0.146514 0.147091 0.147284 0.147091 0.146514 0.145558 0.144228 0.142536 0.140491 0.13811 0.135409 0.132407 0.129124 0.125583 0.121809 0.117825 0.113659 0.109337 0.104887 0.100335 0.0957102 0.0910384 0.0863462 0.0816593 0.077002 0.0723976 0.0678678 0.0634328 0.059111 0.0549191 0.0508719 0.0469822 0.0432611 0.0397175 0.0363587 0.0331902 0.030216 0.0274382 0.0248579 0.0224749 0.0202877 0.0182942 0.0164916 0.0148765 0.0134452 0.0121938 0.0111185 0.0102157 0.00948211 0.00891472 0.0085112 0.0082698 
0.009107 0.00919576 0.0094624 0.00990808 0.0105347 0.0113447 0.0123412 0.0135279 0.0149084 0.016487 0.0182675 0.020254 0.0224498 0.0248579 0.0274805 0.0303188 0.0333727 0.036641 0.0401209 0.0438079 0.0476957 0.0517762 0.0560391 0.0604723 0.0650615 0.0697904 0.0746407 0.0795921 0.0846224 0.0897079 0.0948233 0.0999419 0.105036 0.110077 0.115035 0.119881 0.124586 0.129119 0.133452 0.137556 0.141405 0.144972 0.148234 0.151168 0.153753 0.155973 0.15781 0.159253 0.160291 0.160917 0.161126 0.160917 0.160291 0.159253 0.15781 0.155973 0.153753 0.151168 0.148234 0.144972 0.141405 0.137556 0.133452 0.129119 0.124586 0.119881 0.115035 0.110077 0.105036 0.0999419 0.0948233 0.0897079 0.0846224 0.0795921 0.0746407 0.0697904 0.0650615 0.0604723 0.0560391 0.0517762 0.0476957 0.0438079 0.0401209 0.036641 0.0333727 0.0303188 0.0274805 0.0248579 0.0224498 0.020254 0.0182675 0.016487 0.0149084 0.0135279 0.0123412 0.0113447 0.0105347 0.00990808 0.0094624 0.00919576 
0.0101058 0.0102036 0.0104975 0.0109888 0.0116794 0.0125719 0.0136698 0.0149767 0.0164967 0.0182342 0.0201933 0.022378 0.024792 0.0274382 0.0303188 0.0334347 0.0367858 0.0403703 0.0441849 0.0482244 0.0524817 0.0569475 0.0616106 0.0664574 0.0714721 0.0766367 0.0819311 0.087333 0.0928183 0.098361 0.103933 0.109507 0.115051 0.120534 0.125926 0.131193 0.136304 0.141227 0.145931 0.150386 0.154561 0.158431 0.161967 0.165148 0.16795 0.170355 0.172346 0.17391 0.175034 0.175712 0.175938 0.175712 0.175034 0.17391 0.172346 0.170355 0.16795 0.165148 0.161967 0.158431 0.154561 0.150386 0.145931 0.141227 0.136304 0.131193 0.125926 0.120534 0.115051 0.109507 0.103933 0.098361 0.0928183 0.087333 0.0819311 0.0766367 0.0714721 0.0664574 0.0616106 0.0569475 0.0524817 0.0482244 0.0441849 0.0403703 0.0367858 0.0334347 0.0303188 0.0274382 0.024792 0.022378 0.0201933 0.0182342 0.0164967 0.0149767 0.0136698 0.0125719 0.0116794 0.0109888 0.0104975 0.0102036 
0.0111868 0.0112944 0.0116177 0.0121579 0.0129173 0.0138985 0.0151052 0.0165413 0.018211 0.020119 0.0222696 0.0246669 0.0273147 0.030216 0.0333727 0.0367858 0.0404546 0.0443771 0.0485492 0.052965 0.0576165 0.0624933 0.0675828 0.07287 0.0783375 0.0839655 0.0897319 0.0956123 0.101581 0.107608 0.113665 0.11972 0.125741 0.131693 0.137542 0.143255 0.148796 0.154131 0.159226 0.16405 0.16857 0.172757 0.176584 0.180024 0.183055 0.185656 0.187808 0.189498 0.190713 0.191446 0.191691 0.191446 0.190713 0.189498 0.187808 0.185656 0.183055 0.180024 0.176584 0.172757 0.16857 0.16405 0.159226 0.154131 0.148796 0.143255 0.137542 0.131693 0.125741 0.11972 0.113665 0.107608 0.101581 0.0956123 0.0897319 0.0839655 0.0783375 0.07287 0.0675828 0.0624933 0.0576165 0.052965 0.0485492 0.0443771 0.0404546 0.0367858 0.0333727 0.030216 0.0273147 0.0246669 0.0222696 0.020119 0.018211 0.0165413 0.0151052 0.0138985 0.0129173 0.0121579 0.0116177 0.0112944 
0.0123508 0.0124688 0.0128235 0.0134161 0.0142489 0.0153249 0.0166478 0.0182218 0.0200515 0.0221414 0.0244962 0.0271203 0.0300173 0.0331902 0.036641 0.0403703 0.0443771 0.0486588 0.0532107 0.058026 0.0630957 0.0684081 0.0739494 0.0797029 0.0856495 0.0917674 0.0980326 0.104418 0.110896 0.117435 0.124003 0.130565 0.137087 0.143532 0.149863 0.156043 0.162035 0.167802 0.173309 0.17852 0.183401 0.187922 0.192052 0.195764 0.199033 0.201838 0.20416 0.205982 0.207292 0.208082 0.208346 0.208082 0.207292 0.205982 0.20416 0.201838 0.199033 0.195764 0.192052 0.187922 0.183401 0.17852 0.173309 0.167802 0.162035 0.156043 0.149863 0.143532 0.137087 0.130565 0.124003 0.117435 0.110896 0.104418 0.0980326 0.0917674 0.0856495 0.0797029 0.0739494 0.0684081 0.0630957 0.058026 0.0532107 0.0486588 0.0443771 0.0403703 0.036641 0.0331902 0.0300173 0.0271203 0.0244962 0.0221414 0.0200515 0.0182218 0.0166478 0.0153249 0.0142489 0.0134161 0.0128235 0.0124688 
0.0135977 0.0137268 0.0141148 0.0147631 0.0156741 0.0168509 0.0182973 0.0200179 0.0220173 0.0243004 0.0268721 0.0297366 0.0328978 0.0363587 0.0401209 0.0441849 0.0485492 0.0532107 0.0581638 0.063401 0.068912 0.0746839 0.0807013 0.0869458 0.0933966 0.10003 0.106819 0.113736 0.120748 0.127823 0.134926 0.14202 0.149067 0.156027 0.162861 0.16953 0.175993 0.182211 0.188146 0.19376 0.199018 0.203885 0.208331 0.212326 0.215844 0.218862 0.221359 0.223318 0.224727 0.225577 0.225861 0.225577 0.224727 0.223318 0.221359 0.218862 0.215844 0.212326 0.208331 0.203885 0.199018 0.19376 0.188146 0.182211 0.175993 0.16953 0.162861 0.156027 0.149067 0.14202 0.134926 0.127823 0.120748 0.113736 0.106819 0.10003 0.0933966 0.0869458 0.0807013 0.0746839 0.068912 0.063401 0.0581638 0.0532107 0.0485492 0.0441849 0.0401209 0.0363587 0.0328978 0.0297366 0.0268721 0.0243004 0.0220173 0.0200179 0.0182973 0.0168509 0.0156741 0.0147631 0.0141148 0.0137268 
0.014927 0.0150679 0.0154912 0.0161984 0.0171921 0.0184754 0.0200525 0.021928 0.0241069 0.0265941 0.0293947 0.032513 0.035953 0.0397175 0.0438079 0.0482244 0.052965 0.058026 0.063401 0.0690813 0.0750556 0.0813095 0.087826 0.0945851 0.101564 0.108736 0.116073 0.123544 0.131115 0.13875 0.14641 0.154058 0.16165 0.169147 0.176504 0.183681 0.190633 0.197319 0.203697 0.20973 0.215377 0.220604 0.225377 0.229665 0.23344 0.236677 0.239355 0.241457 0.242968 0.243879 0.244183 0.243879 0.242968 0.241457 0.239355 0.236677 0.23344 0.229665 0.225377 0.220604 0.215377 0.20973 0.203697 0.197319 0.190633 0.183681 0.176504 0.169147 0.16165 0.154058 0.14641 0.13875 0.131115 0.123544 0.116073 0.108736 0.101564 0.0945851 0.087826 0.0813095 0.0750556 0.0690813 0.063401 0.058026 0.052965 0.0482244 0.0438079 0.0397175 0.035953 0.032513 0.0293947 0.0265941 0.0241069 0.021928 0.0200525 0.0184754 0.0171921 0.0161984 0.0154912 0.0150679 
0.0163374 0.0164908 0.0169513 0.0177205 0.0188012 0.0201967 0.0219114 0.0239499 0.0263175 0.0290193 0.0320604 0.0354454 0.0391781 0.0432611 0.0476957 0.0524817 0.0576165 0.0630957 0.068912 0.0750556 0.0815138 0.0882709 0.0953082 0.102603 0.110132 0.117865 0.125772 0.133819 0.14197 0.150185 0.158425 0.166646 0.174804 0.182855 0.190754 0.198454 0.205912 0.21308 0.219917 0.226381 0.23243 0.238027 0.243136 0.247725 0.251764 0.255227 0.258092 0.26034 0.261956 0.26293 0.263255 0.26293 0.261956 0.26034 0.258092 0.255227 0.251764 0.247725 0.243136 0.238027 0.23243 0.226381 0.219917 0.21308 0.205912 0.198454 0.190754 0.182855 0.174804 0.166646 0.158425 0.150185 0.14197 0.133819 0.125772 0.117865 0.110132 0.102603 0.0953082 0.0882709 0.0815138 0.0750556 0.068912 0.0630957 0.0576165 0.0524817 0.0476957 0.0432611 0.0391781 0.0354454 0.0320604 0.0290193 0.0263175 0.0239499 0.0219114 0.0201967 0.0188012 0.0177205 0.0169513 0.0164908 
0.0178271 0.0179934 0.0184928 0.0193271 0.020499 0.0220121 0.0238708 0.0260801 0.0286452 0.0315716 0.0348644 0.0385281 0.0425666 0.0469822 0.0517762 0.0569475 0.0624933 0.0684081 0.0746839 0.0813095 0.0882709 0.0955509 0.103129 0.11098 0.119079 0.127393 0.13589 0.144533 0.153283 0.162098 0.170934 0.179747 0.188488 0.19711 0.205566 0.213805 0.221781 0.229446 0.236753 0.243658 0.250119 0.256095 0.261549 0.266446 0.270755 0.274449 0.277505 0.279902 0.281625 0.282664 0.283011 0.282664 0.281625 0.279902 0.277505 0.274449 0.270755 0.266446 0.261549 0.256095 0.250119 0.243658 0.236753 0.229446 0.221781 0.213805 0.205566 0.19711 0.188488 0.179747 0.170934 0.162098 0.153283 0.144533 0.13589 0.127393 0.119079 0.11098 0.103129 0.0955509 0.0882709 0.0813095 0.0746839 0.0684081 0.0624933 0.0569475 0.0517762 0.0469822 0.0425666 0.0385281 0.0348644 0.0315716 0.0286452 0.0260801 0.0238708 0.0220121 0.020499 0.0193271 0.0184928 0.0179934 
0.019393 0.0195728 0.020113 0.0210152 0.0222822 0.0239179 0.0259268 0.0283141 0.0310851 0.0342453 0.0378001 0.0417539 0.0461104 0.0508719 0.0560391 0.0616106 0.0675828 0.0739494 0.0807013 0.087826 0.0953082 0.103129 0.111265 0.119691 0.128377 0.137291 0.146396 0.155652 0.165018 0.174449 0.183899 0.193318 0.202656 0.211864 0.220889 0.229681 0.238187 0.246358 0.254145 0.261501 0.268382 0.274744 0.280549 0.28576 0.290344 0.294273 0.297523 0.300072 0.301904 0.303008 0.303377 0.303008 0.301904 0.300072 0.297523 0.294273 0.290344 0.28576 0.280549 0.274744 0.268382 0.261501 0.254145 0.246358 0.238187 0.229681 0.220889 0.211864 0.202656 0.193318 0.183899 0.174449 0.165018 0.155652 0.146396 0.137291 0.128377 0.119691 0.111265 0.103129 0.0953082 0.087826 0.0807013 0.0739494 0.0675828 0.0616106 0.0560391 0.0508719 0.0461104 0.0417539 0.0378001 0.0342453 0.0310851 0.0283141 0.0259268 0.0239179 0.0222822 0.0210152 0.020113 0.0195728 
0.0210316 0.0212255 0.0218079 0.0227806 0.0241465 0.0259095 0.0280742 0.0306461 0.0336307 0.0370334 0.0408597 0.045114 0.0497998 0.0549191 0.0604723 0.0664574 0.07287 0.0797029 0.0869458 0.0945851 0.102603 0.11098 0.119691 0.128707 0.137998 0.147526 0.157254 0.167138 0.177135 0.187196 0.197272 0.207311 0.217259 0.227063 0.236669 0.246022 0.255068 0.263753 0.272028 0.279842 0.287149 0.293902 0.300063 0.305591 0.310454 0.314622 0.318067 0.32077 0.322712 0.323882 0.324273 0.323882 0.322712 0.32077 0.318067 0.314622 0.310454 0.305591 0.300063 0.293902 0.287149 0.279842 0.272028 0.263753 0.255068 0.246022 0.236669 0.227063 0.217259 0.207311 0.197272 0.187196 0.177135 0.167138 0.157254 0.147526 0.137998 0.128707 0.119691 0.11098 0.102603 0.0945851 0.0869458 0.0797029 0.07287 0.0664574 0.0604723 0.0549191 0.0497998 0.045114 0.0408597 0.0370334 0.0336307 0.0306461 0.0280742 0.0259095 0.0241465 0.0227806 0.0218079 0.0212255 
0.0227384 0.0229468 0.0235729 0.0246185 0.0260865 0.027981 0.0303069 0.0330694 0.0362744 0.0399275 0.0440338 0.0485979 0.0536231 0.059111 0.0650615 0.0714721 0.0783375 0.0856495 0.0933966 0.101564 0.110132 0.119079 0.128377 0.137998 0.147905 0.158061 0.168424 0.178949 0.189589 0.200291 0.211004 0.221673 0.23224 0.24265 0.252844 0.262765 0.272357 0.281564 0.290331 0.298608 0.306344 0.313493 0.320012 0.325861 0.331004 0.335411 0.339054 0.341911 0.343964 0.345201 0.345615 0.345201 0.343964 0.341911 0.339054 0.335411 0.331004 0.325861 0.320012 0.313493 0.306344 0.298608 0.290331 0.281564 0.272357 0.262765 0.252844 0.24265 0.23224 0.221673 0.211004 0.200291 0.189589 0.178949 0.168424 0.158061 0.147905 0.137998 0.128377 0.119079 0.110132 0.101564 0.0933966 0.0856495 0.0783375 0.0714721 0.0650615 0.059111 0.0536231 0.0485979 0.0440338 0.0399275 0.0362744 0.0330694 0.0303069 0.027981 0.0260865 0.0246185 0.0235729 0.0229468 
0.0245078 0.0247313 0.0254023 0.0265228 0.0280959 0.0301258 0.0326173 0.0355759 0.0390075 0.0429177 0.0473116 0.0521937 0.0575669 0.0634328 0.0697904 0.0766367 0.0839655 0.0917674 0.10003 0.108736 0.117865 0.127393 0.137291 0.147526 0.158061 0.168855 0.179864 0.191039 0.20233 0.213683 0.22504 0.236345 0.247538 0.258559 0.269347 0.279842 0.289983 0.299714 0.308977 0.317719 0.325887 0.333432 0.340311 0.346481 0.351906 0.356553 0.360394 0.363405 0.36557 0.366873 0.367309 0.366873 0.36557 0.363405 0.360394 0.356553 0.351906 0.346481 0.340311 0.333432 0.325887 0.317719 0.308977 0.299714 0.289983 0.279842 0.269347 0.258559 0.247538 0.236345 0.22504 0.213683 0.20233 0.191039 0.179864 0.168855 0.158061 0.147526 0.137291 0.127393 0.117865 0.108736 0.10003 0.0917674 0.0839655 0.0766367 0.0697904 0.0634328 0.0575669 0.0521937 0.0473116 0.0429177 0.0390075 0.0355759 0.0326173 0.0301258 0.0280959 0.0265228 0.0254023 0.0247313 
0.0263336 0.0265724 0.0272895 0.0284868 0.0301676 0.032336 0.034997 0.0381563 0.0418197 0.0459927 0.0506806 0.0558876 0.0616163 0.0678678 0.0746407 0.0819311 0.0897319 0.0980326 0.106819 0.116073 0.125772 0.13589 0.146396 0.157254 0.168424 0.179864 0.191525 0.203357 0.215306 0.227313 0.23932 0.251267 0.263089 0.274723 0.286107 0.297177 0.30787 0.318126 0.327886 0.337092 0.345691 0.353633 0.36087 0.367361 0.373067 0.377953 0.381991 0.385157 0.387431 0.388802 0.389259 0.388802 0.387431 0.385157 0.381991 0.377953 0.373067 0.367361 0.36087 0.353633 0.345691 0.337092 0.327886 0.318126 0.30787 0.297177 0.286107 0.274723 0.263089 0.251267 0.23932 0.227313 0.215306 0.203357 0.191525 0.179864 0.168424 0.157254 0.146396 0.13589 0.125772 0.116073 0.106819 0.0980326 0.0897319 0.0819311 0.0746407 0.0678678 0.0616163 0.0558876 0.0506806 0.0459927 0.0418197 0.0381563 0.034997 0.032336 0.0301676 0.0284868 0.0272895 0.0265724 
0.0282086 0.028463 0.029227 0.0305027 0.0322932 0.0346027 0.0374365 0.0408002 0.0446995 0.0491402 0.0541271 0.0596644 0.0657544 0.0723976 0.0795921 0.087333 0.0956123 0.104418 0.113736 0.123544 0.133819 0.144533 0.155652 0.167138 0.178949 0.191039 0.203357 0.215849 0.228458 0.241123 0.253782 0.26637 0.278822 0.29107 0.30305 0.314694 0.325937 0.336716 0.34697 0.356638 0.365667 0.374002 0.381597 0.388406 0.394389 0.399513 0.403746 0.407065 0.409449 0.410886 0.411365 0.410886 0.409449 0.407065 0.403746 0.399513 0.394389 0.388406 0.381597 0.374002 0.365667 0.356638 0.34697 0.336716 0.325937 0.314694 0.30305 0.29107 0.278822 0.26637 0.253782 0.241123 0.228458 0.215849 0.203357 0.191039 0.178949 0.167138 0.155652 0.144533 0.133819 0.123544 0.113736 0.104418 0.0956123 0.087333 0.0795921 0.0723976 0.0657544 0.0596644 0.0541271 0.0491402 0.0446995 0.0408002 0.0374365 0.0346027 0.0322932 0.0305027 0.029227 0.028463 
0.0301245 0.0303948 0.0312065 0.0325616 0.0344634 0.0369162 0.0399251 0.0434959 0.0476344 0.0523461 0.0576358 0.0635074 0.0699628 0.077002 0.0846224 0.0928183 0.101581 0.110896 0.120748 0.131115 0.14197 0.153283 0.165018 0.177135 0.189589 0.20233 0.215306 0.228458 0.241727 0.255048 0.268357 0.281585 0.294664 0.307524 0.320096 0.33231 0.344099 0.355398 0.366141 0.376267 0.385721 0.394446 0.402393 0.409516 0.415774 0.421132 0.425558 0.429027 0.43152 0.433021 0.433522 0.433021 0.43152 0.429027 0.425558 0.421132 0.415774 0.409516 0.402393 0.394446 0.385721 0.376267 0.366141 0.355398 0.344099 0.33231 0.320096 0.307524 0.294664 0.281585 0.268357 0.255048 0.241727 0.228458 0.215306 0.20233 0.189589 0.177135 0.165018 0.153283 0.14197 0.131115 0.120748 0.110896 0.101581 0.0928183 0.0846224 0.077002 0.0699628 0.0635074 0.0576358 0.0523461 0.0476344 0.0434959 0.0399251 0.0369162 0.0344634 0.0325616 0.0312065 0.0303948 
0.0320725 0.0323589 0.0332187 0.034654 0.0366681 0.0392654 0.0424511 0.0462309 0.0506105 0.0555954 0.0611902 0.0673984 0.0742217 0.0816593 0.0897079 0.098361 0.107608 0.117435 0.127823 0.13875 0.150185 0.162098 0.174449 0.187196 0.200291 0.213683 0.227313 0.241123 0.255048 0.269022 0.282977 0.29684 0.31054 0.324006 0.337163 0.349942 0.36227 0.37408 0.385306 0.395885 0.405756 0.414864 0.423158 0.43059 0.437118 0.442706 0.447321 0.450938 0.453537 0.455102 0.455624 0.455102 0.453537 0.450938 0.447321 0.442706 0.437118 0.43059 0.423158 0.414864 0.405756 0.395885 0.385306 0.37408 0.36227 0.349942 0.337163 0.324006 0.31054 0.29684 0.282977 0.269022 0.255048 0.241123 0.227313 0.213683 0.200291 0.187196 0.174449 0.162098 0.150185 0.13875 0.127823 0.117435 0.107608 0.098361 0.0897079 0.0816593 0.0742217 0.0673984 0.0611902 0.0555954 0.0506105 0.0462309 0.0424511 0.0392654 0.0366681 0.034654 0.0332187 0.0323589 
0.0340429 0.0343454 0.0352535 0.0367694 0.0388964 0.0416388 0.045002 0.0489915 0.053613 0.0588719 0.0647726 0.0713182 0.0785098 0.0863462 0.0948233 0.103933 0.113665 0.124003 0.134926 0.14641 0.158425 0.170934 0.183899 0.197272 0.211004 0.22504 0.23932 0.253782 0.268357 0.282977 0.297568 0.312059 0.326372 0.340434 0.354169 0.367502 0.38036 0.392673 0.404373 0.415394 0.425675 0.435158 0.443791 0.451525 0.458317 0.464129 0.468929 0.472691 0.475392 0.47702 0.477563 0.47702 0.475392 0.472691 0.468929 0.464129 0.458317 0.451525 0.443791 0.435158 0.425675 0.415394 0.404373 0.392673 0.38036 0.367502 0.354169 0.340434 0.326372 0.312059 0.297568 0.282977 0.268357 0.253782 0.23932 0.22504 0.211004 0.197272 0.183899 0.170934 0.158425 0.14641 0.134926 0.124003 0.113665 0.103933 0.0948233 0.0863462 0.0785098 0.0713182 0.0647726 0.0588719 0.053613 0.0489915 0.045002 0.0416388 0.0388964 0.0367694 0.0352535 0.0343454 
0.0360252 0.0363438 0.0373002 0.0388966 0.0411363 0.0440238 0.0475642 0.0517631 0.0566261 0.0621584 0.0683641 0.075246 0.0828048 0.0910384 0.0999419 0.109507 0.11972 0.130565 0.14202 0.154058 0.166646 0.179747 0.193318 0.207311 0.221673 0.236345 0.251267 0.26637 0.281585 0.29684 0.312059 0.327165 0.34208 0.356726 0.371026 0.384902 0.398279 0.411083 0.423245 0.434698 0.445378 0.455227 0.46419 0.472217 0.479266 0.485296 0.490276 0.494177 0.496979 0.498667 0.49923 0.498667 0.496979 0.494177 0.490276 0.485296 0.479266 0.472217 0.46419 0.455227 0.445378 0.434698 0.423245 0.411083 0.398279 0.384902 0.371026 0.356726 0.34208 0.327165 0.312059 0.29684 0.281585 0.26637 0.251267 0.236345 0.221673 0.207311 0.193318 0.179747 0.166646 0.154058 0.14202 0.130565 0.11972 0.109507 0.0999419 0.0910384 0.0828048 0.075246 0.0683641 0.0621584 0.0566261 0.0517631 0.0475642 0.0440238 0.0411363 0.0388966 0.0373002 0.0363438 
0.0380084 0.0383429 0.0393474 0.0410238 0.0433756 0.0464071 0.0501236 0.0545304 0.0596332 0.0654368 0.0719452 0.0791606 0.0870831 0.0957102 0.105036 0.115051 0.125741 0.137087 0.149067 0.16165 0.174804 0.188488 0.202656 0.217259 0.23224 0.247538 0.263089 0.278822 0.294664 0.31054 0.326372 0.34208 0.357583 0.372799 0.38765 0.402054 0.415935 0.429217 0.441828 0.453699 0.464767 0.474969 0.484252 0.492563 0.49986 0.506101 0.511254 0.515291 0.51819 0.519935 0.520518 0.519935 0.51819 0.515291 0.511254 0.506101 0.49986 0.492563 0.484252 0.474969 0.464767 0.453699 0.441828 0.429217 0.415935 0.402054 0.38765 0.372799 0.357583 0.34208 0.326372 0.31054 0.294664 0.278822 0.263089 0.247538 0.23224 0.217259 0.202656 0.188488 0.174804 0.16165 0.149067 0.137087 0.125741 0.115051 0.105036 0.0957102 0.0870831 0.0791606 0.0719452 0.0654368 0.0596332 0.0545304 0.0501236 0.0464071 0.0433756 0.0410238 0.0393474 0.0383429 
0.0399807 0.0403311 0.041383 0.0431386 0.0456011 0.048775 0.0526653 0.0572775 0.062617 0.0686884 0.0754953 0.0830395 0.0913206 0.100335 0.110077 0.120534 0.131693 0.143532 0.156027 0.169147 0.182855 0.19711 0.211864 0.227063 0.24265 0.258559 0.274723 0.29107 0.307524 0.324006 0.340434 0.356726 0.372799 0.388569 0.403953 0.418869 0.433238 0.446981 0.460026 0.472302 0.483742 0.494286 0.503876 0.512461 0.519996 0.52644 0.531759 0.535926 0.538918 0.540719 0.541321 0.540719 0.538918 0.535926 0.531759 0.52644 0.519996 0.512461 0.503876 0.494286 0.483742 0.472302 0.460026 0.446981 0.433238 0.418869 0.403953 0.388569 0.372799 0.356726 0.340434 0.324006 0.307524 0.29107 0.274723 0.258559 0.24265 0.227063 0.211864 0.19711 0.182855 0.169147 0.156027 0.143532 0.131693 0.120534 0.110077 0.100335 0.0913206 0.0830395 0.0754953 0.0686884 0.062617 0.0572775 0.0526653 0.048775 0.0456011 0.0431386 0.041383 0.0403311 
0.0419303 0.0422962 0.0433948 0.045228 0.0477993 0.051113 0.0551741 0.0599879 0.0655597 0.0718937 0.0789934 0.08686 0.0954925 0.104887 0.115035 0.125926 0.137542 0.149863 0.162861 0.176504 0.190754 0.205566 0.220889 0.236669 0.252844 0.269347 0.286107 0.30305 0.320096 0.337163 0.354169 0.371026 0.38765 0.403953 0.419851 0.43526 0.450098 0.464285 0.477746 0.49041 0.502208 0.513078 0.522962 0.531809 0.539572 0.54621 0.551688 0.555979 0.55906 0.560914 0.561534 0.560914 0.55906 0.555979 0.551688 0.54621 0.539572 0.531809 0.522962 0.513078 0.502208 0.49041 0.477746 0.464285 0.450098 0.43526 0.419851 0.403953 0.38765 0.371026 0.354169 0.337163 0.320096 0.30305 0.286107 0.269347 0.252844 0.236669 0.220889 0.205566 0.190754 0.176504 0.162861 0.149863 0.137542 0.125926 0.115035 0.104887 0.0954925 0.08686 0.0789934 0.0718937 0.0655597 0.0599879 0.0551741 0.051113 0.0477993 0.045228 0.0433948 0.0422962 
0.0438447 0.0442258 0.0453699 0.047279 0.0499565 0.0534066 0.0576343 0.0626448 0.068443 0.0750332 0.0824182 0.0905988 0.0995734 0.109337 0.119881 0.131193 0.143255 0.156043 0.16953 0.183681 0.198454 0.213805 0.229681 0.246022 0.262765 0.279842 0.297177 0.314694 0.33231 0.349942 0.367502 0.384902 0.402054 0.418869 0.43526 0.45114 0.466427 0.481038 0.494897 0.50793 0.520069 0.53125 0.541415 0.550511 0.55849 0.565312 0.570941 0.57535 0.578515 0.58042 0.581056 0.58042 0.578515 0.57535 0.570941 0.565312 0.55849 0.550511 0.541415 0.53125 0.520069 0.50793 0.494897 0.481038 0.466427 0.45114 0.43526 0.418869 0.402054 0.384902 0.367502 0.349942 0.33231 0.314694 0.297177 0.279842 0.262765 0.246022 0.229681 0.213805 0.198454 0.183681 0.16953 0.156043 0.143255 0.131193 0.119881 0.109337 0.0995734 0.0905988 0.0824182 0.0750332 0.068443 0.0626448 0.0576343 0.0534066 0.0499565 0.047279 0.0453699 0.0442258 
0.0457113 0.0461071 0.0472954 0.0492781 0.0520585 0.0556409 0.0600301 0.0652311 0.0712488 0.078087 0.0857481 0.0942326 0.103538 0.113659 0.124586 0.136304 0.148796 0.162035 0.175993 0.190633 0.205912 0.221781 0.238187 0.255068 0.272357 0.289983 0.30787 0.325937 0.344099 0.36227 0.38036 0.398279 0.415935 0.433238 0.450098 0.466427 0.482139 0.497153 0.511389 0.524773 0.537235 0.54871 0.55914 0.568471 0.576655 0.583651 0.589423 0.593942 0.597187 0.59914 0.599792 0.59914 0.597187 0.593942 0.589423 0.583651 0.576655 0.568471 0.55914 0.54871 0.537235 0.524773 0.511389 0.497153 0.482139 0.466427 0.450098 0.433238 0.415935 0.398279 0.38036 0.36227 0.344099 0.325937 0.30787 0.289983 0.272357 0.255068 0.238187 0.221781 0.205912 0.190633 0.175993 0.162035 0.148796 0.136304 0.124586 0.113659 0.103538 0.0942326 0.0857481 0.078087 0.0712488 0.0652311 0.0600301 0.0556409 0.0520585 0.0492781 0.0472954 0.0461071 
0.0475175 0.0479275 0.0491583 0.0512118 0.0540913 0.0578009 0.0623455 0.0677299 0.0739585 0.0810351 0.0889616 0.097738 0.107361 0.117825 0.129119 0.141227 0.154131 0.167802 0.182211 0.197319 0.21308 0.229446 0.246358 0.263753 0.281564 0.299714 0.318126 0.336716 0.355398 0.37408 0.392673 0.411083 0.429217 0.446981 0.464285 0.481038 0.497153 0.512546 0.527137 0.540851 0.553617 0.56537 0.576049 0.585601 0.593977 0.601135 0.607041 0.611665 0.614983 0.616981 0.617648 0.616981 0.614983 0.611665 0.607041 0.601135 0.593977 0.585601 0.576049 0.56537 0.553617 0.540851 0.527137 0.512546 0.497153 0.481038 0.464285 0.446981 0.429217 0.411083 0.392673 0.37408 0.355398 0.336716 0.318126 0.299714 0.281564 0.263753 0.246358 0.229446 0.21308 0.197319 0.182211 0.167802 0.154131 0.141227 0.129119 0.117825 0.107361 0.097738 0.0889616 0.0810351 0.0739585 0.0677299 0.0623455 0.0578009 0.0540913 0.0512118 0.0491583 0.0479275 
0.0492508 0.0496744 0.0509457 0.0530668 0.0560409 0.0598721 0.0645649 0.0701242 0.0765541 0.0838581 0.0920376 0.101092 0.111018 0.121809 0.133452 0.145931 0.159226 0.173309 0.188146 0.203697 0.219917 0.236753 0.254145 0.272028 0.290331 0.308977 0.327886 0.34697 0.366141 0.385306 0.404373 0.423245 0.441828 0.460026 0.477746 0.494897 0.511389 0.527137 0.542061 0.556084 0.569134 0.581145 0.592056 0.601814 0.610369 0.617679 0.623709 0.62843 0.631818 0.633857 0.634538 0.633857 0.631818 0.62843 0.623709 0.617679 0.610369 0.601814 0.592056 0.581145 0.569134 0.556084 0.542061 0.527137 0.511389 0.494897 0.477746 0.460026 0.441828 0.423245 0.404373 0.385306 0.366141 0.34697 0.327886 0.308977 0.290331 0.272028 0.254145 0.236753 0.219917 0.203697 0.188146 0.173309 0.159226 0.145931 0.133452 0.121809 0.111018 0.101092 0.0920376 0.0838581 0.0765541 0.0701242 0.0645649 0.0598721 0.0560409 0.0530668 0.0509457 0.0496744 
0.0508988 0.0513352 0.0526449 0.05483 0.0578936 0.0618397 0.0666728 0.0723975 0.0790178 0.0865367 0.0949554 0.104273 0.114485 0.125583 0.137556 0.150386 0.16405 0.17852 0.19376 0.20973 0.226381 0.243658 0.261501 0.279842 0.298608 0.317719 0.337092 0.356638 0.376267 0.395885 0.415394 0.434698 0.453699 0.472302 0.49041 0.50793 0.524773 0.540851 0.556084 0.570393 0.583706 0.595956 0.607083 0.61703 0.625751 0.633201 0.639346 0.644156 0.647608 0.649686 0.650379 0.649686 0.647608 0.644156 0.639346 0.633201 0.625751 0.61703 0.607083 0.595956 0.583706 0.570393 0.556084 0.540851 0.524773 0.50793 0.49041 0.472302 0.453699 0.434698 0.415394 0.395885 0.376267 0.356638 0.337092 0.317719 0.298608 0.279842 0.261501 0.243658 0.226381 0.20973 0.19376 0.17852 0.16405 0.150386 0.137556 0.125583 0.114485 0.104273 0.0949554 0.0865367 0.0790178 0.0723975 0.0666728 0.0618397 0.0578936 0.05483 0.0526449 0.0513352 
0.0524495 0.0528979 0.0542436 0.0564886 0.0596361 0.0636899 0.0686544 0.0745339 0.0813324 0.0890524 0.0976949 0.107258 0.117737 0.129124 0.141405 0.154561 0.16857 0.183401 0.199018 0.215377 0.23243 0.250119 0.268382 0.287149 0.306344 0.325887 0.345691 0.365667 0.385721 0.405756 0.425675 0.445378 0.464767 0.483742 0.502208 0.520069 0.537235 0.553617 0.569134 0.583706 0.597261 0.60973 0.621054 0.631176 0.640048 0.647627 0.653877 0.658768 0.662279 0.664392 0.665097 0.664392 0.662279 0.658768 0.653877 0.647627 0.640048 0.631176 0.621054 0.60973 0.597261 0.583706 0.569134 0.553617 0.537235 0.520069 0.502208 0.483742 0.464767 0.445378 0.425675 0.405756 0.385721 0.365667 0.345691 0.325887 0.306344 0.287149 0.268382 0.250119 0.23243 0.215377 0.199018 0.183401 0.16857 0.154561 0.141405 0.129124 0.117737 0.107258 0.0976949 0.0890524 0.0813324 0.0745339 0.0686544 0.0636899 0.0596361 0.0564886 0.0542436 0.0528979 
0.0538914 0.0543509 0.0557299 0.0580305 0.0612556 0.0654091 0.0704952 0.0765181 0.0834814 0.0913876 0.100237 0.110028 0.120754 0.132407 0.144972 0.158431 0.172757 0.187922 0.203885 0.220604 0.238027 0.256095 0.274744 0.293902 0.313493 0.333432 0.353633 0.374002 0.394446 0.414864 0.435158 0.455227 0.474969 0.494286 0.513078 0.53125 0.54871 0.56537 0.581145 0.595956 0.60973 0.6224 0.633902 0.644182 0.653192 0.660887 0.667232 0.672198 0.675761 0.677906 0.678622 0.677906 0.675761 0.672198 0.667232 0.660887 0.653192 0.644182 0.633902 0.6224 0.60973 0.595956 0.581145 0.56537 0.54871 0.53125 0.513078 0.494286 0.474969 0.455227 0.435158 0.414864 0.394446 0.374002 0.353633 0.333432 0.313493 0.293902 0.274744 0.256095 0.238027 0.220604 0.203885 0.187922 0.172757 0.158431 0.144972 0.132407 0.120754 0.110028 0.100237 0.0913876 0.0834814 0.0765181 0.0704952 0.0654091 0.0612556 0.0580305 0.0557299 0.0543509 
