5.09347e-08 5.64633e-08 7.39883e-08 1.06438e-07 1.59065e-07 2.40029e-07 3.61249e-07 5.39556e-07 7.98205e-07 1.16876e-06 1.69339e-06 2.42767e-06 3.44369e-06 4.83371e-06 6.71404e-06 9.22919e-06 1.25559e-05 1.69072e-05 2.25352e-05 2.97342e-05 3.88406e-05 5.02326e-05 6.43267e-05 8.15711e-05 0.000102437 0.000127405 0.000156951 0.000191523 0.000231525 0.000277284 0.000329036 0.00038689 0.000450811 0.000520598 0.000595864 0.000676035 0.000760335 0.000847803 0.000937297 0.00102752 0.00111706 0.00120439 0.00128796 0.00136621 0.00143763 0.00150077 0.00155436 0.00159726 0.00162858 0.00164765 0.00165405 0.00164765 0.00162858 0.00159726 0.00155436 0.00150077 0.00143763 0.00136621 0.00128796 0.00120439 0.00111706 0.00102752 0.000937297 0.000847803 0.000760335 0.000676035 0.000595864 0.000520598 0.000450811 0.00038689 0.000329036 0.000277284 0.000231525 0.000191523 0.000156951 0.000127405 0.000102437 8.15711e-05 6.43267e-05 5.02326e-05 3.88406e-05 2.97342e-05 2.25352e-05 1.69072e-05 1.25559e-05 9.22919e-06 6.71404e-06 4.83371e-06 3.44369e-06 2.42767e-06 1.69339e-06 1.16876e-06 7.98205e-07 5.39556e-07 3.61249e-07 2.40029e-07 1.59065e-07 1.06438e-07 7.39883e-08 5.64633e-08 
5.64633e-08 6.25707e-08 8.19256e-08 1.17747e-07 1.75807e-07 2.65065e-07 3.98596e-07 5.9485e-07 8.79286e-07 1.28643e-06 1.86236e-06 2.6677e-06 3.78106e-06 5.30286e-06 7.35961e-06 1.01082e-05 1.37404e-05 1.84868e-05 2.46205e-05 3.2459e-05 4.23654e-05 5.47472e-05 7.00521e-05 8.87615e-05 0.00011138 0.000138423 0.000170397 0.000207781 0.000251 0.000300402 0.000356231 0.000418598 0.000487457 0.000562583 0.000643557 0.000729753 0.000820338 0.000914274 0.00101034 0.00110714 0.00120316 0.00129678 0.00138633 0.00147015 0.00154663 0.00161423 0.00167159 0.00171751 0.00175103 0.00177143 0.00177828 0.00177143 0.00175103 0.00171751 0.00167159 0.00161423 0.00154663 0.00147015 0.00138633 0.00129678 0.00120316 0.00110714 0.00101034 0.000914274 0.000820338 0.000729753 0.000643557 0.000562583 0.000487457 0.000418598 0.000356231 0.000300402 0.000251 0.000207781 0.000170397 0.000138423 0.00011138 8.87615e-05 7.00521e-05 5.47472e-05 4.23654e-05 3.2459e-05 2.46205e-05 1.84868e-05 1.37404e-05 1.01082e-05 7.35961e-06 5.30286e-06 3.78106e-06 2.6677e-06 1.86236e-06 1.28643e-06 8.79286e-07 5.9485e-07 3.98596e-07 2.65065e-07 1.75807e-07 1.17747e-07 8.19256e-08 6.25707e-08 
7.39883e-08 8.19256e-08 1.07065e-07 1.53542e-07 2.28763e-07 3.44204e-07 5.1658e-07 7.69421e-07 1.13512e-06 1.65748e-06 2.39484e-06 3.4237e-06 4.84297e-06 6.77869e-06 9.38909e-06 1.28699e-05 1.74595e-05 2.34437e-05 3.11597e-05 4.09985e-05 5.34055e-05 6.88785e-05 8.79626e-05 0.000111242 0.000139325 0.00017283 0.000212362 0.000258489 0.00031171 0.000372429 0.000440917 0.000517286 0.000601457 0.000693134 0.000791787 0.00089664 0.00100667 0.00112061 0.00123699 0.00135411 0.00147016 0.00158319 0.00169121 0.00179224 0.00188434 0.0019657 0.0020347 0.00208991 0.0021302 0.00215471 0.00216294 0.00215471 0.0021302 0.00208991 0.0020347 0.0019657 0.00188434 0.00179224 0.00169121 0.00158319 0.00147016 0.00135411 0.00123699 0.00112061 0.00100667 0.00089664 0.000791787 0.000693134 0.000601457 0.000517286 0.000440917 0.000372429 0.00031171 0.000258489 0.000212362 0.00017283 0.000139325 0.000111242 8.79626e-05 6.88785e-05 5.34055e-05 4.09985e-05 3.11597e-05 2.34437e-05 1.74595e-05 1.28699e-05 9.38909e-06 6.77869e-06 4.84297e-06 3.4237e-06 2.39484e-06 1.65748e-06 1.13512e-06 7.69421e-07 5.1658e-07 3.44204e-07 2.28763e-07 1.53542e-07 1.07065e-07 8.19256e-08 
1.06438e-07 1.17747e-07 1.53542e-07 2.19635e-07 3.26421e-07 4.89975e-07 7.3365e-07 1.09024e-06 1.60475e-06 2.33786e-06 3.3701e-06 4.80674e-06 6.78344e-06 9.4724e-06 1.30891e-05 1.78989e-05 2.4224e-05 3.2449e-05 4.30259e-05 5.64763e-05 7.33922e-05 9.44319e-05 0.000120313 0.000151799 0.000189683 0.000234765 0.00028782 0.00034957 0.000420643 0.000501533 0.000592559 0.00069383 0.000805201 0.000926247 0.00105624 0.00119413 0.00133857 0.00148788 0.00164012 0.00179311 0.00194447 0.00209171 0.00223226 0.00236356 0.00248315 0.00258872 0.00267818 0.00274972 0.00280191 0.00283365 0.00284431 0.00283365 0.00280191 0.00274972 0.00267818 0.00258872 0.00248315 0.00236356 0.00223226 0.00209171 0.00194447 0.00179311 0.00164012 0.00148788 0.00133857 0.00119413 0.00105624 0.000926247 0.000805201 0.00069383 0.000592559 0.000501533 0.000420643 0.00034957 0.00028782 0.000234765 0.000189683 0.000151799 0.000120313 9.44319e-05 7.33922e-05 5.64763e-05 4.30259e-05 3.2449e-05 2.4224e-05 1.78989e-05 1.30891e-05 9.4724e-06 6.78344e-06 4.80674e-06 3.3701e-06 2.33786e-06 1.60475e-06 1.09024e-06 7.3365e-07 4.89975e-07 3.26421e-07 2.19635e-07 1.53542e-07 1.17747e-07 
1.59065e-07 1.75807e-07 2.28763e-07 3.26421e-07 4.83941e-07 7.24721e-07 1.08267e-06 1.60528e-06 2.35754e-06 3.42679e-06 4.92857e-06 7.01344e-06 9.87467e-06 1.37568e-05 1.89646e-05 2.58722e-05 3.49318e-05 4.6681e-05 6.1749e-05 8.0859e-05 0.000104827 0.000134558 0.000171031 0.000215284 0.000268387 0.000331412 0.000405391 0.000491272 0.000589868 0.000701806 0.000827468 0.000966943 0.00111998 0.00128595 0.0014638 0.00165209 0.00184892 0.00205203 0.00225878 0.0024662 0.00267112 0.00287017 0.00305994 0.00323703 0.00339816 0.00354028 0.00366061 0.00375681 0.00382694 0.00386959 0.0038839 0.00386959 0.00382694 0.00375681 0.00366061 0.00354028 0.00339816 0.00323703 0.00305994 0.00287017 0.00267112 0.0024662 0.00225878 0.00205203 0.00184892 0.00165209 0.0014638 0.00128595 0.00111998 0.000966943 0.000827468 0.000701806 0.000589868 0.000491272 0.000405391 0.000331412 0.000268387 0.000215284 0.000171031 0.000134558 0.000104827 8.0859e-05 6.1749e-05 4.6681e-05 3.49318e-05 2.58722e-05 1.89646e-05 1.37568e-05 9.87467e-06 7.01344e-06 4.92857e-06 3.42679e-06 2.35754e-06 1.60528e-06 1.08267e-06 7.24721e-07 4.83941e-07 3.26421e-07 2.28763e-07 1.75807e-07 
2.40029e-07 2.65065e-07 3.44204e-07 4.89975e-07 7.24721e-07 1.08287e-06 1.61419e-06 2.3882e-06 3.49978e-06 5.07605e-06 7.28466e-06 1.03433e-05 1.45306e-05 2.01978e-05 2.77809e-05 3.78135e-05 5.09376e-05 6.7914e-05 8.96286e-05 0.000117096 0.000151456 0.000193964 0.000245974 0.000308913 0.000384243 0.000473416 0.000577819 0.000698713 0.000837162 0.000993962 0.00116957 0.00136403 0.00157691 0.00180728 0.00205363 0.00231391 0.00258549 0.00286521 0.00314945 0.00343417 0.00371503 0.00398748 0.0042469 0.00448871 0.00470851 0.0049022 0.0050661 0.00519704 0.00529245 0.00535047 0.00536993 0.00535047 0.00529245 0.00519704 0.0050661 0.0049022 0.00470851 0.00448871 0.0042469 0.00398748 0.00371503 0.00343417 0.00314945 0.00286521 0.00258549 0.00231391 0.00205363 0.00180728 0.00157691 0.00136403 0.00116957 0.000993962 0.000837162 0.000698713 0.000577819 0.000473416 0.000384243 0.000308913 0.000245974 0.000193964 0.000151456 0.000117096 8.96286e-05 6.7914e-05 5.09376e-05 3.78135e-05 2.77809e-05 2.01978e-05 1.45306e-05 1.03433e-05 7.28466e-06 5.07605e-06 3.49978e-06 2.3882e-06 1.61419e-06 1.08287e-06 7.24721e-07 4.89975e-07 3.44204e-07 2.65065e-07 
3.61249e-07 3.98596e-07 5.1658e-07 7.3365e-07 1.08267e-06 1.61419e-06 2.4011e-06 3.545e-06 5.18412e-06 7.50315e-06 1.07449e-05 1.52237e-05 2.13404e-05 2.95988e-05 4.06219e-05 5.51693e-05 7.41515e-05 9.86431e-05 0.000129891 0.000169315 0.000218504 0.000279202 0.000353276 0.000442683 0.000549418 0.000675444 0.000822623 0.000992625 0.00118683 0.00140626 0.00165142 0.00192227 0.00221813 0.00253759 0.00287851 0.00323798 0.00361235 0.00399724 0.00438768 0.00477815 0.00516275 0.00553533 0.00588964 0.00621953 0.0065191 0.00678286 0.00700589 0.00718396 0.00731366 0.0073925 0.00741895 0.0073925 0.00731366 0.00718396 0.00700589 0.00678286 0.0065191 0.00621953 0.00588964 0.00553533 0.00516275 0.00477815 0.00438768 0.00399724 0.00361235 0.00323798 0.00287851 0.00253759 0.00221813 0.00192227 0.00165142 0.00140626 0.00118683 0.000992625 0.000822623 0.000675444 0.000549418 0.000442683 0.000353276 0.000279202 0.000218504 0.000169315 0.000129891 9.86431e-05 7.41515e-05 5.51693e-05 4.06219e-05 2.95988e-05 2.13404e-05 1.52237e-05 1.07449e-05 7.50315e-06 5.18412e-06 3.545e-06 2.4011e-06 1.61419e-06 1.08267e-06 7.3365e-07 5.1658e-07 3.98596e-07 
5.39556e-07 5.9485e-07 7.69421e-07 1.09024e-06 1.60528e-06 2.3882e-06 3.545e-06 5.22301e-06 7.62216e-06 1.10088e-05 1.57321e-05 2.22424e-05 3.11124e-05 4.30591e-05 5.89665e-05 7.99078e-05 0.000107165 0.000142244 0.000186887 0.000243067 0.000312983 0.000399034 0.000503779 0.00062988 0.000780034 0.000956876 0.00116288 0.00140023 0.00167071 0.00197557 0.00231538 0.00268994 0.00309816 0.00353798 0.00400637 0.00449925 0.00501155 0.0055373 0.00606971 0.00660129 0.0071241 0.00762986 0.00811021 0.00855695 0.00896222 0.00931873 0.00961996 0.00986032 0.0100353 0.0101417 0.0101773 0.0101417 0.0100353 0.00986032 0.00961996 0.00931873 0.00896222 0.00855695 0.00811021 0.00762986 0.0071241 0.00660129 0.00606971 0.0055373 0.00501155 0.00449925 0.00400637 0.00353798 0.00309816 0.00268994 0.00231538 0.00197557 0.00167071 0.00140023 0.00116288 0.000956876 0.000780034 0.00062988 0.000503779 0.000399034 0.000312983 0.000243067 0.000186887 0.000142244 0.000107165 7.99078e-05 5.89665e-05 4.30591e-05 3.11124e-05 2.22424e-05 1.57321e-05 1.10088e-05 7.62216e-06 5.22301e-06 3.545e-06 2.3882e-06 1.60528e-06 1.09024e-06 7.69421e-07 5.9485e-07 
7.98205e-07 8.79286e-07 1.13512e-06 1.60475e-06 2.35754e-06 3.49978e-06 5.18412e-06 7.62216e-06 1.11003e-05 1.59989e-05 2.28151e-05 3.21882e-05 4.49281e-05 6.20455e-05 8.47819e-05 0.000114639 0.000153403 0.000203167 0.000266334 0.000345622 0.000444042 0.000564859 0.000711541 0.000887672 0.00109685 0.00134258 0.0016281 0.00195623 0.00232923 0.00274861 0.00321494 0.00372774 0.00428535 0.0048848 0.00552181 0.00619075 0.00688468 0.0075955 0.00831404 0.00903029 0.00973361 0.010413 0.0110575 0.0116561 0.0121987 0.0126755 0.0130781 0.0133991 0.0136328 0.0137747 0.0138223 0.0137747 0.0136328 0.0133991 0.0130781 0.0126755 0.0121987 0.0116561 0.0110575 0.010413 0.00973361 0.00903029 0.00831404 0.0075955 0.00688468 0.00619075 0.00552181 0.0048848 0.00428535 0.00372774 0.00321494 0.00274861 0.00232923 0.00195623 0.0016281 0.00134258 0.00109685 0.000887672 0.000711541 0.000564859 0.000444042 0.000345622 0.000266334 0.000203167 0.000153403 0.000114639 8.47819e-05 6.20455e-05 4.49281e-05 3.21882e-05 2.28151e-05 1.59989e-05 1.11003e-05 7.62216e-06 5.18412e-06 3.49978e-06 2.35754e-06 1.60475e-06 1.13512e-06 8.79286e-07 
1.16876e-06 1.28643e-06 1.65748e-06 2.33786e-06 3.42679e-06 5.07605e-06 7.50315e-06 1.10088e-05 1.59989e-05 2.30111e-05 3.27453e-05 4.60993e-05 6.42066e-05 8.84762e-05 0.000120633 0.000162755 0.000217304 0.000287152 0.000375585 0.000486298 0.000623365 0.000791183 0.000994388 0.00123775 0.00152601 0.00186375 0.00225515 0.00270381 0.00321251 0.00378303 0.00441586 0.00511007 0.00586317 0.00667094 0.00752742 0.00842492 0.00935407 0.010304 0.0112625 0.0122163 0.0131514 0.0140534 0.0149078 0.0157005 0.0164181 0.0170483 0.0175799 0.0180036 0.0183117 0.0184989 0.0185617 0.0184989 0.0183117 0.0180036 0.0175799 0.0170483 0.0164181 0.0157005 0.0149078 0.0140534 0.0131514 0.0122163 0.0112625 0.010304 0.00935407 0.00842492 0.00752742 0.00667094 0.00586317 0.00511007 0.00441586 0.00378303 0.00321251 0.00270381 0.00225515 0.00186375 0.00152601 0.00123775 0.000994388 0.000791183 0.000623365 0.000486298 0.000375585 0.000287152 0.000217304 0.000162755 0.000120633 8.84762e-05 6.42066e-05 4.60993e-05 3.27453e-05 2.30111e-05 1.59989e-05 1.10088e-05 7.50315e-06 5.07605e-06 3.42679e-06 2.33786e-06 1.65748e-06 1.28643e-06 
1.69339e-06 1.86236e-06 2.39484e-06 3.3701e-06 4.92857e-06 7.28466e-06 1.07449e-05 1.57321e-05 2.28151e-05 3.27453e-05 4.6498e-05 6.53197e-05 9.07786e-05 0.000124817 0.000169805 0.000228585 0.000304512 0.00040148 0.000523927 0.000676819 0.000865599 0.00109611 0.00137449 0.00170697 0.00209974 0.00255868 0.00308913 0.00369557 0.00438138 0.00514852 0.00599729 0.00692609 0.00793122 0.00900679 0.0101446 0.0113343 0.0125634 0.0138175 0.0150804 0.016335 0.0175629 0.0187455 0.0198641 0.0209007 0.0218381 0.0226604 0.0233535 0.0239056 0.0243069 0.0245506 0.0246323 0.0245506 0.0243069 0.0239056 0.0233535 0.0226604 0.0218381 0.0209007 0.0198641 0.0187455 0.0175629 0.016335 0.0150804 0.0138175 0.0125634 0.0113343 0.0101446 0.00900679 0.00793122 0.00692609 0.00599729 0.00514852 0.00438138 0.00369557 0.00308913 0.00255868 0.00209974 0.00170697 0.00137449 0.00109611 0.000865599 0.000676819 0.000523927 0.00040148 0.000304512 0.000228585 0.000169805 0.000124817 9.07786e-05 6.53197e-05 4.6498e-05 3.27453e-05 2.28151e-05 1.57321e-05 1.07449e-05 7.28466e-06 4.92857e-06 3.3701e-06 2.39484e-06 1.86236e-06 
2.42767e-06 2.6677e-06 3.4237e-06 4.80674e-06 7.01344e-06 1.03433e-05 1.52237e-05 2.22424e-05 3.21882e-05 4.60993e-05 6.53197e-05 9.15605e-05 0.000126967 0.000174188 0.00023644 0.000317567 0.000422087 0.000555219 0.000722885 0.000931673 0.00118877 0.00150185 0.00187889 0.00232798 0.00285705 0.00347355 0.00418414 0.00499434 0.00590809 0.00692751 0.00805245 0.00928029 0.0106057 0.0120206 0.0135138 0.0150716 0.0166774 0.0183125 0.0199559 0.0215853 0.0231774 0.0247083 0.0261543 0.0274924 0.0287011 0.0297603 0.0306524 0.0313624 0.0318783 0.0321914 0.0322964 0.0321914 0.0318783 0.0313624 0.0306524 0.0297603 0.0287011 0.0274924 0.0261543 0.0247083 0.0231774 0.0215853 0.0199559 0.0183125 0.0166774 0.0150716 0.0135138 0.0120206 0.0106057 0.00928029 0.00805245 0.00692751 0.00590809 0.00499434 0.00418414 0.00347355 0.00285705 0.00232798 0.00187889 0.00150185 0.00118877 0.000931673 0.000722885 0.000555219 0.000422087 0.000317567 0.00023644 0.000174188 0.000126967 9.15605e-05 6.53197e-05 4.60993e-05 3.21882e-05 2.22424e-05 1.52237e-05 1.03433e-05 7.01344e-06 4.80674e-06 3.4237e-06 2.6677e-06 
3.44369e-06 3.78106e-06 4.84297e-06 6.78344e-06 9.87467e-06 1.45306e-05 2.13404e-05 3.11124e-05 4.49281e-05 6.42066e-05 9.07786e-05 0.000126967 0.000175675 0.00024047 0.00032567 0.000436414 0.000578712 0.000759478 0.000986516 0.00126846 0.00161469 0.00203513 0.00254004 0.00313975 0.00384426 0.00466289 0.00560381 0.00667362 0.00787683 0.0092155 0.0106888 0.0122925 0.0140193 0.0158579 0.0177936 0.0198082 0.0218802 0.0239854 0.026097 0.0281866 0.0302247 0.0321811 0.0340262 0.0357314 0.0372697 0.0386163 0.0397495 0.0406507 0.0413053 0.0417024 0.0418354 0.0417024 0.0413053 0.0406507 0.0397495 0.0386163 0.0372697 0.0357314 0.0340262 0.0321811 0.0302247 0.0281866 0.026097 0.0239854 0.0218802 0.0198082 0.0177936 0.0158579 0.0140193 0.0122925 0.0106888 0.0092155 0.00787683 0.00667362 0.00560381 0.00466289 0.00384426 0.00313975 0.00254004 0.00203513 0.00161469 0.00126846 0.000986516 0.000759478 0.000578712 0.000436414 0.00032567 0.00024047 0.000175675 0.000126967 9.07786e-05 6.42066e-05 4.49281e-05 3.11124e-05 2.13404e-05 1.45306e-05 9.87467e-06 6.78344e-06 4.84297e-06 3.78106e-06 
4.83371e-06 5.30286e-06 6.77869e-06 9.4724e-06 1.37568e-05 2.01978e-05 2.95988e-05 4.30591e-05 6.20455e-05 8.84762e-05 0.000124817 0.000174188 0.00024047 0.000328418 0.000443759 0.000593282 0.000784894 0.00102764 0.00133168 0.00170821 0.00216927 0.00272756 0.0033961 0.00418788 0.00511534 0.00618991 0.00742146 0.00881768 0.0103835 0.0121208 0.0140273 0.0160971 0.0183196 0.0206799 0.0231586 0.0257319 0.0283724 0.0310491 0.0337282 0.036374 0.0389497 0.0414179 0.0437421 0.0458868 0.0478191 0.0495088 0.0509294 0.0520584 0.0528778 0.0533747 0.0535413 0.0533747 0.0528778 0.0520584 0.0509294 0.0495088 0.0478191 0.0458868 0.0437421 0.0414179 0.0389497 0.036374 0.0337282 0.0310491 0.0283724 0.0257319 0.0231586 0.0206799 0.0183196 0.0160971 0.0140273 0.0121208 0.0103835 0.00881768 0.00742146 0.00618991 0.00511534 0.00418788 0.0033961 0.00272756 0.00216927 0.00170821 0.00133168 0.00102764 0.000784894 0.000593282 0.000443759 0.000328418 0.00024047 0.000174188 0.000124817 8.84762e-05 6.20455e-05 4.30591e-05 2.95988e-05 2.01978e-05 1.37568e-05 9.4724e-06 6.77869e-06 5.30286e-06 
6.71404e-06 7.35961e-06 9.38909e-06 1.30891e-05 1.89646e-05 2.77809e-05 4.06219e-05 5.89665e-05 8.47819e-05 0.000120633 0.000169805 0.00023644 0.00032567 0.000443759 0.000598219 0.000797916 0.00105313 0.00137555 0.00177825 0.00227554 0.00288273 0.00361583 0.00449114 0.00552475 0.0067319 0.00812641 0.00971988 0.0115211 0.0135352 0.0157633 0.0182015 0.0208409 0.0236673 0.0266607 0.029796 0.0330428 0.0363661 0.039727 0.0430835 0.0463914 0.0496051 0.0526792 0.055569 0.0582317 0.0606275 0.06272 0.0644775 0.0658731 0.0668855 0.0674992 0.0677048 0.0674992 0.0668855 0.0658731 0.0644775 0.06272 0.0606275 0.0582317 0.055569 0.0526792 0.0496051 0.0463914 0.0430835 0.039727 0.0363661 0.0330428 0.029796 0.0266607 0.0236673 0.0208409 0.0182015 0.0157633 0.0135352 0.0115211 0.00971988 0.00812641 0.0067319 0.00552475 0.00449114 0.00361583 0.00288273 0.00227554 0.00177825 0.00137555 0.00105313 0.000797916 0.000598219 0.000443759 0.00032567 0.00023644 0.000169805 0.000120633 8.47819e-05 5.89665e-05 4.06219e-05 2.77809e-05 1.89646e-05 1.30891e-05 9.38909e-06 7.35961e-06 
9.22919e-06 1.01082e-05 1.28699e-05 1.78989e-05 2.58722e-05 3.78135e-05 5.51693e-05 7.99078e-05 0.000114639 0.000162755 0.000228585 0.000317567 0.000436414 0.000593282 0.000797916 0.00106176 0.00139801 0.00182163 0.00234921 0.00299883 0.00378969 0.00474173 0.00587506 0.00720932 0.0087629 0.0105521 0.0125905 0.0148876 0.0174484 0.0202728 0.0233544 0.0266806 0.0302321 0.033983 0.0379009 0.0419473 0.0460786 0.0502464 0.054399 0.0584824 0.0624415 0.0662214 0.0697683 0.0730314 0.0759632 0.0785207 0.0806666 0.0823692 0.0836035 0.0843514 0.0846019 0.0843514 0.0836035 0.0823692 0.0806666 0.0785207 0.0759632 0.0730314 0.0697683 0.0662214 0.0624415 0.0584824 0.054399 0.0502464 0.0460786 0.0419473 0.0379009 0.033983 0.0302321 0.0266806 0.0233544 0.0202728 0.0174484 0.0148876 0.0125905 0.0105521 0.0087629 0.00720932 0.00587506 0.00474173 0.00378969 0.00299883 0.00234921 0.00182163 0.00139801 0.00106176 0.000797916 0.000593282 0.000436414 0.000317567 0.000228585 0.000162755 0.000114639 7.99078e-05 5.51693e-05 3.78135e-05 2.58722e-05 1.78989e-05 1.28699e-05 1.01082e-05 
1.25559e-05 1.37404e-05 1.74595e-05 2.4224e-05 3.49318e-05 5.09376e-05 7.41515e-05 0.000107165 0.000153403 0.000217304 0.000304512 0.000422087 0.000578712 0.000784894 0.00105313 0.00139801 0.00183632 0.00238693 0.00307068 0.00391011 0.00492901 0.00615187 0.00760317 0.00930652 0.0112837 0.0135538 0.0161318 0.0190281 0.0222469 0.0257859 0.0296355 0.0337781 0.0381881 0.0428322 0.0476692 0.0526512 0.0577241 0.0628288 0.0679026 0.0728803 0.077696 0.0822845 0.0865824 0.0905297 0.0940709 0.0971563 0.0997421 0.101792 0.103277 0.104177 0.104478 0.104177 0.103277 0.101792 0.0997421 0.0971563 0.0940709 0.0905297 0.0865824 0.0822845 0.077696 0.0728803 0.0679026 0.0628288 0.0577241 0.0526512 0.0476692 0.0428322 0.0381881 0.0337781 0.0296355 0.0257859 0.0222469 0.0190281 0.0161318 0.0135538 0.0112837 0.00930652 0.00760317 0.00615187 0.00492901 0.00391011 0.00307068 0.00238693 0.00183632 0.00139801 0.00105313 0.000784894 0.000578712 0.000422087 0.000304512 0.000217304 0.000153403 0.000107165 7.41515e-05 5.09376e-05 3.49318e-05 2.4224e-05 1.74595e-05 1.37404e-05 
1.69072e-05 1.84868e-05 2.34437e-05 3.2449e-05 4.6681e-05 6.7914e-05 9.86431e-05 0.000142244 0.000203167 0.000287152 0.00040148 0.000555219 0.000759478 0.00102764 0.00137555 0.00182163 0.00238693 0.003095 0.00397171 0.00504482 0.00634342 0.00789719 0.00973548 0.0118863 0.014375 0.0172232 0.0204476 0.0240583 0.0280583 0.0324424 0.037196 0.0422955 0.0477076 0.0533896 0.0592904 0.0653505 0.0715041 0.0776798 0.0838025 0.0897948 0.0955791 0.101079 0.10622 0.110934 0.115156 0.11883 0.121905 0.124341 0.126105 0.127172 0.12753 0.127172 0.126105 0.124341 0.121905 0.11883 0.115156 0.110934 0.10622 0.101079 0.0955791 0.0897948 0.0838025 0.0776798 0.0715041 0.0653505 0.0592904 0.0533896 0.0477076 0.0422955 0.037196 0.0324424 0.0280583 0.0240583 0.0204476 0.0172232 0.014375 0.0118863 0.00973548 0.00789719 0.00634342 0.00504482 0.00397171 0.003095 0.00238693 0.00182163 0.00137555 0.00102764 0.000759478 0.000555219 0.00040148 0.000287152 0.000203167 0.000142244 9.86431e-05 6.7914e-05 4.6681e-05 3.2449e-05 2.34437e-05 1.84868e-05 
2.25352e-05 2.46205e-05 3.11597e-05 4.30259e-05 6.1749e-05 8.96286e-05 0.000129891 0.000186887 0.000266334 0.000375585 0.000523927 0.000722885 0.000986516 0.00133168 0.00177825 0.00234921 0.00307068 0.00397171 0.00508401 0.00644136 0.00807886 0.010032 0.0123355 0.015022 0.0181205 0.0216551 0.0256434 0.0300949 0.0350103 0.0403798 0.0461831 0.0523886 0.0589535 0.0658244 0.0729378 0.0802217 0.0875965 0.0949773 0.102275 0.1094 0.116261 0.12277 0.128842 0.1344 0.13937 0.143687 0.147298 0.150154 0.152221 0.153471 0.15389 0.153471 0.152221 0.150154 0.147298 0.143687 0.13937 0.1344 0.128842 0.12277 0.116261 0.1094 0.102275 0.0949773 0.0875965 0.0802217 0.0729378 0.0658244 0.0589535 0.0523886 0.0461831 0.0403798 0.0350103 0.0300949 0.0256434 0.0216551 0.0181205 0.015022 0.0123355 0.010032 0.00807886 0.00644136 0.00508401 0.00397171 0.00307068 0.00234921 0.00177825 0.00133168 0.000986516 0.000722885 0.000523927 0.000375585 0.000266334 0.000186887 0.000129891 8.96286e-05 6.1749e-05 4.30259e-05 3.11597e-05 2.46205e-05 
2.97342e-05 3.2459e-05 4.09985e-05 5.64763e-05 8.0859e-05 0.000117096 0.000169315 0.000243067 0.000345622 0.000486298 0.000676819 0.000931673 0.00126846 0.00170821 0.00227554 0.00299883 0.00391011 0.00504482 0.00644136 0.00814032 0.0101835 0.0126129 0.0154687 0.0187886 0.022605 0.026944 0.0318236 0.0372517 0.0432252 0.0497287 0.0567339 0.0641997 0.072072 0.0802844 0.0887597 0.0974112 0.106144 0.114859 0.123453 0.13182 0.139857 0.147465 0.154547 0.161016 0.166791 0.1718 0.175984 0.179291 0.181681 0.183127 0.18361 0.183127 0.181681 0.179291 0.175984 0.1718 0.166791 0.161016 0.154547 0.147465 0.139857 0.13182 0.123453 0.114859 0.106144 0.0974112 0.0887597 0.0802844 0.072072 0.0641997 0.0567339 0.0497287 0.0432252 0.0372517 0.0318236 0.026944 0.022605 0.0187886 0.0154687 0.0126129 0.0101835 0.00814032 0.00644136 0.00504482 0.00391011 0.00299883 0.00227554 0.00170821 0.00126846 0.000931673 0.000676819 0.000486298 0.000345622 0.000243067 0.000169315 0.000117096 8.0859e-05 5.64763e-05 4.09985e-05 3.2459e-05 
3.88406e-05 4.23654e-05 5.34055e-05 7.33922e-05 0.000104827 0.000151456 0.000218504 0.000312983 0.000444042 0.000623365 0.000865599 0.00118877 0.00161469 0.00216927 0.00288273 0.00378969 0.00492901 0.00634342 0.00807886 0.0101835 0.0127066 0.0156969 0.0192007 0.0232601 0.0279111 0.0331811 0.0390873 0.0456347 0.0528151 0.0606056 0.0689682 0.0778499 0.0871833 0.0968873 0.106869 0.117025 0.127246 0.137414 0.147411 0.157117 0.166418 0.175199 0.183356 0.190791 0.197416 0.203154 0.20794 0.211718 0.214448 0.216097 0.216649 0.216097 0.214448 0.211718 0.20794 0.203154 0.197416 0.190791 0.183356 0.175199 0.166418 0.157117 0.147411 0.137414 0.127246 0.117025 0.106869 0.0968873 0.0871833 0.0778499 0.0689682 0.0606056 0.0528151 0.0456347 0.0390873 0.0331811 0.0279111 0.0232601 0.0192007 0.0156969 0.0127066 0.0101835 0.00807886 0.00634342 0.00492901 0.00378969 0.00288273 0.00216927 0.00161469 0.00118877 0.000865599 0.000623365 0.000444042 0.000312983 0.000218504 0.000151456 0.000104827 7.33922e-05 5.34055e-05 4.23654e-05 
5.02326e-05 5.47472e-05 6.88785e-05 9.44319e-05 0.000134558 0.000193964 0.000279202 0.000399034 0.000564859 0.000791183 0.00109611 0.00150185 0.00203513 0.00272756 0.00361583 0.00474173 0.00615187 0.00789719 0.010032 0.0126129 0.0156969 0.0193399 0.0235944 0.028507 0.0341162 0.0404499 0.0475233 0.0553372 0.063876 0.0731073 0.0829814 0.0934313 0.104374 0.115712 0.127334 0.13912 0.150942 0.162666 0.174158 0.185284 0.195915 0.205927 0.215205 0.223644 0.231149 0.237639 0.243043 0.247306 0.250381 0.252239 0.252861 0.252239 0.250381 0.247306 0.243043 0.237639 0.231149 0.223644 0.215205 0.205927 0.195915 0.185284 0.174158 0.162666 0.150942 0.13912 0.127334 0.115712 0.104374 0.0934313 0.0829814 0.0731073 0.063876 0.0553372 0.0475233 0.0404499 0.0341162 0.028507 0.0235944 0.0193399 0.0156969 0.0126129 0.010032 0.00789719 0.00615187 0.00474173 0.00361583 0.00272756 0.00203513 0.00150185 0.00109611 0.000791183 0.000564859 0.000399034 0.000279202 0.000193964 0.000134558 9.44319e-05 6.88785e-05 5.47472e-05 
6.43267e-05 7.00521e-05 8.79626e-05 0.000120313 0.000171031 0.000245974 0.000353276 0.000503779 0.000711541 0.000994388 0.00137449 0.00187889 0.00254004 0.0033961 0.00449114 0.00587506 0.00760317 0.00973548 0.0123355 0.0154687 0.0192007 0.0235944 0.0287083 0.034593 0.0412886 0.0488225 0.0572063 0.0664342 0.0764816 0.0873043 0.0988381 0.111 0.12369 0.13679 0.150171 0.163694 0.177211 0.190573 0.203628 0.21623 0.228236 0.239513 0.249938 0.259398 0.267794 0.275042 0.281068 0.285815 0.289237 0.291303 0.291994 0.291303 0.289237 0.285815 0.281068 0.275042 0.267794 0.259398 0.249938 0.239513 0.228236 0.21623 0.203628 0.190573 0.177211 0.163694 0.150171 0.13679 0.12369 0.111 0.0988381 0.0873043 0.0764816 0.0664342 0.0572063 0.0488225 0.0412886 0.034593 0.0287083 0.0235944 0.0192007 0.0154687 0.0123355 0.00973548 0.00760317 0.00587506 0.00449114 0.0033961 0.00254004 0.00187889 0.00137449 0.000994388 0.000711541 0.000503779 0.000353276 0.000245974 0.000171031 0.000120313 8.79626e-05 7.00521e-05 
8.15711e-05 8.87615e-05 0.000111242 0.000151799 0.000215284 0.000308913 0.000442683 0.00062988 0.000887672 0.00123775 0.00170697 0.00232798 0.00313975 0.00418788 0.00552475 0.00720932 0.00930652 0.0118863 0.015022 0.0187886 0.0232601 0.028507 0.034593 0.0415718 0.0494844 0.0583555 0.0681914 0.0789778 0.0906784 0.103235 0.116566 0.13057 0.145127 0.160099 0.175337 0.19068 0.205962 0.221017 0.235678 0.249784 0.263184 0.275734 0.287304 0.297779 0.307057 0.31505 0.321685 0.326905 0.330665 0.332933 0.333692 0.332933 0.330665 0.326905 0.321685 0.31505 0.307057 0.297779 0.287304 0.275734 0.263184 0.249784 0.235678 0.221017 0.205962 0.19068 0.175337 0.160099 0.145127 0.13057 0.116566 0.103235 0.0906784 0.0789778 0.0681914 0.0583555 0.0494844 0.0415718 0.034593 0.028507 0.0232601 0.0187886 0.015022 0.0118863 0.00930652 0.00720932 0.00552475 0.00418788 0.00313975 0.00232798 0.00170697 0.00123775 0.000887672 0.00062988 0.000442683 0.000308913 0.000215284 0.000151799 0.000111242 8.87615e-05 
0.000102437 0.00011138 0.000139325 0.000189683 0.000268387 0.000384243 0.000549418 0.000780034 0.00109685 0.00152601 0.00209974 0.00285705 0.00384426 0.00511534 0.0067319 0.0087629 0.0112837 0.014375 0.0181205 0.022605 0.0279111 0.0341162 0.0412886 0.0494844 0.0587433 0.0690859 0.0805108 0.0929926 0.106481 0.1209 0.13615 0.152109 0.168632 0.185562 0.202727 0.219945 0.237032 0.253805 0.270082 0.285691 0.300472 0.314274 0.326964 0.338423 0.348549 0.357256 0.364472 0.370141 0.374219 0.376678 0.3775 0.376678 0.374219 0.370141 0.364472 0.357256 0.348549 0.338423 0.326964 0.314274 0.300472 0.285691 0.270082 0.253805 0.237032 0.219945 0.202727 0.185562 0.168632 0.152109 0.13615 0.1209 0.106481 0.0929926 0.0805108 0.0690859 0.0587433 0.0494844 0.0412886 0.0341162 0.0279111 0.022605 0.0181205 0.014375 0.0112837 0.0087629 0.0067319 0.00511534 0.00384426 0.00285705 0.00209974 0.00152601 0.00109685 0.000780034 0.000549418 0.000384243 0.000268387 0.000189683 0.000139325 0.00011138 
0.000127405 0.000138423 0.00017283 0.000234765 0.000331412 0.000473416 0.000675444 0.000956876 0.00134258 0.00186375 0.00255868 0.00347355 0.00466289 0.00618991 0.00812641 0.0105521 0.0135538 0.0172232 0.0216551 0.026944 0.0331811 0.0404499 0.0488225 0.0583555 0.0690859 0.0810278 0.0941695 0.108472 0.123868 0.140262 0.157532 0.175532 0.194096 0.213041 0.232173 0.251289 0.270189 0.28867 0.306541 0.323619 0.339736 0.354739 0.368494 0.380881 0.391801 0.40117 0.408921 0.415001 0.419371 0.422004 0.422883 0.422004 0.419371 0.415001 0.408921 0.40117 0.391801 0.380881 0.368494 0.354739 0.339736 0.323619 0.306541 0.28867 0.270189 0.251289 0.232173 0.213041 0.194096 0.175532 0.157532 0.140262 0.123868 0.108472 0.0941695 0.0810278 0.0690859 0.0583555 0.0488225 0.0404499 0.0331811 0.026944 0.0216551 0.0172232 0.0135538 0.0105521 0.00812641 0.00618991 0.00466289 0.00347355 0.00255868 0.00186375 0.00134258 0.000956876 0.000675444 0.000473416 0.000331412 0.000234765 0.00017283 0.000138423 
0.000156951 0.000170397 0.000212362 0.00028782 0.000405391 0.000577819 0.000822623 0.00116288 0.0016281 0.00225515 0.00308913 0.00418414 0.00560381 0.00742146 0.00971988 0.0125905 0.0161318 0.0204476 0.0256434 0.0318236 0.0390873 0.0475233 0.0572063 0.0681914 0.0805108 0.0941695 0.109143 0.125376 0.14278 0.161238 0.180605 0.200707 0.221355 0.24234 0.263446 0.28445 0.305132 0.325279 0.344686 0.363165 0.380543 0.396667 0.411403 0.424637 0.436274 0.446236 0.454461 0.460904 0.465528 0.468312 0.469242 0.468312 0.465528 0.460904 0.454461 0.446236 0.436274 0.424637 0.411403 0.396667 0.380543 0.363165 0.344686 0.325279 0.305132 0.28445 0.263446 0.24234 0.221355 0.200707 0.180605 0.161238 0.14278 0.125376 0.109143 0.0941695 0.0805108 0.0681914 0.0572063 0.0475233 0.0390873 0.0318236 0.0256434 0.0204476 0.0161318 0.0125905 0.00971988 0.00742146 0.00560381 0.00418414 0.00308913 0.00225515 0.0016281 0.00116288 0.000822623 0.000577819 0.000405391 0.00028782 0.000212362 0.000170397 
0.000191523 0.000207781 0.000258489 0.00034957 0.000491272 0.000698713 0.000992625 0.00140023 0.00195623 0.00270381 0.00369557 0.00499434 0.00667362 0.00881768 0.0115211 0.0148876 0.0190281 0.0240583 0.0300949 0.0372517 0.0456347 0.0553372 0.0664342 0.0789778 0.0929926 0.108472 0.125376 0.143628 0.163119 0.183707 0.205217 0.227453 0.250195 0.273211 0.296262 0.319107 0.341509 0.363242 0.384095 0.403874 0.422407 0.439543 0.455153 0.46913 0.481387 0.491854 0.50048 0.507224 0.51206 0.514968 0.515939 0.514968 0.51206 0.507224 0.50048 0.491854 0.481387 0.46913 0.455153 0.439543 0.422407 0.403874 0.384095 0.363242 0.341509 0.319107 0.296262 0.273211 0.250195 0.227453 0.205217 0.183707 0.163119 0.143628 0.125376 0.108472 0.0929926 0.0789778 0.0664342 0.0553372 0.0456347 0.0372517 0.0300949 0.0240583 0.0190281 0.0148876 0.0115211 0.00881768 0.00667362 0.00499434 0.00369557 0.00270381 0.00195623 0.00140023 0.000992625 0.000698713 0.000491272 0.00034957 0.000258489 0.000207781 
0.000231525 0.000251 0.00031171 0.000420643 0.000589868 0.000837162 0.00118683 0.00167071 0.00232923 0.00321251 0.00438138 0.00590809 0.00787683 0.0103835 0.0135352 0.0174484 0.0222469 0.0280583 0.0350103 0.0432252 0.0528151 0.063876 0.0764816 0.0906784 0.106481 0.123868 0.14278 0.163119 0.184751 0.207503 0.231176 0.255541 0.280355 0.305359 0.330293 0.354896 0.378919 0.402126 0.424302 0.445251 0.464806 0.48282 0.499174 0.513771 0.526534 0.537407 0.546347 0.553325 0.558321 0.561323 0.562325 0.561323 0.558321 0.553325 0.546347 0.537407 0.526534 0.513771 0.499174 0.48282 0.464806 0.445251 0.424302 0.402126 0.378919 0.354896 0.330293 0.305359 0.280355 0.255541 0.231176 0.207503 0.184751 0.163119 0.14278 0.123868 0.106481 0.0906784 0.0764816 0.063876 0.0528151 0.0432252 0.0350103 0.0280583 0.0222469 0.0174484 0.0135352 0.0103835 0.00787683 0.00590809 0.00438138 0.00321251 0.00232923 0.00167071 0.00118683 0.000837162 0.000589868 0.000420643 0.00031171 0.000251 
0.000277284 0.000300402 0.000372429 0.000501533 0.000701806 0.000993962 0.00140626 0.00197557 0.00274861 0.00378303 0.00514852 0.00692751 0.0092155 0.0121208 0.0157633 0.0202728 0.0257859 0.0324424 0.0403798 0.0497287 0.0606056 0.0731073 0.0873043 0.103235 0.1209 0.140262 0.161238 0.183707 0.207503 0.232428 0.258248 0.284709 0.311538 0.338452 0.36517 0.391417 0.416931 0.441471 0.464819 0.486784 0.507203 0.525942 0.542892 0.55797 0.571114 0.582281 0.591442 0.598579 0.603681 0.606744 0.607765 0.606744 0.603681 0.598579 0.591442 0.582281 0.571114 0.55797 0.542892 0.525942 0.507203 0.486784 0.464819 0.441471 0.416931 0.391417 0.36517 0.338452 0.311538 0.284709 0.258248 0.232428 0.207503 0.183707 0.161238 0.140262 0.1209 0.103235 0.0873043 0.0731073 0.0606056 0.0497287 0.0403798 0.0324424 0.0257859 0.0202728 0.0157633 0.0121208 0.0092155 0.00692751 0.00514852 0.00378303 0.00274861 0.00197557 0.00140626 0.000993962 0.000701806 0.000501533 0.000372429 0.000300402 
0.000329036 0.000356231 0.000440917 0.000592559 0.000827468 0.00116957 0.00165142 0.00231538 0.00321494 0.00441586 0.00599729 0.00805245 0.0106888 0.0140273 0.0182015 0.0233544 0.0296355 0.037196 0.0461831 0.0567339 0.0689682 0.0829814 0.0988381 0.116566 0.13615 0.157532 0.180605 0.205217 0.231176 0.258248 0.286172 0.314661 0.343416 0.372131 0.400506 0.428252 0.4551 0.480806 0.505153 0.527958 0.549068 0.568363 0.585749 0.60116 0.614552 0.625896 0.635179 0.642397 0.647549 0.650638 0.651668 0.650638 0.647549 0.642397 0.635179 0.625896 0.614552 0.60116 0.585749 0.568363 0.549068 0.527958 0.505153 0.480806 0.4551 0.428252 0.400506 0.372131 0.343416 0.314661 0.286172 0.258248 0.231176 0.205217 0.180605 0.157532 0.13615 0.116566 0.0988381 0.0829814 0.0689682 0.0567339 0.0461831 0.037196 0.0296355 0.0233544 0.0182015 0.0140273 0.0106888 0.00805245 0.00599729 0.00441586 0.00321494 0.00231538 0.00165142 0.00116957 0.000827468 0.000592559 0.000440917 0.000356231 
0.00038689 0.000418598 0.000517286 0.00069383 0.000966943 0.00136403 0.00192227 0.00268994 0.00372774 0.00511007 0.00692609 0.00928029 0.0122925 0.0160971 0.0208409 0.0266806 0.0337781 0.0422955 0.0523886 0.0641997 0.0778499 0.0934313 0.111 0.13057 0.152109 0.175532 0.200707 0.227453 0.255541 0.284709 0.314661 0.345082 0.375645 0.406024 0.435902 0.46498 0.492983 0.519667 0.544825 0.568281 0.589898 0.609571 0.627227 0.642819 0.656321 0.667724 0.677031 0.684251 0.689396 0.692478 0.693504 0.692478 0.689396 0.684251 0.677031 0.667724 0.656321 0.642819 0.627227 0.609571 0.589898 0.568281 0.544825 0.519667 0.492983 0.46498 0.435902 0.406024 0.375645 0.345082 0.314661 0.284709 0.255541 0.227453 0.200707 0.175532 0.152109 0.13057 0.111 0.0934313 0.0778499 0.0641997 0.0523886 0.0422955 0.0337781 0.0266806 0.0208409 0.0160971 0.0122925 0.00928029 0.00692609 0.00511007 0.00372774 0.00268994 0.00192227 0.00136403 0.000966943 0.00069383 0.000517286 0.000418598 
0.000450811 0.000487457 0.000601457 0.000805201 0.00111998 0.00157691 0.00221813 0.00309816 0.00428535 0.00586317 0.00793122 0.0106057 0.0140193 0.0183196 0.0236673 0.0302321 0.0381881 0.0477076 0.0589535 0.072072 0.0871833 0.104374 0.12369 0.145127 0.168632 0.194096 0.221355 0.250195 0.280355 0.311538 0.343416 0.375645 0.407874 0.439757 0.470964 0.501187 0.530151 0.557617 0.583385 0.607297 0.629232 0.649105 0.666865 0.682486 0.695964 0.70731 0.716544 0.723691 0.728775 0.731816 0.732829 0.731816 0.728775 0.723691 0.716544 0.70731 0.695964 0.682486 0.666865 0.649105 0.629232 0.607297 0.583385 0.557617 0.530151 0.501187 0.470964 0.439757 0.407874 0.375645 0.343416 0.311538 0.280355 0.250195 0.221355 0.194096 0.168632 0.145127 0.12369 0.104374 0.0871833 0.072072 0.0589535 0.0477076 0.0381881 0.0302321 0.0236673 0.0183196 0.0140193 0.0106057 0.00793122 0.00586317 0.00428535 0.00309816 0.00221813 0.00157691 0.00111998 0.000805201 0.000601457 0.000487457 
0.000520598 0.000562583 0.000693134 0.000926247 0.00128595 0.00180728 0.00253759 0.00353798 0.0048848 0.00667094 0.00900679 0.0120206 0.0158579 0.0206799 0.0266607 0.033983 0.0428322 0.0533896 0.0658244 0.0802844 0.0968873 0.115712 0.13679 0.160099 0.185562 0.213041 0.24234 0.273211 0.305359 0.338452 0.372131 0.406024 0.439757 0.472968 0.505314 0.536485 0.566208 0.594252 0.620431 0.644604 0.66667 0.68657 0.704273 0.719779 0.733106 0.744286 0.753357 0.76036 0.765333 0.768304 0.769292 0.768304 0.765333 0.76036 0.753357 0.744286 0.733106 0.719779 0.704273 0.68657 0.66667 0.644604 0.620431 0.594252 0.566208 0.536485 0.505314 0.472968 0.439757 0.406024 0.372131 0.338452 0.305359 0.273211 0.24234 0.213041 0.185562 0.160099 0.13679 0.115712 0.0968873 0.0802844 0.0658244 0.0533896 0.0428322 0.033983 0.0266607 0.0206799 0.0158579 0.0120206 0.00900679 0.00667094 0.0048848 0.00353798 0.00253759 0.00180728 0.00128595 0.000926247 0.000693134 0.000562583 
0.000595864 0.000643557 0.000791787 0.00105624 0.0014638 0.00205363 0.00287851 0.00400637 0.00552181 0.00752742 0.0101446 0.0135138 0.0177936 0.0231586 0.029796 0.0379009 0.0476692 0.0592904 0.0729378 0.0887597 0.106869 0.127334 0.150171 0.175337 0.202727 0.232173 0.263446 0.296262 0.330293 0.36517 0.400506 0.435902 0.470964 0.505314 0.538603 0.570521 0.6008 0.629221 0.655615 0.679862 0.701884 0.721645 0.739144 0.754402 0.767462 0.778377 0.787205 0.794003 0.79882 0.801694 0.802649 0.801694 0.79882 0.794003 0.787205 0.778377 0.767462 0.754402 0.739144 0.721645 0.701884 0.679862 0.655615 0.629221 0.6008 0.570521 0.538603 0.505314 0.470964 0.435902 0.400506 0.36517 0.330293 0.296262 0.263446 0.232173 0.202727 0.175337 0.150171 0.127334 0.106869 0.0887597 0.0729378 0.0592904 0.0476692 0.0379009 0.029796 0.0231586 0.0177936 0.0135138 0.0101446 0.00752742 0.00552181 0.00400637 0.00287851 0.00205363 0.0014638 0.00105624 0.000791787 0.000643557 
0.000676035 0.000729753 0.00089664 0.00119413 0.00165209 0.00231391 0.00323798 0.00449925 0.00619075 0.00842492 0.0113343 0.0150716 0.0198082 0.0257319 0.0330428 0.0419473 0.0526512 0.0653505 0.0802217 0.0974112 0.117025 0.13912 0.163694 0.19068 0.219945 0.251289 0.28445 0.319107 0.354896 0.391417 0.428252 0.46498 0.501187 0.536485 0.570521 0.602987 0.633625 0.662232 0.688657 0.712802 0.734618 0.754094 0.771255 0.786149 0.798841 0.809408 0.817925 0.824464 0.829087 0.831841 0.832756 0.831841 0.829087 0.824464 0.817925 0.809408 0.798841 0.786149 0.771255 0.754094 0.734618 0.712802 0.688657 0.662232 0.633625 0.602987 0.570521 0.536485 0.501187 0.46498 0.428252 0.391417 0.354896 0.319107 0.28445 0.251289 0.219945 0.19068 0.163694 0.13912 0.117025 0.0974112 0.0802217 0.0653505 0.0526512 0.0419473 0.0330428 0.0257319 0.0198082 0.0150716 0.0113343 0.00842492 0.00619075 0.00449925 0.00323798 0.00231391 0.00165209 0.00119413 0.00089664 0.000729753 
0.000760335 0.000820338 0.00100667 0.00133857 0.00184892 0.00258549 0.00361235 0.00501155 0.00688468 0.00935407 0.0125634 0.0166774 0.0218802 0.0283724 0.0363661 0.0460786 0.0577241 0.0715041 0.0875965 0.106144 0.127246 0.150942 0.177211 0.205962 0.237032 0.270189 0.305132 0.341509 0.378919 0.416931 0.4551 0.492983 0.530151 0.566208 0.6008 0.633625 0.664438 0.693053 0.719341 0.743231 0.764699 0.783763 0.800473 0.814905 0.827147 0.837296 0.845446 0.851685 0.856085 0.858702 0.859571 0.858702 0.856085 0.851685 0.845446 0.837296 0.827147 0.814905 0.800473 0.783763 0.764699 0.743231 0.719341 0.693053 0.664438 0.633625 0.6008 0.566208 0.530151 0.492983 0.4551 0.416931 0.378919 0.341509 0.305132 0.270189 0.237032 0.205962 0.177211 0.150942 0.127246 0.106144 0.0875965 0.0715041 0.0577241 0.0460786 0.0363661 0.0283724 0.0218802 0.0166774 0.0125634 0.00935407 0.00688468 0.00501155 0.00361235 0.00258549 0.00184892 0.00133857 0.00100667 0.000820338 
0.000847803 0.000914274 0.00112061 0.00148788 0.00205203 0.00286521 0.00399724 0.0055373 0.0075955 0.010304 0.0138175 0.0183125 0.0239854 0.0310491 0.039727 0.0502464 0.0628288 0.0776798 0.0949773 0.114859 0.137414 0.162666 0.190573 0.221017 0.253805 0.28867 0.325279 0.363242 0.402126 0.441471 0.480806 0.519667 0.557617 0.594252 0.629221 0.662232 0.693053 0.721519 0.747526 0.771028 0.79203 0.810577 0.826746 0.840639 0.852367 0.862047 0.86979 0.875698 0.879854 0.882322 0.88314 0.882322 0.879854 0.875698 0.86979 0.862047 0.852367 0.840639 0.826746 0.810577 0.79203 0.771028 0.747526 0.721519 0.693053 0.662232 0.629221 0.594252 0.557617 0.519667 0.480806 0.441471 0.402126 0.363242 0.325279 0.28867 0.253805 0.221017 0.190573 0.162666 0.137414 0.114859 0.0949773 0.0776798 0.0628288 0.0502464 0.039727 0.0310491 0.0239854 0.0183125 0.0138175 0.010304 0.0075955 0.0055373 0.00399724 0.00286521 0.00205203 0.00148788 0.00112061 0.000914274 
