1.2343e-07 1.3537e-07 1.72969e-07 2.41737e-07 3.5145e-07 5.17063e-07 7.60024e-07 1.11003e-06 1.60726e-06 2.30511e-06 3.27343e-06 4.60231e-06 6.40629e-06 8.82896e-06 1.20478e-05 1.62789e-05 2.17817e-05 2.88626e-05 3.78783e-05 4.92362e-05 6.33945e-05 8.08582e-05 0.000102173 0.000127913 0.000158673 0.000195042 0.00023759 0.000286837 0.000343228 0.000407107 0.00047868 0.000557992 0.000644901 0.000739053 0.00083987 0.000946537 0.00105801 0.00117301 0.00129007 0.00140753 0.0015236 0.00163639 0.00174396 0.00184439 0.00193581 0.00201648 0.00208482 0.00213946 0.00217931 0.00220356 0.00221169 0.00220356 0.00217931 0.00213946 0.00208482 0.00201648 0.00193581 0.00184439 0.00174396 0.00163639 0.0015236 0.00140753 0.00129007 0.00117301 0.00105801 0.000946537 0.00083987 0.000739053 0.000644901 0.000557992 0.00047868 0.000407107 0.000343228 0.000286837 0.00023759 0.000195042 0.000158673 0.000127913 0.000102173 8.08582e-05 6.33945e-05 4.92362e-05 3.78783e-05 2.88626e-05 2.17817e-05 1.62789e-05 1.20478e-05 8.82896e-06 6.40629e-06 4.60231e-06 3.27343e-06 2.30511e-06 1.60726e-06 1.11003e-06 7.60024e-07 5.17063e-07 3.5145e-07 2.41737e-07 1.72969e-07 1.3537e-07 
1.3537e-07 1.48422e-07 1.89513e-07 2.64638e-07 3.84429e-07 5.65139e-07 8.30062e-07 1.21142e-06 1.75278e-06 2.51197e-06 3.56456e-06 5.00794e-06 6.96577e-06 9.59292e-06 1.30806e-05 1.76613e-05 2.3614e-05 3.12676e-05 4.10043e-05 5.32608e-05 6.85269e-05 8.73418e-05 0.000110287 0.000137976 0.000171038 0.0002101 0.000255764 0.000308578 0.000369013 0.000437423 0.000514022 0.000598849 0.000691742 0.000792316 0.000899948 0.00101376 0.00113264 0.00125523 0.00137995 0.00150504 0.0016286 0.00174863 0.00186306 0.00196987 0.00206707 0.00215282 0.00222545 0.00228352 0.00232586 0.00235161 0.00236026 0.00235161 0.00232586 0.00228352 0.00222545 0.00215282 0.00206707 0.00196987 0.00186306 0.00174863 0.0016286 0.00150504 0.00137995 0.00125523 0.00113264 0.00101376 0.000899948 0.000792316 0.000691742 0.000598849 0.000514022 0.000437423 0.000369013 0.000308578 0.000255764 0.0002101 0.000171038 0.000137976 0.000110287 8.73418e-05 6.85269e-05 5.32608e-05 4.10043e-05 3.12676e-05 2.3614e-05 1.76613e-05 1.30806e-05 9.59292e-06 6.96577e-06 5.00794e-06 3.56456e-06 2.51197e-06 1.75278e-06 1.21142e-06 8.30062e-07 5.65139e-07 3.84429e-07 2.64638e-07 1.89513e-07 1.48422e-07 
1.72969e-07 1.89513e-07 2.41571e-07 3.36655e-07 4.88075e-07 7.16145e-07 1.04993e-06 1.52955e-06 2.20911e-06 3.16029e-06 4.47652e-06 6.27785e-06 8.71638e-06 1.1982e-05 1.63086e-05 2.19798e-05 2.93346e-05 3.87719e-05 5.07535e-05 6.58054e-05 8.45156e-05 0.000107529 0.000135539 0.000169274 0.000209476 0.000256884 0.000312199 0.00037606 0.000449001 0.000531425 0.000623557 0.000725418 0.000836786 0.000957179 0.00108583 0.00122168 0.00136338 0.00150932 0.00165763 0.00180621 0.00195283 0.00209511 0.00223066 0.00235707 0.00247203 0.00257339 0.0026592 0.00272778 0.00277777 0.00280818 0.00281838 0.00280818 0.00277777 0.00272778 0.0026592 0.00257339 0.00247203 0.00235707 0.00223066 0.00209511 0.00195283 0.00180621 0.00165763 0.00150932 0.00136338 0.00122168 0.00108583 0.000957179 0.000836786 0.000725418 0.000623557 0.000531425 0.000449001 0.00037606 0.000312199 0.000256884 0.000209476 0.000169274 0.000135539 0.000107529 8.45156e-05 6.58054e-05 5.07535e-05 3.87719e-05 2.93346e-05 2.19798e-05 1.63086e-05 1.1982e-05 8.71638e-06 6.27785e-06 4.47652e-06 3.16029e-06 2.20911e-06 1.52955e-06 1.04993e-06 7.16145e-07 4.88075e-07 3.36655e-07 2.41571e-07 1.89513e-07 
2.41737e-07 2.64638e-07 3.36655e-07 4.68045e-07 6.76955e-07 9.91035e-07 1.44975e-06 2.10746e-06 3.03724e-06 4.33563e-06 6.1281e-06 8.57535e-06 1.18803e-05 1.62954e-05 2.21306e-05 2.97603e-05 3.96305e-05 5.22638e-05 6.8263e-05 8.83118e-05 0.000113171 0.000143672 0.000180704 0.000225194 0.000278085 0.000340305 0.000412733 0.000496154 0.000591221 0.000698406 0.000817958 0.000949853 0.00109377 0.00124904 0.00141464 0.0015892 0.00177097 0.00195786 0.0021475 0.00233722 0.00252418 0.00270539 0.00287783 0.00303849 0.00318448 0.00331309 0.0034219 0.00350881 0.00357215 0.00361066 0.00362358 0.00361066 0.00357215 0.00350881 0.0034219 0.00331309 0.00318448 0.00303849 0.00287783 0.00270539 0.00252418 0.00233722 0.0021475 0.00195786 0.00177097 0.0015892 0.00141464 0.00124904 0.00109377 0.000949853 0.000817958 0.000698406 0.000591221 0.000496154 0.000412733 0.000340305 0.000278085 0.000225194 0.000180704 0.000143672 0.000113171 8.83118e-05 6.8263e-05 5.22638e-05 3.96305e-05 2.97603e-05 2.21306e-05 1.62954e-05 1.18803e-05 8.57535e-06 6.1281e-06 4.33563e-06 3.03724e-06 2.10746e-06 1.44975e-06 9.91035e-07 6.76955e-07 4.68045e-07 3.36655e-07 2.64638e-07 
3.5145e-07 3.84429e-07 4.88075e-07 6.76955e-07 9.7681e-07 1.42679e-06 2.08264e-06 3.02094e-06 4.34441e-06 6.18827e-06 8.72775e-06 1.21866e-05 1.68462e-05 2.30559e-05 3.12424e-05 4.19197e-05 5.56975e-05 7.32877e-05 9.5508e-05 0.000123281 0.00015763 0.000199668 0.000250575 0.000311582 0.000383926 0.000468819 0.000567395 0.00068066 0.000809431 0.00095428 0.00111547 0.00129292 0.00148611 0.00169412 0.00191554 0.00214848 0.00239061 0.00263914 0.00289089 0.00314238 0.00338986 0.00362943 0.00385713 0.00406904 0.00426142 0.00443077 0.00457395 0.00468825 0.00477151 0.00482212 0.0048391 0.00482212 0.00477151 0.00468825 0.00457395 0.00443077 0.00426142 0.00406904 0.00385713 0.00362943 0.00338986 0.00314238 0.00289089 0.00263914 0.00239061 0.00214848 0.00191554 0.00169412 0.00148611 0.00129292 0.00111547 0.00095428 0.000809431 0.00068066 0.000567395 0.000468819 0.000383926 0.000311582 0.000250575 0.000199668 0.00015763 0.000123281 9.5508e-05 7.32877e-05 5.56975e-05 4.19197e-05 3.12424e-05 2.30559e-05 1.68462e-05 1.21866e-05 8.72775e-06 6.18827e-06 4.34441e-06 3.02094e-06 2.08264e-06 1.42679e-06 9.7681e-07 6.76955e-07 4.88075e-07 3.84429e-07 
5.17063e-07 5.65139e-07 7.16145e-07 9.91035e-07 1.42679e-06 2.07954e-06 3.02907e-06 4.38469e-06 6.29261e-06 8.9448e-06 1.25892e-05 1.75415e-05 2.41974e-05 3.30463e-05 4.46841e-05 5.98261e-05 7.93172e-05 0.00010414 0.00013542 0.000174419 0.000222531 0.000281266 0.000352217 0.000437032 0.000537362 0.000654807 0.000790854 0.000946799 0.00112368 0.00132218 0.00154259 0.00178469 0.00204771 0.00233033 0.00263056 0.00294582 0.00327292 0.00360809 0.00394706 0.00428516 0.00461739 0.00493859 0.00524351 0.00552699 0.0057841 0.00601024 0.0062013 0.00635375 0.00646475 0.0065322 0.00655482 0.0065322 0.00646475 0.00635375 0.0062013 0.00601024 0.0057841 0.00552699 0.00524351 0.00493859 0.00461739 0.00428516 0.00394706 0.00360809 0.00327292 0.00294582 0.00263056 0.00233033 0.00204771 0.00178469 0.00154259 0.00132218 0.00112368 0.000946799 0.000790854 0.000654807 0.000537362 0.000437032 0.000352217 0.000281266 0.000222531 0.000174419 0.00013542 0.00010414 7.93172e-05 5.98261e-05 4.46841e-05 3.30463e-05 2.41974e-05 1.75415e-05 1.25892e-05 8.9448e-06 6.29261e-06 4.38469e-06 3.02907e-06 2.07954e-06 1.42679e-06 9.91035e-07 7.16145e-07 5.65139e-07 
7.60024e-07 8.30062e-07 1.04993e-06 1.44975e-06 2.08264e-06 3.02907e-06 4.40318e-06 6.36099e-06 9.11063e-06 1.29246e-05 1.81538e-05 2.52436e-05 3.47506e-05 4.73607e-05 6.39063e-05 8.5383e-05 0.000112962 0.000148002 0.000192048 0.000246831 0.000314252 0.000396356 0.000495297 0.000613281 0.000752511 0.000915101 0.00110299 0.00131786 0.00156101 0.00183327 0.00213489 0.00246548 0.00282389 0.00320821 0.00361568 0.00404274 0.00448503 0.00493746 0.00539429 0.00584924 0.00629568 0.00672672 0.00713544 0.00751501 0.00785895 0.00816121 0.00841642 0.00861994 0.00876805 0.00885803 0.00888821 0.00885803 0.00876805 0.00861994 0.00841642 0.00816121 0.00785895 0.00751501 0.00713544 0.00672672 0.00629568 0.00584924 0.00539429 0.00493746 0.00448503 0.00404274 0.00361568 0.00320821 0.00282389 0.00246548 0.00213489 0.00183327 0.00156101 0.00131786 0.00110299 0.000915101 0.000752511 0.000613281 0.000495297 0.000396356 0.000314252 0.000246831 0.000192048 0.000148002 0.000112962 8.5383e-05 6.39063e-05 4.73607e-05 3.47506e-05 2.52436e-05 1.81538e-05 1.29246e-05 9.11063e-06 6.36099e-06 4.40318e-06 3.02907e-06 2.08264e-06 1.44975e-06 1.04993e-06 8.30062e-07 
1.11003e-06 1.21142e-06 1.52955e-06 2.10746e-06 3.02094e-06 4.38469e-06 6.36099e-06 9.17117e-06 1.31097e-05 1.8561e-05 2.60189e-05 3.61079e-05 4.96061e-05 6.74692e-05 9.08532e-05 0.000121135 0.00015993 0.000209102 0.000270765 0.000347275 0.000441207 0.000555319 0.000692496 0.000855683 0.00104779 0.00127159 0.00152961 0.00182398 0.00215632 0.0025276 0.00293801 0.00338686 0.00387246 0.00439208 0.00494193 0.00551712 0.00611173 0.00671893 0.00733103 0.00793969 0.0085361 0.00911119 0.00965584 0.0101611 0.0106185 0.0110202 0.011359 0.0116291 0.0118256 0.0119449 0.011985 0.0119449 0.0118256 0.0116291 0.011359 0.0110202 0.0106185 0.0101611 0.00965584 0.00911119 0.0085361 0.00793969 0.00733103 0.00671893 0.00611173 0.00551712 0.00494193 0.00439208 0.00387246 0.00338686 0.00293801 0.0025276 0.00215632 0.00182398 0.00152961 0.00127159 0.00104779 0.000855683 0.000692496 0.000555319 0.000441207 0.000347275 0.000270765 0.000209102 0.00015993 0.000121135 9.08532e-05 6.74692e-05 4.96061e-05 3.61079e-05 2.60189e-05 1.8561e-05 1.31097e-05 9.17117e-06 6.36099e-06 4.38469e-06 3.02094e-06 2.10746e-06 1.52955e-06 1.21142e-06 
1.60726e-06 1.75278e-06 2.20911e-06 3.03724e-06 4.34441e-06 6.29261e-06 9.11063e-06 1.31097e-05 1.87029e-05 2.64279e-05 3.69733e-05 5.12073e-05 7.02085e-05 9.52966e-05 0.000128063 0.000170395 0.000224501 0.000292915 0.000378502 0.000484439 0.000614184 0.00077142 0.000959978 0.00118374 0.00144652 0.00175191 0.00210315 0.00250293 0.00295322 0.00345511 0.00400865 0.00461269 0.00526479 0.00596113 0.00669649 0.00746425 0.00825648 0.00906404 0.00987677 0.0106837 0.0114732 0.0122335 0.0129526 0.013619 0.0142217 0.0147505 0.0151963 0.0155515 0.0158097 0.0159665 0.0160191 0.0159665 0.0158097 0.0155515 0.0151963 0.0147505 0.0142217 0.013619 0.0129526 0.0122335 0.0114732 0.0106837 0.00987677 0.00906404 0.00825648 0.00746425 0.00669649 0.00596113 0.00526479 0.00461269 0.00400865 0.00345511 0.00295322 0.00250293 0.00210315 0.00175191 0.00144652 0.00118374 0.000959978 0.00077142 0.000614184 0.000484439 0.000378502 0.000292915 0.000224501 0.000170395 0.000128063 9.52966e-05 7.02085e-05 5.12073e-05 3.69733e-05 2.64279e-05 1.87029e-05 1.31097e-05 9.11063e-06 6.29261e-06 4.34441e-06 3.03724e-06 2.20911e-06 1.75278e-06 
2.30511e-06 2.51197e-06 3.16029e-06 4.33563e-06 6.18827e-06 8.9448e-06 1.29246e-05 1.8561e-05 2.64279e-05 3.72699e-05 5.20379e-05 7.1927e-05 9.8417e-05 0.000133313 0.000178782 0.000237387 0.000312113 0.000406374 0.00052401 0.000669261 0.000846719 0.00106125 0.00131787 0.00162166 0.00197754 0.00239012 0.00286348 0.00340095 0.00400489 0.00467646 0.00541543 0.00622 0.00708668 0.00801018 0.00898342 0.00999752 0.011042 0.0121047 0.0131724 0.0142307 0.0152647 0.016259 0.0171983 0.0180678 0.0188533 0.0195419 0.0201221 0.0205839 0.0209196 0.0211234 0.0211917 0.0211234 0.0209196 0.0205839 0.0201221 0.0195419 0.0188533 0.0180678 0.0171983 0.016259 0.0152647 0.0142307 0.0131724 0.0121047 0.011042 0.00999752 0.00898342 0.00801018 0.00708668 0.00622 0.00541543 0.00467646 0.00400489 0.00340095 0.00286348 0.00239012 0.00197754 0.00162166 0.00131787 0.00106125 0.000846719 0.000669261 0.00052401 0.000406374 0.000312113 0.000237387 0.000178782 0.000133313 9.8417e-05 7.1927e-05 5.20379e-05 3.72699e-05 2.64279e-05 1.8561e-05 1.29246e-05 8.9448e-06 6.18827e-06 4.33563e-06 3.16029e-06 2.51197e-06 
3.27343e-06 3.56456e-06 4.47652e-06 6.1281e-06 8.72775e-06 1.25892e-05 1.81538e-05 2.60189e-05 3.69733e-05 5.20379e-05 7.2512e-05 0.000100024 0.000136583 0.000184631 0.000247089 0.000327402 0.000429558 0.000558106 0.000718138 0.000915248 0.00115546 0.00144513 0.00179077 0.0021989 0.00267582 0.00322733 0.00385852 0.00457342 0.00537478 0.00626372 0.00723957 0.00829959 0.00943886 0.0106501 0.011924 0.0132485 0.0146101 0.0159928 0.0173796 0.018752 0.0200906 0.0213761 0.0225889 0.0237102 0.0247221 0.0256084 0.0263545 0.0269482 0.0273794 0.0276411 0.0277289 0.0276411 0.0273794 0.0269482 0.0263545 0.0256084 0.0247221 0.0237102 0.0225889 0.0213761 0.0200906 0.018752 0.0173796 0.0159928 0.0146101 0.0132485 0.011924 0.0106501 0.00943886 0.00829959 0.00723957 0.00626372 0.00537478 0.00457342 0.00385852 0.00322733 0.00267582 0.0021989 0.00179077 0.00144513 0.00115546 0.000915248 0.000718138 0.000558106 0.000429558 0.000327402 0.000247089 0.000184631 0.000136583 0.000100024 7.2512e-05 5.20379e-05 3.69733e-05 2.60189e-05 1.81538e-05 1.25892e-05 8.72775e-06 6.1281e-06 4.47652e-06 3.56456e-06 
4.60231e-06 5.00794e-06 6.27785e-06 8.57535e-06 1.21866e-05 1.75415e-05 2.52436e-05 3.61079e-05 5.12073e-05 7.1927e-05 0.000100024 0.000137693 0.000187633 0.000253113 0.00033803 0.000446956 0.00058517 0.00075866 0.000974103 0.00123879 0.00156055 0.00194755 0.00240816 0.00295064 0.00358293 0.00431224 0.00514478 0.00608535 0.00713702 0.00830076 0.00957516 0.0109562 0.012437 0.0140078 0.0156561 0.0173664 0.0191209 0.0208993 0.0226796 0.0244383 0.0261511 0.0277933 0.0293406 0.0307693 0.0320574 0.0331844 0.0341325 0.0348863 0.0354337 0.0357657 0.035877 0.0357657 0.0354337 0.0348863 0.0341325 0.0331844 0.0320574 0.0307693 0.0293406 0.0277933 0.0261511 0.0244383 0.0226796 0.0208993 0.0191209 0.0173664 0.0156561 0.0140078 0.012437 0.0109562 0.00957516 0.00830076 0.00713702 0.00608535 0.00514478 0.00431224 0.00358293 0.00295064 0.00240816 0.00194755 0.00156055 0.00123879 0.000974103 0.00075866 0.00058517 0.000446956 0.00033803 0.000253113 0.000187633 0.000137693 0.000100024 7.1927e-05 5.12073e-05 3.61079e-05 2.52436e-05 1.75415e-05 1.21866e-05 8.57535e-06 6.27785e-06 5.00794e-06 
6.40629e-06 6.96577e-06 8.71638e-06 1.18803e-05 1.68462e-05 2.41974e-05 3.47506e-05 4.96061e-05 7.02085e-05 9.8417e-05 0.000136583 0.000187633 0.000255156 0.000343477 0.000457739 0.000603949 0.000789011 0.00102072 0.00130773 0.00165945 0.00208589 0.00259747 0.00320476 0.00391812 0.00474738 0.00570139 0.00678758 0.00801153 0.00937653 0.0108831 0.0125289 0.0143079 0.0162108 0.0182248 0.0203332 0.0225162 0.0247508 0.0270113 0.0292698 0.031497 0.0336623 0.0357352 0.0376855 0.0394841 0.0411038 0.0425195 0.0437095 0.0446549 0.0453412 0.0457573 0.0458967 0.0457573 0.0453412 0.0446549 0.0437095 0.0425195 0.0411038 0.0394841 0.0376855 0.0357352 0.0336623 0.031497 0.0292698 0.0270113 0.0247508 0.0225162 0.0203332 0.0182248 0.0162108 0.0143079 0.0125289 0.0108831 0.00937653 0.00801153 0.00678758 0.00570139 0.00474738 0.00391812 0.00320476 0.00259747 0.00208589 0.00165945 0.00130773 0.00102072 0.000789011 0.000603949 0.000457739 0.000343477 0.000255156 0.000187633 0.000136583 9.8417e-05 7.02085e-05 4.96061e-05 3.47506e-05 2.41974e-05 1.68462e-05 1.18803e-05 8.71638e-06 6.96577e-06 
8.82896e-06 9.59292e-06 1.1982e-05 1.62954e-05 2.30559e-05 3.30463e-05 4.73607e-05 6.74692e-05 9.52966e-05 0.000133313 0.000184631 0.000253113 0.000343477 0.000461392 0.000613565 0.000807802 0.00105303 0.0013593 0.00173768 0.00220016 0.00275941 0.00342854 0.00422073 0.00514879 0.00622474 0.00745922 0.00886097 0.0104363 0.0121885 0.0141174 0.016219 0.018485 0.0209028 0.0234554 0.0261215 0.0288755 0.0316885 0.0345281 0.0373597 0.0401466 0.0428514 0.0454366 0.0478652 0.0501019 0.0521136 0.0538703 0.0553455 0.0565168 0.0573665 0.0578815 0.0580541 0.0578815 0.0573665 0.0565168 0.0553455 0.0538703 0.0521136 0.0501019 0.0478652 0.0454366 0.0428514 0.0401466 0.0373597 0.0345281 0.0316885 0.0288755 0.0261215 0.0234554 0.0209028 0.018485 0.016219 0.0141174 0.0121885 0.0104363 0.00886097 0.00745922 0.00622474 0.00514879 0.00422073 0.00342854 0.00275941 0.00220016 0.00173768 0.0013593 0.00105303 0.000807802 0.000613565 0.000461392 0.000343477 0.000253113 0.000184631 0.000133313 9.52966e-05 6.74692e-05 4.73607e-05 3.30463e-05 2.30559e-05 1.62954e-05 1.1982e-05 9.59292e-06 
1.20478e-05 1.30806e-05 1.63086e-05 2.21306e-05 3.12424e-05 4.46841e-05 6.39063e-05 9.08532e-05 0.000128063 0.000178782 0.000247089 0.00033803 0.000457739 0.000613565 0.000814165 0.00106957 0.0013912 0.00179185 0.00228553 0.00288733 0.00361311 0.00447914 0.00550164 0.00669624 0.00807739 0.00965767 0.0114471 0.0134527 0.0156773 0.0181197 0.0207736 0.0236276 0.0266651 0.0298637 0.0331964 0.0366309 0.0401309 0.0436563 0.0471644 0.0506104 0.0539488 0.0571341 0.0601218 0.0628696 0.0653378 0.0674909 0.0692973 0.0707305 0.0717696 0.0723992 0.0726101 0.0723992 0.0717696 0.0707305 0.0692973 0.0674909 0.0653378 0.0628696 0.0601218 0.0571341 0.0539488 0.0506104 0.0471644 0.0436563 0.0401309 0.0366309 0.0331964 0.0298637 0.0266651 0.0236276 0.0207736 0.0181197 0.0156773 0.0134527 0.0114471 0.00965767 0.00807739 0.00669624 0.00550164 0.00447914 0.00361311 0.00288733 0.00228553 0.00179185 0.0013912 0.00106957 0.000814165 0.000613565 0.000457739 0.00033803 0.000247089 0.000178782 0.000128063 9.08532e-05 6.39063e-05 4.46841e-05 3.12424e-05 2.21306e-05 1.63086e-05 1.30806e-05 
1.62789e-05 1.76613e-05 2.19798e-05 2.97603e-05 4.19197e-05 5.98261e-05 8.5383e-05 0.000121135 0.000170395 0.000237387 0.000327402 0.000446956 0.000603949 0.000807802 0.00106957 0.001402 0.00181955 0.00233831 0.00297582 0.00375086 0.00468301 0.00579223 0.00709822 0.00861975 0.0103739 0.0123754 0.0146354 0.0171611 0.0199549 0.0230137 0.0263282 0.0298829 0.033656 0.0376191 0.0417376 0.0459716 0.0502761 0.054602 0.0588973 0.063108 0.0671794 0.071057 0.0746883 0.078023 0.0810146 0.0836211 0.0858059 0.087538 0.088793 0.0895531 0.0898077 0.0895531 0.088793 0.087538 0.0858059 0.0836211 0.0810146 0.078023 0.0746883 0.071057 0.0671794 0.063108 0.0588973 0.054602 0.0502761 0.0459716 0.0417376 0.0376191 0.033656 0.0298829 0.0263282 0.0230137 0.0199549 0.0171611 0.0146354 0.0123754 0.0103739 0.00861975 0.00709822 0.00579223 0.00468301 0.00375086 0.00297582 0.00233831 0.00181955 0.001402 0.00106957 0.000807802 0.000603949 0.000446956 0.000327402 0.000237387 0.000170395 0.000121135 8.5383e-05 5.98261e-05 4.19197e-05 2.97603e-05 2.19798e-05 1.76613e-05 
2.17817e-05 2.3614e-05 2.93346e-05 3.96305e-05 5.56975e-05 7.93172e-05 0.000112962 0.00015993 0.000224501 0.000312113 0.000429558 0.00058517 0.000789011 0.00105303 0.0013912 0.00181955 0.00235616 0.00302106 0.00383596 0.00482393 0.00600888 0.00741496 0.00906578 0.0109836 0.0131882 0.0156964 0.0185203 0.0216673 0.0251381 0.0289273 0.0330215 0.0374003 0.0420353 0.0468904 0.0519227 0.0570829 0.062316 0.0675628 0.0727606 0.0778452 0.0827516 0.087416 0.0917764 0.0957746 0.0993564 0.102474 0.105084 0.107151 0.108648 0.109555 0.109858 0.109555 0.108648 0.107151 0.105084 0.102474 0.0993564 0.0957746 0.0917764 0.087416 0.0827516 0.0778452 0.0727606 0.0675628 0.062316 0.0570829 0.0519227 0.0468904 0.0420353 0.0374003 0.0330215 0.0289273 0.0251381 0.0216673 0.0185203 0.0156964 0.0131882 0.0109836 0.00906578 0.00741496 0.00600888 0.00482393 0.00383596 0.00302106 0.00235616 0.00181955 0.0013912 0.00105303 0.000789011 0.00058517 0.000429558 0.000312113 0.000224501 0.00015993 0.000112962 7.93172e-05 5.56975e-05 3.96305e-05 2.93346e-05 2.3614e-05 
2.88626e-05 3.12676e-05 3.87719e-05 5.22638e-05 7.32877e-05 0.00010414 0.000148002 0.000209102 0.000292915 0.000406374 0.000558106 0.00075866 0.00102072 0.0013593 0.00179185 0.00233831 0.00302106 0.00386475 0.00489593 0.00614264 0.00763369 0.00939794 0.0114633 0.0138556 0.0165977 0.0197081 0.0231998 0.0270793 0.0313454 0.035989 0.0409919 0.0463269 0.0519579 0.0578399 0.06392 0.070138 0.0764277 0.0827181 0.0889353 0.0950034 0.100847 0.106391 0.111564 0.1163 0.120537 0.124219 0.127299 0.129737 0.131501 0.132569 0.132926 0.132569 0.131501 0.129737 0.127299 0.124219 0.120537 0.1163 0.111564 0.106391 0.100847 0.0950034 0.0889353 0.0827181 0.0764277 0.070138 0.06392 0.0578399 0.0519579 0.0463269 0.0409919 0.035989 0.0313454 0.0270793 0.0231998 0.0197081 0.0165977 0.0138556 0.0114633 0.00939794 0.00763369 0.00614264 0.00489593 0.00386475 0.00302106 0.00233831 0.00179185 0.0013593 0.00102072 0.00075866 0.000558106 0.000406374 0.000292915 0.000209102 0.000148002 0.00010414 7.32877e-05 5.22638e-05 3.87719e-05 3.12676e-05 
3.78783e-05 4.10043e-05 5.07535e-05 6.8263e-05 9.5508e-05 0.00013542 0.000192048 0.000270765 0.000378502 0.00052401 0.000718138 0.000974103 0.00130773 0.00173768 0.00228553 0.00297582 0.00383596 0.00489593 0.00618786 0.00774539 0.00960285 0.0117942 0.0143521 0.0173061 0.0206818 0.0244994 0.0287719 0.0335044 0.0386929 0.0443233 0.050371 0.0568011 0.0635678 0.0706157 0.0778804 0.0852892 0.0927634 0.100219 0.10757 0.114728 0.121606 0.128118 0.134183 0.139726 0.144678 0.148975 0.152566 0.155405 0.157458 0.1587 0.159116 0.1587 0.157458 0.155405 0.152566 0.148975 0.144678 0.139726 0.134183 0.128118 0.121606 0.114728 0.10757 0.100219 0.0927634 0.0852892 0.0778804 0.0706157 0.0635678 0.0568011 0.050371 0.0443233 0.0386929 0.0335044 0.0287719 0.0244994 0.0206818 0.0173061 0.0143521 0.0117942 0.00960285 0.00774539 0.00618786 0.00489593 0.00383596 0.00297582 0.00228553 0.00173768 0.00130773 0.000974103 0.000718138 0.00052401 0.000378502 0.000270765 0.000192048 0.00013542 9.5508e-05 6.8263e-05 5.07535e-05 4.10043e-05 
4.92362e-05 5.32608e-05 6.58054e-05 8.83118e-05 0.000123281 0.000174419 0.000246831 0.000347275 0.000484439 0.000669261 0.000915248 0.00123879 0.00165945 0.00220016 0.00288733 0.00375086 0.00482393 0.00614264 0.00774539 0.00967211 0.0119631 0.0146581 0.0177942 0.0214052 0.025519 0.0301569 0.0353314 0.0410452 0.0472899 0.0540453 0.061279 0.0689463 0.0769905 0.0853438 0.0939286 0.102659 0.111442 0.120179 0.128772 0.137118 0.14512 0.152679 0.159707 0.166117 0.171834 0.176789 0.180924 0.184191 0.186552 0.187979 0.188457 0.187979 0.186552 0.184191 0.180924 0.176789 0.171834 0.166117 0.159707 0.152679 0.14512 0.137118 0.128772 0.120179 0.111442 0.102659 0.0939286 0.0853438 0.0769905 0.0689463 0.061279 0.0540453 0.0472899 0.0410452 0.0353314 0.0301569 0.025519 0.0214052 0.0177942 0.0146581 0.0119631 0.00967211 0.00774539 0.00614264 0.00482393 0.00375086 0.00288733 0.00220016 0.00165945 0.00123879 0.000915248 0.000669261 0.000484439 0.000347275 0.000246831 0.000174419 0.000123281 8.83118e-05 6.58054e-05 5.32608e-05 
6.33945e-05 6.85269e-05 8.45156e-05 0.000113171 0.00015763 0.000222531 0.000314252 0.000441207 0.000614184 0.000846719 0.00115546 0.00156055 0.00208589 0.00275941 0.00361311 0.00468301 0.00600888 0.00763369 0.00960285 0.0119631 0.0147615 0.0180432 0.0218507 0.026221 0.0311845 0.0367627 0.0429665 0.0497949 0.057234 0.0652556 0.0738178 0.0828643 0.0923256 0.10212 0.112155 0.12233 0.132537 0.142662 0.152593 0.162215 0.171416 0.180091 0.188137 0.195464 0.201986 0.207632 0.212337 0.216051 0.218732 0.220352 0.220895 0.220352 0.218732 0.216051 0.212337 0.207632 0.201986 0.195464 0.188137 0.180091 0.171416 0.162215 0.152593 0.142662 0.132537 0.12233 0.112155 0.10212 0.0923256 0.0828643 0.0738178 0.0652556 0.057234 0.0497949 0.0429665 0.0367627 0.0311845 0.026221 0.0218507 0.0180432 0.0147615 0.0119631 0.00960285 0.00763369 0.00600888 0.00468301 0.00361311 0.00275941 0.00208589 0.00156055 0.00115546 0.000846719 0.000614184 0.000441207 0.000314252 0.000222531 0.00015763 0.000113171 8.45156e-05 6.85269e-05 
8.08582e-05 8.73418e-05 0.000107529 0.000143672 0.000199668 0.000281266 0.000396356 0.000555319 0.00077142 0.00106125 0.00144513 0.00194755 0.00259747 0.00342854 0.00447914 0.00579223 0.00741496 0.00939794 0.0117942 0.0146581 0.0180432 0.0220011 0.0265788 0.0318168 0.0377468 0.0443898 0.0517538 0.0598329 0.0686055 0.0780341 0.0880649 0.0986284 0.10964 0.121004 0.132609 0.14434 0.156072 0.167677 0.179027 0.189994 0.200456 0.210295 0.219402 0.227677 0.235032 0.241387 0.246677 0.250848 0.253857 0.255675 0.256282 0.255675 0.253857 0.250848 0.246677 0.241387 0.235032 0.227677 0.219402 0.210295 0.200456 0.189994 0.179027 0.167677 0.156072 0.14434 0.132609 0.121004 0.10964 0.0986284 0.0880649 0.0780341 0.0686055 0.0598329 0.0517538 0.0443898 0.0377468 0.0318168 0.0265788 0.0220011 0.0180432 0.0146581 0.0117942 0.00939794 0.00741496 0.00579223 0.00447914 0.00342854 0.00259747 0.00194755 0.00144513 0.00106125 0.00077142 0.000555319 0.000396356 0.000281266 0.000199668 0.000143672 0.000107529 8.73418e-05 
0.000102173 0.000110287 0.000135539 0.000180704 0.000250575 0.000352217 0.000495297 0.000692496 0.000959978 0.00131787 0.00179077 0.00240816 0.00320476 0.00422073 0.00550164 0.00709822 0.00906578 0.0114633 0.0143521 0.0177942 0.0218507 0.0265788 0.0320303 0.0382482 0.0452648 0.0530992 0.0617554 0.0712204 0.0814633 0.0924349 0.104068 0.116277 0.128963 0.142009 0.15529 0.168671 0.182012 0.195168 0.207997 0.22036 0.232121 0.243154 0.253344 0.262583 0.270779 0.27785 0.283728 0.288356 0.291693 0.293707 0.29438 0.293707 0.291693 0.288356 0.283728 0.27785 0.270779 0.262583 0.253344 0.243154 0.232121 0.22036 0.207997 0.195168 0.182012 0.168671 0.15529 0.142009 0.128963 0.116277 0.104068 0.0924349 0.0814633 0.0712204 0.0617554 0.0530992 0.0452648 0.0382482 0.0320303 0.0265788 0.0218507 0.0177942 0.0143521 0.0114633 0.00906578 0.00709822 0.00550164 0.00422073 0.00320476 0.00240816 0.00179077 0.00131787 0.000959978 0.000692496 0.000495297 0.000352217 0.000250575 0.000180704 0.000135539 0.000110287 
0.000127913 0.000137976 0.000169274 0.000225194 0.000311582 0.000437032 0.000613281 0.000855683 0.00118374 0.00162166 0.0021989 0.00295064 0.00391812 0.00514879 0.00669624 0.00861975 0.0109836 0.0138556 0.0173061 0.0214052 0.026221 0.0318168 0.0382482 0.04556 0.053784 0.062936 0.0730139 0.0839957 0.0958393 0.108482 0.12184 0.135811 0.150277 0.165103 0.180145 0.19525 0.210259 0.225015 0.23936 0.253142 0.266218 0.278453 0.289724 0.299922 0.308951 0.316726 0.32318 0.328257 0.331913 0.334118 0.334855 0.334118 0.331913 0.328257 0.32318 0.316726 0.308951 0.299922 0.289724 0.278453 0.266218 0.253142 0.23936 0.225015 0.210259 0.19525 0.180145 0.165103 0.150277 0.135811 0.12184 0.108482 0.0958393 0.0839957 0.0730139 0.062936 0.053784 0.04556 0.0382482 0.0318168 0.026221 0.0214052 0.0173061 0.0138556 0.0109836 0.00861975 0.00669624 0.00514879 0.00391812 0.00295064 0.0021989 0.00162166 0.00118374 0.000855683 0.000613281 0.000437032 0.000311582 0.000225194 0.000169274 0.000137976 
0.000158673 0.000171038 0.000209476 0.000278085 0.000383926 0.000537362 0.000752511 0.00104779 0.00144652 0.00197754 0.00267582 0.00358293 0.00474738 0.00622474 0.00807739 0.0103739 0.0131882 0.0165977 0.0206818 0.025519 0.0311845 0.0377468 0.0452648 0.053784 0.0633342 0.073926 0.0855492 0.098171 0.111736 0.126164 0.141354 0.157185 0.173518 0.190199 0.207064 0.22394 0.240653 0.257029 0.272898 0.288099 0.302478 0.315895 0.328225 0.339354 0.349187 0.357639 0.364644 0.370147 0.374106 0.376493 0.37729 0.376493 0.374106 0.370147 0.364644 0.357639 0.349187 0.339354 0.328225 0.315895 0.302478 0.288099 0.272898 0.257029 0.240653 0.22394 0.207064 0.190199 0.173518 0.157185 0.141354 0.126164 0.111736 0.098171 0.0855492 0.073926 0.0633342 0.053784 0.0452648 0.0377468 0.0311845 0.025519 0.0206818 0.0165977 0.0131882 0.0103739 0.00807739 0.00622474 0.00474738 0.00358293 0.00267582 0.00197754 0.00144652 0.00104779 0.000752511 0.000537362 0.000383926 0.000278085 0.000209476 0.000171038 
0.000195042 0.0002101 0.000256884 0.000340305 0.000468819 0.000654807 0.000915101 0.00127159 0.00175191 0.00239012 0.00322733 0.00431224 0.00570139 0.00745922 0.00965767 0.0123754 0.0156964 0.0197081 0.0244994 0.0301569 0.0367627 0.0443898 0.0530992 0.062936 0.073926 0.0860727 0.0993558 0.113729 0.12912 0.145432 0.162544 0.180311 0.198575 0.21716 0.235881 0.254548 0.272969 0.290957 0.308331 0.324918 0.340562 0.355117 0.368456 0.380468 0.391056 0.40014 0.407656 0.413553 0.417791 0.420344 0.421197 0.420344 0.417791 0.413553 0.407656 0.40014 0.391056 0.380468 0.368456 0.355117 0.340562 0.324918 0.308331 0.290957 0.272969 0.254548 0.235881 0.21716 0.198575 0.180311 0.162544 0.145432 0.12912 0.113729 0.0993558 0.0860727 0.073926 0.062936 0.0530992 0.0443898 0.0367627 0.0301569 0.0244994 0.0197081 0.0156964 0.0123754 0.00965767 0.00745922 0.00570139 0.00431224 0.00322733 0.00239012 0.00175191 0.00127159 0.000915101 0.000654807 0.000468819 0.000340305 0.000256884 0.0002101 
0.00023759 0.000255764 0.000312199 0.000412733 0.000567395 0.000790854 0.00110299 0.00152961 0.00210315 0.00286348 0.00385852 0.00514478 0.00678758 0.00886097 0.0114471 0.0146354 0.0185203 0.0231998 0.0287719 0.0353314 0.0429665 0.0517538 0.0617554 0.0730139 0.0855492 0.0993558 0.114401 0.130622 0.147928 0.166202 0.1853 0.205056 0.225287 0.245796 0.266378 0.286824 0.306928 0.326489 0.345315 0.36323 0.380071 0.395694 0.40997 0.422792 0.434069 0.443724 0.451698 0.457944 0.462429 0.465129 0.466031 0.465129 0.462429 0.457944 0.451698 0.443724 0.434069 0.422792 0.40997 0.395694 0.380071 0.36323 0.345315 0.326489 0.306928 0.286824 0.266378 0.245796 0.225287 0.205056 0.1853 0.166202 0.147928 0.130622 0.114401 0.0993558 0.0855492 0.0730139 0.0617554 0.0517538 0.0429665 0.0353314 0.0287719 0.0231998 0.0185203 0.0146354 0.0114471 0.00886097 0.00678758 0.00514478 0.00385852 0.00286348 0.00210315 0.00152961 0.00110299 0.000790854 0.000567395 0.000412733 0.000312199 0.000255764 
0.000286837 0.000308578 0.00037606 0.000496154 0.00068066 0.000946799 0.00131786 0.00182398 0.00250293 0.00340095 0.00457342 0.00608535 0.00801153 0.0104363 0.0134527 0.0171611 0.0216673 0.0270793 0.0335044 0.0410452 0.0497949 0.0598329 0.0712204 0.0839957 0.098171 0.113729 0.130622 0.148768 0.168057 0.188348 0.209472 0.231241 0.253447 0.275871 0.298287 0.320471 0.3422 0.363263 0.383462 0.402616 0.420561 0.437155 0.452274 0.465816 0.477695 0.487845 0.496211 0.502756 0.507449 0.510272 0.511214 0.510272 0.507449 0.502756 0.496211 0.487845 0.477695 0.465816 0.452274 0.437155 0.420561 0.402616 0.383462 0.363263 0.3422 0.320471 0.298287 0.275871 0.253447 0.231241 0.209472 0.188348 0.168057 0.148768 0.130622 0.113729 0.098171 0.0839957 0.0712204 0.0598329 0.0497949 0.0410452 0.0335044 0.0270793 0.0216673 0.0171611 0.0134527 0.0104363 0.00801153 0.00608535 0.00457342 0.00340095 0.00250293 0.00182398 0.00131786 0.000946799 0.00068066 0.000496154 0.00037606 0.000308578 
0.000343228 0.000369013 0.000449001 0.000591221 0.000809431 0.00112368 0.00156101 0.00215632 0.00295322 0.00400489 0.00537478 0.00713702 0.00937653 0.0121885 0.0156773 0.0199549 0.0251381 0.0313454 0.0386929 0.0472899 0.057234 0.0686055 0.0814633 0.0958393 0.111736 0.12912 0.147928 0.168057 0.189373 0.211709 0.234874 0.258651 0.282809 0.307107 0.331301 0.355148 0.378415 0.400882 0.422346 0.442624 0.461556 0.479003 0.494851 0.509003 0.521386 0.531941 0.540625 0.547406 0.552263 0.555183 0.556157 0.555183 0.552263 0.547406 0.540625 0.531941 0.521386 0.509003 0.494851 0.479003 0.461556 0.442624 0.422346 0.400882 0.378415 0.355148 0.331301 0.307107 0.282809 0.258651 0.234874 0.211709 0.189373 0.168057 0.147928 0.12912 0.111736 0.0958393 0.0814633 0.0686055 0.057234 0.0472899 0.0386929 0.0313454 0.0251381 0.0199549 0.0156773 0.0121885 0.00937653 0.00713702 0.00537478 0.00400489 0.00295322 0.00215632 0.00156101 0.00112368 0.000809431 0.000591221 0.000449001 0.000369013 
0.000407107 0.000437423 0.000531425 0.000698406 0.00095428 0.00132218 0.00183327 0.0025276 0.00345511 0.00467646 0.00626372 0.00830076 0.0108831 0.0141174 0.0181197 0.0230137 0.0289273 0.035989 0.0443233 0.0540453 0.0652556 0.0780341 0.0924349 0.108482 0.126164 0.145432 0.166202 0.188348 0.211709 0.236095 0.261284 0.287036 0.313094 0.339197 0.365081 0.390489 0.415179 0.438924 0.461519 0.482785 0.502566 0.520731 0.537176 0.551818 0.564593 0.575455 0.584373 0.591325 0.596298 0.599284 0.60028 0.599284 0.596298 0.591325 0.584373 0.575455 0.564593 0.551818 0.537176 0.520731 0.502566 0.482785 0.461519 0.438924 0.415179 0.390489 0.365081 0.339197 0.313094 0.287036 0.261284 0.236095 0.211709 0.188348 0.166202 0.145432 0.126164 0.108482 0.0924349 0.0780341 0.0652556 0.0540453 0.0443233 0.035989 0.0289273 0.0230137 0.0181197 0.0141174 0.0108831 0.00830076 0.00626372 0.00467646 0.00345511 0.0025276 0.00183327 0.00132218 0.00095428 0.000698406 0.000531425 0.000437423 
0.00047868 0.000514022 0.000623557 0.000817958 0.00111547 0.00154259 0.00213489 0.00293801 0.00400865 0.00541543 0.00723957 0.00957516 0.0125289 0.016219 0.0207736 0.0263282 0.0330215 0.0409919 0.050371 0.061279 0.0738178 0.0880649 0.104068 0.12184 0.141354 0.162544 0.1853 0.209472 0.234874 0.261284 0.288455 0.31612 0.343998 0.371807 0.399267 0.426109 0.452083 0.476958 0.500532 0.52263 0.543106 0.56184 0.578741 0.59374 0.606788 0.617854 0.626918 0.633972 0.63901 0.642033 0.64304 0.642033 0.63901 0.633972 0.626918 0.617854 0.606788 0.59374 0.578741 0.56184 0.543106 0.52263 0.500532 0.476958 0.452083 0.426109 0.399267 0.371807 0.343998 0.31612 0.288455 0.261284 0.234874 0.209472 0.1853 0.162544 0.141354 0.12184 0.104068 0.0880649 0.0738178 0.061279 0.050371 0.0409919 0.0330215 0.0263282 0.0207736 0.016219 0.0125289 0.00957516 0.00723957 0.00541543 0.00400865 0.00293801 0.00213489 0.00154259 0.00111547 0.000817958 0.000623557 0.000514022 
0.000557992 0.000598849 0.000725418 0.000949853 0.00129292 0.00178469 0.00246548 0.00338686 0.00461269 0.00622 0.00829959 0.0109562 0.0143079 0.018485 0.0236276 0.0298829 0.0374003 0.0463269 0.0568011 0.0689463 0.0828643 0.0986284 0.116277 0.135811 0.157185 0.180311 0.205056 0.231241 0.258651 0.287036 0.31612 0.34561 0.375202 0.404595 0.433494 0.46162 0.488719 0.514559 0.538945 0.561708 0.582714 0.60186 0.619068 0.634288 0.647487 0.65865 0.667772 0.674856 0.679909 0.682937 0.683946 0.682937 0.679909 0.674856 0.667772 0.65865 0.647487 0.634288 0.619068 0.60186 0.582714 0.561708 0.538945 0.514559 0.488719 0.46162 0.433494 0.404595 0.375202 0.34561 0.31612 0.287036 0.258651 0.231241 0.205056 0.180311 0.157185 0.135811 0.116277 0.0986284 0.0828643 0.0689463 0.0568011 0.0463269 0.0374003 0.0298829 0.0236276 0.018485 0.0143079 0.0109562 0.00829959 0.00622 0.00461269 0.00338686 0.00246548 0.00178469 0.00129292 0.000949853 0.000725418 0.000598849 
0.000644901 0.000691742 0.000836786 0.00109377 0.00148611 0.00204771 0.00282389 0.00387246 0.00526479 0.00708668 0.00943886 0.012437 0.0162108 0.0209028 0.0266651 0.033656 0.0420353 0.0519579 0.0635678 0.0769905 0.0923256 0.10964 0.128963 0.150277 0.173518 0.198575 0.225287 0.253447 0.282809 0.313094 0.343998 0.375202 0.406381 0.437215 0.467398 0.496643 0.524693 0.551323 0.576343 0.599596 0.620965 0.640362 0.657729 0.673034 0.686263 0.697417 0.70651 0.713556 0.718573 0.721577 0.722577 0.721577 0.718573 0.713556 0.70651 0.697417 0.686263 0.673034 0.657729 0.640362 0.620965 0.599596 0.576343 0.551323 0.524693 0.496643 0.467398 0.437215 0.406381 0.375202 0.343998 0.313094 0.282809 0.253447 0.225287 0.198575 0.173518 0.150277 0.128963 0.10964 0.0923256 0.0769905 0.0635678 0.0519579 0.0420353 0.033656 0.0266651 0.0209028 0.0162108 0.012437 0.00943886 0.00708668 0.00526479 0.00387246 0.00282389 0.00204771 0.00148611 0.00109377 0.000836786 0.000691742 
0.000739053 0.000792316 0.000957179 0.00124904 0.00169412 0.00233033 0.00320821 0.00439208 0.00596113 0.00801018 0.0106501 0.0140078 0.0182248 0.0234554 0.0298637 0.0376191 0.0468904 0.0578399 0.0706157 0.0853438 0.10212 0.121004 0.142009 0.165103 0.190199 0.21716 0.245796 0.275871 0.307107 0.339197 0.371807 0.404595 0.437215 0.469332 0.50063 0.530818 0.55964 0.586878 0.612352 0.635922 0.657485 0.676976 0.694357 0.709615 0.722757 0.733804 0.742784 0.749728 0.754664 0.757616 0.758598 0.757616 0.754664 0.749728 0.742784 0.733804 0.722757 0.709615 0.694357 0.676976 0.657485 0.635922 0.612352 0.586878 0.55964 0.530818 0.50063 0.469332 0.437215 0.404595 0.371807 0.339197 0.307107 0.275871 0.245796 0.21716 0.190199 0.165103 0.142009 0.121004 0.10212 0.0853438 0.0706157 0.0578399 0.0468904 0.0376191 0.0298637 0.0234554 0.0182248 0.0140078 0.0106501 0.00801018 0.00596113 0.00439208 0.00320821 0.00233033 0.00169412 0.00124904 0.000957179 0.000792316 
0.00083987 0.000899948 0.00108583 0.00141464 0.00191554 0.00263056 0.00361568 0.00494193 0.00669649 0.00898342 0.011924 0.0156561 0.0203332 0.0261215 0.0331964 0.0417376 0.0519227 0.06392 0.0778804 0.0939286 0.112155 0.132609 0.15529 0.180145 0.207064 0.235881 0.266378 0.298287 0.331301 0.365081 0.399267 0.433494 0.467398 0.50063 0.532867 0.563817 0.59323 0.620895 0.646646 0.670362 0.691961 0.711397 0.728654 0.743743 0.756692 0.767541 0.776334 0.783116 0.787929 0.790803 0.791759 0.790803 0.787929 0.783116 0.776334 0.767541 0.756692 0.743743 0.728654 0.711397 0.691961 0.670362 0.646646 0.620895 0.59323 0.563817 0.532867 0.50063 0.467398 0.433494 0.399267 0.365081 0.331301 0.298287 0.266378 0.235881 0.207064 0.180145 0.15529 0.132609 0.112155 0.0939286 0.0778804 0.06392 0.0519227 0.0417376 0.0331964 0.0261215 0.0203332 0.0156561 0.011924 0.00898342 0.00669649 0.00494193 0.00361568 0.00263056 0.00191554 0.00141464 0.00108583 0.000899948 
0.000946537 0.00101376 0.00122168 0.0015892 0.00214848 0.00294582 0.00404274 0.00551712 0.00746425 0.00999752 0.0132485 0.0173664 0.0225162 0.0288755 0.0366309 0.0459716 0.0570829 0.070138 0.0852892 0.102659 0.12233 0.14434 0.168671 0.19525 0.22394 0.254548 0.286824 0.320471 0.355148 0.390489 0.426109 0.46162 0.496643 0.530818 0.563817 0.595352 0.625177 0.653095 0.678957 0.702661 0.724146 0.743389 0.760401 0.775212 0.787873 0.798443 0.806983 0.813554 0.818208 0.820983 0.821905 0.820983 0.818208 0.813554 0.806983 0.798443 0.787873 0.775212 0.760401 0.743389 0.724146 0.702661 0.678957 0.653095 0.625177 0.595352 0.563817 0.530818 0.496643 0.46162 0.426109 0.390489 0.355148 0.320471 0.286824 0.254548 0.22394 0.19525 0.168671 0.14434 0.12233 0.102659 0.0852892 0.070138 0.0570829 0.0459716 0.0366309 0.0288755 0.0225162 0.0173664 0.0132485 0.00999752 0.00746425 0.00551712 0.00404274 0.00294582 0.00214848 0.0015892 0.00122168 0.00101376 
0.00105801 0.00113264 0.00136338 0.00177097 0.00239061 0.00327292 0.00448503 0.00611173 0.00825648 0.011042 0.0146101 0.0191209 0.0247508 0.0316885 0.0401309 0.0502761 0.062316 0.0764277 0.0927634 0.111442 0.132537 0.156072 0.182012 0.210259 0.240653 0.272969 0.306928 0.3422 0.378415 0.415179 0.452083 0.488719 0.524693 0.55964 0.59323 0.625177 0.655247 0.683256 0.709076 0.732623 0.753862 0.772795 0.789453 0.803893 0.816186 0.82641 0.834644 0.840962 0.845427 0.848086 0.848969 0.848086 0.845427 0.840962 0.834644 0.82641 0.816186 0.803893 0.789453 0.772795 0.753862 0.732623 0.709076 0.683256 0.655247 0.625177 0.59323 0.55964 0.524693 0.488719 0.452083 0.415179 0.378415 0.3422 0.306928 0.272969 0.240653 0.210259 0.182012 0.156072 0.132537 0.111442 0.0927634 0.0764277 0.062316 0.0502761 0.0401309 0.0316885 0.0247508 0.0191209 0.0146101 0.011042 0.00825648 0.00611173 0.00448503 0.00327292 0.00239061 0.00177097 0.00136338 0.00113264 
0.00117301 0.00125523 0.00150932 0.00195786 0.00263914 0.00360809 0.00493746 0.00671893 0.00906404 0.0121047 0.0159928 0.0208993 0.0270113 0.0345281 0.0436563 0.054602 0.0675628 0.0827181 0.100219 0.120179 0.142662 0.167677 0.195168 0.225015 0.257029 0.290957 0.326489 0.363263 0.400882 0.438924 0.476958 0.514559 0.551323 0.586878 0.620895 0.653095 0.683256 0.711213 0.736854 0.760121 0.781002 0.799522 0.81574 0.829733 0.841594 0.851421 0.859307 0.865341 0.869595 0.872124 0.872964 0.872124 0.869595 0.865341 0.859307 0.851421 0.841594 0.829733 0.81574 0.799522 0.781002 0.760121 0.736854 0.711213 0.683256 0.653095 0.620895 0.586878 0.551323 0.514559 0.476958 0.438924 0.400882 0.363263 0.326489 0.290957 0.257029 0.225015 0.195168 0.167677 0.142662 0.120179 0.100219 0.0827181 0.0675628 0.054602 0.0436563 0.0345281 0.0270113 0.0208993 0.0159928 0.0121047 0.00906404 0.00671893 0.00493746 0.00360809 0.00263914 0.00195786 0.00150932 0.00125523 
