6.49144e-12 8.21883e-12 1.41921e-11 2.70843e-11 5.24389e-11 1.00626e-10 1.90293e-10 3.54177e-10 6.48593e-10 1.16858e-09 2.07152e-09 3.61314e-09 6.20113e-09 1.04731e-08 1.74075e-08 2.84767e-08 4.5854e-08 7.26846e-08 1.13431e-07 1.74298e-07 2.63737e-07 3.93024e-07 5.76877e-07 8.34082e-07 1.18807e-06 1.66735e-06 2.30569e-06 3.142e-06 4.21966e-06 5.58536e-06 7.2872e-06 9.37217e-06 1.18829e-05 1.48542e-05 1.83085e-05 2.22525e-05 2.66735e-05 3.15361e-05 3.67813e-05 4.23262e-05 4.80655e-05 5.38746e-05 5.96149e-05 6.5139e-05 7.02977e-05 7.49465e-05 7.89518e-05 8.21968e-05 8.45858e-05 8.60482e-05 8.65405e-05 8.60482e-05 8.45858e-05 8.21968e-05 7.89518e-05 7.49465e-05 7.02977e-05 6.5139e-05 5.96149e-05 5.38746e-05 4.80655e-05 4.23262e-05 3.67813e-05 3.15361e-05 2.66735e-05 2.22525e-05 1.83085e-05 1.48542e-05 1.18829e-05 9.37217e-06 7.2872e-06 5.58536e-06 4.21966e-06 3.142e-06 2.30569e-06 1.66735e-06 1.18807e-06 8.34082e-07 5.76877e-07 3.93024e-07 2.63737e-07 1.74298e-07 1.13431e-07 7.26846e-08 4.5854e-08 2.84767e-08 1.74075e-08 1.04731e-08 6.20113e-09 3.61314e-09 2.07152e-09 1.16858e-09 6.48593e-10 3.54177e-10 1.90293e-10 1.00626e-10 5.24389e-11 2.70843e-11 1.41921e-11 8.21883e-12 
8.21883e-12 1.03956e-11 1.79174e-11 3.41317e-11 6.59701e-11 1.26378e-10 2.38591e-10 4.43314e-10 8.10428e-10 1.45761e-09 2.57932e-09 4.49078e-09 7.69341e-09 1.29696e-08 2.1517e-08 3.51334e-08 5.6466e-08 8.9336e-08 1.39151e-07 2.1341e-07 3.22302e-07 4.79382e-07 7.02296e-07 1.01351e-06 1.44097e-06 2.01856e-06 2.78636e-06 3.79035e-06 5.08169e-06 6.71524e-06 8.74733e-06 1.12327e-05 1.4221e-05 1.77518e-05 2.18508e-05 2.65245e-05 3.17566e-05 3.75045e-05 4.36978e-05 5.0238e-05 5.70009e-05 6.38402e-05 7.05931e-05 7.70871e-05 8.31477e-05 8.86063e-05 9.33073e-05 9.71144e-05 9.99165e-05 0.000101631 0.000102209 0.000101631 9.99165e-05 9.71144e-05 9.33073e-05 8.86063e-05 8.31477e-05 7.70871e-05 7.05931e-05 6.38402e-05 5.70009e-05 5.0238e-05 4.36978e-05 3.75045e-05 3.17566e-05 2.65245e-05 2.18508e-05 1.77518e-05 1.4221e-05 1.12327e-05 8.74733e-06 6.71524e-06 5.08169e-06 3.79035e-06 2.78636e-06 2.01856e-06 1.44097e-06 1.01351e-06 7.02296e-07 4.79382e-07 3.22302e-07 2.1341e-07 1.39151e-07 8.9336e-08 5.6466e-08 3.51334e-08 2.1517e-08 1.29696e-08 7.69341e-09 4.49078e-09 2.57932e-09 1.45761e-09 8.10428e-10 4.43314e-10 2.38591e-10 1.26378e-10 6.59701e-11 3.41317e-11 1.79174e-11 1.03956e-11 
1.41921e-11 1.79174e-11 3.07722e-11 5.84157e-11 1.12536e-10 2.1489e-10 4.04383e-10 7.48906e-10 1.36454e-09 2.44594e-09 4.31339e-09 7.4838e-09 1.27756e-08 2.14601e-08 3.54737e-08 5.77093e-08 9.24048e-08 1.45647e-07 2.26003e-07 3.45293e-07 5.19489e-07 7.69722e-07 1.12335e-06 1.61501e-06 2.28754e-06 3.19258e-06 4.39084e-06 5.95158e-06 7.95133e-06 1.04716e-05 1.35954e-05 1.74029e-05 2.19653e-05 2.7339e-05 3.35584e-05 4.06294e-05 4.85237e-05 5.71742e-05 6.64726e-05 7.62702e-05 8.63808e-05 9.65865e-05 0.000106646 0.000116305 0.000125308 0.000133407 0.000140375 0.000146014 0.000150162 0.000152699 0.000153554 0.000152699 0.000150162 0.000146014 0.000140375 0.000133407 0.000125308 0.000116305 0.000106646 9.65865e-05 8.63808e-05 7.62702e-05 6.64726e-05 5.71742e-05 4.85237e-05 4.06294e-05 3.35584e-05 2.7339e-05 2.19653e-05 1.74029e-05 1.35954e-05 1.04716e-05 7.95133e-06 5.95158e-06 4.39084e-06 3.19258e-06 2.28754e-06 1.61501e-06 1.12335e-06 7.69722e-07 5.19489e-07 3.45293e-07 2.26003e-07 1.45647e-07 9.24048e-08 5.77093e-08 3.54737e-08 2.14601e-08 1.27756e-08 7.4838e-09 4.31339e-09 2.44594e-09 1.36454e-09 7.48906e-10 4.04383e-10 2.1489e-10 1.12536e-10 5.84157e-11 3.07722e-11 1.79174e-11 
2.70843e-11 3.41317e-11 5.84157e-11 1.10514e-10 2.12217e-10 4.03949e-10 7.57738e-10 1.39879e-09 2.5403e-09 4.53833e-09 7.97616e-09 1.37911e-08 2.34603e-08 3.92674e-08 6.46743e-08 1.04827e-07 1.67226e-07 2.62586e-07 4.0591e-07 6.17782e-07 9.25861e-07 1.36653e-06 1.98663e-06 2.8451e-06 4.01438e-06 5.58133e-06 7.64734e-06 1.03273e-05 1.37475e-05 1.8041e-05 2.33427e-05 2.97809e-05 3.74685e-05 4.64926e-05 5.69032e-05 6.87032e-05 8.18389e-05 9.61935e-05 0.000111584 0.000127762 0.000144421 0.000161203 0.000177714 0.000193543 0.000208274 0.00022151 0.000232886 0.000242084 0.000248845 0.00025298 0.000254371 0.00025298 0.000248845 0.000242084 0.000232886 0.00022151 0.000208274 0.000193543 0.000177714 0.000161203 0.000144421 0.000127762 0.000111584 9.61935e-05 8.18389e-05 6.87032e-05 5.69032e-05 4.64926e-05 3.74685e-05 2.97809e-05 2.33427e-05 1.8041e-05 1.37475e-05 1.03273e-05 7.64734e-06 5.58133e-06 4.01438e-06 2.8451e-06 1.98663e-06 1.36653e-06 9.25861e-07 6.17782e-07 4.0591e-07 2.62586e-07 1.67226e-07 1.04827e-07 6.46743e-08 3.92674e-08 2.34603e-08 1.37911e-08 7.97616e-09 4.53833e-09 2.5403e-09 1.39879e-09 7.57738e-10 4.03949e-10 2.12217e-10 1.10514e-10 5.84157e-11 3.41317e-11 
5.24389e-11 6.59701e-11 1.12536e-10 2.12217e-10 4.06274e-10 7.71019e-10 1.44195e-09 2.65375e-09 4.80451e-09 8.55645e-09 1.499e-08 2.58339e-08 4.38012e-08 7.30672e-08 1.19932e-07 1.93717e-07 3.07941e-07 4.81821e-07 7.42125e-07 1.12538e-06 1.68042e-06 2.47111e-06 3.57921e-06 5.10701e-06 7.17949e-06 9.9456e-06 1.35781e-05 1.82716e-05 2.42382e-05 3.17003e-05 4.08807e-05 5.19894e-05 6.52086e-05 8.06748e-05 9.84614e-05 0.000118562 0.000140874 0.000165191 0.000191199 0.000218475 0.0002465 0.000274676 0.000302349 0.000328835 0.000353451 0.000375541 0.000394506 0.000409829 0.000421085 0.000427966 0.000430281 0.000427966 0.000421085 0.000409829 0.000394506 0.000375541 0.000353451 0.000328835 0.000302349 0.000274676 0.0002465 0.000218475 0.000191199 0.000165191 0.000140874 0.000118562 9.84614e-05 8.06748e-05 6.52086e-05 5.19894e-05 4.08807e-05 3.17003e-05 2.42382e-05 1.82716e-05 1.35781e-05 9.9456e-06 7.17949e-06 5.10701e-06 3.57921e-06 2.47111e-06 1.68042e-06 1.12538e-06 7.42125e-07 4.81821e-07 3.07941e-07 1.93717e-07 1.19932e-07 7.30672e-08 4.38012e-08 2.58339e-08 1.499e-08 8.55645e-09 4.80451e-09 2.65375e-09 1.44195e-09 7.71019e-10 4.06274e-10 2.12217e-10 1.12536e-10 6.59701e-11 
1.00626e-10 1.26378e-10 2.1489e-10 4.03949e-10 7.71019e-10 1.45893e-09 2.72045e-09 4.99175e-09 9.01e-09 1.59967e-08 2.79368e-08 4.79933e-08 8.11091e-08 1.34857e-07 2.20614e-07 3.55131e-07 5.62587e-07 8.77183e-07 1.34631e-06 2.03432e-06 3.02674e-06 4.43485e-06 6.40028e-06 9.0992e-06 1.27456e-05 1.7593e-05 2.39334e-05 3.20938e-05 4.24278e-05 5.53034e-05 7.10861e-05 9.01164e-05 0.000112685 0.000139002 0.000169173 0.000203166 0.000240794 0.000281694 0.000325328 0.000370983 0.000417791 0.000464759 0.000510806 0.000554806 0.000595641 0.000632241 0.000663633 0.000688973 0.000707577 0.000718945 0.000722768 0.000718945 0.000707577 0.000688973 0.000663633 0.000632241 0.000595641 0.000554806 0.000510806 0.000464759 0.000417791 0.000370983 0.000325328 0.000281694 0.000240794 0.000203166 0.000169173 0.000139002 0.000112685 9.01164e-05 7.10861e-05 5.53034e-05 4.24278e-05 3.20938e-05 2.39334e-05 1.7593e-05 1.27456e-05 9.0992e-06 6.40028e-06 4.43485e-06 3.02674e-06 2.03432e-06 1.34631e-06 8.77183e-07 5.62587e-07 3.55131e-07 2.20614e-07 1.34857e-07 8.11091e-08 4.79933e-08 2.79368e-08 1.59967e-08 9.01e-09 4.99175e-09 2.72045e-09 1.45893e-09 7.71019e-10 4.03949e-10 2.1489e-10 1.26378e-10 
1.90293e-10 2.38591e-10 4.04383e-10 7.57738e-10 1.44195e-09 2.72045e-09 5.05779e-09 9.25278e-09 1.66504e-08 2.94706e-08 5.13063e-08 8.78594e-08 1.48002e-07 2.45266e-07 3.99889e-07 6.41529e-07 1.01278e-06 1.5736e-06 2.40664e-06 3.62351e-06 5.37175e-06 7.84226e-06 1.12766e-05 1.59733e-05 2.22931e-05 3.06602e-05 4.15606e-05 5.5534e-05 7.31604e-05 9.50379e-05 0.000121755 0.000153852 0.000191784 0.000235869 0.000286246 0.000342832 0.000405285 0.000472984 0.000545022 0.000620217 0.000697141 0.000774171 0.000849551 0.000921463 0.000988103 0.00104776 0.00109887 0.00114009 0.00117033 0.00118881 0.00119502 0.00118881 0.00117033 0.00114009 0.00109887 0.00104776 0.000988103 0.000921463 0.000849551 0.000774171 0.000697141 0.000620217 0.000545022 0.000472984 0.000405285 0.000342832 0.000286246 0.000235869 0.000191784 0.000153852 0.000121755 9.50379e-05 7.31604e-05 5.5534e-05 4.15606e-05 3.06602e-05 2.22931e-05 1.59733e-05 1.12766e-05 7.84226e-06 5.37175e-06 3.62351e-06 2.40664e-06 1.5736e-06 1.01278e-06 6.41529e-07 3.99889e-07 2.45266e-07 1.48002e-07 8.78594e-08 5.13063e-08 2.94706e-08 1.66504e-08 9.25278e-09 5.05779e-09 2.72045e-09 1.44195e-09 7.57738e-10 4.04383e-10 2.38591e-10 
3.54177e-10 4.43314e-10 7.48906e-10 1.39879e-09 2.65375e-09 4.99175e-09 9.25278e-09 1.68759e-08 3.02751e-08 5.34187e-08 9.27035e-08 1.58238e-07 2.65683e-07 4.3882e-07 7.13043e-07 1.13998e-06 1.7934e-06 2.77662e-06 4.2313e-06 6.34769e-06 9.37586e-06 1.36375e-05 1.95371e-05 2.75718e-05 3.83381e-05 5.25329e-05 7.0949e-05 9.44607e-05 0.000123999 0.000160518 0.000204942 0.000258114 0.000320723 0.000393235 0.00047582 0.000568286 0.000670033 0.000780013 0.000896729 0.00101826 0.00114229 0.00126624 0.00138729 0.00150258 0.00160925 0.00170462 0.00178624 0.001852 0.00190022 0.00192966 0.00193956 0.00192966 0.00190022 0.001852 0.00178624 0.00170462 0.00160925 0.00150258 0.00138729 0.00126624 0.00114229 0.00101826 0.000896729 0.000780013 0.000670033 0.000568286 0.00047582 0.000393235 0.000320723 0.000258114 0.000204942 0.000160518 0.000123999 9.44607e-05 7.0949e-05 5.25329e-05 3.83381e-05 2.75718e-05 1.95371e-05 1.36375e-05 9.37586e-06 6.34769e-06 4.2313e-06 2.77662e-06 1.7934e-06 1.13998e-06 7.13043e-07 4.3882e-07 2.65683e-07 1.58238e-07 9.27035e-08 5.34187e-08 3.02751e-08 1.68759e-08 9.25278e-09 4.99175e-09 2.65375e-09 1.39879e-09 7.48906e-10 4.43314e-10 
6.48593e-10 8.10428e-10 1.36454e-09 2.5403e-09 4.80451e-09 9.01e-09 1.66504e-08 3.02751e-08 5.41437e-08 9.52312e-08 1.64734e-07 2.8027e-07 4.69012e-07 7.72033e-07 1.25018e-06 1.99174e-06 3.1223e-06 4.81671e-06 7.31348e-06 1.09311e-05 1.60857e-05 2.33094e-05 3.32672e-05 4.67711e-05 6.47882e-05 8.84417e-05 0.000118999 0.000157846 0.000206449 0.000266292 0.000338798 0.000425245 0.000526651 0.00064367 0.000776481 0.00092469 0.00108726 0.00126246 0.00144787 0.00164043 0.00183648 0.00203196 0.0022225 0.00240362 0.00257095 0.00272034 0.00284803 0.00295084 0.00302616 0.00307212 0.00308757 0.00307212 0.00302616 0.00295084 0.00284803 0.00272034 0.00257095 0.00240362 0.0022225 0.00203196 0.00183648 0.00164043 0.00144787 0.00126246 0.00108726 0.00092469 0.000776481 0.00064367 0.000526651 0.000425245 0.000338798 0.000266292 0.000206449 0.000157846 0.000118999 8.84417e-05 6.47882e-05 4.67711e-05 3.32672e-05 2.33094e-05 1.60857e-05 1.09311e-05 7.31348e-06 4.81671e-06 3.1223e-06 1.99174e-06 1.25018e-06 7.72033e-07 4.69012e-07 2.8027e-07 1.64734e-07 9.52312e-08 5.41437e-08 3.02751e-08 1.66504e-08 9.01e-09 4.80451e-09 2.5403e-09 1.36454e-09 8.10428e-10 
1.16858e-09 1.45761e-09 2.44594e-09 4.53833e-09 8.55645e-09 1.59967e-08 2.94706e-08 5.34187e-08 9.52312e-08 1.6696e-07 2.8787e-07 4.88142e-07 8.14114e-07 1.3355e-06 2.15508e-06 3.42124e-06 5.34391e-06 8.21384e-06 1.24254e-05 1.8502e-05 2.71236e-05 3.9154e-05 5.56658e-05 7.79594e-05 0.000107574 0.000146281 0.000196066 0.000259084 0.000337587 0.000433835 0.000549968 0.000687869 0.000848999 0.00103423 0.0012437 0.00147665 0.00173132 0.00200492 0.00229362 0.00259262 0.00289629 0.00319836 0.00349217 0.00377094 0.00402804 0.00425724 0.00445292 0.0046103 0.00472553 0.0047958 0.00481942 0.0047958 0.00472553 0.0046103 0.00445292 0.00425724 0.00402804 0.00377094 0.00349217 0.00319836 0.00289629 0.00259262 0.00229362 0.00200492 0.00173132 0.00147665 0.0012437 0.00103423 0.000848999 0.000687869 0.000549968 0.000433835 0.000337587 0.000259084 0.000196066 0.000146281 0.000107574 7.79594e-05 5.56658e-05 3.9154e-05 2.71236e-05 1.8502e-05 1.24254e-05 8.21384e-06 5.34391e-06 3.42124e-06 2.15508e-06 1.3355e-06 8.14114e-07 4.88142e-07 2.8787e-07 1.6696e-07 9.52312e-08 5.34187e-08 2.94706e-08 1.59967e-08 8.55645e-09 4.53833e-09 2.44594e-09 1.45761e-09 
2.07152e-09 2.57932e-09 4.31339e-09 7.97616e-09 1.499e-08 2.79368e-08 5.13063e-08 9.27035e-08 1.64734e-07 2.8787e-07 4.94694e-07 8.36025e-07 1.38953e-06 2.27148e-06 3.65247e-06 5.77752e-06 8.99136e-06 1.37689e-05 2.07503e-05 3.07803e-05 4.49495e-05 6.46338e-05 9.15303e-05 0.000127682 0.000175488 0.00023769 0.000317333 0.000417691 0.000542153 0.000694079 0.000876604 0.00109243 0.00134358 0.00163116 0.00195513 0.0023141 0.0027052 0.00312399 0.00356454 0.0040195 0.00448032 0.0049376 0.00538139 0.00580163 0.00618851 0.00653286 0.00682649 0.0070624 0.00723499 0.00734018 0.00737553 0.00734018 0.00723499 0.0070624 0.00682649 0.00653286 0.00618851 0.00580163 0.00538139 0.0049376 0.00448032 0.0040195 0.00356454 0.00312399 0.0027052 0.0023141 0.00195513 0.00163116 0.00134358 0.00109243 0.000876604 0.000694079 0.000542153 0.000417691 0.000317333 0.00023769 0.000175488 0.000127682 9.15303e-05 6.46338e-05 4.49495e-05 3.07803e-05 2.07503e-05 1.37689e-05 8.99136e-06 5.77752e-06 3.65247e-06 2.27148e-06 1.38953e-06 8.36025e-07 4.94694e-07 2.8787e-07 1.64734e-07 9.27035e-08 5.13063e-08 2.79368e-08 1.499e-08 7.97616e-09 4.31339e-09 2.57932e-09 
3.61314e-09 4.49078e-09 7.4838e-09 1.37911e-08 2.58339e-08 4.79933e-08 8.78594e-08 1.58238e-07 2.8027e-07 4.88142e-07 8.36025e-07 1.40802e-06 2.33207e-06 3.79878e-06 6.08632e-06 9.59219e-06 1.48725e-05 2.2689e-05 3.40624e-05 5.03312e-05 7.32117e-05 0.000104855 0.000147896 0.00020548 0.000281274 0.000379434 0.000504532 0.000661434 0.000855127 0.00109048 0.00137198 0.00170337 0.00208737 0.00252525 0.00301658 0.00355892 0.00414765 0.00477592 0.00543469 0.00611295 0.00679804 0.00747611 0.00813263 0.008753 0.00932306 0.00982965 0.010261 0.0106072 0.0108603 0.0110144 0.0110662 0.0110144 0.0108603 0.0106072 0.010261 0.00982965 0.00932306 0.008753 0.00813263 0.00747611 0.00679804 0.00611295 0.00543469 0.00477592 0.00414765 0.00355892 0.00301658 0.00252525 0.00208737 0.00170337 0.00137198 0.00109048 0.000855127 0.000661434 0.000504532 0.000379434 0.000281274 0.00020548 0.000147896 0.000104855 7.32117e-05 5.03312e-05 3.40624e-05 2.2689e-05 1.48725e-05 9.59219e-06 6.08632e-06 3.79878e-06 2.33207e-06 1.40802e-06 8.36025e-07 4.88142e-07 2.8027e-07 1.58238e-07 8.78594e-08 4.79933e-08 2.58339e-08 1.37911e-08 7.4838e-09 4.49078e-09 
6.20113e-09 7.69341e-09 1.27756e-08 2.34603e-08 4.38012e-08 8.11091e-08 1.48002e-07 2.65683e-07 4.69012e-07 8.14114e-07 1.38953e-06 2.33207e-06 3.84887e-06 6.24697e-06 9.97213e-06 1.56579e-05 2.41856e-05 3.67551e-05 5.49648e-05 8.08964e-05 0.000117202 0.000167181 0.000234843 0.000324942 0.000442969 0.000595091 0.000788028 0.00102886 0.00132474 0.00168257 0.00210857 0.00260779 0.00318369 0.00383758 0.00456823 0.00537152 0.00624022 0.00716393 0.00812919 0.00911985 0.0101175 0.0111023 0.0120535 0.0129502 0.0137726 0.0145022 0.0151226 0.0156199 0.0159831 0.0162043 0.0162785 0.0162043 0.0159831 0.0156199 0.0151226 0.0145022 0.0137726 0.0129502 0.0120535 0.0111023 0.0101175 0.00911985 0.00812919 0.00716393 0.00624022 0.00537152 0.00456823 0.00383758 0.00318369 0.00260779 0.00210857 0.00168257 0.00132474 0.00102886 0.000788028 0.000595091 0.000442969 0.000324942 0.000234843 0.000167181 0.000117202 8.08964e-05 5.49648e-05 3.67551e-05 2.41856e-05 1.56579e-05 9.97213e-06 6.24697e-06 3.84887e-06 2.33207e-06 1.38953e-06 8.14114e-07 4.69012e-07 2.65683e-07 1.48002e-07 8.11091e-08 4.38012e-08 2.34603e-08 1.27756e-08 7.69341e-09 
1.04731e-08 1.29696e-08 2.14601e-08 3.92674e-08 7.30672e-08 1.34857e-07 2.45266e-07 4.3882e-07 7.72033e-07 1.3355e-06 2.27148e-06 3.79878e-06 6.24697e-06 1.01022e-05 1.60663e-05 2.51313e-05 3.86695e-05 5.85374e-05 8.71921e-05 0.000127813 0.000184422 0.000261984 0.000366487 0.000504971 0.000685494 0.000917018 0.00120921 0.00157213 0.00201582 0.00254977 0.00318238 0.00392023 0.00476745 0.00572509 0.00679051 0.00795697 0.00921338 0.0105443 0.0119301 0.0133476 0.0147708 0.0161715 0.0175209 0.0187901 0.0199517 0.0209803 0.0218537 0.0225529 0.0230631 0.0233735 0.0234777 0.0233735 0.0230631 0.0225529 0.0218537 0.0209803 0.0199517 0.0187901 0.0175209 0.0161715 0.0147708 0.0133476 0.0119301 0.0105443 0.00921338 0.00795697 0.00679051 0.00572509 0.00476745 0.00392023 0.00318238 0.00254977 0.00201582 0.00157213 0.00120921 0.000917018 0.000685494 0.000504971 0.000366487 0.000261984 0.000184422 0.000127813 8.71921e-05 5.85374e-05 3.86695e-05 2.51313e-05 1.60663e-05 1.01022e-05 6.24697e-06 3.79878e-06 2.27148e-06 1.3355e-06 7.72033e-07 4.3882e-07 2.45266e-07 1.34857e-07 7.30672e-08 3.92674e-08 2.14601e-08 1.29696e-08 
1.74075e-08 2.1517e-08 3.54737e-08 6.46743e-08 1.19932e-07 2.20614e-07 3.99889e-07 7.13043e-07 1.25018e-06 2.15508e-06 3.65247e-06 6.08632e-06 9.97213e-06 1.60663e-05 2.54549e-05 3.96644e-05 6.07933e-05 9.16633e-05 0.000135984 0.000198523 0.000285265 0.000403543 0.000562127 0.000771235 0.00104245 0.00138854 0.00182308 0.00236006 0.0030132 0.00379525 0.00471715 0.00578712 0.00700979 0.00838532 0.0099087 0.0115693 0.0133504 0.0152297 0.0171791 0.0191662 0.0211546 0.0231058 0.0249802 0.026739 0.028345 0.0297646 0.0309678 0.0319299 0.0326313 0.0330577 0.0332008 0.0330577 0.0326313 0.0319299 0.0309678 0.0297646 0.028345 0.026739 0.0249802 0.0231058 0.0211546 0.0191662 0.0171791 0.0152297 0.0133504 0.0115693 0.0099087 0.00838532 0.00700979 0.00578712 0.00471715 0.00379525 0.0030132 0.00236006 0.00182308 0.00138854 0.00104245 0.000771235 0.000562127 0.000403543 0.000285265 0.000198523 0.000135984 9.16633e-05 6.07933e-05 3.96644e-05 2.54549e-05 1.60663e-05 9.97213e-06 6.08632e-06 3.65247e-06 2.15508e-06 1.25018e-06 7.13043e-07 3.99889e-07 2.20614e-07 1.19932e-07 6.46743e-08 3.54737e-08 2.1517e-08 
2.84767e-08 3.51334e-08 5.77093e-08 1.04827e-07 1.93717e-07 3.55131e-07 6.41529e-07 1.13998e-06 1.99174e-06 3.42124e-06 5.77752e-06 9.59219e-06 1.56579e-05 2.51313e-05 3.96644e-05 6.15647e-05 9.39855e-05 0.000141139 0.000208527 0.000303165 0.000433796 0.000611047 0.000847514 0.00115774 0.00155803 0.00206617 0.00270085 0.00348102 0.00442497 0.0055493 0.00686781 0.00839027 0.0101213 0.0120591 0.0141951 0.0165128 0.0189879 0.0215884 0.0242753 0.027004 0.0297251 0.0323867 0.0349362 0.0373221 0.0394958 0.0414131 0.0430356 0.0443311 0.0452745 0.0458478 0.04604 0.0458478 0.0452745 0.0443311 0.0430356 0.0414131 0.0394958 0.0373221 0.0349362 0.0323867 0.0297251 0.027004 0.0242753 0.0215884 0.0189879 0.0165128 0.0141951 0.0120591 0.0101213 0.00839027 0.00686781 0.0055493 0.00442497 0.00348102 0.00270085 0.00206617 0.00155803 0.00115774 0.000847514 0.000611047 0.000433796 0.000303165 0.000208527 0.000141139 9.39855e-05 6.15647e-05 3.96644e-05 2.51313e-05 1.56579e-05 9.59219e-06 5.77752e-06 3.42124e-06 1.99174e-06 1.13998e-06 6.41529e-07 3.55131e-07 1.93717e-07 1.04827e-07 5.77093e-08 3.51334e-08 
4.5854e-08 5.6466e-08 9.24048e-08 1.67226e-07 3.07941e-07 5.62587e-07 1.01278e-06 1.7934e-06 3.1223e-06 5.34391e-06 8.99136e-06 1.48725e-05 2.41856e-05 3.86695e-05 6.07933e-05 9.39855e-05 0.000142901 0.000213719 0.000314447 0.00045523 0.0006486 0.000909666 0.00125617 0.00170839 0.00228885 0.00302175 0.00393223 0.00504537 0.00638486 0.0079717 0.00982258 0.0119484 0.0143528 0.0170307 0.0199678 0.0231394 0.0265108 0.0300375 0.0336664 0.0373371 0.0409843 0.0445398 0.047935 0.0511035 0.0539832 0.0565178 0.0586587 0.0603657 0.0616074 0.0623613 0.0626141 0.0623613 0.0616074 0.0603657 0.0586587 0.0565178 0.0539832 0.0511035 0.047935 0.0445398 0.0409843 0.0373371 0.0336664 0.0300375 0.0265108 0.0231394 0.0199678 0.0170307 0.0143528 0.0119484 0.00982258 0.0079717 0.00638486 0.00504537 0.00393223 0.00302175 0.00228885 0.00170839 0.00125617 0.000909666 0.0006486 0.00045523 0.000314447 0.000213719 0.000142901 9.39855e-05 6.07933e-05 3.86695e-05 2.41856e-05 1.48725e-05 8.99136e-06 5.34391e-06 3.1223e-06 1.7934e-06 1.01278e-06 5.62587e-07 3.07941e-07 1.67226e-07 9.24048e-08 5.6466e-08 
7.26846e-08 8.9336e-08 1.45647e-07 2.62586e-07 4.81821e-07 8.77183e-07 1.5736e-06 2.77662e-06 4.81671e-06 8.21384e-06 1.37689e-05 2.2689e-05 3.67551e-05 5.85374e-05 9.16633e-05 0.000141139 0.000213719 0.000318302 0.000466345 0.000672243 0.000953635 0.0013316 0.00183063 0.00247847 0.00330552 0.00434407 0.00562713 0.00718701 0.00905359 0.0112525 0.0138029 0.016716 0.019993 0.0236233 0.0275843 0.0318401 0.036342 0.0410296 0.0458319 0.0506695 0.0554576 0.0601088 0.0645358 0.0686551 0.072389 0.0756682 0.0784327 0.0806335 0.0822324 0.0832025 0.0835277 0.0832025 0.0822324 0.0806335 0.0784327 0.0756682 0.072389 0.0686551 0.0645358 0.0601088 0.0554576 0.0506695 0.0458319 0.0410296 0.036342 0.0318401 0.0275843 0.0236233 0.019993 0.016716 0.0138029 0.0112525 0.00905359 0.00718701 0.00562713 0.00434407 0.00330552 0.00247847 0.00183063 0.0013316 0.000953635 0.000672243 0.000466345 0.000318302 0.000213719 0.000141139 9.16633e-05 5.85374e-05 3.67551e-05 2.2689e-05 1.37689e-05 8.21384e-06 4.81671e-06 2.77662e-06 1.5736e-06 8.77183e-07 4.81821e-07 2.62586e-07 1.45647e-07 8.9336e-08 
1.13431e-07 1.39151e-07 2.26003e-07 4.0591e-07 7.42125e-07 1.34631e-06 2.40664e-06 4.2313e-06 7.31348e-06 1.24254e-05 2.07503e-05 3.40624e-05 5.49648e-05 8.71921e-05 0.000135984 0.000208527 0.000314447 0.000466345 0.000680316 0.000976417 0.00137902 0.00191697 0.00262348 0.00353566 0.00469374 0.00613983 0.00791623 0.0100635 0.0126181 0.0156101 0.0190605 0.0229789 0.0273618 0.0321903 0.03743 0.04303 0.048924 0.0550311 0.0612588 0.067505 0.0736622 0.0796207 0.0852725 0.0905151 0.0952541 0.0994058 0.102899 0.105675 0.10769 0.108911 0.10932 0.108911 0.10769 0.105675 0.102899 0.0994058 0.0952541 0.0905151 0.0852725 0.0796207 0.0736622 0.067505 0.0612588 0.0550311 0.048924 0.04303 0.03743 0.0321903 0.0273618 0.0229789 0.0190605 0.0156101 0.0126181 0.0100635 0.00791623 0.00613983 0.00469374 0.00353566 0.00262348 0.00191697 0.00137902 0.000976417 0.000680316 0.000466345 0.000314447 0.000208527 0.000135984 8.71921e-05 5.49648e-05 3.40624e-05 2.07503e-05 1.24254e-05 7.31348e-06 4.2313e-06 2.40664e-06 1.34631e-06 7.42125e-07 4.0591e-07 2.26003e-07 1.39151e-07 
1.74298e-07 2.1341e-07 3.45293e-07 6.17782e-07 1.12538e-06 2.03432e-06 3.62351e-06 6.34769e-06 1.09311e-05 1.8502e-05 3.07803e-05 5.03312e-05 8.08964e-05 0.000127813 0.000198523 0.000303165 0.00045523 0.000672243 0.000976417 0.00139521 0.00196167 0.00271454 0.00369792 0.00496054 0.00655449 0.00853339 0.0109502 0.0138542 0.0172887 0.0212872 0.0258707 0.0310451 0.0367986 0.0431006 0.0499003 0.0571277 0.0646938 0.0724936 0.0804086 0.0883108 0.0960668 0.103543 0.110608 0.117139 0.123027 0.128171 0.13249 0.135916 0.138399 0.139903 0.140407 0.139903 0.138399 0.135916 0.13249 0.128171 0.123027 0.117139 0.110608 0.103543 0.0960668 0.0883108 0.0804086 0.0724936 0.0646938 0.0571277 0.0499003 0.0431006 0.0367986 0.0310451 0.0258707 0.0212872 0.0172887 0.0138542 0.0109502 0.00853339 0.00655449 0.00496054 0.00369792 0.00271454 0.00196167 0.00139521 0.000976417 0.000672243 0.00045523 0.000303165 0.000198523 0.000127813 8.08964e-05 5.03312e-05 3.07803e-05 1.8502e-05 1.09311e-05 6.34769e-06 3.62351e-06 2.03432e-06 1.12538e-06 6.17782e-07 3.45293e-07 2.1341e-07 
2.63737e-07 3.22302e-07 5.19489e-07 9.25861e-07 1.68042e-06 3.02674e-06 5.37175e-06 9.37586e-06 1.60857e-05 2.71236e-05 4.49495e-05 7.32117e-05 0.000117202 0.000184422 0.000285265 0.000433796 0.0006486 0.000953635 0.00137902 0.00196167 0.00274559 0.00378182 0.00512784 0.00684628 0.00900313 0.0116651 0.0148967 0.0187564 0.0232931 0.0285423 0.0345223 0.0412317 0.0486464 0.0567188 0.0653774 0.0745272 0.0840525 0.0938191 0.103679 0.113476 0.123047 0.132233 0.140882 0.148849 0.156007 0.162246 0.167471 0.171609 0.174603 0.176415 0.177021 0.176415 0.174603 0.171609 0.167471 0.162246 0.156007 0.148849 0.140882 0.132233 0.123047 0.113476 0.103679 0.0938191 0.0840525 0.0745272 0.0653774 0.0567188 0.0486464 0.0412317 0.0345223 0.0285423 0.0232931 0.0187564 0.0148967 0.0116651 0.00900313 0.00684628 0.00512784 0.00378182 0.00274559 0.00196167 0.00137902 0.000953635 0.0006486 0.000433796 0.000285265 0.000184422 0.000117202 7.32117e-05 4.49495e-05 2.71236e-05 1.60857e-05 9.37586e-06 5.37175e-06 3.02674e-06 1.68042e-06 9.25861e-07 5.19489e-07 3.22302e-07 
3.93024e-07 4.79382e-07 7.69722e-07 1.36653e-06 2.47111e-06 4.43485e-06 7.84226e-06 1.36375e-05 2.33094e-05 3.9154e-05 6.46338e-05 0.000104855 0.000167181 0.000261984 0.000403543 0.000611047 0.000909666 0.0013316 0.00191697 0.00271454 0.00378182 0.00518485 0.006997 0.0092972 0.0121672 0.015688 0.0199361 0.0249783 0.0308676 0.0376385 0.0453031 0.0538475 0.0632302 0.0733811 0.0842017 0.0955672 0.10733 0.119322 0.131364 0.143266 0.154839 0.165897 0.176264 0.185779 0.1943 0.201704 0.20789 0.212779 0.216312 0.218447 0.219162 0.218447 0.216312 0.212779 0.20789 0.201704 0.1943 0.185779 0.176264 0.165897 0.154839 0.143266 0.131364 0.119322 0.10733 0.0955672 0.0842017 0.0733811 0.0632302 0.0538475 0.0453031 0.0376385 0.0308676 0.0249783 0.0199361 0.015688 0.0121672 0.0092972 0.006997 0.00518485 0.00378182 0.00271454 0.00191697 0.0013316 0.000909666 0.000611047 0.000403543 0.000261984 0.000167181 0.000104855 6.46338e-05 3.9154e-05 2.33094e-05 1.36375e-05 7.84226e-06 4.43485e-06 2.47111e-06 1.36653e-06 7.69722e-07 4.79382e-07 
5.76877e-07 7.02296e-07 1.12335e-06 1.98663e-06 3.57921e-06 6.40028e-06 1.12766e-05 1.95371e-05 3.32672e-05 5.56658e-05 9.15303e-05 0.000147896 0.000234843 0.000366487 0.000562127 0.000847514 0.00125617 0.00183063 0.00262348 0.00369792 0.00512784 0.006997 0.00939732 0.0124262 0.0161825 0.0207624 0.0262536 0.0327299 0.0402453 0.0488293 0.0584822 0.0691723 0.0808339 0.0933678 0.106642 0.120497 0.134748 0.149191 0.16361 0.177786 0.191499 0.204539 0.216711 0.227839 0.237768 0.246368 0.253536 0.259189 0.263267 0.265729 0.266552 0.265729 0.263267 0.259189 0.253536 0.246368 0.237768 0.227839 0.216711 0.204539 0.191499 0.177786 0.16361 0.149191 0.134748 0.120497 0.106642 0.0933678 0.0808339 0.0691723 0.0584822 0.0488293 0.0402453 0.0327299 0.0262536 0.0207624 0.0161825 0.0124262 0.00939732 0.006997 0.00512784 0.00369792 0.00262348 0.00183063 0.00125617 0.000847514 0.000562127 0.000366487 0.000234843 0.000147896 9.15303e-05 5.56658e-05 3.32672e-05 1.95371e-05 1.12766e-05 6.40028e-06 3.57921e-06 1.98663e-06 1.12335e-06 7.02296e-07 
8.34082e-07 1.01351e-06 1.61501e-06 2.8451e-06 5.10701e-06 9.0992e-06 1.59733e-05 2.75718e-05 4.67711e-05 7.79594e-05 0.000127682 0.00020548 0.000324942 0.000504971 0.000771235 0.00115774 0.00170839 0.00247847 0.00353566 0.00496054 0.00684628 0.0092972 0.0124262 0.0163507 0.0211881 0.027049 0.0340311 0.0422119 0.0516424 0.0623414 0.0742911 0.0874344 0.101674 0.116876 0.132867 0.149447 0.16639 0.183455 0.20039 0.216943 0.232869 0.247937 0.261937 0.274681 0.286009 0.29579 0.303918 0.310313 0.314919 0.317697 0.318625 0.317697 0.314919 0.310313 0.303918 0.29579 0.286009 0.274681 0.261937 0.247937 0.232869 0.216943 0.20039 0.183455 0.16639 0.149447 0.132867 0.116876 0.101674 0.0874344 0.0742911 0.0623414 0.0516424 0.0422119 0.0340311 0.027049 0.0211881 0.0163507 0.0124262 0.0092972 0.00684628 0.00496054 0.00353566 0.00247847 0.00170839 0.00115774 0.000771235 0.000504971 0.000324942 0.00020548 0.000127682 7.79594e-05 4.67711e-05 2.75718e-05 1.59733e-05 9.0992e-06 5.10701e-06 2.8451e-06 1.61501e-06 1.01351e-06 
1.18807e-06 1.44097e-06 2.28754e-06 4.01438e-06 7.17949e-06 1.27456e-05 2.22931e-05 3.83381e-05 6.47882e-05 0.000107574 0.000175488 0.000281274 0.000442969 0.000685494 0.00104245 0.00155803 0.00228885 0.00330552 0.00469374 0.00655449 0.00900313 0.0121672 0.0161825 0.0211881 0.0273193 0.0347003 0.0434356 0.0536024 0.0652425 0.0783573 0.0929027 0.108788 0.125878 0.143992 0.162915 0.182399 0.202175 0.221962 0.241473 0.26043 0.278563 0.295629 0.311405 0.325702 0.338358 0.349247 0.358269 0.36535 0.370441 0.373507 0.374531 0.373507 0.370441 0.36535 0.358269 0.349247 0.338358 0.325702 0.311405 0.295629 0.278563 0.26043 0.241473 0.221962 0.202175 0.182399 0.162915 0.143992 0.125878 0.108788 0.0929027 0.0783573 0.0652425 0.0536024 0.0434356 0.0347003 0.0273193 0.0211881 0.0161825 0.0121672 0.00900313 0.00655449 0.00469374 0.00330552 0.00228885 0.00155803 0.00104245 0.000685494 0.000442969 0.000281274 0.000175488 0.000107574 6.47882e-05 3.83381e-05 2.22931e-05 1.27456e-05 7.17949e-06 4.01438e-06 2.28754e-06 1.44097e-06 
1.66735e-06 2.01856e-06 3.19258e-06 5.58133e-06 9.9456e-06 1.7593e-05 3.06602e-05 5.25329e-05 8.84417e-05 0.000146281 0.00023769 0.000379434 0.000595091 0.000917018 0.00138854 0.00206617 0.00302175 0.00434407 0.00613983 0.00853339 0.0116651 0.015688 0.0207624 0.027049 0.0347003 0.0438511 0.0546087 0.0670436 0.0811816 0.0969977 0.114413 0.133295 0.15346 0.174678 0.19668 0.219172 0.24184 0.264363 0.286425 0.307721 0.32797 0.346917 0.364341 0.380053 0.393904 0.405774 0.415578 0.423253 0.428758 0.43207 0.433176 0.43207 0.428758 0.423253 0.415578 0.405774 0.393904 0.380053 0.364341 0.346917 0.32797 0.307721 0.286425 0.264363 0.24184 0.219172 0.19668 0.174678 0.15346 0.133295 0.114413 0.0969977 0.0811816 0.0670436 0.0546087 0.0438511 0.0347003 0.027049 0.0207624 0.015688 0.0116651 0.00853339 0.00613983 0.00434407 0.00302175 0.00206617 0.00138854 0.000917018 0.000595091 0.000379434 0.00023769 0.000146281 8.84417e-05 5.25329e-05 3.06602e-05 1.7593e-05 9.9456e-06 5.58133e-06 3.19258e-06 2.01856e-06 
2.30569e-06 2.78636e-06 4.39084e-06 7.64734e-06 1.35781e-05 2.39334e-05 4.15606e-05 7.0949e-05 0.000118999 0.000196066 0.000317333 0.000504532 0.000788028 0.00120921 0.00182308 0.00270085 0.00393223 0.00562713 0.00791623 0.0109502 0.0148967 0.0199361 0.0262536 0.0340311 0.0434356 0.0546087 0.0676543 0.0826289 0.0995333 0.118307 0.138827 0.160908 0.184311 0.208749 0.2339 0.259417 0.284943 0.310122 0.334612 0.358092 0.380273 0.400903 0.419766 0.43669 0.451538 0.464213 0.474644 0.482787 0.488616 0.492117 0.493285 0.492117 0.488616 0.482787 0.474644 0.464213 0.451538 0.43669 0.419766 0.400903 0.380273 0.358092 0.334612 0.310122 0.284943 0.259417 0.2339 0.208749 0.184311 0.160908 0.138827 0.118307 0.0995333 0.0826289 0.0676543 0.0546087 0.0434356 0.0340311 0.0262536 0.0199361 0.0148967 0.0109502 0.00791623 0.00562713 0.00393223 0.00270085 0.00182308 0.00120921 0.000788028 0.000504532 0.000317333 0.000196066 0.000118999 7.0949e-05 4.15606e-05 2.39334e-05 1.35781e-05 7.64734e-06 4.39084e-06 2.78636e-06 
3.142e-06 3.79035e-06 5.95158e-06 1.03273e-05 1.82716e-05 3.20938e-05 5.5534e-05 9.44607e-05 0.000157846 0.000259084 0.000417691 0.000661434 0.00102886 0.00157213 0.00236006 0.00348102 0.00504537 0.00718701 0.0100635 0.0138542 0.0187564 0.0249783 0.0327299 0.0422119 0.0536024 0.0670436 0.0826289 0.100392 0.120298 0.142242 0.166044 0.191462 0.218191 0.245884 0.27416 0.302624 0.330876 0.358533 0.385233 0.410649 0.434495 0.45653 0.476557 0.494425 0.510025 0.523282 0.534152 0.542612 0.548654 0.552278 0.553485 0.552278 0.548654 0.542612 0.534152 0.523282 0.510025 0.494425 0.476557 0.45653 0.434495 0.410649 0.385233 0.358533 0.330876 0.302624 0.27416 0.245884 0.218191 0.191462 0.166044 0.142242 0.120298 0.100392 0.0826289 0.0670436 0.0536024 0.0422119 0.0327299 0.0249783 0.0187564 0.0138542 0.0100635 0.00718701 0.00504537 0.00348102 0.00236006 0.00157213 0.00102886 0.000661434 0.000417691 0.000259084 0.000157846 9.44607e-05 5.5534e-05 3.20938e-05 1.82716e-05 1.03273e-05 5.95158e-06 3.79035e-06 
4.21966e-06 5.08169e-06 7.95133e-06 1.37475e-05 2.42382e-05 4.24278e-05 7.31604e-05 0.000123999 0.000206449 0.000337587 0.000542153 0.000855127 0.00132474 0.00201582 0.0030132 0.00442497 0.00638486 0.00905359 0.0126181 0.0172887 0.0232931 0.0308676 0.0402453 0.0516424 0.0652425 0.0811816 0.0995333 0.120298 0.143396 0.168665 0.195863 0.224677 0.254735 0.285624 0.316907 0.348141 0.378893 0.408756 0.43736 0.464384 0.489555 0.512654 0.533513 0.552014 0.56808 0.58167 0.592767 0.601375 0.607508 0.611179 0.612402 0.611179 0.607508 0.601375 0.592767 0.58167 0.56808 0.552014 0.533513 0.512654 0.489555 0.464384 0.43736 0.408756 0.378893 0.348141 0.316907 0.285624 0.254735 0.224677 0.195863 0.168665 0.143396 0.120298 0.0995333 0.0811816 0.0652425 0.0516424 0.0402453 0.0308676 0.0232931 0.0172887 0.0126181 0.00905359 0.00638486 0.00442497 0.0030132 0.00201582 0.00132474 0.000855127 0.000542153 0.000337587 0.000206449 0.000123999 7.31604e-05 4.24278e-05 2.42382e-05 1.37475e-05 7.95133e-06 5.08169e-06 
5.58536e-06 6.71524e-06 1.04716e-05 1.8041e-05 3.17003e-05 5.53034e-05 9.50379e-05 0.000160518 0.000266292 0.000433835 0.000694079 0.00109048 0.00168257 0.00254977 0.00379525 0.0055493 0.0079717 0.0112525 0.0156101 0.0212872 0.0285423 0.0376385 0.0488293 0.0623414 0.0783573 0.0969977 0.118307 0.142242 0.168665 0.197349 0.227978 0.260164 0.293464 0.327399 0.361477 0.395214 0.42815 0.459866 0.489998 0.518236 0.544337 0.568114 0.589438 0.608232 0.624458 0.638113 0.649216 0.657798 0.663895 0.667539 0.668751 0.667539 0.663895 0.657798 0.649216 0.638113 0.624458 0.608232 0.589438 0.568114 0.544337 0.518236 0.489998 0.459866 0.42815 0.395214 0.361477 0.327399 0.293464 0.260164 0.227978 0.197349 0.168665 0.142242 0.118307 0.0969977 0.0783573 0.0623414 0.0488293 0.0376385 0.0285423 0.0212872 0.0156101 0.0112525 0.0079717 0.0055493 0.00379525 0.00254977 0.00168257 0.00109048 0.000694079 0.000433835 0.000266292 0.000160518 9.50379e-05 5.53034e-05 3.17003e-05 1.8041e-05 1.04716e-05 6.71524e-06 
7.2872e-06 8.74733e-06 1.35954e-05 2.33427e-05 4.08807e-05 7.10861e-05 0.000121755 0.000204942 0.000338798 0.000549968 0.000876604 0.00137198 0.00210857 0.00318238 0.00471715 0.00686781 0.00982258 0.0138029 0.0190605 0.0258707 0.0345223 0.0453031 0.0584822 0.0742911 0.0929027 0.114413 0.138827 0.166044 0.195863 0.227978 0.261993 0.297443 0.33381 0.370553 0.40713 0.443023 0.477756 0.510911 0.542138 0.571156 0.597759 0.621805 0.643213 0.661952 0.678032 0.691489 0.702379 0.710764 0.716704 0.720246 0.721423 0.720246 0.716704 0.710764 0.702379 0.691489 0.678032 0.661952 0.643213 0.621805 0.597759 0.571156 0.542138 0.510911 0.477756 0.443023 0.40713 0.370553 0.33381 0.297443 0.261993 0.227978 0.195863 0.166044 0.138827 0.114413 0.0929027 0.0742911 0.0584822 0.0453031 0.0345223 0.0258707 0.0190605 0.0138029 0.00982258 0.00686781 0.00471715 0.00318238 0.00210857 0.00137198 0.000876604 0.000549968 0.000338798 0.000204942 0.000121755 7.10861e-05 4.08807e-05 2.33427e-05 1.35954e-05 8.74733e-06 
9.37217e-06 1.12327e-05 1.74029e-05 2.97809e-05 5.19894e-05 9.01164e-05 0.000153852 0.000258114 0.000425245 0.000687869 0.00109243 0.00170337 0.00260779 0.00392023 0.00578712 0.00839027 0.0119484 0.016716 0.0229789 0.0310451 0.0412317 0.0538475 0.0691723 0.0874344 0.108788 0.133295 0.160908 0.191462 0.224677 0.260164 0.297443 0.335967 0.375147 0.414383 0.453092 0.490732 0.526823 0.560961 0.592822 0.622169 0.64884 0.672748 0.693867 0.712218 0.727859 0.740872 0.751349 0.759382 0.765054 0.76843 0.76955 0.76843 0.765054 0.759382 0.751349 0.740872 0.727859 0.712218 0.693867 0.672748 0.64884 0.622169 0.592822 0.560961 0.526823 0.490732 0.453092 0.414383 0.375147 0.335967 0.297443 0.260164 0.224677 0.191462 0.160908 0.133295 0.108788 0.0874344 0.0691723 0.0538475 0.0412317 0.0310451 0.0229789 0.016716 0.0119484 0.00839027 0.00578712 0.00392023 0.00260779 0.00170337 0.00109243 0.000687869 0.000425245 0.000258114 0.000153852 9.01164e-05 5.19894e-05 2.97809e-05 1.74029e-05 1.12327e-05 
1.18829e-05 1.4221e-05 2.19653e-05 3.74685e-05 6.52086e-05 0.000112685 0.000191784 0.000320723 0.000526651 0.000848999 0.00134358 0.00208737 0.00318369 0.00476745 0.00700979 0.0101213 0.0143528 0.019993 0.0273618 0.0367986 0.0486464 0.0632302 0.0808339 0.101674 0.125878 0.15346 0.184311 0.218191 0.254735 0.293464 0.33381 0.375147 0.416818 0.458171 0.498593 0.537532 0.574515 0.609165 0.641198 0.670427 0.69675 0.720138 0.740624 0.758286 0.773232 0.785587 0.795479 0.803028 0.80834 0.811494 0.812539 0.811494 0.80834 0.803028 0.795479 0.785587 0.773232 0.758286 0.740624 0.720138 0.69675 0.670427 0.641198 0.609165 0.574515 0.537532 0.498593 0.458171 0.416818 0.375147 0.33381 0.293464 0.254735 0.218191 0.184311 0.15346 0.125878 0.101674 0.0808339 0.0632302 0.0486464 0.0367986 0.0273618 0.019993 0.0143528 0.0101213 0.00700979 0.00476745 0.00318369 0.00208737 0.00134358 0.000848999 0.000526651 0.000320723 0.000191784 0.000112685 6.52086e-05 3.74685e-05 2.19653e-05 1.4221e-05 
1.48542e-05 1.77518e-05 2.7339e-05 4.64926e-05 8.06748e-05 0.000139002 0.000235869 0.000393235 0.00064367 0.00103423 0.00163116 0.00252525 0.00383758 0.00572509 0.00838532 0.0120591 0.0170307 0.0236233 0.0321903 0.0431006 0.0567188 0.0733811 0.0933678 0.116876 0.143992 0.174678 0.208749 0.245884 0.285624 0.327399 0.370553 0.414383 0.458171 0.501227 0.542915 0.582687 0.620093 0.654793 0.686557 0.715255 0.740851 0.76338 0.782938 0.799658 0.813697 0.825221 0.834392 0.841356 0.846238 0.849128 0.850085 0.849128 0.846238 0.841356 0.834392 0.825221 0.813697 0.799658 0.782938 0.76338 0.740851 0.715255 0.686557 0.654793 0.620093 0.582687 0.542915 0.501227 0.458171 0.414383 0.370553 0.327399 0.285624 0.245884 0.208749 0.174678 0.143992 0.116876 0.0933678 0.0733811 0.0567188 0.0431006 0.0321903 0.0236233 0.0170307 0.0120591 0.00838532 0.00572509 0.00383758 0.00252525 0.00163116 0.00103423 0.00064367 0.000393235 0.000235869 0.000139002 8.06748e-05 4.64926e-05 2.7339e-05 1.77518e-05 
1.83085e-05 2.18508e-05 3.35584e-05 5.69032e-05 9.84614e-05 0.000169173 0.000286246 0.00047582 0.000776481 0.0012437 0.00195513 0.00301658 0.00456823 0.00679051 0.0099087 0.0141951 0.0199678 0.0275843 0.03743 0.0499003 0.0653774 0.0842017 0.106642 0.132867 0.162915 0.19668 0.2339 0.27416 0.316907 0.361477 0.40713 0.453092 0.498593 0.542915 0.585418 0.625566 0.662945 0.697266 0.72836 0.756165 0.780712 0.802104 0.820497 0.836079 0.849053 0.859623 0.867979 0.87429 0.878694 0.881294 0.882154 0.881294 0.878694 0.87429 0.867979 0.859623 0.849053 0.836079 0.820497 0.802104 0.780712 0.756165 0.72836 0.697266 0.662945 0.625566 0.585418 0.542915 0.498593 0.453092 0.40713 0.361477 0.316907 0.27416 0.2339 0.19668 0.162915 0.132867 0.106642 0.0842017 0.0653774 0.0499003 0.03743 0.0275843 0.0199678 0.0141951 0.0099087 0.00679051 0.00456823 0.00301658 0.00195513 0.0012437 0.000776481 0.00047582 0.000286246 0.000169173 9.84614e-05 5.69032e-05 3.35584e-05 2.18508e-05 
2.22525e-05 2.65245e-05 4.06294e-05 6.87032e-05 0.000118562 0.000203166 0.000342832 0.000568286 0.00092469 0.00147665 0.0023141 0.00355892 0.00537152 0.00795697 0.0115693 0.0165128 0.0231394 0.0318401 0.04303 0.0571277 0.0745272 0.0955672 0.120497 0.149447 0.182399 0.219172 0.259417 0.302624 0.348141 0.395214 0.443023 0.490732 0.537532 0.582687 0.625566 0.665661 0.702606 0.73617 0.766254 0.792867 0.816111 0.836156 0.853214 0.867526 0.879334 0.888875 0.896364 0.901985 0.90589 0.908189 0.908947 0.908189 0.90589 0.901985 0.896364 0.888875 0.879334 0.867526 0.853214 0.836156 0.816111 0.792867 0.766254 0.73617 0.702606 0.665661 0.625566 0.582687 0.537532 0.490732 0.443023 0.395214 0.348141 0.302624 0.259417 0.219172 0.182399 0.149447 0.120497 0.0955672 0.0745272 0.0571277 0.04303 0.0318401 0.0231394 0.0165128 0.0115693 0.00795697 0.00537152 0.00355892 0.0023141 0.00147665 0.00092469 0.000568286 0.000342832 0.000203166 0.000118562 6.87032e-05 4.06294e-05 2.65245e-05 
2.66735e-05 3.17566e-05 4.85237e-05 8.18389e-05 0.000140874 0.000240794 0.000405285 0.000670033 0.00108726 0.00173132 0.0027052 0.00414765 0.00624022 0.00921338 0.0133504 0.0189879 0.0265108 0.036342 0.048924 0.0646938 0.0840525 0.10733 0.134748 0.16639 0.202175 0.24184 0.284943 0.330876 0.378893 0.42815 0.477756 0.526823 0.574515 0.620093 0.662945 0.702606 0.738765 0.77126 0.800063 0.82526 0.84702 0.865578 0.8812 0.89417 0.904767 0.913253 0.919861 0.924789 0.928194 0.930191 0.930849 0.930191 0.928194 0.924789 0.919861 0.913253 0.904767 0.89417 0.8812 0.865578 0.84702 0.82526 0.800063 0.77126 0.738765 0.702606 0.662945 0.620093 0.574515 0.526823 0.477756 0.42815 0.378893 0.330876 0.284943 0.24184 0.202175 0.16639 0.134748 0.10733 0.0840525 0.0646938 0.048924 0.036342 0.0265108 0.0189879 0.0133504 0.00921338 0.00624022 0.00414765 0.0027052 0.00173132 0.00108726 0.000670033 0.000405285 0.000240794 0.000140874 8.18389e-05 4.85237e-05 3.17566e-05 
