6.07231e-09 6.92038e-09 9.65608e-09 1.48859e-08 2.37304e-08 3.80005e-08 6.04655e-08 9.5236e-08 1.48288e-07 2.28164e-07 3.46875e-07 5.21061e-07 7.73411e-07 1.1344e-06 1.6443e-06 2.35556e-06 3.33529e-06 4.66807e-06 6.45861e-06 8.83441e-06 1.19478e-05 1.59776e-05 2.11293e-05 2.76342e-05 3.57466e-05 4.5739e-05 5.7895e-05 7.24998e-05 8.98278e-05 0.000110129 0.000133613 0.00016043 0.000190659 0.000224287 0.000261194 0.000301147 0.000343791 0.000388647 0.000435118 0.000482501 0.000529998 0.000576745 0.000621833 0.000664341 0.00070336 0.000738031 0.000767571 0.000791299 0.000808661 0.000819246 0.000822802 0.000819246 0.000808661 0.000791299 0.000767571 0.000738031 0.00070336 0.000664341 0.000621833 0.000576745 0.000529998 0.000482501 0.000435118 0.000388647 0.000343791 0.000301147 0.000261194 0.000224287 0.000190659 0.00016043 0.000133613 0.000110129 8.98278e-05 7.24998e-05 5.7895e-05 4.5739e-05 3.57466e-05 2.76342e-05 2.11293e-05 1.59776e-05 1.19478e-05 8.83441e-06 6.45861e-06 4.66807e-06 3.33529e-06 2.35556e-06 1.6443e-06 1.1344e-06 7.73411e-07 5.21061e-07 3.46875e-07 2.28164e-07 1.48288e-07 9.5236e-08 6.04655e-08 3.80005e-08 2.37304e-08 1.48859e-08 9.65608e-09 6.92038e-09 
6.92038e-09 7.88321e-09 1.0988e-08 1.69197e-08 2.69431e-08 4.31e-08 6.85094e-08 1.07796e-07 1.67674e-07 2.57727e-07 3.91415e-07 5.87356e-07 8.70904e-07 1.27605e-06 1.84769e-06 2.64412e-06 3.73992e-06 5.22885e-06 7.22686e-06 9.87487e-06 1.3341e-05 1.78222e-05 2.35444e-05 3.07616e-05 3.97522e-05 5.08144e-05 6.42574e-05 8.03915e-05 9.95145e-05 0.000121896 0.000147762 0.000177272 0.000210507 0.000247446 0.000287955 0.000331773 0.000378508 0.000427633 0.000478495 0.000530321 0.000582245 0.000633322 0.000682564 0.000728968 0.000771549 0.000809373 0.00084159 0.000867464 0.000886392 0.00089793 0.000901807 0.00089793 0.000886392 0.000867464 0.00084159 0.000809373 0.000771549 0.000728968 0.000682564 0.000633322 0.000582245 0.000530321 0.000478495 0.000427633 0.000378508 0.000331773 0.000287955 0.000247446 0.000210507 0.000177272 0.000147762 0.000121896 9.95145e-05 8.03915e-05 6.42574e-05 5.08144e-05 3.97522e-05 3.07616e-05 2.35444e-05 1.78222e-05 1.3341e-05 9.87487e-06 7.22686e-06 5.22885e-06 3.73992e-06 2.64412e-06 1.84769e-06 1.27605e-06 8.70904e-07 5.87356e-07 3.91415e-07 2.57727e-07 1.67674e-07 1.07796e-07 6.85094e-08 4.31e-08 2.69431e-08 1.69197e-08 1.0988e-08 7.88321e-09 
9.65608e-09 1.0988e-08 1.52798e-08 2.34677e-08 3.72781e-08 5.94917e-08 9.43463e-08 1.48107e-07 2.29845e-07 3.52466e-07 5.34043e-07 7.99488e-07 1.18262e-06 1.72862e-06 2.49695e-06 3.56458e-06 5.02958e-06 7.01479e-06 9.6716e-06 1.31832e-05 1.77674e-05 2.3678e-05 3.12055e-05 4.06743e-05 5.24392e-05 6.68773e-05 8.43784e-05 0.000105331 0.000130104 0.00015903 0.000192382 0.00023035 0.000273017 0.000320342 0.000372139 0.000428062 0.000487601 0.000550081 0.000614667 0.000680382 0.00074613 0.000810727 0.000872932 0.000931493 0.00098518 0.00103283 0.0010734 0.00110596 0.00112977 0.00114428 0.00114915 0.00114428 0.00112977 0.00110596 0.0010734 0.00103283 0.00098518 0.000931493 0.000872932 0.000810727 0.00074613 0.000680382 0.000614667 0.000550081 0.000487601 0.000428062 0.000372139 0.000320342 0.000273017 0.00023035 0.000192382 0.00015903 0.000130104 0.000105331 8.43784e-05 6.68773e-05 5.24392e-05 4.06743e-05 3.12055e-05 2.3678e-05 1.77674e-05 1.31832e-05 9.6716e-06 7.01479e-06 5.02958e-06 3.56458e-06 2.49695e-06 1.72862e-06 1.18262e-06 7.99488e-07 5.34043e-07 3.52466e-07 2.29845e-07 1.48107e-07 9.43463e-08 5.94917e-08 3.72781e-08 2.34677e-08 1.52798e-08 1.0988e-08 
1.48859e-08 1.69197e-08 2.34677e-08 3.59407e-08 5.69353e-08 9.06248e-08 1.4335e-07 2.24459e-07 3.47437e-07 5.3141e-07 8.03059e-07 1.19903e-06 1.76888e-06 2.57857e-06 3.71454e-06 5.28824e-06 7.44104e-06 1.03493e-05 1.42294e-05 1.9342e-05 2.59953e-05 3.45472e-05 4.54046e-05 5.90202e-05 7.58855e-05 9.65206e-05 0.000121459 0.000151227 0.000186323 0.000227188 0.000274177 0.000327526 0.000387326 0.000453492 0.000525737 0.000603563 0.000686244 0.000772833 0.00086217 0.000952908 0.00104354 0.00113245 0.00121796 0.00129835 0.00137198 0.00143726 0.00149279 0.00153734 0.0015699 0.00158973 0.0015964 0.00158973 0.0015699 0.00153734 0.00149279 0.00143726 0.00137198 0.00129835 0.00121796 0.00113245 0.00104354 0.000952908 0.00086217 0.000772833 0.000686244 0.000603563 0.000525737 0.000453492 0.000387326 0.000327526 0.000274177 0.000227188 0.000186323 0.000151227 0.000121459 9.65206e-05 7.58855e-05 5.90202e-05 4.54046e-05 3.45472e-05 2.59953e-05 1.9342e-05 1.42294e-05 1.03493e-05 7.44104e-06 5.28824e-06 3.71454e-06 2.57857e-06 1.76888e-06 1.19903e-06 8.03059e-07 5.3141e-07 3.47437e-07 2.24459e-07 1.4335e-07 9.06248e-08 5.69353e-08 3.59407e-08 2.34677e-08 1.69197e-08 
2.37304e-08 2.69431e-08 3.72781e-08 5.69353e-08 8.99575e-08 1.42826e-07 2.25366e-07 3.52009e-07 5.43521e-07 8.29242e-07 1.24997e-06 1.86152e-06 2.73912e-06 3.9825e-06 5.72183e-06 8.12426e-06 1.1401e-05 1.58143e-05 2.16844e-05 2.93955e-05 3.93999e-05 5.22197e-05 6.84458e-05 8.87318e-05 0.000113784 0.000144343 0.000181165 0.000224991 0.000276513 0.000336335 0.000404932 0.000482609 0.000569453 0.000665303 0.00076971 0.000881926 0.00100088 0.00112521 0.00125323 0.00138302 0.00151245 0.00163922 0.00176097 0.00187529 0.00197987 0.00207252 0.00215125 0.00221437 0.00226049 0.00228857 0.002298 0.00228857 0.00226049 0.00221437 0.00215125 0.00207252 0.00197987 0.00187529 0.00176097 0.00163922 0.00151245 0.00138302 0.00125323 0.00112521 0.00100088 0.000881926 0.00076971 0.000665303 0.000569453 0.000482609 0.000404932 0.000336335 0.000276513 0.000224991 0.000181165 0.000144343 0.000113784 8.87318e-05 6.84458e-05 5.22197e-05 3.93999e-05 2.93955e-05 2.16844e-05 1.58143e-05 1.1401e-05 8.12426e-06 5.72183e-06 3.9825e-06 2.73912e-06 1.86152e-06 1.24997e-06 8.29242e-07 5.43521e-07 3.52009e-07 2.25366e-07 1.42826e-07 8.99575e-08 5.69353e-08 3.72781e-08 2.69431e-08 
3.80005e-08 4.31e-08 5.94917e-08 9.06248e-08 1.42826e-07 2.2622e-07 3.56107e-07 5.54908e-07 8.54771e-07 1.30098e-06 1.95629e-06 2.90627e-06 4.26578e-06 6.1866e-06 8.86603e-06 1.25565e-05 1.75754e-05 2.43156e-05 3.32545e-05 4.49622e-05 6.01068e-05 7.94558e-05 0.000103873 0.00013431 0.000171786 0.000217367 0.000272131 0.000337125 0.000413317 0.00050154 0.000602433 0.000716381 0.000843455 0.000983361 0.0011354 0.00129844 0.00147091 0.00165079 0.00183567 0.00202277 0.00220904 0.0023912 0.00256589 0.00272973 0.00287944 0.00301194 0.00312446 0.0032146 0.00328042 0.0033205 0.00333395 0.0033205 0.00328042 0.0032146 0.00312446 0.00301194 0.00287944 0.00272973 0.00256589 0.0023912 0.00220904 0.00202277 0.00183567 0.00165079 0.00147091 0.00129844 0.0011354 0.000983361 0.000843455 0.000716381 0.000602433 0.00050154 0.000413317 0.000337125 0.000272131 0.000217367 0.000171786 0.00013431 0.000103873 7.94558e-05 6.01068e-05 4.49622e-05 3.32545e-05 2.43156e-05 1.75754e-05 1.25565e-05 8.86603e-06 6.1866e-06 4.26578e-06 2.90627e-06 1.95629e-06 1.30098e-06 8.54771e-07 5.54908e-07 3.56107e-07 2.2622e-07 1.42826e-07 9.06248e-08 5.94917e-08 4.31e-08 
6.04655e-08 6.85094e-08 9.43463e-08 1.4335e-07 2.25366e-07 3.56107e-07 5.59269e-07 8.69469e-07 1.3362e-06 2.02894e-06 3.04366e-06 4.51078e-06 6.60476e-06 9.55523e-06 1.36596e-05 1.92968e-05 2.69417e-05 3.71791e-05 5.07169e-05 6.83966e-05 9.11993e-05 0.000120247 0.000156797 0.000202222 0.000257991 0.000325625 0.00040665 0.000502539 0.000614634 0.000744075 0.000891709 0.00105801 0.001243 0.00144617 0.00166644 0.00190212 0.00215089 0.00240982 0.00267544 0.00294377 0.00321045 0.00347086 0.00372023 0.00395382 0.00416703 0.00435555 0.00451551 0.00464358 0.00473704 0.00479393 0.00481303 0.00479393 0.00473704 0.00464358 0.00451551 0.00435555 0.00416703 0.00395382 0.00372023 0.00347086 0.00321045 0.00294377 0.00267544 0.00240982 0.00215089 0.00190212 0.00166644 0.00144617 0.001243 0.00105801 0.000891709 0.000744075 0.000614634 0.000502539 0.00040665 0.000325625 0.000257991 0.000202222 0.000156797 0.000120247 9.11993e-05 6.83966e-05 5.07169e-05 3.71791e-05 2.69417e-05 1.92968e-05 1.36596e-05 9.55523e-06 6.60476e-06 4.51078e-06 3.04366e-06 2.02894e-06 1.3362e-06 8.69469e-07 5.59269e-07 3.56107e-07 2.25366e-07 1.4335e-07 9.43463e-08 6.85094e-08 
9.5236e-08 1.07796e-07 1.48107e-07 2.24459e-07 3.52009e-07 5.54908e-07 8.69469e-07 1.3486e-06 2.06771e-06 3.13234e-06 4.68775e-06 6.93071e-06 1.01234e-05 1.46098e-05 2.08337e-05 2.9358e-05 4.08855e-05 5.62781e-05 7.65744e-05 0.000103003 0.00013699 0.000180159 0.000234315 0.000301425 0.000383574 0.000482909 0.000601568 0.000741591 0.000904819 0.00109278 0.00130658 0.00154678 0.00181328 0.00210525 0.00242103 0.00275813 0.00311317 0.00348195 0.00385951 0.00424022 0.00461796 0.00498622 0.00533839 0.00566783 0.00596819 0.00623351 0.00645845 0.00663842 0.0067697 0.00684957 0.00687639 0.00684957 0.0067697 0.00663842 0.00645845 0.00623351 0.00596819 0.00566783 0.00533839 0.00498622 0.00461796 0.00424022 0.00385951 0.00348195 0.00311317 0.00275813 0.00242103 0.00210525 0.00181328 0.00154678 0.00130658 0.00109278 0.000904819 0.000741591 0.000601568 0.000482909 0.000383574 0.000301425 0.000234315 0.000180159 0.00013699 0.000103003 7.65744e-05 5.62781e-05 4.08855e-05 2.9358e-05 2.08337e-05 1.46098e-05 1.01234e-05 6.93071e-06 4.68775e-06 3.13234e-06 2.06771e-06 1.3486e-06 8.69469e-07 5.54908e-07 3.52009e-07 2.24459e-07 1.48107e-07 1.07796e-07 
1.48288e-07 1.67674e-07 2.29845e-07 3.47437e-07 5.43521e-07 8.54771e-07 1.3362e-06 2.06771e-06 3.16286e-06 4.78006e-06 7.13662e-06 1.05258e-05 1.53372e-05 2.20795e-05 3.1407e-05 4.41461e-05 6.13242e-05 8.41957e-05 0.000114266 0.000153305 0.000203362 0.000266751 0.000346038 0.000443995 0.000563545 0.000707676 0.000879337 0.00108131 0.00131608 0.00158566 0.00189144 0.00223405 0.00261317 0.00302746 0.00347445 0.00395047 0.00445071 0.00496919 0.00549894 0.0060321 0.00656016 0.00707416 0.00756495 0.00802347 0.00844101 0.00880948 0.00912159 0.00937113 0.00955307 0.00966373 0.00970087 0.00966373 0.00955307 0.00937113 0.00912159 0.00880948 0.00844101 0.00802347 0.00756495 0.00707416 0.00656016 0.0060321 0.00549894 0.00496919 0.00445071 0.00395047 0.00347445 0.00302746 0.00261317 0.00223405 0.00189144 0.00158566 0.00131608 0.00108131 0.000879337 0.000707676 0.000563545 0.000443995 0.000346038 0.000266751 0.000203362 0.000153305 0.000114266 8.41957e-05 6.13242e-05 4.41461e-05 3.1407e-05 2.20795e-05 1.53372e-05 1.05258e-05 7.13662e-06 4.78006e-06 3.16286e-06 2.06771e-06 1.3362e-06 8.54771e-07 5.43521e-07 3.47437e-07 2.29845e-07 1.67674e-07 
2.28164e-07 2.57727e-07 3.52466e-07 5.3141e-07 8.29242e-07 1.30098e-06 2.02894e-06 3.13234e-06 4.78006e-06 7.20694e-06 1.0734e-05 1.57931e-05 2.29553e-05 3.29643e-05 4.67718e-05 6.55758e-05 9.08588e-05 0.000124423 0.000168419 0.00022537 0.000298171 0.000390083 0.000504695 0.000645865 0.000817626 0.00102407 0.00126921 0.00155678 0.00189004 0.0022716 0.00270316 0.00318535 0.00371747 0.00429743 0.00492157 0.00558463 0.00627978 0.00699869 0.00773168 0.00846795 0.00919584 0.00990315 0.0105775 0.0112066 0.0117788 0.0122832 0.0127101 0.0130512 0.0132997 0.0134508 0.0135015 0.0134508 0.0132997 0.0130512 0.0127101 0.0122832 0.0117788 0.0112066 0.0105775 0.00990315 0.00919584 0.00846795 0.00773168 0.00699869 0.00627978 0.00558463 0.00492157 0.00429743 0.00371747 0.00318535 0.00270316 0.0022716 0.00189004 0.00155678 0.00126921 0.00102407 0.000817626 0.000645865 0.000504695 0.000390083 0.000298171 0.00022537 0.000168419 0.000124423 9.08588e-05 6.55758e-05 4.67718e-05 3.29643e-05 2.29553e-05 1.57931e-05 1.0734e-05 7.20694e-06 4.78006e-06 3.13234e-06 2.02894e-06 1.30098e-06 8.29242e-07 5.3141e-07 3.52466e-07 2.57727e-07 
3.46875e-07 3.91415e-07 5.34043e-07 8.03059e-07 1.24997e-06 1.95629e-06 3.04366e-06 4.68775e-06 7.13662e-06 1.0734e-05 1.59483e-05 2.34071e-05 3.39374e-05 4.86117e-05 6.87973e-05 9.62078e-05 0.000132954 0.000181591 0.000245153 0.00032718 0.000431713 0.000563279 0.000726828 0.000927644 0.00117122 0.00146306 0.00180852 0.00221253 0.00267931 0.00321213 0.003813 0.00448241 0.00521907 0.00601976 0.00687917 0.00778985 0.00874229 0.00972502 0.0107248 0.011727 0.0127159 0.0136752 0.0145882 0.0154388 0.0162115 0.0168919 0.0174671 0.0179264 0.0182608 0.0184641 0.0185323 0.0184641 0.0182608 0.0179264 0.0174671 0.0168919 0.0162115 0.0154388 0.0145882 0.0136752 0.0127159 0.011727 0.0107248 0.00972502 0.00874229 0.00778985 0.00687917 0.00601976 0.00521907 0.00448241 0.003813 0.00321213 0.00267931 0.00221253 0.00180852 0.00146306 0.00117122 0.000927644 0.000726828 0.000563279 0.000431713 0.00032718 0.000245153 0.000181591 0.000132954 9.62078e-05 6.87973e-05 4.86117e-05 3.39374e-05 2.34071e-05 1.59483e-05 1.0734e-05 7.13662e-06 4.68775e-06 3.04366e-06 1.95629e-06 1.24997e-06 8.03059e-07 5.34043e-07 3.91415e-07 
5.21061e-07 5.87356e-07 7.99488e-07 1.19903e-06 1.86152e-06 2.90627e-06 4.51078e-06 6.93071e-06 1.05258e-05 1.57931e-05 2.34071e-05 3.42683e-05 4.95594e-05 7.08071e-05 9.995e-05 0.000139407 0.000192146 0.000261737 0.000352406 0.000469049 0.000617232 0.000803146 0.00103352 0.00131548 0.00165638 0.00206353 0.00254395 0.003104 0.00374904 0.00448306 0.0053083 0.00622492 0.00723068 0.00832077 0.00948758 0.0107208 0.0120072 0.0133314 0.0146755 0.0160199 0.0173439 0.0186258 0.0198439 0.020977 0.0220049 0.0229089 0.0236726 0.0242817 0.0247251 0.0249945 0.0250848 0.0249945 0.0247251 0.0242817 0.0236726 0.0229089 0.0220049 0.020977 0.0198439 0.0186258 0.0173439 0.0160199 0.0146755 0.0133314 0.0120072 0.0107208 0.00948758 0.00832077 0.00723068 0.00622492 0.0053083 0.00448306 0.00374904 0.003104 0.00254395 0.00206353 0.00165638 0.00131548 0.00103352 0.000803146 0.000617232 0.000469049 0.000352406 0.000261737 0.000192146 0.000139407 9.995e-05 7.08071e-05 4.95594e-05 3.42683e-05 2.34071e-05 1.57931e-05 1.05258e-05 6.93071e-06 4.51078e-06 2.90627e-06 1.86152e-06 1.19903e-06 7.99488e-07 5.87356e-07 
7.73411e-07 8.70904e-07 1.18262e-06 1.76888e-06 2.73912e-06 4.26578e-06 6.60476e-06 1.01234e-05 1.53372e-05 2.29553e-05 3.39374e-05 4.95594e-05 7.14902e-05 0.000101876 0.00014343 0.000199522 0.000274266 0.000372592 0.000500297 0.000664067 0.000871454 0.0011308 0.00145113 0.00184191 0.00231282 0.0028734 0.00353269 0.00429875 0.0051782 0.00617577 0.00729377 0.00853173 0.00988598 0.0113494 0.0129115 0.0145578 0.0162707 0.0180294 0.0198103 0.0215877 0.0233344 0.0250223 0.0266234 0.0281104 0.0294574 0.0306407 0.0316392 0.032435 0.0330139 0.0333655 0.0334834 0.0333655 0.0330139 0.032435 0.0316392 0.0306407 0.0294574 0.0281104 0.0266234 0.0250223 0.0233344 0.0215877 0.0198103 0.0180294 0.0162707 0.0145578 0.0129115 0.0113494 0.00988598 0.00853173 0.00729377 0.00617577 0.0051782 0.00429875 0.00353269 0.0028734 0.00231282 0.00184191 0.00145113 0.0011308 0.000871454 0.000664067 0.000500297 0.000372592 0.000274266 0.000199522 0.00014343 0.000101876 7.14902e-05 4.95594e-05 3.39374e-05 2.29553e-05 1.53372e-05 1.01234e-05 6.60476e-06 4.26578e-06 2.73912e-06 1.76888e-06 1.18262e-06 8.70904e-07 
1.1344e-06 1.27605e-06 1.72862e-06 2.57857e-06 3.9825e-06 6.1866e-06 9.55523e-06 1.46098e-05 2.20795e-05 3.29643e-05 4.86117e-05 7.08071e-05 0.000101876 0.000144796 0.000203315 0.000282069 0.000386686 0.000523877 0.000701494 0.000928536 0.00121511 0.0015723 0.00201201 0.00254663 0.00318871 0.00395048 0.00484336 0.00587736 0.00706045 0.008398 0.00989215 0.0115413 0.0133397 0.0152772 0.0173391 0.019506 0.0217544 0.0240568 0.0263826 0.0286983 0.030969 0.0331588 0.0352322 0.0371547 0.0388935 0.0404191 0.041705 0.042729 0.0434734 0.0439253 0.0440768 0.0439253 0.0434734 0.042729 0.041705 0.0404191 0.0388935 0.0371547 0.0352322 0.0331588 0.030969 0.0286983 0.0263826 0.0240568 0.0217544 0.019506 0.0173391 0.0152772 0.0133397 0.0115413 0.00989215 0.008398 0.00706045 0.00587736 0.00484336 0.00395048 0.00318871 0.00254663 0.00201201 0.0015723 0.00121511 0.000928536 0.000701494 0.000523877 0.000386686 0.000282069 0.000203315 0.000144796 0.000101876 7.08071e-05 4.86117e-05 3.29643e-05 2.20795e-05 1.46098e-05 9.55523e-06 6.1866e-06 3.9825e-06 2.57857e-06 1.72862e-06 1.27605e-06 
1.6443e-06 1.84769e-06 2.49695e-06 3.71454e-06 5.72183e-06 8.86603e-06 1.36596e-05 2.08337e-05 3.1407e-05 4.67718e-05 6.87973e-05 9.995e-05 0.00014343 0.000203315 0.000284719 0.000393931 0.000538553 0.000727602 0.000971563 0.00128239 0.0016734 0.00215914 0.00275506 0.00347711 0.00434132 0.00536308 0.00655655 0.00793386 0.00950436 0.0112738 0.0132438 0.015411 0.0177666 0.0202963 0.0229801 0.0257922 0.0287017 0.031673 0.0346665 0.0376399 0.0405487 0.0433481 0.0459935 0.0484419 0.0506531 0.0525904 0.0542216 0.0555193 0.0564621 0.0570341 0.0572258 0.0570341 0.0564621 0.0555193 0.0542216 0.0525904 0.0506531 0.0484419 0.0459935 0.0433481 0.0405487 0.0376399 0.0346665 0.031673 0.0287017 0.0257922 0.0229801 0.0202963 0.0177666 0.015411 0.0132438 0.0112738 0.00950436 0.00793386 0.00655655 0.00536308 0.00434132 0.00347711 0.00275506 0.00215914 0.0016734 0.00128239 0.000971563 0.000727602 0.000538553 0.000393931 0.000284719 0.000203315 0.00014343 9.995e-05 6.87973e-05 4.67718e-05 3.1407e-05 2.08337e-05 1.36596e-05 8.86603e-06 5.72183e-06 3.71454e-06 2.49695e-06 1.84769e-06 
2.35556e-06 2.64412e-06 3.56458e-06 5.28824e-06 8.12426e-06 1.25565e-05 1.92968e-05 2.9358e-05 4.41461e-05 6.55758e-05 9.62078e-05 0.000139407 0.000199522 0.000282069 0.000393931 0.000543535 0.000741016 0.000998323 0.00132928 0.00174952 0.0022764 0.00292866 0.00372609 0.00468894 0.00583727 0.00719015 0.00876476 0.0105755 0.0126328 0.0149427 0.0175054 0.0203148 0.0233583 0.026616 0.030061 0.0336595 0.0373715 0.0411514 0.0449493 0.0487119 0.052384 0.0559101 0.0592354 0.0623075 0.0650774 0.0675007 0.0695387 0.0711585 0.0723343 0.0730474 0.0732864 0.0730474 0.0723343 0.0711585 0.0695387 0.0675007 0.0650774 0.0623075 0.0592354 0.0559101 0.052384 0.0487119 0.0449493 0.0411514 0.0373715 0.0336595 0.030061 0.026616 0.0233583 0.0203148 0.0175054 0.0149427 0.0126328 0.0105755 0.00876476 0.00719015 0.00583727 0.00468894 0.00372609 0.00292866 0.0022764 0.00174952 0.00132928 0.000998323 0.000741016 0.000543535 0.000393931 0.000282069 0.000199522 0.000139407 9.62078e-05 6.55758e-05 4.41461e-05 2.9358e-05 1.92968e-05 1.25565e-05 8.12426e-06 5.28824e-06 3.56458e-06 2.64412e-06 
3.33529e-06 3.73992e-06 5.02958e-06 7.44104e-06 1.1401e-05 1.75754e-05 2.69417e-05 4.08855e-05 6.13242e-05 9.08588e-05 0.000132954 0.000192146 0.000274266 0.000386686 0.000538553 0.000741016 0.0010074 0.00135335 0.00179682 0.00235803 0.00305921 0.00392422 0.00497799 0.00624579 0.00775236 0.00952084 0.0115717 0.0139214 0.0165814 0.0195571 0.0228466 0.02644 0.0303192 0.0344572 0.0388184 0.0433593 0.0480288 0.0527695 0.0575192 0.0622121 0.0667807 0.0711573 0.0752758 0.0790733 0.0824913 0.0854773 0.0879852 0.0899765 0.0914209 0.0922964 0.0925897 0.0922964 0.0914209 0.0899765 0.0879852 0.0854773 0.0824913 0.0790733 0.0752758 0.0711573 0.0667807 0.0622121 0.0575192 0.0527695 0.0480288 0.0433593 0.0388184 0.0344572 0.0303192 0.02644 0.0228466 0.0195571 0.0165814 0.0139214 0.0115717 0.00952084 0.00775236 0.00624579 0.00497799 0.00392422 0.00305921 0.00235803 0.00179682 0.00135335 0.0010074 0.000741016 0.000538553 0.000386686 0.000274266 0.000192146 0.000132954 9.08588e-05 6.13242e-05 4.08855e-05 2.69417e-05 1.75754e-05 1.1401e-05 7.44104e-06 5.02958e-06 3.73992e-06 
4.66807e-06 5.22885e-06 7.01479e-06 1.03493e-05 1.58143e-05 2.43156e-05 3.71791e-05 5.62781e-05 8.41957e-05 0.000124423 0.000181591 0.000261737 0.000372592 0.000523877 0.000727602 0.000998323 0.00135335 0.00181287 0.00239993 0.00314027 0.004062 0.00519504 0.00657034 0.00821893 0.0101708 0.0124534 0.0150905 0.0181006 0.0214955 0.0252791 0.029446 0.0339813 0.0388595 0.0440446 0.0494906 0.0551417 0.060934 0.0667962 0.0726521 0.0784216 0.0840234 0.0893765 0.0944027 0.0990276 0.103183 0.106807 0.109847 0.112258 0.114006 0.115064 0.115419 0.115064 0.114006 0.112258 0.109847 0.106807 0.103183 0.0990276 0.0944027 0.0893765 0.0840234 0.0784216 0.0726521 0.0667962 0.060934 0.0551417 0.0494906 0.0440446 0.0388595 0.0339813 0.029446 0.0252791 0.0214955 0.0181006 0.0150905 0.0124534 0.0101708 0.00821893 0.00657034 0.00519504 0.004062 0.00314027 0.00239993 0.00181287 0.00135335 0.000998323 0.000727602 0.000523877 0.000372592 0.000261737 0.000181591 0.000124423 8.41957e-05 5.62781e-05 3.71791e-05 2.43156e-05 1.58143e-05 1.03493e-05 7.01479e-06 5.22885e-06 
6.45861e-06 7.22686e-06 9.6716e-06 1.42294e-05 2.16844e-05 3.32545e-05 5.07169e-05 7.65744e-05 0.000114266 0.000168419 0.000245153 0.000352406 0.000500297 0.000701494 0.000971563 0.00132928 0.00179682 0.00239993 0.00316775 0.00413266 0.00532968 0.00679577 0.00856878 0.0106862 0.0131836 0.0160931 0.0194416 0.0232489 0.0275264 0.0322752 0.0374851 0.0431341 0.0491872 0.0555976 0.062306 0.0692428 0.0763287 0.0834767 0.0905947 0.0975869 0.104357 0.11081 0.116854 0.122404 0.127381 0.131714 0.135344 0.13822 0.140302 0.141563 0.141985 0.141563 0.140302 0.13822 0.135344 0.131714 0.127381 0.122404 0.116854 0.11081 0.104357 0.0975869 0.0905947 0.0834767 0.0763287 0.0692428 0.062306 0.0555976 0.0491872 0.0431341 0.0374851 0.0322752 0.0275264 0.0232489 0.0194416 0.0160931 0.0131836 0.0106862 0.00856878 0.00679577 0.00532968 0.00413266 0.00316775 0.00239993 0.00179682 0.00132928 0.000971563 0.000701494 0.000500297 0.000352406 0.000245153 0.000168419 0.000114266 7.65744e-05 5.07169e-05 3.32545e-05 2.16844e-05 1.42294e-05 9.6716e-06 7.22686e-06 
8.83441e-06 9.87487e-06 1.31832e-05 1.9342e-05 2.93955e-05 4.49622e-05 6.83966e-05 0.000103003 0.000153305 0.00022537 0.00032718 0.000469049 0.000664067 0.000928536 0.00128239 0.00174952 0.00235803 0.00314027 0.00413266 0.00537532 0.00691131 0.0087856 0.0110437 0.0137302 0.0168867 0.0205496 0.0247486 0.0295042 0.0348258 0.0407102 0.0471406 0.0540853 0.0614981 0.0693183 0.0774714 0.0858712 0.094421 0.103016 0.111548 0.119902 0.127968 0.135635 0.142798 0.14936 0.155233 0.160338 0.164607 0.167985 0.170429 0.171908 0.172403 0.171908 0.170429 0.167985 0.164607 0.160338 0.155233 0.14936 0.142798 0.135635 0.127968 0.119902 0.111548 0.103016 0.094421 0.0858712 0.0774714 0.0693183 0.0614981 0.0540853 0.0471406 0.0407102 0.0348258 0.0295042 0.0247486 0.0205496 0.0168867 0.0137302 0.0110437 0.0087856 0.00691131 0.00537532 0.00413266 0.00314027 0.00235803 0.00174952 0.00128239 0.000928536 0.000664067 0.000469049 0.00032718 0.00022537 0.000153305 0.000103003 6.83966e-05 4.49622e-05 2.93955e-05 1.9342e-05 1.31832e-05 9.87487e-06 
1.19478e-05 1.3341e-05 1.77674e-05 2.59953e-05 3.93999e-05 6.01068e-05 9.11993e-05 0.00013699 0.000203362 0.000298171 0.000431713 0.000617232 0.000871454 0.00121511 0.0016734 0.0022764 0.00305921 0.004062 0.00532968 0.00691131 0.00885905 0.0112268 0.0140687 0.0174364 0.0213777 0.0259333 0.0311345 0.0370012 0.0435394 0.0507397 0.0585758 0.0670044 0.0759648 0.0853801 0.095158 0.105193 0.11537 0.125564 0.135648 0.145491 0.154964 0.163943 0.17231 0.179957 0.186785 0.192709 0.197656 0.201566 0.204392 0.2061 0.206672 0.2061 0.204392 0.201566 0.197656 0.192709 0.186785 0.179957 0.17231 0.163943 0.154964 0.145491 0.135648 0.125564 0.11537 0.105193 0.095158 0.0853801 0.0759648 0.0670044 0.0585758 0.0507397 0.0435394 0.0370012 0.0311345 0.0259333 0.0213777 0.0174364 0.0140687 0.0112268 0.00885905 0.00691131 0.00532968 0.004062 0.00305921 0.0022764 0.0016734 0.00121511 0.000871454 0.000617232 0.000431713 0.000298171 0.000203362 0.00013699 9.11993e-05 6.01068e-05 3.93999e-05 2.59953e-05 1.77674e-05 1.3341e-05 
1.59776e-05 1.78222e-05 2.3678e-05 3.45472e-05 5.22197e-05 7.94558e-05 0.000120247 0.000180159 0.000266751 0.000390083 0.000563279 0.000803146 0.0011308 0.0015723 0.00215914 0.00292866 0.00392422 0.00519504 0.00679577 0.0087856 0.0112268 0.0141833 0.0177178 0.0218898 0.0267528 0.0323508 0.0387159 0.0458656 0.0538003 0.0625016 0.0719317 0.0820322 0.0927253 0.103915 0.115488 0.127319 0.139271 0.151198 0.162954 0.174389 0.18536 0.195726 0.20536 0.214141 0.221966 0.228741 0.234388 0.238845 0.242064 0.244008 0.244659 0.244008 0.242064 0.238845 0.234388 0.228741 0.221966 0.214141 0.20536 0.195726 0.18536 0.174389 0.162954 0.151198 0.139271 0.127319 0.115488 0.103915 0.0927253 0.0820322 0.0719317 0.0625016 0.0538003 0.0458656 0.0387159 0.0323508 0.0267528 0.0218898 0.0177178 0.0141833 0.0112268 0.0087856 0.00679577 0.00519504 0.00392422 0.00292866 0.00215914 0.0015723 0.0011308 0.000803146 0.000563279 0.000390083 0.000266751 0.000180159 0.000120247 7.94558e-05 5.22197e-05 3.45472e-05 2.3678e-05 1.78222e-05 
2.11293e-05 2.35444e-05 3.12055e-05 4.54046e-05 6.84458e-05 0.000103873 0.000156797 0.000234315 0.000346038 0.000504695 0.000726828 0.00103352 0.00145113 0.00201201 0.00275506 0.00372609 0.00497799 0.00657034 0.00856878 0.0110437 0.0140687 0.0177178 0.0220631 0.0271717 0.0331019 0.0399002 0.0475975 0.0562068 0.0657204 0.0761082 0.0873172 0.0992711 0.111872 0.125002 0.138524 0.152291 0.166142 0.179911 0.19343 0.206534 0.219063 0.230864 0.241798 0.251739 0.260575 0.26821 0.274563 0.279569 0.28318 0.285361 0.28609 0.285361 0.28318 0.279569 0.274563 0.26821 0.260575 0.251739 0.241798 0.230864 0.219063 0.206534 0.19343 0.179911 0.166142 0.152291 0.138524 0.125002 0.111872 0.0992711 0.0873172 0.0761082 0.0657204 0.0562068 0.0475975 0.0399002 0.0331019 0.0271717 0.0220631 0.0177178 0.0140687 0.0110437 0.00856878 0.00657034 0.00497799 0.00372609 0.00275506 0.00201201 0.00145113 0.00103352 0.000726828 0.000504695 0.000346038 0.000234315 0.000156797 0.000103873 6.84458e-05 4.54046e-05 3.12055e-05 2.35444e-05 
2.76342e-05 3.07616e-05 4.06743e-05 5.90202e-05 8.87318e-05 0.00013431 0.000202222 0.000301425 0.000443995 0.000645865 0.000927644 0.00131548 0.00184191 0.00254663 0.00347711 0.00468894 0.00624579 0.00821893 0.0106862 0.0137302 0.0174364 0.0218898 0.0271717 0.033356 0.040505 0.0486657 0.0578661 0.0681119 0.0793839 0.0916373 0.1048 0.118776 0.133442 0.148656 0.164257 0.180071 0.195915 0.211601 0.226942 0.241755 0.255867 0.269116 0.281353 0.292446 0.302282 0.310761 0.317804 0.323346 0.327338 0.329747 0.330552 0.329747 0.327338 0.323346 0.317804 0.310761 0.302282 0.292446 0.281353 0.269116 0.255867 0.241755 0.226942 0.211601 0.195915 0.180071 0.164257 0.148656 0.133442 0.118776 0.1048 0.0916373 0.0793839 0.0681119 0.0578661 0.0486657 0.040505 0.033356 0.0271717 0.0218898 0.0174364 0.0137302 0.0106862 0.00821893 0.00624579 0.00468894 0.00347711 0.00254663 0.00184191 0.00131548 0.000927644 0.000645865 0.000443995 0.000301425 0.000202222 0.00013431 8.87318e-05 5.90202e-05 4.06743e-05 3.07616e-05 
3.57466e-05 3.97522e-05 5.24392e-05 7.58855e-05 0.000113784 0.000171786 0.000257991 0.000383574 0.000563545 0.000817626 0.00117122 0.00165638 0.00231282 0.00318871 0.00434132 0.00583727 0.00775236 0.0101708 0.0131836 0.0168867 0.0213777 0.0267528 0.0331019 0.040505 0.0490268 0.0587127 0.0695848 0.0816383 0.0948396 0.109125 0.124401 0.140545 0.157409 0.174822 0.192599 0.210537 0.22843 0.246069 0.263249 0.279772 0.295454 0.310124 0.32363 0.335837 0.34663 0.355913 0.363607 0.369652 0.374002 0.376623 0.377499 0.376623 0.374002 0.369652 0.363607 0.355913 0.34663 0.335837 0.32363 0.310124 0.295454 0.279772 0.263249 0.246069 0.22843 0.210537 0.192599 0.174822 0.157409 0.140545 0.124401 0.109125 0.0948396 0.0816383 0.0695848 0.0587127 0.0490268 0.040505 0.0331019 0.0267528 0.0213777 0.0168867 0.0131836 0.0101708 0.00775236 0.00583727 0.00434132 0.00318871 0.00231282 0.00165638 0.00117122 0.000817626 0.000563545 0.000383574 0.000257991 0.000171786 0.000113784 7.58855e-05 5.24392e-05 3.97522e-05 
4.5739e-05 5.08144e-05 6.68773e-05 9.65206e-05 0.000144343 0.000217367 0.000325625 0.000482909 0.000707676 0.00102407 0.00146306 0.00206353 0.0028734 0.00395048 0.00536308 0.00719015 0.00952084 0.0124534 0.0160931 0.0205496 0.0259333 0.0323508 0.0399002 0.0486657 0.0587127 0.0700822 0.0827871 0.0968089 0.112095 0.12856 0.146083 0.164515 0.183678 0.203372 0.223381 0.243479 0.263434 0.283019 0.302011 0.320201 0.337397 0.353423 0.368125 0.381372 0.393051 0.40307 0.411357 0.417856 0.422526 0.425338 0.426278 0.425338 0.422526 0.417856 0.411357 0.40307 0.393051 0.381372 0.368125 0.353423 0.337397 0.320201 0.302011 0.283019 0.263434 0.243479 0.223381 0.203372 0.183678 0.164515 0.146083 0.12856 0.112095 0.0968089 0.0827871 0.0700822 0.0587127 0.0486657 0.0399002 0.0323508 0.0259333 0.0205496 0.0160931 0.0124534 0.00952084 0.00719015 0.00536308 0.00395048 0.0028734 0.00206353 0.00146306 0.00102407 0.000707676 0.000482909 0.000325625 0.000217367 0.000144343 9.65206e-05 6.68773e-05 5.08144e-05 
5.7895e-05 6.42574e-05 8.43784e-05 0.000121459 0.000181165 0.000272131 0.00040665 0.000601568 0.000879337 0.00126921 0.00180852 0.00254395 0.00353269 0.00484336 0.00655655 0.00876476 0.0115717 0.0150905 0.0194416 0.0247486 0.0311345 0.0387159 0.0475975 0.0578661 0.0695848 0.0827871 0.0974734 0.113607 0.131113 0.149879 0.169756 0.190561 0.212086 0.2341 0.256357 0.278604 0.300589 0.322065 0.342797 0.362567 0.381177 0.398453 0.414244 0.428423 0.440886 0.45155 0.46035 0.467238 0.47218 0.475154 0.476147 0.475154 0.47218 0.467238 0.46035 0.45155 0.440886 0.428423 0.414244 0.398453 0.381177 0.362567 0.342797 0.322065 0.300589 0.278604 0.256357 0.2341 0.212086 0.190561 0.169756 0.149879 0.131113 0.113607 0.0974734 0.0827871 0.0695848 0.0578661 0.0475975 0.0387159 0.0311345 0.0247486 0.0194416 0.0150905 0.0115717 0.00876476 0.00655655 0.00484336 0.00353269 0.00254395 0.00180852 0.00126921 0.000879337 0.000601568 0.00040665 0.000272131 0.000181165 0.000121459 8.43784e-05 6.42574e-05 
7.24998e-05 8.03915e-05 0.000105331 0.000151227 0.000224991 0.000337125 0.000502539 0.000741591 0.00108131 0.00155678 0.00221253 0.003104 0.00429875 0.00587736 0.00793386 0.0105755 0.0139214 0.0181006 0.0232489 0.0295042 0.0370012 0.0458656 0.0562068 0.0681119 0.0816383 0.0968089 0.113607 0.131974 0.151809 0.172968 0.195268 0.218494 0.242403 0.266731 0.291204 0.315545 0.339479 0.362745 0.385098 0.406316 0.426202 0.444586 0.461324 0.476299 0.489419 0.500612 0.509827 0.517026 0.522183 0.525283 0.526317 0.525283 0.522183 0.517026 0.509827 0.500612 0.489419 0.476299 0.461324 0.444586 0.426202 0.406316 0.385098 0.362745 0.339479 0.315545 0.291204 0.266731 0.242403 0.218494 0.195268 0.172968 0.151809 0.131974 0.113607 0.0968089 0.0816383 0.0681119 0.0562068 0.0458656 0.0370012 0.0295042 0.0232489 0.0181006 0.0139214 0.0105755 0.00793386 0.00587736 0.00429875 0.003104 0.00221253 0.00155678 0.00108131 0.000741591 0.000502539 0.000337125 0.000224991 0.000151227 0.000105331 8.03915e-05 
8.98278e-05 9.95145e-05 0.000130104 0.000186323 0.000276513 0.000413317 0.000614634 0.000904819 0.00131608 0.00189004 0.00267931 0.00374904 0.0051782 0.00706045 0.00950436 0.0126328 0.0165814 0.0214955 0.0275264 0.0348258 0.0435394 0.0538003 0.0657204 0.0793839 0.0948396 0.112095 0.131113 0.151809 0.174049 0.197657 0.222413 0.248065 0.274335 0.300928 0.327539 0.353869 0.379626 0.404537 0.428352 0.450848 0.471835 0.49115 0.508664 0.524274 0.537902 0.549494 0.559012 0.566431 0.571738 0.574924 0.575987 0.574924 0.571738 0.566431 0.559012 0.549494 0.537902 0.524274 0.508664 0.49115 0.471835 0.450848 0.428352 0.404537 0.379626 0.353869 0.327539 0.300928 0.274335 0.248065 0.222413 0.197657 0.174049 0.151809 0.131113 0.112095 0.0948396 0.0793839 0.0657204 0.0538003 0.0435394 0.0348258 0.0275264 0.0214955 0.0165814 0.0126328 0.00950436 0.00706045 0.0051782 0.00374904 0.00267931 0.00189004 0.00131608 0.000904819 0.000614634 0.000413317 0.000276513 0.000186323 0.000130104 9.95145e-05 
0.000110129 0.000121896 0.00015903 0.000227188 0.000336335 0.00050154 0.000744075 0.00109278 0.00158566 0.0022716 0.00321213 0.00448306 0.00617577 0.008398 0.0112738 0.0149427 0.0195571 0.0252791 0.0322752 0.0407102 0.0507397 0.0625016 0.0761082 0.0916373 0.109125 0.12856 0.149879 0.172968 0.197657 0.223732 0.250935 0.278976 0.307541 0.336302 0.364929 0.393101 0.420512 0.446883 0.471963 0.495535 0.517417 0.537464 0.555561 0.571625 0.585598 0.597445 0.607145 0.614688 0.620075 0.623305 0.624381 0.623305 0.620075 0.614688 0.607145 0.597445 0.585598 0.571625 0.555561 0.537464 0.517417 0.495535 0.471963 0.446883 0.420512 0.393101 0.364929 0.336302 0.307541 0.278976 0.250935 0.223732 0.197657 0.172968 0.149879 0.12856 0.109125 0.0916373 0.0761082 0.0625016 0.0507397 0.0407102 0.0322752 0.0252791 0.0195571 0.0149427 0.0112738 0.008398 0.00617577 0.00448306 0.00321213 0.0022716 0.00158566 0.00109278 0.000744075 0.00050154 0.000336335 0.000227188 0.00015903 0.000121896 
0.000133613 0.000147762 0.000192382 0.000274177 0.000404932 0.000602433 0.000891709 0.00130658 0.00189144 0.00270316 0.003813 0.0053083 0.00729377 0.00989215 0.0132438 0.0175054 0.0228466 0.029446 0.0374851 0.0471406 0.0585758 0.0719317 0.0873172 0.1048 0.124401 0.146083 0.169756 0.195268 0.222413 0.250935 0.280536 0.310887 0.341637 0.372429 0.402908 0.432736 0.461598 0.489212 0.515332 0.53975 0.562303 0.582862 0.601335 0.617663 0.63181 0.643762 0.653519 0.661088 0.666482 0.669713 0.670789 0.669713 0.666482 0.661088 0.653519 0.643762 0.63181 0.617663 0.601335 0.582862 0.562303 0.53975 0.515332 0.489212 0.461598 0.432736 0.402908 0.372429 0.341637 0.310887 0.280536 0.250935 0.222413 0.195268 0.169756 0.146083 0.124401 0.1048 0.0873172 0.0719317 0.0585758 0.0471406 0.0374851 0.029446 0.0228466 0.0175054 0.0132438 0.00989215 0.00729377 0.0053083 0.003813 0.00270316 0.00189144 0.00130658 0.000891709 0.000602433 0.000404932 0.000274177 0.000192382 0.000147762 
0.00016043 0.000177272 0.00023035 0.000327526 0.000482609 0.000716381 0.00105801 0.00154678 0.00223405 0.00318535 0.00448241 0.00622492 0.00853173 0.0115413 0.015411 0.0203148 0.02644 0.0339813 0.0431341 0.0540853 0.0670044 0.0820322 0.0992711 0.118776 0.140545 0.164515 0.190561 0.218494 0.248065 0.278976 0.310887 0.343428 0.376216 0.408864 0.440998 0.472265 0.502347 0.530962 0.557876 0.582899 0.605884 0.626728 0.645367 0.661765 0.675913 0.687821 0.697511 0.705009 0.710341 0.71353 0.714592 0.71353 0.710341 0.705009 0.697511 0.687821 0.675913 0.661765 0.645367 0.626728 0.605884 0.582899 0.557876 0.530962 0.502347 0.472265 0.440998 0.408864 0.376216 0.343428 0.310887 0.278976 0.248065 0.218494 0.190561 0.164515 0.140545 0.118776 0.0992711 0.0820322 0.0670044 0.0540853 0.0431341 0.0339813 0.02644 0.0203148 0.015411 0.0115413 0.00853173 0.00622492 0.00448241 0.00318535 0.00223405 0.00154678 0.00105801 0.000716381 0.000482609 0.000327526 0.00023035 0.000177272 
0.000190659 0.000210507 0.000273017 0.000387326 0.000569453 0.000843455 0.001243 0.00181328 0.00261317 0.00371747 0.00521907 0.00723068 0.00988598 0.0133397 0.0177666 0.0233583 0.0303192 0.0388595 0.0491872 0.0614981 0.0759648 0.0927253 0.111872 0.133442 0.157409 0.183678 0.212086 0.242403 0.274335 0.307541 0.341637 0.376216 0.410862 0.445163 0.478726 0.511193 0.542244 0.571606 0.599061 0.624437 0.647615 0.66852 0.687116 0.703396 0.71738 0.729103 0.738609 0.745943 0.751148 0.754256 0.75529 0.754256 0.751148 0.745943 0.738609 0.729103 0.71738 0.703396 0.687116 0.66852 0.647615 0.624437 0.599061 0.571606 0.542244 0.511193 0.478726 0.445163 0.410862 0.376216 0.341637 0.307541 0.274335 0.242403 0.212086 0.183678 0.157409 0.133442 0.111872 0.0927253 0.0759648 0.0614981 0.0491872 0.0388595 0.0303192 0.0233583 0.0177666 0.0133397 0.00988598 0.00723068 0.00521907 0.00371747 0.00261317 0.00181328 0.001243 0.000843455 0.000569453 0.000387326 0.000273017 0.000210507 
0.000224287 0.000247446 0.000320342 0.000453492 0.000665303 0.000983361 0.00144617 0.00210525 0.00302746 0.00429743 0.00601976 0.00832077 0.0113494 0.0152772 0.0202963 0.026616 0.0344572 0.0440446 0.0555976 0.0693183 0.0853801 0.103915 0.125002 0.148656 0.174822 0.203372 0.2341 0.266731 0.300928 0.336302 0.372429 0.408864 0.445163 0.48089 0.515643 0.549057 0.580818 0.610669 0.63841 0.663896 0.687036 0.707786 0.726142 0.74213 0.755797 0.767205 0.776422 0.783511 0.788529 0.791522 0.792516 0.791522 0.788529 0.783511 0.776422 0.767205 0.755797 0.74213 0.726142 0.707786 0.687036 0.663896 0.63841 0.610669 0.580818 0.549057 0.515643 0.48089 0.445163 0.408864 0.372429 0.336302 0.300928 0.266731 0.2341 0.203372 0.174822 0.148656 0.125002 0.103915 0.0853801 0.0693183 0.0555976 0.0440446 0.0344572 0.026616 0.0202963 0.0152772 0.0113494 0.00832077 0.00601976 0.00429743 0.00302746 0.00210525 0.00144617 0.000983361 0.000665303 0.000453492 0.000320342 0.000247446 
0.000261194 0.000287955 0.000372139 0.000525737 0.00076971 0.0011354 0.00166644 0.00242103 0.00347445 0.00492157 0.00687917 0.00948758 0.0129115 0.0173391 0.0229801 0.030061 0.0388184 0.0494906 0.062306 0.0774714 0.095158 0.115488 0.138524 0.164257 0.192599 0.223381 0.256357 0.291204 0.327539 0.364929 0.402908 0.440998 0.478726 0.515643 0.551335 0.58544 0.617657 0.647745 0.675528 0.700892 0.723779 0.744178 0.762119 0.777658 0.790875 0.801857 0.810693 0.817467 0.82225 0.825097 0.826042 0.825097 0.82225 0.817467 0.810693 0.801857 0.790875 0.777658 0.762119 0.744178 0.723779 0.700892 0.675528 0.647745 0.617657 0.58544 0.551335 0.515643 0.478726 0.440998 0.402908 0.364929 0.327539 0.291204 0.256357 0.223381 0.192599 0.164257 0.138524 0.115488 0.095158 0.0774714 0.062306 0.0494906 0.0388184 0.030061 0.0229801 0.0173391 0.0129115 0.00948758 0.00687917 0.00492157 0.00347445 0.00242103 0.00166644 0.0011354 0.00076971 0.000525737 0.000372139 0.000287955 
0.000301147 0.000331773 0.000428062 0.000603563 0.000881926 0.00129844 0.00190212 0.00275813 0.00395047 0.00558463 0.00778985 0.0107208 0.0145578 0.019506 0.0257922 0.0336595 0.0433593 0.0551417 0.0692428 0.0858712 0.105193 0.127319 0.152291 0.180071 0.210537 0.243479 0.278604 0.315545 0.353869 0.393101 0.432736 0.472265 0.511193 0.549057 0.58544 0.61999 0.652417 0.682504 0.710106 0.73514 0.757583 0.777459 0.794833 0.809793 0.822449 0.832912 0.841295 0.847698 0.852207 0.854886 0.855774 0.854886 0.852207 0.847698 0.841295 0.832912 0.822449 0.809793 0.794833 0.777459 0.757583 0.73514 0.710106 0.682504 0.652417 0.61999 0.58544 0.549057 0.511193 0.472265 0.432736 0.393101 0.353869 0.315545 0.278604 0.243479 0.210537 0.180071 0.152291 0.127319 0.105193 0.0858712 0.0692428 0.0551417 0.0433593 0.0336595 0.0257922 0.019506 0.0145578 0.0107208 0.00778985 0.00558463 0.00395047 0.00275813 0.00190212 0.00129844 0.000881926 0.000603563 0.000428062 0.000331773 
0.000343791 0.000378508 0.000487601 0.000686244 0.00100088 0.00147091 0.00215089 0.00311317 0.00445071 0.00627978 0.00874229 0.0120072 0.0162707 0.0217544 0.0287017 0.0373715 0.0480288 0.060934 0.0763287 0.094421 0.11537 0.139271 0.166142 0.195915 0.22843 0.263434 0.300589 0.339479 0.379626 0.420512 0.461598 0.502347 0.542244 0.580818 0.617657 0.652417 0.684829 0.714704 0.741927 0.766451 0.788288 0.807499 0.824183 0.838462 0.85047 0.860347 0.868222 0.874215 0.878422 0.880916 0.881743 0.880916 0.878422 0.874215 0.868222 0.860347 0.85047 0.838462 0.824183 0.807499 0.788288 0.766451 0.741927 0.714704 0.684829 0.652417 0.617657 0.580818 0.542244 0.502347 0.461598 0.420512 0.379626 0.339479 0.300589 0.263434 0.22843 0.195915 0.166142 0.139271 0.11537 0.094421 0.0763287 0.060934 0.0480288 0.0373715 0.0287017 0.0217544 0.0162707 0.0120072 0.00874229 0.00627978 0.00445071 0.00311317 0.00215089 0.00147091 0.00100088 0.000686244 0.000487601 0.000378508 
