1.13008e-06 1.20939e-06 1.45541e-06 1.89298e-06 2.56507e-06 3.53514e-06 4.89048e-06 6.74638e-06 9.25118e-06 1.2592e-05 1.70013e-05 2.27634e-05 3.02213e-05 3.97837e-05 5.19304e-05 6.72173e-05 8.6279e-05 0.000109829 0.000138659 0.000173627 0.000215653 0.000265701 0.000324756 0.000393799 0.00047378 0.000565579 0.000669967 0.000787565 0.000918806 0.00106389 0.00122273 0.00139496 0.00157986 0.00177636 0.00198303 0.00219807 0.00241937 0.00264445 0.00287061 0.00309487 0.00331412 0.00352514 0.00372471 0.00390965 0.00407693 0.00422374 0.00434755 0.0044462 0.00451796 0.00456154 0.00457615 0.00456154 0.00451796 0.0044462 0.00434755 0.00422374 0.00407693 0.00390965 0.00372471 0.00352514 0.00331412 0.00309487 0.00287061 0.00264445 0.00241937 0.00219807 0.00198303 0.00177636 0.00157986 0.00139496 0.00122273 0.00106389 0.000918806 0.000787565 0.000669967 0.000565579 0.00047378 0.000393799 0.000324756 0.000265701 0.000215653 0.000173627 0.000138659 0.000109829 8.6279e-05 6.72173e-05 5.19304e-05 3.97837e-05 3.02213e-05 2.27634e-05 1.70013e-05 1.2592e-05 9.25118e-06 6.74638e-06 4.89048e-06 3.53514e-06 2.56507e-06 1.89298e-06 1.45541e-06 1.20939e-06 
1.20939e-06 1.29401e-06 1.5565e-06 2.02325e-06 2.73989e-06 3.77382e-06 5.21768e-06 7.19374e-06 9.85925e-06 1.34124e-05 1.80993e-05 2.42204e-05 3.21384e-05 4.22847e-05 5.51655e-05 7.13667e-05 9.15564e-05 0.000116486 0.000146985 0.000183957 0.000228366 0.00028122 0.00034355 0.000416383 0.000500706 0.000597436 0.000707371 0.000831154 0.000969226 0.00112178 0.00128873 0.00146966 0.00166381 0.00187005 0.00208687 0.0023124 0.00254438 0.00278026 0.00301718 0.00325204 0.00348158 0.00370246 0.00391129 0.00410477 0.00427975 0.00443328 0.00456274 0.0046659 0.00474091 0.00478647 0.00480175 0.00478647 0.00474091 0.0046659 0.00456274 0.00443328 0.00427975 0.00410477 0.00391129 0.00370246 0.00348158 0.00325204 0.00301718 0.00278026 0.00254438 0.0023124 0.00208687 0.00187005 0.00166381 0.00146966 0.00128873 0.00112178 0.000969226 0.000831154 0.000707371 0.000597436 0.000500706 0.000416383 0.00034355 0.00028122 0.000228366 0.000183957 0.000146985 0.000116486 9.15564e-05 7.13667e-05 5.51655e-05 4.22847e-05 3.21384e-05 2.42204e-05 1.80993e-05 1.34124e-05 9.85925e-06 7.19374e-06 5.21768e-06 3.77382e-06 2.73989e-06 2.02325e-06 1.5565e-06 1.29401e-06 
1.45541e-06 1.5565e-06 1.86998e-06 2.42702e-06 3.28152e-06 4.51297e-06 6.23051e-06 8.57797e-06 1.174e-05 1.59489e-05 2.14924e-05 2.87214e-05 3.80585e-05 5.00049e-05 6.51477e-05 8.41646e-05 0.000107827 0.000136999 0.000172635 0.000215767 0.000267497 0.000328972 0.00040136 0.00048582 0.000583462 0.00069531 0.000822247 0.000964976 0.00112397 0.0012994 0.00149114 0.00169868 0.00192111 0.00215712 0.00240497 0.00266249 0.00292712 0.00319594 0.00346569 0.00373288 0.00399381 0.00424472 0.00448179 0.00470131 0.00489972 0.00507375 0.00522044 0.00533728 0.00542223 0.00547381 0.00549111 0.00547381 0.00542223 0.00533728 0.00522044 0.00507375 0.00489972 0.00470131 0.00448179 0.00424472 0.00399381 0.00373288 0.00346569 0.00319594 0.00292712 0.00266249 0.00240497 0.00215712 0.00192111 0.00169868 0.00149114 0.0012994 0.00112397 0.000964976 0.000822247 0.00069531 0.000583462 0.00048582 0.00040136 0.000328972 0.000267497 0.000215767 0.000172635 0.000136999 0.000107827 8.41646e-05 6.51477e-05 5.00049e-05 3.80585e-05 2.87214e-05 2.14924e-05 1.59489e-05 1.174e-05 8.57797e-06 6.23051e-06 4.51297e-06 3.28152e-06 2.42702e-06 1.86998e-06 1.5565e-06 
1.89298e-06 2.02325e-06 2.42702e-06 3.14391e-06 4.24234e-06 5.82309e-06 8.02428e-06 1.10276e-05 1.50656e-05 2.04306e-05 2.74832e-05 3.66624e-05 4.84949e-05 6.36043e-05 8.27182e-05 0.000106674 0.000136422 0.000173024 0.000217645 0.000271545 0.00033606 0.000412576 0.000502497 0.000607209 0.00072803 0.000866163 0.00102264 0.00119825 0.00139352 0.00160861 0.00184327 0.00209685 0.00236819 0.00265564 0.00295706 0.00326978 0.0035907 0.00391627 0.00424257 0.00456541 0.00488035 0.0051829 0.00546851 0.00573276 0.00597144 0.00618065 0.00635692 0.00649725 0.00659926 0.00666118 0.00668195 0.00666118 0.00659926 0.00649725 0.00635692 0.00618065 0.00597144 0.00573276 0.00546851 0.0051829 0.00488035 0.00456541 0.00424257 0.00391627 0.0035907 0.00326978 0.00295706 0.00265564 0.00236819 0.00209685 0.00184327 0.00160861 0.00139352 0.00119825 0.00102264 0.000866163 0.00072803 0.000607209 0.000502497 0.000412576 0.00033606 0.000271545 0.000217645 0.000173024 0.000136422 0.000106674 8.27182e-05 6.36043e-05 4.84949e-05 3.66624e-05 2.74832e-05 2.04306e-05 1.50656e-05 1.10276e-05 8.02428e-06 5.82309e-06 4.24234e-06 3.14391e-06 2.42702e-06 2.02325e-06 
2.56507e-06 2.73989e-06 3.28152e-06 4.24234e-06 5.71274e-06 7.8257e-06 1.07631e-05 1.47636e-05 2.01324e-05 2.72513e-05 3.65908e-05 4.87217e-05 6.43269e-05 8.42122e-05 0.000109315 0.000140711 0.000179614 0.000227378 0.000285483 0.000355522 0.000439174 0.000538176 0.000654277 0.000789189 0.000944533 0.00112177 0.00132213 0.00154655 0.00179559 0.00206938 0.00236753 0.00268913 0.00303263 0.00339591 0.0037762 0.00417014 0.0045738 0.00498271 0.005392 0.00579642 0.0061905 0.00656864 0.00692527 0.00725494 0.00755248 0.00781311 0.00803257 0.00820721 0.00833412 0.00841113 0.00843695 0.00841113 0.00833412 0.00820721 0.00803257 0.00781311 0.00755248 0.00725494 0.00692527 0.00656864 0.0061905 0.00579642 0.005392 0.00498271 0.0045738 0.00417014 0.0037762 0.00339591 0.00303263 0.00268913 0.00236753 0.00206938 0.00179559 0.00154655 0.00132213 0.00112177 0.000944533 0.000789189 0.000654277 0.000538176 0.000439174 0.000355522 0.000285483 0.000227378 0.000179614 0.000140711 0.000109315 8.42122e-05 6.43269e-05 4.87217e-05 3.65908e-05 2.72513e-05 2.01324e-05 1.47636e-05 1.07631e-05 7.8257e-06 5.71274e-06 4.24234e-06 3.28152e-06 2.73989e-06 
3.53514e-06 3.77382e-06 4.51297e-06 5.82309e-06 7.8257e-06 1.06993e-05 1.46877e-05 2.01101e-05 2.73734e-05 3.69861e-05 4.95726e-05 6.58882e-05 8.6834e-05 0.00011347 0.000147025 0.000188904 0.00024069 0.000304135 0.000381153 0.000473793 0.000584205 0.000714599 0.000867191 0.00104414 0.00124745 0.00147894 0.0017401 0.00203203 0.00235534 0.00271009 0.00309568 0.00351081 0.00395343 0.00442071 0.00490906 0.00541412 0.00593083 0.00645352 0.00697595 0.00749151 0.00799329 0.00847424 0.00892738 0.00934587 0.00972327 0.0100536 0.0103316 0.0105528 0.0107134 0.0108109 0.0108435 0.0108109 0.0107134 0.0105528 0.0103316 0.0100536 0.00972327 0.00934587 0.00892738 0.00847424 0.00799329 0.00749151 0.00697595 0.00645352 0.00593083 0.00541412 0.00490906 0.00442071 0.00395343 0.00351081 0.00309568 0.00271009 0.00235534 0.00203203 0.0017401 0.00147894 0.00124745 0.00104414 0.000867191 0.000714599 0.000584205 0.000473793 0.000381153 0.000304135 0.00024069 0.000188904 0.000147025 0.00011347 8.6834e-05 6.58882e-05 4.95726e-05 3.69861e-05 2.73734e-05 2.01101e-05 1.46877e-05 1.06993e-05 7.8257e-06 5.82309e-06 4.51297e-06 3.77382e-06 
4.89048e-06 5.21768e-06 6.23051e-06 8.02428e-06 1.07631e-05 1.46877e-05 2.01262e-05 2.75076e-05 3.73773e-05 5.04152e-05 6.74539e-05 8.9498e-05 0.000117742 0.000153588 0.000198654 0.000254785 0.000324052 0.000408741 0.000511334 0.00063448 0.000780946 0.00095356 0.00115514 0.00138841 0.0016559 0.00195983 0.00230202 0.00268377 0.00310573 0.00356784 0.00406916 0.00460791 0.0051813 0.00578559 0.00641607 0.00706707 0.00773208 0.00840379 0.00907426 0.00973505 0.0103774 0.0109924 0.0115713 0.0121054 0.0125866 0.0130076 0.0133617 0.0136432 0.0138476 0.0139716 0.0140132 0.0139716 0.0138476 0.0136432 0.0133617 0.0130076 0.0125866 0.0121054 0.0115713 0.0109924 0.0103774 0.00973505 0.00907426 0.00840379 0.00773208 0.00706707 0.00641607 0.00578559 0.0051813 0.00460791 0.00406916 0.00356784 0.00310573 0.00268377 0.00230202 0.00195983 0.0016559 0.00138841 0.00115514 0.00095356 0.000780946 0.00063448 0.000511334 0.000408741 0.000324052 0.000254785 0.000198654 0.000153588 0.000117742 8.9498e-05 6.74539e-05 5.04152e-05 3.73773e-05 2.75076e-05 2.01262e-05 1.46877e-05 1.07631e-05 8.02428e-06 6.23051e-06 5.21768e-06 
6.74638e-06 7.19374e-06 8.57797e-06 1.10276e-05 1.47636e-05 2.01101e-05 2.75076e-05 3.75311e-05 5.09104e-05 6.85521e-05 9.15646e-05 0.000121281 0.000159282 0.000207415 0.000267811 0.000342886 0.000435343 0.000548156 0.000684543 0.000847918 0.00104183 0.0012699 0.0015357 0.00184265 0.00219391 0.00259222 0.00303979 0.0035381 0.00408785 0.00468873 0.0053394 0.00603735 0.00677886 0.00755898 0.00837155 0.00920924 0.0100636 0.0109254 0.0117843 0.0126298 0.0134506 0.0142357 0.0149738 0.0156543 0.016267 0.0168025 0.0172527 0.0176104 0.0178701 0.0180276 0.0180803 0.0180276 0.0178701 0.0176104 0.0172527 0.0168025 0.016267 0.0156543 0.0149738 0.0142357 0.0134506 0.0126298 0.0117843 0.0109254 0.0100636 0.00920924 0.00837155 0.00755898 0.00677886 0.00603735 0.0053394 0.00468873 0.00408785 0.0035381 0.00303979 0.00259222 0.00219391 0.00184265 0.0015357 0.0012699 0.00104183 0.000847918 0.000684543 0.000548156 0.000435343 0.000342886 0.000267811 0.000207415 0.000159282 0.000121281 9.15646e-05 6.85521e-05 5.09104e-05 3.75311e-05 2.75076e-05 2.01101e-05 1.47636e-05 1.10276e-05 8.57797e-06 7.19374e-06 
9.25118e-06 9.85925e-06 1.174e-05 1.50656e-05 2.01324e-05 2.73734e-05 3.73773e-05 5.09104e-05 6.89427e-05 9.26775e-05 0.000123581 0.000163412 0.00021425 0.000278519 0.000359002 0.00045885 0.000581571 0.000731011 0.000911311 0.00112685 0.00138216 0.00168183 0.00203035 0.00243202 0.00289074 0.00340987 0.00399202 0.0046389 0.00535115 0.00612816 0.00696796 0.00786714 0.00882072 0.00982222 0.0108636 0.0119355 0.013027 0.0141263 0.0152205 0.0162961 0.0173391 0.0183355 0.0192714 0.0201334 0.0209089 0.0215862 0.0221552 0.0226072 0.0229352 0.023134 0.0232006 0.023134 0.0229352 0.0226072 0.0221552 0.0215862 0.0209089 0.0201334 0.0192714 0.0183355 0.0173391 0.0162961 0.0152205 0.0141263 0.013027 0.0119355 0.0108636 0.00982222 0.00882072 0.00786714 0.00696796 0.00612816 0.00535115 0.0046389 0.00399202 0.00340987 0.00289074 0.00243202 0.00203035 0.00168183 0.00138216 0.00112685 0.000911311 0.000731011 0.000581571 0.00045885 0.000359002 0.000278519 0.00021425 0.000163412 0.000123581 9.26775e-05 6.89427e-05 5.09104e-05 3.73773e-05 2.73734e-05 2.01324e-05 1.50656e-05 1.174e-05 9.85925e-06 
1.2592e-05 1.34124e-05 1.59489e-05 2.04306e-05 2.72513e-05 3.69861e-05 5.04152e-05 6.85521e-05 9.26775e-05 0.000124375 0.000165571 0.000218568 0.000286081 0.000371266 0.000477733 0.000609555 0.000771252 0.000967756 0.00120436 0.00148663 0.00182031 0.00221115 0.00266478 0.00318651 0.00378114 0.00445269 0.00520425 0.00603773 0.00695361 0.00795083 0.00902659 0.0101762 0.0113932 0.0126691 0.0139936 0.0153545 0.0167383 0.0181298 0.0195128 0.0208706 0.0221856 0.0234403 0.0246176 0.0257009 0.0266747 0.0275246 0.0282382 0.0288047 0.0292156 0.0294646 0.0295481 0.0294646 0.0292156 0.0288047 0.0282382 0.0275246 0.0266747 0.0257009 0.0246176 0.0234403 0.0221856 0.0208706 0.0195128 0.0181298 0.0167383 0.0153545 0.0139936 0.0126691 0.0113932 0.0101762 0.00902659 0.00795083 0.00695361 0.00603773 0.00520425 0.00445269 0.00378114 0.00318651 0.00266478 0.00221115 0.00182031 0.00148663 0.00120436 0.000967756 0.000771252 0.000609555 0.000477733 0.000371266 0.000286081 0.000218568 0.000165571 0.000124375 9.26775e-05 6.85521e-05 5.04152e-05 3.69861e-05 2.72513e-05 2.04306e-05 1.59489e-05 1.34124e-05 
1.70013e-05 1.80993e-05 2.14924e-05 2.74832e-05 3.65908e-05 4.95726e-05 6.74539e-05 9.15646e-05 0.000123581 0.000165571 0.000220042 0.000289985 0.000378917 0.000490907 0.000630602 0.00080322 0.00101453 0.00127081 0.00157876 0.00194539 0.00237789 0.00288344 0.00346899 0.00414105 0.00490541 0.00576689 0.00672903 0.00779386 0.00896163 0.0102306 0.0115968 0.0130542 0.014594 0.0162054 0.0178752 0.0195881 0.0213269 0.0230727 0.0248055 0.0265041 0.0281471 0.0297131 0.0311808 0.0325299 0.0337416 0.0347984 0.035685 0.0363886 0.0368988 0.0372079 0.0373115 0.0372079 0.0368988 0.0363886 0.035685 0.0347984 0.0337416 0.0325299 0.0311808 0.0297131 0.0281471 0.0265041 0.0248055 0.0230727 0.0213269 0.0195881 0.0178752 0.0162054 0.014594 0.0130542 0.0115968 0.0102306 0.00896163 0.00779386 0.00672903 0.00576689 0.00490541 0.00414105 0.00346899 0.00288344 0.00237789 0.00194539 0.00157876 0.00127081 0.00101453 0.00080322 0.000630602 0.000490907 0.000378917 0.000289985 0.000220042 0.000165571 0.000123581 9.15646e-05 6.74539e-05 4.95726e-05 3.65908e-05 2.74832e-05 2.14924e-05 1.80993e-05 
2.27634e-05 2.42204e-05 2.87214e-05 3.66624e-05 4.87217e-05 6.58882e-05 8.9498e-05 0.000121281 0.000163412 0.000218568 0.000289985 0.000381515 0.000497668 0.000643653 0.000825389 0.0010495 0.0013233 0.00165468 0.00205205 0.00252415 0.00307991 0.00372816 0.00447742 0.00533555 0.0063095 0.00740488 0.0086257 0.00997402 0.0114497 0.0130499 0.0147694 0.0166 0.0185305 0.020547 0.0226328 0.0247687 0.0269333 0.0291032 0.0312535 0.0333586 0.035392 0.0373276 0.0391398 0.0408039 0.0422971 0.0435984 0.0446895 0.0455548 0.046182 0.046562 0.0466892 0.046562 0.046182 0.0455548 0.0446895 0.0435984 0.0422971 0.0408039 0.0391398 0.0373276 0.035392 0.0333586 0.0312535 0.0291032 0.0269333 0.0247687 0.0226328 0.020547 0.0185305 0.0166 0.0147694 0.0130499 0.0114497 0.00997402 0.0086257 0.00740488 0.0063095 0.00533555 0.00447742 0.00372816 0.00307991 0.00252415 0.00205205 0.00165468 0.0013233 0.0010495 0.000825389 0.000643653 0.000497668 0.000381515 0.000289985 0.000218568 0.000163412 0.000121281 8.9498e-05 6.58882e-05 4.87217e-05 3.66624e-05 2.87214e-05 2.42204e-05 
3.02213e-05 3.21384e-05 3.80585e-05 4.84949e-05 6.43269e-05 8.6834e-05 0.000117742 0.000159282 0.00021425 0.000286081 0.000378917 0.000497668 0.000648073 0.000836731 0.00107112 0.00135958 0.00171126 0.00213602 0.00264429 0.00324688 0.00395473 0.00477863 0.00572886 0.00681484 0.00804473 0.00942499 0.01096 0.0126518 0.0144994 0.0164989 0.0186431 0.0209211 0.0233187 0.0258184 0.0283992 0.0310373 0.0337061 0.0363771 0.0390199 0.0416032 0.0440952 0.0464643 0.0486796 0.0507119 0.0525336 0.0541201 0.0554493 0.056503 0.0572663 0.0577286 0.0578834 0.0577286 0.0572663 0.056503 0.0554493 0.0541201 0.0525336 0.0507119 0.0486796 0.0464643 0.0440952 0.0416032 0.0390199 0.0363771 0.0337061 0.0310373 0.0283992 0.0258184 0.0233187 0.0209211 0.0186431 0.0164989 0.0144994 0.0126518 0.01096 0.00942499 0.00804473 0.00681484 0.00572886 0.00477863 0.00395473 0.00324688 0.00264429 0.00213602 0.00171126 0.00135958 0.00107112 0.000836731 0.000648073 0.000497668 0.000378917 0.000286081 0.00021425 0.000159282 0.000117742 8.6834e-05 6.43269e-05 4.84949e-05 3.80585e-05 3.21384e-05 
3.97837e-05 4.22847e-05 5.00049e-05 6.36043e-05 8.42122e-05 0.00011347 0.000153588 0.000207415 0.000278519 0.000371266 0.000490907 0.000643653 0.000836731 0.00107843 0.00137811 0.00174617 0.00219395 0.00273364 0.00337807 0.00414044 0.00503405 0.0060719 0.00726626 0.00862826 0.0101674 0.0118909 0.0138035 0.0159067 0.0181988 0.0206741 0.0233227 0.026131 0.0290807 0.03215 0.0353127 0.0385396 0.0417984 0.0450542 0.0482704 0.0514094 0.0544331 0.0573038 0.059985 0.0624419 0.0646422 0.0665566 0.0681596 0.0694294 0.070349 0.0709057 0.0710922 0.0709057 0.070349 0.0694294 0.0681596 0.0665566 0.0646422 0.0624419 0.059985 0.0573038 0.0544331 0.0514094 0.0482704 0.0450542 0.0417984 0.0385396 0.0353127 0.03215 0.0290807 0.026131 0.0233227 0.0206741 0.0181988 0.0159067 0.0138035 0.0118909 0.0101674 0.00862826 0.00726626 0.0060719 0.00503405 0.00414044 0.00337807 0.00273364 0.00219395 0.00174617 0.00137811 0.00107843 0.000836731 0.000643653 0.000490907 0.000371266 0.000278519 0.000207415 0.000153588 0.00011347 8.42122e-05 6.36043e-05 5.00049e-05 4.22847e-05 
5.19304e-05 5.51655e-05 6.51477e-05 8.27182e-05 0.000109315 0.000147025 0.000198654 0.000267811 0.000359002 0.000477733 0.000630602 0.000825389 0.00107112 0.00137811 0.00175796 0.00222351 0.0027887 0.00346845 0.00427836 0.00523442 0.00635259 0.00764837 0.00913624 0.0108292 0.0127379 0.0148706 0.0172319 0.0198229 0.0226403 0.025676 0.0289175 0.032347 0.0359417 0.0396744 0.0435133 0.0474225 0.0513629 0.0552928 0.0591684 0.0629449 0.0665773 0.0700212 0.0732336 0.0761738 0.0788044 0.0810911 0.0830043 0.0845191 0.0856155 0.0862792 0.0865014 0.0862792 0.0856155 0.0845191 0.0830043 0.0810911 0.0788044 0.0761738 0.0732336 0.0700212 0.0665773 0.0629449 0.0591684 0.0552928 0.0513629 0.0474225 0.0435133 0.0396744 0.0359417 0.032347 0.0289175 0.025676 0.0226403 0.0198229 0.0172319 0.0148706 0.0127379 0.0108292 0.00913624 0.00764837 0.00635259 0.00523442 0.00427836 0.00346845 0.0027887 0.00222351 0.00175796 0.00137811 0.00107112 0.000825389 0.000630602 0.000477733 0.000359002 0.000267811 0.000198654 0.000147025 0.000109315 8.27182e-05 6.51477e-05 5.51655e-05 
6.72173e-05 7.13667e-05 8.41646e-05 0.000106674 0.000140711 0.000188904 0.000254785 0.000342886 0.00045885 0.000609555 0.00080322 0.0010495 0.00135958 0.00174617 0.00222351 0.0028073 0.00351454 0.00436329 0.00537234 0.00656083 0.00794774 0.00955132 0.0113885 0.013474 0.01582 0.0184353 0.0213243 0.0244871 0.0279184 0.0316074 0.0355376 0.0396866 0.0440263 0.0485229 0.0531379 0.0578282 0.0625469 0.0672443 0.0718687 0.0763673 0.0806876 0.0847777 0.0885879 0.0920712 0.0951841 0.0978878 0.100148 0.101936 0.10323 0.104013 0.104275 0.104013 0.10323 0.101936 0.100148 0.0978878 0.0951841 0.0920712 0.0885879 0.0847777 0.0806876 0.0763673 0.0718687 0.0672443 0.0625469 0.0578282 0.0531379 0.0485229 0.0440263 0.0396866 0.0355376 0.0316074 0.0279184 0.0244871 0.0213243 0.0184353 0.01582 0.013474 0.0113885 0.00955132 0.00794774 0.00656083 0.00537234 0.00436329 0.00351454 0.0028073 0.00222351 0.00174617 0.00135958 0.0010495 0.00080322 0.000609555 0.00045885 0.000342886 0.000254785 0.000188904 0.000140711 0.000106674 8.41646e-05 7.13667e-05 
8.6279e-05 9.15564e-05 0.000107827 0.000136422 0.000179614 0.00024069 0.000324052 0.000435343 0.000581571 0.000771252 0.00101453 0.0013233 0.00171126 0.00219395 0.0027887 0.00351454 0.00439196 0.00544263 0.00668896 0.00815363 0.00985895 0.0118261 0.0140747 0.0166212 0.0194793 0.0226578 0.0261608 0.0299868 0.0341279 0.0385698 0.0432912 0.0482642 0.0534542 0.0588202 0.0643158 0.0698895 0.0754858 0.0810462 0.0865102 0.0918165 0.0969041 0.101713 0.106187 0.110272 0.113919 0.117083 0.119726 0.121816 0.123327 0.124241 0.124547 0.124241 0.123327 0.121816 0.119726 0.117083 0.113919 0.110272 0.106187 0.101713 0.0969041 0.0918165 0.0865102 0.0810462 0.0754858 0.0698895 0.0643158 0.0588202 0.0534542 0.0482642 0.0432912 0.0385698 0.0341279 0.0299868 0.0261608 0.0226578 0.0194793 0.0166212 0.0140747 0.0118261 0.00985895 0.00815363 0.00668896 0.00544263 0.00439196 0.00351454 0.0027887 0.00219395 0.00171126 0.0013233 0.00101453 0.000771252 0.000581571 0.000435343 0.000324052 0.00024069 0.000179614 0.000136422 0.000107827 9.15564e-05 
0.000109829 0.000116486 0.000136999 0.000173024 0.000227378 0.000304135 0.000408741 0.000548156 0.000731011 0.000967756 0.00127081 0.00165468 0.00213602 0.00273364 0.00346845 0.00436329 0.00544263 0.00673221 0.00825851 0.0100481 0.0121269 0.0145194 0.0172475 0.02033 0.0237813 0.0276103 0.0318202 0.0364072 0.0413601 0.0466601 0.0522804 0.0581864 0.0643359 0.0706798 0.0771626 0.0837234 0.0902972 0.0968159 0.103209 0.109407 0.11534 0.120939 0.12614 0.130882 0.135111 0.138777 0.141836 0.144253 0.146001 0.147057 0.14741 0.147057 0.146001 0.144253 0.141836 0.138777 0.135111 0.130882 0.12614 0.120939 0.11534 0.109407 0.103209 0.0968159 0.0902972 0.0837234 0.0771626 0.0706798 0.0643359 0.0581864 0.0522804 0.0466601 0.0413601 0.0364072 0.0318202 0.0276103 0.0237813 0.02033 0.0172475 0.0145194 0.0121269 0.0100481 0.00825851 0.00673221 0.00544263 0.00436329 0.00346845 0.00273364 0.00213602 0.00165468 0.00127081 0.000967756 0.000731011 0.000548156 0.000408741 0.000304135 0.000227378 0.000173024 0.000136999 0.000116486 
0.000138659 0.000146985 0.000172635 0.000217645 0.000285483 0.000381153 0.000511334 0.000684543 0.000911311 0.00120436 0.00157876 0.00205205 0.00264429 0.00337807 0.00427836 0.00537234 0.00668896 0.00825851 0.0101119 0.0122801 0.0147927 0.0176776 0.0209593 0.0246584 0.0287899 0.0333625 0.0383776 0.0438284 0.0496998 0.0559672 0.0625973 0.0695478 0.0767676 0.0841984 0.0917745 0.099425 0.107074 0.114643 0.122053 0.129222 0.136072 0.142526 0.148513 0.153964 0.158819 0.163023 0.166528 0.169296 0.171295 0.172504 0.172908 0.172504 0.171295 0.169296 0.166528 0.163023 0.158819 0.153964 0.148513 0.142526 0.136072 0.129222 0.122053 0.114643 0.107074 0.099425 0.0917745 0.0841984 0.0767676 0.0695478 0.0625973 0.0559672 0.0496998 0.0438284 0.0383776 0.0333625 0.0287899 0.0246584 0.0209593 0.0176776 0.0147927 0.0122801 0.0101119 0.00825851 0.00668896 0.00537234 0.00427836 0.00337807 0.00264429 0.00205205 0.00157876 0.00120436 0.000911311 0.000684543 0.000511334 0.000381153 0.000285483 0.000217645 0.000172635 0.000146985 
0.000173627 0.000183957 0.000215767 0.000271545 0.000355522 0.000473793 0.00063448 0.000847918 0.00112685 0.00148663 0.00194539 0.00252415 0.00324688 0.00414044 0.00523442 0.00656083 0.00815363 0.0100481 0.0122801 0.0148849 0.0178964 0.0213458 0.0252602 0.0296615 0.0345652 0.0399788 0.0459015 0.0523227 0.0592218 0.0665679 0.0743197 0.082426 0.090826 0.0994505 0.108223 0.117062 0.125879 0.134585 0.14309 0.151303 0.159136 0.166504 0.173328 0.179532 0.18505 0.189823 0.193799 0.196936 0.199201 0.200569 0.201027 0.200569 0.199201 0.196936 0.193799 0.189823 0.18505 0.179532 0.173328 0.166504 0.159136 0.151303 0.14309 0.134585 0.125879 0.117062 0.108223 0.0994505 0.090826 0.082426 0.0743197 0.0665679 0.0592218 0.0523227 0.0459015 0.0399788 0.0345652 0.0296615 0.0252602 0.0213458 0.0178964 0.0148849 0.0122801 0.0100481 0.00815363 0.00656083 0.00523442 0.00414044 0.00324688 0.00252415 0.00194539 0.00148663 0.00112685 0.000847918 0.00063448 0.000473793 0.000355522 0.000271545 0.000215767 0.000183957 
0.000215653 0.000228366 0.000267497 0.00033606 0.000439174 0.000584205 0.000780946 0.00104183 0.00138216 0.00182031 0.00237789 0.00307991 0.00395473 0.00503405 0.00635259 0.00794774 0.00985895 0.0121269 0.0147927 0.0178964 0.0214761 0.0255663 0.0301964 0.0353895 0.0411607 0.0475159 0.0544509 0.0619503 0.0699872 0.0785228 0.0875067 0.0968776 0.106564 0.116484 0.12655 0.136667 0.146737 0.156658 0.166329 0.175649 0.18452 0.19285 0.200552 0.207544 0.213755 0.21912 0.223585 0.227105 0.229645 0.231179 0.231692 0.231179 0.229645 0.227105 0.223585 0.21912 0.213755 0.207544 0.200552 0.19285 0.18452 0.175649 0.166329 0.156658 0.146737 0.136667 0.12655 0.116484 0.106564 0.0968776 0.0875067 0.0785228 0.0699872 0.0619503 0.0544509 0.0475159 0.0411607 0.0353895 0.0301964 0.0255663 0.0214761 0.0178964 0.0147927 0.0121269 0.00985895 0.00794774 0.00635259 0.00503405 0.00395473 0.00307991 0.00237789 0.00182031 0.00138216 0.00104183 0.000780946 0.000584205 0.000439174 0.00033606 0.000267497 0.000228366 
0.000265701 0.00028122 0.000328972 0.000412576 0.000538176 0.000714599 0.00095356 0.0012699 0.00168183 0.00221115 0.00288344 0.00372816 0.00477863 0.0060719 0.00764837 0.00955132 0.0118261 0.0145194 0.0176776 0.0213458 0.0255663 0.0303768 0.0358086 0.0418855 0.0486215 0.0560199 0.0640723 0.0727571 0.0820399 0.0918728 0.102195 0.112934 0.124004 0.135314 0.146761 0.158238 0.169634 0.180836 0.19173 0.202207 0.21216 0.221488 0.230096 0.2379 0.244822 0.250794 0.255759 0.25967 0.26249 0.264192 0.264762 0.264192 0.26249 0.25967 0.255759 0.250794 0.244822 0.2379 0.230096 0.221488 0.21216 0.202207 0.19173 0.180836 0.169634 0.158238 0.146761 0.135314 0.124004 0.112934 0.102195 0.0918728 0.0820399 0.0727571 0.0640723 0.0560199 0.0486215 0.0418855 0.0358086 0.0303768 0.0255663 0.0213458 0.0176776 0.0145194 0.0118261 0.00955132 0.00764837 0.0060719 0.00477863 0.00372816 0.00288344 0.00221115 0.00168183 0.0012699 0.00095356 0.000714599 0.000538176 0.000412576 0.000328972 0.00028122 
0.000324756 0.00034355 0.00040136 0.000502497 0.000654277 0.000867191 0.00115514 0.0015357 0.00203035 0.00266478 0.00346899 0.00447742 0.00572886 0.00726626 0.00913624 0.0113885 0.0140747 0.0172475 0.0209593 0.0252602 0.0301964 0.0358086 0.0421297 0.0491832 0.0569814 0.0655239 0.0747967 0.0847712 0.0954037 0.106636 0.118395 0.130596 0.143141 0.155922 0.168826 0.18173 0.19451 0.207043 0.219204 0.230873 0.241935 0.252281 0.261813 0.270439 0.278079 0.284663 0.29013 0.294432 0.297532 0.299403 0.300029 0.299403 0.297532 0.294432 0.29013 0.284663 0.278079 0.270439 0.261813 0.252281 0.241935 0.230873 0.219204 0.207043 0.19451 0.18173 0.168826 0.155922 0.143141 0.130596 0.118395 0.106636 0.0954037 0.0847712 0.0747967 0.0655239 0.0569814 0.0491832 0.0421297 0.0358086 0.0301964 0.0252602 0.0209593 0.0172475 0.0140747 0.0113885 0.00913624 0.00726626 0.00572886 0.00447742 0.00346899 0.00266478 0.00203035 0.0015357 0.00115514 0.000867191 0.000654277 0.000502497 0.00040136 0.00034355 
0.000393799 0.000416383 0.00048582 0.000607209 0.000789189 0.00104414 0.00138841 0.00184265 0.00243202 0.00318651 0.00414105 0.00533555 0.00681484 0.00862826 0.0108292 0.013474 0.0166212 0.02033 0.0246584 0.0296615 0.0353895 0.0418855 0.0491832 0.0573052 0.066261 0.0760455 0.0866376 0.0980001 0.110079 0.122804 0.136089 0.149835 0.16393 0.178252 0.192671 0.207053 0.221261 0.235158 0.248611 0.261489 0.273671 0.285041 0.295497 0.304942 0.313294 0.320482 0.326444 0.331131 0.334506 0.336542 0.337222 0.336542 0.334506 0.331131 0.326444 0.320482 0.313294 0.304942 0.295497 0.285041 0.273671 0.261489 0.248611 0.235158 0.221261 0.207053 0.192671 0.178252 0.16393 0.149835 0.136089 0.122804 0.110079 0.0980001 0.0866376 0.0760455 0.066261 0.0573052 0.0491832 0.0418855 0.0353895 0.0296615 0.0246584 0.02033 0.0166212 0.013474 0.0108292 0.00862826 0.00681484 0.00533555 0.00414105 0.00318651 0.00243202 0.00184265 0.00138841 0.00104414 0.000789189 0.000607209 0.00048582 0.000416383 
0.00047378 0.000500706 0.000583462 0.00072803 0.000944533 0.00124745 0.0016559 0.00219391 0.00289074 0.00378114 0.00490541 0.0063095 0.00804473 0.0101674 0.0127379 0.01582 0.0194793 0.0237813 0.0287899 0.0345652 0.0411607 0.0486215 0.0569814 0.066261 0.0764659 0.0875848 0.0995884 0.112429 0.126041 0.140341 0.155228 0.170588 0.186293 0.202207 0.218184 0.234077 0.249735 0.265011 0.279761 0.293847 0.307141 0.319523 0.330886 0.341132 0.350178 0.35795 0.36439 0.369448 0.373087 0.375281 0.376014 0.375281 0.373087 0.369448 0.36439 0.35795 0.350178 0.341132 0.330886 0.319523 0.307141 0.293847 0.279761 0.265011 0.249735 0.234077 0.218184 0.202207 0.186293 0.170588 0.155228 0.140341 0.126041 0.112429 0.0995884 0.0875848 0.0764659 0.066261 0.0569814 0.0486215 0.0411607 0.0345652 0.0287899 0.0237813 0.0194793 0.01582 0.0127379 0.0101674 0.00804473 0.0063095 0.00490541 0.00378114 0.00289074 0.00219391 0.0016559 0.00124745 0.000944533 0.00072803 0.000583462 0.000500706 
0.000565579 0.000597436 0.00069531 0.000866163 0.00112177 0.00147894 0.00195983 0.00259222 0.00340987 0.00445269 0.00576689 0.00740488 0.00942499 0.0118909 0.0148706 0.0184353 0.0226578 0.0276103 0.0333625 0.0399788 0.0475159 0.0560199 0.0655239 0.0760455 0.0875848 0.100123 0.113621 0.12802 0.14324 0.159183 0.175733 0.192758 0.210117 0.227654 0.245211 0.262627 0.279738 0.296386 0.312418 0.327692 0.342071 0.355434 0.367671 0.378684 0.38839 0.396718 0.403609 0.409015 0.412902 0.415243 0.416026 0.415243 0.412902 0.409015 0.403609 0.396718 0.38839 0.378684 0.367671 0.355434 0.342071 0.327692 0.312418 0.296386 0.279738 0.262627 0.245211 0.227654 0.210117 0.192758 0.175733 0.159183 0.14324 0.12802 0.113621 0.100123 0.0875848 0.0760455 0.0655239 0.0560199 0.0475159 0.0399788 0.0333625 0.0276103 0.0226578 0.0184353 0.0148706 0.0118909 0.00942499 0.00740488 0.00576689 0.00445269 0.00340987 0.00259222 0.00195983 0.00147894 0.00112177 0.000866163 0.00069531 0.000597436 
0.000669967 0.000707371 0.000822247 0.00102264 0.00132213 0.0017401 0.00230202 0.00303979 0.00399202 0.00520425 0.00672903 0.0086257 0.01096 0.0138035 0.0172319 0.0213243 0.0261608 0.0318202 0.0383776 0.0459015 0.0544509 0.0640723 0.0747967 0.0866376 0.0995884 0.113621 0.128685 0.144709 0.161597 0.179235 0.197491 0.216216 0.23525 0.254423 0.273562 0.29249 0.311035 0.329027 0.346307 0.362726 0.378144 0.39244 0.405501 0.417234 0.427554 0.436395 0.4437 0.449426 0.453538 0.456015 0.456842 0.456015 0.453538 0.449426 0.4437 0.436395 0.427554 0.417234 0.405501 0.39244 0.378144 0.362726 0.346307 0.329027 0.311035 0.29249 0.273562 0.254423 0.23525 0.216216 0.197491 0.179235 0.161597 0.144709 0.128685 0.113621 0.0995884 0.0866376 0.0747967 0.0640723 0.0544509 0.0459015 0.0383776 0.0318202 0.0261608 0.0213243 0.0172319 0.0138035 0.01096 0.0086257 0.00672903 0.00520425 0.00399202 0.00303979 0.00230202 0.0017401 0.00132213 0.00102264 0.000822247 0.000707371 
0.000787565 0.000831154 0.000964976 0.00119825 0.00154655 0.00203203 0.00268377 0.0035381 0.0046389 0.00603773 0.00779386 0.00997402 0.0126518 0.0159067 0.0198229 0.0244871 0.0299868 0.0364072 0.0438284 0.0523227 0.0619503 0.0727571 0.0847712 0.0980001 0.112429 0.12802 0.144709 0.162409 0.181009 0.200377 0.220363 0.240801 0.261512 0.282312 0.303012 0.323422 0.343359 0.362646 0.381118 0.39862 0.415014 0.430176 0.443997 0.456386 0.467263 0.476565 0.48424 0.490248 0.49456 0.497154 0.498021 0.497154 0.49456 0.490248 0.48424 0.476565 0.467263 0.456386 0.443997 0.430176 0.415014 0.39862 0.381118 0.362646 0.343359 0.323422 0.303012 0.282312 0.261512 0.240801 0.220363 0.200377 0.181009 0.162409 0.144709 0.12802 0.112429 0.0980001 0.0847712 0.0727571 0.0619503 0.0523227 0.0438284 0.0364072 0.0299868 0.0244871 0.0198229 0.0159067 0.0126518 0.00997402 0.00779386 0.00603773 0.0046389 0.0035381 0.00268377 0.00203203 0.00154655 0.00119825 0.000964976 0.000831154 
0.000918806 0.000969226 0.00112397 0.00139352 0.00179559 0.00235534 0.00310573 0.00408785 0.00535115 0.00695361 0.00896163 0.0114497 0.0144994 0.0181988 0.0226403 0.0279184 0.0341279 0.0413601 0.0496998 0.0592218 0.0699872 0.0820399 0.0954037 0.110079 0.126041 0.14324 0.161597 0.181009 0.201347 0.222461 0.244182 0.266325 0.288695 0.31109 0.333308 0.355147 0.376415 0.396928 0.416515 0.435022 0.45231 0.468258 0.48276 0.49573 0.507095 0.516796 0.524789 0.531037 0.535518 0.538212 0.539112 0.538212 0.535518 0.531037 0.524789 0.516796 0.507095 0.49573 0.48276 0.468258 0.45231 0.435022 0.416515 0.396928 0.376415 0.355147 0.333308 0.31109 0.288695 0.266325 0.244182 0.222461 0.201347 0.181009 0.161597 0.14324 0.126041 0.110079 0.0954037 0.0820399 0.0699872 0.0592218 0.0496998 0.0413601 0.0341279 0.0279184 0.0226403 0.0181988 0.0144994 0.0114497 0.00896163 0.00695361 0.00535115 0.00408785 0.00310573 0.00235534 0.00179559 0.00139352 0.00112397 0.000969226 
0.00106389 0.00112178 0.0012994 0.00160861 0.00206938 0.00271009 0.00356784 0.00468873 0.00612816 0.00795083 0.0102306 0.0130499 0.0164989 0.0206741 0.025676 0.0316074 0.0385698 0.0466601 0.0559672 0.0665679 0.0785228 0.0918728 0.106636 0.122804 0.140341 0.159183 0.179235 0.200377 0.222461 0.245318 0.268758 0.292578 0.316566 0.340504 0.364177 0.387373 0.40989 0.43154 0.452152 0.471568 0.489654 0.506293 0.521386 0.534852 0.546626 0.556658 0.56491 0.571353 0.575968 0.578742 0.579667 0.578742 0.575968 0.571353 0.56491 0.556658 0.546626 0.534852 0.521386 0.506293 0.489654 0.471568 0.452152 0.43154 0.40989 0.387373 0.364177 0.340504 0.316566 0.292578 0.268758 0.245318 0.222461 0.200377 0.179235 0.159183 0.140341 0.122804 0.106636 0.0918728 0.0785228 0.0665679 0.0559672 0.0466601 0.0385698 0.0316074 0.025676 0.0206741 0.0164989 0.0130499 0.0102306 0.00795083 0.00612816 0.00468873 0.00356784 0.00271009 0.00206938 0.00160861 0.0012994 0.00112178 
0.00122273 0.00128873 0.00149114 0.00184327 0.00236753 0.00309568 0.00406916 0.0053394 0.00696796 0.00902659 0.0115968 0.0147694 0.0186431 0.0233227 0.0289175 0.0355376 0.0432912 0.0522804 0.0625973 0.0743197 0.0875067 0.102195 0.118395 0.136089 0.155228 0.175733 0.197491 0.220363 0.244182 0.268758 0.293881 0.319331 0.344876 0.370286 0.395332 0.419793 0.443462 0.466147 0.487674 0.507891 0.526668 0.543893 0.559476 0.573345 0.585445 0.595735 0.604183 0.610771 0.615484 0.618315 0.619259 0.618315 0.615484 0.610771 0.604183 0.595735 0.585445 0.573345 0.559476 0.543893 0.526668 0.507891 0.487674 0.466147 0.443462 0.419793 0.395332 0.370286 0.344876 0.319331 0.293881 0.268758 0.244182 0.220363 0.197491 0.175733 0.155228 0.136089 0.118395 0.102195 0.0875067 0.0743197 0.0625973 0.0522804 0.0432912 0.0355376 0.0289175 0.0233227 0.0186431 0.0147694 0.0115968 0.00902659 0.00696796 0.0053394 0.00406916 0.00309568 0.00236753 0.00184327 0.00149114 0.00128873 
0.00139496 0.00146966 0.00169868 0.00209685 0.00268913 0.00351081 0.00460791 0.00603735 0.00786714 0.0101762 0.0130542 0.0166 0.0209211 0.026131 0.032347 0.0396866 0.0482642 0.0581864 0.0695478 0.082426 0.0968776 0.112934 0.130596 0.149835 0.170588 0.192758 0.216216 0.240801 0.266325 0.292578 0.319331 0.346343 0.373368 0.400161 0.426482 0.452102 0.476809 0.500411 0.522736 0.543636 0.562986 0.580686 0.596654 0.610828 0.623166 0.633635 0.642216 0.648898 0.653673 0.656538 0.657493 0.656538 0.653673 0.648898 0.642216 0.633635 0.623166 0.610828 0.596654 0.580686 0.562986 0.543636 0.522736 0.500411 0.476809 0.452102 0.426482 0.400161 0.373368 0.346343 0.319331 0.292578 0.266325 0.240801 0.216216 0.192758 0.170588 0.149835 0.130596 0.112934 0.0968776 0.082426 0.0695478 0.0581864 0.0482642 0.0396866 0.032347 0.026131 0.0209211 0.0166 0.0130542 0.0101762 0.00786714 0.00603735 0.00460791 0.00351081 0.00268913 0.00209685 0.00169868 0.00146966 
0.00157986 0.00166381 0.00192111 0.00236819 0.00303263 0.00395343 0.0051813 0.00677886 0.00882072 0.0113932 0.014594 0.0185305 0.0233187 0.0290807 0.0359417 0.0440263 0.0534542 0.0643359 0.0767676 0.090826 0.106564 0.124004 0.143141 0.16393 0.186293 0.210117 0.23525 0.261512 0.288695 0.316566 0.344876 0.373368 0.401779 0.429851 0.457335 0.483996 0.509619 0.534012 0.557008 0.578465 0.598269 0.616327 0.63257 0.646951 0.659437 0.670009 0.678658 0.685382 0.690181 0.693059 0.694018 0.693059 0.690181 0.685382 0.678658 0.670009 0.659437 0.646951 0.63257 0.616327 0.598269 0.578465 0.557008 0.534012 0.509619 0.483996 0.457335 0.429851 0.401779 0.373368 0.344876 0.316566 0.288695 0.261512 0.23525 0.210117 0.186293 0.16393 0.143141 0.124004 0.106564 0.090826 0.0767676 0.0643359 0.0534542 0.0440263 0.0359417 0.0290807 0.0233187 0.0185305 0.014594 0.0113932 0.00882072 0.00677886 0.0051813 0.00395343 0.00303263 0.00236819 0.00192111 0.00166381 
0.00177636 0.00187005 0.00215712 0.00265564 0.00339591 0.00442071 0.00578559 0.00755898 0.00982222 0.0126691 0.0162054 0.020547 0.0258184 0.03215 0.0396744 0.0485229 0.0588202 0.0706798 0.0841984 0.0994505 0.116484 0.135314 0.155922 0.178252 0.202207 0.227654 0.254423 0.282312 0.31109 0.340504 0.370286 0.400161 0.429851 0.459087 0.487612 0.515186 0.541595 0.566648 0.590185 0.612073 0.632206 0.650506 0.666919 0.681407 0.693954 0.704553 0.713207 0.719923 0.724711 0.727579 0.728535 0.727579 0.724711 0.719923 0.713207 0.704553 0.693954 0.681407 0.666919 0.650506 0.632206 0.612073 0.590185 0.566648 0.541595 0.515186 0.487612 0.459087 0.429851 0.400161 0.370286 0.340504 0.31109 0.282312 0.254423 0.227654 0.202207 0.178252 0.155922 0.135314 0.116484 0.0994505 0.0841984 0.0706798 0.0588202 0.0485229 0.0396744 0.03215 0.0258184 0.020547 0.0162054 0.0126691 0.00982222 0.00755898 0.00578559 0.00442071 0.00339591 0.00265564 0.00215712 0.00187005 
0.00198303 0.00208687 0.00240497 0.00295706 0.0037762 0.00490906 0.00641607 0.00837155 0.0108636 0.0139936 0.0178752 0.0226328 0.0283992 0.0353127 0.0435133 0.0531379 0.0643158 0.0771626 0.0917745 0.108223 0.12655 0.146761 0.168826 0.192671 0.218184 0.245211 0.273562 0.303012 0.333308 0.364177 0.395332 0.426482 0.457335 0.487612 0.517049 0.545405 0.572466 0.598048 0.621995 0.644187 0.66453 0.68296 0.699437 0.713939 0.726464 0.737018 0.745617 0.752279 0.757022 0.759861 0.760806 0.759861 0.757022 0.752279 0.745617 0.737018 0.726464 0.713939 0.699437 0.68296 0.66453 0.644187 0.621995 0.598048 0.572466 0.545405 0.517049 0.487612 0.457335 0.426482 0.395332 0.364177 0.333308 0.303012 0.273562 0.245211 0.218184 0.192671 0.168826 0.146761 0.12655 0.108223 0.0917745 0.0771626 0.0643158 0.0531379 0.0435133 0.0353127 0.0283992 0.0226328 0.0178752 0.0139936 0.0108636 0.00837155 0.00641607 0.00490906 0.0037762 0.00295706 0.00240497 0.00208687 
0.00219807 0.0023124 0.00266249 0.00326978 0.00417014 0.00541412 0.00706707 0.00920924 0.0119355 0.0153545 0.0195881 0.0247687 0.0310373 0.0385396 0.0474225 0.0578282 0.0698895 0.0837234 0.099425 0.117062 0.136667 0.158238 0.18173 0.207053 0.234077 0.262627 0.29249 0.323422 0.355147 0.387373 0.419793 0.452102 0.483996 0.515186 0.545405 0.574411 0.601993 0.627972 0.652203 0.674578 0.695017 0.713471 0.729914 0.744343 0.756769 0.767213 0.775703 0.782269 0.786937 0.789728 0.790657 0.789728 0.786937 0.782269 0.775703 0.767213 0.756769 0.744343 0.729914 0.713471 0.695017 0.674578 0.652203 0.627972 0.601993 0.574411 0.545405 0.515186 0.483996 0.452102 0.419793 0.387373 0.355147 0.323422 0.29249 0.262627 0.234077 0.207053 0.18173 0.158238 0.136667 0.117062 0.099425 0.0837234 0.0698895 0.0578282 0.0474225 0.0385396 0.0310373 0.0247687 0.0195881 0.0153545 0.0119355 0.00920924 0.00706707 0.00541412 0.00417014 0.00326978 0.00266249 0.0023124 
0.00241937 0.00254438 0.00292712 0.0035907 0.0045738 0.00593083 0.00773208 0.0100636 0.013027 0.0167383 0.0213269 0.0269333 0.0337061 0.0417984 0.0513629 0.0625469 0.0754858 0.0902972 0.107074 0.125879 0.146737 0.169634 0.19451 0.221261 0.249735 0.279738 0.311035 0.343359 0.376415 0.40989 0.443462 0.476809 0.509619 0.541595 0.572466 0.601993 0.629967 0.65622 0.680617 0.703062 0.723492 0.741872 0.758194 0.772472 0.78473 0.795007 0.803341 0.809773 0.81434 0.817068 0.817975 0.817068 0.81434 0.809773 0.803341 0.795007 0.78473 0.772472 0.758194 0.741872 0.723492 0.703062 0.680617 0.65622 0.629967 0.601993 0.572466 0.541595 0.509619 0.476809 0.443462 0.40989 0.376415 0.343359 0.311035 0.279738 0.249735 0.221261 0.19451 0.169634 0.146737 0.125879 0.107074 0.0902972 0.0754858 0.0625469 0.0513629 0.0417984 0.0337061 0.0269333 0.0213269 0.0167383 0.013027 0.0100636 0.00773208 0.00593083 0.0045738 0.0035907 0.00292712 0.00254438 
0.00264445 0.00278026 0.00319594 0.00391627 0.00498271 0.00645352 0.00840379 0.0109254 0.0141263 0.0181298 0.0230727 0.0291032 0.0363771 0.0450542 0.0552928 0.0672443 0.0810462 0.0968159 0.114643 0.134585 0.156658 0.180836 0.207043 0.235158 0.265011 0.296386 0.329027 0.362646 0.396928 0.43154 0.466147 0.500411 0.534012 0.566648 0.598048 0.627972 0.65622 0.682632 0.707086 0.7295 0.749826 0.768048 0.784174 0.798232 0.810266 0.820326 0.828465 0.834733 0.839177 0.841828 0.84271 0.841828 0.839177 0.834733 0.828465 0.820326 0.810266 0.798232 0.784174 0.768048 0.749826 0.7295 0.707086 0.682632 0.65622 0.627972 0.598048 0.566648 0.534012 0.500411 0.466147 0.43154 0.396928 0.362646 0.329027 0.296386 0.265011 0.235158 0.207043 0.180836 0.156658 0.134585 0.114643 0.0968159 0.0810462 0.0672443 0.0552928 0.0450542 0.0363771 0.0291032 0.0230727 0.0181298 0.0141263 0.0109254 0.00840379 0.00645352 0.00498271 0.00391627 0.00319594 0.00278026 
0.00287061 0.00301718 0.00346569 0.00424257 0.005392 0.00697595 0.00907426 0.0117843 0.0152205 0.0195128 0.0248055 0.0312535 0.0390199 0.0482704 0.0591684 0.0718687 0.0865102 0.103209 0.122053 0.14309 0.166329 0.19173 0.219204 0.248611 0.279761 0.312418 0.346307 0.381118 0.416515 0.452152 0.487674 0.522736 0.557008 0.590185 0.621995 0.652203 0.680617 0.707086 0.731502 0.753797 0.773941 0.791933 0.807798 0.821584 0.833346 0.84315 0.851063 0.857145 0.861448 0.864013 0.864865 0.864013 0.861448 0.857145 0.851063 0.84315 0.833346 0.821584 0.807798 0.791933 0.773941 0.753797 0.731502 0.707086 0.680617 0.652203 0.621995 0.590185 0.557008 0.522736 0.487674 0.452152 0.416515 0.381118 0.346307 0.312418 0.279761 0.248611 0.219204 0.19173 0.166329 0.14309 0.122053 0.103209 0.0865102 0.0718687 0.0591684 0.0482704 0.0390199 0.0312535 0.0248055 0.0195128 0.0152205 0.0117843 0.00907426 0.00697595 0.005392 0.00424257 0.00346569 0.00301718 
