5.06364e-05 5.23842e-05 5.77012e-05 6.681e-05 8.00831e-05 9.80461e-05 0.000121381 0.00015093 0.000187698 0.000232855 0.000287734 0.000353832 0.000432799 0.000526431 0.000636649 0.000765483 0.000915037 0.00108746 0.00128489 0.00150943 0.00176307 0.00204764 0.00236474 0.00271567 0.00310139 0.0035224 0.00397873 0.00446986 0.00499468 0.00555142 0.00613768 0.00675037 0.00738573 0.00803935 0.0087062 0.00938068 0.0100567 0.0107278 0.0113872 0.0120278 0.0126426 0.0132246 0.0137668 0.0142627 0.0147062 0.0150916 0.0154141 0.0156694 0.0158542 0.0159661 0.0160036 0.0159661 0.0158542 0.0156694 0.0154141 0.0150916 0.0147062 0.0142627 0.0137668 0.0132246 0.0126426 0.0120278 0.0113872 0.0107278 0.0100567 0.00938068 0.0087062 0.00803935 0.00738573 0.00675037 0.00613768 0.00555142 0.00499468 0.00446986 0.00397873 0.0035224 0.00310139 0.00271567 0.00236474 0.00204764 0.00176307 0.00150943 0.00128489 0.00108746 0.000915037 0.000765483 0.000636649 0.000526431 0.000432799 0.000353832 0.000287734 0.000232855 0.000187698 0.00015093 0.000121381 9.80461e-05 8.00831e-05 6.681e-05 5.77012e-05 5.23842e-05 
5.23842e-05 5.41886e-05 5.96779e-05 6.9081e-05 8.27812e-05 0.000101319 0.000125396 0.000155878 0.000193798 0.000240358 0.000296927 0.000365042 0.000446398 0.000542834 0.000656323 0.000788942 0.000942847 0.00112023 0.0013233 0.00155418 0.00181491 0.00210735 0.00243314 0.0027936 0.00318967 0.00362188 0.00409023 0.00459417 0.00513254 0.00570354 0.00630467 0.00693275 0.00758394 0.0082537 0.00893688 0.00962776 0.0103201 0.0110073 0.0116823 0.0123381 0.0129674 0.0135629 0.0141177 0.0146251 0.0150788 0.0154731 0.0158029 0.0160641 0.0162531 0.0163675 0.0164058 0.0163675 0.0162531 0.0160641 0.0158029 0.0154731 0.0150788 0.0146251 0.0141177 0.0135629 0.0129674 0.0123381 0.0116823 0.0110073 0.0103201 0.00962776 0.00893688 0.0082537 0.00758394 0.00693275 0.00630467 0.00570354 0.00513254 0.00459417 0.00409023 0.00362188 0.00318967 0.0027936 0.00243314 0.00210735 0.00181491 0.00155418 0.0013233 0.00112023 0.000942847 0.000788942 0.000656323 0.000542834 0.000446398 0.000365042 0.000296927 0.000240358 0.000193798 0.000155878 0.000125396 0.000101319 8.27812e-05 6.9081e-05 5.96779e-05 5.41886e-05 
5.77012e-05 5.96779e-05 6.56907e-05 7.59877e-05 9.09849e-05 0.000111269 0.000137599 0.000170914 0.00021233 0.000263147 0.000324845 0.000399081 0.000487679 0.000592621 0.000716023 0.000860115 0.00102721 0.00121964 0.00143976 0.00168984 0.00197204 0.00228832 0.0026404 0.00302966 0.00345707 0.00392314 0.00442783 0.0049705 0.00554985 0.0061639 0.00680994 0.00748454 0.00818353 0.00890204 0.00963453 0.0103749 0.0111164 0.0118521 0.0125745 0.0132759 0.0139487 0.0145852 0.015178 0.01572 0.0162045 0.0166254 0.0169776 0.0172563 0.017458 0.0175801 0.017621 0.0175801 0.017458 0.0172563 0.0169776 0.0166254 0.0162045 0.01572 0.015178 0.0145852 0.0139487 0.0132759 0.0125745 0.0118521 0.0111164 0.0103749 0.00963453 0.00890204 0.00818353 0.00748454 0.00680994 0.0061639 0.00554985 0.0049705 0.00442783 0.00392314 0.00345707 0.00302966 0.0026404 0.00228832 0.00197204 0.00168984 0.00143976 0.00121964 0.00102721 0.000860115 0.000716023 0.000592621 0.000487679 0.000399081 0.000324845 0.000263147 0.00021233 0.000170914 0.000137599 0.000111269 9.09849e-05 7.59877e-05 6.56907e-05 5.96779e-05 
6.681e-05 6.9081e-05 7.59877e-05 8.78114e-05 0.000105023 0.000128287 0.000158463 0.00019661 0.000243989 0.000302066 0.000372504 0.000457166 0.000558097 0.000677515 0.000817784 0.000981388 0.00117089 0.00138889 0.00163798 0.00192066 0.00223929 0.00259601 0.00299267 0.00343074 0.00391124 0.00443465 0.00500084 0.00560902 0.00625768 0.00694452 0.00766646 0.00841962 0.00919932 0.0100001 0.0108158 0.0116396 0.0124642 0.0132816 0.0140836 0.014862 0.0156081 0.0163137 0.0169704 0.0175706 0.018107 0.0185728 0.0189623 0.0192706 0.0194937 0.0196287 0.019674 0.0196287 0.0194937 0.0192706 0.0189623 0.0185728 0.018107 0.0175706 0.0169704 0.0163137 0.0156081 0.014862 0.0140836 0.0132816 0.0124642 0.0116396 0.0108158 0.0100001 0.00919932 0.00841962 0.00766646 0.00694452 0.00625768 0.00560902 0.00500084 0.00443465 0.00391124 0.00343074 0.00299267 0.00259601 0.00223929 0.00192066 0.00163798 0.00138889 0.00117089 0.000981388 0.000817784 0.000677515 0.000558097 0.000457166 0.000372504 0.000302066 0.000243989 0.00019661 0.000158463 0.000128287 0.000105023 8.78114e-05 7.59877e-05 6.9081e-05 
8.00831e-05 8.27812e-05 9.09849e-05 0.000105023 0.000125447 0.000153032 0.00018878 0.000233927 0.000289939 0.000358519 0.000441597 0.000541328 0.000660074 0.00080039 0.000964994 0.00115673 0.00137853 0.00163335 0.00192412 0.00225368 0.00262466 0.00303946 0.00350011 0.00400821 0.00456481 0.00517037 0.00582462 0.00652656 0.00727432 0.00806519 0.00889554 0.00976086 0.0106557 0.0115738 0.0125081 0.0134508 0.0143935 0.0153272 0.0162427 0.0171305 0.0179809 0.0187845 0.0195321 0.020215 0.0208249 0.0213545 0.0217972 0.0221474 0.0224008 0.0225541 0.0226055 0.0225541 0.0224008 0.0221474 0.0217972 0.0213545 0.0208249 0.020215 0.0195321 0.0187845 0.0179809 0.0171305 0.0162427 0.0153272 0.0143935 0.0134508 0.0125081 0.0115738 0.0106557 0.00976086 0.00889554 0.00806519 0.00727432 0.00652656 0.00582462 0.00517037 0.00456481 0.00400821 0.00350011 0.00303946 0.00262466 0.00225368 0.00192412 0.00163335 0.00137853 0.00115673 0.000964994 0.00080039 0.000660074 0.000541328 0.000441597 0.000358519 0.000289939 0.000233927 0.00018878 0.000153032 0.000125447 0.000105023 9.09849e-05 8.27812e-05 
9.80461e-05 0.000101319 0.000111269 0.000128287 0.000153032 0.000186425 0.000229663 0.00028421 0.000351811 0.000434479 0.000534499 0.000654412 0.000797 0.000965263 0.00116238 0.00139168 0.00165656 0.00196046 0.00230675 0.00269869 0.00313929 0.00363125 0.00417685 0.00477783 0.0054353 0.00614964 0.00692042 0.00774631 0.008625 0.0095532 0.0105266 0.0115397 0.0125863 0.0136588 0.0147491 0.0158481 0.016946 0.0180325 0.0190968 0.020128 0.021115 0.0220472 0.0229138 0.0237049 0.0244111 0.0250241 0.0255362 0.0259413 0.0262343 0.0264116 0.026471 0.0264116 0.0262343 0.0259413 0.0255362 0.0250241 0.0244111 0.0237049 0.0229138 0.0220472 0.021115 0.020128 0.0190968 0.0180325 0.016946 0.0158481 0.0147491 0.0136588 0.0125863 0.0115397 0.0105266 0.0095532 0.008625 0.00774631 0.00692042 0.00614964 0.0054353 0.00477783 0.00417685 0.00363125 0.00313929 0.00269869 0.00230675 0.00196046 0.00165656 0.00139168 0.00116238 0.000965263 0.000797 0.000654412 0.000534499 0.000434479 0.000351811 0.00028421 0.000229663 0.000186425 0.000153032 0.000128287 0.000111269 0.000101319 
0.000121381 0.000125396 0.000137599 0.000158463 0.00018878 0.000229663 0.000282548 0.000349199 0.000431706 0.000532483 0.000654261 0.000800071 0.000973224 0.00117728 0.001416 0.00169331 0.00201322 0.00237973 0.00279679 0.00326817 0.00379733 0.00438736 0.0050408 0.00575959 0.00654486 0.00739691 0.00831506 0.00929756 0.0103415 0.0114429 0.0125964 0.0137957 0.015033 0.0162996 0.0175858 0.0188809 0.0201733 0.0214511 0.0227017 0.0239124 0.0250704 0.0261631 0.0271783 0.0281045 0.0289309 0.0296479 0.0302467 0.0307202 0.0310626 0.0312697 0.0313391 0.0312697 0.0310626 0.0307202 0.0302467 0.0296479 0.0289309 0.0281045 0.0271783 0.0261631 0.0250704 0.0239124 0.0227017 0.0214511 0.0201733 0.0188809 0.0175858 0.0162996 0.015033 0.0137957 0.0125964 0.0114429 0.0103415 0.00929756 0.00831506 0.00739691 0.00654486 0.00575959 0.0050408 0.00438736 0.00379733 0.00326817 0.00279679 0.00237973 0.00201322 0.00169331 0.001416 0.00117728 0.000973224 0.000800071 0.000654261 0.000532483 0.000431706 0.000349199 0.000282548 0.000229663 0.00018878 0.000158463 0.000137599 0.000125396 
0.00015093 0.000155878 0.000170914 0.00019661 0.000233927 0.00028421 0.000349199 0.000431021 0.000532198 0.000655634 0.000804611 0.000982761 0.00119404 0.0014427 0.00173322 0.00207024 0.00245848 0.00290268 0.00340745 0.00397716 0.00461584 0.00532698 0.00611348 0.00697744 0.00792004 0.00894142 0.0100406 0.0112152 0.0124617 0.0137751 0.015149 0.0165755 0.0180457 0.0195489 0.0210737 0.0226073 0.0241363 0.0256465 0.0271232 0.0285516 0.0299166 0.0312038 0.032399 0.0334886 0.0344604 0.035303 0.0360065 0.0365626 0.0369647 0.0372079 0.0372893 0.0372079 0.0369647 0.0365626 0.0360065 0.035303 0.0344604 0.0334886 0.032399 0.0312038 0.0299166 0.0285516 0.0271232 0.0256465 0.0241363 0.0226073 0.0210737 0.0195489 0.0180457 0.0165755 0.015149 0.0137751 0.0124617 0.0112152 0.0100406 0.00894142 0.00792004 0.00697744 0.00611348 0.00532698 0.00461584 0.00397716 0.00340745 0.00290268 0.00245848 0.00207024 0.00173322 0.0014427 0.00119404 0.000982761 0.000804611 0.000655634 0.000532198 0.000431021 0.000349199 0.00028421 0.000233927 0.00019661 0.000170914 0.000155878 
0.000187698 0.000193798 0.00021233 0.000243989 0.000289939 0.000351811 0.000431706 0.000532198 0.000656327 0.000807593 0.000989938 0.00120772 0.00146568 0.00176888 0.00212264 0.00253249 0.00300399 0.00354273 0.00415408 0.00484315 0.00561457 0.00647235 0.00741974 0.00845902 0.00959137 0.0108167 0.0121336 0.0135391 0.0150287 0.0165962 0.0182339 0.0199323 0.0216805 0.0234661 0.0252752 0.0270929 0.0289033 0.0306896 0.0324348 0.0341213 0.0357319 0.0372494 0.0386574 0.0399405 0.041084 0.0420751 0.0429023 0.043556 0.0440285 0.0443142 0.0444098 0.0443142 0.0440285 0.043556 0.0429023 0.0420751 0.041084 0.0399405 0.0386574 0.0372494 0.0357319 0.0341213 0.0324348 0.0306896 0.0289033 0.0270929 0.0252752 0.0234661 0.0216805 0.0199323 0.0182339 0.0165962 0.0150287 0.0135391 0.0121336 0.0108167 0.00959137 0.00845902 0.00741974 0.00647235 0.00561457 0.00484315 0.00415408 0.00354273 0.00300399 0.00253249 0.00212264 0.00176888 0.00146568 0.00120772 0.000989938 0.000807593 0.000656327 0.000532198 0.000431706 0.000351811 0.000289939 0.000243989 0.00021233 0.000193798 
0.000232855 0.000240358 0.000263147 0.000302066 0.000358519 0.000434479 0.000532483 0.000655634 0.000807593 0.000992565 0.00121528 0.00148095 0.00179524 0.00216418 0.00259409 0.00309148 0.00366296 0.00431504 0.00505402 0.00588582 0.00681577 0.00784843 0.00898743 0.0102352 0.0115929 0.0130602 0.014635 0.0163135 0.0180902 0.0199575 0.021906 0.0239243 0.0259993 0.0281162 0.0302586 0.0324089 0.0345484 0.0366574 0.0387158 0.0407034 0.0425999 0.0443855 0.0460412 0.0475489 0.048892 0.0500555 0.0510262 0.0517931 0.0523472 0.0526823 0.0527944 0.0526823 0.0523472 0.0517931 0.0510262 0.0500555 0.048892 0.0475489 0.0460412 0.0443855 0.0425999 0.0407034 0.0387158 0.0366574 0.0345484 0.0324089 0.0302586 0.0281162 0.0259993 0.0239243 0.021906 0.0199575 0.0180902 0.0163135 0.014635 0.0130602 0.0115929 0.0102352 0.00898743 0.00784843 0.00681577 0.00588582 0.00505402 0.00431504 0.00366296 0.00309148 0.00259409 0.00216418 0.00179524 0.00148095 0.00121528 0.000992565 0.000807593 0.000655634 0.000532483 0.000434479 0.000358519 0.000302066 0.000263147 0.000240358 
0.000287734 0.000296927 0.000324845 0.000372504 0.000441597 0.000534499 0.000654261 0.000804611 0.000989938 0.00121528 0.00148629 0.00180918 0.00219068 0.00263795 0.00315846 0.00375991 0.00445001 0.00523641 0.00612642 0.00712687 0.00824386 0.00948255 0.010847 0.0123397 0.0139617 0.0157123 0.0175887 0.0195862 0.0216977 0.023914 0.0262239 0.0286136 0.0310675 0.033568 0.0360959 0.0386304 0.0411494 0.0436302 0.0460492 0.0483829 0.0506079 0.0527011 0.0546407 0.0564059 0.0579775 0.0593382 0.060473 0.0613692 0.0620167 0.0624081 0.0625391 0.0624081 0.0620167 0.0613692 0.060473 0.0593382 0.0579775 0.0564059 0.0546407 0.0527011 0.0506079 0.0483829 0.0460492 0.0436302 0.0411494 0.0386304 0.0360959 0.033568 0.0310675 0.0286136 0.0262239 0.023914 0.0216977 0.0195862 0.0175887 0.0157123 0.0139617 0.0123397 0.010847 0.00948255 0.00824386 0.00712687 0.00612642 0.00523641 0.00445001 0.00375991 0.00315846 0.00263795 0.00219068 0.00180918 0.00148629 0.00121528 0.000989938 0.000804611 0.000654261 0.000534499 0.000441597 0.000372504 0.000324845 0.000296927 
0.000353832 0.000365042 0.000399081 0.000457166 0.000541328 0.000654412 0.000800071 0.000982761 0.00120772 0.00148095 0.00180918 0.00219977 0.0026607 0.0032004 0.00382769 0.00455156 0.00538105 0.00632502 0.00739194 0.00858964 0.00992506 0.011404 0.0130308 0.0148082 0.016737 0.0188159 0.0210413 0.0234071 0.0259047 0.0285231 0.0312484 0.0340644 0.0369527 0.0398925 0.042861 0.0458339 0.0487857 0.0516897 0.0545188 0.0572457 0.0598433 0.0622853 0.0645464 0.0666028 0.0684327 0.0700164 0.0713365 0.0723787 0.0731315 0.0735866 0.0737388 0.0735866 0.0731315 0.0723787 0.0713365 0.0700164 0.0684327 0.0666028 0.0645464 0.0622853 0.0598433 0.0572457 0.0545188 0.0516897 0.0487857 0.0458339 0.042861 0.0398925 0.0369527 0.0340644 0.0312484 0.0285231 0.0259047 0.0234071 0.0210413 0.0188159 0.016737 0.0148082 0.0130308 0.011404 0.00992506 0.00858964 0.00739194 0.00632502 0.00538105 0.00455156 0.00382769 0.0032004 0.0026607 0.00219977 0.00180918 0.00148095 0.00120772 0.000982761 0.000800071 0.000654412 0.000541328 0.000457166 0.000399081 0.000365042 
0.000432799 0.000446398 0.000487679 0.000558097 0.000660074 0.000797 0.000973224 0.00119404 0.00146568 0.00179524 0.00219068 0.0026607 0.00321467 0.00386251 0.0046145 0.00548116 0.00647297 0.00760016 0.00887245 0.0102988 0.011887 0.0136434 0.0155729 0.0176782 0.0199596 0.0224153 0.0250405 0.0278277 0.0307663 0.0338429 0.0370412 0.0403418 0.0437229 0.0471602 0.0506272 0.0540955 0.0575354 0.0609162 0.0642065 0.0673751 0.0703909 0.0732238 0.0758449 0.0782273 0.0803461 0.0821787 0.0837058 0.084911 0.0857813 0.0863072 0.0864832 0.0863072 0.0857813 0.084911 0.0837058 0.0821787 0.0803461 0.0782273 0.0758449 0.0732238 0.0703909 0.0673751 0.0642065 0.0609162 0.0575354 0.0540955 0.0506272 0.0471602 0.0437229 0.0403418 0.0370412 0.0338429 0.0307663 0.0278277 0.0250405 0.0224153 0.0199596 0.0176782 0.0155729 0.0136434 0.011887 0.0102988 0.00887245 0.00760016 0.00647297 0.00548116 0.0046145 0.00386251 0.00321467 0.0026607 0.00219068 0.00179524 0.00146568 0.00119404 0.000973224 0.000797 0.000660074 0.000558097 0.000487679 0.000446398 
0.000526431 0.000542834 0.000592621 0.000677515 0.00080039 0.000965263 0.00117728 0.0014427 0.00176888 0.00216418 0.00263795 0.0032004 0.00386251 0.00463582 0.00553232 0.00656416 0.00774344 0.00908191 0.0105907 0.0122798 0.014158 0.0162324 0.018508 0.0209875 0.0236708 0.0265552 0.0296344 0.0328993 0.0363369 0.0399313 0.0436629 0.0475092 0.0514443 0.0554399 0.0594653 0.0634876 0.0674727 0.0713852 0.0751893 0.0788491 0.0823295 0.0855961 0.0886163 0.0913596 0.0937978 0.0959057 0.0976614 0.0990465 0.100046 0.100651 0.100853 0.100651 0.100046 0.0990465 0.0976614 0.0959057 0.0937978 0.0913596 0.0886163 0.0855961 0.0823295 0.0788491 0.0751893 0.0713852 0.0674727 0.0634876 0.0594653 0.0554399 0.0514443 0.0475092 0.0436629 0.0399313 0.0363369 0.0328993 0.0296344 0.0265552 0.0236708 0.0209875 0.018508 0.0162324 0.014158 0.0122798 0.0105907 0.00908191 0.00774344 0.00656416 0.00553232 0.00463582 0.00386251 0.0032004 0.00263795 0.00216418 0.00176888 0.0014427 0.00117728 0.000965263 0.00080039 0.000677515 0.000592621 0.000542834 
0.000636649 0.000656323 0.000716023 0.000817784 0.000964994 0.00116238 0.001416 0.00173322 0.00212264 0.00259409 0.00315846 0.00382769 0.0046145 0.00553232 0.00659496 0.00781643 0.00921058 0.0107908 0.0125696 0.0145584 0.0167667 0.0192024 0.0218706 0.0247739 0.0279115 0.0312794 0.03487 0.0386718 0.0426694 0.0468436 0.0511716 0.0556266 0.0601789 0.0647954 0.0694407 0.0740771 0.0786653 0.0831652 0.087536 0.091737 0.0957283 0.0994714 0.10293 0.106068 0.108857 0.111266 0.113271 0.114853 0.115995 0.116684 0.116915 0.116684 0.115995 0.114853 0.113271 0.111266 0.108857 0.106068 0.10293 0.0994714 0.0957283 0.091737 0.087536 0.0831652 0.0786653 0.0740771 0.0694407 0.0647954 0.0601789 0.0556266 0.0511716 0.0468436 0.0426694 0.0386718 0.03487 0.0312794 0.0279115 0.0247739 0.0218706 0.0192024 0.0167667 0.0145584 0.0125696 0.0107908 0.00921058 0.00781643 0.00659496 0.00553232 0.0046145 0.00382769 0.00315846 0.00259409 0.00212264 0.00173322 0.001416 0.00116238 0.000964994 0.000817784 0.000716023 0.000656323 
0.000765483 0.000788942 0.000860115 0.000981388 0.00115673 0.00139168 0.00169331 0.00207024 0.00253249 0.00309148 0.00375991 0.00455156 0.00548116 0.00656416 0.00781643 0.00925397 0.0108925 0.0127473 0.0148323 0.0171601 0.0197414 0.0225844 0.0256945 0.0290738 0.0327208 0.0366299 0.0407917 0.0451921 0.0498128 0.0546311 0.0596201 0.0647488 0.0699826 0.0752835 0.0806109 0.0859217 0.0911714 0.0963143 0.101304 0.106096 0.110644 0.114906 0.11884 0.122408 0.125576 0.128311 0.130587 0.132382 0.133677 0.134459 0.134721 0.134459 0.133677 0.132382 0.130587 0.128311 0.125576 0.122408 0.11884 0.114906 0.110644 0.106096 0.101304 0.0963143 0.0911714 0.0859217 0.0806109 0.0752835 0.0699826 0.0647488 0.0596201 0.0546311 0.0498128 0.0451921 0.0407917 0.0366299 0.0327208 0.0290738 0.0256945 0.0225844 0.0197414 0.0171601 0.0148323 0.0127473 0.0108925 0.00925397 0.00781643 0.00656416 0.00548116 0.00455156 0.00375991 0.00309148 0.00253249 0.00207024 0.00169331 0.00139168 0.00115673 0.000981388 0.000860115 0.000788942 
0.000915037 0.000942847 0.00102721 0.00117089 0.00137853 0.00165656 0.00201322 0.00245848 0.00300399 0.00366296 0.00445001 0.00538105 0.00647297 0.00774344 0.00921058 0.0108925 0.0128071 0.0149713 0.0174009 0.0201096 0.023109 0.0264079 0.0300116 0.0339215 0.0381352 0.0426454 0.0474402 0.0525027 0.0578112 0.063339 0.0690547 0.0749226 0.0809026 0.0869516 0.093023 0.0990682 0.105037 0.110877 0.116538 0.121968 0.127117 0.131938 0.136384 0.140414 0.143989 0.147075 0.149642 0.151664 0.153123 0.154004 0.154299 0.154004 0.153123 0.151664 0.149642 0.147075 0.143989 0.140414 0.136384 0.131938 0.127117 0.121968 0.116538 0.110877 0.105037 0.0990682 0.093023 0.0869516 0.0809026 0.0749226 0.0690547 0.063339 0.0578112 0.0525027 0.0474402 0.0426454 0.0381352 0.0339215 0.0300116 0.0264079 0.023109 0.0201096 0.0174009 0.0149713 0.0128071 0.0108925 0.00921058 0.00774344 0.00647297 0.00538105 0.00445001 0.00366296 0.00300399 0.00245848 0.00201322 0.00165656 0.00137853 0.00117089 0.00102721 0.000942847 
0.00108746 0.00112023 0.00121964 0.00138889 0.00163335 0.00196046 0.00237973 0.00290268 0.00354273 0.00431504 0.00523641 0.00632502 0.00760016 0.00908191 0.0107908 0.0127473 0.0149713 0.0174819 0.0202963 0.0234298 0.0268946 0.0306999 0.0348507 0.0393479 0.0441873 0.0493597 0.0548506 0.0606398 0.0667015 0.0730047 0.0795129 0.0861851 0.0929757 0.0998353 0.106711 0.113549 0.120292 0.126882 0.133263 0.139377 0.145169 0.150587 0.155579 0.160101 0.16411 0.167567 0.170442 0.172706 0.174339 0.175325 0.175655 0.175325 0.174339 0.172706 0.170442 0.167567 0.16411 0.160101 0.155579 0.150587 0.145169 0.139377 0.133263 0.126882 0.120292 0.113549 0.106711 0.0998353 0.0929757 0.0861851 0.0795129 0.0730047 0.0667015 0.0606398 0.0548506 0.0493597 0.0441873 0.0393479 0.0348507 0.0306999 0.0268946 0.0234298 0.0202963 0.0174819 0.0149713 0.0127473 0.0107908 0.00908191 0.00760016 0.00632502 0.00523641 0.00431504 0.00354273 0.00290268 0.00237973 0.00196046 0.00163335 0.00138889 0.00121964 0.00112023 
0.00128489 0.0013233 0.00143976 0.00163798 0.00192412 0.00230675 0.00279679 0.00340745 0.00415408 0.00505402 0.00612642 0.00739194 0.00887245 0.0105907 0.0125696 0.0148323 0.0174009 0.0202963 0.0235377 0.0271413 0.0311204 0.035484 0.040237 0.045379 0.0509042 0.056801 0.0630516 0.069632 0.0765121 0.0836559 0.0910215 0.0985619 0.106225 0.113956 0.121695 0.129381 0.136951 0.144341 0.151487 0.158327 0.1648 0.170849 0.176419 0.181459 0.185924 0.189774 0.192972 0.195491 0.197306 0.198402 0.198768 0.198402 0.197306 0.195491 0.192972 0.189774 0.185924 0.181459 0.176419 0.170849 0.1648 0.158327 0.151487 0.144341 0.136951 0.129381 0.121695 0.113956 0.106225 0.0985619 0.0910215 0.0836559 0.0765121 0.069632 0.0630516 0.056801 0.0509042 0.045379 0.040237 0.035484 0.0311204 0.0271413 0.0235377 0.0202963 0.0174009 0.0148323 0.0125696 0.0105907 0.00887245 0.00739194 0.00612642 0.00505402 0.00415408 0.00340745 0.00279679 0.00230675 0.00192412 0.00163798 0.00143976 0.0013233 
0.00150943 0.00155418 0.00168984 0.00192066 0.00225368 0.00269869 0.00326817 0.00397716 0.00484315 0.00588582 0.00712687 0.00858964 0.0102988 0.0122798 0.0145584 0.0171601 0.0201096 0.0234298 0.0271413 0.0312618 0.0358049 0.0407798 0.0461907 0.0520357 0.058307 0.0649899 0.0720632 0.0794986 0.0872611 0.0953091 0.103595 0.112065 0.120661 0.12932 0.137977 0.146562 0.155007 0.163241 0.171194 0.178798 0.185986 0.192697 0.198871 0.204453 0.209394 0.213651 0.217187 0.219969 0.221974 0.223185 0.223589 0.223185 0.221974 0.219969 0.217187 0.213651 0.209394 0.204453 0.198871 0.192697 0.185986 0.178798 0.171194 0.163241 0.155007 0.146562 0.137977 0.12932 0.120661 0.112065 0.103595 0.0953091 0.0872611 0.0794986 0.0720632 0.0649899 0.058307 0.0520357 0.0461907 0.0407798 0.0358049 0.0312618 0.0271413 0.0234298 0.0201096 0.0171601 0.0145584 0.0122798 0.0102988 0.00858964 0.00712687 0.00588582 0.00484315 0.00397716 0.00326817 0.00269869 0.00225368 0.00192066 0.00168984 0.00155418 
0.00176307 0.00181491 0.00197204 0.00223929 0.00262466 0.00313929 0.00379733 0.00461584 0.00561457 0.00681577 0.00824386 0.00992506 0.011887 0.014158 0.0167667 0.0197414 0.023109 0.0268946 0.0311204 0.0358049 0.0409624 0.0466018 0.0527261 0.0593319 0.0664087 0.0739387 0.0818963 0.0902485 0.098955 0.107968 0.117233 0.12669 0.136274 0.145915 0.155539 0.165071 0.174434 0.183552 0.192347 0.200747 0.208679 0.216077 0.222876 0.229018 0.234451 0.239129 0.243012 0.246066 0.248266 0.249594 0.250037 0.249594 0.248266 0.246066 0.243012 0.239129 0.234451 0.229018 0.222876 0.216077 0.208679 0.200747 0.192347 0.183552 0.174434 0.165071 0.155539 0.145915 0.136274 0.12669 0.117233 0.107968 0.098955 0.0902485 0.0818963 0.0739387 0.0664087 0.0593319 0.0527261 0.0466018 0.0409624 0.0358049 0.0311204 0.0268946 0.023109 0.0197414 0.0167667 0.014158 0.011887 0.00992506 0.00824386 0.00681577 0.00561457 0.00461584 0.00379733 0.00313929 0.00262466 0.00223929 0.00197204 0.00181491 
0.00204764 0.00210735 0.00228832 0.00259601 0.00303946 0.00363125 0.00438736 0.00532698 0.00647235 0.00784843 0.00948255 0.011404 0.0136434 0.0162324 0.0192024 0.0225844 0.0264079 0.0306999 0.035484 0.0407798 0.0466018 0.0529582 0.0598508 0.067274 0.0752143 0.0836499 0.0925509 0.101879 0.111587 0.121622 0.131922 0.142419 0.153041 0.16371 0.174345 0.184864 0.195182 0.205217 0.214884 0.224106 0.232804 0.240908 0.248348 0.255064 0.261 0.266107 0.270343 0.273674 0.276073 0.27752 0.278004 0.27752 0.276073 0.273674 0.270343 0.266107 0.261 0.255064 0.248348 0.240908 0.232804 0.224106 0.214884 0.205217 0.195182 0.184864 0.174345 0.16371 0.153041 0.142419 0.131922 0.121622 0.111587 0.101879 0.0925509 0.0836499 0.0752143 0.067274 0.0598508 0.0529582 0.0466018 0.0407798 0.035484 0.0306999 0.0264079 0.0225844 0.0192024 0.0162324 0.0136434 0.011404 0.00948255 0.00784843 0.00647235 0.00532698 0.00438736 0.00363125 0.00303946 0.00259601 0.00228832 0.00210735 
0.00236474 0.00243314 0.0026404 0.00299267 0.00350011 0.00417685 0.0050408 0.00611348 0.00741974 0.00898743 0.010847 0.0130308 0.0155729 0.018508 0.0218706 0.0256945 0.0300116 0.0348507 0.040237 0.0461907 0.0527261 0.0598508 0.0675647 0.0758597 0.0847188 0.0941159 0.104016 0.114374 0.125138 0.136247 0.147631 0.159215 0.170919 0.182656 0.194339 0.205878 0.21718 0.228157 0.238719 0.248781 0.258261 0.267082 0.275174 0.282471 0.288915 0.294456 0.299049 0.302659 0.305257 0.306824 0.307348 0.306824 0.305257 0.302659 0.299049 0.294456 0.288915 0.282471 0.275174 0.267082 0.258261 0.248781 0.238719 0.228157 0.21718 0.205878 0.194339 0.182656 0.170919 0.159215 0.147631 0.136247 0.125138 0.114374 0.104016 0.0941159 0.0847188 0.0758597 0.0675647 0.0598508 0.0527261 0.0461907 0.040237 0.0348507 0.0300116 0.0256945 0.0218706 0.018508 0.0155729 0.0130308 0.010847 0.00898743 0.00741974 0.00611348 0.0050408 0.00417685 0.00350011 0.00299267 0.0026404 0.00243314 
0.00271567 0.0027936 0.00302966 0.00343074 0.00400821 0.00477783 0.00575959 0.00697744 0.00845902 0.0102352 0.0123397 0.0148082 0.0176782 0.0209875 0.0247739 0.0290738 0.0339215 0.0393479 0.045379 0.0520357 0.0593319 0.067274 0.0758597 0.0850779 0.0949075 0.105318 0.116267 0.127706 0.139573 0.151801 0.164312 0.177023 0.189844 0.202683 0.215443 0.228026 0.240335 0.252271 0.263741 0.274653 0.284923 0.294468 0.303214 0.311094 0.318047 0.32402 0.328969 0.332856 0.335653 0.33734 0.337904 0.33734 0.335653 0.332856 0.328969 0.32402 0.318047 0.311094 0.303214 0.294468 0.284923 0.274653 0.263741 0.252271 0.240335 0.228026 0.215443 0.202683 0.189844 0.177023 0.164312 0.151801 0.139573 0.127706 0.116267 0.105318 0.0949075 0.0850779 0.0758597 0.067274 0.0593319 0.0520357 0.045379 0.0393479 0.0339215 0.0290738 0.0247739 0.0209875 0.0176782 0.0148082 0.0123397 0.0102352 0.00845902 0.00697744 0.00575959 0.00477783 0.00400821 0.00343074 0.00302966 0.0027936 
0.00310139 0.00318967 0.00345707 0.00391124 0.00456481 0.0054353 0.00654486 0.00792004 0.00959137 0.0115929 0.0139617 0.016737 0.0199596 0.0236708 0.0279115 0.0327208 0.0381352 0.0441873 0.0509042 0.058307 0.0664087 0.0752143 0.0847188 0.0949075 0.105755 0.117225 0.129269 0.141832 0.154844 0.168229 0.181902 0.195771 0.209739 0.223703 0.23756 0.251204 0.264529 0.277434 0.289817 0.301583 0.312641 0.322907 0.332304 0.340762 0.348218 0.354619 0.359918 0.364079 0.367071 0.368875 0.369478 0.368875 0.367071 0.364079 0.359918 0.354619 0.348218 0.340762 0.332304 0.322907 0.312641 0.301583 0.289817 0.277434 0.264529 0.251204 0.23756 0.223703 0.209739 0.195771 0.181902 0.168229 0.154844 0.141832 0.129269 0.117225 0.105755 0.0949075 0.0847188 0.0752143 0.0664087 0.058307 0.0509042 0.0441873 0.0381352 0.0327208 0.0279115 0.0236708 0.0199596 0.016737 0.0139617 0.0115929 0.00959137 0.00792004 0.00654486 0.0054353 0.00456481 0.00391124 0.00345707 0.00318967 
0.0035224 0.00362188 0.00392314 0.00443465 0.00517037 0.00614964 0.00739691 0.00894142 0.0108167 0.0130602 0.0157123 0.0188159 0.0224153 0.0265552 0.0312794 0.0366299 0.0426454 0.0493597 0.056801 0.0649899 0.0739387 0.0836499 0.0941159 0.105318 0.117225 0.129794 0.142973 0.156695 0.170886 0.185459 0.200321 0.215371 0.230504 0.245608 0.260572 0.275283 0.289629 0.303502 0.316794 0.329407 0.341245 0.352223 0.36226 0.371284 0.379232 0.38605 0.39169 0.396116 0.399299 0.401216 0.401857 0.401216 0.399299 0.396116 0.39169 0.38605 0.379232 0.371284 0.36226 0.352223 0.341245 0.329407 0.316794 0.303502 0.289629 0.275283 0.260572 0.245608 0.230504 0.215371 0.200321 0.185459 0.170886 0.156695 0.142973 0.129794 0.117225 0.105318 0.0941159 0.0836499 0.0739387 0.0649899 0.056801 0.0493597 0.0426454 0.0366299 0.0312794 0.0265552 0.0224153 0.0188159 0.0157123 0.0130602 0.0108167 0.00894142 0.00739691 0.00614964 0.00517037 0.00443465 0.00392314 0.00362188 
0.00397873 0.00409023 0.00442783 0.00500084 0.00582462 0.00692042 0.00831506 0.0100406 0.0121336 0.014635 0.0175887 0.0210413 0.0250405 0.0296344 0.03487 0.0407917 0.0474402 0.0548506 0.0630516 0.0720632 0.0818963 0.0925509 0.104016 0.116267 0.129269 0.142973 0.157317 0.172228 0.187622 0.203404 0.219473 0.235718 0.252025 0.268275 0.284347 0.300122 0.315482 0.330312 0.344501 0.357945 0.370548 0.382219 0.392877 0.40245 0.410873 0.418093 0.424061 0.428742 0.432106 0.434132 0.434809 0.434132 0.432106 0.428742 0.424061 0.418093 0.410873 0.40245 0.392877 0.382219 0.370548 0.357945 0.344501 0.330312 0.315482 0.300122 0.284347 0.268275 0.252025 0.235718 0.219473 0.203404 0.187622 0.172228 0.157317 0.142973 0.129269 0.116267 0.104016 0.0925509 0.0818963 0.0720632 0.0630516 0.0548506 0.0474402 0.0407917 0.03487 0.0296344 0.0250405 0.0210413 0.0175887 0.014635 0.0121336 0.0100406 0.00831506 0.00692042 0.00582462 0.00500084 0.00442783 0.00409023 
0.00446986 0.00459417 0.0049705 0.00560902 0.00652656 0.00774631 0.00929756 0.0112152 0.0135391 0.0163135 0.0195862 0.0234071 0.0278277 0.0328993 0.0386718 0.0451921 0.0525027 0.0606398 0.069632 0.0794986 0.0902485 0.101879 0.114374 0.127706 0.141832 0.156695 0.172228 0.188348 0.204962 0.221966 0.23925 0.256694 0.274174 0.291564 0.308735 0.325562 0.341919 0.357686 0.37275 0.387003 0.400344 0.412684 0.423939 0.434037 0.442913 0.450514 0.456794 0.461715 0.465251 0.46738 0.468091 0.46738 0.465251 0.461715 0.456794 0.450514 0.442913 0.434037 0.423939 0.412684 0.400344 0.387003 0.37275 0.357686 0.341919 0.325562 0.308735 0.291564 0.274174 0.256694 0.23925 0.221966 0.204962 0.188348 0.172228 0.156695 0.141832 0.127706 0.114374 0.101879 0.0902485 0.0794986 0.069632 0.0606398 0.0525027 0.0451921 0.0386718 0.0328993 0.0278277 0.0234071 0.0195862 0.0163135 0.0135391 0.0112152 0.00929756 0.00774631 0.00652656 0.00560902 0.0049705 0.00459417 
0.00499468 0.00513254 0.00554985 0.00625768 0.00727432 0.008625 0.0103415 0.0124617 0.0150287 0.0180902 0.0216977 0.0259047 0.0307663 0.0363369 0.0426694 0.0498128 0.0578112 0.0667015 0.0765121 0.0872611 0.098955 0.111587 0.125138 0.139573 0.154844 0.170886 0.187622 0.204962 0.222803 0.241033 0.25953 0.278166 0.296809 0.315324 0.333576 0.351431 0.36876 0.385437 0.401345 0.416374 0.430423 0.443399 0.455219 0.465812 0.475115 0.483073 0.489643 0.494789 0.498484 0.500708 0.501451 0.500708 0.498484 0.494789 0.489643 0.483073 0.475115 0.465812 0.455219 0.443399 0.430423 0.416374 0.401345 0.385437 0.36876 0.351431 0.333576 0.315324 0.296809 0.278166 0.25953 0.241033 0.222803 0.204962 0.187622 0.170886 0.154844 0.139573 0.125138 0.111587 0.098955 0.0872611 0.0765121 0.0667015 0.0578112 0.0498128 0.0426694 0.0363369 0.0307663 0.0259047 0.0216977 0.0180902 0.0150287 0.0124617 0.0103415 0.008625 0.00727432 0.00625768 0.00554985 0.00513254 
0.00555142 0.00570354 0.0061639 0.00694452 0.00806519 0.0095532 0.0114429 0.0137751 0.0165962 0.0199575 0.023914 0.0285231 0.0338429 0.0399313 0.0468436 0.0546311 0.063339 0.0730047 0.0836559 0.0953091 0.107968 0.121622 0.136247 0.151801 0.168229 0.185459 0.203404 0.221966 0.241033 0.260481 0.28018 0.299993 0.319779 0.339395 0.358699 0.377551 0.395816 0.413366 0.430081 0.445847 0.460563 0.474137 0.486487 0.497541 0.507237 0.515525 0.522362 0.527713 0.531554 0.533865 0.534636 0.533865 0.531554 0.527713 0.522362 0.515525 0.507237 0.497541 0.486487 0.474137 0.460563 0.445847 0.430081 0.413366 0.395816 0.377551 0.358699 0.339395 0.319779 0.299993 0.28018 0.260481 0.241033 0.221966 0.203404 0.185459 0.168229 0.151801 0.136247 0.121622 0.107968 0.0953091 0.0836559 0.0730047 0.063339 0.0546311 0.0468436 0.0399313 0.0338429 0.0285231 0.023914 0.0199575 0.0165962 0.0137751 0.0114429 0.0095532 0.00806519 0.00694452 0.0061639 0.00570354 
0.00613768 0.00630467 0.00680994 0.00766646 0.00889554 0.0105266 0.0125964 0.015149 0.0182339 0.021906 0.0262239 0.0312484 0.0370412 0.0436629 0.0511716 0.0596201 0.0690547 0.0795129 0.0910215 0.103595 0.117233 0.131922 0.147631 0.164312 0.181902 0.200321 0.219473 0.23925 0.25953 0.28018 0.301061 0.322025 0.342924 0.363608 0.383926 0.403735 0.422895 0.441273 0.458748 0.475206 0.490545 0.504673 0.51751 0.528986 0.539042 0.547629 0.554706 0.560242 0.564213 0.566601 0.567399 0.566601 0.564213 0.560242 0.554706 0.547629 0.539042 0.528986 0.51751 0.504673 0.490545 0.475206 0.458748 0.441273 0.422895 0.403735 0.383926 0.363608 0.342924 0.322025 0.301061 0.28018 0.25953 0.23925 0.219473 0.200321 0.181902 0.164312 0.147631 0.131922 0.117233 0.103595 0.0910215 0.0795129 0.0690547 0.0596201 0.0511716 0.0436629 0.0370412 0.0312484 0.0262239 0.021906 0.0182339 0.015149 0.0125964 0.0105266 0.00889554 0.00766646 0.00680994 0.00630467 
0.00675037 0.00693275 0.00748454 0.00841962 0.00976086 0.0115397 0.0137957 0.0165755 0.0199323 0.0239243 0.0286136 0.0340644 0.0403418 0.0475092 0.0556266 0.0647488 0.0749226 0.0861851 0.0985619 0.112065 0.12669 0.142419 0.159215 0.177023 0.195771 0.215371 0.235718 0.256694 0.278166 0.299993 0.322025 0.344107 0.366081 0.38779 0.409078 0.429796 0.4498 0.468957 0.487141 0.50424 0.520151 0.534785 0.548063 0.55992 0.570297 0.579149 0.586439 0.592137 0.596222 0.598678 0.599498 0.598678 0.596222 0.592137 0.586439 0.579149 0.570297 0.55992 0.548063 0.534785 0.520151 0.50424 0.487141 0.468957 0.4498 0.429796 0.409078 0.38779 0.366081 0.344107 0.322025 0.299993 0.278166 0.256694 0.235718 0.215371 0.195771 0.177023 0.159215 0.142419 0.12669 0.112065 0.0985619 0.0861851 0.0749226 0.0647488 0.0556266 0.0475092 0.0403418 0.0340644 0.0286136 0.0239243 0.0199323 0.0165755 0.0137957 0.0115397 0.00976086 0.00841962 0.00748454 0.00693275 
0.00738573 0.00758394 0.00818353 0.00919932 0.0106557 0.0125863 0.015033 0.0180457 0.0216805 0.0259993 0.0310675 0.0369527 0.0437229 0.0514443 0.0601789 0.0699826 0.0809026 0.0929757 0.106225 0.120661 0.136274 0.153041 0.170919 0.189844 0.209739 0.230504 0.252025 0.274174 0.296809 0.319779 0.342924 0.366081 0.389084 0.411769 0.433975 0.455548 0.476341 0.496219 0.515056 0.53274 0.54917 0.564259 0.577931 0.590122 0.600781 0.609863 0.617336 0.623174 0.627356 0.62987 0.630709 0.62987 0.627356 0.623174 0.617336 0.609863 0.600781 0.590122 0.577931 0.564259 0.54917 0.53274 0.515056 0.496219 0.476341 0.455548 0.433975 0.411769 0.389084 0.366081 0.342924 0.319779 0.296809 0.274174 0.252025 0.230504 0.209739 0.189844 0.170919 0.153041 0.136274 0.120661 0.106225 0.0929757 0.0809026 0.0699826 0.0601789 0.0514443 0.0437229 0.0369527 0.0310675 0.0259993 0.0216805 0.0180457 0.015033 0.0125863 0.0106557 0.00919932 0.00818353 0.00758394 
0.00803935 0.0082537 0.00890204 0.0100001 0.0115738 0.0136588 0.0162996 0.0195489 0.0234661 0.0281162 0.033568 0.0398925 0.0471602 0.0554399 0.0647954 0.0752835 0.0869516 0.0998353 0.113956 0.12932 0.145915 0.16371 0.182656 0.202683 0.223703 0.245608 0.268275 0.291564 0.315324 0.339395 0.363608 0.38779 0.411769 0.435374 0.45844 0.480809 0.502331 0.52287 0.5423 0.560511 0.577403 0.592893 0.606908 0.61939 0.630288 0.639566 0.647193 0.653145 0.657408 0.65997 0.660824 0.65997 0.657408 0.653145 0.647193 0.639566 0.630288 0.61939 0.606908 0.592893 0.577403 0.560511 0.5423 0.52287 0.502331 0.480809 0.45844 0.435374 0.411769 0.38779 0.363608 0.339395 0.315324 0.291564 0.268275 0.245608 0.223703 0.202683 0.182656 0.16371 0.145915 0.12932 0.113956 0.0998353 0.0869516 0.0752835 0.0647954 0.0554399 0.0471602 0.0398925 0.033568 0.0281162 0.0234661 0.0195489 0.0162996 0.0136588 0.0115738 0.0100001 0.00890204 0.0082537 
0.0087062 0.00893688 0.00963453 0.0108158 0.0125081 0.0147491 0.0175858 0.0210737 0.0252752 0.0302586 0.0360959 0.042861 0.0506272 0.0594653 0.0694407 0.0806109 0.093023 0.106711 0.121695 0.137977 0.155539 0.174345 0.194339 0.215443 0.23756 0.260572 0.284347 0.308735 0.333576 0.358699 0.383926 0.409078 0.433975 0.45844 0.482304 0.505405 0.527593 0.548729 0.568691 0.587368 0.604665 0.620502 0.63481 0.647535 0.658634 0.668071 0.675821 0.681866 0.686192 0.688791 0.689658 0.688791 0.686192 0.681866 0.675821 0.668071 0.658634 0.647535 0.63481 0.620502 0.604665 0.587368 0.568691 0.548729 0.527593 0.505405 0.482304 0.45844 0.433975 0.409078 0.383926 0.358699 0.333576 0.308735 0.284347 0.260572 0.23756 0.215443 0.194339 0.174345 0.155539 0.137977 0.121695 0.106711 0.093023 0.0806109 0.0694407 0.0594653 0.0506272 0.042861 0.0360959 0.0302586 0.0252752 0.0210737 0.0175858 0.0147491 0.0125081 0.0108158 0.00963453 0.00893688 
0.00938068 0.00962776 0.0103749 0.0116396 0.0134508 0.0158481 0.0188809 0.0226073 0.0270929 0.0324089 0.0386304 0.0458339 0.0540955 0.0634876 0.0740771 0.0859217 0.0990682 0.113549 0.129381 0.146562 0.165071 0.184864 0.205878 0.228026 0.251204 0.275283 0.300122 0.325562 0.351431 0.377551 0.403735 0.429796 0.455548 0.480809 0.505405 0.529173 0.55196 0.573631 0.594061 0.613144 0.630789 0.646918 0.66147 0.674394 0.685651 0.695214 0.703059 0.709173 0.713547 0.716173 0.717048 0.716173 0.713547 0.709173 0.703059 0.695214 0.685651 0.674394 0.66147 0.646918 0.630789 0.613144 0.594061 0.573631 0.55196 0.529173 0.505405 0.480809 0.455548 0.429796 0.403735 0.377551 0.351431 0.325562 0.300122 0.275283 0.251204 0.228026 0.205878 0.184864 0.165071 0.146562 0.129381 0.113549 0.0990682 0.0859217 0.0740771 0.0634876 0.0540955 0.0458339 0.0386304 0.0324089 0.0270929 0.0226073 0.0188809 0.0158481 0.0134508 0.0116396 0.0103749 0.00962776 
0.0100567 0.0103201 0.0111164 0.0124642 0.0143935 0.016946 0.0201733 0.0241363 0.0289033 0.0345484 0.0411494 0.0487857 0.0575354 0.0674727 0.0786653 0.0911714 0.105037 0.120292 0.136951 0.155007 0.174434 0.195182 0.21718 0.240335 0.264529 0.289629 0.315482 0.341919 0.36876 0.395816 0.422895 0.4498 0.476341 0.502331 0.527593 0.55196 0.575282 0.597422 0.618258 0.637689 0.655625 0.671995 0.686742 0.699821 0.7112 0.720854 0.728768 0.73493 0.739335 0.741979 0.74286 0.741979 0.739335 0.73493 0.728768 0.720854 0.7112 0.699821 0.686742 0.671995 0.655625 0.637689 0.618258 0.597422 0.575282 0.55196 0.527593 0.502331 0.476341 0.4498 0.422895 0.395816 0.36876 0.341919 0.315482 0.289629 0.264529 0.240335 0.21718 0.195182 0.174434 0.155007 0.136951 0.120292 0.105037 0.0911714 0.0786653 0.0674727 0.0575354 0.0487857 0.0411494 0.0345484 0.0289033 0.0241363 0.0201733 0.016946 0.0143935 0.0124642 0.0111164 0.0103201 
0.0107278 0.0110073 0.0118521 0.0132816 0.0153272 0.0180325 0.0214511 0.0256465 0.0306896 0.0366574 0.0436302 0.0516897 0.0609162 0.0713852 0.0831652 0.0963143 0.110877 0.126882 0.144341 0.163241 0.183552 0.205217 0.228157 0.252271 0.277434 0.303502 0.330312 0.357686 0.385437 0.413366 0.441273 0.468957 0.496219 0.52287 0.548729 0.573631 0.597422 0.619968 0.641151 0.660871 0.679045 0.695606 0.710503 0.723698 0.735162 0.744877 0.752834 0.759024 0.763447 0.7661 0.766985 0.7661 0.763447 0.759024 0.752834 0.744877 0.735162 0.723698 0.710503 0.695606 0.679045 0.660871 0.641151 0.619968 0.597422 0.573631 0.548729 0.52287 0.496219 0.468957 0.441273 0.413366 0.385437 0.357686 0.330312 0.303502 0.277434 0.252271 0.228157 0.205217 0.183552 0.163241 0.144341 0.126882 0.110877 0.0963143 0.0831652 0.0713852 0.0609162 0.0516897 0.0436302 0.0366574 0.0306896 0.0256465 0.0214511 0.0180325 0.0153272 0.0132816 0.0118521 0.0110073 
0.0113872 0.0116823 0.0125745 0.0140836 0.0162427 0.0190968 0.0227017 0.0271232 0.0324348 0.0387158 0.0460492 0.0545188 0.0642065 0.0751893 0.087536 0.101304 0.116538 0.133263 0.151487 0.171194 0.192347 0.214884 0.238719 0.263741 0.289817 0.316794 0.344501 0.37275 0.401345 0.430081 0.458748 0.487141 0.515056 0.5423 0.568691 0.594061 0.618258 0.641151 0.662623 0.682579 0.700941 0.717648 0.732654 0.745926 0.757443 0.767193 0.77517 0.781371 0.785798 0.788454 0.789339 0.788454 0.785798 0.781371 0.77517 0.767193 0.757443 0.745926 0.732654 0.717648 0.700941 0.682579 0.662623 0.641151 0.618258 0.594061 0.568691 0.5423 0.515056 0.487141 0.458748 0.430081 0.401345 0.37275 0.344501 0.316794 0.289817 0.263741 0.238719 0.214884 0.192347 0.171194 0.151487 0.133263 0.116538 0.101304 0.087536 0.0751893 0.0642065 0.0545188 0.0460492 0.0387158 0.0324348 0.0271232 0.0227017 0.0190968 0.0162427 0.0140836 0.0125745 0.0116823 
0.0120278 0.0123381 0.0132759 0.014862 0.0171305 0.020128 0.0239124 0.0285516 0.0341213 0.0407034 0.0483829 0.0572457 0.0673751 0.0788491 0.091737 0.106096 0.121968 0.139377 0.158327 0.178798 0.200747 0.224106 0.248781 0.274653 0.301583 0.329407 0.357945 0.387003 0.416374 0.445847 0.475206 0.50424 0.53274 0.560511 0.587368 0.613144 0.637689 0.660871 0.682579 0.702722 0.721227 0.738038 0.753116 0.766433 0.777975 0.787735 0.795712 0.801909 0.80633 0.808981 0.809864 0.808981 0.80633 0.801909 0.795712 0.787735 0.777975 0.766433 0.753116 0.738038 0.721227 0.702722 0.682579 0.660871 0.637689 0.613144 0.587368 0.560511 0.53274 0.50424 0.475206 0.445847 0.416374 0.387003 0.357945 0.329407 0.301583 0.274653 0.248781 0.224106 0.200747 0.178798 0.158327 0.139377 0.121968 0.106096 0.091737 0.0788491 0.0673751 0.0572457 0.0483829 0.0407034 0.0341213 0.0285516 0.0239124 0.020128 0.0171305 0.014862 0.0132759 0.0123381 
