0.000269278 0.00027543 0.000294032 0.000325523 0.000370632 0.000430374 0.000506039 0.000599184 0.000711618 0.000845384 0.00100273 0.00118611 0.00139809 0.00164137 0.00191872 0.00223289 0.00258661 0.0029825 0.00342297 0.00391021 0.00444606 0.00503197 0.0056689 0.00635726 0.00709683 0.00788674 0.00872535 0.00961025 0.0105382 0.0115053 0.0125066 0.0135364 0.0145885 0.0156555 0.0167299 0.0178031 0.0188666 0.0199111 0.0209273 0.0219058 0.0228371 0.0237122 0.0245221 0.0252586 0.0259138 0.0264808 0.0269535 0.0273266 0.0275962 0.0277591 0.0278136 0.0277591 0.0275962 0.0273266 0.0269535 0.0264808 0.0259138 0.0252586 0.0245221 0.0237122 0.0228371 0.0219058 0.0209273 0.0199111 0.0188666 0.0178031 0.0167299 0.0156555 0.0145885 0.0135364 0.0125066 0.0115053 0.0105382 0.00961025 0.00872535 0.00788674 0.00709683 0.00635726 0.0056689 0.00503197 0.00444606 0.00391021 0.00342297 0.0029825 0.00258661 0.00223289 0.00191872 0.00164137 0.00139809 0.00118611 0.00100273 0.000845384 0.000711618 0.000599184 0.000506039 0.000430374 0.000370632 0.000325523 0.000294032 0.00027543 
0.00027543 0.000281712 0.000300709 0.000332867 0.000378928 0.000439926 0.000517173 0.000612254 0.000727008 0.000863515 0.00102407 0.00121114 0.00142736 0.00167547 0.00195826 0.00227856 0.00263911 0.00304257 0.00349139 0.00398778 0.0045336 0.0051303 0.00577886 0.00647967 0.0072325 0.00803643 0.00888979 0.00979013 0.0107342 0.0117178 0.0127361 0.0137833 0.0148529 0.0159376 0.0170297 0.0181205 0.0192012 0.0202625 0.021295 0.022289 0.0232351 0.024124 0.0249466 0.0256945 0.02636 0.0269358 0.0274157 0.0277946 0.0280683 0.0282338 0.0282891 0.0282338 0.0280683 0.0277946 0.0274157 0.0269358 0.02636 0.0256945 0.0249466 0.024124 0.0232351 0.022289 0.021295 0.0202625 0.0192012 0.0181205 0.0170297 0.0159376 0.0148529 0.0137833 0.0127361 0.0117178 0.0107342 0.00979013 0.00888979 0.00803643 0.0072325 0.00647967 0.00577886 0.0051303 0.0045336 0.00398778 0.00349139 0.00304257 0.00263911 0.00227856 0.00195826 0.00167547 0.00142736 0.00121114 0.00102407 0.000863515 0.000727008 0.000612254 0.000517173 0.000439926 0.000378928 0.000332867 0.000300709 0.000281712 
0.000294032 0.000300709 0.000320898 0.00035507 0.000404007 0.000468796 0.00055082 0.000651745 0.000773507 0.000918289 0.0010885 0.00128674 0.00151575 0.00177842 0.00207766 0.00241642 0.00279757 0.00322386 0.00369785 0.00422182 0.00479768 0.00542693 0.00611053 0.00684885 0.00764161 0.00848779 0.00938559 0.0103324 0.0113247 0.0123582 0.0134277 0.0145272 0.0156497 0.0167877 0.0179329 0.0190764 0.020209 0.021321 0.0224024 0.0234432 0.0244336 0.0253639 0.0262247 0.0270072 0.0277032 0.0283055 0.0288074 0.0292036 0.0294898 0.0296627 0.0297206 0.0296627 0.0294898 0.0292036 0.0288074 0.0283055 0.0277032 0.0270072 0.0262247 0.0253639 0.0244336 0.0234432 0.0224024 0.021321 0.020209 0.0190764 0.0179329 0.0167877 0.0156497 0.0145272 0.0134277 0.0123582 0.0113247 0.0103324 0.00938559 0.00848779 0.00764161 0.00684885 0.00611053 0.00542693 0.00479768 0.00422182 0.00369785 0.00322386 0.00279757 0.00241642 0.00207766 0.00177842 0.00151575 0.00128674 0.0010885 0.000918289 0.000773507 0.000651745 0.00055082 0.000468796 0.000404007 0.00035507 0.000320898 0.000300709 
0.000325523 0.000332867 0.00035507 0.000392644 0.000446437 0.000517628 0.000607715 0.000718505 0.000852092 0.00101084 0.00119734 0.0014144 0.001665 0.0019522 0.00227916 0.00264902 0.00306486 0.0035296 0.00404596 0.00461633 0.00524274 0.00592671 0.00666923 0.0074706 0.00833046 0.00924762 0.0102201 0.0112449 0.0123183 0.0134355 0.0145909 0.0157779 0.0169892 0.0182164 0.0194508 0.0206827 0.0219022 0.0230989 0.0242623 0.0253816 0.0264462 0.0274458 0.0283705 0.0292108 0.0299581 0.0306045 0.0311432 0.0315683 0.0318753 0.0320609 0.032123 0.0320609 0.0318753 0.0315683 0.0311432 0.0306045 0.0299581 0.0292108 0.0283705 0.0274458 0.0264462 0.0253816 0.0242623 0.0230989 0.0219022 0.0206827 0.0194508 0.0182164 0.0169892 0.0157779 0.0145909 0.0134355 0.0123183 0.0112449 0.0102201 0.00924762 0.00833046 0.0074706 0.00666923 0.00592671 0.00524274 0.00461633 0.00404596 0.0035296 0.00306486 0.00264902 0.00227916 0.0019522 0.001665 0.0014144 0.00119734 0.00101084 0.000852092 0.000718505 0.000607715 0.000517628 0.000446437 0.000392644 0.00035507 0.000332867 
0.000370632 0.000378928 0.000404007 0.000446437 0.00050716 0.000587486 0.000689078 0.000813937 0.000964384 0.00114303 0.00135275 0.00159663 0.00187794 0.00220008 0.00256647 0.00298057 0.00344571 0.00396509 0.00454163 0.0051779 0.00587604 0.00663766 0.00746372 0.00835448 0.00930941 0.0103271 0.0114052 0.0125405 0.0137286 0.0149642 0.016241 0.0175518 0.0188884 0.0202416 0.0216018 0.0229585 0.0243006 0.0256169 0.0268958 0.0281256 0.0292948 0.0303921 0.0314067 0.0323285 0.0331479 0.0338565 0.0344469 0.0349128 0.0352492 0.0354525 0.0355205 0.0354525 0.0352492 0.0349128 0.0344469 0.0338565 0.0331479 0.0323285 0.0314067 0.0303921 0.0292948 0.0281256 0.0268958 0.0256169 0.0243006 0.0229585 0.0216018 0.0202416 0.0188884 0.0175518 0.016241 0.0149642 0.0137286 0.0125405 0.0114052 0.0103271 0.00930941 0.00835448 0.00746372 0.00663766 0.00587604 0.0051779 0.00454163 0.00396509 0.00344571 0.00298057 0.00256647 0.00220008 0.00187794 0.00159663 0.00135275 0.00114303 0.000964384 0.000813937 0.000689078 0.000587486 0.00050716 0.000446437 0.000404007 0.000378928 
0.000430374 0.000439926 0.000468796 0.000517628 0.000587486 0.00067985 0.000796597 0.000939985 0.00111263 0.00131746 0.00155772 0.00183686 0.00215854 0.00252655 0.00294471 0.00341684 0.00394666 0.00453765 0.00519302 0.00591557 0.00670759 0.00757075 0.00850602 0.00951356 0.0105926 0.0117415 0.0129575 0.0142367 0.0155742 0.016964 0.0183989 0.0198708 0.0213703 0.0228874 0.0244111 0.0259297 0.0274311 0.0289025 0.0303313 0.0317044 0.0330091 0.034233 0.0353642 0.0363914 0.0373043 0.0380935 0.0387508 0.0392694 0.0396439 0.0398701 0.0399458 0.0398701 0.0396439 0.0392694 0.0387508 0.0380935 0.0373043 0.0363914 0.0353642 0.034233 0.0330091 0.0317044 0.0303313 0.0289025 0.0274311 0.0259297 0.0244111 0.0228874 0.0213703 0.0198708 0.0183989 0.016964 0.0155742 0.0142367 0.0129575 0.0117415 0.0105926 0.00951356 0.00850602 0.00757075 0.00670759 0.00591557 0.00519302 0.00453765 0.00394666 0.00341684 0.00294471 0.00252655 0.00215854 0.00183686 0.00155772 0.00131746 0.00111263 0.000939985 0.000796597 0.00067985 0.000587486 0.000517628 0.000468796 0.000439926 
0.000506039 0.000517173 0.00055082 0.000607715 0.000689078 0.000796597 0.000932418 0.00109912 0.00129967 0.00153742 0.00181603 0.00213944 0.00251177 0.00293729 0.00342033 0.00396515 0.0045759 0.00525647 0.00601038 0.0068407 0.00774991 0.00873975 0.00981118 0.0109642 0.0121978 0.01351 0.0148973 0.0163554 0.0178786 0.0194597 0.0210907 0.0227622 0.0244636 0.0261836 0.0279096 0.0296285 0.0313267 0.0329899 0.0346037 0.0361537 0.0376257 0.0390058 0.0402808 0.041438 0.042466 0.0433545 0.0440943 0.0446778 0.045099 0.0453536 0.0454387 0.0453536 0.045099 0.0446778 0.0440943 0.0433545 0.042466 0.041438 0.0402808 0.0390058 0.0376257 0.0361537 0.0346037 0.0329899 0.0313267 0.0296285 0.0279096 0.0261836 0.0244636 0.0227622 0.0210907 0.0194597 0.0178786 0.0163554 0.0148973 0.01351 0.0121978 0.0109642 0.00981118 0.00873975 0.00774991 0.0068407 0.00601038 0.00525647 0.0045759 0.00396515 0.00342033 0.00293729 0.00251177 0.00213944 0.00181603 0.00153742 0.00129967 0.00109912 0.000932418 0.000796597 0.000689078 0.000607715 0.00055082 0.000517173 
0.000599184 0.000612254 0.000651745 0.000718505 0.000813937 0.000939985 0.00109912 0.00129429 0.00152891 0.00180682 0.00213221 0.00250955 0.00294357 0.00343909 0.00400102 0.00463418 0.00534321 0.00613246 0.00700585 0.00796675 0.00901782 0.0101609 0.0113969 0.0127257 0.0141459 0.0156549 0.0172488 0.0189223 0.0206688 0.02248 0.0243466 0.0262578 0.0282015 0.0301647 0.0321332 0.0340921 0.0360258 0.0379183 0.0397534 0.0415148 0.0431866 0.0447532 0.0461996 0.047512 0.0486773 0.0496841 0.0505222 0.0511831 0.0516601 0.0519483 0.0520447 0.0519483 0.0516601 0.0511831 0.0505222 0.0496841 0.0486773 0.047512 0.0461996 0.0447532 0.0431866 0.0415148 0.0397534 0.0379183 0.0360258 0.0340921 0.0321332 0.0301647 0.0282015 0.0262578 0.0243466 0.02248 0.0206688 0.0189223 0.0172488 0.0156549 0.0141459 0.0127257 0.0113969 0.0101609 0.00901782 0.00796675 0.00700585 0.00613246 0.00534321 0.00463418 0.00400102 0.00343909 0.00294357 0.00250955 0.00213221 0.00180682 0.00152891 0.00129429 0.00109912 0.000939985 0.000813937 0.000718505 0.000651745 0.000612254 
0.000711618 0.000727008 0.000773507 0.000852092 0.000964384 0.00111263 0.00129967 0.00152891 0.00180429 0.0021302 0.00251146 0.00295318 0.00346076 0.00403971 0.00469558 0.00543384 0.00625971 0.00717806 0.00819326 0.00930899 0.0105282 0.0118527 0.0132833 0.0148198 0.0164602 0.0182015 0.0200388 0.0219661 0.0239753 0.0260571 0.0282005 0.030393 0.0326209 0.0348692 0.0371216 0.0393613 0.0415705 0.043731 0.0458246 0.0478328 0.0497377 0.0515217 0.0531681 0.0546611 0.0559864 0.057131 0.0580835 0.0588345 0.0593764 0.0597037 0.0598132 0.0597037 0.0593764 0.0588345 0.0580835 0.057131 0.0559864 0.0546611 0.0531681 0.0515217 0.0497377 0.0478328 0.0458246 0.043731 0.0415705 0.0393613 0.0371216 0.0348692 0.0326209 0.030393 0.0282005 0.0260571 0.0239753 0.0219661 0.0200388 0.0182015 0.0164602 0.0148198 0.0132833 0.0118527 0.0105282 0.00930899 0.00819326 0.00717806 0.00625971 0.00543384 0.00469558 0.00403971 0.00346076 0.00295318 0.00251146 0.0021302 0.00180429 0.00152891 0.00129967 0.00111263 0.000964384 0.000852092 0.000773507 0.000727008 
0.000845384 0.000863515 0.000918289 0.00101084 0.00114303 0.00131746 0.00153742 0.00180682 0.0021302 0.00251262 0.00295958 0.00347697 0.00407094 0.00474777 0.00551377 0.00637512 0.00733771 0.008407 0.00958782 0.0108842 0.0122994 0.0138351 0.0154923 0.0172702 0.0191664 0.0211771 0.0232967 0.0255178 0.027831 0.0302256 0.0326886 0.0352058 0.0377613 0.0403379 0.0429172 0.0454798 0.0480055 0.0504738 0.052864 0.0551552 0.0573272 0.0593602 0.0612354 0.0629353 0.0644435 0.0657456 0.0668288 0.0676827 0.0682987 0.0686708 0.0687952 0.0686708 0.0682987 0.0676827 0.0668288 0.0657456 0.0644435 0.0629353 0.0612354 0.0593602 0.0573272 0.0551552 0.052864 0.0504738 0.0480055 0.0454798 0.0429172 0.0403379 0.0377613 0.0352058 0.0326886 0.0302256 0.027831 0.0255178 0.0232967 0.0211771 0.0191664 0.0172702 0.0154923 0.0138351 0.0122994 0.0108842 0.00958782 0.008407 0.00733771 0.00637512 0.00551377 0.00474777 0.00407094 0.00347697 0.00295958 0.00251262 0.0021302 0.00180682 0.00153742 0.00131746 0.00114303 0.00101084 0.000918289 0.000863515 
0.00100273 0.00102407 0.0010885 0.00119734 0.00135275 0.00155772 0.00181603 0.00213221 0.00251146 0.00295958 0.0034829 0.00408815 0.00478233 0.00557261 0.00646613 0.00746987 0.00859047 0.00983402 0.0112059 0.0127105 0.0143511 0.0161299 0.0180472 0.020102 0.0222915 0.0246108 0.0270532 0.02961 0.0322703 0.0350215 0.0378487 0.0407354 0.0436634 0.0466131 0.0495633 0.052492 0.0553764 0.0581931 0.0609188 0.0635299 0.0660036 0.0683178 0.0704512 0.0723842 0.0740986 0.0755781 0.0768087 0.0777784 0.0784779 0.0789003 0.0790416 0.0789003 0.0784779 0.0777784 0.0768087 0.0755781 0.0740986 0.0723842 0.0704512 0.0683178 0.0660036 0.0635299 0.0609188 0.0581931 0.0553764 0.052492 0.0495633 0.0466131 0.0436634 0.0407354 0.0378487 0.0350215 0.0322703 0.02961 0.0270532 0.0246108 0.0222915 0.020102 0.0180472 0.0161299 0.0143511 0.0127105 0.0112059 0.00983402 0.00859047 0.00746987 0.00646613 0.00557261 0.00478233 0.00408815 0.0034829 0.00295958 0.00251146 0.00213221 0.00181603 0.00155772 0.00135275 0.00119734 0.0010885 0.00102407 
0.00118611 0.00121114 0.00128674 0.0014144 0.00159663 0.00183686 0.00213944 0.00250955 0.00295318 0.00347697 0.00408815 0.00479439 0.00560366 0.00652409 0.00756378 0.00873057 0.0100319 0.0114745 0.0130644 0.0148064 0.0167039 0.018759 0.020972 0.0233413 0.0258632 0.028532 0.0313397 0.0342759 0.037328 0.0404813 0.0437187 0.0470212 0.0503679 0.0537364 0.0571027 0.0604418 0.0637278 0.0669344 0.070035 0.0730034 0.0758139 0.0784415 0.0808627 0.0830554 0.0849993 0.0866764 0.0880708 0.0891694 0.0899616 0.09044 0.0906 0.09044 0.0899616 0.0891694 0.0880708 0.0866764 0.0849993 0.0830554 0.0808627 0.0784415 0.0758139 0.0730034 0.070035 0.0669344 0.0637278 0.0604418 0.0571027 0.0537364 0.0503679 0.0470212 0.0437187 0.0404813 0.037328 0.0342759 0.0313397 0.028532 0.0258632 0.0233413 0.020972 0.018759 0.0167039 0.0148064 0.0130644 0.0114745 0.0100319 0.00873057 0.00756378 0.00652409 0.00560366 0.00479439 0.00408815 0.00347697 0.00295318 0.00250955 0.00213944 0.00183686 0.00159663 0.0014144 0.00128674 0.00121114 
0.00139809 0.00142736 0.00151575 0.001665 0.00187794 0.00215854 0.00251177 0.00294357 0.00346076 0.00407094 0.00478233 0.00560366 0.00654397 0.00761244 0.00881819 0.01017 0.0116763 0.0133444 0.0151809 0.0171911 0.0193785 0.0217452 0.0242911 0.027014 0.0299094 0.0329703 0.0361872 0.039548 0.0430382 0.0466405 0.0503355 0.0541012 0.057914 0.0617482 0.0655765 0.0693708 0.0731019 0.07674 0.0802554 0.0836187 0.0868011 0.0897747 0.0925132 0.0949921 0.0971888 0.0990833 0.100658 0.101898 0.102793 0.103333 0.103513 0.103333 0.102793 0.101898 0.100658 0.0990833 0.0971888 0.0949921 0.0925132 0.0897747 0.0868011 0.0836187 0.0802554 0.07674 0.0731019 0.0693708 0.0655765 0.0617482 0.057914 0.0541012 0.0503355 0.0466405 0.0430382 0.039548 0.0361872 0.0329703 0.0299094 0.027014 0.0242911 0.0217452 0.0193785 0.0171911 0.0151809 0.0133444 0.0116763 0.01017 0.00881819 0.00761244 0.00654397 0.00560366 0.00478233 0.00407094 0.00346076 0.00294357 0.00251177 0.00215854 0.00187794 0.001665 0.00151575 0.00142736 
0.00164137 0.00167547 0.00177842 0.0019522 0.00220008 0.00252655 0.00293729 0.00343909 0.00403971 0.00474777 0.00557261 0.00652409 0.00761244 0.00884799 0.010241 0.0118012 0.0135379 0.0154594 0.0175727 0.0198834 0.0223954 0.0251104 0.0280281 0.0311454 0.0344568 0.0379539 0.0416256 0.0454577 0.0494334 0.0535329 0.0577337 0.062011 0.0663378 0.0706849 0.0750218 0.0793165 0.0835363 0.0876478 0.0916178 0.0954134 0.0990025 0.102354 0.105439 0.108231 0.110703 0.112835 0.114606 0.116 0.117006 0.117613 0.117816 0.117613 0.117006 0.116 0.114606 0.112835 0.110703 0.108231 0.105439 0.102354 0.0990025 0.0954134 0.0916178 0.0876478 0.0835363 0.0793165 0.0750218 0.0706849 0.0663378 0.062011 0.0577337 0.0535329 0.0494334 0.0454577 0.0416256 0.0379539 0.0344568 0.0311454 0.0280281 0.0251104 0.0223954 0.0198834 0.0175727 0.0154594 0.0135379 0.0118012 0.010241 0.00884799 0.00761244 0.00652409 0.00557261 0.00474777 0.00403971 0.00343909 0.00293729 0.00252655 0.00220008 0.0019522 0.00177842 0.00167547 
0.00191872 0.00195826 0.00207766 0.00227916 0.00256647 0.00294471 0.00342033 0.00400102 0.00469558 0.00551377 0.00646613 0.00756378 0.00881819 0.010241 0.0118435 0.0136367 0.0156308 0.0178348 0.0202564 0.0229016 0.0257742 0.0288759 0.0322055 0.0357594 0.0395306 0.0435094 0.0476825 0.0520335 0.0565431 0.0611884 0.0659441 0.0707818 0.0756709 0.0805785 0.0854704 0.0903105 0.0950623 0.0996886 0.104152 0.108417 0.112447 0.116209 0.119669 0.122798 0.125569 0.127956 0.129939 0.131501 0.132626 0.133305 0.133533 0.133305 0.132626 0.131501 0.129939 0.127956 0.125569 0.122798 0.119669 0.116209 0.112447 0.108417 0.104152 0.0996886 0.0950623 0.0903105 0.0854704 0.0805785 0.0756709 0.0707818 0.0659441 0.0611884 0.0565431 0.0520335 0.0476825 0.0435094 0.0395306 0.0357594 0.0322055 0.0288759 0.0257742 0.0229016 0.0202564 0.0178348 0.0156308 0.0136367 0.0118435 0.010241 0.00881819 0.00756378 0.00646613 0.00551377 0.00469558 0.00400102 0.00342033 0.00294471 0.00256647 0.00227916 0.00207766 0.00195826 
0.00223289 0.00227856 0.00241642 0.00264902 0.00298057 0.00341684 0.00396515 0.00463418 0.00543384 0.00637512 0.00746987 0.00873057 0.01017 0.0118012 0.0136367 0.0156886 0.0179682 0.0204852 0.0232479 0.0262626 0.0295332 0.0330609 0.0368439 0.0408776 0.0451536 0.0496602 0.054382 0.0593003 0.0643926 0.069633 0.0749926 0.0804394 0.0859389 0.0914542 0.0969469 0.102377 0.107703 0.112885 0.117881 0.122651 0.127155 0.131357 0.135219 0.138711 0.141801 0.144463 0.146673 0.148413 0.149666 0.150423 0.150676 0.150423 0.149666 0.148413 0.146673 0.144463 0.141801 0.138711 0.135219 0.131357 0.127155 0.122651 0.117881 0.112885 0.107703 0.102377 0.0969469 0.0914542 0.0859389 0.0804394 0.0749926 0.069633 0.0643926 0.0593003 0.054382 0.0496602 0.0451536 0.0408776 0.0368439 0.0330609 0.0295332 0.0262626 0.0232479 0.0204852 0.0179682 0.0156886 0.0136367 0.0118012 0.01017 0.00873057 0.00746987 0.00637512 0.00543384 0.00463418 0.00396515 0.00341684 0.00298057 0.00264902 0.00241642 0.00227856 
0.00258661 0.00263911 0.00279757 0.00306486 0.00344571 0.00394666 0.0045759 0.00534321 0.00625971 0.00733771 0.00859047 0.0100319 0.0116763 0.0135379 0.0156308 0.0179682 0.0205623 0.0234238 0.0265614 0.0299817 0.0336885 0.0376825 0.0419613 0.0465186 0.0513448 0.0564259 0.0617443 0.0672781 0.0730019 0.0788863 0.0848985 0.0910027 0.0971599 0.103329 0.109467 0.11553 0.121473 0.127249 0.132814 0.138123 0.143133 0.147804 0.152095 0.155972 0.159402 0.162355 0.164807 0.166735 0.168125 0.168964 0.169244 0.168964 0.168125 0.166735 0.164807 0.162355 0.159402 0.155972 0.152095 0.147804 0.143133 0.138123 0.132814 0.127249 0.121473 0.11553 0.109467 0.103329 0.0971599 0.0910027 0.0848985 0.0788863 0.0730019 0.0672781 0.0617443 0.0564259 0.0513448 0.0465186 0.0419613 0.0376825 0.0336885 0.0299817 0.0265614 0.0234238 0.0205623 0.0179682 0.0156308 0.0135379 0.0116763 0.0100319 0.00859047 0.00733771 0.00625971 0.00534321 0.0045759 0.00394666 0.00344571 0.00306486 0.00279757 0.00263911 
0.0029825 0.00304257 0.00322386 0.0035296 0.00396509 0.00453765 0.00525647 0.00613246 0.00717806 0.008407 0.00983402 0.0114745 0.0133444 0.0154594 0.0178348 0.0204852 0.0234238 0.026662 0.0302091 0.0340718 0.0382537 0.0427549 0.0475719 0.0526973 0.0581192 0.0638215 0.0697839 0.0759813 0.0823849 0.0889614 0.095674 0.102482 0.109343 0.116211 0.123038 0.129776 0.136373 0.142781 0.14895 0.15483 0.160376 0.165542 0.170287 0.174571 0.178358 0.181619 0.184324 0.186452 0.187985 0.18891 0.189219 0.18891 0.187985 0.186452 0.184324 0.181619 0.178358 0.174571 0.170287 0.165542 0.160376 0.15483 0.14895 0.142781 0.136373 0.129776 0.123038 0.116211 0.109343 0.102482 0.095674 0.0889614 0.0823849 0.0759813 0.0697839 0.0638215 0.0581192 0.0526973 0.0475719 0.0427549 0.0382537 0.0340718 0.0302091 0.026662 0.0234238 0.0204852 0.0178348 0.0154594 0.0133444 0.0114745 0.00983402 0.008407 0.00717806 0.00613246 0.00525647 0.00453765 0.00396509 0.0035296 0.00322386 0.00304257 
0.00342297 0.00349139 0.00369785 0.00404596 0.00454163 0.00519302 0.00601038 0.00700585 0.00819326 0.00958782 0.0112059 0.0130644 0.0151809 0.0175727 0.0202564 0.0232479 0.0265614 0.0302091 0.0342007 0.0385429 0.043239 0.0482884 0.0536863 0.0594237 0.0654866 0.0718563 0.0785093 0.0854175 0.0925478 0.0998631 0.107322 0.11488 0.122489 0.130098 0.137655 0.145105 0.152395 0.159469 0.166273 0.172755 0.178863 0.18455 0.189769 0.194479 0.198641 0.202222 0.205193 0.207529 0.209211 0.210226 0.210565 0.210226 0.209211 0.207529 0.205193 0.202222 0.198641 0.194479 0.189769 0.18455 0.178863 0.172755 0.166273 0.159469 0.152395 0.145105 0.137655 0.130098 0.122489 0.11488 0.107322 0.0998631 0.0925478 0.0854175 0.0785093 0.0718563 0.0654866 0.0594237 0.0536863 0.0482884 0.043239 0.0385429 0.0342007 0.0302091 0.0265614 0.0232479 0.0202564 0.0175727 0.0151809 0.0130644 0.0112059 0.00958782 0.00819326 0.00700585 0.00601038 0.00519302 0.00454163 0.00404596 0.00369785 0.00349139 
0.00391021 0.00398778 0.00422182 0.00461633 0.0051779 0.00591557 0.0068407 0.00796675 0.00930899 0.0108842 0.0127105 0.0148064 0.0171911 0.0198834 0.0229016 0.0262626 0.0299817 0.0340718 0.0385429 0.0434017 0.0486509 0.0542891 0.0603101 0.0667028 0.0734509 0.080533 0.0879221 0.0955863 0.103489 0.111588 0.119837 0.128187 0.136585 0.144975 0.153299 0.161498 0.169513 0.177285 0.184753 0.191863 0.198558 0.204786 0.210499 0.215652 0.220203 0.224117 0.227362 0.229914 0.231751 0.232859 0.233229 0.232859 0.231751 0.229914 0.227362 0.224117 0.220203 0.215652 0.210499 0.204786 0.198558 0.191863 0.184753 0.177285 0.169513 0.161498 0.153299 0.144975 0.136585 0.128187 0.119837 0.111588 0.103489 0.0955863 0.0879221 0.080533 0.0734509 0.0667028 0.0603101 0.0542891 0.0486509 0.0434017 0.0385429 0.0340718 0.0299817 0.0262626 0.0229016 0.0198834 0.0171911 0.0148064 0.0127105 0.0108842 0.00930899 0.00796675 0.0068407 0.00591557 0.0051779 0.00461633 0.00422182 0.00398778 
0.00444606 0.0045336 0.00479768 0.00524274 0.00587604 0.00670759 0.00774991 0.00901782 0.0105282 0.0122994 0.0143511 0.0167039 0.0193785 0.0223954 0.0257742 0.0295332 0.0336885 0.0382537 0.043239 0.0486509 0.0544915 0.0607583 0.0674434 0.0745335 0.0820098 0.0898474 0.098016 0.10648 0.115197 0.124121 0.133202 0.142383 0.151608 0.160815 0.169941 0.178921 0.187691 0.196188 0.204346 0.212106 0.219408 0.226196 0.232419 0.238028 0.242979 0.247236 0.250764 0.253537 0.255533 0.256737 0.257139 0.256737 0.255533 0.253537 0.250764 0.247236 0.242979 0.238028 0.232419 0.226196 0.219408 0.212106 0.204346 0.196188 0.187691 0.178921 0.169941 0.160815 0.151608 0.142383 0.133202 0.124121 0.115197 0.10648 0.098016 0.0898474 0.0820098 0.0745335 0.0674434 0.0607583 0.0544915 0.0486509 0.043239 0.0382537 0.0336885 0.0295332 0.0257742 0.0223954 0.0193785 0.0167039 0.0143511 0.0122994 0.0105282 0.00901782 0.00774991 0.00670759 0.00587604 0.00524274 0.00479768 0.0045336 
0.00503197 0.0051303 0.00542693 0.00592671 0.00663766 0.00757075 0.00873975 0.0101609 0.0118527 0.0138351 0.0161299 0.018759 0.0217452 0.0251104 0.0288759 0.0330609 0.0376825 0.0427549 0.0482884 0.0542891 0.0607583 0.0676921 0.0750808 0.0829085 0.0911535 0.0997877 0.108777 0.11808 0.127651 0.13744 0.147389 0.157438 0.167524 0.177579 0.187536 0.197325 0.206877 0.216121 0.22499 0.233419 0.241344 0.248707 0.255451 0.261527 0.266888 0.271494 0.27531 0.278309 0.280467 0.281768 0.282203 0.281768 0.280467 0.278309 0.27531 0.271494 0.266888 0.261527 0.255451 0.248707 0.241344 0.233419 0.22499 0.216121 0.206877 0.197325 0.187536 0.177579 0.167524 0.157438 0.147389 0.13744 0.127651 0.11808 0.108777 0.0997877 0.0911535 0.0829085 0.0750808 0.0676921 0.0607583 0.0542891 0.0482884 0.0427549 0.0376825 0.0330609 0.0288759 0.0251104 0.0217452 0.018759 0.0161299 0.0138351 0.0118527 0.0101609 0.00873975 0.00757075 0.00663766 0.00592671 0.00542693 0.0051303 
0.0056689 0.00577886 0.00611053 0.00666923 0.00746372 0.00850602 0.00981118 0.0113969 0.0132833 0.0154923 0.0180472 0.020972 0.0242911 0.0280281 0.0322055 0.0368439 0.0419613 0.0475719 0.0536863 0.0603101 0.0674434 0.0750808 0.0832102 0.0918135 0.100865 0.110334 0.12018 0.13036 0.140822 0.151509 0.162359 0.173307 0.184283 0.195215 0.206029 0.216649 0.227002 0.237012 0.246609 0.25572 0.264281 0.272228 0.279503 0.286052 0.291828 0.296788 0.300896 0.304123 0.306445 0.307844 0.308312 0.307844 0.306445 0.304123 0.300896 0.296788 0.291828 0.286052 0.279503 0.272228 0.264281 0.25572 0.246609 0.237012 0.227002 0.216649 0.206029 0.195215 0.184283 0.173307 0.162359 0.151509 0.140822 0.13036 0.12018 0.110334 0.100865 0.0918135 0.0832102 0.0750808 0.0674434 0.0603101 0.0536863 0.0475719 0.0419613 0.0368439 0.0322055 0.0280281 0.0242911 0.020972 0.0180472 0.0154923 0.0132833 0.0113969 0.00981118 0.00850602 0.00746372 0.00666923 0.00611053 0.00577886 
0.00635726 0.00647967 0.00684885 0.0074706 0.00835448 0.00951356 0.0109642 0.0127257 0.0148198 0.0172702 0.020102 0.0233413 0.027014 0.0311454 0.0357594 0.0408776 0.0465186 0.0526973 0.0594237 0.0667028 0.0745335 0.0829085 0.0918135 0.101227 0.11112 0.121458 0.132196 0.143285 0.154668 0.166283 0.178063 0.189937 0.201827 0.213657 0.225347 0.236817 0.247986 0.258776 0.26911 0.278913 0.288117 0.296654 0.304464 0.31149 0.317683 0.322999 0.3274 0.330855 0.333341 0.334839 0.33534 0.334839 0.333341 0.330855 0.3274 0.322999 0.317683 0.31149 0.304464 0.296654 0.288117 0.278913 0.26911 0.258776 0.247986 0.236817 0.225347 0.213657 0.201827 0.189937 0.178063 0.166283 0.154668 0.143285 0.132196 0.121458 0.11112 0.101227 0.0918135 0.0829085 0.0745335 0.0667028 0.0594237 0.0526973 0.0465186 0.0408776 0.0357594 0.0311454 0.027014 0.0233413 0.020102 0.0172702 0.0148198 0.0127257 0.0109642 0.00951356 0.00835448 0.0074706 0.00684885 0.00647967 
0.00709683 0.0072325 0.00764161 0.00833046 0.00930941 0.0105926 0.0121978 0.0141459 0.0164602 0.0191664 0.0222915 0.0258632 0.0299094 0.0344568 0.0395306 0.0451536 0.0513448 0.0581192 0.0654866 0.0734509 0.0820098 0.0911535 0.100865 0.11112 0.121886 0.133123 0.144781 0.156807 0.169139 0.181708 0.19444 0.207259 0.220083 0.232827 0.245408 0.257738 0.269734 0.281311 0.292388 0.302888 0.312736 0.321865 0.330209 0.337712 0.344321 0.349992 0.354684 0.358367 0.361015 0.362612 0.363145 0.362612 0.361015 0.358367 0.354684 0.349992 0.344321 0.337712 0.330209 0.321865 0.312736 0.302888 0.292388 0.281311 0.269734 0.257738 0.245408 0.232827 0.220083 0.207259 0.19444 0.181708 0.169139 0.156807 0.144781 0.133123 0.121886 0.11112 0.100865 0.0911535 0.0820098 0.0734509 0.0654866 0.0581192 0.0513448 0.0451536 0.0395306 0.0344568 0.0299094 0.0258632 0.0222915 0.0191664 0.0164602 0.0141459 0.0121978 0.0105926 0.00930941 0.00833046 0.00764161 0.0072325 
0.00788674 0.00803643 0.00848779 0.00924762 0.0103271 0.0117415 0.01351 0.0156549 0.0182015 0.0211771 0.0246108 0.028532 0.0329703 0.0379539 0.0435094 0.0496602 0.0564259 0.0638215 0.0718563 0.080533 0.0898474 0.0997877 0.110334 0.121458 0.133123 0.145283 0.157887 0.170873 0.184174 0.197715 0.211418 0.225197 0.238966 0.252636 0.266115 0.279312 0.292138 0.304503 0.316324 0.327518 0.33801 0.347726 0.356602 0.364577 0.371597 0.377617 0.382597 0.386505 0.389314 0.391006 0.391572 0.391006 0.389314 0.386505 0.382597 0.377617 0.371597 0.364577 0.356602 0.347726 0.33801 0.327518 0.316324 0.304503 0.292138 0.279312 0.266115 0.252636 0.238966 0.225197 0.211418 0.197715 0.184174 0.170873 0.157887 0.145283 0.133123 0.121458 0.110334 0.0997877 0.0898474 0.080533 0.0718563 0.0638215 0.0564259 0.0496602 0.0435094 0.0379539 0.0329703 0.028532 0.0246108 0.0211771 0.0182015 0.0156549 0.01351 0.0117415 0.0103271 0.00924762 0.00848779 0.00803643 
0.00872535 0.00888979 0.00938559 0.0102201 0.0114052 0.0129575 0.0148973 0.0172488 0.0200388 0.0232967 0.0270532 0.0313397 0.0361872 0.0416256 0.0476825 0.054382 0.0617443 0.0697839 0.0785093 0.0879221 0.098016 0.108777 0.12018 0.132196 0.144781 0.157887 0.171455 0.185418 0.199704 0.214231 0.228914 0.243662 0.258384 0.272982 0.287362 0.301425 0.315078 0.328229 0.340788 0.35267 0.363797 0.374093 0.383491 0.39193 0.399354 0.405717 0.410978 0.415104 0.41807 0.419857 0.420453 0.419857 0.41807 0.415104 0.410978 0.405717 0.399354 0.39193 0.383491 0.374093 0.363797 0.35267 0.340788 0.328229 0.315078 0.301425 0.287362 0.272982 0.258384 0.243662 0.228914 0.214231 0.199704 0.185418 0.171455 0.157887 0.144781 0.132196 0.12018 0.108777 0.098016 0.0879221 0.0785093 0.0697839 0.0617443 0.054382 0.0476825 0.0416256 0.0361872 0.0313397 0.0270532 0.0232967 0.0200388 0.0172488 0.0148973 0.0129575 0.0114052 0.0102201 0.00938559 0.00888979 
0.00961025 0.00979013 0.0103324 0.0112449 0.0125405 0.0142367 0.0163554 0.0189223 0.0219661 0.0255178 0.02961 0.0342759 0.039548 0.0454577 0.0520335 0.0593003 0.0672781 0.0759813 0.0854175 0.0955863 0.10648 0.11808 0.13036 0.143285 0.156807 0.170873 0.185418 0.20037 0.215649 0.231169 0.246837 0.262558 0.278232 0.293757 0.309032 0.323955 0.338428 0.352354 0.36564 0.378198 0.389947 0.40081 0.410719 0.419609 0.427426 0.434121 0.439655 0.443993 0.44711 0.448988 0.449615 0.448988 0.44711 0.443993 0.439655 0.434121 0.427426 0.419609 0.410719 0.40081 0.389947 0.378198 0.36564 0.352354 0.338428 0.323955 0.309032 0.293757 0.278232 0.262558 0.246837 0.231169 0.215649 0.20037 0.185418 0.170873 0.156807 0.143285 0.13036 0.11808 0.10648 0.0955863 0.0854175 0.0759813 0.0672781 0.0593003 0.0520335 0.0454577 0.039548 0.0342759 0.02961 0.0255178 0.0219661 0.0189223 0.0163554 0.0142367 0.0125405 0.0112449 0.0103324 0.00979013 
0.0105382 0.0107342 0.0113247 0.0123183 0.0137286 0.0155742 0.0178786 0.0206688 0.0239753 0.027831 0.0322703 0.037328 0.0430382 0.0494334 0.0565431 0.0643926 0.0730019 0.0823849 0.0925478 0.103489 0.115197 0.127651 0.140822 0.154668 0.169139 0.184174 0.199704 0.215649 0.231925 0.248438 0.26509 0.281778 0.298397 0.314841 0.331001 0.346772 0.36205 0.376735 0.390732 0.403949 0.416304 0.427717 0.438119 0.447445 0.45564 0.462656 0.468451 0.472993 0.476255 0.47822 0.478876 0.47822 0.476255 0.472993 0.468451 0.462656 0.45564 0.447445 0.438119 0.427717 0.416304 0.403949 0.390732 0.376735 0.36205 0.346772 0.331001 0.314841 0.298397 0.281778 0.26509 0.248438 0.231925 0.215649 0.199704 0.184174 0.169139 0.154668 0.140822 0.127651 0.115197 0.103489 0.0925478 0.0823849 0.0730019 0.0643926 0.0565431 0.0494334 0.0430382 0.037328 0.0322703 0.027831 0.0239753 0.0206688 0.0178786 0.0155742 0.0137286 0.0123183 0.0113247 0.0107342 
0.0115053 0.0117178 0.0123582 0.0134355 0.0149642 0.016964 0.0194597 0.02248 0.0260571 0.0302256 0.0350215 0.0404813 0.0466405 0.0535329 0.0611884 0.069633 0.0788863 0.0889614 0.0998631 0.111588 0.124121 0.13744 0.151509 0.166283 0.181708 0.197715 0.214231 0.231169 0.248438 0.265939 0.283566 0.301211 0.318763 0.336109 0.353138 0.369738 0.385802 0.401226 0.415912 0.429767 0.442705 0.454648 0.465523 0.475267 0.483823 0.491143 0.497188 0.501922 0.505322 0.50737 0.508053 0.50737 0.505322 0.501922 0.497188 0.491143 0.483823 0.475267 0.465523 0.454648 0.442705 0.429767 0.415912 0.401226 0.385802 0.369738 0.353138 0.336109 0.318763 0.301211 0.283566 0.265939 0.248438 0.231169 0.214231 0.197715 0.181708 0.166283 0.151509 0.13744 0.124121 0.111588 0.0998631 0.0889614 0.0788863 0.069633 0.0611884 0.0535329 0.0466405 0.0404813 0.0350215 0.0302256 0.0260571 0.02248 0.0194597 0.016964 0.0149642 0.0134355 0.0123582 0.0117178 
0.0125066 0.0127361 0.0134277 0.0145909 0.016241 0.0183989 0.0210907 0.0243466 0.0282005 0.0326886 0.0378487 0.0437187 0.0503355 0.0577337 0.0659441 0.0749926 0.0848985 0.095674 0.107322 0.119837 0.133202 0.147389 0.162359 0.178063 0.19444 0.211418 0.228914 0.246837 0.26509 0.283566 0.302154 0.32074 0.339206 0.357434 0.375308 0.392713 0.409538 0.425675 0.441024 0.455491 0.468988 0.481435 0.49276 0.502899 0.511797 0.519405 0.525684 0.5306 0.53413 0.536254 0.536964 0.536254 0.53413 0.5306 0.525684 0.519405 0.511797 0.502899 0.49276 0.481435 0.468988 0.455491 0.441024 0.425675 0.409538 0.392713 0.375308 0.357434 0.339206 0.32074 0.302154 0.283566 0.26509 0.246837 0.228914 0.211418 0.19444 0.178063 0.162359 0.147389 0.133202 0.119837 0.107322 0.095674 0.0848985 0.0749926 0.0659441 0.0577337 0.0503355 0.0437187 0.0378487 0.0326886 0.0282005 0.0243466 0.0210907 0.0183989 0.016241 0.0145909 0.0134277 0.0127361 
0.0135364 0.0137833 0.0145272 0.0157779 0.0175518 0.0198708 0.0227622 0.0262578 0.030393 0.0352058 0.0407354 0.0470212 0.0541012 0.062011 0.0707818 0.0804394 0.0910027 0.102482 0.11488 0.128187 0.142383 0.157438 0.173307 0.189937 0.207259 0.225197 0.243662 0.262558 0.281778 0.301211 0.32074 0.340243 0.359598 0.378682 0.397374 0.415556 0.433111 0.449931 0.465914 0.480962 0.494988 0.507912 0.519661 0.530172 0.539389 0.547266 0.553763 0.558849 0.562498 0.564695 0.565428 0.564695 0.562498 0.558849 0.553763 0.547266 0.539389 0.530172 0.519661 0.507912 0.494988 0.480962 0.465914 0.449931 0.433111 0.415556 0.397374 0.378682 0.359598 0.340243 0.32074 0.301211 0.281778 0.262558 0.243662 0.225197 0.207259 0.189937 0.173307 0.157438 0.142383 0.128187 0.11488 0.102482 0.0910027 0.0804394 0.0707818 0.062011 0.0541012 0.0470212 0.0407354 0.0352058 0.030393 0.0262578 0.0227622 0.0198708 0.0175518 0.0157779 0.0145272 0.0137833 
0.0145885 0.0148529 0.0156497 0.0169892 0.0188884 0.0213703 0.0244636 0.0282015 0.0326209 0.0377613 0.0436634 0.0503679 0.057914 0.0663378 0.0756709 0.0859389 0.0971599 0.109343 0.122489 0.136585 0.151608 0.167524 0.184283 0.201827 0.220083 0.238966 0.258384 0.278232 0.298397 0.318763 0.339206 0.359598 0.379812 0.399721 0.419199 0.438122 0.456374 0.473844 0.490425 0.506022 0.520546 0.533916 0.54606 0.556917 0.566431 0.574556 0.581254 0.586495 0.590255 0.592518 0.593273 0.592518 0.590255 0.586495 0.581254 0.574556 0.566431 0.556917 0.54606 0.533916 0.520546 0.506022 0.490425 0.473844 0.456374 0.438122 0.419199 0.399721 0.379812 0.359598 0.339206 0.318763 0.298397 0.278232 0.258384 0.238966 0.220083 0.201827 0.184283 0.167524 0.151608 0.136585 0.122489 0.109343 0.0971599 0.0859389 0.0756709 0.0663378 0.057914 0.0503679 0.0436634 0.0377613 0.0326209 0.0282015 0.0244636 0.0213703 0.0188884 0.0169892 0.0156497 0.0148529 
0.0156555 0.0159376 0.0167877 0.0182164 0.0202416 0.0228874 0.0261836 0.0301647 0.0348692 0.0403379 0.0466131 0.0537364 0.0617482 0.0706849 0.0805785 0.0914542 0.103329 0.116211 0.130098 0.144975 0.160815 0.177579 0.195215 0.213657 0.232827 0.252636 0.272982 0.293757 0.314841 0.336109 0.357434 0.378682 0.399721 0.420418 0.440644 0.460273 0.479184 0.497265 0.514409 0.530519 0.545506 0.55929 0.5718 0.582974 0.59276 0.601112 0.607994 0.613376 0.617237 0.619559 0.620334 0.619559 0.617237 0.613376 0.607994 0.601112 0.59276 0.582974 0.5718 0.55929 0.545506 0.530519 0.514409 0.497265 0.479184 0.460273 0.440644 0.420418 0.399721 0.378682 0.357434 0.336109 0.314841 0.293757 0.272982 0.252636 0.232827 0.213657 0.195215 0.177579 0.160815 0.144975 0.130098 0.116211 0.103329 0.0914542 0.0805785 0.0706849 0.0617482 0.0537364 0.0466131 0.0403379 0.0348692 0.0301647 0.0261836 0.0228874 0.0202416 0.0182164 0.0167877 0.0159376 
0.0167299 0.0170297 0.0179329 0.0194508 0.0216018 0.0244111 0.0279096 0.0321332 0.0371216 0.0429172 0.0495633 0.0571027 0.0655765 0.0750218 0.0854704 0.0969469 0.109467 0.123038 0.137655 0.153299 0.169941 0.187536 0.206029 0.225347 0.245408 0.266115 0.287362 0.309032 0.331001 0.353138 0.375308 0.397374 0.419199 0.440644 0.461578 0.481871 0.501401 0.520053 0.537721 0.554306 0.56972 0.583884 0.596728 0.608192 0.618225 0.626782 0.633829 0.639339 0.643288 0.645664 0.646457 0.645664 0.643288 0.639339 0.633829 0.626782 0.618225 0.608192 0.596728 0.583884 0.56972 0.554306 0.537721 0.520053 0.501401 0.481871 0.461578 0.440644 0.419199 0.397374 0.375308 0.353138 0.331001 0.309032 0.287362 0.266115 0.245408 0.225347 0.206029 0.187536 0.169941 0.153299 0.137655 0.123038 0.109467 0.0969469 0.0854704 0.0750218 0.0655765 0.0571027 0.0495633 0.0429172 0.0371216 0.0321332 0.0279096 0.0244111 0.0216018 0.0194508 0.0179329 0.0170297 
0.0178031 0.0181205 0.0190764 0.0206827 0.0229585 0.0259297 0.0296285 0.0340921 0.0393613 0.0454798 0.052492 0.0604418 0.0693708 0.0793165 0.0903105 0.102377 0.11553 0.129776 0.145105 0.161498 0.178921 0.197325 0.216649 0.236817 0.257738 0.279312 0.301425 0.323955 0.346772 0.369738 0.392713 0.415556 0.438122 0.460273 0.481871 0.502785 0.522891 0.542073 0.560224 0.577245 0.59305 0.607559 0.620706 0.632431 0.642684 0.651425 0.658619 0.664241 0.66827 0.670693 0.671501 0.670693 0.66827 0.664241 0.658619 0.651425 0.642684 0.632431 0.620706 0.607559 0.59305 0.577245 0.560224 0.542073 0.522891 0.502785 0.481871 0.460273 0.438122 0.415556 0.392713 0.369738 0.346772 0.323955 0.301425 0.279312 0.257738 0.236817 0.216649 0.197325 0.178921 0.161498 0.145105 0.129776 0.11553 0.102377 0.0903105 0.0793165 0.0693708 0.0604418 0.052492 0.0454798 0.0393613 0.0340921 0.0296285 0.0259297 0.0229585 0.0206827 0.0190764 0.0181205 
0.0188666 0.0192012 0.020209 0.0219022 0.0243006 0.0274311 0.0313267 0.0360258 0.0415705 0.0480055 0.0553764 0.0637278 0.0731019 0.0835363 0.0950623 0.107703 0.121473 0.136373 0.152395 0.169513 0.187691 0.206877 0.227002 0.247986 0.269734 0.292138 0.315078 0.338428 0.36205 0.385802 0.409538 0.433111 0.456374 0.479184 0.501401 0.522891 0.543529 0.563198 0.58179 0.599209 0.615366 0.630187 0.643604 0.655561 0.66601 0.674912 0.682235 0.687955 0.692053 0.694517 0.69534 0.694517 0.692053 0.687955 0.682235 0.674912 0.66601 0.655561 0.643604 0.630187 0.615366 0.599209 0.58179 0.563198 0.543529 0.522891 0.501401 0.479184 0.456374 0.433111 0.409538 0.385802 0.36205 0.338428 0.315078 0.292138 0.269734 0.247986 0.227002 0.206877 0.187691 0.169513 0.152395 0.136373 0.121473 0.107703 0.0950623 0.0835363 0.0731019 0.0637278 0.0553764 0.0480055 0.0415705 0.0360258 0.0313267 0.0274311 0.0243006 0.0219022 0.020209 0.0192012 
0.0199111 0.0202625 0.021321 0.0230989 0.0256169 0.0289025 0.0329899 0.0379183 0.043731 0.0504738 0.0581931 0.0669344 0.07674 0.0876478 0.0996886 0.112885 0.127249 0.142781 0.159469 0.177285 0.196188 0.216121 0.237012 0.258776 0.281311 0.304503 0.328229 0.352354 0.376735 0.401226 0.425675 0.449931 0.473844 0.497265 0.520053 0.542073 0.563198 0.58331 0.602302 0.620078 0.636553 0.65165 0.665307 0.677468 0.688088 0.69713 0.704564 0.710369 0.714526 0.717025 0.717859 0.717025 0.714526 0.710369 0.704564 0.69713 0.688088 0.677468 0.665307 0.65165 0.636553 0.620078 0.602302 0.58331 0.563198 0.542073 0.520053 0.497265 0.473844 0.449931 0.425675 0.401226 0.376735 0.352354 0.328229 0.304503 0.281311 0.258776 0.237012 0.216121 0.196188 0.177285 0.159469 0.142781 0.127249 0.112885 0.0996886 0.0876478 0.07674 0.0669344 0.0581931 0.0504738 0.043731 0.0379183 0.0329899 0.0289025 0.0256169 0.0230989 0.021321 0.0202625 
0.0209273 0.021295 0.0224024 0.0242623 0.0268958 0.0303313 0.0346037 0.0397534 0.0458246 0.052864 0.0609188 0.070035 0.0802554 0.0916178 0.104152 0.117881 0.132814 0.14895 0.166273 0.184753 0.204346 0.22499 0.246609 0.26911 0.292388 0.316324 0.340788 0.36564 0.390732 0.415912 0.441024 0.465914 0.490425 0.514409 0.537721 0.560224 0.58179 0.602302 0.621654 0.639749 0.656503 0.671845 0.68571 0.698048 0.708816 0.717978 0.725507 0.731383 0.735591 0.738119 0.738963 0.738119 0.735591 0.731383 0.725507 0.717978 0.708816 0.698048 0.68571 0.671845 0.656503 0.639749 0.621654 0.602302 0.58179 0.560224 0.537721 0.514409 0.490425 0.465914 0.441024 0.415912 0.390732 0.36564 0.340788 0.316324 0.292388 0.26911 0.246609 0.22499 0.204346 0.184753 0.166273 0.14895 0.132814 0.117881 0.104152 0.0916178 0.0802554 0.070035 0.0609188 0.052864 0.0458246 0.0397534 0.0346037 0.0303313 0.0268958 0.0242623 0.0224024 0.021295 
0.0219058 0.022289 0.0234432 0.0253816 0.0281256 0.0317044 0.0361537 0.0415148 0.0478328 0.0551552 0.0635299 0.0730034 0.0836187 0.0954134 0.108417 0.122651 0.138123 0.15483 0.172755 0.191863 0.212106 0.233419 0.25572 0.278913 0.302888 0.327518 0.35267 0.378198 0.403949 0.429767 0.455491 0.480962 0.506022 0.530519 0.554306 0.577245 0.599209 0.620078 0.639749 0.658125 0.675125 0.690679 0.704725 0.717215 0.728107 0.73737 0.744979 0.750915 0.755164 0.757716 0.758568 0.757716 0.755164 0.750915 0.744979 0.73737 0.728107 0.717215 0.704725 0.690679 0.675125 0.658125 0.639749 0.620078 0.599209 0.577245 0.554306 0.530519 0.506022 0.480962 0.455491 0.429767 0.403949 0.378198 0.35267 0.327518 0.302888 0.278913 0.25572 0.233419 0.212106 0.191863 0.172755 0.15483 0.138123 0.122651 0.108417 0.0954134 0.0836187 0.0730034 0.0635299 0.0551552 0.0478328 0.0415148 0.0361537 0.0317044 0.0281256 0.0253816 0.0234432 0.022289 
0.0228371 0.0232351 0.0244336 0.0264462 0.0292948 0.0330091 0.0376257 0.0431866 0.0497377 0.0573272 0.0660036 0.0758139 0.0868011 0.0990025 0.112447 0.127155 0.143133 0.160376 0.178863 0.198558 0.219408 0.241344 0.264281 0.288117 0.312736 0.33801 0.363797 0.389947 0.416304 0.442705 0.468988 0.494988 0.520546 0.545506 0.56972 0.59305 0.615366 0.636553 0.656503 0.675125 0.692339 0.708074 0.722274 0.734892 0.745889 0.755236 0.76291 0.768894 0.773176 0.775748 0.776606 0.775748 0.773176 0.768894 0.76291 0.755236 0.745889 0.734892 0.722274 0.708074 0.692339 0.675125 0.656503 0.636553 0.615366 0.59305 0.56972 0.545506 0.520546 0.494988 0.468988 0.442705 0.416304 0.389947 0.363797 0.33801 0.312736 0.288117 0.264281 0.241344 0.219408 0.198558 0.178863 0.160376 0.143133 0.127155 0.112447 0.0990025 0.0868011 0.0758139 0.0660036 0.0573272 0.0497377 0.0431866 0.0376257 0.0330091 0.0292948 0.0264462 0.0244336 0.0232351 
