0.00143701 0.00145655 0.00151537 0.00161406 0.00175361 0.00193537 0.00216101 0.00243254 0.00275221 0.00312249 0.00354601 0.00402549 0.00456369 0.00516331 0.00582696 0.00655701 0.00735558 0.0082244 0.00916476 0.0101774 0.0112625 0.0124196 0.0136473 0.0149435 0.0163055 0.0177292 0.0192101 0.0207425 0.02232 0.023935 0.0255794 0.0272441 0.0289194 0.0305949 0.0322597 0.0339026 0.0355117 0.0370755 0.0385819 0.0400195 0.0413765 0.0426422 0.0438058 0.0448576 0.0457886 0.0465908 0.047257 0.0477815 0.0481595 0.0483877 0.048464 0.0483877 0.0481595 0.0477815 0.047257 0.0465908 0.0457886 0.0448576 0.0438058 0.0426422 0.0413765 0.0400195 0.0385819 0.0370755 0.0355117 0.0339026 0.0322597 0.0305949 0.0289194 0.0272441 0.0255794 0.023935 0.02232 0.0207425 0.0192101 0.0177292 0.0163055 0.0149435 0.0136473 0.0124196 0.0112625 0.0101774 0.00916476 0.0082244 0.00735558 0.00655701 0.00582696 0.00516331 0.00456369 0.00402549 0.00354601 0.00312249 0.00275221 0.00243254 0.00216101 0.00193537 0.00175361 0.00161406 0.00151537 0.00145655 
0.00145655 0.00147634 0.00153589 0.00163581 0.00177709 0.00196109 0.00218952 0.00246439 0.00278796 0.00316274 0.00359137 0.0040766 0.0046212 0.00522792 0.00589936 0.00663791 0.00744571 0.0083245 0.00927557 0.0102997 0.0113969 0.0125668 0.013808 0.0151185 0.0164951 0.0179342 0.0194309 0.0209795 0.0225735 0.0242054 0.0258668 0.0275486 0.029241 0.0309335 0.0326151 0.0342743 0.0358995 0.0374787 0.039 0.0404516 0.0418219 0.0430998 0.0442746 0.0453366 0.0462765 0.0470864 0.047759 0.0482884 0.04867 0.0489004 0.0489774 0.0489004 0.04867 0.0482884 0.047759 0.0470864 0.0462765 0.0453366 0.0442746 0.0430998 0.0418219 0.0404516 0.039 0.0374787 0.0358995 0.0342743 0.0326151 0.0309335 0.029241 0.0275486 0.0258668 0.0242054 0.0225735 0.0209795 0.0194309 0.0179342 0.0164951 0.0151185 0.013808 0.0125668 0.0113969 0.0102997 0.00927557 0.0083245 0.00744571 0.00663791 0.00589936 0.00522792 0.0046212 0.0040766 0.00359137 0.00316274 0.00278796 0.00246439 0.00218952 0.00196109 0.00177709 0.00163581 0.00153589 0.00147634 
0.00151537 0.00153589 0.00159764 0.00170126 0.00184775 0.00203852 0.00227532 0.00256021 0.00289552 0.00328382 0.00372783 0.00423034 0.00479423 0.00542226 0.00611712 0.00688124 0.00771679 0.00862553 0.00960875 0.0106672 0.011801 0.0130095 0.0142913 0.0156443 0.0170653 0.0185504 0.0200945 0.0216919 0.0233356 0.025018 0.0267305 0.0284637 0.0302074 0.0319508 0.0336827 0.0353913 0.0370645 0.0386901 0.0402558 0.0417496 0.0431596 0.0444743 0.0456828 0.0467752 0.0477419 0.0485748 0.0492664 0.0498109 0.0502033 0.0504401 0.0505193 0.0504401 0.0502033 0.0498109 0.0492664 0.0485748 0.0477419 0.0467752 0.0456828 0.0444743 0.0431596 0.0417496 0.0402558 0.0386901 0.0370645 0.0353913 0.0336827 0.0319508 0.0302074 0.0284637 0.0267305 0.025018 0.0233356 0.0216919 0.0200945 0.0185504 0.0170653 0.0156443 0.0142913 0.0130095 0.011801 0.0106672 0.00960875 0.00862553 0.00771679 0.00688124 0.00611712 0.00542226 0.00479423 0.00423034 0.00372783 0.00328382 0.00289552 0.00256021 0.00227532 0.00203852 0.00184775 0.00170126 0.00159764 0.00153589 
0.00161406 0.00163581 0.00170126 0.00181106 0.00196629 0.00216839 0.00241921 0.00272088 0.00307586 0.0034868 0.00395654 0.004488 0.00508414 0.00574786 0.00648191 0.00728881 0.00817078 0.00912961 0.0101666 0.0112825 0.0124773 0.0137503 0.0151001 0.0165242 0.0180193 0.0195812 0.0212046 0.0228833 0.0246101 0.0263769 0.0281747 0.0299936 0.0318229 0.0336514 0.0354672 0.0372581 0.0390114 0.0407144 0.0423543 0.0439184 0.0453945 0.0467706 0.0480354 0.0491783 0.0501897 0.0510609 0.0517844 0.0523538 0.0527642 0.0530119 0.0530947 0.0530119 0.0527642 0.0523538 0.0517844 0.0510609 0.0501897 0.0491783 0.0480354 0.0467706 0.0453945 0.0439184 0.0423543 0.0407144 0.0390114 0.0372581 0.0354672 0.0336514 0.0318229 0.0299936 0.0281747 0.0263769 0.0246101 0.0228833 0.0212046 0.0195812 0.0180193 0.0165242 0.0151001 0.0137503 0.0124773 0.0112825 0.0101666 0.00912961 0.00817078 0.00728881 0.00648191 0.00574786 0.00508414 0.004488 0.00395654 0.0034868 0.00307586 0.00272088 0.00241921 0.00216839 0.00196629 0.00181106 0.00170126 0.00163581 
0.00175361 0.00177709 0.00184775 0.00196629 0.00213383 0.00235191 0.00262249 0.00294784 0.00333053 0.00377339 0.00427939 0.00485164 0.00549323 0.00620721 0.00699644 0.00786358 0.00881089 0.00984023 0.0109529 0.0121496 0.0134302 0.014794 0.0162392 0.0177632 0.0193625 0.0210323 0.022767 0.0245599 0.0264034 0.0282887 0.0302062 0.0321453 0.0340947 0.0360425 0.037976 0.0398823 0.0417479 0.0435593 0.0453031 0.0469658 0.0485345 0.0499966 0.0513401 0.052554 0.0536279 0.0545529 0.0553209 0.0559253 0.0563608 0.0566237 0.0567115 0.0566237 0.0563608 0.0559253 0.0553209 0.0545529 0.0536279 0.052554 0.0513401 0.0499966 0.0485345 0.0469658 0.0453031 0.0435593 0.0417479 0.0398823 0.037976 0.0360425 0.0340947 0.0321453 0.0302062 0.0282887 0.0264034 0.0245599 0.022767 0.0210323 0.0193625 0.0177632 0.0162392 0.014794 0.0134302 0.0121496 0.0109529 0.00984023 0.00881089 0.00786358 0.00699644 0.00620721 0.00549323 0.00485164 0.00427939 0.00377339 0.00333053 0.00294784 0.00262249 0.00235191 0.00213383 0.00196629 0.00184775 0.00177709 
0.00193537 0.00196109 0.00203852 0.00216839 0.00235191 0.00259075 0.00288697 0.00324303 0.00366168 0.00414594 0.00469898 0.00532411 0.00602461 0.00680371 0.00766445 0.00860959 0.00964151 0.0107621 0.0119727 0.0132739 0.0146656 0.0161467 0.0177153 0.0193684 0.0211021 0.0229113 0.0247897 0.0267301 0.0287241 0.0307622 0.0328341 0.0349282 0.0370325 0.039134 0.0412191 0.0432739 0.0452841 0.0472352 0.0491127 0.0509023 0.0525902 0.0541629 0.0556076 0.0569126 0.058067 0.0590611 0.0598863 0.0605356 0.0610035 0.0612859 0.0613803 0.0612859 0.0610035 0.0605356 0.0598863 0.0590611 0.058067 0.0569126 0.0556076 0.0541629 0.0525902 0.0509023 0.0491127 0.0472352 0.0452841 0.0432739 0.0412191 0.039134 0.0370325 0.0349282 0.0328341 0.0307622 0.0287241 0.0267301 0.0247897 0.0229113 0.0211021 0.0193684 0.0177153 0.0161467 0.0146656 0.0132739 0.0119727 0.0107621 0.00964151 0.00860959 0.00766445 0.00680371 0.00602461 0.00532411 0.00469898 0.00414594 0.00366168 0.00324303 0.00288697 0.00259075 0.00235191 0.00216839 0.00203852 0.00196109 
0.00216101 0.00218952 0.00227532 0.00241921 0.00262249 0.00288697 0.0032149 0.00360892 0.004072 0.00460739 0.00521852 0.00590892 0.00668213 0.00754159 0.00849052 0.00953185 0.0106681 0.0119011 0.0132323 0.0146622 0.0161905 0.017816 0.0195364 0.0213483 0.0232473 0.0252277 0.0272826 0.0294041 0.0315827 0.0338084 0.0360695 0.0383537 0.0406477 0.0429375 0.0452084 0.0474452 0.0496324 0.0517543 0.0537954 0.0557403 0.0575739 0.0592818 0.0608504 0.0622668 0.0635195 0.0645979 0.0654931 0.0661974 0.0667048 0.067011 0.0671134 0.067011 0.0667048 0.0661974 0.0654931 0.0645979 0.0635195 0.0622668 0.0608504 0.0592818 0.0575739 0.0557403 0.0537954 0.0517543 0.0496324 0.0474452 0.0452084 0.0429375 0.0406477 0.0383537 0.0360695 0.0338084 0.0315827 0.0294041 0.0272826 0.0252277 0.0232473 0.0213483 0.0195364 0.017816 0.0161905 0.0146622 0.0132323 0.0119011 0.0106681 0.00953185 0.00849052 0.00754159 0.00668213 0.00590892 0.00521852 0.00460739 0.004072 0.00360892 0.0032149 0.00288697 0.00262249 0.00241921 0.00227532 0.00218952 
0.00243254 0.00246439 0.00256021 0.00272088 0.00294784 0.00324303 0.00360892 0.00404836 0.00456461 0.00516117 0.00584177 0.00661022 0.00747033 0.00842579 0.00948004 0.0106362 0.0118969 0.013264 0.0147391 0.0163223 0.0180134 0.0198108 0.0217118 0.0237127 0.0258082 0.0279922 0.0302568 0.0325933 0.0349912 0.0374394 0.0399251 0.0424347 0.0449536 0.0474666 0.0499574 0.0524096 0.0548063 0.0571305 0.0593652 0.0614936 0.0634995 0.0653673 0.0670821 0.0686302 0.069999 0.0711772 0.0721549 0.072924 0.0734781 0.0738125 0.0739243 0.0738125 0.0734781 0.072924 0.0721549 0.0711772 0.069999 0.0686302 0.0670821 0.0653673 0.0634995 0.0614936 0.0593652 0.0571305 0.0548063 0.0524096 0.0499574 0.0474666 0.0449536 0.0424347 0.0399251 0.0374394 0.0349912 0.0325933 0.0302568 0.0279922 0.0258082 0.0237127 0.0217118 0.0198108 0.0180134 0.0163223 0.0147391 0.013264 0.0118969 0.0106362 0.00948004 0.00842579 0.00747033 0.00661022 0.00584177 0.00516117 0.00456461 0.00404836 0.00360892 0.00324303 0.00294784 0.00272088 0.00256021 0.00246439 
0.00275221 0.00278796 0.00289552 0.00307586 0.00333053 0.00366168 0.004072 0.00456461 0.00514305 0.00581116 0.00657298 0.00743263 0.00839425 0.00946181 0.010639 0.0119291 0.0133349 0.0148584 0.016501 0.0182629 0.0201435 0.0221408 0.0242519 0.0264722 0.0287962 0.0312164 0.0337245 0.0363103 0.0389626 0.0416685 0.0444143 0.0471849 0.0499642 0.0527352 0.0554805 0.0581817 0.0608204 0.0633781 0.0658363 0.0681765 0.0703813 0.0724335 0.074317 0.0760169 0.0775195 0.0788125 0.0798854 0.0807293 0.0813372 0.0817039 0.0818265 0.0817039 0.0813372 0.0807293 0.0798854 0.0788125 0.0775195 0.0760169 0.074317 0.0724335 0.0703813 0.0681765 0.0658363 0.0633781 0.0608204 0.0581817 0.0554805 0.0527352 0.0499642 0.0471849 0.0444143 0.0416685 0.0389626 0.0363103 0.0337245 0.0312164 0.0287962 0.0264722 0.0242519 0.0221408 0.0201435 0.0182629 0.016501 0.0148584 0.0133349 0.0119291 0.010639 0.00946181 0.00839425 0.00743263 0.00657298 0.00581116 0.00514305 0.00456461 0.004072 0.00366168 0.00333053 0.00307586 0.00289552 0.00278796 
0.00312249 0.00316274 0.00328382 0.0034868 0.00377339 0.00414594 0.00460739 0.00516117 0.00581116 0.00656154 0.0074167 0.00838115 0.00945935 0.0106556 0.0119738 0.0134176 0.0149897 0.0166923 0.0185267 0.020493 0.0225903 0.0248163 0.0271673 0.0296384 0.0322229 0.0349127 0.0376982 0.0405682 0.04351 0.0465095 0.0495512 0.0526185 0.0556936 0.0587578 0.0617918 0.0647756 0.067689 0.0705115 0.0732229 0.0758032 0.0782331 0.0804941 0.0825686 0.0844402 0.0860942 0.0875172 0.0886978 0.0896262 0.0902948 0.0906982 0.0908331 0.0906982 0.0902948 0.0896262 0.0886978 0.0875172 0.0860942 0.0844402 0.0825686 0.0804941 0.0782331 0.0758032 0.0732229 0.0705115 0.067689 0.0647756 0.0617918 0.0587578 0.0556936 0.0526185 0.0495512 0.0465095 0.04351 0.0405682 0.0376982 0.0349127 0.0322229 0.0296384 0.0271673 0.0248163 0.0225903 0.020493 0.0185267 0.0166923 0.0149897 0.0134176 0.0119738 0.0106556 0.00945935 0.00838115 0.0074167 0.00656154 0.00581116 0.00516117 0.00460739 0.00414594 0.00377339 0.0034868 0.00328382 0.00316274 
0.00354601 0.00359137 0.00372783 0.00395654 0.00427939 0.00469898 0.00521852 0.00584177 0.00657298 0.0074167 0.00837775 0.00946101 0.0106713 0.0120133 0.0134912 0.0151088 0.016869 0.0187741 0.0208251 0.0230222 0.0253639 0.0278476 0.0304691 0.0332225 0.0361003 0.0390933 0.0421907 0.0453799 0.0486468 0.0519756 0.0553492 0.058749 0.0621555 0.065548 0.0689052 0.072205 0.0754254 0.0785437 0.081538 0.0843863 0.0870675 0.0895614 0.0918489 0.093912 0.0957348 0.0973026 0.0986031 0.0996256 0.100362 0.100806 0.100955 0.100806 0.100362 0.0996256 0.0986031 0.0973026 0.0957348 0.093912 0.0918489 0.0895614 0.0870675 0.0843863 0.081538 0.0785437 0.0754254 0.072205 0.0689052 0.065548 0.0621555 0.058749 0.0553492 0.0519756 0.0486468 0.0453799 0.0421907 0.0390933 0.0361003 0.0332225 0.0304691 0.0278476 0.0253639 0.0230222 0.0208251 0.0187741 0.016869 0.0151088 0.0134912 0.0120133 0.0106713 0.00946101 0.00837775 0.0074167 0.00657298 0.00584177 0.00521852 0.00469898 0.00427939 0.00395654 0.00372783 0.00359137 
0.00402549 0.0040766 0.00423034 0.004488 0.00485164 0.00532411 0.00590892 0.00661022 0.00743263 0.00838115 0.00946101 0.0106775 0.0120359 0.0135412 0.0151979 0.0170099 0.0189805 0.0211119 0.023405 0.0258596 0.0284741 0.0312452 0.0341679 0.0372356 0.0404397 0.0437699 0.0472139 0.0507576 0.0543853 0.0580793 0.0618207 0.0655889 0.0693622 0.0731179 0.0768324 0.0804816 0.084041 0.0874861 0.0907925 0.0939364 0.0968946 0.0996452 0.102167 0.104441 0.10645 0.108177 0.10961 0.110736 0.111547 0.112036 0.112199 0.112036 0.111547 0.110736 0.10961 0.108177 0.10645 0.104441 0.102167 0.0996452 0.0968946 0.0939364 0.0907925 0.0874861 0.084041 0.0804816 0.0768324 0.0731179 0.0693622 0.0655889 0.0618207 0.0580793 0.0543853 0.0507576 0.0472139 0.0437699 0.0404397 0.0372356 0.0341679 0.0312452 0.0284741 0.0258596 0.023405 0.0211119 0.0189805 0.0170099 0.0151979 0.0135412 0.0120359 0.0106775 0.00946101 0.00838115 0.00743263 0.00661022 0.00590892 0.00532411 0.00485164 0.004488 0.00423034 0.0040766 
0.00456369 0.0046212 0.00479423 0.00508414 0.00549323 0.00602461 0.00668213 0.00747033 0.00839425 0.00945935 0.0106713 0.0120359 0.0135588 0.0152453 0.0171004 0.0191281 0.0213318 0.0237137 0.0262746 0.0290141 0.03193 0.0350184 0.0382736 0.041688 0.0452517 0.0489532 0.0527786 0.0567122 0.0607363 0.0648314 0.0689765 0.0731487 0.0773241 0.0814776 0.0855832 0.0896145 0.0935446 0.0973466 0.100994 0.10446 0.107721 0.110752 0.113529 0.116033 0.118244 0.120145 0.121721 0.12296 0.123852 0.12439 0.12457 0.12439 0.123852 0.12296 0.121721 0.120145 0.118244 0.116033 0.113529 0.110752 0.107721 0.10446 0.100994 0.0973466 0.0935446 0.0896145 0.0855832 0.0814776 0.0773241 0.0731487 0.0689765 0.0648314 0.0607363 0.0567122 0.0527786 0.0489532 0.0452517 0.041688 0.0382736 0.0350184 0.03193 0.0290141 0.0262746 0.0237137 0.0213318 0.0191281 0.0171004 0.0152453 0.0135588 0.0120359 0.0106713 0.00945935 0.00839425 0.00747033 0.00668213 0.00602461 0.00549323 0.00508414 0.00479423 0.0046212 
0.00516331 0.00522792 0.00542226 0.00574786 0.00620721 0.00680371 0.00754159 0.00842579 0.00946181 0.0106556 0.0120133 0.0135412 0.0152453 0.0171315 0.0192049 0.0214699 0.0239298 0.0265868 0.0294418 0.0324937 0.0357399 0.0391759 0.0427951 0.0465885 0.0505452 0.0546521 0.0588937 0.0632524 0.0677085 0.0722403 0.0768245 0.081436 0.0860482 0.0906335 0.0951636 0.0996092 0.103941 0.10813 0.112146 0.115961 0.119549 0.122882 0.125936 0.128688 0.131118 0.133206 0.134937 0.136298 0.137277 0.137868 0.138065 0.137868 0.137277 0.136298 0.134937 0.133206 0.131118 0.128688 0.125936 0.122882 0.119549 0.115961 0.112146 0.10813 0.103941 0.0996092 0.0951636 0.0906335 0.0860482 0.081436 0.0768245 0.0722403 0.0677085 0.0632524 0.0588937 0.0546521 0.0505452 0.0465885 0.0427951 0.0391759 0.0357399 0.0324937 0.0294418 0.0265868 0.0239298 0.0214699 0.0192049 0.0171315 0.0152453 0.0135412 0.0120133 0.0106556 0.00946181 0.00842579 0.00754159 0.00680371 0.00620721 0.00574786 0.00542226 0.00522792 
0.00582696 0.00589936 0.00611712 0.00648191 0.00699644 0.00766445 0.00849052 0.00948004 0.010639 0.0119738 0.0134912 0.0151979 0.0171004 0.0192049 0.0215169 0.0240409 0.0267805 0.0297377 0.032913 0.0363051 0.0399108 0.0437247 0.0477392 0.0519441 0.0563272 0.0608735 0.0655658 0.0703845 0.0753077 0.0803114 0.0853697 0.0904549 0.095538 0.100589 0.105576 0.110467 0.11523 0.119834 0.124247 0.128437 0.132375 0.136032 0.139382 0.1424 0.145064 0.147353 0.14925 0.15074 0.151813 0.15246 0.152677 0.15246 0.151813 0.15074 0.14925 0.147353 0.145064 0.1424 0.139382 0.136032 0.132375 0.128437 0.124247 0.119834 0.11523 0.110467 0.105576 0.100589 0.095538 0.0904549 0.0853697 0.0803114 0.0753077 0.0703845 0.0655658 0.0608735 0.0563272 0.0519441 0.0477392 0.0437247 0.0399108 0.0363051 0.032913 0.0297377 0.0267805 0.0240409 0.0215169 0.0192049 0.0171004 0.0151979 0.0134912 0.0119738 0.010639 0.00948004 0.00849052 0.00766445 0.00699644 0.00648191 0.00611712 0.00589936 
0.00655701 0.00663791 0.00688124 0.00728881 0.00786358 0.00860959 0.00953185 0.0106362 0.0119291 0.0134176 0.0151088 0.0170099 0.0191281 0.0214699 0.0240409 0.0268461 0.0298888 0.0331712 0.0366933 0.0404535 0.0444478 0.0486699 0.0531109 0.0577596 0.062602 0.0676213 0.0727984 0.0781115 0.0835362 0.0890461 0.0946127 0.100206 0.105793 0.111341 0.116816 0.122183 0.127408 0.132454 0.137289 0.141878 0.146189 0.150192 0.153857 0.157157 0.160069 0.162571 0.164644 0.166273 0.167445 0.168152 0.168388 0.168152 0.167445 0.166273 0.164644 0.162571 0.160069 0.157157 0.153857 0.150192 0.146189 0.141878 0.137289 0.132454 0.127408 0.122183 0.116816 0.111341 0.105793 0.100206 0.0946127 0.0890461 0.0835362 0.0781115 0.0727984 0.0676213 0.062602 0.0577596 0.0531109 0.0486699 0.0444478 0.0404535 0.0366933 0.0331712 0.0298888 0.0268461 0.0240409 0.0214699 0.0191281 0.0170099 0.0151088 0.0134176 0.0119291 0.0106362 0.00953185 0.00860959 0.00786358 0.00728881 0.00688124 0.00663791 
0.00735558 0.00744571 0.00771679 0.00817078 0.00881089 0.00964151 0.0106681 0.0118969 0.0133349 0.0149897 0.016869 0.0189805 0.0213318 0.0239298 0.0267805 0.0298888 0.0332584 0.0368909 0.0407863 0.0449422 0.0493539 0.0540141 0.0589127 0.0640368 0.0693709 0.0748963 0.0805915 0.0864324 0.0923923 0.0984419 0.10455 0.110683 0.116806 0.122883 0.128876 0.134748 0.140461 0.145977 0.151258 0.156269 0.160975 0.165342 0.169339 0.172938 0.176112 0.178839 0.181098 0.182872 0.184149 0.184919 0.185176 0.184919 0.184149 0.182872 0.181098 0.178839 0.176112 0.172938 0.169339 0.165342 0.160975 0.156269 0.151258 0.145977 0.140461 0.134748 0.128876 0.122883 0.116806 0.110683 0.10455 0.0984419 0.0923923 0.0864324 0.0805915 0.0748963 0.0693709 0.0640368 0.0589127 0.0540141 0.0493539 0.0449422 0.0407863 0.0368909 0.0332584 0.0298888 0.0267805 0.0239298 0.0213318 0.0189805 0.016869 0.0149897 0.0133349 0.0118969 0.0106681 0.00964151 0.00881089 0.00817078 0.00771679 0.00744571 
0.0082244 0.0083245 0.00862553 0.00912961 0.00984023 0.0107621 0.0119011 0.013264 0.0148584 0.0166923 0.0187741 0.0211119 0.0237137 0.0265868 0.0297377 0.0331712 0.0368909 0.0408984 0.0451931 0.049772 0.0546296 0.0597573 0.0651437 0.0707744 0.0766318 0.0826952 0.0889409 0.0953421 0.101869 0.108491 0.115172 0.121876 0.128565 0.1352 0.14174 0.148145 0.154372 0.160381 0.166133 0.171587 0.176707 0.181457 0.185803 0.189715 0.193164 0.196125 0.198579 0.200505 0.201892 0.202728 0.203007 0.202728 0.201892 0.200505 0.198579 0.196125 0.193164 0.189715 0.185803 0.181457 0.176707 0.171587 0.166133 0.160381 0.154372 0.148145 0.14174 0.1352 0.128565 0.121876 0.115172 0.108491 0.101869 0.0953421 0.0889409 0.0826952 0.0766318 0.0707744 0.0651437 0.0597573 0.0546296 0.049772 0.0451931 0.0408984 0.0368909 0.0331712 0.0297377 0.0265868 0.0237137 0.0211119 0.0187741 0.0166923 0.0148584 0.013264 0.0119011 0.0107621 0.00984023 0.00912961 0.00862553 0.0083245 
0.00916476 0.00927557 0.00960875 0.0101666 0.0109529 0.0119727 0.0132323 0.0147391 0.016501 0.0185267 0.0208251 0.023405 0.0262746 0.0294418 0.032913 0.0366933 0.0407863 0.0451931 0.0499127 0.0549414 0.0602725 0.0658963 0.0718 0.0779673 0.0843785 0.0910108 0.0978379 0.10483 0.111956 0.11918 0.126464 0.133769 0.141053 0.148273 0.155387 0.162349 0.169114 0.17564 0.181883 0.187801 0.193353 0.198502 0.203211 0.207448 0.211184 0.21439 0.217046 0.219131 0.220632 0.221536 0.221838 0.221536 0.220632 0.219131 0.217046 0.21439 0.211184 0.207448 0.203211 0.198502 0.193353 0.187801 0.181883 0.17564 0.169114 0.162349 0.155387 0.148273 0.141053 0.133769 0.126464 0.11918 0.111956 0.10483 0.0978379 0.0910108 0.0843785 0.0779673 0.0718 0.0658963 0.0602725 0.0549414 0.0499127 0.0451931 0.0407863 0.0366933 0.032913 0.0294418 0.0262746 0.023405 0.0208251 0.0185267 0.016501 0.0147391 0.0132323 0.0119727 0.0109529 0.0101666 0.00960875 0.00927557 
0.0101774 0.0102997 0.0106672 0.0112825 0.0121496 0.0132739 0.0146622 0.0163223 0.0182629 0.020493 0.0230222 0.0258596 0.0290141 0.0324937 0.0363051 0.0404535 0.0449422 0.049772 0.0549414 0.0604456 0.0662771 0.0724246 0.0788738 0.0856064 0.0926006 0.0998312 0.107269 0.114882 0.122635 0.13049 0.138405 0.146337 0.154243 0.162075 0.169786 0.177328 0.184654 0.191717 0.19847 0.204868 0.210869 0.216432 0.221518 0.226092 0.230124 0.233584 0.236449 0.238698 0.240316 0.241292 0.241618 0.241292 0.240316 0.238698 0.236449 0.233584 0.230124 0.226092 0.221518 0.216432 0.210869 0.204868 0.19847 0.191717 0.184654 0.177328 0.169786 0.162075 0.154243 0.146337 0.138405 0.13049 0.122635 0.114882 0.107269 0.0998312 0.0926006 0.0856064 0.0788738 0.0724246 0.0662771 0.0604456 0.0549414 0.049772 0.0449422 0.0404535 0.0363051 0.0324937 0.0290141 0.0258596 0.0230222 0.020493 0.0182629 0.0163223 0.0146622 0.0132739 0.0121496 0.0112825 0.0106672 0.0102997 
0.0112625 0.0113969 0.011801 0.0124773 0.0134302 0.0146656 0.0161905 0.0180134 0.0201435 0.0225903 0.0253639 0.0284741 0.03193 0.0357399 0.0399108 0.0444478 0.0493539 0.0546296 0.0602725 0.0662771 0.0726344 0.079332 0.0863534 0.0936785 0.101283 0.109139 0.117216 0.125477 0.133884 0.142395 0.150967 0.159553 0.168103 0.176569 0.1849 0.193044 0.20095 0.208567 0.215847 0.222742 0.229205 0.235194 0.240668 0.24559 0.249926 0.253647 0.256727 0.259144 0.260883 0.261932 0.262282 0.261932 0.260883 0.259144 0.256727 0.253647 0.249926 0.24559 0.240668 0.235194 0.229205 0.222742 0.215847 0.208567 0.20095 0.193044 0.1849 0.176569 0.168103 0.159553 0.150967 0.142395 0.133884 0.125477 0.117216 0.109139 0.101283 0.0936785 0.0863534 0.079332 0.0726344 0.0662771 0.0602725 0.0546296 0.0493539 0.0444478 0.0399108 0.0357399 0.03193 0.0284741 0.0253639 0.0225903 0.0201435 0.0180134 0.0161905 0.0146656 0.0134302 0.0124773 0.011801 0.0113969 
0.0124196 0.0125668 0.0130095 0.0137503 0.014794 0.0161467 0.017816 0.0198108 0.0221408 0.0248163 0.0278476 0.0312452 0.0350184 0.0391759 0.0437247 0.0486699 0.0540141 0.0597573 0.0658963 0.0724246 0.079332 0.0866041 0.0942228 0.102166 0.110406 0.118913 0.127653 0.136587 0.145672 0.154865 0.164117 0.173377 0.182594 0.191715 0.200684 0.209447 0.21795 0.226138 0.233959 0.241363 0.248301 0.254726 0.260597 0.265874 0.270522 0.274509 0.277809 0.280398 0.282261 0.283383 0.283758 0.283383 0.282261 0.280398 0.277809 0.274509 0.270522 0.265874 0.260597 0.254726 0.248301 0.241363 0.233959 0.226138 0.21795 0.209447 0.200684 0.191715 0.182594 0.173377 0.164117 0.154865 0.145672 0.136587 0.127653 0.118913 0.110406 0.102166 0.0942228 0.0866041 0.079332 0.0724246 0.0658963 0.0597573 0.0540141 0.0486699 0.0437247 0.0391759 0.0350184 0.0312452 0.0278476 0.0248163 0.0221408 0.0198108 0.017816 0.0161467 0.014794 0.0137503 0.0130095 0.0125668 
0.0136473 0.013808 0.0142913 0.0151001 0.0162392 0.0177153 0.0195364 0.0217118 0.0242519 0.0271673 0.0304691 0.0341679 0.0382736 0.0427951 0.0477392 0.0531109 0.0589127 0.0651437 0.0718 0.0788738 0.0863534 0.0942228 0.102462 0.111045 0.119945 0.129126 0.138552 0.14818 0.157966 0.167861 0.177813 0.187767 0.197669 0.207461 0.217085 0.226483 0.235596 0.244367 0.252741 0.260665 0.268086 0.274956 0.281232 0.28687 0.291834 0.296092 0.299615 0.302379 0.304367 0.305565 0.305965 0.305565 0.304367 0.302379 0.299615 0.296092 0.291834 0.28687 0.281232 0.274956 0.268086 0.260665 0.252741 0.244367 0.235596 0.226483 0.217085 0.207461 0.197669 0.187767 0.177813 0.167861 0.157966 0.14818 0.138552 0.129126 0.119945 0.111045 0.102462 0.0942228 0.0863534 0.0788738 0.0718 0.0651437 0.0589127 0.0531109 0.0477392 0.0427951 0.0382736 0.0341679 0.0304691 0.0271673 0.0242519 0.0217118 0.0195364 0.0177153 0.0162392 0.0151001 0.0142913 0.013808 
0.0149435 0.0151185 0.0156443 0.0165242 0.0177632 0.0193684 0.0213483 0.0237127 0.0264722 0.0296384 0.0332225 0.0372356 0.041688 0.0465885 0.0519441 0.0577596 0.0640368 0.0707744 0.0779673 0.0856064 0.0936785 0.102166 0.111045 0.120291 0.129869 0.139745 0.149877 0.160219 0.170724 0.181338 0.192007 0.202672 0.213274 0.223752 0.234043 0.244087 0.253821 0.263186 0.272121 0.280572 0.288483 0.295804 0.302488 0.308492 0.313777 0.318308 0.322056 0.324997 0.327111 0.328385 0.328811 0.328385 0.327111 0.324997 0.322056 0.318308 0.313777 0.308492 0.302488 0.295804 0.288483 0.280572 0.272121 0.263186 0.253821 0.244087 0.234043 0.223752 0.213274 0.202672 0.192007 0.181338 0.170724 0.160219 0.149877 0.139745 0.129869 0.120291 0.111045 0.102166 0.0936785 0.0856064 0.0779673 0.0707744 0.0640368 0.0577596 0.0519441 0.0465885 0.041688 0.0372356 0.0332225 0.0296384 0.0264722 0.0237127 0.0213483 0.0193684 0.0177632 0.0165242 0.0156443 0.0151185 
0.0163055 0.0164951 0.0170653 0.0180193 0.0193625 0.0211021 0.0232473 0.0258082 0.0287962 0.0322229 0.0361003 0.0404397 0.0452517 0.0505452 0.0563272 0.062602 0.0693709 0.0766318 0.0843785 0.0926006 0.101283 0.110406 0.119945 0.129869 0.140145 0.150732 0.161586 0.172659 0.183898 0.195247 0.206646 0.218034 0.229348 0.240522 0.251491 0.262189 0.272552 0.282516 0.292018 0.301001 0.309406 0.317181 0.324277 0.330648 0.336255 0.34106 0.345035 0.348152 0.350394 0.351744 0.352195 0.351744 0.350394 0.348152 0.345035 0.34106 0.336255 0.330648 0.324277 0.317181 0.309406 0.301001 0.292018 0.282516 0.272552 0.262189 0.251491 0.240522 0.229348 0.218034 0.206646 0.195247 0.183898 0.172659 0.161586 0.150732 0.140145 0.129869 0.119945 0.110406 0.101283 0.0926006 0.0843785 0.0766318 0.0693709 0.062602 0.0563272 0.0505452 0.0452517 0.0404397 0.0361003 0.0322229 0.0287962 0.0258082 0.0232473 0.0211021 0.0193625 0.0180193 0.0170653 0.0164951 
0.0177292 0.0179342 0.0185504 0.0195812 0.0210323 0.0229113 0.0252277 0.0279922 0.0312164 0.0349127 0.0390933 0.0437699 0.0489532 0.0546521 0.0608735 0.0676213 0.0748963 0.0826952 0.0910108 0.0998312 0.109139 0.118913 0.129126 0.139745 0.150732 0.162045 0.173635 0.185451 0.197436 0.209529 0.221669 0.23379 0.245823 0.2577 0.269352 0.28071 0.291706 0.302273 0.312345 0.321861 0.330762 0.338991 0.346499 0.353238 0.359166 0.364246 0.368446 0.37174 0.374108 0.375534 0.376011 0.375534 0.374108 0.37174 0.368446 0.364246 0.359166 0.353238 0.346499 0.338991 0.330762 0.321861 0.312345 0.302273 0.291706 0.28071 0.269352 0.2577 0.245823 0.23379 0.221669 0.209529 0.197436 0.185451 0.173635 0.162045 0.150732 0.139745 0.129126 0.118913 0.109139 0.0998312 0.0910108 0.0826952 0.0748963 0.0676213 0.0608735 0.0546521 0.0489532 0.0437699 0.0390933 0.0349127 0.0312164 0.0279922 0.0252277 0.0229113 0.0210323 0.0195812 0.0185504 0.0179342 
0.0192101 0.0194309 0.0200945 0.0212046 0.022767 0.0247897 0.0272826 0.0302568 0.0337245 0.0376982 0.0421907 0.0472139 0.0527786 0.0588937 0.0655658 0.0727984 0.0805915 0.0889409 0.0978379 0.107269 0.117216 0.127653 0.138552 0.149877 0.161586 0.173635 0.185971 0.198539 0.211278 0.224124 0.237011 0.249868 0.262625 0.275209 0.287548 0.299567 0.311196 0.322366 0.333007 0.343055 0.35245 0.361133 0.36905 0.376154 0.382402 0.387754 0.392178 0.395647 0.39814 0.399642 0.400144 0.399642 0.39814 0.395647 0.392178 0.387754 0.382402 0.376154 0.36905 0.361133 0.35245 0.343055 0.333007 0.322366 0.311196 0.299567 0.287548 0.275209 0.262625 0.249868 0.237011 0.224124 0.211278 0.198539 0.185971 0.173635 0.161586 0.149877 0.138552 0.127653 0.117216 0.107269 0.0978379 0.0889409 0.0805915 0.0727984 0.0655658 0.0588937 0.0527786 0.0472139 0.0421907 0.0376982 0.0337245 0.0302568 0.0272826 0.0247897 0.022767 0.0212046 0.0200945 0.0194309 
0.0207425 0.0209795 0.0216919 0.0228833 0.0245599 0.0267301 0.0294041 0.0325933 0.0363103 0.0405682 0.0453799 0.0507576 0.0567122 0.0632524 0.0703845 0.0781115 0.0864324 0.0953421 0.10483 0.114882 0.125477 0.136587 0.14818 0.160219 0.172659 0.185451 0.198539 0.211863 0.225361 0.238963 0.252599 0.266196 0.279677 0.292968 0.30599 0.318669 0.330929 0.342698 0.353905 0.364482 0.374365 0.383497 0.39182 0.399285 0.405848 0.411468 0.416113 0.419755 0.422372 0.423948 0.424475 0.423948 0.422372 0.419755 0.416113 0.411468 0.405848 0.399285 0.39182 0.383497 0.374365 0.364482 0.353905 0.342698 0.330929 0.318669 0.30599 0.292968 0.279677 0.266196 0.252599 0.238963 0.225361 0.211863 0.198539 0.185451 0.172659 0.160219 0.14818 0.136587 0.125477 0.114882 0.10483 0.0953421 0.0864324 0.0781115 0.0703845 0.0632524 0.0567122 0.0507576 0.0453799 0.0405682 0.0363103 0.0325933 0.0294041 0.0267301 0.0245599 0.0228833 0.0216919 0.0209795 
0.02232 0.0225735 0.0233356 0.0246101 0.0264034 0.0287241 0.0315827 0.0349912 0.0389626 0.04351 0.0486468 0.0543853 0.0607363 0.0677085 0.0753077 0.0835362 0.0923923 0.101869 0.111956 0.122635 0.133884 0.145672 0.157966 0.170724 0.183898 0.197436 0.211278 0.225361 0.239617 0.253975 0.268359 0.282692 0.296894 0.310887 0.324589 0.337922 0.350807 0.363169 0.374934 0.386032 0.396399 0.405971 0.414693 0.422514 0.429386 0.43527 0.440132 0.443943 0.446681 0.44833 0.448881 0.44833 0.446681 0.443943 0.440132 0.43527 0.429386 0.422514 0.414693 0.405971 0.396399 0.386032 0.374934 0.363169 0.350807 0.337922 0.324589 0.310887 0.296894 0.282692 0.268359 0.253975 0.239617 0.225361 0.211278 0.197436 0.183898 0.170724 0.157966 0.145672 0.133884 0.122635 0.111956 0.101869 0.0923923 0.0835362 0.0753077 0.0677085 0.0607363 0.0543853 0.0486468 0.04351 0.0389626 0.0349912 0.0315827 0.0287241 0.0264034 0.0246101 0.0233356 0.0225735 
0.023935 0.0242054 0.025018 0.0263769 0.0282887 0.0307622 0.0338084 0.0374394 0.0416685 0.0465095 0.0519756 0.0580793 0.0648314 0.0722403 0.0803114 0.0890461 0.0984419 0.108491 0.11918 0.13049 0.142395 0.154865 0.167861 0.181338 0.195247 0.209529 0.224124 0.238963 0.253975 0.269083 0.28421 0.299273 0.31419 0.328877 0.34325 0.357228 0.370728 0.383673 0.395987 0.407597 0.418436 0.428441 0.437553 0.44572 0.452895 0.459037 0.46411 0.468085 0.470941 0.472661 0.473236 0.472661 0.470941 0.468085 0.46411 0.459037 0.452895 0.44572 0.437553 0.428441 0.418436 0.407597 0.395987 0.383673 0.370728 0.357228 0.34325 0.328877 0.31419 0.299273 0.28421 0.269083 0.253975 0.238963 0.224124 0.209529 0.195247 0.181338 0.167861 0.154865 0.142395 0.13049 0.11918 0.108491 0.0984419 0.0890461 0.0803114 0.0722403 0.0648314 0.0580793 0.0519756 0.0465095 0.0416685 0.0374394 0.0338084 0.0307622 0.0282887 0.0263769 0.025018 0.0242054 
0.0255794 0.0258668 0.0267305 0.0281747 0.0302062 0.0328341 0.0360695 0.0399251 0.0444143 0.0495512 0.0553492 0.0618207 0.0689765 0.0768245 0.0853697 0.0946127 0.10455 0.115172 0.126464 0.138405 0.150967 0.164117 0.177813 0.192007 0.206646 0.221669 0.237011 0.252599 0.268359 0.28421 0.300069 0.315853 0.331473 0.346843 0.361875 0.376485 0.390589 0.404104 0.416954 0.429063 0.440363 0.450789 0.46028 0.468784 0.476253 0.482643 0.487921 0.492057 0.495027 0.496816 0.497413 0.496816 0.495027 0.492057 0.487921 0.482643 0.476253 0.468784 0.46028 0.450789 0.440363 0.429063 0.416954 0.404104 0.390589 0.376485 0.361875 0.346843 0.331473 0.315853 0.300069 0.28421 0.268359 0.252599 0.237011 0.221669 0.206646 0.192007 0.177813 0.164117 0.150967 0.138405 0.126464 0.115172 0.10455 0.0946127 0.0853697 0.0768245 0.0689765 0.0618207 0.0553492 0.0495512 0.0444143 0.0399251 0.0360695 0.0328341 0.0302062 0.0281747 0.0267305 0.0258668 
0.0272441 0.0275486 0.0284637 0.0299936 0.0321453 0.0349282 0.0383537 0.0424347 0.0471849 0.0526185 0.058749 0.0655889 0.0731487 0.081436 0.0904549 0.100206 0.110683 0.121876 0.133769 0.146337 0.159553 0.173377 0.187767 0.202672 0.218034 0.23379 0.249868 0.266196 0.282692 0.299273 0.315853 0.332342 0.348651 0.364689 0.380365 0.395592 0.410283 0.424353 0.437723 0.450317 0.462064 0.472896 0.482755 0.491584 0.499335 0.505966 0.511441 0.515731 0.518811 0.520665 0.521285 0.520665 0.518811 0.515731 0.511441 0.505966 0.499335 0.491584 0.482755 0.472896 0.462064 0.450317 0.437723 0.424353 0.410283 0.395592 0.380365 0.364689 0.348651 0.332342 0.315853 0.299273 0.282692 0.266196 0.249868 0.23379 0.218034 0.202672 0.187767 0.173377 0.159553 0.146337 0.133769 0.121876 0.110683 0.100206 0.0904549 0.081436 0.0731487 0.0655889 0.058749 0.0526185 0.0471849 0.0424347 0.0383537 0.0349282 0.0321453 0.0299936 0.0284637 0.0275486 
0.0289194 0.029241 0.0302074 0.0318229 0.0340947 0.0370325 0.0406477 0.0449536 0.0499642 0.0556936 0.0621555 0.0693622 0.0773241 0.0860482 0.095538 0.105793 0.116806 0.128565 0.141053 0.154243 0.168103 0.182594 0.197669 0.213274 0.229348 0.245823 0.262625 0.279677 0.296894 0.31419 0.331473 0.348651 0.36563 0.382318 0.39862 0.414445 0.429704 0.444312 0.458185 0.471245 0.483422 0.494646 0.504857 0.513998 0.522021 0.528883 0.534546 0.538983 0.542168 0.544086 0.544726 0.544086 0.542168 0.538983 0.534546 0.528883 0.522021 0.513998 0.504857 0.494646 0.483422 0.471245 0.458185 0.444312 0.429704 0.414445 0.39862 0.382318 0.36563 0.348651 0.331473 0.31419 0.296894 0.279677 0.262625 0.245823 0.229348 0.213274 0.197669 0.182594 0.168103 0.154243 0.141053 0.128565 0.116806 0.105793 0.095538 0.0860482 0.0773241 0.0693622 0.0621555 0.0556936 0.0499642 0.0449536 0.0406477 0.0370325 0.0340947 0.0318229 0.0302074 0.029241 
0.0305949 0.0309335 0.0319508 0.0336514 0.0360425 0.039134 0.0429375 0.0474666 0.0527352 0.0587578 0.065548 0.0731179 0.0814776 0.0906335 0.100589 0.111341 0.122883 0.1352 0.148273 0.162075 0.176569 0.191715 0.207461 0.223752 0.240522 0.2577 0.275209 0.292968 0.310887 0.328877 0.346843 0.364689 0.382318 0.399634 0.41654 0.432942 0.448748 0.463871 0.478227 0.491736 0.504324 0.515923 0.52647 0.535909 0.544191 0.551271 0.557115 0.561691 0.564976 0.566954 0.567614 0.566954 0.564976 0.561691 0.557115 0.551271 0.544191 0.535909 0.52647 0.515923 0.504324 0.491736 0.478227 0.463871 0.448748 0.432942 0.41654 0.399634 0.382318 0.364689 0.346843 0.328877 0.310887 0.292968 0.275209 0.2577 0.240522 0.223752 0.207461 0.191715 0.176569 0.162075 0.148273 0.1352 0.122883 0.111341 0.100589 0.0906335 0.0814776 0.0731179 0.065548 0.0587578 0.0527352 0.0474666 0.0429375 0.039134 0.0360425 0.0336514 0.0319508 0.0309335 
0.0322597 0.0326151 0.0336827 0.0354672 0.037976 0.0412191 0.0452084 0.0499574 0.0554805 0.0617918 0.0689052 0.0768324 0.0855832 0.0951636 0.105576 0.116816 0.128876 0.14174 0.155387 0.169786 0.1849 0.200684 0.217085 0.234043 0.251491 0.269352 0.287548 0.30599 0.324589 0.34325 0.361875 0.380365 0.39862 0.41654 0.434025 0.45098 0.467311 0.482927 0.497743 0.511678 0.524658 0.536613 0.547479 0.557201 0.565728 0.573016 0.579029 0.583737 0.587116 0.589151 0.58983 0.589151 0.587116 0.583737 0.579029 0.573016 0.565728 0.557201 0.547479 0.536613 0.524658 0.511678 0.497743 0.482927 0.467311 0.45098 0.434025 0.41654 0.39862 0.380365 0.361875 0.34325 0.324589 0.30599 0.287548 0.269352 0.251491 0.234043 0.217085 0.200684 0.1849 0.169786 0.155387 0.14174 0.128876 0.116816 0.105576 0.0951636 0.0855832 0.0768324 0.0689052 0.0617918 0.0554805 0.0499574 0.0452084 0.0412191 0.037976 0.0354672 0.0336827 0.0326151 
0.0339026 0.0342743 0.0353913 0.0372581 0.0398823 0.0432739 0.0474452 0.0524096 0.0581817 0.0647756 0.072205 0.0804816 0.0896145 0.0996092 0.110467 0.122183 0.134748 0.148145 0.162349 0.177328 0.193044 0.209447 0.226483 0.244087 0.262189 0.28071 0.299567 0.318669 0.337922 0.357228 0.376485 0.395592 0.414445 0.432942 0.45098 0.468462 0.48529 0.501375 0.516628 0.530967 0.544317 0.556608 0.567775 0.577763 0.58652 0.594003 0.600176 0.605008 0.608476 0.610563 0.61126 0.610563 0.608476 0.605008 0.600176 0.594003 0.58652 0.577763 0.567775 0.556608 0.544317 0.530967 0.516628 0.501375 0.48529 0.468462 0.45098 0.432942 0.414445 0.395592 0.376485 0.357228 0.337922 0.318669 0.299567 0.28071 0.262189 0.244087 0.226483 0.209447 0.193044 0.177328 0.162349 0.148145 0.134748 0.122183 0.110467 0.0996092 0.0896145 0.0804816 0.072205 0.0647756 0.0581817 0.0524096 0.0474452 0.0432739 0.0398823 0.0372581 0.0353913 0.0342743 
0.0355117 0.0358995 0.0370645 0.0390114 0.0417479 0.0452841 0.0496324 0.0548063 0.0608204 0.067689 0.0754254 0.084041 0.0935446 0.103941 0.11523 0.127408 0.140461 0.154372 0.169114 0.184654 0.20095 0.21795 0.235596 0.253821 0.272552 0.291706 0.311196 0.330929 0.350807 0.370728 0.390589 0.410283 0.429704 0.448748 0.467311 0.48529 0.50259 0.519116 0.53478 0.5495 0.563198 0.575804 0.587253 0.597489 0.606462 0.614127 0.620448 0.625396 0.628946 0.631083 0.631796 0.631083 0.628946 0.625396 0.620448 0.614127 0.606462 0.597489 0.587253 0.575804 0.563198 0.5495 0.53478 0.519116 0.50259 0.48529 0.467311 0.448748 0.429704 0.410283 0.390589 0.370728 0.350807 0.330929 0.311196 0.291706 0.272552 0.253821 0.235596 0.21795 0.20095 0.184654 0.169114 0.154372 0.140461 0.127408 0.11523 0.103941 0.0935446 0.084041 0.0754254 0.067689 0.0608204 0.0548063 0.0496324 0.0452841 0.0417479 0.0390114 0.0370645 0.0358995 
0.0370755 0.0374787 0.0386901 0.0407144 0.0435593 0.0472352 0.0517543 0.0571305 0.0633781 0.0705115 0.0785437 0.0874861 0.0973466 0.10813 0.119834 0.132454 0.145977 0.160381 0.17564 0.191717 0.208567 0.226138 0.244367 0.263186 0.282516 0.302273 0.322366 0.342698 0.363169 0.383673 0.404104 0.424353 0.444312 0.463871 0.482927 0.501375 0.519116 0.536056 0.552105 0.567179 0.581202 0.594101 0.605813 0.61628 0.625453 0.633287 0.639746 0.6448 0.648426 0.650609 0.651337 0.650609 0.648426 0.6448 0.639746 0.633287 0.625453 0.61628 0.605813 0.594101 0.581202 0.567179 0.552105 0.536056 0.519116 0.501375 0.482927 0.463871 0.444312 0.424353 0.404104 0.383673 0.363169 0.342698 0.322366 0.302273 0.282516 0.263186 0.244367 0.226138 0.208567 0.191717 0.17564 0.160381 0.145977 0.132454 0.119834 0.10813 0.0973466 0.0874861 0.0785437 0.0705115 0.0633781 0.0571305 0.0517543 0.0472352 0.0435593 0.0407144 0.0386901 0.0374787 
0.0385819 0.039 0.0402558 0.0423543 0.0453031 0.0491127 0.0537954 0.0593652 0.0658363 0.0732229 0.081538 0.0907925 0.100994 0.112146 0.124247 0.137289 0.151258 0.166133 0.181883 0.19847 0.215847 0.233959 0.252741 0.272121 0.292018 0.312345 0.333007 0.353905 0.374934 0.395987 0.416954 0.437723 0.458185 0.478227 0.497743 0.516628 0.53478 0.552105 0.568511 0.583915 0.598238 0.611408 0.623362 0.634043 0.643399 0.651388 0.657974 0.663126 0.666822 0.669047 0.669789 0.669047 0.666822 0.663126 0.657974 0.651388 0.643399 0.634043 0.623362 0.611408 0.598238 0.583915 0.568511 0.552105 0.53478 0.516628 0.497743 0.478227 0.458185 0.437723 0.416954 0.395987 0.374934 0.353905 0.333007 0.312345 0.292018 0.272121 0.252741 0.233959 0.215847 0.19847 0.181883 0.166133 0.151258 0.137289 0.124247 0.112146 0.100994 0.0907925 0.081538 0.0732229 0.0658363 0.0593652 0.0537954 0.0491127 0.0453031 0.0423543 0.0402558 0.039 
0.0400195 0.0404516 0.0417496 0.0439184 0.0469658 0.0509023 0.0557403 0.0614936 0.0681765 0.0758032 0.0843863 0.0939364 0.10446 0.115961 0.128437 0.141878 0.156269 0.171587 0.187801 0.204868 0.222742 0.241363 0.260665 0.280572 0.301001 0.321861 0.343055 0.364482 0.386032 0.407597 0.429063 0.450317 0.471245 0.491736 0.511678 0.530967 0.5495 0.567179 0.583915 0.599621 0.614219 0.627639 0.639815 0.65069 0.660214 0.668345 0.675046 0.680288 0.684048 0.68631 0.687065 0.68631 0.684048 0.680288 0.675046 0.668345 0.660214 0.65069 0.639815 0.627639 0.614219 0.599621 0.583915 0.567179 0.5495 0.530967 0.511678 0.491736 0.471245 0.450317 0.429063 0.407597 0.386032 0.364482 0.343055 0.321861 0.301001 0.280572 0.260665 0.241363 0.222742 0.204868 0.187801 0.171587 0.156269 0.141878 0.128437 0.115961 0.10446 0.0939364 0.0843863 0.0758032 0.0681765 0.0614936 0.0557403 0.0509023 0.0469658 0.0439184 0.0417496 0.0404516 
0.0413765 0.0418219 0.0431596 0.0453945 0.0485345 0.0525902 0.0575739 0.0634995 0.0703813 0.0782331 0.0870675 0.0968946 0.107721 0.119549 0.132375 0.146189 0.160975 0.176707 0.193353 0.210869 0.229205 0.248301 0.268086 0.288483 0.309406 0.330762 0.35245 0.374365 0.396399 0.418436 0.440363 0.462064 0.483422 0.504324 0.524658 0.544317 0.563198 0.581202 0.598238 0.614219 0.629069 0.642714 0.655092 0.666143 0.67582 0.684079 0.690884 0.696206 0.700024 0.702321 0.703087 0.702321 0.700024 0.696206 0.690884 0.684079 0.67582 0.666143 0.655092 0.642714 0.629069 0.614219 0.598238 0.581202 0.563198 0.544317 0.524658 0.504324 0.483422 0.462064 0.440363 0.418436 0.396399 0.374365 0.35245 0.330762 0.309406 0.288483 0.268086 0.248301 0.229205 0.210869 0.193353 0.176707 0.160975 0.146189 0.132375 0.119549 0.107721 0.0968946 0.0870675 0.0782331 0.0703813 0.0634995 0.0575739 0.0525902 0.0485345 0.0453945 0.0431596 0.0418219 
