3.59711e-21 6.99369e-21 2.30773e-20 7.88363e-20 2.63482e-19 8.57576e-19 2.71687e-18 8.37636e-18 2.51283e-17 7.33394e-17 2.08223e-16 5.75047e-16 1.54468e-15 4.03575e-15 1.02557e-14 2.53504e-14 6.09553e-14 1.4259e-13 3.24545e-13 7.18836e-13 1.5496e-12 3.25173e-12 6.6432e-12 1.32151e-11 2.56004e-11 4.82999e-11 8.87566e-11 1.58865e-10 2.76972e-10 4.70344e-10 7.77947e-10 1.25317e-09 1.96586e-09 3.0028e-09 4.46553e-09 6.46435e-09 9.10789e-09 1.24881e-08 1.66621e-08 2.16332e-08 2.73357e-08 3.36272e-08 4.02926e-08 4.706e-08 5.3628e-08 5.96973e-08 6.49998e-08 6.93197e-08 7.2501e-08 7.44447e-08 7.5098e-08 7.44447e-08 7.2501e-08 6.93197e-08 6.49998e-08 5.96973e-08 5.3628e-08 4.706e-08 4.02926e-08 3.36272e-08 2.73357e-08 2.16332e-08 1.66621e-08 1.24881e-08 9.10789e-09 6.46435e-09 4.46553e-09 3.0028e-09 1.96586e-09 1.25317e-09 7.77947e-10 4.70344e-10 2.76972e-10 1.58865e-10 8.87566e-11 4.82999e-11 2.56004e-11 1.32151e-11 6.6432e-12 3.25173e-12 1.5496e-12 7.18836e-13 3.24545e-13 1.4259e-13 6.09553e-14 2.53504e-14 1.02557e-14 4.03575e-15 1.54468e-15 5.75047e-16 2.08223e-16 7.33394e-17 2.51283e-17 8.37636e-18 2.71687e-18 8.57576e-19 2.63482e-19 7.88363e-20 2.30773e-20 6.99369e-21 
6.99369e-21 1.35464e-20 4.44817e-20 1.51283e-19 5.03405e-19 1.63133e-18 5.14559e-18 1.57946e-17 4.71725e-17 1.37062e-16 3.87385e-16 1.06495e-15 2.84737e-15 7.40429e-15 1.87261e-14 4.60631e-14 1.10213e-13 2.56529e-13 5.80919e-13 1.28009e-12 2.74524e-12 5.73078e-12 1.1647e-11 2.30487e-11 4.442e-11 8.33797e-11 1.52451e-10 2.71531e-10 4.7113e-10 7.96335e-10 1.31122e-09 2.10308e-09 3.2855e-09 4.99885e-09 7.40638e-09 1.06844e-08 1.50051e-08 2.05129e-08 2.72949e-08 3.53515e-08 4.45726e-08 5.47258e-08 6.54635e-08 7.63492e-08 8.69007e-08 9.66406e-08 1.05143e-07 1.12064e-07 1.17159e-07 1.20271e-07 1.21317e-07 1.20271e-07 1.17159e-07 1.12064e-07 1.05143e-07 9.66406e-08 8.69007e-08 7.63492e-08 6.54635e-08 5.47258e-08 4.45726e-08 3.53515e-08 2.72949e-08 2.05129e-08 1.50051e-08 1.06844e-08 7.40638e-09 4.99885e-09 3.2855e-09 2.10308e-09 1.31122e-09 7.96335e-10 4.7113e-10 2.71531e-10 1.52451e-10 8.33797e-11 4.442e-11 2.30487e-11 1.1647e-11 5.73078e-12 2.74524e-12 1.28009e-12 5.80919e-13 2.56529e-13 1.10213e-13 4.60631e-14 1.87261e-14 7.40429e-15 2.84737e-15 1.06495e-15 3.87385e-16 1.37062e-16 4.71725e-17 1.57946e-17 5.14559e-18 1.63133e-18 5.03405e-19 1.51283e-19 4.44817e-20 1.35464e-20 
2.30773e-20 4.44817e-20 1.45139e-19 4.90772e-19 1.62378e-18 5.23202e-18 1.64084e-17 5.00749e-17 1.48682e-16 4.29453e-16 1.20652e-15 3.29664e-15 8.75984e-15 2.26357e-14 5.68804e-14 1.39001e-13 3.30366e-13 7.63724e-13 1.71753e-12 3.75808e-12 8.00213e-12 1.65846e-11 3.34619e-11 6.57389e-11 1.25776e-10 2.34393e-10 4.25516e-10 7.5258e-10 1.29684e-09 2.17735e-09 3.56191e-09 5.67726e-09 8.81602e-09 1.33367e-08 1.96529e-08 2.82067e-08 3.94253e-08 5.36601e-08 7.11145e-08 9.17705e-08 1.15331e-07 1.41196e-07 1.68477e-07 1.96072e-07 2.22767e-07 2.47369e-07 2.68816e-07 2.86259e-07 2.99088e-07 3.0692e-07 3.09551e-07 3.0692e-07 2.99088e-07 2.86259e-07 2.68816e-07 2.47369e-07 2.22767e-07 1.96072e-07 1.68477e-07 1.41196e-07 1.15331e-07 9.17705e-08 7.11145e-08 5.36601e-08 3.94253e-08 2.82067e-08 1.96529e-08 1.33367e-08 8.81602e-09 5.67726e-09 3.56191e-09 2.17735e-09 1.29684e-09 7.5258e-10 4.25516e-10 2.34393e-10 1.25776e-10 6.57389e-11 3.34619e-11 1.65846e-11 8.00213e-12 3.75808e-12 1.71753e-12 7.63724e-13 3.30366e-13 1.39001e-13 5.68804e-14 2.26357e-14 8.75984e-15 3.29664e-15 1.20652e-15 4.29453e-16 1.48682e-16 5.00749e-17 1.64084e-17 5.23202e-18 1.62378e-18 4.90772e-19 1.45139e-19 4.44817e-20 
7.88363e-20 1.51283e-19 4.90772e-19 1.65074e-18 5.43334e-18 1.74159e-17 5.4333e-17 1.6494e-16 4.87135e-16 1.39947e-15 3.91027e-15 1.06251e-14 2.8074e-14 7.21276e-14 1.80186e-13 4.37699e-13 1.03394e-12 2.37534e-12 5.30797e-12 1.15393e-11 2.44096e-11 5.02537e-11 1.00715e-10 1.96533e-10 3.73491e-10 6.91363e-10 1.24676e-09 2.19063e-09 3.75062e-09 6.25769e-09 1.01746e-08 1.61217e-08 2.48935e-08 3.74554e-08 5.49118e-08 7.84325e-08 1.09135e-07 1.47922e-07 1.95291e-07 2.51146e-07 3.14649e-07 3.84159e-07 4.57293e-07 5.31104e-07 6.02378e-07 6.6796e-07 7.25058e-07 7.71449e-07 8.05545e-07 8.26348e-07 8.33336e-07 8.26348e-07 8.05545e-07 7.71449e-07 7.25058e-07 6.6796e-07 6.02378e-07 5.31104e-07 4.57293e-07 3.84159e-07 3.14649e-07 2.51146e-07 1.95291e-07 1.47922e-07 1.09135e-07 7.84325e-08 5.49118e-08 3.74554e-08 2.48935e-08 1.61217e-08 1.01746e-08 6.25769e-09 3.75062e-09 2.19063e-09 1.24676e-09 6.91363e-10 3.73491e-10 1.96533e-10 1.00715e-10 5.02537e-11 2.44096e-11 1.15393e-11 5.30797e-12 2.37534e-12 1.03394e-12 4.37699e-13 1.80186e-13 7.21276e-14 2.8074e-14 1.06251e-14 3.91027e-15 1.39947e-15 4.87135e-16 1.6494e-16 5.4333e-17 1.74159e-17 5.43334e-18 1.65074e-18 4.90772e-19 1.51283e-19 
2.63482e-19 5.03405e-19 1.62378e-18 5.43334e-18 1.77923e-17 5.67393e-17 1.76102e-16 5.3183e-16 1.56251e-15 4.46513e-15 1.24093e-14 3.35354e-14 8.8118e-14 2.25116e-13 5.59139e-13 1.35025e-12 3.17043e-12 7.23895e-12 1.60749e-11 3.4723e-11 7.29744e-11 1.49247e-10 2.9712e-10 5.75905e-10 1.08709e-09 1.9988e-09 3.58053e-09 6.24983e-09 1.06314e-08 1.76259e-08 2.84827e-08 4.48633e-08 6.88782e-08 1.03071e-07 1.50327e-07 2.13672e-07 2.95961e-07 3.99456e-07 5.25336e-07 6.73217e-07 8.40791e-07 1.02368e-06 1.2156e-06 1.40887e-06 1.59513e-06 1.76625e-06 1.91503e-06 2.03579e-06 2.12447e-06 2.17855e-06 2.19671e-06 2.17855e-06 2.12447e-06 2.03579e-06 1.91503e-06 1.76625e-06 1.59513e-06 1.40887e-06 1.2156e-06 1.02368e-06 8.40791e-07 6.73217e-07 5.25336e-07 3.99456e-07 2.95961e-07 2.13672e-07 1.50327e-07 1.03071e-07 6.88782e-08 4.48633e-08 2.84827e-08 1.76259e-08 1.06314e-08 6.24983e-09 3.58053e-09 1.9988e-09 1.08709e-09 5.75905e-10 2.9712e-10 1.49247e-10 7.29744e-11 3.4723e-11 1.60749e-11 7.23895e-12 3.17043e-12 1.35025e-12 5.59139e-13 2.25116e-13 8.8118e-14 3.35354e-14 1.24093e-14 4.46513e-15 1.56251e-15 5.3183e-16 1.76102e-16 5.67393e-17 1.77923e-17 5.43334e-18 1.62378e-18 5.03405e-19 
8.57576e-19 1.63133e-18 5.23202e-18 1.74159e-17 5.67393e-17 1.80014e-16 5.55837e-16 1.66993e-15 4.88057e-15 1.38733e-14 3.83493e-14 1.03073e-13 2.69335e-13 6.84186e-13 1.68957e-12 4.05604e-12 9.46628e-12 2.14807e-11 4.73997e-11 1.01727e-10 2.12387e-10 4.31476e-10 8.53168e-10 1.6424e-09 3.07897e-09 5.62239e-09 1.00029e-08 1.73423e-08 2.93043e-08 4.8268e-08 7.75051e-08 1.2133e-07 1.85178e-07 2.75542e-07 3.99716e-07 5.65274e-07 7.79267e-07 1.04716e-06 1.3716e-06 1.75127e-06 2.18001e-06 2.64648e-06 3.13466e-06 3.6251e-06 4.09682e-06 4.52943e-06 4.90506e-06 5.2096e-06 5.43306e-06 5.56926e-06 5.61499e-06 5.56926e-06 5.43306e-06 5.2096e-06 4.90506e-06 4.52943e-06 4.09682e-06 3.6251e-06 3.13466e-06 2.64648e-06 2.18001e-06 1.75127e-06 1.3716e-06 1.04716e-06 7.79267e-07 5.65274e-07 3.99716e-07 2.75542e-07 1.85178e-07 1.2133e-07 7.75051e-08 4.8268e-08 2.93043e-08 1.73423e-08 1.00029e-08 5.62239e-09 3.07897e-09 1.6424e-09 8.53168e-10 4.31476e-10 2.12387e-10 1.01727e-10 4.73997e-11 2.14807e-11 9.46628e-12 4.05604e-12 1.68957e-12 6.84186e-13 2.69335e-13 1.03073e-13 3.83493e-14 1.38733e-14 4.88057e-15 1.66993e-15 5.55837e-16 1.80014e-16 5.67393e-17 1.74159e-17 5.23202e-18 1.63133e-18 
2.71687e-18 5.14559e-18 1.64084e-17 5.4333e-17 1.76102e-16 5.55837e-16 1.70741e-15 5.10296e-15 1.48356e-14 4.19471e-14 1.15328e-13 3.08275e-13 8.01054e-13 2.02335e-12 4.9676e-12 1.18547e-11 2.74991e-11 6.20124e-11 1.35965e-10 2.89901e-10 6.01229e-10 1.21314e-09 2.38225e-09 4.55402e-09 8.47736e-09 1.53713e-08 2.71554e-08 4.67522e-08 7.84578e-08 1.2836e-07 2.04757e-07 3.18496e-07 4.83115e-07 7.1464e-07 1.0309e-06 1.45019e-06 1.98928e-06 2.66086e-06 3.47057e-06 4.41426e-06 5.47598e-06 6.62736e-06 7.82886e-06 9.03291e-06 1.01885e-05 1.12464e-05 1.21636e-05 1.29063e-05 1.34507e-05 1.37824e-05 1.38937e-05 1.37824e-05 1.34507e-05 1.29063e-05 1.21636e-05 1.12464e-05 1.01885e-05 9.03291e-06 7.82886e-06 6.62736e-06 5.47598e-06 4.41426e-06 3.47057e-06 2.66086e-06 1.98928e-06 1.45019e-06 1.0309e-06 7.1464e-07 4.83115e-07 3.18496e-07 2.04757e-07 1.2836e-07 7.84578e-08 4.67522e-08 2.71554e-08 1.53713e-08 8.47736e-09 4.55402e-09 2.38225e-09 1.21314e-09 6.01229e-10 2.89901e-10 1.35965e-10 6.20124e-11 2.74991e-11 1.18547e-11 4.9676e-12 2.02335e-12 8.01054e-13 3.08275e-13 1.15328e-13 4.19471e-14 1.48356e-14 5.10296e-15 1.70741e-15 5.55837e-16 1.76102e-16 5.4333e-17 1.64084e-17 5.14559e-18 
8.37636e-18 1.57946e-17 5.00749e-17 1.6494e-16 5.3183e-16 1.66993e-15 5.10296e-15 1.51713e-14 4.38736e-14 1.23387e-13 3.37398e-13 8.96909e-13 2.31757e-12 5.82039e-12 1.42064e-11 3.36994e-11 7.76933e-11 1.74103e-10 3.79272e-10 8.03333e-10 1.65479e-09 3.31597e-09 6.46586e-09 1.22724e-08 2.2681e-08 4.08283e-08 7.16075e-08 1.22398e-07 2.03946e-07 3.31335e-07 5.24935e-07 8.11119e-07 1.22249e-06 1.79726e-06 2.57747e-06 3.60575e-06 4.92054e-06 6.55e-06 8.50531e-06 1.07743e-05 1.33172e-05 1.60653e-05 1.89243e-05 2.17817e-05 2.45178e-05 2.70177e-05 2.91817e-05 3.09317e-05 3.22136e-05 3.29939e-05 3.32557e-05 3.29939e-05 3.22136e-05 3.09317e-05 2.91817e-05 2.70177e-05 2.45178e-05 2.17817e-05 1.89243e-05 1.60653e-05 1.33172e-05 1.07743e-05 8.50531e-06 6.55e-06 4.92054e-06 3.60575e-06 2.57747e-06 1.79726e-06 1.22249e-06 8.11119e-07 5.24935e-07 3.31335e-07 2.03946e-07 1.22398e-07 7.16075e-08 4.08283e-08 2.2681e-08 1.22724e-08 6.46586e-09 3.31597e-09 1.65479e-09 8.03333e-10 3.79272e-10 1.74103e-10 7.76933e-11 3.36994e-11 1.42064e-11 5.82039e-12 2.31757e-12 8.96909e-13 3.37398e-13 1.23387e-13 4.38736e-14 1.51713e-14 5.10296e-15 1.66993e-15 5.3183e-16 1.6494e-16 5.00749e-17 1.57946e-17 
2.51283e-17 4.71725e-17 1.48682e-16 4.87135e-16 1.56251e-15 4.88057e-15 1.48356e-14 4.38736e-14 1.262e-13 3.53002e-13 9.59993e-13 2.5378e-12 6.5205e-12 1.62814e-11 3.95056e-11 9.31474e-11 2.13422e-10 4.75224e-10 1.0285e-09 2.1639e-09 4.4269e-09 8.80869e-09 1.70534e-08 3.21324e-08 5.89475e-08 1.05325e-07 1.83352e-07 3.11079e-07 5.14528e-07 8.29867e-07 1.30545e-06 2.00325e-06 2.99909e-06 4.38092e-06 6.24434e-06 8.68499e-06 1.17875e-05 1.56116e-05 2.01774e-05 2.54517e-05 3.13382e-05 3.76763e-05 4.42486e-05 5.07987e-05 5.70556e-05 6.27605e-05 6.76902e-05 7.16717e-05 7.45849e-05 7.63571e-05 7.69515e-05 7.63571e-05 7.45849e-05 7.16717e-05 6.76902e-05 6.27605e-05 5.70556e-05 5.07987e-05 4.42486e-05 3.76763e-05 3.13382e-05 2.54517e-05 2.01774e-05 1.56116e-05 1.17875e-05 8.68499e-06 6.24434e-06 4.38092e-06 2.99909e-06 2.00325e-06 1.30545e-06 8.29867e-07 5.14528e-07 3.11079e-07 1.83352e-07 1.05325e-07 5.89475e-08 3.21324e-08 1.70534e-08 8.80869e-09 4.4269e-09 2.1639e-09 1.0285e-09 4.75224e-10 2.13422e-10 9.31474e-11 3.95056e-11 1.62814e-11 6.5205e-12 2.5378e-12 9.59993e-13 3.53002e-13 1.262e-13 4.38736e-14 1.48356e-14 4.88057e-15 1.56251e-15 4.87135e-16 1.48682e-16 4.71725e-17 
7.33394e-17 1.37062e-16 4.29453e-16 1.39947e-15 4.46513e-15 1.38733e-14 4.19471e-14 1.23387e-13 3.53002e-13 9.82019e-13 2.65587e-12 6.98159e-12 1.78359e-11 4.42762e-11 1.06794e-10 2.5027e-10 5.69846e-10 1.26073e-09 2.71056e-09 5.66424e-09 1.15073e-08 2.27342e-08 4.36921e-08 8.17144e-08 1.48776e-07 2.63802e-07 4.55719e-07 7.67267e-07 1.25942e-06 2.01604e-06 3.14805e-06 4.79611e-06 7.1304e-06 1.0346e-05 1.46524e-05 2.02558e-05 2.73348e-05 3.60103e-05 4.63137e-05 5.81581e-05 7.13195e-05 8.54351e-05 0.000100022 0.000114515 0.000128323 0.000140886 0.000151721 0.00016046 0.000166847 0.000170729 0.000172031 0.000170729 0.000166847 0.00016046 0.000151721 0.000140886 0.000128323 0.000114515 0.000100022 8.54351e-05 7.13195e-05 5.81581e-05 4.63137e-05 3.60103e-05 2.73348e-05 2.02558e-05 1.46524e-05 1.0346e-05 7.1304e-06 4.79611e-06 3.14805e-06 2.01604e-06 1.25942e-06 7.67267e-07 4.55719e-07 2.63802e-07 1.48776e-07 8.17144e-08 4.36921e-08 2.27342e-08 1.15073e-08 5.66424e-09 2.71056e-09 1.26073e-09 5.69846e-10 2.5027e-10 1.06794e-10 4.42762e-11 1.78359e-11 6.98159e-12 2.65587e-12 9.82019e-13 3.53002e-13 1.23387e-13 4.19471e-14 1.38733e-14 4.46513e-15 1.39947e-15 4.29453e-16 1.37062e-16 
2.08223e-16 3.87385e-16 1.20652e-15 3.91027e-15 1.24093e-14 3.83493e-14 1.15328e-13 3.37398e-13 9.59993e-13 2.65587e-12 7.14263e-12 1.86696e-11 4.742e-11 1.17024e-10 2.80566e-10 6.53454e-10 1.47847e-09 3.24977e-09 6.94036e-09 1.44037e-08 2.90558e-08 5.69879e-08 1.0871e-07 2.01772e-07 3.6453e-07 6.41312e-07 1.09914e-06 1.83595e-06 2.98991e-06 4.74891e-06 7.35868e-06 1.11272e-05 1.64228e-05 2.36624e-05 3.32871e-05 4.5724e-05 6.13339e-05 8.03482e-05 0.000102803 0.000128484 0.000156888 0.000187223 0.000218455 0.000249387 0.000278775 0.000305447 0.000328409 0.000346897 0.000360394 0.000368592 0.000371339 0.000368592 0.000360394 0.000346897 0.000328409 0.000305447 0.000278775 0.000249387 0.000218455 0.000187223 0.000156888 0.000128484 0.000102803 8.03482e-05 6.13339e-05 4.5724e-05 3.32871e-05 2.36624e-05 1.64228e-05 1.11272e-05 7.35868e-06 4.74891e-06 2.98991e-06 1.83595e-06 1.09914e-06 6.41312e-07 3.6453e-07 2.01772e-07 1.0871e-07 5.69879e-08 2.90558e-08 1.44037e-08 6.94036e-09 3.24977e-09 1.47847e-09 6.53454e-10 2.80566e-10 1.17024e-10 4.742e-11 1.86696e-11 7.14263e-12 2.65587e-12 9.59993e-13 3.37398e-13 1.15328e-13 3.83493e-14 1.24093e-14 3.91027e-15 1.20652e-15 3.87385e-16 
5.75047e-16 1.06495e-15 3.29664e-15 1.06251e-14 3.35354e-14 1.03073e-13 3.08275e-13 8.96909e-13 2.5378e-12 6.98159e-12 1.86696e-11 4.85183e-11 1.22514e-10 3.0054e-10 7.16159e-10 1.65758e-09 3.72638e-09 8.13702e-09 1.72604e-08 3.55723e-08 7.12444e-08 1.38705e-07 2.62594e-07 4.83617e-07 8.66826e-07 1.51277e-06 2.57171e-06 4.26069e-06 6.88227e-06 1.0843e-05 1.66681e-05 2.50079e-05 3.66299e-05 5.23909e-05 7.31838e-05 9.98561e-05 0.000133103 0.000173339 0.000220573 0.000274297 0.000333422 0.000396288 0.000460756 0.000524383 0.000584652 0.000639214 0.000686085 0.000723762 0.000751231 0.000767903 0.000773487 0.000767903 0.000751231 0.000723762 0.000686085 0.000639214 0.000584652 0.000524383 0.000460756 0.000396288 0.000333422 0.000274297 0.000220573 0.000173339 0.000133103 9.98561e-05 7.31838e-05 5.23909e-05 3.66299e-05 2.50079e-05 1.66681e-05 1.0843e-05 6.88227e-06 4.26069e-06 2.57171e-06 1.51277e-06 8.66826e-07 4.83617e-07 2.62594e-07 1.38705e-07 7.12444e-08 3.55723e-08 1.72604e-08 8.13702e-09 3.72638e-09 1.65758e-09 7.16159e-10 3.0054e-10 1.22514e-10 4.85183e-11 1.86696e-11 6.98159e-12 2.5378e-12 8.96909e-13 3.08275e-13 1.03073e-13 3.35354e-14 1.06251e-14 3.29664e-15 1.06495e-15 
1.54468e-15 2.84737e-15 8.75984e-15 2.8074e-14 8.8118e-14 2.69335e-13 8.01054e-13 2.31757e-12 6.5205e-12 1.78359e-11 4.742e-11 1.22514e-10 3.0752e-10 7.49817e-10 1.7757e-09 4.08396e-09 9.12158e-09 1.97855e-08 4.16817e-08 8.52969e-08 1.69591e-07 3.27704e-07 6.15631e-07 1.12485e-06 1.99989e-06 3.46148e-06 5.83553e-06 9.5869e-06 1.53555e-05 2.39902e-05 3.65735e-05 5.44275e-05 7.90912e-05 0.000112256 0.000155655 0.000210896 0.000279251 0.00036141 0.000457248 0.000565618 0.00068425 0.000809789 0.000937982 0.00106403 0.00118305 0.0012905 0.0013826 0.00145649 0.00151029 0.00154292 0.00155384 0.00154292 0.00151029 0.00145649 0.0013826 0.0012905 0.00118305 0.00106403 0.000937982 0.000809789 0.00068425 0.000565618 0.000457248 0.00036141 0.000279251 0.000210896 0.000155655 0.000112256 7.90912e-05 5.44275e-05 3.65735e-05 2.39902e-05 1.53555e-05 9.5869e-06 5.83553e-06 3.46148e-06 1.99989e-06 1.12485e-06 6.15631e-07 3.27704e-07 1.69591e-07 8.52969e-08 4.16817e-08 1.97855e-08 9.12158e-09 4.08396e-09 1.7757e-09 7.49817e-10 3.0752e-10 1.22514e-10 4.742e-11 1.78359e-11 6.5205e-12 2.31757e-12 8.01054e-13 2.69335e-13 8.8118e-14 2.8074e-14 8.75984e-15 2.84737e-15 
4.03575e-15 7.40429e-15 2.26357e-14 7.21276e-14 2.25116e-13 6.84186e-13 2.02335e-12 5.82039e-12 1.62814e-11 4.42762e-11 1.17024e-10 3.0054e-10 7.49817e-10 1.81699e-09 4.27593e-09 9.77107e-09 2.16802e-08 4.67081e-08 9.77149e-08 1.9853e-07 3.91812e-07 7.51345e-07 1.40043e-06 2.53821e-06 4.47549e-06 7.68111e-06 1.28384e-05 2.09092e-05 3.31999e-05 5.14194e-05 7.77167e-05 0.000114678 0.000165269 0.000232692 0.000320166 0.000430597 0.000566186 0.000727977 0.000915428 0.00112607 0.00135536 0.00159676 0.00184215 0.00208248 0.00230861 0.00251216 0.0026862 0.00282557 0.00292689 0.00298827 0.00300881 0.00298827 0.00292689 0.00282557 0.0026862 0.00251216 0.00230861 0.00208248 0.00184215 0.00159676 0.00135536 0.00112607 0.000915428 0.000727977 0.000566186 0.000430597 0.000320166 0.000232692 0.000165269 0.000114678 7.77167e-05 5.14194e-05 3.31999e-05 2.09092e-05 1.28384e-05 7.68111e-06 4.47549e-06 2.53821e-06 1.40043e-06 7.51345e-07 3.91812e-07 1.9853e-07 9.77149e-08 4.67081e-08 2.16802e-08 9.77107e-09 4.27593e-09 1.81699e-09 7.49817e-10 3.0054e-10 1.17024e-10 4.42762e-11 1.62814e-11 5.82039e-12 2.02335e-12 6.84186e-13 2.25116e-13 7.21276e-14 2.26357e-14 7.40429e-15 
1.02557e-14 1.87261e-14 5.68804e-14 1.80186e-13 5.59139e-13 1.68957e-12 4.9676e-12 1.42064e-11 3.95056e-11 1.06794e-10 2.80566e-10 7.16159e-10 1.7757e-09 4.27593e-09 9.99812e-09 2.26975e-08 5.00241e-08 1.07032e-07 2.2233e-07 4.48425e-07 8.78356e-07 1.67131e-06 3.09031e-06 5.55506e-06 9.71241e-06 1.65253e-05 2.73783e-05 4.41929e-05 6.95412e-05 0.000106739 0.00015989 0.000233858 0.000334122 0.000466492 0.000636672 0.000849658 0.00110901 0.0014161 0.00176933 0.00216363 0.00259023 0.00303692 0.00348877 0.00392941 0.00434248 0.00471313 0.0050292 0.00528176 0.00546509 0.00557602 0.00561312 0.00557602 0.00546509 0.00528176 0.0050292 0.00471313 0.00434248 0.00392941 0.00348877 0.00303692 0.00259023 0.00216363 0.00176933 0.0014161 0.00110901 0.000849658 0.000636672 0.000466492 0.000334122 0.000233858 0.00015989 0.000106739 6.95412e-05 4.41929e-05 2.73783e-05 1.65253e-05 9.71241e-06 5.55506e-06 3.09031e-06 1.67131e-06 8.78356e-07 4.48425e-07 2.2233e-07 1.07032e-07 5.00241e-08 2.26975e-08 9.99812e-09 4.27593e-09 1.7757e-09 7.16159e-10 2.80566e-10 1.06794e-10 3.95056e-11 1.42064e-11 4.9676e-12 1.68957e-12 5.59139e-13 1.80186e-13 5.68804e-14 1.87261e-14 
2.53504e-14 4.60631e-14 1.39001e-13 4.37699e-13 1.35025e-12 4.05604e-12 1.18547e-11 3.36994e-11 9.31474e-11 2.5027e-10 6.53454e-10 1.65758e-09 4.08396e-09 9.77107e-09 2.26975e-08 5.11833e-08 1.12034e-07 2.38029e-07 4.90884e-07 9.82743e-07 1.91025e-06 3.60615e-06 6.61374e-06 1.17892e-05 2.04348e-05 3.44625e-05 5.65816e-05 9.04963e-05 0.000141088 0.000214547 0.000318413 0.00046146 0.000653387 0.000904262 0.00122371 0.00161983 0.00209799 0.00265949 0.0033004 0.00401076 0.00477434 0.00556918 0.00636901 0.00714539 0.00787027 0.00851849 0.00906968 0.00950911 0.00982753 0.01002 0.0100843 0.01002 0.00982753 0.00950911 0.00906968 0.00851849 0.00787027 0.00714539 0.00636901 0.00556918 0.00477434 0.00401076 0.0033004 0.00265949 0.00209799 0.00161983 0.00122371 0.000904262 0.000653387 0.00046146 0.000318413 0.000214547 0.000141088 9.04963e-05 5.65816e-05 3.44625e-05 2.04348e-05 1.17892e-05 6.61374e-06 3.60615e-06 1.91025e-06 9.82743e-07 4.90884e-07 2.38029e-07 1.12034e-07 5.11833e-08 2.26975e-08 9.77107e-09 4.08396e-09 1.65758e-09 6.53454e-10 2.5027e-10 9.31474e-11 3.36994e-11 1.18547e-11 4.05604e-12 1.35025e-12 4.37699e-13 1.39001e-13 4.60631e-14 
6.09553e-14 1.10213e-13 3.30366e-13 1.03394e-12 3.17043e-12 9.46628e-12 2.74991e-11 7.76933e-11 2.13422e-10 5.69846e-10 1.47847e-09 3.72638e-09 9.12158e-09 2.16802e-08 5.00241e-08 1.12034e-07 2.43517e-07 5.13677e-07 1.05157e-06 2.08933e-06 4.02963e-06 7.54606e-06 1.37251e-05 2.42567e-05 4.16762e-05 6.96517e-05 0.000113302 0.000179512 0.000277206 0.000417502 0.000613694 0.000880952 0.00123569 0.00169454 0.00227287 0.00298304 0.00383233 0.0048209 0.00594004 0.00717105 0.00848508 0.00984431 0.0112044 0.012518 0.0137392 0.0148272 0.0157495 0.0164829 0.0170134 0.0173336 0.0174406 0.0173336 0.0170134 0.0164829 0.0157495 0.0148272 0.0137392 0.012518 0.0112044 0.00984431 0.00848508 0.00717105 0.00594004 0.0048209 0.00383233 0.00298304 0.00227287 0.00169454 0.00123569 0.000880952 0.000613694 0.000417502 0.000277206 0.000179512 0.000113302 6.96517e-05 4.16762e-05 2.42567e-05 1.37251e-05 7.54606e-06 4.02963e-06 2.08933e-06 1.05157e-06 5.13677e-07 2.43517e-07 1.12034e-07 5.00241e-08 2.16802e-08 9.12158e-09 3.72638e-09 1.47847e-09 5.69846e-10 2.13422e-10 7.76933e-11 2.74991e-11 9.46628e-12 3.17043e-12 1.03394e-12 3.30366e-13 1.10213e-13 
1.4259e-13 2.56529e-13 7.63724e-13 2.37534e-12 7.23895e-12 2.14807e-11 6.20124e-11 1.74103e-10 4.75224e-10 1.26073e-09 3.24977e-09 8.13702e-09 1.97855e-08 4.67081e-08 1.07032e-07 2.38029e-07 5.13677e-07 1.07563e-06 2.18543e-06 4.30867e-06 8.24406e-06 1.53119e-05 2.76151e-05 4.83804e-05 8.23792e-05 0.000136409 0.000219801 0.000344892 0.00052738 0.000786454 0.00114459 0.00162688 0.00225981 0.00306944 0.00407897 0.00530581 0.00675851 0.00843365 0.0103134 0.0123643 0.0145372 0.0167697 0.01899 0.021123 0.0230966 0.0248479 0.0263276 0.0275011 0.0283481 0.0288587 0.0290291 0.0288587 0.0283481 0.0275011 0.0263276 0.0248479 0.0230966 0.021123 0.01899 0.0167697 0.0145372 0.0123643 0.0103134 0.00843365 0.00675851 0.00530581 0.00407897 0.00306944 0.00225981 0.00162688 0.00114459 0.000786454 0.00052738 0.000344892 0.000219801 0.000136409 8.23792e-05 4.83804e-05 2.76151e-05 1.53119e-05 8.24406e-06 4.30867e-06 2.18543e-06 1.07563e-06 5.13677e-07 2.38029e-07 1.07032e-07 4.67081e-08 1.97855e-08 8.13702e-09 3.24977e-09 1.26073e-09 4.75224e-10 1.74103e-10 6.20124e-11 2.14807e-11 7.23895e-12 2.37534e-12 7.63724e-13 2.56529e-13 
3.24545e-13 5.80919e-13 1.71753e-12 5.30797e-12 1.60749e-11 4.73997e-11 1.35965e-10 3.79272e-10 1.0285e-09 2.71056e-09 6.94036e-09 1.72604e-08 4.16817e-08 9.77149e-08 2.2233e-07 4.90884e-07 1.05157e-06 2.18543e-06 4.40617e-06 8.61844e-06 1.63565e-05 3.01258e-05 5.38644e-05 9.35311e-05 0.000157803 0.000258844 0.000413061 0.000641744 0.000971449 0.00143396 0.00206565 0.00290614 0.00399607 0.00537401 0.00707265 0.00911431 0.0115064 0.0142374 0.0172733 0.0205567 0.0240077 0.0275274 0.031005 0.0343267 0.0373846 0.0400864 0.0423607 0.0441593 0.0454546 0.0462342 0.0464943 0.0462342 0.0454546 0.0441593 0.0423607 0.0400864 0.0373846 0.0343267 0.031005 0.0275274 0.0240077 0.0205567 0.0172733 0.0142374 0.0115064 0.00911431 0.00707265 0.00537401 0.00399607 0.00290614 0.00206565 0.00143396 0.000971449 0.000641744 0.000413061 0.000258844 0.000157803 9.35311e-05 5.38644e-05 3.01258e-05 1.63565e-05 8.61844e-06 4.40617e-06 2.18543e-06 1.05157e-06 4.90884e-07 2.2233e-07 9.77149e-08 4.16817e-08 1.72604e-08 6.94036e-09 2.71056e-09 1.0285e-09 3.79272e-10 1.35965e-10 4.73997e-11 1.60749e-11 5.30797e-12 1.71753e-12 5.80919e-13 
7.18836e-13 1.28009e-12 3.75808e-12 1.15393e-11 3.4723e-11 1.01727e-10 2.89901e-10 8.03333e-10 2.1639e-09 5.66424e-09 1.44037e-08 3.55723e-08 8.52969e-08 1.9853e-07 4.48425e-07 9.82743e-07 2.08933e-06 4.30867e-06 8.61844e-06 1.67213e-05 3.14713e-05 5.74698e-05 0.000101852 0.000175257 0.000292932 0.000475883 0.000751923 0.00115642 0.00173254 0.00253072 0.00360724 0.00502162 0.00683286 0.00909456 0.0118491 0.0151214 0.0189125 0.0231946 0.0279073 0.0329567 0.0382181 0.0435424 0.0487661 0.0537242 0.0582637 0.0622557 0.065603 0.0682416 0.0701374 0.0712766 0.0716563 0.0712766 0.0701374 0.0682416 0.065603 0.0622557 0.0582637 0.0537242 0.0487661 0.0435424 0.0382181 0.0329567 0.0279073 0.0231946 0.0189125 0.0151214 0.0118491 0.00909456 0.00683286 0.00502162 0.00360724 0.00253072 0.00173254 0.00115642 0.000751923 0.000475883 0.000292932 0.000175257 0.000101852 5.74698e-05 3.14713e-05 1.67213e-05 8.61844e-06 4.30867e-06 2.08933e-06 9.82743e-07 4.48425e-07 1.9853e-07 8.52969e-08 3.55723e-08 1.44037e-08 5.66424e-09 2.1639e-09 8.03333e-10 2.89901e-10 1.01727e-10 3.4723e-11 1.15393e-11 3.75808e-12 1.28009e-12 
1.5496e-12 2.74524e-12 8.00213e-12 2.44096e-11 7.29744e-11 2.12387e-10 6.01229e-10 1.65479e-09 4.4269e-09 1.15073e-08 2.90558e-08 7.12444e-08 1.69591e-07 3.91812e-07 8.78356e-07 1.91025e-06 4.02963e-06 8.24406e-06 1.63565e-05 3.14713e-05 5.87282e-05 0.000106307 0.000186713 0.000318306 0.000526965 0.000847698 0.00132593 0.00201819 0.0029918 0.00432339 0.00609592 0.00839418 0.0112987 0.0148786 0.0191831 0.0242335 0.0300151 0.0364716 0.0435012 0.0509579 0.0586559 0.0663803 0.0739012 0.0809914 0.0874448 0.0930909 0.0978049 0.101508 0.104162 0.105754 0.106284 0.105754 0.104162 0.101508 0.0978049 0.0930909 0.0874448 0.0809914 0.0739012 0.0663803 0.0586559 0.0509579 0.0435012 0.0364716 0.0300151 0.0242335 0.0191831 0.0148786 0.0112987 0.00839418 0.00609592 0.00432339 0.0029918 0.00201819 0.00132593 0.000847698 0.000526965 0.000318306 0.000186713 0.000106307 5.87282e-05 3.14713e-05 1.63565e-05 8.24406e-06 4.02963e-06 1.91025e-06 8.78356e-07 3.91812e-07 1.69591e-07 7.12444e-08 2.90558e-08 1.15073e-08 4.4269e-09 1.65479e-09 6.01229e-10 2.12387e-10 7.29744e-11 2.44096e-11 8.00213e-12 2.74524e-12 
3.25173e-12 5.73078e-12 1.65846e-11 5.02537e-11 1.49247e-10 4.31476e-10 1.21314e-09 3.31597e-09 8.80869e-09 2.27342e-08 5.69879e-08 1.38705e-07 3.27704e-07 7.51345e-07 1.67131e-06 3.60615e-06 7.54606e-06 1.53119e-05 3.01258e-05 5.74698e-05 0.000106307 0.000190708 0.000331871 0.000560422 0.000918777 0.00146321 0.00226519 0.00341153 0.00500292 0.00715052 0.00997053 0.0135768 0.0180718 0.0235362 0.0300185 0.0375243 0.0460083 0.055368 0.0654422 0.0760138 0.0868194 0.0975637 0.107939 0.117649 0.12643 0.134071 0.14042 0.14539 0.148941 0.151067 0.151774 0.151067 0.148941 0.14539 0.14042 0.134071 0.12643 0.117649 0.107939 0.0975637 0.0868194 0.0760138 0.0654422 0.055368 0.0460083 0.0375243 0.0300185 0.0235362 0.0180718 0.0135768 0.00997053 0.00715052 0.00500292 0.00341153 0.00226519 0.00146321 0.000918777 0.000560422 0.000331871 0.000190708 0.000106307 5.74698e-05 3.01258e-05 1.53119e-05 7.54606e-06 3.60615e-06 1.67131e-06 7.51345e-07 3.27704e-07 1.38705e-07 5.69879e-08 2.27342e-08 8.80869e-09 3.31597e-09 1.21314e-09 4.31476e-10 1.49247e-10 5.02537e-11 1.65846e-11 5.73078e-12 
6.6432e-12 1.1647e-11 3.34619e-11 1.00715e-10 2.9712e-10 8.53168e-10 2.38225e-09 6.46586e-09 1.70534e-08 4.36921e-08 1.0871e-07 2.62594e-07 6.15631e-07 1.40043e-06 3.09031e-06 6.61374e-06 1.37251e-05 2.76151e-05 5.38644e-05 0.000101852 0.000186713 0.000331871 0.000572078 0.000956711 0.00155289 0.00244784 0.00374981 0.00558686 0.00810309 0.0114521 0.0157878 0.0212532 0.0279673 0.0360123 0.0454204 0.056163 0.0681423 0.0811879 0.0950576 0.109445 0.123994 0.13832 0.152031 0.164762 0.176195 0.186083 0.194259 0.200632 0.205172 0.207884 0.208786 0.207884 0.205172 0.200632 0.194259 0.186083 0.176195 0.164762 0.152031 0.13832 0.123994 0.109445 0.0950576 0.0811879 0.0681423 0.056163 0.0454204 0.0360123 0.0279673 0.0212532 0.0157878 0.0114521 0.00810309 0.00558686 0.00374981 0.00244784 0.00155289 0.000956711 0.000572078 0.000331871 0.000186713 0.000101852 5.38644e-05 2.76151e-05 1.37251e-05 6.61374e-06 3.09031e-06 1.40043e-06 6.15631e-07 2.62594e-07 1.0871e-07 4.36921e-08 1.70534e-08 6.46586e-09 2.38225e-09 8.53168e-10 2.9712e-10 1.00715e-10 3.34619e-11 1.1647e-11 
1.32151e-11 2.30487e-11 6.57389e-11 1.96533e-10 5.75905e-10 1.6424e-09 4.55402e-09 1.22724e-08 3.21324e-08 8.17144e-08 2.01772e-07 4.83617e-07 1.12485e-06 2.53821e-06 5.55506e-06 1.17892e-05 2.42567e-05 4.83804e-05 9.35311e-05 0.000175257 0.000318306 0.000560422 0.000956711 0.00158409 0.00254511 0.00397011 0.00601679 0.00886641 0.012716 0.0177669 0.0242107 0.0322126 0.0418949 0.0533217 0.0664847 0.0812941 0.0975728 0.115057 0.133403 0.1522 0.17099 0.189297 0.206652 0.222628 0.236867 0.249103 0.259165 0.266973 0.272517 0.275821 0.276918 0.275821 0.272517 0.266973 0.259165 0.249103 0.236867 0.222628 0.206652 0.189297 0.17099 0.1522 0.133403 0.115057 0.0975728 0.0812941 0.0664847 0.0533217 0.0418949 0.0322126 0.0242107 0.0177669 0.012716 0.00886641 0.00601679 0.00397011 0.00254511 0.00158409 0.000956711 0.000560422 0.000318306 0.000175257 9.35311e-05 4.83804e-05 2.42567e-05 1.17892e-05 5.55506e-06 2.53821e-06 1.12485e-06 4.83617e-07 2.01772e-07 8.17144e-08 3.21324e-08 1.22724e-08 4.55402e-09 1.6424e-09 5.75905e-10 1.96533e-10 6.57389e-11 2.30487e-11 
2.56004e-11 4.442e-11 1.25776e-10 3.73491e-10 1.08709e-09 3.07897e-09 8.47736e-09 2.2681e-08 5.89475e-08 1.48776e-07 3.6453e-07 8.66826e-07 1.99989e-06 4.47549e-06 9.71241e-06 2.04348e-05 4.16762e-05 8.23792e-05 0.000157803 0.000292932 0.000526965 0.000918777 0.00155289 0.00254511 0.00404665 0.00624518 0.00936167 0.0136418 0.0193423 0.0267124 0.0359732 0.0472957 0.0607813 0.0764453 0.0942055 0.113877 0.135173 0.157711 0.181031 0.204608 0.227889 0.250313 0.271352 0.29054 0.307503 0.321977 0.333808 0.342946 0.349409 0.353252 0.354527 0.353252 0.349409 0.342946 0.333808 0.321977 0.307503 0.29054 0.271352 0.250313 0.227889 0.204608 0.181031 0.157711 0.135173 0.113877 0.0942055 0.0764453 0.0607813 0.0472957 0.0359732 0.0267124 0.0193423 0.0136418 0.00936167 0.00624518 0.00404665 0.00254511 0.00155289 0.000918777 0.000526965 0.000292932 0.000157803 8.23792e-05 4.16762e-05 2.04348e-05 9.71241e-06 4.47549e-06 1.99989e-06 8.66826e-07 3.6453e-07 1.48776e-07 5.89475e-08 2.2681e-08 8.47736e-09 3.07897e-09 1.08709e-09 3.73491e-10 1.25776e-10 4.442e-11 
4.82999e-11 8.33797e-11 2.34393e-10 6.91363e-10 1.9988e-09 5.62239e-09 1.53713e-08 4.08283e-08 1.05325e-07 2.63802e-07 6.41312e-07 1.51277e-06 3.46148e-06 7.68111e-06 1.65253e-05 3.44625e-05 6.96517e-05 0.000136409 0.000258844 0.000475883 0.000847698 0.00146321 0.00244784 0.00397011 0.00624518 0.00953343 0.0141322 0.0203599 0.0285341 0.0389436 0.05182 0.0673115 0.0854616 0.106196 0.129317 0.154506 0.181339 0.209296 0.23779 0.266194 0.293869 0.320201 0.344632 0.366692 0.386021 0.402388 0.41568 0.425892 0.433086 0.437352 0.438765 0.437352 0.433086 0.425892 0.41568 0.402388 0.386021 0.366692 0.344632 0.320201 0.293869 0.266194 0.23779 0.209296 0.181339 0.154506 0.129317 0.106196 0.0854616 0.0673115 0.05182 0.0389436 0.0285341 0.0203599 0.0141322 0.00953343 0.00624518 0.00397011 0.00244784 0.00146321 0.000847698 0.000475883 0.000258844 0.000136409 6.96517e-05 3.44625e-05 1.65253e-05 7.68111e-06 3.46148e-06 1.51277e-06 6.41312e-07 2.63802e-07 1.05325e-07 4.08283e-08 1.53713e-08 5.62239e-09 1.9988e-09 6.91363e-10 2.34393e-10 8.33797e-11 
8.87566e-11 1.52451e-10 4.25516e-10 1.24676e-09 3.58053e-09 1.00029e-08 2.71554e-08 7.16075e-08 1.83352e-07 4.55719e-07 1.09914e-06 2.57171e-06 5.83553e-06 1.28384e-05 2.73783e-05 5.65816e-05 0.000113302 0.000219801 0.000413061 0.000751923 0.00132593 0.00226519 0.00374981 0.00601679 0.00936167 0.0141322 0.0207121 0.0294956 0.0408527 0.055092 0.072424 0.0929317 0.116553 0.143073 0.172134 0.20325 0.235832 0.26922 0.302709 0.335588 0.36717 0.396825 0.424008 0.448288 0.469359 0.487052 0.50132 0.51222 0.519865 0.524385 0.52588 0.524385 0.519865 0.51222 0.50132 0.487052 0.469359 0.448288 0.424008 0.396825 0.36717 0.335588 0.302709 0.26922 0.235832 0.20325 0.172134 0.143073 0.116553 0.0929317 0.072424 0.055092 0.0408527 0.0294956 0.0207121 0.0141322 0.00936167 0.00601679 0.00374981 0.00226519 0.00132593 0.000751923 0.000413061 0.000219801 0.000113302 5.65816e-05 2.73783e-05 1.28384e-05 5.83553e-06 2.57171e-06 1.09914e-06 4.55719e-07 1.83352e-07 7.16075e-08 2.71554e-08 1.00029e-08 3.58053e-09 1.24676e-09 4.25516e-10 1.52451e-10 
1.58865e-10 2.71531e-10 7.5258e-10 2.19063e-09 6.24983e-09 1.73423e-08 4.67522e-08 1.22398e-07 3.11079e-07 7.67267e-07 1.83595e-06 4.26069e-06 9.5869e-06 2.09092e-05 4.41929e-05 9.04963e-05 0.000179512 0.000344892 0.000641744 0.00115642 0.00201819 0.00341153 0.00558686 0.00886641 0.0136418 0.0203599 0.0294956 0.0415118 0.056812 0.0756908 0.098292 0.12458 0.154328 0.187131 0.222428 0.259537 0.2977 0.33612 0.374005 0.4106 0.445217 0.477262 0.506256 0.53185 0.553832 0.572122 0.58676 0.597872 0.60563 0.610201 0.61171 0.610201 0.60563 0.597872 0.58676 0.572122 0.553832 0.53185 0.506256 0.477262 0.445217 0.4106 0.374005 0.33612 0.2977 0.259537 0.222428 0.187131 0.154328 0.12458 0.098292 0.0756908 0.056812 0.0415118 0.0294956 0.0203599 0.0136418 0.00886641 0.00558686 0.00341153 0.00201819 0.00115642 0.000641744 0.000344892 0.000179512 9.04963e-05 4.41929e-05 2.09092e-05 9.5869e-06 4.26069e-06 1.83595e-06 7.67267e-07 3.11079e-07 1.22398e-07 4.67522e-08 1.73423e-08 6.24983e-09 2.19063e-09 7.5258e-10 2.71531e-10 
2.76972e-10 4.7113e-10 1.29684e-09 3.75062e-09 1.06314e-08 2.93043e-08 7.84578e-08 2.03946e-07 5.14528e-07 1.25942e-06 2.98991e-06 6.88227e-06 1.53555e-05 3.31999e-05 6.95412e-05 0.000141088 0.000277206 0.00052738 0.000971449 0.00173254 0.0029918 0.00500292 0.00810309 0.012716 0.0193423 0.0285341 0.0408527 0.056812 0.0768153 0.101097 0.129675 0.162333 0.198624 0.237901 0.279369 0.32214 0.365297 0.407939 0.449231 0.488429 0.524903 0.558154 0.587819 0.613673 0.635629 0.653719 0.668076 0.6789 0.686418 0.690833 0.692288 0.690833 0.686418 0.6789 0.668076 0.653719 0.635629 0.613673 0.587819 0.558154 0.524903 0.488429 0.449231 0.407939 0.365297 0.32214 0.279369 0.237901 0.198624 0.162333 0.129675 0.101097 0.0768153 0.056812 0.0408527 0.0285341 0.0193423 0.012716 0.00810309 0.00500292 0.0029918 0.00173254 0.000971449 0.00052738 0.000277206 0.000141088 6.95412e-05 3.31999e-05 1.53555e-05 6.88227e-06 2.98991e-06 1.25942e-06 5.14528e-07 2.03946e-07 7.84578e-08 2.93043e-08 1.06314e-08 3.75062e-09 1.29684e-09 4.7113e-10 
4.70344e-10 7.96335e-10 2.17735e-09 6.25769e-09 1.76259e-08 4.8268e-08 1.2836e-07 3.31335e-07 8.29867e-07 2.01604e-06 4.74891e-06 1.0843e-05 2.39902e-05 5.14194e-05 0.000106739 0.000214547 0.000417502 0.000786454 0.00143396 0.00253072 0.00432339 0.00715052 0.0114521 0.0177669 0.0267124 0.0389436 0.055092 0.0756908 0.101097 0.131423 0.166499 0.205863 0.248795 0.294372 0.341551 0.389253 0.436431 0.482134 0.525544 0.565994 0.602975 0.636136 0.665275 0.690323 0.711334 0.72846 0.74193 0.75201 0.758971 0.763043 0.764382 0.763043 0.758971 0.75201 0.74193 0.72846 0.711334 0.690323 0.665275 0.636136 0.602975 0.565994 0.525544 0.482134 0.436431 0.389253 0.341551 0.294372 0.248795 0.205863 0.166499 0.131423 0.101097 0.0756908 0.055092 0.0389436 0.0267124 0.0177669 0.0114521 0.00715052 0.00432339 0.00253072 0.00143396 0.000786454 0.000417502 0.000214547 0.000106739 5.14194e-05 2.39902e-05 1.0843e-05 4.74891e-06 2.01604e-06 8.29867e-07 3.31335e-07 1.2836e-07 4.8268e-08 1.76259e-08 6.25769e-09 2.17735e-09 7.96335e-10 
7.77947e-10 1.31122e-09 3.56191e-09 1.01746e-08 2.84827e-08 7.75051e-08 2.04757e-07 5.24935e-07 1.30545e-06 3.14805e-06 7.35868e-06 1.66681e-05 3.65735e-05 7.77167e-05 0.00015989 0.000318413 0.000613694 0.00114459 0.00206565 0.00360724 0.00609592 0.00997053 0.0157878 0.0242107 0.0359732 0.05182 0.072424 0.098292 0.129675 0.166499 0.208338 0.254431 0.303743 0.355065 0.407119 0.458666 0.508593 0.555963 0.600043 0.640312 0.676437 0.708261 0.735769 0.759063 0.778344 0.793878 0.805974 0.814953 0.821115 0.824705 0.825883 0.824705 0.821115 0.814953 0.805974 0.793878 0.778344 0.759063 0.735769 0.708261 0.676437 0.640312 0.600043 0.555963 0.508593 0.458666 0.407119 0.355065 0.303743 0.254431 0.208338 0.166499 0.129675 0.098292 0.072424 0.05182 0.0359732 0.0242107 0.0157878 0.00997053 0.00609592 0.00360724 0.00206565 0.00114459 0.000613694 0.000318413 0.00015989 7.77167e-05 3.65735e-05 1.66681e-05 7.35868e-06 3.14805e-06 1.30545e-06 5.24935e-07 2.04757e-07 7.75051e-08 2.84827e-08 1.01746e-08 3.56191e-09 1.31122e-09 
1.25317e-09 2.10308e-09 5.67726e-09 1.61217e-08 4.48633e-08 1.2133e-07 3.18496e-07 8.11119e-07 2.00325e-06 4.79611e-06 1.11272e-05 2.50079e-05 5.44275e-05 0.000114678 0.000233858 0.00046146 0.000880952 0.00162688 0.00290614 0.00502162 0.00839418 0.0135768 0.0212532 0.0322126 0.0472957 0.0673115 0.0929317 0.12458 0.162333 0.205863 0.254431 0.306933 0.362008 0.418171 0.473951 0.528013 0.579244 0.626799 0.670105 0.70884 0.742892 0.772321 0.79731 0.818132 0.835116 0.848627 0.859034 0.866691 0.87191 0.874936 0.875926 0.874936 0.87191 0.866691 0.859034 0.848627 0.835116 0.818132 0.79731 0.772321 0.742892 0.70884 0.670105 0.626799 0.579244 0.528013 0.473951 0.418171 0.362008 0.306933 0.254431 0.205863 0.162333 0.12458 0.0929317 0.0673115 0.0472957 0.0322126 0.0212532 0.0135768 0.00839418 0.00502162 0.00290614 0.00162688 0.000880952 0.00046146 0.000233858 0.000114678 5.44275e-05 2.50079e-05 1.11272e-05 4.79611e-06 2.00325e-06 8.11119e-07 3.18496e-07 1.2133e-07 4.48633e-08 1.61217e-08 5.67726e-09 2.10308e-09 
1.96586e-09 3.2855e-09 8.81602e-09 2.48935e-08 6.88782e-08 1.85178e-07 4.83115e-07 1.22249e-06 2.99909e-06 7.1304e-06 1.64228e-05 3.66299e-05 7.90912e-05 0.000165269 0.000334122 0.000653387 0.00123569 0.00225981 0.00399607 0.00683286 0.0112987 0.0180718 0.0279673 0.0418949 0.0607813 0.0854616 0.116553 0.154328 0.198624 0.248795 0.303743 0.362008 0.421915 0.481744 0.539897 0.595022 0.646089 0.692419 0.733658 0.769726 0.800754 0.827023 0.848903 0.866815 0.881196 0.892478 0.901065 0.907321 0.911554 0.913995 0.914792 0.913995 0.911554 0.907321 0.901065 0.892478 0.881196 0.866815 0.848903 0.827023 0.800754 0.769726 0.733658 0.692419 0.646089 0.595022 0.539897 0.481744 0.421915 0.362008 0.303743 0.248795 0.198624 0.154328 0.116553 0.0854616 0.0607813 0.0418949 0.0279673 0.0180718 0.0112987 0.00683286 0.00399607 0.00225981 0.00123569 0.000653387 0.000334122 0.000165269 7.90912e-05 3.66299e-05 1.64228e-05 7.1304e-06 2.99909e-06 1.22249e-06 4.83115e-07 1.85178e-07 6.88782e-08 2.48935e-08 8.81602e-09 3.2855e-09 
3.0028e-09 4.99885e-09 1.33367e-08 3.74554e-08 1.03071e-07 2.75542e-07 7.1464e-07 1.79726e-06 4.38092e-06 1.0346e-05 2.36624e-05 5.23909e-05 0.000112256 0.000232692 0.000466492 0.000904262 0.00169454 0.00306944 0.00537401 0.00909456 0.0148786 0.0235362 0.0360123 0.0533217 0.0764453 0.106196 0.143073 0.187131 0.237901 0.294372 0.355065 0.418171 0.481744 0.543901 0.602998 0.657753 0.707304 0.751199 0.789345 0.821925 0.849312 0.871989 0.890488 0.905344 0.917067 0.926123 0.932927 0.937831 0.941121 0.943008 0.943623 0.943008 0.941121 0.937831 0.932927 0.926123 0.917067 0.905344 0.890488 0.871989 0.849312 0.821925 0.789345 0.751199 0.707304 0.657753 0.602998 0.543901 0.481744 0.418171 0.355065 0.294372 0.237901 0.187131 0.143073 0.106196 0.0764453 0.0533217 0.0360123 0.0235362 0.0148786 0.00909456 0.00537401 0.00306944 0.00169454 0.000904262 0.000466492 0.000232692 0.000112256 5.23909e-05 2.36624e-05 1.0346e-05 4.38092e-06 1.79726e-06 7.1464e-07 2.75542e-07 1.03071e-07 3.74554e-08 1.33367e-08 4.99885e-09 
4.46553e-09 7.40638e-09 1.96529e-08 5.49118e-08 1.50327e-07 3.99716e-07 1.0309e-06 2.57747e-06 6.24434e-06 1.46524e-05 3.32871e-05 7.31838e-05 0.000155655 0.000320166 0.000636672 0.00122371 0.00227287 0.00407897 0.00707265 0.0118491 0.0191831 0.0300185 0.0454204 0.0664847 0.0942055 0.129317 0.172134 0.222428 0.279369 0.341551 0.407119 0.473951 0.539897 0.602998 0.661658 0.714756 0.761662 0.8022 0.836558 0.865177 0.888648 0.907626 0.922762 0.934665 0.94388 0.950881 0.956065 0.959757 0.962211 0.963611 0.964065 0.963611 0.962211 0.959757 0.956065 0.950881 0.94388 0.934665 0.922762 0.907626 0.888648 0.865177 0.836558 0.8022 0.761662 0.714756 0.661658 0.602998 0.539897 0.473951 0.407119 0.341551 0.279369 0.222428 0.172134 0.129317 0.0942055 0.0664847 0.0454204 0.0300185 0.0191831 0.0118491 0.00707265 0.00407897 0.00227287 0.00122371 0.000636672 0.000320166 0.000155655 7.31838e-05 3.32871e-05 1.46524e-05 6.24434e-06 2.57747e-06 1.0309e-06 3.99716e-07 1.50327e-07 5.49118e-08 1.96529e-08 7.40638e-09 
