1.8803e-08 2.1109e-08 2.84769e-08 4.23194e-08 6.52053e-08 1.01197e-07 1.56355e-07 2.39439e-07 3.62841e-07 5.43789e-07 8.05869e-07 1.18088e-06 1.71108e-06 2.45176e-06 3.47422e-06 4.86899e-06 6.74923e-06 9.25415e-06 1.25522e-05 1.68438e-05 2.2363e-05 2.93784e-05 3.81919e-05 4.91354e-05 6.25654e-05 7.88549e-05 9.83815e-05 0.000121514 0.000148595 0.000179921 0.000215725 0.000256151 0.000301236 0.00035089 0.000404883 0.00046283 0.00052419 0.000588264 0.000654207 0.000721041 0.00078768 0.000852955 0.000915652 0.000974547 0.00102844 0.00107621 0.00111682 0.00114939 0.00117319 0.00118769 0.00119256 0.00118769 0.00117319 0.00114939 0.00111682 0.00107621 0.00102844 0.000974547 0.000915652 0.000852955 0.00078768 0.000721041 0.000654207 0.000588264 0.00052419 0.00046283 0.000404883 0.00035089 0.000301236 0.000256151 0.000215725 0.000179921 0.000148595 0.000121514 9.83815e-05 7.88549e-05 6.25654e-05 4.91354e-05 3.81919e-05 2.93784e-05 2.2363e-05 1.68438e-05 1.25522e-05 9.25415e-06 6.74923e-06 4.86899e-06 3.47422e-06 2.45176e-06 1.71108e-06 1.18088e-06 8.05869e-07 5.43789e-07 3.62841e-07 2.39439e-07 1.56355e-07 1.01197e-07 6.52053e-08 4.23194e-08 2.84769e-08 2.1109e-08 
2.1109e-08 2.36884e-08 3.19274e-08 4.73983e-08 7.29582e-08 1.13122e-07 1.74619e-07 2.67165e-07 4.04487e-07 6.0565e-07 8.96721e-07 1.3128e-06 1.90047e-06 2.7206e-06 3.85158e-06 5.39281e-06 7.46836e-06 1.02306e-05 1.38638e-05 1.85866e-05 2.46542e-05 3.23589e-05 4.20286e-05 5.40233e-05 6.87291e-05 8.65487e-05 0.000107889 0.000133148 0.000162691 0.000196835 0.000235827 0.000279816 0.000328836 0.000382783 0.000441402 0.00050427 0.000570797 0.000640225 0.000711637 0.000783975 0.000856065 0.000926648 0.000994416 0.00105805 0.00111626 0.00116784 0.00121169 0.00124684 0.00127253 0.00128817 0.00129343 0.00128817 0.00127253 0.00124684 0.00121169 0.00116784 0.00111626 0.00105805 0.000994416 0.000926648 0.000856065 0.000783975 0.000711637 0.000640225 0.000570797 0.00050427 0.000441402 0.000382783 0.000328836 0.000279816 0.000235827 0.000196835 0.000162691 0.000133148 0.000107889 8.65487e-05 6.87291e-05 5.40233e-05 4.20286e-05 3.23589e-05 2.46542e-05 1.85866e-05 1.38638e-05 1.02306e-05 7.46836e-06 5.39281e-06 3.85158e-06 2.7206e-06 1.90047e-06 1.3128e-06 8.96721e-07 6.0565e-07 4.04487e-07 2.67165e-07 1.74619e-07 1.13122e-07 7.29582e-08 4.73983e-08 3.19274e-08 2.36884e-08 
2.84769e-08 3.19274e-08 4.29416e-08 6.3598e-08 9.7669e-08 1.51104e-07 2.32752e-07 3.55352e-07 5.36863e-07 8.02152e-07 1.18512e-06 1.73127e-06 2.50083e-06 3.57223e-06 5.04616e-06 7.04988e-06 9.74168e-06 1.33154e-05 1.80042e-05 2.40845e-05 3.18771e-05 4.1748e-05 5.41066e-05 6.94001e-05 8.8106e-05 0.00011072 0.00013774 0.000169649 0.000206889 0.000249838 0.000298781 0.000353887 0.000415176 0.0004825 0.000555522 0.000633706 0.000716308 0.000802379 0.000890783 0.000980215 0.00106923 0.00115629 0.00123978 0.00131811 0.00138972 0.00145311 0.00150697 0.00155013 0.00158166 0.00160086 0.00160731 0.00160086 0.00158166 0.00155013 0.00150697 0.00145311 0.00138972 0.00131811 0.00123978 0.00115629 0.00106923 0.000980215 0.000890783 0.000802379 0.000716308 0.000633706 0.000555522 0.0004825 0.000415176 0.000353887 0.000298781 0.000249838 0.000206889 0.000169649 0.00013774 0.00011072 8.8106e-05 6.94001e-05 5.41066e-05 4.1748e-05 3.18771e-05 2.40845e-05 1.80042e-05 1.33154e-05 9.74168e-06 7.04988e-06 5.04616e-06 3.57223e-06 2.50083e-06 1.73127e-06 1.18512e-06 8.02152e-07 5.36863e-07 3.55352e-07 2.32752e-07 1.51104e-07 9.7669e-08 6.3598e-08 4.29416e-08 3.19274e-08 
4.23194e-08 4.73983e-08 6.3598e-08 9.3937e-08 1.43885e-07 2.22049e-07 3.41197e-07 5.19661e-07 7.83197e-07 1.16735e-06 1.72043e-06 2.50704e-06 3.61236e-06 5.14695e-06 7.25217e-06 1.0106e-05 1.39288e-05 1.89896e-05 2.56104e-05 3.41711e-05 4.5111e-05 5.89288e-05 7.61791e-05 9.7465e-05 0.000123427 0.000154725 0.000192018 0.000235939 0.000287062 0.000345869 0.000412715 0.000487792 0.000571096 0.000662394 0.000761204 0.000866775 0.00097809 0.00109386 0.00121256 0.00133244 0.00145159 0.00156794 0.00167939 0.00178384 0.00187921 0.00196357 0.00203519 0.00209256 0.00213444 0.00215993 0.0021685 0.00215993 0.00213444 0.00209256 0.00203519 0.00196357 0.00187921 0.00178384 0.00167939 0.00156794 0.00145159 0.00133244 0.00121256 0.00109386 0.00097809 0.000866775 0.000761204 0.000662394 0.000571096 0.000487792 0.000412715 0.000345869 0.000287062 0.000235939 0.000192018 0.000154725 0.000123427 9.7465e-05 7.61791e-05 5.89288e-05 4.5111e-05 3.41711e-05 2.56104e-05 1.89896e-05 1.39288e-05 1.0106e-05 7.25217e-06 5.14695e-06 3.61236e-06 2.50704e-06 1.72043e-06 1.16735e-06 7.83197e-07 5.19661e-07 3.41197e-07 2.22049e-07 1.43885e-07 9.3937e-08 6.3598e-08 4.73983e-08 
6.52053e-08 7.29582e-08 9.7669e-08 1.43885e-07 2.19833e-07 3.38433e-07 5.18799e-07 7.88299e-07 1.18526e-06 1.76243e-06 2.59121e-06 3.76681e-06 5.41426e-06 7.69528e-06 1.08158e-05 1.50342e-05 2.0669e-05 2.81073e-05 3.78108e-05 5.03214e-05 6.62629e-05 8.63401e-05 0.000111333 0.000142084 0.000179484 0.000224444 0.000277868 0.000340614 0.000413451 0.000497016 0.00059176 0.000697905 0.000815396 0.000943861 0.00108258 0.00123048 0.00138611 0.00154765 0.00171298 0.00187967 0.00204506 0.00220635 0.00236065 0.00250506 0.00263679 0.00275322 0.00285199 0.00293104 0.00298873 0.00302384 0.00303563 0.00302384 0.00298873 0.00293104 0.00285199 0.00275322 0.00263679 0.00250506 0.00236065 0.00220635 0.00204506 0.00187967 0.00171298 0.00154765 0.00138611 0.00123048 0.00108258 0.000943861 0.000815396 0.000697905 0.00059176 0.000497016 0.000413451 0.000340614 0.000277868 0.000224444 0.000179484 0.000142084 0.000111333 8.63401e-05 6.62629e-05 5.03214e-05 3.78108e-05 2.81073e-05 2.0669e-05 1.50342e-05 1.08158e-05 7.69528e-06 5.41426e-06 3.76681e-06 2.59121e-06 1.76243e-06 1.18526e-06 7.88299e-07 5.18799e-07 3.38433e-07 2.19833e-07 1.43885e-07 9.7669e-08 7.29582e-08 
1.01197e-07 1.13122e-07 1.51104e-07 2.22049e-07 3.38433e-07 5.19807e-07 7.95028e-07 1.2053e-06 1.80815e-06 2.68252e-06 3.93489e-06 5.7068e-06 8.18346e-06 1.16036e-05 1.627e-05 2.25611e-05 3.09418e-05 4.19745e-05 5.63273e-05 7.47807e-05 9.82292e-05 0.000127678 0.000164235 0.00020909 0.000263492 0.000328711 0.000405997 0.000496525 0.000601336 0.000721273 0.000856912 0.0010085 0.00117589 0.00135849 0.00155524 0.00176455 0.00198436 0.00221208 0.00244472 0.00267887 0.00291085 0.00313674 0.00335255 0.00355429 0.00373813 0.00390047 0.00403806 0.00414813 0.00422842 0.00427727 0.00429367 0.00427727 0.00422842 0.00414813 0.00403806 0.00390047 0.00373813 0.00355429 0.00335255 0.00313674 0.00291085 0.00267887 0.00244472 0.00221208 0.00198436 0.00176455 0.00155524 0.00135849 0.00117589 0.0010085 0.000856912 0.000721273 0.000601336 0.000496525 0.000405997 0.000328711 0.000263492 0.00020909 0.000164235 0.000127678 9.82292e-05 7.47807e-05 5.63273e-05 4.19745e-05 3.09418e-05 2.25611e-05 1.627e-05 1.16036e-05 8.18346e-06 5.7068e-06 3.93489e-06 2.68252e-06 1.80815e-06 1.2053e-06 7.95028e-07 5.19807e-07 3.38433e-07 2.22049e-07 1.51104e-07 1.13122e-07 
1.56355e-07 1.74619e-07 2.32752e-07 3.41197e-07 5.18799e-07 7.95028e-07 1.21328e-06 1.83533e-06 2.74724e-06 4.06665e-06 5.95183e-06 8.61241e-06 1.23218e-05 1.74309e-05 2.43838e-05 3.37327e-05 4.61538e-05 6.24613e-05 8.36189e-05 0.000110747 0.000145124 0.00018818 0.000241481 0.000306701 0.000385586 0.000479901 0.000591365 0.000721581 0.000871948 0.00104357 0.00123718 0.00145303 0.00169081 0.0019496 0.00222782 0.00252319 0.00283274 0.00315283 0.00347923 0.0038072 0.0041316 0.00444704 0.004748 0.00502902 0.00528482 0.0055105 0.00570165 0.00585446 0.00596587 0.00603363 0.00605637 0.00603363 0.00596587 0.00585446 0.00570165 0.0055105 0.00528482 0.00502902 0.004748 0.00444704 0.0041316 0.0038072 0.00347923 0.00315283 0.00283274 0.00252319 0.00222782 0.0019496 0.00169081 0.00145303 0.00123718 0.00104357 0.000871948 0.000721581 0.000591365 0.000479901 0.000385586 0.000306701 0.000241481 0.00018818 0.000145124 0.000110747 8.36189e-05 6.24613e-05 4.61538e-05 3.37327e-05 2.43838e-05 1.74309e-05 1.23218e-05 8.61241e-06 5.95183e-06 4.06665e-06 2.74724e-06 1.83533e-06 1.21328e-06 7.95028e-07 5.18799e-07 3.41197e-07 2.32752e-07 1.74619e-07 
2.39439e-07 2.67165e-07 3.55352e-07 5.19661e-07 7.88299e-07 1.2053e-06 1.83533e-06 2.77026e-06 4.13762e-06 6.11127e-06 8.92433e-06 1.28846e-05 1.8392e-05 2.59584e-05 3.62286e-05 5.00017e-05 6.82524e-05 9.21492e-05 0.00012307 0.000162608 0.000212573 0.000274982 0.000352028 0.000446044 0.000559448 0.000694663 0.000854034 0.00103972 0.00125358 0.00149704 0.00177099 0.00207564 0.00241046 0.00277402 0.003164 0.00357713 0.00400919 0.00445511 0.00490898 0.00536425 0.00581385 0.00625038 0.00666631 0.00705421 0.00740694 0.00771783 0.00798095 0.00819116 0.00834435 0.0084375 0.00846876 0.0084375 0.00834435 0.00819116 0.00798095 0.00771783 0.00740694 0.00705421 0.00666631 0.00625038 0.00581385 0.00536425 0.00490898 0.00445511 0.00400919 0.00357713 0.003164 0.00277402 0.00241046 0.00207564 0.00177099 0.00149704 0.00125358 0.00103972 0.000854034 0.000694663 0.000559448 0.000446044 0.000352028 0.000274982 0.000212573 0.000162608 0.00012307 9.21492e-05 6.82524e-05 5.00017e-05 3.62286e-05 2.59584e-05 1.8392e-05 1.28846e-05 8.92433e-06 6.11127e-06 4.13762e-06 2.77026e-06 1.83533e-06 1.2053e-06 7.88299e-07 5.19661e-07 3.55352e-07 2.67165e-07 
3.62841e-07 4.04487e-07 5.36863e-07 7.83197e-07 1.18526e-06 1.80815e-06 2.74724e-06 4.13762e-06 6.16631e-06 9.08748e-06 1.32409e-05 1.90734e-05 2.71641e-05 3.82509e-05 5.32603e-05 7.33359e-05 9.98668e-05 0.000134512 0.000179218 0.000236226 0.00030807 0.000397557 0.000507725 0.000641786 0.000803042 0.000994782 0.00122016 0.00148203 0.00178283 0.00212436 0.00250768 0.00293289 0.00339905 0.00390402 0.00444445 0.00501569 0.00561187 0.00622592 0.00684975 0.00747441 0.00809026 0.0086873 0.0092554 0.00978454 0.0102652 0.0106884 0.0110463 0.011332 0.0115402 0.0116667 0.0117091 0.0116667 0.0115402 0.011332 0.0110463 0.0106884 0.0102652 0.00978454 0.0092554 0.0086873 0.00809026 0.00747441 0.00684975 0.00622592 0.00561187 0.00501569 0.00444445 0.00390402 0.00339905 0.00293289 0.00250768 0.00212436 0.00178283 0.00148203 0.00122016 0.000994782 0.000803042 0.000641786 0.000507725 0.000397557 0.00030807 0.000236226 0.000179218 0.000134512 9.98668e-05 7.33359e-05 5.32603e-05 3.82509e-05 2.71641e-05 1.90734e-05 1.32409e-05 9.08748e-06 6.16631e-06 4.13762e-06 2.74724e-06 1.80815e-06 1.18526e-06 7.83197e-07 5.36863e-07 4.04487e-07 
5.43789e-07 6.0565e-07 8.02152e-07 1.16735e-06 1.76243e-06 2.68252e-06 4.06665e-06 6.11127e-06 9.08748e-06 1.33626e-05 1.9426e-05 2.79194e-05 3.96709e-05 5.57324e-05 7.74192e-05 0.000106349 0.000144477 0.00019413 0.000258026 0.000339277 0.000441387 0.000568213 0.000723907 0.00091283 0.00113944 0.00140812 0.00172305 0.00208797 0.00250598 0.00297931 0.00350915 0.00409537 0.00473641 0.00542915 0.00616876 0.00694877 0.00776106 0.00859598 0.00944254 0.0102887 0.0111214 0.0119275 0.0126934 0.0134058 0.0140522 0.0146208 0.0151013 0.0154846 0.0157637 0.0159333 0.0159902 0.0159333 0.0157637 0.0154846 0.0151013 0.0146208 0.0140522 0.0134058 0.0126934 0.0119275 0.0111214 0.0102887 0.00944254 0.00859598 0.00776106 0.00694877 0.00616876 0.00542915 0.00473641 0.00409537 0.00350915 0.00297931 0.00250598 0.00208797 0.00172305 0.00140812 0.00113944 0.00091283 0.000723907 0.000568213 0.000441387 0.000339277 0.000258026 0.00019413 0.000144477 0.000106349 7.74192e-05 5.57324e-05 3.96709e-05 2.79194e-05 1.9426e-05 1.33626e-05 9.08748e-06 6.11127e-06 4.06665e-06 2.68252e-06 1.76243e-06 1.16735e-06 8.02152e-07 6.0565e-07 
8.05869e-07 8.96721e-07 1.18512e-06 1.72043e-06 2.59121e-06 3.93489e-06 5.95183e-06 8.92433e-06 1.32409e-05 1.9426e-05 2.81765e-05 4.04026e-05 5.72747e-05 8.02743e-05 0.000111246 0.00015245 0.000206606 0.000276936 0.000367184 0.000481623 0.000625028 0.000802633 0.00102003 0.00128307 0.00159766 0.00196959 0.00240428 0.00290654 0.00348024 0.00412807 0.00485125 0.00564926 0.00651962 0.00745778 0.00845698 0.00950827 0.0106006 0.011721 0.0128546 0.0139855 0.0150967 0.0161704 0.017189 0.0181353 0.0189929 0.0197465 0.0203826 0.0208899 0.021259 0.0214832 0.0215584 0.0214832 0.021259 0.0208899 0.0203826 0.0197465 0.0189929 0.0181353 0.017189 0.0161704 0.0150967 0.0139855 0.0128546 0.011721 0.0106006 0.00950827 0.00845698 0.00745778 0.00651962 0.00564926 0.00485125 0.00412807 0.00348024 0.00290654 0.00240428 0.00196959 0.00159766 0.00128307 0.00102003 0.000802633 0.000625028 0.000481623 0.000367184 0.000276936 0.000206606 0.00015245 0.000111246 8.02743e-05 5.72747e-05 4.04026e-05 2.81765e-05 1.9426e-05 1.32409e-05 8.92433e-06 5.95183e-06 3.93489e-06 2.59121e-06 1.72043e-06 1.18512e-06 8.96721e-07 
1.18088e-06 1.3128e-06 1.73127e-06 2.50704e-06 3.76681e-06 5.7068e-06 8.61241e-06 1.28846e-05 1.90734e-05 2.79194e-05 4.04026e-05 5.77987e-05 8.17427e-05 0.000114295 0.000158013 0.000216012 0.000292032 0.000390477 0.000516441 0.000675706 0.000874706 0.00112044 0.00142035 0.00178214 0.00221355 0.00272209 0.00331469 0.00399739 0.00477494 0.00565045 0.00662503 0.00769748 0.00886402 0.0101181 0.0114504 0.0128488 0.0142983 0.0157817 0.0172796 0.0187708 0.0202332 0.021644 0.0229803 0.02422 0.025342 0.0263269 0.0271576 0.0278195 0.0283009 0.0285931 0.0286911 0.0285931 0.0283009 0.0278195 0.0271576 0.0263269 0.025342 0.02422 0.0229803 0.021644 0.0202332 0.0187708 0.0172796 0.0157817 0.0142983 0.0128488 0.0114504 0.0101181 0.00886402 0.00769748 0.00662503 0.00565045 0.00477494 0.00399739 0.00331469 0.00272209 0.00221355 0.00178214 0.00142035 0.00112044 0.000874706 0.000675706 0.000516441 0.000390477 0.000292032 0.000216012 0.000158013 0.000114295 8.17427e-05 5.77987e-05 4.04026e-05 2.79194e-05 1.90734e-05 1.28846e-05 8.61241e-06 5.7068e-06 3.76681e-06 2.50704e-06 1.73127e-06 1.3128e-06 
1.71108e-06 1.90047e-06 2.50083e-06 3.61236e-06 5.41426e-06 8.18346e-06 1.23218e-05 1.8392e-05 2.71641e-05 3.96709e-05 5.72747e-05 8.17427e-05 0.000115331 0.000160871 0.000221862 0.000302552 0.000408014 0.000544192 0.000717932 0.000936958 0.00120981 0.00154574 0.00195449 0.00244608 0.0030305 0.0037173 0.00451521 0.00543166 0.00647233 0.00764064 0.00893737 0.0103602 0.0119036 0.0135583 0.0153116 0.0171471 0.0190452 0.0209831 0.0229355 0.0248753 0.0267739 0.0286022 0.0303312 0.0319328 0.0333804 0.0346497 0.0357193 0.0365708 0.0371897 0.0375654 0.0376913 0.0375654 0.0371897 0.0365708 0.0357193 0.0346497 0.0333804 0.0319328 0.0303312 0.0286022 0.0267739 0.0248753 0.0229355 0.0209831 0.0190452 0.0171471 0.0153116 0.0135583 0.0119036 0.0103602 0.00893737 0.00764064 0.00647233 0.00543166 0.00451521 0.0037173 0.0030305 0.00244608 0.00195449 0.00154574 0.00120981 0.000936958 0.000717932 0.000544192 0.000408014 0.000302552 0.000221862 0.000160871 0.000115331 8.17427e-05 5.72747e-05 3.96709e-05 2.71641e-05 1.8392e-05 1.23218e-05 8.18346e-06 5.41426e-06 3.61236e-06 2.50083e-06 1.90047e-06 
2.45176e-06 2.7206e-06 3.57223e-06 5.14695e-06 7.69528e-06 1.16036e-05 1.74309e-05 2.59584e-05 3.82509e-05 5.57324e-05 8.02743e-05 0.000114295 0.000160871 0.000223847 0.000307954 0.000418911 0.000563513 0.000749688 0.00098651 0.00128417 0.00165386 0.00210761 0.00265802 0.00331794 0.00410003 0.00501628 0.00607744 0.00729247 0.00866794 0.0102074 0.011911 0.0137747 0.0157905 0.0179455 0.0202227 0.0226004 0.0250528 0.0275507 0.0300615 0.0325507 0.034982 0.0373189 0.0395251 0.0415656 0.0434073 0.0450204 0.0463782 0.0474583 0.0482429 0.0487189 0.0488784 0.0487189 0.0482429 0.0474583 0.0463782 0.0450204 0.0434073 0.0415656 0.0395251 0.0373189 0.034982 0.0325507 0.0300615 0.0275507 0.0250528 0.0226004 0.0202227 0.0179455 0.0157905 0.0137747 0.011911 0.0102074 0.00866794 0.00729247 0.00607744 0.00501628 0.00410003 0.00331794 0.00265802 0.00210761 0.00165386 0.00128417 0.00098651 0.000749688 0.000563513 0.000418911 0.000307954 0.000223847 0.000160871 0.000114295 8.02743e-05 5.57324e-05 3.82509e-05 2.59584e-05 1.74309e-05 1.16036e-05 7.69528e-06 5.14695e-06 3.57223e-06 2.7206e-06 
3.47422e-06 3.85158e-06 5.04616e-06 7.25217e-06 1.08158e-05 1.627e-05 2.43838e-05 3.62286e-05 5.32603e-05 7.74192e-05 0.000111246 0.000158013 0.000221862 0.000307954 0.000422608 0.000573428 0.000769406 0.00102098 0.00134002 0.00173981 0.0022348 0.00284045 0.00357282 0.00444811 0.00548213 0.00668965 0.00808369 0.00967479 0.0114703 0.0134735 0.0156834 0.0180937 0.0206928 0.0234633 0.0263826 0.0294222 0.0325492 0.0357259 0.0389116 0.0420625 0.0451338 0.04808 0.0508563 0.0534199 0.0557306 0.0577517 0.0594513 0.0608021 0.0617827 0.0623774 0.0625767 0.0623774 0.0617827 0.0608021 0.0594513 0.0577517 0.0557306 0.0534199 0.0508563 0.04808 0.0451338 0.0420625 0.0389116 0.0357259 0.0325492 0.0294222 0.0263826 0.0234633 0.0206928 0.0180937 0.0156834 0.0134735 0.0114703 0.00967479 0.00808369 0.00668965 0.00548213 0.00444811 0.00357282 0.00284045 0.0022348 0.00173981 0.00134002 0.00102098 0.000769406 0.000573428 0.000422608 0.000307954 0.000221862 0.000158013 0.000111246 7.74192e-05 5.32603e-05 3.62286e-05 2.43838e-05 1.627e-05 1.08158e-05 7.25217e-06 5.04616e-06 3.85158e-06 
4.86899e-06 5.39281e-06 7.04988e-06 1.0106e-05 1.50342e-05 2.25611e-05 3.37327e-05 5.00017e-05 7.33359e-05 0.000106349 0.00015245 0.000216012 0.000302552 0.000418911 0.000573428 0.000776093 0.00103866 0.00137468 0.00179954 0.00233024 0.00298528 0.0037842 0.00474717 0.00589433 0.00724512 0.00881739 0.0106266 0.0126847 0.0149997 0.0175742 0.0204051 0.0234829 0.0267916 0.0303078 0.0340018 0.0378372 0.0417718 0.0457585 0.0497463 0.0536813 0.0575084 0.0611719 0.0646178 0.0677942 0.0706529 0.0731501 0.0752476 0.0769132 0.0781215 0.0788539 0.0790993 0.0788539 0.0781215 0.0769132 0.0752476 0.0731501 0.0706529 0.0677942 0.0646178 0.0611719 0.0575084 0.0536813 0.0497463 0.0457585 0.0417718 0.0378372 0.0340018 0.0303078 0.0267916 0.0234829 0.0204051 0.0175742 0.0149997 0.0126847 0.0106266 0.00881739 0.00724512 0.00589433 0.00474717 0.0037842 0.00298528 0.00233024 0.00179954 0.00137468 0.00103866 0.000776093 0.000573428 0.000418911 0.000302552 0.000216012 0.00015245 0.000106349 7.33359e-05 5.00017e-05 3.37327e-05 2.25611e-05 1.50342e-05 1.0106e-05 7.04988e-06 5.39281e-06 
6.74923e-06 7.46836e-06 9.74168e-06 1.39288e-05 2.0669e-05 3.09418e-05 4.61538e-05 6.82524e-05 9.98668e-05 0.000144477 0.000206606 0.000292032 0.000408014 0.000563513 0.000769406 0.00103866 0.00138643 0.00183016 0.00238943 0.00308583 0.00394263 0.00498425 0.00623564 0.00772146 0.00946517 0.011488 0.0138078 0.0164379 0.0193863 0.0226543 0.0262358 0.0301171 0.034276 0.0386819 0.0432963 0.048073 0.0529593 0.0578966 0.0628222 0.0676707 0.072375 0.0768688 0.0810871 0.0849685 0.0884561 0.0914985 0.094051 0.096076 0.0975439 0.0984333 0.0987312 0.0984333 0.0975439 0.096076 0.094051 0.0914985 0.0884561 0.0849685 0.0810871 0.0768688 0.072375 0.0676707 0.0628222 0.0578966 0.0529593 0.048073 0.0432963 0.0386819 0.034276 0.0301171 0.0262358 0.0226543 0.0193863 0.0164379 0.0138078 0.011488 0.00946517 0.00772146 0.00623564 0.00498425 0.00394263 0.00308583 0.00238943 0.00183016 0.00138643 0.00103866 0.000769406 0.000563513 0.000408014 0.000292032 0.000206606 0.000144477 9.98668e-05 6.82524e-05 4.61538e-05 3.09418e-05 2.0669e-05 1.39288e-05 9.74168e-06 7.46836e-06 
9.25415e-06 1.02306e-05 1.33154e-05 1.89896e-05 2.81073e-05 4.19745e-05 6.24613e-05 9.21492e-05 0.000134512 0.00019413 0.000276936 0.000390477 0.000544192 0.000749688 0.00102098 0.00137468 0.00183016 0.00240948 0.00313735 0.00404079 0.00514869 0.00649112 0.0080985 0.0100006 0.0122252 0.014797 0.0177361 0.0210571 0.0247669 0.0288647 0.0333405 0.0381744 0.0433367 0.0487878 0.0544786 0.0603514 0.0663408 0.0723753 0.0783791 0.0842734 0.0899786 0.0954159 0.100509 0.105187 0.109383 0.113039 0.116101 0.118529 0.120287 0.121352 0.121708 0.121352 0.120287 0.118529 0.116101 0.113039 0.109383 0.105187 0.100509 0.0954159 0.0899786 0.0842734 0.0783791 0.0723753 0.0663408 0.0603514 0.0544786 0.0487878 0.0433367 0.0381744 0.0333405 0.0288647 0.0247669 0.0210571 0.0177361 0.014797 0.0122252 0.0100006 0.0080985 0.00649112 0.00514869 0.00404079 0.00313735 0.00240948 0.00183016 0.00137468 0.00102098 0.000749688 0.000544192 0.000390477 0.000276936 0.00019413 0.000134512 9.21492e-05 6.24613e-05 4.19745e-05 2.81073e-05 1.89896e-05 1.33154e-05 1.02306e-05 
1.25522e-05 1.38638e-05 1.80042e-05 2.56104e-05 3.78108e-05 5.63273e-05 8.36189e-05 0.00012307 0.000179218 0.000258026 0.000367184 0.000516441 0.000717932 0.00098651 0.00134002 0.00179954 0.00238943 0.00313735 0.00407404 0.00523289 0.00664928 0.00835973 0.0104008 0.0128077 0.015613 0.0188447 0.022525 0.0266685 0.0312808 0.0363575 0.0418828 0.0478294 0.0541581 0.0608182 0.0677481 0.0748765 0.0821237 0.0894037 0.0966257 0.103697 0.110523 0.117014 0.123081 0.128641 0.133621 0.137951 0.141575 0.144444 0.146521 0.147778 0.148199 0.147778 0.146521 0.144444 0.141575 0.137951 0.133621 0.128641 0.123081 0.117014 0.110523 0.103697 0.0966257 0.0894037 0.0821237 0.0748765 0.0677481 0.0608182 0.0541581 0.0478294 0.0418828 0.0363575 0.0312808 0.0266685 0.022525 0.0188447 0.015613 0.0128077 0.0104008 0.00835973 0.00664928 0.00523289 0.00407404 0.00313735 0.00238943 0.00179954 0.00134002 0.00098651 0.000717932 0.000516441 0.000367184 0.000258026 0.000179218 0.00012307 8.36189e-05 5.63273e-05 3.78108e-05 2.56104e-05 1.80042e-05 1.38638e-05 
1.68438e-05 1.85866e-05 2.40845e-05 3.41711e-05 5.03214e-05 7.47807e-05 0.000110747 0.000162608 0.000236226 0.000339277 0.000481623 0.000675706 0.000936958 0.00128417 0.00173981 0.00233024 0.00308583 0.00404079 0.00523289 0.00670282 0.0084934 0.0106483 0.0132109 0.0162221 0.0197192 0.0237334 0.0282883 0.0333978 0.0390647 0.0452794 0.0520186 0.0592456 0.0669095 0.0749463 0.08328 0.0918235 0.100481 0.10915 0.117725 0.126096 0.134156 0.141801 0.148929 0.15545 0.161277 0.166338 0.170566 0.173911 0.176329 0.177792 0.178282 0.177792 0.176329 0.173911 0.170566 0.166338 0.161277 0.15545 0.148929 0.141801 0.134156 0.126096 0.117725 0.10915 0.100481 0.0918235 0.08328 0.0749463 0.0669095 0.0592456 0.0520186 0.0452794 0.0390647 0.0333978 0.0282883 0.0237334 0.0197192 0.0162221 0.0132109 0.0106483 0.0084934 0.00670282 0.00523289 0.00404079 0.00308583 0.00233024 0.00173981 0.00128417 0.000936958 0.000675706 0.000481623 0.000339277 0.000236226 0.000162608 0.000110747 7.47807e-05 5.03214e-05 3.41711e-05 2.40845e-05 1.85866e-05 
2.2363e-05 2.46542e-05 3.18771e-05 4.5111e-05 6.62629e-05 9.82292e-05 0.000145124 0.000212573 0.00030807 0.000441387 0.000625028 0.000874706 0.00120981 0.00165386 0.0022348 0.00298528 0.00394263 0.00514869 0.00664928 0.0084934 0.0107321 0.013417 0.0165984 0.0203236 0.024634 0.0295637 0.0351367 0.041365 0.0482468 0.0557655 0.0638883 0.0725665 0.0817353 0.0913154 0.101214 0.111326 0.121538 0.131731 0.14178 0.151562 0.160954 0.169837 0.178102 0.185644 0.192372 0.198204 0.20307 0.206914 0.209692 0.211371 0.211932 0.211371 0.209692 0.206914 0.20307 0.198204 0.192372 0.185644 0.178102 0.169837 0.160954 0.151562 0.14178 0.131731 0.121538 0.111326 0.101214 0.0913154 0.0817353 0.0725665 0.0638883 0.0557655 0.0482468 0.041365 0.0351367 0.0295637 0.024634 0.0203236 0.0165984 0.013417 0.0107321 0.0084934 0.00664928 0.00514869 0.00394263 0.00298528 0.0022348 0.00165386 0.00120981 0.000874706 0.000625028 0.000441387 0.00030807 0.000212573 0.000145124 9.82292e-05 6.62629e-05 4.5111e-05 3.18771e-05 2.46542e-05 
2.93784e-05 3.23589e-05 4.1748e-05 5.89288e-05 8.63401e-05 0.000127678 0.00018818 0.000274982 0.000397557 0.000568213 0.000802633 0.00112044 0.00154574 0.00210761 0.00284045 0.0037842 0.00498425 0.00649112 0.00835973 0.0106483 0.013417 0.0167257 0.0206324 0.0251899 0.0304441 0.0364306 0.0431726 0.0506786 0.0589403 0.0679318 0.0776082 0.0879065 0.0987456 0.110028 0.121642 0.133464 0.14536 0.157193 0.168821 0.180104 0.190905 0.201094 0.210547 0.219155 0.226817 0.233447 0.238971 0.243328 0.246474 0.248374 0.24901 0.248374 0.246474 0.243328 0.238971 0.233447 0.226817 0.219155 0.210547 0.201094 0.190905 0.180104 0.168821 0.157193 0.14536 0.133464 0.121642 0.110028 0.0987456 0.0879065 0.0776082 0.0679318 0.0589403 0.0506786 0.0431726 0.0364306 0.0304441 0.0251899 0.0206324 0.0167257 0.013417 0.0106483 0.00835973 0.00649112 0.00498425 0.0037842 0.00284045 0.00210761 0.00154574 0.00112044 0.000802633 0.000568213 0.000397557 0.000274982 0.00018818 0.000127678 8.63401e-05 5.89288e-05 4.1748e-05 3.23589e-05 
3.81919e-05 4.20286e-05 5.41066e-05 7.61791e-05 0.000111333 0.000164235 0.000241481 0.000352028 0.000507725 0.000723907 0.00102003 0.00142035 0.00195449 0.00265802 0.00357282 0.00474717 0.00623564 0.0080985 0.0104008 0.0132109 0.0165984 0.0206324 0.0253778 0.0308935 0.0372282 0.0444184 0.0524846 0.0614297 0.0712368 0.0818677 0.0932632 0.105343 0.118007 0.131137 0.144601 0.158254 0.171943 0.185509 0.198796 0.211645 0.223907 0.23544 0.246112 0.255805 0.264415 0.27185 0.278034 0.282907 0.286421 0.288542 0.289252 0.288542 0.286421 0.282907 0.278034 0.27185 0.264415 0.255805 0.246112 0.23544 0.223907 0.211645 0.198796 0.185509 0.171943 0.158254 0.144601 0.131137 0.118007 0.105343 0.0932632 0.0818677 0.0712368 0.0614297 0.0524846 0.0444184 0.0372282 0.0308935 0.0253778 0.0206324 0.0165984 0.0132109 0.0104008 0.0080985 0.00623564 0.00474717 0.00357282 0.00265802 0.00195449 0.00142035 0.00102003 0.000723907 0.000507725 0.000352028 0.000241481 0.000164235 0.000111333 7.61791e-05 5.41066e-05 4.20286e-05 
4.91354e-05 5.40233e-05 6.94001e-05 9.7465e-05 0.000142084 0.00020909 0.000306701 0.000446044 0.000641786 0.00091283 0.00128307 0.00178214 0.00244608 0.00331794 0.00444811 0.00589433 0.00772146 0.0100006 0.0128077 0.0162221 0.0203236 0.0251899 0.0308935 0.0374977 0.0450538 0.0535967 0.0631427 0.0736866 0.0851998 0.0976295 0.110899 0.124907 0.139534 0.154637 0.170062 0.185643 0.201204 0.216569 0.231562 0.246011 0.259756 0.272643 0.284534 0.295307 0.304853 0.313079 0.31991 0.325285 0.329157 0.331492 0.332273 0.331492 0.329157 0.325285 0.31991 0.313079 0.304853 0.295307 0.284534 0.272643 0.259756 0.246011 0.231562 0.216569 0.201204 0.185643 0.170062 0.154637 0.139534 0.124907 0.110899 0.0976295 0.0851998 0.0736866 0.0631427 0.0535967 0.0450538 0.0374977 0.0308935 0.0251899 0.0203236 0.0162221 0.0128077 0.0100006 0.00772146 0.00589433 0.00444811 0.00331794 0.00244608 0.00178214 0.00128307 0.00091283 0.000641786 0.000446044 0.000306701 0.00020909 0.000142084 9.7465e-05 6.94001e-05 5.40233e-05 
6.25654e-05 6.87291e-05 8.8106e-05 0.000123427 0.000179484 0.000263492 0.000385586 0.000559448 0.000803042 0.00113944 0.00159766 0.00221355 0.0030305 0.00410003 0.00548213 0.00724512 0.00946517 0.0122252 0.015613 0.0197192 0.024634 0.0304441 0.0372282 0.0450538 0.0539722 0.0640156 0.0751932 0.0874888 0.100859 0.115234 0.130516 0.146581 0.163283 0.180459 0.197928 0.215501 0.232981 0.250174 0.266887 0.282936 0.298149 0.312367 0.325448 0.337265 0.34771 0.356692 0.364137 0.369986 0.374194 0.376731 0.377579 0.376731 0.374194 0.369986 0.364137 0.356692 0.34771 0.337265 0.325448 0.312367 0.298149 0.282936 0.266887 0.250174 0.232981 0.215501 0.197928 0.180459 0.163283 0.146581 0.130516 0.115234 0.100859 0.0874888 0.0751932 0.0640156 0.0539722 0.0450538 0.0372282 0.0304441 0.024634 0.0197192 0.015613 0.0122252 0.00946517 0.00724512 0.00548213 0.00410003 0.0030305 0.00221355 0.00159766 0.00113944 0.000803042 0.000559448 0.000385586 0.000263492 0.000179484 0.000123427 8.8106e-05 6.87291e-05 
7.88549e-05 8.65487e-05 0.00011072 0.000154725 0.000224444 0.000328711 0.000479901 0.000694663 0.000994782 0.00140812 0.00196959 0.00272209 0.0037173 0.00501628 0.00668965 0.00881739 0.011488 0.014797 0.0188447 0.0237334 0.0295637 0.0364306 0.0444184 0.0535967 0.0640156 0.0757015 0.0886539 0.102843 0.118207 0.134655 0.152065 0.170288 0.189153 0.208469 0.228029 0.247623 0.267032 0.286044 0.304452 0.322062 0.338695 0.354186 0.368392 0.381189 0.392471 0.40215 0.410157 0.416438 0.420951 0.423669 0.424577 0.423669 0.420951 0.416438 0.410157 0.40215 0.392471 0.381189 0.368392 0.354186 0.338695 0.322062 0.304452 0.286044 0.267032 0.247623 0.228029 0.208469 0.189153 0.170288 0.152065 0.134655 0.118207 0.102843 0.0886539 0.0757015 0.0640156 0.0535967 0.0444184 0.0364306 0.0295637 0.0237334 0.0188447 0.014797 0.011488 0.00881739 0.00668965 0.00501628 0.0037173 0.00272209 0.00196959 0.00140812 0.000994782 0.000694663 0.000479901 0.000328711 0.000224444 0.000154725 0.00011072 8.65487e-05 
9.83815e-05 0.000107889 0.00013774 0.000192018 0.000277868 0.000405997 0.000591365 0.000854034 0.00122016 0.00172305 0.00240428 0.00331469 0.00451521 0.00607744 0.00808369 0.0106266 0.0138078 0.0177361 0.022525 0.0282883 0.0351367 0.0431726 0.0524846 0.0631427 0.0751932 0.0886539 0.103512 0.119718 0.137192 0.155818 0.175445 0.195899 0.216978 0.238465 0.260127 0.28173 0.303038 0.32382 0.34386 0.362954 0.380919 0.397591 0.41283 0.426514 0.438544 0.44884 0.45734 0.463995 0.468772 0.471646 0.472606 0.471646 0.468772 0.463995 0.45734 0.44884 0.438544 0.426514 0.41283 0.397591 0.380919 0.362954 0.34386 0.32382 0.303038 0.28173 0.260127 0.238465 0.216978 0.195899 0.175445 0.155818 0.137192 0.119718 0.103512 0.0886539 0.0751932 0.0631427 0.0524846 0.0431726 0.0351367 0.0282883 0.022525 0.0177361 0.0138078 0.0106266 0.00808369 0.00607744 0.00451521 0.00331469 0.00240428 0.00172305 0.00122016 0.000854034 0.000591365 0.000405997 0.000277868 0.000192018 0.00013774 0.000107889 
0.000121514 0.000133148 0.000169649 0.000235939 0.000340614 0.000496525 0.000721581 0.00103972 0.00148203 0.00208797 0.00290654 0.00399739 0.00543166 0.00729247 0.00967479 0.0126847 0.0164379 0.0210571 0.0266685 0.0333978 0.041365 0.0506786 0.0614297 0.0736866 0.0874888 0.102843 0.119718 0.138048 0.157724 0.178602 0.200506 0.223227 0.246536 0.270186 0.293921 0.317481 0.340615 0.363079 0.384646 0.40511 0.424287 0.442016 0.458163 0.472615 0.485284 0.496098 0.505005 0.511967 0.516956 0.519956 0.520957 0.519956 0.516956 0.511967 0.505005 0.496098 0.485284 0.472615 0.458163 0.442016 0.424287 0.40511 0.384646 0.363079 0.340615 0.317481 0.293921 0.270186 0.246536 0.223227 0.200506 0.178602 0.157724 0.138048 0.119718 0.102843 0.0874888 0.0736866 0.0614297 0.0506786 0.041365 0.0333978 0.0266685 0.0210571 0.0164379 0.0126847 0.00967479 0.00729247 0.00543166 0.00399739 0.00290654 0.00208797 0.00148203 0.00103972 0.000721581 0.000496525 0.000340614 0.000235939 0.000169649 0.000133148 
0.000148595 0.000162691 0.000206889 0.000287062 0.000413451 0.000601336 0.000871948 0.00125358 0.00178283 0.00250598 0.00348024 0.00477494 0.00647233 0.00866794 0.0114703 0.0149997 0.0193863 0.0247669 0.0312808 0.0390647 0.0482468 0.0589403 0.0712368 0.0851998 0.100859 0.118207 0.137192 0.157724 0.179665 0.202842 0.227045 0.252035 0.277551 0.303317 0.329053 0.35448 0.379329 0.403347 0.426302 0.447988 0.468224 0.486858 0.503764 0.518844 0.532021 0.543238 0.552455 0.559645 0.564791 0.567881 0.568912 0.567881 0.564791 0.559645 0.552455 0.543238 0.532021 0.518844 0.503764 0.486858 0.468224 0.447988 0.426302 0.403347 0.379329 0.35448 0.329053 0.303317 0.277551 0.252035 0.227045 0.202842 0.179665 0.157724 0.137192 0.118207 0.100859 0.0851998 0.0712368 0.0589403 0.0482468 0.0390647 0.0312808 0.0247669 0.0193863 0.0149997 0.0114703 0.00866794 0.00647233 0.00477494 0.00348024 0.00250598 0.00178283 0.00125358 0.000871948 0.000601336 0.000413451 0.000287062 0.000206889 0.000162691 
0.000179921 0.000196835 0.000249838 0.000345869 0.000497016 0.000721273 0.00104357 0.00149704 0.00212436 0.00297931 0.00412807 0.00565045 0.00764064 0.0102074 0.0134735 0.0175742 0.0226543 0.0288647 0.0363575 0.0452794 0.0557655 0.0679318 0.0818677 0.0976295 0.115234 0.134655 0.155818 0.178602 0.202842 0.22833 0.254821 0.282043 0.309704 0.3375 0.365129 0.392292 0.418709 0.444119 0.468291 0.491021 0.512138 0.5315 0.548999 0.564549 0.578092 0.589586 0.599007 0.60634 0.61158 0.614724 0.615772 0.614724 0.61158 0.60634 0.599007 0.589586 0.578092 0.564549 0.548999 0.5315 0.512138 0.491021 0.468291 0.444119 0.418709 0.392292 0.365129 0.3375 0.309704 0.282043 0.254821 0.22833 0.202842 0.178602 0.155818 0.134655 0.115234 0.0976295 0.0818677 0.0679318 0.0557655 0.0452794 0.0363575 0.0288647 0.0226543 0.0175742 0.0134735 0.0102074 0.00764064 0.00565045 0.00412807 0.00297931 0.00212436 0.00149704 0.00104357 0.000721273 0.000497016 0.000345869 0.000249838 0.000196835 
0.000215725 0.000235827 0.000298781 0.000412715 0.00059176 0.000856912 0.00123718 0.00177099 0.00250768 0.00350915 0.00485125 0.00662503 0.00893737 0.011911 0.0156834 0.0204051 0.0262358 0.0333405 0.0418828 0.0520186 0.0638883 0.0776082 0.0932632 0.110899 0.130516 0.152065 0.175445 0.200506 0.227045 0.254821 0.283552 0.312933 0.342641 0.372346 0.401722 0.430459 0.458265 0.484879 0.51007 0.533645 0.555445 0.575345 0.593254 0.609107 0.622864 0.634503 0.644017 0.651406 0.656677 0.659836 0.660888 0.659836 0.656677 0.651406 0.644017 0.634503 0.622864 0.609107 0.593254 0.575345 0.555445 0.533645 0.51007 0.484879 0.458265 0.430459 0.401722 0.372346 0.342641 0.312933 0.283552 0.254821 0.227045 0.200506 0.175445 0.152065 0.130516 0.110899 0.0932632 0.0776082 0.0638883 0.0520186 0.0418828 0.0333405 0.0262358 0.0204051 0.0156834 0.011911 0.00893737 0.00662503 0.00485125 0.00350915 0.00250768 0.00177099 0.00123718 0.000856912 0.00059176 0.000412715 0.000298781 0.000235827 
0.000256151 0.000279816 0.000353887 0.000487792 0.000697905 0.0010085 0.00145303 0.00207564 0.00293289 0.00409537 0.00564926 0.00769748 0.0103602 0.0137747 0.0180937 0.0234829 0.0301171 0.0381744 0.0478294 0.0592456 0.0725665 0.0879065 0.105343 0.124907 0.146581 0.170288 0.195899 0.223227 0.252035 0.282043 0.312933 0.344367 0.37599 0.407449 0.4384 0.468519 0.497511 0.525117 0.551113 0.57532 0.597594 0.617832 0.635964 0.651948 0.665766 0.677418 0.686914 0.694272 0.699511 0.702647 0.703691 0.702647 0.699511 0.694272 0.686914 0.677418 0.665766 0.651948 0.635964 0.617832 0.597594 0.57532 0.551113 0.525117 0.497511 0.468519 0.4384 0.407449 0.37599 0.344367 0.312933 0.282043 0.252035 0.223227 0.195899 0.170288 0.146581 0.124907 0.105343 0.0879065 0.0725665 0.0592456 0.0478294 0.0381744 0.0301171 0.0234829 0.0180937 0.0137747 0.0103602 0.00769748 0.00564926 0.00409537 0.00293289 0.00207564 0.00145303 0.0010085 0.000697905 0.000487792 0.000353887 0.000279816 
0.000301236 0.000328836 0.000415176 0.000571096 0.000815396 0.00117589 0.00169081 0.00241046 0.00339905 0.00473641 0.00651962 0.00886402 0.0119036 0.0157905 0.0206928 0.0267916 0.034276 0.0433367 0.0541581 0.0669095 0.0817353 0.0987456 0.118007 0.139534 0.163283 0.189153 0.216978 0.246536 0.277551 0.309704 0.342641 0.37599 0.409369 0.442402 0.47473 0.506021 0.535981 0.564354 0.590931 0.615549 0.638085 0.658461 0.67663 0.692577 0.706307 0.717843 0.727216 0.734459 0.739606 0.742683 0.743707 0.742683 0.739606 0.734459 0.727216 0.717843 0.706307 0.692577 0.67663 0.658461 0.638085 0.615549 0.590931 0.564354 0.535981 0.506021 0.47473 0.442402 0.409369 0.37599 0.342641 0.309704 0.277551 0.246536 0.216978 0.189153 0.163283 0.139534 0.118007 0.0987456 0.0817353 0.0669095 0.0541581 0.0433367 0.034276 0.0267916 0.0206928 0.0157905 0.0119036 0.00886402 0.00651962 0.00473641 0.00339905 0.00241046 0.00169081 0.00117589 0.000815396 0.000571096 0.000415176 0.000328836 
0.00035089 0.000382783 0.0004825 0.000662394 0.000943861 0.00135849 0.0019496 0.00277402 0.00390402 0.00542915 0.00745778 0.0101181 0.0135583 0.0179455 0.0234633 0.0303078 0.0386819 0.0487878 0.0608182 0.0749463 0.0913154 0.110028 0.131137 0.154637 0.180459 0.208469 0.238465 0.270186 0.303317 0.3375 0.372346 0.407449 0.442402 0.47681 0.510302 0.542544 0.573242 0.602155 0.629088 0.653898 0.67649 0.69681 0.71484 0.73059 0.744093 0.755394 0.764546 0.771599 0.7766 0.779585 0.780577 0.779585 0.7766 0.771599 0.764546 0.755394 0.744093 0.73059 0.71484 0.69681 0.67649 0.653898 0.629088 0.602155 0.573242 0.542544 0.510302 0.47681 0.442402 0.407449 0.372346 0.3375 0.303317 0.270186 0.238465 0.208469 0.180459 0.154637 0.131137 0.110028 0.0913154 0.0749463 0.0608182 0.0487878 0.0386819 0.0303078 0.0234633 0.0179455 0.0135583 0.0101181 0.00745778 0.00542915 0.00390402 0.00277402 0.0019496 0.00135849 0.000943861 0.000662394 0.0004825 0.000382783 
0.000404883 0.000441402 0.000555522 0.000761204 0.00108258 0.00155524 0.00222782 0.003164 0.00444445 0.00616876 0.00845698 0.0114504 0.0153116 0.0202227 0.0263826 0.0340018 0.0432963 0.0544786 0.0677481 0.08328 0.101214 0.121642 0.144601 0.170062 0.197928 0.228029 0.260127 0.293921 0.329053 0.365129 0.401722 0.4384 0.47473 0.510302 0.544738 0.577704 0.608914 0.638141 0.665212 0.690008 0.71246 0.732545 0.750273 0.765683 0.778835 0.789796 0.798641 0.805437 0.810245 0.81311 0.814062 0.81311 0.810245 0.805437 0.798641 0.789796 0.778835 0.765683 0.750273 0.732545 0.71246 0.690008 0.665212 0.638141 0.608914 0.577704 0.544738 0.510302 0.47473 0.4384 0.401722 0.365129 0.329053 0.293921 0.260127 0.228029 0.197928 0.170062 0.144601 0.121642 0.101214 0.08328 0.0677481 0.0544786 0.0432963 0.0340018 0.0263826 0.0202227 0.0153116 0.0114504 0.00845698 0.00616876 0.00444445 0.003164 0.00222782 0.00155524 0.00108258 0.000761204 0.000555522 0.000441402 
0.00046283 0.00050427 0.000633706 0.000866775 0.00123048 0.00176455 0.00252319 0.00357713 0.00501569 0.00694877 0.00950827 0.0128488 0.0171471 0.0226004 0.0294222 0.0378372 0.048073 0.0603514 0.0748765 0.0918235 0.111326 0.133464 0.158254 0.185643 0.215501 0.247623 0.28173 0.317481 0.35448 0.392292 0.430459 0.468519 0.506021 0.542544 0.577704 0.611172 0.642675 0.672004 0.69901 0.7236 0.745738 0.765428 0.782712 0.797658 0.810351 0.820885 0.829351 0.835836 0.840412 0.843135 0.844039 0.843135 0.840412 0.835836 0.829351 0.820885 0.810351 0.797658 0.782712 0.765428 0.745738 0.7236 0.69901 0.672004 0.642675 0.611172 0.577704 0.542544 0.506021 0.468519 0.430459 0.392292 0.35448 0.317481 0.28173 0.247623 0.215501 0.185643 0.158254 0.133464 0.111326 0.0918235 0.0748765 0.0603514 0.048073 0.0378372 0.0294222 0.0226004 0.0171471 0.0128488 0.00950827 0.00694877 0.00501569 0.00357713 0.00252319 0.00176455 0.00123048 0.000866775 0.000633706 0.00050427 
0.00052419 0.000570797 0.000716308 0.00097809 0.00138611 0.00198436 0.00283274 0.00400919 0.00561187 0.00776106 0.0106006 0.0142983 0.0190452 0.0250528 0.0325492 0.0417718 0.0529593 0.0663408 0.0821237 0.100481 0.121538 0.14536 0.171943 0.201204 0.232981 0.267032 0.303038 0.340615 0.379329 0.418709 0.458265 0.497511 0.535981 0.573242 0.608914 0.642675 0.674269 0.703506 0.730264 0.754482 0.776153 0.795313 0.812036 0.826416 0.838567 0.848603 0.856636 0.862768 0.867083 0.869646 0.870496 0.869646 0.867083 0.862768 0.856636 0.848603 0.838567 0.826416 0.812036 0.795313 0.776153 0.754482 0.730264 0.703506 0.674269 0.642675 0.608914 0.573242 0.535981 0.497511 0.458265 0.418709 0.379329 0.340615 0.303038 0.267032 0.232981 0.201204 0.171943 0.14536 0.121538 0.100481 0.0821237 0.0663408 0.0529593 0.0417718 0.0325492 0.0250528 0.0190452 0.0142983 0.0106006 0.00776106 0.00561187 0.00400919 0.00283274 0.00198436 0.00138611 0.00097809 0.000716308 0.000570797 
0.000588264 0.000640225 0.000802379 0.00109386 0.00154765 0.00221208 0.00315283 0.00445511 0.00622592 0.00859598 0.011721 0.0157817 0.0209831 0.0275507 0.0357259 0.0457585 0.0578966 0.0723753 0.0894037 0.10915 0.131731 0.157193 0.185509 0.216569 0.250174 0.286044 0.32382 0.363079 0.403347 0.444119 0.484879 0.525117 0.564354 0.602155 0.638141 0.672004 0.703506 0.732482 0.758838 0.782543 0.803623 0.822147 0.838216 0.851955 0.8635 0.872988 0.88055 0.8863 0.890336 0.892728 0.89352 0.892728 0.890336 0.8863 0.88055 0.872988 0.8635 0.851955 0.838216 0.822147 0.803623 0.782543 0.758838 0.732482 0.703506 0.672004 0.638141 0.602155 0.564354 0.525117 0.484879 0.444119 0.403347 0.363079 0.32382 0.286044 0.250174 0.216569 0.185509 0.157193 0.131731 0.10915 0.0894037 0.0723753 0.0578966 0.0457585 0.0357259 0.0275507 0.0209831 0.0157817 0.011721 0.00859598 0.00622592 0.00445511 0.00315283 0.00221208 0.00154765 0.00109386 0.000802379 0.000640225 
