3.05221e-06 3.23424e-06 3.79565e-06 4.78312e-06 6.27659e-06 8.39259e-06 1.12886e-05 1.51687e-05 2.02898e-05 2.6969e-05 3.55909e-05 4.66154e-05 6.05845e-05 7.81288e-05 9.99715e-05 0.000126931 0.000159922 0.000199946 0.000248088 0.000305503 0.000373391 0.000452978 0.000545484 0.000652087 0.000773881 0.000911833 0.00106673 0.00123915 0.00142939 0.00163741 0.00186284 0.00210492 0.00236244 0.00263378 0.0029169 0.00320932 0.00350816 0.0038102 0.00411189 0.00440948 0.00469901 0.00497648 0.00523788 0.00547929 0.00569702 0.00588761 0.00604803 0.00617564 0.00626835 0.0063246 0.00634345 0.0063246 0.00626835 0.00617564 0.00604803 0.00588761 0.00569702 0.00547929 0.00523788 0.00497648 0.00469901 0.00440948 0.00411189 0.0038102 0.00350816 0.00320932 0.0029169 0.00263378 0.00236244 0.00210492 0.00186284 0.00163741 0.00142939 0.00123915 0.00106673 0.000911833 0.000773881 0.000652087 0.000545484 0.000452978 0.000373391 0.000305503 0.000248088 0.000199946 0.000159922 0.000126931 9.99715e-05 7.81288e-05 6.05845e-05 4.66154e-05 3.55909e-05 2.6969e-05 2.02898e-05 1.51687e-05 1.12886e-05 8.39259e-06 6.27659e-06 4.78312e-06 3.79565e-06 3.23424e-06 
3.23424e-06 3.42661e-06 4.01986e-06 5.0631e-06 6.64048e-06 8.87457e-06 1.1931e-05 1.60242e-05 2.1424e-05 2.84634e-05 3.7546e-05 4.91536e-05 6.38544e-05 8.23082e-05 0.000105272 0.000133601 0.000168249 0.000210264 0.000260776 0.000320986 0.000392144 0.000475525 0.000572393 0.00068397 0.000811386 0.00095564 0.00111754 0.00129768 0.00149633 0.00171348 0.0019487 0.00220118 0.00246967 0.00275247 0.00304744 0.00335199 0.00366313 0.00397749 0.00429142 0.00460099 0.00490211 0.00519061 0.00546234 0.00571326 0.00593952 0.00613756 0.00630421 0.00643678 0.00653308 0.00659151 0.00661109 0.00659151 0.00653308 0.00643678 0.00630421 0.00613756 0.00593952 0.00571326 0.00546234 0.00519061 0.00490211 0.00460099 0.00429142 0.00397749 0.00366313 0.00335199 0.00304744 0.00275247 0.00246967 0.00220118 0.0019487 0.00171348 0.00149633 0.00129768 0.00111754 0.00095564 0.000811386 0.00068397 0.000572393 0.000475525 0.000392144 0.000320986 0.000260776 0.000210264 0.000168249 0.000133601 0.000105272 8.23082e-05 6.38544e-05 4.91536e-05 3.7546e-05 2.84634e-05 2.1424e-05 1.60242e-05 1.1931e-05 8.87457e-06 6.64048e-06 5.0631e-06 4.01986e-06 3.42661e-06 
3.79565e-06 4.01986e-06 4.71109e-06 5.92598e-06 7.76153e-06 1.03589e-05 1.39085e-05 1.86568e-05 2.49133e-05 3.30594e-05 4.35562e-05 5.6954e-05 7.38997e-05 9.51436e-05 0.000121544 0.00015407 0.000193798 0.000241909 0.000299674 0.000368439 0.000449602 0.000544582 0.000654785 0.000781559 0.000926149 0.00108964 0.00127292 0.00147659 0.00170094 0.00194589 0.00221094 0.00249514 0.00279704 0.00311471 0.00344574 0.0037872 0.00413575 0.00448763 0.00483874 0.00518473 0.00552105 0.00584308 0.00614622 0.006426 0.00667817 0.0068988 0.00708442 0.00723203 0.00733923 0.00740427 0.00742607 0.00740427 0.00733923 0.00723203 0.00708442 0.0068988 0.00667817 0.006426 0.00614622 0.00584308 0.00552105 0.00518473 0.00483874 0.00448763 0.00413575 0.0037872 0.00344574 0.00311471 0.00279704 0.00249514 0.00221094 0.00194589 0.00170094 0.00147659 0.00127292 0.00108964 0.000926149 0.000781559 0.000654785 0.000544582 0.000449602 0.000368439 0.000299674 0.000241909 0.000193798 0.00015407 0.000121544 9.51436e-05 7.38997e-05 5.6954e-05 4.35562e-05 3.30594e-05 2.49133e-05 1.86568e-05 1.39085e-05 1.03589e-05 7.76153e-06 5.92598e-06 4.71109e-06 4.01986e-06 
4.78312e-06 5.0631e-06 5.92598e-06 7.44151e-06 9.72904e-06 1.2962e-05 1.73743e-05 2.32675e-05 3.10204e-05 4.10979e-05 5.40616e-05 7.05796e-05 9.14353e-05 0.000117535 0.000149913 0.000189732 0.000238282 0.000296971 0.000367312 0.000450899 0.000549382 0.000664429 0.000797682 0.000950707 0.00112494 0.00132162 0.00154173 0.00178594 0.00205451 0.00234729 0.00266361 0.00300228 0.00336153 0.00373904 0.00413188 0.0045366 0.00494922 0.0053653 0.00578003 0.00618829 0.00658477 0.00696408 0.00732087 0.00764992 0.00794632 0.00820552 0.00842348 0.00859674 0.00872254 0.00879885 0.00882443 0.00879885 0.00872254 0.00859674 0.00842348 0.00820552 0.00794632 0.00764992 0.00732087 0.00696408 0.00658477 0.00618829 0.00578003 0.0053653 0.00494922 0.0045366 0.00413188 0.00373904 0.00336153 0.00300228 0.00266361 0.00234729 0.00205451 0.00178594 0.00154173 0.00132162 0.00112494 0.000950707 0.000797682 0.000664429 0.000549382 0.000450899 0.000367312 0.000296971 0.000238282 0.000189732 0.000149913 0.000117535 9.14353e-05 7.05796e-05 5.40616e-05 4.10979e-05 3.10204e-05 2.32675e-05 1.73743e-05 1.2962e-05 9.72904e-06 7.44151e-06 5.92598e-06 5.0631e-06 
6.27659e-06 6.64048e-06 7.76153e-06 9.72904e-06 1.26957e-05 1.6883e-05 2.25894e-05 3.01989e-05 4.01926e-05 5.31597e-05 6.98105e-05 9.09871e-05 0.000117675 0.000151009 0.000192283 0.000242945 0.000304597 0.000378981 0.000467959 0.000573489 0.000697586 0.000842275 0.00100954 0.00120126 0.00141914 0.00166464 0.00193888 0.00224258 0.00257601 0.00293885 0.0033302 0.00374851 0.00419153 0.00465635 0.00513933 0.0056362 0.00614209 0.00665156 0.00715876 0.00765748 0.0081413 0.00860371 0.00903828 0.00943876 0.00979923 0.0101143 0.0103791 0.0105895 0.0107422 0.0108348 0.0108658 0.0108348 0.0107422 0.0105895 0.0103791 0.0101143 0.00979923 0.00943876 0.00903828 0.00860371 0.0081413 0.00765748 0.00715876 0.00665156 0.00614209 0.0056362 0.00513933 0.00465635 0.00419153 0.00374851 0.0033302 0.00293885 0.00257601 0.00224258 0.00193888 0.00166464 0.00141914 0.00120126 0.00100954 0.000842275 0.000697586 0.000573489 0.000467959 0.000378981 0.000304597 0.000242945 0.000192283 0.000151009 0.000117675 9.09871e-05 6.98105e-05 5.31597e-05 4.01926e-05 3.01989e-05 2.25894e-05 1.6883e-05 1.26957e-05 9.72904e-06 7.76153e-06 6.64048e-06 
8.39259e-06 8.87457e-06 1.03589e-05 1.2962e-05 1.6883e-05 2.24105e-05 2.99322e-05 3.99466e-05 5.30764e-05 7.00831e-05 9.18815e-05 0.000119554 0.000154363 0.000197759 0.000251389 0.000317092 0.000396893 0.000492987 0.000607712 0.000743514 0.000902898 0.00108837 0.00130237 0.00154719 0.00182488 0.00213717 0.00248538 0.0028703 0.00329211 0.00375033 0.0042437 0.00477016 0.00532681 0.00590992 0.00651489 0.00713634 0.00776818 0.00840366 0.00903549 0.00965604 0.0102574 0.0108315 0.0113706 0.011867 0.0123135 0.0127034 0.013031 0.0132912 0.01348 0.0135945 0.0136328 0.0135945 0.01348 0.0132912 0.013031 0.0127034 0.0123135 0.011867 0.0113706 0.0108315 0.0102574 0.00965604 0.00903549 0.00840366 0.00776818 0.00713634 0.00651489 0.00590992 0.00532681 0.00477016 0.0042437 0.00375033 0.00329211 0.0028703 0.00248538 0.00213717 0.00182488 0.00154719 0.00130237 0.00108837 0.000902898 0.000743514 0.000607712 0.000492987 0.000396893 0.000317092 0.000251389 0.000197759 0.000154363 0.000119554 9.18815e-05 7.00831e-05 5.30764e-05 3.99466e-05 2.99322e-05 2.24105e-05 1.6883e-05 1.2962e-05 1.03589e-05 8.87457e-06 
1.12886e-05 1.1931e-05 1.39085e-05 1.73743e-05 2.25894e-05 2.99322e-05 3.99101e-05 5.31742e-05 7.05364e-05 9.2987e-05 0.000121713 0.000158114 0.000203819 0.000260695 0.000330853 0.000416644 0.000520646 0.000645645 0.000794596 0.000970575 0.00117672 0.00141615 0.00169187 0.00200671 0.00236315 0.00276326 0.00320856 0.00369991 0.00423739 0.00482022 0.00544669 0.00611405 0.00681853 0.00755531 0.00831855 0.00910144 0.00989628 0.0106946 0.0114874 0.0122651 0.0130179 0.0137359 0.0144095 0.0150291 0.0155861 0.0160722 0.0164804 0.0168044 0.0170395 0.017182 0.0172297 0.017182 0.0170395 0.0168044 0.0164804 0.0160722 0.0155861 0.0150291 0.0144095 0.0137359 0.0130179 0.0122651 0.0114874 0.0106946 0.00989628 0.00910144 0.00831855 0.00755531 0.00681853 0.00611405 0.00544669 0.00482022 0.00423739 0.00369991 0.00320856 0.00276326 0.00236315 0.00200671 0.00169187 0.00141615 0.00117672 0.000970575 0.000794596 0.000645645 0.000520646 0.000416644 0.000330853 0.000260695 0.000203819 0.000158114 0.000121713 9.2987e-05 7.05364e-05 5.31742e-05 3.99101e-05 2.99322e-05 2.25894e-05 1.73743e-05 1.39085e-05 1.1931e-05 
1.51687e-05 1.60242e-05 1.86568e-05 2.32675e-05 3.01989e-05 3.99466e-05 5.31742e-05 7.07322e-05 9.36783e-05 0.0001233 0.000161137 0.000208999 0.000268989 0.000343507 0.000435258 0.000547248 0.000682761 0.000845328 0.00103868 0.0012667 0.00153329 0.00184235 0.0021976 0.00260248 0.00306001 0.00357265 0.00414214 0.00476939 0.00545432 0.00619574 0.00699129 0.00783736 0.00872904 0.00966012 0.0106232 0.0116096 0.0126096 0.0136127 0.0146076 0.0155823 0.0165248 0.0174229 0.0182645 0.0190382 0.0197331 0.0203392 0.0208478 0.0212514 0.0215441 0.0217215 0.0217809 0.0217215 0.0215441 0.0212514 0.0208478 0.0203392 0.0197331 0.0190382 0.0182645 0.0174229 0.0165248 0.0155823 0.0146076 0.0136127 0.0126096 0.0116096 0.0106232 0.00966012 0.00872904 0.00783736 0.00699129 0.00619574 0.00545432 0.00476939 0.00414214 0.00357265 0.00306001 0.00260248 0.0021976 0.00184235 0.00153329 0.0012667 0.00103868 0.000845328 0.000682761 0.000547248 0.000435258 0.000343507 0.000268989 0.000208999 0.000161137 0.0001233 9.36783e-05 7.07322e-05 5.31742e-05 3.99466e-05 3.01989e-05 2.32675e-05 1.86568e-05 1.60242e-05 
2.02898e-05 2.1424e-05 2.49133e-05 3.10204e-05 4.01926e-05 5.30764e-05 7.05364e-05 9.36783e-05 0.000123875 0.000162792 0.000212419 0.000275088 0.000353498 0.000450725 0.000570222 0.000715813 0.000891662 0.00110223 0.00135222 0.00164646 0.00198986 0.0023872 0.00284309 0.00336169 0.00394665 0.00460087 0.00532632 0.0061239 0.00699328 0.00793271 0.00893902 0.0100074 0.0111316 0.0123035 0.0135139 0.0147517 0.016005 0.0172603 0.0185038 0.0197206 0.0208959 0.0220147 0.0230621 0.0240241 0.0248875 0.0256402 0.0262714 0.0267721 0.027135 0.0273549 0.0274286 0.0273549 0.027135 0.0267721 0.0262714 0.0256402 0.0248875 0.0240241 0.0230621 0.0220147 0.0208959 0.0197206 0.0185038 0.0172603 0.016005 0.0147517 0.0135139 0.0123035 0.0111316 0.0100074 0.00893902 0.00793271 0.00699328 0.0061239 0.00532632 0.00460087 0.00394665 0.00336169 0.00284309 0.0023872 0.00198986 0.00164646 0.00135222 0.00110223 0.000891662 0.000715813 0.000570222 0.000450725 0.000353498 0.000275088 0.000212419 0.000162792 0.000123875 9.36783e-05 7.05364e-05 5.30764e-05 4.01926e-05 3.10204e-05 2.49133e-05 2.1424e-05 
2.6969e-05 2.84634e-05 3.30594e-05 4.10979e-05 5.31597e-05 7.00831e-05 9.2987e-05 0.0001233 0.000162792 0.000213608 0.000278299 0.000359851 0.00046171 0.000587789 0.000742471 0.000930588 0.00115739 0.00142847 0.0017497 0.0021271 0.00256672 0.00307447 0.00365592 0.00431614 0.00505946 0.00588925 0.0068077 0.00781564 0.00891234 0.0100953 0.0113603 0.0127011 0.0141096 0.0155756 0.0170872 0.0186309 0.0201915 0.0217526 0.0232969 0.0248063 0.0262626 0.0276473 0.0289425 0.030131 0.0311969 0.0321255 0.0329038 0.0335209 0.033968 0.0342389 0.0343297 0.0342389 0.033968 0.0335209 0.0329038 0.0321255 0.0311969 0.030131 0.0289425 0.0276473 0.0262626 0.0248063 0.0232969 0.0217526 0.0201915 0.0186309 0.0170872 0.0155756 0.0141096 0.0127011 0.0113603 0.0100953 0.00891234 0.00781564 0.0068077 0.00588925 0.00505946 0.00431614 0.00365592 0.00307447 0.00256672 0.0021271 0.0017497 0.00142847 0.00115739 0.000930588 0.000742471 0.000587789 0.00046171 0.000359851 0.000278299 0.000213608 0.000162792 0.0001233 9.2987e-05 7.00831e-05 5.31597e-05 4.10979e-05 3.30594e-05 2.84634e-05 
3.55909e-05 3.7546e-05 4.35562e-05 5.40616e-05 6.98105e-05 9.18815e-05 0.000121713 0.000161137 0.000212419 0.000278299 0.000362027 0.000467398 0.000598776 0.000761107 0.000959907 0.00120124 0.00149167 0.00183816 0.00224798 0.00272858 0.00328735 0.0039315 0.00466777 0.00550221 0.00643991 0.00748474 0.00863907 0.00990355 0.0112769 0.0127556 0.0143341 0.0160042 0.0177557 0.0195758 0.0214495 0.02336 0.0252887 0.0272153 0.0291187 0.0309767 0.0327671 0.0344678 0.036057 0.0375141 0.0388197 0.0399563 0.0409085 0.0416631 0.0422097 0.0425408 0.0426516 0.0425408 0.0422097 0.0416631 0.0409085 0.0399563 0.0388197 0.0375141 0.036057 0.0344678 0.0327671 0.0309767 0.0291187 0.0272153 0.0252887 0.02336 0.0214495 0.0195758 0.0177557 0.0160042 0.0143341 0.0127556 0.0112769 0.00990355 0.00863907 0.00748474 0.00643991 0.00550221 0.00466777 0.0039315 0.00328735 0.00272858 0.00224798 0.00183816 0.00149167 0.00120124 0.000959907 0.000761107 0.000598776 0.000467398 0.000362027 0.000278299 0.000212419 0.000161137 0.000121713 9.18815e-05 6.98105e-05 5.40616e-05 4.35562e-05 3.7546e-05 
4.66154e-05 4.91536e-05 5.6954e-05 7.05796e-05 9.09871e-05 0.000119554 0.000158114 0.000208999 0.000275088 0.000359851 0.000467398 0.000602512 0.000770679 0.000978096 0.00123165 0.0015389 0.00190796 0.00234745 0.00286629 0.00347358 0.00417833 0.0049892 0.00591428 0.0069607 0.00813437 0.00943965 0.010879 0.0124528 0.0141588 0.0159925 0.0179463 0.02001 0.0221704 0.0244117 0.0267153 0.0290605 0.0314244 0.0337823 0.0361086 0.0383767 0.0405596 0.0426307 0.0445641 0.0463351 0.0479208 0.0493003 0.0504552 0.05137 0.0520325 0.0524336 0.0525679 0.0524336 0.0520325 0.05137 0.0504552 0.0493003 0.0479208 0.0463351 0.0445641 0.0426307 0.0405596 0.0383767 0.0361086 0.0337823 0.0314244 0.0290605 0.0267153 0.0244117 0.0221704 0.02001 0.0179463 0.0159925 0.0141588 0.0124528 0.010879 0.00943965 0.00813437 0.0069607 0.00591428 0.0049892 0.00417833 0.00347358 0.00286629 0.00234745 0.00190796 0.0015389 0.00123165 0.000978096 0.000770679 0.000602512 0.000467398 0.000359851 0.000275088 0.000208999 0.000158114 0.000119554 9.09871e-05 7.05796e-05 5.6954e-05 4.91536e-05 
6.05845e-05 6.38544e-05 7.38997e-05 9.14353e-05 0.000117675 0.000154363 0.000203819 0.000268989 0.000353498 0.00046171 0.000598776 0.000770679 0.000984258 0.00124721 0.00156807 0.00195616 0.00242146 0.0029745 0.00362617 0.00438747 0.00526924 0.00628183 0.00743481 0.00873649 0.0101936 0.0118111 0.0135912 0.0155338 0.0176358 0.0198908 0.0222891 0.0248177 0.0274601 0.0301967 0.0330048 0.0358589 0.0387312 0.0415922 0.0444108 0.0471551 0.0497931 0.0522931 0.0546245 0.0567581 0.0586668 0.060326 0.0617143 0.0628134 0.0636091 0.0640907 0.0642519 0.0640907 0.0636091 0.0628134 0.0617143 0.060326 0.0586668 0.0567581 0.0546245 0.0522931 0.0497931 0.0471551 0.0444108 0.0415922 0.0387312 0.0358589 0.0330048 0.0301967 0.0274601 0.0248177 0.0222891 0.0198908 0.0176358 0.0155338 0.0135912 0.0118111 0.0101936 0.00873649 0.00743481 0.00628183 0.00526924 0.00438747 0.00362617 0.0029745 0.00242146 0.00195616 0.00156807 0.00124721 0.000984258 0.000770679 0.000598776 0.00046171 0.000353498 0.000268989 0.000203819 0.000154363 0.000117675 9.14353e-05 7.38997e-05 6.38544e-05 
7.81288e-05 8.23082e-05 9.51436e-05 0.000117535 0.000151009 0.000197759 0.000260695 0.000343507 0.000450725 0.000587789 0.000761107 0.000978096 0.00124721 0.00157794 0.00198076 0.00246707 0.00304903 0.00373943 0.00455138 0.00549808 0.00659244 0.00784672 0.00927206 0.0108781 0.0126723 0.01466 0.0168434 0.0192214 0.0217895 0.0245392 0.0274583 0.0305301 0.0337345 0.0370471 0.0404405 0.0438837 0.0473434 0.0507841 0.0541688 0.0574599 0.0606194 0.0636101 0.066396 0.068943 0.0712195 0.073197 0.0748505 0.076159 0.0771058 0.0776788 0.0778706 0.0776788 0.0771058 0.076159 0.0748505 0.073197 0.0712195 0.068943 0.066396 0.0636101 0.0606194 0.0574599 0.0541688 0.0507841 0.0473434 0.0438837 0.0404405 0.0370471 0.0337345 0.0305301 0.0274583 0.0245392 0.0217895 0.0192214 0.0168434 0.01466 0.0126723 0.0108781 0.00927206 0.00784672 0.00659244 0.00549808 0.00455138 0.00373943 0.00304903 0.00246707 0.00198076 0.00157794 0.00124721 0.000978096 0.000761107 0.000587789 0.000450725 0.000343507 0.000260695 0.000197759 0.000151009 0.000117535 9.51436e-05 8.23082e-05 
9.99715e-05 0.000105272 0.000121544 0.000149913 0.000192283 0.000251389 0.000330853 0.000435258 0.000570222 0.000742471 0.000959907 0.00123165 0.00156807 0.00198076 0.00248248 0.00308703 0.00380912 0.00466409 0.00566764 0.00683543 0.00818269 0.00972374 0.0114715 0.0134367 0.015628 0.0180506 0.0207063 0.023593 0.0267042 0.030029 0.0335516 0.0372516 0.041104 0.0450793 0.0491441 0.0532617 0.057392 0.0614932 0.0655216 0.0694329 0.0731828 0.076728 0.0800267 0.0830394 0.0857297 0.0880648 0.090016 0.0915592 0.0926754 0.0933508 0.0935768 0.0933508 0.0926754 0.0915592 0.090016 0.0880648 0.0857297 0.0830394 0.0800267 0.076728 0.0731828 0.0694329 0.0655216 0.0614932 0.057392 0.0532617 0.0491441 0.0450793 0.041104 0.0372516 0.0335516 0.030029 0.0267042 0.023593 0.0207063 0.0180506 0.015628 0.0134367 0.0114715 0.00972374 0.00818269 0.00683543 0.00566764 0.00466409 0.00380912 0.00308703 0.00248248 0.00198076 0.00156807 0.00123165 0.000959907 0.000742471 0.000570222 0.000435258 0.000330853 0.000251389 0.000192283 0.000149913 0.000121544 0.000105272 
0.000126931 0.000133601 0.00015407 0.000189732 0.000242945 0.000317092 0.000416644 0.000547248 0.000715813 0.000930588 0.00120124 0.0015389 0.00195616 0.00246707 0.00308703 0.00383264 0.0047215 0.00577187 0.00700234 0.00843132 0.0100766 0.0119547 0.0140804 0.0164657 0.0191199 0.0220482 0.0252517 0.0287268 0.0324646 0.0364508 0.0406658 0.0450844 0.0496761 0.0544054 0.0592323 0.0641131 0.0690007 0.0738458 0.0785974 0.0832041 0.0876146 0.0917789 0.0956491 0.09918 0.10233 0.105062 0.107343 0.109146 0.11045 0.111238 0.111502 0.111238 0.11045 0.109146 0.107343 0.105062 0.10233 0.09918 0.0956491 0.0917789 0.0876146 0.0832041 0.0785974 0.0738458 0.0690007 0.0641131 0.0592323 0.0544054 0.0496761 0.0450844 0.0406658 0.0364508 0.0324646 0.0287268 0.0252517 0.0220482 0.0191199 0.0164657 0.0140804 0.0119547 0.0100766 0.00843132 0.00700234 0.00577187 0.0047215 0.00383264 0.00308703 0.00246707 0.00195616 0.0015389 0.00120124 0.000930588 0.000715813 0.000547248 0.000416644 0.000317092 0.000242945 0.000189732 0.00015407 0.000133601 
0.000159922 0.000168249 0.000193798 0.000238282 0.000304597 0.000396893 0.000520646 0.000682761 0.000891662 0.00115739 0.00149167 0.00190796 0.00242146 0.00304903 0.00380912 0.0047215 0.00580704 0.00708729 0.00858405 0.0103188 0.012312 0.0145826 0.0171471 0.020019 0.0232077 0.0267185 0.0305511 0.0346999 0.039153 0.0438924 0.0488935 0.0541255 0.0595517 0.0651296 0.0708119 0.0765471 0.08228 0.0879534 0.0935083 0.0988854 0.104026 0.108873 0.113373 0.117473 0.121127 0.124294 0.126936 0.129023 0.130532 0.131444 0.131749 0.131444 0.130532 0.129023 0.126936 0.124294 0.121127 0.117473 0.113373 0.108873 0.104026 0.0988854 0.0935083 0.0879534 0.08228 0.0765471 0.0708119 0.0651296 0.0595517 0.0541255 0.0488935 0.0438924 0.039153 0.0346999 0.0305511 0.0267185 0.0232077 0.020019 0.0171471 0.0145826 0.012312 0.0103188 0.00858405 0.00708729 0.00580704 0.0047215 0.00380912 0.00304903 0.00242146 0.00190796 0.00149167 0.00115739 0.000891662 0.000682761 0.000520646 0.000396893 0.000304597 0.000238282 0.000193798 0.000168249 
0.000199946 0.000210264 0.000241909 0.000296971 0.000378981 0.000492987 0.000645645 0.000845328 0.00110223 0.00142847 0.00183816 0.00234745 0.0029745 0.00373943 0.00466409 0.00577187 0.00708729 0.00863556 0.010442 0.0125313 0.014927 0.0176503 0.0207197 0.0241496 0.0279499 0.0321249 0.036673 0.0415856 0.0468474 0.0524355 0.0583197 0.0644629 0.0708211 0.0773439 0.0839758 0.0906566 0.0973225 0.103907 0.110344 0.116565 0.122503 0.128094 0.133277 0.137995 0.142196 0.145832 0.148864 0.151258 0.152987 0.154033 0.154382 0.154033 0.152987 0.151258 0.148864 0.145832 0.142196 0.137995 0.133277 0.128094 0.122503 0.116565 0.110344 0.103907 0.0973225 0.0906566 0.0839758 0.0773439 0.0708211 0.0644629 0.0583197 0.0524355 0.0468474 0.0415856 0.036673 0.0321249 0.0279499 0.0241496 0.0207197 0.0176503 0.014927 0.0125313 0.010442 0.00863556 0.00708729 0.00577187 0.00466409 0.00373943 0.0029745 0.00234745 0.00183816 0.00142847 0.00110223 0.000845328 0.000645645 0.000492987 0.000378981 0.000296971 0.000241909 0.000210264 
0.000248088 0.000260776 0.000299674 0.000367312 0.000467959 0.000607712 0.000794596 0.00103868 0.00135222 0.0017497 0.00224798 0.00286629 0.00362617 0.00455138 0.00566764 0.00700234 0.00858405 0.010442 0.0126052 0.0151021 0.0179591 0.0211999 0.0248446 0.0289086 0.0334017 0.038327 0.0436807 0.0494508 0.0556175 0.0621524 0.0690187 0.0761719 0.0835597 0.0911232 0.0987976 0.106513 0.114197 0.121774 0.129167 0.136299 0.143098 0.14949 0.155407 0.160787 0.165571 0.16971 0.173157 0.175877 0.177841 0.179028 0.179425 0.179028 0.177841 0.175877 0.173157 0.16971 0.165571 0.160787 0.155407 0.14949 0.143098 0.136299 0.129167 0.121774 0.114197 0.106513 0.0987976 0.0911232 0.0835597 0.0761719 0.0690187 0.0621524 0.0556175 0.0494508 0.0436807 0.038327 0.0334017 0.0289086 0.0248446 0.0211999 0.0179591 0.0151021 0.0126052 0.010442 0.00858405 0.00700234 0.00566764 0.00455138 0.00362617 0.00286629 0.00224798 0.0017497 0.00135222 0.00103868 0.000794596 0.000607712 0.000467959 0.000367312 0.000299674 0.000260776 
0.000305503 0.000320986 0.000368439 0.000450899 0.000573489 0.000743514 0.000970575 0.0012667 0.00164646 0.0021271 0.00272858 0.00347358 0.00438747 0.00549808 0.00683543 0.00843132 0.0103188 0.0125313 0.0151021 0.0180631 0.0214439 0.0252707 0.029565 0.0343429 0.0396134 0.0453781 0.0516301 0.0583534 0.0655226 0.0731029 0.08105 0.0893109 0.0978242 0.106521 0.115328 0.124163 0.132945 0.141587 0.150005 0.158112 0.165827 0.173069 0.179765 0.185844 0.191244 0.19591 0.199795 0.202857 0.205067 0.206402 0.206849 0.206402 0.205067 0.202857 0.199795 0.19591 0.191244 0.185844 0.179765 0.173069 0.165827 0.158112 0.150005 0.141587 0.132945 0.124163 0.115328 0.106521 0.0978242 0.0893109 0.08105 0.0731029 0.0655226 0.0583534 0.0516301 0.0453781 0.0396134 0.0343429 0.029565 0.0252707 0.0214439 0.0180631 0.0151021 0.0125313 0.0103188 0.00843132 0.00683543 0.00549808 0.00438747 0.00347358 0.00272858 0.0021271 0.00164646 0.0012667 0.000970575 0.000743514 0.000573489 0.000450899 0.000368439 0.000320986 
0.000373391 0.000392144 0.000449602 0.000549382 0.000697586 0.000902898 0.00117672 0.00153329 0.00198986 0.00256672 0.00328735 0.00417833 0.00526924 0.00659244 0.00818269 0.0100766 0.012312 0.014927 0.0179591 0.0214439 0.0254142 0.0298985 0.0349195 0.0404934 0.0466282 0.053323 0.060567 0.0683394 0.0766082 0.0853311 0.0944553 0.103918 0.113649 0.123567 0.133588 0.143622 0.153574 0.163348 0.172851 0.181986 0.190664 0.198798 0.206307 0.213115 0.219156 0.224371 0.228707 0.232124 0.234588 0.236076 0.236574 0.236076 0.234588 0.232124 0.228707 0.224371 0.219156 0.213115 0.206307 0.198798 0.190664 0.181986 0.172851 0.163348 0.153574 0.143622 0.133588 0.123567 0.113649 0.103918 0.0944553 0.0853311 0.0766082 0.0683394 0.060567 0.053323 0.0466282 0.0404934 0.0349195 0.0298985 0.0254142 0.0214439 0.0179591 0.014927 0.012312 0.0100766 0.00818269 0.00659244 0.00526924 0.00417833 0.00328735 0.00256672 0.00198986 0.00153329 0.00117672 0.000902898 0.000697586 0.000549382 0.000449602 0.000392144 
0.000452978 0.000475525 0.000544582 0.000664429 0.000842275 0.00108837 0.00141615 0.00184235 0.0023872 0.00307447 0.0039315 0.0049892 0.00628183 0.00784672 0.00972374 0.0119547 0.0145826 0.0176503 0.0211999 0.0252707 0.0298985 0.0351138 0.0409402 0.0473936 0.05448 0.0621955 0.0705246 0.0794402 0.088903 0.0988621 0.109255 0.120009 0.131041 0.142261 0.153572 0.164872 0.176056 0.187019 0.197655 0.207861 0.217539 0.226595 0.234942 0.2425 0.249198 0.254973 0.259771 0.263549 0.266272 0.267916 0.268466 0.267916 0.266272 0.263549 0.259771 0.254973 0.249198 0.2425 0.234942 0.226595 0.217539 0.207861 0.197655 0.187019 0.176056 0.164872 0.153572 0.142261 0.131041 0.120009 0.109255 0.0988621 0.088903 0.0794402 0.0705246 0.0621955 0.05448 0.0473936 0.0409402 0.0351138 0.0298985 0.0252707 0.0211999 0.0176503 0.0145826 0.0119547 0.00972374 0.00784672 0.00628183 0.0049892 0.0039315 0.00307447 0.0023872 0.00184235 0.00141615 0.00108837 0.000842275 0.000664429 0.000544582 0.000475525 
0.000545484 0.000572393 0.000654785 0.000797682 0.00100954 0.00130237 0.00169187 0.0021976 0.00284309 0.00365592 0.00466777 0.00591428 0.00743481 0.00927206 0.0114715 0.0140804 0.0171471 0.0207197 0.0248446 0.029565 0.0349195 0.0409402 0.0476513 0.0550673 0.0631919 0.0720169 0.0815213 0.0916705 0.102417 0.1137 0.125446 0.137571 0.149981 0.162572 0.175236 0.187859 0.200326 0.212519 0.224325 0.235632 0.246334 0.25633 0.265529 0.273847 0.281208 0.287547 0.29281 0.29695 0.299932 0.301732 0.302333 0.301732 0.299932 0.29695 0.29281 0.287547 0.281208 0.273847 0.265529 0.25633 0.246334 0.235632 0.224325 0.212519 0.200326 0.187859 0.175236 0.162572 0.149981 0.137571 0.125446 0.1137 0.102417 0.0916705 0.0815213 0.0720169 0.0631919 0.0550673 0.0476513 0.0409402 0.0349195 0.029565 0.0248446 0.0207197 0.0171471 0.0140804 0.0114715 0.00927206 0.00743481 0.00591428 0.00466777 0.00365592 0.00284309 0.0021976 0.00169187 0.00130237 0.00100954 0.000797682 0.000654785 0.000572393 
0.000652087 0.00068397 0.000781559 0.000950707 0.00120126 0.00154719 0.00200671 0.00260248 0.00336169 0.00431614 0.00550221 0.0069607 0.00873649 0.0108781 0.0134367 0.0164657 0.020019 0.0241496 0.0289086 0.0343429 0.0404934 0.0473936 0.0550673 0.0635273 0.072774 0.0827937 0.0935587 0.105026 0.117139 0.129825 0.143 0.156566 0.170417 0.184437 0.198505 0.212494 0.226278 0.239731 0.252728 0.265151 0.276885 0.287827 0.297879 0.306954 0.314974 0.321873 0.327594 0.332091 0.335328 0.337281 0.337933 0.337281 0.335328 0.332091 0.327594 0.321873 0.314974 0.306954 0.297879 0.287827 0.276885 0.265151 0.252728 0.239731 0.226278 0.212494 0.198505 0.184437 0.170417 0.156566 0.143 0.129825 0.117139 0.105026 0.0935587 0.0827937 0.072774 0.0635273 0.0550673 0.0473936 0.0404934 0.0343429 0.0289086 0.0241496 0.020019 0.0164657 0.0134367 0.0108781 0.00873649 0.0069607 0.00550221 0.00431614 0.00336169 0.00260248 0.00200671 0.00154719 0.00120126 0.000950707 0.000781559 0.00068397 
0.000773881 0.000811386 0.000926149 0.00112494 0.00141914 0.00182488 0.00236315 0.00306001 0.00394665 0.00505946 0.00643991 0.00813437 0.0101936 0.0126723 0.015628 0.0191199 0.0232077 0.0279499 0.0334017 0.0396134 0.0466282 0.05448 0.0631919 0.072774 0.0832218 0.0945159 0.10662 0.119483 0.133035 0.147194 0.161861 0.176926 0.192269 0.20776 0.223266 0.238649 0.25377 0.268493 0.282687 0.296224 0.308987 0.320864 0.331756 0.341573 0.350238 0.357681 0.363847 0.368689 0.372173 0.374273 0.374975 0.374273 0.372173 0.368689 0.363847 0.357681 0.350238 0.341573 0.331756 0.320864 0.308987 0.296224 0.282687 0.268493 0.25377 0.238649 0.223266 0.20776 0.192269 0.176926 0.161861 0.147194 0.133035 0.119483 0.10662 0.0945159 0.0832218 0.072774 0.0631919 0.05448 0.0466282 0.0396134 0.0334017 0.0279499 0.0232077 0.0191199 0.015628 0.0126723 0.0101936 0.00813437 0.00643991 0.00505946 0.00394665 0.00306001 0.00236315 0.00182488 0.00141914 0.00112494 0.000926149 0.000811386 
0.000911833 0.00095564 0.00108964 0.00132162 0.00166464 0.00213717 0.00276326 0.00357265 0.00460087 0.00588925 0.00748474 0.00943965 0.0118111 0.01466 0.0180506 0.0220482 0.0267185 0.0321249 0.038327 0.0453781 0.053323 0.0621955 0.0720169 0.0827937 0.0945159 0.107157 0.120671 0.134995 0.15005 0.165737 0.181947 0.198553 0.215422 0.232412 0.249374 0.26616 0.28262 0.29861 0.313988 0.328623 0.342391 0.355179 0.366885 0.377418 0.3867 0.394663 0.401252 0.406422 0.410139 0.412379 0.413127 0.412379 0.410139 0.406422 0.401252 0.394663 0.3867 0.377418 0.366885 0.355179 0.342391 0.328623 0.313988 0.29861 0.28262 0.26616 0.249374 0.232412 0.215422 0.198553 0.181947 0.165737 0.15005 0.134995 0.120671 0.107157 0.0945159 0.0827937 0.0720169 0.0621955 0.053323 0.0453781 0.038327 0.0321249 0.0267185 0.0220482 0.0180506 0.01466 0.0118111 0.00943965 0.00748474 0.00588925 0.00460087 0.00357265 0.00276326 0.00213717 0.00166464 0.00132162 0.00108964 0.00095564 
0.00106673 0.00111754 0.00127292 0.00154173 0.00193888 0.00248538 0.00320856 0.00414214 0.00532632 0.0068077 0.00863907 0.010879 0.0135912 0.0168434 0.0207063 0.0252517 0.0305511 0.036673 0.0436807 0.0516301 0.060567 0.0705246 0.0815213 0.0935587 0.10662 0.120671 0.135654 0.151495 0.168101 0.185361 0.203147 0.221322 0.239736 0.258233 0.276652 0.294833 0.312617 0.329849 0.346383 0.362082 0.376819 0.390478 0.402957 0.414166 0.424028 0.432478 0.43946 0.444934 0.448867 0.451235 0.452026 0.451235 0.448867 0.444934 0.43946 0.432478 0.424028 0.414166 0.402957 0.390478 0.376819 0.362082 0.346383 0.329849 0.312617 0.294833 0.276652 0.258233 0.239736 0.221322 0.203147 0.185361 0.168101 0.151495 0.135654 0.120671 0.10662 0.0935587 0.0815213 0.0705246 0.060567 0.0516301 0.0436807 0.036673 0.0305511 0.0252517 0.0207063 0.0168434 0.0135912 0.010879 0.00863907 0.0068077 0.00532632 0.00414214 0.00320856 0.00248538 0.00193888 0.00154173 0.00127292 0.00111754 
0.00123915 0.00129768 0.00147659 0.00178594 0.00224258 0.0028703 0.00369991 0.00476939 0.0061239 0.00781564 0.00990355 0.0124528 0.0155338 0.0192214 0.023593 0.0287268 0.0346999 0.0415856 0.0494508 0.0583534 0.0683394 0.0794402 0.0916705 0.105026 0.119483 0.134995 0.151495 0.168896 0.187088 0.205947 0.22533 0.245083 0.265042 0.285037 0.304896 0.324445 0.343518 0.361953 0.379597 0.396309 0.411962 0.426439 0.439639 0.451473 0.461868 0.47076 0.4781 0.483848 0.487974 0.490458 0.491287 0.490458 0.487974 0.483848 0.4781 0.47076 0.461868 0.451473 0.439639 0.426439 0.411962 0.396309 0.379597 0.361953 0.343518 0.324445 0.304896 0.285037 0.265042 0.245083 0.22533 0.205947 0.187088 0.168896 0.151495 0.134995 0.119483 0.105026 0.0916705 0.0794402 0.0683394 0.0583534 0.0494508 0.0415856 0.0346999 0.0287268 0.023593 0.0192214 0.0155338 0.0124528 0.00990355 0.00781564 0.0061239 0.00476939 0.00369991 0.0028703 0.00224258 0.00178594 0.00147659 0.00129768 
0.00142939 0.00149633 0.00170094 0.00205451 0.00257601 0.00329211 0.00423739 0.00545432 0.00699328 0.00891234 0.0112769 0.0141588 0.0176358 0.0217895 0.0267042 0.0324646 0.039153 0.0468474 0.0556175 0.0655226 0.0766082 0.088903 0.102417 0.117139 0.133035 0.15005 0.168101 0.187088 0.206887 0.227356 0.248337 0.269661 0.291148 0.312615 0.333877 0.354751 0.375062 0.394641 0.413333 0.430994 0.447496 0.462724 0.476579 0.488978 0.499848 0.509134 0.516788 0.522776 0.527071 0.529654 0.530517 0.529654 0.527071 0.522776 0.516788 0.509134 0.499848 0.488978 0.476579 0.462724 0.447496 0.430994 0.413333 0.394641 0.375062 0.354751 0.333877 0.312615 0.291148 0.269661 0.248337 0.227356 0.206887 0.187088 0.168101 0.15005 0.133035 0.117139 0.102417 0.088903 0.0766082 0.0655226 0.0556175 0.0468474 0.039153 0.0324646 0.0267042 0.0217895 0.0176358 0.0141588 0.0112769 0.00891234 0.00699328 0.00545432 0.00423739 0.00329211 0.00257601 0.00205451 0.00170094 0.00149633 
0.00163741 0.00171348 0.00194589 0.00234729 0.00293885 0.00375033 0.00482022 0.00619574 0.00793271 0.0100953 0.0127556 0.0159925 0.0198908 0.0245392 0.030029 0.0364508 0.0438924 0.0524355 0.0621524 0.0731029 0.0853311 0.0988621 0.1137 0.129825 0.147194 0.165737 0.185361 0.205947 0.227356 0.24943 0.271994 0.294864 0.317844 0.340738 0.36335 0.385488 0.406969 0.427621 0.447284 0.465815 0.483087 0.498988 0.513425 0.526316 0.537599 0.547221 0.555142 0.56133 0.565766 0.568432 0.569322 0.568432 0.565766 0.56133 0.555142 0.547221 0.537599 0.526316 0.513425 0.498988 0.483087 0.465815 0.447284 0.427621 0.406969 0.385488 0.36335 0.340738 0.317844 0.294864 0.271994 0.24943 0.227356 0.205947 0.185361 0.165737 0.147194 0.129825 0.1137 0.0988621 0.0853311 0.0731029 0.0621524 0.0524355 0.0438924 0.0364508 0.030029 0.0245392 0.0198908 0.0159925 0.0127556 0.0100953 0.00793271 0.00619574 0.00482022 0.00375033 0.00293885 0.00234729 0.00194589 0.00171348 
0.00186284 0.0019487 0.00221094 0.00266361 0.0033302 0.0042437 0.00544669 0.00699129 0.00893902 0.0113603 0.0143341 0.0179463 0.0222891 0.0274583 0.0335516 0.0406658 0.0488935 0.0583197 0.0690187 0.08105 0.0944553 0.109255 0.125446 0.143 0.161861 0.181947 0.203147 0.22533 0.248337 0.271994 0.29611 0.320483 0.344905 0.369166 0.393059 0.416385 0.438955 0.460592 0.481138 0.500449 0.518401 0.534889 0.549824 0.563132 0.574757 0.584654 0.592789 0.599137 0.603683 0.606414 0.607326 0.606414 0.603683 0.599137 0.592789 0.584654 0.574757 0.563132 0.549824 0.534889 0.518401 0.500449 0.481138 0.460592 0.438955 0.416385 0.393059 0.369166 0.344905 0.320483 0.29611 0.271994 0.248337 0.22533 0.203147 0.181947 0.161861 0.143 0.125446 0.109255 0.0944553 0.08105 0.0690187 0.0583197 0.0488935 0.0406658 0.0335516 0.0274583 0.0222891 0.0179463 0.0143341 0.0113603 0.00893902 0.00699129 0.00544669 0.0042437 0.0033302 0.00266361 0.00221094 0.0019487 
0.00210492 0.00220118 0.00249514 0.00300228 0.00374851 0.00477016 0.00611405 0.00783736 0.0100074 0.0127011 0.0160042 0.02001 0.0248177 0.0305301 0.0372516 0.0450844 0.0541255 0.0644629 0.0761719 0.0893109 0.103918 0.120009 0.137571 0.156566 0.176926 0.198553 0.221322 0.245083 0.269661 0.294864 0.320483 0.346302 0.372098 0.397651 0.422743 0.447168 0.470732 0.493258 0.514587 0.534579 0.553116 0.570097 0.585441 0.599084 0.610978 0.621085 0.62938 0.635846 0.640471 0.643248 0.644174 0.643248 0.640471 0.635846 0.62938 0.621085 0.610978 0.599084 0.585441 0.570097 0.553116 0.534579 0.514587 0.493258 0.470732 0.447168 0.422743 0.397651 0.372098 0.346302 0.320483 0.294864 0.269661 0.245083 0.221322 0.198553 0.176926 0.156566 0.137571 0.120009 0.103918 0.0893109 0.0761719 0.0644629 0.0541255 0.0450844 0.0372516 0.0305301 0.0248177 0.02001 0.0160042 0.0127011 0.0100074 0.00783736 0.00611405 0.00477016 0.00374851 0.00300228 0.00249514 0.00220118 
0.00236244 0.00246967 0.00279704 0.00336153 0.00419153 0.00532681 0.00681853 0.00872904 0.0111316 0.0141096 0.0177557 0.0221704 0.0274601 0.0337345 0.041104 0.0496761 0.0595517 0.0708211 0.0835597 0.0978242 0.113649 0.131041 0.149981 0.170417 0.192269 0.215422 0.239736 0.265042 0.291148 0.317844 0.344905 0.372098 0.39919 0.425946 0.452142 0.477566 0.502022 0.525331 0.547337 0.567906 0.586925 0.604302 0.619964 0.633859 0.645946 0.656198 0.664598 0.671137 0.67581 0.678614 0.679548 0.678614 0.67581 0.671137 0.664598 0.656198 0.645946 0.633859 0.619964 0.604302 0.586925 0.567906 0.547337 0.525331 0.502022 0.477566 0.452142 0.425946 0.39919 0.372098 0.344905 0.317844 0.291148 0.265042 0.239736 0.215422 0.192269 0.170417 0.149981 0.131041 0.113649 0.0978242 0.0835597 0.0708211 0.0595517 0.0496761 0.041104 0.0337345 0.0274601 0.0221704 0.0177557 0.0141096 0.0111316 0.00872904 0.00681853 0.00532681 0.00419153 0.00336153 0.00279704 0.00246967 
0.00263378 0.00275247 0.00311471 0.00373904 0.00465635 0.00590992 0.00755531 0.00966012 0.0123035 0.0155756 0.0195758 0.0244117 0.0301967 0.0370471 0.0450793 0.0544054 0.0651296 0.0773439 0.0911232 0.106521 0.123567 0.142261 0.162572 0.184437 0.20776 0.232412 0.258233 0.285037 0.312615 0.340738 0.369166 0.397651 0.425946 0.453808 0.481006 0.507322 0.532559 0.55654 0.579114 0.600152 0.619549 0.637224 0.653113 0.667175 0.67938 0.689713 0.698165 0.704734 0.709424 0.712236 0.713173 0.712236 0.709424 0.704734 0.698165 0.689713 0.67938 0.667175 0.653113 0.637224 0.619549 0.600152 0.579114 0.55654 0.532559 0.507322 0.481006 0.453808 0.425946 0.397651 0.369166 0.340738 0.312615 0.285037 0.258233 0.232412 0.20776 0.184437 0.162572 0.142261 0.123567 0.106521 0.0911232 0.0773439 0.0651296 0.0544054 0.0450793 0.0370471 0.0301967 0.0244117 0.0195758 0.0155756 0.0123035 0.00966012 0.00755531 0.00590992 0.00465635 0.00373904 0.00311471 0.00275247 
0.0029169 0.00304744 0.00344574 0.00413188 0.00513933 0.00651489 0.00831855 0.0106232 0.0135139 0.0170872 0.0214495 0.0267153 0.0330048 0.0404405 0.0491441 0.0592323 0.0708119 0.0839758 0.0987976 0.115328 0.133588 0.153572 0.175236 0.198505 0.223266 0.249374 0.276652 0.304896 0.333877 0.36335 0.393059 0.422743 0.452142 0.481006 0.509095 0.536192 0.562097 0.586639 0.60967 0.631069 0.650742 0.668617 0.684644 0.698792 0.711044 0.721394 0.729846 0.736406 0.741083 0.743886 0.744819 0.743886 0.741083 0.736406 0.729846 0.721394 0.711044 0.698792 0.684644 0.668617 0.650742 0.631069 0.60967 0.586639 0.562097 0.536192 0.509095 0.481006 0.452142 0.422743 0.393059 0.36335 0.333877 0.304896 0.276652 0.249374 0.223266 0.198505 0.175236 0.153572 0.133588 0.115328 0.0987976 0.0839758 0.0708119 0.0592323 0.0491441 0.0404405 0.0330048 0.0267153 0.0214495 0.0170872 0.0135139 0.0106232 0.00831855 0.00651489 0.00513933 0.00413188 0.00344574 0.00304744 
0.00320932 0.00335199 0.0037872 0.0045366 0.0056362 0.00713634 0.00910144 0.0116096 0.0147517 0.0186309 0.02336 0.0290605 0.0358589 0.0438837 0.0532617 0.0641131 0.0765471 0.0906566 0.106513 0.124163 0.143622 0.164872 0.187859 0.212494 0.238649 0.26616 0.294833 0.324445 0.354751 0.385488 0.416385 0.447168 0.477566 0.507322 0.536192 0.563955 0.590416 0.615407 0.638786 0.660443 0.680292 0.698276 0.714356 0.728514 0.740745 0.751055 0.759459 0.765971 0.770609 0.773386 0.774311 0.773386 0.770609 0.765971 0.759459 0.751055 0.740745 0.728514 0.714356 0.698276 0.680292 0.660443 0.638786 0.615407 0.590416 0.563955 0.536192 0.507322 0.477566 0.447168 0.416385 0.385488 0.354751 0.324445 0.294833 0.26616 0.238649 0.212494 0.187859 0.164872 0.143622 0.124163 0.106513 0.0906566 0.0765471 0.0641131 0.0532617 0.0438837 0.0358589 0.0290605 0.02336 0.0186309 0.0147517 0.0116096 0.00910144 0.00713634 0.0056362 0.0045366 0.0037872 0.00335199 
0.00350816 0.00366313 0.00413575 0.00494922 0.00614209 0.00776818 0.00989628 0.0126096 0.016005 0.0201915 0.0252887 0.0314244 0.0387312 0.0473434 0.057392 0.0690007 0.08228 0.0973225 0.114197 0.132945 0.153574 0.176056 0.200326 0.226278 0.25377 0.28262 0.312617 0.343518 0.375062 0.406969 0.438955 0.470732 0.502022 0.532559 0.562097 0.590416 0.617323 0.642654 0.666279 0.688094 0.708029 0.726036 0.742091 0.756188 0.768337 0.778556 0.786869 0.793301 0.797876 0.800612 0.801523 0.800612 0.797876 0.793301 0.786869 0.778556 0.768337 0.756188 0.742091 0.726036 0.708029 0.688094 0.666279 0.642654 0.617323 0.590416 0.562097 0.532559 0.502022 0.470732 0.438955 0.406969 0.375062 0.343518 0.312617 0.28262 0.25377 0.226278 0.200326 0.176056 0.153574 0.132945 0.114197 0.0973225 0.08228 0.0690007 0.057392 0.0473434 0.0387312 0.0314244 0.0252887 0.0201915 0.016005 0.0126096 0.00989628 0.00776818 0.00614209 0.00494922 0.00413575 0.00366313 
0.0038102 0.00397749 0.00448763 0.0053653 0.00665156 0.00840366 0.0106946 0.0136127 0.0172603 0.0217526 0.0272153 0.0337823 0.0415922 0.0507841 0.0614932 0.0738458 0.0879534 0.103907 0.121774 0.141587 0.163348 0.187019 0.212519 0.239731 0.268493 0.29861 0.329849 0.361953 0.394641 0.427621 0.460592 0.493258 0.525331 0.55654 0.586639 0.615407 0.642654 0.668226 0.692 0.713885 0.73382 0.751774 0.767735 0.781711 0.793725 0.803807 0.811992 0.818315 0.822806 0.82549 0.826383 0.82549 0.822806 0.818315 0.811992 0.803807 0.793725 0.781711 0.767735 0.751774 0.73382 0.713885 0.692 0.668226 0.642654 0.615407 0.586639 0.55654 0.525331 0.493258 0.460592 0.427621 0.394641 0.361953 0.329849 0.29861 0.268493 0.239731 0.212519 0.187019 0.163348 0.141587 0.121774 0.103907 0.0879534 0.0738458 0.0614932 0.0507841 0.0415922 0.0337823 0.0272153 0.0217526 0.0172603 0.0136127 0.0106946 0.00840366 0.00665156 0.0053653 0.00448763 0.00397749 
0.00411189 0.00429142 0.00483874 0.00578003 0.00715876 0.00903549 0.0114874 0.0146076 0.0185038 0.0232969 0.0291187 0.0361086 0.0444108 0.0541688 0.0655216 0.0785974 0.0935083 0.110344 0.129167 0.150005 0.172851 0.197655 0.224325 0.252728 0.282687 0.313988 0.346383 0.379597 0.413333 0.447284 0.481138 0.514587 0.547337 0.579114 0.60967 0.638786 0.666279 0.692 0.715837 0.737711 0.757575 0.775409 0.791217 0.805021 0.816856 0.826764 0.834792 0.840982 0.845373 0.847995 0.848867 0.847995 0.845373 0.840982 0.834792 0.826764 0.816856 0.805021 0.791217 0.775409 0.757575 0.737711 0.715837 0.692 0.666279 0.638786 0.60967 0.579114 0.547337 0.514587 0.481138 0.447284 0.413333 0.379597 0.346383 0.313988 0.282687 0.252728 0.224325 0.197655 0.172851 0.150005 0.129167 0.110344 0.0935083 0.0785974 0.0655216 0.0541688 0.0444108 0.0361086 0.0291187 0.0232969 0.0185038 0.0146076 0.0114874 0.00903549 0.00715876 0.00578003 0.00483874 0.00429142 
