0.000173097 0.000177545 0.000191013 0.000213878 0.000246767 0.000290554 0.000346357 0.000415534 0.000499671 0.000600574 0.000720253 0.000860902 0.00102487 0.00121465 0.0014328 0.00168194 0.0019647 0.00228362 0.00264114 0.00303951 0.00348071 0.00396641 0.00449784 0.00507579 0.00570047 0.00637148 0.00708776 0.00784753 0.00864826 0.00948662 0.0103585 0.0112591 0.0121827 0.013123 0.014073 0.0150252 0.0159716 0.0169037 0.0178129 0.0186904 0.0195275 0.0203156 0.0210462 0.0217117 0.0223045 0.0228181 0.0232466 0.0235852 0.02383 0.0239779 0.0240275 0.0239779 0.02383 0.0235852 0.0232466 0.0228181 0.0223045 0.0217117 0.0210462 0.0203156 0.0195275 0.0186904 0.0178129 0.0169037 0.0159716 0.0150252 0.014073 0.013123 0.0121827 0.0112591 0.0103585 0.00948662 0.00864826 0.00784753 0.00708776 0.00637148 0.00570047 0.00507579 0.00449784 0.00396641 0.00348071 0.00303951 0.00264114 0.00228362 0.0019647 0.00168194 0.0014328 0.00121465 0.00102487 0.000860902 0.000720253 0.000600574 0.000499671 0.000415534 0.000346357 0.000290554 0.000246767 0.000213878 0.000191013 0.000177545 
0.000177545 0.000182099 0.000195889 0.0002193 0.000252972 0.000297796 0.000354915 0.000425711 0.000511804 0.000615035 0.000737453 0.000881294 0.00104896 0.00124296 0.00146593 0.00172053 0.00200942 0.00233519 0.00270032 0.00310709 0.00355751 0.00405325 0.00459558 0.00518525 0.00582248 0.00650686 0.00723727 0.0080119 0.00882813 0.00968258 0.0105711 0.0114886 0.0124295 0.0133873 0.0143548 0.0153244 0.0162879 0.0172368 0.0181623 0.0190555 0.0199074 0.0207093 0.0214528 0.0221298 0.0227329 0.0232554 0.0236914 0.0240358 0.0242848 0.0244353 0.0244857 0.0244353 0.0242848 0.0240358 0.0236914 0.0232554 0.0227329 0.0221298 0.0214528 0.0207093 0.0199074 0.0190555 0.0181623 0.0172368 0.0162879 0.0153244 0.0143548 0.0133873 0.0124295 0.0114886 0.0105711 0.00968258 0.00882813 0.0080119 0.00723727 0.00650686 0.00582248 0.00518525 0.00459558 0.00405325 0.00355751 0.00310709 0.00270032 0.00233519 0.00200942 0.00172053 0.00146593 0.00124296 0.00104896 0.000881294 0.000737453 0.000615035 0.000511804 0.000425711 0.000354915 0.000297796 0.000252972 0.0002193 0.000195889 0.000182099 
0.000191013 0.000195889 0.000210655 0.000235718 0.000271757 0.000319718 0.000380811 0.000456503 0.000548509 0.000658777 0.000789473 0.000942961 0.00112177 0.00132856 0.00156609 0.00183717 0.00214457 0.00249103 0.00287913 0.00331125 0.00378947 0.00431552 0.00489068 0.00551573 0.00619083 0.00691548 0.0076885 0.00850789 0.00937086 0.0102738 0.0112123 0.012181 0.013174 0.0141843 0.0152045 0.0162265 0.0172417 0.0182412 0.0192157 0.0201559 0.0210524 0.021896 0.022678 0.02339 0.0240241 0.0245733 0.0250315 0.0253935 0.0256551 0.0258133 0.0258662 0.0258133 0.0256551 0.0253935 0.0250315 0.0245733 0.0240241 0.02339 0.022678 0.021896 0.0210524 0.0201559 0.0192157 0.0182412 0.0172417 0.0162265 0.0152045 0.0141843 0.013174 0.012181 0.0112123 0.0102738 0.00937086 0.00850789 0.0076885 0.00691548 0.00619083 0.00551573 0.00489068 0.00431552 0.00378947 0.00331125 0.00287913 0.00249103 0.00214457 0.00183717 0.00156609 0.00132856 0.00112177 0.000942961 0.000789473 0.000658777 0.000548509 0.000456503 0.000380811 0.000319718 0.000271757 0.000235718 0.000210655 0.000195889 
0.000213878 0.0002193 0.000235718 0.000263578 0.000303625 0.000356896 0.000424718 0.000508695 0.000610704 0.000732873 0.000877568 0.00104736 0.00124501 0.0014734 0.00173552 0.00203441 0.00237308 0.00275445 0.0031813 0.00365615 0.00418124 0.00475836 0.00538885 0.00607347 0.00681231 0.00760478 0.00844947 0.00934415 0.0102857 0.0112702 0.0122927 0.0133474 0.0144278 0.0155264 0.016635 0.017745 0.018847 0.0199313 0.020988 0.0220069 0.0229782 0.0238918 0.0247383 0.0255088 0.0261948 0.0267889 0.0272844 0.0276758 0.0279586 0.0281296 0.0281868 0.0281296 0.0279586 0.0276758 0.0272844 0.0267889 0.0261948 0.0255088 0.0247383 0.0238918 0.0229782 0.0220069 0.020988 0.0199313 0.018847 0.017745 0.016635 0.0155264 0.0144278 0.0133474 0.0122927 0.0112702 0.0102857 0.00934415 0.00844947 0.00760478 0.00681231 0.00607347 0.00538885 0.00475836 0.00418124 0.00365615 0.0031813 0.00275445 0.00237308 0.00203441 0.00173552 0.0014734 0.00124501 0.00104736 0.000877568 0.000732873 0.000610704 0.000508695 0.000424718 0.000356896 0.000303625 0.000263578 0.000235718 0.0002193 
0.000246767 0.000252972 0.000271757 0.000303625 0.000349414 0.000410292 0.000487748 0.000583587 0.000699911 0.000839106 0.00100382 0.00119692 0.00142148 0.00168072 0.00197795 0.00231653 0.00269977 0.00313091 0.00361296 0.00414869 0.00474049 0.00539029 0.00609946 0.00686876 0.00769819 0.00858695 0.00953338 0.0105349 0.011588 0.012688 0.0138296 0.0150061 0.0162103 0.0174338 0.0186676 0.0199019 0.0211265 0.0223307 0.0235035 0.0246338 0.0257105 0.0267229 0.0276606 0.0285136 0.0292729 0.0299302 0.0304783 0.0309111 0.0312238 0.0314129 0.0314761 0.0314129 0.0312238 0.0309111 0.0304783 0.0299302 0.0292729 0.0285136 0.0276606 0.0267229 0.0257105 0.0246338 0.0235035 0.0223307 0.0211265 0.0199019 0.0186676 0.0174338 0.0162103 0.0150061 0.0138296 0.012688 0.011588 0.0105349 0.00953338 0.00858695 0.00769819 0.00686876 0.00609946 0.00539029 0.00474049 0.00414869 0.00361296 0.00313091 0.00269977 0.00231653 0.00197795 0.00168072 0.00142148 0.00119692 0.00100382 0.000839106 0.000699911 0.000583587 0.000487748 0.000410292 0.000349414 0.000303625 0.000271757 0.000252972 
0.000290554 0.000297796 0.000319718 0.000356896 0.000410292 0.000481242 0.000571453 0.000682986 0.000818243 0.000979947 0.00117111 0.00139499 0.00165508 0.00195501 0.00229852 0.00268939 0.00313134 0.00362797 0.00418263 0.00479837 0.00547781 0.00622301 0.00703542 0.00791575 0.00886387 0.00987875 0.0109584 0.0120996 0.0132984 0.0145495 0.0158465 0.0171821 0.0185477 0.0199341 0.0213309 0.0227272 0.0241115 0.0254717 0.0267955 0.0280705 0.0292844 0.0304251 0.0314811 0.0324413 0.0332957 0.034035 0.0346514 0.035138 0.0354895 0.035702 0.0357731 0.035702 0.0354895 0.035138 0.0346514 0.034035 0.0332957 0.0324413 0.0314811 0.0304251 0.0292844 0.0280705 0.0267955 0.0254717 0.0241115 0.0227272 0.0213309 0.0199341 0.0185477 0.0171821 0.0158465 0.0145495 0.0132984 0.0120996 0.0109584 0.00987875 0.00886387 0.00791575 0.00703542 0.00622301 0.00547781 0.00479837 0.00418263 0.00362797 0.00313134 0.00268939 0.00229852 0.00195501 0.00165508 0.00139499 0.00117111 0.000979947 0.000818243 0.000682986 0.000571453 0.000481242 0.000410292 0.000356896 0.000319718 0.000297796 
0.000346357 0.000354915 0.000380811 0.000424718 0.000487748 0.000571453 0.000677806 0.000809194 0.000968392 0.00115854 0.0013831 0.00164583 0.00195073 0.00230194 0.00270375 0.00316044 0.00367623 0.00425516 0.00490101 0.00561717 0.0064065 0.00727125 0.00821293 0.00923219 0.0103287 0.0115012 0.012747 0.0140627 0.0154432 0.0168824 0.0183729 0.0199063 0.0214727 0.0230614 0.0246607 0.0262581 0.0278404 0.029394 0.0309049 0.0323591 0.0337428 0.0350422 0.0362445 0.0373373 0.0383092 0.03915 0.0398507 0.0404037 0.0408031 0.0410445 0.0411253 0.0410445 0.0408031 0.0404037 0.0398507 0.03915 0.0383092 0.0373373 0.0362445 0.0350422 0.0337428 0.0323591 0.0309049 0.029394 0.0278404 0.0262581 0.0246607 0.0230614 0.0214727 0.0199063 0.0183729 0.0168824 0.0154432 0.0140627 0.012747 0.0115012 0.0103287 0.00923219 0.00821293 0.00727125 0.0064065 0.00561717 0.00490101 0.00425516 0.00367623 0.00316044 0.00270375 0.00230194 0.00195073 0.00164583 0.0013831 0.00115854 0.000968392 0.000809194 0.000677806 0.000571453 0.000487748 0.000424718 0.000380811 0.000354915 
0.000415534 0.000425711 0.000456503 0.000508695 0.000583587 0.000682986 0.000809194 0.00096499 0.0011536 0.00137867 0.00164421 0.00195457 0.00231435 0.00272834 0.00320145 0.00373857 0.0043445 0.00502385 0.00578086 0.00661931 0.00754237 0.00855248 0.00965119 0.0108391 0.0121156 0.0134789 0.0149261 0.0164526 0.0180527 0.0197191 0.0214433 0.0232151 0.0250234 0.0268557 0.0286986 0.0305376 0.0323578 0.0341436 0.035879 0.0375482 0.0391353 0.0406249 0.0420024 0.0432538 0.0443664 0.0453284 0.0461299 0.0467624 0.0472191 0.047495 0.0475874 0.047495 0.0472191 0.0467624 0.0461299 0.0453284 0.0443664 0.0432538 0.0420024 0.0406249 0.0391353 0.0375482 0.035879 0.0341436 0.0323578 0.0305376 0.0286986 0.0268557 0.0250234 0.0232151 0.0214433 0.0197191 0.0180527 0.0164526 0.0149261 0.0134789 0.0121156 0.0108391 0.00965119 0.00855248 0.00754237 0.00661931 0.00578086 0.00502385 0.0043445 0.00373857 0.00320145 0.00272834 0.00231435 0.00195457 0.00164421 0.00137867 0.0011536 0.00096499 0.000809194 0.000682986 0.000583587 0.000508695 0.000456503 0.000425711 
0.000499671 0.000511804 0.000548509 0.000610704 0.000699911 0.000818243 0.000968392 0.0011536 0.00137762 0.00164471 0.00195952 0.0023271 0.00275277 0.00324205 0.00380058 0.00443399 0.00514775 0.00594709 0.00683679 0.00782108 0.00890347 0.0100866 0.011372 0.0127602 0.0142504 0.0158401 0.0175257 0.0193018 0.0211615 0.0230963 0.0250961 0.0271491 0.0292424 0.0313614 0.0334908 0.0356139 0.0377134 0.0397716 0.0417703 0.0436912 0.0455166 0.0472289 0.0488113 0.0502482 0.0515251 0.0526289 0.0535481 0.0542733 0.0547968 0.0551132 0.055219 0.0551132 0.0547968 0.0542733 0.0535481 0.0526289 0.0515251 0.0502482 0.0488113 0.0472289 0.0455166 0.0436912 0.0417703 0.0397716 0.0377134 0.0356139 0.0334908 0.0313614 0.0292424 0.0271491 0.0250961 0.0230963 0.0211615 0.0193018 0.0175257 0.0158401 0.0142504 0.0127602 0.011372 0.0100866 0.00890347 0.00782108 0.00683679 0.00594709 0.00514775 0.00443399 0.00380058 0.00324205 0.00275277 0.0023271 0.00195952 0.00164471 0.00137762 0.0011536 0.000968392 0.000818243 0.000699911 0.000610704 0.000548509 0.000511804 
0.000600574 0.000615035 0.000658777 0.000732873 0.000839106 0.000979947 0.00115854 0.00137867 0.00164471 0.00196161 0.00233478 0.00277007 0.00327364 0.00385185 0.00451119 0.00525811 0.00609885 0.00703934 0.00808498 0.00924049 0.0105097 0.0118955 0.0133995 0.0150219 0.0167614 0.0186152 0.0205787 0.0226454 0.024807 0.0270536 0.0293732 0.0317522 0.0341755 0.0366264 0.0390869 0.041538 0.0439599 0.0463322 0.0486342 0.0508451 0.0529446 0.0549128 0.0567308 0.0583807 0.0598462 0.0611126 0.0621669 0.0629984 0.0635986 0.0639612 0.0640825 0.0639612 0.0635986 0.0629984 0.0621669 0.0611126 0.0598462 0.0583807 0.0567308 0.0549128 0.0529446 0.0508451 0.0486342 0.0463322 0.0439599 0.041538 0.0390869 0.0366264 0.0341755 0.0317522 0.0293732 0.0270536 0.024807 0.0226454 0.0205787 0.0186152 0.0167614 0.0150219 0.0133995 0.0118955 0.0105097 0.00924049 0.00808498 0.00703934 0.00609885 0.00525811 0.00451119 0.00385185 0.00327364 0.00277007 0.00233478 0.00196161 0.00164471 0.00137867 0.00115854 0.000979947 0.000839106 0.000732873 0.000658777 0.000615035 
0.000720253 0.000737453 0.000789473 0.000877568 0.00100382 0.00117111 0.0013831 0.00164421 0.00195952 0.00233478 0.00277628 0.00329075 0.00388532 0.00456732 0.00534419 0.0062233 0.00721176 0.00831628 0.00954293 0.010897 0.0123826 0.0140029 0.0157593 0.017652 0.0196791 0.021837 0.02412 0.0265204 0.0290286 0.0316325 0.0343183 0.0370702 0.0398705 0.0427001 0.0455382 0.0483629 0.0511517 0.0538811 0.0565276 0.0590676 0.061478 0.0637363 0.065821 0.0677121 0.069391 0.0708412 0.0720482 0.0729999 0.0736867 0.0741016 0.0742404 0.0741016 0.0736867 0.0729999 0.0720482 0.0708412 0.069391 0.0677121 0.065821 0.0637363 0.061478 0.0590676 0.0565276 0.0538811 0.0511517 0.0483629 0.0455382 0.0427001 0.0398705 0.0370702 0.0343183 0.0316325 0.0290286 0.0265204 0.02412 0.021837 0.0196791 0.017652 0.0157593 0.0140029 0.0123826 0.010897 0.00954293 0.00831628 0.00721176 0.0062233 0.00534419 0.00456732 0.00388532 0.00329075 0.00277628 0.00233478 0.00195952 0.00164421 0.0013831 0.00117111 0.00100382 0.000877568 0.000789473 0.000737453 
0.000860902 0.000881294 0.000942961 0.00104736 0.00119692 0.00139499 0.00164583 0.00195457 0.0023271 0.00277007 0.00329075 0.00389692 0.00459676 0.00539869 0.00631121 0.00734272 0.00850129 0.00979448 0.0112291 0.0128109 0.0145446 0.0164332 0.0184784 0.0206796 0.0230347 0.0255389 0.0281854 0.0309652 0.0338665 0.0368754 0.0399759 0.0431494 0.0463756 0.0496324 0.052896 0.0561414 0.0593427 0.0624734 0.0655066 0.0684157 0.0711744 0.0737574 0.0761406 0.0783013 0.0802187 0.0818743 0.0832518 0.0843376 0.085121 0.0855942 0.0857525 0.0855942 0.085121 0.0843376 0.0832518 0.0818743 0.0802187 0.0783013 0.0761406 0.0737574 0.0711744 0.0684157 0.0655066 0.0624734 0.0593427 0.0561414 0.052896 0.0496324 0.0463756 0.0431494 0.0399759 0.0368754 0.0338665 0.0309652 0.0281854 0.0255389 0.0230347 0.0206796 0.0184784 0.0164332 0.0145446 0.0128109 0.0112291 0.00979448 0.00850129 0.00734272 0.00631121 0.00539869 0.00459676 0.00389692 0.00329075 0.00277007 0.0023271 0.00195457 0.00164583 0.00139499 0.00119692 0.00104736 0.000942961 0.000881294 
0.00102487 0.00104896 0.00112177 0.00124501 0.00142148 0.00165508 0.00195073 0.00231435 0.00275277 0.00327364 0.00388532 0.00459676 0.00541732 0.00635663 0.00742437 0.00863005 0.0099828 0.0114911 0.0131625 0.0150033 0.0170187 0.0192117 0.0215839 0.0241343 0.0268598 0.0297548 0.0328111 0.0360176 0.0393608 0.0428245 0.0463897 0.0500353 0.0537378 0.0574718 0.06121 0.0649242 0.0685847 0.0721614 0.0756242 0.0789428 0.0820877 0.0850304 0.0877439 0.0902028 0.0923839 0.0942663 0.0958321 0.0970659 0.097956 0.0984935 0.0986733 0.0984935 0.097956 0.0970659 0.0958321 0.0942663 0.0923839 0.0902028 0.0877439 0.0850304 0.0820877 0.0789428 0.0756242 0.0721614 0.0685847 0.0649242 0.06121 0.0574718 0.0537378 0.0500353 0.0463897 0.0428245 0.0393608 0.0360176 0.0328111 0.0297548 0.0268598 0.0241343 0.0215839 0.0192117 0.0170187 0.0150033 0.0131625 0.0114911 0.0099828 0.00863005 0.00742437 0.00635663 0.00541732 0.00459676 0.00388532 0.00327364 0.00275277 0.00231435 0.00195073 0.00165508 0.00142148 0.00124501 0.00112177 0.00104896 
0.00121465 0.00124296 0.00132856 0.0014734 0.00168072 0.00195501 0.00230194 0.00272834 0.00324205 0.00385185 0.00456732 0.00539869 0.00635663 0.0074521 0.00869604 0.0100992 0.0116718 0.0134234 0.0153622 0.0174953 0.0198279 0.0223635 0.025103 0.0280451 0.0311857 0.034518 0.0380319 0.0417146 0.0455502 0.0495198 0.0536015 0.0577709 0.0620012 0.0662632 0.0705262 0.0747578 0.0789246 0.0829927 0.086928 0.0906967 0.0942656 0.097603 0.100679 0.103464 0.105934 0.108064 0.109836 0.111231 0.112238 0.112846 0.113049 0.112846 0.112238 0.111231 0.109836 0.108064 0.105934 0.103464 0.100679 0.097603 0.0942656 0.0906967 0.086928 0.0829927 0.0789246 0.0747578 0.0705262 0.0662632 0.0620012 0.0577709 0.0536015 0.0495198 0.0455502 0.0417146 0.0380319 0.034518 0.0311857 0.0280451 0.025103 0.0223635 0.0198279 0.0174953 0.0153622 0.0134234 0.0116718 0.0100992 0.00869604 0.0074521 0.00635663 0.00539869 0.00456732 0.00385185 0.00324205 0.00272834 0.00230194 0.00195501 0.00168072 0.0014734 0.00132856 0.00124296 
0.0014328 0.00146593 0.00156609 0.00173552 0.00197795 0.00229852 0.00270375 0.00320145 0.00380058 0.00451119 0.00534419 0.00631121 0.00742437 0.00869604 0.0101386 0.0117641 0.0135839 0.0156085 0.0178472 0.0203074 0.0229948 0.0259127 0.0290618 0.0324399 0.036042 0.0398596 0.0438809 0.0480907 0.0524705 0.0569983 0.0616492 0.0663951 0.0712054 0.076047 0.080885 0.0856829 0.0904032 0.0950077 0.0994583 0.103717 0.107748 0.111514 0.114983 0.118123 0.120905 0.123305 0.125299 0.12687 0.128003 0.128686 0.128915 0.128686 0.128003 0.12687 0.125299 0.123305 0.120905 0.118123 0.114983 0.111514 0.107748 0.103717 0.0994583 0.0950077 0.0904032 0.0856829 0.080885 0.076047 0.0712054 0.0663951 0.0616492 0.0569983 0.0524705 0.0480907 0.0438809 0.0398596 0.036042 0.0324399 0.0290618 0.0259127 0.0229948 0.0203074 0.0178472 0.0156085 0.0135839 0.0117641 0.0101386 0.00869604 0.00742437 0.00631121 0.00534419 0.00451119 0.00380058 0.00320145 0.00270375 0.00229852 0.00197795 0.00173552 0.00156609 0.00146593 
0.00168194 0.00172053 0.00183717 0.00203441 0.00231653 0.00268939 0.00316044 0.00373857 0.00443399 0.00525811 0.0062233 0.00734272 0.00863005 0.0100992 0.0117641 0.013638 0.0157338 0.0180629 0.0206353 0.0234593 0.0265405 0.0298822 0.0334846 0.0373447 0.041456 0.0458084 0.0503878 0.0551766 0.0601533 0.0652926 0.0705658 0.0759412 0.0813838 0.0868563 0.0923194 0.0977321 0.103052 0.108238 0.113246 0.118034 0.122562 0.126791 0.130683 0.134204 0.137323 0.140011 0.142245 0.144004 0.145272 0.146037 0.146293 0.146037 0.145272 0.144004 0.142245 0.140011 0.137323 0.134204 0.130683 0.126791 0.122562 0.118034 0.113246 0.108238 0.103052 0.0977321 0.0923194 0.0868563 0.0813838 0.0759412 0.0705658 0.0652926 0.0601533 0.0551766 0.0503878 0.0458084 0.041456 0.0373447 0.0334846 0.0298822 0.0265405 0.0234593 0.0206353 0.0180629 0.0157338 0.013638 0.0117641 0.0100992 0.00863005 0.00734272 0.0062233 0.00525811 0.00443399 0.00373857 0.00316044 0.00268939 0.00231653 0.00203441 0.00183717 0.00172053 
0.0019647 0.00200942 0.00214457 0.00237308 0.00269977 0.00313134 0.00367623 0.0043445 0.00514775 0.00609885 0.00721176 0.00850129 0.0099828 0.0116718 0.0135839 0.0157338 0.0181355 0.0208018 0.0237434 0.0269689 0.0304843 0.0342926 0.0383933 0.0427823 0.0474516 0.052389 0.0575782 0.0629984 0.068625 0.0744289 0.0803777 0.0864351 0.0925619 0.098716 0.104853 0.110928 0.116894 0.122703 0.128308 0.133664 0.138725 0.143447 0.147791 0.151719 0.155196 0.158192 0.160681 0.162639 0.164051 0.164903 0.165188 0.164903 0.164051 0.162639 0.160681 0.158192 0.155196 0.151719 0.147791 0.143447 0.138725 0.133664 0.128308 0.122703 0.116894 0.110928 0.104853 0.098716 0.0925619 0.0864351 0.0803777 0.0744289 0.068625 0.0629984 0.0575782 0.052389 0.0474516 0.0427823 0.0383933 0.0342926 0.0304843 0.0269689 0.0237434 0.0208018 0.0181355 0.0157338 0.0135839 0.0116718 0.0099828 0.00850129 0.00721176 0.00609885 0.00514775 0.0043445 0.00367623 0.00313134 0.00269977 0.00237308 0.00214457 0.00200942 
0.00228362 0.00233519 0.00249103 0.00275445 0.00313091 0.00362797 0.00425516 0.00502385 0.00594709 0.00703934 0.00831628 0.00979448 0.0114911 0.0134234 0.0156085 0.0180629 0.0208018 0.023839 0.0271861 0.0308521 0.034843 0.0391615 0.0438062 0.0487718 0.0540484 0.0596215 0.0654719 0.071576 0.0779051 0.0844265 0.0911032 0.0978943 0.104756 0.111641 0.1185 0.125282 0.131937 0.13841 0.144652 0.15061 0.156236 0.161482 0.166305 0.170663 0.174519 0.177839 0.180596 0.182766 0.184329 0.185272 0.185588 0.185272 0.184329 0.182766 0.180596 0.177839 0.174519 0.170663 0.166305 0.161482 0.156236 0.15061 0.144652 0.13841 0.131937 0.125282 0.1185 0.111641 0.104756 0.0978943 0.0911032 0.0844265 0.0779051 0.071576 0.0654719 0.0596215 0.0540484 0.0487718 0.0438062 0.0391615 0.034843 0.0308521 0.0271861 0.023839 0.0208018 0.0180629 0.0156085 0.0134234 0.0114911 0.00979448 0.00831628 0.00703934 0.00594709 0.00502385 0.00425516 0.00362797 0.00313091 0.00275445 0.00249103 0.00233519 
0.00264114 0.00270032 0.00287913 0.0031813 0.00361296 0.00418263 0.00490101 0.00578086 0.00683679 0.00808498 0.00954293 0.0112291 0.0131625 0.0153622 0.0178472 0.0206353 0.0237434 0.0271861 0.0309757 0.0351218 0.0396302 0.044503 0.0497378 0.0553277 0.0612607 0.0675198 0.0740827 0.0809222 0.0880056 0.0952959 0.102751 0.110326 0.117971 0.125633 0.13326 0.140793 0.148176 0.155353 0.162266 0.168859 0.17508 0.180877 0.186202 0.191011 0.195264 0.198924 0.201962 0.204352 0.206074 0.207113 0.20746 0.207113 0.206074 0.204352 0.201962 0.198924 0.195264 0.191011 0.186202 0.180877 0.17508 0.168859 0.162266 0.155353 0.148176 0.140793 0.13326 0.125633 0.117971 0.110326 0.102751 0.0952959 0.0880056 0.0809222 0.0740827 0.0675198 0.0612607 0.0553277 0.0497378 0.044503 0.0396302 0.0351218 0.0309757 0.0271861 0.0237434 0.0206353 0.0178472 0.0153622 0.0131625 0.0112291 0.00954293 0.00808498 0.00683679 0.00578086 0.00490101 0.00418263 0.00361296 0.0031813 0.00287913 0.00270032 
0.00303951 0.00310709 0.00331125 0.00365615 0.00414869 0.00479837 0.00561717 0.00661931 0.00782108 0.00924049 0.010897 0.0128109 0.0150033 0.0174953 0.0203074 0.0234593 0.0269689 0.0308521 0.0351218 0.0397878 0.0448556 0.0503267 0.0561974 0.0624588 0.0690968 0.0760913 0.0834167 0.0910417 0.0989294 0.107038 0.115321 0.123726 0.1322 0.140685 0.14912 0.157443 0.165593 0.173507 0.181123 0.188381 0.195223 0.201594 0.207443 0.212721 0.217386 0.2214 0.224729 0.227348 0.229234 0.230371 0.230751 0.230371 0.229234 0.227348 0.224729 0.2214 0.217386 0.212721 0.207443 0.201594 0.195223 0.188381 0.181123 0.173507 0.165593 0.157443 0.14912 0.140685 0.1322 0.123726 0.115321 0.107038 0.0989294 0.0910417 0.0834167 0.0760913 0.0690968 0.0624588 0.0561974 0.0503267 0.0448556 0.0397878 0.0351218 0.0308521 0.0269689 0.0234593 0.0203074 0.0174953 0.0150033 0.0128109 0.010897 0.00924049 0.00782108 0.00661931 0.00561717 0.00479837 0.00414869 0.00365615 0.00331125 0.00310709 
0.00348071 0.00355751 0.00378947 0.00418124 0.00474049 0.00547781 0.0064065 0.00754237 0.00890347 0.0105097 0.0123826 0.0145446 0.0170187 0.0198279 0.0229948 0.0265405 0.0304843 0.034843 0.0396302 0.0448556 0.0505246 0.0566373 0.0631888 0.070168 0.0775581 0.0853358 0.0934717 0.10193 0.11067 0.119643 0.128799 0.138079 0.147425 0.156771 0.166053 0.175202 0.184152 0.192833 0.20118 0.209128 0.216614 0.223579 0.229968 0.23573 0.24082 0.245197 0.248827 0.25168 0.253734 0.254974 0.255388 0.254974 0.253734 0.25168 0.248827 0.245197 0.24082 0.23573 0.229968 0.223579 0.216614 0.209128 0.20118 0.192833 0.184152 0.175202 0.166053 0.156771 0.147425 0.138079 0.128799 0.119643 0.11067 0.10193 0.0934717 0.0853358 0.0775581 0.070168 0.0631888 0.0566373 0.0505246 0.0448556 0.0396302 0.034843 0.0304843 0.0265405 0.0229948 0.0198279 0.0170187 0.0145446 0.0123826 0.0105097 0.00890347 0.00754237 0.0064065 0.00547781 0.00474049 0.00418124 0.00378947 0.00355751 
0.00396641 0.00405325 0.00431552 0.00475836 0.00539029 0.00622301 0.00727125 0.00855248 0.0100866 0.0118955 0.0140029 0.0164332 0.0192117 0.0223635 0.0259127 0.0298822 0.0342926 0.0391615 0.044503 0.0503267 0.0566373 0.063434 0.0707097 0.0784513 0.0866386 0.0952449 0.104237 0.113574 0.123209 0.133091 0.14316 0.153356 0.16361 0.173855 0.184016 0.194023 0.2038 0.213275 0.222375 0.231033 0.23918 0.246754 0.253697 0.259955 0.265479 0.270227 0.274163 0.277255 0.279481 0.280824 0.281272 0.280824 0.279481 0.277255 0.274163 0.270227 0.265479 0.259955 0.253697 0.246754 0.23918 0.231033 0.222375 0.213275 0.2038 0.194023 0.184016 0.173855 0.16361 0.153356 0.14316 0.133091 0.123209 0.113574 0.104237 0.0952449 0.0866386 0.0784513 0.0707097 0.063434 0.0566373 0.0503267 0.044503 0.0391615 0.0342926 0.0298822 0.0259127 0.0223635 0.0192117 0.0164332 0.0140029 0.0118955 0.0100866 0.00855248 0.00727125 0.00622301 0.00539029 0.00475836 0.00431552 0.00405325 
0.00449784 0.00459558 0.00489068 0.00538885 0.00609946 0.00703542 0.00821293 0.00965119 0.011372 0.0133995 0.0157593 0.0184784 0.0215839 0.025103 0.0290618 0.0334846 0.0383933 0.0438062 0.0497378 0.0561974 0.0631888 0.0707097 0.0787512 0.0872971 0.0963241 0.105801 0.115691 0.125948 0.136519 0.147348 0.158369 0.169514 0.180711 0.191883 0.202953 0.213841 0.224469 0.234757 0.244629 0.254011 0.262833 0.271027 0.278533 0.285293 0.291257 0.29638 0.300625 0.303959 0.306359 0.307805 0.308289 0.307805 0.306359 0.303959 0.300625 0.29638 0.291257 0.285293 0.278533 0.271027 0.262833 0.254011 0.244629 0.234757 0.224469 0.213841 0.202953 0.191883 0.180711 0.169514 0.158369 0.147348 0.136519 0.125948 0.115691 0.105801 0.0963241 0.0872971 0.0787512 0.0707097 0.0631888 0.0561974 0.0497378 0.0438062 0.0383933 0.0334846 0.0290618 0.025103 0.0215839 0.0184784 0.0157593 0.0133995 0.011372 0.00965119 0.00821293 0.00703542 0.00609946 0.00538885 0.00489068 0.00459558 
0.00507579 0.00518525 0.00551573 0.00607347 0.00686876 0.00791575 0.00923219 0.0108391 0.0127602 0.0150219 0.017652 0.0206796 0.0241343 0.0280451 0.0324399 0.0373447 0.0427823 0.0487718 0.0553277 0.0624588 0.070168 0.0784513 0.0872971 0.0966864 0.106592 0.116979 0.127804 0.139018 0.150561 0.16237 0.174374 0.186499 0.198665 0.21079 0.222789 0.234579 0.246073 0.257189 0.267844 0.27796 0.287464 0.296284 0.304356 0.311622 0.318028 0.323527 0.328082 0.331658 0.334231 0.335782 0.3363 0.335782 0.334231 0.331658 0.328082 0.323527 0.318028 0.311622 0.304356 0.296284 0.287464 0.27796 0.267844 0.257189 0.246073 0.234579 0.222789 0.21079 0.198665 0.186499 0.174374 0.16237 0.150561 0.139018 0.127804 0.116979 0.106592 0.0966864 0.0872971 0.0784513 0.070168 0.0624588 0.0553277 0.0487718 0.0427823 0.0373447 0.0324399 0.0280451 0.0241343 0.0206796 0.017652 0.0150219 0.0127602 0.0108391 0.00923219 0.00791575 0.00686876 0.00607347 0.00551573 0.00518525 
0.00570047 0.00582248 0.00619083 0.00681231 0.00769819 0.00886387 0.0103287 0.0121156 0.0142504 0.0167614 0.0196791 0.0230347 0.0268598 0.0311857 0.036042 0.041456 0.0474516 0.0540484 0.0612607 0.0690968 0.0775581 0.0866386 0.0963241 0.106592 0.117411 0.128742 0.140537 0.152738 0.165283 0.1781 0.191114 0.204241 0.217397 0.230493 0.243438 0.256141 0.268513 0.280464 0.291908 0.302762 0.312949 0.322395 0.331034 0.338803 0.345648 0.351522 0.356384 0.3602 0.362945 0.364599 0.365151 0.364599 0.362945 0.3602 0.356384 0.351522 0.345648 0.338803 0.331034 0.322395 0.312949 0.302762 0.291908 0.280464 0.268513 0.256141 0.243438 0.230493 0.217397 0.204241 0.191114 0.1781 0.165283 0.152738 0.140537 0.128742 0.117411 0.106592 0.0963241 0.0866386 0.0775581 0.0690968 0.0612607 0.0540484 0.0474516 0.041456 0.036042 0.0311857 0.0268598 0.0230347 0.0196791 0.0167614 0.0142504 0.0121156 0.0103287 0.00886387 0.00769819 0.00681231 0.00619083 0.00582248 
0.00637148 0.00650686 0.00691548 0.00760478 0.00858695 0.00987875 0.0115012 0.0134789 0.0158401 0.0186152 0.021837 0.0255389 0.0297548 0.034518 0.0398596 0.0458084 0.052389 0.0596215 0.0675198 0.0760913 0.0853358 0.0952449 0.105801 0.116979 0.128742 0.141046 0.153837 0.167053 0.180624 0.194472 0.208513 0.22266 0.23682 0.250898 0.264797 0.278421 0.291673 0.30446 0.316692 0.328282 0.339149 0.349216 0.358415 0.366682 0.373961 0.380203 0.385367 0.389419 0.392332 0.394087 0.394674 0.394087 0.392332 0.389419 0.385367 0.380203 0.373961 0.366682 0.358415 0.349216 0.339149 0.328282 0.316692 0.30446 0.291673 0.278421 0.264797 0.250898 0.23682 0.22266 0.208513 0.194472 0.180624 0.167053 0.153837 0.141046 0.128742 0.116979 0.105801 0.0952449 0.0853358 0.0760913 0.0675198 0.0596215 0.052389 0.0458084 0.0398596 0.034518 0.0297548 0.0255389 0.021837 0.0186152 0.0158401 0.0134789 0.0115012 0.00987875 0.00858695 0.00760478 0.00691548 0.00650686 
0.00708776 0.00723727 0.0076885 0.00844947 0.00953338 0.0109584 0.012747 0.0149261 0.0175257 0.0205787 0.02412 0.0281854 0.0328111 0.0380319 0.0438809 0.0503878 0.0575782 0.0654719 0.0740827 0.0834167 0.0934717 0.104237 0.115691 0.127804 0.140537 0.153837 0.167647 0.181898 0.196511 0.211405 0.226488 0.241664 0.256835 0.271899 0.286754 0.301296 0.315426 0.329044 0.342057 0.354373 0.36591 0.376588 0.386337 0.395091 0.402793 0.409395 0.414853 0.419134 0.422211 0.424064 0.424684 0.424064 0.422211 0.419134 0.414853 0.409395 0.402793 0.395091 0.386337 0.376588 0.36591 0.354373 0.342057 0.329044 0.315426 0.301296 0.286754 0.271899 0.256835 0.241664 0.226488 0.211405 0.196511 0.181898 0.167647 0.153837 0.140537 0.127804 0.115691 0.104237 0.0934717 0.0834167 0.0740827 0.0654719 0.0575782 0.0503878 0.0438809 0.0380319 0.0328111 0.0281854 0.02412 0.0205787 0.0175257 0.0149261 0.012747 0.0109584 0.00953338 0.00844947 0.0076885 0.00723727 
0.00784753 0.0080119 0.00850789 0.00934415 0.0105349 0.0120996 0.0140627 0.0164526 0.0193018 0.0226454 0.0265204 0.0309652 0.0360176 0.0417146 0.0480907 0.0551766 0.0629984 0.071576 0.0809222 0.0910417 0.10193 0.113574 0.125948 0.139018 0.152738 0.167053 0.181898 0.197196 0.212864 0.228811 0.24494 0.261148 0.27733 0.293378 0.309183 0.324636 0.339633 0.35407 0.36785 0.380878 0.39307 0.404343 0.414626 0.423853 0.431965 0.438913 0.444655 0.449157 0.452391 0.454339 0.454989 0.454339 0.452391 0.449157 0.444655 0.438913 0.431965 0.423853 0.414626 0.404343 0.39307 0.380878 0.36785 0.35407 0.339633 0.324636 0.309183 0.293378 0.27733 0.261148 0.24494 0.228811 0.212864 0.197196 0.181898 0.167053 0.152738 0.139018 0.125948 0.113574 0.10193 0.0910417 0.0809222 0.071576 0.0629984 0.0551766 0.0480907 0.0417146 0.0360176 0.0309652 0.0265204 0.0226454 0.0193018 0.0164526 0.0140627 0.0120996 0.0105349 0.00934415 0.00850789 0.0080119 
0.00864826 0.00882813 0.00937086 0.0102857 0.011588 0.0132984 0.0154432 0.0180527 0.0211615 0.024807 0.0290286 0.0338665 0.0393608 0.0455502 0.0524705 0.0601533 0.068625 0.0779051 0.0880056 0.0989294 0.11067 0.123209 0.136519 0.150561 0.165283 0.180624 0.196511 0.212864 0.22959 0.246592 0.263766 0.281002 0.298187 0.315208 0.33195 0.348299 0.364146 0.379384 0.393911 0.407632 0.420457 0.432305 0.443102 0.452782 0.461287 0.468567 0.474579 0.479291 0.482675 0.484713 0.485393 0.484713 0.482675 0.479291 0.474579 0.468567 0.461287 0.452782 0.443102 0.432305 0.420457 0.407632 0.393911 0.379384 0.364146 0.348299 0.33195 0.315208 0.298187 0.281002 0.263766 0.246592 0.22959 0.212864 0.196511 0.180624 0.165283 0.150561 0.136519 0.123209 0.11067 0.0989294 0.0880056 0.0779051 0.068625 0.0601533 0.0524705 0.0455502 0.0393608 0.0338665 0.0290286 0.024807 0.0211615 0.0180527 0.0154432 0.0132984 0.011588 0.0102857 0.00937086 0.00882813 
0.00948662 0.00968258 0.0102738 0.0112702 0.012688 0.0145495 0.0168824 0.0197191 0.0230963 0.0270536 0.0316325 0.0368754 0.0428245 0.0495198 0.0569983 0.0652926 0.0744289 0.0844265 0.0952959 0.107038 0.119643 0.133091 0.147348 0.16237 0.1781 0.194472 0.211405 0.228811 0.246592 0.264643 0.282853 0.301104 0.319278 0.337255 0.354914 0.372138 0.388812 0.404826 0.420075 0.434462 0.447895 0.460293 0.471581 0.481692 0.490568 0.498162 0.504429 0.509339 0.512863 0.514985 0.515694 0.514985 0.512863 0.509339 0.504429 0.498162 0.490568 0.481692 0.471581 0.460293 0.447895 0.434462 0.420075 0.404826 0.388812 0.372138 0.354914 0.337255 0.319278 0.301104 0.282853 0.264643 0.246592 0.228811 0.211405 0.194472 0.1781 0.16237 0.147348 0.133091 0.119643 0.107038 0.0952959 0.0844265 0.0744289 0.0652926 0.0569983 0.0495198 0.0428245 0.0368754 0.0316325 0.0270536 0.0230963 0.0197191 0.0168824 0.0145495 0.012688 0.0112702 0.0102738 0.00968258 
0.0103585 0.0105711 0.0112123 0.0122927 0.0138296 0.0158465 0.0183729 0.0214433 0.0250961 0.0293732 0.0343183 0.0399759 0.0463897 0.0536015 0.0616492 0.0705658 0.0803777 0.0911032 0.102751 0.115321 0.128799 0.14316 0.158369 0.174374 0.191114 0.208513 0.226488 0.24494 0.263766 0.282853 0.302081 0.321329 0.34047 0.359379 0.377931 0.396002 0.413473 0.430233 0.446173 0.461195 0.475207 0.488125 0.499875 0.510392 0.519617 0.527503 0.534009 0.539102 0.542758 0.544958 0.545693 0.544958 0.542758 0.539102 0.534009 0.527503 0.519617 0.510392 0.499875 0.488125 0.475207 0.461195 0.446173 0.430233 0.413473 0.396002 0.377931 0.359379 0.34047 0.321329 0.302081 0.282853 0.263766 0.24494 0.226488 0.208513 0.191114 0.174374 0.158369 0.14316 0.128799 0.115321 0.102751 0.0911032 0.0803777 0.0705658 0.0616492 0.0536015 0.0463897 0.0399759 0.0343183 0.0293732 0.0250961 0.0214433 0.0183729 0.0158465 0.0138296 0.0122927 0.0112123 0.0105711 
0.0112591 0.0114886 0.012181 0.0133474 0.0150061 0.0171821 0.0199063 0.0232151 0.0271491 0.0317522 0.0370702 0.0431494 0.0500353 0.0577709 0.0663951 0.0759412 0.0864351 0.0978943 0.110326 0.123726 0.138079 0.153356 0.169514 0.186499 0.204241 0.22266 0.241664 0.261148 0.281002 0.301104 0.321329 0.341548 0.361629 0.38144 0.400851 0.419735 0.43797 0.45544 0.472037 0.487659 0.502215 0.515621 0.527803 0.538697 0.548245 0.556402 0.563127 0.568389 0.572165 0.574437 0.575195 0.574437 0.572165 0.568389 0.563127 0.556402 0.548245 0.538697 0.527803 0.515621 0.502215 0.487659 0.472037 0.45544 0.43797 0.419735 0.400851 0.38144 0.361629 0.341548 0.321329 0.301104 0.281002 0.261148 0.241664 0.22266 0.204241 0.186499 0.169514 0.153356 0.138079 0.123726 0.110326 0.0978943 0.0864351 0.0759412 0.0663951 0.0577709 0.0500353 0.0431494 0.0370702 0.0317522 0.0271491 0.0232151 0.0199063 0.0171821 0.0150061 0.0133474 0.012181 0.0114886 
0.0121827 0.0124295 0.013174 0.0144278 0.0162103 0.0185477 0.0214727 0.0250234 0.0292424 0.0341755 0.0398705 0.0463756 0.0537378 0.0620012 0.0712054 0.0813838 0.0925619 0.104756 0.117971 0.1322 0.147425 0.16361 0.180711 0.198665 0.217397 0.23682 0.256835 0.27733 0.298187 0.319278 0.34047 0.361629 0.382615 0.403292 0.423526 0.443185 0.462144 0.480286 0.497499 0.513683 0.528746 0.542604 0.555185 0.566426 0.57627 0.584673 0.591598 0.597013 0.600897 0.603234 0.604014 0.603234 0.600897 0.597013 0.591598 0.584673 0.57627 0.566426 0.555185 0.542604 0.528746 0.513683 0.497499 0.480286 0.462144 0.443185 0.423526 0.403292 0.382615 0.361629 0.34047 0.319278 0.298187 0.27733 0.256835 0.23682 0.217397 0.198665 0.180711 0.16361 0.147425 0.1322 0.117971 0.104756 0.0925619 0.0813838 0.0712054 0.0620012 0.0537378 0.0463756 0.0398705 0.0341755 0.0292424 0.0250234 0.0214727 0.0185477 0.0162103 0.0144278 0.013174 0.0124295 
0.013123 0.0133873 0.0141843 0.0155264 0.0174338 0.0199341 0.0230614 0.0268557 0.0313614 0.0366264 0.0427001 0.0496324 0.0574718 0.0662632 0.076047 0.0868563 0.098716 0.111641 0.125633 0.140685 0.156771 0.173855 0.191883 0.21079 0.230493 0.250898 0.271899 0.293378 0.315208 0.337255 0.359379 0.38144 0.403292 0.424795 0.445809 0.4662 0.48584 0.50461 0.522399 0.539104 0.554634 0.568907 0.581852 0.593407 0.603519 0.612144 0.619247 0.624799 0.62878 0.631174 0.631973 0.631174 0.62878 0.624799 0.619247 0.612144 0.603519 0.593407 0.581852 0.568907 0.554634 0.539104 0.522399 0.50461 0.48584 0.4662 0.445809 0.424795 0.403292 0.38144 0.359379 0.337255 0.315208 0.293378 0.271899 0.250898 0.230493 0.21079 0.191883 0.173855 0.156771 0.140685 0.125633 0.111641 0.098716 0.0868563 0.076047 0.0662632 0.0574718 0.0496324 0.0427001 0.0366264 0.0313614 0.0268557 0.0230614 0.0199341 0.0174338 0.0155264 0.0141843 0.0133873 
0.014073 0.0143548 0.0152045 0.016635 0.0186676 0.0213309 0.0246607 0.0286986 0.0334908 0.0390869 0.0455382 0.052896 0.06121 0.0705262 0.080885 0.0923194 0.104853 0.1185 0.13326 0.14912 0.166053 0.184016 0.202953 0.222789 0.243438 0.264797 0.286754 0.309183 0.33195 0.354914 0.377931 0.400851 0.423526 0.445809 0.467557 0.488634 0.50891 0.528263 0.546582 0.563765 0.579721 0.594371 0.607644 0.619481 0.629831 0.638653 0.645913 0.651586 0.655651 0.658095 0.658911 0.658095 0.655651 0.651586 0.645913 0.638653 0.629831 0.619481 0.607644 0.594371 0.579721 0.563765 0.546582 0.528263 0.50891 0.488634 0.467557 0.445809 0.423526 0.400851 0.377931 0.354914 0.33195 0.309183 0.286754 0.264797 0.243438 0.222789 0.202953 0.184016 0.166053 0.14912 0.13326 0.1185 0.104853 0.0923194 0.080885 0.0705262 0.06121 0.052896 0.0455382 0.0390869 0.0334908 0.0286986 0.0246607 0.0213309 0.0186676 0.016635 0.0152045 0.0143548 
0.0150252 0.0153244 0.0162265 0.017745 0.0199019 0.0227272 0.0262581 0.0305376 0.0356139 0.041538 0.0483629 0.0561414 0.0649242 0.0747578 0.0856829 0.0977321 0.110928 0.125282 0.140793 0.157443 0.175202 0.194023 0.213841 0.234579 0.256141 0.278421 0.301296 0.324636 0.348299 0.372138 0.396002 0.419735 0.443185 0.4662 0.488634 0.510349 0.531211 0.5511 0.569903 0.58752 0.603861 0.618847 0.632412 0.644498 0.655057 0.664051 0.671448 0.677224 0.681362 0.68385 0.68468 0.68385 0.681362 0.677224 0.671448 0.664051 0.655057 0.644498 0.632412 0.618847 0.603861 0.58752 0.569903 0.5511 0.531211 0.510349 0.488634 0.4662 0.443185 0.419735 0.396002 0.372138 0.348299 0.324636 0.301296 0.278421 0.256141 0.234579 0.213841 0.194023 0.175202 0.157443 0.140793 0.125282 0.110928 0.0977321 0.0856829 0.0747578 0.0649242 0.0561414 0.0483629 0.041538 0.0356139 0.0305376 0.0262581 0.0227272 0.0199019 0.017745 0.0162265 0.0153244 
0.0159716 0.0162879 0.0172417 0.018847 0.0211265 0.0241115 0.0278404 0.0323578 0.0377134 0.0439599 0.0511517 0.0593427 0.0685847 0.0789246 0.0904032 0.103052 0.116894 0.131937 0.148176 0.165593 0.184152 0.2038 0.224469 0.246073 0.268513 0.291673 0.315426 0.339633 0.364146 0.388812 0.413473 0.43797 0.462144 0.48584 0.50891 0.531211 0.552611 0.572987 0.592228 0.610234 0.626918 0.642203 0.656024 0.668327 0.679066 0.688207 0.69572 0.701584 0.705784 0.708307 0.709149 0.708307 0.705784 0.701584 0.69572 0.688207 0.679066 0.668327 0.656024 0.642203 0.626918 0.610234 0.592228 0.572987 0.552611 0.531211 0.50891 0.48584 0.462144 0.43797 0.413473 0.388812 0.364146 0.339633 0.315426 0.291673 0.268513 0.246073 0.224469 0.2038 0.184152 0.165593 0.148176 0.131937 0.116894 0.103052 0.0904032 0.0789246 0.0685847 0.0593427 0.0511517 0.0439599 0.0377134 0.0323578 0.0278404 0.0241115 0.0211265 0.018847 0.0172417 0.0162879 
0.0169037 0.0172368 0.0182412 0.0199313 0.0223307 0.0254717 0.029394 0.0341436 0.0397716 0.0463322 0.0538811 0.0624734 0.0721614 0.0829927 0.0950077 0.108238 0.122703 0.13841 0.155353 0.173507 0.192833 0.213275 0.234757 0.257189 0.280464 0.30446 0.329044 0.35407 0.379384 0.404826 0.430233 0.45544 0.480286 0.50461 0.528263 0.5511 0.572987 0.593803 0.613435 0.631787 0.648773 0.664317 0.67836 0.690848 0.701741 0.711005 0.718615 0.724552 0.728802 0.731355 0.732206 0.731355 0.728802 0.724552 0.718615 0.711005 0.701741 0.690848 0.67836 0.664317 0.648773 0.631787 0.613435 0.593803 0.572987 0.5511 0.528263 0.50461 0.480286 0.45544 0.430233 0.404826 0.379384 0.35407 0.329044 0.30446 0.280464 0.257189 0.234757 0.213275 0.192833 0.173507 0.155353 0.13841 0.122703 0.108238 0.0950077 0.0829927 0.0721614 0.0624734 0.0538811 0.0463322 0.0397716 0.0341436 0.029394 0.0254717 0.0223307 0.0199313 0.0182412 0.0172368 
0.0178129 0.0181623 0.0192157 0.020988 0.0235035 0.0267955 0.0309049 0.035879 0.0417703 0.0486342 0.0565276 0.0655066 0.0756242 0.086928 0.0994583 0.113246 0.128308 0.144652 0.162266 0.181123 0.20118 0.222375 0.244629 0.267844 0.291908 0.316692 0.342057 0.36785 0.393911 0.420075 0.446173 0.472037 0.497499 0.522399 0.546582 0.569903 0.592228 0.613435 0.633415 0.65207 0.669317 0.685086 0.699316 0.711961 0.722981 0.732347 0.740036 0.74603 0.75032 0.752897 0.753756 0.752897 0.75032 0.74603 0.740036 0.732347 0.722981 0.711961 0.699316 0.685086 0.669317 0.65207 0.633415 0.613435 0.592228 0.569903 0.546582 0.522399 0.497499 0.472037 0.446173 0.420075 0.393911 0.36785 0.342057 0.316692 0.291908 0.267844 0.244629 0.222375 0.20118 0.181123 0.162266 0.144652 0.128308 0.113246 0.0994583 0.086928 0.0756242 0.0655066 0.0565276 0.0486342 0.0417703 0.035879 0.0309049 0.0267955 0.0235035 0.020988 0.0192157 0.0181623 
0.0186904 0.0190555 0.0201559 0.0220069 0.0246338 0.0280705 0.0323591 0.0375482 0.0436912 0.0508451 0.0590676 0.0684157 0.0789428 0.0906967 0.103717 0.118034 0.133664 0.15061 0.168859 0.188381 0.209128 0.231033 0.254011 0.27796 0.302762 0.328282 0.354373 0.380878 0.407632 0.434462 0.461195 0.487659 0.513683 0.539104 0.563765 0.58752 0.610234 0.631787 0.65207 0.670988 0.68846 0.704418 0.718806 0.731579 0.742703 0.752149 0.7599 0.76594 0.770261 0.772855 0.77372 0.772855 0.770261 0.76594 0.7599 0.752149 0.742703 0.731579 0.718806 0.704418 0.68846 0.670988 0.65207 0.631787 0.610234 0.58752 0.563765 0.539104 0.513683 0.487659 0.461195 0.434462 0.407632 0.380878 0.354373 0.328282 0.302762 0.27796 0.254011 0.231033 0.209128 0.188381 0.168859 0.15061 0.133664 0.118034 0.103717 0.0906967 0.0789428 0.0684157 0.0590676 0.0508451 0.0436912 0.0375482 0.0323591 0.0280705 0.0246338 0.0220069 0.0201559 0.0190555 
