0.00247332 0.00250082 0.00258352 0.00272198 0.00291713 0.00317021 0.00348279 0.00385669 0.00429397 0.00479683 0.00536757 0.00600854 0.00672202 0.00751018 0.008375 0.00931817 0.010341 0.0114443 0.0126286 0.0138934 0.0152378 0.0166602 0.018158 0.019728 0.0213658 0.0230665 0.0248239 0.0266312 0.0284805 0.0303632 0.0322699 0.0341903 0.0361137 0.0380286 0.0399232 0.0417853 0.0436026 0.0453624 0.0470524 0.0486603 0.0501743 0.0515827 0.0528749 0.0540407 0.0550709 0.0559572 0.0566924 0.0572707 0.0576871 0.0579384 0.0580224 0.0579384 0.0576871 0.0572707 0.0566924 0.0559572 0.0550709 0.0540407 0.0528749 0.0515827 0.0501743 0.0486603 0.0470524 0.0453624 0.0436026 0.0417853 0.0399232 0.0380286 0.0361137 0.0341903 0.0322699 0.0303632 0.0284805 0.0266312 0.0248239 0.0230665 0.0213658 0.019728 0.018158 0.0166602 0.0152378 0.0138934 0.0126286 0.0114443 0.010341 0.00931817 0.008375 0.00751018 0.00672202 0.00600854 0.00536757 0.00479683 0.00429397 0.00385669 0.00348279 0.00317021 0.00291713 0.00272198 0.00258352 0.00250082 
0.00250082 0.0025286 0.00261215 0.00275201 0.00294913 0.00320476 0.00352048 0.00389813 0.00433977 0.00484761 0.00542399 0.00607124 0.00679167 0.00758747 0.00846061 0.00941279 0.0104453 0.0115591 0.0127543 0.0140309 0.0153877 0.0168231 0.0183345 0.0199186 0.0215711 0.0232869 0.0250598 0.0268828 0.0287482 0.0306471 0.0325701 0.0345069 0.0364465 0.0383775 0.0402879 0.0421655 0.0439977 0.045772 0.0474758 0.0490968 0.050623 0.0520428 0.0533454 0.0545205 0.0555589 0.0564522 0.0571934 0.0577762 0.0581959 0.0584492 0.0585339 0.0584492 0.0581959 0.0577762 0.0571934 0.0564522 0.0555589 0.0545205 0.0533454 0.0520428 0.050623 0.0490968 0.0474758 0.045772 0.0439977 0.0421655 0.0402879 0.0383775 0.0364465 0.0345069 0.0325701 0.0306471 0.0287482 0.0268828 0.0250598 0.0232869 0.0215711 0.0199186 0.0183345 0.0168231 0.0153877 0.0140309 0.0127543 0.0115591 0.0104453 0.00941279 0.00846061 0.00758747 0.00679167 0.00607124 0.00542399 0.00484761 0.00433977 0.00389813 0.00352048 0.00320476 0.00294913 0.00275201 0.00261215 0.0025286 
0.00258352 0.00261215 0.00269821 0.00284229 0.00304534 0.00330864 0.0036338 0.0040227 0.00447743 0.00500026 0.00559354 0.00625968 0.007001 0.00781972 0.00871785 0.00969709 0.0107588 0.0119037 0.0131322 0.014444 0.015838 0.0173125 0.0188647 0.0204912 0.0221877 0.0239487 0.025768 0.0276385 0.0295521 0.0314997 0.0334717 0.0354575 0.0374459 0.0394251 0.041383 0.0433069 0.0451841 0.0470017 0.0487469 0.0504071 0.0519701 0.0534239 0.0547576 0.0559607 0.0570238 0.0579383 0.0586969 0.0592935 0.0597232 0.0599824 0.0600691 0.0599824 0.0597232 0.0592935 0.0586969 0.0579383 0.0570238 0.0559607 0.0547576 0.0534239 0.0519701 0.0504071 0.0487469 0.0470017 0.0451841 0.0433069 0.041383 0.0394251 0.0374459 0.0354575 0.0334717 0.0314997 0.0295521 0.0276385 0.025768 0.0239487 0.0221877 0.0204912 0.0188647 0.0173125 0.015838 0.014444 0.0131322 0.0119037 0.0107588 0.00969709 0.00871785 0.00781972 0.007001 0.00625968 0.00559354 0.00500026 0.00447743 0.0040227 0.0036338 0.00330864 0.00304534 0.00284229 0.00269821 0.00261215 
0.00272198 0.00275201 0.00284229 0.00299342 0.00320638 0.0034825 0.00382344 0.00423114 0.00470775 0.00525562 0.00587717 0.00657486 0.00735109 0.00820812 0.00914799 0.0101724 0.0112828 0.0124798 0.0137639 0.0151345 0.0165906 0.0181302 0.0197505 0.0214478 0.0232176 0.0250542 0.026951 0.0289007 0.0308946 0.0329234 0.0349771 0.0370446 0.0391142 0.0411739 0.0432108 0.045212 0.0471642 0.049054 0.0508682 0.0525938 0.0542179 0.0557285 0.0571141 0.0583638 0.059468 0.0604177 0.0612055 0.061825 0.0622712 0.0625403 0.0626303 0.0625403 0.0622712 0.061825 0.0612055 0.0604177 0.059468 0.0583638 0.0571141 0.0557285 0.0542179 0.0525938 0.0508682 0.049054 0.0471642 0.045212 0.0432108 0.0411739 0.0391142 0.0370446 0.0349771 0.0329234 0.0308946 0.0289007 0.026951 0.0250542 0.0232176 0.0214478 0.0197505 0.0181302 0.0165906 0.0151345 0.0137639 0.0124798 0.0112828 0.0101724 0.00914799 0.00820812 0.00735109 0.00657486 0.00587717 0.00525562 0.00470775 0.00423114 0.00382344 0.0034825 0.00320638 0.00299342 0.00284229 0.00275201 
0.00291713 0.00294913 0.00304534 0.00320638 0.00343328 0.00372742 0.00409055 0.00452468 0.00503207 0.00561513 0.00627641 0.00701844 0.00784371 0.00875456 0.00975307 0.010841 0.0120197 0.0132899 0.0146519 0.0161051 0.0176483 0.0192793 0.0209951 0.0227918 0.0246644 0.026607 0.0286125 0.0306729 0.0327795 0.0349222 0.0370902 0.0392722 0.0414557 0.043628 0.0457757 0.047885 0.0499421 0.051933 0.0538437 0.0556607 0.0573705 0.0589605 0.0604186 0.0617335 0.0628951 0.0638942 0.0647228 0.0653744 0.0658435 0.0661266 0.0662212 0.0661266 0.0658435 0.0653744 0.0647228 0.0638942 0.0628951 0.0617335 0.0604186 0.0589605 0.0573705 0.0556607 0.0538437 0.051933 0.0499421 0.047885 0.0457757 0.043628 0.0414557 0.0392722 0.0370902 0.0349222 0.0327795 0.0306729 0.0286125 0.026607 0.0246644 0.0227918 0.0209951 0.0192793 0.0176483 0.0161051 0.0146519 0.0132899 0.0120197 0.010841 0.00975307 0.00875456 0.00784371 0.00701844 0.00627641 0.00561513 0.00503207 0.00452468 0.00409055 0.00372742 0.00343328 0.00320638 0.00304534 0.00294913 
0.00317021 0.00320476 0.00330864 0.0034825 0.00372742 0.00404488 0.0044367 0.004905 0.00545216 0.00608072 0.00679333 0.00759265 0.00848128 0.00946163 0.0105359 0.0117058 0.0129727 0.0143373 0.0157998 0.0173596 0.0190151 0.020764 0.022603 0.0245277 0.0265328 0.0286118 0.0307572 0.0329604 0.0352119 0.0375011 0.0398164 0.0421456 0.0444756 0.0467927 0.0490827 0.0513311 0.0535231 0.0556438 0.0576786 0.059613 0.0614328 0.0631247 0.064676 0.0660747 0.06731 0.0683724 0.0692534 0.0699461 0.0704449 0.0707458 0.0708463 0.0707458 0.0704449 0.0699461 0.0692534 0.0683724 0.06731 0.0660747 0.064676 0.0631247 0.0614328 0.059613 0.0576786 0.0556438 0.0535231 0.0513311 0.0490827 0.0467927 0.0444756 0.0421456 0.0398164 0.0375011 0.0352119 0.0329604 0.0307572 0.0286118 0.0265328 0.0245277 0.022603 0.020764 0.0190151 0.0173596 0.0157998 0.0143373 0.0129727 0.0117058 0.0105359 0.00946163 0.00848128 0.00759265 0.00679333 0.00608072 0.00545216 0.004905 0.0044367 0.00404488 0.00372742 0.0034825 0.00330864 0.00320476 
0.00348279 0.00352048 0.0036338 0.00382344 0.00409055 0.0044367 0.00486382 0.00537416 0.00597024 0.00665475 0.00743049 0.00830025 0.00926675 0.0103325 0.0114998 0.0127703 0.0141456 0.0156261 0.017212 0.0189025 0.0206958 0.0225892 0.0245792 0.0266608 0.0288282 0.0310744 0.0333911 0.0357692 0.0381981 0.0406665 0.0431619 0.0456712 0.0481802 0.0506743 0.0531383 0.0555565 0.0579132 0.0601926 0.0623788 0.0644565 0.0664107 0.068227 0.0698919 0.0713928 0.0727182 0.0738577 0.0748027 0.0755455 0.0760803 0.0764029 0.0765108 0.0764029 0.0760803 0.0755455 0.0748027 0.0738577 0.0727182 0.0713928 0.0698919 0.068227 0.0664107 0.0644565 0.0623788 0.0601926 0.0579132 0.0555565 0.0531383 0.0506743 0.0481802 0.0456712 0.0431619 0.0406665 0.0381981 0.0357692 0.0333911 0.0310744 0.0288282 0.0266608 0.0245792 0.0225892 0.0206958 0.0189025 0.017212 0.0156261 0.0141456 0.0127703 0.0114998 0.0103325 0.00926675 0.00830025 0.00743049 0.00665475 0.00597024 0.00537416 0.00486382 0.0044367 0.00409055 0.00382344 0.0036338 0.00352048 
0.00385669 0.00389813 0.0040227 0.00423114 0.00452468 0.004905 0.00537416 0.00593457 0.00658889 0.00734001 0.00819086 0.00914443 0.0102036 0.0113709 0.0126487 0.0140389 0.0155429 0.0171611 0.0188935 0.0207391 0.0226959 0.0247608 0.0269297 0.0291973 0.0315571 0.0340013 0.0365209 0.0391059 0.0417447 0.0444252 0.0471336 0.0498558 0.0525764 0.0552797 0.0579491 0.060568 0.0631192 0.0655857 0.0679507 0.0701975 0.0723102 0.0742732 0.0760721 0.0776934 0.0791249 0.0803555 0.0813757 0.0821776 0.082755 0.0831032 0.0832196 0.0831032 0.082755 0.0821776 0.0813757 0.0803555 0.0791249 0.0776934 0.0760721 0.0742732 0.0723102 0.0701975 0.0679507 0.0655857 0.0631192 0.060568 0.0579491 0.0552797 0.0525764 0.0498558 0.0471336 0.0444252 0.0417447 0.0391059 0.0365209 0.0340013 0.0315571 0.0291973 0.0269297 0.0247608 0.0226959 0.0207391 0.0188935 0.0171611 0.0155429 0.0140389 0.0126487 0.0113709 0.0102036 0.00914443 0.00819086 0.00734001 0.00658889 0.00593457 0.00537416 0.004905 0.00452468 0.00423114 0.0040227 0.00389813 
0.00429397 0.00433977 0.00447743 0.00470775 0.00503207 0.00545216 0.00597024 0.00658889 0.00731098 0.00813954 0.00907774 0.0101287 0.0112955 0.0125808 0.013987 0.0155161 0.0171694 0.0189473 0.0208496 0.022875 0.0250212 0.0272848 0.0296609 0.0321438 0.0347261 0.0373993 0.0401535 0.0429776 0.045859 0.0487843 0.0517386 0.0547065 0.0576713 0.0606157 0.063522 0.0663721 0.0691474 0.0718295 0.0744003 0.0768418 0.0791368 0.0812686 0.0832217 0.0849816 0.0865351 0.0878703 0.0889771 0.089847 0.0904732 0.0908509 0.0909771 0.0908509 0.0904732 0.089847 0.0889771 0.0878703 0.0865351 0.0849816 0.0832217 0.0812686 0.0791368 0.0768418 0.0744003 0.0718295 0.0691474 0.0663721 0.063522 0.0606157 0.0576713 0.0547065 0.0517386 0.0487843 0.045859 0.0429776 0.0401535 0.0373993 0.0347261 0.0321438 0.0296609 0.0272848 0.0250212 0.022875 0.0208496 0.0189473 0.0171694 0.0155161 0.013987 0.0125808 0.0112955 0.0101287 0.00907774 0.00813954 0.00731098 0.00658889 0.00597024 0.00545216 0.00503207 0.00470775 0.00447743 0.00433977 
0.00479683 0.00484761 0.00500026 0.00525562 0.00561513 0.00608072 0.00665475 0.00734001 0.00813954 0.00905662 0.0100946 0.0112568 0.0125465 0.0139664 0.0155192 0.0172067 0.0190302 0.0209901 0.023086 0.0253162 0.027678 0.0301675 0.0327793 0.0355069 0.0383421 0.0412754 0.0442959 0.0473913 0.0505478 0.0537507 0.0569838 0.06023 0.0634713 0.0666888 0.0698632 0.0729748 0.0760035 0.0789294 0.0817328 0.0843943 0.0868952 0.0892177 0.0913449 0.0932612 0.0949523 0.0964056 0.0976102 0.0985567 0.099238 0.099649 0.0997863 0.099649 0.099238 0.0985567 0.0976102 0.0964056 0.0949523 0.0932612 0.0913449 0.0892177 0.0868952 0.0843943 0.0817328 0.0789294 0.0760035 0.0729748 0.0698632 0.0666888 0.0634713 0.06023 0.0569838 0.0537507 0.0505478 0.0473913 0.0442959 0.0412754 0.0383421 0.0355069 0.0327793 0.0301675 0.027678 0.0253162 0.023086 0.0209901 0.0190302 0.0172067 0.0155192 0.0139664 0.0125465 0.0112568 0.0100946 0.00905662 0.00813954 0.00734001 0.00665475 0.00608072 0.00561513 0.00525562 0.00500026 0.00484761 
0.00536757 0.00542399 0.00559354 0.00587717 0.00627641 0.00679333 0.00743049 0.00819086 0.00907774 0.0100946 0.0112451 0.0125326 0.0139606 0.0155322 0.0172498 0.0191155 0.0211305 0.0232949 0.0256082 0.0280683 0.0306721 0.0334151 0.0362912 0.039293 0.0424114 0.045636 0.0489545 0.0523534 0.0558176 0.0593308 0.0628753 0.0664323 0.0699821 0.0735043 0.0769777 0.0803808 0.0836919 0.0868894 0.0899518 0.0928582 0.0955883 0.0981229 0.100444 0.102534 0.104378 0.105963 0.107276 0.108308 0.10905 0.109498 0.109648 0.109498 0.10905 0.108308 0.107276 0.105963 0.104378 0.102534 0.100444 0.0981229 0.0955883 0.0928582 0.0899518 0.0868894 0.0836919 0.0803808 0.0769777 0.0735043 0.0699821 0.0664323 0.0628753 0.0593308 0.0558176 0.0523534 0.0489545 0.045636 0.0424114 0.039293 0.0362912 0.0334151 0.0306721 0.0280683 0.0256082 0.0232949 0.0211305 0.0191155 0.0172498 0.0155322 0.0139606 0.0125326 0.0112451 0.0100946 0.00907774 0.00819086 0.00743049 0.00679333 0.00627641 0.00587717 0.00559354 0.00542399 
0.00600854 0.00607124 0.00625968 0.00657486 0.00701844 0.00759265 0.00830025 0.00914443 0.0101287 0.0112568 0.0125326 0.0139598 0.015542 0.0172823 0.0191834 0.0212472 0.023475 0.0258667 0.0284214 0.0311368 0.0340091 0.0370331 0.0402022 0.0435078 0.0469399 0.0504868 0.054135 0.0578694 0.0616736 0.0655295 0.0694177 0.0733176 0.0772078 0.0810658 0.0848686 0.0885929 0.0922149 0.0957112 0.0990586 0.102234 0.105216 0.107984 0.110518 0.112799 0.114811 0.11654 0.117972 0.119098 0.119908 0.120396 0.120559 0.120396 0.119908 0.119098 0.117972 0.11654 0.114811 0.112799 0.110518 0.107984 0.105216 0.102234 0.0990586 0.0957112 0.0922149 0.0885929 0.0848686 0.0810658 0.0772078 0.0733176 0.0694177 0.0655295 0.0616736 0.0578694 0.054135 0.0504868 0.0469399 0.0435078 0.0402022 0.0370331 0.0340091 0.0311368 0.0284214 0.0258667 0.023475 0.0212472 0.0191834 0.0172823 0.015542 0.0139598 0.0125326 0.0112568 0.0101287 0.00914443 0.00830025 0.00759265 0.00701844 0.00657486 0.00625968 0.00607124 
0.00672202 0.00679167 0.007001 0.00735109 0.00784371 0.00848128 0.00926675 0.0102036 0.0112955 0.0125465 0.0139606 0.015542 0.0172942 0.0192206 0.0213239 0.0236061 0.0260682 0.0287101 0.0315304 0.0345264 0.0376938 0.0410266 0.0445172 0.0481561 0.0519322 0.0558323 0.0598415 0.0639434 0.0681195 0.0723501 0.0766139 0.0808885 0.0851503 0.0893748 0.0935369 0.0976113 0.101572 0.105394 0.109052 0.112521 0.115777 0.118798 0.121563 0.124052 0.126247 0.128132 0.129694 0.130921 0.131804 0.132336 0.132514 0.132336 0.131804 0.130921 0.129694 0.128132 0.126247 0.124052 0.121563 0.118798 0.115777 0.112521 0.109052 0.105394 0.101572 0.0976113 0.0935369 0.0893748 0.0851503 0.0808885 0.0766139 0.0723501 0.0681195 0.0639434 0.0598415 0.0558323 0.0519322 0.0481561 0.0445172 0.0410266 0.0376938 0.0345264 0.0315304 0.0287101 0.0260682 0.0236061 0.0213239 0.0192206 0.0172942 0.015542 0.0139606 0.0125465 0.0112955 0.0102036 0.00926675 0.00848128 0.00784371 0.00735109 0.007001 0.00679167 
0.00751018 0.00758747 0.00781972 0.00820812 0.00875456 0.00946163 0.0103325 0.0113709 0.0125808 0.0139664 0.0155322 0.0172823 0.0192206 0.0213506 0.023675 0.0261958 0.0289139 0.0318289 0.034939 0.0382411 0.04173 0.0453991 0.0492397 0.0532412 0.0573912 0.0616752 0.0660766 0.0705771 0.0751567 0.0797936 0.0844644 0.0891447 0.0938086 0.0984296 0.10298 0.107433 0.11176 0.115933 0.119926 0.123711 0.127263 0.130557 0.133571 0.136284 0.138676 0.14073 0.142431 0.143767 0.144729 0.145308 0.145502 0.145308 0.144729 0.143767 0.142431 0.14073 0.138676 0.136284 0.133571 0.130557 0.127263 0.123711 0.119926 0.115933 0.11176 0.107433 0.10298 0.0984296 0.0938086 0.0891447 0.0844644 0.0797936 0.0751567 0.0705771 0.0660766 0.0616752 0.0573912 0.0532412 0.0492397 0.0453991 0.04173 0.0382411 0.034939 0.0318289 0.0289139 0.0261958 0.023675 0.0213506 0.0192206 0.0172823 0.0155322 0.0139664 0.0125808 0.0113709 0.0103325 0.00946163 0.00875456 0.00820812 0.00781972 0.00758747 
0.008375 0.00846061 0.00871785 0.00914799 0.00975307 0.0105359 0.0114998 0.0126487 0.013987 0.0155192 0.0172498 0.0191834 0.0213239 0.023675 0.0262395 0.0290192 0.0320149 0.0352258 0.0386499 0.0422832 0.04612 0.0501527 0.0543715 0.0587647 0.0633182 0.0680161 0.0728402 0.0777702 0.0827841 0.0878581 0.0929666 0.0980828 0.103179 0.108225 0.113193 0.118051 0.12277 0.12732 0.131671 0.135794 0.139662 0.143249 0.14653 0.149482 0.152084 0.154318 0.156168 0.157621 0.158666 0.159296 0.159507 0.159296 0.158666 0.157621 0.156168 0.154318 0.152084 0.149482 0.14653 0.143249 0.139662 0.135794 0.131671 0.12732 0.12277 0.118051 0.113193 0.108225 0.103179 0.0980828 0.0929666 0.0878581 0.0827841 0.0777702 0.0728402 0.0680161 0.0633182 0.0587647 0.0543715 0.0501527 0.04612 0.0422832 0.0386499 0.0352258 0.0320149 0.0290192 0.0262395 0.023675 0.0213239 0.0191834 0.0172498 0.0155192 0.013987 0.0126487 0.0114998 0.0105359 0.00975307 0.00914799 0.00871785 0.00846061 
0.00931817 0.00941279 0.00969709 0.0101724 0.010841 0.0117058 0.0127703 0.0140389 0.0155161 0.0172067 0.0191155 0.0212472 0.0236061 0.0261958 0.0290192 0.032078 0.0353727 0.0389024 0.0426642 0.0466538 0.0508645 0.0552877 0.0599124 0.0647256 0.0697118 0.0748532 0.0801297 0.0855192 0.0909975 0.0965385 0.102114 0.107696 0.113252 0.118752 0.124164 0.129454 0.13459 0.13954 0.144272 0.148755 0.152959 0.156856 0.160419 0.163625 0.16645 0.168875 0.170883 0.172459 0.173593 0.174277 0.174506 0.174277 0.173593 0.172459 0.170883 0.168875 0.16645 0.163625 0.160419 0.156856 0.152959 0.148755 0.144272 0.13954 0.13459 0.129454 0.124164 0.118752 0.113252 0.107696 0.102114 0.0965385 0.0909975 0.0855192 0.0801297 0.0748532 0.0697118 0.0647256 0.0599124 0.0552877 0.0508645 0.0466538 0.0426642 0.0389024 0.0353727 0.032078 0.0290192 0.0261958 0.0236061 0.0212472 0.0191155 0.0172067 0.0155161 0.0140389 0.0127703 0.0117058 0.010841 0.0101724 0.00969709 0.00941279 
0.010341 0.0104453 0.0107588 0.0112828 0.0120197 0.0129727 0.0141456 0.0155429 0.0171694 0.0190302 0.0211305 0.023475 0.0260682 0.0289139 0.0320149 0.0353727 0.0389877 0.0428584 0.0469816 0.0513519 0.055962 0.0608021 0.0658599 0.0711209 0.076568 0.0821814 0.0879393 0.0938174 0.099789 0.105826 0.111897 0.117972 0.124017 0.129997 0.135878 0.141625 0.147202 0.152575 0.157709 0.162572 0.16713 0.171354 0.175216 0.178688 0.181748 0.184374 0.186548 0.188255 0.189482 0.190223 0.19047 0.190223 0.189482 0.188255 0.186548 0.184374 0.181748 0.178688 0.175216 0.171354 0.16713 0.162572 0.157709 0.152575 0.147202 0.141625 0.135878 0.129997 0.124017 0.117972 0.111897 0.105826 0.099789 0.0938174 0.0879393 0.0821814 0.076568 0.0711209 0.0658599 0.0608021 0.055962 0.0513519 0.0469816 0.0428584 0.0389877 0.0353727 0.0320149 0.0289139 0.0260682 0.023475 0.0211305 0.0190302 0.0171694 0.0155429 0.0141456 0.0129727 0.0120197 0.0112828 0.0107588 0.0104453 
0.0114443 0.0115591 0.0119037 0.0124798 0.0132899 0.0143373 0.0156261 0.0171611 0.0189473 0.0209901 0.0232949 0.0258667 0.0287101 0.0318289 0.0352258 0.0389024 0.0428584 0.0470921 0.0515996 0.0563747 0.061409 0.0666915 0.0722087 0.0779444 0.0838795 0.0899927 0.0962598 0.102654 0.109147 0.115707 0.122301 0.128896 0.135454 0.14194 0.148316 0.154542 0.160583 0.1664 0.171957 0.177217 0.182147 0.186713 0.190887 0.194639 0.197944 0.200781 0.203128 0.204971 0.206297 0.207096 0.207363 0.207096 0.206297 0.204971 0.203128 0.200781 0.197944 0.194639 0.190887 0.186713 0.182147 0.177217 0.171957 0.1664 0.160583 0.154542 0.148316 0.14194 0.135454 0.128896 0.122301 0.115707 0.109147 0.102654 0.0962598 0.0899927 0.0838795 0.0779444 0.0722087 0.0666915 0.061409 0.0563747 0.0515996 0.0470921 0.0428584 0.0389024 0.0352258 0.0318289 0.0287101 0.0258667 0.0232949 0.0209901 0.0189473 0.0171611 0.0156261 0.0143373 0.0132899 0.0124798 0.0119037 0.0115591 
0.0126286 0.0127543 0.0131322 0.0137639 0.0146519 0.0157998 0.017212 0.0188935 0.0208496 0.023086 0.0256082 0.0284214 0.0315304 0.034939 0.0386499 0.0426642 0.0469816 0.0515996 0.0565136 0.0617166 0.0671991 0.0729487 0.0789505 0.0851865 0.0916359 0.0982751 0.105078 0.112015 0.119055 0.126164 0.133307 0.140446 0.147543 0.154558 0.16145 0.168179 0.174703 0.180984 0.186981 0.192656 0.197972 0.202896 0.207394 0.211438 0.214999 0.218054 0.220582 0.222567 0.223994 0.224854 0.225142 0.224854 0.223994 0.222567 0.220582 0.218054 0.214999 0.211438 0.207394 0.202896 0.197972 0.192656 0.186981 0.180984 0.174703 0.168179 0.16145 0.154558 0.147543 0.140446 0.133307 0.126164 0.119055 0.112015 0.105078 0.0982751 0.0916359 0.0851865 0.0789505 0.0729487 0.0671991 0.0617166 0.0565136 0.0515996 0.0469816 0.0426642 0.0386499 0.034939 0.0315304 0.0284214 0.0256082 0.023086 0.0208496 0.0188935 0.017212 0.0157998 0.0146519 0.0137639 0.0131322 0.0127543 
0.0138934 0.0140309 0.014444 0.0151345 0.0161051 0.0173596 0.0189025 0.0207391 0.022875 0.0253162 0.0280683 0.0311368 0.0345264 0.0382411 0.0422832 0.0466538 0.0513519 0.0563747 0.0617166 0.0673697 0.0733232 0.0795635 0.0860739 0.0928346 0.0998229 0.107013 0.114376 0.12188 0.129492 0.137175 0.14489 0.152597 0.160254 0.16782 0.175249 0.182499 0.189527 0.196288 0.202742 0.208847 0.214565 0.219858 0.224693 0.229037 0.232863 0.236144 0.238859 0.24099 0.242522 0.243445 0.243754 0.243445 0.242522 0.24099 0.238859 0.236144 0.232863 0.229037 0.224693 0.219858 0.214565 0.208847 0.202742 0.196288 0.189527 0.182499 0.175249 0.16782 0.160254 0.152597 0.14489 0.137175 0.129492 0.12188 0.114376 0.107013 0.0998229 0.0928346 0.0860739 0.0795635 0.0733232 0.0673697 0.0617166 0.0563747 0.0513519 0.0466538 0.0422832 0.0382411 0.0345264 0.0311368 0.0280683 0.0253162 0.022875 0.0207391 0.0189025 0.0173596 0.0161051 0.0151345 0.014444 0.0140309 
0.0152378 0.0153877 0.015838 0.0165906 0.0176483 0.0190151 0.0206958 0.0226959 0.0250212 0.027678 0.0306721 0.0340091 0.0376938 0.04173 0.04612 0.0508645 0.055962 0.061409 0.0671991 0.0733232 0.0797694 0.0865225 0.0935639 0.100872 0.108422 0.116186 0.124132 0.132227 0.140433 0.148711 0.157019 0.165315 0.173554 0.181689 0.189675 0.197464 0.205011 0.212269 0.219194 0.225742 0.231873 0.237547 0.242728 0.247383 0.25148 0.254994 0.257901 0.260182 0.261822 0.26281 0.263141 0.26281 0.261822 0.260182 0.257901 0.254994 0.25148 0.247383 0.242728 0.237547 0.231873 0.225742 0.219194 0.212269 0.205011 0.197464 0.189675 0.181689 0.173554 0.165315 0.157019 0.148711 0.140433 0.132227 0.124132 0.116186 0.108422 0.100872 0.0935639 0.0865225 0.0797694 0.0733232 0.0671991 0.061409 0.055962 0.0508645 0.04612 0.04173 0.0376938 0.0340091 0.0306721 0.027678 0.0250212 0.0226959 0.0206958 0.0190151 0.0176483 0.0165906 0.015838 0.0153877 
0.0166602 0.0168231 0.0173125 0.0181302 0.0192793 0.020764 0.0225892 0.0247608 0.0272848 0.0301675 0.0334151 0.0370331 0.0410266 0.0453991 0.0501527 0.0552877 0.0608021 0.0666915 0.0729487 0.0795635 0.0865225 0.0938087 0.101402 0.109279 0.117412 0.125771 0.134321 0.143026 0.151847 0.16074 0.169662 0.178565 0.187402 0.196125 0.204682 0.213026 0.221106 0.228875 0.236283 0.243287 0.249841 0.255905 0.261441 0.266412 0.270788 0.274539 0.277642 0.280077 0.281827 0.282882 0.283235 0.282882 0.281827 0.280077 0.277642 0.274539 0.270788 0.266412 0.261441 0.255905 0.249841 0.243287 0.236283 0.228875 0.221106 0.213026 0.204682 0.196125 0.187402 0.178565 0.169662 0.16074 0.151847 0.143026 0.134321 0.125771 0.117412 0.109279 0.101402 0.0938087 0.0865225 0.0795635 0.0729487 0.0666915 0.0608021 0.0552877 0.0501527 0.0453991 0.0410266 0.0370331 0.0334151 0.0301675 0.0272848 0.0247608 0.0225892 0.020764 0.0192793 0.0181302 0.0173125 0.0168231 
0.018158 0.0183345 0.0188647 0.0197505 0.0209951 0.022603 0.0245792 0.0269297 0.0296609 0.0327793 0.0362912 0.0402022 0.0445172 0.0492397 0.0543715 0.0599124 0.0658599 0.0722087 0.0789505 0.0860739 0.0935639 0.101402 0.109566 0.118031 0.126765 0.135738 0.144911 0.154245 0.163698 0.173224 0.182775 0.192302 0.201754 0.211078 0.220222 0.229133 0.237758 0.246048 0.25395 0.261417 0.268404 0.274865 0.280762 0.286056 0.290715 0.294708 0.298011 0.300602 0.302464 0.303586 0.303961 0.303586 0.302464 0.300602 0.298011 0.294708 0.290715 0.286056 0.280762 0.274865 0.268404 0.261417 0.25395 0.246048 0.237758 0.229133 0.220222 0.211078 0.201754 0.192302 0.182775 0.173224 0.163698 0.154245 0.144911 0.135738 0.126765 0.118031 0.109566 0.101402 0.0935639 0.0860739 0.0789505 0.0722087 0.0658599 0.0599124 0.0543715 0.0492397 0.0445172 0.0402022 0.0362912 0.0327793 0.0296609 0.0269297 0.0245792 0.022603 0.0209951 0.0197505 0.0188647 0.0183345 
0.019728 0.0199186 0.0204912 0.0214478 0.0227918 0.0245277 0.0266608 0.0291973 0.0321438 0.0355069 0.039293 0.0435078 0.0481561 0.0532412 0.0587647 0.0647256 0.0711209 0.0779444 0.0851865 0.0928346 0.100872 0.109279 0.118031 0.127099 0.136452 0.146055 0.155867 0.165846 0.175947 0.18612 0.196315 0.206478 0.216557 0.226494 0.236235 0.245724 0.254905 0.263723 0.272127 0.280066 0.28749 0.294355 0.300617 0.306238 0.311183 0.315421 0.318926 0.321675 0.323651 0.324841 0.325239 0.324841 0.323651 0.321675 0.318926 0.315421 0.311183 0.306238 0.300617 0.294355 0.28749 0.280066 0.272127 0.263723 0.254905 0.245724 0.236235 0.226494 0.216557 0.206478 0.196315 0.18612 0.175947 0.165846 0.155867 0.146055 0.136452 0.127099 0.118031 0.109279 0.100872 0.0928346 0.0851865 0.0779444 0.0711209 0.0647256 0.0587647 0.0532412 0.0481561 0.0435078 0.039293 0.0355069 0.0321438 0.0291973 0.0266608 0.0245277 0.0227918 0.0214478 0.0204912 0.0199186 
0.0213658 0.0215711 0.0221877 0.0232176 0.0246644 0.0265328 0.0288282 0.0315571 0.0347261 0.0383421 0.0424114 0.0469399 0.0519322 0.0573912 0.0633182 0.0697118 0.076568 0.0838795 0.0916359 0.0998229 0.108422 0.117412 0.126765 0.136452 0.146438 0.156685 0.167149 0.177786 0.188547 0.199379 0.210229 0.22104 0.231755 0.242315 0.252661 0.262735 0.272477 0.281832 0.290743 0.299157 0.307023 0.314294 0.320925 0.326876 0.332109 0.336594 0.340301 0.343209 0.345299 0.346558 0.346978 0.346558 0.345299 0.343209 0.340301 0.336594 0.332109 0.326876 0.320925 0.314294 0.307023 0.299157 0.290743 0.281832 0.272477 0.262735 0.252661 0.242315 0.231755 0.22104 0.210229 0.199379 0.188547 0.177786 0.167149 0.156685 0.146438 0.136452 0.126765 0.117412 0.108422 0.0998229 0.0916359 0.0838795 0.076568 0.0697118 0.0633182 0.0573912 0.0519322 0.0469399 0.0424114 0.0383421 0.0347261 0.0315571 0.0288282 0.0265328 0.0246644 0.0232176 0.0221877 0.0215711 
0.0230665 0.0232869 0.0239487 0.0250542 0.026607 0.0286118 0.0310744 0.0340013 0.0373993 0.0412754 0.045636 0.0504868 0.0558323 0.0616752 0.0680161 0.0748532 0.0821814 0.0899927 0.0982751 0.107013 0.116186 0.125771 0.135738 0.146055 0.156685 0.167586 0.178713 0.190018 0.201448 0.212948 0.224461 0.235927 0.247285 0.258474 0.269431 0.280094 0.290403 0.300296 0.309717 0.318609 0.326919 0.334598 0.341599 0.34788 0.353402 0.358133 0.362044 0.365111 0.367314 0.368642 0.369086 0.368642 0.367314 0.365111 0.362044 0.358133 0.353402 0.34788 0.341599 0.334598 0.326919 0.318609 0.309717 0.300296 0.290403 0.280094 0.269431 0.258474 0.247285 0.235927 0.224461 0.212948 0.201448 0.190018 0.178713 0.167586 0.156685 0.146055 0.135738 0.125771 0.116186 0.107013 0.0982751 0.0899927 0.0821814 0.0748532 0.0680161 0.0616752 0.0558323 0.0504868 0.045636 0.0412754 0.0373993 0.0340013 0.0310744 0.0286118 0.026607 0.0250542 0.0239487 0.0232869 
0.0248239 0.0250598 0.025768 0.026951 0.0286125 0.0307572 0.0333911 0.0365209 0.0401535 0.0442959 0.0489545 0.054135 0.0598415 0.0660766 0.0728402 0.0801297 0.0879393 0.0962598 0.105078 0.114376 0.124132 0.134321 0.144911 0.155867 0.167149 0.178713 0.190511 0.20249 0.214596 0.22677 0.238951 0.251076 0.263082 0.274902 0.286472 0.297727 0.308603 0.319036 0.328967 0.338337 0.34709 0.355176 0.362546 0.369156 0.374967 0.379943 0.384056 0.387281 0.389598 0.390994 0.391461 0.390994 0.389598 0.387281 0.384056 0.379943 0.374967 0.369156 0.362546 0.355176 0.34709 0.338337 0.328967 0.319036 0.308603 0.297727 0.286472 0.274902 0.263082 0.251076 0.238951 0.22677 0.214596 0.20249 0.190511 0.178713 0.167149 0.155867 0.144911 0.134321 0.124132 0.114376 0.105078 0.0962598 0.0879393 0.0801297 0.0728402 0.0660766 0.0598415 0.054135 0.0489545 0.0442959 0.0401535 0.0365209 0.0333911 0.0307572 0.0286125 0.026951 0.025768 0.0250598 
0.0266312 0.0268828 0.0276385 0.0289007 0.0306729 0.0329604 0.0357692 0.0391059 0.0429776 0.0473913 0.0523534 0.0578694 0.0639434 0.0705771 0.0777702 0.0855192 0.0938174 0.102654 0.112015 0.12188 0.132227 0.143026 0.154245 0.165846 0.177786 0.190018 0.20249 0.215148 0.227933 0.240783 0.253634 0.26642 0.279073 0.291525 0.303708 0.315553 0.326994 0.337965 0.348404 0.358249 0.367443 0.375934 0.38367 0.390606 0.396702 0.401923 0.406236 0.409618 0.412047 0.413511 0.414 0.413511 0.412047 0.409618 0.406236 0.401923 0.396702 0.390606 0.38367 0.375934 0.367443 0.358249 0.348404 0.337965 0.326994 0.315553 0.303708 0.291525 0.279073 0.26642 0.253634 0.240783 0.227933 0.215148 0.20249 0.190018 0.177786 0.165846 0.154245 0.143026 0.132227 0.12188 0.112015 0.102654 0.0938174 0.0855192 0.0777702 0.0705771 0.0639434 0.0578694 0.0523534 0.0473913 0.0429776 0.0391059 0.0357692 0.0329604 0.0306729 0.0289007 0.0276385 0.0268828 
0.0284805 0.0287482 0.0295521 0.0308946 0.0327795 0.0352119 0.0381981 0.0417447 0.045859 0.0505478 0.0558176 0.0616736 0.0681195 0.0751567 0.0827841 0.0909975 0.099789 0.109147 0.119055 0.129492 0.140433 0.151847 0.163698 0.175947 0.188547 0.201448 0.214596 0.227933 0.241397 0.254922 0.268441 0.281886 0.295184 0.308264 0.321056 0.333488 0.34549 0.356994 0.367936 0.378251 0.387882 0.396772 0.404869 0.412128 0.418506 0.423966 0.428478 0.432013 0.434554 0.436084 0.436595 0.436084 0.434554 0.432013 0.428478 0.423966 0.418506 0.412128 0.404869 0.396772 0.387882 0.378251 0.367936 0.356994 0.34549 0.333488 0.321056 0.308264 0.295184 0.281886 0.268441 0.254922 0.241397 0.227933 0.214596 0.201448 0.188547 0.175947 0.163698 0.151847 0.140433 0.129492 0.119055 0.109147 0.099789 0.0909975 0.0827841 0.0751567 0.0681195 0.0616736 0.0558176 0.0505478 0.045859 0.0417447 0.0381981 0.0352119 0.0327795 0.0308946 0.0295521 0.0287482 
0.0303632 0.0306471 0.0314997 0.0329234 0.0349222 0.0375011 0.0406665 0.0444252 0.0487843 0.0537507 0.0593308 0.0655295 0.0723501 0.0797936 0.0878581 0.0965385 0.105826 0.115707 0.126164 0.137175 0.148711 0.16074 0.173224 0.18612 0.199379 0.212948 0.22677 0.240783 0.254922 0.269119 0.283302 0.297399 0.311336 0.325039 0.338433 0.351444 0.364001 0.376031 0.387468 0.398247 0.408307 0.417589 0.426042 0.433617 0.440272 0.445968 0.450672 0.454359 0.457008 0.458603 0.459136 0.458603 0.457008 0.454359 0.450672 0.445968 0.440272 0.433617 0.426042 0.417589 0.408307 0.398247 0.387468 0.376031 0.364001 0.351444 0.338433 0.325039 0.311336 0.297399 0.283302 0.269119 0.254922 0.240783 0.22677 0.212948 0.199379 0.18612 0.173224 0.16074 0.148711 0.137175 0.126164 0.115707 0.105826 0.0965385 0.0878581 0.0797936 0.0723501 0.0655295 0.0593308 0.0537507 0.0487843 0.0444252 0.0406665 0.0375011 0.0349222 0.0329234 0.0314997 0.0306471 
0.0322699 0.0325701 0.0334717 0.0349771 0.0370902 0.0398164 0.0431619 0.0471336 0.0517386 0.0569838 0.0628753 0.0694177 0.0766139 0.0844644 0.0929666 0.102114 0.111897 0.122301 0.133307 0.14489 0.157019 0.169662 0.182775 0.196315 0.210229 0.224461 0.238951 0.253634 0.268441 0.283302 0.298141 0.312883 0.327451 0.341766 0.355753 0.369334 0.382434 0.394981 0.406904 0.418137 0.428616 0.438283 0.447083 0.454967 0.461892 0.467817 0.472711 0.476545 0.4793 0.480958 0.481512 0.480958 0.4793 0.476545 0.472711 0.467817 0.461892 0.454967 0.447083 0.438283 0.428616 0.418137 0.406904 0.394981 0.382434 0.369334 0.355753 0.341766 0.327451 0.312883 0.298141 0.283302 0.268441 0.253634 0.238951 0.224461 0.210229 0.196315 0.182775 0.169662 0.157019 0.14489 0.133307 0.122301 0.111897 0.102114 0.0929666 0.0844644 0.0766139 0.0694177 0.0628753 0.0569838 0.0517386 0.0471336 0.0431619 0.0398164 0.0370902 0.0349771 0.0334717 0.0325701 
0.0341903 0.0345069 0.0354575 0.0370446 0.0392722 0.0421456 0.0456712 0.0498558 0.0547065 0.06023 0.0664323 0.0733176 0.0808885 0.0891447 0.0980828 0.107696 0.117972 0.128896 0.140446 0.152597 0.165315 0.178565 0.192302 0.206478 0.22104 0.235927 0.251076 0.26642 0.281886 0.297399 0.312883 0.328258 0.343444 0.358361 0.372928 0.387066 0.400698 0.413748 0.426146 0.43782 0.448708 0.458749 0.467887 0.476071 0.483258 0.489406 0.494483 0.49846 0.501317 0.503037 0.503612 0.503037 0.501317 0.49846 0.494483 0.489406 0.483258 0.476071 0.467887 0.458749 0.448708 0.43782 0.426146 0.413748 0.400698 0.387066 0.372928 0.358361 0.343444 0.328258 0.312883 0.297399 0.281886 0.26642 0.251076 0.235927 0.22104 0.206478 0.192302 0.178565 0.165315 0.152597 0.140446 0.128896 0.117972 0.107696 0.0980828 0.0891447 0.0808885 0.0733176 0.0664323 0.06023 0.0547065 0.0498558 0.0456712 0.0421456 0.0392722 0.0370446 0.0354575 0.0345069 
0.0361137 0.0364465 0.0374459 0.0391142 0.0414557 0.0444756 0.0481802 0.0525764 0.0576713 0.0634713 0.0699821 0.0772078 0.0851503 0.0938086 0.103179 0.113252 0.124017 0.135454 0.147543 0.160254 0.173554 0.187402 0.201754 0.216557 0.231755 0.247285 0.263082 0.279073 0.295184 0.311336 0.327451 0.343444 0.359234 0.374736 0.389868 0.404548 0.418697 0.432237 0.445094 0.457197 0.468481 0.478884 0.488348 0.496823 0.504262 0.510625 0.515879 0.519994 0.522949 0.524729 0.525323 0.524729 0.522949 0.519994 0.515879 0.510625 0.504262 0.496823 0.488348 0.478884 0.468481 0.457197 0.445094 0.432237 0.418697 0.404548 0.389868 0.374736 0.359234 0.343444 0.327451 0.311336 0.295184 0.279073 0.263082 0.247285 0.231755 0.216557 0.201754 0.187402 0.173554 0.160254 0.147543 0.135454 0.124017 0.113252 0.103179 0.0938086 0.0851503 0.0772078 0.0699821 0.0634713 0.0576713 0.0525764 0.0481802 0.0444756 0.0414557 0.0391142 0.0374459 0.0364465 
0.0380286 0.0383775 0.0394251 0.0411739 0.043628 0.0467927 0.0506743 0.0552797 0.0606157 0.0666888 0.0735043 0.0810658 0.0893748 0.0984296 0.108225 0.118752 0.129997 0.14194 0.154558 0.16782 0.181689 0.196125 0.211078 0.226494 0.242315 0.258474 0.274902 0.291525 0.308264 0.325039 0.341766 0.358361 0.374736 0.390806 0.406486 0.42169 0.436339 0.450351 0.463652 0.476168 0.487834 0.498584 0.508362 0.517115 0.524797 0.531367 0.53679 0.541038 0.544088 0.545924 0.546537 0.545924 0.544088 0.541038 0.53679 0.531367 0.524797 0.517115 0.508362 0.498584 0.487834 0.476168 0.463652 0.450351 0.436339 0.42169 0.406486 0.390806 0.374736 0.358361 0.341766 0.325039 0.308264 0.291525 0.274902 0.258474 0.242315 0.226494 0.211078 0.196125 0.181689 0.16782 0.154558 0.14194 0.129997 0.118752 0.108225 0.0984296 0.0893748 0.0810658 0.0735043 0.0666888 0.0606157 0.0552797 0.0506743 0.0467927 0.043628 0.0411739 0.0394251 0.0383775 
0.0399232 0.0402879 0.041383 0.0432108 0.0457757 0.0490827 0.0531383 0.0579491 0.063522 0.0698632 0.0769777 0.0848686 0.0935369 0.10298 0.113193 0.124164 0.135878 0.148316 0.16145 0.175249 0.189675 0.204682 0.220222 0.236235 0.252661 0.269431 0.286472 0.303708 0.321056 0.338433 0.355753 0.372928 0.389868 0.406486 0.422692 0.438402 0.45353 0.467997 0.481723 0.494635 0.506666 0.517749 0.527827 0.536847 0.544761 0.551527 0.557112 0.561486 0.564626 0.566516 0.567147 0.566516 0.564626 0.561486 0.557112 0.551527 0.544761 0.536847 0.527827 0.517749 0.506666 0.494635 0.481723 0.467997 0.45353 0.438402 0.422692 0.406486 0.389868 0.372928 0.355753 0.338433 0.321056 0.303708 0.286472 0.269431 0.252661 0.236235 0.220222 0.204682 0.189675 0.175249 0.16145 0.148316 0.135878 0.124164 0.113193 0.10298 0.0935369 0.0848686 0.0769777 0.0698632 0.063522 0.0579491 0.0531383 0.0490827 0.0457757 0.0432108 0.041383 0.0402879 
0.0417853 0.0421655 0.0433069 0.045212 0.047885 0.0513311 0.0555565 0.060568 0.0663721 0.0729748 0.0803808 0.0885929 0.0976113 0.107433 0.118051 0.129454 0.141625 0.154542 0.168179 0.182499 0.197464 0.213026 0.229133 0.245724 0.262735 0.280094 0.297727 0.315553 0.333488 0.351444 0.369334 0.387066 0.404548 0.42169 0.438402 0.454594 0.470182 0.485081 0.499213 0.512503 0.52488 0.536281 0.546644 0.555916 0.56405 0.571004 0.576742 0.581235 0.58446 0.586402 0.58705 0.586402 0.58446 0.581235 0.576742 0.571004 0.56405 0.555916 0.546644 0.536281 0.52488 0.512503 0.499213 0.485081 0.470182 0.454594 0.438402 0.42169 0.404548 0.387066 0.369334 0.351444 0.333488 0.315553 0.297727 0.280094 0.262735 0.245724 0.229133 0.213026 0.197464 0.182499 0.168179 0.154542 0.141625 0.129454 0.118051 0.107433 0.0976113 0.0885929 0.0803808 0.0729748 0.0663721 0.060568 0.0555565 0.0513311 0.047885 0.045212 0.0433069 0.0421655 
0.0436026 0.0439977 0.0451841 0.0471642 0.0499421 0.0535231 0.0579132 0.0631192 0.0691474 0.0760035 0.0836919 0.0922149 0.101572 0.11176 0.12277 0.13459 0.147202 0.160583 0.174703 0.189527 0.205011 0.221106 0.237758 0.254905 0.272477 0.290403 0.308603 0.326994 0.34549 0.364001 0.382434 0.400698 0.418697 0.436339 0.45353 0.470182 0.486205 0.501515 0.516031 0.529678 0.542385 0.554084 0.564717 0.574228 0.582569 0.589699 0.595581 0.600186 0.603492 0.605482 0.606147 0.605482 0.603492 0.600186 0.595581 0.589699 0.582569 0.574228 0.564717 0.554084 0.542385 0.529678 0.516031 0.501515 0.486205 0.470182 0.45353 0.436339 0.418697 0.400698 0.382434 0.364001 0.34549 0.326994 0.308603 0.290403 0.272477 0.254905 0.237758 0.221106 0.205011 0.189527 0.174703 0.160583 0.147202 0.13459 0.12277 0.11176 0.101572 0.0922149 0.0836919 0.0760035 0.0691474 0.0631192 0.0579132 0.0535231 0.0499421 0.0471642 0.0451841 0.0439977 
0.0453624 0.045772 0.0470017 0.049054 0.051933 0.0556438 0.0601926 0.0655857 0.0718295 0.0789294 0.0868894 0.0957112 0.105394 0.115933 0.12732 0.13954 0.152575 0.1664 0.180984 0.196288 0.212269 0.228875 0.246048 0.263723 0.281832 0.300296 0.319036 0.337965 0.356994 0.376031 0.394981 0.413748 0.432237 0.450351 0.467997 0.485081 0.501515 0.517212 0.53209 0.546073 0.559088 0.571069 0.581954 0.591689 0.600224 0.607519 0.613536 0.618247 0.621628 0.623663 0.624342 0.623663 0.621628 0.618247 0.613536 0.607519 0.600224 0.591689 0.581954 0.571069 0.559088 0.546073 0.53209 0.517212 0.501515 0.485081 0.467997 0.450351 0.432237 0.413748 0.394981 0.376031 0.356994 0.337965 0.319036 0.300296 0.281832 0.263723 0.246048 0.228875 0.212269 0.196288 0.180984 0.1664 0.152575 0.13954 0.12732 0.115933 0.105394 0.0957112 0.0868894 0.0789294 0.0718295 0.0655857 0.0601926 0.0556438 0.051933 0.049054 0.0470017 0.045772 
0.0470524 0.0474758 0.0487469 0.0508682 0.0538437 0.0576786 0.0623788 0.0679507 0.0744003 0.0817328 0.0899518 0.0990586 0.109052 0.119926 0.131671 0.144272 0.157709 0.171957 0.186981 0.202742 0.219194 0.236283 0.25395 0.272127 0.290743 0.309717 0.328967 0.348404 0.367936 0.387468 0.406904 0.426146 0.445094 0.463652 0.481723 0.499213 0.516031 0.53209 0.547307 0.561604 0.574907 0.587149 0.59827 0.608213 0.616929 0.624377 0.630519 0.635328 0.638778 0.640855 0.641549 0.640855 0.638778 0.635328 0.630519 0.624377 0.616929 0.608213 0.59827 0.587149 0.574907 0.561604 0.547307 0.53209 0.516031 0.499213 0.481723 0.463652 0.445094 0.426146 0.406904 0.387468 0.367936 0.348404 0.328967 0.309717 0.290743 0.272127 0.25395 0.236283 0.219194 0.202742 0.186981 0.171957 0.157709 0.144272 0.131671 0.119926 0.109052 0.0990586 0.0899518 0.0817328 0.0744003 0.0679507 0.0623788 0.0576786 0.0538437 0.0508682 0.0487469 0.0474758 
0.0486603 0.0490968 0.0504071 0.0525938 0.0556607 0.059613 0.0644565 0.0701975 0.0768418 0.0843943 0.0928582 0.102234 0.112521 0.123711 0.135794 0.148755 0.162572 0.177217 0.192656 0.208847 0.225742 0.243287 0.261417 0.280066 0.299157 0.318609 0.338337 0.358249 0.378251 0.398247 0.418137 0.43782 0.457197 0.476168 0.494635 0.512503 0.529678 0.546073 0.561604 0.576191 0.58976 0.602245 0.613583 0.623718 0.632601 0.64019 0.646448 0.651346 0.654861 0.656977 0.657683 0.656977 0.654861 0.651346 0.646448 0.64019 0.632601 0.623718 0.613583 0.602245 0.58976 0.576191 0.561604 0.546073 0.529678 0.512503 0.494635 0.476168 0.457197 0.43782 0.418137 0.398247 0.378251 0.358249 0.338337 0.318609 0.299157 0.280066 0.261417 0.243287 0.225742 0.208847 0.192656 0.177217 0.162572 0.148755 0.135794 0.123711 0.112521 0.102234 0.0928582 0.0843943 0.0768418 0.0701975 0.0644565 0.059613 0.0556607 0.0525938 0.0504071 0.0490968 
0.0501743 0.050623 0.0519701 0.0542179 0.0573705 0.0614328 0.0664107 0.0723102 0.0791368 0.0868952 0.0955883 0.105216 0.115777 0.127263 0.139662 0.152959 0.16713 0.182147 0.197972 0.214565 0.231873 0.249841 0.268404 0.28749 0.307023 0.326919 0.34709 0.367443 0.387882 0.408307 0.428616 0.448708 0.468481 0.487834 0.506666 0.52488 0.542385 0.559088 0.574907 0.58976 0.603575 0.616281 0.627818 0.638128 0.647164 0.654882 0.661246 0.666226 0.6698 0.671951 0.672669 0.671951 0.6698 0.666226 0.661246 0.654882 0.647164 0.638128 0.627818 0.616281 0.603575 0.58976 0.574907 0.559088 0.542385 0.52488 0.506666 0.487834 0.468481 0.448708 0.428616 0.408307 0.387882 0.367443 0.34709 0.326919 0.307023 0.28749 0.268404 0.249841 0.231873 0.214565 0.197972 0.182147 0.16713 0.152959 0.139662 0.127263 0.115777 0.105216 0.0955883 0.0868952 0.0791368 0.0723102 0.0664107 0.0614328 0.0573705 0.0542179 0.0519701 0.050623 
