0.00318764 0.00321968 0.00331597 0.00347702 0.00370368 0.00399712 0.00435876 0.00479027 0.00529348 0.00587036 0.00652295 0.00725327 0.00806327 0.00895471 0.00992915 0.0109878 0.0121314 0.0133604 0.0146745 0.0160728 0.0175537 0.0191149 0.0207533 0.0224648 0.0242445 0.0260867 0.0279847 0.0299309 0.0319169 0.0339335 0.0359707 0.0380177 0.0400633 0.0420956 0.0441024 0.0460711 0.047989 0.0498433 0.0516215 0.0533109 0.0548996 0.056376 0.0577291 0.0589487 0.0600256 0.0609516 0.0617193 0.0623227 0.0627572 0.0630193 0.0631069 0.0630193 0.0627572 0.0623227 0.0617193 0.0609516 0.0600256 0.0589487 0.0577291 0.056376 0.0548996 0.0533109 0.0516215 0.0498433 0.047989 0.0460711 0.0441024 0.0420956 0.0400633 0.0380177 0.0359707 0.0339335 0.0319169 0.0299309 0.0279847 0.0260867 0.0242445 0.0224648 0.0207533 0.0191149 0.0175537 0.0160728 0.0146745 0.0133604 0.0121314 0.0109878 0.00992915 0.00895471 0.00806327 0.00725327 0.00652295 0.00587036 0.00529348 0.00479027 0.00435876 0.00399712 0.00370368 0.00347702 0.00331597 0.00321968 
0.00321968 0.00325201 0.00334918 0.0035117 0.00374044 0.00403654 0.00440146 0.00483687 0.0053446 0.00592666 0.00658506 0.00732186 0.00813899 0.00903825 0.0100212 0.011089 0.0122424 0.0134819 0.0148071 0.0162172 0.0177104 0.0192846 0.0209364 0.0226619 0.0244561 0.0263131 0.0282263 0.030188 0.0321897 0.0342221 0.0362751 0.038338 0.0403993 0.0424471 0.0444692 0.0464527 0.0483851 0.0502533 0.0520447 0.0537466 0.055347 0.0568343 0.0581973 0.0594258 0.0605106 0.0614432 0.0622165 0.0628244 0.063262 0.063526 0.0636142 0.063526 0.063262 0.0628244 0.0622165 0.0614432 0.0605106 0.0594258 0.0581973 0.0568343 0.055347 0.0537466 0.0520447 0.0502533 0.0483851 0.0464527 0.0444692 0.0424471 0.0403993 0.038338 0.0362751 0.0342221 0.0321897 0.030188 0.0282263 0.0263131 0.0244561 0.0226619 0.0209364 0.0192846 0.0177104 0.0162172 0.0148071 0.0134819 0.0122424 0.011089 0.0100212 0.00903825 0.00813899 0.00732186 0.00658506 0.00592666 0.0053446 0.00483687 0.00440146 0.00403654 0.00374044 0.0035117 0.00334918 0.00325201 
0.00331597 0.00334918 0.00344899 0.00361593 0.00385088 0.00415501 0.00452978 0.00497689 0.00549823 0.0060958 0.00677167 0.0075279 0.00836647 0.00928917 0.0102976 0.0113928 0.0125758 0.0138467 0.0152054 0.0166507 0.0181811 0.0197941 0.0214864 0.0232539 0.0250914 0.026993 0.0289517 0.0309598 0.0330085 0.0350884 0.037189 0.0392994 0.0414079 0.0435023 0.0455701 0.0475983 0.0495739 0.0514837 0.0533147 0.0550543 0.0566898 0.0582096 0.0596024 0.0608576 0.0619659 0.0629187 0.0637087 0.0643297 0.0647767 0.0650464 0.0651365 0.0650464 0.0647767 0.0643297 0.0637087 0.0629187 0.0619659 0.0608576 0.0596024 0.0582096 0.0566898 0.0550543 0.0533147 0.0514837 0.0495739 0.0475983 0.0455701 0.0435023 0.0414079 0.0392994 0.037189 0.0350884 0.0330085 0.0309598 0.0289517 0.026993 0.0250914 0.0232539 0.0214864 0.0197941 0.0181811 0.0166507 0.0152054 0.0138467 0.0125758 0.0113928 0.0102976 0.00928917 0.00836647 0.0075279 0.00677167 0.0060958 0.00549823 0.00497689 0.00452978 0.00415501 0.00385088 0.00361593 0.00344899 0.00334918 
0.00347702 0.0035117 0.00361593 0.00379026 0.00403558 0.0043531 0.00474432 0.005211 0.00575504 0.00637853 0.00708357 0.00787226 0.00874661 0.00970845 0.0107593 0.0119005 0.0131327 0.0144561 0.0158705 0.0173748 0.0189671 0.020645 0.0224048 0.0242423 0.026152 0.0281279 0.0301626 0.0322481 0.0343752 0.0365341 0.038714 0.0409036 0.0430907 0.0452628 0.0474068 0.0495094 0.051557 0.0535361 0.0554333 0.0572353 0.0589295 0.0605035 0.0619457 0.0632455 0.0643929 0.0653794 0.0661971 0.0668399 0.0673026 0.0675817 0.067675 0.0675817 0.0673026 0.0668399 0.0661971 0.0653794 0.0643929 0.0632455 0.0619457 0.0605035 0.0589295 0.0572353 0.0554333 0.0535361 0.051557 0.0495094 0.0474068 0.0452628 0.0430907 0.0409036 0.038714 0.0365341 0.0343752 0.0322481 0.0301626 0.0281279 0.026152 0.0242423 0.0224048 0.020645 0.0189671 0.0173748 0.0158705 0.0144561 0.0131327 0.0119005 0.0107593 0.00970845 0.00874661 0.00787226 0.00708357 0.00637853 0.00575504 0.005211 0.00474432 0.0043531 0.00403558 0.00379026 0.00361593 0.0035117 
0.00370368 0.00374044 0.00385088 0.00403558 0.00429547 0.0046318 0.00504613 0.00554027 0.00611621 0.00677608 0.00752206 0.00835632 0.0092809 0.0102977 0.0114082 0.0126137 0.013915 0.0153121 0.0168047 0.0183916 0.0200708 0.0218394 0.0236939 0.0256295 0.0276406 0.0297205 0.0318616 0.0340554 0.0362923 0.0385619 0.0408529 0.0431533 0.0454505 0.0477313 0.0499819 0.0521885 0.0543369 0.056413 0.0584026 0.0602922 0.0620682 0.063718 0.0652295 0.0665914 0.0677936 0.068827 0.0696836 0.0703569 0.0708415 0.0711339 0.0712316 0.0711339 0.0708415 0.0703569 0.0696836 0.068827 0.0677936 0.0665914 0.0652295 0.063718 0.0620682 0.0602922 0.0584026 0.056413 0.0543369 0.0521885 0.0499819 0.0477313 0.0454505 0.0431533 0.0408529 0.0385619 0.0362923 0.0340554 0.0318616 0.0297205 0.0276406 0.0256295 0.0236939 0.0218394 0.0200708 0.0183916 0.0168047 0.0153121 0.013915 0.0126137 0.0114082 0.0102977 0.0092809 0.00835632 0.00752206 0.00677608 0.00611621 0.00554027 0.00504613 0.0046318 0.00429547 0.00403558 0.00385088 0.00374044 
0.00399712 0.00403654 0.00415501 0.0043531 0.0046318 0.00499242 0.00543658 0.00596618 0.00658328 0.00729011 0.00808893 0.00898197 0.00997135 0.011059 0.0122464 0.013535 0.0149252 0.0164173 0.0180107 0.0197039 0.021495 0.0233807 0.025357 0.0274189 0.0295603 0.0317742 0.0340523 0.0363854 0.0387635 0.0411754 0.0436092 0.0460521 0.0484908 0.0509112 0.0532988 0.055639 0.0579169 0.0601174 0.0622258 0.0642276 0.0661088 0.0678559 0.0694562 0.0708979 0.0721704 0.073264 0.0741705 0.0748829 0.0753957 0.075705 0.0758083 0.075705 0.0753957 0.0748829 0.0741705 0.073264 0.0721704 0.0708979 0.0694562 0.0678559 0.0661088 0.0642276 0.0622258 0.0601174 0.0579169 0.055639 0.0532988 0.0509112 0.0484908 0.0460521 0.0436092 0.0411754 0.0387635 0.0363854 0.0340523 0.0317742 0.0295603 0.0274189 0.025357 0.0233807 0.021495 0.0197039 0.0180107 0.0164173 0.0149252 0.013535 0.0122464 0.011059 0.00997135 0.00898197 0.00808893 0.00729011 0.00658328 0.00596618 0.00543658 0.00499242 0.0046318 0.0043531 0.00415501 0.00403654 
0.00435876 0.00440146 0.00452978 0.00474432 0.00504613 0.00543658 0.00591739 0.00649052 0.00715817 0.00792265 0.00878632 0.00975151 0.0108204 0.0119949 0.0132768 0.0146671 0.0161664 0.0177749 0.0194918 0.0213154 0.0232435 0.0252725 0.027398 0.0296145 0.0319154 0.0342931 0.0367386 0.0392422 0.0417929 0.0443788 0.046987 0.049604 0.0522154 0.0548063 0.0573613 0.0598646 0.0623004 0.0646528 0.0669061 0.0690448 0.0710542 0.0729199 0.0746286 0.0761676 0.0775257 0.0786928 0.07966 0.0804201 0.0809672 0.0812971 0.0814074 0.0812971 0.0809672 0.0804201 0.07966 0.0786928 0.0775257 0.0761676 0.0746286 0.0729199 0.0710542 0.0690448 0.0669061 0.0646528 0.0623004 0.0598646 0.0573613 0.0548063 0.0522154 0.049604 0.046987 0.0443788 0.0417929 0.0392422 0.0367386 0.0342931 0.0319154 0.0296145 0.027398 0.0252725 0.0232435 0.0213154 0.0194918 0.0177749 0.0161664 0.0146671 0.0132768 0.0119949 0.0108204 0.00975151 0.00878632 0.00792265 0.00715817 0.00649052 0.00591739 0.00543658 0.00504613 0.00474432 0.00452978 0.00440146 
0.00479027 0.00483687 0.00497689 0.005211 0.00554027 0.00596618 0.00649052 0.00711539 0.00784309 0.00867605 0.00961674 0.0106676 0.0118309 0.0131086 0.0145023 0.0160133 0.0176421 0.0193886 0.0212518 0.02323 0.0253203 0.027519 0.0298211 0.0322206 0.0347103 0.0372817 0.0399253 0.0426303 0.045385 0.0481764 0.0509908 0.0538133 0.0566287 0.0594208 0.0621732 0.0648689 0.067491 0.0700225 0.0724466 0.0747468 0.0769073 0.0789128 0.080749 0.0824027 0.0838617 0.0851153 0.0861541 0.0869702 0.0875577 0.087912 0.0880304 0.087912 0.0875577 0.0869702 0.0861541 0.0851153 0.0838617 0.0824027 0.080749 0.0789128 0.0769073 0.0747468 0.0724466 0.0700225 0.067491 0.0648689 0.0621732 0.0594208 0.0566287 0.0538133 0.0509908 0.0481764 0.045385 0.0426303 0.0399253 0.0372817 0.0347103 0.0322206 0.0298211 0.027519 0.0253203 0.02323 0.0212518 0.0193886 0.0176421 0.0160133 0.0145023 0.0131086 0.0118309 0.0106676 0.00961674 0.00867605 0.00784309 0.00711539 0.00649052 0.00596618 0.00554027 0.005211 0.00497689 0.00483687 
0.00529348 0.0053446 0.00549823 0.00575504 0.00611621 0.00658328 0.00715817 0.00784309 0.00864047 0.00955288 0.0105829 0.0117331 0.0130058 0.0144031 0.0159266 0.0175774 0.0193561 0.0212623 0.0232949 0.0254518 0.0277298 0.0301247 0.0326309 0.0352419 0.0379495 0.0407447 0.0436169 0.0465544 0.0495444 0.0525728 0.0556247 0.0586842 0.0617345 0.0647584 0.067738 0.0706553 0.0734918 0.0762293 0.0788499 0.0813358 0.08367 0.0858362 0.0878191 0.0896045 0.0911794 0.0925324 0.0936534 0.094534 0.0951679 0.0955501 0.0956778 0.0955501 0.0951679 0.094534 0.0936534 0.0925324 0.0911794 0.0896045 0.0878191 0.0858362 0.08367 0.0813358 0.0788499 0.0762293 0.0734918 0.0706553 0.067738 0.0647584 0.0617345 0.0586842 0.0556247 0.0525728 0.0495444 0.0465544 0.0436169 0.0407447 0.0379495 0.0352419 0.0326309 0.0301247 0.0277298 0.0254518 0.0232949 0.0212623 0.0193561 0.0175774 0.0159266 0.0144031 0.0130058 0.0117331 0.0105829 0.00955288 0.00864047 0.00784309 0.00715817 0.00658328 0.00611621 0.00575504 0.00549823 0.0053446 
0.00587036 0.00592666 0.0060958 0.00637853 0.00677608 0.00729011 0.00792265 0.00867605 0.00955288 0.0105558 0.0116877 0.012951 0.0143484 0.0158818 0.0175529 0.0193629 0.0213121 0.0233999 0.0256251 0.0279851 0.0304763 0.033094 0.0358319 0.0386827 0.0416376 0.0446865 0.0478178 0.0510187 0.0542751 0.0575719 0.0608926 0.0642201 0.0675362 0.0708221 0.0740587 0.0772261 0.0803048 0.0832751 0.0861174 0.0888129 0.0913431 0.0936906 0.095839 0.0977729 0.0994785 0.100944 0.102157 0.103111 0.103797 0.10421 0.104349 0.10421 0.103797 0.103111 0.102157 0.100944 0.0994785 0.0977729 0.095839 0.0936906 0.0913431 0.0888129 0.0861174 0.0832751 0.0803048 0.0772261 0.0740587 0.0708221 0.0675362 0.0642201 0.0608926 0.0575719 0.0542751 0.0510187 0.0478178 0.0446865 0.0416376 0.0386827 0.0358319 0.033094 0.0304763 0.0279851 0.0256251 0.0233999 0.0213121 0.0193629 0.0175529 0.0158818 0.0143484 0.012951 0.0116877 0.0105558 0.00955288 0.00867605 0.00792265 0.00729011 0.00677608 0.00637853 0.0060958 0.00592666 
0.00652295 0.00658506 0.00677167 0.00708357 0.00752206 0.00808893 0.00878632 0.00961674 0.0105829 0.0116877 0.0129339 0.0143245 0.0158618 0.0175481 0.019385 0.0213735 0.0235138 0.0258054 0.0282463 0.0308339 0.0335639 0.0364309 0.0394281 0.0425473 0.0457786 0.049111 0.0525317 0.0560267 0.0595806 0.0631767 0.0667973 0.0704236 0.0740359 0.0776138 0.0811364 0.0845825 0.0879307 0.0911599 0.0942489 0.0971774 0.0999255 0.102475 0.104807 0.106906 0.108756 0.110346 0.111662 0.112696 0.113441 0.113889 0.114039 0.113889 0.113441 0.112696 0.111662 0.110346 0.108756 0.106906 0.104807 0.102475 0.0999255 0.0971774 0.0942489 0.0911599 0.0879307 0.0845825 0.0811364 0.0776138 0.0740359 0.0704236 0.0667973 0.0631767 0.0595806 0.0560267 0.0525317 0.049111 0.0457786 0.0425473 0.0394281 0.0364309 0.0335639 0.0308339 0.0282463 0.0258054 0.0235138 0.0213735 0.019385 0.0175481 0.0158618 0.0143245 0.0129339 0.0116877 0.0105829 0.00961674 0.00878632 0.00808893 0.00752206 0.00708357 0.00677167 0.00658506 
0.00725327 0.00732186 0.0075279 0.00787226 0.00835632 0.00898197 0.00975151 0.0106676 0.0117331 0.012951 0.0143245 0.0158563 0.0175491 0.019405 0.0214259 0.0236125 0.0259649 0.0284821 0.0311622 0.0340018 0.0369961 0.040139 0.043423 0.0468388 0.0503756 0.0540211 0.0577613 0.0615809 0.0654629 0.0693891 0.0733403 0.0772957 0.0812341 0.0851334 0.0889708 0.0927233 0.096368 0.0998816 0.103242 0.106426 0.109414 0.112184 0.114718 0.116998 0.119008 0.120734 0.122163 0.123286 0.124093 0.12458 0.124743 0.12458 0.124093 0.123286 0.122163 0.120734 0.119008 0.116998 0.114718 0.112184 0.109414 0.106426 0.103242 0.0998816 0.096368 0.0927233 0.0889708 0.0851334 0.0812341 0.0772957 0.0733403 0.0693891 0.0654629 0.0615809 0.0577613 0.0540211 0.0503756 0.0468388 0.043423 0.040139 0.0369961 0.0340018 0.0311622 0.0284821 0.0259649 0.0236125 0.0214259 0.019405 0.0175491 0.0158563 0.0143245 0.012951 0.0117331 0.0106676 0.00975151 0.00898197 0.00835632 0.00787226 0.0075279 0.00732186 
0.00806327 0.00813899 0.00836647 0.00874661 0.0092809 0.00997135 0.0108204 0.0118309 0.0130058 0.0143484 0.0158618 0.0175491 0.0194129 0.0214555 0.0236785 0.0260827 0.028668 0.0314331 0.0343756 0.0374915 0.0407756 0.044221 0.047819 0.0515595 0.0554306 0.0594185 0.063508 0.0676822 0.0719226 0.0762092 0.0805209 0.0848353 0.0891293 0.0933787 0.097559 0.101645 0.105612 0.109436 0.11309 0.116553 0.119801 0.122811 0.125564 0.128041 0.130224 0.132098 0.13365 0.134869 0.135745 0.136274 0.136451 0.136274 0.135745 0.134869 0.13365 0.132098 0.130224 0.128041 0.125564 0.122811 0.119801 0.116553 0.11309 0.109436 0.105612 0.101645 0.097559 0.0933787 0.0891293 0.0848353 0.0805209 0.0762092 0.0719226 0.0676822 0.063508 0.0594185 0.0554306 0.0515595 0.047819 0.044221 0.0407756 0.0374915 0.0343756 0.0314331 0.028668 0.0260827 0.0236785 0.0214555 0.0194129 0.0175491 0.0158618 0.0143484 0.0130058 0.0118309 0.0108204 0.00997135 0.0092809 0.00874661 0.00836647 0.00813899 
0.00895471 0.00903825 0.00928917 0.00970845 0.0102977 0.011059 0.0119949 0.0131086 0.0144031 0.0158818 0.0175481 0.019405 0.0214555 0.0237017 0.0261451 0.0287865 0.0316255 0.0346605 0.0378885 0.0413051 0.0449042 0.0486781 0.0526172 0.0567102 0.0609439 0.0653033 0.0697714 0.0743297 0.078958 0.0836346 0.0883363 0.0930389 0.097717 0.102345 0.106895 0.111341 0.115656 0.119813 0.123786 0.127549 0.131076 0.134346 0.137335 0.140023 0.142392 0.144426 0.146109 0.147431 0.148382 0.148955 0.149147 0.148955 0.148382 0.147431 0.146109 0.144426 0.142392 0.140023 0.137335 0.134346 0.131076 0.127549 0.123786 0.119813 0.115656 0.111341 0.106895 0.102345 0.097717 0.0930389 0.0883363 0.0836346 0.078958 0.0743297 0.0697714 0.0653033 0.0609439 0.0567102 0.0526172 0.0486781 0.0449042 0.0413051 0.0378885 0.0346605 0.0316255 0.0287865 0.0261451 0.0237017 0.0214555 0.019405 0.0175481 0.0158818 0.0144031 0.0131086 0.0119949 0.011059 0.0102977 0.00970845 0.00928917 0.00903825 
0.00992915 0.0100212 0.0102976 0.0107593 0.0114082 0.0122464 0.0132768 0.0145023 0.0159266 0.0175529 0.019385 0.0214259 0.0236785 0.0261451 0.0288272 0.0317252 0.0348385 0.0381652 0.0417016 0.0454428 0.049382 0.0535103 0.0578171 0.0622899 0.0669142 0.0716732 0.0765485 0.0815198 0.086565 0.0916604 0.0967808 0.1019 0.10699 0.112023 0.11697 0.121802 0.126489 0.131003 0.135315 0.139398 0.143226 0.146771 0.150012 0.152927 0.155494 0.157698 0.159522 0.160954 0.161984 0.162605 0.162813 0.162605 0.161984 0.160954 0.159522 0.157698 0.155494 0.152927 0.150012 0.146771 0.143226 0.139398 0.135315 0.131003 0.126489 0.121802 0.11697 0.112023 0.10699 0.1019 0.0967808 0.0916604 0.086565 0.0815198 0.0765485 0.0716732 0.0669142 0.0622899 0.0578171 0.0535103 0.049382 0.0454428 0.0417016 0.0381652 0.0348385 0.0317252 0.0288272 0.0261451 0.0236785 0.0214259 0.019385 0.0175529 0.0159266 0.0145023 0.0132768 0.0122464 0.0114082 0.0107593 0.0102976 0.0100212 
0.0109878 0.011089 0.0113928 0.0119005 0.0126137 0.013535 0.0146671 0.0160133 0.0175774 0.0193629 0.0213735 0.0236125 0.0260827 0.0287865 0.0317252 0.0348991 0.0383072 0.041947 0.0458145 0.0499039 0.0542075 0.0587156 0.0634162 0.0682955 0.0733375 0.0785238 0.0838342 0.0892465 0.0947366 0.100279 0.105845 0.111408 0.116937 0.122401 0.12777 0.133011 0.138095 0.142988 0.147661 0.152084 0.156229 0.160068 0.163576 0.16673 0.169508 0.171891 0.173865 0.175413 0.176527 0.177199 0.177423 0.177199 0.176527 0.175413 0.173865 0.171891 0.169508 0.16673 0.163576 0.160068 0.156229 0.152084 0.147661 0.142988 0.138095 0.133011 0.12777 0.122401 0.116937 0.111408 0.105845 0.100279 0.0947366 0.0892465 0.0838342 0.0785238 0.0733375 0.0682955 0.0634162 0.0587156 0.0542075 0.0499039 0.0458145 0.041947 0.0383072 0.0348991 0.0317252 0.0287865 0.0260827 0.0236125 0.0213735 0.0193629 0.0175774 0.0160133 0.0146671 0.013535 0.0126137 0.0119005 0.0113928 0.011089 
0.0121314 0.0122424 0.0125758 0.0131327 0.013915 0.0149252 0.0161664 0.0176421 0.0193561 0.0213121 0.0235138 0.0259649 0.028668 0.0316255 0.0348385 0.0383072 0.04203 0.0460041 0.0502248 0.0546856 0.0593775 0.06429 0.0694097 0.0747214 0.0802074 0.0858477 0.0916201 0.0975004 0.103462 0.109478 0.115517 0.121549 0.127542 0.133463 0.139277 0.144952 0.150453 0.155747 0.1608 0.165582 0.170061 0.174209 0.177999 0.181404 0.184404 0.186977 0.189107 0.190779 0.191981 0.192705 0.192948 0.192705 0.191981 0.190779 0.189107 0.186977 0.184404 0.181404 0.177999 0.174209 0.170061 0.165582 0.1608 0.155747 0.150453 0.144952 0.139277 0.133463 0.127542 0.121549 0.115517 0.109478 0.103462 0.0975004 0.0916201 0.0858477 0.0802074 0.0747214 0.0694097 0.06429 0.0593775 0.0546856 0.0502248 0.0460041 0.04203 0.0383072 0.0348385 0.0316255 0.028668 0.0259649 0.0235138 0.0213121 0.0193561 0.0176421 0.0161664 0.0149252 0.013915 0.0131327 0.0125758 0.0122424 
0.0133604 0.0134819 0.0138467 0.0144561 0.0153121 0.0164173 0.0177749 0.0193886 0.0212623 0.0233999 0.0258054 0.0284821 0.0314331 0.0346605 0.0381652 0.041947 0.0460041 0.0503331 0.0549285 0.0597829 0.0648864 0.0702271 0.0757904 0.0815594 0.0875148 0.0936346 0.0998947 0.106269 0.112728 0.119242 0.12578 0.132306 0.138787 0.145187 0.15147 0.157599 0.163539 0.169252 0.174705 0.179862 0.184692 0.189164 0.193247 0.196917 0.200148 0.20292 0.205213 0.207013 0.208308 0.209088 0.209348 0.209088 0.208308 0.207013 0.205213 0.20292 0.200148 0.196917 0.193247 0.189164 0.184692 0.179862 0.174705 0.169252 0.163539 0.157599 0.15147 0.145187 0.138787 0.132306 0.12578 0.119242 0.112728 0.106269 0.0998947 0.0936346 0.0875148 0.0815594 0.0757904 0.0702271 0.0648864 0.0597829 0.0549285 0.0503331 0.0460041 0.041947 0.0381652 0.0346605 0.0314331 0.0284821 0.0258054 0.0233999 0.0212623 0.0193886 0.0177749 0.0164173 0.0153121 0.0144561 0.0138467 0.0134819 
0.0146745 0.0148071 0.0152054 0.0158705 0.0168047 0.0180107 0.0194918 0.0212518 0.0232949 0.0256251 0.0282463 0.0311622 0.0343756 0.0378885 0.0417016 0.0458145 0.0502248 0.0549285 0.0599193 0.0651888 0.0707261 0.0765179 0.0825481 0.0887982 0.095247 0.101871 0.108643 0.115535 0.122516 0.129553 0.136611 0.143655 0.150647 0.157548 0.16432 0.170924 0.177321 0.183472 0.189341 0.19489 0.200085 0.204893 0.209283 0.213227 0.216699 0.219677 0.22214 0.224074 0.225464 0.226302 0.226582 0.226302 0.225464 0.224074 0.22214 0.219677 0.216699 0.213227 0.209283 0.204893 0.200085 0.19489 0.189341 0.183472 0.177321 0.170924 0.16432 0.157548 0.150647 0.143655 0.136611 0.129553 0.122516 0.115535 0.108643 0.101871 0.095247 0.0887982 0.0825481 0.0765179 0.0707261 0.0651888 0.0599193 0.0549285 0.0502248 0.0458145 0.0417016 0.0378885 0.0343756 0.0311622 0.0282463 0.0256251 0.0232949 0.0212518 0.0194918 0.0180107 0.0168047 0.0158705 0.0152054 0.0148071 
0.0160728 0.0162172 0.0166507 0.0173748 0.0183916 0.0197039 0.0213154 0.02323 0.0254518 0.0279851 0.0308339 0.0340018 0.0374915 0.0413051 0.0454428 0.0499039 0.0546856 0.0597829 0.0651888 0.0708939 0.0768861 0.0831505 0.0896697 0.0964234 0.103388 0.110538 0.117845 0.125278 0.132803 0.140385 0.147987 0.155569 0.163092 0.170514 0.177794 0.184891 0.191763 0.198369 0.204668 0.210623 0.216196 0.221353 0.22606 0.230288 0.234009 0.2372 0.239839 0.24191 0.243399 0.244297 0.244596 0.244297 0.243399 0.24191 0.239839 0.2372 0.234009 0.230288 0.22606 0.221353 0.216196 0.210623 0.204668 0.198369 0.191763 0.184891 0.177794 0.170514 0.163092 0.155569 0.147987 0.140385 0.132803 0.125278 0.117845 0.110538 0.103388 0.0964234 0.0896697 0.0831505 0.0768861 0.0708939 0.0651888 0.0597829 0.0546856 0.0499039 0.0454428 0.0413051 0.0374915 0.0340018 0.0308339 0.0279851 0.0254518 0.02323 0.0213154 0.0197039 0.0183916 0.0173748 0.0166507 0.0162172 
0.0175537 0.0177104 0.0181811 0.0189671 0.0200708 0.021495 0.0232435 0.0253203 0.0277298 0.0304763 0.0335639 0.0369961 0.0407756 0.0449042 0.049382 0.0542075 0.0593775 0.0648864 0.0707261 0.0768861 0.0833529 0.0901103 0.0971391 0.104417 0.111919 0.119617 0.12748 0.135474 0.143564 0.151711 0.159875 0.168015 0.176087 0.184049 0.191855 0.199461 0.206823 0.213897 0.220641 0.227014 0.232977 0.238492 0.243525 0.248045 0.252023 0.255433 0.258253 0.260466 0.262056 0.263015 0.263335 0.263015 0.262056 0.260466 0.258253 0.255433 0.252023 0.248045 0.243525 0.238492 0.232977 0.227014 0.220641 0.213897 0.206823 0.199461 0.191855 0.184049 0.176087 0.168015 0.159875 0.151711 0.143564 0.135474 0.12748 0.119617 0.111919 0.104417 0.0971391 0.0901103 0.0833529 0.0768861 0.0707261 0.0648864 0.0593775 0.0542075 0.049382 0.0449042 0.0407756 0.0369961 0.0335639 0.0304763 0.0277298 0.0253203 0.0232435 0.021495 0.0200708 0.0189671 0.0181811 0.0177104 
0.0191149 0.0192846 0.0197941 0.020645 0.0218394 0.0233807 0.0252725 0.027519 0.0301247 0.033094 0.0364309 0.040139 0.044221 0.0486781 0.0535103 0.0587156 0.06429 0.0702271 0.0765179 0.0831505 0.0901103 0.0973794 0.104937 0.112758 0.120816 0.129081 0.137519 0.146093 0.154766 0.163496 0.172241 0.180956 0.189595 0.198111 0.206457 0.214586 0.222452 0.230007 0.237207 0.244009 0.250371 0.256254 0.261621 0.26644 0.27068 0.274314 0.277319 0.279676 0.281371 0.282392 0.282733 0.282392 0.281371 0.279676 0.277319 0.274314 0.27068 0.26644 0.261621 0.256254 0.250371 0.244009 0.237207 0.230007 0.222452 0.214586 0.206457 0.198111 0.189595 0.180956 0.172241 0.163496 0.154766 0.146093 0.137519 0.129081 0.120816 0.112758 0.104937 0.0973794 0.0901103 0.0831505 0.0765179 0.0702271 0.06429 0.0587156 0.0535103 0.0486781 0.044221 0.040139 0.0364309 0.033094 0.0301247 0.027519 0.0252725 0.0233807 0.0218394 0.020645 0.0197941 0.0192846 
0.0207533 0.0209364 0.0214864 0.0224048 0.0236939 0.025357 0.027398 0.0298211 0.0326309 0.0358319 0.0394281 0.043423 0.047819 0.0526172 0.0578171 0.0634162 0.0694097 0.0757904 0.0825481 0.0896697 0.0971391 0.104937 0.11304 0.121422 0.130053 0.138902 0.147931 0.157103 0.166375 0.175704 0.185045 0.194349 0.203568 0.212652 0.221551 0.230216 0.238596 0.246642 0.254308 0.261547 0.268316 0.274574 0.280282 0.285405 0.289912 0.293774 0.296967 0.299472 0.301272 0.302357 0.302719 0.302357 0.301272 0.299472 0.296967 0.293774 0.289912 0.285405 0.280282 0.274574 0.268316 0.261547 0.254308 0.246642 0.238596 0.230216 0.221551 0.212652 0.203568 0.194349 0.185045 0.175704 0.166375 0.157103 0.147931 0.138902 0.130053 0.121422 0.11304 0.104937 0.0971391 0.0896697 0.0825481 0.0757904 0.0694097 0.0634162 0.0578171 0.0526172 0.047819 0.043423 0.0394281 0.0358319 0.0326309 0.0298211 0.027398 0.025357 0.0236939 0.0224048 0.0214864 0.0209364 
0.0224648 0.0226619 0.0232539 0.0242423 0.0256295 0.0274189 0.0296145 0.0322206 0.0352419 0.0386827 0.0425473 0.0468388 0.0515595 0.0567102 0.0622899 0.0682955 0.0747214 0.0815594 0.0887982 0.0964234 0.104417 0.112758 0.121422 0.13038 0.1396 0.149047 0.158682 0.168465 0.17835 0.188292 0.198241 0.208147 0.217957 0.22762 0.237083 0.246292 0.255196 0.263742 0.27188 0.279564 0.286746 0.293383 0.299436 0.304868 0.309645 0.313737 0.317121 0.319775 0.321682 0.322831 0.323215 0.322831 0.321682 0.319775 0.317121 0.313737 0.309645 0.304868 0.299436 0.293383 0.286746 0.279564 0.27188 0.263742 0.255196 0.246292 0.237083 0.22762 0.217957 0.208147 0.198241 0.188292 0.17835 0.168465 0.158682 0.149047 0.1396 0.13038 0.121422 0.112758 0.104417 0.0964234 0.0887982 0.0815594 0.0747214 0.0682955 0.0622899 0.0567102 0.0515595 0.0468388 0.0425473 0.0386827 0.0352419 0.0322206 0.0296145 0.0274189 0.0256295 0.0242423 0.0232539 0.0226619 
0.0242445 0.0244561 0.0250914 0.026152 0.0276406 0.0295603 0.0319154 0.0347103 0.0379495 0.0416376 0.0457786 0.0503756 0.0554306 0.0609439 0.0669142 0.0733375 0.0802074 0.0875148 0.095247 0.103388 0.111919 0.120816 0.130053 0.1396 0.14942 0.159478 0.169732 0.180138 0.190648 0.201212 0.21178 0.222297 0.232708 0.242959 0.252992 0.262753 0.272186 0.281237 0.289854 0.297986 0.305585 0.312606 0.319007 0.32475 0.329799 0.334124 0.3377 0.340503 0.342518 0.343732 0.344138 0.343732 0.342518 0.340503 0.3377 0.334124 0.329799 0.32475 0.319007 0.312606 0.305585 0.297986 0.289854 0.281237 0.272186 0.262753 0.252992 0.242959 0.232708 0.222297 0.21178 0.201212 0.190648 0.180138 0.169732 0.159478 0.14942 0.1396 0.130053 0.120816 0.111919 0.103388 0.095247 0.0875148 0.0802074 0.0733375 0.0669142 0.0609439 0.0554306 0.0503756 0.0457786 0.0416376 0.0379495 0.0347103 0.0319154 0.0295603 0.0276406 0.026152 0.0250914 0.0244561 
0.0260867 0.0263131 0.026993 0.0281279 0.0297205 0.0317742 0.0342931 0.0372817 0.0407447 0.0446865 0.049111 0.0540211 0.0594185 0.0653033 0.0716732 0.0785238 0.0858477 0.0936346 0.101871 0.110538 0.119617 0.129081 0.138902 0.149047 0.159478 0.170157 0.181039 0.192076 0.203218 0.214414 0.225607 0.236742 0.247761 0.258604 0.269214 0.279531 0.289498 0.299057 0.308155 0.316738 0.324756 0.332162 0.338913 0.344967 0.350289 0.354848 0.358615 0.361569 0.363692 0.364971 0.365398 0.364971 0.363692 0.361569 0.358615 0.354848 0.350289 0.344967 0.338913 0.332162 0.324756 0.316738 0.308155 0.299057 0.289498 0.279531 0.269214 0.258604 0.247761 0.236742 0.225607 0.214414 0.203218 0.192076 0.181039 0.170157 0.159478 0.149047 0.138902 0.129081 0.119617 0.110538 0.101871 0.0936346 0.0858477 0.0785238 0.0716732 0.0653033 0.0594185 0.0540211 0.049111 0.0446865 0.0407447 0.0372817 0.0342931 0.0317742 0.0297205 0.0281279 0.026993 0.0263131 
0.0279847 0.0282263 0.0289517 0.0301626 0.0318616 0.0340523 0.0367386 0.0399253 0.0436169 0.0478178 0.0525317 0.0577613 0.063508 0.0697714 0.0765485 0.0838342 0.0916201 0.0998947 0.108643 0.117845 0.12748 0.137519 0.147931 0.158682 0.169732 0.181039 0.192554 0.204229 0.21601 0.227841 0.239665 0.251422 0.263051 0.27449 0.285678 0.296554 0.307055 0.317125 0.326704 0.335738 0.344175 0.351966 0.359065 0.365431 0.371026 0.375817 0.379776 0.38288 0.38511 0.386454 0.386903 0.386454 0.38511 0.38288 0.379776 0.375817 0.371026 0.365431 0.359065 0.351966 0.344175 0.335738 0.326704 0.317125 0.307055 0.296554 0.285678 0.27449 0.263051 0.251422 0.239665 0.227841 0.21601 0.204229 0.192554 0.181039 0.169732 0.158682 0.147931 0.137519 0.12748 0.117845 0.108643 0.0998947 0.0916201 0.0838342 0.0765485 0.0697714 0.063508 0.0577613 0.0525317 0.0478178 0.0436169 0.0399253 0.0367386 0.0340523 0.0318616 0.0301626 0.0289517 0.0282263 
0.0299309 0.030188 0.0309598 0.0322481 0.0340554 0.0363854 0.0392422 0.0426303 0.0465544 0.0510187 0.0560267 0.0615809 0.0676822 0.0743297 0.0815198 0.0892465 0.0975004 0.106269 0.115535 0.125278 0.135474 0.146093 0.157103 0.168465 0.180138 0.192076 0.204229 0.216544 0.228966 0.241436 0.253892 0.266272 0.278512 0.290547 0.302313 0.313745 0.324781 0.335358 0.345418 0.354901 0.363755 0.371929 0.379374 0.38605 0.391915 0.396937 0.401086 0.404339 0.406676 0.408083 0.408554 0.408083 0.406676 0.404339 0.401086 0.396937 0.391915 0.38605 0.379374 0.371929 0.363755 0.354901 0.345418 0.335358 0.324781 0.313745 0.302313 0.290547 0.278512 0.266272 0.253892 0.241436 0.228966 0.216544 0.204229 0.192076 0.180138 0.168465 0.157103 0.146093 0.135474 0.125278 0.115535 0.106269 0.0975004 0.0892465 0.0815198 0.0743297 0.0676822 0.0615809 0.0560267 0.0510187 0.0465544 0.0426303 0.0392422 0.0363854 0.0340554 0.0322481 0.0309598 0.030188 
0.0319169 0.0321897 0.0330085 0.0343752 0.0362923 0.0387635 0.0417929 0.045385 0.0495444 0.0542751 0.0595806 0.0654629 0.0719226 0.078958 0.086565 0.0947366 0.103462 0.112728 0.122516 0.132803 0.143564 0.154766 0.166375 0.17835 0.190648 0.203218 0.21601 0.228966 0.242029 0.255136 0.268222 0.281223 0.294072 0.3067 0.319041 0.331027 0.342593 0.353674 0.364209 0.374138 0.383405 0.391957 0.399746 0.406727 0.41286 0.41811 0.422447 0.425846 0.428288 0.429759 0.43025 0.429759 0.428288 0.425846 0.422447 0.41811 0.41286 0.406727 0.399746 0.391957 0.383405 0.374138 0.364209 0.353674 0.342593 0.331027 0.319041 0.3067 0.294072 0.281223 0.268222 0.255136 0.242029 0.228966 0.21601 0.203218 0.190648 0.17835 0.166375 0.154766 0.143564 0.132803 0.122516 0.112728 0.103462 0.0947366 0.086565 0.078958 0.0719226 0.0654629 0.0595806 0.0542751 0.0495444 0.045385 0.0417929 0.0387635 0.0362923 0.0343752 0.0330085 0.0321897 
0.0339335 0.0342221 0.0350884 0.0365341 0.0385619 0.0411754 0.0443788 0.0481764 0.0525728 0.0575719 0.0631767 0.0693891 0.0762092 0.0836346 0.0916604 0.100279 0.109478 0.119242 0.129553 0.140385 0.151711 0.163496 0.175704 0.188292 0.201212 0.214414 0.227841 0.241436 0.255136 0.268876 0.282588 0.296206 0.309658 0.322873 0.335783 0.348317 0.360407 0.371986 0.38299 0.393358 0.403032 0.411957 0.420083 0.427365 0.433761 0.439235 0.443757 0.4473 0.449845 0.451378 0.45189 0.451378 0.449845 0.4473 0.443757 0.439235 0.433761 0.427365 0.420083 0.411957 0.403032 0.393358 0.38299 0.371986 0.360407 0.348317 0.335783 0.322873 0.309658 0.296206 0.282588 0.268876 0.255136 0.241436 0.227841 0.214414 0.201212 0.188292 0.175704 0.163496 0.151711 0.140385 0.129553 0.119242 0.109478 0.100279 0.0916604 0.0836346 0.0762092 0.0693891 0.0631767 0.0575719 0.0525728 0.0481764 0.0443788 0.0411754 0.0385619 0.0365341 0.0350884 0.0342221 
0.0359707 0.0362751 0.037189 0.038714 0.0408529 0.0436092 0.046987 0.0509908 0.0556247 0.0608926 0.0667973 0.0733403 0.0805209 0.0883363 0.0967808 0.105845 0.115517 0.12578 0.136611 0.147987 0.159875 0.172241 0.185045 0.198241 0.21178 0.225607 0.239665 0.253892 0.268222 0.282588 0.29692 0.311146 0.325193 0.338988 0.352458 0.365531 0.378136 0.390204 0.401669 0.412468 0.422541 0.431831 0.440288 0.447864 0.454517 0.46021 0.464912 0.468596 0.471243 0.472836 0.473369 0.472836 0.471243 0.468596 0.464912 0.46021 0.454517 0.447864 0.440288 0.431831 0.422541 0.412468 0.401669 0.390204 0.378136 0.365531 0.352458 0.338988 0.325193 0.311146 0.29692 0.282588 0.268222 0.253892 0.239665 0.225607 0.21178 0.198241 0.185045 0.172241 0.159875 0.147987 0.136611 0.12578 0.115517 0.105845 0.0967808 0.0883363 0.0805209 0.0733403 0.0667973 0.0608926 0.0556247 0.0509908 0.046987 0.0436092 0.0408529 0.038714 0.037189 0.0362751 
0.0380177 0.038338 0.0392994 0.0409036 0.0431533 0.0460521 0.049604 0.0538133 0.0586842 0.0642201 0.0704236 0.0772957 0.0848353 0.0930389 0.1019 0.111408 0.121549 0.132306 0.143655 0.155569 0.168015 0.180956 0.194349 0.208147 0.222297 0.236742 0.251422 0.266272 0.281223 0.296206 0.311146 0.32597 0.340601 0.354964 0.368983 0.382583 0.395692 0.408239 0.420154 0.431373 0.441835 0.451482 0.460261 0.468123 0.475027 0.480933 0.485811 0.489632 0.492376 0.494029 0.494581 0.494029 0.492376 0.489632 0.485811 0.480933 0.475027 0.468123 0.460261 0.451482 0.441835 0.431373 0.420154 0.408239 0.395692 0.382583 0.368983 0.354964 0.340601 0.32597 0.311146 0.296206 0.281223 0.266272 0.251422 0.236742 0.222297 0.208147 0.194349 0.180956 0.168015 0.155569 0.143655 0.132306 0.121549 0.111408 0.1019 0.0930389 0.0848353 0.0772957 0.0704236 0.0642201 0.0586842 0.0538133 0.049604 0.0460521 0.0431533 0.0409036 0.0392994 0.038338 
0.0400633 0.0403993 0.0414079 0.0430907 0.0454505 0.0484908 0.0522154 0.0566287 0.0617345 0.0675362 0.0740359 0.0812341 0.0891293 0.097717 0.10699 0.116937 0.127542 0.138787 0.150647 0.163092 0.176087 0.189595 0.203568 0.217957 0.232708 0.247761 0.263051 0.278512 0.294072 0.309658 0.325193 0.340601 0.355803 0.37072 0.385274 0.399389 0.412988 0.426 0.438353 0.44998 0.46082 0.470812 0.479903 0.488043 0.495189 0.501302 0.506349 0.510302 0.513142 0.514851 0.515422 0.514851 0.513142 0.510302 0.506349 0.501302 0.495189 0.488043 0.479903 0.470812 0.46082 0.44998 0.438353 0.426 0.412988 0.399389 0.385274 0.37072 0.355803 0.340601 0.325193 0.309658 0.294072 0.278512 0.263051 0.247761 0.232708 0.217957 0.203568 0.189595 0.176087 0.163092 0.150647 0.138787 0.127542 0.116937 0.10699 0.097717 0.0891293 0.0812341 0.0740359 0.0675362 0.0617345 0.0566287 0.0522154 0.0484908 0.0454505 0.0430907 0.0414079 0.0403993 
0.0420956 0.0424471 0.0435023 0.0452628 0.0477313 0.0509112 0.0548063 0.0594208 0.0647584 0.0708221 0.0776138 0.0851334 0.0933787 0.102345 0.112023 0.122401 0.133463 0.145187 0.157548 0.170514 0.184049 0.198111 0.212652 0.22762 0.242959 0.258604 0.27449 0.290547 0.3067 0.322873 0.338988 0.354964 0.37072 0.386175 0.401248 0.415861 0.429936 0.443397 0.456173 0.468195 0.479399 0.489724 0.499116 0.507524 0.514903 0.521215 0.526425 0.530506 0.533436 0.5352 0.53579 0.5352 0.533436 0.530506 0.526425 0.521215 0.514903 0.507524 0.499116 0.489724 0.479399 0.468195 0.456173 0.443397 0.429936 0.415861 0.401248 0.386175 0.37072 0.354964 0.338988 0.322873 0.3067 0.290547 0.27449 0.258604 0.242959 0.22762 0.212652 0.198111 0.184049 0.170514 0.157548 0.145187 0.133463 0.122401 0.112023 0.102345 0.0933787 0.0851334 0.0776138 0.0708221 0.0647584 0.0594208 0.0548063 0.0509112 0.0477313 0.0452628 0.0435023 0.0424471 
0.0441024 0.0444692 0.0455701 0.0474068 0.0499819 0.0532988 0.0573613 0.0621732 0.067738 0.0740587 0.0811364 0.0889708 0.097559 0.106895 0.11697 0.12777 0.139277 0.15147 0.16432 0.177794 0.191855 0.206457 0.221551 0.237083 0.252992 0.269214 0.285678 0.302313 0.319041 0.335783 0.352458 0.368983 0.385274 0.401248 0.416823 0.431915 0.446447 0.460341 0.473524 0.485924 0.497478 0.508123 0.517804 0.526468 0.534071 0.540572 0.545938 0.550141 0.553159 0.554976 0.555582 0.554976 0.553159 0.550141 0.545938 0.540572 0.534071 0.526468 0.517804 0.508123 0.497478 0.485924 0.473524 0.460341 0.446447 0.431915 0.416823 0.401248 0.385274 0.368983 0.352458 0.335783 0.319041 0.302313 0.285678 0.269214 0.252992 0.237083 0.221551 0.206457 0.191855 0.177794 0.16432 0.15147 0.139277 0.12777 0.11697 0.106895 0.097559 0.0889708 0.0811364 0.0740587 0.067738 0.0621732 0.0573613 0.0532988 0.0499819 0.0474068 0.0455701 0.0444692 
0.0460711 0.0464527 0.0475983 0.0495094 0.0521885 0.055639 0.0598646 0.0648689 0.0706553 0.0772261 0.0845825 0.0927233 0.101645 0.111341 0.121802 0.133011 0.144952 0.157599 0.170924 0.184891 0.199461 0.214586 0.230216 0.246292 0.262753 0.279531 0.296554 0.313745 0.331027 0.348317 0.365531 0.382583 0.399389 0.415861 0.431915 0.447468 0.462437 0.476745 0.490316 0.503079 0.514967 0.525917 0.535872 0.54478 0.552596 0.559278 0.564793 0.569111 0.572212 0.574079 0.574702 0.574079 0.572212 0.569111 0.564793 0.559278 0.552596 0.54478 0.535872 0.525917 0.514967 0.503079 0.490316 0.476745 0.462437 0.447468 0.431915 0.415861 0.399389 0.382583 0.365531 0.348317 0.331027 0.313745 0.296554 0.279531 0.262753 0.246292 0.230216 0.214586 0.199461 0.184891 0.170924 0.157599 0.144952 0.133011 0.121802 0.111341 0.101645 0.0927233 0.0845825 0.0772261 0.0706553 0.0648689 0.0598646 0.055639 0.0521885 0.0495094 0.0475983 0.0464527 
0.047989 0.0483851 0.0495739 0.051557 0.0543369 0.0579169 0.0623004 0.067491 0.0734918 0.0803048 0.0879307 0.096368 0.105612 0.115656 0.126489 0.138095 0.150453 0.163539 0.177321 0.191763 0.206823 0.222452 0.238596 0.255196 0.272186 0.289498 0.307055 0.324781 0.342593 0.360407 0.378136 0.395692 0.412988 0.429936 0.446447 0.462437 0.477823 0.492524 0.506465 0.519571 0.531775 0.543014 0.553229 0.562369 0.570386 0.577239 0.582894 0.587323 0.590502 0.592415 0.593054 0.592415 0.590502 0.587323 0.582894 0.577239 0.570386 0.562369 0.553229 0.543014 0.531775 0.519571 0.506465 0.492524 0.477823 0.462437 0.446447 0.429936 0.412988 0.395692 0.378136 0.360407 0.342593 0.324781 0.307055 0.289498 0.272186 0.255196 0.238596 0.222452 0.206823 0.191763 0.177321 0.163539 0.150453 0.138095 0.126489 0.115656 0.105612 0.096368 0.0879307 0.0803048 0.0734918 0.067491 0.0623004 0.0579169 0.0543369 0.051557 0.0495739 0.0483851 
0.0498433 0.0502533 0.0514837 0.0535361 0.056413 0.0601174 0.0646528 0.0700225 0.0762293 0.0832751 0.0911599 0.0998816 0.109436 0.119813 0.131003 0.142988 0.155747 0.169252 0.183472 0.198369 0.213897 0.230007 0.246642 0.263742 0.281237 0.299057 0.317125 0.335358 0.353674 0.371986 0.390204 0.408239 0.426 0.443397 0.460341 0.476745 0.492524 0.507597 0.521885 0.535315 0.547818 0.559329 0.569789 0.579146 0.587353 0.594367 0.600154 0.604685 0.607937 0.609895 0.610549 0.609895 0.607937 0.604685 0.600154 0.594367 0.587353 0.579146 0.569789 0.559329 0.547818 0.535315 0.521885 0.507597 0.492524 0.476745 0.460341 0.443397 0.426 0.408239 0.390204 0.371986 0.353674 0.335358 0.317125 0.299057 0.281237 0.263742 0.246642 0.230007 0.213897 0.198369 0.183472 0.169252 0.155747 0.142988 0.131003 0.119813 0.109436 0.0998816 0.0911599 0.0832751 0.0762293 0.0700225 0.0646528 0.0601174 0.056413 0.0535361 0.0514837 0.0502533 
0.0516215 0.0520447 0.0533147 0.0554333 0.0584026 0.0622258 0.0669061 0.0724466 0.0788499 0.0861174 0.0942489 0.103242 0.11309 0.123786 0.135315 0.147661 0.1608 0.174705 0.189341 0.204668 0.220641 0.237207 0.254308 0.27188 0.289854 0.308155 0.326704 0.345418 0.364209 0.38299 0.401669 0.420154 0.438353 0.456173 0.473524 0.490316 0.506465 0.521885 0.5365 0.550233 0.563015 0.57478 0.585469 0.595029 0.603412 0.610576 0.616486 0.621112 0.624433 0.626432 0.6271 0.626432 0.624433 0.621112 0.616486 0.610576 0.603412 0.595029 0.585469 0.57478 0.563015 0.550233 0.5365 0.521885 0.506465 0.490316 0.473524 0.456173 0.438353 0.420154 0.401669 0.38299 0.364209 0.345418 0.326704 0.308155 0.289854 0.27188 0.254308 0.237207 0.220641 0.204668 0.189341 0.174705 0.1608 0.147661 0.135315 0.123786 0.11309 0.103242 0.0942489 0.0861174 0.0788499 0.0724466 0.0669061 0.0622258 0.0584026 0.0554333 0.0533147 0.0520447 
0.0533109 0.0537466 0.0550543 0.0572353 0.0602922 0.0642276 0.0690448 0.0747468 0.0813358 0.0888129 0.0971774 0.106426 0.116553 0.127549 0.139398 0.152084 0.165582 0.179862 0.19489 0.210623 0.227014 0.244009 0.261547 0.279564 0.297986 0.316738 0.335738 0.354901 0.374138 0.393358 0.412468 0.431373 0.44998 0.468195 0.485924 0.503079 0.519571 0.535315 0.550233 0.564247 0.577288 0.589289 0.60019 0.609938 0.618484 0.625787 0.631811 0.636526 0.639911 0.641948 0.642628 0.641948 0.639911 0.636526 0.631811 0.625787 0.618484 0.609938 0.60019 0.589289 0.577288 0.564247 0.550233 0.535315 0.519571 0.503079 0.485924 0.468195 0.44998 0.431373 0.412468 0.393358 0.374138 0.354901 0.335738 0.316738 0.297986 0.279564 0.261547 0.244009 0.227014 0.210623 0.19489 0.179862 0.165582 0.152084 0.139398 0.127549 0.116553 0.106426 0.0971774 0.0888129 0.0813358 0.0747468 0.0690448 0.0642276 0.0602922 0.0572353 0.0550543 0.0537466 
0.0548996 0.055347 0.0566898 0.0589295 0.0620682 0.0661088 0.0710542 0.0769073 0.08367 0.0913431 0.0999255 0.109414 0.119801 0.131076 0.143226 0.156229 0.170061 0.184692 0.200085 0.216196 0.232977 0.250371 0.268316 0.286746 0.305585 0.324756 0.344175 0.363755 0.383405 0.403032 0.422541 0.441835 0.46082 0.479399 0.497478 0.514967 0.531775 0.547818 0.563015 0.577288 0.590566 0.602784 0.61388 0.623801 0.632497 0.639927 0.646055 0.650852 0.654294 0.656366 0.657058 0.656366 0.654294 0.650852 0.646055 0.639927 0.632497 0.623801 0.61388 0.602784 0.590566 0.577288 0.563015 0.547818 0.531775 0.514967 0.497478 0.479399 0.46082 0.441835 0.422541 0.403032 0.383405 0.363755 0.344175 0.324756 0.305585 0.286746 0.268316 0.250371 0.232977 0.216196 0.200085 0.184692 0.170061 0.156229 0.143226 0.131076 0.119801 0.109414 0.0999255 0.0913431 0.08367 0.0769073 0.0710542 0.0661088 0.0620682 0.0589295 0.0566898 0.055347 
0.056376 0.0568343 0.0582096 0.0605035 0.063718 0.0678559 0.0729199 0.0789128 0.0858362 0.0936906 0.102475 0.112184 0.122811 0.134346 0.146771 0.160068 0.174209 0.189164 0.204893 0.221353 0.238492 0.256254 0.274574 0.293383 0.312606 0.332162 0.351966 0.371929 0.391957 0.411957 0.431831 0.451482 0.470812 0.489724 0.508123 0.525917 0.543014 0.559329 0.57478 0.589289 0.602784 0.615199 0.626472 0.63655 0.645382 0.652928 0.65915 0.66402 0.667515 0.669619 0.670321 0.669619 0.667515 0.66402 0.65915 0.652928 0.645382 0.63655 0.626472 0.615199 0.602784 0.589289 0.57478 0.559329 0.543014 0.525917 0.508123 0.489724 0.470812 0.451482 0.431831 0.411957 0.391957 0.371929 0.351966 0.332162 0.312606 0.293383 0.274574 0.256254 0.238492 0.221353 0.204893 0.189164 0.174209 0.160068 0.146771 0.134346 0.122811 0.112184 0.102475 0.0936906 0.0858362 0.0789128 0.0729199 0.0678559 0.063718 0.0605035 0.0582096 0.0568343 
