1.45597e-21 2.88963e-21 9.7879e-21 3.42312e-20 1.17026e-19 3.89439e-19 1.2609e-18 3.97121e-18 1.21645e-17 3.62356e-17 1.04953e-16 2.95555e-16 8.09163e-16 2.15367e-15 5.57276e-15 1.40193e-14 3.4291e-14 8.15593e-14 1.88652e-13 4.24433e-13 9.28924e-13 1.97809e-12 4.09893e-12 8.26643e-12 1.6227e-11 3.10081e-11 5.76842e-11 1.04472e-10 1.8421e-10 3.16217e-10 5.28442e-10 8.5964e-10 1.36113e-09 2.09745e-09 3.14504e-09 4.5881e-09 6.51087e-09 8.98628e-09 1.20618e-08 1.57447e-08 1.99891e-08 2.469e-08 2.9685e-08 3.47671e-08 3.97056e-08 4.42711e-08 4.82591e-08 5.1506e-08 5.38952e-08 5.53537e-08 5.58437e-08 5.53537e-08 5.38952e-08 5.1506e-08 4.82591e-08 4.42711e-08 3.97056e-08 3.47671e-08 2.9685e-08 2.469e-08 1.99891e-08 1.57447e-08 1.20618e-08 8.98628e-09 6.51087e-09 4.5881e-09 3.14504e-09 2.09745e-09 1.36113e-09 8.5964e-10 5.28442e-10 3.16217e-10 1.8421e-10 1.04472e-10 5.76842e-11 3.10081e-11 1.6227e-11 8.26643e-12 4.09893e-12 1.97809e-12 9.28924e-13 4.24433e-13 1.88652e-13 8.15593e-14 3.4291e-14 1.40193e-14 5.57276e-15 2.15367e-15 8.09163e-16 2.95555e-16 1.04953e-16 3.62356e-17 1.21645e-17 3.97121e-18 1.2609e-18 3.89439e-19 1.17026e-19 3.42312e-20 9.7879e-21 2.88963e-21 
2.88963e-21 5.71234e-21 1.92513e-20 6.70174e-20 2.28074e-19 7.55545e-19 2.43515e-18 7.63456e-18 2.32787e-17 6.9022e-17 1.98983e-16 5.577e-16 1.51955e-15 4.02481e-15 1.03631e-14 2.594e-14 6.31265e-14 1.4937e-13 3.43699e-13 7.69178e-13 1.67449e-12 3.54664e-12 7.30987e-12 1.46632e-11 2.86311e-11 5.44238e-11 1.00721e-10 1.81494e-10 3.18438e-10 5.44015e-10 9.04914e-10 1.46551e-09 2.31058e-09 3.54612e-09 5.29698e-09 7.6998e-09 1.08903e-08 1.49847e-08 2.00571e-08 2.61152e-08 3.30809e-08 4.07798e-08 4.89458e-08 5.72415e-08 6.52924e-08 7.27273e-08 7.92161e-08 8.44954e-08 8.83781e-08 9.07477e-08 9.15436e-08 9.07477e-08 8.83781e-08 8.44954e-08 7.92161e-08 7.27273e-08 6.52924e-08 5.72415e-08 4.89458e-08 4.07798e-08 3.30809e-08 2.61152e-08 2.00571e-08 1.49847e-08 1.08903e-08 7.6998e-09 5.29698e-09 3.54612e-09 2.31058e-09 1.46551e-09 9.04914e-10 5.44015e-10 3.18438e-10 1.81494e-10 1.00721e-10 5.44238e-11 2.86311e-11 1.46632e-11 7.30987e-12 3.54664e-12 1.67449e-12 7.69178e-13 3.43699e-13 1.4937e-13 6.31265e-14 2.594e-14 1.03631e-14 4.02481e-15 1.51955e-15 5.577e-16 1.98983e-16 6.9022e-17 2.32787e-17 7.63456e-18 2.43515e-18 7.55545e-19 2.28074e-19 6.70174e-20 1.92513e-20 5.71234e-21 
9.7879e-21 1.92513e-20 6.44586e-20 2.2306e-19 7.54682e-19 2.48541e-18 7.96346e-18 2.48187e-17 7.5223e-17 2.2169e-16 6.35198e-16 1.76925e-15 4.79022e-15 1.26063e-14 3.22466e-14 8.01785e-14 1.93793e-13 4.55378e-13 1.04044e-12 2.31179e-12 4.99623e-12 1.05048e-11 2.14914e-11 4.27921e-11 8.29387e-11 1.565e-10 2.87533e-10 5.14421e-10 8.96267e-10 1.52074e-09 2.51289e-09 4.04371e-09 6.33647e-09 9.66808e-09 1.43618e-08 2.07682e-08 2.92315e-08 4.00417e-08 5.33766e-08 6.92414e-08 8.74199e-08 1.07451e-07 1.2864e-07 1.50117e-07 1.70919e-07 1.90099e-07 2.06816e-07 2.20403e-07 2.30388e-07 2.36479e-07 2.38524e-07 2.36479e-07 2.30388e-07 2.20403e-07 2.06816e-07 1.90099e-07 1.70919e-07 1.50117e-07 1.2864e-07 1.07451e-07 8.74199e-08 6.92414e-08 5.33766e-08 4.00417e-08 2.92315e-08 2.07682e-08 1.43618e-08 9.66808e-09 6.33647e-09 4.04371e-09 2.51289e-09 1.52074e-09 8.96267e-10 5.14421e-10 2.87533e-10 1.565e-10 8.29387e-11 4.27921e-11 2.14914e-11 1.05048e-11 4.99623e-12 2.31179e-12 1.04044e-12 4.55378e-13 1.93793e-13 8.01785e-14 3.22466e-14 1.26063e-14 4.79022e-15 1.76925e-15 6.35198e-16 2.2169e-16 7.5223e-17 2.48187e-17 7.96346e-18 2.48541e-18 7.54682e-19 2.2306e-19 6.44586e-20 1.92513e-20 
3.42312e-20 6.70174e-20 2.2306e-19 7.67721e-19 2.58357e-18 8.46307e-18 2.69708e-17 8.36022e-17 2.52009e-16 7.38606e-16 2.10448e-15 5.82854e-15 1.56899e-14 4.10487e-14 1.04374e-13 2.57936e-13 6.19562e-13 1.44662e-12 3.28384e-12 7.24844e-12 1.55606e-11 3.24954e-11 6.60278e-11 1.30568e-10 2.51328e-10 4.71e-10 8.59498e-10 1.52746e-09 2.64384e-09 4.45728e-09 7.31956e-09 1.17079e-08 1.82406e-08 2.76782e-08 4.09013e-08 5.8856e-08 8.24611e-08 1.12478e-07 1.49354e-07 1.93066e-07 2.42986e-07 2.97833e-07 3.55705e-07 4.14232e-07 4.70816e-07 5.22904e-07 5.68246e-07 6.05062e-07 6.32098e-07 6.48582e-07 6.54116e-07 6.48582e-07 6.32098e-07 6.05062e-07 5.68246e-07 5.22904e-07 4.70816e-07 4.14232e-07 3.55705e-07 2.97833e-07 2.42986e-07 1.93066e-07 1.49354e-07 1.12478e-07 8.24611e-08 5.8856e-08 4.09013e-08 2.76782e-08 1.82406e-08 1.17079e-08 7.31956e-09 4.45728e-09 2.64384e-09 1.52746e-09 8.59498e-10 4.71e-10 2.51328e-10 1.30568e-10 6.60278e-11 3.24954e-11 1.55606e-11 7.24844e-12 3.28384e-12 1.44662e-12 6.19562e-13 2.57936e-13 1.04374e-13 4.10487e-14 1.56899e-14 5.82854e-15 2.10448e-15 7.38606e-16 2.52009e-16 8.36022e-17 2.69708e-17 8.46307e-18 2.58357e-18 7.67721e-19 2.2306e-19 6.70174e-20 
1.17026e-19 2.28074e-19 7.54682e-19 2.58357e-18 8.64867e-18 2.81817e-17 8.93376e-17 2.75451e-16 8.25865e-16 2.4074e-15 6.82169e-15 1.87881e-14 5.02897e-14 1.30813e-13 3.30662e-13 8.12249e-13 1.93906e-12 4.49917e-12 1.01479e-11 2.22536e-11 4.74564e-11 9.84376e-11 1.98657e-10 3.9015e-10 7.45841e-10 1.38817e-09 2.51599e-09 4.4413e-09 7.63667e-09 1.27918e-08 2.08747e-08 3.31877e-08 5.14045e-08 7.7567e-08 1.14019e-07 1.63255e-07 2.27668e-07 3.09206e-07 4.08962e-07 5.26762e-07 6.60843e-07 8.07716e-07 9.62284e-07 1.11825e-06 1.26875e-06 1.40706e-06 1.52731e-06 1.62484e-06 1.69641e-06 1.74002e-06 1.75466e-06 1.74002e-06 1.69641e-06 1.62484e-06 1.52731e-06 1.40706e-06 1.26875e-06 1.11825e-06 9.62284e-07 8.07716e-07 6.60843e-07 5.26762e-07 4.08962e-07 3.09206e-07 2.27668e-07 1.63255e-07 1.14019e-07 7.7567e-08 5.14045e-08 3.31877e-08 2.08747e-08 1.27918e-08 7.63667e-09 4.4413e-09 2.51599e-09 1.38817e-09 7.45841e-10 3.9015e-10 1.98657e-10 9.84376e-11 4.74564e-11 2.22536e-11 1.01479e-11 4.49917e-12 1.93906e-12 8.12249e-13 3.30662e-13 1.30813e-13 5.02897e-14 1.87881e-14 6.82169e-15 2.4074e-15 8.25865e-16 2.75451e-16 8.93376e-17 2.81817e-17 8.64867e-18 2.58357e-18 7.54682e-19 2.28074e-19 
3.89439e-19 7.55545e-19 2.48541e-18 8.46307e-18 2.81817e-17 9.13471e-17 2.88046e-16 8.83398e-16 2.63443e-15 7.63778e-15 2.1524e-14 5.89507e-14 1.56898e-13 4.05766e-13 1.01964e-12 2.4896e-12 5.90679e-12 1.36192e-11 3.05205e-11 6.64894e-11 1.40841e-10 2.90152e-10 5.81515e-10 1.1341e-09 2.15287e-09 3.97891e-09 7.16134e-09 1.25543e-08 2.14404e-08 3.56753e-08 5.78412e-08 9.13835e-08 1.40691e-07 2.11073e-07 3.08566e-07 4.39529e-07 6.09985e-07 8.24738e-07 1.08633e-06 1.39403e-06 1.74301e-06 2.12409e-06 2.52403e-06 2.92663e-06 3.31431e-06 3.67002e-06 3.97881e-06 4.229e-06 4.41244e-06 4.52416e-06 4.56165e-06 4.52416e-06 4.41244e-06 4.229e-06 3.97881e-06 3.67002e-06 3.31431e-06 2.92663e-06 2.52403e-06 2.12409e-06 1.74301e-06 1.39403e-06 1.08633e-06 8.24738e-07 6.09985e-07 4.39529e-07 3.08566e-07 2.11073e-07 1.40691e-07 9.13835e-08 5.78412e-08 3.56753e-08 2.14404e-08 1.25543e-08 7.16134e-09 3.97891e-09 2.15287e-09 1.1341e-09 5.81515e-10 2.90152e-10 1.40841e-10 6.64894e-11 3.05205e-11 1.36192e-11 5.90679e-12 2.4896e-12 1.01964e-12 4.05766e-13 1.56898e-13 5.89507e-14 2.1524e-14 7.63778e-15 2.63443e-15 8.83398e-16 2.88046e-16 9.13471e-17 2.81817e-17 8.46307e-18 2.48541e-18 7.55545e-19 
1.2609e-18 2.43515e-18 7.96346e-18 2.69708e-17 8.93376e-17 2.88046e-16 9.03479e-16 2.75606e-15 8.17478e-15 2.35715e-14 6.60609e-14 1.79919e-13 4.76134e-13 1.22423e-12 3.05812e-12 7.4217e-12 1.74995e-11 4.00924e-11 8.9263e-11 1.93168e-10 4.06399e-10 8.31448e-10 1.65466e-09 3.20406e-09 6.03868e-09 1.10805e-08 1.98001e-08 3.44643e-08 5.8446e-08 9.65816e-08 1.55541e-07 2.44142e-07 3.73518e-07 5.57009e-07 8.09636e-07 1.14704e-06 1.58385e-06 2.13142e-06 2.79538e-06 3.57311e-06 4.45191e-06 5.40834e-06 6.40919e-06 7.41414e-06 8.37977e-06 9.26414e-06 1.00307e-05 1.06511e-05 1.11056e-05 1.13822e-05 1.1475e-05 1.13822e-05 1.11056e-05 1.06511e-05 1.00307e-05 9.26414e-06 8.37977e-06 7.41414e-06 6.40919e-06 5.40834e-06 4.45191e-06 3.57311e-06 2.79538e-06 2.13142e-06 1.58385e-06 1.14704e-06 8.09636e-07 5.57009e-07 3.73518e-07 2.44142e-07 1.55541e-07 9.65816e-08 5.8446e-08 3.44643e-08 1.98001e-08 1.10805e-08 6.03868e-09 3.20406e-09 1.65466e-09 8.31448e-10 4.06399e-10 1.93168e-10 8.9263e-11 4.00924e-11 1.74995e-11 7.4217e-12 3.05812e-12 1.22423e-12 4.76134e-13 1.79919e-13 6.60609e-14 2.35715e-14 8.17478e-15 2.75606e-15 9.03479e-16 2.88046e-16 8.93376e-17 2.69708e-17 7.96346e-18 2.43515e-18 
3.97121e-18 7.63456e-18 2.48187e-17 8.36022e-17 2.75451e-16 8.83398e-16 2.75606e-15 8.36222e-15 2.4669e-14 7.07425e-14 1.97163e-13 5.3396e-13 1.40498e-12 3.5914e-12 8.9179e-12 2.15108e-11 5.04033e-11 1.14738e-10 2.5378e-10 5.45494e-10 1.13974e-09 2.3154e-09 4.57486e-09 8.79436e-09 1.64531e-08 2.99676e-08 5.31552e-08 9.18446e-08 1.54625e-07 2.53698e-07 4.05727e-07 6.32536e-07 9.61416e-07 1.42474e-06 2.05856e-06 2.89999e-06 3.98314e-06 5.33386e-06 6.96376e-06 8.86457e-06 1.10039e-05 1.33241e-05 1.57445e-05 1.81682e-05 2.04918e-05 2.26157e-05 2.44538e-05 2.59394e-05 2.70267e-05 2.7688e-05 2.79098e-05 2.7688e-05 2.70267e-05 2.59394e-05 2.44538e-05 2.26157e-05 2.04918e-05 1.81682e-05 1.57445e-05 1.33241e-05 1.10039e-05 8.86457e-06 6.96376e-06 5.33386e-06 3.98314e-06 2.89999e-06 2.05856e-06 1.42474e-06 9.61416e-07 6.32536e-07 4.05727e-07 2.53698e-07 1.54625e-07 9.18446e-08 5.31552e-08 2.99676e-08 1.64531e-08 8.79436e-09 4.57486e-09 2.3154e-09 1.13974e-09 5.45494e-10 2.5378e-10 1.14738e-10 5.04033e-11 2.15108e-11 8.9179e-12 3.5914e-12 1.40498e-12 5.3396e-13 1.97163e-13 7.07425e-14 2.4669e-14 8.36222e-15 2.75606e-15 8.83398e-16 2.75451e-16 8.36022e-17 2.48187e-17 7.63456e-18 
1.21645e-17 2.32787e-17 7.5223e-17 2.52009e-16 8.25865e-16 2.63443e-15 8.17478e-15 2.4669e-14 7.23774e-14 2.06411e-13 5.72065e-13 1.5405e-12 4.03009e-12 1.02412e-11 2.52776e-11 6.05973e-11 1.41096e-10 3.19114e-10 7.01141e-10 1.49683e-09 3.1056e-09 6.26399e-09 1.22864e-08 2.34433e-08 4.35301e-08 7.86851e-08 1.38509e-07 2.37514e-07 3.9687e-07 6.46347e-07 1.0262e-06 1.58861e-06 2.39816e-06 3.53063e-06 5.06948e-06 7.09944e-06 9.697e-06 1.29183e-05 1.67856e-05 2.12747e-05 2.6306e-05 3.17421e-05 3.73944e-05 4.30384e-05 4.84358e-05 5.33591e-05 5.76126e-05 6.10458e-05 6.35558e-05 6.50815e-05 6.55931e-05 6.50815e-05 6.35558e-05 6.10458e-05 5.76126e-05 5.33591e-05 4.84358e-05 4.30384e-05 3.73944e-05 3.17421e-05 2.6306e-05 2.12747e-05 1.67856e-05 1.29183e-05 9.697e-06 7.09944e-06 5.06948e-06 3.53063e-06 2.39816e-06 1.58861e-06 1.0262e-06 6.46347e-07 3.9687e-07 2.37514e-07 1.38509e-07 7.86851e-08 4.35301e-08 2.34433e-08 1.22864e-08 6.26399e-09 3.1056e-09 1.49683e-09 7.01141e-10 3.19114e-10 1.41096e-10 6.05973e-11 2.52776e-11 1.02412e-11 4.03009e-12 1.5405e-12 5.72065e-13 2.06411e-13 7.23774e-14 2.4669e-14 8.17478e-15 2.63443e-15 8.25865e-16 2.52009e-16 7.5223e-17 2.32787e-17 
3.62356e-17 6.9022e-17 2.2169e-16 7.38606e-16 2.4074e-15 7.63778e-15 2.35715e-14 7.07425e-14 2.06411e-13 5.85378e-13 1.61323e-12 4.31939e-12 1.12342e-11 2.8379e-11 6.96217e-11 1.65868e-10 3.83755e-10 8.62268e-10 1.88182e-09 3.98971e-09 8.21922e-09 1.64578e-08 3.20412e-08 6.0674e-08 1.11795e-07 2.0051e-07 3.50201e-07 5.95832e-07 9.87875e-07 1.59654e-06 2.51577e-06 3.86601e-06 5.79468e-06 8.4728e-06 1.20863e-05 1.68212e-05 2.28419e-05 3.02647e-05 3.9128e-05 4.93657e-05 6.07887e-05 7.30819e-05 8.58191e-05 9.84987e-05 0.000110592 0.000121599 0.000131091 0.000138741 0.000144328 0.000147722 0.000148859 0.000147722 0.000144328 0.000138741 0.000131091 0.000121599 0.000110592 9.84987e-05 8.58191e-05 7.30819e-05 6.07887e-05 4.93657e-05 3.9128e-05 3.02647e-05 2.28419e-05 1.68212e-05 1.20863e-05 8.4728e-06 5.79468e-06 3.86601e-06 2.51577e-06 1.59654e-06 9.87875e-07 5.95832e-07 3.50201e-07 2.0051e-07 1.11795e-07 6.0674e-08 3.20412e-08 1.64578e-08 8.21922e-09 3.98971e-09 1.88182e-09 8.62268e-10 3.83755e-10 1.65868e-10 6.96217e-11 2.8379e-11 1.12342e-11 4.31939e-12 1.61323e-12 5.85378e-13 2.06411e-13 7.07425e-14 2.35715e-14 7.63778e-15 2.4074e-15 7.38606e-16 2.2169e-16 6.9022e-17 
1.04953e-16 1.98983e-16 6.35198e-16 2.10448e-15 6.82169e-15 2.1524e-14 6.60609e-14 1.97163e-13 5.72065e-13 1.61323e-12 4.4205e-12 1.17674e-11 3.04257e-11 7.63986e-11 1.86281e-10 4.41019e-10 1.01379e-09 2.26289e-09 4.90504e-09 1.03267e-08 2.11213e-08 4.19805e-08 8.11127e-08 1.5241e-07 2.78613e-07 4.95724e-07 8.58849e-07 1.44948e-06 2.38392e-06 3.82214e-06 5.97572e-06 9.11286e-06 1.35579e-05 1.96823e-05 2.78844e-05 3.85562e-05 5.20362e-05 6.85521e-05 8.81604e-05 0.000110691 0.000135711 0.000162522 0.000190198 0.000217659 0.000243777 0.000267491 0.000287901 0.000304324 0.000316304 0.000323575 0.000326011 0.000323575 0.000316304 0.000304324 0.000287901 0.000267491 0.000243777 0.000217659 0.000190198 0.000162522 0.000135711 0.000110691 8.81604e-05 6.85521e-05 5.20362e-05 3.85562e-05 2.78844e-05 1.96823e-05 1.35579e-05 9.11286e-06 5.97572e-06 3.82214e-06 2.38392e-06 1.44948e-06 8.58849e-07 4.95724e-07 2.78613e-07 1.5241e-07 8.11127e-08 4.19805e-08 2.11213e-08 1.03267e-08 4.90504e-09 2.26289e-09 1.01379e-09 4.41019e-10 1.86281e-10 7.63986e-11 3.04257e-11 1.17674e-11 4.4205e-12 1.61323e-12 5.72065e-13 1.97163e-13 6.60609e-14 2.1524e-14 6.82169e-15 2.10448e-15 6.35198e-16 1.98983e-16 
2.95555e-16 5.577e-16 1.76925e-15 5.82854e-15 1.87881e-14 5.89507e-14 1.79919e-13 5.3396e-13 1.5405e-12 4.31939e-12 1.17674e-11 3.11412e-11 8.00389e-11 1.99758e-10 4.84048e-10 1.13872e-09 2.60062e-09 5.76605e-09 1.24126e-08 2.59478e-08 5.26846e-08 1.0393e-07 1.99264e-07 3.71463e-07 6.73588e-07 1.18869e-06 2.04239e-06 3.4183e-06 5.57532e-06 8.8653e-06 1.37479e-05 2.07985e-05 3.07041e-05 4.42407e-05 6.22279e-05 8.54568e-05 0.000114592 0.000150054 0.000191901 0.000239715 0.000292545 0.000348902 0.000406843 0.000464132 0.000518454 0.000567651 0.000609903 0.000643844 0.000668571 0.000683566 0.000688587 0.000683566 0.000668571 0.000643844 0.000609903 0.000567651 0.000518454 0.000464132 0.000406843 0.000348902 0.000292545 0.000239715 0.000191901 0.000150054 0.000114592 8.54568e-05 6.22279e-05 4.42407e-05 3.07041e-05 2.07985e-05 1.37479e-05 8.8653e-06 5.57532e-06 3.4183e-06 2.04239e-06 1.18869e-06 6.73588e-07 3.71463e-07 1.99264e-07 1.0393e-07 5.26846e-08 2.59478e-08 1.24126e-08 5.76605e-09 2.60062e-09 1.13872e-09 4.84048e-10 1.99758e-10 8.00389e-11 3.11412e-11 1.17674e-11 4.31939e-12 1.5405e-12 5.3396e-13 1.79919e-13 5.89507e-14 1.87881e-14 5.82854e-15 1.76925e-15 5.577e-16 
8.09163e-16 1.51955e-15 4.79022e-15 1.56899e-14 5.02897e-14 1.56898e-13 4.76134e-13 1.40498e-12 4.03009e-12 1.12342e-11 3.04257e-11 8.00389e-11 2.04471e-10 5.0717e-10 1.22124e-09 2.85449e-09 6.47615e-09 1.42617e-08 3.04873e-08 6.32744e-08 1.27523e-07 2.49648e-07 4.74895e-07 8.78168e-07 1.57932e-06 2.76367e-06 4.70817e-06 7.81244e-06 1.26329e-05 1.9916e-05 3.06241e-05 4.59458e-05 6.72801e-05 9.6184e-05 0.000134274 0.000183076 0.000243831 0.000317265 0.000403358 0.000501146 0.000608609 0.000722692 0.000839478 0.000954515 0.00106324 0.00116144 0.00124558 0.00131305 0.00136213 0.00139187 0.00140182 0.00139187 0.00136213 0.00131305 0.00124558 0.00116144 0.00106324 0.000954515 0.000839478 0.000722692 0.000608609 0.000501146 0.000403358 0.000317265 0.000243831 0.000183076 0.000134274 9.6184e-05 6.72801e-05 4.59458e-05 3.06241e-05 1.9916e-05 1.26329e-05 7.81244e-06 4.70817e-06 2.76367e-06 1.57932e-06 8.78168e-07 4.74895e-07 2.49648e-07 1.27523e-07 6.32744e-08 3.04873e-08 1.42617e-08 6.47615e-09 2.85449e-09 1.22124e-09 5.0717e-10 2.04471e-10 8.00389e-11 3.04257e-11 1.12342e-11 4.03009e-12 1.40498e-12 4.76134e-13 1.56898e-13 5.02897e-14 1.56899e-14 4.79022e-15 1.51955e-15 
2.15367e-15 4.02481e-15 1.26063e-14 4.10487e-14 1.30813e-13 4.05766e-13 1.22423e-12 3.5914e-12 1.02412e-11 2.8379e-11 7.63986e-11 1.99758e-10 5.0717e-10 1.2501e-09 2.99095e-09 6.94533e-09 1.56519e-08 3.42314e-08 7.26597e-08 1.49702e-07 2.99444e-07 5.81674e-07 1.09767e-06 2.01315e-06 3.59005e-06 6.22834e-06 1.05179e-05 1.72988e-05 2.77246e-05 4.33216e-05 6.60296e-05 9.821e-05 0.000142599 0.000202193 0.00028004 0.000378949 0.000501112 0.000647675 0.00081832 0.00101092 0.00122135 0.00144359 0.00167005 0.00189221 0.00210146 0.00228988 0.00245093 0.00257981 0.00267343 0.0027301 0.00274905 0.0027301 0.00267343 0.00257981 0.00245093 0.00228988 0.00210146 0.00189221 0.00167005 0.00144359 0.00122135 0.00101092 0.00081832 0.000647675 0.000501112 0.000378949 0.00028004 0.000202193 0.000142599 9.821e-05 6.60296e-05 4.33216e-05 2.77246e-05 1.72988e-05 1.05179e-05 6.22834e-06 3.59005e-06 2.01315e-06 1.09767e-06 5.81674e-07 2.99444e-07 1.49702e-07 7.26597e-08 3.42314e-08 1.56519e-08 6.94533e-09 2.99095e-09 1.2501e-09 5.0717e-10 1.99758e-10 7.63986e-11 2.8379e-11 1.02412e-11 3.5914e-12 1.22423e-12 4.05766e-13 1.30813e-13 4.10487e-14 1.26063e-14 4.02481e-15 
5.57276e-15 1.03631e-14 3.22466e-14 1.04374e-13 3.30662e-13 1.01964e-12 3.05812e-12 8.9179e-12 2.52776e-11 6.96217e-11 1.86281e-10 4.84048e-10 1.22124e-09 2.99095e-09 7.10947e-09 1.63993e-08 3.67055e-08 7.9716e-08 1.6799e-07 3.43552e-07 6.81951e-07 1.31427e-06 2.46001e-06 4.47399e-06 7.90995e-06 1.36023e-05 2.27646e-05 3.71008e-05 5.89169e-05 9.12183e-05 0.000137766 0.000203067 0.000292255 0.000410844 0.000564327 0.000757613 0.000994338 0.00127611 0.00160177 0.00196683 0.00236325 0.00277958 0.00320171 0.00361405 0.00400094 0.0043482 0.00464424 0.00488064 0.00505208 0.00515574 0.0051904 0.00515574 0.00505208 0.00488064 0.00464424 0.0043482 0.00400094 0.00361405 0.00320171 0.00277958 0.00236325 0.00196683 0.00160177 0.00127611 0.000994338 0.000757613 0.000564327 0.000410844 0.000292255 0.000203067 0.000137766 9.12183e-05 5.89169e-05 3.71008e-05 2.27646e-05 1.36023e-05 7.90995e-06 4.47399e-06 2.46001e-06 1.31427e-06 6.81951e-07 3.43552e-07 1.6799e-07 7.9716e-08 3.67055e-08 1.63993e-08 7.10947e-09 2.99095e-09 1.22124e-09 4.84048e-10 1.86281e-10 6.96217e-11 2.52776e-11 8.9179e-12 3.05812e-12 1.01964e-12 3.30662e-13 1.04374e-13 3.22466e-14 1.03631e-14 
1.40193e-14 2.594e-14 8.01785e-14 2.57936e-13 8.12249e-13 2.4896e-12 7.4217e-12 2.15108e-11 6.05973e-11 1.65868e-10 4.41019e-10 1.13872e-09 2.85449e-09 6.94533e-09 1.63993e-08 3.75711e-08 8.35096e-08 1.80073e-07 3.76703e-07 7.64585e-07 1.50592e-06 2.87899e-06 5.34426e-06 9.63674e-06 1.68883e-05 2.87806e-05 4.77244e-05 7.70527e-05 0.000121207 0.000185881 0.000278083 0.000406062 0.00057904 0.000806717 0.00109851 0.00146252 0.00190437 0.00242589 0.00302391 0.00368944 0.00440736 0.00515685 0.00591274 0.00664763 0.00733438 0.00794864 0.00847079 0.00888678 0.00918794 0.00936982 0.00943059 0.00936982 0.00918794 0.00888678 0.00847079 0.00794864 0.00733438 0.00664763 0.00591274 0.00515685 0.00440736 0.00368944 0.00302391 0.00242589 0.00190437 0.00146252 0.00109851 0.000806717 0.00057904 0.000406062 0.000278083 0.000185881 0.000121207 7.70527e-05 4.77244e-05 2.87806e-05 1.68883e-05 9.63674e-06 5.34426e-06 2.87899e-06 1.50592e-06 7.64585e-07 3.76703e-07 1.80073e-07 8.35096e-08 3.75711e-08 1.63993e-08 6.94533e-09 2.85449e-09 1.13872e-09 4.41019e-10 1.65868e-10 6.05973e-11 2.15108e-11 7.4217e-12 2.4896e-12 8.12249e-13 2.57936e-13 8.01785e-14 2.594e-14 
3.4291e-14 6.31265e-14 1.93793e-13 6.19562e-13 1.93906e-12 5.90679e-12 1.74995e-11 5.04033e-11 1.41096e-10 3.83755e-10 1.01379e-09 2.60062e-09 6.47615e-09 1.56519e-08 3.67055e-08 8.35096e-08 1.84301e-07 3.94524e-07 8.19166e-07 1.64988e-06 3.2239e-06 6.11312e-06 1.12522e-05 2.01137e-05 3.49337e-05 5.89858e-05 9.68905e-05 0.000154933 0.000241346 0.000366503 0.000542934 0.000785104 0.00110885 0.00153041 0.00206509 0.00272548 0.00351949 0.00444827 0.00550439 0.00667064 0.00791977 0.00921546 0.0105148 0.0117716 0.0129409 0.0139829 0.0148659 0.0155676 0.0160746 0.0163804 0.0164825 0.0163804 0.0160746 0.0155676 0.0148659 0.0139829 0.0129409 0.0117716 0.0105148 0.00921546 0.00791977 0.00667064 0.00550439 0.00444827 0.00351949 0.00272548 0.00206509 0.00153041 0.00110885 0.000785104 0.000542934 0.000366503 0.000241346 0.000154933 9.68905e-05 5.89858e-05 3.49337e-05 2.01137e-05 1.12522e-05 6.11312e-06 3.2239e-06 1.64988e-06 8.19166e-07 3.94524e-07 1.84301e-07 8.35096e-08 3.67055e-08 1.56519e-08 6.47615e-09 2.60062e-09 1.01379e-09 3.83755e-10 1.41096e-10 5.04033e-11 1.74995e-11 5.90679e-12 1.93906e-12 6.19562e-13 1.93793e-13 6.31265e-14 
8.15593e-14 1.4937e-13 4.55378e-13 1.44662e-12 4.49917e-12 1.36192e-11 4.00924e-11 1.14738e-10 3.19114e-10 8.62268e-10 2.26289e-09 5.76605e-09 1.42617e-08 3.42314e-08 7.9716e-08 1.80073e-07 3.94524e-07 8.3826e-07 1.72725e-06 3.45159e-06 6.69008e-06 1.25801e-05 2.29572e-05 4.06733e-05 6.99969e-05 0.00011708 0.000190465 0.000301566 0.000465069 0.000699115 0.00102518 0.00146752 0.00205205 0.0028046 0.00374863 0.00490231 0.00627542 0.00786627 0.00965905 0.0116224 0.0137092 0.0158589 0.0180013 0.0200623 0.0219708 0.0236646 0.025095 0.0262287 0.0270462 0.0275385 0.0277028 0.0275385 0.0270462 0.0262287 0.025095 0.0236646 0.0219708 0.0200623 0.0180013 0.0158589 0.0137092 0.0116224 0.00965905 0.00786627 0.00627542 0.00490231 0.00374863 0.0028046 0.00205205 0.00146752 0.00102518 0.000699115 0.000465069 0.000301566 0.000190465 0.00011708 6.99969e-05 4.06733e-05 2.29572e-05 1.25801e-05 6.69008e-06 3.45159e-06 1.72725e-06 8.3826e-07 3.94524e-07 1.80073e-07 7.9716e-08 3.42314e-08 1.42617e-08 5.76605e-09 2.26289e-09 8.62268e-10 3.19114e-10 1.14738e-10 4.00924e-11 1.36192e-11 4.49917e-12 1.44662e-12 4.55378e-13 1.4937e-13 
1.88652e-13 3.43699e-13 1.04044e-12 3.28384e-12 1.01479e-11 3.05205e-11 8.9263e-11 2.5378e-10 7.01141e-10 1.88182e-09 4.90504e-09 1.24126e-08 3.04873e-08 7.26597e-08 1.6799e-07 3.76703e-07 8.19166e-07 1.72725e-06 3.53122e-06 6.99997e-06 1.3456e-05 2.5088e-05 4.53818e-05 7.96769e-05 0.000135843 0.000225039 0.000362484 0.000568144 0.000867187 0.00129006 0.00187198 0.00265174 0.00366966 0.00496458 0.0065701 0.00851019 0.0107945 0.0134141 0.016338 0.0195116 0.0228572 0.0262781 0.0296647 0.0329035 0.0358871 0.0385235 0.0407417 0.0424946 0.0437558 0.0445142 0.0447671 0.0445142 0.0437558 0.0424946 0.0407417 0.0385235 0.0358871 0.0329035 0.0296647 0.0262781 0.0228572 0.0195116 0.016338 0.0134141 0.0107945 0.00851019 0.0065701 0.00496458 0.00366966 0.00265174 0.00187198 0.00129006 0.000867187 0.000568144 0.000362484 0.000225039 0.000135843 7.96769e-05 4.53818e-05 2.5088e-05 1.3456e-05 6.99997e-06 3.53122e-06 1.72725e-06 8.19166e-07 3.76703e-07 1.6799e-07 7.26597e-08 3.04873e-08 1.24126e-08 4.90504e-09 1.88182e-09 7.01141e-10 2.5378e-10 8.9263e-11 3.05205e-11 1.01479e-11 3.28384e-12 1.04044e-12 3.43699e-13 
4.24433e-13 7.69178e-13 2.31179e-12 7.24844e-12 2.22536e-11 6.64894e-11 1.93168e-10 5.45494e-10 1.49683e-09 3.98971e-09 1.03267e-08 2.59478e-08 6.32744e-08 1.49702e-07 3.43552e-07 7.64585e-07 1.64988e-06 3.45159e-06 6.99997e-06 1.37621e-05 2.62316e-05 4.84833e-05 8.69175e-05 0.000151195 0.000255326 0.000418835 0.000667854 0.00103598 0.00156463 0.00230274 0.0033055 0.00463196 0.00634144 0.00848876 0.0111184 0.0142583 0.017913 0.0220585 0.0266384 0.0315618 0.0367068 0.0419253 0.0470544 0.0519285 0.0563937 0.0603203 0.063611 0.066203 0.0680634 0.0691804 0.0695525 0.0691804 0.0680634 0.066203 0.063611 0.0603203 0.0563937 0.0519285 0.0470544 0.0419253 0.0367068 0.0315618 0.0266384 0.0220585 0.017913 0.0142583 0.0111184 0.00848876 0.00634144 0.00463196 0.0033055 0.00230274 0.00156463 0.00103598 0.000667854 0.000418835 0.000255326 0.000151195 8.69175e-05 4.84833e-05 2.62316e-05 1.37621e-05 6.99997e-06 3.45159e-06 1.64988e-06 7.64585e-07 3.43552e-07 1.49702e-07 6.32744e-08 2.59478e-08 1.03267e-08 3.98971e-09 1.49683e-09 5.45494e-10 1.93168e-10 6.64894e-11 2.22536e-11 7.24844e-12 2.31179e-12 7.69178e-13 
9.28924e-13 1.67449e-12 4.99623e-12 1.55606e-11 4.74564e-11 1.40841e-10 4.06399e-10 1.13974e-09 3.1056e-09 8.21922e-09 2.11213e-08 5.26846e-08 1.27523e-07 2.99444e-07 6.81951e-07 1.50592e-06 3.2239e-06 6.69008e-06 1.3456e-05 2.62316e-05 4.9567e-05 9.07994e-05 0.000161291 0.000277927 0.000464789 0.000754819 0.00119123 0.00182837 0.00273163 0.00397627 0.00564465 0.00782198 0.0105904 0.0140218 0.0181693 0.0230588 0.0286809 0.0349843 0.0418716 0.0492001 0.056786 0.0644142 0.0718535 0.0788742 0.0852672 0.0908601 0.0955269 0.09919 0.101812 0.103384 0.103907 0.103384 0.101812 0.09919 0.0955269 0.0908601 0.0852672 0.0788742 0.0718535 0.0644142 0.056786 0.0492001 0.0418716 0.0349843 0.0286809 0.0230588 0.0181693 0.0140218 0.0105904 0.00782198 0.00564465 0.00397627 0.00273163 0.00182837 0.00119123 0.000754819 0.000464789 0.000277927 0.000161291 9.07994e-05 4.9567e-05 2.62316e-05 1.3456e-05 6.69008e-06 3.2239e-06 1.50592e-06 6.81951e-07 2.99444e-07 1.27523e-07 5.26846e-08 2.11213e-08 8.21922e-09 3.1056e-09 1.13974e-09 4.06399e-10 1.40841e-10 4.74564e-11 1.55606e-11 4.99623e-12 1.67449e-12 
1.97809e-12 3.54664e-12 1.05048e-11 3.24954e-11 9.84376e-11 2.90152e-10 8.31448e-10 2.3154e-09 6.26399e-09 1.64578e-08 4.19805e-08 1.0393e-07 2.49648e-07 5.81674e-07 1.31427e-06 2.87899e-06 6.11312e-06 1.25801e-05 2.5088e-05 4.84833e-05 9.07994e-05 0.000164815 0.000290028 0.000494948 0.000819522 0.00131734 0.00205718 0.00312351 0.00461527 0.0066429 0.00932318 0.012772 0.0170955 0.0223794 0.0286783 0.0360045 0.0443194 0.0535265 0.0634689 0.0739322 0.084653 0.0953337 0.105663 0.115338 0.12409 0.131704 0.138028 0.142973 0.146502 0.148613 0.149315 0.148613 0.146502 0.142973 0.138028 0.131704 0.12409 0.115338 0.105663 0.0953337 0.084653 0.0739322 0.0634689 0.0535265 0.0443194 0.0360045 0.0286783 0.0223794 0.0170955 0.012772 0.00932318 0.0066429 0.00461527 0.00312351 0.00205718 0.00131734 0.000819522 0.000494948 0.000290028 0.000164815 9.07994e-05 4.84833e-05 2.5088e-05 1.25801e-05 6.11312e-06 2.87899e-06 1.31427e-06 5.81674e-07 2.49648e-07 1.0393e-07 4.19805e-08 1.64578e-08 6.26399e-09 2.3154e-09 8.31448e-10 2.90152e-10 9.84376e-11 3.24954e-11 1.05048e-11 3.54664e-12 
4.09893e-12 7.30987e-12 2.14914e-11 6.60278e-11 1.98657e-10 5.81515e-10 1.65466e-09 4.57486e-09 1.22864e-08 3.20412e-08 8.11127e-08 1.99264e-07 4.74895e-07 1.09767e-06 2.46001e-06 5.34426e-06 1.12522e-05 2.29572e-05 4.53818e-05 8.69175e-05 0.000161291 0.000290028 0.000505467 0.000854106 0.00139988 0.00222681 0.00344025 0.00516616 0.00754778 0.0107395 0.0148978 0.0201702 0.0266824 0.0345242 0.0437364 0.0542991 0.0661221 0.079041 0.092817 0.107144 0.121664 0.135985 0.149709 0.162461 0.173915 0.183819 0.192002 0.198374 0.202908 0.205614 0.206513 0.205614 0.202908 0.198374 0.192002 0.183819 0.173915 0.162461 0.149709 0.135985 0.121664 0.107144 0.092817 0.079041 0.0661221 0.0542991 0.0437364 0.0345242 0.0266824 0.0201702 0.0148978 0.0107395 0.00754778 0.00516616 0.00344025 0.00222681 0.00139988 0.000854106 0.000505467 0.000290028 0.000161291 8.69175e-05 4.53818e-05 2.29572e-05 1.12522e-05 5.34426e-06 2.46001e-06 1.09767e-06 4.74895e-07 1.99264e-07 8.11127e-08 3.20412e-08 1.22864e-08 4.57486e-09 1.65466e-09 5.81515e-10 1.98657e-10 6.60278e-11 2.14914e-11 7.30987e-12 
8.26643e-12 1.46632e-11 4.27921e-11 1.30568e-10 3.9015e-10 1.1341e-09 3.20406e-09 8.79436e-09 2.34433e-08 6.0674e-08 1.5241e-07 3.71463e-07 8.78168e-07 2.01315e-06 4.47399e-06 9.63674e-06 2.01137e-05 4.06733e-05 7.96769e-05 0.000151195 0.000277927 0.000494948 0.000854106 0.00142864 0.00231729 0.00364694 0.00557278 0.00827497 0.0119515 0.016807 0.0230388 0.03082 0.0402828 0.0515017 0.0644794 0.0791355 0.0953008 0.112716 0.131038 0.149853 0.168697 0.187084 0.204531 0.220601 0.234925 0.247228 0.257337 0.265173 0.27073 0.274039 0.275137 0.274039 0.27073 0.265173 0.257337 0.247228 0.234925 0.220601 0.204531 0.187084 0.168697 0.149853 0.131038 0.112716 0.0953008 0.0791355 0.0644794 0.0515017 0.0402828 0.03082 0.0230388 0.016807 0.0119515 0.00827497 0.00557278 0.00364694 0.00231729 0.00142864 0.000854106 0.000494948 0.000277927 0.000151195 7.96769e-05 4.06733e-05 2.01137e-05 9.63674e-06 4.47399e-06 2.01315e-06 8.78168e-07 3.71463e-07 1.5241e-07 6.0674e-08 2.34433e-08 8.79436e-09 3.20406e-09 1.1341e-09 3.9015e-10 1.30568e-10 4.27921e-11 1.46632e-11 
1.6227e-11 2.86311e-11 8.29387e-11 2.51328e-10 7.45841e-10 2.15287e-09 6.03868e-09 1.64531e-08 4.35301e-08 1.11795e-07 2.78613e-07 6.73588e-07 1.57932e-06 3.59005e-06 7.90995e-06 1.68883e-05 3.49337e-05 6.99969e-05 0.000135843 0.000255326 0.000464789 0.000819522 0.00139988 0.00231729 0.00371883 0.00578911 0.00874773 0.0128415 0.018331 0.0254726 0.0344971 0.0455872 0.0588573 0.0743357 0.0919518 0.11153 0.132789 0.155348 0.178743 0.202443 0.225881 0.248484 0.269707 0.28907 0.306185 0.320779 0.332698 0.341892 0.348387 0.352245 0.353524 0.352245 0.348387 0.341892 0.332698 0.320779 0.306185 0.28907 0.269707 0.248484 0.225881 0.202443 0.178743 0.155348 0.132789 0.11153 0.0919518 0.0743357 0.0588573 0.0455872 0.0344971 0.0254726 0.018331 0.0128415 0.00874773 0.00578911 0.00371883 0.00231729 0.00139988 0.000819522 0.000464789 0.000255326 0.000135843 6.99969e-05 3.49337e-05 1.68883e-05 7.90995e-06 3.59005e-06 1.57932e-06 6.73588e-07 2.78613e-07 1.11795e-07 4.35301e-08 1.64531e-08 6.03868e-09 2.15287e-09 7.45841e-10 2.51328e-10 8.29387e-11 2.86311e-11 
3.10081e-11 5.44238e-11 1.565e-10 4.71e-10 1.38817e-09 3.97891e-09 1.10805e-08 2.99676e-08 7.86851e-08 2.0051e-07 4.95724e-07 1.18869e-06 2.76367e-06 6.22834e-06 1.36023e-05 2.87806e-05 5.89858e-05 0.00011708 0.000225039 0.000418835 0.000754819 0.00131734 0.00222681 0.00364694 0.00578911 0.00891186 0.0133136 0.0193174 0.0272491 0.0374091 0.0500433 0.0653154 0.0832842 0.103889 0.126942 0.152132 0.179036 0.20713 0.235819 0.264463 0.292407 0.319018 0.34372 0.366026 0.385565 0.402096 0.415508 0.425798 0.433038 0.437326 0.438746 0.437326 0.433038 0.425798 0.415508 0.402096 0.385565 0.366026 0.34372 0.319018 0.292407 0.264463 0.235819 0.20713 0.179036 0.152132 0.126942 0.103889 0.0832842 0.0653154 0.0500433 0.0374091 0.0272491 0.0193174 0.0133136 0.00891186 0.00578911 0.00364694 0.00222681 0.00131734 0.000754819 0.000418835 0.000225039 0.00011708 5.89858e-05 2.87806e-05 1.36023e-05 6.22834e-06 2.76367e-06 1.18869e-06 4.95724e-07 2.0051e-07 7.86851e-08 2.99676e-08 1.10805e-08 3.97891e-09 1.38817e-09 4.71e-10 1.565e-10 5.44238e-11 
5.76842e-11 1.00721e-10 2.87533e-10 8.59498e-10 2.51599e-09 7.16134e-09 1.98001e-08 5.31552e-08 1.38509e-07 3.50201e-07 8.58849e-07 2.04239e-06 4.70817e-06 1.05179e-05 2.27646e-05 4.77244e-05 9.68905e-05 0.000190465 0.000362484 0.000667854 0.00119123 0.00205718 0.00344025 0.00557278 0.00874773 0.0133136 0.0196591 0.028188 0.0392843 0.0532733 0.0703839 0.0907173 0.114226 0.140708 0.169812 0.201052 0.233835 0.267489 0.301297 0.334529 0.366477 0.396493 0.424012 0.448587 0.469903 0.487785 0.502188 0.513174 0.52087 0.525415 0.526916 0.525415 0.52087 0.513174 0.502188 0.487785 0.469903 0.448587 0.424012 0.396493 0.366477 0.334529 0.301297 0.267489 0.233835 0.201052 0.169812 0.140708 0.114226 0.0907173 0.0703839 0.0532733 0.0392843 0.028188 0.0196591 0.0133136 0.00874773 0.00557278 0.00344025 0.00205718 0.00119123 0.000667854 0.000362484 0.000190465 9.68905e-05 4.77244e-05 2.27646e-05 1.05179e-05 4.70817e-06 2.04239e-06 8.58849e-07 3.50201e-07 1.38509e-07 5.31552e-08 1.98001e-08 7.16134e-09 2.51599e-09 8.59498e-10 2.87533e-10 1.00721e-10 
1.04472e-10 1.81494e-10 5.14421e-10 1.52746e-09 4.4413e-09 1.25543e-08 3.44643e-08 9.18446e-08 2.37514e-07 5.95832e-07 1.44948e-06 3.4183e-06 7.81244e-06 1.72988e-05 3.71008e-05 7.70527e-05 0.000154933 0.000301566 0.000568144 0.00103598 0.00182837 0.00312351 0.00516616 0.00827497 0.0128415 0.0193174 0.028188 0.0399322 0.0549735 0.0736285 0.0960621 0.122256 0.151998 0.184888 0.220363 0.257736 0.296233 0.335044 0.373355 0.410389 0.445439 0.477891 0.507249 0.533153 0.555382 0.573858 0.588623 0.599815 0.607616 0.612208 0.613723 0.612208 0.607616 0.599815 0.588623 0.573858 0.555382 0.533153 0.507249 0.477891 0.445439 0.410389 0.373355 0.335044 0.296233 0.257736 0.220363 0.184888 0.151998 0.122256 0.0960621 0.0736285 0.0549735 0.0399322 0.028188 0.0193174 0.0128415 0.00827497 0.00516616 0.00312351 0.00182837 0.00103598 0.000568144 0.000301566 0.000154933 7.70527e-05 3.71008e-05 1.72988e-05 7.81244e-06 3.4183e-06 1.44948e-06 5.95832e-07 2.37514e-07 9.18446e-08 3.44643e-08 1.25543e-08 4.4413e-09 1.52746e-09 5.14421e-10 1.81494e-10 
1.8421e-10 3.18438e-10 8.96267e-10 2.64384e-09 7.63667e-09 2.14404e-08 5.8446e-08 1.54625e-07 3.9687e-07 9.87875e-07 2.38392e-06 5.57532e-06 1.26329e-05 2.77246e-05 5.89169e-05 0.000121207 0.000241346 0.000465069 0.000867187 0.00156463 0.00273163 0.00461527 0.00754778 0.0119515 0.018331 0.0272491 0.0392843 0.0549735 0.0747463 0.0988622 0.127362 0.160043 0.196463 0.235974 0.277767 0.32094 0.364553 0.407683 0.449471 0.489152 0.526078 0.559735 0.589747 0.615884 0.638055 0.656297 0.670753 0.681633 0.689177 0.693601 0.695058 0.693601 0.689177 0.681633 0.670753 0.656297 0.638055 0.615884 0.589747 0.559735 0.526078 0.489152 0.449471 0.407683 0.364553 0.32094 0.277767 0.235974 0.196463 0.160043 0.127362 0.0988622 0.0747463 0.0549735 0.0392843 0.0272491 0.018331 0.0119515 0.00754778 0.00461527 0.00273163 0.00156463 0.000867187 0.000465069 0.000241346 0.000121207 5.89169e-05 2.77246e-05 1.26329e-05 5.57532e-06 2.38392e-06 9.87875e-07 3.9687e-07 1.54625e-07 5.8446e-08 2.14404e-08 7.63667e-09 2.64384e-09 8.96267e-10 3.18438e-10 
3.16217e-10 5.44015e-10 1.52074e-09 4.45728e-09 1.27918e-08 3.56753e-08 9.65816e-08 2.53698e-07 6.46347e-07 1.59654e-06 3.82214e-06 8.8653e-06 1.9916e-05 4.33216e-05 9.12183e-05 0.000185881 0.000366503 0.000699115 0.00129006 0.00230274 0.00397627 0.0066429 0.0107395 0.016807 0.0254726 0.0374091 0.0532733 0.0736285 0.0988622 0.129115 0.164234 0.203766 0.246983 0.292947 0.340593 0.388813 0.436533 0.482778 0.526704 0.567627 0.605027 0.638542 0.667966 0.693231 0.714395 0.731618 0.745139 0.75524 0.762202 0.76627 0.767606 0.76627 0.762202 0.75524 0.745139 0.731618 0.714395 0.693231 0.667966 0.638542 0.605027 0.567627 0.526704 0.482778 0.436533 0.388813 0.340593 0.292947 0.246983 0.203766 0.164234 0.129115 0.0988622 0.0736285 0.0532733 0.0374091 0.0254726 0.016807 0.0107395 0.0066429 0.00397627 0.00230274 0.00129006 0.000699115 0.000366503 0.000185881 9.12183e-05 4.33216e-05 1.9916e-05 8.8653e-06 3.82214e-06 1.59654e-06 6.46347e-07 2.53698e-07 9.65816e-08 3.56753e-08 1.27918e-08 4.45728e-09 1.52074e-09 5.44015e-10 
5.28442e-10 9.04914e-10 2.51289e-09 7.31956e-09 2.08747e-08 5.78412e-08 1.55541e-07 4.05727e-07 1.0262e-06 2.51577e-06 5.97572e-06 1.37479e-05 3.06241e-05 6.60296e-05 0.000137766 0.000278083 0.000542934 0.00102518 0.00187198 0.0033055 0.00564465 0.00932318 0.0148978 0.0230388 0.0344971 0.0500433 0.0703839 0.0960621 0.127362 0.164234 0.206264 0.252684 0.30244 0.354293 0.406928 0.459073 0.509581 0.55749 0.60205 0.642728 0.679189 0.711273 0.738969 0.76239 0.781741 0.797303 0.809396 0.818355 0.824491 0.828061 0.829231 0.828061 0.824491 0.818355 0.809396 0.797303 0.781741 0.76239 0.738969 0.711273 0.679189 0.642728 0.60205 0.55749 0.509581 0.459073 0.406928 0.354293 0.30244 0.252684 0.206264 0.164234 0.127362 0.0960621 0.0703839 0.0500433 0.0344971 0.0230388 0.0148978 0.00932318 0.00564465 0.0033055 0.00187198 0.00102518 0.000542934 0.000278083 0.000137766 6.60296e-05 3.06241e-05 1.37479e-05 5.97572e-06 2.51577e-06 1.0262e-06 4.05727e-07 1.55541e-07 5.78412e-08 2.08747e-08 7.31956e-09 2.51289e-09 9.04914e-10 
8.5964e-10 1.46551e-09 4.04371e-09 1.17079e-08 3.31877e-08 9.13835e-08 2.44142e-07 6.32536e-07 1.58861e-06 3.86601e-06 9.11286e-06 2.07985e-05 4.59458e-05 9.821e-05 0.000203067 0.000406062 0.000785104 0.00146752 0.00265174 0.00463196 0.00782198 0.012772 0.0201702 0.03082 0.0455872 0.0653154 0.0907173 0.122256 0.160043 0.203766 0.252684 0.305673 0.361338 0.418146 0.474582 0.529269 0.581065 0.629102 0.672801 0.711836 0.746104 0.775673 0.800736 0.821581 0.83855 0.852018 0.862369 0.869967 0.875136 0.878128 0.879107 0.878128 0.875136 0.869967 0.862369 0.852018 0.83855 0.821581 0.800736 0.775673 0.746104 0.711836 0.672801 0.629102 0.581065 0.529269 0.474582 0.418146 0.361338 0.305673 0.252684 0.203766 0.160043 0.122256 0.0907173 0.0653154 0.0455872 0.03082 0.0201702 0.012772 0.00782198 0.00463196 0.00265174 0.00146752 0.000785104 0.000406062 0.000203067 9.821e-05 4.59458e-05 2.07985e-05 9.11286e-06 3.86601e-06 1.58861e-06 6.32536e-07 2.44142e-07 9.13835e-08 3.31877e-08 1.17079e-08 4.04371e-09 1.46551e-09 
1.36113e-09 2.31058e-09 6.33647e-09 1.82406e-08 5.14045e-08 1.40691e-07 3.73518e-07 9.61416e-07 2.39816e-06 5.79468e-06 1.35579e-05 3.07041e-05 6.72801e-05 0.000142599 0.000292255 0.00057904 0.00110885 0.00205205 0.00366966 0.00634144 0.0105904 0.0170955 0.0266824 0.0402828 0.0588573 0.0832842 0.114226 0.151998 0.196463 0.246983 0.30244 0.361338 0.421948 0.482496 0.541327 0.597051 0.648613 0.695322 0.736827 0.773059 0.804167 0.830446 0.852287 0.870125 0.884413 0.895592 0.90408 0.910249 0.914413 0.916812 0.917594 0.916812 0.914413 0.910249 0.90408 0.895592 0.884413 0.870125 0.852287 0.830446 0.804167 0.773059 0.736827 0.695322 0.648613 0.597051 0.541327 0.482496 0.421948 0.361338 0.30244 0.246983 0.196463 0.151998 0.114226 0.0832842 0.0588573 0.0402828 0.0266824 0.0170955 0.0105904 0.00634144 0.00366966 0.00205205 0.00110885 0.00057904 0.000292255 0.000142599 6.72801e-05 3.07041e-05 1.35579e-05 5.79468e-06 2.39816e-06 9.61416e-07 3.73518e-07 1.40691e-07 5.14045e-08 1.82406e-08 6.33647e-09 2.31058e-09 
2.09745e-09 3.54612e-09 9.66808e-09 2.76782e-08 7.7567e-08 2.11073e-07 5.57009e-07 1.42474e-06 3.53063e-06 8.4728e-06 1.96823e-05 4.42407e-05 9.6184e-05 0.000202193 0.000410844 0.000806717 0.00153041 0.0028046 0.00496458 0.00848876 0.0140218 0.0223794 0.0345242 0.0515017 0.0743357 0.103889 0.140708 0.184888 0.235974 0.292947 0.354293 0.418146 0.482496 0.545391 0.605136 0.660414 0.710347 0.754486 0.792752 0.825353 0.852684 0.875255 0.893616 0.908321 0.919891 0.928803 0.93548 0.94028 0.943492 0.945332 0.94593 0.945332 0.943492 0.94028 0.93548 0.928803 0.919891 0.908321 0.893616 0.875255 0.852684 0.825353 0.792752 0.754486 0.710347 0.660414 0.605136 0.545391 0.482496 0.418146 0.354293 0.292947 0.235974 0.184888 0.140708 0.103889 0.0743357 0.0515017 0.0345242 0.0223794 0.0140218 0.00848876 0.00496458 0.0028046 0.00153041 0.000806717 0.000410844 0.000202193 9.6184e-05 4.42407e-05 1.96823e-05 8.4728e-06 3.53063e-06 1.42474e-06 5.57009e-07 2.11073e-07 7.7567e-08 2.76782e-08 9.66808e-09 3.54612e-09 
3.14504e-09 5.29698e-09 1.43618e-08 4.09013e-08 1.14019e-07 3.08566e-07 8.09636e-07 2.05856e-06 5.06948e-06 1.20863e-05 2.78844e-05 6.22279e-05 0.000134274 0.00028004 0.000564327 0.00109851 0.00206509 0.00374863 0.0065701 0.0111184 0.0181693 0.0286783 0.0437364 0.0644794 0.0919518 0.126942 0.169812 0.220363 0.277767 0.340593 0.406928 0.474582 0.541327 0.605136 0.664367 0.717872 0.76502 0.805653 0.839984 0.868489 0.89179 0.910567 0.925493 0.937193 0.946221 0.953057 0.958103 0.961686 0.964062 0.965414 0.965852 0.965414 0.964062 0.961686 0.958103 0.953057 0.946221 0.937193 0.925493 0.910567 0.89179 0.868489 0.839984 0.805653 0.76502 0.717872 0.664367 0.605136 0.541327 0.474582 0.406928 0.340593 0.277767 0.220363 0.169812 0.126942 0.0919518 0.0644794 0.0437364 0.0286783 0.0181693 0.0111184 0.0065701 0.00374863 0.00206509 0.00109851 0.000564327 0.00028004 0.000134274 6.22279e-05 2.78844e-05 1.20863e-05 5.06948e-06 2.05856e-06 8.09636e-07 3.08566e-07 1.14019e-07 4.09013e-08 1.43618e-08 5.29698e-09 
