0.000415299 0.000423696 0.000449052 0.000491867 0.000552967 0.000633498 0.00073491 0.000858944 0.00100761 0.00118316 0.00138807 0.00162496 0.00189661 0.00220588 0.00255564 0.00294874 0.00338793 0.00387579 0.00441464 0.00500651 0.00565298 0.0063552 0.00711374 0.00792855 0.00879889 0.00972327 0.0106994 0.0117243 0.0127938 0.0139032 0.015047 0.0162185 0.0174106 0.0186153 0.0198242 0.021028 0.0222172 0.023382 0.0245123 0.0255982 0.0266295 0.0275967 0.0284904 0.0293017 0.0300226 0.0306457 0.0311647 0.031574 0.0318696 0.0320482 0.0321079 0.0320482 0.0318696 0.031574 0.0311647 0.0306457 0.0300226 0.0293017 0.0284904 0.0275967 0.0266295 0.0255982 0.0245123 0.023382 0.0222172 0.021028 0.0198242 0.0186153 0.0174106 0.0162185 0.015047 0.0139032 0.0127938 0.0117243 0.0106994 0.00972327 0.00879889 0.00792855 0.00711374 0.0063552 0.00565298 0.00500651 0.00441464 0.00387579 0.00338793 0.00294874 0.00255564 0.00220588 0.00189661 0.00162496 0.00138807 0.00118316 0.00100761 0.000858944 0.00073491 0.000633498 0.000552967 0.000491867 0.000449052 0.000423696 
0.000423696 0.000432249 0.000458081 0.000501696 0.000563934 0.000645959 0.000749243 0.000875555 0.00102693 0.00120567 0.00141426 0.00165538 0.00193184 0.00224653 0.00260238 0.00300227 0.00344897 0.0039451 0.00449301 0.00509472 0.00575187 0.00646557 0.00723639 0.00806428 0.00894847 0.00988743 0.0108788 0.0119195 0.0130055 0.0141319 0.0152929 0.0164819 0.0176918 0.0189143 0.0201408 0.0213621 0.0225685 0.02375 0.0248965 0.0259977 0.0270436 0.0280244 0.0289305 0.0297531 0.030484 0.0311157 0.0316418 0.0320568 0.0323564 0.0325375 0.032598 0.0325375 0.0323564 0.0320568 0.0316418 0.0311157 0.030484 0.0297531 0.0289305 0.0280244 0.0270436 0.0259977 0.0248965 0.02375 0.0225685 0.0213621 0.0201408 0.0189143 0.0176918 0.0164819 0.0152929 0.0141319 0.0130055 0.0119195 0.0108788 0.00988743 0.00894847 0.00806428 0.00723639 0.00646557 0.00575187 0.00509472 0.00449301 0.0039451 0.00344897 0.00300227 0.00260238 0.00224653 0.00193184 0.00165538 0.00141426 0.00120567 0.00102693 0.000875555 0.000749243 0.000645959 0.000563934 0.000501696 0.000458081 0.000432249 
0.000449052 0.000458081 0.000485344 0.000531373 0.000597045 0.000683576 0.000792507 0.000925686 0.00108524 0.00127357 0.00149327 0.00174713 0.00203809 0.00236916 0.00274335 0.00316368 0.00363302 0.00415406 0.00472924 0.00536063 0.00604989 0.00679816 0.00760598 0.00847325 0.00939912 0.0103819 0.0114193 0.0125077 0.0136431 0.0148203 0.0160333 0.0172751 0.0185383 0.0198142 0.021094 0.0223679 0.0236259 0.0248576 0.0260525 0.0272 0.0282896 0.0293112 0.0302548 0.0311113 0.0318722 0.0325298 0.0330774 0.0335093 0.0338211 0.0340095 0.0340725 0.0340095 0.0338211 0.0335093 0.0330774 0.0325298 0.0318722 0.0311113 0.0302548 0.0293112 0.0282896 0.0272 0.0260525 0.0248576 0.0236259 0.0223679 0.021094 0.0198142 0.0185383 0.0172751 0.0160333 0.0148203 0.0136431 0.0125077 0.0114193 0.0103819 0.00939912 0.00847325 0.00760598 0.00679816 0.00604989 0.00536063 0.00472924 0.00415406 0.00363302 0.00316368 0.00274335 0.00236916 0.00203809 0.00174713 0.00149327 0.00127357 0.00108524 0.000925686 0.000792507 0.000683576 0.000597045 0.000531373 0.000485344 0.000458081 
0.000491867 0.000501696 0.000531373 0.000581468 0.000652924 0.000747046 0.000865489 0.00101023 0.00118356 0.00138803 0.00162643 0.00190175 0.0022171 0.00257569 0.00298074 0.00343544 0.00394282 0.00450573 0.00512672 0.00580796 0.00655116 0.00735745 0.00822737 0.00916072 0.0101565 0.0112129 0.0123272 0.0134958 0.014714 0.0159764 0.0172764 0.0186066 0.019959 0.0213244 0.0226932 0.0240552 0.0253996 0.0267153 0.0279913 0.0292161 0.0303788 0.0314685 0.0324748 0.033388 0.0341991 0.0348999 0.0354834 0.0359436 0.0362758 0.0364765 0.0365436 0.0364765 0.0362758 0.0359436 0.0354834 0.0348999 0.0341991 0.033388 0.0324748 0.0314685 0.0303788 0.0292161 0.0279913 0.0267153 0.0253996 0.0240552 0.0226932 0.0213244 0.019959 0.0186066 0.0172764 0.0159764 0.014714 0.0134958 0.0123272 0.0112129 0.0101565 0.00916072 0.00822737 0.00735745 0.00655116 0.00580796 0.00512672 0.00450573 0.00394282 0.00343544 0.00298074 0.00257569 0.0022171 0.00190175 0.00162643 0.00138803 0.00118356 0.00101023 0.000865489 0.000747046 0.000652924 0.000581468 0.000531373 0.000501696 
0.000552967 0.000563934 0.000597045 0.000652924 0.000732606 0.000837524 0.000969489 0.00113067 0.00132357 0.00155098 0.00181594 0.00212171 0.00247168 0.00286933 0.00331815 0.00382158 0.00438289 0.00500513 0.00569102 0.00644284 0.00726237 0.00815078 0.00910853 0.0101353 0.0112299 0.0123903 0.0136133 0.014895 0.0162301 0.0176126 0.0190354 0.0204904 0.0219685 0.02346 0.0249543 0.0264402 0.0279062 0.0293403 0.0307302 0.0320639 0.0333294 0.034515 0.0356095 0.0366024 0.0374839 0.0382455 0.0388795 0.0393794 0.0397402 0.0399581 0.040031 0.0399581 0.0397402 0.0393794 0.0388795 0.0382455 0.0374839 0.0366024 0.0356095 0.034515 0.0333294 0.0320639 0.0307302 0.0293403 0.0279062 0.0264402 0.0249543 0.02346 0.0219685 0.0204904 0.0190354 0.0176126 0.0162301 0.014895 0.0136133 0.0123903 0.0112299 0.0101353 0.00910853 0.00815078 0.00726237 0.00644284 0.00569102 0.00500513 0.00438289 0.00382158 0.00331815 0.00286933 0.00247168 0.00212171 0.00181594 0.00155098 0.00132357 0.00113067 0.000969489 0.000837524 0.000732606 0.000652924 0.000597045 0.000563934 
0.000633498 0.000645959 0.000683576 0.000747046 0.000837524 0.000956605 0.00110631 0.00128905 0.0015076 0.00176506 0.00206482 0.00241047 0.00280575 0.0032545 0.00376056 0.00432769 0.00495946 0.00565917 0.00642976 0.00727367 0.00819276 0.0091882 0.0102604 0.0114088 0.0126321 0.0139277 0.0152921 0.0167207 0.0182078 0.0197464 0.0213285 0.0229453 0.0245865 0.0262415 0.0278984 0.029545 0.0311684 0.0327556 0.0342931 0.0357676 0.0371661 0.0384756 0.039684 0.0407799 0.0417526 0.0425927 0.0432918 0.043843 0.0442408 0.044481 0.0445614 0.044481 0.0442408 0.043843 0.0432918 0.0425927 0.0417526 0.0407799 0.039684 0.0384756 0.0371661 0.0357676 0.0342931 0.0327556 0.0311684 0.029545 0.0278984 0.0262415 0.0245865 0.0229453 0.0213285 0.0197464 0.0182078 0.0167207 0.0152921 0.0139277 0.0126321 0.0114088 0.0102604 0.0091882 0.00819276 0.00727367 0.00642976 0.00565917 0.00495946 0.00432769 0.00376056 0.0032545 0.00280575 0.00241047 0.00206482 0.00176506 0.0015076 0.00128905 0.00110631 0.000956605 0.000837524 0.000747046 0.000683576 0.000645959 
0.00073491 0.000749243 0.000792507 0.000865489 0.000969489 0.00110631 0.00127822 0.00148793 0.00173858 0.00203363 0.00237688 0.00277234 0.00322421 0.00373674 0.0043142 0.00496074 0.0056803 0.0064765 0.00735252 0.00831097 0.00935383 0.0104822 0.0116965 0.0129959 0.0143787 0.015842 0.0173816 0.0189922 0.0206673 0.0223989 0.0241781 0.0259947 0.0278374 0.0296941 0.0315516 0.0333963 0.0352139 0.0369897 0.0387089 0.0403568 0.0419188 0.0433809 0.0447295 0.0459519 0.0470367 0.0479732 0.0487524 0.0493667 0.0498098 0.0500775 0.050167 0.0500775 0.0498098 0.0493667 0.0487524 0.0479732 0.0470367 0.0459519 0.0447295 0.0433809 0.0419188 0.0403568 0.0387089 0.0369897 0.0352139 0.0333963 0.0315516 0.0296941 0.0278374 0.0259947 0.0241781 0.0223989 0.0206673 0.0189922 0.0173816 0.015842 0.0143787 0.0129959 0.0116965 0.0104822 0.00935383 0.00831097 0.00735252 0.0064765 0.0056803 0.00496074 0.0043142 0.00373674 0.00322421 0.00277234 0.00237688 0.00203363 0.00173858 0.00148793 0.00127822 0.00110631 0.000969489 0.000865489 0.000792507 0.000749243 
0.000858944 0.000875555 0.000925686 0.00101023 0.00113067 0.00128905 0.00148793 0.00173041 0.00202001 0.00236067 0.00275666 0.00321249 0.00373289 0.00432262 0.00498645 0.005729 0.00655463 0.00746733 0.00847055 0.00956713 0.0107591 0.0120477 0.0134329 0.0149139 0.0164884 0.018153 0.0199029 0.0217318 0.0236321 0.025595 0.02761 0.0296657 0.0317493 0.033847 0.0359441 0.0380253 0.0400744 0.0420751 0.0440109 0.0458653 0.0476221 0.0492657 0.050781 0.0521541 0.0533721 0.0544233 0.0552977 0.0559868 0.0564839 0.0567841 0.0568845 0.0567841 0.0564839 0.0559868 0.0552977 0.0544233 0.0533721 0.0521541 0.050781 0.0492657 0.0476221 0.0458653 0.0440109 0.0420751 0.0400744 0.0380253 0.0359441 0.033847 0.0317493 0.0296657 0.02761 0.025595 0.0236321 0.0217318 0.0199029 0.018153 0.0164884 0.0149139 0.0134329 0.0120477 0.0107591 0.00956713 0.00847055 0.00746733 0.00655463 0.005729 0.00498645 0.00432262 0.00373289 0.00321249 0.00275666 0.00236067 0.00202001 0.00173041 0.00148793 0.00128905 0.00113067 0.00101023 0.000925686 0.000875555 
0.00100761 0.00102693 0.00108524 0.00118356 0.00132357 0.0015076 0.00173858 0.00202001 0.00235591 0.00275074 0.00320933 0.0037368 0.00433845 0.00501965 0.00578574 0.00664189 0.00759292 0.00864324 0.00979663 0.0110561 0.0124239 0.0139011 0.0154876 0.0171821 0.0189819 0.0208829 0.0228794 0.0249642 0.0271286 0.0293621 0.0316531 0.0339883 0.0363532 0.0387324 0.041109 0.0434659 0.0457848 0.0480474 0.0502353 0.05233 0.0543133 0.0561679 0.0578769 0.0594249 0.0607975 0.0619819 0.0629667 0.0637427 0.0643024 0.0646404 0.0647534 0.0646404 0.0643024 0.0637427 0.0629667 0.0619819 0.0607975 0.0594249 0.0578769 0.0561679 0.0543133 0.05233 0.0502353 0.0480474 0.0457848 0.0434659 0.041109 0.0387324 0.0363532 0.0339883 0.0316531 0.0293621 0.0271286 0.0249642 0.0228794 0.0208829 0.0189819 0.0171821 0.0154876 0.0139011 0.0124239 0.0110561 0.00979663 0.00864324 0.00759292 0.00664189 0.00578574 0.00501965 0.00433845 0.0037368 0.00320933 0.00275074 0.00235591 0.00202001 0.00173858 0.0015076 0.00132357 0.00118356 0.00108524 0.00102693 
0.00118316 0.00120567 0.00127357 0.00138803 0.00155098 0.00176506 0.00203363 0.00236067 0.00275074 0.00320891 0.00374066 0.00435177 0.00504823 0.00583609 0.00672133 0.00770972 0.00880663 0.0100169 0.0113447 0.0127933 0.0143649 0.0160605 0.0178799 0.0198214 0.0218816 0.0240555 0.0263366 0.0287164 0.0311847 0.0337297 0.0363379 0.0389943 0.0416823 0.0443842 0.0470813 0.0497539 0.0523817 0.054944 0.0574201 0.0597892 0.0620312 0.0641266 0.0660567 0.0678042 0.0693531 0.0706891 0.0717998 0.0726747 0.0733057 0.0736867 0.0738141 0.0736867 0.0733057 0.0726747 0.0717998 0.0706891 0.0693531 0.0678042 0.0660567 0.0641266 0.0620312 0.0597892 0.0574201 0.054944 0.0523817 0.0497539 0.0470813 0.0443842 0.0416823 0.0389943 0.0363379 0.0337297 0.0311847 0.0287164 0.0263366 0.0240555 0.0218816 0.0198214 0.0178799 0.0160605 0.0143649 0.0127933 0.0113447 0.0100169 0.00880663 0.00770972 0.00672133 0.00583609 0.00504823 0.00435177 0.00374066 0.00320891 0.00275074 0.00236067 0.00203363 0.00176506 0.00155098 0.00138803 0.00127357 0.00120567 
0.00138807 0.00141426 0.00149327 0.00162643 0.00181594 0.00206482 0.00237688 0.00275666 0.00320933 0.00374066 0.00435684 0.00506442 0.00587014 0.00678082 0.00780315 0.00894356 0.010208 0.0116019 0.0131296 0.0147948 0.0165996 0.0185451 0.0206306 0.0228539 0.0252109 0.0276958 0.0303008 0.033016 0.0358296 0.0387282 0.0416962 0.0447164 0.0477701 0.0508372 0.0538965 0.0569257 0.0599021 0.0628023 0.0656031 0.0682814 0.0708146 0.0731808 0.0753594 0.077331 0.079078 0.0805843 0.0818363 0.0828223 0.0835332 0.0839625 0.084106 0.0839625 0.0835332 0.0828223 0.0818363 0.0805843 0.079078 0.077331 0.0753594 0.0731808 0.0708146 0.0682814 0.0656031 0.0628023 0.0599021 0.0569257 0.0538965 0.0508372 0.0477701 0.0447164 0.0416962 0.0387282 0.0358296 0.033016 0.0303008 0.0276958 0.0252109 0.0228539 0.0206306 0.0185451 0.0165996 0.0147948 0.0131296 0.0116019 0.010208 0.00894356 0.00780315 0.00678082 0.00587014 0.00506442 0.00435684 0.00374066 0.00320933 0.00275666 0.00237688 0.00206482 0.00181594 0.00162643 0.00149327 0.00141426 
0.00162496 0.00165538 0.00174713 0.00190175 0.00212171 0.00241047 0.00277234 0.00321249 0.0037368 0.00435177 0.00506442 0.00588213 0.00681249 0.00786314 0.00904157 0.0103549 0.0118098 0.0134121 0.0151667 0.0170773 0.0191463 0.0213743 0.0237605 0.026302 0.0289938 0.0318291 0.0347985 0.0378909 0.0410925 0.0443879 0.0477592 0.051187 0.05465 0.0581254 0.0615892 0.0650165 0.0683815 0.0716583 0.0748208 0.0778431 0.0807 0.0833672 0.0858219 0.0880423 0.090009 0.0917042 0.0931128 0.094222 0.0950215 0.0955042 0.0956656 0.0955042 0.0950215 0.094222 0.0931128 0.0917042 0.090009 0.0880423 0.0858219 0.0833672 0.0807 0.0778431 0.0748208 0.0716583 0.0683815 0.0650165 0.0615892 0.0581254 0.05465 0.051187 0.0477592 0.0443879 0.0410925 0.0378909 0.0347985 0.0318291 0.0289938 0.026302 0.0237605 0.0213743 0.0191463 0.0170773 0.0151667 0.0134121 0.0118098 0.0103549 0.00904157 0.00786314 0.00681249 0.00588213 0.00506442 0.00435177 0.0037368 0.00321249 0.00277234 0.00241047 0.00212171 0.00190175 0.00174713 0.00165538 
0.00189661 0.00193184 0.00203809 0.0022171 0.00247168 0.00280575 0.00322421 0.00373289 0.00433845 0.00504823 0.00587014 0.00681249 0.00788378 0.00909257 0.0104472 0.0119556 0.013625 0.0154619 0.0174715 0.0196578 0.0220231 0.0245678 0.0272907 0.030188 0.0332538 0.0364801 0.0398559 0.0433683 0.0470016 0.0507379 0.054557 0.0584369 0.0623533 0.0662806 0.0701919 0.0740589 0.0778531 0.0815452 0.0851061 0.0885072 0.0917204 0.0947187 0.0974766 0.0999704 0.102178 0.104081 0.105661 0.106905 0.107802 0.108343 0.108524 0.108343 0.107802 0.106905 0.105661 0.104081 0.102178 0.0999704 0.0974766 0.0947187 0.0917204 0.0885072 0.0851061 0.0815452 0.0778531 0.0740589 0.0701919 0.0662806 0.0623533 0.0584369 0.054557 0.0507379 0.0470016 0.0433683 0.0398559 0.0364801 0.0332538 0.030188 0.0272907 0.0245678 0.0220231 0.0196578 0.0174715 0.0154619 0.013625 0.0119556 0.0104472 0.00909257 0.00788378 0.00681249 0.00587014 0.00504823 0.00433845 0.00373289 0.00322421 0.00280575 0.00247168 0.0022171 0.00203809 0.00193184 
0.00220588 0.00224653 0.00236916 0.00257569 0.00286933 0.0032545 0.00373674 0.00432262 0.00501965 0.00583609 0.00678082 0.00786314 0.00909257 0.0104786 0.0120306 0.0137571 0.0156664 0.0177652 0.0200593 0.0225527 0.0252477 0.0281445 0.0312412 0.0345332 0.0380135 0.0416724 0.0454975 0.0494737 0.053583 0.0578052 0.0621172 0.066494 0.0709084 0.0753316 0.0797331 0.0840817 0.0883452 0.0924912 0.0964873 0.100302 0.103903 0.107262 0.11035 0.113141 0.115611 0.117739 0.119506 0.120897 0.121899 0.122504 0.122707 0.122504 0.121899 0.120897 0.119506 0.117739 0.115611 0.113141 0.11035 0.107262 0.103903 0.100302 0.0964873 0.0924912 0.0883452 0.0840817 0.0797331 0.0753316 0.0709084 0.066494 0.0621172 0.0578052 0.053583 0.0494737 0.0454975 0.0416724 0.0380135 0.0345332 0.0312412 0.0281445 0.0252477 0.0225527 0.0200593 0.0177652 0.0156664 0.0137571 0.0120306 0.0104786 0.00909257 0.00786314 0.00678082 0.00583609 0.00501965 0.00432262 0.00373674 0.0032545 0.00286933 0.00257569 0.00236916 0.00224653 
0.00255564 0.00260238 0.00274335 0.00298074 0.00331815 0.00376056 0.0043142 0.00498645 0.00578574 0.00672133 0.00780315 0.00904157 0.0104472 0.0120306 0.0138019 0.0157709 0.0179462 0.0203353 0.0229443 0.0257774 0.0288367 0.0321221 0.0356308 0.0393573 0.0432933 0.0474275 0.0517454 0.0562298 0.0608602 0.0656134 0.0704636 0.0753824 0.0803393 0.085302 0.0902365 0.0951079 0.0998805 0.104518 0.108986 0.113247 0.117268 0.121016 0.124461 0.127573 0.130326 0.132696 0.134664 0.136213 0.137329 0.138002 0.138227 0.138002 0.137329 0.136213 0.134664 0.132696 0.130326 0.127573 0.124461 0.121016 0.117268 0.113247 0.108986 0.104518 0.0998805 0.0951079 0.0902365 0.085302 0.0803393 0.0753824 0.0704636 0.0656134 0.0608602 0.0562298 0.0517454 0.0474275 0.0432933 0.0393573 0.0356308 0.0321221 0.0288367 0.0257774 0.0229443 0.0203353 0.0179462 0.0157709 0.0138019 0.0120306 0.0104472 0.00904157 0.00780315 0.00672133 0.00578574 0.00498645 0.0043142 0.00376056 0.00331815 0.00298074 0.00274335 0.00260238 
0.00294874 0.00300227 0.00316368 0.00343544 0.00382158 0.00432769 0.00496074 0.005729 0.00664189 0.00770972 0.00894356 0.0103549 0.0119556 0.0137571 0.0157709 0.0180073 0.0204759 0.0231847 0.0261401 0.0293463 0.0328053 0.0365164 0.0404761 0.0446777 0.0491112 0.0537637 0.0586184 0.0636556 0.0688521 0.0741817 0.0796151 0.0851206 0.0906641 0.0962094 0.101719 0.107154 0.112474 0.117641 0.122614 0.127355 0.131826 0.135992 0.139818 0.143272 0.146328 0.148958 0.15114 0.152857 0.154094 0.154841 0.15509 0.154841 0.154094 0.152857 0.15114 0.148958 0.146328 0.143272 0.139818 0.135992 0.131826 0.127355 0.122614 0.117641 0.112474 0.107154 0.101719 0.0962094 0.0906641 0.0851206 0.0796151 0.0741817 0.0688521 0.0636556 0.0586184 0.0537637 0.0491112 0.0446777 0.0404761 0.0365164 0.0328053 0.0293463 0.0261401 0.0231847 0.0204759 0.0180073 0.0157709 0.0137571 0.0119556 0.0103549 0.00894356 0.00770972 0.00664189 0.005729 0.00496074 0.00432769 0.00382158 0.00343544 0.00316368 0.00300227 
0.00338793 0.00344897 0.00363302 0.00394282 0.00438289 0.00495946 0.0056803 0.00655463 0.00759292 0.00880663 0.010208 0.0118098 0.013625 0.0156664 0.0179462 0.0204759 0.0232657 0.0263242 0.0296581 0.0332716 0.0371664 0.0413411 0.0457911 0.0505086 0.0554818 0.0606957 0.0661312 0.0717657 0.077573 0.0835236 0.0895848 0.095721 0.101894 0.108064 0.114189 0.120227 0.126133 0.131864 0.137376 0.142628 0.147578 0.152187 0.156418 0.160237 0.163612 0.166517 0.168927 0.170823 0.172188 0.173012 0.173288 0.173012 0.172188 0.170823 0.168927 0.166517 0.163612 0.160237 0.156418 0.152187 0.147578 0.142628 0.137376 0.131864 0.126133 0.120227 0.114189 0.108064 0.101894 0.095721 0.0895848 0.0835236 0.077573 0.0717657 0.0661312 0.0606957 0.0554818 0.0505086 0.0457911 0.0413411 0.0371664 0.0332716 0.0296581 0.0263242 0.0232657 0.0204759 0.0179462 0.0156664 0.013625 0.0118098 0.010208 0.00880663 0.00759292 0.00655463 0.0056803 0.00495946 0.00438289 0.00394282 0.00363302 0.00344897 
0.00387579 0.0039451 0.00415406 0.00450573 0.00500513 0.00565917 0.0064765 0.00746733 0.00864324 0.0100169 0.0116019 0.0134121 0.0154619 0.0177652 0.0203353 0.0231847 0.0263242 0.0297631 0.033508 0.0375633 0.0419301 0.0466064 0.0515864 0.0568605 0.0624154 0.0682335 0.0742932 0.0805688 0.0870309 0.0936464 0.100379 0.107188 0.114033 0.120868 0.127648 0.134325 0.140852 0.147181 0.153264 0.159056 0.164512 0.169589 0.174247 0.178449 0.182162 0.185356 0.188005 0.190088 0.191588 0.192493 0.192796 0.192493 0.191588 0.190088 0.188005 0.185356 0.182162 0.178449 0.174247 0.169589 0.164512 0.159056 0.153264 0.147181 0.140852 0.134325 0.127648 0.120868 0.114033 0.107188 0.100379 0.0936464 0.0870309 0.0805688 0.0742932 0.0682335 0.0624154 0.0568605 0.0515864 0.0466064 0.0419301 0.0375633 0.033508 0.0297631 0.0263242 0.0231847 0.0203353 0.0177652 0.0154619 0.0134121 0.0116019 0.0100169 0.00864324 0.00746733 0.0064765 0.00565917 0.00500513 0.00450573 0.00415406 0.0039451 
0.00441464 0.00449301 0.00472924 0.00512672 0.00569102 0.00642976 0.00735252 0.00847055 0.00979663 0.0113447 0.0131296 0.0151667 0.0174715 0.0200593 0.0229443 0.0261401 0.0296581 0.033508 0.0376968 0.0422284 0.0471036 0.0523192 0.0578683 0.0637396 0.0699175 0.0763819 0.0831082 0.0900677 0.0972271 0.10455 0.111995 0.119518 0.127074 0.134612 0.142084 0.149436 0.156617 0.163575 0.170259 0.176617 0.182603 0.18817 0.193275 0.197878 0.201943 0.205439 0.208338 0.210617 0.212257 0.213247 0.213578 0.213247 0.212257 0.210617 0.208338 0.205439 0.201943 0.197878 0.193275 0.18817 0.182603 0.176617 0.170259 0.163575 0.156617 0.149436 0.142084 0.134612 0.127074 0.119518 0.111995 0.10455 0.0972271 0.0900677 0.0831082 0.0763819 0.0699175 0.0637396 0.0578683 0.0523192 0.0471036 0.0422284 0.0376968 0.033508 0.0296581 0.0261401 0.0229443 0.0200593 0.0174715 0.0151667 0.0131296 0.0113447 0.00979663 0.00847055 0.00735252 0.00642976 0.00569102 0.00512672 0.00472924 0.00449301 
0.00500651 0.00509472 0.00536063 0.00580796 0.00644284 0.00727367 0.00831097 0.00956713 0.0110561 0.0127933 0.0147948 0.0170773 0.0196578 0.0225527 0.0257774 0.0293463 0.0332716 0.0375633 0.0422284 0.0472706 0.05269 0.0584823 0.064639 0.0711468 0.0779879 0.0851393 0.0925734 0.100258 0.108155 0.116225 0.124422 0.132698 0.141002 0.149279 0.157476 0.165536 0.173401 0.181017 0.188326 0.195276 0.201813 0.207889 0.213459 0.218478 0.222909 0.226718 0.229875 0.232356 0.234142 0.235219 0.235579 0.235219 0.234142 0.232356 0.229875 0.226718 0.222909 0.218478 0.213459 0.207889 0.201813 0.195276 0.188326 0.181017 0.173401 0.165536 0.157476 0.149279 0.141002 0.132698 0.124422 0.116225 0.108155 0.100258 0.0925734 0.0851393 0.0779879 0.0711468 0.064639 0.0584823 0.05269 0.0472706 0.0422284 0.0375633 0.0332716 0.0293463 0.0257774 0.0225527 0.0196578 0.0170773 0.0147948 0.0127933 0.0110561 0.00956713 0.00831097 0.00727367 0.00644284 0.00580796 0.00536063 0.00509472 
0.00565298 0.00575187 0.00604989 0.00655116 0.00726237 0.00819276 0.00935383 0.0107591 0.0124239 0.0143649 0.0165996 0.0191463 0.0220231 0.0252477 0.0288367 0.0328053 0.0371664 0.0419301 0.0471036 0.05269 0.0586885 0.0650936 0.0718952 0.0790777 0.0866206 0.094498 0.102679 0.111127 0.119801 0.128655 0.137641 0.146705 0.15579 0.16484 0.173793 0.182588 0.191165 0.199463 0.207421 0.214982 0.22209 0.228692 0.23474 0.240188 0.244995 0.249126 0.252549 0.255238 0.257173 0.25834 0.25873 0.25834 0.257173 0.255238 0.252549 0.249126 0.244995 0.240188 0.23474 0.228692 0.22209 0.214982 0.207421 0.199463 0.191165 0.182588 0.173793 0.16484 0.15579 0.146705 0.137641 0.128655 0.119801 0.111127 0.102679 0.094498 0.0866206 0.0790777 0.0718952 0.0650936 0.0586885 0.05269 0.0471036 0.0419301 0.0371664 0.0328053 0.0288367 0.0252477 0.0220231 0.0191463 0.0165996 0.0143649 0.0124239 0.0107591 0.00935383 0.00819276 0.00726237 0.00655116 0.00604989 0.00575187 
0.0063552 0.00646557 0.00679816 0.00735745 0.00815078 0.0091882 0.0104822 0.0120477 0.0139011 0.0160605 0.0185451 0.0213743 0.0245678 0.0281445 0.0321221 0.0365164 0.0413411 0.0466064 0.0523192 0.0584823 0.0650936 0.0721464 0.0796284 0.0875218 0.095803 0.104443 0.113407 0.122654 0.13214 0.141814 0.151621 0.161505 0.171403 0.181253 0.190988 0.200545 0.209856 0.218857 0.227483 0.235672 0.243365 0.250507 0.257046 0.262932 0.268124 0.272583 0.276277 0.279178 0.281266 0.282524 0.282945 0.282524 0.281266 0.279178 0.276277 0.272583 0.268124 0.262932 0.257046 0.250507 0.243365 0.235672 0.227483 0.218857 0.209856 0.200545 0.190988 0.181253 0.171403 0.161505 0.151621 0.141814 0.13214 0.122654 0.113407 0.104443 0.095803 0.0875218 0.0796284 0.0721464 0.0650936 0.0584823 0.0523192 0.0466064 0.0413411 0.0365164 0.0321221 0.0281445 0.0245678 0.0213743 0.0185451 0.0160605 0.0139011 0.0120477 0.0104822 0.0091882 0.00815078 0.00735745 0.00679816 0.00646557 
0.00711374 0.00723639 0.00760598 0.00822737 0.00910853 0.0102604 0.0116965 0.0134329 0.0154876 0.0178799 0.0206306 0.0237605 0.0272907 0.0312412 0.0356308 0.0404761 0.0457911 0.0515864 0.0578683 0.064639 0.0718952 0.0796284 0.0878242 0.0964621 0.105516 0.114952 0.124732 0.134812 0.145141 0.155665 0.166324 0.177055 0.187791 0.198466 0.209007 0.219345 0.229409 0.239129 0.248438 0.257269 0.265559 0.27325 0.280287 0.286619 0.292201 0.296993 0.300961 0.304077 0.306318 0.30767 0.308121 0.30767 0.306318 0.304077 0.300961 0.296993 0.292201 0.286619 0.280287 0.27325 0.265559 0.257269 0.248438 0.239129 0.229409 0.219345 0.209007 0.198466 0.187791 0.177055 0.166324 0.155665 0.145141 0.134812 0.124732 0.114952 0.105516 0.0964621 0.0878242 0.0796284 0.0718952 0.064639 0.0578683 0.0515864 0.0457911 0.0404761 0.0356308 0.0312412 0.0272907 0.0237605 0.0206306 0.0178799 0.0154876 0.0134329 0.0116965 0.0102604 0.00910853 0.00822737 0.00760598 0.00723639 
0.00792855 0.00806428 0.00847325 0.00916072 0.0101353 0.0114088 0.0129959 0.0149139 0.0171821 0.0198214 0.0228539 0.026302 0.030188 0.0345332 0.0393573 0.0446777 0.0505086 0.0568605 0.0637396 0.0711468 0.0790777 0.0875218 0.0964621 0.105876 0.115732 0.125995 0.136621 0.147562 0.158763 0.170163 0.181698 0.1933 0.204897 0.216415 0.22778 0.238916 0.249747 0.260199 0.2702 0.279681 0.288576 0.296822 0.304361 0.311142 0.317117 0.322244 0.326488 0.32982 0.332216 0.33366 0.334143 0.33366 0.332216 0.32982 0.326488 0.322244 0.317117 0.311142 0.304361 0.296822 0.288576 0.279681 0.2702 0.260199 0.249747 0.238916 0.22778 0.216415 0.204897 0.1933 0.181698 0.170163 0.158763 0.147562 0.136621 0.125995 0.115732 0.105876 0.0964621 0.0875218 0.0790777 0.0711468 0.0637396 0.0568605 0.0505086 0.0446777 0.0393573 0.0345332 0.030188 0.026302 0.0228539 0.0198214 0.0171821 0.0149139 0.0129959 0.0114088 0.0101353 0.00916072 0.00847325 0.00806428 
0.00879889 0.00894847 0.00939912 0.0101565 0.0112299 0.0126321 0.0143787 0.0164884 0.0189819 0.0218816 0.0252109 0.0289938 0.0332538 0.0380135 0.0432933 0.0491112 0.0554818 0.0624154 0.0699175 0.0779879 0.0866206 0.095803 0.105516 0.115732 0.126418 0.137535 0.149033 0.160859 0.172955 0.185253 0.197684 0.210175 0.222649 0.235027 0.247228 0.259172 0.270779 0.28197 0.29267 0.302806 0.312307 0.32111 0.329154 0.336384 0.342751 0.348213 0.352732 0.356279 0.358829 0.360366 0.36088 0.360366 0.358829 0.356279 0.352732 0.348213 0.342751 0.336384 0.329154 0.32111 0.312307 0.302806 0.29267 0.28197 0.270779 0.259172 0.247228 0.235027 0.222649 0.210175 0.197684 0.185253 0.172955 0.160859 0.149033 0.137535 0.126418 0.115732 0.105516 0.095803 0.0866206 0.0779879 0.0699175 0.0624154 0.0554818 0.0491112 0.0432933 0.0380135 0.0332538 0.0289938 0.0252109 0.0218816 0.0189819 0.0164884 0.0143787 0.0126321 0.0112299 0.0101565 0.00939912 0.00894847 
0.00972327 0.00988743 0.0103819 0.0112129 0.0123903 0.0139277 0.015842 0.018153 0.0208829 0.0240555 0.0276958 0.0318291 0.0364801 0.0416724 0.0474275 0.0537637 0.0606957 0.0682335 0.0763819 0.0851393 0.094498 0.104443 0.114952 0.125995 0.137535 0.149526 0.161917 0.17465 0.187658 0.200871 0.214214 0.227608 0.240969 0.254215 0.26726 0.280018 0.292405 0.304338 0.315738 0.326528 0.336635 0.345992 0.354537 0.362214 0.368971 0.374764 0.379555 0.383315 0.386017 0.387646 0.38819 0.387646 0.386017 0.383315 0.379555 0.374764 0.368971 0.362214 0.354537 0.345992 0.336635 0.326528 0.315738 0.304338 0.292405 0.280018 0.26726 0.254215 0.240969 0.227608 0.214214 0.200871 0.187658 0.17465 0.161917 0.149526 0.137535 0.125995 0.114952 0.104443 0.094498 0.0851393 0.0763819 0.0682335 0.0606957 0.0537637 0.0474275 0.0416724 0.0364801 0.0318291 0.0276958 0.0240555 0.0208829 0.018153 0.015842 0.0139277 0.0123903 0.0112129 0.0103819 0.00988743 
0.0106994 0.0108788 0.0114193 0.0123272 0.0136133 0.0152921 0.0173816 0.0199029 0.0228794 0.0263366 0.0303008 0.0347985 0.0398559 0.0454975 0.0517454 0.0586184 0.0661312 0.0742932 0.0831082 0.0925734 0.102679 0.113407 0.124732 0.136621 0.149033 0.161917 0.175218 0.188871 0.202805 0.216945 0.231209 0.245513 0.259768 0.273887 0.287777 0.301349 0.314515 0.327187 0.339282 0.350721 0.361429 0.371335 0.380375 0.388491 0.395631 0.40175 0.406809 0.410777 0.413629 0.415347 0.415921 0.415347 0.413629 0.410777 0.406809 0.40175 0.395631 0.388491 0.380375 0.371335 0.361429 0.350721 0.339282 0.327187 0.314515 0.301349 0.287777 0.273887 0.259768 0.245513 0.231209 0.216945 0.202805 0.188871 0.175218 0.161917 0.149033 0.136621 0.124732 0.113407 0.102679 0.0925734 0.0831082 0.0742932 0.0661312 0.0586184 0.0517454 0.0454975 0.0398559 0.0347985 0.0303008 0.0263366 0.0228794 0.0199029 0.0173816 0.0152921 0.0136133 0.0123272 0.0114193 0.0108788 
0.0117243 0.0119195 0.0125077 0.0134958 0.014895 0.0167207 0.0189922 0.0217318 0.0249642 0.0287164 0.033016 0.0378909 0.0433683 0.0494737 0.0562298 0.0636556 0.0717657 0.0805688 0.0900677 0.100258 0.111127 0.122654 0.134812 0.147562 0.160859 0.17465 0.188871 0.203453 0.218321 0.233393 0.248583 0.263799 0.278949 0.293938 0.30867 0.323052 0.336989 0.350393 0.363175 0.375254 0.386552 0.396996 0.406521 0.415067 0.422582 0.429019 0.434339 0.43851 0.441507 0.443312 0.443915 0.443312 0.441507 0.43851 0.434339 0.429019 0.422582 0.415067 0.406521 0.396996 0.386552 0.375254 0.363175 0.350393 0.336989 0.323052 0.30867 0.293938 0.278949 0.263799 0.248583 0.233393 0.218321 0.203453 0.188871 0.17465 0.160859 0.147562 0.134812 0.122654 0.111127 0.100258 0.0900677 0.0805688 0.0717657 0.0636556 0.0562298 0.0494737 0.0433683 0.0378909 0.033016 0.0287164 0.0249642 0.0217318 0.0189922 0.0167207 0.014895 0.0134958 0.0125077 0.0119195 
0.0127938 0.0130055 0.0136431 0.014714 0.0162301 0.0182078 0.0206673 0.0236321 0.0271286 0.0311847 0.0358296 0.0410925 0.0470016 0.053583 0.0608602 0.0688521 0.077573 0.0870309 0.0972271 0.108155 0.119801 0.13214 0.145141 0.158763 0.172955 0.187658 0.202805 0.218321 0.234126 0.25013 0.266243 0.282368 0.298406 0.314258 0.329824 0.345005 0.359703 0.373825 0.387281 0.399986 0.411859 0.422828 0.432825 0.441789 0.449666 0.456411 0.461982 0.466349 0.469486 0.471376 0.472007 0.471376 0.469486 0.466349 0.461982 0.456411 0.449666 0.441789 0.432825 0.422828 0.411859 0.399986 0.387281 0.373825 0.359703 0.345005 0.329824 0.314258 0.298406 0.282368 0.266243 0.25013 0.234126 0.218321 0.202805 0.187658 0.172955 0.158763 0.145141 0.13214 0.119801 0.108155 0.0972271 0.0870309 0.077573 0.0688521 0.0608602 0.053583 0.0470016 0.0410925 0.0358296 0.0311847 0.0271286 0.0236321 0.0206673 0.0182078 0.0162301 0.014714 0.0136431 0.0130055 
0.0139032 0.0141319 0.0148203 0.0159764 0.0176126 0.0197464 0.0223989 0.025595 0.0293621 0.0337297 0.0387282 0.0443879 0.0507379 0.0578052 0.0656134 0.0741817 0.0835236 0.0936464 0.10455 0.116225 0.128655 0.141814 0.155665 0.170163 0.185253 0.200871 0.216945 0.233393 0.25013 0.267062 0.284091 0.301115 0.318031 0.334733 0.351118 0.367082 0.382524 0.397347 0.411459 0.424772 0.437204 0.44868 0.459131 0.468497 0.476723 0.483763 0.489576 0.494131 0.497402 0.499371 0.500029 0.499371 0.497402 0.494131 0.489576 0.483763 0.476723 0.468497 0.459131 0.44868 0.437204 0.424772 0.411459 0.397347 0.382524 0.367082 0.351118 0.334733 0.318031 0.301115 0.284091 0.267062 0.25013 0.233393 0.216945 0.200871 0.185253 0.170163 0.155665 0.141814 0.128655 0.116225 0.10455 0.0936464 0.0835236 0.0741817 0.0656134 0.0578052 0.0507379 0.0443879 0.0387282 0.0337297 0.0293621 0.025595 0.0223989 0.0197464 0.0176126 0.0159764 0.0148203 0.0141319 
0.015047 0.0152929 0.0160333 0.0172764 0.0190354 0.0213285 0.0241781 0.02761 0.0316531 0.0363379 0.0416962 0.0477592 0.054557 0.0621172 0.0704636 0.0796151 0.0895848 0.100379 0.111995 0.124422 0.137641 0.151621 0.166324 0.181698 0.197684 0.214214 0.231209 0.248583 0.266243 0.284091 0.302022 0.319931 0.337708 0.355243 0.372428 0.389154 0.405319 0.420822 0.435567 0.449466 0.462434 0.474397 0.485284 0.495034 0.503593 0.510913 0.516955 0.521688 0.525086 0.527131 0.527815 0.527131 0.525086 0.521688 0.516955 0.510913 0.503593 0.495034 0.485284 0.474397 0.462434 0.449466 0.435567 0.420822 0.405319 0.389154 0.372428 0.355243 0.337708 0.319931 0.302022 0.284091 0.266243 0.248583 0.231209 0.214214 0.197684 0.181698 0.166324 0.151621 0.137641 0.124422 0.111995 0.100379 0.0895848 0.0796151 0.0704636 0.0621172 0.054557 0.0477592 0.0416962 0.0363379 0.0316531 0.02761 0.0241781 0.0213285 0.0190354 0.0172764 0.0160333 0.0152929 
0.0162185 0.0164819 0.0172751 0.0186066 0.0204904 0.0229453 0.0259947 0.0296657 0.0339883 0.0389943 0.0447164 0.051187 0.0584369 0.066494 0.0753824 0.0851206 0.095721 0.107188 0.119518 0.132698 0.146705 0.161505 0.177055 0.1933 0.210175 0.227608 0.245513 0.263799 0.282368 0.301115 0.319931 0.338704 0.35732 0.375665 0.393625 0.41109 0.427952 0.444108 0.459461 0.47392 0.487401 0.499827 0.511127 0.521241 0.530114 0.537699 0.543957 0.548857 0.552374 0.554491 0.555198 0.554491 0.552374 0.548857 0.543957 0.537699 0.530114 0.521241 0.511127 0.499827 0.487401 0.47392 0.459461 0.444108 0.427952 0.41109 0.393625 0.375665 0.35732 0.338704 0.319931 0.301115 0.282368 0.263799 0.245513 0.227608 0.210175 0.1933 0.177055 0.161505 0.146705 0.132698 0.119518 0.107188 0.095721 0.0851206 0.0753824 0.066494 0.0584369 0.051187 0.0447164 0.0389943 0.0339883 0.0296657 0.0259947 0.0229453 0.0204904 0.0186066 0.0172751 0.0164819 
0.0174106 0.0176918 0.0185383 0.019959 0.0219685 0.0245865 0.0278374 0.0317493 0.0363532 0.0416823 0.0477701 0.05465 0.0623533 0.0709084 0.0803393 0.0906641 0.101894 0.114033 0.127074 0.141002 0.15579 0.171403 0.187791 0.204897 0.222649 0.240969 0.259768 0.278949 0.298406 0.318031 0.337708 0.35732 0.376749 0.395876 0.414583 0.432756 0.450286 0.467066 0.482998 0.49799 0.511956 0.524819 0.536509 0.546964 0.556131 0.563963 0.570423 0.575479 0.579107 0.581291 0.58202 0.581291 0.579107 0.575479 0.570423 0.563963 0.556131 0.546964 0.536509 0.524819 0.511956 0.49799 0.482998 0.467066 0.450286 0.432756 0.414583 0.395876 0.376749 0.35732 0.337708 0.318031 0.298406 0.278949 0.259768 0.240969 0.222649 0.204897 0.187791 0.171403 0.15579 0.141002 0.127074 0.114033 0.101894 0.0906641 0.0803393 0.0709084 0.0623533 0.05465 0.0477701 0.0416823 0.0363532 0.0317493 0.0278374 0.0245865 0.0219685 0.019959 0.0185383 0.0176918 
0.0186153 0.0189143 0.0198142 0.0213244 0.02346 0.0262415 0.0296941 0.033847 0.0387324 0.0443842 0.0508372 0.0581254 0.0662806 0.0753316 0.085302 0.0962094 0.108064 0.120868 0.134612 0.149279 0.16484 0.181253 0.198466 0.216415 0.235027 0.254215 0.273887 0.293938 0.314258 0.334733 0.355243 0.375665 0.395876 0.415752 0.435174 0.454024 0.472188 0.48956 0.50604 0.521533 0.535955 0.549227 0.56128 0.572053 0.581493 0.589555 0.596201 0.601401 0.605131 0.607376 0.608125 0.607376 0.605131 0.601401 0.596201 0.589555 0.581493 0.572053 0.56128 0.549227 0.535955 0.521533 0.50604 0.48956 0.472188 0.454024 0.435174 0.415752 0.395876 0.375665 0.355243 0.334733 0.314258 0.293938 0.273887 0.254215 0.235027 0.216415 0.198466 0.181253 0.16484 0.149279 0.134612 0.120868 0.108064 0.0962094 0.085302 0.0753316 0.0662806 0.0581254 0.0508372 0.0443842 0.0387324 0.033847 0.0296941 0.0262415 0.02346 0.0213244 0.0198142 0.0189143 
0.0198242 0.0201408 0.021094 0.0226932 0.0249543 0.0278984 0.0315516 0.0359441 0.041109 0.0470813 0.0538965 0.0615892 0.0701919 0.0797331 0.0902365 0.101719 0.114189 0.127648 0.142084 0.157476 0.173793 0.190988 0.209007 0.22778 0.247228 0.26726 0.287777 0.30867 0.329824 0.351118 0.372428 0.393625 0.414583 0.435174 0.455275 0.474765 0.493529 0.511458 0.52845 0.544412 0.559258 0.57291 0.5853 0.596367 0.606058 0.61433 0.621147 0.626478 0.630302 0.632602 0.63337 0.632602 0.630302 0.626478 0.621147 0.61433 0.606058 0.596367 0.5853 0.57291 0.559258 0.544412 0.52845 0.511458 0.493529 0.474765 0.455275 0.435174 0.414583 0.393625 0.372428 0.351118 0.329824 0.30867 0.287777 0.26726 0.247228 0.22778 0.209007 0.190988 0.173793 0.157476 0.142084 0.127648 0.114189 0.101719 0.0902365 0.0797331 0.0701919 0.0615892 0.0538965 0.0470813 0.041109 0.0359441 0.0315516 0.0278984 0.0249543 0.0226932 0.021094 0.0201408 
0.021028 0.0213621 0.0223679 0.0240552 0.0264402 0.029545 0.0333963 0.0380253 0.0434659 0.0497539 0.0569257 0.0650165 0.0740589 0.0840817 0.0951079 0.107154 0.120227 0.134325 0.149436 0.165536 0.182588 0.200545 0.219345 0.238916 0.259172 0.280018 0.301349 0.323052 0.345005 0.367082 0.389154 0.41109 0.432756 0.454024 0.474765 0.494856 0.514182 0.532631 0.550101 0.566498 0.581736 0.595738 0.608436 0.619771 0.629692 0.638155 0.645126 0.650576 0.654484 0.656835 0.65762 0.656835 0.654484 0.650576 0.645126 0.638155 0.629692 0.619771 0.608436 0.595738 0.581736 0.566498 0.550101 0.532631 0.514182 0.494856 0.474765 0.454024 0.432756 0.41109 0.389154 0.367082 0.345005 0.323052 0.301349 0.280018 0.259172 0.238916 0.219345 0.200545 0.182588 0.165536 0.149436 0.134325 0.120227 0.107154 0.0951079 0.0840817 0.0740589 0.0650165 0.0569257 0.0497539 0.0434659 0.0380253 0.0333963 0.029545 0.0264402 0.0240552 0.0223679 0.0213621 
0.0222172 0.0225685 0.0236259 0.0253996 0.0279062 0.0311684 0.0352139 0.0400744 0.0457848 0.0523817 0.0599021 0.0683815 0.0778531 0.0883452 0.0998805 0.112474 0.126133 0.140852 0.156617 0.173401 0.191165 0.209856 0.229409 0.249747 0.270779 0.292405 0.314515 0.336989 0.359703 0.382524 0.405319 0.427952 0.450286 0.472188 0.493529 0.514182 0.53403 0.552961 0.570872 0.587669 0.603266 0.617587 0.630565 0.642143 0.652271 0.660906 0.668015 0.673572 0.677555 0.679951 0.68075 0.679951 0.677555 0.673572 0.668015 0.660906 0.652271 0.642143 0.630565 0.617587 0.603266 0.587669 0.570872 0.552961 0.53403 0.514182 0.493529 0.472188 0.450286 0.427952 0.405319 0.382524 0.359703 0.336989 0.314515 0.292405 0.270779 0.249747 0.229409 0.209856 0.191165 0.173401 0.156617 0.140852 0.126133 0.112474 0.0998805 0.0883452 0.0778531 0.0683815 0.0599021 0.0523817 0.0457848 0.0400744 0.0352139 0.0311684 0.0279062 0.0253996 0.0236259 0.0225685 
0.023382 0.02375 0.0248576 0.0267153 0.0293403 0.0327556 0.0369897 0.0420751 0.0480474 0.054944 0.0628023 0.0716583 0.0815452 0.0924912 0.104518 0.117641 0.131864 0.147181 0.163575 0.181017 0.199463 0.218857 0.239129 0.260199 0.28197 0.304338 0.327187 0.350393 0.373825 0.397347 0.420822 0.444108 0.467066 0.48956 0.511458 0.532631 0.552961 0.572335 0.590649 0.60781 0.623734 0.638344 0.651575 0.66337 0.673682 0.682471 0.689703 0.695354 0.699403 0.701838 0.702651 0.701838 0.699403 0.695354 0.689703 0.682471 0.673682 0.66337 0.651575 0.638344 0.623734 0.60781 0.590649 0.572335 0.552961 0.532631 0.511458 0.48956 0.467066 0.444108 0.420822 0.397347 0.373825 0.350393 0.327187 0.304338 0.28197 0.260199 0.239129 0.218857 0.199463 0.181017 0.163575 0.147181 0.131864 0.117641 0.104518 0.0924912 0.0815452 0.0716583 0.0628023 0.054944 0.0480474 0.0420751 0.0369897 0.0327556 0.0293403 0.0267153 0.0248576 0.02375 
0.0245123 0.0248965 0.0260525 0.0279913 0.0307302 0.0342931 0.0387089 0.0440109 0.0502353 0.0574201 0.0656031 0.0748208 0.0851061 0.0964873 0.108986 0.122614 0.137376 0.153264 0.170259 0.188326 0.207421 0.227483 0.248438 0.2702 0.29267 0.315738 0.339282 0.363175 0.387281 0.411459 0.435567 0.459461 0.482998 0.50604 0.52845 0.550101 0.570872 0.590649 0.60933 0.626821 0.643037 0.657906 0.671362 0.683351 0.693826 0.702749 0.710089 0.715822 0.719929 0.722399 0.723223 0.722399 0.719929 0.715822 0.710089 0.702749 0.693826 0.683351 0.671362 0.657906 0.643037 0.626821 0.60933 0.590649 0.570872 0.550101 0.52845 0.50604 0.482998 0.459461 0.435567 0.411459 0.387281 0.363175 0.339282 0.315738 0.29267 0.2702 0.248438 0.227483 0.207421 0.188326 0.170259 0.153264 0.137376 0.122614 0.108986 0.0964873 0.0851061 0.0748208 0.0656031 0.0574201 0.0502353 0.0440109 0.0387089 0.0342931 0.0307302 0.0279913 0.0260525 0.0248965 
0.0255982 0.0259977 0.0272 0.0292161 0.0320639 0.0357676 0.0403568 0.0458653 0.05233 0.0597892 0.0682814 0.0778431 0.0885072 0.100302 0.113247 0.127355 0.142628 0.159056 0.176617 0.195276 0.214982 0.235672 0.257269 0.279681 0.302806 0.326528 0.350721 0.375254 0.399986 0.424772 0.449466 0.47392 0.49799 0.521533 0.544412 0.566498 0.587669 0.60781 0.626821 0.644606 0.661084 0.676182 0.689837 0.701995 0.712613 0.721654 0.729087 0.734891 0.739048 0.741547 0.742381 0.741547 0.739048 0.734891 0.729087 0.721654 0.712613 0.701995 0.689837 0.676182 0.661084 0.644606 0.626821 0.60781 0.587669 0.566498 0.544412 0.521533 0.49799 0.47392 0.449466 0.424772 0.399986 0.375254 0.350721 0.326528 0.302806 0.279681 0.257269 0.235672 0.214982 0.195276 0.176617 0.159056 0.142628 0.127355 0.113247 0.100302 0.0885072 0.0778431 0.0682814 0.0597892 0.05233 0.0458653 0.0403568 0.0357676 0.0320639 0.0292161 0.0272 0.0259977 
0.0266295 0.0270436 0.0282896 0.0303788 0.0333294 0.0371661 0.0419188 0.0476221 0.0543133 0.0620312 0.0708146 0.0807 0.0917204 0.103903 0.117268 0.131826 0.147578 0.164512 0.182603 0.201813 0.22209 0.243365 0.265559 0.288576 0.312307 0.336635 0.361429 0.386552 0.411859 0.437204 0.462434 0.487401 0.511956 0.535955 0.559258 0.581736 0.603266 0.623734 0.643037 0.661084 0.677793 0.693092 0.70692 0.719226 0.729967 0.739109 0.746622 0.752486 0.756686 0.75921 0.760052 0.75921 0.756686 0.752486 0.746622 0.739109 0.729967 0.719226 0.70692 0.693092 0.677793 0.661084 0.643037 0.623734 0.603266 0.581736 0.559258 0.535955 0.511956 0.487401 0.462434 0.437204 0.411859 0.386552 0.361429 0.336635 0.312307 0.288576 0.265559 0.243365 0.22209 0.201813 0.182603 0.164512 0.147578 0.131826 0.117268 0.103903 0.0917204 0.0807 0.0708146 0.0620312 0.0543133 0.0476221 0.0419188 0.0371661 0.0333294 0.0303788 0.0282896 0.0270436 
