0.0032807 0.00331328 0.00341121 0.003575 0.00380548 0.00410379 0.00447135 0.0049098 0.00542095 0.00600674 0.00666916 0.0074102 0.00823175 0.00913553 0.010123 0.0111954 0.0123534 0.0135973 0.0149268 0.0163408 0.0178378 0.0194154 0.0210702 0.0227983 0.0245946 0.0264533 0.0283677 0.0303301 0.0323319 0.034364 0.0364163 0.0384779 0.0405376 0.0425834 0.044603 0.0465839 0.0485133 0.0503785 0.0521666 0.0538654 0.0554626 0.0569466 0.0583066 0.0595324 0.0606146 0.061545 0.0623164 0.0629227 0.0633592 0.0636225 0.0637105 0.0636225 0.0633592 0.0629227 0.0623164 0.061545 0.0606146 0.0595324 0.0583066 0.0569466 0.0554626 0.0538654 0.0521666 0.0503785 0.0485133 0.0465839 0.044603 0.0425834 0.0405376 0.0384779 0.0364163 0.034364 0.0323319 0.0303301 0.0283677 0.0264533 0.0245946 0.0227983 0.0210702 0.0194154 0.0178378 0.0163408 0.0149268 0.0135973 0.0123534 0.0111954 0.010123 0.00913553 0.00823175 0.0074102 0.00666916 0.00600674 0.00542095 0.0049098 0.00447135 0.00410379 0.00380548 0.003575 0.00341121 0.00331328 
0.00331328 0.00334616 0.00344498 0.00361024 0.0038428 0.00414379 0.00451465 0.00495701 0.00547271 0.00606368 0.00673193 0.00747946 0.00830817 0.00921978 0.0102158 0.0112973 0.0124652 0.0137196 0.0150601 0.016486 0.0179953 0.0195858 0.0212541 0.0229962 0.0248069 0.0266804 0.0286099 0.0305877 0.0326052 0.0346531 0.0367211 0.0387985 0.0408738 0.0429351 0.0449699 0.0469656 0.0489094 0.0507883 0.0525897 0.0543009 0.0559097 0.0574046 0.0587744 0.0600091 0.0610991 0.0620362 0.0628131 0.0634237 0.0638634 0.0641286 0.0642172 0.0641286 0.0638634 0.0634237 0.0628131 0.0620362 0.0610991 0.0600091 0.0587744 0.0574046 0.0559097 0.0543009 0.0525897 0.0507883 0.0489094 0.0469656 0.0449699 0.0429351 0.0408738 0.0387985 0.0367211 0.0346531 0.0326052 0.0305877 0.0286099 0.0266804 0.0248069 0.0229962 0.0212541 0.0195858 0.0179953 0.016486 0.0150601 0.0137196 0.0124652 0.0112973 0.0102158 0.00921978 0.00830817 0.00747946 0.00673193 0.00606368 0.00547271 0.00495701 0.00451465 0.00414379 0.0038428 0.00361024 0.00344498 0.00334616 
0.00341121 0.00344498 0.00354645 0.00371616 0.00395495 0.004264 0.00464475 0.00509887 0.00562821 0.00623476 0.00692053 0.00768755 0.00853774 0.00947285 0.0104944 0.0116034 0.0128008 0.0140867 0.0154607 0.0169218 0.0184682 0.0200975 0.0218063 0.0235902 0.0254442 0.0273621 0.0293371 0.0313611 0.0334255 0.0355206 0.0376361 0.0397609 0.0418832 0.0439908 0.0460712 0.0481113 0.0500981 0.0520185 0.0538593 0.0556078 0.0572516 0.0587789 0.0601783 0.0614395 0.0625529 0.06351 0.0643035 0.0649272 0.0653763 0.0656471 0.0657376 0.0656471 0.0653763 0.0649272 0.0643035 0.06351 0.0625529 0.0614395 0.0601783 0.0587789 0.0572516 0.0556078 0.0538593 0.0520185 0.0500981 0.0481113 0.0460712 0.0439908 0.0418832 0.0397609 0.0376361 0.0355206 0.0334255 0.0313611 0.0293371 0.0273621 0.0254442 0.0235902 0.0218063 0.0200975 0.0184682 0.0169218 0.0154607 0.0140867 0.0128008 0.0116034 0.0104944 0.00947285 0.00853774 0.00768755 0.00692053 0.00623476 0.00562821 0.00509887 0.00464475 0.004264 0.00395495 0.00371616 0.00354645 0.00344498 
0.003575 0.00361024 0.00371616 0.00389328 0.00414249 0.00446499 0.00486226 0.00533602 0.00588816 0.0065207 0.00723573 0.00803529 0.00892135 0.00989568 0.0109598 0.0121148 0.0133614 0.0146998 0.0161296 0.0176496 0.0192579 0.020952 0.0227281 0.0245819 0.0265081 0.0285001 0.0305508 0.032652 0.0347945 0.0369684 0.0391629 0.0413666 0.0435672 0.0457521 0.0479084 0.0500225 0.052081 0.0540703 0.0559769 0.0577876 0.0594897 0.0610709 0.0625195 0.0638249 0.0649773 0.0659678 0.0667889 0.0674343 0.067899 0.0681792 0.0682728 0.0681792 0.067899 0.0674343 0.0667889 0.0659678 0.0649773 0.0638249 0.0625195 0.0610709 0.0594897 0.0577876 0.0559769 0.0540703 0.052081 0.0500225 0.0479084 0.0457521 0.0435672 0.0413666 0.0391629 0.0369684 0.0347945 0.032652 0.0305508 0.0285001 0.0265081 0.0245819 0.0227281 0.020952 0.0192579 0.0176496 0.0161296 0.0146998 0.0133614 0.0121148 0.0109598 0.00989568 0.00892135 0.00803529 0.00723573 0.0065207 0.00588816 0.00533602 0.00486226 0.00446499 0.00414249 0.00389328 0.00371616 0.00361024 
0.00380548 0.0038428 0.00395495 0.00414249 0.00440634 0.00474773 0.0051682 0.00566953 0.00625367 0.00692272 0.00767881 0.00852405 0.00946045 0.0104898 0.0116136 0.0128331 0.0141488 0.0155609 0.0170689 0.0186714 0.0203665 0.0221513 0.024022 0.0259738 0.028001 0.0300968 0.0322537 0.0344629 0.0367148 0.038999 0.0413042 0.0436182 0.0459284 0.0482215 0.0504839 0.0527016 0.0548604 0.0569461 0.0589447 0.0608424 0.062626 0.0642825 0.0658 0.0671672 0.068374 0.0694112 0.070271 0.0709467 0.0714331 0.0717265 0.0718245 0.0717265 0.0714331 0.0709467 0.070271 0.0694112 0.068374 0.0671672 0.0658 0.0642825 0.062626 0.0608424 0.0589447 0.0569461 0.0548604 0.0527016 0.0504839 0.0482215 0.0459284 0.0436182 0.0413042 0.038999 0.0367148 0.0344629 0.0322537 0.0300968 0.028001 0.0259738 0.024022 0.0221513 0.0203665 0.0186714 0.0170689 0.0155609 0.0141488 0.0128331 0.0116136 0.0104898 0.00946045 0.00852405 0.00767881 0.00692272 0.00625367 0.00566953 0.0051682 0.00474773 0.00440634 0.00414249 0.00395495 0.0038428 
0.00410379 0.00414379 0.004264 0.00446499 0.00474773 0.00511351 0.00556393 0.00610084 0.00672628 0.00744243 0.0082515 0.00915567 0.010157 0.0112573 0.0124582 0.0137607 0.0151655 0.0166725 0.0182812 0.0199902 0.0217971 0.0236987 0.025691 0.0277689 0.0299261 0.0321556 0.034449 0.0367971 0.0391897 0.0416157 0.0440631 0.0465191 0.0489701 0.0514022 0.053801 0.0561517 0.0584392 0.0606488 0.0627655 0.0647749 0.066663 0.0684162 0.0700221 0.0714686 0.0727453 0.0738424 0.0747517 0.0754663 0.0759806 0.0762909 0.0763945 0.0762909 0.0759806 0.0754663 0.0747517 0.0738424 0.0727453 0.0714686 0.0700221 0.0684162 0.066663 0.0647749 0.0627655 0.0606488 0.0584392 0.0561517 0.053801 0.0514022 0.0489701 0.0465191 0.0440631 0.0416157 0.0391897 0.0367971 0.034449 0.0321556 0.0299261 0.0277689 0.025691 0.0236987 0.0217971 0.0199902 0.0182812 0.0166725 0.0151655 0.0137607 0.0124582 0.0112573 0.010157 0.00915567 0.0082515 0.00744243 0.00672628 0.00610084 0.00556393 0.00511351 0.00474773 0.00446499 0.004264 0.00414379 
0.00447135 0.00451465 0.00464475 0.00486226 0.0051682 0.00556393 0.00605112 0.00663172 0.00730786 0.00808183 0.00895591 0.00993238 0.0110134 0.0122007 0.0134961 0.0149004 0.0164144 0.0180378 0.01977 0.0216092 0.0235529 0.0255977 0.0277389 0.0299711 0.0322874 0.0346802 0.0371406 0.0396586 0.0422233 0.0448226 0.0474437 0.050073 0.052696 0.0552979 0.0578631 0.0603761 0.0628208 0.0651814 0.0674422 0.0695878 0.0716034 0.0734746 0.0751881 0.0767314 0.0780932 0.0792633 0.080233 0.080995 0.0815434 0.0818742 0.0819847 0.0818742 0.0815434 0.080995 0.080233 0.0792633 0.0780932 0.0767314 0.0751881 0.0734746 0.0716034 0.0695878 0.0674422 0.0651814 0.0628208 0.0603761 0.0578631 0.0552979 0.052696 0.050073 0.0474437 0.0448226 0.0422233 0.0396586 0.0371406 0.0346802 0.0322874 0.0299711 0.0277389 0.0255977 0.0235529 0.0216092 0.01977 0.0180378 0.0164144 0.0149004 0.0134961 0.0122007 0.0110134 0.00993238 0.00895591 0.00808183 0.00730786 0.00663172 0.00605112 0.00556393 0.0051682 0.00486226 0.00464475 0.00451465 
0.0049098 0.00495701 0.00509887 0.00533602 0.00566953 0.00610084 0.00663172 0.00726422 0.00800059 0.0088432 0.00979449 0.0108568 0.0120323 0.013323 0.0147303 0.0162555 0.0178989 0.0196603 0.0215387 0.0235323 0.0256381 0.0278523 0.0301698 0.0325845 0.0350891 0.0376752 0.040333 0.0430517 0.0458196 0.0486237 0.05145 0.054284 0.0571101 0.0599122 0.0626739 0.0653782 0.0680083 0.070547 0.0729777 0.0752839 0.0774497 0.0794599 0.0813002 0.0829575 0.0844195 0.0856756 0.0867164 0.0875342 0.0881227 0.0884777 0.0885963 0.0884777 0.0881227 0.0875342 0.0867164 0.0856756 0.0844195 0.0829575 0.0813002 0.0794599 0.0774497 0.0752839 0.0729777 0.070547 0.0680083 0.0653782 0.0626739 0.0599122 0.0571101 0.054284 0.05145 0.0486237 0.0458196 0.0430517 0.040333 0.0376752 0.0350891 0.0325845 0.0301698 0.0278523 0.0256381 0.0235323 0.0215387 0.0196603 0.0178989 0.0162555 0.0147303 0.013323 0.0120323 0.0108568 0.00979449 0.0088432 0.00800059 0.00726422 0.00663172 0.00610084 0.00566953 0.00533602 0.00509887 0.00495701 
0.00542095 0.00547271 0.00562821 0.00588816 0.00625367 0.00672628 0.00730786 0.00800059 0.00880682 0.00972908 0.0107699 0.0119317 0.0132168 0.0146271 0.0161643 0.0178293 0.0196226 0.0215437 0.0235914 0.0257635 0.0280568 0.0304668 0.032988 0.0356136 0.0383356 0.0411447 0.0440304 0.0469808 0.0499831 0.0530232 0.0560861 0.0591558 0.0622158 0.0652486 0.0682364 0.0711611 0.0740044 0.0767481 0.0793741 0.0818649 0.0842034 0.0863734 0.0883595 0.0901477 0.0917249 0.0930798 0.0942023 0.0950841 0.0957188 0.0961014 0.0962293 0.0961014 0.0957188 0.0950841 0.0942023 0.0930798 0.0917249 0.0901477 0.0883595 0.0863734 0.0842034 0.0818649 0.0793741 0.0767481 0.0740044 0.0711611 0.0682364 0.0652486 0.0622158 0.0591558 0.0560861 0.0530232 0.0499831 0.0469808 0.0440304 0.0411447 0.0383356 0.0356136 0.032988 0.0304668 0.0280568 0.0257635 0.0235914 0.0215437 0.0196226 0.0178293 0.0161643 0.0146271 0.0132168 0.0119317 0.0107699 0.00972908 0.00880682 0.00800059 0.00730786 0.00672628 0.00625367 0.00588816 0.00562821 0.00547271 
0.00600674 0.00606368 0.00623476 0.0065207 0.00692272 0.00744243 0.00808183 0.0088432 0.00972908 0.0107421 0.0118849 0.01316 0.0145699 0.0161165 0.0178014 0.0196256 0.0215892 0.0236919 0.0259319 0.0283069 0.030813 0.0334453 0.0361977 0.0390626 0.0420311 0.0450931 0.0482369 0.0514497 0.0547174 0.0580247 0.0613553 0.0646918 0.0680162 0.0713098 0.0745531 0.0777267 0.0808109 0.083786 0.0866325 0.0893316 0.091865 0.0942152 0.0963657 0.0983015 0.100009 0.101475 0.102689 0.103643 0.10433 0.104744 0.104882 0.104744 0.10433 0.103643 0.102689 0.101475 0.100009 0.0983015 0.0963657 0.0942152 0.091865 0.0893316 0.0866325 0.083786 0.0808109 0.0777267 0.0745531 0.0713098 0.0680162 0.0646918 0.0613553 0.0580247 0.0547174 0.0514497 0.0482369 0.0450931 0.0420311 0.0390626 0.0361977 0.0334453 0.030813 0.0283069 0.0259319 0.0236919 0.0215892 0.0196256 0.0178014 0.0161165 0.0145699 0.01316 0.0118849 0.0107421 0.00972908 0.0088432 0.00808183 0.00744243 0.00692272 0.0065207 0.00623476 0.00606368 
0.00666916 0.00673193 0.00692053 0.00723573 0.00767881 0.0082515 0.00895591 0.00979449 0.0107699 0.0118849 0.0131423 0.0145447 0.0160947 0.0177942 0.0196449 0.0216476 0.0238024 0.0261085 0.0285641 0.0311662 0.0339106 0.0367918 0.0398027 0.0429352 0.0461793 0.0495238 0.052956 0.0564617 0.0600256 0.063631 0.0672601 0.070894 0.0745131 0.0780971 0.081625 0.0850757 0.0884279 0.0916604 0.0947522 0.0976829 0.100433 0.102983 0.105317 0.107416 0.109268 0.110858 0.112174 0.113209 0.113953 0.114401 0.114551 0.114401 0.113953 0.113209 0.112174 0.110858 0.109268 0.107416 0.105317 0.102983 0.100433 0.0976829 0.0947522 0.0916604 0.0884279 0.0850757 0.081625 0.0780971 0.0745131 0.070894 0.0672601 0.063631 0.0600256 0.0564617 0.052956 0.0495238 0.0461793 0.0429352 0.0398027 0.0367918 0.0339106 0.0311662 0.0285641 0.0261085 0.0238024 0.0216476 0.0196449 0.0177942 0.0160947 0.0145447 0.0131423 0.0118849 0.0107699 0.00979449 0.00895591 0.0082515 0.00767881 0.00723573 0.00692053 0.00673193 
0.0074102 0.00747946 0.00768755 0.00803529 0.00852405 0.00915567 0.00993238 0.0108568 0.0119317 0.01316 0.0145447 0.0160886 0.0177941 0.0196634 0.021698 0.0238986 0.0262653 0.0287969 0.0314912 0.0343449 0.037353 0.0405094 0.0438064 0.0472345 0.0507831 0.0544396 0.05819 0.062019 0.0659096 0.0698436 0.0738015 0.077763 0.0817066 0.0856102 0.0894512 0.0932066 0.0968535 0.100369 0.10373 0.106915 0.109903 0.112673 0.115207 0.117487 0.119496 0.121222 0.122651 0.123773 0.12458 0.125067 0.12523 0.125067 0.12458 0.123773 0.122651 0.121222 0.119496 0.117487 0.115207 0.112673 0.109903 0.106915 0.10373 0.100369 0.0968535 0.0932066 0.0894512 0.0856102 0.0817066 0.077763 0.0738015 0.0698436 0.0659096 0.062019 0.05819 0.0544396 0.0507831 0.0472345 0.0438064 0.0405094 0.037353 0.0343449 0.0314912 0.0287969 0.0262653 0.0238986 0.021698 0.0196634 0.0177941 0.0160886 0.0145447 0.01316 0.0119317 0.0108568 0.00993238 0.00915567 0.00852405 0.00803529 0.00768755 0.00747946 
0.00823175 0.00830817 0.00853774 0.00892135 0.00946045 0.010157 0.0110134 0.0120323 0.0132168 0.0145699 0.0160947 0.0177941 0.0196707 0.0217266 0.0239633 0.0263814 0.0289807 0.0317598 0.034716 0.0378455 0.0411427 0.0446006 0.0482107 0.0519625 0.0558441 0.0598417 0.0639401 0.0681221 0.0723694 0.076662 0.0809788 0.0852974 0.0895946 0.0938464 0.0980284 0.102116 0.106083 0.109906 0.11356 0.117022 0.120268 0.123277 0.126029 0.128504 0.130685 0.132558 0.134108 0.135326 0.136202 0.13673 0.136907 0.13673 0.136202 0.135326 0.134108 0.132558 0.130685 0.128504 0.126029 0.123277 0.120268 0.117022 0.11356 0.109906 0.106083 0.102116 0.0980284 0.0938464 0.0895946 0.0852974 0.0809788 0.076662 0.0723694 0.0681221 0.0639401 0.0598417 0.0558441 0.0519625 0.0482107 0.0446006 0.0411427 0.0378455 0.034716 0.0317598 0.0289807 0.0263814 0.0239633 0.0217266 0.0196707 0.0177941 0.0160947 0.0145699 0.0132168 0.0120323 0.0110134 0.010157 0.00946045 0.00892135 0.00853774 0.00830817 
0.00913553 0.00921978 0.00947285 0.00989568 0.0104898 0.0112573 0.0122007 0.013323 0.0146271 0.0161165 0.0177942 0.0196634 0.0217266 0.023986 0.0264429 0.029098 0.0319506 0.034999 0.0382402 0.0416696 0.045281 0.0490666 0.0530166 0.0571197 0.0613625 0.06573 0.0702053 0.0747697 0.0794031 0.0840838 0.0887886 0.0934932 0.0981725 0.1028 0.10735 0.111795 0.116109 0.120264 0.124233 0.127993 0.131518 0.134784 0.13777 0.140455 0.142821 0.144852 0.146534 0.147854 0.148804 0.149376 0.149567 0.149376 0.148804 0.147854 0.146534 0.144852 0.142821 0.140455 0.13777 0.134784 0.131518 0.127993 0.124233 0.120264 0.116109 0.111795 0.10735 0.1028 0.0981725 0.0934932 0.0887886 0.0840838 0.0794031 0.0747697 0.0702053 0.06573 0.0613625 0.0571197 0.0530166 0.0490666 0.045281 0.0416696 0.0382402 0.034999 0.0319506 0.029098 0.0264429 0.023986 0.0217266 0.0196634 0.0177942 0.0161165 0.0146271 0.013323 0.0122007 0.0112573 0.0104898 0.00989568 0.00947285 0.00921978 
0.010123 0.0102158 0.0104944 0.0109598 0.0116136 0.0124582 0.0134961 0.0147303 0.0161643 0.0178014 0.0196449 0.021698 0.0239633 0.0264429 0.0291382 0.0320495 0.035176 0.0385155 0.0420645 0.0458176 0.049768 0.0539068 0.0582232 0.0627047 0.0673365 0.0721019 0.0769826 0.0819581 0.0870063 0.0921036 0.0972248 0.102344 0.107432 0.112463 0.117407 0.122236 0.126919 0.131429 0.135736 0.139814 0.143636 0.147177 0.150413 0.153323 0.155886 0.158086 0.159907 0.161337 0.162365 0.162985 0.163192 0.162985 0.162365 0.161337 0.159907 0.158086 0.155886 0.153323 0.150413 0.147177 0.143636 0.139814 0.135736 0.131429 0.126919 0.122236 0.117407 0.112463 0.107432 0.102344 0.0972248 0.0921036 0.0870063 0.0819581 0.0769826 0.0721019 0.0673365 0.0627047 0.0582232 0.0539068 0.049768 0.0458176 0.0420645 0.0385155 0.035176 0.0320495 0.0291382 0.0264429 0.0239633 0.021698 0.0196449 0.0178014 0.0161643 0.0147303 0.0134961 0.0124582 0.0116136 0.0109598 0.0104944 0.0102158 
0.0111954 0.0112973 0.0116034 0.0121148 0.0128331 0.0137607 0.0149004 0.0162555 0.0178293 0.0196256 0.0216476 0.0238986 0.0263814 0.029098 0.0320495 0.0352362 0.0386568 0.0423088 0.046188 0.0502883 0.054602 0.0591192 0.0638279 0.0687142 0.0737619 0.0789527 0.0842664 0.0896807 0.0951716 0.100713 0.106278 0.111838 0.117363 0.122823 0.128186 0.133422 0.138498 0.143385 0.148051 0.152467 0.156604 0.160436 0.163938 0.167085 0.169858 0.172236 0.174205 0.175751 0.176862 0.177532 0.177756 0.177532 0.176862 0.175751 0.174205 0.172236 0.169858 0.167085 0.163938 0.160436 0.156604 0.152467 0.148051 0.143385 0.138498 0.133422 0.128186 0.122823 0.117363 0.111838 0.106278 0.100713 0.0951716 0.0896807 0.0842664 0.0789527 0.0737619 0.0687142 0.0638279 0.0591192 0.054602 0.0502883 0.046188 0.0423088 0.0386568 0.0352362 0.0320495 0.029098 0.0263814 0.0238986 0.0216476 0.0196256 0.0178293 0.0162555 0.0149004 0.0137607 0.0128331 0.0121148 0.0116034 0.0112973 
0.0123534 0.0124652 0.0128008 0.0133614 0.0141488 0.0151655 0.0164144 0.0178989 0.0196226 0.0215892 0.0238024 0.0262653 0.0289807 0.0319506 0.035176 0.0386568 0.0423915 0.0463769 0.0506082 0.0550786 0.0597794 0.0646994 0.0698256 0.0751424 0.0806322 0.0862748 0.0920482 0.097928 0.103888 0.109901 0.115936 0.121962 0.127949 0.133862 0.139668 0.145334 0.150826 0.15611 0.161154 0.165926 0.170396 0.174535 0.178316 0.181713 0.184706 0.187273 0.189397 0.191065 0.192264 0.192987 0.193228 0.192987 0.192264 0.191065 0.189397 0.187273 0.184706 0.181713 0.178316 0.174535 0.170396 0.165926 0.161154 0.15611 0.150826 0.145334 0.139668 0.133862 0.127949 0.121962 0.115936 0.109901 0.103888 0.097928 0.0920482 0.0862748 0.0806322 0.0751424 0.0698256 0.0646994 0.0597794 0.0550786 0.0506082 0.0463769 0.0423915 0.0386568 0.035176 0.0319506 0.0289807 0.0262653 0.0238024 0.0215892 0.0196226 0.0178989 0.0164144 0.0151655 0.0141488 0.0133614 0.0128008 0.0124652 
0.0135973 0.0137196 0.0140867 0.0146998 0.0155609 0.0166725 0.0180378 0.0196603 0.0215437 0.0236919 0.0261085 0.0287969 0.0317598 0.034999 0.0385155 0.0423088 0.0463769 0.0507161 0.0553209 0.0601836 0.0652944 0.0706409 0.0762088 0.0819809 0.0879377 0.0940575 0.100316 0.106687 0.113142 0.11965 0.12618 0.132698 0.13917 0.145559 0.151831 0.157948 0.163876 0.169577 0.175017 0.180163 0.184981 0.189441 0.193514 0.197174 0.200396 0.20316 0.205447 0.207242 0.208533 0.209311 0.209571 0.209311 0.208533 0.207242 0.205447 0.20316 0.200396 0.197174 0.193514 0.189441 0.184981 0.180163 0.175017 0.169577 0.163876 0.157948 0.151831 0.145559 0.13917 0.132698 0.12618 0.11965 0.113142 0.106687 0.100316 0.0940575 0.0879377 0.0819809 0.0762088 0.0706409 0.0652944 0.0601836 0.0553209 0.0507161 0.0463769 0.0423088 0.0385155 0.034999 0.0317598 0.0287969 0.0261085 0.0236919 0.0215437 0.0196603 0.0180378 0.0166725 0.0155609 0.0146998 0.0140867 0.0137196 
0.0149268 0.0150601 0.0154607 0.0161296 0.0170689 0.0182812 0.01977 0.0215387 0.0235914 0.0259319 0.0285641 0.0314912 0.034716 0.0382402 0.0420645 0.046188 0.0506082 0.0553209 0.0603197 0.065596 0.0711388 0.0769345 0.0829671 0.089218 0.0956659 0.102287 0.109055 0.115941 0.122914 0.129942 0.13699 0.144022 0.151001 0.157889 0.164647 0.171236 0.177617 0.183754 0.189607 0.195141 0.200322 0.205116 0.209494 0.213426 0.216888 0.219857 0.222313 0.22424 0.225626 0.226461 0.22674 0.226461 0.225626 0.22424 0.222313 0.219857 0.216888 0.213426 0.209494 0.205116 0.200322 0.195141 0.189607 0.183754 0.177617 0.171236 0.164647 0.157889 0.151001 0.144022 0.13699 0.129942 0.122914 0.115941 0.109055 0.102287 0.0956659 0.089218 0.0829671 0.0769345 0.0711388 0.065596 0.0603197 0.0553209 0.0506082 0.046188 0.0420645 0.0382402 0.034716 0.0314912 0.0285641 0.0259319 0.0235914 0.0215387 0.01977 0.0182812 0.0170689 0.0161296 0.0154607 0.0150601 
0.0163408 0.016486 0.0169218 0.0176496 0.0186714 0.0199902 0.0216092 0.0235323 0.0257635 0.0283069 0.0311662 0.0343449 0.0378455 0.0416696 0.0458176 0.0502883 0.0550786 0.0601836 0.065596 0.0713062 0.0773018 0.0835681 0.0900874 0.0968393 0.103801 0.110945 0.118245 0.125669 0.133183 0.140753 0.14834 0.155907 0.163414 0.170819 0.178082 0.185161 0.192014 0.198601 0.204883 0.21082 0.216376 0.221517 0.226209 0.230423 0.234133 0.237313 0.239943 0.242008 0.243492 0.244386 0.244685 0.244386 0.243492 0.242008 0.239943 0.237313 0.234133 0.230423 0.226209 0.221517 0.216376 0.21082 0.204883 0.198601 0.192014 0.185161 0.178082 0.170819 0.163414 0.155907 0.14834 0.140753 0.133183 0.125669 0.118245 0.110945 0.103801 0.0968393 0.0900874 0.0835681 0.0773018 0.0713062 0.065596 0.0601836 0.0550786 0.0502883 0.0458176 0.0416696 0.0378455 0.0343449 0.0311662 0.0283069 0.0257635 0.0235323 0.0216092 0.0199902 0.0186714 0.0176496 0.0169218 0.016486 
0.0178378 0.0179953 0.0184682 0.0192579 0.0203665 0.0217971 0.0235529 0.0256381 0.0280568 0.030813 0.0339106 0.037353 0.0411427 0.045281 0.049768 0.054602 0.0597794 0.0652944 0.0711388 0.0773018 0.08377 0.0905269 0.0975533 0.104827 0.112322 0.120012 0.127864 0.135846 0.143921 0.152053 0.1602 0.168321 0.176374 0.184314 0.192099 0.199684 0.207024 0.214076 0.220799 0.227152 0.233095 0.238592 0.243608 0.248112 0.252076 0.255473 0.258284 0.260488 0.262073 0.263029 0.263348 0.263029 0.262073 0.260488 0.258284 0.255473 0.252076 0.248112 0.243608 0.238592 0.233095 0.227152 0.220799 0.214076 0.207024 0.199684 0.192099 0.184314 0.176374 0.168321 0.1602 0.152053 0.143921 0.135846 0.127864 0.120012 0.112322 0.104827 0.0975533 0.0905269 0.08377 0.0773018 0.0711388 0.0652944 0.0597794 0.054602 0.049768 0.045281 0.0411427 0.037353 0.0339106 0.030813 0.0280568 0.0256381 0.0235529 0.0217971 0.0203665 0.0192579 0.0184682 0.0179953 
0.0194154 0.0195858 0.0200975 0.020952 0.0221513 0.0236987 0.0255977 0.0278523 0.0304668 0.0334453 0.0367918 0.0405094 0.0446006 0.0490666 0.0539068 0.0591192 0.0646994 0.0706409 0.0769345 0.0835681 0.0905269 0.097793 0.105345 0.113159 0.121208 0.129461 0.137884 0.146443 0.155098 0.163809 0.172533 0.181225 0.18984 0.198332 0.206653 0.214758 0.222598 0.230128 0.237304 0.244082 0.250422 0.256284 0.261632 0.266433 0.270657 0.274277 0.277271 0.279619 0.281307 0.282325 0.282664 0.282325 0.281307 0.279619 0.277271 0.274277 0.270657 0.266433 0.261632 0.256284 0.250422 0.244082 0.237304 0.230128 0.222598 0.214758 0.206653 0.198332 0.18984 0.181225 0.172533 0.163809 0.155098 0.146443 0.137884 0.129461 0.121208 0.113159 0.105345 0.097793 0.0905269 0.0835681 0.0769345 0.0706409 0.0646994 0.0591192 0.0539068 0.0490666 0.0446006 0.0405094 0.0367918 0.0334453 0.0304668 0.0278523 0.0255977 0.0236987 0.0221513 0.020952 0.0200975 0.0195858 
0.0210702 0.0212541 0.0218063 0.0227281 0.024022 0.025691 0.0277389 0.0301698 0.032988 0.0361977 0.0398027 0.0438064 0.0482107 0.0530166 0.0582232 0.0638279 0.0698256 0.0762088 0.0829671 0.0900874 0.0975533 0.105345 0.11344 0.121811 0.13043 0.139263 0.148275 0.157427 0.166678 0.175984 0.185299 0.194577 0.203769 0.212825 0.221696 0.230331 0.238682 0.246701 0.254339 0.261552 0.268295 0.274529 0.280215 0.285319 0.289807 0.293654 0.296835 0.29933 0.301123 0.302203 0.302564 0.302203 0.301123 0.29933 0.296835 0.293654 0.289807 0.285319 0.280215 0.274529 0.268295 0.261552 0.254339 0.246701 0.238682 0.230331 0.221696 0.212825 0.203769 0.194577 0.185299 0.175984 0.166678 0.157427 0.148275 0.139263 0.13043 0.121811 0.11344 0.105345 0.0975533 0.0900874 0.0829671 0.0762088 0.0698256 0.0638279 0.0582232 0.0530166 0.0482107 0.0438064 0.0398027 0.0361977 0.032988 0.0301698 0.0277389 0.025691 0.024022 0.0227281 0.0218063 0.0212541 
0.0227983 0.0229962 0.0235902 0.0245819 0.0259738 0.0277689 0.0299711 0.0325845 0.0356136 0.0390626 0.0429352 0.0472345 0.0519625 0.0571197 0.0627047 0.0687142 0.0751424 0.0819809 0.089218 0.0968393 0.104827 0.113159 0.121811 0.130755 0.139959 0.149387 0.159002 0.168761 0.178621 0.188535 0.198455 0.20833 0.21811 0.227741 0.237171 0.246347 0.255218 0.263733 0.271841 0.279494 0.286648 0.293259 0.299288 0.304698 0.309455 0.313531 0.316901 0.319543 0.321443 0.322587 0.322969 0.322587 0.321443 0.319543 0.316901 0.313531 0.309455 0.304698 0.299288 0.293259 0.286648 0.279494 0.271841 0.263733 0.255218 0.246347 0.237171 0.227741 0.21811 0.20833 0.198455 0.188535 0.178621 0.168761 0.159002 0.149387 0.139959 0.130755 0.121811 0.113159 0.104827 0.0968393 0.089218 0.0819809 0.0751424 0.0687142 0.0627047 0.0571197 0.0519625 0.0472345 0.0429352 0.0390626 0.0356136 0.0325845 0.0299711 0.0277689 0.0259738 0.0245819 0.0235902 0.0229962 
0.0245946 0.0248069 0.0254442 0.0265081 0.028001 0.0299261 0.0322874 0.0350891 0.0383356 0.0420311 0.0461793 0.0507831 0.0558441 0.0613625 0.0673365 0.0737619 0.0806322 0.0879377 0.0956659 0.103801 0.112322 0.121208 0.13043 0.139959 0.14976 0.159795 0.170024 0.180402 0.190882 0.201415 0.211949 0.222432 0.232808 0.243022 0.25302 0.262744 0.272141 0.281157 0.28974 0.297839 0.305407 0.312399 0.318773 0.324492 0.329519 0.333827 0.337387 0.340178 0.342185 0.343393 0.343797 0.343393 0.342185 0.340178 0.337387 0.333827 0.329519 0.324492 0.318773 0.312399 0.305407 0.297839 0.28974 0.281157 0.272141 0.262744 0.25302 0.243022 0.232808 0.222432 0.211949 0.201415 0.190882 0.180402 0.170024 0.159795 0.14976 0.139959 0.13043 0.121208 0.112322 0.103801 0.0956659 0.0879377 0.0806322 0.0737619 0.0673365 0.0613625 0.0558441 0.0507831 0.0461793 0.0420311 0.0383356 0.0350891 0.0322874 0.0299261 0.028001 0.0265081 0.0254442 0.0248069 
0.0264533 0.0266804 0.0273621 0.0285001 0.0300968 0.0321556 0.0346802 0.0376752 0.0411447 0.0450931 0.0495238 0.0544396 0.0598417 0.06573 0.0721019 0.0789527 0.0862748 0.0940575 0.102287 0.110945 0.120012 0.129461 0.139263 0.149387 0.159795 0.170447 0.181299 0.192305 0.203414 0.214573 0.225729 0.236826 0.247805 0.258608 0.269177 0.279454 0.289381 0.298902 0.307963 0.31651 0.324494 0.331868 0.33859 0.344618 0.349917 0.354455 0.358206 0.361147 0.363261 0.364534 0.364959 0.364534 0.363261 0.361147 0.358206 0.354455 0.349917 0.344618 0.33859 0.331868 0.324494 0.31651 0.307963 0.298902 0.289381 0.279454 0.269177 0.258608 0.247805 0.236826 0.225729 0.214573 0.203414 0.192305 0.181299 0.170447 0.159795 0.149387 0.139263 0.129461 0.120012 0.110945 0.102287 0.0940575 0.0862748 0.0789527 0.0721019 0.06573 0.0598417 0.0544396 0.0495238 0.0450931 0.0411447 0.0376752 0.0346802 0.0321556 0.0300968 0.0285001 0.0273621 0.0266804 
0.0283677 0.0286099 0.0293371 0.0305508 0.0322537 0.034449 0.0371406 0.040333 0.0440304 0.0482369 0.052956 0.05819 0.0639401 0.0702053 0.0769826 0.0842664 0.0920482 0.100316 0.109055 0.118245 0.127864 0.137884 0.148275 0.159002 0.170024 0.181299 0.192782 0.20442 0.216163 0.227955 0.239737 0.251451 0.263036 0.274431 0.285575 0.296406 0.306864 0.316891 0.32643 0.335425 0.343826 0.351583 0.35865 0.364988 0.370557 0.375327 0.379269 0.382358 0.384579 0.385916 0.386363 0.385916 0.384579 0.382358 0.379269 0.375327 0.370557 0.364988 0.35865 0.351583 0.343826 0.335425 0.32643 0.316891 0.306864 0.296406 0.285575 0.274431 0.263036 0.251451 0.239737 0.227955 0.216163 0.20442 0.192782 0.181299 0.170024 0.159002 0.148275 0.137884 0.127864 0.118245 0.109055 0.100316 0.0920482 0.0842664 0.0769826 0.0702053 0.0639401 0.05819 0.052956 0.0482369 0.0440304 0.040333 0.0371406 0.034449 0.0322537 0.0305508 0.0293371 0.0286099 
0.0303301 0.0305877 0.0313611 0.032652 0.0344629 0.0367971 0.0396586 0.0430517 0.0469808 0.0514497 0.0564617 0.062019 0.0681221 0.0747697 0.0819581 0.0896807 0.097928 0.106687 0.115941 0.125669 0.135846 0.146443 0.157427 0.168761 0.180402 0.192305 0.20442 0.216696 0.229075 0.2415 0.25391 0.266243 0.278435 0.290422 0.302139 0.313524 0.324513 0.335044 0.34506 0.354501 0.363316 0.371453 0.378865 0.38551 0.391349 0.396348 0.400478 0.403716 0.406042 0.407443 0.407911 0.407443 0.406042 0.403716 0.400478 0.396348 0.391349 0.38551 0.378865 0.371453 0.363316 0.354501 0.34506 0.335044 0.324513 0.313524 0.302139 0.290422 0.278435 0.266243 0.25391 0.2415 0.229075 0.216696 0.20442 0.192305 0.180402 0.168761 0.157427 0.146443 0.135846 0.125669 0.115941 0.106687 0.097928 0.0896807 0.0819581 0.0747697 0.0681221 0.062019 0.0564617 0.0514497 0.0469808 0.0430517 0.0396586 0.0367971 0.0344629 0.032652 0.0313611 0.0305877 
0.0323319 0.0326052 0.0334255 0.0347945 0.0367148 0.0391897 0.0422233 0.0458196 0.0499831 0.0547174 0.0600256 0.0659096 0.0723694 0.0794031 0.0870063 0.0951716 0.103888 0.113142 0.122914 0.133183 0.143921 0.155098 0.166678 0.178621 0.190882 0.203414 0.216163 0.229075 0.242091 0.255149 0.268185 0.281135 0.293931 0.306507 0.318796 0.33073 0.342246 0.353278 0.363766 0.37365 0.382875 0.391388 0.399141 0.406089 0.412194 0.417419 0.421736 0.42512 0.427551 0.429015 0.429503 0.429015 0.427551 0.42512 0.421736 0.417419 0.412194 0.406089 0.399141 0.391388 0.382875 0.37365 0.363766 0.353278 0.342246 0.33073 0.318796 0.306507 0.293931 0.281135 0.268185 0.255149 0.242091 0.229075 0.216163 0.203414 0.190882 0.178621 0.166678 0.155098 0.143921 0.133183 0.122914 0.113142 0.103888 0.0951716 0.0870063 0.0794031 0.0723694 0.0659096 0.0600256 0.0547174 0.0499831 0.0458196 0.0422233 0.0391897 0.0367148 0.0347945 0.0334255 0.0326052 
0.034364 0.0346531 0.0355206 0.0369684 0.038999 0.0416157 0.0448226 0.0486237 0.0530232 0.0580247 0.063631 0.0698436 0.076662 0.0840838 0.0921036 0.100713 0.109901 0.11965 0.129942 0.140753 0.152053 0.163809 0.175984 0.188535 0.201415 0.214573 0.227955 0.2415 0.255149 0.268836 0.282494 0.296056 0.309451 0.32261 0.335464 0.347943 0.359978 0.371505 0.382459 0.39278 0.402409 0.411293 0.419381 0.426629 0.432994 0.438443 0.442943 0.44647 0.449003 0.450529 0.451039 0.450529 0.449003 0.44647 0.442943 0.438443 0.432994 0.426629 0.419381 0.411293 0.402409 0.39278 0.382459 0.371505 0.359978 0.347943 0.335464 0.32261 0.309451 0.296056 0.282494 0.268836 0.255149 0.2415 0.227955 0.214573 0.201415 0.188535 0.175984 0.163809 0.152053 0.140753 0.129942 0.11965 0.109901 0.100713 0.0921036 0.0840838 0.076662 0.0698436 0.063631 0.0580247 0.0530232 0.0486237 0.0448226 0.0416157 0.038999 0.0369684 0.0355206 0.0346531 
0.0364163 0.0367211 0.0376361 0.0391629 0.0413042 0.0440631 0.0474437 0.05145 0.0560861 0.0613553 0.0672601 0.0738015 0.0809788 0.0887886 0.0972248 0.106278 0.115936 0.12618 0.13699 0.14834 0.1602 0.172533 0.185299 0.198455 0.211949 0.225729 0.239737 0.25391 0.268185 0.282494 0.296767 0.310933 0.324919 0.338654 0.352064 0.365078 0.377626 0.389639 0.401051 0.411799 0.421825 0.431072 0.439489 0.447029 0.45365 0.459317 0.463996 0.467663 0.470297 0.471883 0.472413 0.471883 0.470297 0.467663 0.463996 0.459317 0.45365 0.447029 0.439489 0.431072 0.421825 0.411799 0.401051 0.389639 0.377626 0.365078 0.352064 0.338654 0.324919 0.310933 0.296767 0.282494 0.268185 0.25391 0.239737 0.225729 0.211949 0.198455 0.185299 0.172533 0.1602 0.14834 0.13699 0.12618 0.115936 0.106278 0.0972248 0.0887886 0.0809788 0.0738015 0.0672601 0.0613553 0.0560861 0.05145 0.0474437 0.0440631 0.0413042 0.0391629 0.0376361 0.0367211 
0.0384779 0.0387985 0.0397609 0.0413666 0.0436182 0.0465191 0.050073 0.054284 0.0591558 0.0646918 0.070894 0.077763 0.0852974 0.0934932 0.102344 0.111838 0.121962 0.132698 0.144022 0.155907 0.168321 0.181225 0.194577 0.20833 0.222432 0.236826 0.251451 0.266243 0.281135 0.296056 0.310933 0.325692 0.340259 0.354558 0.368514 0.382052 0.395101 0.407588 0.419448 0.430614 0.441027 0.450628 0.459365 0.46719 0.474061 0.479939 0.484793 0.488596 0.491328 0.492972 0.493522 0.492972 0.491328 0.488596 0.484793 0.479939 0.474061 0.46719 0.459365 0.450628 0.441027 0.430614 0.419448 0.407588 0.395101 0.382052 0.368514 0.354558 0.340259 0.325692 0.310933 0.296056 0.281135 0.266243 0.251451 0.236826 0.222432 0.20833 0.194577 0.181225 0.168321 0.155907 0.144022 0.132698 0.121962 0.111838 0.102344 0.0934932 0.0852974 0.077763 0.070894 0.0646918 0.0591558 0.054284 0.050073 0.0465191 0.0436182 0.0413666 0.0397609 0.0387985 
0.0405376 0.0408738 0.0418832 0.0435672 0.0459284 0.0489701 0.052696 0.0571101 0.0622158 0.0680162 0.0745131 0.0817066 0.0895946 0.0981725 0.107432 0.117363 0.127949 0.13917 0.151001 0.163414 0.176374 0.18984 0.203769 0.21811 0.232808 0.247805 0.263036 0.278435 0.293931 0.309451 0.324919 0.340259 0.355393 0.370242 0.38473 0.398779 0.412315 0.425265 0.43756 0.449132 0.45992 0.469864 0.478912 0.487013 0.494125 0.500209 0.505232 0.509166 0.511992 0.513694 0.514262 0.513694 0.511992 0.509166 0.505232 0.500209 0.494125 0.487013 0.478912 0.469864 0.45992 0.449132 0.43756 0.425265 0.412315 0.398779 0.38473 0.370242 0.355393 0.340259 0.324919 0.309451 0.293931 0.278435 0.263036 0.247805 0.232808 0.21811 0.203769 0.18984 0.176374 0.163414 0.151001 0.13917 0.127949 0.117363 0.107432 0.0981725 0.0895946 0.0817066 0.0745131 0.0680162 0.0622158 0.0571101 0.052696 0.0489701 0.0459284 0.0435672 0.0418832 0.0408738 
0.0425834 0.0429351 0.0439908 0.0457521 0.0482215 0.0514022 0.0552979 0.0599122 0.0652486 0.0713098 0.0780971 0.0856102 0.0938464 0.1028 0.112463 0.122823 0.133862 0.145559 0.157889 0.170819 0.184314 0.198332 0.212825 0.227741 0.243022 0.258608 0.274431 0.290422 0.306507 0.32261 0.338654 0.354558 0.370242 0.385626 0.40063 0.415174 0.429182 0.442579 0.455294 0.467259 0.478409 0.488685 0.498032 0.5064 0.513744 0.520025 0.52521 0.529272 0.532188 0.533944 0.534531 0.533944 0.532188 0.529272 0.52521 0.520025 0.513744 0.5064 0.498032 0.488685 0.478409 0.467259 0.455294 0.442579 0.429182 0.415174 0.40063 0.385626 0.370242 0.354558 0.338654 0.32261 0.306507 0.290422 0.274431 0.258608 0.243022 0.227741 0.212825 0.198332 0.184314 0.170819 0.157889 0.145559 0.133862 0.122823 0.112463 0.1028 0.0938464 0.0856102 0.0780971 0.0713098 0.0652486 0.0599122 0.0552979 0.0514022 0.0482215 0.0457521 0.0439908 0.0429351 
0.044603 0.0449699 0.0460712 0.0479084 0.0504839 0.053801 0.0578631 0.0626739 0.0682364 0.0745531 0.081625 0.0894512 0.0980284 0.10735 0.117407 0.128186 0.139668 0.151831 0.164647 0.178082 0.192099 0.206653 0.221696 0.237171 0.25302 0.269177 0.285575 0.302139 0.318796 0.335464 0.352064 0.368514 0.38473 0.40063 0.41613 0.431152 0.445614 0.459442 0.472561 0.484903 0.496401 0.506995 0.516629 0.525252 0.532818 0.539289 0.544629 0.548812 0.551816 0.553624 0.554228 0.553624 0.551816 0.548812 0.544629 0.539289 0.532818 0.525252 0.516629 0.506995 0.496401 0.484903 0.472561 0.459442 0.445614 0.431152 0.41613 0.40063 0.38473 0.368514 0.352064 0.335464 0.318796 0.302139 0.285575 0.269177 0.25302 0.237171 0.221696 0.206653 0.192099 0.178082 0.164647 0.151831 0.139668 0.128186 0.117407 0.10735 0.0980284 0.0894512 0.081625 0.0745531 0.0682364 0.0626739 0.0578631 0.053801 0.0504839 0.0479084 0.0460712 0.0449699 
0.0465839 0.0469656 0.0481113 0.0500225 0.0527016 0.0561517 0.0603761 0.0653782 0.0711611 0.0777267 0.0850757 0.0932066 0.102116 0.111795 0.122236 0.133422 0.145334 0.157948 0.171236 0.185161 0.199684 0.214758 0.230331 0.246347 0.262744 0.279454 0.296406 0.313524 0.33073 0.347943 0.365078 0.382052 0.398779 0.415174 0.431152 0.44663 0.461528 0.475767 0.489273 0.501974 0.513805 0.524702 0.53461 0.543476 0.551254 0.557905 0.563393 0.567691 0.570777 0.572635 0.573256 0.572635 0.570777 0.567691 0.563393 0.557905 0.551254 0.543476 0.53461 0.524702 0.513805 0.501974 0.489273 0.475767 0.461528 0.44663 0.431152 0.415174 0.398779 0.382052 0.365078 0.347943 0.33073 0.313524 0.296406 0.279454 0.262744 0.246347 0.230331 0.214758 0.199684 0.185161 0.171236 0.157948 0.145334 0.133422 0.122236 0.111795 0.102116 0.0932066 0.0850757 0.0777267 0.0711611 0.0653782 0.0603761 0.0561517 0.0527016 0.0500225 0.0481113 0.0469656 
0.0485133 0.0489094 0.0500981 0.052081 0.0548604 0.0584392 0.0628208 0.0680083 0.0740044 0.0808109 0.0884279 0.0968535 0.106083 0.116109 0.126919 0.138498 0.150826 0.163876 0.177617 0.192014 0.207024 0.222598 0.238682 0.255218 0.272141 0.289381 0.306864 0.324513 0.342246 0.359978 0.377626 0.395101 0.412315 0.429182 0.445614 0.461528 0.47684 0.49147 0.505343 0.518386 0.530532 0.541717 0.551884 0.56098 0.568959 0.57578 0.581408 0.585816 0.58898 0.590884 0.59152 0.590884 0.58898 0.585816 0.581408 0.57578 0.568959 0.56098 0.551884 0.541717 0.530532 0.518386 0.505343 0.49147 0.47684 0.461528 0.445614 0.429182 0.412315 0.395101 0.377626 0.359978 0.342246 0.324513 0.306864 0.289381 0.272141 0.255218 0.238682 0.222598 0.207024 0.192014 0.177617 0.163876 0.150826 0.138498 0.126919 0.116109 0.106083 0.0968535 0.0884279 0.0808109 0.0740044 0.0680083 0.0628208 0.0584392 0.0548604 0.052081 0.0500981 0.0489094 
0.0503785 0.0507883 0.0520185 0.0540703 0.0569461 0.0606488 0.0651814 0.070547 0.0767481 0.083786 0.0916604 0.100369 0.109906 0.120264 0.131429 0.143385 0.15611 0.169577 0.183754 0.198601 0.214076 0.230128 0.246701 0.263733 0.281157 0.298902 0.316891 0.335044 0.353278 0.371505 0.389639 0.407588 0.425265 0.442579 0.459442 0.475767 0.49147 0.50647 0.52069 0.534055 0.546498 0.557954 0.568365 0.577677 0.585845 0.592826 0.598586 0.603095 0.606333 0.608282 0.608932 0.608282 0.606333 0.603095 0.598586 0.592826 0.585845 0.577677 0.568365 0.557954 0.546498 0.534055 0.52069 0.50647 0.49147 0.475767 0.459442 0.442579 0.425265 0.407588 0.389639 0.371505 0.353278 0.335044 0.316891 0.298902 0.281157 0.263733 0.246701 0.230128 0.214076 0.198601 0.183754 0.169577 0.15611 0.143385 0.131429 0.120264 0.109906 0.100369 0.0916604 0.083786 0.0767481 0.070547 0.0651814 0.0606488 0.0569461 0.0540703 0.0520185 0.0507883 
0.0521666 0.0525897 0.0538593 0.0559769 0.0589447 0.0627655 0.0674422 0.0729777 0.0793741 0.0866325 0.0947522 0.10373 0.11356 0.124233 0.135736 0.148051 0.161154 0.175017 0.189607 0.204883 0.220799 0.237304 0.254339 0.271841 0.28974 0.307963 0.32643 0.34506 0.363766 0.382459 0.401051 0.419448 0.43756 0.455294 0.472561 0.489273 0.505343 0.52069 0.535234 0.548901 0.561622 0.573331 0.58397 0.593485 0.601828 0.608959 0.614841 0.619446 0.622752 0.624742 0.625406 0.624742 0.622752 0.619446 0.614841 0.608959 0.601828 0.593485 0.58397 0.573331 0.561622 0.548901 0.535234 0.52069 0.505343 0.489273 0.472561 0.455294 0.43756 0.419448 0.401051 0.382459 0.363766 0.34506 0.32643 0.307963 0.28974 0.271841 0.254339 0.237304 0.220799 0.204883 0.189607 0.175017 0.161154 0.148051 0.135736 0.124233 0.11356 0.10373 0.0947522 0.0866325 0.0793741 0.0729777 0.0674422 0.0627655 0.0589447 0.0559769 0.0538593 0.0525897 
0.0538654 0.0543009 0.0556078 0.0577876 0.0608424 0.0647749 0.0695878 0.0752839 0.0818649 0.0893316 0.0976829 0.106915 0.117022 0.127993 0.139814 0.152467 0.165926 0.180163 0.195141 0.21082 0.227152 0.244082 0.261552 0.279494 0.297839 0.31651 0.335425 0.354501 0.37365 0.39278 0.411799 0.430614 0.449132 0.467259 0.484903 0.501974 0.518386 0.534055 0.548901 0.562848 0.575827 0.587771 0.598621 0.608324 0.61683 0.624099 0.630095 0.634789 0.638157 0.640185 0.640862 0.640185 0.638157 0.634789 0.630095 0.624099 0.61683 0.608324 0.598621 0.587771 0.575827 0.562848 0.548901 0.534055 0.518386 0.501974 0.484903 0.467259 0.449132 0.430614 0.411799 0.39278 0.37365 0.354501 0.335425 0.31651 0.297839 0.279494 0.261552 0.244082 0.227152 0.21082 0.195141 0.180163 0.165926 0.152467 0.139814 0.127993 0.117022 0.106915 0.0976829 0.0893316 0.0818649 0.0752839 0.0695878 0.0647749 0.0608424 0.0577876 0.0556078 0.0543009 
0.0554626 0.0559097 0.0572516 0.0594897 0.062626 0.066663 0.0716034 0.0774497 0.0842034 0.091865 0.100433 0.109903 0.120268 0.131518 0.143636 0.156604 0.170396 0.184981 0.200322 0.216376 0.233095 0.250422 0.268295 0.286648 0.305407 0.324494 0.343826 0.363316 0.382875 0.402409 0.421825 0.441027 0.45992 0.478409 0.496401 0.513805 0.530532 0.546498 0.561622 0.575827 0.589043 0.601203 0.612247 0.622122 0.630778 0.638174 0.644273 0.649048 0.652475 0.654538 0.655226 0.654538 0.652475 0.649048 0.644273 0.638174 0.630778 0.622122 0.612247 0.601203 0.589043 0.575827 0.561622 0.546498 0.530532 0.513805 0.496401 0.478409 0.45992 0.441027 0.421825 0.402409 0.382875 0.363316 0.343826 0.324494 0.305407 0.286648 0.268295 0.250422 0.233095 0.216376 0.200322 0.184981 0.170396 0.156604 0.143636 0.131518 0.120268 0.109903 0.100433 0.091865 0.0842034 0.0774497 0.0716034 0.066663 0.062626 0.0594897 0.0572516 0.0559097 
0.0569466 0.0574046 0.0587789 0.0610709 0.0642825 0.0684162 0.0734746 0.0794599 0.0863734 0.0942152 0.102983 0.112673 0.123277 0.134784 0.147177 0.160436 0.174535 0.189441 0.205116 0.221517 0.238592 0.256284 0.274529 0.293259 0.312399 0.331868 0.351583 0.371453 0.391388 0.411293 0.431072 0.450628 0.469864 0.488685 0.506995 0.524702 0.541717 0.557954 0.573331 0.587771 0.601203 0.61356 0.624781 0.634811 0.643603 0.651115 0.657309 0.662157 0.665637 0.667731 0.66843 0.667731 0.665637 0.662157 0.657309 0.651115 0.643603 0.634811 0.624781 0.61356 0.601203 0.587771 0.573331 0.557954 0.541717 0.524702 0.506995 0.488685 0.469864 0.450628 0.431072 0.411293 0.391388 0.371453 0.351583 0.331868 0.312399 0.293259 0.274529 0.256284 0.238592 0.221517 0.205116 0.189441 0.174535 0.160436 0.147177 0.134784 0.123277 0.112673 0.102983 0.0942152 0.0863734 0.0794599 0.0734746 0.0684162 0.0642825 0.0610709 0.0587789 0.0574046 
