2.11341e-08 2.36902e-08 3.18491e-08 4.71511e-08 7.23919e-08 1.11984e-07 1.72493e-07 2.63381e-07 3.98e-07 5.94859e-07 8.79224e-07 1.28507e-06 1.85741e-06 2.65501e-06 3.75343e-06 5.24837e-06 7.25916e-06 9.93223e-06 1.34443e-05 1.80053e-05 2.38595e-05 3.12869e-05 4.0601e-05 5.21462e-05 6.62913e-05 8.34207e-05 0.000103923 0.000128176 0.00015653 0.000189286 0.000226677 0.000268846 0.000315823 0.000367508 0.000423654 0.00048386 0.000547559 0.000614026 0.000682384 0.000751624 0.000820622 0.000888175 0.000953033 0.00101393 0.00106965 0.00111901 0.00116097 0.00119462 0.0012192 0.00123418 0.00123921 0.00123418 0.0012192 0.00119462 0.00116097 0.00111901 0.00106965 0.00101393 0.000953033 0.000888175 0.000820622 0.000751624 0.000682384 0.000614026 0.000547559 0.00048386 0.000423654 0.000367508 0.000315823 0.000268846 0.000226677 0.000189286 0.00015653 0.000128176 0.000103923 8.34207e-05 6.62913e-05 5.21462e-05 4.0601e-05 3.12869e-05 2.38595e-05 1.80053e-05 1.34443e-05 9.93223e-06 7.25916e-06 5.24837e-06 3.75343e-06 2.65501e-06 1.85741e-06 1.28507e-06 8.79224e-07 5.94859e-07 3.98e-07 2.63381e-07 1.72493e-07 1.11984e-07 7.23919e-08 4.71511e-08 3.18491e-08 2.36902e-08 
2.36902e-08 2.65449e-08 3.56549e-08 5.27316e-08 8.08803e-08 1.24997e-07 1.92362e-07 2.93456e-07 4.43049e-07 6.61593e-07 9.76973e-07 1.42664e-06 2.06015e-06 2.94211e-06 4.15548e-06 5.80521e-06 8.02194e-06 1.09658e-05 1.48298e-05 1.98426e-05 2.62704e-05 3.44173e-05 4.46237e-05 5.72625e-05 7.27325e-05 9.14486e-05 0.000113829 0.00014028 0.000171176 0.000206837 0.000247512 0.000293346 0.000344366 0.000400458 0.000461348 0.000526596 0.000595585 0.000667529 0.000741478 0.00081634 0.000890905 0.000963875 0.0010339 0.00109964 0.00115975 0.001213 0.00125826 0.00129454 0.00132104 0.00133718 0.00134261 0.00133718 0.00132104 0.00129454 0.00125826 0.001213 0.00115975 0.00109964 0.0010339 0.000963875 0.000890905 0.00081634 0.000741478 0.000667529 0.000595585 0.000526596 0.000461348 0.000400458 0.000344366 0.000293346 0.000247512 0.000206837 0.000171176 0.00014028 0.000113829 9.14486e-05 7.27325e-05 5.72625e-05 4.46237e-05 3.44173e-05 2.62704e-05 1.98426e-05 1.48298e-05 1.09658e-05 8.02194e-06 5.80521e-06 4.15548e-06 2.94211e-06 2.06015e-06 1.42664e-06 9.76973e-07 6.61593e-07 4.43049e-07 2.93456e-07 1.92362e-07 1.24997e-07 8.08803e-08 5.27316e-08 3.56549e-08 2.65449e-08 
3.18491e-08 3.56549e-08 4.7792e-08 7.05151e-08 1.0791e-07 1.66409e-07 2.55549e-07 3.89033e-07 5.86114e-07 8.73385e-07 1.28699e-06 1.87534e-06 2.70229e-06 3.85081e-06 5.42716e-06 7.56525e-06 1.04313e-05 1.42282e-05 1.91999e-05 2.56341e-05 3.38646e-05 4.42713e-05 5.72777e-05 7.33457e-05 9.2967e-05 0.000116651 0.000144908 0.00017823 0.000217067 0.000261801 0.000312717 0.000369978 0.000433597 0.000503411 0.000579063 0.000659994 0.000745428 0.000834387 0.000925696 0.00101801 0.00110985 0.00119962 0.00128569 0.0013664 0.00144015 0.00150544 0.00156089 0.00160532 0.00163777 0.00165753 0.00166417 0.00165753 0.00163777 0.00160532 0.00156089 0.00150544 0.00144015 0.0013664 0.00128569 0.00119962 0.00110985 0.00101801 0.000925696 0.000834387 0.000745428 0.000659994 0.000579063 0.000503411 0.000433597 0.000369978 0.000312717 0.000261801 0.000217067 0.00017823 0.000144908 0.000116651 9.2967e-05 7.33457e-05 5.72777e-05 4.42713e-05 3.38646e-05 2.56341e-05 1.91999e-05 1.42282e-05 1.04313e-05 7.56525e-06 5.42716e-06 3.85081e-06 2.70229e-06 1.87534e-06 1.28699e-06 8.73385e-07 5.86114e-07 3.89033e-07 2.55549e-07 1.66409e-07 1.0791e-07 7.05151e-08 4.7792e-08 3.56549e-08 
4.71511e-08 5.27316e-08 7.05151e-08 1.03764e-07 1.58379e-07 2.4363e-07 3.73229e-07 5.66815e-07 8.51903e-07 1.26637e-06 1.86152e-06 2.70583e-06 3.88929e-06 5.52845e-06 7.77192e-06 1.08063e-05 1.48623e-05 2.02203e-05 2.72161e-05 3.62438e-05 4.77589e-05 6.2277e-05 8.03701e-05 0.000102659 0.0001298 0.000162471 0.000201343 0.000247059 0.000300202 0.000361255 0.000430573 0.00050834 0.000594538 0.000688915 0.000790963 0.000899904 0.00101468 0.00113397 0.0012562 0.00137957 0.00150211 0.00162173 0.00173627 0.00184356 0.00194151 0.00202813 0.00210165 0.00216053 0.00220351 0.00222967 0.00223845 0.00222967 0.00220351 0.00216053 0.00210165 0.00202813 0.00194151 0.00184356 0.00173627 0.00162173 0.00150211 0.00137957 0.0012562 0.00113397 0.00101468 0.000899904 0.000790963 0.000688915 0.000594538 0.00050834 0.000430573 0.000361255 0.000300202 0.000247059 0.000201343 0.000162471 0.0001298 0.000102659 8.03701e-05 6.2277e-05 4.77589e-05 3.62438e-05 2.72161e-05 2.02203e-05 1.48623e-05 1.08063e-05 7.77192e-06 5.52845e-06 3.88929e-06 2.70583e-06 1.86152e-06 1.26637e-06 8.51903e-07 5.66815e-07 3.73229e-07 2.4363e-07 1.58379e-07 1.03764e-07 7.05151e-08 5.27316e-08 
7.23919e-08 8.08803e-08 1.0791e-07 1.58379e-07 2.41131e-07 3.70029e-07 5.65529e-07 8.56848e-07 1.28479e-06 1.90534e-06 2.79411e-06 4.05162e-06 5.80953e-06 8.23772e-06 1.1552e-05 1.60222e-05 2.19807e-05 2.98298e-05 4.00489e-05 5.31987e-05 6.99236e-05 9.09498e-05 0.000117079 0.000149176 0.000188151 0.000234934 0.000290444 0.00035555 0.000431029 0.000517519 0.000615465 0.000725077 0.00084628 0.000978676 0.00112151 0.00127368 0.00143366 0.00159962 0.00176936 0.00194039 0.00211001 0.00227534 0.00243345 0.00258137 0.00271627 0.00283546 0.00293655 0.00301745 0.00307648 0.00311241 0.00312447 0.00311241 0.00307648 0.00301745 0.00293655 0.00283546 0.00271627 0.00258137 0.00243345 0.00227534 0.00211001 0.00194039 0.00176936 0.00159962 0.00143366 0.00127368 0.00112151 0.000978676 0.00084628 0.000725077 0.000615465 0.000517519 0.000431029 0.00035555 0.000290444 0.000234934 0.000188151 0.000149176 0.000117079 9.09498e-05 6.99236e-05 5.31987e-05 4.00489e-05 2.98298e-05 2.19807e-05 1.60222e-05 1.1552e-05 8.23772e-06 5.80953e-06 4.05162e-06 2.79411e-06 1.90534e-06 1.28479e-06 8.56848e-07 5.65529e-07 3.70029e-07 2.41131e-07 1.58379e-07 1.0791e-07 8.08803e-08 
1.11984e-07 1.24997e-07 1.66409e-07 2.4363e-07 3.70029e-07 5.66515e-07 8.63872e-07 1.30594e-06 1.95377e-06 2.89088e-06 4.22966e-06 6.11907e-06 8.75354e-06 1.2383e-05 1.73237e-05 2.39699e-05 3.28049e-05 4.44115e-05 5.9481e-05 7.88188e-05 0.000103346 0.000134096 0.000172202 0.000218882 0.000275409 0.000343076 0.000423148 0.000516813 0.000625117 0.0007489 0.000888728 0.00104483 0.00121703 0.0014047 0.00160672 0.00182148 0.00204683 0.00228014 0.00251834 0.00275795 0.00299521 0.00322615 0.00344669 0.00365279 0.00384054 0.0040063 0.00414676 0.00425911 0.00434105 0.0043909 0.00440764 0.0043909 0.00434105 0.00425911 0.00414676 0.0040063 0.00384054 0.00365279 0.00344669 0.00322615 0.00299521 0.00275795 0.00251834 0.00228014 0.00204683 0.00182148 0.00160672 0.0014047 0.00121703 0.00104483 0.000888728 0.0007489 0.000625117 0.000516813 0.000423148 0.000343076 0.000275409 0.000218882 0.000172202 0.000134096 0.000103346 7.88188e-05 5.9481e-05 4.44115e-05 3.28049e-05 2.39699e-05 1.73237e-05 1.2383e-05 8.75354e-06 6.11907e-06 4.22966e-06 2.89088e-06 1.95377e-06 1.30594e-06 8.63872e-07 5.66515e-07 3.70029e-07 2.4363e-07 1.66409e-07 1.24997e-07 
1.72493e-07 1.92362e-07 2.55549e-07 3.73229e-07 5.65529e-07 8.63872e-07 1.3144e-06 1.98268e-06 2.95971e-06 4.36962e-06 6.37895e-06 9.20766e-06 1.31419e-05 1.85481e-05 2.58885e-05 3.57369e-05 4.87939e-05 6.59013e-05 8.8053e-05 0.000116402 0.000152261 0.000197094 0.000252502 0.000320192 0.000401938 0.00049953 0.000614706 0.000749079 0.00090405 0.00108072 0.00127979 0.00150149 0.00174548 0.00201078 0.00229575 0.00259805 0.00291461 0.00324174 0.00357511 0.0039099 0.00424088 0.00456258 0.0048694 0.00515579 0.00541641 0.00564629 0.00584095 0.00599654 0.00610997 0.00617896 0.00620211 0.00617896 0.00610997 0.00599654 0.00584095 0.00564629 0.00541641 0.00515579 0.0048694 0.00456258 0.00424088 0.0039099 0.00357511 0.00324174 0.00291461 0.00259805 0.00229575 0.00201078 0.00174548 0.00150149 0.00127979 0.00108072 0.00090405 0.000749079 0.000614706 0.00049953 0.000401938 0.000320192 0.000252502 0.000197094 0.000152261 0.000116402 8.8053e-05 6.59013e-05 4.87939e-05 3.57369e-05 2.58885e-05 1.85481e-05 1.31419e-05 9.20766e-06 6.37895e-06 4.36962e-06 2.95971e-06 1.98268e-06 1.3144e-06 8.63872e-07 5.65529e-07 3.73229e-07 2.55549e-07 1.92362e-07 
2.63381e-07 2.93456e-07 3.89033e-07 5.66815e-07 8.56848e-07 1.30594e-06 1.98268e-06 2.98422e-06 4.44509e-06 6.54821e-06 9.53817e-06 1.3737e-05 1.95622e-05 2.75467e-05 3.83598e-05 5.28295e-05 7.1963e-05 9.69651e-05 0.000129253 0.000170462 0.000222445 0.000287262 0.000367148 0.000464476 0.000581695 0.000721259 0.000885528 0.00107667 0.00129653 0.00154654 0.00182754 0.00213972 0.00248246 0.00285429 0.0032528 0.00367462 0.00411547 0.00457014 0.00503264 0.00549633 0.00595401 0.00639821 0.00682128 0.00721572 0.00757428 0.00789026 0.00815762 0.00837119 0.00852682 0.00862144 0.00865319 0.00862144 0.00852682 0.00837119 0.00815762 0.00789026 0.00757428 0.00721572 0.00682128 0.00639821 0.00595401 0.00549633 0.00503264 0.00457014 0.00411547 0.00367462 0.0032528 0.00285429 0.00248246 0.00213972 0.00182754 0.00154654 0.00129653 0.00107667 0.000885528 0.000721259 0.000581695 0.000464476 0.000367148 0.000287262 0.000222445 0.000170462 0.000129253 9.69651e-05 7.1963e-05 5.28295e-05 3.83598e-05 2.75467e-05 1.95622e-05 1.3737e-05 9.53817e-06 6.54821e-06 4.44509e-06 2.98422e-06 1.98268e-06 1.30594e-06 8.56848e-07 5.66815e-07 3.89033e-07 2.93456e-07 
3.98e-07 4.43049e-07 5.86114e-07 8.51903e-07 1.28479e-06 1.95377e-06 2.95971e-06 4.44509e-06 6.60667e-06 9.71111e-06 1.41139e-05 2.02814e-05 2.88164e-05 4.0485e-05 5.62467e-05 7.72832e-05 0.000105026 0.000141182 0.000187746 0.000247015 0.000321575 0.000414286 0.000528237 0.000666683 0.000832966 0.0010304 0.00126216 0.0015311 0.00183963 0.00218955 0.00258184 0.00301657 0.00349269 0.004008 0.00455903 0.00514104 0.00574801 0.00637278 0.00700713 0.00764197 0.00826758 0.00887383 0.00945047 0.0099874 0.010475 0.0109042 0.0112671 0.0115569 0.0117679 0.0118961 0.0119392 0.0118961 0.0117679 0.0115569 0.0112671 0.0109042 0.010475 0.0099874 0.00945047 0.00887383 0.00826758 0.00764197 0.00700713 0.00637278 0.00574801 0.00514104 0.00455903 0.004008 0.00349269 0.00301657 0.00258184 0.00218955 0.00183963 0.0015311 0.00126216 0.0010304 0.000832966 0.000666683 0.000528237 0.000414286 0.000321575 0.000247015 0.000187746 0.000141182 0.000105026 7.72832e-05 5.62467e-05 4.0485e-05 2.88164e-05 2.02814e-05 1.41139e-05 9.71111e-06 6.60667e-06 4.44509e-06 2.95971e-06 1.95377e-06 1.28479e-06 8.51903e-07 5.86114e-07 4.43049e-07 
5.94859e-07 6.61593e-07 8.73385e-07 1.26637e-06 1.90534e-06 2.89088e-06 4.36962e-06 6.54821e-06 9.71111e-06 1.42427e-05 2.06536e-05 2.96119e-05 4.19771e-05 5.88389e-05 8.15558e-05 0.000111795 0.000151567 0.000203258 0.000269649 0.000353919 0.000459637 0.000590723 0.000751386 0.00094604 0.00117917 0.00145521 0.00177833 0.00215226 0.00258008 0.00306398 0.00360505 0.00420311 0.00485648 0.00556192 0.00631448 0.00710755 0.00793286 0.00878063 0.00963973 0.0104979 0.0113422 0.0121591 0.012935 0.0136565 0.014311 0.0148866 0.0153728 0.0157608 0.0160432 0.0162147 0.0162723 0.0162147 0.0160432 0.0157608 0.0153728 0.0148866 0.014311 0.0136565 0.012935 0.0121591 0.0113422 0.0104979 0.00963973 0.00878063 0.00793286 0.00710755 0.00631448 0.00556192 0.00485648 0.00420311 0.00360505 0.00306398 0.00258008 0.00215226 0.00177833 0.00145521 0.00117917 0.00094604 0.000751386 0.000590723 0.000459637 0.000353919 0.000269649 0.000203258 0.000151567 0.000111795 8.15558e-05 5.88389e-05 4.19771e-05 2.96119e-05 2.06536e-05 1.42427e-05 9.71111e-06 6.54821e-06 4.36962e-06 2.89088e-06 1.90534e-06 1.26637e-06 8.73385e-07 6.61593e-07 
8.79224e-07 9.76973e-07 1.28699e-06 1.86152e-06 2.79411e-06 4.22966e-06 6.37895e-06 9.53817e-06 1.41139e-05 2.06536e-05 2.98826e-05 4.27459e-05 6.04558e-05 8.45426e-05 0.000116907 0.000159872 0.000216229 0.000289274 0.000382829 0.000501245 0.000649377 0.000832532 0.00105637 0.00132679 0.00164973 0.00203101 0.00247605 0.00298962 0.00357555 0.00423647 0.00497348 0.00578594 0.00667126 0.00762472 0.00863941 0.00970623 0.0108139 0.0119494 0.0130976 0.0142426 0.0153669 0.016453 0.0174831 0.0184397 0.0193063 0.0200678 0.0207105 0.0212229 0.0215957 0.0218221 0.0218981 0.0218221 0.0215957 0.0212229 0.0207105 0.0200678 0.0193063 0.0184397 0.0174831 0.016453 0.0153669 0.0142426 0.0130976 0.0119494 0.0108139 0.00970623 0.00863941 0.00762472 0.00667126 0.00578594 0.00497348 0.00423647 0.00357555 0.00298962 0.00247605 0.00203101 0.00164973 0.00132679 0.00105637 0.000832532 0.000649377 0.000501245 0.000382829 0.000289274 0.000216229 0.000159872 0.000116907 8.45426e-05 6.04558e-05 4.27459e-05 2.98826e-05 2.06536e-05 1.41139e-05 9.53817e-06 6.37895e-06 4.22966e-06 2.79411e-06 1.86152e-06 1.28699e-06 9.76973e-07 
1.28507e-06 1.42664e-06 1.87534e-06 2.70583e-06 4.05162e-06 6.11907e-06 9.20766e-06 1.3737e-05 2.02814e-05 2.96119e-05 4.27459e-05 6.10052e-05 8.60785e-05 0.00012009 0.000165667 0.000226006 0.000304934 0.000406946 0.000537232 0.000701668 0.000906775 0.00115964 0.00146776 0.00183891 0.00228085 0.00280109 0.00340655 0.00410321 0.00489575 0.00578718 0.00677845 0.00786823 0.00905255 0.0103247 0.0116752 0.0130915 0.0145588 0.0160594 0.0175739 0.0190809 0.0205582 0.0219827 0.0233317 0.0245827 0.0257147 0.0267082 0.027546 0.0282134 0.0286988 0.0289934 0.0290923 0.0289934 0.0286988 0.0282134 0.027546 0.0267082 0.0257147 0.0245827 0.0233317 0.0219827 0.0205582 0.0190809 0.0175739 0.0160594 0.0145588 0.0130915 0.0116752 0.0103247 0.00905255 0.00786823 0.00677845 0.00578718 0.00489575 0.00410321 0.00340655 0.00280109 0.00228085 0.00183891 0.00146776 0.00115964 0.000906775 0.000701668 0.000537232 0.000406946 0.000304934 0.000226006 0.000165667 0.00012009 8.60785e-05 6.10052e-05 4.27459e-05 2.96119e-05 2.02814e-05 1.3737e-05 9.20766e-06 6.11907e-06 4.05162e-06 2.70583e-06 1.87534e-06 1.42664e-06 
1.85741e-06 2.06015e-06 2.70229e-06 3.88929e-06 5.80953e-06 8.75354e-06 1.31419e-05 1.95622e-05 2.88164e-05 4.19771e-05 6.04558e-05 8.60785e-05 0.00012117 0.000168643 0.000232085 0.000315845 0.000425099 0.000565905 0.000745217 0.00097087 0.00125151 0.00159645 0.00201553 0.00251881 0.00311628 0.0038175 0.00463112 0.00556451 0.00662321 0.00781051 0.00912701 0.0105702 0.0121343 0.0138098 0.0155838 0.0174398 0.0193577 0.0213148 0.0232855 0.0252426 0.0271573 0.0290004 0.0307429 0.0323565 0.0338146 0.035093 0.03617 0.0370273 0.0376504 0.0380285 0.0381553 0.0380285 0.0376504 0.0370273 0.03617 0.035093 0.0338146 0.0323565 0.0307429 0.0290004 0.0271573 0.0252426 0.0232855 0.0213148 0.0193577 0.0174398 0.0155838 0.0138098 0.0121343 0.0105702 0.00912701 0.00781051 0.00662321 0.00556451 0.00463112 0.0038175 0.00311628 0.00251881 0.00201553 0.00159645 0.00125151 0.00097087 0.000745217 0.000565905 0.000425099 0.000315845 0.000232085 0.000168643 0.00012117 8.60785e-05 6.04558e-05 4.19771e-05 2.88164e-05 1.95622e-05 1.31419e-05 8.75354e-06 5.80953e-06 3.88929e-06 2.70229e-06 2.06015e-06 
2.65501e-06 2.94211e-06 3.85081e-06 5.52845e-06 8.23772e-06 1.2383e-05 1.85481e-05 2.75467e-05 4.0485e-05 5.88389e-05 8.45426e-05 0.00012009 0.000168643 0.000234148 0.000321446 0.000436377 0.000585861 0.000777957 0.00102187 0.0013279 0.00170736 0.00217236 0.00273557 0.00340986 0.00420789 0.00514158 0.00622161 0.00745681 0.00885358 0.0104153 0.0121417 0.0140288 0.0160681 0.0182466 0.0205469 0.022947 0.0254211 0.0279397 0.03047 0.0329774 0.0354255 0.0377778 0.0399978 0.0420505 0.0439029 0.045525 0.0468902 0.0479761 0.0487648 0.0492433 0.0494037 0.0492433 0.0487648 0.0479761 0.0468902 0.045525 0.0439029 0.0420505 0.0399978 0.0377778 0.0354255 0.0329774 0.03047 0.0279397 0.0254211 0.022947 0.0205469 0.0182466 0.0160681 0.0140288 0.0121417 0.0104153 0.00885358 0.00745681 0.00622161 0.00514158 0.00420789 0.00340986 0.00273557 0.00217236 0.00170736 0.0013279 0.00102187 0.000777957 0.000585861 0.000436377 0.000321446 0.000234148 0.000168643 0.00012009 8.45426e-05 5.88389e-05 4.0485e-05 2.75467e-05 1.85481e-05 1.2383e-05 8.23772e-06 5.52845e-06 3.85081e-06 2.94211e-06 
3.75343e-06 4.15548e-06 5.42716e-06 7.77192e-06 1.1552e-05 1.73237e-05 2.58885e-05 3.83598e-05 5.62467e-05 8.15558e-05 0.000116907 0.000165667 0.000232085 0.000321446 0.000440202 0.0005961 0.000798282 0.00105733 0.00138527 0.00179549 0.00230258 0.00292206 0.00367003 0.00456271 0.00561586 0.00684414 0.00826045 0.00987512 0.0116952 0.013724 0.0159598 0.0183963 0.0210214 0.0238176 0.0267618 0.0298255 0.0329752 0.0361735 0.0393791 0.0425485 0.0456365 0.0485978 0.0513876 0.053963 0.0562838 0.0583134 0.0600199 0.0613761 0.0623605 0.0629575 0.0631575 0.0629575 0.0623605 0.0613761 0.0600199 0.0583134 0.0562838 0.053963 0.0513876 0.0485978 0.0456365 0.0425485 0.0393791 0.0361735 0.0329752 0.0298255 0.0267618 0.0238176 0.0210214 0.0183963 0.0159598 0.013724 0.0116952 0.00987512 0.00826045 0.00684414 0.00561586 0.00456271 0.00367003 0.00292206 0.00230258 0.00179549 0.00138527 0.00105733 0.000798282 0.0005961 0.000440202 0.000321446 0.000232085 0.000165667 0.000116907 8.15558e-05 5.62467e-05 3.83598e-05 2.58885e-05 1.73237e-05 1.1552e-05 7.77192e-06 5.42716e-06 4.15548e-06 
5.24837e-06 5.80521e-06 7.56525e-06 1.08063e-05 1.60222e-05 2.39699e-05 3.57369e-05 5.28295e-05 7.72832e-05 0.000111795 0.000159872 0.000226006 0.000315845 0.000436377 0.0005961 0.000805173 0.00107552 0.00142086 0.00185672 0.00240026 0.00307005 0.00388571 0.00486742 0.00603529 0.00740865 0.00900519 0.0108401 0.0129253 0.0152682 0.0178712 0.0207308 0.0238373 0.027174 0.0307175 0.0344375 0.0382976 0.0422553 0.0462633 0.0502706 0.0542233 0.0580661 0.0617435 0.0652016 0.0683884 0.0712559 0.0737604 0.0758638 0.077534 0.0787455 0.0794798 0.0797258 0.0794798 0.0787455 0.077534 0.0758638 0.0737604 0.0712559 0.0683884 0.0652016 0.0617435 0.0580661 0.0542233 0.0502706 0.0462633 0.0422553 0.0382976 0.0344375 0.0307175 0.027174 0.0238373 0.0207308 0.0178712 0.0152682 0.0129253 0.0108401 0.00900519 0.00740865 0.00603529 0.00486742 0.00388571 0.00307005 0.00240026 0.00185672 0.00142086 0.00107552 0.000805173 0.0005961 0.000436377 0.000315845 0.000226006 0.000159872 0.000111795 7.72832e-05 5.28295e-05 3.57369e-05 2.39699e-05 1.60222e-05 1.08063e-05 7.56525e-06 5.80521e-06 
7.25916e-06 8.02194e-06 1.04313e-05 1.48623e-05 2.19807e-05 3.28049e-05 4.87939e-05 7.1963e-05 0.000105026 0.000151567 0.000216229 0.000304934 0.000425099 0.000585861 0.000798282 0.00107552 0.00143293 0.00188811 0.00246081 0.00317277 0.00404731 0.00510889 0.00638243 0.0078925 0.00966239 0.0117131 0.0140621 0.0167226 0.0197019 0.023001 0.0266136 0.0305252 0.0347133 0.0391471 0.0437877 0.0485887 0.0534971 0.0584543 0.0633978 0.0682618 0.0729796 0.0774849 0.081713 0.0856026 0.0890969 0.0921447 0.0947013 0.0967295 0.0981996 0.0990903 0.0993887 0.0990903 0.0981996 0.0967295 0.0947013 0.0921447 0.0890969 0.0856026 0.081713 0.0774849 0.0729796 0.0682618 0.0633978 0.0584543 0.0534971 0.0485887 0.0437877 0.0391471 0.0347133 0.0305252 0.0266136 0.023001 0.0197019 0.0167226 0.0140621 0.0117131 0.00966239 0.0078925 0.00638243 0.00510889 0.00404731 0.00317277 0.00246081 0.00188811 0.00143293 0.00107552 0.000798282 0.000585861 0.000425099 0.000304934 0.000216229 0.000151567 0.000105026 7.1963e-05 4.87939e-05 3.28049e-05 2.19807e-05 1.48623e-05 1.04313e-05 8.02194e-06 
9.93223e-06 1.09658e-05 1.42282e-05 2.02203e-05 2.98298e-05 4.44115e-05 6.59013e-05 9.69651e-05 0.000141182 0.000203258 0.000289274 0.000406946 0.000565905 0.000777957 0.00105733 0.00142086 0.00188811 0.00248133 0.00322539 0.00414741 0.00527633 0.0066422 0.00827536 0.0102053 0.0124597 0.0150629 0.0180347 0.0213888 0.0251321 0.0292631 0.0337712 0.0386362 0.0438279 0.0493063 0.0550221 0.0609173 0.0669265 0.0729782 0.0789965 0.0849029 0.090618 0.0960633 0.101163 0.105846 0.110045 0.113703 0.116768 0.119196 0.120956 0.122021 0.122378 0.122021 0.120956 0.119196 0.116768 0.113703 0.110045 0.105846 0.101163 0.0960633 0.090618 0.0849029 0.0789965 0.0729782 0.0669265 0.0609173 0.0550221 0.0493063 0.0438279 0.0386362 0.0337712 0.0292631 0.0251321 0.0213888 0.0180347 0.0150629 0.0124597 0.0102053 0.00827536 0.0066422 0.00527633 0.00414741 0.00322539 0.00248133 0.00188811 0.00142086 0.00105733 0.000777957 0.000565905 0.000406946 0.000289274 0.000203258 0.000141182 9.69651e-05 6.59013e-05 4.44115e-05 2.98298e-05 2.02203e-05 1.42282e-05 1.09658e-05 
1.34443e-05 1.48298e-05 1.91999e-05 2.72161e-05 4.00489e-05 5.9481e-05 8.8053e-05 0.000129253 0.000187746 0.000269649 0.000382829 0.000537232 0.000745217 0.00102187 0.00138527 0.00185672 0.00246081 0.00322539 0.00418131 0.00536205 0.00680298 0.00854054 0.0106111 0.0130496 0.0158882 0.0191545 0.0228702 0.0270493 0.0316969 0.0368078 0.0423657 0.0483429 0.0546997 0.0613851 0.0683372 0.0754845 0.0827475 0.09004 0.0972718 0.10435 0.111181 0.117675 0.123743 0.129304 0.134283 0.138612 0.142235 0.145103 0.147179 0.148435 0.148856 0.148435 0.147179 0.145103 0.142235 0.138612 0.134283 0.129304 0.123743 0.117675 0.111181 0.10435 0.0972718 0.09004 0.0827475 0.0754845 0.0683372 0.0613851 0.0546997 0.0483429 0.0423657 0.0368078 0.0316969 0.0270493 0.0228702 0.0191545 0.0158882 0.0130496 0.0106111 0.00854054 0.00680298 0.00536205 0.00418131 0.00322539 0.00246081 0.00185672 0.00138527 0.00102187 0.000745217 0.000537232 0.000382829 0.000269649 0.000187746 0.000129253 8.8053e-05 5.9481e-05 4.00489e-05 2.72161e-05 1.91999e-05 1.48298e-05 
1.80053e-05 1.98426e-05 2.56341e-05 3.62438e-05 5.31987e-05 7.88188e-05 0.000116402 0.000170462 0.000247015 0.000353919 0.000501245 0.000701668 0.00097087 0.0013279 0.00179549 0.00240026 0.00317277 0.00414741 0.00536205 0.00685741 0.00867621 0.010862 0.0134577 0.016504 0.0200377 0.0240893 0.0286818 0.0338284 0.0395313 0.04578 0.0525508 0.0598063 0.0674953 0.0755536 0.0839047 0.0924619 0.101129 0.109805 0.118383 0.126755 0.134813 0.142454 0.149578 0.156093 0.161915 0.16697 0.171194 0.174534 0.176949 0.178411 0.1789 0.178411 0.176949 0.174534 0.171194 0.16697 0.161915 0.156093 0.149578 0.142454 0.134813 0.126755 0.118383 0.109805 0.101129 0.0924619 0.0839047 0.0755536 0.0674953 0.0598063 0.0525508 0.04578 0.0395313 0.0338284 0.0286818 0.0240893 0.0200377 0.016504 0.0134577 0.010862 0.00867621 0.00685741 0.00536205 0.00414741 0.00317277 0.00240026 0.00179549 0.0013279 0.00097087 0.000701668 0.000501245 0.000353919 0.000247015 0.000170462 0.000116402 7.88188e-05 5.31987e-05 3.62438e-05 2.56341e-05 1.98426e-05 
2.38595e-05 2.62704e-05 3.38646e-05 4.77589e-05 6.99236e-05 0.000103346 0.000152261 0.000222445 0.000321575 0.000459637 0.000649377 0.000906775 0.00125151 0.00170736 0.00230258 0.00307005 0.00404731 0.00527633 0.00680298 0.00867621 0.0109469 0.0136663 0.0168845 0.0206479 0.0249976 0.0299668 0.0355786 0.0418444 0.0487615 0.0563126 0.0644642 0.0731671 0.0823563 0.091952 0.101861 0.11198 0.122194 0.132385 0.142429 0.152204 0.161586 0.170458 0.178711 0.186241 0.192958 0.198779 0.203637 0.207473 0.210245 0.211921 0.212482 0.211921 0.210245 0.207473 0.203637 0.198779 0.192958 0.186241 0.178711 0.170458 0.161586 0.152204 0.142429 0.132385 0.122194 0.11198 0.101861 0.091952 0.0823563 0.0731671 0.0644642 0.0563126 0.0487615 0.0418444 0.0355786 0.0299668 0.0249976 0.0206479 0.0168845 0.0136663 0.0109469 0.00867621 0.00680298 0.00527633 0.00404731 0.00307005 0.00230258 0.00170736 0.00125151 0.000906775 0.000649377 0.000459637 0.000321575 0.000222445 0.000152261 0.000103346 6.99236e-05 4.77589e-05 3.38646e-05 2.62704e-05 
3.12869e-05 3.44173e-05 4.42713e-05 6.2277e-05 9.09498e-05 0.000134096 0.000197094 0.000287262 0.000414286 0.000590723 0.000832532 0.00115964 0.00159645 0.00217236 0.00292206 0.00388571 0.00510889 0.0066422 0.00854054 0.010862 0.0136663 0.0170132 0.0209596 0.0255581 0.0308535 0.0368805 0.0436615 0.051204 0.0594989 0.0685193 0.07822 0.0885373 0.0993898 0.11068 0.122296 0.134115 0.146004 0.157826 0.169439 0.180705 0.191487 0.201656 0.21109 0.219678 0.227323 0.233937 0.239447 0.243794 0.246932 0.248827 0.249461 0.248827 0.246932 0.243794 0.239447 0.233937 0.227323 0.219678 0.21109 0.201656 0.191487 0.180705 0.169439 0.157826 0.146004 0.134115 0.122296 0.11068 0.0993898 0.0885373 0.07822 0.0685193 0.0594989 0.051204 0.0436615 0.0368805 0.0308535 0.0255581 0.0209596 0.0170132 0.0136663 0.010862 0.00854054 0.0066422 0.00510889 0.00388571 0.00292206 0.00217236 0.00159645 0.00115964 0.000832532 0.000590723 0.000414286 0.000287262 0.000197094 0.000134096 9.09498e-05 6.2277e-05 4.42713e-05 3.44173e-05 
4.0601e-05 4.46237e-05 5.72777e-05 8.03701e-05 0.000117079 0.000172202 0.000252502 0.000367148 0.000528237 0.000751386 0.00105637 0.00146776 0.00201553 0.00273557 0.00367003 0.00486742 0.00638243 0.00827536 0.0106111 0.0134577 0.0168845 0.0209596 0.0257476 0.0313061 0.037683 0.0449136 0.0530176 0.0619966 0.0718328 0.0824874 0.0939005 0.105991 0.11866 0.131788 0.145244 0.158883 0.172553 0.186097 0.199357 0.212179 0.224412 0.235916 0.24656 0.256227 0.264812 0.272225 0.278392 0.28325 0.286753 0.288869 0.289576 0.288869 0.286753 0.28325 0.278392 0.272225 0.264812 0.256227 0.24656 0.235916 0.224412 0.212179 0.199357 0.186097 0.172553 0.158883 0.145244 0.131788 0.11866 0.105991 0.0939005 0.0824874 0.0718328 0.0619966 0.0530176 0.0449136 0.037683 0.0313061 0.0257476 0.0209596 0.0168845 0.0134577 0.0106111 0.00827536 0.00638243 0.00486742 0.00367003 0.00273557 0.00201553 0.00146776 0.00105637 0.000751386 0.000528237 0.000367148 0.000252502 0.000172202 0.000117079 8.03701e-05 5.72777e-05 4.46237e-05 
5.21462e-05 5.72625e-05 7.33457e-05 0.000102659 0.000149176 0.000218882 0.000320192 0.000464476 0.000666683 0.00094604 0.00132679 0.00183891 0.00251881 0.00340986 0.00456271 0.00603529 0.0078925 0.0102053 0.0130496 0.016504 0.0206479 0.0255581 0.0313061 0.0379542 0.0455522 0.0541341 0.063715 0.0742884 0.0858249 0.0982709 0.111549 0.125559 0.140179 0.155268 0.170673 0.186227 0.201757 0.217087 0.232042 0.246453 0.260158 0.273006 0.284861 0.2956 0.305114 0.313314 0.320123 0.32548 0.329339 0.331667 0.332445 0.331667 0.329339 0.32548 0.320123 0.313314 0.305114 0.2956 0.284861 0.273006 0.260158 0.246453 0.232042 0.217087 0.201757 0.186227 0.170673 0.155268 0.140179 0.125559 0.111549 0.0982709 0.0858249 0.0742884 0.063715 0.0541341 0.0455522 0.0379542 0.0313061 0.0255581 0.0206479 0.016504 0.0130496 0.0102053 0.0078925 0.00603529 0.00456271 0.00340986 0.00251881 0.00183891 0.00132679 0.00094604 0.000666683 0.000464476 0.000320192 0.000218882 0.000149176 0.000102659 7.33457e-05 5.72625e-05 
6.62913e-05 7.27325e-05 9.2967e-05 0.0001298 0.000188151 0.000275409 0.000401938 0.000581695 0.000832966 0.00117917 0.00164973 0.00228085 0.00311628 0.00420789 0.00561586 0.00740865 0.00966239 0.0124597 0.0158882 0.0200377 0.0249976 0.0308535 0.037683 0.0455522 0.0545111 0.0645905 0.0757982 0.088117 0.101503 0.115885 0.131164 0.147219 0.163902 0.181051 0.198486 0.216019 0.233455 0.250599 0.267263 0.283261 0.298425 0.312595 0.32563 0.337406 0.347814 0.356765 0.364183 0.370011 0.374205 0.376733 0.377577 0.376733 0.374205 0.370011 0.364183 0.356765 0.347814 0.337406 0.32563 0.312595 0.298425 0.283261 0.267263 0.250599 0.233455 0.216019 0.198486 0.181051 0.163902 0.147219 0.131164 0.115885 0.101503 0.088117 0.0757982 0.0645905 0.0545111 0.0455522 0.037683 0.0308535 0.0249976 0.0200377 0.0158882 0.0124597 0.00966239 0.00740865 0.00561586 0.00420789 0.00311628 0.00228085 0.00164973 0.00117917 0.000832966 0.000581695 0.000401938 0.000275409 0.000188151 0.0001298 9.2967e-05 7.27325e-05 
8.34207e-05 9.14486e-05 0.000116651 0.000162471 0.000234934 0.000343076 0.00049953 0.000721259 0.0010304 0.00145521 0.00203101 0.00280109 0.0038175 0.00514158 0.00684414 0.00900519 0.0117131 0.0150629 0.0191545 0.0240893 0.0299668 0.0368805 0.0449136 0.0541341 0.0645905 0.0763076 0.0892837 0.103488 0.118857 0.135301 0.152696 0.170896 0.189727 0.209001 0.228513 0.248052 0.267403 0.286354 0.304701 0.322249 0.338822 0.354257 0.368411 0.381161 0.392401 0.402044 0.410022 0.416279 0.420775 0.423484 0.424389 0.423484 0.420775 0.416279 0.410022 0.402044 0.392401 0.381161 0.368411 0.354257 0.338822 0.322249 0.304701 0.286354 0.267403 0.248052 0.228513 0.209001 0.189727 0.170896 0.152696 0.135301 0.118857 0.103488 0.0892837 0.0763076 0.0645905 0.0541341 0.0449136 0.0368805 0.0299668 0.0240893 0.0191545 0.0150629 0.0117131 0.00900519 0.00684414 0.00514158 0.0038175 0.00280109 0.00203101 0.00145521 0.0010304 0.000721259 0.00049953 0.000343076 0.000234934 0.000162471 0.000116651 9.14486e-05 
0.000103923 0.000113829 0.000144908 0.000201343 0.000290444 0.000423148 0.000614706 0.000885528 0.00126216 0.00177833 0.00247605 0.00340655 0.00463112 0.00622161 0.00826045 0.0108401 0.0140621 0.0180347 0.0228702 0.0286818 0.0355786 0.0436615 0.0530176 0.063715 0.0757982 0.0892837 0.104157 0.120369 0.137837 0.156444 0.176043 0.196458 0.217489 0.238918 0.260517 0.282051 0.303287 0.323996 0.343962 0.362985 0.380882 0.397491 0.412672 0.426304 0.438288 0.448546 0.457014 0.463644 0.468403 0.471268 0.472224 0.471268 0.468403 0.463644 0.457014 0.448546 0.438288 0.426304 0.412672 0.397491 0.380882 0.362985 0.343962 0.323996 0.303287 0.282051 0.260517 0.238918 0.217489 0.196458 0.176043 0.156444 0.137837 0.120369 0.104157 0.0892837 0.0757982 0.063715 0.0530176 0.0436615 0.0355786 0.0286818 0.0228702 0.0180347 0.0140621 0.0108401 0.00826045 0.00622161 0.00463112 0.00340655 0.00247605 0.00177833 0.00126216 0.000885528 0.000614706 0.000423148 0.000290444 0.000201343 0.000144908 0.000113829 
0.000128176 0.00014028 0.00017823 0.000247059 0.00035555 0.000516813 0.000749079 0.00107667 0.0015311 0.00215226 0.00298962 0.00410321 0.00556451 0.00745681 0.00987512 0.0129253 0.0167226 0.0213888 0.0270493 0.0338284 0.0418444 0.051204 0.0619966 0.0742884 0.088117 0.103488 0.120369 0.138691 0.158347 0.179194 0.201054 0.22372 0.246965 0.270542 0.294198 0.317676 0.340726 0.363105 0.38459 0.404974 0.424076 0.441737 0.457822 0.472219 0.48484 0.495614 0.504488 0.511425 0.516397 0.519386 0.520384 0.519386 0.516397 0.511425 0.504488 0.495614 0.48484 0.472219 0.457822 0.441737 0.424076 0.404974 0.38459 0.363105 0.340726 0.317676 0.294198 0.270542 0.246965 0.22372 0.201054 0.179194 0.158347 0.138691 0.120369 0.103488 0.088117 0.0742884 0.0619966 0.051204 0.0418444 0.0338284 0.0270493 0.0213888 0.0167226 0.0129253 0.00987512 0.00745681 0.00556451 0.00410321 0.00298962 0.00215226 0.0015311 0.00107667 0.000749079 0.000516813 0.00035555 0.000247059 0.00017823 0.00014028 
0.00015653 0.000171176 0.000217067 0.000300202 0.000431029 0.000625117 0.00090405 0.00129653 0.00183963 0.00258008 0.00357555 0.00489575 0.00662321 0.00885358 0.0116952 0.0152682 0.0197019 0.0251321 0.0316969 0.0395313 0.0487615 0.0594989 0.0718328 0.0858249 0.101503 0.118857 0.137837 0.158347 0.180255 0.203385 0.227528 0.252446 0.277882 0.30356 0.329204 0.354535 0.379289 0.403213 0.426078 0.447678 0.467835 0.486397 0.50324 0.518264 0.531393 0.542571 0.551756 0.558921 0.56405 0.56713 0.568158 0.56713 0.56405 0.558921 0.551756 0.542571 0.531393 0.518264 0.50324 0.486397 0.467835 0.447678 0.426078 0.403213 0.379289 0.354535 0.329204 0.30356 0.277882 0.252446 0.227528 0.203385 0.180255 0.158347 0.137837 0.118857 0.101503 0.0858249 0.0718328 0.0594989 0.0487615 0.0395313 0.0316969 0.0251321 0.0197019 0.0152682 0.0116952 0.00885358 0.00662321 0.00489575 0.00357555 0.00258008 0.00183963 0.00129653 0.00090405 0.000625117 0.000431029 0.000300202 0.000217067 0.000171176 
0.000189286 0.000206837 0.000261801 0.000361255 0.000517519 0.0007489 0.00108072 0.00154654 0.00218955 0.00306398 0.00423647 0.00578718 0.00781051 0.0104153 0.013724 0.0178712 0.023001 0.0292631 0.0368078 0.04578 0.0563126 0.0685193 0.0824874 0.0982709 0.115885 0.135301 0.156444 0.179194 0.203385 0.228808 0.255223 0.282358 0.309923 0.337617 0.36514 0.392198 0.41851 0.44382 0.467896 0.490537 0.511573 0.530864 0.548299 0.563795 0.577292 0.588748 0.598139 0.60545 0.610674 0.613809 0.614854 0.613809 0.610674 0.60545 0.598139 0.588748 0.577292 0.563795 0.548299 0.530864 0.511573 0.490537 0.467896 0.44382 0.41851 0.392198 0.36514 0.337617 0.309923 0.282358 0.255223 0.228808 0.203385 0.179194 0.156444 0.135301 0.115885 0.0982709 0.0824874 0.0685193 0.0563126 0.04578 0.0368078 0.0292631 0.023001 0.0178712 0.013724 0.0104153 0.00781051 0.00578718 0.00423647 0.00306398 0.00218955 0.00154654 0.00108072 0.0007489 0.000517519 0.000361255 0.000261801 0.000206837 
0.000226677 0.000247512 0.000312717 0.000430573 0.000615465 0.000888728 0.00127979 0.00182754 0.00258184 0.00360505 0.00497348 0.00677845 0.00912701 0.0121417 0.0159598 0.0207308 0.0266136 0.0337712 0.0423657 0.0525508 0.0644642 0.07822 0.0939005 0.111549 0.131164 0.152696 0.176043 0.201054 0.227528 0.255223 0.283862 0.31314 0.342738 0.372328 0.401589 0.43021 0.457905 0.484414 0.509508 0.532994 0.554714 0.574545 0.592393 0.608196 0.621911 0.633516 0.643004 0.650374 0.655631 0.658782 0.659832 0.658782 0.655631 0.650374 0.643004 0.633516 0.621911 0.608196 0.592393 0.574545 0.554714 0.532994 0.509508 0.484414 0.457905 0.43021 0.401589 0.372328 0.342738 0.31314 0.283862 0.255223 0.227528 0.201054 0.176043 0.152696 0.131164 0.111549 0.0939005 0.07822 0.0644642 0.0525508 0.0423657 0.0337712 0.0266136 0.0207308 0.0159598 0.0121417 0.00912701 0.00677845 0.00497348 0.00360505 0.00258184 0.00182754 0.00127979 0.000888728 0.000615465 0.000430573 0.000312717 0.000247512 
0.000268846 0.000293346 0.000369978 0.00050834 0.000725077 0.00104483 0.00150149 0.00213972 0.00301657 0.00420311 0.00578594 0.00786823 0.0105702 0.0140288 0.0183963 0.0238373 0.0305252 0.0386362 0.0483429 0.0598063 0.0731671 0.0885373 0.105991 0.125559 0.147219 0.170896 0.196458 0.22372 0.252446 0.282358 0.31314 0.344456 0.375957 0.407291 0.438117 0.468116 0.496994 0.524493 0.550393 0.574512 0.596711 0.616885 0.634962 0.650902 0.664684 0.676307 0.685782 0.693125 0.698353 0.701483 0.702525 0.701483 0.698353 0.693125 0.685782 0.676307 0.664684 0.650902 0.634962 0.616885 0.596711 0.574512 0.550393 0.524493 0.496994 0.468116 0.438117 0.407291 0.375957 0.344456 0.31314 0.282358 0.252446 0.22372 0.196458 0.170896 0.147219 0.125559 0.105991 0.0885373 0.0731671 0.0598063 0.0483429 0.0386362 0.0305252 0.0238373 0.0183963 0.0140288 0.0105702 0.00786823 0.00578594 0.00420311 0.00301657 0.00213972 0.00150149 0.00104483 0.000725077 0.00050834 0.000369978 0.000293346 
0.000315823 0.000344366 0.000433597 0.000594538 0.00084628 0.00121703 0.00174548 0.00248246 0.00349269 0.00485648 0.00667126 0.00905255 0.0121343 0.0160681 0.0210214 0.027174 0.0347133 0.0438279 0.0546997 0.0674953 0.0823563 0.0993898 0.11866 0.140179 0.163902 0.189727 0.217489 0.246965 0.277882 0.309923 0.342738 0.375957 0.409203 0.442102 0.474301 0.505468 0.535313 0.563581 0.590066 0.614602 0.63707 0.657389 0.675512 0.691422 0.705124 0.716639 0.725996 0.733229 0.738369 0.741442 0.742465 0.741442 0.738369 0.733229 0.725996 0.716639 0.705124 0.691422 0.675512 0.657389 0.63707 0.614602 0.590066 0.563581 0.535313 0.505468 0.474301 0.442102 0.409203 0.375957 0.342738 0.309923 0.277882 0.246965 0.217489 0.189727 0.163902 0.140179 0.11866 0.0993898 0.0823563 0.0674953 0.0546997 0.0438279 0.0347133 0.027174 0.0210214 0.0160681 0.0121343 0.00905255 0.00667126 0.00485648 0.00349269 0.00248246 0.00174548 0.00121703 0.00084628 0.000594538 0.000433597 0.000344366 
0.000367508 0.000400458 0.000503411 0.000688915 0.000978676 0.0014047 0.00201078 0.00285429 0.004008 0.00556192 0.00762472 0.0103247 0.0138098 0.0182466 0.0238176 0.0307175 0.0391471 0.0493063 0.0613851 0.0755536 0.091952 0.11068 0.131788 0.155268 0.181051 0.209001 0.238918 0.270542 0.30356 0.337617 0.372328 0.407291 0.442102 0.476372 0.509731 0.541849 0.572435 0.601248 0.628095 0.652832 0.675365 0.695637 0.713631 0.729354 0.742838 0.754127 0.76327 0.770318 0.775316 0.7783 0.779292 0.7783 0.775316 0.770318 0.76327 0.754127 0.742838 0.729354 0.713631 0.695637 0.675365 0.652832 0.628095 0.601248 0.572435 0.541849 0.509731 0.476372 0.442102 0.407291 0.372328 0.337617 0.30356 0.270542 0.238918 0.209001 0.181051 0.155268 0.131788 0.11068 0.091952 0.0755536 0.0613851 0.0493063 0.0391471 0.0307175 0.0238176 0.0182466 0.0138098 0.0103247 0.00762472 0.00556192 0.004008 0.00285429 0.00201078 0.0014047 0.000978676 0.000688915 0.000503411 0.000400458 
0.000423654 0.000461348 0.000579063 0.000790963 0.00112151 0.00160672 0.00229575 0.0032528 0.00455903 0.00631448 0.00863941 0.0116752 0.0155838 0.0205469 0.0267618 0.0344375 0.0437877 0.0550221 0.0683372 0.0839047 0.101861 0.122296 0.145244 0.170673 0.198486 0.228513 0.260517 0.294198 0.329204 0.36514 0.401589 0.438117 0.474301 0.509731 0.544035 0.57688 0.607983 0.637118 0.664112 0.688846 0.71125 0.731299 0.749002 0.764397 0.777539 0.788497 0.797341 0.804138 0.808948 0.811814 0.812767 0.811814 0.808948 0.804138 0.797341 0.788497 0.777539 0.764397 0.749002 0.731299 0.71125 0.688846 0.664112 0.637118 0.607983 0.57688 0.544035 0.509731 0.474301 0.438117 0.401589 0.36514 0.329204 0.294198 0.260517 0.228513 0.198486 0.170673 0.145244 0.122296 0.101861 0.0839047 0.0683372 0.0550221 0.0437877 0.0344375 0.0267618 0.0205469 0.0155838 0.0116752 0.00863941 0.00631448 0.00455903 0.0032528 0.00229575 0.00160672 0.00112151 0.000790963 0.000579063 0.000461348 
0.00048386 0.000526596 0.000659994 0.000899904 0.00127368 0.00182148 0.00259805 0.00367462 0.00514104 0.00710755 0.00970623 0.0130915 0.0174398 0.022947 0.0298255 0.0382976 0.0485887 0.0609173 0.0754845 0.0924619 0.11198 0.134115 0.158883 0.186227 0.216019 0.248052 0.282051 0.317676 0.354535 0.392198 0.43021 0.468116 0.505468 0.541849 0.57688 0.610233 0.641637 0.670884 0.697824 0.722366 0.744468 0.764135 0.781407 0.796349 0.809044 0.819583 0.828057 0.834549 0.839131 0.841858 0.842763 0.841858 0.839131 0.834549 0.828057 0.819583 0.809044 0.796349 0.781407 0.764135 0.744468 0.722366 0.697824 0.670884 0.641637 0.610233 0.57688 0.541849 0.505468 0.468116 0.43021 0.392198 0.354535 0.317676 0.282051 0.248052 0.216019 0.186227 0.158883 0.134115 0.11198 0.0924619 0.0754845 0.0609173 0.0485887 0.0382976 0.0298255 0.022947 0.0174398 0.0130915 0.00970623 0.00710755 0.00514104 0.00367462 0.00259805 0.00182148 0.00127368 0.000899904 0.000659994 0.000526596 
0.000547559 0.000595585 0.000745428 0.00101468 0.00143366 0.00204683 0.00291461 0.00411547 0.00574801 0.00793286 0.0108139 0.0145588 0.0193577 0.0254211 0.0329752 0.0422553 0.0534971 0.0669265 0.0827475 0.101129 0.122194 0.146004 0.172553 0.201757 0.233455 0.267403 0.303287 0.340726 0.379289 0.41851 0.457905 0.496994 0.535313 0.572435 0.607983 0.641637 0.673142 0.702309 0.729016 0.753198 0.774848 0.793999 0.810723 0.825112 0.837275 0.847325 0.855373 0.861518 0.865844 0.868414 0.869266 0.868414 0.865844 0.861518 0.855373 0.847325 0.837275 0.825112 0.810723 0.793999 0.774848 0.753198 0.729016 0.702309 0.673142 0.641637 0.607983 0.572435 0.535313 0.496994 0.457905 0.41851 0.379289 0.340726 0.303287 0.267403 0.233455 0.201757 0.172553 0.146004 0.122194 0.101129 0.0827475 0.0669265 0.0534971 0.0422553 0.0329752 0.0254211 0.0193577 0.0145588 0.0108139 0.00793286 0.00574801 0.00411547 0.00291461 0.00204683 0.00143366 0.00101468 0.000745428 0.000595585 
0.000614026 0.000667529 0.000834387 0.00113397 0.00159962 0.00228014 0.00324174 0.00457014 0.00637278 0.00878063 0.0119494 0.0160594 0.0213148 0.0279397 0.0361735 0.0462633 0.0584543 0.0729782 0.09004 0.109805 0.132385 0.157826 0.186097 0.217087 0.250599 0.286354 0.323996 0.363105 0.403213 0.44382 0.484414 0.524493 0.563581 0.601248 0.637118 0.670884 0.702309 0.731229 0.757547 0.781232 0.802306 0.820835 0.836918 0.850677 0.862245 0.871757 0.879341 0.885111 0.889161 0.891562 0.892357 0.891562 0.889161 0.885111 0.879341 0.871757 0.862245 0.850677 0.836918 0.820835 0.802306 0.781232 0.757547 0.731229 0.702309 0.670884 0.637118 0.601248 0.563581 0.524493 0.484414 0.44382 0.403213 0.363105 0.323996 0.286354 0.250599 0.217087 0.186097 0.157826 0.132385 0.109805 0.09004 0.0729782 0.0584543 0.0462633 0.0361735 0.0279397 0.0213148 0.0160594 0.0119494 0.00878063 0.00637278 0.00457014 0.00324174 0.00228014 0.00159962 0.00113397 0.000834387 0.000667529 
