1.66696e-09 1.93447e-09 2.80749e-09 4.5117e-09 7.47236e-09 1.23945e-08 2.03886e-08 3.31545e-08 5.32435e-08 8.44178e-08 1.32136e-07 2.04192e-07 3.11538e-07 4.69313e-07 6.98116e-07 1.02551e-06 1.48776e-06 2.13178e-06 3.01725e-06 4.21867e-06 5.8274e-06 7.95335e-06 1.07261e-05 1.42952e-05 1.88293e-05 2.45139e-05 3.15476e-05 4.0136e-05 5.04841e-05 6.27864e-05 7.72158e-05 9.39107e-05 0.000112962 0.0001344 0.000158182 0.000184184 0.000212192 0.0002419 0.000272912 0.000304749 0.000336858 0.000368631 0.000399421 0.000428566 0.000455412 0.000479335 0.000499765 0.000516204 0.000528249 0.000535599 0.000538069 0.000535599 0.000528249 0.000516204 0.000499765 0.000479335 0.000455412 0.000428566 0.000399421 0.000368631 0.000336858 0.000304749 0.000272912 0.0002419 0.000212192 0.000184184 0.000158182 0.0001344 0.000112962 9.39107e-05 7.72158e-05 6.27864e-05 5.04841e-05 4.0136e-05 3.15476e-05 2.45139e-05 1.88293e-05 1.42952e-05 1.07261e-05 7.95335e-06 5.8274e-06 4.21867e-06 3.01725e-06 2.13178e-06 1.48776e-06 1.02551e-06 6.98116e-07 4.69313e-07 3.11538e-07 2.04192e-07 1.32136e-07 8.44178e-08 5.32435e-08 3.31545e-08 2.03886e-08 1.23945e-08 7.47236e-09 4.5117e-09 2.80749e-09 1.93447e-09 
1.93447e-09 2.24366e-09 3.25231e-09 5.21984e-09 8.63471e-09 1.43059e-08 2.35057e-08 3.81798e-08 6.12433e-08 9.69892e-08 1.51637e-07 2.34052e-07 3.56672e-07 5.36666e-07 7.97349e-07 1.16987e-06 1.69514e-06 2.42602e-06 3.42956e-06 4.78939e-06 6.60784e-06 9.00779e-06 1.21338e-05 1.61525e-05 2.12512e-05 2.76359e-05 3.5526e-05 4.51487e-05 5.67293e-05 7.04814e-05 8.65936e-05 0.000105216 0.000126445 0.00015031 0.000176761 0.000205654 0.000236751 0.000269709 0.000304089 0.00033936 0.000374909 0.000410066 0.000444117 0.000476335 0.000505998 0.000532423 0.000554982 0.00057313 0.000586425 0.000594536 0.000597263 0.000594536 0.000586425 0.00057313 0.000554982 0.000532423 0.000505998 0.000476335 0.000444117 0.000410066 0.000374909 0.00033936 0.000304089 0.000269709 0.000236751 0.000205654 0.000176761 0.00015031 0.000126445 0.000105216 8.65936e-05 7.04814e-05 5.67293e-05 4.51487e-05 3.5526e-05 2.76359e-05 2.12512e-05 1.61525e-05 1.21338e-05 9.00779e-06 6.60784e-06 4.78939e-06 3.42956e-06 2.42602e-06 1.69514e-06 1.16987e-06 7.97349e-07 5.36666e-07 3.56672e-07 2.34052e-07 1.51637e-07 9.69892e-08 6.12433e-08 3.81798e-08 2.35057e-08 1.43059e-08 8.63471e-09 5.21984e-09 3.25231e-09 2.24366e-09 
2.80749e-09 3.25231e-09 4.70213e-09 7.52572e-09 1.24162e-08 2.05187e-08 3.36295e-08 5.44868e-08 8.71805e-08 1.37714e-07 2.14754e-07 3.30613e-07 5.02501e-07 7.54089e-07 1.1174e-06 1.63506e-06 2.36282e-06 3.37243e-06 4.75457e-06 6.62179e-06 9.11131e-06 1.23871e-05 1.66414e-05 2.20943e-05 2.89926e-05 3.76059e-05 4.82202e-05 6.11293e-05 7.66233e-05 9.49739e-05 0.000116419 0.000141144 0.000169262 0.000200801 0.00023568 0.000273701 0.000314541 0.000357746 0.000402736 0.000448816 0.000495191 0.000540992 0.000585297 0.000627169 0.000665683 0.000699963 0.000729207 0.000752721 0.000769938 0.00078044 0.000783969 0.00078044 0.000769938 0.000752721 0.000729207 0.000699963 0.000665683 0.000627169 0.000585297 0.000540992 0.000495191 0.000448816 0.000402736 0.000357746 0.000314541 0.000273701 0.00023568 0.000200801 0.000169262 0.000141144 0.000116419 9.49739e-05 7.66233e-05 6.11293e-05 4.82202e-05 3.76059e-05 2.89926e-05 2.20943e-05 1.66414e-05 1.23871e-05 9.11131e-06 6.62179e-06 4.75457e-06 3.37243e-06 2.36282e-06 1.63506e-06 1.1174e-06 7.54089e-07 5.02501e-07 3.30613e-07 2.14754e-07 1.37714e-07 8.71805e-08 5.44868e-08 3.36295e-08 2.05187e-08 1.24162e-08 7.52572e-09 4.70213e-09 3.25231e-09 
4.5117e-09 5.21984e-09 7.52572e-09 1.20088e-08 1.97561e-08 3.25591e-08 5.3219e-08 8.59924e-08 1.37215e-07 2.16151e-07 3.36128e-07 5.16004e-07 7.82034e-07 1.17018e-06 1.7289e-06 2.5224e-06 3.63431e-06 5.17174e-06 7.26944e-06 1.00939e-05 1.38471e-05 1.87691e-05 2.51398e-05 3.32784e-05 4.35403e-05 5.63114e-05 7.19988e-05 9.10174e-05 0.000113773 0.000140643 0.000171951 0.000207944 0.000248765 0.000294428 0.0003448 0.000399577 0.000458278 0.000520244 0.000584639 0.000650468 0.000716602 0.00078181 0.000844796 0.000904245 0.000958862 0.00100743 0.00104882 0.00108208 0.00110642 0.00112126 0.00112625 0.00112126 0.00110642 0.00108208 0.00104882 0.00100743 0.000958862 0.000904245 0.000844796 0.00078181 0.000716602 0.000650468 0.000584639 0.000520244 0.000458278 0.000399577 0.0003448 0.000294428 0.000248765 0.000207944 0.000171951 0.000140643 0.000113773 9.10174e-05 7.19988e-05 5.63114e-05 4.35403e-05 3.32784e-05 2.51398e-05 1.87691e-05 1.38471e-05 1.00939e-05 7.26944e-06 5.17174e-06 3.63431e-06 2.5224e-06 1.7289e-06 1.17018e-06 7.82034e-07 5.16004e-07 3.36128e-07 2.16151e-07 1.37215e-07 8.59924e-08 5.3219e-08 3.25591e-08 1.97561e-08 1.20088e-08 7.52572e-09 5.21984e-09 
7.47236e-09 8.63471e-09 1.24162e-08 1.97561e-08 3.24134e-08 5.32795e-08 8.68629e-08 1.39992e-07 2.22799e-07 3.50044e-07 5.42886e-07 8.31153e-07 1.25621e-06 1.87451e-06 2.76177e-06 4.01792e-06 5.77258e-06 8.19099e-06 1.14801e-05 1.58944e-05 2.1741e-05 2.93833e-05 3.92429e-05 5.17974e-05 6.75761e-05 8.715e-05 0.000111117 0.000140083 0.000174635 0.00021531 0.000262566 0.000316739 0.000378009 0.000446367 0.000521581 0.000603174 0.000690412 0.000782301 0.000877594 0.000974824 0.00107233 0.00116831 0.00126089 0.00134815 0.00142822 0.00149935 0.00155992 0.00160856 0.00164414 0.00166582 0.00167311 0.00166582 0.00164414 0.00160856 0.00155992 0.00149935 0.00142822 0.00134815 0.00126089 0.00116831 0.00107233 0.000974824 0.000877594 0.000782301 0.000690412 0.000603174 0.000521581 0.000446367 0.000378009 0.000316739 0.000262566 0.00021531 0.000174635 0.000140083 0.000111117 8.715e-05 6.75761e-05 5.17974e-05 3.92429e-05 2.93833e-05 2.1741e-05 1.58944e-05 1.14801e-05 8.19099e-06 5.77258e-06 4.01792e-06 2.76177e-06 1.87451e-06 1.25621e-06 8.31153e-07 5.42886e-07 3.50044e-07 2.22799e-07 1.39992e-07 8.68629e-08 5.32795e-08 3.24134e-08 1.97561e-08 1.24162e-08 8.63471e-09 
1.23945e-08 1.43059e-08 2.05187e-08 3.25591e-08 5.32795e-08 8.7358e-08 1.42069e-07 2.28397e-07 3.62584e-07 5.6822e-07 8.78996e-07 1.34223e-06 2.02333e-06 3.01115e-06 4.42447e-06 6.41936e-06 9.19744e-06 1.30146e-05 1.81898e-05 2.51137e-05 3.42553e-05 4.61669e-05 6.14854e-05 8.09293e-05 0.00010529 0.000135415 0.000172188 0.000216494 0.000269185 0.000331033 0.00040268 0.000484585 0.000576971 0.000679775 0.000792606 0.000914714 0.00104497 0.00118188 0.00132357 0.00146786 0.00161232 0.00175428 0.001891 0.00201971 0.00213767 0.00224235 0.00233142 0.00240289 0.00245514 0.00248698 0.00249767 0.00248698 0.00245514 0.00240289 0.00233142 0.00224235 0.00213767 0.00201971 0.001891 0.00175428 0.00161232 0.00146786 0.00132357 0.00118188 0.00104497 0.000914714 0.000792606 0.000679775 0.000576971 0.000484585 0.00040268 0.000331033 0.000269185 0.000216494 0.000172188 0.000135415 0.00010529 8.09293e-05 6.14854e-05 4.61669e-05 3.42553e-05 2.51137e-05 1.81898e-05 1.30146e-05 9.19744e-06 6.41936e-06 4.42447e-06 3.01115e-06 2.02333e-06 1.34223e-06 8.78996e-07 5.6822e-07 3.62584e-07 2.28397e-07 1.42069e-07 8.7358e-08 5.32795e-08 3.25591e-08 2.05187e-08 1.43059e-08 
2.03886e-08 2.35057e-08 3.36295e-08 5.3219e-08 8.68629e-08 1.42069e-07 2.3048e-07 3.69624e-07 5.85336e-07 9.15014e-07 1.41188e-06 2.15043e-06 3.23323e-06 4.79911e-06 7.03292e-06 1.01766e-05 1.45412e-05 2.052e-05 2.8601e-05 3.9379e-05 5.35646e-05 7.19905e-05 9.56121e-05 0.000125501 0.00016283 0.000208849 0.000264849 0.000332116 0.000411874 0.000505217 0.000613038 0.000735951 0.000874216 0.00102767 0.00119567 0.00137704 0.00157008 0.00177252 0.00198162 0.00219415 0.00240653 0.00261491 0.00281531 0.00300369 0.00317615 0.00332903 0.00345901 0.00356323 0.00363938 0.00368577 0.00370135 0.00368577 0.00363938 0.00356323 0.00345901 0.00332903 0.00317615 0.00300369 0.00281531 0.00261491 0.00240653 0.00219415 0.00198162 0.00177252 0.00157008 0.00137704 0.00119567 0.00102767 0.000874216 0.000735951 0.000613038 0.000505217 0.000411874 0.000332116 0.000264849 0.000208849 0.00016283 0.000125501 9.56121e-05 7.19905e-05 5.35646e-05 3.9379e-05 2.8601e-05 2.052e-05 1.45412e-05 1.01766e-05 7.03292e-06 4.79911e-06 3.23323e-06 2.15043e-06 1.41188e-06 9.15014e-07 5.85336e-07 3.69624e-07 2.3048e-07 1.42069e-07 8.68629e-08 5.3219e-08 3.36295e-08 2.35057e-08 
3.31545e-08 3.81798e-08 5.44868e-08 8.59924e-08 1.39992e-07 2.28397e-07 3.69624e-07 5.91319e-07 9.34098e-07 1.45656e-06 2.2418e-06 3.40573e-06 5.10731e-06 7.56092e-06 1.10508e-05 1.59475e-05 2.27255e-05 3.19817e-05 4.4454e-05 6.10366e-05 8.27934e-05 0.000110964 0.000146964 0.000192371 0.000248901 0.000318372 0.000402645 0.000503561 0.000622852 0.000762043 0.000922354 0.00110458 0.00130901 0.00153528 0.00178236 0.00204846 0.002331 0.00262665 0.00293138 0.0032405 0.00354885 0.00385089 0.0041409 0.00441315 0.0046621 0.00488254 0.0050698 0.00521984 0.00532942 0.00539614 0.00541854 0.00539614 0.00532942 0.00521984 0.0050698 0.00488254 0.0046621 0.00441315 0.0041409 0.00385089 0.00354885 0.0032405 0.00293138 0.00262665 0.002331 0.00204846 0.00178236 0.00153528 0.00130901 0.00110458 0.000922354 0.000762043 0.000622852 0.000503561 0.000402645 0.000318372 0.000248901 0.000192371 0.000146964 0.000110964 8.27934e-05 6.10366e-05 4.4454e-05 3.19817e-05 2.27255e-05 1.59475e-05 1.10508e-05 7.56092e-06 5.10731e-06 3.40573e-06 2.2418e-06 1.45656e-06 9.34098e-07 5.91319e-07 3.69624e-07 2.28397e-07 1.39992e-07 8.59924e-08 5.44868e-08 3.81798e-08 
5.32435e-08 6.12433e-08 8.71805e-08 1.37215e-07 2.22799e-07 3.62584e-07 5.85336e-07 9.34098e-07 1.4719e-06 2.28938e-06 3.51461e-06 5.32558e-06 7.96545e-06 1.17609e-05 1.71433e-05 2.46726e-05 3.50627e-05 4.92079e-05 6.82078e-05 9.33894e-05 0.000126323 0.000168828 0.000222971 0.00029104 0.000375511 0.000478984 0.000604105 0.00075346 0.000929458 0.00113419 0.00136927 0.00163571 0.00193376 0.00226275 0.00262104 0.00300592 0.00341359 0.00383921 0.00427693 0.00472007 0.00516127 0.00559268 0.00600626 0.00639396 0.00674802 0.00706121 0.007327 0.00753981 0.00769515 0.00778969 0.00782143 0.00778969 0.00769515 0.00753981 0.007327 0.00706121 0.00674802 0.00639396 0.00600626 0.00559268 0.00516127 0.00472007 0.00427693 0.00383921 0.00341359 0.00300592 0.00262104 0.00226275 0.00193376 0.00163571 0.00136927 0.00113419 0.000929458 0.00075346 0.000604105 0.000478984 0.000375511 0.00029104 0.000222971 0.000168828 0.000126323 9.33894e-05 6.82078e-05 4.92079e-05 3.50627e-05 2.46726e-05 1.71433e-05 1.17609e-05 7.96545e-06 5.32558e-06 3.51461e-06 2.28938e-06 1.4719e-06 9.34098e-07 5.85336e-07 3.62584e-07 2.22799e-07 1.37215e-07 8.71805e-08 6.12433e-08 
8.44178e-08 9.69892e-08 1.37714e-07 2.16151e-07 3.50044e-07 5.6822e-07 9.15014e-07 1.45656e-06 2.28938e-06 3.5518e-06 5.43857e-06 8.21933e-06 1.22611e-05 1.80548e-05 2.62462e-05 3.76698e-05 5.33849e-05 7.47123e-05 0.000103268 0.000140992 0.000190169 0.00025343 0.000333746 0.000434388 0.000558866 0.000710843 0.000894012 0.00111195 0.00136794 0.00166477 0.00200456 0.00238851 0.00281673 0.00328807 0.00379997 0.00434841 0.00492787 0.00553138 0.00615066 0.00677627 0.00739791 0.00800467 0.00858538 0.00912895 0.00962471 0.0100627 0.0104341 0.0107312 0.010948 0.0110799 0.0111241 0.0110799 0.010948 0.0107312 0.0104341 0.0100627 0.00962471 0.00912895 0.00858538 0.00800467 0.00739791 0.00677627 0.00615066 0.00553138 0.00492787 0.00434841 0.00379997 0.00328807 0.00281673 0.00238851 0.00200456 0.00166477 0.00136794 0.00111195 0.000894012 0.000710843 0.000558866 0.000434388 0.000333746 0.00025343 0.000190169 0.000140992 0.000103268 7.47123e-05 5.33849e-05 3.76698e-05 2.62462e-05 1.80548e-05 1.22611e-05 8.21933e-06 5.43857e-06 3.5518e-06 2.28938e-06 1.45656e-06 9.15014e-07 5.6822e-07 3.50044e-07 2.16151e-07 1.37714e-07 9.69892e-08 
1.32136e-07 1.51637e-07 2.14754e-07 3.36128e-07 5.42886e-07 8.78996e-07 1.41188e-06 2.2418e-06 3.51461e-06 5.43857e-06 8.30585e-06 1.25194e-05 1.86255e-05 2.7352e-05 3.96523e-05 5.67526e-05 8.02026e-05 0.000111925 0.000154261 0.000210007 0.000282434 0.000375294 0.00049279 0.000639522 0.000820392 0.00104047 0.00130483 0.00161831 0.0019853 0.00240946 0.00289345 0.00343862 0.00404479 0.00471002 0.00543044 0.00620016 0.00701128 0.00785396 0.00871661 0.00958617 0.0104484 0.0112885 0.012091 0.0128411 0.0135243 0.0141271 0.0146378 0.015046 0.0153436 0.0155246 0.0155853 0.0155246 0.0153436 0.015046 0.0146378 0.0141271 0.0135243 0.0128411 0.012091 0.0112885 0.0104484 0.00958617 0.00871661 0.00785396 0.00701128 0.00620016 0.00543044 0.00471002 0.00404479 0.00343862 0.00289345 0.00240946 0.0019853 0.00161831 0.00130483 0.00104047 0.000820392 0.000639522 0.00049279 0.000375294 0.000282434 0.000210007 0.000154261 0.000111925 8.02026e-05 5.67526e-05 3.96523e-05 2.7352e-05 1.86255e-05 1.25194e-05 8.30585e-06 5.43857e-06 3.51461e-06 2.2418e-06 1.41188e-06 8.78996e-07 5.42886e-07 3.36128e-07 2.14754e-07 1.51637e-07 
2.04192e-07 2.34052e-07 3.30613e-07 5.16004e-07 8.31153e-07 1.34223e-06 2.15043e-06 3.40573e-06 5.32558e-06 8.21933e-06 1.25194e-05 1.88198e-05 2.79227e-05 4.08922e-05 5.91162e-05 8.43717e-05 0.000118894 0.000165442 0.000227358 0.000308613 0.000413825 0.000548256 0.000717767 0.000928723 0.00118786 0.00150207 0.00187818 0.00232265 0.00284122 0.00343855 0.00411786 0.00488056 0.00572592 0.00665078 0.00764939 0.00871328 0.00983133 0.0109899 0.0121729 0.0133627 0.01454 0.0156846 0.0167762 0.0177947 0.0187211 0.0195375 0.0202283 0.0207801 0.0211821 0.0214264 0.0215084 0.0214264 0.0211821 0.0207801 0.0202283 0.0195375 0.0187211 0.0177947 0.0167762 0.0156846 0.01454 0.0133627 0.0121729 0.0109899 0.00983133 0.00871328 0.00764939 0.00665078 0.00572592 0.00488056 0.00411786 0.00343855 0.00284122 0.00232265 0.00187818 0.00150207 0.00118786 0.000928723 0.000717767 0.000548256 0.000413825 0.000308613 0.000227358 0.000165442 0.000118894 8.43717e-05 5.91162e-05 4.08922e-05 2.79227e-05 1.88198e-05 1.25194e-05 8.21933e-06 5.32558e-06 3.40573e-06 2.15043e-06 1.34223e-06 8.31153e-07 5.16004e-07 3.30613e-07 2.34052e-07 
3.11538e-07 3.56672e-07 5.02501e-07 7.82034e-07 1.25621e-06 2.02333e-06 3.23323e-06 5.10731e-06 7.96545e-06 1.22611e-05 1.86255e-05 2.79227e-05 4.13142e-05 6.03349e-05 8.69771e-05 0.00012378 0.000173922 0.000241307 0.000330637 0.000447467 0.000598221 0.000790169 0.00103135 0.00133044 0.00169651 0.00213882 0.00266637 0.00328759 0.00400981 0.00483884 0.00577841 0.00682976 0.00799122 0.00925784 0.0106212 0.0120694 0.013587 0.0151552 0.0167525 0.018355 0.0199371 0.021472 0.0229331 0.0242941 0.02553 0.0266178 0.0275372 0.028271 0.0288052 0.0291297 0.0292386 0.0291297 0.0288052 0.028271 0.0275372 0.0266178 0.02553 0.0242941 0.0229331 0.021472 0.0199371 0.018355 0.0167525 0.0151552 0.013587 0.0120694 0.0106212 0.00925784 0.00799122 0.00682976 0.00577841 0.00483884 0.00400981 0.00328759 0.00266637 0.00213882 0.00169651 0.00133044 0.00103135 0.000790169 0.000598221 0.000447467 0.000330637 0.000241307 0.000173922 0.00012378 8.69771e-05 6.03349e-05 4.13142e-05 2.79227e-05 1.86255e-05 1.22611e-05 7.96545e-06 5.10731e-06 3.23323e-06 2.02333e-06 1.25621e-06 7.82034e-07 5.02501e-07 3.56672e-07 
4.69313e-07 5.36666e-07 7.54089e-07 1.17018e-06 1.87451e-06 3.01115e-06 4.79911e-06 7.56092e-06 1.17609e-05 1.80548e-05 2.7352e-05 4.08922e-05 6.03349e-05 8.78634e-05 0.000126298 0.000179218 0.000251079 0.000347324 0.000474476 0.000640191 0.00085327 0.00112361 0.00146206 0.00188024 0.00239022 0.00300413 0.00373368 0.00458962 0.00558111 0.00671512 0.00799578 0.0094238 0.010996 0.0127048 0.0145383 0.0164797 0.0185081 0.0205982 0.0227214 0.024846 0.0269386 0.0289645 0.030889 0.0326784 0.0343007 0.0357267 0.0369306 0.0378904 0.0385887 0.0390128 0.039155 0.0390128 0.0385887 0.0378904 0.0369306 0.0357267 0.0343007 0.0326784 0.030889 0.0289645 0.0269386 0.024846 0.0227214 0.0205982 0.0185081 0.0164797 0.0145383 0.0127048 0.010996 0.0094238 0.00799578 0.00671512 0.00558111 0.00458962 0.00373368 0.00300413 0.00239022 0.00188024 0.00146206 0.00112361 0.00085327 0.000640191 0.000474476 0.000347324 0.000251079 0.000179218 0.000126298 8.78634e-05 6.03349e-05 4.08922e-05 2.7352e-05 1.80548e-05 1.17609e-05 7.56092e-06 4.79911e-06 3.01115e-06 1.87451e-06 1.17018e-06 7.54089e-07 5.36666e-07 
6.98116e-07 7.97349e-07 1.1174e-06 1.7289e-06 2.76177e-06 4.42447e-06 7.03292e-06 1.10508e-05 1.71433e-05 2.62462e-05 3.96523e-05 5.91162e-05 8.69771e-05 0.000126298 0.000181019 0.000256112 0.000357737 0.000493379 0.000671952 0.000903858 0.00120097 0.00157655 0.00204503 0.00262172 0.00332237 0.00416263 0.0051574 0.00632011 0.00766192 0.00919089 0.0109112 0.0128226 0.0149195 0.0171907 0.0196194 0.0221828 0.0248526 0.0275956 0.030374 0.033147 0.0358713 0.0385028 0.0409973 0.0433123 0.0454077 0.0472468 0.0487975 0.0500326 0.0509305 0.0514755 0.0516583 0.0514755 0.0509305 0.0500326 0.0487975 0.0472468 0.0454077 0.0433123 0.0409973 0.0385028 0.0358713 0.033147 0.030374 0.0275956 0.0248526 0.0221828 0.0196194 0.0171907 0.0149195 0.0128226 0.0109112 0.00919089 0.00766192 0.00632011 0.0051574 0.00416263 0.00332237 0.00262172 0.00204503 0.00157655 0.00120097 0.000903858 0.000671952 0.000493379 0.000357737 0.000256112 0.000181019 0.000126298 8.69771e-05 5.91162e-05 3.96523e-05 2.62462e-05 1.71433e-05 1.10508e-05 7.03292e-06 4.42447e-06 2.76177e-06 1.7289e-06 1.1174e-06 7.97349e-07 
1.02551e-06 1.16987e-06 1.63506e-06 2.5224e-06 4.01792e-06 6.41936e-06 1.01766e-05 1.59475e-05 2.46726e-05 3.76698e-05 5.67526e-05 8.43717e-05 0.00012378 0.000179218 0.000256112 0.000361277 0.000503111 0.000691758 0.000939229 0.00125945 0.0016682 0.00218299 0.00282268 0.00360713 0.00455655 0.00569076 0.00702833 0.00858566 0.0103759 0.0124081 0.0146859 0.0172072 0.0199629 0.0229371 0.0261064 0.0294401 0.032901 0.0364455 0.0400253 0.0435881 0.0470794 0.0504434 0.0536254 0.0565725 0.0592352 0.0615687 0.0635337 0.0650971 0.0662328 0.0669218 0.0671528 0.0669218 0.0662328 0.0650971 0.0635337 0.0615687 0.0592352 0.0565725 0.0536254 0.0504434 0.0470794 0.0435881 0.0400253 0.0364455 0.032901 0.0294401 0.0261064 0.0229371 0.0199629 0.0172072 0.0146859 0.0124081 0.0103759 0.00858566 0.00702833 0.00569076 0.00455655 0.00360713 0.00282268 0.00218299 0.0016682 0.00125945 0.000939229 0.000691758 0.000503111 0.000361277 0.000256112 0.000179218 0.00012378 8.43717e-05 5.67526e-05 3.76698e-05 2.46726e-05 1.59475e-05 1.01766e-05 6.41936e-06 4.01792e-06 2.5224e-06 1.63506e-06 1.16987e-06 
1.48776e-06 1.69514e-06 2.36282e-06 3.63431e-06 5.77258e-06 9.19744e-06 1.45412e-05 2.27255e-05 3.50627e-05 5.33849e-05 8.02026e-05 0.000118894 0.000173922 0.000251079 0.000357737 0.000503111 0.000698488 0.000957428 0.00129588 0.00173222 0.00228711 0.00298329 0.00384507 0.00489775 0.0061668 0.00767684 0.00945057 0.0115075 0.0138626 0.0165254 0.0194984 0.0227763 0.0263455 0.0301831 0.0342575 0.0385283 0.0429468 0.0474575 0.0519989 0.0565055 0.0609095 0.0651423 0.0691368 0.0728285 0.0761578 0.0790707 0.0815203 0.0834671 0.0848801 0.0857369 0.0860241 0.0857369 0.0848801 0.0834671 0.0815203 0.0790707 0.0761578 0.0728285 0.0691368 0.0651423 0.0609095 0.0565055 0.0519989 0.0474575 0.0429468 0.0385283 0.0342575 0.0301831 0.0263455 0.0227763 0.0194984 0.0165254 0.0138626 0.0115075 0.00945057 0.00767684 0.0061668 0.00489775 0.00384507 0.00298329 0.00228711 0.00173222 0.00129588 0.000957428 0.000698488 0.000503111 0.000357737 0.000251079 0.000173922 0.000118894 8.02026e-05 5.33849e-05 3.50627e-05 2.27255e-05 1.45412e-05 9.19744e-06 5.77258e-06 3.63431e-06 2.36282e-06 1.69514e-06 
2.13178e-06 2.42602e-06 3.37243e-06 5.17174e-06 8.19099e-06 1.30146e-05 2.052e-05 3.19817e-05 4.92079e-05 7.47123e-05 0.000111925 0.000165442 0.000241307 0.000347324 0.000493379 0.000691758 0.000957428 0.00130826 0.00176513 0.00235193 0.00309533 0.0040244 0.00516995 0.00656371 0.00823719 0.0102204 0.0125404 0.0152198 0.0182751 0.0217154 0.0255409 0.0297418 0.0342977 0.0391774 0.0443386 0.0497285 0.0552851 0.0609383 0.0666115 0.072224 0.0776929 0.0829352 0.0878701 0.0924209 0.0965169 0.100094 0.103099 0.105483 0.107213 0.108261 0.108612 0.108261 0.107213 0.105483 0.103099 0.100094 0.0965169 0.0924209 0.0878701 0.0829352 0.0776929 0.072224 0.0666115 0.0609383 0.0552851 0.0497285 0.0443386 0.0391774 0.0342977 0.0297418 0.0255409 0.0217154 0.0182751 0.0152198 0.0125404 0.0102204 0.00823719 0.00656371 0.00516995 0.0040244 0.00309533 0.00235193 0.00176513 0.00130826 0.000957428 0.000691758 0.000493379 0.000347324 0.000241307 0.000165442 0.000111925 7.47123e-05 4.92079e-05 3.19817e-05 2.052e-05 1.30146e-05 8.19099e-06 5.17174e-06 3.37243e-06 2.42602e-06 
3.01725e-06 3.42956e-06 4.75457e-06 7.26944e-06 1.14801e-05 1.81898e-05 2.8601e-05 4.4454e-05 6.82078e-05 0.000103268 0.000154261 0.000227358 0.000330637 0.000474476 0.000671952 0.000939229 0.00129588 0.00176513 0.00237394 0.0031529 0.00413592 0.00535961 0.0068624 0.00868338 0.0108608 0.0134306 0.0164242 0.0198669 0.0237761 0.0281594 0.0330129 0.0383206 0.0440533 0.0501686 0.0566111 0.0633133 0.0701971 0.0771755 0.0841549 0.0910373 0.0977233 0.104114 0.110115 0.115636 0.120594 0.124917 0.128542 0.131416 0.133498 0.134759 0.135181 0.134759 0.133498 0.131416 0.128542 0.124917 0.120594 0.115636 0.110115 0.104114 0.0977233 0.0910373 0.0841549 0.0771755 0.0701971 0.0633133 0.0566111 0.0501686 0.0440533 0.0383206 0.0330129 0.0281594 0.0237761 0.0198669 0.0164242 0.0134306 0.0108608 0.00868338 0.0068624 0.00535961 0.00413592 0.0031529 0.00237394 0.00176513 0.00129588 0.000939229 0.000671952 0.000474476 0.000330637 0.000227358 0.000154261 0.000103268 6.82078e-05 4.4454e-05 2.8601e-05 1.81898e-05 1.14801e-05 7.26944e-06 4.75457e-06 3.42956e-06 
4.21867e-06 4.78939e-06 6.62179e-06 1.00939e-05 1.58944e-05 2.51137e-05 3.9379e-05 6.10366e-05 9.33894e-05 0.000140992 0.000210007 0.000308613 0.000447467 0.000640191 0.000903858 0.00125945 0.00173222 0.00235193 0.0031529 0.00417376 0.00545698 0.00704795 0.00899383 0.0113419 0.0141379 0.0174236 0.0212348 0.025599 0.0305329 0.0360412 0.0421139 0.0487264 0.055838 0.0633924 0.0713182 0.0795306 0.0879327 0.0964186 0.104875 0.113186 0.121234 0.128905 0.136087 0.142678 0.148585 0.153725 0.158028 0.161435 0.163901 0.165393 0.165893 0.165393 0.163901 0.161435 0.158028 0.153725 0.148585 0.142678 0.136087 0.128905 0.121234 0.113186 0.104875 0.0964186 0.0879327 0.0795306 0.0713182 0.0633924 0.055838 0.0487264 0.0421139 0.0360412 0.0305329 0.025599 0.0212348 0.0174236 0.0141379 0.0113419 0.00899383 0.00704795 0.00545698 0.00417376 0.0031529 0.00235193 0.00173222 0.00125945 0.000903858 0.000640191 0.000447467 0.000308613 0.000210007 0.000140992 9.33894e-05 6.10366e-05 3.9379e-05 2.51137e-05 1.58944e-05 1.00939e-05 6.62179e-06 4.78939e-06 
5.8274e-06 6.60784e-06 9.11131e-06 1.38471e-05 2.1741e-05 3.42553e-05 5.35646e-05 8.27934e-05 0.000126323 0.000190169 0.000282434 0.000413825 0.000598221 0.00085327 0.00120097 0.0016682 0.00228711 0.00309533 0.00413592 0.00545698 0.00711088 0.00915309 0.0116405 0.0146294 0.0181731 0.0223194 0.0271078 0.0325665 0.0387105 0.0455389 0.0530335 0.061158 0.0698571 0.0790576 0.0886693 0.0985868 0.108692 0.118859 0.128952 0.138837 0.148376 0.15744 0.165902 0.173647 0.180573 0.186587 0.191612 0.195586 0.198459 0.200197 0.200778 0.200197 0.198459 0.195586 0.191612 0.186587 0.180573 0.173647 0.165902 0.15744 0.148376 0.138837 0.128952 0.118859 0.108692 0.0985868 0.0886693 0.0790576 0.0698571 0.061158 0.0530335 0.0455389 0.0387105 0.0325665 0.0271078 0.0223194 0.0181731 0.0146294 0.0116405 0.00915309 0.00711088 0.00545698 0.00413592 0.00309533 0.00228711 0.0016682 0.00120097 0.00085327 0.000598221 0.000413825 0.000282434 0.000190169 0.000126323 8.27934e-05 5.35646e-05 3.42553e-05 2.1741e-05 1.38471e-05 9.11131e-06 6.60784e-06 
7.95335e-06 9.00779e-06 1.23871e-05 1.87691e-05 2.93833e-05 4.61669e-05 7.19905e-05 0.000110964 0.000168828 0.00025343 0.000375294 0.000548256 0.000790169 0.00112361 0.00157655 0.00218299 0.00298329 0.0040244 0.00535961 0.00704795 0.00915309 0.0117417 0.0148812 0.0186376 0.0230717 0.0282369 0.0341749 0.0409137 0.0484636 0.056816 0.0659411 0.0757875 0.0862823 0.0973318 0.108824 0.12063 0.132609 0.144611 0.15648 0.168059 0.179195 0.18974 0.199556 0.208516 0.216507 0.223432 0.229208 0.233768 0.237062 0.239052 0.239718 0.239052 0.237062 0.233768 0.229208 0.223432 0.216507 0.208516 0.199556 0.18974 0.179195 0.168059 0.15648 0.144611 0.132609 0.12063 0.108824 0.0973318 0.0862823 0.0757875 0.0659411 0.056816 0.0484636 0.0409137 0.0341749 0.0282369 0.0230717 0.0186376 0.0148812 0.0117417 0.00915309 0.00704795 0.00535961 0.0040244 0.00298329 0.00218299 0.00157655 0.00112361 0.000790169 0.000548256 0.000375294 0.00025343 0.000168828 0.000110964 7.19905e-05 4.61669e-05 2.93833e-05 1.87691e-05 1.23871e-05 9.00779e-06 
1.07261e-05 1.21338e-05 1.66414e-05 2.51398e-05 3.92429e-05 6.14854e-05 9.56121e-05 0.000146964 0.000222971 0.000333746 0.00049279 0.000717767 0.00103135 0.00146206 0.00204503 0.00282268 0.00384507 0.00516995 0.0068624 0.00899383 0.0116405 0.0148812 0.0187949 0.0234569 0.0289356 0.0352887 0.0425588 0.0507709 0.0599283 0.0700111 0.0809745 0.0927484 0.105238 0.118327 0.131876 0.145733 0.159731 0.173695 0.187448 0.200812 0.213617 0.2257 0.236911 0.247115 0.256192 0.264039 0.270572 0.275722 0.279436 0.281679 0.282429 0.281679 0.279436 0.275722 0.270572 0.264039 0.256192 0.247115 0.236911 0.2257 0.213617 0.200812 0.187448 0.173695 0.159731 0.145733 0.131876 0.118327 0.105238 0.0927484 0.0809745 0.0700111 0.0599283 0.0507709 0.0425588 0.0352887 0.0289356 0.0234569 0.0187949 0.0148812 0.0116405 0.00899383 0.0068624 0.00516995 0.00384507 0.00282268 0.00204503 0.00146206 0.00103135 0.000717767 0.00049279 0.000333746 0.000222971 0.000146964 9.56121e-05 6.14854e-05 3.92429e-05 2.51398e-05 1.66414e-05 1.21338e-05 
1.42952e-05 1.61525e-05 2.20943e-05 3.32784e-05 5.17974e-05 8.09293e-05 0.000125501 0.000192371 0.00029104 0.000434388 0.000639522 0.000928723 0.00133044 0.00188024 0.00262172 0.00360713 0.00489775 0.00656371 0.00868338 0.0113419 0.0146294 0.0186376 0.0234569 0.0291722 0.0358583 0.0435756 0.0523655 0.0622469 0.0732129 0.0852284 0.0982295 0.112123 0.12679 0.142085 0.157843 0.173882 0.190009 0.206026 0.221731 0.23693 0.251436 0.265074 0.277684 0.289126 0.299276 0.308029 0.315301 0.321024 0.325147 0.327634 0.328466 0.327634 0.325147 0.321024 0.315301 0.308029 0.299276 0.289126 0.277684 0.265074 0.251436 0.23693 0.221731 0.206026 0.190009 0.173882 0.157843 0.142085 0.12679 0.112123 0.0982295 0.0852284 0.0732129 0.0622469 0.0523655 0.0435756 0.0358583 0.0291722 0.0234569 0.0186376 0.0146294 0.0113419 0.00868338 0.00656371 0.00489775 0.00360713 0.00262172 0.00188024 0.00133044 0.000928723 0.000639522 0.000434388 0.00029104 0.000192371 0.000125501 8.09293e-05 5.17974e-05 3.32784e-05 2.20943e-05 1.61525e-05 
1.88293e-05 2.12512e-05 2.89926e-05 4.35403e-05 6.75761e-05 0.00010529 0.00016283 0.000248901 0.000375511 0.000558866 0.000820392 0.00118786 0.00169651 0.00239022 0.00332237 0.00455655 0.0061668 0.00823719 0.0108608 0.0141379 0.0181731 0.0230717 0.0289356 0.0358583 0.0439195 0.0531802 0.0636776 0.0754212 0.0883895 0.102528 0.11775 0.133935 0.150933 0.168571 0.186652 0.204966 0.223291 0.241405 0.259086 0.276123 0.292315 0.30748 0.321451 0.334086 0.345261 0.354874 0.362842 0.369102 0.373605 0.37632 0.377227 0.37632 0.373605 0.369102 0.362842 0.354874 0.345261 0.334086 0.321451 0.30748 0.292315 0.276123 0.259086 0.241405 0.223291 0.204966 0.186652 0.168571 0.150933 0.133935 0.11775 0.102528 0.0883895 0.0754212 0.0636776 0.0531802 0.0439195 0.0358583 0.0289356 0.0230717 0.0181731 0.0141379 0.0108608 0.00823719 0.0061668 0.00455655 0.00332237 0.00239022 0.00169651 0.00118786 0.000820392 0.000558866 0.000375511 0.000248901 0.00016283 0.00010529 6.75761e-05 4.35403e-05 2.89926e-05 2.12512e-05 
2.45139e-05 2.76359e-05 3.76059e-05 5.63114e-05 8.715e-05 0.000135415 0.000208849 0.000318372 0.000478984 0.000710843 0.00104047 0.00150207 0.00213882 0.00300413 0.00416263 0.00569076 0.00767684 0.0102204 0.0134306 0.0174236 0.0223194 0.0282369 0.0352887 0.0435756 0.0531802 0.0641612 0.0765481 0.0903367 0.105487 0.121919 0.13952 0.158136 0.177588 0.197665 0.218141 0.238773 0.259315 0.27952 0.299149 0.317976 0.335791 0.352407 0.367658 0.381401 0.393518 0.403912 0.412508 0.419248 0.424089 0.427005 0.427979 0.427005 0.424089 0.419248 0.412508 0.403912 0.393518 0.381401 0.367658 0.352407 0.335791 0.317976 0.299149 0.27952 0.259315 0.238773 0.218141 0.197665 0.177588 0.158136 0.13952 0.121919 0.105487 0.0903367 0.0765481 0.0641612 0.0531802 0.0435756 0.0352887 0.0282369 0.0223194 0.0174236 0.0134306 0.0102204 0.00767684 0.00569076 0.00416263 0.00300413 0.00213882 0.00150207 0.00104047 0.000710843 0.000478984 0.000318372 0.000208849 0.000135415 8.715e-05 5.63114e-05 3.76059e-05 2.76359e-05 
3.15476e-05 3.5526e-05 4.82202e-05 7.19988e-05 0.000111117 0.000172188 0.000264849 0.000402645 0.000604105 0.000894012 0.00130483 0.00187818 0.00266637 0.00373368 0.0051574 0.00702833 0.00945057 0.0125404 0.0164242 0.0212348 0.0271078 0.0341749 0.0425588 0.0523655 0.0636776 0.0765481 0.0909943 0.106994 0.124483 0.143354 0.163458 0.184611 0.206592 0.22916 0.252051 0.274995 0.297719 0.319955 0.341449 0.361966 0.381291 0.399237 0.415641 0.430369 0.443311 0.45438 0.463511 0.470655 0.47578 0.478863 0.479891 0.478863 0.47578 0.470655 0.463511 0.45438 0.443311 0.430369 0.415641 0.399237 0.381291 0.361966 0.341449 0.319955 0.297719 0.274995 0.252051 0.22916 0.206592 0.184611 0.163458 0.143354 0.124483 0.106994 0.0909943 0.0765481 0.0636776 0.0523655 0.0425588 0.0341749 0.0271078 0.0212348 0.0164242 0.0125404 0.00945057 0.00702833 0.0051574 0.00373368 0.00266637 0.00187818 0.00130483 0.000894012 0.000604105 0.000402645 0.000264849 0.000172188 0.000111117 7.19988e-05 4.82202e-05 3.5526e-05 
4.0136e-05 4.51487e-05 6.11293e-05 9.10174e-05 0.000140083 0.000216494 0.000332116 0.000503561 0.00075346 0.00111195 0.00161831 0.00232265 0.00328759 0.00458962 0.00632011 0.00858566 0.0115075 0.0152198 0.0198669 0.025599 0.0325665 0.0409137 0.0507709 0.0622469 0.0754212 0.0903367 0.106994 0.125348 0.145305 0.166724 0.18942 0.213167 0.23771 0.262766 0.288041 0.313235 0.33805 0.362202 0.385426 0.407482 0.428156 0.447266 0.46466 0.480214 0.493833 0.505445 0.514998 0.522456 0.527796 0.531005 0.532076 0.531005 0.527796 0.522456 0.514998 0.505445 0.493833 0.480214 0.46466 0.447266 0.428156 0.407482 0.385426 0.362202 0.33805 0.313235 0.288041 0.262766 0.23771 0.213167 0.18942 0.166724 0.145305 0.125348 0.106994 0.0903367 0.0754212 0.0622469 0.0507709 0.0409137 0.0325665 0.025599 0.0198669 0.0152198 0.0115075 0.00858566 0.00632011 0.00458962 0.00328759 0.00232265 0.00161831 0.00111195 0.00075346 0.000503561 0.000332116 0.000216494 0.000140083 9.10174e-05 6.11293e-05 4.51487e-05 
5.04841e-05 5.67293e-05 7.66233e-05 0.000113773 0.000174635 0.000269185 0.000411874 0.000622852 0.000929458 0.00136794 0.0019853 0.00284122 0.00400981 0.00558111 0.00766192 0.0103759 0.0138626 0.0182751 0.0237761 0.0305329 0.0387105 0.0484636 0.0599283 0.0732129 0.0883895 0.105487 0.124483 0.145305 0.167825 0.191863 0.217193 0.243548 0.270631 0.298122 0.325695 0.35302 0.379782 0.405684 0.430453 0.453851 0.475671 0.495743 0.513928 0.530122 0.544247 0.556249 0.566095 0.573764 0.579245 0.582535 0.583632 0.582535 0.579245 0.573764 0.566095 0.556249 0.544247 0.530122 0.513928 0.495743 0.475671 0.453851 0.430453 0.405684 0.379782 0.35302 0.325695 0.298122 0.270631 0.243548 0.217193 0.191863 0.167825 0.145305 0.124483 0.105487 0.0883895 0.0732129 0.0599283 0.0484636 0.0387105 0.0305329 0.0237761 0.0182751 0.0138626 0.0103759 0.00766192 0.00558111 0.00400981 0.00284122 0.0019853 0.00136794 0.000929458 0.000622852 0.000411874 0.000269185 0.000174635 0.000113773 7.66233e-05 5.67293e-05 
6.27864e-05 7.04814e-05 9.49739e-05 0.000140643 0.00021531 0.000331033 0.000505217 0.000762043 0.00113419 0.00166477 0.00240946 0.00343855 0.00483884 0.00671512 0.00919089 0.0124081 0.0165254 0.0217154 0.0281594 0.0360412 0.0455389 0.056816 0.0700111 0.0852284 0.102528 0.121919 0.143354 0.166724 0.191863 0.218549 0.246509 0.275435 0.304985 0.334805 0.364536 0.393825 0.422341 0.449778 0.475866 0.500372 0.523102 0.543902 0.562657 0.579283 0.593726 0.605954 0.615954 0.623723 0.629266 0.632588 0.633694 0.632588 0.629266 0.623723 0.615954 0.605954 0.593726 0.579283 0.562657 0.543902 0.523102 0.500372 0.475866 0.449778 0.422341 0.393825 0.364536 0.334805 0.304985 0.275435 0.246509 0.218549 0.191863 0.166724 0.143354 0.121919 0.102528 0.0852284 0.0700111 0.056816 0.0455389 0.0360412 0.0281594 0.0217154 0.0165254 0.0124081 0.00919089 0.00671512 0.00483884 0.00343855 0.00240946 0.00166477 0.00113419 0.000762043 0.000505217 0.000331033 0.00021531 0.000140643 9.49739e-05 7.04814e-05 
7.72158e-05 8.65936e-05 0.000116419 0.000171951 0.000262566 0.00040268 0.000613038 0.000922354 0.00136927 0.00200456 0.00289345 0.00411786 0.00577841 0.00799578 0.0109112 0.0146859 0.0194984 0.0255409 0.0330129 0.0421139 0.0530335 0.0659411 0.0809745 0.0982295 0.11775 0.13952 0.163458 0.18942 0.217193 0.246509 0.27705 0.308459 0.340356 0.372349 0.404051 0.435091 0.465126 0.493849 0.520996 0.546346 0.569725 0.591003 0.610091 0.626931 0.641496 0.65378 0.663792 0.671549 0.677072 0.680377 0.681478 0.680377 0.677072 0.671549 0.663792 0.65378 0.641496 0.626931 0.610091 0.591003 0.569725 0.546346 0.520996 0.493849 0.465126 0.435091 0.404051 0.372349 0.340356 0.308459 0.27705 0.246509 0.217193 0.18942 0.163458 0.13952 0.11775 0.0982295 0.0809745 0.0659411 0.0530335 0.0421139 0.0330129 0.0255409 0.0194984 0.0146859 0.0109112 0.00799578 0.00577841 0.00411786 0.00289345 0.00200456 0.00136927 0.000922354 0.000613038 0.00040268 0.000262566 0.000171951 0.000116419 8.65936e-05 
9.39107e-05 0.000105216 0.000141144 0.000207944 0.000316739 0.000484585 0.000735951 0.00110458 0.00163571 0.00238851 0.00343862 0.00488056 0.00682976 0.0094238 0.0128226 0.0172072 0.0227763 0.0297418 0.0383206 0.0487264 0.061158 0.0757875 0.0927484 0.112123 0.133935 0.158136 0.184611 0.213167 0.243548 0.275435 0.308459 0.34222 0.376297 0.410264 0.443711 0.476252 0.50754 0.537272 0.565195 0.59111 0.614867 0.636365 0.655544 0.672379 0.686872 0.699045 0.70893 0.716567 0.721992 0.725233 0.726311 0.725233 0.721992 0.716567 0.70893 0.699045 0.686872 0.672379 0.655544 0.636365 0.614867 0.59111 0.565195 0.537272 0.50754 0.476252 0.443711 0.410264 0.376297 0.34222 0.308459 0.275435 0.243548 0.213167 0.184611 0.158136 0.133935 0.112123 0.0927484 0.0757875 0.061158 0.0487264 0.0383206 0.0297418 0.0227763 0.0172072 0.0128226 0.0094238 0.00682976 0.00488056 0.00343862 0.00238851 0.00163571 0.00110458 0.000735951 0.000484585 0.000316739 0.000207944 0.000141144 0.000105216 
0.000112962 0.000126445 0.000169262 0.000248765 0.000378009 0.000576971 0.000874216 0.00130901 0.00193376 0.00281673 0.00404479 0.00572592 0.00799122 0.010996 0.0149195 0.0199629 0.0263455 0.0342977 0.0440533 0.055838 0.0698571 0.0862823 0.105238 0.12679 0.150933 0.177588 0.206592 0.23771 0.270631 0.304985 0.340356 0.376297 0.412348 0.448056 0.482992 0.51676 0.549014 0.579462 0.607871 0.634067 0.657931 0.679394 0.698431 0.715051 0.729287 0.741191 0.750821 0.758237 0.763491 0.766626 0.767668 0.766626 0.763491 0.758237 0.750821 0.741191 0.729287 0.715051 0.698431 0.679394 0.657931 0.634067 0.607871 0.579462 0.549014 0.51676 0.482992 0.448056 0.412348 0.376297 0.340356 0.304985 0.270631 0.23771 0.206592 0.177588 0.150933 0.12679 0.105238 0.0862823 0.0698571 0.055838 0.0440533 0.0342977 0.0263455 0.0199629 0.0149195 0.010996 0.00799122 0.00572592 0.00404479 0.00281673 0.00193376 0.00130901 0.000874216 0.000576971 0.000378009 0.000248765 0.000169262 0.000126445 
0.0001344 0.00015031 0.000200801 0.000294428 0.000446367 0.000679775 0.00102767 0.00153528 0.00226275 0.00328807 0.00471002 0.00665078 0.00925784 0.0127048 0.0171907 0.0229371 0.0301831 0.0391774 0.0501686 0.0633924 0.0790576 0.0973318 0.118327 0.142085 0.168571 0.197665 0.22916 0.262766 0.298122 0.334805 0.372349 0.410264 0.448056 0.485248 0.521396 0.556102 0.589027 0.619898 0.648506 0.674707 0.698418 0.719607 0.738285 0.754497 0.76831 0.779805 0.789065 0.796172 0.801194 0.804185 0.805178 0.804185 0.801194 0.796172 0.789065 0.779805 0.76831 0.754497 0.738285 0.719607 0.698418 0.674707 0.648506 0.619898 0.589027 0.556102 0.521396 0.485248 0.448056 0.410264 0.372349 0.334805 0.298122 0.262766 0.22916 0.197665 0.168571 0.142085 0.118327 0.0973318 0.0790576 0.0633924 0.0501686 0.0391774 0.0301831 0.0229371 0.0171907 0.0127048 0.00925784 0.00665078 0.00471002 0.00328807 0.00226275 0.00153528 0.00102767 0.000679775 0.000446367 0.000294428 0.000200801 0.00015031 
0.000158182 0.000176761 0.00023568 0.0003448 0.000521581 0.000792606 0.00119567 0.00178236 0.00262104 0.00379997 0.00543044 0.00764939 0.0106212 0.0145383 0.0196194 0.0261064 0.0342575 0.0443386 0.0566111 0.0713182 0.0886693 0.108824 0.131876 0.157843 0.186652 0.218141 0.252051 0.288041 0.325695 0.364536 0.404051 0.443711 0.482992 0.521396 0.558472 0.593825 0.627132 0.658141 0.686674 0.712624 0.735944 0.756643 0.77477 0.790407 0.803655 0.814623 0.823419 0.830143 0.834882 0.837698 0.838633 0.837698 0.834882 0.830143 0.823419 0.814623 0.803655 0.790407 0.77477 0.756643 0.735944 0.712624 0.686674 0.658141 0.627132 0.593825 0.558472 0.521396 0.482992 0.443711 0.404051 0.364536 0.325695 0.288041 0.252051 0.218141 0.186652 0.157843 0.131876 0.108824 0.0886693 0.0713182 0.0566111 0.0443386 0.0342575 0.0261064 0.0196194 0.0145383 0.0106212 0.00764939 0.00543044 0.00379997 0.00262104 0.00178236 0.00119567 0.000792606 0.000521581 0.0003448 0.00023568 0.000176761 
0.000184184 0.000205654 0.000273701 0.000399577 0.000603174 0.000914714 0.00137704 0.00204846 0.00300592 0.00434841 0.00620016 0.00871328 0.0120694 0.0164797 0.0221828 0.0294401 0.0385283 0.0497285 0.0633133 0.0795306 0.0985868 0.12063 0.145733 0.173882 0.204966 0.238773 0.274995 0.313235 0.35302 0.393825 0.435091 0.476252 0.51676 0.556102 0.593825 0.629546 0.66296 0.693843 0.722054 0.747523 0.770245 0.79027 0.807687 0.822613 0.835181 0.845528 0.853786 0.860074 0.864491 0.867111 0.867979 0.867111 0.864491 0.860074 0.853786 0.845528 0.835181 0.822613 0.807687 0.79027 0.770245 0.747523 0.722054 0.693843 0.66296 0.629546 0.593825 0.556102 0.51676 0.476252 0.435091 0.393825 0.35302 0.313235 0.274995 0.238773 0.204966 0.173882 0.145733 0.12063 0.0985868 0.0795306 0.0633133 0.0497285 0.0385283 0.0294401 0.0221828 0.0164797 0.0120694 0.00871328 0.00620016 0.00434841 0.00300592 0.00204846 0.00137704 0.000914714 0.000603174 0.000399577 0.000273701 0.000205654 
0.000212192 0.000236751 0.000314541 0.000458278 0.000690412 0.00104497 0.00157008 0.002331 0.00341359 0.00492787 0.00701128 0.00983133 0.013587 0.0185081 0.0248526 0.032901 0.0429468 0.0552851 0.0701971 0.0879327 0.108692 0.132609 0.159731 0.190009 0.223291 0.259315 0.297719 0.33805 0.379782 0.422341 0.465126 0.50754 0.549014 0.589027 0.627132 0.66296 0.696231 0.726755 0.754428 0.779223 0.801177 0.820381 0.836962 0.851074 0.862878 0.872539 0.880209 0.886024 0.890095 0.892503 0.8933 0.892503 0.890095 0.886024 0.880209 0.872539 0.862878 0.851074 0.836962 0.820381 0.801177 0.779223 0.754428 0.726755 0.696231 0.66296 0.627132 0.589027 0.549014 0.50754 0.465126 0.422341 0.379782 0.33805 0.297719 0.259315 0.223291 0.190009 0.159731 0.132609 0.108692 0.0879327 0.0701971 0.0552851 0.0429468 0.032901 0.0248526 0.0185081 0.013587 0.00983133 0.00701128 0.00492787 0.00341359 0.002331 0.00157008 0.00104497 0.000690412 0.000458278 0.000314541 0.000236751 
