5.54841e-06 5.84645e-06 6.76264e-06 8.36408e-06 1.07651e-05 1.41309e-05 1.86829e-05 2.47045e-05 3.25484e-05 4.26441e-05 5.55055e-05 7.17387e-05 9.20479e-05 0.000117241 0.000148231 0.000186037 0.000231781 0.000286675 0.000352013 0.000429146 0.000519463 0.000624355 0.000745177 0.00088321 0.00103961 0.00121536 0.00141122 0.00162767 0.00186485 0.00212252 0.00240006 0.00269635 0.00300983 0.00333846 0.00367971 0.00403059 0.0043877 0.00474725 0.00510513 0.00545701 0.00579837 0.00612465 0.00643132 0.00671396 0.00696841 0.00719082 0.00737777 0.00752635 0.00763421 0.00769962 0.00772154 0.00769962 0.00763421 0.00752635 0.00737777 0.00719082 0.00696841 0.00671396 0.00643132 0.00612465 0.00579837 0.00545701 0.00510513 0.00474725 0.0043877 0.00403059 0.00367971 0.00333846 0.00300983 0.00269635 0.00240006 0.00212252 0.00186485 0.00162767 0.00141122 0.00121536 0.00103961 0.00088321 0.000745177 0.000624355 0.000519463 0.000429146 0.000352013 0.000286675 0.000231781 0.000186037 0.000148231 0.000117241 9.20479e-05 7.17387e-05 5.55055e-05 4.26441e-05 3.25484e-05 2.47045e-05 1.86829e-05 1.41309e-05 1.07651e-05 8.36408e-06 6.76264e-06 5.84645e-06 
5.84645e-06 6.15969e-06 7.12257e-06 8.80531e-06 1.13276e-05 1.48623e-05 1.96411e-05 2.59602e-05 3.41882e-05 4.47739e-05 5.82536e-05 7.52597e-05 9.65263e-05 0.000122895 0.000155317 0.000194852 0.000242666 0.000300019 0.000368252 0.000448769 0.000543005 0.0006524 0.000778356 0.000922192 0.0010851 0.00126809 0.00147193 0.00169711 0.00194375 0.00221162 0.00250002 0.0028078 0.00313333 0.00347447 0.0038286 0.00419261 0.00456298 0.00493578 0.00530675 0.00567141 0.0060251 0.00636309 0.0066807 0.00697339 0.00723684 0.00746709 0.00766061 0.0078144 0.00792602 0.00799372 0.00801641 0.00799372 0.00792602 0.0078144 0.00766061 0.00746709 0.00723684 0.00697339 0.0066807 0.00636309 0.0060251 0.00567141 0.00530675 0.00493578 0.00456298 0.00419261 0.0038286 0.00347447 0.00313333 0.0028078 0.00250002 0.00221162 0.00194375 0.00169711 0.00147193 0.00126809 0.0010851 0.000922192 0.000778356 0.0006524 0.000543005 0.000448769 0.000368252 0.000300019 0.000242666 0.000194852 0.000155317 0.000122895 9.65263e-05 7.52597e-05 5.82536e-05 4.47739e-05 3.41882e-05 2.59602e-05 1.96411e-05 1.48623e-05 1.13276e-05 8.80531e-06 7.12257e-06 6.15969e-06 
6.76264e-06 7.12257e-06 8.22869e-06 1.01608e-05 1.30551e-05 1.71078e-05 2.25817e-05 2.98126e-05 3.92178e-05 5.13042e-05 6.66772e-05 8.6049e-05 0.000110245 0.000140211 0.000177011 0.000221831 0.000275971 0.000340834 0.00041791 0.000508752 0.000614948 0.000738082 0.000879691 0.00104122 0.00122395 0.00142899 0.00165713 0.00190888 0.00218435 0.0024832 0.00280465 0.00314737 0.0035095 0.00388867 0.00428192 0.00468582 0.00509645 0.00550946 0.00592016 0.00632361 0.00671468 0.00708819 0.007439 0.00776212 0.00805286 0.00830687 0.0085203 0.00868987 0.00881293 0.00888755 0.00891256 0.00888755 0.00881293 0.00868987 0.0085203 0.00830687 0.00805286 0.00776212 0.007439 0.00708819 0.00671468 0.00632361 0.00592016 0.00550946 0.00509645 0.00468582 0.00428192 0.00388867 0.0035095 0.00314737 0.00280465 0.0024832 0.00218435 0.00190888 0.00165713 0.00142899 0.00122395 0.00104122 0.000879691 0.000738082 0.000614948 0.000508752 0.00041791 0.000340834 0.000275971 0.000221831 0.000177011 0.000140211 0.000110245 8.6049e-05 6.66772e-05 5.13042e-05 3.92178e-05 2.98126e-05 2.25817e-05 1.71078e-05 1.30551e-05 1.01608e-05 8.22869e-06 7.12257e-06 
8.36408e-06 8.80531e-06 1.01608e-05 1.25272e-05 1.60688e-05 2.10225e-05 2.77051e-05 3.65206e-05 4.797e-05 6.26611e-05 8.13181e-05 0.000104791 0.000134062 0.000170254 0.000214628 0.000268584 0.000333653 0.000411482 0.000503814 0.00061246 0.000739262 0.000886051 0.00105459 0.00124654 0.00146334 0.00170623 0.00197608 0.0022734 0.00259826 0.0029502 0.00332821 0.00373069 0.00415541 0.00459955 0.00505962 0.0055316 0.00601091 0.00649249 0.00697091 0.00744045 0.00789519 0.00832916 0.00873646 0.00911139 0.00944853 0.00974295 0.00999023 0.0101866 0.0103291 0.0104155 0.0104445 0.0104155 0.0103291 0.0101866 0.00999023 0.00974295 0.00944853 0.00911139 0.00873646 0.00832916 0.00789519 0.00744045 0.00697091 0.00649249 0.00601091 0.0055316 0.00505962 0.00459955 0.00415541 0.00373069 0.00332821 0.0029502 0.00259826 0.0022734 0.00197608 0.00170623 0.00146334 0.00124654 0.00105459 0.000886051 0.000739262 0.00061246 0.000503814 0.000411482 0.000333653 0.000268584 0.000214628 0.000170254 0.000134062 0.000104791 8.13181e-05 6.26611e-05 4.797e-05 3.65206e-05 2.77051e-05 2.10225e-05 1.60688e-05 1.25272e-05 1.01608e-05 8.80531e-06 
1.07651e-05 1.13276e-05 1.30551e-05 1.60688e-05 2.05748e-05 2.68704e-05 3.53514e-05 4.65229e-05 6.10094e-05 7.95668e-05 0.000103094 0.000132642 0.000169426 0.000214825 0.000270389 0.00033783 0.000419015 0.000515944 0.000630728 0.000765548 0.000922616 0.00110411 0.00131214 0.00154863 0.00181528 0.00211349 0.00244424 0.00280805 0.0032049 0.00363414 0.00409445 0.0045838 0.00509943 0.00563785 0.00619483 0.00676546 0.00734421 0.00792502 0.00850136 0.00906639 0.00961308 0.0101343 0.0106231 0.0110728 0.0114768 0.0118295 0.0121255 0.0123605 0.012531 0.0126344 0.012669 0.0126344 0.012531 0.0123605 0.0121255 0.0118295 0.0114768 0.0110728 0.0106231 0.0101343 0.00961308 0.00906639 0.00850136 0.00792502 0.00734421 0.00676546 0.00619483 0.00563785 0.00509943 0.0045838 0.00409445 0.00363414 0.0032049 0.00280805 0.00244424 0.00211349 0.00181528 0.00154863 0.00131214 0.00110411 0.000922616 0.000765548 0.000630728 0.000515944 0.000419015 0.00033783 0.000270389 0.000214825 0.000169426 0.000132642 0.000103094 7.95668e-05 6.10094e-05 4.65229e-05 3.53514e-05 2.68704e-05 2.05748e-05 1.60688e-05 1.30551e-05 1.13276e-05 
1.41309e-05 1.48623e-05 1.71078e-05 2.10225e-05 2.68704e-05 3.50309e-05 4.60098e-05 6.045e-05 7.91458e-05 0.000103056 0.000133318 0.000171259 0.000218407 0.000276494 0.000347459 0.000433438 0.000536749 0.000659871 0.000805404 0.00097603 0.00117445 0.00140331 0.00166514 0.00196226 0.00229668 0.00267001 0.00308335 0.00353723 0.00403149 0.00456518 0.00513659 0.00574308 0.00638116 0.00704644 0.00773366 0.00843676 0.00914893 0.00986272 0.0105702 0.011263 0.0119327 0.0125705 0.0131682 0.0137175 0.0142108 0.0146411 0.0150022 0.0152887 0.0154965 0.0156224 0.0156646 0.0156224 0.0154965 0.0152887 0.0150022 0.0146411 0.0142108 0.0137175 0.0131682 0.0125705 0.0119327 0.011263 0.0105702 0.00986272 0.00914893 0.00843676 0.00773366 0.00704644 0.00638116 0.00574308 0.00513659 0.00456518 0.00403149 0.00353723 0.00308335 0.00267001 0.00229668 0.00196226 0.00166514 0.00140331 0.00117445 0.00097603 0.000805404 0.000659871 0.000536749 0.000433438 0.000347459 0.000276494 0.000218407 0.000171259 0.000133318 0.000103056 7.91458e-05 6.045e-05 4.60098e-05 3.50309e-05 2.68704e-05 2.10225e-05 1.71078e-05 1.48623e-05 
1.86829e-05 1.96411e-05 2.25817e-05 2.77051e-05 3.53514e-05 4.60098e-05 6.03303e-05 7.91388e-05 0.000103453 0.000134498 0.000173726 0.000222825 0.000283734 0.000358643 0.000449999 0.000560485 0.000693007 0.000850658 0.00103667 0.00125436 0.00150705 0.00179798 0.00213023 0.00250659 0.00292944 0.00340065 0.00392147 0.00449237 0.005113 0.00578206 0.00649721 0.00725507 0.00805118 0.00887998 0.00973488 0.0106083 0.0114919 0.0123763 0.0132518 0.0141083 0.0149353 0.0157222 0.0164589 0.0171355 0.0177427 0.018272 0.0187159 0.019068 0.0193233 0.0194779 0.0195297 0.0194779 0.0193233 0.019068 0.0187159 0.018272 0.0177427 0.0171355 0.0164589 0.0157222 0.0149353 0.0141083 0.0132518 0.0123763 0.0114919 0.0106083 0.00973488 0.00887998 0.00805118 0.00725507 0.00649721 0.00578206 0.005113 0.00449237 0.00392147 0.00340065 0.00292944 0.00250659 0.00213023 0.00179798 0.00150705 0.00125436 0.00103667 0.000850658 0.000693007 0.000560485 0.000449999 0.000358643 0.000283734 0.000222825 0.000173726 0.000134498 0.000103453 7.91388e-05 6.03303e-05 4.60098e-05 3.53514e-05 2.77051e-05 2.25817e-05 1.96411e-05 
2.47045e-05 2.59602e-05 2.98126e-05 3.65206e-05 4.65229e-05 6.045e-05 7.91388e-05 0.00010365 0.000135289 0.000175625 0.000226509 0.000290093 0.000368837 0.000465517 0.000583219 0.000725322 0.000895469 0.00109752 0.0013355 0.00161351 0.00193565 0.00230589 0.00272796 0.00320521 0.00374048 0.00433593 0.00499292 0.00571188 0.00649215 0.0073319 0.00822806 0.00917625 0.0101707 0.0112045 0.0122694 0.0133558 0.0144533 0.0155505 0.0166354 0.0176955 0.018718 0.0196901 0.0205993 0.0214337 0.0221819 0.0228338 0.0233802 0.0238134 0.0241274 0.0243176 0.0243813 0.0243176 0.0241274 0.0238134 0.0233802 0.0228338 0.0221819 0.0214337 0.0205993 0.0196901 0.018718 0.0176955 0.0166354 0.0155505 0.0144533 0.0133558 0.0122694 0.0112045 0.0101707 0.00917625 0.00822806 0.0073319 0.00649215 0.00571188 0.00499292 0.00433593 0.00374048 0.00320521 0.00272796 0.00230589 0.00193565 0.00161351 0.0013355 0.00109752 0.000895469 0.000725322 0.000583219 0.000465517 0.000368837 0.000290093 0.000226509 0.000175625 0.000135289 0.00010365 7.91388e-05 6.045e-05 4.65229e-05 3.65206e-05 2.98126e-05 2.59602e-05 
3.25484e-05 3.41882e-05 3.92178e-05 4.797e-05 6.10094e-05 7.91458e-05 0.000103453 0.000135289 0.000176323 0.000228556 0.000294345 0.000376419 0.000477895 0.000602276 0.000753444 0.000935638 0.00115341 0.00141157 0.0017151 0.00206908 0.00247851 0.00294825 0.0034828 0.00408619 0.00476175 0.00551196 0.00633829 0.00724102 0.0082191 0.00927 0.0103897 0.0115725 0.0128112 0.0140969 0.0154193 0.0167666 0.0181258 0.019483 0.0208234 0.0221316 0.023392 0.0245892 0.025708 0.0267338 0.0276531 0.0284535 0.029124 0.0296555 0.0300406 0.0302738 0.0303519 0.0302738 0.0300406 0.0296555 0.029124 0.0284535 0.0276531 0.0267338 0.025708 0.0245892 0.023392 0.0221316 0.0208234 0.019483 0.0181258 0.0167666 0.0154193 0.0140969 0.0128112 0.0115725 0.0103897 0.00927 0.0082191 0.00724102 0.00633829 0.00551196 0.00476175 0.00408619 0.0034828 0.00294825 0.00247851 0.00206908 0.0017151 0.00141157 0.00115341 0.000935638 0.000753444 0.000602276 0.000477895 0.000376419 0.000294345 0.000228556 0.000176323 0.000135289 0.000103453 7.91458e-05 6.10094e-05 4.797e-05 3.92178e-05 3.41882e-05 
4.26441e-05 4.47739e-05 5.13042e-05 6.26611e-05 7.95668e-05 0.000103056 0.000134498 0.000175625 0.000228556 0.000295832 0.000380433 0.000485807 0.000615877 0.000775042 0.000968158 0.00120051 0.00147777 0.00180587 0.00219096 0.00263926 0.00315689 0.00374973 0.00442318 0.00518201 0.00603013 0.00697033 0.00800416 0.00913163 0.0103512 0.0116593 0.0130508 0.0145185 0.0160531 0.0176435 0.0192769 0.0209387 0.022613 0.0242827 0.0259296 0.0275352 0.0290805 0.0305468 0.0319159 0.0331701 0.0342933 0.0352706 0.036089 0.0367374 0.037207 0.0374913 0.0375865 0.0374913 0.037207 0.0367374 0.036089 0.0352706 0.0342933 0.0331701 0.0319159 0.0305468 0.0290805 0.0275352 0.0259296 0.0242827 0.022613 0.0209387 0.0192769 0.0176435 0.0160531 0.0145185 0.0130508 0.0116593 0.0103512 0.00913163 0.00800416 0.00697033 0.00603013 0.00518201 0.00442318 0.00374973 0.00315689 0.00263926 0.00219096 0.00180587 0.00147777 0.00120051 0.000968158 0.000775042 0.000615877 0.000485807 0.000380433 0.000295832 0.000228556 0.000175625 0.000134498 0.000103056 7.95668e-05 6.26611e-05 5.13042e-05 4.47739e-05 
5.55055e-05 5.82536e-05 6.66772e-05 8.13181e-05 0.000103094 0.000133318 0.000173726 0.000226509 0.000294345 0.000380433 0.000488523 0.000622937 0.000788581 0.000990939 0.00123605 0.00153046 0.00188115 0.00229544 0.00278085 0.00334494 0.00399511 0.00473843 0.00558134 0.00652945 0.00758723 0.00875782 0.0100427 0.0114416 0.0129522 0.0145698 0.0162876 0.0180965 0.0199849 0.0219391 0.023943 0.025979 0.0280274 0.0300674 0.0320771 0.0340341 0.0359156 0.0376991 0.0393628 0.0408857 0.0422485 0.0434335 0.0444253 0.0452107 0.0457793 0.0461236 0.0462388 0.0461236 0.0457793 0.0452107 0.0444253 0.0434335 0.0422485 0.0408857 0.0393628 0.0376991 0.0359156 0.0340341 0.0320771 0.0300674 0.0280274 0.025979 0.023943 0.0219391 0.0199849 0.0180965 0.0162876 0.0145698 0.0129522 0.0114416 0.0100427 0.00875782 0.00758723 0.00652945 0.00558134 0.00473843 0.00399511 0.00334494 0.00278085 0.00229544 0.00188115 0.00153046 0.00123605 0.000990939 0.000788581 0.000622937 0.000488523 0.000380433 0.000294345 0.000226509 0.000173726 0.000133318 0.000103094 8.13181e-05 6.66772e-05 5.82536e-05 
7.17387e-05 7.52597e-05 8.6049e-05 0.000104791 0.000132642 0.000171259 0.000222825 0.000290093 0.000376419 0.000485807 0.000622937 0.000793189 0.00100265 0.00125811 0.00156702 0.00193743 0.00237788 0.0028973 0.00350481 0.00420954 0.00502039 0.00594573 0.00699319 0.00816926 0.00947904 0.0109259 0.0125113 0.0142344 0.0160917 0.0180772 0.0201823 0.0223953 0.0247018 0.0270849 0.0295251 0.0320005 0.0344876 0.0369612 0.039395 0.041762 0.0440352 0.0461878 0.0481938 0.0500285 0.0516691 0.0530947 0.0542872 0.0552311 0.0559143 0.0563278 0.0564662 0.0563278 0.0559143 0.0552311 0.0542872 0.0530947 0.0516691 0.0500285 0.0481938 0.0461878 0.0440352 0.041762 0.039395 0.0369612 0.0344876 0.0320005 0.0295251 0.0270849 0.0247018 0.0223953 0.0201823 0.0180772 0.0160917 0.0142344 0.0125113 0.0109259 0.00947904 0.00816926 0.00699319 0.00594573 0.00502039 0.00420954 0.00350481 0.0028973 0.00237788 0.00193743 0.00156702 0.00125811 0.00100265 0.000793189 0.000622937 0.000485807 0.000376419 0.000290093 0.000222825 0.000171259 0.000132642 0.000104791 8.6049e-05 7.52597e-05 
9.20479e-05 9.65263e-05 0.000110245 0.000134062 0.000169426 0.000218407 0.000283734 0.000368837 0.000477895 0.000615877 0.000788581 0.00100265 0.00126559 0.00158573 0.0019722 0.00243479 0.0029839 0.00363032 0.00438503 0.00525895 0.00626264 0.007406 0.00869789 0.0101458 0.0117554 0.0135303 0.0154715 0.0175776 0.0198438 0.0222622 0.0248218 0.0275081 0.0303033 0.0331867 0.0361344 0.0391204 0.042116 0.0450913 0.0480148 0.0508547 0.0535788 0.0561555 0.0585545 0.0607467 0.0627053 0.0644062 0.0658281 0.0669531 0.0677671 0.0682596 0.0684245 0.0682596 0.0677671 0.0669531 0.0658281 0.0644062 0.0627053 0.0607467 0.0585545 0.0561555 0.0535788 0.0508547 0.0480148 0.0450913 0.042116 0.0391204 0.0361344 0.0331867 0.0303033 0.0275081 0.0248218 0.0222622 0.0198438 0.0175776 0.0154715 0.0135303 0.0117554 0.0101458 0.00869789 0.007406 0.00626264 0.00525895 0.00438503 0.00363032 0.0029839 0.00243479 0.0019722 0.00158573 0.00126559 0.00100265 0.000788581 0.000615877 0.000477895 0.000368837 0.000283734 0.000218407 0.000169426 0.000134062 0.000110245 9.65263e-05 
0.000117241 0.000122895 0.000140211 0.000170254 0.000214825 0.000276494 0.000358643 0.000465517 0.000602276 0.000775042 0.000990939 0.00125811 0.00158573 0.00198395 0.00246383 0.00303725 0.00371671 0.00451515 0.00544567 0.00652121 0.00775421 0.00915621 0.0107374 0.0125063 0.0144691 0.0166295 0.0189881 0.0215423 0.0242856 0.0272081 0.0302957 0.0335305 0.0368909 0.0403514 0.0438836 0.047456 0.0510346 0.0545839 0.0580666 0.0614454 0.0646825 0.0677412 0.0705859 0.073183 0.0755016 0.0775136 0.0791946 0.080524 0.0814854 0.0820671 0.0822618 0.0820671 0.0814854 0.080524 0.0791946 0.0775136 0.0755016 0.073183 0.0705859 0.0677412 0.0646825 0.0614454 0.0580666 0.0545839 0.0510346 0.047456 0.0438836 0.0403514 0.0368909 0.0335305 0.0302957 0.0272081 0.0242856 0.0215423 0.0189881 0.0166295 0.0144691 0.0125063 0.0107374 0.00915621 0.00775421 0.00652121 0.00544567 0.00451515 0.00371671 0.00303725 0.00246383 0.00198395 0.00158573 0.00125811 0.000990939 0.000775042 0.000602276 0.000465517 0.000358643 0.000276494 0.000214825 0.000170254 0.000140211 0.000122895 
0.000148231 0.000155317 0.000177011 0.000214628 0.000270389 0.000347459 0.000449999 0.000583219 0.000753444 0.000968158 0.00123605 0.00156702 0.0019722 0.00246383 0.00305527 0.00376073 0.00459517 0.00557395 0.00671255 0.0080262 0.00952937 0.0112354 0.0131559 0.0153003 0.0176753 0.0202845 0.0231278 0.026201 0.0294959 0.0329994 0.0366942 0.0405583 0.0445653 0.0486849 0.0528828 0.0571216 0.0613613 0.06556 0.0696742 0.0736603 0.0774745 0.0810744 0.0844188 0.0874693 0.0901903 0.0925498 0.0945199 0.0960771 0.0972029 0.0978838 0.0981117 0.0978838 0.0972029 0.0960771 0.0945199 0.0925498 0.0901903 0.0874693 0.0844188 0.0810744 0.0774745 0.0736603 0.0696742 0.06556 0.0613613 0.0571216 0.0528828 0.0486849 0.0445653 0.0405583 0.0366942 0.0329994 0.0294959 0.026201 0.0231278 0.0202845 0.0176753 0.0153003 0.0131559 0.0112354 0.00952937 0.0080262 0.00671255 0.00557395 0.00459517 0.00376073 0.00305527 0.00246383 0.0019722 0.00156702 0.00123605 0.000968158 0.000753444 0.000583219 0.000449999 0.000347459 0.000270389 0.000214628 0.000177011 0.000155317 
0.000186037 0.000194852 0.000221831 0.000268584 0.00033783 0.000433438 0.000560485 0.000725322 0.000935638 0.00120051 0.00153046 0.00193743 0.00243479 0.00303725 0.00376073 0.00462217 0.00563924 0.00683008 0.00821282 0.00980514 0.0116238 0.0136839 0.0159987 0.0185783 0.02143 0.0245568 0.0279575 0.0316264 0.0355523 0.0397191 0.0441052 0.0486839 0.0534235 0.0582877 0.0632358 0.068224 0.0732053 0.0781308 0.0829502 0.0876131 0.0920692 0.0962698 0.100168 0.10372 0.106886 0.109629 0.111918 0.113726 0.115032 0.115823 0.116087 0.115823 0.115032 0.113726 0.111918 0.109629 0.106886 0.10372 0.100168 0.0962698 0.0920692 0.0876131 0.0829502 0.0781308 0.0732053 0.068224 0.0632358 0.0582877 0.0534235 0.0486839 0.0441052 0.0397191 0.0355523 0.0316264 0.0279575 0.0245568 0.02143 0.0185783 0.0159987 0.0136839 0.0116238 0.00980514 0.00821282 0.00683008 0.00563924 0.00462217 0.00376073 0.00303725 0.00243479 0.00193743 0.00153046 0.00120051 0.000935638 0.000725322 0.000560485 0.000433438 0.00033783 0.000268584 0.000221831 0.000194852 
0.000231781 0.000242666 0.000275971 0.000333653 0.000419015 0.000536749 0.000693007 0.000895469 0.00115341 0.00147777 0.00188115 0.00237788 0.0029839 0.00371671 0.00459517 0.00563924 0.00686972 0.00830774 0.00997438 0.01189 0.0140737 0.0165427 0.0193114 0.022391 0.0257886 0.0295067 0.0335428 0.0378885 0.0425297 0.0474462 0.0526116 0.0579938 0.0635548 0.0692516 0.0750366 0.0808584 0.0866626 0.0923927 0.0979909 0.1034 0.108561 0.113421 0.117926 0.122027 0.125678 0.128839 0.131475 0.133556 0.13506 0.135968 0.136272 0.135968 0.13506 0.133556 0.131475 0.128839 0.125678 0.122027 0.117926 0.113421 0.108561 0.1034 0.0979909 0.0923927 0.0866626 0.0808584 0.0750366 0.0692516 0.0635548 0.0579938 0.0526116 0.0474462 0.0425297 0.0378885 0.0335428 0.0295067 0.0257886 0.022391 0.0193114 0.0165427 0.0140737 0.01189 0.00997438 0.00830774 0.00686972 0.00563924 0.00459517 0.00371671 0.0029839 0.00237788 0.00188115 0.00147777 0.00115341 0.000895469 0.000693007 0.000536749 0.000419015 0.000333653 0.000275971 0.000242666 
0.000286675 0.000300019 0.000340834 0.000411482 0.000515944 0.000659871 0.000850658 0.00109752 0.00141157 0.00180587 0.00229544 0.0028973 0.00363032 0.00451515 0.00557395 0.00683008 0.00830774 0.0100314 0.0120254 0.0143128 0.0169153 0.019852 0.0231387 0.0267873 0.0308046 0.0351922 0.0399454 0.0450531 0.0504972 0.056253 0.0622883 0.0685647 0.0750374 0.0816558 0.0883644 0.0951038 0.101811 0.108422 0.114871 0.121092 0.127021 0.132596 0.137758 0.142451 0.146626 0.150237 0.153246 0.155621 0.157336 0.158372 0.158719 0.158372 0.157336 0.155621 0.153246 0.150237 0.146626 0.142451 0.137758 0.132596 0.127021 0.121092 0.114871 0.108422 0.101811 0.0951038 0.0883644 0.0816558 0.0750374 0.0685647 0.0622883 0.056253 0.0504972 0.0450531 0.0399454 0.0351922 0.0308046 0.0267873 0.0231387 0.019852 0.0169153 0.0143128 0.0120254 0.0100314 0.00830774 0.00683008 0.00557395 0.00451515 0.00363032 0.0028973 0.00229544 0.00180587 0.00141157 0.00109752 0.000850658 0.000659871 0.000515944 0.000411482 0.000340834 0.000300019 
0.000352013 0.000368252 0.00041791 0.000503814 0.000630728 0.000805404 0.00103667 0.0013355 0.0017151 0.00219096 0.00278085 0.00350481 0.00438503 0.00544567 0.00671255 0.00821282 0.00997438 0.0120254 0.0143933 0.0171046 0.0201833 0.0236504 0.0275231 0.0318134 0.0365278 0.0416662 0.0472215 0.0531789 0.0595159 0.0662019 0.0731988 0.0804606 0.0879349 0.0955628 0.10328 0.111019 0.118707 0.126272 0.13364 0.140736 0.147489 0.15383 0.159694 0.16502 0.169752 0.173843 0.177249 0.179935 0.181873 0.183044 0.183436 0.183044 0.181873 0.179935 0.177249 0.173843 0.169752 0.16502 0.159694 0.15383 0.147489 0.140736 0.13364 0.126272 0.118707 0.111019 0.10328 0.0955628 0.0879349 0.0804606 0.0731988 0.0662019 0.0595159 0.0531789 0.0472215 0.0416662 0.0365278 0.0318134 0.0275231 0.0236504 0.0201833 0.0171046 0.0143933 0.0120254 0.00997438 0.00821282 0.00671255 0.00544567 0.00438503 0.00350481 0.00278085 0.00219096 0.0017151 0.0013355 0.00103667 0.000805404 0.000630728 0.000503814 0.00041791 0.000368252 
0.000429146 0.000448769 0.000508752 0.00061246 0.000765548 0.00097603 0.00125436 0.00161351 0.00206908 0.00263926 0.00334494 0.00420954 0.00525895 0.00652121 0.0080262 0.00980514 0.01189 0.0143128 0.0171046 0.0202949 0.0239104 0.0279738 0.0325033 0.037511 0.0430024 0.0489752 0.0554193 0.0623153 0.0696356 0.077343 0.0853921 0.0937291 0.102293 0.111015 0.119822 0.128638 0.137379 0.145966 0.154314 0.162341 0.169969 0.177122 0.183728 0.18972 0.19504 0.199633 0.203455 0.206467 0.20864 0.209952 0.210391 0.209952 0.20864 0.206467 0.203455 0.199633 0.19504 0.18972 0.183728 0.177122 0.169969 0.162341 0.154314 0.145966 0.137379 0.128638 0.119822 0.111015 0.102293 0.0937291 0.0853921 0.077343 0.0696356 0.0623153 0.0554193 0.0489752 0.0430024 0.037511 0.0325033 0.0279738 0.0239104 0.0202949 0.0171046 0.0143128 0.01189 0.00980514 0.0080262 0.00652121 0.00525895 0.00420954 0.00334494 0.00263926 0.00206908 0.00161351 0.00125436 0.00097603 0.000765548 0.00061246 0.000508752 0.000448769 
0.000519463 0.000543005 0.000614948 0.000739262 0.000922616 0.00117445 0.00150705 0.00193565 0.00247851 0.00315689 0.00399511 0.00502039 0.00626264 0.00775421 0.00952937 0.0116238 0.0140737 0.0169153 0.0201833 0.0239104 0.0281256 0.0328535 0.0381129 0.0439154 0.050265 0.0571569 0.0645765 0.0724999 0.0808926 0.0897106 0.0989 0.108398 0.118134 0.128031 0.138004 0.147966 0.157827 0.167494 0.176877 0.185884 0.19443 0.202432 0.209811 0.216497 0.222426 0.227541 0.231793 0.235142 0.237557 0.239015 0.239502 0.239015 0.237557 0.235142 0.231793 0.227541 0.222426 0.216497 0.209811 0.202432 0.19443 0.185884 0.176877 0.167494 0.157827 0.147966 0.138004 0.128031 0.118134 0.108398 0.0989 0.0897106 0.0808926 0.0724999 0.0645765 0.0571569 0.050265 0.0439154 0.0381129 0.0328535 0.0281256 0.0239104 0.0201833 0.0169153 0.0140737 0.0116238 0.00952937 0.00775421 0.00626264 0.00502039 0.00399511 0.00315689 0.00247851 0.00193565 0.00150705 0.00117445 0.000922616 0.000739262 0.000614948 0.000543005 
0.000624355 0.0006524 0.000738082 0.000886051 0.00110411 0.00140331 0.00179798 0.00230589 0.00294825 0.00374973 0.00473843 0.00594573 0.007406 0.00915621 0.0112354 0.0136839 0.0165427 0.019852 0.0236504 0.0279738 0.0328535 0.0383155 0.0443787 0.0510541 0.0583433 0.0662379 0.0747189 0.0837559 0.0933075 0.103321 0.113734 0.124474 0.135459 0.146602 0.157808 0.168979 0.180015 0.190814 0.201275 0.211301 0.220798 0.229676 0.237852 0.245251 0.251803 0.257451 0.262142 0.265834 0.268495 0.270101 0.270638 0.270101 0.268495 0.265834 0.262142 0.257451 0.251803 0.245251 0.237852 0.229676 0.220798 0.211301 0.201275 0.190814 0.180015 0.168979 0.157808 0.146602 0.135459 0.124474 0.113734 0.103321 0.0933075 0.0837559 0.0747189 0.0662379 0.0583433 0.0510541 0.0443787 0.0383155 0.0328535 0.0279738 0.0236504 0.019852 0.0165427 0.0136839 0.0112354 0.00915621 0.007406 0.00594573 0.00473843 0.00374973 0.00294825 0.00230589 0.00179798 0.00140331 0.00110411 0.000886051 0.000738082 0.0006524 
0.000745177 0.000778356 0.000879691 0.00105459 0.00131214 0.00166514 0.00213023 0.00272796 0.0034828 0.00442318 0.00558134 0.00699319 0.00869789 0.0107374 0.0131559 0.0159987 0.0193114 0.0231387 0.0275231 0.0325033 0.0381129 0.0443787 0.0513196 0.058945 0.0672536 0.0762327 0.0858574 0.0960906 0.106883 0.118171 0.129885 0.141938 0.154241 0.166693 0.179189 0.19162 0.203875 0.215844 0.227417 0.238489 0.248957 0.258729 0.267714 0.275834 0.283017 0.289202 0.294334 0.29837 0.301278 0.303032 0.303618 0.303032 0.301278 0.29837 0.294334 0.289202 0.283017 0.275834 0.267714 0.258729 0.248957 0.238489 0.227417 0.215844 0.203875 0.19162 0.179189 0.166693 0.154241 0.141938 0.129885 0.118171 0.106883 0.0960906 0.0858574 0.0762327 0.0672536 0.058945 0.0513196 0.0443787 0.0381129 0.0325033 0.0275231 0.0231387 0.0193114 0.0159987 0.0131559 0.0107374 0.00869789 0.00699319 0.00558134 0.00442318 0.0034828 0.00272796 0.00213023 0.00166514 0.00131214 0.00105459 0.000879691 0.000778356 
0.00088321 0.000922192 0.00104122 0.00124654 0.00154863 0.00196226 0.00250659 0.00320521 0.00408619 0.00518201 0.00652945 0.00816926 0.0101458 0.0125063 0.0153003 0.0185783 0.022391 0.0267873 0.0318134 0.037511 0.0439154 0.0510541 0.058945 0.0675953 0.0770001 0.0871414 0.0979876 0.109494 0.1216 0.134236 0.147316 0.160747 0.174424 0.188237 0.202067 0.215797 0.229304 0.242468 0.255173 0.267303 0.278753 0.289422 0.299219 0.308059 0.315869 0.322586 0.328154 0.332531 0.335682 0.337582 0.338217 0.337582 0.335682 0.332531 0.328154 0.322586 0.315869 0.308059 0.299219 0.289422 0.278753 0.267303 0.255173 0.242468 0.229304 0.215797 0.202067 0.188237 0.174424 0.160747 0.147316 0.134236 0.1216 0.109494 0.0979876 0.0871414 0.0770001 0.0675953 0.058945 0.0510541 0.0439154 0.037511 0.0318134 0.0267873 0.022391 0.0185783 0.0153003 0.0125063 0.0101458 0.00816926 0.00652945 0.00518201 0.00408619 0.00320521 0.00250659 0.00196226 0.00154863 0.00124654 0.00104122 0.000922192 
0.00103961 0.0010851 0.00122395 0.00146334 0.00181528 0.00229668 0.00292944 0.00374048 0.00476175 0.00603013 0.00758723 0.00947904 0.0117554 0.0144691 0.0176753 0.02143 0.0257886 0.0308046 0.0365278 0.0430024 0.050265 0.0583433 0.0672536 0.0770001 0.0875732 0.0989488 0.111088 0.123935 0.137423 0.151467 0.165972 0.18083 0.195927 0.211138 0.226335 0.241387 0.256163 0.270534 0.284374 0.297564 0.30999 0.321549 0.332145 0.341693 0.350118 0.357355 0.363348 0.368055 0.371442 0.373483 0.374165 0.373483 0.371442 0.368055 0.363348 0.357355 0.350118 0.341693 0.332145 0.321549 0.30999 0.297564 0.284374 0.270534 0.256163 0.241387 0.226335 0.211138 0.195927 0.18083 0.165972 0.151467 0.137423 0.123935 0.111088 0.0989488 0.0875732 0.0770001 0.0672536 0.0583433 0.050265 0.0430024 0.0365278 0.0308046 0.0257886 0.02143 0.0176753 0.0144691 0.0117554 0.00947904 0.00758723 0.00603013 0.00476175 0.00374048 0.00292944 0.00229668 0.00181528 0.00146334 0.00122395 0.0010851 
0.00121536 0.00126809 0.00142899 0.00170623 0.00211349 0.00267001 0.00340065 0.00433593 0.00551196 0.00697033 0.00875782 0.0109259 0.0135303 0.0166295 0.0202845 0.0245568 0.0295067 0.0351922 0.0416662 0.0489752 0.0571569 0.0662379 0.0762327 0.0871414 0.0989488 0.111624 0.125118 0.139367 0.15429 0.169793 0.185767 0.202091 0.218638 0.235271 0.25185 0.268233 0.284281 0.299854 0.31482 0.329054 0.342439 0.354866 0.36624 0.376472 0.385488 0.393223 0.399623 0.404646 0.408256 0.410432 0.411159 0.410432 0.408256 0.404646 0.399623 0.393223 0.385488 0.376472 0.36624 0.354866 0.342439 0.329054 0.31482 0.299854 0.284281 0.268233 0.25185 0.235271 0.218638 0.202091 0.185767 0.169793 0.15429 0.139367 0.125118 0.111624 0.0989488 0.0871414 0.0762327 0.0662379 0.0571569 0.0489752 0.0416662 0.0351922 0.0295067 0.0245568 0.0202845 0.0166295 0.0135303 0.0109259 0.00875782 0.00697033 0.00551196 0.00433593 0.00340065 0.00267001 0.00211349 0.00170623 0.00142899 0.00126809 
0.00141122 0.00147193 0.00165713 0.00197608 0.00244424 0.00308335 0.00392147 0.00499292 0.00633829 0.00800416 0.0100427 0.0125113 0.0154715 0.0189881 0.0231278 0.0279575 0.0335428 0.0399454 0.0472215 0.0554193 0.0645765 0.0747189 0.0858574 0.0979876 0.111088 0.125118 0.14002 0.155719 0.172122 0.189121 0.206594 0.224408 0.242421 0.260484 0.278445 0.296153 0.313458 0.330213 0.34628 0.361529 0.375839 0.389101 0.401216 0.412099 0.421674 0.429878 0.436659 0.441975 0.445795 0.448095 0.448863 0.448095 0.445795 0.441975 0.436659 0.429878 0.421674 0.412099 0.401216 0.389101 0.375839 0.361529 0.34628 0.330213 0.313458 0.296153 0.278445 0.260484 0.242421 0.224408 0.206594 0.189121 0.172122 0.155719 0.14002 0.125118 0.111088 0.0979876 0.0858574 0.0747189 0.0645765 0.0554193 0.0472215 0.0399454 0.0335428 0.0279575 0.0231278 0.0189881 0.0154715 0.0125113 0.0100427 0.00800416 0.00633829 0.00499292 0.00392147 0.00308335 0.00244424 0.00197608 0.00165713 0.00147193 
0.00162767 0.00169711 0.00190888 0.0022734 0.00280805 0.00353723 0.00449237 0.00571188 0.00724102 0.00913163 0.0114416 0.0142344 0.0175776 0.0215423 0.026201 0.0316264 0.0378885 0.0450531 0.0531789 0.0623153 0.0724999 0.0837559 0.0960906 0.109494 0.123935 0.139367 0.155719 0.172904 0.190818 0.209336 0.228325 0.247636 0.267115 0.2866 0.305928 0.324937 0.343468 0.36137 0.378498 0.394718 0.409908 0.423957 0.436768 0.448256 0.458349 0.466985 0.474114 0.479699 0.483708 0.486122 0.486928 0.486122 0.483708 0.479699 0.474114 0.466985 0.458349 0.448256 0.436768 0.423957 0.409908 0.394718 0.378498 0.36137 0.343468 0.324937 0.305928 0.2866 0.267115 0.247636 0.228325 0.209336 0.190818 0.172904 0.155719 0.139367 0.123935 0.109494 0.0960906 0.0837559 0.0724999 0.0623153 0.0531789 0.0450531 0.0378885 0.0316264 0.026201 0.0215423 0.0175776 0.0142344 0.0114416 0.00913163 0.00724102 0.00571188 0.00449237 0.00353723 0.00280805 0.0022734 0.00190888 0.00169711 
0.00186485 0.00194375 0.00218435 0.00259826 0.0032049 0.00403149 0.005113 0.00649215 0.0082191 0.0103512 0.0129522 0.0160917 0.0198438 0.0242856 0.0294959 0.0355523 0.0425297 0.0504972 0.0595159 0.0696356 0.0808926 0.0933075 0.106883 0.1216 0.137423 0.15429 0.172122 0.190818 0.210257 0.230305 0.25081 0.271611 0.292539 0.313422 0.334084 0.354356 0.374069 0.393066 0.4112 0.428334 0.444345 0.459123 0.472573 0.484613 0.495174 0.504197 0.511638 0.517461 0.521638 0.524151 0.52499 0.524151 0.521638 0.517461 0.511638 0.504197 0.495174 0.484613 0.472573 0.459123 0.444345 0.428334 0.4112 0.393066 0.374069 0.354356 0.334084 0.313422 0.292539 0.271611 0.25081 0.230305 0.210257 0.190818 0.172122 0.15429 0.137423 0.1216 0.106883 0.0933075 0.0808926 0.0696356 0.0595159 0.0504972 0.0425297 0.0355523 0.0294959 0.0242856 0.0198438 0.0160917 0.0129522 0.0103512 0.0082191 0.00649215 0.005113 0.00403149 0.0032049 0.00259826 0.00218435 0.00194375 
0.00212252 0.00221162 0.0024832 0.0029502 0.00363414 0.00456518 0.00578206 0.0073319 0.00927 0.0116593 0.0145698 0.0180772 0.0222622 0.0272081 0.0329994 0.0397191 0.0474462 0.056253 0.0662019 0.077343 0.0897106 0.103321 0.118171 0.134236 0.151467 0.169793 0.189121 0.209336 0.230305 0.251875 0.273881 0.296149 0.318496 0.340736 0.362686 0.384165 0.405001 0.42503 0.444102 0.46208 0.478843 0.494282 0.508305 0.520835 0.531807 0.541168 0.548878 0.554905 0.559225 0.561823 0.56269 0.561823 0.559225 0.554905 0.548878 0.541168 0.531807 0.520835 0.508305 0.494282 0.478843 0.46208 0.444102 0.42503 0.405001 0.384165 0.362686 0.340736 0.318496 0.296149 0.273881 0.251875 0.230305 0.209336 0.189121 0.169793 0.151467 0.134236 0.118171 0.103321 0.0897106 0.077343 0.0662019 0.056253 0.0474462 0.0397191 0.0329994 0.0272081 0.0222622 0.0180772 0.0145698 0.0116593 0.00927 0.0073319 0.00578206 0.00456518 0.00363414 0.0029502 0.0024832 0.00221162 
0.00240006 0.00250002 0.00280465 0.00332821 0.00409445 0.00513659 0.00649721 0.00822806 0.0103897 0.0130508 0.0162876 0.0201823 0.0248218 0.0302957 0.0366942 0.0441052 0.0526116 0.0622883 0.0731988 0.0853921 0.0989 0.113734 0.129885 0.147316 0.165972 0.185767 0.206594 0.228325 0.25081 0.273881 0.29736 0.321056 0.344775 0.368319 0.391495 0.414114 0.435999 0.456983 0.476915 0.495659 0.513094 0.529117 0.54364 0.556592 0.567914 0.577559 0.585491 0.591686 0.596122 0.598789 0.599679 0.598789 0.596122 0.591686 0.585491 0.577559 0.567914 0.556592 0.54364 0.529117 0.513094 0.495659 0.476915 0.456983 0.435999 0.414114 0.391495 0.368319 0.344775 0.321056 0.29736 0.273881 0.25081 0.228325 0.206594 0.185767 0.165972 0.147316 0.129885 0.113734 0.0989 0.0853921 0.0731988 0.0622883 0.0526116 0.0441052 0.0366942 0.0302957 0.0248218 0.0201823 0.0162876 0.0130508 0.0103897 0.00822806 0.00649721 0.00513659 0.00409445 0.00332821 0.00280465 0.00250002 
0.00269635 0.0028078 0.00314737 0.00373069 0.0045838 0.00574308 0.00725507 0.00917625 0.0115725 0.0145185 0.0180965 0.0223953 0.0275081 0.0335305 0.0405583 0.0486839 0.0579938 0.0685647 0.0804606 0.0937291 0.108398 0.124474 0.141938 0.160747 0.18083 0.202091 0.224408 0.247636 0.271611 0.296149 0.321056 0.346129 0.371159 0.395939 0.420267 0.443947 0.466798 0.488651 0.509355 0.528776 0.546798 0.563322 0.578268 0.591569 0.603175 0.613046 0.621154 0.627477 0.632003 0.634721 0.635628 0.634721 0.632003 0.627477 0.621154 0.613046 0.603175 0.591569 0.578268 0.563322 0.546798 0.528776 0.509355 0.488651 0.466798 0.443947 0.420267 0.395939 0.371159 0.346129 0.321056 0.296149 0.271611 0.247636 0.224408 0.202091 0.18083 0.160747 0.141938 0.124474 0.108398 0.0937291 0.0804606 0.0685647 0.0579938 0.0486839 0.0405583 0.0335305 0.0275081 0.0223953 0.0180965 0.0145185 0.0115725 0.00917625 0.00725507 0.00574308 0.0045838 0.00373069 0.00314737 0.0028078 
0.00300983 0.00313333 0.0035095 0.00415541 0.00509943 0.00638116 0.00805118 0.0101707 0.0128112 0.0160531 0.0199849 0.0247018 0.0303033 0.0368909 0.0445653 0.0534235 0.0635548 0.0750374 0.0879349 0.102293 0.118134 0.135459 0.154241 0.174424 0.195927 0.218638 0.242421 0.267115 0.292539 0.318496 0.344775 0.371159 0.397429 0.423366 0.448761 0.473413 0.497138 0.519766 0.541149 0.561154 0.579672 0.59661 0.611896 0.625472 0.637295 0.647334 0.655568 0.661982 0.666568 0.669321 0.670239 0.669321 0.666568 0.661982 0.655568 0.647334 0.637295 0.625472 0.611896 0.59661 0.579672 0.561154 0.541149 0.519766 0.497138 0.473413 0.448761 0.423366 0.397429 0.371159 0.344775 0.318496 0.292539 0.267115 0.242421 0.218638 0.195927 0.174424 0.154241 0.135459 0.118134 0.102293 0.0879349 0.0750374 0.0635548 0.0534235 0.0445653 0.0368909 0.0303033 0.0247018 0.0199849 0.0160531 0.0128112 0.0101707 0.00805118 0.00638116 0.00509943 0.00415541 0.0035095 0.00313333 
0.00333846 0.00347447 0.00388867 0.00459955 0.00563785 0.00704644 0.00887998 0.0112045 0.0140969 0.0176435 0.0219391 0.0270849 0.0331867 0.0403514 0.0486849 0.0582877 0.0692516 0.0816558 0.0955628 0.111015 0.128031 0.146602 0.166693 0.188237 0.211138 0.235271 0.260484 0.2866 0.313422 0.340736 0.368319 0.395939 0.423366 0.450373 0.476742 0.502271 0.526772 0.550076 0.572038 0.592532 0.611453 0.628718 0.644262 0.658038 0.670011 0.680159 0.68847 0.694936 0.699555 0.702326 0.70325 0.702326 0.699555 0.694936 0.68847 0.680159 0.670011 0.658038 0.644262 0.628718 0.611453 0.592532 0.572038 0.550076 0.526772 0.502271 0.476742 0.450373 0.423366 0.395939 0.368319 0.340736 0.313422 0.2866 0.260484 0.235271 0.211138 0.188237 0.166693 0.146602 0.128031 0.111015 0.0955628 0.0816558 0.0692516 0.0582877 0.0486849 0.0403514 0.0331867 0.0270849 0.0219391 0.0176435 0.0140969 0.0112045 0.00887998 0.00704644 0.00563785 0.00459955 0.00388867 0.00347447 
0.00367971 0.0038286 0.00428192 0.00505962 0.00619483 0.00773366 0.00973488 0.0122694 0.0154193 0.0192769 0.023943 0.0295251 0.0361344 0.0438836 0.0528828 0.0632358 0.0750366 0.0883644 0.10328 0.119822 0.138004 0.157808 0.179189 0.202067 0.226335 0.25185 0.278445 0.305928 0.334084 0.362686 0.391495 0.420267 0.448761 0.476742 0.503989 0.530293 0.555468 0.579348 0.60179 0.622675 0.641907 0.659411 0.675133 0.689035 0.701093 0.711295 0.719636 0.726117 0.730742 0.733515 0.734439 0.733515 0.730742 0.726117 0.719636 0.711295 0.701093 0.689035 0.675133 0.659411 0.641907 0.622675 0.60179 0.579348 0.555468 0.530293 0.503989 0.476742 0.448761 0.420267 0.391495 0.362686 0.334084 0.305928 0.278445 0.25185 0.226335 0.202067 0.179189 0.157808 0.138004 0.119822 0.10328 0.0883644 0.0750366 0.0632358 0.0528828 0.0438836 0.0361344 0.0295251 0.023943 0.0192769 0.0154193 0.0122694 0.00973488 0.00773366 0.00619483 0.00505962 0.00428192 0.0038286 
0.00403059 0.00419261 0.00468582 0.0055316 0.00676546 0.00843676 0.0106083 0.0133558 0.0167666 0.0209387 0.025979 0.0320005 0.0391204 0.047456 0.0571216 0.068224 0.0808584 0.0951038 0.111019 0.128638 0.147966 0.168979 0.19162 0.215797 0.241387 0.268233 0.296153 0.324937 0.354356 0.384165 0.414114 0.443947 0.473413 0.502271 0.530293 0.557272 0.583019 0.607373 0.630197 0.651379 0.670832 0.688492 0.704315 0.718273 0.730354 0.740556 0.748883 0.755345 0.759952 0.762711 0.76363 0.762711 0.759952 0.755345 0.748883 0.740556 0.730354 0.718273 0.704315 0.688492 0.670832 0.651379 0.630197 0.607373 0.583019 0.557272 0.530293 0.502271 0.473413 0.443947 0.414114 0.384165 0.354356 0.324937 0.296153 0.268233 0.241387 0.215797 0.19162 0.168979 0.147966 0.128638 0.111019 0.0951038 0.0808584 0.068224 0.0571216 0.047456 0.0391204 0.0320005 0.025979 0.0209387 0.0167666 0.0133558 0.0106083 0.00843676 0.00676546 0.0055316 0.00468582 0.00419261 
0.0043877 0.00456298 0.00509645 0.00601091 0.00734421 0.00914893 0.0114919 0.0144533 0.0181258 0.022613 0.0280274 0.0344876 0.042116 0.0510346 0.0613613 0.0732053 0.0866626 0.101811 0.118707 0.137379 0.157827 0.180015 0.203875 0.229304 0.256163 0.284281 0.313458 0.343468 0.374069 0.405001 0.435999 0.466798 0.497138 0.526772 0.555468 0.583019 0.609239 0.63397 0.657081 0.678471 0.698061 0.715798 0.731649 0.7456 0.757648 0.767801 0.776076 0.782487 0.787052 0.789786 0.790696 0.789786 0.787052 0.782487 0.776076 0.767801 0.757648 0.7456 0.731649 0.715798 0.698061 0.678471 0.657081 0.63397 0.609239 0.583019 0.555468 0.526772 0.497138 0.466798 0.435999 0.405001 0.374069 0.343468 0.313458 0.284281 0.256163 0.229304 0.203875 0.180015 0.157827 0.137379 0.118707 0.101811 0.0866626 0.0732053 0.0613613 0.0510346 0.042116 0.0344876 0.0280274 0.022613 0.0181258 0.0144533 0.0114919 0.00914893 0.00734421 0.00601091 0.00509645 0.00456298 
0.00474725 0.00493578 0.00550946 0.00649249 0.00792502 0.00986272 0.0123763 0.0155505 0.019483 0.0242827 0.0300674 0.0369612 0.0450913 0.0545839 0.06556 0.0781308 0.0923927 0.108422 0.126272 0.145966 0.167494 0.190814 0.215844 0.242468 0.270534 0.299854 0.330213 0.36137 0.393066 0.42503 0.456983 0.488651 0.519766 0.550076 0.579348 0.607373 0.63397 0.658985 0.682297 0.703811 0.72346 0.741203 0.757019 0.770905 0.78287 0.792933 0.801119 0.807453 0.811959 0.814654 0.815551 0.814654 0.811959 0.807453 0.801119 0.792933 0.78287 0.770905 0.757019 0.741203 0.72346 0.703811 0.682297 0.658985 0.63397 0.607373 0.579348 0.550076 0.519766 0.488651 0.456983 0.42503 0.393066 0.36137 0.330213 0.299854 0.270534 0.242468 0.215844 0.190814 0.167494 0.145966 0.126272 0.108422 0.0923927 0.0781308 0.06556 0.0545839 0.0450913 0.0369612 0.0300674 0.0242827 0.019483 0.0155505 0.0123763 0.00986272 0.00792502 0.00649249 0.00550946 0.00493578 
0.00510513 0.00530675 0.00592016 0.00697091 0.00850136 0.0105702 0.0132518 0.0166354 0.0208234 0.0259296 0.0320771 0.039395 0.0480148 0.0580666 0.0696742 0.0829502 0.0979909 0.114871 0.13364 0.154314 0.176877 0.201275 0.227417 0.255173 0.284374 0.31482 0.34628 0.378498 0.4112 0.444102 0.476915 0.509355 0.541149 0.572038 0.60179 0.630197 0.657081 0.682297 0.705728 0.727293 0.746933 0.764621 0.780346 0.794117 0.805957 0.815895 0.823964 0.830198 0.834627 0.837274 0.838155 0.837274 0.834627 0.830198 0.823964 0.815895 0.805957 0.794117 0.780346 0.764621 0.746933 0.727293 0.705728 0.682297 0.657081 0.630197 0.60179 0.572038 0.541149 0.509355 0.476915 0.444102 0.4112 0.378498 0.34628 0.31482 0.284374 0.255173 0.227417 0.201275 0.176877 0.154314 0.13364 0.114871 0.0979909 0.0829502 0.0696742 0.0580666 0.0480148 0.039395 0.0320771 0.0259296 0.0208234 0.0166354 0.0132518 0.0105702 0.00850136 0.00697091 0.00592016 0.00530675 
