0.00109298 0.00110931 0.0011585 0.00124114 0.00135821 0.00151105 0.00170133 0.00193106 0.00220251 0.00251817 0.00288073 0.00329298 0.00375779 0.004278 0.00485638 0.00549555 0.00619786 0.00696538 0.00779972 0.00870206 0.00967298 0.0107124 0.0118196 0.0129931 0.0142304 0.0155284 0.016883 0.0182891 0.019741 0.0212316 0.0227536 0.0242983 0.0258567 0.0274188 0.0289743 0.0305123 0.0320217 0.033491 0.0349087 0.0362636 0.0375444 0.0387403 0.039841 0.0408369 0.0417192 0.04248 0.0431122 0.0436101 0.043969 0.0441858 0.0442583 0.0441858 0.043969 0.0436101 0.0431122 0.04248 0.0417192 0.0408369 0.039841 0.0387403 0.0375444 0.0362636 0.0349087 0.033491 0.0320217 0.0305123 0.0289743 0.0274188 0.0258567 0.0242983 0.0227536 0.0212316 0.019741 0.0182891 0.016883 0.0155284 0.0142304 0.0129931 0.0118196 0.0107124 0.00967298 0.00870206 0.00779972 0.00696538 0.00619786 0.00549555 0.00485638 0.004278 0.00375779 0.00329298 0.00288073 0.00251817 0.00220251 0.00193106 0.00170133 0.00151105 0.00135821 0.00124114 0.0011585 0.00110931 
0.00110931 0.00112586 0.00117573 0.0012595 0.00137817 0.00153309 0.00172596 0.0019588 0.00223389 0.00255377 0.00292114 0.00333882 0.00380971 0.00433668 0.00492252 0.00556986 0.00628109 0.00705826 0.00790302 0.00881652 0.00979936 0.0108514 0.011972 0.0131595 0.0144115 0.0157248 0.0170952 0.0185176 0.0199861 0.0214938 0.023033 0.0245951 0.0261708 0.0277502 0.0293228 0.0308777 0.0324034 0.0338886 0.0353215 0.0366909 0.0379852 0.0391938 0.0403061 0.0413125 0.0422041 0.0429727 0.0436115 0.0441146 0.0444773 0.0446963 0.0447695 0.0446963 0.0444773 0.0441146 0.0436115 0.0429727 0.0422041 0.0413125 0.0403061 0.0391938 0.0379852 0.0366909 0.0353215 0.0338886 0.0324034 0.0308777 0.0293228 0.0277502 0.0261708 0.0245951 0.023033 0.0214938 0.0199861 0.0185176 0.0170952 0.0157248 0.0144115 0.0131595 0.011972 0.0108514 0.00979936 0.00881652 0.00790302 0.00705826 0.00628109 0.00556986 0.00492252 0.00433668 0.00380971 0.00333882 0.00292114 0.00255377 0.00223389 0.0019588 0.00172596 0.00153309 0.00137817 0.0012595 0.00117573 0.00112586 
0.0011585 0.00117573 0.00122763 0.00131481 0.0014383 0.00159949 0.00180013 0.0020423 0.00232837 0.00266093 0.00304277 0.00347681 0.00396599 0.00451329 0.00512155 0.00579348 0.0065315 0.00733771 0.00821378 0.00916086 0.0101795 0.0112696 0.0124304 0.0136601 0.0149562 0.0163154 0.0177333 0.0192047 0.0207233 0.0222821 0.0238729 0.0254871 0.027115 0.0287464 0.0303704 0.0319757 0.0335506 0.0350834 0.036562 0.0379748 0.03931 0.0405565 0.0417037 0.0427414 0.0436607 0.0444531 0.0451117 0.0456302 0.0460041 0.0462299 0.0463053 0.0462299 0.0460041 0.0456302 0.0451117 0.0444531 0.0436607 0.0427414 0.0417037 0.0405565 0.03931 0.0379748 0.036562 0.0350834 0.0335506 0.0319757 0.0303704 0.0287464 0.027115 0.0254871 0.0238729 0.0222821 0.0207233 0.0192047 0.0177333 0.0163154 0.0149562 0.0136601 0.0124304 0.0112696 0.0101795 0.00916086 0.00821378 0.00733771 0.0065315 0.00579348 0.00512155 0.00451329 0.00396599 0.00347681 0.00304277 0.00266093 0.00232837 0.0020423 0.00180013 0.00159949 0.0014383 0.00131481 0.00122763 0.00117573 
0.00124114 0.0012595 0.00131481 0.00140772 0.00153928 0.00171098 0.00192465 0.00218248 0.00248694 0.00284077 0.00324687 0.00370829 0.00422813 0.00480948 0.0054553 0.0061684 0.00695129 0.00780611 0.00873459 0.00973786 0.0108164 0.0119702 0.0131981 0.0144984 0.0158683 0.0173043 0.0188017 0.0203548 0.0219572 0.0236012 0.0252785 0.0269797 0.0286948 0.0304129 0.0321226 0.0338121 0.0354692 0.0370814 0.0386363 0.0401215 0.0415249 0.0428347 0.0440399 0.04513 0.0460954 0.0469276 0.0476191 0.0481635 0.0485561 0.048793 0.0488723 0.048793 0.0485561 0.0481635 0.0476191 0.0469276 0.0460954 0.04513 0.0440399 0.0428347 0.0415249 0.0401215 0.0386363 0.0370814 0.0354692 0.0338121 0.0321226 0.0304129 0.0286948 0.0269797 0.0252785 0.0236012 0.0219572 0.0203548 0.0188017 0.0173043 0.0158683 0.0144984 0.0131981 0.0119702 0.0108164 0.00973786 0.00873459 0.00780611 0.00695129 0.0061684 0.0054553 0.00480948 0.00422813 0.00370829 0.00324687 0.00284077 0.00248694 0.00218248 0.00192465 0.00171098 0.00153928 0.00140772 0.00131481 0.0012595 
0.00135821 0.00137817 0.0014383 0.00153928 0.00168226 0.0018688 0.00210088 0.00238081 0.00271125 0.00309509 0.00353543 0.00403551 0.00459861 0.00522799 0.00592678 0.00669792 0.00754405 0.00846739 0.00946969 0.0105521 0.0117151 0.0129584 0.0142809 0.0156805 0.0171543 0.0186982 0.0203072 0.0219753 0.0236954 0.0254593 0.027258 0.0290814 0.0309188 0.0327587 0.0345887 0.0363964 0.0381687 0.0398924 0.0415542 0.043141 0.0446399 0.0460386 0.0473251 0.0484885 0.0495187 0.0504065 0.0511441 0.0517248 0.0521435 0.0523962 0.0524807 0.0523962 0.0521435 0.0517248 0.0511441 0.0504065 0.0495187 0.0484885 0.0473251 0.0460386 0.0446399 0.043141 0.0415542 0.0398924 0.0381687 0.0363964 0.0345887 0.0327587 0.0309188 0.0290814 0.027258 0.0254593 0.0236954 0.0219753 0.0203072 0.0186982 0.0171543 0.0156805 0.0142809 0.0129584 0.0117151 0.0105521 0.00946969 0.00846739 0.00754405 0.00669792 0.00592678 0.00522799 0.00459861 0.00403551 0.00353543 0.00309509 0.00271125 0.00238081 0.00210088 0.0018688 0.00168226 0.00153928 0.0014383 0.00137817 
0.00151105 0.00153309 0.00159949 0.00171098 0.0018688 0.00207466 0.00233067 0.00263935 0.00300355 0.0034264 0.00391124 0.00446153 0.0050808 0.00577254 0.00654008 0.00738654 0.00831469 0.00932688 0.0104249 0.0116099 0.0128822 0.0142415 0.0156864 0.0172145 0.0188226 0.0205061 0.0222596 0.0240763 0.0259484 0.0278671 0.0298225 0.0318037 0.033799 0.0357959 0.0377812 0.0397413 0.0416621 0.0435294 0.0453289 0.0470466 0.0486686 0.0501815 0.0515728 0.0528306 0.0539441 0.0549036 0.0557005 0.0563279 0.0567801 0.057053 0.0571443 0.057053 0.0567801 0.0563279 0.0557005 0.0549036 0.0539441 0.0528306 0.0515728 0.0501815 0.0486686 0.0470466 0.0453289 0.0435294 0.0416621 0.0397413 0.0377812 0.0357959 0.033799 0.0318037 0.0298225 0.0278671 0.0259484 0.0240763 0.0222596 0.0205061 0.0188226 0.0172145 0.0156864 0.0142415 0.0128822 0.0116099 0.0104249 0.00932688 0.00831469 0.00738654 0.00654008 0.00577254 0.0050808 0.00446153 0.00391124 0.0034264 0.00300355 0.00263935 0.00233067 0.00207466 0.0018688 0.00171098 0.00159949 0.00153309 
0.00170133 0.00172596 0.00180013 0.00192465 0.00210088 0.00233067 0.00261634 0.00296063 0.00336666 0.00383781 0.00437773 0.00499016 0.00567893 0.00644777 0.0073003 0.00823983 0.00926931 0.0103912 0.0116073 0.0129188 0.014326 0.0158283 0.017424 0.0191105 0.0208839 0.0227393 0.0246704 0.0266698 0.0287289 0.0308378 0.0329857 0.0351606 0.0373497 0.0395393 0.041715 0.0438619 0.0459648 0.0480081 0.0499764 0.0518543 0.053627 0.0552799 0.0567994 0.0581727 0.0593881 0.0604351 0.0613047 0.0619891 0.0624824 0.0627801 0.0628796 0.0627801 0.0624824 0.0619891 0.0613047 0.0604351 0.0593881 0.0581727 0.0567994 0.0552799 0.053627 0.0518543 0.0499764 0.0480081 0.0459648 0.0438619 0.041715 0.0395393 0.0373497 0.0351606 0.0329857 0.0308378 0.0287289 0.0266698 0.0246704 0.0227393 0.0208839 0.0191105 0.017424 0.0158283 0.014326 0.0129188 0.0116073 0.0103912 0.00926931 0.00823983 0.0073003 0.00644777 0.00567893 0.00499016 0.00437773 0.00383781 0.00336666 0.00296063 0.00261634 0.00233067 0.00210088 0.00192465 0.00180013 0.00172596 
0.00193106 0.0019588 0.0020423 0.00218248 0.00238081 0.00263935 0.00296063 0.00334768 0.00380389 0.004333 0.00493896 0.00562589 0.00639793 0.00725914 0.00821342 0.00926433 0.010415 0.0116681 0.0130254 0.014488 0.0160562 0.0177291 0.0195048 0.02138 0.0233505 0.0254106 0.0275532 0.02977 0.0320514 0.0343864 0.0367631 0.0391681 0.0415873 0.0440056 0.0464072 0.0487757 0.0510944 0.0533462 0.0555144 0.0575822 0.0595332 0.0613517 0.0630229 0.0645328 0.0658688 0.0670195 0.0679749 0.0687267 0.0692685 0.0695955 0.0697049 0.0695955 0.0692685 0.0687267 0.0679749 0.0670195 0.0658688 0.0645328 0.0630229 0.0613517 0.0595332 0.0575822 0.0555144 0.0533462 0.0510944 0.0487757 0.0464072 0.0440056 0.0415873 0.0391681 0.0367631 0.0343864 0.0320514 0.02977 0.0275532 0.0254106 0.0233505 0.02138 0.0195048 0.0177291 0.0160562 0.014488 0.0130254 0.0116681 0.010415 0.00926433 0.00821342 0.00725914 0.00639793 0.00562589 0.00493896 0.004333 0.00380389 0.00334768 0.00296063 0.00263935 0.00238081 0.00218248 0.0020423 0.0019588 
0.00220251 0.00223389 0.00232837 0.00248694 0.00271125 0.00300355 0.00336666 0.00380389 0.00431901 0.0049161 0.00559952 0.00637377 0.00724337 0.00821276 0.00928614 0.0104674 0.0117598 0.0131661 0.0146883 0.0163275 0.0180835 0.0199554 0.0219408 0.0240359 0.0262359 0.0285341 0.0309227 0.0333922 0.0359319 0.0385295 0.0411717 0.0438436 0.0465296 0.0492129 0.0518761 0.0545012 0.0570696 0.0595627 0.061962 0.0642492 0.0664063 0.0684162 0.0702625 0.0719302 0.0734053 0.0746755 0.07573 0.0765596 0.0771575 0.0775182 0.0776388 0.0775182 0.0771575 0.0765596 0.07573 0.0746755 0.0734053 0.0719302 0.0702625 0.0684162 0.0664063 0.0642492 0.061962 0.0595627 0.0570696 0.0545012 0.0518761 0.0492129 0.0465296 0.0438436 0.0411717 0.0385295 0.0359319 0.0333922 0.0309227 0.0285341 0.0262359 0.0240359 0.0219408 0.0199554 0.0180835 0.0163275 0.0146883 0.0131661 0.0117598 0.0104674 0.00928614 0.00821276 0.00724337 0.00637377 0.00559952 0.0049161 0.00431901 0.00380389 0.00336666 0.00300355 0.00271125 0.00248694 0.00232837 0.00223389 
0.00251817 0.00255377 0.00266093 0.00284077 0.00309509 0.0034264 0.00383781 0.004333 0.0049161 0.00559163 0.00636438 0.00723928 0.00822129 0.00931524 0.0105257 0.0118568 0.0133122 0.0148947 0.0166062 0.0184478 0.0204193 0.0225193 0.0247449 0.0270918 0.0295542 0.0321248 0.0347944 0.0375525 0.040387 0.0432842 0.046229 0.049205 0.0521948 0.0551797 0.0581405 0.0610572 0.0639094 0.0666766 0.0693383 0.0718744 0.0742653 0.0764922 0.0785371 0.0803836 0.0820164 0.0834219 0.0845886 0.0855063 0.0861676 0.0865666 0.0866999 0.0865666 0.0861676 0.0855063 0.0845886 0.0834219 0.0820164 0.0803836 0.0785371 0.0764922 0.0742653 0.0718744 0.0693383 0.0666766 0.0639094 0.0610572 0.0581405 0.0551797 0.0521948 0.049205 0.046229 0.0432842 0.040387 0.0375525 0.0347944 0.0321248 0.0295542 0.0270918 0.0247449 0.0225193 0.0204193 0.0184478 0.0166062 0.0148947 0.0133122 0.0118568 0.0105257 0.00931524 0.00822129 0.00723928 0.00636438 0.00559163 0.0049161 0.004333 0.00383781 0.0034264 0.00309509 0.00284077 0.00266093 0.00255377 
0.00288073 0.00292114 0.00304277 0.00324687 0.00353543 0.00391124 0.00437773 0.00493896 0.00559952 0.00636438 0.00723881 0.00822822 0.00933805 0.0105736 0.0119397 0.013441 0.0150812 0.0168633 0.0187894 0.0208603 0.0230755 0.0254334 0.0279304 0.0305615 0.0333202 0.0361978 0.0391841 0.0422673 0.0454335 0.0486675 0.0519525 0.0552701 0.0586008 0.0619242 0.0652186 0.0684621 0.0716321 0.074706 0.0776614 0.0804759 0.0831282 0.0855975 0.0878642 0.0899103 0.091719 0.0932757 0.0945675 0.0955836 0.0963155 0.0967571 0.0969048 0.0967571 0.0963155 0.0955836 0.0945675 0.0932757 0.091719 0.0899103 0.0878642 0.0855975 0.0831282 0.0804759 0.0776614 0.074706 0.0716321 0.0684621 0.0652186 0.0619242 0.0586008 0.0552701 0.0519525 0.0486675 0.0454335 0.0422673 0.0391841 0.0361978 0.0333202 0.0305615 0.0279304 0.0254334 0.0230755 0.0208603 0.0187894 0.0168633 0.0150812 0.013441 0.0119397 0.0105736 0.00933805 0.00822822 0.00723881 0.00636438 0.00559952 0.00493896 0.00437773 0.00391124 0.00353543 0.00324687 0.00304277 0.00292114 
0.00329298 0.00333882 0.00347681 0.00370829 0.00403551 0.00446153 0.00499016 0.00562589 0.00637377 0.00723928 0.00822822 0.00934654 0.0106002 0.0119948 0.0135359 0.0152282 0.0170758 0.0190818 0.0212482 0.0235759 0.0260639 0.0287101 0.0315104 0.0344589 0.037548 0.0407679 0.0441071 0.0475521 0.0510874 0.0546959 0.0583587 0.0620555 0.0657646 0.069463 0.0731271 0.0767325 0.0802542 0.0836674 0.0869473 0.0900695 0.0930103 0.0957472 0.0982587 0.100525 0.102528 0.104251 0.105681 0.106805 0.107615 0.108103 0.108267 0.108103 0.107615 0.106805 0.105681 0.104251 0.102528 0.100525 0.0982587 0.0957472 0.0930103 0.0900695 0.0869473 0.0836674 0.0802542 0.0767325 0.0731271 0.069463 0.0657646 0.0620555 0.0583587 0.0546959 0.0510874 0.0475521 0.0441071 0.0407679 0.037548 0.0344589 0.0315104 0.0287101 0.0260639 0.0235759 0.0212482 0.0190818 0.0170758 0.0152282 0.0135359 0.0119948 0.0106002 0.00934654 0.00822822 0.00723928 0.00637377 0.00562589 0.00499016 0.00446153 0.00403551 0.00370829 0.00347681 0.00333882 
0.00375779 0.00380971 0.00396599 0.00422813 0.00459861 0.0050808 0.00567893 0.00639793 0.00724337 0.00822129 0.00933805 0.0106002 0.0120141 0.013586 0.0153219 0.0172267 0.0193049 0.0215597 0.023993 0.0266054 0.0293958 0.0323613 0.0354973 0.0387968 0.042251 0.045849 0.0495775 0.0534214 0.0573633 0.061384 0.0654625 0.069576 0.0737006 0.0778108 0.0818804 0.0858823 0.0897894 0.093574 0.0972089 0.100667 0.103924 0.106953 0.109732 0.112238 0.114453 0.116358 0.117938 0.11918 0.120075 0.120615 0.120795 0.120615 0.120075 0.11918 0.117938 0.116358 0.114453 0.112238 0.109732 0.106953 0.103924 0.100667 0.0972089 0.093574 0.0897894 0.0858823 0.0818804 0.0778108 0.0737006 0.069576 0.0654625 0.061384 0.0573633 0.0534214 0.0495775 0.045849 0.042251 0.0387968 0.0354973 0.0323613 0.0293958 0.0266054 0.023993 0.0215597 0.0193049 0.0172267 0.0153219 0.013586 0.0120141 0.0106002 0.00933805 0.00822129 0.00724337 0.00639793 0.00567893 0.0050808 0.00459861 0.00422813 0.00396599 0.00380971 
0.004278 0.00433668 0.00451329 0.00480948 0.00522799 0.00577254 0.00644777 0.00725914 0.00821276 0.00931524 0.0105736 0.0119948 0.013586 0.015354 0.017305 0.0194445 0.021777 0.0243059 0.027033 0.0299588 0.0330817 0.0363981 0.0399025 0.043587 0.0474414 0.0514533 0.0556077 0.0598876 0.0642736 0.0687442 0.073276 0.0778437 0.0824206 0.0869788 0.0914891 0.095922 0.100247 0.104435 0.108455 0.112278 0.115876 0.119221 0.122289 0.125055 0.127499 0.1296 0.131343 0.132712 0.133699 0.134294 0.134493 0.134294 0.133699 0.132712 0.131343 0.1296 0.127499 0.125055 0.122289 0.119221 0.115876 0.112278 0.108455 0.104435 0.100247 0.095922 0.0914891 0.0869788 0.0824206 0.0778437 0.073276 0.0687442 0.0642736 0.0598876 0.0556077 0.0514533 0.0474414 0.043587 0.0399025 0.0363981 0.0330817 0.0299588 0.027033 0.0243059 0.021777 0.0194445 0.017305 0.015354 0.013586 0.0119948 0.0105736 0.00931524 0.00821276 0.00725914 0.00644777 0.00577254 0.00522799 0.00480948 0.00451329 0.00433668 
0.00485638 0.00492252 0.00512155 0.0054553 0.00592678 0.00654008 0.0073003 0.00821342 0.00928614 0.0105257 0.0119397 0.0135359 0.0153219 0.017305 0.0194919 0.0218885 0.0244995 0.0273284 0.0303769 0.0336451 0.0371308 0.0408299 0.0447357 0.0488393 0.053129 0.0575907 0.0622077 0.0669606 0.071828 0.0767858 0.081808 0.0868667 0.0919323 0.096974 0.10196 0.106857 0.111633 0.116254 0.120688 0.124902 0.128867 0.132552 0.13593 0.138975 0.141664 0.143976 0.145892 0.147399 0.148483 0.149138 0.149356 0.149138 0.148483 0.147399 0.145892 0.143976 0.141664 0.138975 0.13593 0.132552 0.128867 0.124902 0.120688 0.116254 0.111633 0.106857 0.10196 0.096974 0.0919323 0.0868667 0.081808 0.0767858 0.071828 0.0669606 0.0622077 0.0575907 0.053129 0.0488393 0.0447357 0.0408299 0.0371308 0.0336451 0.0303769 0.0273284 0.0244995 0.0218885 0.0194919 0.017305 0.0153219 0.0135359 0.0119397 0.0105257 0.00928614 0.00821342 0.0073003 0.00654008 0.00592678 0.0054553 0.00512155 0.00492252 
0.00549555 0.00556986 0.00579348 0.0061684 0.00669792 0.00738654 0.00823983 0.00926433 0.0104674 0.0118568 0.013441 0.0152282 0.0172267 0.0194445 0.0218885 0.0245651 0.0274792 0.0306341 0.0340316 0.0376713 0.0415505 0.0456641 0.0500045 0.0545612 0.0593212 0.0642684 0.0693841 0.0746467 0.0800322 0.0855139 0.0910631 0.0966488 0.102239 0.107798 0.113293 0.118687 0.123944 0.129029 0.133904 0.138537 0.142893 0.14694 0.150648 0.15399 0.156939 0.159475 0.161576 0.163228 0.164417 0.165134 0.165374 0.165134 0.164417 0.163228 0.161576 0.159475 0.156939 0.15399 0.150648 0.14694 0.142893 0.138537 0.133904 0.129029 0.123944 0.118687 0.113293 0.107798 0.102239 0.0966488 0.0910631 0.0855139 0.0800322 0.0746467 0.0693841 0.0642684 0.0593212 0.0545612 0.0500045 0.0456641 0.0415505 0.0376713 0.0340316 0.0306341 0.0274792 0.0245651 0.0218885 0.0194445 0.0172267 0.0152282 0.013441 0.0118568 0.0104674 0.00926433 0.00823983 0.00738654 0.00669792 0.0061684 0.00579348 0.00556986 
0.00619786 0.00628109 0.0065315 0.00695129 0.00754405 0.00831469 0.00926931 0.010415 0.0117598 0.0133122 0.0150812 0.0170758 0.0193049 0.021777 0.0244995 0.0274792 0.0307209 0.0342282 0.0380025 0.0420429 0.046346 0.0509059 0.0557136 0.0607573 0.0660221 0.07149 0.0771401 0.0829482 0.0888878 0.0949293 0.101041 0.107189 0.113337 0.119448 0.125484 0.131406 0.137174 0.14275 0.148094 0.153169 0.157939 0.162368 0.166426 0.170081 0.173306 0.176078 0.178374 0.180179 0.181478 0.182262 0.182523 0.182262 0.181478 0.180179 0.178374 0.176078 0.173306 0.170081 0.166426 0.162368 0.157939 0.153169 0.148094 0.14275 0.137174 0.131406 0.125484 0.119448 0.113337 0.107189 0.101041 0.0949293 0.0888878 0.0829482 0.0771401 0.07149 0.0660221 0.0607573 0.0557136 0.0509059 0.046346 0.0420429 0.0380025 0.0342282 0.0307209 0.0274792 0.0244995 0.021777 0.0193049 0.0170758 0.0150812 0.0133122 0.0117598 0.010415 0.00926931 0.00831469 0.00754405 0.00695129 0.0065315 0.00628109 
0.00696538 0.00705826 0.00733771 0.00780611 0.00846739 0.00932688 0.0103912 0.0116681 0.0131661 0.0148947 0.0168633 0.0190818 0.0215597 0.0243059 0.0273284 0.0306341 0.0342282 0.0381141 0.0422927 0.0467627 0.05152 0.0565575 0.0618649 0.0674288 0.0732323 0.0792552 0.0854743 0.0918629 0.0983913 0.105027 0.111735 0.118478 0.125218 0.131912 0.13852 0.144999 0.151307 0.1574 0.163237 0.168778 0.173983 0.178815 0.183239 0.187222 0.190737 0.193756 0.196257 0.198223 0.199637 0.20049 0.200775 0.20049 0.199637 0.198223 0.196257 0.193756 0.190737 0.187222 0.183239 0.178815 0.173983 0.168778 0.163237 0.1574 0.151307 0.144999 0.13852 0.131912 0.125218 0.118478 0.111735 0.105027 0.0983913 0.0918629 0.0854743 0.0792552 0.0732323 0.0674288 0.0618649 0.0565575 0.05152 0.0467627 0.0422927 0.0381141 0.0342282 0.0306341 0.0273284 0.0243059 0.0215597 0.0190818 0.0168633 0.0148947 0.0131661 0.0116681 0.0103912 0.00932688 0.00846739 0.00780611 0.00733771 0.00705826 
0.00779972 0.00790302 0.00821378 0.00873459 0.00946969 0.0104249 0.0116073 0.0130254 0.0146883 0.0166062 0.0187894 0.0212482 0.023993 0.027033 0.0303769 0.0340316 0.0380025 0.0422927 0.0469029 0.0518311 0.0570722 0.062618 0.0684566 0.0745728 0.0809479 0.0875592 0.0943807 0.101383 0.108534 0.115797 0.123134 0.130504 0.137865 0.145173 0.152382 0.159445 0.166318 0.172953 0.179306 0.185334 0.190993 0.196245 0.201051 0.205378 0.209193 0.21247 0.215185 0.217317 0.218851 0.219776 0.220085 0.219776 0.218851 0.217317 0.215185 0.21247 0.209193 0.205378 0.201051 0.196245 0.190993 0.185334 0.179306 0.172953 0.166318 0.159445 0.152382 0.145173 0.137865 0.130504 0.123134 0.115797 0.108534 0.101383 0.0943807 0.0875592 0.0809479 0.0745728 0.0684566 0.062618 0.0570722 0.0518311 0.0469029 0.0422927 0.0380025 0.0340316 0.0303769 0.027033 0.023993 0.0212482 0.0187894 0.0166062 0.0146883 0.0130254 0.0116073 0.0104249 0.00946969 0.00873459 0.00821378 0.00790302 
0.00870206 0.00881652 0.00916086 0.00973786 0.0105521 0.0116099 0.0129188 0.014488 0.0163275 0.0184478 0.0208603 0.0235759 0.0266054 0.0299588 0.0336451 0.0376713 0.0420429 0.0467627 0.0518311 0.0572452 0.0629989 0.0690826 0.0754829 0.0821826 0.0891606 0.0963919 0.103848 0.111496 0.1193 0.127221 0.135218 0.143245 0.151257 0.159205 0.16704 0.174713 0.182174 0.189374 0.196264 0.202797 0.208928 0.214615 0.219818 0.2245 0.228627 0.232171 0.235106 0.23741 0.239068 0.240068 0.240402 0.240068 0.239068 0.23741 0.235106 0.232171 0.228627 0.2245 0.219818 0.214615 0.208928 0.202797 0.196264 0.189374 0.182174 0.174713 0.16704 0.159205 0.151257 0.143245 0.135218 0.127221 0.1193 0.111496 0.103848 0.0963919 0.0891606 0.0821826 0.0754829 0.0690826 0.0629989 0.0572452 0.0518311 0.0467627 0.0420429 0.0376713 0.0336451 0.0299588 0.0266054 0.0235759 0.0208603 0.0184478 0.0163275 0.014488 0.0129188 0.0116099 0.0105521 0.00973786 0.00916086 0.00881652 
0.00967298 0.00979936 0.0101795 0.0108164 0.0117151 0.0128822 0.014326 0.0160562 0.0180835 0.0204193 0.0230755 0.0260639 0.0293958 0.0330817 0.0371308 0.0415505 0.046346 0.05152 0.0570722 0.0629989 0.0692928 0.0759428 0.0829338 0.0902465 0.0978572 0.105739 0.113859 0.122182 0.130669 0.139277 0.14796 0.156671 0.16536 0.173973 0.182459 0.190764 0.198835 0.206618 0.214063 0.221118 0.227736 0.233872 0.239483 0.24453 0.248978 0.252796 0.255958 0.25844 0.260225 0.261302 0.261661 0.261302 0.260225 0.25844 0.255958 0.252796 0.248978 0.24453 0.239483 0.233872 0.227736 0.221118 0.214063 0.206618 0.198835 0.190764 0.182459 0.173973 0.16536 0.156671 0.14796 0.139277 0.130669 0.122182 0.113859 0.105739 0.0978572 0.0902465 0.0829338 0.0759428 0.0692928 0.0629989 0.0570722 0.05152 0.046346 0.0415505 0.0371308 0.0330817 0.0293958 0.0260639 0.0230755 0.0204193 0.0180835 0.0160562 0.014326 0.0128822 0.0117151 0.0108164 0.0101795 0.00979936 
0.0107124 0.0108514 0.0112696 0.0119702 0.0129584 0.0142415 0.0158283 0.0177291 0.0199554 0.0225193 0.0254334 0.0287101 0.0323613 0.0363981 0.0408299 0.0456641 0.0509059 0.0565575 0.062618 0.0690826 0.0759428 0.083186 0.0907949 0.098748 0.107019 0.115578 0.12439 0.133415 0.142612 0.151932 0.161328 0.170748 0.180136 0.189437 0.198594 0.20755 0.216248 0.224632 0.232646 0.240237 0.247355 0.253951 0.25998 0.265401 0.270177 0.274275 0.277668 0.280331 0.282247 0.283401 0.283787 0.283401 0.282247 0.280331 0.277668 0.274275 0.270177 0.265401 0.25998 0.253951 0.247355 0.240237 0.232646 0.224632 0.216248 0.20755 0.198594 0.189437 0.180136 0.170748 0.161328 0.151932 0.142612 0.133415 0.12439 0.115578 0.107019 0.098748 0.0907949 0.083186 0.0759428 0.0690826 0.062618 0.0565575 0.0509059 0.0456641 0.0408299 0.0363981 0.0323613 0.0287101 0.0254334 0.0225193 0.0199554 0.0177291 0.0158283 0.0142415 0.0129584 0.0119702 0.0112696 0.0108514 
0.0118196 0.011972 0.0124304 0.0131981 0.0142809 0.0156864 0.017424 0.0195048 0.0219408 0.0247449 0.0279304 0.0315104 0.0354973 0.0399025 0.0447357 0.0500045 0.0557136 0.0618649 0.0684566 0.0754829 0.0829338 0.0907949 0.0990469 0.107666 0.116623 0.125885 0.135413 0.145165 0.155094 0.165151 0.175281 0.185429 0.195537 0.205544 0.21539 0.225014 0.234354 0.243352 0.251948 0.260086 0.267713 0.274777 0.281231 0.287032 0.292142 0.296525 0.300152 0.302999 0.305047 0.306281 0.306693 0.306281 0.305047 0.302999 0.300152 0.296525 0.292142 0.287032 0.281231 0.274777 0.267713 0.260086 0.251948 0.243352 0.234354 0.225014 0.21539 0.205544 0.195537 0.185429 0.175281 0.165151 0.155094 0.145165 0.135413 0.125885 0.116623 0.107666 0.0990469 0.0907949 0.0829338 0.0754829 0.0684566 0.0618649 0.0557136 0.0500045 0.0447357 0.0399025 0.0354973 0.0315104 0.0279304 0.0247449 0.0219408 0.0195048 0.017424 0.0156864 0.0142809 0.0131981 0.0124304 0.011972 
0.0129931 0.0131595 0.0136601 0.0144984 0.0156805 0.0172145 0.0191105 0.02138 0.0240359 0.0270918 0.0305615 0.0344589 0.0387968 0.043587 0.0488393 0.0545612 0.0607573 0.0674288 0.0745728 0.0821826 0.0902465 0.098748 0.107666 0.116973 0.126639 0.136626 0.146892 0.157392 0.168075 0.178887 0.18977 0.200665 0.211508 0.222237 0.232785 0.243089 0.253084 0.262705 0.271892 0.280585 0.288728 0.296266 0.30315 0.309336 0.314782 0.319453 0.323317 0.326349 0.32853 0.329843 0.330282 0.329843 0.32853 0.326349 0.323317 0.319453 0.314782 0.309336 0.30315 0.296266 0.288728 0.280585 0.271892 0.262705 0.253084 0.243089 0.232785 0.222237 0.211508 0.200665 0.18977 0.178887 0.168075 0.157392 0.146892 0.136626 0.126639 0.116973 0.107666 0.098748 0.0902465 0.0821826 0.0745728 0.0674288 0.0607573 0.0545612 0.0488393 0.043587 0.0387968 0.0344589 0.0305615 0.0270918 0.0240359 0.02138 0.0191105 0.0172145 0.0156805 0.0144984 0.0136601 0.0131595 
0.0142304 0.0144115 0.0149562 0.0158683 0.0171543 0.0188226 0.0208839 0.0233505 0.0262359 0.0295542 0.0333202 0.037548 0.042251 0.0474414 0.053129 0.0593212 0.0660221 0.0732323 0.0809479 0.0891606 0.0978572 0.107019 0.116623 0.126639 0.137032 0.147763 0.158786 0.170052 0.181505 0.193089 0.20474 0.216395 0.227987 0.239448 0.25071 0.261703 0.272359 0.282611 0.292395 0.301647 0.310309 0.318325 0.325642 0.332214 0.337998 0.342957 0.347059 0.350276 0.35259 0.353984 0.354449 0.353984 0.35259 0.350276 0.347059 0.342957 0.337998 0.332214 0.325642 0.318325 0.310309 0.301647 0.292395 0.282611 0.272359 0.261703 0.25071 0.239448 0.227987 0.216395 0.20474 0.193089 0.181505 0.170052 0.158786 0.147763 0.137032 0.126639 0.116623 0.107019 0.0978572 0.0891606 0.0809479 0.0732323 0.0660221 0.0593212 0.053129 0.0474414 0.042251 0.037548 0.0333202 0.0295542 0.0262359 0.0233505 0.0208839 0.0188226 0.0171543 0.0158683 0.0149562 0.0144115 
0.0155284 0.0157248 0.0163154 0.0173043 0.0186982 0.0205061 0.0227393 0.0254106 0.0285341 0.0321248 0.0361978 0.0407679 0.045849 0.0514533 0.0575907 0.0642684 0.07149 0.0792552 0.0875592 0.0963919 0.105739 0.115578 0.125885 0.136626 0.147763 0.159254 0.171049 0.183094 0.195331 0.207698 0.220128 0.232553 0.244903 0.257104 0.269085 0.280772 0.292094 0.302981 0.313363 0.323177 0.332359 0.340852 0.348602 0.355559 0.361681 0.366927 0.371265 0.374668 0.377114 0.378587 0.379079 0.378587 0.377114 0.374668 0.371265 0.366927 0.361681 0.355559 0.348602 0.340852 0.332359 0.323177 0.313363 0.302981 0.292094 0.280772 0.269085 0.257104 0.244903 0.232553 0.220128 0.207698 0.195331 0.183094 0.171049 0.159254 0.147763 0.136626 0.125885 0.115578 0.105739 0.0963919 0.0875592 0.0792552 0.07149 0.0642684 0.0575907 0.0514533 0.045849 0.0407679 0.0361978 0.0321248 0.0285341 0.0254106 0.0227393 0.0205061 0.0186982 0.0173043 0.0163154 0.0157248 
0.016883 0.0170952 0.0177333 0.0188017 0.0203072 0.0222596 0.0246704 0.0275532 0.0309227 0.0347944 0.0391841 0.0441071 0.0495775 0.0556077 0.0622077 0.0693841 0.0771401 0.0854743 0.0943807 0.103848 0.113859 0.12439 0.135413 0.146892 0.158786 0.171049 0.183626 0.196461 0.209491 0.222649 0.235866 0.249067 0.262178 0.275124 0.287826 0.300209 0.312197 0.323717 0.334698 0.345071 0.354771 0.363739 0.371918 0.379258 0.385714 0.391245 0.395817 0.399403 0.40198 0.403532 0.404051 0.403532 0.40198 0.399403 0.395817 0.391245 0.385714 0.379258 0.371918 0.363739 0.354771 0.345071 0.334698 0.323717 0.312197 0.300209 0.287826 0.275124 0.262178 0.249067 0.235866 0.222649 0.209491 0.196461 0.183626 0.171049 0.158786 0.146892 0.135413 0.12439 0.113859 0.103848 0.0943807 0.0854743 0.0771401 0.0693841 0.0622077 0.0556077 0.0495775 0.0441071 0.0391841 0.0347944 0.0309227 0.0275532 0.0246704 0.0222596 0.0203072 0.0188017 0.0177333 0.0170952 
0.0182891 0.0185176 0.0192047 0.0203548 0.0219753 0.0240763 0.0266698 0.02977 0.0333922 0.0375525 0.0422673 0.0475521 0.0534214 0.0598876 0.0669606 0.0746467 0.0829482 0.0918629 0.101383 0.111496 0.122182 0.133415 0.145165 0.157392 0.170052 0.183094 0.196461 0.210092 0.22392 0.237874 0.251879 0.265857 0.279731 0.29342 0.306842 0.319919 0.33257 0.344719 0.356293 0.36722 0.377433 0.38687 0.395474 0.403191 0.409976 0.415788 0.420591 0.424356 0.427062 0.428692 0.429237 0.428692 0.427062 0.424356 0.420591 0.415788 0.409976 0.403191 0.395474 0.38687 0.377433 0.36722 0.356293 0.344719 0.33257 0.319919 0.306842 0.29342 0.279731 0.265857 0.251879 0.237874 0.22392 0.210092 0.196461 0.183094 0.170052 0.157392 0.145165 0.133415 0.122182 0.111496 0.101383 0.0918629 0.0829482 0.0746467 0.0669606 0.0598876 0.0534214 0.0475521 0.0422673 0.0375525 0.0333922 0.02977 0.0266698 0.0240763 0.0219753 0.0203548 0.0192047 0.0185176 
0.019741 0.0199861 0.0207233 0.0219572 0.0236954 0.0259484 0.0287289 0.0320514 0.0359319 0.040387 0.0454335 0.0510874 0.0573633 0.0642736 0.071828 0.0800322 0.0888878 0.0983913 0.108534 0.1193 0.130669 0.142612 0.155094 0.168075 0.181505 0.195331 0.209491 0.22392 0.238546 0.253295 0.268087 0.282841 0.297474 0.3119 0.326037 0.3398 0.353108 0.365879 0.378038 0.38951 0.400228 0.410126 0.419146 0.427234 0.434342 0.440428 0.445456 0.449397 0.452229 0.453935 0.454505 0.453935 0.452229 0.449397 0.445456 0.440428 0.434342 0.427234 0.419146 0.410126 0.400228 0.38951 0.378038 0.365879 0.353108 0.3398 0.326037 0.3119 0.297474 0.282841 0.268087 0.253295 0.238546 0.22392 0.209491 0.195331 0.181505 0.168075 0.155094 0.142612 0.130669 0.1193 0.108534 0.0983913 0.0888878 0.0800322 0.071828 0.0642736 0.0573633 0.0510874 0.0454335 0.040387 0.0359319 0.0320514 0.0287289 0.0259484 0.0236954 0.0219572 0.0207233 0.0199861 
0.0212316 0.0214938 0.0222821 0.0236012 0.0254593 0.0278671 0.0308378 0.0343864 0.0385295 0.0432842 0.0486675 0.0546959 0.061384 0.0687442 0.0767858 0.0855139 0.0949293 0.105027 0.115797 0.127221 0.139277 0.151932 0.165151 0.178887 0.193089 0.207698 0.222649 0.237874 0.253295 0.268834 0.284407 0.299929 0.315313 0.330469 0.345311 0.359751 0.373703 0.387085 0.399817 0.411825 0.423036 0.433384 0.44281 0.451259 0.458681 0.465033 0.470281 0.474393 0.477347 0.479126 0.47972 0.479126 0.477347 0.474393 0.470281 0.465033 0.458681 0.451259 0.44281 0.433384 0.423036 0.411825 0.399817 0.387085 0.373703 0.359751 0.345311 0.330469 0.315313 0.299929 0.284407 0.268834 0.253295 0.237874 0.222649 0.207698 0.193089 0.178887 0.165151 0.151932 0.139277 0.127221 0.115797 0.105027 0.0949293 0.0855139 0.0767858 0.0687442 0.061384 0.0546959 0.0486675 0.0432842 0.0385295 0.0343864 0.0308378 0.0278671 0.0254593 0.0236012 0.0222821 0.0214938 
0.0227536 0.023033 0.0238729 0.0252785 0.027258 0.0298225 0.0329857 0.0367631 0.0411717 0.046229 0.0519525 0.0583587 0.0654625 0.073276 0.081808 0.0910631 0.101041 0.111735 0.123134 0.135218 0.14796 0.161328 0.175281 0.18977 0.20474 0.220128 0.235866 0.251879 0.268087 0.284407 0.300752 0.317031 0.333153 0.349027 0.36456 0.379663 0.394246 0.408224 0.421516 0.434043 0.445734 0.45652 0.466339 0.475137 0.482863 0.489473 0.494932 0.499209 0.502281 0.504131 0.504749 0.504131 0.502281 0.499209 0.494932 0.489473 0.482863 0.475137 0.466339 0.45652 0.445734 0.434043 0.421516 0.408224 0.394246 0.379663 0.36456 0.349027 0.333153 0.317031 0.300752 0.284407 0.268087 0.251879 0.235866 0.220128 0.20474 0.18977 0.175281 0.161328 0.14796 0.135218 0.123134 0.111735 0.101041 0.0910631 0.081808 0.073276 0.0654625 0.0583587 0.0519525 0.046229 0.0411717 0.0367631 0.0329857 0.0298225 0.027258 0.0252785 0.0238729 0.023033 
0.0242983 0.0245951 0.0254871 0.0269797 0.0290814 0.0318037 0.0351606 0.0391681 0.0438436 0.049205 0.0552701 0.0620555 0.069576 0.0778437 0.0868667 0.0966488 0.107189 0.118478 0.130504 0.143245 0.156671 0.170748 0.185429 0.200665 0.216395 0.232553 0.249067 0.265857 0.282841 0.299929 0.317031 0.334052 0.350898 0.367472 0.383679 0.399427 0.414623 0.42918 0.443014 0.456045 0.468199 0.479407 0.489606 0.498739 0.506757 0.513615 0.519277 0.523712 0.526897 0.528814 0.529455 0.528814 0.526897 0.523712 0.519277 0.513615 0.506757 0.498739 0.489606 0.479407 0.468199 0.456045 0.443014 0.42918 0.414623 0.399427 0.383679 0.367472 0.350898 0.334052 0.317031 0.299929 0.282841 0.265857 0.249067 0.232553 0.216395 0.200665 0.185429 0.170748 0.156671 0.143245 0.130504 0.118478 0.107189 0.0966488 0.0868667 0.0778437 0.069576 0.0620555 0.0552701 0.049205 0.0438436 0.0391681 0.0351606 0.0318037 0.0290814 0.0269797 0.0254871 0.0245951 
0.0258567 0.0261708 0.027115 0.0286948 0.0309188 0.033799 0.0373497 0.0415873 0.0465296 0.0521948 0.0586008 0.0657646 0.0737006 0.0824206 0.0919323 0.102239 0.113337 0.125218 0.137865 0.151257 0.16536 0.180136 0.195537 0.211508 0.227987 0.244903 0.262178 0.279731 0.297474 0.315313 0.333153 0.350898 0.368447 0.385701 0.402563 0.418935 0.434724 0.449839 0.464195 0.47771 0.490309 0.501921 0.512483 0.521938 0.530234 0.537329 0.543184 0.547769 0.551061 0.553043 0.553705 0.553043 0.551061 0.547769 0.543184 0.537329 0.530234 0.521938 0.512483 0.501921 0.490309 0.47771 0.464195 0.449839 0.434724 0.418935 0.402563 0.385701 0.368447 0.350898 0.333153 0.315313 0.297474 0.279731 0.262178 0.244903 0.227987 0.211508 0.195537 0.180136 0.16536 0.151257 0.137865 0.125218 0.113337 0.102239 0.0919323 0.0824206 0.0737006 0.0657646 0.0586008 0.0521948 0.0465296 0.0415873 0.0373497 0.033799 0.0309188 0.0286948 0.027115 0.0261708 
0.0274188 0.0277502 0.0287464 0.0304129 0.0327587 0.0357959 0.0395393 0.0440056 0.0492129 0.0551797 0.0619242 0.069463 0.0778108 0.0869788 0.096974 0.107798 0.119448 0.131912 0.145173 0.159205 0.173973 0.189437 0.205544 0.222237 0.239448 0.257104 0.275124 0.29342 0.3119 0.330469 0.349027 0.367472 0.385701 0.403612 0.421104 0.438078 0.454436 0.470087 0.484942 0.49892 0.511943 0.52394 0.534848 0.544607 0.553168 0.560486 0.566524 0.571252 0.574646 0.576689 0.577371 0.576689 0.574646 0.571252 0.566524 0.560486 0.553168 0.544607 0.534848 0.52394 0.511943 0.49892 0.484942 0.470087 0.454436 0.438078 0.421104 0.403612 0.385701 0.367472 0.349027 0.330469 0.3119 0.29342 0.275124 0.257104 0.239448 0.222237 0.205544 0.189437 0.173973 0.159205 0.145173 0.131912 0.119448 0.107798 0.096974 0.0869788 0.0778108 0.069463 0.0619242 0.0551797 0.0492129 0.0440056 0.0395393 0.0357959 0.0327587 0.0304129 0.0287464 0.0277502 
0.0289743 0.0293228 0.0303704 0.0321226 0.0345887 0.0377812 0.041715 0.0464072 0.0518761 0.0581405 0.0652186 0.0731271 0.0818804 0.0914891 0.10196 0.113293 0.125484 0.13852 0.152382 0.16704 0.182459 0.198594 0.21539 0.232785 0.25071 0.269085 0.287826 0.306842 0.326037 0.345311 0.36456 0.383679 0.402563 0.421104 0.4392 0.456748 0.47365 0.489811 0.505141 0.519558 0.532984 0.545345 0.556579 0.566626 0.575436 0.582965 0.589175 0.594037 0.597526 0.599626 0.600327 0.599626 0.597526 0.594037 0.589175 0.582965 0.575436 0.566626 0.556579 0.545345 0.532984 0.519558 0.505141 0.489811 0.47365 0.456748 0.4392 0.421104 0.402563 0.383679 0.36456 0.345311 0.326037 0.306842 0.287826 0.269085 0.25071 0.232785 0.21539 0.198594 0.182459 0.16704 0.152382 0.13852 0.125484 0.113293 0.10196 0.0914891 0.0818804 0.0731271 0.0652186 0.0581405 0.0518761 0.0464072 0.041715 0.0377812 0.0345887 0.0321226 0.0303704 0.0293228 
0.0305123 0.0308777 0.0319757 0.0338121 0.0363964 0.0397413 0.0438619 0.0487757 0.0545012 0.0610572 0.0684621 0.0767325 0.0858823 0.095922 0.106857 0.118687 0.131406 0.144999 0.159445 0.174713 0.190764 0.20755 0.225014 0.243089 0.261703 0.280772 0.300209 0.319919 0.3398 0.359751 0.379663 0.399427 0.418935 0.438078 0.456748 0.474842 0.492259 0.508903 0.524683 0.539514 0.553318 0.566022 0.577562 0.587879 0.596922 0.604648 0.611018 0.616004 0.619582 0.621736 0.622454 0.621736 0.619582 0.616004 0.611018 0.604648 0.596922 0.587879 0.577562 0.566022 0.553318 0.539514 0.524683 0.508903 0.492259 0.474842 0.456748 0.438078 0.418935 0.399427 0.379663 0.359751 0.3398 0.319919 0.300209 0.280772 0.261703 0.243089 0.225014 0.20755 0.190764 0.174713 0.159445 0.144999 0.131406 0.118687 0.106857 0.095922 0.0858823 0.0767325 0.0684621 0.0610572 0.0545012 0.0487757 0.0438619 0.0397413 0.0363964 0.0338121 0.0319757 0.0308777 
0.0320217 0.0324034 0.0335506 0.0354692 0.0381687 0.0416621 0.0459648 0.0510944 0.0570696 0.0639094 0.0716321 0.0802542 0.0897894 0.100247 0.111633 0.123944 0.137174 0.151307 0.166318 0.182174 0.198835 0.216248 0.234354 0.253084 0.272359 0.292094 0.312197 0.33257 0.353108 0.373703 0.394246 0.414623 0.434724 0.454436 0.47365 0.492259 0.510161 0.527259 0.543461 0.55868 0.572838 0.585862 0.597688 0.608255 0.617515 0.625423 0.631943 0.637044 0.640704 0.642907 0.643642 0.642907 0.640704 0.637044 0.631943 0.625423 0.617515 0.608255 0.597688 0.585862 0.572838 0.55868 0.543461 0.527259 0.510161 0.492259 0.47365 0.454436 0.434724 0.414623 0.394246 0.373703 0.353108 0.33257 0.312197 0.292094 0.272359 0.253084 0.234354 0.216248 0.198835 0.182174 0.166318 0.151307 0.137174 0.123944 0.111633 0.100247 0.0897894 0.0802542 0.0716321 0.0639094 0.0570696 0.0510944 0.0459648 0.0416621 0.0381687 0.0354692 0.0335506 0.0324034 
0.033491 0.0338886 0.0350834 0.0370814 0.0398924 0.0435294 0.0480081 0.0533462 0.0595627 0.0666766 0.074706 0.0836674 0.093574 0.104435 0.116254 0.129029 0.14275 0.1574 0.172953 0.189374 0.206618 0.224632 0.243352 0.262705 0.282611 0.302981 0.323717 0.344719 0.365879 0.387085 0.408224 0.42918 0.449839 0.470087 0.489811 0.508903 0.527259 0.544781 0.561376 0.576956 0.591443 0.604763 0.616852 0.627652 0.637111 0.645188 0.651844 0.657051 0.660787 0.663034 0.663785 0.663034 0.660787 0.657051 0.651844 0.645188 0.637111 0.627652 0.616852 0.604763 0.591443 0.576956 0.561376 0.544781 0.527259 0.508903 0.489811 0.470087 0.449839 0.42918 0.408224 0.387085 0.365879 0.344719 0.323717 0.302981 0.282611 0.262705 0.243352 0.224632 0.206618 0.189374 0.172953 0.1574 0.14275 0.129029 0.116254 0.104435 0.093574 0.0836674 0.074706 0.0666766 0.0595627 0.0533462 0.0480081 0.0435294 0.0398924 0.0370814 0.0350834 0.0338886 
0.0349087 0.0353215 0.036562 0.0386363 0.0415542 0.0453289 0.0499764 0.0555144 0.061962 0.0693383 0.0776614 0.0869473 0.0972089 0.108455 0.120688 0.133904 0.148094 0.163237 0.179306 0.196264 0.214063 0.232646 0.251948 0.271892 0.292395 0.313363 0.334698 0.356293 0.378038 0.399817 0.421516 0.443014 0.464195 0.484942 0.505141 0.524683 0.543461 0.561376 0.578333 0.594247 0.609037 0.62263 0.634961 0.645973 0.655615 0.663845 0.670626 0.67593 0.679734 0.682023 0.682787 0.682023 0.679734 0.67593 0.670626 0.663845 0.655615 0.645973 0.634961 0.62263 0.609037 0.594247 0.578333 0.561376 0.543461 0.524683 0.505141 0.484942 0.464195 0.443014 0.421516 0.399817 0.378038 0.356293 0.334698 0.313363 0.292395 0.271892 0.251948 0.232646 0.214063 0.196264 0.179306 0.163237 0.148094 0.133904 0.120688 0.108455 0.0972089 0.0869473 0.0776614 0.0693383 0.061962 0.0555144 0.0499764 0.0453289 0.0415542 0.0386363 0.036562 0.0353215 
0.0362636 0.0366909 0.0379748 0.0401215 0.043141 0.0470466 0.0518543 0.0575822 0.0642492 0.0718744 0.0804759 0.0900695 0.100667 0.112278 0.124902 0.138537 0.153169 0.168778 0.185334 0.202797 0.221118 0.240237 0.260086 0.280585 0.301647 0.323177 0.345071 0.36722 0.38951 0.411825 0.434043 0.456045 0.47771 0.49892 0.519558 0.539514 0.55868 0.576956 0.594247 0.610466 0.625532 0.639374 0.651926 0.663131 0.672939 0.681308 0.688202 0.693593 0.697459 0.699785 0.700562 0.699785 0.697459 0.693593 0.688202 0.681308 0.672939 0.663131 0.651926 0.639374 0.625532 0.610466 0.594247 0.576956 0.55868 0.539514 0.519558 0.49892 0.47771 0.456045 0.434043 0.411825 0.38951 0.36722 0.345071 0.323177 0.301647 0.280585 0.260086 0.240237 0.221118 0.202797 0.185334 0.168778 0.153169 0.138537 0.124902 0.112278 0.100667 0.0900695 0.0804759 0.0718744 0.0642492 0.0575822 0.0518543 0.0470466 0.043141 0.0401215 0.0379748 0.0366909 
0.0375444 0.0379852 0.03931 0.0415249 0.0446399 0.0486686 0.053627 0.0595332 0.0664063 0.0742653 0.0831282 0.0930103 0.103924 0.115876 0.128867 0.142893 0.157939 0.173983 0.190993 0.208928 0.227736 0.247355 0.267713 0.288728 0.310309 0.332359 0.354771 0.377433 0.400228 0.423036 0.445734 0.468199 0.490309 0.511943 0.532984 0.553318 0.572838 0.591443 0.609037 0.625532 0.640849 0.654916 0.667666 0.679045 0.689002 0.697496 0.704492 0.709961 0.713883 0.716242 0.71703 0.716242 0.713883 0.709961 0.704492 0.697496 0.689002 0.679045 0.667666 0.654916 0.640849 0.625532 0.609037 0.591443 0.572838 0.553318 0.532984 0.511943 0.490309 0.468199 0.445734 0.423036 0.400228 0.377433 0.354771 0.332359 0.310309 0.288728 0.267713 0.247355 0.227736 0.208928 0.190993 0.173983 0.157939 0.142893 0.128867 0.115876 0.103924 0.0930103 0.0831282 0.0742653 0.0664063 0.0595332 0.053627 0.0486686 0.0446399 0.0415249 0.03931 0.0379852 
