1.1242e-07 1.23432e-07 1.58131e-07 2.21675e-07 3.23226e-07 4.76823e-07 7.02635e-07 1.02865e-06 1.49282e-06 2.14567e-06 3.05349e-06 4.30193e-06 6.00012e-06 8.28519e-06 1.1327e-05 1.53327e-05 2.05517e-05 2.7279e-05 3.58586e-05 4.66845e-05 6.02006e-05 7.68969e-05 9.73039e-05 0.000121983 0.000151512 0.000186471 0.000227418 0.000274867 0.000329259 0.000390936 0.00046011 0.000536836 0.000620983 0.000712218 0.000809984 0.000913498 0.00102174 0.00113349 0.00124729 0.00136154 0.00147448 0.00158428 0.00168904 0.00178687 0.00187595 0.00195457 0.00202119 0.00207447 0.00211332 0.00213696 0.0021449 0.00213696 0.00211332 0.00207447 0.00202119 0.00195457 0.00187595 0.00178687 0.00168904 0.00158428 0.00147448 0.00136154 0.00124729 0.00113349 0.00102174 0.000913498 0.000809984 0.000712218 0.000620983 0.000536836 0.00046011 0.000390936 0.000329259 0.000274867 0.000227418 0.000186471 0.000151512 0.000121983 9.73039e-05 7.68969e-05 6.02006e-05 4.66845e-05 3.58586e-05 2.7279e-05 2.05517e-05 1.53327e-05 1.1327e-05 8.28519e-06 6.00012e-06 4.30193e-06 3.05349e-06 2.14567e-06 1.49282e-06 1.02865e-06 7.02635e-07 4.76823e-07 3.23226e-07 2.21675e-07 1.58131e-07 1.23432e-07 
1.23432e-07 1.35482e-07 1.73445e-07 2.42937e-07 3.53936e-07 5.21712e-07 7.68196e-07 1.12379e-06 1.62967e-06 2.34064e-06 3.32846e-06 4.68583e-06 6.53068e-06 9.01106e-06 1.23101e-05 1.6651e-05 2.23021e-05 2.95803e-05 3.88548e-05 5.05481e-05 6.5135e-05 8.31395e-05 0.000105128 0.000131698 0.000163466 0.000201045 0.000245029 0.000295958 0.000354298 0.000420406 0.000494498 0.000576625 0.000666639 0.000764175 0.000868633 0.00097917 0.0010947 0.0012139 0.00133524 0.00145701 0.00157734 0.00169427 0.0018058 0.00190992 0.0020047 0.00208834 0.00215919 0.00221584 0.00225716 0.00228229 0.00229072 0.00228229 0.00225716 0.00221584 0.00215919 0.00208834 0.0020047 0.00190992 0.0018058 0.00169427 0.00157734 0.00145701 0.00133524 0.0012139 0.0010947 0.00097917 0.000868633 0.000764175 0.000666639 0.000576625 0.000494498 0.000420406 0.000354298 0.000295958 0.000245029 0.000201045 0.000163466 0.000131698 0.000105128 8.31395e-05 6.5135e-05 5.05481e-05 3.88548e-05 2.95803e-05 2.23021e-05 1.6651e-05 1.23101e-05 9.01106e-06 6.53068e-06 4.68583e-06 3.32846e-06 2.34064e-06 1.62967e-06 1.12379e-06 7.68196e-07 5.21712e-07 3.53936e-07 2.42937e-07 1.73445e-07 1.35482e-07 
1.58131e-07 1.73445e-07 2.21664e-07 3.09848e-07 4.50515e-07 6.62803e-07 9.74142e-07 1.42248e-06 2.05909e-06 2.95207e-06 4.19034e-06 5.88847e-06 8.19185e-06 1.12825e-05 1.53848e-05 2.07718e-05 2.77702e-05 3.67654e-05 4.82045e-05 6.25973e-05 8.05155e-05 0.000102587 0.000129488 0.00016193 0.000200643 0.00024635 0.000299743 0.000361454 0.000432015 0.000511829 0.00060113 0.000699949 0.000808083 0.000925072 0.00105018 0.00118237 0.00132036 0.00146254 0.00160711 0.00175202 0.00189508 0.00203396 0.00216631 0.00228977 0.00240209 0.00250113 0.002585 0.00265203 0.0027009 0.00273062 0.0027406 0.00273062 0.0027009 0.00265203 0.002585 0.00250113 0.00240209 0.00228977 0.00216631 0.00203396 0.00189508 0.00175202 0.00160711 0.00146254 0.00132036 0.00118237 0.00105018 0.000925072 0.000808083 0.000699949 0.00060113 0.000511829 0.000432015 0.000361454 0.000299743 0.00024635 0.000200643 0.00016193 0.000129488 0.000102587 8.05155e-05 6.25973e-05 4.82045e-05 3.67654e-05 2.77702e-05 2.07718e-05 1.53848e-05 1.12825e-05 8.19185e-06 5.88847e-06 4.19034e-06 2.95207e-06 2.05909e-06 1.42248e-06 9.74142e-07 6.62803e-07 4.50515e-07 3.09848e-07 2.21664e-07 1.73445e-07 
2.21675e-07 2.42937e-07 3.09848e-07 4.32072e-07 6.26732e-07 9.19954e-07 1.3491e-06 1.96573e-06 2.83931e-06 4.06182e-06 5.75305e-06 8.06675e-06 1.11975e-05 1.53879e-05 2.09364e-05 2.82042e-05 3.76224e-05 4.96974e-05 6.50143e-05 8.42378e-05 0.00010811 0.000137441 0.000173102 0.000216001 0.000267066 0.000327212 0.000397304 0.000478125 0.000570325 0.000674381 0.00079055 0.000918827 0.00105891 0.00121016 0.0013716 0.00154188 0.0017193 0.00190183 0.00208713 0.0022726 0.00245545 0.00263275 0.00280152 0.00295881 0.00310176 0.00322773 0.00333432 0.00341948 0.00348153 0.00351927 0.00353193 0.00351927 0.00348153 0.00341948 0.00333432 0.00322773 0.00310176 0.00295881 0.00280152 0.00263275 0.00245545 0.0022726 0.00208713 0.00190183 0.0017193 0.00154188 0.0013716 0.00121016 0.00105891 0.000918827 0.00079055 0.000674381 0.000570325 0.000478125 0.000397304 0.000327212 0.000267066 0.000216001 0.000173102 0.000137441 0.00010811 8.42378e-05 6.50143e-05 4.96974e-05 3.76224e-05 2.82042e-05 2.09364e-05 1.53879e-05 1.11975e-05 8.06675e-06 5.75305e-06 4.06182e-06 2.83931e-06 1.96573e-06 1.3491e-06 9.19954e-07 6.26732e-07 4.32072e-07 3.09848e-07 2.42937e-07 
3.23226e-07 3.53936e-07 4.50515e-07 6.26732e-07 9.06944e-07 1.32825e-06 1.94359e-06 2.82581e-06 4.07283e-06 5.81384e-06 8.21664e-06 1.14959e-05 1.59223e-05 2.18323e-05 2.9638e-05 3.98367e-05 5.30197e-05 6.98782e-05 9.12082e-05 0.00011791 0.000150982 0.000191515 0.000240667 0.000299646 0.000369674 0.000451947 0.000547591 0.000657605 0.000782808 0.000923781 0.0010808 0.00125381 0.00144233 0.00164545 0.00186183 0.00208961 0.00232652 0.00256982 0.00281642 0.00306286 0.00330548 0.00354043 0.0037638 0.00397175 0.00416058 0.00432684 0.00446742 0.00457968 0.00466145 0.00471115 0.00472783 0.00471115 0.00466145 0.00457968 0.00446742 0.00432684 0.00416058 0.00397175 0.0037638 0.00354043 0.00330548 0.00306286 0.00281642 0.00256982 0.00232652 0.00208961 0.00186183 0.00164545 0.00144233 0.00125381 0.0010808 0.000923781 0.000782808 0.000657605 0.000547591 0.000451947 0.000369674 0.000299646 0.000240667 0.000191515 0.000150982 0.00011791 9.12082e-05 6.98782e-05 5.30197e-05 3.98367e-05 2.9638e-05 2.18323e-05 1.59223e-05 1.14959e-05 8.21664e-06 5.81384e-06 4.07283e-06 2.82581e-06 1.94359e-06 1.32825e-06 9.06944e-07 6.26732e-07 4.50515e-07 3.53936e-07 
4.76823e-07 5.21712e-07 6.62803e-07 9.19954e-07 1.32825e-06 1.94104e-06 2.83428e-06 4.11224e-06 5.91468e-06 8.42549e-06 1.18827e-05 1.65901e-05 2.29291e-05 3.13725e-05 4.24974e-05 5.69974e-05 7.5694e-05 9.95443e-05 0.000129645 0.000167232 0.000213671 0.000270442 0.000339113 0.000421308 0.000518659 0.000632753 0.000765064 0.000916891 0.00108927 0.00128292 0.00149812 0.0017347 0.00199195 0.00226855 0.00256261 0.00287159 0.00319235 0.00352121 0.00385396 0.00418601 0.00451244 0.00482813 0.00512791 0.0054067 0.00565961 0.0058821 0.00607012 0.00622015 0.0063294 0.00639579 0.00641807 0.00639579 0.0063294 0.00622015 0.00607012 0.0058821 0.00565961 0.0054067 0.00512791 0.00482813 0.00451244 0.00418601 0.00385396 0.00352121 0.00319235 0.00287159 0.00256261 0.00226855 0.00199195 0.0017347 0.00149812 0.00128292 0.00108927 0.000916891 0.000765064 0.000632753 0.000518659 0.000421308 0.000339113 0.000270442 0.000213671 0.000167232 0.000129645 9.95443e-05 7.5694e-05 5.69974e-05 4.24974e-05 3.13725e-05 2.29291e-05 1.65901e-05 1.18827e-05 8.42549e-06 5.91468e-06 4.11224e-06 2.83428e-06 1.94104e-06 1.32825e-06 9.19954e-07 6.62803e-07 5.21712e-07 
7.02635e-07 7.68196e-07 9.74142e-07 1.3491e-06 1.94359e-06 2.83428e-06 4.13011e-06 5.98028e-06 8.58423e-06 1.22036e-05 1.71762e-05 2.39315e-05 3.30075e-05 4.50683e-05 6.0922e-05 8.15364e-05 0.000108053 0.000141798 0.000184282 0.000237203 0.000302426 0.000381964 0.000477939 0.000592535 0.00072793 0.000886225 0.00106936 0.00127901 0.00151648 0.00178264 0.00207776 0.0024015 0.00275277 0.0031297 0.00352961 0.00394902 0.00438364 0.00482845 0.00527781 0.00572553 0.00616504 0.00658954 0.00699218 0.00736621 0.0077052 0.00800318 0.00825481 0.0084555 0.00860157 0.00869031 0.00872008 0.00869031 0.00860157 0.0084555 0.00825481 0.00800318 0.0077052 0.00736621 0.00699218 0.00658954 0.00616504 0.00572553 0.00527781 0.00482845 0.00438364 0.00394902 0.00352961 0.0031297 0.00275277 0.0024015 0.00207776 0.00178264 0.00151648 0.00127901 0.00106936 0.000886225 0.00072793 0.000592535 0.000477939 0.000381964 0.000302426 0.000237203 0.000184282 0.000141798 0.000108053 8.15364e-05 6.0922e-05 4.50683e-05 3.30075e-05 2.39315e-05 1.71762e-05 1.22036e-05 8.58423e-06 5.98028e-06 4.13011e-06 2.83428e-06 1.94359e-06 1.3491e-06 9.74142e-07 7.68196e-07 
1.02865e-06 1.12379e-06 1.42248e-06 1.96573e-06 2.82581e-06 4.11224e-06 5.98028e-06 8.64208e-06 1.23805e-05 1.75655e-05 2.46735e-05 3.43081e-05 4.72232e-05 6.43464e-05 8.68019e-05 0.000115932 0.000153314 0.000200771 0.000260376 0.000334442 0.000425505 0.000536283 0.000669628 0.000828456 0.00101566 0.00123399 0.00148598 0.00177377 0.00209901 0.00246269 0.00286505 0.00330546 0.00378229 0.00429291 0.00483359 0.00539953 0.00598494 0.00658303 0.00718625 0.00778634 0.00837458 0.00894198 0.00947951 0.00997831 0.0104299 0.0108266 0.0111613 0.0114282 0.0116223 0.0117402 0.0117797 0.0117402 0.0116223 0.0114282 0.0111613 0.0108266 0.0104299 0.00997831 0.00947951 0.00894198 0.00837458 0.00778634 0.00718625 0.00658303 0.00598494 0.00539953 0.00483359 0.00429291 0.00378229 0.00330546 0.00286505 0.00246269 0.00209901 0.00177377 0.00148598 0.00123399 0.00101566 0.000828456 0.000669628 0.000536283 0.000425505 0.000334442 0.000260376 0.000200771 0.000153314 0.000115932 8.68019e-05 6.43464e-05 4.72232e-05 3.43081e-05 2.46735e-05 1.75655e-05 1.23805e-05 8.64208e-06 5.98028e-06 4.11224e-06 2.82581e-06 1.96573e-06 1.42248e-06 1.12379e-06 
1.49282e-06 1.62967e-06 2.05909e-06 2.83931e-06 4.07283e-06 5.91468e-06 8.58423e-06 1.23805e-05 1.77011e-05 2.50647e-05 3.51371e-05 4.87593e-05 6.69783e-05 9.1078e-05 0.000122609 0.000163417 0.000215659 0.000281823 0.000364722 0.000467484 0.000593518 0.000746463 0.000930114 0.00114832 0.00140489 0.00170339 0.00204708 0.00243866 0.00288015 0.00337268 0.00391636 0.00451012 0.00515161 0.0058371 0.00656148 0.00731824 0.00809955 0.0088964 0.00969872 0.0104956 0.0112757 0.012027 0.012738 0.013397 0.0139931 0.0145162 0.0149573 0.0153087 0.0155642 0.0157194 0.0157714 0.0157194 0.0155642 0.0153087 0.0149573 0.0145162 0.0139931 0.013397 0.012738 0.012027 0.0112757 0.0104956 0.00969872 0.0088964 0.00809955 0.00731824 0.00656148 0.0058371 0.00515161 0.00451012 0.00391636 0.00337268 0.00288015 0.00243866 0.00204708 0.00170339 0.00140489 0.00114832 0.000930114 0.000746463 0.000593518 0.000467484 0.000364722 0.000281823 0.000215659 0.000163417 0.000122609 9.1078e-05 6.69783e-05 4.87593e-05 3.51371e-05 2.50647e-05 1.77011e-05 1.23805e-05 8.58423e-06 5.91468e-06 4.07283e-06 2.83931e-06 2.05909e-06 1.62967e-06 
2.14567e-06 2.34064e-06 2.95207e-06 4.06182e-06 5.81384e-06 8.42549e-06 1.22036e-05 1.75655e-05 2.50647e-05 3.54211e-05 4.95558e-05 6.86291e-05 9.40806e-05 0.000127669 0.000171513 0.00022812 0.000300416 0.000391755 0.000505918 0.000647087 0.000819798 0.00102887 0.00127928 0.00157609 0.00192419 0.0023282 0.00279221 0.00331961 0.00391278 0.00457297 0.00530004 0.00609228 0.0069463 0.00785695 0.00881726 0.00981849 0.0108502 0.0119006 0.0129563 0.0140032 0.0150264 0.0160106 0.0169407 0.0178018 0.01858 0.0192622 0.0198371 0.0202948 0.0206276 0.0208295 0.0208972 0.0208295 0.0206276 0.0202948 0.0198371 0.0192622 0.01858 0.0178018 0.0169407 0.0160106 0.0150264 0.0140032 0.0129563 0.0119006 0.0108502 0.00981849 0.00881726 0.00785695 0.0069463 0.00609228 0.00530004 0.00457297 0.00391278 0.00331961 0.00279221 0.0023282 0.00192419 0.00157609 0.00127928 0.00102887 0.000819798 0.000647087 0.000505918 0.000391755 0.000300416 0.00022812 0.000171513 0.000127669 9.40806e-05 6.86291e-05 4.95558e-05 3.54211e-05 2.50647e-05 1.75655e-05 1.22036e-05 8.42549e-06 5.81384e-06 4.06182e-06 2.95207e-06 2.34064e-06 
3.05349e-06 3.32846e-06 4.19034e-06 5.75305e-06 8.21664e-06 1.18827e-05 1.71762e-05 2.46735e-05 3.51371e-05 4.95558e-05 6.91911e-05 9.56269e-05 0.000130822 0.00017716 0.000237502 0.000315224 0.000414246 0.000539045 0.000694642 0.000886566 0.00112078 0.00140359 0.00174148 0.00214093 0.00260824 0.00314923 0.00376902 0.00447171 0.00526011 0.00613544 0.00709715 0.00814262 0.00926705 0.0104634 0.0117223 0.0130321 0.0143791 0.0157479 0.0171212 0.0184807 0.0198074 0.0210817 0.0222844 0.0233965 0.0244004 0.0252798 0.0260203 0.0266094 0.0270375 0.0272973 0.0273843 0.0272973 0.0270375 0.0266094 0.0260203 0.0252798 0.0244004 0.0233965 0.0222844 0.0210817 0.0198074 0.0184807 0.0171212 0.0157479 0.0143791 0.0130321 0.0117223 0.0104634 0.00926705 0.00814262 0.00709715 0.00613544 0.00526011 0.00447171 0.00376902 0.00314923 0.00260824 0.00214093 0.00174148 0.00140359 0.00112078 0.000886566 0.000694642 0.000539045 0.000414246 0.000315224 0.000237502 0.00017716 0.000130822 9.56269e-05 6.91911e-05 4.95558e-05 3.51371e-05 2.46735e-05 1.71762e-05 1.18827e-05 8.21664e-06 5.75305e-06 4.19034e-06 3.32846e-06 
4.30193e-06 4.68583e-06 5.88847e-06 8.06675e-06 1.14959e-05 1.65901e-05 2.39315e-05 3.43081e-05 4.87593e-05 6.86291e-05 9.56269e-05 0.000131892 0.000180059 0.000243329 0.000325521 0.000431128 0.000565345 0.00073408 0.000943928 0.00120211 0.00151638 0.00189488 0.00234592 0.00287777 0.00349835 0.00421494 0.00503379 0.00595979 0.00699611 0.00814384 0.00940173 0.0107659 0.0122296 0.0137834 0.0154148 0.0171085 0.0188469 0.0206098 0.0223753 0.0241201 0.0258199 0.0274502 0.0289866 0.0304057 0.0316853 0.0328051 0.0337472 0.0344963 0.0350403 0.0353704 0.035481 0.0353704 0.0350403 0.0344963 0.0337472 0.0328051 0.0316853 0.0304057 0.0289866 0.0274502 0.0258199 0.0241201 0.0223753 0.0206098 0.0188469 0.0171085 0.0154148 0.0137834 0.0122296 0.0107659 0.00940173 0.00814384 0.00699611 0.00595979 0.00503379 0.00421494 0.00349835 0.00287777 0.00234592 0.00189488 0.00151638 0.00120211 0.000943928 0.00073408 0.000565345 0.000431128 0.000325521 0.000243329 0.000180059 0.000131892 9.56269e-05 6.86291e-05 4.87593e-05 3.43081e-05 2.39315e-05 1.65901e-05 1.14959e-05 8.06675e-06 5.88847e-06 4.68583e-06 
6.00012e-06 6.53068e-06 8.19185e-06 1.11975e-05 1.59223e-05 2.29291e-05 3.30075e-05 4.72232e-05 6.69783e-05 9.40806e-05 0.000130822 0.000180059 0.000245304 0.000330799 0.000441593 0.000583599 0.000763626 0.000989379 0.00126942 0.00161307 0.0020303 0.00253147 0.00312712 0.00382763 0.00464285 0.0055817 0.0066517 0.00785854 0.00920565 0.0106938 0.0123206 0.0140804 0.0159642 0.0179591 0.0200488 0.0222136 0.0244307 0.0266746 0.0289174 0.0311298 0.0332816 0.0353422 0.0372813 0.03907 0.040681 0.0420895 0.0432734 0.0442142 0.0448971 0.0453112 0.04545 0.0453112 0.0448971 0.0442142 0.0432734 0.0420895 0.040681 0.03907 0.0372813 0.0353422 0.0332816 0.0311298 0.0289174 0.0266746 0.0244307 0.0222136 0.0200488 0.0179591 0.0159642 0.0140804 0.0123206 0.0106938 0.00920565 0.00785854 0.0066517 0.0055817 0.00464285 0.00382763 0.00312712 0.00253147 0.0020303 0.00161307 0.00126942 0.000989379 0.000763626 0.000583599 0.000441593 0.000330799 0.000245304 0.000180059 0.000130822 9.40806e-05 6.69783e-05 4.72232e-05 3.30075e-05 2.29291e-05 1.59223e-05 1.11975e-05 8.19185e-06 6.53068e-06 
8.28519e-06 9.01106e-06 1.12825e-05 1.53879e-05 2.18323e-05 3.13725e-05 4.50683e-05 6.43464e-05 9.1078e-05 0.000127669 0.00017716 0.000243329 0.000330799 0.000445138 0.000592947 0.000781923 0.00102089 0.00131978 0.00168958 0.00214219 0.00269024 0.00334679 0.00412502 0.00503779 0.00609714 0.00731384 0.00869675 0.0102523 0.0119841 0.013892 0.0159724 0.0182171 0.0206138 0.0231457 0.0257916 0.0285263 0.0313209 0.0341431 0.0369585 0.0397305 0.0424217 0.0449945 0.0474121 0.0496392 0.0516426 0.0533923 0.0548618 0.0560287 0.0568752 0.0573884 0.0575603 0.0573884 0.0568752 0.0560287 0.0548618 0.0533923 0.0516426 0.0496392 0.0474121 0.0449945 0.0424217 0.0397305 0.0369585 0.0341431 0.0313209 0.0285263 0.0257916 0.0231457 0.0206138 0.0182171 0.0159724 0.013892 0.0119841 0.0102523 0.00869675 0.00731384 0.00609714 0.00503779 0.00412502 0.00334679 0.00269024 0.00214219 0.00168958 0.00131978 0.00102089 0.000781923 0.000592947 0.000445138 0.000330799 0.000243329 0.00017716 0.000127669 9.1078e-05 6.43464e-05 4.50683e-05 3.13725e-05 2.18323e-05 1.53879e-05 1.12825e-05 9.01106e-06 
1.1327e-05 1.23101e-05 1.53848e-05 2.09364e-05 2.9638e-05 4.24974e-05 6.0922e-05 8.68019e-05 0.000122609 0.000171513 0.000237502 0.000325521 0.000441593 0.000592947 0.000788119 0.00103701 0.00135094 0.00174256 0.00222581 0.0028157 0.00352804 0.00437908 0.00538508 0.00656173 0.00792357 0.00948333 0.0112513 0.0132344 0.0154361 0.0178552 0.0204858 0.0233167 0.0263315 0.0295082 0.0328198 0.0362344 0.0397157 0.0432237 0.0467159 0.0501474 0.0534728 0.0566465 0.059624 0.062363 0.0648238 0.0669706 0.0687719 0.0702013 0.0712376 0.0718656 0.072076 0.0718656 0.0712376 0.0702013 0.0687719 0.0669706 0.0648238 0.062363 0.059624 0.0566465 0.0534728 0.0501474 0.0467159 0.0432237 0.0397157 0.0362344 0.0328198 0.0295082 0.0263315 0.0233167 0.0204858 0.0178552 0.0154361 0.0132344 0.0112513 0.00948333 0.00792357 0.00656173 0.00538508 0.00437908 0.00352804 0.0028157 0.00222581 0.00174256 0.00135094 0.00103701 0.000788119 0.000592947 0.000441593 0.000325521 0.000237502 0.000171513 0.000122609 8.68019e-05 6.0922e-05 4.24974e-05 2.9638e-05 2.09364e-05 1.53848e-05 1.23101e-05 
1.53327e-05 1.6651e-05 2.07718e-05 2.82042e-05 3.98367e-05 5.69974e-05 8.15364e-05 0.000115932 0.000163417 0.00022812 0.000315224 0.000431128 0.000583599 0.000781923 0.00103701 0.00136148 0.00176966 0.00227751 0.00290251 0.00366334 0.00457959 0.00567121 0.00695797 0.00845876 0.0101908 0.012169 0.0144048 0.0169057 0.0196742 0.0227077 0.0259972 0.0295275 0.033277 0.0372175 0.0413149 0.0455291 0.0498154 0.0541248 0.0584053 0.0626028 0.0666626 0.0705303 0.0741529 0.0774803 0.0804658 0.0830674 0.0852483 0.0869774 0.0882304 0.0889893 0.0892435 0.0889893 0.0882304 0.0869774 0.0852483 0.0830674 0.0804658 0.0774803 0.0741529 0.0705303 0.0666626 0.0626028 0.0584053 0.0541248 0.0498154 0.0455291 0.0413149 0.0372175 0.033277 0.0295275 0.0259972 0.0227077 0.0196742 0.0169057 0.0144048 0.012169 0.0101908 0.00845876 0.00695797 0.00567121 0.00457959 0.00366334 0.00290251 0.00227751 0.00176966 0.00136148 0.00103701 0.000781923 0.000583599 0.000431128 0.000315224 0.00022812 0.000163417 0.000115932 8.15364e-05 5.69974e-05 3.98367e-05 2.82042e-05 2.07718e-05 1.6651e-05 
2.05517e-05 2.23021e-05 2.77702e-05 3.76224e-05 5.30197e-05 7.5694e-05 0.000108053 0.000153314 0.000215659 0.000300416 0.000414246 0.000565345 0.000763626 0.00102089 0.00135094 0.00176966 0.00229501 0.00294689 0.00374695 0.00471821 0.00588459 0.00727028 0.00889902 0.0107932 0.0129729 0.0154551 0.0182524 0.0213723 0.024816 0.0285784 0.0326466 0.0370003 0.0416115 0.0464444 0.0514563 0.056598 0.0618145 0.0670466 0.0722317 0.0773054 0.0822027 0.0868595 0.0912137 0.0952068 0.0987848 0.101899 0.104507 0.106572 0.108069 0.108974 0.109278 0.108974 0.108069 0.106572 0.104507 0.101899 0.0987848 0.0952068 0.0912137 0.0868595 0.0822027 0.0773054 0.0722317 0.0670466 0.0618145 0.056598 0.0514563 0.0464444 0.0416115 0.0370003 0.0326466 0.0285784 0.024816 0.0213723 0.0182524 0.0154551 0.0129729 0.0107932 0.00889902 0.00727028 0.00588459 0.00471821 0.00374695 0.00294689 0.00229501 0.00176966 0.00135094 0.00102089 0.000763626 0.000565345 0.000414246 0.000300416 0.000215659 0.000153314 0.000108053 7.5694e-05 5.30197e-05 3.76224e-05 2.77702e-05 2.23021e-05 
2.7279e-05 2.95803e-05 3.67654e-05 4.96974e-05 6.98782e-05 9.95443e-05 0.000141798 0.000200771 0.000281823 0.000391755 0.000539045 0.00073408 0.000989379 0.00131978 0.00174256 0.00227751 0.00294689 0.00377523 0.00478904 0.00601634 0.007486 0.00922697 0.0112673 0.0136333 0.0163478 0.0194298 0.0228927 0.0267433 0.030981 0.035597 0.0405735 0.0458838 0.0514919 0.0573531 0.0634147 0.0696165 0.0758923 0.0821711 0.0883789 0.0944395 0.100277 0.105817 0.110988 0.115722 0.119957 0.123639 0.126719 0.129157 0.130921 0.131989 0.132347 0.131989 0.130921 0.129157 0.126719 0.123639 0.119957 0.115722 0.110988 0.105817 0.100277 0.0944395 0.0883789 0.0821711 0.0758923 0.0696165 0.0634147 0.0573531 0.0514919 0.0458838 0.0405735 0.035597 0.030981 0.0267433 0.0228927 0.0194298 0.0163478 0.0136333 0.0112673 0.00922697 0.007486 0.00601634 0.00478904 0.00377523 0.00294689 0.00227751 0.00174256 0.00131978 0.000989379 0.00073408 0.000539045 0.000391755 0.000281823 0.000200771 0.000141798 9.95443e-05 6.98782e-05 4.96974e-05 3.67654e-05 2.95803e-05 
3.58586e-05 3.88548e-05 4.82045e-05 6.50143e-05 9.12082e-05 0.000129645 0.000184282 0.000260376 0.000364722 0.000505918 0.000694642 0.000943928 0.00126942 0.00168958 0.00222581 0.00290251 0.00374695 0.00478904 0.00606089 0.00759618 0.00942933 0.0115945 0.0141246 0.0170495 0.0203952 0.0241823 0.0284244 0.033127 0.0382866 0.0438895 0.0499116 0.0563183 0.0630641 0.0700939 0.0773431 0.0847395 0.0922039 0.0996526 0.106999 0.114154 0.12103 0.127543 0.13361 0.139155 0.144108 0.148408 0.152001 0.154843 0.156898 0.158141 0.158557 0.158141 0.156898 0.154843 0.152001 0.148408 0.144108 0.139155 0.13361 0.127543 0.12103 0.114154 0.106999 0.0996526 0.0922039 0.0847395 0.0773431 0.0700939 0.0630641 0.0563183 0.0499116 0.0438895 0.0382866 0.033127 0.0284244 0.0241823 0.0203952 0.0170495 0.0141246 0.0115945 0.00942933 0.00759618 0.00606089 0.00478904 0.00374695 0.00290251 0.00222581 0.00168958 0.00126942 0.000943928 0.000694642 0.000505918 0.000364722 0.000260376 0.000184282 0.000129645 9.12082e-05 6.50143e-05 4.82045e-05 3.88548e-05 
4.66845e-05 5.05481e-05 6.25973e-05 8.42378e-05 0.00011791 0.000167232 0.000237203 0.000334442 0.000467484 0.000647087 0.000886566 0.00120211 0.00161307 0.00214219 0.0028157 0.00366334 0.00471821 0.00601634 0.00759618 0.00949772 0.0117615 0.0144274 0.0175332 0.0211126 0.0251945 0.0298005 0.0349436 0.0406272 0.0468434 0.0535725 0.0607826 0.0684291 0.0764558 0.084795 0.0933691 0.102092 0.11087 0.119606 0.1282 0.136549 0.144555 0.152121 0.159154 0.165572 0.171295 0.176256 0.180397 0.183669 0.186033 0.187462 0.18794 0.187462 0.186033 0.183669 0.180397 0.176256 0.171295 0.165572 0.159154 0.152121 0.144555 0.136549 0.1282 0.119606 0.11087 0.102092 0.0933691 0.084795 0.0764558 0.0684291 0.0607826 0.0535725 0.0468434 0.0406272 0.0349436 0.0298005 0.0251945 0.0211126 0.0175332 0.0144274 0.0117615 0.00949772 0.00759618 0.00601634 0.00471821 0.00366334 0.0028157 0.00214219 0.00161307 0.00120211 0.000886566 0.000647087 0.000467484 0.000334442 0.000237203 0.000167232 0.00011791 8.42378e-05 6.25973e-05 5.05481e-05 
6.02006e-05 6.5135e-05 8.05155e-05 0.00010811 0.000150982 0.000213671 0.000302426 0.000425505 0.000593518 0.000819798 0.00112078 0.00151638 0.0020303 0.00269024 0.00352804 0.00457959 0.00588459 0.007486 0.00942933 0.0117615 0.0145298 0.0177799 0.0215545 0.0258915 0.0308216 0.036367 0.0425394 0.0493384 0.0567506 0.0647484 0.0732901 0.0823201 0.0917688 0.101555 0.111585 0.121759 0.131968 0.142099 0.152038 0.16167 0.170882 0.179569 0.187628 0.194966 0.2015 0.207156 0.21187 0.215591 0.218277 0.219901 0.220444 0.219901 0.218277 0.215591 0.21187 0.207156 0.2015 0.194966 0.187628 0.179569 0.170882 0.16167 0.152038 0.142099 0.131968 0.121759 0.111585 0.101555 0.0917688 0.0823201 0.0732901 0.0647484 0.0567506 0.0493384 0.0425394 0.036367 0.0308216 0.0258915 0.0215545 0.0177799 0.0145298 0.0117615 0.00942933 0.007486 0.00588459 0.00457959 0.00352804 0.00269024 0.0020303 0.00151638 0.00112078 0.000819798 0.000593518 0.000425505 0.000302426 0.000213671 0.000150982 0.00010811 8.05155e-05 6.5135e-05 
7.68969e-05 8.31395e-05 0.000102587 0.000137441 0.000191515 0.000270442 0.000381964 0.000536283 0.000746463 0.00102887 0.00140359 0.00189488 0.00253147 0.00334679 0.00437908 0.00567121 0.00727028 0.00922697 0.0115945 0.0144274 0.0177799 0.0217038 0.0262468 0.0314501 0.037346 0.0439564 0.05129 0.0593416 0.0680902 0.0774987 0.0875139 0.0980664 0.109072 0.120434 0.132043 0.14378 0.155523 0.167141 0.178507 0.189492 0.199972 0.20983 0.218956 0.22725 0.234621 0.240991 0.246293 0.250474 0.25349 0.255312 0.255922 0.255312 0.25349 0.250474 0.246293 0.240991 0.234621 0.22725 0.218956 0.20983 0.199972 0.189492 0.178507 0.167141 0.155523 0.14378 0.132043 0.120434 0.109072 0.0980664 0.0875139 0.0774987 0.0680902 0.0593416 0.05129 0.0439564 0.037346 0.0314501 0.0262468 0.0217038 0.0177799 0.0144274 0.0115945 0.00922697 0.00727028 0.00567121 0.00437908 0.00334679 0.00253147 0.00189488 0.00140359 0.00102887 0.000746463 0.000536283 0.000381964 0.000270442 0.000191515 0.000137441 0.000102587 8.31395e-05 
9.73039e-05 0.000105128 0.000129488 0.000173102 0.000240667 0.000339113 0.000477939 0.000669628 0.000930114 0.00127928 0.00174148 0.00234592 0.00312712 0.00412502 0.00538508 0.00695797 0.00889902 0.0112673 0.0141246 0.0175332 0.0215545 0.0262468 0.0316622 0.0378448 0.0448276 0.0526306 0.0612586 0.0706993 0.0809224 0.0918794 0.103503 0.115709 0.128396 0.141449 0.154742 0.16814 0.1815 0.194679 0.207533 0.219921 0.231709 0.242769 0.252984 0.262247 0.270465 0.277555 0.283449 0.28809 0.291436 0.293456 0.294131 0.293456 0.291436 0.28809 0.283449 0.277555 0.270465 0.262247 0.252984 0.242769 0.231709 0.219921 0.207533 0.194679 0.1815 0.16814 0.154742 0.141449 0.128396 0.115709 0.103503 0.0918794 0.0809224 0.0706993 0.0612586 0.0526306 0.0448276 0.0378448 0.0316622 0.0262468 0.0215545 0.0175332 0.0141246 0.0112673 0.00889902 0.00695797 0.00538508 0.00412502 0.00312712 0.00234592 0.00174148 0.00127928 0.000930114 0.000669628 0.000477939 0.000339113 0.000240667 0.000173102 0.000129488 0.000105128 
0.000121983 0.000131698 0.00016193 0.000216001 0.000299646 0.000421308 0.000592535 0.000828456 0.00114832 0.00157609 0.00214093 0.00287777 0.00382763 0.00503779 0.00656173 0.00845876 0.0107932 0.0136333 0.0170495 0.0211126 0.0258915 0.0314501 0.0378448 0.0451215 0.053313 0.062436 0.0724891 0.0834513 0.095281 0.107916 0.121272 0.135248 0.149725 0.164568 0.179632 0.194763 0.209803 0.224591 0.23897 0.252788 0.265898 0.278167 0.289471 0.299699 0.308754 0.316553 0.323027 0.328118 0.331786 0.333998 0.334737 0.333998 0.331786 0.328118 0.323027 0.316553 0.308754 0.299699 0.289471 0.278167 0.265898 0.252788 0.23897 0.224591 0.209803 0.194763 0.179632 0.164568 0.149725 0.135248 0.121272 0.107916 0.095281 0.0834513 0.0724891 0.062436 0.053313 0.0451215 0.0378448 0.0314501 0.0258915 0.0211126 0.0170495 0.0136333 0.0107932 0.00845876 0.00656173 0.00503779 0.00382763 0.00287777 0.00214093 0.00157609 0.00114832 0.000828456 0.000592535 0.000421308 0.000299646 0.000216001 0.00016193 0.000131698 
0.000151512 0.000163466 0.000200643 0.000267066 0.000369674 0.000518659 0.00072793 0.00101566 0.00140489 0.00192419 0.00260824 0.00349835 0.00464285 0.00609714 0.00792357 0.0101908 0.0129729 0.0163478 0.0203952 0.0251945 0.0308216 0.037346 0.0448276 0.053313 0.062833 0.0733994 0.0850027 0.097611 0.111169 0.125597 0.140796 0.156642 0.172996 0.189705 0.206603 0.223516 0.24027 0.256689 0.272602 0.287847 0.302269 0.315728 0.328096 0.339261 0.349125 0.357605 0.364632 0.370153 0.374125 0.376519 0.377319 0.376519 0.374125 0.370153 0.364632 0.357605 0.349125 0.339261 0.328096 0.315728 0.302269 0.287847 0.272602 0.256689 0.24027 0.223516 0.206603 0.189705 0.172996 0.156642 0.140796 0.125597 0.111169 0.097611 0.0850027 0.0733994 0.062833 0.053313 0.0448276 0.037346 0.0308216 0.0251945 0.0203952 0.0163478 0.0129729 0.0101908 0.00792357 0.00609714 0.00464285 0.00349835 0.00260824 0.00192419 0.00140489 0.00101566 0.00072793 0.000518659 0.000369674 0.000267066 0.000200643 0.000163466 
0.000186471 0.000201045 0.00024635 0.000327212 0.000451947 0.000632753 0.000886225 0.00123399 0.00170339 0.0023282 0.00314923 0.00421494 0.0055817 0.00731384 0.00948333 0.012169 0.0154551 0.0194298 0.0241823 0.0298005 0.036367 0.0439564 0.0526306 0.062436 0.0733994 0.0855257 0.0987951 0.113162 0.128556 0.144878 0.162008 0.179802 0.198099 0.216723 0.235488 0.254204 0.272677 0.290718 0.308145 0.324785 0.340479 0.355083 0.368467 0.380518 0.391142 0.400257 0.407798 0.413714 0.417966 0.420528 0.421384 0.420528 0.417966 0.413714 0.407798 0.400257 0.391142 0.380518 0.368467 0.355083 0.340479 0.324785 0.308145 0.290718 0.272677 0.254204 0.235488 0.216723 0.198099 0.179802 0.162008 0.144878 0.128556 0.113162 0.0987951 0.0855257 0.0733994 0.062436 0.0526306 0.0439564 0.036367 0.0298005 0.0241823 0.0194298 0.0154551 0.012169 0.00948333 0.00731384 0.0055817 0.00421494 0.00314923 0.0023282 0.00170339 0.00123399 0.000886225 0.000632753 0.000451947 0.000327212 0.00024635 0.000201045 
0.000227418 0.000245029 0.000299743 0.000397304 0.000547591 0.000765064 0.00106936 0.00148598 0.00204708 0.00279221 0.00376902 0.00503379 0.0066517 0.00869675 0.0112513 0.0144048 0.0182524 0.0228927 0.0284244 0.0349436 0.0425394 0.05129 0.0612586 0.0724891 0.0850027 0.0987951 0.113834 0.130058 0.147376 0.165671 0.184799 0.204593 0.22487 0.245431 0.266069 0.286576 0.306742 0.326366 0.345254 0.363229 0.380128 0.395804 0.41013 0.422996 0.434311 0.443999 0.452 0.458267 0.462767 0.465476 0.466381 0.465476 0.462767 0.458267 0.452 0.443999 0.434311 0.422996 0.41013 0.395804 0.380128 0.363229 0.345254 0.326366 0.306742 0.286576 0.266069 0.245431 0.22487 0.204593 0.184799 0.165671 0.147376 0.130058 0.113834 0.0987951 0.0850027 0.0724891 0.0612586 0.05129 0.0425394 0.0349436 0.0284244 0.0228927 0.0182524 0.0144048 0.0112513 0.00869675 0.0066517 0.00503379 0.00376902 0.00279221 0.00204708 0.00148598 0.00106936 0.000765064 0.000547591 0.000397304 0.000299743 0.000245029 
0.000274867 0.000295958 0.000361454 0.000478125 0.000657605 0.000916891 0.00127901 0.00177377 0.00243866 0.00331961 0.00447171 0.00595979 0.00785854 0.0102523 0.0132344 0.0169057 0.0213723 0.0267433 0.033127 0.0406272 0.0493384 0.0593416 0.0706993 0.0834513 0.097611 0.113162 0.130058 0.148217 0.167529 0.187853 0.20902 0.23084 0.253104 0.275591 0.298076 0.320331 0.342132 0.363267 0.383536 0.402757 0.420765 0.437416 0.452588 0.466176 0.478096 0.48828 0.496674 0.50324 0.507948 0.510781 0.511726 0.510781 0.507948 0.50324 0.496674 0.48828 0.478096 0.466176 0.452588 0.437416 0.420765 0.402757 0.383536 0.363267 0.342132 0.320331 0.298076 0.275591 0.253104 0.23084 0.20902 0.187853 0.167529 0.148217 0.130058 0.113162 0.097611 0.0834513 0.0706993 0.0593416 0.0493384 0.0406272 0.033127 0.0267433 0.0213723 0.0169057 0.0132344 0.0102523 0.00785854 0.00595979 0.00447171 0.00331961 0.00243866 0.00177377 0.00127901 0.000916891 0.000657605 0.000478125 0.000361454 0.000295958 
0.000329259 0.000354298 0.000432015 0.000570325 0.000782808 0.00108927 0.00151648 0.00209901 0.00288015 0.00391278 0.00526011 0.00699611 0.00920565 0.0119841 0.0154361 0.0196742 0.024816 0.030981 0.0382866 0.0468434 0.0567506 0.0680902 0.0809224 0.095281 0.111169 0.128556 0.147376 0.167529 0.18888 0.211263 0.234482 0.258323 0.282552 0.306926 0.331199 0.355127 0.378475 0.401021 0.422561 0.442911 0.461909 0.479417 0.495319 0.509519 0.521943 0.532532 0.541243 0.548046 0.552918 0.555846 0.556823 0.555846 0.552918 0.548046 0.541243 0.532532 0.521943 0.509519 0.495319 0.479417 0.461909 0.442911 0.422561 0.401021 0.378475 0.355127 0.331199 0.306926 0.282552 0.258323 0.234482 0.211263 0.18888 0.167529 0.147376 0.128556 0.111169 0.095281 0.0809224 0.0680902 0.0567506 0.0468434 0.0382866 0.030981 0.024816 0.0196742 0.0154361 0.0119841 0.00920565 0.00699611 0.00526011 0.00391278 0.00288015 0.00209901 0.00151648 0.00108927 0.000782808 0.000570325 0.000432015 0.000354298 
0.000390936 0.000420406 0.000511829 0.000674381 0.000923781 0.00128292 0.00178264 0.00246269 0.00337268 0.00457297 0.00613544 0.00814384 0.0106938 0.013892 0.0178552 0.0227077 0.0285784 0.035597 0.0438895 0.0535725 0.0647484 0.0774987 0.0918794 0.107916 0.125597 0.144878 0.165671 0.187853 0.211263 0.235707 0.260964 0.286792 0.312934 0.339123 0.365096 0.390595 0.415372 0.439202 0.461878 0.483219 0.503067 0.521294 0.537793 0.552482 0.565297 0.576192 0.585136 0.592108 0.597095 0.60009 0.601088 0.60009 0.597095 0.592108 0.585136 0.576192 0.565297 0.552482 0.537793 0.521294 0.503067 0.483219 0.461878 0.439202 0.415372 0.390595 0.365096 0.339123 0.312934 0.286792 0.260964 0.235707 0.211263 0.187853 0.165671 0.144878 0.125597 0.107916 0.0918794 0.0774987 0.0647484 0.0535725 0.0438895 0.035597 0.0285784 0.0227077 0.0178552 0.013892 0.0106938 0.00814384 0.00613544 0.00457297 0.00337268 0.00246269 0.00178264 0.00128292 0.000923781 0.000674381 0.000511829 0.000420406 
0.00046011 0.000494498 0.00060113 0.00079055 0.0010808 0.00149812 0.00207776 0.00286505 0.00391636 0.00530004 0.00709715 0.00940173 0.0123206 0.0159724 0.0204858 0.0259972 0.0326466 0.0405735 0.0499116 0.0607826 0.0732901 0.0875139 0.103503 0.121272 0.140796 0.162008 0.184799 0.20902 0.234482 0.260964 0.288216 0.31597 0.343942 0.371848 0.399406 0.426345 0.452411 0.477375 0.501032 0.523206 0.54375 0.562544 0.579497 0.594541 0.607626 0.618722 0.62781 0.634881 0.639932 0.642962 0.643972 0.642962 0.639932 0.634881 0.62781 0.618722 0.607626 0.594541 0.579497 0.562544 0.54375 0.523206 0.501032 0.477375 0.452411 0.426345 0.399406 0.371848 0.343942 0.31597 0.288216 0.260964 0.234482 0.20902 0.184799 0.162008 0.140796 0.121272 0.103503 0.0875139 0.0732901 0.0607826 0.0499116 0.0405735 0.0326466 0.0259972 0.0204858 0.0159724 0.0123206 0.00940173 0.00709715 0.00530004 0.00391636 0.00286505 0.00207776 0.00149812 0.0010808 0.00079055 0.00060113 0.000494498 
0.000536836 0.000576625 0.000699949 0.000918827 0.00125381 0.0017347 0.0024015 0.00330546 0.00451012 0.00609228 0.00814262 0.0107659 0.0140804 0.0182171 0.0233167 0.0295275 0.0370003 0.0458838 0.0563183 0.0684291 0.0823201 0.0980664 0.115709 0.135248 0.156642 0.179802 0.204593 0.23084 0.258323 0.286792 0.31597 0.345559 0.375256 0.404754 0.433757 0.461986 0.48918 0.515111 0.539579 0.562417 0.583489 0.602692 0.619949 0.635209 0.648441 0.65963 0.668772 0.675871 0.680934 0.683968 0.684979 0.683968 0.680934 0.675871 0.668772 0.65963 0.648441 0.635209 0.619949 0.602692 0.583489 0.562417 0.539579 0.515111 0.48918 0.461986 0.433757 0.404754 0.375256 0.345559 0.31597 0.286792 0.258323 0.23084 0.204593 0.179802 0.156642 0.135248 0.115709 0.0980664 0.0823201 0.0684291 0.0563183 0.0458838 0.0370003 0.0295275 0.0233167 0.0182171 0.0140804 0.0107659 0.00814262 0.00609228 0.00451012 0.00330546 0.0024015 0.0017347 0.00125381 0.000918827 0.000699949 0.000576625 
0.000620983 0.000666639 0.000808083 0.00105891 0.00144233 0.00199195 0.00275277 0.00378229 0.00515161 0.0069463 0.00926705 0.0122296 0.0159642 0.0206138 0.0263315 0.033277 0.0416115 0.0514919 0.0630641 0.0764558 0.0917688 0.109072 0.128396 0.149725 0.172996 0.198099 0.22487 0.253104 0.282552 0.312934 0.343942 0.375256 0.406547 0.437493 0.467785 0.497135 0.525283 0.552003 0.577102 0.600427 0.621857 0.641306 0.658716 0.674055 0.687311 0.698487 0.707595 0.714653 0.719678 0.722686 0.723688 0.722686 0.719678 0.714653 0.707595 0.698487 0.687311 0.674055 0.658716 0.641306 0.621857 0.600427 0.577102 0.552003 0.525283 0.497135 0.467785 0.437493 0.406547 0.375256 0.343942 0.312934 0.282552 0.253104 0.22487 0.198099 0.172996 0.149725 0.128396 0.109072 0.0917688 0.0764558 0.0630641 0.0514919 0.0416115 0.033277 0.0263315 0.0206138 0.0159642 0.0122296 0.00926705 0.0069463 0.00515161 0.00378229 0.00275277 0.00199195 0.00144233 0.00105891 0.000808083 0.000666639 
0.000712218 0.000764175 0.000925072 0.00121016 0.00164545 0.00226855 0.0031297 0.00429291 0.0058371 0.00785695 0.0104634 0.0137834 0.0179591 0.0231457 0.0295082 0.0372175 0.0464444 0.0573531 0.0700939 0.084795 0.101555 0.120434 0.141449 0.164568 0.189705 0.216723 0.245431 0.275591 0.306926 0.339123 0.371848 0.404754 0.437493 0.469727 0.501136 0.53143 0.560349 0.587673 0.613223 0.636858 0.658477 0.678013 0.695429 0.710714 0.723878 0.73494 0.743931 0.750881 0.755822 0.758776 0.759759 0.758776 0.755822 0.750881 0.743931 0.73494 0.723878 0.710714 0.695429 0.678013 0.658477 0.636858 0.613223 0.587673 0.560349 0.53143 0.501136 0.469727 0.437493 0.404754 0.371848 0.339123 0.306926 0.275591 0.245431 0.216723 0.189705 0.164568 0.141449 0.120434 0.101555 0.084795 0.0700939 0.0573531 0.0464444 0.0372175 0.0295082 0.0231457 0.0179591 0.0137834 0.0104634 0.00785695 0.0058371 0.00429291 0.0031297 0.00226855 0.00164545 0.00121016 0.000925072 0.000764175 
0.000809984 0.000868633 0.00105018 0.0013716 0.00186183 0.00256261 0.00352961 0.00483359 0.00656148 0.00881726 0.0117223 0.0154148 0.0200488 0.0257916 0.0328198 0.0413149 0.0514563 0.0634147 0.0773431 0.0933691 0.111585 0.132043 0.154742 0.179632 0.206603 0.235488 0.266069 0.298076 0.331199 0.365096 0.399406 0.433757 0.467785 0.501136 0.533486 0.564541 0.594046 0.621793 0.647614 0.671388 0.693034 0.712505 0.72979 0.744899 0.757861 0.768718 0.777515 0.7843 0.789114 0.791989 0.792944 0.791989 0.789114 0.7843 0.777515 0.768718 0.757861 0.744899 0.72979 0.712505 0.693034 0.671388 0.647614 0.621793 0.594046 0.564541 0.533486 0.501136 0.467785 0.433757 0.399406 0.365096 0.331199 0.298076 0.266069 0.235488 0.206603 0.179632 0.154742 0.132043 0.111585 0.0933691 0.0773431 0.0634147 0.0514563 0.0413149 0.0328198 0.0257916 0.0200488 0.0154148 0.0117223 0.00881726 0.00656148 0.00483359 0.00352961 0.00256261 0.00186183 0.0013716 0.00105018 0.000868633 
0.000913498 0.00097917 0.00118237 0.00154188 0.00208961 0.00287159 0.00394902 0.00539953 0.00731824 0.00981849 0.0130321 0.0171085 0.0222136 0.0285263 0.0362344 0.0455291 0.056598 0.0696165 0.0847395 0.102092 0.121759 0.14378 0.16814 0.194763 0.223516 0.254204 0.286576 0.320331 0.355127 0.390595 0.426345 0.461986 0.497135 0.53143 0.564541 0.596175 0.626088 0.654081 0.680005 0.703758 0.72528 0.74455 0.761579 0.7764 0.789066 0.799637 0.808176 0.814745 0.819395 0.822169 0.82309 0.822169 0.819395 0.814745 0.808176 0.799637 0.789066 0.7764 0.761579 0.74455 0.72528 0.703758 0.680005 0.654081 0.626088 0.596175 0.564541 0.53143 0.497135 0.461986 0.426345 0.390595 0.355127 0.320331 0.286576 0.254204 0.223516 0.194763 0.16814 0.14378 0.121759 0.102092 0.0847395 0.0696165 0.056598 0.0455291 0.0362344 0.0285263 0.0222136 0.0171085 0.0130321 0.00981849 0.00731824 0.00539953 0.00394902 0.00287159 0.00208961 0.00154188 0.00118237 0.00097917 
0.00102174 0.0010947 0.00132036 0.0017193 0.00232652 0.00319235 0.00438364 0.00598494 0.00809955 0.0108502 0.0143791 0.0188469 0.0244307 0.0313209 0.0397157 0.0498154 0.0618145 0.0758923 0.0922039 0.11087 0.131968 0.155523 0.1815 0.209803 0.24027 0.272677 0.306742 0.342132 0.378475 0.415372 0.452411 0.48918 0.525283 0.560349 0.594046 0.626088 0.656239 0.684315 0.710186 0.733772 0.755038 0.773986 0.790652 0.805093 0.817382 0.827599 0.835826 0.842136 0.846595 0.849249 0.850131 0.849249 0.846595 0.842136 0.835826 0.827599 0.817382 0.805093 0.790652 0.773986 0.755038 0.733772 0.710186 0.684315 0.656239 0.626088 0.594046 0.560349 0.525283 0.48918 0.452411 0.415372 0.378475 0.342132 0.306742 0.272677 0.24027 0.209803 0.1815 0.155523 0.131968 0.11087 0.0922039 0.0758923 0.0618145 0.0498154 0.0397157 0.0313209 0.0244307 0.0188469 0.0143791 0.0108502 0.00809955 0.00598494 0.00438364 0.00319235 0.00232652 0.0017193 0.00132036 0.0010947 
0.00113349 0.0012139 0.00146254 0.00190183 0.00256982 0.00352121 0.00482845 0.00658303 0.0088964 0.0119006 0.0157479 0.0206098 0.0266746 0.0341431 0.0432237 0.0541248 0.0670466 0.0821711 0.0996526 0.119606 0.142099 0.167141 0.194679 0.224591 0.256689 0.290718 0.326366 0.363267 0.401021 0.439202 0.477375 0.515111 0.552003 0.587673 0.621793 0.654081 0.684315 0.712328 0.73801 0.761304 0.782201 0.800726 0.816941 0.830925 0.842774 0.852586 0.860458 0.866479 0.870723 0.873247 0.874084 0.873247 0.870723 0.866479 0.860458 0.852586 0.842774 0.830925 0.816941 0.800726 0.782201 0.761304 0.73801 0.712328 0.684315 0.654081 0.621793 0.587673 0.552003 0.515111 0.477375 0.439202 0.401021 0.363267 0.326366 0.290718 0.256689 0.224591 0.194679 0.167141 0.142099 0.119606 0.0996526 0.0821711 0.0670466 0.0541248 0.0432237 0.0341431 0.0266746 0.0206098 0.0157479 0.0119006 0.0088964 0.00658303 0.00482845 0.00352121 0.00256982 0.00190183 0.00146254 0.0012139 
